Datetime,Open,High,Low,Close,Volume,Dividends,Stock Splits
2025-04-21 09:30:00-04:00,50.22999954223633,50.69990158081055,50.16999816894531,50.54999923706055,259584,0.0,0.0
2025-04-21 09:31:00-04:00,50.560001373291016,50.560001373291016,50.34000015258789,50.45000076293945,28218,0.0,0.0
2025-04-21 09:32:00-04:00,50.349998474121094,50.56999969482422,50.279998779296875,50.53499984741211,11024,0.0,0.0
2025-04-21 09:33:00-04:00,50.5,50.5,50.290000915527344,50.336700439453125,13319,0.0,0.0
2025-04-21 09:34:00-04:00,50.375,50.375,49.90999984741211,50.04999923706055,85537,0.0,0.0
2025-04-21 09:35:00-04:00,50.03260040283203,50.226600646972656,49.939998626708984,49.939998626708984,46382,0.0,0.0
2025-04-21 09:36:00-04:00,49.95000076293945,49.959999084472656,49.72710037231445,49.72710037231445,36451,0.0,0.0
2025-04-21 09:37:00-04:00,49.7588005065918,50.0,49.65999984741211,49.97999954223633,37935,0.0,0.0
2025-04-21 09:38:00-04:00,49.91999816894531,50.00920104980469,49.84000015258789,49.8849983215332,25039,0.0,0.0
2025-04-21 09:39:00-04:00,49.85639953613281,49.939998626708984,49.758399963378906,49.90999984741211,16160,0.0,0.0
2025-04-21 09:40:00-04:00,49.93899917602539,49.95000076293945,49.84000015258789,49.91999816894531,17246,0.0,0.0
2025-04-21 09:41:00-04:00,49.915000915527344,49.915000915527344,49.7400016784668,49.779998779296875,24136,0.0,0.0
2025-04-21 09:42:00-04:00,49.75,49.790000915527344,49.63999938964844,49.64500045776367,21493,0.0,0.0
2025-04-21 09:43:00-04:00,49.64500045776367,49.68000030517578,49.599998474121094,49.65999984741211,31613,0.0,0.0
2025-04-21 09:44:00-04:00,49.619998931884766,49.619998931884766,49.43000030517578,49.5,68281,0.0,0.0
2025-04-21 09:45:00-04:00,49.52000045776367,49.56999969482422,49.41999816894531,49.4900016784668,50612,0.0,0.0
2025-04-21 09:46:00-04:00,49.47999954223633,49.5099983215332,49.38999938964844,49.47999954223633,78984,0.0,0.0
2025-04-21 09:47:00-04:00,49.47999954223633,49.540000915527344,49.447601318359375,49.52000045776367,31186,0.0,0.0
2025-04-21 09:48:00-04:00,49.540000915527344,49.720001220703125,49.540000915527344,49.599998474121094,84363,0.0,0.0
2025-04-21 09:49:00-04:00,49.59000015258789,49.7599983215332,49.579200744628906,49.70500183105469,46265,0.0,0.0
2025-04-21 09:50:00-04:00,49.720001220703125,49.720001220703125,49.52000045776367,49.53499984741211,146185,0.0,0.0
2025-04-21 09:51:00-04:00,49.53499984741211,49.650001525878906,49.41999816894531,49.43000030517578,165293,0.0,0.0
2025-04-21 09:52:00-04:00,49.41999816894531,49.45000076293945,49.334999084472656,49.380001068115234,70361,0.0,0.0
2025-04-21 09:53:00-04:00,49.38999938964844,49.5099983215332,49.380001068115234,49.470001220703125,44817,0.0,0.0
2025-04-21 09:54:00-04:00,49.45000076293945,49.52000045776367,49.40999984741211,49.4900016784668,23623,0.0,0.0
2025-04-21 09:55:00-04:00,49.4900016784668,49.561500549316406,49.45000076293945,49.474998474121094,19661,0.0,0.0
2025-04-21 09:56:00-04:00,49.47999954223633,49.529998779296875,49.39500045776367,49.40999984741211,33857,0.0,0.0
2025-04-21 09:57:00-04:00,49.400001525878906,49.43000030517578,49.3650016784668,49.410099029541016,26926,0.0,0.0
2025-04-21 09:58:00-04:00,49.42499923706055,49.42499923706055,49.279998779296875,49.33000183105469,27087,0.0,0.0
2025-04-21 09:59:00-04:00,49.3390007019043,49.3390007019043,49.220001220703125,49.220001220703125,28372,0.0,0.0
2025-04-21 10:00:00-04:00,49.20000076293945,49.33000183105469,49.15999984741211,49.178001403808594,68463,0.0,0.0
2025-04-21 10:01:00-04:00,49.15999984741211,49.2400016784668,49.130699157714844,49.16999816894531,47458,0.0,0.0
2025-04-21 10:02:00-04:00,49.15999984741211,49.15999984741211,49.02000045776367,49.09000015258789,46524,0.0,0.0
2025-04-21 10:03:00-04:00,49.08000183105469,49.095001220703125,48.96500015258789,48.9900016784668,72009,0.0,0.0
2025-04-21 10:04:00-04:00,48.9900016784668,49.11000061035156,48.9900016784668,49.0984001159668,52179,0.0,0.0
2025-04-21 10:05:00-04:00,49.09000015258789,49.13999938964844,49.06999969482422,49.084999084472656,29512,0.0,0.0
2025-04-21 10:06:00-04:00,49.07500076293945,49.09000015258789,48.959999084472656,48.994998931884766,36078,0.0,0.0
2025-04-21 10:07:00-04:00,48.9900016784668,49.04999923706055,48.95000076293945,48.959800720214844,29469,0.0,0.0
2025-04-21 10:08:00-04:00,48.970001220703125,49.0099983215332,48.904998779296875,48.9900016784668,23449,0.0,0.0
2025-04-21 10:09:00-04:00,48.98500061035156,49.0099983215332,48.95000076293945,48.97999954223633,12793,0.0,0.0
2025-04-21 10:10:00-04:00,48.97999954223633,49.12990188598633,48.974998474121094,49.040000915527344,16991,0.0,0.0
2025-04-21 10:11:00-04:00,49.040000915527344,49.06999969482422,49.0099983215332,49.02989959716797,19206,0.0,0.0
2025-04-21 10:12:00-04:00,49.0099983215332,49.040000915527344,48.974998474121094,49.029998779296875,31456,0.0,0.0
2025-04-21 10:13:00-04:00,49.029998779296875,49.08000183105469,48.94499969482422,49.06999969482422,30597,0.0,0.0
2025-04-21 10:14:00-04:00,49.060001373291016,49.130001068115234,48.98500061035156,49.119998931884766,63906,0.0,0.0
2025-04-21 10:15:00-04:00,49.11000061035156,49.18000030517578,49.01499938964844,49.040000915527344,20685,0.0,0.0
2025-04-21 10:16:00-04:00,49.058998107910156,49.058998107910156,48.849998474121094,48.900001525878906,29258,0.0,0.0
2025-04-21 10:17:00-04:00,48.91999816894531,49.02000045776367,48.87099838256836,49.02000045776367,11201,0.0,0.0
2025-04-21 10:18:00-04:00,49.0099983215332,49.0099983215332,48.849998474121094,48.849998474121094,29033,0.0,0.0
2025-04-21 10:19:00-04:00,48.83000183105469,48.970001220703125,48.83000183105469,48.970001220703125,16463,0.0,0.0
2025-04-21 10:20:00-04:00,48.970001220703125,49.04999923706055,48.95000076293945,48.974998474121094,25959,0.0,0.0
2025-04-21 10:21:00-04:00,48.97990036010742,48.9900016784668,48.904998779296875,48.927398681640625,24793,0.0,0.0
2025-04-21 10:22:00-04:00,48.900001525878906,48.90999984741211,48.84000015258789,48.849998474121094,17194,0.0,0.0
2025-04-21 10:23:00-04:00,48.86000061035156,48.869998931884766,48.779998779296875,48.79999923706055,20727,0.0,0.0
2025-04-21 10:24:00-04:00,48.790000915527344,48.900001525878906,48.779998779296875,48.84000015258789,12699,0.0,0.0
2025-04-21 10:25:00-04:00,48.84000015258789,48.93000030517578,48.84000015258789,48.915000915527344,20020,0.0,0.0
2025-04-21 10:26:00-04:00,48.904998779296875,48.904998779296875,48.83000183105469,48.869998931884766,18412,0.0,0.0
2025-04-21 10:27:00-04:00,48.849998474121094,48.85499954223633,48.7400016784668,48.7400016784668,19325,0.0,0.0
2025-04-21 10:28:00-04:00,48.7400016784668,48.84000015258789,48.689998626708984,48.775001525878906,50431,0.0,0.0
2025-04-21 10:29:00-04:00,48.77000045776367,48.779998779296875,48.720001220703125,48.76499938964844,17868,0.0,0.0
2025-04-21 10:30:00-04:00,48.75,48.900001525878906,48.75,48.85499954223633,24928,0.0,0.0
2025-04-21 10:31:00-04:00,48.84000015258789,48.89500045776367,48.83000183105469,48.849998474121094,14355,0.0,0.0
2025-04-21 10:32:00-04:00,48.86000061035156,48.92499923706055,48.85879898071289,48.904998779296875,24756,0.0,0.0
2025-04-21 10:33:00-04:00,48.900001525878906,48.939998626708984,48.86000061035156,48.93000030517578,55780,0.0,0.0
2025-04-21 10:34:00-04:00,48.939998626708984,49.0,48.939998626708984,48.9900016784668,18130,0.0,0.0
2025-04-21 10:35:00-04:00,48.98500061035156,49.149898529052734,48.98500061035156,49.149898529052734,17077,0.0,0.0
2025-04-21 10:36:00-04:00,49.125,49.2400016784668,49.09000015258789,49.209999084472656,104580,0.0,0.0
2025-04-21 10:37:00-04:00,49.21500015258789,49.2599983215332,49.15570068359375,49.2599983215332,18796,0.0,0.0
2025-04-21 10:38:00-04:00,49.25,49.26499938964844,49.22999954223633,49.250099182128906,14178,0.0,0.0
2025-04-21 10:39:00-04:00,49.279998779296875,49.38999938964844,49.279998779296875,49.3849983215332,43074,0.0,0.0
2025-04-21 10:40:00-04:00,49.369998931884766,49.415000915527344,49.36000061035156,49.38990020751953,148113,0.0,0.0
2025-04-21 10:41:00-04:00,49.38999938964844,49.43000030517578,49.36000061035156,49.369998931884766,26005,0.0,0.0
2025-04-21 10:42:00-04:00,49.349998474121094,49.369998931884766,49.2599983215332,49.2599983215332,10885,0.0,0.0
2025-04-21 10:43:00-04:00,49.2599983215332,49.2599983215332,49.209999084472656,49.220001220703125,11409,0.0,0.0
2025-04-21 10:44:00-04:00,49.209999084472656,49.209999084472656,49.150001525878906,49.154998779296875,14013,0.0,0.0
2025-04-21 10:45:00-04:00,49.150001525878906,49.27000045776367,49.150001525878906,49.27000045776367,12693,0.0,0.0
2025-04-21 10:46:00-04:00,49.29209899902344,49.29999923706055,49.099998474121094,49.11000061035156,8799,0.0,0.0
2025-04-21 10:47:00-04:00,49.10499954223633,49.13999938964844,49.10499954223633,49.13999938964844,8719,0.0,0.0
2025-04-21 10:48:00-04:00,49.13999938964844,49.20000076293945,49.130001068115234,49.13999938964844,16729,0.0,0.0
2025-04-21 10:49:00-04:00,49.157501220703125,49.15999984741211,49.07500076293945,49.1150016784668,18529,0.0,0.0
2025-04-21 10:50:00-04:00,49.099998474121094,49.125,49.040000915527344,49.09000015258789,15754,0.0,0.0
2025-04-21 10:51:00-04:00,49.08000183105469,49.095001220703125,49.0099983215332,49.029998779296875,19548,0.0,0.0
2025-04-21 10:52:00-04:00,49.029998779296875,49.04999923706055,48.970001220703125,48.9900016784668,20728,0.0,0.0
2025-04-21 10:53:00-04:00,48.970001220703125,48.97999954223633,48.939998626708984,48.97999954223633,22319,0.0,0.0
2025-04-21 10:54:00-04:00,48.9900016784668,49.02000045776367,48.939998626708984,48.959999084472656,30874,0.0,0.0
2025-04-21 10:55:00-04:00,48.969200134277344,49.08000183105469,48.95000076293945,49.03559875488281,23153,0.0,0.0
2025-04-21 10:56:00-04:00,49.02880096435547,49.064998626708984,49.02880096435547,49.04499816894531,11194,0.0,0.0
2025-04-21 10:57:00-04:00,49.040000915527344,49.04999923706055,49.0099983215332,49.029998779296875,19678,0.0,0.0
2025-04-21 10:58:00-04:00,49.029998779296875,49.130001068115234,49.0,49.130001068115234,29362,0.0,0.0
2025-04-21 10:59:00-04:00,49.13999938964844,49.20000076293945,49.09000015258789,49.1349983215332,51782,0.0,0.0
2025-04-21 11:00:00-04:00,49.13959884643555,49.255001068115234,49.13959884643555,49.25,18306,0.0,0.0
2025-04-21 11:01:00-04:00,49.233001708984375,49.2400016784668,49.11000061035156,49.15999984741211,18013,0.0,0.0
2025-04-21 11:02:00-04:00,49.154998779296875,49.15999984741211,49.04999923706055,49.04999923706055,11543,0.0,0.0
2025-04-21 11:03:00-04:00,49.04999923706055,49.09000015258789,48.9900016784668,49.040000915527344,20112,0.0,0.0
2025-04-21 11:04:00-04:00,49.029998779296875,49.040401458740234,49.0,49.040000915527344,8926,0.0,0.0
2025-04-21 11:05:00-04:00,49.04999923706055,49.099998474121094,49.040000915527344,49.06999969482422,13581,0.0,0.0
2025-04-21 11:06:00-04:00,49.040000915527344,49.11000061035156,48.970001220703125,49.11000061035156,17557,0.0,0.0
2025-04-21 11:07:00-04:00,49.099998474121094,49.099998474121094,49.029998779296875,49.040000915527344,16504,0.0,0.0
2025-04-21 11:08:00-04:00,49.040000915527344,49.040000915527344,49.0099983215332,49.027000427246094,7910,0.0,0.0
2025-04-21 11:09:00-04:00,49.040000915527344,49.095001220703125,49.040000915527344,49.095001220703125,12988,0.0,0.0
2025-04-21 11:10:00-04:00,49.095001220703125,49.161598205566406,49.06999969482422,49.084999084472656,26128,0.0,0.0
2025-04-21 11:11:00-04:00,49.099998474121094,49.18000030517578,49.029998779296875,49.150001525878906,28889,0.0,0.0
2025-04-21 11:12:00-04:00,49.150001525878906,49.150001525878906,49.084999084472656,49.130001068115234,12141,0.0,0.0
2025-04-21 11:13:00-04:00,49.099998474121094,49.15119934082031,49.08000183105469,49.119998931884766,29876,0.0,0.0
2025-04-21 11:14:00-04:00,49.119998931884766,49.130001068115234,48.9900016784668,48.9900016784668,20983,0.0,0.0
2025-04-21 11:15:00-04:00,48.97999954223633,49.06999969482422,48.97999954223633,49.01499938964844,16501,0.0,0.0
2025-04-21 11:16:00-04:00,49.0,49.01499938964844,48.959999084472656,49.0,9277,0.0,0.0
2025-04-21 11:17:00-04:00,48.994998931884766,49.01499938964844,48.95500183105469,49.0,13201,0.0,0.0
2025-04-21 11:18:00-04:00,48.994998931884766,49.099998474121094,48.994998931884766,49.08000183105469,10631,0.0,0.0
2025-04-21 11:19:00-04:00,49.08000183105469,49.099998474121094,49.040000915527344,49.08000183105469,11747,0.0,0.0
2025-04-21 11:20:00-04:00,49.09000015258789,49.119998931884766,49.0,49.0,24690,0.0,0.0
2025-04-21 11:21:00-04:00,48.9900016784668,48.994998931884766,48.900001525878906,48.900001525878906,24050,0.0,0.0
2025-04-21 11:22:00-04:00,48.93000030517578,48.959999084472656,48.8849983215332,48.900001525878906,28156,0.0,0.0
2025-04-21 11:23:00-04:00,48.875,48.939998626708984,48.875,48.91999816894531,24432,0.0,0.0
2025-04-21 11:24:00-04:00,48.91999816894531,48.93000030517578,48.845001220703125,48.849998474121094,17689,0.0,0.0
2025-04-21 11:25:00-04:00,48.86000061035156,48.881099700927734,48.83000183105469,48.849998474121094,10136,0.0,0.0
2025-04-21 11:26:00-04:00,48.842201232910156,48.842201232910156,48.7599983215332,48.810001373291016,39191,0.0,0.0
2025-04-21 11:27:00-04:00,48.79999923706055,48.810001373291016,48.7400016784668,48.755401611328125,25608,0.0,0.0
2025-04-21 11:28:00-04:00,48.755001068115234,48.755001068115234,48.63999938964844,48.65999984741211,30819,0.0,0.0
2025-04-21 11:29:00-04:00,48.650001525878906,48.70000076293945,48.63600158691406,48.63999938964844,26064,0.0,0.0
2025-04-21 11:30:00-04:00,48.63999938964844,48.68000030517578,48.58000183105469,48.64500045776367,60780,0.0,0.0
2025-04-21 11:31:00-04:00,48.630001068115234,48.65999984741211,48.599998474121094,48.61000061035156,15230,0.0,0.0
2025-04-21 11:32:00-04:00,48.619998931884766,48.63999938964844,48.56010055541992,48.625,42997,0.0,0.0
2025-04-21 11:33:00-04:00,48.650001525878906,48.67879867553711,48.6150016784668,48.65999984741211,23900,0.0,0.0
2025-04-21 11:34:00-04:00,48.65999984741211,48.65999984741211,48.61000061035156,48.629600524902344,14719,0.0,0.0
2025-04-21 11:35:00-04:00,48.619998931884766,48.630001068115234,48.58000183105469,48.595001220703125,11568,0.0,0.0
2025-04-21 11:36:00-04:00,48.595001220703125,48.619998931884766,48.58000183105469,48.61000061035156,28864,0.0,0.0
2025-04-21 11:37:00-04:00,48.599998474121094,48.650001525878906,48.56999969482422,48.650001525878906,20181,0.0,0.0
2025-04-21 11:38:00-04:00,48.654998779296875,48.68000030517578,48.59000015258789,48.630001068115234,13583,0.0,0.0
2025-04-21 11:39:00-04:00,48.630001068115234,48.630001068115234,48.58000183105469,48.60499954223633,20066,0.0,0.0
2025-04-21 11:40:00-04:00,48.59000015258789,48.599998474121094,48.540000915527344,48.59000015258789,23857,0.0,0.0
2025-04-21 11:41:00-04:00,48.599998474121094,48.619998931884766,48.56999969482422,48.599998474121094,14233,0.0,0.0
2025-04-21 11:42:00-04:00,48.599998474121094,48.65999984741211,48.58000183105469,48.626399993896484,47923,0.0,0.0
2025-04-21 11:43:00-04:00,48.61000061035156,48.63999938964844,48.595001220703125,48.595001220703125,14053,0.0,0.0
2025-04-21 11:44:00-04:00,48.560001373291016,48.564998626708984,48.51559829711914,48.560001373291016,13730,0.0,0.0
2025-04-21 11:45:00-04:00,48.560001373291016,48.58000183105469,48.5099983215332,48.51959991455078,23766,0.0,0.0
2025-04-21 11:46:00-04:00,48.5099983215332,48.560001373291016,48.49980163574219,48.52000045776367,48776,0.0,0.0
2025-04-21 11:47:00-04:00,48.5099983215332,48.54499816894531,48.5099983215332,48.529998779296875,13194,0.0,0.0
2025-04-21 11:48:00-04:00,48.51499938964844,48.52009963989258,48.5,48.50120162963867,13649,0.0,0.0
2025-04-21 11:49:00-04:00,48.48500061035156,48.54999923706055,48.47999954223633,48.529998779296875,21340,0.0,0.0
2025-04-21 11:50:00-04:00,48.52000045776367,48.52000045776367,48.47999954223633,48.4900016784668,18542,0.0,0.0
2025-04-21 11:51:00-04:00,48.4900016784668,48.49380111694336,48.43000030517578,48.44499969482422,23538,0.0,0.0
2025-04-21 11:52:00-04:00,48.44139862060547,48.45000076293945,48.400001525878906,48.435001373291016,40176,0.0,0.0
2025-04-21 11:53:00-04:00,48.435001373291016,48.459999084472656,48.38999938964844,48.400001525878906,20211,0.0,0.0
2025-04-21 11:54:00-04:00,48.400001525878906,48.400001525878906,48.31999969482422,48.36000061035156,29866,0.0,0.0
2025-04-21 11:55:00-04:00,48.36000061035156,48.36000061035156,48.290000915527344,48.349998474121094,26174,0.0,0.0
2025-04-21 11:56:00-04:00,48.349998474121094,48.36000061035156,48.33000183105469,48.349998474121094,16987,0.0,0.0
2025-04-21 11:57:00-04:00,48.34000015258789,48.439998626708984,48.33219909667969,48.439998626708984,17435,0.0,0.0
2025-04-21 11:58:00-04:00,48.439998626708984,48.459999084472656,48.39680099487305,48.439998626708984,28567,0.0,0.0
2025-04-21 11:59:00-04:00,48.439998626708984,48.439998626708984,48.35150146484375,48.3849983215332,21491,0.0,0.0
2025-04-21 12:00:00-04:00,48.400001525878906,48.47999954223633,48.39500045776367,48.47999954223633,15615,0.0,0.0
2025-04-21 12:01:00-04:00,48.51900100708008,48.564998626708984,48.505001068115234,48.55270004272461,24808,0.0,0.0
2025-04-21 12:02:00-04:00,48.54999923706055,48.595001220703125,48.540000915527344,48.54999923706055,14518,0.0,0.0
2025-04-21 12:03:00-04:00,48.52009963989258,48.522499084472656,48.459999084472656,48.5099983215332,15706,0.0,0.0
2025-04-21 12:04:00-04:00,48.5099983215332,48.560001373291016,48.4900016784668,48.54029846191406,14134,0.0,0.0
2025-04-21 12:05:00-04:00,48.529998779296875,48.56999969482422,48.4900016784668,48.540000915527344,12702,0.0,0.0
2025-04-21 12:06:00-04:00,48.529998779296875,48.54999923706055,48.47999954223633,48.53499984741211,13936,0.0,0.0
2025-04-21 12:07:00-04:00,48.53499984741211,48.54999923706055,48.4900016784668,48.5,11168,0.0,0.0
2025-04-21 12:08:00-04:00,48.505001068115234,48.529998779296875,48.4900016784668,48.529998779296875,17242,0.0,0.0
2025-04-21 12:09:00-04:00,48.54199981689453,48.630401611328125,48.54199981689453,48.61989974975586,22104,0.0,0.0
2025-04-21 12:10:00-04:00,48.599998474121094,48.650001525878906,48.560001373291016,48.650001525878906,9138,0.0,0.0
2025-04-21 12:11:00-04:00,48.650001525878906,48.685001373291016,48.63959884643555,48.685001373291016,12528,0.0,0.0
2025-04-21 12:12:00-04:00,48.68000030517578,48.689998626708984,48.654998779296875,48.689998626708984,7995,0.0,0.0
2025-04-21 12:13:00-04:00,48.689998626708984,48.709999084472656,48.66999816894531,48.709999084472656,25612,0.0,0.0
2025-04-21 12:14:00-04:00,48.709999084472656,48.77000045776367,48.709999084472656,48.7598991394043,24777,0.0,0.0
2025-04-21 12:15:00-04:00,48.7578010559082,48.779998779296875,48.724998474121094,48.7599983215332,24076,0.0,0.0
2025-04-21 12:16:00-04:00,48.74760055541992,48.74760055541992,48.67259979248047,48.689998626708984,14171,0.0,0.0
2025-04-21 12:17:00-04:00,48.70000076293945,48.72999954223633,48.68000030517578,48.69089889526367,9228,0.0,0.0
2025-04-21 12:18:00-04:00,48.68000030517578,48.68000030517578,48.599998474121094,48.599998474121094,9607,0.0,0.0
2025-04-21 12:19:00-04:00,48.61000061035156,48.68000030517578,48.61000061035156,48.66999816894531,14943,0.0,0.0
2025-04-21 12:20:00-04:00,48.65959930419922,48.720001220703125,48.63999938964844,48.70500183105469,10512,0.0,0.0
2025-04-21 12:21:00-04:00,48.70500183105469,48.720001220703125,48.650001525878906,48.650001525878906,20512,0.0,0.0
2025-04-21 12:22:00-04:00,48.63999938964844,48.64500045776367,48.599998474121094,48.619998931884766,14621,0.0,0.0
2025-04-21 12:23:00-04:00,48.6150016784668,48.68899917602539,48.6150016784668,48.66999816894531,16265,0.0,0.0
2025-04-21 12:24:00-04:00,48.66999816894531,48.66999816894531,48.62409973144531,48.650001525878906,9859,0.0,0.0
2025-04-21 12:25:00-04:00,48.63999938964844,48.66999816894531,48.619998931884766,48.619998931884766,14979,0.0,0.0
2025-04-21 12:26:00-04:00,48.6349983215332,48.650001525878906,48.6150016784668,48.6150016784668,6161,0.0,0.0
2025-04-21 12:27:00-04:00,48.61000061035156,48.630001068115234,48.58000183105469,48.59199905395508,15477,0.0,0.0
2025-04-21 12:28:00-04:00,48.59000015258789,48.59000015258789,48.540000915527344,48.564998626708984,13602,0.0,0.0
2025-04-21 12:29:00-04:00,48.56999969482422,48.59000015258789,48.54999923706055,48.58000183105469,13546,0.0,0.0
2025-04-21 12:30:00-04:00,48.56999969482422,48.630001068115234,48.560001373291016,48.630001068115234,12499,0.0,0.0
2025-04-21 12:31:00-04:00,48.630001068115234,48.68980026245117,48.61000061035156,48.665000915527344,17910,0.0,0.0
2025-04-21 12:32:00-04:00,48.65999984741211,48.7400016784668,48.65999984741211,48.72999954223633,13173,0.0,0.0
2025-04-21 12:33:00-04:00,48.75,48.75,48.66999816894531,48.67499923706055,11990,0.0,0.0
2025-04-21 12:34:00-04:00,48.67499923706055,48.67499923706055,48.54499816894531,48.619998931884766,26613,0.0,0.0
2025-04-21 12:35:00-04:00,48.625,48.625,48.58000183105469,48.619998931884766,17057,0.0,0.0
2025-04-21 12:36:00-04:00,48.619998931884766,48.720001220703125,48.619998931884766,48.709999084472656,22865,0.0,0.0
2025-04-21 12:37:00-04:00,48.709999084472656,48.759700775146484,48.70000076293945,48.7400016784668,24707,0.0,0.0
2025-04-21 12:38:00-04:00,48.7400016784668,48.75,48.619998931884766,48.619998931884766,59296,0.0,0.0
2025-04-21 12:39:00-04:00,48.6150016784668,48.66999816894531,48.61000061035156,48.65999984741211,22958,0.0,0.0
2025-04-21 12:40:00-04:00,48.66999816894531,48.720001220703125,48.65999984741211,48.70000076293945,19607,0.0,0.0
2025-04-21 12:41:00-04:00,48.689998626708984,48.689998626708984,48.650001525878906,48.650001525878906,12390,0.0,0.0
2025-04-21 12:42:00-04:00,48.654998779296875,48.72999954223633,48.654998779296875,48.720001220703125,28937,0.0,0.0
2025-04-21 12:43:00-04:00,48.72999954223633,48.779998779296875,48.72999954223633,48.75,11546,0.0,0.0
2025-04-21 12:44:00-04:00,48.75,48.779998779296875,48.72999954223633,48.77000045776367,18649,0.0,0.0
2025-04-21 12:45:00-04:00,48.77000045776367,48.8135986328125,48.72999954223633,48.80500030517578,26579,0.0,0.0
2025-04-21 12:46:00-04:00,48.81999969482422,48.81999969482422,48.75,48.75,27534,0.0,0.0
2025-04-21 12:47:00-04:00,48.7400016784668,48.769100189208984,48.70000076293945,48.70000076293945,20812,0.0,0.0
2025-04-21 12:48:00-04:00,48.709999084472656,48.720001220703125,48.65999984741211,48.66999816894531,18897,0.0,0.0
2025-04-21 12:49:00-04:00,48.66999816894531,48.7400016784668,48.66999816894531,48.70000076293945,9166,0.0,0.0
2025-04-21 12:50:00-04:00,48.70500183105469,48.709999084472656,48.619998931884766,48.63090133666992,24527,0.0,0.0
2025-04-21 12:51:00-04:00,48.63999938964844,48.64979934692383,48.61000061035156,48.61000061035156,23745,0.0,0.0
2025-04-21 12:52:00-04:00,48.599998474121094,48.63999938964844,48.59000015258789,48.6349983215332,11297,0.0,0.0
2025-04-21 12:53:00-04:00,48.630001068115234,48.630001068115234,48.59000015258789,48.61000061035156,6791,0.0,0.0
2025-04-21 12:54:00-04:00,48.61000061035156,48.630001068115234,48.60499954223633,48.619998931884766,8503,0.0,0.0
2025-04-21 12:55:00-04:00,48.61000061035156,48.619998931884766,48.560001373291016,48.599998474121094,9674,0.0,0.0
2025-04-21 12:56:00-04:00,48.595001220703125,48.595001220703125,48.529998779296875,48.539798736572266,16938,0.0,0.0
2025-04-21 12:57:00-04:00,48.529998779296875,48.540000915527344,48.5099983215332,48.540000915527344,12346,0.0,0.0
2025-04-21 12:58:00-04:00,48.52000045776367,48.529998779296875,48.46009826660156,48.4900016784668,15377,0.0,0.0
2025-04-21 12:59:00-04:00,48.4900016784668,48.5,48.459999084472656,48.48500061035156,16339,0.0,0.0
2025-04-21 13:00:00-04:00,48.4900016784668,48.54999923706055,48.47999954223633,48.529998779296875,10425,0.0,0.0
2025-04-21 13:01:00-04:00,48.540000915527344,48.595001220703125,48.529998779296875,48.560001373291016,10586,0.0,0.0
2025-04-21 13:02:00-04:00,48.560001373291016,48.560001373291016,48.47999954223633,48.540000915527344,18305,0.0,0.0
2025-04-21 13:03:00-04:00,48.52000045776367,48.52000045776367,48.40999984741211,48.45000076293945,19410,0.0,0.0
2025-04-21 13:04:00-04:00,48.44499969482422,48.47999954223633,48.43000030517578,48.45000076293945,14845,0.0,0.0
2025-04-21 13:05:00-04:00,48.44499969482422,48.4900016784668,48.44499969482422,48.470001220703125,13402,0.0,0.0
2025-04-21 13:06:00-04:00,48.459999084472656,48.459999084472656,48.41960144042969,48.439998626708984,13832,0.0,0.0
2025-04-21 13:07:00-04:00,48.439998626708984,48.439998626708984,48.40999984741211,48.439998626708984,8516,0.0,0.0
2025-04-21 13:08:00-04:00,48.439998626708984,48.44990158081055,48.400001525878906,48.419700622558594,21641,0.0,0.0
2025-04-21 13:09:00-04:00,48.40999984741211,48.459999084472656,48.38999938964844,48.415000915527344,12717,0.0,0.0
2025-04-21 13:10:00-04:00,48.40999984741211,48.40999984741211,48.38999938964844,48.40999984741211,12818,0.0,0.0
2025-04-21 13:11:00-04:00,48.40999984741211,48.40999984741211,48.3849983215332,48.404998779296875,16314,0.0,0.0
2025-04-21 13:12:00-04:00,48.40999984741211,48.439998626708984,48.38999938964844,48.40010070800781,19711,0.0,0.0
2025-04-21 13:13:00-04:00,48.400001525878906,48.400001525878906,48.33000183105469,48.369998931884766,15352,0.0,0.0
2025-04-21 13:14:00-04:00,48.36000061035156,48.380001068115234,48.34000015258789,48.3760986328125,14269,0.0,0.0
2025-04-21 13:15:00-04:00,48.38999938964844,48.38999938964844,48.34000015258789,48.34000015258789,14137,0.0,0.0
2025-04-21 13:16:00-04:00,48.345001220703125,48.380001068115234,48.31480026245117,48.380001068115234,10679,0.0,0.0
2025-04-21 13:17:00-04:00,48.349998474121094,48.400001525878906,48.31999969482422,48.400001525878906,17975,0.0,0.0
2025-04-21 13:18:00-04:00,48.380001068115234,48.41999816894531,48.369998931884766,48.400001525878906,18639,0.0,0.0
2025-04-21 13:19:00-04:00,48.400001525878906,48.459999084472656,48.400001525878906,48.42499923706055,20479,0.0,0.0
2025-04-21 13:20:00-04:00,48.439998626708984,48.45000076293945,48.400001525878906,48.439998626708984,26853,0.0,0.0
2025-04-21 13:21:00-04:00,48.43000030517578,48.45000076293945,48.43000030517578,48.45000076293945,10486,0.0,0.0
2025-04-21 13:22:00-04:00,48.44990158081055,48.5099983215332,48.44990158081055,48.48500061035156,12561,0.0,0.0
2025-04-21 13:23:00-04:00,48.5,48.51969909667969,48.4900016784668,48.5099983215332,6174,0.0,0.0
2025-04-21 13:24:00-04:00,48.5099983215332,48.5099983215332,48.369998931884766,48.375,34453,0.0,0.0
2025-04-21 13:25:00-04:00,48.36000061035156,48.36000061035156,48.30500030517578,48.31999969482422,19563,0.0,0.0
2025-04-21 13:26:00-04:00,48.310001373291016,48.380001068115234,48.310001373291016,48.349998474121094,29395,0.0,0.0
2025-04-21 13:27:00-04:00,48.349998474121094,48.41999816894531,48.334999084472656,48.40999984741211,17661,0.0,0.0
2025-04-21 13:28:00-04:00,48.40999984741211,48.40999984741211,48.36000061035156,48.3650016784668,16355,0.0,0.0
2025-04-21 13:29:00-04:00,48.349998474121094,48.369998931884766,48.314998626708984,48.31999969482422,10763,0.0,0.0
2025-04-21 13:30:00-04:00,48.310001373291016,48.3650016784668,48.310001373291016,48.36000061035156,15254,0.0,0.0
2025-04-21 13:31:00-04:00,48.3650016784668,48.4197998046875,48.3650016784668,48.400001525878906,21625,0.0,0.0
2025-04-21 13:32:00-04:00,48.400001525878906,48.43000030517578,48.380001068115234,48.38999938964844,11785,0.0,0.0
2025-04-21 13:33:00-04:00,48.39500045776367,48.39500045776367,48.279998779296875,48.279998779296875,20797,0.0,0.0
2025-04-21 13:34:00-04:00,48.279998779296875,48.30500030517578,48.27000045776367,48.27000045776367,17279,0.0,0.0
2025-04-21 13:35:00-04:00,48.279998779296875,48.310001373291016,48.25,48.290000915527344,16075,0.0,0.0
2025-04-21 13:36:00-04:00,48.290000915527344,48.349998474121094,48.290000915527344,48.349998474121094,16384,0.0,0.0
2025-04-21 13:37:00-04:00,48.34000015258789,48.34000015258789,48.22999954223633,48.23500061035156,11087,0.0,0.0
2025-04-21 13:38:00-04:00,48.23500061035156,48.27000045776367,48.22999954223633,48.25,12890,0.0,0.0
2025-04-21 13:39:00-04:00,48.2400016784668,48.25,48.224998474121094,48.22999954223633,10154,0.0,0.0
2025-04-21 13:40:00-04:00,48.22999954223633,48.310001373291016,48.22999954223633,48.279998779296875,14514,0.0,0.0
2025-04-21 13:41:00-04:00,48.27000045776367,48.310001373291016,48.27000045776367,48.310001373291016,9829,0.0,0.0
2025-04-21 13:42:00-04:00,48.290000915527344,48.310001373291016,48.2400016784668,48.255001068115234,11571,0.0,0.0
2025-04-21 13:43:00-04:00,48.2400016784668,48.290000915527344,48.21500015258789,48.25,14430,0.0,0.0
2025-04-21 13:44:00-04:00,48.242401123046875,48.290000915527344,48.2400016784668,48.279998779296875,9294,0.0,0.0
2025-04-21 13:45:00-04:00,48.275001525878906,48.31999969482422,48.275001525878906,48.29999923706055,11256,0.0,0.0
2025-04-21 13:46:00-04:00,48.28369903564453,48.28499984741211,48.20000076293945,48.209999084472656,18279,0.0,0.0
2025-04-21 13:47:00-04:00,48.20000076293945,48.2400016784668,48.189998626708984,48.23699951171875,34278,0.0,0.0
2025-04-21 13:48:00-04:00,48.22999954223633,48.2599983215332,48.222599029541016,48.22999954223633,10073,0.0,0.0
2025-04-21 13:49:00-04:00,48.2400016784668,48.25,48.19499969482422,48.20000076293945,6827,0.0,0.0
2025-04-21 13:50:00-04:00,48.20000076293945,48.27000045776367,48.16999816894531,48.2599983215332,15309,0.0,0.0
2025-04-21 13:51:00-04:00,48.25,48.25,48.16999816894531,48.209999084472656,10121,0.0,0.0
2025-04-21 13:52:00-04:00,48.20399856567383,48.23500061035156,48.20399856567383,48.23500061035156,10370,0.0,0.0
2025-04-21 13:53:00-04:00,48.23500061035156,48.2400016784668,48.15999984741211,48.16999816894531,19364,0.0,0.0
2025-04-21 13:54:00-04:00,48.19499969482422,48.20000076293945,48.18000030517578,48.20000076293945,15072,0.0,0.0
2025-04-21 13:55:00-04:00,48.189998626708984,48.2400016784668,48.18000030517578,48.23500061035156,22313,0.0,0.0
2025-04-21 13:56:00-04:00,48.22999954223633,48.22999954223633,48.15999984741211,48.18000030517578,14716,0.0,0.0
2025-04-21 13:57:00-04:00,48.176998138427734,48.189998626708984,48.150001525878906,48.15999984741211,12265,0.0,0.0
2025-04-21 13:58:00-04:00,48.15999984741211,48.15999984741211,48.11000061035156,48.130001068115234,22802,0.0,0.0
2025-04-21 13:59:00-04:00,48.13779830932617,48.13999938964844,48.11000061035156,48.119998931884766,13521,0.0,0.0
2025-04-21 14:00:00-04:00,48.119998931884766,48.130001068115234,48.11000061035156,48.119998931884766,13296,0.0,0.0
2025-04-21 14:01:00-04:00,48.11000061035156,48.15999984741211,48.11000061035156,48.130001068115234,12667,0.0,0.0
2025-04-21 14:02:00-04:00,48.13999938964844,48.15999984741211,48.09000015258789,48.13999938964844,38239,0.0,0.0
2025-04-21 14:03:00-04:00,48.130001068115234,48.15999984741211,48.119998931884766,48.13999938964844,11756,0.0,0.0
2025-04-21 14:04:00-04:00,48.15549850463867,48.20000076293945,48.13999938964844,48.15999984741211,23932,0.0,0.0
2025-04-21 14:05:00-04:00,48.150001525878906,48.19499969482422,48.150001525878906,48.16999816894531,9896,0.0,0.0
2025-04-21 14:06:00-04:00,48.1609992980957,48.27000045776367,48.150001525878906,48.26210021972656,17697,0.0,0.0
2025-04-21 14:07:00-04:00,48.27000045776367,48.29399871826172,48.220001220703125,48.220001220703125,15784,0.0,0.0
2025-04-21 14:08:00-04:00,48.220001220703125,48.33000183105469,48.220001220703125,48.3296012878418,11406,0.0,0.0
2025-04-21 14:09:00-04:00,48.334999084472656,48.34000015258789,48.290000915527344,48.339698791503906,23692,0.0,0.0
2025-04-21 14:10:00-04:00,48.33000183105469,48.33000183105469,48.2599983215332,48.279998779296875,15357,0.0,0.0
2025-04-21 14:11:00-04:00,48.27000045776367,48.356998443603516,48.27000045776367,48.3400993347168,16233,0.0,0.0
2025-04-21 14:12:00-04:00,48.349998474121094,48.369998931884766,48.290000915527344,48.369998931884766,16990,0.0,0.0
2025-04-21 14:13:00-04:00,48.36000061035156,48.36000061035156,48.33000183105469,48.349998474121094,10893,0.0,0.0
2025-04-21 14:14:00-04:00,48.349998474121094,48.38999938964844,48.33000183105469,48.369998931884766,12852,0.0,0.0
2025-04-21 14:15:00-04:00,48.366798400878906,48.375,48.31999969482422,48.359901428222656,16598,0.0,0.0
2025-04-21 14:16:00-04:00,48.34000015258789,48.369998931884766,48.32500076293945,48.349998474121094,12919,0.0,0.0
2025-04-21 14:17:00-04:00,48.354698181152344,48.40119934082031,48.342201232910156,48.38999938964844,15779,0.0,0.0
2025-04-21 14:18:00-04:00,48.38999938964844,48.439998626708984,48.38999938964844,48.43000030517578,12294,0.0,0.0
2025-04-21 14:19:00-04:00,48.43000030517578,48.43000030517578,48.3650016784668,48.39500045776367,16720,0.0,0.0
2025-04-21 14:20:00-04:00,48.39500045776367,48.409698486328125,48.335601806640625,48.36989974975586,23977,0.0,0.0
2025-04-21 14:21:00-04:00,48.36000061035156,48.400001525878906,48.33000183105469,48.400001525878906,18660,0.0,0.0
2025-04-21 14:22:00-04:00,48.400001525878906,48.400001525878906,48.369998931884766,48.400001525878906,7307,0.0,0.0
2025-04-21 14:23:00-04:00,48.38999938964844,48.43000030517578,48.36000061035156,48.43000030517578,21928,0.0,0.0
2025-04-21 14:24:00-04:00,48.439998626708984,48.439998626708984,48.40999984741211,48.415000915527344,12634,0.0,0.0
2025-04-21 14:25:00-04:00,48.415000915527344,48.415000915527344,48.3650016784668,48.369998931884766,16211,0.0,0.0
2025-04-21 14:26:00-04:00,48.380001068115234,48.404998779296875,48.369998931884766,48.404998779296875,10152,0.0,0.0
2025-04-21 14:27:00-04:00,48.400001525878906,48.44969940185547,48.400001525878906,48.41120147705078,10753,0.0,0.0
2025-04-21 14:28:00-04:00,48.40999984741211,48.41999816894531,48.38999938964844,48.41999816894531,12389,0.0,0.0
2025-04-21 14:29:00-04:00,48.40999984741211,48.44499969482422,48.38999938964844,48.43000030517578,12686,0.0,0.0
2025-04-21 14:30:00-04:00,48.43000030517578,48.52000045776367,48.43000030517578,48.52000045776367,12641,0.0,0.0
2025-04-21 14:31:00-04:00,48.5099983215332,48.595001220703125,48.5099983215332,48.529998779296875,25063,0.0,0.0
2025-04-21 14:32:00-04:00,48.5099983215332,48.5099983215332,48.459999084472656,48.459999084472656,19072,0.0,0.0
2025-04-21 14:33:00-04:00,48.470001220703125,48.54999923706055,48.470001220703125,48.540000915527344,19511,0.0,0.0
2025-04-21 14:34:00-04:00,48.54999923706055,48.569801330566406,48.5099983215332,48.540000915527344,22036,0.0,0.0
2025-04-21 14:35:00-04:00,48.54999923706055,48.6150016784668,48.529998779296875,48.61000061035156,20306,0.0,0.0
2025-04-21 14:36:00-04:00,48.61000061035156,48.61000061035156,48.53499984741211,48.540000915527344,27299,0.0,0.0
2025-04-21 14:37:00-04:00,48.54499816894531,48.564998626708984,48.525001525878906,48.564998626708984,12581,0.0,0.0
2025-04-21 14:38:00-04:00,48.56999969482422,48.61600112915039,48.56999969482422,48.595001220703125,12218,0.0,0.0
2025-04-21 14:39:00-04:00,48.599700927734375,48.599700927734375,48.560001373291016,48.58000183105469,12218,0.0,0.0
2025-04-21 14:40:00-04:00,48.58000183105469,48.589900970458984,48.4900016784668,48.5099983215332,20443,0.0,0.0
2025-04-21 14:41:00-04:00,48.5,48.5,48.439998626708984,48.470001220703125,17643,0.0,0.0
2025-04-21 14:42:00-04:00,48.460201263427734,48.47999954223633,48.44499969482422,48.45000076293945,9595,0.0,0.0
2025-04-21 14:43:00-04:00,48.45000076293945,48.4900016784668,48.439998626708984,48.45500183105469,13671,0.0,0.0
2025-04-21 14:44:00-04:00,48.45500183105469,48.47999954223633,48.45500183105469,48.46500015258789,10354,0.0,0.0
2025-04-21 14:45:00-04:00,48.45000076293945,48.5099983215332,48.45000076293945,48.470001220703125,28341,0.0,0.0
2025-04-21 14:46:00-04:00,48.46260070800781,48.470001220703125,48.40999984741211,48.415000915527344,12440,0.0,0.0
2025-04-21 14:47:00-04:00,48.40999984741211,48.45000076293945,48.349998474121094,48.349998474121094,21778,0.0,0.0
2025-04-21 14:48:00-04:00,48.349998474121094,48.375,48.34000015258789,48.375,25577,0.0,0.0
2025-04-21 14:49:00-04:00,48.36000061035156,48.40760040283203,48.349998474121094,48.400001525878906,22728,0.0,0.0
2025-04-21 14:50:00-04:00,48.38999938964844,48.38999938964844,48.334999084472656,48.349998474121094,10371,0.0,0.0
2025-04-21 14:51:00-04:00,48.35499954223633,48.38999938964844,48.33000183105469,48.372100830078125,16097,0.0,0.0
2025-04-21 14:52:00-04:00,48.380001068115234,48.400001525878906,48.34000015258789,48.34000015258789,9906,0.0,0.0
2025-04-21 14:53:00-04:00,48.34000015258789,48.36000061035156,48.33000183105469,48.349998474121094,12441,0.0,0.0
2025-04-21 14:54:00-04:00,48.349998474121094,48.38999938964844,48.345001220703125,48.38999938964844,16502,0.0,0.0
2025-04-21 14:55:00-04:00,48.400001525878906,48.400001525878906,48.369998931884766,48.38999938964844,12151,0.0,0.0
2025-04-21 14:56:00-04:00,48.38999938964844,48.41999816894531,48.38999938964844,48.404998779296875,21202,0.0,0.0
2025-04-21 14:57:00-04:00,48.404998779296875,48.42499923706055,48.38999938964844,48.40999984741211,16598,0.0,0.0
2025-04-21 14:58:00-04:00,48.40999984741211,48.41999816894531,48.404998779296875,48.404998779296875,7923,0.0,0.0
2025-04-21 14:59:00-04:00,48.404998779296875,48.415000915527344,48.375,48.38999938964844,17680,0.0,0.0
2025-04-21 15:00:00-04:00,48.380001068115234,48.474998474121094,48.3650016784668,48.474998474121094,24127,0.0,0.0
2025-04-21 15:01:00-04:00,48.47999954223633,48.5099983215332,48.470001220703125,48.5099983215332,17240,0.0,0.0
2025-04-21 15:02:00-04:00,48.5099983215332,48.5796012878418,48.5099983215332,48.53990173339844,28257,0.0,0.0
2025-04-21 15:03:00-04:00,48.540000915527344,48.560001373291016,48.4900016784668,48.560001373291016,34705,0.0,0.0
2025-04-21 15:04:00-04:00,48.560001373291016,48.630001068115234,48.560001373291016,48.619998931884766,18036,0.0,0.0
2025-04-21 15:05:00-04:00,48.630001068115234,48.70500183105469,48.630001068115234,48.689998626708984,19726,0.0,0.0
2025-04-21 15:06:00-04:00,48.689998626708984,48.7599983215332,48.685001373291016,48.69499969482422,28000,0.0,0.0
2025-04-21 15:07:00-04:00,48.69499969482422,48.720001220703125,48.65999984741211,48.68000030517578,23444,0.0,0.0
2025-04-21 15:08:00-04:00,48.68000030517578,48.73500061035156,48.65010070800781,48.720298767089844,26827,0.0,0.0
2025-04-21 15:09:00-04:00,48.720001220703125,48.7400016784668,48.71500015258789,48.72999954223633,17724,0.0,0.0
2025-04-21 15:10:00-04:00,48.73500061035156,48.779998779296875,48.709999084472656,48.735801696777344,30510,0.0,0.0
2025-04-21 15:11:00-04:00,48.72999954223633,48.73500061035156,48.70000076293945,48.7218017578125,19417,0.0,0.0
2025-04-21 15:12:00-04:00,48.72999954223633,48.779998779296875,48.720001220703125,48.77000045776367,31880,0.0,0.0
2025-04-21 15:13:00-04:00,48.77000045776367,48.775001525878906,48.66999816894531,48.68000030517578,21668,0.0,0.0
2025-04-21 15:14:00-04:00,48.68000030517578,48.68000030517578,48.6150016784668,48.63999938964844,26536,0.0,0.0
2025-04-21 15:15:00-04:00,48.63999938964844,48.720001220703125,48.630001068115234,48.720001220703125,30876,0.0,0.0
2025-04-21 15:16:00-04:00,48.720001220703125,48.75,48.65999984741211,48.685001373291016,18238,0.0,0.0
2025-04-21 15:17:00-04:00,48.685001373291016,48.70000076293945,48.665000915527344,48.70000076293945,18558,0.0,0.0
2025-04-21 15:18:00-04:00,48.720001220703125,48.779998779296875,48.720001220703125,48.77000045776367,21476,0.0,0.0
2025-04-21 15:19:00-04:00,48.775001525878906,48.79999923706055,48.72999954223633,48.744998931884766,23686,0.0,0.0
2025-04-21 15:20:00-04:00,48.7400016784668,48.78499984741211,48.720001220703125,48.77980041503906,39778,0.0,0.0
2025-04-21 15:21:00-04:00,48.77000045776367,48.79999923706055,48.741798400878906,48.79499816894531,50809,0.0,0.0
2025-04-21 15:22:00-04:00,48.790000915527344,48.869998931884766,48.779998779296875,48.85499954223633,26129,0.0,0.0
2025-04-21 15:23:00-04:00,48.86000061035156,48.8650016784668,48.72999954223633,48.744998931884766,54293,0.0,0.0
2025-04-21 15:24:00-04:00,48.744998931884766,48.81999969482422,48.744998931884766,48.79999923706055,34881,0.0,0.0
2025-04-21 15:25:00-04:00,48.810001373291016,48.81779861450195,48.760101318359375,48.78499984741211,30767,0.0,0.0
2025-04-21 15:26:00-04:00,48.78499984741211,48.869998931884766,48.761199951171875,48.825801849365234,45392,0.0,0.0
2025-04-21 15:27:00-04:00,48.82500076293945,48.82500076293945,48.65999984741211,48.689998626708984,43078,0.0,0.0
2025-04-21 15:28:00-04:00,48.709999084472656,48.709999084472656,48.63999938964844,48.64500045776367,41634,0.0,0.0
2025-04-21 15:29:00-04:00,48.64500045776367,48.7400016784668,48.630001068115234,48.709999084472656,101427,0.0,0.0
2025-04-21 15:30:00-04:00,48.720001220703125,48.779998779296875,48.71500015258789,48.744998931884766,41334,0.0,0.0
2025-04-21 15:31:00-04:00,48.7599983215332,48.82500076293945,48.6885986328125,48.80500030517578,78096,0.0,0.0
2025-04-21 15:32:00-04:00,48.810001373291016,48.8849983215332,48.810001373291016,48.880001068115234,42764,0.0,0.0
2025-04-21 15:33:00-04:00,48.875,48.92499923706055,48.803001403808594,48.915000915527344,75599,0.0,0.0
2025-04-21 15:34:00-04:00,48.915000915527344,48.92789840698242,48.814998626708984,48.915000915527344,88742,0.0,0.0
2025-04-21 15:35:00-04:00,48.915000915527344,48.959999084472656,48.84000015258789,48.939998626708984,51475,0.0,0.0
2025-04-21 15:36:00-04:00,48.939998626708984,48.959999084472656,48.8849983215332,48.95500183105469,57445,0.0,0.0
2025-04-21 15:37:00-04:00,48.95000076293945,49.01499938964844,48.899200439453125,48.935001373291016,101817,0.0,0.0
2025-04-21 15:38:00-04:00,48.93000030517578,49.06999969482422,48.917198181152344,48.98500061035156,60217,0.0,0.0
2025-04-21 15:39:00-04:00,48.98500061035156,49.076900482177734,48.98500061035156,49.029998779296875,34750,0.0,0.0
2025-04-21 15:40:00-04:00,49.029998779296875,49.150001525878906,49.01499938964844,49.099998474121094,41735,0.0,0.0
2025-04-21 15:41:00-04:00,49.095001220703125,49.13999938964844,49.08000183105469,49.099998474121094,51835,0.0,0.0
2025-04-21 15:42:00-04:00,49.099998474121094,49.119998931884766,49.064998626708984,49.09000015258789,40579,0.0,0.0
2025-04-21 15:43:00-04:00,49.09000015258789,49.150001525878906,49.09000015258789,49.130001068115234,39036,0.0,0.0
2025-04-21 15:44:00-04:00,49.13999938964844,49.150001525878906,49.08000183105469,49.090301513671875,28269,0.0,0.0
2025-04-21 15:45:00-04:00,49.099998474121094,49.12200164794922,49.05500030517578,49.060001373291016,31616,0.0,0.0
2025-04-21 15:46:00-04:00,49.060001373291016,49.11000061035156,48.95090103149414,48.959999084472656,36283,0.0,0.0
2025-04-21 15:47:00-04:00,48.95000076293945,49.0,48.90999984741211,48.974998474121094,52595,0.0,0.0
2025-04-21 15:48:00-04:00,48.97999954223633,49.060001373291016,48.974998474121094,49.05889892578125,33067,0.0,0.0
2025-04-21 15:49:00-04:00,49.04999923706055,49.07500076293945,49.02000045776367,49.060001373291016,38285,0.0,0.0
2025-04-21 15:50:00-04:00,49.04999923706055,49.060001373291016,48.87009811401367,49.04999923706055,92159,0.0,0.0
2025-04-21 15:51:00-04:00,49.03499984741211,49.07210159301758,48.90999984741211,48.93000030517578,69814,0.0,0.0
2025-04-21 15:52:00-04:00,48.92499923706055,48.96500015258789,48.84000015258789,48.869998931884766,58685,0.0,0.0
2025-04-21 15:53:00-04:00,48.869998931884766,49.040000915527344,48.869998931884766,48.959999084472656,67429,0.0,0.0
2025-04-21 15:54:00-04:00,48.96870040893555,49.209999084472656,48.959999084472656,49.16999816894531,90913,0.0,0.0
2025-04-21 15:55:00-04:00,49.189998626708984,49.279998779296875,49.11000061035156,49.244998931884766,157545,0.0,0.0
2025-04-21 15:56:00-04:00,49.244998931884766,49.375,49.230098724365234,49.359901428222656,113140,0.0,0.0
2025-04-21 15:57:00-04:00,49.35499954223633,49.435001373291016,49.35499954223633,49.415000915527344,136452,0.0,0.0
2025-04-21 15:58:00-04:00,49.415000915527344,49.470001220703125,49.400001525878906,49.459999084472656,197258,0.0,0.0
2025-04-21 15:59:00-04:00,49.45000076293945,49.459999084472656,49.314998626708984,49.400001525878906,419243,0.0,0.0
2025-04-22 09:30:00-04:00,50.060001373291016,50.310001373291016,50.04999923706055,50.29999923706055,793373,0.0,0.0
2025-04-22 09:31:00-04:00,50.30500030517578,50.52000045776367,49.97999954223633,50.38999938964844,90247,0.0,0.0
2025-04-22 09:32:00-04:00,50.42499923706055,50.575401306152344,50.119300842285156,50.20000076293945,40714,0.0,0.0
2025-04-22 09:33:00-04:00,50.19499969482422,50.31999969482422,50.10499954223633,50.244998931884766,22454,0.0,0.0
2025-04-22 09:34:00-04:00,50.2400016784668,50.349998474121094,50.099998474121094,50.310001373291016,34849,0.0,0.0
2025-04-22 09:35:00-04:00,50.310001373291016,50.560001373291016,50.18009948730469,50.560001373291016,34980,0.0,0.0
2025-04-22 09:36:00-04:00,50.560001373291016,50.650001525878906,50.43000030517578,50.589599609375,94959,0.0,0.0
2025-04-22 09:37:00-04:00,50.63999938964844,50.77000045776367,50.599998474121094,50.7400016784668,54152,0.0,0.0
2025-04-22 09:38:00-04:00,50.75,50.78499984741211,50.600399017333984,50.630001068115234,53354,0.0,0.0
2025-04-22 09:39:00-04:00,50.599998474121094,50.779998779296875,50.494998931884766,50.755001068115234,34439,0.0,0.0
2025-04-22 09:40:00-04:00,50.755001068115234,50.880001068115234,50.720001220703125,50.869998931884766,24851,0.0,0.0
2025-04-22 09:41:00-04:00,50.869998931884766,51.05500030517578,50.869998931884766,51.005001068115234,58903,0.0,0.0
2025-04-22 09:42:00-04:00,51.0099983215332,51.150001525878906,50.96500015258789,51.119998931884766,35345,0.0,0.0
2025-04-22 09:43:00-04:00,51.119998931884766,51.20000076293945,51.060001373291016,51.185001373291016,26456,0.0,0.0
2025-04-22 09:44:00-04:00,51.220001220703125,51.279998779296875,51.15999984741211,51.189998626708984,87408,0.0,0.0
2025-04-22 09:45:00-04:00,51.220001220703125,51.400001525878906,51.220001220703125,51.349998474121094,61100,0.0,0.0
2025-04-22 09:46:00-04:00,51.349998474121094,51.46500015258789,51.279998779296875,51.415000915527344,63291,0.0,0.0
2025-04-22 09:47:00-04:00,51.415000915527344,51.41999816894531,51.2599983215332,51.334999084472656,35695,0.0,0.0
2025-04-22 09:48:00-04:00,51.3494987487793,51.40999984741211,51.279998779296875,51.29999923706055,63484,0.0,0.0
2025-04-22 09:49:00-04:00,51.380001068115234,51.41999816894531,51.31999969482422,51.4093017578125,35647,0.0,0.0
2025-04-22 09:50:00-04:00,51.400001525878906,51.41999816894531,51.27159881591797,51.34000015258789,29236,0.0,0.0
2025-04-22 09:51:00-04:00,51.37139892578125,51.45000076293945,51.349998474121094,51.3650016784668,64927,0.0,0.0
2025-04-22 09:52:00-04:00,51.369998931884766,51.369998931884766,51.25,51.25,33423,0.0,0.0
2025-04-22 09:53:00-04:00,51.2599983215332,51.34000015258789,51.22999954223633,51.255001068115234,54871,0.0,0.0
2025-04-22 09:54:00-04:00,51.2599983215332,51.275001525878906,51.150001525878906,51.2599983215332,102149,0.0,0.0
2025-04-22 09:55:00-04:00,51.25,51.25,51.13999938964844,51.13999938964844,73227,0.0,0.0
2025-04-22 09:56:00-04:00,51.15999984741211,51.209999084472656,51.130001068115234,51.150001525878906,31091,0.0,0.0
2025-04-22 09:57:00-04:00,51.130001068115234,51.14899826049805,50.91999816894531,50.97999954223633,35094,0.0,0.0
2025-04-22 09:58:00-04:00,50.959999084472656,51.0,50.91999816894531,50.970001220703125,19787,0.0,0.0
2025-04-22 09:59:00-04:00,50.970001220703125,51.11000061035156,50.970001220703125,51.040000915527344,32433,0.0,0.0
2025-04-22 10:00:00-04:00,51.04999923706055,51.130001068115234,50.970001220703125,51.099998474121094,25568,0.0,0.0
2025-04-22 10:01:00-04:00,51.11000061035156,51.11000061035156,50.90999984741211,50.93000030517578,27557,0.0,0.0
2025-04-22 10:02:00-04:00,50.95000076293945,50.970001220703125,50.790000915527344,50.845001220703125,19808,0.0,0.0
2025-04-22 10:03:00-04:00,50.849998474121094,50.95000076293945,50.847599029541016,50.847599029541016,15602,0.0,0.0
2025-04-22 10:04:00-04:00,50.869598388671875,50.9192008972168,50.849998474121094,50.89500045776367,40989,0.0,0.0
2025-04-22 10:05:00-04:00,50.88999938964844,50.9900016784668,50.82500076293945,50.83000183105469,18829,0.0,0.0
2025-04-22 10:06:00-04:00,50.849998474121094,50.93000030517578,50.849998474121094,50.89619827270508,27041,0.0,0.0
2025-04-22 10:07:00-04:00,50.90999984741211,50.93090057373047,50.84000015258789,50.85499954223633,18364,0.0,0.0
2025-04-22 10:08:00-04:00,50.880001068115234,50.91999816894531,50.79999923706055,50.79999923706055,14178,0.0,0.0
2025-04-22 10:09:00-04:00,50.81999969482422,50.88999938964844,50.81999969482422,50.87799835205078,11624,0.0,0.0
2025-04-22 10:10:00-04:00,50.88999938964844,51.02000045776367,50.880001068115234,51.0,52265,0.0,0.0
2025-04-22 10:11:00-04:00,51.005001068115234,51.02000045776367,50.90999984741211,50.994998931884766,25824,0.0,0.0
2025-04-22 10:12:00-04:00,51.0,51.09000015258789,50.970001220703125,51.0,33598,0.0,0.0
2025-04-22 10:13:00-04:00,51.0,51.02000045776367,50.939998626708984,50.97999954223633,27179,0.0,0.0
2025-04-22 10:14:00-04:00,50.97999954223633,50.97999954223633,50.900001525878906,50.939998626708984,12016,0.0,0.0
2025-04-22 10:15:00-04:00,50.959999084472656,50.970001220703125,50.720001220703125,50.779998779296875,36076,0.0,0.0
2025-04-22 10:16:00-04:00,50.77000045776367,50.8849983215332,50.77000045776367,50.810001373291016,24888,0.0,0.0
2025-04-22 10:17:00-04:00,50.810001373291016,50.84000015258789,50.709999084472656,50.78499984741211,41970,0.0,0.0
2025-04-22 10:18:00-04:00,50.77000045776367,50.77000045776367,50.68000030517578,50.720001220703125,29936,0.0,0.0
2025-04-22 10:19:00-04:00,50.724998474121094,50.73500061035156,50.65999984741211,50.720001220703125,25201,0.0,0.0
2025-04-22 10:20:00-04:00,50.7400016784668,50.84000015258789,50.72999954223633,50.83319854736328,16668,0.0,0.0
2025-04-22 10:21:00-04:00,50.83000183105469,50.90999984741211,50.83000183105469,50.90999984741211,16025,0.0,0.0
2025-04-22 10:22:00-04:00,50.904998779296875,50.91999816894531,50.779998779296875,50.83000183105469,30078,0.0,0.0
2025-04-22 10:23:00-04:00,50.81999969482422,50.86000061035156,50.81999969482422,50.83000183105469,16120,0.0,0.0
2025-04-22 10:24:00-04:00,50.81480026245117,50.82500076293945,50.7338981628418,50.81999969482422,9840,0.0,0.0
2025-04-22 10:25:00-04:00,50.79999923706055,50.79999923706055,50.65999984741211,50.69969940185547,11751,0.0,0.0
2025-04-22 10:26:00-04:00,50.680599212646484,50.70000076293945,50.52000045776367,50.534400939941406,43848,0.0,0.0
2025-04-22 10:27:00-04:00,50.549598693847656,50.549598693847656,50.439998626708984,50.4900016784668,39686,0.0,0.0
2025-04-22 10:28:00-04:00,50.45500183105469,50.5,50.400001525878906,50.439998626708984,31224,0.0,0.0
2025-04-22 10:29:00-04:00,50.41999816894531,50.474998474121094,50.38999938964844,50.459999084472656,42268,0.0,0.0
2025-04-22 10:30:00-04:00,50.470001220703125,50.4900016784668,50.349998474121094,50.349998474121094,32949,0.0,0.0
2025-04-22 10:31:00-04:00,50.36000061035156,50.5,50.349998474121094,50.4900016784668,42940,0.0,0.0
2025-04-22 10:32:00-04:00,50.4900016784668,50.535400390625,50.44499969482422,50.52000045776367,35656,0.0,0.0
2025-04-22 10:33:00-04:00,50.52000045776367,50.61000061035156,50.51499938964844,50.58000183105469,32796,0.0,0.0
2025-04-22 10:34:00-04:00,50.60499954223633,50.63999938964844,50.560001373291016,50.599998474121094,15267,0.0,0.0
2025-04-22 10:35:00-04:00,50.619998931884766,50.619998931884766,50.4900016784668,50.540000915527344,47807,0.0,0.0
2025-04-22 10:36:00-04:00,50.54999923706055,50.61000061035156,50.529998779296875,50.54499816894531,25194,0.0,0.0
2025-04-22 10:37:00-04:00,50.560001373291016,50.650001525878906,50.52479934692383,50.63999938964844,40789,0.0,0.0
2025-04-22 10:38:00-04:00,50.65999984741211,50.65999984741211,50.580299377441406,50.650001525878906,43698,0.0,0.0
2025-04-22 10:39:00-04:00,50.650001525878906,50.72999954223633,50.650001525878906,50.71500015258789,40101,0.0,0.0
2025-04-22 10:40:00-04:00,50.71500015258789,50.72999954223633,50.654998779296875,50.65999984741211,12257,0.0,0.0
2025-04-22 10:41:00-04:00,50.67499923706055,50.689998626708984,50.60499954223633,50.60499954223633,21639,0.0,0.0
2025-04-22 10:42:00-04:00,50.61000061035156,50.61000061035156,50.56010055541992,50.58000183105469,13414,0.0,0.0
2025-04-22 10:43:00-04:00,50.595001220703125,50.61000061035156,50.560001373291016,50.61000061035156,11986,0.0,0.0
2025-04-22 10:44:00-04:00,50.59000015258789,50.6265983581543,50.560001373291016,50.6265983581543,18307,0.0,0.0
2025-04-22 10:45:00-04:00,50.61000061035156,50.61000061035156,50.53499984741211,50.56420135498047,8496,0.0,0.0
2025-04-22 10:46:00-04:00,50.560001373291016,50.66999816894531,50.560001373291016,50.66999816894531,23029,0.0,0.0
2025-04-22 10:47:00-04:00,50.650001525878906,50.69499969482422,50.529998779296875,50.540000915527344,35478,0.0,0.0
2025-04-22 10:48:00-04:00,50.540000915527344,50.569698333740234,50.432498931884766,50.470001220703125,52791,0.0,0.0
2025-04-22 10:49:00-04:00,50.459999084472656,50.48540115356445,50.40999984741211,50.43000030517578,16477,0.0,0.0
2025-04-22 10:50:00-04:00,50.42499923706055,50.43000030517578,50.3400993347168,50.380001068115234,27714,0.0,0.0
2025-04-22 10:51:00-04:00,50.3849983215332,50.38999938964844,50.33000183105469,50.372398376464844,35378,0.0,0.0
2025-04-22 10:52:00-04:00,50.3650016784668,50.41999816894531,50.33000183105469,50.41999816894531,17230,0.0,0.0
2025-04-22 10:53:00-04:00,50.41680145263672,50.4900016784668,50.41680145263672,50.4900016784668,19659,0.0,0.0
2025-04-22 10:54:00-04:00,50.5,50.61000061035156,50.5,50.56999969482422,26886,0.0,0.0
2025-04-22 10:55:00-04:00,50.56999969482422,50.650001525878906,50.560001373291016,50.6150016784668,48545,0.0,0.0
2025-04-22 10:56:00-04:00,50.6150016784668,50.619998931884766,50.529998779296875,50.54499816894531,25202,0.0,0.0
2025-04-22 10:57:00-04:00,50.54999923706055,50.65999984741211,50.529998779296875,50.640098571777344,22777,0.0,0.0
2025-04-22 10:58:00-04:00,50.66999816894531,50.68000030517578,50.560001373291016,50.57899856567383,18610,0.0,0.0
2025-04-22 10:59:00-04:00,50.58000183105469,50.60660171508789,50.560001373291016,50.57500076293945,28882,0.0,0.0
2025-04-22 11:00:00-04:00,50.58000183105469,50.77000045776367,50.58000183105469,50.77000045776367,19883,0.0,0.0
2025-04-22 11:01:00-04:00,50.779998779296875,50.84000015258789,50.76499938964844,50.84000015258789,20597,0.0,0.0
2025-04-22 11:02:00-04:00,50.845001220703125,50.849998474121094,50.74589920043945,50.76499938964844,19968,0.0,0.0
2025-04-22 11:03:00-04:00,50.779998779296875,50.849998474121094,50.779998779296875,50.834999084472656,20477,0.0,0.0
2025-04-22 11:04:00-04:00,50.84000015258789,50.900001525878906,50.83000183105469,50.84000015258789,34207,0.0,0.0
2025-04-22 11:05:00-04:00,50.85499954223633,50.880001068115234,50.81999969482422,50.880001068115234,33965,0.0,0.0
2025-04-22 11:06:00-04:00,50.869998931884766,50.939998626708984,50.86000061035156,50.90999984741211,66029,0.0,0.0
2025-04-22 11:07:00-04:00,50.90999984741211,50.9900016784668,50.90999984741211,50.93000030517578,45177,0.0,0.0
2025-04-22 11:08:00-04:00,50.93000030517578,50.959999084472656,50.852500915527344,50.85340118408203,74252,0.0,0.0
2025-04-22 11:09:00-04:00,50.852901458740234,50.89500045776367,50.849998474121094,50.86000061035156,18708,0.0,0.0
2025-04-22 11:10:00-04:00,50.869998931884766,50.869998931884766,50.78499984741211,50.79999923706055,20417,0.0,0.0
2025-04-22 11:11:00-04:00,50.79999923706055,50.849998474121094,50.779998779296875,50.834999084472656,26747,0.0,0.0
2025-04-22 11:12:00-04:00,50.83000183105469,50.86000061035156,50.79999923706055,50.80979919433594,15380,0.0,0.0
2025-04-22 11:13:00-04:00,50.79999923706055,50.83000183105469,50.77000045776367,50.77000045776367,15562,0.0,0.0
2025-04-22 11:14:00-04:00,50.77000045776367,50.779998779296875,50.724998474121094,50.7599983215332,9359,0.0,0.0
2025-04-22 11:15:00-04:00,50.76259994506836,50.810001373291016,50.71009826660156,50.75,19809,0.0,0.0
2025-04-22 11:16:00-04:00,50.7599983215332,50.779998779296875,50.749900817871094,50.7599983215332,9923,0.0,0.0
2025-04-22 11:17:00-04:00,50.76940155029297,50.86000061035156,50.76940155029297,50.84000015258789,37104,0.0,0.0
2025-04-22 11:18:00-04:00,50.83000183105469,50.83000183105469,50.77000045776367,50.790000915527344,18250,0.0,0.0
2025-04-22 11:19:00-04:00,50.790000915527344,50.81999969482422,50.709999084472656,50.720001220703125,19107,0.0,0.0
2025-04-22 11:20:00-04:00,50.720001220703125,50.75,50.630001068115234,50.630001068115234,50024,0.0,0.0
2025-04-22 11:21:00-04:00,50.623199462890625,50.66999816894531,50.6083984375,50.65760040283203,16772,0.0,0.0
2025-04-22 11:22:00-04:00,50.68000030517578,50.72999954223633,50.66999816894531,50.68000030517578,22904,0.0,0.0
2025-04-22 11:23:00-04:00,50.68000030517578,50.68000030517578,50.54999923706055,50.576499938964844,35960,0.0,0.0
2025-04-22 11:24:00-04:00,50.59000015258789,50.599998474121094,50.560001373291016,50.56999969482422,12113,0.0,0.0
2025-04-22 11:25:00-04:00,50.56999969482422,50.5724983215332,50.470001220703125,50.47999954223633,24065,0.0,0.0
2025-04-22 11:26:00-04:00,50.470001220703125,50.5,50.439998626708984,50.46110153198242,17251,0.0,0.0
2025-04-22 11:27:00-04:00,50.46500015258789,50.4900016784668,50.400001525878906,50.43000030517578,25241,0.0,0.0
2025-04-22 11:28:00-04:00,50.42499923706055,50.47829818725586,50.400001525878906,50.40999984741211,20010,0.0,0.0
2025-04-22 11:29:00-04:00,50.42499923706055,50.43000030517578,50.369998931884766,50.38999938964844,16154,0.0,0.0
2025-04-22 11:30:00-04:00,50.40950012207031,50.40999984741211,50.349998474121094,50.36000061035156,24027,0.0,0.0
2025-04-22 11:31:00-04:00,50.37419891357422,50.400001525878906,50.34000015258789,50.34000015258789,10686,0.0,0.0
2025-04-22 11:32:00-04:00,50.35499954223633,50.369998931884766,50.310001373291016,50.35499954223633,24156,0.0,0.0
2025-04-22 11:33:00-04:00,50.34000015258789,50.369998931884766,50.33000183105469,50.36000061035156,12861,0.0,0.0
2025-04-22 11:34:00-04:00,50.369998931884766,50.369998931884766,50.27000045776367,50.29499816894531,24784,0.0,0.0
2025-04-22 11:35:00-04:00,50.290000915527344,50.34000015258789,50.279998779296875,50.279998779296875,20887,0.0,0.0
2025-04-22 11:36:00-04:00,50.279998779296875,50.279998779296875,50.22010040283203,50.230098724365234,26148,0.0,0.0
2025-04-22 11:37:00-04:00,50.22999954223633,50.2599983215332,50.209999084472656,50.255001068115234,27263,0.0,0.0
2025-04-22 11:38:00-04:00,50.2599983215332,50.2599983215332,50.189998626708984,50.220001220703125,32198,0.0,0.0
2025-04-22 11:39:00-04:00,50.220001220703125,50.22999954223633,50.119998931884766,50.13999938964844,12293,0.0,0.0
2025-04-22 11:40:00-04:00,50.13999938964844,50.16059875488281,50.08549880981445,50.130001068115234,19967,0.0,0.0
2025-04-22 11:41:00-04:00,50.130001068115234,50.16999816894531,50.119998931884766,50.119998931884766,10938,0.0,0.0
2025-04-22 11:42:00-04:00,50.125,50.13999938964844,50.040000915527344,50.04499816894531,32827,0.0,0.0
2025-04-22 11:43:00-04:00,50.040000915527344,50.060001373291016,50.0,50.0,23936,0.0,0.0
2025-04-22 11:44:00-04:00,50.0099983215332,50.01499938964844,49.920101165771484,49.935001373291016,29666,0.0,0.0
2025-04-22 11:45:00-04:00,49.939998626708984,49.989898681640625,49.88999938964844,49.96110153198242,30564,0.0,0.0
2025-04-22 11:46:00-04:00,49.959999084472656,49.959999084472656,49.88999938964844,49.91999816894531,31802,0.0,0.0
2025-04-22 11:47:00-04:00,49.91999816894531,49.95000076293945,49.900001525878906,49.91999816894531,22809,0.0,0.0
2025-04-22 11:48:00-04:00,49.91999816894531,49.95000076293945,49.900001525878906,49.93000030517578,27759,0.0,0.0
2025-04-22 11:49:00-04:00,49.939998626708984,50.040000915527344,49.939998626708984,50.040000915527344,27675,0.0,0.0
2025-04-22 11:50:00-04:00,50.0099983215332,50.029998779296875,49.939998626708984,50.02000045776367,17297,0.0,0.0
2025-04-22 11:51:00-04:00,50.036800384521484,50.150001525878906,50.02000045776367,50.130001068115234,27337,0.0,0.0
2025-04-22 11:52:00-04:00,50.130001068115234,50.189998626708984,50.130001068115234,50.16999816894531,15418,0.0,0.0
2025-04-22 11:53:00-04:00,50.16999816894531,50.199798583984375,50.1349983215332,50.150001525878906,17905,0.0,0.0
2025-04-22 11:54:00-04:00,50.165000915527344,50.16999816894531,50.130001068115234,50.15999984741211,6692,0.0,0.0
2025-04-22 11:55:00-04:00,50.18000030517578,50.189998626708984,50.1150016784668,50.165000915527344,9747,0.0,0.0
2025-04-22 11:56:00-04:00,50.165000915527344,50.18000030517578,50.09000015258789,50.125,10390,0.0,0.0
2025-04-22 11:57:00-04:00,50.130001068115234,50.130001068115234,50.06999969482422,50.130001068115234,6146,0.0,0.0
2025-04-22 11:58:00-04:00,50.11000061035156,50.2599983215332,50.092201232910156,50.150001525878906,49574,0.0,0.0
2025-04-22 11:59:00-04:00,50.18000030517578,50.439998626708984,50.18000030517578,50.39500045776367,37715,0.0,0.0
2025-04-22 12:00:00-04:00,50.39500045776367,50.54999923706055,50.38140106201172,50.54499816894531,46555,0.0,0.0
2025-04-22 12:01:00-04:00,50.54499816894531,50.66999816894531,50.5099983215332,50.61000061035156,135305,0.0,0.0
2025-04-22 12:02:00-04:00,50.59000015258789,50.68659973144531,50.577999114990234,50.599998474121094,31092,0.0,0.0
2025-04-22 12:03:00-04:00,50.59000015258789,50.592201232910156,50.5099983215332,50.58000183105469,29148,0.0,0.0
2025-04-22 12:04:00-04:00,50.61000061035156,50.76499938964844,50.61000061035156,50.67499923706055,46280,0.0,0.0
2025-04-22 12:05:00-04:00,50.66999816894531,50.67499923706055,50.62049865722656,50.64899826049805,14476,0.0,0.0
2025-04-22 12:06:00-04:00,50.63999938964844,50.819698333740234,50.63999938964844,50.79999923706055,42191,0.0,0.0
2025-04-22 12:07:00-04:00,50.78499984741211,50.869998931884766,50.78499984741211,50.814998626708984,76930,0.0,0.0
2025-04-22 12:08:00-04:00,50.81999969482422,50.869998931884766,50.814998626708984,50.82379913330078,12583,0.0,0.0
2025-04-22 12:09:00-04:00,50.849998474121094,50.849998474121094,50.689998626708984,50.7484016418457,15054,0.0,0.0
2025-04-22 12:10:00-04:00,50.72999954223633,50.86000061035156,50.72999954223633,50.78499984741211,8136,0.0,0.0
2025-04-22 12:11:00-04:00,50.78049850463867,50.84000015258789,50.75,50.81999969482422,13215,0.0,0.0
2025-04-22 12:12:00-04:00,50.81999969482422,50.900001525878906,50.81999969482422,50.900001525878906,18389,0.0,0.0
2025-04-22 12:13:00-04:00,50.88999938964844,50.90999984741211,50.880001068115234,50.90999984741211,10320,0.0,0.0
2025-04-22 12:14:00-04:00,50.915000915527344,50.95000076293945,50.915000915527344,50.95000076293945,12930,0.0,0.0
2025-04-22 12:15:00-04:00,50.95000076293945,50.97999954223633,50.900001525878906,50.93000030517578,16136,0.0,0.0
2025-04-22 12:16:00-04:00,50.90999984741211,50.9900016784668,50.85499954223633,50.87480163574219,33756,0.0,0.0
2025-04-22 12:17:00-04:00,50.875,50.91999816894531,50.790000915527344,50.84000015258789,58283,0.0,0.0
2025-04-22 12:18:00-04:00,50.845001220703125,50.91999816894531,50.810001373291016,50.85499954223633,50065,0.0,0.0
2025-04-22 12:19:00-04:00,50.85499954223633,50.86159896850586,50.79499816894531,50.86159896850586,10137,0.0,0.0
2025-04-22 12:20:00-04:00,50.849998474121094,50.91999816894531,50.834999084472656,50.91999816894531,17911,0.0,0.0
2025-04-22 12:21:00-04:00,50.915000915527344,51.02000045776367,50.904998779296875,51.00130081176758,22282,0.0,0.0
2025-04-22 12:22:00-04:00,51.0,51.06999969482422,50.974998474121094,51.05500030517578,98013,0.0,0.0
2025-04-22 12:23:00-04:00,51.04999923706055,51.10329818725586,51.04999923706055,51.095001220703125,11002,0.0,0.0
2025-04-22 12:24:00-04:00,51.09349822998047,51.1150016784668,51.040000915527344,51.089599609375,18670,0.0,0.0
2025-04-22 12:25:00-04:00,51.07500076293945,51.084999084472656,51.03499984741211,51.070098876953125,14055,0.0,0.0
2025-04-22 12:26:00-04:00,51.06999969482422,51.12950134277344,51.06999969482422,51.119998931884766,19431,0.0,0.0
2025-04-22 12:27:00-04:00,51.099998474121094,51.13999938964844,51.08000183105469,51.125,12915,0.0,0.0
2025-04-22 12:28:00-04:00,51.125,51.25,51.11000061035156,51.16999816894531,43406,0.0,0.0
2025-04-22 12:29:00-04:00,51.18000030517578,51.18000030517578,51.10499954223633,51.13999938964844,153979,0.0,0.0
2025-04-22 12:30:00-04:00,51.130001068115234,51.15999984741211,51.060001373291016,51.15999984741211,10591,0.0,0.0
2025-04-22 12:31:00-04:00,51.11000061035156,51.16999816894531,51.06999969482422,51.15999984741211,23467,0.0,0.0
2025-04-22 12:32:00-04:00,51.15999984741211,51.220001220703125,51.150001525878906,51.20000076293945,59016,0.0,0.0
2025-04-22 12:33:00-04:00,51.20100021362305,51.25,51.15010070800781,51.2400016784668,39702,0.0,0.0
2025-04-22 12:34:00-04:00,51.244998931884766,51.245601654052734,51.13999938964844,51.16999816894531,24011,0.0,0.0
2025-04-22 12:35:00-04:00,51.18000030517578,51.189998626708984,51.130001068115234,51.1349983215332,16401,0.0,0.0
2025-04-22 12:36:00-04:00,51.14500045776367,51.150001525878906,51.08000183105469,51.08000183105469,7275,0.0,0.0
2025-04-22 12:37:00-04:00,51.099998474121094,51.11000061035156,51.060001373291016,51.064998626708984,8326,0.0,0.0
2025-04-22 12:38:00-04:00,51.029998779296875,51.060001373291016,51.01499938964844,51.029998779296875,23239,0.0,0.0
2025-04-22 12:39:00-04:00,51.025001525878906,51.029998779296875,51.0,51.02000045776367,7402,0.0,0.0
2025-04-22 12:40:00-04:00,51.02199935913086,51.02199935913086,50.91999816894531,50.937400817871094,10496,0.0,0.0
2025-04-22 12:41:00-04:00,50.935001373291016,50.935001373291016,50.830101013183594,50.86479949951172,18137,0.0,0.0
2025-04-22 12:42:00-04:00,50.880001068115234,50.970001220703125,50.86000061035156,50.95000076293945,12247,0.0,0.0
2025-04-22 12:43:00-04:00,50.939998626708984,50.970001220703125,50.93000030517578,50.939998626708984,8508,0.0,0.0
2025-04-22 12:44:00-04:00,50.95500183105469,50.959999084472656,50.91999816894531,50.935001373291016,8299,0.0,0.0
2025-04-22 12:45:00-04:00,50.95000076293945,50.97999954223633,50.90999984741211,50.90999984741211,12611,0.0,0.0
2025-04-22 12:46:00-04:00,50.93000030517578,50.93000030517578,50.849998474121094,50.880001068115234,17914,0.0,0.0
2025-04-22 12:47:00-04:00,50.880001068115234,50.88999938964844,50.8650016784668,50.8650016784668,9132,0.0,0.0
2025-04-22 12:48:00-04:00,50.8650016784668,50.869998931884766,50.779998779296875,50.80179977416992,11591,0.0,0.0
2025-04-22 12:49:00-04:00,50.814998626708984,50.900001525878906,50.814998626708984,50.849998474121094,7383,0.0,0.0
2025-04-22 12:50:00-04:00,50.849998474121094,50.86320114135742,50.75,50.810001373291016,15118,0.0,0.0
2025-04-22 12:51:00-04:00,50.79999923706055,50.81999969482422,50.71500015258789,50.720001220703125,6494,0.0,0.0
2025-04-22 12:52:00-04:00,50.709999084472656,50.709999084472656,50.619998931884766,50.68000030517578,19704,0.0,0.0
2025-04-22 12:53:00-04:00,50.685001373291016,50.779998779296875,50.665000915527344,50.779998779296875,6382,0.0,0.0
2025-04-22 12:54:00-04:00,50.7599983215332,50.77000045776367,50.75,50.7599983215332,3886,0.0,0.0
2025-04-22 12:55:00-04:00,50.75,50.75,50.70000076293945,50.720001220703125,12875,0.0,0.0
2025-04-22 12:56:00-04:00,50.720001220703125,50.77000045776367,50.720001220703125,50.75,8502,0.0,0.0
2025-04-22 12:57:00-04:00,50.7400016784668,50.7400016784668,50.709999084472656,50.7400016784668,5811,0.0,0.0
2025-04-22 12:58:00-04:00,50.72999954223633,50.75,50.720001220703125,50.744998931884766,8799,0.0,0.0
2025-04-22 12:59:00-04:00,50.7400016784668,50.75,50.720001220703125,50.720001220703125,5658,0.0,0.0
2025-04-22 13:00:00-04:00,50.73899841308594,50.780799865722656,50.709999084472656,50.77000045776367,16420,0.0,0.0
2025-04-22 13:01:00-04:00,50.775001525878906,50.814998626708984,50.75,50.79499816894531,12855,0.0,0.0
2025-04-22 13:02:00-04:00,50.79499816894531,50.810001373291016,50.775001525878906,50.79999923706055,9695,0.0,0.0
2025-04-22 13:03:00-04:00,50.810001373291016,50.849998474121094,50.79499816894531,50.81999969482422,18062,0.0,0.0
2025-04-22 13:04:00-04:00,50.80500030517578,50.810001373291016,50.76810073852539,50.80500030517578,7795,0.0,0.0
2025-04-22 13:05:00-04:00,50.81999969482422,50.849998474121094,50.790000915527344,50.849998474121094,6777,0.0,0.0
2025-04-22 13:06:00-04:00,50.869998931884766,50.90250015258789,50.81999969482422,50.83000183105469,14851,0.0,0.0
2025-04-22 13:07:00-04:00,50.83000183105469,50.83000183105469,50.779998779296875,50.790000915527344,8709,0.0,0.0
2025-04-22 13:08:00-04:00,50.790000915527344,51.0,50.790000915527344,50.95589828491211,51643,0.0,0.0
2025-04-22 13:09:00-04:00,50.974998474121094,51.029998779296875,50.849998474121094,50.939998626708984,35485,0.0,0.0
2025-04-22 13:10:00-04:00,50.95119857788086,50.95119857788086,50.72999954223633,50.73500061035156,12732,0.0,0.0
2025-04-22 13:11:00-04:00,50.7400016784668,50.779998779296875,50.6349983215332,50.6349983215332,30716,0.0,0.0
2025-04-22 13:12:00-04:00,50.6349983215332,50.72999954223633,50.55009841918945,50.70500183105469,20162,0.0,0.0
2025-04-22 13:13:00-04:00,50.720001220703125,50.720001220703125,50.68000030517578,50.689998626708984,7611,0.0,0.0
2025-04-22 13:14:00-04:00,50.70000076293945,50.70000076293945,50.58000183105469,50.630001068115234,21555,0.0,0.0
2025-04-22 13:15:00-04:00,50.650001525878906,50.65999984741211,50.43009948730469,50.45000076293945,18239,0.0,0.0
2025-04-22 13:16:00-04:00,50.46500015258789,50.46500015258789,50.310001373291016,50.435001373291016,18454,0.0,0.0
2025-04-22 13:17:00-04:00,50.435001373291016,50.4375,50.35499954223633,50.435001373291016,8084,0.0,0.0
2025-04-22 13:18:00-04:00,50.43339920043945,50.47999954223633,50.400001525878906,50.47819900512695,19805,0.0,0.0
2025-04-22 13:19:00-04:00,50.5099983215332,50.51499938964844,50.45000076293945,50.47999954223633,10944,0.0,0.0
2025-04-22 13:20:00-04:00,50.470001220703125,50.5,50.31999969482422,50.33000183105469,7721,0.0,0.0
2025-04-22 13:21:00-04:00,50.310001373291016,50.310001373291016,50.15999984741211,50.249900817871094,22954,0.0,0.0
2025-04-22 13:22:00-04:00,50.22999954223633,50.29999923706055,50.18000030517578,50.19499969482422,36255,0.0,0.0
2025-04-22 13:23:00-04:00,50.189998626708984,50.25,50.125,50.23500061035156,80521,0.0,0.0
2025-04-22 13:24:00-04:00,50.25,50.39500045776367,50.244998931884766,50.33000183105469,44694,0.0,0.0
2025-04-22 13:25:00-04:00,50.349998474121094,50.439998626708984,50.279998779296875,50.439998626708984,29666,0.0,0.0
2025-04-22 13:26:00-04:00,50.45000076293945,50.79999923706055,50.40999984741211,50.540000915527344,148413,0.0,0.0
2025-04-22 13:27:00-04:00,50.560001373291016,50.56999969482422,50.380001068115234,50.43000030517578,20114,0.0,0.0
2025-04-22 13:28:00-04:00,50.43899917602539,50.47999954223633,50.314998626708984,50.400001525878906,11352,0.0,0.0
2025-04-22 13:29:00-04:00,50.400001525878906,50.43560028076172,50.34109878540039,50.377498626708984,22054,0.0,0.0
2025-04-22 13:30:00-04:00,50.39500045776367,50.45000076293945,50.36750030517578,50.40999984741211,18805,0.0,0.0
2025-04-22 13:31:00-04:00,50.43000030517578,50.599998474121094,50.29999923706055,50.45000076293945,41849,0.0,0.0
2025-04-22 13:32:00-04:00,50.43000030517578,50.52000045776367,50.38999938964844,50.5,18527,0.0,0.0
2025-04-22 13:33:00-04:00,50.494998931884766,50.5099983215332,50.43000030517578,50.43000030517578,10049,0.0,0.0
2025-04-22 13:34:00-04:00,50.41999816894531,50.5,50.36000061035156,50.5,12253,0.0,0.0
2025-04-22 13:35:00-04:00,50.4900016784668,50.54499816894531,50.47669982910156,50.5099983215332,7811,0.0,0.0
2025-04-22 13:36:00-04:00,50.540000915527344,50.720001220703125,50.52000045776367,50.70000076293945,20409,0.0,0.0
2025-04-22 13:37:00-04:00,50.709999084472656,50.72999954223633,50.65999984741211,50.709999084472656,14632,0.0,0.0
2025-04-22 13:38:00-04:00,50.71500015258789,50.72999954223633,50.65999984741211,50.68000030517578,84651,0.0,0.0
2025-04-22 13:39:00-04:00,50.65999984741211,50.65999984741211,50.58000183105469,50.60499954223633,16051,0.0,0.0
2025-04-22 13:40:00-04:00,50.599998474121094,50.61009979248047,50.540000915527344,50.54999923706055,13024,0.0,0.0
2025-04-22 13:41:00-04:00,50.54499816894531,50.56999969482422,50.529998779296875,50.54999923706055,8065,0.0,0.0
2025-04-22 13:42:00-04:00,50.55500030517578,50.55500030517578,50.4900016784668,50.5099983215332,14137,0.0,0.0
2025-04-22 13:43:00-04:00,50.529998779296875,50.595001220703125,50.5099983215332,50.595001220703125,10833,0.0,0.0
2025-04-22 13:44:00-04:00,50.61000061035156,50.70000076293945,50.60499954223633,50.69499969482422,25791,0.0,0.0
2025-04-22 13:45:00-04:00,50.709999084472656,50.71500015258789,50.650001525878906,50.68000030517578,21897,0.0,0.0
2025-04-22 13:46:00-04:00,50.65999984741211,50.720001220703125,50.65999984741211,50.70500183105469,19770,0.0,0.0
2025-04-22 13:47:00-04:00,50.709999084472656,50.75,50.689998626708984,50.720001220703125,9840,0.0,0.0
2025-04-22 13:48:00-04:00,50.70500183105469,50.709999084472656,50.59000015258789,50.60260009765625,11932,0.0,0.0
2025-04-22 13:49:00-04:00,50.61000061035156,50.61000061035156,50.54010009765625,50.56999969482422,12392,0.0,0.0
2025-04-22 13:50:00-04:00,50.58000183105469,50.599998474121094,50.5,50.54499816894531,15138,0.0,0.0
2025-04-22 13:51:00-04:00,50.560001373291016,50.58000183105469,50.497501373291016,50.5,19448,0.0,0.0
2025-04-22 13:52:00-04:00,50.470001220703125,50.540000915527344,50.459999084472656,50.540000915527344,17662,0.0,0.0
2025-04-22 13:53:00-04:00,50.53499984741211,50.536598205566406,50.47999954223633,50.525001525878906,9708,0.0,0.0
2025-04-22 13:54:00-04:00,50.525001525878906,50.61000061035156,50.505001068115234,50.60499954223633,10676,0.0,0.0
2025-04-22 13:55:00-04:00,50.619998931884766,50.630001068115234,50.58000183105469,50.619998931884766,9880,0.0,0.0
2025-04-22 13:56:00-04:00,50.619998931884766,50.68000030517578,50.60499954223633,50.60499954223633,84411,0.0,0.0
2025-04-22 13:57:00-04:00,50.60499954223633,50.60499954223633,50.3650016784668,50.3650016784668,92558,0.0,0.0
2025-04-22 13:58:00-04:00,50.349998474121094,50.435001373291016,50.34360122680664,50.41999816894531,41762,0.0,0.0
2025-04-22 13:59:00-04:00,50.435001373291016,50.435001373291016,50.31439971923828,50.31439971923828,12820,0.0,0.0
2025-04-22 14:00:00-04:00,50.310001373291016,50.369998931884766,50.29999923706055,50.29999923706055,35280,0.0,0.0
2025-04-22 14:01:00-04:00,50.31999969482422,50.380001068115234,50.290000915527344,50.36000061035156,19620,0.0,0.0
2025-04-22 14:02:00-04:00,50.34000015258789,50.41999816894531,50.29999923706055,50.40999984741211,16495,0.0,0.0
2025-04-22 14:03:00-04:00,50.404998779296875,50.5,50.404998779296875,50.46500015258789,16793,0.0,0.0
2025-04-22 14:04:00-04:00,50.470001220703125,50.5,50.45000076293945,50.45500183105469,18579,0.0,0.0
2025-04-22 14:05:00-04:00,50.439998626708984,50.470001220703125,50.43000030517578,50.459999084472656,16694,0.0,0.0
2025-04-22 14:06:00-04:00,50.4900016784668,50.54999923706055,50.470001220703125,50.540000915527344,23978,0.0,0.0
2025-04-22 14:07:00-04:00,50.560001373291016,50.619998931884766,50.52000045776367,50.619998931884766,8565,0.0,0.0
2025-04-22 14:08:00-04:00,50.599998474121094,50.61000061035156,50.439998626708984,50.439998626708984,14690,0.0,0.0
2025-04-22 14:09:00-04:00,50.459999084472656,50.52000045776367,50.459999084472656,50.5099983215332,2648,0.0,0.0
2025-04-22 14:10:00-04:00,50.5099983215332,50.5099983215332,50.470001220703125,50.5,6783,0.0,0.0
2025-04-22 14:11:00-04:00,50.5,50.5099983215332,50.47999954223633,50.4900016784668,8237,0.0,0.0
2025-04-22 14:12:00-04:00,50.52000045776367,50.55500030517578,50.4900016784668,50.4900016784668,7974,0.0,0.0
2025-04-22 14:13:00-04:00,50.47999954223633,50.5099983215332,50.400001525878906,50.5099983215332,16856,0.0,0.0
2025-04-22 14:14:00-04:00,50.505001068115234,50.53990173339844,50.4900016784668,50.525001525878906,9798,0.0,0.0
2025-04-22 14:15:00-04:00,50.53969955444336,50.53969955444336,50.5,50.52000045776367,25683,0.0,0.0
2025-04-22 14:16:00-04:00,50.52000045776367,50.530399322509766,50.5099983215332,50.525001525878906,8589,0.0,0.0
2025-04-22 14:17:00-04:00,50.52000045776367,50.52000045776367,50.47999954223633,50.47999954223633,4488,0.0,0.0
2025-04-22 14:18:00-04:00,50.490501403808594,50.53499984741211,50.40999984741211,50.47999954223633,16689,0.0,0.0
2025-04-22 14:19:00-04:00,50.4900016784668,50.56999969482422,50.43000030517578,50.439998626708984,29574,0.0,0.0
2025-04-22 14:20:00-04:00,50.43000030517578,50.45500183105469,50.415000915527344,50.41999816894531,7191,0.0,0.0
2025-04-22 14:21:00-04:00,50.40999984741211,50.5,50.40999984741211,50.5,8217,0.0,0.0
2025-04-22 14:22:00-04:00,50.474998474121094,50.5,50.41999816894531,50.5,26483,0.0,0.0
2025-04-22 14:23:00-04:00,50.4900016784668,50.55910110473633,50.4900016784668,50.529998779296875,90501,0.0,0.0
2025-04-22 14:24:00-04:00,50.540000915527344,50.54999923706055,50.4900016784668,50.5,12716,0.0,0.0
2025-04-22 14:25:00-04:00,50.4900016784668,50.540000915527344,50.48500061035156,50.5099983215332,6706,0.0,0.0
2025-04-22 14:26:00-04:00,50.529998779296875,50.55500030517578,50.52000045776367,50.52000045776367,4654,0.0,0.0
2025-04-22 14:27:00-04:00,50.510101318359375,50.540000915527344,50.470001220703125,50.540000915527344,17406,0.0,0.0
2025-04-22 14:28:00-04:00,50.54999923706055,50.560001373291016,50.5,50.560001373291016,16005,0.0,0.0
2025-04-22 14:29:00-04:00,50.540000915527344,50.54999923706055,50.52000045776367,50.525001525878906,3906,0.0,0.0
2025-04-22 14:30:00-04:00,50.525001525878906,50.560001373291016,50.4900016784668,50.4900016784668,10078,0.0,0.0
2025-04-22 14:31:00-04:00,50.494998931884766,50.560001373291016,50.4900016784668,50.52000045776367,9563,0.0,0.0
2025-04-22 14:32:00-04:00,50.529998779296875,50.56760025024414,50.52000045776367,50.529998779296875,7500,0.0,0.0
2025-04-22 14:33:00-04:00,50.540000915527344,50.599998474121094,50.53499984741211,50.59000015258789,12641,0.0,0.0
2025-04-22 14:34:00-04:00,50.587398529052734,50.619998931884766,50.56999969482422,50.599998474121094,10948,0.0,0.0
2025-04-22 14:35:00-04:00,50.619998931884766,50.619998931884766,50.54999923706055,50.57500076293945,13077,0.0,0.0
2025-04-22 14:36:00-04:00,50.57500076293945,50.61000061035156,50.5724983215332,50.59000015258789,7885,0.0,0.0
2025-04-22 14:37:00-04:00,50.595001220703125,50.6150016784668,50.560001373291016,50.61000061035156,11190,0.0,0.0
2025-04-22 14:38:00-04:00,50.599998474121094,50.599998474121094,50.5,50.5099983215332,14806,0.0,0.0
2025-04-22 14:39:00-04:00,50.4900016784668,50.529998779296875,50.48550033569336,50.494998931884766,7290,0.0,0.0
2025-04-22 14:40:00-04:00,50.494998931884766,50.529998779296875,50.4900016784668,50.52000045776367,5506,0.0,0.0
2025-04-22 14:41:00-04:00,50.52000045776367,50.54999923706055,50.5,50.54999923706055,6077,0.0,0.0
2025-04-22 14:42:00-04:00,50.54999923706055,50.579200744628906,50.52000045776367,50.54999923706055,9084,0.0,0.0
2025-04-22 14:43:00-04:00,50.5525016784668,50.55830001831055,50.380001068115234,50.42250061035156,40097,0.0,0.0
2025-04-22 14:44:00-04:00,50.410400390625,50.415000915527344,50.36000061035156,50.369998931884766,14847,0.0,0.0
2025-04-22 14:45:00-04:00,50.380001068115234,50.439998626708984,50.375,50.439998626708984,24583,0.0,0.0
2025-04-22 14:46:00-04:00,50.44499969482422,50.470001220703125,50.43000030517578,50.43000030517578,39143,0.0,0.0
2025-04-22 14:47:00-04:00,50.43000030517578,50.439998626708984,50.400001525878906,50.43000030517578,8001,0.0,0.0
2025-04-22 14:48:00-04:00,50.41999816894531,50.45000076293945,50.380001068115234,50.41999816894531,23125,0.0,0.0
2025-04-22 14:49:00-04:00,50.42499923706055,50.43000030517578,50.38999938964844,50.417198181152344,7148,0.0,0.0
2025-04-22 14:50:00-04:00,50.43000030517578,50.54999923706055,50.41579818725586,50.459999084472656,82666,0.0,0.0
2025-04-22 14:51:00-04:00,50.459999084472656,50.529998779296875,50.435001373291016,50.52000045776367,22057,0.0,0.0
2025-04-22 14:52:00-04:00,50.52000045776367,50.625,50.5099983215332,50.595001220703125,22789,0.0,0.0
2025-04-22 14:53:00-04:00,50.59000015258789,50.627498626708984,50.5099983215332,50.529998779296875,35757,0.0,0.0
2025-04-22 14:54:00-04:00,50.529998779296875,50.54999923706055,50.52000045776367,50.540000915527344,16123,0.0,0.0
2025-04-22 14:55:00-04:00,50.529998779296875,50.56999969482422,50.525001525878906,50.56999969482422,12079,0.0,0.0
2025-04-22 14:56:00-04:00,50.540000915527344,50.560001373291016,50.529998779296875,50.540000915527344,14382,0.0,0.0
2025-04-22 14:57:00-04:00,50.54999923706055,50.560001373291016,50.52000045776367,50.52000045776367,12461,0.0,0.0
2025-04-22 14:58:00-04:00,50.529998779296875,50.58000183105469,50.529998779296875,50.56999969482422,8472,0.0,0.0
2025-04-22 14:59:00-04:00,50.560001373291016,50.56999969482422,50.529998779296875,50.560001373291016,11925,0.0,0.0
2025-04-22 15:00:00-04:00,50.54999923706055,50.56999969482422,50.4900016784668,50.54999923706055,14399,0.0,0.0
2025-04-22 15:01:00-04:00,50.54999923706055,50.56999969482422,50.52000045776367,50.529998779296875,15937,0.0,0.0
2025-04-22 15:02:00-04:00,50.52000045776367,50.59000015258789,50.5099983215332,50.58000183105469,55422,0.0,0.0
2025-04-22 15:03:00-04:00,50.573699951171875,50.573699951171875,50.50410079956055,50.529998779296875,24066,0.0,0.0
2025-04-22 15:04:00-04:00,50.52299880981445,50.58000183105469,50.52299880981445,50.54999923706055,22716,0.0,0.0
2025-04-22 15:05:00-04:00,50.54499816894531,50.58000183105469,50.529998779296875,50.53499984741211,18765,0.0,0.0
2025-04-22 15:06:00-04:00,50.53499984741211,50.540000915527344,50.439998626708984,50.45000076293945,40367,0.0,0.0
2025-04-22 15:07:00-04:00,50.459999084472656,50.459999084472656,50.43000030517578,50.459999084472656,14368,0.0,0.0
2025-04-22 15:08:00-04:00,50.459999084472656,50.474998474121094,50.439998626708984,50.470001220703125,26726,0.0,0.0
2025-04-22 15:09:00-04:00,50.47010040283203,50.5,50.47010040283203,50.4900016784668,12835,0.0,0.0
2025-04-22 15:10:00-04:00,50.47999954223633,50.4900016784668,50.33000183105469,50.369998931884766,125745,0.0,0.0
2025-04-22 15:11:00-04:00,50.369998931884766,50.380001068115234,50.34000015258789,50.34000015258789,50814,0.0,0.0
2025-04-22 15:12:00-04:00,50.349998474121094,50.349998474121094,50.279998779296875,50.290000915527344,51576,0.0,0.0
2025-04-22 15:13:00-04:00,50.28499984741211,50.290000915527344,50.22999954223633,50.2400016784668,37408,0.0,0.0
2025-04-22 15:14:00-04:00,50.22999954223633,50.279998779296875,50.15010070800781,50.18000030517578,32145,0.0,0.0
2025-04-22 15:15:00-04:00,50.189998626708984,50.20000076293945,50.12070083618164,50.130001068115234,39901,0.0,0.0
2025-04-22 15:16:00-04:00,50.119998931884766,50.15999984741211,50.099998474121094,50.11000061035156,24170,0.0,0.0
2025-04-22 15:17:00-04:00,50.09000015258789,50.09000015258789,50.02000045776367,50.06999969482422,19204,0.0,0.0
2025-04-22 15:18:00-04:00,50.060001373291016,50.06999969482422,49.959999084472656,49.96500015258789,48836,0.0,0.0
2025-04-22 15:19:00-04:00,49.97999954223633,50.0,49.94499969482422,49.9900016784668,36639,0.0,0.0
2025-04-22 15:20:00-04:00,49.9900016784668,50.0099983215332,49.939998626708984,49.95000076293945,52685,0.0,0.0
2025-04-22 15:21:00-04:00,49.939998626708984,49.959999084472656,49.88999938964844,49.90999984741211,31037,0.0,0.0
2025-04-22 15:22:00-04:00,49.900001525878906,49.939998626708984,49.85300064086914,49.900001525878906,24454,0.0,0.0
2025-04-22 15:23:00-04:00,49.900001525878906,49.900001525878906,49.86000061035156,49.880001068115234,24861,0.0,0.0
2025-04-22 15:24:00-04:00,49.88999938964844,49.959999084472656,49.88999938964844,49.937400817871094,17195,0.0,0.0
2025-04-22 15:25:00-04:00,49.95000076293945,50.0,49.95000076293945,49.959999084472656,27194,0.0,0.0
2025-04-22 15:26:00-04:00,49.939998626708984,49.970001220703125,49.849998474121094,49.86000061035156,40132,0.0,0.0
2025-04-22 15:27:00-04:00,49.849998474121094,49.89500045776367,49.81999969482422,49.872798919677734,36716,0.0,0.0
2025-04-22 15:28:00-04:00,49.869998931884766,49.93000030517578,49.85860061645508,49.900001525878906,16152,0.0,0.0
2025-04-22 15:29:00-04:00,49.91999816894531,49.92399978637695,49.869998931884766,49.88999938964844,20907,0.0,0.0
2025-04-22 15:30:00-04:00,49.880001068115234,49.92499923706055,49.810001373291016,49.92499923706055,47533,0.0,0.0
2025-04-22 15:31:00-04:00,49.91999816894531,49.93000030517578,49.869998931884766,49.93000030517578,19619,0.0,0.0
2025-04-22 15:32:00-04:00,49.91999816894531,49.939998626708984,49.849998474121094,49.849998474121094,21564,0.0,0.0
2025-04-22 15:33:00-04:00,49.8474006652832,49.88999938964844,49.83000183105469,49.86000061035156,16941,0.0,0.0
2025-04-22 15:34:00-04:00,49.86000061035156,49.91999816894531,49.86000061035156,49.904998779296875,19427,0.0,0.0
2025-04-22 15:35:00-04:00,49.88999938964844,49.970001220703125,49.869998931884766,49.95000076293945,21571,0.0,0.0
2025-04-22 15:36:00-04:00,49.939998626708984,49.939998626708984,49.849998474121094,49.88959884643555,45571,0.0,0.0
2025-04-22 15:37:00-04:00,49.889801025390625,49.904998779296875,49.81999969482422,49.904998779296875,28710,0.0,0.0
2025-04-22 15:38:00-04:00,49.900001525878906,49.900001525878906,49.83879852294922,49.8473014831543,18556,0.0,0.0
2025-04-22 15:39:00-04:00,49.834999084472656,49.849998474121094,49.779998779296875,49.78499984741211,24999,0.0,0.0
2025-04-22 15:40:00-04:00,49.790000915527344,49.880001068115234,49.790000915527344,49.84120178222656,51591,0.0,0.0
2025-04-22 15:41:00-04:00,49.845001220703125,49.959999084472656,49.834999084472656,49.95640182495117,30198,0.0,0.0
2025-04-22 15:42:00-04:00,49.97999954223633,50.05500030517578,49.974998474121094,50.005001068115234,33243,0.0,0.0
2025-04-22 15:43:00-04:00,50.02000045776367,50.06999969482422,49.959999084472656,50.02000045776367,97590,0.0,0.0
2025-04-22 15:44:00-04:00,50.02000045776367,50.11000061035156,50.0099983215332,50.09000015258789,36547,0.0,0.0
2025-04-22 15:45:00-04:00,50.06999969482422,50.130001068115234,50.05500030517578,50.09000015258789,35373,0.0,0.0
2025-04-22 15:46:00-04:00,50.09000015258789,50.119998931884766,50.04880142211914,50.060001373291016,30052,0.0,0.0
2025-04-22 15:47:00-04:00,50.064998626708984,50.11000061035156,50.04999923706055,50.1057014465332,38132,0.0,0.0
2025-04-22 15:48:00-04:00,50.09000015258789,50.130001068115234,50.087501525878906,50.099998474121094,45202,0.0,0.0
2025-04-22 15:49:00-04:00,50.11000061035156,50.209999084472656,50.11000061035156,50.19499969482422,35945,0.0,0.0
2025-04-22 15:50:00-04:00,50.18000030517578,50.290000915527344,50.099998474121094,50.22999954223633,62151,0.0,0.0
2025-04-22 15:51:00-04:00,50.22999954223633,50.22999954223633,50.09000015258789,50.13750076293945,34816,0.0,0.0
2025-04-22 15:52:00-04:00,50.13999938964844,50.20000076293945,50.06999969482422,50.09000015258789,45562,0.0,0.0
2025-04-22 15:53:00-04:00,50.099998474121094,50.18000030517578,50.099998474121094,50.15999984741211,44163,0.0,0.0
2025-04-22 15:54:00-04:00,50.150001525878906,50.439998626708984,50.150001525878906,50.32500076293945,99791,0.0,0.0
2025-04-22 15:55:00-04:00,50.34000015258789,50.43000030517578,50.22999954223633,50.349998474121094,149197,0.0,0.0
2025-04-22 15:56:00-04:00,50.345001220703125,50.400001525878906,50.33000183105469,50.39500045776367,74539,0.0,0.0
2025-04-22 15:57:00-04:00,50.39500045776367,50.5,50.369998931884766,50.4900016784668,197280,0.0,0.0
2025-04-22 15:58:00-04:00,50.4900016784668,50.58000183105469,50.474998474121094,50.56999969482422,223681,0.0,0.0
2025-04-22 15:59:00-04:00,50.564998626708984,50.650001525878906,50.52000045776367,50.6150016784668,618905,0.0,0.0
2025-04-23 09:30:00-04:00,54.875,55.93000030517578,54.7599983215332,55.171600341796875,1181512,0.0,0.0
2025-04-23 09:31:00-04:00,55.209999084472656,55.28810119628906,54.880001068115234,54.99250030517578,193318,0.0,0.0
2025-04-23 09:32:00-04:00,55.07500076293945,55.150001525878906,54.88999938964844,55.150001525878906,143867,0.0,0.0
2025-04-23 09:33:00-04:00,55.11000061035156,55.18989944458008,54.970001220703125,54.994998931884766,74234,0.0,0.0
2025-04-23 09:34:00-04:00,54.994998931884766,55.29999923706055,54.98749923706055,55.20500183105469,137517,0.0,0.0
2025-04-23 09:35:00-04:00,55.20500183105469,55.20500183105469,54.78120040893555,54.814998626708984,258377,0.0,0.0
2025-04-23 09:36:00-04:00,54.814998626708984,54.900001525878906,54.560001373291016,54.650001525878906,161061,0.0,0.0
2025-04-23 09:37:00-04:00,54.630001068115234,55.43000030517578,54.54999923706055,55.349998474121094,222959,0.0,0.0
2025-04-23 09:38:00-04:00,55.38999938964844,55.54999923706055,55.119998931884766,55.375,162989,0.0,0.0
2025-04-23 09:39:00-04:00,55.34000015258789,55.38999938964844,55.04999923706055,55.14500045776367,85619,0.0,0.0
2025-04-23 09:40:00-04:00,55.10499954223633,55.45000076293945,55.029998779296875,55.2963981628418,95420,0.0,0.0
2025-04-23 09:41:00-04:00,55.290000915527344,55.66999816894531,55.220001220703125,55.5359992980957,164964,0.0,0.0
2025-04-23 09:42:00-04:00,55.54600143432617,55.689998626708984,55.40879821777344,55.4640007019043,102201,0.0,0.0
2025-04-23 09:43:00-04:00,55.46500015258789,55.68000030517578,55.400001525878906,55.56999969482422,109321,0.0,0.0
2025-04-23 09:44:00-04:00,55.55030059814453,55.66999816894531,55.4900016784668,55.4900016784668,59043,0.0,0.0
2025-04-23 09:45:00-04:00,55.460201263427734,55.650001525878906,55.27239990234375,55.46870040893555,66322,0.0,0.0
2025-04-23 09:46:00-04:00,55.470001220703125,55.58000183105469,55.38999938964844,55.400001525878906,124794,0.0,0.0
2025-04-23 09:47:00-04:00,55.400001525878906,55.599998474121094,55.34000015258789,55.599998474121094,72009,0.0,0.0
2025-04-23 09:48:00-04:00,55.601200103759766,55.84000015258789,55.601200103759766,55.63999938964844,101682,0.0,0.0
2025-04-23 09:49:00-04:00,55.65999984741211,55.849998474121094,55.650001525878906,55.75,79083,0.0,0.0
2025-04-23 09:50:00-04:00,55.75,55.79999923706055,55.630001068115234,55.720001220703125,192733,0.0,0.0
2025-04-23 09:51:00-04:00,55.7400016784668,55.93000030517578,55.7400016784668,55.93000030517578,102310,0.0,0.0
2025-04-23 09:52:00-04:00,55.939998626708984,55.95000076293945,55.459999084472656,55.63999938964844,159021,0.0,0.0
2025-04-23 09:53:00-04:00,55.61709976196289,55.709999084472656,55.38999938964844,55.619998931884766,120761,0.0,0.0
2025-04-23 09:54:00-04:00,55.61000061035156,55.720001220703125,55.529998779296875,55.59000015258789,129254,0.0,0.0
2025-04-23 09:55:00-04:00,55.599998474121094,55.630001068115234,55.2599983215332,55.33000183105469,105727,0.0,0.0
2025-04-23 09:56:00-04:00,55.334999084472656,55.47999954223633,55.220001220703125,55.369998931884766,64445,0.0,0.0
2025-04-23 09:57:00-04:00,55.38999938964844,55.58000183105469,55.349998474121094,55.529998779296875,86043,0.0,0.0
2025-04-23 09:58:00-04:00,55.52000045776367,55.54999923706055,55.435001373291016,55.439998626708984,106106,0.0,0.0
2025-04-23 09:59:00-04:00,55.459999084472656,55.560001373291016,55.220001220703125,55.369998931884766,134596,0.0,0.0
2025-04-23 10:00:00-04:00,55.380001068115234,55.86000061035156,54.900001525878906,55.32500076293945,262545,0.0,0.0
2025-04-23 10:01:00-04:00,55.31999969482422,55.38999938964844,55.130001068115234,55.2400016784668,59222,0.0,0.0
2025-04-23 10:02:00-04:00,55.25,55.25,55.06999969482422,55.150001525878906,63521,0.0,0.0
2025-04-23 10:03:00-04:00,55.125,55.16999816894531,55.005001068115234,55.01499938964844,62841,0.0,0.0
2025-04-23 10:04:00-04:00,55.040000915527344,55.29999923706055,54.96440124511719,55.2599983215332,51742,0.0,0.0
2025-04-23 10:05:00-04:00,55.290000915527344,55.30500030517578,55.06999969482422,55.14500045776367,36097,0.0,0.0
2025-04-23 10:06:00-04:00,55.15999984741211,55.33000183105469,55.150001525878906,55.30500030517578,56460,0.0,0.0
2025-04-23 10:07:00-04:00,55.29999923706055,55.349998474121094,55.04999923706055,55.04999923706055,42934,0.0,0.0
2025-04-23 10:08:00-04:00,55.05080032348633,55.29999923706055,55.03499984741211,55.20000076293945,33805,0.0,0.0
2025-04-23 10:09:00-04:00,55.224998474121094,55.224998474121094,54.79999923706055,54.88999938964844,110485,0.0,0.0
2025-04-23 10:10:00-04:00,54.86000061035156,54.959999084472656,54.720001220703125,54.834999084472656,52600,0.0,0.0
2025-04-23 10:11:00-04:00,54.880001068115234,54.93000030517578,54.76499938964844,54.93000030517578,33452,0.0,0.0
2025-04-23 10:12:00-04:00,54.900001525878906,55.09000015258789,54.900001525878906,55.0099983215332,44675,0.0,0.0
2025-04-23 10:13:00-04:00,55.069000244140625,55.069000244140625,54.78499984741211,54.810001373291016,34068,0.0,0.0
2025-04-23 10:14:00-04:00,54.755001068115234,54.86000061035156,54.599998474121094,54.85499954223633,69114,0.0,0.0
2025-04-23 10:15:00-04:00,54.8650016784668,54.884700775146484,54.65999984741211,54.70000076293945,39155,0.0,0.0
2025-04-23 10:16:00-04:00,54.689998626708984,54.72999954223633,54.52000045776367,54.619998931884766,41964,0.0,0.0
2025-04-23 10:17:00-04:00,54.619998931884766,54.65999984741211,54.47999954223633,54.55500030517578,64278,0.0,0.0
2025-04-23 10:18:00-04:00,54.564998626708984,54.599998474121094,54.52000045776367,54.55500030517578,20003,0.0,0.0
2025-04-23 10:19:00-04:00,54.56999969482422,54.630001068115234,54.505001068115234,54.630001068115234,33976,0.0,0.0
2025-04-23 10:20:00-04:00,54.619998931884766,54.619998931884766,54.350101470947266,54.459999084472656,67211,0.0,0.0
2025-04-23 10:21:00-04:00,54.459999084472656,54.470001220703125,54.209999084472656,54.310001373291016,33871,0.0,0.0
2025-04-23 10:22:00-04:00,54.3296012878418,54.470001220703125,54.2599983215332,54.470001220703125,31169,0.0,0.0
2025-04-23 10:23:00-04:00,54.45000076293945,54.619998931884766,54.375,54.619998931884766,55228,0.0,0.0
2025-04-23 10:24:00-04:00,54.58000183105469,54.654998779296875,54.494998931884766,54.654998779296875,18172,0.0,0.0
2025-04-23 10:25:00-04:00,54.64500045776367,54.77989959716797,54.619998931884766,54.724998474121094,17339,0.0,0.0
2025-04-23 10:26:00-04:00,54.834999084472656,54.869998931884766,54.77000045776367,54.779998779296875,27877,0.0,0.0
2025-04-23 10:27:00-04:00,54.79600143432617,54.79600143432617,54.68009948730469,54.69499969482422,39518,0.0,0.0
2025-04-23 10:28:00-04:00,54.70500183105469,54.849998474121094,54.69499969482422,54.75,33968,0.0,0.0
2025-04-23 10:29:00-04:00,54.77000045776367,54.77000045776367,54.70000076293945,54.73500061035156,30173,0.0,0.0
2025-04-23 10:30:00-04:00,54.720001220703125,54.77000045776367,54.65999984741211,54.744998931884766,42587,0.0,0.0
2025-04-23 10:31:00-04:00,54.75,54.79999923706055,54.720001220703125,54.79999923706055,16866,0.0,0.0
2025-04-23 10:32:00-04:00,54.7599983215332,54.7599983215332,54.70000076293945,54.7400016784668,15590,0.0,0.0
2025-04-23 10:33:00-04:00,54.744998931884766,54.79999923706055,54.709999084472656,54.7599983215332,15857,0.0,0.0
2025-04-23 10:34:00-04:00,54.76499938964844,54.84000015258789,54.73500061035156,54.84000015258789,22186,0.0,0.0
2025-04-23 10:35:00-04:00,54.857200622558594,54.939998626708984,54.810001373291016,54.88999938964844,23461,0.0,0.0
2025-04-23 10:36:00-04:00,54.904998779296875,54.935001373291016,54.880001068115234,54.93000030517578,37587,0.0,0.0
2025-04-23 10:37:00-04:00,54.93000030517578,54.959999084472656,54.83000183105469,54.869998931884766,34676,0.0,0.0
2025-04-23 10:38:00-04:00,54.880001068115234,54.939998626708984,54.81999969482422,54.87670135498047,68104,0.0,0.0
2025-04-23 10:39:00-04:00,54.849998474121094,54.849998474121094,54.685001373291016,54.7599983215332,41191,0.0,0.0
2025-04-23 10:40:00-04:00,54.755001068115234,54.790000915527344,54.689998626708984,54.75,38797,0.0,0.0
2025-04-23 10:41:00-04:00,54.77000045776367,54.775001525878906,54.54899978637695,54.56999969482422,40117,0.0,0.0
2025-04-23 10:42:00-04:00,54.58000183105469,54.6150016784668,54.44279861450195,54.56999969482422,53131,0.0,0.0
2025-04-23 10:43:00-04:00,54.54999923706055,54.66999816894531,54.470001220703125,54.65999984741211,37554,0.0,0.0
2025-04-23 10:44:00-04:00,54.63999938964844,54.67499923706055,54.619998931884766,54.63999938964844,25091,0.0,0.0
2025-04-23 10:45:00-04:00,54.650001525878906,54.650001525878906,54.55500030517578,54.59000015258789,25859,0.0,0.0
2025-04-23 10:46:00-04:00,54.619998931884766,54.65999984741211,54.59000015258789,54.654998779296875,18255,0.0,0.0
2025-04-23 10:47:00-04:00,54.66999816894531,54.72999954223633,54.650001525878906,54.65999984741211,29380,0.0,0.0
2025-04-23 10:48:00-04:00,54.65999984741211,54.744998931884766,54.59000015258789,54.744998931884766,35117,0.0,0.0
2025-04-23 10:49:00-04:00,54.744998931884766,54.779998779296875,54.65999984741211,54.67499923706055,29576,0.0,0.0
2025-04-23 10:50:00-04:00,54.689998626708984,54.720001220703125,54.619998931884766,54.66999816894531,23297,0.0,0.0
2025-04-23 10:51:00-04:00,54.665000915527344,54.75,54.630001068115234,54.650001525878906,16691,0.0,0.0
2025-04-23 10:52:00-04:00,54.65999984741211,54.71500015258789,54.650001525878906,54.66999816894531,21988,0.0,0.0
2025-04-23 10:53:00-04:00,54.66999816894531,54.689998626708984,54.619998931884766,54.630001068115234,25306,0.0,0.0
2025-04-23 10:54:00-04:00,54.650001525878906,54.81999969482422,54.650001525878906,54.71500015258789,18773,0.0,0.0
2025-04-23 10:55:00-04:00,54.720001220703125,54.7400016784668,54.66999816894531,54.709999084472656,31038,0.0,0.0
2025-04-23 10:56:00-04:00,54.75,54.755001068115234,54.59000015258789,54.599998474121094,39015,0.0,0.0
2025-04-23 10:57:00-04:00,54.61000061035156,54.66999816894531,54.54999923706055,54.595001220703125,26111,0.0,0.0
2025-04-23 10:58:00-04:00,54.599998474121094,54.619998931884766,54.56999969482422,54.599998474121094,15133,0.0,0.0
2025-04-23 10:59:00-04:00,54.599998474121094,54.65999984741211,54.584999084472656,54.63999938964844,27737,0.0,0.0
2025-04-23 11:00:00-04:00,54.65999984741211,54.7400016784668,54.369998931884766,54.665000915527344,93035,0.0,0.0
2025-04-23 11:01:00-04:00,54.650001525878906,54.83000183105469,54.4900016784668,54.560001373291016,90552,0.0,0.0
2025-04-23 11:02:00-04:00,54.54999923706055,54.59000015258789,54.41999816894531,54.47999954223633,42598,0.0,0.0
2025-04-23 11:03:00-04:00,54.47999954223633,54.63999938964844,54.47999954223633,54.630001068115234,19154,0.0,0.0
2025-04-23 11:04:00-04:00,54.63999938964844,54.79999923706055,54.6349983215332,54.7599983215332,18466,0.0,0.0
2025-04-23 11:05:00-04:00,54.790000915527344,54.869998931884766,54.790000915527344,54.814998626708984,30284,0.0,0.0
2025-04-23 11:06:00-04:00,54.84000015258789,54.90999984741211,54.779998779296875,54.90999984741211,21925,0.0,0.0
2025-04-23 11:07:00-04:00,54.91999816894531,54.95000076293945,54.900001525878906,54.95000076293945,21796,0.0,0.0
2025-04-23 11:08:00-04:00,54.94029998779297,54.9900016784668,54.91999816894531,54.91999816894531,19281,0.0,0.0
2025-04-23 11:09:00-04:00,54.90999984741211,54.90999984741211,54.77000045776367,54.790000915527344,31530,0.0,0.0
2025-04-23 11:10:00-04:00,54.79499816894531,54.83000183105469,54.724998474121094,54.810001373291016,19240,0.0,0.0
2025-04-23 11:11:00-04:00,54.81999969482422,55.060001373291016,54.81999969482422,55.040000915527344,43178,0.0,0.0
2025-04-23 11:12:00-04:00,55.029998779296875,55.029998779296875,54.974998474121094,55.02000045776367,42653,0.0,0.0
2025-04-23 11:13:00-04:00,55.02000045776367,55.029998779296875,54.869998931884766,54.90010070800781,28877,0.0,0.0
2025-04-23 11:14:00-04:00,54.92499923706055,54.974998474121094,54.900001525878906,54.900001525878906,11542,0.0,0.0
2025-04-23 11:15:00-04:00,54.900001525878906,54.91999816894531,54.814998626708984,54.84000015258789,26660,0.0,0.0
2025-04-23 11:16:00-04:00,54.83000183105469,54.83000183105469,54.77000045776367,54.78499984741211,21215,0.0,0.0
2025-04-23 11:17:00-04:00,54.78499984741211,54.810001373291016,54.709999084472656,54.7400016784668,25294,0.0,0.0
2025-04-23 11:18:00-04:00,54.709999084472656,54.755001068115234,54.65999984741211,54.75,29107,0.0,0.0
2025-04-23 11:19:00-04:00,54.75,54.75,54.599998474121094,54.60499954223633,26175,0.0,0.0
2025-04-23 11:20:00-04:00,54.60499954223633,54.66999816894531,54.5,54.560001373291016,89941,0.0,0.0
2025-04-23 11:21:00-04:00,54.54999923706055,54.720001220703125,54.529998779296875,54.709999084472656,24039,0.0,0.0
2025-04-23 11:22:00-04:00,54.709999084472656,54.75,54.63999938964844,54.724998474121094,44019,0.0,0.0
2025-04-23 11:23:00-04:00,54.75,54.7599983215332,54.220001220703125,54.369998931884766,175814,0.0,0.0
2025-04-23 11:24:00-04:00,54.29999923706055,54.415000915527344,54.279998779296875,54.30500030517578,27546,0.0,0.0
2025-04-23 11:25:00-04:00,54.29999923706055,54.369998931884766,54.244998931884766,54.34000015258789,44306,0.0,0.0
2025-04-23 11:26:00-04:00,54.33000183105469,54.33000183105469,54.095001220703125,54.1150016784668,40818,0.0,0.0
2025-04-23 11:27:00-04:00,54.11000061035156,54.11000061035156,53.88999938964844,53.974998474121094,58265,0.0,0.0
2025-04-23 11:28:00-04:00,53.959999084472656,54.0,53.790000915527344,53.85499954223633,46903,0.0,0.0
2025-04-23 11:29:00-04:00,53.85499954223633,53.959999084472656,53.79999923706055,53.939998626708984,28514,0.0,0.0
2025-04-23 11:30:00-04:00,53.95500183105469,54.029998779296875,53.89500045776367,53.97999954223633,36354,0.0,0.0
2025-04-23 11:31:00-04:00,53.970001220703125,54.0099983215332,53.910701751708984,53.91999816894531,28376,0.0,0.0
2025-04-23 11:32:00-04:00,53.91999816894531,53.9276008605957,53.78010177612305,53.810001373291016,50526,0.0,0.0
2025-04-23 11:33:00-04:00,53.790000915527344,53.9900016784668,53.73500061035156,53.9900016784668,33620,0.0,0.0
2025-04-23 11:34:00-04:00,53.970001220703125,54.130001068115234,53.970001220703125,54.099998474121094,21214,0.0,0.0
2025-04-23 11:35:00-04:00,54.130001068115234,54.13999938964844,54.05009841918945,54.07500076293945,51500,0.0,0.0
2025-04-23 11:36:00-04:00,54.06999969482422,54.224998474121094,54.040000915527344,54.10499954223633,26357,0.0,0.0
2025-04-23 11:37:00-04:00,54.099998474121094,54.16999816894531,54.08000183105469,54.16999816894531,22343,0.0,0.0
2025-04-23 11:38:00-04:00,54.18000030517578,54.310001373291016,54.16999816894531,54.27000045776367,22161,0.0,0.0
2025-04-23 11:39:00-04:00,54.279998779296875,54.349998474121094,54.23099899291992,54.33399963378906,23459,0.0,0.0
2025-04-23 11:40:00-04:00,54.334999084472656,54.380001068115234,54.29999923706055,54.30500030517578,33846,0.0,0.0
2025-04-23 11:41:00-04:00,54.33000183105469,54.34000015258789,54.25,54.25,25411,0.0,0.0
2025-04-23 11:42:00-04:00,54.25,54.259300231933594,54.18000030517578,54.185001373291016,21256,0.0,0.0
2025-04-23 11:43:00-04:00,54.189998626708984,54.20000076293945,54.09000015258789,54.119998931884766,23514,0.0,0.0
2025-04-23 11:44:00-04:00,54.125,54.16999816894531,54.060001373291016,54.119998931884766,22725,0.0,0.0
2025-04-23 11:45:00-04:00,54.13999938964844,54.22999954223633,54.099998474121094,54.22999954223633,23401,0.0,0.0
2025-04-23 11:46:00-04:00,54.150001525878906,54.150001525878906,54.060001373291016,54.084999084472656,23063,0.0,0.0
2025-04-23 11:47:00-04:00,54.07500076293945,54.09000015258789,54.0,54.02000045776367,31328,0.0,0.0
2025-04-23 11:48:00-04:00,53.9900016784668,53.9900016784668,53.775001525878906,53.790000915527344,22785,0.0,0.0
2025-04-23 11:49:00-04:00,53.83000183105469,53.95000076293945,53.83000183105469,53.849998474121094,25601,0.0,0.0
2025-04-23 11:50:00-04:00,53.86000061035156,53.970001220703125,53.84000015258789,53.970001220703125,27748,0.0,0.0
2025-04-23 11:51:00-04:00,53.9900016784668,54.02000045776367,53.890201568603516,53.91999816894531,28972,0.0,0.0
2025-04-23 11:52:00-04:00,53.91999816894531,53.93000030517578,53.770999908447266,53.790000915527344,34080,0.0,0.0
2025-04-23 11:53:00-04:00,53.790000915527344,53.810001373291016,53.685001373291016,53.80500030517578,38112,0.0,0.0
2025-04-23 11:54:00-04:00,53.83000183105469,53.96500015258789,53.81999969482422,53.959999084472656,12143,0.0,0.0
2025-04-23 11:55:00-04:00,53.970001220703125,54.08000183105469,53.959999084472656,54.08000183105469,13828,0.0,0.0
2025-04-23 11:56:00-04:00,54.08000183105469,54.150001525878906,54.060001373291016,54.099998474121094,16015,0.0,0.0
2025-04-23 11:57:00-04:00,54.10049819946289,54.209999084472656,54.09000015258789,54.209999084472656,19054,0.0,0.0
2025-04-23 11:58:00-04:00,54.209999084472656,54.25,54.180999755859375,54.189998626708984,25477,0.0,0.0
2025-04-23 11:59:00-04:00,54.209999084472656,54.22999954223633,54.165000915527344,54.209999084472656,16646,0.0,0.0
2025-04-23 12:00:00-04:00,54.220001220703125,54.244998931884766,54.13999938964844,54.16999816894531,38257,0.0,0.0
2025-04-23 12:01:00-04:00,54.130001068115234,54.2400016784668,54.06999969482422,54.07500076293945,22368,0.0,0.0
2025-04-23 12:02:00-04:00,54.07500076293945,54.099998474121094,54.040000915527344,54.040000915527344,19666,0.0,0.0
2025-04-23 12:03:00-04:00,54.04999923706055,54.11000061035156,53.959999084472656,54.11000061035156,50534,0.0,0.0
2025-04-23 12:04:00-04:00,54.11000061035156,54.15999984741211,54.06999969482422,54.125,11175,0.0,0.0
2025-04-23 12:05:00-04:00,54.130001068115234,54.189998626708984,54.07500076293945,54.185001373291016,23182,0.0,0.0
2025-04-23 12:06:00-04:00,54.185001373291016,54.185001373291016,54.02000045776367,54.029998779296875,32610,0.0,0.0
2025-04-23 12:07:00-04:00,54.02000045776367,54.095001220703125,53.9900016784668,54.095001220703125,16889,0.0,0.0
2025-04-23 12:08:00-04:00,54.095001220703125,54.15999984741211,54.02000045776367,54.02000045776367,21806,0.0,0.0
2025-04-23 12:09:00-04:00,54.02000045776367,54.02000045776367,53.91999816894531,53.95989990234375,16563,0.0,0.0
2025-04-23 12:10:00-04:00,53.959999084472656,54.16999816894531,53.93000030517578,54.12910079956055,19108,0.0,0.0
2025-04-23 12:11:00-04:00,54.150001525878906,54.18000030517578,54.06999969482422,54.06999969482422,24310,0.0,0.0
2025-04-23 12:12:00-04:00,54.03499984741211,54.07500076293945,53.959999084472656,53.97999954223633,39850,0.0,0.0
2025-04-23 12:13:00-04:00,54.0,54.15999984741211,54.0,54.111000061035156,14492,0.0,0.0
2025-04-23 12:14:00-04:00,54.125,54.20000076293945,54.119998931884766,54.13999938964844,16220,0.0,0.0
2025-04-23 12:15:00-04:00,54.169898986816406,54.169898986816406,54.06999969482422,54.150001525878906,14670,0.0,0.0
2025-04-23 12:16:00-04:00,54.1349983215332,54.15999984741211,54.099998474121094,54.099998474121094,14942,0.0,0.0
2025-04-23 12:17:00-04:00,54.099998474121094,54.10860061645508,54.040000915527344,54.060001373291016,15564,0.0,0.0
2025-04-23 12:18:00-04:00,54.04999923706055,54.08000183105469,53.90999984741211,53.95000076293945,21032,0.0,0.0
2025-04-23 12:19:00-04:00,53.900001525878906,53.935001373291016,53.83000183105469,53.85499954223633,17490,0.0,0.0
2025-04-23 12:20:00-04:00,53.84000015258789,53.880001068115234,53.78499984741211,53.84000015258789,25585,0.0,0.0
2025-04-23 12:21:00-04:00,53.83000183105469,53.83000183105469,53.72999954223633,53.779998779296875,20240,0.0,0.0
2025-04-23 12:22:00-04:00,53.790000915527344,53.845001220703125,53.779998779296875,53.810001373291016,16835,0.0,0.0
2025-04-23 12:23:00-04:00,53.81999969482422,53.91999816894531,53.81999969482422,53.900001525878906,20594,0.0,0.0
2025-04-23 12:24:00-04:00,53.89500045776367,53.93000030517578,53.86000061035156,53.8849983215332,22619,0.0,0.0
2025-04-23 12:25:00-04:00,53.900001525878906,53.904998779296875,53.814998626708984,53.869998931884766,28523,0.0,0.0
2025-04-23 12:26:00-04:00,53.86000061035156,53.86000061035156,53.61899948120117,53.650001525878906,25499,0.0,0.0
2025-04-23 12:27:00-04:00,53.65999984741211,53.779998779296875,53.654998779296875,53.75,17509,0.0,0.0
2025-04-23 12:28:00-04:00,53.724998474121094,53.939998626708984,53.724998474121094,53.915000915527344,23947,0.0,0.0
2025-04-23 12:29:00-04:00,53.91999816894531,53.974998474121094,53.90999984741211,53.95000076293945,10215,0.0,0.0
2025-04-23 12:30:00-04:00,53.95500183105469,54.029998779296875,53.92499923706055,54.029998779296875,16796,0.0,0.0
2025-04-23 12:31:00-04:00,54.00040054321289,54.09000015258789,53.970001220703125,54.09000015258789,26404,0.0,0.0
2025-04-23 12:32:00-04:00,54.099998474121094,54.119998931884766,54.02000045776367,54.06999969482422,41247,0.0,0.0
2025-04-23 12:33:00-04:00,54.09000015258789,54.14500045776367,54.06999969482422,54.14500045776367,14650,0.0,0.0
2025-04-23 12:34:00-04:00,54.130001068115234,54.13999938964844,54.04999923706055,54.099998474121094,43937,0.0,0.0
2025-04-23 12:35:00-04:00,54.119998931884766,54.25,54.119998931884766,54.25,13204,0.0,0.0
2025-04-23 12:36:00-04:00,54.23500061035156,54.31999969482422,54.23500061035156,54.31999969482422,13298,0.0,0.0
2025-04-23 12:37:00-04:00,54.334999084472656,54.380001068115234,54.310001373291016,54.34000015258789,36449,0.0,0.0
2025-04-23 12:38:00-04:00,54.369998931884766,54.380001068115234,54.32500076293945,54.380001068115234,17738,0.0,0.0
2025-04-23 12:39:00-04:00,54.38999938964844,54.400001525878906,54.349998474121094,54.38999938964844,12539,0.0,0.0
2025-04-23 12:40:00-04:00,54.38999938964844,54.38999938964844,54.31999969482422,54.35020065307617,28807,0.0,0.0
2025-04-23 12:41:00-04:00,54.345001220703125,54.35499954223633,54.27000045776367,54.29499816894531,14905,0.0,0.0
2025-04-23 12:42:00-04:00,54.29499816894531,54.334999084472656,54.29499816894531,54.310001373291016,11311,0.0,0.0
2025-04-23 12:43:00-04:00,54.33000183105469,54.459999084472656,54.33000183105469,54.435001373291016,14629,0.0,0.0
2025-04-23 12:44:00-04:00,54.459999084472656,54.459999084472656,54.404998779296875,54.404998779296875,24471,0.0,0.0
2025-04-23 12:45:00-04:00,54.38999938964844,54.45000076293945,54.380001068115234,54.435001373291016,12931,0.0,0.0
2025-04-23 12:46:00-04:00,54.435001373291016,54.459999084472656,54.369998931884766,54.45000076293945,19269,0.0,0.0
2025-04-23 12:47:00-04:00,54.43000030517578,54.459999084472656,54.36000061035156,54.422401428222656,16935,0.0,0.0
2025-04-23 12:48:00-04:00,54.404998779296875,54.404998779296875,54.310001373291016,54.310001373291016,14145,0.0,0.0
2025-04-23 12:49:00-04:00,54.290000915527344,54.31999969482422,54.22999954223633,54.22999954223633,19549,0.0,0.0
2025-04-23 12:50:00-04:00,54.224998474121094,54.375,54.20000076293945,54.290000915527344,13791,0.0,0.0
2025-04-23 12:51:00-04:00,54.290000915527344,54.400001525878906,54.279998779296875,54.38999938964844,12775,0.0,0.0
2025-04-23 12:52:00-04:00,54.38970184326172,54.45000076293945,54.380001068115234,54.380001068115234,10316,0.0,0.0
2025-04-23 12:53:00-04:00,54.38999938964844,54.459999084472656,54.38999938964844,54.45000076293945,9915,0.0,0.0
2025-04-23 12:54:00-04:00,54.459999084472656,54.4900016784668,54.45000076293945,54.474998474121094,9195,0.0,0.0
2025-04-23 12:55:00-04:00,54.474998474121094,54.525001525878906,54.43000030517578,54.525001525878906,25181,0.0,0.0
2025-04-23 12:56:00-04:00,54.525001525878906,54.59000015258789,54.5,54.56999969482422,6182,0.0,0.0
2025-04-23 12:57:00-04:00,54.599998474121094,54.65999984741211,54.58000183105469,54.65999984741211,15343,0.0,0.0
2025-04-23 12:58:00-04:00,54.65999984741211,54.70000076293945,54.599998474121094,54.619998931884766,41068,0.0,0.0
2025-04-23 12:59:00-04:00,54.599998474121094,54.625,54.54999923706055,54.595001220703125,48749,0.0,0.0
2025-04-23 13:00:00-04:00,54.59000015258789,54.625,54.189998626708984,54.439998626708984,90017,0.0,0.0
2025-04-23 13:01:00-04:00,54.45000076293945,54.5099983215332,54.41999816894531,54.4900016784668,15914,0.0,0.0
2025-04-23 13:02:00-04:00,54.5099983215332,54.60969924926758,54.5099983215332,54.55500030517578,16844,0.0,0.0
2025-04-23 13:03:00-04:00,54.56999969482422,54.61000061035156,54.56999969482422,54.60499954223633,10464,0.0,0.0
2025-04-23 13:04:00-04:00,54.56999969482422,54.59000015258789,54.51499938964844,54.52000045776367,36685,0.0,0.0
2025-04-23 13:05:00-04:00,54.51499938964844,54.57500076293945,54.470001220703125,54.494998931884766,67958,0.0,0.0
2025-04-23 13:06:00-04:00,54.5,54.52000045776367,54.41999816894531,54.5099983215332,21152,0.0,0.0
2025-04-23 13:07:00-04:00,54.5,54.56370162963867,54.4900016784668,54.4900016784668,8049,0.0,0.0
2025-04-23 13:08:00-04:00,54.5,54.63999938964844,54.5,54.619998931884766,16342,0.0,0.0
2025-04-23 13:09:00-04:00,54.619998931884766,54.709999084472656,54.599998474121094,54.650001525878906,18642,0.0,0.0
2025-04-23 13:10:00-04:00,54.63999938964844,54.65999984741211,54.58000183105469,54.6150016784668,18677,0.0,0.0
2025-04-23 13:11:00-04:00,54.599998474121094,54.625,54.540000915527344,54.58000183105469,10625,0.0,0.0
2025-04-23 13:12:00-04:00,54.59000015258789,54.630001068115234,54.560001373291016,54.560001373291016,14976,0.0,0.0
2025-04-23 13:13:00-04:00,54.56999969482422,54.59000015258789,54.52000045776367,54.54999923706055,11697,0.0,0.0
2025-04-23 13:14:00-04:00,54.560001373291016,54.595001220703125,54.5,54.560001373291016,74484,0.0,0.0
2025-04-23 13:15:00-04:00,54.59000015258789,54.619998931884766,54.55500030517578,54.619998931884766,18033,0.0,0.0
2025-04-23 13:16:00-04:00,54.619998931884766,54.63999938964844,54.59000015258789,54.6150016784668,12421,0.0,0.0
2025-04-23 13:17:00-04:00,54.63999938964844,54.63999938964844,54.584999084472656,54.619998931884766,11106,0.0,0.0
2025-04-23 13:18:00-04:00,54.63999938964844,54.689998626708984,54.61000061035156,54.68000030517578,40192,0.0,0.0
2025-04-23 13:19:00-04:00,54.689998626708984,54.72999954223633,54.650001525878906,54.66999816894531,32952,0.0,0.0
2025-04-23 13:20:00-04:00,54.68000030517578,54.70000076293945,54.650001525878906,54.689998626708984,19895,0.0,0.0
2025-04-23 13:21:00-04:00,54.66999816894531,54.70000076293945,54.669898986816406,54.70000076293945,7312,0.0,0.0
2025-04-23 13:22:00-04:00,54.709999084472656,54.709999084472656,54.630001068115234,54.65999984741211,12564,0.0,0.0
2025-04-23 13:23:00-04:00,54.650001525878906,54.65999984741211,54.59000015258789,54.59000015258789,20520,0.0,0.0
2025-04-23 13:24:00-04:00,54.59000015258789,54.689998626708984,54.57099914550781,54.68000030517578,8096,0.0,0.0
2025-04-23 13:25:00-04:00,54.68000030517578,54.7400016784668,54.63999938964844,54.7400016784668,15830,0.0,0.0
2025-04-23 13:26:00-04:00,54.7400016784668,54.75,54.66999816894531,54.66999816894531,14653,0.0,0.0
2025-04-23 13:27:00-04:00,54.66999816894531,54.75,54.66999816894531,54.73500061035156,7289,0.0,0.0
2025-04-23 13:28:00-04:00,54.720001220703125,54.7400016784668,54.689998626708984,54.720001220703125,15142,0.0,0.0
2025-04-23 13:29:00-04:00,54.689998626708984,54.698001861572266,54.60139846801758,54.619998931884766,17649,0.0,0.0
2025-04-23 13:30:00-04:00,54.63999938964844,54.75,54.630001068115234,54.70000076293945,18769,0.0,0.0
2025-04-23 13:31:00-04:00,54.70500183105469,54.709999084472656,54.650001525878906,54.66999816894531,40407,0.0,0.0
2025-04-23 13:32:00-04:00,54.669498443603516,54.689998626708984,54.619998931884766,54.68000030517578,18906,0.0,0.0
2025-04-23 13:33:00-04:00,54.69499969482422,54.70500183105469,54.599998474121094,54.61000061035156,44491,0.0,0.0
2025-04-23 13:34:00-04:00,54.61000061035156,54.61000061035156,54.52000045776367,54.529998779296875,21741,0.0,0.0
2025-04-23 13:35:00-04:00,54.53499984741211,54.599998474121094,54.5099983215332,54.5099983215332,14458,0.0,0.0
2025-04-23 13:36:00-04:00,54.5,54.540000915527344,54.435001373291016,54.529998779296875,15393,0.0,0.0
2025-04-23 13:37:00-04:00,54.53960037231445,54.56999969482422,54.41999816894531,54.47999954223633,48653,0.0,0.0
2025-04-23 13:38:00-04:00,54.5,54.529998779296875,54.459999084472656,54.459999084472656,14005,0.0,0.0
2025-04-23 13:39:00-04:00,54.459999084472656,54.5,54.380001068115234,54.470001220703125,28035,0.0,0.0
2025-04-23 13:40:00-04:00,54.499900817871094,54.560001373291016,54.439998626708984,54.45000076293945,27729,0.0,0.0
2025-04-23 13:41:00-04:00,54.45000076293945,54.45000076293945,54.38999938964844,54.43000030517578,20106,0.0,0.0
2025-04-23 13:42:00-04:00,54.435001373291016,54.470001220703125,54.43000030517578,54.470001220703125,6657,0.0,0.0
2025-04-23 13:43:00-04:00,54.4900016784668,54.58000183105469,54.480098724365234,54.58000183105469,9744,0.0,0.0
2025-04-23 13:44:00-04:00,54.59000015258789,54.709999084472656,54.59000015258789,54.630001068115234,20359,0.0,0.0
2025-04-23 13:45:00-04:00,54.630001068115234,54.63999938964844,54.540000915527344,54.540000915527344,10836,0.0,0.0
2025-04-23 13:46:00-04:00,54.560001373291016,54.650001525878906,54.53620147705078,54.619998931884766,14223,0.0,0.0
2025-04-23 13:47:00-04:00,54.6150016784668,54.6150016784668,54.54499816894531,54.56999969482422,7445,0.0,0.0
2025-04-23 13:48:00-04:00,54.54999923706055,54.564998626708984,54.529998779296875,54.529998779296875,10231,0.0,0.0
2025-04-23 13:49:00-04:00,54.53499984741211,54.59000015258789,54.5,54.56999969482422,26746,0.0,0.0
2025-04-23 13:50:00-04:00,54.58000183105469,54.599998474121094,54.54999923706055,54.58000183105469,12684,0.0,0.0
2025-04-23 13:51:00-04:00,54.58000183105469,54.665000915527344,54.54999923706055,54.665000915527344,20992,0.0,0.0
2025-04-23 13:52:00-04:00,54.650001525878906,54.724998474121094,54.650001525878906,54.709999084472656,12889,0.0,0.0
2025-04-23 13:53:00-04:00,54.73500061035156,54.832000732421875,54.720001220703125,54.83000183105469,12999,0.0,0.0
2025-04-23 13:54:00-04:00,54.81999969482422,54.869998931884766,54.810001373291016,54.83000183105469,26176,0.0,0.0
2025-04-23 13:55:00-04:00,54.849998474121094,54.880001068115234,54.849998474121094,54.8650016784668,9756,0.0,0.0
2025-04-23 13:56:00-04:00,54.86000061035156,54.904998779296875,54.81999969482422,54.904998779296875,38008,0.0,0.0
2025-04-23 13:57:00-04:00,54.904998779296875,54.91999816894531,54.86000061035156,54.91999816894531,17143,0.0,0.0
2025-04-23 13:58:00-04:00,54.915000915527344,54.939998626708984,54.869998931884766,54.869998931884766,9030,0.0,0.0
2025-04-23 13:59:00-04:00,54.880001068115234,54.880001068115234,54.790000915527344,54.79999923706055,11983,0.0,0.0
2025-04-23 14:00:00-04:00,54.790000915527344,54.86989974975586,54.779998779296875,54.849998474121094,18402,0.0,0.0
2025-04-23 14:01:00-04:00,54.85499954223633,54.91999816894531,54.81999969482422,54.90999984741211,17107,0.0,0.0
2025-04-23 14:02:00-04:00,54.91960144042969,54.91960144042969,54.84000015258789,54.84000015258789,9792,0.0,0.0
2025-04-23 14:03:00-04:00,54.810001373291016,54.810001373291016,54.689998626708984,54.72999954223633,20342,0.0,0.0
2025-04-23 14:04:00-04:00,54.7400016784668,54.869998931884766,54.7400016784668,54.8650016784668,14870,0.0,0.0
2025-04-23 14:05:00-04:00,54.880001068115234,54.91999816894531,54.869998931884766,54.900001525878906,13586,0.0,0.0
2025-04-23 14:06:00-04:00,54.8849983215332,54.900001525878906,54.79999923706055,54.810001373291016,19636,0.0,0.0
2025-04-23 14:07:00-04:00,54.80500030517578,54.85499954223633,54.79999923706055,54.810001373291016,17521,0.0,0.0
2025-04-23 14:08:00-04:00,54.81999969482422,54.88999938964844,54.814998626708984,54.869998931884766,14610,0.0,0.0
2025-04-23 14:09:00-04:00,54.869998931884766,54.91999816894531,54.86000061035156,54.900001525878906,16445,0.0,0.0
2025-04-23 14:10:00-04:00,54.900001525878906,54.939998626708984,54.869998931884766,54.92499923706055,15457,0.0,0.0
2025-04-23 14:11:00-04:00,54.93000030517578,55.0,54.93000030517578,55.0,18637,0.0,0.0
2025-04-23 14:12:00-04:00,54.9900016784668,55.029998779296875,54.9900016784668,55.029998779296875,39828,0.0,0.0
2025-04-23 14:13:00-04:00,55.03499984741211,55.08000183105469,55.02000045776367,55.040000915527344,19858,0.0,0.0
2025-04-23 14:14:00-04:00,55.04999923706055,55.060001373291016,54.79999923706055,54.97999954223633,71774,0.0,0.0
2025-04-23 14:15:00-04:00,54.97999954223633,55.08000183105469,54.939998626708984,55.08000183105469,22766,0.0,0.0
2025-04-23 14:16:00-04:00,55.064998626708984,55.08000183105469,54.9900016784668,55.0,27200,0.0,0.0
2025-04-23 14:17:00-04:00,54.994998931884766,55.040000915527344,54.95000076293945,54.95000076293945,19367,0.0,0.0
2025-04-23 14:18:00-04:00,54.959999084472656,54.970001220703125,54.89500045776367,54.90999984741211,24843,0.0,0.0
2025-04-23 14:19:00-04:00,54.91999816894531,54.97999954223633,54.869998931884766,54.900001525878906,32987,0.0,0.0
2025-04-23 14:20:00-04:00,54.900001525878906,55.0099983215332,54.89500045776367,55.0,32452,0.0,0.0
2025-04-23 14:21:00-04:00,55.0,55.029998779296875,54.94020080566406,54.97999954223633,24031,0.0,0.0
2025-04-23 14:22:00-04:00,54.9900016784668,55.02000045776367,54.95000076293945,54.970001220703125,30784,0.0,0.0
2025-04-23 14:23:00-04:00,54.970001220703125,54.9900016784668,54.849998474121094,54.869998931884766,31832,0.0,0.0
2025-04-23 14:24:00-04:00,54.880001068115234,54.88999938964844,54.810001373291016,54.88999938964844,22185,0.0,0.0
2025-04-23 14:25:00-04:00,54.880001068115234,54.88999938964844,54.83000183105469,54.83000183105469,14706,0.0,0.0
2025-04-23 14:26:00-04:00,54.81999969482422,54.91999816894531,54.75,54.83000183105469,30418,0.0,0.0
2025-04-23 14:27:00-04:00,54.81999969482422,54.86000061035156,54.79999923706055,54.79999923706055,21585,0.0,0.0
2025-04-23 14:28:00-04:00,54.79999923706055,54.79999923706055,54.66999816894531,54.71500015258789,24449,0.0,0.0
2025-04-23 14:29:00-04:00,54.720001220703125,54.720001220703125,54.64500045776367,54.68000030517578,15485,0.0,0.0
2025-04-23 14:30:00-04:00,54.70000076293945,54.7400016784668,54.650001525878906,54.720001220703125,16141,0.0,0.0
2025-04-23 14:31:00-04:00,54.70500183105469,54.7599983215332,54.619998931884766,54.7599983215332,15432,0.0,0.0
2025-04-23 14:32:00-04:00,54.77000045776367,54.83000183105469,54.7599983215332,54.775001525878906,20427,0.0,0.0
2025-04-23 14:33:00-04:00,54.779998779296875,54.779998779296875,54.64979934692383,54.709999084472656,16992,0.0,0.0
2025-04-23 14:34:00-04:00,54.70000076293945,54.70000076293945,54.61000061035156,54.650001525878906,14621,0.0,0.0
2025-04-23 14:35:00-04:00,54.66999816894531,54.68000030517578,54.599998474121094,54.630001068115234,15978,0.0,0.0
2025-04-23 14:36:00-04:00,54.630001068115234,54.630001068115234,54.560001373291016,54.56999969482422,9004,0.0,0.0
2025-04-23 14:37:00-04:00,54.56999969482422,54.630001068115234,54.53010177612305,54.56999969482422,19593,0.0,0.0
2025-04-23 14:38:00-04:00,54.58000183105469,54.59000015258789,54.540000915527344,54.55500030517578,13149,0.0,0.0
2025-04-23 14:39:00-04:00,54.540000915527344,54.59000015258789,54.52000045776367,54.540000915527344,17508,0.0,0.0
2025-04-23 14:40:00-04:00,54.54999923706055,54.560001373291016,54.43000030517578,54.4900016784668,19913,0.0,0.0
2025-04-23 14:41:00-04:00,54.48500061035156,54.560001373291016,54.43000030517578,54.52000045776367,17397,0.0,0.0
2025-04-23 14:42:00-04:00,54.474998474121094,54.529998779296875,54.459999084472656,54.529998779296875,6385,0.0,0.0
2025-04-23 14:43:00-04:00,54.529998779296875,54.53499984741211,54.459999084472656,54.459999084472656,11748,0.0,0.0
2025-04-23 14:44:00-04:00,54.459999084472656,54.459999084472656,54.31999969482422,54.31999969482422,24753,0.0,0.0
2025-04-23 14:45:00-04:00,54.33000183105469,54.45000076293945,54.29999923706055,54.40999984741211,18655,0.0,0.0
2025-04-23 14:46:00-04:00,54.45000076293945,54.45000076293945,54.380001068115234,54.400001525878906,17599,0.0,0.0
2025-04-23 14:47:00-04:00,54.41999816894531,54.529998779296875,54.41999816894531,54.5099983215332,16802,0.0,0.0
2025-04-23 14:48:00-04:00,54.4901008605957,54.54999923706055,54.4900016784668,54.494998931884766,15171,0.0,0.0
2025-04-23 14:49:00-04:00,54.4900016784668,54.4900016784668,54.45000076293945,54.47090148925781,6661,0.0,0.0
2025-04-23 14:50:00-04:00,54.47999954223633,54.47999954223633,54.349998474121094,54.380001068115234,19543,0.0,0.0
2025-04-23 14:51:00-04:00,54.38999938964844,54.39250183105469,54.3400993347168,54.349998474121094,9175,0.0,0.0
2025-04-23 14:52:00-04:00,54.349998474121094,54.39500045776367,54.31999969482422,54.35499954223633,26815,0.0,0.0
2025-04-23 14:53:00-04:00,54.369998931884766,54.369998931884766,54.279998779296875,54.310001373291016,16032,0.0,0.0
2025-04-23 14:54:00-04:00,54.310001373291016,54.369998931884766,54.29999923706055,54.3650016784668,31566,0.0,0.0
2025-04-23 14:55:00-04:00,54.349998474121094,54.47999954223633,54.33000183105469,54.459999084472656,20974,0.0,0.0
2025-04-23 14:56:00-04:00,54.459999084472656,54.60499954223633,54.44499969482422,54.599998474121094,22602,0.0,0.0
2025-04-23 14:57:00-04:00,54.619998931884766,54.619998931884766,54.529998779296875,54.540000915527344,23306,0.0,0.0
2025-04-23 14:58:00-04:00,54.560001373291016,54.63999938964844,54.560001373291016,54.619998931884766,26238,0.0,0.0
2025-04-23 14:59:00-04:00,54.619998931884766,54.630001068115234,54.47999954223633,54.5099983215332,40513,0.0,0.0
2025-04-23 15:00:00-04:00,54.505001068115234,54.599998474121094,54.46500015258789,54.5,29648,0.0,0.0
2025-04-23 15:01:00-04:00,54.5,54.529998779296875,54.400001525878906,54.400001525878906,17204,0.0,0.0
2025-04-23 15:02:00-04:00,54.400001525878906,54.40999984741211,54.33000183105469,54.34000015258789,24999,0.0,0.0
2025-04-23 15:03:00-04:00,54.334999084472656,54.435001373291016,54.31999969482422,54.369998931884766,43707,0.0,0.0
2025-04-23 15:04:00-04:00,54.349998474121094,54.375,54.290000915527344,54.31999969482422,20246,0.0,0.0
2025-04-23 15:05:00-04:00,54.33000183105469,54.45000076293945,54.33000183105469,54.400001525878906,20215,0.0,0.0
2025-04-23 15:06:00-04:00,54.369998931884766,54.40999984741211,54.34000015258789,54.34000015258789,19942,0.0,0.0
2025-04-23 15:07:00-04:00,54.34000015258789,54.380001068115234,54.279998779296875,54.369998931884766,20351,0.0,0.0
2025-04-23 15:08:00-04:00,54.400001525878906,54.45000076293945,54.35100173950195,54.375,18989,0.0,0.0
2025-04-23 15:09:00-04:00,54.380001068115234,54.380001068115234,54.2599983215332,54.28499984741211,28753,0.0,0.0
2025-04-23 15:10:00-04:00,54.28499984741211,54.310001373291016,54.22999954223633,54.29499816894531,24837,0.0,0.0
2025-04-23 15:11:00-04:00,54.2599983215332,54.310001373291016,54.209999084472656,54.2599983215332,59456,0.0,0.0
2025-04-23 15:12:00-04:00,54.25,54.25,54.130001068115234,54.13999938964844,27111,0.0,0.0
2025-04-23 15:13:00-04:00,54.119998931884766,54.21500015258789,54.099998474121094,54.18000030517578,40147,0.0,0.0
2025-04-23 15:14:00-04:00,54.18000030517578,54.18000030517578,54.064998626708984,54.099998474121094,41765,0.0,0.0
2025-04-23 15:15:00-04:00,54.099998474121094,54.099998474121094,53.900001525878906,53.91999816894531,65256,0.0,0.0
2025-04-23 15:16:00-04:00,53.915000915527344,54.0,53.90999984741211,53.95000076293945,26067,0.0,0.0
2025-04-23 15:17:00-04:00,53.959999084472656,54.02000045776367,53.85100173950195,53.93000030517578,54025,0.0,0.0
2025-04-23 15:18:00-04:00,53.939998626708984,53.95000076293945,53.861000061035156,53.861000061035156,24800,0.0,0.0
2025-04-23 15:19:00-04:00,53.880001068115234,53.880001068115234,53.81999969482422,53.86000061035156,19609,0.0,0.0
2025-04-23 15:20:00-04:00,53.84000015258789,53.900001525878906,53.75,53.80500030517578,32596,0.0,0.0
2025-04-23 15:21:00-04:00,53.79999923706055,53.849998474121094,53.77000045776367,53.849998474121094,31404,0.0,0.0
2025-04-23 15:22:00-04:00,53.84000015258789,53.859901428222656,53.709999084472656,53.7400016784668,41281,0.0,0.0
2025-04-23 15:23:00-04:00,53.73500061035156,53.77000045776367,53.68000030517578,53.75,23362,0.0,0.0
2025-04-23 15:24:00-04:00,53.755001068115234,53.810001373291016,53.720001220703125,53.720001220703125,27089,0.0,0.0
2025-04-23 15:25:00-04:00,53.720001220703125,53.7400016784668,53.65999984741211,53.689998626708984,29524,0.0,0.0
2025-04-23 15:26:00-04:00,53.71500015258789,53.77000045776367,53.691001892089844,53.7400016784668,23314,0.0,0.0
2025-04-23 15:27:00-04:00,53.73099899291992,53.779998779296875,53.650001525878906,53.74100112915039,25591,0.0,0.0
2025-04-23 15:28:00-04:00,53.75,53.79999923706055,53.680999755859375,53.689998626708984,33886,0.0,0.0
2025-04-23 15:29:00-04:00,53.689998626708984,53.709999084472656,53.63999938964844,53.709999084472656,40609,0.0,0.0
2025-04-23 15:30:00-04:00,53.720001220703125,53.810001373291016,53.63999938964844,53.79999923706055,51247,0.0,0.0
2025-04-23 15:31:00-04:00,53.79999923706055,53.88999938964844,53.79100036621094,53.88999938964844,28473,0.0,0.0
2025-04-23 15:32:00-04:00,53.88999938964844,53.900001525878906,53.81999969482422,53.81999969482422,38812,0.0,0.0
2025-04-23 15:33:00-04:00,53.83000183105469,53.869998931884766,53.770999908447266,53.84989929199219,30263,0.0,0.0
2025-04-23 15:34:00-04:00,53.840999603271484,53.840999603271484,53.70199966430664,53.7400016784668,23192,0.0,0.0
2025-04-23 15:35:00-04:00,53.709999084472656,53.709999084472656,53.49020004272461,53.5,49447,0.0,0.0
2025-04-23 15:36:00-04:00,53.492000579833984,53.5099983215332,53.430999755859375,53.470001220703125,51654,0.0,0.0
2025-04-23 15:37:00-04:00,53.470001220703125,53.560001373291016,53.41999816894531,53.41999816894531,43250,0.0,0.0
2025-04-23 15:38:00-04:00,53.41999816894531,53.5,53.38199996948242,53.39120101928711,27618,0.0,0.0
2025-04-23 15:39:00-04:00,53.400001525878906,53.459999084472656,53.369998931884766,53.44499969482422,32250,0.0,0.0
2025-04-23 15:40:00-04:00,53.459999084472656,53.5099983215332,53.369998931884766,53.5,34237,0.0,0.0
2025-04-23 15:41:00-04:00,53.492000579833984,53.54999923706055,53.47999954223633,53.47999954223633,29220,0.0,0.0
2025-04-23 15:42:00-04:00,53.474998474121094,53.619998931884766,53.439998626708984,53.5,73906,0.0,0.0
2025-04-23 15:43:00-04:00,53.5099983215332,53.540000915527344,53.47999954223633,53.520999908447266,32716,0.0,0.0
2025-04-23 15:44:00-04:00,53.529998779296875,53.56999969482422,53.500999450683594,53.56999969482422,37499,0.0,0.0
2025-04-23 15:45:00-04:00,53.560001373291016,53.63999938964844,53.55099868774414,53.59000015258789,28418,0.0,0.0
2025-04-23 15:46:00-04:00,53.599998474121094,53.599998474121094,53.470001220703125,53.53499984741211,49140,0.0,0.0
2025-04-23 15:47:00-04:00,53.529998779296875,53.630001068115234,53.529998779296875,53.59000015258789,44984,0.0,0.0
2025-04-23 15:48:00-04:00,53.619998931884766,53.650001525878906,53.58100128173828,53.63750076293945,38456,0.0,0.0
2025-04-23 15:49:00-04:00,53.63999938964844,53.66999816894531,53.590999603271484,53.65999984741211,32894,0.0,0.0
2025-04-23 15:50:00-04:00,53.709999084472656,53.95970153808594,53.709999084472656,53.900001525878906,86863,0.0,0.0
2025-04-23 15:51:00-04:00,53.88999938964844,53.900001525878906,53.79999923706055,53.849998474121094,72297,0.0,0.0
2025-04-23 15:52:00-04:00,53.849998474121094,53.93000030517578,53.790000915527344,53.90999984741211,66599,0.0,0.0
2025-04-23 15:53:00-04:00,53.88999938964844,53.88999938964844,53.814998626708984,53.83000183105469,50213,0.0,0.0
2025-04-23 15:54:00-04:00,53.84000015258789,53.97999954223633,53.84000015258789,53.92100143432617,101542,0.0,0.0
2025-04-23 15:55:00-04:00,53.91999816894531,53.939998626708984,53.790000915527344,53.790000915527344,150343,0.0,0.0
2025-04-23 15:56:00-04:00,53.79499816894531,53.82500076293945,53.66999816894531,53.70500183105469,121447,0.0,0.0
2025-04-23 15:57:00-04:00,53.709999084472656,53.7599983215332,53.67100143432617,53.75,115542,0.0,0.0
2025-04-23 15:58:00-04:00,53.7599983215332,53.78499984741211,53.7400016784668,53.755001068115234,171372,0.0,0.0
2025-04-23 15:59:00-04:00,53.750999450683594,53.79999923706055,53.7400016784668,53.7599983215332,429732,0.0,0.0
2025-04-24 09:30:00-04:00,54.79999923706055,55.40999984741211,54.459999084472656,55.33000183105469,1157459,0.0,0.0
2025-04-24 09:31:00-04:00,55.400001525878906,55.540000915527344,55.11259841918945,55.29499816894531,48975,0.0,0.0
2025-04-24 09:32:00-04:00,55.290000915527344,55.29999923706055,54.83000183105469,54.924400329589844,34783,0.0,0.0
2025-04-24 09:33:00-04:00,54.900001525878906,55.099998474121094,54.849998474121094,55.099998474121094,33945,0.0,0.0
2025-04-24 09:34:00-04:00,55.06999969482422,55.2400016784668,55.029998779296875,55.13679885864258,38144,0.0,0.0
2025-04-24 09:35:00-04:00,55.1349983215332,55.22999954223633,55.04999923706055,55.04999923706055,36308,0.0,0.0
2025-04-24 09:36:00-04:00,55.060001373291016,55.220001220703125,54.96500015258789,55.16999816894531,37337,0.0,0.0
2025-04-24 09:37:00-04:00,55.20000076293945,55.2400016784668,55.09000015258789,55.209999084472656,40761,0.0,0.0
2025-04-24 09:38:00-04:00,55.19049835205078,55.31999969482422,55.06999969482422,55.244998931884766,53566,0.0,0.0
2025-04-24 09:39:00-04:00,55.209999084472656,55.345001220703125,55.20140075683594,55.290000915527344,22704,0.0,0.0
2025-04-24 09:40:00-04:00,55.275001525878906,55.47999954223633,55.2400016784668,55.41999816894531,33869,0.0,0.0
2025-04-24 09:41:00-04:00,55.36000061035156,55.66999816894531,55.3317985534668,55.66999816894531,102787,0.0,0.0
2025-04-24 09:42:00-04:00,55.650001525878906,55.7400016784668,55.599998474121094,55.654998779296875,95606,0.0,0.0
2025-04-24 09:43:00-04:00,55.619998931884766,55.90999984741211,55.619998931884766,55.86330032348633,94110,0.0,0.0
2025-04-24 09:44:00-04:00,55.862701416015625,56.02730178833008,55.81999969482422,55.970001220703125,100571,0.0,0.0
2025-04-24 09:45:00-04:00,55.980899810791016,56.32500076293945,55.95000076293945,56.279998779296875,192926,0.0,0.0
2025-04-24 09:46:00-04:00,56.28499984741211,56.31999969482422,56.209999084472656,56.255001068115234,76361,0.0,0.0
2025-04-24 09:47:00-04:00,56.2400016784668,56.369998931884766,56.1349983215332,56.23500061035156,201273,0.0,0.0
2025-04-24 09:48:00-04:00,56.23500061035156,56.29999923706055,56.13999938964844,56.29999923706055,160999,0.0,0.0
2025-04-24 09:49:00-04:00,56.29999923706055,56.31999969482422,56.099998474121094,56.29999923706055,126552,0.0,0.0
2025-04-24 09:50:00-04:00,56.28350067138672,56.40999984741211,56.2599983215332,56.3849983215332,62466,0.0,0.0
2025-04-24 09:51:00-04:00,56.400001525878906,56.439998626708984,56.36000061035156,56.42499923706055,54257,0.0,0.0
2025-04-24 09:52:00-04:00,56.42499923706055,56.59880065917969,56.22999954223633,56.540000915527344,121149,0.0,0.0
2025-04-24 09:53:00-04:00,56.560001373291016,56.64500045776367,56.5,56.625,90792,0.0,0.0
2025-04-24 09:54:00-04:00,56.625,56.70000076293945,56.59000015258789,56.59000015258789,101584,0.0,0.0
2025-04-24 09:55:00-04:00,56.58000183105469,56.65999984741211,56.5,56.630001068115234,137063,0.0,0.0
2025-04-24 09:56:00-04:00,56.630001068115234,56.744998931884766,56.619998931884766,56.731201171875,85069,0.0,0.0
2025-04-24 09:57:00-04:00,56.72999954223633,56.899898529052734,56.72999954223633,56.83000183105469,102561,0.0,0.0
2025-04-24 09:58:00-04:00,56.84000015258789,56.959999084472656,56.84000015258789,56.91999816894531,65647,0.0,0.0
2025-04-24 09:59:00-04:00,56.91999816894531,56.970001220703125,56.880001068115234,56.95000076293945,52627,0.0,0.0
2025-04-24 10:00:00-04:00,56.939998626708984,57.209999084472656,56.93000030517578,57.20000076293945,140827,0.0,0.0
2025-04-24 10:01:00-04:00,57.20000076293945,57.349998474121094,57.13999938964844,57.310001373291016,92188,0.0,0.0
2025-04-24 10:02:00-04:00,57.31999969482422,57.47999954223633,57.31999969482422,57.369998931884766,153731,0.0,0.0
2025-04-24 10:03:00-04:00,57.41999816894531,57.56999969482422,57.369998931884766,57.529998779296875,221502,0.0,0.0
2025-04-24 10:04:00-04:00,57.51499938964844,57.529998779296875,57.29999923706055,57.3849983215332,94805,0.0,0.0
2025-04-24 10:05:00-04:00,57.38999938964844,57.70000076293945,57.349998474121094,57.619998931884766,84698,0.0,0.0
2025-04-24 10:06:00-04:00,57.6349983215332,57.94990158081055,57.630001068115234,57.81999969482422,372987,0.0,0.0
2025-04-24 10:07:00-04:00,57.810001373291016,57.93000030517578,57.779998779296875,57.86000061035156,339171,0.0,0.0
2025-04-24 10:08:00-04:00,57.86000061035156,57.9656982421875,57.81999969482422,57.87260055541992,124626,0.0,0.0
2025-04-24 10:09:00-04:00,57.880001068115234,57.9197998046875,57.84000015258789,57.880001068115234,66677,0.0,0.0
2025-04-24 10:10:00-04:00,57.86000061035156,57.86000061035156,57.540000915527344,57.55500030517578,173578,0.0,0.0
2025-04-24 10:11:00-04:00,57.58000183105469,57.630001068115234,57.209999084472656,57.209999084472656,114021,0.0,0.0
2025-04-24 10:12:00-04:00,57.220298767089844,57.349998474121094,57.09000015258789,57.11000061035156,71713,0.0,0.0
2025-04-24 10:13:00-04:00,57.11000061035156,57.20000076293945,57.029998779296875,57.16999816894531,64400,0.0,0.0
2025-04-24 10:14:00-04:00,57.150001525878906,57.18000030517578,57.05649948120117,57.060001373291016,37625,0.0,0.0
2025-04-24 10:15:00-04:00,57.06999969482422,57.1150016784668,56.95500183105469,56.98500061035156,57383,0.0,0.0
2025-04-24 10:16:00-04:00,56.97999954223633,57.130001068115234,56.97999954223633,57.09000015258789,57265,0.0,0.0
2025-04-24 10:17:00-04:00,57.07500076293945,57.084999084472656,56.869998931884766,56.869998931884766,55415,0.0,0.0
2025-04-24 10:18:00-04:00,56.900001525878906,56.98500061035156,56.779998779296875,56.91999816894531,40227,0.0,0.0
2025-04-24 10:19:00-04:00,56.970001220703125,57.13999938964844,56.970001220703125,57.099998474121094,39591,0.0,0.0
2025-04-24 10:20:00-04:00,57.099998474121094,57.31999969482422,57.06999969482422,57.310001373291016,66482,0.0,0.0
2025-04-24 10:21:00-04:00,57.310001373291016,57.36000061035156,57.22999954223633,57.27000045776367,46961,0.0,0.0
2025-04-24 10:22:00-04:00,57.265098571777344,57.470001220703125,57.265098571777344,57.41999816894531,62661,0.0,0.0
2025-04-24 10:23:00-04:00,57.40999984741211,57.47999954223633,57.380001068115234,57.38999938964844,36103,0.0,0.0
2025-04-24 10:24:00-04:00,57.400001525878906,57.40999984741211,57.189998626708984,57.220001220703125,43592,0.0,0.0
2025-04-24 10:25:00-04:00,57.239898681640625,57.239898681640625,57.040000915527344,57.125,59516,0.0,0.0
2025-04-24 10:26:00-04:00,57.125,57.130001068115234,56.93000030517578,57.09000015258789,56737,0.0,0.0
2025-04-24 10:27:00-04:00,57.08000183105469,57.27000045776367,57.06999969482422,57.27000045776367,52239,0.0,0.0
2025-04-24 10:28:00-04:00,57.25,57.28499984741211,57.19499969482422,57.22999954223633,67225,0.0,0.0
2025-04-24 10:29:00-04:00,57.22999954223633,57.28950119018555,57.22999954223633,57.26499938964844,34027,0.0,0.0
2025-04-24 10:30:00-04:00,57.25,57.41999816894531,57.21440124511719,57.38999938964844,89051,0.0,0.0
2025-04-24 10:31:00-04:00,57.400001525878906,57.4900016784668,57.33000183105469,57.349998474121094,59972,0.0,0.0
2025-04-24 10:32:00-04:00,57.342899322509766,57.369998931884766,57.27000045776367,57.290000915527344,48720,0.0,0.0
2025-04-24 10:33:00-04:00,57.290000915527344,57.380001068115234,57.2599983215332,57.34000015258789,42357,0.0,0.0
2025-04-24 10:34:00-04:00,57.34000015258789,57.439998626708984,57.29999923706055,57.439998626708984,47365,0.0,0.0
2025-04-24 10:35:00-04:00,57.45000076293945,57.459999084472656,57.30500030517578,57.32500076293945,61487,0.0,0.0
2025-04-24 10:36:00-04:00,57.33000183105469,57.439998626708984,57.32590103149414,57.400001525878906,22495,0.0,0.0
2025-04-24 10:37:00-04:00,57.404998779296875,57.459999084472656,57.33000183105469,57.459999084472656,23285,0.0,0.0
2025-04-24 10:38:00-04:00,57.45000076293945,57.56999969482422,57.40999984741211,57.41999816894531,68572,0.0,0.0
2025-04-24 10:39:00-04:00,57.41210174560547,57.42499923706055,57.2599983215332,57.275001525878906,47409,0.0,0.0
2025-04-24 10:40:00-04:00,57.2599983215332,57.380001068115234,57.2400016784668,57.31999969482422,30603,0.0,0.0
2025-04-24 10:41:00-04:00,57.33000183105469,57.380001068115234,57.25,57.29999923706055,40975,0.0,0.0
2025-04-24 10:42:00-04:00,57.29999923706055,57.33000183105469,57.25709915161133,57.28499984741211,16182,0.0,0.0
2025-04-24 10:43:00-04:00,57.28499984741211,57.29999923706055,57.119998931884766,57.26250076293945,92727,0.0,0.0
2025-04-24 10:44:00-04:00,57.25,57.31999969482422,57.20000076293945,57.244998931884766,29399,0.0,0.0
2025-04-24 10:45:00-04:00,57.290000915527344,57.31999969482422,57.167598724365234,57.189998626708984,26653,0.0,0.0
2025-04-24 10:46:00-04:00,57.18519973754883,57.25,57.18000030517578,57.189998626708984,19937,0.0,0.0
2025-04-24 10:47:00-04:00,57.209999084472656,57.220001220703125,57.060001373291016,57.084999084472656,28615,0.0,0.0
2025-04-24 10:48:00-04:00,57.085601806640625,57.119998931884766,56.939998626708984,56.982200622558594,37841,0.0,0.0
2025-04-24 10:49:00-04:00,56.959999084472656,57.04499816894531,56.959999084472656,57.032501220703125,29089,0.0,0.0
2025-04-24 10:50:00-04:00,57.025001525878906,57.040000915527344,56.849998474121094,56.95000076293945,34488,0.0,0.0
2025-04-24 10:51:00-04:00,56.970001220703125,57.09000015258789,56.939998626708984,57.04999923706055,30428,0.0,0.0
2025-04-24 10:52:00-04:00,57.060001373291016,57.060001373291016,56.86000061035156,56.88999938964844,31515,0.0,0.0
2025-04-24 10:53:00-04:00,56.900001525878906,56.974998474121094,56.849998474121094,56.939998626708984,36139,0.0,0.0
2025-04-24 10:54:00-04:00,56.95000076293945,57.08000183105469,56.939998626708984,56.959999084472656,21626,0.0,0.0
2025-04-24 10:55:00-04:00,56.939998626708984,57.0,56.8849983215332,56.994998931884766,14994,0.0,0.0
2025-04-24 10:56:00-04:00,57.005001068115234,57.040000915527344,56.959999084472656,56.994998931884766,18744,0.0,0.0
2025-04-24 10:57:00-04:00,56.994998931884766,57.02000045776367,56.91999816894531,56.974998474121094,20868,0.0,0.0
2025-04-24 10:58:00-04:00,56.9900016784668,57.0099983215332,56.849998474121094,56.8650016784668,19297,0.0,0.0
2025-04-24 10:59:00-04:00,56.880001068115234,56.970001220703125,56.849998474121094,56.970001220703125,20508,0.0,0.0
2025-04-24 11:00:00-04:00,56.939998626708984,57.06999969482422,56.900001525878906,57.05500030517578,16131,0.0,0.0
2025-04-24 11:01:00-04:00,57.040000915527344,57.13999938964844,56.9900016784668,57.130001068115234,36604,0.0,0.0
2025-04-24 11:02:00-04:00,57.119998931884766,57.20000076293945,57.119998931884766,57.185001373291016,32476,0.0,0.0
2025-04-24 11:03:00-04:00,57.16469955444336,57.18000030517578,57.119998931884766,57.15999984741211,14613,0.0,0.0
2025-04-24 11:04:00-04:00,57.16999816894531,57.33000183105469,57.1697998046875,57.29999923706055,21150,0.0,0.0
2025-04-24 11:05:00-04:00,57.31999969482422,57.380001068115234,57.28419876098633,57.345001220703125,30737,0.0,0.0
2025-04-24 11:06:00-04:00,57.349998474121094,57.38999938964844,57.29999923706055,57.353599548339844,19877,0.0,0.0
2025-04-24 11:07:00-04:00,57.31999969482422,57.439998626708984,57.31999969482422,57.40999984741211,21130,0.0,0.0
2025-04-24 11:08:00-04:00,57.42380142211914,57.48500061035156,57.369998931884766,57.45000076293945,22974,0.0,0.0
2025-04-24 11:09:00-04:00,57.45090103149414,57.52000045776367,57.45000076293945,57.45000076293945,25574,0.0,0.0
2025-04-24 11:10:00-04:00,57.459999084472656,57.540000915527344,57.439998626708984,57.439998626708984,25691,0.0,0.0
2025-04-24 11:11:00-04:00,57.45500183105469,57.540000915527344,57.45500183105469,57.52000045776367,24116,0.0,0.0
2025-04-24 11:12:00-04:00,57.529998779296875,57.559898376464844,57.4900016784668,57.50199890136719,27854,0.0,0.0
2025-04-24 11:13:00-04:00,57.5,57.51499938964844,57.43000030517578,57.5,35694,0.0,0.0
2025-04-24 11:14:00-04:00,57.5099983215332,57.529998779296875,57.45100021362305,57.459999084472656,39437,0.0,0.0
2025-04-24 11:15:00-04:00,57.439998626708984,57.52000045776367,57.380001068115234,57.488800048828125,73446,0.0,0.0
2025-04-24 11:16:00-04:00,57.4900016784668,57.4900016784668,57.380001068115234,57.439998626708984,67673,0.0,0.0
2025-04-24 11:17:00-04:00,57.470001220703125,57.470001220703125,57.36000061035156,57.3849983215332,37376,0.0,0.0
2025-04-24 11:18:00-04:00,57.369998931884766,57.400001525878906,57.36000061035156,57.400001525878906,12943,0.0,0.0
2025-04-24 11:19:00-04:00,57.400001525878906,57.400001525878906,57.27000045776367,57.27000045776367,15342,0.0,0.0
2025-04-24 11:20:00-04:00,57.2599983215332,57.400001525878906,57.2421989440918,57.36000061035156,24179,0.0,0.0
2025-04-24 11:21:00-04:00,57.35749816894531,57.369998931884766,57.31999969482422,57.31999969482422,15155,0.0,0.0
2025-04-24 11:22:00-04:00,57.349998474121094,57.40999984741211,57.31999969482422,57.35499954223633,25233,0.0,0.0
2025-04-24 11:23:00-04:00,57.34000015258789,57.369998931884766,57.220001220703125,57.25,67343,0.0,0.0
2025-04-24 11:24:00-04:00,57.246498107910156,57.30099868774414,57.246498107910156,57.2599983215332,11729,0.0,0.0
2025-04-24 11:25:00-04:00,57.2599983215332,57.27000045776367,57.18090057373047,57.220001220703125,19095,0.0,0.0
2025-04-24 11:26:00-04:00,57.19219970703125,57.290000915527344,57.19219970703125,57.279998779296875,18847,0.0,0.0
2025-04-24 11:27:00-04:00,57.26029968261719,57.345001220703125,57.25,57.25,25242,0.0,0.0
2025-04-24 11:28:00-04:00,57.220001220703125,57.224700927734375,57.099998474121094,57.19580078125,31583,0.0,0.0
2025-04-24 11:29:00-04:00,57.220001220703125,57.25,57.119998931884766,57.16999816894531,30877,0.0,0.0
2025-04-24 11:30:00-04:00,57.17499923706055,57.17499923706055,57.04999923706055,57.09000015258789,24931,0.0,0.0
2025-04-24 11:31:00-04:00,57.06999969482422,57.084999084472656,57.02069854736328,57.08000183105469,12418,0.0,0.0
2025-04-24 11:32:00-04:00,57.08000183105469,57.13999938964844,56.959999084472656,57.11000061035156,33339,0.0,0.0
2025-04-24 11:33:00-04:00,57.119998931884766,57.255001068115234,57.119998931884766,57.255001068115234,14619,0.0,0.0
2025-04-24 11:34:00-04:00,57.27000045776367,57.28499984741211,57.2400016784668,57.25,20787,0.0,0.0
2025-04-24 11:35:00-04:00,57.271400451660156,57.290000915527344,57.25,57.260101318359375,24750,0.0,0.0
2025-04-24 11:36:00-04:00,57.27000045776367,57.29999923706055,57.2599983215332,57.29990005493164,25786,0.0,0.0
2025-04-24 11:37:00-04:00,57.29999923706055,57.310001373291016,57.20000076293945,57.22999954223633,28612,0.0,0.0
2025-04-24 11:38:00-04:00,57.22999954223633,57.29999923706055,57.22880172729492,57.29999923706055,21278,0.0,0.0
2025-04-24 11:39:00-04:00,57.29499816894531,57.31999969482422,57.2599983215332,57.28350067138672,16393,0.0,0.0
2025-04-24 11:40:00-04:00,57.279998779296875,57.31999969482422,57.2400016784668,57.27000045776367,14123,0.0,0.0
2025-04-24 11:41:00-04:00,57.279998779296875,57.33000183105469,57.220001220703125,57.33000183105469,19497,0.0,0.0
2025-04-24 11:42:00-04:00,57.33000183105469,57.369998931884766,57.22999954223633,57.27000045776367,28499,0.0,0.0
2025-04-24 11:43:00-04:00,57.2599983215332,57.27000045776367,57.209999084472656,57.209999084472656,15190,0.0,0.0
2025-04-24 11:44:00-04:00,57.22999954223633,57.22999954223633,57.17399978637695,57.189998626708984,11818,0.0,0.0
2025-04-24 11:45:00-04:00,57.20000076293945,57.255001068115234,57.16999816894531,57.2400016784668,13304,0.0,0.0
2025-04-24 11:46:00-04:00,57.27000045776367,57.29499816894531,57.209999084472656,57.27000045776367,26698,0.0,0.0
2025-04-24 11:47:00-04:00,57.273799896240234,57.369998931884766,57.273799896240234,57.36980056762695,16546,0.0,0.0
2025-04-24 11:48:00-04:00,57.36589813232422,57.400001525878906,57.26499938964844,57.275001525878906,41657,0.0,0.0
2025-04-24 11:49:00-04:00,57.28499984741211,57.310001373291016,57.22999954223633,57.275001525878906,17817,0.0,0.0
2025-04-24 11:50:00-04:00,57.279998779296875,57.29999923706055,57.209999084472656,57.2599983215332,19258,0.0,0.0
2025-04-24 11:51:00-04:00,57.275001525878906,57.38999938964844,57.275001525878906,57.349998474121094,42067,0.0,0.0
2025-04-24 11:52:00-04:00,57.36000061035156,57.51969909667969,57.36000061035156,57.51969909667969,38779,0.0,0.0
2025-04-24 11:53:00-04:00,57.52000045776367,57.56999969482422,57.47999954223633,57.56999969482422,21178,0.0,0.0
2025-04-24 11:54:00-04:00,57.56019973754883,57.56999969482422,57.5099983215332,57.529998779296875,31193,0.0,0.0
2025-04-24 11:55:00-04:00,57.540000915527344,57.625,57.52000045776367,57.61289978027344,47763,0.0,0.0
2025-04-24 11:56:00-04:00,57.619998931884766,57.650001525878906,57.470001220703125,57.47999954223633,39051,0.0,0.0
2025-04-24 11:57:00-04:00,57.48500061035156,57.5099983215332,57.38999938964844,57.46500015258789,36657,0.0,0.0
2025-04-24 11:58:00-04:00,57.45000076293945,57.459999084472656,57.39500045776367,57.40999984741211,26349,0.0,0.0
2025-04-24 11:59:00-04:00,57.38999938964844,57.38999938964844,57.279998779296875,57.31999969482422,29503,0.0,0.0
2025-04-24 12:00:00-04:00,57.34000015258789,57.38999938964844,57.34000015258789,57.37710189819336,16840,0.0,0.0
2025-04-24 12:01:00-04:00,57.379798889160156,57.404998779296875,57.349998474121094,57.38999938964844,26264,0.0,0.0
2025-04-24 12:02:00-04:00,57.38999938964844,57.400001525878906,57.286598205566406,57.34000015258789,15039,0.0,0.0
2025-04-24 12:03:00-04:00,57.31999969482422,57.36000061035156,57.279998779296875,57.36000061035156,25835,0.0,0.0
2025-04-24 12:04:00-04:00,57.36989974975586,57.400001525878906,57.25,57.25,34571,0.0,0.0
2025-04-24 12:05:00-04:00,57.244998931884766,57.279998779296875,57.09000015258789,57.1150016784668,33304,0.0,0.0
2025-04-24 12:06:00-04:00,57.10499954223633,57.18000030517578,57.06999969482422,57.06999969482422,78342,0.0,0.0
2025-04-24 12:07:00-04:00,57.06999969482422,57.1349983215332,57.029998779296875,57.1349983215332,33558,0.0,0.0
2025-04-24 12:08:00-04:00,57.13999938964844,57.220001220703125,57.130001068115234,57.149898529052734,34955,0.0,0.0
2025-04-24 12:09:00-04:00,57.150001525878906,57.20000076293945,57.150001525878906,57.19499969482422,21242,0.0,0.0
2025-04-24 12:10:00-04:00,57.16999816894531,57.25,57.16999816894531,57.21500015258789,30764,0.0,0.0
2025-04-24 12:11:00-04:00,57.209999084472656,57.23500061035156,57.18009948730469,57.21500015258789,23146,0.0,0.0
2025-04-24 12:12:00-04:00,57.21500015258789,57.279998779296875,57.21500015258789,57.23500061035156,20507,0.0,0.0
2025-04-24 12:13:00-04:00,57.2400016784668,57.279998779296875,57.220001220703125,57.2400016784668,17900,0.0,0.0
2025-04-24 12:14:00-04:00,57.25,57.279998779296875,57.22999954223633,57.25,12641,0.0,0.0
2025-04-24 12:15:00-04:00,57.25,57.26499938964844,57.16999816894531,57.224998474121094,24020,0.0,0.0
2025-04-24 12:16:00-04:00,57.23550033569336,57.23550033569336,57.14500045776367,57.189998626708984,29262,0.0,0.0
2025-04-24 12:17:00-04:00,57.18000030517578,57.2400016784668,57.18000030517578,57.224998474121094,21529,0.0,0.0
2025-04-24 12:18:00-04:00,57.22999954223633,57.22999954223633,57.160099029541016,57.18479919433594,13351,0.0,0.0
2025-04-24 12:19:00-04:00,57.18000030517578,57.19139862060547,57.119998931884766,57.19139862060547,44981,0.0,0.0
2025-04-24 12:20:00-04:00,57.20000076293945,57.2599983215332,57.20000076293945,57.22999954223633,64724,0.0,0.0
2025-04-24 12:21:00-04:00,57.244998931884766,57.299800872802734,57.2400016784668,57.29930114746094,16808,0.0,0.0
2025-04-24 12:22:00-04:00,57.29999923706055,57.325801849365234,57.290000915527344,57.310001373291016,12014,0.0,0.0
2025-04-24 12:23:00-04:00,57.29999923706055,57.369998931884766,57.29999923706055,57.349998474121094,27807,0.0,0.0
2025-04-24 12:24:00-04:00,57.36000061035156,57.36000061035156,57.220001220703125,57.22999954223633,58544,0.0,0.0
2025-04-24 12:25:00-04:00,57.22999954223633,57.2599983215332,57.2135009765625,57.2599983215332,23654,0.0,0.0
2025-04-24 12:26:00-04:00,57.2599983215332,57.2599983215332,57.119998931884766,57.185001373291016,56415,0.0,0.0
2025-04-24 12:27:00-04:00,57.15999984741211,57.2400016784668,57.15999984741211,57.2400016784668,12969,0.0,0.0
2025-04-24 12:28:00-04:00,57.2400016784668,57.36000061035156,57.22999954223633,57.27000045776367,75992,0.0,0.0
2025-04-24 12:29:00-04:00,57.279998779296875,57.29499816894531,57.15999984741211,57.224998474121094,26203,0.0,0.0
2025-04-24 12:30:00-04:00,57.224998474121094,57.33000183105469,57.209999084472656,57.255001068115234,42935,0.0,0.0
2025-04-24 12:31:00-04:00,57.2599983215332,57.279998779296875,57.20000076293945,57.2400016784668,19315,0.0,0.0
2025-04-24 12:32:00-04:00,57.22999954223633,57.33000183105469,57.209999084472656,57.29999923706055,17642,0.0,0.0
2025-04-24 12:33:00-04:00,57.31039810180664,57.415000915527344,57.279998779296875,57.415000915527344,33536,0.0,0.0
2025-04-24 12:34:00-04:00,57.415000915527344,57.470001220703125,57.38999938964844,57.38999938964844,31314,0.0,0.0
2025-04-24 12:35:00-04:00,57.400001525878906,57.4900016784668,57.369998931884766,57.4900016784668,27206,0.0,0.0
2025-04-24 12:36:00-04:00,57.5,57.54999923706055,57.47999954223633,57.544498443603516,21414,0.0,0.0
2025-04-24 12:37:00-04:00,57.54999923706055,57.54999923706055,57.459999084472656,57.4900016784668,20349,0.0,0.0
2025-04-24 12:38:00-04:00,57.4900016784668,57.4900016784668,57.40999984741211,57.459999084472656,17036,0.0,0.0
2025-04-24 12:39:00-04:00,57.470001220703125,57.52000045776367,57.470001220703125,57.5099983215332,21111,0.0,0.0
2025-04-24 12:40:00-04:00,57.5099983215332,57.51499938964844,57.459999084472656,57.461299896240234,26890,0.0,0.0
2025-04-24 12:41:00-04:00,57.459999084472656,57.48500061035156,57.38290023803711,57.415000915527344,21348,0.0,0.0
2025-04-24 12:42:00-04:00,57.439998626708984,57.459999084472656,57.40999984741211,57.459999084472656,13333,0.0,0.0
2025-04-24 12:43:00-04:00,57.459999084472656,57.470001220703125,57.42499923706055,57.42499923706055,17762,0.0,0.0
2025-04-24 12:44:00-04:00,57.43000030517578,57.43000030517578,57.380001068115234,57.39500045776367,43042,0.0,0.0
2025-04-24 12:45:00-04:00,57.400001525878906,57.404998779296875,57.33000183105469,57.345001220703125,41218,0.0,0.0
2025-04-24 12:46:00-04:00,57.34000015258789,57.400001525878906,57.34000015258789,57.400001525878906,20882,0.0,0.0
2025-04-24 12:47:00-04:00,57.400001525878906,57.40999984741211,57.36000061035156,57.36000061035156,10251,0.0,0.0
2025-04-24 12:48:00-04:00,57.36000061035156,57.400001525878906,57.310001373291016,57.400001525878906,19175,0.0,0.0
2025-04-24 12:49:00-04:00,57.400001525878906,57.400001525878906,57.349998474121094,57.383201599121094,21646,0.0,0.0
2025-04-24 12:50:00-04:00,57.375,57.400001525878906,57.359901428222656,57.380001068115234,18324,0.0,0.0
2025-04-24 12:51:00-04:00,57.380001068115234,57.4099006652832,57.33000183105469,57.3650016784668,30309,0.0,0.0
2025-04-24 12:52:00-04:00,57.369998931884766,57.380001068115234,57.345001220703125,57.36000061035156,11592,0.0,0.0
2025-04-24 12:53:00-04:00,57.36000061035156,57.425899505615234,57.330101013183594,57.400001525878906,18356,0.0,0.0
2025-04-24 12:54:00-04:00,57.400001525878906,57.42499923706055,57.38999938964844,57.400001525878906,17924,0.0,0.0
2025-04-24 12:55:00-04:00,57.40999984741211,57.54990005493164,57.40999984741211,57.4900016784668,32067,0.0,0.0
2025-04-24 12:56:00-04:00,57.5099983215332,57.619998931884766,57.4900016784668,57.56999969482422,24200,0.0,0.0
2025-04-24 12:57:00-04:00,57.57500076293945,57.63990020751953,57.57500076293945,57.61000061035156,16451,0.0,0.0
2025-04-24 12:58:00-04:00,57.619998931884766,57.65999984741211,57.61000061035156,57.65999984741211,19376,0.0,0.0
2025-04-24 12:59:00-04:00,57.65999984741211,57.66999816894531,57.56999969482422,57.584999084472656,32557,0.0,0.0
2025-04-24 13:00:00-04:00,57.56999969482422,57.584999084472656,57.47999954223633,57.529998779296875,19086,0.0,0.0
2025-04-24 13:01:00-04:00,57.529998779296875,57.625,57.52000045776367,57.54999923706055,15652,0.0,0.0
2025-04-24 13:02:00-04:00,57.540000915527344,57.58000183105469,57.5099983215332,57.529998779296875,53559,0.0,0.0
2025-04-24 13:03:00-04:00,57.540000915527344,57.729000091552734,57.540000915527344,57.70819854736328,32155,0.0,0.0
2025-04-24 13:04:00-04:00,57.71500015258789,57.744998931884766,57.68000030517578,57.744998931884766,28597,0.0,0.0
2025-04-24 13:05:00-04:00,57.7400016784668,57.77000045776367,57.720001220703125,57.7400016784668,19611,0.0,0.0
2025-04-24 13:06:00-04:00,57.72999954223633,57.75,57.640499114990234,57.66999816894531,46002,0.0,0.0
2025-04-24 13:07:00-04:00,57.66999816894531,57.724998474121094,57.65010070800781,57.724998474121094,21980,0.0,0.0
2025-04-24 13:08:00-04:00,57.724998474121094,57.7400016784668,57.709999084472656,57.720001220703125,6645,0.0,0.0
2025-04-24 13:09:00-04:00,57.720001220703125,57.724998474121094,57.63999938964844,57.63999938964844,23259,0.0,0.0
2025-04-24 13:10:00-04:00,57.650001525878906,57.76499938964844,57.650001525878906,57.76499938964844,35609,0.0,0.0
2025-04-24 13:11:00-04:00,57.77000045776367,57.79059982299805,57.73500061035156,57.7599983215332,28391,0.0,0.0
2025-04-24 13:12:00-04:00,57.75310134887695,57.779998779296875,57.70000076293945,57.75529861450195,25498,0.0,0.0
2025-04-24 13:13:00-04:00,57.77000045776367,57.77000045776367,57.6349983215332,57.650001525878906,51423,0.0,0.0
2025-04-24 13:14:00-04:00,57.65999984741211,57.75,57.65999984741211,57.744998931884766,41868,0.0,0.0
2025-04-24 13:15:00-04:00,57.7400016784668,57.77000045776367,57.72999954223633,57.7400016784668,24419,0.0,0.0
2025-04-24 13:16:00-04:00,57.7599983215332,57.79999923706055,57.73830032348633,57.779998779296875,31074,0.0,0.0
2025-04-24 13:17:00-04:00,57.72999954223633,57.790000915527344,57.70000076293945,57.724998474121094,23975,0.0,0.0
2025-04-24 13:18:00-04:00,57.720001220703125,57.7599983215332,57.67499923706055,57.709999084472656,93807,0.0,0.0
2025-04-24 13:19:00-04:00,57.720001220703125,57.7400016784668,57.650001525878906,57.65999984741211,60771,0.0,0.0
2025-04-24 13:20:00-04:00,57.66999816894531,57.70000076293945,57.59000015258789,57.61000061035156,32754,0.0,0.0
2025-04-24 13:21:00-04:00,57.599998474121094,57.70000076293945,57.599998474121094,57.69499969482422,19114,0.0,0.0
2025-04-24 13:22:00-04:00,57.67499923706055,57.75,57.65729904174805,57.73469924926758,18058,0.0,0.0
2025-04-24 13:23:00-04:00,57.72999954223633,57.73500061035156,57.599998474121094,57.599998474121094,41823,0.0,0.0
2025-04-24 13:24:00-04:00,57.61000061035156,57.68000030517578,57.599998474121094,57.68000030517578,30926,0.0,0.0
2025-04-24 13:25:00-04:00,57.69499969482422,57.75,57.685001373291016,57.709999084472656,14337,0.0,0.0
2025-04-24 13:26:00-04:00,57.720001220703125,57.72999954223633,57.68000030517578,57.720001220703125,20382,0.0,0.0
2025-04-24 13:27:00-04:00,57.72999954223633,57.75,57.689998626708984,57.720001220703125,25390,0.0,0.0
2025-04-24 13:28:00-04:00,57.720001220703125,57.78929901123047,57.701499938964844,57.779998779296875,19060,0.0,0.0
2025-04-24 13:29:00-04:00,57.779998779296875,57.790000915527344,57.7400016784668,57.7599983215332,21002,0.0,0.0
2025-04-24 13:30:00-04:00,57.7599983215332,57.84000015258789,57.7599983215332,57.79999923706055,35459,0.0,0.0
2025-04-24 13:31:00-04:00,57.810001373291016,57.810001373291016,57.7400016784668,57.775001525878906,40872,0.0,0.0
2025-04-24 13:32:00-04:00,57.779998779296875,57.81999969482422,57.775001525878906,57.775001525878906,19240,0.0,0.0
2025-04-24 13:33:00-04:00,57.77000045776367,57.810001373291016,57.72999954223633,57.79499816894531,13374,0.0,0.0
2025-04-24 13:34:00-04:00,57.779998779296875,57.779998779296875,57.720001220703125,57.720001220703125,14598,0.0,0.0
2025-04-24 13:35:00-04:00,57.720001220703125,57.724998474121094,57.66999816894531,57.68000030517578,14932,0.0,0.0
2025-04-24 13:36:00-04:00,57.65999984741211,57.709999084472656,57.650001525878906,57.689998626708984,31760,0.0,0.0
2025-04-24 13:37:00-04:00,57.70000076293945,57.7598991394043,57.70000076293945,57.709999084472656,21644,0.0,0.0
2025-04-24 13:38:00-04:00,57.720001220703125,57.72999954223633,57.689998626708984,57.71229934692383,19491,0.0,0.0
2025-04-24 13:39:00-04:00,57.720001220703125,57.720001220703125,57.63999938964844,57.68000030517578,24886,0.0,0.0
2025-04-24 13:40:00-04:00,57.67499923706055,57.70000076293945,57.63999938964844,57.65999984741211,18891,0.0,0.0
2025-04-24 13:41:00-04:00,57.66899871826172,57.68000030517578,57.56999969482422,57.56999969482422,30019,0.0,0.0
2025-04-24 13:42:00-04:00,57.56999969482422,57.599998474121094,57.544700622558594,57.584999084472656,15292,0.0,0.0
2025-04-24 13:43:00-04:00,57.58000183105469,57.59389877319336,57.540000915527344,57.54999923706055,27630,0.0,0.0
2025-04-24 13:44:00-04:00,57.55950164794922,57.63999938964844,57.54899978637695,57.630001068115234,17143,0.0,0.0
2025-04-24 13:45:00-04:00,57.6349983215332,57.64500045776367,57.56999969482422,57.56999969482422,20444,0.0,0.0
2025-04-24 13:46:00-04:00,57.599998474121094,57.665000915527344,57.59000015258789,57.61000061035156,48002,0.0,0.0
2025-04-24 13:47:00-04:00,57.619998931884766,57.65999984741211,57.61000061035156,57.6150016784668,46777,0.0,0.0
2025-04-24 13:48:00-04:00,57.599998474121094,57.60919952392578,57.54999923706055,57.55500030517578,17098,0.0,0.0
2025-04-24 13:49:00-04:00,57.54999923706055,57.63999938964844,57.54999923706055,57.6150016784668,12217,0.0,0.0
2025-04-24 13:50:00-04:00,57.6150016784668,57.619998931884766,57.599998474121094,57.61000061035156,13693,0.0,0.0
2025-04-24 13:51:00-04:00,57.56999969482422,57.66389846801758,57.560001373291016,57.65999984741211,20990,0.0,0.0
2025-04-24 13:52:00-04:00,57.66809844970703,57.69990158081055,57.59000015258789,57.630001068115234,21475,0.0,0.0
2025-04-24 13:53:00-04:00,57.619998931884766,57.650001525878906,57.59000015258789,57.63600158691406,13205,0.0,0.0
2025-04-24 13:54:00-04:00,57.64500045776367,57.709999084472656,57.63999938964844,57.709999084472656,34240,0.0,0.0
2025-04-24 13:55:00-04:00,57.720001220703125,57.720001220703125,57.53499984741211,57.542198181152344,40714,0.0,0.0
2025-04-24 13:56:00-04:00,57.54999923706055,57.56999969482422,57.5,57.53990173339844,44246,0.0,0.0
2025-04-24 13:57:00-04:00,57.5359001159668,57.619998931884766,57.529998779296875,57.619998931884766,40990,0.0,0.0
2025-04-24 13:58:00-04:00,57.61000061035156,57.70000076293945,57.61000061035156,57.70000076293945,26612,0.0,0.0
2025-04-24 13:59:00-04:00,57.689998626708984,57.70000076293945,57.63999938964844,57.685001373291016,44244,0.0,0.0
2025-04-24 14:00:00-04:00,57.66999816894531,57.709999084472656,57.630001068115234,57.689998626708984,30339,0.0,0.0
2025-04-24 14:01:00-04:00,57.709999084472656,57.75,57.689998626708984,57.72999954223633,26874,0.0,0.0
2025-04-24 14:02:00-04:00,57.72999954223633,57.7599983215332,57.66999816894531,57.709999084472656,40342,0.0,0.0
2025-04-24 14:03:00-04:00,57.70000076293945,57.709999084472656,57.630001068115234,57.650001525878906,35890,0.0,0.0
2025-04-24 14:04:00-04:00,57.665000915527344,57.70000076293945,57.650001525878906,57.650001525878906,19063,0.0,0.0
2025-04-24 14:05:00-04:00,57.654998779296875,57.654998779296875,57.56999969482422,57.63999938964844,20833,0.0,0.0
2025-04-24 14:06:00-04:00,57.63010025024414,57.75,57.63010025024414,57.689998626708984,25103,0.0,0.0
2025-04-24 14:07:00-04:00,57.68000030517578,57.71910095214844,57.630001068115234,57.71910095214844,36015,0.0,0.0
2025-04-24 14:08:00-04:00,57.7140007019043,57.72999954223633,57.654998779296875,57.71500015258789,22516,0.0,0.0
2025-04-24 14:09:00-04:00,57.72999954223633,57.72999954223633,57.615501403808594,57.63999938964844,28088,0.0,0.0
2025-04-24 14:10:00-04:00,57.63999938964844,57.63999938964844,57.560001373291016,57.599998474121094,37328,0.0,0.0
2025-04-24 14:11:00-04:00,57.61000061035156,57.630001068115234,57.58000183105469,57.619998931884766,43025,0.0,0.0
2025-04-24 14:12:00-04:00,57.599998474121094,57.63999938964844,57.5099983215332,57.529998779296875,42326,0.0,0.0
2025-04-24 14:13:00-04:00,57.5099983215332,57.560001373291016,57.5,57.540000915527344,40593,0.0,0.0
2025-04-24 14:14:00-04:00,57.53919982910156,57.560001373291016,57.505001068115234,57.529998779296875,54817,0.0,0.0
2025-04-24 14:15:00-04:00,57.52000045776367,57.56999969482422,57.52000045776367,57.529998779296875,15446,0.0,0.0
2025-04-24 14:16:00-04:00,57.539398193359375,57.539398193359375,57.400001525878906,57.439998626708984,53483,0.0,0.0
2025-04-24 14:17:00-04:00,57.45000076293945,57.45000076293945,57.31999969482422,57.34149932861328,20107,0.0,0.0
2025-04-24 14:18:00-04:00,57.349998474121094,57.41999816894531,57.34000015258789,57.40999984741211,20117,0.0,0.0
2025-04-24 14:19:00-04:00,57.41999816894531,57.4900016784668,57.418399810791016,57.47999954223633,22869,0.0,0.0
2025-04-24 14:20:00-04:00,57.47999954223633,57.5099983215332,57.404998779296875,57.41999816894531,44425,0.0,0.0
2025-04-24 14:21:00-04:00,57.43000030517578,57.47999954223633,57.400001525878906,57.45000076293945,41753,0.0,0.0
2025-04-24 14:22:00-04:00,57.459999084472656,57.4900016784668,57.439998626708984,57.47999954223633,15780,0.0,0.0
2025-04-24 14:23:00-04:00,57.470001220703125,57.470001220703125,57.428001403808594,57.459999084472656,38610,0.0,0.0
2025-04-24 14:24:00-04:00,57.459999084472656,57.505001068115234,57.45389938354492,57.5,55609,0.0,0.0
2025-04-24 14:25:00-04:00,57.5,57.54999923706055,57.470001220703125,57.5,49132,0.0,0.0
2025-04-24 14:26:00-04:00,57.48500061035156,57.525001525878906,57.47999954223633,57.48870086669922,11705,0.0,0.0
2025-04-24 14:27:00-04:00,57.4900016784668,57.54999923706055,57.48500061035156,57.540000915527344,17249,0.0,0.0
2025-04-24 14:28:00-04:00,57.529998779296875,57.540000915527344,57.499000549316406,57.52000045776367,20724,0.0,0.0
2025-04-24 14:29:00-04:00,57.529998779296875,57.529998779296875,57.400001525878906,57.40999984741211,40551,0.0,0.0
2025-04-24 14:30:00-04:00,57.40999984741211,57.4900016784668,57.400001525878906,57.470001220703125,24250,0.0,0.0
2025-04-24 14:31:00-04:00,57.45000076293945,57.48160171508789,57.380001068115234,57.400001525878906,34368,0.0,0.0
2025-04-24 14:32:00-04:00,57.40039825439453,57.40039825439453,57.345001220703125,57.369998931884766,11174,0.0,0.0
2025-04-24 14:33:00-04:00,57.4093017578125,57.41999816894531,57.38999938964844,57.400001525878906,10973,0.0,0.0
2025-04-24 14:34:00-04:00,57.39590072631836,57.41999816894531,57.380001068115234,57.400001525878906,13895,0.0,0.0
2025-04-24 14:35:00-04:00,57.400001525878906,57.439998626708984,57.369998931884766,57.38999938964844,29652,0.0,0.0
2025-04-24 14:36:00-04:00,57.380001068115234,57.380001068115234,57.279998779296875,57.31999969482422,21983,0.0,0.0
2025-04-24 14:37:00-04:00,57.31999969482422,57.36000061035156,57.28099822998047,57.33000183105469,11183,0.0,0.0
2025-04-24 14:38:00-04:00,57.33000183105469,57.38999938964844,57.31999969482422,57.38999938964844,16981,0.0,0.0
2025-04-24 14:39:00-04:00,57.380001068115234,57.41999816894531,57.369998931884766,57.40999984741211,39694,0.0,0.0
2025-04-24 14:40:00-04:00,57.41999816894531,57.459999084472656,57.40999984741211,57.459999084472656,31826,0.0,0.0
2025-04-24 14:41:00-04:00,57.46969985961914,57.46969985961914,57.38999938964844,57.38999938964844,22038,0.0,0.0
2025-04-24 14:42:00-04:00,57.380001068115234,57.43000030517578,57.36029815673828,57.41999816894531,24569,0.0,0.0
2025-04-24 14:43:00-04:00,57.41230010986328,57.439998626708984,57.349998474121094,57.35499954223633,38674,0.0,0.0
2025-04-24 14:44:00-04:00,57.35499954223633,57.380001068115234,57.33000183105469,57.36000061035156,42027,0.0,0.0
2025-04-24 14:45:00-04:00,57.35279846191406,57.38999938964844,57.27009963989258,57.279998779296875,47420,0.0,0.0
2025-04-24 14:46:00-04:00,57.290000915527344,57.36589813232422,57.290000915527344,57.36000061035156,26757,0.0,0.0
2025-04-24 14:47:00-04:00,57.35499954223633,57.35499954223633,57.310001373291016,57.34239959716797,20742,0.0,0.0
2025-04-24 14:48:00-04:00,57.349998474121094,57.380001068115234,57.32939910888672,57.369998931884766,24136,0.0,0.0
2025-04-24 14:49:00-04:00,57.349998474121094,57.39979934692383,57.349998474121094,57.3849983215332,28801,0.0,0.0
2025-04-24 14:50:00-04:00,57.400001525878906,57.400001525878906,57.369998931884766,57.38999938964844,18434,0.0,0.0
2025-04-24 14:51:00-04:00,57.38999938964844,57.40999984741211,57.349998474121094,57.36199951171875,30182,0.0,0.0
2025-04-24 14:52:00-04:00,57.36370086669922,57.419898986816406,57.31999969482422,57.419898986816406,27891,0.0,0.0
2025-04-24 14:53:00-04:00,57.41999816894531,57.43000030517578,57.40060043334961,57.40999984741211,19592,0.0,0.0
2025-04-24 14:54:00-04:00,57.400001525878906,57.41999816894531,57.380001068115234,57.38999938964844,24733,0.0,0.0
2025-04-24 14:55:00-04:00,57.400001525878906,57.41999816894531,57.380001068115234,57.400001525878906,29856,0.0,0.0
2025-04-24 14:56:00-04:00,57.40999984741211,57.40999984741211,57.349998474121094,57.369998931884766,22641,0.0,0.0
2025-04-24 14:57:00-04:00,57.369998931884766,57.386600494384766,57.34000015258789,57.349998474121094,23477,0.0,0.0
2025-04-24 14:58:00-04:00,57.349998474121094,57.349998474121094,57.310001373291016,57.33000183105469,20438,0.0,0.0
2025-04-24 14:59:00-04:00,57.334999084472656,57.349998474121094,57.310001373291016,57.31999969482422,27114,0.0,0.0
2025-04-24 15:00:00-04:00,57.310001373291016,57.33000183105469,57.29999923706055,57.33000183105469,22589,0.0,0.0
2025-04-24 15:01:00-04:00,57.32500076293945,57.33000183105469,57.20000076293945,57.20000076293945,42903,0.0,0.0
2025-04-24 15:02:00-04:00,57.189998626708984,57.25,57.189998626708984,57.220001220703125,44298,0.0,0.0
2025-04-24 15:03:00-04:00,57.2140998840332,57.27000045776367,57.099998474121094,57.119998931884766,36404,0.0,0.0
2025-04-24 15:04:00-04:00,57.120399475097656,57.120399475097656,57.02000045776367,57.04050064086914,32742,0.0,0.0
2025-04-24 15:05:00-04:00,57.04999923706055,57.15999984741211,57.04999923706055,57.08000183105469,23855,0.0,0.0
2025-04-24 15:06:00-04:00,57.08000183105469,57.08000183105469,57.040000915527344,57.060001373291016,20472,0.0,0.0
2025-04-24 15:07:00-04:00,57.060001373291016,57.06999969482422,56.97999954223633,57.0,53780,0.0,0.0
2025-04-24 15:08:00-04:00,57.0,57.01129913330078,56.939998626708984,56.95100021362305,31469,0.0,0.0
2025-04-24 15:09:00-04:00,56.95989990234375,56.959999084472656,56.880001068115234,56.959999084472656,29923,0.0,0.0
2025-04-24 15:10:00-04:00,56.970001220703125,56.97999954223633,56.790000915527344,56.790000915527344,39129,0.0,0.0
2025-04-24 15:11:00-04:00,56.779998779296875,56.84000015258789,56.7599983215332,56.80500030517578,22281,0.0,0.0
2025-04-24 15:12:00-04:00,56.810001373291016,56.810001373291016,56.759300231933594,56.7599983215332,16841,0.0,0.0
2025-04-24 15:13:00-04:00,56.77000045776367,56.775001525878906,56.63999938964844,56.65999984741211,30905,0.0,0.0
2025-04-24 15:14:00-04:00,56.68220138549805,56.810001373291016,56.650001525878906,56.810001373291016,32872,0.0,0.0
2025-04-24 15:15:00-04:00,56.815101623535156,56.84000015258789,56.78020095825195,56.84000015258789,25948,0.0,0.0
2025-04-24 15:16:00-04:00,56.84000015258789,56.91780090332031,56.81999969482422,56.91699981689453,27760,0.0,0.0
2025-04-24 15:17:00-04:00,56.90999984741211,56.96929931640625,56.88999938964844,56.95000076293945,35295,0.0,0.0
2025-04-24 15:18:00-04:00,56.95000076293945,57.0099983215332,56.91999816894531,56.970001220703125,50685,0.0,0.0
2025-04-24 15:19:00-04:00,56.970001220703125,57.01100158691406,56.970001220703125,57.01100158691406,24838,0.0,0.0
2025-04-24 15:20:00-04:00,57.0,57.0,56.93000030517578,56.959999084472656,46509,0.0,0.0
2025-04-24 15:21:00-04:00,56.9900016784668,57.060001373291016,56.9900016784668,57.04100036621094,20045,0.0,0.0
2025-04-24 15:22:00-04:00,57.040000915527344,57.130001068115234,57.040000915527344,57.09000015258789,33732,0.0,0.0
2025-04-24 15:23:00-04:00,57.09000015258789,57.09000015258789,56.97999954223633,57.0,29214,0.0,0.0
2025-04-24 15:24:00-04:00,57.02000045776367,57.040000915527344,56.970001220703125,56.97999954223633,22631,0.0,0.0
2025-04-24 15:25:00-04:00,56.97999954223633,57.08000183105469,56.97999954223633,57.04999923706055,33490,0.0,0.0
2025-04-24 15:26:00-04:00,57.05500030517578,57.07500076293945,57.029998779296875,57.04999923706055,19266,0.0,0.0
2025-04-24 15:27:00-04:00,57.04999923706055,57.08000183105469,57.029998779296875,57.037498474121094,29084,0.0,0.0
2025-04-24 15:28:00-04:00,57.029998779296875,57.029998779296875,56.970001220703125,57.0,47883,0.0,0.0
2025-04-24 15:29:00-04:00,57.0,57.0,56.93000030517578,56.95000076293945,41246,0.0,0.0
2025-04-24 15:30:00-04:00,56.959999084472656,56.967498779296875,56.869998931884766,56.88999938964844,44826,0.0,0.0
2025-04-24 15:31:00-04:00,56.88240051269531,56.95000076293945,56.849998474121094,56.915000915527344,31310,0.0,0.0
2025-04-24 15:32:00-04:00,56.90999984741211,56.930599212646484,56.880001068115234,56.88999938964844,23287,0.0,0.0
2025-04-24 15:33:00-04:00,56.88999938964844,56.90999984741211,56.86000061035156,56.875,16305,0.0,0.0
2025-04-24 15:34:00-04:00,56.875,56.90999984741211,56.81999969482422,56.83000183105469,32336,0.0,0.0
2025-04-24 15:35:00-04:00,56.83000183105469,56.92530059814453,56.790000915527344,56.92530059814453,28855,0.0,0.0
2025-04-24 15:36:00-04:00,56.93000030517578,56.939998626708984,56.86000061035156,56.889400482177734,24587,0.0,0.0
2025-04-24 15:37:00-04:00,56.881500244140625,56.94969940185547,56.869998931884766,56.939998626708984,19585,0.0,0.0
2025-04-24 15:38:00-04:00,56.95000076293945,56.959999084472656,56.89500045776367,56.95899963378906,32332,0.0,0.0
2025-04-24 15:39:00-04:00,56.959999084472656,56.97999954223633,56.939998626708984,56.959999084472656,32914,0.0,0.0
2025-04-24 15:40:00-04:00,56.959999084472656,56.959999084472656,56.915000915527344,56.92499923706055,25521,0.0,0.0
2025-04-24 15:41:00-04:00,56.93000030517578,56.970001220703125,56.93000030517578,56.959800720214844,44520,0.0,0.0
2025-04-24 15:42:00-04:00,56.95500183105469,56.97999954223633,56.939998626708984,56.959999084472656,38231,0.0,0.0
2025-04-24 15:43:00-04:00,56.95000076293945,56.970001220703125,56.915000915527344,56.94499969482422,35092,0.0,0.0
2025-04-24 15:44:00-04:00,56.941001892089844,56.9900016784668,56.930999755859375,56.97999954223633,26118,0.0,0.0
2025-04-24 15:45:00-04:00,56.9900016784668,56.994998931884766,56.93000030517578,56.955501556396484,31232,0.0,0.0
2025-04-24 15:46:00-04:00,56.959999084472656,56.96989822387695,56.93000030517578,56.96500015258789,40009,0.0,0.0
2025-04-24 15:47:00-04:00,56.959999084472656,57.01499938964844,56.959999084472656,56.98500061035156,53106,0.0,0.0
2025-04-24 15:48:00-04:00,56.9900016784668,57.08000183105469,56.98500061035156,57.06999969482422,42158,0.0,0.0
2025-04-24 15:49:00-04:00,57.07099914550781,57.209999084472656,57.07099914550781,57.185001373291016,60024,0.0,0.0
2025-04-24 15:50:00-04:00,57.20000076293945,57.33769989013672,57.1609992980957,57.189998626708984,106992,0.0,0.0
2025-04-24 15:51:00-04:00,57.20000076293945,57.220001220703125,57.119998931884766,57.14500045776367,77873,0.0,0.0
2025-04-24 15:52:00-04:00,57.13999938964844,57.25,57.111000061035156,57.220001220703125,79653,0.0,0.0
2025-04-24 15:53:00-04:00,57.220001220703125,57.32500076293945,57.20000076293945,57.32500076293945,81570,0.0,0.0
2025-04-24 15:54:00-04:00,57.31999969482422,57.367801666259766,57.220001220703125,57.2400016784668,117779,0.0,0.0
2025-04-24 15:55:00-04:00,57.25,57.279998779296875,57.08000183105469,57.10499954223633,156966,0.0,0.0
2025-04-24 15:56:00-04:00,57.10499954223633,57.220001220703125,57.10499954223633,57.20500183105469,189286,0.0,0.0
2025-04-24 15:57:00-04:00,57.209999084472656,57.275001525878906,57.19499969482422,57.25,200071,0.0,0.0
2025-04-24 15:58:00-04:00,57.2599983215332,57.29499816894531,57.2400016784668,57.290000915527344,219294,0.0,0.0
2025-04-24 15:59:00-04:00,57.279998779296875,57.38999938964844,57.23500061035156,57.33000183105469,480807,0.0,0.0
2025-04-25 09:30:00-04:00,56.890098571777344,57.25,56.7599983215332,57.16999816894531,383841,0.0,0.0
2025-04-25 09:31:00-04:00,57.17499923706055,57.279998779296875,57.02000045776367,57.10499954223633,41090,0.0,0.0
2025-04-25 09:32:00-04:00,57.099998474121094,57.150001525878906,56.849998474121094,57.07460021972656,46920,0.0,0.0
2025-04-25 09:33:00-04:00,57.084999084472656,57.58000183105469,57.08000183105469,57.31010055541992,49300,0.0,0.0
2025-04-25 09:34:00-04:00,57.380001068115234,57.63990020751953,57.369998931884766,57.625,36247,0.0,0.0
2025-04-25 09:35:00-04:00,57.63999938964844,57.63999938964844,57.34000015258789,57.41999816894531,34152,0.0,0.0
2025-04-25 09:36:00-04:00,57.400001525878906,57.619998931884766,57.31999969482422,57.59000015258789,29124,0.0,0.0
2025-04-25 09:37:00-04:00,57.59600067138672,57.75,57.459999084472656,57.72999954223633,49628,0.0,0.0
2025-04-25 09:38:00-04:00,57.68069839477539,57.75,57.540000915527344,57.599998474121094,56388,0.0,0.0
2025-04-25 09:39:00-04:00,57.56999969482422,57.619998931884766,57.5,57.599998474121094,46300,0.0,0.0
2025-04-25 09:40:00-04:00,57.59000015258789,57.70000076293945,57.52899932861328,57.625,29795,0.0,0.0
2025-04-25 09:41:00-04:00,57.599998474121094,57.619998931884766,57.5,57.53499984741211,24527,0.0,0.0
2025-04-25 09:42:00-04:00,57.529998779296875,57.54999923706055,57.369998931884766,57.39500045776367,30566,0.0,0.0
2025-04-25 09:43:00-04:00,57.38800048828125,57.4900016784668,57.349998474121094,57.369998931884766,26457,0.0,0.0
2025-04-25 09:44:00-04:00,57.369998931884766,57.470001220703125,57.290000915527344,57.38999938964844,46847,0.0,0.0
2025-04-25 09:45:00-04:00,57.40999984741211,57.540000915527344,57.40999984741211,57.525001525878906,25817,0.0,0.0
2025-04-25 09:46:00-04:00,57.5,57.5,57.380001068115234,57.41999816894531,24067,0.0,0.0
2025-04-25 09:47:00-04:00,57.415000915527344,57.470001220703125,57.209999084472656,57.279998779296875,39001,0.0,0.0
2025-04-25 09:48:00-04:00,57.29499816894531,57.4900016784668,57.28900146484375,57.41999816894531,26276,0.0,0.0
2025-04-25 09:49:00-04:00,57.45000076293945,57.59000015258789,57.45000076293945,57.58000183105469,36324,0.0,0.0
2025-04-25 09:50:00-04:00,57.59000015258789,57.619998931884766,57.36000061035156,57.470001220703125,42465,0.0,0.0
2025-04-25 09:51:00-04:00,57.5,57.529998779296875,57.31999969482422,57.41999816894531,53381,0.0,0.0
2025-04-25 09:52:00-04:00,57.415000915527344,57.415000915527344,57.2411003112793,57.2411003112793,6275,0.0,0.0
2025-04-25 09:53:00-04:00,57.209999084472656,57.224998474121094,57.150001525878906,57.17499923706055,39662,0.0,0.0
2025-04-25 09:54:00-04:00,57.17599868774414,57.29600143432617,57.15610122680664,57.279998779296875,14962,0.0,0.0
2025-04-25 09:55:00-04:00,57.310001373291016,57.404998779296875,57.290000915527344,57.400001525878906,36507,0.0,0.0
2025-04-25 09:56:00-04:00,57.3849983215332,57.41999816894531,57.279998779296875,57.415000915527344,22908,0.0,0.0
2025-04-25 09:57:00-04:00,57.415000915527344,57.41999816894531,57.29999923706055,57.34000015258789,18481,0.0,0.0
2025-04-25 09:58:00-04:00,57.33000183105469,57.45000076293945,57.30839920043945,57.44599914550781,19999,0.0,0.0
2025-04-25 09:59:00-04:00,57.41999816894531,57.41999816894531,57.24089813232422,57.255001068115234,28388,0.0,0.0
2025-04-25 10:00:00-04:00,57.29999923706055,57.619998931884766,57.29999923706055,57.54499816894531,57473,0.0,0.0
2025-04-25 10:01:00-04:00,57.58000183105469,57.709999084472656,57.47999954223633,57.52000045776367,17902,0.0,0.0
2025-04-25 10:02:00-04:00,57.529998779296875,57.6349983215332,57.4900016784668,57.619998931884766,13906,0.0,0.0
2025-04-25 10:03:00-04:00,57.599998474121094,57.619998931884766,57.5099983215332,57.5166015625,21955,0.0,0.0
2025-04-25 10:04:00-04:00,57.54499816894531,57.75,57.53499984741211,57.564998626708984,24535,0.0,0.0
2025-04-25 10:05:00-04:00,57.57500076293945,57.689998626708984,57.560001373291016,57.60499954223633,19702,0.0,0.0
2025-04-25 10:06:00-04:00,57.60499954223633,57.82600021362305,57.60499954223633,57.81999969482422,32783,0.0,0.0
2025-04-25 10:07:00-04:00,57.81999969482422,57.880001068115234,57.79999923706055,57.85499954223633,27012,0.0,0.0
2025-04-25 10:08:00-04:00,57.845001220703125,57.91999816894531,57.79999923706055,57.91999816894531,29297,0.0,0.0
2025-04-25 10:09:00-04:00,57.93000030517578,58.16999816894531,57.88999938964844,58.113399505615234,40932,0.0,0.0
2025-04-25 10:10:00-04:00,58.130001068115234,58.19990158081055,58.0,58.162200927734375,32648,0.0,0.0
2025-04-25 10:11:00-04:00,58.19900131225586,58.22999954223633,58.150001525878906,58.20009994506836,37150,0.0,0.0
2025-04-25 10:12:00-04:00,58.20000076293945,58.349998474121094,58.20000076293945,58.290000915527344,30675,0.0,0.0
2025-04-25 10:13:00-04:00,58.287498474121094,58.290000915527344,58.150001525878906,58.150001525878906,37412,0.0,0.0
2025-04-25 10:14:00-04:00,58.1599006652832,58.20500183105469,58.08000183105469,58.18000030517578,26379,0.0,0.0
2025-04-25 10:15:00-04:00,58.150001525878906,58.16999816894531,58.0099983215332,58.040000915527344,18966,0.0,0.0
2025-04-25 10:16:00-04:00,58.0099983215332,58.04499816894531,57.86040115356445,57.86040115356445,20851,0.0,0.0
2025-04-25 10:17:00-04:00,57.88999938964844,58.029998779296875,57.81999969482422,58.0099983215332,32314,0.0,0.0
2025-04-25 10:18:00-04:00,58.025001525878906,58.02949905395508,57.880001068115234,57.880001068115234,23784,0.0,0.0
2025-04-25 10:19:00-04:00,57.849998474121094,57.869998931884766,57.751399993896484,57.790000915527344,41258,0.0,0.0
2025-04-25 10:20:00-04:00,57.79499816894531,57.91999816894531,57.75,57.810001373291016,34584,0.0,0.0
2025-04-25 10:21:00-04:00,57.81999969482422,57.919898986816406,57.709999084472656,57.709999084472656,25161,0.0,0.0
2025-04-25 10:22:00-04:00,57.709999084472656,57.75,57.56999969482422,57.630001068115234,21709,0.0,0.0
2025-04-25 10:23:00-04:00,57.599998474121094,57.650001525878906,57.51499938964844,57.630001068115234,33624,0.0,0.0
2025-04-25 10:24:00-04:00,57.619998931884766,57.73849868774414,57.599998474121094,57.61000061035156,30815,0.0,0.0
2025-04-25 10:25:00-04:00,57.61000061035156,57.61000061035156,57.43000030517578,57.559898376464844,43401,0.0,0.0
2025-04-25 10:26:00-04:00,57.540000915527344,57.554100036621094,57.38999938964844,57.470001220703125,34730,0.0,0.0
2025-04-25 10:27:00-04:00,57.43000030517578,57.540000915527344,57.43000030517578,57.439998626708984,18854,0.0,0.0
2025-04-25 10:28:00-04:00,57.439998626708984,57.439998626708984,57.209999084472656,57.29999923706055,71444,0.0,0.0
2025-04-25 10:29:00-04:00,57.29999923706055,57.400001525878906,57.279998779296875,57.3849983215332,23831,0.0,0.0
2025-04-25 10:30:00-04:00,57.3849983215332,57.52989959716797,57.349998474121094,57.349998474121094,24874,0.0,0.0
2025-04-25 10:31:00-04:00,57.3650016784668,57.3650016784668,57.189998626708984,57.244998931884766,24165,0.0,0.0
2025-04-25 10:32:00-04:00,57.244998931884766,57.38999938964844,57.20500183105469,57.3650016784668,73573,0.0,0.0
2025-04-25 10:33:00-04:00,57.369998931884766,57.439998626708984,57.34709930419922,57.400001525878906,27737,0.0,0.0
2025-04-25 10:34:00-04:00,57.400001525878906,57.52000045776367,57.400001525878906,57.43000030517578,46154,0.0,0.0
2025-04-25 10:35:00-04:00,57.45000076293945,57.48759841918945,57.357398986816406,57.375,36426,0.0,0.0
2025-04-25 10:36:00-04:00,57.375,57.47999954223633,57.350399017333984,57.41999816894531,33812,0.0,0.0
2025-04-25 10:37:00-04:00,57.400001525878906,57.540000915527344,57.38999938964844,57.5,17306,0.0,0.0
2025-04-25 10:38:00-04:00,57.50519943237305,57.599998474121094,57.47010040283203,57.599998474121094,24398,0.0,0.0
2025-04-25 10:39:00-04:00,57.599998474121094,57.70000076293945,57.599998474121094,57.67499923706055,40427,0.0,0.0
2025-04-25 10:40:00-04:00,57.66999816894531,57.720001220703125,57.58380126953125,57.68000030517578,26107,0.0,0.0
2025-04-25 10:41:00-04:00,57.69499969482422,57.720001220703125,57.59000015258789,57.619998931884766,44325,0.0,0.0
2025-04-25 10:42:00-04:00,57.599998474121094,57.61000061035156,57.529998779296875,57.529998779296875,17563,0.0,0.0
2025-04-25 10:43:00-04:00,57.5099983215332,57.57500076293945,57.5099983215332,57.54999923706055,22314,0.0,0.0
2025-04-25 10:44:00-04:00,57.54999923706055,57.619998931884766,57.52000045776367,57.59000015258789,18523,0.0,0.0
2025-04-25 10:45:00-04:00,57.599998474121094,57.599998474121094,57.540000915527344,57.56999969482422,22431,0.0,0.0
2025-04-25 10:46:00-04:00,57.59000015258789,57.63999938964844,57.52000045776367,57.56999969482422,30679,0.0,0.0
2025-04-25 10:47:00-04:00,57.56999969482422,57.63999938964844,57.529998779296875,57.58000183105469,30233,0.0,0.0
2025-04-25 10:48:00-04:00,57.584999084472656,57.619998931884766,57.5,57.619998931884766,22917,0.0,0.0
2025-04-25 10:49:00-04:00,57.65999984741211,57.65999984741211,57.56999969482422,57.60499954223633,52273,0.0,0.0
2025-04-25 10:50:00-04:00,57.60499954223633,57.60499954223633,57.400001525878906,57.470001220703125,71106,0.0,0.0
2025-04-25 10:51:00-04:00,57.474998474121094,57.529998779296875,57.439998626708984,57.47999954223633,21636,0.0,0.0
2025-04-25 10:52:00-04:00,57.470001220703125,57.499900817871094,57.41999816894531,57.45000076293945,20829,0.0,0.0
2025-04-25 10:53:00-04:00,57.45000076293945,57.525001525878906,57.45000076293945,57.505001068115234,18637,0.0,0.0
2025-04-25 10:54:00-04:00,57.5099983215332,57.525001525878906,57.39500045776367,57.439998626708984,44807,0.0,0.0
2025-04-25 10:55:00-04:00,57.439998626708984,57.45000076293945,57.391998291015625,57.39500045776367,19439,0.0,0.0
2025-04-25 10:56:00-04:00,57.40999984741211,57.474998474121094,57.31999969482422,57.33000183105469,47440,0.0,0.0
2025-04-25 10:57:00-04:00,57.31999969482422,57.36000061035156,57.2599983215332,57.36000061035156,26423,0.0,0.0
2025-04-25 10:58:00-04:00,57.3650016784668,57.40999984741211,57.310001373291016,57.349998474121094,27773,0.0,0.0
2025-04-25 10:59:00-04:00,57.35499954223633,57.47999954223633,57.345001220703125,57.47999954223633,16322,0.0,0.0
2025-04-25 11:00:00-04:00,57.470001220703125,57.5,57.38999938964844,57.400001525878906,23943,0.0,0.0
2025-04-25 11:01:00-04:00,57.40999984741211,57.439998626708984,57.38999938964844,57.404998779296875,21623,0.0,0.0
2025-04-25 11:02:00-04:00,57.41999816894531,57.470001220703125,57.380001068115234,57.459999084472656,18724,0.0,0.0
2025-04-25 11:03:00-04:00,57.45000076293945,57.50910186767578,57.43000030517578,57.45000076293945,17341,0.0,0.0
2025-04-25 11:04:00-04:00,57.45859909057617,57.50130081176758,57.40999984741211,57.47999954223633,19161,0.0,0.0
2025-04-25 11:05:00-04:00,57.4900016784668,57.5077018737793,57.41999816894531,57.5,35843,0.0,0.0
2025-04-25 11:06:00-04:00,57.4900016784668,57.505001068115234,57.45000076293945,57.505001068115234,22594,0.0,0.0
2025-04-25 11:07:00-04:00,57.52000045776367,57.52000045776367,57.45000076293945,57.48500061035156,15713,0.0,0.0
2025-04-25 11:08:00-04:00,57.48500061035156,57.5099983215332,57.432098388671875,57.432098388671875,14534,0.0,0.0
2025-04-25 11:09:00-04:00,57.439998626708984,57.5099983215332,57.439998626708984,57.5,10327,0.0,0.0
2025-04-25 11:10:00-04:00,57.4900016784668,57.540000915527344,57.459999084472656,57.525001525878906,19261,0.0,0.0
2025-04-25 11:11:00-04:00,57.525001525878906,57.54999923706055,57.470001220703125,57.54499816894531,21112,0.0,0.0
2025-04-25 11:12:00-04:00,57.54899978637695,57.560001373291016,57.4900016784668,57.4900016784668,20485,0.0,0.0
2025-04-25 11:13:00-04:00,57.47999954223633,57.56999969482422,57.45000076293945,57.56999969482422,16957,0.0,0.0
2025-04-25 11:14:00-04:00,57.56999969482422,57.641300201416016,57.56999969482422,57.63999938964844,18760,0.0,0.0
2025-04-25 11:15:00-04:00,57.630001068115234,57.6797981262207,57.584999084472656,57.61000061035156,31511,0.0,0.0
2025-04-25 11:16:00-04:00,57.6150016784668,57.630001068115234,57.470001220703125,57.52000045776367,20014,0.0,0.0
2025-04-25 11:17:00-04:00,57.47999954223633,57.494998931884766,57.45000076293945,57.48500061035156,21219,0.0,0.0
2025-04-25 11:18:00-04:00,57.48500061035156,57.560001373291016,57.470001220703125,57.560001373291016,14595,0.0,0.0
2025-04-25 11:19:00-04:00,57.560001373291016,57.58000183105469,57.540000915527344,57.54999923706055,14923,0.0,0.0
2025-04-25 11:20:00-04:00,57.54999923706055,57.579898834228516,57.540000915527344,57.564998626708984,17146,0.0,0.0
2025-04-25 11:21:00-04:00,57.56999969482422,57.58000183105469,57.52000045776367,57.52000045776367,12855,0.0,0.0
2025-04-25 11:22:00-04:00,57.52000045776367,57.599998474121094,57.5099983215332,57.59000015258789,25786,0.0,0.0
2025-04-25 11:23:00-04:00,57.59130096435547,57.599998474121094,57.560001373291016,57.56999969482422,17942,0.0,0.0
2025-04-25 11:24:00-04:00,57.58000183105469,57.599998474121094,57.540000915527344,57.55500030517578,21753,0.0,0.0
2025-04-25 11:25:00-04:00,57.540000915527344,57.564998626708984,57.439998626708984,57.470001220703125,20555,0.0,0.0
2025-04-25 11:26:00-04:00,57.45000076293945,57.45500183105469,57.400001525878906,57.42649841308594,19256,0.0,0.0
2025-04-25 11:27:00-04:00,57.40999984741211,57.540000915527344,57.39500045776367,57.529998779296875,28447,0.0,0.0
2025-04-25 11:28:00-04:00,57.529998779296875,57.54499816894531,57.470001220703125,57.470001220703125,25101,0.0,0.0
2025-04-25 11:29:00-04:00,57.459999084472656,57.459999084472656,57.36000061035156,57.3650016784668,21106,0.0,0.0
2025-04-25 11:30:00-04:00,57.380001068115234,57.40999984741211,57.34000015258789,57.404998779296875,15900,0.0,0.0
2025-04-25 11:31:00-04:00,57.40999984741211,57.45000076293945,57.369998931884766,57.45000076293945,12034,0.0,0.0
2025-04-25 11:32:00-04:00,57.439998626708984,57.45500183105469,57.370601654052734,57.400001525878906,14352,0.0,0.0
2025-04-25 11:33:00-04:00,57.395999908447266,57.5099983215332,57.38999938964844,57.5099983215332,10654,0.0,0.0
2025-04-25 11:34:00-04:00,57.494998931884766,57.5099983215332,57.439998626708984,57.4900016784668,26405,0.0,0.0
2025-04-25 11:35:00-04:00,57.47999954223633,57.5,57.43000030517578,57.43000030517578,28623,0.0,0.0
2025-04-25 11:36:00-04:00,57.420101165771484,57.470001220703125,57.400001525878906,57.40999984741211,29296,0.0,0.0
2025-04-25 11:37:00-04:00,57.400001525878906,57.435001373291016,57.34000015258789,57.36000061035156,61556,0.0,0.0
2025-04-25 11:38:00-04:00,57.369998931884766,57.369998931884766,57.25,57.27000045776367,22086,0.0,0.0
2025-04-25 11:39:00-04:00,57.26279830932617,57.34000015258789,57.26279830932617,57.33000183105469,16862,0.0,0.0
2025-04-25 11:40:00-04:00,57.33000183105469,57.43000030517578,57.310001373291016,57.41999816894531,15126,0.0,0.0
2025-04-25 11:41:00-04:00,57.439998626708984,57.4900016784668,57.404998779296875,57.41999816894531,26512,0.0,0.0
2025-04-25 11:42:00-04:00,57.40999984741211,57.41999816894531,57.369998931884766,57.375,17734,0.0,0.0
2025-04-25 11:43:00-04:00,57.375,57.380001068115234,57.28499984741211,57.314998626708984,25524,0.0,0.0
2025-04-25 11:44:00-04:00,57.314998626708984,57.34000015258789,57.27000045776367,57.290000915527344,12105,0.0,0.0
2025-04-25 11:45:00-04:00,57.29999923706055,57.33000183105469,57.25,57.33000183105469,29102,0.0,0.0
2025-04-25 11:46:00-04:00,57.314998626708984,57.31999969482422,57.2599983215332,57.2599983215332,12035,0.0,0.0
2025-04-25 11:47:00-04:00,57.2599983215332,57.30500030517578,57.22999954223633,57.290000915527344,17288,0.0,0.0
2025-04-25 11:48:00-04:00,57.29499816894531,57.31999969482422,57.27000045776367,57.31999969482422,21278,0.0,0.0
2025-04-25 11:49:00-04:00,57.31999969482422,57.38999938964844,57.314998626708984,57.36000061035156,18070,0.0,0.0
2025-04-25 11:50:00-04:00,57.36000061035156,57.415000915527344,57.349998474121094,57.400001525878906,10738,0.0,0.0
2025-04-25 11:51:00-04:00,57.400001525878906,57.435001373291016,57.369998931884766,57.369998931884766,13636,0.0,0.0
2025-04-25 11:52:00-04:00,57.369998931884766,57.38999938964844,57.310001373291016,57.36869812011719,16755,0.0,0.0
2025-04-25 11:53:00-04:00,57.380001068115234,57.380001068115234,57.334999084472656,57.334999084472656,9922,0.0,0.0
2025-04-25 11:54:00-04:00,57.334999084472656,57.369998931884766,57.30039978027344,57.33000183105469,12121,0.0,0.0
2025-04-25 11:55:00-04:00,57.34000015258789,57.34000015258789,57.25,57.310001373291016,12473,0.0,0.0
2025-04-25 11:56:00-04:00,57.310001373291016,57.36000061035156,57.300899505615234,57.36000061035156,11301,0.0,0.0
2025-04-25 11:57:00-04:00,57.350399017333984,57.400001525878906,57.350399017333984,57.3849983215332,9076,0.0,0.0
2025-04-25 11:58:00-04:00,57.400001525878906,57.439998626708984,57.400001525878906,57.4390983581543,6265,0.0,0.0
2025-04-25 11:59:00-04:00,57.439998626708984,57.439998626708984,57.39390182495117,57.400001525878906,29878,0.0,0.0
2025-04-25 12:00:00-04:00,57.38999938964844,57.439998626708984,57.38999938964844,57.43000030517578,15458,0.0,0.0
2025-04-25 12:01:00-04:00,57.43009948730469,57.4900016784668,57.43009948730469,57.48500061035156,15980,0.0,0.0
2025-04-25 12:02:00-04:00,57.48500061035156,57.48500061035156,57.435001373291016,57.45000076293945,10228,0.0,0.0
2025-04-25 12:03:00-04:00,57.470001220703125,57.4900016784668,57.43000030517578,57.439998626708984,13213,0.0,0.0
2025-04-25 12:04:00-04:00,57.434200286865234,57.434200286865234,57.400001525878906,57.404998779296875,11415,0.0,0.0
2025-04-25 12:05:00-04:00,57.41999816894531,57.4900016784668,57.38800048828125,57.4900016784668,17498,0.0,0.0
2025-04-25 12:06:00-04:00,57.5,57.5,57.400001525878906,57.400001525878906,7634,0.0,0.0
2025-04-25 12:07:00-04:00,57.400001525878906,57.41960144042969,57.36000061035156,57.390201568603516,7403,0.0,0.0
2025-04-25 12:08:00-04:00,57.38999938964844,57.47999954223633,57.369998931884766,57.46770095825195,7615,0.0,0.0
2025-04-25 12:09:00-04:00,57.47999954223633,57.52000045776367,57.47999954223633,57.512699127197266,21553,0.0,0.0
2025-04-25 12:10:00-04:00,57.470001220703125,57.489601135253906,57.459999084472656,57.470001220703125,4537,0.0,0.0
2025-04-25 12:11:00-04:00,57.45000076293945,57.45000076293945,57.3849983215332,57.38999938964844,3750,0.0,0.0
2025-04-25 12:12:00-04:00,57.41999816894531,57.5098991394043,57.41999816894531,57.494998931884766,5009,0.0,0.0
2025-04-25 12:13:00-04:00,57.5,57.51499938964844,57.4900016784668,57.4900016784668,4379,0.0,0.0
2025-04-25 12:14:00-04:00,57.494998931884766,57.51499938964844,57.4900016784668,57.51499938964844,6457,0.0,0.0
2025-04-25 12:15:00-04:00,57.51449966430664,57.519798278808594,57.47999954223633,57.5099983215332,11791,0.0,0.0
2025-04-25 12:16:00-04:00,57.5099983215332,57.58000183105469,57.5099983215332,57.54999923706055,11031,0.0,0.0
2025-04-25 12:17:00-04:00,57.560001373291016,57.64500045776367,57.560001373291016,57.63999938964844,14696,0.0,0.0
2025-04-25 12:18:00-04:00,57.64500045776367,57.720001220703125,57.61000061035156,57.720001220703125,21325,0.0,0.0
2025-04-25 12:19:00-04:00,57.72560119628906,57.75,57.70000076293945,57.75,11665,0.0,0.0
2025-04-25 12:20:00-04:00,57.755001068115234,57.77000045776367,57.70029830932617,57.72269821166992,18759,0.0,0.0
2025-04-25 12:21:00-04:00,57.724998474121094,57.75,57.70000076293945,57.720001220703125,17134,0.0,0.0
2025-04-25 12:22:00-04:00,57.720001220703125,57.790000915527344,57.70000076293945,57.7599983215332,9112,0.0,0.0
2025-04-25 12:23:00-04:00,57.7599983215332,57.8650016784668,57.75709915161133,57.8650016784668,11969,0.0,0.0
2025-04-25 12:24:00-04:00,57.86000061035156,57.904998779296875,57.86000061035156,57.889198303222656,7709,0.0,0.0
2025-04-25 12:25:00-04:00,57.880001068115234,57.939998626708984,57.869998931884766,57.93000030517578,8578,0.0,0.0
2025-04-25 12:26:00-04:00,57.93000030517578,57.93000030517578,57.849998474121094,57.900001525878906,14113,0.0,0.0
2025-04-25 12:27:00-04:00,57.90999984741211,57.935001373291016,57.88999938964844,57.935001373291016,6805,0.0,0.0
2025-04-25 12:28:00-04:00,57.939998626708984,57.95000076293945,57.91999816894531,57.939998626708984,14636,0.0,0.0
2025-04-25 12:29:00-04:00,57.939998626708984,58.08000183105469,57.939998626708984,58.025001525878906,36451,0.0,0.0
2025-04-25 12:30:00-04:00,58.025001525878906,58.06999969482422,57.97999954223633,58.04999923706055,36688,0.0,0.0
2025-04-25 12:31:00-04:00,58.060001373291016,58.189998626708984,58.060001373291016,58.185001373291016,18067,0.0,0.0
2025-04-25 12:32:00-04:00,58.20000076293945,58.290000915527344,58.20000076293945,58.275001525878906,18465,0.0,0.0
2025-04-25 12:33:00-04:00,58.275001525878906,58.314998626708984,58.260101318359375,58.310001373291016,21215,0.0,0.0
2025-04-25 12:34:00-04:00,58.29999923706055,58.31999969482422,58.279998779296875,58.31999969482422,18878,0.0,0.0
2025-04-25 12:35:00-04:00,58.34000015258789,58.459999084472656,58.33000183105469,58.45000076293945,35559,0.0,0.0
2025-04-25 12:36:00-04:00,58.459999084472656,58.540000915527344,58.41999816894531,58.505001068115234,87590,0.0,0.0
2025-04-25 12:37:00-04:00,58.5,58.54249954223633,58.36000061035156,58.45119857788086,55565,0.0,0.0
2025-04-25 12:38:00-04:00,58.47999954223633,58.689998626708984,58.47999954223633,58.564998626708984,28605,0.0,0.0
2025-04-25 12:39:00-04:00,58.56999969482422,58.595001220703125,58.529998779296875,58.584999084472656,20414,0.0,0.0
2025-04-25 12:40:00-04:00,58.56999969482422,58.650001525878906,58.56999969482422,58.6349983215332,12699,0.0,0.0
2025-04-25 12:41:00-04:00,58.6593017578125,58.66999816894531,58.560001373291016,58.560001373291016,25417,0.0,0.0
2025-04-25 12:42:00-04:00,58.560001373291016,58.59989929199219,58.53499984741211,58.59000015258789,11197,0.0,0.0
2025-04-25 12:43:00-04:00,58.599998474121094,58.65999984741211,58.599998474121094,58.63999938964844,8335,0.0,0.0
2025-04-25 12:44:00-04:00,58.650001525878906,58.654998779296875,58.59000015258789,58.619998931884766,29786,0.0,0.0
2025-04-25 12:45:00-04:00,58.619998931884766,58.619998931884766,58.51350021362305,58.5625,18005,0.0,0.0
2025-04-25 12:46:00-04:00,58.55500030517578,58.67879867553711,58.55500030517578,58.650001525878906,31395,0.0,0.0
2025-04-25 12:47:00-04:00,58.63999938964844,58.689998626708984,58.470001220703125,58.49359893798828,33699,0.0,0.0
2025-04-25 12:48:00-04:00,58.52000045776367,58.58000183105469,58.44499969482422,58.56999969482422,20993,0.0,0.0
2025-04-25 12:49:00-04:00,58.54999923706055,58.59000015258789,58.5,58.560001373291016,21162,0.0,0.0
2025-04-25 12:50:00-04:00,58.54999923706055,58.560001373291016,58.462501525878906,58.5099983215332,18817,0.0,0.0
2025-04-25 12:51:00-04:00,58.50590133666992,58.52000045776367,58.459999084472656,58.459999084472656,14904,0.0,0.0
2025-04-25 12:52:00-04:00,58.4900016784668,58.525001525878906,58.470001220703125,58.470001220703125,11067,0.0,0.0
2025-04-25 12:53:00-04:00,58.4900016784668,58.529998779296875,58.459999084472656,58.49250030517578,30095,0.0,0.0
2025-04-25 12:54:00-04:00,58.5099983215332,58.540000915527344,58.5,58.52880096435547,9058,0.0,0.0
2025-04-25 12:55:00-04:00,58.5099983215332,58.5099983215332,58.434200286865234,58.50019836425781,12504,0.0,0.0
2025-04-25 12:56:00-04:00,58.519798278808594,58.599998474121094,58.519798278808594,58.560001373291016,27551,0.0,0.0
2025-04-25 12:57:00-04:00,58.560001373291016,58.59000015258789,58.5525016784668,58.56999969482422,10724,0.0,0.0
2025-04-25 12:58:00-04:00,58.58000183105469,58.616798400878906,58.560001373291016,58.58000183105469,14823,0.0,0.0
2025-04-25 12:59:00-04:00,58.60599899291992,58.63999938964844,58.60599899291992,58.6255989074707,16136,0.0,0.0
2025-04-25 13:00:00-04:00,58.619998931884766,58.63999938964844,58.59000015258789,58.63999938964844,16016,0.0,0.0
2025-04-25 13:01:00-04:00,58.650001525878906,58.68000030517578,58.619998931884766,58.665000915527344,25502,0.0,0.0
2025-04-25 13:02:00-04:00,58.65999984741211,58.68000030517578,58.584999084472656,58.619998931884766,29263,0.0,0.0
2025-04-25 13:03:00-04:00,58.6150016784668,58.6150016784668,58.56370162963867,58.599998474121094,17768,0.0,0.0
2025-04-25 13:04:00-04:00,58.61000061035156,58.709999084472656,58.61000061035156,58.685001373291016,17527,0.0,0.0
2025-04-25 13:05:00-04:00,58.670101165771484,58.720001220703125,58.670101165771484,58.720001220703125,14329,0.0,0.0
2025-04-25 13:06:00-04:00,58.709999084472656,58.720001220703125,58.664100646972656,58.689998626708984,16891,0.0,0.0
2025-04-25 13:07:00-04:00,58.70000076293945,58.790000915527344,58.70000076293945,58.779998779296875,37260,0.0,0.0
2025-04-25 13:08:00-04:00,58.789798736572266,58.79499816894531,58.7400016784668,58.77539825439453,30248,0.0,0.0
2025-04-25 13:09:00-04:00,58.77000045776367,58.7755012512207,58.66999816894531,58.68000030517578,19970,0.0,0.0
2025-04-25 13:10:00-04:00,58.685001373291016,58.7599983215332,58.66999816894531,58.7599983215332,20139,0.0,0.0
2025-04-25 13:11:00-04:00,58.7599983215332,58.82099914550781,58.75,58.779998779296875,21382,0.0,0.0
2025-04-25 13:12:00-04:00,58.790000915527344,58.849998474121094,58.779998779296875,58.79999923706055,16282,0.0,0.0
2025-04-25 13:13:00-04:00,58.79899978637695,58.810001373291016,58.779998779296875,58.79949951171875,21814,0.0,0.0
2025-04-25 13:14:00-04:00,58.810001373291016,58.869998931884766,58.810001373291016,58.869998931884766,18778,0.0,0.0
2025-04-25 13:15:00-04:00,58.869998931884766,58.869998931884766,58.78499984741211,58.83000183105469,35295,0.0,0.0
2025-04-25 13:16:00-04:00,58.84000015258789,58.92499923706055,58.84000015258789,58.91999816894531,27182,0.0,0.0
2025-04-25 13:17:00-04:00,58.91999816894531,58.97999954223633,58.88999938964844,58.95000076293945,34133,0.0,0.0
2025-04-25 13:18:00-04:00,58.970001220703125,59.09000015258789,58.970001220703125,59.09000015258789,47371,0.0,0.0
2025-04-25 13:19:00-04:00,59.06999969482422,59.119998931884766,59.0099983215332,59.040000915527344,70630,0.0,0.0
2025-04-25 13:20:00-04:00,59.060001373291016,59.11000061035156,59.023399353027344,59.09000015258789,16563,0.0,0.0
2025-04-25 13:21:00-04:00,59.09000015258789,59.10499954223633,59.060001373291016,59.099998474121094,34744,0.0,0.0
2025-04-25 13:22:00-04:00,59.09000015258789,59.09000015258789,58.9900016784668,58.9900016784668,29846,0.0,0.0
2025-04-25 13:23:00-04:00,59.0,59.09000015258789,59.0,59.09000015258789,44031,0.0,0.0
2025-04-25 13:24:00-04:00,59.09989929199219,59.18000030517578,59.09989929199219,59.150001525878906,31932,0.0,0.0
2025-04-25 13:25:00-04:00,59.130001068115234,59.150001525878906,59.07500076293945,59.13999938964844,23307,0.0,0.0
2025-04-25 13:26:00-04:00,59.142601013183594,59.224998474121094,59.138999938964844,59.189998626708984,27734,0.0,0.0
2025-04-25 13:27:00-04:00,59.189998626708984,59.2239990234375,59.185001373291016,59.185001373291016,19602,0.0,0.0
2025-04-25 13:28:00-04:00,59.185001373291016,59.220001220703125,59.150001525878906,59.20500183105469,32537,0.0,0.0
2025-04-25 13:29:00-04:00,59.189998626708984,59.2599983215332,59.189998626708984,59.255001068115234,23003,0.0,0.0
2025-04-25 13:30:00-04:00,59.2599983215332,59.2599983215332,59.11000061035156,59.130001068115234,40623,0.0,0.0
2025-04-25 13:31:00-04:00,59.1349983215332,59.1349983215332,59.02000045776367,59.029998779296875,38924,0.0,0.0
2025-04-25 13:32:00-04:00,59.04499816894531,59.1150016784668,59.04079818725586,59.10499954223633,16042,0.0,0.0
2025-04-25 13:33:00-04:00,59.10020065307617,59.2400016784668,59.10020065307617,59.119998931884766,36587,0.0,0.0
2025-04-25 13:34:00-04:00,59.09000015258789,59.10499954223633,59.033199310302734,59.084999084472656,19452,0.0,0.0
2025-04-25 13:35:00-04:00,59.09000015258789,59.16999816894531,59.06999969482422,59.095001220703125,30801,0.0,0.0
2025-04-25 13:36:00-04:00,59.11000061035156,59.150001525878906,59.09000015258789,59.119998931884766,11938,0.0,0.0
2025-04-25 13:37:00-04:00,59.1349983215332,59.189998626708984,59.025001525878906,59.0526008605957,41498,0.0,0.0
2025-04-25 13:38:00-04:00,59.040000915527344,59.060001373291016,58.720001220703125,58.82500076293945,114988,0.0,0.0
2025-04-25 13:39:00-04:00,58.817501068115234,58.817501068115234,58.54999923706055,58.61000061035156,40980,0.0,0.0
2025-04-25 13:40:00-04:00,58.62820053100586,58.66999816894531,58.47999954223633,58.630001068115234,35607,0.0,0.0
2025-04-25 13:41:00-04:00,58.63999938964844,58.834999084472656,58.6349983215332,58.77199935913086,26536,0.0,0.0
2025-04-25 13:42:00-04:00,58.755001068115234,58.779998779296875,58.619998931884766,58.654998779296875,19282,0.0,0.0
2025-04-25 13:43:00-04:00,58.630001068115234,58.679500579833984,58.580299377441406,58.61000061035156,60304,0.0,0.0
2025-04-25 13:44:00-04:00,58.599998474121094,58.66999816894531,58.58000183105469,58.6150016784668,15311,0.0,0.0
2025-04-25 13:45:00-04:00,58.62990188598633,58.630001068115234,58.4900016784668,58.5099983215332,41073,0.0,0.0
2025-04-25 13:46:00-04:00,58.52000045776367,58.540000915527344,58.374000549316406,58.400001525878906,21098,0.0,0.0
2025-04-25 13:47:00-04:00,58.380001068115234,58.380001068115234,58.290000915527344,58.349998474121094,27747,0.0,0.0
2025-04-25 13:48:00-04:00,58.345001220703125,58.38999938964844,58.25749969482422,58.33000183105469,25569,0.0,0.0
2025-04-25 13:49:00-04:00,58.314998626708984,58.43000030517578,58.27000045776367,58.415000915527344,19940,0.0,0.0
2025-04-25 13:50:00-04:00,58.42499923706055,58.45500183105469,58.22999954223633,58.290000915527344,42231,0.0,0.0
2025-04-25 13:51:00-04:00,58.290000915527344,58.40999984741211,58.279998779296875,58.36000061035156,13577,0.0,0.0
2025-04-25 13:52:00-04:00,58.34000015258789,58.36000061035156,58.20000076293945,58.21500015258789,17065,0.0,0.0
2025-04-25 13:53:00-04:00,58.24319839477539,58.310001373291016,58.21799850463867,58.310001373291016,25504,0.0,0.0
2025-04-25 13:54:00-04:00,58.30500030517578,58.31999969482422,58.2400016784668,58.246700286865234,10390,0.0,0.0
2025-04-25 13:55:00-04:00,58.279998779296875,58.33869934082031,58.150001525878906,58.150001525878906,24585,0.0,0.0
2025-04-25 13:56:00-04:00,58.189998626708984,58.20000076293945,58.05500030517578,58.15999984741211,14779,0.0,0.0
2025-04-25 13:57:00-04:00,58.17499923706055,58.310001373291016,58.17499923706055,58.310001373291016,15616,0.0,0.0
2025-04-25 13:58:00-04:00,58.290000915527344,58.459999084472656,58.26499938964844,58.45000076293945,21411,0.0,0.0
2025-04-25 13:59:00-04:00,58.45000076293945,58.529998779296875,58.43000030517578,58.529998779296875,23983,0.0,0.0
2025-04-25 14:00:00-04:00,58.52299880981445,58.59000015258789,58.47999954223633,58.52000045776367,26671,0.0,0.0
2025-04-25 14:01:00-04:00,58.51499938964844,58.52000045776367,58.41999816894531,58.439998626708984,14116,0.0,0.0
2025-04-25 14:02:00-04:00,58.435001373291016,58.530399322509766,58.435001373291016,58.525001525878906,10770,0.0,0.0
2025-04-25 14:03:00-04:00,58.540000915527344,58.66999816894531,58.529998779296875,58.65999984741211,18465,0.0,0.0
2025-04-25 14:04:00-04:00,58.65999984741211,58.66999816894531,58.564998626708984,58.6150016784668,23065,0.0,0.0
2025-04-25 14:05:00-04:00,58.619998931884766,58.6349983215332,58.560001373291016,58.58000183105469,11189,0.0,0.0
2025-04-25 14:06:00-04:00,58.599998474121094,58.619998931884766,58.560001373291016,58.61000061035156,15159,0.0,0.0
2025-04-25 14:07:00-04:00,58.630001068115234,58.647701263427734,58.529998779296875,58.540000915527344,15355,0.0,0.0
2025-04-25 14:08:00-04:00,58.560001373291016,58.570701599121094,58.540000915527344,58.54999923706055,10593,0.0,0.0
2025-04-25 14:09:00-04:00,58.54999923706055,58.59000015258789,58.54999923706055,58.560001373291016,10329,0.0,0.0
2025-04-25 14:10:00-04:00,58.54999923706055,58.59000015258789,58.4900016784668,58.4900016784668,20103,0.0,0.0
2025-04-25 14:11:00-04:00,58.52000045776367,58.540000915527344,58.369998931884766,58.369998931884766,48671,0.0,0.0
2025-04-25 14:12:00-04:00,58.369998931884766,58.41999816894531,58.3650016784668,58.415000915527344,8797,0.0,0.0
2025-04-25 14:13:00-04:00,58.415000915527344,58.43000030517578,58.35879898071289,58.35879898071289,9806,0.0,0.0
2025-04-25 14:14:00-04:00,58.369998931884766,58.38999938964844,58.290000915527344,58.290000915527344,12468,0.0,0.0
2025-04-25 14:15:00-04:00,58.33000183105469,58.33000183105469,58.2599983215332,58.30500030517578,15092,0.0,0.0
2025-04-25 14:16:00-04:00,58.30500030517578,58.36000061035156,58.28770065307617,58.34000015258789,12555,0.0,0.0
2025-04-25 14:17:00-04:00,58.31999969482422,58.420101165771484,58.310001373291016,58.415000915527344,18862,0.0,0.0
2025-04-25 14:18:00-04:00,58.41999816894531,58.45000076293945,58.400001525878906,58.400001525878906,6827,0.0,0.0
2025-04-25 14:19:00-04:00,58.40999984741211,58.47999954223633,58.40999984741211,58.459999084472656,9720,0.0,0.0
2025-04-25 14:20:00-04:00,58.470001220703125,58.470001220703125,58.38999938964844,58.38999938964844,7860,0.0,0.0
2025-04-25 14:21:00-04:00,58.40480041503906,58.474998474121094,58.40480041503906,58.439998626708984,10756,0.0,0.0
2025-04-25 14:22:00-04:00,58.470001220703125,58.56949996948242,58.459999084472656,58.52949905395508,9807,0.0,0.0
2025-04-25 14:23:00-04:00,58.529998779296875,58.59000015258789,58.52000045776367,58.584999084472656,8180,0.0,0.0
2025-04-25 14:24:00-04:00,58.60960006713867,58.60960006713867,58.560001373291016,58.56999969482422,16214,0.0,0.0
2025-04-25 14:25:00-04:00,58.57500076293945,58.619998931884766,58.55550003051758,58.619998931884766,12025,0.0,0.0
2025-04-25 14:26:00-04:00,58.600101470947266,58.60499954223633,58.529998779296875,58.54999923706055,22662,0.0,0.0
2025-04-25 14:27:00-04:00,58.54999923706055,58.56999969482422,58.470001220703125,58.470001220703125,24482,0.0,0.0
2025-04-25 14:28:00-04:00,58.439998626708984,58.56999969482422,58.439998626708984,58.563899993896484,15756,0.0,0.0
2025-04-25 14:29:00-04:00,58.54999923706055,58.58000183105469,58.5,58.5,10884,0.0,0.0
2025-04-25 14:30:00-04:00,58.529998779296875,58.5817985534668,58.52349853515625,58.52349853515625,7719,0.0,0.0
2025-04-25 14:31:00-04:00,58.51499938964844,58.560001373291016,58.5099983215332,58.525001525878906,5183,0.0,0.0
2025-04-25 14:32:00-04:00,58.540000915527344,58.56999969482422,58.540000915527344,58.56999969482422,5445,0.0,0.0
2025-04-25 14:33:00-04:00,58.54999923706055,58.55500030517578,58.529998779296875,58.5525016784668,12598,0.0,0.0
2025-04-25 14:34:00-04:00,58.540000915527344,58.560001373291016,58.494998931884766,58.505001068115234,10774,0.0,0.0
2025-04-25 14:35:00-04:00,58.505001068115234,58.63999938964844,58.48310089111328,58.63999938964844,16255,0.0,0.0
2025-04-25 14:36:00-04:00,58.650001525878906,58.720001220703125,58.61000061035156,58.709999084472656,23824,0.0,0.0
2025-04-25 14:37:00-04:00,58.720001220703125,58.7599983215332,58.689998626708984,58.720001220703125,15210,0.0,0.0
2025-04-25 14:38:00-04:00,58.76380157470703,58.81999969482422,58.75,58.779998779296875,18763,0.0,0.0
2025-04-25 14:39:00-04:00,58.779998779296875,58.814998626708984,58.76729965209961,58.790000915527344,8616,0.0,0.0
2025-04-25 14:40:00-04:00,58.80500030517578,58.83000183105469,58.79999923706055,58.80500030517578,14266,0.0,0.0
2025-04-25 14:41:00-04:00,58.779998779296875,58.86000061035156,58.779998779296875,58.849998474121094,12604,0.0,0.0
2025-04-25 14:42:00-04:00,58.86000061035156,58.90999984741211,58.86000061035156,58.86000061035156,17978,0.0,0.0
2025-04-25 14:43:00-04:00,58.85919952392578,58.880001068115234,58.83000183105469,58.869998931884766,11337,0.0,0.0
2025-04-25 14:44:00-04:00,58.850101470947266,58.86249923706055,58.75,58.78030014038086,15341,0.0,0.0
2025-04-25 14:45:00-04:00,58.79499816894531,58.82500076293945,58.779998779296875,58.790000915527344,6226,0.0,0.0
2025-04-25 14:46:00-04:00,58.790000915527344,58.810001373291016,58.77000045776367,58.779998779296875,10556,0.0,0.0
2025-04-25 14:47:00-04:00,58.790000915527344,58.81999969482422,58.78499984741211,58.810001373291016,12256,0.0,0.0
2025-04-25 14:48:00-04:00,58.790000915527344,58.810001373291016,58.75,58.810001373291016,16990,0.0,0.0
2025-04-25 14:49:00-04:00,58.810001373291016,58.83000183105469,58.805301666259766,58.81909942626953,13150,0.0,0.0
2025-04-25 14:50:00-04:00,58.819000244140625,58.81999969482422,58.729000091552734,58.729000091552734,13917,0.0,0.0
2025-04-25 14:51:00-04:00,58.720001220703125,58.75,58.65999984741211,58.709999084472656,37264,0.0,0.0
2025-04-25 14:52:00-04:00,58.689998626708984,58.709999084472656,58.65999984741211,58.6786994934082,9541,0.0,0.0
2025-04-25 14:53:00-04:00,58.63999938964844,58.7599983215332,58.63999938964844,58.746498107910156,13093,0.0,0.0
2025-04-25 14:54:00-04:00,58.75,58.83330154418945,58.75,58.83110046386719,10748,0.0,0.0
2025-04-25 14:55:00-04:00,58.82500076293945,58.82500076293945,58.709999084472656,58.709999084472656,7898,0.0,0.0
2025-04-25 14:56:00-04:00,58.71500015258789,58.7400016784668,58.599998474121094,58.629600524902344,13371,0.0,0.0
2025-04-25 14:57:00-04:00,58.63999938964844,58.66999816894531,58.63999938964844,58.66999816894531,6474,0.0,0.0
2025-04-25 14:58:00-04:00,58.64400100708008,58.689998626708984,58.64400100708008,58.66999816894531,9069,0.0,0.0
2025-04-25 14:59:00-04:00,58.65999984741211,58.66999816894531,58.580501556396484,58.61000061035156,8257,0.0,0.0
2025-04-25 15:00:00-04:00,58.59000015258789,58.630001068115234,58.56549835205078,58.61029815673828,21557,0.0,0.0
2025-04-25 15:01:00-04:00,58.63999938964844,58.65999984741211,58.619998931884766,58.650001525878906,12719,0.0,0.0
2025-04-25 15:02:00-04:00,58.650001525878906,58.685001373291016,58.61000061035156,58.61000061035156,10712,0.0,0.0
2025-04-25 15:03:00-04:00,58.61000061035156,58.630001068115234,58.599998474121094,58.627601623535156,5317,0.0,0.0
2025-04-25 15:04:00-04:00,58.630001068115234,58.63999938964844,58.5900993347168,58.5900993347168,8409,0.0,0.0
2025-04-25 15:05:00-04:00,58.61000061035156,58.61790084838867,58.540000915527344,58.56999969482422,9522,0.0,0.0
2025-04-25 15:06:00-04:00,58.56999969482422,58.584999084472656,58.560001373291016,58.58000183105469,6920,0.0,0.0
2025-04-25 15:07:00-04:00,58.59000015258789,58.630001068115234,58.59000015258789,58.61000061035156,7192,0.0,0.0
2025-04-25 15:08:00-04:00,58.599998474121094,58.64500045776367,58.57500076293945,58.63999938964844,19023,0.0,0.0
2025-04-25 15:09:00-04:00,58.650001525878906,58.720001220703125,58.650001525878906,58.6875,10778,0.0,0.0
2025-04-25 15:10:00-04:00,58.689998626708984,58.720001220703125,58.685001373291016,58.70000076293945,11732,0.0,0.0
2025-04-25 15:11:00-04:00,58.689998626708984,58.689998626708984,58.56999969482422,58.56999969482422,19043,0.0,0.0
2025-04-25 15:12:00-04:00,58.58000183105469,58.61130142211914,58.540000915527344,58.540000915527344,10820,0.0,0.0
2025-04-25 15:13:00-04:00,58.560001373291016,58.564998626708984,58.5,58.52000045776367,14621,0.0,0.0
2025-04-25 15:14:00-04:00,58.529998779296875,58.58000183105469,58.529998779296875,58.57400131225586,9949,0.0,0.0
2025-04-25 15:15:00-04:00,58.58000183105469,58.599998474121094,58.52000045776367,58.53499984741211,18659,0.0,0.0
2025-04-25 15:16:00-04:00,58.53129959106445,58.619998931884766,58.529998779296875,58.619998931884766,14432,0.0,0.0
2025-04-25 15:17:00-04:00,58.619998931884766,58.66999816894531,58.599998474121094,58.599998474121094,21403,0.0,0.0
2025-04-25 15:18:00-04:00,58.6150016784668,58.6150016784668,58.560001373291016,58.57500076293945,9736,0.0,0.0
2025-04-25 15:19:00-04:00,58.589298248291016,58.599998474121094,58.5,58.52750015258789,10498,0.0,0.0
2025-04-25 15:20:00-04:00,58.540000915527344,58.55500030517578,58.5099983215332,58.54999923706055,68397,0.0,0.0
2025-04-25 15:21:00-04:00,58.541099548339844,58.640499114990234,58.53820037841797,58.6349983215332,15103,0.0,0.0
2025-04-25 15:22:00-04:00,58.63999938964844,58.650001525878906,58.560001373291016,58.56999969482422,8950,0.0,0.0
2025-04-25 15:23:00-04:00,58.58000183105469,58.619998931884766,58.560001373291016,58.56999969482422,47542,0.0,0.0
2025-04-25 15:24:00-04:00,58.58649826049805,58.65999984741211,58.58000183105469,58.650001525878906,34336,0.0,0.0
2025-04-25 15:25:00-04:00,58.650001525878906,58.65999984741211,58.619998931884766,58.63999938964844,29541,0.0,0.0
2025-04-25 15:26:00-04:00,58.630001068115234,58.65999984741211,58.60749816894531,58.64500045776367,18231,0.0,0.0
2025-04-25 15:27:00-04:00,58.63999938964844,58.650001525878906,58.61000061035156,58.63999938964844,17459,0.0,0.0
2025-04-25 15:28:00-04:00,58.6349983215332,58.71500015258789,58.56999969482422,58.709999084472656,34709,0.0,0.0
2025-04-25 15:29:00-04:00,58.70500183105469,58.720001220703125,58.58000183105469,58.599998474121094,35495,0.0,0.0
2025-04-25 15:30:00-04:00,58.595001220703125,58.595001220703125,58.4900016784668,58.52560043334961,20201,0.0,0.0
2025-04-25 15:31:00-04:00,58.51499938964844,58.58000183105469,58.51499938964844,58.54999923706055,20267,0.0,0.0
2025-04-25 15:32:00-04:00,58.54499816894531,58.58000183105469,58.5,58.58000183105469,16005,0.0,0.0
2025-04-25 15:33:00-04:00,58.56999969482422,58.63999938964844,58.56999969482422,58.630001068115234,20756,0.0,0.0
2025-04-25 15:34:00-04:00,58.619998931884766,58.625,58.55500030517578,58.55500030517578,15051,0.0,0.0
2025-04-25 15:35:00-04:00,58.54499816894531,58.630001068115234,58.525001525878906,58.58000183105469,20200,0.0,0.0
2025-04-25 15:36:00-04:00,58.59000015258789,58.61000061035156,58.5,58.505001068115234,19552,0.0,0.0
2025-04-25 15:37:00-04:00,58.5,58.5,58.41999816894531,58.439998626708984,34204,0.0,0.0
2025-04-25 15:38:00-04:00,58.45000076293945,58.5,58.439998626708984,58.439998626708984,27756,0.0,0.0
2025-04-25 15:39:00-04:00,58.439998626708984,58.46549987792969,58.43000030517578,58.439998626708984,17256,0.0,0.0
2025-04-25 15:40:00-04:00,58.435001373291016,58.459999084472656,58.349998474121094,58.380001068115234,24313,0.0,0.0
2025-04-25 15:41:00-04:00,58.3650016784668,58.3650016784668,58.27000045776367,58.290000915527344,17324,0.0,0.0
2025-04-25 15:42:00-04:00,58.29999923706055,58.439998626708984,58.29999923706055,58.439998626708984,39219,0.0,0.0
2025-04-25 15:43:00-04:00,58.43000030517578,58.45000076293945,58.369998931884766,58.42499923706055,29029,0.0,0.0
2025-04-25 15:44:00-04:00,58.43000030517578,58.439998626708984,58.400001525878906,58.41999816894531,17684,0.0,0.0
2025-04-25 15:45:00-04:00,58.43000030517578,58.46500015258789,58.404998779296875,58.439998626708984,43003,0.0,0.0
2025-04-25 15:46:00-04:00,58.439998626708984,58.45000076293945,58.34000015258789,58.3489990234375,41919,0.0,0.0
2025-04-25 15:47:00-04:00,58.349998474121094,58.41999816894531,58.339900970458984,58.38199996948242,41844,0.0,0.0
2025-04-25 15:48:00-04:00,58.400001525878906,58.45000076293945,58.380001068115234,58.43000030517578,35398,0.0,0.0
2025-04-25 15:49:00-04:00,58.40999984741211,58.419898986816406,58.33000183105469,58.369998931884766,45804,0.0,0.0
2025-04-25 15:50:00-04:00,58.369998931884766,58.529998779296875,58.36000061035156,58.5,63279,0.0,0.0
2025-04-25 15:51:00-04:00,58.5,58.59040069580078,58.439998626708984,58.59000015258789,70808,0.0,0.0
2025-04-25 15:52:00-04:00,58.59000015258789,58.72999954223633,58.56999969482422,58.70500183105469,120571,0.0,0.0
2025-04-25 15:53:00-04:00,58.720001220703125,58.72999954223633,58.650001525878906,58.709999084472656,108833,0.0,0.0
2025-04-25 15:54:00-04:00,58.71500015258789,58.79999923706055,58.654998779296875,58.77000045776367,104145,0.0,0.0
2025-04-25 15:55:00-04:00,58.779998779296875,58.79999923706055,58.66999816894531,58.71989822387695,151861,0.0,0.0
2025-04-25 15:56:00-04:00,58.720001220703125,58.84000015258789,58.720001220703125,58.814998626708984,168302,0.0,0.0
2025-04-25 15:57:00-04:00,58.810001373291016,58.86000061035156,58.810001373291016,58.849998474121094,195895,0.0,0.0
2025-04-25 15:58:00-04:00,58.849998474121094,58.91999816894531,58.83000183105469,58.91999816894531,163048,0.0,0.0
2025-04-25 15:59:00-04:00,58.91999816894531,58.959999084472656,58.900001525878906,58.91999816894531,340484,0.0,0.0
