Datetime,Open,High,Low,Close,Volume,Dividends,Stock Splits
2024-09-23 09:30:00-04:00,20.719999313354492,21.100000381469727,20.5,21.014999389648438,406530,0.0,0.0
2024-09-23 09:31:00-04:00,21.020000457763672,21.09000015258789,20.940000534057617,20.954999923706055,26705,0.0,0.0
2024-09-23 09:32:00-04:00,20.93440055847168,21.06999969482422,20.8700008392334,21.040000915527344,89414,0.0,0.0
2024-09-23 09:33:00-04:00,21.020000457763672,21.06999969482422,20.979999542236328,21.0049991607666,33170,0.0,0.0
2024-09-23 09:34:00-04:00,20.989999771118164,21.100000381469727,20.979999542236328,21.100000381469727,75267,0.0,0.0
2024-09-23 09:35:00-04:00,21.100000381469727,21.18000030517578,21.069499969482422,21.16200065612793,75263,0.0,0.0
2024-09-23 09:36:00-04:00,21.170000076293945,21.280000686645508,21.170000076293945,21.219999313354492,77568,0.0,0.0
2024-09-23 09:37:00-04:00,21.225000381469727,21.399999618530273,21.200000762939453,21.299999237060547,131605,0.0,0.0
2024-09-23 09:38:00-04:00,21.315000534057617,21.440000534057617,21.290000915527344,21.42009925842285,51790,0.0,0.0
2024-09-23 09:39:00-04:00,21.43950080871582,21.549999237060547,21.42639923095703,21.510700225830078,68812,0.0,0.0
2024-09-23 09:40:00-04:00,21.479999542236328,21.6200008392334,21.440000534057617,21.6200008392334,113900,0.0,0.0
2024-09-23 09:41:00-04:00,21.614999771118164,21.690000534057617,21.559999465942383,21.594999313354492,99912,0.0,0.0
2024-09-23 09:42:00-04:00,21.610000610351562,21.610000610351562,21.459999084472656,21.479999542236328,76802,0.0,0.0
2024-09-23 09:43:00-04:00,21.5,21.549999237060547,21.469999313354492,21.536800384521484,58834,0.0,0.0
2024-09-23 09:44:00-04:00,21.3700008392334,21.3700008392334,21.290000915527344,21.299699783325195,60592,0.0,0.0
2024-09-23 09:45:00-04:00,21.297100067138672,21.350000381469727,21.270000457763672,21.28499984741211,20984,0.0,0.0
2024-09-23 09:46:00-04:00,21.299999237060547,21.299999237060547,21.154399871826172,21.170000076293945,79071,0.0,0.0
2024-09-23 09:47:00-04:00,21.190000534057617,21.270000457763672,21.190000534057617,21.230100631713867,25471,0.0,0.0
2024-09-23 09:48:00-04:00,21.23859977722168,21.440000534057617,21.23859977722168,21.420000076293945,47357,0.0,0.0
2024-09-23 09:49:00-04:00,21.440000534057617,21.445899963378906,21.3799991607666,21.440000534057617,31027,0.0,0.0
2024-09-23 09:50:00-04:00,21.440000534057617,21.522499084472656,21.440000534057617,21.479999542236328,40071,0.0,0.0
2024-09-23 09:51:00-04:00,21.489999771118164,21.59000015258789,21.479999542236328,21.579999923706055,36931,0.0,0.0
2024-09-23 09:52:00-04:00,21.56999969482422,21.649999618530273,21.56999969482422,21.62380027770996,55512,0.0,0.0
2024-09-23 09:53:00-04:00,21.6299991607666,21.639999389648438,21.600000381469727,21.61050033569336,30823,0.0,0.0
2024-09-23 09:54:00-04:00,21.614200592041016,21.65999984741211,21.590499877929688,21.6299991607666,44037,0.0,0.0
2024-09-23 09:55:00-04:00,21.63759994506836,21.649999618530273,21.600000381469727,21.6200008392334,34015,0.0,0.0
2024-09-23 09:56:00-04:00,21.600500106811523,21.6200008392334,21.600000381469727,21.618900299072266,20930,0.0,0.0
2024-09-23 09:57:00-04:00,21.612600326538086,21.6299991607666,21.59000015258789,21.600000381469727,23531,0.0,0.0
2024-09-23 09:58:00-04:00,21.604999542236328,21.610000610351562,21.500200271606445,21.54990005493164,37622,0.0,0.0
2024-09-23 09:59:00-04:00,21.53019905090332,21.538000106811523,21.479999542236328,21.490100860595703,17049,0.0,0.0
2024-09-23 10:00:00-04:00,21.497299194335938,21.609500885009766,21.489999771118164,21.600000381469727,30188,0.0,0.0
2024-09-23 10:01:00-04:00,21.600000381469727,21.610000610351562,21.559999465942383,21.56999969482422,20894,0.0,0.0
2024-09-23 10:02:00-04:00,21.56999969482422,21.579999923706055,21.540000915527344,21.545000076293945,28881,0.0,0.0
2024-09-23 10:03:00-04:00,21.545000076293945,21.549999237060547,21.530000686645508,21.530000686645508,20495,0.0,0.0
2024-09-23 10:04:00-04:00,21.579999923706055,21.59000015258789,21.559999465942383,21.559999465942383,36477,0.0,0.0
2024-09-23 10:05:00-04:00,21.549999237060547,21.610000610351562,21.549999237060547,21.56999969482422,92775,0.0,0.0
2024-09-23 10:06:00-04:00,21.579999923706055,21.600000381469727,21.56999969482422,21.59000015258789,27753,0.0,0.0
2024-09-23 10:07:00-04:00,21.584999084472656,21.6200008392334,21.579999923706055,21.610000610351562,48566,0.0,0.0
2024-09-23 10:08:00-04:00,21.606000900268555,21.670000076293945,21.594999313354492,21.670000076293945,61375,0.0,0.0
2024-09-23 10:09:00-04:00,21.65999984741211,21.65999984741211,21.650100708007812,21.65999984741211,68057,0.0,0.0
2024-09-23 10:10:00-04:00,21.670000076293945,21.68000030517578,21.649999618530273,21.670000076293945,64475,0.0,0.0
2024-09-23 10:11:00-04:00,21.670000076293945,21.70989990234375,21.670000076293945,21.704999923706055,26190,0.0,0.0
2024-09-23 10:12:00-04:00,21.704999923706055,21.770000457763672,21.70400047302246,21.735000610351562,50348,0.0,0.0
2024-09-23 10:13:00-04:00,21.735000610351562,21.739999771118164,21.690000534057617,21.719999313354492,31432,0.0,0.0
2024-09-23 10:14:00-04:00,21.713300704956055,21.729999542236328,21.639999389648438,21.649999618530273,26291,0.0,0.0
2024-09-23 10:15:00-04:00,21.649999618530273,21.649999618530273,21.549999237060547,21.56999969482422,42479,0.0,0.0
2024-09-23 10:16:00-04:00,21.58930015563965,21.639999389648438,21.565000534057617,21.6299991607666,72753,0.0,0.0
2024-09-23 10:17:00-04:00,21.639999389648438,21.670000076293945,21.6299991607666,21.649999618530273,26130,0.0,0.0
2024-09-23 10:18:00-04:00,21.639999389648438,21.649999618530273,21.6200008392334,21.649999618530273,20793,0.0,0.0
2024-09-23 10:19:00-04:00,21.649999618530273,21.700000762939453,21.649999618530273,21.700000762939453,44632,0.0,0.0
2024-09-23 10:20:00-04:00,21.690000534057617,21.729999542236328,21.690000534057617,21.725000381469727,32565,0.0,0.0
2024-09-23 10:21:00-04:00,21.725000381469727,21.760000228881836,21.719999313354492,21.739999771118164,28093,0.0,0.0
2024-09-23 10:22:00-04:00,21.739999771118164,21.739999771118164,21.68000030517578,21.690000534057617,31111,0.0,0.0
2024-09-23 10:23:00-04:00,21.700000762939453,21.700000762939453,21.649999618530273,21.649999618530273,16735,0.0,0.0
2024-09-23 10:24:00-04:00,21.652999877929688,21.729999542236328,21.652999877929688,21.72100067138672,10414,0.0,0.0
2024-09-23 10:25:00-04:00,21.729999542236328,21.770000457763672,21.719999313354492,21.770000457763672,47763,0.0,0.0
2024-09-23 10:26:00-04:00,21.770000457763672,21.809999465942383,21.760099411010742,21.76799964904785,48332,0.0,0.0
2024-09-23 10:27:00-04:00,21.764999389648438,21.770000457763672,21.75,21.7549991607666,22608,0.0,0.0
2024-09-23 10:28:00-04:00,21.75,21.760000228881836,21.743999481201172,21.7549991607666,7359,0.0,0.0
2024-09-23 10:29:00-04:00,21.75,21.780000686645508,21.75,21.770099639892578,8825,0.0,0.0
2024-09-23 10:30:00-04:00,21.774999618530273,21.790000915527344,21.739999771118164,21.790000915527344,25211,0.0,0.0
2024-09-23 10:31:00-04:00,21.790000915527344,21.790000915527344,21.770999908447266,21.790000915527344,9567,0.0,0.0
2024-09-23 10:32:00-04:00,21.78499984741211,21.799999237060547,21.760000228881836,21.770000457763672,39361,0.0,0.0
2024-09-23 10:33:00-04:00,21.770000457763672,21.77989959716797,21.729999542236328,21.739999771118164,54526,0.0,0.0
2024-09-23 10:34:00-04:00,21.73110008239746,21.73110008239746,21.65999984741211,21.665000915527344,27939,0.0,0.0
2024-09-23 10:35:00-04:00,21.65999984741211,21.65999984741211,21.579999923706055,21.600000381469727,52030,0.0,0.0
2024-09-23 10:36:00-04:00,21.600000381469727,21.6299991607666,21.579999923706055,21.610000610351562,34672,0.0,0.0
2024-09-23 10:37:00-04:00,21.593700408935547,21.639999389648438,21.593700408935547,21.610000610351562,22779,0.0,0.0
2024-09-23 10:38:00-04:00,21.60770034790039,21.60770034790039,21.54400062561035,21.545000076293945,23814,0.0,0.0
2024-09-23 10:39:00-04:00,21.549999237060547,21.559999465942383,21.520000457763672,21.549999237060547,23470,0.0,0.0
2024-09-23 10:40:00-04:00,21.540000915527344,21.579999923706055,21.530500411987305,21.549999237060547,17202,0.0,0.0
2024-09-23 10:41:00-04:00,21.565000534057617,21.610000610351562,21.540000915527344,21.575700759887695,58716,0.0,0.0
2024-09-23 10:42:00-04:00,21.59000015258789,21.639999389648438,21.59000015258789,21.628000259399414,10748,0.0,0.0
2024-09-23 10:43:00-04:00,21.639999389648438,21.670000076293945,21.6200008392334,21.649999618530273,40658,0.0,0.0
2024-09-23 10:44:00-04:00,21.65999984741211,21.719999313354492,21.65999984741211,21.719999313354492,43818,0.0,0.0
2024-09-23 10:45:00-04:00,21.71500015258789,21.780000686645508,21.68000030517578,21.770099639892578,40131,0.0,0.0
2024-09-23 10:46:00-04:00,21.774499893188477,21.799999237060547,21.770000457763672,21.790000915527344,42577,0.0,0.0
2024-09-23 10:47:00-04:00,21.795000076293945,21.809999465942383,21.760000228881836,21.79010009765625,41456,0.0,0.0
2024-09-23 10:48:00-04:00,21.790000915527344,21.79199981689453,21.762399673461914,21.780000686645508,24688,0.0,0.0
2024-09-23 10:49:00-04:00,21.764999389648438,21.790000915527344,21.760000228881836,21.780000686645508,16825,0.0,0.0
2024-09-23 10:50:00-04:00,21.780000686645508,21.829999923706055,21.780000686645508,21.80500030517578,68406,0.0,0.0
2024-09-23 10:51:00-04:00,21.799999237060547,21.889999389648438,21.795000076293945,21.8799991607666,78560,0.0,0.0
2024-09-23 10:52:00-04:00,21.8799991607666,21.889999389648438,21.841999053955078,21.850000381469727,48830,0.0,0.0
2024-09-23 10:55:00-04:00,21.9060001373291,21.915000915527344,21.872100830078125,21.885000228881836,129623,0.0,0.0
2024-09-23 10:56:00-04:00,21.885000228881836,21.885000228881836,21.829999923706055,21.83009910583496,13236,0.0,0.0
2024-09-23 10:57:00-04:00,21.84000015258789,21.84000015258789,21.799999237060547,21.82830047607422,21386,0.0,0.0
2024-09-23 10:58:00-04:00,21.81999969482422,21.844999313354492,21.799999237060547,21.84000015258789,31618,0.0,0.0
2024-09-23 10:59:00-04:00,21.84000015258789,21.84000015258789,21.780000686645508,21.78499984741211,15984,0.0,0.0
2024-09-23 11:00:00-04:00,21.780000686645508,21.78499984741211,21.75,21.750499725341797,16055,0.0,0.0
2024-09-23 11:01:00-04:00,21.7549991607666,21.7549991607666,21.70800018310547,21.709999084472656,23694,0.0,0.0
2024-09-23 11:02:00-04:00,21.709999084472656,21.71500015258789,21.68000030517578,21.684999465942383,10312,0.0,0.0
2024-09-23 11:03:00-04:00,21.68000030517578,21.699899673461914,21.625999450683594,21.649999618530273,19313,0.0,0.0
2024-09-23 11:04:00-04:00,21.65399932861328,21.670000076293945,21.649999618530273,21.670000076293945,4149,0.0,0.0
2024-09-23 11:05:00-04:00,21.65999984741211,21.670000076293945,21.639999389648438,21.649700164794922,11703,0.0,0.0
2024-09-23 11:06:00-04:00,21.639999389648438,21.66990089416504,21.6299991607666,21.665000915527344,23619,0.0,0.0
2024-09-23 11:07:00-04:00,21.65999984741211,21.670000076293945,21.639999389648438,21.657499313354492,15144,0.0,0.0
2024-09-23 11:08:00-04:00,21.655000686645508,21.655000686645508,21.584999084472656,21.594999313354492,20375,0.0,0.0
2024-09-23 11:09:00-04:00,21.599899291992188,21.6200008392334,21.59749984741211,21.615999221801758,6321,0.0,0.0
2024-09-23 11:10:00-04:00,21.61240005493164,21.690000534057617,21.61240005493164,21.68000030517578,15072,0.0,0.0
2024-09-23 11:11:00-04:00,21.674999237060547,21.690000534057617,21.670000076293945,21.68000030517578,13241,0.0,0.0
2024-09-23 11:12:00-04:00,21.68000030517578,21.68000030517578,21.6299991607666,21.645700454711914,29695,0.0,0.0
2024-09-23 11:13:00-04:00,21.63290023803711,21.700000762939453,21.63290023803711,21.700000762939453,16080,0.0,0.0
2024-09-23 11:14:00-04:00,21.690000534057617,21.709999084472656,21.690000534057617,21.709999084472656,14529,0.0,0.0
2024-09-23 11:15:00-04:00,21.704999923706055,21.709999084472656,21.690000534057617,21.700000762939453,25396,0.0,0.0
2024-09-23 11:16:00-04:00,21.700000762939453,21.709999084472656,21.6299991607666,21.649999618530273,12466,0.0,0.0
2024-09-23 11:17:00-04:00,21.639999389648438,21.639999389648438,21.61479949951172,21.639999389648438,7489,0.0,0.0
2024-09-23 11:18:00-04:00,21.6299991607666,21.649999618530273,21.600000381469727,21.610000610351562,21293,0.0,0.0
2024-09-23 11:19:00-04:00,21.600000381469727,21.610000610351562,21.600000381469727,21.600000381469727,7107,0.0,0.0
2024-09-23 11:20:00-04:00,21.600000381469727,21.6200008392334,21.579999923706055,21.59000015258789,22467,0.0,0.0
2024-09-23 11:21:00-04:00,21.610000610351562,21.610000610351562,21.549999237060547,21.584999084472656,41860,0.0,0.0
2024-09-23 11:22:00-04:00,21.584999084472656,21.584999084472656,21.530000686645508,21.55590057373047,23324,0.0,0.0
2024-09-23 11:23:00-04:00,21.559799194335938,21.56999969482422,21.520000457763672,21.530000686645508,22891,0.0,0.0
2024-09-23 11:24:00-04:00,21.540000915527344,21.65999984741211,21.540000915527344,21.635000228881836,13008,0.0,0.0
2024-09-23 11:25:00-04:00,21.635000228881836,21.635000228881836,21.56999969482422,21.579999923706055,9495,0.0,0.0
2024-09-23 11:26:00-04:00,21.565000534057617,21.56999969482422,21.540000915527344,21.545000076293945,9482,0.0,0.0
2024-09-23 11:27:00-04:00,21.546899795532227,21.549999237060547,21.500099182128906,21.549999237060547,15834,0.0,0.0
2024-09-23 11:28:00-04:00,21.549999237060547,21.614999771118164,21.549999237060547,21.610000610351562,6090,0.0,0.0
2024-09-23 11:29:00-04:00,21.639999389648438,21.639999389648438,21.549999237060547,21.565000534057617,18564,0.0,0.0
2024-09-23 11:30:00-04:00,21.559999465942383,21.56999969482422,21.489999771118164,21.510000228881836,24424,0.0,0.0
2024-09-23 11:31:00-04:00,21.43000030517578,21.450000762939453,21.40999984741211,21.43000030517578,21052,0.0,0.0
2024-09-23 11:32:00-04:00,21.440000534057617,21.454999923706055,21.43000030517578,21.450000762939453,14528,0.0,0.0
2024-09-23 11:33:00-04:00,21.440000534057617,21.489999771118164,21.43000030517578,21.479999542236328,7858,0.0,0.0
2024-09-23 11:34:00-04:00,21.479999542236328,21.479999542236328,21.459999084472656,21.459999084472656,10130,0.0,0.0
2024-09-23 11:35:00-04:00,21.46109962463379,21.469999313354492,21.399999618530273,21.450000762939453,17687,0.0,0.0
2024-09-23 11:36:00-04:00,21.450000762939453,21.450000762939453,21.40999984741211,21.43000030517578,14971,0.0,0.0
2024-09-23 11:37:00-04:00,21.440000534057617,21.459999084472656,21.43000030517578,21.459999084472656,5740,0.0,0.0
2024-09-23 11:38:00-04:00,21.469999313354492,21.469999313354492,21.45800018310547,21.458200454711914,2221,0.0,0.0
2024-09-23 11:39:00-04:00,21.469999313354492,21.479999542236328,21.459999084472656,21.479999542236328,5292,0.0,0.0
2024-09-23 11:40:00-04:00,21.469999313354492,21.479999542236328,21.46500015258789,21.469999313354492,2442,0.0,0.0
2024-09-23 11:41:00-04:00,21.464000701904297,21.475000381469727,21.43000030517578,21.450000762939453,15423,0.0,0.0
2024-09-23 11:42:00-04:00,21.450000762939453,21.459999084472656,21.440000534057617,21.450000762939453,6166,0.0,0.0
2024-09-23 11:43:00-04:00,21.459999084472656,21.459999084472656,21.440000534057617,21.459999084472656,4062,0.0,0.0
2024-09-23 11:44:00-04:00,21.469999313354492,21.4950008392334,21.459999084472656,21.4950008392334,8747,0.0,0.0
2024-09-23 11:45:00-04:00,21.489999771118164,21.589799880981445,21.480100631713867,21.579999923706055,8553,0.0,0.0
2024-09-23 11:46:00-04:00,21.579999923706055,21.579999923706055,21.510000228881836,21.530000686645508,12469,0.0,0.0
2024-09-23 11:47:00-04:00,21.530000686645508,21.549999237060547,21.530000686645508,21.540000915527344,8119,0.0,0.0
2024-09-23 11:48:00-04:00,21.549999237060547,21.59000015258789,21.549999237060547,21.584999084472656,7129,0.0,0.0
2024-09-23 11:49:00-04:00,21.579999923706055,21.670000076293945,21.56999969482422,21.614999771118164,36816,0.0,0.0
2024-09-23 11:50:00-04:00,21.6200008392334,21.625,21.59000015258789,21.610000610351562,26159,0.0,0.0
2024-09-23 11:51:00-04:00,21.600000381469727,21.709999084472656,21.600000381469727,21.690000534057617,11422,0.0,0.0
2024-09-23 11:52:00-04:00,21.690000534057617,21.709999084472656,21.645000457763672,21.645000457763672,50838,0.0,0.0
2024-09-23 11:53:00-04:00,21.645000457763672,21.65999984741211,21.610000610351562,21.6200008392334,8359,0.0,0.0
2024-09-23 11:54:00-04:00,21.610000610351562,21.621999740600586,21.559999465942383,21.587499618530273,40495,0.0,0.0
2024-09-23 11:55:00-04:00,21.59000015258789,21.600000381469727,21.520000457763672,21.530000686645508,16131,0.0,0.0
2024-09-23 11:56:00-04:00,21.540000915527344,21.540000915527344,21.520700454711914,21.540000915527344,11408,0.0,0.0
2024-09-23 11:57:00-04:00,21.559999465942383,21.559999465942383,21.540000915527344,21.549999237060547,5720,0.0,0.0
2024-09-23 11:58:00-04:00,21.559999465942383,21.56999969482422,21.510000228881836,21.530000686645508,10709,0.0,0.0
2024-09-23 11:59:00-04:00,21.522499084472656,21.530000686645508,21.489999771118164,21.5,19508,0.0,0.0
2024-09-23 12:00:00-04:00,21.5,21.5,21.477399826049805,21.481000900268555,6244,0.0,0.0
2024-09-23 12:01:00-04:00,21.489999771118164,21.489999771118164,21.40999984741211,21.417999267578125,35075,0.0,0.0
2024-09-23 12:02:00-04:00,21.420000076293945,21.43000030517578,21.399999618530273,21.420000076293945,18205,0.0,0.0
2024-09-23 12:03:00-04:00,21.43000030517578,21.43000030517578,21.40999984741211,21.420000076293945,11136,0.0,0.0
2024-09-23 12:04:00-04:00,21.40999984741211,21.459999084472656,21.40999984741211,21.459999084472656,33702,0.0,0.0
2024-09-23 12:05:00-04:00,21.45989990234375,21.5,21.450000762939453,21.5,7983,0.0,0.0
2024-09-23 12:06:00-04:00,21.5,21.5,21.479999542236328,21.479999542236328,12556,0.0,0.0
2024-09-23 12:07:00-04:00,21.485000610351562,21.48590087890625,21.469999313354492,21.479999542236328,19113,0.0,0.0
2024-09-23 12:08:00-04:00,21.479999542236328,21.489999771118164,21.415000915527344,21.420000076293945,14927,0.0,0.0
2024-09-23 12:09:00-04:00,21.420000076293945,21.434999465942383,21.399999618530273,21.420000076293945,9640,0.0,0.0
2024-09-23 12:10:00-04:00,21.43000030517578,21.440000534057617,21.40999984741211,21.40999984741211,22175,0.0,0.0
2024-09-23 12:11:00-04:00,21.420000076293945,21.424999237060547,21.3700008392334,21.370100021362305,22204,0.0,0.0
2024-09-23 12:12:00-04:00,21.3799991607666,21.389999389648438,21.329999923706055,21.34000015258789,12826,0.0,0.0
2024-09-23 12:13:00-04:00,21.329999923706055,21.33609962463379,21.31999969482422,21.329999923706055,6657,0.0,0.0
2024-09-23 12:14:00-04:00,21.323999404907227,21.34000015258789,21.299999237060547,21.329999923706055,32072,0.0,0.0
2024-09-23 12:15:00-04:00,21.329999923706055,21.350000381469727,21.270000457763672,21.31800079345703,49164,0.0,0.0
2024-09-23 12:16:00-04:00,21.31999969482422,21.399999618530273,21.309999465942383,21.399999618530273,7661,0.0,0.0
2024-09-23 12:17:00-04:00,21.385000228881836,21.399999618530273,21.360000610351562,21.3700008392334,25821,0.0,0.0
2024-09-23 12:18:00-04:00,21.389999389648438,21.399900436401367,21.3700008392334,21.389999389648438,26342,0.0,0.0
2024-09-23 12:19:00-04:00,21.389999389648438,21.446199417114258,21.3799991607666,21.440000534057617,11903,0.0,0.0
2024-09-23 12:20:00-04:00,21.440000534057617,21.440000534057617,21.420000076293945,21.434999465942383,9726,0.0,0.0
2024-09-23 12:21:00-04:00,21.440000534057617,21.454999923706055,21.380300521850586,21.380300521850586,11000,0.0,0.0
2024-09-23 12:22:00-04:00,21.399799346923828,21.399799346923828,21.36199951171875,21.3799991607666,5934,0.0,0.0
2024-09-23 12:23:00-04:00,21.3799991607666,21.3799991607666,21.360000610351562,21.360000610351562,9645,0.0,0.0
2024-09-23 12:24:00-04:00,21.3700008392334,21.385000228881836,21.3700008392334,21.3799991607666,3620,0.0,0.0
2024-09-23 12:25:00-04:00,21.3799991607666,21.405000686645508,21.3799991607666,21.399999618530273,6636,0.0,0.0
2024-09-23 12:26:00-04:00,21.409900665283203,21.489999771118164,21.399999618530273,21.467100143432617,213221,0.0,0.0
2024-09-23 12:27:00-04:00,21.475000381469727,21.479999542236328,21.459999084472656,21.469999313354492,12537,0.0,0.0
2024-09-23 12:28:00-04:00,21.469999313354492,21.469999313354492,21.454999923706055,21.459999084472656,5814,0.0,0.0
2024-09-23 12:29:00-04:00,21.459999084472656,21.489999771118164,21.451400756835938,21.489999771118164,8598,0.0,0.0
2024-09-23 12:30:00-04:00,21.489999771118164,21.520000457763672,21.479999542236328,21.489999771118164,17703,0.0,0.0
2024-09-23 12:31:00-04:00,21.499900817871094,21.5,21.479999542236328,21.489999771118164,3221,0.0,0.0
2024-09-23 12:32:00-04:00,21.489999771118164,21.520000457763672,21.489999771118164,21.505800247192383,8766,0.0,0.0
2024-09-23 12:33:00-04:00,21.505199432373047,21.530000686645508,21.489999771118164,21.497499465942383,27873,0.0,0.0
2024-09-23 12:34:00-04:00,21.4950008392334,21.549999237060547,21.489999771118164,21.540000915527344,28664,0.0,0.0
2024-09-23 12:35:00-04:00,21.549999237060547,21.579999923706055,21.540000915527344,21.56999969482422,8730,0.0,0.0
2024-09-23 12:36:00-04:00,21.56999969482422,21.579999923706055,21.56999969482422,21.56999969482422,2017,0.0,0.0
2024-09-23 12:37:00-04:00,21.56999969482422,21.575000762939453,21.559999465942383,21.56999969482422,11536,0.0,0.0
2024-09-23 12:38:00-04:00,21.559999465942383,21.56999969482422,21.549999237060547,21.56999969482422,11363,0.0,0.0
2024-09-23 12:39:00-04:00,21.56999969482422,21.579999923706055,21.5669002532959,21.571699142456055,13015,0.0,0.0
2024-09-23 12:40:00-04:00,21.575000762939453,21.610000610351562,21.573659896850586,21.600000381469727,16108,0.0,0.0
2024-09-23 12:41:00-04:00,21.600000381469727,21.639999389648438,21.59000015258789,21.6299991607666,9665,0.0,0.0
2024-09-23 12:42:00-04:00,21.6299991607666,21.670000076293945,21.6299991607666,21.649999618530273,17612,0.0,0.0
2024-09-23 12:43:00-04:00,21.65999984741211,21.709999084472656,21.649999618530273,21.70870018005371,32688,0.0,0.0
2024-09-23 12:44:00-04:00,21.704999923706055,21.709999084472656,21.700000762939453,21.709999084472656,12735,0.0,0.0
2024-09-23 12:45:00-04:00,21.709999084472656,21.709999084472656,21.690000534057617,21.690000534057617,15614,0.0,0.0
2024-09-23 12:46:00-04:00,21.690000534057617,21.704999923706055,21.670000076293945,21.700000762939453,36024,0.0,0.0
2024-09-23 12:47:00-04:00,21.700000762939453,21.709999084472656,21.68000030517578,21.684999465942383,26847,0.0,0.0
2024-09-23 12:48:00-04:00,21.684999465942383,21.690000534057617,21.639999389648438,21.649999618530273,8246,0.0,0.0
2024-09-23 12:49:00-04:00,21.649999618530273,21.649999618530273,21.579999923706055,21.6200008392334,41548,0.0,0.0
2024-09-23 12:50:00-04:00,21.610000610351562,21.610000610351562,21.559999465942383,21.559999465942383,8988,0.0,0.0
2024-09-23 12:51:00-04:00,21.565000534057617,21.600000381469727,21.549999237060547,21.59000015258789,12120,0.0,0.0
2024-09-23 12:52:00-04:00,21.59000015258789,21.600000381469727,21.56999969482422,21.59000015258789,11673,0.0,0.0
2024-09-23 12:53:00-04:00,21.59000015258789,21.649999618530273,21.59000015258789,21.610000610351562,15120,0.0,0.0
2024-09-23 12:54:00-04:00,21.610000610351562,21.655000686645508,21.607999801635742,21.655000686645508,9974,0.0,0.0
2024-09-23 12:55:00-04:00,21.655000686645508,21.66990089416504,21.6200008392334,21.66990089416504,16410,0.0,0.0
2024-09-23 12:56:00-04:00,21.65999984741211,21.68000030517578,21.65999984741211,21.68000030517578,3845,0.0,0.0
2024-09-23 12:57:00-04:00,21.690000534057617,21.704999923706055,21.670000076293945,21.704999923706055,9091,0.0,0.0
2024-09-23 12:58:00-04:00,21.704999923706055,21.760000228881836,21.690000534057617,21.760000228881836,28464,0.0,0.0
2024-09-23 12:59:00-04:00,21.770000457763672,21.81999969482422,21.752099990844727,21.809999465942383,35671,0.0,0.0
2024-09-23 13:00:00-04:00,21.805999755859375,21.834999084472656,21.799999237060547,21.825000762939453,24590,0.0,0.0
2024-09-23 13:01:00-04:00,21.829999923706055,21.850000381469727,21.820100784301758,21.844999313354492,8507,0.0,0.0
2024-09-23 13:02:00-04:00,21.844999313354492,21.8799991607666,21.844999313354492,21.875,15246,0.0,0.0
2024-09-23 13:03:00-04:00,21.8799991607666,21.8799991607666,21.850000381469727,21.8700008392334,10616,0.0,0.0
2024-09-23 13:04:00-04:00,21.8799991607666,21.889999389648438,21.8700008392334,21.889999389648438,37533,0.0,0.0
2024-09-23 13:05:00-04:00,21.889999389648438,21.899999618530273,21.88990020751953,21.899900436401367,32660,0.0,0.0
2024-09-23 13:06:00-04:00,21.895000457763672,21.899999618530273,21.860000610351562,21.8700008392334,28077,0.0,0.0
2024-09-23 13:07:00-04:00,21.864999771118164,21.889999389648438,21.850000381469727,21.889999389648438,13473,0.0,0.0
2024-09-23 13:08:00-04:00,21.895000457763672,21.899999618530273,21.888900756835938,21.89109992980957,15740,0.0,0.0
2024-09-23 13:09:00-04:00,21.895000457763672,21.90999984741211,21.889999389648438,21.905000686645508,18353,0.0,0.0
2024-09-23 13:10:00-04:00,21.905000686645508,21.905500411987305,21.880699157714844,21.889999389648438,8730,0.0,0.0
2024-09-23 13:11:00-04:00,21.899999618530273,21.93000030517578,21.899999618530273,21.93000030517578,18814,0.0,0.0
2024-09-23 13:12:00-04:00,21.93000030517578,22.0,21.93000030517578,21.985000610351562,118795,0.0,0.0
2024-09-23 13:13:00-04:00,21.979999542236328,21.98900032043457,21.940000534057617,21.959999084472656,23136,0.0,0.0
2024-09-23 13:14:00-04:00,21.959999084472656,21.969999313354492,21.959999084472656,21.969999313354492,5917,0.0,0.0
2024-09-23 13:15:00-04:00,21.96190071105957,21.969999313354492,21.950000762939453,21.959999084472656,31535,0.0,0.0
2024-09-23 13:16:00-04:00,21.959999084472656,21.962499618530273,21.950000762939453,21.959999084472656,3247,0.0,0.0
2024-09-23 13:17:00-04:00,21.959999084472656,21.969999313354492,21.920000076293945,21.93000030517578,20908,0.0,0.0
2024-09-23 13:18:00-04:00,21.93000030517578,21.935199737548828,21.8799991607666,21.8799991607666,12639,0.0,0.0
2024-09-23 13:19:00-04:00,21.8799991607666,21.969999313354492,21.8700008392334,21.96500015258789,19106,0.0,0.0
2024-09-23 13:20:00-04:00,21.96500015258789,21.989999771118164,21.96500015258789,21.979999542236328,38221,0.0,0.0
2024-09-23 13:21:00-04:00,21.979999542236328,21.979999542236328,21.959999084472656,21.959999084472656,3611,0.0,0.0
2024-09-23 13:22:00-04:00,21.959999084472656,21.979999542236328,21.959999084472656,21.969999313354492,6434,0.0,0.0
2024-09-23 13:24:00-04:00,21.979999542236328,21.985000610351562,21.959999084472656,21.969999313354492,10894,0.0,0.0
2024-09-23 13:25:00-04:00,21.979999542236328,21.979999542236328,21.959999084472656,21.959999084472656,14125,0.0,0.0
2024-09-23 13:26:00-04:00,21.959999084472656,21.959999084472656,21.93000030517578,21.950000762939453,20763,0.0,0.0
2024-09-23 13:27:00-04:00,21.954999923706055,21.954999923706055,21.850000381469727,21.905000686645508,31123,0.0,0.0
2024-09-23 13:28:00-04:00,21.899999618530273,21.93000030517578,21.88800048828125,21.93000030517578,8358,0.0,0.0
2024-09-23 13:29:00-04:00,21.920000076293945,21.93000030517578,21.889999389648438,21.924999237060547,22651,0.0,0.0
2024-09-23 13:30:00-04:00,21.920000076293945,21.9325008392334,21.90999984741211,21.93000030517578,15351,0.0,0.0
2024-09-23 13:31:00-04:00,21.93000030517578,21.969999313354492,21.924999237060547,21.961200714111328,29202,0.0,0.0
2024-09-23 13:32:00-04:00,21.969999313354492,21.989999771118164,21.969999313354492,21.985000610351562,46401,0.0,0.0
2024-09-23 13:33:00-04:00,21.989900588989258,21.989999771118164,21.979999542236328,21.985000610351562,5381,0.0,0.0
2024-09-23 13:34:00-04:00,21.979999542236328,21.989999771118164,21.979999542236328,21.987499237060547,46378,0.0,0.0
2024-09-23 13:35:00-04:00,21.989999771118164,21.989999771118164,21.979999542236328,21.989999771118164,16550,0.0,0.0
2024-09-23 13:36:00-04:00,21.989999771118164,22.0,21.975000381469727,21.985000610351562,58593,0.0,0.0
2024-09-23 13:37:00-04:00,21.985000610351562,21.989999771118164,21.979999542236328,21.985000610351562,3165,0.0,0.0
2024-09-23 13:38:00-04:00,21.989999771118164,21.989999771118164,21.97010040283203,21.97010040283203,28555,0.0,0.0
2024-09-23 13:39:00-04:00,21.975000381469727,21.975000381469727,21.920000076293945,21.93000030517578,35377,0.0,0.0
2024-09-23 13:40:00-04:00,21.93000030517578,21.979999542236328,21.93000030517578,21.9768009185791,12376,0.0,0.0
2024-09-23 13:41:00-04:00,21.969999313354492,21.979999542236328,21.950000762939453,21.950000762939453,16921,0.0,0.0
2024-09-23 13:42:00-04:00,21.950000762939453,21.957399368286133,21.940000534057617,21.950000762939453,1178,0.0,0.0
2024-09-23 13:43:00-04:00,21.94499969482422,21.959999084472656,21.940000534057617,21.954999923706055,7995,0.0,0.0
2024-09-23 13:44:00-04:00,21.959999084472656,21.979999542236328,21.959999084472656,21.979999542236328,5672,0.0,0.0
2024-09-23 13:45:00-04:00,21.969999313354492,21.979999542236328,21.959999084472656,21.975000381469727,4993,0.0,0.0
2024-09-23 13:46:00-04:00,21.975000381469727,22.049999237060547,21.975000381469727,22.045000076293945,318954,0.0,0.0
2024-09-23 13:47:00-04:00,22.049999237060547,22.079999923706055,22.0408992767334,22.06999969482422,34236,0.0,0.0
2024-09-23 13:48:00-04:00,22.078699111938477,22.079999923706055,22.070100784301758,22.075000762939453,17676,0.0,0.0
2024-09-23 13:49:00-04:00,22.075000762939453,22.079999923706055,22.06999969482422,22.075000762939453,9898,0.0,0.0
2024-09-23 13:50:00-04:00,22.079999923706055,22.1200008392334,22.059999465942383,22.1200008392334,53614,0.0,0.0
2024-09-23 13:51:00-04:00,22.1299991607666,22.139999389648438,22.100099563598633,22.117300033569336,24295,0.0,0.0
2024-09-23 13:52:00-04:00,22.1200008392334,22.149999618530273,22.1200008392334,22.1299991607666,23546,0.0,0.0
2024-09-23 13:53:00-04:00,22.1299991607666,22.15999984741211,22.1200008392334,22.159700393676758,20527,0.0,0.0
2024-09-23 13:54:00-04:00,22.15999984741211,22.170000076293945,22.149999618530273,22.15399932861328,31964,0.0,0.0
2024-09-23 13:55:00-04:00,22.152000427246094,22.15999984741211,22.15089988708496,22.155000686645508,5628,0.0,0.0
2024-09-23 13:56:00-04:00,22.155000686645508,22.15999984741211,22.139999389648438,22.145000457763672,23139,0.0,0.0
2024-09-23 13:57:00-04:00,22.145000457763672,22.15999984741211,22.139999389648438,22.155000686645508,17480,0.0,0.0
2024-09-23 13:58:00-04:00,22.15999984741211,22.190000534057617,22.155000686645508,22.184999465942383,19616,0.0,0.0
2024-09-23 13:59:00-04:00,22.190000534057617,22.190000534057617,22.110000610351562,22.110000610351562,26656,0.0,0.0
2024-09-23 14:00:00-04:00,22.110000610351562,22.149900436401367,22.100000381469727,22.149900436401367,29187,0.0,0.0
2024-09-23 14:01:00-04:00,22.149999618530273,22.149999618530273,22.11009979248047,22.1200008392334,14080,0.0,0.0
2024-09-23 14:02:00-04:00,22.114999771118164,22.15999984741211,22.110000610351562,22.149999618530273,12962,0.0,0.0
2024-09-23 14:03:00-04:00,22.145000457763672,22.18000030517578,22.13719940185547,22.149999618530273,21476,0.0,0.0
2024-09-23 14:04:00-04:00,22.149999618530273,22.155000686645508,22.090599060058594,22.1299991607666,30421,0.0,0.0
2024-09-23 14:05:00-04:00,22.139999389648438,22.149999618530273,22.100000381469727,22.110000610351562,24603,0.0,0.0
2024-09-23 14:06:00-04:00,22.110000610351562,22.110000610351562,22.08139991760254,22.100000381469727,10033,0.0,0.0
2024-09-23 14:07:00-04:00,22.100000381469727,22.110000610351562,22.084999084472656,22.084999084472656,9406,0.0,0.0
2024-09-23 14:08:00-04:00,22.09000015258789,22.1299991607666,22.09000015258789,22.110000610351562,9883,0.0,0.0
2024-09-23 14:09:00-04:00,22.110000610351562,22.1200008392334,22.070499420166016,22.09000015258789,10524,0.0,0.0
2024-09-23 14:10:00-04:00,22.09000015258789,22.1200008392334,22.06999969482422,22.110000610351562,28625,0.0,0.0
2024-09-23 14:11:00-04:00,22.110000610351562,22.135000228881836,22.06999969482422,22.06999969482422,33731,0.0,0.0
2024-09-23 14:12:00-04:00,22.06999969482422,22.06999969482422,21.950000762939453,22.010000228881836,47963,0.0,0.0
2024-09-23 14:13:00-04:00,22.010000228881836,22.040000915527344,21.99370002746582,21.99410057067871,8661,0.0,0.0
2024-09-23 14:14:00-04:00,22.002899169921875,22.020000457763672,22.0,22.020000457763672,5041,0.0,0.0
2024-09-23 14:15:00-04:00,22.010099411010742,22.030000686645508,21.969999313354492,22.0049991607666,26634,0.0,0.0
2024-09-23 14:16:00-04:00,22.000099182128906,22.020000457763672,21.969999313354492,22.020000457763672,13393,0.0,0.0
2024-09-23 14:17:00-04:00,22.020000457763672,22.030000686645508,21.979999542236328,21.989999771118164,20412,0.0,0.0
2024-09-23 14:18:00-04:00,21.985000610351562,21.989999771118164,21.950000762939453,21.979999542236328,24582,0.0,0.0
2024-09-23 14:19:00-04:00,21.989999771118164,21.989999771118164,21.940000534057617,21.969999313354492,14462,0.0,0.0
2024-09-23 14:20:00-04:00,21.959999084472656,21.989999771118164,21.934999465942383,21.989999771118164,15951,0.0,0.0
2024-09-23 14:21:00-04:00,21.997600555419922,22.06999969482422,21.997600555419922,22.06999969482422,26767,0.0,0.0
2024-09-23 14:22:00-04:00,22.05590057373047,22.065000534057617,22.049999237060547,22.049999237060547,11758,0.0,0.0
2024-09-23 14:23:00-04:00,22.050100326538086,22.09000015258789,22.030000686645508,22.079999923706055,20718,0.0,0.0
2024-09-23 14:24:00-04:00,22.079999923706055,22.084999084472656,22.020000457763672,22.030000686645508,24589,0.0,0.0
2024-09-23 14:25:00-04:00,22.030000686645508,22.059999465942383,22.020000457763672,22.030000686645508,61495,0.0,0.0
2024-09-23 14:26:00-04:00,22.030099868774414,22.030099868774414,21.966400146484375,21.979999542236328,8966,0.0,0.0
2024-09-23 14:27:00-04:00,21.969999313354492,21.985000610351562,21.959999084472656,21.979999542236328,12588,0.0,0.0
2024-09-23 14:28:00-04:00,21.989999771118164,22.020000457763672,21.983600616455078,22.010000228881836,5711,0.0,0.0
2024-09-23 14:29:00-04:00,22.0,22.020000457763672,21.969999313354492,21.969999313354492,10690,0.0,0.0
2024-09-23 14:30:00-04:00,21.959999084472656,21.969999313354492,21.91010093688965,21.959999084472656,8526,0.0,0.0
2024-09-23 14:31:00-04:00,21.959999084472656,22.0,21.95400047302246,21.969999313354492,6205,0.0,0.0
2024-09-23 14:32:00-04:00,21.979999542236328,21.989999771118164,21.965999603271484,21.979999542236328,7164,0.0,0.0
2024-09-23 14:33:00-04:00,21.969999313354492,21.97719955444336,21.959999084472656,21.969999313354492,9479,0.0,0.0
2024-09-23 14:34:00-04:00,21.975000381469727,22.020000457763672,21.972000122070312,22.007999420166016,11315,0.0,0.0
2024-09-23 14:35:00-04:00,22.020000457763672,22.020000457763672,21.959999084472656,21.969999313354492,22366,0.0,0.0
2024-09-23 14:36:00-04:00,21.969999313354492,21.969999313354492,21.940000534057617,21.959999084472656,7208,0.0,0.0
2024-09-23 14:37:00-04:00,21.959999084472656,21.985000610351562,21.959999084472656,21.969600677490234,6872,0.0,0.0
2024-09-23 14:38:00-04:00,21.979900360107422,21.979999542236328,21.975000381469727,21.979999542236328,4104,0.0,0.0
2024-09-23 14:39:00-04:00,21.98979949951172,22.010000228881836,21.985000610351562,22.009700775146484,5989,0.0,0.0
2024-09-23 14:40:00-04:00,22.010000228881836,22.010000228881836,22.0,22.010000228881836,1211,0.0,0.0
2024-09-23 14:41:00-04:00,22.010000228881836,22.020000457763672,21.950000762939453,21.950000762939453,19299,0.0,0.0
2024-09-23 14:42:00-04:00,21.962499618530273,21.97249984741211,21.959999084472656,21.969999313354492,6971,0.0,0.0
2024-09-23 14:43:00-04:00,21.969999313354492,21.969999313354492,21.950000762939453,21.96500015258789,5264,0.0,0.0
2024-09-23 14:44:00-04:00,21.969999313354492,22.0,21.969999313354492,21.989999771118164,3912,0.0,0.0
2024-09-23 14:45:00-04:00,21.989999771118164,21.989999771118164,21.9606990814209,21.9606990814209,9538,0.0,0.0
2024-09-23 14:46:00-04:00,21.969999313354492,21.979999542236328,21.969999313354492,21.979999542236328,1542,0.0,0.0
2024-09-23 14:47:00-04:00,21.989999771118164,22.020000457763672,21.989999771118164,22.0,9165,0.0,0.0
2024-09-23 14:48:00-04:00,21.989999771118164,21.989999771118164,21.96500015258789,21.969999313354492,6883,0.0,0.0
2024-09-23 14:49:00-04:00,21.969999313354492,22.020000457763672,21.969999313354492,22.020000457763672,4351,0.0,0.0
2024-09-23 14:50:00-04:00,22.020000457763672,22.020000457763672,22.010000228881836,22.010000228881836,3347,0.0,0.0
2024-09-23 14:51:00-04:00,22.020000457763672,22.020000457763672,21.989999771118164,21.990999221801758,10258,0.0,0.0
2024-09-23 14:52:00-04:00,21.979999542236328,22.0,21.969999313354492,22.0,18646,0.0,0.0
2024-09-23 14:53:00-04:00,22.0,22.0,21.969999313354492,21.989999771118164,15262,0.0,0.0
2024-09-23 14:54:00-04:00,21.989999771118164,21.99250030517578,21.95789909362793,21.95789909362793,22718,0.0,0.0
2024-09-23 14:55:00-04:00,21.954999923706055,21.954999923706055,21.93000030517578,21.941299438476562,7831,0.0,0.0
2024-09-23 14:56:00-04:00,21.950000762939453,21.979999542236328,21.940000534057617,21.979999542236328,17500,0.0,0.0
2024-09-23 14:57:00-04:00,21.97130012512207,21.979999542236328,21.97130012512207,21.975000381469727,5444,0.0,0.0
2024-09-23 14:58:00-04:00,21.979999542236328,21.979999542236328,21.969999313354492,21.969999313354492,4025,0.0,0.0
2024-09-23 15:00:00-04:00,21.954999923706055,21.969999313354492,21.940000534057617,21.96500015258789,20933,0.0,0.0
2024-09-23 15:01:00-04:00,21.96500015258789,21.989999771118164,21.959999084472656,21.979999542236328,18093,0.0,0.0
2024-09-23 15:02:00-04:00,21.979999542236328,22.030000686645508,21.979999542236328,22.030000686645508,46503,0.0,0.0
2024-09-23 15:03:00-04:00,22.028600692749023,22.049999237060547,22.010000228881836,22.045000076293945,24788,0.0,0.0
2024-09-23 15:04:00-04:00,22.040300369262695,22.059999465942383,22.030099868774414,22.03499984741211,12768,0.0,0.0
2024-09-23 15:05:00-04:00,22.035999298095703,22.049999237060547,22.030000686645508,22.049999237060547,8030,0.0,0.0
2024-09-23 15:06:00-04:00,22.049999237060547,22.09000015258789,22.040000915527344,22.059999465942383,20275,0.0,0.0
2024-09-23 15:07:00-04:00,22.059999465942383,22.079999923706055,22.040000915527344,22.06999969482422,8407,0.0,0.0
2024-09-23 15:08:00-04:00,22.06999969482422,22.06999969482422,22.049999237060547,22.05500030517578,7861,0.0,0.0
2024-09-23 15:09:00-04:00,22.05500030517578,22.05500030517578,22.030000686645508,22.030000686645508,8627,0.0,0.0
2024-09-23 15:10:00-04:00,22.030000686645508,22.06999969482422,22.030000686645508,22.065000534057617,10138,0.0,0.0
2024-09-23 15:11:00-04:00,22.0625,22.075000762939453,22.05500030517578,22.059999465942383,17942,0.0,0.0
2024-09-23 15:12:00-04:00,22.06999969482422,22.1200008392334,22.06999969482422,22.1200008392334,20616,0.0,0.0
2024-09-23 15:13:00-04:00,22.110000610351562,22.149999618530273,22.110000610351562,22.139999389648438,20813,0.0,0.0
2024-09-23 15:14:00-04:00,22.149999618530273,22.149999618530273,22.125,22.125,19388,0.0,0.0
2024-09-23 15:15:00-04:00,22.1299991607666,22.149999618530273,22.122100830078125,22.139999389648438,5535,0.0,0.0
2024-09-23 15:16:00-04:00,22.139999389648438,22.149999618530273,22.13010025024414,22.139999389648438,7492,0.0,0.0
2024-09-23 15:17:00-04:00,22.139999389648438,22.15999984741211,22.139999389648438,22.159900665283203,16790,0.0,0.0
2024-09-23 15:18:00-04:00,22.15999984741211,22.190000534057617,22.152099609375,22.190000534057617,39406,0.0,0.0
2024-09-23 15:19:00-04:00,22.184999465942383,22.190000534057617,22.18400001525879,22.190000534057617,14068,0.0,0.0
2024-09-23 15:20:00-04:00,22.190000534057617,22.219999313354492,22.18400001525879,22.209999084472656,63853,0.0,0.0
2024-09-23 15:21:00-04:00,22.204999923706055,22.25,22.181900024414062,22.239999771118164,34188,0.0,0.0
2024-09-23 15:22:00-04:00,22.235000610351562,22.235000610351562,22.20009994506836,22.20599937438965,19132,0.0,0.0
2024-09-23 15:23:00-04:00,22.20599937438965,22.219999313354492,22.19499969482422,22.219999313354492,20927,0.0,0.0
2024-09-23 15:24:00-04:00,22.229999542236328,22.229999542236328,22.20949935913086,22.209999084472656,15501,0.0,0.0
2024-09-23 15:25:00-04:00,22.209999084472656,22.219999313354492,22.200000762939453,22.219999313354492,14054,0.0,0.0
2024-09-23 15:26:00-04:00,22.200000762939453,22.235000610351562,22.200000762939453,22.235000610351562,9847,0.0,0.0
2024-09-23 15:27:00-04:00,22.230100631713867,22.25,22.230100631713867,22.2450008392334,9596,0.0,0.0
2024-09-23 15:28:00-04:00,22.25,22.25,22.190000534057617,22.21500015258789,49845,0.0,0.0
2024-09-23 15:29:00-04:00,22.207000732421875,22.229999542236328,22.190000534057617,22.229999542236328,23976,0.0,0.0
2024-09-23 15:30:00-04:00,22.235000610351562,22.239999771118164,22.209999084472656,22.209999084472656,20594,0.0,0.0
2024-09-23 15:31:00-04:00,22.209999084472656,22.2189998626709,22.170000076293945,22.18000030517578,19669,0.0,0.0
2024-09-23 15:32:00-04:00,22.18000030517578,22.190000534057617,22.17009925842285,22.174999237060547,15522,0.0,0.0
2024-09-23 15:33:00-04:00,22.18000030517578,22.219999313354492,22.15999984741211,22.200000762939453,37066,0.0,0.0
2024-09-23 15:34:00-04:00,22.200000762939453,22.200000762939453,22.170000076293945,22.170000076293945,21478,0.0,0.0
2024-09-23 15:35:00-04:00,22.170000076293945,22.18000030517578,22.170000076293945,22.170000076293945,13625,0.0,0.0
2024-09-23 15:36:00-04:00,22.174999237060547,22.19499969482422,22.170000076293945,22.184999465942383,37578,0.0,0.0
2024-09-23 15:37:00-04:00,22.181400299072266,22.209999084472656,22.170000076293945,22.20789909362793,21410,0.0,0.0
2024-09-23 15:38:00-04:00,22.204999923706055,22.204999923706055,22.149999618530273,22.149999618530273,30849,0.0,0.0
2024-09-23 15:39:00-04:00,22.145000457763672,22.15999984741211,22.1299991607666,22.149999618530273,13806,0.0,0.0
2024-09-23 15:40:00-04:00,22.15999984741211,22.187299728393555,22.15999984741211,22.174999237060547,9043,0.0,0.0
2024-09-23 15:41:00-04:00,22.18000030517578,22.190000534057617,22.170000076293945,22.18000030517578,10813,0.0,0.0
2024-09-23 15:42:00-04:00,22.18000030517578,22.184999465942383,22.170000076293945,22.174999237060547,14871,0.0,0.0
2024-09-23 15:43:00-04:00,22.174999237060547,22.174999237060547,22.139999389648438,22.149999618530273,15589,0.0,0.0
2024-09-23 15:44:00-04:00,22.139999389648438,22.149999618530273,22.110000610351562,22.1200008392334,20574,0.0,0.0
2024-09-23 15:45:00-04:00,22.139999389648438,22.18000030517578,22.139999389648438,22.18000030517578,16898,0.0,0.0
2024-09-23 15:46:00-04:00,22.18000030517578,22.200000762939453,22.164199829101562,22.190000534057617,24421,0.0,0.0
2024-09-23 15:47:00-04:00,22.19499969482422,22.200000762939453,22.184999465942383,22.184999465942383,9902,0.0,0.0
2024-09-23 15:48:00-04:00,22.18000030517578,22.219999313354492,22.18000030517578,22.219999313354492,18949,0.0,0.0
2024-09-23 15:49:00-04:00,22.21500015258789,22.219999313354492,22.209999084472656,22.214000701904297,21325,0.0,0.0
2024-09-23 15:50:00-04:00,22.21500015258789,22.21500015258789,22.180099487304688,22.200000762939453,51055,0.0,0.0
2024-09-23 15:51:00-04:00,22.190099716186523,22.209999084472656,22.184999465942383,22.209999084472656,28144,0.0,0.0
2024-09-23 15:52:00-04:00,22.201799392700195,22.209999084472656,22.19499969482422,22.204999923706055,32721,0.0,0.0
2024-09-23 15:53:00-04:00,22.204999923706055,22.209999084472656,22.200000762939453,22.204999923706055,10745,0.0,0.0
2024-09-23 15:54:00-04:00,22.200000762939453,22.229999542236328,22.184999465942383,22.225000381469727,38929,0.0,0.0
2024-09-23 15:55:00-04:00,22.225000381469727,22.229999542236328,22.219999313354492,22.229999542236328,39979,0.0,0.0
2024-09-23 15:56:00-04:00,22.225000381469727,22.229999542236328,22.211000442504883,22.211000442504883,61406,0.0,0.0
2024-09-23 15:57:00-04:00,22.219999313354492,22.290000915527344,22.219999313354492,22.270000457763672,148643,0.0,0.0
2024-09-23 15:58:00-04:00,22.269899368286133,22.329999923706055,22.25,22.325000762939453,168455,0.0,0.0
2024-09-23 15:59:00-04:00,22.329999923706055,22.329999923706055,22.30500030517578,22.325000762939453,184993,0.0,0.0
2024-09-24 09:30:00-04:00,22.65999984741211,23.270000457763672,22.6200008392334,23.145000457763672,725680,0.0,0.0
2024-09-24 09:31:00-04:00,23.145000457763672,23.239999771118164,22.979999542236328,23.030000686645508,149000,0.0,0.0
2024-09-24 09:32:00-04:00,23.020000457763672,23.18000030517578,22.899999618530273,23.094999313354492,114112,0.0,0.0
2024-09-24 09:33:00-04:00,23.094999313354492,23.27400016784668,23.08060073852539,23.239999771118164,102930,0.0,0.0
2024-09-24 09:34:00-04:00,23.235000610351562,23.25,22.979999542236328,23.139999389648438,53104,0.0,0.0
2024-09-24 09:35:00-04:00,23.141000747680664,23.170000076293945,23.084999084472656,23.149999618530273,53674,0.0,0.0
2024-09-24 09:36:00-04:00,23.170000076293945,23.239999771118164,23.149999618530273,23.21500015258789,69970,0.0,0.0
2024-09-24 09:37:00-04:00,23.229999542236328,23.329999923706055,23.200000762939453,23.277099609375,74485,0.0,0.0
2024-09-24 09:38:00-04:00,23.290000915527344,23.350000381469727,23.209999084472656,23.34000015258789,97408,0.0,0.0
2024-09-24 09:39:00-04:00,23.325000762939453,23.399999618530273,23.31999969482422,23.389999389648438,104052,0.0,0.0
2024-09-24 09:40:00-04:00,23.38559913635254,23.399999618530273,23.34000015258789,23.3799991607666,50018,0.0,0.0
2024-09-24 09:41:00-04:00,23.3700008392334,23.450000762939453,23.342599868774414,23.422399520874023,53388,0.0,0.0
2024-09-24 09:42:00-04:00,23.43000030517578,23.5,23.420000076293945,23.469999313354492,111759,0.0,0.0
2024-09-24 09:43:00-04:00,23.469999313354492,23.479900360107422,23.350000381469727,23.405000686645508,65953,0.0,0.0
2024-09-24 09:44:00-04:00,23.43000030517578,23.440000534057617,23.3700008392334,23.385000228881836,16863,0.0,0.0
2024-09-24 09:45:00-04:00,23.385000228881836,23.43000030517578,23.34000015258789,23.420000076293945,48804,0.0,0.0
2024-09-24 09:46:00-04:00,23.428199768066406,23.428199768066406,23.13050079345703,23.13050079345703,49077,0.0,0.0
2024-09-24 09:47:00-04:00,23.135000228881836,23.139999389648438,23.0,23.040000915527344,283883,0.0,0.0
2024-09-24 09:48:00-04:00,23.06999969482422,23.170000076293945,23.049999237060547,23.122299194335938,66717,0.0,0.0
2024-09-24 09:49:00-04:00,23.209999084472656,23.319900512695312,23.209999084472656,23.250499725341797,52230,0.0,0.0
2024-09-24 09:50:00-04:00,23.25,23.2539005279541,23.1200008392334,23.169700622558594,32224,0.0,0.0
2024-09-24 09:51:00-04:00,23.139999389648438,23.299999237060547,23.1200008392334,23.290000915527344,70937,0.0,0.0
2024-09-24 09:52:00-04:00,23.280000686645508,23.368000030517578,23.280000686645508,23.31999969482422,27586,0.0,0.0
2024-09-24 09:53:00-04:00,23.31999969482422,23.43000030517578,23.315000534057617,23.43000030517578,22716,0.0,0.0
2024-09-24 09:54:00-04:00,23.426599502563477,23.540000915527344,23.411100387573242,23.530000686645508,161467,0.0,0.0
2024-09-24 09:55:00-04:00,23.530000686645508,23.549999237060547,23.510000228881836,23.534500122070312,41225,0.0,0.0
2024-09-24 09:56:00-04:00,23.540000915527344,23.579999923706055,23.530000686645508,23.549999237060547,83110,0.0,0.0
2024-09-24 09:57:00-04:00,23.543399810791016,23.559999465942383,23.420000076293945,23.43000030517578,59895,0.0,0.0
2024-09-24 09:58:00-04:00,23.410499572753906,23.479999542236328,23.410499572753906,23.420000076293945,23369,0.0,0.0
2024-09-24 09:59:00-04:00,23.420000076293945,23.43000030517578,23.34000015258789,23.43000030517578,30009,0.0,0.0
2024-09-24 10:00:00-04:00,23.420400619506836,23.48699951171875,23.389999389648438,23.479999542236328,37454,0.0,0.0
2024-09-24 10:01:00-04:00,23.479999542236328,23.530000686645508,23.43000030517578,23.469999313354492,50955,0.0,0.0
2024-09-24 10:02:00-04:00,23.469999313354492,23.5,23.420000076293945,23.458200454711914,40864,0.0,0.0
2024-09-24 10:03:00-04:00,23.454999923706055,23.454999923706055,23.31999969482422,23.34000015258789,60169,0.0,0.0
2024-09-24 10:04:00-04:00,23.3700008392334,23.3700008392334,23.31100082397461,23.360000610351562,30748,0.0,0.0
2024-09-24 10:05:00-04:00,23.358999252319336,23.3700008392334,23.149999618530273,23.15410041809082,50560,0.0,0.0
2024-09-24 10:06:00-04:00,23.16200065612793,23.229999542236328,23.1299991607666,23.219999313354492,38422,0.0,0.0
2024-09-24 10:07:00-04:00,23.209999084472656,23.264999389648438,23.15999984741211,23.264999389648438,30987,0.0,0.0
2024-09-24 10:08:00-04:00,23.258699417114258,23.36949920654297,23.258699417114258,23.329999923706055,17721,0.0,0.0
2024-09-24 10:09:00-04:00,23.329999923706055,23.43000030517578,23.329999923706055,23.34000015258789,59510,0.0,0.0
2024-09-24 10:10:00-04:00,23.34000015258789,23.34000015258789,23.270000457763672,23.28499984741211,11596,0.0,0.0
2024-09-24 10:11:00-04:00,23.295000076293945,23.304899215698242,23.270000457763672,23.280000686645508,15980,0.0,0.0
2024-09-24 10:12:00-04:00,23.28499984741211,23.3700008392334,23.28499984741211,23.354999542236328,15265,0.0,0.0
2024-09-24 10:13:00-04:00,23.350000381469727,23.420000076293945,23.34000015258789,23.364999771118164,67963,0.0,0.0
2024-09-24 10:14:00-04:00,23.3799991607666,23.450000762939453,23.3799991607666,23.424999237060547,43022,0.0,0.0
2024-09-24 10:15:00-04:00,23.43000030517578,23.450000762939453,23.420000076293945,23.420000076293945,29949,0.0,0.0
2024-09-24 10:16:00-04:00,23.422500610351562,23.424999237060547,23.389999389648438,23.424999237060547,29242,0.0,0.0
2024-09-24 10:17:00-04:00,23.420000076293945,23.5,23.420000076293945,23.489999771118164,59666,0.0,0.0
2024-09-24 10:18:00-04:00,23.5,23.5,23.5,23.5,50068,0.0,0.0
2024-09-24 10:19:00-04:00,23.489999771118164,23.5049991607666,23.440000534057617,23.459999084472656,60412,0.0,0.0
2024-09-24 10:20:00-04:00,23.459999084472656,23.48200035095215,23.389999389648438,23.44499969482422,24650,0.0,0.0
2024-09-24 10:21:00-04:00,23.44499969482422,23.5,23.40999984741211,23.480199813842773,29665,0.0,0.0
2024-09-24 10:22:00-04:00,23.475000381469727,23.475000381469727,23.374000549316406,23.3799991607666,27485,0.0,0.0
2024-09-24 10:23:00-04:00,23.3799991607666,23.43000030517578,23.329999923706055,23.424999237060547,28617,0.0,0.0
2024-09-24 10:24:00-04:00,23.40999984741211,23.479999542236328,23.40999984741211,23.43000030517578,36889,0.0,0.0
2024-09-24 10:25:00-04:00,23.440000534057617,23.440000534057617,23.40999984741211,23.420000076293945,15509,0.0,0.0
2024-09-24 10:26:00-04:00,23.415000915527344,23.420000076293945,23.350000381469727,23.415000915527344,18726,0.0,0.0
2024-09-24 10:27:00-04:00,23.400100708007812,23.469999313354492,23.399999618530273,23.469999313354492,29217,0.0,0.0
2024-09-24 10:28:00-04:00,23.469999313354492,23.475000381469727,23.420000076293945,23.440000534057617,32547,0.0,0.0
2024-09-24 10:29:00-04:00,23.450000762939453,23.5,23.440000534057617,23.489999771118164,25148,0.0,0.0
2024-09-24 10:30:00-04:00,23.485000610351562,23.510000228881836,23.471799850463867,23.48940086364746,40155,0.0,0.0
2024-09-24 10:31:00-04:00,23.479999542236328,23.559999465942383,23.420000076293945,23.540000915527344,112964,0.0,0.0
2024-09-24 10:32:00-04:00,23.54199981689453,23.54199981689453,23.5,23.53499984741211,20300,0.0,0.0
2024-09-24 10:33:00-04:00,23.540000915527344,23.670000076293945,23.530000686645508,23.670000076293945,73761,0.0,0.0
2024-09-24 10:34:00-04:00,23.670000076293945,23.75,23.65999984741211,23.739999771118164,80399,0.0,0.0
2024-09-24 10:35:00-04:00,23.730499267578125,23.739999771118164,23.670000076293945,23.687999725341797,78032,0.0,0.0
2024-09-24 10:36:00-04:00,23.690000534057617,23.690000534057617,23.6200008392334,23.639999389648438,52769,0.0,0.0
2024-09-24 10:37:00-04:00,23.6299991607666,23.639999389648438,23.579999923706055,23.59480094909668,35975,0.0,0.0
2024-09-24 10:38:00-04:00,23.604999542236328,23.690000534057617,23.575000762939453,23.690000534057617,103306,0.0,0.0
2024-09-24 10:39:00-04:00,23.68000030517578,23.75,23.6299991607666,23.709999084472656,57499,0.0,0.0
2024-09-24 10:40:00-04:00,23.709999084472656,23.729999542236328,23.68560028076172,23.719999313354492,14321,0.0,0.0
2024-09-24 10:41:00-04:00,23.719999313354492,23.729999542236328,23.688199996948242,23.690000534057617,13238,0.0,0.0
2024-09-24 10:42:00-04:00,23.700000762939453,23.8700008392334,23.690000534057617,23.8700008392334,181247,0.0,0.0
2024-09-24 10:43:00-04:00,23.8700008392334,23.8799991607666,23.719999313354492,23.770000457763672,123629,0.0,0.0
2024-09-24 10:44:00-04:00,23.760099411010742,23.823699951171875,23.760099411010742,23.799999237060547,43501,0.0,0.0
2024-09-24 10:45:00-04:00,23.825000762939453,23.850000381469727,23.780000686645508,23.799999237060547,39642,0.0,0.0
2024-09-24 10:46:00-04:00,23.799999237060547,23.84000015258789,23.770099639892578,23.81220054626465,39712,0.0,0.0
2024-09-24 10:47:00-04:00,23.795000076293945,23.84000015258789,23.780000686645508,23.790000915527344,39941,0.0,0.0
2024-09-24 10:48:00-04:00,23.790000915527344,23.84000015258789,23.784099578857422,23.834999084472656,44633,0.0,0.0
2024-09-24 10:49:00-04:00,23.83009910583496,23.8799991607666,23.83009910583496,23.850000381469727,102454,0.0,0.0
2024-09-24 10:50:00-04:00,23.850000381469727,23.860000610351562,23.780000686645508,23.809999465942383,26177,0.0,0.0
2024-09-24 10:51:00-04:00,23.799999237060547,23.850000381469727,23.690000534057617,23.850000381469727,99501,0.0,0.0
2024-09-24 10:52:00-04:00,23.851999282836914,23.8799991607666,23.780000686645508,23.802000045776367,30136,0.0,0.0
2024-09-24 10:53:00-04:00,23.80500030517578,23.841999053955078,23.798200607299805,23.829999923706055,14075,0.0,0.0
2024-09-24 10:54:00-04:00,23.850000381469727,23.850000381469727,23.84000015258789,23.844999313354492,32284,0.0,0.0
2024-09-24 10:55:00-04:00,23.815000534057617,23.850000381469727,23.809999465942383,23.815000534057617,26029,0.0,0.0
2024-09-24 10:56:00-04:00,23.809999465942383,23.829999923706055,23.78499984741211,23.799999237060547,40498,0.0,0.0
2024-09-24 10:57:00-04:00,23.815000534057617,23.81999969482422,23.760000228881836,23.809999465942383,60165,0.0,0.0
2024-09-24 10:58:00-04:00,23.812000274658203,23.812000274658203,23.709999084472656,23.799999237060547,28024,0.0,0.0
2024-09-24 10:59:00-04:00,23.799999237060547,23.809999465942383,23.770000457763672,23.799999237060547,29320,0.0,0.0
2024-09-24 11:00:00-04:00,23.795000076293945,23.799999237060547,23.75,23.780000686645508,30102,0.0,0.0
2024-09-24 11:01:00-04:00,23.739999771118164,23.739999771118164,23.720500946044922,23.729999542236328,12905,0.0,0.0
2024-09-24 11:02:00-04:00,23.729999542236328,23.75,23.703100204467773,23.709999084472656,22064,0.0,0.0
2024-09-24 11:03:00-04:00,23.701499938964844,23.790000915527344,23.701499938964844,23.709999084472656,54055,0.0,0.0
2024-09-24 11:04:00-04:00,23.709999084472656,23.709999084472656,23.635000228881836,23.674999237060547,29866,0.0,0.0
2024-09-24 11:05:00-04:00,23.67799949645996,23.729999542236328,23.674999237060547,23.71500015258789,25661,0.0,0.0
2024-09-24 11:06:00-04:00,23.719999313354492,23.799999237060547,23.719999313354492,23.735000610351562,66428,0.0,0.0
2024-09-24 11:07:00-04:00,23.739999771118164,23.790000915527344,23.737499237060547,23.760000228881836,15728,0.0,0.0
2024-09-24 11:08:00-04:00,23.79949951171875,23.799999237060547,23.780000686645508,23.790000915527344,19308,0.0,0.0
2024-09-24 11:09:00-04:00,23.780000686645508,23.799999237060547,23.780000686645508,23.799999237060547,6115,0.0,0.0
2024-09-24 11:10:00-04:00,23.797100067138672,23.799999237060547,23.75,23.760000228881836,16668,0.0,0.0
2024-09-24 11:11:00-04:00,23.75,23.75,23.700000762939453,23.745899200439453,8524,0.0,0.0
2024-09-24 11:12:00-04:00,23.739999771118164,23.75,23.725000381469727,23.739999771118164,11170,0.0,0.0
2024-09-24 11:13:00-04:00,23.75,23.75,23.68000030517578,23.690000534057617,18095,0.0,0.0
2024-09-24 11:14:00-04:00,23.700000762939453,23.709999084472656,23.649999618530273,23.68000030517578,12735,0.0,0.0
2024-09-24 11:15:00-04:00,23.68000030517578,23.68000030517578,23.59000015258789,23.600000381469727,34249,0.0,0.0
2024-09-24 11:16:00-04:00,23.59000015258789,23.610000610351562,23.520000457763672,23.590499877929688,70439,0.0,0.0
2024-09-24 11:17:00-04:00,23.600000381469727,23.600000381469727,23.5,23.510000228881836,47790,0.0,0.0
2024-09-24 11:18:00-04:00,23.511995315551758,23.530000686645508,23.469999313354492,23.524999618530273,24762,0.0,0.0
2024-09-24 11:19:00-04:00,23.524999618530273,23.540000915527344,23.479999542236328,23.48110008239746,24273,0.0,0.0
2024-09-24 11:20:00-04:00,23.47599983215332,23.47599983215332,23.309999465942383,23.335800170898438,75068,0.0,0.0
2024-09-24 11:21:00-04:00,23.320100784301758,23.389999389648438,23.320100784301758,23.360000610351562,25312,0.0,0.0
2024-09-24 11:22:00-04:00,23.3700008392334,23.3700008392334,23.290000915527344,23.34000015258789,37693,0.0,0.0
2024-09-24 11:23:00-04:00,23.34000015258789,23.364999771118164,23.31999969482422,23.364999771118164,13328,0.0,0.0
2024-09-24 11:24:00-04:00,23.364999771118164,23.43000030517578,23.364999771118164,23.420000076293945,20635,0.0,0.0
2024-09-24 11:25:00-04:00,23.424999237060547,23.512500762939453,23.424999237060547,23.479999542236328,34990,0.0,0.0
2024-09-24 11:26:00-04:00,23.475000381469727,23.475000381469727,23.385000228881836,23.43000030517578,20949,0.0,0.0
2024-09-24 11:27:00-04:00,23.450000762939453,23.514999389648438,23.450000762939453,23.489299774169922,17509,0.0,0.0
2024-09-24 11:28:00-04:00,23.489900588989258,23.524999618530273,23.479999542236328,23.503999710083008,31168,0.0,0.0
2024-09-24 11:29:00-04:00,23.509899139404297,23.540000915527344,23.509899139404297,23.539499282836914,10615,0.0,0.0
2024-09-24 11:30:00-04:00,23.539499282836914,23.579500198364258,23.510000228881836,23.510000228881836,25237,0.0,0.0
2024-09-24 11:31:00-04:00,23.50029945373535,23.510000228881836,23.450000762939453,23.459999084472656,48226,0.0,0.0
2024-09-24 11:32:00-04:00,23.459999084472656,23.5,23.440000534057617,23.489999771118164,17046,0.0,0.0
2024-09-24 11:33:00-04:00,23.4950008392334,23.5049991607666,23.450000762939453,23.479900360107422,26123,0.0,0.0
2024-09-24 11:34:00-04:00,23.479999542236328,23.5,23.460399627685547,23.479999542236328,15463,0.0,0.0
2024-09-24 11:35:00-04:00,23.48550033569336,23.48550033569336,23.434999465942383,23.450000762939453,20889,0.0,0.0
2024-09-24 11:36:00-04:00,23.459999084472656,23.469999313354492,23.40999984741211,23.420000076293945,9683,0.0,0.0
2024-09-24 11:37:00-04:00,23.40999984741211,23.42009925842285,23.3799991607666,23.3799991607666,22406,0.0,0.0
2024-09-24 11:38:00-04:00,23.3799991607666,23.389999389648438,23.34000015258789,23.36050033569336,17419,0.0,0.0
2024-09-24 11:39:00-04:00,23.36050033569336,23.3799991607666,23.290000915527344,23.290000915527344,25442,0.0,0.0
2024-09-24 11:40:00-04:00,23.299999237060547,23.364999771118164,23.299999237060547,23.354999542236328,18240,0.0,0.0
2024-09-24 11:41:00-04:00,23.333900451660156,23.350000381469727,23.25,23.264999389648438,22652,0.0,0.0
2024-09-24 11:42:00-04:00,23.28499984741211,23.350000381469727,23.280000686645508,23.34000015258789,38551,0.0,0.0
2024-09-24 11:43:00-04:00,23.3799991607666,23.420000076293945,23.3799991607666,23.40999984741211,5854,0.0,0.0
2024-09-24 11:44:00-04:00,23.40999984741211,23.40999984741211,23.350400924682617,23.360000610351562,24346,0.0,0.0
2024-09-24 11:45:00-04:00,23.360000610351562,23.360000610351562,23.35810089111328,23.35810089111328,3125,0.0,0.0
2024-09-24 11:46:00-04:00,23.36039924621582,23.389999389648438,23.34000015258789,23.360000610351562,12451,0.0,0.0
2024-09-24 11:47:00-04:00,23.350000381469727,23.364999771118164,23.329999923706055,23.354999542236328,10050,0.0,0.0
2024-09-24 11:48:00-04:00,23.3700008392334,23.40999984741211,23.35409927368164,23.40999984741211,11489,0.0,0.0
2024-09-24 11:49:00-04:00,23.400100708007812,23.415000915527344,23.350000381469727,23.375,15595,0.0,0.0
2024-09-24 11:50:00-04:00,23.37019920349121,23.3799991607666,23.333999633789062,23.333999633789062,11642,0.0,0.0
2024-09-24 11:51:00-04:00,23.350000381469727,23.3700008392334,23.350000381469727,23.3700008392334,7113,0.0,0.0
2024-09-24 11:52:00-04:00,23.366500854492188,23.389999389648438,23.360000610351562,23.3799991607666,10094,0.0,0.0
2024-09-24 11:53:00-04:00,23.3799991607666,23.40999984741211,23.3799991607666,23.40999984741211,13527,0.0,0.0
2024-09-24 11:54:00-04:00,23.399999618530273,23.420000076293945,23.389999389648438,23.40999984741211,9053,0.0,0.0
2024-09-24 11:55:00-04:00,23.408300399780273,23.408300399780273,23.350000381469727,23.3700008392334,7318,0.0,0.0
2024-09-24 11:56:00-04:00,23.3700008392334,23.377099990844727,23.369600296020508,23.3700008392334,2552,0.0,0.0
2024-09-24 11:57:00-04:00,23.3700008392334,23.396799087524414,23.3700008392334,23.389999389648438,7923,0.0,0.0
2024-09-24 11:58:00-04:00,23.399999618530273,23.399999618530273,23.3799991607666,23.389999389648438,2414,0.0,0.0
2024-09-24 11:59:00-04:00,23.399999618530273,23.399999618530273,23.3700008392334,23.3799991607666,18838,0.0,0.0
2024-09-24 12:00:00-04:00,23.3799991607666,23.389999389648438,23.329999923706055,23.34000015258789,23361,0.0,0.0
2024-09-24 12:01:00-04:00,23.350000381469727,23.399900436401367,23.344999313354492,23.389999389648438,6835,0.0,0.0
2024-09-24 12:02:00-04:00,23.389999389648438,23.389999389648438,23.34119987487793,23.360000610351562,14201,0.0,0.0
2024-09-24 12:03:00-04:00,23.360000610351562,23.399999618530273,23.360000610351562,23.399999618530273,2407,0.0,0.0
2024-09-24 12:04:00-04:00,23.390100479125977,23.450000762939453,23.390100479125977,23.450000762939453,12771,0.0,0.0
2024-09-24 12:05:00-04:00,23.459999084472656,23.489999771118164,23.43000030517578,23.440799713134766,10604,0.0,0.0
2024-09-24 12:06:00-04:00,23.459999084472656,23.485599517822266,23.440000534057617,23.450000762939453,10442,0.0,0.0
2024-09-24 12:07:00-04:00,23.461999893188477,23.469999313354492,23.415000915527344,23.420000076293945,12047,0.0,0.0
2024-09-24 12:08:00-04:00,23.3700008392334,23.3799991607666,23.3700008392334,23.3700008392334,16082,0.0,0.0
2024-09-24 12:09:00-04:00,23.3799991607666,23.43000030517578,23.3799991607666,23.3799991607666,4803,0.0,0.0
2024-09-24 12:10:00-04:00,23.389999389648438,23.399999618530273,23.3799991607666,23.389999389648438,2980,0.0,0.0
2024-09-24 12:11:00-04:00,23.3799991607666,23.3799991607666,23.350200653076172,23.350200653076172,4889,0.0,0.0
2024-09-24 12:12:00-04:00,23.350000381469727,23.385000228881836,23.350000381469727,23.350099563598633,6261,0.0,0.0
2024-09-24 12:13:00-04:00,23.3700008392334,23.3799991607666,23.3700008392334,23.3799991607666,1948,0.0,0.0
2024-09-24 12:14:00-04:00,23.364999771118164,23.3799991607666,23.360000610351562,23.360000610351562,4674,0.0,0.0
2024-09-24 12:15:00-04:00,23.350000381469727,23.3799991607666,23.350000381469727,23.350000381469727,9379,0.0,0.0
2024-09-24 12:16:00-04:00,23.360000610351562,23.360000610351562,23.34000015258789,23.350000381469727,4550,0.0,0.0
2024-09-24 12:17:00-04:00,23.340200424194336,23.364999771118164,23.340200424194336,23.360000610351562,4707,0.0,0.0
2024-09-24 12:18:00-04:00,23.3700008392334,23.3799991607666,23.3700008392334,23.3700008392334,1740,0.0,0.0
2024-09-24 12:19:00-04:00,23.360000610351562,23.389999389648438,23.360000610351562,23.389999389648438,6345,0.0,0.0
2024-09-24 12:20:00-04:00,23.3799991607666,23.3799991607666,23.34000015258789,23.350000381469727,12125,0.0,0.0
2024-09-24 12:21:00-04:00,23.350000381469727,23.350000381469727,23.334999084472656,23.34000015258789,9672,0.0,0.0
2024-09-24 12:22:00-04:00,23.34000015258789,23.37689971923828,23.34000015258789,23.3700008392334,3750,0.0,0.0
2024-09-24 12:23:00-04:00,23.360000610351562,23.360000610351562,23.329999923706055,23.350000381469727,5291,0.0,0.0
2024-09-24 12:24:00-04:00,23.34000015258789,23.34000015258789,23.329999923706055,23.337499618530273,4819,0.0,0.0
2024-09-24 12:25:00-04:00,23.350000381469727,23.360000610351562,23.34950065612793,23.360000610351562,6056,0.0,0.0
2024-09-24 12:26:00-04:00,23.360000610351562,23.360000610351562,23.35420036315918,23.35420036315918,1153,0.0,0.0
2024-09-24 12:27:00-04:00,23.360000610351562,23.360000610351562,23.350000381469727,23.360000610351562,4149,0.0,0.0
2024-09-24 12:28:00-04:00,23.350000381469727,23.350000381469727,23.329999923706055,23.329999923706055,6800,0.0,0.0
2024-09-24 12:29:00-04:00,23.329999923706055,23.34000015258789,23.31999969482422,23.329999923706055,7226,0.0,0.0
2024-09-24 12:30:00-04:00,23.329999923706055,23.329999923706055,23.25,23.270000457763672,24923,0.0,0.0
2024-09-24 12:31:00-04:00,23.280000686645508,23.28499984741211,23.270000457763672,23.270000457763672,4524,0.0,0.0
2024-09-24 12:32:00-04:00,23.280000686645508,23.280000686645508,23.25,23.25,14650,0.0,0.0
2024-09-24 12:33:00-04:00,23.2549991607666,23.290000915527344,23.2549991607666,23.290000915527344,9760,0.0,0.0
2024-09-24 12:34:00-04:00,23.290000915527344,23.290000915527344,23.264999389648438,23.280000686645508,8841,0.0,0.0
2024-09-24 12:35:00-04:00,23.270999908447266,23.274999618530273,23.229999542236328,23.229999542236328,12474,0.0,0.0
2024-09-24 12:36:00-04:00,23.239099502563477,23.270000457763672,23.235000610351562,23.270000457763672,15501,0.0,0.0
2024-09-24 12:37:00-04:00,23.280000686645508,23.280000686645508,23.239999771118164,23.252399444580078,7469,0.0,0.0
2024-09-24 12:38:00-04:00,23.260000228881836,23.280000686645508,23.260000228881836,23.270000457763672,5268,0.0,0.0
2024-09-24 12:39:00-04:00,23.270000457763672,23.270000457763672,23.260000228881836,23.26099967956543,8268,0.0,0.0
2024-09-24 12:40:00-04:00,23.270000457763672,23.299999237060547,23.270000457763672,23.29990005493164,8333,0.0,0.0
2024-09-24 12:41:00-04:00,23.299800872802734,23.29990005493164,23.29490089416504,23.295000076293945,9122,0.0,0.0
2024-09-24 12:42:00-04:00,23.295000076293945,23.299999237060547,23.290000915527344,23.295000076293945,5072,0.0,0.0
2024-09-24 12:43:00-04:00,23.299999237060547,23.399999618530273,23.299999237060547,23.389999389648438,28212,0.0,0.0
2024-09-24 12:44:00-04:00,23.389999389648438,23.469900131225586,23.389999389648438,23.469900131225586,14485,0.0,0.0
2024-09-24 12:45:00-04:00,23.46579933166504,23.475500106811523,23.459999084472656,23.475500106811523,11290,0.0,0.0
2024-09-24 12:46:00-04:00,23.479999542236328,23.5,23.469999313354492,23.479999542236328,16619,0.0,0.0
2024-09-24 12:47:00-04:00,23.469999313354492,23.479999542236328,23.420000076293945,23.420000076293945,10043,0.0,0.0
2024-09-24 12:48:00-04:00,23.441999435424805,23.441999435424805,23.420499801635742,23.420499801635742,5569,0.0,0.0
2024-09-24 12:49:00-04:00,23.43000030517578,23.44499969482422,23.40999984741211,23.440000534057617,8489,0.0,0.0
2024-09-24 12:50:00-04:00,23.434999465942383,23.434999465942383,23.389999389648438,23.415000915527344,12307,0.0,0.0
2024-09-24 12:51:00-04:00,23.420000076293945,23.450000762939453,23.420000076293945,23.43000030517578,8940,0.0,0.0
2024-09-24 12:52:00-04:00,23.43000030517578,23.434999465942383,23.399999618530273,23.415000915527344,14781,0.0,0.0
2024-09-24 12:53:00-04:00,23.420000076293945,23.420000076293945,23.405000686645508,23.405000686645508,4128,0.0,0.0
2024-09-24 12:54:00-04:00,23.40999984741211,23.448999404907227,23.40999984741211,23.440000534057617,8080,0.0,0.0
2024-09-24 12:55:00-04:00,23.43000030517578,23.43000030517578,23.400100708007812,23.420000076293945,4116,0.0,0.0
2024-09-24 12:56:00-04:00,23.40999984741211,23.425500869750977,23.40999984741211,23.425500869750977,2944,0.0,0.0
2024-09-24 12:57:00-04:00,23.424999237060547,23.43000030517578,23.421899795532227,23.423900604248047,5215,0.0,0.0
2024-09-24 12:58:00-04:00,23.42799949645996,23.434999465942383,23.389999389648438,23.399999618530273,8894,0.0,0.0
2024-09-24 12:59:00-04:00,23.409900665283203,23.40999984741211,23.395000457763672,23.399999618530273,2849,0.0,0.0
2024-09-24 13:00:00-04:00,23.405000686645508,23.415000915527344,23.399999618530273,23.399999618530273,4563,0.0,0.0
2024-09-24 13:01:00-04:00,23.40999984741211,23.40999984741211,23.40999984741211,23.40999984741211,2911,0.0,0.0
2024-09-24 13:02:00-04:00,23.420000076293945,23.422500610351562,23.420000076293945,23.422500610351562,1105,0.0,0.0
2024-09-24 13:03:00-04:00,23.420000076293945,23.420000076293945,23.360000610351562,23.364999771118164,10794,0.0,0.0
2024-09-24 13:04:00-04:00,23.3799991607666,23.3799991607666,23.364999771118164,23.364999771118164,1082,0.0,0.0
2024-09-24 13:05:00-04:00,23.360000610351562,23.360000610351562,23.309999465942383,23.329999923706055,14363,0.0,0.0
2024-09-24 13:06:00-04:00,23.32990074157715,23.34000015258789,23.32990074157715,23.34000015258789,9143,0.0,0.0
2024-09-24 13:07:00-04:00,23.34000015258789,23.364999771118164,23.329999923706055,23.350000381469727,10818,0.0,0.0
2024-09-24 13:08:00-04:00,23.350000381469727,23.350000381469727,23.350000381469727,23.350000381469727,1080,0.0,0.0
2024-09-24 13:09:00-04:00,23.350000381469727,23.360000610351562,23.350000381469727,23.354999542236328,3940,0.0,0.0
2024-09-24 13:10:00-04:00,23.354999542236328,23.354999542236328,23.315000534057617,23.31999969482422,6283,0.0,0.0
2024-09-24 13:11:00-04:00,23.31999969482422,23.31999969482422,23.309999465942383,23.31999969482422,5771,0.0,0.0
2024-09-24 13:12:00-04:00,23.329999923706055,23.34000015258789,23.149999618530273,23.155000686645508,90093,0.0,0.0
2024-09-24 13:13:00-04:00,23.149999618530273,23.174999237060547,23.079999923706055,23.170000076293945,58066,0.0,0.0
2024-09-24 13:14:00-04:00,23.15999984741211,23.219999313354492,23.15999984741211,23.219999313354492,4453,0.0,0.0
2024-09-24 13:15:00-04:00,23.210100173950195,23.260000228881836,23.18000030517578,23.25,9228,0.0,0.0
2024-09-24 13:16:00-04:00,23.257999420166016,23.290000915527344,23.248300552368164,23.2549991607666,4275,0.0,0.0
2024-09-24 13:17:00-04:00,23.260000228881836,23.260000228881836,23.229999542236328,23.25,9335,0.0,0.0
2024-09-24 13:18:00-04:00,23.25,23.270000457763672,23.25,23.270000457763672,5070,0.0,0.0
2024-09-24 13:19:00-04:00,23.280000686645508,23.299999237060547,23.274999618530273,23.290000915527344,6839,0.0,0.0
2024-09-24 13:20:00-04:00,23.290000915527344,23.360000610351562,23.275999069213867,23.354999542236328,19010,0.0,0.0
2024-09-24 13:21:00-04:00,23.350000381469727,23.350000381469727,23.30500030517578,23.30500030517578,14745,0.0,0.0
2024-09-24 13:22:00-04:00,23.299999237060547,23.299999237060547,23.280000686645508,23.299800872802734,7194,0.0,0.0
2024-09-24 13:23:00-04:00,23.290000915527344,23.329999923706055,23.290000915527344,23.329999923706055,5651,0.0,0.0
2024-09-24 13:24:00-04:00,23.31999969482422,23.350000381469727,23.31999969482422,23.34000015258789,7092,0.0,0.0
2024-09-24 13:25:00-04:00,23.350000381469727,23.350000381469727,23.31999969482422,23.34000015258789,9534,0.0,0.0
2024-09-24 13:26:00-04:00,23.329999923706055,23.329999923706055,23.290000915527344,23.325000762939453,24500,0.0,0.0
2024-09-24 13:27:00-04:00,23.32990074157715,23.34000015258789,23.32990074157715,23.329999923706055,3419,0.0,0.0
2024-09-24 13:28:00-04:00,23.31999969482422,23.31999969482422,23.290000915527344,23.309999465942383,6794,0.0,0.0
2024-09-24 13:29:00-04:00,23.290000915527344,23.309999465942383,23.280000686645508,23.280000686645508,4840,0.0,0.0
2024-09-24 13:30:00-04:00,23.287200927734375,23.287200927734375,23.200000762939453,23.229999542236328,44068,0.0,0.0
2024-09-24 13:31:00-04:00,23.219999313354492,23.229999542236328,23.079999923706055,23.17626190185547,191983,0.0,0.0
2024-09-24 13:32:00-04:00,23.179899215698242,23.179899215698242,23.110000610351562,23.1200008392334,29861,0.0,0.0
2024-09-24 13:33:00-04:00,23.112899780273438,23.114999771118164,23.06999969482422,23.079999923706055,15280,0.0,0.0
2024-09-24 13:34:00-04:00,23.09000015258789,23.170000076293945,23.079999923706055,23.170000076293945,26162,0.0,0.0
2024-09-24 13:35:00-04:00,23.15999984741211,23.15999984741211,23.135000228881836,23.149999618530273,12325,0.0,0.0
2024-09-24 13:36:00-04:00,23.155000686645508,23.155000686645508,23.139999389648438,23.1427001953125,13447,0.0,0.0
2024-09-24 13:37:00-04:00,23.149999618530273,23.15999984741211,23.135000228881836,23.15999984741211,17842,0.0,0.0
2024-09-24 13:38:00-04:00,23.150100708007812,23.170000076293945,23.145000457763672,23.170000076293945,12444,0.0,0.0
2024-09-24 13:39:00-04:00,23.170000076293945,23.229999542236328,23.170000076293945,23.229999542236328,11610,0.0,0.0
2024-09-24 13:40:00-04:00,23.239099502563477,23.31999969482422,23.239099502563477,23.309999465942383,26981,0.0,0.0
2024-09-24 13:41:00-04:00,23.299999237060547,23.3700008392334,23.290000915527344,23.360000610351562,34808,0.0,0.0
2024-09-24 13:42:00-04:00,23.36989974975586,23.3700008392334,23.350000381469727,23.365100860595703,16144,0.0,0.0
2024-09-24 13:43:00-04:00,23.360000610351562,23.399999618530273,23.350000381469727,23.364999771118164,20012,0.0,0.0
2024-09-24 13:44:00-04:00,23.368999481201172,23.40999984741211,23.355199813842773,23.375,27781,0.0,0.0
2024-09-24 13:45:00-04:00,23.3799991607666,23.399999618530273,23.3700008392334,23.396799087524414,21957,0.0,0.0
2024-09-24 13:46:00-04:00,23.395000457763672,23.399999618530273,23.3799991607666,23.389999389648438,14647,0.0,0.0
2024-09-24 13:47:00-04:00,23.389999389648438,23.43000030517578,23.389999389648438,23.416000366210938,30426,0.0,0.0
2024-09-24 13:48:00-04:00,23.40999984741211,23.420000076293945,23.389999389648438,23.420000076293945,17492,0.0,0.0
2024-09-24 13:49:00-04:00,23.420000076293945,23.440000534057617,23.395000457763672,23.405000686645508,24041,0.0,0.0
2024-09-24 13:50:00-04:00,23.40999984741211,23.510000228881836,23.389999389648438,23.469999313354492,113736,0.0,0.0
2024-09-24 13:51:00-04:00,23.479999542236328,23.549999237060547,23.459999084472656,23.549999237060547,22294,0.0,0.0
2024-09-24 13:52:00-04:00,23.546199798583984,23.546199798583984,23.510000228881836,23.520000457763672,11129,0.0,0.0
2024-09-24 13:53:00-04:00,23.510000228881836,23.530000686645508,23.280000686645508,23.3799991607666,217072,0.0,0.0
2024-09-24 13:54:00-04:00,23.375,23.413799285888672,23.375,23.405000686645508,3880,0.0,0.0
2024-09-24 13:55:00-04:00,23.399999618530273,23.459999084472656,23.375,23.445600509643555,19435,0.0,0.0
2024-09-24 13:56:00-04:00,23.44499969482422,23.459999084472656,23.43000030517578,23.459400177001953,15838,0.0,0.0
2024-09-24 13:57:00-04:00,23.450000762939453,23.469999313354492,23.40999984741211,23.422399520874023,19390,0.0,0.0
2024-09-24 13:58:00-04:00,23.43000030517578,23.46500015258789,23.40999984741211,23.46500015258789,7648,0.0,0.0
2024-09-24 13:59:00-04:00,23.47909927368164,23.489999771118164,23.46500015258789,23.482200622558594,14538,0.0,0.0
2024-09-24 14:00:00-04:00,23.475000381469727,23.489999771118164,23.469999313354492,23.479999542236328,2820,0.0,0.0
2024-09-24 14:01:00-04:00,23.489999771118164,23.549999237060547,23.489999771118164,23.540000915527344,23580,0.0,0.0
2024-09-24 14:02:00-04:00,23.545000076293945,23.545000076293945,23.51799964904785,23.539899826049805,9380,0.0,0.0
2024-09-24 14:03:00-04:00,23.531700134277344,23.569400787353516,23.530000686645508,23.559999465942383,21142,0.0,0.0
2024-09-24 14:04:00-04:00,23.559999465942383,23.6200008392334,23.559999465942383,23.60219955444336,13352,0.0,0.0
2024-09-24 14:05:00-04:00,23.600000381469727,23.628999710083008,23.59000015258789,23.614999771118164,7166,0.0,0.0
2024-09-24 14:06:00-04:00,23.614999771118164,23.614999771118164,23.601200103759766,23.601200103759766,6072,0.0,0.0
2024-09-24 14:07:00-04:00,23.603599548339844,23.609899520874023,23.56999969482422,23.577999114990234,8492,0.0,0.0
2024-09-24 14:08:00-04:00,23.579999923706055,23.59709930419922,23.579999923706055,23.58989906311035,8129,0.0,0.0
2024-09-24 14:09:00-04:00,23.579999923706055,23.59000015258789,23.56999969482422,23.579999923706055,6046,0.0,0.0
2024-09-24 14:10:00-04:00,23.579999923706055,23.58989906311035,23.579999923706055,23.579999923706055,4924,0.0,0.0
2024-09-24 14:11:00-04:00,23.585500717163086,23.6200008392334,23.579999923706055,23.610000610351562,9215,0.0,0.0
2024-09-24 14:12:00-04:00,23.604999542236328,23.609899520874023,23.584999084472656,23.584999084472656,6065,0.0,0.0
2024-09-24 14:13:00-04:00,23.579999923706055,23.600000381469727,23.530000686645508,23.53499984741211,33661,0.0,0.0
2024-09-24 14:14:00-04:00,23.53499984741211,23.549999237060547,23.510000228881836,23.549999237060547,16374,0.0,0.0
2024-09-24 14:15:00-04:00,23.549999237060547,23.57939910888672,23.541000366210938,23.56999969482422,14493,0.0,0.0
2024-09-24 14:16:00-04:00,23.56999969482422,23.577600479125977,23.524999618530273,23.524999618530273,6749,0.0,0.0
2024-09-24 14:17:00-04:00,23.530000686645508,23.559999465942383,23.524999618530273,23.55500030517578,7899,0.0,0.0
2024-09-24 14:18:00-04:00,23.559900283813477,23.600000381469727,23.559900283813477,23.579999923706055,12976,0.0,0.0
2024-09-24 14:19:00-04:00,23.579999923706055,23.579999923706055,23.565000534057617,23.56730079650879,6559,0.0,0.0
2024-09-24 14:20:00-04:00,23.565000534057617,23.59000015258789,23.559999465942383,23.59000015258789,8737,0.0,0.0
2024-09-24 14:21:00-04:00,23.599899291992188,23.600000381469727,23.584545135498047,23.59000015258789,6017,0.0,0.0
2024-09-24 14:22:00-04:00,23.590499877929688,23.594999313354492,23.58009910583496,23.59000015258789,2863,0.0,0.0
2024-09-24 14:23:00-04:00,23.599899291992188,23.599899291992188,23.58009910583496,23.59000015258789,6217,0.0,0.0
2024-09-24 14:24:00-04:00,23.595800399780273,23.6299991607666,23.58099937438965,23.6299991607666,10875,0.0,0.0
2024-09-24 14:25:00-04:00,23.6299991607666,23.66010093688965,23.6299991607666,23.655000686645508,20795,0.0,0.0
2024-09-24 14:26:00-04:00,23.655000686645508,23.65999984741211,23.6299991607666,23.65999984741211,6498,0.0,0.0
2024-09-24 14:27:00-04:00,23.66990089416504,23.66990089416504,23.650999069213867,23.66010093688965,8700,0.0,0.0
2024-09-24 14:28:00-04:00,23.665000915527344,23.66990089416504,23.652999877929688,23.652999877929688,4443,0.0,0.0
2024-09-24 14:29:00-04:00,23.666099548339844,23.677200317382812,23.650999069213867,23.674999237060547,5469,0.0,0.0
2024-09-24 14:30:00-04:00,23.670000076293945,23.670000076293945,23.610000610351562,23.642000198364258,20131,0.0,0.0
2024-09-24 14:31:00-04:00,23.649999618530273,23.65999984741211,23.639999389648438,23.649999618530273,4481,0.0,0.0
2024-09-24 14:32:00-04:00,23.649999618530273,23.65999984741211,23.600000381469727,23.625,7904,0.0,0.0
2024-09-24 14:33:00-04:00,23.6299991607666,23.639999389648438,23.625,23.635000228881836,6776,0.0,0.0
2024-09-24 14:34:00-04:00,23.6299991607666,23.6299991607666,23.610000610351562,23.621999740600586,10755,0.0,0.0
2024-09-24 14:35:00-04:00,23.629899978637695,23.629899978637695,23.611000061035156,23.61910057067871,8494,0.0,0.0
2024-09-24 14:36:00-04:00,23.6200008392334,23.655000686645508,23.610000610351562,23.649999618530273,11470,0.0,0.0
2024-09-24 14:37:00-04:00,23.649999618530273,23.66950035095215,23.649999618530273,23.665000915527344,9276,0.0,0.0
2024-09-24 14:38:00-04:00,23.665000915527344,23.670000076293945,23.660200119018555,23.66950035095215,3673,0.0,0.0
2024-09-24 14:39:00-04:00,23.65999984741211,23.700000762939453,23.65999984741211,23.700000762939453,11565,0.0,0.0
2024-09-24 14:40:00-04:00,23.697799682617188,23.729999542236328,23.68000030517578,23.684999465942383,32231,0.0,0.0
2024-09-24 14:41:00-04:00,23.68600082397461,23.690000534057617,23.660499572753906,23.670000076293945,6764,0.0,0.0
2024-09-24 14:42:00-04:00,23.672000885009766,23.687999725341797,23.649999618530273,23.68000030517578,8076,0.0,0.0
2024-09-24 14:43:00-04:00,23.687999725341797,23.687999725341797,23.68000030517578,23.684999465942383,1960,0.0,0.0
2024-09-24 14:44:00-04:00,23.687999725341797,23.687999725341797,23.649999618530273,23.65999984741211,6841,0.0,0.0
2024-09-24 14:45:00-04:00,23.666000366210938,23.680200576782227,23.649999618530273,23.665000915527344,12064,0.0,0.0
2024-09-24 14:46:00-04:00,23.65999984741211,23.670000076293945,23.65999984741211,23.665000915527344,6610,0.0,0.0
2024-09-24 14:47:00-04:00,23.667999267578125,23.68000030517578,23.663299560546875,23.67799949645996,4989,0.0,0.0
2024-09-24 14:48:00-04:00,23.68000030517578,23.68000030517578,23.6299991607666,23.645000457763672,13216,0.0,0.0
2024-09-24 14:49:00-04:00,23.649999618530273,23.658000946044922,23.644699096679688,23.645000457763672,5172,0.0,0.0
2024-09-24 14:50:00-04:00,23.639999389648438,23.639999389648438,23.61009979248047,23.6200008392334,9457,0.0,0.0
2024-09-24 14:51:00-04:00,23.63050079345703,23.645000457763672,23.63050079345703,23.639999389648438,4570,0.0,0.0
2024-09-24 14:52:00-04:00,23.64550018310547,23.6471004486084,23.628599166870117,23.628599166870117,3999,0.0,0.0
2024-09-24 14:53:00-04:00,23.6200008392334,23.625,23.610000610351562,23.610000610351562,6065,0.0,0.0
2024-09-24 14:54:00-04:00,23.600099563598633,23.61989974975586,23.600000381469727,23.600000381469727,8054,0.0,0.0
2024-09-24 14:55:00-04:00,23.600000381469727,23.6200008392334,23.600000381469727,23.610000610351562,11826,0.0,0.0
2024-09-24 14:56:00-04:00,23.61989974975586,23.6200008392334,23.604299545288086,23.6200008392334,7149,0.0,0.0
2024-09-24 14:57:00-04:00,23.6299991607666,23.645000457763672,23.61199951171875,23.620100021362305,14120,0.0,0.0
2024-09-24 14:58:00-04:00,23.625999450683594,23.649999618530273,23.6200008392334,23.6200008392334,9400,0.0,0.0
2024-09-24 14:59:00-04:00,23.614999771118164,23.629899978637695,23.61440086364746,23.629899978637695,8329,0.0,0.0
2024-09-24 15:00:00-04:00,23.6200008392334,23.625999450683594,23.61370086669922,23.6200008392334,3767,0.0,0.0
2024-09-24 15:01:00-04:00,23.610000610351562,23.610000610351562,23.56999969482422,23.588199615478516,20741,0.0,0.0
2024-09-24 15:02:00-04:00,23.586000442504883,23.6299991607666,23.559999465942383,23.62350082397461,12871,0.0,0.0
2024-09-24 15:03:00-04:00,23.630699157714844,23.639999389648438,23.58009910583496,23.58009910583496,17927,0.0,0.0
2024-09-24 15:04:00-04:00,23.579999923706055,23.59000015258789,23.559999465942383,23.58099937438965,6745,0.0,0.0
2024-09-24 15:05:00-04:00,23.599899291992188,23.599899291992188,23.549999237060547,23.56999969482422,3651,0.0,0.0
2024-09-24 15:06:00-04:00,23.559999465942383,23.57990074157715,23.559900283813477,23.56999969482422,6525,0.0,0.0
2024-09-24 15:07:00-04:00,23.56999969482422,23.579999923706055,23.549999237060547,23.559999465942383,8544,0.0,0.0
2024-09-24 15:08:00-04:00,23.579999923706055,23.59000015258789,23.56999969482422,23.579999923706055,9000,0.0,0.0
2024-09-24 15:09:00-04:00,23.579999923706055,23.584999084472656,23.559999465942383,23.56999969482422,2363,0.0,0.0
2024-09-24 15:10:00-04:00,23.559999465942383,23.579999923706055,23.530000686645508,23.530099868774414,13864,0.0,0.0
2024-09-24 15:11:00-04:00,23.53499984741211,23.540000915527344,23.485000610351562,23.485000610351562,24236,0.0,0.0
2024-09-24 15:12:00-04:00,23.489999771118164,23.510000228881836,23.469999313354492,23.489999771118164,10556,0.0,0.0
2024-09-24 15:13:00-04:00,23.479999542236328,23.5,23.46500015258789,23.489999771118164,10049,0.0,0.0
2024-09-24 15:14:00-04:00,23.486299514770508,23.5,23.420000076293945,23.44499969482422,38472,0.0,0.0
2024-09-24 15:15:00-04:00,23.43000030517578,23.440000534057617,23.405000686645508,23.420000076293945,9631,0.0,0.0
2024-09-24 15:16:00-04:00,23.420000076293945,23.440000534057617,23.413799285888672,23.433799743652344,4397,0.0,0.0
2024-09-24 15:17:00-04:00,23.444700241088867,23.450000762939453,23.40999984741211,23.40999984741211,14955,0.0,0.0
2024-09-24 15:18:00-04:00,23.40999984741211,23.43000030517578,23.40999984741211,23.420000076293945,3747,0.0,0.0
2024-09-24 15:19:00-04:00,23.424999237060547,23.479999542236328,23.424999237060547,23.479999542236328,7402,0.0,0.0
2024-09-24 15:20:00-04:00,23.475000381469727,23.520000457763672,23.475000381469727,23.510000228881836,18783,0.0,0.0
2024-09-24 15:21:00-04:00,23.510000228881836,23.519899368286133,23.489999771118164,23.5,7213,0.0,0.0
2024-09-24 15:22:00-04:00,23.5,23.559999465942383,23.5,23.540000915527344,11329,0.0,0.0
2024-09-24 15:23:00-04:00,23.540000915527344,23.545000076293945,23.514999389648438,23.520000457763672,12650,0.0,0.0
2024-09-24 15:24:00-04:00,23.510000228881836,23.55500030517578,23.510000228881836,23.530000686645508,12120,0.0,0.0
2024-09-24 15:25:00-04:00,23.515199661254883,23.53499984741211,23.4950008392334,23.5049991607666,13309,0.0,0.0
2024-09-24 15:26:00-04:00,23.500099182128906,23.500099182128906,23.479999542236328,23.479999542236328,6472,0.0,0.0
2024-09-24 15:27:00-04:00,23.469999313354492,23.509000778198242,23.469999313354492,23.485000610351562,21392,0.0,0.0
2024-09-24 15:28:00-04:00,23.489999771118164,23.5049991607666,23.475000381469727,23.5,11621,0.0,0.0
2024-09-24 15:29:00-04:00,23.489999771118164,23.489999771118164,23.420000076293945,23.420000076293945,7149,0.0,0.0
2024-09-24 15:30:00-04:00,23.43000030517578,23.44499969482422,23.424999237060547,23.43000030517578,14183,0.0,0.0
2024-09-24 15:31:00-04:00,23.440000534057617,23.469999313354492,23.43000030517578,23.450000762939453,33816,0.0,0.0
2024-09-24 15:32:00-04:00,23.459800720214844,23.459999084472656,23.440000534057617,23.44499969482422,7486,0.0,0.0
2024-09-24 15:33:00-04:00,23.440000534057617,23.44499969482422,23.420000076293945,23.424999237060547,11830,0.0,0.0
2024-09-24 15:34:00-04:00,23.43000030517578,23.459999084472656,23.424999237060547,23.440000534057617,12677,0.0,0.0
2024-09-24 15:35:00-04:00,23.440000534057617,23.440099716186523,23.415000915527344,23.43000030517578,17845,0.0,0.0
2024-09-24 15:36:00-04:00,23.43000030517578,23.440000534057617,23.41990089416504,23.426700592041016,12448,0.0,0.0
2024-09-24 15:37:00-04:00,23.43000030517578,23.489999771118164,23.43000030517578,23.489999771118164,11974,0.0,0.0
2024-09-24 15:38:00-04:00,23.479999542236328,23.510000228881836,23.469999313354492,23.5049991607666,27846,0.0,0.0
2024-09-24 15:39:00-04:00,23.5,23.520000457763672,23.479999542236328,23.520000457763672,11295,0.0,0.0
2024-09-24 15:40:00-04:00,23.510000228881836,23.510000228881836,23.440000534057617,23.5,16631,0.0,0.0
2024-09-24 15:41:00-04:00,23.5,23.510000228881836,23.489999771118164,23.5049991607666,14801,0.0,0.0
2024-09-24 15:42:00-04:00,23.5,23.53499984741211,23.49220085144043,23.527799606323242,9561,0.0,0.0
2024-09-24 15:43:00-04:00,23.520000457763672,23.56999969482422,23.520000457763672,23.56130027770996,22763,0.0,0.0
2024-09-24 15:44:00-04:00,23.56999969482422,23.56999969482422,23.55500030517578,23.56999969482422,10641,0.0,0.0
2024-09-24 15:45:00-04:00,23.565000534057617,23.56999969482422,23.560100555419922,23.56999969482422,16763,0.0,0.0
2024-09-24 15:46:00-04:00,23.565000534057617,23.600000381469727,23.549999237060547,23.59000015258789,38079,0.0,0.0
2024-09-24 15:47:00-04:00,23.59000015258789,23.6200008392334,23.583499908447266,23.583499908447266,28772,0.0,0.0
2024-09-24 15:48:00-04:00,23.584999084472656,23.610000610351562,23.575000762939453,23.610000610351562,18946,0.0,0.0
2024-09-24 15:49:00-04:00,23.610000610351562,23.639999389648438,23.610000610351562,23.635000228881836,17831,0.0,0.0
2024-09-24 15:50:00-04:00,23.635000228881836,23.635000228881836,23.594999313354492,23.6299991607666,21268,0.0,0.0
2024-09-24 15:51:00-04:00,23.635000228881836,23.700000762939453,23.6299991607666,23.68000030517578,77720,0.0,0.0
2024-09-24 15:52:00-04:00,23.69499969482422,23.729999542236328,23.68000030517578,23.721799850463867,50272,0.0,0.0
2024-09-24 15:53:00-04:00,23.725000381469727,23.735000610351562,23.709999084472656,23.729999542236328,61830,0.0,0.0
2024-09-24 15:54:00-04:00,23.725000381469727,23.75,23.719999313354492,23.729999542236328,39747,0.0,0.0
2024-09-24 15:55:00-04:00,23.729400634765625,23.739999771118164,23.719999313354492,23.739999771118164,71223,0.0,0.0
2024-09-24 15:56:00-04:00,23.735000610351562,23.739999771118164,23.69499969482422,23.69499969482422,42330,0.0,0.0
2024-09-24 15:57:00-04:00,23.69499969482422,23.700000762939453,23.6299991607666,23.6560001373291,62742,0.0,0.0
2024-09-24 15:58:00-04:00,23.655000686645508,23.690000534057617,23.649999618530273,23.68000030517578,102651,0.0,0.0
2024-09-24 15:59:00-04:00,23.674999237060547,23.690000534057617,23.65999984741211,23.670000076293945,131534,0.0,0.0
2024-09-25 09:30:00-04:00,23.399999618530273,23.420000076293945,23.260000228881836,23.354999542236328,196750,0.0,0.0
2024-09-25 09:31:00-04:00,23.399999618530273,23.549999237060547,23.350000381469727,23.473600387573242,25686,0.0,0.0
2024-09-25 09:32:00-04:00,23.469999313354492,23.6200008392334,23.450000762939453,23.6200008392334,18574,0.0,0.0
2024-09-25 09:33:00-04:00,23.6200008392334,23.709999084472656,23.575000762939453,23.690000534057617,19270,0.0,0.0
2024-09-25 09:34:00-04:00,23.690000534057617,23.697500228881836,23.549999237060547,23.56999969482422,22438,0.0,0.0
2024-09-25 09:35:00-04:00,23.58690071105957,23.649999618530273,23.530000686645508,23.649999618530273,17380,0.0,0.0
2024-09-25 09:36:00-04:00,23.600000381469727,23.61870002746582,23.540000915527344,23.540000915527344,2970,0.0,0.0
2024-09-25 09:37:00-04:00,23.565000534057617,23.565000534057617,23.469999313354492,23.469999313354492,13331,0.0,0.0
2024-09-25 09:38:00-04:00,23.469999313354492,23.485000610351562,23.450000762939453,23.459999084472656,11618,0.0,0.0
2024-09-25 09:39:00-04:00,23.469999313354492,23.559999465942383,23.469999313354492,23.5,12262,0.0,0.0
2024-09-25 09:40:00-04:00,23.5,23.739999771118164,23.5,23.739999771118164,25189,0.0,0.0
2024-09-25 09:41:00-04:00,23.75,23.799999237060547,23.690000534057617,23.700000762939453,51659,0.0,0.0
2024-09-25 09:42:00-04:00,23.69099998474121,23.700000762939453,23.670000076293945,23.670000076293945,7671,0.0,0.0
2024-09-25 09:43:00-04:00,23.660499572753906,23.799999237060547,23.65999984741211,23.790000915527344,17973,0.0,0.0
2024-09-25 09:44:00-04:00,23.790000915527344,23.8799991607666,23.78339958190918,23.879899978637695,42519,0.0,0.0
2024-09-25 09:45:00-04:00,23.879899978637695,23.8799991607666,23.81999969482422,23.84000015258789,13229,0.0,0.0
2024-09-25 09:46:00-04:00,23.838499069213867,23.850000381469727,23.75,23.75510025024414,16068,0.0,0.0
2024-09-25 09:47:00-04:00,23.739999771118164,23.799699783325195,23.739999771118164,23.770000457763672,7829,0.0,0.0
2024-09-25 09:48:00-04:00,23.780000686645508,23.81999969482422,23.75,23.790000915527344,8333,0.0,0.0
2024-09-25 09:49:00-04:00,23.803300857543945,23.829999923706055,23.719999313354492,23.739999771118164,10424,0.0,0.0
2024-09-25 09:50:00-04:00,23.739999771118164,23.760000228881836,23.729999542236328,23.760000228881836,4834,0.0,0.0
2024-09-25 09:51:00-04:00,23.75,23.75,23.687999725341797,23.687999725341797,4173,0.0,0.0
2024-09-25 09:52:00-04:00,23.68000030517578,23.68000030517578,23.635000228881836,23.649999618530273,32213,0.0,0.0
2024-09-25 09:53:00-04:00,23.65999984741211,23.690000534057617,23.639999389648438,23.68000030517578,8676,0.0,0.0
2024-09-25 09:54:00-04:00,23.690000534057617,23.704999923706055,23.670000076293945,23.670000076293945,3571,0.0,0.0
2024-09-25 09:55:00-04:00,23.649999618530273,23.649999618530273,23.549999237060547,23.575000762939453,28702,0.0,0.0
2024-09-25 09:56:00-04:00,23.560699462890625,23.649999618530273,23.559999465942383,23.639999389648438,13379,0.0,0.0
2024-09-25 09:57:00-04:00,23.639999389648438,23.68000030517578,23.639999389648438,23.665000915527344,24201,0.0,0.0
2024-09-25 09:58:00-04:00,23.65999984741211,23.729999542236328,23.639999389648438,23.690000534057617,22880,0.0,0.0
2024-09-25 09:59:00-04:00,23.709999084472656,23.729999542236328,23.709299087524414,23.709999084472656,7973,0.0,0.0
2024-09-25 10:00:00-04:00,23.709999084472656,23.75,23.700000762939453,23.719999313354492,9576,0.0,0.0
2024-09-25 10:01:00-04:00,23.719999313354492,23.760000228881836,23.719999313354492,23.735000610351562,16852,0.0,0.0
2024-09-25 10:02:00-04:00,23.759899139404297,23.799999237060547,23.738000869750977,23.760799407958984,11765,0.0,0.0
2024-09-25 10:03:00-04:00,23.774999618530273,23.790000915527344,23.7406005859375,23.780000686645508,6693,0.0,0.0
2024-09-25 10:04:00-04:00,23.770000457763672,23.829599380493164,23.770000457763672,23.8085994720459,7666,0.0,0.0
2024-09-25 10:05:00-04:00,23.829999923706055,23.8799991607666,23.829999923706055,23.860000610351562,30070,0.0,0.0
2024-09-25 10:06:00-04:00,23.860000610351562,23.8799991607666,23.84320068359375,23.850000381469727,18871,0.0,0.0
2024-09-25 10:07:00-04:00,23.850000381469727,23.860000610351562,23.84000015258789,23.860000610351562,6997,0.0,0.0
2024-09-25 10:08:00-04:00,23.850000381469727,23.875,23.850000381469727,23.8700008392334,3481,0.0,0.0
2024-09-25 10:09:00-04:00,23.8700008392334,23.8799991607666,23.802400588989258,23.81999969482422,12762,0.0,0.0
2024-09-25 10:10:00-04:00,23.825000762939453,23.850000381469727,23.799999237060547,23.799999237060547,11185,0.0,0.0
2024-09-25 10:11:00-04:00,23.780000686645508,23.780000686645508,23.700000762939453,23.708999633789062,12864,0.0,0.0
2024-09-25 10:12:00-04:00,23.709999084472656,23.719999313354492,23.65999984741211,23.6781005859375,8527,0.0,0.0
2024-09-25 10:13:00-04:00,23.65999984741211,23.65999984741211,23.579999923706055,23.59000015258789,11599,0.0,0.0
2024-09-25 10:14:00-04:00,23.610000610351562,23.610000610351562,23.540000915527344,23.600000381469727,18657,0.0,0.0
2024-09-25 10:15:00-04:00,23.6200008392334,23.625,23.600000381469727,23.610000610351562,5837,0.0,0.0
2024-09-25 10:16:00-04:00,23.600000381469727,23.600000381469727,23.559999465942383,23.56450080871582,9756,0.0,0.0
2024-09-25 10:17:00-04:00,23.549999237060547,23.549999237060547,23.450000762939453,23.450000762939453,20679,0.0,0.0
2024-09-25 10:18:00-04:00,23.454999923706055,23.48979949951172,23.450000762939453,23.48979949951172,16896,0.0,0.0
2024-09-25 10:19:00-04:00,23.479999542236328,23.489999771118164,23.420000076293945,23.43000030517578,8700,0.0,0.0
2024-09-25 10:20:00-04:00,23.430999755859375,23.469999313354492,23.414199829101562,23.469999313354492,3112,0.0,0.0
2024-09-25 10:21:00-04:00,23.475000381469727,23.5,23.475000381469727,23.490299224853516,4674,0.0,0.0
2024-09-25 10:22:00-04:00,23.489999771118164,23.510000228881836,23.450000762939453,23.50909996032715,16143,0.0,0.0
2024-09-25 10:23:00-04:00,23.5049991607666,23.540000915527344,23.500099182128906,23.5049991607666,19218,0.0,0.0
2024-09-25 10:24:00-04:00,23.540000915527344,23.59000015258789,23.510000228881836,23.59000015258789,6626,0.0,0.0
2024-09-25 10:25:00-04:00,23.570100784301758,23.570100784301758,23.549999237060547,23.565000534057617,3647,0.0,0.0
2024-09-25 10:26:00-04:00,23.560100555419922,23.576499938964844,23.549999237060547,23.559999465942383,10266,0.0,0.0
2024-09-25 10:27:00-04:00,23.565000534057617,23.600000381469727,23.549999237060547,23.579999923706055,7006,0.0,0.0
2024-09-25 10:28:00-04:00,23.559999465942383,23.559999465942383,23.5,23.514999389648438,17722,0.0,0.0
2024-09-25 10:29:00-04:00,23.5,23.527999877929688,23.479999542236328,23.527999877929688,5367,0.0,0.0
2024-09-25 10:30:00-04:00,23.530000686645508,23.579999923706055,23.530000686645508,23.579999923706055,7280,0.0,0.0
2024-09-25 10:31:00-04:00,23.600000381469727,23.600000381469727,23.57040023803711,23.57040023803711,3686,0.0,0.0
2024-09-25 10:32:00-04:00,23.591999053955078,23.600000381469727,23.530000686645508,23.540000915527344,21370,0.0,0.0
2024-09-25 10:33:00-04:00,23.534000396728516,23.540000915527344,23.510700225830078,23.538999557495117,5398,0.0,0.0
2024-09-25 10:34:00-04:00,23.53499984741211,23.559999465942383,23.53499984741211,23.559999465942383,7593,0.0,0.0
2024-09-25 10:36:00-04:00,23.579999923706055,23.610000610351562,23.579999923706055,23.59000015258789,10673,0.0,0.0
2024-09-25 10:37:00-04:00,23.59000015258789,23.617700576782227,23.59000015258789,23.604000091552734,8410,0.0,0.0
2024-09-25 10:38:00-04:00,23.600099563598633,23.68000030517578,23.600099563598633,23.649999618530273,12720,0.0,0.0
2024-09-25 10:39:00-04:00,23.649999618530273,23.649999618530273,23.600000381469727,23.610000610351562,7423,0.0,0.0
2024-09-25 10:40:00-04:00,23.610000610351562,23.6200008392334,23.610000610351562,23.6200008392334,1651,0.0,0.0
2024-09-25 10:41:00-04:00,23.61009979248047,23.614999771118164,23.59000015258789,23.610000610351562,4571,0.0,0.0
2024-09-25 10:42:00-04:00,23.600000381469727,23.600000381469727,23.600000381469727,23.600000381469727,775,0.0,0.0
2024-09-25 10:43:00-04:00,23.600000381469727,23.600000381469727,23.565000534057617,23.565000534057617,6209,0.0,0.0
2024-09-25 10:44:00-04:00,23.549999237060547,23.570499420166016,23.54010009765625,23.570499420166016,4824,0.0,0.0
2024-09-25 10:45:00-04:00,23.579999923706055,23.59000015258789,23.56999969482422,23.59000015258789,8420,0.0,0.0
2024-09-25 10:46:00-04:00,23.59000015258789,23.59000015258789,23.559999465942383,23.56999969482422,5425,0.0,0.0
2024-09-25 10:47:00-04:00,23.575000762939453,23.575000762939453,23.524999618530273,23.524999618530273,3675,0.0,0.0
2024-09-25 10:48:00-04:00,23.510000228881836,23.540000915527344,23.510000228881836,23.53499984741211,4099,0.0,0.0
2024-09-25 10:49:00-04:00,23.540000915527344,23.540000915527344,23.520000457763672,23.520000457763672,5127,0.0,0.0
2024-09-25 10:50:00-04:00,23.520000457763672,23.530000686645508,23.5,23.501300811767578,8358,0.0,0.0
2024-09-25 10:51:00-04:00,23.510000228881836,23.530000686645508,23.510000228881836,23.510000228881836,2800,0.0,0.0
2024-09-25 10:53:00-04:00,23.5,23.524999618530273,23.5,23.510000228881836,21047,0.0,0.0
2024-09-25 10:54:00-04:00,23.520000457763672,23.520000457763672,23.5,23.520000457763672,8130,0.0,0.0
2024-09-25 10:55:00-04:00,23.520000457763672,23.564599990844727,23.514999389648438,23.54990005493164,6325,0.0,0.0
2024-09-25 10:56:00-04:00,23.549999237060547,23.579999923706055,23.545000076293945,23.579999923706055,8170,0.0,0.0
2024-09-25 10:57:00-04:00,23.59000015258789,23.6299991607666,23.58009910583496,23.59000015258789,12496,0.0,0.0
2024-09-25 10:58:00-04:00,23.579999923706055,23.582000732421875,23.575000762939453,23.575000762939453,4859,0.0,0.0
2024-09-25 10:59:00-04:00,23.565000534057617,23.579999923706055,23.549999237060547,23.56999969482422,5144,0.0,0.0
2024-09-25 11:00:00-04:00,23.579999923706055,23.579999923706055,23.549999237060547,23.549999237060547,5836,0.0,0.0
2024-09-25 11:01:00-04:00,23.559999465942383,23.56999969482422,23.520000457763672,23.520000457763672,12163,0.0,0.0
2024-09-25 11:02:00-04:00,23.540000915527344,23.549999237060547,23.510000228881836,23.520000457763672,4500,0.0,0.0
2024-09-25 11:03:00-04:00,23.507600784301758,23.530000686645508,23.489999771118164,23.5,7539,0.0,0.0
2024-09-25 11:04:00-04:00,23.5,23.5,23.475000381469727,23.489999771118164,8166,0.0,0.0
2024-09-25 11:05:00-04:00,23.5,23.5,23.464599609375,23.475000381469727,2926,0.0,0.0
2024-09-25 11:06:00-04:00,23.459999084472656,23.459999084472656,23.3799991607666,23.40049934387207,17166,0.0,0.0
2024-09-25 11:07:00-04:00,23.399999618530273,23.399999618530273,23.3799991607666,23.3799991607666,7017,0.0,0.0
2024-09-25 11:08:00-04:00,23.389999389648438,23.454999923706055,23.3799991607666,23.454999923706055,41730,0.0,0.0
2024-09-25 11:09:00-04:00,23.469999313354492,23.469999313354492,23.399999618530273,23.420000076293945,18586,0.0,0.0
2024-09-25 11:10:00-04:00,23.40999984741211,23.420000076293945,23.40675163269043,23.415000915527344,3650,0.0,0.0
2024-09-25 11:11:00-04:00,23.40999984741211,23.40999984741211,23.385000228881836,23.399999618530273,4842,0.0,0.0
2024-09-25 11:12:00-04:00,23.40999984741211,23.420000076293945,23.399999618530273,23.40999984741211,4958,0.0,0.0
2024-09-25 11:13:00-04:00,23.40519905090332,23.420000076293945,23.399999618530273,23.41950035095215,10735,0.0,0.0
2024-09-25 11:14:00-04:00,23.41550064086914,23.41550064086914,23.38010025024414,23.38010025024414,5319,0.0,0.0
2024-09-25 11:15:00-04:00,23.399999618530273,23.40999984741211,23.399999618530273,23.399999618530273,7813,0.0,0.0
2024-09-25 11:16:00-04:00,23.4060001373291,23.420000076293945,23.399999618530273,23.415000915527344,7693,0.0,0.0
2024-09-25 11:17:00-04:00,23.412500381469727,23.412500381469727,23.399999618530273,23.405000686645508,5972,0.0,0.0
2024-09-25 11:18:00-04:00,23.40399932861328,23.40999984741211,23.344999313354492,23.344999313354492,23192,0.0,0.0
2024-09-25 11:19:00-04:00,23.344999313354492,23.389999389648438,23.344999313354492,23.389999389648438,9900,0.0,0.0
2024-09-25 11:20:00-04:00,23.399999618530273,23.440000534057617,23.3799991607666,23.389999389648438,31924,0.0,0.0
2024-09-25 11:21:00-04:00,23.389999389648438,23.392000198364258,23.38010025024414,23.38010025024414,1841,0.0,0.0
2024-09-25 11:22:00-04:00,23.385000228881836,23.389999389648438,23.329999923706055,23.359899520874023,10156,0.0,0.0
2024-09-25 11:23:00-04:00,23.344999313354492,23.347299575805664,23.329999923706055,23.329999923706055,7469,0.0,0.0
2024-09-25 11:24:00-04:00,23.329999923706055,23.340999603271484,23.31999969482422,23.334999084472656,9912,0.0,0.0
2024-09-25 11:25:00-04:00,23.34000015258789,23.34000015258789,23.260000228881836,23.289899826049805,38207,0.0,0.0
2024-09-25 11:26:00-04:00,23.274999618530273,23.31999969482422,23.270000457763672,23.309999465942383,20097,0.0,0.0
2024-09-25 11:27:00-04:00,23.295000076293945,23.319900512695312,23.290000915527344,23.309999465942383,4648,0.0,0.0
2024-09-25 11:28:00-04:00,23.299999237060547,23.309999465942383,23.25469970703125,23.25469970703125,19445,0.0,0.0
2024-09-25 11:29:00-04:00,23.25,23.269899368286133,23.209999084472656,23.221799850463867,29268,0.0,0.0
2024-09-25 11:30:00-04:00,23.229999542236328,23.297000885009766,23.209999084472656,23.270099639892578,12767,0.0,0.0
2024-09-25 11:31:00-04:00,23.290000915527344,23.290000915527344,23.260400772094727,23.270000457763672,4861,0.0,0.0
2024-09-25 11:32:00-04:00,23.270000457763672,23.280000686645508,23.270000457763672,23.274499893188477,2899,0.0,0.0
2024-09-25 11:33:00-04:00,23.260000228881836,23.270000457763672,23.219999313354492,23.260000228881836,53137,0.0,0.0
2024-09-25 11:34:00-04:00,23.260000228881836,23.299999237060547,23.229999542236328,23.29439926147461,12645,0.0,0.0
2024-09-25 11:35:00-04:00,23.299999237060547,23.329999923706055,23.299999237060547,23.31290054321289,6989,0.0,0.0
2024-09-25 11:36:00-04:00,23.315000534057617,23.3700008392334,23.315000534057617,23.3700008392334,3508,0.0,0.0
2024-09-25 11:37:00-04:00,23.372900009155273,23.372900009155273,23.360000610351562,23.360000610351562,995,0.0,0.0
2024-09-25 11:38:00-04:00,23.360000610351562,23.389999389648438,23.360000610351562,23.389999389648438,2744,0.0,0.0
2024-09-25 11:39:00-04:00,23.388200759887695,23.389999389648438,23.364999771118164,23.364999771118164,3200,0.0,0.0
2024-09-25 11:40:00-04:00,23.3700008392334,23.375,23.360000610351562,23.375,1809,0.0,0.0
2024-09-25 11:41:00-04:00,23.3799991607666,23.450000762939453,23.3799991607666,23.440000534057617,12668,0.0,0.0
2024-09-25 11:42:00-04:00,23.440000534057617,23.459999084472656,23.440000534057617,23.459999084472656,2629,0.0,0.0
2024-09-25 11:43:00-04:00,23.459999084472656,23.489999771118164,23.450000762939453,23.485000610351562,5079,0.0,0.0
2024-09-25 11:44:00-04:00,23.469999313354492,23.489999771118164,23.450000762939453,23.459999084472656,19294,0.0,0.0
2024-09-25 11:45:00-04:00,23.459999084472656,23.461999893188477,23.459999084472656,23.460899353027344,1124,0.0,0.0
2024-09-25 11:46:00-04:00,23.469499588012695,23.469999313354492,23.461200714111328,23.469999313354492,7080,0.0,0.0
2024-09-25 11:47:00-04:00,23.46500015258789,23.514999389648438,23.46500015258789,23.514999389648438,6481,0.0,0.0
2024-09-25 11:48:00-04:00,23.520000457763672,23.520000457763672,23.510000228881836,23.520000457763672,7384,0.0,0.0
2024-09-25 11:49:00-04:00,23.530000686645508,23.559999465942383,23.530000686645508,23.559999465942383,3806,0.0,0.0
2024-09-25 11:50:00-04:00,23.552799224853516,23.579999923706055,23.549999237060547,23.579999923706055,17175,0.0,0.0
2024-09-25 11:51:00-04:00,23.59000015258789,23.59000015258789,23.549999237060547,23.56999969482422,6028,0.0,0.0
2024-09-25 11:52:00-04:00,23.559999465942383,23.559999465942383,23.520000457763672,23.530000686645508,4256,0.0,0.0
2024-09-25 11:53:00-04:00,23.522199630737305,23.540000915527344,23.510000228881836,23.510000228881836,5085,0.0,0.0
2024-09-25 11:54:00-04:00,23.540000915527344,23.540000915527344,23.540000915527344,23.540000915527344,1276,0.0,0.0
2024-09-25 11:55:00-04:00,23.549999237060547,23.549999237060547,23.530099868774414,23.540000915527344,3567,0.0,0.0
2024-09-25 11:56:00-04:00,23.539499282836914,23.539499282836914,23.520000457763672,23.520000457763672,3068,0.0,0.0
2024-09-25 11:57:00-04:00,23.510099411010742,23.510099411010742,23.5049991607666,23.510000228881836,3499,0.0,0.0
2024-09-25 11:58:00-04:00,23.510000228881836,23.52359962463379,23.489999771118164,23.52359962463379,5815,0.0,0.0
2024-09-25 11:59:00-04:00,23.530000686645508,23.549999237060547,23.524999618530273,23.540000915527344,5500,0.0,0.0
2024-09-25 12:00:00-04:00,23.530000686645508,23.530000686645508,23.528400421142578,23.530000686645508,2698,0.0,0.0
2024-09-25 12:01:00-04:00,23.530000686645508,23.540000915527344,23.530000686645508,23.540000915527344,3288,0.0,0.0
2024-09-25 12:02:00-04:00,23.540000915527344,23.559999465942383,23.530000686645508,23.53499984741211,8794,0.0,0.0
2024-09-25 12:03:00-04:00,23.540000915527344,23.549999237060547,23.540000915527344,23.549999237060547,3740,0.0,0.0
2024-09-25 12:04:00-04:00,23.540000915527344,23.540000915527344,23.533599853515625,23.533599853515625,1564,0.0,0.0
2024-09-25 12:05:00-04:00,23.540000915527344,23.540000915527344,23.510000228881836,23.510000228881836,9449,0.0,0.0
2024-09-25 12:06:00-04:00,23.5,23.5,23.480100631713867,23.4950008392334,3771,0.0,0.0
2024-09-25 12:07:00-04:00,23.5,23.540000915527344,23.5,23.540000915527344,3172,0.0,0.0
2024-09-25 12:08:00-04:00,23.540000915527344,23.540000915527344,23.520000457763672,23.530000686645508,3622,0.0,0.0
2024-09-25 12:09:00-04:00,23.540000915527344,23.579999923706055,23.540000915527344,23.574800491333008,13762,0.0,0.0
2024-09-25 12:10:00-04:00,23.579999923706055,23.579999923706055,23.56999969482422,23.579999923706055,2011,0.0,0.0
2024-09-25 12:11:00-04:00,23.579999923706055,23.58810043334961,23.579999923706055,23.58799934387207,937,0.0,0.0
2024-09-25 12:12:00-04:00,23.59000015258789,23.6299991607666,23.59000015258789,23.6200008392334,9162,0.0,0.0
2024-09-25 12:13:00-04:00,23.619400024414062,23.6200008392334,23.610000610351562,23.610000610351562,6581,0.0,0.0
2024-09-25 12:14:00-04:00,23.600000381469727,23.600000381469727,23.579999923706055,23.59000015258789,8363,0.0,0.0
2024-09-25 12:15:00-04:00,23.595800399780273,23.595800399780273,23.579999923706055,23.59000015258789,1593,0.0,0.0
2024-09-25 12:16:00-04:00,23.600000381469727,23.600000381469727,23.549999237060547,23.559999465942383,5588,0.0,0.0
2024-09-25 12:17:00-04:00,23.559999465942383,23.579999923706055,23.549999237060547,23.559999465942383,6414,0.0,0.0
2024-09-25 12:18:00-04:00,23.579999923706055,23.579999923706055,23.56999969482422,23.579999923706055,1454,0.0,0.0
2024-09-25 12:19:00-04:00,23.579999923706055,23.579999923706055,23.545000076293945,23.545000076293945,8057,0.0,0.0
2024-09-25 12:20:00-04:00,23.545000076293945,23.559999465942383,23.544200897216797,23.559999465942383,5784,0.0,0.0
2024-09-25 12:21:00-04:00,23.549999237060547,23.559999465942383,23.545000076293945,23.549999237060547,5471,0.0,0.0
2024-09-25 12:22:00-04:00,23.545000076293945,23.545000076293945,23.520000457763672,23.520000457763672,5190,0.0,0.0
2024-09-25 12:23:00-04:00,23.520000457763672,23.559999465942383,23.520000457763672,23.559999465942383,4742,0.0,0.0
2024-09-25 12:24:00-04:00,23.559999465942383,23.56999969482422,23.559999465942383,23.56999969482422,3085,0.0,0.0
2024-09-25 12:25:00-04:00,23.559999465942383,23.56999969482422,23.549999237060547,23.549999237060547,3361,0.0,0.0
2024-09-25 12:26:00-04:00,23.547500610351562,23.549999237060547,23.540000915527344,23.540000915527344,3676,0.0,0.0
2024-09-25 12:27:00-04:00,23.549999237060547,23.549999237060547,23.540000915527344,23.549999237060547,1675,0.0,0.0
2024-09-25 12:28:00-04:00,23.549999237060547,23.549999237060547,23.549999237060547,23.549999237060547,553,0.0,0.0
2024-09-25 12:29:00-04:00,23.559999465942383,23.56999969482422,23.546499252319336,23.56999969482422,3941,0.0,0.0
2024-09-25 12:30:00-04:00,23.559999465942383,23.560300827026367,23.527999877929688,23.527999877929688,1828,0.0,0.0
2024-09-25 12:31:00-04:00,23.539499282836914,23.6200008392334,23.530000686645508,23.604999542236328,29803,0.0,0.0
2024-09-25 12:32:00-04:00,23.600000381469727,23.610000610351562,23.59000015258789,23.610000610351562,3980,0.0,0.0
2024-09-25 12:33:00-04:00,23.610000610351562,23.610000610351562,23.583999633789062,23.583999633789062,3150,0.0,0.0
2024-09-25 12:34:00-04:00,23.59000015258789,23.59000015258789,23.579999923706055,23.579999923706055,2262,0.0,0.0
2024-09-25 12:35:00-04:00,23.579999923706055,23.579999923706055,23.549999237060547,23.55500030517578,3550,0.0,0.0
2024-09-25 12:36:00-04:00,23.559999465942383,23.59000015258789,23.559999465942383,23.575000762939453,4263,0.0,0.0
2024-09-25 12:37:00-04:00,23.559999465942383,23.56999969482422,23.530000686645508,23.540000915527344,3026,0.0,0.0
2024-09-25 12:38:00-04:00,23.545000076293945,23.549999237060547,23.530000686645508,23.549999237060547,2356,0.0,0.0
2024-09-25 12:39:00-04:00,23.549999237060547,23.56999969482422,23.549999237060547,23.56999969482422,3425,0.0,0.0
2024-09-25 12:40:00-04:00,23.579999923706055,23.579999923706055,23.560300827026367,23.575000762939453,1059,0.0,0.0
2024-09-25 12:41:00-04:00,23.575000762939453,23.579999923706055,23.489999771118164,23.489999771118164,13127,0.0,0.0
2024-09-25 12:42:00-04:00,23.489999771118164,23.489999771118164,23.40999984741211,23.40999984741211,23834,0.0,0.0
2024-09-25 12:43:00-04:00,23.399999618530273,23.405000686645508,23.299999237060547,23.399999618530273,53218,0.0,0.0
2024-09-25 12:44:00-04:00,23.43000030517578,23.43000030517578,23.415000915527344,23.43000030517578,1920,0.0,0.0
2024-09-25 12:45:00-04:00,23.450000762939453,23.479999542236328,23.43000030517578,23.43000030517578,5275,0.0,0.0
2024-09-25 12:46:00-04:00,23.440000534057617,23.440000534057617,23.40999984741211,23.424999237060547,1914,0.0,0.0
2024-09-25 12:47:00-04:00,23.440000534057617,23.454999923706055,23.440000534057617,23.454999923706055,1410,0.0,0.0
2024-09-25 12:48:00-04:00,23.454999923706055,23.459999084472656,23.454999923706055,23.459999084472656,1215,0.0,0.0
2024-09-25 12:49:00-04:00,23.469999313354492,23.479999542236328,23.469999313354492,23.469999313354492,4285,0.0,0.0
2024-09-25 12:50:00-04:00,23.469999313354492,23.469999313354492,23.469999313354492,23.469999313354492,728,0.0,0.0
2024-09-25 12:51:00-04:00,23.469999313354492,23.492000579833984,23.469999313354492,23.492000579833984,2653,0.0,0.0
2024-09-25 12:52:00-04:00,23.489999771118164,23.4950008392334,23.479999542236328,23.479999542236328,1294,0.0,0.0
2024-09-25 12:53:00-04:00,23.4950008392334,23.4950008392334,23.469999313354492,23.469999313354492,2440,0.0,0.0
2024-09-25 12:54:00-04:00,23.469999313354492,23.530000686645508,23.469999313354492,23.5049991607666,6941,0.0,0.0
2024-09-25 12:55:00-04:00,23.513900756835938,23.513900756835938,23.5049991607666,23.5049991607666,2917,0.0,0.0
2024-09-25 12:56:00-04:00,23.510000228881836,23.540000915527344,23.510000228881836,23.510000228881836,5272,0.0,0.0
2024-09-25 12:57:00-04:00,23.5,23.5,23.5,23.5,301,0.0,0.0
2024-09-25 12:58:00-04:00,23.510000228881836,23.510000228881836,23.5,23.5,3590,0.0,0.0
2024-09-25 12:59:00-04:00,23.5,23.522384643554688,23.5,23.514999389648438,2950,0.0,0.0
2024-09-25 13:00:00-04:00,23.511600494384766,23.511600494384766,23.469999313354492,23.475000381469727,5690,0.0,0.0
2024-09-25 13:01:00-04:00,23.5,23.510000228881836,23.5,23.5,1940,0.0,0.0
2024-09-25 13:02:00-04:00,23.5,23.5,23.441999435424805,23.441999435424805,4987,0.0,0.0
2024-09-25 13:03:00-04:00,23.459999084472656,23.479999542236328,23.459999084472656,23.479999542236328,3615,0.0,0.0
2024-09-25 13:04:00-04:00,23.469999313354492,23.559900283813477,23.459999084472656,23.536300659179688,12355,0.0,0.0
2024-09-25 13:05:00-04:00,23.545000076293945,23.545000076293945,23.530000686645508,23.545000076293945,6759,0.0,0.0
2024-09-25 13:06:00-04:00,23.545000076293945,23.59000015258789,23.545000076293945,23.59000015258789,14290,0.0,0.0
2024-09-25 13:07:00-04:00,23.59000015258789,23.600000381469727,23.59000015258789,23.600000381469727,4922,0.0,0.0
2024-09-25 13:08:00-04:00,23.600000381469727,23.600000381469727,23.59000015258789,23.59950065612793,5318,0.0,0.0
2024-09-25 13:09:00-04:00,23.579999923706055,23.59000015258789,23.540000915527344,23.589500427246094,18272,0.0,0.0
2024-09-25 13:10:00-04:00,23.58289909362793,23.58289909362793,23.565000534057617,23.565000534057617,3794,0.0,0.0
2024-09-25 13:11:00-04:00,23.565000534057617,23.565000534057617,23.565000534057617,23.565000534057617,1936,0.0,0.0
2024-09-25 13:12:00-04:00,23.56999969482422,23.56999969482422,23.549999237060547,23.549999237060547,3247,0.0,0.0
2024-09-25 13:13:00-04:00,23.549999237060547,23.56999969482422,23.549999237060547,23.56999969482422,2853,0.0,0.0
2024-09-25 13:14:00-04:00,23.565000534057617,23.579999923706055,23.565000534057617,23.579999923706055,2695,0.0,0.0
2024-09-25 13:15:00-04:00,23.579999923706055,23.579999923706055,23.579999923706055,23.579999923706055,1111,0.0,0.0
2024-09-25 13:16:00-04:00,23.579999923706055,23.594999313354492,23.579999923706055,23.59000015258789,3122,0.0,0.0
2024-09-25 13:17:00-04:00,23.59000015258789,23.59000015258789,23.59000015258789,23.59000015258789,600,0.0,0.0
2024-09-25 13:18:00-04:00,23.59000015258789,23.594999313354492,23.57200050354004,23.579999923706055,2516,0.0,0.0
2024-09-25 13:19:00-04:00,23.56999969482422,23.575000762939453,23.56999969482422,23.56999969482422,1658,0.0,0.0
2024-09-25 13:20:00-04:00,23.56999969482422,23.56999969482422,23.56999969482422,23.56999969482422,875,0.0,0.0
2024-09-25 13:21:00-04:00,23.579999923706055,23.600000381469727,23.579999923706055,23.600000381469727,1611,0.0,0.0
2024-09-25 13:22:00-04:00,23.600000381469727,23.600000381469727,23.549999237060547,23.549999237060547,3970,0.0,0.0
2024-09-25 13:23:00-04:00,23.559999465942383,23.56999969482422,23.559999465942383,23.56999969482422,1519,0.0,0.0
2024-09-25 13:24:00-04:00,23.579999923706055,23.579999923706055,23.579999923706055,23.579999923706055,1665,0.0,0.0
2024-09-25 13:25:00-04:00,23.575000762939453,23.575000762939453,23.55500030517578,23.559999465942383,14252,0.0,0.0
2024-09-25 13:26:00-04:00,23.550100326538086,23.56999969482422,23.550100326538086,23.56999969482422,2453,0.0,0.0
2024-09-25 13:27:00-04:00,23.579999923706055,23.599899291992188,23.579999923706055,23.59000015258789,1667,0.0,0.0
2024-09-25 13:28:00-04:00,23.579999923706055,23.579999923706055,23.56937026977539,23.56937026977539,2609,0.0,0.0
2024-09-25 13:29:00-04:00,23.56999969482422,23.59000015258789,23.56999969482422,23.579999923706055,4535,0.0,0.0
2024-09-25 13:30:00-04:00,23.578899383544922,23.584999084472656,23.56999969482422,23.584999084472656,4105,0.0,0.0
2024-09-25 13:31:00-04:00,23.579999923706055,23.579999923706055,23.560100555419922,23.560100555419922,9476,0.0,0.0
2024-09-25 13:32:00-04:00,23.565000534057617,23.565000534057617,23.54050064086914,23.549999237060547,4111,0.0,0.0
2024-09-25 13:33:00-04:00,23.559999465942383,23.56999969482422,23.559999465942383,23.56999969482422,1981,0.0,0.0
2024-09-25 13:34:00-04:00,23.56999969482422,23.56999969482422,23.559999465942383,23.56999969482422,4481,0.0,0.0
2024-09-25 13:35:00-04:00,23.56999969482422,23.56999969482422,23.530000686645508,23.530000686645508,2288,0.0,0.0
2024-09-25 13:36:00-04:00,23.530000686645508,23.59000015258789,23.530000686645508,23.575000762939453,4494,0.0,0.0
2024-09-25 13:37:00-04:00,23.59000015258789,23.59000015258789,23.56999969482422,23.575000762939453,3648,0.0,0.0
2024-09-25 13:38:00-04:00,23.59000015258789,23.604999542236328,23.59000015258789,23.59000015258789,10635,0.0,0.0
2024-09-25 13:39:00-04:00,23.579999923706055,23.59000015258789,23.579999923706055,23.59000015258789,2472,0.0,0.0
2024-09-25 13:40:00-04:00,23.589000701904297,23.59000015258789,23.56999969482422,23.577800750732422,3385,0.0,0.0
2024-09-25 13:41:00-04:00,23.57200050354004,23.57200050354004,23.56999969482422,23.56999969482422,1452,0.0,0.0
2024-09-25 13:42:00-04:00,23.559999465942383,23.559999465942383,23.530000686645508,23.540000915527344,2682,0.0,0.0
2024-09-25 13:43:00-04:00,23.530000686645508,23.530000686645508,23.520000457763672,23.520000457763672,2083,0.0,0.0
2024-09-25 13:44:00-04:00,23.510000228881836,23.510000228881836,23.5,23.5,1756,0.0,0.0
2024-09-25 13:45:00-04:00,23.520000457763672,23.530000686645508,23.510000228881836,23.530000686645508,3155,0.0,0.0
2024-09-25 13:46:00-04:00,23.520000457763672,23.520000457763672,23.5,23.510000228881836,3591,0.0,0.0
2024-09-25 13:47:00-04:00,23.5,23.5,23.5,23.5,269,0.0,0.0
2024-09-25 13:48:00-04:00,23.510000228881836,23.530000686645508,23.510000228881836,23.520000457763672,4003,0.0,0.0
2024-09-25 13:49:00-04:00,23.510000228881836,23.510000228881836,23.49850082397461,23.510000228881836,3430,0.0,0.0
2024-09-25 13:50:00-04:00,23.5,23.5,23.5,23.5,1171,0.0,0.0
2024-09-25 13:51:00-04:00,23.5,23.540000915527344,23.5,23.53969955444336,3824,0.0,0.0
2024-09-25 13:52:00-04:00,23.540000915527344,23.549999237060547,23.540000915527344,23.54759979248047,993,0.0,0.0
2024-09-25 13:53:00-04:00,23.549999237060547,23.549999237060547,23.520000457763672,23.530000686645508,6270,0.0,0.0
2024-09-25 13:54:00-04:00,23.520000457763672,23.520000457763672,23.520000457763672,23.520000457763672,4296,0.0,0.0
2024-09-25 13:55:00-04:00,23.520000457763672,23.520000457763672,23.5,23.500099182128906,6849,0.0,0.0
2024-09-25 13:56:00-04:00,23.510099411010742,23.540000915527344,23.510000228881836,23.540000915527344,1289,0.0,0.0
2024-09-25 13:57:00-04:00,23.530000686645508,23.540000915527344,23.530000686645508,23.540000915527344,987,0.0,0.0
2024-09-25 13:58:00-04:00,23.540000915527344,23.540000915527344,23.520599365234375,23.540000915527344,1720,0.0,0.0
2024-09-25 13:59:00-04:00,23.520000457763672,23.540000915527344,23.520000457763672,23.540000915527344,1323,0.0,0.0
2024-09-25 14:00:00-04:00,23.540000915527344,23.549999237060547,23.530000686645508,23.540000915527344,2432,0.0,0.0
2024-09-25 14:01:00-04:00,23.549999237060547,23.56999969482422,23.540800094604492,23.549999237060547,9951,0.0,0.0
2024-09-25 14:02:00-04:00,23.549999237060547,23.549999237060547,23.549999237060547,23.549999237060547,741,0.0,0.0
2024-09-25 14:03:00-04:00,23.54400062561035,23.549999237060547,23.520000457763672,23.520000457763672,5903,0.0,0.0
2024-09-25 14:04:00-04:00,23.520000457763672,23.530000686645508,23.514999389648438,23.514999389648438,2931,0.0,0.0
2024-09-25 14:05:00-04:00,23.516000747680664,23.530000686645508,23.5,23.510000228881836,6227,0.0,0.0
2024-09-25 14:06:00-04:00,23.5,23.53499984741211,23.5,23.53499984741211,3605,0.0,0.0
2024-09-25 14:07:00-04:00,23.540000915527344,23.559999465942383,23.530000686645508,23.559999465942383,9518,0.0,0.0
2024-09-25 14:08:00-04:00,23.559999465942383,23.559999465942383,23.540000915527344,23.549999237060547,6189,0.0,0.0
2024-09-25 14:09:00-04:00,23.540000915527344,23.540000915527344,23.530000686645508,23.539499282836914,2841,0.0,0.0
2024-09-25 14:10:00-04:00,23.540000915527344,23.54010009765625,23.489999771118164,23.5,16355,0.0,0.0
2024-09-25 14:11:00-04:00,23.5,23.559999465942383,23.5,23.559900283813477,4602,0.0,0.0
2024-09-25 14:12:00-04:00,23.55500030517578,23.575000762939453,23.55500030517578,23.56999969482422,3510,0.0,0.0
2024-09-25 14:13:00-04:00,23.56999969482422,23.579999923706055,23.559999465942383,23.575000762939453,3502,0.0,0.0
2024-09-25 14:14:00-04:00,23.559999465942383,23.56999969482422,23.559999465942383,23.559999465942383,1663,0.0,0.0
2024-09-25 14:15:00-04:00,23.549999237060547,23.559999465942383,23.540000915527344,23.559999465942383,9103,0.0,0.0
2024-09-25 14:16:00-04:00,23.549999237060547,23.559999465942383,23.549999237060547,23.549999237060547,2138,0.0,0.0
2024-09-25 14:17:00-04:00,23.54990005493164,23.559999465942383,23.54990005493164,23.559999465942383,1954,0.0,0.0
2024-09-25 14:18:00-04:00,23.56999969482422,23.575000762939453,23.55500030517578,23.55500030517578,5711,0.0,0.0
2024-09-25 14:19:00-04:00,23.559999465942383,23.56999969482422,23.550100326538086,23.56999969482422,2261,0.0,0.0
2024-09-25 14:20:00-04:00,23.56999969482422,23.56999969482422,23.56999969482422,23.56999969482422,2474,0.0,0.0
2024-09-25 14:21:00-04:00,23.56999969482422,23.579999923706055,23.559999465942383,23.559999465942383,2622,0.0,0.0
2024-09-25 14:22:00-04:00,23.55500030517578,23.55500030517578,23.545000076293945,23.545000076293945,2347,0.0,0.0
2024-09-25 14:23:00-04:00,23.540000915527344,23.540000915527344,23.520000457763672,23.530000686645508,6132,0.0,0.0
2024-09-25 14:24:00-04:00,23.530000686645508,23.540000915527344,23.5,23.5,5862,0.0,0.0
2024-09-25 14:25:00-04:00,23.5,23.5,23.479999542236328,23.489999771118164,4514,0.0,0.0
2024-09-25 14:26:00-04:00,23.480100631713867,23.480100631713867,23.450199127197266,23.450199127197266,5496,0.0,0.0
2024-09-25 14:27:00-04:00,23.450000762939453,23.45549964904785,23.43000030517578,23.450000762939453,12126,0.0,0.0
2024-09-25 14:28:00-04:00,23.450000762939453,23.469999313354492,23.44499969482422,23.469999313354492,3760,0.0,0.0
2024-09-25 14:29:00-04:00,23.469999313354492,23.489999771118164,23.469999313354492,23.47369956970215,6414,0.0,0.0
2024-09-25 14:30:00-04:00,23.479999542236328,23.510000228881836,23.479999542236328,23.510000228881836,4329,0.0,0.0
2024-09-25 14:31:00-04:00,23.520000457763672,23.520000457763672,23.503463745117188,23.510000228881836,2779,0.0,0.0
2024-09-25 14:32:00-04:00,23.520000457763672,23.520000457763672,23.5,23.520000457763672,1545,0.0,0.0
2024-09-25 14:33:00-04:00,23.510000228881836,23.510000228881836,23.489999771118164,23.4950008392334,6757,0.0,0.0
2024-09-25 14:34:00-04:00,23.5,23.5,23.489999771118164,23.4950008392334,1714,0.0,0.0
2024-09-25 14:35:00-04:00,23.4950008392334,23.520000457763672,23.49180030822754,23.520000457763672,2000,0.0,0.0
2024-09-25 14:36:00-04:00,23.520000457763672,23.530000686645508,23.514999389648438,23.530000686645508,3903,0.0,0.0
2024-09-25 14:37:00-04:00,23.530000686645508,23.540000915527344,23.530000686645508,23.540000915527344,4040,0.0,0.0
2024-09-25 14:38:00-04:00,23.539499282836914,23.549999237060547,23.53339958190918,23.549999237060547,4639,0.0,0.0
2024-09-25 14:39:00-04:00,23.545000076293945,23.545000076293945,23.539899826049805,23.540000915527344,4676,0.0,0.0
2024-09-25 14:40:00-04:00,23.540000915527344,23.54990005493164,23.540000915527344,23.540000915527344,1500,0.0,0.0
2024-09-25 14:41:00-04:00,23.540000915527344,23.549999237060547,23.540000915527344,23.545000076293945,3225,0.0,0.0
2024-09-25 14:42:00-04:00,23.549999237060547,23.56999969482422,23.545000076293945,23.56999969482422,13822,0.0,0.0
2024-09-25 14:43:00-04:00,23.56999969482422,23.56999969482422,23.565000534057617,23.56999969482422,4415,0.0,0.0
2024-09-25 14:44:00-04:00,23.56999969482422,23.600000381469727,23.565000534057617,23.584999084472656,20340,0.0,0.0
2024-09-25 14:45:00-04:00,23.584999084472656,23.584999084472656,23.56999969482422,23.56999969482422,7273,0.0,0.0
2024-09-25 14:46:00-04:00,23.56999969482422,23.600000381469727,23.569900512695312,23.59000015258789,5064,0.0,0.0
2024-09-25 14:47:00-04:00,23.59000015258789,23.59000015258789,23.573299407958984,23.573299407958984,4826,0.0,0.0
2024-09-25 14:48:00-04:00,23.579999923706055,23.579999923706055,23.579999923706055,23.579999923706055,1017,0.0,0.0
2024-09-25 14:49:00-04:00,23.59000015258789,23.594999313354492,23.59000015258789,23.594999313354492,2399,0.0,0.0
2024-09-25 14:50:00-04:00,23.594999313354492,23.599899291992188,23.584999084472656,23.594999313354492,5473,0.0,0.0
2024-09-25 14:51:00-04:00,23.600000381469727,23.600000381469727,23.56999969482422,23.575000762939453,33073,0.0,0.0
2024-09-25 14:52:00-04:00,23.575000762939453,23.600000381469727,23.575000762939453,23.600000381469727,8626,0.0,0.0
2024-09-25 14:53:00-04:00,23.594999313354492,23.649999618530273,23.594999313354492,23.649999618530273,57085,0.0,0.0
2024-09-25 14:54:00-04:00,23.639999389648438,23.649999618530273,23.6200008392334,23.6299991607666,14942,0.0,0.0
2024-09-25 14:55:00-04:00,23.6299991607666,23.649999618530273,23.6205997467041,23.639999389648438,8828,0.0,0.0
2024-09-25 14:56:00-04:00,23.649999618530273,23.649999618530273,23.614999771118164,23.614999771118164,8952,0.0,0.0
2024-09-25 14:57:00-04:00,23.610000610351562,23.6200008392334,23.590999603271484,23.6200008392334,6034,0.0,0.0
2024-09-25 14:58:00-04:00,23.6299991607666,23.6299991607666,23.579999923706055,23.599899291992188,16590,0.0,0.0
2024-09-25 14:59:00-04:00,23.600000381469727,23.601699829101562,23.600000381469727,23.601699829101562,1681,0.0,0.0
2024-09-25 15:00:00-04:00,23.600000381469727,23.610000610351562,23.59000015258789,23.604999542236328,16320,0.0,0.0
2024-09-25 15:01:00-04:00,23.604999542236328,23.604999542236328,23.579999923706055,23.579999923706055,5006,0.0,0.0
2024-09-25 15:02:00-04:00,23.57430076599121,23.594999313354492,23.57430076599121,23.594999313354492,4097,0.0,0.0
2024-09-25 15:03:00-04:00,23.59000015258789,23.594999313354492,23.570499420166016,23.579999923706055,11107,0.0,0.0
2024-09-25 15:04:00-04:00,23.56999969482422,23.600000381469727,23.559999465942383,23.58650016784668,7077,0.0,0.0
2024-09-25 15:05:00-04:00,23.600000381469727,23.600000381469727,23.575000762939453,23.575000762939453,6451,0.0,0.0
2024-09-25 15:06:00-04:00,23.572099685668945,23.59000015258789,23.56999969482422,23.575000762939453,7912,0.0,0.0
2024-09-25 15:07:00-04:00,23.570100784301758,23.579999923706055,23.570100784301758,23.579999923706055,5751,0.0,0.0
2024-09-25 15:08:00-04:00,23.579999923706055,23.594999313354492,23.579999923706055,23.59000015258789,6972,0.0,0.0
2024-09-25 15:09:00-04:00,23.59000015258789,23.59000015258789,23.545000076293945,23.545000076293945,7133,0.0,0.0
2024-09-25 15:10:00-04:00,23.549999237060547,23.559999465942383,23.549999237060547,23.554000854492188,7103,0.0,0.0
2024-09-25 15:11:00-04:00,23.55500030517578,23.565000534057617,23.554000854492188,23.565000534057617,3215,0.0,0.0
2024-09-25 15:12:00-04:00,23.56999969482422,23.579999923706055,23.56999969482422,23.56999969482422,1153,0.0,0.0
2024-09-25 15:13:00-04:00,23.579999923706055,23.579999923706055,23.56999969482422,23.56999969482422,4545,0.0,0.0
2024-09-25 15:14:00-04:00,23.565000534057617,23.565000534057617,23.545000076293945,23.545000076293945,3254,0.0,0.0
2024-09-25 15:15:00-04:00,23.540000915527344,23.540000915527344,23.530000686645508,23.530000686645508,2814,0.0,0.0
2024-09-25 15:16:00-04:00,23.540000915527344,23.55500030517578,23.530000686645508,23.55500030517578,6742,0.0,0.0
2024-09-25 15:17:00-04:00,23.549999237060547,23.558000564575195,23.549999237060547,23.553361892700195,2936,0.0,0.0
2024-09-25 15:18:00-04:00,23.55500030517578,23.565000534057617,23.55500030517578,23.55500030517578,5062,0.0,0.0
2024-09-25 15:19:00-04:00,23.549999237060547,23.549999237060547,23.540000915527344,23.545000076293945,5339,0.0,0.0
2024-09-25 15:20:00-04:00,23.545000076293945,23.559999465942383,23.545000076293945,23.55500030517578,3484,0.0,0.0
2024-09-25 15:21:00-04:00,23.55500030517578,23.556400299072266,23.552200317382812,23.55500030517578,2273,0.0,0.0
2024-09-25 15:22:00-04:00,23.559999465942383,23.579999923706055,23.55500030517578,23.579999923706055,6825,0.0,0.0
2024-09-25 15:23:00-04:00,23.579999923706055,23.579999923706055,23.559999465942383,23.565000534057617,7720,0.0,0.0
2024-09-25 15:24:00-04:00,23.565000534057617,23.565000534057617,23.55500030517578,23.55500030517578,4146,0.0,0.0
2024-09-25 15:25:00-04:00,23.55500030517578,23.565000534057617,23.549999237060547,23.565000534057617,7361,0.0,0.0
2024-09-25 15:26:00-04:00,23.560300827026367,23.565000534057617,23.560300827026367,23.565000534057617,2262,0.0,0.0
2024-09-25 15:27:00-04:00,23.565000534057617,23.579999923706055,23.559999465942383,23.579999923706055,8553,0.0,0.0
2024-09-25 15:28:00-04:00,23.579999923706055,23.579999923706055,23.570100784301758,23.579999923706055,4221,0.0,0.0
2024-09-25 15:29:00-04:00,23.579999923706055,23.579999923706055,23.559999465942383,23.559999465942383,10092,0.0,0.0
2024-09-25 15:30:00-04:00,23.549999237060547,23.549999237060547,23.520000457763672,23.520000457763672,19547,0.0,0.0
2024-09-25 15:31:00-04:00,23.520000457763672,23.520000457763672,23.459999084472656,23.469999313354492,17167,0.0,0.0
2024-09-25 15:32:00-04:00,23.469999313354492,23.489999771118164,23.469999313354492,23.489999771118164,13406,0.0,0.0
2024-09-25 15:33:00-04:00,23.479999542236328,23.485000610351562,23.459999084472656,23.46500015258789,15448,0.0,0.0
2024-09-25 15:34:00-04:00,23.46500015258789,23.46500015258789,23.440000534057617,23.457500457763672,12819,0.0,0.0
2024-09-25 15:35:00-04:00,23.454999923706055,23.456636428833008,23.440000534057617,23.456636428833008,13521,0.0,0.0
2024-09-25 15:36:00-04:00,23.450000762939453,23.450000762939453,23.434999465942383,23.450000762939453,9372,0.0,0.0
2024-09-25 15:37:00-04:00,23.450000762939453,23.450000762939453,23.440000534057617,23.450000762939453,4327,0.0,0.0
2024-09-25 15:38:00-04:00,23.450000762939453,23.5,23.450000762939453,23.479999542236328,15896,0.0,0.0
2024-09-25 15:39:00-04:00,23.485000610351562,23.540000915527344,23.479999542236328,23.53499984741211,18855,0.0,0.0
2024-09-25 15:40:00-04:00,23.53499984741211,23.540000915527344,23.524999618530273,23.540000915527344,8169,0.0,0.0
2024-09-25 15:41:00-04:00,23.545000076293945,23.565000534057617,23.540000915527344,23.565000534057617,6310,0.0,0.0
2024-09-25 15:42:00-04:00,23.56999969482422,23.579999923706055,23.561899185180664,23.565000534057617,10369,0.0,0.0
2024-09-25 15:43:00-04:00,23.56999969482422,23.579999923706055,23.559999465942383,23.565000534057617,7221,0.0,0.0
2024-09-25 15:44:00-04:00,23.559999465942383,23.559999465942383,23.530000686645508,23.549999237060547,17908,0.0,0.0
2024-09-25 15:45:00-04:00,23.559999465942383,23.559999465942383,23.530000686645508,23.53499984741211,7304,0.0,0.0
2024-09-25 15:46:00-04:00,23.520000457763672,23.520000457763672,23.440000534057617,23.4512996673584,62546,0.0,0.0
2024-09-25 15:47:00-04:00,23.454999923706055,23.489999771118164,23.454999923706055,23.489999771118164,12947,0.0,0.0
2024-09-25 15:48:00-04:00,23.489999771118164,23.530000686645508,23.485000610351562,23.520000457763672,10954,0.0,0.0
2024-09-25 15:49:00-04:00,23.520000457763672,23.520000457763672,23.510000228881836,23.514999389648438,7741,0.0,0.0
2024-09-25 15:50:00-04:00,23.510000228881836,23.524999618530273,23.489999771118164,23.524999618530273,12358,0.0,0.0
2024-09-25 15:51:00-04:00,23.524999618530273,23.53499984741211,23.5,23.50469970703125,22219,0.0,0.0
2024-09-25 15:52:00-04:00,23.5049991607666,23.520000457763672,23.5049991607666,23.514999389648438,6419,0.0,0.0
2024-09-25 15:53:00-04:00,23.514999389648438,23.540000915527344,23.514999389648438,23.53499984741211,9005,0.0,0.0
2024-09-25 15:54:00-04:00,23.53499984741211,23.55500030517578,23.510000228881836,23.55500030517578,36687,0.0,0.0
2024-09-25 15:55:00-04:00,23.55500030517578,23.559999465942383,23.510000228881836,23.520000457763672,38715,0.0,0.0
2024-09-25 15:56:00-04:00,23.524999618530273,23.545000076293945,23.514999389648438,23.520000457763672,44123,0.0,0.0
2024-09-25 15:57:00-04:00,23.520000457763672,23.530000686645508,23.510000228881836,23.520000457763672,40103,0.0,0.0
2024-09-25 15:58:00-04:00,23.514999389648438,23.549999237060547,23.514999389648438,23.545000076293945,78334,0.0,0.0
2024-09-25 15:59:00-04:00,23.549999237060547,23.559999465942383,23.524999618530273,23.53499984741211,118531,0.0,0.0
2024-09-26 09:30:00-04:00,23.260000228881836,23.3700008392334,22.760000228881836,22.770000457763672,437323,0.0,0.0
2024-09-26 09:31:00-04:00,22.770000457763672,22.8700008392334,22.40999984741211,22.639999389648438,179594,0.0,0.0
2024-09-26 09:32:00-04:00,22.600000381469727,22.600000381469727,22.34000015258789,22.5,114759,0.0,0.0
2024-09-26 09:33:00-04:00,22.457300186157227,22.569900512695312,22.457300186157227,22.514999389648438,45590,0.0,0.0
2024-09-26 09:34:00-04:00,22.540000915527344,22.540000915527344,22.440000534057617,22.5,63415,0.0,0.0
2024-09-26 09:35:00-04:00,22.50629997253418,22.670000076293945,22.420000076293945,22.610000610351562,69026,0.0,0.0
2024-09-26 09:36:00-04:00,22.601999282836914,22.601999282836914,22.420000076293945,22.424999237060547,44388,0.0,0.0
2024-09-26 09:37:00-04:00,22.434999465942383,22.520000457763672,22.350000381469727,22.440000534057617,89917,0.0,0.0
2024-09-26 09:38:00-04:00,22.420000076293945,22.45800018310547,22.260000228881836,22.260000228881836,25488,0.0,0.0
2024-09-26 09:39:00-04:00,22.2549991607666,22.309999465942383,22.1200008392334,22.145999908447266,71775,0.0,0.0
2024-09-26 09:40:00-04:00,22.135000228881836,22.260000228881836,22.1200008392334,22.209999084472656,94626,0.0,0.0
2024-09-26 09:41:00-04:00,22.225000381469727,22.280000686645508,22.225000381469727,22.264999389648438,13298,0.0,0.0
2024-09-26 09:42:00-04:00,22.270000457763672,22.3799991607666,22.270000457763672,22.329999923706055,61573,0.0,0.0
2024-09-26 09:43:00-04:00,22.31999969482422,22.389999389648438,22.25,22.375,27721,0.0,0.0
2024-09-26 09:44:00-04:00,22.360000610351562,22.450000762939453,22.31999969482422,22.40999984741211,46142,0.0,0.0
2024-09-26 09:45:00-04:00,22.424999237060547,22.469999313354492,22.399999618530273,22.399999618530273,14779,0.0,0.0
2024-09-26 09:46:00-04:00,22.43000030517578,22.59000015258789,22.399999618530273,22.56999969482422,43319,0.0,0.0
2024-09-26 09:47:00-04:00,22.559999465942383,22.59000015258789,22.395000457763672,22.434999465942383,33602,0.0,0.0
2024-09-26 09:48:00-04:00,22.40999984741211,22.434999465942383,22.3799991607666,22.434999465942383,17193,0.0,0.0
2024-09-26 09:49:00-04:00,22.40999984741211,22.559999465942383,22.405000686645508,22.559999465942383,9105,0.0,0.0
2024-09-26 09:50:00-04:00,22.56999969482422,22.639999389648438,22.549999237060547,22.584999084472656,26069,0.0,0.0
2024-09-26 09:51:00-04:00,22.6299991607666,22.690000534057617,22.594999313354492,22.689899444580078,15504,0.0,0.0
2024-09-26 09:52:00-04:00,22.690000534057617,22.729999542236328,22.620100021362305,22.709999084472656,15537,0.0,0.0
2024-09-26 09:53:00-04:00,22.729999542236328,22.780000686645508,22.709999084472656,22.7450008392334,24531,0.0,0.0
2024-09-26 09:54:00-04:00,22.729999542236328,22.760000228881836,22.600000381469727,22.604999542236328,17022,0.0,0.0
2024-09-26 09:55:00-04:00,22.594999313354492,22.649999618530273,22.594999313354492,22.600000381469727,14007,0.0,0.0
2024-09-26 09:56:00-04:00,22.579999923706055,22.700000762939453,22.579999923706055,22.670000076293945,15944,0.0,0.0
2024-09-26 09:57:00-04:00,22.68000030517578,22.719999313354492,22.600000381469727,22.638200759887695,8970,0.0,0.0
2024-09-26 09:58:00-04:00,22.6299991607666,22.6299991607666,22.59000015258789,22.625,6180,0.0,0.0
2024-09-26 09:59:00-04:00,22.625,22.649200439453125,22.579999923706055,22.610000610351562,14581,0.0,0.0
2024-09-26 10:00:00-04:00,22.610000610351562,22.769399642944336,22.610000610351562,22.718000411987305,32908,0.0,0.0
2024-09-26 10:01:00-04:00,22.690000534057617,22.719600677490234,22.579999923706055,22.6299991607666,16801,0.0,0.0
2024-09-26 10:02:00-04:00,22.625,22.679899215698242,22.579999923706055,22.610000610351562,13822,0.0,0.0
2024-09-26 10:03:00-04:00,22.600000381469727,22.65999984741211,22.579999923706055,22.635000228881836,11125,0.0,0.0
2024-09-26 10:04:00-04:00,22.610000610351562,22.739999771118164,22.610000610351562,22.739999771118164,15051,0.0,0.0
2024-09-26 10:05:00-04:00,22.70009994506836,22.739999771118164,22.700000762939453,22.709999084472656,8003,0.0,0.0
2024-09-26 10:06:00-04:00,22.709999084472656,22.709999084472656,22.649999618530273,22.68000030517578,8154,0.0,0.0
2024-09-26 10:07:00-04:00,22.681699752807617,22.760000228881836,22.68000030517578,22.760000228881836,16908,0.0,0.0
2024-09-26 10:08:00-04:00,22.729999542236328,22.75,22.700000762939453,22.729999542236328,7127,0.0,0.0
2024-09-26 10:09:00-04:00,22.739999771118164,22.765300750732422,22.729999542236328,22.735000610351562,11800,0.0,0.0
2024-09-26 10:10:00-04:00,22.735000610351562,22.739299774169922,22.66629981994629,22.69499969482422,16135,0.0,0.0
2024-09-26 10:11:00-04:00,22.706499099731445,22.729999542236328,22.700000762939453,22.700000762939453,9125,0.0,0.0
2024-09-26 10:12:00-04:00,22.68000030517578,22.729999542236328,22.68000030517578,22.704599380493164,5928,0.0,0.0
2024-09-26 10:13:00-04:00,22.729999542236328,22.729999542236328,22.70800018310547,22.709999084472656,4675,0.0,0.0
2024-09-26 10:14:00-04:00,22.719999313354492,22.729999542236328,22.700000762939453,22.719999313354492,6636,0.0,0.0
2024-09-26 10:15:00-04:00,22.719999313354492,22.760000228881836,22.690000534057617,22.75,23635,0.0,0.0
2024-09-26 10:16:00-04:00,22.790000915527344,22.920000076293945,22.790000915527344,22.920000076293945,17748,0.0,0.0
2024-09-26 10:17:00-04:00,22.920000076293945,22.920000076293945,22.8700008392334,22.8799991607666,9736,0.0,0.0
2024-09-26 10:18:00-04:00,22.8799991607666,22.950000762939453,22.860000610351562,22.93000030517578,26405,0.0,0.0
2024-09-26 10:19:00-04:00,22.950000762939453,23.020000457763672,22.950000762939453,23.0049991607666,31405,0.0,0.0
2024-09-26 10:20:00-04:00,23.010000228881836,23.030000686645508,22.989999771118164,23.010000228881836,16463,0.0,0.0
2024-09-26 10:21:00-04:00,23.010000228881836,23.013999938964844,22.989999771118164,23.0,9023,0.0,0.0
2024-09-26 10:22:00-04:00,22.989999771118164,23.010000228881836,22.969999313354492,22.987499237060547,10308,0.0,0.0
2024-09-26 10:23:00-04:00,23.010000228881836,23.030000686645508,22.969999313354492,23.030000686645508,8672,0.0,0.0
2024-09-26 10:24:00-04:00,23.029499053955078,23.06999969482422,23.029499053955078,23.03499984741211,7974,0.0,0.0
2024-09-26 10:25:00-04:00,23.040000915527344,23.040000915527344,23.00029945373535,23.024999618530273,7360,0.0,0.0
2024-09-26 10:26:00-04:00,23.020000457763672,23.079999923706055,23.020000457763672,23.079999923706055,13786,0.0,0.0
2024-09-26 10:27:00-04:00,23.06999969482422,23.09000015258789,23.049999237060547,23.06999969482422,8193,0.0,0.0
2024-09-26 10:28:00-04:00,23.079999923706055,23.09000015258789,22.969999313354492,23.03380012512207,26128,0.0,0.0
2024-09-26 10:29:00-04:00,23.040000915527344,23.079999923706055,23.040000915527344,23.079999923706055,8838,0.0,0.0
2024-09-26 10:30:00-04:00,23.059999465942383,23.110000610351562,23.05500030517578,23.08989906311035,26579,0.0,0.0
2024-09-26 10:31:00-04:00,23.065000534057617,23.065000534057617,22.950000762939453,22.979999542236328,10941,0.0,0.0
2024-09-26 10:32:00-04:00,22.988800048828125,23.100000381469727,22.969999313354492,23.079999923706055,11305,0.0,0.0
2024-09-26 10:33:00-04:00,23.059999465942383,23.06999969482422,23.0447998046875,23.0447998046875,1419,0.0,0.0
2024-09-26 10:34:00-04:00,23.06999969482422,23.1200008392334,23.0575008392334,23.114999771118164,12613,0.0,0.0
2024-09-26 10:35:00-04:00,23.1299991607666,23.1299991607666,23.020000457763672,23.06999969482422,12612,0.0,0.0
2024-09-26 10:36:00-04:00,23.09000015258789,23.1299991607666,23.075000762939453,23.084999084472656,11315,0.0,0.0
2024-09-26 10:37:00-04:00,23.080400466918945,23.1299991607666,23.080400466918945,23.114999771118164,13261,0.0,0.0
2024-09-26 10:38:00-04:00,23.1299991607666,23.135000228881836,23.094999313354492,23.125,16776,0.0,0.0
2024-09-26 10:39:00-04:00,23.1200008392334,23.197999954223633,23.09000015258789,23.190000534057617,17925,0.0,0.0
2024-09-26 10:40:00-04:00,23.174999237060547,23.239999771118164,23.16010093688965,23.229999542236328,21824,0.0,0.0
2024-09-26 10:41:00-04:00,23.209999084472656,23.224000930786133,23.170000076293945,23.170000076293945,9088,0.0,0.0
2024-09-26 10:42:00-04:00,23.18000030517578,23.190000534057617,23.174999237060547,23.18000030517578,5225,0.0,0.0
2024-09-26 10:43:00-04:00,23.200000762939453,23.200000762939453,23.093599319458008,23.100000381469727,20635,0.0,0.0
2024-09-26 10:44:00-04:00,23.090499877929688,23.110000610351562,23.062000274658203,23.0939998626709,12161,0.0,0.0
2024-09-26 10:45:00-04:00,23.100000381469727,23.199899673461914,23.100000381469727,23.184999465942383,3229,0.0,0.0
2024-09-26 10:46:00-04:00,23.20199966430664,23.209999084472656,23.190000534057617,23.200000762939453,16468,0.0,0.0
2024-09-26 10:47:00-04:00,23.204999923706055,23.213577270507812,23.149999618530273,23.16550064086914,11913,0.0,0.0
2024-09-26 10:48:00-04:00,23.135000228881836,23.135000228881836,23.104999542236328,23.1299991607666,1799,0.0,0.0
2024-09-26 10:49:00-04:00,23.155000686645508,23.170000076293945,23.155000686645508,23.165000915527344,5605,0.0,0.0
2024-09-26 10:50:00-04:00,23.18000030517578,23.190000534057617,23.170000076293945,23.17690086364746,3863,0.0,0.0
2024-09-26 10:51:00-04:00,23.15999984741211,23.15999984741211,23.09000015258789,23.1200008392334,4592,0.0,0.0
2024-09-26 10:52:00-04:00,23.13800048828125,23.149999618530273,23.09000015258789,23.09760093688965,7042,0.0,0.0
2024-09-26 10:53:00-04:00,23.100000381469727,23.13479995727539,23.100000381469727,23.125,14600,0.0,0.0
2024-09-26 10:54:00-04:00,23.139999389648438,23.18000030517578,23.1299991607666,23.170000076293945,8886,0.0,0.0
2024-09-26 10:55:00-04:00,23.170000076293945,23.190000534057617,23.09000015258789,23.100000381469727,12185,0.0,0.0
2024-09-26 10:56:00-04:00,23.094999313354492,23.1299991607666,23.09000015258789,23.094999313354492,7541,0.0,0.0
2024-09-26 10:57:00-04:00,23.100000381469727,23.110000610351562,23.09000015258789,23.110000610351562,6809,0.0,0.0
2024-09-26 10:58:00-04:00,23.110000610351562,23.1299991607666,23.104999542236328,23.110000610351562,9877,0.0,0.0
2024-09-26 10:59:00-04:00,23.110000610351562,23.110000610351562,23.059999465942383,23.09000015258789,54121,0.0,0.0
2024-09-26 11:00:00-04:00,23.084999084472656,23.084999084472656,23.014999389648438,23.030000686645508,7240,0.0,0.0
2024-09-26 11:01:00-04:00,23.049999237060547,23.09000015258789,23.049999237060547,23.06999969482422,8057,0.0,0.0
2024-09-26 11:02:00-04:00,23.049999237060547,23.09000015258789,23.049999237060547,23.082399368286133,3727,0.0,0.0
2024-09-26 11:03:00-04:00,23.09000015258789,23.09000015258789,22.969999313354492,22.969999313354492,17355,0.0,0.0
2024-09-26 11:04:00-04:00,22.975000381469727,23.059999465942383,22.975000381469727,23.049999237060547,17666,0.0,0.0
2024-09-26 11:05:00-04:00,23.049999237060547,23.139999389648438,23.049999237060547,23.1299991607666,13028,0.0,0.0
2024-09-26 11:06:00-04:00,23.110200881958008,23.149999618530273,23.11009979248047,23.135000228881836,15015,0.0,0.0
2024-09-26 11:07:00-04:00,23.149999618530273,23.270000457763672,23.139999389648438,23.239999771118164,50322,0.0,0.0
2024-09-26 11:08:00-04:00,23.25,23.31999969482422,23.25,23.29199981689453,22624,0.0,0.0
2024-09-26 11:09:00-04:00,23.280099868774414,23.309999465942383,23.229999542236328,23.229999542236328,8216,0.0,0.0
2024-09-26 11:10:00-04:00,23.235000610351562,23.239999771118164,23.190000534057617,23.21470069885254,9110,0.0,0.0
2024-09-26 11:11:00-04:00,23.209999084472656,23.290000915527344,23.209999084472656,23.272499084472656,10574,0.0,0.0
2024-09-26 11:12:00-04:00,23.260000228881836,23.264999389648438,23.250499725341797,23.250499725341797,996,0.0,0.0
2024-09-26 11:13:00-04:00,23.260000228881836,23.290000915527344,23.229999542236328,23.25,18519,0.0,0.0
2024-09-26 11:14:00-04:00,23.25,23.309999465942383,23.25,23.307899475097656,9252,0.0,0.0
2024-09-26 11:15:00-04:00,23.309999465942383,23.350000381469727,23.309999465942383,23.34000015258789,9273,0.0,0.0
2024-09-26 11:16:00-04:00,23.34000015258789,23.3700008392334,23.34000015258789,23.3700008392334,19478,0.0,0.0
2024-09-26 11:17:00-04:00,23.360000610351562,23.364999771118164,23.30500030517578,23.30500030517578,35732,0.0,0.0
2024-09-26 11:18:00-04:00,23.316299438476562,23.3700008392334,23.316299438476562,23.34000015258789,16777,0.0,0.0
2024-09-26 11:19:00-04:00,23.320999145507812,23.360000610351562,23.320999145507812,23.354999542236328,8894,0.0,0.0
2024-09-26 11:20:00-04:00,23.340099334716797,23.3700008392334,23.334999084472656,23.3700008392334,10237,0.0,0.0
2024-09-26 11:21:00-04:00,23.350000381469727,23.360000610351562,23.34040069580078,23.350000381469727,8234,0.0,0.0
2024-09-26 11:22:00-04:00,23.360000610351562,23.360000610351562,23.329999923706055,23.329999923706055,5079,0.0,0.0
2024-09-26 11:23:00-04:00,23.329999923706055,23.420000076293945,23.329999923706055,23.405000686645508,25683,0.0,0.0
2024-09-26 11:24:00-04:00,23.413700103759766,23.41990089416504,23.360000610351562,23.3700008392334,9296,0.0,0.0
2024-09-26 11:25:00-04:00,23.36009979248047,23.36009979248047,23.31999969482422,23.360000610351562,7177,0.0,0.0
2024-09-26 11:26:00-04:00,23.3700008392334,23.389999389648438,23.364099502563477,23.375,7665,0.0,0.0
2024-09-26 11:27:00-04:00,23.375,23.385000228881836,23.360000610351562,23.364999771118164,6024,0.0,0.0
2024-09-26 11:28:00-04:00,23.3700008392334,23.3700008392334,23.350000381469727,23.350000381469727,6470,0.0,0.0
2024-09-26 11:29:00-04:00,23.3700008392334,23.3799991607666,23.350000381469727,23.3700008392334,11667,0.0,0.0
2024-09-26 11:30:00-04:00,23.360000610351562,23.360000610351562,23.239999771118164,23.239999771118164,8479,0.0,0.0
2024-09-26 11:31:00-04:00,23.2549991607666,23.329999923706055,23.239999771118164,23.329999923706055,7833,0.0,0.0
2024-09-26 11:32:00-04:00,23.34000015258789,23.420000076293945,23.329999923706055,23.420000076293945,5718,0.0,0.0
2024-09-26 11:33:00-04:00,23.417999267578125,23.445499420166016,23.415000915527344,23.43199920654297,9032,0.0,0.0
2024-09-26 11:34:00-04:00,23.43000030517578,23.43000030517578,23.34000015258789,23.34000015258789,6756,0.0,0.0
2024-09-26 11:35:00-04:00,23.34000015258789,23.350000381469727,23.315000534057617,23.334999084472656,3610,0.0,0.0
2024-09-26 11:36:00-04:00,23.334999084472656,23.334999084472656,23.280000686645508,23.280000686645508,12463,0.0,0.0
2024-09-26 11:37:00-04:00,23.28499984741211,23.34000015258789,23.28499984741211,23.34000015258789,6507,0.0,0.0
2024-09-26 11:38:00-04:00,23.360000610351562,23.389999389648438,23.360000610351562,23.3700008392334,2074,0.0,0.0
2024-09-26 11:39:00-04:00,23.3799991607666,23.3799991607666,23.34000015258789,23.3700008392334,14186,0.0,0.0
2024-09-26 11:40:00-04:00,23.364999771118164,23.364999771118164,23.34000015258789,23.350000381469727,8610,0.0,0.0
2024-09-26 11:41:00-04:00,23.350000381469727,23.357999801635742,23.31999969482422,23.329999923706055,7239,0.0,0.0
2024-09-26 11:42:00-04:00,23.31999969482422,23.31999969482422,23.260000228881836,23.280000686645508,8841,0.0,0.0
2024-09-26 11:43:00-04:00,23.290000915527344,23.325000762939453,23.290000915527344,23.31999969482422,2150,0.0,0.0
2024-09-26 11:44:00-04:00,23.325000762939453,23.334999084472656,23.31999969482422,23.334999084472656,4319,0.0,0.0
2024-09-26 11:45:00-04:00,23.334999084472656,23.350000381469727,23.334999084472656,23.34000015258789,3342,0.0,0.0
2024-09-26 11:46:00-04:00,23.34000015258789,23.34000015258789,23.329999923706055,23.329999923706055,2477,0.0,0.0
2024-09-26 11:47:00-04:00,23.34000015258789,23.350000381469727,23.329999923706055,23.34000015258789,12089,0.0,0.0
2024-09-26 11:48:00-04:00,23.34000015258789,23.3700008392334,23.34000015258789,23.3700008392334,4382,0.0,0.0
2024-09-26 11:49:00-04:00,23.360000610351562,23.389999389648438,23.360000610351562,23.389999389648438,3528,0.0,0.0
2024-09-26 11:50:00-04:00,23.385000228881836,23.385000228881836,23.3700008392334,23.3799991607666,3318,0.0,0.0
2024-09-26 11:51:00-04:00,23.381999969482422,23.40999984741211,23.378999710083008,23.40999984741211,6690,0.0,0.0
2024-09-26 11:52:00-04:00,23.40250015258789,23.40999984741211,23.389999389648438,23.389999389648438,4569,0.0,0.0
2024-09-26 11:53:00-04:00,23.389999389648438,23.405000686645508,23.389999389648438,23.405000686645508,3659,0.0,0.0
2024-09-26 11:54:00-04:00,23.408899307250977,23.408899307250977,23.389999389648438,23.399999618530273,18888,0.0,0.0
2024-09-26 11:55:00-04:00,23.399999618530273,23.40999984741211,23.399999618530273,23.40999984741211,5965,0.0,0.0
2024-09-26 11:56:00-04:00,23.420000076293945,23.420000076293945,23.40049934387207,23.40999984741211,3552,0.0,0.0
2024-09-26 11:57:00-04:00,23.40999984741211,23.420000076293945,23.40999984741211,23.415000915527344,2118,0.0,0.0
2024-09-26 11:58:00-04:00,23.415000915527344,23.440000534057617,23.415000915527344,23.420000076293945,6833,0.0,0.0
2024-09-26 11:59:00-04:00,23.40999984741211,23.440000534057617,23.40999984741211,23.43000030517578,4217,0.0,0.0
2024-09-26 12:00:00-04:00,23.43000030517578,23.440000534057617,23.31999969482422,23.31999969482422,9512,0.0,0.0
2024-09-26 12:01:00-04:00,23.34000015258789,23.40999984741211,23.34000015258789,23.385000228881836,5986,0.0,0.0
2024-09-26 12:02:00-04:00,23.3799991607666,23.399999618530273,23.364999771118164,23.399999618530273,4313,0.0,0.0
2024-09-26 12:03:00-04:00,23.40999984741211,23.439899444580078,23.399999618530273,23.424999237060547,5869,0.0,0.0
2024-09-26 12:04:00-04:00,23.440000534057617,23.450000762939453,23.43000030517578,23.450000762939453,5743,0.0,0.0
2024-09-26 12:05:00-04:00,23.459999084472656,23.489999771118164,23.459999084472656,23.489999771118164,7573,0.0,0.0
2024-09-26 12:06:00-04:00,23.489999771118164,23.520000457763672,23.479999542236328,23.520000457763672,66526,0.0,0.0
2024-09-26 12:07:00-04:00,23.520000457763672,23.540000915527344,23.500099182128906,23.530000686645508,12069,0.0,0.0
2024-09-26 12:08:00-04:00,23.535400390625,23.540000915527344,23.489999771118164,23.540000915527344,10890,0.0,0.0
2024-09-26 12:09:00-04:00,23.540000915527344,23.56999969482422,23.53499984741211,23.559999465942383,30012,0.0,0.0
2024-09-26 12:10:00-04:00,23.549999237060547,23.579999923706055,23.524999618530273,23.540000915527344,25362,0.0,0.0
2024-09-26 12:11:00-04:00,23.530000686645508,23.579999923706055,23.530000686645508,23.579999923706055,17836,0.0,0.0
2024-09-26 12:12:00-04:00,23.582000732421875,23.600000381469727,23.56999969482422,23.56999969482422,16022,0.0,0.0
2024-09-26 12:13:00-04:00,23.56999969482422,23.59000015258789,23.56999969482422,23.579999923706055,23128,0.0,0.0
2024-09-26 12:14:00-04:00,23.59000015258789,23.635000228881836,23.579999923706055,23.600000381469727,37903,0.0,0.0
2024-09-26 12:15:00-04:00,23.600000381469727,23.649999618530273,23.600000381469727,23.6299991607666,8864,0.0,0.0
2024-09-26 12:16:00-04:00,23.6299991607666,23.649999618530273,23.600000381469727,23.649999618530273,11124,0.0,0.0
2024-09-26 12:17:00-04:00,23.645000457763672,23.65999984741211,23.639999389648438,23.65999984741211,11807,0.0,0.0
2024-09-26 12:18:00-04:00,23.65999984741211,23.69499969482422,23.655000686645508,23.69499969482422,13568,0.0,0.0
2024-09-26 12:19:00-04:00,23.69499969482422,23.700000762939453,23.674999237060547,23.697999954223633,11769,0.0,0.0
2024-09-26 12:20:00-04:00,23.700000762939453,23.700000762939453,23.690000534057617,23.690000534057617,9261,0.0,0.0
2024-09-26 12:21:00-04:00,23.696500778198242,23.700000762939453,23.65089988708496,23.670000076293945,7153,0.0,0.0
2024-09-26 12:22:00-04:00,23.670000076293945,23.670000076293945,23.639999389648438,23.639999389648438,4079,0.0,0.0
2024-09-26 12:23:00-04:00,23.6299991607666,23.6299991607666,23.58639907836914,23.610000610351562,9318,0.0,0.0
2024-09-26 12:24:00-04:00,23.610000610351562,23.6299991607666,23.600099563598633,23.625,12742,0.0,0.0
2024-09-26 12:25:00-04:00,23.625,23.670000076293945,23.625,23.65999984741211,8715,0.0,0.0
2024-09-26 12:26:00-04:00,23.670000076293945,23.670000076293945,23.649999618530273,23.649999618530273,2040,0.0,0.0
2024-09-26 12:27:00-04:00,23.649999618530273,23.670000076293945,23.648799896240234,23.649999618530273,11086,0.0,0.0
2024-09-26 12:28:00-04:00,23.649999618530273,23.656999588012695,23.649999618530273,23.649999618530273,2685,0.0,0.0
2024-09-26 12:29:00-04:00,23.645000457763672,23.645000457763672,23.610000610351562,23.6200008392334,6917,0.0,0.0
2024-09-26 12:30:00-04:00,23.6299991607666,23.6299991607666,23.570100784301758,23.610000610351562,9403,0.0,0.0
2024-09-26 12:31:00-04:00,23.6200008392334,23.6299991607666,23.610000610351562,23.6299991607666,1679,0.0,0.0
2024-09-26 12:32:00-04:00,23.6299991607666,23.670000076293945,23.6299991607666,23.670000076293945,5909,0.0,0.0
2024-09-26 12:33:00-04:00,23.665000915527344,23.695999145507812,23.665000915527344,23.670000076293945,7735,0.0,0.0
2024-09-26 12:34:00-04:00,23.670000076293945,23.670000076293945,23.639999389648438,23.639999389648438,3242,0.0,0.0
2024-09-26 12:35:00-04:00,23.6299991607666,23.65999984741211,23.628700256347656,23.65999984741211,4465,0.0,0.0
2024-09-26 12:36:00-04:00,23.65999984741211,23.670000076293945,23.65999984741211,23.65999984741211,4915,0.0,0.0
2024-09-26 12:37:00-04:00,23.65999984741211,23.670000076293945,23.655000686645508,23.670000076293945,9244,0.0,0.0
2024-09-26 12:38:00-04:00,23.665000915527344,23.670000076293945,23.65999984741211,23.65999984741211,2762,0.0,0.0
2024-09-26 12:39:00-04:00,23.65999984741211,23.6825008392334,23.65999984741211,23.6825008392334,1852,0.0,0.0
2024-09-26 12:40:00-04:00,23.684999465942383,23.684999465942383,23.66010093688965,23.670000076293945,3648,0.0,0.0
2024-09-26 12:41:00-04:00,23.65999984741211,23.65999984741211,23.600000381469727,23.604999542236328,5185,0.0,0.0
2024-09-26 12:42:00-04:00,23.614999771118164,23.639999389648438,23.614999771118164,23.639999389648438,2951,0.0,0.0
2024-09-26 12:43:00-04:00,23.6382999420166,23.649999618530273,23.6200008392334,23.6200008392334,3272,0.0,0.0
2024-09-26 12:44:00-04:00,23.6299991607666,23.65999984741211,23.6299991607666,23.639999389648438,5256,0.0,0.0
2024-09-26 12:45:00-04:00,23.649999618530273,23.649999618530273,23.6299991607666,23.645000457763672,3342,0.0,0.0
2024-09-26 12:46:00-04:00,23.649999618530273,23.670000076293945,23.639999389648438,23.670000076293945,2981,0.0,0.0
2024-09-26 12:47:00-04:00,23.65999984741211,23.65999984741211,23.632099151611328,23.645000457763672,9207,0.0,0.0
2024-09-26 12:48:00-04:00,23.639999389648438,23.667699813842773,23.639999389648438,23.65999984741211,4179,0.0,0.0
2024-09-26 12:49:00-04:00,23.649999618530273,23.649999618530273,23.6200008392334,23.627500534057617,8164,0.0,0.0
2024-09-26 12:50:00-04:00,23.610000610351562,23.6299991607666,23.582000732421875,23.6299991607666,8566,0.0,0.0
2024-09-26 12:51:00-04:00,23.639999389648438,23.639999389648438,23.6299991607666,23.6299991607666,3517,0.0,0.0
2024-09-26 12:52:00-04:00,23.6299991607666,23.6299991607666,23.600000381469727,23.6200008392334,5261,0.0,0.0
2024-09-26 12:53:00-04:00,23.6200008392334,23.6299991607666,23.618799209594727,23.6200008392334,1917,0.0,0.0
2024-09-26 12:54:00-04:00,23.610000610351562,23.614999771118164,23.559999465942383,23.559999465942383,6653,0.0,0.0
2024-09-26 12:55:00-04:00,23.569700241088867,23.56999969482422,23.549999237060547,23.565000534057617,3223,0.0,0.0
2024-09-26 12:56:00-04:00,23.584999084472656,23.609899520874023,23.584999084472656,23.609899520874023,1722,0.0,0.0
2024-09-26 12:57:00-04:00,23.579999923706055,23.579999923706055,23.55500030517578,23.579999923706055,3007,0.0,0.0
2024-09-26 12:58:00-04:00,23.57029914855957,23.579999923706055,23.56279945373535,23.56999969482422,2061,0.0,0.0
2024-09-26 12:59:00-04:00,23.559999465942383,23.579999923706055,23.510000228881836,23.510000228881836,12613,0.0,0.0
2024-09-26 13:00:00-04:00,23.5226993560791,23.529399871826172,23.459999084472656,23.475000381469727,16966,0.0,0.0
2024-09-26 13:01:00-04:00,23.481300354003906,23.520000457763672,23.469999313354492,23.479999542236328,9206,0.0,0.0
2024-09-26 13:02:00-04:00,23.479999542236328,23.489999771118164,23.479999542236328,23.489999771118164,4282,0.0,0.0
2024-09-26 13:03:00-04:00,23.489999771118164,23.5,23.489999771118164,23.4950008392334,2426,0.0,0.0
2024-09-26 13:04:00-04:00,23.5,23.510000228881836,23.4950008392334,23.5049991607666,4297,0.0,0.0
2024-09-26 13:05:00-04:00,23.5,23.510000228881836,23.459999084472656,23.459999084472656,10202,0.0,0.0
2024-09-26 13:06:00-04:00,23.450000762939453,23.510000228881836,23.440000534057617,23.510000228881836,7841,0.0,0.0
2024-09-26 13:08:00-04:00,23.489999771118164,23.5,23.489999771118164,23.489999771118164,3056,0.0,0.0
2024-09-26 13:09:00-04:00,23.483699798583984,23.489999771118164,23.479999542236328,23.479999542236328,1859,0.0,0.0
2024-09-26 13:10:00-04:00,23.489999771118164,23.521699905395508,23.489999771118164,23.521699905395508,3728,0.0,0.0
2024-09-26 13:11:00-04:00,23.514999389648438,23.530000686645508,23.489999771118164,23.489999771118164,2499,0.0,0.0
2024-09-26 13:12:00-04:00,23.4950008392334,23.4950008392334,23.479999542236328,23.479999542236328,1327,0.0,0.0
2024-09-26 13:13:00-04:00,23.459999084472656,23.469999313354492,23.445999145507812,23.457000732421875,6611,0.0,0.0
2024-09-26 13:14:00-04:00,23.469999313354492,23.5,23.469999313354492,23.469999313354492,10837,0.0,0.0
2024-09-26 13:15:00-04:00,23.469999313354492,23.479999542236328,23.460100173950195,23.469999313354492,8215,0.0,0.0
2024-09-26 13:16:00-04:00,23.459999084472656,23.459999084472656,23.399999618530273,23.399999618530273,7620,0.0,0.0
2024-09-26 13:17:00-04:00,23.399999618530273,23.440000534057617,23.399999618530273,23.440000534057617,2557,0.0,0.0
2024-09-26 13:18:00-04:00,23.433300018310547,23.434999465942383,23.43000030517578,23.43000030517578,3592,0.0,0.0
2024-09-26 13:19:00-04:00,23.41200065612793,23.41200065612793,23.34000015258789,23.350000381469727,9532,0.0,0.0
2024-09-26 13:20:00-04:00,23.344999313354492,23.3700008392334,23.344999313354492,23.3700008392334,2870,0.0,0.0
2024-09-26 13:21:00-04:00,23.389999389648438,23.389999389648438,23.3700008392334,23.385000228881836,2573,0.0,0.0
2024-09-26 13:22:00-04:00,23.385000228881836,23.415000915527344,23.385000228881836,23.415000915527344,3285,0.0,0.0
2024-09-26 13:23:00-04:00,23.399999618530273,23.40999984741211,23.3799991607666,23.3799991607666,3681,0.0,0.0
2024-09-26 13:24:00-04:00,23.3799991607666,23.399999618530273,23.3799991607666,23.395000457763672,1129,0.0,0.0
2024-09-26 13:25:00-04:00,23.395000457763672,23.397899627685547,23.3700008392334,23.3700008392334,1784,0.0,0.0
2024-09-26 13:26:00-04:00,23.3700008392334,23.3799991607666,23.3700008392334,23.3799991607666,2092,0.0,0.0
2024-09-26 13:27:00-04:00,23.3799991607666,23.399999618530273,23.3799991607666,23.399999618530273,2879,0.0,0.0
2024-09-26 13:28:00-04:00,23.40999984741211,23.40999984741211,23.389999389648438,23.399999618530273,7841,0.0,0.0
2024-09-26 13:29:00-04:00,23.40999984741211,23.424999237060547,23.40999984741211,23.424999237060547,4805,0.0,0.0
2024-09-26 13:30:00-04:00,23.420000076293945,23.44499969482422,23.420000076293945,23.440000534057617,2583,0.0,0.0
2024-09-26 13:31:00-04:00,23.44499969482422,23.459999084472656,23.440000534057617,23.450000762939453,2536,0.0,0.0
2024-09-26 13:32:00-04:00,23.450000762939453,23.450000762939453,23.440000534057617,23.450000762939453,6898,0.0,0.0
2024-09-26 13:33:00-04:00,23.450000762939453,23.450000762939453,23.450000762939453,23.450000762939453,1401,0.0,0.0
2024-09-26 13:34:00-04:00,23.450000762939453,23.45949935913086,23.450000762939453,23.450000762939453,1856,0.0,0.0
2024-09-26 13:35:00-04:00,23.459999084472656,23.459999084472656,23.424999237060547,23.430999755859375,5656,0.0,0.0
2024-09-26 13:36:00-04:00,23.440000534057617,23.440000534057617,23.430400848388672,23.440000534057617,2040,0.0,0.0
2024-09-26 13:37:00-04:00,23.440000534057617,23.450000762939453,23.420000076293945,23.420000076293945,4583,0.0,0.0
2024-09-26 13:38:00-04:00,23.40999984741211,23.40999984741211,23.399999618530273,23.40999984741211,2083,0.0,0.0
2024-09-26 13:39:00-04:00,23.40019989013672,23.40999984741211,23.40019989013672,23.40049934387207,2245,0.0,0.0
2024-09-26 13:40:00-04:00,23.40999984741211,23.420000076293945,23.40999984741211,23.420000076293945,4880,0.0,0.0
2024-09-26 13:41:00-04:00,23.40999984741211,23.420000076293945,23.385000228881836,23.389999389648438,3278,0.0,0.0
2024-09-26 13:42:00-04:00,23.381000518798828,23.40999984741211,23.381000518798828,23.40999984741211,3280,0.0,0.0
2024-09-26 13:43:00-04:00,23.40999984741211,23.420000076293945,23.40999984741211,23.415000915527344,2476,0.0,0.0
2024-09-26 13:44:00-04:00,23.420000076293945,23.420000076293945,23.399999618530273,23.40999984741211,2552,0.0,0.0
2024-09-26 13:45:00-04:00,23.405500411987305,23.43000030517578,23.405500411987305,23.43000030517578,2303,0.0,0.0
2024-09-26 13:46:00-04:00,23.440000534057617,23.440000534057617,23.399999618530273,23.399999618530273,2608,0.0,0.0
2024-09-26 13:47:00-04:00,23.415000915527344,23.415000915527344,23.397899627685547,23.399999618530273,3788,0.0,0.0
2024-09-26 13:48:00-04:00,23.390199661254883,23.405000686645508,23.390199661254883,23.399999618530273,3280,0.0,0.0
2024-09-26 13:49:00-04:00,23.399999618530273,23.440000534057617,23.399999618530273,23.43000030517578,6778,0.0,0.0
2024-09-26 13:50:00-04:00,23.43000030517578,23.440000534057617,23.399999618530273,23.405500411987305,3741,0.0,0.0
2024-09-26 13:51:00-04:00,23.415000915527344,23.415000915527344,23.389999389648438,23.405000686645508,1711,0.0,0.0
2024-09-26 13:52:00-04:00,23.405000686645508,23.415000915527344,23.389999389648438,23.40850067138672,2565,0.0,0.0
2024-09-26 13:53:00-04:00,23.399999618530273,23.40999984741211,23.389999389648438,23.40999984741211,3551,0.0,0.0
2024-09-26 13:54:00-04:00,23.420000076293945,23.440000534057617,23.413400650024414,23.434999465942383,2638,0.0,0.0
2024-09-26 13:55:00-04:00,23.43589973449707,23.440000534057617,23.43000030517578,23.440000534057617,3045,0.0,0.0
2024-09-26 13:56:00-04:00,23.4330997467041,23.440000534057617,23.40999984741211,23.420000076293945,1908,0.0,0.0
2024-09-26 13:57:00-04:00,23.43000030517578,23.434999465942383,23.423999786376953,23.43000030517578,2001,0.0,0.0
2024-09-26 13:58:00-04:00,23.423999786376953,23.423999786376953,23.399999618530273,23.420000076293945,3929,0.0,0.0
2024-09-26 13:59:00-04:00,23.399999618530273,23.415000915527344,23.399999618530273,23.415000915527344,730,0.0,0.0
2024-09-26 14:00:00-04:00,23.40999984741211,23.40999984741211,23.399999618530273,23.40999984741211,3029,0.0,0.0
2024-09-26 14:01:00-04:00,23.40999984741211,23.43000030517578,23.40999984741211,23.43000030517578,2542,0.0,0.0
2024-09-26 14:02:00-04:00,23.43000030517578,23.43000030517578,23.420000076293945,23.43000030517578,1271,0.0,0.0
2024-09-26 14:03:00-04:00,23.43000030517578,23.450000762939453,23.43000030517578,23.450000762939453,3882,0.0,0.0
2024-09-26 14:04:00-04:00,23.459999084472656,23.459999084472656,23.45989990234375,23.459999084472656,3286,0.0,0.0
2024-09-26 14:05:00-04:00,23.459999084472656,23.459999084472656,23.444000244140625,23.454999923706055,2248,0.0,0.0
2024-09-26 14:06:00-04:00,23.454999923706055,23.469999313354492,23.45210075378418,23.469999313354492,2107,0.0,0.0
2024-09-26 14:07:00-04:00,23.475000381469727,23.489999771118164,23.475000381469727,23.479999542236328,1737,0.0,0.0
2024-09-26 14:08:00-04:00,23.479999542236328,23.479999542236328,23.46500015258789,23.469999313354492,3931,0.0,0.0
2024-09-26 14:09:00-04:00,23.459999084472656,23.460100173950195,23.40999984741211,23.40999984741211,10528,0.0,0.0
2024-09-26 14:10:00-04:00,23.420000076293945,23.429500579833984,23.399999618530273,23.399999618530273,4051,0.0,0.0
2024-09-26 14:11:00-04:00,23.399999618530273,23.399999618530273,23.350000381469727,23.3799991607666,13314,0.0,0.0
2024-09-26 14:12:00-04:00,23.385000228881836,23.40290069580078,23.385000228881836,23.389999389648438,3487,0.0,0.0
2024-09-26 14:13:00-04:00,23.389999389648438,23.415000915527344,23.3799991607666,23.415000915527344,3074,0.0,0.0
2024-09-26 14:14:00-04:00,23.420000076293945,23.43000030517578,23.415000915527344,23.420000076293945,1952,0.0,0.0
2024-09-26 14:15:00-04:00,23.420000076293945,23.440000534057617,23.420000076293945,23.440000534057617,3456,0.0,0.0
2024-09-26 14:16:00-04:00,23.440000534057617,23.440000534057617,23.421899795532227,23.43000030517578,4969,0.0,0.0
2024-09-26 14:17:00-04:00,23.43000030517578,23.43000030517578,23.399999618530273,23.40999984741211,9431,0.0,0.0
2024-09-26 14:18:00-04:00,23.43000030517578,23.469999313354492,23.43000030517578,23.469999313354492,7984,0.0,0.0
2024-09-26 14:19:00-04:00,23.468700408935547,23.468700408935547,23.450000762939453,23.459999084472656,2413,0.0,0.0
2024-09-26 14:20:00-04:00,23.459999084472656,23.459999084472656,23.44499969482422,23.459999084472656,6298,0.0,0.0
2024-09-26 14:21:00-04:00,23.450000762939453,23.479999542236328,23.450000762939453,23.45400047302246,14396,0.0,0.0
2024-09-26 14:22:00-04:00,23.459999084472656,23.479999542236328,23.459999084472656,23.459999084472656,7807,0.0,0.0
2024-09-26 14:23:00-04:00,23.450000762939453,23.459999084472656,23.450000762939453,23.459999084472656,2564,0.0,0.0
2024-09-26 14:24:00-04:00,23.459999084472656,23.475000381469727,23.459999084472656,23.475000381469727,2305,0.0,0.0
2024-09-26 14:25:00-04:00,23.475000381469727,23.489999771118164,23.469999313354492,23.479999542236328,3720,0.0,0.0
2024-09-26 14:26:00-04:00,23.5,23.520000457763672,23.489999771118164,23.520000457763672,8287,0.0,0.0
2024-09-26 14:27:00-04:00,23.538000106811523,23.579999923706055,23.538000106811523,23.579999923706055,11592,0.0,0.0
2024-09-26 14:28:00-04:00,23.56999969482422,23.59000015258789,23.56999969482422,23.58989906311035,6036,0.0,0.0
2024-09-26 14:29:00-04:00,23.579999923706055,23.6299991607666,23.579999923706055,23.614999771118164,4589,0.0,0.0
2024-09-26 14:30:00-04:00,23.610000610351562,23.6200008392334,23.579999923706055,23.600000381469727,5331,0.0,0.0
2024-09-26 14:31:00-04:00,23.59000015258789,23.59000015258789,23.59000015258789,23.59000015258789,610,0.0,0.0
2024-09-26 14:32:00-04:00,23.59000015258789,23.594999313354492,23.565000534057617,23.594999313354492,5110,0.0,0.0
2024-09-26 14:33:00-04:00,23.600000381469727,23.6299991607666,23.59000015258789,23.600000381469727,2997,0.0,0.0
2024-09-26 14:34:00-04:00,23.59000015258789,23.6200008392334,23.59000015258789,23.614999771118164,2712,0.0,0.0
2024-09-26 14:35:00-04:00,23.614999771118164,23.6200008392334,23.604400634765625,23.6200008392334,4028,0.0,0.0
2024-09-26 14:36:00-04:00,23.629499435424805,23.649999618530273,23.6200008392334,23.649999618530273,11637,0.0,0.0
2024-09-26 14:37:00-04:00,23.639999389648438,23.68000030517578,23.6299991607666,23.670000076293945,15284,0.0,0.0
2024-09-26 14:38:00-04:00,23.670000076293945,23.690000534057617,23.670000076293945,23.670000076293945,6507,0.0,0.0
2024-09-26 14:39:00-04:00,23.670000076293945,23.690000534057617,23.65999984741211,23.68000030517578,9022,0.0,0.0
2024-09-26 14:40:00-04:00,23.690000534057617,23.700000762939453,23.68000030517578,23.68000030517578,11775,0.0,0.0
2024-09-26 14:41:00-04:00,23.690000534057617,23.700000762939453,23.68000030517578,23.69499969482422,16565,0.0,0.0
2024-09-26 14:42:00-04:00,23.700000762939453,23.790000915527344,23.690000534057617,23.780099868774414,41987,0.0,0.0
2024-09-26 14:43:00-04:00,23.770000457763672,23.780000686645508,23.770000457763672,23.770000457763672,2878,0.0,0.0
2024-09-26 14:44:00-04:00,23.769899368286133,23.780000686645508,23.760000228881836,23.770000457763672,6748,0.0,0.0
2024-09-26 14:45:00-04:00,23.770000457763672,23.770000457763672,23.750099182128906,23.760000228881836,9195,0.0,0.0
2024-09-26 14:46:00-04:00,23.760000228881836,23.790000915527344,23.75,23.790000915527344,4030,0.0,0.0
2024-09-26 14:47:00-04:00,23.78499984741211,23.809999465942383,23.78499984741211,23.799999237060547,15414,0.0,0.0
2024-09-26 14:48:00-04:00,23.799999237060547,23.829999923706055,23.790000915527344,23.829999923706055,5606,0.0,0.0
2024-09-26 14:49:00-04:00,23.829099655151367,23.829999923706055,23.81049919128418,23.829999923706055,5682,0.0,0.0
2024-09-26 14:50:00-04:00,23.825000762939453,23.829999923706055,23.777999877929688,23.777999877929688,6796,0.0,0.0
2024-09-26 14:51:00-04:00,23.790000915527344,23.815000534057617,23.770000457763672,23.815000534057617,6302,0.0,0.0
2024-09-26 14:52:00-04:00,23.809999465942383,23.809999465942383,23.795000076293945,23.809999465942383,5414,0.0,0.0
2024-09-26 14:53:00-04:00,23.81999969482422,23.81999969482422,23.795000076293945,23.81999969482422,13634,0.0,0.0
2024-09-26 14:54:00-04:00,23.809999465942383,23.829999923706055,23.80500030517578,23.809999465942383,8788,0.0,0.0
2024-09-26 14:55:00-04:00,23.799999237060547,23.809999465942383,23.790000915527344,23.79199981689453,5126,0.0,0.0
2024-09-26 14:56:00-04:00,23.790000915527344,23.799999237060547,23.770000457763672,23.790000915527344,7929,0.0,0.0
2024-09-26 14:57:00-04:00,23.780000686645508,23.790000915527344,23.760000228881836,23.790000915527344,2938,0.0,0.0
2024-09-26 14:58:00-04:00,23.795000076293945,23.799999237060547,23.770000457763672,23.770000457763672,6954,0.0,0.0
2024-09-26 14:59:00-04:00,23.760000228881836,23.780000686645508,23.719999313354492,23.770000457763672,10224,0.0,0.0
2024-09-26 15:00:00-04:00,23.760000228881836,23.760000228881836,23.729999542236328,23.729999542236328,8901,0.0,0.0
2024-09-26 15:01:00-04:00,23.737300872802734,23.737300872802734,23.68000030517578,23.709999084472656,11200,0.0,0.0
2024-09-26 15:02:00-04:00,23.709999084472656,23.709999084472656,23.700000762939453,23.709999084472656,3846,0.0,0.0
2024-09-26 15:03:00-04:00,23.709999084472656,23.75,23.709999084472656,23.739999771118164,9586,0.0,0.0
2024-09-26 15:04:00-04:00,23.739999771118164,23.75,23.739999771118164,23.75,4796,0.0,0.0
2024-09-26 15:05:00-04:00,23.75,23.75,23.704999923706055,23.709999084472656,7107,0.0,0.0
2024-09-26 15:06:00-04:00,23.700000762939453,23.709999084472656,23.684999465942383,23.690000534057617,3482,0.0,0.0
2024-09-26 15:07:00-04:00,23.69849967956543,23.729999542236328,23.690000534057617,23.725000381469727,7370,0.0,0.0
2024-09-26 15:08:00-04:00,23.725000381469727,23.729999542236328,23.709999084472656,23.715999603271484,3782,0.0,0.0
2024-09-26 15:09:00-04:00,23.709999084472656,23.709999084472656,23.670000076293945,23.670000076293945,9910,0.0,0.0
2024-09-26 15:10:00-04:00,23.670000076293945,23.690000534057617,23.670000076293945,23.670000076293945,4701,0.0,0.0
2024-09-26 15:11:00-04:00,23.68000030517578,23.690000534057617,23.670000076293945,23.68000030517578,9828,0.0,0.0
2024-09-26 15:12:00-04:00,23.68000030517578,23.68000030517578,23.639999389648438,23.639999389648438,10798,0.0,0.0
2024-09-26 15:13:00-04:00,23.635000228881836,23.65999984741211,23.6299991607666,23.649999618530273,12602,0.0,0.0
2024-09-26 15:14:00-04:00,23.649999618530273,23.65999984741211,23.6299991607666,23.6299991607666,4923,0.0,0.0
2024-09-26 15:15:00-04:00,23.6299991607666,23.639999389648438,23.6299991607666,23.639999389648438,4676,0.0,0.0
2024-09-26 15:16:00-04:00,23.645000457763672,23.645000457763672,23.635000228881836,23.639999389648438,3934,0.0,0.0
2024-09-26 15:17:00-04:00,23.64940071105957,23.65999984741211,23.635000228881836,23.649999618530273,10187,0.0,0.0
2024-09-26 15:18:00-04:00,23.65999984741211,23.65999984741211,23.618999481201172,23.639999389648438,7480,0.0,0.0
2024-09-26 15:19:00-04:00,23.6471004486084,23.65999984741211,23.6299991607666,23.631000518798828,19526,0.0,0.0
2024-09-26 15:20:00-04:00,23.635000228881836,23.709999084472656,23.635000228881836,23.709999084472656,27779,0.0,0.0
2024-09-26 15:21:00-04:00,23.700000762939453,23.700000762939453,23.674999237060547,23.700000762939453,9524,0.0,0.0
2024-09-26 15:22:00-04:00,23.69499969482422,23.719999313354492,23.690000534057617,23.700000762939453,11286,0.0,0.0
2024-09-26 15:23:00-04:00,23.68000030517578,23.68199920654297,23.68000030517578,23.68000030517578,1467,0.0,0.0
2024-09-26 15:24:00-04:00,23.684999465942383,23.700000762939453,23.68000030517578,23.690000534057617,5454,0.0,0.0
2024-09-26 15:25:00-04:00,23.690000534057617,23.690000534057617,23.65999984741211,23.670000076293945,7606,0.0,0.0
2024-09-26 15:26:00-04:00,23.674999237060547,23.690000534057617,23.649999618530273,23.649999618530273,11574,0.0,0.0
2024-09-26 15:27:00-04:00,23.649999618530273,23.649999618530273,23.6200008392334,23.6200008392334,5460,0.0,0.0
2024-09-26 15:28:00-04:00,23.610000610351562,23.6200008392334,23.559999465942383,23.579999923706055,15617,0.0,0.0
2024-09-26 15:29:00-04:00,23.579999923706055,23.589000701904297,23.565000534057617,23.56999969482422,7894,0.0,0.0
2024-09-26 15:30:00-04:00,23.56999969482422,23.600000381469727,23.565000534057617,23.594999313354492,9557,0.0,0.0
2024-09-26 15:31:00-04:00,23.59000015258789,23.595199584960938,23.52050018310547,23.52050018310547,5769,0.0,0.0
2024-09-26 15:32:00-04:00,23.530000686645508,23.579999923706055,23.530000686645508,23.559999465942383,11330,0.0,0.0
2024-09-26 15:33:00-04:00,23.559999465942383,23.576499938964844,23.558000564575195,23.559999465942383,4928,0.0,0.0
2024-09-26 15:34:00-04:00,23.559999465942383,23.579999923706055,23.55299949645996,23.559999465942383,7050,0.0,0.0
2024-09-26 15:35:00-04:00,23.556900024414062,23.559999465942383,23.530000686645508,23.540000915527344,3916,0.0,0.0
2024-09-26 15:36:00-04:00,23.530000686645508,23.530000686645508,23.510000228881836,23.52899932861328,9003,0.0,0.0
2024-09-26 15:37:00-04:00,23.524999618530273,23.530000686645508,23.4950008392334,23.4950008392334,13014,0.0,0.0
2024-09-26 15:38:00-04:00,23.4950008392334,23.520000457763672,23.4950008392334,23.519899368286133,14869,0.0,0.0
2024-09-26 15:39:00-04:00,23.514999389648438,23.520000457763672,23.4950008392334,23.5,12199,0.0,0.0
2024-09-26 15:40:00-04:00,23.5,23.530000686645508,23.5,23.503999710083008,11879,0.0,0.0
2024-09-26 15:41:00-04:00,23.510000228881836,23.530000686645508,23.510000228881836,23.530000686645508,6439,0.0,0.0
2024-09-26 15:42:00-04:00,23.530000686645508,23.53499984741211,23.485000610351562,23.485000610351562,9845,0.0,0.0
2024-09-26 15:43:00-04:00,23.479999542236328,23.499000549316406,23.469999313354492,23.48310089111328,7742,0.0,0.0
2024-09-26 15:44:00-04:00,23.5,23.5,23.469999313354492,23.469999313354492,8545,0.0,0.0
2024-09-26 15:45:00-04:00,23.475000381469727,23.510000228881836,23.475000381469727,23.500099182128906,15723,0.0,0.0
2024-09-26 15:46:00-04:00,23.5049991607666,23.520000457763672,23.4950008392334,23.510000228881836,11129,0.0,0.0
2024-09-26 15:47:00-04:00,23.510000228881836,23.52899932861328,23.5,23.5049991607666,16657,0.0,0.0
2024-09-26 15:48:00-04:00,23.5049991607666,23.518999099731445,23.5,23.51420021057129,15132,0.0,0.0
2024-09-26 15:49:00-04:00,23.514999389648438,23.549999237060547,23.514999389648438,23.520000457763672,16950,0.0,0.0
2024-09-26 15:50:00-04:00,23.530000686645508,23.53499984741211,23.485000610351562,23.485000610351562,32651,0.0,0.0
2024-09-26 15:51:00-04:00,23.479999542236328,23.518999099731445,23.479999542236328,23.489999771118164,38165,0.0,0.0
2024-09-26 15:52:00-04:00,23.479999542236328,23.48900032043457,23.469999313354492,23.485000610351562,14924,0.0,0.0
2024-09-26 15:53:00-04:00,23.485000610351562,23.510000228881836,23.485000610351562,23.500499725341797,29579,0.0,0.0
2024-09-26 15:54:00-04:00,23.510000228881836,23.510000228881836,23.489999771118164,23.5049991607666,30705,0.0,0.0
2024-09-26 15:55:00-04:00,23.5049991607666,23.514999389648438,23.489999771118164,23.489999771118164,46184,0.0,0.0
2024-09-26 15:56:00-04:00,23.489999771118164,23.520000457763672,23.479999542236328,23.5049991607666,61796,0.0,0.0
2024-09-26 15:57:00-04:00,23.510000228881836,23.549999237060547,23.510000228881836,23.545000076293945,46071,0.0,0.0
2024-09-26 15:58:00-04:00,23.545000076293945,23.549999237060547,23.520000457763672,23.524999618530273,50865,0.0,0.0
2024-09-26 15:59:00-04:00,23.524999618530273,23.549999237060547,23.510000228881836,23.51248550415039,102895,0.0,0.0
2024-09-27 09:30:00-04:00,23.649999618530273,23.700000762939453,23.600000381469727,23.649999618530273,97964,0.0,0.0
2024-09-27 09:31:00-04:00,23.670000076293945,24.09000015258789,23.670000076293945,24.020000457763672,219823,0.0,0.0
2024-09-27 09:33:00-04:00,24.024999618530273,24.229999542236328,24.010000228881836,24.170000076293945,155482,0.0,0.0
2024-09-27 09:34:00-04:00,24.149999618530273,24.350000381469727,24.135000228881836,24.350000381469727,98992,0.0,0.0
2024-09-27 09:35:00-04:00,24.3700008392334,24.489999771118164,24.280099868774414,24.489999771118164,106362,0.0,0.0
2024-09-27 09:36:00-04:00,24.489999771118164,24.531999588012695,24.31999969482422,24.398399353027344,90657,0.0,0.0
2024-09-27 09:37:00-04:00,24.344999313354492,24.420000076293945,24.34000015258789,24.3700008392334,22241,0.0,0.0
2024-09-27 09:38:00-04:00,24.37969970703125,24.639999389648438,24.375,24.6200008392334,96580,0.0,0.0
2024-09-27 09:39:00-04:00,24.628000259399414,24.639999389648438,24.51799964904785,24.579599380493164,27660,0.0,0.0
2024-09-27 09:40:00-04:00,24.56999969482422,24.65999984741211,24.520000457763672,24.604900360107422,43767,0.0,0.0
2024-09-27 09:41:00-04:00,24.604400634765625,24.610000610351562,24.489999771118164,24.514999389648438,36592,0.0,0.0
2024-09-27 09:42:00-04:00,24.514999389648438,24.520000457763672,24.43000030517578,24.459999084472656,77013,0.0,0.0
2024-09-27 09:43:00-04:00,24.459999084472656,24.49650001525879,24.350000381469727,24.479999542236328,39365,0.0,0.0
2024-09-27 09:44:00-04:00,24.43000030517578,24.479999542236328,24.400100708007812,24.459999084472656,19986,0.0,0.0
2024-09-27 09:45:00-04:00,24.469999313354492,24.68000030517578,24.469999313354492,24.610000610351562,82616,0.0,0.0
2024-09-27 09:46:00-04:00,24.600000381469727,24.690000534057617,24.600000381469727,24.65999984741211,54284,0.0,0.0
2024-09-27 09:47:00-04:00,24.670000076293945,24.780000686645508,24.65999984741211,24.729999542236328,87317,0.0,0.0
2024-09-27 09:48:00-04:00,24.75200080871582,24.790000915527344,24.600000381469727,24.739999771118164,57564,0.0,0.0
2024-09-27 09:49:00-04:00,24.729999542236328,24.81999969482422,24.710100173950195,24.80970001220703,111347,0.0,0.0
2024-09-27 09:50:00-04:00,24.78059959411621,24.829999923706055,24.770700454711914,24.780000686645508,25295,0.0,0.0
2024-09-27 09:51:00-04:00,24.780000686645508,24.84000015258789,24.750600814819336,24.780000686645508,42945,0.0,0.0
2024-09-27 09:52:00-04:00,24.796499252319336,24.850000381469727,24.780000686645508,24.810100555419922,54906,0.0,0.0
2024-09-27 09:53:00-04:00,24.809999465942383,24.860000610351562,24.809999465942383,24.860000610351562,45125,0.0,0.0
2024-09-27 09:54:00-04:00,24.866199493408203,24.950000762939453,24.850000381469727,24.899999618530273,219057,0.0,0.0
2024-09-27 09:55:00-04:00,24.89900016784668,24.899999618530273,24.790000915527344,24.889999389648438,35644,0.0,0.0
2024-09-27 09:56:00-04:00,24.8799991607666,24.93000030517578,24.850000381469727,24.888399124145508,35346,0.0,0.0
2024-09-27 09:57:00-04:00,24.860000610351562,24.899999618530273,24.850000381469727,24.88800048828125,32671,0.0,0.0
2024-09-27 09:58:00-04:00,24.8700008392334,24.90999984741211,24.850000381469727,24.885000228881836,29991,0.0,0.0
2024-09-27 09:59:00-04:00,24.88990020751953,24.889999389648438,24.780000686645508,24.81999969482422,33673,0.0,0.0
2024-09-27 10:00:00-04:00,24.81999969482422,24.8799991607666,24.75200080871582,24.8700008392334,40088,0.0,0.0
2024-09-27 10:01:00-04:00,24.875,24.8799991607666,24.800100326538086,24.849899291992188,29564,0.0,0.0
2024-09-27 10:02:00-04:00,24.84000015258789,24.969999313354492,24.84000015258789,24.954999923706055,103083,0.0,0.0
2024-09-27 10:03:00-04:00,24.951799392700195,24.98979949951172,24.8700008392334,24.979999542236328,73955,0.0,0.0
2024-09-27 10:04:00-04:00,24.969999313354492,24.989999771118164,24.8700008392334,24.881999969482422,55011,0.0,0.0
2024-09-27 10:05:00-04:00,24.8700008392334,24.93000030517578,24.809999465942383,24.850000381469727,32947,0.0,0.0
2024-09-27 10:06:00-04:00,24.860000610351562,24.8799991607666,24.829999923706055,24.850000381469727,19464,0.0,0.0
2024-09-27 10:07:00-04:00,24.8700008392334,24.8700008392334,24.75,24.760000228881836,49751,0.0,0.0
2024-09-27 10:08:00-04:00,24.75,24.799999237060547,24.709999084472656,24.719999313354492,61522,0.0,0.0
2024-09-27 10:09:00-04:00,24.71500015258789,24.85849952697754,24.71500015258789,24.84000015258789,41080,0.0,0.0
2024-09-27 10:10:00-04:00,24.84000015258789,24.94969940185547,24.84000015258789,24.93000030517578,42599,0.0,0.0
2024-09-27 10:11:00-04:00,24.920000076293945,24.93000030517578,24.854900360107422,24.90999984741211,17156,0.0,0.0
2024-09-27 10:12:00-04:00,24.890199661254883,24.93000030517578,24.889999389648438,24.905000686645508,18968,0.0,0.0
2024-09-27 10:13:00-04:00,24.889999389648438,24.895000457763672,24.719999313354492,24.760000228881836,29218,0.0,0.0
2024-09-27 10:14:00-04:00,24.764999389648438,24.77989959716797,24.729999542236328,24.770000457763672,24512,0.0,0.0
2024-09-27 10:15:00-04:00,24.809999465942383,24.852100372314453,24.790000915527344,24.790000915527344,18920,0.0,0.0
2024-09-27 10:16:00-04:00,24.790000915527344,24.790000915527344,24.709999084472656,24.729999542236328,20152,0.0,0.0
2024-09-27 10:17:00-04:00,24.725000381469727,24.780000686645508,24.709999084472656,24.739999771118164,7540,0.0,0.0
2024-09-27 10:18:00-04:00,24.709999084472656,24.739999771118164,24.709999084472656,24.719999313354492,23290,0.0,0.0
2024-09-27 10:19:00-04:00,24.700000762939453,24.739999771118164,24.545000076293945,24.619300842285156,54778,0.0,0.0
2024-09-27 10:20:00-04:00,24.6200008392334,24.707500457763672,24.6200008392334,24.700000762939453,21188,0.0,0.0
2024-09-27 10:21:00-04:00,24.70400047302246,24.770000457763672,24.674999237060547,24.760000228881836,12715,0.0,0.0
2024-09-27 10:22:00-04:00,24.75,24.780000686645508,24.700000762939453,24.71500015258789,41726,0.0,0.0
2024-09-27 10:23:00-04:00,24.709999084472656,24.770000457763672,24.690000534057617,24.725000381469727,14436,0.0,0.0
2024-09-27 10:24:00-04:00,24.729999542236328,24.799999237060547,24.7101993560791,24.795000076293945,21411,0.0,0.0
2024-09-27 10:25:00-04:00,24.80500030517578,24.80500030517578,24.655000686645508,24.65999984741211,16782,0.0,0.0
2024-09-27 10:26:00-04:00,24.65999984741211,24.679899215698242,24.639999389648438,24.670000076293945,12068,0.0,0.0
2024-09-27 10:27:00-04:00,24.655000686645508,24.700000762939453,24.6299991607666,24.639999389648438,30814,0.0,0.0
2024-09-27 10:28:00-04:00,24.649900436401367,24.65999984741211,24.600000381469727,24.639999389648438,45357,0.0,0.0
2024-09-27 10:29:00-04:00,24.649999618530273,24.649999618530273,24.545000076293945,24.614999771118164,57826,0.0,0.0
2024-09-27 10:30:00-04:00,24.600099563598633,24.649999618530273,24.588199615478516,24.588199615478516,17307,0.0,0.0
2024-09-27 10:31:00-04:00,24.59000015258789,24.670000076293945,24.59000015258789,24.604999542236328,12001,0.0,0.0
2024-09-27 10:32:00-04:00,24.6200008392334,24.655000686645508,24.6200008392334,24.6200008392334,12194,0.0,0.0
2024-09-27 10:33:00-04:00,24.6299991607666,24.670000076293945,24.6200008392334,24.63050079345703,6063,0.0,0.0
2024-09-27 10:34:00-04:00,24.639999389648438,24.68630027770996,24.6299991607666,24.674999237060547,15248,0.0,0.0
2024-09-27 10:35:00-04:00,24.68000030517578,24.75,24.670000076293945,24.735000610351562,24505,0.0,0.0
2024-09-27 10:36:00-04:00,24.735000610351562,24.760000228881836,24.729999542236328,24.75,9638,0.0,0.0
2024-09-27 10:37:00-04:00,24.75,24.7549991607666,24.729999542236328,24.736900329589844,4145,0.0,0.0
2024-09-27 10:38:00-04:00,24.729999542236328,24.809999465942383,24.729999542236328,24.799999237060547,11914,0.0,0.0
2024-09-27 10:39:00-04:00,24.799999237060547,24.868499755859375,24.79050064086914,24.867000579833984,19531,0.0,0.0
2024-09-27 10:40:00-04:00,24.854999542236328,24.93000030517578,24.850000381469727,24.920000076293945,40882,0.0,0.0
2024-09-27 10:41:00-04:00,24.927099227905273,24.93000030517578,24.8799991607666,24.8799991607666,26588,0.0,0.0
2024-09-27 10:42:00-04:00,24.873300552368164,24.93000030517578,24.871999740600586,24.93000030517578,21299,0.0,0.0
2024-09-27 10:43:00-04:00,24.93000030517578,24.959999084472656,24.840499877929688,24.857999801635742,71410,0.0,0.0
2024-09-27 10:44:00-04:00,24.859500885009766,24.90999984741211,24.84000015258789,24.889999389648438,8069,0.0,0.0
2024-09-27 10:45:00-04:00,24.8799991607666,24.920000076293945,24.875,24.920000076293945,5820,0.0,0.0
2024-09-27 10:46:00-04:00,24.949899673461914,24.959999084472656,24.89150047302246,24.920000076293945,8229,0.0,0.0
2024-09-27 10:47:00-04:00,24.918500900268555,24.950000762939453,24.899999618530273,24.920000076293945,6476,0.0,0.0
2024-09-27 10:48:00-04:00,24.920000076293945,24.93950080871582,24.90999984741211,24.93000030517578,8694,0.0,0.0
2024-09-27 10:49:00-04:00,24.920000076293945,24.920000076293945,24.84000015258789,24.860000610351562,24735,0.0,0.0
2024-09-27 10:50:00-04:00,24.88050079345703,24.899999618530273,24.860000610351562,24.899999618530273,9950,0.0,0.0
2024-09-27 10:51:00-04:00,24.895000457763672,24.899999618530273,24.885000228881836,24.885000228881836,2040,0.0,0.0
2024-09-27 10:53:00-04:00,24.969999313354492,24.979900360107422,24.967500686645508,24.969999313354492,120192,0.0,0.0
2024-09-27 10:54:00-04:00,24.969999313354492,24.979999542236328,24.899999618530273,24.90690040588379,20923,0.0,0.0
2024-09-27 10:55:00-04:00,24.889999389648438,24.889999389648438,24.81999969482422,24.829999923706055,11382,0.0,0.0
2024-09-27 10:56:00-04:00,24.820100784301758,24.850000381469727,24.809999465942383,24.81999969482422,26130,0.0,0.0
2024-09-27 10:57:00-04:00,24.809999465942383,24.809999465942383,24.78499984741211,24.799999237060547,10231,0.0,0.0
2024-09-27 10:58:00-04:00,24.81999969482422,24.84000015258789,24.8174991607666,24.84000015258789,9344,0.0,0.0
2024-09-27 10:59:00-04:00,24.84000015258789,24.850000381469727,24.770000457763672,24.809999465942383,28474,0.0,0.0
2024-09-27 11:00:00-04:00,24.816200256347656,24.81999969482422,24.790000915527344,24.790000915527344,11623,0.0,0.0
2024-09-27 11:01:00-04:00,24.790000915527344,24.790000915527344,24.649999618530273,24.65999984741211,21439,0.0,0.0
2024-09-27 11:02:00-04:00,24.670000076293945,24.719900131225586,24.649999618530273,24.697999954223633,11756,0.0,0.0
2024-09-27 11:03:00-04:00,24.690000534057617,24.719999313354492,24.68000030517578,24.690000534057617,4388,0.0,0.0
2024-09-27 11:04:00-04:00,24.68000030517578,24.699899673461914,24.6299991607666,24.6299991607666,10984,0.0,0.0
2024-09-27 11:05:00-04:00,24.649999618530273,24.670000076293945,24.639999389648438,24.639999389648438,7321,0.0,0.0
2024-09-27 11:06:00-04:00,24.6299991607666,24.65999984741211,24.6299991607666,24.6299991607666,6492,0.0,0.0
2024-09-27 11:07:00-04:00,24.6299991607666,24.739999771118164,24.6299991607666,24.690000534057617,17749,0.0,0.0
2024-09-27 11:08:00-04:00,24.68000030517578,24.729999542236328,24.670000076293945,24.729999542236328,8493,0.0,0.0
2024-09-27 11:09:00-04:00,24.75,24.769899368286133,24.75,24.769899368286133,3899,0.0,0.0
2024-09-27 11:10:00-04:00,24.739999771118164,24.75,24.700000762939453,24.709999084472656,7717,0.0,0.0
2024-09-27 11:11:00-04:00,24.700000762939453,24.760000228881836,24.690000534057617,24.75340461730957,24875,0.0,0.0
2024-09-27 11:12:00-04:00,24.760000228881836,24.780000686645508,24.760000228881836,24.770000457763672,8669,0.0,0.0
2024-09-27 11:13:00-04:00,24.760000228881836,24.829999923706055,24.7450008392334,24.829999923706055,22456,0.0,0.0
2024-09-27 11:14:00-04:00,24.829999923706055,24.83989906311035,24.809999465942383,24.825000762939453,5612,0.0,0.0
2024-09-27 11:15:00-04:00,24.84000015258789,24.8700008392334,24.829999923706055,24.860000610351562,16257,0.0,0.0
2024-09-27 11:16:00-04:00,24.860000610351562,24.920000076293945,24.850000381469727,24.901500701904297,16460,0.0,0.0
2024-09-27 11:17:00-04:00,24.909900665283203,24.939699172973633,24.909900665283203,24.90999984741211,15554,0.0,0.0
2024-09-27 11:18:00-04:00,24.880199432373047,24.889999389648438,24.84000015258789,24.84000015258789,8919,0.0,0.0
2024-09-27 11:19:00-04:00,24.859899520874023,24.899900436401367,24.843799591064453,24.889999389648438,7219,0.0,0.0
2024-09-27 11:20:00-04:00,24.889999389648438,24.899999618530273,24.85849952697754,24.864999771118164,21753,0.0,0.0
2024-09-27 11:21:00-04:00,24.854999542236328,24.889999389648438,24.850000381469727,24.889999389648438,5336,0.0,0.0
2024-09-27 11:22:00-04:00,24.872100830078125,24.899999618530273,24.860000610351562,24.899999618530273,11273,0.0,0.0
2024-09-27 11:23:00-04:00,24.89889907836914,24.899999618530273,24.8700008392334,24.870500564575195,5429,0.0,0.0
2024-09-27 11:24:00-04:00,24.8700008392334,24.8700008392334,24.84000015258789,24.850000381469727,16396,0.0,0.0
2024-09-27 11:25:00-04:00,24.840099334716797,24.8799991607666,24.840099334716797,24.87849998474121,8412,0.0,0.0
2024-09-27 11:26:00-04:00,24.8799991607666,24.889999389648438,24.850000381469727,24.8700008392334,5409,0.0,0.0
2024-09-27 11:27:00-04:00,24.8700008392334,24.8799991607666,24.860000610351562,24.8799991607666,2125,0.0,0.0
2024-09-27 11:28:00-04:00,24.8799991607666,24.920000076293945,24.8700008392334,24.920000076293945,9180,0.0,0.0
2024-09-27 11:29:00-04:00,24.920000076293945,24.93000030517578,24.890100479125977,24.890499114990234,8580,0.0,0.0
2024-09-27 11:30:00-04:00,24.899999618530273,24.899999618530273,24.84000015258789,24.84000015258789,9193,0.0,0.0
2024-09-27 11:31:00-04:00,24.850000381469727,24.8700008392334,24.75,24.829999923706055,167909,0.0,0.0
2024-09-27 11:32:00-04:00,24.829999923706055,24.8700008392334,24.829999923706055,24.860000610351562,4158,0.0,0.0
2024-09-27 11:33:00-04:00,24.860000610351562,24.860000610351562,24.75,24.759899139404297,39386,0.0,0.0
2024-09-27 11:34:00-04:00,24.760000228881836,24.770000457763672,24.68000030517578,24.739999771118164,13699,0.0,0.0
2024-09-27 11:35:00-04:00,24.75,24.760000228881836,24.690000534057617,24.709999084472656,5227,0.0,0.0
2024-09-27 11:36:00-04:00,24.719999313354492,24.719999313354492,24.709999084472656,24.71500015258789,4642,0.0,0.0
2024-09-27 11:37:00-04:00,24.72010040283203,24.760000228881836,24.690000534057617,24.710899353027344,13943,0.0,0.0
2024-09-27 11:38:00-04:00,24.691999435424805,24.719999313354492,24.691999435424805,24.700000762939453,1910,0.0,0.0
2024-09-27 11:39:00-04:00,24.719999313354492,24.75,24.719999313354492,24.739999771118164,4666,0.0,0.0
2024-09-27 11:40:00-04:00,24.739999771118164,24.7450008392334,24.729999542236328,24.7450008392334,2402,0.0,0.0
2024-09-27 11:41:00-04:00,24.729999542236328,24.77989959716797,24.729999542236328,24.77989959716797,3569,0.0,0.0
2024-09-27 11:42:00-04:00,24.790000915527344,24.799999237060547,24.770000457763672,24.790000915527344,3095,0.0,0.0
2024-09-27 11:43:00-04:00,24.81999969482422,24.81999969482422,24.73900032043457,24.73900032043457,5804,0.0,0.0
2024-09-27 11:44:00-04:00,24.74489974975586,24.74489974975586,24.729999542236328,24.730300903320312,2456,0.0,0.0
2024-09-27 11:45:00-04:00,24.75,24.780000686645508,24.739999771118164,24.780000686645508,5199,0.0,0.0
2024-09-27 11:46:00-04:00,24.790000915527344,24.795000076293945,24.780000686645508,24.795000076293945,1954,0.0,0.0
2024-09-27 11:47:00-04:00,24.79990005493164,24.809999465942383,24.78019905090332,24.802000045776367,4382,0.0,0.0
2024-09-27 11:48:00-04:00,24.799999237060547,24.81999969482422,24.799999237060547,24.81999969482422,2337,0.0,0.0
2024-09-27 11:49:00-04:00,24.81999969482422,24.8700008392334,24.81999969482422,24.844999313354492,13068,0.0,0.0
2024-09-27 11:50:00-04:00,24.850000381469727,24.8799991607666,24.844999313354492,24.8799991607666,4554,0.0,0.0
2024-09-27 11:51:00-04:00,24.8799991607666,24.924999237060547,24.8700008392334,24.910200119018555,12101,0.0,0.0
2024-09-27 11:52:00-04:00,24.92690086364746,24.92690086364746,24.920000076293945,24.920000076293945,1410,0.0,0.0
2024-09-27 11:53:00-04:00,24.91010093688965,24.940000534057617,24.8700008392334,24.8799991607666,13667,0.0,0.0
2024-09-27 11:54:00-04:00,24.878000259399414,24.937999725341797,24.8700008392334,24.934999465942383,9133,0.0,0.0
2024-09-27 11:55:00-04:00,24.940000534057617,24.947200775146484,24.93000030517578,24.940000534057617,6010,0.0,0.0
2024-09-27 11:56:00-04:00,24.93899917602539,24.959999084472656,24.93000030517578,24.950000762939453,12833,0.0,0.0
2024-09-27 11:57:00-04:00,24.950000762939453,24.950000762939453,24.920000076293945,24.940000534057617,7914,0.0,0.0
2024-09-27 11:58:00-04:00,24.93090057373047,24.94499969482422,24.920000076293945,24.920000076293945,4076,0.0,0.0
2024-09-27 11:59:00-04:00,24.940000534057617,24.940000534057617,24.87019920349121,24.889999389648438,7972,0.0,0.0
2024-09-27 12:00:00-04:00,24.899999618530273,24.920000076293945,24.899999618530273,24.920000076293945,2513,0.0,0.0
2024-09-27 12:01:00-04:00,24.920000076293945,24.920000076293945,24.90999984741211,24.917699813842773,1697,0.0,0.0
2024-09-27 12:02:00-04:00,24.920000076293945,24.950000762939453,24.920000076293945,24.930999755859375,5904,0.0,0.0
2024-09-27 12:03:00-04:00,24.93000030517578,24.940000534057617,24.93000030517578,24.940000534057617,2699,0.0,0.0
2024-09-27 12:04:00-04:00,24.940000534057617,24.96500015258789,24.93000030517578,24.96500015258789,11882,0.0,0.0
2024-09-27 12:05:00-04:00,24.95009994506836,24.959999084472656,24.950000762939453,24.959999084472656,6034,0.0,0.0
2024-09-27 12:06:00-04:00,24.959999084472656,24.979999542236328,24.959999084472656,24.974300384521484,7511,0.0,0.0
2024-09-27 12:07:00-04:00,24.979999542236328,24.989999771118164,24.969999313354492,24.97010040283203,8386,0.0,0.0
2024-09-27 12:08:00-04:00,24.988000869750977,25.1299991607666,24.979999542236328,25.049999237060547,302370,0.0,0.0
2024-09-27 12:09:00-04:00,25.049999237060547,25.069799423217773,25.020000457763672,25.05419921875,15526,0.0,0.0
2024-09-27 12:10:00-04:00,25.049999237060547,25.110000610351562,25.030099868774414,25.099700927734375,18925,0.0,0.0
2024-09-27 12:11:00-04:00,25.09000015258789,25.119300842285156,25.06999969482422,25.116600036621094,21188,0.0,0.0
2024-09-27 12:12:00-04:00,25.110000610351562,25.110000610351562,25.020000457763672,25.020000457763672,19440,0.0,0.0
2024-09-27 12:13:00-04:00,25.024999618530273,25.030000686645508,24.959999084472656,25.010499954223633,11949,0.0,0.0
2024-09-27 12:14:00-04:00,25.0,25.020000457763672,25.0,25.010000228881836,15306,0.0,0.0
2024-09-27 12:15:00-04:00,25.01689910888672,25.030000686645508,25.013200759887695,25.014999389648438,5266,0.0,0.0
2024-09-27 12:16:00-04:00,25.010000228881836,25.030000686645508,25.000099182128906,25.02989959716797,4855,0.0,0.0
2024-09-27 12:17:00-04:00,25.010099411010742,25.040000915527344,24.959999084472656,24.960599899291992,14008,0.0,0.0
2024-09-27 12:18:00-04:00,24.959999084472656,25.007999420166016,24.959999084472656,24.989999771118164,6066,0.0,0.0
2024-09-27 12:19:00-04:00,24.979999542236328,24.979999542236328,24.940000534057617,24.959999084472656,7114,0.0,0.0
2024-09-27 12:20:00-04:00,24.959999084472656,24.985000610351562,24.954999923706055,24.979900360107422,8290,0.0,0.0
2024-09-27 12:21:00-04:00,24.979999542236328,24.979999542236328,24.920000076293945,24.920000076293945,13209,0.0,0.0
2024-09-27 12:22:00-04:00,24.920000076293945,24.920000076293945,24.860000610351562,24.899999618530273,15915,0.0,0.0
2024-09-27 12:23:00-04:00,24.899999618530273,24.899999618530273,24.84000015258789,24.844999313354492,6073,0.0,0.0
2024-09-27 12:24:00-04:00,24.840299606323242,24.864999771118164,24.840099334716797,24.864999771118164,5186,0.0,0.0
2024-09-27 12:25:00-04:00,24.875600814819336,24.8799991607666,24.850000381469727,24.850500106811523,3966,0.0,0.0
2024-09-27 12:26:00-04:00,24.860000610351562,24.860000610351562,24.850000381469727,24.860000610351562,3538,0.0,0.0
2024-09-27 12:27:00-04:00,24.8700008392334,24.905000686645508,24.850000381469727,24.860000610351562,12134,0.0,0.0
2024-09-27 12:28:00-04:00,24.864999771118164,24.889999389648438,24.850000381469727,24.850000381469727,8694,0.0,0.0
2024-09-27 12:29:00-04:00,24.850000381469727,24.8700008392334,24.829999923706055,24.860000610351562,23872,0.0,0.0
2024-09-27 12:30:00-04:00,24.865400314331055,24.90999984741211,24.865400314331055,24.889999389648438,9002,0.0,0.0
2024-09-27 12:31:00-04:00,24.8799991607666,24.90999984741211,24.8700008392334,24.899999618530273,7171,0.0,0.0
2024-09-27 12:32:00-04:00,24.889999389648438,24.899900436401367,24.889999389648438,24.899900436401367,2323,0.0,0.0
2024-09-27 12:33:00-04:00,24.88010025024414,24.950000762939453,24.8799991607666,24.950000762939453,20304,0.0,0.0
2024-09-27 12:34:00-04:00,24.94849967956543,24.94849967956543,24.90999984741211,24.915000915527344,5508,0.0,0.0
2024-09-27 12:35:00-04:00,24.920000076293945,24.93000030517578,24.920000076293945,24.924999237060547,4506,0.0,0.0
2024-09-27 12:36:00-04:00,24.920000076293945,24.920000076293945,24.875,24.895000457763672,7014,0.0,0.0
2024-09-27 12:37:00-04:00,24.899999618530273,24.920000076293945,24.899999618530273,24.920000076293945,5879,0.0,0.0
2024-09-27 12:38:00-04:00,24.920000076293945,24.93000030517578,24.889999389648438,24.910499572753906,10084,0.0,0.0
2024-09-27 12:39:00-04:00,24.920000076293945,24.920000076293945,24.889999389648438,24.895000457763672,7249,0.0,0.0
2024-09-27 12:40:00-04:00,24.889999389648438,24.920000076293945,24.889999389648438,24.920000076293945,3929,0.0,0.0
2024-09-27 12:41:00-04:00,24.920000076293945,24.920000076293945,24.899999618530273,24.899999618530273,2622,0.0,0.0
2024-09-27 12:42:00-04:00,24.895000457763672,24.898700714111328,24.842100143432617,24.842100143432617,9875,0.0,0.0
2024-09-27 12:43:00-04:00,24.844999313354492,24.889999389648438,24.841100692749023,24.8700008392334,24211,0.0,0.0
2024-09-27 12:44:00-04:00,24.8700008392334,24.90999984741211,24.858600616455078,24.890499114990234,6366,0.0,0.0
2024-09-27 12:45:00-04:00,24.909000396728516,24.909000396728516,24.8700008392334,24.8799991607666,4469,0.0,0.0
2024-09-27 12:46:00-04:00,24.90999984741211,24.90999984741211,24.889999389648438,24.890100479125977,8193,0.0,0.0
2024-09-27 12:47:00-04:00,24.889999389648438,24.889999389648438,24.866300582885742,24.889999389648438,3038,0.0,0.0
2024-09-27 12:48:00-04:00,24.889999389648438,24.90999984741211,24.889999389648438,24.909700393676758,13287,0.0,0.0
2024-09-27 12:49:00-04:00,24.9060001373291,24.90999984741211,24.885000228881836,24.90999984741211,15089,0.0,0.0
2024-09-27 12:50:00-04:00,24.93000030517578,24.93000030517578,24.920000076293945,24.920000076293945,4433,0.0,0.0
2024-09-27 12:51:00-04:00,24.90999984741211,24.920000076293945,24.889999389648438,24.90999984741211,5649,0.0,0.0
2024-09-27 12:52:00-04:00,24.90999984741211,24.920000076293945,24.899999618530273,24.920000076293945,5575,0.0,0.0
2024-09-27 12:53:00-04:00,24.910200119018555,24.93000030517578,24.910200119018555,24.924999237060547,9745,0.0,0.0
2024-09-27 12:54:00-04:00,24.91990089416504,24.920000076293945,24.905000686645508,24.905000686645508,4750,0.0,0.0
2024-09-27 12:55:00-04:00,24.905000686645508,24.91900062561035,24.899999618530273,24.915000915527344,3943,0.0,0.0
2024-09-27 12:56:00-04:00,24.915000915527344,24.915000915527344,24.860000610351562,24.860000610351562,4662,0.0,0.0
2024-09-27 12:57:00-04:00,24.854999542236328,24.8700008392334,24.760000228881836,24.790000915527344,40304,0.0,0.0
2024-09-27 12:58:00-04:00,24.780000686645508,24.790000915527344,24.760000228881836,24.76020050048828,12423,0.0,0.0
2024-09-27 12:59:00-04:00,24.760000228881836,24.790000915527344,24.729999542236328,24.770000457763672,9615,0.0,0.0
2024-09-27 13:00:00-04:00,24.764999389648438,24.780000686645508,24.764999389648438,24.77359962463379,2392,0.0,0.0
2024-09-27 13:01:00-04:00,24.760499954223633,24.775699615478516,24.737499237060547,24.737499237060547,6976,0.0,0.0
2024-09-27 13:02:00-04:00,24.7450008392334,24.75200080871582,24.725000381469727,24.725000381469727,2807,0.0,0.0
2024-09-27 13:03:00-04:00,24.729999542236328,24.75659942626953,24.729999542236328,24.75,4018,0.0,0.0
2024-09-27 13:04:00-04:00,24.75,24.75,24.729999542236328,24.729999542236328,2428,0.0,0.0
2024-09-27 13:05:00-04:00,24.739999771118164,24.739999771118164,24.690000534057617,24.719999313354492,10981,0.0,0.0
2024-09-27 13:06:00-04:00,24.709999084472656,24.709999084472656,24.670000076293945,24.670000076293945,12470,0.0,0.0
2024-09-27 13:07:00-04:00,24.673599243164062,24.729999542236328,24.673599243164062,24.719999313354492,7008,0.0,0.0
2024-09-27 13:08:00-04:00,24.709999084472656,24.709999084472656,24.6200008392334,24.6200008392334,6591,0.0,0.0
2024-09-27 13:09:00-04:00,24.625,24.63479995727539,24.610000610351562,24.610000610351562,3095,0.0,0.0
2024-09-27 13:10:00-04:00,24.639999389648438,24.639999389648438,24.56999969482422,24.600000381469727,23810,0.0,0.0
2024-09-27 13:11:00-04:00,24.610000610351562,24.614999771118164,24.600200653076172,24.610000610351562,4942,0.0,0.0
2024-09-27 13:12:00-04:00,24.60260009765625,24.649999618530273,24.600000381469727,24.649999618530273,9418,0.0,0.0
2024-09-27 13:13:00-04:00,24.6299991607666,24.63990020751953,24.6299991607666,24.63920021057129,5567,0.0,0.0
2024-09-27 13:14:00-04:00,24.629899978637695,24.645000457763672,24.6200008392334,24.639999389648438,10531,0.0,0.0
2024-09-27 13:15:00-04:00,24.639999389648438,24.670000076293945,24.610000610351562,24.610000610351562,10800,0.0,0.0
2024-09-27 13:16:00-04:00,24.600000381469727,24.6299991607666,24.600000381469727,24.610000610351562,8977,0.0,0.0
2024-09-27 13:17:00-04:00,24.600000381469727,24.600000381469727,24.559999465942383,24.600000381469727,7083,0.0,0.0
2024-09-27 13:18:00-04:00,24.609500885009766,24.6200008392334,24.5846004486084,24.6200008392334,4847,0.0,0.0
2024-09-27 13:19:00-04:00,24.610000610351562,24.6200008392334,24.610000610351562,24.610000610351562,2372,0.0,0.0
2024-09-27 13:20:00-04:00,24.610000610351562,24.610000610351562,24.594999313354492,24.594999313354492,1879,0.0,0.0
2024-09-27 13:21:00-04:00,24.579999923706055,24.579999923706055,24.540000915527344,24.549999237060547,9942,0.0,0.0
2024-09-27 13:22:00-04:00,24.549999237060547,24.549999237060547,24.420000076293945,24.43000030517578,47230,0.0,0.0
2024-09-27 13:23:00-04:00,24.440000534057617,24.440000534057617,24.329999923706055,24.360000610351562,38714,0.0,0.0
2024-09-27 13:24:00-04:00,24.331499099731445,24.385000228881836,24.331499099731445,24.3700008392334,13305,0.0,0.0
2024-09-27 13:25:00-04:00,24.385000228881836,24.399999618530273,24.3700008392334,24.389999389648438,5162,0.0,0.0
2024-09-27 13:26:00-04:00,24.389999389648438,24.43000030517578,24.3700008392334,24.3700008392334,21105,0.0,0.0
2024-09-27 13:27:00-04:00,24.3700008392334,24.3700008392334,24.329999923706055,24.34000015258789,1549,0.0,0.0
2024-09-27 13:28:00-04:00,24.3302001953125,24.389999389648438,24.3302001953125,24.3799991607666,6098,0.0,0.0
2024-09-27 13:29:00-04:00,24.350000381469727,24.354000091552734,24.329999923706055,24.329999923706055,2858,0.0,0.0
2024-09-27 13:30:00-04:00,24.350000381469727,24.361299514770508,24.33009910583496,24.360000610351562,6688,0.0,0.0
2024-09-27 13:31:00-04:00,24.350000381469727,24.3799991607666,24.350000381469727,24.3799991607666,17595,0.0,0.0
2024-09-27 13:32:00-04:00,24.360000610351562,24.40999984741211,24.360000610351562,24.3799991607666,7604,0.0,0.0
2024-09-27 13:33:00-04:00,24.379499435424805,24.3799991607666,24.360000610351562,24.37150001525879,8830,0.0,0.0
2024-09-27 13:34:00-04:00,24.364999771118164,24.399999618530273,24.364999771118164,24.375,3567,0.0,0.0
2024-09-27 13:35:00-04:00,24.3700008392334,24.3700008392334,24.350000381469727,24.350000381469727,6212,0.0,0.0
2024-09-27 13:36:00-04:00,24.31999969482422,24.31999969482422,24.306076049804688,24.311199188232422,2818,0.0,0.0
2024-09-27 13:37:00-04:00,24.308300018310547,24.308300018310547,24.219999313354492,24.260000228881836,18299,0.0,0.0
2024-09-27 13:38:00-04:00,24.239999771118164,24.260000228881836,24.2052001953125,24.259700775146484,15212,0.0,0.0
2024-09-27 13:39:00-04:00,24.229999542236328,24.25,24.229999542236328,24.239999771118164,3373,0.0,0.0
2024-09-27 13:40:00-04:00,24.23349952697754,24.239999771118164,24.184499740600586,24.229999542236328,23080,0.0,0.0
2024-09-27 13:41:00-04:00,24.238000869750977,24.25,24.229999542236328,24.229999542236328,1633,0.0,0.0
2024-09-27 13:42:00-04:00,24.219999313354492,24.219999313354492,24.200000762939453,24.21500015258789,4528,0.0,0.0
2024-09-27 13:43:00-04:00,24.229999542236328,24.229999542236328,24.18000030517578,24.190000534057617,4163,0.0,0.0
2024-09-27 13:44:00-04:00,24.192699432373047,24.260000228881836,24.192699432373047,24.25589942932129,8526,0.0,0.0
2024-09-27 13:45:00-04:00,24.280000686645508,24.280000686645508,24.219999313354492,24.219999313354492,13506,0.0,0.0
2024-09-27 13:46:00-04:00,24.229000091552734,24.22949981689453,24.190000534057617,24.19499969482422,9608,0.0,0.0
2024-09-27 13:47:00-04:00,24.190000534057617,24.245899200439453,24.18000030517578,24.235000610351562,11150,0.0,0.0
2024-09-27 13:48:00-04:00,24.229999542236328,24.239999771118164,24.18000030517578,24.22949981689453,9697,0.0,0.0
2024-09-27 13:49:00-04:00,24.229999542236328,24.260000228881836,24.229900360107422,24.25,10541,0.0,0.0
2024-09-27 13:50:00-04:00,24.270000457763672,24.299999237060547,24.260000228881836,24.299999237060547,4305,0.0,0.0
2024-09-27 13:51:00-04:00,24.299999237060547,24.31999969482422,24.270099639892578,24.31999969482422,14240,0.0,0.0
2024-09-27 13:52:00-04:00,24.34000015258789,24.3700008392334,24.34000015258789,24.3700008392334,11578,0.0,0.0
2024-09-27 13:53:00-04:00,24.368999481201172,24.399999618530273,24.360000610351562,24.360000610351562,15055,0.0,0.0
2024-09-27 13:54:00-04:00,24.36989974975586,24.429800033569336,24.350000381469727,24.420000076293945,9169,0.0,0.0
2024-09-27 13:55:00-04:00,24.406999588012695,24.42799949645996,24.406999588012695,24.420000076293945,7232,0.0,0.0
2024-09-27 13:56:00-04:00,24.415000915527344,24.440000534057617,24.3799991607666,24.40999984741211,14151,0.0,0.0
2024-09-27 13:57:00-04:00,24.399999618530273,24.420000076293945,24.399999618530273,24.415000915527344,4004,0.0,0.0
2024-09-27 13:58:00-04:00,24.420000076293945,24.440000534057617,24.415000915527344,24.431699752807617,2955,0.0,0.0
2024-09-27 13:59:00-04:00,24.420499801635742,24.47249984741211,24.420499801635742,24.469999313354492,12032,0.0,0.0
2024-09-27 14:00:00-04:00,24.479999542236328,24.479999542236328,24.450000762939453,24.45949935913086,11324,0.0,0.0
2024-09-27 14:01:00-04:00,24.459999084472656,24.475000381469727,24.399999618530273,24.40999984741211,14059,0.0,0.0
2024-09-27 14:02:00-04:00,24.43790054321289,24.450000762939453,24.425399780273438,24.425399780273438,2323,0.0,0.0
2024-09-27 14:03:00-04:00,24.43000030517578,24.431900024414062,24.415000915527344,24.415000915527344,3536,0.0,0.0
2024-09-27 14:04:00-04:00,24.40999984741211,24.439800262451172,24.389999389648438,24.439800262451172,4119,0.0,0.0
2024-09-27 14:05:00-04:00,24.440000534057617,24.440000534057617,24.40999984741211,24.43000030517578,5112,0.0,0.0
2024-09-27 14:06:00-04:00,24.440000534057617,24.450000762939453,24.43000030517578,24.440000534057617,2743,0.0,0.0
2024-09-27 14:07:00-04:00,24.424999237060547,24.459999084472656,24.40999984741211,24.420000076293945,16773,0.0,0.0
2024-09-27 14:08:00-04:00,24.40999984741211,24.440000534057617,24.399999618530273,24.43000030517578,9746,0.0,0.0
2024-09-27 14:09:00-04:00,24.420000076293945,24.450000762939453,24.40999984741211,24.449899673461914,2266,0.0,0.0
2024-09-27 14:10:00-04:00,24.450000762939453,24.450000762939453,24.40019989013672,24.440000534057617,10283,0.0,0.0
2024-09-27 14:11:00-04:00,24.440000534057617,24.450000762939453,24.434999465942383,24.440000534057617,4258,0.0,0.0
2024-09-27 14:12:00-04:00,24.440000534057617,24.469999313354492,24.440000534057617,24.440000534057617,6817,0.0,0.0
2024-09-27 14:13:00-04:00,24.45439910888672,24.469999313354492,24.43000030517578,24.43000030517578,6039,0.0,0.0
2024-09-27 14:14:00-04:00,24.43000030517578,24.440000534057617,24.43000030517578,24.43000030517578,1307,0.0,0.0
2024-09-27 14:15:00-04:00,24.440000534057617,24.440000534057617,24.434999465942383,24.434999465942383,1220,0.0,0.0
2024-09-27 14:16:00-04:00,24.434999465942383,24.450000762939453,24.434999465942383,24.44499969482422,4976,0.0,0.0
2024-09-27 14:17:00-04:00,24.450000762939453,24.46380043029785,24.40999984741211,24.420000076293945,6063,0.0,0.0
2024-09-27 14:18:00-04:00,24.40999984741211,24.420000076293945,24.399999618530273,24.4148006439209,7336,0.0,0.0
2024-09-27 14:19:00-04:00,24.40999984741211,24.40999984741211,24.40999984741211,24.40999984741211,1885,0.0,0.0
2024-09-27 14:20:00-04:00,24.420000076293945,24.43000030517578,24.420000076293945,24.43000030517578,1587,0.0,0.0
2024-09-27 14:21:00-04:00,24.436100006103516,24.438199996948242,24.434999465942383,24.434999465942383,1833,0.0,0.0
2024-09-27 14:22:00-04:00,24.440000534057617,24.450000762939453,24.3700008392334,24.389999389648438,11069,0.0,0.0
2024-09-27 14:23:00-04:00,24.389999389648438,24.399999618530273,24.389999389648438,24.389999389648438,754,0.0,0.0
2024-09-27 14:24:00-04:00,24.399999618530273,24.40999984741211,24.3799991607666,24.3799991607666,5054,0.0,0.0
2024-09-27 14:25:00-04:00,24.3799991607666,24.3799991607666,24.350000381469727,24.354999542236328,11437,0.0,0.0
2024-09-27 14:26:00-04:00,24.350000381469727,24.350000381469727,24.309999465942383,24.309999465942383,2301,0.0,0.0
2024-09-27 14:27:00-04:00,24.31999969482422,24.33989906311035,24.299999237060547,24.31999969482422,13055,0.0,0.0
2024-09-27 14:28:00-04:00,24.309999465942383,24.31999969482422,24.260000228881836,24.27199935913086,16076,0.0,0.0
2024-09-27 14:29:00-04:00,24.270000457763672,24.299999237060547,24.270000457763672,24.290000915527344,5020,0.0,0.0
2024-09-27 14:30:00-04:00,24.280000686645508,24.280000686645508,24.240100860595703,24.25950050354004,7396,0.0,0.0
2024-09-27 14:31:00-04:00,24.259899139404297,24.259899139404297,24.200000762939453,24.229999542236328,11598,0.0,0.0
2024-09-27 14:32:00-04:00,24.239999771118164,24.270000457763672,24.239999771118164,24.270000457763672,12232,0.0,0.0
2024-09-27 14:33:00-04:00,24.274999618530273,24.27989959716797,24.25,24.260000228881836,4872,0.0,0.0
2024-09-27 14:34:00-04:00,24.2549991607666,24.270000457763672,24.239999771118164,24.239999771118164,9997,0.0,0.0
2024-09-27 14:35:00-04:00,24.235000610351562,24.260000228881836,24.229999542236328,24.260000228881836,6098,0.0,0.0
2024-09-27 14:36:00-04:00,24.260000228881836,24.270000457763672,24.25,24.25,4977,0.0,0.0
2024-09-27 14:37:00-04:00,24.260000228881836,24.270000457763672,24.229999542236328,24.270000457763672,10727,0.0,0.0
2024-09-27 14:38:00-04:00,24.270000457763672,24.290000915527344,24.229999542236328,24.280000686645508,7686,0.0,0.0
2024-09-27 14:39:00-04:00,24.280000686645508,24.28499984741211,24.260000228881836,24.260000228881836,3937,0.0,0.0
2024-09-27 14:40:00-04:00,24.260000228881836,24.270000457763672,24.260000228881836,24.270000457763672,6277,0.0,0.0
2024-09-27 14:41:00-04:00,24.274999618530273,24.280000686645508,24.260000228881836,24.262399673461914,7056,0.0,0.0
2024-09-27 14:42:00-04:00,24.260099411010742,24.28499984741211,24.260099411010742,24.280000686645508,8882,0.0,0.0
2024-09-27 14:43:00-04:00,24.280000686645508,24.290000915527344,24.270000457763672,24.270000457763672,6820,0.0,0.0
2024-09-27 14:44:00-04:00,24.270000457763672,24.280000686645508,24.229999542236328,24.239999771118164,19356,0.0,0.0
2024-09-27 14:45:00-04:00,24.249000549316406,24.280000686645508,24.249000549316406,24.280000686645508,3617,0.0,0.0
2024-09-27 14:46:00-04:00,24.280000686645508,24.280000686645508,24.25,24.25,8257,0.0,0.0
2024-09-27 14:47:00-04:00,24.260000228881836,24.277299880981445,24.25979995727539,24.269500732421875,6617,0.0,0.0
2024-09-27 14:48:00-04:00,24.260000228881836,24.270000457763672,24.25199317932129,24.270000457763672,3299,0.0,0.0
2024-09-27 14:49:00-04:00,24.270000457763672,24.270000457763672,24.260000228881836,24.270000457763672,969,0.0,0.0
2024-09-27 14:50:00-04:00,24.260000228881836,24.270000457763672,24.260000228881836,24.270000457763672,1751,0.0,0.0
2024-09-27 14:51:00-04:00,24.280000686645508,24.31999969482422,24.274999618530273,24.309999465942383,15045,0.0,0.0
2024-09-27 14:52:00-04:00,24.309999465942383,24.309999465942383,24.290000915527344,24.290000915527344,2821,0.0,0.0
2024-09-27 14:53:00-04:00,24.290000915527344,24.34000015258789,24.280000686645508,24.34000015258789,10963,0.0,0.0
2024-09-27 14:54:00-04:00,24.344999313354492,24.3700008392334,24.344999313354492,24.3700008392334,8329,0.0,0.0
2024-09-27 14:55:00-04:00,24.3799991607666,24.399499893188477,24.36009979248047,24.3700008392334,15078,0.0,0.0
2024-09-27 14:56:00-04:00,24.37299919128418,24.399999618530273,24.360000610351562,24.399900436401367,7936,0.0,0.0
2024-09-27 14:57:00-04:00,24.392900466918945,24.405000686645508,24.392900466918945,24.405000686645508,2556,0.0,0.0
2024-09-27 14:58:00-04:00,24.40999984741211,24.429899215698242,24.399999618530273,24.399999618530273,5365,0.0,0.0
2024-09-27 14:59:00-04:00,24.40999984741211,24.429899215698242,24.387100219726562,24.387100219726562,7979,0.0,0.0
2024-09-27 15:00:00-04:00,24.389999389648438,24.399999618530273,24.389999389648438,24.399999618530273,1083,0.0,0.0
2024-09-27 15:01:00-04:00,24.389999389648438,24.389999389648438,24.389999389648438,24.389999389648438,8214,0.0,0.0
2024-09-27 15:02:00-04:00,24.389999389648438,24.399999618530273,24.3700008392334,24.3700008392334,8058,0.0,0.0
2024-09-27 15:03:00-04:00,24.3700008392334,24.389999389648438,24.360000610351562,24.389999389648438,4063,0.0,0.0
2024-09-27 15:04:00-04:00,24.385000228881836,24.389999389648438,24.385000228881836,24.385000228881836,1253,0.0,0.0
2024-09-27 15:05:00-04:00,24.389999389648438,24.389999389648438,24.360000610351562,24.360000610351562,5369,0.0,0.0
2024-09-27 15:06:00-04:00,24.3700008392334,24.3700008392334,24.34000015258789,24.34000015258789,12974,0.0,0.0
2024-09-27 15:07:00-04:00,24.344999313354492,24.350000381469727,24.34000015258789,24.34980010986328,4540,0.0,0.0
2024-09-27 15:08:00-04:00,24.344999313354492,24.360000610351562,24.34000015258789,24.350099563598633,6910,0.0,0.0
2024-09-27 15:09:00-04:00,24.354999542236328,24.354999542236328,24.354999542236328,24.354999542236328,2866,0.0,0.0
2024-09-27 15:10:00-04:00,24.360000610351562,24.360000610351562,24.31999969482422,24.329999923706055,7145,0.0,0.0
2024-09-27 15:11:00-04:00,24.315000534057617,24.315000534057617,24.18000030517578,24.200000762939453,68091,0.0,0.0
2024-09-27 15:12:00-04:00,24.190000534057617,24.190000534057617,24.139999389648438,24.190000534057617,14768,0.0,0.0
2024-09-27 15:13:00-04:00,24.200000762939453,24.200000762939453,24.110000610351562,24.170000076293945,41720,0.0,0.0
2024-09-27 15:14:00-04:00,24.170000076293945,24.18000030517578,24.1200008392334,24.15999984741211,7971,0.0,0.0
2024-09-27 15:15:00-04:00,24.165000915527344,24.170000076293945,24.145000457763672,24.149999618530273,6410,0.0,0.0
2024-09-27 15:16:00-04:00,24.149999618530273,24.159900665283203,24.100000381469727,24.110000610351562,13194,0.0,0.0
2024-09-27 15:17:00-04:00,24.110000610351562,24.1200008392334,24.09000015258789,24.09000015258789,20179,0.0,0.0
2024-09-27 15:18:00-04:00,24.100000381469727,24.1299991607666,24.084999084472656,24.11009979248047,10761,0.0,0.0
2024-09-27 15:19:00-04:00,24.114999771118164,24.127399444580078,24.104999542236328,24.1200008392334,4765,0.0,0.0
2024-09-27 15:20:00-04:00,24.11400032043457,24.1299991607666,24.11400032043457,24.120100021362305,6875,0.0,0.0
2024-09-27 15:21:00-04:00,24.1299991607666,24.15999984741211,24.1200008392334,24.13599967956543,12151,0.0,0.0
2024-09-27 15:22:00-04:00,24.137100219726562,24.139999389648438,24.1299991607666,24.139999389648438,7602,0.0,0.0
2024-09-27 15:23:00-04:00,24.149900436401367,24.17770004272461,24.122499465942383,24.122499465942383,15087,0.0,0.0
2024-09-27 15:24:00-04:00,24.1299991607666,24.149999618530273,24.1299991607666,24.149999618530273,2965,0.0,0.0
2024-09-27 15:25:00-04:00,24.159000396728516,24.159000396728516,24.094999313354492,24.1200008392334,9551,0.0,0.0
2024-09-27 15:26:00-04:00,24.1200008392334,24.1299991607666,24.11009979248047,24.1299991607666,4243,0.0,0.0
2024-09-27 15:27:00-04:00,24.1299991607666,24.15999984741211,24.1299991607666,24.152000427246094,5974,0.0,0.0
2024-09-27 15:28:00-04:00,24.141300201416016,24.18000030517578,24.141300201416016,24.165000915527344,15968,0.0,0.0
2024-09-27 15:29:00-04:00,24.170000076293945,24.20639991760254,24.170000076293945,24.200000762939453,5888,0.0,0.0
2024-09-27 15:30:00-04:00,24.190000534057617,24.225000381469727,24.18000030517578,24.219999313354492,8728,0.0,0.0
2024-09-27 15:31:00-04:00,24.219999313354492,24.25,24.209999084472656,24.25,21077,0.0,0.0
2024-09-27 15:32:00-04:00,24.259599685668945,24.309999465942383,24.259599685668945,24.309999465942383,13184,0.0,0.0
2024-09-27 15:33:00-04:00,24.309999465942383,24.31999969482422,24.292999267578125,24.295000076293945,10733,0.0,0.0
2024-09-27 15:34:00-04:00,24.29990005493164,24.299999237060547,24.209999084472656,24.229999542236328,36951,0.0,0.0
2024-09-27 15:35:00-04:00,24.229999542236328,24.238000869750977,24.200000762939453,24.229999542236328,28175,0.0,0.0
2024-09-27 15:36:00-04:00,24.229999542236328,24.229999542236328,24.200000762939453,24.200000762939453,5047,0.0,0.0
2024-09-27 15:37:00-04:00,24.200000762939453,24.204999923706055,24.190000534057617,24.190000534057617,10493,0.0,0.0
2024-09-27 15:38:00-04:00,24.200000762939453,24.209999084472656,24.190000534057617,24.1914005279541,6782,0.0,0.0
2024-09-27 15:39:00-04:00,24.209999084472656,24.229999542236328,24.204999923706055,24.229999542236328,13301,0.0,0.0
2024-09-27 15:40:00-04:00,24.229999542236328,24.28219985961914,24.229999542236328,24.28219985961914,8685,0.0,0.0
2024-09-27 15:41:00-04:00,24.280000686645508,24.299999237060547,24.264999389648438,24.28499984741211,17064,0.0,0.0
2024-09-27 15:42:00-04:00,24.28019905090332,24.329999923706055,24.2450008392334,24.2450008392334,29065,0.0,0.0
2024-09-27 15:43:00-04:00,24.249900817871094,24.30500030517578,24.239999771118164,24.30500030517578,15460,0.0,0.0
2024-09-27 15:44:00-04:00,24.309999465942383,24.309999465942383,24.260000228881836,24.290000915527344,14232,0.0,0.0
2024-09-27 15:45:00-04:00,24.28499984741211,24.299999237060547,24.280000686645508,24.28499984741211,13594,0.0,0.0
2024-09-27 15:46:00-04:00,24.280000686645508,24.329999923706055,24.280000686645508,24.31999969482422,12111,0.0,0.0
2024-09-27 15:47:00-04:00,24.325000762939453,24.329999923706055,24.30500030517578,24.30500030517578,20854,0.0,0.0
2024-09-27 15:48:00-04:00,24.299999237060547,24.315000534057617,24.280000686645508,24.280000686645508,15677,0.0,0.0
2024-09-27 15:49:00-04:00,24.260000228881836,24.28700065612793,24.260000228881836,24.280000686645508,8201,0.0,0.0
2024-09-27 15:50:00-04:00,24.270000457763672,24.270000457763672,24.190000534057617,24.239999771118164,24921,0.0,0.0
2024-09-27 15:51:00-04:00,24.239999771118164,24.264999389648438,24.219999313354492,24.260000228881836,14062,0.0,0.0
2024-09-27 15:52:00-04:00,24.264999389648438,24.270000457763672,24.219999313354492,24.22599983215332,12483,0.0,0.0
2024-09-27 15:53:00-04:00,24.219999313354492,24.270000457763672,24.219999313354492,24.264999389648438,21780,0.0,0.0
2024-09-27 15:54:00-04:00,24.264999389648438,24.270000457763672,24.239999771118164,24.239999771118164,16442,0.0,0.0
2024-09-27 15:55:00-04:00,24.2450008392334,24.2549991607666,24.219999313354492,24.235000610351562,26495,0.0,0.0
2024-09-27 15:56:00-04:00,24.235000610351562,24.239999771118164,24.209999084472656,24.230199813842773,27347,0.0,0.0
2024-09-27 15:57:00-04:00,24.235000610351562,24.25,24.204999923706055,24.204999923706055,27661,0.0,0.0
2024-09-27 15:58:00-04:00,24.209999084472656,24.25,24.204999923706055,24.2450008392334,52454,0.0,0.0
2024-09-27 15:59:00-04:00,24.25,24.270000457763672,24.229999542236328,24.25,78104,0.0,0.0
