Datetime,Open,High,Low,Close,Volume,Dividends,Stock Splits
2022-07-28 09:00:00+09:00,3325.0,3370.0,3315.0,3335.0,322200,0.0,0.0
2022-07-28 10:00:00+09:00,3340.0,3340.0,3305.0,3330.0,167600,0.0,0.0
2022-07-28 11:00:00+09:00,3330.0,3335.0,3320.0,3330.0,0,0.0,0.0
2022-07-28 12:00:00+09:00,3345.0,3345.0,3325.0,3330.0,662700,0.0,0.0
2022-07-28 13:00:00+09:00,3335.0,3340.0,3310.0,3315.0,96600,0.0,0.0
2022-07-28 14:00:00+09:00,3315.0,3340.0,3310.0,3335.0,139600,0.0,0.0
2022-07-29 09:00:00+09:00,3315.0,3335.0,3280.0,3320.0,208500,0.0,0.0
2022-07-29 10:00:00+09:00,3320.0,3320.0,3295.0,3315.0,148900,0.0,0.0
2022-07-29 11:00:00+09:00,3310.0,3310.0,3290.0,3290.0,0,0.0,0.0
2022-07-29 12:00:00+09:00,3285.0,3290.0,3270.0,3280.0,516400,0.0,0.0
2022-07-29 13:00:00+09:00,3275.0,3290.0,3270.0,3270.0,106900,0.0,0.0
2022-07-29 14:00:00+09:00,3270.0,3290.0,3265.0,3290.0,123000,0.0,0.0
2022-08-01 09:00:00+09:00,3575.0,3700.0,3550.0,3655.0,0,0.0,0.0
2022-08-01 10:00:00+09:00,3655.0,3690.0,3645.0,3690.0,310600,0.0,0.0
2022-08-01 11:00:00+09:00,3685.0,3700.0,3665.0,3700.0,0,0.0,0.0
2022-08-01 12:00:00+09:00,3700.0,3715.0,3650.0,3660.0,1097100,0.0,0.0
2022-08-01 13:00:00+09:00,3660.0,3670.0,3645.0,3660.0,110300,0.0,0.0
2022-08-01 14:00:00+09:00,3660.0,3675.0,3650.0,3675.0,214100,0.0,0.0
2022-08-02 09:00:00+09:00,3650.0,3650.0,3505.0,3505.0,324700,0.0,0.0
2022-08-02 10:00:00+09:00,3505.0,3530.0,3495.0,3525.0,160100,0.0,0.0
2022-08-02 11:00:00+09:00,3530.0,3540.0,3520.0,3530.0,0,0.0,0.0
2022-08-02 12:00:00+09:00,3525.0,3530.0,3515.0,3515.0,592900,0.0,0.0
2022-08-02 13:00:00+09:00,3510.0,3550.0,3510.0,3545.0,128300,0.0,0.0
2022-08-02 14:00:00+09:00,3545.0,3560.0,3495.0,3495.0,290200,0.0,0.0
2022-08-03 09:00:00+09:00,3540.0,3575.0,3515.0,3575.0,194900,0.0,0.0
2022-08-03 10:00:00+09:00,3575.0,3635.0,3565.0,3610.0,141100,0.0,0.0
2022-08-03 11:00:00+09:00,3605.0,3610.0,3595.0,3600.0,0,0.0,0.0
2022-08-03 12:00:00+09:00,3595.0,3615.0,3590.0,3590.0,440200,0.0,0.0
2022-08-03 13:00:00+09:00,3590.0,3610.0,3585.0,3585.0,70700,0.0,0.0
2022-08-03 14:00:00+09:00,3585.0,3605.0,3585.0,3600.0,128400,0.0,0.0
2022-08-04 09:00:00+09:00,3570.0,3595.0,3540.0,3565.0,256200,0.0,0.0
2022-08-04 10:00:00+09:00,3565.0,3575.0,3545.0,3560.0,184500,0.0,0.0
2022-08-04 11:00:00+09:00,3565.0,3570.0,3565.0,3570.0,0,0.0,0.0
2022-08-04 12:00:00+09:00,3575.0,3575.0,3560.0,3565.0,517700,0.0,0.0
2022-08-04 13:00:00+09:00,3570.0,3585.0,3550.0,3580.0,112900,0.0,0.0
2022-08-04 14:00:00+09:00,3580.0,3585.0,3570.0,3585.0,110700,0.0,0.0
2022-08-05 09:00:00+09:00,3610.0,3700.0,3605.0,3695.0,239500,0.0,0.0
2022-08-05 10:00:00+09:00,3690.0,3720.0,3675.0,3705.0,123200,0.0,0.0
2022-08-05 11:00:00+09:00,3705.0,3720.0,3700.0,3705.0,0,0.0,0.0
2022-08-05 12:00:00+09:00,3725.0,3735.0,3715.0,3730.0,635400,0.0,0.0
2022-08-05 13:00:00+09:00,3730.0,3740.0,3720.0,3720.0,162200,0.0,0.0
2022-08-05 14:00:00+09:00,3720.0,3725.0,3710.0,3720.0,199100,0.0,0.0
2022-08-08 09:00:00+09:00,3665.0,3705.0,3665.0,3690.0,0,0.0,0.0
2022-08-08 10:00:00+09:00,3685.0,3710.0,3680.0,3710.0,77400,0.0,0.0
2022-08-08 11:00:00+09:00,3710.0,3715.0,3700.0,3715.0,0,0.0,0.0
2022-08-08 12:00:00+09:00,3725.0,3725.0,3710.0,3720.0,284500,0.0,0.0
2022-08-08 13:00:00+09:00,3725.0,3725.0,3700.0,3710.0,72100,0.0,0.0
2022-08-08 14:00:00+09:00,3710.0,3715.0,3705.0,3710.0,88100,0.0,0.0
2022-08-09 09:00:00+09:00,3705.0,3740.0,3665.0,3665.0,121200,0.0,0.0
2022-08-09 10:00:00+09:00,3665.0,3670.0,3620.0,3620.0,102300,0.0,0.0
2022-08-09 11:00:00+09:00,3625.0,3655.0,3625.0,3650.0,0,0.0,0.0
2022-08-09 12:00:00+09:00,3650.0,3670.0,3650.0,3660.0,291900,0.0,0.0
2022-08-09 13:00:00+09:00,3665.0,3665.0,3660.0,3665.0,21600,0.0,0.0
2022-08-09 14:00:00+09:00,3665.0,3675.0,3660.0,3670.0,65600,0.0,0.0
2022-08-10 09:00:00+09:00,3620.0,3660.0,3615.0,3650.0,118700,0.0,0.0
2022-08-10 10:00:00+09:00,3650.0,3675.0,3640.0,3640.0,93700,0.0,0.0
2022-08-10 11:00:00+09:00,3640.0,3650.0,3630.0,3630.0,0,0.0,0.0
2022-08-10 12:00:00+09:00,3630.0,3650.0,3630.0,3635.0,287800,0.0,0.0
2022-08-10 13:00:00+09:00,3635.0,3640.0,3625.0,3625.0,50500,0.0,0.0
2022-08-10 14:00:00+09:00,3630.0,3645.0,3625.0,3645.0,74700,0.0,0.0
2022-08-12 09:00:00+09:00,3655.0,3715.0,3650.0,3690.0,0,0.0,0.0
2022-08-12 10:00:00+09:00,3690.0,3720.0,3690.0,3710.0,93600,0.0,0.0
2022-08-12 11:00:00+09:00,3710.0,3710.0,3690.0,3695.0,0,0.0,0.0
2022-08-12 12:00:00+09:00,3705.0,3710.0,3695.0,3700.0,432900,0.0,0.0
2022-08-12 13:00:00+09:00,3705.0,3710.0,3690.0,3695.0,76700,0.0,0.0
2022-08-12 14:00:00+09:00,3695.0,3715.0,3690.0,3710.0,176500,0.0,0.0
2022-08-15 09:00:00+09:00,3725.0,3750.0,3685.0,3720.0,0,0.0,0.0
2022-08-15 10:00:00+09:00,3720.0,3720.0,3700.0,3710.0,58300,0.0,0.0
2022-08-15 11:00:00+09:00,3710.0,3710.0,3700.0,3710.0,0,0.0,0.0
2022-08-15 12:00:00+09:00,3710.0,3710.0,3685.0,3705.0,210900,0.0,0.0
2022-08-15 13:00:00+09:00,3705.0,3705.0,3695.0,3695.0,27400,0.0,0.0
2022-08-15 14:00:00+09:00,3695.0,3710.0,3695.0,3710.0,96400,0.0,0.0
2022-08-16 09:00:00+09:00,3735.0,3745.0,3695.0,3725.0,133400,0.0,0.0
2022-08-16 10:00:00+09:00,3720.0,3735.0,3710.0,3735.0,79700,0.0,0.0
2022-08-16 11:00:00+09:00,3730.0,3740.0,3710.0,3720.0,0,0.0,0.0
2022-08-16 12:00:00+09:00,3725.0,3725.0,3710.0,3710.0,281700,0.0,0.0
2022-08-16 13:00:00+09:00,3720.0,3745.0,3715.0,3720.0,69200,0.0,0.0
2022-08-16 14:00:00+09:00,3720.0,3725.0,3705.0,3710.0,52900,0.0,0.0
2022-08-17 09:00:00+09:00,3755.0,3765.0,3710.0,3725.0,167800,0.0,0.0
2022-08-17 10:00:00+09:00,3725.0,3750.0,3700.0,3735.0,176200,0.0,0.0
2022-08-17 11:00:00+09:00,3735.0,3745.0,3720.0,3740.0,0,0.0,0.0
2022-08-17 12:00:00+09:00,3740.0,3755.0,3730.0,3740.0,503000,0.0,0.0
2022-08-17 13:00:00+09:00,3745.0,3760.0,3740.0,3755.0,73400,0.0,0.0
2022-08-17 14:00:00+09:00,3755.0,3770.0,3745.0,3770.0,97000,0.0,0.0
2022-08-18 09:00:00+09:00,3700.0,3740.0,3685.0,3710.0,164500,0.0,0.0
2022-08-18 10:00:00+09:00,3710.0,3730.0,3710.0,3725.0,43000,0.0,0.0
2022-08-18 11:00:00+09:00,3725.0,3740.0,3720.0,3730.0,0,0.0,0.0
2022-08-18 12:00:00+09:00,3725.0,3725.0,3715.0,3725.0,247500,0.0,0.0
2022-08-18 13:00:00+09:00,3725.0,3725.0,3710.0,3715.0,46200,0.0,0.0
2022-08-18 14:00:00+09:00,3715.0,3730.0,3705.0,3725.0,86200,0.0,0.0
2022-08-19 09:00:00+09:00,3725.0,3750.0,3700.0,3715.0,124100,0.0,0.0
2022-08-19 10:00:00+09:00,3715.0,3715.0,3655.0,3700.0,169300,0.0,0.0
2022-08-19 11:00:00+09:00,3700.0,3710.0,3690.0,3700.0,0,0.0,0.0
2022-08-19 12:00:00+09:00,3695.0,3705.0,3695.0,3695.0,350800,0.0,0.0
2022-08-19 13:00:00+09:00,3695.0,3700.0,3685.0,3685.0,34200,0.0,0.0
2022-08-19 14:00:00+09:00,3685.0,3690.0,3670.0,3680.0,114100,0.0,0.0
2022-08-22 09:00:00+09:00,3540.0,3565.0,3495.0,3550.0,0,0.0,0.0
2022-08-22 10:00:00+09:00,3550.0,3555.0,3530.0,3535.0,85500,0.0,0.0
2022-08-22 11:00:00+09:00,3535.0,3560.0,3535.0,3550.0,0,0.0,0.0
2022-08-22 12:00:00+09:00,3545.0,3555.0,3525.0,3540.0,645600,0.0,0.0
2022-08-22 13:00:00+09:00,3540.0,3550.0,3525.0,3530.0,87900,0.0,0.0
2022-08-22 14:00:00+09:00,3525.0,3525.0,3505.0,3505.0,224700,0.0,0.0
2022-08-23 09:00:00+09:00,3505.0,3525.0,3470.0,3480.0,259900,0.0,0.0
2022-08-23 10:00:00+09:00,3475.0,3525.0,3470.0,3505.0,110600,0.0,0.0
2022-08-23 11:00:00+09:00,3505.0,3525.0,3505.0,3515.0,0,0.0,0.0
2022-08-23 12:00:00+09:00,3510.0,3515.0,3500.0,3505.0,464000,0.0,0.0
2022-08-23 13:00:00+09:00,3505.0,3510.0,3500.0,3505.0,56700,0.0,0.0
2022-08-23 14:00:00+09:00,3500.0,3515.0,3495.0,3505.0,110200,0.0,0.0
2022-08-24 09:00:00+09:00,3510.0,3515.0,3465.0,3465.0,135200,0.0,0.0
2022-08-24 10:00:00+09:00,3470.0,3470.0,3430.0,3435.0,103800,0.0,0.0
2022-08-24 11:00:00+09:00,3440.0,3445.0,3435.0,3440.0,0,0.0,0.0
2022-08-24 12:00:00+09:00,3440.0,3455.0,3440.0,3445.0,328100,0.0,0.0
2022-08-24 13:00:00+09:00,3445.0,3455.0,3445.0,3445.0,36200,0.0,0.0
2022-08-24 14:00:00+09:00,3445.0,3450.0,3435.0,3440.0,102600,0.0,0.0
2022-08-25 09:00:00+09:00,3435.0,3450.0,3420.0,3440.0,142700,0.0,0.0
2022-08-25 10:00:00+09:00,3445.0,3465.0,3440.0,3460.0,90500,0.0,0.0
2022-08-25 11:00:00+09:00,3460.0,3460.0,3450.0,3460.0,0,0.0,0.0
2022-08-25 12:00:00+09:00,3475.0,3485.0,3460.0,3460.0,305700,0.0,0.0
2022-08-25 13:00:00+09:00,3465.0,3495.0,3465.0,3490.0,62700,0.0,0.0
2022-08-25 14:00:00+09:00,3490.0,3495.0,3475.0,3485.0,85400,0.0,0.0
2022-08-26 09:00:00+09:00,3530.0,3550.0,3515.0,3525.0,138500,0.0,0.0
2022-08-26 10:00:00+09:00,3525.0,3540.0,3495.0,3535.0,103800,0.0,0.0
2022-08-26 11:00:00+09:00,3540.0,3540.0,3515.0,3525.0,0,0.0,0.0
2022-08-26 12:00:00+09:00,3525.0,3530.0,3515.0,3515.0,314000,0.0,0.0
2022-08-26 13:00:00+09:00,3520.0,3520.0,3510.0,3510.0,56100,0.0,0.0
2022-08-26 14:00:00+09:00,3510.0,3520.0,3500.0,3500.0,81700,0.0,0.0
2022-08-29 09:00:00+09:00,3360.0,3410.0,3360.0,3400.0,181700,0.0,0.0
2022-08-29 10:00:00+09:00,3405.0,3430.0,3405.0,3430.0,74900,0.0,0.0
2022-08-29 11:00:00+09:00,3430.0,3450.0,3425.0,3445.0,0,0.0,0.0
2022-08-29 12:00:00+09:00,3420.0,3445.0,3420.0,3445.0,353500,0.0,0.0
2022-08-29 13:00:00+09:00,3445.0,3450.0,3430.0,3445.0,51000,0.0,0.0
2022-08-29 14:00:00+09:00,3445.0,3455.0,3445.0,3450.0,61200,0.0,0.0
2022-08-30 09:00:00+09:00,3440.0,3470.0,3420.0,3445.0,187200,0.0,0.0
2022-08-30 10:00:00+09:00,3440.0,3455.0,3430.0,3450.0,92400,0.0,0.0
2022-08-30 11:00:00+09:00,3445.0,3445.0,3435.0,3440.0,0,0.0,0.0
2022-08-30 12:00:00+09:00,3450.0,3455.0,3435.0,3445.0,358700,0.0,0.0
2022-08-30 13:00:00+09:00,3450.0,3460.0,3440.0,3445.0,60100,0.0,0.0
2022-08-30 14:00:00+09:00,3445.0,3445.0,3425.0,3425.0,126300,0.0,0.0
2022-08-31 09:00:00+09:00,3410.0,3420.0,3385.0,3410.0,264500,0.0,0.0
2022-08-31 10:00:00+09:00,3410.0,3470.0,3410.0,3430.0,117100,0.0,0.0
2022-08-31 11:00:00+09:00,3435.0,3450.0,3435.0,3440.0,0,0.0,0.0
2022-08-31 12:00:00+09:00,3445.0,3450.0,3430.0,3445.0,467100,0.0,0.0
2022-08-31 13:00:00+09:00,3440.0,3460.0,3440.0,3460.0,59500,0.0,0.0
2022-08-31 14:00:00+09:00,3455.0,3470.0,3455.0,3460.0,95900,0.0,0.0
2022-09-01 09:00:00+09:00,3380.0,3400.0,3355.0,3365.0,194900,0.0,0.0
2022-09-01 10:00:00+09:00,3365.0,3380.0,3360.0,3365.0,90600,0.0,0.0
2022-09-01 11:00:00+09:00,3370.0,3370.0,3340.0,3350.0,0,0.0,0.0
2022-09-01 12:00:00+09:00,3355.0,3370.0,3340.0,3345.0,416100,0.0,0.0
2022-09-01 13:00:00+09:00,3340.0,3350.0,3335.0,3350.0,111300,0.0,0.0
2022-09-01 14:00:00+09:00,3350.0,3355.0,3335.0,3340.0,109000,0.0,0.0
2022-09-02 09:00:00+09:00,3355.0,3355.0,3285.0,3300.0,216900,0.0,0.0
2022-09-02 10:00:00+09:00,3305.0,3335.0,3295.0,3320.0,102800,0.0,0.0
2022-09-02 11:00:00+09:00,3325.0,3330.0,3315.0,3330.0,0,0.0,0.0
2022-09-02 12:00:00+09:00,3340.0,3350.0,3330.0,3335.0,400800,0.0,0.0
2022-09-02 13:00:00+09:00,3335.0,3345.0,3330.0,3340.0,0,0.0,0.0
2022-09-02 14:00:00+09:00,3340.0,3340.0,3320.0,3330.0,534800,0.0,0.0
2022-09-05 09:00:00+09:00,3305.0,3325.0,3295.0,3325.0,0,0.0,0.0
2022-09-05 10:00:00+09:00,3325.0,3335.0,3320.0,3335.0,49900,0.0,0.0
2022-09-05 11:00:00+09:00,3335.0,3350.0,3330.0,3350.0,0,0.0,0.0
2022-09-05 12:00:00+09:00,3345.0,3355.0,3340.0,3350.0,227900,0.0,0.0
2022-09-05 13:00:00+09:00,3350.0,3365.0,3345.0,3365.0,35800,0.0,0.0
2022-09-05 14:00:00+09:00,3365.0,3365.0,3355.0,3355.0,82000,0.0,0.0
2022-09-06 09:00:00+09:00,3360.0,3400.0,3320.0,3380.0,238000,0.0,0.0
2022-09-06 10:00:00+09:00,3375.0,3375.0,3340.0,3355.0,68800,0.0,0.0
2022-09-06 11:00:00+09:00,3355.0,3355.0,3335.0,3340.0,0,0.0,0.0
2022-09-06 12:00:00+09:00,3340.0,3365.0,3335.0,3365.0,350100,0.0,0.0
2022-09-06 13:00:00+09:00,3365.0,3365.0,3350.0,3360.0,30800,0.0,0.0
2022-09-06 14:00:00+09:00,3355.0,3360.0,3345.0,3350.0,49600,0.0,0.0
2022-09-07 09:00:00+09:00,3295.0,3320.0,3265.0,3275.0,171700,0.0,0.0
2022-09-07 10:00:00+09:00,3275.0,3310.0,3270.0,3310.0,53700,0.0,0.0
2022-09-07 11:00:00+09:00,3310.0,3340.0,3310.0,3335.0,0,0.0,0.0
2022-09-07 12:00:00+09:00,3345.0,3345.0,3325.0,3340.0,310500,0.0,0.0
2022-09-07 13:00:00+09:00,3340.0,3355.0,3335.0,3355.0,39400,0.0,0.0
2022-09-07 14:00:00+09:00,3355.0,3355.0,3345.0,3350.0,56400,0.0,0.0
2022-09-08 09:00:00+09:00,3410.0,3435.0,3365.0,3380.0,166500,0.0,0.0
2022-09-08 10:00:00+09:00,3385.0,3410.0,3385.0,3400.0,71300,0.0,0.0
2022-09-08 11:00:00+09:00,3400.0,3410.0,3400.0,3410.0,0,0.0,0.0
2022-09-08 12:00:00+09:00,3400.0,3405.0,3385.0,3395.0,308800,0.0,0.0
2022-09-08 13:00:00+09:00,3395.0,3395.0,3375.0,3375.0,54100,0.0,0.0
2022-09-08 14:00:00+09:00,3375.0,3400.0,3370.0,3400.0,85700,0.0,0.0
2022-09-09 09:00:00+09:00,3455.0,3480.0,3435.0,3455.0,384200,0.0,0.0
2022-09-09 10:00:00+09:00,3455.0,3455.0,3420.0,3420.0,65400,0.0,0.0
2022-09-09 11:00:00+09:00,3420.0,3430.0,3420.0,3430.0,0,0.0,0.0
2022-09-09 12:00:00+09:00,3415.0,3425.0,3400.0,3425.0,524700,0.0,0.0
2022-09-09 13:00:00+09:00,3420.0,3430.0,3420.0,3420.0,0,0.0,0.0
2022-09-09 14:00:00+09:00,3420.0,3440.0,3420.0,3430.0,629500,0.0,0.0
2022-09-12 09:00:00+09:00,3495.0,3500.0,3465.0,3475.0,0,0.0,0.0
2022-09-12 10:00:00+09:00,3480.0,3490.0,3465.0,3490.0,93200,0.0,0.0
2022-09-12 11:00:00+09:00,3495.0,3495.0,3470.0,3475.0,0,0.0,0.0
2022-09-12 12:00:00+09:00,3475.0,3485.0,3460.0,3465.0,274400,0.0,0.0
2022-09-12 13:00:00+09:00,3465.0,3470.0,3455.0,3460.0,34000,0.0,0.0
2022-09-12 14:00:00+09:00,3455.0,3460.0,3445.0,3455.0,84200,0.0,0.0
2022-09-13 09:00:00+09:00,3470.0,3470.0,3430.0,3470.0,69000,0.0,0.0
2022-09-13 10:00:00+09:00,3465.0,3480.0,3455.0,3465.0,50800,0.0,0.0
2022-09-13 11:00:00+09:00,3465.0,3465.0,3460.0,3460.0,0,0.0,0.0
2022-09-13 12:00:00+09:00,3460.0,3480.0,3460.0,3475.0,161000,0.0,0.0
2022-09-13 13:00:00+09:00,3475.0,3485.0,3470.0,3480.0,56300,0.0,0.0
2022-09-13 14:00:00+09:00,3480.0,3480.0,3465.0,3475.0,62900,0.0,0.0
2022-09-14 09:00:00+09:00,3300.0,3335.0,3270.0,3330.0,273400,0.0,0.0
2022-09-14 10:00:00+09:00,3330.0,3370.0,3330.0,3360.0,84400,0.0,0.0
2022-09-14 11:00:00+09:00,3360.0,3370.0,3360.0,3365.0,0,0.0,0.0
2022-09-14 12:00:00+09:00,3360.0,3365.0,3340.0,3340.0,425400,0.0,0.0
2022-09-14 13:00:00+09:00,3345.0,3355.0,3330.0,3350.0,58300,0.0,0.0
2022-09-14 14:00:00+09:00,3355.0,3360.0,3335.0,3335.0,77000,0.0,0.0
2022-09-15 09:00:00+09:00,3335.0,3365.0,3305.0,3320.0,145100,0.0,0.0
2022-09-15 10:00:00+09:00,3320.0,3335.0,3305.0,3330.0,78900,0.0,0.0
2022-09-15 11:00:00+09:00,3335.0,3340.0,3325.0,3340.0,0,0.0,0.0
2022-09-15 12:00:00+09:00,3330.0,3330.0,3310.0,3310.0,284000,0.0,0.0
2022-09-15 13:00:00+09:00,3310.0,3325.0,3300.0,3315.0,54400,0.0,0.0
2022-09-15 14:00:00+09:00,3315.0,3330.0,3310.0,3325.0,88700,0.0,0.0
2022-09-16 09:00:00+09:00,3300.0,3310.0,3275.0,3280.0,115700,0.0,0.0
2022-09-16 10:00:00+09:00,3275.0,3310.0,3270.0,3305.0,74400,0.0,0.0
2022-09-16 11:00:00+09:00,3310.0,3325.0,3310.0,3320.0,0,0.0,0.0
2022-09-16 12:00:00+09:00,3325.0,3325.0,3310.0,3310.0,274800,0.0,0.0
2022-09-16 13:00:00+09:00,3315.0,3320.0,3300.0,3315.0,63100,0.0,0.0
2022-09-16 14:00:00+09:00,3315.0,3320.0,3285.0,3290.0,89400,0.0,0.0
2022-09-20 09:00:00+09:00,3310.0,3375.0,3310.0,3375.0,264100,0.0,0.0
2022-09-20 10:00:00+09:00,3375.0,3395.0,3360.0,3395.0,166300,0.0,0.0
2022-09-20 11:00:00+09:00,3390.0,3410.0,3390.0,3410.0,0,0.0,0.0
2022-09-20 12:00:00+09:00,3400.0,3405.0,3370.0,3370.0,538200,0.0,0.0
2022-09-20 13:00:00+09:00,3375.0,3375.0,3345.0,3345.0,84200,0.0,0.0
2022-09-20 14:00:00+09:00,3350.0,3370.0,3345.0,3370.0,119400,0.0,0.0
2022-09-21 09:00:00+09:00,3345.0,3365.0,3320.0,3360.0,184900,0.0,0.0
2022-09-21 10:00:00+09:00,3360.0,3380.0,3345.0,3355.0,119900,0.0,0.0
2022-09-21 11:00:00+09:00,3360.0,3370.0,3355.0,3355.0,0,0.0,0.0
2022-09-21 12:00:00+09:00,3355.0,3365.0,3355.0,3365.0,394400,0.0,0.0
2022-09-21 13:00:00+09:00,3360.0,3360.0,3335.0,3340.0,69200,0.0,0.0
2022-09-21 14:00:00+09:00,3340.0,3345.0,3330.0,3330.0,78200,0.0,0.0
2022-09-22 09:00:00+09:00,3260.0,3280.0,3250.0,3255.0,159000,0.0,0.0
2022-09-22 10:00:00+09:00,3255.0,3255.0,3225.0,3240.0,92200,0.0,0.0
2022-09-22 11:00:00+09:00,3240.0,3255.0,3235.0,3255.0,0,0.0,0.0
2022-09-22 12:00:00+09:00,3265.0,3285.0,3265.0,3275.0,348700,0.0,0.0
2022-09-22 13:00:00+09:00,3275.0,3285.0,3265.0,3270.0,50100,0.0,0.0
2022-09-22 14:00:00+09:00,3270.0,3290.0,3270.0,3280.0,72100,0.0,0.0
2022-09-26 09:00:00+09:00,3180.0,3195.0,3160.0,3165.0,0,0.0,0.0
2022-09-26 10:00:00+09:00,3170.0,3180.0,3155.0,3175.0,104700,0.0,0.0
2022-09-26 11:00:00+09:00,3175.0,3190.0,3175.0,3190.0,0,0.0,0.0
2022-09-26 12:00:00+09:00,3160.0,3190.0,3160.0,3180.0,539800,0.0,0.0
2022-09-26 13:00:00+09:00,3180.0,3185.0,3170.0,3175.0,0,0.0,0.0
2022-09-26 14:00:00+09:00,3175.0,3180.0,3165.0,3170.0,763100,0.0,0.0
2022-09-27 09:00:00+09:00,3080.0,3125.0,3080.0,3115.0,381500,0.0,0.0
2022-09-27 10:00:00+09:00,3115.0,3135.0,3115.0,3125.0,147200,0.0,0.0
2022-09-27 11:00:00+09:00,3125.0,3145.0,3125.0,3140.0,0,0.0,0.0
2022-09-27 12:00:00+09:00,3125.0,3130.0,3095.0,3105.0,733600,0.0,0.0
2022-09-27 13:00:00+09:00,3110.0,3115.0,3100.0,3100.0,123800,0.0,0.0
2022-09-27 14:00:00+09:00,3100.0,3100.0,3080.0,3095.0,140400,0.0,0.0
2022-09-28 09:00:00+09:00,3105.0,3170.0,3100.0,3160.0,310700,0.0,0.0
2022-09-28 10:00:00+09:00,3155.0,3185.0,3125.0,3150.0,173800,0.0,0.0
2022-09-28 11:00:00+09:00,3145.0,3150.0,3125.0,3130.0,0,0.0,0.0
2022-09-28 12:00:00+09:00,3120.0,3130.0,3105.0,3120.0,680200,0.0,0.0
2022-09-28 13:00:00+09:00,3115.0,3145.0,3115.0,3125.0,115800,0.0,0.0
2022-09-28 14:00:00+09:00,3125.0,3170.0,3120.0,3170.0,214300,0.0,0.0
2022-09-29 09:00:00+09:00,3190.0,3200.0,3145.0,3145.0,248400,0.0,0.0
2022-09-29 10:00:00+09:00,3150.0,3195.0,3150.0,3180.0,171200,0.0,0.0
2022-09-29 11:00:00+09:00,3175.0,3175.0,3155.0,3165.0,0,0.0,0.0
2022-09-29 12:00:00+09:00,3170.0,3195.0,3170.0,3190.0,592700,0.0,0.0
2022-09-29 13:00:00+09:00,3185.0,3205.0,3180.0,3200.0,108800,0.0,0.0
2022-09-29 14:00:00+09:00,3200.0,3200.0,3185.0,3190.0,239600,0.0,0.0
2022-09-30 09:00:00+09:00,3160.0,3185.0,3130.0,3140.0,205500,0.0,0.0
2022-09-30 10:00:00+09:00,3140.0,3160.0,3125.0,3130.0,75100,0.0,0.0
2022-09-30 11:00:00+09:00,3130.0,3140.0,3120.0,3130.0,0,0.0,0.0
2022-09-30 12:00:00+09:00,3110.0,3125.0,3110.0,3120.0,379500,0.0,0.0
2022-09-30 13:00:00+09:00,3120.0,3125.0,3115.0,3120.0,74300,0.0,0.0
2022-09-30 14:00:00+09:00,3120.0,3135.0,3110.0,3115.0,94600,0.0,0.0
2022-10-03 09:00:00+09:00,3110.0,3165.0,3105.0,3155.0,235300,0.0,0.0
2022-10-03 10:00:00+09:00,3155.0,3210.0,3155.0,3210.0,99900,0.0,0.0
2022-10-03 11:00:00+09:00,3210.0,3210.0,3190.0,3190.0,0,0.0,0.0
2022-10-03 12:00:00+09:00,3185.0,3185.0,3170.0,3185.0,409000,0.0,0.0
2022-10-03 13:00:00+09:00,3185.0,3190.0,3165.0,3185.0,84000,0.0,0.0
2022-10-03 14:00:00+09:00,3185.0,3205.0,3175.0,3205.0,84700,0.0,0.0
2022-10-04 09:00:00+09:00,3270.0,3285.0,3255.0,3280.0,148800,0.0,0.0
2022-10-04 10:00:00+09:00,3285.0,3320.0,3285.0,3310.0,99300,0.0,0.0
2022-10-04 11:00:00+09:00,3305.0,3310.0,3290.0,3305.0,0,0.0,0.0
2022-10-04 12:00:00+09:00,3320.0,3320.0,3305.0,3315.0,373800,0.0,0.0
2022-10-04 13:00:00+09:00,3315.0,3325.0,3310.0,3320.0,80900,0.0,0.0
2022-10-04 14:00:00+09:00,3320.0,3330.0,3315.0,3330.0,89500,0.0,0.0
2022-10-05 09:00:00+09:00,3390.0,3415.0,3380.0,3415.0,247900,0.0,0.0
2022-10-05 10:00:00+09:00,3410.0,3425.0,3380.0,3395.0,168000,0.0,0.0
2022-10-05 11:00:00+09:00,3395.0,3400.0,3380.0,3390.0,0,0.0,0.0
2022-10-05 12:00:00+09:00,3390.0,3400.0,3365.0,3400.0,544000,0.0,0.0
2022-10-05 13:00:00+09:00,3400.0,3410.0,3395.0,3410.0,80400,0.0,0.0
2022-10-05 14:00:00+09:00,3410.0,3415.0,3395.0,3395.0,120900,0.0,0.0
2022-10-06 09:00:00+09:00,3385.0,3440.0,3385.0,3420.0,162200,0.0,0.0
2022-10-06 10:00:00+09:00,3415.0,3440.0,3410.0,3440.0,63800,0.0,0.0
2022-10-06 11:00:00+09:00,3440.0,3440.0,3430.0,3440.0,0,0.0,0.0
2022-10-06 12:00:00+09:00,3450.0,3450.0,3435.0,3440.0,299500,0.0,0.0
2022-10-06 13:00:00+09:00,3435.0,3440.0,3425.0,3425.0,52700,0.0,0.0
2022-10-06 14:00:00+09:00,3430.0,3465.0,3430.0,3435.0,166500,0.0,0.0
2022-10-07 09:00:00+09:00,3390.0,3410.0,3375.0,3400.0,167200,0.0,0.0
2022-10-07 10:00:00+09:00,3400.0,3415.0,3375.0,3415.0,59500,0.0,0.0
2022-10-07 11:00:00+09:00,3420.0,3425.0,3400.0,3400.0,0,0.0,0.0
2022-10-07 12:00:00+09:00,3385.0,3390.0,3385.0,3390.0,285700,0.0,0.0
2022-10-07 13:00:00+09:00,3395.0,3395.0,3380.0,3380.0,42000,0.0,0.0
2022-10-07 14:00:00+09:00,3380.0,3390.0,3375.0,3380.0,77700,0.0,0.0
2022-10-11 09:00:00+09:00,3170.0,3210.0,3160.0,3200.0,0,0.0,0.0
2022-10-11 10:00:00+09:00,3200.0,3220.0,3165.0,3165.0,192200,0.0,0.0
2022-10-11 11:00:00+09:00,3165.0,3170.0,3150.0,3165.0,0,0.0,0.0
2022-10-11 12:00:00+09:00,3160.0,3170.0,3140.0,3145.0,680200,0.0,0.0
2022-10-11 13:00:00+09:00,3140.0,3160.0,3140.0,3155.0,137900,0.0,0.0
2022-10-11 14:00:00+09:00,3155.0,3160.0,3145.0,3160.0,160500,0.0,0.0
2022-10-12 09:00:00+09:00,3175.0,3180.0,3130.0,3165.0,240400,0.0,0.0
2022-10-12 10:00:00+09:00,3165.0,3170.0,3140.0,3145.0,131400,0.0,0.0
2022-10-12 11:00:00+09:00,3145.0,3145.0,3125.0,3125.0,0,0.0,0.0
2022-10-12 12:00:00+09:00,3135.0,3140.0,3130.0,3140.0,458300,0.0,0.0
2022-10-12 13:00:00+09:00,3140.0,3165.0,3140.0,3150.0,103600,0.0,0.0
2022-10-12 14:00:00+09:00,3150.0,3165.0,3150.0,3155.0,74400,0.0,0.0
2022-10-13 09:00:00+09:00,3145.0,3150.0,3095.0,3100.0,203000,0.0,0.0
2022-10-13 10:00:00+09:00,3100.0,3110.0,3080.0,3105.0,93400,0.0,0.0
2022-10-13 11:00:00+09:00,3105.0,3110.0,3085.0,3090.0,0,0.0,0.0
2022-10-13 12:00:00+09:00,3085.0,3095.0,3085.0,3090.0,393300,0.0,0.0
2022-10-13 13:00:00+09:00,3085.0,3095.0,3085.0,3090.0,60000,0.0,0.0
2022-10-13 14:00:00+09:00,3090.0,3100.0,3090.0,3090.0,100500,0.0,0.0
2022-10-14 09:00:00+09:00,3205.0,3205.0,3150.0,3180.0,200000,0.0,0.0
2022-10-14 10:00:00+09:00,3180.0,3180.0,3145.0,3175.0,163500,0.0,0.0
2022-10-14 11:00:00+09:00,3175.0,3180.0,3170.0,3180.0,0,0.0,0.0
2022-10-14 12:00:00+09:00,3180.0,3185.0,3175.0,3185.0,488200,0.0,0.0
2022-10-14 13:00:00+09:00,3185.0,3190.0,3170.0,3175.0,60600,0.0,0.0
2022-10-14 14:00:00+09:00,3175.0,3175.0,3160.0,3160.0,103500,0.0,0.0
2022-10-17 09:00:00+09:00,3095.0,3105.0,3060.0,3095.0,0,0.0,0.0
2022-10-17 10:00:00+09:00,3095.0,3125.0,3085.0,3120.0,123300,0.0,0.0
2022-10-17 11:00:00+09:00,3120.0,3120.0,3100.0,3105.0,0,0.0,0.0
2022-10-17 12:00:00+09:00,3115.0,3130.0,3110.0,3115.0,424300,0.0,0.0
2022-10-17 13:00:00+09:00,3115.0,3125.0,3105.0,3125.0,88500,0.0,0.0
2022-10-17 14:00:00+09:00,3120.0,3140.0,3120.0,3135.0,72600,0.0,0.0
2022-10-18 09:00:00+09:00,3200.0,3225.0,3170.0,3175.0,135900,0.0,0.0
2022-10-18 10:00:00+09:00,3170.0,3170.0,3135.0,3140.0,46500,0.0,0.0
2022-10-18 11:00:00+09:00,3140.0,3150.0,3130.0,3145.0,0,0.0,0.0
2022-10-18 12:00:00+09:00,3155.0,3195.0,3150.0,3195.0,265000,0.0,0.0
2022-10-18 13:00:00+09:00,3195.0,3210.0,3190.0,3195.0,51700,0.0,0.0
2022-10-18 14:00:00+09:00,3195.0,3205.0,3190.0,3205.0,94700,0.0,0.0
2022-10-19 09:00:00+09:00,3205.0,3255.0,3200.0,3235.0,140200,0.0,0.0
2022-10-19 10:00:00+09:00,3230.0,3240.0,3210.0,3230.0,80500,0.0,0.0
2022-10-19 11:00:00+09:00,3235.0,3235.0,3220.0,3225.0,0,0.0,0.0
2022-10-19 12:00:00+09:00,3225.0,3230.0,3215.0,3215.0,289900,0.0,0.0
2022-10-19 13:00:00+09:00,3215.0,3235.0,3215.0,3230.0,54600,0.0,0.0
2022-10-19 14:00:00+09:00,3230.0,3235.0,3215.0,3215.0,68000,0.0,0.0
2022-10-20 09:00:00+09:00,3160.0,3170.0,3130.0,3140.0,133700,0.0,0.0
2022-10-20 10:00:00+09:00,3135.0,3140.0,3120.0,3125.0,102400,0.0,0.0
2022-10-20 11:00:00+09:00,3125.0,3135.0,3120.0,3130.0,0,0.0,0.0
2022-10-20 12:00:00+09:00,3135.0,3135.0,3125.0,3130.0,302000,0.0,0.0
2022-10-20 13:00:00+09:00,3130.0,3155.0,3120.0,3140.0,105500,0.0,0.0
2022-10-20 14:00:00+09:00,3140.0,3160.0,3140.0,3150.0,73800,0.0,0.0
2022-10-21 09:00:00+09:00,3130.0,3140.0,3100.0,3140.0,187400,0.0,0.0
2022-10-21 10:00:00+09:00,3135.0,3135.0,3100.0,3120.0,99800,0.0,0.0
2022-10-21 11:00:00+09:00,3120.0,3130.0,3115.0,3125.0,0,0.0,0.0
2022-10-21 12:00:00+09:00,3135.0,3135.0,3125.0,3130.0,383000,0.0,0.0
2022-10-21 13:00:00+09:00,3135.0,3135.0,3115.0,3115.0,37500,0.0,0.0
2022-10-21 14:00:00+09:00,3115.0,3120.0,3095.0,3100.0,97300,0.0,0.0
2022-10-24 09:00:00+09:00,3170.0,3200.0,3155.0,3200.0,153000,0.0,0.0
2022-10-24 10:00:00+09:00,3200.0,3210.0,3185.0,3195.0,76800,0.0,0.0
2022-10-24 11:00:00+09:00,3190.0,3190.0,3175.0,3180.0,0,0.0,0.0
2022-10-24 12:00:00+09:00,3150.0,3160.0,3150.0,3155.0,279800,0.0,0.0
2022-10-24 13:00:00+09:00,3160.0,3160.0,3145.0,3155.0,61700,0.0,0.0
2022-10-24 14:00:00+09:00,3155.0,3155.0,3130.0,3130.0,107600,0.0,0.0
2022-10-25 09:00:00+09:00,3145.0,3165.0,3140.0,3160.0,160800,0.0,0.0
2022-10-25 10:00:00+09:00,3160.0,3175.0,3135.0,3165.0,83000,0.0,0.0
2022-10-25 11:00:00+09:00,3165.0,3165.0,3145.0,3145.0,0,0.0,0.0
2022-10-25 12:00:00+09:00,3170.0,3190.0,3165.0,3180.0,344600,0.0,0.0
2022-10-25 13:00:00+09:00,3180.0,3180.0,3165.0,3170.0,52700,0.0,0.0
2022-10-25 14:00:00+09:00,3170.0,3180.0,3165.0,3175.0,122800,0.0,0.0
2022-10-26 09:00:00+09:00,3225.0,3260.0,3215.0,3240.0,220500,0.0,0.0
2022-10-26 10:00:00+09:00,3240.0,3245.0,3235.0,3240.0,107600,0.0,0.0
2022-10-26 11:00:00+09:00,3245.0,3255.0,3245.0,3255.0,0,0.0,0.0
2022-10-26 12:00:00+09:00,3255.0,3255.0,3245.0,3245.0,430200,0.0,0.0
2022-10-26 13:00:00+09:00,3245.0,3250.0,3235.0,3240.0,70500,0.0,0.0
2022-10-26 14:00:00+09:00,3235.0,3235.0,3220.0,3225.0,75200,0.0,0.0
2022-10-27 09:00:00+09:00,3215.0,3235.0,3180.0,3220.0,206600,0.0,0.0
2022-10-27 10:00:00+09:00,3220.0,3255.0,3220.0,3250.0,90400,0.0,0.0
2022-10-27 11:00:00+09:00,3245.0,3245.0,3235.0,3235.0,0,0.0,0.0
2022-10-27 12:00:00+09:00,3225.0,3235.0,3220.0,3235.0,396200,0.0,0.0
2022-10-27 13:00:00+09:00,3240.0,3260.0,3240.0,3260.0,116700,0.0,0.0
2022-10-27 14:00:00+09:00,3260.0,3265.0,3245.0,3255.0,160600,0.0,0.0
2022-10-28 09:00:00+09:00,3040.0,3130.0,3010.0,3130.0,553700,0.0,0.0
2022-10-28 10:00:00+09:00,3130.0,3165.0,3115.0,3155.0,233500,0.0,0.0
2022-10-28 11:00:00+09:00,3155.0,3175.0,3150.0,3165.0,0,0.0,0.0
2022-10-28 12:00:00+09:00,3170.0,3180.0,3130.0,3180.0,1093000,0.0,0.0
2022-10-28 13:00:00+09:00,3180.0,3185.0,3160.0,3180.0,227300,0.0,0.0
2022-10-28 14:00:00+09:00,3185.0,3190.0,3160.0,3170.0,507100,0.0,0.0
2022-10-31 09:00:00+09:00,3190.0,3255.0,3165.0,3245.0,354400,0.0,0.0
2022-10-31 10:00:00+09:00,3240.0,3240.0,3135.0,3165.0,248100,0.0,0.0
2022-10-31 11:00:00+09:00,3170.0,3200.0,3170.0,3195.0,0,0.0,0.0
2022-10-31 12:00:00+09:00,3205.0,3205.0,3175.0,3185.0,841500,0.0,0.0
2022-10-31 13:00:00+09:00,3190.0,3195.0,3160.0,3170.0,133400,0.0,0.0
2022-10-31 14:00:00+09:00,3170.0,3195.0,3165.0,3180.0,271400,0.0,0.0
2022-11-01 09:00:00+09:00,3165.0,3195.0,3135.0,3175.0,154100,0.0,0.0
2022-11-01 10:00:00+09:00,3180.0,3190.0,3160.0,3160.0,71500,0.0,0.0
2022-11-01 11:00:00+09:00,3160.0,3180.0,3155.0,3175.0,0,0.0,0.0
2022-11-01 12:00:00+09:00,3160.0,3190.0,3160.0,3180.0,334800,0.0,0.0
2022-11-01 13:00:00+09:00,3175.0,3175.0,3165.0,3170.0,53700,0.0,0.0
2022-11-01 14:00:00+09:00,3165.0,3175.0,3160.0,3170.0,98000,0.0,0.0
2022-11-02 09:00:00+09:00,3190.0,3195.0,3140.0,3145.0,131500,0.0,0.0
2022-11-02 10:00:00+09:00,3140.0,3150.0,3125.0,3130.0,67300,0.0,0.0
2022-11-02 11:00:00+09:00,3135.0,3140.0,3135.0,3135.0,0,0.0,0.0
2022-11-02 12:00:00+09:00,3135.0,3135.0,3125.0,3130.0,259800,0.0,0.0
2022-11-02 13:00:00+09:00,3130.0,3130.0,3110.0,3115.0,51100,0.0,0.0
2022-11-02 14:00:00+09:00,3115.0,3125.0,3110.0,3120.0,67900,0.0,0.0
2022-11-04 09:00:00+09:00,3050.0,3080.0,2995.0,3010.0,295800,0.0,0.0
2022-11-04 10:00:00+09:00,3010.0,3010.0,2985.0,2991.0,107800,0.0,0.0
2022-11-04 11:00:00+09:00,2991.0,3005.0,2986.0,3005.0,0,0.0,0.0
2022-11-04 12:00:00+09:00,3005.0,3010.0,3000.0,3000.0,481000,0.0,0.0
2022-11-04 13:00:00+09:00,3000.0,3025.0,2999.0,3020.0,65400,0.0,0.0
2022-11-04 14:00:00+09:00,3025.0,3035.0,3020.0,3030.0,75300,0.0,0.0
2022-11-07 09:00:00+09:00,3075.0,3150.0,3070.0,3140.0,209100,0.0,0.0
2022-11-07 10:00:00+09:00,3135.0,3155.0,3120.0,3150.0,151800,0.0,0.0
2022-11-07 11:00:00+09:00,3150.0,3155.0,3125.0,3125.0,0,0.0,0.0
2022-11-07 12:00:00+09:00,3135.0,3145.0,3130.0,3135.0,427300,0.0,0.0
2022-11-07 13:00:00+09:00,3140.0,3155.0,3135.0,3140.0,59600,0.0,0.0
2022-11-07 14:00:00+09:00,3145.0,3150.0,3135.0,3150.0,94600,0.0,0.0
2022-11-08 09:00:00+09:00,3145.0,3155.0,3125.0,3145.0,107100,0.0,0.0
2022-11-08 10:00:00+09:00,3145.0,3170.0,3135.0,3145.0,83500,0.0,0.0
2022-11-08 11:00:00+09:00,3145.0,3150.0,3130.0,3135.0,0,0.0,0.0
2022-11-08 12:00:00+09:00,3150.0,3150.0,3140.0,3150.0,237100,0.0,0.0
2022-11-08 13:00:00+09:00,3155.0,3170.0,3145.0,3165.0,47400,0.0,0.0
2022-11-08 14:00:00+09:00,3165.0,3180.0,3155.0,3175.0,128600,0.0,0.0
2022-11-09 09:00:00+09:00,3170.0,3170.0,3120.0,3130.0,148700,0.0,0.0
2022-11-09 10:00:00+09:00,3130.0,3135.0,3115.0,3135.0,74200,0.0,0.0
2022-11-09 11:00:00+09:00,3135.0,3140.0,3130.0,3140.0,0,0.0,0.0
2022-11-09 12:00:00+09:00,3125.0,3135.0,3110.0,3120.0,301400,0.0,0.0
2022-11-09 13:00:00+09:00,3120.0,3135.0,3120.0,3130.0,56300,0.0,0.0
2022-11-09 14:00:00+09:00,3125.0,3130.0,3115.0,3120.0,75100,0.0,0.0
2022-11-10 09:00:00+09:00,3090.0,3095.0,3055.0,3060.0,124100,0.0,0.0
2022-11-10 10:00:00+09:00,3060.0,3070.0,3050.0,3055.0,50100,0.0,0.0
2022-11-10 11:00:00+09:00,3050.0,3060.0,3045.0,3045.0,0,0.0,0.0
2022-11-10 12:00:00+09:00,3045.0,3050.0,3035.0,3035.0,219500,0.0,0.0
2022-11-10 13:00:00+09:00,3035.0,3045.0,3020.0,3035.0,48600,0.0,0.0
2022-11-10 14:00:00+09:00,3040.0,3040.0,3020.0,3025.0,112700,0.0,0.0
2022-11-11 09:00:00+09:00,3145.0,3265.0,3130.0,3260.0,444400,0.0,0.0
2022-11-11 10:00:00+09:00,3265.0,3270.0,3215.0,3220.0,145900,0.0,0.0
2022-11-11 11:00:00+09:00,3225.0,3245.0,3220.0,3245.0,0,0.0,0.0
2022-11-11 12:00:00+09:00,3245.0,3285.0,3245.0,3270.0,721900,0.0,0.0
2022-11-11 13:00:00+09:00,3270.0,3305.0,3270.0,3285.0,166500,0.0,0.0
2022-11-11 14:00:00+09:00,3285.0,3330.0,3285.0,3315.0,223800,0.0,0.0
2022-11-14 09:00:00+09:00,3310.0,3365.0,3280.0,3345.0,302000,0.0,0.0
2022-11-14 10:00:00+09:00,3345.0,3385.0,3340.0,3365.0,134800,0.0,0.0
2022-11-14 11:00:00+09:00,3370.0,3380.0,3345.0,3355.0,0,0.0,0.0
2022-11-14 12:00:00+09:00,3340.0,3390.0,3340.0,3390.0,570500,0.0,0.0
2022-11-14 13:00:00+09:00,3385.0,3400.0,3375.0,3395.0,59800,0.0,0.0
2022-11-14 14:00:00+09:00,3400.0,3405.0,3355.0,3365.0,154500,0.0,0.0
2022-11-15 09:00:00+09:00,3370.0,3370.0,3305.0,3310.0,127800,0.0,0.0
2022-11-15 10:00:00+09:00,3310.0,3315.0,3285.0,3300.0,94200,0.0,0.0
2022-11-15 11:00:00+09:00,3295.0,3320.0,3295.0,3305.0,0,0.0,0.0
2022-11-15 12:00:00+09:00,3315.0,3350.0,3310.0,3345.0,346000,0.0,0.0
2022-11-15 13:00:00+09:00,3345.0,3345.0,3320.0,3340.0,40600,0.0,0.0
2022-11-15 14:00:00+09:00,3345.0,3355.0,3340.0,3350.0,69000,0.0,0.0
2022-11-16 09:00:00+09:00,3350.0,3355.0,3315.0,3340.0,205000,0.0,0.0
2022-11-16 10:00:00+09:00,3340.0,3355.0,3340.0,3350.0,76600,0.0,0.0
2022-11-16 11:00:00+09:00,3355.0,3390.0,3355.0,3370.0,0,0.0,0.0
2022-11-16 12:00:00+09:00,3390.0,3395.0,3365.0,3380.0,473200,0.0,0.0
2022-11-16 13:00:00+09:00,3380.0,3380.0,3360.0,3360.0,42300,0.0,0.0
2022-11-16 14:00:00+09:00,3360.0,3370.0,3350.0,3350.0,95000,0.0,0.0
2022-11-17 09:00:00+09:00,3335.0,3345.0,3295.0,3315.0,82900,0.0,0.0
2022-11-17 10:00:00+09:00,3315.0,3315.0,3290.0,3290.0,110100,0.0,0.0
2022-11-17 11:00:00+09:00,3290.0,3310.0,3285.0,3285.0,0,0.0,0.0
2022-11-17 12:00:00+09:00,3295.0,3300.0,3285.0,3285.0,269100,0.0,0.0
2022-11-17 13:00:00+09:00,3290.0,3295.0,3285.0,3285.0,38200,0.0,0.0
2022-11-17 14:00:00+09:00,3285.0,3295.0,3285.0,3285.0,56800,0.0,0.0
2022-11-18 09:00:00+09:00,3290.0,3340.0,3265.0,3325.0,139000,0.0,0.0
2022-11-18 10:00:00+09:00,3325.0,3340.0,3315.0,3330.0,50500,0.0,0.0
2022-11-18 11:00:00+09:00,3330.0,3340.0,3325.0,3335.0,0,0.0,0.0
2022-11-18 12:00:00+09:00,3350.0,3350.0,3325.0,3330.0,247200,0.0,0.0
2022-11-18 13:00:00+09:00,3330.0,3330.0,3300.0,3310.0,33100,0.0,0.0
2022-11-18 14:00:00+09:00,3310.0,3315.0,3295.0,3310.0,45700,0.0,0.0
2022-11-21 09:00:00+09:00,3515.0,3525.0,3445.0,3485.0,304900,0.0,0.0
2022-11-21 10:00:00+09:00,3485.0,3490.0,3440.0,3440.0,82000,0.0,0.0
2022-11-21 11:00:00+09:00,3440.0,3445.0,3410.0,3420.0,0,0.0,0.0
2022-11-21 12:00:00+09:00,3415.0,3445.0,3405.0,3430.0,504300,0.0,0.0
2022-11-21 13:00:00+09:00,3430.0,3450.0,3430.0,3435.0,46200,0.0,0.0
2022-11-21 14:00:00+09:00,3435.0,3485.0,3435.0,3485.0,130100,0.0,0.0
2022-11-22 09:00:00+09:00,3510.0,3560.0,3505.0,3510.0,229900,0.0,0.0
2022-11-22 10:00:00+09:00,3510.0,3530.0,3490.0,3500.0,82800,0.0,0.0
2022-11-22 11:00:00+09:00,3505.0,3510.0,3480.0,3490.0,0,0.0,0.0
2022-11-22 12:00:00+09:00,3495.0,3495.0,3470.0,3485.0,399600,0.0,0.0
2022-11-22 13:00:00+09:00,3485.0,3490.0,3470.0,3475.0,41200,0.0,0.0
2022-11-22 14:00:00+09:00,3470.0,3470.0,3455.0,3470.0,83800,0.0,0.0
2022-11-24 09:00:00+09:00,3560.0,3580.0,3540.0,3580.0,200400,0.0,0.0
2022-11-24 10:00:00+09:00,3580.0,3615.0,3580.0,3605.0,151800,0.0,0.0
2022-11-24 11:00:00+09:00,3605.0,3625.0,3605.0,3625.0,0,0.0,0.0
2022-11-24 12:00:00+09:00,3635.0,3635.0,3610.0,3610.0,488800,0.0,0.0
2022-11-24 13:00:00+09:00,3610.0,3630.0,3610.0,3620.0,54500,0.0,0.0
2022-11-24 14:00:00+09:00,3620.0,3645.0,3615.0,3640.0,223900,0.0,0.0
2022-11-25 09:00:00+09:00,3610.0,3625.0,3555.0,3565.0,118200,0.0,0.0
2022-11-25 10:00:00+09:00,3565.0,3570.0,3550.0,3570.0,70600,0.0,0.0
2022-11-25 11:00:00+09:00,3565.0,3565.0,3520.0,3530.0,0,0.0,0.0
2022-11-25 12:00:00+09:00,3530.0,3530.0,3515.0,3525.0,272200,0.0,0.0
2022-11-25 13:00:00+09:00,3525.0,3530.0,3515.0,3515.0,44900,0.0,0.0
2022-11-25 14:00:00+09:00,3515.0,3520.0,3500.0,3500.0,137200,0.0,0.0
2022-11-28 09:00:00+09:00,3515.0,3520.0,3475.0,3500.0,140500,0.0,0.0
2022-11-28 10:00:00+09:00,3500.0,3545.0,3500.0,3535.0,48400,0.0,0.0
2022-11-28 11:00:00+09:00,3535.0,3535.0,3530.0,3535.0,0,0.0,0.0
2022-11-28 12:00:00+09:00,3555.0,3570.0,3550.0,3565.0,258500,0.0,0.0
2022-11-28 13:00:00+09:00,3565.0,3570.0,3555.0,3565.0,23500,0.0,0.0
2022-11-28 14:00:00+09:00,3565.0,3565.0,3540.0,3550.0,76900,0.0,0.0
2022-11-29 09:00:00+09:00,3375.0,3430.0,3375.0,3400.0,249800,0.0,0.0
2022-11-29 10:00:00+09:00,3405.0,3420.0,3375.0,3395.0,146200,0.0,0.0
2022-11-29 11:00:00+09:00,3395.0,3430.0,3395.0,3405.0,0,0.0,0.0
2022-11-29 12:00:00+09:00,3395.0,3420.0,3395.0,3415.0,526000,0.0,0.0
2022-11-29 13:00:00+09:00,3415.0,3445.0,3410.0,3440.0,120500,0.0,0.0
2022-11-29 14:00:00+09:00,3445.0,3465.0,3440.0,3465.0,170300,0.0,0.0
2022-11-30 09:00:00+09:00,3425.0,3450.0,3405.0,3440.0,145900,0.0,0.0
2022-11-30 10:00:00+09:00,3440.0,3460.0,3420.0,3425.0,101600,0.0,0.0
2022-11-30 11:00:00+09:00,3425.0,3430.0,3415.0,3420.0,0,0.0,0.0
2022-11-30 12:00:00+09:00,3425.0,3425.0,3415.0,3420.0,311900,0.0,0.0
2022-11-30 13:00:00+09:00,3420.0,3425.0,3405.0,3405.0,72200,0.0,0.0
2022-11-30 14:00:00+09:00,3405.0,3405.0,3340.0,3340.0,390700,0.0,0.0
2022-12-01 09:00:00+09:00,3490.0,3515.0,3440.0,3455.0,267600,0.0,0.0
2022-12-01 10:00:00+09:00,3455.0,3495.0,3450.0,3480.0,119700,0.0,0.0
2022-12-01 11:00:00+09:00,3485.0,3505.0,3485.0,3500.0,0,0.0,0.0
2022-12-01 12:00:00+09:00,3485.0,3525.0,3485.0,3520.0,492000,0.0,0.0
2022-12-01 13:00:00+09:00,3520.0,3520.0,3490.0,3515.0,75700,0.0,0.0
2022-12-01 14:00:00+09:00,3515.0,3530.0,3515.0,3520.0,92300,0.0,0.0
2022-12-02 09:00:00+09:00,3465.0,3465.0,3405.0,3425.0,258000,0.0,0.0
2022-12-02 10:00:00+09:00,3420.0,3430.0,3410.0,3425.0,120600,0.0,0.0
2022-12-02 11:00:00+09:00,3425.0,3425.0,3410.0,3415.0,0,0.0,0.0
2022-12-02 12:00:00+09:00,3415.0,3430.0,3415.0,3430.0,434400,0.0,0.0
2022-12-02 13:00:00+09:00,3425.0,3440.0,3425.0,3440.0,32800,0.0,0.0
2022-12-02 14:00:00+09:00,3435.0,3450.0,3430.0,3430.0,53300,0.0,0.0
2022-12-05 09:00:00+09:00,3420.0,3445.0,3385.0,3420.0,143400,0.0,0.0
2022-12-05 10:00:00+09:00,3415.0,3425.0,3390.0,3390.0,81100,0.0,0.0
2022-12-05 11:00:00+09:00,3395.0,3405.0,3390.0,3395.0,0,0.0,0.0
2022-12-05 12:00:00+09:00,3390.0,3420.0,3385.0,3420.0,329500,0.0,0.0
2022-12-05 13:00:00+09:00,3420.0,3430.0,3415.0,3425.0,63200,0.0,0.0
2022-12-05 14:00:00+09:00,3425.0,3425.0,3415.0,3425.0,78300,0.0,0.0
2022-12-06 09:00:00+09:00,3360.0,3385.0,3335.0,3370.0,148600,0.0,0.0
2022-12-06 10:00:00+09:00,3375.0,3385.0,3355.0,3360.0,81500,0.0,0.0
2022-12-06 11:00:00+09:00,3360.0,3380.0,3360.0,3365.0,0,0.0,0.0
2022-12-06 12:00:00+09:00,3365.0,3370.0,3305.0,3305.0,369000,0.0,0.0
2022-12-06 13:00:00+09:00,3305.0,3335.0,3300.0,3335.0,50000,0.0,0.0
2022-12-06 14:00:00+09:00,3330.0,3340.0,3320.0,3320.0,131100,0.0,0.0
2022-12-07 09:00:00+09:00,3265.0,3300.0,3245.0,3295.0,269600,0.0,0.0
2022-12-07 10:00:00+09:00,3295.0,3315.0,3295.0,3305.0,150500,0.0,0.0
2022-12-07 11:00:00+09:00,3305.0,3310.0,3295.0,3300.0,0,0.0,0.0
2022-12-07 12:00:00+09:00,3285.0,3290.0,3275.0,3285.0,491800,0.0,0.0
2022-12-07 13:00:00+09:00,3285.0,3285.0,3275.0,3280.0,43900,0.0,0.0
2022-12-07 14:00:00+09:00,3280.0,3290.0,3265.0,3270.0,121000,0.0,0.0
2022-12-08 09:00:00+09:00,3245.0,3250.0,3185.0,3200.0,202000,0.0,0.0
2022-12-08 10:00:00+09:00,3195.0,3205.0,3190.0,3205.0,66900,0.0,0.0
2022-12-08 11:00:00+09:00,3210.0,3215.0,3205.0,3210.0,0,0.0,0.0
2022-12-08 12:00:00+09:00,3210.0,3220.0,3200.0,3210.0,364900,0.0,0.0
2022-12-08 13:00:00+09:00,3215.0,3225.0,3210.0,3215.0,57500,0.0,0.0
2022-12-08 14:00:00+09:00,3215.0,3225.0,3205.0,3215.0,104400,0.0,0.0
2022-12-09 09:00:00+09:00,3290.0,3350.0,3265.0,3350.0,458500,0.0,0.0
2022-12-09 10:00:00+09:00,3345.0,3350.0,3320.0,3345.0,112000,0.0,0.0
2022-12-09 11:00:00+09:00,3345.0,3360.0,3345.0,3355.0,0,0.0,0.0
2022-12-09 12:00:00+09:00,3370.0,3380.0,3360.0,3370.0,697900,0.0,0.0
2022-12-09 13:00:00+09:00,3375.0,3395.0,3375.0,3375.0,82100,0.0,0.0
2022-12-09 14:00:00+09:00,3375.0,3400.0,3375.0,3385.0,126000,0.0,0.0
2022-12-12 09:00:00+09:00,3365.0,3395.0,3340.0,3395.0,88500,0.0,0.0
2022-12-12 10:00:00+09:00,3390.0,3420.0,3385.0,3420.0,61400,0.0,0.0
2022-12-12 11:00:00+09:00,3415.0,3415.0,3400.0,3400.0,0,0.0,0.0
2022-12-12 12:00:00+09:00,3400.0,3410.0,3390.0,3390.0,215700,0.0,0.0
2022-12-12 13:00:00+09:00,3390.0,3410.0,3390.0,3390.0,32100,0.0,0.0
2022-12-12 14:00:00+09:00,3395.0,3410.0,3390.0,3395.0,54700,0.0,0.0
2022-12-13 09:00:00+09:00,3395.0,3430.0,3380.0,3385.0,78800,0.0,0.0
2022-12-13 10:00:00+09:00,3380.0,3380.0,3340.0,3345.0,54900,0.0,0.0
2022-12-13 11:00:00+09:00,3345.0,3355.0,3345.0,3350.0,0,0.0,0.0
2022-12-13 12:00:00+09:00,3355.0,3370.0,3345.0,3355.0,186200,0.0,0.0
2022-12-13 13:00:00+09:00,3355.0,3355.0,3330.0,3335.0,31300,0.0,0.0
2022-12-13 14:00:00+09:00,3335.0,3355.0,3330.0,3340.0,81800,0.0,0.0
2022-12-14 09:00:00+09:00,3335.0,3355.0,3325.0,3335.0,71000,0.0,0.0
2022-12-14 10:00:00+09:00,3340.0,3345.0,3335.0,3345.0,62000,0.0,0.0
2022-12-14 11:00:00+09:00,3345.0,3350.0,3330.0,3335.0,0,0.0,0.0
2022-12-14 12:00:00+09:00,3325.0,3335.0,3320.0,3320.0,193300,0.0,0.0
2022-12-14 13:00:00+09:00,3320.0,3335.0,3320.0,3325.0,29600,0.0,0.0
2022-12-14 14:00:00+09:00,3330.0,3330.0,3310.0,3315.0,66100,0.0,0.0
2022-12-15 09:00:00+09:00,3300.0,3305.0,3265.0,3265.0,170600,0.0,0.0
2022-12-15 10:00:00+09:00,3265.0,3270.0,3245.0,3265.0,156500,0.0,0.0
2022-12-15 11:00:00+09:00,3265.0,3280.0,3255.0,3270.0,0,0.0,0.0
2022-12-15 12:00:00+09:00,3250.0,3280.0,3250.0,3275.0,441600,0.0,0.0
2022-12-15 13:00:00+09:00,3275.0,3285.0,3265.0,3280.0,143600,0.0,0.0
2022-12-15 14:00:00+09:00,3275.0,3280.0,3260.0,3280.0,132900,0.0,0.0
2022-12-16 09:00:00+09:00,3230.0,3245.0,3200.0,3245.0,117900,0.0,0.0
2022-12-16 10:00:00+09:00,3240.0,3255.0,3230.0,3240.0,89800,0.0,0.0
2022-12-16 11:00:00+09:00,3240.0,3245.0,3230.0,3240.0,0,0.0,0.0
2022-12-16 12:00:00+09:00,3225.0,3245.0,3225.0,3240.0,285300,0.0,0.0
2022-12-16 13:00:00+09:00,3240.0,3260.0,3235.0,3245.0,140600,0.0,0.0
2022-12-16 14:00:00+09:00,3245.0,3255.0,3215.0,3215.0,226900,0.0,0.0
2022-12-19 09:00:00+09:00,3190.0,3245.0,3185.0,3245.0,0,0.0,0.0
2022-12-19 10:00:00+09:00,3245.0,3260.0,3245.0,3260.0,184400,0.0,0.0
2022-12-19 11:00:00+09:00,3255.0,3265.0,3255.0,3260.0,0,0.0,0.0
2022-12-19 12:00:00+09:00,3255.0,3260.0,3245.0,3245.0,234100,0.0,0.0
2022-12-19 13:00:00+09:00,3250.0,3255.0,3245.0,3245.0,45600,0.0,0.0
2022-12-19 14:00:00+09:00,3245.0,3250.0,3235.0,3235.0,87500,0.0,0.0
2022-12-20 09:00:00+09:00,3200.0,3215.0,3165.0,3215.0,116600,0.0,0.0
2022-12-20 10:00:00+09:00,3210.0,3220.0,3210.0,3220.0,29300,0.0,0.0
2022-12-20 11:00:00+09:00,3215.0,3220.0,3205.0,3205.0,0,0.0,0.0
2022-12-20 12:00:00+09:00,3085.0,3125.0,3085.0,3100.0,311600,0.0,0.0
2022-12-20 13:00:00+09:00,3100.0,3105.0,3060.0,3065.0,144400,0.0,0.0
2022-12-20 14:00:00+09:00,3065.0,3070.0,3045.0,3070.0,175000,0.0,0.0
2022-12-21 09:00:00+09:00,3075.0,3085.0,2990.0,3015.0,171400,0.0,0.0
2022-12-21 10:00:00+09:00,3020.0,3050.0,3010.0,3035.0,180900,0.0,0.0
2022-12-21 11:00:00+09:00,3040.0,3050.0,3040.0,3040.0,0,0.0,0.0
2022-12-21 12:00:00+09:00,3040.0,3040.0,3010.0,3030.0,462700,0.0,0.0
2022-12-21 13:00:00+09:00,3035.0,3040.0,3020.0,3035.0,80300,0.0,0.0
2022-12-21 14:00:00+09:00,3030.0,3045.0,3025.0,3030.0,115200,0.0,0.0
2022-12-22 09:00:00+09:00,3045.0,3060.0,3010.0,3010.0,176200,0.0,0.0
2022-12-22 10:00:00+09:00,3010.0,3015.0,2994.0,3000.0,100800,0.0,0.0
2022-12-22 11:00:00+09:00,3005.0,3010.0,3000.0,3005.0,0,0.0,0.0
2022-12-22 12:00:00+09:00,3000.0,3015.0,2991.0,3005.0,414400,0.0,0.0
2022-12-22 13:00:00+09:00,3005.0,3015.0,3005.0,3005.0,49900,0.0,0.0
2022-12-22 14:00:00+09:00,3005.0,3010.0,3000.0,3000.0,91500,0.0,0.0
2022-12-23 09:00:00+09:00,2955.0,2978.0,2928.0,2940.0,191600,0.0,0.0
2022-12-23 10:00:00+09:00,2941.0,2971.0,2941.0,2966.0,173600,0.0,0.0
2022-12-23 11:00:00+09:00,2966.0,2968.0,2959.0,2962.0,0,0.0,0.0
2022-12-23 12:00:00+09:00,2962.0,2968.0,2960.0,2966.0,473800,0.0,0.0
2022-12-23 13:00:00+09:00,2965.0,2966.0,2959.0,2961.0,59700,0.0,0.0
2022-12-23 14:00:00+09:00,2960.0,2965.0,2955.0,2959.0,98400,0.0,0.0
2022-12-26 09:00:00+09:00,2927.0,2953.0,2901.0,2912.0,256300,0.0,0.0
2022-12-26 10:00:00+09:00,2917.0,2921.0,2902.0,2918.0,65500,0.0,0.0
2022-12-26 11:00:00+09:00,2921.0,2926.0,2920.0,2920.0,0,0.0,0.0
2022-12-26 12:00:00+09:00,2910.0,2917.0,2889.0,2909.0,509500,0.0,0.0
2022-12-26 13:00:00+09:00,2910.0,2918.0,2909.0,2917.0,57200,0.0,0.0
2022-12-26 14:00:00+09:00,2916.0,2916.0,2901.0,2906.0,70800,0.0,0.0
2022-12-27 09:00:00+09:00,2946.0,2951.0,2916.0,2920.0,93000,0.0,0.0
2022-12-27 10:00:00+09:00,2921.0,2937.0,2921.0,2934.0,27200,0.0,0.0
2022-12-27 11:00:00+09:00,2933.0,2933.0,2928.0,2931.0,0,0.0,0.0
2022-12-27 12:00:00+09:00,2936.0,2936.0,2910.0,2912.0,170800,0.0,0.0
2022-12-27 13:00:00+09:00,2912.0,2913.0,2904.0,2906.0,35000,0.0,0.0
2022-12-27 14:00:00+09:00,2906.0,2917.0,2902.0,2917.0,75800,0.0,0.0
2022-12-28 09:00:00+09:00,2885.0,2898.0,2877.0,2889.0,97800,0.0,0.0
2022-12-28 10:00:00+09:00,2891.0,2893.0,2881.0,2889.0,24300,0.0,0.0
2022-12-28 11:00:00+09:00,2888.0,2890.0,2883.0,2886.0,0,0.0,0.0
2022-12-28 12:00:00+09:00,2885.0,2892.0,2882.0,2886.0,171000,0.0,0.0
2022-12-28 13:00:00+09:00,2887.0,2894.0,2883.0,2894.0,45500,0.0,0.0
2022-12-28 14:00:00+09:00,2893.0,2894.0,2887.0,2891.0,84600,0.0,0.0
2022-12-29 09:00:00+09:00,2858.0,2860.0,2811.0,2848.0,146900,0.0,0.0
2022-12-29 10:00:00+09:00,2848.0,2848.0,2825.0,2830.0,74600,0.0,0.0
2022-12-29 11:00:00+09:00,2828.0,2836.0,2827.0,2836.0,0,0.0,0.0
2022-12-29 12:00:00+09:00,2830.0,2844.0,2830.0,2843.0,294000,0.0,0.0
2022-12-29 13:00:00+09:00,2845.0,2855.0,2845.0,2854.0,53200,0.0,0.0
2022-12-29 14:00:00+09:00,2854.0,2865.0,2849.0,2865.0,100500,0.0,0.0
2022-12-30 09:00:00+09:00,2916.0,2936.0,2892.0,2899.0,123800,0.0,0.0
2022-12-30 10:00:00+09:00,2900.0,2907.0,2890.0,2900.0,68400,0.0,0.0
2022-12-30 11:00:00+09:00,2901.0,2913.0,2901.0,2912.0,0,0.0,0.0
2022-12-30 12:00:00+09:00,2925.0,2929.0,2914.0,2917.0,274300,0.0,0.0
2022-12-30 13:00:00+09:00,2916.0,2918.0,2906.0,2907.0,45700,0.0,0.0
2022-12-30 14:00:00+09:00,2907.0,2908.0,2880.0,2882.0,90700,0.0,0.0
2023-01-04 09:00:00+09:00,2849.0,2849.0,2801.0,2818.0,181800,0.0,0.0
2023-01-04 10:00:00+09:00,2816.0,2835.0,2812.0,2823.0,0,0.0,0.0
2023-01-04 11:00:00+09:00,2821.0,2821.0,2808.0,2808.0,0,0.0,0.0
2023-01-04 12:00:00+09:00,2807.0,2833.0,2803.0,2828.0,336800,0.0,0.0
2023-01-04 13:00:00+09:00,2828.0,2837.0,2828.0,2837.0,43200,0.0,0.0
2023-01-04 14:00:00+09:00,2837.0,2838.0,2813.0,2819.0,99400,0.0,0.0
2023-01-05 09:00:00+09:00,2801.0,2834.0,2794.0,2832.0,167900,0.0,0.0
2023-01-05 10:00:00+09:00,2832.0,2846.0,2823.0,2837.0,59200,0.0,0.0
2023-01-05 11:00:00+09:00,2836.0,2841.0,2828.0,2833.0,0,0.0,0.0
2023-01-05 12:00:00+09:00,2837.0,2869.0,2837.0,2867.0,319000,0.0,0.0
2023-01-05 13:00:00+09:00,2868.0,2880.0,2867.0,2878.0,63300,0.0,0.0
2023-01-05 14:00:00+09:00,2879.0,2894.0,2877.0,2885.0,127100,0.0,0.0
2023-01-06 09:00:00+09:00,2832.0,2882.0,2828.0,2851.0,178200,0.0,0.0
2023-01-06 10:00:00+09:00,2852.0,2864.0,2844.0,2856.0,64500,0.0,0.0
2023-01-06 11:00:00+09:00,2858.0,2869.0,2858.0,2862.0,0,0.0,0.0
2023-01-06 12:00:00+09:00,2875.0,2884.0,2868.0,2868.0,334700,0.0,0.0
2023-01-06 13:00:00+09:00,2868.0,2877.0,2867.0,2874.0,57200,0.0,0.0
2023-01-06 14:00:00+09:00,2874.0,2885.0,2864.0,2879.0,173100,0.0,0.0
2023-01-10 09:00:00+09:00,2976.0,2976.0,2879.0,2884.0,253900,0.0,0.0
2023-01-10 10:00:00+09:00,2884.0,2893.0,2864.0,2892.0,108600,0.0,0.0
2023-01-10 11:00:00+09:00,2893.0,2906.0,2889.0,2902.0,0,0.0,0.0
2023-01-10 12:00:00+09:00,2900.0,2903.0,2881.0,2881.0,497200,0.0,0.0
2023-01-10 13:00:00+09:00,2881.0,2885.0,2871.0,2874.0,101300,0.0,0.0
2023-01-10 14:00:00+09:00,2873.0,2875.0,2861.0,2863.0,158800,0.0,0.0
2023-01-11 09:00:00+09:00,2904.0,2943.0,2895.0,2943.0,238100,0.0,0.0
2023-01-11 10:00:00+09:00,2944.0,2951.0,2921.0,2939.0,97600,0.0,0.0
2023-01-11 11:00:00+09:00,2938.0,2942.0,2933.0,2942.0,0,0.0,0.0
2023-01-11 12:00:00+09:00,2934.0,2953.0,2933.0,2949.0,413300,0.0,0.0
2023-01-11 13:00:00+09:00,2948.0,2950.0,2932.0,2949.0,62400,0.0,0.0
2023-01-11 14:00:00+09:00,2949.0,2980.0,2949.0,2975.0,211500,0.0,0.0
2023-01-12 09:00:00+09:00,2990.0,3025.0,2979.0,3025.0,254400,0.0,0.0
2023-01-12 10:00:00+09:00,3025.0,3040.0,3025.0,3035.0,140100,0.0,0.0
2023-01-12 11:00:00+09:00,3040.0,3040.0,3025.0,3030.0,0,0.0,0.0
2023-01-12 12:00:00+09:00,3040.0,3045.0,3035.0,3040.0,463100,0.0,0.0
2023-01-12 13:00:00+09:00,3040.0,3055.0,3035.0,3050.0,103800,0.0,0.0
2023-01-12 14:00:00+09:00,3050.0,3070.0,3045.0,3055.0,176800,0.0,0.0
2023-01-13 09:00:00+09:00,3025.0,3065.0,3015.0,3035.0,0,0.0,0.0
2023-01-13 10:00:00+09:00,3035.0,3035.0,2986.0,3000.0,277200,0.0,0.0
2023-01-13 11:00:00+09:00,3005.0,3005.0,2994.0,2999.0,0,0.0,0.0
2023-01-13 12:00:00+09:00,3000.0,3010.0,2995.0,3005.0,330900,0.0,0.0
2023-01-13 13:00:00+09:00,3005.0,3020.0,3005.0,3010.0,42300,0.0,0.0
2023-01-13 14:00:00+09:00,3010.0,3015.0,3000.0,3010.0,50200,0.0,0.0
2023-01-16 09:00:00+09:00,2967.0,3005.0,2946.0,3000.0,280000,0.0,0.0
2023-01-16 10:00:00+09:00,2999.0,3010.0,2992.0,3000.0,128100,0.0,0.0
2023-01-16 11:00:00+09:00,3005.0,3005.0,2994.0,2996.0,0,0.0,0.0
2023-01-16 12:00:00+09:00,2990.0,2999.0,2986.0,2993.0,498000,0.0,0.0
2023-01-16 13:00:00+09:00,2992.0,3005.0,2984.0,3000.0,96000,0.0,0.0
2023-01-16 14:00:00+09:00,3000.0,3015.0,2994.0,2994.0,138100,0.0,0.0
2023-01-17 09:00:00+09:00,3015.0,3050.0,2997.0,3050.0,101100,0.0,0.0
2023-01-17 10:00:00+09:00,3045.0,3055.0,3035.0,3045.0,76100,0.0,0.0
2023-01-17 11:00:00+09:00,3045.0,3060.0,3040.0,3040.0,0,0.0,0.0
2023-01-17 12:00:00+09:00,3040.0,3040.0,3030.0,3030.0,268200,0.0,0.0
2023-01-17 13:00:00+09:00,3030.0,3045.0,3030.0,3040.0,42000,0.0,0.0
2023-01-17 14:00:00+09:00,3040.0,3045.0,3035.0,3040.0,77500,0.0,0.0
2023-01-18 09:00:00+09:00,3060.0,3070.0,3040.0,3050.0,96600,0.0,0.0
2023-01-18 10:00:00+09:00,3050.0,3080.0,3050.0,3065.0,44300,0.0,0.0
2023-01-18 11:00:00+09:00,3065.0,3065.0,3055.0,3060.0,0,0.0,0.0
2023-01-18 12:00:00+09:00,3130.0,3130.0,3085.0,3095.0,224400,0.0,0.0
2023-01-18 13:00:00+09:00,3095.0,3125.0,3095.0,3125.0,83500,0.0,0.0
2023-01-18 14:00:00+09:00,3120.0,3120.0,3105.0,3120.0,89600,0.0,0.0
2023-01-19 09:00:00+09:00,3115.0,3115.0,3075.0,3095.0,79200,0.0,0.0
2023-01-19 10:00:00+09:00,3100.0,3115.0,3095.0,3105.0,38400,0.0,0.0
2023-01-19 11:00:00+09:00,3110.0,3115.0,3105.0,3105.0,0,0.0,0.0
2023-01-19 12:00:00+09:00,3105.0,3115.0,3100.0,3100.0,178700,0.0,0.0
2023-01-19 13:00:00+09:00,3105.0,3105.0,3090.0,3100.0,25800,0.0,0.0
2023-01-19 14:00:00+09:00,3100.0,3105.0,3080.0,3085.0,46200,0.0,0.0
2023-01-20 09:00:00+09:00,3050.0,3075.0,3035.0,3055.0,94600,0.0,0.0
2023-01-20 10:00:00+09:00,3055.0,3070.0,3045.0,3065.0,40800,0.0,0.0
2023-01-20 11:00:00+09:00,3065.0,3075.0,3055.0,3055.0,0,0.0,0.0
2023-01-20 12:00:00+09:00,3065.0,3075.0,3060.0,3070.0,197100,0.0,0.0
2023-01-20 13:00:00+09:00,3070.0,3075.0,3060.0,3060.0,24200,0.0,0.0
2023-01-20 14:00:00+09:00,3060.0,3080.0,3055.0,3070.0,59200,0.0,0.0
2023-01-23 09:00:00+09:00,3140.0,3170.0,3105.0,3155.0,193400,0.0,0.0
2023-01-23 10:00:00+09:00,3160.0,3190.0,3160.0,3180.0,115300,0.0,0.0
2023-01-23 11:00:00+09:00,3180.0,3185.0,3165.0,3165.0,0,0.0,0.0
2023-01-23 12:00:00+09:00,3175.0,3185.0,3170.0,3170.0,407300,0.0,0.0
2023-01-23 13:00:00+09:00,3170.0,3185.0,3170.0,3180.0,76500,0.0,0.0
2023-01-23 14:00:00+09:00,3180.0,3195.0,3180.0,3185.0,104800,0.0,0.0
2023-01-24 09:00:00+09:00,3230.0,3260.0,3220.0,3255.0,157900,0.0,0.0
2023-01-24 10:00:00+09:00,3255.0,3260.0,3230.0,3250.0,59400,0.0,0.0
2023-01-24 11:00:00+09:00,3250.0,3250.0,3240.0,3250.0,0,0.0,0.0
2023-01-24 12:00:00+09:00,3250.0,3250.0,3215.0,3220.0,284300,0.0,0.0
2023-01-24 13:00:00+09:00,3220.0,3240.0,3215.0,3235.0,69100,0.0,0.0
2023-01-24 14:00:00+09:00,3230.0,3240.0,3225.0,3235.0,85700,0.0,0.0
2023-01-25 09:00:00+09:00,3200.0,3220.0,3195.0,3220.0,76800,0.0,0.0
2023-01-25 10:00:00+09:00,3225.0,3240.0,3220.0,3230.0,42200,0.0,0.0
2023-01-25 11:00:00+09:00,3230.0,3240.0,3230.0,3235.0,0,0.0,0.0
2023-01-25 12:00:00+09:00,3235.0,3255.0,3235.0,3255.0,176200,0.0,0.0
2023-01-25 13:00:00+09:00,3250.0,3250.0,3240.0,3245.0,49000,0.0,0.0
2023-01-25 14:00:00+09:00,3245.0,3255.0,3245.0,3245.0,81500,0.0,0.0
2023-01-26 09:00:00+09:00,3275.0,3275.0,3235.0,3250.0,66600,0.0,0.0
2023-01-26 10:00:00+09:00,3255.0,3275.0,3250.0,3260.0,81600,0.0,0.0
2023-01-26 11:00:00+09:00,3265.0,3265.0,3245.0,3250.0,0,0.0,0.0
2023-01-26 12:00:00+09:00,3250.0,3255.0,3240.0,3240.0,210600,0.0,0.0
2023-01-26 13:00:00+09:00,3240.0,3250.0,3225.0,3245.0,111000,0.0,0.0
2023-01-26 14:00:00+09:00,3245.0,3255.0,3240.0,3245.0,85800,0.0,0.0
2023-01-27 09:00:00+09:00,3230.0,3265.0,3220.0,3260.0,158600,0.0,0.0
2023-01-27 10:00:00+09:00,3255.0,3270.0,3250.0,3255.0,74500,0.0,0.0
2023-01-27 11:00:00+09:00,3250.0,3260.0,3250.0,3260.0,0,0.0,0.0
2023-01-27 12:00:00+09:00,3255.0,3255.0,3240.0,3245.0,277000,0.0,0.0
2023-01-27 13:00:00+09:00,3250.0,3260.0,3245.0,3245.0,47500,0.0,0.0
2023-01-27 14:00:00+09:00,3250.0,3255.0,3235.0,3245.0,120800,0.0,0.0
2023-01-30 09:00:00+09:00,3315.0,3415.0,3300.0,3355.0,597400,0.0,0.0
2023-01-30 10:00:00+09:00,3350.0,3355.0,3290.0,3310.0,327800,0.0,0.0
2023-01-30 11:00:00+09:00,3310.0,3320.0,3295.0,3305.0,0,0.0,0.0
2023-01-30 12:00:00+09:00,3310.0,3365.0,3305.0,3355.0,1210300,0.0,0.0
2023-01-30 13:00:00+09:00,3350.0,3360.0,3310.0,3325.0,217700,0.0,0.0
2023-01-30 14:00:00+09:00,3325.0,3340.0,3310.0,3310.0,298900,0.0,0.0
2023-01-31 09:00:00+09:00,3255.0,3325.0,3225.0,3285.0,192900,0.0,0.0
2023-01-31 10:00:00+09:00,3280.0,3290.0,3280.0,3290.0,87600,0.0,0.0
2023-01-31 11:00:00+09:00,3285.0,3290.0,3280.0,3280.0,0,0.0,0.0
2023-01-31 12:00:00+09:00,3285.0,3290.0,3280.0,3285.0,345800,0.0,0.0
2023-01-31 13:00:00+09:00,3285.0,3290.0,3255.0,3255.0,99600,0.0,0.0
2023-01-31 14:00:00+09:00,3260.0,3270.0,3235.0,3235.0,115200,0.0,0.0
2023-02-01 09:00:00+09:00,3300.0,3395.0,3270.0,3345.0,279400,0.0,0.0
2023-02-01 10:00:00+09:00,3345.0,3370.0,3315.0,3315.0,88900,0.0,0.0
2023-02-01 11:00:00+09:00,3320.0,3320.0,3305.0,3305.0,0,0.0,0.0
2023-02-01 12:00:00+09:00,3305.0,3310.0,3295.0,3295.0,451600,0.0,0.0
2023-02-01 13:00:00+09:00,3295.0,3310.0,3295.0,3310.0,59500,0.0,0.0
2023-02-01 14:00:00+09:00,3310.0,3315.0,3300.0,3300.0,104900,0.0,0.0
2023-02-02 09:00:00+09:00,3330.0,3335.0,3305.0,3320.0,166400,0.0,0.0
2023-02-02 10:00:00+09:00,3320.0,3345.0,3315.0,3330.0,71700,0.0,0.0
2023-02-02 11:00:00+09:00,3330.0,3330.0,3315.0,3315.0,0,0.0,0.0
2023-02-02 12:00:00+09:00,3310.0,3325.0,3310.0,3325.0,309900,0.0,0.0
2023-02-02 13:00:00+09:00,3325.0,3335.0,3315.0,3335.0,64000,0.0,0.0
2023-02-02 14:00:00+09:00,3335.0,3345.0,3325.0,3335.0,172700,0.0,0.0
2023-02-03 09:00:00+09:00,3315.0,3380.0,3295.0,3360.0,139100,0.0,0.0
2023-02-03 10:00:00+09:00,3360.0,3370.0,3340.0,3340.0,99500,0.0,0.0
2023-02-03 11:00:00+09:00,3340.0,3340.0,3305.0,3310.0,0,0.0,0.0
2023-02-03 12:00:00+09:00,3280.0,3305.0,3280.0,3295.0,392200,0.0,0.0
2023-02-03 13:00:00+09:00,3295.0,3300.0,3285.0,3300.0,83800,0.0,0.0
2023-02-03 14:00:00+09:00,3295.0,3300.0,3280.0,3285.0,88300,0.0,0.0
2023-02-06 09:00:00+09:00,3325.0,3360.0,3295.0,3295.0,0,0.0,0.0
2023-02-06 10:00:00+09:00,3300.0,3320.0,3290.0,3320.0,220100,0.0,0.0
2023-02-06 11:00:00+09:00,3315.0,3325.0,3310.0,3315.0,0,0.0,0.0
2023-02-06 12:00:00+09:00,3305.0,3305.0,3295.0,3300.0,296500,0.0,0.0
2023-02-06 13:00:00+09:00,3305.0,3310.0,3295.0,3305.0,50800,0.0,0.0
2023-02-06 14:00:00+09:00,3305.0,3330.0,3300.0,3320.0,155800,0.0,0.0
2023-02-07 09:00:00+09:00,3275.0,3315.0,3275.0,3305.0,110200,0.0,0.0
2023-02-07 10:00:00+09:00,3305.0,3310.0,3285.0,3300.0,55400,0.0,0.0
2023-02-07 11:00:00+09:00,3300.0,3310.0,3300.0,3310.0,0,0.0,0.0
2023-02-07 12:00:00+09:00,3310.0,3310.0,3290.0,3295.0,203800,0.0,0.0
2023-02-07 13:00:00+09:00,3295.0,3300.0,3280.0,3290.0,86100,0.0,0.0
2023-02-07 14:00:00+09:00,3290.0,3295.0,3280.0,3295.0,45900,0.0,0.0
2023-02-08 09:00:00+09:00,3315.0,3330.0,3295.0,3310.0,80900,0.0,0.0
2023-02-08 10:00:00+09:00,3310.0,3310.0,3285.0,3285.0,33500,0.0,0.0
2023-02-08 11:00:00+09:00,3290.0,3300.0,3285.0,3300.0,0,0.0,0.0
2023-02-08 12:00:00+09:00,3300.0,3300.0,3290.0,3295.0,176300,0.0,0.0
2023-02-08 13:00:00+09:00,3290.0,3300.0,3290.0,3290.0,14300,0.0,0.0
2023-02-08 14:00:00+09:00,3295.0,3295.0,3285.0,3295.0,66400,0.0,0.0
2023-02-09 09:00:00+09:00,3260.0,3290.0,3260.0,3285.0,76200,0.0,0.0
2023-02-09 10:00:00+09:00,3285.0,3300.0,3285.0,3290.0,22200,0.0,0.0
2023-02-09 11:00:00+09:00,3290.0,3290.0,3280.0,3280.0,0,0.0,0.0
2023-02-09 12:00:00+09:00,3295.0,3295.0,3275.0,3285.0,152400,0.0,0.0
2023-02-09 13:00:00+09:00,3290.0,3295.0,3285.0,3285.0,25600,0.0,0.0
2023-02-09 14:00:00+09:00,3285.0,3295.0,3280.0,3285.0,33900,0.0,0.0
2023-02-10 09:00:00+09:00,3225.0,3295.0,3225.0,3295.0,101300,0.0,0.0
2023-02-10 10:00:00+09:00,3295.0,3345.0,3295.0,3330.0,64800,0.0,0.0
2023-02-10 11:00:00+09:00,3330.0,3335.0,3325.0,3335.0,0,0.0,0.0
2023-02-10 12:00:00+09:00,3310.0,3325.0,3305.0,3305.0,233600,0.0,0.0
2023-02-10 13:00:00+09:00,3310.0,3310.0,3295.0,3300.0,15500,0.0,0.0
2023-02-10 14:00:00+09:00,3295.0,3310.0,3290.0,3310.0,92200,0.0,0.0
2023-02-13 09:00:00+09:00,3295.0,3305.0,3245.0,3250.0,71500,0.0,0.0
2023-02-13 10:00:00+09:00,3245.0,3245.0,3210.0,3230.0,76200,0.0,0.0
2023-02-13 11:00:00+09:00,3230.0,3235.0,3215.0,3235.0,0,0.0,0.0
2023-02-13 12:00:00+09:00,3245.0,3255.0,3235.0,3240.0,217200,0.0,0.0
2023-02-13 13:00:00+09:00,3240.0,3245.0,3230.0,3230.0,49400,0.0,0.0
2023-02-13 14:00:00+09:00,3235.0,3265.0,3230.0,3260.0,192400,0.0,0.0
2023-02-14 09:00:00+09:00,3320.0,3325.0,3270.0,3295.0,175500,0.0,0.0
2023-02-14 10:00:00+09:00,3295.0,3310.0,3285.0,3310.0,46400,0.0,0.0
2023-02-14 11:00:00+09:00,3305.0,3305.0,3300.0,3305.0,0,0.0,0.0
2023-02-14 12:00:00+09:00,3305.0,3310.0,3295.0,3295.0,265100,0.0,0.0
2023-02-14 13:00:00+09:00,3295.0,3295.0,3285.0,3290.0,30300,0.0,0.0
2023-02-14 14:00:00+09:00,3285.0,3295.0,3280.0,3285.0,97900,0.0,0.0
2023-02-15 09:00:00+09:00,3270.0,3355.0,3235.0,3240.0,224700,0.0,0.0
2023-02-15 10:00:00+09:00,3240.0,3245.0,3225.0,3230.0,91500,0.0,0.0
2023-02-15 11:00:00+09:00,3230.0,3235.0,3215.0,3220.0,0,0.0,0.0
2023-02-15 12:00:00+09:00,3220.0,3225.0,3205.0,3205.0,446300,0.0,0.0
2023-02-15 13:00:00+09:00,3205.0,3215.0,3195.0,3210.0,73400,0.0,0.0
2023-02-15 14:00:00+09:00,3205.0,3215.0,3195.0,3205.0,116500,0.0,0.0
2023-02-16 09:00:00+09:00,3255.0,3265.0,3210.0,3250.0,142600,0.0,0.0
2023-02-16 10:00:00+09:00,3250.0,3255.0,3225.0,3225.0,95400,0.0,0.0
2023-02-16 11:00:00+09:00,3230.0,3245.0,3225.0,3245.0,0,0.0,0.0
2023-02-16 12:00:00+09:00,3245.0,3255.0,3235.0,3245.0,312100,0.0,0.0
2023-02-16 13:00:00+09:00,3245.0,3250.0,3235.0,3250.0,38000,0.0,0.0
2023-02-16 14:00:00+09:00,3250.0,3250.0,3240.0,3245.0,100900,0.0,0.0
2023-02-17 09:00:00+09:00,3175.0,3195.0,3160.0,3180.0,132900,0.0,0.0
2023-02-17 10:00:00+09:00,3180.0,3185.0,3175.0,3175.0,45100,0.0,0.0
2023-02-17 11:00:00+09:00,3175.0,3180.0,3165.0,3170.0,0,0.0,0.0
2023-02-17 12:00:00+09:00,3165.0,3175.0,3155.0,3155.0,246400,0.0,0.0
2023-02-17 13:00:00+09:00,3160.0,3165.0,3145.0,3155.0,53500,0.0,0.0
2023-02-17 14:00:00+09:00,3150.0,3155.0,3140.0,3145.0,111100,0.0,0.0
2023-02-20 09:00:00+09:00,3025.0,3095.0,2998.0,3080.0,649800,0.0,0.0
2023-02-20 10:00:00+09:00,3080.0,3120.0,3075.0,3110.0,98100,0.0,0.0
2023-02-20 11:00:00+09:00,3110.0,3120.0,3100.0,3115.0,0,0.0,0.0
2023-02-20 12:00:00+09:00,3115.0,3120.0,3110.0,3120.0,851300,0.0,0.0
2023-02-20 13:00:00+09:00,3120.0,3125.0,3115.0,3115.0,44000,0.0,0.0
2023-02-20 14:00:00+09:00,3115.0,3130.0,3110.0,3120.0,106000,0.0,0.0
2023-02-21 09:00:00+09:00,3130.0,3160.0,3090.0,3100.0,109800,0.0,0.0
2023-02-21 10:00:00+09:00,3100.0,3130.0,3100.0,3130.0,30100,0.0,0.0
2023-02-21 11:00:00+09:00,3125.0,3140.0,3125.0,3140.0,0,0.0,0.0
2023-02-21 12:00:00+09:00,3145.0,3150.0,3135.0,3145.0,189700,0.0,0.0
2023-02-21 13:00:00+09:00,3145.0,3155.0,3135.0,3135.0,90400,0.0,0.0
2023-02-21 14:00:00+09:00,3140.0,3145.0,3135.0,3140.0,89600,0.0,0.0
2023-02-22 09:00:00+09:00,3095.0,3105.0,3060.0,3075.0,142700,0.0,0.0
2023-02-22 10:00:00+09:00,3070.0,3075.0,3050.0,3050.0,81600,0.0,0.0
2023-02-22 11:00:00+09:00,3050.0,3070.0,3050.0,3070.0,0,0.0,0.0
2023-02-22 12:00:00+09:00,3065.0,3070.0,3060.0,3060.0,321300,0.0,0.0
2023-02-22 13:00:00+09:00,3055.0,3065.0,3045.0,3060.0,98200,0.0,0.0
2023-02-22 14:00:00+09:00,3060.0,3060.0,3035.0,3050.0,196400,0.0,0.0
2023-02-24 09:00:00+09:00,3065.0,3105.0,3060.0,3090.0,247400,0.0,0.0
2023-02-24 10:00:00+09:00,3095.0,3115.0,3075.0,3080.0,114300,0.0,0.0
2023-02-24 11:00:00+09:00,3080.0,3080.0,3070.0,3075.0,0,0.0,0.0
2023-02-24 12:00:00+09:00,3070.0,3090.0,3070.0,3080.0,454600,0.0,0.0
2023-02-24 13:00:00+09:00,3080.0,3085.0,3075.0,3075.0,17400,0.0,0.0
2023-02-24 14:00:00+09:00,3075.0,3090.0,3070.0,3090.0,92400,0.0,0.0
2023-02-27 09:00:00+09:00,3095.0,3105.0,3070.0,3090.0,63400,0.0,0.0
2023-02-27 10:00:00+09:00,3090.0,3110.0,3085.0,3105.0,54200,0.0,0.0
2023-02-27 11:00:00+09:00,3105.0,3130.0,3105.0,3130.0,0,0.0,0.0
2023-02-27 12:00:00+09:00,3130.0,3135.0,3120.0,3130.0,239000,0.0,0.0
2023-02-27 13:00:00+09:00,3125.0,3130.0,3120.0,3125.0,31300,0.0,0.0
2023-02-27 14:00:00+09:00,3125.0,3150.0,3125.0,3150.0,91700,0.0,0.0
2023-02-28 09:00:00+09:00,3170.0,3220.0,3170.0,3205.0,0,0.0,0.0
2023-02-28 10:00:00+09:00,3200.0,3215.0,3195.0,3195.0,186000,0.0,0.0
2023-02-28 11:00:00+09:00,3195.0,3205.0,3195.0,3205.0,0,0.0,0.0
2023-02-28 12:00:00+09:00,3215.0,3230.0,3200.0,3220.0,255600,0.0,0.0
2023-02-28 13:00:00+09:00,3220.0,3235.0,3215.0,3230.0,52200,0.0,0.0
2023-02-28 14:00:00+09:00,3225.0,3250.0,3225.0,3245.0,189200,0.0,0.0
2023-03-01 09:00:00+09:00,3240.0,3280.0,3230.0,3270.0,153900,0.0,0.0
2023-03-01 10:00:00+09:00,3265.0,3320.0,3260.0,3315.0,139200,0.0,0.0
2023-03-01 11:00:00+09:00,3315.0,3330.0,3315.0,3330.0,0,0.0,0.0
2023-03-01 12:00:00+09:00,3345.0,3355.0,3325.0,3345.0,479100,0.0,0.0
2023-03-01 13:00:00+09:00,3345.0,3360.0,3345.0,3360.0,77600,0.0,0.0
2023-03-01 14:00:00+09:00,3360.0,3370.0,3355.0,3370.0,105100,0.0,0.0
2023-03-02 09:00:00+09:00,3380.0,3395.0,3340.0,3355.0,209000,0.0,0.0
2023-03-02 10:00:00+09:00,3350.0,3350.0,3315.0,3315.0,106100,0.0,0.0
2023-03-02 11:00:00+09:00,3320.0,3325.0,3315.0,3325.0,0,0.0,0.0
2023-03-02 12:00:00+09:00,3305.0,3335.0,3305.0,3325.0,427600,0.0,0.0
2023-03-02 13:00:00+09:00,3330.0,3340.0,3325.0,3330.0,40600,0.0,0.0
2023-03-02 14:00:00+09:00,3330.0,3345.0,3325.0,3345.0,143100,0.0,0.0
2023-03-03 09:00:00+09:00,3385.0,3400.0,3360.0,3390.0,203800,0.0,0.0
2023-03-03 10:00:00+09:00,3395.0,3415.0,3395.0,3395.0,145900,0.0,0.0
2023-03-03 11:00:00+09:00,3395.0,3410.0,3395.0,3410.0,0,0.0,0.0
2023-03-03 12:00:00+09:00,3400.0,3420.0,3400.0,3415.0,468400,0.0,0.0
2023-03-03 13:00:00+09:00,3415.0,3430.0,3415.0,3430.0,95000,0.0,0.0
2023-03-03 14:00:00+09:00,3425.0,3430.0,3395.0,3400.0,223900,0.0,0.0
2023-03-06 09:00:00+09:00,3435.0,3455.0,3410.0,3455.0,127400,0.0,0.0
2023-03-06 10:00:00+09:00,3455.0,3470.0,3445.0,3455.0,90000,0.0,0.0
2023-03-06 11:00:00+09:00,3455.0,3460.0,3425.0,3435.0,0,0.0,0.0
2023-03-06 12:00:00+09:00,3445.0,3455.0,3435.0,3445.0,305600,0.0,0.0
2023-03-06 13:00:00+09:00,3445.0,3450.0,3430.0,3440.0,42900,0.0,0.0
2023-03-06 14:00:00+09:00,3440.0,3440.0,3425.0,3440.0,104900,0.0,0.0
2023-03-07 09:00:00+09:00,3415.0,3440.0,3395.0,3400.0,122600,0.0,0.0
2023-03-07 10:00:00+09:00,3400.0,3420.0,3385.0,3415.0,81600,0.0,0.0
2023-03-07 11:00:00+09:00,3415.0,3415.0,3400.0,3405.0,0,0.0,0.0
2023-03-07 12:00:00+09:00,3395.0,3415.0,3395.0,3415.0,270300,0.0,0.0
2023-03-07 13:00:00+09:00,3415.0,3415.0,3380.0,3385.0,51500,0.0,0.0
2023-03-07 14:00:00+09:00,3385.0,3390.0,3375.0,3380.0,64600,0.0,0.0
2023-03-08 09:00:00+09:00,3350.0,3390.0,3330.0,3385.0,101400,0.0,0.0
2023-03-08 10:00:00+09:00,3390.0,3390.0,3370.0,3380.0,60500,0.0,0.0
2023-03-08 11:00:00+09:00,3375.0,3385.0,3375.0,3385.0,0,0.0,0.0
2023-03-08 12:00:00+09:00,3375.0,3390.0,3370.0,3370.0,264500,0.0,0.0
2023-03-08 13:00:00+09:00,3370.0,3375.0,3355.0,3365.0,68100,0.0,0.0
2023-03-08 14:00:00+09:00,3365.0,3375.0,3350.0,3360.0,108400,0.0,0.0
2023-03-09 09:00:00+09:00,3395.0,3440.0,3390.0,3400.0,146800,0.0,0.0
2023-03-09 10:00:00+09:00,3395.0,3400.0,3370.0,3380.0,60800,0.0,0.0
2023-03-09 11:00:00+09:00,3380.0,3395.0,3380.0,3390.0,0,0.0,0.0
2023-03-09 12:00:00+09:00,3390.0,3390.0,3385.0,3390.0,251600,0.0,0.0
2023-03-09 13:00:00+09:00,3385.0,3395.0,3380.0,3380.0,29600,0.0,0.0
2023-03-09 14:00:00+09:00,3375.0,3385.0,3375.0,3385.0,41700,0.0,0.0
2023-03-10 09:00:00+09:00,3325.0,3370.0,3325.0,3340.0,515800,0.0,0.0
2023-03-10 10:00:00+09:00,3345.0,3350.0,3335.0,3335.0,39000,0.0,0.0
2023-03-10 11:00:00+09:00,3335.0,3345.0,3315.0,3325.0,0,0.0,0.0
2023-03-10 12:00:00+09:00,3330.0,3360.0,3320.0,3330.0,683200,0.0,0.0
2023-03-10 13:00:00+09:00,3325.0,3345.0,3320.0,3335.0,35000,0.0,0.0
2023-03-10 14:00:00+09:00,3335.0,3345.0,3330.0,3330.0,65500,0.0,0.0
2023-03-13 09:00:00+09:00,3280.0,3285.0,3205.0,3210.0,0,0.0,0.0
2023-03-13 10:00:00+09:00,3205.0,3215.0,3205.0,3205.0,95100,0.0,0.0
2023-03-13 11:00:00+09:00,3205.0,3210.0,3200.0,3205.0,0,0.0,0.0
2023-03-13 12:00:00+09:00,3220.0,3235.0,3215.0,3230.0,434500,0.0,0.0
2023-03-13 13:00:00+09:00,3230.0,3235.0,3220.0,3230.0,66100,0.0,0.0
2023-03-13 14:00:00+09:00,3225.0,3245.0,3225.0,3245.0,136000,0.0,0.0
2023-03-14 09:00:00+09:00,3210.0,3225.0,3130.0,3135.0,286100,0.0,0.0
2023-03-14 10:00:00+09:00,3140.0,3160.0,3130.0,3145.0,119700,0.0,0.0
2023-03-14 11:00:00+09:00,3150.0,3170.0,3145.0,3145.0,0,0.0,0.0
2023-03-14 12:00:00+09:00,3145.0,3165.0,3145.0,3150.0,528200,0.0,0.0
2023-03-14 13:00:00+09:00,3155.0,3160.0,3145.0,3150.0,58800,0.0,0.0
2023-03-14 14:00:00+09:00,3150.0,3160.0,3150.0,3155.0,96600,0.0,0.0
2023-03-15 09:00:00+09:00,3205.0,3210.0,3165.0,3180.0,155000,0.0,0.0
2023-03-15 10:00:00+09:00,3175.0,3195.0,3175.0,3195.0,69800,0.0,0.0
2023-03-15 11:00:00+09:00,3190.0,3195.0,3185.0,3190.0,0,0.0,0.0
2023-03-15 12:00:00+09:00,3190.0,3220.0,3190.0,3210.0,349800,0.0,0.0
2023-03-15 13:00:00+09:00,3205.0,3215.0,3195.0,3195.0,57800,0.0,0.0
2023-03-15 14:00:00+09:00,3195.0,3210.0,3190.0,3205.0,172800,0.0,0.0
2023-03-16 09:00:00+09:00,3090.0,3140.0,3065.0,3140.0,203500,0.0,0.0
2023-03-16 10:00:00+09:00,3135.0,3150.0,3110.0,3120.0,91200,0.0,0.0
2023-03-16 11:00:00+09:00,3120.0,3135.0,3120.0,3135.0,0,0.0,0.0
2023-03-16 12:00:00+09:00,3130.0,3145.0,3125.0,3145.0,383700,0.0,0.0
2023-03-16 13:00:00+09:00,3145.0,3155.0,3140.0,3150.0,50600,0.0,0.0
2023-03-16 14:00:00+09:00,3150.0,3150.0,3135.0,3150.0,109200,0.0,0.0
2023-03-17 09:00:00+09:00,3190.0,3235.0,3185.0,3210.0,184800,0.0,0.0
2023-03-17 10:00:00+09:00,3210.0,3225.0,3200.0,3225.0,50400,0.0,0.0
2023-03-17 11:00:00+09:00,3225.0,3230.0,3220.0,3220.0,0,0.0,0.0
2023-03-17 12:00:00+09:00,3215.0,3225.0,3205.0,3225.0,291000,0.0,0.0
2023-03-17 13:00:00+09:00,3225.0,3240.0,3220.0,3230.0,38900,0.0,0.0
2023-03-17 14:00:00+09:00,3230.0,3235.0,3220.0,3235.0,30000,0.0,0.0
2023-03-20 09:00:00+09:00,3230.0,3265.0,3190.0,3245.0,188500,0.0,0.0
2023-03-20 10:00:00+09:00,3245.0,3245.0,3200.0,3215.0,135500,0.0,0.0
2023-03-20 11:00:00+09:00,3215.0,3220.0,3200.0,3200.0,0,0.0,0.0
2023-03-20 12:00:00+09:00,3180.0,3195.0,3180.0,3185.0,441600,0.0,0.0
2023-03-20 13:00:00+09:00,3185.0,3185.0,3155.0,3160.0,106000,0.0,0.0
2023-03-20 14:00:00+09:00,3165.0,3165.0,3140.0,3145.0,127300,0.0,0.0
2023-03-22 09:00:00+09:00,3210.0,3250.0,3210.0,3225.0,0,0.0,0.0
2023-03-22 10:00:00+09:00,3225.0,3245.0,3215.0,3245.0,70200,0.0,0.0
2023-03-22 11:00:00+09:00,3245.0,3255.0,3245.0,3255.0,0,0.0,0.0
2023-03-22 12:00:00+09:00,3245.0,3255.0,3240.0,3250.0,436100,0.0,0.0
2023-03-22 13:00:00+09:00,3245.0,3260.0,3245.0,3245.0,52300,0.0,0.0
2023-03-22 14:00:00+09:00,3245.0,3255.0,3220.0,3230.0,245000,0.0,0.0
2023-03-23 09:00:00+09:00,3190.0,3210.0,3160.0,3195.0,135300,0.0,0.0
2023-03-23 10:00:00+09:00,3200.0,3210.0,3190.0,3195.0,47300,0.0,0.0
2023-03-23 11:00:00+09:00,3195.0,3205.0,3195.0,3200.0,0,0.0,0.0
2023-03-23 12:00:00+09:00,3200.0,3210.0,3195.0,3200.0,246400,0.0,0.0
2023-03-23 13:00:00+09:00,3205.0,3210.0,3190.0,3205.0,39100,0.0,0.0
2023-03-23 14:00:00+09:00,3205.0,3220.0,3205.0,3215.0,79300,0.0,0.0
2023-03-24 09:00:00+09:00,3200.0,3205.0,3175.0,3185.0,92900,0.0,0.0
2023-03-24 10:00:00+09:00,3185.0,3185.0,3160.0,3165.0,287700,0.0,0.0
2023-03-24 11:00:00+09:00,3165.0,3180.0,3155.0,3165.0,0,0.0,0.0
2023-03-24 12:00:00+09:00,3165.0,3165.0,3150.0,3150.0,538400,0.0,0.0
2023-03-24 13:00:00+09:00,3150.0,3160.0,3145.0,3145.0,72500,0.0,0.0
2023-03-24 14:00:00+09:00,3140.0,3155.0,3140.0,3155.0,83800,0.0,0.0
2023-03-27 09:00:00+09:00,3175.0,3215.0,3160.0,3210.0,124900,0.0,0.0
2023-03-27 10:00:00+09:00,3210.0,3220.0,3200.0,3210.0,80700,0.0,0.0
2023-03-27 11:00:00+09:00,3210.0,3210.0,3210.0,3210.0,0,0.0,0.0
2023-03-27 12:00:00+09:00,3215.0,3215.0,3210.0,3210.0,258800,0.0,0.0
2023-03-27 13:00:00+09:00,3215.0,3230.0,3215.0,3215.0,51100,0.0,0.0
2023-03-27 14:00:00+09:00,3220.0,3230.0,3220.0,3230.0,65800,0.0,0.0
2023-03-28 09:00:00+09:00,3225.0,3260.0,3220.0,3245.0,124100,0.0,0.0
2023-03-28 10:00:00+09:00,3245.0,3250.0,3210.0,3220.0,69600,0.0,0.0
2023-03-28 11:00:00+09:00,3220.0,3230.0,3215.0,3230.0,0,0.0,0.0
2023-03-28 12:00:00+09:00,3220.0,3225.0,3210.0,3220.0,272600,0.0,0.0
2023-03-28 13:00:00+09:00,3220.0,3220.0,3205.0,3215.0,43000,0.0,0.0
2023-03-28 14:00:00+09:00,3220.0,3230.0,3210.0,3215.0,111900,0.0,0.0
2023-03-29 09:00:00+09:00,3230.0,3230.0,3160.0,3210.0,198000,0.0,0.0
2023-03-29 10:00:00+09:00,3210.0,3235.0,3205.0,3230.0,109300,0.0,0.0
2023-03-29 11:00:00+09:00,3230.0,3235.0,3225.0,3230.0,0,0.0,0.0
2023-03-29 12:00:00+09:00,3240.0,3245.0,3230.0,3235.0,382500,0.0,0.0
2023-03-29 13:00:00+09:00,3235.0,3250.0,3235.0,3245.0,72300,0.0,0.0
2023-03-29 14:00:00+09:00,3250.0,3280.0,3245.0,3275.0,211400,0.0,0.0
2023-03-30 09:00:00+09:00,3300.0,3305.0,3245.0,3255.0,142000,0.0,0.0
2023-03-30 10:00:00+09:00,3255.0,3260.0,3240.0,3245.0,59000,0.0,0.0
2023-03-30 11:00:00+09:00,3255.0,3255.0,3235.0,3240.0,0,0.0,0.0
2023-03-30 12:00:00+09:00,3225.0,3230.0,3220.0,3220.0,254500,0.0,0.0
2023-03-30 13:00:00+09:00,3225.0,3225.0,3200.0,3215.0,104900,0.0,0.0
2023-03-30 14:00:00+09:00,3215.0,3240.0,3215.0,3230.0,91600,0.0,0.0
2023-03-31 09:00:00+09:00,3280.0,3300.0,3260.0,3275.0,207500,0.0,0.0
2023-03-31 10:00:00+09:00,3275.0,3290.0,3250.0,3285.0,81200,0.0,0.0
2023-03-31 11:00:00+09:00,3285.0,3295.0,3280.0,3295.0,0,0.0,0.0
2023-03-31 12:00:00+09:00,3300.0,3310.0,3290.0,3300.0,371600,0.0,0.0
2023-03-31 13:00:00+09:00,3305.0,3310.0,3305.0,3310.0,48800,0.0,0.0
2023-03-31 14:00:00+09:00,3310.0,3310.0,3295.0,3310.0,158100,0.0,0.0
2023-04-03 09:00:00+09:00,3365.0,3365.0,3315.0,3345.0,189800,0.0,0.0
2023-04-03 10:00:00+09:00,3350.0,3350.0,3335.0,3345.0,102400,0.0,0.0
2023-04-03 11:00:00+09:00,3350.0,3350.0,3345.0,3345.0,0,0.0,0.0
2023-04-03 12:00:00+09:00,3360.0,3360.0,3350.0,3350.0,350400,0.0,0.0
2023-04-03 13:00:00+09:00,3355.0,3355.0,3345.0,3350.0,48100,0.0,0.0
2023-04-03 14:00:00+09:00,3355.0,3355.0,3340.0,3350.0,92000,0.0,0.0
2023-04-04 09:00:00+09:00,3330.0,3335.0,3290.0,3310.0,124100,0.0,0.0
2023-04-04 10:00:00+09:00,3310.0,3345.0,3310.0,3340.0,91600,0.0,0.0
2023-04-04 11:00:00+09:00,3340.0,3345.0,3335.0,3340.0,0,0.0,0.0
2023-04-04 12:00:00+09:00,3340.0,3345.0,3330.0,3335.0,280900,0.0,0.0
2023-04-04 13:00:00+09:00,3335.0,3350.0,3335.0,3350.0,41100,0.0,0.0
2023-04-04 14:00:00+09:00,3350.0,3360.0,3340.0,3355.0,113400,0.0,0.0
2023-04-05 09:00:00+09:00,3285.0,3285.0,3250.0,3270.0,117800,0.0,0.0
2023-04-05 10:00:00+09:00,3270.0,3275.0,3240.0,3250.0,72200,0.0,0.0
2023-04-05 11:00:00+09:00,3250.0,3260.0,3250.0,3250.0,0,0.0,0.0
2023-04-05 12:00:00+09:00,3245.0,3250.0,3240.0,3245.0,226800,0.0,0.0
2023-04-05 13:00:00+09:00,3240.0,3250.0,3230.0,3240.0,49000,0.0,0.0
2023-04-05 14:00:00+09:00,3245.0,3255.0,3240.0,3250.0,80000,0.0,0.0
2023-04-06 09:00:00+09:00,3175.0,3180.0,3105.0,3120.0,297200,0.0,0.0
2023-04-06 10:00:00+09:00,3115.0,3130.0,3110.0,3115.0,127000,0.0,0.0
2023-04-06 11:00:00+09:00,3115.0,3130.0,3115.0,3120.0,0,0.0,0.0
2023-04-06 12:00:00+09:00,3130.0,3130.0,3110.0,3120.0,511700,0.0,0.0
2023-04-06 13:00:00+09:00,3120.0,3125.0,3105.0,3105.0,80900,0.0,0.0
2023-04-06 14:00:00+09:00,3105.0,3105.0,3075.0,3075.0,186500,0.0,0.0
2023-04-07 09:00:00+09:00,3070.0,3125.0,3070.0,3120.0,238500,0.0,0.0
2023-04-07 10:00:00+09:00,3120.0,3120.0,3095.0,3095.0,130600,0.0,0.0
2023-04-07 11:00:00+09:00,3090.0,3105.0,3085.0,3085.0,0,0.0,0.0
2023-04-07 12:00:00+09:00,3075.0,3080.0,3070.0,3080.0,509900,0.0,0.0
2023-04-07 13:00:00+09:00,3080.0,3085.0,3075.0,3080.0,56000,0.0,0.0
2023-04-07 14:00:00+09:00,3080.0,3090.0,3080.0,3085.0,85800,0.0,0.0
2023-04-10 09:00:00+09:00,3125.0,3135.0,3055.0,3070.0,0,0.0,0.0
2023-04-10 10:00:00+09:00,3065.0,3080.0,3065.0,3075.0,52800,0.0,0.0
2023-04-10 11:00:00+09:00,3080.0,3080.0,3070.0,3080.0,0,0.0,0.0
2023-04-10 12:00:00+09:00,3075.0,3080.0,3060.0,3075.0,296400,0.0,0.0
2023-04-10 13:00:00+09:00,3075.0,3090.0,3075.0,3080.0,43700,0.0,0.0
2023-04-10 14:00:00+09:00,3080.0,3085.0,3070.0,3085.0,53700,0.0,0.0
2023-04-11 09:00:00+09:00,3145.0,3180.0,3140.0,3170.0,178500,0.0,0.0
2023-04-11 10:00:00+09:00,3165.0,3175.0,3155.0,3165.0,57600,0.0,0.0
2023-04-11 11:00:00+09:00,3165.0,3175.0,3165.0,3165.0,0,0.0,0.0
2023-04-11 12:00:00+09:00,3175.0,3175.0,3150.0,3150.0,333100,0.0,0.0
2023-04-11 13:00:00+09:00,3155.0,3165.0,3155.0,3160.0,39100,0.0,0.0
2023-04-11 14:00:00+09:00,3165.0,3165.0,3155.0,3165.0,54500,0.0,0.0
2023-04-12 09:00:00+09:00,3200.0,3235.0,3190.0,3200.0,151600,0.0,0.0
2023-04-12 10:00:00+09:00,3200.0,3200.0,3185.0,3195.0,40000,0.0,0.0
2023-04-12 11:00:00+09:00,3195.0,3200.0,3195.0,3200.0,0,0.0,0.0
2023-04-12 12:00:00+09:00,3190.0,3205.0,3190.0,3200.0,242400,0.0,0.0
2023-04-12 13:00:00+09:00,3200.0,3210.0,3195.0,3195.0,20200,0.0,0.0
2023-04-12 14:00:00+09:00,3195.0,3210.0,3195.0,3200.0,63600,0.0,0.0
2023-04-13 09:00:00+09:00,3170.0,3210.0,3170.0,3210.0,0,0.0,0.0
2023-04-13 10:00:00+09:00,3205.0,3230.0,3200.0,3230.0,156300,0.0,0.0
2023-04-13 11:00:00+09:00,3230.0,3230.0,3215.0,3225.0,0,0.0,0.0
2023-04-13 12:00:00+09:00,3225.0,3235.0,3220.0,3220.0,212900,0.0,0.0
2023-04-13 13:00:00+09:00,3220.0,3230.0,3220.0,3220.0,40800,0.0,0.0
2023-04-13 14:00:00+09:00,3220.0,3230.0,3215.0,3225.0,59400,0.0,0.0
2023-04-14 09:00:00+09:00,3295.0,3300.0,3260.0,3275.0,184700,0.0,0.0
2023-04-14 10:00:00+09:00,3275.0,3285.0,3265.0,3265.0,71300,0.0,0.0
2023-04-14 11:00:00+09:00,3270.0,3275.0,3265.0,3275.0,0,0.0,0.0
2023-04-14 12:00:00+09:00,3280.0,3300.0,3275.0,3295.0,337100,0.0,0.0
2023-04-14 13:00:00+09:00,3295.0,3300.0,3280.0,3295.0,84000,0.0,0.0
2023-04-14 14:00:00+09:00,3295.0,3305.0,3295.0,3300.0,99300,0.0,0.0
2023-04-17 09:00:00+09:00,3290.0,3325.0,3280.0,3290.0,98700,0.0,0.0
2023-04-17 10:00:00+09:00,3290.0,3305.0,3280.0,3300.0,57100,0.0,0.0
2023-04-17 11:00:00+09:00,3300.0,3310.0,3300.0,3310.0,0,0.0,0.0
2023-04-17 12:00:00+09:00,3305.0,3305.0,3290.0,3290.0,226600,0.0,0.0
2023-04-17 13:00:00+09:00,3290.0,3300.0,3290.0,3300.0,32400,0.0,0.0
2023-04-17 14:00:00+09:00,3295.0,3310.0,3295.0,3305.0,75400,0.0,0.0
2023-04-18 09:00:00+09:00,3335.0,3345.0,3325.0,3345.0,103100,0.0,0.0
2023-04-18 10:00:00+09:00,3340.0,3350.0,3335.0,3345.0,63600,0.0,0.0
2023-04-18 11:00:00+09:00,3345.0,3350.0,3340.0,3340.0,0,0.0,0.0
2023-04-18 12:00:00+09:00,3350.0,3350.0,3340.0,3345.0,213100,0.0,0.0
2023-04-18 13:00:00+09:00,3345.0,3360.0,3345.0,3345.0,57500,0.0,0.0
2023-04-18 14:00:00+09:00,3345.0,3355.0,3345.0,3355.0,92800,0.0,0.0
2023-04-19 09:00:00+09:00,3310.0,3350.0,3300.0,3320.0,85700,0.0,0.0
2023-04-19 10:00:00+09:00,3315.0,3345.0,3310.0,3320.0,124800,0.0,0.0
2023-04-19 11:00:00+09:00,3320.0,3325.0,3315.0,3320.0,0,0.0,0.0
2023-04-19 12:00:00+09:00,3325.0,3325.0,3300.0,3305.0,266200,0.0,0.0
2023-04-19 13:00:00+09:00,3300.0,3305.0,3290.0,3300.0,102400,0.0,0.0
2023-04-19 14:00:00+09:00,3300.0,3320.0,3295.0,3320.0,105800,0.0,0.0
2023-04-20 09:00:00+09:00,3285.0,3325.0,3280.0,3300.0,144000,0.0,0.0
2023-04-20 10:00:00+09:00,3300.0,3310.0,3290.0,3305.0,75100,0.0,0.0
2023-04-20 11:00:00+09:00,3310.0,3315.0,3300.0,3305.0,0,0.0,0.0
2023-04-20 12:00:00+09:00,3295.0,3320.0,3295.0,3320.0,292900,0.0,0.0
2023-04-20 13:00:00+09:00,3315.0,3325.0,3315.0,3320.0,37700,0.0,0.0
2023-04-20 14:00:00+09:00,3320.0,3325.0,3290.0,3300.0,122600,0.0,0.0
2023-04-21 09:00:00+09:00,3345.0,3360.0,3330.0,3345.0,221400,0.0,0.0
2023-04-21 10:00:00+09:00,3345.0,3350.0,3325.0,3345.0,103100,0.0,0.0
2023-04-21 11:00:00+09:00,3340.0,3350.0,3335.0,3340.0,0,0.0,0.0
2023-04-21 12:00:00+09:00,3340.0,3345.0,3315.0,3325.0,436000,0.0,0.0
2023-04-21 13:00:00+09:00,3325.0,3325.0,3310.0,3315.0,93500,0.0,0.0
2023-04-21 14:00:00+09:00,3315.0,3335.0,3310.0,3335.0,190400,0.0,0.0
2023-04-24 09:00:00+09:00,3320.0,3330.0,3275.0,3275.0,124200,0.0,0.0
2023-04-24 10:00:00+09:00,3275.0,3290.0,3270.0,3270.0,130400,0.0,0.0
2023-04-24 11:00:00+09:00,3270.0,3275.0,3270.0,3275.0,0,0.0,0.0
2023-04-24 12:00:00+09:00,3265.0,3280.0,3265.0,3275.0,337700,0.0,0.0
2023-04-24 13:00:00+09:00,3280.0,3290.0,3280.0,3285.0,71700,0.0,0.0
2023-04-24 14:00:00+09:00,3285.0,3295.0,3270.0,3275.0,156400,0.0,0.0
2023-04-25 09:00:00+09:00,3315.0,3335.0,3295.0,3320.0,151100,0.0,0.0
2023-04-25 10:00:00+09:00,3325.0,3350.0,3325.0,3325.0,98400,0.0,0.0
2023-04-25 11:00:00+09:00,3325.0,3330.0,3320.0,3325.0,0,0.0,0.0
2023-04-25 12:00:00+09:00,3315.0,3325.0,3300.0,3300.0,316200,0.0,0.0
2023-04-25 13:00:00+09:00,3300.0,3305.0,3295.0,3305.0,32400,0.0,0.0
2023-04-25 14:00:00+09:00,3300.0,3305.0,3295.0,3295.0,94500,0.0,0.0
2023-04-26 09:00:00+09:00,3260.0,3270.0,3220.0,3235.0,93100,0.0,0.0
2023-04-26 10:00:00+09:00,3235.0,3235.0,3215.0,3215.0,67100,0.0,0.0
2023-04-26 11:00:00+09:00,3220.0,3225.0,3215.0,3220.0,0,0.0,0.0
2023-04-26 12:00:00+09:00,3205.0,3215.0,3205.0,3210.0,211600,0.0,0.0
2023-04-26 13:00:00+09:00,3205.0,3210.0,3200.0,3210.0,44800,0.0,0.0
2023-04-26 14:00:00+09:00,3210.0,3220.0,3200.0,3200.0,89000,0.0,0.0
2023-04-27 09:00:00+09:00,3180.0,3205.0,3170.0,3190.0,90400,0.0,0.0
2023-04-27 10:00:00+09:00,3190.0,3220.0,3185.0,3220.0,127500,0.0,0.0
2023-04-27 11:00:00+09:00,3220.0,3220.0,3215.0,3215.0,0,0.0,0.0
2023-04-27 12:00:00+09:00,3245.0,3265.0,3230.0,3250.0,348700,0.0,0.0
2023-04-27 13:00:00+09:00,3250.0,3260.0,3250.0,3255.0,74500,0.0,0.0
2023-04-27 14:00:00+09:00,3250.0,3265.0,3245.0,3265.0,216300,0.0,0.0
2023-04-28 09:00:00+09:00,3400.0,3425.0,3345.0,3370.0,364100,0.0,0.0
2023-04-28 10:00:00+09:00,3375.0,3380.0,3335.0,3370.0,114700,0.0,0.0
2023-04-28 11:00:00+09:00,3365.0,3410.0,3365.0,3405.0,0,0.0,0.0
2023-04-28 12:00:00+09:00,3405.0,3405.0,3360.0,3365.0,647400,0.0,0.0
2023-04-28 13:00:00+09:00,3365.0,3395.0,3365.0,3390.0,110400,0.0,0.0
2023-04-28 14:00:00+09:00,3390.0,3415.0,3380.0,3410.0,195800,0.0,0.0
2023-05-01 09:00:00+09:00,3440.0,3480.0,3440.0,3450.0,195900,0.0,0.0
2023-05-01 10:00:00+09:00,3455.0,3465.0,3435.0,3435.0,86200,0.0,0.0
2023-05-01 11:00:00+09:00,3435.0,3440.0,3425.0,3425.0,0,0.0,0.0
2023-05-01 12:00:00+09:00,3440.0,3445.0,3430.0,3440.0,399600,0.0,0.0
2023-05-01 13:00:00+09:00,3440.0,3460.0,3440.0,3440.0,87200,0.0,0.0
2023-05-01 14:00:00+09:00,3445.0,3455.0,3435.0,3445.0,134700,0.0,0.0
2023-05-02 09:00:00+09:00,3445.0,3460.0,3410.0,3410.0,116000,0.0,0.0
2023-05-02 10:00:00+09:00,3410.0,3430.0,3400.0,3405.0,65200,0.0,0.0
2023-05-02 11:00:00+09:00,3405.0,3405.0,3400.0,3405.0,0,0.0,0.0
2023-05-02 12:00:00+09:00,3400.0,3405.0,3400.0,3405.0,235800,0.0,0.0
2023-05-02 13:00:00+09:00,3410.0,3420.0,3410.0,3420.0,58800,0.0,0.0
2023-05-02 14:00:00+09:00,3415.0,3425.0,3410.0,3410.0,96300,0.0,0.0
2023-05-08 09:00:00+09:00,3395.0,3410.0,3320.0,3335.0,384500,0.0,0.0
2023-05-08 10:00:00+09:00,3335.0,3345.0,3325.0,3335.0,109700,0.0,0.0
2023-05-08 11:00:00+09:00,3330.0,3340.0,3325.0,3335.0,0,0.0,0.0
2023-05-08 12:00:00+09:00,3335.0,3340.0,3335.0,3335.0,585100,0.0,0.0
2023-05-08 13:00:00+09:00,3335.0,3345.0,3335.0,3340.0,19300,0.0,0.0
2023-05-08 14:00:00+09:00,3340.0,3350.0,3335.0,3345.0,106900,0.0,0.0
2023-05-09 09:00:00+09:00,3360.0,3375.0,3345.0,3355.0,191000,0.0,0.0
2023-05-09 10:00:00+09:00,3355.0,3390.0,3355.0,3390.0,144100,0.0,0.0
2023-05-09 11:00:00+09:00,3390.0,3395.0,3380.0,3385.0,0,0.0,0.0
2023-05-09 12:00:00+09:00,3395.0,3395.0,3385.0,3385.0,501600,0.0,0.0
2023-05-09 13:00:00+09:00,3385.0,3390.0,3375.0,3385.0,150400,0.0,0.0
2023-05-09 14:00:00+09:00,3385.0,3390.0,3380.0,3385.0,160600,0.0,0.0
2023-05-10 09:00:00+09:00,3360.0,3380.0,3345.0,3345.0,159400,0.0,0.0
2023-05-10 10:00:00+09:00,3345.0,3355.0,3330.0,3350.0,85800,0.0,0.0
2023-05-10 11:00:00+09:00,3350.0,3370.0,3350.0,3370.0,0,0.0,0.0
2023-05-10 12:00:00+09:00,3380.0,3385.0,3375.0,3380.0,335700,0.0,0.0
2023-05-10 13:00:00+09:00,3380.0,3385.0,3375.0,3380.0,65100,0.0,0.0
2023-05-10 14:00:00+09:00,3375.0,3375.0,3360.0,3375.0,210000,0.0,0.0
2023-05-11 09:00:00+09:00,3365.0,3385.0,3365.0,3385.0,105000,0.0,0.0
2023-05-11 10:00:00+09:00,3380.0,3380.0,3360.0,3365.0,48300,0.0,0.0
2023-05-11 11:00:00+09:00,3360.0,3360.0,3355.0,3355.0,0,0.0,0.0
2023-05-11 12:00:00+09:00,3355.0,3365.0,3355.0,3365.0,208000,0.0,0.0
2023-05-11 13:00:00+09:00,3365.0,3365.0,3355.0,3360.0,42600,0.0,0.0
2023-05-11 14:00:00+09:00,3360.0,3365.0,3350.0,3360.0,92400,0.0,0.0
2023-05-12 09:00:00+09:00,3340.0,3395.0,3330.0,3390.0,119300,0.0,0.0
2023-05-12 10:00:00+09:00,3390.0,3405.0,3385.0,3405.0,85000,0.0,0.0
2023-05-12 11:00:00+09:00,3405.0,3405.0,3380.0,3390.0,0,0.0,0.0
2023-05-12 12:00:00+09:00,3405.0,3405.0,3380.0,3385.0,272000,0.0,0.0
2023-05-12 13:00:00+09:00,3380.0,3395.0,3375.0,3395.0,64500,0.0,0.0
2023-05-12 14:00:00+09:00,3395.0,3415.0,3395.0,3415.0,120100,0.0,0.0
2023-05-15 09:00:00+09:00,3445.0,3450.0,3420.0,3420.0,0,0.0,0.0
2023-05-15 10:00:00+09:00,3420.0,3435.0,3415.0,3430.0,56400,0.0,0.0
2023-05-15 11:00:00+09:00,3430.0,3430.0,3420.0,3425.0,0,0.0,0.0
2023-05-15 12:00:00+09:00,3440.0,3460.0,3430.0,3460.0,201900,0.0,0.0
2023-05-15 13:00:00+09:00,3460.0,3465.0,3455.0,3465.0,48000,0.0,0.0
2023-05-15 14:00:00+09:00,3460.0,3475.0,3450.0,3470.0,107600,0.0,0.0
2023-05-16 09:00:00+09:00,3475.0,3475.0,3435.0,3445.0,131400,0.0,0.0
2023-05-16 10:00:00+09:00,3445.0,3450.0,3440.0,3445.0,52200,0.0,0.0
2023-05-16 11:00:00+09:00,3450.0,3450.0,3430.0,3440.0,0,0.0,0.0
2023-05-16 12:00:00+09:00,3455.0,3475.0,3450.0,3475.0,247400,0.0,0.0
2023-05-16 13:00:00+09:00,3470.0,3485.0,3465.0,3480.0,64500,0.0,0.0
2023-05-16 14:00:00+09:00,3480.0,3480.0,3475.0,3475.0,84700,0.0,0.0
2023-05-17 09:00:00+09:00,3500.0,3520.0,3465.0,3475.0,136400,0.0,0.0
2023-05-17 10:00:00+09:00,3475.0,3495.0,3470.0,3490.0,78000,0.0,0.0
2023-05-17 11:00:00+09:00,3485.0,3490.0,3480.0,3480.0,0,0.0,0.0
2023-05-17 12:00:00+09:00,3500.0,3500.0,3480.0,3480.0,258000,0.0,0.0
2023-05-17 13:00:00+09:00,3480.0,3485.0,3475.0,3480.0,34100,0.0,0.0
2023-05-17 14:00:00+09:00,3475.0,3490.0,3470.0,3475.0,96000,0.0,0.0
2023-05-18 09:00:00+09:00,3515.0,3535.0,3500.0,3500.0,176800,0.0,0.0
2023-05-18 10:00:00+09:00,3500.0,3510.0,3495.0,3510.0,69500,0.0,0.0
2023-05-18 11:00:00+09:00,3510.0,3525.0,3510.0,3525.0,0,0.0,0.0
2023-05-18 12:00:00+09:00,3525.0,3530.0,3515.0,3520.0,341200,0.0,0.0
2023-05-18 13:00:00+09:00,3520.0,3530.0,3520.0,3530.0,69200,0.0,0.0
2023-05-18 14:00:00+09:00,3535.0,3535.0,3525.0,3525.0,136700,0.0,0.0
2023-05-19 09:00:00+09:00,3565.0,3585.0,3555.0,3570.0,177900,0.0,0.0
2023-05-19 10:00:00+09:00,3570.0,3580.0,3560.0,3575.0,80000,0.0,0.0
2023-05-19 11:00:00+09:00,3575.0,3585.0,3575.0,3585.0,0,0.0,0.0
2023-05-19 12:00:00+09:00,3590.0,3590.0,3570.0,3580.0,351800,0.0,0.0
2023-05-19 13:00:00+09:00,3575.0,3575.0,3565.0,3575.0,80100,0.0,0.0
2023-05-19 14:00:00+09:00,3570.0,3585.0,3565.0,3580.0,112800,0.0,0.0
2023-05-22 09:00:00+09:00,3525.0,3540.0,3490.0,3525.0,137500,0.0,0.0
2023-05-22 10:00:00+09:00,3520.0,3520.0,3505.0,3505.0,60100,0.0,0.0
2023-05-22 11:00:00+09:00,3505.0,3510.0,3505.0,3505.0,0,0.0,0.0
2023-05-22 12:00:00+09:00,3500.0,3505.0,3485.0,3485.0,284900,0.0,0.0
2023-05-22 13:00:00+09:00,3485.0,3500.0,3475.0,3500.0,93300,0.0,0.0
2023-05-22 14:00:00+09:00,3500.0,3500.0,3475.0,3480.0,135700,0.0,0.0
2023-05-23 09:00:00+09:00,3500.0,3500.0,3435.0,3435.0,151500,0.0,0.0
2023-05-23 10:00:00+09:00,3435.0,3455.0,3430.0,3450.0,85800,0.0,0.0
2023-05-23 11:00:00+09:00,3450.0,3450.0,3440.0,3445.0,0,0.0,0.0
2023-05-23 12:00:00+09:00,3440.0,3445.0,3395.0,3415.0,376400,0.0,0.0
2023-05-23 13:00:00+09:00,3410.0,3410.0,3360.0,3370.0,171100,0.0,0.0
2023-05-23 14:00:00+09:00,3365.0,3370.0,3350.0,3360.0,243500,0.0,0.0
2023-05-24 09:00:00+09:00,3235.0,3310.0,3210.0,3295.0,381000,0.0,0.0
2023-05-24 10:00:00+09:00,3290.0,3295.0,3270.0,3285.0,101500,0.0,0.0
2023-05-24 11:00:00+09:00,3285.0,3295.0,3285.0,3285.0,0,0.0,0.0
2023-05-24 12:00:00+09:00,3280.0,3300.0,3280.0,3290.0,575600,0.0,0.0
2023-05-24 13:00:00+09:00,3290.0,3305.0,3285.0,3295.0,53500,0.0,0.0
2023-05-24 14:00:00+09:00,3295.0,3295.0,3275.0,3275.0,113900,0.0,0.0
2023-05-25 09:00:00+09:00,3230.0,3240.0,3180.0,3205.0,332800,0.0,0.0
2023-05-25 10:00:00+09:00,3200.0,3215.0,3195.0,3205.0,137300,0.0,0.0
2023-05-25 11:00:00+09:00,3205.0,3225.0,3205.0,3220.0,0,0.0,0.0
2023-05-25 12:00:00+09:00,3220.0,3235.0,3220.0,3220.0,600400,0.0,0.0
2023-05-25 13:00:00+09:00,3220.0,3225.0,3200.0,3205.0,87700,0.0,0.0
2023-05-25 14:00:00+09:00,3200.0,3215.0,3190.0,3195.0,178000,0.0,0.0
2023-05-26 09:00:00+09:00,3200.0,3235.0,3200.0,3235.0,180300,0.0,0.0
2023-05-26 10:00:00+09:00,3235.0,3270.0,3235.0,3255.0,161700,0.0,0.0
2023-05-26 11:00:00+09:00,3250.0,3250.0,3225.0,3230.0,0,0.0,0.0
2023-05-26 12:00:00+09:00,3210.0,3220.0,3195.0,3195.0,423200,0.0,0.0
2023-05-26 13:00:00+09:00,3195.0,3195.0,3180.0,3180.0,74800,0.0,0.0
2023-05-26 14:00:00+09:00,3180.0,3180.0,3160.0,3165.0,138000,0.0,0.0
2023-05-29 09:00:00+09:00,3210.0,3230.0,3170.0,3200.0,0,0.0,0.0
2023-05-29 10:00:00+09:00,3210.0,3225.0,3205.0,3205.0,109900,0.0,0.0
2023-05-29 11:00:00+09:00,3210.0,3215.0,3185.0,3185.0,0,0.0,0.0
2023-05-29 12:00:00+09:00,3185.0,3200.0,3150.0,3155.0,438800,0.0,0.0
2023-05-29 13:00:00+09:00,3160.0,3165.0,3150.0,3160.0,94900,0.0,0.0
2023-05-29 14:00:00+09:00,3160.0,3165.0,3150.0,3160.0,158900,0.0,0.0
2023-05-30 09:00:00+09:00,3110.0,3175.0,3110.0,3115.0,353300,0.0,0.0
2023-05-30 10:00:00+09:00,3115.0,3115.0,3090.0,3090.0,114400,0.0,0.0
2023-05-30 11:00:00+09:00,3090.0,3100.0,3085.0,3100.0,0,0.0,0.0
2023-05-30 12:00:00+09:00,3100.0,3115.0,3095.0,3115.0,605800,0.0,0.0
2023-05-30 13:00:00+09:00,3120.0,3135.0,3115.0,3130.0,88700,0.0,0.0
2023-05-30 14:00:00+09:00,3130.0,3155.0,3130.0,3150.0,166600,0.0,0.0
2023-05-31 09:00:00+09:00,3080.0,3110.0,3070.0,3080.0,354500,0.0,0.0
2023-05-31 10:00:00+09:00,3080.0,3125.0,3075.0,3110.0,162800,0.0,0.0
2023-05-31 11:00:00+09:00,3110.0,3125.0,3070.0,3070.0,0,0.0,0.0
2023-05-31 12:00:00+09:00,3065.0,3080.0,3050.0,3060.0,790100,0.0,0.0
2023-05-31 13:00:00+09:00,3065.0,3065.0,3040.0,3045.0,117300,0.0,0.0
2023-05-31 14:00:00+09:00,3045.0,3055.0,3025.0,3050.0,233800,0.0,0.0
2023-06-01 09:00:00+09:00,3050.0,3080.0,3020.0,3075.0,205600,0.0,0.0
2023-06-01 10:00:00+09:00,3075.0,3080.0,3050.0,3060.0,108900,0.0,0.0
2023-06-01 11:00:00+09:00,3060.0,3065.0,3050.0,3055.0,0,0.0,0.0
2023-06-01 12:00:00+09:00,3055.0,3080.0,3055.0,3075.0,407900,0.0,0.0
2023-06-01 13:00:00+09:00,3075.0,3085.0,3075.0,3080.0,52600,0.0,0.0
2023-06-01 14:00:00+09:00,3080.0,3090.0,3075.0,3090.0,142500,0.0,0.0
2023-06-02 09:00:00+09:00,3110.0,3135.0,3110.0,3130.0,122600,0.0,0.0
2023-06-02 10:00:00+09:00,3130.0,3150.0,3120.0,3145.0,149900,0.0,0.0
2023-06-02 11:00:00+09:00,3140.0,3150.0,3125.0,3125.0,0,0.0,0.0
2023-06-02 12:00:00+09:00,3125.0,3135.0,3120.0,3125.0,404300,0.0,0.0
2023-06-02 13:00:00+09:00,3120.0,3125.0,3115.0,3120.0,91200,0.0,0.0
2023-06-02 14:00:00+09:00,3120.0,3130.0,3115.0,3130.0,192000,0.0,0.0
2023-06-05 09:00:00+09:00,3188.0,3193.0,3148.0,3167.0,517200,0.0,0.0
2023-06-05 10:00:00+09:00,3168.0,3186.0,3157.0,3173.0,234600,0.0,0.0
2023-06-05 11:00:00+09:00,3173.0,3176.0,3160.0,3161.0,0,0.0,0.0
2023-06-05 12:00:00+09:00,3161.0,3182.0,3158.0,3171.0,957300,0.0,0.0
2023-06-05 13:00:00+09:00,3171.0,3176.0,3160.0,3174.0,211400,0.0,0.0
2023-06-05 14:00:00+09:00,3174.0,3190.0,3167.0,3186.0,256200,0.0,0.0
2023-06-06 09:00:00+09:00,3131.0,3132.0,3102.0,3120.0,287100,0.0,0.0
2023-06-06 10:00:00+09:00,3120.0,3145.0,3119.0,3123.0,156200,0.0,0.0
2023-06-06 11:00:00+09:00,3123.0,3131.0,3116.0,3124.0,0,0.0,0.0
2023-06-06 12:00:00+09:00,3124.0,3130.0,3100.0,3120.0,601500,0.0,0.0
2023-06-06 13:00:00+09:00,3121.0,3123.0,3107.0,3112.0,141600,0.0,0.0
2023-06-06 14:00:00+09:00,3111.0,3132.0,3110.0,3123.0,267500,0.0,0.0
2023-06-07 09:00:00+09:00,3124.0,3151.0,3101.0,3101.0,371000,0.0,0.0
2023-06-07 10:00:00+09:00,3102.0,3103.0,3067.0,3075.0,215900,0.0,0.0
2023-06-07 11:00:00+09:00,3074.0,3075.0,3065.0,3068.0,0,0.0,0.0
2023-06-07 12:00:00+09:00,3066.0,3082.0,3066.0,3079.0,743400,0.0,0.0
2023-06-07 13:00:00+09:00,3078.0,3082.0,3046.0,3074.0,275600,0.0,0.0
2023-06-07 14:00:00+09:00,3076.0,3078.0,3051.0,3061.0,225300,0.0,0.0
2023-06-08 09:00:00+09:00,3020.0,3044.0,3012.0,3031.0,379200,0.0,0.0
2023-06-08 10:00:00+09:00,3031.0,3042.0,3021.0,3034.0,120300,0.0,0.0
2023-06-08 11:00:00+09:00,3034.0,3036.0,3027.0,3028.0,0,0.0,0.0
2023-06-08 12:00:00+09:00,3034.0,3037.0,3022.0,3025.0,663000,0.0,0.0
2023-06-08 13:00:00+09:00,3024.0,3026.0,3008.0,3010.0,148300,0.0,0.0
2023-06-08 14:00:00+09:00,3010.0,3032.0,3009.0,3027.0,185200,0.0,0.0
2023-06-09 09:00:00+09:00,3025.0,3053.0,3015.0,3022.0,775700,0.0,0.0
2023-06-09 10:00:00+09:00,3023.0,3026.0,3009.0,3010.0,153700,0.0,0.0
2023-06-09 11:00:00+09:00,3010.0,3015.0,2998.0,3013.0,0,0.0,0.0
2023-06-09 12:00:00+09:00,3008.0,3015.0,2998.5,3008.0,1122400,0.0,0.0
2023-06-09 13:00:00+09:00,3007.0,3008.0,2994.5,2994.5,153100,0.0,0.0
2023-06-09 14:00:00+09:00,2994.5,3009.0,2988.5,2999.5,257100,0.0,0.0
2023-06-12 09:00:00+09:00,3037.0,3040.0,2989.5,3018.0,303800,0.0,0.0
2023-06-12 10:00:00+09:00,3018.0,3026.0,3014.0,3019.0,134400,0.0,0.0
2023-06-12 11:00:00+09:00,3018.0,3018.0,3007.0,3016.0,0,0.0,0.0
2023-06-12 12:00:00+09:00,3019.0,3022.0,2991.0,2996.5,620800,0.0,0.0
2023-06-12 13:00:00+09:00,2996.5,2998.0,2987.5,2992.0,143900,0.0,0.0
2023-06-12 14:00:00+09:00,2992.0,3012.0,2990.5,3012.0,199200,0.0,0.0
2023-06-13 09:00:00+09:00,3039.0,3049.0,3011.0,3022.0,336200,0.0,0.0
2023-06-13 10:00:00+09:00,3021.0,3034.0,3014.0,3033.0,143200,0.0,0.0
2023-06-13 11:00:00+09:00,3032.0,3039.0,3027.0,3036.0,0,0.0,0.0
2023-06-13 12:00:00+09:00,3043.0,3054.0,3036.0,3050.0,607200,0.0,0.0
2023-06-13 13:00:00+09:00,3049.0,3053.0,3037.0,3044.0,110100,0.0,0.0
2023-06-13 14:00:00+09:00,3044.0,3051.0,3041.0,3043.0,162600,0.0,0.0
2023-06-14 09:00:00+09:00,3114.0,3136.0,3099.0,3104.0,326600,0.0,0.0
2023-06-14 10:00:00+09:00,3104.0,3119.0,3099.0,3108.0,141200,0.0,0.0
2023-06-14 11:00:00+09:00,3109.0,3109.0,3082.0,3097.0,0,0.0,0.0
2023-06-14 12:00:00+09:00,3098.0,3098.0,3074.0,3097.0,683900,0.0,0.0
2023-06-14 13:00:00+09:00,3096.0,3106.0,3096.0,3102.0,143000,0.0,0.0
2023-06-14 14:00:00+09:00,3102.0,3125.0,3101.0,3119.0,226500,0.0,0.0
2023-06-15 09:00:00+09:00,3074.0,3103.0,3072.0,3094.0,215900,0.0,0.0
2023-06-15 10:00:00+09:00,3092.0,3095.0,3075.0,3087.0,86300,0.0,0.0
2023-06-15 11:00:00+09:00,3086.0,3096.0,3083.0,3096.0,0,0.0,0.0
2023-06-15 12:00:00+09:00,3101.0,3117.0,3095.0,3116.0,431900,0.0,0.0
2023-06-15 13:00:00+09:00,3117.0,3119.0,3104.0,3114.0,112800,0.0,0.0
2023-06-15 14:00:00+09:00,3113.0,3119.0,3101.0,3103.0,178600,0.0,0.0
2023-06-16 09:00:00+09:00,3100.0,3109.0,3071.0,3098.0,216300,0.0,0.0
2023-06-16 10:00:00+09:00,3099.0,3105.0,3089.0,3098.0,117900,0.0,0.0
2023-06-16 11:00:00+09:00,3098.0,3100.0,3090.0,3094.0,0,0.0,0.0
2023-06-16 12:00:00+09:00,3110.0,3114.0,3093.0,3093.0,555000,0.0,0.0
2023-06-16 13:00:00+09:00,3092.0,3098.0,3086.0,3090.0,161500,0.0,0.0
2023-06-16 14:00:00+09:00,3089.0,3099.0,3082.0,3095.0,321300,0.0,0.0
2023-06-19 09:00:00+09:00,3080.0,3083.0,3042.0,3070.0,249900,0.0,0.0
2023-06-19 10:00:00+09:00,3069.0,3090.0,3064.0,3066.0,121600,0.0,0.0
2023-06-19 11:00:00+09:00,3067.0,3070.0,3061.0,3064.0,0,0.0,0.0
2023-06-19 12:00:00+09:00,3064.0,3066.0,3030.0,3036.0,506300,0.0,0.0
2023-06-19 13:00:00+09:00,3035.0,3042.0,3026.0,3040.0,83300,0.0,0.0
2023-06-19 14:00:00+09:00,3041.0,3054.0,3038.0,3052.0,163600,0.0,0.0
2023-06-20 09:00:00+09:00,3136.0,3172.0,3103.0,3157.0,577500,0.0,0.0
2023-06-20 10:00:00+09:00,3156.0,3184.0,3147.0,3165.0,221400,0.0,0.0
2023-06-20 11:00:00+09:00,3164.0,3176.0,3156.0,3157.0,0,0.0,0.0
2023-06-20 12:00:00+09:00,3160.0,3195.0,3157.0,3185.0,1024600,0.0,0.0
2023-06-20 13:00:00+09:00,3186.0,3194.0,3166.0,3169.0,189900,0.0,0.0
2023-06-20 14:00:00+09:00,3169.0,3178.0,3165.0,3177.0,215700,0.0,0.0
2023-06-21 09:00:00+09:00,3090.0,3107.0,3072.0,3093.0,517800,0.0,0.0
2023-06-21 10:00:00+09:00,3091.0,3104.0,3085.0,3095.0,213500,0.0,0.0
2023-06-21 11:00:00+09:00,3094.0,3096.0,3081.0,3091.0,0,0.0,0.0
2023-06-21 12:00:00+09:00,3097.0,3097.0,3080.0,3087.0,991000,0.0,0.0
2023-06-21 13:00:00+09:00,3087.0,3102.0,3086.0,3094.0,171500,0.0,0.0
2023-06-21 14:00:00+09:00,3094.0,3097.0,3085.0,3095.0,226600,0.0,0.0
2023-06-22 09:00:00+09:00,3133.0,3137.0,3104.0,3128.0,485100,0.0,0.0
2023-06-22 10:00:00+09:00,3128.0,3154.0,3128.0,3153.0,216700,0.0,0.0
2023-06-22 11:00:00+09:00,3153.0,3154.0,3141.0,3146.0,0,0.0,0.0
2023-06-22 12:00:00+09:00,3149.0,3163.0,3148.0,3156.0,966200,0.0,0.0
2023-06-22 13:00:00+09:00,3155.0,3155.0,3130.0,3131.0,174500,0.0,0.0
2023-06-22 14:00:00+09:00,3132.0,3135.0,3115.0,3121.0,209700,0.0,0.0
2023-06-23 09:00:00+09:00,3122.0,3141.0,3108.0,3122.0,251400,0.0,0.0
2023-06-23 10:00:00+09:00,3122.0,3122.0,3048.0,3073.0,157300,0.0,0.0
2023-06-23 11:00:00+09:00,3072.0,3079.0,3064.0,3065.0,0,0.0,0.0
2023-06-23 12:00:00+09:00,3060.0,3061.0,3041.0,3050.0,552600,0.0,0.0
2023-06-23 13:00:00+09:00,3050.0,3052.0,3038.0,3048.0,119500,0.0,0.0
2023-06-23 14:00:00+09:00,3047.0,3055.0,3035.0,3052.0,172700,0.0,0.0
2023-06-26 09:00:00+09:00,2979.0,3001.0,2935.0,2940.0,0,0.0,0.0
2023-06-26 10:00:00+09:00,2941.0,2971.5,2929.0,2955.5,295200,0.0,0.0
2023-06-26 11:00:00+09:00,2955.0,2966.5,2952.5,2954.5,0,0.0,0.0
2023-06-26 12:00:00+09:00,2950.0,2952.5,2934.0,2943.5,1272000,0.0,0.0
2023-06-26 13:00:00+09:00,2944.0,2947.5,2902.0,2913.5,308900,0.0,0.0
2023-06-26 14:00:00+09:00,2913.5,2913.5,2900.0,2904.0,371600,0.0,0.0
2023-06-27 09:00:00+09:00,2912.0,2915.0,2853.5,2853.5,425600,0.0,0.0
2023-06-27 10:00:00+09:00,2854.5,2876.5,2845.5,2861.5,301800,0.0,0.0
2023-06-27 11:00:00+09:00,2862.0,2863.5,2850.0,2860.5,0,0.0,0.0
2023-06-27 12:00:00+09:00,2859.5,2859.5,2847.0,2848.5,950800,0.0,0.0
2023-06-27 13:00:00+09:00,2848.5,2858.0,2846.5,2856.5,227600,0.0,0.0
2023-06-27 14:00:00+09:00,2856.5,2858.0,2843.0,2845.5,384100,0.0,0.0
2023-06-28 09:00:00+09:00,2930.0,2930.0,2879.5,2896.0,438800,0.0,0.0
2023-06-28 10:00:00+09:00,2896.5,2904.5,2891.5,2893.5,289000,0.0,0.0
2023-06-28 11:00:00+09:00,2894.0,2900.5,2890.5,2899.5,0,0.0,0.0
2023-06-28 12:00:00+09:00,2909.0,2925.0,2902.5,2917.0,1057000,0.0,0.0
2023-06-28 13:00:00+09:00,2918.5,2921.0,2909.0,2920.0,149600,0.0,0.0
2023-06-28 14:00:00+09:00,2919.5,2945.5,2919.5,2945.5,177800,0.0,0.0
2023-06-29 09:00:00+09:00,2958.0,2973.5,2935.5,2936.5,0,0.0,0.0
2023-06-29 10:00:00+09:00,2936.5,2956.0,2930.5,2951.5,255800,0.0,0.0
2023-06-29 11:00:00+09:00,2952.0,2962.0,2935.5,2947.0,0,0.0,0.0
2023-06-29 12:00:00+09:00,2949.5,2958.0,2940.5,2955.5,852100,0.0,0.0
2023-06-29 13:00:00+09:00,2955.5,2955.5,2942.0,2947.5,130300,0.0,0.0
2023-06-29 14:00:00+09:00,2947.0,2950.0,2938.0,2946.0,227800,0.0,0.0
2023-06-30 09:00:00+09:00,2925.0,2937.0,2878.0,2885.5,285300,0.0,0.0
2023-06-30 10:00:00+09:00,2884.0,2885.5,2868.5,2871.5,233200,0.0,0.0
2023-06-30 11:00:00+09:00,2872.5,2877.0,2865.5,2869.0,0,0.0,0.0
2023-06-30 12:00:00+09:00,2875.0,2880.5,2865.5,2875.0,820700,0.0,0.0
2023-06-30 13:00:00+09:00,2874.5,2877.0,2867.0,2870.5,214500,0.0,0.0
2023-06-30 14:00:00+09:00,2870.0,2873.5,2861.0,2866.0,291600,0.0,0.0
2023-07-03 09:00:00+09:00,2910.0,2927.0,2899.5,2923.0,425000,0.0,0.0
2023-07-03 10:00:00+09:00,2923.0,2935.0,2922.0,2926.0,309900,0.0,0.0
2023-07-03 11:00:00+09:00,2925.0,2928.5,2921.5,2927.0,0,0.0,0.0
2023-07-03 12:00:00+09:00,2930.0,2930.0,2920.5,2925.5,856400,0.0,0.0
2023-07-03 13:00:00+09:00,2926.0,2929.5,2919.5,2924.5,161700,0.0,0.0
2023-07-03 14:00:00+09:00,2924.5,2926.0,2923.0,2923.0,242100,0.0,0.0
2023-07-04 09:00:00+09:00,2915.0,2923.5,2883.0,2892.0,249900,0.0,0.0
2023-07-04 10:00:00+09:00,2890.5,2902.5,2886.0,2900.0,145600,0.0,0.0
2023-07-04 11:00:00+09:00,2900.0,2903.0,2893.0,2901.0,0,0.0,0.0
2023-07-04 12:00:00+09:00,2904.0,2904.0,2893.0,2903.0,576800,0.0,0.0
2023-07-04 13:00:00+09:00,2903.0,2907.5,2899.0,2900.5,98700,0.0,0.0
2023-07-04 14:00:00+09:00,2900.0,2900.0,2890.5,2893.0,200600,0.0,0.0
2023-07-05 09:00:00+09:00,2880.0,2889.5,2871.0,2885.0,201800,0.0,0.0
2023-07-05 10:00:00+09:00,2883.0,2898.5,2878.5,2884.5,113400,0.0,0.0
2023-07-05 11:00:00+09:00,2883.5,2889.5,2881.0,2886.5,0,0.0,0.0
2023-07-05 12:00:00+09:00,2892.0,2895.5,2889.5,2892.0,426400,0.0,0.0
2023-07-05 13:00:00+09:00,2892.5,2895.0,2888.5,2892.5,85600,0.0,0.0
2023-07-05 14:00:00+09:00,2892.5,2893.5,2887.5,2887.5,138000,0.0,0.0
2023-07-06 09:00:00+09:00,2875.5,2893.0,2869.0,2879.0,309800,0.0,0.0
2023-07-06 10:00:00+09:00,2879.5,2880.5,2864.0,2870.5,105600,0.0,0.0
2023-07-06 11:00:00+09:00,2870.0,2870.0,2861.5,2866.0,0,0.0,0.0
2023-07-06 12:00:00+09:00,2850.0,2867.0,2849.0,2861.0,585700,0.0,0.0
2023-07-06 13:00:00+09:00,2861.0,2871.0,2857.0,2857.5,135000,0.0,0.0
2023-07-06 14:00:00+09:00,2858.5,2858.5,2835.5,2839.0,273900,0.0,0.0
2023-07-07 09:00:00+09:00,2810.0,2838.5,2807.0,2823.0,282800,0.0,0.0
2023-07-07 10:00:00+09:00,2823.0,2823.5,2794.5,2801.0,212200,0.0,0.0
2023-07-07 11:00:00+09:00,2799.5,2803.5,2794.5,2797.0,0,0.0,0.0
2023-07-07 12:00:00+09:00,2800.5,2814.0,2791.0,2800.0,706800,0.0,0.0
2023-07-07 13:00:00+09:00,2800.0,2801.0,2790.5,2791.5,106000,0.0,0.0
2023-07-07 14:00:00+09:00,2791.5,2796.5,2774.0,2774.0,204700,0.0,0.0
2023-07-10 09:00:00+09:00,2786.0,2812.0,2780.0,2803.0,359900,0.0,0.0
2023-07-10 10:00:00+09:00,2803.5,2809.0,2798.5,2799.5,223100,0.0,0.0
2023-07-10 11:00:00+09:00,2800.0,2808.5,2798.5,2802.5,0,0.0,0.0
2023-07-10 12:00:00+09:00,2806.0,2809.0,2795.5,2801.5,790800,0.0,0.0
2023-07-10 13:00:00+09:00,2801.5,2811.0,2799.0,2805.0,196000,0.0,0.0
2023-07-10 14:00:00+09:00,2805.0,2806.5,2798.5,2802.0,230500,0.0,0.0
2023-07-11 09:00:00+09:00,2830.0,2840.0,2803.5,2830.0,413600,0.0,0.0
2023-07-11 10:00:00+09:00,2829.5,2834.5,2825.5,2829.0,197200,0.0,0.0
2023-07-11 11:00:00+09:00,2829.5,2831.0,2825.5,2828.5,0,0.0,0.0
2023-07-11 12:00:00+09:00,2831.5,2832.0,2822.5,2825.0,817100,0.0,0.0
2023-07-11 13:00:00+09:00,2824.5,2831.0,2820.0,2828.5,131800,0.0,0.0
2023-07-11 14:00:00+09:00,2828.0,2832.0,2818.0,2822.5,202100,0.0,0.0
2023-07-12 09:00:00+09:00,2820.0,2825.0,2773.5,2777.0,157500,0.0,0.0
2023-07-12 10:00:00+09:00,2777.0,2780.0,2763.0,2764.0,100300,0.0,0.0
2023-07-12 11:00:00+09:00,2764.0,2768.0,2761.0,2763.0,0,0.0,0.0
2023-07-12 12:00:00+09:00,2762.0,2767.5,2757.0,2757.0,347800,0.0,0.0
2023-07-12 13:00:00+09:00,2757.5,2757.5,2748.5,2750.5,112300,0.0,0.0
2023-07-12 14:00:00+09:00,2750.5,2752.5,2748.0,2749.0,133700,0.0,0.0
2023-07-13 09:00:00+09:00,2764.0,2764.0,2722.5,2752.5,249900,0.0,0.0
2023-07-13 10:00:00+09:00,2752.5,2753.5,2745.0,2745.0,123400,0.0,0.0
2023-07-13 11:00:00+09:00,2745.0,2772.5,2745.0,2761.5,0,0.0,0.0
2023-07-13 12:00:00+09:00,2758.5,2770.5,2758.5,2765.5,544200,0.0,0.0
2023-07-13 13:00:00+09:00,2765.0,2765.0,2756.0,2759.0,77500,0.0,0.0
2023-07-13 14:00:00+09:00,2759.0,2761.5,2757.5,2760.0,92900,0.0,0.0
2023-07-14 09:00:00+09:00,2757.0,2770.5,2731.5,2733.5,255800,0.0,0.0
2023-07-14 10:00:00+09:00,2732.5,2734.5,2719.0,2727.0,123600,0.0,0.0
2023-07-14 11:00:00+09:00,2726.5,2732.0,2725.0,2729.0,0,0.0,0.0
2023-07-14 12:00:00+09:00,2738.5,2747.0,2737.5,2740.5,483400,0.0,0.0
2023-07-14 13:00:00+09:00,2741.5,2747.0,2736.5,2743.5,94000,0.0,0.0
2023-07-14 14:00:00+09:00,2743.5,2744.0,2731.0,2738.0,127000,0.0,0.0
2023-07-18 09:00:00+09:00,2771.5,2784.5,2755.5,2766.0,209800,0.0,0.0
2023-07-18 10:00:00+09:00,2765.0,2765.0,2748.0,2749.0,56100,0.0,0.0
2023-07-18 11:00:00+09:00,2749.0,2749.0,2740.0,2740.0,0,0.0,0.0
2023-07-18 12:00:00+09:00,2739.0,2747.0,2737.0,2740.5,331200,0.0,0.0
2023-07-18 13:00:00+09:00,2740.5,2748.0,2738.0,2746.5,60200,0.0,0.0
2023-07-18 14:00:00+09:00,2747.0,2757.5,2742.5,2757.5,96400,0.0,0.0
2023-07-19 09:00:00+09:00,2790.5,2808.5,2781.5,2799.0,270600,0.0,0.0
2023-07-19 10:00:00+09:00,2798.5,2809.5,2795.0,2804.5,220700,0.0,0.0
2023-07-19 11:00:00+09:00,2804.5,2805.5,2799.0,2804.0,0,0.0,0.0
2023-07-19 12:00:00+09:00,2802.0,2805.5,2797.5,2803.0,666700,0.0,0.0
2023-07-19 13:00:00+09:00,2802.5,2805.0,2800.0,2800.5,123700,0.0,0.0
2023-07-19 14:00:00+09:00,2800.5,2810.0,2798.0,2810.0,199900,0.0,0.0
2023-07-20 09:00:00+09:00,2802.5,2811.0,2775.5,2777.5,122400,0.0,0.0
2023-07-20 10:00:00+09:00,2776.5,2779.5,2764.5,2769.0,78900,0.0,0.0
2023-07-20 11:00:00+09:00,2768.0,2770.0,2749.0,2754.0,0,0.0,0.0
2023-07-20 12:00:00+09:00,2750.0,2755.5,2742.5,2742.5,324600,0.0,0.0
2023-07-20 13:00:00+09:00,2743.5,2745.5,2735.0,2739.0,84400,0.0,0.0
2023-07-20 14:00:00+09:00,2739.0,2739.0,2728.5,2730.0,199900,0.0,0.0
2023-07-21 09:00:00+09:00,2746.0,2750.0,2727.5,2746.0,286600,0.0,0.0
2023-07-21 10:00:00+09:00,2744.0,2746.0,2734.5,2734.5,107400,0.0,0.0
2023-07-21 11:00:00+09:00,2735.0,2739.0,2731.5,2737.0,0,0.0,0.0
2023-07-21 12:00:00+09:00,2735.0,2747.5,2731.0,2735.5,501700,0.0,0.0
2023-07-21 13:00:00+09:00,2736.0,2741.0,2730.5,2738.0,109900,0.0,0.0
2023-07-21 14:00:00+09:00,2738.0,2738.5,2723.0,2731.0,200200,0.0,0.0
2023-07-24 09:00:00+09:00,2746.5,2747.5,2724.0,2726.0,136600,0.0,0.0
2023-07-24 10:00:00+09:00,2727.5,2729.5,2716.0,2719.0,159400,0.0,0.0
2023-07-24 11:00:00+09:00,2719.0,2722.5,2717.0,2722.0,0,0.0,0.0
2023-07-24 12:00:00+09:00,2730.0,2730.0,2721.0,2725.5,408900,0.0,0.0
2023-07-24 13:00:00+09:00,2725.0,2730.5,2724.0,2730.5,76800,0.0,0.0
2023-07-24 14:00:00+09:00,2731.0,2733.0,2726.0,2733.0,125200,0.0,0.0
2023-07-25 09:00:00+09:00,2764.5,2768.5,2727.5,2731.5,284200,0.0,0.0
2023-07-25 10:00:00+09:00,2731.5,2732.5,2721.0,2722.0,139400,0.0,0.0
2023-07-25 11:00:00+09:00,2722.5,2722.5,2716.0,2716.0,0,0.0,0.0
2023-07-25 12:00:00+09:00,2720.5,2727.5,2716.5,2721.0,597600,0.0,0.0
2023-07-25 13:00:00+09:00,2720.0,2724.0,2716.0,2723.5,93200,0.0,0.0
2023-07-25 14:00:00+09:00,2723.5,2724.0,2717.5,2721.0,156400,0.0,0.0
2023-07-26 09:00:00+09:00,2774.5,2775.5,2729.5,2736.5,245200,0.0,0.0
2023-07-26 10:00:00+09:00,2736.5,2761.0,2734.5,2761.0,114100,0.0,0.0
2023-07-26 11:00:00+09:00,2761.0,2770.0,2758.5,2766.0,0,0.0,0.0
2023-07-26 12:00:00+09:00,2759.5,2764.5,2754.5,2758.0,474700,0.0,0.0
2023-07-26 13:00:00+09:00,2757.5,2761.0,2753.5,2755.0,79800,0.0,0.0
2023-07-26 14:00:00+09:00,2754.0,2758.0,2750.5,2752.0,110300,0.0,0.0
2023-07-27 09:00:00+09:00,2719.5,2733.0,2698.5,2706.5,274600,0.0,0.0
2023-07-27 10:00:00+09:00,2707.0,2707.0,2698.0,2700.0,186500,0.0,0.0
2023-07-27 11:00:00+09:00,2700.0,2706.5,2694.5,2705.0,0,0.0,0.0
2023-07-27 12:00:00+09:00,2705.0,2719.0,2705.0,2718.0,604800,0.0,0.0
2023-07-27 13:00:00+09:00,2719.0,2735.0,2719.0,2728.5,110700,0.0,0.0
2023-07-27 14:00:00+09:00,2728.5,2737.0,2725.0,2737.0,192000,0.0,0.0
2023-07-28 09:00:00+09:00,2700.0,2721.0,2689.0,2721.0,165700,0.0,0.0
2023-07-28 10:00:00+09:00,2719.5,2723.5,2710.5,2714.0,81600,0.0,0.0
2023-07-28 11:00:00+09:00,2713.5,2714.5,2703.0,2703.5,0,0.0,0.0
2023-07-28 12:00:00+09:00,2700.0,2740.5,2699.0,2703.0,423400,0.0,0.0
2023-07-28 13:00:00+09:00,2704.5,2705.5,2685.5,2698.5,218500,0.0,0.0
2023-07-28 14:00:00+09:00,2697.5,2739.5,2684.5,2728.0,247100,0.0,0.0
2023-07-31 09:00:00+09:00,2643.5,2666.0,2590.0,2601.0,1157400,0.0,0.0
2023-07-31 10:00:00+09:00,2601.0,2622.5,2593.5,2613.5,351500,0.0,0.0
2023-07-31 11:00:00+09:00,2614.0,2617.0,2605.5,2610.0,0,0.0,0.0
2023-07-31 12:00:00+09:00,2614.0,2615.5,2595.0,2598.0,1869300,0.0,0.0
2023-07-31 13:00:00+09:00,2598.5,2599.5,2581.5,2586.0,240900,0.0,0.0
2023-07-31 14:00:00+09:00,2586.0,2599.5,2583.0,2596.0,389500,0.0,0.0
2023-08-01 09:00:00+09:00,2609.0,2613.0,2581.5,2612.0,544400,0.0,0.0
2023-08-01 10:00:00+09:00,2613.5,2631.5,2608.5,2609.0,282100,0.0,0.0
2023-08-01 11:00:00+09:00,2610.0,2625.0,2609.5,2622.0,0,0.0,0.0
2023-08-01 12:00:00+09:00,2620.0,2625.5,2612.5,2624.0,1157900,0.0,0.0
2023-08-01 13:00:00+09:00,2624.0,2641.0,2624.0,2628.0,235700,0.0,0.0
2023-08-01 14:00:00+09:00,2628.5,2628.5,2603.0,2612.0,274100,0.0,0.0
2023-08-02 09:00:00+09:00,2604.0,2604.0,2553.0,2564.0,423900,0.0,0.0
2023-08-02 10:00:00+09:00,2563.5,2580.5,2558.5,2573.5,134000,0.0,0.0
2023-08-02 11:00:00+09:00,2574.5,2579.5,2568.0,2571.0,0,0.0,0.0
2023-08-02 12:00:00+09:00,2570.0,2574.5,2565.0,2571.5,743800,0.0,0.0
2023-08-02 13:00:00+09:00,2571.5,2580.5,2563.0,2563.5,184900,0.0,0.0
2023-08-02 14:00:00+09:00,2563.0,2576.5,2556.5,2560.0,272500,0.0,0.0
2023-08-03 09:00:00+09:00,2514.5,2531.0,2440.0,2460.0,672800,0.0,0.0
2023-08-03 10:00:00+09:00,2460.5,2474.5,2451.0,2468.0,209700,0.0,0.0
2023-08-03 11:00:00+09:00,2469.0,2471.5,2457.0,2457.0,0,0.0,0.0
2023-08-03 12:00:00+09:00,2464.0,2464.0,2451.0,2456.5,1107400,0.0,0.0
2023-08-03 13:00:00+09:00,2456.5,2459.5,2427.0,2439.5,332700,0.0,0.0
2023-08-03 14:00:00+09:00,2440.0,2444.0,2435.5,2439.0,239200,0.0,0.0
2023-08-04 09:00:00+09:00,2423.0,2426.5,2383.5,2397.0,690600,0.0,0.0
2023-08-04 10:00:00+09:00,2397.0,2407.0,2388.5,2390.5,246500,0.0,0.0
2023-08-04 11:00:00+09:00,2390.5,2396.0,2387.5,2390.5,0,0.0,0.0
2023-08-04 12:00:00+09:00,2392.5,2408.5,2392.0,2404.0,1185700,0.0,0.0
2023-08-04 13:00:00+09:00,2403.5,2415.0,2399.5,2409.5,162800,0.0,0.0
2023-08-04 14:00:00+09:00,2409.0,2417.0,2400.0,2402.0,246200,0.0,0.0
2023-08-07 09:00:00+09:00,2390.0,2418.0,2388.0,2408.5,240000,0.0,0.0
2023-08-07 10:00:00+09:00,2408.5,2412.5,2402.0,2408.0,114000,0.0,0.0
2023-08-07 11:00:00+09:00,2408.0,2417.0,2405.5,2417.0,0,0.0,0.0
2023-08-07 12:00:00+09:00,2421.5,2431.5,2419.5,2431.0,484600,0.0,0.0
2023-08-07 13:00:00+09:00,2431.0,2443.5,2426.0,2439.5,126600,0.0,0.0
2023-08-07 14:00:00+09:00,2440.0,2451.0,2438.5,2449.5,143400,0.0,0.0
2023-08-08 09:00:00+09:00,2477.5,2484.5,2456.0,2467.5,234100,0.0,0.0
2023-08-08 10:00:00+09:00,2468.0,2468.5,2443.0,2458.5,156800,0.0,0.0
2023-08-08 11:00:00+09:00,2458.5,2462.0,2455.0,2462.0,0,0.0,0.0
2023-08-08 12:00:00+09:00,2466.5,2467.0,2449.5,2457.5,496800,0.0,0.0
2023-08-08 13:00:00+09:00,2457.0,2459.0,2450.0,2456.0,78900,0.0,0.0
2023-08-08 14:00:00+09:00,2456.5,2487.5,2449.5,2475.0,353900,0.0,0.0
2023-08-09 09:00:00+09:00,2475.5,2498.5,2469.0,2479.5,358300,0.0,0.0
2023-08-09 10:00:00+09:00,2479.5,2489.5,2478.0,2485.5,116800,0.0,0.0
2023-08-09 11:00:00+09:00,2485.5,2488.0,2478.0,2479.0,0,0.0,0.0
2023-08-09 12:00:00+09:00,2479.0,2483.0,2470.5,2473.5,599200,0.0,0.0
2023-08-09 13:00:00+09:00,2473.5,2481.0,2470.5,2474.5,120200,0.0,0.0
2023-08-09 14:00:00+09:00,2474.5,2482.5,2469.5,2473.5,198100,0.0,0.0
2023-08-10 09:00:00+09:00,2431.0,2431.0,2397.0,2407.0,344100,0.0,0.0
2023-08-10 10:00:00+09:00,2407.5,2434.5,2406.0,2429.5,181900,0.0,0.0
2023-08-10 11:00:00+09:00,2429.0,2447.0,2429.0,2445.5,0,0.0,0.0
2023-08-10 12:00:00+09:00,2453.5,2456.0,2441.0,2450.5,667600,0.0,0.0
2023-08-10 13:00:00+09:00,2450.5,2452.5,2439.5,2445.5,99700,0.0,0.0
2023-08-10 14:00:00+09:00,2445.5,2458.5,2444.5,2453.0,191500,0.0,0.0
2023-08-14 09:00:00+09:00,2436.0,2471.5,2433.0,2434.0,221100,0.0,0.0
2023-08-14 10:00:00+09:00,2433.5,2435.5,2422.0,2433.0,260300,0.0,0.0
2023-08-14 11:00:00+09:00,2432.5,2436.0,2425.0,2428.0,0,0.0,0.0
2023-08-14 12:00:00+09:00,2424.0,2428.0,2421.5,2426.0,640300,0.0,0.0
2023-08-14 13:00:00+09:00,2425.5,2427.0,2420.0,2422.0,153600,0.0,0.0
2023-08-14 14:00:00+09:00,2421.5,2441.5,2419.0,2440.0,228800,0.0,0.0
2023-08-15 09:00:00+09:00,2460.0,2471.0,2428.5,2449.0,248500,0.0,0.0
2023-08-15 10:00:00+09:00,2448.5,2455.0,2439.0,2455.0,96600,0.0,0.0
2023-08-15 11:00:00+09:00,2455.0,2455.0,2449.5,2454.5,0,0.0,0.0
2023-08-15 12:00:00+09:00,2455.0,2455.5,2443.0,2450.0,458900,0.0,0.0
2023-08-15 13:00:00+09:00,2449.5,2453.5,2446.5,2447.0,70300,0.0,0.0
2023-08-15 14:00:00+09:00,2447.0,2452.0,2441.0,2445.0,117000,0.0,0.0
2023-08-16 09:00:00+09:00,2403.0,2421.0,2395.0,2408.0,357700,0.0,0.0
2023-08-16 10:00:00+09:00,2407.5,2417.0,2401.5,2408.0,243500,0.0,0.0
2023-08-16 11:00:00+09:00,2408.5,2410.5,2404.0,2410.0,0,0.0,0.0
2023-08-16 12:00:00+09:00,2410.0,2413.5,2403.0,2404.5,752000,0.0,0.0
2023-08-16 13:00:00+09:00,2403.5,2406.5,2391.0,2391.0,107200,0.0,0.0
2023-08-16 14:00:00+09:00,2391.5,2409.5,2390.5,2399.0,363800,0.0,0.0
2023-08-17 09:00:00+09:00,2402.5,2427.5,2396.5,2422.0,375100,0.0,0.0
2023-08-17 10:00:00+09:00,2421.5,2424.5,2412.5,2424.5,134100,0.0,0.0
2023-08-17 11:00:00+09:00,2423.0,2435.5,2421.5,2429.5,0,0.0,0.0
2023-08-17 12:00:00+09:00,2436.5,2443.5,2434.5,2443.0,676400,0.0,0.0
2023-08-17 13:00:00+09:00,2443.0,2449.5,2440.5,2445.0,102800,0.0,0.0
2023-08-17 14:00:00+09:00,2444.5,2448.0,2440.5,2445.0,186300,0.0,0.0
2023-08-18 09:00:00+09:00,2416.0,2447.5,2407.0,2441.0,258200,0.0,0.0
2023-08-18 10:00:00+09:00,2441.5,2446.0,2437.5,2445.0,70600,0.0,0.0
2023-08-18 11:00:00+09:00,2445.0,2450.5,2444.5,2450.0,0,0.0,0.0
2023-08-18 12:00:00+09:00,2443.0,2447.0,2434.0,2445.0,420800,0.0,0.0
2023-08-18 13:00:00+09:00,2445.0,2449.5,2440.0,2443.5,70900,0.0,0.0
2023-08-18 14:00:00+09:00,2442.5,2454.5,2439.5,2454.5,97200,0.0,0.0
2023-08-21 09:00:00+09:00,2421.0,2425.0,2405.0,2420.0,250500,0.0,0.0
2023-08-21 10:00:00+09:00,2419.0,2422.5,2404.0,2415.5,154700,0.0,0.0
2023-08-21 11:00:00+09:00,2414.0,2445.0,2412.5,2443.5,0,0.0,0.0
2023-08-21 12:00:00+09:00,2436.0,2440.5,2430.0,2440.5,563400,0.0,0.0
2023-08-21 13:00:00+09:00,2440.5,2448.0,2440.0,2447.0,188700,0.0,0.0
2023-08-21 14:00:00+09:00,2446.5,2450.5,2440.0,2445.0,251900,0.0,0.0
2023-08-22 09:00:00+09:00,2470.0,2471.5,2450.0,2469.5,251600,0.0,0.0
2023-08-22 10:00:00+09:00,2469.0,2469.5,2459.5,2462.5,154000,0.0,0.0
2023-08-22 11:00:00+09:00,2462.5,2470.5,2461.5,2468.5,0,0.0,0.0
2023-08-22 12:00:00+09:00,2467.5,2469.5,2466.0,2469.5,496100,0.0,0.0
2023-08-22 13:00:00+09:00,2470.0,2470.5,2463.0,2464.0,95700,0.0,0.0
2023-08-22 14:00:00+09:00,2464.0,2473.0,2464.0,2471.5,94800,0.0,0.0
2023-08-23 09:00:00+09:00,2462.0,2468.0,2445.5,2467.0,125000,0.0,0.0
2023-08-23 10:00:00+09:00,2467.5,2476.5,2466.5,2476.5,93600,0.0,0.0
2023-08-23 11:00:00+09:00,2476.5,2481.5,2473.5,2480.5,0,0.0,0.0
2023-08-23 12:00:00+09:00,2477.0,2479.5,2465.5,2468.0,326500,0.0,0.0
2023-08-23 13:00:00+09:00,2469.0,2474.0,2466.0,2473.0,59800,0.0,0.0
2023-08-23 14:00:00+09:00,2473.0,2485.5,2471.5,2485.0,134300,0.0,0.0
2023-08-24 09:00:00+09:00,2485.0,2485.0,2420.0,2429.5,499700,0.0,0.0
2023-08-24 10:00:00+09:00,2430.0,2452.0,2430.0,2451.0,142900,0.0,0.0
2023-08-24 11:00:00+09:00,2452.0,2455.0,2439.5,2440.5,0,0.0,0.0
2023-08-24 12:00:00+09:00,2441.5,2443.0,2431.5,2443.0,938700,0.0,0.0
2023-08-24 13:00:00+09:00,2443.0,2456.0,2439.0,2453.0,249800,0.0,0.0
2023-08-24 14:00:00+09:00,2453.0,2477.5,2449.0,2471.5,308600,0.0,0.0
2023-08-25 09:00:00+09:00,2432.0,2472.0,2432.0,2460.0,227900,0.0,0.0
2023-08-25 10:00:00+09:00,2458.0,2466.0,2453.5,2463.0,49700,0.0,0.0
2023-08-25 11:00:00+09:00,2464.0,2465.0,2459.0,2460.0,0,0.0,0.0
2023-08-25 12:00:00+09:00,2457.0,2464.5,2453.5,2460.0,349800,0.0,0.0
2023-08-25 13:00:00+09:00,2461.0,2462.0,2453.5,2455.0,55100,0.0,0.0
2023-08-25 14:00:00+09:00,2456.0,2467.5,2451.0,2467.5,161400,0.0,0.0
2023-08-28 09:00:00+09:00,2494.0,2514.5,2486.5,2513.0,122700,0.0,0.0
2023-08-28 10:00:00+09:00,2513.0,2514.0,2502.0,2507.5,50600,0.0,0.0
2023-08-28 11:00:00+09:00,2508.5,2509.0,2497.0,2502.0,0,0.0,0.0
2023-08-28 12:00:00+09:00,2501.5,2501.5,2494.5,2498.5,271900,0.0,0.0
2023-08-28 13:00:00+09:00,2498.5,2499.0,2491.5,2494.0,62500,0.0,0.0
2023-08-28 14:00:00+09:00,2493.5,2495.5,2485.5,2494.5,89800,0.0,0.0
2023-08-29 09:00:00+09:00,2493.5,2519.5,2488.5,2517.0,199900,0.0,0.0
2023-08-29 10:00:00+09:00,2516.5,2517.0,2502.0,2502.5,139500,0.0,0.0
2023-08-29 11:00:00+09:00,2502.5,2506.5,2500.0,2506.5,0,0.0,0.0
2023-08-29 12:00:00+09:00,2507.5,2511.5,2506.5,2509.5,445700,0.0,0.0
2023-08-29 13:00:00+09:00,2509.5,2523.5,2507.5,2518.0,213400,0.0,0.0
2023-08-29 14:00:00+09:00,2518.5,2519.0,2511.0,2514.5,193100,0.0,0.0
2023-08-30 09:00:00+09:00,2515.0,2540.5,2515.0,2522.5,105000,0.0,0.0
2023-08-30 10:00:00+09:00,2523.0,2538.0,2523.0,2538.0,74700,0.0,0.0
2023-08-30 11:00:00+09:00,2538.0,2544.0,2534.0,2544.0,0,0.0,0.0
2023-08-30 12:00:00+09:00,2545.0,2551.0,2535.5,2535.5,270800,0.0,0.0
2023-08-30 13:00:00+09:00,2535.0,2549.5,2535.0,2541.0,209400,0.0,0.0
2023-08-30 14:00:00+09:00,2541.0,2548.5,2538.5,2545.0,150500,0.0,0.0
2023-08-31 09:00:00+09:00,2537.5,2549.0,2532.5,2543.5,163500,0.0,0.0
2023-08-31 10:00:00+09:00,2543.5,2551.5,2532.5,2535.5,119700,0.0,0.0
2023-08-31 11:00:00+09:00,2537.0,2540.0,2536.5,2538.0,0,0.0,0.0
2023-08-31 12:00:00+09:00,2536.0,2545.0,2534.0,2541.0,377600,0.0,0.0
2023-08-31 13:00:00+09:00,2541.5,2546.0,2538.0,2540.0,72300,0.0,0.0
2023-08-31 14:00:00+09:00,2540.0,2553.5,2540.0,2547.0,155500,0.0,0.0
2023-09-01 09:00:00+09:00,2570.0,2570.5,2540.5,2569.5,182600,0.0,0.0
2023-09-01 10:00:00+09:00,2569.0,2582.0,2567.5,2579.0,104300,0.0,0.0
2023-09-01 11:00:00+09:00,2578.5,2583.5,2578.5,2581.5,0,0.0,0.0
2023-09-01 12:00:00+09:00,2580.0,2583.0,2574.0,2580.0,391800,0.0,0.0
2023-09-01 13:00:00+09:00,2580.0,2585.5,2575.5,2577.0,52300,0.0,0.0
2023-09-01 14:00:00+09:00,2577.5,2582.5,2574.0,2578.5,90100,0.0,0.0
2023-09-04 09:00:00+09:00,2586.0,2589.0,2564.0,2577.5,217200,0.0,0.0
2023-09-04 10:00:00+09:00,2577.0,2577.0,2560.0,2566.5,117400,0.0,0.0
2023-09-04 11:00:00+09:00,2567.0,2567.5,2552.5,2555.0,0,0.0,0.0
2023-09-04 12:00:00+09:00,2550.0,2561.0,2544.0,2558.0,505700,0.0,0.0
2023-09-04 13:00:00+09:00,2557.5,2563.5,2553.5,2554.5,122100,0.0,0.0
2023-09-04 14:00:00+09:00,2554.0,2574.0,2553.0,2574.0,144900,0.0,0.0
2023-09-05 09:00:00+09:00,2597.0,2597.5,2566.0,2569.0,136400,0.0,0.0
2023-09-05 10:00:00+09:00,2569.0,2586.0,2566.5,2585.5,72000,0.0,0.0
2023-09-05 11:00:00+09:00,2586.0,2594.0,2584.5,2586.5,0,0.0,0.0
2023-09-05 12:00:00+09:00,2590.0,2591.5,2579.0,2582.5,294900,0.0,0.0
2023-09-05 13:00:00+09:00,2583.0,2585.5,2577.5,2584.5,80900,0.0,0.0
2023-09-05 14:00:00+09:00,2584.5,2599.5,2582.5,2597.5,149200,0.0,0.0
2023-09-06 09:00:00+09:00,2573.5,2577.5,2557.0,2573.0,158100,0.0,0.0
2023-09-06 10:00:00+09:00,2573.5,2586.0,2573.5,2581.0,50500,0.0,0.0
2023-09-06 11:00:00+09:00,2581.0,2598.0,2581.0,2594.0,0,0.0,0.0
2023-09-06 12:00:00+09:00,2597.0,2597.0,2587.5,2591.5,297600,0.0,0.0
2023-09-06 13:00:00+09:00,2591.0,2591.5,2579.0,2580.5,70500,0.0,0.0
2023-09-06 14:00:00+09:00,2580.5,2586.0,2576.0,2581.5,68600,0.0,0.0
2023-09-07 09:00:00+09:00,2550.0,2559.0,2542.0,2546.5,130800,0.0,0.0
2023-09-07 10:00:00+09:00,2546.0,2549.5,2529.5,2538.0,184700,0.0,0.0
2023-09-07 11:00:00+09:00,2538.0,2539.0,2533.0,2534.5,0,0.0,0.0
2023-09-07 12:00:00+09:00,2533.0,2546.0,2532.5,2543.5,399600,0.0,0.0
2023-09-07 13:00:00+09:00,2543.5,2545.5,2529.0,2530.0,66400,0.0,0.0
2023-09-07 14:00:00+09:00,2530.0,2537.5,2528.5,2531.5,136900,0.0,0.0
2023-09-08 09:00:00+09:00,2516.5,2516.5,2485.0,2490.0,399000,0.0,0.0
2023-09-08 10:00:00+09:00,2491.0,2498.0,2480.0,2496.0,45300,0.0,0.0
2023-09-08 11:00:00+09:00,2495.0,2499.0,2492.5,2496.5,0,0.0,0.0
2023-09-08 12:00:00+09:00,2488.0,2494.0,2485.0,2485.0,500100,0.0,0.0
2023-09-08 13:00:00+09:00,2485.5,2486.5,2473.5,2473.5,92900,0.0,0.0
2023-09-08 14:00:00+09:00,2474.0,2486.0,2473.5,2476.5,126400,0.0,0.0
2023-09-11 09:00:00+09:00,2473.5,2485.5,2459.0,2463.5,0,0.0,0.0
2023-09-11 10:00:00+09:00,2463.5,2464.5,2440.0,2448.5,88400,0.0,0.0
2023-09-11 11:00:00+09:00,2448.5,2448.5,2433.0,2435.5,0,0.0,0.0
2023-09-11 12:00:00+09:00,2433.5,2443.0,2432.0,2438.5,276200,0.0,0.0
2023-09-11 13:00:00+09:00,2438.5,2442.0,2435.0,2439.5,46700,0.0,0.0
2023-09-11 14:00:00+09:00,2440.0,2447.0,2437.0,2446.0,111500,0.0,0.0
2023-09-12 09:00:00+09:00,2460.5,2488.5,2460.5,2482.0,106100,0.0,0.0
2023-09-12 10:00:00+09:00,2481.5,2483.0,2471.0,2475.0,68800,0.0,0.0
2023-09-12 11:00:00+09:00,2475.0,2490.5,2474.0,2490.5,0,0.0,0.0
2023-09-12 12:00:00+09:00,2496.5,2503.5,2490.0,2503.0,270600,0.0,0.0
2023-09-12 13:00:00+09:00,2503.5,2504.5,2499.0,2503.0,65900,0.0,0.0
2023-09-12 14:00:00+09:00,2503.0,2512.5,2498.0,2512.0,114700,0.0,0.0
2023-09-13 09:00:00+09:00,2502.5,2505.5,2483.5,2504.0,117000,0.0,0.0
2023-09-13 10:00:00+09:00,2505.5,2513.5,2496.5,2496.5,81700,0.0,0.0
2023-09-13 11:00:00+09:00,2497.0,2503.5,2497.0,2501.0,0,0.0,0.0
2023-09-13 12:00:00+09:00,2500.0,2500.0,2478.5,2481.5,255900,0.0,0.0
2023-09-13 13:00:00+09:00,2481.5,2495.5,2480.5,2494.0,0,0.0,0.0
2023-09-13 14:00:00+09:00,2496.5,2498.5,2484.5,2488.0,480900,0.0,0.0
2023-09-14 09:00:00+09:00,2470.0,2478.0,2458.0,2458.0,196000,0.0,0.0
2023-09-14 10:00:00+09:00,2457.5,2471.5,2457.5,2468.0,61100,0.0,0.0
2023-09-14 11:00:00+09:00,2467.5,2470.5,2463.0,2469.5,0,0.0,0.0
2023-09-14 12:00:00+09:00,2478.5,2483.5,2477.5,2482.0,334500,0.0,0.0
2023-09-14 13:00:00+09:00,2481.0,2491.0,2479.5,2482.0,55500,0.0,0.0
2023-09-14 14:00:00+09:00,2482.0,2485.0,2477.5,2484.5,102800,0.0,0.0
2023-09-15 09:00:00+09:00,2498.5,2498.5,2467.0,2483.0,0,0.0,0.0
2023-09-15 10:00:00+09:00,2483.5,2484.0,2463.0,2475.5,236300,0.0,0.0
2023-09-15 11:00:00+09:00,2476.0,2493.0,2476.0,2493.0,0,0.0,0.0
2023-09-15 12:00:00+09:00,2495.5,2496.5,2487.0,2488.5,361400,0.0,0.0
2023-09-15 13:00:00+09:00,2488.5,2500.0,2487.5,2495.5,105700,0.0,0.0
2023-09-15 14:00:00+09:00,2494.5,2504.0,2490.5,2492.0,200900,0.0,0.0
2023-09-19 09:00:00+09:00,2474.0,2480.0,2460.5,2461.5,0,0.0,0.0
2023-09-19 10:00:00+09:00,2462.0,2462.5,2435.5,2438.5,219100,0.0,0.0
2023-09-19 11:00:00+09:00,2438.5,2439.5,2433.0,2435.5,0,0.0,0.0
2023-09-19 12:00:00+09:00,2448.5,2451.5,2436.0,2439.0,620300,0.0,0.0
2023-09-19 13:00:00+09:00,2437.5,2446.5,2435.5,2443.0,90500,0.0,0.0
2023-09-19 14:00:00+09:00,2442.5,2455.5,2440.0,2453.5,120800,0.0,0.0
2023-09-20 09:00:00+09:00,2453.0,2459.0,2442.0,2452.0,153500,0.0,0.0
2023-09-20 10:00:00+09:00,2451.5,2458.5,2447.0,2448.0,69400,0.0,0.0
2023-09-20 11:00:00+09:00,2448.5,2453.0,2446.0,2448.5,0,0.0,0.0
2023-09-20 12:00:00+09:00,2447.5,2461.0,2447.5,2457.5,301400,0.0,0.0
2023-09-20 13:00:00+09:00,2457.0,2461.0,2448.5,2451.5,84100,0.0,0.0
2023-09-20 14:00:00+09:00,2451.0,2459.5,2447.0,2451.5,125500,0.0,0.0
2023-09-21 09:00:00+09:00,2435.5,2435.5,2396.5,2402.5,123500,0.0,0.0
2023-09-21 10:00:00+09:00,2401.0,2401.5,2372.5,2375.0,100600,0.0,0.0
2023-09-21 11:00:00+09:00,2375.5,2385.5,2368.0,2379.5,0,0.0,0.0
2023-09-21 12:00:00+09:00,2381.5,2381.5,2369.0,2371.0,343300,0.0,0.0
2023-09-21 13:00:00+09:00,2370.5,2373.5,2364.5,2367.5,77400,0.0,0.0
2023-09-21 14:00:00+09:00,2367.5,2368.0,2360.0,2362.0,128600,0.0,0.0
2023-09-22 09:00:00+09:00,2332.5,2345.0,2324.0,2337.5,133900,0.0,0.0
2023-09-22 10:00:00+09:00,2336.5,2361.5,2334.5,2359.5,97900,0.0,0.0
2023-09-22 11:00:00+09:00,2360.0,2378.5,2360.0,2373.0,0,0.0,0.0
2023-09-22 12:00:00+09:00,2380.0,2380.0,2361.5,2363.0,360300,0.0,0.0
2023-09-22 13:00:00+09:00,2363.5,2366.5,2349.0,2355.5,47700,0.0,0.0
2023-09-22 14:00:00+09:00,2355.0,2368.5,2354.5,2363.0,108800,0.0,0.0
2023-09-25 09:00:00+09:00,2393.0,2443.0,2381.0,2434.0,250900,0.0,0.0
2023-09-25 10:00:00+09:00,2437.0,2446.5,2433.5,2437.5,96800,0.0,0.0
2023-09-25 11:00:00+09:00,2438.0,2442.5,2435.0,2435.0,0,0.0,0.0
2023-09-25 12:00:00+09:00,2435.0,2439.0,2424.5,2430.5,454600,0.0,0.0
2023-09-25 13:00:00+09:00,2431.5,2434.0,2425.0,2426.0,70300,0.0,0.0
2023-09-25 14:00:00+09:00,2426.5,2430.5,2424.0,2427.5,122400,0.0,0.0
2023-09-26 09:00:00+09:00,2412.0,2415.0,2373.5,2385.5,155600,0.0,0.0
2023-09-26 10:00:00+09:00,2385.5,2394.5,2381.5,2390.5,69900,0.0,0.0
2023-09-26 11:00:00+09:00,2391.0,2397.5,2390.0,2394.5,0,0.0,0.0
2023-09-26 12:00:00+09:00,2391.0,2394.0,2387.0,2393.0,296600,0.0,0.0
2023-09-26 13:00:00+09:00,2392.5,2392.5,2385.5,2391.0,57800,0.0,0.0
2023-09-26 14:00:00+09:00,2390.5,2394.0,2386.0,2388.5,104400,0.0,0.0
2023-09-27 09:00:00+09:00,2350.0,2370.0,2336.0,2360.0,131200,0.0,0.0
2023-09-27 10:00:00+09:00,2360.0,2370.5,2358.0,2368.0,62300,0.0,0.0
2023-09-27 11:00:00+09:00,2368.5,2373.0,2366.0,2366.5,0,0.0,0.0
2023-09-27 12:00:00+09:00,2364.5,2368.5,2361.0,2363.5,277300,0.0,0.0
2023-09-27 13:00:00+09:00,2363.5,2374.0,2362.5,2371.5,94300,0.0,0.0
2023-09-27 14:00:00+09:00,2371.0,2385.0,2368.5,2385.0,146800,0.0,0.0
2023-09-28 09:00:00+09:00,2377.0,2382.5,2360.0,2373.5,150400,0.0,0.0
2023-09-28 10:00:00+09:00,2374.0,2383.5,2364.0,2373.0,76400,0.0,0.0
2023-09-28 11:00:00+09:00,2374.0,2376.0,2351.5,2353.5,0,0.0,0.0
2023-09-28 12:00:00+09:00,2336.5,2343.5,2330.0,2336.0,318600,0.0,0.0
2023-09-28 13:00:00+09:00,2336.5,2347.5,2334.5,2347.0,67100,0.0,0.0
2023-09-28 14:00:00+09:00,2347.5,2356.0,2341.0,2341.0,141900,0.0,0.0
2023-09-29 09:00:00+09:00,2351.0,2366.0,2343.5,2356.5,174700,0.0,0.0
2023-09-29 10:00:00+09:00,2357.0,2364.0,2344.0,2345.0,74400,0.0,0.0
2023-09-29 11:00:00+09:00,2345.5,2352.0,2345.0,2349.5,0,0.0,0.0
2023-09-29 12:00:00+09:00,2350.5,2353.5,2346.0,2346.5,330600,0.0,0.0
2023-09-29 13:00:00+09:00,2346.0,2348.5,2326.0,2326.5,82400,0.0,0.0
2023-09-29 14:00:00+09:00,2327.0,2342.5,2324.5,2339.0,140800,0.0,0.0
2023-10-02 09:00:00+09:00,2356.0,2358.5,2336.0,2355.5,180800,0.0,0.0
2023-10-02 10:00:00+09:00,2356.0,2362.0,2350.5,2356.5,82800,0.0,0.0
2023-10-02 11:00:00+09:00,2356.0,2367.0,2356.0,2359.5,0,0.0,0.0
2023-10-02 12:00:00+09:00,2360.0,2360.0,2332.0,2332.0,393700,0.0,0.0
2023-10-02 13:00:00+09:00,2333.0,2335.5,2302.5,2308.0,133400,0.0,0.0
2023-10-02 14:00:00+09:00,2308.0,2311.5,2300.5,2303.0,184600,0.0,0.0
2023-10-03 09:00:00+09:00,2327.0,2338.5,2291.0,2317.5,236900,0.0,0.0
2023-10-03 10:00:00+09:00,2317.5,2324.5,2312.0,2317.5,90200,0.0,0.0
2023-10-03 11:00:00+09:00,2317.5,2325.5,2311.5,2325.5,0,0.0,0.0
2023-10-03 12:00:00+09:00,2325.5,2325.5,2312.5,2313.5,416200,0.0,0.0
2023-10-03 13:00:00+09:00,2313.0,2327.0,2309.5,2320.0,98000,0.0,0.0
2023-10-03 14:00:00+09:00,2319.5,2319.5,2305.0,2313.0,133900,0.0,0.0
2023-10-04 09:00:00+09:00,2267.0,2291.0,2255.0,2289.5,196700,0.0,0.0
2023-10-04 10:00:00+09:00,2290.5,2297.0,2278.0,2296.5,94300,0.0,0.0
2023-10-04 11:00:00+09:00,2295.5,2298.5,2285.5,2286.5,0,0.0,0.0
2023-10-04 12:00:00+09:00,2288.5,2297.0,2274.0,2281.5,401100,0.0,0.0
2023-10-04 13:00:00+09:00,2281.0,2302.5,2279.0,2293.0,90100,0.0,0.0
2023-10-04 14:00:00+09:00,2293.0,2297.0,2279.0,2282.0,110900,0.0,0.0
2023-10-05 09:00:00+09:00,2293.5,2301.0,2267.5,2286.5,162400,0.0,0.0
2023-10-05 10:00:00+09:00,2286.0,2312.0,2285.5,2305.5,110800,0.0,0.0
2023-10-05 11:00:00+09:00,2305.5,2309.0,2297.5,2306.0,0,0.0,0.0
2023-10-05 12:00:00+09:00,2306.0,2307.0,2301.0,2306.0,364300,0.0,0.0
2023-10-05 13:00:00+09:00,2306.0,2315.5,2306.0,2315.5,61900,0.0,0.0
2023-10-05 14:00:00+09:00,2315.0,2316.0,2300.5,2309.0,116300,0.0,0.0
2023-10-06 09:00:00+09:00,2328.0,2337.5,2304.5,2315.5,99500,0.0,0.0
2023-10-06 10:00:00+09:00,2316.0,2329.0,2314.0,2327.0,70100,0.0,0.0
2023-10-06 11:00:00+09:00,2328.0,2330.0,2323.0,2326.0,0,0.0,0.0
2023-10-06 12:00:00+09:00,2328.0,2328.0,2320.5,2327.5,230300,0.0,0.0
2023-10-06 13:00:00+09:00,2327.5,2333.5,2324.5,2324.5,72100,0.0,0.0
2023-10-06 14:00:00+09:00,2324.5,2324.5,2316.5,2318.0,121700,0.0,0.0
2023-10-10 09:00:00+09:00,2359.5,2359.5,2334.0,2350.5,160700,0.0,0.0
2023-10-10 10:00:00+09:00,2351.0,2357.0,2343.0,2343.0,76800,0.0,0.0
2023-10-10 11:00:00+09:00,2344.5,2345.5,2341.0,2345.0,0,0.0,0.0
2023-10-10 12:00:00+09:00,2341.0,2341.0,2321.5,2323.0,332700,0.0,0.0
2023-10-10 13:00:00+09:00,2321.0,2338.0,2320.0,2326.5,164500,0.0,0.0
2023-10-10 14:00:00+09:00,2325.5,2327.5,2311.5,2319.0,137500,0.0,0.0
2023-10-11 09:00:00+09:00,2346.5,2386.5,2344.5,2345.5,209800,0.0,0.0
2023-10-11 10:00:00+09:00,2345.0,2347.5,2329.5,2344.0,169400,0.0,0.0
2023-10-11 11:00:00+09:00,2344.0,2360.0,2337.5,2357.5,0,0.0,0.0
2023-10-11 12:00:00+09:00,2357.5,2367.0,2351.5,2357.0,526600,0.0,0.0
2023-10-11 13:00:00+09:00,2357.5,2372.5,2357.5,2372.0,97800,0.0,0.0
2023-10-11 14:00:00+09:00,2371.5,2372.5,2361.5,2364.0,163200,0.0,0.0
2023-10-12 09:00:00+09:00,2360.0,2385.5,2351.5,2384.5,134900,0.0,0.0
2023-10-12 10:00:00+09:00,2385.0,2405.5,2384.0,2396.5,97600,0.0,0.0
2023-10-12 11:00:00+09:00,2396.0,2405.0,2394.5,2399.0,0,0.0,0.0
2023-10-12 12:00:00+09:00,2408.0,2438.5,2407.0,2434.0,343500,0.0,0.0
2023-10-12 13:00:00+09:00,2433.5,2433.5,2424.0,2424.0,66800,0.0,0.0
2023-10-12 14:00:00+09:00,2424.0,2429.5,2424.0,2426.5,70700,0.0,0.0
2023-10-13 09:00:00+09:00,2384.0,2403.5,2371.0,2378.0,212000,0.0,0.0
2023-10-13 10:00:00+09:00,2376.5,2385.5,2372.5,2375.5,45200,0.0,0.0
2023-10-13 11:00:00+09:00,2376.0,2385.5,2373.5,2373.5,0,0.0,0.0
2023-10-13 12:00:00+09:00,2371.0,2375.5,2357.5,2359.0,346200,0.0,0.0
2023-10-13 13:00:00+09:00,2357.5,2368.0,2356.5,2358.0,52800,0.0,0.0
2023-10-13 14:00:00+09:00,2358.5,2368.5,2357.5,2368.5,78100,0.0,0.0
2023-10-16 09:00:00+09:00,2353.5,2353.5,2325.0,2327.5,72300,0.0,0.0
2023-10-16 10:00:00+09:00,2329.0,2355.0,2329.0,2345.5,65100,0.0,0.0
2023-10-16 11:00:00+09:00,2345.0,2348.0,2342.5,2346.5,0,0.0,0.0
2023-10-16 12:00:00+09:00,2347.0,2348.5,2342.0,2345.5,214500,0.0,0.0
2023-10-16 13:00:00+09:00,2346.0,2347.0,2336.5,2342.0,61100,0.0,0.0
2023-10-16 14:00:00+09:00,2342.0,2342.0,2327.5,2338.5,107700,0.0,0.0
2023-10-17 09:00:00+09:00,2354.5,2396.5,2351.5,2380.0,187600,0.0,0.0
2023-10-17 10:00:00+09:00,2378.5,2379.0,2346.5,2354.5,72200,0.0,0.0
2023-10-17 11:00:00+09:00,2353.0,2358.5,2343.0,2345.0,0,0.0,0.0
2023-10-17 12:00:00+09:00,2342.0,2352.5,2341.5,2352.0,328400,0.0,0.0
2023-10-17 13:00:00+09:00,2352.0,2355.0,2346.5,2351.5,45100,0.0,0.0
2023-10-17 14:00:00+09:00,2350.0,2366.0,2350.0,2362.0,89800,0.0,0.0
2023-10-18 09:00:00+09:00,2373.5,2394.0,2348.5,2350.5,222800,0.0,0.0
2023-10-18 10:00:00+09:00,2350.5,2364.5,2349.5,2361.5,105500,0.0,0.0
2023-10-18 11:00:00+09:00,2362.0,2373.5,2362.0,2369.5,0,0.0,0.0
2023-10-18 12:00:00+09:00,2361.5,2370.0,2348.0,2360.0,462600,0.0,0.0
2023-10-18 13:00:00+09:00,2359.5,2370.0,2359.0,2362.0,126900,0.0,0.0
2023-10-18 14:00:00+09:00,2362.0,2363.0,2355.5,2355.5,171200,0.0,0.0
2023-10-19 09:00:00+09:00,2287.0,2325.5,2287.0,2325.5,222700,0.0,0.0
2023-10-19 10:00:00+09:00,2324.5,2324.5,2298.5,2305.5,113400,0.0,0.0
2023-10-19 11:00:00+09:00,2305.5,2308.0,2300.5,2303.5,0,0.0,0.0
2023-10-19 12:00:00+09:00,2299.0,2304.5,2297.5,2301.0,418900,0.0,0.0
2023-10-19 13:00:00+09:00,2301.5,2321.5,2300.0,2319.5,91700,0.0,0.0
2023-10-19 14:00:00+09:00,2319.5,2324.0,2312.0,2313.0,143900,0.0,0.0
2023-10-20 09:00:00+09:00,2315.5,2315.5,2294.0,2309.5,141200,0.0,0.0
2023-10-20 10:00:00+09:00,2309.5,2321.5,2301.5,2319.0,65100,0.0,0.0
2023-10-20 11:00:00+09:00,2319.0,2333.0,2317.5,2333.0,0,0.0,0.0
2023-10-20 12:00:00+09:00,2340.0,2340.0,2327.0,2336.5,286500,0.0,0.0
2023-10-20 13:00:00+09:00,2336.5,2342.0,2332.0,2339.5,79200,0.0,0.0
2023-10-20 14:00:00+09:00,2340.5,2341.0,2332.5,2337.5,127800,0.0,0.0
2023-10-23 09:00:00+09:00,2304.0,2342.0,2293.5,2340.5,175400,0.0,0.0
2023-10-23 10:00:00+09:00,2340.5,2343.0,2320.5,2329.0,145300,0.0,0.0
2023-10-23 11:00:00+09:00,2330.0,2331.0,2322.0,2323.0,0,0.0,0.0
2023-10-23 12:00:00+09:00,2316.0,2321.5,2305.5,2310.5,479200,0.0,0.0
2023-10-23 13:00:00+09:00,2310.0,2313.0,2300.0,2312.0,135100,0.0,0.0
2023-10-23 14:00:00+09:00,2312.5,2318.5,2308.0,2308.0,157700,0.0,0.0
2023-10-24 09:00:00+09:00,2319.5,2324.5,2286.5,2291.5,145700,0.0,0.0
2023-10-24 10:00:00+09:00,2292.0,2297.0,2267.5,2284.5,124100,0.0,0.0
2023-10-24 11:00:00+09:00,2284.5,2312.5,2280.0,2308.5,0,0.0,0.0
2023-10-24 12:00:00+09:00,2300.0,2303.0,2284.0,2290.0,416400,0.0,0.0
2023-10-24 13:00:00+09:00,2290.5,2309.5,2290.5,2308.5,109700,0.0,0.0
2023-10-24 14:00:00+09:00,2310.0,2326.0,2310.0,2322.0,148800,0.0,0.0
2023-10-25 09:00:00+09:00,2352.5,2370.0,2329.5,2346.0,234000,0.0,0.0
2023-10-25 10:00:00+09:00,2347.0,2361.0,2344.5,2351.5,114900,0.0,0.0
2023-10-25 11:00:00+09:00,2352.0,2358.5,2351.0,2356.5,0,0.0,0.0
2023-10-25 12:00:00+09:00,2361.0,2361.0,2350.5,2354.0,457500,0.0,0.0
2023-10-25 13:00:00+09:00,2354.0,2355.0,2348.5,2350.0,86500,0.0,0.0
2023-10-25 14:00:00+09:00,2350.5,2352.5,2338.5,2342.5,161600,0.0,0.0
2023-10-26 09:00:00+09:00,2300.0,2321.0,2290.0,2290.5,139500,0.0,0.0
2023-10-26 10:00:00+09:00,2290.0,2296.5,2276.5,2280.0,86400,0.0,0.0
2023-10-26 11:00:00+09:00,2279.0,2283.5,2265.0,2265.0,0,0.0,0.0
2023-10-26 12:00:00+09:00,2271.0,2289.5,2264.0,2284.0,414000,0.0,0.0
2023-10-26 13:00:00+09:00,2283.0,2283.5,2263.5,2271.5,108800,0.0,0.0
2023-10-26 14:00:00+09:00,2271.0,2291.0,2259.0,2266.0,342000,0.0,0.0
2023-10-27 09:00:00+09:00,2394.5,2400.0,2308.5,2334.0,378200,0.0,0.0
2023-10-27 10:00:00+09:00,2333.5,2353.0,2323.0,2330.0,191500,0.0,0.0
2023-10-27 11:00:00+09:00,2331.5,2355.5,2329.0,2353.5,0,0.0,0.0
2023-10-27 12:00:00+09:00,2355.0,2359.0,2336.5,2344.5,749400,0.0,0.0
2023-10-27 13:00:00+09:00,2345.0,2357.0,2344.0,2350.0,141900,0.0,0.0
2023-10-27 14:00:00+09:00,2349.5,2357.5,2339.5,2352.5,269500,0.0,0.0
2023-10-30 09:00:00+09:00,2307.0,2311.5,2262.5,2269.5,159700,0.0,0.0
2023-10-30 10:00:00+09:00,2268.5,2284.5,2257.0,2284.5,88500,0.0,0.0
2023-10-30 11:00:00+09:00,2285.5,2285.5,2272.0,2276.5,0,0.0,0.0
2023-10-30 12:00:00+09:00,2276.0,2289.5,2276.0,2285.5,351200,0.0,0.0
2023-10-30 13:00:00+09:00,2286.0,2294.0,2284.5,2289.5,86500,0.0,0.0
2023-10-30 14:00:00+09:00,2290.0,2299.5,2289.5,2292.0,134700,0.0,0.0
2023-10-31 09:00:00+09:00,2320.0,2335.0,2301.0,2301.0,156600,0.0,0.0
2023-10-31 10:00:00+09:00,2301.5,2312.0,2271.0,2293.0,115900,0.0,0.0
2023-10-31 11:00:00+09:00,2291.5,2292.5,2272.0,2274.5,0,0.0,0.0
2023-10-31 12:00:00+09:00,2273.5,2301.0,2267.5,2281.5,472300,0.0,0.0
2023-10-31 13:00:00+09:00,2281.0,2292.5,2256.0,2259.0,174400,0.0,0.0
2023-10-31 14:00:00+09:00,2258.0,2261.0,2243.0,2258.0,308000,0.0,0.0
2023-11-01 09:00:00+09:00,2359.5,2371.5,2311.0,2354.0,348400,0.0,0.0
2023-11-01 10:00:00+09:00,2353.0,2355.0,2333.5,2339.0,91200,0.0,0.0
2023-11-01 11:00:00+09:00,2339.0,2348.5,2333.0,2346.0,0,0.0,0.0
2023-11-01 12:00:00+09:00,2350.0,2352.0,2333.0,2333.0,554100,0.0,0.0
2023-11-01 13:00:00+09:00,2332.5,2356.0,2328.0,2356.0,158200,0.0,0.0
2023-11-01 14:00:00+09:00,2350.5,2350.5,2338.0,2350.0,193500,0.0,0.0
2023-11-02 09:00:00+09:00,2418.0,2418.5,2372.0,2396.5,249800,0.0,0.0
2023-11-02 10:00:00+09:00,2397.0,2402.5,2384.5,2398.5,124000,0.0,0.0
2023-11-02 11:00:00+09:00,2398.5,2402.5,2393.0,2401.0,0,0.0,0.0
2023-11-02 12:00:00+09:00,2397.0,2399.5,2387.0,2397.0,516000,0.0,0.0
2023-11-02 13:00:00+09:00,2397.0,2402.5,2393.5,2399.5,105700,0.0,0.0
2023-11-02 14:00:00+09:00,2398.5,2420.0,2398.5,2420.0,227500,0.0,0.0
2023-11-06 09:00:00+09:00,2510.0,2538.5,2495.0,2502.0,429200,0.0,0.0
2023-11-06 10:00:00+09:00,2501.0,2519.5,2493.0,2511.5,167500,0.0,0.0
2023-11-06 11:00:00+09:00,2512.0,2517.0,2504.5,2511.5,0,0.0,0.0
2023-11-06 12:00:00+09:00,2500.0,2513.5,2490.5,2509.5,806700,0.0,0.0
2023-11-06 13:00:00+09:00,2509.5,2513.0,2505.0,2506.5,177700,0.0,0.0
2023-11-06 14:00:00+09:00,2506.0,2511.5,2500.0,2502.5,235300,0.0,0.0
2023-11-07 09:00:00+09:00,2528.0,2532.5,2498.5,2508.0,371700,0.0,0.0
2023-11-07 10:00:00+09:00,2507.5,2507.5,2482.0,2506.0,146400,0.0,0.0
2023-11-07 11:00:00+09:00,2505.5,2505.5,2490.5,2497.0,0,0.0,0.0
2023-11-07 12:00:00+09:00,2500.0,2504.0,2487.5,2488.0,691200,0.0,0.0
2023-11-07 13:00:00+09:00,2488.0,2498.5,2488.0,2494.0,135100,0.0,0.0
2023-11-07 14:00:00+09:00,2493.5,2506.0,2490.0,2496.5,212400,0.0,0.0
2023-11-08 09:00:00+09:00,2514.5,2532.0,2507.0,2514.0,205400,0.0,0.0
2023-11-08 10:00:00+09:00,2514.5,2532.0,2509.0,2528.5,120400,0.0,0.0
2023-11-08 11:00:00+09:00,2528.0,2539.5,2524.5,2538.0,0,0.0,0.0
2023-11-08 12:00:00+09:00,2538.0,2541.5,2522.0,2533.0,502700,0.0,0.0
2023-11-08 13:00:00+09:00,2533.5,2555.0,2530.5,2550.0,145100,0.0,0.0
2023-11-08 14:00:00+09:00,2551.0,2562.0,2546.0,2549.5,286200,0.0,0.0
2023-11-09 09:00:00+09:00,2572.0,2581.5,2552.0,2580.5,263600,0.0,0.0
2023-11-09 10:00:00+09:00,2581.0,2588.0,2557.0,2565.5,145200,0.0,0.0
2023-11-09 11:00:00+09:00,2565.0,2576.5,2564.0,2576.5,0,0.0,0.0
2023-11-09 12:00:00+09:00,2570.5,2575.0,2567.0,2569.5,517000,0.0,0.0
2023-11-09 13:00:00+09:00,2570.5,2578.0,2567.0,2576.5,84000,0.0,0.0
2023-11-09 14:00:00+09:00,2576.5,2579.5,2565.0,2565.5,184500,0.0,0.0
2023-11-10 09:00:00+09:00,2589.5,2605.0,2531.5,2538.0,331600,0.0,0.0
2023-11-10 10:00:00+09:00,2538.0,2542.5,2519.5,2534.0,121600,0.0,0.0
2023-11-10 11:00:00+09:00,2534.0,2542.0,2521.0,2528.0,0,0.0,0.0
2023-11-10 12:00:00+09:00,2525.0,2526.5,2511.0,2511.5,558300,0.0,0.0
2023-11-10 13:00:00+09:00,2511.5,2529.0,2510.5,2525.5,88600,0.0,0.0
2023-11-10 14:00:00+09:00,2526.5,2526.5,2512.0,2513.0,124300,0.0,0.0
2023-11-13 09:00:00+09:00,2501.0,2502.5,2451.0,2452.0,0,0.0,0.0
2023-11-13 10:00:00+09:00,2452.0,2460.0,2435.0,2439.0,134700,0.0,0.0
2023-11-13 11:00:00+09:00,2438.0,2456.0,2437.5,2449.0,0,0.0,0.0
2023-11-13 12:00:00+09:00,2436.5,2450.0,2434.0,2435.5,492000,0.0,0.0
2023-11-13 13:00:00+09:00,2436.5,2436.5,2416.0,2418.5,164800,0.0,0.0
2023-11-13 14:00:00+09:00,2418.5,2420.0,2402.5,2402.5,256000,0.0,0.0
2023-11-14 09:00:00+09:00,2411.0,2411.0,2362.5,2375.5,232100,0.0,0.0
2023-11-14 10:00:00+09:00,2375.5,2380.5,2366.5,2375.5,149800,0.0,0.0
2023-11-14 11:00:00+09:00,2375.0,2376.5,2368.0,2372.5,0,0.0,0.0
2023-11-14 12:00:00+09:00,2367.0,2377.0,2361.0,2375.5,519500,0.0,0.0
2023-11-14 13:00:00+09:00,2375.5,2389.0,2374.5,2381.5,92300,0.0,0.0
2023-11-14 14:00:00+09:00,2381.5,2381.5,2362.5,2373.0,119300,0.0,0.0
2023-11-15 09:00:00+09:00,2458.0,2458.0,2422.5,2440.0,167900,0.0,0.0
2023-11-15 10:00:00+09:00,2440.5,2458.0,2439.5,2451.5,107000,0.0,0.0
2023-11-15 11:00:00+09:00,2452.5,2458.5,2447.0,2451.5,0,0.0,0.0
2023-11-15 12:00:00+09:00,2465.5,2479.0,2463.0,2476.0,403900,0.0,0.0
2023-11-15 13:00:00+09:00,2476.0,2483.5,2472.5,2477.5,144400,0.0,0.0
2023-11-15 14:00:00+09:00,2477.0,2498.5,2472.5,2498.5,201800,0.0,0.0
2023-11-16 09:00:00+09:00,2498.5,2509.0,2467.0,2501.0,0,0.0,0.0
2023-11-16 10:00:00+09:00,2500.0,2502.5,2472.5,2479.5,179300,0.0,0.0
2023-11-16 11:00:00+09:00,2479.0,2485.5,2476.5,2482.5,0,0.0,0.0
2023-11-16 12:00:00+09:00,2481.5,2484.0,2476.5,2481.5,238700,0.0,0.0
2023-11-16 13:00:00+09:00,2480.5,2494.5,2480.0,2494.0,34700,0.0,0.0
2023-11-16 14:00:00+09:00,2494.0,2505.0,2492.5,2500.5,94300,0.0,0.0
2023-11-17 09:00:00+09:00,2484.5,2484.5,2455.5,2467.0,125000,0.0,0.0
2023-11-17 10:00:00+09:00,2467.0,2467.0,2448.0,2454.5,70500,0.0,0.0
2023-11-17 11:00:00+09:00,2454.0,2459.0,2447.0,2456.0,0,0.0,0.0
2023-11-17 12:00:00+09:00,2457.5,2460.0,2452.5,2458.0,278300,0.0,0.0
2023-11-17 13:00:00+09:00,2459.0,2473.0,2458.0,2465.5,127900,0.0,0.0
2023-11-17 14:00:00+09:00,2466.0,2482.5,2465.5,2482.5,156500,0.0,0.0
2023-11-20 09:00:00+09:00,2448.0,2460.5,2438.0,2443.0,205900,0.0,0.0
2023-11-20 10:00:00+09:00,2442.0,2468.0,2440.0,2456.0,117900,0.0,0.0
2023-11-20 11:00:00+09:00,2456.5,2464.5,2456.5,2459.5,0,0.0,0.0
2023-11-20 12:00:00+09:00,2464.0,2471.5,2462.0,2465.5,394900,0.0,0.0
2023-11-20 13:00:00+09:00,2464.5,2475.5,2459.5,2468.0,88100,0.0,0.0
2023-11-20 14:00:00+09:00,2468.0,2479.5,2465.0,2469.5,146300,0.0,0.0
2023-11-21 09:00:00+09:00,2478.5,2481.0,2440.0,2447.5,134300,0.0,0.0
2023-11-21 10:00:00+09:00,2447.5,2462.5,2447.5,2460.0,86100,0.0,0.0
2023-11-21 11:00:00+09:00,2460.5,2471.0,2460.0,2464.5,0,0.0,0.0
2023-11-21 12:00:00+09:00,2465.5,2473.0,2462.0,2462.0,290900,0.0,0.0
2023-11-21 13:00:00+09:00,2462.0,2470.0,2461.0,2464.0,60300,0.0,0.0
2023-11-21 14:00:00+09:00,2464.5,2467.5,2459.0,2463.5,97500,0.0,0.0
2023-11-22 09:00:00+09:00,2457.5,2466.0,2452.0,2457.0,72900,0.0,0.0
2023-11-22 10:00:00+09:00,2455.5,2467.5,2452.5,2465.5,49100,0.0,0.0
2023-11-22 11:00:00+09:00,2465.0,2468.5,2461.5,2464.5,0,0.0,0.0
2023-11-22 12:00:00+09:00,2466.5,2470.0,2460.0,2468.5,160800,0.0,0.0
2023-11-22 13:00:00+09:00,2470.0,2470.0,2455.5,2457.0,39700,0.0,0.0
2023-11-22 14:00:00+09:00,2456.5,2470.0,2455.5,2463.0,83800,0.0,0.0
2023-11-24 09:00:00+09:00,2459.0,2461.5,2430.5,2430.5,166000,0.0,0.0
2023-11-24 10:00:00+09:00,2430.5,2449.0,2427.0,2447.5,98100,0.0,0.0
2023-11-24 11:00:00+09:00,2448.0,2449.5,2433.5,2437.0,0,0.0,0.0
2023-11-24 12:00:00+09:00,2428.0,2432.5,2419.0,2422.0,367500,0.0,0.0
2023-11-24 13:00:00+09:00,2420.5,2424.0,2407.5,2413.5,87100,0.0,0.0
2023-11-24 14:00:00+09:00,2412.0,2414.0,2405.0,2407.5,97400,0.0,0.0
2023-11-27 09:00:00+09:00,2366.5,2399.5,2362.5,2378.0,230900,0.0,0.0
2023-11-27 10:00:00+09:00,2379.5,2391.5,2360.0,2360.5,94600,0.0,0.0
2023-11-27 11:00:00+09:00,2360.5,2365.5,2352.5,2354.0,0,0.0,0.0
2023-11-27 12:00:00+09:00,2345.5,2351.5,2326.5,2336.5,597800,0.0,0.0
2023-11-27 13:00:00+09:00,2336.0,2340.5,2315.5,2340.0,210000,0.0,0.0
2023-11-27 14:00:00+09:00,2340.5,2342.5,2327.0,2329.0,204300,0.0,0.0
2023-11-28 09:00:00+09:00,2330.0,2341.0,2269.5,2283.0,240100,0.0,0.0
2023-11-28 10:00:00+09:00,2281.5,2285.0,2266.5,2269.5,107900,0.0,0.0
2023-11-28 11:00:00+09:00,2270.0,2282.5,2270.0,2273.5,0,0.0,0.0
2023-11-28 12:00:00+09:00,2273.5,2285.0,2263.0,2283.5,580900,0.0,0.0
2023-11-28 13:00:00+09:00,2284.0,2298.5,2274.5,2298.5,156000,0.0,0.0
2023-11-28 14:00:00+09:00,2299.0,2303.0,2288.5,2297.0,180500,0.0,0.0
2023-11-29 09:00:00+09:00,2307.0,2349.0,2307.0,2335.5,381600,0.0,0.0
2023-11-29 10:00:00+09:00,2336.5,2354.0,2330.0,2353.0,143400,0.0,0.0
2023-11-29 11:00:00+09:00,2353.0,2359.0,2349.5,2349.5,0,0.0,0.0
2023-11-29 12:00:00+09:00,2348.5,2351.5,2337.5,2344.5,629000,0.0,0.0
2023-11-29 13:00:00+09:00,2344.5,2348.5,2337.5,2338.5,74900,0.0,0.0
2023-11-29 14:00:00+09:00,2339.0,2339.0,2329.5,2334.0,170300,0.0,0.0
2023-11-30 09:00:00+09:00,2362.0,2366.5,2348.0,2365.0,0,0.0,0.0
2023-11-30 10:00:00+09:00,2364.5,2364.5,2350.0,2355.0,59600,0.0,0.0
2023-11-30 11:00:00+09:00,2354.0,2364.0,2354.0,2361.0,0,0.0,0.0
2023-11-30 12:00:00+09:00,2357.5,2363.5,2351.0,2363.5,353800,0.0,0.0
2023-11-30 13:00:00+09:00,2363.5,2379.5,2362.5,2376.5,144000,0.0,0.0
2023-11-30 14:00:00+09:00,2377.0,2409.5,2374.5,2398.5,357700,0.0,0.0
2023-12-01 09:00:00+09:00,2419.0,2419.0,2367.0,2390.0,182700,0.0,0.0
2023-12-01 10:00:00+09:00,2389.0,2413.0,2386.0,2403.5,175100,0.0,0.0
2023-12-01 11:00:00+09:00,2403.0,2403.5,2397.5,2403.0,0,0.0,0.0
2023-12-01 12:00:00+09:00,2414.5,2414.5,2398.5,2401.5,476100,0.0,0.0
2023-12-01 13:00:00+09:00,2402.0,2405.0,2397.5,2399.5,96800,0.0,0.0
2023-12-01 14:00:00+09:00,2399.0,2409.0,2392.5,2400.0,189900,0.0,0.0
2023-12-04 09:00:00+09:00,2413.5,2419.0,2375.5,2418.0,0,0.0,0.0
2023-12-04 10:00:00+09:00,2417.0,2435.0,2416.0,2431.5,107100,0.0,0.0
2023-12-04 11:00:00+09:00,2431.0,2431.0,2414.5,2414.5,0,0.0,0.0
2023-12-04 12:00:00+09:00,2407.0,2417.0,2406.0,2411.5,342400,0.0,0.0
2023-12-04 13:00:00+09:00,2411.5,2413.5,2406.0,2410.0,69400,0.0,0.0
2023-12-04 14:00:00+09:00,2409.0,2410.0,2395.5,2407.5,108800,0.0,0.0
2023-12-05 09:00:00+09:00,2407.0,2425.5,2396.0,2401.5,123900,0.0,0.0
2023-12-05 10:00:00+09:00,2402.5,2414.0,2387.0,2395.0,75300,0.0,0.0
2023-12-05 11:00:00+09:00,2395.5,2396.0,2388.5,2393.5,0,0.0,0.0
2023-12-05 12:00:00+09:00,2389.0,2393.5,2382.5,2389.5,278700,0.0,0.0
2023-12-05 13:00:00+09:00,2390.0,2398.0,2380.5,2384.5,92800,0.0,0.0
2023-12-05 14:00:00+09:00,2385.0,2388.5,2365.0,2370.5,217500,0.0,0.0
2023-12-06 09:00:00+09:00,2386.5,2401.0,2376.0,2400.5,98400,0.0,0.0
2023-12-06 10:00:00+09:00,2400.0,2406.0,2394.0,2403.5,88100,0.0,0.0
2023-12-06 11:00:00+09:00,2404.0,2411.5,2403.5,2410.0,0,0.0,0.0
2023-12-06 12:00:00+09:00,2411.0,2418.5,2407.5,2418.0,293900,0.0,0.0
2023-12-06 13:00:00+09:00,2417.5,2428.5,2417.0,2426.0,74700,0.0,0.0
2023-12-06 14:00:00+09:00,2426.5,2440.0,2425.5,2440.0,104500,0.0,0.0
2023-12-07 09:00:00+09:00,2399.5,2408.0,2363.5,2367.0,168600,0.0,0.0
2023-12-07 10:00:00+09:00,2365.5,2365.5,2338.0,2340.0,94900,0.0,0.0
2023-12-07 11:00:00+09:00,2339.0,2342.5,2334.0,2338.5,0,0.0,0.0
2023-12-07 12:00:00+09:00,2337.0,2338.5,2315.0,2322.5,361600,0.0,0.0
2023-12-07 13:00:00+09:00,2323.0,2325.5,2310.0,2314.5,78900,0.0,0.0
2023-12-07 14:00:00+09:00,2314.0,2315.5,2301.5,2311.5,144900,0.0,0.0
2023-12-08 09:00:00+09:00,2261.5,2281.5,2219.5,2225.0,705700,0.0,0.0
2023-12-08 10:00:00+09:00,2224.5,2224.5,2189.0,2199.0,210100,0.0,0.0
2023-12-08 11:00:00+09:00,2198.5,2199.5,2191.0,2193.0,0,0.0,0.0
2023-12-08 12:00:00+09:00,2191.0,2206.0,2187.0,2190.5,1172900,0.0,0.0
2023-12-08 13:00:00+09:00,2190.5,2193.0,2180.5,2185.0,208400,0.0,0.0
2023-12-08 14:00:00+09:00,2185.5,2187.5,2167.5,2174.5,366900,0.0,0.0
2023-12-11 09:00:00+09:00,2187.5,2196.0,2170.0,2178.5,445900,0.0,0.0
2023-12-11 10:00:00+09:00,2178.5,2179.0,2148.0,2155.0,243700,0.0,0.0
2023-12-11 11:00:00+09:00,2155.0,2160.0,2145.0,2145.0,0,0.0,0.0
2023-12-11 12:00:00+09:00,2136.5,2142.0,2125.0,2128.0,916700,0.0,0.0
2023-12-11 13:00:00+09:00,2128.0,2132.5,2102.5,2103.5,234800,0.0,0.0
2023-12-11 14:00:00+09:00,2103.5,2108.0,2092.0,2099.5,355800,0.0,0.0
2023-12-12 09:00:00+09:00,2092.0,2116.5,2058.0,2079.5,673600,0.0,0.0
2023-12-12 10:00:00+09:00,2079.5,2087.5,2071.5,2072.5,223800,0.0,0.0
2023-12-12 11:00:00+09:00,2073.0,2077.5,2067.0,2075.0,0,0.0,0.0
2023-12-12 12:00:00+09:00,2068.0,2072.5,2052.0,2059.0,1207100,0.0,0.0
2023-12-12 13:00:00+09:00,2058.5,2068.0,2055.0,2062.5,250400,0.0,0.0
2023-12-12 14:00:00+09:00,2062.5,2067.5,2047.5,2064.5,470400,0.0,0.0
2023-12-13 09:00:00+09:00,2107.0,2107.0,2067.5,2072.0,642400,0.0,0.0
2023-12-13 10:00:00+09:00,2072.0,2114.0,2070.0,2112.5,502300,0.0,0.0
2023-12-13 11:00:00+09:00,2112.0,2118.0,2105.5,2109.5,0,0.0,0.0
2023-12-13 12:00:00+09:00,2104.5,2118.0,2093.5,2103.0,1496700,0.0,0.0
2023-12-13 13:00:00+09:00,2102.5,2111.5,2096.5,2103.5,253100,0.0,0.0
2023-12-13 14:00:00+09:00,2103.5,2110.5,2100.0,2100.0,480300,0.0,0.0
2023-12-14 09:00:00+09:00,2126.0,2145.0,2072.0,2072.0,362200,0.0,0.0
2023-12-14 10:00:00+09:00,2074.0,2076.5,2055.0,2067.5,224800,0.0,0.0
2023-12-14 11:00:00+09:00,2068.0,2070.5,2058.5,2061.5,0,0.0,0.0
2023-12-14 12:00:00+09:00,2051.0,2060.5,2044.0,2052.0,857500,0.0,0.0
2023-12-14 13:00:00+09:00,2052.5,2068.0,2050.0,2063.0,174900,0.0,0.0
2023-12-14 14:00:00+09:00,2063.5,2079.5,2059.5,2075.5,320200,0.0,0.0
2023-12-15 09:00:00+09:00,2084.0,2127.5,2083.5,2124.0,476800,0.0,0.0
2023-12-15 10:00:00+09:00,2124.5,2124.5,2093.5,2096.5,224200,0.0,0.0
2023-12-15 11:00:00+09:00,2096.5,2107.5,2091.0,2102.0,0,0.0,0.0
2023-12-15 12:00:00+09:00,2101.0,2128.0,2098.0,2128.0,957200,0.0,0.0
2023-12-15 13:00:00+09:00,2127.5,2129.5,2118.0,2122.5,206500,0.0,0.0
2023-12-15 14:00:00+09:00,2122.5,2140.0,2119.0,2130.5,465100,0.0,0.0
2023-12-18 09:00:00+09:00,2087.0,2112.5,2078.5,2110.5,0,0.0,0.0
2023-12-18 10:00:00+09:00,2110.0,2111.0,2088.5,2095.0,189500,0.0,0.0
2023-12-18 11:00:00+09:00,2095.5,2101.0,2092.5,2101.0,0,0.0,0.0
2023-12-18 12:00:00+09:00,2100.0,2101.5,2094.5,2099.0,937700,0.0,0.0
2023-12-18 13:00:00+09:00,2099.5,2103.5,2097.0,2102.0,162900,0.0,0.0
2023-12-18 14:00:00+09:00,2102.5,2113.5,2101.0,2102.0,255900,0.0,0.0
2023-12-19 09:00:00+09:00,2104.5,2113.0,2083.0,2105.5,240400,0.0,0.0
2023-12-19 10:00:00+09:00,2106.0,2116.0,2094.5,2112.5,141700,0.0,0.0
2023-12-19 11:00:00+09:00,2112.0,2120.0,2110.5,2120.0,0,0.0,0.0
2023-12-19 12:00:00+09:00,2136.5,2143.0,2129.5,2130.5,568400,0.0,0.0
2023-12-19 13:00:00+09:00,2130.5,2132.5,2117.0,2123.0,130700,0.0,0.0
2023-12-19 14:00:00+09:00,2123.0,2136.5,2118.0,2133.5,300000,0.0,0.0
2023-12-20 09:00:00+09:00,2157.5,2189.0,2156.0,2161.5,199700,0.0,0.0
2023-12-20 10:00:00+09:00,2162.5,2173.0,2153.0,2169.0,157400,0.0,0.0
2023-12-20 11:00:00+09:00,2168.0,2168.0,2155.0,2163.0,0,0.0,0.0
2023-12-20 12:00:00+09:00,2163.0,2169.0,2162.5,2164.5,553000,0.0,0.0
2023-12-20 13:00:00+09:00,2164.5,2182.0,2164.0,2175.5,221600,0.0,0.0
2023-12-20 14:00:00+09:00,2175.5,2184.5,2166.5,2166.5,293200,0.0,0.0
2023-12-21 09:00:00+09:00,2121.0,2144.0,2120.5,2126.5,147800,0.0,0.0
2023-12-21 10:00:00+09:00,2126.5,2140.5,2123.0,2131.5,106800,0.0,0.0
2023-12-21 11:00:00+09:00,2131.5,2131.5,2122.0,2126.5,0,0.0,0.0
2023-12-21 12:00:00+09:00,2135.0,2136.0,2127.0,2133.0,382800,0.0,0.0
2023-12-21 13:00:00+09:00,2133.5,2133.5,2125.5,2127.5,106200,0.0,0.0
2023-12-21 14:00:00+09:00,2127.0,2132.0,2121.5,2128.5,176700,0.0,0.0
2023-12-22 09:00:00+09:00,2115.5,2173.0,2109.5,2172.0,257400,0.0,0.0
2023-12-22 10:00:00+09:00,2172.5,2195.5,2168.0,2178.5,168700,0.0,0.0
2023-12-22 11:00:00+09:00,2177.5,2183.0,2175.5,2178.0,0,0.0,0.0
2023-12-22 12:00:00+09:00,2173.0,2187.5,2172.0,2186.0,585000,0.0,0.0
2023-12-22 13:00:00+09:00,2185.0,2209.5,2174.0,2181.0,233700,0.0,0.0
2023-12-22 14:00:00+09:00,2180.5,2191.5,2178.0,2178.0,247700,0.0,0.0
2023-12-25 09:00:00+09:00,2219.5,2263.0,2214.0,2237.5,419200,0.0,0.0
2023-12-25 10:00:00+09:00,2238.0,2255.0,2222.5,2231.0,204400,0.0,0.0
2023-12-25 11:00:00+09:00,2231.5,2234.0,2224.0,2224.0,0,0.0,0.0
2023-12-25 12:00:00+09:00,2219.0,2233.5,2217.0,2222.5,816300,0.0,0.0
2023-12-25 13:00:00+09:00,2223.0,2225.5,2211.5,2213.0,129900,0.0,0.0
2023-12-25 14:00:00+09:00,2213.0,2236.5,2211.5,2230.0,338600,0.0,0.0
2023-12-26 09:00:00+09:00,2227.5,2268.0,2227.0,2260.0,271500,0.0,0.0
2023-12-26 10:00:00+09:00,2259.5,2271.0,2254.5,2266.5,166100,0.0,0.0
2023-12-26 11:00:00+09:00,2266.0,2271.0,2261.5,2269.0,0,0.0,0.0
2023-12-26 12:00:00+09:00,2270.0,2274.0,2265.0,2270.0,638900,0.0,0.0
2023-12-26 13:00:00+09:00,2270.5,2293.5,2266.0,2291.5,276200,0.0,0.0
2023-12-26 14:00:00+09:00,2291.0,2300.5,2283.5,2292.5,304300,0.0,0.0
2023-12-27 09:00:00+09:00,2306.0,2348.0,2306.0,2341.0,327000,0.0,0.0
2023-12-27 10:00:00+09:00,2341.0,2356.0,2336.5,2353.5,246500,0.0,0.0
2023-12-27 11:00:00+09:00,2353.5,2363.0,2353.0,2360.0,0,0.0,0.0
2023-12-27 12:00:00+09:00,2368.0,2389.5,2362.0,2387.5,830000,0.0,0.0
2023-12-27 13:00:00+09:00,2387.5,2393.5,2382.0,2391.5,367200,0.0,0.0
2023-12-27 14:00:00+09:00,2392.0,2415.0,2391.5,2404.0,635200,0.0,0.0
2023-12-28 09:00:00+09:00,2413.0,2422.0,2393.0,2408.0,240800,0.0,0.0
2023-12-28 10:00:00+09:00,2409.0,2424.5,2402.5,2418.5,188600,0.0,0.0
2023-12-28 11:00:00+09:00,2419.5,2423.5,2413.0,2422.0,0,0.0,0.0
2023-12-28 12:00:00+09:00,2427.5,2436.0,2415.0,2421.0,673900,0.0,0.0
2023-12-28 13:00:00+09:00,2421.5,2428.0,2417.5,2427.5,145200,0.0,0.0
2023-12-28 14:00:00+09:00,2427.5,2439.5,2427.0,2432.0,247400,0.0,0.0
2023-12-29 09:00:00+09:00,2416.0,2417.0,2401.0,2407.5,100200,0.0,0.0
2023-12-29 10:00:00+09:00,2407.5,2420.0,2406.5,2413.0,106700,0.0,0.0
2023-12-29 11:00:00+09:00,2413.0,2414.0,2399.0,2406.5,0,0.0,0.0
2023-12-29 12:00:00+09:00,2405.0,2406.5,2385.5,2386.5,354300,0.0,0.0
2023-12-29 13:00:00+09:00,2387.0,2389.0,2376.0,2381.5,168400,0.0,0.0
2023-12-29 14:00:00+09:00,2382.0,2389.5,2376.5,2389.5,263900,0.0,0.0
2024-01-04 09:00:00+09:00,2350.0,2359.5,2319.5,2339.5,522300,0.0,0.0
2024-01-04 10:00:00+09:00,2339.0,2359.5,2338.5,2357.0,253100,0.0,0.0
2024-01-04 11:00:00+09:00,2357.0,2359.5,2353.5,2357.0,0,0.0,0.0
2024-01-04 12:00:00+09:00,2369.0,2389.0,2365.5,2389.0,1070200,0.0,0.0
2024-01-04 13:00:00+09:00,2389.5,2401.5,2389.5,2396.5,269700,0.0,0.0
2024-01-04 14:00:00+09:00,2397.0,2413.0,2397.0,2405.5,503900,0.0,0.0
2024-01-05 09:00:00+09:00,2419.0,2449.5,2412.0,2412.0,558400,0.0,0.0
2024-01-05 10:00:00+09:00,2412.0,2418.5,2407.5,2417.0,234700,0.0,0.0
2024-01-05 11:00:00+09:00,2416.5,2417.0,2400.0,2407.0,0,0.0,0.0
2024-01-05 12:00:00+09:00,2404.0,2416.5,2404.0,2409.0,1059900,0.0,0.0
2024-01-05 13:00:00+09:00,2409.0,2422.5,2406.0,2408.0,240900,0.0,0.0
2024-01-05 14:00:00+09:00,2408.5,2415.5,2400.0,2413.0,365100,0.0,0.0
2024-01-09 09:00:00+09:00,2432.0,2464.5,2394.5,2462.0,644600,0.0,0.0
2024-01-09 10:00:00+09:00,2461.5,2479.0,2459.0,2473.0,189700,0.0,0.0
2024-01-09 11:00:00+09:00,2473.5,2479.0,2468.0,2475.5,0,0.0,0.0
2024-01-09 12:00:00+09:00,2466.5,2470.0,2433.5,2435.5,1000300,0.0,0.0
2024-01-09 13:00:00+09:00,2435.5,2440.5,2405.0,2413.5,134300,0.0,0.0
2024-01-09 14:00:00+09:00,2413.5,2433.0,2413.5,2423.0,202900,0.0,0.0
2024-01-10 09:00:00+09:00,2446.0,2477.5,2444.5,2465.5,163200,0.0,0.0
2024-01-10 10:00:00+09:00,2466.0,2497.5,2465.5,2492.5,142000,0.0,0.0
2024-01-10 11:00:00+09:00,2492.0,2500.0,2487.0,2499.5,0,0.0,0.0
2024-01-10 12:00:00+09:00,2500.0,2518.0,2499.5,2509.5,429800,0.0,0.0
2024-01-10 13:00:00+09:00,2510.0,2522.0,2507.5,2514.5,136900,0.0,0.0
2024-01-10 14:00:00+09:00,2514.5,2521.5,2508.0,2512.5,161000,0.0,0.0
2024-01-11 09:00:00+09:00,2512.5,2569.5,2512.0,2518.0,612300,0.0,0.0
2024-01-11 10:00:00+09:00,2518.0,2531.0,2510.0,2526.5,175000,0.0,0.0
2024-01-11 11:00:00+09:00,2526.0,2526.0,2509.5,2517.5,0,0.0,0.0
2024-01-11 12:00:00+09:00,2521.5,2534.5,2514.5,2514.5,971700,0.0,0.0
2024-01-11 13:00:00+09:00,2514.5,2514.5,2494.0,2505.0,156000,0.0,0.0
2024-01-11 14:00:00+09:00,2505.5,2521.5,2504.5,2509.5,181700,0.0,0.0
2024-01-12 09:00:00+09:00,2540.0,2550.0,2485.5,2494.5,0,0.0,0.0
2024-01-12 10:00:00+09:00,2493.5,2496.0,2483.5,2488.5,85500,0.0,0.0
2024-01-12 11:00:00+09:00,2488.5,2496.5,2485.0,2487.0,0,0.0,0.0
2024-01-12 12:00:00+09:00,2480.0,2517.0,2480.0,2512.0,543300,0.0,0.0
2024-01-12 13:00:00+09:00,2512.5,2515.0,2506.0,2513.5,87400,0.0,0.0
2024-01-12 14:00:00+09:00,2514.0,2527.5,2512.0,2514.0,280300,0.0,0.0
2024-01-15 09:00:00+09:00,2501.5,2508.5,2457.0,2473.0,0,0.0,0.0
2024-01-15 10:00:00+09:00,2473.0,2480.0,2471.0,2474.5,85100,0.0,0.0
2024-01-15 11:00:00+09:00,2475.0,2495.5,2474.0,2495.5,0,0.0,0.0
2024-01-15 12:00:00+09:00,2495.5,2519.5,2495.5,2518.5,364600,0.0,0.0
2024-01-15 13:00:00+09:00,2519.5,2529.0,2519.5,2525.0,154600,0.0,0.0
2024-01-15 14:00:00+09:00,2525.5,2532.0,2521.5,2532.0,171100,0.0,0.0
2024-01-16 09:00:00+09:00,2546.0,2569.0,2532.5,2552.0,211100,0.0,0.0
2024-01-16 10:00:00+09:00,2551.5,2551.5,2530.0,2540.0,124200,0.0,0.0
2024-01-16 11:00:00+09:00,2540.0,2553.0,2540.0,2548.0,0,0.0,0.0
2024-01-16 12:00:00+09:00,2553.0,2553.0,2539.5,2545.5,432000,0.0,0.0
2024-01-16 13:00:00+09:00,2545.0,2556.5,2543.5,2549.5,117400,0.0,0.0
2024-01-16 14:00:00+09:00,2550.5,2561.5,2539.0,2540.0,245500,0.0,0.0
2024-01-17 09:00:00+09:00,2555.0,2561.0,2526.0,2531.0,127500,0.0,0.0
2024-01-17 10:00:00+09:00,2529.5,2543.5,2515.0,2521.0,61100,0.0,0.0
2024-01-17 11:00:00+09:00,2521.0,2529.5,2507.0,2515.0,0,0.0,0.0
2024-01-17 12:00:00+09:00,2508.0,2511.0,2478.5,2482.0,283900,0.0,0.0
2024-01-17 13:00:00+09:00,2481.5,2492.5,2477.5,2489.0,82700,0.0,0.0
2024-01-17 14:00:00+09:00,2489.0,2497.0,2471.0,2471.0,190500,0.0,0.0
2024-01-18 09:00:00+09:00,2476.5,2508.0,2476.5,2499.0,183100,0.0,0.0
2024-01-18 10:00:00+09:00,2498.0,2510.5,2486.0,2508.0,129500,0.0,0.0
2024-01-18 11:00:00+09:00,2507.5,2507.5,2497.5,2501.5,0,0.0,0.0
2024-01-18 12:00:00+09:00,2503.5,2508.5,2490.0,2495.5,382800,0.0,0.0
2024-01-18 13:00:00+09:00,2494.0,2496.5,2476.5,2479.5,63400,0.0,0.0
2024-01-18 14:00:00+09:00,2480.0,2483.0,2462.0,2464.0,104700,0.0,0.0
2024-01-19 09:00:00+09:00,2495.0,2504.5,2474.0,2490.5,117400,0.0,0.0
2024-01-19 10:00:00+09:00,2491.0,2502.5,2485.0,2495.0,71300,0.0,0.0
2024-01-19 11:00:00+09:00,2495.5,2498.0,2477.0,2479.5,0,0.0,0.0
2024-01-19 12:00:00+09:00,2481.5,2485.0,2472.0,2478.5,254400,0.0,0.0
2024-01-19 13:00:00+09:00,2478.0,2479.5,2463.0,2467.0,70100,0.0,0.0
2024-01-19 14:00:00+09:00,2467.5,2475.5,2462.0,2462.0,85200,0.0,0.0
2024-01-22 09:00:00+09:00,2457.5,2475.0,2440.0,2471.0,424000,0.0,0.0
2024-01-22 10:00:00+09:00,2471.5,2475.0,2443.5,2450.0,243900,0.0,0.0
2024-01-22 11:00:00+09:00,2449.5,2452.0,2438.0,2438.0,0,0.0,0.0
2024-01-22 12:00:00+09:00,2437.5,2458.5,2437.5,2449.5,949600,0.0,0.0
2024-01-22 13:00:00+09:00,2450.0,2471.5,2445.5,2468.5,294100,0.0,0.0
2024-01-22 14:00:00+09:00,2468.0,2487.0,2456.0,2480.5,437800,0.0,0.0
2024-01-23 09:00:00+09:00,2512.0,2545.0,2508.0,2542.0,214200,0.0,0.0
2024-01-23 10:00:00+09:00,2541.5,2541.5,2515.0,2534.5,116800,0.0,0.0
2024-01-23 11:00:00+09:00,2535.0,2551.5,2534.0,2541.5,0,0.0,0.0
2024-01-23 12:00:00+09:00,2537.0,2540.0,2500.0,2507.0,553500,0.0,0.0
2024-01-23 13:00:00+09:00,2506.0,2526.5,2505.0,2517.0,122000,0.0,0.0
2024-01-23 14:00:00+09:00,2517.0,2522.5,2511.0,2512.0,243900,0.0,0.0
2024-01-24 09:00:00+09:00,2500.5,2519.0,2490.0,2497.0,228600,0.0,0.0
2024-01-24 10:00:00+09:00,2496.5,2497.0,2477.0,2480.5,104700,0.0,0.0
2024-01-24 11:00:00+09:00,2481.0,2485.5,2479.5,2484.5,0,0.0,0.0
2024-01-24 12:00:00+09:00,2477.5,2486.0,2475.0,2482.0,461000,0.0,0.0
2024-01-24 13:00:00+09:00,2481.5,2483.0,2469.0,2481.0,116900,0.0,0.0
2024-01-24 14:00:00+09:00,2480.0,2491.5,2476.0,2486.0,164600,0.0,0.0
2024-01-25 09:00:00+09:00,2446.5,2494.0,2440.5,2470.5,147300,0.0,0.0
2024-01-25 10:00:00+09:00,2470.5,2474.5,2436.0,2449.5,99200,0.0,0.0
2024-01-25 11:00:00+09:00,2450.0,2462.5,2448.0,2458.5,0,0.0,0.0
2024-01-25 12:00:00+09:00,2458.0,2475.5,2458.0,2465.0,384700,0.0,0.0
2024-01-25 13:00:00+09:00,2464.5,2487.0,2464.0,2485.5,110500,0.0,0.0
2024-01-25 14:00:00+09:00,2485.5,2486.5,2469.0,2469.0,182900,0.0,0.0
2024-01-26 09:00:00+09:00,2425.5,2465.5,2422.0,2448.5,0,0.0,0.0
2024-01-26 10:00:00+09:00,2447.5,2456.0,2440.0,2443.0,324600,0.0,0.0
2024-01-26 11:00:00+09:00,2442.5,2454.5,2442.0,2445.0,0,0.0,0.0
2024-01-26 12:00:00+09:00,2436.5,2438.5,2431.0,2433.0,441000,0.0,0.0
2024-01-26 13:00:00+09:00,2432.0,2435.5,2420.5,2422.5,105400,0.0,0.0
2024-01-26 14:00:00+09:00,2422.5,2451.0,2421.5,2448.5,333700,0.0,0.0
2024-01-29 09:00:00+09:00,2580.5,2604.0,2517.0,2565.0,661400,0.0,0.0
2024-01-29 10:00:00+09:00,2564.0,2612.0,2556.5,2606.5,351900,0.0,0.0
2024-01-29 11:00:00+09:00,2607.5,2615.0,2593.5,2597.5,0,0.0,0.0
2024-01-29 12:00:00+09:00,2597.0,2615.0,2584.0,2602.5,1521700,0.0,0.0
2024-01-29 13:00:00+09:00,2602.0,2603.0,2584.0,2586.5,304300,0.0,0.0
2024-01-29 14:00:00+09:00,2590.5,2604.5,2585.5,2598.5,491100,0.0,0.0
2024-01-30 09:00:00+09:00,2554.5,2589.0,2547.0,2569.0,327400,0.0,0.0
2024-01-30 10:00:00+09:00,2568.5,2569.5,2550.0,2555.0,126900,0.0,0.0
2024-01-30 11:00:00+09:00,2554.5,2565.0,2554.0,2561.5,0,0.0,0.0
2024-01-30 12:00:00+09:00,2557.5,2591.5,2555.5,2589.5,675100,0.0,0.0
2024-01-30 13:00:00+09:00,2589.5,2613.0,2584.0,2602.0,438300,0.0,0.0
2024-01-30 14:00:00+09:00,2602.5,2612.0,2580.0,2580.0,464700,0.0,0.0
2024-01-31 09:00:00+09:00,2527.0,2562.0,2510.0,2544.0,308500,0.0,0.0
2024-01-31 10:00:00+09:00,2544.5,2582.0,2530.5,2579.5,204400,0.0,0.0
2024-01-31 11:00:00+09:00,2579.5,2588.5,2571.0,2571.0,0,0.0,0.0
2024-01-31 12:00:00+09:00,2577.0,2578.5,2559.5,2561.0,730600,0.0,0.0
2024-01-31 13:00:00+09:00,2561.0,2564.0,2547.0,2550.0,172900,0.0,0.0
2024-01-31 14:00:00+09:00,2548.5,2570.0,2539.5,2568.5,239900,0.0,0.0
2024-02-01 09:00:00+09:00,2531.5,2534.5,2493.0,2508.0,308600,0.0,0.0
2024-02-01 10:00:00+09:00,2507.0,2522.5,2498.0,2500.5,156100,0.0,0.0
2024-02-01 11:00:00+09:00,2501.0,2512.5,2499.5,2505.0,0,0.0,0.0
2024-02-01 12:00:00+09:00,2495.0,2512.0,2485.0,2507.5,614900,0.0,0.0
2024-02-01 13:00:00+09:00,2507.5,2507.5,2481.5,2482.0,99800,0.0,0.0
2024-02-01 14:00:00+09:00,2482.0,2489.0,2479.5,2488.0,152200,0.0,0.0
2024-02-02 09:00:00+09:00,2488.0,2563.0,2488.0,2553.5,291400,0.0,0.0
2024-02-02 10:00:00+09:00,2552.5,2570.5,2547.5,2551.5,113300,0.0,0.0
2024-02-02 11:00:00+09:00,2552.5,2563.0,2544.0,2561.0,0,0.0,0.0
2024-02-02 12:00:00+09:00,2550.0,2554.5,2539.5,2539.5,584200,0.0,0.0
2024-02-02 13:00:00+09:00,2539.0,2542.5,2529.0,2535.0,118200,0.0,0.0
2024-02-02 14:00:00+09:00,2534.0,2545.0,2514.5,2519.5,242800,0.0,0.0
2024-02-05 09:00:00+09:00,2547.0,2547.0,2504.0,2510.0,193500,0.0,0.0
2024-02-05 10:00:00+09:00,2510.0,2511.5,2485.5,2487.0,121700,0.0,0.0
2024-02-05 11:00:00+09:00,2487.5,2492.5,2470.0,2476.0,0,0.0,0.0
2024-02-05 12:00:00+09:00,2470.0,2473.5,2443.5,2453.0,566200,0.0,0.0
2024-02-05 13:00:00+09:00,2453.0,2459.5,2441.0,2451.0,164400,0.0,0.0
2024-02-05 14:00:00+09:00,2450.5,2470.5,2444.5,2467.0,201100,0.0,0.0
2024-02-06 09:00:00+09:00,2415.0,2415.5,2344.5,2353.0,284200,0.0,0.0
2024-02-06 10:00:00+09:00,2352.5,2355.5,2343.5,2349.5,305000,0.0,0.0
2024-02-06 11:00:00+09:00,2349.0,2353.5,2332.0,2332.5,0,0.0,0.0
2024-02-06 12:00:00+09:00,2320.0,2341.0,2316.0,2337.5,888700,0.0,0.0
2024-02-06 13:00:00+09:00,2337.0,2339.5,2303.0,2305.0,217100,0.0,0.0
2024-02-06 14:00:00+09:00,2305.5,2314.5,2291.0,2293.5,419500,0.0,0.0
2024-02-07 09:00:00+09:00,2365.0,2379.5,2334.0,2362.0,365800,0.0,0.0
2024-02-07 10:00:00+09:00,2362.5,2362.5,2335.0,2343.5,187300,0.0,0.0
2024-02-07 11:00:00+09:00,2344.0,2344.0,2333.0,2338.0,0,0.0,0.0
2024-02-07 12:00:00+09:00,2331.0,2337.5,2321.5,2326.5,784000,0.0,0.0
2024-02-07 13:00:00+09:00,2327.0,2336.0,2324.5,2328.0,220500,0.0,0.0
2024-02-07 14:00:00+09:00,2328.0,2328.5,2312.5,2325.5,367600,0.0,0.0
2024-02-08 09:00:00+09:00,2315.0,2332.0,2284.0,2284.0,169000,0.0,0.0
2024-02-08 10:00:00+09:00,2285.0,2296.5,2281.0,2289.5,134200,0.0,0.0
2024-02-08 11:00:00+09:00,2289.0,2294.5,2287.5,2290.5,0,0.0,0.0
2024-02-08 12:00:00+09:00,2304.0,2332.5,2302.5,2319.5,513800,0.0,0.0
2024-02-08 13:00:00+09:00,2320.0,2325.5,2313.5,2321.5,206100,0.0,0.0
2024-02-08 14:00:00+09:00,2321.0,2321.0,2299.5,2303.0,230800,0.0,0.0
2024-02-09 09:00:00+09:00,2290.0,2336.0,2285.5,2333.5,320500,0.0,0.0
2024-02-09 10:00:00+09:00,2334.0,2337.0,2304.5,2311.5,146800,0.0,0.0
2024-02-09 11:00:00+09:00,2310.5,2313.5,2307.5,2310.0,0,0.0,0.0
2024-02-09 12:00:00+09:00,2308.5,2320.5,2299.5,2305.0,683100,0.0,0.0
2024-02-09 13:00:00+09:00,2305.5,2312.0,2302.5,2308.5,156900,0.0,0.0
2024-02-09 14:00:00+09:00,2308.5,2309.5,2292.0,2292.0,341000,0.0,0.0
2024-02-13 09:00:00+09:00,2291.0,2302.5,2243.0,2259.0,288500,0.0,0.0
2024-02-13 10:00:00+09:00,2259.5,2273.0,2247.0,2271.0,198400,0.0,0.0
2024-02-13 11:00:00+09:00,2271.0,2283.0,2268.5,2281.5,0,0.0,0.0
2024-02-13 12:00:00+09:00,2278.5,2281.0,2267.5,2267.5,757100,0.0,0.0
2024-02-13 13:00:00+09:00,2267.5,2269.0,2248.0,2251.0,200600,0.0,0.0
2024-02-13 14:00:00+09:00,2251.0,2261.5,2244.0,2256.5,361500,0.0,0.0
2024-02-14 09:00:00+09:00,2186.0,2199.5,2151.5,2160.0,421200,0.0,0.0
2024-02-14 10:00:00+09:00,2160.0,2173.5,2159.0,2166.5,200600,0.0,0.0
2024-02-14 11:00:00+09:00,2166.5,2166.5,2146.0,2149.5,0,0.0,0.0
2024-02-14 12:00:00+09:00,2147.0,2155.0,2141.5,2143.5,861100,0.0,0.0
2024-02-14 13:00:00+09:00,2143.0,2149.0,2139.0,2149.0,173000,0.0,0.0
2024-02-14 14:00:00+09:00,2148.5,2166.0,2147.5,2152.0,345400,0.0,0.0
2024-02-15 09:00:00+09:00,2170.0,2186.0,2138.0,2145.0,400100,0.0,0.0
2024-02-15 10:00:00+09:00,2145.0,2158.0,2143.5,2156.5,164200,0.0,0.0
2024-02-15 11:00:00+09:00,2156.5,2157.0,2138.5,2138.5,0,0.0,0.0
2024-02-15 12:00:00+09:00,2139.0,2146.5,2127.5,2136.0,791600,0.0,0.0
2024-02-15 13:00:00+09:00,2136.5,2137.0,2117.5,2122.5,144300,0.0,0.0
2024-02-15 14:00:00+09:00,2122.0,2130.0,2118.0,2120.5,285400,0.0,0.0
2024-02-16 09:00:00+09:00,2123.0,2154.0,2121.0,2132.0,234100,0.0,0.0
2024-02-16 10:00:00+09:00,2134.0,2153.5,2133.0,2143.0,171100,0.0,0.0
2024-02-16 11:00:00+09:00,2143.5,2163.0,2141.0,2159.0,0,0.0,0.0
2024-02-16 12:00:00+09:00,2159.0,2179.5,2159.0,2178.0,612100,0.0,0.0
2024-02-16 13:00:00+09:00,2178.5,2193.0,2169.5,2172.5,216100,0.0,0.0
2024-02-16 14:00:00+09:00,2172.0,2177.0,2156.0,2157.5,371600,0.0,0.0
2024-02-19 09:00:00+09:00,2145.5,2153.5,2130.5,2137.5,0,0.0,0.0
2024-02-19 10:00:00+09:00,2136.0,2138.0,2111.0,2118.0,174600,0.0,0.0
2024-02-19 11:00:00+09:00,2119.0,2121.5,2110.5,2117.0,0,0.0,0.0
2024-02-19 12:00:00+09:00,2111.5,2119.5,2091.0,2092.0,743400,0.0,0.0
2024-02-19 13:00:00+09:00,2092.5,2096.5,2084.0,2085.5,143900,0.0,0.0
2024-02-19 14:00:00+09:00,2085.5,2100.0,2078.0,2094.5,489200,0.0,0.0
2024-02-20 09:00:00+09:00,2070.0,2103.5,2068.0,2099.0,434600,0.0,0.0
2024-02-20 10:00:00+09:00,2098.5,2109.5,2090.5,2096.5,265800,0.0,0.0
2024-02-20 11:00:00+09:00,2096.5,2102.5,2092.5,2098.5,0,0.0,0.0
2024-02-20 12:00:00+09:00,2100.0,2109.5,2098.0,2109.5,1013500,0.0,0.0
2024-02-20 13:00:00+09:00,2108.5,2119.0,2101.0,2107.0,290200,0.0,0.0
2024-02-20 14:00:00+09:00,2108.0,2119.5,2096.0,2096.5,380000,0.0,0.0
2024-02-21 09:00:00+09:00,2100.0,2133.5,2075.0,2078.0,336300,0.0,0.0
2024-02-21 10:00:00+09:00,2077.0,2091.0,2068.5,2073.0,165200,0.0,0.0
2024-02-21 11:00:00+09:00,2073.0,2080.0,2063.5,2064.0,0,0.0,0.0
2024-02-21 12:00:00+09:00,2064.0,2073.0,2060.5,2069.0,713000,0.0,0.0
2024-02-21 13:00:00+09:00,2070.5,2086.0,2070.5,2084.0,156500,0.0,0.0
2024-02-21 14:00:00+09:00,2084.5,2087.0,2072.5,2075.5,351100,0.0,0.0
2024-02-22 09:00:00+09:00,2100.0,2102.5,2077.5,2082.5,334200,0.0,0.0
2024-02-22 10:00:00+09:00,2082.0,2085.5,2065.5,2066.0,157300,0.0,0.0
2024-02-22 11:00:00+09:00,2067.0,2074.0,2057.0,2057.5,0,0.0,0.0
2024-02-22 12:00:00+09:00,2065.0,2068.0,2045.0,2054.0,767700,0.0,0.0
2024-02-22 13:00:00+09:00,2055.0,2056.5,2041.0,2043.0,205900,0.0,0.0
2024-02-22 14:00:00+09:00,2043.5,2061.5,2036.5,2058.5,464000,0.0,0.0
2024-02-26 09:00:00+09:00,2060.0,2111.0,2052.0,2107.5,397400,0.0,0.0
2024-02-26 10:00:00+09:00,2108.0,2111.5,2096.5,2098.5,265600,0.0,0.0
2024-02-26 11:00:00+09:00,2098.5,2098.5,2087.5,2088.5,0,0.0,0.0
2024-02-26 12:00:00+09:00,2084.0,2096.0,2083.5,2095.0,864600,0.0,0.0
2024-02-26 13:00:00+09:00,2094.0,2096.0,2081.0,2086.5,277700,0.0,0.0
2024-02-26 14:00:00+09:00,2085.0,2089.5,2074.0,2074.0,420400,0.0,0.0
2024-02-27 09:00:00+09:00,2169.5,2190.5,2140.0,2147.0,929300,0.0,0.0
2024-02-27 10:00:00+09:00,2147.5,2172.0,2146.0,2162.5,272900,0.0,0.0
2024-02-27 11:00:00+09:00,2162.5,2171.0,2149.5,2158.0,0,0.0,0.0
2024-02-27 12:00:00+09:00,2153.0,2157.0,2147.0,2156.0,1584700,0.0,0.0
2024-02-27 13:00:00+09:00,2157.0,2166.0,2154.0,2162.5,277100,0.0,0.0
2024-02-27 14:00:00+09:00,2162.5,2169.5,2159.0,2160.5,467200,0.0,0.0
2024-02-28 09:00:00+09:00,2167.0,2176.5,2160.0,2162.0,305200,0.0,0.0
2024-02-28 10:00:00+09:00,2162.5,2226.0,2162.5,2224.5,395000,0.0,0.0
2024-02-28 11:00:00+09:00,2226.0,2241.5,2223.5,2237.5,0,0.0,0.0
2024-02-28 12:00:00+09:00,2241.0,2253.0,2236.0,2245.5,1136700,0.0,0.0
2024-02-28 13:00:00+09:00,2245.0,2274.5,2241.5,2265.0,494100,0.0,0.0
2024-02-28 14:00:00+09:00,2266.0,2287.5,2261.5,2283.0,603800,0.0,0.0
2024-02-29 09:00:00+09:00,2279.0,2285.0,2255.5,2269.5,687200,0.0,0.0
2024-02-29 10:00:00+09:00,2268.5,2270.5,2226.0,2269.0,381500,0.0,0.0
2024-02-29 11:00:00+09:00,2270.0,2273.0,2258.5,2262.5,0,0.0,0.0
2024-02-29 12:00:00+09:00,2261.5,2283.5,2257.0,2282.5,1276500,0.0,0.0
2024-02-29 13:00:00+09:00,2283.0,2298.5,2282.5,2292.5,208500,0.0,0.0
2024-02-29 14:00:00+09:00,2293.0,2296.0,2277.0,2288.5,382900,0.0,0.0
2024-03-01 09:00:00+09:00,2279.5,2298.0,2251.0,2279.5,320800,0.0,0.0
2024-03-01 10:00:00+09:00,2279.0,2305.0,2275.5,2295.0,171100,0.0,0.0
2024-03-01 11:00:00+09:00,2294.0,2311.5,2289.0,2292.5,0,0.0,0.0
2024-03-01 12:00:00+09:00,2301.0,2301.0,2284.0,2291.5,676200,0.0,0.0
2024-03-01 13:00:00+09:00,2291.5,2294.5,2285.0,2289.0,124600,0.0,0.0
2024-03-01 14:00:00+09:00,2288.5,2296.5,2284.5,2286.0,262600,0.0,0.0
2024-03-04 09:00:00+09:00,2286.5,2320.5,2286.5,2303.5,281700,0.0,0.0
2024-03-04 10:00:00+09:00,2304.0,2308.0,2292.0,2300.0,151300,0.0,0.0
2024-03-04 11:00:00+09:00,2300.0,2303.5,2277.0,2277.5,0,0.0,0.0
2024-03-04 12:00:00+09:00,2273.5,2276.0,2260.5,2269.0,704900,0.0,0.0
2024-03-04 13:00:00+09:00,2269.0,2285.0,2251.5,2281.5,305100,0.0,0.0
2024-03-04 14:00:00+09:00,2281.5,2298.0,2279.5,2292.5,426500,0.0,0.0
2024-03-05 09:00:00+09:00,2305.0,2314.5,2281.5,2282.5,495500,0.0,0.0
2024-03-05 10:00:00+09:00,2282.5,2310.5,2277.0,2304.0,145800,0.0,0.0
2024-03-05 11:00:00+09:00,2304.5,2306.5,2283.5,2287.0,0,0.0,0.0
2024-03-05 12:00:00+09:00,2288.5,2294.5,2236.5,2238.0,897800,0.0,0.0
2024-03-05 13:00:00+09:00,2237.0,2264.5,2222.5,2260.5,299000,0.0,0.0
2024-03-05 14:00:00+09:00,2260.5,2266.0,2253.0,2260.0,276700,0.0,0.0
2024-03-06 09:00:00+09:00,2236.0,2256.5,2212.5,2237.5,391100,0.0,0.0
2024-03-06 10:00:00+09:00,2236.5,2251.0,2226.5,2238.5,143100,0.0,0.0
2024-03-06 11:00:00+09:00,2239.5,2240.0,2222.5,2222.5,0,0.0,0.0
2024-03-06 12:00:00+09:00,2232.5,2255.0,2230.5,2252.5,788900,0.0,0.0
2024-03-06 13:00:00+09:00,2251.5,2254.5,2237.0,2241.5,243700,0.0,0.0
2024-03-06 14:00:00+09:00,2241.5,2241.5,2216.0,2232.0,454800,0.0,0.0
2024-03-07 09:00:00+09:00,2249.5,2279.0,2228.5,2249.5,278900,0.0,0.0
2024-03-07 10:00:00+09:00,2250.0,2263.5,2238.5,2260.5,202800,0.0,0.0
2024-03-07 11:00:00+09:00,2259.5,2271.0,2255.0,2255.0,0,0.0,0.0
2024-03-07 12:00:00+09:00,2263.0,2292.0,2258.5,2292.0,729100,0.0,0.0
2024-03-07 13:00:00+09:00,2291.5,2310.0,2287.5,2302.0,251900,0.0,0.0
2024-03-07 14:00:00+09:00,2302.5,2315.0,2302.5,2314.5,359600,0.0,0.0
2024-03-08 09:00:00+09:00,2291.0,2324.5,2248.0,2285.5,605200,0.0,0.0
2024-03-08 10:00:00+09:00,2285.0,2295.0,2275.0,2289.5,121200,0.0,0.0
2024-03-08 11:00:00+09:00,2290.0,2293.0,2282.0,2288.5,0,0.0,0.0
2024-03-08 12:00:00+09:00,2295.0,2318.5,2288.0,2310.5,954500,0.0,0.0
2024-03-08 13:00:00+09:00,2309.0,2319.5,2275.5,2277.0,184100,0.0,0.0
2024-03-08 14:00:00+09:00,2275.5,2295.0,2265.0,2287.5,399400,0.0,0.0
2024-03-11 09:00:00+09:00,2295.0,2319.5,2270.0,2271.0,226500,0.0,0.0
2024-03-11 10:00:00+09:00,2271.5,2305.5,2271.0,2300.0,121600,0.0,0.0
2024-03-11 11:00:00+09:00,2301.0,2302.0,2296.5,2301.5,0,0.0,0.0
2024-03-11 12:00:00+09:00,2304.0,2306.0,2297.5,2298.5,543200,0.0,0.0
2024-03-11 13:00:00+09:00,2297.5,2302.0,2272.5,2282.5,214600,0.0,0.0
2024-03-11 14:00:00+09:00,2282.5,2297.0,2268.5,2297.0,374100,0.0,0.0
2024-03-12 09:00:00+09:00,2257.0,2292.0,2251.5,2264.0,269100,0.0,0.0
2024-03-12 10:00:00+09:00,2264.5,2275.0,2241.0,2241.5,174600,0.0,0.0
2024-03-12 11:00:00+09:00,2240.5,2247.5,2221.0,2236.5,0,0.0,0.0
2024-03-12 12:00:00+09:00,2239.0,2271.0,2239.0,2268.0,721400,0.0,0.0
2024-03-12 13:00:00+09:00,2268.0,2279.5,2263.5,2269.0,199900,0.0,0.0
2024-03-12 14:00:00+09:00,2269.0,2292.0,2266.5,2281.5,277200,0.0,0.0
2024-03-13 09:00:00+09:00,2281.0,2309.0,2268.0,2279.0,183000,0.0,0.0
2024-03-13 10:00:00+09:00,2280.0,2280.5,2247.5,2257.0,138800,0.0,0.0
2024-03-13 11:00:00+09:00,2257.5,2260.5,2238.5,2239.0,0,0.0,0.0
2024-03-13 12:00:00+09:00,2231.5,2234.0,2215.0,2224.0,531300,0.0,0.0
2024-03-13 13:00:00+09:00,2223.5,2228.0,2218.0,2224.5,186800,0.0,0.0
2024-03-13 14:00:00+09:00,2224.5,2238.5,2223.0,2223.0,297400,0.0,0.0
2024-03-14 09:00:00+09:00,2239.5,2241.0,2194.0,2235.0,290400,0.0,0.0
2024-03-14 10:00:00+09:00,2231.0,2263.0,2229.0,2247.0,163800,0.0,0.0
2024-03-14 11:00:00+09:00,2246.5,2247.5,2221.0,2228.0,0,0.0,0.0
2024-03-14 12:00:00+09:00,2225.0,2227.5,2200.0,2201.5,666000,0.0,0.0
2024-03-14 13:00:00+09:00,2201.0,2227.0,2198.5,2222.5,206200,0.0,0.0
2024-03-14 14:00:00+09:00,2222.0,2231.0,2207.0,2228.5,292000,0.0,0.0
2024-03-15 09:00:00+09:00,2224.0,2242.5,2180.5,2189.0,341400,0.0,0.0
2024-03-15 10:00:00+09:00,2188.5,2190.0,2169.5,2187.0,232300,0.0,0.0
2024-03-15 11:00:00+09:00,2186.0,2194.0,2184.5,2186.0,0,0.0,0.0
2024-03-15 12:00:00+09:00,2187.5,2207.5,2187.0,2188.5,848900,0.0,0.0
2024-03-15 13:00:00+09:00,2188.5,2189.0,2163.0,2164.0,255500,0.0,0.0
2024-03-15 14:00:00+09:00,2163.5,2192.0,2162.5,2191.0,342100,0.0,0.0
2024-03-18 09:00:00+09:00,2204.0,2253.5,2200.5,2228.5,275700,0.0,0.0
2024-03-18 10:00:00+09:00,2227.0,2241.5,2220.0,2232.5,138000,0.0,0.0
2024-03-18 11:00:00+09:00,2233.0,2245.0,2232.0,2237.0,0,0.0,0.0
2024-03-18 12:00:00+09:00,2233.0,2242.0,2232.0,2238.5,573900,0.0,0.0
2024-03-18 13:00:00+09:00,2238.5,2240.5,2232.0,2232.0,141500,0.0,0.0
2024-03-18 14:00:00+09:00,2231.5,2241.0,2231.5,2235.0,279300,0.0,0.0
2024-03-19 09:00:00+09:00,2229.0,2243.0,2210.5,2217.5,264000,0.0,0.0
2024-03-19 10:00:00+09:00,2218.0,2224.5,2187.0,2191.5,165500,0.0,0.0
2024-03-19 11:00:00+09:00,2192.0,2199.0,2189.0,2199.0,0,0.0,0.0
2024-03-19 12:00:00+09:00,2192.0,2197.0,2180.0,2196.0,731600,0.0,0.0
2024-03-19 13:00:00+09:00,2196.0,2204.0,2193.5,2199.0,220600,0.0,0.0
2024-03-19 14:00:00+09:00,2198.5,2211.0,2192.5,2210.0,370400,0.0,0.0
2024-03-21 09:00:00+09:00,2297.0,2306.0,2268.0,2273.0,324100,0.0,0.0
2024-03-21 10:00:00+09:00,2272.5,2281.0,2262.5,2275.5,130000,0.0,0.0
2024-03-21 11:00:00+09:00,2275.5,2278.0,2272.0,2274.5,0,0.0,0.0
2024-03-21 12:00:00+09:00,2273.5,2274.5,2242.5,2256.0,619400,0.0,0.0
2024-03-21 13:00:00+09:00,2256.5,2259.5,2251.0,2253.5,146700,0.0,0.0
2024-03-21 14:00:00+09:00,2253.5,2272.0,2246.0,2267.0,287400,0.0,0.0
2024-03-22 09:00:00+09:00,2258.0,2261.5,2195.0,2221.0,382000,0.0,0.0
2024-03-22 10:00:00+09:00,2222.0,2233.0,2203.0,2223.0,194300,0.0,0.0
2024-03-22 11:00:00+09:00,2223.0,2228.5,2209.0,2209.0,0,0.0,0.0
2024-03-22 12:00:00+09:00,2209.0,2209.0,2196.0,2203.5,863600,0.0,0.0
2024-03-22 13:00:00+09:00,2202.5,2209.0,2186.5,2189.0,254000,0.0,0.0
2024-03-22 14:00:00+09:00,2189.0,2194.5,2169.0,2169.0,416800,0.0,0.0
2024-03-25 09:00:00+09:00,2150.5,2150.5,2109.0,2117.5,653700,0.0,0.0
2024-03-25 10:00:00+09:00,2118.0,2124.0,2097.0,2098.5,507100,0.0,0.0
2024-03-25 11:00:00+09:00,2098.0,2098.0,2081.0,2083.0,0,0.0,0.0
2024-03-25 12:00:00+09:00,2081.0,2087.0,2071.0,2087.0,1586100,0.0,0.0
2024-03-25 13:00:00+09:00,2086.5,2089.5,2056.5,2082.5,425000,0.0,0.0
2024-03-25 14:00:00+09:00,2081.0,2081.0,2044.0,2044.0,549600,0.0,0.0
2024-03-26 09:00:00+09:00,2061.0,2084.5,2051.0,2067.0,705500,0.0,0.0
2024-03-26 10:00:00+09:00,2067.0,2083.0,2062.0,2071.5,411800,0.0,0.0
2024-03-26 11:00:00+09:00,2072.0,2079.5,2071.5,2076.0,0,0.0,0.0
2024-03-26 12:00:00+09:00,2081.5,2120.0,2079.5,2116.0,1598400,0.0,0.0
2024-03-26 13:00:00+09:00,2117.0,2144.5,2113.0,2116.0,448900,0.0,0.0
2024-03-26 14:00:00+09:00,2116.0,2122.5,2102.0,2104.5,413500,0.0,0.0
2024-03-27 09:00:00+09:00,2116.5,2141.5,2103.5,2112.5,355600,0.0,0.0
2024-03-27 10:00:00+09:00,2113.0,2123.0,2108.5,2115.5,161600,0.0,0.0
2024-03-27 11:00:00+09:00,2116.5,2124.0,2115.5,2122.5,0,0.0,0.0
2024-03-27 12:00:00+09:00,2125.0,2149.0,2123.0,2139.5,768000,0.0,0.0
2024-03-27 13:00:00+09:00,2139.0,2141.0,2122.0,2128.5,160200,0.0,0.0
2024-03-27 14:00:00+09:00,2127.5,2128.5,2118.5,2121.5,300000,0.0,0.0
2024-03-28 09:00:00+09:00,2125.0,2129.5,2101.0,2113.0,145200,0.0,0.0
2024-03-28 10:00:00+09:00,2112.5,2137.0,2106.0,2129.0,156100,0.0,0.0
2024-03-28 11:00:00+09:00,2130.0,2136.0,2113.0,2120.0,0,0.0,0.0
2024-03-28 12:00:00+09:00,2124.0,2125.5,2116.0,2123.5,406700,0.0,0.0
2024-03-28 13:00:00+09:00,2123.0,2135.0,2122.5,2129.0,104000,0.0,0.0
2024-03-28 14:00:00+09:00,2128.5,2129.0,2102.5,2109.0,210600,0.0,0.0
2024-03-29 09:00:00+09:00,2092.0,2094.5,2059.5,2073.0,288300,0.0,0.0
2024-03-29 10:00:00+09:00,2073.5,2082.0,2070.5,2074.5,122900,0.0,0.0
2024-03-29 11:00:00+09:00,2075.5,2078.5,2066.5,2074.0,0,0.0,0.0
2024-03-29 12:00:00+09:00,2073.5,2075.0,2066.5,2072.0,703200,0.0,0.0
2024-03-29 13:00:00+09:00,2072.5,2072.5,2058.5,2062.0,132700,0.0,0.0
2024-03-29 14:00:00+09:00,2063.0,2072.0,2041.5,2067.0,273500,0.0,0.0
2024-04-01 09:00:00+09:00,2065.5,2069.0,2049.5,2062.5,255200,0.0,0.0
2024-04-01 10:00:00+09:00,2062.5,2075.0,2054.0,2060.5,346300,0.0,0.0
2024-04-01 11:00:00+09:00,2060.5,2060.5,2054.0,2057.5,0,0.0,0.0
2024-04-01 12:00:00+09:00,2057.5,2067.5,2057.0,2062.5,932800,0.0,0.0
2024-04-01 13:00:00+09:00,2061.5,2063.0,2052.5,2055.0,244000,0.0,0.0
2024-04-01 14:00:00+09:00,2055.0,2065.0,2053.5,2061.0,410500,0.0,0.0
2024-04-02 09:00:00+09:00,2054.5,2057.0,2016.5,2027.5,337800,0.0,0.0
2024-04-02 10:00:00+09:00,2027.0,2029.0,2011.0,2017.5,166200,0.0,0.0
2024-04-02 11:00:00+09:00,2018.0,2026.5,2016.5,2021.0,0,0.0,0.0
2024-04-02 12:00:00+09:00,2021.0,2049.5,2018.5,2044.0,755400,0.0,0.0
2024-04-02 13:00:00+09:00,2044.5,2045.5,2031.5,2044.5,179800,0.0,0.0
2024-04-02 14:00:00+09:00,2044.5,2048.5,2037.5,2043.0,320900,0.0,0.0
2024-04-03 09:00:00+09:00,2147.5,2154.5,2110.5,2146.5,662700,0.0,0.0
2024-04-03 10:00:00+09:00,2146.0,2147.0,2124.5,2131.5,246800,0.0,0.0
2024-04-03 11:00:00+09:00,2131.0,2141.0,2123.5,2131.5,0,0.0,0.0
2024-04-03 12:00:00+09:00,2134.0,2161.5,2131.5,2147.0,1329700,0.0,0.0
2024-04-03 13:00:00+09:00,2147.0,2184.0,2144.0,2184.0,423200,0.0,0.0
2024-04-03 14:00:00+09:00,2184.5,2186.5,2161.5,2167.5,462600,0.0,0.0
2024-04-04 09:00:00+09:00,2165.0,2205.0,2157.0,2204.5,329100,0.0,0.0
2024-04-04 10:00:00+09:00,2205.0,2228.0,2199.5,2203.0,242100,0.0,0.0
2024-04-04 11:00:00+09:00,2203.5,2203.5,2192.5,2201.0,0,0.0,0.0
2024-04-04 12:00:00+09:00,2200.0,2207.5,2194.5,2195.0,712700,0.0,0.0
2024-04-04 13:00:00+09:00,2195.0,2197.0,2187.5,2193.5,119100,0.0,0.0
2024-04-04 14:00:00+09:00,2193.0,2199.0,2185.5,2199.0,219400,0.0,0.0
2024-04-05 09:00:00+09:00,2178.0,2209.5,2168.0,2209.5,263900,0.0,0.0
2024-04-05 10:00:00+09:00,2209.0,2216.5,2183.5,2188.5,169300,0.0,0.0
2024-04-05 11:00:00+09:00,2188.0,2190.0,2181.0,2184.0,0,0.0,0.0
2024-04-05 12:00:00+09:00,2181.0,2184.5,2165.0,2182.0,604800,0.0,0.0
2024-04-05 13:00:00+09:00,2182.0,2188.0,2174.0,2177.0,188900,0.0,0.0
2024-04-05 14:00:00+09:00,2177.5,2194.5,2170.0,2194.5,243400,0.0,0.0
2024-04-08 09:00:00+09:00,2246.0,2268.0,2223.5,2229.5,402600,0.0,0.0
2024-04-08 10:00:00+09:00,2230.0,2238.5,2224.5,2235.5,135200,0.0,0.0
2024-04-08 11:00:00+09:00,2235.5,2257.5,2235.0,2255.5,0,0.0,0.0
2024-04-08 12:00:00+09:00,2252.5,2254.5,2230.0,2236.5,745400,0.0,0.0
2024-04-08 13:00:00+09:00,2236.5,2243.0,2229.5,2235.0,343100,0.0,0.0
2024-04-08 14:00:00+09:00,2234.5,2246.0,2233.0,2245.0,334400,0.0,0.0
2024-04-09 09:00:00+09:00,2259.5,2259.5,2216.5,2235.5,293900,0.0,0.0
2024-04-09 10:00:00+09:00,2235.0,2243.5,2231.5,2243.5,137100,0.0,0.0
2024-04-09 11:00:00+09:00,2243.5,2246.5,2228.5,2230.5,0,0.0,0.0
2024-04-09 12:00:00+09:00,2230.0,2238.5,2223.5,2235.0,719900,0.0,0.0
2024-04-09 13:00:00+09:00,2235.5,2239.0,2229.5,2232.0,171000,0.0,0.0
2024-04-09 14:00:00+09:00,2232.0,2258.0,2229.0,2252.5,344800,0.0,0.0
2024-04-10 09:00:00+09:00,2272.0,2319.5,2268.5,2296.0,362400,0.0,0.0
2024-04-10 10:00:00+09:00,2295.5,2307.5,2278.0,2286.0,247400,0.0,0.0
2024-04-10 11:00:00+09:00,2285.0,2292.5,2283.0,2283.0,0,0.0,0.0
2024-04-10 12:00:00+09:00,2285.5,2286.5,2262.0,2274.0,1016300,0.0,0.0
2024-04-10 13:00:00+09:00,2274.0,2277.5,2251.0,2253.5,257900,0.0,0.0
2024-04-10 14:00:00+09:00,2253.0,2270.0,2253.0,2267.5,561100,0.0,0.0
2024-04-11 09:00:00+09:00,2246.5,2255.0,2229.0,2234.5,243100,0.0,0.0
2024-04-11 10:00:00+09:00,2234.0,2236.5,2213.5,2222.5,183100,0.0,0.0
2024-04-11 11:00:00+09:00,2223.0,2233.5,2221.5,2228.0,0,0.0,0.0
2024-04-11 12:00:00+09:00,2230.0,2243.0,2228.5,2241.0,639800,0.0,0.0
2024-04-11 13:00:00+09:00,2241.5,2243.5,2229.5,2234.0,123300,0.0,0.0
2024-04-11 14:00:00+09:00,2234.0,2242.5,2233.0,2242.0,193000,0.0,0.0
2024-04-12 09:00:00+09:00,2272.5,2289.5,2253.5,2269.0,436300,0.0,0.0
2024-04-12 10:00:00+09:00,2268.5,2273.5,2264.5,2268.5,179400,0.0,0.0
2024-04-12 11:00:00+09:00,2268.5,2275.0,2264.5,2275.0,0,0.0,0.0
2024-04-12 12:00:00+09:00,2271.0,2277.5,2263.5,2263.5,861200,0.0,0.0
2024-04-12 13:00:00+09:00,2263.0,2265.5,2239.5,2251.0,520000,0.0,0.0
2024-04-12 14:00:00+09:00,2251.0,2254.5,2234.5,2244.5,671300,0.0,0.0
2024-04-15 09:00:00+09:00,2254.5,2291.0,2254.5,2284.5,519900,0.0,0.0
2024-04-15 10:00:00+09:00,2284.0,2293.0,2275.0,2277.5,222100,0.0,0.0
2024-04-15 11:00:00+09:00,2277.5,2277.5,2272.0,2274.0,0,0.0,0.0
2024-04-15 12:00:00+09:00,2274.0,2302.0,2274.0,2298.0,1003300,0.0,0.0
2024-04-15 13:00:00+09:00,2298.0,2309.0,2297.5,2306.5,197100,0.0,0.0
2024-04-15 14:00:00+09:00,2306.0,2319.5,2301.5,2317.5,362100,0.0,0.0
2024-04-16 09:00:00+09:00,2285.0,2316.5,2255.5,2306.5,540500,0.0,0.0
2024-04-16 10:00:00+09:00,2306.0,2329.5,2301.0,2317.0,350200,0.0,0.0
2024-04-16 11:00:00+09:00,2316.5,2322.0,2309.0,2309.0,0,0.0,0.0
2024-04-16 12:00:00+09:00,2308.0,2315.5,2294.5,2295.5,1252200,0.0,0.0
2024-04-16 13:00:00+09:00,2296.0,2302.5,2288.5,2299.0,314900,0.0,0.0
2024-04-16 14:00:00+09:00,2299.0,2314.5,2299.0,2306.5,387800,0.0,0.0
2024-04-17 09:00:00+09:00,2306.0,2323.0,2259.5,2263.0,388800,0.0,0.0
2024-04-17 10:00:00+09:00,2262.0,2279.0,2257.0,2275.0,205100,0.0,0.0
2024-04-17 11:00:00+09:00,2275.5,2278.5,2251.0,2263.0,0,0.0,0.0
2024-04-17 12:00:00+09:00,2265.0,2265.0,2213.5,2220.5,869800,0.0,0.0
2024-04-17 13:00:00+09:00,2220.5,2231.5,2185.5,2188.0,246600,0.0,0.0
2024-04-17 14:00:00+09:00,2188.5,2189.0,2163.0,2163.0,283500,0.0,0.0
2024-04-18 09:00:00+09:00,2202.5,2269.5,2193.5,2257.0,347700,0.0,0.0
2024-04-18 10:00:00+09:00,2257.5,2272.5,2249.5,2264.0,188600,0.0,0.0
2024-04-18 11:00:00+09:00,2262.5,2279.5,2260.0,2278.5,0,0.0,0.0
2024-04-18 12:00:00+09:00,2279.5,2294.0,2273.5,2283.0,779800,0.0,0.0
2024-04-18 13:00:00+09:00,2282.5,2284.0,2272.5,2277.0,176700,0.0,0.0
2024-04-18 14:00:00+09:00,2276.0,2277.5,2261.0,2265.0,391400,0.0,0.0
2024-04-19 09:00:00+09:00,2260.0,2260.0,2190.5,2201.0,269600,0.0,0.0
2024-04-19 10:00:00+09:00,2201.0,2213.5,2163.5,2179.5,281000,0.0,0.0
2024-04-19 11:00:00+09:00,2179.0,2180.5,2169.5,2173.5,0,0.0,0.0
2024-04-19 12:00:00+09:00,2180.5,2193.5,2174.0,2191.5,879100,0.0,0.0
2024-04-19 13:00:00+09:00,2192.5,2203.0,2192.5,2198.5,245800,0.0,0.0
2024-04-19 14:00:00+09:00,2198.5,2204.5,2179.5,2180.0,416100,0.0,0.0
2024-04-22 09:00:00+09:00,2221.0,2253.5,2209.5,2251.0,244800,0.0,0.0
2024-04-22 10:00:00+09:00,2251.0,2251.0,2232.0,2234.5,145700,0.0,0.0
2024-04-22 11:00:00+09:00,2235.0,2244.0,2226.5,2240.5,0,0.0,0.0
2024-04-22 12:00:00+09:00,2239.0,2264.0,2238.0,2254.0,591700,0.0,0.0
2024-04-22 13:00:00+09:00,2254.0,2280.5,2253.5,2280.5,161800,0.0,0.0
2024-04-22 14:00:00+09:00,2281.0,2283.5,2264.5,2278.0,322000,0.0,0.0
2024-04-23 09:00:00+09:00,2284.0,2302.0,2253.0,2272.0,242400,0.0,0.0
2024-04-23 10:00:00+09:00,2271.5,2273.0,2239.5,2241.0,137800,0.0,0.0
2024-04-23 11:00:00+09:00,2240.5,2247.0,2235.5,2238.0,0,0.0,0.0
2024-04-23 12:00:00+09:00,2238.0,2243.0,2221.0,2235.5,616400,0.0,0.0
2024-04-23 13:00:00+09:00,2235.0,2249.5,2234.5,2246.5,134600,0.0,0.0
2024-04-23 14:00:00+09:00,2246.0,2252.0,2234.0,2248.5,195200,0.0,0.0
2024-04-24 09:00:00+09:00,2255.0,2286.0,2242.0,2279.0,175800,0.0,0.0
2024-04-24 10:00:00+09:00,2279.0,2283.0,2258.0,2281.0,107200,0.0,0.0
2024-04-24 11:00:00+09:00,2281.0,2294.0,2279.0,2293.5,0,0.0,0.0
2024-04-24 12:00:00+09:00,2292.5,2304.5,2283.5,2302.5,429200,0.0,0.0
2024-04-24 13:00:00+09:00,2302.5,2308.5,2297.5,2307.5,124100,0.0,0.0
2024-04-24 14:00:00+09:00,2307.0,2327.0,2299.5,2327.0,308200,0.0,0.0
2024-04-25 09:00:00+09:00,2325.0,2336.5,2298.5,2332.5,321300,0.0,0.0
2024-04-25 10:00:00+09:00,2332.5,2335.0,2314.0,2322.5,165700,0.0,0.0
2024-04-25 11:00:00+09:00,2321.5,2342.0,2320.5,2338.0,0,0.0,0.0
2024-04-25 12:00:00+09:00,2340.5,2349.5,2333.5,2345.0,735900,0.0,0.0
2024-04-25 13:00:00+09:00,2344.5,2355.0,2338.0,2350.5,201800,0.0,0.0
2024-04-25 14:00:00+09:00,2350.5,2356.0,2338.5,2349.5,454700,0.0,0.0
2024-04-26 09:00:00+09:00,2347.0,2374.5,2335.5,2350.0,458000,0.0,0.0
2024-04-26 10:00:00+09:00,2349.5,2370.5,2334.5,2349.5,239000,0.0,0.0
2024-04-26 11:00:00+09:00,2349.0,2371.5,2349.0,2371.5,0,0.0,0.0
2024-04-26 12:00:00+09:00,2380.0,2415.0,2366.5,2395.0,1007300,0.0,0.0
2024-04-26 13:00:00+09:00,2396.0,2413.0,2384.0,2410.5,186700,0.0,0.0
2024-04-26 14:00:00+09:00,2409.0,2416.5,2395.0,2409.0,356400,0.0,0.0
2024-04-30 09:00:00+09:00,2550.0,2642.5,2524.5,2638.5,1284600,0.0,0.0
2024-04-30 10:00:00+09:00,2637.5,2642.0,2566.0,2601.5,471100,0.0,0.0
2024-04-30 11:00:00+09:00,2600.5,2603.0,2583.5,2590.0,0,0.0,0.0
2024-04-30 12:00:00+09:00,2580.0,2603.0,2580.0,2591.5,2250200,0.0,0.0
2024-04-30 13:00:00+09:00,2592.5,2615.0,2591.0,2598.5,472700,0.0,0.0
2024-04-30 14:00:00+09:00,2597.5,2603.0,2556.0,2581.5,703200,0.0,0.0
2024-05-01 09:00:00+09:00,2633.0,2675.0,2615.0,2664.5,625400,0.0,0.0
2024-05-01 10:00:00+09:00,2664.0,2686.0,2652.0,2666.0,424300,0.0,0.0
2024-05-01 11:00:00+09:00,2666.5,2678.5,2663.5,2675.0,0,0.0,0.0
2024-05-01 12:00:00+09:00,2686.0,2694.0,2666.0,2671.0,1388600,0.0,0.0
2024-05-01 13:00:00+09:00,2671.0,2705.0,2668.0,2698.5,452700,0.0,0.0
2024-05-01 14:00:00+09:00,2698.5,2704.5,2687.5,2700.0,538100,0.0,0.0
2024-05-02 09:00:00+09:00,2712.5,2751.0,2698.5,2720.5,538300,0.0,0.0
2024-05-02 10:00:00+09:00,2720.5,2728.0,2698.0,2715.5,273200,0.0,0.0
2024-05-02 11:00:00+09:00,2716.0,2719.5,2705.0,2711.0,0,0.0,0.0
2024-05-02 12:00:00+09:00,2705.0,2728.5,2704.5,2728.0,1140900,0.0,0.0
2024-05-02 13:00:00+09:00,2728.0,2740.5,2704.5,2718.5,285300,0.0,0.0
2024-05-02 14:00:00+09:00,2718.5,2739.0,2710.0,2736.0,384200,0.0,0.0
2024-05-07 09:00:00+09:00,2754.5,2759.5,2707.0,2720.0,435700,0.0,0.0
2024-05-07 10:00:00+09:00,2719.5,2722.5,2702.0,2716.5,265700,0.0,0.0
2024-05-07 11:00:00+09:00,2716.5,2717.5,2701.5,2709.5,0,0.0,0.0
2024-05-07 12:00:00+09:00,2710.0,2714.5,2702.0,2712.5,1037100,0.0,0.0
2024-05-07 13:00:00+09:00,2713.5,2729.0,2713.5,2723.0,166000,0.0,0.0
2024-05-07 14:00:00+09:00,2722.5,2730.0,2717.0,2727.5,293300,0.0,0.0
2024-05-08 09:00:00+09:00,2770.0,2782.0,2756.0,2771.5,346300,0.0,0.0
2024-05-08 10:00:00+09:00,2771.5,2781.5,2758.5,2769.0,199800,0.0,0.0
2024-05-08 11:00:00+09:00,2768.0,2772.5,2759.5,2769.0,0,0.0,0.0
2024-05-08 12:00:00+09:00,2760.0,2777.5,2759.0,2776.0,879500,0.0,0.0
2024-05-08 13:00:00+09:00,2776.0,2794.5,2767.5,2793.5,159800,0.0,0.0
2024-05-08 14:00:00+09:00,2793.0,2800.0,2774.5,2780.5,454700,0.0,0.0
2024-05-09 09:00:00+09:00,2810.0,2815.0,2771.5,2804.0,379400,0.0,0.0
2024-05-09 10:00:00+09:00,2805.0,2845.0,2804.5,2845.0,276100,0.0,0.0
2024-05-09 11:00:00+09:00,2846.0,2849.0,2833.0,2837.0,0,0.0,0.0
2024-05-09 12:00:00+09:00,2845.5,2845.5,2799.5,2803.0,967500,0.0,0.0
2024-05-09 13:00:00+09:00,2803.0,2814.5,2798.5,2802.5,143300,0.0,0.0
2024-05-09 14:00:00+09:00,2803.5,2822.0,2792.5,2792.5,351000,0.0,0.0
2024-05-10 09:00:00+09:00,2823.5,2846.0,2785.0,2826.5,333500,0.0,0.0
2024-05-10 10:00:00+09:00,2826.5,2833.5,2812.0,2817.0,134100,0.0,0.0
2024-05-10 11:00:00+09:00,2818.0,2837.5,2816.5,2831.0,0,0.0,0.0
2024-05-10 12:00:00+09:00,2821.0,2858.5,2820.5,2838.0,782900,0.0,0.0
2024-05-10 13:00:00+09:00,2839.5,2855.0,2837.5,2853.5,196000,0.0,0.0
2024-05-10 14:00:00+09:00,2853.0,2859.0,2826.0,2841.0,349100,0.0,0.0
2024-05-13 09:00:00+09:00,2706.0,2785.5,2694.5,2783.0,0,0.0,0.0
2024-05-13 10:00:00+09:00,2783.0,2806.5,2771.0,2783.0,134800,0.0,0.0
2024-05-13 11:00:00+09:00,2783.5,2794.0,2771.0,2771.0,0,0.0,0.0
2024-05-13 12:00:00+09:00,2769.0,2773.5,2744.0,2757.0,909900,0.0,0.0
2024-05-13 13:00:00+09:00,2757.0,2768.0,2751.5,2765.5,217600,0.0,0.0
2024-05-13 14:00:00+09:00,2766.0,2782.0,2763.5,2767.5,241600,0.0,0.0
2024-05-14 09:00:00+09:00,2773.0,2780.5,2704.5,2711.0,454100,0.0,0.0
2024-05-14 10:00:00+09:00,2712.5,2716.5,2678.0,2693.5,471900,0.0,0.0
2024-05-14 11:00:00+09:00,2694.5,2696.5,2663.5,2665.0,0,0.0,0.0
2024-05-14 12:00:00+09:00,2650.5,2679.0,2643.5,2673.0,1492700,0.0,0.0
2024-05-14 13:00:00+09:00,2671.5,2697.5,2671.0,2694.5,229900,0.0,0.0
2024-05-14 14:00:00+09:00,2694.0,2707.5,2677.5,2707.5,362900,0.0,0.0
2024-05-15 09:00:00+09:00,2709.5,2714.0,2674.5,2689.5,688100,0.0,0.0
2024-05-15 10:00:00+09:00,2689.0,2699.5,2676.5,2691.0,288500,0.0,0.0
2024-05-15 11:00:00+09:00,2690.5,2701.5,2687.0,2687.5,0,0.0,0.0
2024-05-15 12:00:00+09:00,2691.5,2697.0,2684.5,2692.0,1365700,0.0,0.0
2024-05-15 13:00:00+09:00,2692.0,2710.5,2691.5,2705.5,279600,0.0,0.0
2024-05-15 14:00:00+09:00,2706.0,2720.0,2697.5,2711.5,424600,0.0,0.0
2024-05-16 09:00:00+09:00,2758.0,2776.0,2742.5,2770.0,277800,0.0,0.0
2024-05-16 10:00:00+09:00,2769.5,2776.0,2743.0,2772.5,268800,0.0,0.0
2024-05-16 11:00:00+09:00,2771.5,2777.5,2759.5,2775.0,0,0.0,0.0
2024-05-16 12:00:00+09:00,2773.0,2779.0,2770.0,2773.0,779800,0.0,0.0
2024-05-16 13:00:00+09:00,2773.5,2776.5,2758.0,2775.0,172600,0.0,0.0
2024-05-16 14:00:00+09:00,2774.5,2786.0,2767.5,2783.5,306600,0.0,0.0
2024-05-17 09:00:00+09:00,2764.0,2778.0,2750.0,2764.5,275900,0.0,0.0
2024-05-17 10:00:00+09:00,2765.0,2781.0,2763.0,2771.5,211100,0.0,0.0
2024-05-17 11:00:00+09:00,2772.0,2774.5,2760.5,2768.0,0,0.0,0.0
2024-05-17 12:00:00+09:00,2765.5,2777.5,2765.5,2772.0,726700,0.0,0.0
2024-05-17 13:00:00+09:00,2772.0,2783.5,2762.5,2773.0,214300,0.0,0.0
2024-05-17 14:00:00+09:00,2773.0,2776.0,2764.0,2764.0,433600,0.0,0.0
2024-05-20 09:00:00+09:00,2745.0,2758.0,2705.5,2734.0,0,0.0,0.0
2024-05-20 10:00:00+09:00,2735.0,2744.5,2704.0,2731.5,333400,0.0,0.0
2024-05-20 11:00:00+09:00,2732.0,2737.5,2717.5,2734.5,0,0.0,0.0
2024-05-20 12:00:00+09:00,2723.5,2779.0,2722.0,2769.0,1090600,0.0,0.0
2024-05-20 13:00:00+09:00,2770.0,2771.0,2750.5,2760.5,170800,0.0,0.0
2024-05-20 14:00:00+09:00,2760.5,2774.0,2758.5,2760.5,326100,0.0,0.0
2024-05-21 09:00:00+09:00,2717.0,2778.0,2696.5,2774.5,377500,0.0,0.0
2024-05-21 10:00:00+09:00,2774.5,2777.0,2735.0,2748.0,227900,0.0,0.0
2024-05-21 11:00:00+09:00,2747.0,2765.0,2731.5,2764.0,0,0.0,0.0
2024-05-21 12:00:00+09:00,2745.5,2761.0,2743.5,2749.0,834600,0.0,0.0
2024-05-21 13:00:00+09:00,2748.5,2749.5,2716.0,2720.5,234500,0.0,0.0
2024-05-21 14:00:00+09:00,2720.0,2740.5,2719.5,2724.5,348000,0.0,0.0
2024-05-22 09:00:00+09:00,2725.0,2754.0,2700.0,2714.5,318200,0.0,0.0
2024-05-22 10:00:00+09:00,2715.0,2722.5,2703.0,2705.0,179100,0.0,0.0
2024-05-22 11:00:00+09:00,2705.0,2732.0,2704.0,2731.0,0,0.0,0.0
2024-05-22 12:00:00+09:00,2724.0,2747.5,2724.0,2735.5,713900,0.0,0.0
2024-05-22 13:00:00+09:00,2735.0,2739.0,2706.5,2708.5,210400,0.0,0.0
2024-05-22 14:00:00+09:00,2708.5,2724.5,2705.0,2717.5,349800,0.0,0.0
2024-05-23 09:00:00+09:00,2719.0,2719.0,2650.5,2658.5,463300,0.0,0.0
2024-05-23 10:00:00+09:00,2658.5,2670.0,2651.5,2658.0,284400,0.0,0.0
2024-05-23 11:00:00+09:00,2658.5,2682.0,2658.5,2677.0,0,0.0,0.0
2024-05-23 12:00:00+09:00,2680.0,2704.5,2680.0,2689.0,1055000,0.0,0.0
2024-05-23 13:00:00+09:00,2689.0,2709.0,2684.5,2704.0,214100,0.0,0.0
2024-05-23 14:00:00+09:00,2704.0,2711.0,2700.0,2707.5,450800,0.0,0.0
2024-05-24 09:00:00+09:00,2638.5,2682.5,2634.0,2670.0,456700,0.0,0.0
2024-05-24 10:00:00+09:00,2669.5,2695.5,2669.0,2681.0,218000,0.0,0.0
2024-05-24 11:00:00+09:00,2682.0,2692.0,2676.0,2689.0,0,0.0,0.0
2024-05-24 12:00:00+09:00,2685.5,2693.0,2676.5,2676.5,896600,0.0,0.0
2024-05-24 13:00:00+09:00,2676.5,2686.0,2675.5,2679.5,130900,0.0,0.0
2024-05-24 14:00:00+09:00,2679.0,2693.0,2672.0,2685.0,292700,0.0,0.0
2024-05-27 09:00:00+09:00,2680.0,2687.0,2626.0,2631.5,358200,0.0,0.0
2024-05-27 10:00:00+09:00,2633.0,2655.0,2623.0,2654.0,246300,0.0,0.0
2024-05-27 11:00:00+09:00,2653.0,2658.5,2645.5,2658.5,0,0.0,0.0
2024-05-27 12:00:00+09:00,2646.5,2665.0,2645.0,2661.0,919500,0.0,0.0
2024-05-27 13:00:00+09:00,2661.0,2676.5,2660.5,2675.5,175500,0.0,0.0
2024-05-27 14:00:00+09:00,2675.0,2693.5,2670.5,2691.5,407300,0.0,0.0
2024-05-28 09:00:00+09:00,2709.0,2769.5,2709.0,2748.5,435100,0.0,0.0
2024-05-28 10:00:00+09:00,2748.0,2765.0,2740.0,2762.5,258200,0.0,0.0
2024-05-28 11:00:00+09:00,2762.0,2772.0,2759.5,2769.5,0,0.0,0.0
2024-05-28 12:00:00+09:00,2774.0,2793.5,2774.0,2793.0,1093700,0.0,0.0
2024-05-28 13:00:00+09:00,2793.0,2799.5,2774.0,2785.0,275500,0.0,0.0
2024-05-28 14:00:00+09:00,2785.0,2806.0,2780.5,2806.0,509300,0.0,0.0
2024-05-29 09:00:00+09:00,2800.0,2849.0,2800.0,2843.0,597200,0.0,0.0
2024-05-29 10:00:00+09:00,2844.0,2854.5,2826.5,2830.5,371800,0.0,0.0
2024-05-29 11:00:00+09:00,2831.5,2845.0,2825.5,2838.5,0,0.0,0.0
2024-05-29 12:00:00+09:00,2831.5,2834.5,2820.5,2830.5,1311600,0.0,0.0
2024-05-29 13:00:00+09:00,2830.0,2830.0,2769.5,2790.5,483200,0.0,0.0
2024-05-29 14:00:00+09:00,2790.0,2793.0,2767.0,2772.0,541000,0.0,0.0
2024-05-30 09:00:00+09:00,2665.0,2735.0,2639.5,2659.5,623500,0.0,0.0
2024-05-30 10:00:00+09:00,2660.0,2672.0,2641.0,2645.5,427200,0.0,0.0
2024-05-30 11:00:00+09:00,2644.5,2658.5,2636.5,2642.5,0,0.0,0.0
2024-05-30 12:00:00+09:00,2628.0,2648.0,2603.0,2603.0,1603200,0.0,0.0
2024-05-30 13:00:00+09:00,2603.5,2627.5,2602.5,2622.5,609500,0.0,0.0
2024-05-30 14:00:00+09:00,2623.0,2640.0,2615.0,2637.0,757600,0.0,0.0
2024-05-31 09:00:00+09:00,2589.0,2727.5,2560.0,2671.5,1471400,0.0,0.0
2024-05-31 10:00:00+09:00,2671.5,2697.0,2662.5,2667.5,616400,0.0,0.0
2024-05-31 11:00:00+09:00,2668.5,2681.0,2665.0,2669.0,0,0.0,0.0
2024-05-31 12:00:00+09:00,2662.5,2692.5,2661.5,2669.0,2998000,0.0,0.0
2024-05-31 13:00:00+09:00,2670.0,2674.5,2622.0,2635.0,666700,0.0,0.0
2024-05-31 14:00:00+09:00,2636.0,2738.5,2632.5,2702.0,1940000,0.0,0.0
2024-06-03 09:00:00+09:00,2696.5,2698.5,2625.0,2644.0,343400,0.0,0.0
2024-06-03 10:00:00+09:00,2644.0,2667.0,2620.0,2622.5,182400,0.0,0.0
2024-06-03 11:00:00+09:00,2622.5,2638.5,2620.0,2621.5,0,0.0,0.0
2024-06-03 12:00:00+09:00,2620.0,2620.5,2595.5,2601.5,794000,0.0,0.0
2024-06-03 13:00:00+09:00,2602.0,2613.5,2591.5,2592.0,188400,0.0,0.0
2024-06-03 14:00:00+09:00,2592.0,2596.0,2579.0,2589.0,479000,0.0,0.0
2024-06-04 09:00:00+09:00,2598.0,2629.0,2583.5,2606.5,241100,0.0,0.0
2024-06-04 10:00:00+09:00,2610.0,2632.5,2601.5,2625.5,143400,0.0,0.0
2024-06-04 11:00:00+09:00,2625.5,2634.5,2622.0,2626.5,0,0.0,0.0
2024-06-04 12:00:00+09:00,2616.5,2625.5,2598.0,2621.0,578200,0.0,0.0
2024-06-04 13:00:00+09:00,2621.5,2627.0,2613.0,2618.0,136700,0.0,0.0
2024-06-04 14:00:00+09:00,2617.5,2620.0,2604.5,2614.0,386300,0.0,0.0
2024-06-05 09:00:00+09:00,2600.0,2633.5,2593.0,2630.0,412000,0.0,0.0
2024-06-05 10:00:00+09:00,2630.0,2636.5,2618.0,2618.0,168500,0.0,0.0
2024-06-05 11:00:00+09:00,2619.5,2633.5,2619.0,2631.0,0,0.0,0.0
2024-06-05 12:00:00+09:00,2630.0,2656.0,2630.0,2646.0,805300,0.0,0.0
2024-06-05 13:00:00+09:00,2646.0,2666.5,2642.0,2646.0,218200,0.0,0.0
2024-06-05 14:00:00+09:00,2646.0,2654.0,2632.0,2645.5,478100,0.0,0.0
2024-06-06 09:00:00+09:00,2659.0,2659.0,2556.0,2618.5,465700,0.0,0.0
2024-06-06 10:00:00+09:00,2619.5,2633.5,2617.0,2622.0,218100,0.0,0.0
2024-06-06 11:00:00+09:00,2622.0,2625.0,2582.5,2583.5,0,0.0,0.0
2024-06-06 12:00:00+09:00,2579.5,2613.5,2569.5,2599.0,972700,0.0,0.0
2024-06-06 13:00:00+09:00,2600.5,2603.0,2589.5,2603.0,188300,0.0,0.0
2024-06-06 14:00:00+09:00,2603.0,2618.5,2596.5,2596.5,324000,0.0,0.0
2024-06-07 09:00:00+09:00,2591.5,2613.0,2557.0,2565.5,232600,0.0,0.0
2024-06-07 10:00:00+09:00,2564.5,2564.5,2536.0,2542.0,204100,0.0,0.0
2024-06-07 11:00:00+09:00,2541.0,2566.0,2541.0,2566.0,0,0.0,0.0
2024-06-07 12:00:00+09:00,2559.5,2569.0,2546.5,2549.0,779200,0.0,0.0
2024-06-07 13:00:00+09:00,2549.0,2549.0,2534.0,2535.0,168300,0.0,0.0
2024-06-07 14:00:00+09:00,2534.5,2551.0,2531.0,2536.0,330900,0.0,0.0
2024-06-10 09:00:00+09:00,2516.0,2557.0,2491.5,2547.5,0,0.0,0.0
2024-06-10 10:00:00+09:00,2547.0,2569.0,2542.0,2557.5,103500,0.0,0.0
2024-06-10 11:00:00+09:00,2556.5,2568.5,2550.5,2550.5,0,0.0,0.0
2024-06-10 12:00:00+09:00,2559.5,2567.0,2551.5,2554.5,489500,0.0,0.0
2024-06-10 13:00:00+09:00,2553.5,2556.5,2550.5,2553.0,101500,0.0,0.0
2024-06-10 14:00:00+09:00,2554.5,2564.0,2547.5,2564.0,210500,0.0,0.0
2024-06-11 09:00:00+09:00,2564.0,2600.0,2552.0,2588.5,179500,0.0,0.0
2024-06-11 10:00:00+09:00,2586.0,2593.5,2581.5,2589.5,54900,0.0,0.0
2024-06-11 11:00:00+09:00,2591.0,2592.0,2575.5,2575.5,0,0.0,0.0
2024-06-11 12:00:00+09:00,2582.5,2589.0,2579.0,2586.5,319200,0.0,0.0
2024-06-11 13:00:00+09:00,2586.5,2602.0,2586.5,2593.0,104800,0.0,0.0
2024-06-11 14:00:00+09:00,2594.0,2601.0,2571.0,2571.0,233300,0.0,0.0
2024-06-12 09:00:00+09:00,2555.5,2579.5,2555.5,2559.5,147300,0.0,0.0
2024-06-12 10:00:00+09:00,2559.5,2578.5,2544.5,2575.0,176800,0.0,0.0
2024-06-12 11:00:00+09:00,2574.5,2590.5,2573.0,2573.0,0,0.0,0.0
2024-06-12 12:00:00+09:00,2573.0,2594.0,2572.5,2594.0,445500,0.0,0.0
2024-06-12 13:00:00+09:00,2593.0,2593.0,2573.5,2579.0,99500,0.0,0.0
2024-06-12 14:00:00+09:00,2579.5,2583.5,2569.5,2583.5,187700,0.0,0.0
2024-06-13 09:00:00+09:00,2581.0,2600.5,2577.0,2598.0,158200,0.0,0.0
2024-06-13 10:00:00+09:00,2598.0,2613.5,2588.5,2590.5,125100,0.0,0.0
2024-06-13 11:00:00+09:00,2592.0,2604.5,2581.0,2581.0,0,0.0,0.0
2024-06-13 12:00:00+09:00,2581.0,2591.0,2580.0,2587.5,403800,0.0,0.0
2024-06-13 13:00:00+09:00,2587.5,2618.0,2587.0,2618.0,82800,0.0,0.0
2024-06-13 14:00:00+09:00,2617.5,2623.5,2598.0,2606.5,236200,0.0,0.0
2024-06-14 09:00:00+09:00,2597.0,2672.0,2593.5,2669.0,537200,0.0,0.0
2024-06-14 10:00:00+09:00,2669.0,2671.5,2653.0,2657.0,106000,0.0,0.0
2024-06-14 11:00:00+09:00,2657.5,2662.5,2649.0,2649.0,0,0.0,0.0
2024-06-14 12:00:00+09:00,2649.0,2671.0,2649.0,2665.0,757900,0.0,0.0
2024-06-14 13:00:00+09:00,2665.0,2668.0,2655.0,2659.0,94000,0.0,0.0
2024-06-14 14:00:00+09:00,2658.0,2659.0,2646.5,2651.5,181700,0.0,0.0
2024-06-17 09:00:00+09:00,2619.5,2657.0,2611.0,2640.5,199000,0.0,0.0
2024-06-17 10:00:00+09:00,2641.5,2646.5,2627.0,2631.5,95600,0.0,0.0
2024-06-17 11:00:00+09:00,2632.0,2640.5,2621.0,2625.0,0,0.0,0.0
2024-06-17 12:00:00+09:00,2624.5,2636.5,2620.0,2620.5,423600,0.0,0.0
2024-06-17 13:00:00+09:00,2621.5,2630.0,2616.5,2627.0,113200,0.0,0.0
2024-06-17 14:00:00+09:00,2627.5,2639.0,2626.5,2629.0,251900,0.0,0.0
2024-06-18 09:00:00+09:00,2620.0,2641.0,2597.0,2601.5,179800,0.0,0.0
2024-06-18 10:00:00+09:00,2602.0,2619.5,2599.5,2616.5,117900,0.0,0.0
2024-06-18 11:00:00+09:00,2617.5,2630.0,2616.0,2621.5,0,0.0,0.0
2024-06-18 12:00:00+09:00,2615.5,2650.5,2612.0,2645.5,473200,0.0,0.0
2024-06-18 13:00:00+09:00,2644.5,2660.0,2641.5,2650.0,127300,0.0,0.0
2024-06-18 14:00:00+09:00,2650.5,2652.0,2634.0,2643.0,178500,0.0,0.0
2024-06-19 09:00:00+09:00,2645.5,2690.5,2625.5,2686.5,185000,0.0,0.0
2024-06-19 10:00:00+09:00,2687.0,2694.5,2675.5,2689.5,103400,0.0,0.0
2024-06-19 11:00:00+09:00,2689.5,2691.0,2676.0,2684.0,0,0.0,0.0
2024-06-19 12:00:00+09:00,2684.5,2698.0,2682.5,2696.5,383400,0.0,0.0
2024-06-19 13:00:00+09:00,2697.0,2699.0,2688.0,2696.5,80600,0.0,0.0
2024-06-19 14:00:00+09:00,2697.0,2718.0,2697.0,2713.5,312800,0.0,0.0
2024-06-20 09:00:00+09:00,2689.0,2718.0,2677.0,2715.5,154600,0.0,0.0
2024-06-20 10:00:00+09:00,2716.0,2716.5,2681.5,2688.0,58700,0.0,0.0
2024-06-20 11:00:00+09:00,2687.0,2704.5,2686.5,2700.0,0,0.0,0.0
2024-06-20 12:00:00+09:00,2700.5,2707.0,2692.5,2700.0,305400,0.0,0.0
2024-06-20 13:00:00+09:00,2699.0,2708.0,2693.0,2698.5,71700,0.0,0.0
2024-06-20 14:00:00+09:00,2698.0,2709.5,2694.0,2696.5,176900,0.0,0.0
2024-06-21 09:00:00+09:00,2714.0,2734.5,2685.0,2685.0,164700,0.0,0.0
2024-06-21 10:00:00+09:00,2685.5,2693.0,2678.0,2684.0,81000,0.0,0.0
2024-06-21 11:00:00+09:00,2683.0,2688.0,2667.5,2675.0,0,0.0,0.0
2024-06-21 12:00:00+09:00,2677.5,2706.5,2675.0,2702.5,402800,0.0,0.0
2024-06-21 13:00:00+09:00,2702.5,2704.5,2691.0,2700.5,124800,0.0,0.0
2024-06-21 14:00:00+09:00,2700.5,2715.5,2698.5,2707.0,326600,0.0,0.0
2024-06-24 09:00:00+09:00,2727.0,2812.5,2712.0,2799.0,375800,0.0,0.0
2024-06-24 10:00:00+09:00,2802.0,2818.5,2797.5,2812.5,189400,0.0,0.0
2024-06-24 11:00:00+09:00,2813.0,2822.5,2808.5,2809.5,0,0.0,0.0
2024-06-24 12:00:00+09:00,2824.0,2825.0,2790.5,2799.0,769200,0.0,0.0
2024-06-24 13:00:00+09:00,2799.5,2801.0,2791.0,2794.0,125800,0.0,0.0
2024-06-24 14:00:00+09:00,2793.5,2801.5,2787.5,2791.0,243400,0.0,0.0
2024-06-25 09:00:00+09:00,2765.0,2834.5,2756.0,2831.0,235600,0.0,0.0
2024-06-25 10:00:00+09:00,2831.0,2831.0,2813.5,2826.5,157200,0.0,0.0
2024-06-25 11:00:00+09:00,2828.0,2835.0,2818.5,2835.0,0,0.0,0.0
2024-06-25 12:00:00+09:00,2840.0,2848.0,2812.5,2812.5,576600,0.0,0.0
2024-06-25 13:00:00+09:00,2812.5,2826.0,2805.5,2817.5,120400,0.0,0.0
2024-06-25 14:00:00+09:00,2818.0,2828.5,2806.5,2828.5,235000,0.0,0.0
2024-06-26 09:00:00+09:00,2840.0,2840.0,2783.0,2802.5,188500,0.0,0.0
2024-06-26 10:00:00+09:00,2803.0,2814.5,2793.5,2809.5,75900,0.0,0.0
2024-06-26 11:00:00+09:00,2809.0,2813.0,2805.0,2807.0,0,0.0,0.0
2024-06-26 12:00:00+09:00,2807.0,2807.0,2789.0,2794.0,408200,0.0,0.0
2024-06-26 13:00:00+09:00,2794.0,2796.5,2786.0,2793.5,99400,0.0,0.0
2024-06-26 14:00:00+09:00,2794.0,2812.5,2790.0,2790.5,203400,0.0,0.0
2024-06-27 09:00:00+09:00,2766.0,2792.5,2762.5,2764.0,172400,0.0,0.0
2024-06-27 10:00:00+09:00,2764.5,2775.5,2750.5,2756.5,122300,0.0,0.0
2024-06-27 11:00:00+09:00,2757.0,2770.0,2757.0,2761.5,0,0.0,0.0
2024-06-27 12:00:00+09:00,2761.5,2771.0,2760.5,2762.0,421000,0.0,0.0
2024-06-27 13:00:00+09:00,2762.0,2767.0,2751.0,2753.5,87700,0.0,0.0
2024-06-27 14:00:00+09:00,2753.5,2763.0,2742.5,2748.0,212600,0.0,0.0
2024-06-28 09:00:00+09:00,2757.5,2787.5,2751.0,2782.5,223300,0.0,0.0
2024-06-28 10:00:00+09:00,2782.0,2789.5,2778.0,2782.0,133400,0.0,0.0
2024-06-28 11:00:00+09:00,2782.0,2783.5,2765.0,2770.0,0,0.0,0.0
2024-06-28 12:00:00+09:00,2768.0,2773.0,2760.0,2763.0,482000,0.0,0.0
2024-06-28 13:00:00+09:00,2763.0,2773.5,2760.0,2763.5,115300,0.0,0.0
2024-06-28 14:00:00+09:00,2763.5,2763.5,2744.0,2751.5,225800,0.0,0.0
2024-07-01 09:00:00+09:00,2785.0,2798.0,2773.0,2781.0,168900,0.0,0.0
2024-07-01 10:00:00+09:00,2781.5,2781.5,2753.5,2767.5,87700,0.0,0.0
2024-07-01 11:00:00+09:00,2769.0,2770.0,2763.0,2766.5,0,0.0,0.0
2024-07-01 12:00:00+09:00,2766.5,2770.0,2758.5,2759.5,345700,0.0,0.0
2024-07-01 13:00:00+09:00,2759.5,2762.0,2740.0,2747.0,76300,0.0,0.0
2024-07-01 14:00:00+09:00,2747.0,2763.0,2739.5,2762.0,186100,0.0,0.0
2024-07-02 09:00:00+09:00,2746.0,2747.0,2700.5,2703.5,287300,0.0,0.0
2024-07-02 10:00:00+09:00,2704.0,2731.5,2704.0,2716.5,121800,0.0,0.0
2024-07-02 11:00:00+09:00,2716.0,2719.0,2707.5,2714.0,0,0.0,0.0
2024-07-02 12:00:00+09:00,2711.5,2719.5,2703.5,2718.0,555400,0.0,0.0
2024-07-02 13:00:00+09:00,2718.5,2736.0,2718.5,2730.0,111600,0.0,0.0
2024-07-02 14:00:00+09:00,2730.0,2740.5,2723.0,2723.0,204100,0.0,0.0
2024-07-03 09:00:00+09:00,2710.0,2730.5,2688.0,2692.5,121000,0.0,0.0
2024-07-03 10:00:00+09:00,2693.0,2718.0,2693.0,2700.0,76000,0.0,0.0
2024-07-03 11:00:00+09:00,2699.0,2713.0,2698.0,2704.0,0,0.0,0.0
2024-07-03 12:00:00+09:00,2710.0,2716.0,2706.0,2714.5,304700,0.0,0.0
2024-07-03 13:00:00+09:00,2715.5,2718.0,2702.5,2703.5,90700,0.0,0.0
2024-07-03 14:00:00+09:00,2703.5,2715.5,2702.5,2704.0,178100,0.0,0.0
2024-07-04 09:00:00+09:00,2726.0,2752.0,2719.5,2725.0,94000,0.0,0.0
2024-07-04 10:00:00+09:00,2726.5,2727.5,2707.5,2715.5,47000,0.0,0.0
2024-07-04 11:00:00+09:00,2715.5,2728.5,2714.5,2721.5,0,0.0,0.0
2024-07-04 12:00:00+09:00,2721.5,2730.5,2721.5,2722.5,199100,0.0,0.0
2024-07-04 13:00:00+09:00,2722.5,2732.5,2720.5,2723.5,57900,0.0,0.0
2024-07-04 14:00:00+09:00,2724.5,2724.5,2701.0,2711.0,149200,0.0,0.0
2024-07-05 09:00:00+09:00,2745.0,2771.5,2733.0,2760.0,158100,0.0,0.0
2024-07-05 10:00:00+09:00,2759.5,2759.5,2737.5,2737.5,56400,0.0,0.0
2024-07-05 11:00:00+09:00,2737.0,2755.0,2737.0,2747.0,0,0.0,0.0
2024-07-05 12:00:00+09:00,2732.0,2747.0,2729.5,2745.0,343200,0.0,0.0
2024-07-05 13:00:00+09:00,2745.0,2752.5,2732.5,2739.0,92200,0.0,0.0
2024-07-05 14:00:00+09:00,2739.5,2739.5,2725.0,2728.5,180800,0.0,0.0
2024-07-08 09:00:00+09:00,2721.0,2752.5,2713.5,2747.5,116000,0.0,0.0
2024-07-08 10:00:00+09:00,2748.0,2752.0,2741.0,2744.5,64300,0.0,0.0
2024-07-08 11:00:00+09:00,2745.0,2759.5,2740.0,2754.5,0,0.0,0.0
2024-07-08 12:00:00+09:00,2756.0,2765.0,2750.0,2763.5,277100,0.0,0.0
2024-07-08 13:00:00+09:00,2763.5,2767.5,2755.0,2762.5,77900,0.0,0.0
2024-07-08 14:00:00+09:00,2763.0,2772.0,2756.5,2768.5,174000,0.0,0.0
2024-07-09 09:00:00+09:00,2785.0,2787.5,2752.0,2759.0,206500,0.0,0.0
2024-07-09 10:00:00+09:00,2759.0,2761.0,2737.0,2755.5,126900,0.0,0.0
2024-07-09 11:00:00+09:00,2756.0,2760.5,2750.5,2752.0,0,0.0,0.0
2024-07-09 12:00:00+09:00,2761.0,2766.5,2753.0,2764.0,462000,0.0,0.0
2024-07-09 13:00:00+09:00,2764.5,2772.0,2760.0,2764.5,112300,0.0,0.0
2024-07-09 14:00:00+09:00,2765.0,2785.5,2762.0,2770.5,235400,0.0,0.0
2024-07-10 09:00:00+09:00,2740.0,2773.5,2731.0,2735.5,146300,0.0,0.0
2024-07-10 10:00:00+09:00,2734.5,2742.5,2726.0,2737.5,128200,0.0,0.0
2024-07-10 11:00:00+09:00,2736.5,2740.5,2735.0,2740.0,0,0.0,0.0
2024-07-10 12:00:00+09:00,2728.5,2730.5,2719.0,2727.5,379600,0.0,0.0
2024-07-10 13:00:00+09:00,2727.0,2732.5,2715.0,2719.5,74300,0.0,0.0
2024-07-10 14:00:00+09:00,2719.5,2745.5,2718.5,2735.5,195700,0.0,0.0
2024-07-11 09:00:00+09:00,2755.0,2795.5,2739.0,2785.0,178300,0.0,0.0
2024-07-11 10:00:00+09:00,2785.5,2816.5,2783.0,2815.5,149600,0.0,0.0
2024-07-11 11:00:00+09:00,2815.5,2820.5,2810.0,2817.0,0,0.0,0.0
2024-07-11 12:00:00+09:00,2820.5,2826.0,2807.5,2813.5,483300,0.0,0.0
2024-07-11 13:00:00+09:00,2814.0,2814.5,2798.0,2806.5,103800,0.0,0.0
2024-07-11 14:00:00+09:00,2807.0,2812.0,2802.5,2807.0,207900,0.0,0.0
2024-07-12 09:00:00+09:00,2776.5,2817.5,2757.0,2800.5,149700,0.0,0.0
2024-07-12 10:00:00+09:00,2800.5,2807.5,2789.5,2802.5,78400,0.0,0.0
2024-07-12 11:00:00+09:00,2802.0,2813.5,2796.5,2813.5,0,0.0,0.0
2024-07-12 12:00:00+09:00,2808.5,2820.0,2808.5,2810.5,330200,0.0,0.0
2024-07-12 13:00:00+09:00,2811.0,2820.0,2808.5,2815.5,69700,0.0,0.0
2024-07-12 14:00:00+09:00,2816.0,2823.5,2813.0,2817.5,175000,0.0,0.0
2024-07-16 09:00:00+09:00,2834.5,2842.0,2805.5,2829.0,156700,0.0,0.0
2024-07-16 10:00:00+09:00,2828.0,2828.5,2811.0,2821.5,88700,0.0,0.0
2024-07-16 11:00:00+09:00,2822.0,2825.5,2814.0,2821.5,0,0.0,0.0
2024-07-16 12:00:00+09:00,2819.0,2820.0,2806.0,2811.5,325000,0.0,0.0
2024-07-16 13:00:00+09:00,2811.5,2815.5,2803.5,2807.0,88700,0.0,0.0
2024-07-16 14:00:00+09:00,2807.0,2818.0,2806.5,2814.5,170300,0.0,0.0
2024-07-17 09:00:00+09:00,2846.0,2858.0,2803.5,2825.0,140400,0.0,0.0
2024-07-17 10:00:00+09:00,2826.0,2853.0,2822.5,2847.5,94500,0.0,0.0
2024-07-17 11:00:00+09:00,2847.5,2852.5,2843.5,2851.5,0,0.0,0.0
2024-07-17 12:00:00+09:00,2841.0,2847.5,2828.5,2840.5,334400,0.0,0.0
2024-07-17 13:00:00+09:00,2840.5,2849.5,2836.0,2838.0,103200,0.0,0.0
2024-07-17 14:00:00+09:00,2838.5,2846.0,2830.5,2842.0,218800,0.0,0.0
2024-07-18 09:00:00+09:00,2790.5,2817.0,2758.0,2777.5,163500,0.0,0.0
2024-07-18 10:00:00+09:00,2779.0,2797.0,2772.0,2774.0,96000,0.0,0.0
2024-07-18 11:00:00+09:00,2774.5,2774.5,2760.5,2760.5,0,0.0,0.0
2024-07-18 12:00:00+09:00,2757.0,2768.5,2752.0,2765.0,356500,0.0,0.0
2024-07-18 13:00:00+09:00,2765.5,2771.0,2757.5,2765.5,88700,0.0,0.0
2024-07-18 14:00:00+09:00,2765.0,2769.0,2748.0,2758.0,167000,0.0,0.0
2024-07-19 09:00:00+09:00,2730.0,2756.0,2709.0,2751.5,120000,0.0,0.0
2024-07-19 10:00:00+09:00,2752.5,2756.5,2732.0,2732.5,61800,0.0,0.0
2024-07-19 11:00:00+09:00,2733.0,2741.0,2728.5,2731.5,0,0.0,0.0
2024-07-19 12:00:00+09:00,2736.0,2742.0,2720.0,2730.0,289000,0.0,0.0
2024-07-19 13:00:00+09:00,2730.5,2737.5,2729.0,2734.0,75300,0.0,0.0
2024-07-19 14:00:00+09:00,2734.0,2746.5,2733.5,2746.5,164600,0.0,0.0
2024-07-22 09:00:00+09:00,2711.0,2746.5,2682.0,2691.5,159600,0.0,0.0
2024-07-22 10:00:00+09:00,2691.5,2701.0,2682.5,2697.5,96900,0.0,0.0
2024-07-22 11:00:00+09:00,2698.0,2712.5,2696.0,2700.5,0,0.0,0.0
2024-07-22 12:00:00+09:00,2706.5,2706.5,2689.5,2693.0,345500,0.0,0.0
2024-07-22 13:00:00+09:00,2693.0,2698.0,2686.0,2695.5,70300,0.0,0.0
2024-07-22 14:00:00+09:00,2695.0,2695.0,2683.0,2691.5,149500,0.0,0.0
2024-07-23 09:00:00+09:00,2719.5,2727.5,2685.5,2690.5,131500,0.0,0.0
2024-07-23 10:00:00+09:00,2690.0,2707.0,2685.0,2695.5,78600,0.0,0.0
2024-07-23 11:00:00+09:00,2696.5,2704.0,2691.5,2703.5,0,0.0,0.0
2024-07-23 12:00:00+09:00,2703.5,2704.5,2682.5,2691.5,324100,0.0,0.0
2024-07-23 13:00:00+09:00,2693.5,2696.0,2681.0,2696.0,86600,0.0,0.0
2024-07-23 14:00:00+09:00,2695.5,2713.5,2686.5,2713.5,213800,0.0,0.0
2024-07-24 09:00:00+09:00,2696.0,2742.5,2695.0,2742.5,123600,0.0,0.0
2024-07-24 10:00:00+09:00,2742.0,2761.5,2739.5,2757.5,75000,0.0,0.0
2024-07-24 11:00:00+09:00,2757.5,2758.5,2743.0,2752.0,0,0.0,0.0
2024-07-24 12:00:00+09:00,2749.0,2755.0,2720.0,2720.0,279900,0.0,0.0
2024-07-24 13:00:00+09:00,2719.5,2724.5,2705.5,2723.0,68000,0.0,0.0
2024-07-24 14:00:00+09:00,2722.0,2722.5,2693.5,2693.5,119400,0.0,0.0
2024-07-25 09:00:00+09:00,2590.5,2633.0,2585.0,2598.0,231400,0.0,0.0
2024-07-25 10:00:00+09:00,2601.0,2609.0,2572.0,2581.5,154500,0.0,0.0
2024-07-25 11:00:00+09:00,2581.5,2597.5,2579.5,2593.0,0,0.0,0.0
2024-07-25 12:00:00+09:00,2573.0,2585.0,2553.0,2561.5,512500,0.0,0.0
2024-07-25 13:00:00+09:00,2561.5,2579.5,2540.0,2543.0,154600,0.0,0.0
2024-07-25 14:00:00+09:00,2543.5,2560.5,2535.0,2554.5,269900,0.0,0.0
2024-07-26 09:00:00+09:00,2551.0,2612.5,2551.0,2611.0,169800,0.0,0.0
2024-07-26 10:00:00+09:00,2610.5,2620.0,2602.5,2619.5,132700,0.0,0.0
2024-07-26 11:00:00+09:00,2618.5,2628.5,2613.5,2626.5,0,0.0,0.0
2024-07-26 12:00:00+09:00,2626.5,2629.5,2619.5,2626.5,467800,0.0,0.0
2024-07-26 13:00:00+09:00,2627.0,2638.5,2619.5,2628.5,136200,0.0,0.0
2024-07-26 14:00:00+09:00,2629.0,2632.5,2600.5,2632.0,229200,0.0,0.0
