Datetime,Open,High,Low,Close,Volume,Dividends,Stock Splits
2024-08-08 09:00:00+09:00,29900.0,30550.0,29600.0,30150.0,0,0.0,0.0
2024-08-08 09:05:00+09:00,30150.0,30200.0,29850.0,30050.0,41579,0.0,0.0
2024-08-08 09:10:00+09:00,30050.0,30050.0,29400.0,29800.0,74030,0.0,0.0
2024-08-08 09:15:00+09:00,29750.0,29950.0,29650.0,29800.0,31916,0.0,0.0
2024-08-08 09:20:00+09:00,29800.0,29950.0,29450.0,29600.0,43702,0.0,0.0
2024-08-08 09:25:00+09:00,29600.0,29800.0,29550.0,29600.0,14291,0.0,0.0
2024-08-08 09:30:00+09:00,29550.0,29700.0,29400.0,29500.0,38366,0.0,0.0
2024-08-08 09:35:00+09:00,29500.0,29550.0,29150.0,29150.0,44543,0.0,0.0
2024-08-08 09:40:00+09:00,29250.0,29350.0,28950.0,29150.0,68272,0.0,0.0
2024-08-08 09:45:00+09:00,29200.0,29300.0,29000.0,29300.0,24066,0.0,0.0
2024-08-08 09:50:00+09:00,29250.0,29550.0,29100.0,29550.0,43112,0.0,0.0
2024-08-08 09:55:00+09:00,29550.0,29900.0,29500.0,29850.0,29010,0.0,0.0
2024-08-08 10:00:00+09:00,29800.0,30100.0,29700.0,30050.0,30780,0.0,0.0
2024-08-08 10:05:00+09:00,30050.0,30150.0,29900.0,30000.0,15691,0.0,0.0
2024-08-08 10:10:00+09:00,29950.0,30250.0,29900.0,30250.0,13959,0.0,0.0
2024-08-08 10:15:00+09:00,30250.0,30350.0,30100.0,30100.0,27823,0.0,0.0
2024-08-08 10:20:00+09:00,30100.0,30200.0,29900.0,30050.0,11281,0.0,0.0
2024-08-08 10:25:00+09:00,30050.0,30100.0,30000.0,30050.0,8036,0.0,0.0
2024-08-08 10:30:00+09:00,30050.0,30050.0,29900.0,29950.0,7736,0.0,0.0
2024-08-08 10:35:00+09:00,29950.0,30050.0,29850.0,30000.0,11770,0.0,0.0
2024-08-08 10:40:00+09:00,30000.0,30250.0,29950.0,30250.0,10377,0.0,0.0
2024-08-08 10:45:00+09:00,30250.0,30300.0,30100.0,30300.0,17104,0.0,0.0
2024-08-08 10:50:00+09:00,30300.0,30350.0,30250.0,30350.0,13930,0.0,0.0
2024-08-08 10:55:00+09:00,30300.0,30450.0,30300.0,30400.0,26591,0.0,0.0
2024-08-08 11:00:00+09:00,30400.0,30600.0,30250.0,30500.0,38653,0.0,0.0
2024-08-08 11:05:00+09:00,30500.0,30550.0,30250.0,30300.0,17373,0.0,0.0
2024-08-08 11:10:00+09:00,30300.0,30450.0,30250.0,30450.0,7881,0.0,0.0
2024-08-08 11:15:00+09:00,30400.0,30400.0,30150.0,30250.0,10882,0.0,0.0
2024-08-08 11:20:00+09:00,30250.0,30400.0,30200.0,30350.0,8948,0.0,0.0
2024-08-08 11:25:00+09:00,30300.0,30450.0,30250.0,30300.0,20826,0.0,0.0
2024-08-08 11:30:00+09:00,30300.0,30300.0,30200.0,30250.0,2940,0.0,0.0
2024-08-08 11:35:00+09:00,30200.0,30300.0,30050.0,30100.0,7354,0.0,0.0
2024-08-08 11:40:00+09:00,30100.0,30200.0,30050.0,30150.0,3681,0.0,0.0
2024-08-08 11:45:00+09:00,30200.0,30250.0,30100.0,30250.0,2548,0.0,0.0
2024-08-08 11:50:00+09:00,30250.0,30300.0,30150.0,30300.0,2250,0.0,0.0
2024-08-08 11:55:00+09:00,30200.0,30450.0,30200.0,30400.0,17050,0.0,0.0
2024-08-08 12:00:00+09:00,30400.0,30450.0,30300.0,30350.0,7620,0.0,0.0
2024-08-08 12:05:00+09:00,30350.0,30350.0,30250.0,30300.0,4109,0.0,0.0
2024-08-08 12:10:00+09:00,30350.0,30400.0,30300.0,30350.0,2903,0.0,0.0
2024-08-08 12:15:00+09:00,30350.0,30450.0,30300.0,30400.0,7221,0.0,0.0
2024-08-08 12:20:00+09:00,30350.0,30450.0,30350.0,30450.0,5727,0.0,0.0
2024-08-08 12:25:00+09:00,30450.0,30500.0,30350.0,30400.0,11513,0.0,0.0
2024-08-08 12:30:00+09:00,30400.0,30400.0,30350.0,30400.0,2672,0.0,0.0
2024-08-08 12:35:00+09:00,30400.0,30450.0,30350.0,30450.0,6201,0.0,0.0
2024-08-08 12:40:00+09:00,30450.0,30450.0,30300.0,30350.0,6433,0.0,0.0
2024-08-08 12:45:00+09:00,30350.0,30550.0,30350.0,30500.0,11373,0.0,0.0
2024-08-08 12:50:00+09:00,30500.0,30500.0,30350.0,30400.0,12138,0.0,0.0
2024-08-08 12:55:00+09:00,30350.0,30400.0,30150.0,30250.0,14407,0.0,0.0
2024-08-08 13:00:00+09:00,30200.0,30250.0,30100.0,30200.0,4180,0.0,0.0
2024-08-08 13:05:00+09:00,30150.0,30300.0,30150.0,30250.0,2718,0.0,0.0
2024-08-08 13:10:00+09:00,30250.0,30400.0,30250.0,30350.0,3921,0.0,0.0
2024-08-08 13:15:00+09:00,30350.0,30400.0,30300.0,30350.0,2361,0.0,0.0
2024-08-08 13:20:00+09:00,30350.0,30400.0,30250.0,30300.0,5671,0.0,0.0
2024-08-08 13:25:00+09:00,30350.0,30400.0,30250.0,30300.0,5766,0.0,0.0
2024-08-08 13:30:00+09:00,30300.0,30350.0,30150.0,30200.0,7299,0.0,0.0
2024-08-08 13:35:00+09:00,30200.0,30200.0,29950.0,29950.0,16107,0.0,0.0
2024-08-08 13:40:00+09:00,29950.0,30050.0,29950.0,30050.0,6881,0.0,0.0
2024-08-08 13:45:00+09:00,30050.0,30050.0,29950.0,30050.0,7968,0.0,0.0
2024-08-08 13:50:00+09:00,30050.0,30100.0,29950.0,30000.0,7609,0.0,0.0
2024-08-08 13:55:00+09:00,30000.0,30250.0,30000.0,30250.0,6952,0.0,0.0
2024-08-08 14:00:00+09:00,30250.0,30300.0,30150.0,30250.0,6285,0.0,0.0
2024-08-08 14:05:00+09:00,30300.0,30300.0,30200.0,30250.0,2793,0.0,0.0
2024-08-08 14:10:00+09:00,30200.0,30300.0,30200.0,30250.0,3016,0.0,0.0
2024-08-08 14:15:00+09:00,30300.0,30300.0,30050.0,30050.0,6322,0.0,0.0
2024-08-08 14:20:00+09:00,30050.0,30100.0,30000.0,30050.0,4804,0.0,0.0
2024-08-08 14:25:00+09:00,30050.0,30150.0,30000.0,30100.0,9342,0.0,0.0
2024-08-08 14:30:00+09:00,30050.0,30250.0,30050.0,30150.0,4950,0.0,0.0
2024-08-08 14:35:00+09:00,30150.0,30200.0,30050.0,30050.0,4260,0.0,0.0
2024-08-08 14:40:00+09:00,30100.0,30200.0,30050.0,30150.0,15704,0.0,0.0
2024-08-08 14:45:00+09:00,30100.0,30150.0,30000.0,30050.0,8149,0.0,0.0
2024-08-08 14:50:00+09:00,30050.0,30100.0,29950.0,30050.0,7381,0.0,0.0
2024-08-08 14:55:00+09:00,30000.0,30050.0,29950.0,30000.0,5107,0.0,0.0
2024-08-09 09:00:00+09:00,30500.0,30500.0,29950.0,30200.0,111368,0.0,0.0
2024-08-09 09:05:00+09:00,30150.0,30200.0,29900.0,29900.0,48429,0.0,0.0
2024-08-09 09:10:00+09:00,29950.0,30200.0,29800.0,30050.0,29964,0.0,0.0
2024-08-09 09:15:00+09:00,30050.0,30100.0,29800.0,29800.0,29200,0.0,0.0
2024-08-09 09:20:00+09:00,29850.0,30000.0,29800.0,29950.0,15988,0.0,0.0
2024-08-09 09:25:00+09:00,29950.0,29950.0,29750.0,29750.0,29049,0.0,0.0
2024-08-09 09:30:00+09:00,29750.0,29800.0,29450.0,29450.0,40288,0.0,0.0
2024-08-09 09:35:00+09:00,29550.0,29600.0,29400.0,29450.0,24254,0.0,0.0
2024-08-09 09:40:00+09:00,29400.0,29450.0,29250.0,29250.0,21677,0.0,0.0
2024-08-09 09:45:00+09:00,29250.0,29500.0,29250.0,29400.0,18110,0.0,0.0
2024-08-09 09:50:00+09:00,29450.0,29500.0,29400.0,29450.0,7756,0.0,0.0
2024-08-09 09:55:00+09:00,29450.0,29600.0,29450.0,29500.0,8083,0.0,0.0
2024-08-09 10:00:00+09:00,29550.0,29650.0,29500.0,29600.0,8329,0.0,0.0
2024-08-09 10:05:00+09:00,29600.0,29850.0,29600.0,29800.0,14673,0.0,0.0
2024-08-09 10:10:00+09:00,29800.0,29800.0,29650.0,29650.0,7425,0.0,0.0
2024-08-09 10:15:00+09:00,29650.0,29850.0,29650.0,29850.0,6593,0.0,0.0
2024-08-09 10:20:00+09:00,29850.0,30000.0,29800.0,29950.0,12955,0.0,0.0
2024-08-09 10:25:00+09:00,29950.0,30100.0,29900.0,30000.0,17503,0.0,0.0
2024-08-09 10:30:00+09:00,30000.0,30250.0,30000.0,30200.0,21521,0.0,0.0
2024-08-09 10:35:00+09:00,30200.0,30350.0,30150.0,30200.0,26121,0.0,0.0
2024-08-09 10:40:00+09:00,30250.0,30350.0,30250.0,30350.0,13907,0.0,0.0
2024-08-09 10:45:00+09:00,30300.0,30300.0,30150.0,30250.0,8390,0.0,0.0
2024-08-09 10:50:00+09:00,30250.0,30400.0,30200.0,30250.0,20316,0.0,0.0
2024-08-09 10:55:00+09:00,30250.0,30450.0,30250.0,30450.0,22307,0.0,0.0
2024-08-09 11:00:00+09:00,30450.0,30500.0,30150.0,30200.0,32933,0.0,0.0
2024-08-09 11:05:00+09:00,30200.0,30250.0,30100.0,30100.0,11478,0.0,0.0
2024-08-09 11:10:00+09:00,30100.0,30200.0,30100.0,30100.0,5400,0.0,0.0
2024-08-09 11:15:00+09:00,30150.0,30150.0,30000.0,30050.0,8944,0.0,0.0
2024-08-09 11:20:00+09:00,30000.0,30100.0,29900.0,29950.0,12785,0.0,0.0
2024-08-09 11:25:00+09:00,29950.0,30100.0,29900.0,30050.0,3322,0.0,0.0
2024-08-09 11:30:00+09:00,30050.0,30050.0,29950.0,29950.0,3078,0.0,0.0
2024-08-09 11:35:00+09:00,30000.0,30200.0,29950.0,30200.0,11957,0.0,0.0
2024-08-09 11:40:00+09:00,30200.0,30250.0,30100.0,30150.0,7863,0.0,0.0
2024-08-09 11:45:00+09:00,30150.0,30200.0,30050.0,30100.0,4541,0.0,0.0
2024-08-09 11:50:00+09:00,30050.0,30150.0,30000.0,30100.0,1364,0.0,0.0
2024-08-09 11:55:00+09:00,30050.0,30150.0,30050.0,30100.0,1929,0.0,0.0
2024-08-09 12:00:00+09:00,30050.0,30100.0,30000.0,30000.0,5183,0.0,0.0
2024-08-09 12:05:00+09:00,30000.0,30050.0,29950.0,30050.0,2184,0.0,0.0
2024-08-09 12:10:00+09:00,30100.0,30100.0,30000.0,30050.0,2914,0.0,0.0
2024-08-09 12:15:00+09:00,30050.0,30100.0,30000.0,30050.0,4779,0.0,0.0
2024-08-09 12:20:00+09:00,30000.0,30100.0,30000.0,30100.0,2129,0.0,0.0
2024-08-09 12:25:00+09:00,30050.0,30100.0,30000.0,30050.0,2169,0.0,0.0
2024-08-09 12:30:00+09:00,30050.0,30050.0,30000.0,30050.0,2314,0.0,0.0
2024-08-09 12:35:00+09:00,30100.0,30100.0,30000.0,30050.0,3381,0.0,0.0
2024-08-09 12:40:00+09:00,30000.0,30050.0,30000.0,30000.0,4125,0.0,0.0
2024-08-09 12:45:00+09:00,30000.0,30000.0,29900.0,29950.0,4732,0.0,0.0
2024-08-09 12:50:00+09:00,29950.0,30000.0,29900.0,30000.0,3098,0.0,0.0
2024-08-09 12:55:00+09:00,30000.0,30000.0,29900.0,29950.0,5374,0.0,0.0
2024-08-09 13:00:00+09:00,30000.0,30050.0,29950.0,30000.0,6484,0.0,0.0
2024-08-09 13:05:00+09:00,30050.0,30150.0,30000.0,30100.0,7739,0.0,0.0
2024-08-09 13:10:00+09:00,30100.0,30150.0,30050.0,30150.0,2595,0.0,0.0
2024-08-09 13:15:00+09:00,30150.0,30150.0,30050.0,30100.0,4207,0.0,0.0
2024-08-09 13:20:00+09:00,30100.0,30100.0,29950.0,30000.0,6957,0.0,0.0
2024-08-09 13:25:00+09:00,29950.0,30000.0,29900.0,29950.0,5666,0.0,0.0
2024-08-09 13:30:00+09:00,29950.0,30000.0,29900.0,29950.0,4427,0.0,0.0
2024-08-09 13:35:00+09:00,29950.0,30000.0,29850.0,29900.0,4994,0.0,0.0
2024-08-09 13:40:00+09:00,29900.0,29900.0,29750.0,29800.0,14703,0.0,0.0
2024-08-09 13:45:00+09:00,29800.0,29800.0,29700.0,29750.0,8901,0.0,0.0
2024-08-09 13:50:00+09:00,29800.0,29950.0,29750.0,29900.0,4585,0.0,0.0
2024-08-09 13:55:00+09:00,29900.0,29900.0,29800.0,29900.0,3402,0.0,0.0
2024-08-09 14:00:00+09:00,29850.0,29900.0,29850.0,29900.0,2946,0.0,0.0
2024-08-09 14:05:00+09:00,29900.0,30100.0,29850.0,30050.0,8871,0.0,0.0
2024-08-09 14:10:00+09:00,30050.0,30050.0,29950.0,30000.0,3354,0.0,0.0
2024-08-09 14:15:00+09:00,30000.0,30050.0,29900.0,29950.0,4216,0.0,0.0
2024-08-09 14:20:00+09:00,29950.0,30050.0,29950.0,30000.0,5601,0.0,0.0
2024-08-09 14:25:00+09:00,29950.0,30000.0,29950.0,30000.0,2735,0.0,0.0
2024-08-09 14:30:00+09:00,30000.0,30050.0,30000.0,30050.0,5818,0.0,0.0
2024-08-09 14:35:00+09:00,30050.0,30050.0,30000.0,30000.0,5149,0.0,0.0
2024-08-09 14:40:00+09:00,30000.0,30050.0,30000.0,30000.0,5645,0.0,0.0
2024-08-09 14:45:00+09:00,30000.0,30050.0,30000.0,30050.0,4947,0.0,0.0
2024-08-09 14:50:00+09:00,30000.0,30050.0,29950.0,30000.0,3501,0.0,0.0
2024-08-09 14:55:00+09:00,30000.0,30000.0,29900.0,29900.0,6605,0.0,0.0
2024-08-12 09:00:00+09:00,30450.0,31050.0,30400.0,30950.0,0,0.0,0.0
2024-08-12 09:05:00+09:00,30950.0,31900.0,30950.0,31500.0,268599,0.0,0.0
2024-08-12 09:10:00+09:00,31450.0,31750.0,31250.0,31550.0,118959,0.0,0.0
2024-08-12 09:15:00+09:00,31550.0,31550.0,30800.0,30850.0,92919,0.0,0.0
2024-08-12 09:20:00+09:00,30850.0,30900.0,30400.0,30600.0,70346,0.0,0.0
2024-08-12 09:25:00+09:00,30600.0,30750.0,30300.0,30450.0,69057,0.0,0.0
2024-08-12 09:30:00+09:00,30450.0,30450.0,30100.0,30350.0,53611,0.0,0.0
2024-08-12 09:35:00+09:00,30350.0,30350.0,30050.0,30300.0,42541,0.0,0.0
2024-08-12 09:40:00+09:00,30250.0,30650.0,30250.0,30600.0,29525,0.0,0.0
2024-08-12 09:45:00+09:00,30600.0,30850.0,30600.0,30800.0,34483,0.0,0.0
2024-08-12 09:50:00+09:00,30800.0,30800.0,30550.0,30600.0,17290,0.0,0.0
2024-08-12 09:55:00+09:00,30600.0,30650.0,30350.0,30350.0,22460,0.0,0.0
2024-08-12 10:00:00+09:00,30400.0,30400.0,30200.0,30350.0,19412,0.0,0.0
2024-08-12 10:05:00+09:00,30350.0,30500.0,30300.0,30400.0,14547,0.0,0.0
2024-08-12 10:10:00+09:00,30350.0,30600.0,30350.0,30550.0,11811,0.0,0.0
2024-08-12 10:15:00+09:00,30550.0,30600.0,30350.0,30350.0,8858,0.0,0.0
2024-08-12 10:20:00+09:00,30350.0,30550.0,30300.0,30500.0,11498,0.0,0.0
2024-08-12 10:25:00+09:00,30500.0,30700.0,30400.0,30650.0,6840,0.0,0.0
2024-08-12 10:30:00+09:00,30700.0,31050.0,30650.0,31000.0,48420,0.0,0.0
2024-08-12 10:35:00+09:00,31000.0,31000.0,30900.0,30900.0,14827,0.0,0.0
2024-08-12 10:40:00+09:00,30900.0,31150.0,30800.0,31050.0,21140,0.0,0.0
2024-08-12 10:45:00+09:00,31050.0,31150.0,31000.0,31100.0,15550,0.0,0.0
2024-08-12 10:50:00+09:00,31100.0,31100.0,31050.0,31050.0,6006,0.0,0.0
2024-08-12 10:55:00+09:00,31050.0,31350.0,31000.0,31300.0,38487,0.0,0.0
2024-08-12 11:00:00+09:00,31300.0,31450.0,31250.0,31350.0,42936,0.0,0.0
2024-08-12 11:05:00+09:00,31350.0,31350.0,31050.0,31100.0,16805,0.0,0.0
2024-08-12 11:10:00+09:00,31150.0,31250.0,30950.0,31100.0,16057,0.0,0.0
2024-08-12 11:15:00+09:00,31150.0,31150.0,31050.0,31050.0,4223,0.0,0.0
2024-08-12 11:20:00+09:00,31100.0,31150.0,31000.0,31000.0,5346,0.0,0.0
2024-08-12 11:25:00+09:00,31000.0,31050.0,30900.0,30950.0,8531,0.0,0.0
2024-08-12 11:30:00+09:00,30950.0,31050.0,30900.0,31000.0,4237,0.0,0.0
2024-08-12 11:35:00+09:00,31000.0,31050.0,30950.0,30950.0,2568,0.0,0.0
2024-08-12 11:40:00+09:00,30950.0,31000.0,30850.0,30900.0,2945,0.0,0.0
2024-08-12 11:45:00+09:00,30850.0,30950.0,30850.0,30900.0,1962,0.0,0.0
2024-08-12 11:50:00+09:00,30900.0,31000.0,30850.0,30950.0,5999,0.0,0.0
2024-08-12 11:55:00+09:00,30950.0,30950.0,30850.0,30900.0,3221,0.0,0.0
2024-08-12 12:00:00+09:00,30900.0,30900.0,30750.0,30800.0,8269,0.0,0.0
2024-08-12 12:05:00+09:00,30750.0,30850.0,30750.0,30850.0,2686,0.0,0.0
2024-08-12 12:10:00+09:00,30850.0,30950.0,30800.0,30850.0,3820,0.0,0.0
2024-08-12 12:15:00+09:00,30850.0,30900.0,30750.0,30750.0,2798,0.0,0.0
2024-08-12 12:20:00+09:00,30750.0,30800.0,30750.0,30800.0,2186,0.0,0.0
2024-08-12 12:25:00+09:00,30750.0,30800.0,30700.0,30700.0,6302,0.0,0.0
2024-08-12 12:30:00+09:00,30750.0,30800.0,30700.0,30750.0,2529,0.0,0.0
2024-08-12 12:35:00+09:00,30750.0,30750.0,30700.0,30700.0,2946,0.0,0.0
2024-08-12 12:40:00+09:00,30700.0,30800.0,30700.0,30800.0,1755,0.0,0.0
2024-08-12 12:45:00+09:00,30750.0,30800.0,30700.0,30750.0,1500,0.0,0.0
2024-08-12 12:50:00+09:00,30800.0,30800.0,30700.0,30750.0,2287,0.0,0.0
2024-08-12 12:55:00+09:00,30750.0,30800.0,30700.0,30750.0,2261,0.0,0.0
2024-08-12 13:00:00+09:00,30750.0,30750.0,30300.0,30350.0,30639,0.0,0.0
2024-08-12 13:05:00+09:00,30400.0,30500.0,30300.0,30450.0,11565,0.0,0.0
2024-08-12 13:10:00+09:00,30400.0,30500.0,30400.0,30400.0,6031,0.0,0.0
2024-08-12 13:15:00+09:00,30450.0,30450.0,30350.0,30450.0,6097,0.0,0.0
2024-08-12 13:20:00+09:00,30450.0,30650.0,30400.0,30600.0,12283,0.0,0.0
2024-08-12 13:25:00+09:00,30650.0,30650.0,30550.0,30550.0,2234,0.0,0.0
2024-08-12 13:30:00+09:00,30550.0,30600.0,30450.0,30550.0,3703,0.0,0.0
2024-08-12 13:35:00+09:00,30500.0,30600.0,30500.0,30550.0,2354,0.0,0.0
2024-08-12 13:40:00+09:00,30550.0,30600.0,30500.0,30550.0,2983,0.0,0.0
2024-08-12 13:45:00+09:00,30550.0,30650.0,30550.0,30600.0,3983,0.0,0.0
2024-08-12 13:50:00+09:00,30600.0,30800.0,30600.0,30650.0,5334,0.0,0.0
2024-08-12 13:55:00+09:00,30650.0,30700.0,30600.0,30700.0,4604,0.0,0.0
2024-08-12 14:00:00+09:00,30750.0,30900.0,30650.0,30900.0,12617,0.0,0.0
2024-08-12 14:05:00+09:00,30900.0,31050.0,30850.0,30950.0,33818,0.0,0.0
2024-08-12 14:10:00+09:00,30950.0,31050.0,30700.0,30950.0,21595,0.0,0.0
2024-08-12 14:15:00+09:00,30950.0,31000.0,30900.0,30950.0,4907,0.0,0.0
2024-08-12 14:20:00+09:00,30900.0,31000.0,30800.0,30950.0,5688,0.0,0.0
2024-08-12 14:25:00+09:00,30950.0,31000.0,30850.0,30900.0,3904,0.0,0.0
2024-08-12 14:30:00+09:00,30950.0,31050.0,30850.0,31050.0,17179,0.0,0.0
2024-08-12 14:35:00+09:00,31050.0,31150.0,31000.0,31150.0,21567,0.0,0.0
2024-08-12 14:40:00+09:00,31150.0,31150.0,31000.0,31050.0,12728,0.0,0.0
2024-08-12 14:45:00+09:00,31100.0,31100.0,30900.0,30950.0,25227,0.0,0.0
2024-08-12 14:50:00+09:00,30900.0,31000.0,30900.0,31000.0,8508,0.0,0.0
2024-08-12 14:55:00+09:00,30950.0,31200.0,30950.0,31150.0,23036,0.0,0.0
2024-08-13 09:00:00+09:00,30600.0,30900.0,30550.0,30550.0,46480,0.0,0.0
2024-08-13 09:05:00+09:00,30600.0,30800.0,30400.0,30800.0,48434,0.0,0.0
2024-08-13 09:10:00+09:00,30800.0,31250.0,30700.0,31050.0,40959,0.0,0.0
2024-08-13 09:15:00+09:00,31050.0,31050.0,30550.0,30550.0,29769,0.0,0.0
2024-08-13 09:20:00+09:00,30550.0,30700.0,30450.0,30450.0,23783,0.0,0.0
2024-08-13 09:25:00+09:00,30500.0,30500.0,29900.0,30000.0,69267,0.0,0.0
2024-08-13 09:30:00+09:00,30000.0,30200.0,29950.0,30000.0,36394,0.0,0.0
2024-08-13 09:35:00+09:00,30050.0,30300.0,30000.0,30100.0,17119,0.0,0.0
2024-08-13 09:40:00+09:00,30050.0,30300.0,30000.0,30300.0,13160,0.0,0.0
2024-08-13 09:45:00+09:00,30250.0,30600.0,30250.0,30550.0,29175,0.0,0.0
2024-08-13 09:50:00+09:00,30550.0,30650.0,30400.0,30500.0,15814,0.0,0.0
2024-08-13 09:55:00+09:00,30500.0,30550.0,30250.0,30300.0,9880,0.0,0.0
2024-08-13 10:00:00+09:00,30350.0,30350.0,30100.0,30100.0,8383,0.0,0.0
2024-08-13 10:05:00+09:00,30150.0,30150.0,29650.0,29750.0,50015,0.0,0.0
2024-08-13 10:10:00+09:00,29750.0,29800.0,29650.0,29800.0,22151,0.0,0.0
2024-08-13 10:15:00+09:00,29750.0,29900.0,29750.0,29850.0,11823,0.0,0.0
2024-08-13 10:20:00+09:00,29850.0,29850.0,29550.0,29600.0,24527,0.0,0.0
2024-08-13 10:25:00+09:00,29550.0,29850.0,29550.0,29800.0,15161,0.0,0.0
2024-08-13 10:30:00+09:00,29750.0,29800.0,29700.0,29750.0,9926,0.0,0.0
2024-08-13 10:35:00+09:00,29700.0,30150.0,29700.0,30100.0,19668,0.0,0.0
2024-08-13 10:40:00+09:00,30100.0,30200.0,30000.0,30100.0,12572,0.0,0.0
2024-08-13 10:45:00+09:00,30100.0,30100.0,29950.0,29950.0,4031,0.0,0.0
2024-08-13 10:50:00+09:00,29950.0,30000.0,29800.0,29850.0,10616,0.0,0.0
2024-08-13 10:55:00+09:00,29900.0,29950.0,29850.0,29950.0,2525,0.0,0.0
2024-08-13 11:00:00+09:00,29900.0,29950.0,29650.0,29750.0,10604,0.0,0.0
2024-08-13 11:05:00+09:00,29750.0,29750.0,29600.0,29650.0,15272,0.0,0.0
2024-08-13 11:10:00+09:00,29650.0,29700.0,29300.0,29350.0,48822,0.0,0.0
2024-08-13 11:15:00+09:00,29350.0,29550.0,29350.0,29550.0,17146,0.0,0.0
2024-08-13 11:20:00+09:00,29550.0,29550.0,29300.0,29350.0,22512,0.0,0.0
2024-08-13 11:25:00+09:00,29300.0,29350.0,29200.0,29250.0,24777,0.0,0.0
2024-08-13 11:30:00+09:00,29250.0,29500.0,29200.0,29450.0,10705,0.0,0.0
2024-08-13 11:35:00+09:00,29450.0,29600.0,29400.0,29600.0,5098,0.0,0.0
2024-08-13 11:40:00+09:00,29650.0,29650.0,29550.0,29600.0,8154,0.0,0.0
2024-08-13 11:45:00+09:00,29600.0,29700.0,29550.0,29550.0,9142,0.0,0.0
2024-08-13 11:50:00+09:00,29550.0,29600.0,29450.0,29450.0,8319,0.0,0.0
2024-08-13 11:55:00+09:00,29450.0,29500.0,29400.0,29400.0,8457,0.0,0.0
2024-08-13 12:00:00+09:00,29400.0,29450.0,29350.0,29450.0,4624,0.0,0.0
2024-08-13 12:05:00+09:00,29400.0,29450.0,29350.0,29350.0,4678,0.0,0.0
2024-08-13 12:10:00+09:00,29350.0,29500.0,29350.0,29500.0,7116,0.0,0.0
2024-08-13 12:15:00+09:00,29500.0,29600.0,29450.0,29550.0,2775,0.0,0.0
2024-08-13 12:20:00+09:00,29550.0,29550.0,29500.0,29550.0,4485,0.0,0.0
2024-08-13 12:25:00+09:00,29550.0,29600.0,29450.0,29500.0,6923,0.0,0.0
2024-08-13 12:30:00+09:00,29500.0,29500.0,29350.0,29400.0,6426,0.0,0.0
2024-08-13 12:35:00+09:00,29400.0,29450.0,29350.0,29400.0,4164,0.0,0.0
2024-08-13 12:40:00+09:00,29400.0,29550.0,29350.0,29550.0,5270,0.0,0.0
2024-08-13 12:45:00+09:00,29550.0,29550.0,29350.0,29400.0,9796,0.0,0.0
2024-08-13 12:50:00+09:00,29400.0,29400.0,29300.0,29400.0,8884,0.0,0.0
2024-08-13 12:55:00+09:00,29350.0,29400.0,29300.0,29350.0,4856,0.0,0.0
2024-08-13 13:00:00+09:00,29350.0,29400.0,29250.0,29250.0,15921,0.0,0.0
2024-08-13 13:05:00+09:00,29250.0,29400.0,29250.0,29350.0,9037,0.0,0.0
2024-08-13 13:10:00+09:00,29350.0,29400.0,29350.0,29350.0,2840,0.0,0.0
2024-08-13 13:15:00+09:00,29350.0,29450.0,29350.0,29450.0,7437,0.0,0.0
2024-08-13 13:20:00+09:00,29450.0,29500.0,29350.0,29400.0,2571,0.0,0.0
2024-08-13 13:25:00+09:00,29450.0,29550.0,29450.0,29550.0,8500,0.0,0.0
2024-08-13 13:30:00+09:00,29500.0,29600.0,29450.0,29450.0,7357,0.0,0.0
2024-08-13 13:35:00+09:00,29450.0,29500.0,29450.0,29500.0,3455,0.0,0.0
2024-08-13 13:40:00+09:00,29500.0,29550.0,29400.0,29550.0,5845,0.0,0.0
2024-08-13 13:45:00+09:00,29550.0,29700.0,29500.0,29650.0,10307,0.0,0.0
2024-08-13 13:50:00+09:00,29700.0,29700.0,29550.0,29550.0,6474,0.0,0.0
2024-08-13 13:55:00+09:00,29550.0,29650.0,29550.0,29600.0,5556,0.0,0.0
2024-08-13 14:00:00+09:00,29550.0,29650.0,29500.0,29600.0,4072,0.0,0.0
2024-08-13 14:05:00+09:00,29600.0,29700.0,29550.0,29700.0,5325,0.0,0.0
2024-08-13 14:10:00+09:00,29700.0,29800.0,29650.0,29700.0,11851,0.0,0.0
2024-08-13 14:15:00+09:00,29750.0,29850.0,29700.0,29750.0,6238,0.0,0.0
2024-08-13 14:20:00+09:00,29700.0,29800.0,29700.0,29800.0,8631,0.0,0.0
2024-08-13 14:25:00+09:00,29800.0,29850.0,29700.0,29800.0,6178,0.0,0.0
2024-08-13 14:30:00+09:00,29800.0,30100.0,29750.0,30050.0,24929,0.0,0.0
2024-08-13 14:35:00+09:00,30050.0,30200.0,30050.0,30150.0,16480,0.0,0.0
2024-08-13 14:40:00+09:00,30100.0,30150.0,29900.0,29900.0,7566,0.0,0.0
2024-08-13 14:45:00+09:00,29900.0,30100.0,29900.0,30050.0,4356,0.0,0.0
2024-08-13 14:50:00+09:00,30050.0,30100.0,29900.0,29900.0,15671,0.0,0.0
2024-08-13 14:55:00+09:00,29900.0,29950.0,29850.0,29900.0,11815,0.0,0.0
2024-08-14 09:00:00+09:00,30000.0,30250.0,29850.0,30150.0,52426,0.0,0.0
2024-08-14 09:05:00+09:00,30150.0,30200.0,29700.0,29800.0,35266,0.0,0.0
2024-08-14 09:10:00+09:00,29900.0,29950.0,29550.0,29650.0,25407,0.0,0.0
2024-08-14 09:15:00+09:00,29600.0,29700.0,29450.0,29550.0,26205,0.0,0.0
2024-08-14 09:20:00+09:00,29600.0,29950.0,29550.0,29900.0,13034,0.0,0.0
2024-08-14 09:25:00+09:00,29900.0,30300.0,29850.0,30050.0,37830,0.0,0.0
2024-08-14 09:30:00+09:00,30050.0,30350.0,30050.0,30350.0,17326,0.0,0.0
2024-08-14 09:35:00+09:00,30350.0,30450.0,30300.0,30300.0,34833,0.0,0.0
2024-08-14 09:40:00+09:00,30300.0,30550.0,30250.0,30500.0,32175,0.0,0.0
2024-08-14 09:45:00+09:00,30550.0,30750.0,30500.0,30750.0,46930,0.0,0.0
2024-08-14 09:50:00+09:00,30750.0,30750.0,30200.0,30200.0,22995,0.0,0.0
2024-08-14 09:55:00+09:00,30200.0,30350.0,30200.0,30250.0,8076,0.0,0.0
2024-08-14 10:00:00+09:00,30250.0,30300.0,30000.0,30150.0,19909,0.0,0.0
2024-08-14 10:05:00+09:00,30150.0,30250.0,30100.0,30150.0,4982,0.0,0.0
2024-08-14 10:10:00+09:00,30150.0,30200.0,30050.0,30100.0,6128,0.0,0.0
2024-08-14 10:15:00+09:00,30100.0,30100.0,30050.0,30100.0,1841,0.0,0.0
2024-08-14 10:20:00+09:00,30100.0,30200.0,30050.0,30150.0,4799,0.0,0.0
2024-08-14 10:25:00+09:00,30150.0,30250.0,30100.0,30100.0,7077,0.0,0.0
2024-08-14 10:30:00+09:00,30150.0,30200.0,30100.0,30100.0,4153,0.0,0.0
2024-08-14 10:35:00+09:00,30100.0,30150.0,30100.0,30100.0,621,0.0,0.0
2024-08-14 10:40:00+09:00,30100.0,30150.0,30050.0,30050.0,5725,0.0,0.0
2024-08-14 10:45:00+09:00,30050.0,30050.0,29850.0,30000.0,15461,0.0,0.0
2024-08-14 10:50:00+09:00,30000.0,30050.0,29900.0,30050.0,4780,0.0,0.0
2024-08-14 10:55:00+09:00,30050.0,30150.0,30050.0,30100.0,1488,0.0,0.0
2024-08-14 11:00:00+09:00,30150.0,30150.0,30000.0,30050.0,2353,0.0,0.0
2024-08-14 11:05:00+09:00,30050.0,30050.0,29950.0,30000.0,2978,0.0,0.0
2024-08-14 11:10:00+09:00,30050.0,30050.0,29900.0,29900.0,2826,0.0,0.0
2024-08-14 11:15:00+09:00,29950.0,29950.0,29750.0,29850.0,11303,0.0,0.0
2024-08-14 11:20:00+09:00,29900.0,29900.0,29700.0,29800.0,9094,0.0,0.0
2024-08-14 11:25:00+09:00,29800.0,29850.0,29750.0,29800.0,2966,0.0,0.0
2024-08-14 11:30:00+09:00,29850.0,29900.0,29750.0,29800.0,4852,0.0,0.0
2024-08-14 11:35:00+09:00,29800.0,29850.0,29800.0,29850.0,949,0.0,0.0
2024-08-14 11:40:00+09:00,29850.0,29900.0,29800.0,29850.0,2848,0.0,0.0
2024-08-14 11:45:00+09:00,29800.0,29850.0,29800.0,29800.0,2293,0.0,0.0
2024-08-14 11:50:00+09:00,29800.0,29850.0,29800.0,29850.0,1021,0.0,0.0
2024-08-14 11:55:00+09:00,29800.0,29850.0,29800.0,29800.0,2121,0.0,0.0
2024-08-14 12:00:00+09:00,29850.0,29900.0,29800.0,29900.0,1917,0.0,0.0
2024-08-14 12:05:00+09:00,29900.0,29950.0,29750.0,29800.0,7261,0.0,0.0
2024-08-14 12:10:00+09:00,29800.0,29850.0,29800.0,29850.0,66,0.0,0.0
2024-08-14 12:15:00+09:00,29850.0,29900.0,29800.0,29800.0,2912,0.0,0.0
2024-08-14 12:20:00+09:00,29800.0,29850.0,29750.0,29800.0,4500,0.0,0.0
2024-08-14 12:25:00+09:00,29800.0,29850.0,29700.0,29700.0,4278,0.0,0.0
2024-08-14 12:30:00+09:00,29750.0,29800.0,29700.0,29750.0,3204,0.0,0.0
2024-08-14 12:35:00+09:00,29750.0,29800.0,29750.0,29750.0,1249,0.0,0.0
2024-08-14 12:40:00+09:00,29750.0,29800.0,29750.0,29800.0,1271,0.0,0.0
2024-08-14 12:45:00+09:00,29750.0,29800.0,29700.0,29800.0,10826,0.0,0.0
2024-08-14 12:50:00+09:00,29800.0,29900.0,29800.0,29850.0,5204,0.0,0.0
2024-08-14 12:55:00+09:00,29900.0,30000.0,29850.0,30000.0,8620,0.0,0.0
2024-08-14 13:00:00+09:00,30000.0,30050.0,29900.0,30050.0,4136,0.0,0.0
2024-08-14 13:05:00+09:00,30000.0,30050.0,29950.0,30050.0,4226,0.0,0.0
2024-08-14 13:10:00+09:00,30000.0,30100.0,30000.0,30000.0,1511,0.0,0.0
2024-08-14 13:15:00+09:00,30050.0,30100.0,29950.0,30050.0,7540,0.0,0.0
2024-08-14 13:20:00+09:00,30100.0,30300.0,30100.0,30300.0,14878,0.0,0.0
2024-08-14 13:25:00+09:00,30300.0,30300.0,30200.0,30250.0,9839,0.0,0.0
2024-08-14 13:30:00+09:00,30200.0,30200.0,30050.0,30150.0,3430,0.0,0.0
2024-08-14 13:35:00+09:00,30150.0,30150.0,30000.0,30000.0,5033,0.0,0.0
2024-08-14 13:40:00+09:00,30050.0,30050.0,29950.0,30000.0,2114,0.0,0.0
2024-08-14 13:45:00+09:00,29950.0,29950.0,29850.0,29900.0,2993,0.0,0.0
2024-08-14 13:50:00+09:00,29900.0,29950.0,29900.0,29900.0,890,0.0,0.0
2024-08-14 13:55:00+09:00,29900.0,30000.0,29850.0,29950.0,4108,0.0,0.0
2024-08-14 14:00:00+09:00,29950.0,30050.0,29900.0,29950.0,3070,0.0,0.0
2024-08-14 14:05:00+09:00,29950.0,30000.0,29900.0,29950.0,1089,0.0,0.0
2024-08-14 14:10:00+09:00,29950.0,30100.0,29950.0,30050.0,2549,0.0,0.0
2024-08-14 14:15:00+09:00,30100.0,30100.0,29900.0,29900.0,5194,0.0,0.0
2024-08-14 14:20:00+09:00,29900.0,30000.0,29800.0,29800.0,6602,0.0,0.0
2024-08-14 14:25:00+09:00,29850.0,29900.0,29800.0,29900.0,842,0.0,0.0
2024-08-14 14:30:00+09:00,29850.0,30050.0,29850.0,30000.0,11806,0.0,0.0
2024-08-14 14:35:00+09:00,30000.0,30100.0,30000.0,30050.0,4035,0.0,0.0
2024-08-14 14:40:00+09:00,30050.0,30150.0,30000.0,30100.0,4990,0.0,0.0
2024-08-14 14:45:00+09:00,30100.0,30150.0,30000.0,30050.0,6570,0.0,0.0
2024-08-14 14:50:00+09:00,30000.0,30100.0,29950.0,30000.0,4660,0.0,0.0
2024-08-14 14:55:00+09:00,30000.0,30050.0,29950.0,29950.0,3846,0.0,0.0
2024-08-16 09:00:00+09:00,29900.0,30200.0,29800.0,29950.0,0,0.0,0.0
2024-08-16 09:05:00+09:00,29900.0,30300.0,29850.0,30100.0,22462,0.0,0.0
2024-08-16 09:10:00+09:00,30100.0,30650.0,30100.0,30400.0,56974,0.0,0.0
2024-08-16 09:15:00+09:00,30400.0,30500.0,30200.0,30450.0,25814,0.0,0.0
2024-08-16 09:20:00+09:00,30400.0,30550.0,30100.0,30100.0,18888,0.0,0.0
2024-08-16 09:25:00+09:00,30100.0,30400.0,30100.0,30350.0,8316,0.0,0.0
2024-08-16 09:30:00+09:00,30350.0,30350.0,30150.0,30250.0,14328,0.0,0.0
2024-08-16 09:35:00+09:00,30250.0,30350.0,30200.0,30250.0,7010,0.0,0.0
2024-08-16 09:40:00+09:00,30200.0,30600.0,30200.0,30550.0,18845,0.0,0.0
2024-08-16 09:45:00+09:00,30550.0,30750.0,30450.0,30650.0,46214,0.0,0.0
2024-08-16 09:50:00+09:00,30700.0,30700.0,30400.0,30550.0,21938,0.0,0.0
2024-08-16 09:55:00+09:00,30500.0,30700.0,30500.0,30650.0,12017,0.0,0.0
2024-08-16 10:00:00+09:00,30650.0,30650.0,30250.0,30350.0,17084,0.0,0.0
2024-08-16 10:05:00+09:00,30350.0,30450.0,30250.0,30450.0,7365,0.0,0.0
2024-08-16 10:10:00+09:00,30450.0,30500.0,30350.0,30500.0,7395,0.0,0.0
2024-08-16 10:15:00+09:00,30500.0,30850.0,30450.0,30800.0,49183,0.0,0.0
2024-08-16 10:20:00+09:00,30850.0,30850.0,30650.0,30700.0,19782,0.0,0.0
2024-08-16 10:25:00+09:00,30700.0,30850.0,30700.0,30750.0,13565,0.0,0.0
2024-08-16 10:30:00+09:00,30700.0,30750.0,30500.0,30550.0,7039,0.0,0.0
2024-08-16 10:35:00+09:00,30550.0,30600.0,30450.0,30450.0,6108,0.0,0.0
2024-08-16 10:40:00+09:00,30500.0,30500.0,30450.0,30450.0,2697,0.0,0.0
2024-08-16 10:45:00+09:00,30500.0,30600.0,30450.0,30600.0,4085,0.0,0.0
2024-08-16 10:50:00+09:00,30600.0,30650.0,30450.0,30500.0,7964,0.0,0.0
2024-08-16 10:55:00+09:00,30450.0,30500.0,30450.0,30500.0,1274,0.0,0.0
2024-08-16 11:00:00+09:00,30450.0,30550.0,30450.0,30550.0,8148,0.0,0.0
2024-08-16 11:05:00+09:00,30550.0,30550.0,30400.0,30450.0,4385,0.0,0.0
2024-08-16 11:10:00+09:00,30450.0,30500.0,30450.0,30500.0,1830,0.0,0.0
2024-08-16 11:15:00+09:00,30500.0,30500.0,30450.0,30500.0,1737,0.0,0.0
2024-08-16 11:20:00+09:00,30500.0,30600.0,30450.0,30600.0,7301,0.0,0.0
2024-08-16 11:25:00+09:00,30550.0,30600.0,30500.0,30500.0,5948,0.0,0.0
2024-08-16 11:30:00+09:00,30500.0,30650.0,30500.0,30600.0,7284,0.0,0.0
2024-08-16 11:35:00+09:00,30600.0,30750.0,30600.0,30750.0,10735,0.0,0.0
2024-08-16 11:40:00+09:00,30750.0,30750.0,30700.0,30700.0,2239,0.0,0.0
2024-08-16 11:45:00+09:00,30700.0,30700.0,30600.0,30600.0,5906,0.0,0.0
2024-08-16 11:50:00+09:00,30600.0,30650.0,30550.0,30600.0,1971,0.0,0.0
2024-08-16 11:55:00+09:00,30550.0,30600.0,30550.0,30550.0,2816,0.0,0.0
2024-08-16 12:00:00+09:00,30550.0,30600.0,30500.0,30500.0,4384,0.0,0.0
2024-08-16 12:05:00+09:00,30500.0,30550.0,30500.0,30500.0,718,0.0,0.0
2024-08-16 12:10:00+09:00,30500.0,30550.0,30350.0,30350.0,9065,0.0,0.0
2024-08-16 12:15:00+09:00,30350.0,30350.0,30250.0,30300.0,12247,0.0,0.0
2024-08-16 12:20:00+09:00,30350.0,30500.0,30300.0,30500.0,5331,0.0,0.0
2024-08-16 12:25:00+09:00,30500.0,30500.0,30400.0,30450.0,1458,0.0,0.0
2024-08-16 12:30:00+09:00,30500.0,30600.0,30450.0,30550.0,5988,0.0,0.0
2024-08-16 12:35:00+09:00,30600.0,30600.0,30550.0,30550.0,3179,0.0,0.0
2024-08-16 12:40:00+09:00,30550.0,30550.0,30450.0,30450.0,2944,0.0,0.0
2024-08-16 12:45:00+09:00,30450.0,30500.0,30400.0,30400.0,3539,0.0,0.0
2024-08-16 12:50:00+09:00,30400.0,30550.0,30400.0,30550.0,4483,0.0,0.0
2024-08-16 12:55:00+09:00,30550.0,30550.0,30450.0,30450.0,950,0.0,0.0
2024-08-16 13:00:00+09:00,30500.0,30500.0,30450.0,30450.0,2534,0.0,0.0
2024-08-16 13:05:00+09:00,30450.0,30650.0,30450.0,30600.0,22293,0.0,0.0
2024-08-16 13:10:00+09:00,30650.0,30700.0,30600.0,30650.0,6980,0.0,0.0
2024-08-16 13:15:00+09:00,30600.0,30800.0,30600.0,30750.0,19805,0.0,0.0
2024-08-16 13:20:00+09:00,30750.0,31100.0,30700.0,31000.0,73067,0.0,0.0
2024-08-16 13:25:00+09:00,31000.0,31200.0,30950.0,31000.0,40420,0.0,0.0
2024-08-16 13:30:00+09:00,31000.0,31150.0,31000.0,31050.0,14610,0.0,0.0
2024-08-16 13:35:00+09:00,31100.0,31100.0,31000.0,31050.0,13264,0.0,0.0
2024-08-16 13:40:00+09:00,31050.0,31100.0,31000.0,31050.0,10093,0.0,0.0
2024-08-16 13:45:00+09:00,31050.0,31050.0,30950.0,30950.0,6546,0.0,0.0
2024-08-16 13:50:00+09:00,30950.0,31000.0,30850.0,30900.0,10890,0.0,0.0
2024-08-16 13:55:00+09:00,30900.0,30950.0,30850.0,30900.0,3430,0.0,0.0
2024-08-16 14:00:00+09:00,30900.0,30950.0,30850.0,30950.0,5490,0.0,0.0
2024-08-16 14:05:00+09:00,30900.0,30950.0,30800.0,30850.0,6016,0.0,0.0
2024-08-16 14:10:00+09:00,30800.0,30850.0,30650.0,30750.0,12877,0.0,0.0
2024-08-16 14:15:00+09:00,30750.0,30800.0,30700.0,30700.0,3836,0.0,0.0
2024-08-16 14:20:00+09:00,30700.0,30850.0,30700.0,30800.0,3930,0.0,0.0
2024-08-16 14:25:00+09:00,30800.0,30850.0,30750.0,30800.0,4067,0.0,0.0
2024-08-16 14:30:00+09:00,30800.0,30850.0,30750.0,30750.0,5888,0.0,0.0
2024-08-16 14:35:00+09:00,30750.0,30950.0,30750.0,30900.0,9730,0.0,0.0
2024-08-16 14:40:00+09:00,30850.0,30900.0,30800.0,30850.0,3696,0.0,0.0
2024-08-16 14:45:00+09:00,30850.0,30900.0,30750.0,30750.0,5205,0.0,0.0
2024-08-16 14:50:00+09:00,30750.0,30950.0,30750.0,30950.0,10067,0.0,0.0
2024-08-16 14:55:00+09:00,30950.0,31000.0,30850.0,30850.0,13965,0.0,0.0
2024-08-19 09:00:00+09:00,31200.0,31300.0,30800.0,30850.0,0,0.0,0.0
2024-08-19 09:05:00+09:00,30850.0,31200.0,30850.0,31200.0,27012,0.0,0.0
2024-08-19 09:10:00+09:00,31150.0,31200.0,30850.0,30850.0,29627,0.0,0.0
2024-08-19 09:15:00+09:00,30900.0,31100.0,30850.0,31050.0,20138,0.0,0.0
2024-08-19 09:20:00+09:00,31000.0,31150.0,31000.0,31150.0,9879,0.0,0.0
2024-08-19 09:25:00+09:00,31150.0,31400.0,31050.0,31100.0,55344,0.0,0.0
2024-08-19 09:30:00+09:00,31050.0,31350.0,31000.0,31150.0,27500,0.0,0.0
2024-08-19 09:35:00+09:00,31150.0,31400.0,31150.0,31350.0,30914,0.0,0.0
2024-08-19 09:40:00+09:00,31350.0,31450.0,31250.0,31300.0,29659,0.0,0.0
2024-08-19 09:45:00+09:00,31300.0,31450.0,31250.0,31250.0,28273,0.0,0.0
2024-08-19 09:50:00+09:00,31250.0,31450.0,31200.0,31450.0,18095,0.0,0.0
2024-08-19 09:55:00+09:00,31400.0,31450.0,31250.0,31250.0,20312,0.0,0.0
2024-08-19 10:00:00+09:00,31300.0,31300.0,31050.0,31050.0,17481,0.0,0.0
2024-08-19 10:05:00+09:00,31050.0,31100.0,30950.0,30950.0,24265,0.0,0.0
2024-08-19 10:10:00+09:00,31000.0,31150.0,30950.0,31150.0,7710,0.0,0.0
2024-08-19 10:15:00+09:00,31150.0,31150.0,31000.0,31050.0,6874,0.0,0.0
2024-08-19 10:20:00+09:00,31050.0,31050.0,30850.0,30900.0,16539,0.0,0.0
2024-08-19 10:25:00+09:00,30900.0,30950.0,30800.0,30850.0,19957,0.0,0.0
2024-08-19 10:30:00+09:00,30850.0,30900.0,30800.0,30850.0,3319,0.0,0.0
2024-08-19 10:35:00+09:00,30800.0,30850.0,30600.0,30800.0,30205,0.0,0.0
2024-08-19 10:40:00+09:00,30800.0,31100.0,30700.0,31050.0,13203,0.0,0.0
2024-08-19 10:45:00+09:00,31050.0,31100.0,30900.0,31050.0,5109,0.0,0.0
2024-08-19 10:50:00+09:00,31000.0,31050.0,31000.0,31050.0,1739,0.0,0.0
2024-08-19 10:55:00+09:00,31000.0,31150.0,31000.0,31100.0,4868,0.0,0.0
2024-08-19 11:00:00+09:00,31100.0,31150.0,31000.0,31100.0,6964,0.0,0.0
2024-08-19 11:05:00+09:00,31050.0,31100.0,31000.0,31000.0,4273,0.0,0.0
2024-08-19 11:10:00+09:00,31000.0,31150.0,31000.0,31050.0,9006,0.0,0.0
2024-08-19 11:15:00+09:00,31050.0,31100.0,31000.0,31050.0,2528,0.0,0.0
2024-08-19 11:20:00+09:00,31050.0,31100.0,31000.0,31100.0,3677,0.0,0.0
2024-08-19 11:25:00+09:00,31100.0,31100.0,31000.0,31000.0,2034,0.0,0.0
2024-08-19 11:30:00+09:00,31000.0,31050.0,31000.0,31000.0,483,0.0,0.0
2024-08-19 11:35:00+09:00,31000.0,31050.0,30950.0,30950.0,2519,0.0,0.0
2024-08-19 11:40:00+09:00,31000.0,31000.0,30950.0,31000.0,2569,0.0,0.0
2024-08-19 11:45:00+09:00,31000.0,31050.0,30950.0,31050.0,2508,0.0,0.0
2024-08-19 11:50:00+09:00,31050.0,31100.0,31050.0,31100.0,1336,0.0,0.0
2024-08-19 11:55:00+09:00,31050.0,31100.0,31050.0,31050.0,2138,0.0,0.0
2024-08-19 12:00:00+09:00,31050.0,31100.0,31050.0,31100.0,1056,0.0,0.0
2024-08-19 12:05:00+09:00,31050.0,31100.0,31050.0,31050.0,2901,0.0,0.0
2024-08-19 12:10:00+09:00,31050.0,31200.0,31050.0,31150.0,9688,0.0,0.0
2024-08-19 12:15:00+09:00,31200.0,31250.0,31150.0,31200.0,5281,0.0,0.0
2024-08-19 12:20:00+09:00,31200.0,31200.0,31150.0,31200.0,1892,0.0,0.0
2024-08-19 12:25:00+09:00,31200.0,31250.0,31150.0,31200.0,3971,0.0,0.0
2024-08-19 12:30:00+09:00,31200.0,31250.0,31150.0,31250.0,2168,0.0,0.0
2024-08-19 12:35:00+09:00,31250.0,31250.0,31200.0,31250.0,8303,0.0,0.0
2024-08-19 12:40:00+09:00,31250.0,31250.0,31100.0,31150.0,8594,0.0,0.0
2024-08-19 12:45:00+09:00,31100.0,31150.0,31100.0,31150.0,1750,0.0,0.0
2024-08-19 12:50:00+09:00,31100.0,31200.0,31100.0,31150.0,2115,0.0,0.0
2024-08-19 12:55:00+09:00,31200.0,31200.0,31100.0,31100.0,2611,0.0,0.0
2024-08-19 13:00:00+09:00,31150.0,31150.0,31100.0,31100.0,1180,0.0,0.0
2024-08-19 13:05:00+09:00,31100.0,31150.0,31050.0,31050.0,5790,0.0,0.0
2024-08-19 13:10:00+09:00,31050.0,31100.0,31000.0,31000.0,3697,0.0,0.0
2024-08-19 13:15:00+09:00,31000.0,31050.0,31000.0,31000.0,2419,0.0,0.0
2024-08-19 13:20:00+09:00,31000.0,31000.0,30950.0,30950.0,2769,0.0,0.0
2024-08-19 13:25:00+09:00,30950.0,31050.0,30950.0,31000.0,4135,0.0,0.0
2024-08-19 13:30:00+09:00,31050.0,31050.0,30950.0,31000.0,2947,0.0,0.0
2024-08-19 13:35:00+09:00,31000.0,31000.0,30900.0,30900.0,4692,0.0,0.0
2024-08-19 13:40:00+09:00,30950.0,30950.0,30900.0,30950.0,2935,0.0,0.0
2024-08-19 13:45:00+09:00,30900.0,30950.0,30850.0,30850.0,4564,0.0,0.0
2024-08-19 13:50:00+09:00,30850.0,30900.0,30800.0,30900.0,4533,0.0,0.0
2024-08-19 13:55:00+09:00,30850.0,30950.0,30850.0,30900.0,2675,0.0,0.0
2024-08-19 14:00:00+09:00,30900.0,30950.0,30850.0,30950.0,2151,0.0,0.0
2024-08-19 14:05:00+09:00,30900.0,30950.0,30850.0,30900.0,5522,0.0,0.0
2024-08-19 14:10:00+09:00,30900.0,31050.0,30900.0,31050.0,10926,0.0,0.0
2024-08-19 14:15:00+09:00,31050.0,31350.0,31050.0,31350.0,22932,0.0,0.0
2024-08-19 14:20:00+09:00,31350.0,31500.0,31250.0,31400.0,48220,0.0,0.0
2024-08-19 14:25:00+09:00,31350.0,31450.0,31150.0,31200.0,13764,0.0,0.0
2024-08-19 14:30:00+09:00,31200.0,31200.0,30950.0,30950.0,12865,0.0,0.0
2024-08-19 14:35:00+09:00,30950.0,31050.0,30950.0,31050.0,7174,0.0,0.0
2024-08-19 14:40:00+09:00,31050.0,31250.0,31000.0,31100.0,11449,0.0,0.0
2024-08-19 14:45:00+09:00,31150.0,31150.0,31050.0,31150.0,6544,0.0,0.0
2024-08-19 14:50:00+09:00,31150.0,31450.0,31100.0,31400.0,22094,0.0,0.0
2024-08-19 14:55:00+09:00,31400.0,31600.0,31350.0,31500.0,71891,0.0,0.0
2024-08-20 09:00:00+09:00,31250.0,31300.0,30900.0,31300.0,38210,0.0,0.0
2024-08-20 09:05:00+09:00,31200.0,31600.0,31200.0,31350.0,53685,0.0,0.0
2024-08-20 09:10:00+09:00,31350.0,31550.0,31200.0,31300.0,29601,0.0,0.0
2024-08-20 09:15:00+09:00,31250.0,31500.0,31200.0,31250.0,23270,0.0,0.0
2024-08-20 09:20:00+09:00,31200.0,31600.0,31150.0,31550.0,33662,0.0,0.0
2024-08-20 09:25:00+09:00,31550.0,32150.0,31550.0,32000.0,173506,0.0,0.0
2024-08-20 09:30:00+09:00,32000.0,32200.0,31800.0,31900.0,98414,0.0,0.0
2024-08-20 09:35:00+09:00,31850.0,31900.0,31600.0,31700.0,42390,0.0,0.0
2024-08-20 09:40:00+09:00,31700.0,31800.0,31600.0,31750.0,29224,0.0,0.0
2024-08-20 09:45:00+09:00,31750.0,31750.0,31600.0,31700.0,25036,0.0,0.0
2024-08-20 09:50:00+09:00,31700.0,32050.0,31700.0,31950.0,35726,0.0,0.0
2024-08-20 09:55:00+09:00,32000.0,32250.0,32000.0,32250.0,60133,0.0,0.0
2024-08-20 10:00:00+09:00,32250.0,32450.0,31900.0,32000.0,102642,0.0,0.0
2024-08-20 10:05:00+09:00,31950.0,32150.0,31800.0,32100.0,37067,0.0,0.0
2024-08-20 10:10:00+09:00,32150.0,32250.0,31950.0,32250.0,29792,0.0,0.0
2024-08-20 10:15:00+09:00,32250.0,32400.0,32200.0,32200.0,57376,0.0,0.0
2024-08-20 10:20:00+09:00,32250.0,32350.0,32100.0,32300.0,24120,0.0,0.0
2024-08-20 10:25:00+09:00,32300.0,32300.0,32000.0,32050.0,17591,0.0,0.0
2024-08-20 10:30:00+09:00,32050.0,32100.0,31800.0,31900.0,29543,0.0,0.0
2024-08-20 10:35:00+09:00,31900.0,31950.0,31650.0,31700.0,24153,0.0,0.0
2024-08-20 10:40:00+09:00,31700.0,31750.0,31500.0,31650.0,33642,0.0,0.0
2024-08-20 10:45:00+09:00,31600.0,31650.0,31250.0,31400.0,56285,0.0,0.0
2024-08-20 10:50:00+09:00,31450.0,31600.0,31400.0,31550.0,13711,0.0,0.0
2024-08-20 10:55:00+09:00,31600.0,31650.0,31500.0,31600.0,10238,0.0,0.0
2024-08-20 11:00:00+09:00,31550.0,31600.0,31450.0,31500.0,9943,0.0,0.0
2024-08-20 11:05:00+09:00,31550.0,31600.0,31450.0,31600.0,3873,0.0,0.0
2024-08-20 11:10:00+09:00,31600.0,31600.0,31550.0,31600.0,6409,0.0,0.0
2024-08-20 11:15:00+09:00,31600.0,31750.0,31550.0,31750.0,12248,0.0,0.0
2024-08-20 11:20:00+09:00,31750.0,31750.0,31550.0,31550.0,8429,0.0,0.0
2024-08-20 11:25:00+09:00,31600.0,31650.0,31550.0,31650.0,3023,0.0,0.0
2024-08-20 11:30:00+09:00,31650.0,31750.0,31600.0,31700.0,3620,0.0,0.0
2024-08-20 11:35:00+09:00,31700.0,31700.0,31650.0,31650.0,2550,0.0,0.0
2024-08-20 11:40:00+09:00,31700.0,31750.0,31650.0,31750.0,2441,0.0,0.0
2024-08-20 11:45:00+09:00,31750.0,31750.0,31700.0,31750.0,3658,0.0,0.0
2024-08-20 11:50:00+09:00,31750.0,31800.0,31700.0,31800.0,1523,0.0,0.0
2024-08-20 11:55:00+09:00,31800.0,31800.0,31550.0,31650.0,17660,0.0,0.0
2024-08-20 12:00:00+09:00,31650.0,31700.0,31550.0,31600.0,5800,0.0,0.0
2024-08-20 12:05:00+09:00,31650.0,31650.0,31600.0,31650.0,4852,0.0,0.0
2024-08-20 12:10:00+09:00,31650.0,31750.0,31600.0,31700.0,2850,0.0,0.0
2024-08-20 12:15:00+09:00,31750.0,31750.0,31650.0,31650.0,1598,0.0,0.0
2024-08-20 12:20:00+09:00,31700.0,31750.0,31600.0,31600.0,6174,0.0,0.0
2024-08-20 12:25:00+09:00,31600.0,31650.0,31500.0,31550.0,15482,0.0,0.0
2024-08-20 12:30:00+09:00,31550.0,31600.0,31550.0,31600.0,2023,0.0,0.0
2024-08-20 12:35:00+09:00,31550.0,31700.0,31550.0,31700.0,4152,0.0,0.0
2024-08-20 12:40:00+09:00,31700.0,31700.0,31600.0,31650.0,6716,0.0,0.0
2024-08-20 12:45:00+09:00,31600.0,31700.0,31550.0,31550.0,4458,0.0,0.0
2024-08-20 12:50:00+09:00,31550.0,31650.0,31500.0,31600.0,3344,0.0,0.0
2024-08-20 12:55:00+09:00,31650.0,31650.0,31500.0,31500.0,6465,0.0,0.0
2024-08-20 13:00:00+09:00,31550.0,31550.0,31300.0,31450.0,22326,0.0,0.0
2024-08-20 13:05:00+09:00,31400.0,31500.0,31200.0,31250.0,25893,0.0,0.0
2024-08-20 13:10:00+09:00,31250.0,31400.0,31200.0,31300.0,8081,0.0,0.0
2024-08-20 13:15:00+09:00,31250.0,31300.0,31150.0,31250.0,24576,0.0,0.0
2024-08-20 13:20:00+09:00,31200.0,31300.0,31150.0,31300.0,9378,0.0,0.0
2024-08-20 13:25:00+09:00,31250.0,31300.0,31000.0,31050.0,27142,0.0,0.0
2024-08-20 13:30:00+09:00,31050.0,31150.0,30950.0,31000.0,27346,0.0,0.0
2024-08-20 13:35:00+09:00,31050.0,31250.0,31050.0,31150.0,8458,0.0,0.0
2024-08-20 13:40:00+09:00,31150.0,31350.0,31150.0,31350.0,14061,0.0,0.0
2024-08-20 13:45:00+09:00,31350.0,31450.0,31300.0,31450.0,11596,0.0,0.0
2024-08-20 13:50:00+09:00,31450.0,31700.0,31400.0,31650.0,27624,0.0,0.0
2024-08-20 13:55:00+09:00,31650.0,31800.0,31650.0,31750.0,24492,0.0,0.0
2024-08-20 14:00:00+09:00,31750.0,31750.0,31600.0,31750.0,9865,0.0,0.0
2024-08-20 14:05:00+09:00,31750.0,31750.0,31600.0,31650.0,7986,0.0,0.0
2024-08-20 14:10:00+09:00,31700.0,31750.0,31550.0,31550.0,8260,0.0,0.0
2024-08-20 14:15:00+09:00,31550.0,31700.0,31500.0,31550.0,8563,0.0,0.0
2024-08-20 14:20:00+09:00,31600.0,31650.0,31550.0,31650.0,5810,0.0,0.0
2024-08-20 14:25:00+09:00,31650.0,31650.0,31550.0,31600.0,3973,0.0,0.0
2024-08-20 14:30:00+09:00,31600.0,31650.0,31550.0,31600.0,5050,0.0,0.0
2024-08-20 14:35:00+09:00,31600.0,31600.0,31500.0,31550.0,7390,0.0,0.0
2024-08-20 14:40:00+09:00,31550.0,31550.0,31450.0,31500.0,5686,0.0,0.0
2024-08-20 14:45:00+09:00,31450.0,31550.0,31450.0,31500.0,3284,0.0,0.0
2024-08-20 14:50:00+09:00,31500.0,31550.0,31500.0,31500.0,4777,0.0,0.0
2024-08-20 14:55:00+09:00,31500.0,31550.0,31350.0,31450.0,16575,0.0,0.0
2024-08-21 09:00:00+09:00,31700.0,32400.0,31550.0,31750.0,156109,0.0,0.0
2024-08-21 09:05:00+09:00,31750.0,31750.0,31400.0,31550.0,41245,0.0,0.0
2024-08-21 09:10:00+09:00,31500.0,31550.0,31050.0,31250.0,48744,0.0,0.0
2024-08-21 09:15:00+09:00,31250.0,31300.0,30900.0,31100.0,51620,0.0,0.0
2024-08-21 09:20:00+09:00,31100.0,31100.0,30900.0,31050.0,18335,0.0,0.0
2024-08-21 09:25:00+09:00,31050.0,31350.0,31050.0,31350.0,12362,0.0,0.0
2024-08-21 09:30:00+09:00,31350.0,31400.0,31050.0,31100.0,16201,0.0,0.0
2024-08-21 09:35:00+09:00,31150.0,31300.0,30950.0,31000.0,18349,0.0,0.0
2024-08-21 09:40:00+09:00,31000.0,31000.0,30700.0,30800.0,42857,0.0,0.0
2024-08-21 09:45:00+09:00,30850.0,31050.0,30750.0,30950.0,10329,0.0,0.0
2024-08-21 09:50:00+09:00,30950.0,31150.0,30900.0,31100.0,6752,0.0,0.0
2024-08-21 09:55:00+09:00,31100.0,31200.0,30900.0,31050.0,10565,0.0,0.0
2024-08-21 10:00:00+09:00,31050.0,31100.0,30800.0,30800.0,12310,0.0,0.0
2024-08-21 10:05:00+09:00,30850.0,30850.0,30350.0,30400.0,49401,0.0,0.0
2024-08-21 10:10:00+09:00,30400.0,30650.0,30400.0,30600.0,36260,0.0,0.0
2024-08-21 10:15:00+09:00,30600.0,30700.0,30250.0,30350.0,30718,0.0,0.0
2024-08-21 10:20:00+09:00,30350.0,30700.0,30350.0,30500.0,21148,0.0,0.0
2024-08-21 10:25:00+09:00,30550.0,30600.0,30400.0,30550.0,9651,0.0,0.0
2024-08-21 10:30:00+09:00,30600.0,30650.0,30550.0,30550.0,10068,0.0,0.0
2024-08-21 10:35:00+09:00,30550.0,30650.0,30500.0,30600.0,11453,0.0,0.0
2024-08-21 10:40:00+09:00,30650.0,30650.0,30500.0,30500.0,6421,0.0,0.0
2024-08-21 10:45:00+09:00,30500.0,30500.0,30300.0,30350.0,18551,0.0,0.0
2024-08-21 10:50:00+09:00,30350.0,30450.0,30300.0,30350.0,9628,0.0,0.0
2024-08-21 10:55:00+09:00,30350.0,30500.0,30300.0,30500.0,5553,0.0,0.0
2024-08-21 11:00:00+09:00,30500.0,30550.0,30350.0,30400.0,3433,0.0,0.0
2024-08-21 11:05:00+09:00,30350.0,30400.0,30300.0,30350.0,4219,0.0,0.0
2024-08-21 11:10:00+09:00,30350.0,30400.0,30250.0,30300.0,11788,0.0,0.0
2024-08-21 11:15:00+09:00,30250.0,30400.0,30250.0,30350.0,6616,0.0,0.0
2024-08-21 11:20:00+09:00,30350.0,30550.0,30350.0,30500.0,4837,0.0,0.0
2024-08-21 11:25:00+09:00,30500.0,30550.0,30400.0,30400.0,6935,0.0,0.0
2024-08-21 11:30:00+09:00,30400.0,30450.0,30350.0,30400.0,3783,0.0,0.0
2024-08-21 11:35:00+09:00,30400.0,30500.0,30400.0,30400.0,3668,0.0,0.0
2024-08-21 11:40:00+09:00,30400.0,30600.0,30350.0,30600.0,5040,0.0,0.0
2024-08-21 11:45:00+09:00,30550.0,30650.0,30450.0,30600.0,5592,0.0,0.0
2024-08-21 11:50:00+09:00,30550.0,30550.0,30400.0,30400.0,3055,0.0,0.0
2024-08-21 11:55:00+09:00,30400.0,30450.0,30350.0,30450.0,1890,0.0,0.0
2024-08-21 12:00:00+09:00,30400.0,30450.0,30300.0,30350.0,4415,0.0,0.0
2024-08-21 12:05:00+09:00,30300.0,30400.0,30300.0,30300.0,5471,0.0,0.0
2024-08-21 12:10:00+09:00,30300.0,30400.0,30300.0,30350.0,4870,0.0,0.0
2024-08-21 12:15:00+09:00,30350.0,30350.0,30200.0,30250.0,22785,0.0,0.0
2024-08-21 12:20:00+09:00,30250.0,30250.0,29900.0,29950.0,64142,0.0,0.0
2024-08-21 12:25:00+09:00,29950.0,30050.0,29900.0,30050.0,14175,0.0,0.0
2024-08-21 12:30:00+09:00,30050.0,31300.0,29950.0,31300.0,6248,0.0,0.0
2024-08-21 12:35:00+09:00,30150.0,30200.0,30150.0,30200.0,7101,0.0,0.0
2024-08-21 12:40:00+09:00,30200.0,30200.0,30050.0,30150.0,8296,0.0,0.0
2024-08-21 12:45:00+09:00,30150.0,30200.0,30050.0,30100.0,7438,0.0,0.0
2024-08-21 12:50:00+09:00,30100.0,30250.0,30050.0,30200.0,20473,0.0,0.0
2024-08-21 12:55:00+09:00,30250.0,30300.0,30150.0,30200.0,4890,0.0,0.0
2024-08-21 13:00:00+09:00,30250.0,30300.0,30100.0,30100.0,10222,0.0,0.0
2024-08-21 13:05:00+09:00,30100.0,30150.0,30100.0,30100.0,2896,0.0,0.0
2024-08-21 13:10:00+09:00,30150.0,30150.0,30100.0,30100.0,7300,0.0,0.0
2024-08-21 13:15:00+09:00,30100.0,30150.0,30100.0,30100.0,3414,0.0,0.0
2024-08-21 13:20:00+09:00,30100.0,30200.0,30100.0,30100.0,5408,0.0,0.0
2024-08-21 13:25:00+09:00,30150.0,30150.0,30000.0,30100.0,12181,0.0,0.0
2024-08-21 13:30:00+09:00,30100.0,30150.0,30000.0,30050.0,8222,0.0,0.0
2024-08-21 13:35:00+09:00,30050.0,30050.0,29950.0,30000.0,8465,0.0,0.0
2024-08-21 13:40:00+09:00,30000.0,30050.0,29950.0,30000.0,15957,0.0,0.0
2024-08-21 13:45:00+09:00,30000.0,30100.0,30000.0,30050.0,2944,0.0,0.0
2024-08-21 13:50:00+09:00,30100.0,30250.0,29950.0,30250.0,17739,0.0,0.0
2024-08-21 13:55:00+09:00,30200.0,30300.0,30150.0,30300.0,9788,0.0,0.0
2024-08-21 14:00:00+09:00,30350.0,30450.0,30250.0,30400.0,11519,0.0,0.0
2024-08-21 14:05:00+09:00,30400.0,30550.0,30400.0,30450.0,20490,0.0,0.0
2024-08-21 14:10:00+09:00,30450.0,30550.0,30400.0,30550.0,4999,0.0,0.0
2024-08-21 14:15:00+09:00,30500.0,30650.0,30450.0,30600.0,7262,0.0,0.0
2024-08-21 14:20:00+09:00,30650.0,30650.0,30550.0,30650.0,4929,0.0,0.0
2024-08-21 14:25:00+09:00,30650.0,30650.0,30600.0,30600.0,4278,0.0,0.0
2024-08-21 14:30:00+09:00,30650.0,30750.0,30550.0,30750.0,7061,0.0,0.0
2024-08-21 14:35:00+09:00,30750.0,30750.0,30550.0,30650.0,19605,0.0,0.0
2024-08-21 14:40:00+09:00,30650.0,30700.0,30500.0,30650.0,5825,0.0,0.0
2024-08-21 14:45:00+09:00,30650.0,30650.0,30450.0,30450.0,7275,0.0,0.0
2024-08-21 14:50:00+09:00,30500.0,30550.0,30450.0,30550.0,5220,0.0,0.0
2024-08-21 14:55:00+09:00,30500.0,30550.0,30450.0,30550.0,4324,0.0,0.0
2024-08-22 09:00:00+09:00,30350.0,30650.0,30150.0,30350.0,29838,0.0,0.0
2024-08-22 09:05:00+09:00,30450.0,30600.0,30300.0,30500.0,12156,0.0,0.0
2024-08-22 09:10:00+09:00,30500.0,30750.0,30500.0,30650.0,27024,0.0,0.0
2024-08-22 09:15:00+09:00,30650.0,30650.0,30300.0,30350.0,12055,0.0,0.0
2024-08-22 09:20:00+09:00,30400.0,30450.0,30000.0,30050.0,32499,0.0,0.0
2024-08-22 09:25:00+09:00,30050.0,30050.0,29850.0,30000.0,24934,0.0,0.0
2024-08-22 09:30:00+09:00,30000.0,30200.0,29700.0,29900.0,41832,0.0,0.0
2024-08-22 09:35:00+09:00,29900.0,30050.0,29650.0,29750.0,33093,0.0,0.0
2024-08-22 09:40:00+09:00,29700.0,29750.0,29350.0,29450.0,68569,0.0,0.0
2024-08-22 09:45:00+09:00,29450.0,29700.0,29400.0,29550.0,18396,0.0,0.0
2024-08-22 09:50:00+09:00,29600.0,29700.0,29550.0,29600.0,9967,0.0,0.0
2024-08-22 09:55:00+09:00,29600.0,29800.0,29550.0,29750.0,13098,0.0,0.0
2024-08-22 10:00:00+09:00,29700.0,29850.0,29650.0,29650.0,13367,0.0,0.0
2024-08-22 10:05:00+09:00,29650.0,29800.0,29600.0,29700.0,6377,0.0,0.0
2024-08-22 10:10:00+09:00,29700.0,29800.0,29650.0,29750.0,4923,0.0,0.0
2024-08-22 10:15:00+09:00,29700.0,29750.0,29650.0,29650.0,3620,0.0,0.0
2024-08-22 10:20:00+09:00,29650.0,29850.0,29550.0,29800.0,24215,0.0,0.0
2024-08-22 10:25:00+09:00,29800.0,29900.0,29600.0,29600.0,7721,0.0,0.0
2024-08-22 10:30:00+09:00,29600.0,29850.0,29600.0,29800.0,6470,0.0,0.0
2024-08-22 10:35:00+09:00,29800.0,30000.0,29750.0,29950.0,10060,0.0,0.0
2024-08-22 10:40:00+09:00,30000.0,30300.0,29950.0,30250.0,20333,0.0,0.0
2024-08-22 10:45:00+09:00,30300.0,30300.0,30150.0,30200.0,9483,0.0,0.0
2024-08-22 10:50:00+09:00,30200.0,30300.0,30150.0,30300.0,16103,0.0,0.0
2024-08-22 10:55:00+09:00,30300.0,30450.0,30250.0,30300.0,12516,0.0,0.0
2024-08-22 11:00:00+09:00,30350.0,30450.0,30300.0,30450.0,9514,0.0,0.0
2024-08-22 11:05:00+09:00,30500.0,30500.0,30250.0,30250.0,7773,0.0,0.0
2024-08-22 11:10:00+09:00,30250.0,30250.0,30050.0,30150.0,4000,0.0,0.0
2024-08-22 11:15:00+09:00,30100.0,30250.0,30000.0,30000.0,5230,0.0,0.0
2024-08-22 11:20:00+09:00,30000.0,30050.0,29900.0,30000.0,6309,0.0,0.0
2024-08-22 11:25:00+09:00,30050.0,30050.0,29900.0,29900.0,3639,0.0,0.0
2024-08-22 11:30:00+09:00,29900.0,30000.0,29850.0,30000.0,8479,0.0,0.0
2024-08-22 11:35:00+09:00,30000.0,30100.0,29950.0,30050.0,2249,0.0,0.0
2024-08-22 11:40:00+09:00,30050.0,30100.0,29950.0,30000.0,1713,0.0,0.0
2024-08-22 11:45:00+09:00,30000.0,30050.0,29950.0,29950.0,2021,0.0,0.0
2024-08-22 11:50:00+09:00,29950.0,30000.0,29900.0,29900.0,5589,0.0,0.0
2024-08-22 11:55:00+09:00,29900.0,29950.0,29800.0,29850.0,5727,0.0,0.0
2024-08-22 12:00:00+09:00,29850.0,29900.0,29800.0,29850.0,5363,0.0,0.0
2024-08-22 12:05:00+09:00,29850.0,29900.0,29800.0,29850.0,4953,0.0,0.0
2024-08-22 12:10:00+09:00,29850.0,29900.0,29800.0,29800.0,2702,0.0,0.0
2024-08-22 12:15:00+09:00,29800.0,29850.0,29700.0,29700.0,12407,0.0,0.0
2024-08-22 12:20:00+09:00,29750.0,29850.0,29700.0,29750.0,5836,0.0,0.0
2024-08-22 12:25:00+09:00,29750.0,29900.0,29700.0,29850.0,2852,0.0,0.0
2024-08-22 12:30:00+09:00,29800.0,29900.0,29800.0,29850.0,1668,0.0,0.0
2024-08-22 12:35:00+09:00,29800.0,29850.0,29750.0,29800.0,7232,0.0,0.0
2024-08-22 12:40:00+09:00,29750.0,29750.0,29600.0,29650.0,8035,0.0,0.0
2024-08-22 12:45:00+09:00,29650.0,29800.0,29650.0,29700.0,6244,0.0,0.0
2024-08-22 12:50:00+09:00,29700.0,29750.0,29650.0,29700.0,2363,0.0,0.0
2024-08-22 12:55:00+09:00,29700.0,29800.0,29650.0,29750.0,3754,0.0,0.0
2024-08-22 13:00:00+09:00,29850.0,30050.0,29700.0,29950.0,12673,0.0,0.0
2024-08-22 13:05:00+09:00,29900.0,30000.0,29800.0,29800.0,3066,0.0,0.0
2024-08-22 13:10:00+09:00,29800.0,29900.0,29800.0,29850.0,2027,0.0,0.0
2024-08-22 13:15:00+09:00,29850.0,29900.0,29800.0,29850.0,1955,0.0,0.0
2024-08-22 13:20:00+09:00,29850.0,29900.0,29800.0,29800.0,4284,0.0,0.0
2024-08-22 13:25:00+09:00,29800.0,29850.0,29750.0,29800.0,1900,0.0,0.0
2024-08-22 13:30:00+09:00,29800.0,29950.0,29750.0,29900.0,4100,0.0,0.0
2024-08-22 13:35:00+09:00,29900.0,29950.0,29850.0,29900.0,1999,0.0,0.0
2024-08-22 13:40:00+09:00,29900.0,30000.0,29900.0,29950.0,2258,0.0,0.0
2024-08-22 13:45:00+09:00,29950.0,30000.0,29900.0,29900.0,2187,0.0,0.0
2024-08-22 13:50:00+09:00,29950.0,29950.0,29800.0,29800.0,3792,0.0,0.0
2024-08-22 13:55:00+09:00,29800.0,29900.0,29800.0,29850.0,2158,0.0,0.0
2024-08-22 14:00:00+09:00,29850.0,29900.0,29800.0,29850.0,2158,0.0,0.0
2024-08-22 14:05:00+09:00,29900.0,29900.0,29800.0,29800.0,5919,0.0,0.0
2024-08-22 14:10:00+09:00,29800.0,29850.0,29800.0,29800.0,1606,0.0,0.0
2024-08-22 14:15:00+09:00,29800.0,29900.0,29800.0,29850.0,2171,0.0,0.0
2024-08-22 14:20:00+09:00,29850.0,29950.0,29850.0,29900.0,3063,0.0,0.0
2024-08-22 14:25:00+09:00,29900.0,29950.0,29900.0,29950.0,2729,0.0,0.0
2024-08-22 14:30:00+09:00,29900.0,29950.0,29850.0,29850.0,2468,0.0,0.0
2024-08-22 14:35:00+09:00,29850.0,29900.0,29750.0,29750.0,10640,0.0,0.0
2024-08-22 14:40:00+09:00,29800.0,29850.0,29750.0,29750.0,4240,0.0,0.0
2024-08-22 14:45:00+09:00,29750.0,29800.0,29750.0,29750.0,3526,0.0,0.0
2024-08-22 14:50:00+09:00,29800.0,29800.0,29700.0,29800.0,4776,0.0,0.0
2024-08-22 14:55:00+09:00,29700.0,29800.0,29700.0,29750.0,4007,0.0,0.0
2024-08-23 09:00:00+09:00,29400.0,29900.0,29350.0,29850.0,33794,0.0,0.0
2024-08-23 09:05:00+09:00,29900.0,30050.0,29750.0,29850.0,19674,0.0,0.0
2024-08-23 09:10:00+09:00,29850.0,29850.0,29500.0,29550.0,18091,0.0,0.0
2024-08-23 09:15:00+09:00,29550.0,29600.0,29450.0,29600.0,13978,0.0,0.0
2024-08-23 09:20:00+09:00,29600.0,29850.0,29550.0,29650.0,10798,0.0,0.0
2024-08-23 09:25:00+09:00,29650.0,30050.0,29650.0,30050.0,24582,0.0,0.0
2024-08-23 09:30:00+09:00,30050.0,30100.0,29950.0,30050.0,20168,0.0,0.0
2024-08-23 09:35:00+09:00,30100.0,30300.0,30000.0,30200.0,24040,0.0,0.0
2024-08-23 09:40:00+09:00,30200.0,30200.0,29950.0,30150.0,17149,0.0,0.0
2024-08-23 09:45:00+09:00,30100.0,30250.0,30100.0,30150.0,12353,0.0,0.0
2024-08-23 09:50:00+09:00,30150.0,30200.0,30000.0,30100.0,10465,0.0,0.0
2024-08-23 09:55:00+09:00,30050.0,30300.0,30050.0,30250.0,8681,0.0,0.0
2024-08-23 10:00:00+09:00,30250.0,30450.0,30250.0,30400.0,27877,0.0,0.0
2024-08-23 10:05:00+09:00,30450.0,30450.0,30250.0,30350.0,8353,0.0,0.0
2024-08-23 10:10:00+09:00,30350.0,30500.0,30350.0,30400.0,15865,0.0,0.0
2024-08-23 10:15:00+09:00,30350.0,30550.0,30350.0,30550.0,23897,0.0,0.0
2024-08-23 10:20:00+09:00,30550.0,30700.0,30500.0,30650.0,23901,0.0,0.0
2024-08-23 10:25:00+09:00,30650.0,30850.0,30550.0,30800.0,25058,0.0,0.0
2024-08-23 10:30:00+09:00,30800.0,30850.0,30650.0,30750.0,15370,0.0,0.0
2024-08-23 10:35:00+09:00,30750.0,31100.0,30700.0,31000.0,62015,0.0,0.0
2024-08-23 10:40:00+09:00,31000.0,31300.0,30950.0,31250.0,55718,0.0,0.0
2024-08-23 10:45:00+09:00,31250.0,31250.0,30850.0,30950.0,31648,0.0,0.0
2024-08-23 10:50:00+09:00,30900.0,30950.0,30650.0,30700.0,15968,0.0,0.0
2024-08-23 10:55:00+09:00,30700.0,30950.0,30700.0,30950.0,8389,0.0,0.0
2024-08-23 11:00:00+09:00,30950.0,30950.0,30800.0,30850.0,5430,0.0,0.0
2024-08-23 11:05:00+09:00,30850.0,30900.0,30700.0,30800.0,7543,0.0,0.0
2024-08-23 11:10:00+09:00,30800.0,30900.0,30750.0,30850.0,6494,0.0,0.0
2024-08-23 11:15:00+09:00,30800.0,30950.0,30800.0,30900.0,5763,0.0,0.0
2024-08-23 11:20:00+09:00,30850.0,31100.0,30850.0,30950.0,18528,0.0,0.0
2024-08-23 11:25:00+09:00,31000.0,31000.0,30900.0,30950.0,4957,0.0,0.0
2024-08-23 11:30:00+09:00,30950.0,31050.0,30950.0,30950.0,8033,0.0,0.0
2024-08-23 11:35:00+09:00,31000.0,31000.0,30850.0,30950.0,9188,0.0,0.0
2024-08-23 11:40:00+09:00,30900.0,30950.0,30800.0,30850.0,19782,0.0,0.0
2024-08-23 11:45:00+09:00,30850.0,30950.0,30800.0,30850.0,3415,0.0,0.0
2024-08-23 11:50:00+09:00,30900.0,31000.0,30850.0,31000.0,8590,0.0,0.0
2024-08-23 11:55:00+09:00,31000.0,31050.0,30950.0,30950.0,7978,0.0,0.0
2024-08-23 12:00:00+09:00,30950.0,31000.0,30900.0,30950.0,2091,0.0,0.0
2024-08-23 12:05:00+09:00,30950.0,31000.0,30850.0,31000.0,3327,0.0,0.0
2024-08-23 12:10:00+09:00,30950.0,31000.0,30800.0,30800.0,4936,0.0,0.0
2024-08-23 12:15:00+09:00,30850.0,30850.0,30700.0,30850.0,10589,0.0,0.0
2024-08-23 12:20:00+09:00,30850.0,30900.0,30800.0,30850.0,4422,0.0,0.0
2024-08-23 12:25:00+09:00,30850.0,30950.0,30800.0,30850.0,3116,0.0,0.0
2024-08-23 12:30:00+09:00,30900.0,31050.0,30850.0,31000.0,17438,0.0,0.0
2024-08-23 12:35:00+09:00,30950.0,31000.0,30900.0,31000.0,3689,0.0,0.0
2024-08-23 12:40:00+09:00,30950.0,31050.0,30900.0,30900.0,8869,0.0,0.0
2024-08-23 12:45:00+09:00,30950.0,31000.0,30900.0,31000.0,2412,0.0,0.0
2024-08-23 12:50:00+09:00,31000.0,31050.0,30950.0,31000.0,9281,0.0,0.0
2024-08-23 12:55:00+09:00,31000.0,31100.0,30950.0,31050.0,8275,0.0,0.0
2024-08-23 13:00:00+09:00,31000.0,31050.0,30950.0,31000.0,5049,0.0,0.0
2024-08-23 13:05:00+09:00,31050.0,31050.0,30950.0,31000.0,1908,0.0,0.0
2024-08-23 13:10:00+09:00,30950.0,31100.0,30950.0,31100.0,8471,0.0,0.0
2024-08-23 13:15:00+09:00,31050.0,31150.0,31050.0,31100.0,6141,0.0,0.0
2024-08-23 13:20:00+09:00,31100.0,31150.0,31000.0,31150.0,23627,0.0,0.0
2024-08-23 13:25:00+09:00,31100.0,31300.0,31000.0,31200.0,40817,0.0,0.0
2024-08-23 13:30:00+09:00,31250.0,31450.0,31200.0,31400.0,39085,0.0,0.0
2024-08-23 13:35:00+09:00,31400.0,31650.0,31350.0,31600.0,88849,0.0,0.0
2024-08-23 13:40:00+09:00,31600.0,32000.0,31600.0,31950.0,149555,0.0,0.0
2024-08-23 13:45:00+09:00,31950.0,32000.0,31700.0,31750.0,31658,0.0,0.0
2024-08-23 13:50:00+09:00,31800.0,31900.0,31550.0,31600.0,39890,0.0,0.0
2024-08-23 13:55:00+09:00,31600.0,31700.0,31450.0,31550.0,34964,0.0,0.0
2024-08-23 14:00:00+09:00,31600.0,31600.0,31350.0,31400.0,21086,0.0,0.0
2024-08-23 14:05:00+09:00,31400.0,31400.0,31200.0,31300.0,20264,0.0,0.0
2024-08-23 14:10:00+09:00,31250.0,31550.0,31250.0,31450.0,26344,0.0,0.0
2024-08-23 14:15:00+09:00,31400.0,31550.0,31400.0,31450.0,10353,0.0,0.0
2024-08-23 14:20:00+09:00,31450.0,31500.0,31400.0,31400.0,8244,0.0,0.0
2024-08-23 14:25:00+09:00,31450.0,31500.0,31400.0,31450.0,5154,0.0,0.0
2024-08-23 14:30:00+09:00,31400.0,31550.0,31400.0,31550.0,7676,0.0,0.0
2024-08-23 14:35:00+09:00,31550.0,31650.0,31500.0,31550.0,24423,0.0,0.0
2024-08-23 14:40:00+09:00,31550.0,31550.0,31400.0,31400.0,14032,0.0,0.0
2024-08-23 14:45:00+09:00,31400.0,31500.0,31350.0,31450.0,8522,0.0,0.0
2024-08-23 14:50:00+09:00,31450.0,31600.0,31450.0,31600.0,9368,0.0,0.0
2024-08-23 14:55:00+09:00,31600.0,31650.0,31550.0,31650.0,11037,0.0,0.0
2024-08-26 09:00:00+09:00,31800.0,32100.0,31500.0,32000.0,0,0.0,0.0
2024-08-26 09:05:00+09:00,31950.0,32450.0,31800.0,32400.0,126663,0.0,0.0
2024-08-26 09:10:00+09:00,32450.0,32900.0,32350.0,32450.0,222597,0.0,0.0
2024-08-26 09:15:00+09:00,32500.0,33000.0,32450.0,32950.0,166416,0.0,0.0
2024-08-26 09:20:00+09:00,32950.0,33000.0,32650.0,32950.0,140789,0.0,0.0
2024-08-26 09:25:00+09:00,32950.0,33000.0,32550.0,32650.0,74637,0.0,0.0
2024-08-26 09:30:00+09:00,32650.0,32650.0,32100.0,32350.0,98166,0.0,0.0
2024-08-26 09:35:00+09:00,32300.0,32650.0,32300.0,32500.0,45565,0.0,0.0
2024-08-26 09:40:00+09:00,32500.0,32850.0,32450.0,32650.0,31305,0.0,0.0
2024-08-26 09:45:00+09:00,32700.0,32750.0,32550.0,32550.0,14646,0.0,0.0
2024-08-26 09:50:00+09:00,32550.0,32750.0,32500.0,32750.0,21342,0.0,0.0
2024-08-26 09:55:00+09:00,32750.0,32950.0,32750.0,32850.0,27628,0.0,0.0
2024-08-26 10:00:00+09:00,32850.0,32850.0,32550.0,32550.0,33527,0.0,0.0
2024-08-26 10:05:00+09:00,32550.0,32700.0,32550.0,32600.0,11672,0.0,0.0
2024-08-26 10:10:00+09:00,32600.0,32750.0,32500.0,32750.0,11827,0.0,0.0
2024-08-26 10:15:00+09:00,32750.0,32800.0,32550.0,32650.0,17312,0.0,0.0
2024-08-26 10:20:00+09:00,32650.0,32700.0,32400.0,32450.0,19596,0.0,0.0
2024-08-26 10:25:00+09:00,32450.0,32650.0,32450.0,32650.0,10766,0.0,0.0
2024-08-26 10:30:00+09:00,32650.0,32750.0,32600.0,32750.0,5722,0.0,0.0
2024-08-26 10:35:00+09:00,32750.0,32750.0,32350.0,32400.0,31674,0.0,0.0
2024-08-26 10:40:00+09:00,32400.0,32600.0,32350.0,32600.0,12100,0.0,0.0
2024-08-26 10:45:00+09:00,32600.0,32800.0,32550.0,32750.0,20254,0.0,0.0
2024-08-26 10:50:00+09:00,32750.0,32800.0,32700.0,32800.0,10166,0.0,0.0
2024-08-26 10:55:00+09:00,32800.0,33000.0,32750.0,33000.0,74410,0.0,0.0
2024-08-26 11:00:00+09:00,33000.0,33100.0,32900.0,32900.0,76550,0.0,0.0
2024-08-26 11:05:00+09:00,32900.0,33100.0,32900.0,33050.0,39003,0.0,0.0
2024-08-26 11:10:00+09:00,33050.0,33100.0,32850.0,33000.0,40715,0.0,0.0
2024-08-26 11:15:00+09:00,33000.0,33000.0,32750.0,32800.0,13523,0.0,0.0
2024-08-26 11:20:00+09:00,32800.0,32850.0,32700.0,32750.0,12214,0.0,0.0
2024-08-26 11:25:00+09:00,32800.0,32900.0,32750.0,32800.0,8152,0.0,0.0
2024-08-26 11:30:00+09:00,32850.0,32850.0,32750.0,32800.0,12917,0.0,0.0
2024-08-26 11:35:00+09:00,32800.0,32800.0,32700.0,32750.0,8944,0.0,0.0
2024-08-26 11:40:00+09:00,32700.0,32800.0,32700.0,32800.0,3401,0.0,0.0
2024-08-26 11:45:00+09:00,32750.0,32900.0,32750.0,32800.0,7063,0.0,0.0
2024-08-26 11:50:00+09:00,32800.0,32900.0,32800.0,32850.0,4622,0.0,0.0
2024-08-26 11:55:00+09:00,32850.0,32900.0,32800.0,32850.0,4162,0.0,0.0
2024-08-26 12:00:00+09:00,32850.0,32850.0,32600.0,32650.0,22681,0.0,0.0
2024-08-26 12:05:00+09:00,32600.0,32650.0,32550.0,32600.0,11155,0.0,0.0
2024-08-26 12:10:00+09:00,32550.0,32700.0,32500.0,32500.0,6520,0.0,0.0
2024-08-26 12:15:00+09:00,32550.0,32600.0,32450.0,32550.0,9845,0.0,0.0
2024-08-26 12:20:00+09:00,32550.0,32600.0,32400.0,32400.0,11125,0.0,0.0
2024-08-26 12:25:00+09:00,32450.0,32500.0,32400.0,32400.0,9774,0.0,0.0
2024-08-26 12:30:00+09:00,32400.0,32400.0,32350.0,32350.0,7881,0.0,0.0
2024-08-26 12:35:00+09:00,32300.0,32350.0,32200.0,32200.0,17742,0.0,0.0
2024-08-26 12:40:00+09:00,32200.0,32400.0,32200.0,32300.0,12222,0.0,0.0
2024-08-26 12:45:00+09:00,32300.0,32350.0,32250.0,32350.0,5205,0.0,0.0
2024-08-26 12:50:00+09:00,32300.0,32350.0,32300.0,32350.0,2876,0.0,0.0
2024-08-26 12:55:00+09:00,32350.0,32500.0,32300.0,32500.0,6291,0.0,0.0
2024-08-26 13:00:00+09:00,32500.0,32500.0,32350.0,32400.0,4163,0.0,0.0
2024-08-26 13:05:00+09:00,32400.0,32400.0,32300.0,32400.0,8551,0.0,0.0
2024-08-26 13:10:00+09:00,32400.0,32550.0,32300.0,32550.0,13268,0.0,0.0
2024-08-26 13:15:00+09:00,32550.0,32600.0,32500.0,32600.0,5443,0.0,0.0
2024-08-26 13:20:00+09:00,32600.0,32650.0,32500.0,32550.0,5268,0.0,0.0
2024-08-26 13:25:00+09:00,32600.0,32650.0,32550.0,32600.0,5094,0.0,0.0
2024-08-26 13:30:00+09:00,32600.0,32650.0,32550.0,32550.0,3896,0.0,0.0
2024-08-26 13:35:00+09:00,32550.0,32600.0,32500.0,32550.0,3118,0.0,0.0
2024-08-26 13:40:00+09:00,32550.0,32550.0,32450.0,32500.0,7173,0.0,0.0
2024-08-26 13:45:00+09:00,32450.0,32800.0,32450.0,32700.0,20725,0.0,0.0
2024-08-26 13:50:00+09:00,32750.0,32750.0,32600.0,32750.0,19084,0.0,0.0
2024-08-26 13:55:00+09:00,32700.0,32800.0,32700.0,32800.0,9342,0.0,0.0
2024-08-26 14:00:00+09:00,32800.0,32800.0,32650.0,32750.0,11085,0.0,0.0
2024-08-26 14:05:00+09:00,32700.0,32750.0,32500.0,32550.0,14478,0.0,0.0
2024-08-26 14:10:00+09:00,32550.0,32650.0,32500.0,32550.0,5796,0.0,0.0
2024-08-26 14:15:00+09:00,32600.0,32650.0,32550.0,32600.0,6496,0.0,0.0
2024-08-26 14:20:00+09:00,32600.0,32750.0,32600.0,32750.0,11628,0.0,0.0
2024-08-26 14:25:00+09:00,32750.0,32900.0,32700.0,32850.0,24941,0.0,0.0
2024-08-26 14:30:00+09:00,32900.0,32950.0,32850.0,32900.0,18969,0.0,0.0
2024-08-26 14:35:00+09:00,32900.0,32950.0,32850.0,32900.0,8976,0.0,0.0
2024-08-26 14:40:00+09:00,32850.0,32900.0,32800.0,32800.0,20950,0.0,0.0
2024-08-26 14:45:00+09:00,32800.0,32850.0,32750.0,32800.0,11784,0.0,0.0
2024-08-26 14:50:00+09:00,32800.0,32850.0,32750.0,32800.0,16076,0.0,0.0
2024-08-26 14:55:00+09:00,32850.0,32850.0,32750.0,32800.0,8694,0.0,0.0
2024-08-27 09:00:00+09:00,32900.0,32900.0,32450.0,32500.0,76831,0.0,0.0
2024-08-27 09:05:00+09:00,32500.0,33400.0,32450.0,33300.0,84637,0.0,0.0
2024-08-27 09:10:00+09:00,33350.0,33450.0,32900.0,32950.0,98315,0.0,0.0
2024-08-27 09:15:00+09:00,33000.0,33100.0,32650.0,32800.0,44268,0.0,0.0
2024-08-27 09:20:00+09:00,32800.0,32850.0,32500.0,32500.0,30314,0.0,0.0
2024-08-27 09:25:00+09:00,32500.0,32850.0,32450.0,32700.0,27701,0.0,0.0
2024-08-27 09:30:00+09:00,32700.0,32850.0,32450.0,32450.0,28887,0.0,0.0
2024-08-27 09:35:00+09:00,32450.0,32450.0,32000.0,32200.0,76164,0.0,0.0
2024-08-27 09:40:00+09:00,32200.0,32400.0,32150.0,32350.0,17496,0.0,0.0
2024-08-27 09:45:00+09:00,32300.0,32550.0,32300.0,32300.0,16019,0.0,0.0
2024-08-27 09:50:00+09:00,32350.0,32400.0,32250.0,32350.0,8309,0.0,0.0
2024-08-27 09:55:00+09:00,32350.0,32350.0,31900.0,31900.0,34357,0.0,0.0
2024-08-27 10:00:00+09:00,31900.0,32200.0,31850.0,32200.0,17199,0.0,0.0
2024-08-27 10:05:00+09:00,32200.0,32400.0,32150.0,32400.0,10955,0.0,0.0
2024-08-27 10:10:00+09:00,32350.0,32550.0,32350.0,32550.0,9156,0.0,0.0
2024-08-27 10:15:00+09:00,32550.0,32750.0,32500.0,32650.0,17884,0.0,0.0
2024-08-27 10:20:00+09:00,32600.0,32650.0,32350.0,32450.0,9092,0.0,0.0
2024-08-27 10:25:00+09:00,32500.0,32600.0,32450.0,32500.0,3336,0.0,0.0
2024-08-27 10:30:00+09:00,32550.0,32550.0,32350.0,32450.0,7706,0.0,0.0
2024-08-27 10:35:00+09:00,32450.0,32600.0,32400.0,32550.0,7113,0.0,0.0
2024-08-27 10:40:00+09:00,32550.0,32550.0,32400.0,32550.0,4994,0.0,0.0
2024-08-27 10:45:00+09:00,32550.0,32700.0,32450.0,32700.0,6274,0.0,0.0
2024-08-27 10:50:00+09:00,32650.0,32700.0,32550.0,32600.0,6177,0.0,0.0
2024-08-27 10:55:00+09:00,32600.0,32750.0,32600.0,32650.0,20448,0.0,0.0
2024-08-27 11:00:00+09:00,32700.0,32700.0,32500.0,32650.0,8743,0.0,0.0
2024-08-27 11:05:00+09:00,32650.0,32800.0,32550.0,32800.0,7493,0.0,0.0
2024-08-27 11:10:00+09:00,32800.0,32900.0,32750.0,32900.0,10751,0.0,0.0
2024-08-27 11:15:00+09:00,32900.0,32900.0,32800.0,32850.0,6145,0.0,0.0
2024-08-27 11:20:00+09:00,32800.0,32800.0,32700.0,32750.0,3658,0.0,0.0
2024-08-27 11:25:00+09:00,32750.0,32750.0,32650.0,32650.0,2480,0.0,0.0
2024-08-27 11:30:00+09:00,32650.0,32700.0,32650.0,32650.0,2002,0.0,0.0
2024-08-27 11:35:00+09:00,32650.0,32700.0,32500.0,32550.0,16987,0.0,0.0
2024-08-27 11:40:00+09:00,32550.0,32650.0,32500.0,32600.0,3336,0.0,0.0
2024-08-27 11:45:00+09:00,32650.0,32700.0,32550.0,32650.0,1876,0.0,0.0
2024-08-27 11:50:00+09:00,32650.0,32700.0,32600.0,32650.0,2245,0.0,0.0
2024-08-27 11:55:00+09:00,32600.0,32650.0,32550.0,32650.0,5219,0.0,0.0
2024-08-27 12:00:00+09:00,32650.0,32700.0,32650.0,32700.0,1413,0.0,0.0
2024-08-27 12:05:00+09:00,32700.0,32750.0,32550.0,32550.0,7327,0.0,0.0
2024-08-27 12:10:00+09:00,32550.0,32600.0,32450.0,32500.0,5750,0.0,0.0
2024-08-27 12:15:00+09:00,32550.0,32600.0,32500.0,32550.0,1725,0.0,0.0
2024-08-27 12:20:00+09:00,32550.0,32600.0,32550.0,32550.0,755,0.0,0.0
2024-08-27 12:25:00+09:00,32550.0,32600.0,32550.0,32550.0,930,0.0,0.0
2024-08-27 12:30:00+09:00,32550.0,32650.0,32550.0,32650.0,416,0.0,0.0
2024-08-27 12:35:00+09:00,32600.0,32650.0,32550.0,32650.0,2075,0.0,0.0
2024-08-27 12:40:00+09:00,32650.0,32650.0,32600.0,32650.0,1416,0.0,0.0
2024-08-27 12:45:00+09:00,32700.0,32750.0,32650.0,32700.0,1986,0.0,0.0
2024-08-27 12:50:00+09:00,32750.0,32800.0,32650.0,32800.0,8366,0.0,0.0
2024-08-27 12:55:00+09:00,32800.0,32800.0,32750.0,32750.0,2736,0.0,0.0
2024-08-27 13:00:00+09:00,32800.0,32950.0,32800.0,32900.0,13312,0.0,0.0
2024-08-27 13:05:00+09:00,32900.0,32900.0,32700.0,32750.0,6349,0.0,0.0
2024-08-27 13:10:00+09:00,32750.0,32800.0,32700.0,32750.0,2639,0.0,0.0
2024-08-27 13:15:00+09:00,32700.0,32750.0,32700.0,32750.0,1595,0.0,0.0
2024-08-27 13:20:00+09:00,32750.0,32750.0,32600.0,32650.0,8454,0.0,0.0
2024-08-27 13:25:00+09:00,32650.0,32800.0,32600.0,32750.0,9597,0.0,0.0
2024-08-27 13:30:00+09:00,32700.0,32800.0,32700.0,32700.0,2789,0.0,0.0
2024-08-27 13:35:00+09:00,32750.0,32750.0,32600.0,32600.0,6639,0.0,0.0
2024-08-27 13:40:00+09:00,32600.0,32650.0,32550.0,32550.0,4534,0.0,0.0
2024-08-27 13:45:00+09:00,32550.0,32850.0,32550.0,32800.0,13633,0.0,0.0
2024-08-27 13:50:00+09:00,32850.0,32850.0,32750.0,32800.0,10704,0.0,0.0
2024-08-27 13:55:00+09:00,32850.0,32850.0,32700.0,32800.0,5058,0.0,0.0
2024-08-27 14:00:00+09:00,32800.0,32900.0,32750.0,32850.0,6852,0.0,0.0
2024-08-27 14:05:00+09:00,32850.0,33000.0,32850.0,32900.0,16198,0.0,0.0
2024-08-27 14:10:00+09:00,32950.0,32950.0,32750.0,32800.0,12878,0.0,0.0
2024-08-27 14:15:00+09:00,32800.0,32900.0,32750.0,32850.0,5095,0.0,0.0
2024-08-27 14:20:00+09:00,32900.0,33000.0,32750.0,32750.0,33605,0.0,0.0
2024-08-27 14:25:00+09:00,32800.0,32850.0,32750.0,32800.0,5803,0.0,0.0
2024-08-27 14:30:00+09:00,32850.0,32850.0,32700.0,32750.0,5651,0.0,0.0
2024-08-27 14:35:00+09:00,32800.0,32800.0,32650.0,32700.0,7733,0.0,0.0
2024-08-27 14:40:00+09:00,32700.0,32750.0,32650.0,32700.0,7150,0.0,0.0
2024-08-27 14:45:00+09:00,32750.0,32800.0,32650.0,32750.0,2145,0.0,0.0
2024-08-27 14:50:00+09:00,32750.0,32800.0,32650.0,32800.0,6800,0.0,0.0
2024-08-27 14:55:00+09:00,32750.0,32850.0,32700.0,32750.0,8457,0.0,0.0
2024-08-28 09:00:00+09:00,32550.0,32750.0,32200.0,32700.0,34622,0.0,0.0
2024-08-28 09:05:00+09:00,32700.0,32800.0,32100.0,32400.0,39219,0.0,0.0
2024-08-28 09:10:00+09:00,32350.0,32650.0,32350.0,32500.0,17332,0.0,0.0
2024-08-28 09:15:00+09:00,32450.0,32450.0,32100.0,32300.0,22748,0.0,0.0
2024-08-28 09:20:00+09:00,32300.0,32300.0,32150.0,32150.0,11423,0.0,0.0
2024-08-28 09:25:00+09:00,32150.0,32450.0,32100.0,32150.0,14453,0.0,0.0
2024-08-28 09:30:00+09:00,32100.0,32300.0,32100.0,32250.0,7476,0.0,0.0
2024-08-28 09:35:00+09:00,32200.0,32400.0,32200.0,32350.0,8062,0.0,0.0
2024-08-28 09:40:00+09:00,32350.0,32400.0,32200.0,32200.0,10051,0.0,0.0
2024-08-28 09:45:00+09:00,32200.0,32250.0,32100.0,32150.0,13509,0.0,0.0
2024-08-28 09:50:00+09:00,32150.0,32350.0,32100.0,32300.0,8509,0.0,0.0
2024-08-28 09:55:00+09:00,32300.0,32500.0,32300.0,32500.0,9514,0.0,0.0
2024-08-28 10:00:00+09:00,32500.0,32500.0,32350.0,32400.0,6034,0.0,0.0
2024-08-28 10:05:00+09:00,32350.0,32450.0,32350.0,32450.0,4115,0.0,0.0
2024-08-28 10:10:00+09:00,32450.0,32500.0,32200.0,32350.0,9875,0.0,0.0
2024-08-28 10:15:00+09:00,32300.0,32500.0,32300.0,32500.0,4638,0.0,0.0
2024-08-28 10:20:00+09:00,32500.0,32550.0,32400.0,32500.0,5992,0.0,0.0
2024-08-28 10:25:00+09:00,32550.0,32750.0,32500.0,32700.0,16566,0.0,0.0
2024-08-28 10:30:00+09:00,32700.0,32750.0,32400.0,32450.0,16447,0.0,0.0
2024-08-28 10:35:00+09:00,32450.0,32800.0,32400.0,32700.0,17177,0.0,0.0
2024-08-28 10:40:00+09:00,32750.0,32950.0,32750.0,32850.0,43960,0.0,0.0
2024-08-28 10:45:00+09:00,32900.0,32950.0,32750.0,32900.0,24426,0.0,0.0
2024-08-28 10:50:00+09:00,32900.0,33000.0,32800.0,32950.0,40939,0.0,0.0
2024-08-28 10:55:00+09:00,32900.0,33000.0,32800.0,32950.0,21650,0.0,0.0
2024-08-28 11:00:00+09:00,33000.0,33000.0,32800.0,32850.0,14124,0.0,0.0
2024-08-28 11:05:00+09:00,32850.0,32900.0,32650.0,32850.0,20619,0.0,0.0
2024-08-28 11:10:00+09:00,32850.0,33000.0,32800.0,33000.0,25508,0.0,0.0
2024-08-28 11:15:00+09:00,33000.0,33150.0,32950.0,33050.0,49365,0.0,0.0
2024-08-28 11:20:00+09:00,33000.0,33100.0,32950.0,33050.0,12607,0.0,0.0
2024-08-28 11:25:00+09:00,33100.0,33150.0,32900.0,32900.0,19950,0.0,0.0
2024-08-28 11:30:00+09:00,33000.0,33000.0,32900.0,32950.0,7989,0.0,0.0
2024-08-28 11:35:00+09:00,33000.0,33000.0,32900.0,33000.0,12752,0.0,0.0
2024-08-28 11:40:00+09:00,33000.0,33100.0,32900.0,33050.0,7764,0.0,0.0
2024-08-28 11:45:00+09:00,33050.0,33100.0,32950.0,32950.0,10677,0.0,0.0
2024-08-28 11:50:00+09:00,33000.0,33200.0,32950.0,33150.0,34587,0.0,0.0
2024-08-28 11:55:00+09:00,33150.0,33150.0,32900.0,32950.0,15293,0.0,0.0
2024-08-28 12:00:00+09:00,32950.0,32950.0,32800.0,32800.0,20779,0.0,0.0
2024-08-28 12:05:00+09:00,32850.0,33050.0,32800.0,33000.0,4278,0.0,0.0
2024-08-28 12:10:00+09:00,33000.0,33050.0,32900.0,33050.0,4525,0.0,0.0
2024-08-28 12:15:00+09:00,33050.0,33050.0,32950.0,33000.0,3506,0.0,0.0
2024-08-28 12:20:00+09:00,33000.0,33050.0,32850.0,32900.0,5368,0.0,0.0
2024-08-28 12:25:00+09:00,32900.0,33000.0,32900.0,32900.0,4744,0.0,0.0
2024-08-28 12:30:00+09:00,32950.0,32950.0,32750.0,32750.0,13219,0.0,0.0
2024-08-28 12:35:00+09:00,32750.0,32900.0,32750.0,32800.0,6914,0.0,0.0
2024-08-28 12:40:00+09:00,32800.0,33000.0,32800.0,32900.0,8568,0.0,0.0
2024-08-28 12:45:00+09:00,32900.0,33050.0,32900.0,33050.0,22639,0.0,0.0
2024-08-28 12:50:00+09:00,33050.0,33150.0,33050.0,33100.0,9143,0.0,0.0
2024-08-28 12:55:00+09:00,33150.0,33250.0,33100.0,33200.0,23851,0.0,0.0
2024-08-28 13:00:00+09:00,33200.0,33300.0,33200.0,33250.0,20258,0.0,0.0
2024-08-28 13:05:00+09:00,33250.0,33250.0,33150.0,33200.0,11957,0.0,0.0
2024-08-28 13:10:00+09:00,33200.0,33250.0,33100.0,33150.0,16696,0.0,0.0
2024-08-28 13:15:00+09:00,33150.0,33200.0,33050.0,33150.0,11651,0.0,0.0
2024-08-28 13:20:00+09:00,33200.0,33250.0,33150.0,33200.0,8552,0.0,0.0
2024-08-28 13:25:00+09:00,33200.0,33250.0,32900.0,32900.0,36541,0.0,0.0
2024-08-28 13:30:00+09:00,32950.0,33000.0,32450.0,32700.0,55092,0.0,0.0
2024-08-28 13:35:00+09:00,32650.0,32700.0,32200.0,32300.0,40563,0.0,0.0
2024-08-28 13:40:00+09:00,32300.0,32400.0,32250.0,32400.0,18753,0.0,0.0
2024-08-28 13:45:00+09:00,32350.0,32700.0,32350.0,32700.0,22863,0.0,0.0
2024-08-28 13:50:00+09:00,32700.0,32750.0,32600.0,32700.0,10342,0.0,0.0
2024-08-28 13:55:00+09:00,32700.0,32800.0,32600.0,32700.0,16020,0.0,0.0
2024-08-28 14:00:00+09:00,32700.0,32700.0,32400.0,32400.0,15526,0.0,0.0
2024-08-28 14:05:00+09:00,32450.0,32500.0,32350.0,32350.0,12315,0.0,0.0
2024-08-28 14:10:00+09:00,32350.0,32550.0,32350.0,32550.0,11276,0.0,0.0
2024-08-28 14:15:00+09:00,32550.0,32650.0,32500.0,32550.0,15514,0.0,0.0
2024-08-28 14:20:00+09:00,32550.0,32600.0,32450.0,32450.0,14258,0.0,0.0
2024-08-28 14:25:00+09:00,32450.0,32600.0,32450.0,32600.0,7012,0.0,0.0
2024-08-28 14:30:00+09:00,32600.0,32800.0,32550.0,32800.0,12285,0.0,0.0
2024-08-28 14:35:00+09:00,32800.0,32800.0,32550.0,32650.0,13250,0.0,0.0
2024-08-28 14:40:00+09:00,32650.0,32700.0,32550.0,32600.0,7853,0.0,0.0
2024-08-28 14:45:00+09:00,32550.0,32600.0,32500.0,32550.0,10082,0.0,0.0
2024-08-28 14:50:00+09:00,32550.0,32600.0,32500.0,32500.0,9853,0.0,0.0
2024-08-28 14:55:00+09:00,32500.0,32550.0,32350.0,32350.0,13808,0.0,0.0
2024-08-29 09:00:00+09:00,34500.0,35400.0,33750.0,35350.0,769650,0.0,0.0
2024-08-29 09:05:00+09:00,35400.0,37300.0,35100.0,36750.0,1195303,0.0,0.0
2024-08-29 09:10:00+09:00,36750.0,36900.0,36050.0,36250.0,534281,0.0,0.0
2024-08-29 09:15:00+09:00,36250.0,37900.0,36200.0,37900.0,697870,0.0,0.0
2024-08-29 09:20:00+09:00,37750.0,38450.0,37650.0,38100.0,864701,0.0,0.0
2024-08-29 09:25:00+09:00,38100.0,38500.0,36800.0,36900.0,1063018,0.0,0.0
2024-08-29 09:30:00+09:00,36900.0,37100.0,35800.0,36000.0,806883,0.0,0.0
2024-08-29 09:35:00+09:00,36000.0,36250.0,35600.0,35900.0,544411,0.0,0.0
2024-08-29 09:40:00+09:00,35900.0,35900.0,35000.0,35100.0,595136,0.0,0.0
2024-08-29 09:45:00+09:00,35100.0,35350.0,35050.0,35300.0,249045,0.0,0.0
2024-08-29 09:50:00+09:00,35300.0,35600.0,35200.0,35600.0,188057,0.0,0.0
2024-08-29 09:55:00+09:00,35550.0,35850.0,35350.0,35550.0,245088,0.0,0.0
2024-08-29 10:00:00+09:00,35550.0,36050.0,35500.0,35900.0,196088,0.0,0.0
2024-08-29 10:05:00+09:00,35850.0,36050.0,35700.0,35800.0,78559,0.0,0.0
2024-08-29 10:10:00+09:00,35850.0,36150.0,35350.0,35550.0,171712,0.0,0.0
2024-08-29 10:15:00+09:00,35600.0,36250.0,35400.0,36200.0,152415,0.0,0.0
2024-08-29 10:20:00+09:00,36200.0,36750.0,36150.0,36700.0,327091,0.0,0.0
2024-08-29 10:25:00+09:00,36700.0,37150.0,36400.0,36900.0,420238,0.0,0.0
2024-08-29 10:30:00+09:00,36900.0,37250.0,36550.0,36650.0,250909,0.0,0.0
2024-08-29 10:35:00+09:00,36600.0,37600.0,36350.0,37050.0,395049,0.0,0.0
2024-08-29 10:40:00+09:00,37000.0,37050.0,35800.0,36000.0,461799,0.0,0.0
2024-08-29 10:45:00+09:00,36000.0,36100.0,34900.0,35150.0,750472,0.0,0.0
2024-08-29 10:50:00+09:00,35200.0,35250.0,34600.0,34950.0,405692,0.0,0.0
2024-08-29 10:55:00+09:00,35000.0,35100.0,34200.0,34750.0,320198,0.0,0.0
2024-08-29 11:00:00+09:00,34750.0,34850.0,34150.0,34550.0,225923,0.0,0.0
2024-08-29 11:05:00+09:00,34550.0,34700.0,34350.0,34550.0,122062,0.0,0.0
2024-08-29 11:10:00+09:00,34550.0,34850.0,34450.0,34850.0,97114,0.0,0.0
2024-08-29 11:15:00+09:00,34800.0,35000.0,34050.0,34050.0,352967,0.0,0.0
2024-08-29 11:20:00+09:00,34050.0,34100.0,33800.0,34000.0,273965,0.0,0.0
2024-08-29 11:25:00+09:00,33950.0,34050.0,33600.0,33950.0,202721,0.0,0.0
2024-08-29 11:30:00+09:00,34000.0,34050.0,33750.0,34000.0,86003,0.0,0.0
2024-08-29 11:35:00+09:00,33950.0,34100.0,33850.0,34000.0,61243,0.0,0.0
2024-08-29 11:40:00+09:00,34050.0,34050.0,33900.0,34000.0,40042,0.0,0.0
2024-08-29 11:45:00+09:00,34000.0,34050.0,33850.0,34050.0,52600,0.0,0.0
2024-08-29 11:50:00+09:00,34000.0,34050.0,33850.0,33850.0,45998,0.0,0.0
2024-08-29 11:55:00+09:00,33850.0,33900.0,33600.0,33750.0,93461,0.0,0.0
2024-08-29 12:00:00+09:00,33750.0,33900.0,33500.0,33550.0,89701,0.0,0.0
2024-08-29 12:05:00+09:00,33600.0,33750.0,33500.0,33650.0,53731,0.0,0.0
2024-08-29 12:10:00+09:00,33700.0,33900.0,33650.0,33700.0,39629,0.0,0.0
2024-08-29 12:15:00+09:00,33750.0,33800.0,33350.0,33500.0,110193,0.0,0.0
2024-08-29 12:20:00+09:00,33500.0,33500.0,33150.0,33150.0,133961,0.0,0.0
2024-08-29 12:25:00+09:00,33150.0,33250.0,33100.0,33200.0,74125,0.0,0.0
2024-08-29 12:30:00+09:00,33200.0,33250.0,32950.0,33150.0,123027,0.0,0.0
2024-08-29 12:35:00+09:00,33150.0,33550.0,33150.0,33550.0,101424,0.0,0.0
2024-08-29 12:40:00+09:00,33550.0,33650.0,33450.0,33650.0,63614,0.0,0.0
2024-08-29 12:45:00+09:00,33650.0,33650.0,33100.0,33150.0,84136,0.0,0.0
2024-08-29 12:50:00+09:00,33150.0,33250.0,32800.0,33050.0,109737,0.0,0.0
2024-08-29 12:55:00+09:00,33000.0,33550.0,32950.0,33550.0,82683,0.0,0.0
2024-08-29 13:00:00+09:00,33550.0,33650.0,33400.0,33500.0,59996,0.0,0.0
2024-08-29 13:05:00+09:00,33500.0,33550.0,33300.0,33300.0,28823,0.0,0.0
2024-08-29 13:10:00+09:00,33300.0,33650.0,33300.0,33600.0,44005,0.0,0.0
2024-08-29 13:15:00+09:00,33600.0,33950.0,33500.0,33850.0,97851,0.0,0.0
2024-08-29 13:20:00+09:00,33800.0,33950.0,33750.0,33800.0,61399,0.0,0.0
2024-08-29 13:25:00+09:00,33800.0,34000.0,33650.0,33900.0,69722,0.0,0.0
2024-08-29 13:30:00+09:00,33850.0,34000.0,33800.0,33850.0,45694,0.0,0.0
2024-08-29 13:35:00+09:00,33850.0,33950.0,33750.0,33850.0,29040,0.0,0.0
2024-08-29 13:40:00+09:00,33800.0,33950.0,33600.0,33900.0,40410,0.0,0.0
2024-08-29 13:45:00+09:00,33850.0,33900.0,33550.0,33550.0,34921,0.0,0.0
2024-08-29 13:50:00+09:00,33600.0,33750.0,33550.0,33750.0,25284,0.0,0.0
2024-08-29 13:55:00+09:00,33750.0,33850.0,33700.0,33750.0,17961,0.0,0.0
2024-08-29 14:00:00+09:00,33800.0,33900.0,33700.0,33750.0,27858,0.0,0.0
2024-08-29 14:05:00+09:00,33750.0,33800.0,33600.0,33700.0,24232,0.0,0.0
2024-08-29 14:10:00+09:00,33700.0,33800.0,33650.0,33650.0,20829,0.0,0.0
2024-08-29 14:15:00+09:00,33650.0,33700.0,33350.0,33450.0,42431,0.0,0.0
2024-08-29 14:20:00+09:00,33500.0,33800.0,33450.0,33750.0,34544,0.0,0.0
2024-08-29 14:25:00+09:00,33750.0,34050.0,33750.0,33900.0,120665,0.0,0.0
2024-08-29 14:30:00+09:00,33850.0,34050.0,33800.0,33850.0,56381,0.0,0.0
2024-08-29 14:35:00+09:00,33800.0,34050.0,33800.0,34000.0,90116,0.0,0.0
2024-08-29 14:40:00+09:00,34000.0,34050.0,33800.0,33850.0,41798,0.0,0.0
2024-08-29 14:45:00+09:00,33850.0,33950.0,33700.0,33850.0,58595,0.0,0.0
2024-08-29 14:50:00+09:00,33900.0,33900.0,33700.0,33800.0,31346,0.0,0.0
2024-08-29 14:55:00+09:00,33800.0,33850.0,33650.0,33750.0,28765,0.0,0.0
2024-08-30 09:00:00+09:00,33500.0,33800.0,33150.0,33700.0,184763,0.0,0.0
2024-08-30 09:05:00+09:00,33700.0,34400.0,33700.0,34100.0,240047,0.0,0.0
2024-08-30 09:10:00+09:00,34050.0,34150.0,33750.0,33800.0,75372,0.0,0.0
2024-08-30 09:15:00+09:00,33800.0,34050.0,33750.0,33900.0,42575,0.0,0.0
2024-08-30 09:20:00+09:00,33900.0,34500.0,33850.0,34350.0,148849,0.0,0.0
2024-08-30 09:25:00+09:00,34350.0,34800.0,34200.0,34550.0,215182,0.0,0.0
2024-08-30 09:30:00+09:00,34600.0,35050.0,34500.0,35000.0,268448,0.0,0.0
2024-08-30 09:35:00+09:00,35000.0,35650.0,34950.0,35550.0,385730,0.0,0.0
2024-08-30 09:40:00+09:00,35500.0,35850.0,34900.0,35000.0,422091,0.0,0.0
2024-08-30 09:45:00+09:00,35050.0,35100.0,34600.0,35000.0,209483,0.0,0.0
2024-08-30 09:50:00+09:00,34950.0,35200.0,34750.0,35150.0,117250,0.0,0.0
2024-08-30 09:55:00+09:00,35150.0,35450.0,35100.0,35200.0,203644,0.0,0.0
2024-08-30 10:00:00+09:00,35200.0,35400.0,35050.0,35350.0,88500,0.0,0.0
2024-08-30 10:05:00+09:00,35350.0,35750.0,35250.0,35650.0,222595,0.0,0.0
2024-08-30 10:10:00+09:00,35600.0,35650.0,35050.0,35100.0,96367,0.0,0.0
2024-08-30 10:15:00+09:00,35100.0,35350.0,34850.0,34950.0,83747,0.0,0.0
2024-08-30 10:20:00+09:00,35000.0,35050.0,34650.0,34700.0,89957,0.0,0.0
2024-08-30 10:25:00+09:00,34700.0,34900.0,34650.0,34750.0,60697,0.0,0.0
2024-08-30 10:30:00+09:00,34750.0,34850.0,34350.0,34350.0,101324,0.0,0.0
2024-08-30 10:35:00+09:00,34350.0,34700.0,34350.0,34500.0,61146,0.0,0.0
2024-08-30 10:40:00+09:00,34550.0,34850.0,34500.0,34700.0,32883,0.0,0.0
2024-08-30 10:45:00+09:00,34750.0,34900.0,34650.0,34750.0,31059,0.0,0.0
2024-08-30 10:50:00+09:00,34800.0,35000.0,34750.0,34950.0,66095,0.0,0.0
2024-08-30 10:55:00+09:00,34950.0,34950.0,34700.0,34800.0,18179,0.0,0.0
2024-08-30 11:00:00+09:00,34800.0,34800.0,34450.0,34500.0,37773,0.0,0.0
2024-08-30 11:05:00+09:00,34500.0,34600.0,34400.0,34600.0,30320,0.0,0.0
2024-08-30 11:10:00+09:00,34550.0,34800.0,34550.0,34700.0,17893,0.0,0.0
2024-08-30 11:15:00+09:00,34700.0,34800.0,34650.0,34800.0,18654,0.0,0.0
2024-08-30 11:20:00+09:00,34750.0,34850.0,34700.0,34800.0,16152,0.0,0.0
2024-08-30 11:25:00+09:00,34800.0,34800.0,34600.0,34800.0,24612,0.0,0.0
2024-08-30 11:30:00+09:00,34750.0,34900.0,34700.0,34750.0,29550,0.0,0.0
2024-08-30 11:35:00+09:00,34700.0,34750.0,34650.0,34650.0,15012,0.0,0.0
2024-08-30 11:40:00+09:00,34700.0,34750.0,34500.0,34500.0,26009,0.0,0.0
2024-08-30 11:45:00+09:00,34500.0,34600.0,34500.0,34500.0,17281,0.0,0.0
2024-08-30 11:50:00+09:00,34500.0,34600.0,34450.0,34600.0,12446,0.0,0.0
2024-08-30 11:55:00+09:00,34550.0,34600.0,34250.0,34350.0,65407,0.0,0.0
2024-08-30 12:00:00+09:00,34350.0,34500.0,34200.0,34500.0,23713,0.0,0.0
2024-08-30 12:05:00+09:00,34500.0,34500.0,34350.0,34400.0,21170,0.0,0.0
2024-08-30 12:10:00+09:00,34450.0,34650.0,34350.0,34650.0,28687,0.0,0.0
2024-08-30 12:15:00+09:00,34700.0,34750.0,34500.0,34550.0,30634,0.0,0.0
2024-08-30 12:20:00+09:00,34550.0,34700.0,34500.0,34600.0,14319,0.0,0.0
2024-08-30 12:25:00+09:00,34600.0,34650.0,34500.0,34550.0,12315,0.0,0.0
2024-08-30 12:30:00+09:00,34500.0,34600.0,34500.0,34600.0,7367,0.0,0.0
2024-08-30 12:35:00+09:00,34600.0,34650.0,34450.0,34550.0,30155,0.0,0.0
2024-08-30 12:40:00+09:00,34550.0,34600.0,34450.0,34550.0,13698,0.0,0.0
2024-08-30 12:45:00+09:00,34550.0,34650.0,34550.0,34600.0,21471,0.0,0.0
2024-08-30 12:50:00+09:00,34650.0,34950.0,34650.0,34900.0,54286,0.0,0.0
2024-08-30 12:55:00+09:00,34950.0,34950.0,34700.0,34750.0,27041,0.0,0.0
2024-08-30 13:00:00+09:00,34750.0,34800.0,34550.0,34550.0,28586,0.0,0.0
2024-08-30 13:05:00+09:00,34600.0,34600.0,34450.0,34500.0,27826,0.0,0.0
2024-08-30 13:10:00+09:00,34500.0,34700.0,34450.0,34650.0,29470,0.0,0.0
2024-08-30 13:15:00+09:00,34600.0,34700.0,34500.0,34600.0,33095,0.0,0.0
2024-08-30 13:20:00+09:00,34600.0,34750.0,34550.0,34650.0,29420,0.0,0.0
2024-08-30 13:25:00+09:00,34650.0,34850.0,34650.0,34750.0,61466,0.0,0.0
2024-08-30 13:30:00+09:00,34700.0,34750.0,34550.0,34550.0,25066,0.0,0.0
2024-08-30 13:35:00+09:00,34600.0,34750.0,34550.0,34650.0,20485,0.0,0.0
2024-08-30 13:40:00+09:00,34650.0,34700.0,34550.0,34600.0,10072,0.0,0.0
2024-08-30 13:45:00+09:00,34650.0,34650.0,34500.0,34550.0,20285,0.0,0.0
2024-08-30 13:50:00+09:00,34600.0,34650.0,34450.0,34450.0,38294,0.0,0.0
2024-08-30 13:55:00+09:00,34450.0,34500.0,34200.0,34350.0,86104,0.0,0.0
2024-08-30 14:00:00+09:00,34300.0,34450.0,34300.0,34350.0,17852,0.0,0.0
2024-08-30 14:05:00+09:00,34350.0,34400.0,34200.0,34250.0,40195,0.0,0.0
2024-08-30 14:10:00+09:00,34300.0,34350.0,34000.0,34100.0,96324,0.0,0.0
2024-08-30 14:15:00+09:00,34150.0,34400.0,34050.0,34300.0,45037,0.0,0.0
2024-08-30 14:20:00+09:00,34300.0,34350.0,34200.0,34200.0,24328,0.0,0.0
2024-08-30 14:25:00+09:00,34250.0,34350.0,34150.0,34300.0,18895,0.0,0.0
2024-08-30 14:30:00+09:00,34300.0,34350.0,34200.0,34300.0,31900,0.0,0.0
2024-08-30 14:35:00+09:00,34300.0,34300.0,34250.0,34250.0,19257,0.0,0.0
2024-08-30 14:40:00+09:00,34250.0,34550.0,34250.0,34400.0,46903,0.0,0.0
2024-08-30 14:45:00+09:00,34400.0,34650.0,34400.0,34550.0,38563,0.0,0.0
2024-08-30 14:50:00+09:00,34550.0,34600.0,34400.0,34500.0,30365,0.0,0.0
2024-08-30 14:55:00+09:00,34550.0,34600.0,34500.0,34550.0,26521,0.0,0.0
2024-09-02 09:00:00+09:00,33300.0,34300.0,33150.0,33550.0,0,0.0,0.0
2024-09-02 09:05:00+09:00,33550.0,34100.0,33500.0,33650.0,208896,0.0,0.0
2024-09-02 09:10:00+09:00,33600.0,33850.0,33350.0,33700.0,195797,0.0,0.0
2024-09-02 09:15:00+09:00,33800.0,34100.0,33650.0,33750.0,119868,0.0,0.0
2024-09-02 09:20:00+09:00,33750.0,34700.0,33750.0,34450.0,272823,0.0,0.0
2024-09-02 09:25:00+09:00,34450.0,34650.0,34200.0,34400.0,92215,0.0,0.0
2024-09-02 09:30:00+09:00,34400.0,34800.0,34300.0,34550.0,122119,0.0,0.0
2024-09-02 09:35:00+09:00,34600.0,34650.0,34200.0,34200.0,76014,0.0,0.0
2024-09-02 09:40:00+09:00,34250.0,34250.0,33900.0,33950.0,137350,0.0,0.0
2024-09-02 09:45:00+09:00,33950.0,34200.0,33800.0,34050.0,53106,0.0,0.0
2024-09-02 09:50:00+09:00,34050.0,34250.0,34050.0,34050.0,36299,0.0,0.0
2024-09-02 09:55:00+09:00,34050.0,34100.0,33850.0,33850.0,58383,0.0,0.0
2024-09-02 10:00:00+09:00,33900.0,34150.0,33850.0,34100.0,25364,0.0,0.0
2024-09-02 10:05:00+09:00,34100.0,34150.0,33800.0,33900.0,41862,0.0,0.0
2024-09-02 10:10:00+09:00,33900.0,34000.0,33650.0,33650.0,68194,0.0,0.0
2024-09-02 10:15:00+09:00,33650.0,33850.0,33500.0,33600.0,65854,0.0,0.0
2024-09-02 10:20:00+09:00,33600.0,33600.0,33400.0,33400.0,78694,0.0,0.0
2024-09-02 10:25:00+09:00,33400.0,33500.0,33300.0,33300.0,85202,0.0,0.0
2024-09-02 10:30:00+09:00,33350.0,33400.0,33100.0,33100.0,87711,0.0,0.0
2024-09-02 10:35:00+09:00,33100.0,33150.0,32800.0,32900.0,174736,0.0,0.0
2024-09-02 10:40:00+09:00,32900.0,32950.0,32600.0,32650.0,97367,0.0,0.0
2024-09-02 10:45:00+09:00,32600.0,32700.0,32300.0,32550.0,207188,0.0,0.0
2024-09-02 10:50:00+09:00,32550.0,32550.0,32250.0,32450.0,86698,0.0,0.0
2024-09-02 10:55:00+09:00,32400.0,32850.0,32350.0,32800.0,64516,0.0,0.0
2024-09-02 11:00:00+09:00,32750.0,33100.0,32750.0,33000.0,35587,0.0,0.0
2024-09-02 11:05:00+09:00,32950.0,33050.0,32700.0,32800.0,47297,0.0,0.0
2024-09-02 11:10:00+09:00,32850.0,32850.0,32600.0,32750.0,23706,0.0,0.0
2024-09-02 11:15:00+09:00,32700.0,32850.0,32650.0,32850.0,19029,0.0,0.0
2024-09-02 11:20:00+09:00,32850.0,32950.0,32750.0,32850.0,31969,0.0,0.0
2024-09-02 11:25:00+09:00,32850.0,32850.0,32650.0,32750.0,26866,0.0,0.0
2024-09-02 11:30:00+09:00,32700.0,32750.0,32400.0,32450.0,83373,0.0,0.0
2024-09-02 11:35:00+09:00,32450.0,32650.0,32450.0,32650.0,37084,0.0,0.0
2024-09-02 11:40:00+09:00,32650.0,32650.0,32500.0,32500.0,10717,0.0,0.0
2024-09-02 11:45:00+09:00,32500.0,32600.0,32500.0,32550.0,14856,0.0,0.0
2024-09-02 11:50:00+09:00,32500.0,32550.0,32450.0,32450.0,14288,0.0,0.0
2024-09-02 11:55:00+09:00,32500.0,32550.0,32450.0,32500.0,18886,0.0,0.0
2024-09-02 12:00:00+09:00,32500.0,32500.0,32450.0,32500.0,12163,0.0,0.0
2024-09-02 12:05:00+09:00,32450.0,32600.0,32450.0,32500.0,13860,0.0,0.0
2024-09-02 12:10:00+09:00,32500.0,32550.0,32450.0,32550.0,14146,0.0,0.0
2024-09-02 12:15:00+09:00,32500.0,32600.0,32500.0,32550.0,14791,0.0,0.0
2024-09-02 12:20:00+09:00,32550.0,32600.0,32550.0,32600.0,9348,0.0,0.0
2024-09-02 12:25:00+09:00,32600.0,32600.0,32500.0,32550.0,17269,0.0,0.0
2024-09-02 12:30:00+09:00,32550.0,32600.0,32500.0,32500.0,14280,0.0,0.0
2024-09-02 12:35:00+09:00,32500.0,32550.0,32500.0,32500.0,10796,0.0,0.0
2024-09-02 12:40:00+09:00,32550.0,32550.0,32300.0,32350.0,75159,0.0,0.0
2024-09-02 12:45:00+09:00,32350.0,32450.0,32350.0,32400.0,27104,0.0,0.0
2024-09-02 12:50:00+09:00,32400.0,32550.0,32400.0,32450.0,28472,0.0,0.0
2024-09-02 12:55:00+09:00,32500.0,32500.0,32400.0,32450.0,9170,0.0,0.0
2024-09-02 13:00:00+09:00,32400.0,32550.0,32400.0,32400.0,27888,0.0,0.0
2024-09-02 13:05:00+09:00,32450.0,32450.0,32350.0,32400.0,11815,0.0,0.0
2024-09-02 13:10:00+09:00,32400.0,32400.0,32150.0,32200.0,105704,0.0,0.0
2024-09-02 13:15:00+09:00,32200.0,32250.0,32000.0,32000.0,173809,0.0,0.0
2024-09-02 13:20:00+09:00,32000.0,32100.0,31950.0,32000.0,111562,0.0,0.0
2024-09-02 13:25:00+09:00,32000.0,32050.0,31750.0,31900.0,97612,0.0,0.0
2024-09-02 13:30:00+09:00,31900.0,32000.0,31800.0,31900.0,35287,0.0,0.0
2024-09-02 13:35:00+09:00,31900.0,32050.0,31900.0,32000.0,28670,0.0,0.0
2024-09-02 13:40:00+09:00,31950.0,32350.0,31950.0,32350.0,35799,0.0,0.0
2024-09-02 13:45:00+09:00,32350.0,32700.0,32300.0,32650.0,71253,0.0,0.0
2024-09-02 13:50:00+09:00,32550.0,33350.0,32500.0,33350.0,116660,0.0,0.0
2024-09-02 13:55:00+09:00,33350.0,33500.0,32950.0,33100.0,107924,0.0,0.0
2024-09-02 14:00:00+09:00,33100.0,33200.0,32800.0,33100.0,55078,0.0,0.0
2024-09-02 14:05:00+09:00,33100.0,33200.0,33000.0,33050.0,31917,0.0,0.0
2024-09-02 14:10:00+09:00,33050.0,33150.0,33000.0,33000.0,19882,0.0,0.0
2024-09-02 14:15:00+09:00,33050.0,33100.0,32850.0,32900.0,32064,0.0,0.0
2024-09-02 14:20:00+09:00,32900.0,33050.0,32900.0,32950.0,17127,0.0,0.0
2024-09-02 14:25:00+09:00,33000.0,33050.0,32900.0,32950.0,20056,0.0,0.0
2024-09-02 14:30:00+09:00,32900.0,33050.0,32850.0,33000.0,22802,0.0,0.0
2024-09-02 14:35:00+09:00,33050.0,33250.0,33000.0,33200.0,28115,0.0,0.0
2024-09-02 14:40:00+09:00,33150.0,33350.0,33150.0,33200.0,31016,0.0,0.0
2024-09-02 14:45:00+09:00,33200.0,33450.0,33200.0,33400.0,42913,0.0,0.0
2024-09-02 14:50:00+09:00,33350.0,33600.0,33350.0,33500.0,60261,0.0,0.0
2024-09-02 14:55:00+09:00,33500.0,33550.0,33350.0,33550.0,40260,0.0,0.0
2024-09-03 09:00:00+09:00,33200.0,33550.0,33100.0,33450.0,101624,0.0,0.0
2024-09-03 09:05:00+09:00,33400.0,33500.0,33100.0,33400.0,47299,0.0,0.0
2024-09-03 09:10:00+09:00,33350.0,33800.0,33350.0,33550.0,98376,0.0,0.0
2024-09-03 09:15:00+09:00,33600.0,33600.0,32950.0,33050.0,76843,0.0,0.0
2024-09-03 09:20:00+09:00,33100.0,33350.0,33050.0,33050.0,26677,0.0,0.0
2024-09-03 09:25:00+09:00,33050.0,33450.0,33000.0,33200.0,50055,0.0,0.0
2024-09-03 09:30:00+09:00,33250.0,33450.0,33200.0,33350.0,33831,0.0,0.0
2024-09-03 09:35:00+09:00,33400.0,33450.0,33050.0,33100.0,38813,0.0,0.0
2024-09-03 09:40:00+09:00,33100.0,33100.0,32500.0,32650.0,148622,0.0,0.0
2024-09-03 09:45:00+09:00,32650.0,32700.0,32200.0,32250.0,122272,0.0,0.0
2024-09-03 09:50:00+09:00,32250.0,32450.0,31950.0,32100.0,167526,0.0,0.0
2024-09-03 09:55:00+09:00,32050.0,32100.0,31650.0,31800.0,152010,0.0,0.0
2024-09-03 10:00:00+09:00,31800.0,32200.0,31750.0,32050.0,60143,0.0,0.0
2024-09-03 10:05:00+09:00,32100.0,32300.0,32000.0,32250.0,36093,0.0,0.0
2024-09-03 10:10:00+09:00,32250.0,32300.0,32050.0,32300.0,36387,0.0,0.0
2024-09-03 10:15:00+09:00,32350.0,32400.0,32000.0,32050.0,37191,0.0,0.0
2024-09-03 10:20:00+09:00,32000.0,32100.0,31950.0,32000.0,29790,0.0,0.0
2024-09-03 10:25:00+09:00,32000.0,32050.0,31750.0,31750.0,56764,0.0,0.0
2024-09-03 10:30:00+09:00,31750.0,31850.0,31500.0,31550.0,79993,0.0,0.0
2024-09-03 10:35:00+09:00,31550.0,31850.0,31500.0,31750.0,49699,0.0,0.0
2024-09-03 10:40:00+09:00,31750.0,31750.0,31550.0,31650.0,33778,0.0,0.0
2024-09-03 10:45:00+09:00,31650.0,31750.0,31550.0,31750.0,16612,0.0,0.0
2024-09-03 10:50:00+09:00,31750.0,31950.0,31700.0,31800.0,36825,0.0,0.0
2024-09-03 10:55:00+09:00,31800.0,31950.0,31750.0,31900.0,18634,0.0,0.0
2024-09-03 11:00:00+09:00,31900.0,32100.0,31850.0,32100.0,26060,0.0,0.0
2024-09-03 11:05:00+09:00,32100.0,32250.0,32050.0,32150.0,26093,0.0,0.0
2024-09-03 11:10:00+09:00,32150.0,32150.0,32000.0,32000.0,13791,0.0,0.0
2024-09-03 11:15:00+09:00,32000.0,32100.0,31900.0,31900.0,22475,0.0,0.0
2024-09-03 11:20:00+09:00,31900.0,32000.0,31800.0,31850.0,14129,0.0,0.0
2024-09-03 11:25:00+09:00,31850.0,31900.0,31750.0,31750.0,16875,0.0,0.0
2024-09-03 11:30:00+09:00,31750.0,31900.0,31750.0,31850.0,8418,0.0,0.0
2024-09-03 11:35:00+09:00,31850.0,31900.0,31800.0,31850.0,8975,0.0,0.0
2024-09-03 11:40:00+09:00,31800.0,31850.0,31800.0,31800.0,7376,0.0,0.0
2024-09-03 11:45:00+09:00,31850.0,31850.0,31650.0,31700.0,27060,0.0,0.0
2024-09-03 11:50:00+09:00,31700.0,31750.0,31650.0,31650.0,16377,0.0,0.0
2024-09-03 11:55:00+09:00,31700.0,31750.0,31650.0,31650.0,12164,0.0,0.0
2024-09-03 12:00:00+09:00,31650.0,31750.0,31650.0,31700.0,8139,0.0,0.0
2024-09-03 12:05:00+09:00,31700.0,31750.0,31600.0,31650.0,13726,0.0,0.0
2024-09-03 12:10:00+09:00,31650.0,31700.0,31400.0,31550.0,94680,0.0,0.0
2024-09-03 12:15:00+09:00,31550.0,31600.0,31500.0,31550.0,15863,0.0,0.0
2024-09-03 12:20:00+09:00,31500.0,31700.0,31500.0,31550.0,27389,0.0,0.0
2024-09-03 12:25:00+09:00,31550.0,31550.0,31450.0,31500.0,19934,0.0,0.0
2024-09-03 12:30:00+09:00,31500.0,31550.0,31450.0,31450.0,25868,0.0,0.0
2024-09-03 12:35:00+09:00,31450.0,31550.0,31450.0,31500.0,26631,0.0,0.0
2024-09-03 12:40:00+09:00,31550.0,31600.0,31500.0,31600.0,15748,0.0,0.0
2024-09-03 12:45:00+09:00,31550.0,31800.0,31550.0,31750.0,44248,0.0,0.0
2024-09-03 12:50:00+09:00,31750.0,31750.0,31600.0,31600.0,9019,0.0,0.0
2024-09-03 12:55:00+09:00,31600.0,31750.0,31600.0,31700.0,21099,0.0,0.0
2024-09-03 13:00:00+09:00,31700.0,31700.0,31600.0,31650.0,7613,0.0,0.0
2024-09-03 13:05:00+09:00,31650.0,31750.0,31650.0,31650.0,8060,0.0,0.0
2024-09-03 13:10:00+09:00,31650.0,31700.0,31550.0,31650.0,18708,0.0,0.0
2024-09-03 13:15:00+09:00,31650.0,31650.0,31500.0,31500.0,22081,0.0,0.0
2024-09-03 13:20:00+09:00,31500.0,31550.0,31400.0,31450.0,53334,0.0,0.0
2024-09-03 13:25:00+09:00,31450.0,31500.0,31400.0,31500.0,11842,0.0,0.0
2024-09-03 13:30:00+09:00,31450.0,31500.0,31200.0,31300.0,117499,0.0,0.0
2024-09-03 13:35:00+09:00,31250.0,31300.0,31150.0,31200.0,89320,0.0,0.0
2024-09-03 13:40:00+09:00,31200.0,31250.0,31150.0,31200.0,30289,0.0,0.0
2024-09-03 13:45:00+09:00,31200.0,31250.0,31000.0,31050.0,80296,0.0,0.0
2024-09-03 13:50:00+09:00,31050.0,31150.0,31000.0,31100.0,62793,0.0,0.0
2024-09-03 13:55:00+09:00,31100.0,31200.0,31050.0,31050.0,28511,0.0,0.0
2024-09-03 14:00:00+09:00,31050.0,31350.0,31050.0,31300.0,54931,0.0,0.0
2024-09-03 14:05:00+09:00,31300.0,31350.0,31300.0,31300.0,15474,0.0,0.0
2024-09-03 14:10:00+09:00,31350.0,31350.0,31150.0,31150.0,40177,0.0,0.0
2024-09-03 14:15:00+09:00,31150.0,31200.0,31050.0,31100.0,36832,0.0,0.0
2024-09-03 14:20:00+09:00,31100.0,31150.0,31000.0,31000.0,48186,0.0,0.0
2024-09-03 14:25:00+09:00,31000.0,31200.0,31000.0,31150.0,36698,0.0,0.0
2024-09-03 14:30:00+09:00,31100.0,31200.0,31100.0,31150.0,14695,0.0,0.0
2024-09-03 14:35:00+09:00,31150.0,31150.0,31000.0,31000.0,31713,0.0,0.0
2024-09-03 14:40:00+09:00,31000.0,31050.0,30700.0,30750.0,120743,0.0,0.0
2024-09-03 14:45:00+09:00,30750.0,30950.0,30700.0,30750.0,74831,0.0,0.0
2024-09-03 14:50:00+09:00,30750.0,30800.0,30550.0,30600.0,95336,0.0,0.0
2024-09-03 14:55:00+09:00,30650.0,30650.0,30450.0,30500.0,105443,0.0,0.0
2024-09-04 09:00:00+09:00,29100.0,29950.0,29000.0,29800.0,318947,0.0,0.0
2024-09-04 09:05:00+09:00,29700.0,30100.0,29450.0,30000.0,150232,0.0,0.0
2024-09-04 09:10:00+09:00,30050.0,30150.0,29650.0,29900.0,69844,0.0,0.0
2024-09-04 09:15:00+09:00,29850.0,29850.0,29300.0,29300.0,98847,0.0,0.0
2024-09-04 09:20:00+09:00,29300.0,29500.0,29200.0,29300.0,95682,0.0,0.0
2024-09-04 09:25:00+09:00,29300.0,29600.0,29200.0,29450.0,76798,0.0,0.0
2024-09-04 09:30:00+09:00,29400.0,29550.0,29250.0,29550.0,41569,0.0,0.0
2024-09-04 09:35:00+09:00,29450.0,29650.0,29350.0,29500.0,62666,0.0,0.0
2024-09-04 09:40:00+09:00,29450.0,29600.0,29400.0,29450.0,39667,0.0,0.0
2024-09-04 09:45:00+09:00,29450.0,29500.0,29300.0,29400.0,35871,0.0,0.0
2024-09-04 09:50:00+09:00,29450.0,29500.0,29200.0,29250.0,40771,0.0,0.0
2024-09-04 09:55:00+09:00,29250.0,29250.0,29000.0,29150.0,79712,0.0,0.0
2024-09-04 10:00:00+09:00,29150.0,29250.0,29000.0,29000.0,39539,0.0,0.0
2024-09-04 10:05:00+09:00,29000.0,29050.0,28700.0,28900.0,117822,0.0,0.0
2024-09-04 10:10:00+09:00,28900.0,29050.0,28750.0,29050.0,39239,0.0,0.0
2024-09-04 10:15:00+09:00,29050.0,29100.0,28900.0,29050.0,22786,0.0,0.0
2024-09-04 10:20:00+09:00,29050.0,29100.0,29000.0,29050.0,18334,0.0,0.0
2024-09-04 10:25:00+09:00,29050.0,29100.0,29000.0,29050.0,14455,0.0,0.0
2024-09-04 10:30:00+09:00,29050.0,29500.0,29050.0,29500.0,33462,0.0,0.0
2024-09-04 10:35:00+09:00,29450.0,29600.0,29400.0,29550.0,22720,0.0,0.0
2024-09-04 10:40:00+09:00,29550.0,29750.0,29500.0,29700.0,29817,0.0,0.0
2024-09-04 10:45:00+09:00,29700.0,29750.0,29550.0,29600.0,21556,0.0,0.0
2024-09-04 10:50:00+09:00,29650.0,29650.0,29550.0,29650.0,7745,0.0,0.0
2024-09-04 10:55:00+09:00,29650.0,29650.0,29500.0,29600.0,11739,0.0,0.0
2024-09-04 11:00:00+09:00,29550.0,29600.0,29400.0,29450.0,14445,0.0,0.0
2024-09-04 11:05:00+09:00,29450.0,29600.0,29400.0,29500.0,7055,0.0,0.0
2024-09-04 11:10:00+09:00,29550.0,29550.0,29350.0,29350.0,8569,0.0,0.0
2024-09-04 11:15:00+09:00,29350.0,29450.0,29350.0,29400.0,4905,0.0,0.0
2024-09-04 11:20:00+09:00,29400.0,29500.0,29400.0,29500.0,5032,0.0,0.0
2024-09-04 11:25:00+09:00,29450.0,29550.0,29450.0,29550.0,6335,0.0,0.0
2024-09-04 11:30:00+09:00,29550.0,29550.0,29400.0,29400.0,6382,0.0,0.0
2024-09-04 11:35:00+09:00,29400.0,29450.0,29350.0,29400.0,7689,0.0,0.0
2024-09-04 11:40:00+09:00,29400.0,29500.0,29400.0,29450.0,3940,0.0,0.0
2024-09-04 11:45:00+09:00,29450.0,29450.0,29350.0,29450.0,6883,0.0,0.0
2024-09-04 11:50:00+09:00,29450.0,29450.0,29350.0,29400.0,5175,0.0,0.0
2024-09-04 11:55:00+09:00,29400.0,29500.0,29400.0,29500.0,9481,0.0,0.0
2024-09-04 12:00:00+09:00,29500.0,29500.0,29300.0,29350.0,24234,0.0,0.0
2024-09-04 12:05:00+09:00,29350.0,29400.0,29300.0,29300.0,11393,0.0,0.0
2024-09-04 12:10:00+09:00,29350.0,29350.0,29250.0,29300.0,7313,0.0,0.0
2024-09-04 12:15:00+09:00,29250.0,29400.0,29250.0,29350.0,8255,0.0,0.0
2024-09-04 12:20:00+09:00,29350.0,29450.0,29350.0,29400.0,5342,0.0,0.0
2024-09-04 12:25:00+09:00,29400.0,29450.0,29250.0,29250.0,15500,0.0,0.0
2024-09-04 12:30:00+09:00,29250.0,29350.0,29250.0,29300.0,17882,0.0,0.0
2024-09-04 12:35:00+09:00,29300.0,29400.0,29250.0,29300.0,8774,0.0,0.0
2024-09-04 12:40:00+09:00,29350.0,29500.0,29300.0,29500.0,8615,0.0,0.0
2024-09-04 12:45:00+09:00,29450.0,29500.0,29450.0,29500.0,5504,0.0,0.0
2024-09-04 12:50:00+09:00,29450.0,29500.0,29200.0,29250.0,17267,0.0,0.0
2024-09-04 12:55:00+09:00,29200.0,29500.0,29200.0,29500.0,18067,0.0,0.0
2024-09-04 13:00:00+09:00,29400.0,29650.0,29350.0,29600.0,19457,0.0,0.0
2024-09-04 13:05:00+09:00,29600.0,29700.0,29550.0,29550.0,9229,0.0,0.0
2024-09-04 13:10:00+09:00,29600.0,29600.0,29500.0,29500.0,7383,0.0,0.0
2024-09-04 13:15:00+09:00,29500.0,29500.0,29350.0,29350.0,6678,0.0,0.0
2024-09-04 13:20:00+09:00,29350.0,29500.0,29350.0,29450.0,12079,0.0,0.0
2024-09-04 13:25:00+09:00,29500.0,29600.0,29450.0,29500.0,11262,0.0,0.0
2024-09-04 13:30:00+09:00,29500.0,29550.0,29450.0,29450.0,4395,0.0,0.0
2024-09-04 13:35:00+09:00,29500.0,29550.0,29450.0,29450.0,4484,0.0,0.0
2024-09-04 13:40:00+09:00,29500.0,29500.0,29300.0,29300.0,18549,0.0,0.0
2024-09-04 13:45:00+09:00,29350.0,29400.0,29300.0,29300.0,6721,0.0,0.0
2024-09-04 13:50:00+09:00,29300.0,29350.0,29150.0,29200.0,17493,0.0,0.0
2024-09-04 13:55:00+09:00,29150.0,29200.0,28900.0,29000.0,88561,0.0,0.0
2024-09-04 14:00:00+09:00,29000.0,29150.0,29000.0,29000.0,58400,0.0,0.0
2024-09-04 14:05:00+09:00,29050.0,29050.0,28800.0,28850.0,48779,0.0,0.0
2024-09-04 14:10:00+09:00,28850.0,29000.0,28800.0,28900.0,21138,0.0,0.0
2024-09-04 14:15:00+09:00,28950.0,29050.0,28900.0,28900.0,11541,0.0,0.0
2024-09-04 14:20:00+09:00,28900.0,29100.0,28900.0,29050.0,44950,0.0,0.0
2024-09-04 14:25:00+09:00,29000.0,29200.0,29000.0,29000.0,28673,0.0,0.0
2024-09-04 14:30:00+09:00,29000.0,29050.0,28850.0,28900.0,24196,0.0,0.0
2024-09-04 14:35:00+09:00,28850.0,28950.0,28800.0,28950.0,13581,0.0,0.0
2024-09-04 14:40:00+09:00,28900.0,29100.0,28850.0,29050.0,41702,0.0,0.0
2024-09-04 14:45:00+09:00,29050.0,29050.0,28800.0,28800.0,44420,0.0,0.0
2024-09-04 14:50:00+09:00,28850.0,29000.0,28800.0,28900.0,18959,0.0,0.0
2024-09-04 14:55:00+09:00,28900.0,29000.0,28900.0,28950.0,16357,0.0,0.0
2024-09-05 09:00:00+09:00,29300.0,29400.0,29000.0,29100.0,122828,0.0,0.0
2024-09-05 09:05:00+09:00,29100.0,29150.0,28600.0,28650.0,86052,0.0,0.0
2024-09-05 09:10:00+09:00,28700.0,28800.0,28400.0,28800.0,76014,0.0,0.0
2024-09-05 09:15:00+09:00,28800.0,29000.0,28700.0,28700.0,38304,0.0,0.0
2024-09-05 09:20:00+09:00,28700.0,28700.0,28300.0,28450.0,62310,0.0,0.0
2024-09-05 09:25:00+09:00,28450.0,28750.0,28450.0,28750.0,46288,0.0,0.0
2024-09-05 09:30:00+09:00,28750.0,29000.0,28700.0,28750.0,54322,0.0,0.0
2024-09-05 09:35:00+09:00,28700.0,28800.0,28600.0,28650.0,17070,0.0,0.0
2024-09-05 09:40:00+09:00,28700.0,29000.0,28600.0,28950.0,22982,0.0,0.0
2024-09-05 09:45:00+09:00,28950.0,29050.0,28900.0,29000.0,32081,0.0,0.0
2024-09-05 09:50:00+09:00,29000.0,29300.0,28950.0,29300.0,41975,0.0,0.0
2024-09-05 09:55:00+09:00,29300.0,29300.0,29050.0,29100.0,31452,0.0,0.0
2024-09-05 10:00:00+09:00,29100.0,29150.0,28800.0,28850.0,27629,0.0,0.0
2024-09-05 10:05:00+09:00,28850.0,28950.0,28750.0,28900.0,15417,0.0,0.0
2024-09-05 10:10:00+09:00,28900.0,28900.0,28650.0,28650.0,20506,0.0,0.0
2024-09-05 10:15:00+09:00,28650.0,28700.0,28600.0,28700.0,15922,0.0,0.0
2024-09-05 10:20:00+09:00,28700.0,28750.0,28650.0,28700.0,9492,0.0,0.0
2024-09-05 10:25:00+09:00,28700.0,28700.0,28600.0,28650.0,8102,0.0,0.0
2024-09-05 10:30:00+09:00,28600.0,28800.0,28350.0,28400.0,45896,0.0,0.0
2024-09-05 10:35:00+09:00,28450.0,28450.0,28350.0,28400.0,28426,0.0,0.0
2024-09-05 10:40:00+09:00,28450.0,28450.0,28300.0,28350.0,18916,0.0,0.0
2024-09-05 10:45:00+09:00,28350.0,28350.0,27950.0,28100.0,125623,0.0,0.0
2024-09-05 10:50:00+09:00,28100.0,28150.0,28000.0,28100.0,35811,0.0,0.0
2024-09-05 10:55:00+09:00,28100.0,28150.0,27950.0,27950.0,40934,0.0,0.0
2024-09-05 11:00:00+09:00,28000.0,28050.0,27850.0,27900.0,62065,0.0,0.0
2024-09-05 11:05:00+09:00,27900.0,27950.0,27750.0,27800.0,64246,0.0,0.0
2024-09-05 11:10:00+09:00,27800.0,27950.0,27650.0,27750.0,34445,0.0,0.0
2024-09-05 11:15:00+09:00,27700.0,27750.0,27600.0,27600.0,33243,0.0,0.0
2024-09-05 11:20:00+09:00,27600.0,27800.0,27550.0,27600.0,35678,0.0,0.0
2024-09-05 11:25:00+09:00,27600.0,27650.0,27450.0,27600.0,53571,0.0,0.0
2024-09-05 11:30:00+09:00,27550.0,27850.0,27550.0,27700.0,77725,0.0,0.0
2024-09-05 11:35:00+09:00,27700.0,27750.0,27500.0,27550.0,34954,0.0,0.0
2024-09-05 11:40:00+09:00,27550.0,27600.0,27300.0,27400.0,32020,0.0,0.0
2024-09-05 11:45:00+09:00,27400.0,27600.0,27400.0,27500.0,15795,0.0,0.0
2024-09-05 11:50:00+09:00,27450.0,27500.0,27350.0,27450.0,12050,0.0,0.0
2024-09-05 11:55:00+09:00,27500.0,27550.0,27450.0,27500.0,9013,0.0,0.0
2024-09-05 12:00:00+09:00,27550.0,27600.0,27500.0,27500.0,7756,0.0,0.0
2024-09-05 12:05:00+09:00,27500.0,27600.0,27300.0,27350.0,22509,0.0,0.0
2024-09-05 12:10:00+09:00,27350.0,27400.0,27200.0,27300.0,26861,0.0,0.0
2024-09-05 12:15:00+09:00,27300.0,27400.0,27200.0,27250.0,33047,0.0,0.0
2024-09-05 12:20:00+09:00,27250.0,27450.0,27150.0,27250.0,49741,0.0,0.0
2024-09-05 12:25:00+09:00,27250.0,27300.0,27100.0,27150.0,25072,0.0,0.0
2024-09-05 12:30:00+09:00,27150.0,27250.0,27150.0,27200.0,6976,0.0,0.0
2024-09-05 12:35:00+09:00,27200.0,27250.0,27150.0,27150.0,7072,0.0,0.0
2024-09-05 12:40:00+09:00,27150.0,27300.0,27050.0,27150.0,47988,0.0,0.0
2024-09-05 12:45:00+09:00,27150.0,27200.0,26950.0,27100.0,48256,0.0,0.0
2024-09-05 12:50:00+09:00,27050.0,27150.0,27000.0,27050.0,12641,0.0,0.0
2024-09-05 12:55:00+09:00,27050.0,27100.0,26900.0,26900.0,34410,0.0,0.0
2024-09-05 13:00:00+09:00,26900.0,27100.0,26900.0,27100.0,24372,0.0,0.0
2024-09-05 13:05:00+09:00,27100.0,27300.0,27100.0,27200.0,15033,0.0,0.0
2024-09-05 13:10:00+09:00,27250.0,27250.0,27050.0,27150.0,10764,0.0,0.0
2024-09-05 13:15:00+09:00,27100.0,27500.0,27100.0,27400.0,55472,0.0,0.0
2024-09-05 13:20:00+09:00,27400.0,27400.0,27100.0,27100.0,28150,0.0,0.0
2024-09-05 13:25:00+09:00,27100.0,27250.0,27000.0,27100.0,30660,0.0,0.0
2024-09-05 13:30:00+09:00,27100.0,27200.0,27050.0,27050.0,12176,0.0,0.0
2024-09-05 13:35:00+09:00,27050.0,27300.0,27000.0,27150.0,30328,0.0,0.0
2024-09-05 13:40:00+09:00,27150.0,27250.0,27150.0,27200.0,13362,0.0,0.0
2024-09-05 13:45:00+09:00,27200.0,27250.0,27100.0,27150.0,13941,0.0,0.0
2024-09-05 13:50:00+09:00,27150.0,27350.0,27150.0,27200.0,16315,0.0,0.0
2024-09-05 13:55:00+09:00,27200.0,27250.0,27100.0,27100.0,14307,0.0,0.0
2024-09-05 14:00:00+09:00,27100.0,27250.0,27100.0,27100.0,13417,0.0,0.0
2024-09-05 14:05:00+09:00,27100.0,27200.0,27050.0,27100.0,20102,0.0,0.0
2024-09-05 14:10:00+09:00,27100.0,27400.0,27100.0,27300.0,30124,0.0,0.0
2024-09-05 14:15:00+09:00,27300.0,27400.0,27250.0,27250.0,11211,0.0,0.0
2024-09-05 14:20:00+09:00,27250.0,27450.0,27250.0,27400.0,24971,0.0,0.0
2024-09-05 14:25:00+09:00,27400.0,27550.0,27400.0,27450.0,24991,0.0,0.0
2024-09-05 14:30:00+09:00,27450.0,27800.0,27400.0,27750.0,38039,0.0,0.0
2024-09-05 14:35:00+09:00,27750.0,27850.0,27650.0,27800.0,41056,0.0,0.0
2024-09-05 14:40:00+09:00,27850.0,27850.0,27600.0,27600.0,33625,0.0,0.0
2024-09-05 14:45:00+09:00,27600.0,27700.0,27550.0,27600.0,26271,0.0,0.0
2024-09-05 14:50:00+09:00,27650.0,28000.0,27600.0,27950.0,33595,0.0,0.0
2024-09-05 14:55:00+09:00,27900.0,28100.0,27800.0,27950.0,47473,0.0,0.0
2024-09-06 09:00:00+09:00,27050.0,27450.0,27050.0,27250.0,103641,0.0,0.0
2024-09-06 09:05:00+09:00,27250.0,27400.0,27200.0,27350.0,32374,0.0,0.0
2024-09-06 09:10:00+09:00,27350.0,27400.0,27000.0,27050.0,25520,0.0,0.0
2024-09-06 09:15:00+09:00,27050.0,27150.0,26700.0,26850.0,57646,0.0,0.0
2024-09-06 09:20:00+09:00,26850.0,26950.0,26650.0,26650.0,54652,0.0,0.0
2024-09-06 09:25:00+09:00,26650.0,26800.0,26500.0,26550.0,54322,0.0,0.0
2024-09-06 09:30:00+09:00,26550.0,26800.0,26400.0,26500.0,58451,0.0,0.0
2024-09-06 09:35:00+09:00,26500.0,26650.0,26400.0,26600.0,27583,0.0,0.0
2024-09-06 09:40:00+09:00,26650.0,26750.0,26450.0,26500.0,22498,0.0,0.0
2024-09-06 09:45:00+09:00,26550.0,26550.0,26300.0,26400.0,32359,0.0,0.0
2024-09-06 09:50:00+09:00,26350.0,26950.0,26350.0,26950.0,41748,0.0,0.0
2024-09-06 09:55:00+09:00,26950.0,27100.0,26700.0,26750.0,50164,0.0,0.0
2024-09-06 10:00:00+09:00,26800.0,26800.0,26550.0,26700.0,19164,0.0,0.0
2024-09-06 10:05:00+09:00,26700.0,26700.0,26500.0,26600.0,29919,0.0,0.0
2024-09-06 10:10:00+09:00,26600.0,26850.0,26600.0,26850.0,13512,0.0,0.0
2024-09-06 10:15:00+09:00,26800.0,26850.0,26650.0,26750.0,16047,0.0,0.0
2024-09-06 10:20:00+09:00,26750.0,27050.0,26700.0,26900.0,35952,0.0,0.0
2024-09-06 10:25:00+09:00,26900.0,27350.0,26850.0,27300.0,30401,0.0,0.0
2024-09-06 10:30:00+09:00,27300.0,27650.0,27200.0,27450.0,54456,0.0,0.0
2024-09-06 10:35:00+09:00,27500.0,27500.0,27300.0,27500.0,24686,0.0,0.0
2024-09-06 10:40:00+09:00,27500.0,27600.0,27350.0,27500.0,34959,0.0,0.0
2024-09-06 10:45:00+09:00,27450.0,27800.0,27350.0,27750.0,29649,0.0,0.0
2024-09-06 10:50:00+09:00,27750.0,27950.0,27650.0,27950.0,59393,0.0,0.0
2024-09-06 10:55:00+09:00,27950.0,28000.0,27650.0,27950.0,84114,0.0,0.0
2024-09-06 11:00:00+09:00,27900.0,27950.0,27700.0,27900.0,33914,0.0,0.0
2024-09-06 11:05:00+09:00,27900.0,28050.0,27800.0,27950.0,31035,0.0,0.0
2024-09-06 11:10:00+09:00,27950.0,28000.0,27550.0,27600.0,43757,0.0,0.0
2024-09-06 11:15:00+09:00,27650.0,27850.0,27500.0,27850.0,24439,0.0,0.0
2024-09-06 11:20:00+09:00,27850.0,27950.0,27800.0,27850.0,16772,0.0,0.0
2024-09-06 11:25:00+09:00,27850.0,28000.0,27850.0,28000.0,12990,0.0,0.0
2024-09-06 11:30:00+09:00,28000.0,28250.0,27950.0,28150.0,47766,0.0,0.0
2024-09-06 11:35:00+09:00,28050.0,28150.0,27800.0,27950.0,25759,0.0,0.0
2024-09-06 11:40:00+09:00,27900.0,28200.0,27850.0,28200.0,19362,0.0,0.0
2024-09-06 11:45:00+09:00,28200.0,28200.0,28000.0,28150.0,14072,0.0,0.0
2024-09-06 11:50:00+09:00,28150.0,28200.0,28100.0,28200.0,16893,0.0,0.0
2024-09-06 11:55:00+09:00,28150.0,28550.0,28150.0,28250.0,79407,0.0,0.0
2024-09-06 12:00:00+09:00,28300.0,28550.0,28250.0,28500.0,43071,0.0,0.0
2024-09-06 12:05:00+09:00,28450.0,28550.0,28300.0,28300.0,22505,0.0,0.0
2024-09-06 12:10:00+09:00,28300.0,28350.0,28200.0,28300.0,14456,0.0,0.0
2024-09-06 12:15:00+09:00,28300.0,28350.0,28250.0,28300.0,10200,0.0,0.0
2024-09-06 12:20:00+09:00,28300.0,28600.0,28300.0,28600.0,25541,0.0,0.0
2024-09-06 12:25:00+09:00,28600.0,28950.0,28600.0,28850.0,69953,0.0,0.0
2024-09-06 12:30:00+09:00,28900.0,29000.0,28500.0,28550.0,63313,0.0,0.0
2024-09-06 12:35:00+09:00,28550.0,28700.0,28500.0,28650.0,23492,0.0,0.0
2024-09-06 12:40:00+09:00,28600.0,28850.0,28550.0,28600.0,18881,0.0,0.0
2024-09-06 12:45:00+09:00,28600.0,28650.0,28350.0,28400.0,23818,0.0,0.0
2024-09-06 12:50:00+09:00,28350.0,28500.0,28300.0,28350.0,26716,0.0,0.0
2024-09-06 12:55:00+09:00,28350.0,28400.0,28200.0,28350.0,19592,0.0,0.0
2024-09-06 13:00:00+09:00,28400.0,28700.0,28300.0,28500.0,21373,0.0,0.0
2024-09-06 13:05:00+09:00,28500.0,28500.0,28300.0,28400.0,19255,0.0,0.0
2024-09-06 13:10:00+09:00,28400.0,28700.0,28400.0,28700.0,18280,0.0,0.0
2024-09-06 13:15:00+09:00,28650.0,28850.0,28600.0,28700.0,33110,0.0,0.0
2024-09-06 13:20:00+09:00,28700.0,28800.0,28600.0,28650.0,21283,0.0,0.0
2024-09-06 13:25:00+09:00,28700.0,28700.0,28450.0,28500.0,18215,0.0,0.0
2024-09-06 13:30:00+09:00,28550.0,28600.0,28500.0,28550.0,8633,0.0,0.0
2024-09-06 13:35:00+09:00,28550.0,28650.0,28450.0,28600.0,10027,0.0,0.0
2024-09-06 13:40:00+09:00,28600.0,28700.0,28550.0,28700.0,13771,0.0,0.0
2024-09-06 13:45:00+09:00,28700.0,28700.0,28600.0,28650.0,14214,0.0,0.0
2024-09-06 13:50:00+09:00,28600.0,28700.0,28550.0,28700.0,10841,0.0,0.0
2024-09-06 13:55:00+09:00,28650.0,28850.0,28650.0,28850.0,23111,0.0,0.0
2024-09-06 14:00:00+09:00,28850.0,28850.0,28700.0,28800.0,18893,0.0,0.0
2024-09-06 14:05:00+09:00,28800.0,29000.0,28750.0,28950.0,44325,0.0,0.0
2024-09-06 14:10:00+09:00,29000.0,29050.0,28800.0,29000.0,38989,0.0,0.0
2024-09-06 14:15:00+09:00,29000.0,29000.0,28700.0,28800.0,37959,0.0,0.0
2024-09-06 14:20:00+09:00,28850.0,28950.0,28700.0,28950.0,20214,0.0,0.0
2024-09-06 14:25:00+09:00,28950.0,29250.0,28850.0,29200.0,42444,0.0,0.0
2024-09-06 14:30:00+09:00,29250.0,29300.0,28900.0,29100.0,86199,0.0,0.0
2024-09-06 14:35:00+09:00,29150.0,29200.0,29000.0,29150.0,38655,0.0,0.0
2024-09-06 14:40:00+09:00,29200.0,29200.0,29050.0,29100.0,32761,0.0,0.0
2024-09-06 14:45:00+09:00,29100.0,29450.0,29050.0,29400.0,65749,0.0,0.0
2024-09-06 14:50:00+09:00,29400.0,29550.0,29300.0,29500.0,88751,0.0,0.0
2024-09-06 14:55:00+09:00,29400.0,29600.0,29350.0,29550.0,52189,0.0,0.0
