Datetime,Open,High,Low,Close,Volume,Dividends,Stock Splits,Capital Gains
2024-08-21 09:30:00-04:00,32.439998626708984,32.439998626708984,32.23059844970703,32.23059844970703,24568,0.0,0.0,0.0
2024-08-21 09:35:00-04:00,32.27000045776367,32.28450012207031,32.25,32.28070068359375,1781,0.0,0.0,0.0
2024-08-21 09:40:00-04:00,32.290000915527344,32.290000915527344,32.09000015258789,32.15010070800781,10693,0.0,0.0,0.0
2024-08-21 09:45:00-04:00,32.15999984741211,32.22999954223633,32.15999984741211,32.21189880371094,9625,0.0,0.0,0.0
2024-08-21 09:50:00-04:00,32.237998962402344,32.290000915527344,32.220001220703125,32.2599983215332,2099,0.0,0.0,0.0
2024-08-21 09:55:00-04:00,32.349998474121094,32.7400016784668,32.34000015258789,32.68000030517578,27044,0.0,0.0,0.0
2024-08-21 10:00:00-04:00,32.689998626708984,32.689998626708984,32.58000183105469,32.65999984741211,12360,0.0,0.0,0.0
2024-08-21 10:05:00-04:00,32.68000030517578,32.779998779296875,32.65999984741211,32.7400016784668,12988,0.0,0.0,0.0
2024-08-21 10:10:00-04:00,32.7599983215332,32.83000183105469,32.40999984741211,32.43000030517578,98989,0.0,0.0,0.0
2024-08-21 10:15:00-04:00,32.459999084472656,32.51499938964844,32.310001373291016,32.43000030517578,22167,0.0,0.0,0.0
2024-08-21 10:20:00-04:00,32.40999984741211,32.529998779296875,32.40999984741211,32.470001220703125,24593,0.0,0.0,0.0
2024-08-21 10:25:00-04:00,32.5099983215332,32.52000045776367,32.459999084472656,32.4900016784668,14362,0.0,0.0,0.0
2024-08-21 10:30:00-04:00,32.4900016784668,32.5900993347168,32.40999984741211,32.459999084472656,8426,0.0,0.0,0.0
2024-08-21 10:35:00-04:00,32.45000076293945,32.619998931884766,32.43000030517578,32.619998931884766,19956,0.0,0.0,0.0
2024-08-21 10:40:00-04:00,32.619998931884766,32.709999084472656,32.61000061035156,32.66999816894531,18017,0.0,0.0,0.0
2024-08-21 10:45:00-04:00,32.63999938964844,32.650001525878906,32.43000030517578,32.45000076293945,36540,0.0,0.0,0.0
2024-08-21 10:50:00-04:00,32.439998626708984,32.45000076293945,32.30870056152344,32.30870056152344,13126,0.0,0.0,0.0
2024-08-21 10:55:00-04:00,32.31999969482422,32.41999816894531,32.310001373291016,32.349998474121094,40556,0.0,0.0,0.0
2024-08-21 11:00:00-04:00,32.37120056152344,32.40999984741211,32.349998474121094,32.40999984741211,1783,0.0,0.0,0.0
2024-08-21 11:05:00-04:00,32.380001068115234,32.380001068115234,32.33000183105469,32.34000015258789,21987,0.0,0.0,0.0
2024-08-21 11:10:00-04:00,32.369998931884766,32.43000030517578,32.369998931884766,32.43000030517578,5701,0.0,0.0,0.0
2024-08-21 11:15:00-04:00,32.459999084472656,32.4900016784668,32.400001525878906,32.47999954223633,6010,0.0,0.0,0.0
2024-08-21 11:20:00-04:00,32.459999084472656,32.459999084472656,32.40999984741211,32.4369010925293,4374,0.0,0.0,0.0
2024-08-21 11:25:00-04:00,32.41999816894531,32.459999084472656,32.41999816894531,32.439998626708984,3940,0.0,0.0,0.0
2024-08-21 11:30:00-04:00,32.43989944458008,32.5099983215332,32.43000030517578,32.5,2016,0.0,0.0,0.0
2024-08-21 11:35:00-04:00,32.5099983215332,32.529998779296875,32.4900016784668,32.529998779296875,6923,0.0,0.0,0.0
2024-08-21 11:40:00-04:00,32.56999969482422,32.56999969482422,32.5099983215332,32.560001373291016,11678,0.0,0.0,0.0
2024-08-21 11:45:00-04:00,32.56999969482422,32.59000015258789,32.5,32.519901275634766,12186,0.0,0.0,0.0
2024-08-21 11:50:00-04:00,32.47999954223633,32.5099983215332,32.470001220703125,32.5099983215332,2563,0.0,0.0,0.0
2024-08-21 11:55:00-04:00,32.5,32.52000045776367,32.439998626708984,32.439998626708984,1997,0.0,0.0,0.0
2024-08-21 12:00:00-04:00,32.45000076293945,32.45000076293945,32.37409973144531,32.380001068115234,6159,0.0,0.0,0.0
2024-08-21 12:05:00-04:00,32.369998931884766,32.41999816894531,32.369998931884766,32.40999984741211,2062,0.0,0.0,0.0
2024-08-21 12:10:00-04:00,32.40999984741211,32.439998626708984,32.38999938964844,32.38999938964844,830,0.0,0.0,0.0
2024-08-21 12:15:00-04:00,32.369998931884766,32.44409942626953,32.369998931884766,32.44409942626953,1232,0.0,0.0,0.0
2024-08-21 12:20:00-04:00,32.45000076293945,32.45000076293945,32.45000076293945,32.45000076293945,225,0.0,0.0,0.0
2024-08-21 12:25:00-04:00,32.470001220703125,32.4900016784668,32.470001220703125,32.481998443603516,1101,0.0,0.0,0.0
2024-08-21 12:30:00-04:00,32.4900016784668,32.4900016784668,32.47200012207031,32.47999954223633,2671,0.0,0.0,0.0
2024-08-21 12:35:00-04:00,32.529998779296875,32.54999923706055,32.5099983215332,32.54999923706055,2232,0.0,0.0,0.0
2024-08-21 12:40:00-04:00,32.54999923706055,32.560001373291016,32.529998779296875,32.560001373291016,1421,0.0,0.0,0.0
2024-08-21 12:45:00-04:00,32.56999969482422,32.65999984741211,32.56999969482422,32.61000061035156,21483,0.0,0.0,0.0
2024-08-21 12:50:00-04:00,32.61000061035156,32.650001525878906,32.61000061035156,32.63999938964844,3884,0.0,0.0,0.0
2024-08-21 12:55:00-04:00,32.65999984741211,32.65999984741211,32.599998474121094,32.62009811401367,1581,0.0,0.0,0.0
2024-08-21 13:00:00-04:00,32.619998931884766,32.630001068115234,32.58000183105469,32.58000183105469,1366,0.0,0.0,0.0
2024-08-21 13:05:00-04:00,32.560001373291016,32.560001373291016,32.54999923706055,32.54999923706055,550,0.0,0.0,0.0
2024-08-21 13:10:00-04:00,32.56999969482422,32.59000015258789,32.56999969482422,32.59000015258789,1007,0.0,0.0,0.0
2024-08-21 13:15:00-04:00,32.58000183105469,32.630001068115234,32.58000183105469,32.630001068115234,2178,0.0,0.0,0.0
2024-08-21 13:20:00-04:00,32.63999938964844,32.70000076293945,32.63999938964844,32.665000915527344,11194,0.0,0.0,0.0
2024-08-21 13:25:00-04:00,32.66999816894531,32.689998626708984,32.63999938964844,32.66999816894531,7691,0.0,0.0,0.0
2024-08-21 13:30:00-04:00,32.68000030517578,32.709999084472656,32.65999984741211,32.68000030517578,20959,0.0,0.0,0.0
2024-08-21 13:35:00-04:00,32.66999816894531,32.66999816894531,32.619998931884766,32.63999938964844,2885,0.0,0.0,0.0
2024-08-21 13:40:00-04:00,32.63999938964844,32.68000030517578,32.63999938964844,32.68000030517578,3284,0.0,0.0,0.0
2024-08-21 13:45:00-04:00,32.70000076293945,32.72999954223633,32.68000030517578,32.689998626708984,6868,0.0,0.0,0.0
2024-08-21 13:50:00-04:00,32.720001220703125,32.720001220703125,32.66999816894531,32.66999816894531,3314,0.0,0.0,0.0
2024-08-21 13:55:00-04:00,32.689998626708984,32.689998626708984,32.66999816894531,32.68000030517578,2666,0.0,0.0,0.0
2024-08-21 14:00:00-04:00,32.709999084472656,32.720001220703125,32.630001068115234,32.70000076293945,4798,0.0,0.0,0.0
2024-08-21 14:05:00-04:00,32.689998626708984,32.7400016784668,32.66999816894531,32.72999954223633,8886,0.0,0.0,0.0
2024-08-21 14:10:00-04:00,32.7599983215332,32.7599983215332,32.689998626708984,32.73500061035156,5607,0.0,0.0,0.0
2024-08-21 14:15:00-04:00,32.73500061035156,32.790000915527344,32.72999954223633,32.779998779296875,13545,0.0,0.0,0.0
2024-08-21 14:20:00-04:00,32.790000915527344,32.900001525878906,32.790000915527344,32.88999938964844,16980,0.0,0.0,0.0
2024-08-21 14:25:00-04:00,32.891700744628906,32.970001220703125,32.869998931884766,32.970001220703125,13973,0.0,0.0,0.0
2024-08-21 14:30:00-04:00,32.970001220703125,33.04499816894531,32.959999084472656,33.029998779296875,24497,0.0,0.0,0.0
2024-08-21 14:35:00-04:00,33.040000915527344,33.11000061035156,32.97959899902344,32.9900016784668,44904,0.0,0.0,0.0
2024-08-21 14:40:00-04:00,33.0,33.02989959716797,32.91999816894531,32.94990158081055,7618,0.0,0.0,0.0
2024-08-21 14:45:00-04:00,32.959999084472656,33.09000015258789,32.95000076293945,33.06999969482422,61216,0.0,0.0,0.0
2024-08-21 14:50:00-04:00,33.06999969482422,33.16999816894531,33.06999969482422,33.169898986816406,28341,0.0,0.0,0.0
2024-08-21 14:55:00-04:00,33.15999984741211,33.16999816894531,33.11000061035156,33.13999938964844,6760,0.0,0.0,0.0
2024-08-21 15:00:00-04:00,33.130001068115234,33.18000030517578,33.130001068115234,33.130001068115234,19638,0.0,0.0,0.0
2024-08-21 15:05:00-04:00,33.189998626708984,33.314998626708984,33.189998626708984,33.279998779296875,46581,0.0,0.0,0.0
2024-08-21 15:10:00-04:00,33.290000915527344,33.349998474121094,33.279998779296875,33.290000915527344,13798,0.0,0.0,0.0
2024-08-21 15:15:00-04:00,33.290000915527344,33.29999923706055,33.08000183105469,33.16999816894531,137925,0.0,0.0,0.0
2024-08-21 15:20:00-04:00,33.18000030517578,33.25,33.13999938964844,33.25,10942,0.0,0.0,0.0
2024-08-21 15:25:00-04:00,33.2599983215332,33.34000015258789,33.2400016784668,33.29999923706055,47789,0.0,0.0,0.0
2024-08-21 15:30:00-04:00,33.27000045776367,33.380001068115234,33.269901275634766,33.369998931884766,18378,0.0,0.0,0.0
2024-08-21 15:35:00-04:00,33.349998474121094,33.45000076293945,33.349998474121094,33.44499969482422,32185,0.0,0.0,0.0
2024-08-21 15:40:00-04:00,33.470001220703125,33.5,33.36000061035156,33.36000061035156,15022,0.0,0.0,0.0
2024-08-21 15:45:00-04:00,33.380001068115234,33.47629928588867,33.380001068115234,33.45249938964844,17406,0.0,0.0,0.0
2024-08-21 15:50:00-04:00,33.47999954223633,33.52000045776367,33.41999816894531,33.5099983215332,8723,0.0,0.0,0.0
2024-08-21 15:55:00-04:00,33.51300048828125,33.599998474121094,33.5,33.59000015258789,77799,0.0,0.0,0.0
2024-08-22 09:30:00-04:00,33.16999816894531,33.209999084472656,33.04999923706055,33.165000915527344,64816,0.0,0.0,0.0
2024-08-22 09:35:00-04:00,33.16999816894531,33.20000076293945,33.08000183105469,33.11000061035156,8768,0.0,0.0,0.0
2024-08-22 09:40:00-04:00,33.099998474121094,33.1599006652832,33.040000915527344,33.04999923706055,8289,0.0,0.0,0.0
2024-08-22 09:45:00-04:00,33.060001373291016,33.09000015258789,32.95000076293945,32.97999954223633,41823,0.0,0.0,0.0
2024-08-22 09:50:00-04:00,32.959999084472656,33.13999938964844,32.91999816894531,33.13999938964844,10333,0.0,0.0,0.0
2024-08-22 09:55:00-04:00,33.189998626708984,33.20500183105469,33.15999984741211,33.16999816894531,22188,0.0,0.0,0.0
2024-08-22 10:00:00-04:00,33.11589813232422,33.11589813232422,33.06999969482422,33.06999969482422,1389,0.0,0.0,0.0
2024-08-22 10:05:00-04:00,33.04999923706055,33.09000015258789,32.939998626708984,32.970001220703125,60336,0.0,0.0,0.0
2024-08-22 10:10:00-04:00,32.95000076293945,33.0099983215332,32.93000030517578,33.0099983215332,19364,0.0,0.0,0.0
2024-08-22 10:15:00-04:00,33.0,33.06999969482422,32.970001220703125,33.029998779296875,2425,0.0,0.0,0.0
2024-08-22 10:20:00-04:00,33.029998779296875,33.060001373291016,33.02000045776367,33.060001373291016,7650,0.0,0.0,0.0
2024-08-22 10:25:00-04:00,33.0620002746582,33.0620002746582,33.0099983215332,33.0099983215332,1406,0.0,0.0,0.0
2024-08-22 10:30:00-04:00,33.02000045776367,33.02000045776367,32.95500183105469,32.95500183105469,9942,0.0,0.0,0.0
2024-08-22 10:35:00-04:00,33.029998779296875,33.03900146484375,33.0,33.03900146484375,1666,0.0,0.0,0.0
2024-08-22 10:40:00-04:00,33.02000045776367,33.02000045776367,33.0,33.0099983215332,728,0.0,0.0,0.0
2024-08-22 10:45:00-04:00,33.0099983215332,33.0099983215332,32.88999938964844,32.900001525878906,8649,0.0,0.0,0.0
2024-08-22 10:50:00-04:00,32.959999084472656,32.9900016784668,32.959999084472656,32.97010040283203,4558,0.0,0.0,0.0
2024-08-22 10:55:00-04:00,33.0,33.029998779296875,33.0,33.0,1819,0.0,0.0,0.0
2024-08-22 11:00:00-04:00,32.97999954223633,33.11000061035156,32.97999954223633,33.11000061035156,4877,0.0,0.0,0.0
2024-08-22 11:05:00-04:00,33.150001525878906,33.150001525878906,33.09000015258789,33.09000015258789,3368,0.0,0.0,0.0
2024-08-22 11:10:00-04:00,33.099998474121094,33.099998474121094,33.040000915527344,33.06999969482422,2543,0.0,0.0,0.0
2024-08-22 11:15:00-04:00,33.08000183105469,33.08000183105469,32.97999954223633,32.97999954223633,2595,0.0,0.0,0.0
2024-08-22 11:20:00-04:00,32.959999084472656,32.96500015258789,32.91999816894531,32.939998626708984,1951,0.0,0.0,0.0
2024-08-22 11:25:00-04:00,32.935001373291016,32.95000076293945,32.935001373291016,32.95000076293945,731,0.0,0.0,0.0
2024-08-22 11:30:00-04:00,32.959999084472656,32.959999084472656,32.8650016784668,32.915401458740234,6092,0.0,0.0,0.0
2024-08-22 11:35:00-04:00,32.88999938964844,32.900001525878906,32.83000183105469,32.83000183105469,5070,0.0,0.0,0.0
2024-08-22 11:40:00-04:00,32.845001220703125,32.900001525878906,32.77000045776367,32.790000915527344,52850,0.0,0.0,0.0
2024-08-22 11:45:00-04:00,32.779998779296875,32.81999969482422,32.7599983215332,32.779998779296875,9139,0.0,0.0,0.0
2024-08-22 11:50:00-04:00,32.7599983215332,32.849998474121094,32.75,32.849998474121094,25198,0.0,0.0,0.0
2024-08-22 11:55:00-04:00,32.84000015258789,32.92499923706055,32.81999969482422,32.92499923706055,6051,0.0,0.0,0.0
2024-08-22 12:00:00-04:00,32.90999984741211,32.930301666259766,32.900001525878906,32.93000030517578,2962,0.0,0.0,0.0
2024-08-22 12:05:00-04:00,32.95000076293945,32.95000076293945,32.91999816894531,32.93000030517578,9233,0.0,0.0,0.0
2024-08-22 12:10:00-04:00,32.93000030517578,32.93000030517578,32.86000061035156,32.86000061035156,11322,0.0,0.0,0.0
2024-08-22 12:15:00-04:00,32.875,32.900001525878906,32.849998474121094,32.900001525878906,4970,0.0,0.0,0.0
2024-08-22 12:20:00-04:00,32.915000915527344,32.970001220703125,32.915000915527344,32.959999084472656,2121,0.0,0.0,0.0
2024-08-22 12:25:00-04:00,32.959999084472656,32.970001220703125,32.95000076293945,32.959999084472656,2790,0.0,0.0,0.0
2024-08-22 12:30:00-04:00,32.970001220703125,32.9900016784668,32.959999084472656,32.959999084472656,4952,0.0,0.0,0.0
2024-08-22 12:35:00-04:00,32.970001220703125,33.0099983215332,32.970001220703125,32.98500061035156,5421,0.0,0.0,0.0
2024-08-22 12:40:00-04:00,32.9900016784668,33.02000045776367,32.9900016784668,32.9900016784668,1843,0.0,0.0,0.0
2024-08-22 12:45:00-04:00,32.980098724365234,33.005001068115234,32.93109893798828,32.93109893798828,3199,0.0,0.0,0.0
2024-08-22 12:50:00-04:00,32.935001373291016,32.935001373291016,32.869998931884766,32.869998931884766,4113,0.0,0.0,0.0
2024-08-22 12:55:00-04:00,32.86000061035156,32.880001068115234,32.849998474121094,32.87120056152344,2391,0.0,0.0,0.0
2024-08-22 13:00:00-04:00,32.86000061035156,32.900001525878906,32.81999969482422,32.86000061035156,14337,0.0,0.0,0.0
2024-08-22 13:05:00-04:00,32.849998474121094,32.88999938964844,32.83000183105469,32.880001068115234,2981,0.0,0.0,0.0
2024-08-22 13:10:00-04:00,32.900001525878906,32.939998626708984,32.880001068115234,32.880001068115234,3249,0.0,0.0,0.0
2024-08-22 13:15:00-04:00,32.88999938964844,32.970001220703125,32.88999938964844,32.959999084472656,3163,0.0,0.0,0.0
2024-08-22 13:20:00-04:00,32.95000076293945,32.959999084472656,32.93000030517578,32.93000030517578,3740,0.0,0.0,0.0
2024-08-22 13:25:00-04:00,32.939998626708984,32.959999084472656,32.91999816894531,32.95000076293945,1828,0.0,0.0,0.0
2024-08-22 13:30:00-04:00,32.939998626708984,32.959598541259766,32.83089828491211,32.84000015258789,10570,0.0,0.0,0.0
2024-08-22 13:35:00-04:00,32.84000015258789,32.91999816894531,32.84000015258789,32.910301208496094,7645,0.0,0.0,0.0
2024-08-22 13:40:00-04:00,32.900001525878906,32.90999984741211,32.900001525878906,32.90999984741211,1789,0.0,0.0,0.0
2024-08-22 13:45:00-04:00,32.900001525878906,32.900001525878906,32.83000183105469,32.83000183105469,1169,0.0,0.0,0.0
2024-08-22 13:50:00-04:00,32.86000061035156,32.86000061035156,32.790000915527344,32.790000915527344,6177,0.0,0.0,0.0
2024-08-22 13:55:00-04:00,32.779998779296875,32.79999923706055,32.77000045776367,32.775001525878906,3000,0.0,0.0,0.0
2024-08-22 14:00:00-04:00,32.79999923706055,32.869998931884766,32.790000915527344,32.79999923706055,3733,0.0,0.0,0.0
2024-08-22 14:05:00-04:00,32.790000915527344,32.83000183105469,32.779998779296875,32.83000183105469,4119,0.0,0.0,0.0
2024-08-22 14:10:00-04:00,32.81999969482422,32.849998474121094,32.81999969482422,32.849998474121094,3669,0.0,0.0,0.0
2024-08-22 14:15:00-04:00,32.88999938964844,32.959999084472656,32.88999938964844,32.959999084472656,2972,0.0,0.0,0.0
2024-08-22 14:20:00-04:00,32.970001220703125,32.9900016784668,32.95000076293945,32.95000076293945,10654,0.0,0.0,0.0
2024-08-22 14:25:00-04:00,32.939998626708984,32.97990036010742,32.939998626708984,32.97990036010742,3471,0.0,0.0,0.0
2024-08-22 14:30:00-04:00,32.959999084472656,32.959999084472656,32.935001373291016,32.935001373291016,858,0.0,0.0,0.0
2024-08-22 14:35:00-04:00,32.93000030517578,32.970001220703125,32.93000030517578,32.959999084472656,2124,0.0,0.0,0.0
2024-08-22 14:40:00-04:00,32.970001220703125,32.98500061035156,32.970001220703125,32.97999954223633,1827,0.0,0.0,0.0
2024-08-22 14:45:00-04:00,32.970001220703125,33.0,32.959999084472656,32.959999084472656,8902,0.0,0.0,0.0
2024-08-22 14:50:00-04:00,32.959999084472656,32.96500015258789,32.900001525878906,32.900001525878906,3762,0.0,0.0,0.0
2024-08-22 14:55:00-04:00,32.88999938964844,32.91999816894531,32.849998474121094,32.86000061035156,13142,0.0,0.0,0.0
2024-08-22 15:00:00-04:00,32.869998931884766,32.90999984741211,32.869998931884766,32.900001525878906,2601,0.0,0.0,0.0
2024-08-22 15:05:00-04:00,32.900001525878906,32.900001525878906,32.86000061035156,32.880001068115234,10835,0.0,0.0,0.0
2024-08-22 15:10:00-04:00,32.869998931884766,32.8849983215332,32.849998474121094,32.869998931884766,10056,0.0,0.0,0.0
2024-08-22 15:15:00-04:00,32.869998931884766,32.869998931884766,32.81999969482422,32.84000015258789,7429,0.0,0.0,0.0
2024-08-22 15:20:00-04:00,32.83000183105469,32.830101013183594,32.790000915527344,32.790000915527344,15143,0.0,0.0,0.0
2024-08-22 15:25:00-04:00,32.79999923706055,32.81999969482422,32.790000915527344,32.810001373291016,27442,0.0,0.0,0.0
2024-08-22 15:30:00-04:00,32.79999923706055,32.83000183105469,32.79999923706055,32.79999923706055,18688,0.0,0.0,0.0
2024-08-22 15:35:00-04:00,32.79999923706055,32.900001525878906,32.775001525878906,32.869998931884766,22194,0.0,0.0,0.0
2024-08-22 15:40:00-04:00,32.849998474121094,32.86000061035156,32.84000015258789,32.84000015258789,7916,0.0,0.0,0.0
2024-08-22 15:45:00-04:00,32.849998474121094,32.91999816894531,32.83000183105469,32.919898986816406,29934,0.0,0.0,0.0
2024-08-22 15:50:00-04:00,32.91999816894531,32.93000030517578,32.83000183105469,32.84000015258789,26741,0.0,0.0,0.0
2024-08-22 15:55:00-04:00,32.84000015258789,32.869998931884766,32.81999969482422,32.849998474121094,23995,0.0,0.0,0.0
2024-08-23 09:30:00-04:00,33.29999923706055,33.310001373291016,33.20000076293945,33.230899810791016,60736,0.0,0.0,0.0
2024-08-23 09:35:00-04:00,33.2400016784668,33.334999084472656,33.2400016784668,33.27000045776367,3972,0.0,0.0,0.0
2024-08-23 09:40:00-04:00,33.29010009765625,33.29010009765625,33.22119903564453,33.22119903564453,4992,0.0,0.0,0.0
2024-08-23 09:45:00-04:00,33.25,33.279998779296875,33.25,33.279998779296875,1206,0.0,0.0,0.0
2024-08-23 09:50:00-04:00,33.28929901123047,33.28929901123047,33.220001220703125,33.220001220703125,6746,0.0,0.0,0.0
2024-08-23 09:55:00-04:00,33.261600494384766,33.30500030517578,33.26129913330078,33.30500030517578,3699,0.0,0.0,0.0
2024-08-23 10:00:00-04:00,33.3849983215332,33.61000061035156,33.3849983215332,33.57500076293945,122538,0.0,0.0,0.0
2024-08-23 10:05:00-04:00,33.625,33.720001220703125,33.47999954223633,33.70000076293945,143033,0.0,0.0,0.0
2024-08-23 10:10:00-04:00,33.70000076293945,33.90999984741211,33.70000076293945,33.88999938964844,162940,0.0,0.0,0.0
2024-08-23 10:15:00-04:00,33.900001525878906,33.97999954223633,33.5099983215332,33.57500076293945,173152,0.0,0.0,0.0
2024-08-23 10:20:00-04:00,33.56999969482422,33.7599983215332,33.529998779296875,33.7599983215332,27945,0.0,0.0,0.0
2024-08-23 10:25:00-04:00,33.76499938964844,33.84000015258789,33.689998626708984,33.75,101397,0.0,0.0,0.0
2024-08-23 10:30:00-04:00,33.75,33.79999923706055,33.6349983215332,33.70000076293945,28697,0.0,0.0,0.0
2024-08-23 10:35:00-04:00,33.650001525878906,33.70000076293945,33.58000183105469,33.63999938964844,14717,0.0,0.0,0.0
2024-08-23 10:40:00-04:00,33.56999969482422,33.65999984741211,33.56999969482422,33.650001525878906,6839,0.0,0.0,0.0
2024-08-23 10:45:00-04:00,33.59000015258789,33.59000015258789,33.16999816894531,33.16999816894531,144803,0.0,0.0,0.0
2024-08-23 10:50:00-04:00,33.15999984741211,33.27000045776367,33.13999938964844,33.20000076293945,28454,0.0,0.0,0.0
2024-08-23 10:55:00-04:00,33.209999084472656,33.279998779296875,33.15999984741211,33.2599983215332,14173,0.0,0.0,0.0
2024-08-23 11:00:00-04:00,33.2400016784668,33.369998931884766,33.220001220703125,33.369998931884766,21934,0.0,0.0,0.0
2024-08-23 11:05:00-04:00,33.380001068115234,33.470001220703125,33.34000015258789,33.40999984741211,13895,0.0,0.0,0.0
2024-08-23 11:10:00-04:00,33.40999984741211,33.41999816894531,33.290000915527344,33.369998931884766,8926,0.0,0.0,0.0
2024-08-23 11:15:00-04:00,33.43000030517578,33.4900016784668,33.40999984741211,33.459999084472656,11078,0.0,0.0,0.0
2024-08-23 11:20:00-04:00,33.439998626708984,33.484798431396484,33.439998626708984,33.47999954223633,0,0.0,0.0,0.0
2024-08-23 11:25:00-04:00,33.489601135253906,33.54999923706055,33.470001220703125,33.4900016784668,1178258,0.0,0.0,0.0
2024-08-23 11:30:00-04:00,33.5,33.540000915527344,33.5,33.540000915527344,4833,0.0,0.0,0.0
2024-08-23 11:35:00-04:00,33.523101806640625,33.66999816894531,33.523101806640625,33.65999984741211,107548,0.0,0.0,0.0
2024-08-23 11:40:00-04:00,33.66999816894531,33.709999084472656,33.58000183105469,33.619998931884766,27023,0.0,0.0,0.0
2024-08-23 11:45:00-04:00,33.599998474121094,33.619998931884766,33.540000915527344,33.59000015258789,10787,0.0,0.0,0.0
2024-08-23 11:50:00-04:00,33.580101013183594,33.580101013183594,33.560001373291016,33.56999969482422,3901,0.0,0.0,0.0
2024-08-23 11:55:00-04:00,33.61000061035156,33.61000061035156,33.56999969482422,33.56999969482422,756,0.0,0.0,0.0
2024-08-23 12:00:00-04:00,33.52000045776367,33.52000045776367,33.5,33.52000045776367,4063,0.0,0.0,0.0
2024-08-23 12:05:00-04:00,33.5099983215332,33.5099983215332,33.45000076293945,33.5,11978,0.0,0.0,0.0
2024-08-23 12:10:00-04:00,33.56999969482422,33.61000061035156,33.54999923706055,33.54999923706055,3906,0.0,0.0,0.0
2024-08-23 12:15:00-04:00,33.540000915527344,33.58000183105469,33.5099983215332,33.5099983215332,4302,0.0,0.0,0.0
2024-08-23 12:20:00-04:00,33.59000015258789,33.59000015258789,33.560001373291016,33.56999969482422,1182,0.0,0.0,0.0
2024-08-23 12:25:00-04:00,33.560001373291016,33.56990051269531,33.52000045776367,33.52000045776367,2369,0.0,0.0,0.0
2024-08-23 12:30:00-04:00,33.52000045776367,33.56999969482422,33.51499938964844,33.560001373291016,2563,0.0,0.0,0.0
2024-08-23 12:35:00-04:00,33.599998474121094,33.68000030517578,33.59000015258789,33.68000030517578,2320,0.0,0.0,0.0
2024-08-23 12:40:00-04:00,33.68000030517578,33.720001220703125,33.56999969482422,33.61000061035156,3744,0.0,0.0,0.0
2024-08-23 12:45:00-04:00,33.599998474121094,33.599998474121094,33.529998779296875,33.529998779296875,1763,0.0,0.0,0.0
2024-08-23 12:50:00-04:00,33.560001373291016,33.650001525878906,33.560001373291016,33.650001525878906,964,0.0,0.0,0.0
2024-08-23 12:55:00-04:00,33.689998626708984,33.69300079345703,33.689998626708984,33.689998626708984,1270,0.0,0.0,0.0
2024-08-23 13:00:00-04:00,33.66999816894531,33.699798583984375,33.650001525878906,33.679901123046875,10254,0.0,0.0,0.0
2024-08-23 13:05:00-04:00,33.689998626708984,33.709999084472656,33.66999816894531,33.66999816894531,7268,0.0,0.0,0.0
2024-08-23 13:10:00-04:00,33.63999938964844,33.65999984741211,33.599998474121094,33.65999984741211,11813,0.0,0.0,0.0
2024-08-23 13:15:00-04:00,33.66999816894531,33.7599983215332,33.66999816894531,33.72999954223633,26692,0.0,0.0,0.0
2024-08-23 13:20:00-04:00,33.7400016784668,33.77000045776367,33.70000076293945,33.70000076293945,10912,0.0,0.0,0.0
2024-08-23 13:25:00-04:00,33.709999084472656,33.72999954223633,33.709999084472656,33.72999954223633,1441,0.0,0.0,0.0
2024-08-23 13:30:00-04:00,33.72990036010742,33.7400016784668,33.68000030517578,33.7400016784668,19596,0.0,0.0,0.0
2024-08-23 13:35:00-04:00,33.72999954223633,33.810001373291016,33.72999954223633,33.810001373291016,17890,0.0,0.0,0.0
2024-08-23 13:40:00-04:00,33.810001373291016,33.97999954223633,33.790000915527344,33.970001220703125,73440,0.0,0.0,0.0
2024-08-23 13:45:00-04:00,33.97999954223633,34.29999923706055,33.95000076293945,34.27000045776367,321429,0.0,0.0,0.0
2024-08-23 13:50:00-04:00,34.27000045776367,34.349998474121094,34.209999084472656,34.33000183105469,158003,0.0,0.0,0.0
2024-08-23 13:55:00-04:00,34.310001373291016,34.400001525878906,34.30500030517578,34.400001525878906,25784,0.0,0.0,0.0
2024-08-23 14:00:00-04:00,34.380001068115234,34.5099983215332,34.36000061035156,34.45000076293945,65710,0.0,0.0,0.0
2024-08-23 14:05:00-04:00,34.41999816894531,34.41999816894531,34.209999084472656,34.28200149536133,60259,0.0,0.0,0.0
2024-08-23 14:10:00-04:00,34.29999923706055,34.400001525878906,34.29999923706055,34.380001068115234,34979,0.0,0.0,0.0
2024-08-23 14:15:00-04:00,34.380001068115234,34.4900016784668,34.380001068115234,34.459999084472656,27845,0.0,0.0,0.0
2024-08-23 14:20:00-04:00,34.47060012817383,34.59000015258789,34.45000076293945,34.560001373291016,104265,0.0,0.0,0.0
2024-08-23 14:25:00-04:00,34.56999969482422,34.59000015258789,34.38999938964844,34.459999084472656,197766,0.0,0.0,0.0
2024-08-23 14:30:00-04:00,34.5099983215332,34.5099983215332,34.417999267578125,34.43000030517578,16171,0.0,0.0,0.0
2024-08-23 14:35:00-04:00,34.43000030517578,34.58000183105469,34.43000030517578,34.58000183105469,21935,0.0,0.0,0.0
2024-08-23 14:40:00-04:00,34.58000183105469,34.619998931884766,34.53010177612305,34.58000183105469,38436,0.0,0.0,0.0
2024-08-23 14:45:00-04:00,34.56999969482422,34.61000061035156,34.54999923706055,34.59000015258789,42335,0.0,0.0,0.0
2024-08-23 14:50:00-04:00,34.59000015258789,34.619998931884766,34.54999923706055,34.57500076293945,37167,0.0,0.0,0.0
2024-08-23 14:55:00-04:00,34.58000183105469,34.58000183105469,34.4640998840332,34.4900016784668,11033,0.0,0.0,0.0
2024-08-23 15:00:00-04:00,34.47999954223633,34.47999954223633,34.38999938964844,34.45000076293945,11206,0.0,0.0,0.0
2024-08-23 15:05:00-04:00,34.47999954223633,34.540000915527344,34.46419906616211,34.540000915527344,10276,0.0,0.0,0.0
2024-08-23 15:10:00-04:00,34.54999923706055,34.70000076293945,34.54999923706055,34.66999816894531,20846,0.0,0.0,0.0
2024-08-23 15:15:00-04:00,34.65999984741211,34.7400016784668,34.63999938964844,34.709999084472656,43405,0.0,0.0,0.0
2024-08-23 15:20:00-04:00,34.70000076293945,34.779998779296875,34.70000076293945,34.779998779296875,36981,0.0,0.0,0.0
2024-08-23 15:25:00-04:00,34.779998779296875,34.84000015258789,34.75,34.7599983215332,121268,0.0,0.0,0.0
2024-08-23 15:30:00-04:00,34.75,34.75,34.66999816894531,34.70000076293945,15776,0.0,0.0,0.0
2024-08-23 15:35:00-04:00,34.70000076293945,34.75,34.65999984741211,34.689998626708984,40962,0.0,0.0,0.0
2024-08-23 15:40:00-04:00,34.720001220703125,34.779998779296875,34.709999084472656,34.720001220703125,45807,0.0,0.0,0.0
2024-08-23 15:45:00-04:00,34.709999084472656,34.79999923706055,34.689998626708984,34.790000915527344,31443,0.0,0.0,0.0
2024-08-23 15:50:00-04:00,34.79999923706055,34.79999923706055,34.71849822998047,34.76499938964844,23814,0.0,0.0,0.0
2024-08-23 15:55:00-04:00,34.77000045776367,34.770198822021484,34.63999938964844,34.709999084472656,103465,0.0,0.0,0.0
2024-08-26 09:30:00-04:00,34.810001373291016,34.81999969482422,34.689998626708984,34.740699768066406,71543,0.0,0.0,0.0
2024-08-26 09:35:00-04:00,34.70000076293945,34.77000045776367,34.689998626708984,34.720001220703125,17817,0.0,0.0,0.0
2024-08-26 09:40:00-04:00,34.70000076293945,34.70000076293945,34.600101470947266,34.689998626708984,97006,0.0,0.0,0.0
2024-08-26 09:45:00-04:00,34.67499923706055,34.68000030517578,34.599998474121094,34.68000030517578,13560,0.0,0.0,0.0
2024-08-26 09:50:00-04:00,34.699798583984375,34.7599983215332,34.68000030517578,34.68000030517578,9766,0.0,0.0,0.0
2024-08-26 09:55:00-04:00,34.68360137939453,34.779998779296875,34.68360137939453,34.7599983215332,2339,0.0,0.0,0.0
2024-08-26 10:00:00-04:00,34.76190185546875,34.810001373291016,34.7307014465332,34.80569839477539,6482,0.0,0.0,0.0
2024-08-26 10:05:00-04:00,34.804901123046875,34.810001373291016,34.66999816894531,34.68000030517578,8565,0.0,0.0,0.0
2024-08-26 10:10:00-04:00,34.68000030517578,34.68000030517578,34.630001068115234,34.63999938964844,2883,0.0,0.0,0.0
2024-08-26 10:15:00-04:00,34.619998931884766,34.619998931884766,34.4900016784668,34.5,86115,0.0,0.0,0.0
2024-08-26 10:20:00-04:00,34.529998779296875,34.59000015258789,34.470001220703125,34.59000015258789,18628,0.0,0.0,0.0
2024-08-26 10:25:00-04:00,34.599998474121094,34.666500091552734,34.599998474121094,34.63999938964844,17417,0.0,0.0,0.0
2024-08-26 10:30:00-04:00,34.630001068115234,34.68000030517578,34.54999923706055,34.599998474121094,22293,0.0,0.0,0.0
2024-08-26 10:35:00-04:00,34.559898376464844,34.609901428222656,34.43000030517578,34.43000030517578,33824,0.0,0.0,0.0
2024-08-26 10:40:00-04:00,34.41999816894531,34.5099983215332,34.41999816894531,34.43000030517578,41230,0.0,0.0,0.0
2024-08-26 10:45:00-04:00,34.4900016784668,34.58000183105469,34.4900016784668,34.540000915527344,4403,0.0,0.0,0.0
2024-08-26 10:50:00-04:00,34.58000183105469,34.61650085449219,34.54999923706055,34.58000183105469,12163,0.0,0.0,0.0
2024-08-26 10:55:00-04:00,34.55009841918945,34.59000015258789,34.54999923706055,34.59000015258789,1724,0.0,0.0,0.0
2024-08-26 11:00:00-04:00,34.599998474121094,34.599998474121094,34.54999923706055,34.54999923706055,15524,0.0,0.0,0.0
2024-08-26 11:05:00-04:00,34.540000915527344,34.540000915527344,34.5,34.52000045776367,30196,0.0,0.0,0.0
2024-08-26 11:10:00-04:00,34.540000915527344,34.540000915527344,34.459999084472656,34.459999084472656,18758,0.0,0.0,0.0
2024-08-26 11:15:00-04:00,34.439998626708984,34.46030044555664,34.369998931884766,34.46030044555664,49453,0.0,0.0,0.0
2024-08-26 11:20:00-04:00,34.47999954223633,34.560001373291016,34.45000076293945,34.540000915527344,13691,0.0,0.0,0.0
2024-08-26 11:25:00-04:00,34.540000915527344,34.540000915527344,34.4900016784668,34.52000045776367,2558,0.0,0.0,0.0
2024-08-26 11:30:00-04:00,34.540000915527344,34.56999969482422,34.529998779296875,34.560001373291016,14758,0.0,0.0,0.0
2024-08-26 11:35:00-04:00,34.540000915527344,34.56999969482422,34.529998779296875,34.56999969482422,8236,0.0,0.0,0.0
2024-08-26 11:40:00-04:00,34.560001373291016,34.630001068115234,34.560001373291016,34.61000061035156,6247,0.0,0.0,0.0
2024-08-26 11:45:00-04:00,34.599998474121094,34.65999984741211,34.54999923706055,34.65999984741211,21818,0.0,0.0,0.0
2024-08-26 11:50:00-04:00,34.65999984741211,34.68000030517578,34.630001068115234,34.68000030517578,18793,0.0,0.0,0.0
2024-08-26 11:55:00-04:00,34.66999816894531,34.689998626708984,34.63999938964844,34.650001525878906,6477,0.0,0.0,0.0
2024-08-26 12:00:00-04:00,34.630001068115234,34.630001068115234,34.580101013183594,34.580101013183594,6405,0.0,0.0,0.0
2024-08-26 12:05:00-04:00,34.59000015258789,34.65599822998047,34.58000183105469,34.650001525878906,16766,0.0,0.0,0.0
2024-08-26 12:10:00-04:00,34.70000076293945,34.709999084472656,34.65999984741211,34.65999984741211,1561,0.0,0.0,0.0
2024-08-26 12:15:00-04:00,34.650001525878906,34.65999984741211,34.630001068115234,34.65999984741211,1885,0.0,0.0,0.0
2024-08-26 12:20:00-04:00,34.630001068115234,34.70790100097656,34.630001068115234,34.70790100097656,5011,0.0,0.0,0.0
2024-08-26 12:25:00-04:00,34.689998626708984,34.689998626708984,34.65999984741211,34.669700622558594,3131,0.0,0.0,0.0
2024-08-26 12:30:00-04:00,34.68000030517578,34.69990158081055,34.65999984741211,34.66999816894531,5420,0.0,0.0,0.0
2024-08-26 12:35:00-04:00,34.720001220703125,34.7599983215332,34.70500183105469,34.75,22524,0.0,0.0,0.0
2024-08-26 12:40:00-04:00,34.7406005859375,34.79999923706055,34.72999954223633,34.779701232910156,5984,0.0,0.0,0.0
2024-08-26 12:45:00-04:00,34.77000045776367,34.79999923706055,34.75,34.75,14599,0.0,0.0,0.0
2024-08-26 12:50:00-04:00,34.75,34.75,34.68000030517578,34.70000076293945,5042,0.0,0.0,0.0
2024-08-26 12:55:00-04:00,34.72999954223633,34.7400016784668,34.709999084472656,34.7400016784668,36044,0.0,0.0,0.0
2024-08-26 13:00:00-04:00,34.7400016784668,34.749900817871094,34.709999084472656,34.72999954223633,4861,0.0,0.0,0.0
2024-08-26 13:05:00-04:00,34.7400016784668,34.779998779296875,34.720001220703125,34.72100067138672,8817,0.0,0.0,0.0
2024-08-26 13:10:00-04:00,34.720001220703125,34.72650146484375,34.70000076293945,34.72650146484375,1728,0.0,0.0,0.0
2024-08-26 13:15:00-04:00,34.72999954223633,34.77000045776367,34.70050048828125,34.709999084472656,36943,0.0,0.0,0.0
2024-08-26 13:20:00-04:00,34.709999084472656,34.779998779296875,34.709999084472656,34.779998779296875,42571,0.0,0.0,0.0
2024-08-26 13:25:00-04:00,34.779998779296875,34.790000915527344,34.7599983215332,34.779998779296875,3688,0.0,0.0,0.0
2024-08-26 13:30:00-04:00,34.77000045776367,34.83000183105469,34.77000045776367,34.77000045776367,29145,0.0,0.0,0.0
2024-08-26 13:35:00-04:00,34.72999954223633,34.7400016784668,34.630001068115234,34.630001068115234,49661,0.0,0.0,0.0
2024-08-26 13:40:00-04:00,34.619998931884766,34.63999938964844,34.599998474121094,34.630001068115234,27523,0.0,0.0,0.0
2024-08-26 13:45:00-04:00,34.63999938964844,34.63999938964844,34.4900016784668,34.52000045776367,16683,0.0,0.0,0.0
2024-08-26 13:50:00-04:00,34.4900016784668,34.5099983215332,34.47999954223633,34.4900016784668,9117,0.0,0.0,0.0
2024-08-26 13:55:00-04:00,34.459999084472656,34.54999923706055,34.459999084472656,34.540000915527344,7786,0.0,0.0,0.0
2024-08-26 14:00:00-04:00,34.540000915527344,34.61000061035156,34.529998779296875,34.54999923706055,7466,0.0,0.0,0.0
2024-08-26 14:05:00-04:00,34.55500030517578,34.560001373291016,34.439998626708984,34.4900016784668,7568,0.0,0.0,0.0
2024-08-26 14:10:00-04:00,34.47999954223633,34.58000183105469,34.45500183105469,34.54999923706055,258845,0.0,0.0,0.0
2024-08-26 14:15:00-04:00,34.540000915527344,34.54999923706055,34.45000076293945,34.470001220703125,32846,0.0,0.0,0.0
2024-08-26 14:20:00-04:00,34.4900016784668,34.59000015258789,34.4900016784668,34.58000183105469,59652,0.0,0.0,0.0
2024-08-26 14:25:00-04:00,34.58000183105469,34.630001068115234,34.58000183105469,34.630001068115234,9625,0.0,0.0,0.0
2024-08-26 14:30:00-04:00,34.650001525878906,34.689998626708984,34.645198822021484,34.67499923706055,16844,0.0,0.0,0.0
2024-08-26 14:35:00-04:00,34.68000030517578,34.709999084472656,34.65999984741211,34.68000030517578,37345,0.0,0.0,0.0
2024-08-26 14:40:00-04:00,34.689998626708984,34.720001220703125,34.689998626708984,34.709999084472656,3909,0.0,0.0,0.0
2024-08-26 14:45:00-04:00,34.709999084472656,34.709999084472656,34.65999984741211,34.65999984741211,4917,0.0,0.0,0.0
2024-08-26 14:50:00-04:00,34.650001525878906,34.67499923706055,34.63999938964844,34.66999816894531,14776,0.0,0.0,0.0
2024-08-26 14:55:00-04:00,34.66999816894531,34.689998626708984,34.65999984741211,34.68000030517578,4989,0.0,0.0,0.0
2024-08-26 15:00:00-04:00,34.689998626708984,34.720001220703125,34.66469955444336,34.66999816894531,8884,0.0,0.0,0.0
2024-08-26 15:05:00-04:00,34.619998931884766,34.619998931884766,34.584999084472656,34.61989974975586,14453,0.0,0.0,0.0
2024-08-26 15:10:00-04:00,34.6150016784668,34.66999816894531,34.61000061035156,34.66999816894531,16528,0.0,0.0,0.0
2024-08-26 15:15:00-04:00,34.66999816894531,34.66999816894531,34.599998474121094,34.619998931884766,3660,0.0,0.0,0.0
2024-08-26 15:20:00-04:00,34.650001525878906,34.68989944458008,34.619998931884766,34.619998931884766,2916,0.0,0.0,0.0
2024-08-26 15:25:00-04:00,34.599998474121094,34.619998931884766,34.59000015258789,34.61989974975586,19666,0.0,0.0,0.0
2024-08-26 15:30:00-04:00,34.599998474121094,34.630001068115234,34.58000183105469,34.619998931884766,3775,0.0,0.0,0.0
2024-08-26 15:35:00-04:00,34.61000061035156,34.61000061035156,34.58000183105469,34.58000183105469,4455,0.0,0.0,0.0
2024-08-26 15:40:00-04:00,34.57460021972656,34.58000183105469,34.529998779296875,34.529998779296875,4329,0.0,0.0,0.0
2024-08-26 15:45:00-04:00,34.529998779296875,34.529998779296875,34.494998931884766,34.5,4907,0.0,0.0,0.0
2024-08-26 15:50:00-04:00,34.5099983215332,34.54999923706055,34.4900016784668,34.5,9998,0.0,0.0,0.0
2024-08-26 15:55:00-04:00,34.5,34.52000045776367,34.470001220703125,34.52000045776367,29547,0.0,0.0,0.0
2024-08-27 09:30:00-04:00,34.02000045776367,34.029998779296875,33.939998626708984,34.01499938964844,21864,0.0,0.0,0.0
2024-08-27 09:35:00-04:00,33.939998626708984,33.959999084472656,33.86000061035156,33.880001068115234,12887,0.0,0.0,0.0
2024-08-27 09:40:00-04:00,33.880001068115234,33.959999084472656,33.869998931884766,33.88520050048828,18142,0.0,0.0,0.0
2024-08-27 09:45:00-04:00,33.880001068115234,33.95000076293945,33.849998474121094,33.95000076293945,11475,0.0,0.0,0.0
2024-08-27 09:50:00-04:00,33.970001220703125,34.0,33.93000030517578,33.970001220703125,7188,0.0,0.0,0.0
2024-08-27 09:55:00-04:00,33.97999954223633,33.980098724365234,33.90999984741211,33.90999984741211,7248,0.0,0.0,0.0
2024-08-27 10:00:00-04:00,33.93000030517578,33.939998626708984,33.86000061035156,33.880001068115234,8812,0.0,0.0,0.0
2024-08-27 10:05:00-04:00,33.90999984741211,33.90999984741211,33.72060012817383,33.77000045776367,74687,0.0,0.0,0.0
2024-08-27 10:10:00-04:00,33.75,33.79999923706055,33.65999984741211,33.709999084472656,81679,0.0,0.0,0.0
2024-08-27 10:15:00-04:00,33.731998443603516,33.790000915527344,33.70000076293945,33.72999954223633,26476,0.0,0.0,0.0
2024-08-27 10:20:00-04:00,33.709999084472656,33.779998779296875,33.68000030517578,33.77000045776367,17356,0.0,0.0,0.0
2024-08-27 10:25:00-04:00,33.7599983215332,33.79999923706055,33.7599983215332,33.79999923706055,14087,0.0,0.0,0.0
2024-08-27 10:30:00-04:00,33.79999923706055,33.86899948120117,33.779998779296875,33.779998779296875,8150,0.0,0.0,0.0
2024-08-27 10:35:00-04:00,33.779998779296875,33.81999969482422,33.7400016784668,33.81999969482422,23018,0.0,0.0,0.0
2024-08-27 10:40:00-04:00,33.83000183105469,33.84000015258789,33.79999923706055,33.84000015258789,13069,0.0,0.0,0.0
2024-08-27 10:45:00-04:00,33.84980010986328,33.84980010986328,33.7599983215332,33.779998779296875,5924,0.0,0.0,0.0
2024-08-27 10:50:00-04:00,33.77000045776367,33.77000045776367,33.720001220703125,33.720001220703125,11920,0.0,0.0,0.0
2024-08-27 10:55:00-04:00,33.709999084472656,33.75,33.68000030517578,33.689998626708984,9517,0.0,0.0,0.0
2024-08-27 11:00:00-04:00,33.689998626708984,33.709999084472656,33.619998931884766,33.619998931884766,20573,0.0,0.0,0.0
2024-08-27 11:05:00-04:00,33.61000061035156,33.720001220703125,33.56999969482422,33.720001220703125,14168,0.0,0.0,0.0
2024-08-27 11:10:00-04:00,33.720001220703125,33.75,33.709999084472656,33.709999084472656,9489,0.0,0.0,0.0
2024-08-27 11:15:00-04:00,33.720001220703125,33.720001220703125,33.630001068115234,33.630001068115234,27477,0.0,0.0,0.0
2024-08-27 11:20:00-04:00,33.68000030517578,33.68000030517578,33.619998931884766,33.619998931884766,4331,0.0,0.0,0.0
2024-08-27 11:25:00-04:00,33.619998931884766,33.630001068115234,33.61000061035156,33.630001068115234,2819,0.0,0.0,0.0
2024-08-27 11:30:00-04:00,33.625,33.63999938964844,33.5,33.5099983215332,48876,0.0,0.0,0.0
2024-08-27 11:35:00-04:00,33.5099983215332,33.59000015258789,33.47999954223633,33.560001373291016,83676,0.0,0.0,0.0
2024-08-27 11:40:00-04:00,33.565101623535156,33.59000015258789,33.529998779296875,33.58000183105469,13405,0.0,0.0,0.0
2024-08-27 11:45:00-04:00,33.59000015258789,33.599998474121094,33.540000915527344,33.544498443603516,18265,0.0,0.0,0.0
2024-08-27 11:50:00-04:00,33.54010009765625,33.584999084472656,33.52000045776367,33.56629943847656,25998,0.0,0.0,0.0
2024-08-27 11:55:00-04:00,33.57500076293945,33.61000061035156,33.56999969482422,33.61000061035156,5460,0.0,0.0,0.0
2024-08-27 12:00:00-04:00,33.56999969482422,33.61000061035156,33.540000915527344,33.599998474121094,23327,0.0,0.0,0.0
2024-08-27 12:05:00-04:00,33.560001373291016,33.619998931884766,33.54999923706055,33.599998474121094,45341,0.0,0.0,0.0
2024-08-27 12:10:00-04:00,33.619998931884766,33.70000076293945,33.619998931884766,33.70000076293945,18625,0.0,0.0,0.0
2024-08-27 12:15:00-04:00,33.68130111694336,33.7400016784668,33.68130111694336,33.7400016784668,13801,0.0,0.0,0.0
2024-08-27 12:20:00-04:00,33.75,33.77000045776367,33.72999954223633,33.77000045776367,2462,0.0,0.0,0.0
2024-08-27 12:25:00-04:00,33.7400016784668,33.7400016784668,33.709999084472656,33.7400016784668,4848,0.0,0.0,0.0
2024-08-27 12:30:00-04:00,33.7400016784668,33.75,33.705101013183594,33.705101013183594,14187,0.0,0.0,0.0
2024-08-27 12:35:00-04:00,33.689998626708984,33.689998626708984,33.630001068115234,33.630001068115234,2484,0.0,0.0,0.0
2024-08-27 12:40:00-04:00,33.619998931884766,33.619998931884766,33.54999923706055,33.54999923706055,11311,0.0,0.0,0.0
2024-08-27 12:45:00-04:00,33.54999923706055,33.599998474121094,33.54999923706055,33.59000015258789,15059,0.0,0.0,0.0
2024-08-27 12:50:00-04:00,33.58000183105469,33.59000015258789,33.53879928588867,33.540000915527344,2801,0.0,0.0,0.0
2024-08-27 12:55:00-04:00,33.52000045776367,33.54999923706055,33.52000045776367,33.535099029541016,12489,0.0,0.0,0.0
2024-08-27 13:00:00-04:00,33.540000915527344,33.540000915527344,33.5099983215332,33.529998779296875,1714,0.0,0.0,0.0
2024-08-27 13:05:00-04:00,33.56999969482422,33.58000183105469,33.54999923706055,33.560001373291016,2506,0.0,0.0,0.0
2024-08-27 13:10:00-04:00,33.560001373291016,33.58000183105469,33.540000915527344,33.540000915527344,1216,0.0,0.0,0.0
2024-08-27 13:15:00-04:00,33.55500030517578,33.599998474121094,33.55500030517578,33.599998474121094,20425,0.0,0.0,0.0
2024-08-27 13:20:00-04:00,33.59000015258789,33.63999938964844,33.59000015258789,33.619998931884766,3218,0.0,0.0,0.0
2024-08-27 13:25:00-04:00,33.650001525878906,33.66999816894531,33.650001525878906,33.66999816894531,1547,0.0,0.0,0.0
2024-08-27 13:30:00-04:00,33.650001525878906,33.68000030517578,33.64979934692383,33.68000030517578,2340,0.0,0.0,0.0
2024-08-27 13:35:00-04:00,33.679901123046875,33.679901123046875,33.63999938964844,33.63999938964844,3495,0.0,0.0,0.0
2024-08-27 13:40:00-04:00,33.61000061035156,33.630001068115234,33.599998474121094,33.625,2961,0.0,0.0,0.0
2024-08-27 13:45:00-04:00,33.63999938964844,33.66999816894531,33.630001068115234,33.66999816894531,6688,0.0,0.0,0.0
2024-08-27 13:50:00-04:00,33.70000076293945,33.7234001159668,33.70000076293945,33.70100021362305,2869,0.0,0.0,0.0
2024-08-27 13:55:00-04:00,33.709999084472656,33.72999954223633,33.709999084472656,33.72999954223633,2161,0.0,0.0,0.0
2024-08-27 14:00:00-04:00,33.7400016784668,33.75,33.720001220703125,33.720001220703125,3124,0.0,0.0,0.0
2024-08-27 14:05:00-04:00,33.72999954223633,33.77000045776367,33.72999954223633,33.72999954223633,2755,0.0,0.0,0.0
2024-08-27 14:10:00-04:00,33.7400016784668,33.75,33.7400016784668,33.75,1561,0.0,0.0,0.0
2024-08-27 14:15:00-04:00,33.78390121459961,33.84000015258789,33.78390121459961,33.84000015258789,2444,0.0,0.0,0.0
2024-08-27 14:20:00-04:00,33.845001220703125,33.849998474121094,33.77000045776367,33.779998779296875,13274,0.0,0.0,0.0
2024-08-27 14:25:00-04:00,33.77000045776367,33.77000045776367,33.709999084472656,33.709999084472656,7242,0.0,0.0,0.0
2024-08-27 14:30:00-04:00,33.709999084472656,33.75,33.70000076293945,33.75,5078,0.0,0.0,0.0
2024-08-27 14:35:00-04:00,33.7599983215332,33.81999969482422,33.7599983215332,33.81999969482422,1864,0.0,0.0,0.0
2024-08-27 14:40:00-04:00,33.79999923706055,33.84000015258789,33.79999923706055,33.839900970458984,1346,0.0,0.0,0.0
2024-08-27 14:45:00-04:00,33.83000183105469,33.83000183105469,33.81990051269531,33.81999969482422,3754,0.0,0.0,0.0
2024-08-27 14:50:00-04:00,33.810001373291016,33.83000183105469,33.79999923706055,33.81990051269531,7715,0.0,0.0,0.0
2024-08-27 14:55:00-04:00,33.81999969482422,33.845001220703125,33.81999969482422,33.81999969482422,4878,0.0,0.0,0.0
2024-08-27 15:00:00-04:00,33.83000183105469,33.83000183105469,33.75,33.7599983215332,9506,0.0,0.0,0.0
2024-08-27 15:05:00-04:00,33.779998779296875,33.82500076293945,33.75,33.82500076293945,7761,0.0,0.0,0.0
2024-08-27 15:10:00-04:00,33.83000183105469,33.880001068115234,33.83000183105469,33.880001068115234,5517,0.0,0.0,0.0
2024-08-27 15:15:00-04:00,33.86000061035156,33.869998931884766,33.810001373291016,33.83000183105469,2805,0.0,0.0,0.0
2024-08-27 15:20:00-04:00,33.81999969482422,33.84000015258789,33.810001373291016,33.820098876953125,5363,0.0,0.0,0.0
2024-08-27 15:25:00-04:00,33.83000183105469,33.869998931884766,33.83000183105469,33.86000061035156,1457,0.0,0.0,0.0
2024-08-27 15:30:00-04:00,33.849998474121094,33.849998474121094,33.810001373291016,33.810001373291016,24618,0.0,0.0,0.0
2024-08-27 15:35:00-04:00,33.810001373291016,33.81999969482422,33.790000915527344,33.81800079345703,47074,0.0,0.0,0.0
2024-08-27 15:40:00-04:00,33.79499816894531,33.81999969482422,33.79499816894531,33.810001373291016,7718,0.0,0.0,0.0
2024-08-27 15:45:00-04:00,33.810001373291016,33.83000183105469,33.810001373291016,33.81999969482422,6368,0.0,0.0,0.0
2024-08-27 15:50:00-04:00,33.81999969482422,33.81999969482422,33.75,33.75,11131,0.0,0.0,0.0
2024-08-27 15:55:00-04:00,33.75,33.86000061035156,33.70000076293945,33.849998474121094,45538,0.0,0.0,0.0
2024-08-28 09:30:00-04:00,32.630001068115234,32.65999984741211,32.560001373291016,32.560001373291016,89695,0.0,0.0,0.0
2024-08-28 09:35:00-04:00,32.58000183105469,32.61000061035156,32.560001373291016,32.58440017700195,16970,0.0,0.0,0.0
2024-08-28 09:40:00-04:00,32.56999969482422,32.70000076293945,32.54999923706055,32.630001068115234,15952,0.0,0.0,0.0
2024-08-28 09:45:00-04:00,32.599998474121094,32.630001068115234,32.540000915527344,32.56999969482422,22453,0.0,0.0,0.0
2024-08-28 09:50:00-04:00,32.560001373291016,32.584999084472656,32.529998779296875,32.54999923706055,16773,0.0,0.0,0.0
2024-08-28 09:55:00-04:00,32.56999969482422,32.58000183105469,32.34000015258789,32.34000015258789,37362,0.0,0.0,0.0
2024-08-28 10:00:00-04:00,32.34000015258789,32.470001220703125,32.2599983215332,32.45000076293945,20986,0.0,0.0,0.0
2024-08-28 10:05:00-04:00,32.45000076293945,32.54999923706055,32.40999984741211,32.54999923706055,10025,0.0,0.0,0.0
2024-08-28 10:10:00-04:00,32.54499816894531,32.66999816894531,32.540000915527344,32.594398498535156,49560,0.0,0.0,0.0
2024-08-28 10:15:00-04:00,32.59000015258789,32.63999938964844,32.560001373291016,32.61000061035156,23312,0.0,0.0,0.0
2024-08-28 10:20:00-04:00,32.61000061035156,32.65999984741211,32.459999084472656,32.5099983215332,26663,0.0,0.0,0.0
2024-08-28 10:25:00-04:00,32.5,32.540000915527344,32.459999084472656,32.470001220703125,39282,0.0,0.0,0.0
2024-08-28 10:30:00-04:00,32.470001220703125,32.507999420166016,32.38999938964844,32.38999938964844,44060,0.0,0.0,0.0
2024-08-28 10:35:00-04:00,32.380001068115234,32.45000076293945,32.369998931884766,32.41999816894531,49263,0.0,0.0,0.0
2024-08-28 10:40:00-04:00,32.380001068115234,32.40999984741211,32.26850128173828,32.26850128173828,61374,0.0,0.0,0.0
2024-08-28 10:45:00-04:00,32.27000045776367,32.28499984741211,32.13999938964844,32.16600036621094,65562,0.0,0.0,0.0
2024-08-28 10:50:00-04:00,32.15999984741211,32.27000045776367,32.11000061035156,32.27000045776367,54469,0.0,0.0,0.0
2024-08-28 10:55:00-04:00,32.279998779296875,32.314998626708984,32.23500061035156,32.244998931884766,44858,0.0,0.0,0.0
2024-08-28 11:00:00-04:00,32.2400016784668,32.244998931884766,32.119998931884766,32.16999816894531,66043,0.0,0.0,0.0
2024-08-28 11:05:00-04:00,32.16999816894531,32.20000076293945,32.130001068115234,32.130001068115234,65520,0.0,0.0,0.0
2024-08-28 11:10:00-04:00,32.119998931884766,32.119998931884766,32.0099983215332,32.029998779296875,85651,0.0,0.0,0.0
2024-08-28 11:15:00-04:00,32.029998779296875,32.04999923706055,31.920000076293945,31.934999465942383,72832,0.0,0.0,0.0
2024-08-28 11:20:00-04:00,31.90999984741211,32.02000045776367,31.84000015258789,31.93000030517578,83103,0.0,0.0,0.0
2024-08-28 11:25:00-04:00,31.93000030517578,32.02000045776367,31.93000030517578,31.989999771118164,92848,0.0,0.0,0.0
2024-08-28 11:30:00-04:00,31.979999542236328,32.01499938964844,31.8799991607666,31.889999389648438,115686,0.0,0.0,0.0
2024-08-28 11:35:00-04:00,31.889999389648438,32.02000045776367,31.8700008392334,32.005001068115234,51369,0.0,0.0,0.0
2024-08-28 11:40:00-04:00,31.989999771118164,32.025001525878906,31.979999542236328,31.989999771118164,40689,0.0,0.0,0.0
2024-08-28 11:45:00-04:00,32.0,32.02000045776367,31.940000534057617,31.969999313354492,37256,0.0,0.0,0.0
2024-08-28 11:50:00-04:00,31.959999084472656,32.08000183105469,31.950000762939453,32.04499816894531,50642,0.0,0.0,0.0
2024-08-28 11:55:00-04:00,32.04999923706055,32.150001525878906,32.04999923706055,32.130001068115234,54920,0.0,0.0,0.0
2024-08-28 12:00:00-04:00,32.119998931884766,32.119998931884766,32.040000915527344,32.06999969482422,30648,0.0,0.0,0.0
2024-08-28 12:05:00-04:00,32.06999969482422,32.095001220703125,31.94499969482422,31.94499969482422,62624,0.0,0.0,0.0
2024-08-28 12:10:00-04:00,31.954999923706055,31.959999084472656,31.889999389648438,31.90999984741211,60631,0.0,0.0,0.0
2024-08-28 12:15:00-04:00,31.90999984741211,31.920000076293945,31.674999237060547,31.690000534057617,144477,0.0,0.0,0.0
2024-08-28 12:20:00-04:00,31.68000030517578,31.690000534057617,31.510000228881836,31.540000915527344,132615,0.0,0.0,0.0
2024-08-28 12:25:00-04:00,31.56999969482422,31.81999969482422,31.56999969482422,31.81999969482422,148183,0.0,0.0,0.0
2024-08-28 12:30:00-04:00,31.799999237060547,31.825000762939453,31.729999542236328,31.760000228881836,43876,0.0,0.0,0.0
2024-08-28 12:35:00-04:00,31.760000228881836,31.829999923706055,31.739999771118164,31.81999969482422,37776,0.0,0.0,0.0
2024-08-28 12:40:00-04:00,31.825000762939453,31.940000534057617,31.825000762939453,31.940000534057617,51898,0.0,0.0,0.0
2024-08-28 12:45:00-04:00,31.959999084472656,32.02000045776367,31.940000534057617,31.96500015258789,47577,0.0,0.0,0.0
2024-08-28 12:50:00-04:00,31.969999313354492,32.150001525878906,31.969999313354492,32.130001068115234,53035,0.0,0.0,0.0
2024-08-28 12:55:00-04:00,32.119998931884766,32.2400016784668,32.119998931884766,32.224998474121094,43178,0.0,0.0,0.0
2024-08-28 13:00:00-04:00,32.224998474121094,32.27000045776367,32.150001525878906,32.185001373291016,66434,0.0,0.0,0.0
2024-08-28 13:05:00-04:00,32.16999816894531,32.25,32.15999984741211,32.25,56052,0.0,0.0,0.0
2024-08-28 13:10:00-04:00,32.2400016784668,32.2400016784668,32.130001068115234,32.13999938964844,102413,0.0,0.0,0.0
2024-08-28 13:15:00-04:00,32.119998931884766,32.125,32.029998779296875,32.10499954223633,58038,0.0,0.0,0.0
2024-08-28 13:20:00-04:00,32.099998474121094,32.10499954223633,31.989999771118164,32.01499938964844,39573,0.0,0.0,0.0
2024-08-28 13:25:00-04:00,32.0,32.08000183105469,32.0,32.029998779296875,47926,0.0,0.0,0.0
2024-08-28 13:30:00-04:00,32.02000045776367,32.06999969482422,31.979999542236328,32.025001525878906,63630,0.0,0.0,0.0
2024-08-28 13:35:00-04:00,32.029998779296875,32.119998931884766,32.029998779296875,32.04499816894531,37626,0.0,0.0,0.0
2024-08-28 13:40:00-04:00,32.040000915527344,32.15999984741211,32.040000915527344,32.150001525878906,77043,0.0,0.0,0.0
2024-08-28 13:45:00-04:00,32.150001525878906,32.16999816894531,32.09000015258789,32.099998474121094,47404,0.0,0.0,0.0
2024-08-28 13:50:00-04:00,32.099998474121094,32.125,31.979999542236328,31.979999542236328,51535,0.0,0.0,0.0
2024-08-28 13:55:00-04:00,31.979999542236328,32.00749969482422,31.920000076293945,31.920000076293945,69984,0.0,0.0,0.0
2024-08-28 14:00:00-04:00,31.93000030517578,31.989999771118164,31.899999618530273,31.940000534057617,21393,0.0,0.0,0.0
2024-08-28 14:05:00-04:00,31.975099563598633,32.04999923706055,31.975099563598633,32.04999923706055,27299,0.0,0.0,0.0
2024-08-28 14:10:00-04:00,32.040000915527344,32.11000061035156,32.029998779296875,32.06999969482422,15472,0.0,0.0,0.0
2024-08-28 14:15:00-04:00,32.04999923706055,32.119998931884766,32.04999923706055,32.09000015258789,21475,0.0,0.0,0.0
2024-08-28 14:20:00-04:00,32.130001068115234,32.18000030517578,32.09000015258789,32.16999816894531,29030,0.0,0.0,0.0
2024-08-28 14:25:00-04:00,32.15999984741211,32.189998626708984,32.119998931884766,32.14500045776367,47295,0.0,0.0,0.0
2024-08-28 14:30:00-04:00,32.14500045776367,32.16999816894531,32.11000061035156,32.150001525878906,25372,0.0,0.0,0.0
2024-08-28 14:35:00-04:00,32.150001525878906,32.16019821166992,32.08000183105469,32.11000061035156,65311,0.0,0.0,0.0
2024-08-28 14:40:00-04:00,32.119998931884766,32.13999938964844,32.040000915527344,32.060001373291016,76088,0.0,0.0,0.0
2024-08-28 14:45:00-04:00,32.060001373291016,32.09000015258789,32.03689956665039,32.08000183105469,23637,0.0,0.0,0.0
2024-08-28 14:50:00-04:00,32.09000015258789,32.36000061035156,32.08000183105469,32.36000061035156,44471,0.0,0.0,0.0
2024-08-28 14:55:00-04:00,32.36000061035156,32.40999984741211,32.29999923706055,32.404998779296875,65934,0.0,0.0,0.0
2024-08-28 15:00:00-04:00,32.40999984741211,32.584999084472656,32.40999984741211,32.58000183105469,88906,0.0,0.0,0.0
2024-08-28 15:05:00-04:00,32.56999969482422,32.56999969482422,32.34000015258789,32.34980010986328,49608,0.0,0.0,0.0
2024-08-28 15:10:00-04:00,32.34000015258789,32.350799560546875,32.2599983215332,32.349998474121094,48752,0.0,0.0,0.0
2024-08-28 15:15:00-04:00,32.34000015258789,32.380001068115234,32.290000915527344,32.29999923706055,69857,0.0,0.0,0.0
2024-08-28 15:20:00-04:00,32.29999923706055,32.349998474121094,32.27000045776367,32.34000015258789,68250,0.0,0.0,0.0
2024-08-28 15:25:00-04:00,32.36000061035156,32.38999938964844,32.310001373291016,32.31999969482422,28589,0.0,0.0,0.0
2024-08-28 15:30:00-04:00,32.29990005493164,32.30799865722656,32.2400016784668,32.2599983215332,47996,0.0,0.0,0.0
2024-08-28 15:35:00-04:00,32.25,32.27000045776367,32.224998474121094,32.2400016784668,28093,0.0,0.0,0.0
2024-08-28 15:40:00-04:00,32.2400016784668,32.279998779296875,32.224998474121094,32.224998474121094,27237,0.0,0.0,0.0
2024-08-28 15:45:00-04:00,32.22999954223633,32.27000045776367,32.189998626708984,32.209999084472656,36225,0.0,0.0,0.0
2024-08-28 15:50:00-04:00,32.220001220703125,32.29999923706055,32.220001220703125,32.2599983215332,35842,0.0,0.0,0.0
2024-08-28 15:55:00-04:00,32.2599983215332,32.279998779296875,32.005001068115234,32.08000183105469,149500,0.0,0.0,0.0
2024-08-29 09:30:00-04:00,32.810001373291016,32.939998626708984,32.79999923706055,32.938499450683594,76143,0.0,0.0,0.0
2024-08-29 09:35:00-04:00,32.939998626708984,32.97999954223633,32.86000061035156,32.869998931884766,33977,0.0,0.0,0.0
2024-08-29 09:40:00-04:00,32.880001068115234,32.93000030517578,32.79999923706055,32.86000061035156,67012,0.0,0.0,0.0
2024-08-29 09:45:00-04:00,32.86000061035156,33.0,32.86000061035156,32.99800109863281,40129,0.0,0.0,0.0
2024-08-29 09:50:00-04:00,32.9900016784668,32.9900016784668,32.849998474121094,32.93000030517578,37673,0.0,0.0,0.0
2024-08-29 09:55:00-04:00,32.95000076293945,33.060001373291016,32.939998626708984,33.060001373291016,43497,0.0,0.0,0.0
2024-08-29 10:00:00-04:00,33.040000915527344,33.08000183105469,32.9900016784668,33.0099983215332,32738,0.0,0.0,0.0
2024-08-29 10:05:00-04:00,33.029998779296875,33.13999938964844,33.0099983215332,33.08000183105469,38135,0.0,0.0,0.0
2024-08-29 10:10:00-04:00,33.099998474121094,33.13999938964844,33.08620071411133,33.099998474121094,36535,0.0,0.0,0.0
2024-08-29 10:15:00-04:00,33.13999938964844,33.13999938964844,32.97999954223633,32.9900016784668,46731,0.0,0.0,0.0
2024-08-29 10:20:00-04:00,33.0,33.0099983215332,32.93000030517578,32.99679946899414,18659,0.0,0.0,0.0
2024-08-29 10:25:00-04:00,33.0,33.09000015258789,32.9900016784668,33.029998779296875,28431,0.0,0.0,0.0
2024-08-29 10:30:00-04:00,33.0099983215332,33.09000015258789,32.97999954223633,33.0525016784668,211754,0.0,0.0,0.0
2024-08-29 10:35:00-04:00,33.060001373291016,33.13999938964844,33.060001373291016,33.13999938964844,75345,0.0,0.0,0.0
2024-08-29 10:40:00-04:00,33.150001525878906,33.18000030517578,33.119998931884766,33.16999816894531,27188,0.0,0.0,0.0
2024-08-29 10:45:00-04:00,33.15999984741211,33.20000076293945,33.14500045776367,33.17499923706055,31290,0.0,0.0,0.0
2024-08-29 10:50:00-04:00,33.16999816894531,33.189998626708984,33.11000061035156,33.119998931884766,31853,0.0,0.0,0.0
2024-08-29 10:55:00-04:00,33.130001068115234,33.130001068115234,33.06999969482422,33.119998931884766,42042,0.0,0.0,0.0
2024-08-29 11:00:00-04:00,33.119998931884766,33.18899917602539,33.11909866333008,33.18000030517578,26509,0.0,0.0,0.0
2024-08-29 11:05:00-04:00,33.18000030517578,33.220001220703125,33.18000030517578,33.209999084472656,41306,0.0,0.0,0.0
2024-08-29 11:10:00-04:00,33.209999084472656,33.25,33.18000030517578,33.18000030517578,32853,0.0,0.0,0.0
2024-08-29 11:15:00-04:00,33.189998626708984,33.2599983215332,33.13999938964844,33.169700622558594,53301,0.0,0.0,0.0
2024-08-29 11:20:00-04:00,33.150001525878906,33.18000030517578,33.119998931884766,33.16999816894531,48308,0.0,0.0,0.0
2024-08-29 11:25:00-04:00,33.18000030517578,33.2400016784668,33.18000030517578,33.23500061035156,26860,0.0,0.0,0.0
2024-08-29 11:30:00-04:00,33.22999954223633,33.31999969482422,33.22999954223633,33.290000915527344,22215,0.0,0.0,0.0
2024-08-29 11:35:00-04:00,33.290000915527344,33.310001373291016,33.22999954223633,33.27000045776367,34216,0.0,0.0,0.0
2024-08-29 11:40:00-04:00,33.2599983215332,33.2599983215332,33.16999816894531,33.17499923706055,32269,0.0,0.0,0.0
2024-08-29 11:45:00-04:00,33.165000915527344,33.209999084472656,33.14500045776367,33.20000076293945,34133,0.0,0.0,0.0
2024-08-29 11:50:00-04:00,33.20000076293945,33.25,33.08000183105469,33.11000061035156,43910,0.0,0.0,0.0
2024-08-29 11:55:00-04:00,33.130001068115234,33.130001068115234,33.09000015258789,33.099998474121094,34883,0.0,0.0,0.0
2024-08-29 12:00:00-04:00,33.099998474121094,33.13999938964844,33.09000015258789,33.130001068115234,24199,0.0,0.0,0.0
2024-08-29 12:05:00-04:00,33.150001525878906,33.20000076293945,33.13999938964844,33.189998626708984,23908,0.0,0.0,0.0
2024-08-29 12:10:00-04:00,33.15999984741211,33.18000030517578,33.13019943237305,33.16999816894531,40135,0.0,0.0,0.0
2024-08-29 12:15:00-04:00,33.17499923706055,33.18000030517578,33.06999969482422,33.099998474121094,49553,0.0,0.0,0.0
2024-08-29 12:20:00-04:00,33.11000061035156,33.11000061035156,33.03499984741211,33.084999084472656,38074,0.0,0.0,0.0
2024-08-29 12:25:00-04:00,33.08000183105469,33.08000183105469,33.0,33.005001068115234,35437,0.0,0.0,0.0
2024-08-29 12:30:00-04:00,33.0099983215332,33.02000045776367,32.939998626708984,32.959999084472656,15713,0.0,0.0,0.0
2024-08-29 12:35:00-04:00,32.970001220703125,33.0099983215332,32.970001220703125,32.97999954223633,33629,0.0,0.0,0.0
2024-08-29 12:40:00-04:00,32.97999954223633,33.005001068115234,32.915000915527344,32.93000030517578,43436,0.0,0.0,0.0
2024-08-29 12:45:00-04:00,32.92499923706055,32.92499923706055,32.810001373291016,32.810001373291016,75785,0.0,0.0,0.0
2024-08-29 12:50:00-04:00,32.84000015258789,32.86000061035156,32.790000915527344,32.810001373291016,48974,0.0,0.0,0.0
2024-08-29 12:55:00-04:00,32.81999969482422,32.849998474121094,32.810001373291016,32.83000183105469,20905,0.0,0.0,0.0
2024-08-29 13:00:00-04:00,32.83000183105469,32.86000061035156,32.790000915527344,32.86000061035156,42045,0.0,0.0,0.0
2024-08-29 13:05:00-04:00,32.86000061035156,32.880001068115234,32.810001373291016,32.81999969482422,55580,0.0,0.0,0.0
2024-08-29 13:10:00-04:00,32.81999969482422,32.84000015258789,32.7599983215332,32.79999923706055,29029,0.0,0.0,0.0
2024-08-29 13:15:00-04:00,32.79999923706055,32.869998931884766,32.79999923706055,32.869998931884766,26411,0.0,0.0,0.0
2024-08-29 13:20:00-04:00,32.85499954223633,32.90999984741211,32.849998474121094,32.88999938964844,24677,0.0,0.0,0.0
2024-08-29 13:25:00-04:00,32.91529846191406,32.91529846191406,32.86000061035156,32.8650016784668,36219,0.0,0.0,0.0
2024-08-29 13:30:00-04:00,32.869998931884766,32.91999816894531,32.86000061035156,32.91999816894531,10202,0.0,0.0,0.0
2024-08-29 13:35:00-04:00,32.91999816894531,32.970001220703125,32.907501220703125,32.970001220703125,8197,0.0,0.0,0.0
2024-08-29 13:40:00-04:00,32.939998626708984,33.0,32.91999816894531,33.0,3110,0.0,0.0,0.0
2024-08-29 13:45:00-04:00,32.97999954223633,32.97999954223633,32.880001068115234,32.900001525878906,11263,0.0,0.0,0.0
2024-08-29 13:50:00-04:00,32.91999816894531,32.95000076293945,32.88999938964844,32.95000076293945,6086,0.0,0.0,0.0
2024-08-29 13:55:00-04:00,32.95989990234375,32.994998931884766,32.95000076293945,32.970001220703125,4375,0.0,0.0,0.0
2024-08-29 14:00:00-04:00,32.970001220703125,32.97999954223633,32.900001525878906,32.93000030517578,12182,0.0,0.0,0.0
2024-08-29 14:05:00-04:00,32.95000076293945,32.95000076293945,32.79999923706055,32.79999923706055,10758,0.0,0.0,0.0
2024-08-29 14:10:00-04:00,32.66999816894531,32.779998779296875,32.65999984741211,32.68000030517578,26138,0.0,0.0,0.0
2024-08-29 14:15:00-04:00,32.66999816894531,32.66999816894531,32.470001220703125,32.47999954223633,28074,0.0,0.0,0.0
2024-08-29 14:20:00-04:00,32.439998626708984,32.60499954223633,32.43000030517578,32.58000183105469,49328,0.0,0.0,0.0
2024-08-29 14:25:00-04:00,32.58000183105469,32.59000015258789,32.41999816894531,32.470001220703125,18872,0.0,0.0,0.0
2024-08-29 14:30:00-04:00,32.459999084472656,32.529998779296875,32.40999984741211,32.470001220703125,35589,0.0,0.0,0.0
2024-08-29 14:35:00-04:00,32.47999954223633,32.47999954223633,32.27000045776367,32.310001373291016,92323,0.0,0.0,0.0
2024-08-29 14:40:00-04:00,32.310001373291016,32.35499954223633,32.22999954223633,32.25,117468,0.0,0.0,0.0
2024-08-29 14:45:00-04:00,32.25,32.27000045776367,32.16999816894531,32.2599983215332,58982,0.0,0.0,0.0
2024-08-29 14:50:00-04:00,32.25,32.25,32.09000015258789,32.16999816894531,101154,0.0,0.0,0.0
2024-08-29 14:55:00-04:00,32.189998626708984,32.27000045776367,32.189998626708984,32.22999954223633,92432,0.0,0.0,0.0
2024-08-29 15:00:00-04:00,32.220001220703125,32.255001068115234,32.11000061035156,32.11000061035156,82611,0.0,0.0,0.0
2024-08-29 15:05:00-04:00,32.119998931884766,32.31999969482422,32.119998931884766,32.279998779296875,40731,0.0,0.0,0.0
2024-08-29 15:10:00-04:00,32.290000915527344,32.31999969482422,32.209999084472656,32.209999084472656,22568,0.0,0.0,0.0
2024-08-29 15:15:00-04:00,32.209999084472656,32.345001220703125,32.209999084472656,32.290000915527344,24117,0.0,0.0,0.0
2024-08-29 15:20:00-04:00,32.290000915527344,32.380001068115234,32.290000915527344,32.36000061035156,12064,0.0,0.0,0.0
2024-08-29 15:25:00-04:00,32.36000061035156,32.404998779296875,32.32500076293945,32.38999938964844,49728,0.0,0.0,0.0
2024-08-29 15:30:00-04:00,32.369998931884766,32.38999938964844,32.34000015258789,32.34000015258789,55548,0.0,0.0,0.0
2024-08-29 15:35:00-04:00,32.31999969482422,32.4900016784668,32.310001373291016,32.45000076293945,10008,0.0,0.0,0.0
2024-08-29 15:40:00-04:00,32.439998626708984,32.51499938964844,32.41999816894531,32.41999816894531,33816,0.0,0.0,0.0
2024-08-29 15:45:00-04:00,32.43000030517578,32.470001220703125,32.33000183105469,32.34000015258789,22018,0.0,0.0,0.0
2024-08-29 15:50:00-04:00,32.33000183105469,32.369998931884766,32.20500183105469,32.21500015258789,125755,0.0,0.0,0.0
2024-08-29 15:55:00-04:00,32.23500061035156,32.29999923706055,32.20000076293945,32.2599983215332,194837,0.0,0.0,0.0
2024-08-30 09:30:00-04:00,32.43000030517578,32.470001220703125,32.380001068115234,32.470001220703125,61218,0.0,0.0,0.0
2024-08-30 09:35:00-04:00,32.459999084472656,32.470001220703125,32.400001525878906,32.43000030517578,10398,0.0,0.0,0.0
2024-08-30 09:40:00-04:00,32.40999984741211,32.41999816894531,32.369998931884766,32.369998931884766,19870,0.0,0.0,0.0
2024-08-30 09:45:00-04:00,32.400001525878906,32.41999816894531,32.220001220703125,32.2599983215332,10472,0.0,0.0,0.0
2024-08-30 09:50:00-04:00,32.22999954223633,32.31999969482422,32.09000015258789,32.29999923706055,27659,0.0,0.0,0.0
2024-08-30 09:55:00-04:00,32.31999969482422,32.52000045776367,32.310001373291016,32.5,53565,0.0,0.0,0.0
2024-08-30 10:00:00-04:00,32.5099983215332,32.59989929199219,32.470001220703125,32.56999969482422,54308,0.0,0.0,0.0
2024-08-30 10:05:00-04:00,32.560001373291016,32.58000183105469,32.45000076293945,32.45000076293945,52542,0.0,0.0,0.0
2024-08-30 10:10:00-04:00,32.459999084472656,32.470001220703125,32.29999923706055,32.310001373291016,18479,0.0,0.0,0.0
2024-08-30 10:15:00-04:00,32.310001373291016,32.33000183105469,32.2400016784668,32.290000915527344,39951,0.0,0.0,0.0
2024-08-30 10:20:00-04:00,32.27000045776367,32.27000045776367,32.16999816894531,32.22999954223633,20304,0.0,0.0,0.0
2024-08-30 10:25:00-04:00,32.2400016784668,32.319000244140625,32.15999984741211,32.319000244140625,26848,0.0,0.0,0.0
2024-08-30 10:30:00-04:00,32.29999923706055,32.31999969482422,32.189998626708984,32.224998474121094,18444,0.0,0.0,0.0
2024-08-30 10:35:00-04:00,32.209999084472656,32.25,32.1599006652832,32.22999954223633,28299,0.0,0.0,0.0
2024-08-30 10:40:00-04:00,32.20000076293945,32.224998474121094,32.029998779296875,32.04999923706055,26371,0.0,0.0,0.0
2024-08-30 10:45:00-04:00,32.06999969482422,32.119998931884766,32.02000045776367,32.11000061035156,23539,0.0,0.0,0.0
2024-08-30 10:50:00-04:00,32.11000061035156,32.11000061035156,32.0,32.0099983215332,49105,0.0,0.0,0.0
2024-08-30 10:55:00-04:00,31.989999771118164,32.02000045776367,31.829999923706055,31.829999923706055,57071,0.0,0.0,0.0
2024-08-30 11:00:00-04:00,31.81999969482422,31.8700008392334,31.6299991607666,31.8700008392334,94573,0.0,0.0,0.0
2024-08-30 11:05:00-04:00,31.829999923706055,31.920000076293945,31.790000915527344,31.899999618530273,45741,0.0,0.0,0.0
2024-08-30 11:10:00-04:00,31.90999984741211,31.950000762939453,31.864999771118164,31.899999618530273,43255,0.0,0.0,0.0
2024-08-30 11:15:00-04:00,31.895000457763672,31.920000076293945,31.719999313354492,31.729999542236328,36792,0.0,0.0,0.0
2024-08-30 11:20:00-04:00,31.709999084472656,31.780000686645508,31.65999984741211,31.719999313354492,126893,0.0,0.0,0.0
2024-08-30 11:25:00-04:00,31.700000762939453,31.709999084472656,31.600000381469727,31.6200008392334,51815,0.0,0.0,0.0
2024-08-30 11:30:00-04:00,31.610000610351562,31.670000076293945,31.559999465942383,31.6200008392334,67368,0.0,0.0,0.0
2024-08-30 11:35:00-04:00,31.649999618530273,31.729999542236328,31.540000915527344,31.65999984741211,47457,0.0,0.0,0.0
2024-08-30 11:40:00-04:00,31.719999313354492,31.725000381469727,31.61479949951172,31.709999084472656,12412,0.0,0.0,0.0
2024-08-30 11:45:00-04:00,31.709999084472656,31.760000228881836,31.6299991607666,31.6299991607666,17492,0.0,0.0,0.0
2024-08-30 11:50:00-04:00,31.639999389648438,31.709999084472656,31.610000610351562,31.709999084472656,19361,0.0,0.0,0.0
2024-08-30 11:55:00-04:00,31.690000534057617,31.700000762939453,31.579999923706055,31.6299991607666,40889,0.0,0.0,0.0
2024-08-30 12:00:00-04:00,31.6299991607666,31.68000030517578,31.59000015258789,31.68000030517578,45358,0.0,0.0,0.0
2024-08-30 12:05:00-04:00,31.68000030517578,31.770000457763672,31.679899215698242,31.760000228881836,10311,0.0,0.0,0.0
2024-08-30 12:10:00-04:00,31.770000457763672,31.770000457763672,31.729999542236328,31.760000228881836,16941,0.0,0.0,0.0
2024-08-30 12:15:00-04:00,31.760000228881836,31.809999465942383,31.690000534057617,31.709999084472656,16879,0.0,0.0,0.0
2024-08-30 12:20:00-04:00,31.700000762939453,31.719999313354492,31.600000381469727,31.600000381469727,54641,0.0,0.0,0.0
2024-08-30 12:25:00-04:00,31.600000381469727,31.65999984741211,31.440000534057617,31.6200008392334,123610,0.0,0.0,0.0
2024-08-30 12:30:00-04:00,31.610000610351562,31.65999984741211,31.527999877929688,31.549999237060547,35694,0.0,0.0,0.0
2024-08-30 12:35:00-04:00,31.530000686645508,31.649999618530273,31.51799964904785,31.639999389648438,15631,0.0,0.0,0.0
2024-08-30 12:40:00-04:00,31.6299991607666,31.670000076293945,31.6299991607666,31.65999984741211,6714,0.0,0.0,0.0
2024-08-30 12:45:00-04:00,31.649999618530273,31.760000228881836,31.649999618530273,31.760000228881836,11831,0.0,0.0,0.0
2024-08-30 12:50:00-04:00,31.7549991607666,31.809999465942383,31.75,31.809999465942383,29329,0.0,0.0,0.0
2024-08-30 12:55:00-04:00,31.809999465942383,31.905000686645508,31.809999465942383,31.889999389648438,29594,0.0,0.0,0.0
2024-08-30 13:00:00-04:00,31.8700008392334,31.940000534057617,31.860000610351562,31.8700008392334,12145,0.0,0.0,0.0
2024-08-30 13:05:00-04:00,31.8700008392334,31.8700008392334,31.81999969482422,31.84000015258789,23412,0.0,0.0,0.0
2024-08-30 13:10:00-04:00,31.860000610351562,31.920000076293945,31.850000381469727,31.889999389648438,4190,0.0,0.0,0.0
2024-08-30 13:15:00-04:00,31.899999618530273,31.899999618530273,31.84000015258789,31.844999313354492,10563,0.0,0.0,0.0
2024-08-30 13:20:00-04:00,31.840099334716797,31.875,31.809999465942383,31.84000015258789,19273,0.0,0.0,0.0
2024-08-30 13:25:00-04:00,31.850000381469727,31.920000076293945,31.850000381469727,31.879899978637695,5789,0.0,0.0,0.0
2024-08-30 13:30:00-04:00,31.8799991607666,31.920000076293945,31.859899520874023,31.859899520874023,25069,0.0,0.0,0.0
2024-08-30 13:35:00-04:00,31.8700008392334,31.8700008392334,31.809999465942383,31.819799423217773,6557,0.0,0.0,0.0
2024-08-30 13:40:00-04:00,31.829999923706055,31.860000610351562,31.809900283813477,31.860000610351562,6057,0.0,0.0,0.0
2024-08-30 13:45:00-04:00,31.8700008392334,31.899999618530273,31.8700008392334,31.88010025024414,3722,0.0,0.0,0.0
2024-08-30 13:50:00-04:00,31.8799991607666,32.029998779296875,31.8799991607666,32.005001068115234,44372,0.0,0.0,0.0
2024-08-30 13:55:00-04:00,31.989999771118164,32.0,31.899999618530273,31.930299758911133,9939,0.0,0.0,0.0
2024-08-30 14:00:00-04:00,31.93000030517578,31.969999313354492,31.920000076293945,31.969999313354492,6600,0.0,0.0,0.0
2024-08-30 14:05:00-04:00,31.979999542236328,32.0,31.959999084472656,31.969999313354492,4068,0.0,0.0,0.0
2024-08-30 14:10:00-04:00,31.959999084472656,32.0099983215332,31.959999084472656,32.0,9818,0.0,0.0,0.0
2024-08-30 14:15:00-04:00,32.0099983215332,32.040000915527344,32.0,32.0099983215332,71324,0.0,0.0,0.0
2024-08-30 14:20:00-04:00,32.02000045776367,32.06999969482422,31.9950008392334,32.06999969482422,10647,0.0,0.0,0.0
2024-08-30 14:25:00-04:00,32.060001373291016,32.16999816894531,32.060001373291016,32.16999816894531,10884,0.0,0.0,0.0
2024-08-30 14:30:00-04:00,32.16999816894531,32.185001373291016,32.06999969482422,32.08000183105469,54249,0.0,0.0,0.0
2024-08-30 14:35:00-04:00,32.09000015258789,32.290000915527344,32.06999969482422,32.279998779296875,12513,0.0,0.0,0.0
2024-08-30 14:40:00-04:00,32.25,32.29999923706055,32.21500015258789,32.25,10401,0.0,0.0,0.0
2024-08-30 14:45:00-04:00,32.27000045776367,32.279998779296875,32.220001220703125,32.279998779296875,7039,0.0,0.0,0.0
2024-08-30 14:50:00-04:00,32.27899932861328,32.34000015258789,32.27000045776367,32.27199935913086,25938,0.0,0.0,0.0
2024-08-30 14:55:00-04:00,32.279998779296875,32.34000015258789,32.25,32.34000015258789,5708,0.0,0.0,0.0
2024-08-30 15:00:00-04:00,32.29999923706055,32.33000183105469,32.189998626708984,32.20000076293945,26138,0.0,0.0,0.0
2024-08-30 15:05:00-04:00,32.209999084472656,32.25,32.119998931884766,32.119998931884766,19513,0.0,0.0,0.0
2024-08-30 15:10:00-04:00,32.130001068115234,32.13999938964844,32.09000015258789,32.099998474121094,7026,0.0,0.0,0.0
2024-08-30 15:15:00-04:00,32.109798431396484,32.18000030517578,32.09000015258789,32.15999984741211,15910,0.0,0.0,0.0
2024-08-30 15:20:00-04:00,32.16999816894531,32.189998626708984,32.15999984741211,32.17509841918945,5882,0.0,0.0,0.0
2024-08-30 15:25:00-04:00,32.15999984741211,32.180198669433594,32.119998931884766,32.13999938964844,5840,0.0,0.0,0.0
2024-08-30 15:30:00-04:00,32.099998474121094,32.119998931884766,32.040000915527344,32.040000915527344,9199,0.0,0.0,0.0
2024-08-30 15:35:00-04:00,32.04999923706055,32.07500076293945,32.04990005493164,32.07500076293945,4083,0.0,0.0,0.0
2024-08-30 15:40:00-04:00,32.079898834228516,32.09000015258789,31.985000610351562,31.985000610351562,14387,0.0,0.0,0.0
2024-08-30 15:45:00-04:00,32.0,32.040000915527344,31.989999771118164,32.029998779296875,89766,0.0,0.0,0.0
2024-08-30 15:50:00-04:00,32.040000915527344,32.119998931884766,32.0099983215332,32.029998779296875,25547,0.0,0.0,0.0
2024-08-30 15:55:00-04:00,32.03499984741211,32.064998626708984,31.950000762939453,31.950000762939453,177569,0.0,0.0,0.0
2024-09-03 09:30:00-04:00,32.18000030517578,32.20500183105469,32.040000915527344,32.040000915527344,74063,0.0,0.0,0.0
2024-09-03 09:35:00-04:00,32.06999969482422,32.06999969482422,31.879899978637695,31.93000030517578,40238,0.0,0.0,0.0
2024-09-03 09:40:00-04:00,31.940000534057617,31.959999084472656,31.850000381469727,31.940000534057617,102752,0.0,0.0,0.0
2024-09-03 09:45:00-04:00,31.920000076293945,31.920000076293945,31.799999237060547,31.81999969482422,76485,0.0,0.0,0.0
2024-09-03 09:50:00-04:00,31.81999969482422,31.829999923706055,31.729999542236328,31.729999542236328,109965,0.0,0.0,0.0
2024-09-03 09:55:00-04:00,31.729999542236328,31.829999923706055,31.690000534057617,31.829999923706055,47648,0.0,0.0,0.0
2024-09-03 10:00:00-04:00,31.790000915527344,31.790000915527344,31.65999984741211,31.69499969482422,84190,0.0,0.0,0.0
2024-09-03 10:05:00-04:00,31.700000762939453,31.700000762939453,31.614999771118164,31.68000030517578,73461,0.0,0.0,0.0
2024-09-03 10:10:00-04:00,31.68000030517578,31.68000030517578,31.520000457763672,31.520000457763672,119554,0.0,0.0,0.0
2024-09-03 10:15:00-04:00,31.522499084472656,31.559999465942383,31.450000762939453,31.514999389648438,127124,0.0,0.0,0.0
2024-09-03 10:20:00-04:00,31.520000457763672,31.600299835205078,31.479999542236328,31.59000015258789,40057,0.0,0.0,0.0
2024-09-03 10:25:00-04:00,31.59000015258789,31.645000457763672,31.530000686645508,31.56999969482422,95073,0.0,0.0,0.0
2024-09-03 10:30:00-04:00,31.579999923706055,31.579999923706055,31.440000534057617,31.489999771118164,80344,0.0,0.0,0.0
2024-09-03 10:35:00-04:00,31.489999771118164,31.540000915527344,31.46500015258789,31.489999771118164,25628,0.0,0.0,0.0
2024-09-03 10:40:00-04:00,31.479999542236328,31.54990005493164,31.479999542236328,31.5,33401,0.0,0.0,0.0
2024-09-03 10:45:00-04:00,31.5,31.510000228881836,31.329999923706055,31.40999984741211,128587,0.0,0.0,0.0
2024-09-03 10:50:00-04:00,31.40999984741211,31.424999237060547,31.329999923706055,31.350000381469727,94303,0.0,0.0,0.0
2024-09-03 10:55:00-04:00,31.350000381469727,31.40999984741211,31.34000015258789,31.3799991607666,20749,0.0,0.0,0.0
2024-09-03 11:00:00-04:00,31.399900436401367,31.450000762939453,31.360000610351562,31.43000030517578,18280,0.0,0.0,0.0
2024-09-03 11:05:00-04:00,31.420000076293945,31.520000457763672,31.3799991607666,31.479999542236328,22441,0.0,0.0,0.0
2024-09-03 11:10:00-04:00,31.469999313354492,31.540000915527344,31.469999313354492,31.530000686645508,11747,0.0,0.0,0.0
2024-09-03 11:15:00-04:00,31.549999237060547,31.56999969482422,31.489999771118164,31.489999771118164,9591,0.0,0.0,0.0
2024-09-03 11:20:00-04:00,31.450000762939453,31.469999313354492,31.40999984741211,31.422700881958008,8598,0.0,0.0,0.0
2024-09-03 11:25:00-04:00,31.440000534057617,31.479999542236328,31.430099487304688,31.430099487304688,7617,0.0,0.0,0.0
2024-09-03 11:30:00-04:00,31.479999542236328,31.479999542236328,31.40999984741211,31.479999542236328,6389,0.0,0.0,0.0
2024-09-03 11:35:00-04:00,31.489999771118164,31.510000228881836,31.459999084472656,31.485000610351562,2603,0.0,0.0,0.0
2024-09-03 11:40:00-04:00,31.459999084472656,31.459999084472656,31.3700008392334,31.375,8573,0.0,0.0,0.0
2024-09-03 11:45:00-04:00,31.399999618530273,31.450000762939453,31.399999618530273,31.40019989013672,2494,0.0,0.0,0.0
2024-09-03 11:50:00-04:00,31.400400161743164,31.40999984741211,31.3799991607666,31.399999618530273,2155,0.0,0.0,0.0
2024-09-03 11:55:00-04:00,31.440000534057617,31.440000534057617,31.370100021362305,31.43000030517578,5017,0.0,0.0,0.0
2024-09-03 12:00:00-04:00,31.420000076293945,31.479999542236328,31.420000076293945,31.479999542236328,12266,0.0,0.0,0.0
2024-09-03 12:05:00-04:00,31.46500015258789,31.46500015258789,31.389999389648438,31.420000076293945,35103,0.0,0.0,0.0
2024-09-03 12:10:00-04:00,31.40999984741211,31.475000381469727,31.399999618530273,31.475000381469727,20861,0.0,0.0,0.0
2024-09-03 12:15:00-04:00,31.469999313354492,31.530000686645508,31.469999313354492,31.5,15567,0.0,0.0,0.0
2024-09-03 12:20:00-04:00,31.5,31.520000457763672,31.469999313354492,31.469999313354492,22042,0.0,0.0,0.0
2024-09-03 12:25:00-04:00,31.461700439453125,31.461700439453125,31.389999389648438,31.40999984741211,6778,0.0,0.0,0.0
2024-09-03 12:30:00-04:00,31.399999618530273,31.420000076293945,31.389999389648438,31.420000076293945,24509,0.0,0.0,0.0
2024-09-03 12:35:00-04:00,31.43000030517578,31.441200256347656,31.40999984741211,31.43000030517578,11582,0.0,0.0,0.0
2024-09-03 12:40:00-04:00,31.420000076293945,31.420000076293945,31.3700008392334,31.40999984741211,26235,0.0,0.0,0.0
2024-09-03 12:45:00-04:00,31.40999984741211,31.479999542236328,31.40999984741211,31.44499969482422,39401,0.0,0.0,0.0
2024-09-03 12:50:00-04:00,31.459999084472656,31.459999084472656,31.3799991607666,31.399999618530273,51403,0.0,0.0,0.0
2024-09-03 12:55:00-04:00,31.40999984741211,31.450000762939453,31.389999389648438,31.399999618530273,10534,0.0,0.0,0.0
2024-09-03 13:00:00-04:00,31.3799991607666,31.420000076293945,31.3799991607666,31.420000076293945,10271,0.0,0.0,0.0
2024-09-03 13:05:00-04:00,31.420000076293945,31.450000762939453,31.41990089416504,31.450000762939453,15578,0.0,0.0,0.0
2024-09-03 13:10:00-04:00,31.439899444580078,31.44499969482422,31.3799991607666,31.389999389648438,12690,0.0,0.0,0.0
2024-09-03 13:15:00-04:00,31.399999618530273,31.456199645996094,31.399999618530273,31.456199645996094,2567,0.0,0.0,0.0
2024-09-03 13:20:00-04:00,31.469999313354492,31.514999389648438,31.459999084472656,31.510000228881836,5041,0.0,0.0,0.0
2024-09-03 13:25:00-04:00,31.510000228881836,31.579999923706055,31.510000228881836,31.579999923706055,5044,0.0,0.0,0.0
2024-09-03 13:30:00-04:00,31.559999465942383,31.625099182128906,31.529800415039062,31.530000686645508,7255,0.0,0.0,0.0
2024-09-03 13:35:00-04:00,31.540000915527344,31.559999465942383,31.489999771118164,31.559999465942383,4318,0.0,0.0,0.0
2024-09-03 13:40:00-04:00,31.559999465942383,31.559999465942383,31.510000228881836,31.510000228881836,4666,0.0,0.0,0.0
2024-09-03 13:45:00-04:00,31.520000457763672,31.549999237060547,31.510000228881836,31.530000686645508,8362,0.0,0.0,0.0
2024-09-03 13:50:00-04:00,31.549999237060547,31.559999465942383,31.479999542236328,31.479999542236328,6384,0.0,0.0,0.0
2024-09-03 13:55:00-04:00,31.489999771118164,31.489999771118164,31.399999618530273,31.399999618530273,11411,0.0,0.0,0.0
2024-09-03 14:00:00-04:00,31.399999618530273,31.40999984741211,31.34000015258789,31.360000610351562,11141,0.0,0.0,0.0
2024-09-03 14:05:00-04:00,31.3700008392334,31.399999618530273,31.350000381469727,31.395000457763672,8429,0.0,0.0,0.0
2024-09-03 14:10:00-04:00,31.399999618530273,31.459999084472656,31.399999618530273,31.450000762939453,3278,0.0,0.0,0.0
2024-09-03 14:15:00-04:00,31.450000762939453,31.484500885009766,31.440000534057617,31.469999313354492,6833,0.0,0.0,0.0
2024-09-03 14:20:00-04:00,31.489999771118164,31.520000457763672,31.450000762939453,31.457799911499023,3933,0.0,0.0,0.0
2024-09-03 14:25:00-04:00,31.450000762939453,31.540000915527344,31.450000762939453,31.514999389648438,17829,0.0,0.0,0.0
2024-09-03 14:30:00-04:00,31.530000686645508,31.59000015258789,31.492000579833984,31.565000534057617,12409,0.0,0.0,0.0
2024-09-03 14:35:00-04:00,31.56999969482422,31.579999923706055,31.540000915527344,31.579999923706055,3889,0.0,0.0,0.0
2024-09-03 14:40:00-04:00,31.56999969482422,31.610000610351562,31.549999237060547,31.59000015258789,63261,0.0,0.0,0.0
2024-09-03 14:45:00-04:00,31.59000015258789,31.600000381469727,31.56999969482422,31.575000762939453,6894,0.0,0.0,0.0
2024-09-03 14:50:00-04:00,31.59000015258789,31.59000015258789,31.549999237060547,31.56999969482422,7639,0.0,0.0,0.0
2024-09-03 14:55:00-04:00,31.579999923706055,31.59000015258789,31.520000457763672,31.540000915527344,7664,0.0,0.0,0.0
2024-09-03 15:00:00-04:00,31.530000686645508,31.579999923706055,31.520000457763672,31.579999923706055,15430,0.0,0.0,0.0
2024-09-03 15:05:00-04:00,31.600000381469727,31.618000030517578,31.587799072265625,31.604999542236328,7917,0.0,0.0,0.0
2024-09-03 15:10:00-04:00,31.600000381469727,31.670000076293945,31.59000015258789,31.65999984741211,12331,0.0,0.0,0.0
2024-09-03 15:15:00-04:00,31.649999618530273,31.65999984741211,31.6200008392334,31.65999984741211,9753,0.0,0.0,0.0
2024-09-03 15:20:00-04:00,31.65999984741211,31.719999313354492,31.65999984741211,31.670000076293945,15105,0.0,0.0,0.0
2024-09-03 15:25:00-04:00,31.63629913330078,31.655000686645508,31.59000015258789,31.59000015258789,6729,0.0,0.0,0.0
2024-09-03 15:30:00-04:00,31.59000015258789,31.6200008392334,31.540000915527344,31.549999237060547,11690,0.0,0.0,0.0
2024-09-03 15:35:00-04:00,31.540000915527344,31.540000915527344,31.510000228881836,31.540000915527344,16515,0.0,0.0,0.0
2024-09-03 15:40:00-04:00,31.530000686645508,31.559999465942383,31.489999771118164,31.549999237060547,53740,0.0,0.0,0.0
2024-09-03 15:45:00-04:00,31.549999237060547,31.579999923706055,31.489999771118164,31.579999923706055,30880,0.0,0.0,0.0
2024-09-03 15:50:00-04:00,31.579999923706055,31.6200008392334,31.56999969482422,31.594999313354492,35688,0.0,0.0,0.0
2024-09-03 15:55:00-04:00,31.600000381469727,31.649999618530273,31.56999969482422,31.600000381469727,51494,0.0,0.0,0.0
2024-09-04 09:30:00-04:00,30.770000457763672,30.829999923706055,30.709999084472656,30.829999923706055,72831,0.0,0.0,0.0
2024-09-04 09:35:00-04:00,30.850000381469727,30.850000381469727,30.670000076293945,30.700000762939453,40227,0.0,0.0,0.0
2024-09-04 09:40:00-04:00,30.719999313354492,30.829999923706055,30.719999313354492,30.760000228881836,28681,0.0,0.0,0.0
2024-09-04 09:45:00-04:00,30.729999542236328,30.769899368286133,30.700000762939453,30.73940086364746,14200,0.0,0.0,0.0
2024-09-04 09:50:00-04:00,30.700000762939453,30.78499984741211,30.68000030517578,30.709999084472656,18661,0.0,0.0,0.0
2024-09-04 09:55:00-04:00,30.729999542236328,30.760000228881836,30.693500518798828,30.729999542236328,3082,0.0,0.0,0.0
2024-09-04 10:00:00-04:00,30.700000762939453,30.719999313354492,30.58049964904785,30.690000534057617,88501,0.0,0.0,0.0
2024-09-04 10:05:00-04:00,30.660600662231445,30.850000381469727,30.639999389648438,30.850000381469727,72963,0.0,0.0,0.0
2024-09-04 10:10:00-04:00,30.871999740600586,30.899999618530273,30.770000457763672,30.809999465942383,13255,0.0,0.0,0.0
2024-09-04 10:15:00-04:00,30.795000076293945,30.829999923706055,30.680599212646484,30.680599212646484,8889,0.0,0.0,0.0
2024-09-04 10:20:00-04:00,30.68000030517578,30.68000030517578,30.64349937438965,30.660600662231445,9030,0.0,0.0,0.0
2024-09-04 10:25:00-04:00,30.690000534057617,30.729999542236328,30.639999389648438,30.729999542236328,4574,0.0,0.0,0.0
2024-09-04 10:30:00-04:00,30.760000228881836,30.84000015258789,30.745399475097656,30.84000015258789,8223,0.0,0.0,0.0
2024-09-04 10:35:00-04:00,30.799999237060547,30.879899978637695,30.799999237060547,30.860000610351562,25887,0.0,0.0,0.0
2024-09-04 10:40:00-04:00,30.854999542236328,31.09000015258789,30.854999542236328,31.059999465942383,8086,0.0,0.0,0.0
2024-09-04 10:45:00-04:00,31.100000381469727,31.19499969482422,31.079999923706055,31.190000534057617,19523,0.0,0.0,0.0
2024-09-04 10:50:00-04:00,31.190000534057617,31.360000610351562,31.190000534057617,31.299999237060547,54573,0.0,0.0,0.0
2024-09-04 10:55:00-04:00,31.280000686645508,31.360000610351562,31.280000686645508,31.329999923706055,69049,0.0,0.0,0.0
2024-09-04 11:00:00-04:00,31.34000015258789,31.454999923706055,31.329999923706055,31.420000076293945,72698,0.0,0.0,0.0
2024-09-04 11:05:00-04:00,31.420000076293945,31.459999084472656,31.309999465942383,31.329999923706055,74019,0.0,0.0,0.0
2024-09-04 11:10:00-04:00,31.299999237060547,31.328100204467773,31.260000228881836,31.315000534057617,25048,0.0,0.0,0.0
2024-09-04 11:15:00-04:00,31.34000015258789,31.34000015258789,31.270000457763672,31.309999465942383,29049,0.0,0.0,0.0
2024-09-04 11:20:00-04:00,31.290000915527344,31.329999923706055,31.260000228881836,31.329999923706055,28975,0.0,0.0,0.0
2024-09-04 11:25:00-04:00,31.329999923706055,31.329999923706055,31.25,31.260000228881836,35795,0.0,0.0,0.0
2024-09-04 11:30:00-04:00,31.260000228881836,31.3799991607666,31.239999771118164,31.3799991607666,47349,0.0,0.0,0.0
2024-09-04 11:35:00-04:00,31.389999389648438,31.40999984741211,31.350000381469727,31.350000381469727,3835,0.0,0.0,0.0
2024-09-04 11:40:00-04:00,31.350000381469727,31.479999542236328,31.34000015258789,31.479999542236328,31851,0.0,0.0,0.0
2024-09-04 11:45:00-04:00,31.579999923706055,31.600000381469727,31.540000915527344,31.59000015258789,5586,0.0,0.0,0.0
2024-09-04 11:50:00-04:00,31.579999923706055,31.645000457763672,31.579999923706055,31.639999389648438,3941,0.0,0.0,0.0
2024-09-04 11:55:00-04:00,31.65999984741211,31.68000030517578,31.6299991607666,31.67970085144043,7399,0.0,0.0,0.0
2024-09-04 12:00:00-04:00,31.665000915527344,31.829999923706055,31.65999984741211,31.780000686645508,6242,0.0,0.0,0.0
2024-09-04 12:05:00-04:00,31.68000030517578,31.790000915527344,31.68000030517578,31.790000915527344,12837,0.0,0.0,0.0
2024-09-04 12:10:00-04:00,31.799999237060547,31.80699920654297,31.68000030517578,31.690000534057617,8556,0.0,0.0,0.0
2024-09-04 12:15:00-04:00,31.684999465942383,31.745800018310547,31.684999465942383,31.739999771118164,4093,0.0,0.0,0.0
2024-09-04 12:20:00-04:00,31.77989959716797,31.850000381469727,31.739999771118164,31.760000228881836,14918,0.0,0.0,0.0
2024-09-04 12:25:00-04:00,31.760000228881836,31.799999237060547,31.729999542236328,31.75,19373,0.0,0.0,0.0
2024-09-04 12:30:00-04:00,31.75,31.8799991607666,31.75,31.850000381469727,9679,0.0,0.0,0.0
2024-09-04 12:35:00-04:00,31.84000015258789,31.8882999420166,31.81999969482422,31.81999969482422,12667,0.0,0.0,0.0
2024-09-04 12:40:00-04:00,31.829999923706055,31.834999084472656,31.729999542236328,31.729999542236328,9051,0.0,0.0,0.0
2024-09-04 12:45:00-04:00,31.75,31.84000015258789,31.739999771118164,31.799999237060547,8616,0.0,0.0,0.0
2024-09-04 12:50:00-04:00,31.790000915527344,31.8799991607666,31.790000915527344,31.8799991607666,43395,0.0,0.0,0.0
2024-09-04 12:55:00-04:00,31.8799991607666,31.8799991607666,31.809999465942383,31.829999923706055,15311,0.0,0.0,0.0
2024-09-04 13:00:00-04:00,31.825000762939453,31.852500915527344,31.799999237060547,31.809999465942383,2609,0.0,0.0,0.0
2024-09-04 13:05:00-04:00,31.81999969482422,31.850000381469727,31.766000747680664,31.766000747680664,4677,0.0,0.0,0.0
2024-09-04 13:10:00-04:00,31.780000686645508,31.799999237060547,31.75,31.75,3242,0.0,0.0,0.0
2024-09-04 13:15:00-04:00,31.739999771118164,31.760000228881836,31.719999313354492,31.760000228881836,5777,0.0,0.0,0.0
2024-09-04 13:20:00-04:00,31.739999771118164,31.780000686645508,31.719999313354492,31.719999313354492,7592,0.0,0.0,0.0
2024-09-04 13:25:00-04:00,31.700000762939453,31.709999084472656,31.59000015258789,31.59000015258789,3229,0.0,0.0,0.0
2024-09-04 13:30:00-04:00,31.575000762939453,31.6200008392334,31.575000762939453,31.579999923706055,5579,0.0,0.0,0.0
2024-09-04 13:35:00-04:00,31.56999969482422,31.56999969482422,31.510000228881836,31.510000228881836,1992,0.0,0.0,0.0
2024-09-04 13:40:00-04:00,31.594999313354492,31.6200008392334,31.559999465942383,31.559999465942383,14923,0.0,0.0,0.0
2024-09-04 13:45:00-04:00,31.56999969482422,31.639999389648438,31.56999969482422,31.639999389648438,32085,0.0,0.0,0.0
2024-09-04 13:50:00-04:00,31.625,31.625,31.530000686645508,31.54990005493164,5635,0.0,0.0,0.0
2024-09-04 13:55:00-04:00,31.540000915527344,31.559999465942383,31.540000915527344,31.549999237060547,3855,0.0,0.0,0.0
2024-09-04 14:00:00-04:00,31.540000915527344,31.559999465942383,31.520000457763672,31.520000457763672,3461,0.0,0.0,0.0
2024-09-04 14:05:00-04:00,31.510000228881836,31.559999465942383,31.510000228881836,31.540000915527344,5961,0.0,0.0,0.0
2024-09-04 14:10:00-04:00,31.549999237060547,31.56999969482422,31.489999771118164,31.56999969482422,5846,0.0,0.0,0.0
2024-09-04 14:15:00-04:00,31.59000015258789,31.59000015258789,31.51569938659668,31.520000457763672,2636,0.0,0.0,0.0
2024-09-04 14:20:00-04:00,31.530000686645508,31.530000686645508,31.5,31.510000228881836,3658,0.0,0.0,0.0
2024-09-04 14:25:00-04:00,31.514999389648438,31.549999237060547,31.514999389648438,31.540000915527344,3011,0.0,0.0,0.0
2024-09-04 14:30:00-04:00,31.53499984741211,31.579999923706055,31.530000686645508,31.530000686645508,5896,0.0,0.0,0.0
2024-09-04 14:35:00-04:00,31.510000228881836,31.510000228881836,31.459999084472656,31.459999084472656,1932,0.0,0.0,0.0
2024-09-04 14:40:00-04:00,31.459999084472656,31.475000381469727,31.43000030517578,31.440000534057617,2474,0.0,0.0,0.0
2024-09-04 14:45:00-04:00,31.432899475097656,31.459999084472656,31.432899475097656,31.44499969482422,9239,0.0,0.0,0.0
2024-09-04 14:50:00-04:00,31.454999923706055,31.459999084472656,31.405000686645508,31.440000534057617,1973,0.0,0.0,0.0
2024-09-04 14:55:00-04:00,31.440000534057617,31.459999084472656,31.40999984741211,31.420000076293945,10290,0.0,0.0,0.0
2024-09-04 15:00:00-04:00,31.40999984741211,31.469999313354492,31.405000686645508,31.469999313354492,9892,0.0,0.0,0.0
2024-09-04 15:05:00-04:00,31.469999313354492,31.510000228881836,31.469999313354492,31.5,6106,0.0,0.0,0.0
2024-09-04 15:10:00-04:00,31.5,31.530000686645508,31.479999542236328,31.489999771118164,9156,0.0,0.0,0.0
2024-09-04 15:15:00-04:00,31.520000457763672,31.520000457763672,31.450000762939453,31.450000762939453,4709,0.0,0.0,0.0
2024-09-04 15:20:00-04:00,31.450000762939453,31.530000686645508,31.450000762939453,31.530000686645508,6329,0.0,0.0,0.0
2024-09-04 15:25:00-04:00,31.524999618530273,31.56999969482422,31.489999771118164,31.56999969482422,9502,0.0,0.0,0.0
2024-09-04 15:30:00-04:00,31.559999465942383,31.579999923706055,31.510000228881836,31.510000228881836,7466,0.0,0.0,0.0
2024-09-04 15:35:00-04:00,31.510000228881836,31.549999237060547,31.489999771118164,31.549999237060547,7046,0.0,0.0,0.0
2024-09-04 15:40:00-04:00,31.559999465942383,31.600000381469727,31.540000915527344,31.59000015258789,16765,0.0,0.0,0.0
2024-09-04 15:45:00-04:00,31.579999923706055,31.584999084472656,31.510000228881836,31.55500030517578,19867,0.0,0.0,0.0
2024-09-04 15:50:00-04:00,31.559999465942383,31.604999542236328,31.540000915527344,31.565000534057617,20945,0.0,0.0,0.0
2024-09-04 15:55:00-04:00,31.559999465942383,31.700000762939453,31.540000915527344,31.6299991607666,63718,0.0,0.0,0.0
2024-09-05 09:30:00-04:00,30.8700008392334,30.920000076293945,30.809999465942383,30.829999923706055,237755,0.0,0.0,0.0
2024-09-05 09:35:00-04:00,30.920000076293945,31.110000610351562,30.90999984741211,31.06999969482422,98212,0.0,0.0,0.0
2024-09-05 09:40:00-04:00,31.06999969482422,31.110000610351562,31.0,31.0,166157,0.0,0.0,0.0
2024-09-05 09:45:00-04:00,30.979999542236328,30.979999542236328,30.850000381469727,30.8518009185791,138747,0.0,0.0,0.0
2024-09-05 09:50:00-04:00,30.860000610351562,30.969999313354492,30.81999969482422,30.969999313354492,43122,0.0,0.0,0.0
2024-09-05 09:55:00-04:00,30.979999542236328,31.049999237060547,30.934999465942383,31.040000915527344,12437,0.0,0.0,0.0
2024-09-05 10:00:00-04:00,31.1299991607666,31.170000076293945,31.049999237060547,31.100000381469727,23500,0.0,0.0,0.0
2024-09-05 10:05:00-04:00,31.049999237060547,31.170000076293945,31.020000457763672,31.09000015258789,40456,0.0,0.0,0.0
2024-09-05 10:10:00-04:00,31.100000381469727,31.100000381469727,30.8799991607666,30.899999618530273,116407,0.0,0.0,0.0
2024-09-05 10:15:00-04:00,30.889999389648438,31.030000686645508,30.889999389648438,31.030000686645508,60739,0.0,0.0,0.0
2024-09-05 10:20:00-04:00,31.040000915527344,31.139999389648438,31.030000686645508,31.1299991607666,4092,0.0,0.0,0.0
2024-09-05 10:25:00-04:00,31.170000076293945,31.190000534057617,31.049999237060547,31.049999237060547,6705,0.0,0.0,0.0
2024-09-05 10:30:00-04:00,31.06999969482422,31.1299991607666,31.06999969482422,31.100000381469727,11309,0.0,0.0,0.0
2024-09-05 10:35:00-04:00,31.100000381469727,31.1299991607666,31.06999969482422,31.1200008392334,5190,0.0,0.0,0.0
2024-09-05 10:40:00-04:00,31.09000015258789,31.1299991607666,31.040000915527344,31.040000915527344,12530,0.0,0.0,0.0
2024-09-05 10:45:00-04:00,31.020000457763672,31.020000457763672,30.899999618530273,30.905000686645508,9587,0.0,0.0,0.0
2024-09-05 10:50:00-04:00,30.860000610351562,30.860000610351562,30.760000228881836,30.809900283813477,35734,0.0,0.0,0.0
2024-09-05 10:55:00-04:00,30.829999923706055,30.899999618530273,30.780000686645508,30.780000686645508,17330,0.0,0.0,0.0
2024-09-05 11:00:00-04:00,30.790000915527344,30.790000915527344,30.6299991607666,30.639999389648438,16725,0.0,0.0,0.0
2024-09-05 11:05:00-04:00,30.65999984741211,30.84000015258789,30.6299991607666,30.81999969482422,95104,0.0,0.0,0.0
2024-09-05 11:10:00-04:00,30.809999465942383,30.84000015258789,30.719999313354492,30.760000228881836,45485,0.0,0.0,0.0
2024-09-05 11:15:00-04:00,30.75,30.81999969482422,30.739999771118164,30.767000198364258,60542,0.0,0.0,0.0
2024-09-05 11:20:00-04:00,30.780000686645508,30.78499984741211,30.65999984741211,30.65999984741211,37878,0.0,0.0,0.0
2024-09-05 11:25:00-04:00,30.649999618530273,30.649999618530273,30.450000762939453,30.489999771118164,60700,0.0,0.0,0.0
2024-09-05 11:30:00-04:00,30.420000076293945,30.459999084472656,30.3700008392334,30.40999984741211,52905,0.0,0.0,0.0
2024-09-05 11:35:00-04:00,30.415599822998047,30.579999923706055,30.415599822998047,30.56999969482422,2990,0.0,0.0,0.0
2024-09-05 11:40:00-04:00,30.59000015258789,30.59000015258789,30.450000762939453,30.450000762939453,6725,0.0,0.0,0.0
2024-09-05 11:45:00-04:00,30.489999771118164,30.549999237060547,30.469999313354492,30.549999237060547,4604,0.0,0.0,0.0
2024-09-05 11:50:00-04:00,30.559999465942383,30.579999923706055,30.559999465942383,30.559999465942383,8222,0.0,0.0,0.0
2024-09-05 11:55:00-04:00,30.53499984741211,30.53499984741211,30.469999313354492,30.479999542236328,4940,0.0,0.0,0.0
2024-09-05 12:00:00-04:00,30.469999313354492,30.559999465942383,30.469999313354492,30.559999465942383,5364,0.0,0.0,0.0
2024-09-05 12:05:00-04:00,30.549999237060547,30.56999969482422,30.54990005493164,30.549999237060547,2520,0.0,0.0,0.0
2024-09-05 12:10:00-04:00,30.540000915527344,30.540000915527344,30.485000610351562,30.485000610351562,2033,0.0,0.0,0.0
2024-09-05 12:15:00-04:00,30.510000228881836,30.510000228881836,30.475000381469727,30.475000381469727,7318,0.0,0.0,0.0
2024-09-05 12:20:00-04:00,30.479999542236328,30.61680030822754,30.4773006439209,30.610000610351562,6170,0.0,0.0,0.0
2024-09-05 12:25:00-04:00,30.6200008392334,30.635000228881836,30.59000015258789,30.59000015258789,4682,0.0,0.0,0.0
2024-09-05 12:30:00-04:00,30.594999313354492,30.600000381469727,30.54010009765625,30.559999465942383,6386,0.0,0.0,0.0
2024-09-05 12:35:00-04:00,30.59480094909668,30.670000076293945,30.59480094909668,30.6299991607666,4839,0.0,0.0,0.0
2024-09-05 12:40:00-04:00,30.65999984741211,30.690000534057617,30.65999984741211,30.68000030517578,1877,0.0,0.0,0.0
2024-09-05 12:45:00-04:00,30.65999984741211,30.709999084472656,30.639999389648438,30.639999389648438,3242,0.0,0.0,0.0
2024-09-05 12:50:00-04:00,30.600000381469727,30.600099563598633,30.579999923706055,30.579999923706055,1610,0.0,0.0,0.0
2024-09-05 12:55:00-04:00,30.579999923706055,30.695100784301758,30.579999923706055,30.695100784301758,1129,0.0,0.0,0.0
2024-09-05 13:00:00-04:00,30.670000076293945,30.700000762939453,30.670000076293945,30.670000076293945,6805,0.0,0.0,0.0
2024-09-05 13:05:00-04:00,30.670000076293945,30.68000030517578,30.6299991607666,30.670000076293945,4369,0.0,0.0,0.0
2024-09-05 13:10:00-04:00,30.729999542236328,30.739999771118164,30.700000762939453,30.719999313354492,2709,0.0,0.0,0.0
2024-09-05 13:15:00-04:00,30.700000762939453,30.700000762939453,30.670000076293945,30.670000076293945,733,0.0,0.0,0.0
2024-09-05 13:20:00-04:00,30.700000762939453,30.739999771118164,30.700000762939453,30.739999771118164,4453,0.0,0.0,0.0
2024-09-05 13:25:00-04:00,30.729999542236328,30.729999542236328,30.6200008392334,30.6200008392334,4282,0.0,0.0,0.0
2024-09-05 13:30:00-04:00,30.635000228881836,30.649999618530273,30.600000381469727,30.610000610351562,3155,0.0,0.0,0.0
2024-09-05 13:35:00-04:00,30.6200008392334,30.65999984741211,30.600000381469727,30.65999984741211,9039,0.0,0.0,0.0
2024-09-05 13:40:00-04:00,30.670000076293945,30.719999313354492,30.65999984741211,30.719999313354492,7563,0.0,0.0,0.0
2024-09-05 13:45:00-04:00,30.719999313354492,30.799999237060547,30.719999313354492,30.790000915527344,8793,0.0,0.0,0.0
2024-09-05 13:50:00-04:00,30.770000457763672,30.81999969482422,30.770000457763672,30.799999237060547,3949,0.0,0.0,0.0
2024-09-05 13:55:00-04:00,30.799999237060547,30.829999923706055,30.799999237060547,30.829999923706055,2168,0.0,0.0,0.0
2024-09-05 14:00:00-04:00,30.829999923706055,30.850000381469727,30.799999237060547,30.81329917907715,5554,0.0,0.0,0.0
2024-09-05 14:05:00-04:00,30.80699920654297,30.860000610351562,30.80699920654297,30.84000015258789,6402,0.0,0.0,0.0
2024-09-05 14:10:00-04:00,30.84000015258789,30.850000381469727,30.790000915527344,30.790000915527344,4255,0.0,0.0,0.0
2024-09-05 14:15:00-04:00,30.780000686645508,30.84000015258789,30.780000686645508,30.84000015258789,840,0.0,0.0,0.0
2024-09-05 14:20:00-04:00,30.821199417114258,30.859500885009766,30.809999465942383,30.850000381469727,2836,0.0,0.0,0.0
2024-09-05 14:25:00-04:00,30.829999923706055,30.845399856567383,30.799999237060547,30.845399856567383,3029,0.0,0.0,0.0
2024-09-05 14:30:00-04:00,30.860000610351562,30.8700008392334,30.84000015258789,30.84000015258789,4908,0.0,0.0,0.0
2024-09-05 14:35:00-04:00,30.854999542236328,30.854999542236328,30.809999465942383,30.829999923706055,3084,0.0,0.0,0.0
2024-09-05 14:40:00-04:00,30.829999923706055,30.850000381469727,30.790000915527344,30.790000915527344,3317,0.0,0.0,0.0
2024-09-05 14:45:00-04:00,30.81999969482422,30.850000381469727,30.799999237060547,30.81999969482422,2580,0.0,0.0,0.0
2024-09-05 14:50:00-04:00,30.8700008392334,30.8799991607666,30.825000762939453,30.825000762939453,1736,0.0,0.0,0.0
2024-09-05 14:55:00-04:00,30.81999969482422,30.829999923706055,30.790000915527344,30.790000915527344,14792,0.0,0.0,0.0
2024-09-05 15:00:00-04:00,30.780000686645508,30.799999237060547,30.760000228881836,30.790000915527344,46401,0.0,0.0,0.0
2024-09-05 15:05:00-04:00,30.799999237060547,30.799999237060547,30.719999313354492,30.719999313354492,7952,0.0,0.0,0.0
2024-09-05 15:10:00-04:00,30.71500015258789,30.75,30.700000762939453,30.700000762939453,72502,0.0,0.0,0.0
2024-09-05 15:15:00-04:00,30.700000762939453,30.700000762939453,30.635000228881836,30.639999389648438,33094,0.0,0.0,0.0
2024-09-05 15:20:00-04:00,30.6299991607666,30.639999389648438,30.469999313354492,30.530000686645508,80506,0.0,0.0,0.0
2024-09-05 15:25:00-04:00,30.530000686645508,30.6299991607666,30.530000686645508,30.6299991607666,14907,0.0,0.0,0.0
2024-09-05 15:30:00-04:00,30.635000228881836,30.700000762939453,30.635000228881836,30.690000534057617,18644,0.0,0.0,0.0
2024-09-05 15:35:00-04:00,30.655000686645508,30.674999237060547,30.565000534057617,30.56999969482422,8794,0.0,0.0,0.0
2024-09-05 15:40:00-04:00,30.559999465942383,30.559999465942383,30.420000076293945,30.440000534057617,31596,0.0,0.0,0.0
2024-09-05 15:45:00-04:00,30.440000534057617,30.559999465942383,30.375,30.520000457763672,33824,0.0,0.0,0.0
2024-09-05 15:50:00-04:00,30.540000915527344,30.540000915527344,30.459999084472656,30.489999771118164,26970,0.0,0.0,0.0
2024-09-05 15:55:00-04:00,30.469999313354492,30.549999237060547,30.440000534057617,30.530000686645508,54799,0.0,0.0,0.0
2024-09-06 09:30:00-04:00,30.920000076293945,30.989999771118164,30.799999237060547,30.8799991607666,52134,0.0,0.0,0.0
2024-09-06 09:35:00-04:00,30.8799991607666,30.90999984741211,30.69379997253418,30.69379997253418,6381,0.0,0.0,0.0
2024-09-06 09:40:00-04:00,30.65999984741211,30.674999237060547,30.440000534057617,30.55109977722168,56373,0.0,0.0,0.0
2024-09-06 09:45:00-04:00,30.579999923706055,30.6200008392334,30.5,30.524999618530273,30359,0.0,0.0,0.0
2024-09-06 09:50:00-04:00,30.5,30.584999084472656,30.469999313354492,30.510000228881836,14647,0.0,0.0,0.0
2024-09-06 09:55:00-04:00,30.559999465942383,30.559999465942383,30.44499969482422,30.450000762939453,18538,0.0,0.0,0.0
2024-09-06 10:00:00-04:00,30.440000534057617,30.460100173950195,30.34000015258789,30.3799991607666,39023,0.0,0.0,0.0
2024-09-06 10:05:00-04:00,30.389999389648438,30.420000076293945,30.15999984741211,30.22249984741211,23956,0.0,0.0,0.0
2024-09-06 10:10:00-04:00,30.190000534057617,30.219999313354492,29.969999313354492,30.020000457763672,161082,0.0,0.0,0.0
2024-09-06 10:15:00-04:00,30.0,30.079999923706055,29.90999984741211,30.049999237060547,27340,0.0,0.0,0.0
2024-09-06 10:20:00-04:00,30.110000610351562,30.110000610351562,29.979999542236328,29.979999542236328,22960,0.0,0.0,0.0
2024-09-06 10:25:00-04:00,29.989999771118164,29.989999771118164,29.809999465942383,29.84000015258789,21690,0.0,0.0,0.0
2024-09-06 10:30:00-04:00,29.84000015258789,29.920000076293945,29.829999923706055,29.868499755859375,16364,0.0,0.0,0.0
2024-09-06 10:35:00-04:00,29.84000015258789,30.020000457763672,29.825000762939453,30.020000457763672,18984,0.0,0.0,0.0
2024-09-06 10:40:00-04:00,30.010000228881836,30.010000228881836,29.809999465942383,29.81999969482422,48081,0.0,0.0,0.0
2024-09-06 10:45:00-04:00,29.81999969482422,29.860000610351562,29.75,29.790000915527344,393408,0.0,0.0,0.0
2024-09-06 10:50:00-04:00,29.770000457763672,29.799999237060547,29.719999313354492,29.729999542236328,45462,0.0,0.0,0.0
2024-09-06 10:55:00-04:00,29.729999542236328,29.770000457763672,29.610000610351562,29.770000457763672,105158,0.0,0.0,0.0
2024-09-06 11:00:00-04:00,29.780000686645508,29.950000762939453,29.780000686645508,29.795000076293945,51325,0.0,0.0,0.0
2024-09-06 11:05:00-04:00,29.780000686645508,29.81999969482422,29.670000076293945,29.760000228881836,27729,0.0,0.0,0.0
2024-09-06 11:10:00-04:00,29.739999771118164,29.770000457763672,29.68000030517578,29.709999084472656,8648,0.0,0.0,0.0
2024-09-06 11:15:00-04:00,29.68000030517578,29.68000030517578,29.280000686645508,29.299999237060547,113768,0.0,0.0,0.0
2024-09-06 11:20:00-04:00,29.360000610351562,29.518999099731445,29.360000610351562,29.509599685668945,38974,0.0,0.0,0.0
2024-09-06 11:25:00-04:00,29.489999771118164,29.549999237060547,29.479900360107422,29.479999542236328,9864,0.0,0.0,0.0
2024-09-06 11:30:00-04:00,29.510000228881836,29.559999465942383,29.459999084472656,29.545000076293945,94402,0.0,0.0,0.0
2024-09-06 11:35:00-04:00,29.55500030517578,29.559999465942383,29.479999542236328,29.510000228881836,28162,0.0,0.0,0.0
2024-09-06 11:40:00-04:00,29.549999237060547,29.610000610351562,29.549999237060547,29.59000015258789,16170,0.0,0.0,0.0
2024-09-06 11:45:00-04:00,29.59000015258789,29.594999313354492,29.467599868774414,29.5,23732,0.0,0.0,0.0
2024-09-06 11:50:00-04:00,29.450000762939453,29.459999084472656,29.364999771118164,29.399999618530273,23096,0.0,0.0,0.0
2024-09-06 11:55:00-04:00,29.450000762939453,29.459999084472656,29.3700008392334,29.385000228881836,16221,0.0,0.0,0.0
2024-09-06 12:00:00-04:00,29.399999618530273,29.440000534057617,29.360000610351562,29.440000534057617,7499,0.0,0.0,0.0
2024-09-06 12:05:00-04:00,29.429899215698242,29.520000457763672,29.429899215698242,29.457700729370117,13547,0.0,0.0,0.0
2024-09-06 12:10:00-04:00,29.440000534057617,29.469999313354492,29.40999984741211,29.469999313354492,5330,0.0,0.0,0.0
2024-09-06 12:15:00-04:00,29.43199920654297,29.479999542236328,29.299999237060547,29.43000030517578,24935,0.0,0.0,0.0
2024-09-06 12:20:00-04:00,29.427600860595703,29.460100173950195,29.350000381469727,29.454999923706055,7920,0.0,0.0,0.0
2024-09-06 12:25:00-04:00,29.459999084472656,29.509300231933594,29.43000030517578,29.440000534057617,10055,0.0,0.0,0.0
2024-09-06 12:30:00-04:00,29.399999618530273,29.43000030517578,29.34000015258789,29.43000030517578,10787,0.0,0.0,0.0
2024-09-06 12:35:00-04:00,29.469999313354492,29.5,29.399999618530273,29.399999618530273,8986,0.0,0.0,0.0
2024-09-06 12:40:00-04:00,29.360000610351562,29.399999618530273,29.290000915527344,29.399999618530273,8844,0.0,0.0,0.0
2024-09-06 12:45:00-04:00,29.399999618530273,29.399999618530273,29.200000762939453,29.329999923706055,26635,0.0,0.0,0.0
2024-09-06 12:50:00-04:00,29.329999923706055,29.3700008392334,29.299999237060547,29.350000381469727,6055,0.0,0.0,0.0
2024-09-06 12:55:00-04:00,29.350000381469727,29.440000534057617,29.350000381469727,29.43000030517578,41751,0.0,0.0,0.0
2024-09-06 13:00:00-04:00,29.40999984741211,29.459999084472656,29.3700008392334,29.440000534057617,31061,0.0,0.0,0.0
2024-09-06 13:05:00-04:00,29.440000534057617,29.460899353027344,29.420000076293945,29.460899353027344,21257,0.0,0.0,0.0
2024-09-06 13:10:00-04:00,29.450000762939453,29.514999389648438,29.440000534057617,29.514999389648438,10735,0.0,0.0,0.0
2024-09-06 13:15:00-04:00,29.540000915527344,29.559999465942383,29.510000228881836,29.559999465942383,9853,0.0,0.0,0.0
2024-09-06 13:20:00-04:00,29.540000915527344,29.584999084472656,29.53499984741211,29.565000534057617,11232,0.0,0.0,0.0
2024-09-06 13:25:00-04:00,29.604999542236328,29.614999771118164,29.540000915527344,29.540000915527344,11936,0.0,0.0,0.0
2024-09-06 13:30:00-04:00,29.530000686645508,29.540000915527344,29.440000534057617,29.450000762939453,16007,0.0,0.0,0.0
2024-09-06 13:35:00-04:00,29.40999984741211,29.40999984741211,29.229999542236328,29.350000381469727,24788,0.0,0.0,0.0
2024-09-06 13:40:00-04:00,29.344999313354492,29.3700008392334,29.329999923706055,29.329999923706055,3217,0.0,0.0,0.0
2024-09-06 13:45:00-04:00,29.350000381469727,29.360000610351562,29.260000228881836,29.309999465942383,28149,0.0,0.0,0.0
2024-09-06 13:50:00-04:00,29.299999237060547,29.350000381469727,29.26930046081543,29.344999313354492,15347,0.0,0.0,0.0
2024-09-06 13:55:00-04:00,29.360000610351562,29.40999984741211,29.360000610351562,29.360000610351562,17310,0.0,0.0,0.0
2024-09-06 14:00:00-04:00,29.36989974975586,29.3700008392334,29.270000457763672,29.290000915527344,10856,0.0,0.0,0.0
2024-09-06 14:05:00-04:00,29.260000228881836,29.299999237060547,29.240999221801758,29.280000686645508,7460,0.0,0.0,0.0
2024-09-06 14:10:00-04:00,29.260000228881836,29.299999237060547,29.2450008392334,29.290000915527344,35326,0.0,0.0,0.0
2024-09-06 14:15:00-04:00,29.299999237060547,29.31999969482422,29.25,29.2549991607666,7033,0.0,0.0,0.0
2024-09-06 14:20:00-04:00,29.270000457763672,29.30660057067871,29.190000534057617,29.190000534057617,35775,0.0,0.0,0.0
2024-09-06 14:25:00-04:00,29.209999084472656,29.264999389648438,29.139999389648438,29.260000228881836,45090,0.0,0.0,0.0
2024-09-06 14:30:00-04:00,29.260000228881836,29.309999465942383,29.200000762939453,29.200000762939453,41432,0.0,0.0,0.0
2024-09-06 14:35:00-04:00,29.21500015258789,29.235000610351562,29.049999237060547,29.139999389648438,25249,0.0,0.0,0.0
2024-09-06 14:40:00-04:00,29.145000457763672,29.20989990234375,29.114999771118164,29.200000762939453,22383,0.0,0.0,0.0
2024-09-06 14:45:00-04:00,29.190000534057617,29.190000534057617,29.110000610351562,29.18000030517578,40764,0.0,0.0,0.0
2024-09-06 14:50:00-04:00,29.190000534057617,29.190000534057617,29.110000610351562,29.1200008392334,4878,0.0,0.0,0.0
2024-09-06 14:55:00-04:00,29.1299991607666,29.1299991607666,29.040000915527344,29.045000076293945,15817,0.0,0.0,0.0
2024-09-06 15:00:00-04:00,29.030000686645508,29.190000534057617,29.020000457763672,29.170000076293945,34860,0.0,0.0,0.0
2024-09-06 15:05:00-04:00,29.15999984741211,29.2549991607666,29.15999984741211,29.229999542236328,13930,0.0,0.0,0.0
2024-09-06 15:10:00-04:00,29.23819923400879,29.290000915527344,29.219999313354492,29.2549991607666,27984,0.0,0.0,0.0
2024-09-06 15:15:00-04:00,29.270000457763672,29.28499984741211,29.15999984741211,29.15999984741211,12647,0.0,0.0,0.0
2024-09-06 15:20:00-04:00,29.190000534057617,29.219999313354492,29.15999984741211,29.190000534057617,7618,0.0,0.0,0.0
2024-09-06 15:25:00-04:00,29.200000762939453,29.260000228881836,29.18000030517578,29.18000030517578,15300,0.0,0.0,0.0
2024-09-06 15:30:00-04:00,29.18000030517578,29.18000030517578,29.1200008392334,29.1200008392334,23954,0.0,0.0,0.0
2024-09-06 15:35:00-04:00,29.1200008392334,29.1200008392334,28.989999771118164,29.0,54747,0.0,0.0,0.0
2024-09-06 15:40:00-04:00,29.0,29.105499267578125,29.0,29.06999969482422,49894,0.0,0.0,0.0
2024-09-06 15:45:00-04:00,29.06999969482422,29.385000228881836,29.059999465942383,29.219999313354492,243035,0.0,0.0,0.0
2024-09-06 15:50:00-04:00,29.209999084472656,29.25,29.139999389648438,29.209999084472656,37522,0.0,0.0,0.0
2024-09-06 15:55:00-04:00,29.209999084472656,29.209999084472656,29.110000610351562,29.1200008392334,74519,0.0,0.0,0.0
2024-09-09 09:30:00-04:00,30.190000534057617,30.219999313354492,30.1200008392334,30.219999313354492,40349,0.0,0.0,0.0
2024-09-09 09:35:00-04:00,30.190000534057617,30.299999237060547,30.190000534057617,30.22010040283203,63111,0.0,0.0,0.0
2024-09-09 09:40:00-04:00,30.260000228881836,30.280000686645508,30.17449951171875,30.260000228881836,36417,0.0,0.0,0.0
2024-09-09 09:45:00-04:00,30.229999542236328,30.239999771118164,30.200000762939453,30.209999084472656,4865,0.0,0.0,0.0
2024-09-09 09:50:00-04:00,30.190000534057617,30.350000381469727,30.190000534057617,30.31999969482422,35445,0.0,0.0,0.0
2024-09-09 09:55:00-04:00,30.31999969482422,30.40999984741211,30.31999969482422,30.350000381469727,23818,0.0,0.0,0.0
2024-09-09 10:00:00-04:00,30.360000610351562,30.3700008392334,30.290000915527344,30.309999465942383,17072,0.0,0.0,0.0
2024-09-09 10:05:00-04:00,30.299999237060547,30.299999237060547,30.229999542236328,30.290000915527344,17131,0.0,0.0,0.0
2024-09-09 10:10:00-04:00,30.354999542236328,30.364999771118164,30.260000228881836,30.27989959716797,7058,0.0,0.0,0.0
2024-09-09 10:15:00-04:00,30.260000228881836,30.260000228881836,30.09000015258789,30.1200008392334,18943,0.0,0.0,0.0
2024-09-09 10:20:00-04:00,30.1200008392334,30.139999389648438,30.059999465942383,30.096099853515625,17332,0.0,0.0,0.0
2024-09-09 10:25:00-04:00,30.100000381469727,30.110000610351562,30.010000228881836,30.030000686645508,12270,0.0,0.0,0.0
2024-09-09 10:30:00-04:00,30.030000686645508,30.030000686645508,29.8799991607666,29.959999084472656,60150,0.0,0.0,0.0
2024-09-09 10:35:00-04:00,29.969999313354492,30.0,29.860000610351562,29.899999618530273,17788,0.0,0.0,0.0
2024-09-09 10:40:00-04:00,29.90999984741211,29.959999084472656,29.8799991607666,29.895000457763672,16415,0.0,0.0,0.0
2024-09-09 10:45:00-04:00,29.899999618530273,29.969999313354492,29.889999389648438,29.950000762939453,12061,0.0,0.0,0.0
2024-09-09 10:50:00-04:00,29.959999084472656,29.999000549316406,29.899999618530273,29.950000762939453,9071,0.0,0.0,0.0
2024-09-09 10:55:00-04:00,29.950000762939453,29.969999313354492,29.860000610351562,29.8700008392334,6242,0.0,0.0,0.0
2024-09-09 11:00:00-04:00,29.864999771118164,30.0,29.860000610351562,30.0,10628,0.0,0.0,0.0
2024-09-09 11:05:00-04:00,30.0,30.149999618530273,29.989999771118164,30.1200008392334,41610,0.0,0.0,0.0
2024-09-09 11:10:00-04:00,30.1200008392334,30.1200008392334,29.90999984741211,29.940000534057617,14355,0.0,0.0,0.0
2024-09-09 11:15:00-04:00,29.950000762939453,30.010000228881836,29.920000076293945,30.010000228881836,5062,0.0,0.0,0.0
2024-09-09 11:20:00-04:00,30.010000228881836,30.06999969482422,30.0,30.06999969482422,6850,0.0,0.0,0.0
2024-09-09 11:25:00-04:00,30.06999969482422,30.110000610351562,30.020000457763672,30.110000610351562,9922,0.0,0.0,0.0
2024-09-09 11:30:00-04:00,30.06999969482422,30.170000076293945,30.06999969482422,30.149999618530273,18801,0.0,0.0,0.0
2024-09-09 11:35:00-04:00,30.139999389648438,30.18000030517578,30.125,30.15999984741211,7033,0.0,0.0,0.0
2024-09-09 11:40:00-04:00,30.165000915527344,30.170000076293945,30.114999771118164,30.139999389648438,13015,0.0,0.0,0.0
2024-09-09 11:45:00-04:00,30.1299991607666,30.229999542236328,30.129899978637695,30.209999084472656,29248,0.0,0.0,0.0
2024-09-09 11:50:00-04:00,30.200000762939453,30.239999771118164,30.16990089416504,30.190000534057617,41097,0.0,0.0,0.0
2024-09-09 11:55:00-04:00,30.200000762939453,30.21500015258789,30.18000030517578,30.18000030517578,24423,0.0,0.0,0.0
2024-09-09 12:00:00-04:00,30.190000534057617,30.239999771118164,30.15999984741211,30.229999542236328,28269,0.0,0.0,0.0
2024-09-09 12:05:00-04:00,30.229999542236328,30.274999618530273,30.229999542236328,30.274999618530273,10686,0.0,0.0,0.0
2024-09-09 12:10:00-04:00,30.270000457763672,30.520000457763672,30.270000457763672,30.469999313354492,44948,0.0,0.0,0.0
2024-09-09 12:15:00-04:00,30.479999542236328,30.516000747680664,30.459999084472656,30.479999542236328,111928,0.0,0.0,0.0
2024-09-09 12:20:00-04:00,30.510000228881836,30.65999984741211,30.5,30.600000381469727,117427,0.0,0.0,0.0
2024-09-09 12:25:00-04:00,30.610000610351562,30.6299991607666,30.59000015258789,30.610000610351562,34850,0.0,0.0,0.0
2024-09-09 12:30:00-04:00,30.56999969482422,30.690000534057617,30.56999969482422,30.6299991607666,51006,0.0,0.0,0.0
2024-09-09 12:35:00-04:00,30.639999389648438,30.659900665283203,30.530000686645508,30.549999237060547,30854,0.0,0.0,0.0
2024-09-09 12:40:00-04:00,30.56999969482422,30.690000534057617,30.56999969482422,30.690000534057617,27049,0.0,0.0,0.0
2024-09-09 12:45:00-04:00,30.674999237060547,30.770000457763672,30.674999237060547,30.770000457763672,123169,0.0,0.0,0.0
2024-09-09 12:50:00-04:00,30.770000457763672,30.809999465942383,30.740100860595703,30.740100860595703,20906,0.0,0.0,0.0
2024-09-09 12:55:00-04:00,30.760000228881836,30.81999969482422,30.760000228881836,30.770000457763672,19356,0.0,0.0,0.0
2024-09-09 13:00:00-04:00,30.790000915527344,30.84000015258789,30.729999542236328,30.84000015258789,154566,0.0,0.0,0.0
2024-09-09 13:05:00-04:00,30.829999923706055,30.90999984741211,30.809999465942383,30.90999984741211,19971,0.0,0.0,0.0
2024-09-09 13:10:00-04:00,30.922300338745117,30.93000030517578,30.809999465942383,30.809999465942383,78118,0.0,0.0,0.0
2024-09-09 13:15:00-04:00,30.790000915527344,30.860000610351562,30.790000915527344,30.825000762939453,47232,0.0,0.0,0.0
2024-09-09 13:20:00-04:00,30.81999969482422,30.850000381469727,30.780000686645508,30.829999923706055,37412,0.0,0.0,0.0
2024-09-09 13:25:00-04:00,30.829999923706055,30.850000381469727,30.829999923706055,30.850000381469727,45986,0.0,0.0,0.0
2024-09-09 13:30:00-04:00,30.850000381469727,30.885000228881836,30.799999237060547,30.885000228881836,30140,0.0,0.0,0.0
2024-09-09 13:35:00-04:00,30.8799991607666,30.959999084472656,30.84000015258789,30.850000381469727,88551,0.0,0.0,0.0
2024-09-09 13:40:00-04:00,30.829999923706055,30.84000015258789,30.7450008392334,30.75,14470,0.0,0.0,0.0
2024-09-09 13:45:00-04:00,30.75,30.8700008392334,30.75,30.860000610351562,11459,0.0,0.0,0.0
2024-09-09 13:50:00-04:00,30.850000381469727,30.8799991607666,30.829999923706055,30.833499908447266,44025,0.0,0.0,0.0
2024-09-09 13:55:00-04:00,30.84000015258789,30.84000015258789,30.790000915527344,30.809999465942383,28130,0.0,0.0,0.0
2024-09-09 14:00:00-04:00,30.81999969482422,30.864999771118164,30.811599731445312,30.864999771118164,3094,0.0,0.0,0.0
2024-09-09 14:05:00-04:00,30.829999923706055,30.860000610351562,30.68000030517578,30.790000915527344,230210,0.0,0.0,0.0
2024-09-09 14:10:00-04:00,30.789899826049805,30.829999923706055,30.770000457763672,30.770000457763672,49929,0.0,0.0,0.0
2024-09-09 14:15:00-04:00,30.770000457763672,30.809999465942383,30.770000457763672,30.790000915527344,3978,0.0,0.0,0.0
2024-09-09 14:20:00-04:00,30.799999237060547,30.809999465942383,30.760000228881836,30.790000915527344,4166,0.0,0.0,0.0
2024-09-09 14:25:00-04:00,30.790000915527344,30.860000610351562,30.790000915527344,30.809999465942383,4064,0.0,0.0,0.0
2024-09-09 14:30:00-04:00,30.809999465942383,30.809999465942383,30.75,30.790000915527344,7889,0.0,0.0,0.0
2024-09-09 14:35:00-04:00,30.799999237060547,30.829999923706055,30.739999771118164,30.739999771118164,25581,0.0,0.0,0.0
2024-09-09 14:40:00-04:00,30.75,30.84000015258789,30.75,30.84000015258789,14674,0.0,0.0,0.0
2024-09-09 14:45:00-04:00,30.829999923706055,30.8799991607666,30.829999923706055,30.8799991607666,19064,0.0,0.0,0.0
2024-09-09 14:50:00-04:00,30.860000610351562,30.889999389648438,30.850000381469727,30.850000381469727,5999,0.0,0.0,0.0
2024-09-09 14:55:00-04:00,30.844999313354492,30.844999313354492,30.809999465942383,30.825000762939453,3801,0.0,0.0,0.0
2024-09-09 15:00:00-04:00,30.809999465942383,30.859899520874023,30.809999465942383,30.84000015258789,7576,0.0,0.0,0.0
2024-09-09 15:05:00-04:00,30.8700008392334,30.920000076293945,30.864999771118164,30.915000915527344,9061,0.0,0.0,0.0
2024-09-09 15:10:00-04:00,30.920000076293945,30.969999313354492,30.889999389648438,30.889999389648438,16692,0.0,0.0,0.0
2024-09-09 15:15:00-04:00,30.8799991607666,30.950000762939453,30.8799991607666,30.940000534057617,9241,0.0,0.0,0.0
2024-09-09 15:20:00-04:00,30.940000534057617,30.940000534057617,30.885000228881836,30.920000076293945,7912,0.0,0.0,0.0
2024-09-09 15:25:00-04:00,30.920000076293945,31.020000457763672,30.920000076293945,31.014999389648438,35222,0.0,0.0,0.0
2024-09-09 15:30:00-04:00,31.010000228881836,31.014999389648438,30.979999542236328,30.979999542236328,17289,0.0,0.0,0.0
2024-09-09 15:35:00-04:00,30.989999771118164,31.059999465942383,30.975000381469727,31.014999389648438,29888,0.0,0.0,0.0
2024-09-09 15:40:00-04:00,31.045000076293945,31.09000015258789,31.010000228881836,31.040000915527344,39795,0.0,0.0,0.0
2024-09-09 15:45:00-04:00,31.059999465942383,31.079999923706055,31.0,31.065000534057617,23929,0.0,0.0,0.0
2024-09-09 15:50:00-04:00,31.06999969482422,31.1299991607666,31.014999389648438,31.1299991607666,31657,0.0,0.0,0.0
2024-09-09 15:55:00-04:00,31.139999389648438,31.184999465942383,31.110000610351562,31.1299991607666,66772,0.0,0.0,0.0
2024-09-10 09:30:00-04:00,31.030000686645508,31.06999969482422,30.889999389648438,30.889999389648438,58360,0.0,0.0,0.0
2024-09-10 09:35:00-04:00,30.940000534057617,30.959999084472656,30.860000610351562,30.899999618530273,47535,0.0,0.0,0.0
2024-09-10 09:40:00-04:00,30.899999618530273,30.989999771118164,30.888999938964844,30.989999771118164,16733,0.0,0.0,0.0
2024-09-10 09:45:00-04:00,30.976699829101562,31.020000457763672,30.899999618530273,30.909900665283203,10742,0.0,0.0,0.0
2024-09-10 09:50:00-04:00,30.93000030517578,30.989999771118164,30.899999618530273,30.989999771118164,34636,0.0,0.0,0.0
2024-09-10 09:55:00-04:00,31.0,31.030000686645508,30.889999389648438,30.899999618530273,27457,0.0,0.0,0.0
2024-09-10 10:00:00-04:00,30.920000076293945,30.950000762939453,30.860000610351562,30.950000762939453,12642,0.0,0.0,0.0
2024-09-10 10:05:00-04:00,30.899999618530273,31.06999969482422,30.834999084472656,31.049999237060547,27984,0.0,0.0,0.0
2024-09-10 10:10:00-04:00,31.020000457763672,31.020000457763672,30.809999465942383,30.829999923706055,40239,0.0,0.0,0.0
2024-09-10 10:15:00-04:00,30.829999923706055,30.905000686645508,30.790000915527344,30.8700008392334,13196,0.0,0.0,0.0
2024-09-10 10:20:00-04:00,30.864999771118164,30.889999389648438,30.81999969482422,30.860000610351562,9054,0.0,0.0,0.0
2024-09-10 10:25:00-04:00,30.90999984741211,31.059999465942383,30.90999984741211,31.059999465942383,6067,0.0,0.0,0.0
2024-09-10 10:30:00-04:00,31.09000015258789,31.1299991607666,31.020000457763672,31.020000457763672,5437,0.0,0.0,0.0
2024-09-10 10:35:00-04:00,31.030000686645508,31.06999969482422,31.0,31.040000915527344,3565,0.0,0.0,0.0
2024-09-10 10:40:00-04:00,31.059999465942383,31.079999923706055,31.020000457763672,31.030000686645508,1658,0.0,0.0,0.0
2024-09-10 10:45:00-04:00,31.0,31.079999923706055,31.0,31.060100555419922,3619,0.0,0.0,0.0
2024-09-10 10:50:00-04:00,31.06999969482422,31.06999969482422,30.950000762939453,31.010000228881836,3265,0.0,0.0,0.0
2024-09-10 10:55:00-04:00,31.010000228881836,31.030000686645508,30.969999313354492,31.02560043334961,6231,0.0,0.0,0.0
2024-09-10 11:00:00-04:00,31.010000228881836,31.010000228881836,30.969999313354492,30.989999771118164,2615,0.0,0.0,0.0
2024-09-10 11:05:00-04:00,30.989999771118164,31.030000686645508,30.969999313354492,31.030000686645508,2526,0.0,0.0,0.0
2024-09-10 11:10:00-04:00,31.049999237060547,31.110000610351562,31.0,31.059999465942383,3353,0.0,0.0,0.0
2024-09-10 11:15:00-04:00,31.024999618530273,31.059999465942383,31.0049991607666,31.059999465942383,1683,0.0,0.0,0.0
2024-09-10 11:20:00-04:00,31.020000457763672,31.059999465942383,30.979999542236328,31.059999465942383,14250,0.0,0.0,0.0
2024-09-10 11:25:00-04:00,31.079999923706055,31.139999389648438,31.079999923706055,31.1200008392334,1162,0.0,0.0,0.0
2024-09-10 11:30:00-04:00,31.139999389648438,31.165000915527344,31.094999313354492,31.094999313354492,6091,0.0,0.0,0.0
2024-09-10 11:35:00-04:00,31.06999969482422,31.079999923706055,31.040000915527344,31.040000915527344,1856,0.0,0.0,0.0
2024-09-10 11:40:00-04:00,31.049999237060547,31.100000381469727,31.049999237060547,31.079999923706055,1873,0.0,0.0,0.0
2024-09-10 11:45:00-04:00,31.049999237060547,31.049999237060547,30.979999542236328,30.979999542236328,6017,0.0,0.0,0.0
2024-09-10 11:50:00-04:00,30.93000030517578,30.93000030517578,30.8799991607666,30.8799991607666,12603,0.0,0.0,0.0
2024-09-10 11:55:00-04:00,30.8700008392334,30.93000030517578,30.84000015258789,30.84000015258789,11838,0.0,0.0,0.0
2024-09-10 12:00:00-04:00,30.829999923706055,30.860000610351562,30.829999923706055,30.860000610351562,1596,0.0,0.0,0.0
2024-09-10 12:05:00-04:00,30.889999389648438,30.93000030517578,30.889999389648438,30.90019989013672,4523,0.0,0.0,0.0
2024-09-10 12:10:00-04:00,30.900299072265625,30.90999984741211,30.850200653076172,30.850200653076172,8122,0.0,0.0,0.0
2024-09-10 12:15:00-04:00,30.8799991607666,30.929899215698242,30.8799991607666,30.920000076293945,9206,0.0,0.0,0.0
2024-09-10 12:20:00-04:00,30.90999984741211,30.940000534057617,30.884199142456055,30.940000534057617,2493,0.0,0.0,0.0
2024-09-10 12:25:00-04:00,30.959999084472656,30.959999084472656,30.895000457763672,30.895000457763672,1323,0.0,0.0,0.0
2024-09-10 12:30:00-04:00,30.940000534057617,30.959999084472656,30.91990089416504,30.940000534057617,3414,0.0,0.0,0.0
2024-09-10 12:35:00-04:00,30.959999084472656,30.979999542236328,30.940000534057617,30.969999313354492,2578,0.0,0.0,0.0
2024-09-10 12:40:00-04:00,30.979999542236328,31.010000228881836,30.969999313354492,30.979999542236328,9048,0.0,0.0,0.0
2024-09-10 12:45:00-04:00,30.979999542236328,30.996700286865234,30.950000762939453,30.989999771118164,16430,0.0,0.0,0.0
2024-09-10 12:50:00-04:00,30.985000610351562,31.030000686645508,30.969999313354492,31.020000457763672,2896,0.0,0.0,0.0
2024-09-10 12:55:00-04:00,31.010000228881836,31.010000228881836,30.979999542236328,30.979999542236328,2389,0.0,0.0,0.0
2024-09-10 13:00:00-04:00,30.97640037536621,30.97640037536621,30.97640037536621,30.97640037536621,250,0.0,0.0,0.0
2024-09-10 13:05:00-04:00,30.989999771118164,31.0,30.989999771118164,31.0,2706,0.0,0.0,0.0
2024-09-10 13:10:00-04:00,31.040000915527344,31.25,31.040000915527344,31.219999313354492,12708,0.0,0.0,0.0
2024-09-10 13:15:00-04:00,31.209999084472656,31.2549991607666,31.209999084472656,31.219999313354492,3066,0.0,0.0,0.0
2024-09-10 13:20:00-04:00,31.209999084472656,31.209999084472656,31.149999618530273,31.190000534057617,6542,0.0,0.0,0.0
2024-09-10 13:25:00-04:00,31.18000030517578,31.18000030517578,31.110000610351562,31.110000610351562,2150,0.0,0.0,0.0
2024-09-10 13:30:00-04:00,31.117399215698242,31.170000076293945,31.110000610351562,31.170000076293945,2596,0.0,0.0,0.0
2024-09-10 13:35:00-04:00,31.170000076293945,31.190000534057617,31.149999618530273,31.15999984741211,9254,0.0,0.0,0.0
2024-09-10 13:40:00-04:00,31.170000076293945,31.200000762939453,31.15999984741211,31.15999984741211,4976,0.0,0.0,0.0
2024-09-10 13:45:00-04:00,31.170000076293945,31.229999542236328,31.155000686645508,31.170000076293945,65338,0.0,0.0,0.0
2024-09-10 13:50:00-04:00,31.190000534057617,31.219999313354492,31.190000534057617,31.190000534057617,3395,0.0,0.0,0.0
2024-09-10 13:55:00-04:00,31.190000534057617,31.190000534057617,31.1200008392334,31.149999618530273,2012,0.0,0.0,0.0
2024-09-10 14:00:00-04:00,31.165000915527344,31.239999771118164,31.165000915527344,31.200000762939453,7059,0.0,0.0,0.0
2024-09-10 14:05:00-04:00,31.209999084472656,31.229999542236328,31.190000534057617,31.229999542236328,11115,0.0,0.0,0.0
2024-09-10 14:10:00-04:00,31.260000228881836,31.30500030517578,31.260000228881836,31.270000457763672,4825,0.0,0.0,0.0
2024-09-10 14:15:00-04:00,31.309999465942383,31.459999084472656,31.309999465942383,31.459999084472656,6682,0.0,0.0,0.0
2024-09-10 14:20:00-04:00,31.440000534057617,31.440000534057617,31.34000015258789,31.405000686645508,15137,0.0,0.0,0.0
2024-09-10 14:25:00-04:00,31.41010093688965,31.440000534057617,31.399999618530273,31.420000076293945,3217,0.0,0.0,0.0
2024-09-10 14:30:00-04:00,31.399999618530273,31.450000762939453,31.399999618530273,31.434999465942383,9813,0.0,0.0,0.0
2024-09-10 14:35:00-04:00,31.440000534057617,31.600000381469727,31.440000534057617,31.56999969482422,15768,0.0,0.0,0.0
2024-09-10 14:40:00-04:00,31.540000915527344,31.559999465942383,31.510000228881836,31.520099639892578,57669,0.0,0.0,0.0
2024-09-10 14:45:00-04:00,31.520000457763672,31.540000915527344,31.43000030517578,31.440000534057617,29106,0.0,0.0,0.0
2024-09-10 14:50:00-04:00,31.479999542236328,31.479999542236328,31.440000534057617,31.440000534057617,8940,0.0,0.0,0.0
2024-09-10 14:55:00-04:00,31.450000762939453,31.450000762939453,31.360000610351562,31.389999389648438,5740,0.0,0.0,0.0
2024-09-10 15:00:00-04:00,31.375,31.375,31.315000534057617,31.31999969482422,7005,0.0,0.0,0.0
2024-09-10 15:05:00-04:00,31.334999084472656,31.350000381469727,31.25,31.299999237060547,13266,0.0,0.0,0.0
2024-09-10 15:10:00-04:00,31.325000762939453,31.350000381469727,31.315000534057617,31.329999923706055,6695,0.0,0.0,0.0
2024-09-10 15:15:00-04:00,31.299999237060547,31.349899291992188,31.270000457763672,31.349899291992188,3276,0.0,0.0,0.0
2024-09-10 15:20:00-04:00,31.34000015258789,31.3700008392334,31.334999084472656,31.360000610351562,3195,0.0,0.0,0.0
2024-09-10 15:25:00-04:00,31.34000015258789,31.389999389648438,31.34000015258789,31.389999389648438,3915,0.0,0.0,0.0
2024-09-10 15:30:00-04:00,31.389999389648438,31.480100631713867,31.3799991607666,31.479999542236328,21651,0.0,0.0,0.0
2024-09-10 15:35:00-04:00,31.485000610351562,31.5,31.469999313354492,31.4950008392334,25320,0.0,0.0,0.0
2024-09-10 15:40:00-04:00,31.5,31.59000015258789,31.5,31.56999969482422,11009,0.0,0.0,0.0
2024-09-10 15:45:00-04:00,31.565000534057617,31.6299991607666,31.559999465942383,31.6200008392334,25354,0.0,0.0,0.0
2024-09-10 15:50:00-04:00,31.584999084472656,31.584999084472656,31.510000228881836,31.549999237060547,51836,0.0,0.0,0.0
2024-09-10 15:55:00-04:00,31.56999969482422,31.6299991607666,31.559999465942383,31.579999923706055,46667,0.0,0.0,0.0
2024-09-11 09:30:00-04:00,30.950000762939453,30.950000762939453,30.809999465942383,30.809999465942383,25703,0.0,0.0,0.0
2024-09-11 09:35:00-04:00,30.75,30.790000915527344,30.709999084472656,30.719999313354492,24154,0.0,0.0,0.0
2024-09-11 09:40:00-04:00,30.690000534057617,30.760000228881836,30.65999984741211,30.670000076293945,17323,0.0,0.0,0.0
2024-09-11 09:45:00-04:00,30.690000534057617,30.75,30.6299991607666,30.649999618530273,24337,0.0,0.0,0.0
2024-09-11 09:50:00-04:00,30.5,30.530000686645508,30.440200805664062,30.440200805664062,135680,0.0,0.0,0.0
2024-09-11 09:55:00-04:00,30.440000534057617,30.469999313354492,30.350000381469727,30.3700008392334,82470,0.0,0.0,0.0
2024-09-11 10:00:00-04:00,30.350000381469727,30.450000762939453,30.290199279785156,30.440000534057617,73380,0.0,0.0,0.0
2024-09-11 10:05:00-04:00,30.440000534057617,30.489999771118164,30.389999389648438,30.459999084472656,87206,0.0,0.0,0.0
2024-09-11 10:10:00-04:00,30.450000762939453,30.479999542236328,30.3799991607666,30.3799991607666,97878,0.0,0.0,0.0
2024-09-11 10:15:00-04:00,30.3799991607666,30.399999618530273,30.309999465942383,30.3700008392334,76886,0.0,0.0,0.0
2024-09-11 10:20:00-04:00,30.34000015258789,30.40999984741211,30.309999465942383,30.399999618530273,32761,0.0,0.0,0.0
2024-09-11 10:25:00-04:00,30.440000534057617,30.5,30.389999389648438,30.5,41424,0.0,0.0,0.0
2024-09-11 10:30:00-04:00,30.440000534057617,30.440000534057617,30.329999923706055,30.329999923706055,41308,0.0,0.0,0.0
2024-09-11 10:35:00-04:00,30.389999389648438,30.440000534057617,30.36009979248047,30.375,7504,0.0,0.0,0.0
2024-09-11 10:40:00-04:00,30.350000381469727,30.3700008392334,30.30500030517578,30.34000015258789,14380,0.0,0.0,0.0
2024-09-11 10:45:00-04:00,30.354999542236328,30.354999542236328,30.25,30.290000915527344,7512,0.0,0.0,0.0
2024-09-11 10:50:00-04:00,30.299999237060547,30.34000015258789,30.2549991607666,30.329999923706055,35136,0.0,0.0,0.0
2024-09-11 10:55:00-04:00,30.34000015258789,30.479999542236328,30.299999237060547,30.469999313354492,57141,0.0,0.0,0.0
2024-09-11 11:00:00-04:00,30.469999313354492,30.479999542236328,30.43000030517578,30.469999313354492,2679,0.0,0.0,0.0
2024-09-11 11:05:00-04:00,30.489999771118164,30.60930061340332,30.489999771118164,30.510000228881836,19234,0.0,0.0,0.0
2024-09-11 11:10:00-04:00,30.5,30.600000381469727,30.489999771118164,30.579999923706055,7840,0.0,0.0,0.0
2024-09-11 11:15:00-04:00,30.600000381469727,30.670000076293945,30.579999923706055,30.670000076293945,9928,0.0,0.0,0.0
2024-09-11 11:20:00-04:00,30.6299991607666,30.639999389648438,30.600000381469727,30.639999389648438,4516,0.0,0.0,0.0
2024-09-11 11:25:00-04:00,30.65999984741211,30.700000762939453,30.649999618530273,30.690000534057617,34239,0.0,0.0,0.0
2024-09-11 11:30:00-04:00,30.729999542236328,30.739999771118164,30.709999084472656,30.709999084472656,2448,0.0,0.0,0.0
2024-09-11 11:35:00-04:00,30.739999771118164,30.850000381469727,30.704999923706055,30.850000381469727,27623,0.0,0.0,0.0
2024-09-11 11:40:00-04:00,30.850000381469727,31.030000686645508,30.84000015258789,31.0,114129,0.0,0.0,0.0
2024-09-11 11:45:00-04:00,31.010000228881836,31.06999969482422,31.0,31.0,72914,0.0,0.0,0.0
2024-09-11 11:50:00-04:00,31.0,31.0,30.889999389648438,30.889999389648438,10048,0.0,0.0,0.0
2024-09-11 11:55:00-04:00,30.899999618530273,30.91010093688965,30.84000015258789,30.90999984741211,6632,0.0,0.0,0.0
2024-09-11 12:00:00-04:00,30.899999618530273,31.059999465942383,30.8799991607666,31.059999465942383,23932,0.0,0.0,0.0
2024-09-11 12:05:00-04:00,31.059999465942383,31.1299991607666,31.059900283813477,31.059900283813477,14055,0.0,0.0,0.0
2024-09-11 12:10:00-04:00,30.979999542236328,31.010000228881836,30.940000534057617,31.010000228881836,1594,0.0,0.0,0.0
2024-09-11 12:15:00-04:00,30.999900817871094,30.999900817871094,30.940000534057617,30.989999771118164,2573,0.0,0.0,0.0
2024-09-11 12:20:00-04:00,31.1200008392334,31.1299991607666,30.989999771118164,30.989999771118164,15416,0.0,0.0,0.0
2024-09-11 12:25:00-04:00,30.989999771118164,31.010000228881836,30.950000762939453,31.0,5665,0.0,0.0,0.0
2024-09-11 12:30:00-04:00,31.010000228881836,31.059999465942383,31.010000228881836,31.030000686645508,12294,0.0,0.0,0.0
2024-09-11 12:35:00-04:00,31.0,31.079999923706055,31.0,31.079999923706055,10651,0.0,0.0,0.0
2024-09-11 12:40:00-04:00,31.100000381469727,31.100000381469727,31.045000076293945,31.059999465942383,2812,0.0,0.0,0.0
2024-09-11 12:45:00-04:00,31.06999969482422,31.100000381469727,31.040000915527344,31.040000915527344,5894,0.0,0.0,0.0
2024-09-11 12:50:00-04:00,31.049999237060547,31.280000686645508,31.049999237060547,31.25,43183,0.0,0.0,0.0
2024-09-11 12:55:00-04:00,31.270000457763672,31.34000015258789,31.200000762939453,31.239999771118164,59706,0.0,0.0,0.0
2024-09-11 13:00:00-04:00,31.239999771118164,31.34000015258789,31.219999313354492,31.309999465942383,6348,0.0,0.0,0.0
2024-09-11 13:05:00-04:00,31.260000228881836,31.3700008392334,31.260000228881836,31.340099334716797,12883,0.0,0.0,0.0
2024-09-11 13:10:00-04:00,31.360000610351562,31.450000762939453,31.345500946044922,31.43000030517578,16036,0.0,0.0,0.0
2024-09-11 13:15:00-04:00,31.440000534057617,31.475000381469727,31.420000076293945,31.459999084472656,13749,0.0,0.0,0.0
2024-09-11 13:20:00-04:00,31.440000534057617,31.489999771118164,31.40999984741211,31.40999984741211,8664,0.0,0.0,0.0
2024-09-11 13:25:00-04:00,31.420000076293945,31.479999542236328,31.420000076293945,31.479999542236328,2515,0.0,0.0,0.0
2024-09-11 13:30:00-04:00,31.469999313354492,31.469999313354492,31.34000015258789,31.350000381469727,11673,0.0,0.0,0.0
2024-09-11 13:35:00-04:00,31.3799991607666,31.469999313354492,31.3799991607666,31.469999313354492,6179,0.0,0.0,0.0
2024-09-11 13:40:00-04:00,31.469999313354492,31.540000915527344,31.469999313354492,31.489999771118164,36930,0.0,0.0,0.0
2024-09-11 13:45:00-04:00,31.479999542236328,31.559999465942383,31.479999542236328,31.510000228881836,19948,0.0,0.0,0.0
2024-09-11 13:50:00-04:00,31.539199829101562,31.540000915527344,31.459999084472656,31.459999084472656,5459,0.0,0.0,0.0
2024-09-11 13:55:00-04:00,31.450000762939453,31.459999084472656,31.420000076293945,31.439899444580078,8900,0.0,0.0,0.0
2024-09-11 14:00:00-04:00,31.459999084472656,31.510000228881836,31.44499969482422,31.5,10273,0.0,0.0,0.0
2024-09-11 14:05:00-04:00,31.469999313354492,31.510000228881836,31.469999313354492,31.510000228881836,11102,0.0,0.0,0.0
2024-09-11 14:10:00-04:00,31.520000457763672,31.520000457763672,31.469999313354492,31.5,14014,0.0,0.0,0.0
2024-09-11 14:15:00-04:00,31.530000686645508,31.559999465942383,31.510000228881836,31.559999465942383,10308,0.0,0.0,0.0
2024-09-11 14:20:00-04:00,31.56999969482422,31.6200008392334,31.559999465942383,31.610000610351562,4371,0.0,0.0,0.0
2024-09-11 14:25:00-04:00,31.600000381469727,31.610000610351562,31.559999465942383,31.579999923706055,8216,0.0,0.0,0.0
2024-09-11 14:30:00-04:00,31.59000015258789,31.610000610351562,31.56999969482422,31.600000381469727,17437,0.0,0.0,0.0
2024-09-11 14:35:00-04:00,31.559999465942383,31.58989906311035,31.440000534057617,31.5,73848,0.0,0.0,0.0
2024-09-11 14:40:00-04:00,31.520000457763672,31.530000686645508,31.489999771118164,31.489999771118164,9646,0.0,0.0,0.0
2024-09-11 14:45:00-04:00,31.459999084472656,31.469999313354492,31.389999389648438,31.40999984741211,19151,0.0,0.0,0.0
2024-09-11 14:50:00-04:00,31.389999389648438,31.40999984741211,31.299999237060547,31.320100784301758,44612,0.0,0.0,0.0
2024-09-11 14:55:00-04:00,31.350000381469727,31.3700008392334,31.329999923706055,31.350000381469727,11895,0.0,0.0,0.0
2024-09-11 15:00:00-04:00,31.329999923706055,31.329999923706055,31.260000228881836,31.280000686645508,5136,0.0,0.0,0.0
2024-09-11 15:05:00-04:00,31.2549991607666,31.299999237060547,31.2549991607666,31.299999237060547,1244,0.0,0.0,0.0
2024-09-11 15:10:00-04:00,31.309999465942383,31.31999969482422,31.280000686645508,31.315000534057617,5291,0.0,0.0,0.0
2024-09-11 15:15:00-04:00,31.360000610351562,31.399999618530273,31.325000762939453,31.389999389648438,9152,0.0,0.0,0.0
2024-09-11 15:20:00-04:00,31.3799991607666,31.389999389648438,31.350000381469727,31.360000610351562,3606,0.0,0.0,0.0
2024-09-11 15:25:00-04:00,31.354999542236328,31.395000457763672,31.350000381469727,31.389999389648438,8048,0.0,0.0,0.0
2024-09-11 15:30:00-04:00,31.389999389648438,31.459999084472656,31.385000228881836,31.459999084472656,14807,0.0,0.0,0.0
2024-09-11 15:35:00-04:00,31.459999084472656,31.5,31.40999984741211,31.40999984741211,12486,0.0,0.0,0.0
2024-09-11 15:40:00-04:00,31.420000076293945,31.424999237060547,31.34000015258789,31.3700008392334,9296,0.0,0.0,0.0
2024-09-11 15:45:00-04:00,31.3700008392334,31.385000228881836,31.334999084472656,31.375,23843,0.0,0.0,0.0
2024-09-11 15:50:00-04:00,31.350000381469727,31.420000076293945,31.290000915527344,31.415000915527344,16445,0.0,0.0,0.0
2024-09-11 15:55:00-04:00,31.420000076293945,31.459999084472656,31.395000457763672,31.399999618530273,36160,0.0,0.0,0.0
2024-09-12 09:30:00-04:00,31.489999771118164,31.530000686645508,31.40999984741211,31.510000228881836,30738,0.0,0.0,0.0
2024-09-12 09:35:00-04:00,31.489999771118164,31.530000686645508,31.440000534057617,31.530000686645508,11663,0.0,0.0,0.0
2024-09-12 09:40:00-04:00,31.5,31.530000686645508,31.430099487304688,31.430099487304688,10830,0.0,0.0,0.0
2024-09-12 09:45:00-04:00,31.399999618530273,31.399999618530273,31.239999771118164,31.280000686645508,19639,0.0,0.0,0.0
2024-09-12 09:50:00-04:00,31.25,31.389999389648438,31.239999771118164,31.389999389648438,15841,0.0,0.0,0.0
2024-09-12 09:55:00-04:00,31.375,31.395000457763672,31.350000381469727,31.395000457763672,3515,0.0,0.0,0.0
2024-09-12 10:00:00-04:00,31.399999618530273,31.5049991607666,31.360000610351562,31.459999084472656,12658,0.0,0.0,0.0
2024-09-12 10:05:00-04:00,31.420000076293945,31.479999542236328,31.389999389648438,31.424999237060547,2832,0.0,0.0,0.0
2024-09-12 10:10:00-04:00,31.43000030517578,31.56999969482422,31.43000030517578,31.56999969482422,19730,0.0,0.0,0.0
2024-09-12 10:15:00-04:00,31.56999969482422,31.739999771118164,31.549999237060547,31.709999084472656,10508,0.0,0.0,0.0
2024-09-12 10:20:00-04:00,31.701400756835938,31.729999542236328,31.670000076293945,31.684999465942383,4922,0.0,0.0,0.0
2024-09-12 10:25:00-04:00,31.690000534057617,31.739999771118164,31.68000030517578,31.709999084472656,27892,0.0,0.0,0.0
2024-09-12 10:30:00-04:00,31.75,31.920000076293945,31.75,31.920000076293945,24593,0.0,0.0,0.0
2024-09-12 10:35:00-04:00,31.889999389648438,31.889999389648438,31.6299991607666,31.65999984741211,67952,0.0,0.0,0.0
2024-09-12 10:40:00-04:00,31.649999618530273,31.65999984741211,31.600000381469727,31.6299991607666,4860,0.0,0.0,0.0
2024-09-12 10:45:00-04:00,31.610000610351562,31.610000610351562,31.459999084472656,31.5,16682,0.0,0.0,0.0
2024-09-12 10:50:00-04:00,31.519899368286133,31.543500900268555,31.459999084472656,31.469999313354492,5613,0.0,0.0,0.0
2024-09-12 10:55:00-04:00,31.479999542236328,31.530000686645508,31.375,31.375,9083,0.0,0.0,0.0
2024-09-12 11:00:00-04:00,31.344999313354492,31.44499969482422,31.280000686645508,31.44499969482422,50272,0.0,0.0,0.0
2024-09-12 11:05:00-04:00,31.479999542236328,31.479999542236328,31.440000534057617,31.459999084472656,4636,0.0,0.0,0.0
2024-09-12 11:10:00-04:00,31.40999984741211,31.530000686645508,31.3799991607666,31.520000457763672,8958,0.0,0.0,0.0
2024-09-12 11:15:00-04:00,31.489999771118164,31.489999771118164,31.389999389648438,31.43000030517578,3894,0.0,0.0,0.0
2024-09-12 11:20:00-04:00,31.424999237060547,31.43000030517578,31.3700008392334,31.399999618530273,3679,0.0,0.0,0.0
2024-09-12 11:25:00-04:00,31.399999618530273,31.399999618530273,31.329999923706055,31.3700008392334,4135,0.0,0.0,0.0
2024-09-12 11:30:00-04:00,31.399999618530273,31.459999084472656,31.385000228881836,31.43000030517578,5231,0.0,0.0,0.0
2024-09-12 11:35:00-04:00,31.40999984741211,31.440000534057617,31.399999618530273,31.420000076293945,1390,0.0,0.0,0.0
2024-09-12 11:40:00-04:00,31.459999084472656,31.459999084472656,31.360000610351562,31.360000610351562,4204,0.0,0.0,0.0
2024-09-12 11:45:00-04:00,31.34000015258789,31.34000015258789,31.290000915527344,31.31999969482422,7255,0.0,0.0,0.0
2024-09-12 11:50:00-04:00,31.329999923706055,31.360000610351562,31.299999237060547,31.309999465942383,5052,0.0,0.0,0.0
2024-09-12 11:55:00-04:00,31.31999969482422,31.329999923706055,31.299999237060547,31.329999923706055,3409,0.0,0.0,0.0
2024-09-12 12:00:00-04:00,31.309999465942383,31.408000946044922,31.309999465942383,31.408000946044922,7077,0.0,0.0,0.0
2024-09-12 12:05:00-04:00,31.389999389648438,31.40999984741211,31.370100021362305,31.399999618530273,6925,0.0,0.0,0.0
2024-09-12 12:10:00-04:00,31.43000030517578,31.469999313354492,31.43000030517578,31.469999313354492,3439,0.0,0.0,0.0
2024-09-12 12:15:00-04:00,31.530000686645508,31.530000686645508,31.479999542236328,31.479999542236328,3180,0.0,0.0,0.0
2024-09-12 12:20:00-04:00,31.524999618530273,31.530000686645508,31.520000457763672,31.520000457763672,741,0.0,0.0,0.0
2024-09-12 12:25:00-04:00,31.519899368286133,31.540000915527344,31.489999771118164,31.489999771118164,1338,0.0,0.0,0.0
2024-09-12 12:30:00-04:00,31.5,31.510000228881836,31.469999313354492,31.469999313354492,7307,0.0,0.0,0.0
2024-09-12 12:35:00-04:00,31.469999313354492,31.500099182128906,31.454999923706055,31.454999923706055,26612,0.0,0.0,0.0
2024-09-12 12:40:00-04:00,31.459999084472656,31.489999771118164,31.424999237060547,31.479999542236328,37966,0.0,0.0,0.0
2024-09-12 12:45:00-04:00,31.469999313354492,31.549999237060547,31.46500015258789,31.549999237060547,30462,0.0,0.0,0.0
2024-09-12 12:50:00-04:00,31.540000915527344,31.600000381469727,31.540000915527344,31.600000381469727,62057,0.0,0.0,0.0
2024-09-12 12:55:00-04:00,31.59000015258789,31.65999984741211,31.584999084472656,31.6299991607666,33853,0.0,0.0,0.0
2024-09-12 13:00:00-04:00,31.639999389648438,31.649999618530273,31.600000381469727,31.649999618530273,31633,0.0,0.0,0.0
2024-09-12 13:05:00-04:00,31.65999984741211,31.670000076293945,31.600000381469727,31.670000076293945,57046,0.0,0.0,0.0
2024-09-12 13:10:00-04:00,31.709999084472656,31.709999084472656,31.639999389648438,31.65999984741211,37370,0.0,0.0,0.0
2024-09-12 13:15:00-04:00,31.65999984741211,31.739999771118164,31.65999984741211,31.739999771118164,58761,0.0,0.0,0.0
2024-09-12 13:20:00-04:00,31.709999084472656,31.769899368286133,31.709999084472656,31.75,59648,0.0,0.0,0.0
2024-09-12 13:25:00-04:00,31.75,31.75,31.65999984741211,31.665000915527344,55529,0.0,0.0,0.0
2024-09-12 13:30:00-04:00,31.689899444580078,31.690000534057617,31.670000076293945,31.68000030517578,29128,0.0,0.0,0.0
2024-09-12 13:35:00-04:00,31.690000534057617,31.739999771118164,31.68000030517578,31.709999084472656,13066,0.0,0.0,0.0
2024-09-12 13:40:00-04:00,31.71500015258789,31.760000228881836,31.71500015258789,31.719999313354492,13148,0.0,0.0,0.0
2024-09-12 13:45:00-04:00,31.735000610351562,31.770000457763672,31.735000610351562,31.75,6975,0.0,0.0,0.0
2024-09-12 13:50:00-04:00,31.75,31.81999969482422,31.75,31.81999969482422,6616,0.0,0.0,0.0
2024-09-12 13:55:00-04:00,31.81999969482422,31.84000015258789,31.799999237060547,31.81999969482422,21124,0.0,0.0,0.0
2024-09-12 14:00:00-04:00,31.829999923706055,31.829999923706055,31.770000457763672,31.780000686645508,3803,0.0,0.0,0.0
2024-09-12 14:05:00-04:00,31.760000228881836,31.790000915527344,31.739999771118164,31.760000228881836,12307,0.0,0.0,0.0
2024-09-12 14:10:00-04:00,31.760000228881836,31.799999237060547,31.75,31.790000915527344,9138,0.0,0.0,0.0
2024-09-12 14:15:00-04:00,31.790000915527344,31.829999923706055,31.790000915527344,31.790000915527344,9783,0.0,0.0,0.0
2024-09-12 14:20:00-04:00,31.790000915527344,31.860000610351562,31.780000686645508,31.860000610351562,4318,0.0,0.0,0.0
2024-09-12 14:25:00-04:00,31.860000610351562,31.860000610351562,31.813400268554688,31.813400268554688,5859,0.0,0.0,0.0
2024-09-12 14:30:00-04:00,31.84000015258789,31.850000381469727,31.770000457763672,31.81999969482422,1327,0.0,0.0,0.0
2024-09-12 14:35:00-04:00,31.829999923706055,31.84000015258789,31.81999969482422,31.82990074157715,6855,0.0,0.0,0.0
2024-09-12 14:40:00-04:00,31.829999923706055,31.829999923706055,31.790000915527344,31.790000915527344,2576,0.0,0.0,0.0
2024-09-12 14:45:00-04:00,31.809999465942383,31.809999465942383,31.75,31.75,3269,0.0,0.0,0.0
2024-09-12 14:50:00-04:00,31.770000457763672,31.770000457763672,31.59000015258789,31.649999618530273,9128,0.0,0.0,0.0
2024-09-12 14:55:00-04:00,31.700000762939453,31.709800720214844,31.639999389648438,31.709800720214844,26924,0.0,0.0,0.0
2024-09-12 15:00:00-04:00,31.700000762939453,31.739999771118164,31.700000762939453,31.729999542236328,6554,0.0,0.0,0.0
2024-09-12 15:05:00-04:00,31.75,31.834999084472656,31.729999542236328,31.810100555419922,6822,0.0,0.0,0.0
2024-09-12 15:10:00-04:00,31.809999465942383,31.84000015258789,31.799999237060547,31.799999237060547,52934,0.0,0.0,0.0
2024-09-12 15:15:00-04:00,31.809999465942383,31.850000381469727,31.760000228881836,31.790000915527344,49937,0.0,0.0,0.0
2024-09-12 15:20:00-04:00,31.799999237060547,31.799999237060547,31.719999313354492,31.739999771118164,69911,0.0,0.0,0.0
2024-09-12 15:25:00-04:00,31.75,31.760000228881836,31.719999313354492,31.739999771118164,62140,0.0,0.0,0.0
2024-09-12 15:30:00-04:00,31.739999771118164,31.739999771118164,31.69499969482422,31.704999923706055,29677,0.0,0.0,0.0
2024-09-12 15:35:00-04:00,31.700000762939453,31.739999771118164,31.68000030517578,31.69499969482422,130791,0.0,0.0,0.0
2024-09-12 15:40:00-04:00,31.684999465942383,31.760000228881836,31.684999465942383,31.75,58880,0.0,0.0,0.0
2024-09-12 15:45:00-04:00,31.75,31.780000686645508,31.739999771118164,31.760000228881836,102357,0.0,0.0,0.0
2024-09-12 15:50:00-04:00,31.75,31.80500030517578,31.75,31.770000457763672,75699,0.0,0.0,0.0
2024-09-12 15:55:00-04:00,31.790000915527344,31.829999923706055,31.790000915527344,31.81999969482422,91791,0.0,0.0,0.0
2024-09-13 09:30:00-04:00,31.450000762939453,31.510000228881836,31.44499969482422,31.510000228881836,17523,0.0,0.0,0.0
2024-09-13 09:35:00-04:00,31.520000457763672,31.540000915527344,31.479999542236328,31.510000228881836,17720,0.0,0.0,0.0
2024-09-13 09:40:00-04:00,31.530000686645508,31.65999984741211,31.530000686645508,31.65999984741211,10659,0.0,0.0,0.0
2024-09-13 09:45:00-04:00,31.65999984741211,31.700000762939453,31.620399475097656,31.649999618530273,43161,0.0,0.0,0.0
2024-09-13 09:50:00-04:00,31.649999618530273,31.649999618530273,31.6200008392334,31.6299991607666,29028,0.0,0.0,0.0
2024-09-13 09:55:00-04:00,31.649999618530273,31.690000534057617,31.649999618530273,31.649999618530273,20046,0.0,0.0,0.0
2024-09-13 10:00:00-04:00,31.649999618530273,31.709999084472656,31.540000915527344,31.6299991607666,43676,0.0,0.0,0.0
2024-09-13 10:05:00-04:00,31.639999389648438,31.809999465942383,31.639999389648438,31.74880027770996,98609,0.0,0.0,0.0
2024-09-13 10:10:00-04:00,31.770000457763672,31.795000076293945,31.68000030517578,31.729999542236328,66862,0.0,0.0,0.0
2024-09-13 10:15:00-04:00,31.74020004272461,31.770000457763672,31.719999313354492,31.729999542236328,23624,0.0,0.0,0.0
2024-09-13 10:20:00-04:00,31.760000228881836,31.809999465942383,31.75,31.809999465942383,7446,0.0,0.0,0.0
2024-09-13 10:25:00-04:00,31.799999237060547,31.799999237060547,31.670000076293945,31.670000076293945,26516,0.0,0.0,0.0
2024-09-13 10:30:00-04:00,31.65999984741211,31.65999984741211,31.520000457763672,31.579999923706055,24914,0.0,0.0,0.0
2024-09-13 10:35:00-04:00,31.59000015258789,31.719999313354492,31.559999465942383,31.719999313354492,7927,0.0,0.0,0.0
2024-09-13 10:40:00-04:00,31.725000381469727,31.799999237060547,31.725000381469727,31.799999237060547,76538,0.0,0.0,0.0
2024-09-13 10:45:00-04:00,31.80500030517578,31.829999923706055,31.780000686645508,31.81999969482422,55390,0.0,0.0,0.0
2024-09-13 10:50:00-04:00,31.809999465942383,31.81999969482422,31.760000228881836,31.799999237060547,28948,0.0,0.0,0.0
2024-09-13 10:55:00-04:00,31.799999237060547,31.940000534057617,31.795000076293945,31.8799991607666,53540,0.0,0.0,0.0
2024-09-13 11:00:00-04:00,31.8700008392334,31.899999618530273,31.860000610351562,31.864999771118164,39986,0.0,0.0,0.0
2024-09-13 11:05:00-04:00,31.875,31.90999984741211,31.829999923706055,31.899999618530273,40324,0.0,0.0,0.0
2024-09-13 11:10:00-04:00,31.90999984741211,31.93000030517578,31.889999389648438,31.889999389648438,34092,0.0,0.0,0.0
2024-09-13 11:15:00-04:00,31.899999618530273,31.920000076293945,31.8799991607666,31.899999618530273,32853,0.0,0.0,0.0
2024-09-13 11:20:00-04:00,31.889999389648438,32.130001068115234,31.885000228881836,32.099998474121094,167599,0.0,0.0,0.0
2024-09-13 11:25:00-04:00,32.11000061035156,32.25,32.11000061035156,32.209999084472656,91913,0.0,0.0,0.0
2024-09-13 11:30:00-04:00,32.220001220703125,32.470001220703125,32.220001220703125,32.45500183105469,93428,0.0,0.0,0.0
2024-09-13 11:35:00-04:00,32.459999084472656,32.470001220703125,32.31999969482422,32.349998474121094,110404,0.0,0.0,0.0
2024-09-13 11:40:00-04:00,32.36000061035156,32.46500015258789,32.36000061035156,32.400001525878906,85011,0.0,0.0,0.0
2024-09-13 11:45:00-04:00,32.43000030517578,32.529998779296875,32.43000030517578,32.525001525878906,49277,0.0,0.0,0.0
2024-09-13 11:50:00-04:00,32.540000915527344,32.599998474121094,32.5099983215332,32.58000183105469,99702,0.0,0.0,0.0
2024-09-13 11:55:00-04:00,32.58000183105469,32.58000183105469,32.529998779296875,32.560001373291016,20815,0.0,0.0,0.0
2024-09-13 12:00:00-04:00,32.560001373291016,32.619998931884766,32.529998779296875,32.56999969482422,64812,0.0,0.0,0.0
2024-09-13 12:05:00-04:00,32.540000915527344,32.6349983215332,32.529998779296875,32.58000183105469,17050,0.0,0.0,0.0
2024-09-13 12:10:00-04:00,32.56019973754883,32.58000183105469,32.4900016784668,32.5099983215332,10290,0.0,0.0,0.0
2024-09-13 12:15:00-04:00,32.5099983215332,32.54999923706055,32.4900016784668,32.54999923706055,8055,0.0,0.0,0.0
2024-09-13 12:20:00-04:00,32.529998779296875,32.584999084472656,32.529998779296875,32.56999969482422,0,0.0,0.0,0.0
2024-09-13 12:25:00-04:00,32.56999969482422,32.56999969482422,32.52000045776367,32.52000045776367,1692433,0.0,0.0,0.0
2024-09-13 12:30:00-04:00,32.529998779296875,32.54999923706055,32.5,32.5099983215332,8546,0.0,0.0,0.0
2024-09-13 12:35:00-04:00,32.5,32.5,32.400001525878906,32.40999984741211,32532,0.0,0.0,0.0
2024-09-13 12:40:00-04:00,32.43000030517578,32.470001220703125,32.42499923706055,32.430198669433594,2379,0.0,0.0,0.0
2024-09-13 12:45:00-04:00,32.40999984741211,32.41999816894531,32.36000061035156,32.40999984741211,34409,0.0,0.0,0.0
2024-09-13 12:50:00-04:00,32.375,32.470001220703125,32.375,32.459999084472656,10393,0.0,0.0,0.0
2024-09-13 12:55:00-04:00,32.439998626708984,32.45000076293945,32.41999816894531,32.43000030517578,17917,0.0,0.0,0.0
2024-09-13 13:00:00-04:00,32.43000030517578,32.4900016784668,32.43000030517578,32.47999954223633,46513,0.0,0.0,0.0
2024-09-13 13:05:00-04:00,32.47999954223633,32.5099983215332,32.470001220703125,32.474998474121094,20342,0.0,0.0,0.0
2024-09-13 13:10:00-04:00,32.47999954223633,32.5,32.465599060058594,32.4900016784668,6815,0.0,0.0,0.0
2024-09-13 13:15:00-04:00,32.4900016784668,32.54999923706055,32.4900016784668,32.52000045776367,43122,0.0,0.0,0.0
2024-09-13 13:20:00-04:00,32.51499938964844,32.540000915527344,32.5,32.5,6504,0.0,0.0,0.0
2024-09-13 13:25:00-04:00,32.52000045776367,32.53499984741211,32.4900016784668,32.53499984741211,11739,0.0,0.0,0.0
2024-09-13 13:30:00-04:00,32.525001525878906,32.54999923706055,32.505001068115234,32.5099983215332,4051,0.0,0.0,0.0
2024-09-13 13:35:00-04:00,32.529998779296875,32.58000183105469,32.51499938964844,32.58000183105469,4748,0.0,0.0,0.0
2024-09-13 13:40:00-04:00,32.58000183105469,32.59000015258789,32.560001373291016,32.58000183105469,10179,0.0,0.0,0.0
2024-09-13 13:45:00-04:00,32.61000061035156,32.720001220703125,32.599998474121094,32.68000030517578,59656,0.0,0.0,0.0
2024-09-13 13:50:00-04:00,32.66999816894531,32.66999816894531,32.47999954223633,32.54999923706055,115742,0.0,0.0,0.0
2024-09-13 13:55:00-04:00,32.52690124511719,32.529998779296875,32.48500061035156,32.505001068115234,9535,0.0,0.0,0.0
2024-09-13 14:00:00-04:00,32.5099983215332,32.529998779296875,32.439998626708984,32.5,30582,0.0,0.0,0.0
2024-09-13 14:05:00-04:00,32.540000915527344,32.59000015258789,32.529998779296875,32.59000015258789,4103,0.0,0.0,0.0
2024-09-13 14:10:00-04:00,32.56999969482422,32.56999969482422,32.5,32.5,30502,0.0,0.0,0.0
2024-09-13 14:15:00-04:00,32.5,32.54999923706055,32.4900016784668,32.54999923706055,17042,0.0,0.0,0.0
2024-09-13 14:20:00-04:00,32.525001525878906,32.540000915527344,32.47999954223633,32.4900016784668,34647,0.0,0.0,0.0
2024-09-13 14:25:00-04:00,32.470001220703125,32.5,32.470001220703125,32.48500061035156,59070,0.0,0.0,0.0
2024-09-13 14:30:00-04:00,32.4900016784668,32.630001068115234,32.474998474121094,32.599998474121094,153966,0.0,0.0,0.0
2024-09-13 14:35:00-04:00,32.58000183105469,32.65999984741211,32.58000183105469,32.630001068115234,69908,0.0,0.0,0.0
2024-09-13 14:40:00-04:00,32.63999938964844,32.685001373291016,32.61000061035156,32.63999938964844,39474,0.0,0.0,0.0
2024-09-13 14:45:00-04:00,32.619998931884766,32.665000915527344,32.6150016784668,32.619998931884766,68030,0.0,0.0,0.0
2024-09-13 14:50:00-04:00,32.6150016784668,32.619998931884766,32.58000183105469,32.599998474121094,62761,0.0,0.0,0.0
2024-09-13 14:55:00-04:00,32.59000015258789,32.630001068115234,32.584999084472656,32.6150016784668,25811,0.0,0.0,0.0
2024-09-13 15:00:00-04:00,32.61000061035156,32.67070007324219,32.595001220703125,32.67070007324219,49134,0.0,0.0,0.0
2024-09-13 15:05:00-04:00,32.68000030517578,32.70000076293945,32.61000061035156,32.619998931884766,55136,0.0,0.0,0.0
2024-09-13 15:10:00-04:00,32.630001068115234,32.68000030517578,32.61000061035156,32.68000030517578,23957,0.0,0.0,0.0
2024-09-13 15:15:00-04:00,32.65999984741211,32.68000030517578,32.63999938964844,32.650001525878906,8586,0.0,0.0,0.0
2024-09-13 15:20:00-04:00,32.689998626708984,32.709999084472656,32.67499923706055,32.69499969482422,14539,0.0,0.0,0.0
2024-09-13 15:25:00-04:00,32.70000076293945,32.72999954223633,32.68000030517578,32.724998474121094,17087,0.0,0.0,0.0
2024-09-13 15:30:00-04:00,32.720001220703125,32.7400016784668,32.68009948730469,32.70009994506836,48982,0.0,0.0,0.0
2024-09-13 15:35:00-04:00,32.70000076293945,32.70000076293945,32.60499954223633,32.63999938964844,7913,0.0,0.0,0.0
2024-09-13 15:40:00-04:00,32.650001525878906,32.68000030517578,32.630001068115234,32.670101165771484,8475,0.0,0.0,0.0
2024-09-13 15:45:00-04:00,32.68000030517578,32.689998626708984,32.63999938964844,32.64500045776367,8586,0.0,0.0,0.0
2024-09-13 15:50:00-04:00,32.63999938964844,32.63999938964844,32.529998779296875,32.560001373291016,29977,0.0,0.0,0.0
2024-09-13 15:55:00-04:00,32.560001373291016,32.59000015258789,32.51499938964844,32.57500076293945,56826,0.0,0.0,0.0
2024-09-16 09:30:00-04:00,31.90999984741211,31.90999984741211,31.7430477142334,31.764999389648438,25757,0.0,0.0,0.0
2024-09-16 09:35:00-04:00,31.729999542236328,31.799999237060547,31.65999984741211,31.760000228881836,14887,0.0,0.0,0.0
2024-09-16 09:40:00-04:00,31.739999771118164,31.739999771118164,31.639999389648438,31.639999389648438,20330,0.0,0.0,0.0
2024-09-16 09:45:00-04:00,31.6299991607666,31.760000228881836,31.6299991607666,31.760000228881836,13719,0.0,0.0,0.0
2024-09-16 09:50:00-04:00,31.760000228881836,31.860000610351562,31.760000228881836,31.860000610351562,3057,0.0,0.0,0.0
2024-09-16 09:55:00-04:00,31.850000381469727,31.885000228881836,31.81999969482422,31.860200881958008,16664,0.0,0.0,0.0
2024-09-16 10:00:00-04:00,31.860000610351562,31.889999389648438,31.739999771118164,31.764999389648438,22423,0.0,0.0,0.0
2024-09-16 10:05:00-04:00,31.780000686645508,31.780000686645508,31.719999313354492,31.725000381469727,8747,0.0,0.0,0.0
2024-09-16 10:10:00-04:00,31.709999084472656,31.809999465942383,31.704999923706055,31.809999465942383,9635,0.0,0.0,0.0
2024-09-16 10:15:00-04:00,31.815000534057617,31.829999923706055,31.700000762939453,31.700000762939453,9815,0.0,0.0,0.0
2024-09-16 10:20:00-04:00,31.690000534057617,31.700000762939453,31.639999389648438,31.670000076293945,9583,0.0,0.0,0.0
2024-09-16 10:25:00-04:00,31.665000915527344,31.690000534057617,31.56999969482422,31.59000015258789,25805,0.0,0.0,0.0
2024-09-16 10:30:00-04:00,31.59000015258789,31.59000015258789,31.360000610351562,31.3799991607666,98334,0.0,0.0,0.0
2024-09-16 10:35:00-04:00,31.399999618530273,31.45009994506836,31.360000610351562,31.440000534057617,16668,0.0,0.0,0.0
2024-09-16 10:40:00-04:00,31.440000534057617,31.5049991607666,31.43000030517578,31.459999084472656,14427,0.0,0.0,0.0
2024-09-16 10:45:00-04:00,31.459999084472656,31.459999084472656,31.360000610351562,31.40999984741211,17048,0.0,0.0,0.0
2024-09-16 10:50:00-04:00,31.420000076293945,31.469999313354492,31.389999389648438,31.39739990234375,12025,0.0,0.0,0.0
2024-09-16 10:55:00-04:00,31.399999618530273,31.420000076293945,31.360000610351562,31.360000610351562,25531,0.0,0.0,0.0
2024-09-16 11:00:00-04:00,31.3700008392334,31.399999618530273,31.350000381469727,31.3799991607666,79087,0.0,0.0,0.0
2024-09-16 11:05:00-04:00,31.389999389648438,31.5,31.3799991607666,31.479999542236328,23383,0.0,0.0,0.0
2024-09-16 11:10:00-04:00,31.489999771118164,31.53499984741211,31.489999771118164,31.510000228881836,9903,0.0,0.0,0.0
2024-09-16 11:15:00-04:00,31.489999771118164,31.540000915527344,31.479999542236328,31.530000686645508,8003,0.0,0.0,0.0
2024-09-16 11:20:00-04:00,31.540000915527344,31.575000762939453,31.540000915527344,31.575000762939453,4004,0.0,0.0,0.0
2024-09-16 11:25:00-04:00,31.579999923706055,31.579999923706055,31.530000686645508,31.545000076293945,5744,0.0,0.0,0.0
2024-09-16 11:30:00-04:00,31.56999969482422,31.584999084472656,31.540000915527344,31.56999969482422,5632,0.0,0.0,0.0
2024-09-16 11:35:00-04:00,31.59939956665039,31.59939956665039,31.5049991607666,31.524999618530273,12979,0.0,0.0,0.0
2024-09-16 11:40:00-04:00,31.53499984741211,31.53499984741211,31.489999771118164,31.5,7381,0.0,0.0,0.0
2024-09-16 11:45:00-04:00,31.489999771118164,31.55500030517578,31.450000762939453,31.55500030517578,25400,0.0,0.0,0.0
2024-09-16 11:50:00-04:00,31.540000915527344,31.584999084472656,31.510000228881836,31.584999084472656,5964,0.0,0.0,0.0
2024-09-16 11:55:00-04:00,31.59000015258789,31.59000015258789,31.520000457763672,31.530000686645508,3424,0.0,0.0,0.0
2024-09-16 12:00:00-04:00,31.55500030517578,31.55500030517578,31.5,31.5,5336,0.0,0.0,0.0
2024-09-16 12:05:00-04:00,31.489999771118164,31.549999237060547,31.485000610351562,31.540000915527344,5594,0.0,0.0,0.0
2024-09-16 12:10:00-04:00,31.549999237060547,31.549999237060547,31.489299774169922,31.490100860595703,4883,0.0,0.0,0.0
2024-09-16 12:15:00-04:00,31.520000457763672,31.520000457763672,31.440000534057617,31.475000381469727,11222,0.0,0.0,0.0
2024-09-16 12:20:00-04:00,31.485000610351562,31.489999771118164,31.44499969482422,31.469999313354492,3908,0.0,0.0,0.0
2024-09-16 12:25:00-04:00,31.469999313354492,31.559999465942383,31.469999313354492,31.540000915527344,11759,0.0,0.0,0.0
2024-09-16 12:30:00-04:00,31.549999237060547,31.55500030517578,31.469999313354492,31.479999542236328,7962,0.0,0.0,0.0
2024-09-16 12:35:00-04:00,31.48419952392578,31.510000228881836,31.469999313354492,31.489999771118164,3921,0.0,0.0,0.0
2024-09-16 12:40:00-04:00,31.490299224853516,31.490299224853516,31.459999084472656,31.46500015258789,2587,0.0,0.0,0.0
2024-09-16 12:45:00-04:00,31.450000762939453,31.479999542236328,31.40999984741211,31.434999465942383,13985,0.0,0.0,0.0
2024-09-16 12:50:00-04:00,31.459999084472656,31.510000228881836,31.440000534057617,31.510000228881836,6155,0.0,0.0,0.0
2024-09-16 12:55:00-04:00,31.5,31.54210090637207,31.479999542236328,31.479999542236328,17012,0.0,0.0,0.0
2024-09-16 13:00:00-04:00,31.4950008392334,31.4950008392334,31.420000076293945,31.420000076293945,4274,0.0,0.0,0.0
2024-09-16 13:05:00-04:00,31.420000076293945,31.43000030517578,31.3799991607666,31.389999389648438,14301,0.0,0.0,0.0
2024-09-16 13:10:00-04:00,31.389999389648438,31.389999389648438,31.309999465942383,31.350000381469727,20662,0.0,0.0,0.0
2024-09-16 13:15:00-04:00,31.360000610351562,31.450000762939453,31.344999313354492,31.360000610351562,18775,0.0,0.0,0.0
2024-09-16 13:20:00-04:00,31.360000610351562,31.418399810791016,31.31999969482422,31.418399810791016,11281,0.0,0.0,0.0
2024-09-16 13:25:00-04:00,31.420000076293945,31.440000534057617,31.3799991607666,31.420000076293945,14787,0.0,0.0,0.0
2024-09-16 13:30:00-04:00,31.415000915527344,31.42889976501465,31.329999923706055,31.364999771118164,10797,0.0,0.0,0.0
2024-09-16 13:35:00-04:00,31.3700008392334,31.420000076293945,31.32990074157715,31.420000076293945,11829,0.0,0.0,0.0
2024-09-16 13:40:00-04:00,31.399999618530273,31.545000076293945,31.3799991607666,31.510000228881836,127708,0.0,0.0,0.0
2024-09-16 13:45:00-04:00,31.510000228881836,31.610000610351562,31.510000228881836,31.579999923706055,50027,0.0,0.0,0.0
2024-09-16 13:50:00-04:00,31.579999923706055,31.670000076293945,31.579999923706055,31.649999618530273,12075,0.0,0.0,0.0
2024-09-16 13:55:00-04:00,31.65999984741211,31.725000381469727,31.649999618530273,31.68000030517578,10769,0.0,0.0,0.0
2024-09-16 14:00:00-04:00,31.684999465942383,31.684999465942383,31.610000610351562,31.6200008392334,29040,0.0,0.0,0.0
2024-09-16 14:05:00-04:00,31.6200008392334,31.639999389648438,31.584999084472656,31.614999771118164,3798,0.0,0.0,0.0
2024-09-16 14:10:00-04:00,31.6200008392334,31.639999389648438,31.450000762939453,31.450000762939453,90050,0.0,0.0,0.0
2024-09-16 14:15:00-04:00,31.510000228881836,31.510000228881836,31.450000762939453,31.450000762939453,9687,0.0,0.0,0.0
2024-09-16 14:20:00-04:00,31.469999313354492,31.5,31.469999313354492,31.479999542236328,3490,0.0,0.0,0.0
2024-09-16 14:25:00-04:00,31.4950008392334,31.4950008392334,31.459999084472656,31.479900360107422,3341,0.0,0.0,0.0
2024-09-16 14:30:00-04:00,31.485000610351562,31.540000915527344,31.469999313354492,31.510000228881836,16956,0.0,0.0,0.0
2024-09-16 14:35:00-04:00,31.520000457763672,31.520000457763672,31.489999771118164,31.4950008392334,6896,0.0,0.0,0.0
2024-09-16 14:40:00-04:00,31.469999313354492,31.479999542236328,31.434999465942383,31.440000534057617,3082,0.0,0.0,0.0
2024-09-16 14:45:00-04:00,31.43000030517578,31.489999771118164,31.43000030517578,31.489999771118164,26670,0.0,0.0,0.0
2024-09-16 14:50:00-04:00,31.4950008392334,31.520000457763672,31.459999084472656,31.469999313354492,19815,0.0,0.0,0.0
2024-09-16 14:55:00-04:00,31.449899673461914,31.540000915527344,31.449899673461914,31.540000915527344,24783,0.0,0.0,0.0
2024-09-16 15:00:00-04:00,31.530000686645508,31.545000076293945,31.510000228881836,31.510000228881836,18417,0.0,0.0,0.0
2024-09-16 15:05:00-04:00,31.510000228881836,31.56999969482422,31.5,31.56999969482422,7362,0.0,0.0,0.0
2024-09-16 15:10:00-04:00,31.549999237060547,31.565000534057617,31.489999771118164,31.5,7994,0.0,0.0,0.0
2024-09-16 15:15:00-04:00,31.510000228881836,31.53499984741211,31.475000381469727,31.520000457763672,8590,0.0,0.0,0.0
2024-09-16 15:20:00-04:00,31.520000457763672,31.600000381469727,31.489999771118164,31.600000381469727,6426,0.0,0.0,0.0
2024-09-16 15:25:00-04:00,31.59000015258789,31.59000015258789,31.55500030517578,31.559999465942383,3676,0.0,0.0,0.0
2024-09-16 15:30:00-04:00,31.584999084472656,31.584999084472656,31.53499984741211,31.56999969482422,4624,0.0,0.0,0.0
2024-09-16 15:35:00-04:00,31.56999969482422,31.56999969482422,31.520000457763672,31.559999465942383,13178,0.0,0.0,0.0
2024-09-16 15:40:00-04:00,31.565000534057617,31.575000762939453,31.540000915527344,31.575000762939453,3274,0.0,0.0,0.0
2024-09-16 15:45:00-04:00,31.565000534057617,31.575000762939453,31.524999618530273,31.53499984741211,14856,0.0,0.0,0.0
2024-09-16 15:50:00-04:00,31.545000076293945,31.594999313354492,31.540000915527344,31.56999969482422,10624,0.0,0.0,0.0
2024-09-16 15:55:00-04:00,31.600000381469727,31.609899520874023,31.5049991607666,31.549999237060547,33064,0.0,0.0,0.0
2024-09-17 09:30:00-04:00,32.310001373291016,32.380001068115234,32.22999954223633,32.22999954223633,85913,0.0,0.0,0.0
2024-09-17 09:35:00-04:00,32.2400016784668,32.27000045776367,32.20000076293945,32.220001220703125,56061,0.0,0.0,0.0
2024-09-17 09:40:00-04:00,32.18000030517578,32.22999954223633,32.13999938964844,32.16999816894531,35329,0.0,0.0,0.0
2024-09-17 09:45:00-04:00,32.20000076293945,32.220001220703125,32.13999938964844,32.15999984741211,47472,0.0,0.0,0.0
2024-09-17 09:50:00-04:00,32.148101806640625,32.18000030517578,32.099998474121094,32.099998474121094,21469,0.0,0.0,0.0
2024-09-17 09:55:00-04:00,32.119998931884766,32.13999938964844,32.099998474121094,32.130001068115234,8270,0.0,0.0,0.0
2024-09-17 10:00:00-04:00,32.13999938964844,32.22999954223633,32.130001068115234,32.22999954223633,23927,0.0,0.0,0.0
2024-09-17 10:05:00-04:00,32.22999954223633,32.33000183105469,32.22999954223633,32.33000183105469,18569,0.0,0.0,0.0
2024-09-17 10:10:00-04:00,32.31999969482422,32.58000183105469,32.31520080566406,32.564998626708984,41452,0.0,0.0,0.0
2024-09-17 10:15:00-04:00,32.58000183105469,32.70989990234375,32.58000183105469,32.68000030517578,101417,0.0,0.0,0.0
2024-09-17 10:20:00-04:00,32.685001373291016,32.86000061035156,32.685001373291016,32.83000183105469,89850,0.0,0.0,0.0
2024-09-17 10:25:00-04:00,32.83000183105469,32.93989944458008,32.779998779296875,32.84000015258789,127521,0.0,0.0,0.0
2024-09-17 10:30:00-04:00,32.849998474121094,32.85499954223633,32.709999084472656,32.720001220703125,38010,0.0,0.0,0.0
2024-09-17 10:35:00-04:00,32.70000076293945,32.79999923706055,32.59000015258789,32.79999923706055,117904,0.0,0.0,0.0
2024-09-17 10:40:00-04:00,32.790000915527344,32.79999923706055,32.72999954223633,32.775001525878906,62802,0.0,0.0,0.0
2024-09-17 10:45:00-04:00,32.79999923706055,32.900001525878906,32.79999923706055,32.900001525878906,20007,0.0,0.0,0.0
2024-09-17 10:50:00-04:00,32.900001525878906,32.90999984741211,32.840301513671875,32.840301513671875,10547,0.0,0.0,0.0
2024-09-17 10:55:00-04:00,32.880001068115234,32.900001525878906,32.79999923706055,32.869998931884766,23408,0.0,0.0,0.0
2024-09-17 11:00:00-04:00,32.880001068115234,33.16999816894531,32.849998474121094,33.130001068115234,108149,0.0,0.0,0.0
2024-09-17 11:05:00-04:00,33.13999938964844,33.2599983215332,33.119998931884766,33.19499969482422,72169,0.0,0.0,0.0
2024-09-17 11:10:00-04:00,33.209999084472656,33.310001373291016,33.16999816894531,33.29999923706055,282183,0.0,0.0,0.0
2024-09-17 11:15:00-04:00,33.310001373291016,33.439998626708984,33.310001373291016,33.40999984741211,156466,0.0,0.0,0.0
2024-09-17 11:20:00-04:00,33.417999267578125,33.459999084472656,33.31999969482422,33.33000183105469,20272,0.0,0.0,0.0
2024-09-17 11:25:00-04:00,33.35499954223633,33.400001525878906,33.31999969482422,33.36000061035156,26172,0.0,0.0,0.0
2024-09-17 11:30:00-04:00,33.34000015258789,33.40999984741211,33.220001220703125,33.2599983215332,20250,0.0,0.0,0.0
2024-09-17 11:35:00-04:00,33.27000045776367,33.314300537109375,33.2400016784668,33.290000915527344,12134,0.0,0.0,0.0
2024-09-17 11:40:00-04:00,33.290000915527344,33.290000915527344,33.2400016784668,33.2400016784668,9291,0.0,0.0,0.0
2024-09-17 11:45:00-04:00,33.2400016784668,33.2599983215332,33.15999984741211,33.15999984741211,8177,0.0,0.0,0.0
2024-09-17 11:50:00-04:00,33.220001220703125,33.29999923706055,33.220001220703125,33.29499816894531,7785,0.0,0.0,0.0
2024-09-17 11:55:00-04:00,33.31010055541992,33.345001220703125,33.31010055541992,33.33000183105469,11055,0.0,0.0,0.0
2024-09-17 12:00:00-04:00,33.349998474121094,33.380001068115234,33.33000183105469,33.35020065307617,7037,0.0,0.0,0.0
2024-09-17 12:05:00-04:00,33.369998931884766,33.40999984741211,33.359901428222656,33.3849983215332,20504,0.0,0.0,0.0
2024-09-17 12:10:00-04:00,33.380001068115234,33.380001068115234,33.31999969482422,33.32500076293945,4124,0.0,0.0,0.0
2024-09-17 12:15:00-04:00,33.29999923706055,33.29999923706055,33.160099029541016,33.160099029541016,3914,0.0,0.0,0.0
2024-09-17 12:20:00-04:00,33.15999984741211,33.16999816894531,33.099998474121094,33.15999984741211,16807,0.0,0.0,0.0
2024-09-17 12:25:00-04:00,33.22999954223633,33.2400016784668,33.130001068115234,33.220001220703125,15650,0.0,0.0,0.0
2024-09-17 12:30:00-04:00,33.209999084472656,33.21009826660156,33.11000061035156,33.119998931884766,9469,0.0,0.0,0.0
2024-09-17 12:35:00-04:00,33.130001068115234,33.22999954223633,33.130001068115234,33.209999084472656,64036,0.0,0.0,0.0
2024-09-17 12:40:00-04:00,33.220001220703125,33.290000915527344,33.208030700683594,33.27000045776367,26677,0.0,0.0,0.0
2024-09-17 12:45:00-04:00,33.27000045776367,33.31999969482422,33.20000076293945,33.22999954223633,35632,0.0,0.0,0.0
2024-09-17 12:50:00-04:00,33.220001220703125,33.22999954223633,33.165000915527344,33.220001220703125,13966,0.0,0.0,0.0
2024-09-17 12:55:00-04:00,33.2400016784668,33.2599983215332,33.165000915527344,33.18000030517578,4670,0.0,0.0,0.0
2024-09-17 13:00:00-04:00,33.189998626708984,33.255001068115234,33.11000061035156,33.11000061035156,20488,0.0,0.0,0.0
2024-09-17 13:05:00-04:00,33.13999938964844,33.16999816894531,33.125,33.15999984741211,42883,0.0,0.0,0.0
2024-09-17 13:10:00-04:00,33.150001525878906,33.18000030517578,33.08000183105469,33.165000915527344,50696,0.0,0.0,0.0
2024-09-17 13:15:00-04:00,33.16999816894531,33.16999816894531,33.119998931884766,33.15999984741211,13727,0.0,0.0,0.0
2024-09-17 13:20:00-04:00,33.16999816894531,33.2400016784668,33.16999816894531,33.2400016784668,13326,0.0,0.0,0.0
2024-09-17 13:25:00-04:00,33.25,33.26499938964844,33.20000076293945,33.20000076293945,21454,0.0,0.0,0.0
2024-09-17 13:30:00-04:00,33.20000076293945,33.244998931884766,33.150001525878906,33.150001525878906,13542,0.0,0.0,0.0
2024-09-17 13:35:00-04:00,33.150001525878906,33.220001220703125,33.150001525878906,33.209999084472656,7332,0.0,0.0,0.0
2024-09-17 13:40:00-04:00,33.189998626708984,33.20280075073242,33.150001525878906,33.15999984741211,11253,0.0,0.0,0.0
2024-09-17 13:45:00-04:00,33.150001525878906,33.189998626708984,33.11000061035156,33.189998626708984,23526,0.0,0.0,0.0
2024-09-17 13:50:00-04:00,33.18000030517578,33.2599983215332,33.18000030517578,33.22999954223633,18109,0.0,0.0,0.0
2024-09-17 13:55:00-04:00,33.20000076293945,33.249900817871094,33.20000076293945,33.22999954223633,22981,0.0,0.0,0.0
2024-09-17 14:00:00-04:00,33.22999954223633,33.2599983215332,33.20000076293945,33.23500061035156,22937,0.0,0.0,0.0
2024-09-17 14:05:00-04:00,33.23500061035156,33.29999923706055,33.22999954223633,33.279998779296875,15902,0.0,0.0,0.0
2024-09-17 14:10:00-04:00,33.279998779296875,33.290000915527344,33.19499969482422,33.19499969482422,12857,0.0,0.0,0.0
2024-09-17 14:15:00-04:00,33.209999084472656,33.2599983215332,33.19499969482422,33.209999084472656,15112,0.0,0.0,0.0
2024-09-17 14:20:00-04:00,33.20000076293945,33.27000045776367,33.165000915527344,33.27000045776367,10112,0.0,0.0,0.0
2024-09-17 14:25:00-04:00,33.279998779296875,33.290000915527344,33.2400016784668,33.255001068115234,12831,0.0,0.0,0.0
2024-09-17 14:30:00-04:00,33.22999954223633,33.25,33.21500015258789,33.21500015258789,8303,0.0,0.0,0.0
2024-09-17 14:35:00-04:00,33.22999954223633,33.279998779296875,33.22999954223633,33.23400115966797,23498,0.0,0.0,0.0
2024-09-17 14:40:00-04:00,33.22999954223633,33.2400016784668,33.17499923706055,33.18000030517578,17774,0.0,0.0,0.0
2024-09-17 14:45:00-04:00,33.189998626708984,33.189998626708984,33.06999969482422,33.08000183105469,18729,0.0,0.0,0.0
2024-09-17 14:50:00-04:00,33.08000183105469,33.08000183105469,32.91999816894531,32.9900016784668,19515,0.0,0.0,0.0
2024-09-17 14:55:00-04:00,33.0,33.0099983215332,32.970001220703125,33.0099983215332,9700,0.0,0.0,0.0
2024-09-17 15:00:00-04:00,32.97999954223633,33.05550003051758,32.974998474121094,32.9900016784668,20965,0.0,0.0,0.0
2024-09-17 15:05:00-04:00,32.97999954223633,33.04499816894531,32.959999084472656,33.04499816894531,12147,0.0,0.0,0.0
2024-09-17 15:10:00-04:00,33.040000915527344,33.08000183105469,33.040000915527344,33.04999923706055,15087,0.0,0.0,0.0
2024-09-17 15:15:00-04:00,33.04990005493164,33.04990005493164,32.959999084472656,32.970001220703125,6079,0.0,0.0,0.0
2024-09-17 15:20:00-04:00,32.959999084472656,32.970001220703125,32.869998931884766,32.880001068115234,18630,0.0,0.0,0.0
2024-09-17 15:25:00-04:00,32.880001068115234,32.939998626708984,32.880001068115234,32.92499923706055,9995,0.0,0.0,0.0
2024-09-17 15:30:00-04:00,32.90999984741211,32.935001373291016,32.869998931884766,32.880001068115234,13259,0.0,0.0,0.0
2024-09-17 15:35:00-04:00,32.869998931884766,32.90999984741211,32.850101470947266,32.86000061035156,31874,0.0,0.0,0.0
2024-09-17 15:40:00-04:00,32.86000061035156,32.869998931884766,32.7599983215332,32.7599983215332,29744,0.0,0.0,0.0
2024-09-17 15:45:00-04:00,32.7599983215332,32.76499938964844,32.5099983215332,32.540000915527344,82930,0.0,0.0,0.0
2024-09-17 15:50:00-04:00,32.54999923706055,32.7599983215332,32.4900016784668,32.75,120730,0.0,0.0,0.0
2024-09-17 15:55:00-04:00,32.75,32.75,32.65999984741211,32.65999984741211,83327,0.0,0.0,0.0
2024-09-18 09:30:00-04:00,32.650001525878906,32.66999816894531,32.54999923706055,32.59000015258789,80632,0.0,0.0,0.0
2024-09-18 09:35:00-04:00,32.59000015258789,32.59000015258789,32.48500061035156,32.51499938964844,27297,0.0,0.0,0.0
2024-09-18 09:40:00-04:00,32.5099983215332,32.529998779296875,32.459999084472656,32.470001220703125,31423,0.0,0.0,0.0
2024-09-18 09:45:00-04:00,32.47999954223633,32.47999954223633,32.369998931884766,32.439998626708984,11824,0.0,0.0,0.0
2024-09-18 09:50:00-04:00,32.435001373291016,32.44499969482422,32.369998931884766,32.380001068115234,56839,0.0,0.0,0.0
2024-09-18 09:55:00-04:00,32.380001068115234,32.43000030517578,32.310001373291016,32.40999984741211,12715,0.0,0.0,0.0
2024-09-18 10:00:00-04:00,32.40999984741211,32.47999954223633,32.36000061035156,32.43000030517578,24507,0.0,0.0,0.0
2024-09-18 10:05:00-04:00,32.400001525878906,32.400001525878906,32.33000183105469,32.3400993347168,4585,0.0,0.0,0.0
2024-09-18 10:10:00-04:00,32.38999938964844,32.41999816894531,32.349998474121094,32.380001068115234,7834,0.0,0.0,0.0
2024-09-18 10:15:00-04:00,32.38999938964844,32.400001525878906,32.34000015258789,32.35499954223633,8037,0.0,0.0,0.0
2024-09-18 10:20:00-04:00,32.345001220703125,32.369998931884766,32.31999969482422,32.36000061035156,20004,0.0,0.0,0.0
2024-09-18 10:25:00-04:00,32.36000061035156,32.5,32.34000015258789,32.47999954223633,21660,0.0,0.0,0.0
2024-09-18 10:30:00-04:00,32.47999954223633,32.47999954223633,32.380001068115234,32.45000076293945,9751,0.0,0.0,0.0
2024-09-18 10:35:00-04:00,32.45000076293945,32.470001220703125,32.404998779296875,32.46989822387695,8774,0.0,0.0,0.0
2024-09-18 10:40:00-04:00,32.5,32.560001373291016,32.474998474121094,32.52000045776367,4306,0.0,0.0,0.0
2024-09-18 10:45:00-04:00,32.52000045776367,32.559898376464844,32.474998474121094,32.47999954223633,11141,0.0,0.0,0.0
2024-09-18 10:50:00-04:00,32.4900016784668,32.4900016784668,32.43000030517578,32.44499969482422,9555,0.0,0.0,0.0
2024-09-18 10:55:00-04:00,32.45000076293945,32.45000076293945,32.36000061035156,32.38999938964844,13780,0.0,0.0,0.0
2024-09-18 11:00:00-04:00,32.41999816894531,32.47999954223633,32.41999816894531,32.47999954223633,3577,0.0,0.0,0.0
2024-09-18 11:05:00-04:00,32.51499938964844,32.54999923706055,32.44499969482422,32.47999954223633,3725,0.0,0.0,0.0
2024-09-18 11:10:00-04:00,32.45000076293945,32.499298095703125,32.439998626708984,32.499298095703125,4130,0.0,0.0,0.0
2024-09-18 11:15:00-04:00,32.47999954223633,32.48500061035156,32.415000915527344,32.459999084472656,2063,0.0,0.0,0.0
2024-09-18 11:20:00-04:00,32.459999084472656,32.470001220703125,32.41999816894531,32.41999816894531,5186,0.0,0.0,0.0
2024-09-18 11:25:00-04:00,32.41999816894531,32.47999954223633,32.415000915527344,32.474998474121094,8908,0.0,0.0,0.0
2024-09-18 11:30:00-04:00,32.459999084472656,32.459999084472656,32.380001068115234,32.380001068115234,5410,0.0,0.0,0.0
2024-09-18 11:35:00-04:00,32.420101165771484,32.45000076293945,32.38999938964844,32.40999984741211,3775,0.0,0.0,0.0
2024-09-18 11:40:00-04:00,32.404998779296875,32.40999984741211,32.33000183105469,32.36000061035156,5182,0.0,0.0,0.0
2024-09-18 11:45:00-04:00,32.369998931884766,32.380001068115234,32.31999969482422,32.37990188598633,14032,0.0,0.0,0.0
2024-09-18 11:50:00-04:00,32.41999816894531,32.41999816894531,32.380001068115234,32.400001525878906,5263,0.0,0.0,0.0
2024-09-18 11:55:00-04:00,32.38999938964844,32.415000915527344,32.38999938964844,32.39500045776367,2129,0.0,0.0,0.0
2024-09-18 12:00:00-04:00,32.36000061035156,32.400001525878906,32.2400016784668,32.2599983215332,20031,0.0,0.0,0.0
2024-09-18 12:05:00-04:00,32.2599983215332,32.439998626708984,32.2599983215332,32.43000030517578,25383,0.0,0.0,0.0
2024-09-18 12:10:00-04:00,32.459999084472656,32.474998474121094,32.400001525878906,32.40999984741211,6827,0.0,0.0,0.0
2024-09-18 12:15:00-04:00,32.41999816894531,32.4900016784668,32.41999816894531,32.47999954223633,2965,0.0,0.0,0.0
2024-09-18 12:20:00-04:00,32.459999084472656,32.5099983215332,32.45000076293945,32.45000076293945,6561,0.0,0.0,0.0
2024-09-18 12:25:00-04:00,32.459999084472656,32.540000915527344,32.439998626708984,32.52000045776367,6023,0.0,0.0,0.0
2024-09-18 12:30:00-04:00,32.52000045776367,32.564998626708984,32.5099983215332,32.560001373291016,7894,0.0,0.0,0.0
2024-09-18 12:35:00-04:00,32.54999923706055,32.63999938964844,32.525001525878906,32.63999938964844,5193,0.0,0.0,0.0
2024-09-18 12:40:00-04:00,32.630001068115234,32.630001068115234,32.56999969482422,32.59000015258789,8252,0.0,0.0,0.0
2024-09-18 12:45:00-04:00,32.560001373291016,32.59000015258789,32.54999923706055,32.564998626708984,6743,0.0,0.0,0.0
2024-09-18 12:50:00-04:00,32.564998626708984,32.6150016784668,32.564998626708984,32.61000061035156,1945,0.0,0.0,0.0
2024-09-18 12:55:00-04:00,32.61000061035156,32.659000396728516,32.595001220703125,32.650001525878906,1853,0.0,0.0,0.0
2024-09-18 13:00:00-04:00,32.63999938964844,32.650001525878906,32.595001220703125,32.619998931884766,1139,0.0,0.0,0.0
2024-09-18 13:05:00-04:00,32.630001068115234,32.630001068115234,32.529998779296875,32.529998779296875,3336,0.0,0.0,0.0
2024-09-18 13:10:00-04:00,32.540000915527344,32.54999923706055,32.41999816894531,32.43000030517578,14231,0.0,0.0,0.0
2024-09-18 13:15:00-04:00,32.439998626708984,32.501399993896484,32.439998626708984,32.501399993896484,3728,0.0,0.0,0.0
2024-09-18 13:20:00-04:00,32.540000915527344,32.540000915527344,32.470001220703125,32.48500061035156,13496,0.0,0.0,0.0
2024-09-18 13:25:00-04:00,32.5,32.560001373291016,32.4900016784668,32.560001373291016,6200,0.0,0.0,0.0
2024-09-18 13:30:00-04:00,32.56999969482422,32.66999816894531,32.560001373291016,32.66999816894531,6838,0.0,0.0,0.0
2024-09-18 13:35:00-04:00,32.66999816894531,32.689998626708984,32.54999923706055,32.599998474121094,51371,0.0,0.0,0.0
2024-09-18 13:40:00-04:00,32.599998474121094,32.66999816894531,32.599998474121094,32.66999816894531,23878,0.0,0.0,0.0
2024-09-18 13:45:00-04:00,32.66999816894531,32.709999084472656,32.630001068115234,32.68000030517578,19422,0.0,0.0,0.0
2024-09-18 13:50:00-04:00,32.689998626708984,32.790000915527344,32.689998626708984,32.72999954223633,8323,0.0,0.0,0.0
2024-09-18 13:55:00-04:00,32.66999816894531,32.696998596191406,32.650001525878906,32.696998596191406,5361,0.0,0.0,0.0
2024-09-18 14:00:00-04:00,32.650001525878906,33.25,32.650001525878906,32.880001068115234,138287,0.0,0.0,0.0
2024-09-18 14:05:00-04:00,32.868900299072266,33.0,32.65999984741211,32.849998474121094,146801,0.0,0.0,0.0
2024-09-18 14:10:00-04:00,32.849998474121094,32.88999938964844,32.66999816894531,32.79999923706055,44130,0.0,0.0,0.0
2024-09-18 14:15:00-04:00,32.849998474121094,33.02000045776367,32.83000183105469,32.939998626708984,43369,0.0,0.0,0.0
2024-09-18 14:20:00-04:00,32.95000076293945,33.0099983215332,32.900001525878906,32.959999084472656,21419,0.0,0.0,0.0
2024-09-18 14:25:00-04:00,32.970001220703125,32.97999954223633,32.86000061035156,32.959999084472656,11140,0.0,0.0,0.0
2024-09-18 14:30:00-04:00,32.9900016784668,33.33000183105469,32.94620132446289,33.33000183105469,51696,0.0,0.0,0.0
2024-09-18 14:35:00-04:00,33.349998474121094,33.40999984741211,33.04999923706055,33.2400016784668,381092,0.0,0.0,0.0
2024-09-18 14:40:00-04:00,33.150001525878906,33.25,32.84000015258789,32.88199996948242,197883,0.0,0.0,0.0
2024-09-18 14:45:00-04:00,32.869998931884766,33.130001068115234,32.86000061035156,33.060001373291016,68485,0.0,0.0,0.0
2024-09-18 14:50:00-04:00,33.099998474121094,33.189998626708984,33.04999923706055,33.09000015258789,22439,0.0,0.0,0.0
2024-09-18 14:55:00-04:00,33.060001373291016,33.209999084472656,33.0,33.02000045776367,33007,0.0,0.0,0.0
2024-09-18 15:00:00-04:00,33.0099983215332,33.029998779296875,32.86000061035156,32.93000030517578,34994,0.0,0.0,0.0
2024-09-18 15:05:00-04:00,32.90999984741211,32.90999984741211,32.810001373291016,32.900001525878906,20308,0.0,0.0,0.0
2024-09-18 15:10:00-04:00,32.86000061035156,33.11000061035156,32.86000061035156,33.04999923706055,15192,0.0,0.0,0.0
2024-09-18 15:15:00-04:00,33.040000915527344,33.04999923706055,32.959999084472656,33.0,16045,0.0,0.0,0.0
2024-09-18 15:20:00-04:00,33.0,33.0,32.68000030517578,32.88999938964844,40083,0.0,0.0,0.0
2024-09-18 15:25:00-04:00,32.88999938964844,33.029998779296875,32.88209915161133,32.93000030517578,15148,0.0,0.0,0.0
2024-09-18 15:30:00-04:00,32.939998626708984,32.97999954223633,32.79499816894531,32.84989929199219,22517,0.0,0.0,0.0
2024-09-18 15:35:00-04:00,32.81999969482422,32.90999984741211,32.810001373291016,32.81999969482422,30699,0.0,0.0,0.0
2024-09-18 15:40:00-04:00,32.880001068115234,32.88999938964844,32.83000183105469,32.880001068115234,12143,0.0,0.0,0.0
2024-09-18 15:45:00-04:00,32.83000183105469,32.88999938964844,32.79999923706055,32.810001373291016,17875,0.0,0.0,0.0
2024-09-18 15:50:00-04:00,32.81999969482422,32.869998931884766,32.75,32.79499816894531,16675,0.0,0.0,0.0
2024-09-18 15:55:00-04:00,32.80500030517578,32.84000015258789,32.709999084472656,32.720001220703125,66848,0.0,0.0,0.0
2024-09-19 09:30:00-04:00,34.47999954223633,34.5,34.349998474121094,34.349998474121094,52866,0.0,0.0,0.0
2024-09-19 09:35:00-04:00,34.34000015258789,34.459999084472656,34.290000915527344,34.429901123046875,237618,0.0,0.0,0.0
2024-09-19 09:40:00-04:00,34.399200439453125,34.41270065307617,34.279998779296875,34.290000915527344,35323,0.0,0.0,0.0
2024-09-19 09:45:00-04:00,34.279998779296875,34.29999923706055,34.220001220703125,34.25,26519,0.0,0.0,0.0
2024-09-19 09:50:00-04:00,34.18000030517578,34.25,34.16999816894531,34.22999954223633,18005,0.0,0.0,0.0
2024-09-19 09:55:00-04:00,34.279998779296875,34.36000061035156,34.279998779296875,34.35499954223633,31631,0.0,0.0,0.0
2024-09-19 10:00:00-04:00,34.375,34.52000045776367,34.37229919433594,34.4900016784668,20357,0.0,0.0,0.0
2024-09-19 10:05:00-04:00,34.45000076293945,34.5,34.38999938964844,34.38999938964844,25724,0.0,0.0,0.0
2024-09-19 10:10:00-04:00,34.36000061035156,34.560001373291016,34.349998474121094,34.5,62208,0.0,0.0,0.0
2024-09-19 10:15:00-04:00,34.5,34.53010177612305,34.45500183105469,34.529998779296875,17144,0.0,0.0,0.0
2024-09-19 10:20:00-04:00,34.540000915527344,34.540000915527344,34.41999816894531,34.459999084472656,26641,0.0,0.0,0.0
2024-09-19 10:25:00-04:00,34.459999084472656,34.54999923706055,34.41999816894531,34.54990005493164,44268,0.0,0.0,0.0
2024-09-19 10:30:00-04:00,34.54999923706055,34.619998931884766,34.54999923706055,34.61000061035156,27556,0.0,0.0,0.0
2024-09-19 10:35:00-04:00,34.599998474121094,34.619998931884766,34.53010177612305,34.54499816894531,28860,0.0,0.0,0.0
2024-09-19 10:40:00-04:00,34.54999923706055,34.54999923706055,34.45000076293945,34.45000076293945,17772,0.0,0.0,0.0
2024-09-19 10:45:00-04:00,34.408599853515625,34.419898986816406,34.34000015258789,34.40999984741211,28930,0.0,0.0,0.0
2024-09-19 10:50:00-04:00,34.400001525878906,34.400001525878906,34.290000915527344,34.290000915527344,26177,0.0,0.0,0.0
2024-09-19 10:55:00-04:00,34.279998779296875,34.31999969482422,34.2599983215332,34.29999923706055,15934,0.0,0.0,0.0
2024-09-19 11:00:00-04:00,34.29999923706055,34.380001068115234,34.2599983215332,34.37990188598633,17340,0.0,0.0,0.0
2024-09-19 11:05:00-04:00,34.369998931884766,34.369998931884766,34.279998779296875,34.29999923706055,12747,0.0,0.0,0.0
2024-09-19 11:10:00-04:00,34.290000915527344,34.41999816894531,34.27000045776367,34.41469955444336,17182,0.0,0.0,0.0
2024-09-19 11:15:00-04:00,34.40999984741211,34.43000030517578,34.36000061035156,34.380001068115234,11975,0.0,0.0,0.0
2024-09-19 11:20:00-04:00,34.380001068115234,34.402198791503906,34.34000015258789,34.402198791503906,4687,0.0,0.0,0.0
2024-09-19 11:25:00-04:00,34.38999938964844,34.45500183105469,34.369998931884766,34.45000076293945,19577,0.0,0.0,0.0
2024-09-19 11:30:00-04:00,34.45500183105469,34.459999084472656,34.40999984741211,34.40999984741211,6991,0.0,0.0,0.0
2024-09-19 11:35:00-04:00,34.470001220703125,34.470001220703125,34.41999816894531,34.43000030517578,8863,0.0,0.0,0.0
2024-09-19 11:40:00-04:00,34.439998626708984,34.4900016784668,34.439998626708984,34.4900016784668,7911,0.0,0.0,0.0
2024-09-19 11:45:00-04:00,34.5,34.529998779296875,34.5,34.5099983215332,6882,0.0,0.0,0.0
2024-09-19 11:50:00-04:00,34.5099983215332,34.5171012878418,34.40999984741211,34.45000076293945,43560,0.0,0.0,0.0
2024-09-19 11:55:00-04:00,34.45000076293945,34.459999084472656,34.40999984741211,34.435001373291016,2159,0.0,0.0,0.0
2024-09-19 12:00:00-04:00,34.41999816894531,34.5,34.40999984741211,34.4900016784668,15665,0.0,0.0,0.0
2024-09-19 12:05:00-04:00,34.470001220703125,34.529998779296875,34.46500015258789,34.529998779296875,15169,0.0,0.0,0.0
2024-09-19 12:10:00-04:00,34.52000045776367,34.52000045776367,34.310001373291016,34.369998931884766,26910,0.0,0.0,0.0
2024-09-19 12:15:00-04:00,34.37990188598633,34.5099983215332,34.37990188598633,34.47999954223633,16040,0.0,0.0,0.0
2024-09-19 12:20:00-04:00,34.470001220703125,34.5099983215332,34.40999984741211,34.43989944458008,12525,0.0,0.0,0.0
2024-09-19 12:25:00-04:00,34.45000076293945,34.5099983215332,34.45000076293945,34.5098991394043,4010,0.0,0.0,0.0
2024-09-19 12:30:00-04:00,34.5099983215332,34.56999969482422,34.48500061035156,34.56999969482422,23711,0.0,0.0,0.0
2024-09-19 12:35:00-04:00,34.560001373291016,34.60499954223633,34.560001373291016,34.60380172729492,23097,0.0,0.0,0.0
2024-09-19 12:40:00-04:00,34.58000183105469,34.58000183105469,34.529998779296875,34.58000183105469,10163,0.0,0.0,0.0
2024-09-19 12:45:00-04:00,34.560001373291016,34.60499954223633,34.54999923706055,34.60499954223633,15989,0.0,0.0,0.0
2024-09-19 12:50:00-04:00,34.599998474121094,34.70500183105469,34.59000015258789,34.70000076293945,33580,0.0,0.0,0.0
2024-09-19 12:55:00-04:00,34.650001525878906,34.70000076293945,34.630001068115234,34.650001525878906,37786,0.0,0.0,0.0
2024-09-19 13:00:00-04:00,34.63999938964844,34.7599983215332,34.63999938964844,34.75,26412,0.0,0.0,0.0
2024-09-19 13:05:00-04:00,34.75,34.75,34.70000076293945,34.720001220703125,20277,0.0,0.0,0.0
2024-09-19 13:10:00-04:00,34.709999084472656,34.709999084472656,34.59000015258789,34.59000015258789,7319,0.0,0.0,0.0
2024-09-19 13:15:00-04:00,34.560001373291016,34.63990020751953,34.54999923706055,34.630001068115234,4216,0.0,0.0,0.0
2024-09-19 13:20:00-04:00,34.65999984741211,34.665000915527344,34.5099983215332,34.529998779296875,15057,0.0,0.0,0.0
2024-09-19 13:25:00-04:00,34.54999923706055,34.560001373291016,34.5,34.55120086669922,3643,0.0,0.0,0.0
2024-09-19 13:30:00-04:00,34.560001373291016,34.619998931884766,34.560001373291016,34.58000183105469,44956,0.0,0.0,0.0
2024-09-19 13:35:00-04:00,34.599998474121094,34.75,34.599998474121094,34.73500061035156,10413,0.0,0.0,0.0
2024-09-19 13:40:00-04:00,34.7598991394043,34.810001373291016,34.7598991394043,34.79999923706055,10442,0.0,0.0,0.0
2024-09-19 13:45:00-04:00,34.790000915527344,34.83000183105469,34.790000915527344,34.79999923706055,19623,0.0,0.0,0.0
2024-09-19 13:50:00-04:00,34.790000915527344,34.810001373291016,34.72999954223633,34.75,11188,0.0,0.0,0.0
2024-09-19 13:55:00-04:00,34.757999420166016,34.779998779296875,34.7400016784668,34.75,5509,0.0,0.0,0.0
2024-09-19 14:00:00-04:00,34.744998931884766,34.77000045776367,34.685001373291016,34.77000045776367,8336,0.0,0.0,0.0
2024-09-19 14:05:00-04:00,34.7599983215332,34.7599983215332,34.689998626708984,34.70000076293945,6138,0.0,0.0,0.0
2024-09-19 14:10:00-04:00,34.68000030517578,34.709999084472656,34.65999984741211,34.68000030517578,3236,0.0,0.0,0.0
2024-09-19 14:15:00-04:00,34.68000030517578,34.68000030517578,34.61840057373047,34.650001525878906,12586,0.0,0.0,0.0
2024-09-19 14:20:00-04:00,34.650001525878906,34.73500061035156,34.630001068115234,34.707698822021484,12080,0.0,0.0,0.0
2024-09-19 14:25:00-04:00,34.709999084472656,34.709999084472656,34.68000030517578,34.689998626708984,5355,0.0,0.0,0.0
2024-09-19 14:30:00-04:00,34.66999816894531,34.720001220703125,34.66999816894531,34.709999084472656,10152,0.0,0.0,0.0
2024-09-19 14:35:00-04:00,34.70000076293945,34.75,34.68000030517578,34.75,7769,0.0,0.0,0.0
2024-09-19 14:40:00-04:00,34.77000045776367,34.779998779296875,34.724998474121094,34.7400016784668,14795,0.0,0.0,0.0
2024-09-19 14:45:00-04:00,34.720001220703125,34.72999954223633,34.65999984741211,34.65999984741211,6510,0.0,0.0,0.0
2024-09-19 14:50:00-04:00,34.66999816894531,34.689998626708984,34.61000061035156,34.650001525878906,6080,0.0,0.0,0.0
2024-09-19 14:55:00-04:00,34.63999938964844,34.689998626708984,34.63999938964844,34.68000030517578,9154,0.0,0.0,0.0
2024-09-19 15:00:00-04:00,34.689998626708984,34.689998626708984,34.599998474121094,34.650001525878906,8721,0.0,0.0,0.0
2024-09-19 15:05:00-04:00,34.650001525878906,34.650001525878906,34.58000183105469,34.58000183105469,6359,0.0,0.0,0.0
2024-09-19 15:10:00-04:00,34.59000015258789,34.619998931884766,34.56999969482422,34.56999969482422,6553,0.0,0.0,0.0
2024-09-19 15:15:00-04:00,34.58000183105469,34.6150016784668,34.54999923706055,34.54999923706055,7168,0.0,0.0,0.0
2024-09-19 15:20:00-04:00,34.56119918823242,34.56119918823242,34.470001220703125,34.5099983215332,20261,0.0,0.0,0.0
2024-09-19 15:25:00-04:00,34.5,34.560001373291016,34.499900817871094,34.52000045776367,40140,0.0,0.0,0.0
2024-09-19 15:30:00-04:00,34.5,34.540000915527344,34.470001220703125,34.5,25180,0.0,0.0,0.0
2024-09-19 15:35:00-04:00,34.5099983215332,34.56999969482422,34.505001068115234,34.56999969482422,3406,0.0,0.0,0.0
2024-09-19 15:40:00-04:00,34.58000183105469,34.625,34.55500030517578,34.61000061035156,14784,0.0,0.0,0.0
2024-09-19 15:45:00-04:00,34.59000015258789,34.654998779296875,34.59000015258789,34.61000061035156,10815,0.0,0.0,0.0
2024-09-19 15:50:00-04:00,34.59000015258789,34.59000015258789,34.45500183105469,34.50170135498047,27042,0.0,0.0,0.0
2024-09-19 15:55:00-04:00,34.5,34.52000045776367,34.459999084472656,34.4900016784668,47132,0.0,0.0,0.0
2024-09-20 09:30:00-04:00,34.36000061035156,34.36000061035156,34.22999954223633,34.22999954223633,31141,0.0,0.0,0.0
2024-09-20 09:35:00-04:00,34.290000915527344,34.29999923706055,34.2400016784668,34.279998779296875,26452,0.0,0.0,0.0
2024-09-20 09:40:00-04:00,34.220001220703125,34.220001220703125,34.18000030517578,34.20000076293945,32617,0.0,0.0,0.0
2024-09-20 09:45:00-04:00,34.20000076293945,34.279998779296875,34.189998626708984,34.25,12015,0.0,0.0,0.0
2024-09-20 09:50:00-04:00,34.244998931884766,34.314998626708984,34.244998931884766,34.27980041503906,17621,0.0,0.0,0.0
2024-09-20 09:55:00-04:00,34.27000045776367,34.310001373291016,34.2400016784668,34.2599983215332,16256,0.0,0.0,0.0
2024-09-20 10:00:00-04:00,34.2599983215332,34.31999969482422,34.2400016784668,34.290000915527344,45822,0.0,0.0,0.0
2024-09-20 10:05:00-04:00,34.29999923706055,34.310001373291016,34.22669982910156,34.22999954223633,12309,0.0,0.0,0.0
2024-09-20 10:10:00-04:00,34.220001220703125,34.220001220703125,34.11000061035156,34.13999938964844,9702,0.0,0.0,0.0
2024-09-20 10:15:00-04:00,34.13999938964844,34.309898376464844,34.130001068115234,34.2599983215332,59904,0.0,0.0,0.0
2024-09-20 10:20:00-04:00,34.29999923706055,34.470001220703125,34.279998779296875,34.459999084472656,32448,0.0,0.0,0.0
2024-09-20 10:25:00-04:00,34.47999954223633,34.5099983215332,34.439998626708984,34.47999954223633,18964,0.0,0.0,0.0
2024-09-20 10:30:00-04:00,34.48500061035156,34.59000015258789,34.38999938964844,34.58000183105469,28780,0.0,0.0,0.0
2024-09-20 10:35:00-04:00,34.560001373291016,34.599998474121094,34.5,34.59000015258789,5357,0.0,0.0,0.0
2024-09-20 10:40:00-04:00,34.56999969482422,34.56999969482422,34.45000076293945,34.47999954223633,38782,0.0,0.0,0.0
2024-09-20 10:45:00-04:00,34.5,34.5099983215332,34.45009994506836,34.494998931884766,7463,0.0,0.0,0.0
2024-09-20 10:50:00-04:00,34.5099983215332,34.56999969482422,34.380001068115234,34.400001525878906,23944,0.0,0.0,0.0
2024-09-20 10:55:00-04:00,34.38999938964844,34.400001525878906,34.349998474121094,34.36000061035156,23102,0.0,0.0,0.0
2024-09-20 11:00:00-04:00,34.369998931884766,34.4099006652832,34.209999084472656,34.209999084472656,38239,0.0,0.0,0.0
2024-09-20 11:05:00-04:00,34.22999954223633,34.35499954223633,34.22999954223633,34.34000015258789,17866,0.0,0.0,0.0
2024-09-20 11:10:00-04:00,34.349998474121094,34.380001068115234,34.29999923706055,34.29999923706055,2431,0.0,0.0,0.0
2024-09-20 11:15:00-04:00,34.3213005065918,34.33000183105469,34.22999954223633,34.310001373291016,13800,0.0,0.0,0.0
2024-09-20 11:20:00-04:00,34.31999969482422,34.349998474121094,34.290000915527344,34.34000015258789,12003,0.0,0.0,0.0
2024-09-20 11:25:00-04:00,34.34000015258789,34.36000061035156,34.310001373291016,34.334999084472656,2925,0.0,0.0,0.0
2024-09-20 11:30:00-04:00,34.29010009765625,34.38999938964844,34.290000915527344,34.38999938964844,8099,0.0,0.0,0.0
2024-09-20 11:35:00-04:00,34.38999938964844,34.435001373291016,34.369998931884766,34.41999816894531,12767,0.0,0.0,0.0
2024-09-20 11:40:00-04:00,34.41999816894531,34.5099983215332,34.41999816894531,34.5,36844,0.0,0.0,0.0
2024-09-20 11:45:00-04:00,34.5099983215332,34.54999923706055,34.47999954223633,34.529998779296875,31115,0.0,0.0,0.0
2024-09-20 11:50:00-04:00,34.53499984741211,34.540000915527344,34.43009948730469,34.45989990234375,12681,0.0,0.0,0.0
2024-09-20 11:55:00-04:00,34.459999084472656,34.494998931884766,34.439998626708984,34.439998626708984,10168,0.0,0.0,0.0
2024-09-20 12:00:00-04:00,34.45000076293945,34.46500015258789,34.40999984741211,34.41999816894531,33554,0.0,0.0,0.0
2024-09-20 12:05:00-04:00,34.43000030517578,34.4900016784668,34.41999816894531,34.4900016784668,8530,0.0,0.0,0.0
2024-09-20 12:10:00-04:00,34.4900016784668,34.50400161743164,34.43000030517578,34.43000030517578,8184,0.0,0.0,0.0
2024-09-20 12:15:00-04:00,34.36000061035156,34.369998931884766,34.33000183105469,34.349998474121094,4270,0.0,0.0,0.0
2024-09-20 12:20:00-04:00,34.33000183105469,34.41999816894531,34.31999969482422,34.41999816894531,13207,0.0,0.0,0.0
2024-09-20 12:25:00-04:00,34.40399932861328,34.40399932861328,34.33000183105469,34.349998474121094,2850,0.0,0.0,0.0
2024-09-20 12:30:00-04:00,34.34000015258789,34.349998474121094,34.27000045776367,34.290000915527344,2393,0.0,0.0,0.0
2024-09-20 12:35:00-04:00,34.275001525878906,34.290000915527344,34.25,34.27000045776367,2929,0.0,0.0,0.0
2024-09-20 12:40:00-04:00,34.2599983215332,34.310001373291016,34.2599983215332,34.309898376464844,3207,0.0,0.0,0.0
2024-09-20 12:45:00-04:00,34.29999923706055,34.33000183105469,34.29999923706055,34.310001373291016,4850,0.0,0.0,0.0
2024-09-20 12:50:00-04:00,34.310001373291016,34.349998474121094,34.310001373291016,34.310001373291016,1324,0.0,0.0,0.0
2024-09-20 12:55:00-04:00,34.29999923706055,34.31999969482422,34.27000045776367,34.27000045776367,2976,0.0,0.0,0.0
2024-09-20 13:00:00-04:00,34.27000045776367,34.29999923706055,34.25,34.2599983215332,7343,0.0,0.0,0.0
2024-09-20 13:05:00-04:00,34.2400016784668,34.29999923706055,34.2400016784668,34.26240158081055,7559,0.0,0.0,0.0
2024-09-20 13:10:00-04:00,34.27000045776367,34.334999084472656,34.25920104980469,34.33000183105469,5706,0.0,0.0,0.0
2024-09-20 13:15:00-04:00,34.34000015258789,34.34000015258789,34.314998626708984,34.33000183105469,8005,0.0,0.0,0.0
2024-09-20 13:20:00-04:00,34.33000183105469,34.33000183105469,34.2599983215332,34.2599983215332,12943,0.0,0.0,0.0
2024-09-20 13:25:00-04:00,34.22999954223633,34.2599983215332,34.20000076293945,34.209999084472656,29039,0.0,0.0,0.0
2024-09-20 13:30:00-04:00,34.22999954223633,34.2400016784668,34.20000076293945,34.22999954223633,8898,0.0,0.0,0.0
2024-09-20 13:35:00-04:00,34.209999084472656,34.22999954223633,34.20000076293945,34.2052001953125,4530,0.0,0.0,0.0
2024-09-20 13:40:00-04:00,34.20000076293945,34.22359848022461,34.189998626708984,34.20000076293945,4064,0.0,0.0,0.0
2024-09-20 13:45:00-04:00,34.209999084472656,34.22999954223633,34.15999984741211,34.161800384521484,8942,0.0,0.0,0.0
2024-09-20 13:50:00-04:00,34.16999816894531,34.180198669433594,34.15999984741211,34.180198669433594,3353,0.0,0.0,0.0
2024-09-20 13:55:00-04:00,34.15999984741211,34.20000076293945,34.150001525878906,34.20000076293945,1557,0.0,0.0,0.0
2024-09-20 14:00:00-04:00,34.19499969482422,34.220001220703125,34.13999938964844,34.13999938964844,4071,0.0,0.0,0.0
2024-09-20 14:05:00-04:00,34.13999938964844,34.14500045776367,34.0099983215332,34.0099983215332,18372,0.0,0.0,0.0
2024-09-20 14:10:00-04:00,34.029998779296875,34.11000061035156,33.9900016784668,34.06999969482422,9225,0.0,0.0,0.0
2024-09-20 14:15:00-04:00,34.09000015258789,34.130001068115234,34.09000015258789,34.0900993347168,7535,0.0,0.0,0.0
2024-09-20 14:20:00-04:00,34.06999969482422,34.11000061035156,34.06999969482422,34.09000015258789,3571,0.0,0.0,0.0
2024-09-20 14:25:00-04:00,34.06999969482422,34.11000061035156,34.06999969482422,34.11000061035156,1565,0.0,0.0,0.0
2024-09-20 14:30:00-04:00,34.130001068115234,34.15999984741211,34.119998931884766,34.130001068115234,85155,0.0,0.0,0.0
2024-09-20 14:35:00-04:00,34.150001525878906,34.15999984741211,34.125,34.150001525878906,2320,0.0,0.0,0.0
2024-09-20 14:40:00-04:00,34.13999938964844,34.2400016784668,34.1349983215332,34.20000076293945,5152,0.0,0.0,0.0
2024-09-20 14:45:00-04:00,34.220001220703125,34.23500061035156,34.220001220703125,34.23500061035156,21149,0.0,0.0,0.0
2024-09-20 14:50:00-04:00,34.239898681640625,34.2599983215332,34.22999954223633,34.2599983215332,2729,0.0,0.0,0.0
2024-09-20 14:55:00-04:00,34.22999954223633,34.32500076293945,34.22999954223633,34.27000045776367,37743,0.0,0.0,0.0
2024-09-20 15:00:00-04:00,34.275001525878906,34.31890106201172,34.26499938964844,34.29999923706055,4205,0.0,0.0,0.0
2024-09-20 15:05:00-04:00,34.290000915527344,34.29999923706055,34.22999954223633,34.290000915527344,8599,0.0,0.0,0.0
2024-09-20 15:10:00-04:00,34.290000915527344,34.29999923706055,34.260101318359375,34.29999923706055,7756,0.0,0.0,0.0
2024-09-20 15:15:00-04:00,34.28499984741211,34.33000183105469,34.28499984741211,34.314998626708984,3502,0.0,0.0,0.0
2024-09-20 15:20:00-04:00,34.33000183105469,34.36000061035156,34.310001373291016,34.31999969482422,5451,0.0,0.0,0.0
2024-09-20 15:25:00-04:00,34.310001373291016,34.310001373291016,34.28499984741211,34.310001373291016,8687,0.0,0.0,0.0
2024-09-20 15:30:00-04:00,34.29999923706055,34.31999969482422,34.27000045776367,34.31999969482422,5187,0.0,0.0,0.0
2024-09-20 15:35:00-04:00,34.33000183105469,34.36000061035156,34.31999969482422,34.35969924926758,13595,0.0,0.0,0.0
2024-09-20 15:40:00-04:00,34.349998474121094,34.350101470947266,34.29999923706055,34.29999923706055,26073,0.0,0.0,0.0
2024-09-20 15:45:00-04:00,34.29999923706055,34.30500030517578,34.2400016784668,34.2599983215332,18409,0.0,0.0,0.0
2024-09-20 15:50:00-04:00,34.2599983215332,34.279998779296875,34.22999954223633,34.27000045776367,14556,0.0,0.0,0.0
2024-09-20 15:55:00-04:00,34.27000045776367,34.33000183105469,34.22999954223633,34.2400016784668,28164,0.0,0.0,0.0
