Datetime,Open,High,Low,Close,Volume,Dividends,Stock Splits
2024-08-21 09:30:00-04:00,13.279999732971191,13.279999732971191,12.804499626159668,13.050000190734863,8582,0.0,0.0
2024-08-21 09:35:00-04:00,13.100000381469727,13.260000228881836,13.095000267028809,13.260000228881836,7603,0.0,0.0
2024-08-21 09:40:00-04:00,13.260000228881836,13.3100004196167,13.199999809265137,13.229999542236328,4506,0.0,0.0
2024-08-21 09:45:00-04:00,13.164999961853027,13.229999542236328,13.100000381469727,13.229999542236328,6620,0.0,0.0
2024-08-21 09:50:00-04:00,13.229999542236328,13.229999542236328,13.210000038146973,13.210000038146973,332,0.0,0.0
2024-08-21 09:55:00-04:00,13.349900245666504,13.359999656677246,13.347000122070312,13.359999656677246,3032,0.0,0.0
2024-08-21 10:00:00-04:00,13.234999656677246,13.27869987487793,13.110099792480469,13.27869987487793,2609,0.0,0.0
2024-08-21 10:05:00-04:00,13.232799530029297,13.279999732971191,13.232799530029297,13.279999732971191,913,0.0,0.0
2024-08-21 10:10:00-04:00,13.251299858093262,13.345000267028809,13.25,13.25,1372,0.0,0.0
2024-08-21 10:15:00-04:00,13.25,13.25,13.25,13.25,622,0.0,0.0
2024-08-21 10:25:00-04:00,13.350000381469727,13.680000305175781,13.350000381469727,13.680000305175781,16134,0.0,0.0
2024-08-21 10:30:00-04:00,13.6899995803833,13.720000267028809,13.520000457763672,13.539999961853027,17168,0.0,0.0
2024-08-21 10:35:00-04:00,13.539999961853027,13.680000305175781,13.4350004196167,13.680000305175781,3648,0.0,0.0
2024-08-21 10:40:00-04:00,13.614100456237793,13.722200393676758,13.614100456237793,13.670000076293945,5665,0.0,0.0
2024-08-21 10:45:00-04:00,13.609999656677246,13.609999656677246,13.3100004196167,13.40999984741211,3970,0.0,0.0
2024-08-21 10:50:00-04:00,13.449999809265137,13.449999809265137,13.270000457763672,13.359999656677246,1949,0.0,0.0
2024-08-21 10:55:00-04:00,13.270099639892578,13.300000190734863,13.270099639892578,13.300000190734863,536,0.0,0.0
2024-08-21 11:00:00-04:00,13.351200103759766,13.351200103759766,13.351200103759766,13.351200103759766,297,0.0,0.0
2024-08-21 11:05:00-04:00,13.449999809265137,13.449999809265137,13.350000381469727,13.350000381469727,1127,0.0,0.0
2024-08-21 11:10:00-04:00,13.479999542236328,13.489999771118164,13.260000228881836,13.399999618530273,2120,0.0,0.0
2024-08-21 11:15:00-04:00,13.5,13.5,13.4197998046875,13.4197998046875,1028,0.0,0.0
2024-08-21 11:20:00-04:00,13.484999656677246,13.484999656677246,13.270099639892578,13.289999961853027,1735,0.0,0.0
2024-08-21 11:25:00-04:00,13.404999732971191,13.489999771118164,13.385000228881836,13.489999771118164,2100,0.0,0.0
2024-08-21 11:30:00-04:00,13.5,13.574999809265137,13.439499855041504,13.475000381469727,1333,0.0,0.0
2024-08-21 11:45:00-04:00,13.404999732971191,13.404999732971191,13.404999732971191,13.404999732971191,2570,0.0,0.0
2024-08-21 11:50:00-04:00,13.399999618530273,13.399999618530273,13.399999618530273,13.399999618530273,710,0.0,0.0
2024-08-21 11:55:00-04:00,13.399999618530273,13.46500015258789,13.329999923706055,13.46500015258789,1899,0.0,0.0
2024-08-21 12:05:00-04:00,13.390000343322754,13.390000343322754,13.279999732971191,13.279999732971191,6851,0.0,0.0
2024-08-21 12:10:00-04:00,13.265000343322754,13.265000343322754,13.199999809265137,13.199999809265137,3961,0.0,0.0
2024-08-21 12:15:00-04:00,13.260000228881836,13.260000228881836,13.260000228881836,13.260000228881836,382,0.0,0.0
2024-08-21 12:20:00-04:00,13.27400016784668,13.295000076293945,13.199999809265137,13.295000076293945,1914,0.0,0.0
2024-08-21 12:25:00-04:00,13.362099647521973,13.362099647521973,13.362099647521973,13.362099647521973,753,0.0,0.0
2024-08-21 12:30:00-04:00,13.27869987487793,13.27869987487793,13.27869987487793,13.27869987487793,702,0.0,0.0
2024-08-21 12:35:00-04:00,13.359999656677246,13.408499717712402,13.359999656677246,13.408499717712402,370,0.0,0.0
2024-08-21 12:40:00-04:00,13.420000076293945,13.430000305175781,13.40999984741211,13.430000305175781,1859,0.0,0.0
2024-08-21 12:45:00-04:00,13.4483003616333,13.4483003616333,13.4483003616333,13.4483003616333,805,0.0,0.0
2024-08-21 13:00:00-04:00,13.375,13.4399995803833,13.375,13.375,548,0.0,0.0
2024-08-21 13:05:00-04:00,13.350000381469727,13.350000381469727,13.350000381469727,13.350000381469727,624,0.0,0.0
2024-08-21 13:10:00-04:00,13.270000457763672,13.270000457763672,13.270000457763672,13.270000457763672,245,0.0,0.0
2024-08-21 13:15:00-04:00,13.319999694824219,13.319999694824219,13.239999771118164,13.274999618530273,1105,0.0,0.0
2024-08-21 13:20:00-04:00,13.229999542236328,13.265000343322754,13.180000305175781,13.260000228881836,5115,0.0,0.0
2024-08-21 13:25:00-04:00,13.25,13.260000228881836,13.25,13.260000228881836,607,0.0,0.0
2024-08-21 13:30:00-04:00,13.279999732971191,13.279999732971191,13.164999961853027,13.199999809265137,9014,0.0,0.0
2024-08-21 13:35:00-04:00,13.119999885559082,13.239999771118164,13.119999885559082,13.239999771118164,3111,0.0,0.0
2024-08-21 13:40:00-04:00,13.1899995803833,13.1899995803833,13.020000457763672,13.020000457763672,7514,0.0,0.0
2024-08-21 13:45:00-04:00,13.135000228881836,13.135000228881836,13.068599700927734,13.068599700927734,813,0.0,0.0
2024-08-21 13:50:00-04:00,13.029399871826172,13.050000190734863,13.029399871826172,13.050000190734863,2801,0.0,0.0
2024-08-21 13:55:00-04:00,13.03600025177002,13.03600025177002,12.989999771118164,12.989999771118164,1512,0.0,0.0
2024-08-21 14:05:00-04:00,12.994999885559082,12.994999885559082,12.994999885559082,12.994999885559082,862,0.0,0.0
2024-08-21 14:10:00-04:00,12.96500015258789,13.029999732971191,12.96500015258789,13.029999732971191,1710,0.0,0.0
2024-08-21 14:25:00-04:00,13.135000228881836,13.135000228881836,13.029999732971191,13.029999732971191,1693,0.0,0.0
2024-08-21 14:30:00-04:00,13.079999923706055,13.079999923706055,13.079999923706055,13.079999923706055,1230,0.0,0.0
2024-08-21 14:35:00-04:00,13.055000305175781,13.055000305175781,13.045000076293945,13.045000076293945,718,0.0,0.0
2024-08-21 14:40:00-04:00,13.055000305175781,13.055000305175781,13.055000305175781,13.055000305175781,1038,0.0,0.0
2024-08-21 14:50:00-04:00,13.100000381469727,13.100000381469727,13.079999923706055,13.079999923706055,327,0.0,0.0
2024-08-21 14:55:00-04:00,13.015000343322754,13.069999694824219,12.960000038146973,12.960000038146973,1019,0.0,0.0
2024-08-21 15:00:00-04:00,12.960000038146973,12.960000038146973,12.960000038146973,12.960000038146973,781,0.0,0.0
2024-08-21 15:05:00-04:00,13.039899826049805,13.039899826049805,12.859999656677246,12.994999885559082,3346,0.0,0.0
2024-08-21 15:10:00-04:00,13.0,13.0600004196167,13.0,13.0600004196167,1197,0.0,0.0
2024-08-21 15:15:00-04:00,13.03499984741211,13.03499984741211,13.03499984741211,13.03499984741211,528,0.0,0.0
2024-08-21 15:20:00-04:00,12.979999542236328,12.979999542236328,12.979999542236328,12.979999542236328,874,0.0,0.0
2024-08-21 15:25:00-04:00,13.0,13.050000190734863,13.0,13.050000190734863,810,0.0,0.0
2024-08-21 15:30:00-04:00,13.029999732971191,13.029999732971191,13.029999732971191,13.029999732971191,193,0.0,0.0
2024-08-21 15:35:00-04:00,12.989999771118164,13.029999732971191,12.850000381469727,12.914999961853027,9497,0.0,0.0
2024-08-21 15:40:00-04:00,12.895000457763672,12.895000457763672,12.895000457763672,12.895000457763672,1721,0.0,0.0
2024-08-21 15:45:00-04:00,12.895000457763672,13.050000190734863,12.895000457763672,13.015000343322754,2609,0.0,0.0
2024-08-21 15:50:00-04:00,12.979999542236328,13.020000457763672,12.979999542236328,13.020000457763672,2692,0.0,0.0
2024-08-21 15:55:00-04:00,13.020000457763672,13.020000457763672,12.859999656677246,12.930000305175781,10592,0.0,0.0
2024-08-22 09:30:00-04:00,12.770000457763672,13.020000457763672,12.770000457763672,12.850000381469727,7215,0.0,0.0
2024-08-22 09:35:00-04:00,12.59000015258789,12.789999961853027,12.520000457763672,12.709600448608398,3925,0.0,0.0
2024-08-22 09:45:00-04:00,12.84000015258789,12.84000015258789,12.720000267028809,12.739999771118164,829,0.0,0.0
2024-08-22 09:55:00-04:00,12.569100379943848,12.569100379943848,12.569100379943848,12.569100379943848,358,0.0,0.0
2024-08-22 10:00:00-04:00,12.569999694824219,12.699999809265137,12.489999771118164,12.625,3995,0.0,0.0
2024-08-22 10:05:00-04:00,12.720000267028809,12.720000267028809,12.616000175476074,12.616000175476074,1803,0.0,0.0
2024-08-22 10:10:00-04:00,12.449999809265137,12.569999694824219,12.220000267028809,12.5600004196167,9549,0.0,0.0
2024-08-22 10:25:00-04:00,12.497699737548828,12.65999984741211,12.497699737548828,12.600000381469727,4791,0.0,0.0
2024-08-22 10:35:00-04:00,12.649999618530273,12.738699913024902,12.643699645996094,12.738699913024902,2822,0.0,0.0
2024-08-22 10:40:00-04:00,12.664999961853027,12.749899864196777,12.640999794006348,12.640999794006348,765,0.0,0.0
2024-08-22 10:45:00-04:00,12.739999771118164,12.739999771118164,12.604299545288086,12.604299545288086,3299,0.0,0.0
2024-08-22 10:50:00-04:00,12.520000457763672,12.630000114440918,12.479999542236328,12.479999542236328,1215,0.0,0.0
2024-08-22 10:55:00-04:00,12.720000267028809,12.739999771118164,12.720000267028809,12.739999771118164,567,0.0,0.0
2024-08-22 11:00:00-04:00,12.50879955291748,12.710000038146973,12.50879955291748,12.710000038146973,233,0.0,0.0
2024-08-22 11:05:00-04:00,12.739999771118164,12.75,12.6850004196167,12.6850004196167,1891,0.0,0.0
2024-08-22 11:10:00-04:00,12.770000457763672,12.770000457763672,12.75,12.75,772,0.0,0.0
2024-08-22 11:15:00-04:00,12.700300216674805,12.700300216674805,12.700300216674805,12.700300216674805,1464,0.0,0.0
2024-08-22 11:20:00-04:00,12.71500015258789,12.71500015258789,12.71500015258789,12.71500015258789,587,0.0,0.0
2024-08-22 11:25:00-04:00,12.75,12.75,12.75,12.75,614,0.0,0.0
2024-08-22 11:40:00-04:00,12.619999885559082,12.619999885559082,12.619999885559082,12.619999885559082,1171,0.0,0.0
2024-08-22 11:45:00-04:00,12.558799743652344,12.600000381469727,12.558799743652344,12.600000381469727,349,0.0,0.0
2024-08-22 11:50:00-04:00,12.550000190734863,12.550000190734863,12.550000190734863,12.550000190734863,716,0.0,0.0
2024-08-22 12:00:00-04:00,12.670000076293945,12.670000076293945,12.670000076293945,12.670000076293945,771,0.0,0.0
2024-08-22 12:10:00-04:00,12.739999771118164,12.739999771118164,12.739999771118164,12.739999771118164,4063,0.0,0.0
2024-08-22 12:25:00-04:00,12.84000015258789,12.899999618530273,12.789999961853027,12.789999961853027,1355,0.0,0.0
2024-08-22 12:30:00-04:00,12.899999618530273,12.899999618530273,12.890000343322754,12.899900436401367,0,0.0,0.0
2024-08-22 12:35:00-04:00,12.795000076293945,12.869999885559082,12.795000076293945,12.869999885559082,959,0.0,0.0
2024-08-22 12:40:00-04:00,12.8100004196167,12.8100004196167,12.8100004196167,12.8100004196167,952,0.0,0.0
2024-08-22 12:45:00-04:00,12.814299583435059,12.899999618530273,12.814299583435059,12.899999618530273,474,0.0,0.0
2024-08-22 12:50:00-04:00,12.812700271606445,12.812700271606445,12.720000267028809,12.774999618530273,2686,0.0,0.0
2024-08-22 13:00:00-04:00,12.78499984741211,12.78499984741211,12.779999732971191,12.779999732971191,1443,0.0,0.0
2024-08-22 13:10:00-04:00,12.8149995803833,12.8149995803833,12.8149995803833,12.8149995803833,1092,0.0,0.0
2024-08-22 13:25:00-04:00,12.888699531555176,12.888699531555176,12.888699531555176,12.888699531555176,478,0.0,0.0
2024-08-22 13:30:00-04:00,12.84000015258789,12.84000015258789,12.789999961853027,12.789999961853027,904,0.0,0.0
2024-08-22 13:35:00-04:00,12.78030014038086,12.800000190734863,12.78030014038086,12.800000190734863,1604,0.0,0.0
2024-08-22 13:40:00-04:00,12.803199768066406,12.803199768066406,12.803199768066406,12.803199768066406,1030,0.0,0.0
2024-08-22 13:45:00-04:00,12.779999732971191,12.779999732971191,12.779999732971191,12.779999732971191,279,0.0,0.0
2024-08-22 13:50:00-04:00,12.710000038146973,12.710000038146973,12.645000457763672,12.670999526977539,1547,0.0,0.0
2024-08-22 13:55:00-04:00,12.729900360107422,12.729900360107422,12.729900360107422,12.729900360107422,280,0.0,0.0
2024-08-22 14:00:00-04:00,12.69379997253418,12.69379997253418,12.69379997253418,12.69379997253418,252,0.0,0.0
2024-08-22 14:05:00-04:00,12.645000457763672,12.645000457763672,12.645000457763672,12.645000457763672,249,0.0,0.0
2024-08-22 14:10:00-04:00,12.609999656677246,12.609999656677246,12.609999656677246,12.609999656677246,347,0.0,0.0
2024-08-22 14:15:00-04:00,12.645000457763672,12.645000457763672,12.645000457763672,12.645000457763672,378,0.0,0.0
2024-08-22 14:20:00-04:00,12.729999542236328,12.760000228881836,12.729999542236328,12.760000228881836,2234,0.0,0.0
2024-08-22 14:35:00-04:00,12.730400085449219,12.730400085449219,12.730400085449219,12.730400085449219,517,0.0,0.0
2024-08-22 14:40:00-04:00,12.670000076293945,12.670000076293945,12.670000076293945,12.670000076293945,142,0.0,0.0
2024-08-22 14:45:00-04:00,12.710000038146973,12.710000038146973,12.710000038146973,12.710000038146973,618,0.0,0.0
2024-08-22 14:50:00-04:00,12.779999732971191,12.779999732971191,12.770000457763672,12.770000457763672,429,0.0,0.0
2024-08-22 14:55:00-04:00,12.717599868774414,12.800000190734863,12.717599868774414,12.789999961853027,6671,0.0,0.0
2024-08-22 15:00:00-04:00,12.765000343322754,12.765000343322754,12.720000267028809,12.720000267028809,509,0.0,0.0
2024-08-22 15:05:00-04:00,12.729999542236328,12.729999542236328,12.729999542236328,12.729999542236328,549,0.0,0.0
2024-08-22 15:15:00-04:00,12.8100004196167,12.8100004196167,12.800000190734863,12.800000190734863,482,0.0,0.0
2024-08-22 15:20:00-04:00,12.729999542236328,12.729999542236328,12.609999656677246,12.625,6139,0.0,0.0
2024-08-22 15:30:00-04:00,12.5,12.569999694824219,12.479999542236328,12.510000228881836,3489,0.0,0.0
2024-08-22 15:35:00-04:00,12.579999923706055,12.579999923706055,12.579999923706055,12.579999923706055,507,0.0,0.0
2024-08-22 15:40:00-04:00,12.579999923706055,12.607999801635742,12.555000305175781,12.600000381469727,3977,0.0,0.0
2024-08-22 15:45:00-04:00,12.53499984741211,12.5600004196167,12.53499984741211,12.5600004196167,1004,0.0,0.0
2024-08-22 15:50:00-04:00,12.569999694824219,12.600000381469727,12.494999885559082,12.550000190734863,4057,0.0,0.0
2024-08-22 15:55:00-04:00,12.5600004196167,12.609999656677246,12.479999542236328,12.550100326538086,7367,0.0,0.0
2024-08-23 09:30:00-04:00,12.449999809265137,12.619999885559082,12.40999984741211,12.619999885559082,10733,0.0,0.0
2024-08-23 09:40:00-04:00,12.649999618530273,12.84000015258789,12.649999618530273,12.755000114440918,870,0.0,0.0
2024-08-23 09:45:00-04:00,12.760000228881836,12.760000228881836,12.760000228881836,12.760000228881836,1020,0.0,0.0
2024-08-23 09:50:00-04:00,12.829999923706055,12.84000015258789,12.829999923706055,12.84000015258789,2339,0.0,0.0
2024-08-23 09:55:00-04:00,13.0,13.050000190734863,13.0,13.050000190734863,3778,0.0,0.0
2024-08-23 10:00:00-04:00,13.109999656677246,13.34000015258789,13.050000190734863,13.34000015258789,4598,0.0,0.0
2024-08-23 10:05:00-04:00,13.199999809265137,13.289999961853027,13.109999656677246,13.289999961853027,1620,0.0,0.0
2024-08-23 10:10:00-04:00,13.36989974975586,13.36989974975586,13.273300170898438,13.359999656677246,4446,0.0,0.0
2024-08-23 10:15:00-04:00,13.110099792480469,13.119999885559082,13.09000015258789,13.09000015258789,2095,0.0,0.0
2024-08-23 10:20:00-04:00,13.180000305175781,13.289999961853027,13.180000305175781,13.289999961853027,1615,0.0,0.0
2024-08-23 10:30:00-04:00,13.239999771118164,13.3100004196167,13.239999771118164,13.300000190734863,3046,0.0,0.0
2024-08-23 10:35:00-04:00,13.239999771118164,13.25,13.109999656677246,13.119999885559082,2615,0.0,0.0
2024-08-23 10:40:00-04:00,13.204999923706055,13.204999923706055,13.170000076293945,13.170000076293945,516,0.0,0.0
2024-08-23 10:45:00-04:00,13.204999923706055,13.204999923706055,13.119999885559082,13.1899995803833,4399,0.0,0.0
2024-08-23 10:50:00-04:00,12.890000343322754,12.890000343322754,12.869999885559082,12.869999885559082,890,0.0,0.0
2024-08-23 10:55:00-04:00,13.050000190734863,13.050000190734863,12.930000305175781,12.930000305175781,2136,0.0,0.0
2024-08-23 11:00:00-04:00,13.07349967956543,13.079999923706055,13.0600004196167,13.0600004196167,715,0.0,0.0
2024-08-23 11:05:00-04:00,13.069999694824219,13.12720012664795,13.069999694824219,13.12720012664795,880,0.0,0.0
2024-08-23 11:10:00-04:00,13.1899995803833,13.1899995803833,13.140000343322754,13.140000343322754,1159,0.0,0.0
2024-08-23 11:15:00-04:00,13.140000343322754,13.149999618530273,13.140000343322754,13.149999618530273,2151,0.0,0.0
2024-08-23 11:20:00-04:00,13.180000305175781,13.180000305175781,13.180000305175781,13.180000305175781,1539,0.0,0.0
2024-08-23 11:25:00-04:00,13.079999923706055,13.140000343322754,13.069999694824219,13.140000343322754,2302,0.0,0.0
2024-08-23 11:35:00-04:00,13.220000267028809,13.289999961853027,13.220000267028809,13.289999961853027,11004,0.0,0.0
2024-08-23 11:40:00-04:00,13.324000358581543,13.324000358581543,13.239999771118164,13.239999771118164,1874,0.0,0.0
2024-08-23 11:45:00-04:00,13.09000015258789,13.09000015258789,13.09000015258789,13.09000015258789,343,0.0,0.0
2024-08-23 11:50:00-04:00,13.085000038146973,13.170000076293945,13.085000038146973,13.100000381469727,808,0.0,0.0
2024-08-23 12:00:00-04:00,13.020000457763672,13.020000457763672,13.020000457763672,13.020000457763672,1563,0.0,0.0
2024-08-23 12:15:00-04:00,13.100000381469727,13.100000381469727,13.074999809265137,13.074999809265137,1044,0.0,0.0
2024-08-23 12:30:00-04:00,13.149999618530273,13.180000305175781,13.114999771118164,13.114999771118164,1475,0.0,0.0
2024-08-23 12:35:00-04:00,13.125,13.125,13.125,13.125,521,0.0,0.0
2024-08-23 12:40:00-04:00,13.0600004196167,13.09000015258789,13.0600004196167,13.079999923706055,3591,0.0,0.0
2024-08-23 12:50:00-04:00,13.109999656677246,13.149999618530273,13.050000190734863,13.050000190734863,4692,0.0,0.0
2024-08-23 13:05:00-04:00,13.170000076293945,13.170000076293945,13.170000076293945,13.170000076293945,616,0.0,0.0
2024-08-23 13:15:00-04:00,13.220999717712402,13.300000190734863,13.220999717712402,13.229999542236328,6020,0.0,0.0
2024-08-23 13:25:00-04:00,13.227800369262695,13.227800369262695,13.227800369262695,13.227800369262695,125,0.0,0.0
2024-08-23 13:30:00-04:00,13.279999732971191,13.279999732971191,13.279999732971191,13.279999732971191,202,0.0,0.0
2024-08-23 13:35:00-04:00,13.279999732971191,13.300000190734863,13.180000305175781,13.180000305175781,8593,0.0,0.0
2024-08-23 13:50:00-04:00,13.170000076293945,13.170000076293945,13.170000076293945,13.170000076293945,1735,0.0,0.0
2024-08-23 14:05:00-04:00,13.110099792480469,13.110099792480469,13.110099792480469,13.110099792480469,932,0.0,0.0
2024-08-23 14:15:00-04:00,13.119999885559082,13.119999885559082,13.119999885559082,13.119999885559082,1113,0.0,0.0
2024-08-23 14:20:00-04:00,13.130000114440918,13.130000114440918,13.130000114440918,13.130000114440918,971,0.0,0.0
2024-08-23 14:35:00-04:00,13.130000114440918,13.130000114440918,13.130000114440918,13.130000114440918,307,0.0,0.0
2024-08-23 14:40:00-04:00,13.1899995803833,13.1899995803833,13.130000114440918,13.130000114440918,268,0.0,0.0
2024-08-23 14:45:00-04:00,13.125,13.180000305175781,13.125,13.125,810,0.0,0.0
2024-08-23 14:50:00-04:00,13.0600004196167,13.0600004196167,13.0600004196167,13.0600004196167,501,0.0,0.0
2024-08-23 14:55:00-04:00,13.152700424194336,13.152700424194336,13.020000457763672,13.020000457763672,5062,0.0,0.0
2024-08-23 15:00:00-04:00,12.90999984741211,12.90999984741211,12.90999984741211,12.90999984741211,306,0.0,0.0
2024-08-23 15:05:00-04:00,12.989999771118164,12.989999771118164,12.954999923706055,12.954999923706055,454,0.0,0.0
2024-08-23 15:10:00-04:00,13.0,13.025300025939941,13.0,13.025300025939941,4276,0.0,0.0
2024-08-23 15:15:00-04:00,12.973799705505371,13.020000457763672,12.973799705505371,13.020000457763672,1471,0.0,0.0
2024-08-23 15:20:00-04:00,12.979999542236328,12.979999542236328,12.979999542236328,12.979999542236328,274,0.0,0.0
2024-08-23 15:25:00-04:00,12.979999542236328,12.979999542236328,12.979999542236328,12.979999542236328,850,0.0,0.0
2024-08-23 15:30:00-04:00,12.960000038146973,13.0600004196167,12.890000343322754,12.970000267028809,9715,0.0,0.0
2024-08-23 15:35:00-04:00,12.994999885559082,12.994999885559082,12.975000381469727,12.975000381469727,1118,0.0,0.0
2024-08-23 15:40:00-04:00,13.0,13.010000228881836,13.0,13.010000228881836,2048,0.0,0.0
2024-08-23 15:45:00-04:00,13.020000457763672,13.050000190734863,12.949999809265137,12.960000038146973,7442,0.0,0.0
2024-08-23 15:50:00-04:00,12.960000038146973,13.03499984741211,12.899999618530273,12.949999809265137,11233,0.0,0.0
2024-08-23 15:55:00-04:00,13.020000457763672,13.050000190734863,12.961799621582031,13.020000457763672,17346,0.0,0.0
2024-08-26 09:30:00-04:00,13.229999542236328,13.229999542236328,12.863900184631348,12.980199813842773,20340,0.0,0.0
2024-08-26 09:35:00-04:00,12.960399627685547,13.136099815368652,12.914799690246582,13.029999732971191,8971,0.0,0.0
2024-08-26 09:40:00-04:00,13.140000343322754,13.140000343322754,13.140000343322754,13.140000343322754,1011,0.0,0.0
2024-08-26 09:45:00-04:00,13.279999732971191,13.279999732971191,13.065999984741211,13.065999984741211,2294,0.0,0.0
2024-08-26 09:50:00-04:00,13.100000381469727,13.111200332641602,13.100000381469727,13.100000381469727,1819,0.0,0.0
2024-08-26 09:55:00-04:00,13.289999961853027,13.65999984741211,13.289999961853027,13.65999984741211,8693,0.0,0.0
2024-08-26 10:00:00-04:00,13.630000114440918,13.664999961853027,13.319999694824219,13.34000015258789,26139,0.0,0.0
2024-08-26 10:05:00-04:00,13.388999938964844,13.449999809265137,13.170000076293945,13.387499809265137,7210,0.0,0.0
2024-08-26 10:10:00-04:00,13.324999809265137,13.449999809265137,13.300000190734863,13.449999809265137,1110,0.0,0.0
2024-08-26 10:15:00-04:00,13.430000305175781,13.449999809265137,13.300000190734863,13.300000190734863,1345,0.0,0.0
2024-08-26 10:20:00-04:00,13.319999694824219,13.319999694824219,13.1899995803833,13.1899995803833,2119,0.0,0.0
2024-08-26 10:25:00-04:00,13.1899995803833,13.342499732971191,13.1899995803833,13.319999694824219,1528,0.0,0.0
2024-08-26 10:35:00-04:00,13.050000190734863,13.050000190734863,13.0,13.0,6370,0.0,0.0
2024-08-26 10:40:00-04:00,12.869999885559082,13.220000267028809,12.869999885559082,13.210000038146973,2067,0.0,0.0
2024-08-26 10:45:00-04:00,13.104999542236328,13.20989990234375,13.104999542236328,13.20989990234375,1059,0.0,0.0
2024-08-26 10:50:00-04:00,13.104999542236328,13.20989990234375,13.104999542236328,13.20989990234375,858,0.0,0.0
2024-08-26 10:55:00-04:00,13.210000038146973,13.210000038146973,13.210000038146973,13.210000038146973,1376,0.0,0.0
2024-08-26 11:05:00-04:00,13.207799911499023,13.207799911499023,13.207799911499023,13.207799911499023,1522,0.0,0.0
2024-08-26 11:10:00-04:00,13.25,13.25,13.201000213623047,13.201000213623047,829,0.0,0.0
2024-08-26 11:15:00-04:00,13.149499893188477,13.164999961853027,13.149499893188477,13.164999961853027,1103,0.0,0.0
2024-08-26 11:25:00-04:00,13.11240005493164,13.289999961853027,13.11240005493164,13.289999961853027,2798,0.0,0.0
2024-08-26 11:30:00-04:00,13.329999923706055,13.34000015258789,13.277000427246094,13.277000427246094,1599,0.0,0.0
2024-08-26 11:45:00-04:00,13.295700073242188,13.295700073242188,13.295700073242188,13.295700073242188,1112,0.0,0.0
2024-08-26 11:50:00-04:00,13.220000267028809,13.220000267028809,13.220000267028809,13.220000267028809,161,0.0,0.0
2024-08-26 11:55:00-04:00,13.33899974822998,13.33899974822998,13.289999961853027,13.289999961853027,1950,0.0,0.0
2024-08-26 12:00:00-04:00,13.222700119018555,13.222700119018555,13.211099624633789,13.211099624633789,1695,0.0,0.0
2024-08-26 12:10:00-04:00,13.295000076293945,13.295000076293945,13.295000076293945,13.295000076293945,259,0.0,0.0
2024-08-26 12:15:00-04:00,13.305000305175781,13.305000305175781,13.305000305175781,13.305000305175781,800,0.0,0.0
2024-08-26 12:20:00-04:00,13.329999923706055,13.329999923706055,13.329999923706055,13.329999923706055,3045,0.0,0.0
2024-08-26 12:30:00-04:00,13.5,13.520000457763672,13.5,13.520000457763672,1813,0.0,0.0
2024-08-26 12:45:00-04:00,13.5,13.5,13.410099983215332,13.410099983215332,670,0.0,0.0
2024-08-26 12:55:00-04:00,13.4306001663208,13.4306001663208,13.430000305175781,13.430000305175781,1390,0.0,0.0
2024-08-26 13:00:00-04:00,13.5,13.5,13.5,13.5,1247,0.0,0.0
2024-08-26 13:10:00-04:00,13.470000267028809,13.470000267028809,13.470000267028809,13.470000267028809,294,0.0,0.0
2024-08-26 13:15:00-04:00,13.470000267028809,13.470000267028809,13.400099754333496,13.410799980163574,3588,0.0,0.0
2024-08-26 13:20:00-04:00,13.4399995803833,13.460000038146973,13.319999694824219,13.4399995803833,2725,0.0,0.0
2024-08-26 13:25:00-04:00,13.385000228881836,13.385000228881836,13.385000228881836,13.385000228881836,624,0.0,0.0
2024-08-26 13:30:00-04:00,13.404999732971191,13.404999732971191,13.404999732971191,13.404999732971191,729,0.0,0.0
2024-08-26 13:35:00-04:00,13.425000190734863,13.425000190734863,13.350000381469727,13.350000381469727,882,0.0,0.0
2024-08-26 13:40:00-04:00,13.361000061035156,13.361000061035156,13.361000061035156,13.361000061035156,635,0.0,0.0
2024-08-26 13:45:00-04:00,13.279999732971191,13.279999732971191,13.279999732971191,13.279999732971191,160,0.0,0.0
2024-08-26 13:50:00-04:00,13.28499984741211,13.28499984741211,13.28499984741211,13.28499984741211,3714,0.0,0.0
2024-08-26 13:55:00-04:00,13.210100173950195,13.28499984741211,13.210100173950195,13.28499984741211,714,0.0,0.0
2024-08-26 14:05:00-04:00,13.241000175476074,13.241000175476074,13.241000175476074,13.241000175476074,373,0.0,0.0
2024-08-26 14:10:00-04:00,13.240099906921387,13.240099906921387,13.240099906921387,13.240099906921387,380,0.0,0.0
2024-08-26 14:20:00-04:00,13.300000190734863,13.303299903869629,13.25,13.295000076293945,4323,0.0,0.0
2024-08-26 14:25:00-04:00,13.34000015258789,13.34000015258789,13.34000015258789,13.34000015258789,754,0.0,0.0
2024-08-26 14:30:00-04:00,13.4399995803833,13.4399995803833,13.4399995803833,13.4399995803833,1035,0.0,0.0
2024-08-26 14:35:00-04:00,13.539999961853027,13.600000381469727,13.480400085449219,13.600000381469727,1367,0.0,0.0
2024-08-26 14:40:00-04:00,13.520099639892578,13.600000381469727,13.520099639892578,13.5649995803833,3956,0.0,0.0
2024-08-26 14:45:00-04:00,13.5,13.5,13.460100173950195,13.460100173950195,1034,0.0,0.0
2024-08-26 14:55:00-04:00,13.460100173950195,13.460100173950195,13.460100173950195,13.460100173950195,572,0.0,0.0
2024-08-26 15:00:00-04:00,13.515899658203125,13.65999984741211,13.470000267028809,13.649999618530273,6657,0.0,0.0
2024-08-26 15:05:00-04:00,13.5600004196167,13.5600004196167,13.5600004196167,13.5600004196167,1202,0.0,0.0
2024-08-26 15:10:00-04:00,13.454999923706055,13.454999923706055,13.454999923706055,13.454999923706055,581,0.0,0.0
2024-08-26 15:15:00-04:00,13.543399810791016,13.543399810791016,13.520000457763672,13.520000457763672,1629,0.0,0.0
2024-08-26 15:25:00-04:00,13.510000228881836,13.510000228881836,13.510000228881836,13.510000228881836,676,0.0,0.0
2024-08-26 15:35:00-04:00,13.430000305175781,13.430000305175781,13.420000076293945,13.420000076293945,1204,0.0,0.0
2024-08-26 15:40:00-04:00,13.472100257873535,13.489999771118164,13.470000267028809,13.479999542236328,2599,0.0,0.0
2024-08-26 15:45:00-04:00,13.489999771118164,13.510000228881836,13.4399995803833,13.470000267028809,5156,0.0,0.0
2024-08-26 15:50:00-04:00,13.520000457763672,13.569999694824219,13.5,13.5,3270,0.0,0.0
2024-08-26 15:55:00-04:00,13.550000190734863,13.550000190734863,13.46500015258789,13.510000228881836,11298,0.0,0.0
2024-08-27 09:30:00-04:00,13.260000228881836,13.697500228881836,13.069999694824219,13.614999771118164,4458,0.0,0.0
2024-08-27 09:35:00-04:00,13.1899995803833,13.1899995803833,13.1899995803833,13.1899995803833,564,0.0,0.0
2024-08-27 09:40:00-04:00,13.0,13.13599967956543,12.869999885559082,13.09000015258789,5289,0.0,0.0
2024-08-27 09:45:00-04:00,12.944999694824219,13.114999771118164,12.944999694824219,13.114999771118164,4009,0.0,0.0
2024-08-27 09:50:00-04:00,13.177399635314941,13.199899673461914,13.050000190734863,13.0600004196167,3968,0.0,0.0
2024-08-27 09:55:00-04:00,13.119999885559082,13.119999885559082,13.079999923706055,13.079999923706055,384,0.0,0.0
2024-08-27 10:00:00-04:00,13.050000190734863,13.050000190734863,13.039999961853027,13.039999961853027,772,0.0,0.0
2024-08-27 10:10:00-04:00,13.050000190734863,13.079999923706055,13.050000190734863,13.079899787902832,1431,0.0,0.0
2024-08-27 10:15:00-04:00,13.101099967956543,13.199999809265137,13.101099967956543,13.199999809265137,4051,0.0,0.0
2024-08-27 10:20:00-04:00,13.100000381469727,13.116999626159668,13.100000381469727,13.116999626159668,874,0.0,0.0
2024-08-27 10:30:00-04:00,13.217000007629395,13.217000007629395,13.217000007629395,13.217000007629395,1894,0.0,0.0
2024-08-27 10:35:00-04:00,13.329400062561035,13.329400062561035,13.329400062561035,13.329400062561035,1556,0.0,0.0
2024-08-27 10:45:00-04:00,13.47700023651123,13.675000190734863,13.3100004196167,13.420000076293945,17793,0.0,0.0
2024-08-27 11:05:00-04:00,13.305100440979004,13.305100440979004,13.305100440979004,13.305100440979004,1269,0.0,0.0
2024-08-27 11:10:00-04:00,13.364999771118164,13.364999771118164,13.270000457763672,13.270000457763672,1672,0.0,0.0
2024-08-27 11:15:00-04:00,13.229999542236328,13.229999542236328,13.199999809265137,13.199999809265137,1325,0.0,0.0
2024-08-27 11:25:00-04:00,13.194999694824219,13.194999694824219,13.194999694824219,13.194999694824219,696,0.0,0.0
2024-08-27 11:30:00-04:00,13.194999694824219,13.194999694824219,13.194999694824219,13.194999694824219,3360,0.0,0.0
2024-08-27 11:35:00-04:00,13.17199993133545,13.17199993133545,13.17199993133545,13.17199993133545,1236,0.0,0.0
2024-08-27 11:40:00-04:00,13.116999626159668,13.116999626159668,13.09000015258789,13.09000015258789,954,0.0,0.0
2024-08-27 11:55:00-04:00,13.149999618530273,13.149999618530273,13.149999618530273,13.149999618530273,858,0.0,0.0
2024-08-27 12:05:00-04:00,13.23900032043457,13.23900032043457,13.047599792480469,13.047599792480469,2697,0.0,0.0
2024-08-27 12:10:00-04:00,13.135000228881836,13.135000228881836,13.135000228881836,13.135000228881836,157,0.0,0.0
2024-08-27 12:15:00-04:00,13.135000228881836,13.135000228881836,13.135000228881836,13.135000228881836,600,0.0,0.0
2024-08-27 12:20:00-04:00,13.210000038146973,13.210000038146973,13.149999618530273,13.149999618530273,2198,0.0,0.0
2024-08-27 12:30:00-04:00,13.229999542236328,13.229999542236328,13.229999542236328,13.229999542236328,337,0.0,0.0
2024-08-27 12:35:00-04:00,13.131999969482422,13.1899995803833,13.131999969482422,13.1899995803833,885,0.0,0.0
2024-08-27 12:40:00-04:00,13.0600004196167,13.0600004196167,13.0600004196167,13.0600004196167,638,0.0,0.0
2024-08-27 12:50:00-04:00,13.229999542236328,13.229999542236328,13.079999923706055,13.079999923706055,1172,0.0,0.0
2024-08-27 13:05:00-04:00,13.25,13.359999656677246,13.25,13.3100004196167,4707,0.0,0.0
2024-08-27 13:30:00-04:00,13.420000076293945,13.430000305175781,13.399999618530273,13.430000305175781,2419,0.0,0.0
2024-08-27 13:35:00-04:00,13.5,13.599900245666504,13.5,13.59000015258789,3562,0.0,0.0
2024-08-27 13:50:00-04:00,13.589900016784668,13.589900016784668,13.589900016784668,13.589900016784668,306,0.0,0.0
2024-08-27 13:55:00-04:00,13.59000015258789,13.699999809265137,13.59000015258789,13.680000305175781,6591,0.0,0.0
2024-08-27 14:10:00-04:00,13.619999885559082,13.75,13.619999885559082,13.75,4245,0.0,0.0
2024-08-27 14:20:00-04:00,13.630000114440918,13.65999984741211,13.539999961853027,13.569999694824219,4337,0.0,0.0
2024-08-27 14:25:00-04:00,13.619999885559082,13.619999885559082,13.619999885559082,13.619999885559082,277,0.0,0.0
2024-08-27 14:30:00-04:00,13.609999656677246,13.640000343322754,13.609999656677246,13.640000343322754,1107,0.0,0.0
2024-08-27 14:40:00-04:00,13.703900337219238,13.703900337219238,13.670000076293945,13.670000076293945,780,0.0,0.0
2024-08-27 14:45:00-04:00,13.699999809265137,13.699999809265137,13.609999656677246,13.609999656677246,5084,0.0,0.0
2024-08-27 14:50:00-04:00,13.5600004196167,13.604999542236328,13.5600004196167,13.604999542236328,578,0.0,0.0
2024-08-27 15:00:00-04:00,13.649999618530273,13.649999618530273,13.649999618530273,13.649999618530273,1597,0.0,0.0
2024-08-27 15:05:00-04:00,13.600000381469727,13.600000381469727,13.600000381469727,13.600000381469727,325,0.0,0.0
2024-08-27 15:10:00-04:00,13.649999618530273,13.649999618530273,13.539999961853027,13.539999961853027,628,0.0,0.0
2024-08-27 15:15:00-04:00,13.600000381469727,13.609999656677246,13.600000381469727,13.609999656677246,1580,0.0,0.0
2024-08-27 15:20:00-04:00,13.648200035095215,13.648200035095215,13.648200035095215,13.648200035095215,252,0.0,0.0
2024-08-27 15:25:00-04:00,13.592900276184082,13.592900276184082,13.592900276184082,13.592900276184082,1492,0.0,0.0
2024-08-27 15:30:00-04:00,13.59000015258789,13.619999885559082,13.5600004196167,13.619999885559082,1836,0.0,0.0
2024-08-27 15:40:00-04:00,13.640000343322754,13.640000343322754,13.56190013885498,13.569999694824219,2931,0.0,0.0
2024-08-27 15:45:00-04:00,13.59000015258789,13.600000381469727,13.5649995803833,13.5649995803833,3165,0.0,0.0
2024-08-27 15:50:00-04:00,13.529999732971191,13.649900436401367,13.529999732971191,13.649900436401367,4617,0.0,0.0
2024-08-27 15:55:00-04:00,13.649999618530273,13.75,13.630000114440918,13.75,24820,0.0,0.0
2024-08-28 09:30:00-04:00,13.75,13.800000190734863,13.539999961853027,13.550000190734863,19997,0.0,0.0
2024-08-28 09:35:00-04:00,13.569999694824219,13.569999694824219,13.552000045776367,13.552000045776367,1384,0.0,0.0
2024-08-28 09:45:00-04:00,13.609999656677246,13.609999656677246,13.34000015258789,13.34000015258789,2488,0.0,0.0
2024-08-28 09:50:00-04:00,13.595499992370605,13.595499992370605,13.595499992370605,13.595499992370605,350,0.0,0.0
2024-08-28 09:55:00-04:00,13.625,13.625,13.625,13.625,1265,0.0,0.0
2024-08-28 10:00:00-04:00,13.5,13.5,13.5,13.5,1080,0.0,0.0
2024-08-28 10:10:00-04:00,13.75,13.75,13.75,13.75,1490,0.0,0.0
2024-08-28 10:15:00-04:00,13.779999732971191,13.890000343322754,13.779999732971191,13.869999885559082,7413,0.0,0.0
2024-08-28 10:20:00-04:00,13.859999656677246,13.859999656677246,13.859999656677246,13.859999656677246,1007,0.0,0.0
2024-08-28 10:25:00-04:00,13.770000457763672,13.770000457763672,13.755000114440918,13.755000114440918,618,0.0,0.0
2024-08-28 10:35:00-04:00,13.727999687194824,13.869999885559082,13.727999687194824,13.869999885559082,1065,0.0,0.0
2024-08-28 10:40:00-04:00,13.718299865722656,13.718299865722656,13.600000381469727,13.600000381469727,447,0.0,0.0
2024-08-28 10:45:00-04:00,13.739999771118164,13.739999771118164,13.739999771118164,13.739999771118164,438,0.0,0.0
2024-08-28 10:50:00-04:00,13.624699592590332,13.662199974060059,13.510000228881836,13.539999961853027,8756,0.0,0.0
2024-08-28 10:55:00-04:00,13.520000457763672,13.539999961853027,13.520000457763672,13.539999961853027,1026,0.0,0.0
2024-08-28 11:05:00-04:00,13.350000381469727,13.489999771118164,13.350000381469727,13.425000190734863,3185,0.0,0.0
2024-08-28 11:10:00-04:00,13.359999656677246,13.389300346374512,13.324999809265137,13.389300346374512,4769,0.0,0.0
2024-08-28 11:20:00-04:00,13.319999694824219,13.319999694824219,13.199999809265137,13.25,4039,0.0,0.0
2024-08-28 11:25:00-04:00,13.199999809265137,13.279999732971191,13.199999809265137,13.260000228881836,3285,0.0,0.0
2024-08-28 11:30:00-04:00,13.260000228881836,13.260000228881836,13.260000228881836,13.260000228881836,963,0.0,0.0
2024-08-28 11:45:00-04:00,13.369999885559082,13.369999885559082,13.260000228881836,13.306099891662598,2242,0.0,0.0
2024-08-28 11:50:00-04:00,13.359999656677246,13.4399995803833,13.329999923706055,13.4399995803833,696,0.0,0.0
2024-08-28 11:55:00-04:00,13.34000015258789,13.350000381469727,13.34000015258789,13.350000381469727,489,0.0,0.0
2024-08-28 12:00:00-04:00,13.3100004196167,13.399999618530273,13.3100004196167,13.399999618530273,821,0.0,0.0
2024-08-28 12:05:00-04:00,13.399999618530273,13.399999618530273,13.399999618530273,13.399999618530273,466,0.0,0.0
2024-08-28 12:15:00-04:00,13.335000038146973,13.335000038146973,13.335000038146973,13.335000038146973,1137,0.0,0.0
2024-08-28 12:20:00-04:00,13.239999771118164,13.239999771118164,13.079999923706055,13.079999923706055,4363,0.0,0.0
2024-08-28 12:25:00-04:00,13.100000381469727,13.100000381469727,13.100000381469727,13.100000381469727,343,0.0,0.0
2024-08-28 12:30:00-04:00,13.139800071716309,13.139800071716309,13.0600004196167,13.0600004196167,3702,0.0,0.0
2024-08-28 12:35:00-04:00,13.015000343322754,13.04990005493164,12.949999809265137,13.04990005493164,2423,0.0,0.0
2024-08-28 12:40:00-04:00,13.050000190734863,13.050000190734863,12.970000267028809,12.970000267028809,2074,0.0,0.0
2024-08-28 12:45:00-04:00,13.020000457763672,13.020000457763672,13.020000457763672,13.020000457763672,229,0.0,0.0
2024-08-28 12:50:00-04:00,13.050000190734863,13.100000381469727,13.045000076293945,13.045000076293945,14429,0.0,0.0
2024-08-28 12:55:00-04:00,12.979999542236328,13.0,12.979999542236328,13.0,3060,0.0,0.0
2024-08-28 13:00:00-04:00,12.970000267028809,12.970000267028809,12.970000267028809,12.970000267028809,1270,0.0,0.0
2024-08-28 13:10:00-04:00,13.079999923706055,13.15999984741211,13.079999923706055,13.130000114440918,3187,0.0,0.0
2024-08-28 13:15:00-04:00,13.180000305175781,13.180000305175781,13.180000305175781,13.180000305175781,468,0.0,0.0
2024-08-28 13:20:00-04:00,13.020000457763672,13.020000457763672,13.020000457763672,13.020000457763672,689,0.0,0.0
2024-08-28 13:25:00-04:00,13.085000038146973,13.085000038146973,13.085000038146973,13.085000038146973,904,0.0,0.0
2024-08-28 13:30:00-04:00,13.045000076293945,13.045000076293945,12.954700469970703,12.954700469970703,474,0.0,0.0
2024-08-28 13:35:00-04:00,13.128700256347656,13.128700256347656,13.039999961853027,13.113100051879883,2416,0.0,0.0
2024-08-28 13:45:00-04:00,12.95740032196045,13.020000457763672,12.880000114440918,12.880000114440918,4303,0.0,0.0
2024-08-28 13:50:00-04:00,12.9399995803833,12.9399995803833,12.9399995803833,12.9399995803833,2479,0.0,0.0
2024-08-28 13:55:00-04:00,13.029999732971191,13.069999694824219,13.029999732971191,13.069999694824219,4797,0.0,0.0
2024-08-28 14:05:00-04:00,12.930000305175781,12.930000305175781,12.930000305175781,12.930000305175781,200,0.0,0.0
2024-08-28 14:10:00-04:00,12.930000305175781,13.09000015258789,12.930000305175781,13.09000015258789,843,0.0,0.0
2024-08-28 14:15:00-04:00,13.07859992980957,13.07859992980957,13.07859992980957,13.07859992980957,843,0.0,0.0
2024-08-28 14:20:00-04:00,13.100000381469727,13.100000381469727,13.100000381469727,13.100000381469727,666,0.0,0.0
2024-08-28 14:25:00-04:00,13.100000381469727,13.1899995803833,13.100000381469727,13.1899995803833,531,0.0,0.0
2024-08-28 14:35:00-04:00,13.213000297546387,13.213000297546387,13.213000297546387,13.213000297546387,536,0.0,0.0
2024-08-28 14:40:00-04:00,13.151300430297852,13.151300430297852,13.151300430297852,13.151300430297852,468,0.0,0.0
2024-08-28 14:45:00-04:00,13.199999809265137,13.199999809265137,13.150099754333496,13.150099754333496,1228,0.0,0.0
2024-08-28 14:50:00-04:00,13.25,13.260000228881836,13.25,13.260000228881836,420,0.0,0.0
2024-08-28 14:55:00-04:00,13.274999618530273,13.274999618530273,13.274999618530273,13.274999618530273,1808,0.0,0.0
2024-08-28 15:00:00-04:00,13.3100004196167,13.3100004196167,13.3100004196167,13.3100004196167,222,0.0,0.0
2024-08-28 15:05:00-04:00,13.3100004196167,13.3100004196167,13.219900131225586,13.219900131225586,4119,0.0,0.0
2024-08-28 15:10:00-04:00,13.210000038146973,13.210000038146973,13.210000038146973,13.210000038146973,135,0.0,0.0
2024-08-28 15:15:00-04:00,13.129899978637695,13.129899978637695,13.129899978637695,13.129899978637695,1219,0.0,0.0
2024-08-28 15:20:00-04:00,13.199899673461914,13.199999809265137,13.079999923706055,13.079999923706055,1625,0.0,0.0
2024-08-28 15:25:00-04:00,13.030099868774414,13.050000190734863,13.029999732971191,13.029999732971191,692,0.0,0.0
2024-08-28 15:30:00-04:00,13.180000305175781,13.180000305175781,13.119999885559082,13.119999885559082,696,0.0,0.0
2024-08-28 15:35:00-04:00,13.079999923706055,13.09000015258789,13.079999923706055,13.079999923706055,1689,0.0,0.0
2024-08-28 15:40:00-04:00,13.130000114440918,13.170000076293945,13.109999656677246,13.109999656677246,1051,0.0,0.0
2024-08-28 15:45:00-04:00,13.050000190734863,13.169899940490723,13.050000190734863,13.0600004196167,5506,0.0,0.0
2024-08-28 15:50:00-04:00,13.119999885559082,13.119999885559082,13.100000381469727,13.100000381469727,1717,0.0,0.0
2024-08-28 15:55:00-04:00,13.077699661254883,13.170000076293945,13.069999694824219,13.100099563598633,6809,0.0,0.0
2024-08-29 09:30:00-04:00,13.229999542236328,13.4399995803833,13.229999542236328,13.4399995803833,8159,0.0,0.0
2024-08-29 09:35:00-04:00,13.229999542236328,13.279999732971191,13.229999542236328,13.279999732971191,943,0.0,0.0
2024-08-29 09:40:00-04:00,13.295900344848633,13.295900344848633,13.210000038146973,13.210000038146973,351,0.0,0.0
2024-08-29 09:45:00-04:00,13.210000038146973,13.46500015258789,13.210000038146973,13.46500015258789,3210,0.0,0.0
2024-08-29 09:50:00-04:00,13.520000457763672,13.520000457763672,13.520000457763672,13.520000457763672,644,0.0,0.0
2024-08-29 09:55:00-04:00,13.5,13.699999809265137,13.5,13.694999694824219,7846,0.0,0.0
2024-08-29 10:00:00-04:00,13.729999542236328,13.789999961853027,13.488699913024902,13.585000038146973,18318,0.0,0.0
2024-08-29 10:05:00-04:00,13.535400390625,13.535400390625,13.535400390625,13.535400390625,601,0.0,0.0
2024-08-29 10:10:00-04:00,13.460000038146973,13.460000038146973,13.3100004196167,13.3100004196167,2395,0.0,0.0
2024-08-29 10:15:00-04:00,13.260000228881836,13.260000228881836,13.15999984741211,13.15999984741211,5488,0.0,0.0
2024-08-29 10:20:00-04:00,13.270000457763672,13.270000457763672,13.270000457763672,13.270000457763672,244,0.0,0.0
2024-08-29 10:30:00-04:00,13.420000076293945,13.460000038146973,13.289999961853027,13.289999961853027,1175,0.0,0.0
2024-08-29 10:40:00-04:00,13.359999656677246,13.399999618530273,13.300000190734863,13.399999618530273,940,0.0,0.0
2024-08-29 10:45:00-04:00,13.279999732971191,13.364999771118164,13.279999732971191,13.364999771118164,471,0.0,0.0
2024-08-29 10:55:00-04:00,13.279999732971191,13.29990005493164,13.279999732971191,13.29990005493164,1705,0.0,0.0
2024-08-29 11:05:00-04:00,13.246399879455566,13.25,13.246399879455566,13.25,562,0.0,0.0
2024-08-29 11:10:00-04:00,13.300000190734863,13.300000190734863,13.300000190734863,13.300000190734863,854,0.0,0.0
2024-08-29 11:30:00-04:00,13.380000114440918,13.390000343322754,13.300000190734863,13.300000190734863,3442,0.0,0.0
2024-08-29 11:35:00-04:00,13.260000228881836,13.307299613952637,13.260000228881836,13.307299613952637,415,0.0,0.0
2024-08-29 11:40:00-04:00,13.319999694824219,13.319999694824219,13.319999694824219,13.319999694824219,1739,0.0,0.0
2024-08-29 11:55:00-04:00,13.470000267028809,13.5,13.470000267028809,13.5,1136,0.0,0.0
2024-08-29 12:00:00-04:00,13.420000076293945,13.5,13.420000076293945,13.5,927,0.0,0.0
2024-08-29 12:05:00-04:00,13.420000076293945,13.420000076293945,13.420000076293945,13.420000076293945,280,0.0,0.0
2024-08-29 12:10:00-04:00,13.430000305175781,13.430000305175781,13.430000305175781,13.430000305175781,363,0.0,0.0
2024-08-29 12:15:00-04:00,13.4399995803833,13.54990005493164,13.4399995803833,13.548500061035156,1710,0.0,0.0
2024-08-29 12:30:00-04:00,13.40999984741211,13.430000305175781,13.369999885559082,13.369999885559082,5617,0.0,0.0
2024-08-29 12:35:00-04:00,13.479999542236328,13.479999542236328,13.479999542236328,13.479999542236328,226,0.0,0.0
2024-08-29 12:40:00-04:00,13.430000305175781,13.430000305175781,13.390000343322754,13.390000343322754,875,0.0,0.0
2024-08-29 12:45:00-04:00,13.4350004196167,13.4350004196167,13.4350004196167,13.4350004196167,762,0.0,0.0
2024-08-29 12:50:00-04:00,13.380000114440918,13.380000114440918,13.371500015258789,13.371500015258789,845,0.0,0.0
2024-08-29 12:55:00-04:00,13.479999542236328,13.479999542236328,13.470000267028809,13.470000267028809,1427,0.0,0.0
2024-08-29 13:00:00-04:00,13.420000076293945,13.460000038146973,13.369999885559082,13.460000038146973,451,0.0,0.0
2024-08-29 13:05:00-04:00,13.399999618530273,13.399999618530273,13.390000343322754,13.390000343322754,756,0.0,0.0
2024-08-29 13:15:00-04:00,13.380000114440918,13.380000114440918,13.380000114440918,13.380000114440918,497,0.0,0.0
2024-08-29 13:25:00-04:00,13.399999618530273,13.399999618530273,13.399999618530273,13.399999618530273,262,0.0,0.0
2024-08-29 13:30:00-04:00,13.380000114440918,13.380000114440918,13.380000114440918,13.380000114440918,195,0.0,0.0
2024-08-29 13:35:00-04:00,13.4350004196167,13.4350004196167,13.4350004196167,13.4350004196167,1798,0.0,0.0
2024-08-29 13:40:00-04:00,13.4399995803833,13.4399995803833,13.4399995803833,13.4399995803833,630,0.0,0.0
2024-08-29 13:50:00-04:00,13.425000190734863,13.425000190734863,13.425000190734863,13.425000190734863,789,0.0,0.0
2024-08-29 13:55:00-04:00,13.380000114440918,13.380000114440918,13.380000114440918,13.380000114440918,507,0.0,0.0
2024-08-29 14:00:00-04:00,13.487199783325195,13.487199783325195,13.399999618530273,13.399999618530273,343,0.0,0.0
2024-08-29 14:05:00-04:00,13.390000343322754,13.390000343322754,13.390000343322754,13.390000343322754,962,0.0,0.0
2024-08-29 14:20:00-04:00,13.444999694824219,13.444999694824219,13.399999618530273,13.399999618530273,426,0.0,0.0
2024-08-29 14:25:00-04:00,13.399999618530273,13.460000038146973,13.329999923706055,13.388699531555176,2686,0.0,0.0
2024-08-29 14:30:00-04:00,13.380000114440918,13.380000114440918,13.369999885559082,13.369999885559082,333,0.0,0.0
2024-08-29 14:35:00-04:00,13.425000190734863,13.425000190734863,13.34000015258789,13.380000114440918,2442,0.0,0.0
2024-08-29 14:40:00-04:00,13.420000076293945,13.420000076293945,13.359999656677246,13.40999984741211,1340,0.0,0.0
2024-08-29 14:45:00-04:00,13.367600440979004,13.470000267028809,13.367600440979004,13.399999618530273,5512,0.0,0.0
2024-08-29 14:50:00-04:00,13.399999618530273,13.399999618530273,13.310199737548828,13.310199737548828,2558,0.0,0.0
2024-08-29 14:55:00-04:00,13.476200103759766,13.489999771118164,13.390999794006348,13.489999771118164,5429,0.0,0.0
2024-08-29 15:00:00-04:00,13.479999542236328,13.489999771118164,13.479999542236328,13.489999771118164,1272,0.0,0.0
2024-08-29 15:05:00-04:00,13.479999542236328,13.550000190734863,13.479999542236328,13.524999618530273,3165,0.0,0.0
2024-08-29 15:10:00-04:00,13.539999961853027,13.539999961853027,13.53499984741211,13.53499984741211,2099,0.0,0.0
2024-08-29 15:15:00-04:00,13.59000015258789,13.59000015258789,13.59000015258789,13.59000015258789,4422,0.0,0.0
2024-08-29 15:25:00-04:00,13.619999885559082,13.619999885559082,13.609999656677246,13.614999771118164,801,0.0,0.0
2024-08-29 15:30:00-04:00,13.670000076293945,13.694999694824219,13.600000381469727,13.694999694824219,3707,0.0,0.0
2024-08-29 15:35:00-04:00,13.6899995803833,13.704999923706055,13.6899995803833,13.704999923706055,657,0.0,0.0
2024-08-29 15:40:00-04:00,13.699999809265137,13.710000038146973,13.699999809265137,13.710000038146973,1715,0.0,0.0
2024-08-29 15:45:00-04:00,13.710000038146973,13.760000228881836,13.649999618530273,13.699999809265137,12650,0.0,0.0
2024-08-29 15:50:00-04:00,13.739999771118164,13.755000114440918,13.640000343322754,13.75,8077,0.0,0.0
2024-08-29 15:55:00-04:00,13.710000038146973,13.859999656677246,13.70009994506836,13.819999694824219,31891,0.0,0.0
2024-08-30 09:30:00-04:00,14.0,14.149999618530273,13.904999732971191,14.079999923706055,20649,0.0,0.0
2024-08-30 09:35:00-04:00,13.979999542236328,14.0,13.600000381469727,13.9399995803833,8978,0.0,0.0
2024-08-30 09:40:00-04:00,13.979999542236328,14.034099578857422,13.916399955749512,13.979999542236328,1374,0.0,0.0
2024-08-30 09:45:00-04:00,13.875,14.050000190734863,13.875,14.050000190734863,4536,0.0,0.0
2024-08-30 09:50:00-04:00,14.100000381469727,14.289999961853027,14.093000411987305,14.149999618530273,4737,0.0,0.0
2024-08-30 09:55:00-04:00,14.21500015258789,14.21500015258789,14.21500015258789,14.21500015258789,1428,0.0,0.0
2024-08-30 10:00:00-04:00,14.289999961853027,14.289999961853027,14.25,14.25,2379,0.0,0.0
2024-08-30 10:05:00-04:00,14.249699592590332,14.479999542236328,14.199999809265137,14.479499816894531,13430,0.0,0.0
2024-08-30 10:10:00-04:00,14.470000267028809,14.599900245666504,14.399999618530273,14.586000442504883,12984,0.0,0.0
2024-08-30 10:15:00-04:00,14.44950008392334,14.44950008392334,14.279999732971191,14.279999732971191,4008,0.0,0.0
2024-08-30 10:20:00-04:00,14.40999984741211,14.59000015258789,14.310099601745605,14.310099601745605,7855,0.0,0.0
2024-08-30 10:25:00-04:00,14.470000267028809,14.470000267028809,14.470000267028809,14.470000267028809,2012,0.0,0.0
2024-08-30 10:30:00-04:00,14.569999694824219,14.619999885559082,14.569999694824219,14.599300384521484,4730,0.0,0.0
2024-08-30 10:35:00-04:00,14.589400291442871,14.589400291442871,14.520000457763672,14.520000457763672,2144,0.0,0.0
2024-08-30 10:40:00-04:00,14.630000114440918,14.6899995803833,14.630000114440918,14.6899995803833,2154,0.0,0.0
2024-08-30 10:45:00-04:00,14.569999694824219,14.630000114440918,14.529999732971191,14.630000114440918,3008,0.0,0.0
2024-08-30 10:50:00-04:00,14.59000015258789,14.699199676513672,14.510000228881836,14.689900398254395,4788,0.0,0.0
2024-08-30 10:55:00-04:00,14.631799697875977,14.670000076293945,14.609999656677246,14.670000076293945,1681,0.0,0.0
2024-08-30 11:00:00-04:00,14.529999732971191,14.640000343322754,14.529999732971191,14.614999771118164,11321,0.0,0.0
2024-08-30 11:05:00-04:00,14.600700378417969,14.699999809265137,14.529999732971191,14.619999885559082,3559,0.0,0.0
2024-08-30 11:10:00-04:00,14.619999885559082,14.619999885559082,14.619999885559082,14.619999885559082,116,0.0,0.0
2024-08-30 11:15:00-04:00,14.614999771118164,14.65999984741211,14.430000305175781,14.5600004196167,5220,0.0,0.0
2024-08-30 11:20:00-04:00,14.51200008392334,14.680000305175781,14.51200008392334,14.619999885559082,1660,0.0,0.0
2024-08-30 11:25:00-04:00,14.510000228881836,14.510000228881836,14.510000228881836,14.510000228881836,442,0.0,0.0
2024-08-30 11:30:00-04:00,14.569999694824219,14.649999618530273,14.510000228881836,14.649999618530273,3395,0.0,0.0
2024-08-30 11:35:00-04:00,14.550000190734863,14.550000190734863,14.550000190734863,14.550000190734863,440,0.0,0.0
2024-08-30 11:40:00-04:00,14.399999618530273,14.40999984741211,14.250100135803223,14.250100135803223,4924,0.0,0.0
2024-08-30 11:45:00-04:00,14.430000305175781,14.46500015258789,14.430000305175781,14.46500015258789,465,0.0,0.0
2024-08-30 11:50:00-04:00,14.359999656677246,14.359999656677246,14.220000267028809,14.220000267028809,3673,0.0,0.0
2024-08-30 11:55:00-04:00,14.180100440979004,14.295000076293945,14.180100440979004,14.295000076293945,1629,0.0,0.0
2024-08-30 12:00:00-04:00,14.369799613952637,14.399999618530273,14.180000305175781,14.37440013885498,1980,0.0,0.0
2024-08-30 12:05:00-04:00,14.390000343322754,14.390000343322754,14.390000343322754,14.390000343322754,125,0.0,0.0
2024-08-30 12:10:00-04:00,14.40999984741211,14.40999984741211,14.380000114440918,14.380000114440918,1097,0.0,0.0
2024-08-30 12:20:00-04:00,14.444499969482422,14.449999809265137,14.420000076293945,14.449999809265137,1727,0.0,0.0
2024-08-30 12:25:00-04:00,14.393799781799316,14.460000038146973,14.384099960327148,14.45989990234375,4249,0.0,0.0
2024-08-30 12:30:00-04:00,14.3100004196167,14.3100004196167,14.20009994506836,14.20009994506836,2000,0.0,0.0
2024-08-30 12:35:00-04:00,14.279999732971191,14.37559986114502,14.170000076293945,14.37559986114502,7433,0.0,0.0
2024-08-30 13:00:00-04:00,14.261500358581543,14.420000076293945,14.261500358581543,14.40999984741211,3258,0.0,0.0
2024-08-30 13:05:00-04:00,14.40999984741211,14.40999984741211,14.40999984741211,14.40999984741211,1381,0.0,0.0
2024-08-30 13:10:00-04:00,14.359999656677246,14.359999656677246,14.359999656677246,14.359999656677246,251,0.0,0.0
2024-08-30 13:15:00-04:00,14.354999542236328,14.354999542236328,14.354999542236328,14.354999542236328,363,0.0,0.0
2024-08-30 13:20:00-04:00,14.3149995803833,14.3149995803833,14.3149995803833,14.3149995803833,1569,0.0,0.0
2024-08-30 13:25:00-04:00,14.232099533081055,14.232099533081055,14.232099533081055,14.232099533081055,1217,0.0,0.0
2024-08-30 13:35:00-04:00,14.34000015258789,14.34000015258789,14.265000343322754,14.265000343322754,2322,0.0,0.0
2024-08-30 13:45:00-04:00,14.329999923706055,14.35219955444336,14.25,14.329999923706055,6055,0.0,0.0
2024-08-30 14:15:00-04:00,14.300999641418457,14.300999641418457,14.300999641418457,14.300999641418457,240,0.0,0.0
2024-08-30 14:20:00-04:00,14.322799682617188,14.420000076293945,14.322799682617188,14.40999984741211,2997,0.0,0.0
2024-08-30 14:25:00-04:00,14.449999809265137,14.5,14.449999809265137,14.460000038146973,2102,0.0,0.0
2024-08-30 14:30:00-04:00,14.380000114440918,14.390000343322754,14.380000114440918,14.380000114440918,3115,0.0,0.0
2024-08-30 14:35:00-04:00,14.364999771118164,14.430000305175781,14.364999771118164,14.430000305175781,737,0.0,0.0
2024-08-30 14:40:00-04:00,14.523300170898438,14.523300170898438,14.523300170898438,14.523300170898438,128,0.0,0.0
2024-08-30 14:45:00-04:00,14.459400177001953,14.459400177001953,14.459400177001953,14.459400177001953,772,0.0,0.0
2024-08-30 14:50:00-04:00,14.519200325012207,14.519200325012207,14.519200325012207,14.519200325012207,282,0.0,0.0
2024-08-30 14:55:00-04:00,14.475000381469727,14.475000381469727,14.475000381469727,14.475000381469727,233,0.0,0.0
2024-08-30 15:00:00-04:00,14.520000457763672,14.520000457763672,14.520000457763672,14.520000457763672,520,0.0,0.0
2024-08-30 15:05:00-04:00,14.520000457763672,14.520000457763672,14.350000381469727,14.410900115966797,6082,0.0,0.0
2024-08-30 15:10:00-04:00,14.380000114440918,14.442999839782715,14.3100004196167,14.3100004196167,1906,0.0,0.0
2024-08-30 15:15:00-04:00,14.34000015258789,14.449999809265137,14.34000015258789,14.430000305175781,3868,0.0,0.0
2024-08-30 15:20:00-04:00,14.380000114440918,14.420000076293945,14.380000114440918,14.400699615478516,1099,0.0,0.0
2024-08-30 15:25:00-04:00,14.479999542236328,14.479999542236328,14.40999984741211,14.4399995803833,1342,0.0,0.0
2024-08-30 15:30:00-04:00,14.420000076293945,14.460000038146973,14.40999984741211,14.460000038146973,1718,0.0,0.0
2024-08-30 15:35:00-04:00,14.40999984741211,14.470000267028809,14.40999984741211,14.460000038146973,2832,0.0,0.0
2024-08-30 15:40:00-04:00,14.460000038146973,14.5,14.460000038146973,14.46500015258789,1753,0.0,0.0
2024-08-30 15:45:00-04:00,14.489999771118164,14.510000228881836,14.410599708557129,14.410599708557129,3571,0.0,0.0
2024-08-30 15:50:00-04:00,14.460000038146973,14.510000228881836,14.430000305175781,14.5,8753,0.0,0.0
2024-08-30 15:55:00-04:00,14.470000267028809,14.59000015258789,14.470000267028809,14.569999694824219,9892,0.0,0.0
2024-09-03 09:30:00-04:00,14.479999542236328,14.5,14.020000457763672,14.260000228881836,17976,0.0,0.0
2024-09-03 09:35:00-04:00,14.327099800109863,14.5,14.079999923706055,14.236000061035156,12526,0.0,0.0
2024-09-03 09:40:00-04:00,14.210000038146973,14.210000038146973,13.899999618530273,14.050800323486328,11444,0.0,0.0
2024-09-03 09:45:00-04:00,13.9399995803833,14.109999656677246,13.9399995803833,14.020000457763672,9420,0.0,0.0
2024-09-03 09:50:00-04:00,14.010000228881836,14.079999923706055,13.676300048828125,13.676300048828125,21068,0.0,0.0
2024-09-03 09:55:00-04:00,13.984999656677246,14.079999923706055,13.770000457763672,14.079999923706055,5277,0.0,0.0
2024-09-03 10:00:00-04:00,14.041799545288086,14.161499977111816,13.739999771118164,13.8100004196167,11793,0.0,0.0
2024-09-03 10:05:00-04:00,13.715399742126465,13.8100004196167,13.40999984741211,13.720000267028809,26178,0.0,0.0
2024-09-03 10:10:00-04:00,13.6899995803833,13.880000114440918,13.619999885559082,13.720000267028809,9711,0.0,0.0
2024-09-03 10:15:00-04:00,13.675000190734863,13.75,13.619999885559082,13.739999771118164,7998,0.0,0.0
2024-09-03 10:20:00-04:00,13.744999885559082,13.75,13.680000305175781,13.680000305175781,901,0.0,0.0
2024-09-03 10:25:00-04:00,13.720000267028809,13.859999656677246,13.680000305175781,13.859999656677246,1278,0.0,0.0
2024-09-03 10:30:00-04:00,13.770000457763672,13.979999542236328,13.770000457763672,13.960000038146973,3287,0.0,0.0
2024-09-03 10:35:00-04:00,13.845000267028809,13.845000267028809,13.845000267028809,13.845000267028809,917,0.0,0.0
2024-09-03 10:40:00-04:00,13.9399995803833,14.0600004196167,13.870400428771973,14.0600004196167,12288,0.0,0.0
2024-09-03 10:45:00-04:00,14.022100448608398,14.050000190734863,14.022100448608398,14.050000190734863,1237,0.0,0.0
2024-09-03 10:50:00-04:00,14.029999732971191,14.039999961853027,13.949999809265137,14.039999961853027,2775,0.0,0.0
2024-09-03 10:55:00-04:00,14.020000457763672,14.066800117492676,13.910099983215332,13.910099983215332,4005,0.0,0.0
2024-09-03 11:00:00-04:00,13.910099983215332,13.910099983215332,13.910099983215332,13.910099983215332,2890,0.0,0.0
2024-09-03 11:05:00-04:00,13.970100402832031,13.970100402832031,13.970100402832031,13.970100402832031,621,0.0,0.0
2024-09-03 11:10:00-04:00,14.085000038146973,14.149999618530273,14.0600004196167,14.0600004196167,2113,0.0,0.0
2024-09-03 11:20:00-04:00,14.199999809265137,14.199999809265137,14.199999809265137,14.199999809265137,799,0.0,0.0
2024-09-03 11:25:00-04:00,14.210000038146973,14.210000038146973,14.210000038146973,14.210000038146973,321,0.0,0.0
2024-09-03 11:30:00-04:00,14.270000457763672,14.279999732971191,14.270000457763672,14.279999732971191,1402,0.0,0.0
2024-09-03 11:35:00-04:00,14.180000305175781,14.25,14.140000343322754,14.244999885559082,1959,0.0,0.0
2024-09-03 11:40:00-04:00,14.140000343322754,14.140000343322754,14.069999694824219,14.069999694824219,1117,0.0,0.0
2024-09-03 12:05:00-04:00,14.0,14.0,14.0,14.0,1087,0.0,0.0
2024-09-03 12:10:00-04:00,13.930000305175781,13.930000305175781,13.910599708557129,13.910599708557129,1564,0.0,0.0
2024-09-03 12:15:00-04:00,13.789999961853027,13.960000038146973,13.789999961853027,13.960000038146973,4263,0.0,0.0
2024-09-03 12:20:00-04:00,13.914999961853027,14.010000228881836,13.850000381469727,13.880000114440918,2958,0.0,0.0
2024-09-03 12:25:00-04:00,13.979999542236328,13.979999542236328,13.979999542236328,13.979999542236328,198,0.0,0.0
2024-09-03 12:30:00-04:00,13.899999618530273,14.0,13.880000114440918,14.0,2768,0.0,0.0
2024-09-03 12:40:00-04:00,13.890000343322754,13.890000343322754,13.779999732971191,13.824999809265137,1567,0.0,0.0
2024-09-03 12:45:00-04:00,13.824999809265137,13.824999809265137,13.824999809265137,13.824999809265137,757,0.0,0.0
2024-09-03 12:50:00-04:00,13.824999809265137,13.835000038146973,13.824999809265137,13.835000038146973,386,0.0,0.0
2024-09-03 12:55:00-04:00,13.859999656677246,13.880000114440918,13.789999961853027,13.850000381469727,2647,0.0,0.0
2024-09-03 13:00:00-04:00,13.859999656677246,13.930000305175781,13.859999656677246,13.895000457763672,7819,0.0,0.0
2024-09-03 13:05:00-04:00,13.895099639892578,13.92710018157959,13.895099639892578,13.92710018157959,697,0.0,0.0
2024-09-03 13:10:00-04:00,13.925000190734863,13.930000305175781,13.829999923706055,13.930000305175781,2536,0.0,0.0
2024-09-03 13:15:00-04:00,13.939900398254395,13.939900398254395,13.845000267028809,13.845000267028809,637,0.0,0.0
2024-09-03 13:20:00-04:00,13.9399995803833,13.949899673461914,13.938699722290039,13.949899673461914,11410,0.0,0.0
2024-09-03 13:25:00-04:00,13.949999809265137,14.095000267028809,13.949999809265137,14.095000267028809,1195,0.0,0.0
2024-09-03 13:30:00-04:00,14.039999961853027,14.039999961853027,14.039999961853027,14.039999961853027,1419,0.0,0.0
2024-09-03 13:55:00-04:00,13.96500015258789,13.96500015258789,13.800000190734863,13.800000190734863,3879,0.0,0.0
2024-09-03 14:00:00-04:00,13.805399894714355,13.895000457763672,13.720000267028809,13.720000267028809,2586,0.0,0.0
2024-09-03 14:05:00-04:00,13.829999923706055,13.829999923706055,13.829999923706055,13.829999923706055,643,0.0,0.0
2024-09-03 14:10:00-04:00,13.84000015258789,13.84529972076416,13.829999923706055,13.84529972076416,722,0.0,0.0
2024-09-03 14:15:00-04:00,13.8149995803833,13.8149995803833,13.8149995803833,13.8149995803833,489,0.0,0.0
2024-09-03 14:20:00-04:00,13.819999694824219,13.819999694824219,13.819999694824219,13.819999694824219,879,0.0,0.0
2024-09-03 14:30:00-04:00,13.838299751281738,13.84000015258789,13.805000305175781,13.829999923706055,3129,0.0,0.0
2024-09-03 14:35:00-04:00,13.859999656677246,13.970000267028809,13.829999923706055,13.970000267028809,4323,0.0,0.0
2024-09-03 14:40:00-04:00,13.888999938964844,13.979999542236328,13.888999938964844,13.979999542236328,713,0.0,0.0
2024-09-03 14:45:00-04:00,13.869999885559082,13.869999885559082,13.869999885559082,13.869999885559082,616,0.0,0.0
2024-09-03 14:55:00-04:00,13.960000038146973,13.960000038146973,13.960000038146973,13.960000038146973,1480,0.0,0.0
2024-09-03 15:10:00-04:00,13.970000267028809,13.970000267028809,13.970000267028809,13.970000267028809,391,0.0,0.0
2024-09-03 15:15:00-04:00,14.024999618530273,14.089900016784668,14.007499694824219,14.089900016784668,1378,0.0,0.0
2024-09-03 15:20:00-04:00,14.0625,14.0625,14.0625,14.0625,368,0.0,0.0
2024-09-03 15:25:00-04:00,14.140000343322754,14.140000343322754,13.890000343322754,13.989999771118164,8567,0.0,0.0
2024-09-03 15:30:00-04:00,13.970000267028809,13.970000267028809,13.970000267028809,13.970000267028809,318,0.0,0.0
2024-09-03 15:35:00-04:00,13.859999656677246,13.859999656677246,13.79990005493164,13.84000015258789,2274,0.0,0.0
2024-09-03 15:40:00-04:00,13.859999656677246,13.869999885559082,13.75,13.774999618530273,3521,0.0,0.0
2024-09-03 15:45:00-04:00,13.789999961853027,13.8100004196167,13.75,13.779999732971191,5518,0.0,0.0
2024-09-03 15:50:00-04:00,13.789999961853027,13.829999923706055,13.779999732971191,13.800000190734863,6200,0.0,0.0
2024-09-03 15:55:00-04:00,13.760000228881836,13.789999961853027,13.649999618530273,13.779999732971191,22706,0.0,0.0
2024-09-04 09:30:00-04:00,13.670000076293945,13.670000076293945,13.300000190734863,13.399999618530273,9294,0.0,0.0
2024-09-04 09:35:00-04:00,13.390000343322754,13.550000190734863,13.390000343322754,13.40999984741211,1880,0.0,0.0
2024-09-04 09:40:00-04:00,13.539999961853027,13.539999961853027,13.539999961853027,13.539999961853027,1475,0.0,0.0
2024-09-04 09:45:00-04:00,13.684100151062012,13.789999961853027,13.684100151062012,13.789999961853027,3510,0.0,0.0
2024-09-04 09:50:00-04:00,13.789999961853027,13.789999961853027,13.71500015258789,13.71500015258789,5426,0.0,0.0
2024-09-04 09:55:00-04:00,13.789999961853027,13.899999618530273,13.789999961853027,13.8100004196167,3381,0.0,0.0
2024-09-04 10:00:00-04:00,13.720000267028809,13.739999771118164,13.579999923706055,13.649999618530273,4368,0.0,0.0
2024-09-04 10:05:00-04:00,13.600000381469727,13.930000305175781,13.600000381469727,13.930000305175781,1526,0.0,0.0
2024-09-04 10:10:00-04:00,14.100000381469727,14.100000381469727,14.100000381469727,14.100000381469727,498,0.0,0.0
2024-09-04 10:15:00-04:00,14.09000015258789,14.09000015258789,14.09000015258789,14.09000015258789,3765,0.0,0.0
2024-09-04 10:30:00-04:00,14.25,14.300000190734863,14.25,14.293999671936035,5028,0.0,0.0
2024-09-04 10:35:00-04:00,14.399200439453125,14.449999809265137,14.350000381469727,14.399999618530273,2038,0.0,0.0
2024-09-04 10:40:00-04:00,14.329999923706055,14.40999984741211,14.319999694824219,14.40999984741211,2008,0.0,0.0
2024-09-04 10:45:00-04:00,14.34000015258789,14.40999984741211,14.3100004196167,14.3100004196167,3895,0.0,0.0
2024-09-04 10:50:00-04:00,14.385000228881836,14.385000228881836,14.385000228881836,14.385000228881836,685,0.0,0.0
2024-09-04 10:55:00-04:00,14.449999809265137,14.59000015258789,14.449999809265137,14.510000228881836,8093,0.0,0.0
2024-09-04 11:00:00-04:00,14.524999618530273,14.600000381469727,14.42140007019043,14.42140007019043,5167,0.0,0.0
2024-09-04 11:10:00-04:00,14.470000267028809,14.494999885559082,14.470000267028809,14.489999771118164,5692,0.0,0.0
2024-09-04 11:15:00-04:00,14.5600004196167,14.645000457763672,14.479999542236328,14.645000457763672,10971,0.0,0.0
2024-09-04 11:20:00-04:00,14.539999961853027,14.649999618530273,14.539999961853027,14.649999618530273,879,0.0,0.0
2024-09-04 11:25:00-04:00,14.529999732971191,14.529999732971191,14.470000267028809,14.529999732971191,2474,0.0,0.0
2024-09-04 11:30:00-04:00,14.572099685668945,14.600000381469727,14.572099685668945,14.579999923706055,1654,0.0,0.0
2024-09-04 11:35:00-04:00,14.579999923706055,14.604999542236328,14.520000457763672,14.524999618530273,3946,0.0,0.0
2024-09-04 11:40:00-04:00,14.600000381469727,14.649999618530273,14.463899612426758,14.463899612426758,16703,0.0,0.0
2024-09-04 11:50:00-04:00,14.470000267028809,14.562199592590332,14.470000267028809,14.562199592590332,527,0.0,0.0
2024-09-04 11:55:00-04:00,14.739999771118164,14.760000228881836,14.5,14.510000228881836,18718,0.0,0.0
2024-09-04 12:00:00-04:00,14.569999694824219,14.699999809265137,14.529999732971191,14.529999732971191,1724,0.0,0.0
2024-09-04 12:05:00-04:00,14.579299926757812,14.614999771118164,14.579299926757812,14.614999771118164,1232,0.0,0.0
2024-09-04 12:10:00-04:00,14.699999809265137,14.739999771118164,14.5600004196167,14.739999771118164,6098,0.0,0.0
2024-09-04 12:15:00-04:00,14.630000114440918,14.75,14.630000114440918,14.75,1340,0.0,0.0
2024-09-04 12:20:00-04:00,14.871500015258789,14.880000114440918,14.829999923706055,14.829999923706055,2851,0.0,0.0
2024-09-04 12:25:00-04:00,14.864999771118164,14.904999732971191,14.819999694824219,14.904999732971191,5676,0.0,0.0
2024-09-04 12:30:00-04:00,14.895000457763672,14.930000305175781,14.720000267028809,14.883299827575684,9571,0.0,0.0
2024-09-04 12:35:00-04:00,14.899999618530273,14.9399995803833,14.899999618530273,14.930000305175781,2823,0.0,0.0
2024-09-04 12:40:00-04:00,14.920000076293945,14.9350004196167,14.920000076293945,14.932700157165527,1419,0.0,0.0
2024-09-04 12:45:00-04:00,14.949999809265137,14.970000267028809,14.9350004196167,14.960000038146973,2578,0.0,0.0
2024-09-04 12:50:00-04:00,15.0,15.199999809265137,15.0,15.199999809265137,23681,0.0,0.0
2024-09-04 12:55:00-04:00,15.1899995803833,15.225000381469727,15.127099990844727,15.127099990844727,4254,0.0,0.0
2024-09-04 13:00:00-04:00,15.146200180053711,15.180000305175781,15.109999656677246,15.180000305175781,1595,0.0,0.0
2024-09-04 13:05:00-04:00,15.199999809265137,15.229999542236328,15.170000076293945,15.170000076293945,962,0.0,0.0
2024-09-04 13:10:00-04:00,15.109999656677246,15.154999732971191,15.069999694824219,15.095000267028809,2910,0.0,0.0
2024-09-04 13:15:00-04:00,15.039999961853027,15.149999618530273,14.989999771118164,15.130499839782715,13441,0.0,0.0
2024-09-04 13:20:00-04:00,15.199999809265137,15.249899864196777,15.039999961853027,15.218999862670898,3102,0.0,0.0
2024-09-04 13:25:00-04:00,15.164999961853027,15.164999961853027,15.121299743652344,15.121299743652344,666,0.0,0.0
2024-09-04 13:30:00-04:00,15.125,15.125,15.125,15.125,120,0.0,0.0
2024-09-04 13:35:00-04:00,15.125,15.199999809265137,15.125,15.164999961853027,2070,0.0,0.0
2024-09-04 13:40:00-04:00,15.225000381469727,15.286600112915039,15.180000305175781,15.204999923706055,5548,0.0,0.0
2024-09-04 13:45:00-04:00,15.204999923706055,15.225000381469727,15.180000305175781,15.225000381469727,1786,0.0,0.0
2024-09-04 13:50:00-04:00,15.170000076293945,15.244999885559082,15.170000076293945,15.170000076293945,1547,0.0,0.0
2024-09-04 13:55:00-04:00,15.229999542236328,15.229999542236328,15.229999542236328,15.229999542236328,349,0.0,0.0
2024-09-04 14:00:00-04:00,15.199999809265137,15.199999809265137,15.199999809265137,15.199999809265137,3121,0.0,0.0
2024-09-04 14:05:00-04:00,15.220000267028809,15.25,15.220000267028809,15.25,1230,0.0,0.0
2024-09-04 14:10:00-04:00,15.170000076293945,15.204999923706055,15.119999885559082,15.154999732971191,3841,0.0,0.0
2024-09-04 14:15:00-04:00,15.199999809265137,15.260000228881836,15.170000076293945,15.225000381469727,3357,0.0,0.0
2024-09-04 14:20:00-04:00,15.199999809265137,15.289999961853027,15.199999809265137,15.289999961853027,4240,0.0,0.0
2024-09-04 14:25:00-04:00,15.279999732971191,15.28499984741211,15.240900039672852,15.28499984741211,3344,0.0,0.0
2024-09-04 14:30:00-04:00,15.260000228881836,15.329999923706055,15.260000228881836,15.321999549865723,3351,0.0,0.0
2024-09-04 14:35:00-04:00,15.34000015258789,15.350000381469727,15.270000457763672,15.270000457763672,1369,0.0,0.0
2024-09-04 14:50:00-04:00,15.239999771118164,15.24120044708252,15.239999771118164,15.24120044708252,1351,0.0,0.0
2024-09-04 14:55:00-04:00,15.250100135803223,15.305000305175781,15.234999656677246,15.305000305175781,6024,0.0,0.0
2024-09-04 15:00:00-04:00,15.260000228881836,15.260000228881836,15.180000305175781,15.260000228881836,1668,0.0,0.0
2024-09-04 15:05:00-04:00,15.260000228881836,15.300000190734863,15.260000228881836,15.300000190734863,621,0.0,0.0
2024-09-04 15:10:00-04:00,15.289999961853027,15.319999694824219,15.260000228881836,15.260000228881836,4190,0.0,0.0
2024-09-04 15:15:00-04:00,15.295000076293945,15.305000305175781,15.260000228881836,15.260000228881836,5153,0.0,0.0
2024-09-04 15:20:00-04:00,15.305000305175781,15.305000305175781,15.270000457763672,15.270000457763672,1084,0.0,0.0
2024-09-04 15:25:00-04:00,15.3100004196167,15.3100004196167,15.220000267028809,15.234999656677246,4521,0.0,0.0
2024-09-04 15:30:00-04:00,15.260000228881836,15.319999694824219,15.187100410461426,15.210000038146973,6310,0.0,0.0
2024-09-04 15:35:00-04:00,15.204999923706055,15.234999656677246,15.204999923706055,15.234999656677246,1283,0.0,0.0
2024-09-04 15:40:00-04:00,15.241100311279297,15.260000228881836,15.149999618530273,15.164999961853027,6367,0.0,0.0
2024-09-04 15:45:00-04:00,15.149999618530273,15.175000190734863,15.0600004196167,15.112099647521973,8707,0.0,0.0
2024-09-04 15:50:00-04:00,15.16100025177002,15.220000267028809,15.130000114440918,15.130000114440918,3282,0.0,0.0
2024-09-04 15:55:00-04:00,15.1141996383667,15.270000457763672,15.1141996383667,15.220000267028809,14561,0.0,0.0
2024-09-05 09:30:00-04:00,15.399999618530273,15.399999618530273,15.0,15.0600004196167,18240,0.0,0.0
2024-09-05 09:35:00-04:00,15.369999885559082,15.420000076293945,15.09000015258789,15.420000076293945,2947,0.0,0.0
2024-09-05 09:40:00-04:00,15.359999656677246,15.414999961853027,15.136099815368652,15.136099815368652,4230,0.0,0.0
2024-09-05 09:45:00-04:00,15.079999923706055,15.274999618530273,15.079999923706055,15.210000038146973,1038,0.0,0.0
2024-09-05 09:50:00-04:00,15.210000038146973,15.231900215148926,15.210000038146973,15.231900215148926,2286,0.0,0.0
2024-09-05 10:00:00-04:00,15.439900398254395,15.4399995803833,15.385000228881836,15.4399995803833,2040,0.0,0.0
2024-09-05 10:05:00-04:00,15.347100257873535,15.539999961853027,15.347100257873535,15.470000267028809,4987,0.0,0.0
2024-09-05 10:10:00-04:00,15.520000457763672,15.609999656677246,15.1899995803833,15.1899995803833,4351,0.0,0.0
2024-09-05 10:15:00-04:00,15.220000267028809,15.232399940490723,15.0,15.059900283813477,5157,0.0,0.0
2024-09-05 10:20:00-04:00,15.100000381469727,15.40999984741211,15.100000381469727,15.40999984741211,3969,0.0,0.0
2024-09-05 10:25:00-04:00,15.350000381469727,15.359999656677246,15.300000190734863,15.300000190734863,955,0.0,0.0
2024-09-05 10:30:00-04:00,15.229999542236328,15.369999885559082,15.229999542236328,15.3100004196167,5283,0.0,0.0
2024-09-05 10:35:00-04:00,15.319999694824219,15.319999694824219,15.100000381469727,15.130000114440918,9877,0.0,0.0
2024-09-05 10:40:00-04:00,15.010000228881836,15.039999961853027,14.850000381469727,15.039999961853027,9032,0.0,0.0
2024-09-05 10:45:00-04:00,14.920000076293945,15.050000190734863,14.880000114440918,14.951899528503418,5427,0.0,0.0
2024-09-05 10:50:00-04:00,15.0,15.0,14.970000267028809,14.970000267028809,826,0.0,0.0
2024-09-05 10:55:00-04:00,15.09000015258789,15.109999656677246,15.029999732971191,15.039999961853027,1266,0.0,0.0
2024-09-05 11:00:00-04:00,15.024999618530273,15.024999618530273,15.020999908447266,15.020999908447266,573,0.0,0.0
2024-09-05 11:05:00-04:00,15.025699615478516,15.100000381469727,15.025699615478516,15.100000381469727,3150,0.0,0.0
2024-09-05 11:10:00-04:00,15.054200172424316,15.054200172424316,15.054200172424316,15.054200172424316,1866,0.0,0.0
2024-09-05 11:15:00-04:00,15.0,15.0,15.0,15.0,684,0.0,0.0
2024-09-05 11:20:00-04:00,14.960000038146973,14.960000038146973,14.960000038146973,14.960000038146973,105,0.0,0.0
2024-09-05 11:25:00-04:00,15.024999618530273,15.029899597167969,14.949999809265137,14.984999656677246,3487,0.0,0.0
2024-09-05 11:30:00-04:00,15.0600004196167,15.0600004196167,15.0600004196167,15.0600004196167,1137,0.0,0.0
2024-09-05 11:35:00-04:00,14.9399995803833,14.9399995803833,14.9399995803833,14.9399995803833,330,0.0,0.0
2024-09-05 11:40:00-04:00,14.90999984741211,14.9399995803833,14.8149995803833,14.859999656677246,5775,0.0,0.0
2024-09-05 11:55:00-04:00,14.853699684143066,14.853699684143066,14.853699684143066,14.853699684143066,1913,0.0,0.0
2024-09-05 12:00:00-04:00,14.930000305175781,14.979999542236328,14.930000305175781,14.979999542236328,627,0.0,0.0
2024-09-05 12:05:00-04:00,15.0,15.010000228881836,14.979999542236328,14.979999542236328,825,0.0,0.0
2024-09-05 12:10:00-04:00,14.979999542236328,14.979999542236328,14.979999542236328,14.979999542236328,1166,0.0,0.0
2024-09-05 12:20:00-04:00,15.020000457763672,15.020000457763672,15.020000457763672,15.020000457763672,526,0.0,0.0
2024-09-05 12:25:00-04:00,15.079999923706055,15.140000343322754,15.079999923706055,15.140000343322754,2719,0.0,0.0
2024-09-05 12:30:00-04:00,15.064000129699707,15.079999923706055,15.064000129699707,15.079999923706055,1072,0.0,0.0
2024-09-05 12:35:00-04:00,15.130000114440918,15.130000114440918,15.079999923706055,15.09000015258789,1420,0.0,0.0
2024-09-05 12:40:00-04:00,15.100000381469727,15.103300094604492,15.010100364685059,15.103300094604492,1178,0.0,0.0
2024-09-05 12:45:00-04:00,15.055000305175781,15.09000015258789,15.010000228881836,15.010000228881836,3395,0.0,0.0
2024-09-05 12:50:00-04:00,14.970000267028809,15.020000457763672,14.970000267028809,15.020000457763672,1414,0.0,0.0
2024-09-05 12:55:00-04:00,15.0600004196167,15.0600004196167,15.0600004196167,15.0600004196167,808,0.0,0.0
2024-09-05 13:05:00-04:00,14.949999809265137,14.979999542236328,14.9350004196167,14.9350004196167,1553,0.0,0.0
2024-09-05 13:15:00-04:00,14.90999984741211,14.90999984741211,14.90999984741211,14.90999984741211,687,0.0,0.0
2024-09-05 13:20:00-04:00,14.949999809265137,14.949999809265137,14.949999809265137,14.949999809265137,972,0.0,0.0
2024-09-05 13:25:00-04:00,14.875,14.909000396728516,14.875,14.909000396728516,630,0.0,0.0
2024-09-05 13:30:00-04:00,14.74530029296875,14.74530029296875,14.74530029296875,14.74530029296875,818,0.0,0.0
2024-09-05 13:35:00-04:00,14.805000305175781,14.811599731445312,14.708600044250488,14.8100004196167,2629,0.0,0.0
2024-09-05 13:40:00-04:00,14.930000305175781,14.930000305175781,14.930000305175781,14.930000305175781,299,0.0,0.0
2024-09-05 13:45:00-04:00,14.970000267028809,14.979999542236328,14.949999809265137,14.979999542236328,1479,0.0,0.0
2024-09-05 13:55:00-04:00,15.005000114440918,15.005000114440918,15.0,15.0,4287,0.0,0.0
2024-09-05 14:00:00-04:00,15.09000015258789,15.09000015258789,15.020000457763672,15.020000457763672,1105,0.0,0.0
2024-09-05 14:05:00-04:00,14.930000305175781,14.960000038146973,14.920000076293945,14.920000076293945,1115,0.0,0.0
2024-09-05 14:10:00-04:00,14.920000076293945,14.930000305175781,14.920000076293945,14.930000305175781,620,0.0,0.0
2024-09-05 14:25:00-04:00,14.890000343322754,14.890000343322754,14.890000343322754,14.890000343322754,961,0.0,0.0
2024-09-05 14:30:00-04:00,14.84000015258789,14.84000015258789,14.84000015258789,14.84000015258789,321,0.0,0.0
2024-09-05 14:35:00-04:00,14.829999923706055,14.829999923706055,14.829999923706055,14.829999923706055,261,0.0,0.0
2024-09-05 14:45:00-04:00,14.869999885559082,14.880000114440918,14.869999885559082,14.880000114440918,642,0.0,0.0
2024-09-05 14:50:00-04:00,14.899999618530273,14.90999984741211,14.848999977111816,14.90999984741211,2201,0.0,0.0
2024-09-05 14:55:00-04:00,14.789999961853027,14.789999961853027,14.789999961853027,14.789999961853027,308,0.0,0.0
2024-09-05 15:00:00-04:00,14.755000114440918,14.755000114440918,14.699999809265137,14.710000038146973,3596,0.0,0.0
2024-09-05 15:05:00-04:00,14.6899995803833,14.779999732971191,14.6899995803833,14.779999732971191,1639,0.0,0.0
2024-09-05 15:10:00-04:00,14.766300201416016,14.798500061035156,14.729999542236328,14.729999542236328,2255,0.0,0.0
2024-09-05 15:15:00-04:00,14.774999618530273,14.829999923706055,14.720000267028809,14.829999923706055,763,0.0,0.0
2024-09-05 15:20:00-04:00,14.84000015258789,14.84000015258789,14.739999771118164,14.810099601745605,9553,0.0,0.0
2024-09-05 15:25:00-04:00,14.859999656677246,15.010000228881836,14.859999656677246,15.010000228881836,4534,0.0,0.0
2024-09-05 15:30:00-04:00,15.050000190734863,15.09000015258789,14.961799621582031,14.961799621582031,1735,0.0,0.0
2024-09-05 15:35:00-04:00,14.899999618530273,14.90999984741211,14.875,14.875,2302,0.0,0.0
2024-09-05 15:40:00-04:00,14.864999771118164,14.979999542236328,14.829999923706055,14.979999542236328,4744,0.0,0.0
2024-09-05 15:45:00-04:00,14.869999885559082,14.979999542236328,14.869999885559082,14.979999542236328,1425,0.0,0.0
2024-09-05 15:50:00-04:00,14.869999885559082,14.979999542236328,14.869999885559082,14.979999542236328,1276,0.0,0.0
2024-09-05 15:55:00-04:00,14.979999542236328,14.979999542236328,14.845000267028809,14.90999984741211,13831,0.0,0.0
2024-09-06 09:30:00-04:00,15.020000457763672,15.100000381469727,14.904999732971191,14.904999732971191,7342,0.0,0.0
2024-09-06 09:35:00-04:00,15.069999694824219,15.100000381469727,14.984999656677246,14.984999656677246,1561,0.0,0.0
2024-09-06 09:40:00-04:00,14.984999656677246,15.199999809265137,14.869999885559082,15.1850004196167,13096,0.0,0.0
2024-09-06 09:45:00-04:00,15.229999542236328,15.274999618530273,15.229999542236328,15.270000457763672,3096,0.0,0.0
2024-09-06 09:50:00-04:00,15.438300132751465,15.438300132751465,15.109999656677246,15.109999656677246,2904,0.0,0.0
2024-09-06 10:00:00-04:00,15.149999618530273,15.359999656677246,15.109999656677246,15.217300415039062,1408,0.0,0.0
2024-09-06 10:05:00-04:00,15.199999809265137,15.199999809265137,15.020000457763672,15.020000457763672,1175,0.0,0.0
2024-09-06 10:10:00-04:00,14.800100326538086,14.984999656677246,14.800100326538086,14.984999656677246,1185,0.0,0.0
2024-09-06 10:20:00-04:00,14.975000381469727,15.0,14.75,15.0,3068,0.0,0.0
2024-09-06 10:30:00-04:00,14.895000457763672,14.895000457763672,14.640000343322754,14.649999618530273,4347,0.0,0.0
2024-09-06 10:35:00-04:00,14.670000076293945,14.890000343322754,14.649999618530273,14.770000457763672,2394,0.0,0.0
2024-09-06 10:40:00-04:00,14.765000343322754,14.789999961853027,14.69849967956543,14.789999961853027,5876,0.0,0.0
2024-09-06 10:45:00-04:00,14.890000343322754,14.9399995803833,14.748800277709961,14.829999923706055,1633,0.0,0.0
2024-09-06 10:50:00-04:00,14.803099632263184,14.803099632263184,14.803099632263184,14.803099632263184,1522,0.0,0.0
2024-09-06 10:55:00-04:00,14.6899995803833,14.6899995803833,14.6899995803833,14.6899995803833,319,0.0,0.0
2024-09-06 11:00:00-04:00,15.039999961853027,15.119999885559082,15.039999961853027,15.119999885559082,641,0.0,0.0
2024-09-06 11:05:00-04:00,15.140000343322754,15.140000343322754,14.949999809265137,15.020000457763672,2803,0.0,0.0
2024-09-06 11:20:00-04:00,14.75,14.829999923706055,14.75,14.78499984741211,3800,0.0,0.0
2024-09-06 11:25:00-04:00,14.699999809265137,14.699999809265137,14.699999809265137,14.699999809265137,829,0.0,0.0
2024-09-06 11:30:00-04:00,14.5600004196167,14.8100004196167,14.5600004196167,14.697999954223633,2567,0.0,0.0
2024-09-06 11:35:00-04:00,14.609999656677246,14.619999885559082,14.609999656677246,14.619999885559082,448,0.0,0.0
2024-09-06 11:40:00-04:00,14.664999961853027,14.699999809265137,14.5,14.699999809265137,4553,0.0,0.0
2024-09-06 11:50:00-04:00,14.704999923706055,14.704999923706055,14.704999923706055,14.704999923706055,202,0.0,0.0
2024-09-06 11:55:00-04:00,14.604999542236328,14.604999542236328,14.449999809265137,14.53499984741211,4679,0.0,0.0
2024-09-06 12:00:00-04:00,14.579999923706055,14.579999923706055,14.520000457763672,14.520000457763672,450,0.0,0.0
2024-09-06 12:05:00-04:00,14.510000228881836,14.510000228881836,14.510000228881836,14.510000228881836,620,0.0,0.0
2024-09-06 12:10:00-04:00,14.489999771118164,14.489999771118164,14.411600112915039,14.411600112915039,1582,0.0,0.0
2024-09-06 12:15:00-04:00,14.521599769592285,14.521599769592285,14.521599769592285,14.521599769592285,943,0.0,0.0
2024-09-06 12:20:00-04:00,14.524999618530273,14.524999618530273,14.524999618530273,14.524999618530273,301,0.0,0.0
2024-09-06 12:25:00-04:00,14.369999885559082,14.4399995803833,14.366299629211426,14.4399995803833,1536,0.0,0.0
2024-09-06 12:30:00-04:00,14.454000473022461,14.520000457763672,14.399999618530273,14.520000457763672,1574,0.0,0.0
2024-09-06 12:35:00-04:00,14.430000305175781,14.449999809265137,14.430000305175781,14.4399995803833,810,0.0,0.0
2024-09-06 12:40:00-04:00,14.494000434875488,14.494000434875488,14.456199645996094,14.456199645996094,947,0.0,0.0
2024-09-06 12:50:00-04:00,14.359000205993652,14.4399995803833,14.359000205993652,14.4399995803833,826,0.0,0.0
2024-09-06 12:55:00-04:00,14.470000267028809,14.470000267028809,14.470000267028809,14.470000267028809,947,0.0,0.0
2024-09-06 13:05:00-04:00,14.479999542236328,14.479999542236328,14.479999542236328,14.479999542236328,388,0.0,0.0
2024-09-06 13:10:00-04:00,14.5600004196167,14.5600004196167,14.399999618530273,14.520000457763672,4352,0.0,0.0
2024-09-06 13:20:00-04:00,14.489999771118164,14.489999771118164,14.489999771118164,14.489999771118164,1229,0.0,0.0
2024-09-06 13:25:00-04:00,14.550000190734863,14.550000190734863,14.550000190734863,14.550000190734863,449,0.0,0.0
2024-09-06 13:35:00-04:00,14.5,14.5,14.407999992370605,14.407999992370605,975,0.0,0.0
2024-09-06 13:45:00-04:00,14.579999923706055,14.579999923706055,14.479999542236328,14.479999542236328,625,0.0,0.0
2024-09-06 13:55:00-04:00,14.420000076293945,14.420000076293945,14.420000076293945,14.420000076293945,521,0.0,0.0
2024-09-06 14:00:00-04:00,14.369999885559082,14.380000114440918,14.300000190734863,14.319999694824219,3057,0.0,0.0
2024-09-06 14:05:00-04:00,14.350000381469727,14.350000381469727,14.34000015258789,14.34000015258789,629,0.0,0.0
2024-09-06 14:15:00-04:00,14.329999923706055,14.329999923706055,14.229999542236328,14.305000305175781,1675,0.0,0.0
2024-09-06 14:20:00-04:00,14.346699714660645,14.346699714660645,14.324999809265137,14.324999809265137,772,0.0,0.0
2024-09-06 14:30:00-04:00,14.329999923706055,14.350000381469727,14.274999618530273,14.350000381469727,1657,0.0,0.0
2024-09-06 14:35:00-04:00,14.304900169372559,14.399999618530273,14.304900169372559,14.399999618530273,617,0.0,0.0
2024-09-06 14:45:00-04:00,14.390000343322754,14.399999618530273,14.390000343322754,14.399999618530273,447,0.0,0.0
2024-09-06 14:50:00-04:00,14.4399995803833,14.4399995803833,14.4399995803833,14.4399995803833,452,0.0,0.0
2024-09-06 14:55:00-04:00,14.420000076293945,14.420000076293945,14.350000381469727,14.350000381469727,951,0.0,0.0
2024-09-06 15:00:00-04:00,14.36929988861084,14.390000343322754,14.348999977111816,14.348999977111816,1091,0.0,0.0
2024-09-06 15:05:00-04:00,14.4399995803833,14.460000038146973,14.4399995803833,14.460000038146973,767,0.0,0.0
2024-09-06 15:15:00-04:00,14.479999542236328,14.539999961853027,14.460000038146973,14.53499984741211,3284,0.0,0.0
2024-09-06 15:20:00-04:00,14.539999961853027,14.545000076293945,14.470000267028809,14.470000267028809,2227,0.0,0.0
2024-09-06 15:25:00-04:00,14.510000228881836,14.510000228881836,14.460000038146973,14.460000038146973,1758,0.0,0.0
2024-09-06 15:30:00-04:00,14.40999984741211,14.40999984741211,14.329999923706055,14.329999923706055,1851,0.0,0.0
2024-09-06 15:35:00-04:00,14.395000457763672,14.395000457763672,14.34000015258789,14.369999885559082,2425,0.0,0.0
2024-09-06 15:45:00-04:00,14.399999618530273,14.4350004196167,14.399999618530273,14.4350004196167,1023,0.0,0.0
2024-09-06 15:50:00-04:00,14.449999809265137,14.449999809265137,14.359999656677246,14.40999984741211,3503,0.0,0.0
2024-09-06 15:55:00-04:00,14.375,14.40999984741211,14.3100004196167,14.390000343322754,10411,0.0,0.0
2024-09-09 09:30:00-04:00,14.619999885559082,14.619999885559082,14.229999542236328,14.53499984741211,20661,0.0,0.0
2024-09-09 09:35:00-04:00,14.353099822998047,14.359999656677246,14.34000015258789,14.34000015258789,569,0.0,0.0
2024-09-09 09:40:00-04:00,14.369999885559082,14.430000305175781,14.210000038146973,14.210000038146973,3811,0.0,0.0
2024-09-09 09:45:00-04:00,14.239999771118164,14.319999694824219,14.239999771118164,14.279999732971191,637,0.0,0.0
2024-09-09 09:50:00-04:00,14.319999694824219,14.454999923706055,14.239999771118164,14.454999923706055,9094,0.0,0.0
2024-09-09 09:55:00-04:00,14.375,14.420000076293945,14.369999885559082,14.369999885559082,3367,0.0,0.0
2024-09-09 10:00:00-04:00,14.494999885559082,14.609999656677246,14.494999885559082,14.510000228881836,0,0.0,0.0
2024-09-09 10:05:00-04:00,14.603500366210938,14.675000190734863,14.603500366210938,14.675000190734863,3837,0.0,0.0
2024-09-09 10:10:00-04:00,14.6899995803833,14.779999732971191,14.670000076293945,14.720000267028809,6353,0.0,0.0
2024-09-09 10:15:00-04:00,14.694999694824219,14.694999694824219,14.694999694824219,14.694999694824219,519,0.0,0.0
2024-09-09 10:20:00-04:00,14.600000381469727,15.0,14.600000381469727,14.789999961853027,14919,0.0,0.0
2024-09-09 10:25:00-04:00,14.890000343322754,14.949999809265137,14.776399612426758,14.776399612426758,4365,0.0,0.0
2024-09-09 10:30:00-04:00,14.710000038146973,14.819999694824219,14.59000015258789,14.819999694824219,7329,0.0,0.0
2024-09-09 10:40:00-04:00,14.739999771118164,14.739999771118164,14.520000457763672,14.53499984741211,2294,0.0,0.0
2024-09-09 10:45:00-04:00,14.449999809265137,14.520000457763672,14.449999809265137,14.520000457763672,2108,0.0,0.0
2024-09-09 10:55:00-04:00,14.523699760437012,14.59000015258789,14.51159954071045,14.51159954071045,1604,0.0,0.0
2024-09-09 11:00:00-04:00,14.515000343322754,14.521900177001953,14.510000228881836,14.521900177001953,924,0.0,0.0
2024-09-09 11:10:00-04:00,14.512900352478027,14.512900352478027,14.512900352478027,14.512900352478027,751,0.0,0.0
2024-09-09 11:15:00-04:00,14.505000114440918,14.520000457763672,14.460000038146973,14.460000038146973,2526,0.0,0.0
2024-09-09 11:20:00-04:00,14.460000038146973,14.524999618530273,14.460000038146973,14.524999618530273,666,0.0,0.0
2024-09-09 11:25:00-04:00,14.500699996948242,14.500699996948242,14.500699996948242,14.500699996948242,368,0.0,0.0
2024-09-09 11:30:00-04:00,14.520000457763672,14.520000457763672,14.520000457763672,14.520000457763672,134,0.0,0.0
2024-09-09 11:35:00-04:00,14.630000114440918,14.760000228881836,14.630000114440918,14.760000228881836,830,0.0,0.0
2024-09-09 11:40:00-04:00,14.625,14.625,14.625,14.625,965,0.0,0.0
2024-09-09 11:45:00-04:00,14.75,14.75,14.664999961853027,14.664999961853027,2708,0.0,0.0
2024-09-09 11:50:00-04:00,14.723999977111816,14.723999977111816,14.723999977111816,14.723999977111816,140,0.0,0.0
2024-09-09 11:55:00-04:00,14.674500465393066,14.770000457763672,14.674500465393066,14.75,1759,0.0,0.0
2024-09-09 12:00:00-04:00,14.755000114440918,14.755000114440918,14.755000114440918,14.755000114440918,1148,0.0,0.0
2024-09-09 12:05:00-04:00,14.78499984741211,14.78499984741211,14.78499984741211,14.78499984741211,603,0.0,0.0
2024-09-09 12:10:00-04:00,14.772600173950195,14.850000381469727,14.772600173950195,14.819999694824219,4272,0.0,0.0
2024-09-09 12:15:00-04:00,14.8100004196167,14.8100004196167,14.80210018157959,14.80210018157959,1530,0.0,0.0
2024-09-09 12:20:00-04:00,14.789999961853027,14.795000076293945,14.789999961853027,14.795000076293945,630,0.0,0.0
2024-09-09 12:25:00-04:00,14.850000381469727,14.850000381469727,14.850000381469727,14.850000381469727,495,0.0,0.0
2024-09-09 12:30:00-04:00,14.930000305175781,14.930000305175781,14.869999885559082,14.869999885559082,342,0.0,0.0
2024-09-09 12:35:00-04:00,14.939900398254395,14.939900398254395,14.73009967803955,14.73009967803955,2808,0.0,0.0
2024-09-09 12:40:00-04:00,14.84000015258789,14.84000015258789,14.84000015258789,14.84000015258789,559,0.0,0.0
2024-09-09 12:50:00-04:00,14.75,14.75,14.75,14.75,148,0.0,0.0
2024-09-09 12:55:00-04:00,14.864999771118164,14.864999771118164,14.864999771118164,14.864999771118164,106,0.0,0.0
2024-09-09 13:00:00-04:00,14.835000038146973,14.835000038146973,14.835000038146973,14.835000038146973,510,0.0,0.0
2024-09-09 13:05:00-04:00,14.880000114440918,14.880000114440918,14.824000358581543,14.824000358581543,937,0.0,0.0
2024-09-09 13:10:00-04:00,14.888899803161621,14.888899803161621,14.835000038146973,14.87720012664795,720,0.0,0.0
2024-09-09 13:15:00-04:00,14.869999885559082,14.899999618530273,14.869999885559082,14.880000114440918,2190,0.0,0.0
2024-09-09 13:20:00-04:00,14.930000305175781,14.930000305175781,14.880000114440918,14.890000343322754,739,0.0,0.0
2024-09-09 13:25:00-04:00,14.770099639892578,14.845000267028809,14.760000228881836,14.845000267028809,1873,0.0,0.0
2024-09-09 13:30:00-04:00,14.845000267028809,14.845000267028809,14.845000267028809,14.845000267028809,210,0.0,0.0
2024-09-09 13:35:00-04:00,14.845000267028809,14.845000267028809,14.845000267028809,14.845000267028809,426,0.0,0.0
2024-09-09 13:40:00-04:00,14.824999809265137,14.849900245666504,14.824999809265137,14.849900245666504,3475,0.0,0.0
2024-09-09 13:45:00-04:00,14.845000267028809,14.845000267028809,14.8100004196167,14.8100004196167,1054,0.0,0.0
2024-09-09 13:50:00-04:00,14.791899681091309,14.829999923706055,14.791899681091309,14.829999923706055,876,0.0,0.0
2024-09-09 13:55:00-04:00,14.760000228881836,14.84000015258789,14.729999542236328,14.84000015258789,11202,0.0,0.0
2024-09-09 14:00:00-04:00,14.850000381469727,14.850000381469727,14.850000381469727,14.850000381469727,104,0.0,0.0
2024-09-09 14:05:00-04:00,14.824999809265137,14.824999809265137,14.824999809265137,14.824999809265137,460,0.0,0.0
2024-09-09 14:10:00-04:00,14.859999656677246,14.869999885559082,14.859999656677246,14.869999885559082,1056,0.0,0.0
2024-09-09 14:15:00-04:00,14.899999618530273,14.930000305175781,14.899999618530273,14.930000305175781,921,0.0,0.0
2024-09-09 14:20:00-04:00,14.960000038146973,15.140000343322754,14.960000038146973,15.140000343322754,5958,0.0,0.0
2024-09-09 14:30:00-04:00,15.10200023651123,15.10200023651123,15.10200023651123,15.10200023651123,277,0.0,0.0
2024-09-09 14:35:00-04:00,15.140000343322754,15.15999984741211,15.095000267028809,15.095000267028809,4101,0.0,0.0
2024-09-09 14:40:00-04:00,15.104999542236328,15.130000114440918,15.104999542236328,15.130000114440918,1635,0.0,0.0
2024-09-09 14:45:00-04:00,15.145000457763672,15.145000457763672,15.145000457763672,15.145000457763672,191,0.0,0.0
2024-09-09 14:50:00-04:00,15.145000457763672,15.145000457763672,15.145000457763672,15.145000457763672,1029,0.0,0.0
2024-09-09 15:05:00-04:00,15.15999984741211,15.15999984741211,15.149999618530273,15.15999984741211,1451,0.0,0.0
2024-09-09 15:10:00-04:00,15.180000305175781,15.180000305175781,15.180000305175781,15.180000305175781,541,0.0,0.0
2024-09-09 15:15:00-04:00,15.229999542236328,15.319999694824219,15.229999542236328,15.300000190734863,6500,0.0,0.0
2024-09-09 15:20:00-04:00,15.264800071716309,15.289999961853027,15.264800071716309,15.289999961853027,6088,0.0,0.0
2024-09-09 15:25:00-04:00,15.253199577331543,15.34000015258789,15.253199577331543,15.34000015258789,4973,0.0,0.0
2024-09-09 15:30:00-04:00,15.359999656677246,15.369999885559082,15.3100004196167,15.343999862670898,3136,0.0,0.0
2024-09-09 15:35:00-04:00,15.350000381469727,15.359999656677246,15.270000457763672,15.270000457763672,2609,0.0,0.0
2024-09-09 15:40:00-04:00,15.3100004196167,15.3149995803833,15.3100004196167,15.3149995803833,511,0.0,0.0
2024-09-09 15:45:00-04:00,15.3149995803833,15.449899673461914,15.279999732971191,15.449899673461914,6139,0.0,0.0
2024-09-09 15:50:00-04:00,15.449999809265137,15.555000305175781,15.449999809265137,15.489999771118164,24972,0.0,0.0
2024-09-09 15:55:00-04:00,15.454999923706055,15.5600004196167,15.40999984741211,15.5600004196167,16775,0.0,0.0
2024-09-10 09:30:00-04:00,15.5600004196167,15.75,15.5,15.649999618530273,14804,0.0,0.0
2024-09-10 09:35:00-04:00,15.5600004196167,15.569999694824219,15.295000076293945,15.295000076293945,2500,0.0,0.0
2024-09-10 09:40:00-04:00,15.289999961853027,15.289999961853027,15.255000114440918,15.260000228881836,2756,0.0,0.0
2024-09-10 09:45:00-04:00,15.350000381469727,15.350000381469727,15.350000381469727,15.350000381469727,102,0.0,0.0
2024-09-10 09:50:00-04:00,15.430000305175781,15.59000015258789,15.430000305175781,15.489999771118164,3149,0.0,0.0
2024-09-10 09:55:00-04:00,15.550000190734863,15.675000190734863,15.550000190734863,15.675000190734863,3767,0.0,0.0
2024-09-10 10:00:00-04:00,15.649999618530273,15.649999618530273,15.550000190734863,15.550000190734863,1708,0.0,0.0
2024-09-10 10:05:00-04:00,15.444999694824219,15.444999694824219,15.34000015258789,15.348600387573242,2511,0.0,0.0
2024-09-10 10:10:00-04:00,15.34000015258789,15.34000015258789,15.15999984741211,15.15999984741211,4348,0.0,0.0
2024-09-10 10:15:00-04:00,15.279999732971191,15.354000091552734,15.21500015258789,15.260000228881836,1997,0.0,0.0
2024-09-10 10:20:00-04:00,15.3100004196167,15.3100004196167,15.170000076293945,15.170000076293945,676,0.0,0.0
2024-09-10 10:25:00-04:00,15.20199966430664,15.329999923706055,15.140000343322754,15.329999923706055,4606,0.0,0.0
2024-09-10 10:30:00-04:00,15.37399959564209,15.37399959564209,15.300000190734863,15.300000190734863,983,0.0,0.0
2024-09-10 10:35:00-04:00,15.199999809265137,15.369999885559082,15.140000343322754,15.335000038146973,2718,0.0,0.0
2024-09-10 10:40:00-04:00,15.430000305175781,15.430000305175781,15.199999809265137,15.220000267028809,2772,0.0,0.0
2024-09-10 10:50:00-04:00,15.300000190734863,15.300000190734863,15.300000190734863,15.300000190734863,450,0.0,0.0
2024-09-10 10:55:00-04:00,15.319999694824219,15.369999885559082,15.295000076293945,15.325400352478027,954,0.0,0.0
2024-09-10 11:00:00-04:00,15.329999923706055,15.399999618530273,15.329999923706055,15.399999618530273,1761,0.0,0.0
2024-09-10 11:05:00-04:00,15.329999923706055,15.420000076293945,15.300000190734863,15.359999656677246,2723,0.0,0.0
2024-09-10 11:10:00-04:00,15.354999542236328,15.354999542236328,15.354999542236328,15.354999542236328,596,0.0,0.0
2024-09-10 11:25:00-04:00,15.295000076293945,15.5,15.295000076293945,15.484999656677246,1614,0.0,0.0
2024-09-10 11:30:00-04:00,15.40999984741211,15.5600004196167,15.40999984741211,15.517200469970703,1701,0.0,0.0
2024-09-10 11:35:00-04:00,15.5,15.5,15.399999618530273,15.399999618530273,362,0.0,0.0
2024-09-10 11:40:00-04:00,15.3100004196167,15.350000381469727,15.3100004196167,15.350000381469727,670,0.0,0.0
2024-09-10 11:45:00-04:00,15.3100004196167,15.3100004196167,15.300000190734863,15.300000190734863,605,0.0,0.0
2024-09-10 11:50:00-04:00,15.210000038146973,15.260000228881836,15.1899995803833,15.260000228881836,1850,0.0,0.0
2024-09-10 11:55:00-04:00,15.220000267028809,15.220000267028809,15.100000381469727,15.100000381469727,2070,0.0,0.0
2024-09-10 12:00:00-04:00,15.149999618530273,15.270000457763672,15.149999618530273,15.270000457763672,1164,0.0,0.0
2024-09-10 12:05:00-04:00,15.199999809265137,15.399999618530273,15.199999809265137,15.399999618530273,1241,0.0,0.0
2024-09-10 12:10:00-04:00,15.319999694824219,15.319999694824219,15.319999694824219,15.319999694824219,117,0.0,0.0
2024-09-10 12:15:00-04:00,15.37399959564209,15.37399959564209,15.37399959564209,15.37399959564209,1838,0.0,0.0
2024-09-10 12:20:00-04:00,15.479999542236328,15.479999542236328,15.479999542236328,15.479999542236328,205,0.0,0.0
2024-09-10 12:25:00-04:00,15.489999771118164,15.489999771118164,15.489999771118164,15.489999771118164,258,0.0,0.0
2024-09-10 12:30:00-04:00,15.550000190734863,15.630000114440918,15.550000190734863,15.630000114440918,2163,0.0,0.0
2024-09-10 12:35:00-04:00,15.649999618530273,15.719900131225586,15.649999618530273,15.699999809265137,984,0.0,0.0
2024-09-10 12:40:00-04:00,15.739999771118164,15.84000015258789,15.680000305175781,15.84000015258789,7358,0.0,0.0
2024-09-10 12:45:00-04:00,15.800000190734863,15.960000038146973,15.800000190734863,15.850000381469727,6387,0.0,0.0
2024-09-10 12:50:00-04:00,15.800000190734863,15.960000038146973,15.800000190734863,15.944999694824219,5864,0.0,0.0
2024-09-10 12:55:00-04:00,15.944999694824219,15.977700233459473,15.800000190734863,15.895000457763672,2343,0.0,0.0
2024-09-10 13:00:00-04:00,15.949999809265137,15.949999809265137,15.720000267028809,15.848899841308594,2819,0.0,0.0
2024-09-10 13:05:00-04:00,15.803999900817871,15.900500297546387,15.803999900817871,15.829999923706055,5348,0.0,0.0
2024-09-10 13:10:00-04:00,15.88659954071045,15.88659954071045,15.850000381469727,15.850000381469727,2291,0.0,0.0
2024-09-10 13:15:00-04:00,15.937999725341797,15.937999725341797,15.754400253295898,15.754400253295898,1696,0.0,0.0
2024-09-10 13:20:00-04:00,15.800000190734863,15.800000190734863,15.579999923706055,15.720000267028809,14459,0.0,0.0
2024-09-10 13:25:00-04:00,15.767499923706055,15.767499923706055,15.680000305175781,15.680000305175781,917,0.0,0.0
2024-09-10 13:30:00-04:00,15.770000457763672,15.770000457763672,15.770000457763672,15.770000457763672,212,0.0,0.0
2024-09-10 13:35:00-04:00,15.729999542236328,15.729999542236328,15.729999542236328,15.729999542236328,407,0.0,0.0
2024-09-10 13:40:00-04:00,15.710000038146973,15.729999542236328,15.710000038146973,15.729999542236328,884,0.0,0.0
2024-09-10 13:50:00-04:00,15.729999542236328,15.729999542236328,15.729999542236328,15.729999542236328,841,0.0,0.0
2024-09-10 13:55:00-04:00,15.725000381469727,15.725000381469727,15.725000381469727,15.725000381469727,245,0.0,0.0
2024-09-10 14:00:00-04:00,15.800000190734863,15.84000015258789,15.800000190734863,15.819999694824219,1963,0.0,0.0
2024-09-10 14:05:00-04:00,15.785400390625,15.785400390625,15.785400390625,15.785400390625,338,0.0,0.0
2024-09-10 14:10:00-04:00,15.869999885559082,15.90999984741211,15.869999885559082,15.90999984741211,959,0.0,0.0
2024-09-10 14:20:00-04:00,15.914999961853027,15.979999542236328,15.914999961853027,15.954999923706055,3484,0.0,0.0
2024-09-10 14:25:00-04:00,15.9399995803833,15.960000038146973,15.904000282287598,15.904000282287598,3008,0.0,0.0
2024-09-10 14:30:00-04:00,15.895000457763672,15.949999809265137,15.850000381469727,15.949999809265137,2299,0.0,0.0
2024-09-10 14:35:00-04:00,15.899999618530273,15.899999618530273,15.850000381469727,15.850000381469727,1255,0.0,0.0
2024-09-10 14:40:00-04:00,15.800700187683105,15.800700187683105,15.800700187683105,15.800700187683105,810,0.0,0.0
2024-09-10 14:50:00-04:00,15.845000267028809,15.845000267028809,15.845000267028809,15.845000267028809,469,0.0,0.0
2024-09-10 14:55:00-04:00,15.850000381469727,15.850000381469727,15.848400115966797,15.850000381469727,768,0.0,0.0
2024-09-10 15:00:00-04:00,15.836000442504883,15.836000442504883,15.720000267028809,15.729999542236328,4643,0.0,0.0
2024-09-10 15:05:00-04:00,15.720000267028809,15.720000267028809,15.6899995803833,15.6899995803833,1531,0.0,0.0
2024-09-10 15:10:00-04:00,15.6899995803833,15.6899995803833,15.6899995803833,15.6899995803833,806,0.0,0.0
2024-09-10 15:15:00-04:00,15.664999961853027,15.664999961853027,15.630000114440918,15.630000114440918,420,0.0,0.0
2024-09-10 15:20:00-04:00,15.699999809265137,15.75,15.670000076293945,15.75,1740,0.0,0.0
2024-09-10 15:25:00-04:00,15.734999656677246,15.734999656677246,15.59000015258789,15.699999809265137,5337,0.0,0.0
2024-09-10 15:30:00-04:00,15.699999809265137,15.699999809265137,15.65999984741211,15.680000305175781,1675,0.0,0.0
2024-09-10 15:40:00-04:00,15.630000114440918,15.630000114440918,15.579999923706055,15.579999923706055,1061,0.0,0.0
2024-09-10 15:45:00-04:00,15.579999923706055,15.609999656677246,15.520000457763672,15.520000457763672,2748,0.0,0.0
2024-09-10 15:50:00-04:00,15.604999542236328,15.630000114440918,15.5600004196167,15.579999923706055,6855,0.0,0.0
2024-09-10 15:55:00-04:00,15.574999809265137,15.604999542236328,15.539999961853027,15.539999961853027,12667,0.0,0.0
2024-09-11 09:30:00-04:00,15.569999694824219,15.760000228881836,15.489999771118164,15.569999694824219,6991,0.0,0.0
2024-09-11 09:35:00-04:00,15.579999923706055,15.579999923706055,15.300000190734863,15.300000190734863,1352,0.0,0.0
2024-09-11 09:40:00-04:00,15.39210033416748,15.5600004196167,15.3100004196167,15.5600004196167,1994,0.0,0.0
2024-09-11 09:45:00-04:00,15.600000381469727,15.600000381469727,15.600000381469727,15.600000381469727,858,0.0,0.0
2024-09-11 09:50:00-04:00,15.430000305175781,15.479999542236328,15.25,15.479999542236328,10619,0.0,0.0
2024-09-11 09:55:00-04:00,15.300000190734863,15.40999984741211,15.300000190734863,15.40999984741211,1112,0.0,0.0
2024-09-11 10:00:00-04:00,15.380000114440918,15.430000305175781,15.300000190734863,15.430000305175781,1523,0.0,0.0
2024-09-11 10:05:00-04:00,15.335000038146973,15.335000038146973,15.180000305175781,15.180000305175781,3615,0.0,0.0
2024-09-11 10:10:00-04:00,15.180000305175781,15.389900207519531,15.140000343322754,15.389900207519531,1958,0.0,0.0
2024-09-11 10:15:00-04:00,15.130999565124512,15.164999961853027,15.0600004196167,15.100000381469727,815,0.0,0.0
2024-09-11 10:20:00-04:00,15.069999694824219,15.180000305175781,15.069999694824219,15.180000305175781,16697,0.0,0.0
2024-09-11 10:25:00-04:00,15.074999809265137,15.210000038146973,15.074999809265137,15.199999809265137,4296,0.0,0.0
2024-09-11 10:30:00-04:00,15.210000038146973,15.220000267028809,15.050000190734863,15.139200210571289,6831,0.0,0.0
2024-09-11 10:35:00-04:00,15.180000305175781,15.300000190734863,15.119999885559082,15.119999885559082,1620,0.0,0.0
2024-09-11 10:40:00-04:00,15.21500015258789,15.220000267028809,15.109999656677246,15.109999656677246,2050,0.0,0.0
2024-09-11 10:45:00-04:00,15.085000038146973,15.095000267028809,14.979999542236328,15.085000038146973,3223,0.0,0.0
2024-09-11 10:50:00-04:00,15.210000038146973,15.210000038146973,15.1899995803833,15.1899995803833,1787,0.0,0.0
2024-09-11 10:55:00-04:00,15.154999732971191,15.260000228881836,15.154999732971191,15.260000228881836,1745,0.0,0.0
2024-09-11 11:00:00-04:00,15.319999694824219,15.319999694824219,15.09000015258789,15.09000015258789,730,0.0,0.0
2024-09-11 11:05:00-04:00,15.319999694824219,15.319999694824219,15.319999694824219,15.319999694824219,1529,0.0,0.0
2024-09-11 11:10:00-04:00,15.390000343322754,15.390000343322754,15.390000343322754,15.390000343322754,405,0.0,0.0
2024-09-11 11:15:00-04:00,15.399999618530273,15.399999618530273,15.375,15.375,2270,0.0,0.0
2024-09-11 11:20:00-04:00,15.380000114440918,15.380000114440918,15.345000267028809,15.345000267028809,1441,0.0,0.0
2024-09-11 11:25:00-04:00,15.380000114440918,15.380000114440918,15.380000114440918,15.380000114440918,488,0.0,0.0
2024-09-11 11:30:00-04:00,15.460000038146973,15.460000038146973,15.460000038146973,15.460000038146973,500,0.0,0.0
2024-09-11 11:35:00-04:00,15.460000038146973,15.5,15.4399995803833,15.489899635314941,2015,0.0,0.0
2024-09-11 11:40:00-04:00,15.5600004196167,15.5600004196167,15.5600004196167,15.5600004196167,790,0.0,0.0
2024-09-11 11:45:00-04:00,15.529999732971191,15.630000114440918,15.529999732971191,15.599900245666504,2164,0.0,0.0
2024-09-11 11:50:00-04:00,15.600000381469727,15.699999809265137,15.5,15.649999618530273,3880,0.0,0.0
2024-09-11 11:55:00-04:00,15.65999984741211,15.739999771118164,15.65999984741211,15.694999694824219,3607,0.0,0.0
2024-09-11 12:00:00-04:00,15.729999542236328,15.949399948120117,15.729999542236328,15.869999885559082,6250,0.0,0.0
2024-09-11 12:05:00-04:00,15.989999771118164,16.0,15.989999771118164,16.0,2705,0.0,0.0
2024-09-11 12:10:00-04:00,16.0,16.079999923706055,15.975000381469727,16.079999923706055,3702,0.0,0.0
2024-09-11 12:15:00-04:00,16.100000381469727,16.170000076293945,16.094999313354492,16.110000610351562,3543,0.0,0.0
2024-09-11 12:20:00-04:00,16.08810043334961,16.149999618530273,16.020000457763672,16.104999542236328,3390,0.0,0.0
2024-09-11 12:25:00-04:00,16.104999542236328,16.179899215698242,16.099000930786133,16.149900436401367,1903,0.0,0.0
2024-09-11 12:30:00-04:00,16.149999618530273,16.149999618530273,16.1200008392334,16.1299991607666,1224,0.0,0.0
2024-09-11 12:35:00-04:00,16.1200008392334,16.18000030517578,16.046499252319336,16.155000686645508,5056,0.0,0.0
2024-09-11 12:40:00-04:00,16.290000915527344,16.299999237060547,16.209999084472656,16.280000686645508,5360,0.0,0.0
2024-09-11 12:45:00-04:00,16.280000686645508,16.34000015258789,16.149999618530273,16.149999618530273,3739,0.0,0.0
2024-09-11 12:50:00-04:00,16.236000061035156,16.309999465942383,16.219999313354492,16.290000915527344,3061,0.0,0.0
2024-09-11 13:00:00-04:00,16.290000915527344,16.290000915527344,16.06999969482422,16.1200008392334,6328,0.0,0.0
2024-09-11 13:05:00-04:00,16.049999237060547,16.049999237060547,15.970000267028809,15.979999542236328,3548,0.0,0.0
2024-09-11 13:10:00-04:00,15.97920036315918,15.989999771118164,15.875,15.875,2540,0.0,0.0
2024-09-11 13:15:00-04:00,15.84000015258789,16.03260040283203,15.84000015258789,15.9399995803833,2352,0.0,0.0
2024-09-11 13:20:00-04:00,15.899999618530273,15.989999771118164,15.899999618530273,15.989999771118164,1014,0.0,0.0
2024-09-11 13:25:00-04:00,15.989999771118164,15.989999771118164,15.989800453186035,15.989800453186035,1104,0.0,0.0
2024-09-11 13:30:00-04:00,15.904999732971191,16.0,15.8100004196167,15.96500015258789,2366,0.0,0.0
2024-09-11 13:35:00-04:00,16.040000915527344,16.040000915527344,16.040000915527344,16.040000915527344,1513,0.0,0.0
2024-09-11 13:40:00-04:00,16.030000686645508,16.030000686645508,16.030000686645508,16.030000686645508,748,0.0,0.0
2024-09-11 13:45:00-04:00,16.110000610351562,16.110000610351562,16.079999923706055,16.09000015258789,556,0.0,0.0
2024-09-11 13:50:00-04:00,16.1200008392334,16.1200008392334,16.059999465942383,16.059999465942383,2240,0.0,0.0
2024-09-11 13:55:00-04:00,15.989999771118164,16.079999923706055,15.989999771118164,16.020000457763672,2564,0.0,0.0
2024-09-11 14:00:00-04:00,16.010000228881836,16.010000228881836,16.010000228881836,16.010000228881836,305,0.0,0.0
2024-09-11 14:05:00-04:00,16.079999923706055,16.079999923706055,16.079999923706055,16.079999923706055,184,0.0,0.0
2024-09-11 14:10:00-04:00,15.970000267028809,16.059999465942383,15.970000267028809,16.059999465942383,461,0.0,0.0
2024-09-11 14:15:00-04:00,16.0,16.049999237060547,16.0,16.049999237060547,674,0.0,0.0
2024-09-11 14:20:00-04:00,16.06999969482422,16.149999618530273,16.06999969482422,16.149999618530273,2020,0.0,0.0
2024-09-11 14:25:00-04:00,16.190000534057617,16.200000762939453,16.110000610351562,16.200000762939453,1730,0.0,0.0
2024-09-11 14:30:00-04:00,16.229999542236328,16.229999542236328,16.139999389648438,16.139999389648438,545,0.0,0.0
2024-09-11 14:40:00-04:00,16.239999771118164,16.239999771118164,16.100000381469727,16.170000076293945,4875,0.0,0.0
2024-09-11 14:45:00-04:00,16.020000457763672,16.084999084472656,16.020000457763672,16.084999084472656,1122,0.0,0.0
2024-09-11 14:50:00-04:00,16.075000762939453,16.1200008392334,15.9350004196167,16.1200008392334,2821,0.0,0.0
2024-09-11 15:05:00-04:00,16.109899520874023,16.1200008392334,15.989999771118164,16.1200008392334,2235,0.0,0.0
2024-09-11 15:20:00-04:00,16.1200008392334,16.1299991607666,16.1200008392334,16.1299991607666,1577,0.0,0.0
2024-09-11 15:25:00-04:00,16.1299991607666,16.170000076293945,16.059999465942383,16.059999465942383,2322,0.0,0.0
2024-09-11 15:30:00-04:00,16.079999923706055,16.1299991607666,16.079999923706055,16.1299991607666,777,0.0,0.0
2024-09-11 15:35:00-04:00,16.09000015258789,16.1200008392334,16.075000762939453,16.1200008392334,1780,0.0,0.0
2024-09-11 15:40:00-04:00,16.084999084472656,16.309999465942383,16.084999084472656,16.264999389648438,8194,0.0,0.0
2024-09-11 15:45:00-04:00,16.329999923706055,16.34000015258789,16.240100860595703,16.295000076293945,4399,0.0,0.0
2024-09-11 15:50:00-04:00,16.30500030517578,16.329999923706055,16.209999084472656,16.329999923706055,4733,0.0,0.0
2024-09-11 15:55:00-04:00,16.329999923706055,16.399999618530273,16.280000686645508,16.350000381469727,22505,0.0,0.0
2024-09-12 09:30:00-04:00,16.450000762939453,16.479999542236328,16.0,16.0,16114,0.0,0.0
2024-09-12 09:35:00-04:00,16.36989974975586,16.36989974975586,15.850000381469727,16.031299591064453,7104,0.0,0.0
2024-09-12 09:40:00-04:00,16.3799991607666,16.489999771118164,16.350000381469727,16.489999771118164,4843,0.0,0.0
2024-09-12 09:45:00-04:00,16.34000015258789,16.509899139404297,16.329999923706055,16.509899139404297,4144,0.0,0.0
2024-09-12 09:50:00-04:00,16.45159912109375,16.510000228881836,16.45159912109375,16.459999084472656,5798,0.0,0.0
2024-09-12 09:55:00-04:00,16.360000610351562,16.559900283813477,16.360000610351562,16.479999542236328,6036,0.0,0.0
2024-09-12 10:00:00-04:00,16.549999237060547,16.780000686645508,16.549999237060547,16.674999237060547,11143,0.0,0.0
2024-09-12 10:05:00-04:00,16.84000015258789,16.860000610351562,16.459999084472656,16.459999084472656,6010,0.0,0.0
2024-09-12 10:10:00-04:00,16.65999984741211,16.87849998474121,16.65999984741211,16.8700008392334,16514,0.0,0.0
2024-09-12 10:15:00-04:00,16.8700008392334,17.00819969177246,16.84000015258789,16.940000534057617,9856,0.0,0.0
2024-09-12 10:20:00-04:00,17.040000915527344,17.219999313354492,17.030000686645508,17.120100021362305,11480,0.0,0.0
2024-09-12 10:25:00-04:00,17.18000030517578,17.469999313354492,17.1200008392334,17.3799991607666,19876,0.0,0.0
2024-09-12 10:30:00-04:00,17.459999084472656,17.54990005493164,17.459999084472656,17.485000610351562,3608,0.0,0.0
2024-09-12 10:35:00-04:00,17.485000610351562,17.84000015258789,17.454999923706055,17.709999084472656,12748,0.0,0.0
2024-09-12 10:40:00-04:00,17.649999618530273,17.979999542236328,17.6200008392334,17.885000228881836,10627,0.0,0.0
2024-09-12 10:45:00-04:00,17.885000228881836,17.934999465942383,17.81999969482422,17.829999923706055,4299,0.0,0.0
2024-09-12 10:50:00-04:00,17.8799991607666,17.91990089416504,17.7549991607666,17.7549991607666,10809,0.0,0.0
2024-09-12 10:55:00-04:00,17.875,18.277799606323242,17.860000610351562,17.895000457763672,28996,0.0,0.0
2024-09-12 11:00:00-04:00,17.770000457763672,17.989999771118164,17.770000457763672,17.989999771118164,5586,0.0,0.0
2024-09-12 11:05:00-04:00,17.989999771118164,18.06999969482422,17.989999771118164,18.06999969482422,2582,0.0,0.0
2024-09-12 11:10:00-04:00,18.1200008392334,18.190000534057617,18.0,18.020000457763672,3872,0.0,0.0
2024-09-12 11:15:00-04:00,18.030099868774414,18.360000610351562,18.030099868774414,18.260000228881836,14916,0.0,0.0
2024-09-12 11:20:00-04:00,18.274999618530273,18.274999618530273,18.09000015258789,18.187400817871094,4094,0.0,0.0
2024-09-12 11:25:00-04:00,18.135000228881836,18.260000228881836,18.0,18.260000228881836,7670,0.0,0.0
2024-09-12 11:30:00-04:00,18.201200485229492,18.280000686645508,18.010000228881836,18.03499984741211,6786,0.0,0.0
2024-09-12 11:35:00-04:00,18.139999389648438,18.139999389648438,17.950000762939453,17.950000762939453,8183,0.0,0.0
2024-09-12 11:40:00-04:00,17.950000762939453,18.100000381469727,17.890100479125977,18.010000228881836,11231,0.0,0.0
2024-09-12 11:45:00-04:00,17.979999542236328,18.04990005493164,17.899999618530273,17.950000762939453,15771,0.0,0.0
2024-09-12 11:50:00-04:00,17.899999618530273,18.06999969482422,17.844999313354492,17.989999771118164,7722,0.0,0.0
2024-09-12 11:55:00-04:00,18.100000381469727,18.13909912109375,17.889999389648438,17.95989990234375,5462,0.0,0.0
2024-09-12 12:00:00-04:00,17.959999084472656,18.0,17.90049934387207,17.90049934387207,1834,0.0,0.0
2024-09-12 12:05:00-04:00,17.90519905090332,17.9950008392334,17.90519905090332,17.94499969482422,6195,0.0,0.0
2024-09-12 12:10:00-04:00,17.9950008392334,18.07990074157715,17.954999923706055,18.003999710083008,3977,0.0,0.0
2024-09-12 12:15:00-04:00,17.97209930419922,17.989999771118164,17.8700008392334,17.940000534057617,7124,0.0,0.0
2024-09-12 12:20:00-04:00,17.927900314331055,17.927900314331055,17.899999618530273,17.899999618530273,1206,0.0,0.0
2024-09-12 12:25:00-04:00,17.899999618530273,17.969999313354492,17.86050033569336,17.899999618530273,8567,0.0,0.0
2024-09-12 12:30:00-04:00,18.020000457763672,18.059999465942383,17.979999542236328,18.030000686645508,6125,0.0,0.0
2024-09-12 12:35:00-04:00,17.950000762939453,18.0,17.950000762939453,17.969999313354492,1994,0.0,0.0
2024-09-12 12:40:00-04:00,17.969999313354492,18.059999465942383,17.950000762939453,18.059999465942383,3172,0.0,0.0
2024-09-12 12:45:00-04:00,18.02079963684082,18.065000534057617,18.02079963684082,18.065000534057617,2223,0.0,0.0
2024-09-12 12:50:00-04:00,18.020000457763672,18.020000457763672,17.985000610351562,17.985000610351562,514,0.0,0.0
2024-09-12 12:55:00-04:00,17.969999313354492,17.979999542236328,17.92060089111328,17.975000381469727,6618,0.0,0.0
2024-09-12 13:00:00-04:00,18.020000457763672,18.030000686645508,17.989999771118164,18.030000686645508,3049,0.0,0.0
2024-09-12 13:05:00-04:00,18.1299991607666,18.189899444580078,18.040000915527344,18.040000915527344,1766,0.0,0.0
2024-09-12 13:10:00-04:00,18.065000534057617,18.065000534057617,18.065000534057617,18.065000534057617,551,0.0,0.0
2024-09-12 13:15:00-04:00,18.030000686645508,18.092100143432617,18.030000686645508,18.092100143432617,2378,0.0,0.0
2024-09-12 13:20:00-04:00,18.094999313354492,18.19499969482422,18.094999313354492,18.19499969482422,4034,0.0,0.0
2024-09-12 13:25:00-04:00,18.18000030517578,18.190000534057617,18.09000015258789,18.09000015258789,1788,0.0,0.0
2024-09-12 13:30:00-04:00,18.079999923706055,18.15999984741211,18.06999969482422,18.06999969482422,1924,0.0,0.0
2024-09-12 13:35:00-04:00,18.059999465942383,18.149999618530273,18.05120086669922,18.149999618530273,5982,0.0,0.0
2024-09-12 13:40:00-04:00,18.135000228881836,18.135000228881836,18.079999923706055,18.079999923706055,783,0.0,0.0
2024-09-12 13:45:00-04:00,18.190000534057617,18.209999084472656,18.1299991607666,18.209999084472656,4007,0.0,0.0
2024-09-12 13:50:00-04:00,18.149999618530273,18.229999542236328,18.070100784301758,18.135000228881836,5724,0.0,0.0
2024-09-12 13:55:00-04:00,18.1200008392334,18.200000762939453,18.110000610351562,18.15999984741211,2731,0.0,0.0
2024-09-12 14:00:00-04:00,18.110000610351562,18.110000610351562,17.799999237060547,17.850000381469727,11592,0.0,0.0
2024-09-12 14:05:00-04:00,17.770000457763672,17.8799991607666,17.770000457763672,17.860000610351562,8483,0.0,0.0
2024-09-12 14:10:00-04:00,17.860000610351562,17.899999618530273,17.860000610351562,17.899999618530273,623,0.0,0.0
2024-09-12 14:15:00-04:00,17.790000915527344,17.864999771118164,17.757299423217773,17.81999969482422,5745,0.0,0.0
2024-09-12 14:20:00-04:00,17.770000457763672,17.809999465942383,17.6299991607666,17.71500015258789,5117,0.0,0.0
2024-09-12 14:25:00-04:00,17.729999542236328,17.79990005493164,17.725000381469727,17.725000381469727,5896,0.0,0.0
2024-09-12 14:30:00-04:00,17.65999984741211,17.690000534057617,17.5,17.584999084472656,3768,0.0,0.0
2024-09-12 14:35:00-04:00,17.540000915527344,17.649999618530273,17.514999389648438,17.649999618530273,4098,0.0,0.0
2024-09-12 14:40:00-04:00,17.739999771118164,17.739999771118164,17.607099533081055,17.649999618530273,1686,0.0,0.0
2024-09-12 14:45:00-04:00,17.649999618530273,17.649999618530273,17.649999618530273,17.649999618530273,726,0.0,0.0
2024-09-12 14:50:00-04:00,17.649999618530273,17.799999237060547,17.649999618530273,17.690000534057617,11536,0.0,0.0
2024-09-12 14:55:00-04:00,17.709999084472656,17.729999542236328,17.700000762939453,17.729999542236328,2210,0.0,0.0
2024-09-12 15:00:00-04:00,17.7450008392334,17.809999465942383,17.732500076293945,17.809999465942383,2612,0.0,0.0
2024-09-12 15:05:00-04:00,17.8700008392334,17.950000762939453,17.8700008392334,17.920000076293945,2096,0.0,0.0
2024-09-12 15:10:00-04:00,17.950000762939453,18.139999389648438,17.930999755859375,18.06999969482422,8938,0.0,0.0
2024-09-12 15:15:00-04:00,18.1200008392334,18.190000534057617,18.110000610351562,18.190000534057617,4395,0.0,0.0
2024-09-12 15:20:00-04:00,18.174999237060547,18.174999237060547,18.060100555419922,18.11359977722168,3963,0.0,0.0
2024-09-12 15:25:00-04:00,18.059999465942383,18.139999389648438,18.059999465942383,18.100099563598633,4634,0.0,0.0
2024-09-12 15:30:00-04:00,18.110000610351562,18.15999984741211,18.010000228881836,18.03179931640625,9451,0.0,0.0
2024-09-12 15:35:00-04:00,18.059999465942383,18.075000762939453,17.954999923706055,18.03499984741211,12209,0.0,0.0
2024-09-12 15:40:00-04:00,18.030000686645508,18.139999389648438,18.030000686645508,18.049999237060547,9815,0.0,0.0
2024-09-12 15:45:00-04:00,18.030000686645508,18.03499984741211,17.889999389648438,17.895000457763672,9810,0.0,0.0
2024-09-12 15:50:00-04:00,17.790000915527344,17.90999984741211,17.790000915527344,17.90999984741211,6485,0.0,0.0
2024-09-12 15:55:00-04:00,17.90999984741211,18.0,17.8799991607666,18.0,21195,0.0,0.0
2024-09-13 09:30:00-04:00,18.1299991607666,18.146099090576172,17.75,17.75,17620,0.0,0.0
2024-09-13 09:35:00-04:00,17.707399368286133,18.0,17.649999618530273,17.649999618530273,6006,0.0,0.0
2024-09-13 09:40:00-04:00,17.7450008392334,17.889999389648438,17.239999771118164,17.889999389648438,11990,0.0,0.0
2024-09-13 09:45:00-04:00,17.899999618530273,17.899999618530273,17.625,17.860000610351562,2133,0.0,0.0
2024-09-13 09:50:00-04:00,17.610000610351562,18.010000228881836,17.610000610351562,18.010000228881836,5514,0.0,0.0
2024-09-13 09:55:00-04:00,17.861000061035156,18.040000915527344,17.861000061035156,18.020000457763672,3758,0.0,0.0
2024-09-13 10:00:00-04:00,18.030000686645508,18.039899826049805,17.799999237060547,17.799999237060547,3006,0.0,0.0
2024-09-13 10:05:00-04:00,17.799999237060547,18.0,17.600000381469727,17.795000076293945,3015,0.0,0.0
2024-09-13 10:10:00-04:00,17.8799991607666,17.8799991607666,17.8799991607666,17.8799991607666,2191,0.0,0.0
2024-09-13 10:15:00-04:00,17.920000076293945,17.985000610351562,17.869699478149414,17.985000610351562,1660,0.0,0.0
2024-09-13 10:20:00-04:00,18.0,18.0,17.8799991607666,17.959999084472656,1148,0.0,0.0
2024-09-13 10:25:00-04:00,18.0,18.0,17.725000381469727,17.774999618530273,3343,0.0,0.0
2024-09-13 10:30:00-04:00,17.920000076293945,17.920000076293945,17.510000228881836,17.559999465942383,2478,0.0,0.0
2024-09-13 10:35:00-04:00,17.479999542236328,17.4950008392334,17.399999618530273,17.4950008392334,1381,0.0,0.0
2024-09-13 10:40:00-04:00,17.6200008392334,17.6200008392334,17.565000534057617,17.565000534057617,4509,0.0,0.0
2024-09-13 10:45:00-04:00,17.75,17.799999237060547,17.75,17.799999237060547,557,0.0,0.0
2024-09-13 10:50:00-04:00,17.684999465942383,17.684999465942383,17.65089988708496,17.65089988708496,1296,0.0,0.0
2024-09-13 10:55:00-04:00,17.655000686645508,17.655000686645508,17.56999969482422,17.56999969482422,6548,0.0,0.0
2024-09-13 11:00:00-04:00,17.739999771118164,17.799999237060547,17.729999542236328,17.799999237060547,2484,0.0,0.0
2024-09-13 11:05:00-04:00,17.860000610351562,17.8700008392334,17.860000610351562,17.860000610351562,855,0.0,0.0
2024-09-13 11:10:00-04:00,17.854999542236328,17.940000534057617,17.809999465942383,17.809999465942383,2597,0.0,0.0
2024-09-13 11:15:00-04:00,17.690000534057617,17.715099334716797,17.471099853515625,17.471099853515625,2025,0.0,0.0
2024-09-13 11:20:00-04:00,17.584999084472656,17.59000015258789,17.584999084472656,17.59000015258789,2585,0.0,0.0
2024-09-13 11:25:00-04:00,17.440099716186523,17.440099716186523,17.440099716186523,17.440099716186523,1016,0.0,0.0
2024-09-13 11:30:00-04:00,17.5,17.559999465942383,17.450000762939453,17.510000228881836,5932,0.0,0.0
2024-09-13 11:35:00-04:00,17.50670051574707,17.604999542236328,17.50670051574707,17.604999542236328,2847,0.0,0.0
2024-09-13 11:40:00-04:00,17.649999618530273,17.75,17.649999618530273,17.700000762939453,2652,0.0,0.0
2024-09-13 11:45:00-04:00,17.68000030517578,17.739999771118164,17.68000030517578,17.739999771118164,1198,0.0,0.0
2024-09-13 11:50:00-04:00,17.739999771118164,17.739999771118164,17.59000015258789,17.614999771118164,2258,0.0,0.0
2024-09-13 11:55:00-04:00,17.600000381469727,17.617700576782227,17.5,17.617700576782227,4228,0.0,0.0
2024-09-13 12:00:00-04:00,17.59000015258789,17.604999542236328,17.59000015258789,17.604999542236328,1163,0.0,0.0
2024-09-13 12:05:00-04:00,17.604999542236328,17.789899826049805,17.579999923706055,17.780000686645508,5489,0.0,0.0
2024-09-13 12:10:00-04:00,17.735000610351562,17.790000915527344,17.735000610351562,17.790000915527344,1538,0.0,0.0
2024-09-13 12:15:00-04:00,17.829999923706055,17.933700561523438,17.829999923706055,17.875,1486,0.0,0.0
2024-09-13 12:20:00-04:00,17.8799991607666,17.885000228881836,17.858999252319336,17.858999252319336,2331,0.0,0.0
2024-09-13 12:25:00-04:00,17.950000762939453,18.110000610351562,17.950000762939453,17.950000762939453,3325,0.0,0.0
2024-09-13 12:30:00-04:00,17.940000534057617,18.075000762939453,17.940000534057617,18.040000915527344,3925,0.0,0.0
2024-09-13 12:35:00-04:00,18.040000915527344,18.040000915527344,17.889999389648438,17.889999389648438,1622,0.0,0.0
2024-09-13 12:40:00-04:00,17.899999618530273,17.940000534057617,17.760000228881836,17.940000534057617,3500,0.0,0.0
2024-09-13 12:45:00-04:00,18.040000915527344,18.040000915527344,17.809999465942383,17.809999465942383,4550,0.0,0.0
2024-09-13 12:50:00-04:00,17.829999923706055,18.019899368286133,17.829999923706055,17.915000915527344,4217,0.0,0.0
2024-09-13 12:55:00-04:00,17.959999084472656,17.989999771118164,17.959999084472656,17.989999771118164,1219,0.0,0.0
2024-09-13 13:00:00-04:00,18.030000686645508,18.040000915527344,17.959999084472656,17.959999084472656,1329,0.0,0.0
2024-09-13 13:05:00-04:00,17.989999771118164,17.989999771118164,17.969999313354492,17.989999771118164,3111,0.0,0.0
2024-09-13 13:10:00-04:00,17.989999771118164,17.989999771118164,17.81999969482422,17.81999969482422,2230,0.0,0.0
2024-09-13 13:25:00-04:00,17.829999923706055,17.989700317382812,17.829999923706055,17.989700317382812,4345,0.0,0.0
2024-09-13 13:30:00-04:00,17.979999542236328,17.979999542236328,17.979999542236328,17.979999542236328,428,0.0,0.0
2024-09-13 13:35:00-04:00,17.868999481201172,17.868999481201172,17.868999481201172,17.868999481201172,277,0.0,0.0
2024-09-13 13:40:00-04:00,17.889999389648438,17.899999618530273,17.889999389648438,17.899999618530273,1191,0.0,0.0
2024-09-13 13:45:00-04:00,17.809999465942383,17.809999465942383,17.667400360107422,17.667400360107422,1755,0.0,0.0
2024-09-13 13:55:00-04:00,17.735000610351562,17.760000228881836,17.639999389648438,17.735000610351562,2153,0.0,0.0
2024-09-13 14:00:00-04:00,17.709999084472656,17.709999084472656,17.6299991607666,17.709999084472656,1430,0.0,0.0
2024-09-13 14:05:00-04:00,17.719999313354492,17.780000686645508,17.719999313354492,17.780000686645508,1119,0.0,0.0
2024-09-13 14:10:00-04:00,17.709999084472656,17.709999084472656,17.639999389648438,17.709400177001953,1437,0.0,0.0
2024-09-13 14:15:00-04:00,17.725000381469727,17.725000381469727,17.725000381469727,17.725000381469727,895,0.0,0.0
2024-09-13 14:20:00-04:00,17.7450008392334,17.7450008392334,17.690000534057617,17.690000534057617,2332,0.0,0.0
2024-09-13 14:25:00-04:00,17.6200008392334,17.69499969482422,17.59000015258789,17.69499969482422,3502,0.0,0.0
2024-09-13 14:30:00-04:00,17.6299991607666,17.6299991607666,17.510000228881836,17.510000228881836,2317,0.0,0.0
2024-09-13 14:35:00-04:00,17.540000915527344,17.540000915527344,17.440000534057617,17.440000534057617,2851,0.0,0.0
2024-09-13 14:40:00-04:00,17.47599983215332,17.47599983215332,17.450000762939453,17.450000762939453,845,0.0,0.0
2024-09-13 14:45:00-04:00,17.489999771118164,17.540000915527344,17.45009994506836,17.510000228881836,3476,0.0,0.0
2024-09-13 14:55:00-04:00,17.450000762939453,17.540000915527344,17.450000762939453,17.5,3561,0.0,0.0
2024-09-13 15:00:00-04:00,17.479999542236328,17.479999542236328,17.31999969482422,17.31999969482422,4020,0.0,0.0
2024-09-13 15:05:00-04:00,17.43000030517578,17.449600219726562,17.40999984741211,17.449600219726562,3641,0.0,0.0
2024-09-13 15:10:00-04:00,17.399999618530273,17.479999542236328,17.399999618530273,17.479999542236328,3417,0.0,0.0
2024-09-13 15:20:00-04:00,17.549999237060547,17.549999237060547,17.549999237060547,17.549999237060547,425,0.0,0.0
2024-09-13 15:25:00-04:00,17.520000457763672,17.549999237060547,17.40999984741211,17.40999984741211,4358,0.0,0.0
2024-09-13 15:30:00-04:00,17.509899139404297,17.509899139404297,17.3799991607666,17.440000534057617,991,0.0,0.0
2024-09-13 15:35:00-04:00,17.45800018310547,17.5,17.44499969482422,17.459999084472656,3936,0.0,0.0
2024-09-13 15:40:00-04:00,17.514999389648438,17.514999389648438,17.40999984741211,17.420000076293945,3786,0.0,0.0
2024-09-13 15:45:00-04:00,17.46500015258789,17.579999923706055,17.459999084472656,17.56999969482422,4706,0.0,0.0
2024-09-13 15:50:00-04:00,17.549999237060547,17.774999618530273,17.530000686645508,17.760000228881836,13356,0.0,0.0
2024-09-13 15:55:00-04:00,17.764999389648438,17.799999237060547,17.690000534057617,17.760000228881836,20490,0.0,0.0
2024-09-16 09:30:00-04:00,17.420000076293945,17.770000457763672,17.420000076293945,17.59910011291504,15577,0.0,0.0
2024-09-16 09:35:00-04:00,17.639999389648438,17.639999389648438,17.3700008392334,17.520000457763672,4506,0.0,0.0
2024-09-16 09:40:00-04:00,17.520000457763672,17.639999389648438,17.514999389648438,17.639999389648438,3004,0.0,0.0
2024-09-16 09:45:00-04:00,17.670000076293945,17.749900817871094,17.529699325561523,17.749900817871094,2869,0.0,0.0
2024-09-16 09:50:00-04:00,17.899999618530273,18.0,17.899999618530273,17.950000762939453,4094,0.0,0.0
2024-09-16 09:55:00-04:00,17.989999771118164,17.989999771118164,17.610000610351562,17.610000610351562,8194,0.0,0.0
2024-09-16 10:00:00-04:00,17.649999618530273,17.690000534057617,17.530000686645508,17.579999923706055,4785,0.0,0.0
2024-09-16 10:05:00-04:00,17.59000015258789,17.592100143432617,17.489999771118164,17.497800827026367,11301,0.0,0.0
2024-09-16 10:10:00-04:00,17.579999923706055,17.579999923706055,17.579999923706055,17.579999923706055,565,0.0,0.0
2024-09-16 10:15:00-04:00,17.6200008392334,17.6299991607666,17.56999969482422,17.56999969482422,2237,0.0,0.0
2024-09-16 10:20:00-04:00,17.350000381469727,17.530500411987305,17.350000381469727,17.530500411987305,1388,0.0,0.0
2024-09-16 10:25:00-04:00,17.474000930786133,17.639999389648438,17.474000930786133,17.639999389648438,2840,0.0,0.0
2024-09-16 10:30:00-04:00,17.46500015258789,17.479999542236328,17.46500015258789,17.479999542236328,2166,0.0,0.0
2024-09-16 10:35:00-04:00,17.360000610351562,17.450000762939453,17.360000610351562,17.450000762939453,584,0.0,0.0
2024-09-16 10:40:00-04:00,17.56999969482422,17.649999618530273,17.530000686645508,17.649999618530273,1363,0.0,0.0
2024-09-16 10:45:00-04:00,17.549999237060547,17.559999465942383,17.549999237060547,17.559999465942383,1107,0.0,0.0
2024-09-16 10:50:00-04:00,17.549999237060547,17.549999237060547,17.530000686645508,17.530000686645508,1749,0.0,0.0
2024-09-16 10:55:00-04:00,17.530000686645508,17.530000686645508,17.5,17.5,1619,0.0,0.0
2024-09-16 11:05:00-04:00,17.450000762939453,17.5,17.450000762939453,17.5,1804,0.0,0.0
2024-09-16 11:25:00-04:00,17.450000762939453,17.450000762939453,17.440000534057617,17.450000762939453,1461,0.0,0.0
2024-09-16 11:30:00-04:00,17.450000762939453,17.5,17.450000762939453,17.5,398,0.0,0.0
2024-09-16 11:35:00-04:00,17.390100479125977,17.399999618530273,17.350000381469727,17.350000381469727,1202,0.0,0.0
2024-09-16 11:40:00-04:00,17.299999237060547,17.34000015258789,17.299999237060547,17.34000015258789,900,0.0,0.0
2024-09-16 11:50:00-04:00,17.320100784301758,17.450000762939453,17.320100784301758,17.399999618530273,2814,0.0,0.0
2024-09-16 11:55:00-04:00,17.405000686645508,17.557199478149414,17.405000686645508,17.557199478149414,1492,0.0,0.0
2024-09-16 12:00:00-04:00,17.4950008392334,17.4950008392334,17.4950008392334,17.4950008392334,2112,0.0,0.0
2024-09-16 12:15:00-04:00,17.3799991607666,17.440000534057617,17.25,17.25,3096,0.0,0.0
2024-09-16 12:20:00-04:00,17.25,17.25,16.940000534057617,16.954999923706055,13592,0.0,0.0
2024-09-16 12:25:00-04:00,17.010000228881836,17.1200008392334,17.010000228881836,17.110000610351562,3054,0.0,0.0
2024-09-16 12:30:00-04:00,17.104999542236328,17.104999542236328,17.089500427246094,17.089500427246094,2102,0.0,0.0
2024-09-16 12:35:00-04:00,17.100000381469727,17.149999618530273,17.100000381469727,17.149999618530273,575,0.0,0.0
2024-09-16 12:40:00-04:00,17.081499099731445,17.191200256347656,17.070100784301758,17.191200256347656,1319,0.0,0.0
2024-09-16 12:45:00-04:00,17.190000534057617,17.190000534057617,17.190000534057617,17.190000534057617,2011,0.0,0.0
2024-09-16 12:50:00-04:00,17.290000915527344,17.290000915527344,17.110000610351562,17.229999542236328,2267,0.0,0.0
2024-09-16 12:55:00-04:00,17.149999618530273,17.165000915527344,17.149999618530273,17.165000915527344,1385,0.0,0.0
2024-09-16 13:00:00-04:00,17.040000915527344,17.040000915527344,17.040000915527344,17.040000915527344,268,0.0,0.0
2024-09-16 13:05:00-04:00,17.040300369262695,17.260000228881836,17.03499984741211,17.260000228881836,6890,0.0,0.0
2024-09-16 13:10:00-04:00,17.190000534057617,17.190000534057617,17.190000534057617,17.190000534057617,164,0.0,0.0
2024-09-16 13:15:00-04:00,17.110000610351562,17.110000610351562,17.110000610351562,17.110000610351562,151,0.0,0.0
2024-09-16 13:20:00-04:00,17.1200008392334,17.174999237060547,17.1200008392334,17.174999237060547,1039,0.0,0.0
2024-09-16 13:30:00-04:00,17.15999984741211,17.15999984741211,17.15999984741211,17.15999984741211,245,0.0,0.0
2024-09-16 13:35:00-04:00,17.1200008392334,17.229999542236328,17.1200008392334,17.229999542236328,1108,0.0,0.0
2024-09-16 13:50:00-04:00,17.43000030517578,17.43000030517578,17.337499618530273,17.337499618530273,1036,0.0,0.0
2024-09-16 13:55:00-04:00,17.3843994140625,17.41790008544922,17.3843994140625,17.41790008544922,2426,0.0,0.0
2024-09-16 14:00:00-04:00,17.3700008392334,17.3700008392334,17.3700008392334,17.3700008392334,1558,0.0,0.0
2024-09-16 14:05:00-04:00,17.219999313354492,17.219999313354492,17.209999084472656,17.209999084472656,534,0.0,0.0
2024-09-16 14:10:00-04:00,17.350000381469727,17.462900161743164,17.324499130249023,17.34000015258789,6021,0.0,0.0
2024-09-16 14:15:00-04:00,17.274099349975586,17.274099349975586,17.270000457763672,17.270000457763672,420,0.0,0.0
2024-09-16 14:20:00-04:00,17.31999969482422,17.459999084472656,17.270000457763672,17.420000076293945,2371,0.0,0.0
2024-09-16 14:25:00-04:00,17.344999313354492,17.420000076293945,17.344999313354492,17.420000076293945,467,0.0,0.0
2024-09-16 14:30:00-04:00,17.360000610351562,17.520000457763672,17.360000610351562,17.520000457763672,6572,0.0,0.0
2024-09-16 14:35:00-04:00,17.479999542236328,17.549999237060547,17.479999542236328,17.5049991607666,2598,0.0,0.0
2024-09-16 14:40:00-04:00,17.440000534057617,17.440000534057617,17.440000534057617,17.440000534057617,520,0.0,0.0
2024-09-16 14:50:00-04:00,17.5,17.579999923706055,17.5,17.579999923706055,453,0.0,0.0
2024-09-16 14:55:00-04:00,17.567699432373047,17.580400466918945,17.481399536132812,17.579999923706055,2113,0.0,0.0
2024-09-16 15:00:00-04:00,17.5049991607666,17.510000228881836,17.5049991607666,17.510000228881836,735,0.0,0.0
2024-09-16 15:05:00-04:00,17.477500915527344,17.477500915527344,17.477500915527344,17.477500915527344,320,0.0,0.0
2024-09-16 15:10:00-04:00,17.514999389648438,17.514999389648438,17.514999389648438,17.514999389648438,1061,0.0,0.0
2024-09-16 15:15:00-04:00,17.43000030517578,17.440000534057617,17.385000228881836,17.440000534057617,3712,0.0,0.0
2024-09-16 15:25:00-04:00,17.434999465942383,17.434999465942383,17.43000030517578,17.43000030517578,790,0.0,0.0
2024-09-16 15:30:00-04:00,17.479999542236328,17.479999542236328,17.3700008392334,17.40999984741211,3077,0.0,0.0
2024-09-16 15:35:00-04:00,17.40999984741211,17.40999984741211,17.40999984741211,17.40999984741211,1074,0.0,0.0
2024-09-16 15:40:00-04:00,17.440000534057617,17.451200485229492,17.399999618530273,17.399999618530273,4165,0.0,0.0
2024-09-16 15:45:00-04:00,17.440000534057617,17.459999084472656,17.440000534057617,17.459999084472656,1669,0.0,0.0
2024-09-16 15:50:00-04:00,17.440000534057617,17.530000686645508,17.440000534057617,17.485000610351562,7289,0.0,0.0
2024-09-16 15:55:00-04:00,17.43000030517578,17.489999771118164,17.420000076293945,17.489999771118164,9737,0.0,0.0
2024-09-17 09:30:00-04:00,18.219999313354492,18.219999313354492,17.84000015258789,18.030000686645508,13021,0.0,0.0
2024-09-17 09:35:00-04:00,18.1299991607666,18.135000228881836,18.010000228881836,18.079999923706055,7174,0.0,0.0
2024-09-17 09:40:00-04:00,18.010000228881836,18.05500030517578,17.8700008392334,17.90999984741211,5762,0.0,0.0
2024-09-17 09:45:00-04:00,17.9950008392334,18.170000076293945,17.700000762939453,17.799999237060547,21036,0.0,0.0
2024-09-17 09:50:00-04:00,17.690000534057617,17.82390022277832,17.540000915527344,17.709999084472656,16248,0.0,0.0
2024-09-17 09:55:00-04:00,17.709999084472656,17.709999084472656,17.309999465942383,17.424999237060547,25988,0.0,0.0
2024-09-17 10:00:00-04:00,17.628999710083008,17.628999710083008,17.3799991607666,17.510000228881836,4160,0.0,0.0
2024-09-17 10:05:00-04:00,17.549999237060547,17.670000076293945,17.479999542236328,17.670000076293945,5082,0.0,0.0
2024-09-17 10:10:00-04:00,17.71500015258789,17.77669906616211,17.6200008392334,17.6200008392334,2138,0.0,0.0
2024-09-17 10:20:00-04:00,17.594999313354492,17.648500442504883,17.594999313354492,17.648500442504883,383,0.0,0.0
2024-09-17 10:25:00-04:00,17.6200008392334,17.6200008392334,17.479999542236328,17.479999542236328,5572,0.0,0.0
2024-09-17 10:30:00-04:00,17.450000762939453,17.530000686645508,17.450000762939453,17.530000686645508,5422,0.0,0.0
2024-09-17 10:35:00-04:00,17.608400344848633,17.608400344848633,17.530000686645508,17.530000686645508,1963,0.0,0.0
2024-09-17 10:40:00-04:00,17.610000610351562,17.649999618530273,17.530000686645508,17.530000686645508,1814,0.0,0.0
2024-09-17 10:45:00-04:00,17.700000762939453,17.719999313354492,17.6200008392334,17.719999313354492,2109,0.0,0.0
2024-09-17 10:50:00-04:00,17.799999237060547,17.850000381469727,17.62820053100586,17.62820053100586,3893,0.0,0.0
2024-09-17 10:55:00-04:00,17.684999465942383,17.684999465942383,17.489999771118164,17.489999771118164,1505,0.0,0.0
2024-09-17 11:00:00-04:00,17.545000076293945,17.637399673461914,17.545000076293945,17.6299991607666,7780,0.0,0.0
2024-09-17 11:05:00-04:00,17.549999237060547,17.549999237060547,17.549999237060547,17.549999237060547,134,0.0,0.0
2024-09-17 11:10:00-04:00,17.479999542236328,17.56909942626953,17.479999542236328,17.56909942626953,616,0.0,0.0
2024-09-17 11:15:00-04:00,17.459999084472656,17.520000457763672,17.450000762939453,17.450000762939453,1670,0.0,0.0
2024-09-17 11:20:00-04:00,17.45170021057129,17.5,17.3700008392334,17.5,9557,0.0,0.0
2024-09-17 11:25:00-04:00,17.5,17.5,17.420000076293945,17.43000030517578,1675,0.0,0.0
2024-09-17 11:30:00-04:00,17.43000030517578,17.450000762939453,17.399999618530273,17.420000076293945,4068,0.0,0.0
2024-09-17 11:35:00-04:00,17.450000762939453,17.59000015258789,17.450000762939453,17.59000015258789,1588,0.0,0.0
2024-09-17 11:40:00-04:00,17.600000381469727,17.649999618530273,17.600000381469727,17.649999618530273,1594,0.0,0.0
2024-09-17 11:45:00-04:00,17.559999465942383,17.604999542236328,17.510000228881836,17.514999389648438,2281,0.0,0.0
2024-09-17 11:50:00-04:00,17.579999923706055,17.65999984741211,17.579999923706055,17.625,1262,0.0,0.0
2024-09-17 11:55:00-04:00,17.645000457763672,17.690000534057617,17.645000457763672,17.645000457763672,2547,0.0,0.0
2024-09-17 12:00:00-04:00,17.639999389648438,17.649999618530273,17.639999389648438,17.649999618530273,662,0.0,0.0
2024-09-17 12:05:00-04:00,17.68000030517578,17.68000030517578,17.6200008392334,17.6200008392334,393,0.0,0.0
2024-09-17 12:10:00-04:00,17.645200729370117,17.645200729370117,17.645200729370117,17.645200729370117,2949,0.0,0.0
2024-09-17 12:15:00-04:00,17.510000228881836,17.540000915527344,17.479999542236328,17.479999542236328,1088,0.0,0.0
2024-09-17 12:20:00-04:00,17.469999313354492,17.5,17.440000534057617,17.44499969482422,3094,0.0,0.0
2024-09-17 12:25:00-04:00,17.44499969482422,17.549999237060547,17.3700008392334,17.549999237060547,4518,0.0,0.0
2024-09-17 12:30:00-04:00,17.549999237060547,17.56999969482422,17.510000228881836,17.510000228881836,1933,0.0,0.0
2024-09-17 12:35:00-04:00,17.59000015258789,17.59000015258789,17.510000228881836,17.510000228881836,777,0.0,0.0
2024-09-17 12:40:00-04:00,17.510000228881836,17.510000228881836,17.510000228881836,17.510000228881836,541,0.0,0.0
2024-09-17 12:45:00-04:00,17.469999313354492,17.514999389648438,17.364999771118164,17.489999771118164,3833,0.0,0.0
2024-09-17 12:50:00-04:00,17.440000534057617,17.530000686645508,17.440000534057617,17.510000228881836,1460,0.0,0.0
2024-09-17 12:55:00-04:00,17.454999923706055,17.469999313354492,17.399999618530273,17.399999618530273,1862,0.0,0.0
2024-09-17 13:00:00-04:00,17.350000381469727,17.3700008392334,17.350000381469727,17.350000381469727,1131,0.0,0.0
2024-09-17 13:10:00-04:00,17.469999313354492,17.469999313354492,17.315000534057617,17.315000534057617,4572,0.0,0.0
2024-09-17 13:15:00-04:00,17.350000381469727,17.459999084472656,17.31999969482422,17.427600860595703,1949,0.0,0.0
2024-09-17 13:20:00-04:00,17.350000381469727,17.450000762939453,17.350000381469727,17.3799991607666,950,0.0,0.0
2024-09-17 13:25:00-04:00,17.474700927734375,17.474700927734375,17.344999313354492,17.43000030517578,6017,0.0,0.0
2024-09-17 13:30:00-04:00,17.424999237060547,17.424999237060547,17.424999237060547,17.424999237060547,2203,0.0,0.0
2024-09-17 13:35:00-04:00,17.424999237060547,17.424999237060547,17.424999237060547,17.424999237060547,2169,0.0,0.0
2024-09-17 13:40:00-04:00,17.350000381469727,17.415000915527344,17.309999465942383,17.3799991607666,2978,0.0,0.0
2024-09-17 13:45:00-04:00,17.309999465942383,17.309999465942383,17.299999237060547,17.300100326538086,6506,0.0,0.0
2024-09-17 13:50:00-04:00,17.389999389648438,17.389999389648438,17.309999465942383,17.309999465942383,869,0.0,0.0
2024-09-17 14:00:00-04:00,17.31999969482422,17.389999389648438,17.31999969482422,17.389999389648438,397,0.0,0.0
2024-09-17 14:05:00-04:00,17.329999923706055,17.388999938964844,17.329999923706055,17.388999938964844,405,0.0,0.0
2024-09-17 14:10:00-04:00,17.329999923706055,17.329999923706055,17.329999923706055,17.329999923706055,157,0.0,0.0
2024-09-17 14:15:00-04:00,17.450000762939453,17.450000762939453,17.450000762939453,17.450000762939453,582,0.0,0.0
2024-09-17 14:20:00-04:00,17.389999389648438,17.559999465942383,17.3799991607666,17.450000762939453,12740,0.0,0.0
2024-09-17 14:25:00-04:00,17.389999389648438,17.389999389648438,17.350000381469727,17.350000381469727,3421,0.0,0.0
2024-09-17 14:30:00-04:00,17.3700008392334,17.3799991607666,17.360000610351562,17.3799991607666,1753,0.0,0.0
2024-09-17 14:40:00-04:00,17.3700008392334,17.3700008392334,17.3700008392334,17.3700008392334,608,0.0,0.0
2024-09-17 14:45:00-04:00,17.399999618530273,17.399999618530273,17.360000610351562,17.399999618530273,3267,0.0,0.0
2024-09-17 14:50:00-04:00,17.399999618530273,17.40999984741211,17.3700008392334,17.40999984741211,2100,0.0,0.0
2024-09-17 14:55:00-04:00,17.44499969482422,17.44499969482422,17.200000762939453,17.200000762939453,5541,0.0,0.0
2024-09-17 15:00:00-04:00,17.279499053955078,17.279499053955078,17.049999237060547,17.059999465942383,5198,0.0,0.0
2024-09-17 15:05:00-04:00,17.0,17.1299991607666,16.899999618530273,17.1299991607666,8442,0.0,0.0
2024-09-17 15:10:00-04:00,17.100000381469727,17.100000381469727,17.010000228881836,17.079999923706055,3731,0.0,0.0
2024-09-17 15:15:00-04:00,17.06999969482422,17.094999313354492,17.06999969482422,17.094999313354492,698,0.0,0.0
2024-09-17 15:20:00-04:00,17.082000732421875,17.094999313354492,17.014999389648438,17.014999389648438,1338,0.0,0.0
2024-09-17 15:25:00-04:00,17.010000228881836,17.079999923706055,16.90999984741211,16.90999984741211,11438,0.0,0.0
2024-09-17 15:30:00-04:00,16.93000030517578,16.9950008392334,16.920000076293945,16.979999542236328,6128,0.0,0.0
2024-09-17 15:35:00-04:00,17.0049991607666,17.020000457763672,16.920000076293945,17.010000228881836,7074,0.0,0.0
2024-09-17 15:40:00-04:00,17.020000457763672,17.040000915527344,16.969999313354492,16.989999771118164,6327,0.0,0.0
2024-09-17 15:45:00-04:00,16.950000762939453,16.950000762939453,16.829999923706055,16.850000381469727,10115,0.0,0.0
2024-09-17 15:50:00-04:00,16.84000015258789,16.960100173950195,16.815000534057617,16.9424991607666,3822,0.0,0.0
2024-09-17 15:55:00-04:00,16.940000534057617,16.940000534057617,16.790000915527344,16.84000015258789,13278,0.0,0.0
2024-09-18 09:30:00-04:00,16.799999237060547,17.239999771118164,16.727800369262695,16.727800369262695,12420,0.0,0.0
2024-09-18 09:35:00-04:00,16.799999237060547,17.010000228881836,16.799999237060547,16.84000015258789,8959,0.0,0.0
2024-09-18 09:40:00-04:00,16.84440040588379,16.991600036621094,16.84440040588379,16.991600036621094,1269,0.0,0.0
2024-09-18 09:45:00-04:00,16.950000762939453,16.950000762939453,16.809999465942383,16.85420036315918,1765,0.0,0.0
2024-09-18 09:50:00-04:00,16.81999969482422,16.81999969482422,16.81999969482422,16.81999969482422,2834,0.0,0.0
2024-09-18 10:05:00-04:00,16.90999984741211,17.09000015258789,16.90999984741211,17.09000015258789,4954,0.0,0.0
2024-09-18 10:10:00-04:00,17.24850082397461,17.24850082397461,17.010000228881836,17.06999969482422,4759,0.0,0.0
2024-09-18 10:15:00-04:00,17.065000534057617,17.065000534057617,17.04199981689453,17.04199981689453,3224,0.0,0.0
2024-09-18 10:20:00-04:00,17.1200008392334,17.350000381469727,17.1200008392334,17.309999465942383,3904,0.0,0.0
2024-09-18 10:25:00-04:00,17.450000762939453,17.459999084472656,17.450000762939453,17.459999084472656,1181,0.0,0.0
2024-09-18 10:30:00-04:00,17.440000534057617,17.448999404907227,17.388500213623047,17.448999404907227,824,0.0,0.0
2024-09-18 10:35:00-04:00,17.549999237060547,17.549999237060547,17.549999237060547,17.549999237060547,1156,0.0,0.0
2024-09-18 10:40:00-04:00,17.61720085144043,17.61720085144043,17.510000228881836,17.510000228881836,2367,0.0,0.0
2024-09-18 10:45:00-04:00,17.785999298095703,17.790000915527344,17.559999465942383,17.559999465942383,1322,0.0,0.0
2024-09-18 10:55:00-04:00,17.696199417114258,17.84000015258789,17.696199417114258,17.84000015258789,5508,0.0,0.0
2024-09-18 11:00:00-04:00,17.940000534057617,18.090299606323242,17.889999389648438,18.090299606323242,7276,0.0,0.0
2024-09-18 11:05:00-04:00,18.036699295043945,18.036699295043945,17.809999465942383,17.889999389648438,7669,0.0,0.0
2024-09-18 11:10:00-04:00,17.950000762939453,17.950000762939453,17.950000762939453,17.950000762939453,447,0.0,0.0
2024-09-18 11:15:00-04:00,17.950000762939453,17.950000762939453,17.924999237060547,17.924999237060547,854,0.0,0.0
2024-09-18 11:20:00-04:00,17.8799991607666,17.886199951171875,17.8799991607666,17.8799991607666,1033,0.0,0.0
2024-09-18 11:25:00-04:00,17.90999984741211,17.90999984741211,17.809999465942383,17.810100555419922,1188,0.0,0.0
2024-09-18 11:30:00-04:00,17.770000457763672,17.809999465942383,17.709999084472656,17.809999465942383,4776,0.0,0.0
2024-09-18 11:35:00-04:00,17.639999389648438,17.939899444580078,17.6200008392334,17.866500854492188,5121,0.0,0.0
2024-09-18 11:40:00-04:00,17.856000900268555,17.920000076293945,17.856000900268555,17.86669921875,799,0.0,0.0
2024-09-18 11:45:00-04:00,17.91990089416504,17.91990089416504,17.780000686645508,17.825700759887695,3968,0.0,0.0
2024-09-18 11:55:00-04:00,17.959999084472656,17.989900588989258,17.905000686645508,17.920000076293945,3975,0.0,0.0
2024-09-18 12:00:00-04:00,17.915000915527344,17.987899780273438,17.84000015258789,17.84000015258789,2191,0.0,0.0
2024-09-18 12:05:00-04:00,17.989999771118164,18.043500900268555,17.920700073242188,18.043500900268555,2038,0.0,0.0
2024-09-18 12:10:00-04:00,18.074800491333008,18.074800491333008,18.049999237060547,18.049999237060547,823,0.0,0.0
2024-09-18 12:15:00-04:00,18.190000534057617,18.190000534057617,18.09000015258789,18.09000015258789,1214,0.0,0.0
2024-09-18 12:20:00-04:00,18.000099182128906,18.143999099731445,17.8700008392334,18.020000457763672,10892,0.0,0.0
2024-09-18 12:30:00-04:00,17.88010025024414,17.959999084472656,17.88010025024414,17.959999084472656,640,0.0,0.0
2024-09-18 12:35:00-04:00,17.947200775146484,17.947200775146484,17.947200775146484,17.947200775146484,384,0.0,0.0
2024-09-18 12:40:00-04:00,17.97599983215332,17.97599983215332,17.940000534057617,17.940000534057617,591,0.0,0.0
2024-09-18 12:45:00-04:00,17.950000762939453,17.950000762939453,17.950000762939453,17.950000762939453,763,0.0,0.0
2024-09-18 12:50:00-04:00,17.954999923706055,18.110000610351562,17.954999923706055,18.110000610351562,1223,0.0,0.0
2024-09-18 12:55:00-04:00,18.18549919128418,18.18549919128418,18.020099639892578,18.020099639892578,484,0.0,0.0
2024-09-18 13:00:00-04:00,18.165700912475586,18.165700912475586,18.165700912475586,18.165700912475586,490,0.0,0.0
2024-09-18 13:05:00-04:00,18.084999084472656,18.149999618530273,17.954999923706055,17.954999923706055,3069,0.0,0.0
2024-09-18 13:10:00-04:00,18.013999938964844,18.148700714111328,17.975000381469727,18.065000534057617,6109,0.0,0.0
2024-09-18 13:20:00-04:00,18.07990074157715,18.07990074157715,18.07990074157715,18.07990074157715,256,0.0,0.0
2024-09-18 13:25:00-04:00,18.024999618530273,18.069000244140625,18.024999618530273,18.024999618530273,770,0.0,0.0
2024-09-18 13:30:00-04:00,18.100000381469727,18.22089958190918,18.100000381469727,18.21540069580078,2988,0.0,0.0
2024-09-18 13:35:00-04:00,18.165000915527344,18.165000915527344,18.06369972229004,18.06369972229004,568,0.0,0.0
2024-09-18 13:40:00-04:00,18.079999923706055,18.079999923706055,17.940000534057617,17.940000534057617,4233,0.0,0.0
2024-09-18 13:45:00-04:00,17.940000534057617,17.959999084472656,17.8799991607666,17.8799991607666,5033,0.0,0.0
2024-09-18 13:50:00-04:00,17.93000030517578,18.0,17.90999984741211,17.90999984741211,6497,0.0,0.0
2024-09-18 13:55:00-04:00,17.94499969482422,17.979999542236328,17.94499969482422,17.979999542236328,869,0.0,0.0
2024-09-18 14:00:00-04:00,17.899999618530273,18.229999542236328,17.889999389648438,18.114999771118164,15292,0.0,0.0
2024-09-18 14:05:00-04:00,18.139999389648438,18.2593994140625,18.139999389648438,18.174999237060547,6820,0.0,0.0
2024-09-18 14:10:00-04:00,18.173900604248047,18.18199920654297,18.05500030517578,18.05500030517578,602,0.0,0.0
2024-09-18 14:15:00-04:00,18.1299991607666,18.219999313354492,18.1299991607666,18.219999313354492,10314,0.0,0.0
2024-09-18 14:20:00-04:00,18.219999313354492,18.290000915527344,18.161100387573242,18.250099182128906,8413,0.0,0.0
2024-09-18 14:25:00-04:00,18.299999237060547,18.398399353027344,18.299999237060547,18.389999389648438,2373,0.0,0.0
2024-09-18 14:30:00-04:00,18.378400802612305,18.5,18.354999542236328,18.485000610351562,7306,0.0,0.0
2024-09-18 14:35:00-04:00,18.600000381469727,18.649900436401367,18.280000686645508,18.649900436401367,6302,0.0,0.0
2024-09-18 14:40:00-04:00,18.530000686645508,18.530000686645508,18.3700008392334,18.3700008392334,1013,0.0,0.0
2024-09-18 14:45:00-04:00,18.301799774169922,18.520000457763672,18.301799774169922,18.40999984741211,1570,0.0,0.0
2024-09-18 14:50:00-04:00,18.579999923706055,18.648099899291992,18.54669952392578,18.571800231933594,2642,0.0,0.0
2024-09-18 14:55:00-04:00,18.649999618530273,18.649999618530273,18.389999389648438,18.389999389648438,1903,0.0,0.0
2024-09-18 15:00:00-04:00,18.299999237060547,18.309999465942383,18.18000030517578,18.267799377441406,2888,0.0,0.0
2024-09-18 15:05:00-04:00,18.177200317382812,18.177200317382812,18.0,18.114999771118164,2225,0.0,0.0
2024-09-18 15:10:00-04:00,18.219999313354492,18.290000915527344,18.114999771118164,18.209999084472656,2856,0.0,0.0
2024-09-18 15:15:00-04:00,18.139999389648438,18.139999389648438,17.899999618530273,17.99799919128418,9726,0.0,0.0
2024-09-18 15:20:00-04:00,18.0,18.0,17.924999237060547,17.924999237060547,645,0.0,0.0
2024-09-18 15:25:00-04:00,18.0,18.030000686645508,17.950000762939453,17.950000762939453,2758,0.0,0.0
2024-09-18 15:30:00-04:00,18.010000228881836,18.109899520874023,17.8799991607666,18.010000228881836,7558,0.0,0.0
2024-09-18 15:35:00-04:00,17.975000381469727,17.975000381469727,17.8700008392334,17.8700008392334,1497,0.0,0.0
2024-09-18 15:40:00-04:00,17.903799057006836,17.954999923706055,17.860000610351562,17.860000610351562,1384,0.0,0.0
2024-09-18 15:45:00-04:00,17.959999084472656,17.959999084472656,17.700000762939453,17.84000015258789,3666,0.0,0.0
2024-09-18 15:50:00-04:00,17.74370002746582,17.829999923706055,17.70009994506836,17.70009994506836,2954,0.0,0.0
2024-09-18 15:55:00-04:00,17.760000228881836,17.760000228881836,17.520000457763672,17.559999465942383,8655,0.0,0.0
2024-09-19 09:30:00-04:00,18.399999618530273,18.479999542236328,18.059999465942383,18.059999465942383,22093,0.0,0.0
2024-09-19 09:35:00-04:00,18.0,18.053699493408203,18.0,18.014999389648438,4305,0.0,0.0
2024-09-19 09:40:00-04:00,17.899999618530273,17.9950008392334,17.899999618530273,17.9950008392334,2760,0.0,0.0
2024-09-19 09:45:00-04:00,17.809999465942383,17.809999465942383,17.655000686645508,17.75,2745,0.0,0.0
2024-09-19 09:50:00-04:00,17.770000457763672,17.770000457763672,17.770000457763672,17.770000457763672,477,0.0,0.0
2024-09-19 09:55:00-04:00,17.889999389648438,17.9783992767334,17.829999923706055,17.829999923706055,2178,0.0,0.0
2024-09-19 10:00:00-04:00,17.856800079345703,17.856800079345703,17.739999771118164,17.790000915527344,746,0.0,0.0
2024-09-19 10:05:00-04:00,17.850000381469727,17.90999984741211,17.809999465942383,17.809999465942383,1739,0.0,0.0
2024-09-19 10:10:00-04:00,17.780000686645508,17.780000686645508,17.75,17.75,531,0.0,0.0
2024-09-19 10:20:00-04:00,17.799999237060547,17.899999618530273,17.799999237060547,17.899999618530273,2380,0.0,0.0
2024-09-19 10:25:00-04:00,17.834999084472656,17.834999084472656,17.834999084472656,17.834999084472656,675,0.0,0.0
2024-09-19 10:30:00-04:00,17.780000686645508,17.899999618530273,17.695899963378906,17.70009994506836,6602,0.0,0.0
2024-09-19 10:35:00-04:00,17.770700454711914,17.80500030517578,17.6299991607666,17.6299991607666,3834,0.0,0.0
2024-09-19 10:40:00-04:00,17.5,17.5,17.5,17.5,3605,0.0,0.0
2024-09-19 10:50:00-04:00,17.497900009155273,17.5,17.497900009155273,17.5,1122,0.0,0.0
2024-09-19 10:55:00-04:00,17.399999618530273,17.59000015258789,17.3799991607666,17.59000015258789,15297,0.0,0.0
2024-09-19 11:00:00-04:00,17.56999969482422,17.56999969482422,17.530000686645508,17.530000686645508,1103,0.0,0.0
2024-09-19 11:05:00-04:00,17.6294002532959,17.6294002532959,17.604999542236328,17.604999542236328,2159,0.0,0.0
2024-09-19 11:10:00-04:00,17.59830093383789,17.59830093383789,17.510000228881836,17.59000015258789,1534,0.0,0.0
2024-09-19 11:15:00-04:00,17.600000381469727,17.672800064086914,17.600000381469727,17.639999389648438,2440,0.0,0.0
2024-09-19 11:25:00-04:00,17.91119956970215,17.91119956970215,17.91119956970215,17.91119956970215,609,0.0,0.0
2024-09-19 11:30:00-04:00,17.864999771118164,17.864999771118164,17.864999771118164,17.864999771118164,1207,0.0,0.0
2024-09-19 11:35:00-04:00,18.040000915527344,18.040000915527344,18.040000915527344,18.040000915527344,208,0.0,0.0
2024-09-19 11:40:00-04:00,18.049999237060547,18.149999618530273,17.979999542236328,17.979999542236328,8100,0.0,0.0
2024-09-19 11:45:00-04:00,18.024999618530273,18.10059928894043,18.010000228881836,18.010000228881836,1767,0.0,0.0
2024-09-19 11:50:00-04:00,18.010000228881836,18.010000228881836,18.010000228881836,18.010000228881836,282,0.0,0.0
2024-09-19 11:55:00-04:00,18.0,18.11989974975586,17.90999984741211,18.049999237060547,3217,0.0,0.0
2024-09-19 12:00:00-04:00,18.0,18.010000228881836,18.0,18.010000228881836,435,0.0,0.0
2024-09-19 12:10:00-04:00,18.014999389648438,18.014999389648438,18.014999389648438,18.014999389648438,1621,0.0,0.0
2024-09-19 12:15:00-04:00,18.049999237060547,18.049999237060547,18.049999237060547,18.049999237060547,198,0.0,0.0
2024-09-19 12:20:00-04:00,18.045000076293945,18.045000076293945,18.040000915527344,18.045000076293945,2172,0.0,0.0
2024-09-19 12:25:00-04:00,18.1200008392334,18.139999389648438,18.079999923706055,18.092500686645508,1572,0.0,0.0
2024-09-19 12:30:00-04:00,18.059999465942383,18.079999923706055,18.000099182128906,18.079999923706055,646,0.0,0.0
2024-09-19 12:35:00-04:00,18.149999618530273,18.31999969482422,18.149999618530273,18.260000228881836,20865,0.0,0.0
2024-09-19 12:40:00-04:00,18.295000076293945,18.338699340820312,18.250999450683594,18.250999450683594,1750,0.0,0.0
2024-09-19 12:45:00-04:00,18.28499984741211,18.307100296020508,18.229999542236328,18.307100296020508,784,0.0,0.0
2024-09-19 12:50:00-04:00,18.2549991607666,18.2549991607666,18.2549991607666,18.2549991607666,796,0.0,0.0
2024-09-19 12:55:00-04:00,18.25,18.25,18.25,18.25,354,0.0,0.0
2024-09-19 13:00:00-04:00,18.210800170898438,18.31999969482422,18.210800170898438,18.290000915527344,3712,0.0,0.0
2024-09-19 13:10:00-04:00,18.24340057373047,18.25,18.184999465942383,18.184999465942383,4491,0.0,0.0
2024-09-19 13:20:00-04:00,18.16710090637207,18.16710090637207,18.16710090637207,18.16710090637207,1166,0.0,0.0
2024-09-19 13:25:00-04:00,18.223600387573242,18.223600387573242,18.223600387573242,18.223600387573242,956,0.0,0.0
2024-09-19 13:30:00-04:00,18.290000915527344,18.290000915527344,18.290000915527344,18.290000915527344,515,0.0,0.0
2024-09-19 13:35:00-04:00,18.209999084472656,18.274999618530273,18.18000030517578,18.274999618530273,3212,0.0,0.0
2024-09-19 13:40:00-04:00,18.270000457763672,18.270000457763672,18.270000457763672,18.270000457763672,163,0.0,0.0
2024-09-19 13:45:00-04:00,18.270000457763672,18.270000457763672,18.270000457763672,18.270000457763672,616,0.0,0.0
2024-09-19 13:50:00-04:00,18.34000015258789,18.350000381469727,18.34000015258789,18.350000381469727,1384,0.0,0.0
2024-09-19 13:55:00-04:00,18.290000915527344,18.36639976501465,18.290000915527344,18.36639976501465,1102,0.0,0.0
2024-09-19 14:00:00-04:00,18.34000015258789,18.370399475097656,18.270000457763672,18.270000457763672,1662,0.0,0.0
2024-09-19 14:05:00-04:00,18.18000030517578,18.18000030517578,18.110000610351562,18.135000228881836,1938,0.0,0.0
2024-09-19 14:10:00-04:00,18.049999237060547,18.229999542236328,18.049999237060547,18.229999542236328,3589,0.0,0.0
2024-09-19 14:15:00-04:00,18.149099349975586,18.200000762939453,18.135000228881836,18.135000228881836,509,0.0,0.0
2024-09-19 14:20:00-04:00,18.1299991607666,18.1299991607666,18.1299991607666,18.1299991607666,209,0.0,0.0
2024-09-19 14:25:00-04:00,18.1299991607666,18.139999389648438,18.07040023803711,18.07040023803711,784,0.0,0.0
2024-09-19 14:30:00-04:00,18.139999389648438,18.139999389648438,18.049999237060547,18.100000381469727,3945,0.0,0.0
2024-09-19 14:35:00-04:00,18.139999389648438,18.170000076293945,18.059999465942383,18.13479995727539,489,0.0,0.0
2024-09-19 14:40:00-04:00,18.139999389648438,18.15999984741211,18.11039924621582,18.15999984741211,2526,0.0,0.0
2024-09-19 14:50:00-04:00,18.09000015258789,18.09000015258789,18.09000015258789,18.09000015258789,107,0.0,0.0
2024-09-19 14:55:00-04:00,18.09000015258789,18.100000381469727,18.049999237060547,18.079999923706055,3462,0.0,0.0
2024-09-19 15:00:00-04:00,18.094999313354492,18.139999389648438,18.09000015258789,18.09000015258789,4242,0.0,0.0
2024-09-19 15:05:00-04:00,18.100000381469727,18.100000381469727,18.094999313354492,18.094999313354492,856,0.0,0.0
2024-09-19 15:10:00-04:00,18.094999313354492,18.094999313354492,18.084999084472656,18.084999084472656,1899,0.0,0.0
2024-09-19 15:20:00-04:00,18.084999084472656,18.084999084472656,17.90999984741211,17.96500015258789,10605,0.0,0.0
2024-09-19 15:25:00-04:00,18.010000228881836,18.109899520874023,18.010000228881836,18.109899520874023,3089,0.0,0.0
2024-09-19 15:35:00-04:00,18.020000457763672,18.020000457763672,17.9950008392334,17.9950008392334,1830,0.0,0.0
2024-09-19 15:40:00-04:00,18.030000686645508,18.038000106811523,17.9950008392334,17.9950008392334,3991,0.0,0.0
2024-09-19 15:45:00-04:00,18.059999465942383,18.079999923706055,17.920000076293945,17.930099487304688,7519,0.0,0.0
2024-09-19 15:50:00-04:00,17.90999984741211,17.940000534057617,17.899999618530273,17.899999618530273,2734,0.0,0.0
2024-09-19 15:55:00-04:00,17.93000030517578,18.06999969482422,17.93000030517578,18.040000915527344,6195,0.0,0.0
2024-09-20 09:30:00-04:00,18.059999465942383,18.059999465942383,17.84000015258789,17.920000076293945,3933,0.0,0.0
2024-09-20 09:35:00-04:00,18.0,18.0,17.8799991607666,17.8799991607666,944,0.0,0.0
2024-09-20 09:40:00-04:00,17.885000228881836,17.885000228881836,17.829999923706055,17.850000381469727,1375,0.0,0.0
2024-09-20 09:45:00-04:00,17.850000381469727,17.850000381469727,17.610000610351562,17.690000534057617,5114,0.0,0.0
2024-09-20 09:50:00-04:00,17.950000762939453,17.969999313354492,17.75,17.75,2538,0.0,0.0
2024-09-20 10:05:00-04:00,17.670000076293945,17.670000076293945,17.65999984741211,17.65999984741211,1084,0.0,0.0
2024-09-20 10:15:00-04:00,17.979999542236328,17.979999542236328,17.979999542236328,17.979999542236328,2185,0.0,0.0
2024-09-20 10:20:00-04:00,18.09000015258789,18.09000015258789,17.969999313354492,17.969999313354492,1253,0.0,0.0
2024-09-20 10:25:00-04:00,17.950000762939453,17.950000762939453,17.950000762939453,17.950000762939453,928,0.0,0.0
2024-09-20 10:40:00-04:00,18.149999618530273,18.190000534057617,18.06999969482422,18.1299991607666,1895,0.0,0.0
2024-09-20 10:45:00-04:00,18.170000076293945,18.239999771118164,18.079999923706055,18.079999923706055,3018,0.0,0.0
2024-09-20 10:55:00-04:00,18.010000228881836,18.06999969482422,18.010000228881836,18.06999969482422,2440,0.0,0.0
2024-09-20 11:10:00-04:00,18.030000686645508,18.030000686645508,17.899999618530273,17.899999618530273,518,0.0,0.0
2024-09-20 11:20:00-04:00,17.850000381469727,17.850000381469727,17.84000015258789,17.84000015258789,708,0.0,0.0
2024-09-20 11:30:00-04:00,17.825000762939453,17.920000076293945,17.825000762939453,17.920000076293945,2200,0.0,0.0
2024-09-20 11:35:00-04:00,18.132099151611328,18.132099151611328,18.132099151611328,18.132099151611328,721,0.0,0.0
2024-09-20 11:40:00-04:00,18.149999618530273,18.189899444580078,18.13599967956543,18.189899444580078,3521,0.0,0.0
2024-09-20 11:45:00-04:00,18.079999923706055,18.149999618530273,17.979999542236328,18.084999084472656,3274,0.0,0.0
2024-09-20 11:50:00-04:00,18.114999771118164,18.114999771118164,18.114999771118164,18.114999771118164,376,0.0,0.0
2024-09-20 12:00:00-04:00,18.084999084472656,18.084999084472656,18.084999084472656,18.084999084472656,1026,0.0,0.0
2024-09-20 12:15:00-04:00,18.1299991607666,18.208499908447266,18.129899978637695,18.208499908447266,1313,0.0,0.0
2024-09-20 12:20:00-04:00,18.18000030517578,18.18000030517578,18.18000030517578,18.18000030517578,358,0.0,0.0
2024-09-20 12:25:00-04:00,18.008800506591797,18.008800506591797,18.008800506591797,18.008800506591797,981,0.0,0.0
2024-09-20 12:35:00-04:00,18.09000015258789,18.09000015258789,18.09000015258789,18.09000015258789,237,0.0,0.0
2024-09-20 12:40:00-04:00,18.030000686645508,18.18000030517578,18.030000686645508,18.1299991607666,2520,0.0,0.0
2024-09-20 12:45:00-04:00,18.079999923706055,18.079999923706055,18.079999923706055,18.079999923706055,562,0.0,0.0
2024-09-20 12:50:00-04:00,18.079999923706055,18.079999923706055,18.06999969482422,18.075000762939453,968,0.0,0.0
2024-09-20 12:55:00-04:00,18.059999465942383,18.059999465942383,18.045000076293945,18.059999465942383,1440,0.0,0.0
2024-09-20 13:00:00-04:00,18.079999923706055,18.079999923706055,18.079999923706055,18.079999923706055,579,0.0,0.0
2024-09-20 13:05:00-04:00,18.09000015258789,18.09000015258789,18.09000015258789,18.09000015258789,1647,0.0,0.0
2024-09-20 13:10:00-04:00,18.139999389648438,18.18000030517578,18.11009979248047,18.18000030517578,545,0.0,0.0
2024-09-20 13:15:00-04:00,18.14310073852539,18.200000762939453,18.14310073852539,18.200000762939453,970,0.0,0.0
2024-09-20 13:20:00-04:00,18.079999923706055,18.09000015258789,18.0,18.014999389648438,8901,0.0,0.0
2024-09-20 13:25:00-04:00,18.0,18.0,18.0,18.0,2519,0.0,0.0
2024-09-20 13:30:00-04:00,17.9685001373291,17.9685001373291,17.9685001373291,17.9685001373291,513,0.0,0.0
2024-09-20 13:35:00-04:00,17.90999984741211,17.90999984741211,17.84000015258789,17.84000015258789,14912,0.0,0.0
2024-09-20 13:40:00-04:00,17.809999465942383,17.809999465942383,17.774999618530273,17.774999618530273,646,0.0,0.0
2024-09-20 13:45:00-04:00,17.795000076293945,17.795000076293945,17.795000076293945,17.795000076293945,1921,0.0,0.0
2024-09-20 14:00:00-04:00,17.735000610351562,17.735000610351562,17.735000610351562,17.735000610351562,704,0.0,0.0
2024-09-20 14:05:00-04:00,17.700000762939453,17.75,17.520000457763672,17.520000457763672,6152,0.0,0.0
2024-09-20 14:10:00-04:00,17.670000076293945,17.739999771118164,17.549999237060547,17.630399703979492,4229,0.0,0.0
2024-09-20 14:30:00-04:00,17.620100021362305,17.620100021362305,17.620100021362305,17.620100021362305,821,0.0,0.0
2024-09-20 14:35:00-04:00,17.704999923706055,17.81999969482422,17.6299991607666,17.6299991607666,10553,0.0,0.0
2024-09-20 14:40:00-04:00,17.809999465942383,17.943300247192383,17.760000228881836,17.829999923706055,6794,0.0,0.0
2024-09-20 14:45:00-04:00,17.83099937438965,17.84000015258789,17.83099937438965,17.84000015258789,2571,0.0,0.0
2024-09-20 14:50:00-04:00,17.809999465942383,17.809999465942383,17.729999542236328,17.790000915527344,3201,0.0,0.0
2024-09-20 14:55:00-04:00,17.70490074157715,17.795000076293945,17.70490074157715,17.795000076293945,2341,0.0,0.0
2024-09-20 15:00:00-04:00,17.795000076293945,17.795000076293945,17.795000076293945,17.795000076293945,388,0.0,0.0
2024-09-20 15:05:00-04:00,17.84000015258789,17.84000015258789,17.719999313354492,17.719999313354492,979,0.0,0.0
2024-09-20 15:10:00-04:00,17.710399627685547,17.710399627685547,17.710399627685547,17.710399627685547,199,0.0,0.0
2024-09-20 15:15:00-04:00,17.81999969482422,17.81999969482422,17.81999969482422,17.81999969482422,294,0.0,0.0
2024-09-20 15:20:00-04:00,17.8700008392334,17.8700008392334,17.8700008392334,17.8700008392334,182,0.0,0.0
2024-09-20 15:25:00-04:00,17.920000076293945,17.920000076293945,17.709999084472656,17.709999084472656,2855,0.0,0.0
2024-09-20 15:30:00-04:00,17.758499145507812,17.758499145507812,17.758499145507812,17.758499145507812,359,0.0,0.0
2024-09-20 15:35:00-04:00,17.670000076293945,17.75,17.65999984741211,17.75,2202,0.0,0.0
2024-09-20 15:45:00-04:00,17.649999618530273,17.65999984741211,17.6200008392334,17.6200008392334,1609,0.0,0.0
2024-09-20 15:50:00-04:00,17.530000686645508,17.600000381469727,17.520000457763672,17.600000381469727,4097,0.0,0.0
2024-09-20 15:55:00-04:00,17.59000015258789,17.600000381469727,17.5216007232666,17.540000915527344,7410,0.0,0.0
