Datetime,Open,High,Low,Close,Volume,Dividends,Stock Splits
2024-08-22 09:30:00-04:00,2.5299999713897705,2.569999933242798,2.5199999809265137,2.553299903869629,44388,0.0,0.0
2024-08-22 09:35:00-04:00,2.5799999237060547,2.649899959564209,2.5799999237060547,2.609999895095825,66690,0.0,0.0
2024-08-22 09:40:00-04:00,2.6108999252319336,2.690000057220459,2.6108999252319336,2.6847000122070312,62362,0.0,0.0
2024-08-22 09:45:00-04:00,2.6898000240325928,2.847599983215332,2.679800033569336,2.809999942779541,113651,0.0,0.0
2024-08-22 09:50:00-04:00,2.819999933242798,2.859999895095825,2.740000009536743,2.75,167973,0.0,0.0
2024-08-22 09:55:00-04:00,2.7499001026153564,2.7499001026153564,2.690000057220459,2.719899892807007,83741,0.0,0.0
2024-08-22 10:00:00-04:00,2.740000009536743,2.789799928665161,2.7200000286102295,2.780100107192993,25606,0.0,0.0
2024-08-22 10:05:00-04:00,2.799999952316284,2.8299999237060547,2.744999885559082,2.75,58139,0.0,0.0
2024-08-22 10:10:00-04:00,2.740000009536743,2.798099994659424,2.740000009536743,2.7799999713897705,26923,0.0,0.0
2024-08-22 10:15:00-04:00,2.789400100708008,2.789400100708008,2.690000057220459,2.690000057220459,63108,0.0,0.0
2024-08-22 10:20:00-04:00,2.684999942779541,2.75,2.684999942779541,2.75,13837,0.0,0.0
2024-08-22 10:25:00-04:00,2.759999990463257,2.7899999618530273,2.743499994277954,2.759999990463257,88128,0.0,0.0
2024-08-22 10:30:00-04:00,2.7597999572753906,2.789099931716919,2.759700059890747,2.789099931716919,7280,0.0,0.0
2024-08-22 10:35:00-04:00,2.7939999103546143,2.8299999237060547,2.7939999103546143,2.809999942779541,26148,0.0,0.0
2024-08-22 10:40:00-04:00,2.818000078201294,2.818000078201294,2.759999990463257,2.759999990463257,29697,0.0,0.0
2024-08-22 10:45:00-04:00,2.759999990463257,2.7750000953674316,2.7300000190734863,2.75,22342,0.0,0.0
2024-08-22 10:50:00-04:00,2.7490999698638916,2.756700038909912,2.7249999046325684,2.740000009536743,14619,0.0,0.0
2024-08-22 10:55:00-04:00,2.730799913406372,2.7699999809265137,2.7297000885009766,2.7699999809265137,10284,0.0,0.0
2024-08-22 11:00:00-04:00,2.7699999809265137,2.7699999809265137,2.740000009536743,2.740000009536743,13922,0.0,0.0
2024-08-22 11:05:00-04:00,2.7499001026153564,2.759999990463257,2.740000009536743,2.755000114440918,5482,0.0,0.0
2024-08-22 11:10:00-04:00,2.759999990463257,2.759999990463257,2.740000009536743,2.740000009536743,16082,0.0,0.0
2024-08-22 11:15:00-04:00,2.7300000190734863,2.7300000190734863,2.690000057220459,2.700000047683716,57322,0.0,0.0
2024-08-22 11:20:00-04:00,2.6900999546051025,2.699899911880493,2.690000057220459,2.699899911880493,2842,0.0,0.0
2024-08-22 11:25:00-04:00,2.694999933242798,2.7200000286102295,2.6902999877929688,2.700000047683716,9171,0.0,0.0
2024-08-22 11:30:00-04:00,2.717600107192993,2.717600107192993,2.700000047683716,2.7000999450683594,10652,0.0,0.0
2024-08-22 11:35:00-04:00,2.7093000411987305,2.7100000381469727,2.690000057220459,2.7009999752044678,7480,0.0,0.0
2024-08-22 11:40:00-04:00,2.7040998935699463,2.710099935531616,2.7009999752044678,2.7009999752044678,2874,0.0,0.0
2024-08-22 11:45:00-04:00,2.7149999141693115,2.7200000286102295,2.680000066757202,2.700000047683716,14860,0.0,0.0
2024-08-22 11:50:00-04:00,2.7100000381469727,2.7300000190734863,2.700000047683716,2.7300000190734863,14436,0.0,0.0
2024-08-22 11:55:00-04:00,2.7497000694274902,2.7799999713897705,2.740000009536743,2.75,21473,0.0,0.0
2024-08-22 12:00:00-04:00,2.755000114440918,2.7792999744415283,2.744999885559082,2.7702999114990234,14314,0.0,0.0
2024-08-22 12:05:00-04:00,2.7699999809265137,2.7699999809265137,2.7600998878479004,2.7600998878479004,12442,0.0,0.0
2024-08-22 12:10:00-04:00,2.766200065612793,2.809799909591675,2.766200065612793,2.800100088119507,59261,0.0,0.0
2024-08-22 12:15:00-04:00,2.809999942779541,2.809999942779541,2.759999990463257,2.7683000564575195,35344,0.0,0.0
2024-08-22 12:20:00-04:00,2.765000104904175,2.8399999141693115,2.765000104904175,2.8297998905181885,37996,0.0,0.0
2024-08-22 12:25:00-04:00,2.829900026321411,2.829900026321411,2.809999942779541,2.81030011177063,15320,0.0,0.0
2024-08-22 12:30:00-04:00,2.808500051498413,2.819999933242798,2.7799999713897705,2.7899999618530273,35015,0.0,0.0
2024-08-22 12:35:00-04:00,2.799999952316284,2.8199000358581543,2.7997000217437744,2.8199000358581543,17365,0.0,0.0
2024-08-22 12:40:00-04:00,2.8099000453948975,2.8299999237060547,2.8099000453948975,2.825900077819824,28509,0.0,0.0
2024-08-22 12:45:00-04:00,2.823699951171875,2.839900016784668,2.799999952316284,2.829900026321411,24353,0.0,0.0
2024-08-22 12:50:00-04:00,2.829900026321411,2.839200019836426,2.81469988822937,2.815000057220459,34182,0.0,0.0
2024-08-22 12:55:00-04:00,2.811500072479248,2.811500072479248,2.7850000858306885,2.7850000858306885,26697,0.0,0.0
2024-08-22 13:00:00-04:00,2.782599925994873,2.805000066757202,2.780100107192993,2.800100088119507,10413,0.0,0.0
2024-08-22 13:05:00-04:00,2.7850000858306885,2.809999942779541,2.7850000858306885,2.808300018310547,8587,0.0,0.0
2024-08-22 13:10:00-04:00,2.8099000453948975,2.829900026321411,2.799999952316284,2.8199000358581543,25976,0.0,0.0
2024-08-22 13:15:00-04:00,2.81820011138916,2.839900016784668,2.809999942779541,2.8215999603271484,78609,0.0,0.0
2024-08-22 13:20:00-04:00,2.829900026321411,2.8359999656677246,2.7799999713897705,2.789900064468384,21915,0.0,0.0
2024-08-22 13:25:00-04:00,2.7850000858306885,2.789900064468384,2.75,2.759999990463257,35266,0.0,0.0
2024-08-22 13:30:00-04:00,2.759999990463257,2.7699999809265137,2.754499912261963,2.7690000534057617,6509,0.0,0.0
2024-08-22 13:35:00-04:00,2.7600998878479004,2.7964999675750732,2.759999990463257,2.7964999675750732,19780,0.0,0.0
2024-08-22 13:40:00-04:00,2.788300037384033,2.789900064468384,2.7799999713897705,2.7799999713897705,1239,0.0,0.0
2024-08-22 13:45:00-04:00,2.7690999507904053,2.7792999744415283,2.7690999507904053,2.7699999809265137,2712,0.0,0.0
2024-08-22 13:50:00-04:00,2.7699999809265137,2.7799999713897705,2.765000104904175,2.7699999809265137,4896,0.0,0.0
2024-08-22 13:55:00-04:00,2.7699999809265137,2.7699999809265137,2.75,2.759000062942505,18074,0.0,0.0
2024-08-22 14:00:00-04:00,2.752000093460083,2.752000093460083,2.740000009536743,2.744999885559082,14329,0.0,0.0
2024-08-22 14:05:00-04:00,2.740299940109253,2.75,2.740299940109253,2.75,6744,0.0,0.0
2024-08-22 14:10:00-04:00,2.76990008354187,2.7709999084472656,2.765000104904175,2.7709999084472656,7743,0.0,0.0
2024-08-22 14:15:00-04:00,2.7699999809265137,2.7699999809265137,2.759999990463257,2.759999990463257,4374,0.0,0.0
2024-08-22 14:20:00-04:00,2.7620999813079834,2.7809998989105225,2.7620999813079834,2.7799999713897705,6079,0.0,0.0
2024-08-22 14:25:00-04:00,2.7799999713897705,2.7888998985290527,2.7769999504089355,2.780100107192993,3302,0.0,0.0
2024-08-22 14:30:00-04:00,2.7799999713897705,2.7850000858306885,2.76990008354187,2.76990008354187,5870,0.0,0.0
2024-08-22 14:35:00-04:00,2.765000104904175,2.76990008354187,2.740000009536743,2.755000114440918,19399,0.0,0.0
2024-08-22 14:40:00-04:00,2.753999948501587,2.761699914932251,2.75,2.759999990463257,10141,0.0,0.0
2024-08-22 14:45:00-04:00,2.7699999809265137,2.7799999713897705,2.769700050354004,2.7701001167297363,17730,0.0,0.0
2024-08-22 14:50:00-04:00,2.750699996948242,2.759999990463257,2.7316999435424805,2.7316999435424805,11633,0.0,0.0
2024-08-22 14:55:00-04:00,2.740000009536743,2.740000009536743,2.690000057220459,2.70989990234375,50425,0.0,0.0
2024-08-22 15:00:00-04:00,2.70989990234375,2.7200000286102295,2.700000047683716,2.700000047683716,13151,0.0,0.0
2024-08-22 15:05:00-04:00,2.700000047683716,2.7200000286102295,2.698699951171875,2.698699951171875,11332,0.0,0.0
2024-08-22 15:10:00-04:00,2.700000047683716,2.7100000381469727,2.68149995803833,2.7002999782562256,16990,0.0,0.0
2024-08-22 15:15:00-04:00,2.700000047683716,2.7100000381469727,2.690000057220459,2.690000057220459,15726,0.0,0.0
2024-08-22 15:20:00-04:00,2.6991000175476074,2.7100000381469727,2.688999891281128,2.699899911880493,14742,0.0,0.0
2024-08-22 15:25:00-04:00,2.684999942779541,2.700000047683716,2.6805999279022217,2.700000047683716,13384,0.0,0.0
2024-08-22 15:30:00-04:00,2.690000057220459,2.690000057220459,2.6800999641418457,2.690000057220459,9104,0.0,0.0
2024-08-22 15:35:00-04:00,2.6809000968933105,2.7049999237060547,2.6700000762939453,2.680000066757202,35101,0.0,0.0
2024-08-22 15:40:00-04:00,2.6700000762939453,2.6700000762939453,2.630000114440918,2.634999990463257,37797,0.0,0.0
2024-08-22 15:45:00-04:00,2.6449999809265137,2.6493000984191895,2.640000104904175,2.6410000324249268,3767,0.0,0.0
2024-08-22 15:50:00-04:00,2.640000104904175,2.6600000858306885,2.619999885559082,2.640000104904175,62408,0.0,0.0
2024-08-22 15:55:00-04:00,2.639899969100952,2.639899969100952,2.619999885559082,2.630000114440918,17395,0.0,0.0
2024-08-23 09:30:00-04:00,2.5799999237060547,2.601799964904785,2.569999933242798,2.5999999046325684,73491,0.0,0.0
2024-08-23 09:35:00-04:00,2.6050000190734863,2.639899969100952,2.5950000286102295,2.639899969100952,17950,0.0,0.0
2024-08-23 09:40:00-04:00,2.6500000953674316,2.6600000858306885,2.609999895095825,2.6173999309539795,27440,0.0,0.0
2024-08-23 09:45:00-04:00,2.619999885559082,2.619999885559082,2.5790998935699463,2.5790998935699463,19010,0.0,0.0
2024-08-23 09:50:00-04:00,2.571700096130371,2.575500011444092,2.549999952316284,2.559999942779541,11311,0.0,0.0
2024-08-23 09:55:00-04:00,2.559999942779541,2.5899999141693115,2.559999942779541,2.5706000328063965,17504,0.0,0.0
2024-08-23 10:00:00-04:00,2.569499969482422,2.5899999141693115,2.569499969482422,2.5899999141693115,3024,0.0,0.0
2024-08-23 10:05:00-04:00,2.5899999141693115,2.5899999141693115,2.5450000762939453,2.5608999729156494,14515,0.0,0.0
2024-08-23 10:10:00-04:00,2.569999933242798,2.5799999237060547,2.5399999618530273,2.5799999237060547,8884,0.0,0.0
2024-08-23 10:15:00-04:00,2.569999933242798,2.5820000171661377,2.559999942779541,2.559999942779541,12268,0.0,0.0
2024-08-23 10:20:00-04:00,2.559999942779541,2.6387999057769775,2.559999942779541,2.6387999057769775,4829,0.0,0.0
2024-08-23 10:25:00-04:00,2.640000104904175,2.6700000762939453,2.621799945831299,2.669100046157837,8721,0.0,0.0
2024-08-23 10:30:00-04:00,2.6600000858306885,2.6700000762939453,2.6510000228881836,2.6600000858306885,10449,0.0,0.0
2024-08-23 10:35:00-04:00,2.6600000858306885,2.668299913406372,2.6008999347686768,2.609999895095825,16708,0.0,0.0
2024-08-23 10:40:00-04:00,2.609999895095825,2.625,2.5999999046325684,2.5999999046325684,11056,0.0,0.0
2024-08-23 10:45:00-04:00,2.6050000190734863,2.6050000190734863,2.5999999046325684,2.5999999046325684,1490,0.0,0.0
2024-08-23 10:50:00-04:00,2.5999999046325684,2.5999999046325684,2.5799999237060547,2.5896999835968018,6701,0.0,0.0
2024-08-23 10:55:00-04:00,2.5899999141693115,2.5899999141693115,2.585200071334839,2.5899999141693115,1413,0.0,0.0
2024-08-23 11:00:00-04:00,2.5799999237060547,2.5799999237060547,2.559999942779541,2.5701000690460205,11075,0.0,0.0
2024-08-23 11:05:00-04:00,2.569999933242798,2.569999933242798,2.559999942779541,2.5643999576568604,4055,0.0,0.0
2024-08-23 11:10:00-04:00,2.569999933242798,2.575000047683716,2.549999952316284,2.569999933242798,33005,0.0,0.0
2024-08-23 11:15:00-04:00,2.569999933242798,2.5799999237060547,2.559999942779541,2.5799999237060547,4504,0.0,0.0
2024-08-23 11:20:00-04:00,2.6113998889923096,2.6113998889923096,2.6019999980926514,2.6050000190734863,4249,0.0,0.0
2024-08-23 11:25:00-04:00,2.6098999977111816,2.6098999977111816,2.6098999977111816,2.6098999977111816,657,0.0,0.0
2024-08-23 11:30:00-04:00,2.609999895095825,2.609999895095825,2.601599931716919,2.601599931716919,1535,0.0,0.0
2024-08-23 11:35:00-04:00,2.609999895095825,2.609999895095825,2.609999895095825,2.609999895095825,1012,0.0,0.0
2024-08-23 11:40:00-04:00,2.603600025177002,2.603600025177002,2.5899999141693115,2.5899999141693115,1718,0.0,0.0
2024-08-23 11:45:00-04:00,2.5806000232696533,2.5899999141693115,2.5806000232696533,2.5899999141693115,4770,0.0,0.0
2024-08-23 11:50:00-04:00,2.5801000595092773,2.588200092315674,2.575000047683716,2.5752999782562256,7803,0.0,0.0
2024-08-23 11:55:00-04:00,2.575000047683716,2.5999999046325684,2.575000047683716,2.5899999141693115,9377,0.0,0.0
2024-08-23 12:00:00-04:00,2.589900016784668,2.589900016784668,2.569999933242798,2.579900026321411,4079,0.0,0.0
2024-08-23 12:05:00-04:00,2.569999933242798,2.569999933242798,2.569999933242798,2.569999933242798,615,0.0,0.0
2024-08-23 12:10:00-04:00,2.575000047683716,2.5799999237060547,2.575000047683716,2.5799999237060547,1806,0.0,0.0
2024-08-23 12:20:00-04:00,2.5899999141693115,2.590100049972534,2.5799999237060547,2.5899999141693115,17270,0.0,0.0
2024-08-23 12:25:00-04:00,2.5799999237060547,2.5899999141693115,2.5799999237060547,2.5899999141693115,0,0.0,0.0
2024-08-23 12:30:00-04:00,2.5899999141693115,2.5899999141693115,2.559999942779541,2.559999942779541,22525,0.0,0.0
2024-08-23 12:35:00-04:00,2.560699939727783,2.560699939727783,2.560699939727783,2.560699939727783,1253,0.0,0.0
2024-08-23 12:40:00-04:00,2.5880000591278076,2.5880000591278076,2.5606000423431396,2.569700002670288,1225,0.0,0.0
2024-08-23 12:45:00-04:00,2.565000057220459,2.565200090408325,2.565000057220459,2.565000057220459,1040,0.0,0.0
2024-08-23 12:50:00-04:00,2.559999942779541,2.559999942779541,2.5399999618530273,2.5599000453948975,16555,0.0,0.0
2024-08-23 12:55:00-04:00,2.559999942779541,2.569999933242798,2.5597000122070312,2.569999933242798,2240,0.0,0.0
2024-08-23 13:00:00-04:00,2.559999942779541,2.559999942779541,2.559999942779541,2.559999942779541,171,0.0,0.0
2024-08-23 13:05:00-04:00,2.559999942779541,2.559999942779541,2.559999942779541,2.559999942779541,827,0.0,0.0
2024-08-23 13:10:00-04:00,2.559999942779541,2.569999933242798,2.559999942779541,2.563199996948242,1387,0.0,0.0
2024-08-23 13:15:00-04:00,2.559999942779541,2.569999933242798,2.559999942779541,2.569999933242798,3712,0.0,0.0
2024-08-23 13:20:00-04:00,2.589099884033203,2.589099884033203,2.589099884033203,2.589099884033203,746,0.0,0.0
2024-08-23 13:25:00-04:00,2.5796000957489014,2.5799999237060547,2.5796000957489014,2.5799999237060547,4464,0.0,0.0
2024-08-23 13:30:00-04:00,2.5892999172210693,2.5892999172210693,2.5880000591278076,2.5880000591278076,1844,0.0,0.0
2024-08-23 13:35:00-04:00,2.5799999237060547,2.5799999237060547,2.569999933242798,2.569999933242798,1143,0.0,0.0
2024-08-23 13:40:00-04:00,2.5799999237060547,2.5799999237060547,2.579900026321411,2.579900026321411,757,0.0,0.0
2024-08-23 13:45:00-04:00,2.5790998935699463,2.5790998935699463,2.5790998935699463,2.5790998935699463,936,0.0,0.0
2024-08-23 13:50:00-04:00,2.5799999237060547,2.5799999237060547,2.5799999237060547,2.5799999237060547,1865,0.0,0.0
2024-08-23 13:55:00-04:00,2.579900026321411,2.579900026321411,2.575000047683716,2.575000047683716,1280,0.0,0.0
2024-08-23 14:00:00-04:00,2.569999933242798,2.575000047683716,2.549999952316284,2.549999952316284,527,0.0,0.0
2024-08-23 14:10:00-04:00,2.5689001083374023,2.5699000358581543,2.555000066757202,2.555000066757202,2780,0.0,0.0
2024-08-23 14:15:00-04:00,2.557499885559082,2.5785000324249268,2.549999952316284,2.5785000324249268,1758,0.0,0.0
2024-08-23 14:20:00-04:00,2.569999933242798,2.569999933242798,2.569999933242798,2.569999933242798,358,0.0,0.0
2024-08-23 14:25:00-04:00,2.5678999423980713,2.5678999423980713,2.5678999423980713,2.5678999423980713,3036,0.0,0.0
2024-08-23 14:30:00-04:00,2.549999952316284,2.549999952316284,2.549999952316284,2.549999952316284,309,0.0,0.0
2024-08-23 14:35:00-04:00,2.549999952316284,2.559999942779541,2.5399999618530273,2.559999942779541,5094,0.0,0.0
2024-08-23 14:40:00-04:00,2.559999942779541,2.559999942779541,2.549999952316284,2.549999952316284,2231,0.0,0.0
2024-08-23 14:45:00-04:00,2.5599000453948975,2.5599000453948975,2.5599000453948975,2.5599000453948975,140,0.0,0.0
2024-08-23 14:50:00-04:00,2.555000066757202,2.555000066757202,2.555000066757202,2.555000066757202,257,0.0,0.0
2024-08-23 14:55:00-04:00,2.549999952316284,2.549999952316284,2.549999952316284,2.549999952316284,3402,0.0,0.0
2024-08-23 15:05:00-04:00,2.5606000423431396,2.5606000423431396,2.5606000423431396,2.5606000423431396,700,0.0,0.0
2024-08-23 15:10:00-04:00,2.569999933242798,2.569999933242798,2.569999933242798,2.569999933242798,1288,0.0,0.0
2024-08-23 15:15:00-04:00,2.5708000659942627,2.579900026321411,2.569999933242798,2.5794999599456787,4591,0.0,0.0
2024-08-23 15:20:00-04:00,2.5799999237060547,2.5799999237060547,2.5789999961853027,2.5799999237060547,7902,0.0,0.0
2024-08-23 15:25:00-04:00,2.5799999237060547,2.5799999237060547,2.569999933242798,2.569999933242798,1180,0.0,0.0
2024-08-23 15:30:00-04:00,2.5799999237060547,2.6094000339508057,2.5799999237060547,2.6094000339508057,9509,0.0,0.0
2024-08-23 15:35:00-04:00,2.5999999046325684,2.609999895095825,2.5950000286102295,2.609999895095825,10504,0.0,0.0
2024-08-23 15:40:00-04:00,2.6191000938415527,2.6191000938415527,2.609999895095825,2.609999895095825,9930,0.0,0.0
2024-08-23 15:45:00-04:00,2.615000009536743,2.6177000999450684,2.59089994430542,2.5950000286102295,10837,0.0,0.0
2024-08-23 15:50:00-04:00,2.6013998985290527,2.6050000190734863,2.5934998989105225,2.5950000286102295,11347,0.0,0.0
2024-08-23 15:55:00-04:00,2.590100049972534,2.5901999473571777,2.569999933242798,2.569999933242798,17324,0.0,0.0
2024-08-26 09:30:00-04:00,2.619999885559082,2.630000114440918,2.5399999618530273,2.5399999618530273,49046,0.0,0.0
2024-08-26 09:35:00-04:00,2.5299999713897705,2.5399999618530273,2.529099941253662,2.5399999618530273,5981,0.0,0.0
2024-08-26 09:40:00-04:00,2.5399999618530273,2.549999952316284,2.5399999618530273,2.5499000549316406,2645,0.0,0.0
2024-08-26 09:45:00-04:00,2.559999942779541,2.559999942779541,2.509999990463257,2.51200008392334,15453,0.0,0.0
2024-08-26 09:50:00-04:00,2.514699935913086,2.514699935913086,2.430000066757202,2.430000066757202,37677,0.0,0.0
2024-08-26 09:55:00-04:00,2.430000066757202,2.5199999809265137,2.4200000762939453,2.5190999507904053,18920,0.0,0.0
2024-08-26 10:00:00-04:00,2.5299999713897705,2.5299999713897705,2.509999990463257,2.51990008354187,16583,0.0,0.0
2024-08-26 10:05:00-04:00,2.509999990463257,2.515000104904175,2.5,2.515000104904175,3582,0.0,0.0
2024-08-26 10:10:00-04:00,2.5,2.505000114440918,2.490000009536743,2.490000009536743,5817,0.0,0.0
2024-08-26 10:15:00-04:00,2.490000009536743,2.496299982070923,2.4549999237060547,2.4549999237060547,20438,0.0,0.0
2024-08-26 10:20:00-04:00,2.4549999237060547,2.494999885559082,2.450000047683716,2.4600000381469727,34044,0.0,0.0
2024-08-26 10:25:00-04:00,2.4549999237060547,2.460099935531616,2.440000057220459,2.440000057220459,24656,0.0,0.0
2024-08-26 10:30:00-04:00,2.440000057220459,2.4498000144958496,2.4200000762939453,2.4200000762939453,24481,0.0,0.0
2024-08-26 10:35:00-04:00,2.4200000762939453,2.4202001094818115,2.4100000858306885,2.4149999618530273,18975,0.0,0.0
2024-08-26 10:40:00-04:00,2.4100000858306885,2.430000066757202,2.369999885559082,2.380000114440918,63716,0.0,0.0
2024-08-26 10:45:00-04:00,2.380000114440918,2.399899959564209,2.369999885559082,2.399899959564209,25485,0.0,0.0
2024-08-26 10:50:00-04:00,2.3949999809265137,2.407599925994873,2.380000114440918,2.407599925994873,25818,0.0,0.0
2024-08-26 10:55:00-04:00,2.4149999618530273,2.4149999618530273,2.3940000534057617,2.4000000953674316,20852,0.0,0.0
2024-08-26 11:00:00-04:00,2.4000000953674316,2.4296000003814697,2.4000000953674316,2.4000000953674316,12884,0.0,0.0
2024-08-26 11:05:00-04:00,2.4019999504089355,2.4200000762939453,2.4019999504089355,2.4200000762939453,3500,0.0,0.0
2024-08-26 11:10:00-04:00,2.4200000762939453,2.4200000762939453,2.4100000858306885,2.4100000858306885,4637,0.0,0.0
2024-08-26 11:15:00-04:00,2.4100000858306885,2.4149999618530273,2.4100000858306885,2.4149999618530273,2078,0.0,0.0
2024-08-26 11:20:00-04:00,2.4077999591827393,2.4077999591827393,2.4077999591827393,2.4077999591827393,305,0.0,0.0
2024-08-26 11:25:00-04:00,2.4049999713897705,2.4049999713897705,2.3949999809265137,2.3949999809265137,3112,0.0,0.0
2024-08-26 11:30:00-04:00,2.399600028991699,2.399899959564209,2.3949999809265137,2.3949999809265137,4727,0.0,0.0
2024-08-26 11:35:00-04:00,2.3949999809265137,2.3949999809265137,2.380000114440918,2.38070011138916,33061,0.0,0.0
2024-08-26 11:40:00-04:00,2.384999990463257,2.390000104904175,2.369999885559082,2.375,14370,0.0,0.0
2024-08-26 11:45:00-04:00,2.375,2.390000104904175,2.375,2.384999990463257,10259,0.0,0.0
2024-08-26 11:50:00-04:00,2.390000104904175,2.4000000953674316,2.390000104904175,2.3949999809265137,17706,0.0,0.0
2024-08-26 11:55:00-04:00,2.399199962615967,2.4049999713897705,2.390000104904175,2.4049999713897705,14451,0.0,0.0
2024-08-26 12:00:00-04:00,2.4049999713897705,2.4196999073028564,2.4000000953674316,2.4100000858306885,16535,0.0,0.0
2024-08-26 12:05:00-04:00,2.4049999713897705,2.4049999713897705,2.3949999809265137,2.399899959564209,21065,0.0,0.0
2024-08-26 12:10:00-04:00,2.390000104904175,2.3949999809265137,2.380000114440918,2.380000114440918,2757,0.0,0.0
2024-08-26 12:15:00-04:00,2.384999990463257,2.4000000953674316,2.384999990463257,2.390000104904175,9142,0.0,0.0
2024-08-26 12:20:00-04:00,2.3949999809265137,2.3949999809265137,2.390000104904175,2.390000104904175,9769,0.0,0.0
2024-08-26 12:25:00-04:00,2.3949999809265137,2.3949999809265137,2.369999885559082,2.369999885559082,26780,0.0,0.0
2024-08-26 12:30:00-04:00,2.375,2.375,2.3399999141693115,2.3499999046325684,26861,0.0,0.0
2024-08-26 12:35:00-04:00,2.3450000286102295,2.369999885559082,2.3299999237060547,2.369999885559082,24216,0.0,0.0
2024-08-26 12:40:00-04:00,2.3550000190734863,2.359999895095825,2.3550000190734863,2.3550000190734863,6726,0.0,0.0
2024-08-26 12:45:00-04:00,2.3550000190734863,2.3550000190734863,2.3399999141693115,2.3399999141693115,16099,0.0,0.0
2024-08-26 12:50:00-04:00,2.3399999141693115,2.3450000286102295,2.3299999237060547,2.3399999141693115,12837,0.0,0.0
2024-08-26 12:55:00-04:00,2.3450000286102295,2.3550000190734863,2.3405001163482666,2.3550000190734863,9964,0.0,0.0
2024-08-26 13:00:00-04:00,2.3598999977111816,2.3598999977111816,2.3450000286102295,2.3499999046325684,5482,0.0,0.0
2024-08-26 13:05:00-04:00,2.350100040435791,2.365000009536743,2.350100040435791,2.3550000190734863,4705,0.0,0.0
2024-08-26 13:10:00-04:00,2.3550000190734863,2.369999885559082,2.3550000190734863,2.365000009536743,9116,0.0,0.0
2024-08-26 13:15:00-04:00,2.365000009536743,2.365000009536743,2.3297998905181885,2.329900026321411,52198,0.0,0.0
2024-08-26 13:20:00-04:00,2.325000047683716,2.3399999141693115,2.325000047683716,2.3299999237060547,12101,0.0,0.0
2024-08-26 13:25:00-04:00,2.3299999237060547,2.3396999835968018,2.3299999237060547,2.3350000381469727,6613,0.0,0.0
2024-08-26 13:30:00-04:00,2.325000047683716,2.3550000190734863,2.319999933242798,2.3550000190734863,10378,0.0,0.0
2024-08-26 13:35:00-04:00,2.3550000190734863,2.359100103378296,2.3501999378204346,2.3550000190734863,12186,0.0,0.0
2024-08-26 13:40:00-04:00,2.3550000190734863,2.3550000190734863,2.3299999237060547,2.3450000286102295,18098,0.0,0.0
2024-08-26 13:45:00-04:00,2.3299999237060547,2.3350000381469727,2.325000047683716,2.3299999237060547,7824,0.0,0.0
2024-08-26 13:50:00-04:00,2.3299999237060547,2.3359999656677246,2.3299999237060547,2.3350000381469727,1356,0.0,0.0
2024-08-26 13:55:00-04:00,2.3350000381469727,2.3499999046325684,2.3299999237060547,2.3499999046325684,6113,0.0,0.0
2024-08-26 14:00:00-04:00,2.3450000286102295,2.3598999977111816,2.340100049972534,2.3550000190734863,3443,0.0,0.0
2024-08-26 14:05:00-04:00,2.3550000190734863,2.369999885559082,2.3550000190734863,2.3550000190734863,5618,0.0,0.0
2024-08-26 14:10:00-04:00,2.3550000190734863,2.375,2.3550000190734863,2.359999895095825,6320,0.0,0.0
2024-08-26 14:20:00-04:00,2.365000009536743,2.3694000244140625,2.365000009536743,2.365000009536743,953,0.0,0.0
2024-08-26 14:30:00-04:00,2.365000009536743,2.369999885559082,2.365000009536743,2.369999885559082,1242,0.0,0.0
2024-08-26 14:35:00-04:00,2.375,2.3801000118255615,2.375,2.375,5706,0.0,0.0
2024-08-26 14:40:00-04:00,2.375,2.3791000843048096,2.375,2.3791000843048096,301,0.0,0.0
2024-08-26 14:45:00-04:00,2.375,2.380000114440918,2.375,2.380000114440918,4297,0.0,0.0
2024-08-26 14:50:00-04:00,2.375,2.3798000812530518,2.375,2.3798000812530518,531,0.0,0.0
2024-08-26 14:55:00-04:00,2.375,2.375,2.375,2.375,613,0.0,0.0
2024-08-26 15:05:00-04:00,2.3798999786376953,2.3798999786376953,2.3798999786376953,2.3798999786376953,947,0.0,0.0
2024-08-26 15:15:00-04:00,2.384999990463257,2.3994998931884766,2.384999990463257,2.3994998931884766,3521,0.0,0.0
2024-08-26 15:20:00-04:00,2.4000000953674316,2.409899950027466,2.3949999809265137,2.40910005569458,11667,0.0,0.0
2024-08-26 15:25:00-04:00,2.4049999713897705,2.4100000858306885,2.380000114440918,2.380000114440918,3803,0.0,0.0
2024-08-26 15:30:00-04:00,2.380000114440918,2.380000114440918,2.380000114440918,2.380000114440918,87,0.0,0.0
2024-08-26 15:35:00-04:00,2.384999990463257,2.384999990463257,2.384999990463257,2.384999990463257,101,0.0,0.0
2024-08-26 15:40:00-04:00,2.384999990463257,2.389899969100952,2.380000114440918,2.384999990463257,1499,0.0,0.0
2024-08-26 15:45:00-04:00,2.3879001140594482,2.390000104904175,2.375,2.3798999786376953,6576,0.0,0.0
2024-08-26 15:50:00-04:00,2.380000114440918,2.384999990463257,2.369999885559082,2.369999885559082,15997,0.0,0.0
2024-08-26 15:55:00-04:00,2.369999885559082,2.4100000858306885,2.369999885559082,2.4100000858306885,52130,0.0,0.0
2024-08-27 09:30:00-04:00,2.319999933242798,2.4075000286102295,2.319999933242798,2.4000000953674316,55706,0.0,0.0
2024-08-27 09:35:00-04:00,2.4000000953674316,2.430000066757202,2.3989999294281006,2.4100000858306885,29672,0.0,0.0
2024-08-27 09:40:00-04:00,2.4000000953674316,2.4000000953674316,2.3499999046325684,2.380000114440918,22125,0.0,0.0
2024-08-27 09:45:00-04:00,2.369999885559082,2.380000114440918,2.359999895095825,2.380000114440918,13535,0.0,0.0
2024-08-27 09:50:00-04:00,2.369999885559082,2.369999885559082,2.299999952316284,2.299999952316284,34458,0.0,0.0
2024-08-27 09:55:00-04:00,2.299999952316284,2.3299999237060547,2.299999952316284,2.3299999237060547,11544,0.0,0.0
2024-08-27 10:00:00-04:00,2.3299999237060547,2.3399999141693115,2.3299999237060547,2.3299999237060547,4077,0.0,0.0
2024-08-27 10:05:00-04:00,2.3310999870300293,2.365000009536743,2.3310999870300293,2.350100040435791,5420,0.0,0.0
2024-08-27 10:10:00-04:00,2.3399999141693115,2.3399999141693115,2.3299999237060547,2.3299999237060547,1102,0.0,0.0
2024-08-27 10:15:00-04:00,2.3399999141693115,2.3399999141693115,2.319999933242798,2.3208000659942627,20008,0.0,0.0
2024-08-27 10:20:00-04:00,2.325000047683716,2.351900100708008,2.319999933242798,2.351900100708008,2879,0.0,0.0
2024-08-27 10:25:00-04:00,2.350100040435791,2.350100040435791,2.3399999141693115,2.3399999141693115,14482,0.0,0.0
2024-08-27 10:30:00-04:00,2.3350000381469727,2.3397998809814453,2.3299999237060547,2.3299999237060547,1853,0.0,0.0
2024-08-27 10:35:00-04:00,2.3399999141693115,2.3399999141693115,2.319999933242798,2.3299999237060547,3593,0.0,0.0
2024-08-27 10:40:00-04:00,2.3310000896453857,2.3450000286102295,2.3299999237060547,2.335200071334839,14139,0.0,0.0
2024-08-27 10:45:00-04:00,2.3399999141693115,2.3499999046325684,2.3399999141693115,2.3399999141693115,3476,0.0,0.0
2024-08-27 10:50:00-04:00,2.3450000286102295,2.3450000286102295,2.3450000286102295,2.3450000286102295,2646,0.0,0.0
2024-08-27 10:55:00-04:00,2.3410000801086426,2.3450000286102295,2.3410000801086426,2.3450000286102295,1587,0.0,0.0
2024-08-27 11:00:00-04:00,2.3450000286102295,2.3450000286102295,2.3299999237060547,2.3350000381469727,2137,0.0,0.0
2024-08-27 11:05:00-04:00,2.3401999473571777,2.3401999473571777,2.3399999141693115,2.3399999141693115,13011,0.0,0.0
2024-08-27 11:10:00-04:00,2.3399999141693115,2.365000009536743,2.3350000381469727,2.359999895095825,7073,0.0,0.0
2024-08-27 11:15:00-04:00,2.3499999046325684,2.3499999046325684,2.3350000381469727,2.3499999046325684,10866,0.0,0.0
2024-08-27 11:20:00-04:00,2.3399999141693115,2.349900007247925,2.3350000381469727,2.3350000381469727,14013,0.0,0.0
2024-08-27 11:25:00-04:00,2.3299999237060547,2.3299999237060547,2.309999942779541,2.329900026321411,7770,0.0,0.0
2024-08-27 11:30:00-04:00,2.319999933242798,2.319999933242798,2.299999952316284,2.3001999855041504,19753,0.0,0.0
2024-08-27 11:35:00-04:00,2.305000066757202,2.315000057220459,2.299999952316284,2.309999942779541,4167,0.0,0.0
2024-08-27 11:40:00-04:00,2.319999933242798,2.320499897003174,2.299999952316284,2.299999952316284,43925,0.0,0.0
2024-08-27 11:45:00-04:00,2.305000066757202,2.305000066757202,2.2899999618530273,2.2899999618530273,25826,0.0,0.0
2024-08-27 11:50:00-04:00,2.290600061416626,2.290600061416626,2.2799999713897705,2.289799928665161,12359,0.0,0.0
2024-08-27 11:55:00-04:00,2.280400037765503,2.299999952316284,2.280400037765503,2.299999952316284,7548,0.0,0.0
2024-08-27 12:00:00-04:00,2.3099000453948975,2.3099000453948975,2.2850000858306885,2.2855000495910645,3516,0.0,0.0
2024-08-27 12:05:00-04:00,2.289900064468384,2.2899999618530273,2.2799999713897705,2.2799999713897705,17111,0.0,0.0
2024-08-27 12:10:00-04:00,2.2799999713897705,2.299999952316284,2.2799999713897705,2.299999952316284,5306,0.0,0.0
2024-08-27 12:15:00-04:00,2.305000066757202,2.305000066757202,2.300100088119507,2.300299882888794,1349,0.0,0.0
2024-08-27 12:20:00-04:00,2.3010001182556152,2.305000066757202,2.3010001182556152,2.305000066757202,1847,0.0,0.0
2024-08-27 12:25:00-04:00,2.30049991607666,2.30049991607666,2.30049991607666,2.30049991607666,1744,0.0,0.0
2024-08-27 12:30:00-04:00,2.309999942779541,2.309999942779541,2.299999952316284,2.305000066757202,9438,0.0,0.0
2024-08-27 12:35:00-04:00,2.299999952316284,2.299999952316284,2.2799999713897705,2.2799999713897705,5906,0.0,0.0
2024-08-27 12:40:00-04:00,2.2850000858306885,2.2880001068115234,2.2850000858306885,2.2850000858306885,2544,0.0,0.0
2024-08-27 12:45:00-04:00,2.2850000858306885,2.2892000675201416,2.2850000858306885,2.2892000675201416,582,0.0,0.0
2024-08-27 12:50:00-04:00,2.2899999618530273,2.305000066757202,2.2899999618530273,2.3010001182556152,4315,0.0,0.0
2024-08-27 12:55:00-04:00,2.309999942779541,2.309999942779541,2.309999942779541,2.309999942779541,233,0.0,0.0
2024-08-27 13:00:00-04:00,2.300100088119507,2.309999942779541,2.300100088119507,2.309999942779541,517,0.0,0.0
2024-08-27 13:05:00-04:00,2.303999900817871,2.309999942779541,2.303999900817871,2.309999942779541,732,0.0,0.0
2024-08-27 13:10:00-04:00,2.305000066757202,2.309999942779541,2.305000066757202,2.309999942779541,661,0.0,0.0
2024-08-27 13:20:00-04:00,2.305000066757202,2.305000066757202,2.305000066757202,2.305000066757202,3100,0.0,0.0
2024-08-27 13:25:00-04:00,2.300600051879883,2.325000047683716,2.300600051879883,2.319999933242798,4514,0.0,0.0
2024-08-27 13:30:00-04:00,2.319999933242798,2.319999933242798,2.319999933242798,2.319999933242798,125,0.0,0.0
2024-08-27 13:35:00-04:00,2.3101000785827637,2.3101000785827637,2.3101000785827637,2.3101000785827637,407,0.0,0.0
2024-08-27 13:40:00-04:00,2.319999933242798,2.319999933242798,2.319999933242798,2.319999933242798,717,0.0,0.0
2024-08-27 13:45:00-04:00,2.3299999237060547,2.3350000381469727,2.3299999237060547,2.3350000381469727,1172,0.0,0.0
2024-08-27 13:50:00-04:00,2.3299999237060547,2.3301000595092773,2.3201000690460205,2.3201000690460205,1281,0.0,0.0
2024-08-27 14:00:00-04:00,2.3299999237060547,2.3301000595092773,2.3299999237060547,2.3299999237060547,3240,0.0,0.0
2024-08-27 14:05:00-04:00,2.3299999237060547,2.3399999141693115,2.3299999237060547,2.3399999141693115,384,0.0,0.0
2024-08-27 14:10:00-04:00,2.3206000328063965,2.3399999141693115,2.3206000328063965,2.3399999141693115,2860,0.0,0.0
2024-08-27 14:15:00-04:00,2.3394999504089355,2.359999895095825,2.3350000381469727,2.3499999046325684,3177,0.0,0.0
2024-08-27 14:20:00-04:00,2.3399999141693115,2.3399999141693115,2.3399999141693115,2.3399999141693115,896,0.0,0.0
2024-08-27 14:25:00-04:00,2.3499999046325684,2.3601999282836914,2.3499999046325684,2.359999895095825,2714,0.0,0.0
2024-08-27 14:30:00-04:00,2.359999895095825,2.359999895095825,2.359999895095825,2.359999895095825,231,0.0,0.0
2024-08-27 14:35:00-04:00,2.359999895095825,2.359999895095825,2.350399971008301,2.350399971008301,4080,0.0,0.0
2024-08-27 14:40:00-04:00,2.3499999046325684,2.3499999046325684,2.3399999141693115,2.3399999141693115,6395,0.0,0.0
2024-08-27 14:45:00-04:00,2.3299999237060547,2.3299999237060547,2.309999942779541,2.309999942779541,10553,0.0,0.0
2024-08-27 14:50:00-04:00,2.319999933242798,2.325000047683716,2.319999933242798,2.325000047683716,806,0.0,0.0
2024-08-27 14:55:00-04:00,2.325000047683716,2.325000047683716,2.319999933242798,2.319999933242798,788,0.0,0.0
2024-08-27 15:00:00-04:00,2.319999933242798,2.319999933242798,2.319999933242798,2.319999933242798,213,0.0,0.0
2024-08-27 15:05:00-04:00,2.3225998878479004,2.3225998878479004,2.319999933242798,2.319999933242798,1279,0.0,0.0
2024-08-27 15:10:00-04:00,2.3299999237060547,2.3399999141693115,2.319999933242798,2.3299999237060547,15365,0.0,0.0
2024-08-27 15:15:00-04:00,2.319999933242798,2.319999933242798,2.319999933242798,2.319999933242798,340,0.0,0.0
2024-08-27 15:20:00-04:00,2.319999933242798,2.320199966430664,2.309999942779541,2.309999942779541,4356,0.0,0.0
2024-08-27 15:25:00-04:00,2.319999933242798,2.319999933242798,2.319700002670288,2.319999933242798,5377,0.0,0.0
2024-08-27 15:30:00-04:00,2.315000057220459,2.319999933242798,2.315000057220459,2.3199000358581543,2861,0.0,0.0
2024-08-27 15:35:00-04:00,2.3201000690460205,2.3208999633789062,2.3201000690460205,2.3208999633789062,1042,0.0,0.0
2024-08-27 15:40:00-04:00,2.319999933242798,2.3299999237060547,2.305000066757202,2.305000066757202,15789,0.0,0.0
2024-08-27 15:45:00-04:00,2.305000066757202,2.309299945831299,2.2899999618530273,2.309299945831299,9354,0.0,0.0
2024-08-27 15:50:00-04:00,2.305000066757202,2.305000066757202,2.2839999198913574,2.2899999618530273,7436,0.0,0.0
2024-08-27 15:55:00-04:00,2.2899999618530273,2.2950000762939453,2.2750000953674316,2.2850000858306885,61052,0.0,0.0
2024-08-28 09:30:00-04:00,2.2699999809265137,2.299999952316284,2.2699999809265137,2.280100107192993,20539,0.0,0.0
2024-08-28 09:35:00-04:00,2.2899999618530273,2.2999000549316406,2.280100107192993,2.2839999198913574,5977,0.0,0.0
2024-08-28 09:40:00-04:00,2.2899999618530273,2.309999942779541,2.281399965286255,2.299999952316284,6268,0.0,0.0
2024-08-28 09:45:00-04:00,2.299999952316284,2.299999952316284,2.2899999618530273,2.2899999618530273,4310,0.0,0.0
2024-08-28 09:50:00-04:00,2.2899999618530273,2.2899999618530273,2.2699999809265137,2.2699999809265137,15266,0.0,0.0
2024-08-28 09:55:00-04:00,2.2699999809265137,2.2699999809265137,2.25,2.2607998847961426,15336,0.0,0.0
2024-08-28 10:00:00-04:00,2.2500998973846436,2.2699999809265137,2.25,2.2507998943328857,9491,0.0,0.0
2024-08-28 10:05:00-04:00,2.2548000812530518,2.2599000930786133,2.25,2.2599000930786133,1912,0.0,0.0
2024-08-28 10:10:00-04:00,2.2590999603271484,2.2699999809265137,2.2590999603271484,2.265000104904175,1689,0.0,0.0
2024-08-28 10:15:00-04:00,2.2699999809265137,2.2799999713897705,2.259999990463257,2.2679998874664307,7144,0.0,0.0
2024-08-28 10:20:00-04:00,2.265000104904175,2.265000104904175,2.260999917984009,2.260999917984009,513,0.0,0.0
2024-08-28 10:25:00-04:00,2.2602999210357666,2.2602999210357666,2.259999990463257,2.259999990463257,1173,0.0,0.0
2024-08-28 10:30:00-04:00,2.2600998878479004,2.268399953842163,2.25,2.259999990463257,26472,0.0,0.0
2024-08-28 10:35:00-04:00,2.260499954223633,2.260499954223633,2.2492001056671143,2.2492001056671143,6377,0.0,0.0
2024-08-28 10:40:00-04:00,2.240000009536743,2.2599000930786133,2.240000009536743,2.2599000930786133,14485,0.0,0.0
2024-08-28 10:45:00-04:00,2.25,2.259999990463257,2.24429988861084,2.25,2209,0.0,0.0
2024-08-28 10:50:00-04:00,2.25,2.257499933242798,2.240000009536743,2.240000009536743,3315,0.0,0.0
2024-08-28 10:55:00-04:00,2.244999885559082,2.244999885559082,2.2100000381469727,2.2200000286102295,26346,0.0,0.0
2024-08-28 11:00:00-04:00,2.2200000286102295,2.2300000190734863,2.2100000381469727,2.2100000381469727,11851,0.0,0.0
2024-08-28 11:05:00-04:00,2.2149999141693115,2.2200000286102295,2.190000057220459,2.2000999450683594,63714,0.0,0.0
2024-08-28 11:10:00-04:00,2.2098000049591064,2.2098000049591064,2.1500000953674316,2.1600000858306885,52455,0.0,0.0
2024-08-28 11:15:00-04:00,2.1600000858306885,2.1700000762939453,2.1500000953674316,2.1649999618530273,29020,0.0,0.0
2024-08-28 11:20:00-04:00,2.1700000762939453,2.180000066757202,2.1649999618530273,2.1798999309539795,11243,0.0,0.0
2024-08-28 11:25:00-04:00,2.174999952316284,2.1791999340057373,2.1600000858306885,2.1600000858306885,16749,0.0,0.0
2024-08-28 11:30:00-04:00,2.1649999618530273,2.174999952316284,2.1600000858306885,2.1600000858306885,17488,0.0,0.0
2024-08-28 11:35:00-04:00,2.1649999618530273,2.1649999618530273,2.1600000858306885,2.1600000858306885,5484,0.0,0.0
2024-08-28 11:40:00-04:00,2.160099983215332,2.1602001190185547,2.130000114440918,2.1600000858306885,39274,0.0,0.0
2024-08-28 11:45:00-04:00,2.1600000858306885,2.1698999404907227,2.1600000858306885,2.1649999618530273,30115,0.0,0.0
2024-08-28 11:50:00-04:00,2.1600000858306885,2.1600000858306885,2.119999885559082,2.1493000984191895,27741,0.0,0.0
2024-08-28 11:55:00-04:00,2.149899959564209,2.149899959564209,2.119999885559082,2.130000114440918,18238,0.0,0.0
2024-08-28 12:00:00-04:00,2.130000114440918,2.1600000858306885,2.130000114440918,2.1600000858306885,14176,0.0,0.0
2024-08-28 12:05:00-04:00,2.1700000762939453,2.1798999309539795,2.1700000762939453,2.1798999309539795,1098,0.0,0.0
2024-08-28 12:10:00-04:00,2.1649999618530273,2.174999952316284,2.1649999618530273,2.174999952316284,3342,0.0,0.0
2024-08-28 12:15:00-04:00,2.1798999309539795,2.194999933242798,2.170799970626831,2.194999933242798,8672,0.0,0.0
2024-08-28 12:20:00-04:00,2.1898999214172363,2.1898999214172363,2.1507999897003174,2.1507999897003174,2076,0.0,0.0
2024-08-28 12:25:00-04:00,2.1549999713897705,2.1594998836517334,2.1500000953674316,2.1594998836517334,5209,0.0,0.0
2024-08-28 12:30:00-04:00,2.1600000858306885,2.1700000762939453,2.1600000858306885,2.1700000762939453,6588,0.0,0.0
2024-08-28 12:35:00-04:00,2.1600000858306885,2.180000066757202,2.1600000858306885,2.180000066757202,823,0.0,0.0
2024-08-28 12:40:00-04:00,2.1700000762939453,2.1700000762939453,2.162100076675415,2.162100076675415,2308,0.0,0.0
2024-08-28 12:50:00-04:00,2.184999942779541,2.21560001373291,2.184999942779541,2.21560001373291,10970,0.0,0.0
2024-08-28 12:55:00-04:00,2.219899892807007,2.219899892807007,2.2100000381469727,2.2100000381469727,2704,0.0,0.0
2024-08-28 13:00:00-04:00,2.190000057220459,2.200000047683716,2.1700000762939453,2.1700000762939453,40820,0.0,0.0
2024-08-28 13:05:00-04:00,2.1649999618530273,2.1649999618530273,2.1600000858306885,2.1600000858306885,2908,0.0,0.0
2024-08-28 13:10:00-04:00,2.1549999713897705,2.180000066757202,2.1549999713897705,2.1600000858306885,2299,0.0,0.0
2024-08-28 13:15:00-04:00,2.1610000133514404,2.1610000133514404,2.1500000953674316,2.1600000858306885,2531,0.0,0.0
2024-08-28 13:20:00-04:00,2.1691999435424805,2.1691999435424805,2.1500000953674316,2.1500000953674316,3997,0.0,0.0
2024-08-28 13:25:00-04:00,2.150099992752075,2.150099992752075,2.1500000953674316,2.1500000953674316,7026,0.0,0.0
2024-08-28 13:30:00-04:00,2.150099992752075,2.1600000858306885,2.150099992752075,2.1600000858306885,0,0.0,0.0
2024-08-28 13:35:00-04:00,2.1700000762939453,2.1700000762939453,2.1700000762939453,2.1700000762939453,574,0.0,0.0
2024-08-28 13:40:00-04:00,2.1579999923706055,2.1579999923706055,2.1500000953674316,2.1500000953674316,2276,0.0,0.0
2024-08-28 13:45:00-04:00,2.1600000858306885,2.1600000858306885,2.1500000953674316,2.1500000953674316,1669,0.0,0.0
2024-08-28 13:50:00-04:00,2.1407999992370605,2.1410000324249268,2.140000104904175,2.140000104904175,1366,0.0,0.0
2024-08-28 13:55:00-04:00,2.143199920654297,2.1449999809265137,2.0999999046325684,2.0999999046325684,34048,0.0,0.0
2024-08-28 14:00:00-04:00,2.0999999046325684,2.1142001152038574,2.0950000286102295,2.110100030899048,14456,0.0,0.0
2024-08-28 14:05:00-04:00,2.119999885559082,2.1291000843048096,2.1108999252319336,2.1208999156951904,16486,0.0,0.0
2024-08-28 14:10:00-04:00,2.109999895095825,2.109999895095825,2.0399999618530273,2.049999952316284,25351,0.0,0.0
2024-08-28 14:15:00-04:00,2.059999942779541,2.0792999267578125,2.059999942779541,2.0792999267578125,3802,0.0,0.0
2024-08-28 14:20:00-04:00,2.072000026702881,2.0792999267578125,2.069999933242798,2.069999933242798,3934,0.0,0.0
2024-08-28 14:25:00-04:00,2.0532000064849854,2.065000057220459,2.0532000064849854,2.053999900817871,8309,0.0,0.0
2024-08-28 14:30:00-04:00,2.049999952316284,2.06850004196167,2.0399999618530273,2.065000057220459,17249,0.0,0.0
2024-08-28 14:35:00-04:00,2.0699000358581543,2.079900026321411,2.0601000785827637,2.0601000785827637,6246,0.0,0.0
2024-08-28 14:40:00-04:00,2.072200059890747,2.072200059890747,2.059999942779541,2.059999942779541,7006,0.0,0.0
2024-08-28 14:45:00-04:00,2.059999942779541,2.059999942779541,2.055000066757202,2.0569000244140625,5886,0.0,0.0
2024-08-28 14:50:00-04:00,2.059999942779541,2.065000057220459,2.059999942779541,2.065000057220459,1791,0.0,0.0
2024-08-28 14:55:00-04:00,2.0799999237060547,2.089900016784668,2.0799999237060547,2.089900016784668,1326,0.0,0.0
2024-08-28 15:00:00-04:00,2.0899999141693115,2.0899999141693115,2.080699920654297,2.080699920654297,1697,0.0,0.0
2024-08-28 15:05:00-04:00,2.080699920654297,2.080699920654297,2.080699920654297,2.080699920654297,100,0.0,0.0
2024-08-28 15:10:00-04:00,2.0880000591278076,2.0999999046325684,2.0880000591278076,2.0899999141693115,2569,0.0,0.0
2024-08-28 15:15:00-04:00,2.0992000102996826,2.109999895095825,2.0992000102996826,2.109999895095825,4157,0.0,0.0
2024-08-28 15:20:00-04:00,2.1198999881744385,2.1198999881744385,2.099100112915039,2.0999999046325684,9607,0.0,0.0
2024-08-28 15:25:00-04:00,2.1041998863220215,2.1041998863220215,2.100100040435791,2.100100040435791,2458,0.0,0.0
2024-08-28 15:30:00-04:00,2.100100040435791,2.100100040435791,2.0799999237060547,2.084700107574463,9054,0.0,0.0
2024-08-28 15:35:00-04:00,2.0850000381469727,2.100100040435791,2.080699920654297,2.0899999141693115,9309,0.0,0.0
2024-08-28 15:40:00-04:00,2.0804998874664307,2.0850000381469727,2.069999933242798,2.0701000690460205,13737,0.0,0.0
2024-08-28 15:45:00-04:00,2.069999933242798,2.0992000102996826,2.069999933242798,2.0950000286102295,6263,0.0,0.0
2024-08-28 15:50:00-04:00,2.090100049972534,2.0950000286102295,2.0850000381469727,2.090100049972534,2108,0.0,0.0
2024-08-28 15:55:00-04:00,2.0905001163482666,2.110100030899048,2.0899999141693115,2.109999895095825,22020,0.0,0.0
2024-08-29 09:30:00-04:00,2.059999942779541,2.0850000381469727,2.051800012588501,2.0596001148223877,44734,0.0,0.0
2024-08-29 09:35:00-04:00,2.059999942779541,2.0799999237060547,2.059999942779541,2.0797998905181885,3525,0.0,0.0
2024-08-29 09:40:00-04:00,2.070499897003174,2.0992000102996826,2.070499897003174,2.0899999141693115,12192,0.0,0.0
2024-08-29 09:45:00-04:00,2.0899999141693115,2.0899999141693115,2.049999952316284,2.059999942779541,12392,0.0,0.0
2024-08-29 09:50:00-04:00,2.060699939727783,2.069999933242798,2.060699939727783,2.069999933242798,2357,0.0,0.0
2024-08-29 09:55:00-04:00,2.069999933242798,2.0899999141693115,2.069999933242798,2.070199966430664,20763,0.0,0.0
2024-08-29 10:00:00-04:00,2.0799999237060547,2.0899999141693115,2.069999933242798,2.0899999141693115,2960,0.0,0.0
2024-08-29 10:05:00-04:00,2.069999933242798,2.069999933242798,2.049999952316284,2.059999942779541,18441,0.0,0.0
2024-08-29 10:10:00-04:00,2.059999942779541,2.069999933242798,2.0517001152038574,2.0517001152038574,2621,0.0,0.0
2024-08-29 10:15:00-04:00,2.0515999794006348,2.0613999366760254,2.050100088119507,2.059999942779541,3916,0.0,0.0
2024-08-29 10:20:00-04:00,2.055000066757202,2.0599000453948975,2.050600051879883,2.050600051879883,2217,0.0,0.0
2024-08-29 10:25:00-04:00,2.0510001182556152,2.0599000453948975,2.050100088119507,2.055000066757202,8188,0.0,0.0
2024-08-29 10:30:00-04:00,2.059999942779541,2.069999933242798,2.059999942779541,2.059999942779541,2866,0.0,0.0
2024-08-29 10:35:00-04:00,2.059999942779541,2.059999942779541,2.050100088119507,2.050100088119507,1982,0.0,0.0
2024-08-29 10:40:00-04:00,2.049999952316284,2.055000066757202,2.049999952316284,2.055000066757202,1672,0.0,0.0
2024-08-29 10:45:00-04:00,2.049999952316284,2.049999952316284,2.0399999618530273,2.0406999588012695,18331,0.0,0.0
2024-08-29 10:50:00-04:00,2.049999952316284,2.049999952316284,2.0308001041412354,2.0308001041412354,5474,0.0,0.0
2024-08-29 10:55:00-04:00,2.0350000858306885,2.0350000858306885,1.9850000143051147,1.9850000143051147,27817,0.0,0.0
2024-08-29 11:00:00-04:00,1.9850000143051147,2.015000104904175,1.9850000143051147,2.005000114440918,31259,0.0,0.0
2024-08-29 11:05:00-04:00,2.003999948501587,2.0106000900268555,2.0000998973846436,2.0106000900268555,3584,0.0,0.0
2024-08-29 11:10:00-04:00,2.005000114440918,2.0090999603271484,2.0,2.005000114440918,3943,0.0,0.0
2024-08-29 11:15:00-04:00,2.005000114440918,2.009999990463257,2.000499963760376,2.004300117492676,6026,0.0,0.0
2024-08-29 11:20:00-04:00,2.000699996948242,2.005000114440918,2.000699996948242,2.005000114440918,2540,0.0,0.0
2024-08-29 11:25:00-04:00,2.009999990463257,2.009999990463257,2.005000114440918,2.009999990463257,4899,0.0,0.0
2024-08-29 11:30:00-04:00,2.009999990463257,2.015000104904175,2.0,2.015000104904175,1406,0.0,0.0
2024-08-29 11:35:00-04:00,2.0199999809265137,2.0399999618530273,2.019700050354004,2.019700050354004,20034,0.0,0.0
2024-08-29 11:40:00-04:00,2.0199999809265137,2.0199999809265137,2.0,2.005000114440918,4677,0.0,0.0
2024-08-29 11:45:00-04:00,2.0,2.0199999809265137,2.0,2.0199999809265137,1265,0.0,0.0
2024-08-29 11:50:00-04:00,2.0318000316619873,2.0318000316619873,2.0250000953674316,2.0299999713897705,8939,0.0,0.0
2024-08-29 11:55:00-04:00,2.0209999084472656,2.0299999713897705,2.0209999084472656,2.0250000953674316,850,0.0,0.0
2024-08-29 12:05:00-04:00,2.0201001167297363,2.0250000953674316,2.0201001167297363,2.0250000953674316,3346,0.0,0.0
2024-08-29 12:10:00-04:00,2.0208001136779785,2.0299999713897705,2.0208001136779785,2.0299999713897705,23519,0.0,0.0
2024-08-29 12:15:00-04:00,2.0499000549316406,2.1187000274658203,2.0499000549316406,2.1187000274658203,17163,0.0,0.0
2024-08-29 12:20:00-04:00,2.109999895095825,2.109999895095825,2.100100040435791,2.100100040435791,485,0.0,0.0
2024-08-29 12:25:00-04:00,2.1094000339508057,2.1094000339508057,2.089900016784668,2.089900016784668,6918,0.0,0.0
2024-08-29 12:30:00-04:00,2.0799999237060547,2.0808000564575195,2.0799999237060547,2.0808000564575195,3111,0.0,0.0
2024-08-29 12:35:00-04:00,2.0850000381469727,2.099900007247925,2.0801000595092773,2.099900007247925,4762,0.0,0.0
2024-08-29 12:40:00-04:00,2.1034998893737793,2.1034998893737793,2.103300094604492,2.103300094604492,3479,0.0,0.0
2024-08-29 12:45:00-04:00,2.109100103378296,2.109100103378296,2.0899999141693115,2.0899999141693115,3958,0.0,0.0
2024-08-29 12:55:00-04:00,2.0892999172210693,2.0899999141693115,2.0892999172210693,2.0899999141693115,534,0.0,0.0
2024-08-29 13:00:00-04:00,2.089900016784668,2.089900016784668,2.089900016784668,2.089900016784668,814,0.0,0.0
2024-08-29 13:05:00-04:00,2.080199956893921,2.080199956893921,2.080199956893921,2.080199956893921,594,0.0,0.0
2024-08-29 13:10:00-04:00,2.0801000595092773,2.0850000381469727,2.0801000595092773,2.0850000381469727,3430,0.0,0.0
2024-08-29 13:15:00-04:00,2.0801000595092773,2.0801000595092773,2.0801000595092773,2.0801000595092773,338,0.0,0.0
2024-08-29 13:20:00-04:00,2.0850000381469727,2.0850000381469727,2.069999933242798,2.069999933242798,3624,0.0,0.0
2024-08-29 13:30:00-04:00,2.075000047683716,2.075000047683716,2.069000005722046,2.069000005722046,1162,0.0,0.0
2024-08-29 13:35:00-04:00,2.069999933242798,2.0950000286102295,2.069999933242798,2.0950000286102295,2073,0.0,0.0
2024-08-29 13:40:00-04:00,2.0950000286102295,2.0950000286102295,2.0950000286102295,2.0950000286102295,145,0.0,0.0
2024-08-29 13:45:00-04:00,2.0999999046325684,2.1050000190734863,2.0999999046325684,2.1050000190734863,3649,0.0,0.0
2024-08-29 13:50:00-04:00,2.0985000133514404,2.0999999046325684,2.0985000133514404,2.0999999046325684,913,0.0,0.0
2024-08-29 13:55:00-04:00,2.0950000286102295,2.0950000286102295,2.0950000286102295,2.0950000286102295,2316,0.0,0.0
2024-08-29 14:00:00-04:00,2.0701000690460205,2.0706000328063965,2.0701000690460205,2.0706000328063965,337,0.0,0.0
2024-08-29 14:05:00-04:00,2.070199966430664,2.070199966430664,2.070199966430664,2.070199966430664,603,0.0,0.0
2024-08-29 14:15:00-04:00,2.075000047683716,2.075000047683716,2.075000047683716,2.075000047683716,608,0.0,0.0
2024-08-29 14:20:00-04:00,2.075000047683716,2.075000047683716,2.075000047683716,2.075000047683716,161,0.0,0.0
2024-08-29 14:25:00-04:00,2.0796000957489014,2.0796000957489014,2.059999942779541,2.059999942779541,4964,0.0,0.0
2024-08-29 14:30:00-04:00,2.059999942779541,2.059999942779541,2.059999942779541,2.059999942779541,1000,0.0,0.0
2024-08-29 14:35:00-04:00,2.050100088119507,2.055000066757202,2.049999952316284,2.055000066757202,1243,0.0,0.0
2024-08-29 14:40:00-04:00,2.055000066757202,2.055000066757202,2.0506999492645264,2.0506999492645264,632,0.0,0.0
2024-08-29 14:45:00-04:00,2.055000066757202,2.055000066757202,2.0199999809265137,2.0299999713897705,12466,0.0,0.0
2024-08-29 14:50:00-04:00,2.05430006980896,2.05430006980896,2.0411999225616455,2.0411999225616455,11320,0.0,0.0
2024-08-29 14:55:00-04:00,2.0399999618530273,2.0450000762939453,2.0399999618530273,2.0409998893737793,1954,0.0,0.0
2024-08-29 15:00:00-04:00,2.0420000553131104,2.0450000762939453,2.039299964904785,2.039900064468384,3057,0.0,0.0
2024-08-29 15:05:00-04:00,2.0350000858306885,2.039299964904785,2.0302000045776367,2.039299964904785,1803,0.0,0.0
2024-08-29 15:10:00-04:00,2.039900064468384,2.039900064468384,2.030100107192993,2.0350000858306885,8919,0.0,0.0
2024-08-29 15:15:00-04:00,2.036600112915039,2.036600112915039,2.0350000858306885,2.0350000858306885,383,0.0,0.0
2024-08-29 15:20:00-04:00,2.0399999618530273,2.0399999618530273,2.0399999618530273,2.0399999618530273,1325,0.0,0.0
2024-08-29 15:25:00-04:00,2.069999933242798,2.069999933242798,2.069999933242798,2.069999933242798,428,0.0,0.0
2024-08-29 15:30:00-04:00,2.0715999603271484,2.0715999603271484,2.065000057220459,2.065000057220459,4203,0.0,0.0
2024-08-29 15:35:00-04:00,2.0694000720977783,2.069999933242798,2.065000057220459,2.069999933242798,0,0.0,0.0
2024-08-29 15:40:00-04:00,2.0696001052856445,2.0699000358581543,2.065000057220459,2.065000057220459,3684,0.0,0.0
2024-08-29 15:45:00-04:00,2.065000057220459,2.0950000286102295,2.065000057220459,2.0899999141693115,16251,0.0,0.0
2024-08-29 15:50:00-04:00,2.0799999237060547,2.0950000286102295,2.0799999237060547,2.0950000286102295,21565,0.0,0.0
2024-08-29 15:55:00-04:00,2.0950000286102295,2.109999895095825,2.0950000286102295,2.0999999046325684,22177,0.0,0.0
2024-08-30 09:30:00-04:00,2.0799999237060547,2.0801000595092773,2.069999933242798,2.069999933242798,12498,0.0,0.0
2024-08-30 09:35:00-04:00,2.0780999660491943,2.081399917602539,2.0504000186920166,2.0527000427246094,4986,0.0,0.0
2024-08-30 09:40:00-04:00,2.0399999618530273,2.065000057220459,2.0399999618530273,2.0608999729156494,5575,0.0,0.0
2024-08-30 09:45:00-04:00,2.065000057220459,2.069000005722046,2.049999952316284,2.049999952316284,3923,0.0,0.0
2024-08-30 09:50:00-04:00,2.0587000846862793,2.0587000846862793,2.0429000854492188,2.0429000854492188,2604,0.0,0.0
2024-08-30 09:55:00-04:00,2.049999952316284,2.049999952316284,2.049999952316284,2.049999952316284,677,0.0,0.0
2024-08-30 10:00:00-04:00,2.050100088119507,2.059999942779541,2.050100088119507,2.059999942779541,7831,0.0,0.0
2024-08-30 10:05:00-04:00,2.049999952316284,2.049999952316284,2.0420000553131104,2.0420000553131104,1048,0.0,0.0
2024-08-30 10:10:00-04:00,2.0399999618530273,2.04010009765625,2.0318000316619873,2.0318000316619873,4208,0.0,0.0
2024-08-30 10:15:00-04:00,2.0409998893737793,2.0409998893737793,2.0406999588012695,2.0406999588012695,2847,0.0,0.0
2024-08-30 10:20:00-04:00,2.009999990463257,2.0209999084472656,2.0,2.0199999809265137,36952,0.0,0.0
2024-08-30 10:25:00-04:00,2.021699905395508,2.0350000858306885,2.0199999809265137,2.0209999084472656,6541,0.0,0.0
2024-08-30 10:30:00-04:00,2.0352001190185547,2.0352001190185547,2.0350000858306885,2.0350000858306885,912,0.0,0.0
2024-08-30 10:35:00-04:00,2.0350000858306885,2.059999942779541,2.0306999683380127,2.059999942779541,9875,0.0,0.0
2024-08-30 10:40:00-04:00,2.059999942779541,2.059999942779541,2.049999952316284,2.049999952316284,10335,0.0,0.0
2024-08-30 10:45:00-04:00,2.0350000858306885,2.0399999618530273,2.0350000858306885,2.0399999618530273,563,0.0,0.0
2024-08-30 10:50:00-04:00,2.030600070953369,2.0399999618530273,2.030600070953369,2.0350000858306885,4789,0.0,0.0
2024-08-30 10:55:00-04:00,2.0350000858306885,2.0350000858306885,2.0299999713897705,2.0299999713897705,1226,0.0,0.0
2024-08-30 11:00:00-04:00,2.0199999809265137,2.0399999618530273,2.0199999809265137,2.0399999618530273,1298,0.0,0.0
2024-08-30 11:05:00-04:00,2.0473999977111816,2.049999952316284,2.030100107192993,2.0499000549316406,7752,0.0,0.0
2024-08-30 11:10:00-04:00,2.0299999713897705,2.0350000858306885,2.0299999713897705,2.0350000858306885,2312,0.0,0.0
2024-08-30 11:15:00-04:00,2.0306999683380127,2.0350000858306885,2.0306999683380127,2.0350000858306885,2136,0.0,0.0
2024-08-30 11:20:00-04:00,2.0215001106262207,2.0215001106262207,2.015000104904175,2.015199899673462,6212,0.0,0.0
2024-08-30 11:25:00-04:00,2.0100998878479004,2.0199999809265137,2.0100998878479004,2.0199999809265137,3818,0.0,0.0
2024-08-30 11:30:00-04:00,2.015000104904175,2.0199999809265137,2.009999990463257,2.0199999809265137,2178,0.0,0.0
2024-08-30 11:35:00-04:00,2.0290000438690186,2.0290000438690186,2.0199999809265137,2.0199999809265137,487,0.0,0.0
2024-08-30 11:40:00-04:00,2.0250000953674316,2.0290000438690186,2.02020001411438,2.02020001411438,998,0.0,0.0
2024-08-30 11:45:00-04:00,2.0250000953674316,2.0292999744415283,2.021399974822998,2.0292999744415283,947,0.0,0.0
2024-08-30 11:55:00-04:00,2.0199999809265137,2.0399999618530273,2.0199999809265137,2.0399999618530273,2048,0.0,0.0
2024-08-30 12:00:00-04:00,2.0350000858306885,2.0399999618530273,2.0,2.0199999809265137,30950,0.0,0.0
2024-08-30 12:05:00-04:00,2.0299999713897705,2.0299999713897705,2.0299999713897705,2.0299999713897705,625,0.0,0.0
2024-08-30 12:10:00-04:00,2.0197999477386475,2.0197999477386475,2.0,2.0,12449,0.0,0.0
2024-08-30 12:20:00-04:00,2.009999990463257,2.009999990463257,2.0011000633239746,2.0011000633239746,2094,0.0,0.0
2024-08-30 12:25:00-04:00,2.009999990463257,2.009999990463257,2.009999990463257,2.009999990463257,448,0.0,0.0
2024-08-30 12:35:00-04:00,2.0,2.000699996948242,1.9900000095367432,1.9900000095367432,21521,0.0,0.0
2024-08-30 12:40:00-04:00,1.9901000261306763,2.005000114440918,1.9900000095367432,2.005000114440918,14877,0.0,0.0
2024-08-30 12:45:00-04:00,2.0,2.009999990463257,2.0,2.009999990463257,828,0.0,0.0
2024-08-30 12:50:00-04:00,2.0099000930786133,2.018899917602539,2.0099000930786133,2.018899917602539,505,0.0,0.0
2024-08-30 12:55:00-04:00,2.009999990463257,2.01990008354187,2.009999990463257,2.01990008354187,8126,0.0,0.0
2024-08-30 13:00:00-04:00,2.009999990463257,2.0299999713897705,2.009999990463257,2.0299999713897705,1202,0.0,0.0
2024-08-30 13:05:00-04:00,2.0299999713897705,2.0299999713897705,2.0299999713897705,2.0299999713897705,112,0.0,0.0
2024-08-30 13:10:00-04:00,2.0299999713897705,2.0299999713897705,2.0100998878479004,2.0100998878479004,2675,0.0,0.0
2024-08-30 13:15:00-04:00,2.0201001167297363,2.0201001167297363,2.0201001167297363,2.0201001167297363,639,0.0,0.0
2024-08-30 13:20:00-04:00,2.0199999809265137,2.0250000953674316,2.0199999809265137,2.0250000953674316,2363,0.0,0.0
2024-08-30 13:25:00-04:00,2.0199999809265137,2.029599905014038,2.0199999809265137,2.029599905014038,3832,0.0,0.0
2024-08-30 13:30:00-04:00,2.0299999713897705,2.039900064468384,2.0299999713897705,2.039900064468384,0,0.0,0.0
2024-08-30 13:35:00-04:00,2.020699977874756,2.0450000762939453,2.020699977874756,2.0450000762939453,2713,0.0,0.0
2024-08-30 13:40:00-04:00,2.049499988555908,2.049499988555908,2.040299892425537,2.040299892425537,3566,0.0,0.0
2024-08-30 13:45:00-04:00,2.0399999618530273,2.0399999618530273,2.0306999683380127,2.0306999683380127,3082,0.0,0.0
2024-08-30 13:50:00-04:00,2.0399999618530273,2.0399999618530273,2.030900001525879,2.030900001525879,342,0.0,0.0
2024-08-30 13:55:00-04:00,2.0399999618530273,2.0399999618530273,2.03629994392395,2.03629994392395,895,0.0,0.0
2024-08-30 14:00:00-04:00,2.039900064468384,2.039900064468384,2.039900064468384,2.039900064468384,177,0.0,0.0
2024-08-30 14:05:00-04:00,2.0350000858306885,2.0450000762939453,2.0350000858306885,2.0450000762939453,3375,0.0,0.0
2024-08-30 14:10:00-04:00,2.0450000762939453,2.0450000762939453,2.0450000762939453,2.0450000762939453,675,0.0,0.0
2024-08-30 14:20:00-04:00,2.0394999980926514,2.0399999618530273,2.0394999980926514,2.0399999618530273,1935,0.0,0.0
2024-08-30 14:25:00-04:00,2.0450000762939453,2.0450000762939453,2.039299964904785,2.039299964904785,2425,0.0,0.0
2024-08-30 14:30:00-04:00,2.0390000343322754,2.0399999618530273,2.0390000343322754,2.039900064468384,1824,0.0,0.0
2024-08-30 14:35:00-04:00,2.0450000762939453,2.0450000762939453,2.0450000762939453,2.0450000762939453,191,0.0,0.0
2024-08-30 14:40:00-04:00,2.0450000762939453,2.0450000762939453,2.044300079345703,2.044300079345703,254,0.0,0.0
2024-08-30 14:45:00-04:00,2.0415000915527344,2.0415000915527344,2.0350000858306885,2.0350000858306885,7871,0.0,0.0
2024-08-30 14:55:00-04:00,2.0499000549316406,2.0499000549316406,2.0450000762939453,2.0450000762939453,10429,0.0,0.0
2024-08-30 15:00:00-04:00,2.0499000549316406,2.0499000549316406,2.0299999713897705,2.0299999713897705,6658,0.0,0.0
2024-08-30 15:05:00-04:00,2.0299999713897705,2.0299999713897705,2.0299999713897705,2.0299999713897705,614,0.0,0.0
2024-08-30 15:10:00-04:00,2.0350000858306885,2.0350000858306885,2.0350000858306885,2.0350000858306885,303,0.0,0.0
2024-08-30 15:15:00-04:00,2.0299999713897705,2.039900064468384,2.0299999713897705,2.0350000858306885,1200,0.0,0.0
2024-08-30 15:20:00-04:00,2.0350000858306885,2.0394999980926514,2.0302999019622803,2.0302999019622803,2309,0.0,0.0
2024-08-30 15:25:00-04:00,2.0350000858306885,2.0399999618530273,2.030100107192993,2.030100107192993,2530,0.0,0.0
2024-08-30 15:30:00-04:00,2.0306999683380127,2.0360000133514404,2.0299999713897705,2.0299999713897705,5335,0.0,0.0
2024-08-30 15:35:00-04:00,2.029900074005127,2.029900074005127,2.0250000953674316,2.0250000953674316,0,0.0,0.0
2024-08-30 15:40:00-04:00,2.0299999713897705,2.0596001148223877,2.0299999713897705,2.055000066757202,8358,0.0,0.0
2024-08-30 15:45:00-04:00,2.053999900817871,2.055000066757202,2.0299999713897705,2.0399999618530273,12374,0.0,0.0
2024-08-30 15:50:00-04:00,2.0450000762939453,2.049999952316284,2.0399999618530273,2.049999952316284,11978,0.0,0.0
2024-08-30 15:55:00-04:00,2.0450000762939453,2.059999942779541,2.0399999618530273,2.049999952316284,12763,0.0,0.0
2024-09-03 09:30:00-04:00,2.049999952316284,2.109999895095825,2.049999952316284,2.109999895095825,68441,0.0,0.0
2024-09-03 09:35:00-04:00,2.1050000190734863,2.130000114440918,2.059999942779541,2.0799999237060547,25368,0.0,0.0
2024-09-03 09:40:00-04:00,2.0999999046325684,2.130000114440918,2.069999933242798,2.109999895095825,18840,0.0,0.0
2024-09-03 09:45:00-04:00,2.1050000190734863,2.1129000186920166,2.059999942779541,2.059999942779541,7161,0.0,0.0
2024-09-03 09:50:00-04:00,2.0999999046325684,2.109999895095825,2.069999933242798,2.075000047683716,14726,0.0,0.0
2024-09-03 09:55:00-04:00,2.08270001411438,2.118499994277954,2.0799999237060547,2.109999895095825,17949,0.0,0.0
2024-09-03 10:00:00-04:00,2.0899999141693115,2.0908000469207764,2.0799999237060547,2.0899999141693115,5661,0.0,0.0
2024-09-03 10:05:00-04:00,2.0799999237060547,2.1600000858306885,2.0799999237060547,2.140000104904175,47007,0.0,0.0
2024-09-03 10:10:00-04:00,2.140000104904175,2.149199962615967,2.0943000316619873,2.0943000316619873,14342,0.0,0.0
2024-09-03 10:15:00-04:00,2.109999895095825,2.109999895095825,2.0799999237060547,2.0899999141693115,14674,0.0,0.0
2024-09-03 10:20:00-04:00,2.0799999237060547,2.0899999141693115,2.0799999237060547,2.089900016784668,2031,0.0,0.0
2024-09-03 10:25:00-04:00,2.089900016784668,2.0899999141693115,2.075000047683716,2.079200029373169,1827,0.0,0.0
2024-09-03 10:30:00-04:00,2.069999933242798,2.069999933242798,2.065000057220459,2.069999933242798,3023,0.0,0.0
2024-09-03 10:35:00-04:00,2.065000057220459,2.065000057220459,2.049999952316284,2.049999952316284,17740,0.0,0.0
2024-09-03 10:40:00-04:00,2.0399999618530273,2.0399999618530273,2.0302999019622803,2.0302999019622803,1538,0.0,0.0
2024-09-03 10:45:00-04:00,2.030100107192993,2.0350000858306885,2.0199999809265137,2.0199999809265137,5588,0.0,0.0
2024-09-03 10:50:00-04:00,2.009999990463257,2.0155999660491943,2.009999990463257,2.0100998878479004,6826,0.0,0.0
2024-09-03 10:55:00-04:00,2.005000114440918,2.015000104904175,2.005000114440918,2.015000104904175,3304,0.0,0.0
2024-09-03 11:00:00-04:00,2.0199999809265137,2.0399999618530273,2.0199999809265137,2.0399999618530273,8580,0.0,0.0
2024-09-03 11:05:00-04:00,2.0250000953674316,2.0299999713897705,2.0250000953674316,2.0299999713897705,1915,0.0,0.0
2024-09-03 11:10:00-04:00,2.0250000953674316,2.0250000953674316,2.0199999809265137,2.0199999809265137,3940,0.0,0.0
2024-09-03 11:15:00-04:00,2.0199999809265137,2.0199999809265137,2.0199999809265137,2.0199999809265137,279,0.0,0.0
2024-09-03 11:20:00-04:00,2.0100998878479004,2.0299999713897705,2.0100998878479004,2.0299999713897705,17751,0.0,0.0
2024-09-03 11:25:00-04:00,2.0199999809265137,2.0199999809265137,2.01990008354187,2.01990008354187,1146,0.0,0.0
2024-09-03 11:30:00-04:00,2.0299999713897705,2.0399999618530273,2.0250000953674316,2.0399999618530273,3658,0.0,0.0
2024-09-03 11:35:00-04:00,2.039900064468384,2.039900064468384,2.0199999809265137,2.0199999809265137,16651,0.0,0.0
2024-09-03 11:40:00-04:00,2.0199999809265137,2.0199999809265137,2.009999990463257,2.0199999809265137,10650,0.0,0.0
2024-09-03 11:45:00-04:00,2.0250000953674316,2.0350000858306885,2.0199999809265137,2.0350000858306885,8349,0.0,0.0
2024-09-03 11:50:00-04:00,2.0350000858306885,2.0450000762939453,2.0250000953674316,2.0350000858306885,13092,0.0,0.0
2024-09-03 11:55:00-04:00,2.0404999256134033,2.0404999256134033,2.0399999618530273,2.0404999256134033,7579,0.0,0.0
2024-09-03 12:00:00-04:00,2.0399999618530273,2.0450000762939453,2.0199999809265137,2.0199999809265137,20110,0.0,0.0
2024-09-03 12:05:00-04:00,2.0199999809265137,2.0199999809265137,2.009999990463257,2.009999990463257,10024,0.0,0.0
2024-09-03 12:10:00-04:00,2.009999990463257,2.015000104904175,2.009999990463257,2.015000104904175,2425,0.0,0.0
2024-09-03 12:15:00-04:00,2.0199999809265137,2.0299999713897705,2.0199999809265137,2.0250000953674316,3752,0.0,0.0
2024-09-03 12:20:00-04:00,2.0199999809265137,2.0250000953674316,2.0100998878479004,2.0199999809265137,2675,0.0,0.0
2024-09-03 12:30:00-04:00,2.009999990463257,2.009999990463257,2.0,2.0,7564,0.0,0.0
2024-09-03 12:35:00-04:00,2.005000114440918,2.009999990463257,2.005000114440918,2.009999990463257,1467,0.0,0.0
2024-09-03 12:40:00-04:00,2.005000114440918,2.0099000930786133,2.005000114440918,2.0099000930786133,484,0.0,0.0
2024-09-03 12:45:00-04:00,2.005000114440918,2.005000114440918,2.005000114440918,2.005000114440918,644,0.0,0.0
2024-09-03 12:50:00-04:00,2.0000998973846436,2.0000998973846436,2.0000998973846436,2.0000998973846436,224,0.0,0.0
2024-09-03 12:55:00-04:00,2.0,2.0,1.9800000190734863,1.9800000190734863,33731,0.0,0.0
2024-09-03 13:00:00-04:00,1.9800000190734863,1.98989999294281,1.9800000190734863,1.989300012588501,3690,0.0,0.0
2024-09-03 13:05:00-04:00,1.9800000190734863,1.9852999448776245,1.9800000190734863,1.9852999448776245,2397,0.0,0.0
2024-09-03 13:10:00-04:00,1.989400029182434,1.989400029182434,1.9850000143051147,1.9850000143051147,2544,0.0,0.0
2024-09-03 13:15:00-04:00,1.989400029182434,1.9950000047683716,1.985700011253357,1.9950000047683716,3725,0.0,0.0
2024-09-03 13:20:00-04:00,2.0,2.0,2.0,2.0,500,0.0,0.0
2024-09-03 13:30:00-04:00,1.996999979019165,1.996999979019165,1.996999979019165,1.996999979019165,1066,0.0,0.0
2024-09-03 13:35:00-04:00,1.9900000095367432,1.9900000095367432,1.9900000095367432,1.9900000095367432,607,0.0,0.0
2024-09-03 13:40:00-04:00,1.9919999837875366,1.9919999837875366,1.9919999837875366,1.9919999837875366,200,0.0,0.0
2024-09-03 13:45:00-04:00,1.999899983406067,1.999899983406067,1.9901000261306763,1.9950000047683716,11854,0.0,0.0
2024-09-03 13:50:00-04:00,1.9950000047683716,1.9950000047683716,1.9900000095367432,1.9900000095367432,1548,0.0,0.0
2024-09-03 13:55:00-04:00,1.9967000484466553,1.9967000484466553,1.9950000047683716,1.9950000047683716,312,0.0,0.0
2024-09-03 14:00:00-04:00,1.9950000047683716,2.005000114440918,1.9900000095367432,1.9980000257492065,10884,0.0,0.0
2024-09-03 14:05:00-04:00,1.9900000095367432,1.9900000095367432,1.9900000095367432,1.9900000095367432,200,0.0,0.0
2024-09-03 14:10:00-04:00,1.9950000047683716,1.9950000047683716,1.9950000047683716,1.9950000047683716,14410,0.0,0.0
2024-09-03 14:15:00-04:00,1.9950000047683716,1.999899983406067,1.9950000047683716,1.999899983406067,0,0.0,0.0
2024-09-03 14:25:00-04:00,2.0,2.0,1.9950000047683716,1.9950000047683716,700,0.0,0.0
2024-09-03 14:30:00-04:00,1.9901000261306763,1.9902000427246094,1.9901000261306763,1.9902000427246094,3037,0.0,0.0
2024-09-03 14:35:00-04:00,1.9950000047683716,2.0,1.9950000047683716,2.0,3404,0.0,0.0
2024-09-03 14:40:00-04:00,2.0000998973846436,2.0250000953674316,2.0000998973846436,2.0250000953674316,3524,0.0,0.0
2024-09-03 14:50:00-04:00,2.0280001163482666,2.0280001163482666,2.0280001163482666,2.0280001163482666,270,0.0,0.0
2024-09-03 14:55:00-04:00,2.0299999713897705,2.0299999713897705,2.0299999713897705,2.0299999713897705,5268,0.0,0.0
2024-09-03 15:00:00-04:00,2.0199999809265137,2.0250000953674316,2.0199999809265137,2.0250000953674316,475,0.0,0.0
2024-09-03 15:05:00-04:00,2.0250000953674316,2.0250000953674316,2.0199999809265137,2.0199999809265137,1054,0.0,0.0
2024-09-03 15:20:00-04:00,2.0250000953674316,2.0399999618530273,2.0250000953674316,2.0399999618530273,4515,0.0,0.0
2024-09-03 15:25:00-04:00,2.0450000762939453,2.0450000762939453,2.030900001525879,2.030900001525879,6626,0.0,0.0
2024-09-03 15:30:00-04:00,2.04010009765625,2.04010009765625,2.0399999618530273,2.0399999618530273,6307,0.0,0.0
2024-09-03 15:35:00-04:00,2.0399999618530273,2.049299955368042,2.0399999618530273,2.0423998832702637,1841,0.0,0.0
2024-09-03 15:40:00-04:00,2.0450000762939453,2.0499000549316406,2.0450000762939453,2.0450000762939453,313,0.0,0.0
2024-09-03 15:45:00-04:00,2.0450000762939453,2.055000066757202,2.0350000858306885,2.055000066757202,8967,0.0,0.0
2024-09-03 15:50:00-04:00,2.0596001148223877,2.0596001148223877,2.049999952316284,2.049999952316284,2434,0.0,0.0
2024-09-03 15:55:00-04:00,2.050100088119507,2.069999933242798,2.049999952316284,2.065000057220459,12551,0.0,0.0
2024-09-04 09:30:00-04:00,2.0199999809265137,2.0350000858306885,1.9600000381469727,1.960800051689148,56218,0.0,0.0
2024-09-04 09:35:00-04:00,1.9700000286102295,1.9800000190734863,1.9600000381469727,1.9700000286102295,4786,0.0,0.0
2024-09-04 09:40:00-04:00,1.9700000286102295,1.9891999959945679,1.9299999475479126,1.94350004196167,30048,0.0,0.0
2024-09-04 09:45:00-04:00,1.968999981880188,2.009999990463257,1.965000033378601,2.0099000930786133,34072,0.0,0.0
2024-09-04 09:55:00-04:00,1.997499942779541,2.003499984741211,1.99590003490448,2.0027999877929688,3185,0.0,0.0
2024-09-04 10:00:00-04:00,2.0,2.0599000453948975,2.0,2.059299945831299,18294,0.0,0.0
2024-09-04 10:05:00-04:00,2.049999952316284,2.049999952316284,2.0399999618530273,2.049299955368042,7662,0.0,0.0
2024-09-04 10:10:00-04:00,2.0450000762939453,2.059999942779541,2.0450000762939453,2.059999942779541,6578,0.0,0.0
2024-09-04 10:15:00-04:00,2.0799999237060547,2.0799999237060547,2.0732998847961426,2.0743000507354736,1897,0.0,0.0
2024-09-04 10:20:00-04:00,2.069999933242798,2.0799999237060547,2.0601999759674072,2.0799999237060547,18630,0.0,0.0
2024-09-04 10:25:00-04:00,2.0950000286102295,2.149899959564209,2.0950000286102295,2.128000020980835,52931,0.0,0.0
2024-09-04 10:30:00-04:00,2.130000114440918,2.140000104904175,2.130000114440918,2.134999990463257,7362,0.0,0.0
2024-09-04 10:35:00-04:00,2.130500078201294,2.1517999172210693,2.130000114440918,2.1500000953674316,7319,0.0,0.0
2024-09-04 10:40:00-04:00,2.150099992752075,2.190000057220459,2.150099992752075,2.1600000858306885,35039,0.0,0.0
2024-09-04 10:45:00-04:00,2.1600000858306885,2.1700000762939453,2.109999895095825,2.115000009536743,27606,0.0,0.0
2024-09-04 10:50:00-04:00,2.115000009536743,2.115000009536743,2.0999999046325684,2.109999895095825,10751,0.0,0.0
2024-09-04 10:55:00-04:00,2.119999885559082,2.124000072479248,2.119999885559082,2.124000072479248,736,0.0,0.0
2024-09-04 11:00:00-04:00,2.130000114440918,2.134999990463257,2.119999885559082,2.119999885559082,7668,0.0,0.0
2024-09-04 11:05:00-04:00,2.109999895095825,2.109999895095825,2.0999999046325684,2.0999999046325684,2055,0.0,0.0
2024-09-04 11:10:00-04:00,2.109999895095825,2.109999895095825,2.0759999752044678,2.0850000381469727,19376,0.0,0.0
2024-09-04 11:15:00-04:00,2.0801000595092773,2.0801000595092773,2.069999933242798,2.075000047683716,2755,0.0,0.0
2024-09-04 11:20:00-04:00,2.075000047683716,2.1050000190734863,2.069999933242798,2.075000047683716,21781,0.0,0.0
2024-09-04 11:25:00-04:00,2.069999933242798,2.069999933242798,2.0399999618530273,2.0399999618530273,23220,0.0,0.0
2024-09-04 11:30:00-04:00,2.049999952316284,2.049999952316284,2.030400037765503,2.030400037765503,8651,0.0,0.0
2024-09-04 11:35:00-04:00,2.0350000858306885,2.0350000858306885,2.0250000953674316,2.0299999713897705,5505,0.0,0.0
2024-09-04 11:40:00-04:00,2.029900074005127,2.055000066757202,2.0250000953674316,2.049999952316284,18121,0.0,0.0
2024-09-04 11:45:00-04:00,2.0399999618530273,2.0499000549316406,2.0399999618530273,2.0499000549316406,2626,0.0,0.0
2024-09-04 11:50:00-04:00,2.0299999713897705,2.0299999713897705,2.0299999713897705,2.0299999713897705,1005,0.0,0.0
2024-09-04 11:55:00-04:00,2.0399999618530273,2.0459001064300537,2.0352001190185547,2.0450000762939453,3055,0.0,0.0
2024-09-04 12:00:00-04:00,2.049999952316284,2.049999952316284,2.049999952316284,2.049999952316284,1562,0.0,0.0
2024-09-04 12:05:00-04:00,2.0399999618530273,2.0399999618530273,2.0299999713897705,2.0399999618530273,1651,0.0,0.0
2024-09-04 12:10:00-04:00,2.0406999588012695,2.0406999588012695,2.0406999588012695,2.0406999588012695,107,0.0,0.0
2024-09-04 12:20:00-04:00,2.049999952316284,2.059999942779541,2.049999952316284,2.059999942779541,1501,0.0,0.0
2024-09-04 12:25:00-04:00,2.059999942779541,2.059999942779541,2.059999942779541,2.059999942779541,616,0.0,0.0
2024-09-04 12:30:00-04:00,2.0701000690460205,2.0701000690460205,2.0701000690460205,2.0701000690460205,3300,0.0,0.0
2024-09-04 12:35:00-04:00,2.0690999031066895,2.075000047683716,2.059999942779541,2.075000047683716,6618,0.0,0.0
2024-09-04 12:40:00-04:00,2.075000047683716,2.075000047683716,2.059999942779541,2.0601000785827637,12914,0.0,0.0
2024-09-04 12:45:00-04:00,2.059999942779541,2.065000057220459,2.055000066757202,2.059999942779541,8501,0.0,0.0
2024-09-04 12:50:00-04:00,2.065500020980835,2.0850000381469727,2.065500020980835,2.0850000381469727,2451,0.0,0.0
2024-09-04 12:55:00-04:00,2.089900016784668,2.0899999141693115,2.0896999835968018,2.0896999835968018,1403,0.0,0.0
2024-09-04 13:00:00-04:00,2.0897998809814453,2.0999999046325684,2.0897998809814453,2.099900007247925,4267,0.0,0.0
2024-09-04 13:05:00-04:00,2.0950000286102295,2.099900007247925,2.0950000286102295,2.0950000286102295,1981,0.0,0.0
2024-09-04 13:10:00-04:00,2.0950000286102295,2.1198999881744385,2.0950000286102295,2.109999895095825,16812,0.0,0.0
2024-09-04 13:15:00-04:00,2.1198999881744385,2.1198999881744385,2.110100030899048,2.11080002784729,3032,0.0,0.0
2024-09-04 13:20:00-04:00,2.119999885559082,2.130000114440918,2.1198999881744385,2.125,9931,0.0,0.0
2024-09-04 13:25:00-04:00,2.125,2.125,2.109999895095825,2.115000009536743,7624,0.0,0.0
2024-09-04 13:30:00-04:00,2.0999999046325684,2.0999999046325684,2.0899999141693115,2.0899999141693115,1676,0.0,0.0
2024-09-04 13:35:00-04:00,2.0999999046325684,2.1050000190734863,2.0950000286102295,2.1050000190734863,1644,0.0,0.0
2024-09-04 13:40:00-04:00,2.0999999046325684,2.0999999046325684,2.0999999046325684,2.0999999046325684,6289,0.0,0.0
2024-09-04 13:45:00-04:00,2.0975000858306885,2.100100040435791,2.0950000286102295,2.0950000286102295,7224,0.0,0.0
2024-09-04 13:50:00-04:00,2.0899999141693115,2.0899999141693115,2.0899999141693115,2.0899999141693115,0,0.0,0.0
2024-09-04 13:55:00-04:00,2.0850000381469727,2.0850000381469727,2.0799999237060547,2.0799999237060547,2387,0.0,0.0
2024-09-04 14:00:00-04:00,2.0801000595092773,2.0801000595092773,2.0801000595092773,2.0801000595092773,200,0.0,0.0
2024-09-04 14:05:00-04:00,2.0850000381469727,2.0850000381469727,2.0799999237060547,2.0799999237060547,651,0.0,0.0
2024-09-04 14:15:00-04:00,2.0850000381469727,2.0896999835968018,2.0850000381469727,2.0896999835968018,204,0.0,0.0
2024-09-04 14:25:00-04:00,2.0871999263763428,2.0871999263763428,2.0871999263763428,2.0871999263763428,157,0.0,0.0
2024-09-04 14:30:00-04:00,2.0950000286102295,2.101300001144409,2.0950000286102295,2.101300001144409,1292,0.0,0.0
2024-09-04 14:35:00-04:00,2.1098999977111816,2.109999895095825,2.0899999141693115,2.0899999141693115,2305,0.0,0.0
2024-09-04 14:40:00-04:00,2.0999999046325684,2.1096999645233154,2.0999999046325684,2.1096999645233154,1722,0.0,0.0
2024-09-04 14:45:00-04:00,2.109499931335449,2.109499931335449,2.1050000190734863,2.1050000190734863,1520,0.0,0.0
2024-09-04 14:50:00-04:00,2.1098999977111816,2.1098999977111816,2.1050000190734863,2.1050000190734863,379,0.0,0.0
2024-09-04 14:55:00-04:00,2.1050000190734863,2.1050000190734863,2.1050000190734863,2.1050000190734863,536,0.0,0.0
2024-09-04 15:05:00-04:00,2.0999999046325684,2.1098999977111816,2.0999999046325684,2.1050000190734863,17839,0.0,0.0
2024-09-04 15:10:00-04:00,2.0999999046325684,2.0999999046325684,2.0799999237060547,2.0799999237060547,4198,0.0,0.0
2024-09-04 15:15:00-04:00,2.0850000381469727,2.0850000381469727,2.0799999237060547,2.0799999237060547,4392,0.0,0.0
2024-09-04 15:20:00-04:00,2.0850000381469727,2.0850000381469727,2.0850000381469727,2.0850000381469727,785,0.0,0.0
2024-09-04 15:25:00-04:00,2.0885000228881836,2.0885000228881836,2.0799999237060547,2.0799999237060547,8692,0.0,0.0
2024-09-04 15:30:00-04:00,2.0799999237060547,2.0850000381469727,2.0799999237060547,2.0850000381469727,1131,0.0,0.0
2024-09-04 15:35:00-04:00,2.0799999237060547,2.0850000381469727,2.0799999237060547,2.0850000381469727,1367,0.0,0.0
2024-09-04 15:40:00-04:00,2.0850000381469727,2.1649999618530273,2.0850000381469727,2.1549999713897705,101546,0.0,0.0
2024-09-04 15:45:00-04:00,2.1549999713897705,2.190000057220459,2.134999990463257,2.1600000858306885,32175,0.0,0.0
2024-09-04 15:50:00-04:00,2.180000066757202,2.180000066757202,2.1600000858306885,2.179800033569336,12593,0.0,0.0
2024-09-04 15:55:00-04:00,2.1700000762939453,2.180000066757202,2.160099983215332,2.180000066757202,54072,0.0,0.0
2024-09-05 09:30:00-04:00,2.1500000953674316,2.1500000953674316,2.100100040435791,2.115000009536743,23086,0.0,0.0
2024-09-05 09:35:00-04:00,2.0999999046325684,2.1407999992370605,2.0999999046325684,2.1407999992370605,7476,0.0,0.0
2024-09-05 09:40:00-04:00,2.130000114440918,2.1500000953674316,2.130000114440918,2.1500000953674316,2033,0.0,0.0
2024-09-05 09:45:00-04:00,2.1507999897003174,2.1507999897003174,2.140000104904175,2.140000104904175,2166,0.0,0.0
2024-09-05 09:50:00-04:00,2.130000114440918,2.140000104904175,2.119999885559082,2.1205999851226807,3084,0.0,0.0
2024-09-05 09:55:00-04:00,2.130000114440918,2.130000114440918,2.119999885559082,2.119999885559082,11383,0.0,0.0
2024-09-05 10:00:00-04:00,2.0999999046325684,2.134999990463257,2.0999999046325684,2.1301000118255615,14184,0.0,0.0
2024-09-05 10:05:00-04:00,2.1308000087738037,2.1600000858306885,2.1308000087738037,2.142199993133545,1208,0.0,0.0
2024-09-05 10:10:00-04:00,2.1391000747680664,2.1391000747680664,2.130000114440918,2.130000114440918,861,0.0,0.0
2024-09-05 10:15:00-04:00,2.137500047683716,2.137500047683716,2.131200075149536,2.131200075149536,2024,0.0,0.0
2024-09-05 10:20:00-04:00,2.134999990463257,2.134999990463257,2.134999990463257,2.134999990463257,831,0.0,0.0
2024-09-05 10:25:00-04:00,2.1549999713897705,2.159899950027466,2.1549999713897705,2.1549999713897705,952,0.0,0.0
2024-09-05 10:30:00-04:00,2.140000104904175,2.140000104904175,2.140000104904175,2.140000104904175,3333,0.0,0.0
2024-09-05 10:35:00-04:00,2.140000104904175,2.140000104904175,2.1398000717163086,2.1398000717163086,863,0.0,0.0
2024-09-05 10:40:00-04:00,2.1375999450683594,2.1375999450683594,2.1375999450683594,2.1375999450683594,1585,0.0,0.0
2024-09-05 10:45:00-04:00,2.130199909210205,2.130199909210205,2.130000114440918,2.130000114440918,4905,0.0,0.0
2024-09-05 10:50:00-04:00,2.119999885559082,2.119999885559082,2.109999895095825,2.119999885559082,2865,0.0,0.0
2024-09-05 10:55:00-04:00,2.1201000213623047,2.134999990463257,2.1201000213623047,2.125,1769,0.0,0.0
2024-09-05 11:00:00-04:00,2.125,2.140000104904175,2.125,2.140000104904175,475,0.0,0.0
2024-09-05 11:10:00-04:00,2.149899959564209,2.149899959564209,2.1407999992370605,2.1407999992370605,811,0.0,0.0
2024-09-05 11:15:00-04:00,2.1407999992370605,2.1649999618530273,2.1407999992370605,2.1600000858306885,4061,0.0,0.0
2024-09-05 11:20:00-04:00,2.1600000858306885,2.1600000858306885,2.1549999713897705,2.1549999713897705,2935,0.0,0.0
2024-09-05 11:25:00-04:00,2.1401000022888184,2.1449999809265137,2.1401000022888184,2.1449999809265137,2347,0.0,0.0
2024-09-05 11:30:00-04:00,2.130000114440918,2.132499933242798,2.119999885559082,2.132499933242798,2075,0.0,0.0
2024-09-05 11:35:00-04:00,2.134999990463257,2.134999990463257,2.134999990463257,2.134999990463257,1112,0.0,0.0
2024-09-05 11:40:00-04:00,2.134999990463257,2.140000104904175,2.134999990463257,2.140000104904175,1242,0.0,0.0
2024-09-05 11:45:00-04:00,2.140000104904175,2.1898999214172363,2.140000104904175,2.1800999641418457,9446,0.0,0.0
2024-09-05 11:50:00-04:00,2.180000066757202,2.180000066757202,2.1700000762939453,2.180000066757202,2978,0.0,0.0
2024-09-05 11:55:00-04:00,2.172499895095825,2.172499895095825,2.1649999618530273,2.1649999618530273,787,0.0,0.0
2024-09-05 12:00:00-04:00,2.1649999618530273,2.1675000190734863,2.1649999618530273,2.1675000190734863,707,0.0,0.0
2024-09-05 12:05:00-04:00,2.1649999618530273,2.180000066757202,2.1649999618530273,2.1793999671936035,2106,0.0,0.0
2024-09-05 12:10:00-04:00,2.1649999618530273,2.1649999618530273,2.1649999618530273,2.1649999618530273,283,0.0,0.0
2024-09-05 12:15:00-04:00,2.1649999618530273,2.1700000762939453,2.1649999618530273,2.1700000762939453,1980,0.0,0.0
2024-09-05 12:20:00-04:00,2.180000066757202,2.180000066757202,2.180000066757202,2.180000066757202,3745,0.0,0.0
2024-09-05 12:25:00-04:00,2.190000057220459,2.190500020980835,2.190000057220459,2.190000057220459,4255,0.0,0.0
2024-09-05 12:30:00-04:00,2.190000057220459,2.190000057220459,2.1700000762939453,2.1700000762939453,2666,0.0,0.0
2024-09-05 12:50:00-04:00,2.166100025177002,2.180000066757202,2.166100025177002,2.180000066757202,4232,0.0,0.0
2024-09-05 12:55:00-04:00,2.180000066757202,2.190000057220459,2.174999952316284,2.174999952316284,12213,0.0,0.0
2024-09-05 13:00:00-04:00,2.1649999618530273,2.1649999618530273,2.1500000953674316,2.1500000953674316,4153,0.0,0.0
2024-09-05 13:05:00-04:00,2.140000104904175,2.140000104904175,2.109999895095825,2.1103999614715576,16502,0.0,0.0
2024-09-05 13:10:00-04:00,2.119999885559082,2.140000104904175,2.119999885559082,2.140000104904175,14287,0.0,0.0
2024-09-05 13:15:00-04:00,2.140000104904175,2.1500000953674316,2.140000104904175,2.1489999294281006,7037,0.0,0.0
2024-09-05 13:20:00-04:00,2.140199899673462,2.1582999229431152,2.134999990463257,2.1500000953674316,22166,0.0,0.0
2024-09-05 13:25:00-04:00,2.1449999809265137,2.1449999809265137,2.140000104904175,2.1449999809265137,880,0.0,0.0
2024-09-05 13:30:00-04:00,2.1449999809265137,2.1449999809265137,2.1407999992370605,2.1407999992370605,798,0.0,0.0
2024-09-05 13:35:00-04:00,2.1549999713897705,2.1549999713897705,2.1549999713897705,2.1549999713897705,452,0.0,0.0
2024-09-05 13:45:00-04:00,2.1600000858306885,2.1700000762939453,2.1600000858306885,2.1649999618530273,3235,0.0,0.0
2024-09-05 13:50:00-04:00,2.1649999618530273,2.1649999618530273,2.1649999618530273,2.1649999618530273,588,0.0,0.0
2024-09-05 13:55:00-04:00,2.1649999618530273,2.180000066757202,2.1649999618530273,2.174999952316284,1595,0.0,0.0
2024-09-05 14:00:00-04:00,2.174999952316284,2.174999952316284,2.1700000762939453,2.174999952316284,6391,0.0,0.0
2024-09-05 14:05:00-04:00,2.180000066757202,2.180000066757202,2.180000066757202,2.180000066757202,724,0.0,0.0
2024-09-05 14:10:00-04:00,2.194999933242798,2.194999933242798,2.190000057220459,2.190000057220459,2767,0.0,0.0
2024-09-05 14:15:00-04:00,2.1900999546051025,2.1900999546051025,2.1900999546051025,2.1900999546051025,644,0.0,0.0
2024-09-05 14:20:00-04:00,2.194999933242798,2.194999933242798,2.190000057220459,2.190000057220459,1100,0.0,0.0
2024-09-05 14:25:00-04:00,2.1649999618530273,2.1649999618530273,2.1549999713897705,2.1600000858306885,15508,0.0,0.0
2024-09-05 14:30:00-04:00,2.1600000858306885,2.1700000762939453,2.1600000858306885,2.1700000762939453,1998,0.0,0.0
2024-09-05 14:45:00-04:00,2.1700000762939453,2.174999952316284,2.1700000762939453,2.1700000762939453,1177,0.0,0.0
2024-09-05 14:50:00-04:00,2.1600000858306885,2.1649999618530273,2.1549999713897705,2.164599895477295,7339,0.0,0.0
2024-09-05 14:55:00-04:00,2.1619999408721924,2.1698999404907227,2.1619999408721924,2.1698999404907227,1626,0.0,0.0
2024-09-05 15:00:00-04:00,2.160099983215332,2.160900115966797,2.160099983215332,2.160900115966797,728,0.0,0.0
2024-09-05 15:05:00-04:00,2.1700000762939453,2.1791999340057373,2.1700000762939453,2.1702001094818115,1364,0.0,0.0
2024-09-05 15:10:00-04:00,2.174999952316284,2.174999952316284,2.174999952316284,2.174999952316284,1259,0.0,0.0
2024-09-05 15:15:00-04:00,2.179500102996826,2.179500102996826,2.179500102996826,2.179500102996826,990,0.0,0.0
2024-09-05 15:25:00-04:00,2.1798999309539795,2.1798999309539795,2.1703999042510986,2.1714000701904297,2014,0.0,0.0
2024-09-05 15:30:00-04:00,2.170599937438965,2.170599937438965,2.170599937438965,2.170599937438965,539,0.0,0.0
2024-09-05 15:35:00-04:00,2.174999952316284,2.174999952316284,2.174999952316284,2.174999952316284,4414,0.0,0.0
2024-09-05 15:40:00-04:00,2.176500082015991,2.2100000381469727,2.174999952316284,2.174999952316284,32202,0.0,0.0
2024-09-05 15:45:00-04:00,2.174999952316284,2.188999891281128,2.174999952316284,2.1875,5243,0.0,0.0
2024-09-05 15:50:00-04:00,2.190000057220459,2.190000057220459,2.1649999618530273,2.1649999618530273,18061,0.0,0.0
2024-09-05 15:55:00-04:00,2.1649999618530273,2.174999952316284,2.1600000858306885,2.1600000858306885,9532,0.0,0.0
2024-09-06 09:30:00-04:00,2.140000104904175,2.1500000953674316,2.109999895095825,2.130000114440918,17862,0.0,0.0
2024-09-06 09:35:00-04:00,2.119999885559082,2.140000104904175,2.119999885559082,2.119999885559082,6796,0.0,0.0
2024-09-06 09:40:00-04:00,2.120699882507324,2.140000104904175,2.120699882507324,2.140000104904175,134,0.0,0.0
2024-09-06 09:45:00-04:00,2.140000104904175,2.1414999961853027,2.130000114440918,2.130000114440918,1153,0.0,0.0
2024-09-06 09:50:00-04:00,2.119999885559082,2.119999885559082,2.109999895095825,2.109999895095825,1985,0.0,0.0
2024-09-06 09:55:00-04:00,2.119999885559082,2.1215999126434326,2.109999895095825,2.109999895095825,8788,0.0,0.0
2024-09-06 10:00:00-04:00,2.1050000190734863,2.109999895095825,2.076200008392334,2.0799999237060547,9452,0.0,0.0
2024-09-06 10:05:00-04:00,2.0899999141693115,2.109999895095825,2.0804998874664307,2.109999895095825,4688,0.0,0.0
2024-09-06 10:10:00-04:00,2.0950000286102295,2.0950000286102295,2.0869998931884766,2.0869998931884766,4721,0.0,0.0
2024-09-06 10:15:00-04:00,2.089900016784668,2.0999999046325684,2.069999933242798,2.0999999046325684,6971,0.0,0.0
2024-09-06 10:20:00-04:00,2.119999885559082,2.1298999786376953,2.119999885559082,2.120300054550171,1371,0.0,0.0
2024-09-06 10:25:00-04:00,2.1050000190734863,2.1050000190734863,2.0950000286102295,2.0950000286102295,2178,0.0,0.0
2024-09-06 10:30:00-04:00,2.0799999237060547,2.080199956893921,2.0799999237060547,2.0801000595092773,404,0.0,0.0
2024-09-06 10:35:00-04:00,2.069999933242798,2.109999895095825,2.069999933242798,2.109999895095825,5561,0.0,0.0
2024-09-06 10:40:00-04:00,2.109999895095825,2.109999895095825,2.0850000381469727,2.08870005607605,4322,0.0,0.0
2024-09-06 10:45:00-04:00,2.0899999141693115,2.0899999141693115,2.0899999141693115,2.0899999141693115,1213,0.0,0.0
2024-09-06 10:50:00-04:00,2.089900016784668,2.089900016784668,2.089900016784668,2.089900016784668,389,0.0,0.0
2024-09-06 10:55:00-04:00,2.0899999141693115,2.0899999141693115,2.0850000381469727,2.0850000381469727,1748,0.0,0.0
2024-09-06 11:00:00-04:00,2.0999999046325684,2.119999885559082,2.0950000286102295,2.0950000286102295,11839,0.0,0.0
2024-09-06 11:05:00-04:00,2.0850000381469727,2.0850000381469727,2.0799999237060547,2.0799999237060547,5244,0.0,0.0
2024-09-06 11:10:00-04:00,2.0799999237060547,2.0799999237060547,2.072999954223633,2.072999954223633,2781,0.0,0.0
2024-09-06 11:15:00-04:00,2.069999933242798,2.069999933242798,2.057300090789795,2.057300090789795,7461,0.0,0.0
2024-09-06 11:20:00-04:00,2.0599000453948975,2.069999933242798,2.057499885559082,2.059999942779541,5123,0.0,0.0
2024-09-06 11:25:00-04:00,2.069999933242798,2.069999933242798,2.0399999618530273,2.049999952316284,6142,0.0,0.0
2024-09-06 11:30:00-04:00,2.055000066757202,2.059000015258789,2.049999952316284,2.059000015258789,7429,0.0,0.0
2024-09-06 11:35:00-04:00,2.055000066757202,2.055000066757202,2.0450000762939453,2.0499000549316406,6482,0.0,0.0
2024-09-06 11:40:00-04:00,2.0399999618530273,2.0399999618530273,2.0,2.007499933242798,45858,0.0,0.0
2024-09-06 11:45:00-04:00,2.009500026702881,2.009999990463257,1.9700000286102295,1.9800000190734863,32758,0.0,0.0
2024-09-06 11:50:00-04:00,1.9800000190734863,1.9900000095367432,1.9600000381469727,1.9696999788284302,30642,0.0,0.0
2024-09-06 11:55:00-04:00,1.965000033378601,1.965000033378601,1.9528000354766846,1.9528000354766846,7284,0.0,0.0
2024-09-06 12:00:00-04:00,1.9699000120162964,1.9800000190734863,1.9600000381469727,1.975000023841858,12332,0.0,0.0
2024-09-06 12:05:00-04:00,1.9799000024795532,1.9799000024795532,1.9700000286102295,1.9700000286102295,4344,0.0,0.0
2024-09-06 12:10:00-04:00,1.9800000190734863,1.9800000190734863,1.9600000381469727,1.9800000190734863,23895,0.0,0.0
2024-09-06 12:15:00-04:00,1.9699000120162964,1.9800000190734863,1.9699000120162964,1.9800000190734863,6213,0.0,0.0
2024-09-06 12:20:00-04:00,1.9900000095367432,2.009999990463257,1.9900000095367432,2.009999990463257,3322,0.0,0.0
2024-09-06 12:25:00-04:00,2.009999990463257,2.0100998878479004,1.9800000190734863,1.9889999628067017,17650,0.0,0.0
2024-09-06 12:30:00-04:00,1.9881000518798828,1.98989999294281,1.9800000190734863,1.9800000190734863,10334,0.0,0.0
2024-09-06 12:35:00-04:00,1.9997999668121338,1.9997999668121338,1.980299949645996,1.980299949645996,919,0.0,0.0
2024-09-06 12:40:00-04:00,1.9850000143051147,1.9850000143051147,1.9850000143051147,1.9850000143051147,373,0.0,0.0
2024-09-06 12:45:00-04:00,2.005000114440918,2.005000114440918,1.980299949645996,1.9900000095367432,6909,0.0,0.0
2024-09-06 12:50:00-04:00,1.9800000190734863,1.9803999662399292,1.9700000286102295,1.9700000286102295,11434,0.0,0.0
2024-09-06 12:55:00-04:00,1.9701000452041626,1.9850000143051147,1.9701000452041626,1.9850000143051147,855,0.0,0.0
2024-09-06 13:00:00-04:00,2.0,2.0,2.0,2.0,377,0.0,0.0
2024-09-06 13:05:00-04:00,2.009999990463257,2.009999990463257,1.9910999536514282,1.9910999536514282,13168,0.0,0.0
2024-09-06 13:10:00-04:00,1.9900000095367432,2.009999990463257,1.9900000095367432,2.009999990463257,935,0.0,0.0
2024-09-06 13:15:00-04:00,2.0,2.009999990463257,2.0,2.009999990463257,1410,0.0,0.0
2024-09-06 13:20:00-04:00,2.0006000995635986,2.0199999809265137,2.0006000995635986,2.01200008392334,3969,0.0,0.0
2024-09-06 13:25:00-04:00,2.0148000717163086,2.0148000717163086,2.009999990463257,2.009999990463257,654,0.0,0.0
2024-09-06 13:30:00-04:00,2.0,2.000499963760376,2.0,2.0,4106,0.0,0.0
2024-09-06 13:35:00-04:00,1.9950000047683716,2.0,1.9950000047683716,2.0,5886,0.0,0.0
2024-09-06 13:40:00-04:00,1.9950000047683716,1.9950000047683716,1.9900000095367432,1.9900000095367432,5131,0.0,0.0
2024-09-06 13:45:00-04:00,1.980299949645996,1.980299949645996,1.9800000190734863,1.9800000190734863,24913,0.0,0.0
2024-09-06 13:50:00-04:00,1.9850000143051147,2.0,1.9850000143051147,2.0,5132,0.0,0.0
2024-09-06 13:55:00-04:00,2.0,2.0,1.9900000095367432,2.0,1373,0.0,0.0
2024-09-06 14:00:00-04:00,2.0,2.0,1.9950000047683716,2.0,350,0.0,0.0
2024-09-06 14:05:00-04:00,1.9903000593185425,2.0,1.9903000593185425,2.0,2305,0.0,0.0
2024-09-06 14:10:00-04:00,2.0,2.0099000930786133,1.9902000427246094,1.9902000427246094,10204,0.0,0.0
2024-09-06 14:15:00-04:00,1.98989999294281,1.9900000095367432,1.9850000143051147,1.986199975013733,2609,0.0,0.0
2024-09-06 14:20:00-04:00,1.9850000143051147,1.9850000143051147,1.9800000190734863,1.9800000190734863,5573,0.0,0.0
2024-09-06 14:25:00-04:00,1.9850000143051147,1.9850000143051147,1.9730000495910645,1.9730000495910645,11410,0.0,0.0
2024-09-06 14:30:00-04:00,1.979200005531311,1.979200005531311,1.9600000381469727,1.9700000286102295,16297,0.0,0.0
2024-09-06 14:35:00-04:00,1.965000033378601,1.9674999713897705,1.965000033378601,1.9674999713897705,886,0.0,0.0
2024-09-06 14:40:00-04:00,1.9674999713897705,1.9789999723434448,1.9674999713897705,1.9789999723434448,3265,0.0,0.0
2024-09-06 14:45:00-04:00,1.9800000190734863,1.9850000143051147,1.975000023841858,1.9850000143051147,11885,0.0,0.0
2024-09-06 14:50:00-04:00,1.9850000143051147,1.98989999294281,1.9850000143051147,1.98989999294281,2639,0.0,0.0
2024-09-06 14:55:00-04:00,1.98989999294281,2.0,1.98989999294281,2.0,9176,0.0,0.0
2024-09-06 15:00:00-04:00,2.0,2.005000114440918,1.9950000047683716,2.005000114440918,1397,0.0,0.0
2024-09-06 15:05:00-04:00,2.0,2.0,1.995300054550171,1.995300054550171,2225,0.0,0.0
2024-09-06 15:10:00-04:00,1.9950000047683716,2.0,1.9950000047683716,2.0,428,0.0,0.0
2024-09-06 15:15:00-04:00,2.0,2.009999990463257,2.0,2.009999990463257,1326,0.0,0.0
2024-09-06 15:20:00-04:00,2.009999990463257,2.015000104904175,2.009999990463257,2.015000104904175,2438,0.0,0.0
2024-09-06 15:25:00-04:00,2.0199999809265137,2.0280001163482666,2.009999990463257,2.015000104904175,8909,0.0,0.0
2024-09-06 15:30:00-04:00,2.01200008392334,2.01200008392334,2.009999990463257,2.009999990463257,2749,0.0,0.0
2024-09-06 15:35:00-04:00,1.9950000047683716,2.019399881362915,1.9950000047683716,2.014899969100952,3324,0.0,0.0
2024-09-06 15:40:00-04:00,2.0100998878479004,2.0100998878479004,1.9907000064849854,1.9907000064849854,9142,0.0,0.0
2024-09-06 15:45:00-04:00,2.005000114440918,2.005000114440918,2.005000114440918,2.005000114440918,4296,0.0,0.0
2024-09-06 15:50:00-04:00,2.0,2.0,1.9850000143051147,1.9850000143051147,20808,0.0,0.0
2024-09-06 15:55:00-04:00,1.9850000143051147,1.9850000143051147,1.9579999446868896,1.9800000190734863,43613,0.0,0.0
2024-09-09 09:30:00-04:00,1.9600000381469727,1.9950000047683716,1.951799988746643,1.9950000047683716,36185,0.0,0.0
2024-09-09 09:35:00-04:00,1.9950000047683716,2.0199999809265137,1.9950000047683716,2.009999990463257,10593,0.0,0.0
2024-09-09 09:40:00-04:00,2.0399999618530273,2.0399999618530273,2.0199999809265137,2.0216000080108643,5672,0.0,0.0
2024-09-09 09:45:00-04:00,2.015000104904175,2.0199999809265137,1.9972000122070312,2.0199999809265137,3109,0.0,0.0
2024-09-09 09:50:00-04:00,2.009999990463257,2.009999990463257,1.9900000095367432,2.009999990463257,5357,0.0,0.0
2024-09-09 09:55:00-04:00,2.009999990463257,2.0299999713897705,2.009999990463257,2.0250000953674316,987,0.0,0.0
2024-09-09 10:00:00-04:00,2.0299999713897705,2.0501999855041504,2.0299999713897705,2.0399999618530273,5486,0.0,0.0
2024-09-09 10:05:00-04:00,2.0399999618530273,2.059000015258789,2.0399999618530273,2.049999952316284,3091,0.0,0.0
2024-09-09 10:10:00-04:00,2.058000087738037,2.0999999046325684,2.058000087738037,2.0999999046325684,5650,0.0,0.0
2024-09-09 10:15:00-04:00,2.059999942779541,2.0601000785827637,2.0399999618530273,2.040600061416626,31400,0.0,0.0
2024-09-09 10:20:00-04:00,2.052299976348877,2.059999942779541,2.0399999618530273,2.0399999618530273,8982,0.0,0.0
2024-09-09 10:25:00-04:00,2.0487000942230225,2.089900016784668,2.0487000942230225,2.069999933242798,6127,0.0,0.0
2024-09-09 10:30:00-04:00,2.0701000690460205,2.0899999141693115,2.0701000690460205,2.0799999237060547,9372,0.0,0.0
2024-09-09 10:35:00-04:00,2.075000047683716,2.075000047683716,2.059999942779541,2.059999942779541,5111,0.0,0.0
2024-09-09 10:40:00-04:00,2.063199996948242,2.069999933242798,2.059999942779541,2.069999933242798,3317,0.0,0.0
2024-09-09 10:45:00-04:00,2.069999933242798,2.069999933242798,2.065000057220459,2.065000057220459,1577,0.0,0.0
2024-09-09 10:50:00-04:00,2.069999933242798,2.0999999046325684,2.069999933242798,2.0999999046325684,11154,0.0,0.0
2024-09-09 10:55:00-04:00,2.0999999046325684,2.119999885559082,2.0999999046325684,2.0999999046325684,7132,0.0,0.0
2024-09-09 11:00:00-04:00,2.0999999046325684,2.0999999046325684,2.0850000381469727,2.0899999141693115,2122,0.0,0.0
2024-09-09 11:05:00-04:00,2.0999999046325684,2.0999999046325684,2.0703001022338867,2.075000047683716,6915,0.0,0.0
2024-09-09 11:10:00-04:00,2.078000068664551,2.0999999046325684,2.069999933242798,2.0999999046325684,11057,0.0,0.0
2024-09-09 11:15:00-04:00,2.0850000381469727,2.0899999141693115,2.0804998874664307,2.0834999084472656,3464,0.0,0.0
2024-09-09 11:20:00-04:00,2.0850000381469727,2.115000009536743,2.0850000381469727,2.109999895095825,8569,0.0,0.0
2024-09-09 11:25:00-04:00,2.1080000400543213,2.1236000061035156,2.1080000400543213,2.119999885559082,3272,0.0,0.0
2024-09-09 11:30:00-04:00,2.109999895095825,2.109999895095825,2.0999999046325684,2.1050000190734863,3635,0.0,0.0
2024-09-09 11:35:00-04:00,2.0999999046325684,2.0999999046325684,2.0850000381469727,2.0950000286102295,10586,0.0,0.0
2024-09-09 11:40:00-04:00,2.0999999046325684,2.0999999046325684,2.0950000286102295,2.099900007247925,2209,0.0,0.0
2024-09-09 11:45:00-04:00,2.0999999046325684,2.130000114440918,2.0999999046325684,2.118000030517578,12558,0.0,0.0
2024-09-09 11:55:00-04:00,2.119999885559082,2.125,2.119999885559082,2.123199939727783,1999,0.0,0.0
2024-09-09 12:00:00-04:00,2.1208999156951904,2.125,2.109999895095825,2.109999895095825,7916,0.0,0.0
2024-09-09 12:05:00-04:00,2.110300064086914,2.110300064086914,2.0799999237060547,2.0850000381469727,3863,0.0,0.0
2024-09-09 12:10:00-04:00,2.0850000381469727,2.0850000381469727,2.0850000381469727,2.0850000381469727,115,0.0,0.0
2024-09-09 12:15:00-04:00,2.0850000381469727,2.0850000381469727,2.0799999237060547,2.0799999237060547,1126,0.0,0.0
2024-09-09 12:20:00-04:00,2.0799999237060547,2.0899999141693115,2.0799999237060547,2.0799999237060547,3975,0.0,0.0
2024-09-09 12:25:00-04:00,2.0799999237060547,2.0799999237060547,2.0799999237060547,2.0799999237060547,1072,0.0,0.0
2024-09-09 12:30:00-04:00,2.069999933242798,2.075000047683716,2.069999933242798,2.069999933242798,2809,0.0,0.0
2024-09-09 12:35:00-04:00,2.069999933242798,2.069999933242798,2.0517001152038574,2.055000066757202,2480,0.0,0.0
2024-09-09 12:40:00-04:00,2.055000066757202,2.059999942779541,2.055000066757202,2.059999942779541,1441,0.0,0.0
2024-09-09 12:45:00-04:00,2.065000057220459,2.0699000358581543,2.065000057220459,2.0699000358581543,258,0.0,0.0
2024-09-09 12:50:00-04:00,2.062299966812134,2.062299966812134,2.062299966812134,2.062299966812134,520,0.0,0.0
2024-09-09 12:55:00-04:00,2.069999933242798,2.0899999141693115,2.069999933242798,2.0899999141693115,2263,0.0,0.0
2024-09-09 13:00:00-04:00,2.0992000102996826,2.1050000190734863,2.0980000495910645,2.0999999046325684,8194,0.0,0.0
2024-09-09 13:05:00-04:00,2.0999999046325684,2.1001999378204346,2.0899999141693115,2.0989999771118164,5134,0.0,0.0
2024-09-09 13:10:00-04:00,2.0899999141693115,2.0998001098632812,2.0899999141693115,2.0998001098632812,4355,0.0,0.0
2024-09-09 13:20:00-04:00,2.0899999141693115,2.0899999141693115,2.0799999237060547,2.0799999237060547,7260,0.0,0.0
2024-09-09 13:25:00-04:00,2.0708000659942627,2.0708000659942627,2.0708000659942627,2.0708000659942627,175,0.0,0.0
2024-09-09 13:30:00-04:00,2.075000047683716,2.0950000286102295,2.075000047683716,2.0901999473571777,3006,0.0,0.0
2024-09-09 13:35:00-04:00,2.115000009536743,2.115000009536743,2.0999999046325684,2.1103999614715576,6539,0.0,0.0
2024-09-09 13:40:00-04:00,2.1103999614715576,2.115000009536743,2.0899999141693115,2.0899999141693115,7030,0.0,0.0
2024-09-09 13:45:00-04:00,2.0999999046325684,2.0999999046325684,2.0999999046325684,2.0999999046325684,830,0.0,0.0
2024-09-09 13:50:00-04:00,2.0975000858306885,2.0975000858306885,2.0799999237060547,2.080199956893921,3626,0.0,0.0
2024-09-09 13:55:00-04:00,2.0850000381469727,2.0850000381469727,2.065000057220459,2.065000057220459,8703,0.0,0.0
2024-09-09 14:00:00-04:00,2.0601000785827637,2.0703999996185303,2.0601000785827637,2.0703999996185303,14574,0.0,0.0
2024-09-09 14:05:00-04:00,2.0799999237060547,2.0799999237060547,2.069999933242798,2.0799999237060547,1843,0.0,0.0
2024-09-09 14:10:00-04:00,2.0850000381469727,2.0850000381469727,2.075000047683716,2.079900026321411,24027,0.0,0.0
2024-09-09 14:15:00-04:00,2.0799999237060547,2.0799999237060547,2.0799999237060547,2.0799999237060547,0,0.0,0.0
2024-09-09 14:25:00-04:00,2.0850000381469727,2.0850000381469727,2.0799999237060547,2.0799999237060547,537,0.0,0.0
2024-09-09 14:30:00-04:00,2.0803000926971436,2.0810000896453857,2.065000057220459,2.065000057220459,2132,0.0,0.0
2024-09-09 14:35:00-04:00,2.0645999908447266,2.069999933242798,2.059999942779541,2.059999942779541,526,0.0,0.0
2024-09-09 14:40:00-04:00,2.0601000785827637,2.079699993133545,2.0601000785827637,2.075000047683716,5852,0.0,0.0
2024-09-09 14:45:00-04:00,2.0850000381469727,2.0899999141693115,2.0850000381469727,2.0899999141693115,2266,0.0,0.0
2024-09-09 14:50:00-04:00,2.0850000381469727,2.0880000591278076,2.0850000381469727,2.0880000591278076,1135,0.0,0.0
2024-09-09 14:55:00-04:00,2.0848000049591064,2.0848000049591064,2.0701000690460205,2.0799999237060547,3666,0.0,0.0
2024-09-09 15:00:00-04:00,2.0690999031066895,2.069999933242798,2.0690999031066895,2.069999933242798,3782,0.0,0.0
2024-09-09 15:05:00-04:00,2.075000047683716,2.075000047683716,2.075000047683716,2.075000047683716,367,0.0,0.0
2024-09-09 15:20:00-04:00,2.069999933242798,2.0799999237060547,2.059999942779541,2.0799999237060547,3557,0.0,0.0
2024-09-09 15:25:00-04:00,2.0850000381469727,2.0899999141693115,2.0850000381469727,2.0899999141693115,3842,0.0,0.0
2024-09-09 15:30:00-04:00,2.0950000286102295,2.0950000286102295,2.0950000286102295,2.0950000286102295,213,0.0,0.0
2024-09-09 15:35:00-04:00,2.0899999141693115,2.0899999141693115,2.075000047683716,2.0850000381469727,6996,0.0,0.0
2024-09-09 15:40:00-04:00,2.0850000381469727,2.085200071334839,2.0850000381469727,2.0850000381469727,6099,0.0,0.0
2024-09-09 15:45:00-04:00,2.0850000381469727,2.089400053024292,2.0820000171661377,2.0820000171661377,3050,0.0,0.0
2024-09-09 15:50:00-04:00,2.0799999237060547,2.0799999237060547,2.069999933242798,2.075000047683716,2998,0.0,0.0
2024-09-09 15:55:00-04:00,2.0701000690460205,2.0999999046325684,2.069999933242798,2.0999999046325684,12679,0.0,0.0
2024-09-10 09:30:00-04:00,2.0383999347686768,2.0443999767303467,2.0199999809265137,2.0443999767303467,28937,0.0,0.0
2024-09-10 09:35:00-04:00,2.0664000511169434,2.0664000511169434,2.049999952316284,2.049999952316284,1385,0.0,0.0
2024-09-10 09:40:00-04:00,2.059999942779541,2.059999942779541,2.0399999618530273,2.0450000762939453,1444,0.0,0.0
2024-09-10 09:50:00-04:00,2.060800075531006,2.0799999237060547,2.060800075531006,2.0799999237060547,7528,0.0,0.0
2024-09-10 09:55:00-04:00,2.0799999237060547,2.0799999237060547,2.069999933242798,2.069999933242798,18016,0.0,0.0
2024-09-10 10:00:00-04:00,2.072499990463257,2.0750999450683594,2.072499990463257,2.0750999450683594,4347,0.0,0.0
2024-09-10 10:05:00-04:00,2.0692999362945557,2.0692999362945557,2.0692999362945557,2.0692999362945557,525,0.0,0.0
2024-09-10 10:10:00-04:00,2.065000057220459,2.065000057220459,2.059999942779541,2.059999942779541,945,0.0,0.0
2024-09-10 10:15:00-04:00,2.0399999618530273,2.069999933242798,2.0399999618530273,2.059999942779541,4763,0.0,0.0
2024-09-10 10:20:00-04:00,2.059999942779541,2.069999933242798,2.049999952316284,2.049999952316284,0,0.0,0.0
2024-09-10 10:25:00-04:00,2.0501999855041504,2.069999933242798,2.0501999855041504,2.069999933242798,265,0.0,0.0
2024-09-10 10:30:00-04:00,2.075000047683716,2.077199935913086,2.059999942779541,2.059999942779541,3446,0.0,0.0
2024-09-10 10:35:00-04:00,2.060499906539917,2.069999933242798,2.059999942779541,2.069999933242798,5929,0.0,0.0
2024-09-10 10:40:00-04:00,2.059999942779541,2.059999942779541,2.049999952316284,2.055000066757202,2978,0.0,0.0
2024-09-10 10:45:00-04:00,2.053999900817871,2.053999900817871,2.053999900817871,2.053999900817871,300,0.0,0.0
2024-09-10 10:50:00-04:00,2.0399999618530273,2.0399999618530273,2.0304999351501465,2.0380001068115234,15403,0.0,0.0
2024-09-10 10:55:00-04:00,2.0399999618530273,2.0399999618530273,2.0299999713897705,2.0299999713897705,1487,0.0,0.0
2024-09-10 11:00:00-04:00,2.0299999713897705,2.0350000858306885,2.0299999713897705,2.0299999713897705,12662,0.0,0.0
2024-09-10 11:05:00-04:00,2.0325000286102295,2.0350000858306885,2.0325000286102295,2.0350000858306885,1070,0.0,0.0
2024-09-10 11:10:00-04:00,2.0399999618530273,2.0450000762939453,2.0399999618530273,2.0450000762939453,1463,0.0,0.0
2024-09-10 11:15:00-04:00,2.0450000762939453,2.0499000549316406,2.0450000762939453,2.0450000762939453,1136,0.0,0.0
2024-09-10 11:20:00-04:00,2.0492000579833984,2.049999952316284,2.0450000762939453,2.0450000762939453,13646,0.0,0.0
2024-09-10 11:25:00-04:00,2.0450000762939453,2.0450000762939453,2.0299999713897705,2.0299999713897705,19228,0.0,0.0
2024-09-10 11:30:00-04:00,2.0299999713897705,2.0299999713897705,2.0,2.0,29085,0.0,0.0
2024-09-10 11:35:00-04:00,2.005000114440918,2.0139999389648438,2.0,2.009200096130371,6788,0.0,0.0
2024-09-10 11:40:00-04:00,2.0,2.0,1.9850000143051147,1.9989999532699585,16225,0.0,0.0
2024-09-10 11:45:00-04:00,1.9900000095367432,1.9997999668121338,1.9900000095367432,1.9997999668121338,1131,0.0,0.0
2024-09-10 11:50:00-04:00,2.0,2.005000114440918,2.0,2.005000114440918,1234,0.0,0.0
2024-09-10 11:55:00-04:00,2.00600004196167,2.00600004196167,2.005000114440918,2.005000114440918,813,0.0,0.0
2024-09-10 12:00:00-04:00,2.005000114440918,2.0099000930786133,2.0,2.0058000087738037,3411,0.0,0.0
2024-09-10 12:05:00-04:00,2.0,2.0,1.9700000286102295,1.9700000286102295,29369,0.0,0.0
2024-09-10 12:10:00-04:00,1.975000023841858,1.9800000190734863,1.975000023841858,1.9800000190734863,4273,0.0,0.0
2024-09-10 12:15:00-04:00,1.9801000356674194,1.9850000143051147,1.9739999771118164,1.9739999771118164,1734,0.0,0.0
2024-09-10 12:20:00-04:00,1.975000023841858,1.9950000047683716,1.9731999635696411,1.9950000047683716,6162,0.0,0.0
2024-09-10 12:25:00-04:00,1.9950000047683716,1.9950000047683716,1.9850000143051147,1.9850000143051147,4885,0.0,0.0
2024-09-10 12:30:00-04:00,1.9850000143051147,2.005000114440918,1.9850000143051147,2.0,13704,0.0,0.0
2024-09-10 12:35:00-04:00,2.009000062942505,2.009000062942505,1.9900000095367432,2.0,14274,0.0,0.0
2024-09-10 12:40:00-04:00,1.9950000047683716,1.9996999502182007,1.9950000047683716,1.9950000047683716,699,0.0,0.0
2024-09-10 12:45:00-04:00,1.9950000047683716,1.9950000047683716,1.9950000047683716,1.9950000047683716,428,0.0,0.0
2024-09-10 12:50:00-04:00,1.9950000047683716,2.005000114440918,1.9950000047683716,2.005000114440918,1337,0.0,0.0
2024-09-10 12:55:00-04:00,2.005000114440918,2.005000114440918,2.0,2.0,6403,0.0,0.0
2024-09-10 13:00:00-04:00,2.005000114440918,2.005000114440918,2.005000114440918,2.005000114440918,578,0.0,0.0
2024-09-10 13:10:00-04:00,2.009999990463257,2.01990008354187,2.009999990463257,2.01990008354187,934,0.0,0.0
2024-09-10 13:15:00-04:00,2.0104000568389893,2.015000104904175,2.0104000568389893,2.015000104904175,2437,0.0,0.0
2024-09-10 13:20:00-04:00,2.015000104904175,2.015000104904175,2.015000104904175,2.015000104904175,130,0.0,0.0
2024-09-10 13:25:00-04:00,2.015000104904175,2.015000104904175,2.0,2.0,5117,0.0,0.0
2024-09-10 13:30:00-04:00,2.005000114440918,2.005000114440918,2.005000114440918,2.005000114440918,310,0.0,0.0
2024-09-10 13:35:00-04:00,2.0099000930786133,2.0099000930786133,2.0099000930786133,2.0099000930786133,192,0.0,0.0
2024-09-10 13:40:00-04:00,2.0099000930786133,2.0099000930786133,2.0099000930786133,2.0099000930786133,2638,0.0,0.0
2024-09-10 13:45:00-04:00,2.0199999809265137,2.0299999713897705,2.0199999809265137,2.024899959564209,3240,0.0,0.0
2024-09-10 13:50:00-04:00,2.0297000408172607,2.0311999320983887,2.0297000408172607,2.0311999320983887,2651,0.0,0.0
2024-09-10 13:55:00-04:00,2.0209999084472656,2.0209999084472656,2.0100998878479004,2.0100998878479004,2464,0.0,0.0
2024-09-10 14:00:00-04:00,2.015000104904175,2.015000104904175,2.009999990463257,2.009999990463257,5354,0.0,0.0
2024-09-10 14:05:00-04:00,2.01990008354187,2.01990008354187,2.01990008354187,2.01990008354187,295,0.0,0.0
2024-09-10 14:10:00-04:00,2.009999990463257,2.009999990463257,2.009999990463257,2.009999990463257,249,0.0,0.0
2024-09-10 14:15:00-04:00,2.0092999935150146,2.0250000953674316,2.0092999935150146,2.0199999809265137,6349,0.0,0.0
2024-09-10 14:25:00-04:00,2.009999990463257,2.0100998878479004,2.0,2.005000114440918,13276,0.0,0.0
2024-09-10 14:30:00-04:00,2.00819993019104,2.009999990463257,2.00819993019104,2.009999990463257,3390,0.0,0.0
2024-09-10 14:35:00-04:00,2.009999990463257,2.0299999713897705,2.009999990463257,2.0199999809265137,4269,0.0,0.0
2024-09-10 14:40:00-04:00,2.0220000743865967,2.0292999744415283,2.0220000743865967,2.0274999141693115,4792,0.0,0.0
2024-09-10 14:45:00-04:00,2.0250000953674316,2.0250000953674316,2.0250000953674316,2.0250000953674316,103,0.0,0.0
2024-09-10 14:50:00-04:00,2.0267999172210693,2.0267999172210693,2.0199999809265137,2.0199999809265137,2831,0.0,0.0
2024-09-10 14:55:00-04:00,2.0297000408172607,2.049999952316284,2.0297000408172607,2.049999952316284,16222,0.0,0.0
2024-09-10 15:00:00-04:00,2.055000066757202,2.055000066757202,2.055000066757202,2.055000066757202,653,0.0,0.0
2024-09-10 15:05:00-04:00,2.0599000453948975,2.0599000453948975,2.0599000453948975,2.0599000453948975,1358,0.0,0.0
2024-09-10 15:10:00-04:00,2.059999942779541,2.065000057220459,2.059999942779541,2.065000057220459,1593,0.0,0.0
2024-09-10 15:15:00-04:00,2.065000057220459,2.075000047683716,2.055000066757202,2.055000066757202,16821,0.0,0.0
2024-09-10 15:25:00-04:00,2.049999952316284,2.049999952316284,2.0439999103546143,2.0439999103546143,652,0.0,0.0
2024-09-10 15:30:00-04:00,2.0416998863220215,2.0590999126434326,2.0199999809265137,2.0250000953674316,36635,0.0,0.0
2024-09-10 15:35:00-04:00,2.0250000953674316,2.0250000953674316,2.0250000953674316,2.0250000953674316,1576,0.0,0.0
2024-09-10 15:40:00-04:00,2.0250000953674316,2.0250000953674316,2.0199999809265137,2.0199999809265137,4930,0.0,0.0
2024-09-10 15:45:00-04:00,2.0199999809265137,2.0399999618530273,2.0199999809265137,2.0299999713897705,19048,0.0,0.0
2024-09-10 15:50:00-04:00,2.0350000858306885,2.0399999618530273,2.0199999809265137,2.0250000953674316,17118,0.0,0.0
2024-09-10 15:55:00-04:00,2.0299999713897705,2.059999942779541,2.0250000953674316,2.059999942779541,30129,0.0,0.0
2024-09-11 09:30:00-04:00,2.0199999809265137,2.0271999835968018,2.011199951171875,2.0271999835968018,31155,0.0,0.0
2024-09-11 09:35:00-04:00,2.0360000133514404,2.049999952316284,2.0299999713897705,2.0299999713897705,2479,0.0,0.0
2024-09-11 09:40:00-04:00,2.049999952316284,2.049999952316284,2.0399999618530273,2.04830002784729,599,0.0,0.0
2024-09-11 09:45:00-04:00,2.059999942779541,2.059999942779541,2.0409998893737793,2.0552000999450684,5255,0.0,0.0
2024-09-11 09:50:00-04:00,2.0799999237060547,2.0799999237060547,2.0536000728607178,2.0536000728607178,4905,0.0,0.0
2024-09-11 09:55:00-04:00,2.059999942779541,2.069999933242798,2.059999942779541,2.060699939727783,1711,0.0,0.0
2024-09-11 10:00:00-04:00,2.0632998943328857,2.0899999141693115,2.059999942779541,2.0899999141693115,5214,0.0,0.0
2024-09-11 10:05:00-04:00,2.080899953842163,2.0950000286102295,2.080899953842163,2.0899999141693115,5734,0.0,0.0
2024-09-11 10:10:00-04:00,2.069999933242798,2.079900026321411,2.069999933242798,2.079900026321411,3741,0.0,0.0
2024-09-11 10:15:00-04:00,2.0850000381469727,2.109999895095825,2.0785999298095703,2.0999999046325684,17580,0.0,0.0
2024-09-11 10:20:00-04:00,2.069999933242798,2.0999999046325684,2.059999942779541,2.099900007247925,22017,0.0,0.0
2024-09-11 10:25:00-04:00,2.0950000286102295,2.0950000286102295,2.0899999141693115,2.0899999141693115,2200,0.0,0.0
2024-09-11 10:30:00-04:00,2.0799999237060547,2.1101999282836914,2.0799999237060547,2.1050000190734863,33793,0.0,0.0
2024-09-11 10:35:00-04:00,2.109999895095825,2.115000009536743,2.109999895095825,2.115000009536743,3980,0.0,0.0
2024-09-11 10:40:00-04:00,2.109999895095825,2.115000009536743,2.109999895095825,2.109999895095825,4152,0.0,0.0
2024-09-11 10:45:00-04:00,2.119999885559082,2.125,2.0999999046325684,2.0999999046325684,12439,0.0,0.0
2024-09-11 10:50:00-04:00,2.0799999237060547,2.0799999237060547,2.049999952316284,2.059999942779541,37422,0.0,0.0
2024-09-11 10:55:00-04:00,2.069999933242798,2.069999933242798,2.0399999618530273,2.049999952316284,17412,0.0,0.0
2024-09-11 11:00:00-04:00,2.049999952316284,2.059999942779541,2.0450000762939453,2.049999952316284,5348,0.0,0.0
2024-09-11 11:05:00-04:00,2.059999942779541,2.059999942779541,2.0508999824523926,2.059999942779541,2371,0.0,0.0
2024-09-11 11:10:00-04:00,2.0634000301361084,2.0799999237060547,2.059999942779541,2.0799999237060547,2102,0.0,0.0
2024-09-11 11:15:00-04:00,2.0799999237060547,2.0899999141693115,2.059999942779541,2.075000047683716,25644,0.0,0.0
2024-09-11 11:20:00-04:00,2.067500114440918,2.067500114440918,2.049999952316284,2.049999952316284,856,0.0,0.0
2024-09-11 11:25:00-04:00,2.069999933242798,2.0992000102996826,2.0699000358581543,2.069999933242798,33430,0.0,0.0
2024-09-11 11:30:00-04:00,2.0899999141693115,2.0950000286102295,2.0899999141693115,2.0950000286102295,3443,0.0,0.0
2024-09-11 11:35:00-04:00,2.0999999046325684,2.109999895095825,2.0899999141693115,2.0899999141693115,17019,0.0,0.0
2024-09-11 11:40:00-04:00,2.1089999675750732,2.109999895095825,2.0799999237060547,2.090100049972534,15499,0.0,0.0
2024-09-11 11:45:00-04:00,2.0899999141693115,2.0999999046325684,2.0899999141693115,2.090100049972534,10941,0.0,0.0
2024-09-11 11:50:00-04:00,2.0950000286102295,2.0950000286102295,2.069999933242798,2.0794999599456787,10135,0.0,0.0
2024-09-11 11:55:00-04:00,2.069999933242798,2.069999933242798,2.049999952316284,2.059999942779541,14589,0.0,0.0
2024-09-11 12:00:00-04:00,2.059999942779541,2.059999942779541,2.059999942779541,2.059999942779541,4196,0.0,0.0
2024-09-11 12:15:00-04:00,2.07069993019104,2.0799999237060547,2.059999942779541,2.065000057220459,11642,0.0,0.0
2024-09-11 12:20:00-04:00,2.060499906539917,2.065000057220459,2.060499906539917,2.065000057220459,2306,0.0,0.0
2024-09-11 12:25:00-04:00,2.0850000381469727,2.0850000381469727,2.0850000381469727,2.0850000381469727,734,0.0,0.0
2024-09-11 12:30:00-04:00,2.0803000926971436,2.0850000381469727,2.0799999237060547,2.0799999237060547,5098,0.0,0.0
2024-09-11 12:35:00-04:00,2.0799999237060547,2.0950000286102295,2.0799999237060547,2.0950000286102295,10973,0.0,0.0
2024-09-11 12:40:00-04:00,2.0899999141693115,2.0899999141693115,2.069999933242798,2.069999933242798,7439,0.0,0.0
2024-09-11 12:45:00-04:00,2.0799999237060547,2.0799999237060547,2.069999933242798,2.0708000659942627,2606,0.0,0.0
2024-09-11 12:55:00-04:00,2.0703001022338867,2.071000099182129,2.0703001022338867,2.071000099182129,1269,0.0,0.0
2024-09-11 13:00:00-04:00,2.077699899673462,2.077699899673462,2.059999942779541,2.059999942779541,15605,0.0,0.0
2024-09-11 13:05:00-04:00,2.0701000690460205,2.0701000690460205,2.0701000690460205,2.0701000690460205,5168,0.0,0.0
2024-09-11 13:10:00-04:00,2.075000047683716,2.075000047683716,2.075000047683716,2.075000047683716,1253,0.0,0.0
2024-09-11 13:15:00-04:00,2.069999933242798,2.0799999237060547,2.069999933242798,2.0799999237060547,820,0.0,0.0
2024-09-11 13:20:00-04:00,2.0899999141693115,2.0899999141693115,2.0799999237060547,2.0799999237060547,2107,0.0,0.0
2024-09-11 13:25:00-04:00,2.0820000171661377,2.0820000171661377,2.0799999237060547,2.0799999237060547,2439,0.0,0.0
2024-09-11 13:30:00-04:00,2.0801000595092773,2.0801000595092773,2.069999933242798,2.069999933242798,1044,0.0,0.0
2024-09-11 13:40:00-04:00,2.0799999237060547,2.0799999237060547,2.079699993133545,2.079699993133545,534,0.0,0.0
2024-09-11 13:50:00-04:00,2.0899999141693115,2.0899999141693115,2.062000036239624,2.062000036239624,5051,0.0,0.0
2024-09-11 13:55:00-04:00,2.069999933242798,2.069999933242798,2.069999933242798,2.069999933242798,710,0.0,0.0
2024-09-11 14:10:00-04:00,2.069999933242798,2.069999933242798,2.069999933242798,2.069999933242798,701,0.0,0.0
2024-09-11 14:15:00-04:00,2.065000057220459,2.069999933242798,2.065000057220459,2.069999933242798,1189,0.0,0.0
2024-09-11 14:20:00-04:00,2.060699939727783,2.0694000720977783,2.060699939727783,2.0694000720977783,1291,0.0,0.0
2024-09-11 14:25:00-04:00,2.0799999237060547,2.0799999237060547,2.0799999237060547,2.0799999237060547,103,0.0,0.0
2024-09-11 14:30:00-04:00,2.069999933242798,2.075000047683716,2.069999933242798,2.075000047683716,2377,0.0,0.0
2024-09-11 14:35:00-04:00,2.0799999237060547,2.0799999237060547,2.079900026321411,2.079900026321411,1354,0.0,0.0
2024-09-11 14:40:00-04:00,2.0799999237060547,2.0799999237060547,2.0799999237060547,2.0799999237060547,144,0.0,0.0
2024-09-11 14:45:00-04:00,2.0899999141693115,2.0899999141693115,2.080899953842163,2.080899953842163,2496,0.0,0.0
2024-09-11 14:50:00-04:00,2.0899999141693115,2.0899999141693115,2.0859999656677246,2.0899999141693115,793,0.0,0.0
2024-09-11 14:55:00-04:00,2.0899999141693115,2.0899999141693115,2.0899999141693115,2.0899999141693115,336,0.0,0.0
2024-09-11 15:00:00-04:00,2.0850000381469727,2.0850000381469727,2.0850000381469727,2.0850000381469727,1120,0.0,0.0
2024-09-11 15:05:00-04:00,2.0871999263763428,2.0899999141693115,2.0799999237060547,2.0899999141693115,1997,0.0,0.0
2024-09-11 15:10:00-04:00,2.0850000381469727,2.0899999141693115,2.0850000381469727,2.0899999141693115,1656,0.0,0.0
2024-09-11 15:15:00-04:00,2.0899999141693115,2.0899999141693115,2.0899999141693115,2.0899999141693115,2740,0.0,0.0
2024-09-11 15:20:00-04:00,2.0908000469207764,2.0999999046325684,2.0905001163482666,2.0999999046325684,2956,0.0,0.0
2024-09-11 15:25:00-04:00,2.0999999046325684,2.0999999046325684,2.0920000076293945,2.0999999046325684,896,0.0,0.0
2024-09-11 15:30:00-04:00,2.099900007247925,2.0999999046325684,2.0950000286102295,2.0950000286102295,3262,0.0,0.0
2024-09-11 15:35:00-04:00,2.0980000495910645,2.0999999046325684,2.0950000286102295,2.0950000286102295,7248,0.0,0.0
2024-09-11 15:40:00-04:00,2.0899999141693115,2.0899999141693115,2.0850000381469727,2.0850000381469727,2371,0.0,0.0
2024-09-11 15:45:00-04:00,2.0840001106262207,2.0950000286102295,2.0840001106262207,2.0950000286102295,4850,0.0,0.0
2024-09-11 15:50:00-04:00,2.090100049972534,2.090100049972534,2.084199905395508,2.0850000381469727,7671,0.0,0.0
2024-09-11 15:55:00-04:00,2.0848000049591064,2.0899999141693115,2.075000047683716,2.0899999141693115,16152,0.0,0.0
2024-09-12 09:30:00-04:00,2.069999933242798,2.069999933242798,2.049999952316284,2.049999952316284,15184,0.0,0.0
2024-09-12 09:35:00-04:00,2.0215001106262207,2.049999952316284,2.0199999809265137,2.0299999713897705,24754,0.0,0.0
2024-09-12 09:40:00-04:00,2.0350000858306885,2.0350000858306885,2.0350000858306885,2.0350000858306885,664,0.0,0.0
2024-09-12 09:45:00-04:00,2.039299964904785,2.039299964904785,2.039299964904785,2.039299964904785,601,0.0,0.0
2024-09-12 09:55:00-04:00,2.0352001190185547,2.039900064468384,2.0352001190185547,2.039900064468384,886,0.0,0.0
2024-09-12 10:00:00-04:00,2.030400037765503,2.0371999740600586,2.030400037765503,2.0350000858306885,1729,0.0,0.0
2024-09-12 10:05:00-04:00,2.0350000858306885,2.0350000858306885,2.009999990463257,2.009999990463257,15810,0.0,0.0
2024-09-12 10:10:00-04:00,2.005000114440918,2.005000114440918,1.9850000143051147,1.98989999294281,57517,0.0,0.0
2024-09-12 10:15:00-04:00,1.9852999448776245,2.0399999618530273,1.9812999963760376,2.0399999618530273,5422,0.0,0.0
2024-09-12 10:20:00-04:00,2.0394999980926514,2.059999942779541,2.0394999980926514,2.0399999618530273,19596,0.0,0.0
2024-09-12 10:35:00-04:00,2.055000066757202,2.055000066757202,2.0399999618530273,2.049999952316284,12021,0.0,0.0
2024-09-12 10:45:00-04:00,2.059999942779541,2.0601000785827637,2.059999942779541,2.0601000785827637,963,0.0,0.0
2024-09-12 10:50:00-04:00,2.059999942779541,2.059999942779541,2.059999942779541,2.059999942779541,6624,0.0,0.0
2024-09-12 11:00:00-04:00,2.049999952316284,2.049999952316284,2.0450000762939453,2.0450000762939453,2402,0.0,0.0
2024-09-12 11:05:00-04:00,2.055000066757202,2.055000066757202,2.0450000762939453,2.049999952316284,5527,0.0,0.0
2024-09-12 11:10:00-04:00,2.059999942779541,2.059999942779541,2.055000066757202,2.055000066757202,1596,0.0,0.0
2024-09-12 11:15:00-04:00,2.0655999183654785,2.0655999183654785,2.059999942779541,2.0613999366760254,1751,0.0,0.0
2024-09-12 11:20:00-04:00,2.0625,2.0625,2.0625,2.0625,1145,0.0,0.0
2024-09-12 11:25:00-04:00,2.069999933242798,2.079900026321411,2.069999933242798,2.075000047683716,3752,0.0,0.0
2024-09-12 11:30:00-04:00,2.069999933242798,2.0799999237060547,2.069999933242798,2.075000047683716,11550,0.0,0.0
2024-09-12 11:35:00-04:00,2.075000047683716,2.075000047683716,2.075000047683716,2.075000047683716,1116,0.0,0.0
2024-09-12 11:40:00-04:00,2.069999933242798,2.069999933242798,2.065000057220459,2.065000057220459,1827,0.0,0.0
2024-09-12 11:45:00-04:00,2.075500011444092,2.075500011444092,2.075000047683716,2.075000047683716,2907,0.0,0.0
2024-09-12 11:50:00-04:00,2.0889999866485596,2.0899999141693115,2.0799999237060547,2.0859999656677246,5409,0.0,0.0
2024-09-12 11:55:00-04:00,2.0841000080108643,2.0841000080108643,2.0799999237060547,2.0799999237060547,1378,0.0,0.0
2024-09-12 12:00:00-04:00,2.075000047683716,2.075000047683716,2.075000047683716,2.075000047683716,2313,0.0,0.0
2024-09-12 12:05:00-04:00,2.0850000381469727,2.0999999046325684,2.0850000381469727,2.099900007247925,7030,0.0,0.0
2024-09-12 12:10:00-04:00,2.0992000102996826,2.0992000102996826,2.0985000133514404,2.0985000133514404,1468,0.0,0.0
2024-09-12 12:15:00-04:00,2.099299907684326,2.099299907684326,2.090100049972534,2.0950000286102295,1606,0.0,0.0
2024-09-12 12:20:00-04:00,2.0950000286102295,2.0950000286102295,2.0899999141693115,2.0899999141693115,1351,0.0,0.0
2024-09-12 12:25:00-04:00,2.0806000232696533,2.0806000232696533,2.0799999237060547,2.0799999237060547,943,0.0,0.0
2024-09-12 12:35:00-04:00,2.069999933242798,2.069999933242798,2.069999933242798,2.069999933242798,553,0.0,0.0
2024-09-12 12:40:00-04:00,2.059999942779541,2.059999942779541,2.059999942779541,2.059999942779541,778,0.0,0.0
2024-09-12 12:55:00-04:00,2.071000099182129,2.075000047683716,2.071000099182129,2.075000047683716,821,0.0,0.0
2024-09-12 13:00:00-04:00,2.0799999237060547,2.0799999237060547,2.0799999237060547,2.0799999237060547,475,0.0,0.0
2024-09-12 13:05:00-04:00,2.0790998935699463,2.0790998935699463,2.069999933242798,2.069999933242798,7034,0.0,0.0
2024-09-12 13:10:00-04:00,2.065000057220459,2.069999933242798,2.065000057220459,2.065000057220459,3126,0.0,0.0
2024-09-12 13:15:00-04:00,2.069999933242798,2.069999933242798,2.065000057220459,2.065000057220459,5992,0.0,0.0
2024-09-12 13:20:00-04:00,2.059999942779541,2.059999942779541,2.059999942779541,2.059999942779541,5351,0.0,0.0
2024-09-12 13:25:00-04:00,2.0599000453948975,2.0599000453948975,2.0599000453948975,2.0599000453948975,1005,0.0,0.0
2024-09-12 13:30:00-04:00,2.049999952316284,2.050100088119507,2.0481998920440674,2.0481998920440674,1258,0.0,0.0
2024-09-12 13:40:00-04:00,2.0450000762939453,2.049999952316284,2.0399999618530273,2.0445001125335693,4262,0.0,0.0
2024-09-12 13:45:00-04:00,2.0450000762939453,2.0450000762939453,2.0450000762939453,2.0450000762939453,580,0.0,0.0
2024-09-12 13:50:00-04:00,2.0450000762939453,2.0450000762939453,2.0450000762939453,2.0450000762939453,400,0.0,0.0
2024-09-12 13:55:00-04:00,2.0439999103546143,2.0439999103546143,2.0439999103546143,2.0439999103546143,48,0.0,0.0
2024-09-12 14:05:00-04:00,2.049999952316284,2.049999952316284,2.0450000762939453,2.0450000762939453,5533,0.0,0.0
2024-09-12 14:10:00-04:00,2.0399999618530273,2.0399999618530273,2.0399999618530273,2.0399999618530273,539,0.0,0.0
2024-09-12 14:15:00-04:00,2.0450000762939453,2.0499000549316406,2.0399999618530273,2.0399999618530273,2905,0.0,0.0
2024-09-12 14:30:00-04:00,2.0399999618530273,2.0450000762939453,2.0399999618530273,2.0450000762939453,1026,0.0,0.0
2024-09-12 14:35:00-04:00,2.0408999919891357,2.0408999919891357,2.0408999919891357,2.0408999919891357,928,0.0,0.0
2024-09-12 14:40:00-04:00,2.040600061416626,2.040600061416626,2.040600061416626,2.040600061416626,1090,0.0,0.0
2024-09-12 14:50:00-04:00,2.0399999618530273,2.0399999618530273,2.0239999294281006,2.0239999294281006,4335,0.0,0.0
2024-09-12 14:55:00-04:00,2.0250000953674316,2.0299999713897705,2.0250000953674316,2.0299999713897705,672,0.0,0.0
2024-09-12 15:00:00-04:00,2.039900064468384,2.039900064468384,2.039900064468384,2.039900064468384,2712,0.0,0.0
2024-09-12 15:05:00-04:00,2.055000066757202,2.055000066757202,2.055000066757202,2.055000066757202,2008,0.0,0.0
2024-09-12 15:10:00-04:00,2.049999952316284,2.050100088119507,2.0199999809265137,2.0199999809265137,19924,0.0,0.0
2024-09-12 15:15:00-04:00,2.0299999713897705,2.037400007247925,2.0299999713897705,2.037400007247925,1229,0.0,0.0
2024-09-12 15:20:00-04:00,2.0350000858306885,2.0350000858306885,2.030900001525879,2.030900001525879,6132,0.0,0.0
2024-09-12 15:25:00-04:00,2.0350000858306885,2.0350000858306885,2.0306999683380127,2.0306999683380127,1788,0.0,0.0
2024-09-12 15:30:00-04:00,2.0309998989105225,2.0309998989105225,2.0239999294281006,2.0239999294281006,6099,0.0,0.0
2024-09-12 15:40:00-04:00,2.0250000953674316,2.029900074005127,2.0239999294281006,2.0250000953674316,3779,0.0,0.0
2024-09-12 15:45:00-04:00,2.021199941635132,2.0299999713897705,2.012500047683716,2.012500047683716,17676,0.0,0.0
2024-09-12 15:50:00-04:00,2.01990008354187,2.01990008354187,2.0100998878479004,2.015000104904175,6938,0.0,0.0
2024-09-12 15:55:00-04:00,2.015000104904175,2.0350000858306885,2.009999990463257,2.0350000858306885,30621,0.0,0.0
2024-09-13 09:30:00-04:00,2.049999952316284,2.059999942779541,2.04010009765625,2.0406999588012695,58921,0.0,0.0
2024-09-13 09:35:00-04:00,2.04010009765625,2.049999952316284,2.04010009765625,2.049999952316284,722,0.0,0.0
2024-09-13 09:40:00-04:00,2.0399999618530273,2.0399999618530273,2.0399999618530273,2.0399999618530273,9519,0.0,0.0
2024-09-13 09:45:00-04:00,2.0799999237060547,2.0799999237060547,2.059999942779541,2.059999942779541,2067,0.0,0.0
2024-09-13 09:55:00-04:00,2.0501999855041504,2.059999942779541,2.049999952316284,2.049999952316284,7249,0.0,0.0
2024-09-13 10:00:00-04:00,2.059999942779541,2.059999942779541,2.0599000453948975,2.059999942779541,1635,0.0,0.0
2024-09-13 10:05:00-04:00,2.0599000453948975,2.1098999977111816,2.0599000453948975,2.0899999141693115,15447,0.0,0.0
2024-09-13 10:10:00-04:00,2.0908000469207764,2.1050000190734863,2.0908000469207764,2.0999999046325684,4754,0.0,0.0
2024-09-13 10:15:00-04:00,2.0959999561309814,2.0959999561309814,2.0899999141693115,2.0899999141693115,5493,0.0,0.0
2024-09-13 10:20:00-04:00,2.0850000381469727,2.0850000381469727,2.0850000381469727,2.0850000381469727,1036,0.0,0.0
2024-09-13 10:25:00-04:00,2.089900016784668,2.090399980545044,2.0850000381469727,2.0899999141693115,9668,0.0,0.0
2024-09-13 10:30:00-04:00,2.0999999046325684,2.1005001068115234,2.0799999237060547,2.0799999237060547,6719,0.0,0.0
2024-09-13 10:35:00-04:00,2.0850000381469727,2.0899999141693115,2.0850000381469727,2.0899999141693115,2095,0.0,0.0
2024-09-13 10:40:00-04:00,2.0950000286102295,2.0950000286102295,2.0899999141693115,2.0899999141693115,3614,0.0,0.0
2024-09-13 10:45:00-04:00,2.0899999141693115,2.0899999141693115,2.0799999237060547,2.0799999237060547,1680,0.0,0.0
2024-09-13 10:50:00-04:00,2.0850000381469727,2.0850000381469727,2.081899881362915,2.081899881362915,6052,0.0,0.0
2024-09-13 10:55:00-04:00,2.0850000381469727,2.0850000381469727,2.069999933242798,2.069999933242798,3738,0.0,0.0
2024-09-13 11:00:00-04:00,2.069999933242798,2.069999933242798,2.069999933242798,2.069999933242798,613,0.0,0.0
2024-09-13 11:05:00-04:00,2.069999933242798,2.069999933242798,2.059999942779541,2.069999933242798,711,0.0,0.0
2024-09-13 11:10:00-04:00,2.069999933242798,2.069999933242798,2.069999933242798,2.069999933242798,1074,0.0,0.0
2024-09-13 11:15:00-04:00,2.065000057220459,2.065000057220459,2.059999942779541,2.059999942779541,2702,0.0,0.0
2024-09-13 11:25:00-04:00,2.069999933242798,2.075000047683716,2.069999933242798,2.075000047683716,3679,0.0,0.0
2024-09-13 11:30:00-04:00,2.079900026321411,2.099600076675415,2.079900026321411,2.0899999141693115,10951,0.0,0.0
2024-09-13 11:35:00-04:00,2.0850000381469727,2.0850000381469727,2.0799999237060547,2.0799999237060547,1831,0.0,0.0
2024-09-13 11:40:00-04:00,2.0715999603271484,2.0799999237060547,2.0715999603271484,2.0799999237060547,292,0.0,0.0
2024-09-13 11:45:00-04:00,2.0899999141693115,2.0899999141693115,2.0820000171661377,2.0820000171661377,8599,0.0,0.0
2024-09-13 11:50:00-04:00,2.0850000381469727,2.0850000381469727,2.0850000381469727,2.0850000381469727,114,0.0,0.0
2024-09-13 11:55:00-04:00,2.0892999172210693,2.0892999172210693,2.0799999237060547,2.0799999237060547,13630,0.0,0.0
2024-09-13 12:00:00-04:00,2.0899999141693115,2.0999999046325684,2.0899999141693115,2.0903000831604004,15998,0.0,0.0
2024-09-13 12:05:00-04:00,2.0950000286102295,2.0950000286102295,2.0899999141693115,2.0950000286102295,3365,0.0,0.0
2024-09-13 12:10:00-04:00,2.0950000286102295,2.0950000286102295,2.0850000381469727,2.0950000286102295,8853,0.0,0.0
2024-09-13 12:15:00-04:00,2.0999999046325684,2.109999895095825,2.0999999046325684,2.109999895095825,6971,0.0,0.0
2024-09-13 12:20:00-04:00,2.0999999046325684,2.1096999645233154,2.0999999046325684,2.1096999645233154,4212,0.0,0.0
2024-09-13 12:25:00-04:00,2.0999999046325684,2.109999895095825,2.0950000286102295,2.109999895095825,17754,0.0,0.0
2024-09-13 12:30:00-04:00,2.119499921798706,2.130000114440918,2.109999895095825,2.130000114440918,22209,0.0,0.0
2024-09-13 12:35:00-04:00,2.125,2.1308000087738037,2.119999885559082,2.125,15644,0.0,0.0
2024-09-13 12:40:00-04:00,2.1201000213623047,2.1201000213623047,2.115000009536743,2.119999885559082,1450,0.0,0.0
2024-09-13 12:45:00-04:00,2.115000009536743,2.115000009536743,2.1050000190734863,2.1050000190734863,6515,0.0,0.0
2024-09-13 12:50:00-04:00,2.1050000190734863,2.109100103378296,2.1050000190734863,2.109100103378296,436,0.0,0.0
2024-09-13 12:55:00-04:00,2.0999999046325684,2.100100040435791,2.0999999046325684,2.0999999046325684,6286,0.0,0.0
2024-09-13 13:05:00-04:00,2.0799999237060547,2.0894999504089355,2.075000047683716,2.0850000381469727,7211,0.0,0.0
2024-09-13 13:10:00-04:00,2.080199956893921,2.0899999141693115,2.080199956893921,2.0899999141693115,2117,0.0,0.0
2024-09-13 13:20:00-04:00,2.0899999141693115,2.0899999141693115,2.0899999141693115,2.0899999141693115,800,0.0,0.0
2024-09-13 13:25:00-04:00,2.0982000827789307,2.0982000827789307,2.0899999141693115,2.0899999141693115,162,0.0,0.0
2024-09-13 13:40:00-04:00,2.0850000381469727,2.0850000381469727,2.0801000595092773,2.0801000595092773,1437,0.0,0.0
2024-09-13 13:45:00-04:00,2.0799999237060547,2.0799999237060547,2.0799999237060547,2.0799999237060547,275,0.0,0.0
2024-09-13 13:50:00-04:00,2.071000099182129,2.071000099182129,2.071000099182129,2.071000099182129,1040,0.0,0.0
2024-09-13 14:05:00-04:00,2.075000047683716,2.0799999237060547,2.069999933242798,2.069999933242798,1465,0.0,0.0
2024-09-13 14:10:00-04:00,2.075000047683716,2.075000047683716,2.075000047683716,2.075000047683716,173,0.0,0.0
2024-09-13 14:15:00-04:00,2.069999933242798,2.069999933242798,2.069999933242798,2.069999933242798,208,0.0,0.0
2024-09-13 14:20:00-04:00,2.069999933242798,2.069999933242798,2.065000057220459,2.065000057220459,2448,0.0,0.0
2024-09-13 14:25:00-04:00,2.065000057220459,2.065000057220459,2.062000036239624,2.062000036239624,1663,0.0,0.0
2024-09-13 14:30:00-04:00,2.065000057220459,2.065000057220459,2.065000057220459,2.065000057220459,1395,0.0,0.0
2024-09-13 14:35:00-04:00,2.059999942779541,2.061000108718872,2.0450000762939453,2.049999952316284,10579,0.0,0.0
2024-09-13 14:40:00-04:00,2.055000066757202,2.055000066757202,2.0409998893737793,2.0450000762939453,14500,0.0,0.0
2024-09-13 14:45:00-04:00,2.0399999618530273,2.0450000762939453,2.0399999618530273,2.0439999103546143,12800,0.0,0.0
2024-09-13 14:50:00-04:00,2.041599988937378,2.0450000762939453,2.041599988937378,2.0450000762939453,1780,0.0,0.0
2024-09-13 14:55:00-04:00,2.0399999618530273,2.049999952316284,2.0399999618530273,2.0450000762939453,2006,0.0,0.0
2024-09-13 15:00:00-04:00,2.0450000762939453,2.0450000762939453,2.0450000762939453,2.0450000762939453,863,0.0,0.0
2024-09-13 15:05:00-04:00,2.0399999618530273,2.0450000762939453,2.0399999618530273,2.0450000762939453,2319,0.0,0.0
2024-09-13 15:10:00-04:00,2.0450000762939453,2.0450000762939453,2.0350000858306885,2.0350000858306885,18506,0.0,0.0
2024-09-13 15:15:00-04:00,2.0350000858306885,2.0350000858306885,2.0350000858306885,2.0350000858306885,307,0.0,0.0
2024-09-13 15:20:00-04:00,2.0350000858306885,2.0350000858306885,2.0299999713897705,2.0299999713897705,446,0.0,0.0
2024-09-13 15:25:00-04:00,2.030100107192993,2.030100107192993,2.030100107192993,2.030100107192993,185,0.0,0.0
2024-09-13 15:30:00-04:00,2.0350000858306885,2.0399999618530273,2.0299999713897705,2.0399999618530273,3873,0.0,0.0
2024-09-13 15:35:00-04:00,2.0350000858306885,2.0397000312805176,2.0299999713897705,2.0350000858306885,10180,0.0,0.0
2024-09-13 15:40:00-04:00,2.0350000858306885,2.0350000858306885,2.0350000858306885,2.0350000858306885,294,0.0,0.0
2024-09-13 15:45:00-04:00,2.0350000858306885,2.0397000312805176,2.0250000953674316,2.0397000312805176,26858,0.0,0.0
2024-09-13 15:50:00-04:00,2.0350000858306885,2.0399999618530273,2.0299999713897705,2.0350000858306885,7553,0.0,0.0
2024-09-13 15:55:00-04:00,2.0399999618530273,2.0899999141693115,2.0399999618530273,2.0799999237060547,27856,0.0,0.0
2024-09-16 09:30:00-04:00,2.069999933242798,2.0799999237060547,2.049999952316284,2.0601000785827637,52150,0.0,0.0
2024-09-16 09:40:00-04:00,2.0899999141693115,2.0999999046325684,2.069999933242798,2.069999933242798,4038,0.0,0.0
2024-09-16 09:45:00-04:00,2.0799999237060547,2.0799999237060547,2.069999933242798,2.0799999237060547,686,0.0,0.0
2024-09-16 09:50:00-04:00,2.0799999237060547,2.0899999141693115,2.0799999237060547,2.0899999141693115,2900,0.0,0.0
2024-09-16 09:55:00-04:00,2.0797998905181885,2.0899999141693115,2.0797998905181885,2.0899999141693115,3468,0.0,0.0
2024-09-16 10:00:00-04:00,2.0850000381469727,2.0850000381469727,2.0799999237060547,2.0850000381469727,4839,0.0,0.0
2024-09-16 10:05:00-04:00,2.0850000381469727,2.0850000381469727,2.0801000595092773,2.0850000381469727,2233,0.0,0.0
2024-09-16 10:10:00-04:00,2.0799999237060547,2.0899999141693115,2.0799999237060547,2.0850000381469727,2928,0.0,0.0
2024-09-16 10:15:00-04:00,2.0827999114990234,2.0827999114990234,2.0827999114990234,2.0827999114990234,1966,0.0,0.0
2024-09-16 10:20:00-04:00,2.069999933242798,2.069999933242798,2.069999933242798,2.069999933242798,2585,0.0,0.0
2024-09-16 10:25:00-04:00,2.0606000423431396,2.0606000423431396,2.049999952316284,2.049999952316284,14585,0.0,0.0
2024-09-16 10:30:00-04:00,2.0450000762939453,2.049999952316284,2.0302999019622803,2.049999952316284,6750,0.0,0.0
2024-09-16 10:35:00-04:00,2.049999952316284,2.049999952316284,2.0450000762939453,2.0450000762939453,2269,0.0,0.0
2024-09-16 10:40:00-04:00,2.049999952316284,2.055000066757202,2.049999952316284,2.055000066757202,2667,0.0,0.0
2024-09-16 10:45:00-04:00,2.049999952316284,2.0597000122070312,2.049999952316284,2.055000066757202,3222,0.0,0.0
2024-09-16 10:50:00-04:00,2.055000066757202,2.055000066757202,2.0409998893737793,2.0409998893737793,3199,0.0,0.0
2024-09-16 10:55:00-04:00,2.0450000762939453,2.0450000762939453,2.0450000762939453,2.0450000762939453,501,0.0,0.0
2024-09-16 11:00:00-04:00,2.049999952316284,2.049999952316284,2.049999952316284,2.049999952316284,1020,0.0,0.0
2024-09-16 11:05:00-04:00,2.0415000915527344,2.0450000762939453,2.0399999618530273,2.0399999618530273,523,0.0,0.0
2024-09-16 11:10:00-04:00,2.0450000762939453,2.0450000762939453,2.0399999618530273,2.0399999618530273,1137,0.0,0.0
2024-09-16 11:20:00-04:00,2.0450000762939453,2.0450000762939453,2.0450000762939453,2.0450000762939453,2321,0.0,0.0
2024-09-16 11:25:00-04:00,2.0450000762939453,2.0450000762939453,2.0399999618530273,2.0399999618530273,1697,0.0,0.0
2024-09-16 11:30:00-04:00,2.0399999618530273,2.0399999618530273,2.0399999618530273,2.0399999618530273,500,0.0,0.0
2024-09-16 11:35:00-04:00,2.0450000762939453,2.049999952316284,2.0450000762939453,2.0450000762939453,517,0.0,0.0
2024-09-16 11:40:00-04:00,2.0450000762939453,2.0450000762939453,2.0450000762939453,2.0450000762939453,467,0.0,0.0
2024-09-16 11:45:00-04:00,2.0490000247955322,2.0490000247955322,2.0350000858306885,2.0350000858306885,14742,0.0,0.0
2024-09-16 11:50:00-04:00,2.0299999713897705,2.0350000858306885,2.0299999713897705,2.0350000858306885,1569,0.0,0.0
2024-09-16 11:55:00-04:00,2.039900064468384,2.039900064468384,2.039900064468384,2.039900064468384,379,0.0,0.0
2024-09-16 12:00:00-04:00,2.0350000858306885,2.0399999618530273,2.0350000858306885,2.0350000858306885,2105,0.0,0.0
2024-09-16 12:05:00-04:00,2.0299999713897705,2.0299999713897705,2.0299999713897705,2.0299999713897705,911,0.0,0.0
2024-09-16 12:10:00-04:00,2.0302999019622803,2.0302999019622803,2.0199999809265137,2.0250000953674316,23564,0.0,0.0
2024-09-16 12:15:00-04:00,2.0199999809265137,2.0199999809265137,2.0,2.005000114440918,37733,0.0,0.0
2024-09-16 12:20:00-04:00,2.005000114440918,2.005000114440918,2.0,2.0,1924,0.0,0.0
2024-09-16 12:25:00-04:00,2.005000114440918,2.0199999809265137,2.005000114440918,2.0199999809265137,12854,0.0,0.0
2024-09-16 12:30:00-04:00,2.015000104904175,2.0179998874664307,2.015000104904175,2.015000104904175,657,0.0,0.0
2024-09-16 12:35:00-04:00,2.015000104904175,2.01990008354187,2.015000104904175,2.015000104904175,3988,0.0,0.0
2024-09-16 12:40:00-04:00,2.015000104904175,2.015000104904175,2.015000104904175,2.015000104904175,526,0.0,0.0
2024-09-16 12:45:00-04:00,2.0199999809265137,2.0250000953674316,2.015000104904175,2.0250000953674316,18502,0.0,0.0
2024-09-16 12:55:00-04:00,2.0250000953674316,2.0250000953674316,2.0250000953674316,2.0250000953674316,1073,0.0,0.0
2024-09-16 13:00:00-04:00,2.029900074005127,2.0299999713897705,2.029900074005127,2.0299999713897705,2168,0.0,0.0
2024-09-16 13:05:00-04:00,2.0280001163482666,2.0280001163482666,2.0280001163482666,2.0280001163482666,237,0.0,0.0
2024-09-16 13:10:00-04:00,2.0290000438690186,2.039299964904785,2.0290000438690186,2.039299964904785,9147,0.0,0.0
2024-09-16 13:15:00-04:00,2.0399999618530273,2.0399999618530273,2.0299999713897705,2.0350000858306885,1177,0.0,0.0
2024-09-16 13:20:00-04:00,2.0350000858306885,2.0350000858306885,2.0350000858306885,2.0350000858306885,934,0.0,0.0
2024-09-16 13:40:00-04:00,2.0399999618530273,2.0450000762939453,2.0399999618530273,2.0450000762939453,2043,0.0,0.0
2024-09-16 13:45:00-04:00,2.0490000247955322,2.049999952316284,2.0450000762939453,2.049999952316284,4941,0.0,0.0
2024-09-16 13:50:00-04:00,2.0490000247955322,2.049999952316284,2.0490000247955322,2.049999952316284,1328,0.0,0.0
2024-09-16 14:05:00-04:00,2.0495998859405518,2.049999952316284,2.0495998859405518,2.049999952316284,4809,0.0,0.0
2024-09-16 14:10:00-04:00,2.065000057220459,2.0692999362945557,2.065000057220459,2.065000057220459,1010,0.0,0.0
2024-09-16 14:20:00-04:00,2.059999942779541,2.0608999729156494,2.059999942779541,2.0608999729156494,459,0.0,0.0
2024-09-16 14:25:00-04:00,2.059999942779541,2.059999942779541,2.049999952316284,2.049999952316284,5273,0.0,0.0
2024-09-16 14:30:00-04:00,2.055000066757202,2.055000066757202,2.049999952316284,2.049999952316284,88,0.0,0.0
2024-09-16 14:35:00-04:00,2.0506999492645264,2.0506999492645264,2.0506999492645264,2.0506999492645264,1289,0.0,0.0
2024-09-16 14:40:00-04:00,2.055000066757202,2.055000066757202,2.049999952316284,2.0510001182556152,15752,0.0,0.0
2024-09-16 14:50:00-04:00,2.055000066757202,2.055000066757202,2.050100088119507,2.050100088119507,1071,0.0,0.0
2024-09-16 14:55:00-04:00,2.049999952316284,2.059999942779541,2.049999952316284,2.055000066757202,937,0.0,0.0
2024-09-16 15:00:00-04:00,2.065000057220459,2.0683000087738037,2.065000057220459,2.0683000087738037,2515,0.0,0.0
2024-09-16 15:10:00-04:00,2.069999933242798,2.069999933242798,2.065000057220459,2.065000057220459,2901,0.0,0.0
2024-09-16 15:20:00-04:00,2.065000057220459,2.065000057220459,2.065000057220459,2.065000057220459,2382,0.0,0.0
2024-09-16 15:25:00-04:00,2.0669000148773193,2.0669000148773193,2.059999942779541,2.059999942779541,3758,0.0,0.0
2024-09-16 15:30:00-04:00,2.055000066757202,2.0589001178741455,2.055000066757202,2.0589001178741455,900,0.0,0.0
2024-09-16 15:35:00-04:00,2.049999952316284,2.0569000244140625,2.049999952316284,2.0510001182556152,2301,0.0,0.0
2024-09-16 15:40:00-04:00,2.055000066757202,2.055000066757202,2.055000066757202,2.055000066757202,1276,0.0,0.0
2024-09-16 15:45:00-04:00,2.049999952316284,2.055000066757202,2.049999952316284,2.049999952316284,3726,0.0,0.0
2024-09-16 15:50:00-04:00,2.049999952316284,2.0692999362945557,2.0450000762939453,2.0692999362945557,10935,0.0,0.0
2024-09-16 15:55:00-04:00,2.069999933242798,2.069999933242798,2.055000066757202,2.065000057220459,18137,0.0,0.0
2024-09-17 09:30:00-04:00,2.055000066757202,2.069999933242798,2.055000066757202,2.069999933242798,17718,0.0,0.0
2024-09-17 09:35:00-04:00,2.0606000423431396,2.069999933242798,2.0601000785827637,2.060499906539917,2550,0.0,0.0
2024-09-17 09:40:00-04:00,2.069999933242798,2.0799999237060547,2.069999933242798,2.0799999237060547,7283,0.0,0.0
2024-09-17 09:45:00-04:00,2.0850000381469727,2.0899999141693115,2.0850000381469727,2.0899999141693115,641,0.0,0.0
2024-09-17 09:50:00-04:00,2.0950000286102295,2.0950000286102295,2.0903000831604004,2.0950000286102295,4801,0.0,0.0
2024-09-17 09:55:00-04:00,2.0950000286102295,2.0950000286102295,2.0850000381469727,2.0850000381469727,4450,0.0,0.0
2024-09-17 10:00:00-04:00,2.0820000171661377,2.088200092315674,2.0799999237060547,2.0850000381469727,13279,0.0,0.0
2024-09-17 10:05:00-04:00,2.080399990081787,2.0850000381469727,2.075000047683716,2.075000047683716,6856,0.0,0.0
2024-09-17 10:10:00-04:00,2.075000047683716,2.079900026321411,2.075000047683716,2.079900026321411,1648,0.0,0.0
2024-09-17 10:15:00-04:00,2.0899999141693115,2.0950000286102295,2.0799999237060547,2.0901999473571777,29586,0.0,0.0
2024-09-17 10:20:00-04:00,2.0999999046325684,2.0999999046325684,2.0899999141693115,2.0899999141693115,11326,0.0,0.0
2024-09-17 10:25:00-04:00,2.0850000381469727,2.0850000381469727,2.0850000381469727,2.0850000381469727,384,0.0,0.0
2024-09-17 10:30:00-04:00,2.075000047683716,2.075000047683716,2.075000047683716,2.075000047683716,1943,0.0,0.0
2024-09-17 10:35:00-04:00,2.069999933242798,2.069999933242798,2.069999933242798,2.069999933242798,1119,0.0,0.0
2024-09-17 10:40:00-04:00,2.069999933242798,2.069999933242798,2.059999942779541,2.059999942779541,4791,0.0,0.0
2024-09-17 10:45:00-04:00,2.055000066757202,2.069999933242798,2.049999952316284,2.069999933242798,8076,0.0,0.0
2024-09-17 10:50:00-04:00,2.075000047683716,2.075000047683716,2.075000047683716,2.075000047683716,470,0.0,0.0
2024-09-17 10:55:00-04:00,2.069999933242798,2.069999933242798,2.069999933242798,2.069999933242798,175,0.0,0.0
2024-09-17 11:00:00-04:00,2.0692999362945557,2.0692999362945557,2.065000057220459,2.065000057220459,906,0.0,0.0
2024-09-17 11:05:00-04:00,2.0699000358581543,2.0699000358581543,2.065000057220459,2.065000057220459,606,0.0,0.0
2024-09-17 11:10:00-04:00,2.059999942779541,2.069999933242798,2.049999952316284,2.069999933242798,4215,0.0,0.0
2024-09-17 11:15:00-04:00,2.061500072479248,2.063499927520752,2.0606000423431396,2.063499927520752,4538,0.0,0.0
2024-09-17 11:20:00-04:00,2.065000057220459,2.0699000358581543,2.065000057220459,2.065000057220459,1767,0.0,0.0
2024-09-17 11:25:00-04:00,2.065000057220459,2.065000057220459,2.065000057220459,2.065000057220459,2297,0.0,0.0
2024-09-17 11:30:00-04:00,2.065000057220459,2.0850000381469727,2.065000057220459,2.0850000381469727,9832,0.0,0.0
2024-09-17 11:35:00-04:00,2.0850000381469727,2.0899999141693115,2.0850000381469727,2.0899999141693115,3138,0.0,0.0
2024-09-17 11:40:00-04:00,2.0850000381469727,2.0850000381469727,2.080899953842163,2.080899953842163,267,0.0,0.0
2024-09-17 11:45:00-04:00,2.0799999237060547,2.0799999237060547,2.079900026321411,2.0799999237060547,4585,0.0,0.0
2024-09-17 11:50:00-04:00,2.075000047683716,2.075000047683716,2.075000047683716,2.075000047683716,385,0.0,0.0
2024-09-17 11:55:00-04:00,2.075000047683716,2.075000047683716,2.075000047683716,2.075000047683716,255,0.0,0.0
2024-09-17 12:15:00-04:00,2.0799999237060547,2.0799999237060547,2.075000047683716,2.075000047683716,1410,0.0,0.0
2024-09-17 12:20:00-04:00,2.07069993019104,2.075000047683716,2.069999933242798,2.069999933242798,2219,0.0,0.0
2024-09-17 12:25:00-04:00,2.050100088119507,2.065000057220459,2.050100088119507,2.065000057220459,6453,0.0,0.0
2024-09-17 12:35:00-04:00,2.065000057220459,2.065000057220459,2.059999942779541,2.059999942779541,3991,0.0,0.0
2024-09-17 12:45:00-04:00,2.0510001182556152,2.0510001182556152,2.0510001182556152,2.0510001182556152,1760,0.0,0.0
2024-09-17 12:50:00-04:00,2.049999952316284,2.049999952316284,2.0450000762939453,2.0450000762939453,2437,0.0,0.0
2024-09-17 13:00:00-04:00,2.04010009765625,2.04010009765625,2.0299999713897705,2.0315001010894775,34007,0.0,0.0
2024-09-17 13:05:00-04:00,2.0350000858306885,2.0394999980926514,2.0350000858306885,2.0394999980926514,1742,0.0,0.0
2024-09-17 13:10:00-04:00,2.0350000858306885,2.0350000858306885,2.0350000858306885,2.0350000858306885,307,0.0,0.0
2024-09-17 13:15:00-04:00,2.039799928665161,2.0399999618530273,2.0350000858306885,2.0367000102996826,3139,0.0,0.0
2024-09-17 13:20:00-04:00,2.0350000858306885,2.0350000858306885,2.0350000858306885,2.0350000858306885,337,0.0,0.0
2024-09-17 13:25:00-04:00,2.049999952316284,2.049999952316284,2.0399999618530273,2.0399999618530273,1098,0.0,0.0
2024-09-17 13:30:00-04:00,2.0480000972747803,2.055000066757202,2.0480000972747803,2.049999952316284,4274,0.0,0.0
2024-09-17 13:35:00-04:00,2.059499979019165,2.059499979019165,2.059499979019165,2.059499979019165,1120,0.0,0.0
2024-09-17 13:40:00-04:00,2.055000066757202,2.055000066757202,2.049999952316284,2.049999952316284,885,0.0,0.0
2024-09-17 13:45:00-04:00,2.0350000858306885,2.0399999618530273,2.0350000858306885,2.039900064468384,1911,0.0,0.0
2024-09-17 13:50:00-04:00,2.0350000858306885,2.0350000858306885,2.0306999683380127,2.0306999683380127,543,0.0,0.0
2024-09-17 14:05:00-04:00,2.0350000858306885,2.0350000858306885,2.0299999713897705,2.0299999713897705,2589,0.0,0.0
2024-09-17 14:10:00-04:00,2.0292000770568848,2.0292000770568848,2.0250000953674316,2.0250000953674316,540,0.0,0.0
2024-09-17 14:15:00-04:00,2.0299999713897705,2.0399999618530273,2.0299999713897705,2.0399999618530273,11949,0.0,0.0
2024-09-17 14:20:00-04:00,2.0450000762939453,2.0460000038146973,2.0399999618530273,2.0450000762939453,3701,0.0,0.0
2024-09-17 14:25:00-04:00,2.0480000972747803,2.049999952316284,2.0450000762939453,2.0450000762939453,1045,0.0,0.0
2024-09-17 14:30:00-04:00,2.0450000762939453,2.0450000762939453,2.0450000762939453,2.0450000762939453,171,0.0,0.0
2024-09-17 14:35:00-04:00,2.0492000579833984,2.0492000579833984,2.0492000579833984,2.0492000579833984,210,0.0,0.0
2024-09-17 14:40:00-04:00,2.049999952316284,2.049999952316284,2.049999952316284,2.049999952316284,418,0.0,0.0
2024-09-17 14:45:00-04:00,2.0399999618530273,2.0399999618530273,2.0299999713897705,2.0299999713897705,3131,0.0,0.0
2024-09-17 15:00:00-04:00,2.0350000858306885,2.0350000858306885,2.0100998878479004,2.0100998878479004,20802,0.0,0.0
2024-09-17 15:05:00-04:00,2.0192999839782715,2.0192999839782715,2.0,2.0,12515,0.0,0.0
2024-09-17 15:10:00-04:00,2.0099000930786133,2.0199999809265137,2.005000114440918,2.01200008392334,8306,0.0,0.0
2024-09-17 15:15:00-04:00,2.009999990463257,2.015000104904175,2.009999990463257,2.015000104904175,1728,0.0,0.0
2024-09-17 15:20:00-04:00,2.009999990463257,2.009999990463257,2.005000114440918,2.005000114440918,2809,0.0,0.0
2024-09-17 15:25:00-04:00,2.0090999603271484,2.009999990463257,2.005000114440918,2.005000114440918,513,0.0,0.0
2024-09-17 15:30:00-04:00,2.005000114440918,2.005000114440918,2.005000114440918,2.005000114440918,1274,0.0,0.0
2024-09-17 15:35:00-04:00,2.005000114440918,2.0092999935150146,2.005000114440918,2.0092999935150146,3703,0.0,0.0
2024-09-17 15:40:00-04:00,2.005000114440918,2.005000114440918,2.005000114440918,2.005000114440918,160,0.0,0.0
2024-09-17 15:45:00-04:00,2.0,2.0099000930786133,2.0,2.005000114440918,6877,0.0,0.0
2024-09-17 15:50:00-04:00,2.005000114440918,2.0199999809265137,2.0,2.015000104904175,14361,0.0,0.0
2024-09-17 15:55:00-04:00,2.015000104904175,2.0199999809265137,2.009999990463257,2.0199999809265137,8917,0.0,0.0
2024-09-18 09:30:00-04:00,2.0,2.0201001167297363,2.0,2.000999927520752,25705,0.0,0.0
2024-09-18 09:35:00-04:00,2.0000998973846436,2.0007998943328857,1.9910000562667847,1.9910000562667847,6086,0.0,0.0
2024-09-18 09:45:00-04:00,2.0,2.0399999618530273,2.0,2.0179998874664307,12955,0.0,0.0
2024-09-18 09:50:00-04:00,2.009999990463257,2.0113000869750977,2.009999990463257,2.0113000869750977,1016,0.0,0.0
2024-09-18 09:55:00-04:00,2.0199999809265137,2.0297999382019043,2.009999990463257,2.020699977874756,1457,0.0,0.0
2024-09-18 10:00:00-04:00,2.0250000953674316,2.0280001163482666,2.0250000953674316,2.0250000953674316,2573,0.0,0.0
2024-09-18 10:05:00-04:00,2.0199999809265137,2.0199999809265137,2.0199999809265137,2.0199999809265137,1981,0.0,0.0
2024-09-18 10:10:00-04:00,2.0190000534057617,2.0199999809265137,2.0,2.005000114440918,9991,0.0,0.0
2024-09-18 10:15:00-04:00,2.005000114440918,2.005000114440918,2.0,2.0,2465,0.0,0.0
2024-09-18 10:20:00-04:00,2.0,2.0,1.9950000047683716,1.9950000047683716,4207,0.0,0.0
2024-09-18 10:25:00-04:00,1.9900000095367432,2.0,1.9900000095367432,2.0,8342,0.0,0.0
2024-09-18 10:30:00-04:00,2.0000998973846436,2.0007998943328857,2.0000998973846436,2.0007998943328857,878,0.0,0.0
2024-09-18 10:35:00-04:00,2.005000114440918,2.0299999713897705,2.005000114440918,2.0250000953674316,7280,0.0,0.0
2024-09-18 10:40:00-04:00,2.0299999713897705,2.0299999713897705,2.0299999713897705,2.0299999713897705,541,0.0,0.0
2024-09-18 10:45:00-04:00,2.0250000953674316,2.0350000858306885,2.0250000953674316,2.0350000858306885,4738,0.0,0.0
2024-09-18 10:50:00-04:00,2.0350000858306885,2.039099931716919,2.0350000858306885,2.039099931716919,1301,0.0,0.0
2024-09-18 10:55:00-04:00,2.039099931716919,2.0399999618530273,2.0380001068115234,2.0399999618530273,1116,0.0,0.0
2024-09-18 11:00:00-04:00,2.0350000858306885,2.039900064468384,2.0350000858306885,2.0350000858306885,1743,0.0,0.0
2024-09-18 11:05:00-04:00,2.039900064468384,2.0450000762939453,2.0350000858306885,2.0450000762939453,1602,0.0,0.0
2024-09-18 11:10:00-04:00,2.049499988555908,2.049499988555908,2.0399999618530273,2.0399999618530273,3575,0.0,0.0
2024-09-18 11:15:00-04:00,2.0299999713897705,2.0299999713897705,2.0199999809265137,2.0199999809265137,4944,0.0,0.0
2024-09-18 11:20:00-04:00,2.0199999809265137,2.0199999809265137,1.9950000047683716,1.9950000047683716,20548,0.0,0.0
2024-09-18 11:25:00-04:00,1.9961999654769897,2.009000062942505,1.9950000047683716,2.005000114440918,6600,0.0,0.0
2024-09-18 11:30:00-04:00,2.005000114440918,2.005000114440918,2.005000114440918,2.005000114440918,1329,0.0,0.0
2024-09-18 11:35:00-04:00,2.005000114440918,2.009999990463257,2.005000114440918,2.009999990463257,1701,0.0,0.0
2024-09-18 11:40:00-04:00,2.0,2.0199999809265137,2.0,2.0199999809265137,7671,0.0,0.0
2024-09-18 11:45:00-04:00,2.0107998847961426,2.012200117111206,1.9900000095367432,1.9950000047683716,23352,0.0,0.0
2024-09-18 11:50:00-04:00,1.9901000261306763,2.0,1.9801000356674194,1.9850000143051147,7398,0.0,0.0
2024-09-18 11:55:00-04:00,1.9890999794006348,1.9900000095367432,1.980299949645996,1.9900000095367432,9067,0.0,0.0
2024-09-18 12:00:00-04:00,1.9896999597549438,1.9900000095367432,1.9889999628067017,1.9900000095367432,3371,0.0,0.0
2024-09-18 12:05:00-04:00,1.9950000047683716,1.9950000047683716,1.9950000047683716,1.9950000047683716,10115,0.0,0.0
2024-09-18 12:10:00-04:00,1.9950000047683716,2.0,1.9950000047683716,1.999400019645691,1836,0.0,0.0
2024-09-18 12:15:00-04:00,1.9996999502182007,1.9996999502182007,1.9915000200271606,1.9915000200271606,3289,0.0,0.0
2024-09-18 12:20:00-04:00,1.9950000047683716,1.9950000047683716,1.9950000047683716,1.9950000047683716,206,0.0,0.0
2024-09-18 12:25:00-04:00,1.9980000257492065,1.999500036239624,1.9900000095367432,1.9901000261306763,9559,0.0,0.0
2024-09-18 12:30:00-04:00,1.9950000047683716,1.9950000047683716,1.9900000095367432,1.9900000095367432,6110,0.0,0.0
2024-09-18 12:35:00-04:00,1.9950000047683716,1.9980000257492065,1.9950000047683716,1.9950000047683716,2447,0.0,0.0
2024-09-18 12:40:00-04:00,1.999500036239624,2.0053000450134277,1.9950000047683716,2.005000114440918,28157,0.0,0.0
2024-09-18 12:45:00-04:00,2.005000114440918,2.0199999809265137,2.005000114440918,2.015000104904175,9434,0.0,0.0
2024-09-18 12:50:00-04:00,2.009999990463257,2.015000104904175,2.009999990463257,2.015000104904175,400,0.0,0.0
2024-09-18 12:55:00-04:00,2.0199999809265137,2.0199999809265137,2.0199999809265137,2.0199999809265137,100,0.0,0.0
2024-09-18 13:00:00-04:00,2.015000104904175,2.015000104904175,2.015000104904175,2.015000104904175,1001,0.0,0.0
2024-09-18 13:05:00-04:00,2.0104000568389893,2.015000104904175,2.009999990463257,2.009999990463257,2440,0.0,0.0
2024-09-18 13:10:00-04:00,2.015000104904175,2.015000104904175,2.010999917984009,2.010999917984009,500,0.0,0.0
2024-09-18 13:15:00-04:00,2.015000104904175,2.0199999809265137,2.015000104904175,2.015000104904175,958,0.0,0.0
2024-09-18 13:20:00-04:00,2.015000104904175,2.015000104904175,2.015000104904175,2.015000104904175,200,0.0,0.0
2024-09-18 13:25:00-04:00,2.015000104904175,2.015000104904175,2.015000104904175,2.015000104904175,120,0.0,0.0
2024-09-18 13:30:00-04:00,2.015000104904175,2.0250000953674316,2.015000104904175,2.015000104904175,5486,0.0,0.0
2024-09-18 13:35:00-04:00,2.015000104904175,2.0153000354766846,2.015000104904175,2.015000104904175,1469,0.0,0.0
2024-09-18 13:40:00-04:00,2.015000104904175,2.015000104904175,2.010999917984009,2.010999917984009,140,0.0,0.0
2024-09-18 13:45:00-04:00,2.015000104904175,2.0195999145507812,2.015000104904175,2.015000104904175,2396,0.0,0.0
2024-09-18 13:50:00-04:00,2.0171000957489014,2.0199999809265137,2.015000104904175,2.0199999809265137,1944,0.0,0.0
2024-09-18 13:55:00-04:00,2.015000104904175,2.015000104904175,2.015000104904175,2.015000104904175,439,0.0,0.0
2024-09-18 14:00:00-04:00,2.0199999809265137,2.069999933242798,2.0199999809265137,2.065000057220459,13620,0.0,0.0
2024-09-18 14:05:00-04:00,2.059999942779541,2.059999942779541,2.0399999618530273,2.0399999618530273,7461,0.0,0.0
2024-09-18 14:10:00-04:00,2.0450000762939453,2.0497000217437744,2.0350000858306885,2.0350000858306885,8083,0.0,0.0
2024-09-18 14:15:00-04:00,2.0399999618530273,2.069999933242798,2.0399999618530273,2.069999933242798,3755,0.0,0.0
2024-09-18 14:20:00-04:00,2.064199924468994,2.064199924468994,2.0627999305725098,2.0627999305725098,1648,0.0,0.0
2024-09-18 14:25:00-04:00,2.0608999729156494,2.0699000358581543,2.0608999729156494,2.065000057220459,2958,0.0,0.0
2024-09-18 14:30:00-04:00,2.065000057220459,2.0899999141693115,2.065000057220459,2.0899999141693115,11870,0.0,0.0
2024-09-18 14:35:00-04:00,2.080199956893921,2.080199956893921,2.069999933242798,2.069999933242798,6959,0.0,0.0
2024-09-18 14:40:00-04:00,2.0701000690460205,2.0701000690460205,2.069999933242798,2.069999933242798,784,0.0,0.0
2024-09-18 14:45:00-04:00,2.069999933242798,2.069999933242798,2.05049991607666,2.05049991607666,2265,0.0,0.0
2024-09-18 14:50:00-04:00,2.055000066757202,2.0899999141693115,2.049999952316284,2.0850000381469727,37176,0.0,0.0
2024-09-18 14:55:00-04:00,2.0799999237060547,2.0850000381469727,2.069999933242798,2.075000047683716,10122,0.0,0.0
2024-09-18 15:00:00-04:00,2.055000066757202,2.065000057220459,2.055000066757202,2.0601000785827637,3949,0.0,0.0
2024-09-18 15:05:00-04:00,2.055000066757202,2.059999942779541,2.052799940109253,2.052799940109253,1322,0.0,0.0
2024-09-18 15:10:00-04:00,2.059999942779541,2.065000057220459,2.059999942779541,2.059999942779541,2991,0.0,0.0
2024-09-18 15:15:00-04:00,2.065000057220459,2.065000057220459,2.065000057220459,2.065000057220459,410,0.0,0.0
2024-09-18 15:20:00-04:00,2.059999942779541,2.059999942779541,2.0399999618530273,2.059999942779541,4656,0.0,0.0
2024-09-18 15:25:00-04:00,2.059999942779541,2.065000057220459,2.059999942779541,2.065000057220459,1804,0.0,0.0
2024-09-18 15:30:00-04:00,2.059999942779541,2.059999942779541,2.059999942779541,2.059999942779541,1201,0.0,0.0
2024-09-18 15:35:00-04:00,2.059799909591675,2.059799909591675,2.059799909591675,2.059799909591675,1390,0.0,0.0
2024-09-18 15:40:00-04:00,2.049999952316284,2.049999952316284,2.049999952316284,2.049999952316284,2406,0.0,0.0
2024-09-18 15:45:00-04:00,2.0450000762939453,2.0450000762939453,2.0399999618530273,2.0399999618530273,2743,0.0,0.0
2024-09-18 15:50:00-04:00,2.0399999618530273,2.0399999618530273,2.0399999618530273,2.0399999618530273,33,0.0,0.0
2024-09-18 15:55:00-04:00,2.049999952316284,2.069999933242798,2.0399999618530273,2.069999933242798,14909,0.0,0.0
2024-09-19 09:30:00-04:00,2.0899999141693115,2.0899999141693115,2.0892999172210693,2.0892999172210693,13533,0.0,0.0
2024-09-19 09:35:00-04:00,2.049999952316284,2.049999952316284,2.049999952316284,2.049999952316284,1046,0.0,0.0
2024-09-19 09:40:00-04:00,2.0499000549316406,2.0594000816345215,2.0299999713897705,2.0594000816345215,32173,0.0,0.0
2024-09-19 09:45:00-04:00,2.059999942779541,2.069999933242798,2.059999942779541,2.069999933242798,754,0.0,0.0
2024-09-19 09:50:00-04:00,2.069999933242798,2.1050000190734863,2.069999933242798,2.1050000190734863,20727,0.0,0.0
2024-09-19 09:55:00-04:00,2.109999895095825,2.125,2.0999999046325684,2.109999895095825,22920,0.0,0.0
2024-09-19 10:00:00-04:00,2.1050000190734863,2.109999895095825,2.0899999141693115,2.0899999141693115,1043,0.0,0.0
2024-09-19 10:05:00-04:00,2.0950000286102295,2.0950000286102295,2.0799999237060547,2.0799999237060547,2395,0.0,0.0
2024-09-19 10:10:00-04:00,2.0850000381469727,2.100600004196167,2.0850000381469727,2.0999999046325684,11913,0.0,0.0
2024-09-19 10:20:00-04:00,2.0899999141693115,2.0950000286102295,2.0899999141693115,2.0950000286102295,4239,0.0,0.0
2024-09-19 10:25:00-04:00,2.0899999141693115,2.0899999141693115,2.0899999141693115,2.0899999141693115,276,0.0,0.0
2024-09-19 10:30:00-04:00,2.0913000106811523,2.099100112915039,2.0799999237060547,2.099100112915039,5335,0.0,0.0
2024-09-19 10:35:00-04:00,2.080199956893921,2.0999999046325684,2.080199956893921,2.0999999046325684,5945,0.0,0.0
2024-09-19 10:40:00-04:00,2.0950000286102295,2.0950000286102295,2.090399980545044,2.090399980545044,2688,0.0,0.0
2024-09-19 10:45:00-04:00,2.0899999141693115,2.0899999141693115,2.069999933242798,2.0799999237060547,6240,0.0,0.0
2024-09-19 10:50:00-04:00,2.080399990081787,2.0899999141693115,2.080399990081787,2.0899999141693115,2046,0.0,0.0
2024-09-19 10:55:00-04:00,2.0850000381469727,2.0850000381469727,2.0850000381469727,2.0850000381469727,2624,0.0,0.0
2024-09-19 11:00:00-04:00,2.0850000381469727,2.0950000286102295,2.0840001106262207,2.0903000831604004,15069,0.0,0.0
2024-09-19 11:05:00-04:00,2.0910000801086426,2.0910000801086426,2.069999933242798,2.069999933242798,10674,0.0,0.0
2024-09-19 11:10:00-04:00,2.075000047683716,2.0806000232696533,2.075000047683716,2.0806000232696533,3974,0.0,0.0
2024-09-19 11:15:00-04:00,2.0899999141693115,2.109999895095825,2.0899999141693115,2.1050000190734863,15562,0.0,0.0
2024-09-19 11:20:00-04:00,2.0999999046325684,2.1050000190734863,2.0999999046325684,2.0999999046325684,12036,0.0,0.0
2024-09-19 11:25:00-04:00,2.097100019454956,2.0999999046325684,2.097100019454956,2.0999999046325684,6078,0.0,0.0
2024-09-19 11:30:00-04:00,2.1050000190734863,2.1050000190734863,2.0999999046325684,2.0999999046325684,4126,0.0,0.0
2024-09-19 11:35:00-04:00,2.0899999141693115,2.109999895095825,2.0899999141693115,2.109999895095825,3078,0.0,0.0
2024-09-19 11:40:00-04:00,2.1003000736236572,2.1010000705718994,2.0999999046325684,2.0999999046325684,9456,0.0,0.0
2024-09-19 11:45:00-04:00,2.1003000736236572,2.1050000190734863,2.0999999046325684,2.0999999046325684,8014,0.0,0.0
2024-09-19 11:55:00-04:00,2.0908000469207764,2.0999999046325684,2.0908000469207764,2.0999999046325684,7004,0.0,0.0
2024-09-19 12:00:00-04:00,2.109999895095825,2.109999895095825,2.101300001144409,2.101300001144409,1620,0.0,0.0
2024-09-19 12:05:00-04:00,2.109999895095825,2.115000009536743,2.109999895095825,2.110100030899048,7849,0.0,0.0
2024-09-19 12:10:00-04:00,2.1108999252319336,2.118000030517578,2.1108999252319336,2.118000030517578,2071,0.0,0.0
2024-09-19 12:15:00-04:00,2.110300064086914,2.115000009536743,2.100100040435791,2.1050000190734863,17138,0.0,0.0
2024-09-19 12:20:00-04:00,2.109999895095825,2.115000009536743,2.109999895095825,2.109999895095825,10542,0.0,0.0
2024-09-19 12:25:00-04:00,2.115000009536743,2.130000114440918,2.115000009536743,2.125,11269,0.0,0.0
2024-09-19 12:30:00-04:00,2.128000020980835,2.134999990463257,2.128000020980835,2.134999990463257,3581,0.0,0.0
2024-09-19 12:35:00-04:00,2.13919997215271,2.149899959564209,2.1321001052856445,2.149899959564209,3227,0.0,0.0
2024-09-19 12:40:00-04:00,2.1449999809265137,2.1449999809265137,2.1449999809265137,2.1449999809265137,2443,0.0,0.0
2024-09-19 12:45:00-04:00,2.149899959564209,2.180000066757202,2.1493000984191895,2.174999952316284,28543,0.0,0.0
2024-09-19 12:50:00-04:00,2.180000066757202,2.200000047683716,2.177999973297119,2.200000047683716,26631,0.0,0.0
2024-09-19 12:55:00-04:00,2.199899911880493,2.2049999237060547,2.190000057220459,2.190000057220459,26143,0.0,0.0
2024-09-19 13:00:00-04:00,2.184999942779541,2.194999933242798,2.174999952316284,2.194999933242798,8621,0.0,0.0
2024-09-19 13:05:00-04:00,2.1903998851776123,2.200000047683716,2.1903998851776123,2.199899911880493,3545,0.0,0.0
2024-09-19 13:10:00-04:00,2.194999933242798,2.200000047683716,2.178999900817871,2.180000066757202,9731,0.0,0.0
2024-09-19 13:15:00-04:00,2.190000057220459,2.19950008392334,2.190000057220459,2.19950008392334,4123,0.0,0.0
2024-09-19 13:20:00-04:00,2.2049999237060547,2.2100000381469727,2.2049999237060547,2.2090001106262207,1042,0.0,0.0
2024-09-19 13:25:00-04:00,2.2100000381469727,2.240000009536743,2.2084999084472656,2.234999895095825,10569,0.0,0.0
2024-09-19 13:30:00-04:00,2.240000009536743,2.240000009536743,2.194999933242798,2.194999933242798,28904,0.0,0.0
2024-09-19 13:35:00-04:00,2.194999933242798,2.194999933242798,2.1605000495910645,2.1605000495910645,22141,0.0,0.0
2024-09-19 13:40:00-04:00,2.1700000762939453,2.1700000762939453,2.160799980163574,2.1693999767303467,4906,0.0,0.0
2024-09-19 13:45:00-04:00,2.1649999618530273,2.180000066757202,2.1649999618530273,2.180000066757202,4828,0.0,0.0
2024-09-19 13:50:00-04:00,2.184999942779541,2.184999942779541,2.184999942779541,2.184999942779541,173,0.0,0.0
2024-09-19 13:55:00-04:00,2.184999942779541,2.184999942779541,2.166100025177002,2.169300079345703,7511,0.0,0.0
2024-09-19 14:00:00-04:00,2.1649999618530273,2.1649999618530273,2.140000104904175,2.149600028991699,13120,0.0,0.0
2024-09-19 14:05:00-04:00,2.1449999809265137,2.1449999809265137,2.109999895095825,2.115000009536743,33306,0.0,0.0
2024-09-19 14:10:00-04:00,2.119999885559082,2.119999885559082,2.115000009536743,2.115000009536743,1514,0.0,0.0
2024-09-19 14:15:00-04:00,2.115000009536743,2.115000009536743,2.115000009536743,2.115000009536743,218,0.0,0.0
2024-09-19 14:20:00-04:00,2.119999885559082,2.119999885559082,2.119999885559082,2.119999885559082,3167,0.0,0.0
2024-09-19 14:25:00-04:00,2.115000009536743,2.119999885559082,2.111999988555908,2.119999885559082,1763,0.0,0.0
2024-09-19 14:30:00-04:00,2.115000009536743,2.115000009536743,2.115000009536743,2.115000009536743,2449,0.0,0.0
2024-09-19 14:35:00-04:00,2.115000009536743,2.1198999881744385,2.115000009536743,2.1198999881744385,7242,0.0,0.0
2024-09-19 14:40:00-04:00,2.115000009536743,2.115000009536743,2.115000009536743,2.115000009536743,318,0.0,0.0
2024-09-19 14:45:00-04:00,2.115000009536743,2.115000009536743,2.0999999046325684,2.0999999046325684,6997,0.0,0.0
2024-09-19 14:50:00-04:00,2.099299907684326,2.099299907684326,2.0950000286102295,2.0950000286102295,1266,0.0,0.0
2024-09-19 14:55:00-04:00,2.0999999046325684,2.1050000190734863,2.0950000286102295,2.1047000885009766,9056,0.0,0.0
2024-09-19 15:00:00-04:00,2.109999895095825,2.109999895095825,2.1050000190734863,2.1089999675750732,6001,0.0,0.0
2024-09-19 15:05:00-04:00,2.0999999046325684,2.0999999046325684,2.0999999046325684,2.0999999046325684,514,0.0,0.0
2024-09-19 15:10:00-04:00,2.0950000286102295,2.0950000286102295,2.0950000286102295,2.0950000286102295,532,0.0,0.0
2024-09-19 15:15:00-04:00,2.0899999141693115,2.0899999141693115,2.069999933242798,2.0799999237060547,6018,0.0,0.0
2024-09-19 15:20:00-04:00,2.0850000381469727,2.0850000381469727,2.070499897003174,2.070499897003174,2969,0.0,0.0
2024-09-19 15:25:00-04:00,2.079900026321411,2.0799999237060547,2.075000047683716,2.0799999237060547,5965,0.0,0.0
2024-09-19 15:30:00-04:00,2.0799999237060547,2.089900016784668,2.0799999237060547,2.089900016784668,903,0.0,0.0
2024-09-19 15:35:00-04:00,2.0850000381469727,2.0850000381469727,2.0799999237060547,2.0799999237060547,2427,0.0,0.0
2024-09-19 15:40:00-04:00,2.0748000144958496,2.0748000144958496,2.059999942779541,2.061000108718872,9251,0.0,0.0
2024-09-19 15:45:00-04:00,2.0617001056671143,2.0617001056671143,2.0617001056671143,2.0617001056671143,397,0.0,0.0
2024-09-19 15:50:00-04:00,2.069000005722046,2.069000005722046,2.065000057220459,2.065000057220459,2675,0.0,0.0
2024-09-19 15:55:00-04:00,2.0699000358581543,2.075000047683716,2.059999942779541,2.059999942779541,15132,0.0,0.0
2024-09-20 09:30:00-04:00,2.0899999141693115,2.0899999141693115,2.059999942779541,2.0799999237060547,20839,0.0,0.0
2024-09-20 09:35:00-04:00,2.075000047683716,2.0799999237060547,2.07069993019104,2.07069993019104,8532,0.0,0.0
2024-09-20 09:40:00-04:00,2.079900026321411,2.0799999237060547,2.07069993019104,2.0799999237060547,1501,0.0,0.0
2024-09-20 09:45:00-04:00,2.069999933242798,2.0701000690460205,2.059999942779541,2.0601000785827637,3844,0.0,0.0
2024-09-20 09:50:00-04:00,2.059999942779541,2.059999942779541,2.059999942779541,2.059999942779541,187,0.0,0.0
2024-09-20 09:55:00-04:00,2.069200038909912,2.069200038909912,2.069200038909912,2.069200038909912,124,0.0,0.0
2024-09-20 10:00:00-04:00,2.065000057220459,2.077500104904175,2.065000057220459,2.077500104904175,2848,0.0,0.0
2024-09-20 10:05:00-04:00,2.0701000690460205,2.075000047683716,2.0701000690460205,2.075000047683716,5392,0.0,0.0
2024-09-20 10:10:00-04:00,2.079699993133545,2.079900026321411,2.0566999912261963,2.059000015258789,6135,0.0,0.0
2024-09-20 10:15:00-04:00,2.049999952316284,2.059999942779541,2.049999952316284,2.059999942779541,1688,0.0,0.0
2024-09-20 10:20:00-04:00,2.059999942779541,2.059999942779541,2.059999942779541,2.059999942779541,560,0.0,0.0
2024-09-20 10:25:00-04:00,2.049999952316284,2.055000066757202,2.049999952316284,2.055000066757202,3073,0.0,0.0
2024-09-20 10:30:00-04:00,2.059999942779541,2.059999942779541,2.059999942779541,2.059999942779541,382,0.0,0.0
2024-09-20 10:35:00-04:00,2.055000066757202,2.055000066757202,2.055000066757202,2.055000066757202,200,0.0,0.0
2024-09-20 10:40:00-04:00,2.055000066757202,2.059999942779541,2.055000066757202,2.059999942779541,1275,0.0,0.0
2024-09-20 10:45:00-04:00,2.0599000453948975,2.059999942779541,2.0599000453948975,2.059999942779541,1846,0.0,0.0
2024-09-20 10:50:00-04:00,2.0506999492645264,2.0506999492645264,2.0199999809265137,2.0199999809265137,17118,0.0,0.0
2024-09-20 10:55:00-04:00,2.0206000804901123,2.0250000953674316,2.0206000804901123,2.0250000953674316,1713,0.0,0.0
2024-09-20 11:00:00-04:00,2.0250000953674316,2.029900074005127,2.0250000953674316,2.0250000953674316,5707,0.0,0.0
2024-09-20 11:05:00-04:00,2.0220000743865967,2.0290000438690186,2.0220000743865967,2.0250000953674316,840,0.0,0.0
2024-09-20 11:10:00-04:00,2.029900074005127,2.0499000549316406,2.0250000953674316,2.0450000762939453,8481,0.0,0.0
2024-09-20 11:15:00-04:00,2.0450000762939453,2.0450000762939453,2.0299999713897705,2.0299999713897705,6155,0.0,0.0
2024-09-20 11:20:00-04:00,2.0302999019622803,2.0350000858306885,2.0250000953674316,2.0299999713897705,19659,0.0,0.0
2024-09-20 11:25:00-04:00,2.0350000858306885,2.0350000858306885,2.030100107192993,2.030100107192993,3871,0.0,0.0
2024-09-20 11:30:00-04:00,2.0350000858306885,2.0350000858306885,2.0350000858306885,2.0350000858306885,1400,0.0,0.0
2024-09-20 11:35:00-04:00,2.0350000858306885,2.049999952316284,2.0350000858306885,2.049999952316284,4308,0.0,0.0
2024-09-20 11:40:00-04:00,2.059999942779541,2.069999933242798,2.059299945831299,2.059299945831299,3221,0.0,0.0
2024-09-20 11:45:00-04:00,2.0599000453948975,2.0599000453948975,2.058000087738037,2.058000087738037,868,0.0,0.0
2024-09-20 11:50:00-04:00,2.055000066757202,2.055000066757202,2.0450000762939453,2.0450000762939453,1442,0.0,0.0
2024-09-20 11:55:00-04:00,2.0450000762939453,2.069999933242798,2.0450000762939453,2.065000057220459,4838,0.0,0.0
2024-09-20 12:00:00-04:00,2.069999933242798,2.0799999237060547,2.069999933242798,2.0799999237060547,2299,0.0,0.0
2024-09-20 12:05:00-04:00,2.0799999237060547,2.0799999237060547,2.0796000957489014,2.0799999237060547,4483,0.0,0.0
2024-09-20 12:10:00-04:00,2.0850000381469727,2.0850000381469727,2.0840001106262207,2.0840001106262207,978,0.0,0.0
2024-09-20 12:15:00-04:00,2.0799999237060547,2.0850000381469727,2.079900026321411,2.079900026321411,1635,0.0,0.0
2024-09-20 12:25:00-04:00,2.0799999237060547,2.0899999141693115,2.0799999237060547,2.0899999141693115,5077,0.0,0.0
2024-09-20 12:30:00-04:00,2.0980000495910645,2.0999999046325684,2.0980000495910645,2.099900007247925,1190,0.0,0.0
2024-09-20 12:40:00-04:00,2.0950000286102295,2.0950000286102295,2.0950000286102295,2.0950000286102295,6716,0.0,0.0
2024-09-20 12:45:00-04:00,2.0999999046325684,2.0999999046325684,2.090100049972534,2.090100049972534,3080,0.0,0.0
2024-09-20 12:50:00-04:00,2.0980000495910645,2.0980000495910645,2.0980000495910645,2.0980000495910645,436,0.0,0.0
2024-09-20 12:55:00-04:00,2.0950000286102295,2.0950000286102295,2.0850000381469727,2.0850000381469727,4586,0.0,0.0
2024-09-20 13:00:00-04:00,2.0799999237060547,2.0799999237060547,2.0799999237060547,2.0799999237060547,174,0.0,0.0
2024-09-20 13:10:00-04:00,2.0804998874664307,2.0804998874664307,2.0799999237060547,2.0799999237060547,4598,0.0,0.0
2024-09-20 13:15:00-04:00,2.089900016784668,2.109999895095825,2.0799999237060547,2.0899999141693115,24087,0.0,0.0
2024-09-20 13:20:00-04:00,2.0899999141693115,2.109999895095825,2.0889999866485596,2.109999895095825,11844,0.0,0.0
2024-09-20 13:25:00-04:00,2.1012001037597656,2.1050000190734863,2.0999999046325684,2.0999999046325684,2543,0.0,0.0
2024-09-20 13:30:00-04:00,2.0950000286102295,2.0950000286102295,2.0899999141693115,2.0899999141693115,1822,0.0,0.0
2024-09-20 13:45:00-04:00,2.0899999141693115,2.0899999141693115,2.0899999141693115,2.0899999141693115,479,0.0,0.0
2024-09-20 13:50:00-04:00,2.0992000102996826,2.1050000190734863,2.0992000102996826,2.1050000190734863,1615,0.0,0.0
2024-09-20 13:55:00-04:00,2.100399971008301,2.109999895095825,2.0999999046325684,2.100100040435791,6098,0.0,0.0
2024-09-20 14:00:00-04:00,2.1050000190734863,2.1050000190734863,2.1050000190734863,2.1050000190734863,201,0.0,0.0
2024-09-20 14:05:00-04:00,2.0999999046325684,2.1050000190734863,2.0999999046325684,2.1050000190734863,2231,0.0,0.0
2024-09-20 14:10:00-04:00,2.1050000190734863,2.1050000190734863,2.1050000190734863,2.1050000190734863,532,0.0,0.0
2024-09-20 14:15:00-04:00,2.1061999797821045,2.1061999797821045,2.1061999797821045,2.1061999797821045,1669,0.0,0.0
2024-09-20 14:20:00-04:00,2.1112000942230225,2.1112000942230225,2.1112000942230225,2.1112000942230225,1670,0.0,0.0
2024-09-20 14:25:00-04:00,2.109999895095825,2.109999895095825,2.0980000495910645,2.0980000495910645,1862,0.0,0.0
2024-09-20 14:35:00-04:00,2.0950000286102295,2.0950000286102295,2.0950000286102295,2.0950000286102295,303,0.0,0.0
2024-09-20 14:40:00-04:00,2.0899999141693115,2.0950000286102295,2.0899999141693115,2.0950000286102295,3215,0.0,0.0
2024-09-20 14:50:00-04:00,2.0957000255584717,2.0957000255584717,2.091599941253662,2.0950000286102295,5159,0.0,0.0
2024-09-20 14:55:00-04:00,2.0999999046325684,2.0999999046325684,2.0999999046325684,2.0999999046325684,631,0.0,0.0
2024-09-20 15:00:00-04:00,2.0999999046325684,2.0999999046325684,2.0999999046325684,2.0999999046325684,114,0.0,0.0
2024-09-20 15:05:00-04:00,2.0999999046325684,2.1050000190734863,2.0999999046325684,2.1050000190734863,3148,0.0,0.0
2024-09-20 15:10:00-04:00,2.109999895095825,2.115000009536743,2.109999895095825,2.115000009536743,1591,0.0,0.0
2024-09-20 15:15:00-04:00,2.115000009536743,2.1198999881744385,2.115000009536743,2.1198999881744385,3087,0.0,0.0
2024-09-20 15:20:00-04:00,2.119999885559082,2.129199981689453,2.115000009536743,2.115000009536743,7171,0.0,0.0
2024-09-20 15:25:00-04:00,2.115000009536743,2.1198999881744385,2.115000009536743,2.115000009536743,0,0.0,0.0
2024-09-20 15:30:00-04:00,2.1198999881744385,2.1198999881744385,2.109999895095825,2.115000009536743,3042,0.0,0.0
2024-09-20 15:35:00-04:00,2.109999895095825,2.109999895095825,2.109999895095825,2.109999895095825,5174,0.0,0.0
2024-09-20 15:40:00-04:00,2.1050000190734863,2.1050000190734863,2.0999999046325684,2.0999999046325684,4288,0.0,0.0
2024-09-20 15:45:00-04:00,2.109999895095825,2.125,2.109999895095825,2.125,4743,0.0,0.0
2024-09-20 15:50:00-04:00,2.125,2.125,2.119999885559082,2.119999885559082,7334,0.0,0.0
2024-09-20 15:55:00-04:00,2.119999885559082,2.119999885559082,2.0299999713897705,2.0399999618530273,80411,0.0,0.0
