Datetime,Open,High,Low,Close,Volume,Dividends,Stock Splits
2024-08-22 09:30:00-04:00,254.47000122070312,255.9949951171875,250.72250366210938,251.9499969482422,102970,0.0,0.0
2024-08-22 09:35:00-04:00,251.7050018310547,255.25,251.27999877929688,253.1475067138672,61588,0.0,0.0
2024-08-22 09:40:00-04:00,253.71499633789062,256.885009765625,253.0,256.55499267578125,32355,0.0,0.0
2024-08-22 09:45:00-04:00,257.32000732421875,258.1499938964844,255.99000549316406,257.1300048828125,38232,0.0,0.0
2024-08-22 09:50:00-04:00,257.1099853515625,257.5835876464844,256.6099853515625,256.989990234375,15183,0.0,0.0
2024-08-22 09:55:00-04:00,257.20001220703125,258.7900085449219,257.20001220703125,257.6499938964844,27621,0.0,0.0
2024-08-22 10:00:00-04:00,258.0,258.0,257.0,257.0,16963,0.0,0.0
2024-08-22 10:05:00-04:00,257.0400085449219,257.2850036621094,255.8000030517578,256.0,21025,0.0,0.0
2024-08-22 10:10:00-04:00,255.91000366210938,256.30999755859375,255.6199951171875,255.7899932861328,22501,0.0,0.0
2024-08-22 10:15:00-04:00,255.5,255.5,254.38999938964844,255.25999450683594,15286,0.0,0.0
2024-08-22 10:20:00-04:00,255.0,255.27999877929688,254.51499938964844,255.0,12927,0.0,0.0
2024-08-22 10:25:00-04:00,254.960693359375,255.91000366210938,254.9499969482422,255.11000061035156,13482,0.0,0.0
2024-08-22 10:30:00-04:00,255.2949981689453,255.2949981689453,254.22000122070312,254.73500061035156,21233,0.0,0.0
2024-08-22 10:35:00-04:00,255.05999755859375,255.82130432128906,254.96499633789062,255.82130432128906,13247,0.0,0.0
2024-08-22 10:40:00-04:00,255.5800018310547,255.5800018310547,254.8800048828125,255.02499389648438,13680,0.0,0.0
2024-08-22 10:45:00-04:00,254.82000732421875,255.07000732421875,254.1699981689453,255.00999450683594,35035,0.0,0.0
2024-08-22 10:50:00-04:00,254.99989318847656,255.39999389648438,254.99989318847656,255.3892059326172,3774,0.0,0.0
2024-08-22 10:55:00-04:00,255.75,256.9981994628906,255.68499755859375,256.239990234375,11495,0.0,0.0
2024-08-22 11:00:00-04:00,256.2190856933594,256.239990234375,256.0799865722656,256.1499938964844,4853,0.0,0.0
2024-08-22 11:05:00-04:00,256.1449890136719,256.9100036621094,255.42010498046875,255.71499633789062,13608,0.0,0.0
2024-08-22 11:10:00-04:00,255.4199981689453,255.61000061035156,255.2899932861328,255.2899932861328,3597,0.0,0.0
2024-08-22 11:15:00-04:00,255.24000549316406,255.48500061035156,255.1199951171875,255.1199951171875,4307,0.0,0.0
2024-08-22 11:20:00-04:00,254.47999572753906,254.61000061035156,254.05889892578125,254.52000427246094,9296,0.0,0.0
2024-08-22 11:25:00-04:00,254.6699981689453,255.0800018310547,254.6699981689453,254.72000122070312,3193,0.0,0.0
2024-08-22 11:30:00-04:00,254.6999969482422,254.7100067138672,253.55999755859375,253.5749969482422,7676,0.0,0.0
2024-08-22 11:35:00-04:00,253.7899932861328,253.94000244140625,252.44000244140625,252.64999389648438,19440,0.0,0.0
2024-08-22 11:40:00-04:00,252.63999938964844,252.8000030517578,252.01060485839844,252.15499877929688,15237,0.0,0.0
2024-08-22 11:45:00-04:00,252.0,252.15499877929688,251.09849548339844,251.27999877929688,17738,0.0,0.0
2024-08-22 11:50:00-04:00,251.08999633789062,251.08999633789062,250.60000610351562,250.83999633789062,12982,0.0,0.0
2024-08-22 11:55:00-04:00,250.83999633789062,251.61500549316406,250.83999633789062,251.02000427246094,11714,0.0,0.0
2024-08-22 12:00:00-04:00,251.0050048828125,251.22000122070312,250.50999450683594,250.8300018310547,17915,0.0,0.0
2024-08-22 12:05:00-04:00,250.58999633789062,250.66000366210938,250.1699981689453,250.66000366210938,7364,0.0,0.0
2024-08-22 12:10:00-04:00,250.9499969482422,251.01730346679688,249.6699981689453,249.78500366210938,17965,0.0,0.0
2024-08-22 12:15:00-04:00,249.63999938964844,249.9499969482422,249.451904296875,249.6750030517578,11047,0.0,0.0
2024-08-22 12:20:00-04:00,249.67999267578125,250.9799041748047,249.67999267578125,250.68499755859375,12284,0.0,0.0
2024-08-22 12:25:00-04:00,250.68499755859375,251.0,250.44500732421875,250.86500549316406,8934,0.0,0.0
2024-08-22 12:30:00-04:00,251.0050048828125,251.1199951171875,250.38999938964844,250.4949951171875,13433,0.0,0.0
2024-08-22 12:35:00-04:00,250.5050048828125,251.2100067138672,250.4600067138672,251.15499877929688,11547,0.0,0.0
2024-08-22 12:40:00-04:00,251.3300018310547,251.72500610351562,251.31500244140625,251.61500549316406,4526,0.0,0.0
2024-08-22 12:45:00-04:00,251.8249969482422,251.8249969482422,251.00100708007812,251.19500732421875,25875,0.0,0.0
2024-08-22 12:50:00-04:00,251.08999633789062,251.49000549316406,250.89999389648438,251.23500061035156,18659,0.0,0.0
2024-08-22 12:55:00-04:00,251.02999877929688,251.02999877929688,250.27999877929688,250.7050018310547,10800,0.0,0.0
2024-08-22 13:00:00-04:00,250.69000244140625,250.9199981689453,249.69000244140625,250.19000244140625,15863,0.0,0.0
2024-08-22 13:05:00-04:00,250.5500030517578,251.0500030517578,250.5500030517578,250.8800048828125,3244,0.0,0.0
2024-08-22 13:10:00-04:00,250.92999267578125,251.25,250.92999267578125,250.9499969482422,10621,0.0,0.0
2024-08-22 13:15:00-04:00,250.74000549316406,251.61000061035156,250.74000549316406,251.3000030517578,7178,0.0,0.0
2024-08-22 13:20:00-04:00,251.2949981689453,251.2949981689453,250.5,250.9600067138672,6426,0.0,0.0
2024-08-22 13:25:00-04:00,250.88499450683594,251.2899932861328,250.75,250.83999633789062,5612,0.0,0.0
2024-08-22 13:30:00-04:00,250.94500732421875,250.94500732421875,249.8800048828125,250.25,8203,0.0,0.0
2024-08-22 13:35:00-04:00,250.3699951171875,250.5399932861328,250.27499389648438,250.47000122070312,6028,0.0,0.0
2024-08-22 13:40:00-04:00,250.5500030517578,250.5500030517578,250.16000366210938,250.32000732421875,6933,0.0,0.0
2024-08-22 13:45:00-04:00,250.30499267578125,250.42759704589844,249.75,249.78500366210938,8224,0.0,0.0
2024-08-22 13:50:00-04:00,249.63999938964844,249.91000366210938,249.10000610351562,249.10440063476562,13271,0.0,0.0
2024-08-22 13:55:00-04:00,249.24000549316406,249.24000549316406,248.27000427246094,248.4499969482422,11634,0.0,0.0
2024-08-22 14:00:00-04:00,248.4550018310547,248.67999267578125,248.4499969482422,248.47999572753906,9632,0.0,0.0
2024-08-22 14:05:00-04:00,248.33999633789062,248.9600067138672,248.25999450683594,248.92999267578125,15352,0.0,0.0
2024-08-22 14:10:00-04:00,248.72999572753906,248.94000244140625,248.42010498046875,248.74000549316406,15463,0.0,0.0
2024-08-22 14:15:00-04:00,248.64999389648438,249.24000549316406,248.64999389648438,249.24000549316406,14784,0.0,0.0
2024-08-22 14:20:00-04:00,249.24169921875,249.24169921875,248.4499969482422,248.47500610351562,10996,0.0,0.0
2024-08-22 14:25:00-04:00,248.3699951171875,249.0500030517578,248.3699951171875,249.0500030517578,12954,0.0,0.0
2024-08-22 14:30:00-04:00,248.92999267578125,249.0,248.69000244140625,248.69000244140625,2950,0.0,0.0
2024-08-22 14:35:00-04:00,248.6300048828125,248.69000244140625,248.25,248.25,5620,0.0,0.0
2024-08-22 14:40:00-04:00,248.00010681152344,248.49000549316406,247.82000732421875,248.38999938964844,14676,0.0,0.0
2024-08-22 14:45:00-04:00,248.41000366210938,249.07000732421875,248.41000366210938,248.83999633789062,8464,0.0,0.0
2024-08-22 14:50:00-04:00,248.58999633789062,248.58999633789062,248.1699981689453,248.1699981689453,3577,0.0,0.0
2024-08-22 14:55:00-04:00,248.0500030517578,248.2050018310547,247.4600067138672,247.4600067138672,7681,0.0,0.0
2024-08-22 15:00:00-04:00,247.3800048828125,248.08999633789062,247.3000030517578,247.9199981689453,13022,0.0,0.0
2024-08-22 15:05:00-04:00,247.9250030517578,247.9250030517578,247.47000122070312,247.9071044921875,6940,0.0,0.0
2024-08-22 15:10:00-04:00,247.69000244140625,247.8699951171875,247.67999267578125,247.7100067138672,6519,0.0,0.0
2024-08-22 15:15:00-04:00,247.73500061035156,248.1699981689453,247.73500061035156,247.8350067138672,18279,0.0,0.0
2024-08-22 15:20:00-04:00,247.75999450683594,247.77000427246094,247.11000061035156,247.11000061035156,6896,0.0,0.0
2024-08-22 15:25:00-04:00,247.0850067138672,247.44000244140625,246.80999755859375,247.0850067138672,14051,0.0,0.0
2024-08-22 15:30:00-04:00,247.1300048828125,247.2899932861328,246.65499877929688,246.7050018310547,7848,0.0,0.0
2024-08-22 15:35:00-04:00,246.57000732421875,247.52999877929688,246.3800048828125,247.42999267578125,17611,0.0,0.0
2024-08-22 15:40:00-04:00,247.42999267578125,247.9781036376953,247.3699951171875,247.48500061035156,22313,0.0,0.0
2024-08-22 15:45:00-04:00,247.4949951171875,247.7100067138672,247.0800018310547,247.49000549316406,28698,0.0,0.0
2024-08-22 15:50:00-04:00,247.60000610351562,247.8000030517578,246.00999450683594,246.05499267578125,57516,0.0,0.0
2024-08-22 15:55:00-04:00,246.2050018310547,246.7899932861328,246.0500946044922,246.63999938964844,88326,0.0,0.0
2024-08-23 09:30:00-04:00,250.24000549316406,250.5,248.25999450683594,249.24000549316406,16074,0.0,0.0
2024-08-23 09:35:00-04:00,248.88499450683594,250.01890563964844,248.88499450683594,250.0,8240,0.0,0.0
2024-08-23 09:40:00-04:00,249.32000732421875,249.61000061035156,248.97000122070312,248.97000122070312,4915,0.0,0.0
2024-08-23 09:45:00-04:00,248.86000061035156,249.69000244140625,248.5,249.3300018310547,9479,0.0,0.0
2024-08-23 09:50:00-04:00,249.3699951171875,250.64999389648438,249.32000732421875,250.64999389648438,5055,0.0,0.0
2024-08-23 09:55:00-04:00,250.47999572753906,251.0050048828125,249.72000122070312,249.9250030517578,13160,0.0,0.0
2024-08-23 10:00:00-04:00,250.42999267578125,252.6199951171875,250.1699981689453,251.25999450683594,19903,0.0,0.0
2024-08-23 10:05:00-04:00,251.35499572753906,251.35499572753906,249.22000122070312,250.96499633789062,10893,0.0,0.0
2024-08-23 10:10:00-04:00,250.9304962158203,251.75,250.92999267578125,250.99000549316406,10631,0.0,0.0
2024-08-23 10:15:00-04:00,251.14999389648438,251.50999450683594,249.92999267578125,249.92999267578125,5870,0.0,0.0
2024-08-23 10:20:00-04:00,250.3000030517578,251.94500732421875,250.3000030517578,251.94500732421875,10183,0.0,0.0
2024-08-23 10:25:00-04:00,251.5399932861328,251.8350067138672,250.86500549316406,251.55999755859375,5888,0.0,0.0
2024-08-23 10:30:00-04:00,251.49000549316406,251.77000427246094,250.57000732421875,251.05999755859375,8329,0.0,0.0
2024-08-23 10:35:00-04:00,250.64999389648438,250.86000061035156,250.4499969482422,250.8000030517578,13312,0.0,0.0
2024-08-23 10:40:00-04:00,250.71319580078125,250.77000427246094,250.35000610351562,250.5399932861328,8386,0.0,0.0
2024-08-23 10:45:00-04:00,250.60499572753906,250.60499572753906,248.0800018310547,248.22000122070312,21196,0.0,0.0
2024-08-23 10:50:00-04:00,248.47000122070312,248.55499267578125,247.10000610351562,248.55499267578125,12802,0.0,0.0
2024-08-23 10:55:00-04:00,248.4949951171875,249.60000610351562,248.4949951171875,249.60000610351562,3925,0.0,0.0
2024-08-23 11:00:00-04:00,249.4499969482422,250.0,249.38999938964844,249.6584014892578,4868,0.0,0.0
2024-08-23 11:05:00-04:00,250.1999969482422,250.5,250.0449981689453,250.38999938964844,5280,0.0,0.0
2024-08-23 11:10:00-04:00,250.38999938964844,250.72999572753906,249.41000366210938,250.6999969482422,9321,0.0,0.0
2024-08-23 11:15:00-04:00,250.97999572753906,251.09500122070312,250.6199951171875,251.09500122070312,4317,0.0,0.0
2024-08-23 11:20:00-04:00,251.0500030517578,251.08999633789062,250.49000549316406,250.49000549316406,9427,0.0,0.0
2024-08-23 11:25:00-04:00,250.63999938964844,251.19500732421875,250.47000122070312,250.76499938964844,5141,0.0,0.0
2024-08-23 11:30:00-04:00,250.6699981689453,251.02000427246094,250.4936065673828,250.77000427246094,7937,0.0,0.0
2024-08-23 11:35:00-04:00,251.02000427246094,251.38540649414062,250.9499969482422,251.1999969482422,6338,0.0,0.0
2024-08-23 11:40:00-04:00,251.14999389648438,251.66000366210938,250.2100067138672,250.25,6535,0.0,0.0
2024-08-23 11:45:00-04:00,250.32000732421875,250.4499969482422,249.69000244140625,250.4499969482422,6116,0.0,0.0
2024-08-23 11:50:00-04:00,250.375,250.375,249.82000732421875,249.86000061035156,2933,0.0,0.0
2024-08-23 11:55:00-04:00,249.77999877929688,250.5,249.77999877929688,250.02999877929688,5428,0.0,0.0
2024-08-23 12:00:00-04:00,249.6999969482422,250.1300048828125,249.3699951171875,250.1300048828125,6906,0.0,0.0
2024-08-23 12:05:00-04:00,249.52999877929688,250.0399932861328,249.52999877929688,249.8699951171875,1981,0.0,0.0
2024-08-23 12:10:00-04:00,249.61000061035156,250.0399932861328,249.47000122070312,249.47000122070312,3412,0.0,0.0
2024-08-23 12:15:00-04:00,249.4199981689453,249.61500549316406,248.94000244140625,249.21389770507812,11948,0.0,0.0
2024-08-23 12:20:00-04:00,249.1199951171875,249.47999572753906,249.02999877929688,249.02999877929688,2429,0.0,0.0
2024-08-23 12:25:00-04:00,248.97999572753906,249.05999755859375,247.0500030517578,248.2899932861328,53282,0.0,0.0
2024-08-23 12:30:00-04:00,248.2899932861328,248.8800048828125,248.2899932861328,248.37010192871094,4738,0.0,0.0
2024-08-23 12:35:00-04:00,248.52000427246094,249.0800018310547,248.1199951171875,248.1199951171875,12969,0.0,0.0
2024-08-23 12:40:00-04:00,247.91000366210938,248.28379821777344,246.77999877929688,246.7899932861328,7258,0.0,0.0
2024-08-23 12:45:00-04:00,247.05999755859375,247.05999755859375,246.25999450683594,246.52499389648438,8826,0.0,0.0
2024-08-23 12:50:00-04:00,246.5,247.17999267578125,246.25999450683594,247.00999450683594,9616,0.0,0.0
2024-08-23 12:55:00-04:00,247.0,247.42999267578125,246.77999877929688,246.77999877929688,8372,0.0,0.0
2024-08-23 13:00:00-04:00,246.80999755859375,247.4678955078125,246.64999389648438,247.27999877929688,12782,0.0,0.0
2024-08-23 13:05:00-04:00,247.14999389648438,247.60000610351562,247.14999389648438,247.51499938964844,17251,0.0,0.0
2024-08-23 13:10:00-04:00,247.51499938964844,247.51499938964844,246.92999267578125,247.0800018310547,6006,0.0,0.0
2024-08-23 13:15:00-04:00,247.19500732421875,247.6999053955078,247.08999633789062,247.43499755859375,15410,0.0,0.0
2024-08-23 13:20:00-04:00,247.44000244140625,247.44000244140625,246.94000244140625,246.99000549316406,5125,0.0,0.0
2024-08-23 13:25:00-04:00,247.02999877929688,247.55999755859375,247.02999877929688,247.47999572753906,15508,0.0,0.0
2024-08-23 13:30:00-04:00,247.52000427246094,247.61000061035156,247.1300048828125,247.30999755859375,4587,0.0,0.0
2024-08-23 13:35:00-04:00,247.42999267578125,247.58999633789062,247.11000061035156,247.4250030517578,13578,0.0,0.0
2024-08-23 13:40:00-04:00,247.4250030517578,247.83999633789062,247.4250030517578,247.66000366210938,11762,0.0,0.0
2024-08-23 13:45:00-04:00,247.64500427246094,247.6999969482422,247.4600067138672,247.4600067138672,5489,0.0,0.0
2024-08-23 13:50:00-04:00,247.5850067138672,247.5850067138672,246.8000030517578,246.9600067138672,9345,0.0,0.0
2024-08-23 13:55:00-04:00,246.97000122070312,247.10000610351562,246.2100067138672,246.82000732421875,9068,0.0,0.0
2024-08-23 14:00:00-04:00,246.88999938964844,247.08999633789062,246.6999969482422,246.80999755859375,6036,0.0,0.0
2024-08-23 14:05:00-04:00,246.80999755859375,247.0800018310547,246.80999755859375,247.0,10125,0.0,0.0
2024-08-23 14:10:00-04:00,247.0399932861328,247.17999267578125,246.9499969482422,246.9949951171875,11121,0.0,0.0
2024-08-23 14:15:00-04:00,246.99000549316406,247.0500030517578,246.8000030517578,247.0500030517578,3861,0.0,0.0
2024-08-23 14:20:00-04:00,247.0500030517578,247.0500030517578,246.49000549316406,246.8699951171875,10534,0.0,0.0
2024-08-23 14:25:00-04:00,246.8800048828125,247.02000427246094,246.8000030517578,246.8000030517578,3779,0.0,0.0
2024-08-23 14:30:00-04:00,246.8000030517578,246.8000030517578,246.25999450683594,246.3000030517578,8030,0.0,0.0
2024-08-23 14:35:00-04:00,246.2899932861328,246.58999633789062,246.2899932861328,246.57000732421875,3862,0.0,0.0
2024-08-23 14:40:00-04:00,246.889892578125,247.08990478515625,246.8699951171875,246.9499969482422,5024,0.0,0.0
2024-08-23 14:45:00-04:00,246.94000244140625,247.0449981689453,246.8000030517578,246.93499755859375,4831,0.0,0.0
2024-08-23 14:50:00-04:00,247.07000732421875,247.09530639648438,246.89999389648438,247.0050048828125,4216,0.0,0.0
2024-08-23 14:55:00-04:00,247.0050048828125,247.30499267578125,246.91000366210938,247.30499267578125,40639,0.0,0.0
2024-08-23 15:00:00-04:00,247.40499877929688,247.50999450683594,246.86000061035156,247.43499755859375,14538,0.0,0.0
2024-08-23 15:05:00-04:00,247.52999877929688,248.06570434570312,247.47000122070312,247.9600067138672,10445,0.0,0.0
2024-08-23 15:10:00-04:00,248.14999389648438,248.5,247.80999755859375,248.41000366210938,31472,0.0,0.0
2024-08-23 15:15:00-04:00,248.41879272460938,248.8000030517578,248.3300018310547,248.625,10725,0.0,0.0
2024-08-23 15:20:00-04:00,248.5937957763672,249.07000732421875,248.52000427246094,248.9199981689453,9415,0.0,0.0
2024-08-23 15:25:00-04:00,249.0,249.32000732421875,248.86000061035156,249.1649932861328,9174,0.0,0.0
2024-08-23 15:30:00-04:00,249.10809326171875,249.1199951171875,248.25,248.3000030517578,17606,0.0,0.0
2024-08-23 15:35:00-04:00,248.14999389648438,248.14999389648438,247.78500366210938,247.78500366210938,7247,0.0,0.0
2024-08-23 15:40:00-04:00,247.82000732421875,247.82000732421875,246.98500061035156,247.09500122070312,15889,0.0,0.0
2024-08-23 15:45:00-04:00,247.07000732421875,247.4600067138672,246.83999633789062,247.36000061035156,21398,0.0,0.0
2024-08-23 15:50:00-04:00,247.49000549316406,248.00999450683594,246.9499969482422,247.9600067138672,56274,0.0,0.0
2024-08-23 15:55:00-04:00,248.0399932861328,248.08999633789062,247.2899932861328,247.61000061035156,78315,0.0,0.0
2024-08-26 09:30:00-04:00,247.61000061035156,249.0,246.5500030517578,248.94000244140625,29895,0.0,0.0
2024-08-26 09:35:00-04:00,249.0,251.00059509277344,248.94000244140625,250.7100067138672,9696,0.0,0.0
2024-08-26 09:40:00-04:00,250.36000061035156,251.3699951171875,249.4499969482422,250.05499267578125,12131,0.0,0.0
2024-08-26 09:45:00-04:00,250.16000366210938,250.389892578125,249.25999450683594,249.80999755859375,16589,0.0,0.0
2024-08-26 09:50:00-04:00,249.55499267578125,250.6300048828125,249.25999450683594,249.69500732421875,11755,0.0,0.0
2024-08-26 09:55:00-04:00,249.6699981689453,250.22999572753906,249.6699981689453,249.8000030517578,5470,0.0,0.0
2024-08-26 10:00:00-04:00,250.08999633789062,250.4499969482422,249.8350067138672,250.31500244140625,22997,0.0,0.0
2024-08-26 10:05:00-04:00,250.4499969482422,250.6649932861328,250.0399932861328,250.22000122070312,38587,0.0,0.0
2024-08-26 10:10:00-04:00,249.69000244140625,249.97999572753906,249.41000366210938,249.52999877929688,11993,0.0,0.0
2024-08-26 10:15:00-04:00,249.27999877929688,249.2899932861328,248.11000061035156,248.11000061035156,8496,0.0,0.0
2024-08-26 10:20:00-04:00,248.32000732421875,248.99000549316406,248.32000732421875,248.6999969482422,11309,0.0,0.0
2024-08-26 10:25:00-04:00,248.60499572753906,248.9698944091797,247.80999755859375,248.27000427246094,9216,0.0,0.0
2024-08-26 10:30:00-04:00,248.27499389648438,248.2899932861328,247.1999969482422,247.1999969482422,8864,0.0,0.0
2024-08-26 10:35:00-04:00,247.30999755859375,247.98989868164062,247.02000427246094,247.02000427246094,8899,0.0,0.0
2024-08-26 10:40:00-04:00,247.52999877929688,247.7899932861328,247.1649932861328,247.30499267578125,7933,0.0,0.0
2024-08-26 10:45:00-04:00,247.4600067138672,248.3800048828125,247.4600067138672,248.3800048828125,22577,0.0,0.0
2024-08-26 10:50:00-04:00,248.4250030517578,248.9499969482422,248.17999267578125,248.9499969482422,8645,0.0,0.0
2024-08-26 10:55:00-04:00,248.83999633789062,249.375,248.60000610351562,249.28500366210938,10351,0.0,0.0
2024-08-26 11:00:00-04:00,249.0800018310547,250.0,249.02499389648438,250.0,11367,0.0,0.0
2024-08-26 11:05:00-04:00,249.7899932861328,249.7949981689453,249.1300048828125,249.42999267578125,6193,0.0,0.0
2024-08-26 11:10:00-04:00,249.92999267578125,250.46499633789062,249.61500549316406,250.40499877929688,35366,0.0,0.0
2024-08-26 11:15:00-04:00,250.17999267578125,250.30999755859375,250.0050048828125,250.13999938964844,18941,0.0,0.0
2024-08-26 11:20:00-04:00,250.10000610351562,250.3300018310547,249.8350067138672,250.23500061035156,23846,0.0,0.0
2024-08-26 11:25:00-04:00,250.24000549316406,250.47000122070312,250.02999877929688,250.0800018310547,4302,0.0,0.0
2024-08-26 11:30:00-04:00,249.83999633789062,250.4600067138672,249.83999633789062,250.36000061035156,9181,0.0,0.0
2024-08-26 11:35:00-04:00,250.40499877929688,250.40499877929688,249.52999877929688,249.84500122070312,12091,0.0,0.0
2024-08-26 11:40:00-04:00,249.85499572753906,249.92999267578125,249.3300018310547,249.3300018310547,12401,0.0,0.0
2024-08-26 11:45:00-04:00,249.22999572753906,249.36000061035156,248.97999572753906,249.36000061035156,10634,0.0,0.0
2024-08-26 11:50:00-04:00,249.125,249.18499755859375,249.125,249.18499755859375,1948,0.0,0.0
2024-08-26 11:55:00-04:00,249.11500549316406,249.30999755859375,249.11500549316406,249.1300048828125,3503,0.0,0.0
2024-08-26 12:00:00-04:00,249.13499450683594,249.3800048828125,248.97999572753906,248.97999572753906,2201,0.0,0.0
2024-08-26 12:05:00-04:00,249.0,249.17999267578125,248.75999450683594,248.85000610351562,5836,0.0,0.0
2024-08-26 12:10:00-04:00,249.07000732421875,249.55999755859375,248.94500732421875,249.55999755859375,216321,0.0,0.0
2024-08-26 12:15:00-04:00,249.77000427246094,250.05999755859375,249.75,249.85000610351562,12052,0.0,0.0
2024-08-26 12:20:00-04:00,249.97999572753906,250.625,249.97500610351562,250.58999633789062,9025,0.0,0.0
2024-08-26 12:25:00-04:00,250.67999267578125,250.67999267578125,250.3000030517578,250.4499969482422,9529,0.0,0.0
2024-08-26 12:30:00-04:00,250.57000732421875,250.57000732421875,250.1699981689453,250.18499755859375,7062,0.0,0.0
2024-08-26 12:35:00-04:00,250.17999267578125,250.6699981689453,250.17999267578125,250.4199981689453,7635,0.0,0.0
2024-08-26 12:40:00-04:00,250.60000610351562,250.6999969482422,250.3300018310547,250.5449981689453,10919,0.0,0.0
2024-08-26 12:45:00-04:00,250.55499267578125,250.55999755859375,250.3699951171875,250.48500061035156,3526,0.0,0.0
2024-08-26 12:50:00-04:00,250.41000366210938,250.57000732421875,249.6999969482422,249.75999450683594,15691,0.0,0.0
2024-08-26 12:55:00-04:00,249.6875,250.00999450683594,249.60009765625,249.97000122070312,14379,0.0,0.0
2024-08-26 13:00:00-04:00,249.8300018310547,249.99000549316406,249.6699981689453,249.85499572753906,7087,0.0,0.0
2024-08-26 13:05:00-04:00,250.0,250.0,249.31500244140625,249.32000732421875,41524,0.0,0.0
2024-08-26 13:10:00-04:00,249.2100067138672,249.85000610351562,249.1300048828125,249.71839904785156,33924,0.0,0.0
2024-08-26 13:15:00-04:00,249.75,249.75,249.32000732421875,249.32000732421875,2993,0.0,0.0
2024-08-26 13:20:00-04:00,249.0399932861328,249.11000061035156,249.0399932861328,249.11000061035156,1513,0.0,0.0
2024-08-26 13:25:00-04:00,249.09500122070312,249.2100067138672,248.6699981689453,249.2100067138672,6754,0.0,0.0
2024-08-26 13:30:00-04:00,249.02999877929688,249.02999877929688,248.82000732421875,248.82000732421875,2458,0.0,0.0
2024-08-26 13:35:00-04:00,248.66000366210938,248.75,247.88999938964844,247.88999938964844,6728,0.0,0.0
2024-08-26 13:40:00-04:00,248.18499755859375,248.18499755859375,248.18499755859375,248.18499755859375,447,0.0,0.0
2024-08-26 13:45:00-04:00,248.00999450683594,248.0749969482422,247.9199981689453,248.05999755859375,4363,0.0,0.0
2024-08-26 13:50:00-04:00,248.0399932861328,248.19500732421875,247.76499938964844,247.76499938964844,5504,0.0,0.0
2024-08-26 13:55:00-04:00,247.8350067138672,247.89999389648438,247.75,247.89999389648438,3544,0.0,0.0
2024-08-26 14:00:00-04:00,247.86500549316406,247.875,247.42999267578125,247.5,14536,0.0,0.0
2024-08-26 14:05:00-04:00,247.55499267578125,247.55499267578125,247.5500030517578,247.5500030517578,19593,0.0,0.0
2024-08-26 14:10:00-04:00,247.2050018310547,247.67999267578125,247.05999755859375,247.44000244140625,6676,0.0,0.0
2024-08-26 14:15:00-04:00,247.4600067138672,247.4600067138672,247.0,247.0,5857,0.0,0.0
2024-08-26 14:20:00-04:00,247.27000427246094,247.72500610351562,247.19500732421875,247.72500610351562,15380,0.0,0.0
2024-08-26 14:25:00-04:00,247.77499389648438,248.22000122070312,247.77499389648438,248.22000122070312,8117,0.0,0.0
2024-08-26 14:30:00-04:00,248.36000061035156,248.61000061035156,248.2100067138672,248.52499389648438,10033,0.0,0.0
2024-08-26 14:35:00-04:00,248.63999938964844,249.52999877929688,248.52000427246094,249.52999877929688,17539,0.0,0.0
2024-08-26 14:40:00-04:00,249.3249969482422,249.60000610351562,249.2100067138672,249.60000610351562,3437,0.0,0.0
2024-08-26 14:45:00-04:00,249.64500427246094,249.65499877929688,249.3000030517578,249.55499267578125,6504,0.0,0.0
2024-08-26 14:50:00-04:00,249.625,249.625,249.25,249.3300018310547,4818,0.0,0.0
2024-08-26 14:55:00-04:00,249.4949951171875,249.4949951171875,249.14999389648438,249.25,9186,0.0,0.0
2024-08-26 15:00:00-04:00,249.13999938964844,249.18499755859375,248.92999267578125,249.13499450683594,8355,0.0,0.0
2024-08-26 15:05:00-04:00,249.1300048828125,249.16000366210938,248.7899932861328,248.8249969482422,9281,0.0,0.0
2024-08-26 15:10:00-04:00,248.91000366210938,248.91000366210938,248.89500427246094,248.89999389648438,2437,0.0,0.0
2024-08-26 15:15:00-04:00,248.91000366210938,248.91000366210938,248.53970336914062,248.6300048828125,7591,0.0,0.0
2024-08-26 15:20:00-04:00,248.60960388183594,248.6999969482422,248.3000030517578,248.3000030517578,13516,0.0,0.0
2024-08-26 15:25:00-04:00,248.17999267578125,248.42999267578125,247.6199951171875,247.6199951171875,52506,0.0,0.0
2024-08-26 15:30:00-04:00,247.5,247.75999450683594,247.3699951171875,247.75999450683594,6569,0.0,0.0
2024-08-26 15:35:00-04:00,247.32000732421875,247.3300018310547,246.8300018310547,246.86000061035156,12176,0.0,0.0
2024-08-26 15:40:00-04:00,246.89999389648438,246.89999389648438,246.6300048828125,246.8000030517578,9434,0.0,0.0
2024-08-26 15:45:00-04:00,247.00999450683594,247.18499755859375,246.5800018310547,246.5800018310547,24291,0.0,0.0
2024-08-26 15:50:00-04:00,246.74000549316406,247.13999938964844,246.55999755859375,246.625,34157,0.0,0.0
2024-08-26 15:55:00-04:00,246.42999267578125,246.91000366210938,245.9199981689453,245.97999572753906,116838,0.0,0.0
2024-08-27 09:30:00-04:00,243.3699951171875,244.3249969482422,242.22000122070312,242.5,32845,0.0,0.0
2024-08-27 09:35:00-04:00,242.19000244140625,243.02000427246094,241.80999755859375,242.1300048828125,8125,0.0,0.0
2024-08-27 09:40:00-04:00,241.85000610351562,242.5,241.27999877929688,242.0,9568,0.0,0.0
2024-08-27 09:45:00-04:00,241.27999877929688,241.35000610351562,240.4600067138672,240.93499755859375,22637,0.0,0.0
2024-08-27 09:50:00-04:00,240.7949981689453,242.86000061035156,240.5,242.63999938964844,13545,0.0,0.0
2024-08-27 09:55:00-04:00,242.63999938964844,242.63999938964844,241.50999450683594,241.50999450683594,9373,0.0,0.0
2024-08-27 10:00:00-04:00,241.52000427246094,242.66000366210938,241.52000427246094,242.5,10823,0.0,0.0
2024-08-27 10:05:00-04:00,242.67999267578125,243.16000366210938,242.25,243.16000366210938,11185,0.0,0.0
2024-08-27 10:10:00-04:00,243.17999267578125,243.33999633789062,243.0800018310547,243.33999633789062,2622,0.0,0.0
2024-08-27 10:15:00-04:00,243.5399932861328,244.19000244140625,243.0500030517578,244.06500244140625,8577,0.0,0.0
2024-08-27 10:20:00-04:00,244.24000549316406,244.27999877929688,243.67999267578125,244.27999877929688,9464,0.0,0.0
2024-08-27 10:25:00-04:00,244.25,244.60499572753906,244.25,244.60499572753906,3002,0.0,0.0
2024-08-27 10:30:00-04:00,244.55999755859375,244.83079528808594,244.3000030517578,244.44000244140625,8912,0.0,0.0
2024-08-27 10:35:00-04:00,244.6699981689453,244.8699951171875,244.50999450683594,244.7100067138672,14669,0.0,0.0
2024-08-27 10:40:00-04:00,244.74000549316406,244.92999267578125,244.5399932861328,244.63999938964844,16330,0.0,0.0
2024-08-27 10:45:00-04:00,244.63999938964844,244.8300018310547,244.42999267578125,244.60000610351562,9314,0.0,0.0
2024-08-27 10:50:00-04:00,244.42999267578125,244.80999755859375,244.3300018310547,244.80999755859375,14395,0.0,0.0
2024-08-27 10:55:00-04:00,244.5800018310547,244.5800018310547,244.27499389648438,244.3800048828125,10692,0.0,0.0
2024-08-27 11:00:00-04:00,244.64999389648438,244.7050018310547,243.94000244140625,243.94000244140625,26476,0.0,0.0
2024-08-27 11:05:00-04:00,244.0,244.0,243.69000244140625,243.85000610351562,8784,0.0,0.0
2024-08-27 11:10:00-04:00,243.72999572753906,244.32000732421875,243.6999969482422,244.0399932861328,13047,0.0,0.0
2024-08-27 11:15:00-04:00,243.92999267578125,244.10000610351562,242.88009643554688,243.02000427246094,14533,0.0,0.0
2024-08-27 11:20:00-04:00,243.08999633789062,243.2100067138672,242.85000610351562,242.85000610351562,5711,0.0,0.0
2024-08-27 11:25:00-04:00,242.8699951171875,242.8699951171875,242.19000244140625,242.19000244140625,7737,0.0,0.0
2024-08-27 11:30:00-04:00,242.17999267578125,242.82989501953125,241.78500366210938,241.90499877929688,7757,0.0,0.0
2024-08-27 11:35:00-04:00,242.1199951171875,242.1199951171875,241.75,241.75,6289,0.0,0.0
2024-08-27 11:40:00-04:00,241.5500030517578,241.77999877929688,241.27999877929688,241.77999877929688,5317,0.0,0.0
2024-08-27 11:45:00-04:00,241.78500366210938,241.90499877929688,241.72000122070312,241.72000122070312,3116,0.0,0.0
2024-08-27 11:50:00-04:00,241.6999969482422,241.6999969482422,241.27000427246094,241.47000122070312,10662,0.0,0.0
2024-08-27 11:55:00-04:00,241.64500427246094,242.0,241.64500427246094,241.93499755859375,4178,0.0,0.0
2024-08-27 12:00:00-04:00,241.88499450683594,241.88499450683594,241.6199951171875,241.6199951171875,2556,0.0,0.0
2024-08-27 12:05:00-04:00,241.7550048828125,242.26499938964844,241.75,242.1125030517578,8804,0.0,0.0
2024-08-27 12:10:00-04:00,242.21499633789062,242.5500030517578,242.10000610351562,242.4600067138672,21758,0.0,0.0
2024-08-27 12:15:00-04:00,242.43099975585938,243.22999572753906,242.43099975585938,243.14999389648438,15961,0.0,0.0
2024-08-27 12:20:00-04:00,243.24000549316406,243.24000549316406,242.94000244140625,243.22999572753906,8629,0.0,0.0
2024-08-27 12:25:00-04:00,243.11000061035156,243.11000061035156,242.27999877929688,242.44500732421875,33447,0.0,0.0
2024-08-27 12:30:00-04:00,242.27999877929688,242.6199951171875,242.07000732421875,242.38999938964844,22290,0.0,0.0
2024-08-27 12:35:00-04:00,242.36000061035156,242.6300048828125,241.85000610351562,242.125,16522,0.0,0.0
2024-08-27 12:40:00-04:00,242.125,242.1699981689453,241.72000122070312,241.72000122070312,17985,0.0,0.0
2024-08-27 12:45:00-04:00,241.9199981689453,242.35000610351562,241.9199981689453,242.27999877929688,9924,0.0,0.0
2024-08-27 12:50:00-04:00,242.41000366210938,242.625,242.32000732421875,242.625,8864,0.0,0.0
2024-08-27 12:55:00-04:00,242.57000732421875,242.57000732421875,241.47999572753906,241.47999572753906,20755,0.0,0.0
2024-08-27 13:00:00-04:00,241.44000244140625,241.4600067138672,241.05999755859375,241.18499755859375,8768,0.0,0.0
2024-08-27 13:05:00-04:00,241.18499755859375,241.5800018310547,241.1649932861328,241.5800018310547,11176,0.0,0.0
2024-08-27 13:10:00-04:00,241.50999450683594,241.75999450683594,241.36500549316406,241.75,10338,0.0,0.0
2024-08-27 13:15:00-04:00,241.72999572753906,242.02000427246094,241.5,241.5,9368,0.0,0.0
2024-08-27 13:20:00-04:00,241.66000366210938,242.11000061035156,241.66000366210938,241.92999267578125,5167,0.0,0.0
2024-08-27 13:25:00-04:00,241.92999267578125,242.2899932861328,241.75,242.14500427246094,10690,0.0,0.0
2024-08-27 13:30:00-04:00,242.29930114746094,242.4799041748047,242.0850067138672,242.09500122070312,6419,0.0,0.0
2024-08-27 13:35:00-04:00,242.09500122070312,242.1999969482422,241.6999969482422,241.6999969482422,16704,0.0,0.0
2024-08-27 13:40:00-04:00,241.5800018310547,241.6699981689453,241.375,241.51499938964844,7357,0.0,0.0
2024-08-27 13:45:00-04:00,241.57000732421875,241.74000549316406,241.55999755859375,241.67999267578125,4486,0.0,0.0
2024-08-27 13:50:00-04:00,241.6750030517578,242.0500030517578,241.5749969482422,241.80999755859375,10575,0.0,0.0
2024-08-27 13:55:00-04:00,241.77999877929688,242.08999633789062,241.77000427246094,241.96499633789062,8744,0.0,0.0
2024-08-27 14:00:00-04:00,242.0800018310547,242.16000366210938,241.9550018310547,242.0,12738,0.0,0.0
2024-08-27 14:05:00-04:00,242.16000366210938,242.16000366210938,241.9199981689453,241.9199981689453,4796,0.0,0.0
2024-08-27 14:10:00-04:00,242.0800018310547,242.17999267578125,241.77000427246094,242.02999877929688,12965,0.0,0.0
2024-08-27 14:15:00-04:00,241.97999572753906,242.0800018310547,241.6999969482422,241.89500427246094,16016,0.0,0.0
2024-08-27 14:20:00-04:00,241.8699951171875,241.8699951171875,241.4949951171875,241.6199951171875,54333,0.0,0.0
2024-08-27 14:25:00-04:00,241.75999450683594,241.75999450683594,241.35499572753906,241.35499572753906,16905,0.0,0.0
2024-08-27 14:30:00-04:00,241.1300048828125,241.19500732421875,241.00999450683594,241.0800018310547,6182,0.0,0.0
2024-08-27 14:35:00-04:00,241.0399932861328,241.22500610351562,240.97000122070312,241.05499267578125,31069,0.0,0.0
2024-08-27 14:40:00-04:00,241.0800018310547,241.08999633789062,240.74000549316406,241.08999633789062,9558,0.0,0.0
2024-08-27 14:45:00-04:00,241.02999877929688,241.02999877929688,240.75,240.88250732421875,4922,0.0,0.0
2024-08-27 14:50:00-04:00,240.88999938964844,241.1999969482422,240.72999572753906,241.13499450683594,17953,0.0,0.0
2024-08-27 14:55:00-04:00,241.13999938964844,241.3800048828125,241.13999938964844,241.3300018310547,13539,0.0,0.0
2024-08-27 15:00:00-04:00,241.41000366210938,241.42999267578125,241.07000732421875,241.07000732421875,20196,0.0,0.0
2024-08-27 15:05:00-04:00,241.0,241.0,240.6199951171875,240.75999450683594,26460,0.0,0.0
2024-08-27 15:10:00-04:00,240.72999572753906,240.98500061035156,240.5,240.5800018310547,14873,0.0,0.0
2024-08-27 15:15:00-04:00,240.60499572753906,240.6300048828125,240.4499969482422,240.50999450683594,21436,0.0,0.0
2024-08-27 15:20:00-04:00,240.5399932861328,240.9600067138672,240.36500549316406,240.39999389648438,14869,0.0,0.0
2024-08-27 15:25:00-04:00,240.33999633789062,240.50999450683594,240.32000732421875,240.32000732421875,14713,0.0,0.0
2024-08-27 15:30:00-04:00,240.3300018310547,240.3300018310547,239.7899932861328,239.8000030517578,39531,0.0,0.0
2024-08-27 15:35:00-04:00,239.75,240.16000366210938,239.66000366210938,239.95750427246094,23589,0.0,0.0
2024-08-27 15:40:00-04:00,239.9600067138672,239.97999572753906,239.5500030517578,239.74000549316406,23369,0.0,0.0
2024-08-27 15:45:00-04:00,239.71499633789062,239.71499633789062,238.99000549316406,239.24000549316406,46298,0.0,0.0
2024-08-27 15:50:00-04:00,239.22999572753906,239.22999572753906,238.47999572753906,238.7550048828125,58335,0.0,0.0
2024-08-27 15:55:00-04:00,238.81500244140625,239.18499755859375,238.57000732421875,238.7100067138672,145902,0.0,0.0
2024-08-28 09:30:00-04:00,238.49000549316406,239.0050048828125,238.05499267578125,238.82000732421875,21902,0.0,0.0
2024-08-28 09:35:00-04:00,238.6199951171875,238.85000610351562,237.5399932861328,238.05999755859375,15661,0.0,0.0
2024-08-28 09:40:00-04:00,238.43499755859375,238.4600067138672,236.35000610351562,236.8000030517578,35031,0.0,0.0
2024-08-28 09:45:00-04:00,237.0,237.25,236.26499938964844,236.75,19541,0.0,0.0
2024-08-28 09:50:00-04:00,236.7550048828125,237.02999877929688,235.2899932861328,236.24000549316406,36196,0.0,0.0
2024-08-28 09:55:00-04:00,236.12249755859375,236.12249755859375,234.58999633789062,236.00999450683594,12231,0.0,0.0
2024-08-28 10:00:00-04:00,235.8699951171875,235.99000549316406,235.47999572753906,235.52999877929688,13013,0.0,0.0
2024-08-28 10:05:00-04:00,235.52999877929688,236.50999450683594,235.5,236.1750030517578,17233,0.0,0.0
2024-08-28 10:10:00-04:00,235.9600067138672,236.52000427246094,235.9600067138672,236.11000061035156,18698,0.0,0.0
2024-08-28 10:15:00-04:00,235.8800048828125,236.42999267578125,235.8300018310547,236.1999969482422,12357,0.0,0.0
2024-08-28 10:20:00-04:00,236.1999969482422,236.22000122070312,235.82000732421875,235.9459991455078,13296,0.0,0.0
2024-08-28 10:25:00-04:00,236.0500030517578,236.6199951171875,235.95140075683594,236.27999877929688,19906,0.0,0.0
2024-08-28 10:30:00-04:00,236.47000122070312,237.4550018310547,236.30499267578125,236.77999877929688,18169,0.0,0.0
2024-08-28 10:35:00-04:00,236.875,236.89500427246094,236.69000244140625,236.77000427246094,12025,0.0,0.0
2024-08-28 10:40:00-04:00,236.64999389648438,236.69000244140625,236.02000427246094,236.05499267578125,13193,0.0,0.0
2024-08-28 10:45:00-04:00,236.05999755859375,236.19000244140625,235.66000366210938,235.94000244140625,14825,0.0,0.0
2024-08-28 10:50:00-04:00,235.94000244140625,235.9550018310547,235.11000061035156,235.22000122070312,13777,0.0,0.0
2024-08-28 10:55:00-04:00,235.35000610351562,235.36000061035156,234.85000610351562,234.89999389648438,10829,0.0,0.0
2024-08-28 11:00:00-04:00,234.85000610351562,234.85000610351562,234.11000061035156,234.1699981689453,13689,0.0,0.0
2024-08-28 11:05:00-04:00,234.1031036376953,234.60000610351562,234.1031036376953,234.3800048828125,8080,0.0,0.0
2024-08-28 11:10:00-04:00,234.17999267578125,234.468994140625,232.8699951171875,233.1649932861328,21807,0.0,0.0
2024-08-28 11:15:00-04:00,233.19000244140625,233.44000244140625,232.8000030517578,233.31500244140625,7704,0.0,0.0
2024-08-28 11:20:00-04:00,233.47999572753906,233.64999389648438,233.07000732421875,233.22999572753906,7947,0.0,0.0
2024-08-28 11:25:00-04:00,233.0,233.8000030517578,233.0,233.6999969482422,12160,0.0,0.0
2024-08-28 11:30:00-04:00,233.61000061035156,233.61000061035156,233.3300018310547,233.38999938964844,5939,0.0,0.0
2024-08-28 11:35:00-04:00,233.3800048828125,234.10989379882812,233.30499267578125,233.875,6987,0.0,0.0
2024-08-28 11:40:00-04:00,233.69000244140625,233.83999633789062,233.50010681152344,233.72500610351562,15106,0.0,0.0
2024-08-28 11:45:00-04:00,233.83999633789062,234.27999877929688,233.80999755859375,234.0850067138672,8913,0.0,0.0
2024-08-28 11:50:00-04:00,234.13999938964844,234.4199981689453,233.9199981689453,234.4199981689453,16136,0.0,0.0
2024-08-28 11:55:00-04:00,234.38999938964844,235.3000030517578,234.2899932861328,234.97999572753906,8523,0.0,0.0
2024-08-28 12:00:00-04:00,234.8300018310547,235.32000732421875,234.8300018310547,234.9499969482422,5559,0.0,0.0
2024-08-28 12:05:00-04:00,234.6300048828125,234.85499572753906,234.5,234.72000122070312,7666,0.0,0.0
2024-08-28 12:10:00-04:00,234.83999633789062,235.13999938964844,234.47999572753906,234.58999633789062,4511,0.0,0.0
2024-08-28 12:15:00-04:00,234.5800018310547,234.5800018310547,233.7100067138672,233.7100067138672,10793,0.0,0.0
2024-08-28 12:20:00-04:00,233.6300048828125,233.6300048828125,232.86500549316406,233.07000732421875,12014,0.0,0.0
2024-08-28 12:25:00-04:00,233.0800018310547,233.10000610351562,232.58999633789062,232.66000366210938,6549,0.0,0.0
2024-08-28 12:30:00-04:00,232.66000366210938,233.10000610351562,232.6300048828125,233.10000610351562,11713,0.0,0.0
2024-08-28 12:35:00-04:00,233.1699981689453,233.5,233.1699981689453,233.3300018310547,7267,0.0,0.0
2024-08-28 12:40:00-04:00,233.55999755859375,234.0749969482422,233.55999755859375,233.8249969482422,3394,0.0,0.0
2024-08-28 12:45:00-04:00,233.83999633789062,233.83999633789062,233.58999633789062,233.77999877929688,7888,0.0,0.0
2024-08-28 12:50:00-04:00,233.8800048828125,234.26499938964844,233.7899932861328,234.10000610351562,6475,0.0,0.0
2024-08-28 12:55:00-04:00,234.19000244140625,234.21499633789062,234.02999877929688,234.16000366210938,3354,0.0,0.0
2024-08-28 13:00:00-04:00,234.05999755859375,234.35499572753906,234.00750732421875,234.00750732421875,6711,0.0,0.0
2024-08-28 13:05:00-04:00,233.97999572753906,234.19000244140625,233.75999450683594,233.91000366210938,8181,0.0,0.0
2024-08-28 13:10:00-04:00,233.8300018310547,233.94000244140625,233.17999267578125,233.17999267578125,10788,0.0,0.0
2024-08-28 13:15:00-04:00,233.24000549316406,233.5,233.22999572753906,233.3699951171875,9084,0.0,0.0
2024-08-28 13:20:00-04:00,233.3699951171875,233.50999450683594,233.05999755859375,233.05999755859375,3831,0.0,0.0
2024-08-28 13:25:00-04:00,233.0500030517578,233.0500030517578,232.75,232.75,4341,0.0,0.0
2024-08-28 13:30:00-04:00,232.72999572753906,233.0500030517578,232.5399932861328,233.0,9091,0.0,0.0
2024-08-28 13:35:00-04:00,233.0449981689453,233.59500122070312,233.0449981689453,233.3000030517578,6350,0.0,0.0
2024-08-28 13:40:00-04:00,233.1300048828125,233.1300048828125,232.99000549316406,233.05999755859375,4750,0.0,0.0
2024-08-28 13:45:00-04:00,233.05999755859375,233.22999572753906,233.01499938964844,233.01499938964844,4966,0.0,0.0
2024-08-28 13:50:00-04:00,233.10000610351562,233.27999877929688,232.72999572753906,232.72999572753906,5580,0.0,0.0
2024-08-28 13:55:00-04:00,232.6999969482422,232.6999969482422,231.7100067138672,231.94000244140625,6428,0.0,0.0
2024-08-28 14:00:00-04:00,231.75999450683594,231.8699951171875,231.63499450683594,231.69500732421875,8033,0.0,0.0
2024-08-28 14:05:00-04:00,231.82000732421875,232.25999450683594,231.7449951171875,232.25999450683594,6552,0.0,0.0
2024-08-28 14:10:00-04:00,232.09500122070312,232.09500122070312,231.75,231.98500061035156,3422,0.0,0.0
2024-08-28 14:15:00-04:00,231.97000122070312,232.1999969482422,231.94000244140625,232.06500244140625,5922,0.0,0.0
2024-08-28 14:20:00-04:00,232.1999969482422,232.69000244140625,232.1999969482422,232.47999572753906,8019,0.0,0.0
2024-08-28 14:25:00-04:00,232.33999633789062,232.47000122070312,232.17999267578125,232.47000122070312,5346,0.0,0.0
2024-08-28 14:30:00-04:00,232.50999450683594,232.75999450683594,232.50999450683594,232.69500732421875,3716,0.0,0.0
2024-08-28 14:35:00-04:00,232.77999877929688,232.77999877929688,232.52999877929688,232.66000366210938,4019,0.0,0.0
2024-08-28 14:40:00-04:00,232.64999389648438,232.64999389648438,232.2100067138672,232.2100067138672,9330,0.0,0.0
2024-08-28 14:45:00-04:00,232.31500244140625,232.5,232.22999572753906,232.33999633789062,24454,0.0,0.0
2024-08-28 14:50:00-04:00,232.24000549316406,232.77999877929688,232.13999938964844,232.3000030517578,20981,0.0,0.0
2024-08-28 14:55:00-04:00,232.14999389648438,234.21499633789062,232.14999389648438,234.21499633789062,22901,0.0,0.0
2024-08-28 15:00:00-04:00,234.2100067138672,234.83999633789062,234.2100067138672,234.83999633789062,8474,0.0,0.0
2024-08-28 15:05:00-04:00,234.57000732421875,234.60499572753906,233.80999755859375,234.0,16137,0.0,0.0
2024-08-28 15:10:00-04:00,233.8300018310547,234.0399932861328,233.7100067138672,233.97000122070312,16123,0.0,0.0
2024-08-28 15:15:00-04:00,233.88999938964844,234.5800018310547,233.88999938964844,234.5800018310547,17858,0.0,0.0
2024-08-28 15:20:00-04:00,234.66000366210938,234.75,234.36000061035156,234.38999938964844,8084,0.0,0.0
2024-08-28 15:25:00-04:00,234.6300048828125,234.80999755859375,234.50999450683594,234.75999450683594,11354,0.0,0.0
2024-08-28 15:30:00-04:00,234.75999450683594,234.8800048828125,234.58999633789062,234.6999969482422,9261,0.0,0.0
2024-08-28 15:35:00-04:00,234.6999969482422,234.6999969482422,234.38999938964844,234.38999938964844,13471,0.0,0.0
2024-08-28 15:40:00-04:00,234.38999938964844,234.7449951171875,234.3000030517578,234.47999572753906,14269,0.0,0.0
2024-08-28 15:45:00-04:00,234.63999938964844,234.7899932861328,234.39999389648438,234.50999450683594,17897,0.0,0.0
2024-08-28 15:50:00-04:00,234.75,235.22000122070312,234.4499969482422,235.0500030517578,61817,0.0,0.0
2024-08-28 15:55:00-04:00,235.17999267578125,235.65499877929688,234.91000366210938,235.32000732421875,97015,0.0,0.0
2024-08-29 09:30:00-04:00,241.99000549316406,245.47999572753906,240.0,244.7550048828125,63566,0.0,0.0
2024-08-29 09:35:00-04:00,244.32000732421875,244.32000732421875,240.0,240.19000244140625,28367,0.0,0.0
2024-08-29 09:40:00-04:00,239.6999969482422,240.22039794921875,238.4149932861328,239.43499755859375,19115,0.0,0.0
2024-08-29 09:45:00-04:00,239.58999633789062,241.6199951171875,239.44000244140625,241.0050048828125,21936,0.0,0.0
2024-08-29 09:50:00-04:00,241.3300018310547,242.36000061035156,240.74000549316406,242.1999969482422,22028,0.0,0.0
2024-08-29 09:55:00-04:00,242.25999450683594,243.52999877929688,242.2050018310547,243.48109436035156,20842,0.0,0.0
2024-08-29 10:00:00-04:00,244.02000427246094,244.41000366210938,243.0449981689453,243.67999267578125,25218,0.0,0.0
2024-08-29 10:05:00-04:00,243.3800048828125,243.7949981689453,242.72000122070312,242.72000122070312,19772,0.0,0.0
2024-08-29 10:10:00-04:00,242.6199951171875,243.47000122070312,242.44000244140625,243.30999755859375,16789,0.0,0.0
2024-08-29 10:15:00-04:00,243.5,243.63999938964844,242.33999633789062,243.4499969482422,23166,0.0,0.0
2024-08-29 10:20:00-04:00,243.5,244.1199951171875,242.9199981689453,244.0,20581,0.0,0.0
2024-08-29 10:25:00-04:00,244.0,245.33999633789062,243.72999572753906,244.34500122070312,22032,0.0,0.0
2024-08-29 10:30:00-04:00,244.26690673828125,244.99000549316406,244.2100067138672,244.61000061035156,10892,0.0,0.0
2024-08-29 10:35:00-04:00,244.39999389648438,244.6699981689453,243.00999450683594,243.5500030517578,34709,0.0,0.0
2024-08-29 10:40:00-04:00,243.99000549316406,244.7050018310547,243.85499572753906,244.34500122070312,36674,0.0,0.0
2024-08-29 10:45:00-04:00,244.34500122070312,245.74000549316406,244.19000244140625,245.5,17392,0.0,0.0
2024-08-29 10:50:00-04:00,245.64999389648438,245.64999389648438,245.26499938964844,245.44000244140625,10614,0.0,0.0
2024-08-29 10:55:00-04:00,245.42999267578125,245.42999267578125,244.1699981689453,244.8000030517578,19276,0.0,0.0
2024-08-29 11:00:00-04:00,244.6199951171875,244.8300018310547,243.89999389648438,244.34500122070312,10579,0.0,0.0
2024-08-29 11:05:00-04:00,244.28500366210938,244.3000030517578,243.69439697265625,244.09500122070312,14341,0.0,0.0
2024-08-29 11:10:00-04:00,244.10499572753906,244.53500366210938,243.88999938964844,244.53500366210938,21641,0.0,0.0
2024-08-29 11:15:00-04:00,244.53500366210938,244.82000732421875,243.8350067138672,243.8699951171875,7878,0.0,0.0
2024-08-29 11:20:00-04:00,243.72000122070312,245.10000610351562,243.72000122070312,245.10000610351562,14859,0.0,0.0
2024-08-29 11:25:00-04:00,245.23500061035156,245.5,244.8699951171875,244.8699951171875,9194,0.0,0.0
2024-08-29 11:30:00-04:00,245.11000061035156,245.77000427246094,245.11000061035156,245.52000427246094,12570,0.0,0.0
2024-08-29 11:35:00-04:00,245.55499267578125,245.59840393066406,245.17999267578125,245.28500366210938,10065,0.0,0.0
2024-08-29 11:40:00-04:00,245.2899932861328,245.2899932861328,244.42999267578125,244.42999267578125,9860,0.0,0.0
2024-08-29 11:45:00-04:00,244.72000122070312,245.42999267578125,244.72000122070312,245.2100067138672,11769,0.0,0.0
2024-08-29 11:50:00-04:00,244.6999969482422,245.02999877929688,244.33999633789062,244.3800048828125,11148,0.0,0.0
2024-08-29 11:55:00-04:00,244.44500732421875,244.97999572753906,244.44500732421875,244.97999572753906,6955,0.0,0.0
2024-08-29 12:00:00-04:00,245.07000732421875,246.1999053955078,245.00999450683594,245.86000061035156,18610,0.0,0.0
2024-08-29 12:05:00-04:00,245.97000122070312,246.4550018310547,245.9499969482422,246.4550018310547,14669,0.0,0.0
2024-08-29 12:10:00-04:00,246.4550018310547,247.0050048828125,246.42999267578125,247.0050048828125,15807,0.0,0.0
2024-08-29 12:15:00-04:00,247.0,247.10000610351562,246.5,246.80999755859375,13204,0.0,0.0
2024-08-29 12:20:00-04:00,246.80999755859375,246.80999755859375,246.3300018310547,246.3300018310547,7235,0.0,0.0
2024-08-29 12:25:00-04:00,246.22000122070312,246.4199981689453,246.05499267578125,246.3699951171875,13304,0.0,0.0
2024-08-29 12:30:00-04:00,246.30999755859375,246.44500732421875,245.9199981689453,246.125,11310,0.0,0.0
2024-08-29 12:35:00-04:00,245.88999938964844,245.98500061035156,245.64999389648438,245.88999938964844,9929,0.0,0.0
2024-08-29 12:40:00-04:00,245.72000122070312,245.88999938964844,245.6300048828125,245.6300048828125,8671,0.0,0.0
2024-08-29 12:45:00-04:00,245.63999938964844,246.1199951171875,245.5500030517578,245.82000732421875,12168,0.0,0.0
2024-08-29 12:50:00-04:00,245.92999267578125,246.1999969482422,245.00999450683594,245.4499969482422,20999,0.0,0.0
2024-08-29 12:55:00-04:00,245.3887939453125,245.8699951171875,245.33999633789062,245.7100067138672,11900,0.0,0.0
2024-08-29 13:00:00-04:00,245.77499389648438,245.77499389648438,244.83999633789062,245.3699951171875,13455,0.0,0.0
2024-08-29 13:05:00-04:00,245.2449951171875,245.2449951171875,244.1300048828125,244.1300048828125,50821,0.0,0.0
2024-08-29 13:10:00-04:00,244.24000549316406,244.27000427246094,243.58999633789062,244.15499877929688,22922,0.0,0.0
2024-08-29 13:15:00-04:00,244.22000122070312,244.58999633789062,244.02999877929688,244.5800018310547,7633,0.0,0.0
2024-08-29 13:20:00-04:00,244.55999755859375,244.55999755859375,244.13999938964844,244.13999938964844,7232,0.0,0.0
2024-08-29 13:25:00-04:00,244.11000061035156,244.48370361328125,244.02999877929688,244.3699951171875,8857,0.0,0.0
2024-08-29 13:30:00-04:00,244.3300018310547,244.52000427246094,244.16000366210938,244.38999938964844,8314,0.0,0.0
2024-08-29 13:35:00-04:00,244.39500427246094,244.50999450683594,244.30999755859375,244.30999755859375,10600,0.0,0.0
2024-08-29 13:40:00-04:00,244.27000427246094,244.27000427246094,243.9199981689453,244.10000610351562,7796,0.0,0.0
2024-08-29 13:45:00-04:00,243.88999938964844,244.09500122070312,243.5800018310547,243.72000122070312,6464,0.0,0.0
2024-08-29 13:50:00-04:00,243.72000122070312,244.1199951171875,243.5749969482422,244.1031951904297,37889,0.0,0.0
2024-08-29 13:55:00-04:00,243.82000732421875,244.74000549316406,243.82000732421875,244.63999938964844,12326,0.0,0.0
2024-08-29 14:00:00-04:00,244.52999877929688,244.52999877929688,243.9801025390625,244.23500061035156,10583,0.0,0.0
2024-08-29 14:05:00-04:00,244.05999755859375,245.0,244.05999755859375,244.71499633789062,11027,0.0,0.0
2024-08-29 14:10:00-04:00,244.6199951171875,244.86000061035156,244.4600067138672,244.5,28611,0.0,0.0
2024-08-29 14:15:00-04:00,244.49000549316406,245.0,244.25,244.8249969482422,25378,0.0,0.0
2024-08-29 14:20:00-04:00,244.8249969482422,245.8000030517578,244.8249969482422,245.69500732421875,18303,0.0,0.0
2024-08-29 14:25:00-04:00,245.55499267578125,245.83999633789062,244.07000732421875,244.8249969482422,20557,0.0,0.0
2024-08-29 14:30:00-04:00,244.4600067138672,244.57000732421875,243.8000030517578,243.8000030517578,18411,0.0,0.0
2024-08-29 14:35:00-04:00,243.77000427246094,243.9250030517578,242.74009704589844,243.2550048828125,29487,0.0,0.0
2024-08-29 14:40:00-04:00,243.35499572753906,243.7899932861328,242.17999267578125,242.5850067138672,19488,0.0,0.0
2024-08-29 14:45:00-04:00,242.57000732421875,243.6649932861328,242.4499969482422,243.6649932861328,19726,0.0,0.0
2024-08-29 14:50:00-04:00,243.49000549316406,243.85000610351562,242.9600067138672,243.6999969482422,20065,0.0,0.0
2024-08-29 14:55:00-04:00,243.61000061035156,244.0500030517578,243.13499450683594,243.83999633789062,43838,0.0,0.0
2024-08-29 15:00:00-04:00,244.0449981689453,244.61000061035156,242.7899932861328,242.9600067138672,28098,0.0,0.0
2024-08-29 15:05:00-04:00,242.97000122070312,243.8000030517578,242.3800048828125,242.63999938964844,22991,0.0,0.0
2024-08-29 15:10:00-04:00,242.64999389648438,242.75999450683594,242.13999938964844,242.32000732421875,23549,0.0,0.0
2024-08-29 15:15:00-04:00,242.35499572753906,243.83999633789062,242.1649932861328,243.34500122070312,53171,0.0,0.0
2024-08-29 15:20:00-04:00,243.11500549316406,244.0399932861328,242.9499969482422,244.0050048828125,27181,0.0,0.0
2024-08-29 15:25:00-04:00,244.00999450683594,245.0,243.8350067138672,244.68319702148438,30077,0.0,0.0
2024-08-29 15:30:00-04:00,244.6199951171875,245.1300048828125,244.17999267578125,244.5500030517578,33111,0.0,0.0
2024-08-29 15:35:00-04:00,244.6999969482422,245.82989501953125,244.42999267578125,245.6300048828125,29781,0.0,0.0
2024-08-29 15:40:00-04:00,244.9499969482422,245.47000122070312,244.25999450683594,244.30499267578125,31849,0.0,0.0
2024-08-29 15:45:00-04:00,244.30499267578125,245.89999389648438,244.30499267578125,245.77000427246094,38394,0.0,0.0
2024-08-29 15:50:00-04:00,246.11000061035156,246.27200317382812,244.92999267578125,245.24000549316406,59113,0.0,0.0
2024-08-29 15:55:00-04:00,245.3300018310547,246.19000244140625,244.71499633789062,245.86000061035156,177786,0.0,0.0
2024-08-30 09:30:00-04:00,290.0,290.2300109863281,282.2200927734375,284.67999267578125,849328,0.0,0.0
2024-08-30 09:35:00-04:00,283.989990234375,290.0,283.0101013183594,287.18499755859375,357927,0.0,0.0
2024-08-30 09:40:00-04:00,287.6700134277344,290.20001220703125,285.5,286.05999755859375,177792,0.0,0.0
2024-08-30 09:45:00-04:00,286.06500244140625,289.8009948730469,285.6499938964844,286.32000732421875,161282,0.0,0.0
2024-08-30 09:50:00-04:00,285.9200134277344,288.1600036621094,285.510009765625,287.239990234375,92951,0.0,0.0
2024-08-30 09:55:00-04:00,287.0249938964844,288.2799987792969,280.68438720703125,283.6099853515625,186828,0.0,0.0
2024-08-30 10:00:00-04:00,284.010009765625,285.29998779296875,281.110107421875,282.92999267578125,140722,0.0,0.0
2024-08-30 10:05:00-04:00,283.0299987792969,283.25,278.5700988769531,279.44000244140625,156733,0.0,0.0
2024-08-30 10:10:00-04:00,279.44000244140625,280.7699890136719,275.16009521484375,277.0799865722656,242709,0.0,0.0
2024-08-30 10:15:00-04:00,277.2200012207031,280.9800109863281,276.8599853515625,279.739990234375,161611,0.0,0.0
2024-08-30 10:20:00-04:00,279.8999938964844,283.17999267578125,279.67999267578125,281.5,121486,0.0,0.0
2024-08-30 10:25:00-04:00,281.7900085449219,281.9999084472656,279.44000244140625,281.2099914550781,78754,0.0,0.0
2024-08-30 10:30:00-04:00,281.7049865722656,281.8287048339844,280.090087890625,281.43499755859375,28132,0.0,0.0
2024-08-30 10:35:00-04:00,281.5199890136719,282.0,280.54058837890625,280.79998779296875,39730,0.0,0.0
2024-08-30 10:40:00-04:00,281.0199890136719,282.67999267578125,281.0199890136719,282.5,76366,0.0,0.0
2024-08-30 10:45:00-04:00,281.94500732421875,282.489990234375,280.4400939941406,282.4100036621094,36109,0.0,0.0
2024-08-30 10:50:00-04:00,282.3550109863281,282.989013671875,281.26800537109375,282.4849853515625,41222,0.0,0.0
2024-08-30 10:55:00-04:00,282.1199951171875,284.24951171875,281.95001220703125,283.2650146484375,93266,0.0,0.0
2024-08-30 11:00:00-04:00,283.0400085449219,285.06500244140625,282.20001220703125,284.6099853515625,98215,0.0,0.0
2024-08-30 11:05:00-04:00,284.3200988769531,284.9898986816406,283.2900085449219,283.30999755859375,41496,0.0,0.0
2024-08-30 11:10:00-04:00,283.19000244140625,285.0,283.19000244140625,283.55999755859375,43771,0.0,0.0
2024-08-30 11:15:00-04:00,284.1300048828125,284.30999755859375,281.510009765625,282.94000244140625,58979,0.0,0.0
2024-08-30 11:20:00-04:00,282.9700012207031,283.4700012207031,280.75,281.876708984375,56970,0.0,0.0
2024-08-30 11:25:00-04:00,281.7699890136719,282.7900085449219,281.4800109863281,282.7900085449219,35019,0.0,0.0
2024-08-30 11:30:00-04:00,283.0,283.82000732421875,282.1099853515625,282.6300048828125,67045,0.0,0.0
2024-08-30 11:35:00-04:00,282.5350036621094,284.9549865722656,282.5350036621094,284.9549865722656,49350,0.0,0.0
2024-08-30 11:40:00-04:00,284.7250061035156,284.989990234375,283.260009765625,284.360107421875,47264,0.0,0.0
2024-08-30 11:45:00-04:00,284.92999267578125,285.6700134277344,284.42999267578125,284.6300048828125,47515,0.0,0.0
2024-08-30 11:50:00-04:00,284.6300048828125,285.010009765625,283.8399963378906,284.82000732421875,33559,0.0,0.0
2024-08-30 11:55:00-04:00,284.95001220703125,285.42999267578125,284.3500061035156,284.68499755859375,36959,0.0,0.0
2024-08-30 12:00:00-04:00,284.7900085449219,285.70001220703125,284.6200866699219,285.55999755859375,45878,0.0,0.0
2024-08-30 12:05:00-04:00,285.5799865722656,286.0,284.1199951171875,285.5299987792969,80316,0.0,0.0
2024-08-30 12:10:00-04:00,285.5299987792969,286.6700134277344,285.3500061035156,286.6050109863281,45458,0.0,0.0
2024-08-30 12:15:00-04:00,286.5050048828125,287.4800109863281,285.9800109863281,287.4800109863281,60011,0.0,0.0
2024-08-30 12:20:00-04:00,287.5,288.5050048828125,287.239990234375,288.3500061035156,49826,0.0,0.0
2024-08-30 12:25:00-04:00,288.3399963378906,288.3999938964844,286.3724060058594,287.8599853515625,86084,0.0,0.0
2024-08-30 12:30:00-04:00,287.7300109863281,288.0,286.239990234375,286.8599853515625,34303,0.0,0.0
2024-08-30 12:35:00-04:00,286.5299987792969,287.1449890136719,285.05999755859375,285.3900146484375,61946,0.0,0.0
2024-08-30 12:40:00-04:00,285.04998779296875,285.599609375,284.760009765625,285.3299865722656,19670,0.0,0.0
2024-08-30 12:45:00-04:00,285.2099914550781,285.25,283.6199951171875,283.7200012207031,31647,0.0,0.0
2024-08-30 12:50:00-04:00,283.92999267578125,285.239990234375,283.7134094238281,284.7099914550781,24443,0.0,0.0
2024-08-30 12:55:00-04:00,285.0,286.6600036621094,285.0,286.3399963378906,24459,0.0,0.0
2024-08-30 13:00:00-04:00,286.2300109863281,287.2799987792969,285.82000732421875,286.5400085449219,36795,0.0,0.0
2024-08-30 13:05:00-04:00,286.6449890136719,287.0,286.45001220703125,286.568115234375,21626,0.0,0.0
2024-08-30 13:10:00-04:00,286.8699035644531,287.6600036621094,286.45001220703125,287.54998779296875,35276,0.0,0.0
2024-08-30 13:15:00-04:00,287.260009765625,288.0,286.6700134277344,287.2200012207031,29621,0.0,0.0
2024-08-30 13:20:00-04:00,287.29998779296875,287.5299987792969,287.07000732421875,287.19500732421875,26914,0.0,0.0
2024-08-30 13:25:00-04:00,287.3299865722656,287.5098876953125,286.82000732421875,286.8599853515625,21370,0.0,0.0
2024-08-30 13:30:00-04:00,286.94000244140625,287.3800048828125,286.9100036621094,287.0899963378906,12791,0.0,0.0
2024-08-30 13:35:00-04:00,287.135009765625,287.29998779296875,286.10009765625,286.51708984375,40167,0.0,0.0
2024-08-30 13:40:00-04:00,286.69500732421875,287.5899963378906,286.69500732421875,287.4750061035156,29319,0.0,0.0
2024-08-30 13:45:00-04:00,287.4750061035156,288.0,286.989990234375,287.0050048828125,34956,0.0,0.0
2024-08-30 13:50:00-04:00,287.010009765625,288.2699890136719,286.760009765625,287.625,39730,0.0,0.0
2024-08-30 13:55:00-04:00,287.5,287.6449890136719,286.4800109863281,286.5769958496094,28833,0.0,0.0
2024-08-30 14:00:00-04:00,286.4599914550781,287.3299865722656,286.4599914550781,287.2034912109375,26183,0.0,0.0
2024-08-30 14:05:00-04:00,286.739990234375,287.07000732421875,286.45001220703125,286.57000732421875,28703,0.0,0.0
2024-08-30 14:10:00-04:00,286.8399963378906,287.6300048828125,286.56500244140625,287.6000061035156,35753,0.0,0.0
2024-08-30 14:15:00-04:00,287.79998779296875,288.54998779296875,287.6650085449219,287.8500061035156,74354,0.0,0.0
2024-08-30 14:20:00-04:00,287.82000732421875,288.57989501953125,287.7699890136719,288.01568603515625,33056,0.0,0.0
2024-08-30 14:25:00-04:00,287.8800048828125,288.20001220703125,287.3550109863281,287.739990234375,33335,0.0,0.0
2024-08-30 14:30:00-04:00,287.7699890136719,288.0,287.1300048828125,287.1830139160156,24574,0.0,0.0
2024-08-30 14:35:00-04:00,287.19000244140625,287.7300109863281,287.0,287.20001220703125,26690,0.0,0.0
2024-08-30 14:40:00-04:00,287.32501220703125,287.5400085449219,286.9100036621094,287.1499938964844,40341,0.0,0.0
2024-08-30 14:45:00-04:00,287.3500061035156,287.5,286.6199951171875,286.70001220703125,29702,0.0,0.0
2024-08-30 14:50:00-04:00,286.70001220703125,287.2200012207031,286.5801086425781,286.8949890136719,22443,0.0,0.0
2024-08-30 14:55:00-04:00,286.8949890136719,287.05999755859375,286.489990234375,287.05999755859375,19434,0.0,0.0
2024-08-30 15:00:00-04:00,287.0299987792969,287.0299987792969,286.3399963378906,286.5450134277344,20626,0.0,0.0
2024-08-30 15:05:00-04:00,286.5400085449219,287.0,286.1300048828125,286.3550109863281,30386,0.0,0.0
2024-08-30 15:10:00-04:00,286.2001037597656,287.0539855957031,286.2001037597656,286.70001220703125,18563,0.0,0.0
2024-08-30 15:15:00-04:00,286.70001220703125,288.29998779296875,286.57000732421875,287.9599914550781,39711,0.0,0.0
2024-08-30 15:20:00-04:00,287.989990234375,288.2898864746094,287.3500061035156,287.8450012207031,49544,0.0,0.0
2024-08-30 15:25:00-04:00,287.9100036621094,287.94500732421875,287.1099853515625,287.4150085449219,38181,0.0,0.0
2024-08-30 15:30:00-04:00,287.3299865722656,287.5,286.6803894042969,287.3599853515625,53680,0.0,0.0
2024-08-30 15:35:00-04:00,287.3500061035156,287.5950012207031,286.9400939941406,287.29998779296875,51174,0.0,0.0
2024-08-30 15:40:00-04:00,287.31500244140625,289.54998779296875,287.19000244140625,289.32000732421875,98337,0.0,0.0
2024-08-30 15:45:00-04:00,289.25,290.1199951171875,289.1900939941406,289.92999267578125,118050,0.0,0.0
2024-08-30 15:50:00-04:00,289.9800109863281,291.5799865722656,289.5787048339844,291.3999938964844,207265,0.0,0.0
2024-08-30 15:55:00-04:00,290.8800048828125,292.239990234375,290.1099853515625,291.1499938964844,467275,0.0,0.0
2024-09-03 09:30:00-04:00,290.7900085449219,291.6000061035156,287.4822082519531,291.2575988769531,180283,0.0,0.0
2024-09-03 09:35:00-04:00,290.75,291.94000244140625,288.0,289.29998779296875,37123,0.0,0.0
2024-09-03 09:40:00-04:00,289.989990234375,295.48748779296875,288.45001220703125,295.30999755859375,73702,0.0,0.0
2024-09-03 09:45:00-04:00,295.5050048828125,297.7699890136719,294.3599853515625,294.70001220703125,79973,0.0,0.0
2024-09-03 09:50:00-04:00,295.2300109863281,297.4700012207031,294.6099853515625,295.6199951171875,44363,0.0,0.0
2024-09-03 09:55:00-04:00,295.260009765625,295.75,293.38128662109375,295.6600036621094,20600,0.0,0.0
2024-09-03 10:00:00-04:00,295.1099853515625,296.1632080078125,293.45001220703125,293.98779296875,29760,0.0,0.0
2024-09-03 10:05:00-04:00,293.54998779296875,294.639892578125,292.79998779296875,294.2615051269531,19431,0.0,0.0
2024-09-03 10:10:00-04:00,294.6400146484375,295.32000732421875,293.03009033203125,293.8599853515625,22558,0.0,0.0
2024-09-03 10:15:00-04:00,293.7200012207031,294.39990234375,292.3900146484375,293.3599853515625,15986,0.0,0.0
2024-09-03 10:20:00-04:00,293.19000244140625,294.5098876953125,293.0,293.79998779296875,38323,0.0,0.0
2024-09-03 10:25:00-04:00,293.9549865722656,294.989990234375,293.5299987792969,293.6099853515625,19555,0.0,0.0
2024-09-03 10:30:00-04:00,293.2099914550781,293.44000244140625,290.625,291.01458740234375,25684,0.0,0.0
2024-09-03 10:35:00-04:00,291.0386047363281,291.4200134277344,289.7300109863281,289.7300109863281,23142,0.0,0.0
2024-09-03 10:40:00-04:00,289.7300109863281,290.0,287.0400085449219,287.57379150390625,31193,0.0,0.0
2024-09-03 10:45:00-04:00,287.79998779296875,288.2099914550781,286.260009765625,286.94000244140625,23708,0.0,0.0
2024-09-03 10:50:00-04:00,286.29998779296875,287.5199890136719,285.489990234375,286.5799865722656,19813,0.0,0.0
2024-09-03 10:55:00-04:00,286.55999755859375,287.0,286.260009765625,287.0,19903,0.0,0.0
2024-09-03 11:00:00-04:00,287.1000061035156,287.94989013671875,286.7950134277344,287.1700134277344,10653,0.0,0.0
2024-09-03 11:05:00-04:00,286.8500061035156,287.489990234375,286.2200012207031,286.8038024902344,10690,0.0,0.0
2024-09-03 11:10:00-04:00,286.55999755859375,287.17999267578125,285.80999755859375,285.94000244140625,14690,0.0,0.0
2024-09-03 11:15:00-04:00,286.0050048828125,286.7200012207031,285.1700134277344,285.2300109863281,19504,0.0,0.0
2024-09-03 11:20:00-04:00,285.3399963378906,286.25,285.17999267578125,285.625,20533,0.0,0.0
2024-09-03 11:25:00-04:00,286.0150146484375,286.21868896484375,285.3399963378906,285.3399963378906,11832,0.0,0.0
2024-09-03 11:30:00-04:00,285.17999267578125,285.9798889160156,284.4800109863281,285.625,23388,0.0,0.0
2024-09-03 11:35:00-04:00,285.7699890136719,286.0,285.05999755859375,285.07501220703125,10946,0.0,0.0
2024-09-03 11:40:00-04:00,285.2449951171875,285.489990234375,283.8800964355469,284.2300109863281,10969,0.0,0.0
2024-09-03 11:45:00-04:00,284.2349853515625,284.4599914550781,283.92999267578125,284.2950134277344,15604,0.0,0.0
2024-09-03 11:50:00-04:00,284.1000061035156,284.30120849609375,283.4599914550781,283.79998779296875,24343,0.0,0.0
2024-09-03 11:55:00-04:00,284.135009765625,284.2200012207031,283.6000061035156,284.2200012207031,11902,0.0,0.0
2024-09-03 12:00:00-04:00,284.239990234375,284.5799865722656,283.989990234375,284.3399963378906,17895,0.0,0.0
2024-09-03 12:05:00-04:00,284.83990478515625,284.83990478515625,284.04998779296875,284.260009765625,20430,0.0,0.0
2024-09-03 12:10:00-04:00,284.5599060058594,285.8500061035156,284.5,285.614990234375,14522,0.0,0.0
2024-09-03 12:15:00-04:00,285.5899963378906,285.9285888671875,285.3900146484375,285.6099853515625,12220,0.0,0.0
2024-09-03 12:20:00-04:00,285.989990234375,286.489990234375,285.8099060058594,285.8099060058594,12497,0.0,0.0
2024-09-03 12:25:00-04:00,286.04998779296875,286.04998779296875,285.6300048828125,285.7349853515625,8867,0.0,0.0
2024-09-03 12:30:00-04:00,285.6099853515625,285.6199951171875,285.1700134277344,285.5199890136719,6432,0.0,0.0
2024-09-03 12:35:00-04:00,285.25,285.3599853515625,284.80999755859375,285.114013671875,7704,0.0,0.0
2024-09-03 12:40:00-04:00,285.1549987792969,285.1549987792969,284.25,284.489990234375,14976,0.0,0.0
2024-09-03 12:45:00-04:00,284.75,284.8500061035156,284.30999755859375,284.760009765625,7158,0.0,0.0
2024-09-03 12:50:00-04:00,284.9599914550781,285.0899963378906,284.82501220703125,284.9100036621094,3811,0.0,0.0
2024-09-03 12:55:00-04:00,285.2200012207031,285.4100036621094,284.9700012207031,285.18499755859375,5584,0.0,0.0
2024-09-03 13:00:00-04:00,285.20318603515625,285.20318603515625,284.5400085449219,284.8500061035156,8351,0.0,0.0
2024-09-03 13:05:00-04:00,285.20001220703125,285.82000732421875,285.114990234375,285.82000732421875,16711,0.0,0.0
2024-09-03 13:10:00-04:00,285.677490234375,286.3450012207031,285.42999267578125,286.1400146484375,7266,0.0,0.0
2024-09-03 13:15:00-04:00,286.2814025878906,286.5199890136719,286.17498779296875,286.5199890136719,3023,0.0,0.0
2024-09-03 13:20:00-04:00,286.5199890136719,287.2099914550781,286.32000732421875,287.2099914550781,10414,0.0,0.0
2024-09-03 13:25:00-04:00,287.0,287.0799865722656,286.989990234375,287.0289001464844,6317,0.0,0.0
2024-09-03 13:30:00-04:00,287.010009765625,287.5799865722656,286.5,286.5,13986,0.0,0.0
2024-09-03 13:35:00-04:00,286.67999267578125,287.0299987792969,286.67999267578125,287.0299987792969,4398,0.0,0.0
2024-09-03 13:40:00-04:00,286.9700012207031,286.9700012207031,286.3399963378906,286.4049987792969,7981,0.0,0.0
2024-09-03 13:45:00-04:00,286.4049987792969,286.4049987792969,285.7799987792969,285.9100036621094,5350,0.0,0.0
2024-09-03 13:50:00-04:00,285.9100036621094,286.0198974609375,284.68011474609375,285.0299987792969,10026,0.0,0.0
2024-09-03 13:55:00-04:00,285.010009765625,285.30999755859375,284.6700134277344,284.6700134277344,10229,0.0,0.0
2024-09-03 14:00:00-04:00,284.760009765625,284.760009765625,284.0799865722656,284.1300048828125,5937,0.0,0.0
2024-09-03 14:05:00-04:00,284.1300048828125,284.19000244140625,282.489990234375,282.489990234375,16393,0.0,0.0
2024-09-03 14:10:00-04:00,282.69000244140625,282.82000732421875,281.7601013183594,282.0299987792969,25629,0.0,0.0
2024-09-03 14:15:00-04:00,282.0690002441406,282.32989501953125,281.7911071777344,282.0150146484375,15599,0.0,0.0
2024-09-03 14:20:00-04:00,282.0,282.30999755859375,281.7099914550781,282.2049865722656,21962,0.0,0.0
2024-09-03 14:25:00-04:00,282.42498779296875,282.75,282.1099853515625,282.5899963378906,13504,0.0,0.0
2024-09-03 14:30:00-04:00,282.9700012207031,283.4700012207031,282.7900085449219,283.4700012207031,9580,0.0,0.0
2024-09-03 14:35:00-04:00,283.54998779296875,283.8599853515625,283.4700012207031,283.7300109863281,4280,0.0,0.0
2024-09-03 14:40:00-04:00,283.8800048828125,284.1700134277344,283.67999267578125,284.1700134277344,20345,0.0,0.0
2024-09-03 14:45:00-04:00,283.9800109863281,284.1000061035156,283.760009765625,283.760009765625,7594,0.0,0.0
2024-09-03 14:50:00-04:00,283.95001220703125,284.4800109863281,283.95001220703125,284.4599914550781,9419,0.0,0.0
2024-09-03 14:55:00-04:00,284.4800109863281,284.5299987792969,284.1600036621094,284.3599853515625,10037,0.0,0.0
2024-09-03 15:00:00-04:00,284.31500244140625,284.4200134277344,283.70001220703125,283.95001220703125,32160,0.0,0.0
2024-09-03 15:05:00-04:00,283.9649963378906,283.9649963378906,282.760009765625,282.92498779296875,8331,0.0,0.0
2024-09-03 15:10:00-04:00,282.92999267578125,283.3999938964844,282.92999267578125,283.1549987792969,6773,0.0,0.0
2024-09-03 15:15:00-04:00,282.9800109863281,283.69000244140625,282.9700012207031,283.69000244140625,6111,0.0,0.0
2024-09-03 15:20:00-04:00,283.67999267578125,284.0799865722656,283.6000061035156,283.9150085449219,9096,0.0,0.0
2024-09-03 15:25:00-04:00,283.8999938964844,283.8999938964844,283.5299987792969,283.6700134277344,11947,0.0,0.0
2024-09-03 15:30:00-04:00,283.7699890136719,283.7699890136719,283.1401062011719,283.30999755859375,23197,0.0,0.0
2024-09-03 15:35:00-04:00,283.2349853515625,283.5299987792969,282.8999938964844,283.29998779296875,20120,0.0,0.0
2024-09-03 15:40:00-04:00,283.385009765625,283.4800109863281,282.7550048828125,283.32000732421875,21457,0.0,0.0
2024-09-03 15:45:00-04:00,283.2749938964844,283.2749938964844,281.2900085449219,282.0199890136719,35812,0.0,0.0
2024-09-03 15:50:00-04:00,281.8599853515625,282.8299865722656,281.45001220703125,282.2699890136719,61699,0.0,0.0
2024-09-03 15:55:00-04:00,282.1400146484375,283.5,282.07501220703125,283.1099853515625,134760,0.0,0.0
2024-09-04 09:30:00-04:00,280.80999755859375,285.739990234375,278.9800109863281,284.5,67756,0.0,0.0
2024-09-04 09:35:00-04:00,284.82501220703125,284.82501220703125,282.04998779296875,284.4999084472656,28144,0.0,0.0
2024-09-04 09:40:00-04:00,283.7225036621094,285.3399963378906,283.31939697265625,284.30999755859375,14440,0.0,0.0
2024-09-04 09:45:00-04:00,284.5950012207031,286.17498779296875,284.1700134277344,286.1106872558594,37431,0.0,0.0
2024-09-04 09:50:00-04:00,286.4200134277344,288.82000732421875,286.1012878417969,287.2099914550781,39657,0.0,0.0
2024-09-04 09:55:00-04:00,287.2099914550781,288.1099853515625,285.9100036621094,286.3949890136719,50675,0.0,0.0
2024-09-04 10:00:00-04:00,286.3949890136719,286.510009765625,283.6199951171875,284.8500061035156,21958,0.0,0.0
2024-09-04 10:05:00-04:00,284.5350036621094,286.6000061035156,284.5299987792969,285.7622985839844,11128,0.0,0.0
2024-09-04 10:10:00-04:00,286.1099853515625,286.1650085449219,284.5899963378906,286.1650085449219,15854,0.0,0.0
2024-09-04 10:15:00-04:00,286.3299865722656,288.4649963378906,286.30999755859375,288.35650634765625,36422,0.0,0.0
2024-09-04 10:20:00-04:00,288.3399963378906,289.3999938964844,287.92999267578125,289.3999938964844,19097,0.0,0.0
2024-09-04 10:25:00-04:00,289.8999938964844,290.989990234375,289.75,290.1908874511719,34411,0.0,0.0
2024-09-04 10:30:00-04:00,290.0899963378906,291.6300048828125,289.9599914550781,291.5899963378906,14118,0.0,0.0
2024-09-04 10:35:00-04:00,291.4049987792969,291.739990234375,290.29998779296875,291.739990234375,20930,0.0,0.0
2024-09-04 10:40:00-04:00,291.27508544921875,293.2900085449219,291.27508544921875,293.006103515625,30364,0.0,0.0
2024-09-04 10:45:00-04:00,293.1650085449219,293.3999938964844,292.4049987792969,293.04998779296875,25387,0.0,0.0
2024-09-04 10:50:00-04:00,293.25628662109375,293.59869384765625,292.510009765625,293.4784851074219,13764,0.0,0.0
2024-09-04 10:55:00-04:00,293.489990234375,294.80999755859375,293.489990234375,294.7900085449219,27649,0.0,0.0
2024-09-04 11:00:00-04:00,294.3999938964844,295.42999267578125,293.67999267578125,295.0849914550781,25021,0.0,0.0
2024-09-04 11:05:00-04:00,295.20001220703125,295.20001220703125,294.25,294.4599914550781,11736,0.0,0.0
2024-09-04 11:10:00-04:00,294.4700012207031,294.8299865722656,294.1099853515625,294.29998779296875,7384,0.0,0.0
2024-09-04 11:15:00-04:00,294.29998779296875,294.6400146484375,293.55999755859375,293.6499938964844,39472,0.0,0.0
2024-09-04 11:20:00-04:00,293.6943054199219,293.9898986816406,292.6400146484375,292.8999938964844,21500,0.0,0.0
2024-09-04 11:25:00-04:00,292.3700866699219,292.8500061035156,291.7300109863281,292.0,22300,0.0,0.0
2024-09-04 11:30:00-04:00,292.0,292.0899963378906,290.7200012207031,291.3599853515625,17988,0.0,0.0
2024-09-04 11:35:00-04:00,291.2200012207031,291.3500061035156,290.875,291.2650146484375,17617,0.0,0.0
2024-09-04 11:40:00-04:00,291.2200012207031,291.69000244140625,291.1400146484375,291.68499755859375,30903,0.0,0.0
2024-09-04 11:45:00-04:00,291.4100036621094,292.0,291.4100036621094,291.80999755859375,10512,0.0,0.0
2024-09-04 11:50:00-04:00,292.1099853515625,292.4949951171875,291.70001220703125,291.9800109863281,17305,0.0,0.0
2024-09-04 11:55:00-04:00,291.9525146484375,291.9525146484375,290.80230712890625,290.98858642578125,9053,0.0,0.0
2024-09-04 12:00:00-04:00,290.9649963378906,290.9649963378906,289.9800109863281,290.2449951171875,14931,0.0,0.0
2024-09-04 12:05:00-04:00,289.8299865722656,290.19000244140625,289.3900146484375,289.7799987792969,14100,0.0,0.0
2024-09-04 12:10:00-04:00,289.7850036621094,290.3800048828125,289.5452880859375,289.5452880859375,13508,0.0,0.0
2024-09-04 12:15:00-04:00,289.9200134277344,290.99700927734375,289.9200134277344,290.3900146484375,12060,0.0,0.0
2024-09-04 12:20:00-04:00,290.2699890136719,291.010009765625,290.25,290.8500061035156,9777,0.0,0.0
2024-09-04 12:25:00-04:00,290.92999267578125,291.1000061035156,290.739990234375,290.739990234375,9154,0.0,0.0
2024-09-04 12:30:00-04:00,290.8800048828125,291.5950012207031,290.8800048828125,291.510009765625,16234,0.0,0.0
2024-09-04 12:35:00-04:00,291.32000732421875,291.8949890136719,291.1199951171875,291.54998779296875,14740,0.0,0.0
2024-09-04 12:40:00-04:00,291.1650085449219,291.4150085449219,290.1400146484375,290.2699890136719,11581,0.0,0.0
2024-09-04 12:45:00-04:00,289.7300109863281,290.4200134277344,289.6000061035156,290.32501220703125,7056,0.0,0.0
2024-09-04 12:50:00-04:00,290.5799865722656,290.6600036621094,290.2900085449219,290.2900085449219,4022,0.0,0.0
2024-09-04 12:55:00-04:00,290.260009765625,290.45001220703125,289.9649963378906,290.2900085449219,13573,0.0,0.0
2024-09-04 13:00:00-04:00,290.18499755859375,290.2449951171875,289.94000244140625,290.2049865722656,8070,0.0,0.0
2024-09-04 13:05:00-04:00,290.3999938964844,291.2799987792969,290.3900146484375,291.2799987792969,10104,0.0,0.0
2024-09-04 13:10:00-04:00,291.05499267578125,291.05499267578125,290.4800109863281,290.57000732421875,6379,0.0,0.0
2024-09-04 13:15:00-04:00,290.57000732421875,290.8999938964844,290.5350036621094,290.7799987792969,5702,0.0,0.0
2024-09-04 13:20:00-04:00,290.7799987792969,291.2449951171875,290.6000061035156,291.0799865722656,16278,0.0,0.0
2024-09-04 13:25:00-04:00,291.17498779296875,291.5299987792969,291.05499267578125,291.2850036621094,14663,0.0,0.0
2024-09-04 13:30:00-04:00,291.4949951171875,291.6499938964844,291.4200134277344,291.6199951171875,5935,0.0,0.0
2024-09-04 13:35:00-04:00,291.5,291.82000732421875,291.4800109863281,291.6449890136719,8814,0.0,0.0
2024-09-04 13:40:00-04:00,291.510009765625,291.510009765625,291.25,291.25,16822,0.0,0.0
2024-09-04 13:45:00-04:00,291.364990234375,291.364990234375,291.0,291.1300048828125,14588,0.0,0.0
2024-09-04 13:50:00-04:00,291.1300048828125,291.2300109863281,290.8999938964844,291.2300109863281,11976,0.0,0.0
2024-09-04 13:55:00-04:00,291.17999267578125,291.20001220703125,290.80999755859375,291.114990234375,13789,0.0,0.0
2024-09-04 14:00:00-04:00,291.0,291.1600036621094,290.57000732421875,290.70001220703125,24358,0.0,0.0
2024-09-04 14:05:00-04:00,290.3550109863281,290.5249938964844,289.92999267578125,289.92999267578125,10358,0.0,0.0
2024-09-04 14:10:00-04:00,289.79998779296875,290.0450134277344,289.5400085449219,289.79998779296875,11521,0.0,0.0
2024-09-04 14:15:00-04:00,290.29998779296875,290.5400085449219,290.07379150390625,290.5299987792969,11292,0.0,0.0
2024-09-04 14:20:00-04:00,289.94000244140625,290.2699890136719,289.79998779296875,290.10430908203125,15218,0.0,0.0
2024-09-04 14:25:00-04:00,290.04998779296875,290.94000244140625,289.8999938964844,290.92999267578125,13538,0.0,0.0
2024-09-04 14:30:00-04:00,290.68499755859375,291.5199890136719,290.5849914550781,291.510009765625,36259,0.0,0.0
2024-09-04 14:35:00-04:00,291.3699951171875,291.5799865722656,290.30999755859375,290.5899963378906,16547,0.0,0.0
2024-09-04 14:40:00-04:00,290.6199951171875,290.6199951171875,290.1400146484375,290.54998779296875,7386,0.0,0.0
2024-09-04 14:45:00-04:00,290.3450012207031,290.3450012207031,289.75,289.8900146484375,13332,0.0,0.0
2024-09-04 14:50:00-04:00,289.8900146484375,290.0400085449219,289.260009765625,289.5899963378906,11370,0.0,0.0
2024-09-04 14:55:00-04:00,289.4750061035156,290.010009765625,289.3999938964844,289.3999938964844,14467,0.0,0.0
2024-09-04 15:00:00-04:00,289.3900146484375,289.3900146484375,288.94000244140625,289.0199890136719,13862,0.0,0.0
2024-09-04 15:05:00-04:00,289.0199890136719,289.1499938964844,288.6000061035156,289.0950012207031,14436,0.0,0.0
2024-09-04 15:10:00-04:00,288.885009765625,288.95001220703125,288.6099853515625,288.95001220703125,15912,0.0,0.0
2024-09-04 15:15:00-04:00,288.989990234375,289.20001220703125,288.989990234375,289.0299987792969,10697,0.0,0.0
2024-09-04 15:20:00-04:00,289.1650085449219,289.2650146484375,287.8900146484375,288.4599914550781,27772,0.0,0.0
2024-09-04 15:25:00-04:00,288.2742919921875,288.7699890136719,287.9649963378906,288.6300048828125,13143,0.0,0.0
2024-09-04 15:30:00-04:00,288.6300048828125,288.7900085449219,288.2300109863281,288.2300109863281,36546,0.0,0.0
2024-09-04 15:35:00-04:00,288.1099853515625,288.3597106933594,288.0050048828125,288.0150146484375,18292,0.0,0.0
2024-09-04 15:40:00-04:00,288.1199951171875,289.0,287.7749938964844,289.0,38430,0.0,0.0
2024-09-04 15:45:00-04:00,289.0,290.1300048828125,288.7699890136719,290.0400085449219,50784,0.0,0.0
2024-09-04 15:50:00-04:00,290.0199890136719,290.80999755859375,289.5400085449219,290.6600036621094,119259,0.0,0.0
2024-09-04 15:55:00-04:00,290.510009765625,291.1099853515625,289.9700012207031,291.1000061035156,198074,0.0,0.0
2024-09-05 09:30:00-04:00,290.7099914550781,292.92999267578125,290.0,291.17999267578125,38756,0.0,0.0
2024-09-05 09:35:00-04:00,291.17999267578125,292.4800109863281,290.885009765625,292.4800109863281,27232,0.0,0.0
2024-09-05 09:40:00-04:00,292.7200012207031,293.989990234375,292.7200012207031,293.114990234375,18685,0.0,0.0
2024-09-05 09:45:00-04:00,293.3800048828125,293.92999267578125,290.0899963378906,290.2099914550781,33926,0.0,0.0
2024-09-05 09:50:00-04:00,290.69000244140625,291.70001220703125,289.82000732421875,291.70001220703125,17488,0.0,0.0
2024-09-05 09:55:00-04:00,291.8999938964844,291.9100036621094,290.6499938964844,290.7510070800781,13740,0.0,0.0
2024-09-05 10:00:00-04:00,290.95001220703125,293.5799865722656,290.95001220703125,293.1199035644531,18795,0.0,0.0
2024-09-05 10:05:00-04:00,292.56500244140625,293.0299987792969,292.1600036621094,292.1600036621094,6446,0.0,0.0
2024-09-05 10:10:00-04:00,291.04998779296875,291.8999938964844,291.01190185546875,291.5799865722656,16551,0.0,0.0
2024-09-05 10:15:00-04:00,291.2200012207031,291.9700012207031,290.8599853515625,291.6000061035156,17596,0.0,0.0
2024-09-05 10:20:00-04:00,292.17999267578125,293.1600036621094,291.9800109863281,293.1600036621094,15147,0.0,0.0
2024-09-05 10:25:00-04:00,293.3299865722656,293.3800048828125,291.3599853515625,291.3599853515625,16797,0.0,0.0
2024-09-05 10:30:00-04:00,291.79998779296875,292.8699951171875,291.79998779296875,292.5199890136719,9510,0.0,0.0
2024-09-05 10:35:00-04:00,292.75,293.5299987792969,292.3399963378906,293.3599853515625,27802,0.0,0.0
2024-09-05 10:40:00-04:00,292.81500244140625,293.2799987792969,292.1400146484375,292.1400146484375,35387,0.0,0.0
2024-09-05 10:45:00-04:00,292.0249938964844,292.0249938964844,289.3500061035156,289.3500061035156,41752,0.0,0.0
2024-09-05 10:50:00-04:00,289.4200134277344,289.67498779296875,288.8500061035156,288.9599914550781,21148,0.0,0.0
2024-09-05 10:55:00-04:00,288.9200134277344,289.4200134277344,287.95001220703125,288.1700134277344,36168,0.0,0.0
2024-09-05 11:00:00-04:00,288.54998779296875,288.55999755859375,287.0400085449219,288.2850036621094,36439,0.0,0.0
2024-09-05 11:05:00-04:00,288.2799987792969,289.70001220703125,288.2799987792969,289.70001220703125,25357,0.0,0.0
2024-09-05 11:10:00-04:00,289.9200134277344,290.1199951171875,288.7799987792969,289.54998779296875,19556,0.0,0.0
2024-09-05 11:15:00-04:00,289.20001220703125,289.79998779296875,289.0299987792969,289.2149963378906,13901,0.0,0.0
2024-09-05 11:20:00-04:00,289.2149963378906,289.7149963378906,288.8999938964844,289.07000732421875,15108,0.0,0.0
2024-09-05 11:25:00-04:00,288.9800109863281,288.9800109863281,288.260009765625,288.7749938964844,21927,0.0,0.0
2024-09-05 11:30:00-04:00,288.7900085449219,288.7900085449219,287.25,287.6145935058594,25418,0.0,0.0
2024-09-05 11:35:00-04:00,287.7799987792969,288.3399963378906,287.7799987792969,288.0150146484375,85397,0.0,0.0
2024-09-05 11:40:00-04:00,288.05999755859375,288.29998779296875,287.8299865722656,287.9599914550781,13803,0.0,0.0
2024-09-05 11:45:00-04:00,288.2300109863281,288.2699890136719,287.5899963378906,287.5899963378906,15927,0.0,0.0
2024-09-05 11:50:00-04:00,287.55999755859375,288.1000061035156,287.5,287.69000244140625,14626,0.0,0.0
2024-09-05 11:55:00-04:00,287.8900146484375,287.9599914550781,287.4949951171875,287.7699890136719,25944,0.0,0.0
2024-09-05 12:00:00-04:00,287.5799865722656,288.3399963378906,287.5799865722656,287.9800109863281,12398,0.0,0.0
2024-09-05 12:05:00-04:00,287.6099853515625,288.44000244140625,287.6099853515625,288.2749938964844,9742,0.0,0.0
2024-09-05 12:10:00-04:00,287.989990234375,287.989990234375,287.5400085449219,287.5400085449219,8761,0.0,0.0
2024-09-05 12:15:00-04:00,287.7300109863281,287.8500061035156,287.2099914550781,287.281005859375,12853,0.0,0.0
2024-09-05 12:20:00-04:00,287.25,287.489990234375,286.94000244140625,286.94000244140625,7996,0.0,0.0
2024-09-05 12:25:00-04:00,286.6099853515625,288.118896484375,286.6099853515625,288.0000915527344,20857,0.0,0.0
2024-09-05 12:30:00-04:00,288.0,288.1700134277344,287.5199890136719,287.5899963378906,15296,0.0,0.0
2024-09-05 12:35:00-04:00,287.5400085449219,288.2510070800781,287.5400085449219,287.989990234375,9678,0.0,0.0
2024-09-05 12:40:00-04:00,287.989990234375,288.5,287.989990234375,288.5,8228,0.0,0.0
2024-09-05 12:45:00-04:00,288.3299865722656,288.3299865722656,287.9800109863281,288.17498779296875,6367,0.0,0.0
2024-09-05 12:50:00-04:00,287.94000244140625,288.32000732421875,287.94000244140625,288.32000732421875,4221,0.0,0.0
2024-09-05 12:55:00-04:00,288.32000732421875,288.6099853515625,287.9800109863281,288.2699890136719,10913,0.0,0.0
2024-09-05 13:00:00-04:00,288.44000244140625,289.29998779296875,288.30999755859375,289.29998779296875,12345,0.0,0.0
2024-09-05 13:05:00-04:00,289.2250061035156,289.260009765625,288.6549987792969,288.9100036621094,11164,0.0,0.0
2024-09-05 13:10:00-04:00,289.0199890136719,290.1050109863281,289.0199890136719,289.8349914550781,9245,0.0,0.0
2024-09-05 13:15:00-04:00,289.7511901855469,290.0400085449219,289.3800048828125,290.0050048828125,6290,0.0,0.0
2024-09-05 13:20:00-04:00,289.94500732421875,290.04998779296875,289.67999267578125,289.7449951171875,5042,0.0,0.0
2024-09-05 13:25:00-04:00,289.79998779296875,290.6000061035156,289.79998779296875,290.5198974609375,10067,0.0,0.0
2024-09-05 13:30:00-04:00,290.29998779296875,290.82000732421875,290.1700134277344,290.79998779296875,9586,0.0,0.0
2024-09-05 13:35:00-04:00,291.1600036621094,292.3800048828125,291.0950012207031,291.9100036621094,19489,0.0,0.0
2024-09-05 13:40:00-04:00,291.92999267578125,292.6600036621094,291.9200134277344,292.4150085449219,10627,0.0,0.0
2024-09-05 13:45:00-04:00,292.57000732421875,293.1499938964844,292.55999755859375,292.92498779296875,14904,0.0,0.0
2024-09-05 13:50:00-04:00,293.0050048828125,293.8599853515625,293.0050048828125,293.42999267578125,13042,0.0,0.0
2024-09-05 13:55:00-04:00,293.70001220703125,293.8800048828125,293.32000732421875,293.32000732421875,9329,0.0,0.0
2024-09-05 14:00:00-04:00,293.7200012207031,293.81500244140625,293.3399963378906,293.739990234375,7822,0.0,0.0
2024-09-05 14:05:00-04:00,293.9200134277344,294.2799987792969,293.5400085449219,293.9800109863281,16432,0.0,0.0
2024-09-05 14:10:00-04:00,294.0299987792969,294.2099914550781,293.67999267578125,293.93499755859375,13468,0.0,0.0
2024-09-05 14:15:00-04:00,293.93499755859375,294.17999267578125,293.5400085449219,293.5799865722656,15508,0.0,0.0
2024-09-05 14:20:00-04:00,293.80499267578125,294.04998779296875,293.5899963378906,293.5899963378906,14145,0.0,0.0
2024-09-05 14:25:00-04:00,293.5299987792969,293.739990234375,293.05999755859375,293.1600036621094,16728,0.0,0.0
2024-09-05 14:30:00-04:00,292.9649963378906,293.239990234375,292.510009765625,293.239990234375,18275,0.0,0.0
2024-09-05 14:35:00-04:00,293.05499267578125,293.32000732421875,292.7099914550781,293.2200012207031,16301,0.0,0.0
2024-09-05 14:40:00-04:00,293.1400146484375,293.239990234375,292.2200012207031,292.4150085449219,15684,0.0,0.0
2024-09-05 14:45:00-04:00,292.4200134277344,292.5,292.2300109863281,292.2300109863281,6573,0.0,0.0
2024-09-05 14:50:00-04:00,292.4100036621094,292.4100036621094,291.5199890136719,291.7900085449219,11875,0.0,0.0
2024-09-05 14:55:00-04:00,291.6499938964844,291.8800048828125,290.989990234375,291.1549987792969,12642,0.0,0.0
2024-09-05 15:00:00-04:00,290.95001220703125,290.95001220703125,290.2099914550781,290.2099914550781,10251,0.0,0.0
2024-09-05 15:05:00-04:00,290.0299987792969,290.510009765625,289.5199890136719,289.6199951171875,19681,0.0,0.0
2024-09-05 15:10:00-04:00,289.6400146484375,289.6400146484375,289.19000244140625,289.4700012207031,10881,0.0,0.0
2024-09-05 15:15:00-04:00,289.29998779296875,289.29998779296875,288.32000732421875,288.875,13094,0.0,0.0
2024-09-05 15:20:00-04:00,288.7099914550781,289.75,288.5350036621094,289.6199951171875,15011,0.0,0.0
2024-09-05 15:25:00-04:00,289.510009765625,289.8900146484375,289.4599914550781,289.7300109863281,12759,0.0,0.0
2024-09-05 15:30:00-04:00,289.7099914550781,290.07000732421875,289.29998779296875,290.07000732421875,15039,0.0,0.0
2024-09-05 15:35:00-04:00,290.04998779296875,290.19500732421875,289.6199951171875,290.0199890136719,17216,0.0,0.0
2024-09-05 15:40:00-04:00,289.92498779296875,289.92498779296875,289.0,289.0,18579,0.0,0.0
2024-09-05 15:45:00-04:00,288.9599914550781,289.8900146484375,288.9599914550781,289.1199951171875,40266,0.0,0.0
2024-09-05 15:50:00-04:00,289.2550048828125,289.29998779296875,288.3800048828125,288.8599853515625,39588,0.0,0.0
2024-09-05 15:55:00-04:00,289.05999755859375,289.94000244140625,289.05999755859375,289.8999938964844,81811,0.0,0.0
2024-09-06 09:30:00-04:00,292.2001037597656,294.2200012207031,291.8699951171875,292.3399963378906,26342,0.0,0.0
2024-09-06 09:35:00-04:00,292.3800048828125,292.4649963378906,289.8599853515625,290.0899963378906,15865,0.0,0.0
2024-09-06 09:40:00-04:00,290.30999755859375,291.2099914550781,290.30999755859375,291.07000732421875,10416,0.0,0.0
2024-09-06 09:45:00-04:00,291.4100036621094,293.70989990234375,291.4100036621094,293.1400146484375,18175,0.0,0.0
2024-09-06 09:50:00-04:00,293.3999938964844,293.3999938964844,291.6400146484375,292.1600036621094,20365,0.0,0.0
2024-09-06 09:55:00-04:00,292.44000244140625,292.44000244140625,290.54998779296875,290.54998779296875,17573,0.0,0.0
2024-09-06 10:00:00-04:00,290.3275146484375,290.45001220703125,289.20001220703125,290.04010009765625,21003,0.0,0.0
2024-09-06 10:05:00-04:00,290.70001220703125,291.4049987792969,290.3299865722656,290.6400146484375,13000,0.0,0.0
2024-09-06 10:10:00-04:00,290.6600036621094,291.7799987792969,289.4216003417969,291.0199890136719,19925,0.0,0.0
2024-09-06 10:15:00-04:00,290.5150146484375,291.1300048828125,290.0299987792969,291.1300048828125,5660,0.0,0.0
2024-09-06 10:20:00-04:00,291.29998779296875,291.79998779296875,289.9949951171875,289.9949951171875,13105,0.0,0.0
2024-09-06 10:25:00-04:00,289.67999267578125,289.7099914550781,288.7301025390625,288.739990234375,14499,0.0,0.0
2024-09-06 10:30:00-04:00,289.0050048828125,289.92999267578125,288.7300109863281,288.8599853515625,13578,0.0,0.0
2024-09-06 10:35:00-04:00,288.510009765625,289.2300109863281,288.19000244140625,288.5400085449219,11857,0.0,0.0
2024-09-06 10:40:00-04:00,288.5400085449219,288.6499938964844,286.6499938964844,286.7900085449219,19403,0.0,0.0
2024-09-06 10:45:00-04:00,286.7900085449219,287.3999938964844,286.7900085449219,287.0775146484375,14952,0.0,0.0
2024-09-06 10:50:00-04:00,287.0625,287.29998779296875,286.1300048828125,286.4599914550781,18780,0.0,0.0
2024-09-06 10:55:00-04:00,285.25,287.2200012207031,285.25,287.2200012207031,23057,0.0,0.0
2024-09-06 11:00:00-04:00,287.54998779296875,289.4200134277344,286.9100036621094,286.9100036621094,24901,0.0,0.0
2024-09-06 11:05:00-04:00,287.2049865722656,287.2049865722656,284.51190185546875,284.6600036621094,17762,0.0,0.0
2024-09-06 11:10:00-04:00,285.1600036621094,286.1000061035156,284.6600036621094,286.002197265625,14980,0.0,0.0
2024-09-06 11:15:00-04:00,285.70001220703125,285.75,283.3999938964844,283.989990234375,16152,0.0,0.0
2024-09-06 11:20:00-04:00,284.1300048828125,284.44000244140625,283.9200134277344,284.0899963378906,19496,0.0,0.0
2024-09-06 11:25:00-04:00,283.7699890136719,284.2300109863281,283.32000732421875,283.8450012207031,8945,0.0,0.0
2024-09-06 11:30:00-04:00,283.9599914550781,284.2300109863281,283.0899963378906,283.1400146484375,16144,0.0,0.0
2024-09-06 11:35:00-04:00,283.0299987792969,283.8999938964844,283.0299987792969,283.4649963378906,8720,0.0,0.0
2024-09-06 11:40:00-04:00,283.3800048828125,283.80999755859375,283.1400146484375,283.3399963378906,8270,0.0,0.0
2024-09-06 11:45:00-04:00,283.3399963378906,283.7200012207031,283.1499938964844,283.7049865722656,11364,0.0,0.0
2024-09-06 11:50:00-04:00,283.70001220703125,283.70001220703125,283.0799865722656,283.67999267578125,8264,0.0,0.0
2024-09-06 11:55:00-04:00,283.67999267578125,283.7200012207031,282.6300048828125,283.25,10449,0.0,0.0
2024-09-06 12:00:00-04:00,283.07000732421875,283.17999267578125,281.8399963378906,281.9725036621094,13319,0.0,0.0
2024-09-06 12:05:00-04:00,282.0,282.510009765625,281.92999267578125,282.0,14281,0.0,0.0
2024-09-06 12:10:00-04:00,282.0,282.1300048828125,281.04998779296875,281.6925048828125,10853,0.0,0.0
2024-09-06 12:15:00-04:00,281.8349914550781,281.8349914550781,280.760009765625,280.92999267578125,10240,0.0,0.0
2024-09-06 12:20:00-04:00,280.8599853515625,281.239990234375,280.2099914550781,280.4700012207031,18388,0.0,0.0
2024-09-06 12:25:00-04:00,280.7850036621094,281.0450134277344,279.5899963378906,279.5899963378906,12925,0.0,0.0
2024-09-06 12:30:00-04:00,279.57000732421875,279.739990234375,278.94000244140625,279.6000061035156,29911,0.0,0.0
2024-09-06 12:35:00-04:00,279.75,279.8500061035156,278.4100036621094,278.4100036621094,19087,0.0,0.0
2024-09-06 12:40:00-04:00,278.4200134277344,278.9700012207031,278.0,278.9700012207031,25307,0.0,0.0
2024-09-06 12:45:00-04:00,278.6099853515625,279.32000732421875,277.75,277.8399963378906,16541,0.0,0.0
2024-09-06 12:50:00-04:00,277.82000732421875,278.07000732421875,277.2950134277344,277.4800109863281,21127,0.0,0.0
2024-09-06 12:55:00-04:00,277.6499938964844,277.7699890136719,277.3399963378906,277.5392150878906,30094,0.0,0.0
2024-09-06 13:00:00-04:00,277.44000244140625,277.7850036621094,277.010009765625,277.7850036621094,22499,0.0,0.0
2024-09-06 13:05:00-04:00,277.82501220703125,278.57000732421875,277.6000061035156,278.57000732421875,13182,0.0,0.0
2024-09-06 13:10:00-04:00,278.4800109863281,279.4599914550781,278.4800109863281,279.2449951171875,17147,0.0,0.0
2024-09-06 13:15:00-04:00,279.4150085449219,279.8800048828125,279.4100036621094,279.7550048828125,10131,0.0,0.0
2024-09-06 13:20:00-04:00,279.7650146484375,281.4800109863281,279.7650146484375,281.0967102050781,13399,0.0,0.0
2024-09-06 13:25:00-04:00,281.4800109863281,281.6099853515625,280.80999755859375,280.94000244140625,13988,0.0,0.0
2024-09-06 13:30:00-04:00,280.6600036621094,281.30999755859375,280.5,281.20989990234375,8661,0.0,0.0
2024-09-06 13:35:00-04:00,280.9800109863281,281.3349914550781,280.739990234375,281.3349914550781,5320,0.0,0.0
2024-09-06 13:40:00-04:00,281.364990234375,281.364990234375,280.5,280.8699951171875,6303,0.0,0.0
2024-09-06 13:45:00-04:00,280.9200134277344,281.19000244140625,280.67999267578125,280.7300109863281,12787,0.0,0.0
2024-09-06 13:50:00-04:00,280.82000732421875,280.8999938964844,280.29998779296875,280.8800048828125,6675,0.0,0.0
2024-09-06 13:55:00-04:00,280.79998779296875,281.260009765625,280.2799987792969,280.5400085449219,10844,0.0,0.0
2024-09-06 14:00:00-04:00,280.6600036621094,280.67999267578125,280.010009765625,280.010009765625,6259,0.0,0.0
2024-09-06 14:05:00-04:00,279.8699951171875,280.1600036621094,279.55999755859375,280.1600036621094,7038,0.0,0.0
2024-09-06 14:10:00-04:00,280.0150146484375,280.17999267578125,279.7699890136719,279.8299865722656,8681,0.0,0.0
2024-09-06 14:15:00-04:00,279.70001220703125,279.8699951171875,279.5,279.67498779296875,10653,0.0,0.0
2024-09-06 14:20:00-04:00,279.67498779296875,279.82000732421875,279.1400146484375,279.80999755859375,9666,0.0,0.0
2024-09-06 14:25:00-04:00,279.7200012207031,280.19000244140625,279.7200012207031,280.0,9558,0.0,0.0
2024-09-06 14:30:00-04:00,280.19000244140625,280.19000244140625,279.2699890136719,279.2699890136719,7210,0.0,0.0
2024-09-06 14:35:00-04:00,279.5299987792969,279.5299987792969,279.2200927734375,279.5050048828125,4029,0.0,0.0
2024-09-06 14:40:00-04:00,279.5050048828125,279.6199951171875,279.2799987792969,279.5799865722656,24476,0.0,0.0
2024-09-06 14:45:00-04:00,279.3900146484375,279.6700134277344,279.25,279.510009765625,16431,0.0,0.0
2024-09-06 14:50:00-04:00,279.510009765625,279.69000244140625,279.3599853515625,279.6400146484375,34865,0.0,0.0
2024-09-06 14:55:00-04:00,279.95001220703125,280.30499267578125,279.8900146484375,280.0899963378906,14701,0.0,0.0
2024-09-06 15:00:00-04:00,280.17999267578125,280.32000732421875,279.760009765625,279.8949890136719,16201,0.0,0.0
2024-09-06 15:05:00-04:00,279.760009765625,280.3699951171875,279.760009765625,280.3349914550781,20238,0.0,0.0
2024-09-06 15:10:00-04:00,280.2799987792969,280.9961853027344,280.2099914550781,280.57501220703125,22425,0.0,0.0
2024-09-06 15:15:00-04:00,280.5799865722656,280.989990234375,280.44000244140625,280.6700134277344,15391,0.0,0.0
2024-09-06 15:20:00-04:00,280.8999938964844,282.4100036621094,280.8999938964844,282.4100036621094,12267,0.0,0.0
2024-09-06 15:25:00-04:00,282.67999267578125,282.8699951171875,282.6050109863281,282.6600036621094,8415,0.0,0.0
2024-09-06 15:30:00-04:00,282.81500244140625,283.0,282.260009765625,283.0,21983,0.0,0.0
2024-09-06 15:35:00-04:00,283.1549987792969,283.2099914550781,281.7200012207031,281.80999755859375,21981,0.0,0.0
2024-09-06 15:40:00-04:00,281.80499267578125,282.42999267578125,281.6099853515625,282.1700134277344,18562,0.0,0.0
2024-09-06 15:45:00-04:00,282.2300109863281,282.6700134277344,282.0400085449219,282.6700134277344,19898,0.0,0.0
2024-09-06 15:50:00-04:00,282.8349914550781,282.8500061035156,281.27069091796875,282.2850036621094,54703,0.0,0.0
2024-09-06 15:55:00-04:00,281.9100036621094,282.1400146484375,281.17999267578125,282.0299987792969,97299,0.0,0.0
2024-09-09 09:30:00-04:00,282.8900146484375,286.4881896972656,282.8900146484375,285.69000244140625,24077,0.0,0.0
2024-09-09 09:35:00-04:00,285.29998779296875,287.70001220703125,285.29998779296875,287.5444030761719,17169,0.0,0.0
2024-09-09 09:40:00-04:00,287.2449951171875,288.81988525390625,286.83758544921875,287.7200012207031,15917,0.0,0.0
2024-09-09 09:45:00-04:00,288.30999755859375,289.0,287.8800048828125,288.5050048828125,17630,0.0,0.0
2024-09-09 09:50:00-04:00,288.70001220703125,289.0,288.0849914550781,288.0849914550781,16133,0.0,0.0
2024-09-09 09:55:00-04:00,288.5899963378906,288.8136901855469,287.66009521484375,288.17999267578125,4381,0.0,0.0
2024-09-09 10:00:00-04:00,288.17999267578125,289.45001220703125,287.8900146484375,288.8949890136719,13663,0.0,0.0
2024-09-09 10:05:00-04:00,288.7850036621094,288.7850036621094,288.1499938964844,288.6000061035156,2532,0.0,0.0
2024-09-09 10:10:00-04:00,288.7349853515625,290.19000244140625,288.3800048828125,289.2699890136719,21326,0.0,0.0
2024-09-09 10:15:00-04:00,289.2799987792969,289.368896484375,287.8700866699219,288.6700134277344,11218,0.0,0.0
2024-09-09 10:20:00-04:00,288.7815856933594,288.9599914550781,288.0,288.0,6398,0.0,0.0
2024-09-09 10:25:00-04:00,288.489990234375,288.69000244140625,288.2699890136719,288.42999267578125,3628,0.0,0.0
2024-09-09 10:30:00-04:00,288.42999267578125,288.42999267578125,287.6099853515625,287.6099853515625,9032,0.0,0.0
2024-09-09 10:35:00-04:00,287.61749267578125,287.67999267578125,286.25,286.44000244140625,6691,0.0,0.0
2024-09-09 10:40:00-04:00,286.3999938964844,287.1700134277344,285.92999267578125,285.92999267578125,12182,0.0,0.0
2024-09-09 10:45:00-04:00,285.95001220703125,286.239990234375,285.3399963378906,286.239990234375,12371,0.0,0.0
2024-09-09 10:50:00-04:00,286.0899963378906,286.2699890136719,284.9100036621094,285.3399963378906,7615,0.0,0.0
2024-09-09 10:55:00-04:00,285.260009765625,285.3299865722656,284.2900085449219,284.3450012207031,5867,0.0,0.0
2024-09-09 11:00:00-04:00,283.260009765625,283.79998779296875,282.94000244140625,283.7799987792969,7093,0.0,0.0
2024-09-09 11:05:00-04:00,283.32000732421875,284.6000061035156,282.8399963378906,284.5299987792969,6870,0.0,0.0
2024-09-09 11:10:00-04:00,283.760009765625,284.1000061035156,282.9200134277344,283.19000244140625,4831,0.0,0.0
2024-09-09 11:15:00-04:00,282.92999267578125,283.5899963378906,282.92999267578125,283.4049987792969,7051,0.0,0.0
2024-09-09 11:20:00-04:00,283.4599914550781,284.260009765625,283.4599914550781,283.8949890136719,7083,0.0,0.0
2024-09-09 11:25:00-04:00,283.4800109863281,283.8800048828125,283.2099914550781,283.8800048828125,4739,0.0,0.0
2024-09-09 11:30:00-04:00,283.7049865722656,284.3999938964844,283.2699890136719,284.125,6667,0.0,0.0
2024-09-09 11:35:00-04:00,284.1400146484375,285.2200012207031,284.1400146484375,285.2200012207031,5482,0.0,0.0
2024-09-09 11:40:00-04:00,285.2200012207031,285.24749755859375,284.80999755859375,285.0950012207031,6489,0.0,0.0
2024-09-09 11:45:00-04:00,284.8500061035156,285.32989501953125,284.82000732421875,285.0350036621094,2222,0.0,0.0
2024-09-09 11:50:00-04:00,285.0350036621094,285.2950134277344,284.82000732421875,285.2950134277344,4392,0.0,0.0
2024-09-09 11:55:00-04:00,285.5299987792969,285.7900085449219,285.5,285.739990234375,4614,0.0,0.0
2024-09-09 12:00:00-04:00,286.0950012207031,286.69000244140625,285.7799987792969,286.69000244140625,6588,0.0,0.0
2024-09-09 12:05:00-04:00,286.6650085449219,286.7698974609375,285.8599853515625,285.8599853515625,8528,0.0,0.0
2024-09-09 12:10:00-04:00,285.75,286.0350036621094,285.739990234375,286.0274963378906,4692,0.0,0.0
2024-09-09 12:15:00-04:00,285.7699890136719,286.3399963378906,285.739990234375,286.3399963378906,2867,0.0,0.0
2024-09-09 12:20:00-04:00,286.3599853515625,287.2099914550781,286.3599853515625,287.1600036621094,8738,0.0,0.0
2024-09-09 12:25:00-04:00,287.2200012207031,287.57000732421875,287.0,287.55999755859375,9259,0.0,0.0
2024-09-09 12:30:00-04:00,287.6700134277344,288.1199951171875,287.6700134277344,288.080810546875,5556,0.0,0.0
2024-09-09 12:35:00-04:00,288.0799865722656,288.0799865722656,287.3699951171875,287.67608642578125,11911,0.0,0.0
2024-09-09 12:40:00-04:00,287.3500061035156,288.1700134277344,287.1499938964844,288.0,8940,0.0,0.0
2024-09-09 12:45:00-04:00,288.0249938964844,288.32989501953125,287.739990234375,287.989990234375,2036,0.0,0.0
2024-09-09 12:50:00-04:00,288.20001220703125,288.30999755859375,288.06500244140625,288.06500244140625,3990,0.0,0.0
2024-09-09 12:55:00-04:00,288.0199890136719,288.1449890136719,287.92999267578125,287.9599914550781,5682,0.0,0.0
2024-09-09 13:00:00-04:00,288.0950012207031,288.0950012207031,287.4200134277344,287.7799987792969,4105,0.0,0.0
2024-09-09 13:05:00-04:00,288.1199951171875,288.5199890136719,288.1199951171875,288.2099914550781,6637,0.0,0.0
2024-09-09 13:10:00-04:00,288.2099914550781,288.4299011230469,287.7200012207031,287.7200012207031,4055,0.0,0.0
2024-09-09 13:15:00-04:00,287.8399963378906,288.0,287.7799987792969,287.95001220703125,2759,0.0,0.0
2024-09-09 13:20:00-04:00,287.79998779296875,287.908203125,287.42498779296875,287.4692077636719,4961,0.0,0.0
2024-09-09 13:25:00-04:00,287.7279968261719,287.760009765625,287.2749938964844,287.4100036621094,6721,0.0,0.0
2024-09-09 13:30:00-04:00,287.5950012207031,287.5950012207031,287.0899963378906,287.3550109863281,6057,0.0,0.0
2024-09-09 13:35:00-04:00,287.4200134277344,288.3900146484375,287.4200134277344,288.3900146484375,5472,0.0,0.0
2024-09-09 13:40:00-04:00,288.5299987792969,288.5299987792969,287.6600036621094,287.8399963378906,4623,0.0,0.0
2024-09-09 13:45:00-04:00,287.7950134277344,288.1000061035156,287.6000061035156,288.0050048828125,5418,0.0,0.0
2024-09-09 13:50:00-04:00,288.0975036621094,288.0975036621094,287.739990234375,287.7650146484375,4723,0.0,0.0
2024-09-09 13:55:00-04:00,287.2300109863281,287.3800048828125,286.8900146484375,286.92498779296875,9988,0.0,0.0
2024-09-09 14:00:00-04:00,286.94500732421875,286.9700012207031,286.5400085449219,286.5400085449219,9012,0.0,0.0
2024-09-09 14:05:00-04:00,286.37091064453125,286.4949951171875,286.37091064453125,286.489990234375,3160,0.0,0.0
2024-09-09 14:10:00-04:00,286.5899963378906,286.5899963378906,286.42999267578125,286.5849914550781,3359,0.0,0.0
2024-09-09 14:15:00-04:00,286.625,286.625,286.20001220703125,286.5,5728,0.0,0.0
2024-09-09 14:20:00-04:00,286.3500061035156,286.3500061035156,285.739990234375,286.1050109863281,5957,0.0,0.0
2024-09-09 14:25:00-04:00,285.94000244140625,286.0014953613281,285.69000244140625,285.94500732421875,3117,0.0,0.0
2024-09-09 14:30:00-04:00,285.6000061035156,285.8299865722656,285.55499267578125,285.8299865722656,5966,0.0,0.0
2024-09-09 14:35:00-04:00,285.7536926269531,285.7536926269531,285.4599914550781,285.6398010253906,1920,0.0,0.0
2024-09-09 14:40:00-04:00,285.2749938964844,286.1099853515625,285.2749938964844,286.1000061035156,3574,0.0,0.0
2024-09-09 14:45:00-04:00,286.1499938964844,286.25,285.55108642578125,285.9700012207031,50507,0.0,0.0
2024-09-09 14:50:00-04:00,286.2049865722656,286.3900146484375,286.0199890136719,286.3800048828125,6755,0.0,0.0
2024-09-09 14:55:00-04:00,286.5,286.9049987792969,286.4649963378906,286.5350036621094,8108,0.0,0.0
2024-09-09 15:00:00-04:00,286.3800048828125,286.8399963378906,286.3800048828125,286.45001220703125,10363,0.0,0.0
2024-09-09 15:05:00-04:00,286.8500061035156,287.0400085449219,286.6400146484375,287.0400085449219,7652,0.0,0.0
2024-09-09 15:10:00-04:00,287.17999267578125,287.3699951171875,286.9150085449219,286.9700012207031,6506,0.0,0.0
2024-09-09 15:15:00-04:00,287.1400146484375,287.3399963378906,286.79998779296875,286.8999938964844,8281,0.0,0.0
2024-09-09 15:20:00-04:00,286.79998779296875,286.80999755859375,286.44000244140625,286.75,5785,0.0,0.0
2024-09-09 15:25:00-04:00,286.8299865722656,287.2900085449219,286.8016052246094,287.2900085449219,8622,0.0,0.0
2024-09-09 15:30:00-04:00,287.1000061035156,287.3999938964844,286.8999938964844,287.0082092285156,8766,0.0,0.0
2024-09-09 15:35:00-04:00,286.36090087890625,286.8399963378906,285.8800048828125,286.04998779296875,12762,0.0,0.0
2024-09-09 15:40:00-04:00,286.2099914550781,287.0,286.2099914550781,286.5899963378906,23590,0.0,0.0
2024-09-09 15:45:00-04:00,286.5400085449219,286.7900085449219,286.05999755859375,286.2099914550781,10448,0.0,0.0
2024-09-09 15:50:00-04:00,286.17999267578125,286.7825012207031,285.9200134277344,286.6400146484375,34875,0.0,0.0
2024-09-09 15:55:00-04:00,286.44000244140625,286.9100036621094,286.17999267578125,286.5899963378906,75568,0.0,0.0
2024-09-10 09:30:00-04:00,288.45001220703125,290.3599853515625,288.07000732421875,289.0950012207031,20220,0.0,0.0
2024-09-10 09:35:00-04:00,289.0950012207031,290.0,288.6300048828125,288.6300048828125,5759,0.0,0.0
2024-09-10 09:40:00-04:00,288.9549865722656,290.1499938964844,287.9700927734375,290.1499938964844,18611,0.0,0.0
2024-09-10 09:45:00-04:00,290.5,293.0,289.9700012207031,291.6000061035156,16118,0.0,0.0
2024-09-10 09:50:00-04:00,291.20001220703125,292.0487060546875,290.80999755859375,291.8349914550781,6968,0.0,0.0
2024-09-10 09:55:00-04:00,292.0,292.39990234375,290.4960021972656,290.9549865722656,9752,0.0,0.0
2024-09-10 10:00:00-04:00,291.5,292.67999267578125,291.20001220703125,292.3599853515625,33447,0.0,0.0
2024-09-10 10:05:00-04:00,292.3900146484375,293.75,291.6099853515625,293.44000244140625,31213,0.0,0.0
2024-09-10 10:10:00-04:00,293.44000244140625,293.44000244140625,289.1600036621094,289.4800109863281,24854,0.0,0.0
2024-09-10 10:15:00-04:00,289.7998962402344,290.30999755859375,289.635009765625,289.635009765625,10099,0.0,0.0
2024-09-10 10:20:00-04:00,289.2449951171875,289.2449951171875,288.3500061035156,289.1300048828125,14028,0.0,0.0
2024-09-10 10:25:00-04:00,289.260009765625,290.7950134277344,289.0899963378906,290.7950134277344,6898,0.0,0.0
2024-09-10 10:30:00-04:00,291.34869384765625,291.34869384765625,289.4599914550781,289.6499938964844,6542,0.0,0.0
2024-09-10 10:35:00-04:00,289.6499938964844,290.32000732421875,289.37030029296875,289.8500061035156,8812,0.0,0.0
2024-09-10 10:40:00-04:00,290.3299865722656,290.3299865722656,288.44000244140625,288.44000244140625,5974,0.0,0.0
2024-09-10 10:45:00-04:00,288.9200134277344,289.5,288.6199951171875,289.4100036621094,7305,0.0,0.0
2024-09-10 10:50:00-04:00,289.1499938964844,289.1499938964844,288.2200012207031,288.8877868652344,7724,0.0,0.0
2024-09-10 10:55:00-04:00,288.8299865722656,289.5400085449219,288.8299865722656,289.5400085449219,2862,0.0,0.0
2024-09-10 11:00:00-04:00,289.68499755859375,290.30999755859375,289.44000244140625,290.30999755859375,11791,0.0,0.0
2024-09-10 11:05:00-04:00,290.3699951171875,291.55999755859375,290.1700134277344,291.51019287109375,12569,0.0,0.0
2024-09-10 11:10:00-04:00,291.31500244140625,291.32000732421875,290.6499938964844,290.9961853027344,8670,0.0,0.0
2024-09-10 11:15:00-04:00,290.7049865722656,291.29998779296875,290.7049865722656,291.20001220703125,11905,0.0,0.0
2024-09-10 11:20:00-04:00,291.19000244140625,291.8699951171875,291.18670654296875,291.8699951171875,8946,0.0,0.0
2024-09-10 11:25:00-04:00,292.0799865722656,292.32501220703125,291.55999755859375,291.7950134277344,20473,0.0,0.0
2024-09-10 11:30:00-04:00,291.9700012207031,292.04998779296875,291.16009521484375,291.94000244140625,5912,0.0,0.0
2024-09-10 11:35:00-04:00,291.3659973144531,291.9599914550781,290.94500732421875,290.94500732421875,4596,0.0,0.0
2024-09-10 11:40:00-04:00,291.5299987792969,291.55999755859375,290.9200134277344,290.9200134277344,4459,0.0,0.0
2024-09-10 11:45:00-04:00,290.8349914550781,291.05999755859375,290.2799987792969,290.70001220703125,6297,0.0,0.0
2024-09-10 11:50:00-04:00,290.5450134277344,290.5450134277344,289.26080322265625,289.81781005859375,13935,0.0,0.0
2024-09-10 11:55:00-04:00,289.57000732421875,289.8399963378906,288.6000061035156,288.9049987792969,6179,0.0,0.0
2024-09-10 12:00:00-04:00,288.489990234375,288.95001220703125,288.19000244140625,288.19000244140625,6053,0.0,0.0
2024-09-10 12:05:00-04:00,288.44000244140625,288.7514953613281,287.8599853515625,288.1700134277344,6625,0.0,0.0
2024-09-10 12:10:00-04:00,288.1099853515625,288.4100036621094,288.0299987792969,288.1499938964844,2412,0.0,0.0
2024-09-10 12:15:00-04:00,288.2300109863281,288.9100036621094,288.07000732421875,288.9100036621094,4763,0.0,0.0
2024-09-10 12:20:00-04:00,288.7900085449219,288.9200134277344,288.70001220703125,288.9200134277344,2935,0.0,0.0
2024-09-10 12:25:00-04:00,288.9150085449219,289.239990234375,288.82000732421875,289.239990234375,4060,0.0,0.0
2024-09-10 12:30:00-04:00,289.0350036621094,289.489990234375,288.8299865722656,289.19000244140625,4630,0.0,0.0
2024-09-10 12:35:00-04:00,289.19000244140625,289.7699890136719,289.19000244140625,289.7699890136719,2608,0.0,0.0
2024-09-10 12:40:00-04:00,289.9100036621094,290.2489929199219,289.54998779296875,289.8299865722656,8492,0.0,0.0
2024-09-10 12:45:00-04:00,289.8800048828125,290.3599853515625,289.5899963378906,290.3599853515625,3694,0.0,0.0
2024-09-10 12:50:00-04:00,290.2356872558594,290.9700012207031,290.1449890136719,290.9700012207031,5218,0.0,0.0
2024-09-10 12:55:00-04:00,290.81500244140625,290.81500244140625,290.29998779296875,290.6390075683594,4630,0.0,0.0
2024-09-10 13:00:00-04:00,290.3900146484375,291.5299072265625,290.3900146484375,291.239990234375,8174,0.0,0.0
2024-09-10 13:05:00-04:00,290.9599914550781,291.2900085449219,290.9599914550781,291.2900085449219,5566,0.0,0.0
2024-09-10 13:10:00-04:00,291.5299987792969,292.39990234375,291.489990234375,292.2900085449219,5830,0.0,0.0
2024-09-10 13:15:00-04:00,292.2900085449219,292.44000244140625,292.0754089355469,292.19500732421875,3217,0.0,0.0
2024-09-10 13:20:00-04:00,292.1499938964844,292.3900146484375,291.9100036621094,292.3900146484375,3243,0.0,0.0
2024-09-10 13:25:00-04:00,292.07000732421875,292.19500732421875,291.3800048828125,291.3800048828125,3936,0.0,0.0
2024-09-10 13:30:00-04:00,291.69000244140625,291.69000244140625,291.6549987792969,291.6549987792969,1639,0.0,0.0
2024-09-10 13:35:00-04:00,291.489990234375,291.67999267578125,291.32000732421875,291.32000732421875,1592,0.0,0.0
2024-09-10 13:40:00-04:00,291.3999938964844,291.4200134277344,291.06500244140625,291.06500244140625,4119,0.0,0.0
2024-09-10 13:45:00-04:00,291.2900085449219,291.3800048828125,290.95001220703125,291.1499938964844,4091,0.0,0.0
2024-09-10 13:50:00-04:00,291.3999938964844,291.42999267578125,290.94000244140625,290.94000244140625,2644,0.0,0.0
2024-09-10 13:55:00-04:00,290.9100036621094,291.29998779296875,290.53009033203125,291.29998779296875,6436,0.0,0.0
2024-09-10 14:00:00-04:00,291.29998779296875,291.8450012207031,291.239990234375,291.5899963378906,7012,0.0,0.0
2024-09-10 14:05:00-04:00,291.4800109863281,291.82000732421875,291.29998779296875,291.82000732421875,5321,0.0,0.0
2024-09-10 14:10:00-04:00,291.57501220703125,291.80999755859375,291.44000244140625,291.6600036621094,6779,0.0,0.0
2024-09-10 14:15:00-04:00,291.8550109863281,292.0799865722656,291.3301086425781,292.0150146484375,13234,0.0,0.0
2024-09-10 14:20:00-04:00,292.2799987792969,292.32000732421875,291.840087890625,292.1199951171875,11752,0.0,0.0
2024-09-10 14:25:00-04:00,292.1199951171875,292.32989501953125,291.840087890625,292.25,4712,0.0,0.0
2024-09-10 14:30:00-04:00,292.32000732421875,292.5299987792969,292.20001220703125,292.20001220703125,8775,0.0,0.0
2024-09-10 14:35:00-04:00,292.260009765625,292.260009765625,292.0199890136719,292.0400085449219,4930,0.0,0.0
2024-09-10 14:40:00-04:00,291.8599853515625,292.125,291.7101135253906,291.7101135253906,5142,0.0,0.0
2024-09-10 14:45:00-04:00,291.94000244140625,292.08489990234375,291.7200012207031,291.8999938964844,2870,0.0,0.0
2024-09-10 14:50:00-04:00,291.8999938964844,291.8999938964844,291.4200134277344,291.5400085449219,5572,0.0,0.0
2024-09-10 14:55:00-04:00,291.6400146484375,291.80999755859375,290.8999938964844,291.0,23039,0.0,0.0
2024-09-10 15:00:00-04:00,290.9800109863281,291.2699890136719,290.8699951171875,291.2699890136719,7046,0.0,0.0
2024-09-10 15:05:00-04:00,291.3399963378906,291.3399963378906,290.9200134277344,290.9700012207031,5371,0.0,0.0
2024-09-10 15:10:00-04:00,291.2699890136719,291.4800109863281,291.12469482421875,291.4800109863281,7782,0.0,0.0
2024-09-10 15:15:00-04:00,291.2699890136719,291.2699890136719,290.8399963378906,290.8699951171875,6879,0.0,0.0
2024-09-10 15:20:00-04:00,290.7200012207031,291.2300109863281,290.610107421875,291.2300109863281,8839,0.0,0.0
2024-09-10 15:25:00-04:00,291.32000732421875,292.1099853515625,291.19970703125,292.0350036621094,11338,0.0,0.0
2024-09-10 15:30:00-04:00,292.0350036621094,292.1199951171875,291.32000732421875,291.32000732421875,11885,0.0,0.0
2024-09-10 15:35:00-04:00,291.5150146484375,291.5150146484375,290.8800048828125,290.8800048828125,9850,0.0,0.0
2024-09-10 15:40:00-04:00,290.94000244140625,291.42999267578125,290.8500061035156,291.2349853515625,16795,0.0,0.0
2024-09-10 15:45:00-04:00,291.2699890136719,291.80999755859375,291.1549987792969,291.6400146484375,16483,0.0,0.0
2024-09-10 15:50:00-04:00,291.3599853515625,291.510009765625,290.7900085449219,291.2099914550781,30961,0.0,0.0
2024-09-10 15:55:00-04:00,291.30999755859375,291.8900146484375,291.07000732421875,291.5899963378906,68039,0.0,0.0
2024-09-11 09:30:00-04:00,291.45001220703125,291.6199951171875,289.614990234375,289.614990234375,13630,0.0,0.0
2024-09-11 09:35:00-04:00,290.3599853515625,291.2099914550781,289.7301025390625,291.2099914550781,1196,0.0,0.0
2024-09-11 09:40:00-04:00,290.19000244140625,291.0899963378906,290.19000244140625,290.739990234375,2708,0.0,0.0
2024-09-11 09:45:00-04:00,290.9100036621094,292.8900146484375,290.67999267578125,292.2950134277344,8590,0.0,0.0
2024-09-11 09:50:00-04:00,292.44000244140625,293.6671142578125,292.07000732421875,292.92999267578125,7940,0.0,0.0
2024-09-11 09:55:00-04:00,293.34991455078125,293.34991455078125,292.4140930175781,292.4140930175781,7589,0.0,0.0
2024-09-11 10:00:00-04:00,292.489990234375,293.79998779296875,292.489990234375,293.385009765625,12963,0.0,0.0
2024-09-11 10:05:00-04:00,293.3699951171875,293.5,291.5199890136719,291.5199890136719,16092,0.0,0.0
2024-09-11 10:10:00-04:00,291.5199890136719,292.0,290.6499938964844,290.6499938964844,7498,0.0,0.0
2024-09-11 10:15:00-04:00,290.9873962402344,290.9873962402344,288.989990234375,289.8399963378906,16790,0.0,0.0
2024-09-11 10:20:00-04:00,289.0899963378906,290.0199890136719,289.0899963378906,289.7200012207031,2987,0.0,0.0
2024-09-11 10:25:00-04:00,289.6099853515625,289.7200012207031,289.0,289.3999938964844,7965,0.0,0.0
2024-09-11 10:30:00-04:00,289.32000732421875,289.55999755859375,288.760009765625,288.80999755859375,8837,0.0,0.0
2024-09-11 10:35:00-04:00,288.8999938964844,289.114990234375,288.7300109863281,288.8599853515625,3121,0.0,0.0
2024-09-11 10:40:00-04:00,288.510009765625,288.7699890136719,287.6400146484375,287.79998779296875,10972,0.0,0.0
2024-09-11 10:45:00-04:00,287.92999267578125,287.92999267578125,286.5799865722656,286.5799865722656,9584,0.0,0.0
2024-09-11 10:50:00-04:00,286.5799865722656,286.92999267578125,286.1199951171875,286.5,6929,0.0,0.0
2024-09-11 10:55:00-04:00,286.6300048828125,286.6300048828125,285.3599853515625,286.2200012207031,25176,0.0,0.0
2024-09-11 11:00:00-04:00,286.1499938964844,286.7699890136719,285.6650085449219,286.7699890136719,15052,0.0,0.0
2024-09-11 11:05:00-04:00,288.04998779296875,288.2300109863281,287.93499755859375,287.9375,10797,0.0,0.0
2024-09-11 11:10:00-04:00,287.7200012207031,289.6400146484375,287.7200012207031,289.6400146484375,5830,0.0,0.0
2024-09-11 11:15:00-04:00,289.6400146484375,289.79998779296875,289.25,289.32000732421875,4973,0.0,0.0
2024-09-11 11:20:00-04:00,289.0799865722656,289.0799865722656,288.20001220703125,288.20001220703125,7201,0.0,0.0
2024-09-11 11:25:00-04:00,288.2749938964844,288.5199890136719,288.03009033203125,288.1199951171875,2883,0.0,0.0
2024-09-11 11:30:00-04:00,288.55999755859375,288.8550109863281,288.2799987792969,288.54998779296875,4419,0.0,0.0
2024-09-11 11:35:00-04:00,288.8500061035156,289.3399963378906,288.8349914550781,289.3399963378906,1752,0.0,0.0
2024-09-11 11:40:00-04:00,289.2900085449219,289.5798034667969,288.89111328125,289.5798034667969,2383,0.0,0.0
2024-09-11 11:45:00-04:00,289.5950012207031,290.5899963378906,289.3500061035156,289.9844055175781,11481,0.0,0.0
2024-09-11 11:50:00-04:00,290.20001220703125,291.07000732421875,290.0849914550781,290.8800048828125,35946,0.0,0.0
2024-09-11 11:55:00-04:00,290.8800048828125,291.2149963378906,289.9800109863281,291.2149963378906,22809,0.0,0.0
2024-09-11 12:00:00-04:00,291.04998779296875,292.69000244140625,291.04998779296875,291.9700012207031,7124,0.0,0.0
2024-09-11 12:05:00-04:00,292.5199890136719,292.9800109863281,292.5199890136719,292.7898864746094,8068,0.0,0.0
2024-09-11 12:10:00-04:00,292.8900146484375,293.6000061035156,292.5899963378906,293.5199890136719,9785,0.0,0.0
2024-09-11 12:15:00-04:00,293.75,293.8999938964844,293.4700012207031,293.8599853515625,6320,0.0,0.0
2024-09-11 12:20:00-04:00,293.8800048828125,295.20001220703125,293.8800048828125,294.0400085449219,25246,0.0,0.0
2024-09-11 12:25:00-04:00,294.1243896484375,294.510009765625,293.8500061035156,294.510009765625,4396,0.0,0.0
2024-09-11 12:30:00-04:00,294.67999267578125,294.8900146484375,294.2290954589844,294.5,12338,0.0,0.0
2024-09-11 12:35:00-04:00,294.4150085449219,295.010009765625,294.03009033203125,294.82000732421875,28344,0.0,0.0
2024-09-11 12:40:00-04:00,294.82000732421875,294.82000732421875,293.8700866699219,294.2200012207031,10545,0.0,0.0
2024-09-11 12:45:00-04:00,294.4200134277344,295.3299865722656,294.4200134277344,294.489990234375,12345,0.0,0.0
2024-09-11 12:50:00-04:00,294.5,295.2049865722656,294.3699951171875,295.2049865722656,20745,0.0,0.0
2024-09-11 12:55:00-04:00,295.17999267578125,295.42999267578125,294.67999267578125,295.3299865722656,13755,0.0,0.0
2024-09-11 13:00:00-04:00,295.3299865722656,296.0400085449219,295.1600036621094,295.70001220703125,11711,0.0,0.0
2024-09-11 13:05:00-04:00,295.7099914550781,296.0400085449219,295.239990234375,295.3599853515625,12004,0.0,0.0
2024-09-11 13:10:00-04:00,295.55999755859375,295.7099914550781,295.32000732421875,295.5,7739,0.0,0.0
2024-09-11 13:15:00-04:00,295.5199890136719,295.7699890136719,295.4100036621094,295.56500244140625,7667,0.0,0.0
2024-09-11 13:20:00-04:00,295.4049987792969,295.45001220703125,295.0799865722656,295.260009765625,6212,0.0,0.0
2024-09-11 13:25:00-04:00,295.3699951171875,295.9599914550781,295.3699951171875,295.70001220703125,8432,0.0,0.0
2024-09-11 13:30:00-04:00,295.8800048828125,296.019287109375,295.55999755859375,296.0150146484375,6337,0.0,0.0
2024-09-11 13:35:00-04:00,296.2300109863281,296.5,296.1449890136719,296.32000732421875,12027,0.0,0.0
2024-09-11 13:40:00-04:00,296.32000732421875,296.8999938964844,296.2900085449219,296.3949890136719,10006,0.0,0.0
2024-09-11 13:45:00-04:00,296.3900146484375,297.2099914550781,296.3900146484375,297.0350036621094,9471,0.0,0.0
2024-09-11 13:50:00-04:00,297.0375061035156,297.2749938964844,296.18780517578125,296.18780517578125,8793,0.0,0.0
2024-09-11 13:55:00-04:00,296.3500061035156,296.7666015625,296.3500061035156,296.7149963378906,7449,0.0,0.0
2024-09-11 14:00:00-04:00,296.82000732421875,296.9200134277344,296.614990234375,296.614990234375,5887,0.0,0.0
2024-09-11 14:05:00-04:00,296.614990234375,296.9200134277344,296.54998779296875,296.78839111328125,5138,0.0,0.0
2024-09-11 14:10:00-04:00,296.95001220703125,297.3599853515625,296.760009765625,296.8450012207031,14443,0.0,0.0
2024-09-11 14:15:00-04:00,296.8349914550781,296.8349914550781,296.07501220703125,296.1400146484375,7516,0.0,0.0
2024-09-11 14:20:00-04:00,296.3500061035156,296.6300048828125,296.2900085449219,296.4800109863281,8486,0.0,0.0
2024-09-11 14:25:00-04:00,296.3299865722656,297.625,296.2063903808594,297.44500732421875,13008,0.0,0.0
2024-09-11 14:30:00-04:00,297.43499755859375,297.864990234375,297.1199951171875,297.2900085449219,11780,0.0,0.0
2024-09-11 14:35:00-04:00,297.2900085449219,297.510009765625,296.97540283203125,297.1700134277344,10006,0.0,0.0
2024-09-11 14:40:00-04:00,297.3550109863281,297.989990234375,297.3324890136719,297.8450012207031,10943,0.0,0.0
2024-09-11 14:45:00-04:00,297.8399963378906,297.8699951171875,297.4200134277344,297.6449890136719,11262,0.0,0.0
2024-09-11 14:50:00-04:00,297.6549987792969,297.6549987792969,297.1000061035156,297.1400146484375,12874,0.0,0.0
2024-09-11 14:55:00-04:00,297.0199890136719,297.75,297.0199890136719,297.2200012207031,14922,0.0,0.0
2024-09-11 15:00:00-04:00,297.37249755859375,297.375,296.6700134277344,296.7850036621094,8947,0.0,0.0
2024-09-11 15:05:00-04:00,296.8699951171875,297.07501220703125,296.79998779296875,297.0400085449219,11237,0.0,0.0
2024-09-11 15:10:00-04:00,297.0,297.0570068359375,296.510009765625,296.7550048828125,12339,0.0,0.0
2024-09-11 15:15:00-04:00,296.95001220703125,297.0400085449219,296.69000244140625,296.80999755859375,14214,0.0,0.0
2024-09-11 15:20:00-04:00,297.0199890136719,297.1300048828125,296.8399963378906,296.8399963378906,9466,0.0,0.0
2024-09-11 15:25:00-04:00,296.8999938964844,297.1199951171875,296.79998779296875,297.1199951171875,8653,0.0,0.0
2024-09-11 15:30:00-04:00,297.2200012207031,297.2200012207031,296.864990234375,296.8999938964844,20339,0.0,0.0
2024-09-11 15:35:00-04:00,297.0199890136719,297.0199890136719,296.7200012207031,296.7850036621094,18381,0.0,0.0
2024-09-11 15:40:00-04:00,296.7950134277344,296.9049987792969,296.3901062011719,296.760009765625,12066,0.0,0.0
2024-09-11 15:45:00-04:00,296.9800109863281,296.9800109863281,296.20001220703125,296.6549987792969,21661,0.0,0.0
2024-09-11 15:50:00-04:00,296.92999267578125,297.510009765625,296.3999938964844,297.1199951171875,44567,0.0,0.0
2024-09-11 15:55:00-04:00,296.8399963378906,296.9949951171875,296.1300048828125,296.8399963378906,104940,0.0,0.0
2024-09-12 09:30:00-04:00,296.2200012207031,297.20001220703125,296.2200012207031,297.1600036621094,16749,0.0,0.0
2024-09-12 09:35:00-04:00,296.989990234375,296.989990234375,295.67498779296875,295.80999755859375,7669,0.0,0.0
2024-09-12 09:40:00-04:00,295.989990234375,296.82501220703125,295.989990234375,296.1600036621094,5163,0.0,0.0
2024-09-12 09:45:00-04:00,295.6499938964844,296.0400085449219,294.5450134277344,294.864990234375,10457,0.0,0.0
2024-09-12 09:50:00-04:00,294.864990234375,296.0849914550781,294.75,296.0849914550781,21077,0.0,0.0
2024-09-12 09:55:00-04:00,295.9949951171875,296.1400146484375,295.5,296.0,9567,0.0,0.0
2024-09-12 10:00:00-04:00,296.2900085449219,296.2900085449219,295.3399963378906,295.3399963378906,9764,0.0,0.0
2024-09-12 10:05:00-04:00,295.5249938964844,295.5802001953125,294.29998779296875,294.44500732421875,7414,0.0,0.0
2024-09-12 10:10:00-04:00,294.57000732421875,295.80999755859375,294.5375061035156,295.5950012207031,11219,0.0,0.0
2024-09-12 10:15:00-04:00,295.489990234375,295.5199890136719,295.1400146484375,295.1700134277344,3569,0.0,0.0
2024-09-12 10:20:00-04:00,294.54998779296875,294.760009765625,294.5150146484375,294.5150146484375,3365,0.0,0.0
2024-09-12 10:25:00-04:00,295.0,295.3800048828125,294.46759033203125,295.3800048828125,3675,0.0,0.0
2024-09-12 10:30:00-04:00,295.1199951171875,295.8900146484375,295.1199951171875,295.20001220703125,14212,0.0,0.0
2024-09-12 10:35:00-04:00,295.20001220703125,295.2099914550781,294.3800048828125,294.5400085449219,24933,0.0,0.0
2024-09-12 10:40:00-04:00,294.5400085449219,295.1099853515625,294.45001220703125,294.5325012207031,9007,0.0,0.0
2024-09-12 10:45:00-04:00,294.5299987792969,295.1300048828125,294.5249938964844,295.0799865722656,14962,0.0,0.0
2024-09-12 10:50:00-04:00,295.1499938964844,295.3500061035156,294.9599914550781,295.3399963378906,4481,0.0,0.0
2024-09-12 10:55:00-04:00,295.3299865722656,295.3500061035156,293.95001220703125,293.9700012207031,9376,0.0,0.0
2024-09-12 11:00:00-04:00,293.4700012207031,294.1199951171875,293.4700012207031,294.1199951171875,5708,0.0,0.0
2024-09-12 11:05:00-04:00,294.0450134277344,295.4433898925781,293.8800048828125,295.4433898925781,10060,0.0,0.0
2024-09-12 11:10:00-04:00,294.7699890136719,295.6499938964844,294.7650146484375,295.55499267578125,6717,0.0,0.0
2024-09-12 11:15:00-04:00,295.4649963378906,295.6400146484375,294.7875061035156,295.010009765625,5496,0.0,0.0
2024-09-12 11:20:00-04:00,295.0050048828125,295.02880859375,293.614990234375,294.07000732421875,4953,0.0,0.0
2024-09-12 11:25:00-04:00,293.989990234375,294.7200012207031,293.6099853515625,294.29998779296875,8646,0.0,0.0
2024-09-12 11:30:00-04:00,294.0,295.0849914550781,294.0,295.0849914550781,3455,0.0,0.0
2024-09-12 11:35:00-04:00,295.0899963378906,295.739990234375,295.0899963378906,295.6300048828125,10721,0.0,0.0
2024-09-12 11:40:00-04:00,295.6000061035156,295.6099853515625,294.80999755859375,295.2900085449219,10985,0.0,0.0
2024-09-12 11:45:00-04:00,294.9800109863281,295.20001220703125,294.8500061035156,295.0400085449219,6108,0.0,0.0
2024-09-12 11:50:00-04:00,295.0799865722656,295.29998779296875,294.82000732421875,294.94500732421875,11761,0.0,0.0
2024-09-12 11:55:00-04:00,294.9700012207031,295.17999267578125,294.5841064453125,294.80999755859375,14622,0.0,0.0
2024-09-12 12:00:00-04:00,294.7799987792969,295.239990234375,294.7099914550781,295.19500732421875,7909,0.0,0.0
2024-09-12 12:05:00-04:00,295.19781494140625,295.19781494140625,294.82000732421875,295.0450134277344,5815,0.0,0.0
2024-09-12 12:10:00-04:00,295.04998779296875,295.1400146484375,294.75,294.86248779296875,7028,0.0,0.0
2024-09-12 12:15:00-04:00,294.86749267578125,294.86749267578125,293.8299865722656,294.260009765625,8745,0.0,0.0
2024-09-12 12:20:00-04:00,294.2650146484375,294.50738525390625,294.0,294.1449890136719,6246,0.0,0.0
2024-09-12 12:25:00-04:00,294.3500061035156,294.69000244140625,294.3399963378906,294.67999267578125,7388,0.0,0.0
2024-09-12 12:30:00-04:00,294.82000732421875,295.4800109863281,294.82000732421875,295.0899963378906,17917,0.0,0.0
2024-09-12 12:35:00-04:00,295.0899963378906,295.1000061035156,294.5950012207031,294.5950012207031,5086,0.0,0.0
2024-09-12 12:40:00-04:00,294.4649963378906,294.8299865722656,294.42498779296875,294.760009765625,6159,0.0,0.0
2024-09-12 12:45:00-04:00,294.760009765625,294.78021240234375,294.55499267578125,294.7049865722656,3048,0.0,0.0
2024-09-12 12:50:00-04:00,294.7049865722656,295.6300048828125,294.7049865722656,295.6300048828125,10236,0.0,0.0
2024-09-12 12:55:00-04:00,295.31500244140625,296.1199951171875,295.2149963378906,296.1199951171875,13526,0.0,0.0
2024-09-12 13:00:00-04:00,296.0050048828125,296.32000732421875,296.0050048828125,296.1499938964844,3332,0.0,0.0
2024-09-12 13:05:00-04:00,295.90008544921875,296.0350036621094,295.75,296.0350036621094,3066,0.0,0.0
2024-09-12 13:10:00-04:00,295.9100036621094,296.5199890136719,295.9100036621094,296.42498779296875,7283,0.0,0.0
2024-09-12 13:15:00-04:00,296.3399963378906,296.42950439453125,296.30999755859375,296.3450012207031,2512,0.0,0.0
2024-09-12 13:20:00-04:00,296.25,296.40789794921875,296.1499938964844,296.364990234375,5605,0.0,0.0
2024-09-12 13:25:00-04:00,296.30499267578125,296.30499267578125,295.8800048828125,295.95001220703125,3843,0.0,0.0
2024-09-12 13:30:00-04:00,295.6650085449219,295.8699951171875,295.05999755859375,295.2449951171875,12482,0.0,0.0
2024-09-12 13:35:00-04:00,295.2449951171875,295.5400085449219,294.9800109863281,295.44000244140625,12491,0.0,0.0
2024-09-12 13:40:00-04:00,295.57000732421875,296.0350036621094,295.57000732421875,296.0350036621094,5095,0.0,0.0
2024-09-12 13:45:00-04:00,296.1700134277344,296.5,296.1700134277344,296.489990234375,4846,0.0,0.0
2024-09-12 13:50:00-04:00,296.5,296.8500061035156,296.2799987792969,296.7250061035156,6332,0.0,0.0
2024-09-12 13:55:00-04:00,296.9200134277344,296.9800109863281,296.54998779296875,296.82989501953125,7687,0.0,0.0
2024-09-12 14:00:00-04:00,296.57501220703125,296.9599914550781,296.57501220703125,296.8299865722656,4528,0.0,0.0
2024-09-12 14:05:00-04:00,296.8500061035156,296.8949890136719,296.6199951171875,296.739990234375,3507,0.0,0.0
2024-09-12 14:10:00-04:00,296.3699951171875,296.5299987792969,296.239990234375,296.29998779296875,3568,0.0,0.0
2024-09-12 14:15:00-04:00,296.5050048828125,296.75,295.93499755859375,296.635009765625,19165,0.0,0.0
2024-09-12 14:20:00-04:00,296.6300048828125,297.1549987792969,296.6300048828125,297.1099853515625,9471,0.0,0.0
2024-09-12 14:25:00-04:00,297.3500061035156,297.5299987792969,297.239990234375,297.4750061035156,5015,0.0,0.0
2024-09-12 14:30:00-04:00,297.3999938964844,297.7200012207031,297.3081970214844,297.7200012207031,7764,0.0,0.0
2024-09-12 14:35:00-04:00,297.7650146484375,298.5,297.7650146484375,298.5,11294,0.0,0.0
2024-09-12 14:40:00-04:00,298.69000244140625,298.92498779296875,298.5799865722656,298.82000732421875,6247,0.0,0.0
2024-09-12 14:45:00-04:00,298.6300048828125,298.6300048828125,298.04998779296875,298.1600036621094,6834,0.0,0.0
2024-09-12 14:50:00-04:00,297.94000244140625,297.94000244140625,296.44000244140625,296.7900085449219,14477,0.0,0.0
2024-09-12 14:55:00-04:00,296.7099914550781,297.05499267578125,296.6600036621094,296.9750061035156,12844,0.0,0.0
2024-09-12 15:00:00-04:00,296.82501220703125,297.5050048828125,296.82501220703125,297.3349914550781,11844,0.0,0.0
2024-09-12 15:05:00-04:00,297.55999755859375,297.95001220703125,297.5450134277344,297.95001220703125,7381,0.0,0.0
2024-09-12 15:10:00-04:00,297.9800109863281,298.1099853515625,297.6300048828125,297.6300048828125,6156,0.0,0.0
2024-09-12 15:15:00-04:00,297.3800048828125,297.69000244140625,297.3349914550781,297.5675048828125,8422,0.0,0.0
2024-09-12 15:20:00-04:00,297.614990234375,297.614990234375,297.45001220703125,297.5299987792969,5801,0.0,0.0
2024-09-12 15:25:00-04:00,297.55999755859375,297.55999755859375,296.5400085449219,296.7250061035156,10782,0.0,0.0
2024-09-12 15:30:00-04:00,296.5899963378906,296.9100036621094,296.340087890625,296.55999755859375,13473,0.0,0.0
2024-09-12 15:35:00-04:00,296.5450134277344,296.75,296.1684875488281,296.32501220703125,8626,0.0,0.0
2024-09-12 15:40:00-04:00,296.1600036621094,296.2699890136719,295.6099853515625,296.0899963378906,14131,0.0,0.0
2024-09-12 15:45:00-04:00,296.2349853515625,296.2349853515625,295.0400085449219,295.3800048828125,19840,0.0,0.0
2024-09-12 15:50:00-04:00,295.2300109863281,295.6099853515625,294.135009765625,294.24749755859375,32615,0.0,0.0
2024-09-12 15:55:00-04:00,294.3949890136719,295.6600036621094,294.3949890136719,295.2301940917969,122875,0.0,0.0
2024-09-13 09:30:00-04:00,295.6199951171875,297.3999938964844,295.55999755859375,297.2799987792969,13130,0.0,0.0
2024-09-13 09:35:00-04:00,297.3299865722656,297.3500061035156,295.5,295.5,6413,0.0,0.0
2024-09-13 09:40:00-04:00,296.2699890136719,297.9700012207031,295.93499755859375,296.69000244140625,14913,0.0,0.0
2024-09-13 09:45:00-04:00,297.6099853515625,298.32000732421875,296.9200134277344,298.0199890136719,18269,0.0,0.0
2024-09-13 09:50:00-04:00,298.239990234375,298.30999755859375,297.59698486328125,298.2099914550781,10089,0.0,0.0
2024-09-13 09:55:00-04:00,297.93499755859375,298.9800109863281,297.760009765625,298.69000244140625,16049,0.0,0.0
2024-09-13 10:00:00-04:00,297.0799865722656,298.44000244140625,297.04010009765625,297.989990234375,44242,0.0,0.0
2024-09-13 10:05:00-04:00,297.9400939941406,298.3999938964844,297.67999267578125,298.3999938964844,9016,0.0,0.0
2024-09-13 10:10:00-04:00,298.1700134277344,298.1700134277344,297.57000732421875,297.69000244140625,8143,0.0,0.0
2024-09-13 10:15:00-04:00,297.70001220703125,298.04998779296875,297.3399963378906,297.5325012207031,21986,0.0,0.0
2024-09-13 10:20:00-04:00,297.4100036621094,297.4100036621094,295.7149963378906,295.864990234375,42544,0.0,0.0
2024-09-13 10:25:00-04:00,295.8500061035156,296.239990234375,295.3890075683594,295.80999755859375,11015,0.0,0.0
2024-09-13 10:30:00-04:00,295.6199951171875,295.6199951171875,294.5299987792969,294.8999938964844,12948,0.0,0.0
2024-09-13 10:35:00-04:00,295.1099853515625,295.8800048828125,295.0150146484375,295.8800048828125,5400,0.0,0.0
2024-09-13 10:40:00-04:00,295.8800048828125,297.0299987792969,295.7449951171875,297.0299987792969,19025,0.0,0.0
2024-09-13 10:45:00-04:00,296.864990234375,296.864990234375,296.2749938964844,296.2749938964844,8825,0.0,0.0
2024-09-13 10:50:00-04:00,296.3074951171875,296.57000732421875,295.7112121582031,296.2200012207031,10388,0.0,0.0
2024-09-13 10:55:00-04:00,296.3399963378906,296.5799865722656,295.5,295.8399963378906,7105,0.0,0.0
2024-09-13 11:00:00-04:00,295.56500244140625,296.510009765625,295.56500244140625,296.510009765625,8227,0.0,0.0
2024-09-13 11:05:00-04:00,296.6600036621094,296.6600036621094,295.9200134277344,295.9200134277344,4139,0.0,0.0
2024-09-13 11:10:00-04:00,295.8999938964844,296.29998779296875,295.7900085449219,296.29998779296875,8908,0.0,0.0
2024-09-13 11:15:00-04:00,296.2200012207031,296.2200012207031,295.3949890136719,295.67999267578125,8277,0.0,0.0
2024-09-13 11:20:00-04:00,295.7099914550781,296.20001220703125,295.4700012207031,295.6499938964844,10546,0.0,0.0
2024-09-13 11:25:00-04:00,295.7325134277344,295.8599853515625,295.2950134277344,295.7099914550781,3869,0.0,0.0
2024-09-13 11:30:00-04:00,295.8299865722656,297.0,295.75,296.875,11978,0.0,0.0
2024-09-13 11:35:00-04:00,296.9800109863281,297.1000061035156,295.739990234375,295.9700012207031,11124,0.0,0.0
2024-09-13 11:40:00-04:00,295.9649963378906,296.1000061035156,295.510009765625,295.510009765625,4411,0.0,0.0
2024-09-13 11:45:00-04:00,295.3500061035156,295.3500061035156,294.364990234375,294.7099914550781,9436,0.0,0.0
2024-09-13 11:50:00-04:00,294.7799987792969,294.7799987792969,294.1700134277344,294.67999267578125,7377,0.0,0.0
2024-09-13 11:55:00-04:00,294.8349914550781,295.0,294.3299865722656,294.3299865722656,5707,0.0,0.0
2024-09-13 12:00:00-04:00,294.32501220703125,294.61248779296875,293.989990234375,294.05999755859375,6413,0.0,0.0
2024-09-13 12:05:00-04:00,293.8450012207031,293.989990234375,292.3699951171875,292.5,11745,0.0,0.0
2024-09-13 12:10:00-04:00,292.3800048828125,292.6700134277344,291.239990234375,291.4599914550781,20861,0.0,0.0
2024-09-13 12:15:00-04:00,291.5450134277344,291.6549987792969,290.989990234375,291.239990234375,10833,0.0,0.0
2024-09-13 12:20:00-04:00,291.239990234375,292.3500061035156,290.45001220703125,290.6513977050781,19759,0.0,0.0
2024-09-13 12:25:00-04:00,290.9200134277344,290.94000244140625,290.0392150878906,290.4833984375,17020,0.0,0.0
2024-09-13 12:30:00-04:00,290.4700012207031,290.57000732421875,290.1300048828125,290.1300048828125,8499,0.0,0.0
2024-09-13 12:35:00-04:00,290.19000244140625,290.2268981933594,289.1400146484375,289.1700134277344,17164,0.0,0.0
2024-09-13 12:40:00-04:00,289.30499267578125,290.1700134277344,289.17999267578125,289.4849853515625,24974,0.0,0.0
2024-09-13 12:45:00-04:00,289.635009765625,290.1000061035156,288.79998779296875,289.9200134277344,14550,0.0,0.0
2024-09-13 12:50:00-04:00,290.1050109863281,290.80999755859375,290.1050109863281,290.80999755859375,7630,0.0,0.0
2024-09-13 12:55:00-04:00,290.45001220703125,291.57000732421875,290.45001220703125,291.57000732421875,8096,0.0,0.0
2024-09-13 13:00:00-04:00,291.7898864746094,291.7898864746094,291.2099914550781,291.2200012207031,5518,0.0,0.0
2024-09-13 13:05:00-04:00,291.31500244140625,291.3550109863281,290.9750061035156,290.9750061035156,3035,0.0,0.0
2024-09-13 13:10:00-04:00,291.0199890136719,291.7099914550781,290.92010498046875,291.48370361328125,8522,0.0,0.0
2024-09-13 13:15:00-04:00,291.510009765625,291.6700134277344,291.510009765625,291.6300048828125,5021,0.0,0.0
2024-09-13 13:20:00-04:00,291.80999755859375,291.9800109863281,291.67999267578125,291.67999267578125,7089,0.0,0.0
2024-09-13 13:25:00-04:00,291.7449951171875,292.69000244140625,291.68499755859375,292.6300048828125,7859,0.0,0.0
2024-09-13 13:30:00-04:00,292.7099914550781,292.7799987792969,292.2200012207031,292.2300109863281,10265,0.0,0.0
2024-09-13 13:35:00-04:00,292.0,292.125,291.70001220703125,292.0849914550781,6503,0.0,0.0
2024-09-13 13:40:00-04:00,292.32000732421875,292.3999938964844,292.239990234375,292.3999938964844,3992,0.0,0.0
2024-09-13 13:45:00-04:00,292.44000244140625,292.8500061035156,292.2749938964844,292.5675048828125,3451,0.0,0.0
2024-09-13 13:50:00-04:00,292.56500244140625,292.739990234375,292.32000732421875,292.32000732421875,6758,0.0,0.0
2024-09-13 13:55:00-04:00,292.30999755859375,292.6499938964844,292.135009765625,292.135009765625,6990,0.0,0.0
2024-09-13 14:00:00-04:00,292.3500061035156,292.3599853515625,291.3489990234375,291.614990234375,10473,0.0,0.0
2024-09-13 14:05:00-04:00,291.614990234375,291.7099914550781,291.1600036621094,291.56500244140625,10433,0.0,0.0
2024-09-13 14:10:00-04:00,291.82000732421875,292.18548583984375,291.31500244140625,291.3500061035156,10246,0.0,0.0
2024-09-13 14:15:00-04:00,291.19500732421875,291.32501220703125,290.2300109863281,290.239990234375,7953,0.0,0.0
2024-09-13 14:20:00-04:00,290.2300109863281,290.8299865722656,290.2300109863281,290.4200134277344,11562,0.0,0.0
2024-09-13 14:25:00-04:00,290.3999938964844,290.3999938964844,289.69000244140625,290.1199951171875,9284,0.0,0.0
2024-09-13 14:30:00-04:00,290.0,290.5466003417969,289.625,290.5249938964844,12854,0.0,0.0
2024-09-13 14:35:00-04:00,290.5249938964844,290.5249938964844,289.260009765625,289.7699890136719,13354,0.0,0.0
2024-09-13 14:40:00-04:00,289.8125,290.4649963378906,289.8125,289.8599853515625,5617,0.0,0.0
2024-09-13 14:45:00-04:00,289.9549865722656,290.8890075683594,289.9549865722656,290.5849914550781,17652,0.0,0.0
2024-09-13 14:50:00-04:00,290.5,290.5350036621094,289.5799865722656,289.6300048828125,11942,0.0,0.0
2024-09-13 14:55:00-04:00,289.55999755859375,289.8399963378906,289.5450134277344,289.6600036621094,6193,0.0,0.0
2024-09-13 15:00:00-04:00,289.510009765625,290.0299987792969,289.3399963378906,290.0299987792969,10786,0.0,0.0
2024-09-13 15:05:00-04:00,290.0299987792969,290.3800048828125,289.92999267578125,290.3299865722656,12363,0.0,0.0
2024-09-13 15:10:00-04:00,290.2200012207031,290.4800109863281,290.1000061035156,290.1499938964844,7678,0.0,0.0
2024-09-13 15:15:00-04:00,290.4200134277344,290.5299987792969,290.0710144042969,290.0710144042969,9970,0.0,0.0
2024-09-13 15:20:00-04:00,290.2349853515625,290.3999938964844,289.9150085449219,290.3999938964844,7094,0.0,0.0
2024-09-13 15:25:00-04:00,290.1700134277344,290.7200012207031,290.1700134277344,290.5050048828125,11972,0.0,0.0
2024-09-13 15:30:00-04:00,290.6000061035156,290.6099853515625,289.94000244140625,290.1050109863281,10029,0.0,0.0
2024-09-13 15:35:00-04:00,290.1050109863281,290.19000244140625,289.54998779296875,290.05999755859375,20770,0.0,0.0
2024-09-13 15:40:00-04:00,290.1400146484375,290.30999755859375,289.9200134277344,290.07000732421875,14105,0.0,0.0
2024-09-13 15:45:00-04:00,290.05999755859375,290.7550048828125,290.05999755859375,290.4800109863281,22542,0.0,0.0
2024-09-13 15:50:00-04:00,290.45001220703125,290.6600036621094,289.8999938964844,290.4849853515625,48394,0.0,0.0
2024-09-13 15:55:00-04:00,290.6600036621094,290.9949951171875,289.6499938964844,289.989990234375,98523,0.0,0.0
2024-09-16 09:30:00-04:00,290.0899963378906,290.6300048828125,289.6429138183594,290.4700012207031,10218,0.0,0.0
2024-09-16 09:35:00-04:00,289.9800109863281,290.0799865722656,287.7099914550781,288.218994140625,11532,0.0,0.0
2024-09-16 09:40:00-04:00,287.82000732421875,289.5400085449219,287.82000732421875,289.5400085449219,7595,0.0,0.0
2024-09-16 09:45:00-04:00,291.0450134277344,292.0419921875,290.9800109863281,291.8399963378906,19648,0.0,0.0
2024-09-16 09:50:00-04:00,291.0,291.7799987792969,290.80999755859375,291.7799987792969,11256,0.0,0.0
2024-09-16 09:55:00-04:00,291.7799987792969,292.04998779296875,290.95001220703125,291.92999267578125,13021,0.0,0.0
2024-09-16 10:00:00-04:00,291.95001220703125,292.23199462890625,291.30499267578125,291.67999267578125,8100,0.0,0.0
2024-09-16 10:05:00-04:00,292.19000244140625,292.55999755859375,291.2099914550781,291.5299987792969,9720,0.0,0.0
2024-09-16 10:10:00-04:00,291.05999755859375,291.4150085449219,290.8550109863281,290.8550109863281,4811,0.0,0.0
2024-09-16 10:15:00-04:00,290.8699951171875,292.3399963378906,290.8699951171875,292.2200012207031,21646,0.0,0.0
2024-09-16 10:20:00-04:00,291.92498779296875,292.5799865722656,291.75,292.04998779296875,25878,0.0,0.0
2024-09-16 10:25:00-04:00,292.1600036621094,292.2900085449219,291.20001220703125,291.82000732421875,48716,0.0,0.0
2024-09-16 10:30:00-04:00,291.9949951171875,291.9949951171875,290.03851318359375,290.42999267578125,28659,0.0,0.0
2024-09-16 10:35:00-04:00,290.44000244140625,291.3299865722656,290.44000244140625,291.3299865722656,5029,0.0,0.0
2024-09-16 10:40:00-04:00,291.29998779296875,291.989990234375,291.29998779296875,291.6499938964844,3355,0.0,0.0
2024-09-16 10:45:00-04:00,291.8500061035156,291.8500061035156,290.5799865722656,290.8500061035156,5763,0.0,0.0
2024-09-16 10:50:00-04:00,290.8500061035156,291.54998779296875,290.5199890136719,290.5199890136719,5107,0.0,0.0
2024-09-16 10:55:00-04:00,290.5899963378906,290.6549987792969,290.260009765625,290.4200134277344,4832,0.0,0.0
2024-09-16 11:00:00-04:00,290.1000061035156,290.32501220703125,288.614990234375,288.614990234375,6474,0.0,0.0
2024-09-16 11:05:00-04:00,288.7349853515625,289.1300048828125,288.49371337890625,289.0450134277344,11042,0.0,0.0
2024-09-16 11:10:00-04:00,289.7799987792969,291.010009765625,289.7799987792969,291.010009765625,6331,0.0,0.0
2024-09-16 11:15:00-04:00,290.95001220703125,291.2300109863281,290.5400085449219,291.1600036621094,4744,0.0,0.0
2024-09-16 11:20:00-04:00,291.2275085449219,293.0899963378906,291.0,292.8550109863281,13205,0.0,0.0
2024-09-16 11:25:00-04:00,292.9750061035156,292.9750061035156,292.25,292.32501220703125,5542,0.0,0.0
2024-09-16 11:30:00-04:00,292.5199890136719,292.5249938964844,291.8999938964844,292.17999267578125,3477,0.0,0.0
2024-09-16 11:35:00-04:00,292.0474853515625,292.0474853515625,291.55999755859375,291.67999267578125,2228,0.0,0.0
2024-09-16 11:40:00-04:00,291.4768981933594,291.5,291.17999267578125,291.2250061035156,6055,0.0,0.0
2024-09-16 11:45:00-04:00,291.4649963378906,291.54998779296875,291.1300048828125,291.54998779296875,4446,0.0,0.0
2024-09-16 11:50:00-04:00,291.54998779296875,291.9049987792969,291.3999938964844,291.9049987792969,3709,0.0,0.0
2024-09-16 11:55:00-04:00,292.1650085449219,292.1650085449219,291.7449951171875,291.95001220703125,2085,0.0,0.0
2024-09-16 12:00:00-04:00,292.0450134277344,292.0450134277344,291.3500061035156,291.4800109863281,5538,0.0,0.0
2024-09-16 12:05:00-04:00,291.5350036621094,291.5350036621094,291.3399963378906,291.3399963378906,868,0.0,0.0
2024-09-16 12:10:00-04:00,291.3500061035156,291.5199890136719,291.0574951171875,291.0799865722656,9939,0.0,0.0
2024-09-16 12:15:00-04:00,290.625,290.70001220703125,290.29901123046875,290.5799865722656,2877,0.0,0.0
2024-09-16 12:20:00-04:00,290.6400146484375,290.82000732421875,290.5,290.6300048828125,2219,0.0,0.0
2024-09-16 12:25:00-04:00,290.8399963378906,292.1700134277344,290.8399963378906,292.1700134277344,16357,0.0,0.0
2024-09-16 12:30:00-04:00,292.3800048828125,292.3800048828125,291.4100036621094,291.8299865722656,11127,0.0,0.0
2024-09-16 12:35:00-04:00,291.70880126953125,291.70880126953125,291.0249938964844,291.239990234375,5287,0.0,0.0
2024-09-16 12:40:00-04:00,291.54998779296875,291.9707946777344,291.4100036621094,291.510009765625,9521,0.0,0.0
2024-09-16 12:45:00-04:00,291.4150085449219,291.54998779296875,291.1600036621094,291.3800048828125,5134,0.0,0.0
2024-09-16 12:50:00-04:00,291.4800109863281,291.7099914550781,291.3399963378906,291.3399963378906,5818,0.0,0.0
2024-09-16 12:55:00-04:00,291.80999755859375,292.0299987792969,291.5299987792969,291.5299987792969,7185,0.0,0.0
2024-09-16 13:00:00-04:00,291.8299865722656,291.8299865722656,291.55999755859375,291.6400146484375,3297,0.0,0.0
2024-09-16 13:05:00-04:00,291.5799865722656,291.9599914550781,291.3200988769531,291.5799865722656,5119,0.0,0.0
2024-09-16 13:10:00-04:00,291.5903015136719,291.5903015136719,291.1199951171875,291.1199951171875,3726,0.0,0.0
2024-09-16 13:15:00-04:00,291.0799865722656,291.1000061035156,290.8399963378906,290.93499755859375,3292,0.0,0.0
2024-09-16 13:20:00-04:00,291.0400085449219,291.20001220703125,290.7699890136719,291.20001220703125,6620,0.0,0.0
2024-09-16 13:25:00-04:00,291.32000732421875,291.4800109863281,290.82000732421875,291.4800109863281,6822,0.0,0.0
2024-09-16 13:30:00-04:00,291.7099914550781,291.7099914550781,291.18011474609375,291.18011474609375,3793,0.0,0.0
2024-09-16 13:35:00-04:00,291.4869079589844,291.75,291.2799987792969,291.75,2860,0.0,0.0
2024-09-16 13:40:00-04:00,291.4800109863281,291.8900146484375,291.3999938964844,291.510009765625,5320,0.0,0.0
2024-09-16 13:45:00-04:00,291.5799865722656,292.04998779296875,291.55999755859375,292.04998779296875,3669,0.0,0.0
2024-09-16 13:50:00-04:00,291.8800048828125,291.92999267578125,291.6000061035156,291.6000061035156,4109,0.0,0.0
2024-09-16 13:55:00-04:00,291.5299987792969,291.6600036621094,291.5,291.6600036621094,4187,0.0,0.0
2024-09-16 14:00:00-04:00,291.61749267578125,291.61749267578125,290.489990234375,290.489990234375,7435,0.0,0.0
2024-09-16 14:05:00-04:00,290.20001220703125,290.3929138183594,290.05999755859375,290.05999755859375,5703,0.0,0.0
2024-09-16 14:10:00-04:00,290.1099853515625,290.29998779296875,289.8900146484375,290.0321960449219,5136,0.0,0.0
2024-09-16 14:15:00-04:00,289.94000244140625,290.0799865722656,289.52740478515625,289.52740478515625,7663,0.0,0.0
2024-09-16 14:20:00-04:00,289.5350036621094,289.7699890136719,289.5350036621094,289.5899963378906,3678,0.0,0.0
2024-09-16 14:25:00-04:00,289.44000244140625,289.5400085449219,289.3900146484375,289.5400085449219,3417,0.0,0.0
2024-09-16 14:30:00-04:00,289.3800048828125,289.5899963378906,289.0249938964844,289.0299987792969,10476,0.0,0.0
2024-09-16 14:35:00-04:00,289.18499755859375,289.639892578125,288.5799865722656,289.639892578125,22161,0.0,0.0
2024-09-16 14:40:00-04:00,289.3949890136719,289.67999267578125,289.1499938964844,289.67999267578125,5561,0.0,0.0
2024-09-16 14:45:00-04:00,289.4200134277344,290.0299987792969,289.0299987792969,290.0299987792969,7503,0.0,0.0
2024-09-16 14:50:00-04:00,289.94000244140625,289.9800109863281,289.6099853515625,289.6099853515625,5348,0.0,0.0
2024-09-16 14:55:00-04:00,289.71209716796875,290.05999755859375,289.71209716796875,289.8599853515625,4371,0.0,0.0
2024-09-16 15:00:00-04:00,289.989990234375,290.1300048828125,289.7699890136719,289.8949890136719,8621,0.0,0.0
2024-09-16 15:05:00-04:00,289.82000732421875,290.79998779296875,289.75,290.79998779296875,6768,0.0,0.0
2024-09-16 15:10:00-04:00,290.80499267578125,290.80499267578125,290.54998779296875,290.6650085449219,7008,0.0,0.0
2024-09-16 15:15:00-04:00,290.44000244140625,290.4599914550781,290.2300109863281,290.4599914550781,3219,0.0,0.0
2024-09-16 15:20:00-04:00,290.5249938964844,290.6700134277344,290.3699951171875,290.3699951171875,5834,0.0,0.0
2024-09-16 15:25:00-04:00,290.489990234375,290.489990234375,290.1300964355469,290.489990234375,6855,0.0,0.0
2024-09-16 15:30:00-04:00,290.4100036621094,291.1400146484375,290.2799987792969,291.1199951171875,9963,0.0,0.0
2024-09-16 15:35:00-04:00,291.04998779296875,291.1499938964844,290.3999938964844,290.7900085449219,13345,0.0,0.0
2024-09-16 15:40:00-04:00,290.7950134277344,291.1600036621094,290.30999755859375,290.45001220703125,10894,0.0,0.0
2024-09-16 15:45:00-04:00,290.07000732421875,290.2799987792969,289.79998779296875,290.2149963378906,15449,0.0,0.0
2024-09-16 15:50:00-04:00,290.07000732421875,290.9150085449219,290.0400085449219,290.6700134277344,28264,0.0,0.0
2024-09-16 15:55:00-04:00,290.8900146484375,291.0299987792969,289.92999267578125,289.92999267578125,71941,0.0,0.0
2024-09-17 09:30:00-04:00,292.2900085449219,294.36639404296875,291.10009765625,292.8900146484375,24118,0.0,0.0
2024-09-17 09:35:00-04:00,292.125,293.5299987792969,291.4949951171875,293.5299987792969,5418,0.0,0.0
2024-09-17 09:40:00-04:00,293.7200012207031,294.6300048828125,293.2200012207031,294.44000244140625,17694,0.0,0.0
2024-09-17 09:45:00-04:00,294.3699951171875,295.4700012207031,294.31060791015625,294.31060791015625,32504,0.0,0.0
2024-09-17 09:50:00-04:00,294.45001220703125,294.7200012207031,293.7900085449219,293.7900085449219,16211,0.0,0.0
2024-09-17 09:55:00-04:00,293.82501220703125,294.3450012207031,293.25,293.25,18459,0.0,0.0
2024-09-17 10:00:00-04:00,293.1549987792969,294.4100036621094,292.80499267578125,294.2950134277344,13527,0.0,0.0
2024-09-17 10:05:00-04:00,294.3074951171875,294.3500061035156,293.79998779296875,293.79998779296875,11165,0.0,0.0
2024-09-17 10:10:00-04:00,293.2099914550781,293.739990234375,292.3399963378906,292.4800109863281,8063,0.0,0.0
2024-09-17 10:15:00-04:00,292.45001220703125,292.5299987792969,292.20001220703125,292.489990234375,5753,0.0,0.0
2024-09-17 10:20:00-04:00,292.32000732421875,292.32000732421875,290.79998779296875,291.0249938964844,19248,0.0,0.0
2024-09-17 10:25:00-04:00,291.0,291.0,290.04998779296875,290.05999755859375,29796,0.0,0.0
2024-09-17 10:30:00-04:00,289.8599853515625,290.1650085449219,289.1499938964844,289.8500061035156,7771,0.0,0.0
2024-09-17 10:35:00-04:00,289.6499938964844,289.6499938964844,288.7900085449219,289.32000732421875,9821,0.0,0.0
2024-09-17 10:40:00-04:00,289.614990234375,290.4100036621094,289.4200134277344,289.75,8750,0.0,0.0
2024-09-17 10:45:00-04:00,290.82000732421875,290.9200134277344,290.42498779296875,290.67999267578125,6589,0.0,0.0
2024-09-17 10:50:00-04:00,290.5,290.70001220703125,290.0299987792969,290.19000244140625,5412,0.0,0.0
2024-09-17 10:55:00-04:00,290.4599914550781,290.4599914550781,288.9599914550781,289.1422119140625,6520,0.0,0.0
2024-09-17 11:00:00-04:00,288.9599914550781,289.5799865722656,288.7149963378906,288.7149963378906,8317,0.0,0.0
2024-09-17 11:05:00-04:00,288.82501220703125,289.30999755859375,288.6341857910156,289.135009765625,9873,0.0,0.0
2024-09-17 11:10:00-04:00,289.2349853515625,290.30999755859375,289.2349853515625,290.0671081542969,7661,0.0,0.0
2024-09-17 11:15:00-04:00,290.2049865722656,290.54998779296875,290.07000732421875,290.21551513671875,10028,0.0,0.0
2024-09-17 11:20:00-04:00,290.1000061035156,290.1000061035156,288.989990234375,289.7349853515625,7087,0.0,0.0
2024-09-17 11:25:00-04:00,290.0899963378906,290.3399963378906,289.82000732421875,289.8399963378906,2957,0.0,0.0
2024-09-17 11:30:00-04:00,289.7900085449219,289.8699951171875,289.44500732421875,289.44500732421875,4887,0.0,0.0
2024-09-17 11:35:00-04:00,289.44500732421875,289.70001220703125,289.0199890136719,289.29998779296875,8862,0.0,0.0
2024-09-17 11:40:00-04:00,289.04998779296875,289.38250732421875,288.9800109863281,289.25,3133,0.0,0.0
2024-09-17 11:45:00-04:00,289.3999938964844,289.3999938964844,288.7099914550781,288.7099914550781,4440,0.0,0.0
2024-09-17 11:50:00-04:00,289.0199890136719,289.0199890136719,288.5400085449219,288.5400085449219,6299,0.0,0.0
2024-09-17 11:55:00-04:00,288.625,288.760009765625,288.07000732421875,288.760009765625,16919,0.0,0.0
2024-09-17 12:00:00-04:00,288.45001220703125,289.260009765625,288.3399963378906,288.3399963378906,7076,0.0,0.0
2024-09-17 12:05:00-04:00,288.364990234375,288.4700012207031,287.8900146484375,287.8900146484375,4288,0.0,0.0
2024-09-17 12:10:00-04:00,287.8800048828125,288.239990234375,287.510009765625,288.239990234375,10804,0.0,0.0
2024-09-17 12:15:00-04:00,288.1099853515625,288.1099853515625,286.9800109863281,286.9800109863281,17722,0.0,0.0
2024-09-17 12:20:00-04:00,286.8800048828125,286.8800048828125,284.07000732421875,284.6304931640625,22676,0.0,0.0
2024-09-17 12:25:00-04:00,284.7200012207031,285.71990966796875,284.32000732421875,285.4200134277344,14412,0.0,0.0
2024-09-17 12:30:00-04:00,285.1199951171875,286.881103515625,284.8999938964844,286.80999755859375,11622,0.0,0.0
2024-09-17 12:35:00-04:00,286.8699951171875,287.159912109375,286.17999267578125,286.20001220703125,10821,0.0,0.0
2024-09-17 12:40:00-04:00,286.489990234375,286.5,285.8699951171875,285.989990234375,7154,0.0,0.0
2024-09-17 12:45:00-04:00,285.989990234375,285.989990234375,284.5,284.739990234375,18842,0.0,0.0
2024-09-17 12:50:00-04:00,284.5350036621094,285.45001220703125,284.3399963378906,285.45001220703125,30910,0.0,0.0
2024-09-17 12:55:00-04:00,285.5,286.2799987792969,285.32000732421875,285.3399963378906,11910,0.0,0.0
2024-09-17 13:00:00-04:00,285.6499938964844,285.7319030761719,285.5050048828125,285.5050048828125,3239,0.0,0.0
2024-09-17 13:05:00-04:00,285.5199890136719,285.5199890136719,285.0,285.2200012207031,6734,0.0,0.0
2024-09-17 13:10:00-04:00,285.3500061035156,285.6499938964844,284.7799987792969,285.55999755859375,8116,0.0,0.0
2024-09-17 13:15:00-04:00,285.56500244140625,285.56500244140625,285.1600036621094,285.20001220703125,3785,0.0,0.0
2024-09-17 13:20:00-04:00,285.79998779296875,287.07000732421875,285.79998779296875,286.8699951171875,3730,0.0,0.0
2024-09-17 13:25:00-04:00,287.0299987792969,287.3900146484375,287.0,287.3900146484375,4844,0.0,0.0
2024-09-17 13:30:00-04:00,287.2950134277344,287.69000244140625,287.2900085449219,287.3299865722656,8312,0.0,0.0
2024-09-17 13:35:00-04:00,287.3900146484375,287.70001220703125,287.3299865722656,287.5199890136719,4650,0.0,0.0
2024-09-17 13:40:00-04:00,287.45001220703125,287.6400146484375,287.1700134277344,287.3550109863281,10841,0.0,0.0
2024-09-17 13:45:00-04:00,287.05999755859375,288.0098876953125,286.80731201171875,288.0098876953125,11763,0.0,0.0
2024-09-17 13:50:00-04:00,288.010009765625,288.5350036621094,288.010009765625,288.19500732421875,5607,0.0,0.0
2024-09-17 13:55:00-04:00,288.4150085449219,288.989990234375,288.2099914550781,288.70001220703125,8231,0.0,0.0
2024-09-17 14:00:00-04:00,288.6700134277344,289.260009765625,288.5799865722656,288.9100036621094,4849,0.0,0.0
2024-09-17 14:05:00-04:00,288.75,288.8949890136719,288.75,288.80999755859375,2417,0.0,0.0
2024-09-17 14:10:00-04:00,288.6099853515625,288.82000732421875,288.489990234375,288.5249938964844,4023,0.0,0.0
2024-09-17 14:15:00-04:00,288.0400085449219,288.4700012207031,288.010009765625,288.1300048828125,10779,0.0,0.0
2024-09-17 14:20:00-04:00,288.25,289.3550109863281,288.25,289.3550109863281,7513,0.0,0.0
2024-09-17 14:25:00-04:00,289.4200134277344,289.8800048828125,289.125,289.125,10438,0.0,0.0
2024-09-17 14:30:00-04:00,289.0,289.1400146484375,288.8900146484375,289.0350036621094,2179,0.0,0.0
2024-09-17 14:35:00-04:00,289.1700134277344,289.42999267578125,289.1211853027344,289.4100036621094,3002,0.0,0.0
2024-09-17 14:40:00-04:00,289.3800048828125,289.6400146484375,289.239990234375,289.239990234375,3783,0.0,0.0
2024-09-17 14:45:00-04:00,289.39239501953125,289.4800109863281,288.4200134277344,288.739990234375,4737,0.0,0.0
2024-09-17 14:50:00-04:00,288.70001220703125,289.0,288.4849853515625,288.5799865722656,5315,0.0,0.0
2024-09-17 14:55:00-04:00,288.7300109863281,289.0299987792969,288.6499938964844,289.0299987792969,5289,0.0,0.0
2024-09-17 15:00:00-04:00,288.8550109863281,288.8599853515625,288.67999267578125,288.75,2728,0.0,0.0
2024-09-17 15:05:00-04:00,288.6199951171875,288.6199951171875,288.1600036621094,288.32000732421875,9139,0.0,0.0
2024-09-17 15:10:00-04:00,288.4599914550781,288.7300109863281,288.4375,288.67498779296875,2776,0.0,0.0
2024-09-17 15:15:00-04:00,288.5299987792969,288.56500244140625,287.9049987792969,287.94000244140625,9911,0.0,0.0
2024-09-17 15:20:00-04:00,288.1899108886719,288.1899108886719,287.4200134277344,287.54998779296875,18181,0.0,0.0
2024-09-17 15:25:00-04:00,287.54998779296875,287.7099914550781,287.2200012207031,287.4800109863281,11935,0.0,0.0
2024-09-17 15:30:00-04:00,287.3699951171875,287.739990234375,286.4549865722656,286.7449951171875,26121,0.0,0.0
2024-09-17 15:35:00-04:00,286.7200012207031,287.3900146484375,286.7200012207031,287.05499267578125,22858,0.0,0.0
2024-09-17 15:40:00-04:00,286.8999938964844,287.05499267578125,286.6600036621094,286.8999938964844,15455,0.0,0.0
2024-09-17 15:45:00-04:00,286.7799987792969,287.92999267578125,286.6000061035156,287.92999267578125,30045,0.0,0.0
2024-09-17 15:50:00-04:00,287.4700012207031,287.9800109863281,286.9800109863281,287.8450012207031,38544,0.0,0.0
2024-09-17 15:55:00-04:00,287.6499938964844,287.8399963378906,286.3800048828125,286.739990234375,116632,0.0,0.0
2024-09-18 09:30:00-04:00,286.5199890136719,286.5199890136719,284.56500244140625,284.6000061035156,21577,0.0,0.0
2024-09-18 09:35:00-04:00,284.55499267578125,284.55499267578125,283.2300109863281,283.57000732421875,7479,0.0,0.0
2024-09-18 09:40:00-04:00,283.50250244140625,284.45001220703125,283.2601013183594,284.45001220703125,7473,0.0,0.0
2024-09-18 09:45:00-04:00,284.6400146484375,284.8699951171875,283.3699951171875,284.8699951171875,7385,0.0,0.0
2024-09-18 09:50:00-04:00,285.29998779296875,285.6400146484375,283.9599914550781,284.1000061035156,10975,0.0,0.0
2024-09-18 09:55:00-04:00,284.0199890136719,284.2699890136719,283.7349853515625,284.0350036621094,10833,0.0,0.0
2024-09-18 10:00:00-04:00,284.0199890136719,284.6000061035156,283.69000244140625,284.6000061035156,5432,0.0,0.0
2024-09-18 10:05:00-04:00,284.239990234375,284.56500244140625,283.94000244140625,284.19500732421875,9180,0.0,0.0
2024-09-18 10:10:00-04:00,284.19500732421875,284.6896057128906,284.0799865722656,284.20001220703125,7069,0.0,0.0
2024-09-18 10:15:00-04:00,284.0799865722656,284.0799865722656,283.5,283.5,1557,0.0,0.0
2024-09-18 10:20:00-04:00,283.1607971191406,283.3399963378906,283.1607971191406,283.1650085449219,2235,0.0,0.0
2024-09-18 10:25:00-04:00,282.5249938964844,283.010009765625,282.4100036621094,282.69500732421875,14177,0.0,0.0
2024-09-18 10:30:00-04:00,282.70001220703125,282.70001220703125,281.54998779296875,281.55059814453125,18869,0.0,0.0
2024-09-18 10:35:00-04:00,281.80999755859375,282.1991882324219,281.6348876953125,282.1700134277344,8516,0.0,0.0
2024-09-18 10:40:00-04:00,282.3399963378906,283.3599853515625,282.2300109863281,283.07000732421875,9294,0.0,0.0
2024-09-18 10:45:00-04:00,283.07000732421875,283.25,282.9849853515625,282.989990234375,4260,0.0,0.0
2024-09-18 10:50:00-04:00,282.9100036621094,283.0255126953125,282.4800109863281,282.4800109863281,2987,0.0,0.0
2024-09-18 10:55:00-04:00,282.5400085449219,282.5400085449219,281.72100830078125,282.1600036621094,4093,0.0,0.0
2024-09-18 11:00:00-04:00,282.239990234375,282.2900085449219,282.0,282.0400085449219,3493,0.0,0.0
2024-09-18 11:05:00-04:00,282.0799865722656,282.1700134277344,281.42999267578125,281.45001220703125,5776,0.0,0.0
2024-09-18 11:10:00-04:00,281.4700012207031,281.7900085449219,281.2300109863281,281.3299865722656,9832,0.0,0.0
2024-09-18 11:15:00-04:00,281.260009765625,281.260009765625,280.17999267578125,280.17999267578125,4116,0.0,0.0
2024-09-18 11:20:00-04:00,280.489990234375,280.489990234375,279.9800109863281,279.989990234375,14373,0.0,0.0
2024-09-18 11:25:00-04:00,280.114990234375,280.30999755859375,279.44000244140625,280.1499938964844,13223,0.0,0.0
2024-09-18 11:30:00-04:00,280.260009765625,280.260009765625,279.57000732421875,279.6050109863281,6762,0.0,0.0
2024-09-18 11:35:00-04:00,279.6700134277344,280.1199951171875,279.6700134277344,279.7200012207031,6173,0.0,0.0
2024-09-18 11:40:00-04:00,279.69000244140625,279.69000244140625,279.05999755859375,279.2300109863281,6673,0.0,0.0
2024-09-18 11:45:00-04:00,279.2300109863281,279.2300109863281,278.3299865722656,278.3299865722656,8385,0.0,0.0
2024-09-18 11:50:00-04:00,278.80999755859375,279.07000732421875,278.3399963378906,278.7049865722656,22035,0.0,0.0
2024-09-18 11:55:00-04:00,278.8843078613281,278.8843078613281,278.54998779296875,278.54998779296875,7961,0.0,0.0
2024-09-18 12:00:00-04:00,278.4599914550781,278.8699951171875,278.260009765625,278.6499938964844,11931,0.0,0.0
2024-09-18 12:05:00-04:00,278.8999938964844,279.4200134277344,278.760009765625,279.19500732421875,7451,0.0,0.0
2024-09-18 12:10:00-04:00,279.44000244140625,280.8599853515625,279.3450012207031,280.7349853515625,10309,0.0,0.0
2024-09-18 12:15:00-04:00,280.989990234375,281.1000061035156,280.739990234375,281.1000061035156,7982,0.0,0.0
2024-09-18 12:20:00-04:00,281.2049865722656,281.4049987792969,281.0600891113281,281.0600891113281,4743,0.0,0.0
2024-09-18 12:25:00-04:00,281.29998779296875,281.9100036621094,281.29998779296875,281.45001220703125,24624,0.0,0.0
2024-09-18 12:30:00-04:00,281.2099914550781,281.7900085449219,281.1300048828125,281.7049865722656,6818,0.0,0.0
2024-09-18 12:35:00-04:00,281.7049865722656,281.81451416015625,281.6300048828125,281.6300048828125,2015,0.0,0.0
2024-09-18 12:40:00-04:00,281.6300048828125,281.6300048828125,281.2049865722656,281.3699951171875,9373,0.0,0.0
2024-09-18 12:45:00-04:00,281.375,281.6300048828125,281.2300109863281,281.3642883300781,17870,0.0,0.0
2024-09-18 12:50:00-04:00,281.7300109863281,282.794189453125,281.7300109863281,282.625,9804,0.0,0.0
2024-09-18 12:55:00-04:00,282.7799987792969,284.07000732421875,282.7799987792969,283.8800048828125,10992,0.0,0.0
2024-09-18 13:00:00-04:00,283.92498779296875,284.0899963378906,283.8900146484375,284.0899963378906,3887,0.0,0.0
2024-09-18 13:05:00-04:00,284.2300109863281,284.2300109863281,283.5224914550781,283.610107421875,11413,0.0,0.0
2024-09-18 13:10:00-04:00,283.885009765625,284.5400085449219,283.8699951171875,284.5400085449219,9785,0.0,0.0
2024-09-18 13:15:00-04:00,284.0400085449219,284.07501220703125,283.8800048828125,284.05499267578125,4154,0.0,0.0
2024-09-18 13:20:00-04:00,283.760009765625,284.06500244140625,283.4200134277344,283.7900085449219,5140,0.0,0.0
2024-09-18 13:25:00-04:00,283.92999267578125,284.7799987792969,283.70001220703125,284.5799865722656,20921,0.0,0.0
2024-09-18 13:30:00-04:00,284.5150146484375,285.0350036621094,284.5150146484375,285.0350036621094,14840,0.0,0.0
2024-09-18 13:35:00-04:00,284.9949951171875,285.239990234375,284.2049865722656,284.2049865722656,6439,0.0,0.0
2024-09-18 13:40:00-04:00,284.239990234375,284.4599914550781,284.239990234375,284.4549865722656,2027,0.0,0.0
2024-09-18 13:45:00-04:00,284.2200012207031,284.2200012207031,283.9800109863281,284.0299987792969,4300,0.0,0.0
2024-09-18 13:50:00-04:00,283.79998779296875,284.30999755859375,283.3599853515625,283.5,9213,0.0,0.0
2024-09-18 13:55:00-04:00,283.54998779296875,283.80499267578125,281.9197082519531,282.2453918457031,15895,0.0,0.0
2024-09-18 14:00:00-04:00,281.8399963378906,287.0,279.55999755859375,283.8399963378906,27196,0.0,0.0
2024-09-18 14:05:00-04:00,284.1499938964844,284.4849853515625,281.55999755859375,281.7749938964844,21145,0.0,0.0
2024-09-18 14:10:00-04:00,281.7749938964844,281.7900085449219,278.90008544921875,279.7825012207031,36463,0.0,0.0
2024-09-18 14:15:00-04:00,279.7049865722656,281.7449951171875,279.7049865722656,281.635009765625,25778,0.0,0.0
2024-09-18 14:20:00-04:00,281.635009765625,282.4750061035156,281.635009765625,282.1199951171875,12321,0.0,0.0
2024-09-18 14:25:00-04:00,282.1199951171875,284.17999267578125,282.1199951171875,283.7648010253906,16914,0.0,0.0
2024-09-18 14:30:00-04:00,283.81500244140625,285.0,283.7650146484375,284.92498779296875,13612,0.0,0.0
2024-09-18 14:35:00-04:00,285.1629943847656,285.2410888671875,282.8399963378906,284.8450012207031,19612,0.0,0.0
2024-09-18 14:40:00-04:00,284.8800048828125,284.8800048828125,282.29998779296875,282.7200012207031,16482,0.0,0.0
2024-09-18 14:45:00-04:00,281.6499938964844,283.6700134277344,281.6499938964844,283.17999267578125,13677,0.0,0.0
2024-09-18 14:50:00-04:00,283.4800109863281,284.1600036621094,283.1700134277344,283.7099914550781,9258,0.0,0.0
2024-09-18 14:55:00-04:00,283.44000244140625,284.82000732421875,283.0450134277344,283.70001220703125,24721,0.0,0.0
2024-09-18 15:00:00-04:00,283.3999938964844,283.3999938964844,281.568115234375,282.2699890136719,7830,0.0,0.0
2024-09-18 15:05:00-04:00,281.8699951171875,281.8699951171875,279.9200134277344,280.2799987792969,11472,0.0,0.0
2024-09-18 15:10:00-04:00,280.05999755859375,281.7699890136719,279.3700866699219,281.760009765625,24682,0.0,0.0
2024-09-18 15:15:00-04:00,281.5950012207031,282.29998779296875,280.8800048828125,282.1700134277344,22666,0.0,0.0
2024-09-18 15:20:00-04:00,282.2699890136719,282.2699890136719,280.05999755859375,281.7900085449219,23732,0.0,0.0
2024-09-18 15:25:00-04:00,281.8699951171875,283.6600036621094,281.8699951171875,283.1300048828125,10170,0.0,0.0
2024-09-18 15:30:00-04:00,283.6700134277344,284.4800109863281,282.8599853515625,282.95001220703125,15024,0.0,0.0
2024-09-18 15:35:00-04:00,282.69000244140625,282.95001220703125,282.1144104003906,282.69000244140625,14921,0.0,0.0
2024-09-18 15:40:00-04:00,282.7998962402344,282.7998962402344,281.1000061035156,281.1000061035156,12771,0.0,0.0
2024-09-18 15:45:00-04:00,280.8800048828125,281.2149963378906,280.2699890136719,280.54998779296875,36234,0.0,0.0
2024-09-18 15:50:00-04:00,280.3299865722656,280.5299987792969,279.6700134277344,280.32000732421875,62265,0.0,0.0
2024-09-18 15:55:00-04:00,280.5299987792969,280.8599853515625,279.7799987792969,279.9100036621094,100211,0.0,0.0
2024-09-19 09:30:00-04:00,287.7300109863281,289.0,284.01251220703125,284.4649963378906,37181,0.0,0.0
2024-09-19 09:35:00-04:00,283.7950134277344,284.1400146484375,282.0299987792969,283.8299865722656,57784,0.0,0.0
2024-09-19 09:40:00-04:00,283.3299865722656,284.0400085449219,282.7799987792969,283.6510925292969,26559,0.0,0.0
2024-09-19 09:45:00-04:00,283.7550048828125,283.9100036621094,281.8089904785156,282.0675048828125,16478,0.0,0.0
2024-09-19 09:50:00-04:00,280.8399963378906,281.8800048828125,280.2900085449219,280.92999267578125,13870,0.0,0.0
2024-09-19 09:55:00-04:00,280.92498779296875,283.0989074707031,280.92498779296875,283.0989074707031,38798,0.0,0.0
2024-09-19 10:00:00-04:00,283.3999938964844,284.22430419921875,283.2449951171875,283.2449951171875,19134,0.0,0.0
2024-09-19 10:05:00-04:00,283.3153991699219,284.5400085449219,283.3153991699219,283.5199890136719,18773,0.0,0.0
2024-09-19 10:10:00-04:00,284.04998779296875,284.4849853515625,283.80999755859375,283.9599914550781,24261,0.0,0.0
2024-09-19 10:15:00-04:00,284.1300048828125,286.1600036621094,284.04998779296875,286.1600036621094,45477,0.0,0.0
2024-09-19 10:20:00-04:00,286.2900085449219,286.45001220703125,285.6400146484375,286.45001220703125,8311,0.0,0.0
2024-09-19 10:25:00-04:00,286.2200012207031,286.3500061035156,285.7699890136719,285.7966003417969,10028,0.0,0.0
2024-09-19 10:30:00-04:00,286.2900085449219,287.3900146484375,286.2900085449219,287.0043029785156,12586,0.0,0.0
2024-09-19 10:35:00-04:00,287.20001220703125,287.34130859375,286.760009765625,287.0249938964844,5530,0.0,0.0
2024-09-19 10:40:00-04:00,286.42999267578125,286.42999267578125,285.6289978027344,285.6289978027344,6834,0.0,0.0
2024-09-19 10:45:00-04:00,286.4798889160156,286.4798889160156,284.9400939941406,285.7799987792969,4546,0.0,0.0
2024-09-19 10:50:00-04:00,286.0,286.25,284.6499938964844,285.05999755859375,11624,0.0,0.0
2024-09-19 10:55:00-04:00,284.19000244140625,284.25,284.1600036621094,284.18499755859375,1779,0.0,0.0
2024-09-19 11:00:00-04:00,284.07000732421875,284.3999938964844,283.54998779296875,284.3500061035156,7320,0.0,0.0
2024-09-19 11:05:00-04:00,284.260009765625,284.55999755859375,283.875,284.55999755859375,19338,0.0,0.0
2024-09-19 11:10:00-04:00,284.69158935546875,284.9599914550781,284.260009765625,284.6099853515625,14080,0.0,0.0
2024-09-19 11:15:00-04:00,284.8450012207031,285.3399963378906,284.8450012207031,285.3399963378906,2310,0.0,0.0
2024-09-19 11:20:00-04:00,285.4200134277344,285.8900146484375,285.4200134277344,285.789794921875,5702,0.0,0.0
2024-09-19 11:25:00-04:00,285.9700012207031,286.8900146484375,285.94000244140625,286.55999755859375,12054,0.0,0.0
2024-09-19 11:30:00-04:00,286.4867858886719,286.4867858886719,285.30999755859375,285.30999755859375,9182,0.0,0.0
2024-09-19 11:35:00-04:00,285.5199890136719,286.010009765625,285.45001220703125,285.8800048828125,10455,0.0,0.0
2024-09-19 11:40:00-04:00,286.010009765625,286.2900085449219,285.80499267578125,285.80999755859375,11375,0.0,0.0
2024-09-19 11:45:00-04:00,285.8349914550781,286.1549987792969,285.6922912597656,286.1549987792969,5182,0.0,0.0
2024-09-19 11:50:00-04:00,286.19500732421875,286.19500732421875,284.9100036621094,285.2349853515625,7857,0.0,0.0
2024-09-19 11:55:00-04:00,285.0920104980469,285.2449951171875,284.3299865722656,284.4949951171875,10844,0.0,0.0
2024-09-19 12:00:00-04:00,284.62200927734375,284.62200927734375,284.31500244140625,284.3299865722656,6958,0.0,0.0
2024-09-19 12:05:00-04:00,284.2099914550781,284.45001220703125,284.1499938964844,284.3599853515625,8737,0.0,0.0
2024-09-19 12:10:00-04:00,284.489990234375,284.8299865722656,284.010009765625,284.56500244140625,11702,0.0,0.0
2024-09-19 12:15:00-04:00,284.6600036621094,284.6700134277344,284.30999755859375,284.510009765625,5717,0.0,0.0
2024-09-19 12:20:00-04:00,284.625,285.09991455078125,284.54998779296875,284.875,6203,0.0,0.0
2024-09-19 12:25:00-04:00,284.7449951171875,285.0852966308594,284.7099914550781,285.0849914550781,6337,0.0,0.0
2024-09-19 12:30:00-04:00,285.114990234375,285.114990234375,284.7900085449219,284.9049987792969,7241,0.0,0.0
2024-09-19 12:35:00-04:00,284.6099853515625,284.8500061035156,284.4200134277344,284.760009765625,10361,0.0,0.0
2024-09-19 12:40:00-04:00,284.82000732421875,285.1000061035156,284.5799865722656,284.7900085449219,10241,0.0,0.0
2024-09-19 12:45:00-04:00,284.875,284.97119140625,284.6099853515625,284.69000244140625,6032,0.0,0.0
2024-09-19 12:50:00-04:00,284.7749938964844,285.1000061035156,284.75,284.8299865722656,6288,0.0,0.0
2024-09-19 12:55:00-04:00,284.7799987792969,284.8699951171875,284.5473937988281,284.6199951171875,6272,0.0,0.0
2024-09-19 13:00:00-04:00,284.7049865722656,284.8800048828125,284.44000244140625,284.5224914550781,7463,0.0,0.0
2024-09-19 13:05:00-04:00,284.6400146484375,284.7550048828125,284.3699951171875,284.7550048828125,10800,0.0,0.0
2024-09-19 13:10:00-04:00,284.57000732421875,284.6000061035156,284.31500244140625,284.5646057128906,11775,0.0,0.0
2024-09-19 13:15:00-04:00,284.45001220703125,284.6700134277344,284.29998779296875,284.510009765625,10611,0.0,0.0
2024-09-19 13:20:00-04:00,284.4750061035156,284.7749938964844,284.1600036621094,284.1600036621094,8597,0.0,0.0
2024-09-19 13:25:00-04:00,284.1600036621094,284.1600036621094,283.8699951171875,283.8699951171875,5451,0.0,0.0
2024-09-19 13:30:00-04:00,283.82000732421875,284.0,283.29998779296875,283.7749938964844,8317,0.0,0.0
2024-09-19 13:35:00-04:00,283.7300109863281,283.80999755859375,283.54998779296875,283.7900085449219,3185,0.0,0.0
2024-09-19 13:40:00-04:00,283.6099853515625,284.04998779296875,283.6000061035156,283.93499755859375,6437,0.0,0.0
2024-09-19 13:45:00-04:00,283.9549865722656,284.47698974609375,283.9549865722656,284.47698974609375,17957,0.0,0.0
2024-09-19 13:50:00-04:00,284.9599914550781,285.389892578125,284.82000732421875,285.389892578125,5491,0.0,0.0
2024-09-19 13:55:00-04:00,285.2049865722656,285.2149963378906,284.760009765625,284.80999755859375,6205,0.0,0.0
2024-09-19 14:00:00-04:00,284.82000732421875,284.92498779296875,284.32000732421875,284.614990234375,5206,0.0,0.0
2024-09-19 14:05:00-04:00,284.5400085449219,284.5400085449219,284.25,284.25,4064,0.0,0.0
2024-09-19 14:10:00-04:00,283.80999755859375,284.0,283.6000061035156,284.0,9176,0.0,0.0
2024-09-19 14:15:00-04:00,283.67999267578125,283.70001220703125,283.3699951171875,283.42999267578125,7033,0.0,0.0
2024-09-19 14:20:00-04:00,283.4599914550781,283.7799987792969,283.4599914550781,283.6099853515625,4100,0.0,0.0
2024-09-19 14:25:00-04:00,283.3399963378906,283.4849853515625,283.239990234375,283.4200134277344,4669,0.0,0.0
2024-09-19 14:30:00-04:00,283.4150085449219,283.4200134277344,282.8800048828125,283.2200012207031,8883,0.0,0.0
2024-09-19 14:35:00-04:00,283.32000732421875,283.6300048828125,283.32000732421875,283.6300048828125,3377,0.0,0.0
2024-09-19 14:40:00-04:00,283.7200012207031,283.7200012207031,283.5400085449219,283.5400085449219,5364,0.0,0.0
2024-09-19 14:45:00-04:00,283.42999267578125,283.6099853515625,283.2699890136719,283.4100036621094,4974,0.0,0.0
2024-09-19 14:50:00-04:00,283.2099914550781,283.2099914550781,282.5939025878906,283.07000732421875,11055,0.0,0.0
2024-09-19 14:55:00-04:00,282.8800048828125,283.1000061035156,282.7250061035156,283.1000061035156,14839,0.0,0.0
2024-09-19 15:00:00-04:00,282.9200134277344,282.9200134277344,282.57000732421875,282.7300109863281,7212,0.0,0.0
2024-09-19 15:05:00-04:00,282.5899963378906,282.614990234375,282.3399963378906,282.3399963378906,6017,0.0,0.0
2024-09-19 15:10:00-04:00,282.5299987792969,282.5299987792969,281.9100036621094,282.0400085449219,9168,0.0,0.0
2024-09-19 15:15:00-04:00,282.0249938964844,282.44000244140625,281.8800048828125,282.0,14700,0.0,0.0
2024-09-19 15:20:00-04:00,281.8299865722656,282.114990234375,281.6000061035156,282.114990234375,7835,0.0,0.0
2024-09-19 15:25:00-04:00,282.0199890136719,282.8299865722656,282.0,282.8299865722656,17663,0.0,0.0
2024-09-19 15:30:00-04:00,282.54998779296875,282.64990234375,282.1099853515625,282.3900146484375,9902,0.0,0.0
2024-09-19 15:35:00-04:00,282.4800109863281,282.56500244140625,282.1300048828125,282.3599853515625,10481,0.0,0.0
2024-09-19 15:40:00-04:00,282.4800109863281,283.19000244140625,282.3800048828125,282.489990234375,28017,0.0,0.0
2024-09-19 15:45:00-04:00,282.6400146484375,283.8699951171875,282.5199890136719,283.67498779296875,32646,0.0,0.0
2024-09-19 15:50:00-04:00,283.6000061035156,284.1499938964844,283.0177001953125,283.8598937988281,69047,0.0,0.0
2024-09-19 15:55:00-04:00,283.8599853515625,284.3900146484375,283.4100036621094,283.8299865722656,144679,0.0,0.0
2024-09-20 09:30:00-04:00,280.3599853515625,283.239990234375,280.3599853515625,282.2799987792969,57840,0.0,0.0
2024-09-20 09:35:00-04:00,281.8550109863281,281.8550109863281,280.3699951171875,281.0199890136719,6947,0.0,0.0
2024-09-20 09:40:00-04:00,281.29998779296875,281.6600036621094,280.7699890136719,281.1400146484375,16110,0.0,0.0
2024-09-20 09:45:00-04:00,281.5350036621094,282.2799987792969,281.1499938964844,282.17999267578125,14811,0.0,0.0
2024-09-20 09:50:00-04:00,281.5299987792969,281.5799865722656,279.625,279.625,16285,0.0,0.0
2024-09-20 09:55:00-04:00,279.625,279.625,277.4328918457031,277.9200134277344,13305,0.0,0.0
2024-09-20 10:00:00-04:00,278.0,278.44000244140625,277.5505065917969,277.5505065917969,21343,0.0,0.0
2024-09-20 10:05:00-04:00,277.7698974609375,277.82000732421875,276.6955871582031,276.6955871582031,20881,0.0,0.0
2024-09-20 10:10:00-04:00,276.69000244140625,277.2699890136719,276.67010498046875,276.70001220703125,9113,0.0,0.0
2024-09-20 10:15:00-04:00,276.95001220703125,277.7598876953125,276.7699890136719,277.0299987792969,14778,0.0,0.0
2024-09-20 10:20:00-04:00,276.78009033203125,277.3999938964844,276.7099914550781,277.0400085449219,15601,0.0,0.0
2024-09-20 10:25:00-04:00,277.1650085449219,277.3699951171875,276.1099853515625,276.1099853515625,18805,0.0,0.0
2024-09-20 10:30:00-04:00,276.364990234375,276.5899963378906,275.82000732421875,276.5899963378906,15147,0.0,0.0
2024-09-20 10:35:00-04:00,276.0,277.1600036621094,275.82000732421875,276.9849853515625,22357,0.0,0.0
2024-09-20 10:40:00-04:00,276.7900085449219,276.9100036621094,276.489990234375,276.489990234375,8701,0.0,0.0
2024-09-20 10:45:00-04:00,276.625,276.9800109863281,276.0799865722656,276.9800109863281,8673,0.0,0.0
2024-09-20 10:50:00-04:00,276.67999267578125,276.67999267578125,275.75,275.75,7937,0.0,0.0
2024-09-20 10:55:00-04:00,275.7149963378906,276.2298889160156,275.3900146484375,275.7200012207031,30521,0.0,0.0
2024-09-20 11:00:00-04:00,275.72760009765625,275.7300109863281,275.3500061035156,275.4100036621094,8075,0.0,0.0
2024-09-20 11:05:00-04:00,275.4800109863281,275.80999755859375,275.4599914550781,275.5150146484375,12435,0.0,0.0
2024-09-20 11:10:00-04:00,275.635009765625,275.79998779296875,275.2200012207031,275.7200012207031,9378,0.0,0.0
2024-09-20 11:15:00-04:00,275.8699951171875,276.2099914550781,275.3900146484375,275.6289978027344,10302,0.0,0.0
2024-09-20 11:20:00-04:00,275.989990234375,276.7499084472656,275.989990234375,276.4800109863281,9220,0.0,0.0
2024-09-20 11:25:00-04:00,276.5874938964844,276.94000244140625,276.4599914550781,276.94000244140625,6757,0.0,0.0
2024-09-20 11:30:00-04:00,276.6499938964844,277.1199951171875,276.3999938964844,276.85589599609375,5694,0.0,0.0
2024-09-20 11:35:00-04:00,277.7200012207031,278.0899963378906,277.7200012207031,278.0899963378906,3869,0.0,0.0
2024-09-20 11:40:00-04:00,278.0,278.5299987792969,278.0,278.5299987792969,5502,0.0,0.0
2024-09-20 11:45:00-04:00,278.5,278.5,278.07501220703125,278.1700134277344,4229,0.0,0.0
2024-09-20 11:50:00-04:00,278.010009765625,278.2298889160156,277.45001220703125,278.2298889160156,5471,0.0,0.0
2024-09-20 11:55:00-04:00,278.2300109863281,278.510009765625,278.2300109863281,278.239990234375,4199,0.0,0.0
2024-09-20 12:00:00-04:00,278.25,278.54998779296875,278.1099853515625,278.44000244140625,5486,0.0,0.0
2024-09-20 12:05:00-04:00,278.44000244140625,278.44000244140625,278.239990234375,278.3800048828125,3299,0.0,0.0
2024-09-20 12:10:00-04:00,278.30999755859375,278.3399963378906,278.2799987792969,278.3399963378906,4510,0.0,0.0
2024-09-20 12:15:00-04:00,278.3800048828125,278.3800048828125,278.19000244140625,278.29998779296875,2932,0.0,0.0
2024-09-20 12:20:00-04:00,278.02239990234375,278.44500732421875,278.02239990234375,278.44500732421875,5158,0.0,0.0
2024-09-20 12:25:00-04:00,278.45001220703125,278.5899963378906,278.3800964355469,278.4700012207031,18141,0.0,0.0
2024-09-20 12:30:00-04:00,278.3900146484375,278.55999755859375,278.3900146484375,278.55999755859375,3065,0.0,0.0
2024-09-20 12:35:00-04:00,278.54998779296875,278.9599914550781,278.5,278.76251220703125,18418,0.0,0.0
2024-09-20 12:40:00-04:00,278.7950134277344,279.010009765625,278.6099853515625,278.69000244140625,5176,0.0,0.0
2024-09-20 12:45:00-04:00,278.70001220703125,278.7650146484375,278.6156921386719,278.760009765625,3287,0.0,0.0
2024-09-20 12:50:00-04:00,278.7650146484375,278.7900085449219,278.6600036621094,278.6600036621094,3508,0.0,0.0
2024-09-20 12:55:00-04:00,278.5,278.7049865722656,278.0400085449219,278.0400085449219,6762,0.0,0.0
2024-09-20 13:00:00-04:00,278.0899963378906,278.12200927734375,277.6600036621094,277.7699890136719,6862,0.0,0.0
2024-09-20 13:05:00-04:00,277.7149963378906,278.3299865722656,277.6000061035156,277.6000061035156,8446,0.0,0.0
2024-09-20 13:10:00-04:00,277.80499267578125,277.8550109863281,277.80499267578125,277.8550109863281,1719,0.0,0.0
2024-09-20 13:15:00-04:00,277.7799987792969,277.8599853515625,277.6000061035156,277.614990234375,4578,0.0,0.0
2024-09-20 13:20:00-04:00,277.6600036621094,277.7449951171875,277.0723876953125,277.0723876953125,6022,0.0,0.0
2024-09-20 13:25:00-04:00,277.2900085449219,277.3299865722656,277.19000244140625,277.3299865722656,3149,0.0,0.0
2024-09-20 13:30:00-04:00,277.42999267578125,277.635009765625,277.42999267578125,277.635009765625,2651,0.0,0.0
2024-09-20 13:35:00-04:00,277.7250061035156,278.010009765625,277.7250061035156,277.8299865722656,2852,0.0,0.0
2024-09-20 13:40:00-04:00,277.69000244140625,277.7900085449219,277.67999267578125,277.7900085449219,1822,0.0,0.0
2024-09-20 13:45:00-04:00,277.510009765625,277.7149963378906,277.510009765625,277.7149963378906,2275,0.0,0.0
2024-09-20 13:50:00-04:00,277.5523986816406,278.0400085449219,277.5523986816406,278.0400085449219,7565,0.0,0.0
2024-09-20 13:55:00-04:00,277.760009765625,278.1159973144531,277.760009765625,277.9623107910156,4426,0.0,0.0
2024-09-20 14:00:00-04:00,277.8399963378906,277.864990234375,277.17999267578125,277.375,4405,0.0,0.0
2024-09-20 14:05:00-04:00,277.4649963378906,277.8900146484375,277.4649963378906,277.8900146484375,3383,0.0,0.0
2024-09-20 14:10:00-04:00,277.885009765625,278.45001220703125,277.6900939941406,278.30999755859375,7246,0.0,0.0
2024-09-20 14:15:00-04:00,278.3699951171875,278.3999938964844,278.1300048828125,278.3699951171875,5621,0.0,0.0
2024-09-20 14:20:00-04:00,278.19000244140625,278.2099914550781,278.05999755859375,278.1897888183594,2934,0.0,0.0
2024-09-20 14:25:00-04:00,278.2099914550781,278.2250061035156,277.8500061035156,277.8500061035156,3412,0.0,0.0
2024-09-20 14:30:00-04:00,277.989990234375,277.989990234375,277.0249938964844,277.04998779296875,5156,0.0,0.0
2024-09-20 14:35:00-04:00,276.7200012207031,277.25,276.6300048828125,277.25,3948,0.0,0.0
2024-09-20 14:40:00-04:00,277.135009765625,277.18499755859375,277.1199951171875,277.18499755859375,3321,0.0,0.0
2024-09-20 14:45:00-04:00,277.31500244140625,277.31500244140625,277.31500244140625,277.31500244140625,2542,0.0,0.0
2024-09-20 14:50:00-04:00,277.06500244140625,277.30999755859375,277.0400085449219,277.07000732421875,3276,0.0,0.0
2024-09-20 14:55:00-04:00,277.2449951171875,277.5,277.2449951171875,277.5,4166,0.0,0.0
2024-09-20 15:00:00-04:00,277.239990234375,277.4599914550781,277.2300109863281,277.3999938964844,4247,0.0,0.0
2024-09-20 15:05:00-04:00,277.3599853515625,277.5299987792969,277.17999267578125,277.4649963378906,6169,0.0,0.0
2024-09-20 15:10:00-04:00,277.67999267578125,277.89990234375,277.57000732421875,277.57501220703125,3107,0.0,0.0
2024-09-20 15:15:00-04:00,277.57501220703125,278.0299987792969,277.57501220703125,277.9750061035156,7361,0.0,0.0
2024-09-20 15:20:00-04:00,277.9100036621094,278.04998779296875,277.5899963378906,277.6400146484375,5404,0.0,0.0
2024-09-20 15:25:00-04:00,277.6050109863281,277.80999755859375,277.3999938964844,277.5,10516,0.0,0.0
2024-09-20 15:30:00-04:00,277.4750061035156,277.9949951171875,277.3399963378906,277.9949951171875,19835,0.0,0.0
2024-09-20 15:35:00-04:00,278.04998779296875,278.4949951171875,278.04998779296875,278.364990234375,12200,0.0,0.0
2024-09-20 15:40:00-04:00,278.42498779296875,278.5,277.92999267578125,278.0050048828125,11129,0.0,0.0
2024-09-20 15:45:00-04:00,277.9100036621094,278.0899963378906,277.6061096191406,277.6300048828125,16473,0.0,0.0
2024-09-20 15:50:00-04:00,277.6199951171875,278.635009765625,277.6199951171875,278.44500732421875,33965,0.0,0.0
2024-09-20 15:55:00-04:00,278.43499755859375,278.80999755859375,278.260009765625,278.44000244140625,72251,0.0,0.0
