Datetime,Open,High,Low,Close,Volume,Dividends,Stock Splits
2024-08-22 09:30:00-04:00,4.360000133514404,4.360000133514404,4.360000133514404,4.360000133514404,0,0.0,0.0
2024-08-22 10:05:00-04:00,4.329999923706055,4.329999923706055,4.329999923706055,4.329999923706055,284,0.0,0.0
2024-08-22 10:10:00-04:00,4.329999923706055,4.329999923706055,4.329999923706055,4.329999923706055,2137,0.0,0.0
2024-08-22 10:15:00-04:00,4.309999942779541,4.309999942779541,4.309999942779541,4.309999942779541,749,0.0,0.0
2024-08-22 10:25:00-04:00,4.309999942779541,4.309999942779541,4.309999942779541,4.309999942779541,400,0.0,0.0
2024-08-22 10:30:00-04:00,4.310999870300293,4.310999870300293,4.310999870300293,4.310999870300293,362,0.0,0.0
2024-08-22 10:35:00-04:00,4.329899787902832,4.329899787902832,4.329899787902832,4.329899787902832,851,0.0,0.0
2024-08-22 10:40:00-04:00,4.340000152587891,4.349999904632568,4.340000152587891,4.349999904632568,842,0.0,0.0
2024-08-22 10:45:00-04:00,4.360000133514404,4.360000133514404,4.360000133514404,4.360000133514404,123,0.0,0.0
2024-08-22 10:55:00-04:00,4.360000133514404,4.360000133514404,4.360000133514404,4.360000133514404,182,0.0,0.0
2024-08-22 11:00:00-04:00,4.380000114440918,4.380000114440918,4.380000114440918,4.380000114440918,485,0.0,0.0
2024-08-22 11:05:00-04:00,4.380000114440918,4.400000095367432,4.380000114440918,4.400000095367432,1338,0.0,0.0
2024-08-22 11:20:00-04:00,4.369999885559082,4.369999885559082,4.369999885559082,4.369999885559082,1284,0.0,0.0
2024-08-22 11:30:00-04:00,4.369999885559082,4.369999885559082,4.369999885559082,4.369999885559082,366,0.0,0.0
2024-08-22 11:35:00-04:00,4.380000114440918,4.380000114440918,4.380000114440918,4.380000114440918,504,0.0,0.0
2024-08-22 11:40:00-04:00,4.369999885559082,4.369999885559082,4.369999885559082,4.369999885559082,494,0.0,0.0
2024-08-22 12:00:00-04:00,4.380000114440918,4.380000114440918,4.380000114440918,4.380000114440918,443,0.0,0.0
2024-08-22 12:05:00-04:00,4.385000228881836,4.385000228881836,4.385000228881836,4.385000228881836,120,0.0,0.0
2024-08-22 12:10:00-04:00,4.386000156402588,4.386000156402588,4.386000156402588,4.386000156402588,861,0.0,0.0
2024-08-22 12:35:00-04:00,4.409999847412109,4.409999847412109,4.409999847412109,4.409999847412109,280,0.0,0.0
2024-08-22 12:40:00-04:00,4.420000076293945,4.420000076293945,4.420000076293945,4.420000076293945,411,0.0,0.0
2024-08-22 12:45:00-04:00,4.409999847412109,4.409999847412109,4.409999847412109,4.409999847412109,427,0.0,0.0
2024-08-22 12:50:00-04:00,4.420000076293945,4.420000076293945,4.409999847412109,4.409999847412109,723,0.0,0.0
2024-08-22 13:00:00-04:00,4.389999866485596,4.389999866485596,4.375,4.375,707,0.0,0.0
2024-08-22 13:30:00-04:00,4.369999885559082,4.369999885559082,4.369999885559082,4.369999885559082,796,0.0,0.0
2024-08-22 13:40:00-04:00,4.368000030517578,4.369999885559082,4.368000030517578,4.369999885559082,691,0.0,0.0
2024-08-22 13:50:00-04:00,4.369999885559082,4.369999885559082,4.360000133514404,4.360000133514404,565,0.0,0.0
2024-08-22 14:00:00-04:00,4.360000133514404,4.369999885559082,4.360000133514404,4.369999885559082,644,0.0,0.0
2024-08-22 14:05:00-04:00,4.380000114440918,4.400000095367432,4.380000114440918,4.400000095367432,2308,0.0,0.0
2024-08-22 14:10:00-04:00,4.400000095367432,4.400000095367432,4.395999908447266,4.395999908447266,1241,0.0,0.0
2024-08-22 14:15:00-04:00,4.400000095367432,4.400000095367432,4.400000095367432,4.400000095367432,222,0.0,0.0
2024-08-22 14:30:00-04:00,4.400000095367432,4.400000095367432,4.389999866485596,4.389999866485596,286,0.0,0.0
2024-08-22 14:35:00-04:00,4.400000095367432,4.409999847412109,4.400000095367432,4.400000095367432,3764,0.0,0.0
2024-08-22 14:45:00-04:00,4.420000076293945,4.420000076293945,4.420000076293945,4.420000076293945,586,0.0,0.0
2024-08-22 14:55:00-04:00,4.429999828338623,4.429999828338623,4.420000076293945,4.420000076293945,1796,0.0,0.0
2024-08-22 15:00:00-04:00,4.429999828338623,4.429999828338623,4.429999828338623,4.429999828338623,808,0.0,0.0
2024-08-22 15:05:00-04:00,4.429999828338623,4.429999828338623,4.429999828338623,4.429999828338623,848,0.0,0.0
2024-08-22 15:15:00-04:00,4.440000057220459,4.440000057220459,4.440000057220459,4.440000057220459,2052,0.0,0.0
2024-08-22 15:20:00-04:00,4.440000057220459,4.440000057220459,4.440000057220459,4.440000057220459,848,0.0,0.0
2024-08-22 15:25:00-04:00,4.440000057220459,4.449999809265137,4.440000057220459,4.449999809265137,1901,0.0,0.0
2024-08-22 15:30:00-04:00,4.449999809265137,4.46999979019165,4.449999809265137,4.46999979019165,3995,0.0,0.0
2024-08-22 15:35:00-04:00,4.474999904632568,4.474999904632568,4.470099925994873,4.474999904632568,863,0.0,0.0
2024-08-22 15:40:00-04:00,4.474999904632568,4.494999885559082,4.460000038146973,4.494999885559082,7926,0.0,0.0
2024-08-22 15:45:00-04:00,4.5,4.505000114440918,4.48799991607666,4.5,7034,0.0,0.0
2024-08-22 15:50:00-04:00,4.5,4.505000114440918,4.489999771118164,4.505000114440918,6535,0.0,0.0
2024-08-22 15:55:00-04:00,4.505000114440918,4.510000228881836,4.46999979019165,4.480000019073486,9132,0.0,0.0
2024-08-23 09:30:00-04:00,4.449999809265137,4.449999809265137,4.449999809265137,4.449999809265137,1602,0.0,0.0
2024-08-23 09:35:00-04:00,4.510000228881836,4.53000020980835,4.510000228881836,4.53000020980835,555,0.0,0.0
2024-08-23 09:40:00-04:00,4.550000190734863,4.570000171661377,4.550000190734863,4.570000171661377,2628,0.0,0.0
2024-08-23 09:50:00-04:00,4.519999980926514,4.519999980926514,4.510000228881836,4.510000228881836,701,0.0,0.0
2024-08-23 10:00:00-04:00,4.53000020980835,4.590000152587891,4.53000020980835,4.563899993896484,6788,0.0,0.0
2024-08-23 10:05:00-04:00,4.570000171661377,4.570000171661377,4.570000171661377,4.570000171661377,105,0.0,0.0
2024-08-23 10:10:00-04:00,4.590000152587891,4.650000095367432,4.590000152587891,4.650000095367432,7776,0.0,0.0
2024-08-23 10:15:00-04:00,4.679999828338623,4.679999828338623,4.659999847412109,4.659999847412109,1567,0.0,0.0
2024-08-23 10:20:00-04:00,4.659999847412109,4.699999809265137,4.659999847412109,4.699999809265137,1489,0.0,0.0
2024-08-23 10:30:00-04:00,4.708000183105469,4.708000183105469,4.708000183105469,4.708000183105469,494,0.0,0.0
2024-08-23 10:35:00-04:00,4.710000038146973,4.710000038146973,4.710000038146973,4.710000038146973,648,0.0,0.0
2024-08-23 10:40:00-04:00,4.702000141143799,4.71999979019165,4.702000141143799,4.71999979019165,1228,0.0,0.0
2024-08-23 10:45:00-04:00,4.7052001953125,4.710000038146973,4.690000057220459,4.690000057220459,2621,0.0,0.0
2024-08-23 10:50:00-04:00,4.719900131225586,4.719900131225586,4.719900131225586,4.719900131225586,154,0.0,0.0
2024-08-23 10:55:00-04:00,4.699999809265137,4.699999809265137,4.699999809265137,4.699999809265137,602,0.0,0.0
2024-08-23 11:00:00-04:00,4.724999904632568,4.724999904632568,4.724999904632568,4.724999904632568,694,0.0,0.0
2024-08-23 11:05:00-04:00,4.71999979019165,4.71999979019165,4.71999979019165,4.71999979019165,371,0.0,0.0
2024-08-23 11:10:00-04:00,4.705599784851074,4.705599784851074,4.705599784851074,4.705599784851074,207,0.0,0.0
2024-08-23 11:15:00-04:00,4.730000019073486,4.75,4.730000019073486,4.75,6124,0.0,0.0
2024-08-23 11:20:00-04:00,4.750999927520752,4.750999927520752,4.750999927520752,4.750999927520752,176,0.0,0.0
2024-08-23 11:25:00-04:00,4.779099941253662,4.779099941253662,4.764999866485596,4.764999866485596,3250,0.0,0.0
2024-08-23 11:35:00-04:00,4.78000020980835,4.78000020980835,4.78000020980835,4.78000020980835,1888,0.0,0.0
2024-08-23 11:40:00-04:00,4.78000020980835,4.78000020980835,4.71999979019165,4.71999979019165,2243,0.0,0.0
2024-08-23 11:45:00-04:00,4.710000038146973,4.710000038146973,4.710000038146973,4.710000038146973,287,0.0,0.0
2024-08-23 12:00:00-04:00,4.699999809265137,4.699999809265137,4.690000057220459,4.690000057220459,1908,0.0,0.0
2024-08-23 12:15:00-04:00,4.71999979019165,4.71999979019165,4.710000038146973,4.71999979019165,451,0.0,0.0
2024-08-23 12:20:00-04:00,4.71999979019165,4.71999979019165,4.71999979019165,4.71999979019165,458,0.0,0.0
2024-08-23 12:40:00-04:00,4.710000038146973,4.710000038146973,4.681000232696533,4.681000232696533,1481,0.0,0.0
2024-08-23 12:50:00-04:00,4.679999828338623,4.679999828338623,4.679999828338623,4.679999828338623,125,0.0,0.0
2024-08-23 13:00:00-04:00,4.699999809265137,4.699999809265137,4.699999809265137,4.699999809265137,382,0.0,0.0
2024-08-23 13:05:00-04:00,4.699999809265137,4.702199935913086,4.699999809265137,4.702199935913086,502,0.0,0.0
2024-08-23 13:30:00-04:00,4.710000038146973,4.75,4.710000038146973,4.75,9880,0.0,0.0
2024-08-23 13:35:00-04:00,4.75,4.75,4.75,4.75,522,0.0,0.0
2024-08-23 13:50:00-04:00,4.755000114440918,4.769999980926514,4.755000114440918,4.769999980926514,329,0.0,0.0
2024-08-23 13:55:00-04:00,4.740099906921387,4.740099906921387,4.739999771118164,4.739999771118164,1904,0.0,0.0
2024-08-23 14:00:00-04:00,4.739999771118164,4.739999771118164,4.739999771118164,4.739999771118164,998,0.0,0.0
2024-08-23 14:15:00-04:00,4.730000019073486,4.730000019073486,4.730000019073486,4.730000019073486,749,0.0,0.0
2024-08-23 14:25:00-04:00,4.724999904632568,4.724999904632568,4.724999904632568,4.724999904632568,378,0.0,0.0
2024-08-23 14:30:00-04:00,4.711699962615967,4.711699962615967,4.711699962615967,4.711699962615967,264,0.0,0.0
2024-08-23 14:40:00-04:00,4.724999904632568,4.724999904632568,4.724999904632568,4.724999904632568,272,0.0,0.0
2024-08-23 14:45:00-04:00,4.716300010681152,4.716300010681152,4.716300010681152,4.716300010681152,2447,0.0,0.0
2024-08-23 14:50:00-04:00,4.724999904632568,4.724999904632568,4.724999904632568,4.724999904632568,233,0.0,0.0
2024-08-23 15:00:00-04:00,4.710000038146973,4.710000038146973,4.710000038146973,4.710000038146973,1061,0.0,0.0
2024-08-23 15:05:00-04:00,4.710000038146973,4.710000038146973,4.699999809265137,4.710000038146973,994,0.0,0.0
2024-08-23 15:10:00-04:00,4.710000038146973,4.730000019073486,4.710000038146973,4.730000019073486,1250,0.0,0.0
2024-08-23 15:30:00-04:00,4.744999885559082,4.744999885559082,4.744999885559082,4.744999885559082,238,0.0,0.0
2024-08-23 15:35:00-04:00,4.760000228881836,4.760000228881836,4.760000228881836,4.760000228881836,242,0.0,0.0
2024-08-23 15:45:00-04:00,4.7399001121521,4.75,4.7399001121521,4.75,2728,0.0,0.0
2024-08-23 15:50:00-04:00,4.739999771118164,4.739999771118164,4.739999771118164,4.739999771118164,849,0.0,0.0
2024-08-23 15:55:00-04:00,4.739999771118164,4.739999771118164,4.71999979019165,4.71999979019165,5702,0.0,0.0
2024-08-26 09:30:00-04:00,4.730000019073486,4.749599933624268,4.643700122833252,4.644999980926514,7919,0.0,0.0
2024-08-26 09:35:00-04:00,4.619999885559082,4.639999866485596,4.610000133514404,4.639999866485596,8046,0.0,0.0
2024-08-26 09:40:00-04:00,4.639999866485596,4.710000038146973,4.639999866485596,4.710000038146973,1619,0.0,0.0
2024-08-26 09:50:00-04:00,4.796000003814697,4.796000003814697,4.730000019073486,4.730000019073486,1712,0.0,0.0
2024-08-26 09:55:00-04:00,4.760000228881836,4.760000228881836,4.751999855041504,4.751999855041504,407,0.0,0.0
2024-08-26 10:00:00-04:00,4.764999866485596,4.764999866485596,4.764999866485596,4.764999866485596,558,0.0,0.0
2024-08-26 10:05:00-04:00,4.764999866485596,4.78000020980835,4.750400066375732,4.764999866485596,1376,0.0,0.0
2024-08-26 10:15:00-04:00,4.760000228881836,4.760000228881836,4.650000095367432,4.650000095367432,9902,0.0,0.0
2024-08-26 10:20:00-04:00,4.622000217437744,4.670000076293945,4.622000217437744,4.659999847412109,5984,0.0,0.0
2024-08-26 10:25:00-04:00,4.679999828338623,4.679999828338623,4.642000198364258,4.650000095367432,2120,0.0,0.0
2024-08-26 10:30:00-04:00,4.650000095367432,4.650000095367432,4.622000217437744,4.635000228881836,1933,0.0,0.0
2024-08-26 10:35:00-04:00,4.630000114440918,4.639999866485596,4.630000114440918,4.639999866485596,1030,0.0,0.0
2024-08-26 10:40:00-04:00,4.648099899291992,4.675000190734863,4.648099899291992,4.675000190734863,2956,0.0,0.0
2024-08-26 10:45:00-04:00,4.679999828338623,4.679999828338623,4.679999828338623,4.679999828338623,411,0.0,0.0
2024-08-26 10:50:00-04:00,4.670000076293945,4.670000076293945,4.642000198364258,4.642000198364258,517,0.0,0.0
2024-08-26 10:55:00-04:00,4.639999866485596,4.639999866485596,4.630000114440918,4.630000114440918,2021,0.0,0.0
2024-08-26 11:00:00-04:00,4.614999771118164,4.614999771118164,4.603000164031982,4.614999771118164,775,0.0,0.0
2024-08-26 11:05:00-04:00,4.619999885559082,4.630000114440918,4.61299991607666,4.630000114440918,996,0.0,0.0
2024-08-26 11:10:00-04:00,4.619999885559082,4.619999885559082,4.619999885559082,4.619999885559082,236,0.0,0.0
2024-08-26 11:15:00-04:00,4.620999813079834,4.620999813079834,4.610000133514404,4.610000133514404,1399,0.0,0.0
2024-08-26 11:20:00-04:00,4.599999904632568,4.599999904632568,4.579999923706055,4.579999923706055,1531,0.0,0.0
2024-08-26 11:25:00-04:00,4.570000171661377,4.579999923706055,4.570000171661377,4.579999923706055,2186,0.0,0.0
2024-08-26 11:30:00-04:00,4.579999923706055,4.599999904632568,4.559999942779541,4.579999923706055,7145,0.0,0.0
2024-08-26 11:35:00-04:00,4.559999942779541,4.559999942779541,4.545000076293945,4.559999942779541,1730,0.0,0.0
2024-08-26 11:40:00-04:00,4.570000171661377,4.570000171661377,4.570000171661377,4.570000171661377,630,0.0,0.0
2024-08-26 11:45:00-04:00,4.561999797821045,4.569900035858154,4.561999797821045,4.569900035858154,1013,0.0,0.0
2024-08-26 11:50:00-04:00,4.559999942779541,4.561999797821045,4.559999942779541,4.561999797821045,362,0.0,0.0
2024-08-26 11:55:00-04:00,4.5782999992370605,4.5782999992370605,4.570000171661377,4.570000171661377,1194,0.0,0.0
2024-08-26 12:00:00-04:00,4.570000171661377,4.570000171661377,4.559999942779541,4.559999942779541,3278,0.0,0.0
2024-08-26 12:05:00-04:00,4.559999942779541,4.572000026702881,4.559999942779541,4.572000026702881,2387,0.0,0.0
2024-08-26 12:10:00-04:00,4.590000152587891,4.610000133514404,4.590000152587891,4.610000133514404,1913,0.0,0.0
2024-08-26 12:15:00-04:00,4.590000152587891,4.590000152587891,4.590000152587891,4.590000152587891,529,0.0,0.0
2024-08-26 12:35:00-04:00,4.599999904632568,4.610000133514404,4.599999904632568,4.610000133514404,505,0.0,0.0
2024-08-26 12:40:00-04:00,4.599999904632568,4.599999904632568,4.599999904632568,4.599999904632568,525,0.0,0.0
2024-08-26 12:45:00-04:00,4.599999904632568,4.609899997711182,4.599999904632568,4.609899997711182,235,0.0,0.0
2024-08-26 12:50:00-04:00,4.590000152587891,4.638299942016602,4.590000152587891,4.638299942016602,1184,0.0,0.0
2024-08-26 12:55:00-04:00,4.622000217437744,4.6442999839782715,4.622000217437744,4.6442999839782715,723,0.0,0.0
2024-08-26 13:00:00-04:00,4.644999980926514,4.644999980926514,4.639999866485596,4.639999866485596,1488,0.0,0.0
2024-08-26 13:05:00-04:00,4.639999866485596,4.639999866485596,4.639999866485596,4.639999866485596,1032,0.0,0.0
2024-08-26 13:15:00-04:00,4.638000011444092,4.638000011444092,4.630000114440918,4.630000114440918,576,0.0,0.0
2024-08-26 13:30:00-04:00,4.619999885559082,4.630000114440918,4.619999885559082,4.623000144958496,665,0.0,0.0
2024-08-26 13:35:00-04:00,4.619999885559082,4.619999885559082,4.61299991607666,4.619999885559082,705,0.0,0.0
2024-08-26 13:40:00-04:00,4.619999885559082,4.619999885559082,4.619999885559082,4.619999885559082,604,0.0,0.0
2024-08-26 13:45:00-04:00,4.619999885559082,4.619999885559082,4.619999885559082,4.619999885559082,429,0.0,0.0
2024-08-26 13:50:00-04:00,4.610000133514404,4.620999813079834,4.610000133514404,4.619999885559082,1256,0.0,0.0
2024-08-26 13:55:00-04:00,4.611999988555908,4.619999885559082,4.610000133514404,4.619999885559082,573,0.0,0.0
2024-08-26 14:00:00-04:00,4.61299991607666,4.644999980926514,4.61299991607666,4.644999980926514,2321,0.0,0.0
2024-08-26 14:05:00-04:00,4.630000114440918,4.630000114440918,4.630000114440918,4.630000114440918,413,0.0,0.0
2024-08-26 14:10:00-04:00,4.630000114440918,4.635000228881836,4.622000217437744,4.624800205230713,2046,0.0,0.0
2024-08-26 14:15:00-04:00,4.622000217437744,4.622000217437744,4.622000217437744,4.622000217437744,283,0.0,0.0
2024-08-26 14:20:00-04:00,4.630000114440918,4.670000076293945,4.6219000816345215,4.659999847412109,3833,0.0,0.0
2024-08-26 14:25:00-04:00,4.6529998779296875,4.659999847412109,4.6529998779296875,4.659999847412109,202,0.0,0.0
2024-08-26 14:30:00-04:00,4.670000076293945,4.670000076293945,4.659999847412109,4.659999847412109,5118,0.0,0.0
2024-08-26 14:35:00-04:00,4.6519999504089355,4.664999961853027,4.650000095367432,4.664999961853027,2824,0.0,0.0
2024-08-26 14:40:00-04:00,4.670000076293945,4.670000076293945,4.664999961853027,4.664999961853027,300,0.0,0.0
2024-08-26 14:45:00-04:00,4.670000076293945,4.670000076293945,4.664999961853027,4.664999961853027,650,0.0,0.0
2024-08-26 14:50:00-04:00,4.664999961853027,4.664999961853027,4.650000095367432,4.65500020980835,536,0.0,0.0
2024-08-26 14:55:00-04:00,4.65500020980835,4.71999979019165,4.650000095367432,4.710000038146973,12936,0.0,0.0
2024-08-26 15:00:00-04:00,4.71999979019165,4.739999771118164,4.710000038146973,4.735000133514404,13338,0.0,0.0
2024-08-26 15:05:00-04:00,4.739999771118164,4.739999771118164,4.739999771118164,4.739999771118164,203,0.0,0.0
2024-08-26 15:10:00-04:00,4.739999771118164,4.739999771118164,4.730000019073486,4.730899810791016,2048,0.0,0.0
2024-08-26 15:15:00-04:00,4.71999979019165,4.71999979019165,4.715000152587891,4.715000152587891,660,0.0,0.0
2024-08-26 15:20:00-04:00,4.710000038146973,4.710000038146973,4.710000038146973,4.710000038146973,709,0.0,0.0
2024-08-26 15:30:00-04:00,4.710000038146973,4.710000038146973,4.710000038146973,4.710000038146973,323,0.0,0.0
2024-08-26 15:35:00-04:00,4.710000038146973,4.710000038146973,4.699999809265137,4.699999809265137,524,0.0,0.0
2024-08-26 15:40:00-04:00,4.710000038146973,4.710000038146973,4.699999809265137,4.710000038146973,1285,0.0,0.0
2024-08-26 15:45:00-04:00,4.710000038146973,4.730000019073486,4.710000038146973,4.730000019073486,4135,0.0,0.0
2024-08-26 15:50:00-04:00,4.739999771118164,4.78000020980835,4.730000019073486,4.75,14518,0.0,0.0
2024-08-26 15:55:00-04:00,4.760000228881836,4.78000020980835,4.75,4.769999980926514,14822,0.0,0.0
2024-08-27 09:30:00-04:00,4.769999980926514,4.840000152587891,4.769999980926514,4.769999980926514,1315,0.0,0.0
2024-08-27 09:45:00-04:00,4.769999980926514,4.769999980926514,4.71999979019165,4.71999979019165,2956,0.0,0.0
2024-08-27 10:10:00-04:00,4.739999771118164,4.739999771118164,4.739999771118164,4.739999771118164,356,0.0,0.0
2024-08-27 10:15:00-04:00,4.739999771118164,4.739999771118164,4.710000038146973,4.739999771118164,845,0.0,0.0
2024-08-27 10:20:00-04:00,4.75,4.769999980926514,4.75,4.769999980926514,1593,0.0,0.0
2024-08-27 10:25:00-04:00,4.78000020980835,4.784999847412109,4.78000020980835,4.784999847412109,937,0.0,0.0
2024-08-27 10:30:00-04:00,4.7829999923706055,4.789000034332275,4.7600998878479,4.784999847412109,2298,0.0,0.0
2024-08-27 10:35:00-04:00,4.784999847412109,4.784999847412109,4.784999847412109,4.784999847412109,180,0.0,0.0
2024-08-27 10:40:00-04:00,4.789999961853027,4.789999961853027,4.789999961853027,4.789999961853027,217,0.0,0.0
2024-08-27 10:45:00-04:00,4.800000190734863,4.800000190734863,4.800000190734863,4.800000190734863,197,0.0,0.0
2024-08-27 10:50:00-04:00,4.800000190734863,4.800000190734863,4.800000190734863,4.800000190734863,1414,0.0,0.0
2024-08-27 11:00:00-04:00,4.789999961853027,4.789999961853027,4.78000020980835,4.78000020980835,493,0.0,0.0
2024-08-27 11:05:00-04:00,4.7769999504089355,4.7769999504089355,4.7769999504089355,4.7769999504089355,260,0.0,0.0
2024-08-27 11:20:00-04:00,4.744999885559082,4.744999885559082,4.744999885559082,4.744999885559082,337,0.0,0.0
2024-08-27 11:40:00-04:00,4.730000019073486,4.820000171661377,4.730000019073486,4.820000171661377,12899,0.0,0.0
2024-08-27 11:45:00-04:00,4.78000020980835,4.78000020980835,4.78000020980835,4.78000020980835,237,0.0,0.0
2024-08-27 11:55:00-04:00,4.800000190734863,4.800000190734863,4.796299934387207,4.796299934387207,569,0.0,0.0
2024-08-27 12:00:00-04:00,4.78000020980835,4.78000020980835,4.78000020980835,4.78000020980835,773,0.0,0.0
2024-08-27 12:15:00-04:00,4.739999771118164,4.739999771118164,4.739999771118164,4.739999771118164,290,0.0,0.0
2024-08-27 12:25:00-04:00,4.739999771118164,4.739999771118164,4.739999771118164,4.739999771118164,148,0.0,0.0
2024-08-27 12:30:00-04:00,4.739999771118164,4.739999771118164,4.739999771118164,4.739999771118164,323,0.0,0.0
2024-08-27 12:45:00-04:00,4.710000038146973,4.710000038146973,4.710000038146973,4.710000038146973,269,0.0,0.0
2024-08-27 13:00:00-04:00,4.71999979019165,4.71999979019165,4.71999979019165,4.71999979019165,339,0.0,0.0
2024-08-27 13:05:00-04:00,4.724999904632568,4.724999904632568,4.724999904632568,4.724999904632568,100,0.0,0.0
2024-08-27 13:10:00-04:00,4.710000038146973,4.710000038146973,4.699999809265137,4.699999809265137,858,0.0,0.0
2024-08-27 13:20:00-04:00,4.690000057220459,4.690000057220459,4.690000057220459,4.690000057220459,319,0.0,0.0
2024-08-27 13:25:00-04:00,4.679999828338623,4.679999828338623,4.679999828338623,4.679999828338623,106,0.0,0.0
2024-08-27 13:30:00-04:00,4.690000057220459,4.690000057220459,4.690000057220459,4.690000057220459,340,0.0,0.0
2024-08-27 13:35:00-04:00,4.679999828338623,4.679999828338623,4.679999828338623,4.679999828338623,189,0.0,0.0
2024-08-27 13:40:00-04:00,4.679999828338623,4.679999828338623,4.670000076293945,4.679999828338623,1015,0.0,0.0
2024-08-27 13:55:00-04:00,4.671000003814697,4.684999942779541,4.659999847412109,4.676000118255615,9270,0.0,0.0
2024-08-27 14:05:00-04:00,4.699999809265137,4.699999809265137,4.699999809265137,4.699999809265137,366,0.0,0.0
2024-08-27 14:15:00-04:00,4.690000057220459,4.690000057220459,4.670000076293945,4.670000076293945,454,0.0,0.0
2024-08-27 14:20:00-04:00,4.684999942779541,4.684999942779541,4.670000076293945,4.670000076293945,327,0.0,0.0
2024-08-27 14:25:00-04:00,4.679999828338623,4.679999828338623,4.670000076293945,4.670000076293945,390,0.0,0.0
2024-08-27 14:30:00-04:00,4.684999942779541,4.684999942779541,4.684999942779541,4.684999942779541,319,0.0,0.0
2024-08-27 14:35:00-04:00,4.670000076293945,4.670000076293945,4.670000076293945,4.670000076293945,180,0.0,0.0
2024-08-27 14:40:00-04:00,4.6666998863220215,4.699999809265137,4.6666998863220215,4.679999828338623,772,0.0,0.0
2024-08-27 14:45:00-04:00,4.679999828338623,4.679999828338623,4.659999847412109,4.659999847412109,1078,0.0,0.0
2024-08-27 14:50:00-04:00,4.670000076293945,4.675000190734863,4.670000076293945,4.675000190734863,454,0.0,0.0
2024-08-27 14:55:00-04:00,4.675000190734863,4.690000057220459,4.675000190734863,4.690000057220459,1070,0.0,0.0
2024-08-27 15:00:00-04:00,4.690000057220459,4.690000057220459,4.677999973297119,4.682000160217285,988,0.0,0.0
2024-08-27 15:05:00-04:00,4.670000076293945,4.670000076293945,4.659999847412109,4.659999847412109,304,0.0,0.0
2024-08-27 15:10:00-04:00,4.650000095367432,4.650000095367432,4.630000114440918,4.630000114440918,735,0.0,0.0
2024-08-27 15:15:00-04:00,4.635000228881836,4.635000228881836,4.635000228881836,4.635000228881836,252,0.0,0.0
2024-08-27 15:20:00-04:00,4.635000228881836,4.659999847412109,4.633200168609619,4.659999847412109,2044,0.0,0.0
2024-08-27 15:25:00-04:00,4.659999847412109,4.679999828338623,4.650000095367432,4.679999828338623,1382,0.0,0.0
2024-08-27 15:30:00-04:00,4.670000076293945,4.675000190734863,4.670000076293945,4.675000190734863,592,0.0,0.0
2024-08-27 15:35:00-04:00,4.659999847412109,4.670000076293945,4.659999847412109,4.659999847412109,1055,0.0,0.0
2024-08-27 15:40:00-04:00,4.670000076293945,4.679999828338623,4.670000076293945,4.679999828338623,1567,0.0,0.0
2024-08-27 15:45:00-04:00,4.670000076293945,4.679999828338623,4.664999961853027,4.679999828338623,2560,0.0,0.0
2024-08-27 15:50:00-04:00,4.679999828338623,4.679999828338623,4.630000114440918,4.639999866485596,7531,0.0,0.0
2024-08-27 15:55:00-04:00,4.639999866485596,4.650000095367432,4.610000133514404,4.619999885559082,10598,0.0,0.0
2024-08-28 09:30:00-04:00,4.539999961853027,4.581699848175049,4.519999980926514,4.581699848175049,7694,0.0,0.0
2024-08-28 09:40:00-04:00,4.631999969482422,4.639999866485596,4.631999969482422,4.639999866485596,629,0.0,0.0
2024-08-28 09:50:00-04:00,4.650000095367432,4.650000095367432,4.650000095367432,4.650000095367432,224,0.0,0.0
2024-08-28 09:55:00-04:00,4.610000133514404,4.614999771118164,4.610000133514404,4.614999771118164,665,0.0,0.0
2024-08-28 10:05:00-04:00,4.625,4.650000095367432,4.625,4.650000095367432,238,0.0,0.0
2024-08-28 10:10:00-04:00,4.650000095367432,4.650000095367432,4.650000095367432,4.650000095367432,272,0.0,0.0
2024-08-28 10:25:00-04:00,4.699999809265137,4.699999809265137,4.699999809265137,4.699999809265137,147,0.0,0.0
2024-08-28 10:30:00-04:00,4.684999942779541,4.684999942779541,4.684999942779541,4.684999942779541,587,0.0,0.0
2024-08-28 10:35:00-04:00,4.690000057220459,4.690000057220459,4.690000057220459,4.690000057220459,193,0.0,0.0
2024-08-28 10:50:00-04:00,4.690000057220459,4.690000057220459,4.690000057220459,4.690000057220459,587,0.0,0.0
2024-08-28 11:00:00-04:00,4.659999847412109,4.659999847412109,4.650000095367432,4.650000095367432,767,0.0,0.0
2024-08-28 11:05:00-04:00,4.639999866485596,4.639999866485596,4.639999866485596,4.639999866485596,407,0.0,0.0
2024-08-28 11:15:00-04:00,4.630000114440918,4.630000114440918,4.630000114440918,4.630000114440918,106,0.0,0.0
2024-08-28 11:20:00-04:00,4.619999885559082,4.619999885559082,4.619999885559082,4.619999885559082,111,0.0,0.0
2024-08-28 11:25:00-04:00,4.619999885559082,4.639999866485596,4.610000133514404,4.610000133514404,1268,0.0,0.0
2024-08-28 11:30:00-04:00,4.630000114440918,4.630000114440918,4.630000114440918,4.630000114440918,212,0.0,0.0
2024-08-28 11:40:00-04:00,4.659999847412109,4.659999847412109,4.659999847412109,4.659999847412109,256,0.0,0.0
2024-08-28 12:00:00-04:00,4.639999866485596,4.639999866485596,4.639999866485596,4.639999866485596,674,0.0,0.0
2024-08-28 12:05:00-04:00,4.630000114440918,4.630000114440918,4.619999885559082,4.619999885559082,544,0.0,0.0
2024-08-28 12:10:00-04:00,4.619999885559082,4.619999885559082,4.619999885559082,4.619999885559082,148,0.0,0.0
2024-08-28 12:15:00-04:00,4.619999885559082,4.619999885559082,4.619999885559082,4.619999885559082,163,0.0,0.0
2024-08-28 12:20:00-04:00,4.621699810028076,4.621699810028076,4.621699810028076,4.621699810028076,457,0.0,0.0
2024-08-28 12:25:00-04:00,4.610000133514404,4.610000133514404,4.599999904632568,4.610000133514404,937,0.0,0.0
2024-08-28 12:30:00-04:00,4.610000133514404,4.610000133514404,4.605000019073486,4.605000019073486,305,0.0,0.0
2024-08-28 12:35:00-04:00,4.619999885559082,4.644999980926514,4.619999885559082,4.644999980926514,2810,0.0,0.0
2024-08-28 12:50:00-04:00,4.650000095367432,4.659999847412109,4.650000095367432,4.659999847412109,1276,0.0,0.0
2024-08-28 12:55:00-04:00,4.659999847412109,4.659999847412109,4.630000114440918,4.630000114440918,1060,0.0,0.0
2024-08-28 13:10:00-04:00,4.619999885559082,4.619999885559082,4.619999885559082,4.619999885559082,338,0.0,0.0
2024-08-28 13:15:00-04:00,4.630000114440918,4.630000114440918,4.630000114440918,4.630000114440918,158,0.0,0.0
2024-08-28 13:30:00-04:00,4.619999885559082,4.619999885559082,4.619999885559082,4.619999885559082,432,0.0,0.0
2024-08-28 13:35:00-04:00,4.630000114440918,4.630000114440918,4.625,4.630000114440918,307,0.0,0.0
2024-08-28 13:40:00-04:00,4.625999927520752,4.639999866485596,4.625999927520752,4.639999866485596,1865,0.0,0.0
2024-08-28 13:45:00-04:00,4.650000095367432,4.650000095367432,4.650000095367432,4.650000095367432,121,0.0,0.0
2024-08-28 13:55:00-04:00,4.639999866485596,4.639999866485596,4.639999866485596,4.639999866485596,547,0.0,0.0
2024-08-28 14:00:00-04:00,4.630000114440918,4.639999866485596,4.6230998039245605,4.6230998039245605,940,0.0,0.0
2024-08-28 14:05:00-04:00,4.639999866485596,4.639999866485596,4.639999866485596,4.639999866485596,423,0.0,0.0
2024-08-28 14:10:00-04:00,4.639999866485596,4.639999866485596,4.639999866485596,4.639999866485596,125,0.0,0.0
2024-08-28 14:30:00-04:00,4.639999866485596,4.639999866485596,4.639999866485596,4.639999866485596,118,0.0,0.0
2024-08-28 14:40:00-04:00,4.639999866485596,4.644999980926514,4.639999866485596,4.644999980926514,476,0.0,0.0
2024-08-28 14:45:00-04:00,4.650000095367432,4.659999847412109,4.650000095367432,4.659999847412109,770,0.0,0.0
2024-08-28 14:50:00-04:00,4.650300025939941,4.670000076293945,4.650300025939941,4.670000076293945,602,0.0,0.0
2024-08-28 14:55:00-04:00,4.670000076293945,4.679999828338623,4.670000076293945,4.679999828338623,1058,0.0,0.0
2024-08-28 15:00:00-04:00,4.670000076293945,4.679999828338623,4.650000095367432,4.650000095367432,2745,0.0,0.0
2024-08-28 15:05:00-04:00,4.650000095367432,4.650000095367432,4.650000095367432,4.650000095367432,344,0.0,0.0
2024-08-28 15:10:00-04:00,4.650000095367432,4.670000076293945,4.650000095367432,4.670000076293945,866,0.0,0.0
2024-08-28 15:15:00-04:00,4.670000076293945,4.670000076293945,4.670000076293945,4.670000076293945,285,0.0,0.0
2024-08-28 15:20:00-04:00,4.670000076293945,4.670000076293945,4.670000076293945,4.670000076293945,1125,0.0,0.0
2024-08-28 15:25:00-04:00,4.670000076293945,4.670000076293945,4.670000076293945,4.670000076293945,249,0.0,0.0
2024-08-28 15:30:00-04:00,4.670000076293945,4.679999828338623,4.670000076293945,4.670000076293945,1668,0.0,0.0
2024-08-28 15:35:00-04:00,4.679999828338623,4.679999828338623,4.670000076293945,4.670000076293945,905,0.0,0.0
2024-08-28 15:40:00-04:00,4.679999828338623,4.690000057220459,4.659999847412109,4.684999942779541,2353,0.0,0.0
2024-08-28 15:45:00-04:00,4.690000057220459,4.690000057220459,4.679999828338623,4.679999828338623,2008,0.0,0.0
2024-08-28 15:50:00-04:00,4.675000190734863,4.684999942779541,4.675000190734863,4.679999828338623,4040,0.0,0.0
2024-08-28 15:55:00-04:00,4.679999828338623,4.699999809265137,4.679999828338623,4.690000057220459,9183,0.0,0.0
2024-08-29 09:30:00-04:00,4.699999809265137,4.754199981689453,4.699999809265137,4.754199981689453,785,0.0,0.0
2024-08-29 09:50:00-04:00,4.730000019073486,4.730000019073486,4.730000019073486,4.730000019073486,410,0.0,0.0
2024-08-29 10:00:00-04:00,4.730000019073486,4.730000019073486,4.710000038146973,4.710000038146973,1559,0.0,0.0
2024-08-29 10:05:00-04:00,4.684999942779541,4.710000038146973,4.684999942779541,4.695000171661377,4866,0.0,0.0
2024-08-29 10:10:00-04:00,4.710000038146973,4.710000038146973,4.679999828338623,4.679999828338623,3734,0.0,0.0
2024-08-29 10:20:00-04:00,4.670000076293945,4.670000076293945,4.670000076293945,4.670000076293945,159,0.0,0.0
2024-08-29 10:30:00-04:00,4.679999828338623,4.679999828338623,4.659999847412109,4.659999847412109,2256,0.0,0.0
2024-08-29 10:50:00-04:00,4.650000095367432,4.650000095367432,4.639999866485596,4.639999866485596,335,0.0,0.0
2024-08-29 10:55:00-04:00,4.630000114440918,4.630000114440918,4.630000114440918,4.630000114440918,1231,0.0,0.0
2024-08-29 11:00:00-04:00,4.639999866485596,4.639999866485596,4.639999866485596,4.639999866485596,142,0.0,0.0
2024-08-29 11:05:00-04:00,4.63700008392334,4.63700008392334,4.63700008392334,4.63700008392334,1709,0.0,0.0
2024-08-29 11:10:00-04:00,4.639999866485596,4.639999866485596,4.639999866485596,4.639999866485596,888,0.0,0.0
2024-08-29 11:30:00-04:00,4.659999847412109,4.675000190734863,4.659999847412109,4.675000190734863,635,0.0,0.0
2024-08-29 11:40:00-04:00,4.675000190734863,4.675000190734863,4.675000190734863,4.675000190734863,114,0.0,0.0
2024-08-29 11:45:00-04:00,4.675000190734863,4.675000190734863,4.675000190734863,4.675000190734863,100,0.0,0.0
2024-08-29 11:50:00-04:00,4.675000190734863,4.675000190734863,4.675000190734863,4.675000190734863,186,0.0,0.0
2024-08-29 11:55:00-04:00,4.675000190734863,4.675000190734863,4.664400100708008,4.664400100708008,811,0.0,0.0
2024-08-29 12:00:00-04:00,4.675000190734863,4.690000057220459,4.675000190734863,4.690000057220459,691,0.0,0.0
2024-08-29 12:05:00-04:00,4.690000057220459,4.690000057220459,4.690000057220459,4.690000057220459,203,0.0,0.0
2024-08-29 12:15:00-04:00,4.690000057220459,4.690000057220459,4.690000057220459,4.690000057220459,290,0.0,0.0
2024-08-29 12:20:00-04:00,4.684999942779541,4.684999942779541,4.684999942779541,4.684999942779541,235,0.0,0.0
2024-08-29 12:30:00-04:00,4.684999942779541,4.684999942779541,4.684999942779541,4.684999942779541,192,0.0,0.0
2024-08-29 12:50:00-04:00,4.670000076293945,4.670000076293945,4.670000076293945,4.670000076293945,283,0.0,0.0
2024-08-29 13:00:00-04:00,4.679999828338623,4.679999828338623,4.679999828338623,4.679999828338623,268,0.0,0.0
2024-08-29 13:05:00-04:00,4.679999828338623,4.679999828338623,4.679999828338623,4.679999828338623,147,0.0,0.0
2024-08-29 13:10:00-04:00,4.670000076293945,4.675000190734863,4.670000076293945,4.675000190734863,1310,0.0,0.0
2024-08-29 13:15:00-04:00,4.67609977722168,4.67609977722168,4.67609977722168,4.67609977722168,644,0.0,0.0
2024-08-29 13:30:00-04:00,4.675000190734863,4.675000190734863,4.675000190734863,4.675000190734863,781,0.0,0.0
2024-08-29 13:40:00-04:00,4.675000190734863,4.675000190734863,4.675000190734863,4.675000190734863,807,0.0,0.0
2024-08-29 13:45:00-04:00,4.690000057220459,4.699999809265137,4.690000057220459,4.699999809265137,767,0.0,0.0
2024-08-29 13:50:00-04:00,4.710000038146973,4.710000038146973,4.710000038146973,4.710000038146973,319,0.0,0.0
2024-08-29 13:55:00-04:00,4.710000038146973,4.710000038146973,4.710000038146973,4.710000038146973,2619,0.0,0.0
2024-08-29 14:00:00-04:00,4.710000038146973,4.71999979019165,4.710000038146973,4.71999979019165,1697,0.0,0.0
2024-08-29 14:10:00-04:00,4.71999979019165,4.71999979019165,4.71999979019165,4.71999979019165,346,0.0,0.0
2024-08-29 14:15:00-04:00,4.710000038146973,4.710000038146973,4.710000038146973,4.710000038146973,605,0.0,0.0
2024-08-29 14:20:00-04:00,4.710000038146973,4.710000038146973,4.710000038146973,4.710000038146973,241,0.0,0.0
2024-08-29 14:25:00-04:00,4.699999809265137,4.699999809265137,4.690000057220459,4.699999809265137,611,0.0,0.0
2024-08-29 14:30:00-04:00,4.704999923706055,4.704999923706055,4.704999923706055,4.704999923706055,535,0.0,0.0
2024-08-29 15:05:00-04:00,4.684999942779541,4.684999942779541,4.670000076293945,4.670000076293945,467,0.0,0.0
2024-08-29 15:10:00-04:00,4.671199798583984,4.671199798583984,4.671199798583984,4.671199798583984,1353,0.0,0.0
2024-08-29 15:25:00-04:00,4.670000076293945,4.679999828338623,4.670000076293945,4.679999828338623,883,0.0,0.0
2024-08-29 15:40:00-04:00,4.670599937438965,4.679999828338623,4.670000076293945,4.670000076293945,2185,0.0,0.0
2024-08-29 15:45:00-04:00,4.670000076293945,4.670000076293945,4.659999847412109,4.659999847412109,468,0.0,0.0
2024-08-29 15:50:00-04:00,4.6757001876831055,4.679999828338623,4.6757001876831055,4.679999828338623,3691,0.0,0.0
2024-08-29 15:55:00-04:00,4.690000057220459,4.690000057220459,4.659999847412109,4.659999847412109,4602,0.0,0.0
2024-08-30 09:30:00-04:00,4.670000076293945,4.670000076293945,4.670000076293945,4.670000076293945,336,0.0,0.0
2024-08-30 09:35:00-04:00,4.699999809265137,4.699999809265137,4.699999809265137,4.699999809265137,282,0.0,0.0
2024-08-30 09:40:00-04:00,4.646999835968018,4.650000095367432,4.646999835968018,4.650000095367432,374,0.0,0.0
2024-08-30 09:45:00-04:00,4.639999866485596,4.650000095367432,4.639999866485596,4.650000095367432,2316,0.0,0.0
2024-08-30 10:00:00-04:00,4.635000228881836,4.71999979019165,4.635000228881836,4.704999923706055,3504,0.0,0.0
2024-08-30 10:10:00-04:00,4.700099945068359,4.728499889373779,4.700099945068359,4.728499889373779,417,0.0,0.0
2024-08-30 10:25:00-04:00,4.699999809265137,4.699999809265137,4.699999809265137,4.699999809265137,461,0.0,0.0
2024-08-30 10:45:00-04:00,4.699999809265137,4.699999809265137,4.699999809265137,4.699999809265137,203,0.0,0.0
2024-08-30 10:55:00-04:00,4.710000038146973,4.710000038146973,4.710000038146973,4.710000038146973,475,0.0,0.0
2024-08-30 11:05:00-04:00,4.710000038146973,4.710000038146973,4.690000057220459,4.691500186920166,8358,0.0,0.0
2024-08-30 11:15:00-04:00,4.690000057220459,4.690000057220459,4.670000076293945,4.670000076293945,6637,0.0,0.0
2024-08-30 11:20:00-04:00,4.650000095367432,4.650000095367432,4.650000095367432,4.650000095367432,201,0.0,0.0
2024-08-30 11:25:00-04:00,4.639999866485596,4.639999866485596,4.639999866485596,4.639999866485596,215,0.0,0.0
2024-08-30 11:30:00-04:00,4.630000114440918,4.630000114440918,4.630000114440918,4.630000114440918,289,0.0,0.0
2024-08-30 11:40:00-04:00,4.639999866485596,4.639999866485596,4.639999866485596,4.639999866485596,238,0.0,0.0
2024-08-30 11:50:00-04:00,4.614999771118164,4.614999771118164,4.614999771118164,4.614999771118164,305,0.0,0.0
2024-08-30 12:00:00-04:00,4.619999885559082,4.619999885559082,4.619999885559082,4.619999885559082,468,0.0,0.0
2024-08-30 12:35:00-04:00,4.610099792480469,4.610099792480469,4.610099792480469,4.610099792480469,809,0.0,0.0
2024-08-30 12:40:00-04:00,4.639999866485596,4.639999866485596,4.639999866485596,4.639999866485596,239,0.0,0.0
2024-08-30 12:55:00-04:00,4.635000228881836,4.635000228881836,4.635000228881836,4.635000228881836,124,0.0,0.0
2024-08-30 13:05:00-04:00,4.639999866485596,4.639999866485596,4.639999866485596,4.639999866485596,349,0.0,0.0
2024-08-30 13:30:00-04:00,4.630000114440918,4.630000114440918,4.620100021362305,4.620100021362305,755,0.0,0.0
2024-08-30 13:50:00-04:00,4.630000114440918,4.630000114440918,4.630000114440918,4.630000114440918,194,0.0,0.0
2024-08-30 13:55:00-04:00,4.619999885559082,4.619999885559082,4.619999885559082,4.619999885559082,133,0.0,0.0
2024-08-30 14:10:00-04:00,4.610000133514404,4.630000114440918,4.610000133514404,4.619999885559082,429,0.0,0.0
2024-08-30 14:15:00-04:00,4.619999885559082,4.619999885559082,4.619999885559082,4.619999885559082,400,0.0,0.0
2024-08-30 14:20:00-04:00,4.630000114440918,4.650000095367432,4.630000114440918,4.650000095367432,682,0.0,0.0
2024-08-30 14:25:00-04:00,4.650000095367432,4.650000095367432,4.650000095367432,4.650000095367432,209,0.0,0.0
2024-08-30 14:45:00-04:00,4.650000095367432,4.650000095367432,4.650000095367432,4.650000095367432,125,0.0,0.0
2024-08-30 14:50:00-04:00,4.650000095367432,4.650000095367432,4.650000095367432,4.650000095367432,155,0.0,0.0
2024-08-30 14:55:00-04:00,4.650000095367432,4.650000095367432,4.650000095367432,4.650000095367432,244,0.0,0.0
2024-08-30 15:00:00-04:00,4.670000076293945,4.670000076293945,4.659999847412109,4.659999847412109,2038,0.0,0.0
2024-08-30 15:10:00-04:00,4.670000076293945,4.670000076293945,4.659999847412109,4.659999847412109,625,0.0,0.0
2024-08-30 15:15:00-04:00,4.670000076293945,4.690000057220459,4.670000076293945,4.690000057220459,960,0.0,0.0
2024-08-30 15:20:00-04:00,4.679999828338623,4.684999942779541,4.679999828338623,4.684999942779541,400,0.0,0.0
2024-08-30 15:30:00-04:00,4.690000057220459,4.690000057220459,4.690000057220459,4.690000057220459,779,0.0,0.0
2024-08-30 15:35:00-04:00,4.679999828338623,4.690000057220459,4.675000190734863,4.675000190734863,1386,0.0,0.0
2024-08-30 15:40:00-04:00,4.679999828338623,4.679999828338623,4.679999828338623,4.679999828338623,553,0.0,0.0
2024-08-30 15:45:00-04:00,4.679999828338623,4.690000057220459,4.679999828338623,4.690000057220459,1759,0.0,0.0
2024-08-30 15:50:00-04:00,4.699999809265137,4.699999809265137,4.684999942779541,4.699999809265137,2262,0.0,0.0
2024-08-30 15:55:00-04:00,4.690000057220459,4.699999809265137,4.679999828338623,4.679999828338623,6522,0.0,0.0
2024-09-03 09:30:00-04:00,4.659999847412109,4.659999847412109,4.619999885559082,4.619999885559082,2063,0.0,0.0
2024-09-03 09:40:00-04:00,4.659999847412109,4.659999847412109,4.642300128936768,4.642300128936768,218,0.0,0.0
2024-09-03 09:45:00-04:00,4.652699947357178,4.65500020980835,4.652699947357178,4.65500020980835,3352,0.0,0.0
2024-09-03 09:50:00-04:00,4.619999885559082,4.619999885559082,4.619999885559082,4.619999885559082,270,0.0,0.0
2024-09-03 10:00:00-04:00,4.614999771118164,4.614999771118164,4.580100059509277,4.580100059509277,3349,0.0,0.0
2024-09-03 10:10:00-04:00,4.590000152587891,4.590000152587891,4.579999923706055,4.579999923706055,427,0.0,0.0
2024-09-03 10:20:00-04:00,4.550000190734863,4.550000190734863,4.550000190734863,4.550000190734863,410,0.0,0.0
2024-09-03 10:25:00-04:00,4.550000190734863,4.570000171661377,4.550000190734863,4.570000171661377,1179,0.0,0.0
2024-09-03 10:45:00-04:00,4.565000057220459,4.565000057220459,4.559999942779541,4.559999942779541,414,0.0,0.0
2024-09-03 10:55:00-04:00,4.563600063323975,4.579899787902832,4.550000190734863,4.579899787902832,1729,0.0,0.0
2024-09-03 11:00:00-04:00,4.563000202178955,4.579999923706055,4.563000202178955,4.579999923706055,551,0.0,0.0
2024-09-03 11:05:00-04:00,4.56689977645874,4.56689977645874,4.56689977645874,4.56689977645874,1418,0.0,0.0
2024-09-03 11:15:00-04:00,4.590000152587891,4.590000152587891,4.590000152587891,4.590000152587891,426,0.0,0.0
2024-09-03 11:25:00-04:00,4.579999923706055,4.579999923706055,4.559999942779541,4.559999942779541,1736,0.0,0.0
2024-09-03 11:30:00-04:00,4.570000171661377,4.570000171661377,4.550000190734863,4.550000190734863,965,0.0,0.0
2024-09-03 11:45:00-04:00,4.570000171661377,4.570000171661377,4.570000171661377,4.570000171661377,539,0.0,0.0
2024-09-03 12:00:00-04:00,4.579999923706055,4.579999923706055,4.579999923706055,4.579999923706055,180,0.0,0.0
2024-09-03 12:15:00-04:00,4.565000057220459,4.565000057220459,4.559999942779541,4.559999942779541,1974,0.0,0.0
2024-09-03 12:20:00-04:00,4.570000171661377,4.570000171661377,4.550000190734863,4.550000190734863,5363,0.0,0.0
2024-09-03 12:25:00-04:00,4.539999961853027,4.539999961853027,4.53000020980835,4.53000020980835,1138,0.0,0.0
2024-09-03 12:30:00-04:00,4.519999980926514,4.519999980926514,4.519999980926514,4.519999980926514,354,0.0,0.0
2024-09-03 12:35:00-04:00,4.519999980926514,4.520100116729736,4.5,4.519999980926514,4081,0.0,0.0
2024-09-03 12:40:00-04:00,4.510000228881836,4.510000228881836,4.510000228881836,4.510000228881836,152,0.0,0.0
2024-09-03 12:45:00-04:00,4.5,4.5,4.5,4.5,111,0.0,0.0
2024-09-03 12:50:00-04:00,4.5,4.5,4.5,4.5,3016,0.0,0.0
2024-09-03 12:55:00-04:00,4.5,4.5,4.5,4.5,439,0.0,0.0
2024-09-03 13:20:00-04:00,4.5,4.510000228881836,4.5,4.510000228881836,771,0.0,0.0
2024-09-03 13:35:00-04:00,4.514999866485596,4.514999866485596,4.514999866485596,4.514999866485596,580,0.0,0.0
2024-09-03 13:40:00-04:00,4.519999980926514,4.519999980926514,4.519999980926514,4.519999980926514,318,0.0,0.0
2024-09-03 13:50:00-04:00,4.539999961853027,4.539999961853027,4.539999961853027,4.539999961853027,119,0.0,0.0
2024-09-03 13:55:00-04:00,4.534999847412109,4.534999847412109,4.53000020980835,4.53000020980835,510,0.0,0.0
2024-09-03 14:00:00-04:00,4.525000095367432,4.539999961853027,4.525000095367432,4.539999961853027,1212,0.0,0.0
2024-09-03 14:10:00-04:00,4.53000020980835,4.53000020980835,4.53000020980835,4.53000020980835,457,0.0,0.0
2024-09-03 14:25:00-04:00,4.528600215911865,4.528600215911865,4.528600215911865,4.528600215911865,655,0.0,0.0
2024-09-03 14:30:00-04:00,4.53000020980835,4.549699783325195,4.53000020980835,4.549699783325195,1754,0.0,0.0
2024-09-03 14:40:00-04:00,4.542300224304199,4.542300224304199,4.542300224304199,4.542300224304199,1141,0.0,0.0
2024-09-03 14:45:00-04:00,4.544099807739258,4.544099807739258,4.544099807739258,4.544099807739258,753,0.0,0.0
2024-09-03 14:50:00-04:00,4.550000190734863,4.559999942779541,4.550000190734863,4.559999942779541,283,0.0,0.0
2024-09-03 14:55:00-04:00,4.550000190734863,4.550000190734863,4.550000190734863,4.550000190734863,403,0.0,0.0
2024-09-03 15:00:00-04:00,4.539999961853027,4.539999961853027,4.539999961853027,4.539999961853027,1339,0.0,0.0
2024-09-03 15:05:00-04:00,4.550000190734863,4.550000190734863,4.550000190734863,4.550000190734863,468,0.0,0.0
2024-09-03 15:15:00-04:00,4.550000190734863,4.550000190734863,4.550000190734863,4.550000190734863,304,0.0,0.0
2024-09-03 15:30:00-04:00,4.550000190734863,4.550000190734863,4.550000190734863,4.550000190734863,285,0.0,0.0
2024-09-03 15:35:00-04:00,4.53000020980835,4.53000020980835,4.519999980926514,4.519999980926514,911,0.0,0.0
2024-09-03 15:40:00-04:00,4.525000095367432,4.550000190734863,4.525000095367432,4.550000190734863,875,0.0,0.0
2024-09-03 15:45:00-04:00,4.539999961853027,4.539999961853027,4.534999847412109,4.534999847412109,596,0.0,0.0
2024-09-03 15:50:00-04:00,4.53000020980835,4.53000020980835,4.53000020980835,4.53000020980835,969,0.0,0.0
2024-09-03 15:55:00-04:00,4.53000020980835,4.53000020980835,4.5,4.5,6042,0.0,0.0
2024-09-04 09:30:00-04:00,4.46999979019165,4.480000019073486,4.46999979019165,4.474999904632568,1537,0.0,0.0
2024-09-04 09:40:00-04:00,4.5,4.510000228881836,4.5,4.510000228881836,681,0.0,0.0
2024-09-04 09:50:00-04:00,4.53000020980835,4.53000020980835,4.53000020980835,4.53000020980835,881,0.0,0.0
2024-09-04 10:00:00-04:00,4.550000190734863,4.550000190734863,4.550000190734863,4.550000190734863,535,0.0,0.0
2024-09-04 10:10:00-04:00,4.545000076293945,4.554200172424316,4.545000076293945,4.554200172424316,289,0.0,0.0
2024-09-04 10:15:00-04:00,4.545000076293945,4.550000190734863,4.545000076293945,4.550000190734863,326,0.0,0.0
2024-09-04 10:25:00-04:00,4.559999942779541,4.559999942779541,4.559999942779541,4.559999942779541,168,0.0,0.0
2024-09-04 10:35:00-04:00,4.539999961853027,4.559999942779541,4.539999961853027,4.559999942779541,834,0.0,0.0
2024-09-04 10:40:00-04:00,4.590000152587891,4.590000152587891,4.590000152587891,4.590000152587891,186,0.0,0.0
2024-09-04 10:50:00-04:00,4.570000171661377,4.570000171661377,4.570000171661377,4.570000171661377,149,0.0,0.0
2024-09-04 10:55:00-04:00,4.585999965667725,4.610000133514404,4.585999965667725,4.610000133514404,2229,0.0,0.0
2024-09-04 11:00:00-04:00,4.599999904632568,4.599999904632568,4.599999904632568,4.599999904632568,1229,0.0,0.0
2024-09-04 11:15:00-04:00,4.579999923706055,4.579999923706055,4.570000171661377,4.570000171661377,2099,0.0,0.0
2024-09-04 11:25:00-04:00,4.590000152587891,4.590000152587891,4.590000152587891,4.590000152587891,141,0.0,0.0
2024-09-04 11:30:00-04:00,4.559999942779541,4.559999942779541,4.559999942779541,4.559999942779541,948,0.0,0.0
2024-09-04 11:40:00-04:00,4.565299987792969,4.565299987792969,4.565299987792969,4.565299987792969,288,0.0,0.0
2024-09-04 11:50:00-04:00,4.572500228881836,4.590000152587891,4.572500228881836,4.590000152587891,328,0.0,0.0
2024-09-04 11:55:00-04:00,4.572500228881836,4.572500228881836,4.572500228881836,4.572500228881836,127,0.0,0.0
2024-09-04 12:05:00-04:00,4.590000152587891,4.590000152587891,4.563000202178955,4.563000202178955,731,0.0,0.0
2024-09-04 12:10:00-04:00,4.572500228881836,4.572500228881836,4.572500228881836,4.572500228881836,210,0.0,0.0
2024-09-04 12:15:00-04:00,4.570000171661377,4.570000171661377,4.570000171661377,4.570000171661377,177,0.0,0.0
2024-09-04 12:20:00-04:00,4.559999942779541,4.559999942779541,4.5229997634887695,4.5229997634887695,4649,0.0,0.0
2024-09-04 12:50:00-04:00,4.539999961853027,4.539999961853027,4.539999961853027,4.539999961853027,446,0.0,0.0
2024-09-04 13:00:00-04:00,4.550000190734863,4.550000190734863,4.550000190734863,4.550000190734863,137,0.0,0.0
2024-09-04 13:10:00-04:00,4.531099796295166,4.531099796295166,4.531099796295166,4.531099796295166,398,0.0,0.0
2024-09-04 13:25:00-04:00,4.53000020980835,4.53000020980835,4.53000020980835,4.53000020980835,327,0.0,0.0
2024-09-04 13:35:00-04:00,4.519999980926514,4.519999980926514,4.510000228881836,4.510000228881836,3392,0.0,0.0
2024-09-04 13:50:00-04:00,4.494999885559082,4.494999885559082,4.480000019073486,4.480000019073486,1371,0.0,0.0
2024-09-04 13:55:00-04:00,4.480000019073486,4.480000019073486,4.480000019073486,4.480000019073486,382,0.0,0.0
2024-09-04 14:00:00-04:00,4.489999771118164,4.489999771118164,4.489999771118164,4.489999771118164,452,0.0,0.0
2024-09-04 14:05:00-04:00,4.480000019073486,4.480000019073486,4.460000038146973,4.460000038146973,3042,0.0,0.0
2024-09-04 14:10:00-04:00,4.439300060272217,4.445000171661377,4.439300060272217,4.445000171661377,2533,0.0,0.0
2024-09-04 14:15:00-04:00,4.452000141143799,4.452000141143799,4.449999809265137,4.449999809265137,2711,0.0,0.0
2024-09-04 14:20:00-04:00,4.440100193023682,4.440100193023682,4.440100193023682,4.440100193023682,263,0.0,0.0
2024-09-04 14:35:00-04:00,4.449999809265137,4.454999923706055,4.440000057220459,4.449999809265137,4961,0.0,0.0
2024-09-04 14:40:00-04:00,4.440000057220459,4.440000057220459,4.429999828338623,4.440000057220459,2595,0.0,0.0
2024-09-04 14:45:00-04:00,4.449999809265137,4.449999809265137,4.449999809265137,4.449999809265137,391,0.0,0.0
2024-09-04 15:00:00-04:00,4.440000057220459,4.440000057220459,4.429999828338623,4.429999828338623,724,0.0,0.0
2024-09-04 15:05:00-04:00,4.449999809265137,4.449999809265137,4.449999809265137,4.449999809265137,798,0.0,0.0
2024-09-04 15:10:00-04:00,4.449999809265137,4.449999809265137,4.449999809265137,4.449999809265137,436,0.0,0.0
2024-09-04 15:15:00-04:00,4.464799880981445,4.46999979019165,4.449999809265137,4.46999979019165,1578,0.0,0.0
2024-09-04 15:20:00-04:00,4.46999979019165,4.46999979019165,4.46999979019165,4.46999979019165,948,0.0,0.0
2024-09-04 15:25:00-04:00,4.474999904632568,4.474999904632568,4.474999904632568,4.474999904632568,342,0.0,0.0
2024-09-04 15:30:00-04:00,4.489999771118164,4.510000228881836,4.489999771118164,4.510000228881836,2462,0.0,0.0
2024-09-04 15:35:00-04:00,4.485000133514404,4.485000133514404,4.485000133514404,4.485000133514404,1060,0.0,0.0
2024-09-04 15:40:00-04:00,4.489999771118164,4.489999771118164,4.480000019073486,4.480000019073486,1013,0.0,0.0
2024-09-04 15:45:00-04:00,4.480000019073486,4.480000019073486,4.480000019073486,4.480000019073486,477,0.0,0.0
2024-09-04 15:50:00-04:00,4.480000019073486,4.480000019073486,4.46999979019165,4.480000019073486,1077,0.0,0.0
2024-09-04 15:55:00-04:00,4.480000019073486,4.480000019073486,4.460000038146973,4.460000038146973,3874,0.0,0.0
2024-09-05 09:30:00-04:00,4.519999980926514,4.519999980926514,4.485000133514404,4.485000133514404,627,0.0,0.0
2024-09-05 09:40:00-04:00,4.485000133514404,4.5,4.485000133514404,4.5,601,0.0,0.0
2024-09-05 09:55:00-04:00,4.480000019073486,4.480000019073486,4.480000019073486,4.480000019073486,100,0.0,0.0
2024-09-05 10:00:00-04:00,4.478600025177002,4.478600025177002,4.478600025177002,4.478600025177002,321,0.0,0.0
2024-09-05 10:05:00-04:00,4.494999885559082,4.494999885559082,4.460000038146973,4.494999885559082,703,0.0,0.0
2024-09-05 10:10:00-04:00,4.487599849700928,4.487599849700928,4.487599849700928,4.487599849700928,308,0.0,0.0
2024-09-05 10:20:00-04:00,4.46999979019165,4.46999979019165,4.46999979019165,4.46999979019165,100,0.0,0.0
2024-09-05 10:25:00-04:00,4.509900093078613,4.509900093078613,4.509900093078613,4.509900093078613,662,0.0,0.0
2024-09-05 10:30:00-04:00,4.519999980926514,4.519999980926514,4.5,4.5,1450,0.0,0.0
2024-09-05 10:35:00-04:00,4.500999927520752,4.500999927520752,4.500999927520752,4.500999927520752,141,0.0,0.0
2024-09-05 10:50:00-04:00,4.480000019073486,4.480000019073486,4.480000019073486,4.480000019073486,166,0.0,0.0
2024-09-05 11:00:00-04:00,4.460000038146973,4.460000038146973,4.460000038146973,4.460000038146973,100,0.0,0.0
2024-09-05 11:05:00-04:00,4.460000038146973,4.460000038146973,4.460000038146973,4.460000038146973,2150,0.0,0.0
2024-09-05 11:10:00-04:00,4.449999809265137,4.449999809265137,4.429999828338623,4.429999828338623,633,0.0,0.0
2024-09-05 11:30:00-04:00,4.420000076293945,4.420000076293945,4.420000076293945,4.420000076293945,165,0.0,0.0
2024-09-05 11:35:00-04:00,4.409999847412109,4.409999847412109,4.409999847412109,4.409999847412109,231,0.0,0.0
2024-09-05 11:50:00-04:00,4.409999847412109,4.409999847412109,4.409999847412109,4.409999847412109,285,0.0,0.0
2024-09-05 12:00:00-04:00,4.409999847412109,4.409999847412109,4.389999866485596,4.400000095367432,3399,0.0,0.0
2024-09-05 12:05:00-04:00,4.420000076293945,4.429999828338623,4.420000076293945,4.429999828338623,1025,0.0,0.0
2024-09-05 12:10:00-04:00,4.449999809265137,4.449999809265137,4.449999809265137,4.449999809265137,254,0.0,0.0
2024-09-05 12:15:00-04:00,4.440000057220459,4.440000057220459,4.440000057220459,4.440000057220459,293,0.0,0.0
2024-09-05 12:45:00-04:00,4.449999809265137,4.449999809265137,4.449999809265137,4.449999809265137,178,0.0,0.0
2024-09-05 12:55:00-04:00,4.434999942779541,4.434999942779541,4.434999942779541,4.434999942779541,171,0.0,0.0
2024-09-05 13:05:00-04:00,4.449999809265137,4.449999809265137,4.440000057220459,4.440000057220459,946,0.0,0.0
2024-09-05 13:10:00-04:00,4.429999828338623,4.429999828338623,4.420000076293945,4.420000076293945,225,0.0,0.0
2024-09-05 13:15:00-04:00,4.409999847412109,4.409999847412109,4.400000095367432,4.400000095367432,984,0.0,0.0
2024-09-05 13:40:00-04:00,4.429999828338623,4.440000057220459,4.429999828338623,4.440000057220459,4120,0.0,0.0
2024-09-05 13:45:00-04:00,4.440000057220459,4.449999809265137,4.440000057220459,4.449999809265137,259,0.0,0.0
2024-09-05 13:55:00-04:00,4.440000057220459,4.440000057220459,4.440000057220459,4.440000057220459,134,0.0,0.0
2024-09-05 14:00:00-04:00,4.46999979019165,4.46999979019165,4.46999979019165,4.46999979019165,162,0.0,0.0
2024-09-05 14:15:00-04:00,4.454999923706055,4.46999979019165,4.454999923706055,4.46999979019165,318,0.0,0.0
2024-09-05 14:20:00-04:00,4.46999979019165,4.46999979019165,4.46999979019165,4.46999979019165,520,0.0,0.0
2024-09-05 14:25:00-04:00,4.460000038146973,4.469900131225586,4.460000038146973,4.469900131225586,441,0.0,0.0
2024-09-05 14:35:00-04:00,4.455699920654297,4.460000038146973,4.455699920654297,4.460000038146973,1251,0.0,0.0
2024-09-05 14:55:00-04:00,4.449999809265137,4.449999809265137,4.449999809265137,4.449999809265137,539,0.0,0.0
2024-09-05 15:05:00-04:00,4.440000057220459,4.440000057220459,4.440000057220459,4.440000057220459,766,0.0,0.0
2024-09-05 15:15:00-04:00,4.440000057220459,4.449999809265137,4.440000057220459,4.449999809265137,801,0.0,0.0
2024-09-05 15:25:00-04:00,4.449999809265137,4.449999809265137,4.449999809265137,4.449999809265137,2361,0.0,0.0
2024-09-05 15:30:00-04:00,4.449999809265137,4.449999809265137,4.449999809265137,4.449999809265137,164,0.0,0.0
2024-09-05 15:35:00-04:00,4.460000038146973,4.460000038146973,4.460000038146973,4.460000038146973,206,0.0,0.0
2024-09-05 15:40:00-04:00,4.449999809265137,4.449999809265137,4.440000057220459,4.440000057220459,1564,0.0,0.0
2024-09-05 15:45:00-04:00,4.431300163269043,4.449999809265137,4.431300163269043,4.449999809265137,413,0.0,0.0
2024-09-05 15:50:00-04:00,4.445000171661377,4.445000171661377,4.445000171661377,4.445000171661377,456,0.0,0.0
2024-09-05 15:55:00-04:00,4.440000057220459,4.460000038146973,4.440000057220459,4.460000038146973,3711,0.0,0.0
2024-09-06 09:30:00-04:00,4.449999809265137,4.449999809265137,4.443699836730957,4.443699836730957,2540,0.0,0.0
2024-09-06 09:55:00-04:00,4.449999809265137,4.449999809265137,4.409999847412109,4.409999847412109,1865,0.0,0.0
2024-09-06 10:00:00-04:00,4.434999942779541,4.434999942779541,4.400000095367432,4.400000095367432,7051,0.0,0.0
2024-09-06 10:10:00-04:00,4.370100021362305,4.370100021362305,4.369999885559082,4.369999885559082,265,0.0,0.0
2024-09-06 10:15:00-04:00,4.394999980926514,4.394999980926514,4.394999980926514,4.394999980926514,135,0.0,0.0
2024-09-06 10:25:00-04:00,4.369999885559082,4.369999885559082,4.320000171661377,4.320000171661377,2976,0.0,0.0
2024-09-06 10:30:00-04:00,4.320000171661377,4.320000171661377,4.320000171661377,4.320000171661377,374,0.0,0.0
2024-09-06 10:35:00-04:00,4.330999851226807,4.330999851226807,4.330999851226807,4.330999851226807,191,0.0,0.0
2024-09-06 10:40:00-04:00,4.320199966430664,4.329999923706055,4.320000171661377,4.320000171661377,878,0.0,0.0
2024-09-06 10:50:00-04:00,4.309999942779541,4.309999942779541,4.300000190734863,4.300000190734863,809,0.0,0.0
2024-09-06 10:55:00-04:00,4.260000228881836,4.300000190734863,4.260000228881836,4.295199871063232,3103,0.0,0.0
2024-09-06 11:00:00-04:00,4.315000057220459,4.380000114440918,4.315000057220459,4.380000114440918,1145,0.0,0.0
2024-09-06 11:05:00-04:00,4.360000133514404,4.360000133514404,4.360000133514404,4.360000133514404,484,0.0,0.0
2024-09-06 11:10:00-04:00,4.326399803161621,4.326399803161621,4.326399803161621,4.326399803161621,133,0.0,0.0
2024-09-06 11:15:00-04:00,4.329999923706055,4.329999923706055,4.329999923706055,4.329999923706055,5051,0.0,0.0
2024-09-06 11:20:00-04:00,4.329999923706055,4.329999923706055,4.329999923706055,4.329999923706055,215,0.0,0.0
2024-09-06 11:25:00-04:00,4.300000190734863,4.300000190734863,4.300000190734863,4.300000190734863,147,0.0,0.0
2024-09-06 11:35:00-04:00,4.329999923706055,4.400000095367432,4.329999923706055,4.400000095367432,3094,0.0,0.0
2024-09-06 11:40:00-04:00,4.385000228881836,4.409999847412109,4.380000114440918,4.409999847412109,5089,0.0,0.0
2024-09-06 11:45:00-04:00,4.389999866485596,4.389999866485596,4.365499973297119,4.369999885559082,8687,0.0,0.0
2024-09-06 11:50:00-04:00,4.340000152587891,4.340000152587891,4.340000152587891,4.340000152587891,200,0.0,0.0
2024-09-06 12:00:00-04:00,4.329999923706055,4.360000133514404,4.329999923706055,4.360000133514404,1702,0.0,0.0
2024-09-06 12:35:00-04:00,4.329999923706055,4.329999923706055,4.329999923706055,4.329999923706055,197,0.0,0.0
2024-09-06 12:45:00-04:00,4.320000171661377,4.329999923706055,4.320000171661377,4.329999923706055,2000,0.0,0.0
2024-09-06 12:50:00-04:00,4.320000171661377,4.320000171661377,4.320000171661377,4.320000171661377,106,0.0,0.0
2024-09-06 12:55:00-04:00,4.329999923706055,4.329999923706055,4.329999923706055,4.329999923706055,292,0.0,0.0
2024-09-06 13:00:00-04:00,4.329999923706055,4.340000152587891,4.329999923706055,4.340000152587891,477,0.0,0.0
2024-09-06 13:50:00-04:00,4.339000225067139,4.339000225067139,4.300000190734863,4.329999923706055,3652,0.0,0.0
2024-09-06 14:05:00-04:00,4.309999942779541,4.309999942779541,4.309999942779541,4.309999942779541,1816,0.0,0.0
2024-09-06 14:30:00-04:00,4.300000190734863,4.300000190734863,4.300000190734863,4.300000190734863,363,0.0,0.0
2024-09-06 14:40:00-04:00,4.289999961853027,4.289999961853027,4.289999961853027,4.289999961853027,220,0.0,0.0
2024-09-06 14:45:00-04:00,4.284999847412109,4.284999847412109,4.284999847412109,4.284999847412109,330,0.0,0.0
2024-09-06 15:00:00-04:00,4.284999847412109,4.320000171661377,4.284999847412109,4.320000171661377,2010,0.0,0.0
2024-09-06 15:10:00-04:00,4.320000171661377,4.320000171661377,4.320000171661377,4.320000171661377,124,0.0,0.0
2024-09-06 15:15:00-04:00,4.29010009765625,4.29010009765625,4.29010009765625,4.29010009765625,219,0.0,0.0
2024-09-06 15:25:00-04:00,4.320000171661377,4.320000171661377,4.289999961853027,4.289999961853027,825,0.0,0.0
2024-09-06 15:35:00-04:00,4.300000190734863,4.320000171661377,4.300000190734863,4.320000171661377,441,0.0,0.0
2024-09-06 15:40:00-04:00,4.289999961853027,4.289999961853027,4.289999961853027,4.289999961853027,396,0.0,0.0
2024-09-06 15:45:00-04:00,4.309999942779541,4.309999942779541,4.280900001525879,4.280900001525879,2415,0.0,0.0
2024-09-06 15:50:00-04:00,4.269999980926514,4.28000020980835,4.269999980926514,4.28000020980835,1761,0.0,0.0
2024-09-06 15:55:00-04:00,4.275000095367432,4.300000190734863,4.260000228881836,4.260000228881836,9216,0.0,0.0
2024-09-09 09:30:00-04:00,4.329999923706055,4.329999923706055,4.269999980926514,4.269999980926514,4879,0.0,0.0
2024-09-09 09:35:00-04:00,4.301300048828125,4.319900035858154,4.301300048828125,4.319900035858154,6051,0.0,0.0
2024-09-09 09:50:00-04:00,4.28000020980835,4.28000020980835,4.28000020980835,4.28000020980835,1433,0.0,0.0
2024-09-09 09:55:00-04:00,4.260000228881836,4.260000228881836,4.260000228881836,4.260000228881836,260,0.0,0.0
2024-09-09 10:00:00-04:00,4.28000020980835,4.28000020980835,4.269999980926514,4.28000020980835,1202,0.0,0.0
2024-09-09 10:05:00-04:00,4.284999847412109,4.284999847412109,4.284999847412109,4.284999847412109,182,0.0,0.0
2024-09-09 10:15:00-04:00,4.300000190734863,4.300000190734863,4.300000190734863,4.300000190734863,588,0.0,0.0
2024-09-09 10:20:00-04:00,4.260000228881836,4.260000228881836,4.260000228881836,4.260000228881836,14567,0.0,0.0
2024-09-09 10:30:00-04:00,4.25,4.28000020980835,4.25,4.28000020980835,2139,0.0,0.0
2024-09-09 10:40:00-04:00,4.285999774932861,4.285999774932861,4.285999774932861,4.285999774932861,223,0.0,0.0
2024-09-09 10:45:00-04:00,4.269999980926514,4.269999980926514,4.269999980926514,4.269999980926514,202,0.0,0.0
2024-09-09 10:50:00-04:00,4.260000228881836,4.28000020980835,4.260000228881836,4.28000020980835,982,0.0,0.0
2024-09-09 11:00:00-04:00,4.275000095367432,4.275000095367432,4.275000095367432,4.275000095367432,290,0.0,0.0
2024-09-09 11:05:00-04:00,4.25,4.25,4.25,4.25,212,0.0,0.0
2024-09-09 11:10:00-04:00,4.247000217437744,4.247000217437744,4.210000038146973,4.210000038146973,1780,0.0,0.0
2024-09-09 11:15:00-04:00,4.22629976272583,4.22629976272583,4.190000057220459,4.199999809265137,4425,0.0,0.0
2024-09-09 11:20:00-04:00,4.204999923706055,4.210000038146973,4.204999923706055,4.210000038146973,414,0.0,0.0
2024-09-09 11:25:00-04:00,4.230000019073486,4.239999771118164,4.230000019073486,4.230000019073486,1579,0.0,0.0
2024-09-09 11:30:00-04:00,4.25,4.25,4.25,4.25,491,0.0,0.0
2024-09-09 11:35:00-04:00,4.244999885559082,4.244999885559082,4.244999885559082,4.244999885559082,207,0.0,0.0
2024-09-09 11:40:00-04:00,4.260000228881836,4.260000228881836,4.260000228881836,4.260000228881836,1087,0.0,0.0
2024-09-09 11:45:00-04:00,4.260000228881836,4.260000228881836,4.260000228881836,4.260000228881836,353,0.0,0.0
2024-09-09 11:55:00-04:00,4.25,4.25,4.25,4.25,160,0.0,0.0
2024-09-09 12:05:00-04:00,4.260000228881836,4.264999866485596,4.260000228881836,4.264999866485596,1011,0.0,0.0
2024-09-09 12:20:00-04:00,4.260000228881836,4.260000228881836,4.260000228881836,4.260000228881836,325,0.0,0.0
2024-09-09 12:25:00-04:00,4.28000020980835,4.289999961853027,4.28000020980835,4.289999961853027,1043,0.0,0.0
2024-09-09 12:30:00-04:00,4.299799919128418,4.299799919128418,4.299799919128418,4.299799919128418,1193,0.0,0.0
2024-09-09 12:50:00-04:00,4.28000020980835,4.28000020980835,4.28000020980835,4.28000020980835,734,0.0,0.0
2024-09-09 13:10:00-04:00,4.289999961853027,4.289999961853027,4.289999961853027,4.289999961853027,447,0.0,0.0
2024-09-09 13:20:00-04:00,4.309999942779541,4.309999942779541,4.300000190734863,4.300000190734863,980,0.0,0.0
2024-09-09 13:25:00-04:00,4.299799919128418,4.299799919128418,4.299799919128418,4.299799919128418,1041,0.0,0.0
2024-09-09 13:30:00-04:00,4.300000190734863,4.309999942779541,4.300000190734863,4.309999942779541,2602,0.0,0.0
2024-09-09 13:35:00-04:00,4.320000171661377,4.340000152587891,4.320000171661377,4.340000152587891,1203,0.0,0.0
2024-09-09 13:40:00-04:00,4.335000038146973,4.335000038146973,4.329999923706055,4.335000038146973,1632,0.0,0.0
2024-09-09 13:55:00-04:00,4.329999923706055,4.329999923706055,4.329999923706055,4.329999923706055,474,0.0,0.0
2024-09-09 14:00:00-04:00,4.329999923706055,4.329999923706055,4.315000057220459,4.315000057220459,1513,0.0,0.0
2024-09-09 14:10:00-04:00,4.309999942779541,4.340000152587891,4.309999942779541,4.340000152587891,572,0.0,0.0
2024-09-09 14:15:00-04:00,4.340000152587891,4.340000152587891,4.320000171661377,4.329999923706055,1404,0.0,0.0
2024-09-09 14:25:00-04:00,4.340000152587891,4.340000152587891,4.324999809265137,4.324999809265137,663,0.0,0.0
2024-09-09 14:30:00-04:00,4.340000152587891,4.340000152587891,4.340000152587891,4.340000152587891,715,0.0,0.0
2024-09-09 14:35:00-04:00,4.340000152587891,4.340000152587891,4.323599815368652,4.335000038146973,1991,0.0,0.0
2024-09-09 14:40:00-04:00,4.335000038146973,4.400000095367432,4.335000038146973,4.360000133514404,7135,0.0,0.0
2024-09-09 14:45:00-04:00,4.360000133514404,4.360000133514404,4.329999923706055,4.329999923706055,1940,0.0,0.0
2024-09-09 14:50:00-04:00,4.329999923706055,4.329999923706055,4.329999923706055,4.329999923706055,153,0.0,0.0
2024-09-09 14:55:00-04:00,4.309999942779541,4.349999904632568,4.309999942779541,4.349999904632568,3076,0.0,0.0
2024-09-09 15:00:00-04:00,4.340000152587891,4.340000152587891,4.340000152587891,4.340000152587891,558,0.0,0.0
2024-09-09 15:15:00-04:00,4.349999904632568,4.349999904632568,4.349999904632568,4.349999904632568,1541,0.0,0.0
2024-09-09 15:20:00-04:00,4.360000133514404,4.380000114440918,4.360000133514404,4.374199867248535,5907,0.0,0.0
2024-09-09 15:25:00-04:00,4.369999885559082,4.369999885559082,4.335000038146973,4.335000038146973,2171,0.0,0.0
2024-09-09 15:30:00-04:00,4.325399875640869,4.329999923706055,4.320000171661377,4.329999923706055,1485,0.0,0.0
2024-09-09 15:35:00-04:00,4.340000152587891,4.340000152587891,4.329999923706055,4.335000038146973,1991,0.0,0.0
2024-09-09 15:40:00-04:00,4.335000038146973,4.335000038146973,4.320000171661377,4.320000171661377,928,0.0,0.0
2024-09-09 15:45:00-04:00,4.329999923706055,4.329999923706055,4.320000171661377,4.320000171661377,2688,0.0,0.0
2024-09-09 15:50:00-04:00,4.309999942779541,4.320000171661377,4.309999942779541,4.309999942779541,2181,0.0,0.0
2024-09-09 15:55:00-04:00,4.315000057220459,4.315000057220459,4.28000020980835,4.28000020980835,11840,0.0,0.0
2024-09-10 09:30:00-04:00,4.269999980926514,4.28000020980835,4.269999980926514,4.28000020980835,917,0.0,0.0
2024-09-10 09:45:00-04:00,4.260000228881836,4.260000228881836,4.239999771118164,4.239999771118164,403,0.0,0.0
2024-09-10 09:50:00-04:00,4.199999809265137,4.200099945068359,4.190000057220459,4.199999809265137,2305,0.0,0.0
2024-09-10 09:55:00-04:00,4.199999809265137,4.202000141143799,4.199999809265137,4.199999809265137,6118,0.0,0.0
2024-09-10 10:00:00-04:00,4.210000038146973,4.239999771118164,4.208899974822998,4.239999771118164,2458,0.0,0.0
2024-09-10 10:05:00-04:00,4.239999771118164,4.25,4.239999771118164,4.25,921,0.0,0.0
2024-09-10 10:10:00-04:00,4.230000019073486,4.230000019073486,4.230000019073486,4.230000019073486,200,0.0,0.0
2024-09-10 10:15:00-04:00,4.21999979019165,4.21999979019165,4.21999979019165,4.21999979019165,320,0.0,0.0
2024-09-10 10:35:00-04:00,4.244999885559082,4.25,4.244999885559082,4.25,329,0.0,0.0
2024-09-10 10:40:00-04:00,4.260000228881836,4.260000228881836,4.260000228881836,4.260000228881836,310,0.0,0.0
2024-09-10 10:45:00-04:00,4.269999980926514,4.269999980926514,4.269000053405762,4.269999980926514,1305,0.0,0.0
2024-09-10 10:50:00-04:00,4.269999980926514,4.269999980926514,4.269999980926514,4.269999980926514,323,0.0,0.0
2024-09-10 10:55:00-04:00,4.289999961853027,4.289999961853027,4.289999961853027,4.289999961853027,282,0.0,0.0
2024-09-10 11:00:00-04:00,4.289999961853027,4.289999961853027,4.28000020980835,4.28000020980835,300,0.0,0.0
2024-09-10 11:05:00-04:00,4.289999961853027,4.289999961853027,4.289999961853027,4.289999961853027,705,0.0,0.0
2024-09-10 11:10:00-04:00,4.304999828338623,4.320000171661377,4.304999828338623,4.320000171661377,278,0.0,0.0
2024-09-10 11:15:00-04:00,4.289999961853027,4.289999961853027,4.28000020980835,4.289999961853027,1450,0.0,0.0
2024-09-10 11:25:00-04:00,4.300000190734863,4.300000190734863,4.300000190734863,4.300000190734863,201,0.0,0.0
2024-09-10 11:30:00-04:00,4.289999961853027,4.289999961853027,4.289999961853027,4.289999961853027,464,0.0,0.0
2024-09-10 11:35:00-04:00,4.28000020980835,4.28000020980835,4.28000020980835,4.28000020980835,314,0.0,0.0
2024-09-10 11:40:00-04:00,4.269999980926514,4.275000095367432,4.269999980926514,4.275000095367432,748,0.0,0.0
2024-09-10 11:50:00-04:00,4.264999866485596,4.264999866485596,4.260000228881836,4.260000228881836,952,0.0,0.0
2024-09-10 11:55:00-04:00,4.264999866485596,4.269999980926514,4.264999866485596,4.269999980926514,641,0.0,0.0
2024-09-10 12:10:00-04:00,4.28000020980835,4.28000020980835,4.28000020980835,4.28000020980835,328,0.0,0.0
2024-09-10 12:15:00-04:00,4.289999961853027,4.289999961853027,4.289999961853027,4.289999961853027,334,0.0,0.0
2024-09-10 12:20:00-04:00,4.289999961853027,4.289999961853027,4.28000020980835,4.289999961853027,2064,0.0,0.0
2024-09-10 12:25:00-04:00,4.264999866485596,4.28000020980835,4.260000228881836,4.269999980926514,2525,0.0,0.0
2024-09-10 12:30:00-04:00,4.289999961853027,4.295000076293945,4.289999961853027,4.295000076293945,243,0.0,0.0
2024-09-10 12:35:00-04:00,4.300000190734863,4.320000171661377,4.300000190734863,4.320000171661377,1169,0.0,0.0
2024-09-10 12:40:00-04:00,4.320000171661377,4.320000171661377,4.320000171661377,4.320000171661377,297,0.0,0.0
2024-09-10 12:50:00-04:00,4.329999923706055,4.34499979019165,4.329999923706055,4.34499979019165,944,0.0,0.0
2024-09-10 12:55:00-04:00,4.329999923706055,4.329999923706055,4.329999923706055,4.329999923706055,461,0.0,0.0
2024-09-10 13:05:00-04:00,4.329999923706055,4.340000152587891,4.329999923706055,4.340000152587891,439,0.0,0.0
2024-09-10 13:10:00-04:00,4.340000152587891,4.340000152587891,4.340000152587891,4.340000152587891,216,0.0,0.0
2024-09-10 13:20:00-04:00,4.329999923706055,4.335000038146973,4.320000171661377,4.320000171661377,2127,0.0,0.0
2024-09-10 13:25:00-04:00,4.309999942779541,4.309999942779541,4.295000076293945,4.300000190734863,619,0.0,0.0
2024-09-10 13:30:00-04:00,4.300000190734863,4.300000190734863,4.300000190734863,4.300000190734863,536,0.0,0.0
2024-09-10 13:35:00-04:00,4.309999942779541,4.309999942779541,4.309999942779541,4.309999942779541,419,0.0,0.0
2024-09-10 13:40:00-04:00,4.309999942779541,4.309999942779541,4.309999942779541,4.309999942779541,409,0.0,0.0
2024-09-10 14:00:00-04:00,4.289999961853027,4.289999961853027,4.275000095367432,4.275000095367432,1129,0.0,0.0
2024-09-10 14:05:00-04:00,4.289999961853027,4.289999961853027,4.28000020980835,4.28000020980835,990,0.0,0.0
2024-09-10 14:15:00-04:00,4.268899917602539,4.268899917602539,4.268899917602539,4.268899917602539,101,0.0,0.0
2024-09-10 14:20:00-04:00,4.269999980926514,4.289999961853027,4.269999980926514,4.289999961853027,705,0.0,0.0
2024-09-10 14:25:00-04:00,4.300000190734863,4.300000190734863,4.300000190734863,4.300000190734863,573,0.0,0.0
2024-09-10 14:30:00-04:00,4.300000190734863,4.300000190734863,4.300000190734863,4.300000190734863,212,0.0,0.0
2024-09-10 14:35:00-04:00,4.309999942779541,4.315000057220459,4.3028998374938965,4.3028998374938965,1491,0.0,0.0
2024-09-10 14:40:00-04:00,4.304999828338623,4.304999828338623,4.304999828338623,4.304999828338623,1999,0.0,0.0
2024-09-10 14:45:00-04:00,4.304999828338623,4.304999828338623,4.300000190734863,4.300000190734863,259,0.0,0.0
2024-09-10 14:55:00-04:00,4.309999942779541,4.309999942779541,4.309999942779541,4.309999942779541,706,0.0,0.0
2024-09-10 15:05:00-04:00,4.315000057220459,4.315000057220459,4.315000057220459,4.315000057220459,331,0.0,0.0
2024-09-10 15:10:00-04:00,4.320000171661377,4.320000171661377,4.289999961853027,4.289999961853027,2328,0.0,0.0
2024-09-10 15:15:00-04:00,4.28000020980835,4.300000190734863,4.28000020980835,4.300000190734863,1102,0.0,0.0
2024-09-10 15:20:00-04:00,4.309999942779541,4.320000171661377,4.309999942779541,4.320000171661377,573,0.0,0.0
2024-09-10 15:25:00-04:00,4.320000171661377,4.320000171661377,4.309999942779541,4.309999942779541,1193,0.0,0.0
2024-09-10 15:30:00-04:00,4.300000190734863,4.300000190734863,4.300000190734863,4.300000190734863,1001,0.0,0.0
2024-09-10 15:40:00-04:00,4.300000190734863,4.309999942779541,4.300000190734863,4.309999942779541,917,0.0,0.0
2024-09-10 15:45:00-04:00,4.309999942779541,4.329999923706055,4.309999942779541,4.329999923706055,2345,0.0,0.0
2024-09-10 15:50:00-04:00,4.320000171661377,4.355000019073486,4.320000171661377,4.335000038146973,17878,0.0,0.0
2024-09-10 15:55:00-04:00,4.335000038146973,4.349999904632568,4.320000171661377,4.329999923706055,8324,0.0,0.0
2024-09-11 09:30:00-04:00,4.289999961853027,4.289999961853027,4.289999961853027,4.289999961853027,1064,0.0,0.0
2024-09-11 09:45:00-04:00,4.293600082397461,4.293600082397461,4.293600082397461,4.293600082397461,378,0.0,0.0
2024-09-11 09:50:00-04:00,4.289999961853027,4.289999961853027,4.289999961853027,4.289999961853027,1196,0.0,0.0
2024-09-11 10:00:00-04:00,4.269999980926514,4.269999980926514,4.269999980926514,4.269999980926514,529,0.0,0.0
2024-09-11 10:05:00-04:00,4.260000228881836,4.260000228881836,4.260000228881836,4.260000228881836,596,0.0,0.0
2024-09-11 10:30:00-04:00,4.210000038146973,4.210000038146973,4.199999809265137,4.199999809265137,714,0.0,0.0
2024-09-11 10:35:00-04:00,4.199999809265137,4.199999809265137,4.179999828338623,4.179999828338623,3306,0.0,0.0
2024-09-11 10:40:00-04:00,4.179999828338623,4.179999828338623,4.179999828338623,4.179999828338623,301,0.0,0.0
2024-09-11 10:50:00-04:00,4.170000076293945,4.170000076293945,4.130000114440918,4.139999866485596,3921,0.0,0.0
2024-09-11 10:55:00-04:00,4.170000076293945,4.183000087738037,4.164999961853027,4.164999961853027,1186,0.0,0.0
2024-09-11 11:00:00-04:00,4.170899868011475,4.179999828338623,4.170899868011475,4.179999828338623,1205,0.0,0.0
2024-09-11 11:05:00-04:00,4.199999809265137,4.219900131225586,4.199999809265137,4.219900131225586,1270,0.0,0.0
2024-09-11 11:10:00-04:00,4.199999809265137,4.239999771118164,4.190000057220459,4.224999904632568,2172,0.0,0.0
2024-09-11 11:15:00-04:00,4.239999771118164,4.239999771118164,4.239999771118164,4.239999771118164,431,0.0,0.0
2024-09-11 11:20:00-04:00,4.25,4.260000228881836,4.210000038146973,4.2195000648498535,2421,0.0,0.0
2024-09-11 11:25:00-04:00,4.230000019073486,4.230000019073486,4.210000038146973,4.210000038146973,2376,0.0,0.0
2024-09-11 11:35:00-04:00,4.210000038146973,4.210000038146973,4.179999828338623,4.1992998123168945,2046,0.0,0.0
2024-09-11 11:45:00-04:00,4.179999828338623,4.179999828338623,4.179999828338623,4.179999828338623,195,0.0,0.0
2024-09-11 11:50:00-04:00,4.159999847412109,4.159999847412109,4.159999847412109,4.159999847412109,974,0.0,0.0
2024-09-11 12:10:00-04:00,4.159999847412109,4.175000190734863,4.159999847412109,4.175000190734863,963,0.0,0.0
2024-09-11 12:15:00-04:00,4.179999828338623,4.179999828338623,4.179999828338623,4.179999828338623,367,0.0,0.0
2024-09-11 12:35:00-04:00,4.190000057220459,4.199900150299072,4.190000057220459,4.199900150299072,1276,0.0,0.0
2024-09-11 12:40:00-04:00,4.199999809265137,4.230000019073486,4.190000057220459,4.230000019073486,2086,0.0,0.0
2024-09-11 12:45:00-04:00,4.21999979019165,4.21999979019165,4.21999979019165,4.21999979019165,173,0.0,0.0
2024-09-11 12:50:00-04:00,4.215000152587891,4.215000152587891,4.215000152587891,4.215000152587891,679,0.0,0.0
2024-09-11 13:00:00-04:00,4.21999979019165,4.21999979019165,4.21999979019165,4.21999979019165,390,0.0,0.0
2024-09-11 13:10:00-04:00,4.230000019073486,4.230000019073486,4.21999979019165,4.21999979019165,300,0.0,0.0
2024-09-11 13:15:00-04:00,4.230000019073486,4.230000019073486,4.230000019073486,4.230000019073486,283,0.0,0.0
2024-09-11 13:20:00-04:00,4.21999979019165,4.21999979019165,4.179999828338623,4.184999942779541,6351,0.0,0.0
2024-09-11 13:35:00-04:00,4.170000076293945,4.190000057220459,4.170000076293945,4.190000057220459,1154,0.0,0.0
2024-09-11 13:40:00-04:00,4.199999809265137,4.199999809265137,4.193999767303467,4.199999809265137,806,0.0,0.0
2024-09-11 13:50:00-04:00,4.210000038146973,4.260000228881836,4.210000038146973,4.25,6762,0.0,0.0
2024-09-11 13:55:00-04:00,4.25,4.260000228881836,4.25,4.260000228881836,1221,0.0,0.0
2024-09-11 14:00:00-04:00,4.269999980926514,4.309999942779541,4.269999980926514,4.309999942779541,7602,0.0,0.0
2024-09-11 14:05:00-04:00,4.309999942779541,4.309999942779541,4.289999961853027,4.289999961853027,656,0.0,0.0
2024-09-11 14:10:00-04:00,4.269999980926514,4.269999980926514,4.269999980926514,4.269999980926514,100,0.0,0.0
2024-09-11 14:15:00-04:00,4.269999980926514,4.269999980926514,4.269999980926514,4.269999980926514,323,0.0,0.0
2024-09-11 14:25:00-04:00,4.269999980926514,4.269999980926514,4.269999980926514,4.269999980926514,202,0.0,0.0
2024-09-11 14:35:00-04:00,4.269999980926514,4.320000171661377,4.269999980926514,4.309999942779541,10041,0.0,0.0
2024-09-11 14:40:00-04:00,4.309999942779541,4.309999942779541,4.300000190734863,4.300000190734863,569,0.0,0.0
2024-09-11 14:45:00-04:00,4.309999942779541,4.324999809265137,4.309999942779541,4.320000171661377,2021,0.0,0.0
2024-09-11 14:50:00-04:00,4.317999839782715,4.317999839782715,4.300000190734863,4.300000190734863,712,0.0,0.0
2024-09-11 14:55:00-04:00,4.300000190734863,4.340000152587891,4.300000190734863,4.340000152587891,2524,0.0,0.0
2024-09-11 15:00:00-04:00,4.329999923706055,4.329999923706055,4.320000171661377,4.320000171661377,864,0.0,0.0
2024-09-11 15:05:00-04:00,4.329999923706055,4.400000095367432,4.329999923706055,4.400000095367432,3371,0.0,0.0
2024-09-11 15:10:00-04:00,4.389999866485596,4.389999866485596,4.369999885559082,4.369999885559082,1133,0.0,0.0
2024-09-11 15:15:00-04:00,4.360000133514404,4.360000133514404,4.360000133514404,4.360000133514404,140,0.0,0.0
2024-09-11 15:20:00-04:00,4.380000114440918,4.380000114440918,4.380000114440918,4.380000114440918,113,0.0,0.0
2024-09-11 15:25:00-04:00,4.380000114440918,4.400000095367432,4.380000114440918,4.389999866485596,2955,0.0,0.0
2024-09-11 15:30:00-04:00,4.369999885559082,4.375,4.360000133514404,4.360000133514404,1309,0.0,0.0
2024-09-11 15:35:00-04:00,4.369999885559082,4.375,4.360000133514404,4.369999885559082,3052,0.0,0.0
2024-09-11 15:40:00-04:00,4.369999885559082,4.369999885559082,4.369999885559082,4.369999885559082,1280,0.0,0.0
2024-09-11 15:45:00-04:00,4.369999885559082,4.375,4.360000133514404,4.375,1502,0.0,0.0
2024-09-11 15:50:00-04:00,4.369999885559082,4.375,4.355000019073486,4.375,2854,0.0,0.0
2024-09-11 15:55:00-04:00,4.375,4.380000114440918,4.340000152587891,4.340000152587891,8720,0.0,0.0
2024-09-12 09:30:00-04:00,4.389999866485596,4.389999866485596,4.380000114440918,4.380000114440918,1004,0.0,0.0
2024-09-12 10:50:00-04:00,4.300000190734863,4.300000190734863,4.300000190734863,4.300000190734863,106,0.0,0.0
2024-09-12 10:55:00-04:00,4.300000190734863,4.300000190734863,4.300000190734863,4.300000190734863,336,0.0,0.0
2024-09-12 11:10:00-04:00,4.293600082397461,4.293600082397461,4.289999961853027,4.289999961853027,828,0.0,0.0
2024-09-12 11:25:00-04:00,4.28000020980835,4.28000020980835,4.28000020980835,4.28000020980835,217,0.0,0.0
2024-09-12 12:10:00-04:00,4.300000190734863,4.300000190734863,4.300000190734863,4.300000190734863,427,0.0,0.0
2024-09-12 12:55:00-04:00,4.309999942779541,4.329999923706055,4.300000190734863,4.300000190734863,795,0.0,0.0
2024-09-12 13:00:00-04:00,4.309999942779541,4.349999904632568,4.309999942779541,4.349999904632568,924,0.0,0.0
2024-09-12 13:20:00-04:00,4.340000152587891,4.340000152587891,4.340000152587891,4.340000152587891,130,0.0,0.0
2024-09-12 13:25:00-04:00,4.349999904632568,4.349999904632568,4.332499980926514,4.332499980926514,391,0.0,0.0
2024-09-12 13:40:00-04:00,4.320000171661377,4.320000171661377,4.320000171661377,4.320000171661377,923,0.0,0.0
2024-09-12 13:50:00-04:00,4.349999904632568,4.369999885559082,4.349999904632568,4.355000019073486,2280,0.0,0.0
2024-09-12 14:05:00-04:00,4.340000152587891,4.340000152587891,4.340000152587891,4.340000152587891,336,0.0,0.0
2024-09-12 14:30:00-04:00,4.309999942779541,4.309999942779541,4.309999942779541,4.309999942779541,154,0.0,0.0
2024-09-12 14:35:00-04:00,4.315100193023682,4.315100193023682,4.315100193023682,4.315100193023682,248,0.0,0.0
2024-09-12 14:40:00-04:00,4.323599815368652,4.323599815368652,4.323599815368652,4.323599815368652,103,0.0,0.0
2024-09-12 14:45:00-04:00,4.309999942779541,4.309999942779541,4.309999942779541,4.309999942779541,161,0.0,0.0
2024-09-12 14:50:00-04:00,4.315000057220459,4.315000057220459,4.315000057220459,4.315000057220459,1065,0.0,0.0
2024-09-12 15:05:00-04:00,4.309999942779541,4.309999942779541,4.289999961853027,4.289999961853027,250,0.0,0.0
2024-09-12 15:10:00-04:00,4.320000171661377,4.320000171661377,4.320000171661377,4.320000171661377,408,0.0,0.0
2024-09-12 15:15:00-04:00,4.320000171661377,4.320000171661377,4.320000171661377,4.320000171661377,448,0.0,0.0
2024-09-12 15:30:00-04:00,4.315000057220459,4.320000171661377,4.315000057220459,4.320000171661377,1870,0.0,0.0
2024-09-12 15:35:00-04:00,4.295000076293945,4.309999942779541,4.295000076293945,4.309999942779541,1245,0.0,0.0
2024-09-12 15:45:00-04:00,4.309999942779541,4.309999942779541,4.289999961853027,4.289999961853027,607,0.0,0.0
2024-09-12 15:50:00-04:00,4.291600227355957,4.291600227355957,4.291600227355957,4.291600227355957,491,0.0,0.0
2024-09-12 15:55:00-04:00,4.309999942779541,4.329999923706055,4.309999942779541,4.320000171661377,3856,0.0,0.0
2024-09-13 09:30:00-04:00,4.369999885559082,4.369999885559082,4.369999885559082,4.369999885559082,772,0.0,0.0
2024-09-13 09:40:00-04:00,4.309999942779541,4.320000171661377,4.269999980926514,4.275000095367432,3221,0.0,0.0
2024-09-13 09:45:00-04:00,4.28000020980835,4.309999942779541,4.275000095367432,4.275000095367432,2207,0.0,0.0
2024-09-13 09:55:00-04:00,4.320000171661377,4.320000171661377,4.320000171661377,4.320000171661377,130,0.0,0.0
2024-09-13 10:00:00-04:00,4.340000152587891,4.340000152587891,4.320000171661377,4.320000171661377,1637,0.0,0.0
2024-09-13 10:05:00-04:00,4.335000038146973,4.335000038146973,4.320000171661377,4.320000171661377,200,0.0,0.0
2024-09-13 10:10:00-04:00,4.349999904632568,4.355000019073486,4.340000152587891,4.349999904632568,4789,0.0,0.0
2024-09-13 10:15:00-04:00,4.340000152587891,4.340000152587891,4.340000152587891,4.340000152587891,241,0.0,0.0
2024-09-13 10:20:00-04:00,4.349999904632568,4.349999904632568,4.34499979019165,4.34499979019165,3681,0.0,0.0
2024-09-13 10:25:00-04:00,4.340000152587891,4.340000152587891,4.315000057220459,4.315000057220459,1309,0.0,0.0
2024-09-13 10:30:00-04:00,4.324999809265137,4.324999809265137,4.309999942779541,4.324999809265137,1411,0.0,0.0
2024-09-13 10:40:00-04:00,4.349999904632568,4.349999904632568,4.34499979019165,4.34499979019165,533,0.0,0.0
2024-09-13 10:45:00-04:00,4.340000152587891,4.340000152587891,4.340000152587891,4.340000152587891,731,0.0,0.0
2024-09-13 10:50:00-04:00,4.335000038146973,4.369999885559082,4.335000038146973,4.369999885559082,5466,0.0,0.0
2024-09-13 11:00:00-04:00,4.400000095367432,4.400000095367432,4.398799896240234,4.398799896240234,1758,0.0,0.0
2024-09-13 11:10:00-04:00,4.404900074005127,4.404900074005127,4.404900074005127,4.404900074005127,164,0.0,0.0
2024-09-13 11:20:00-04:00,4.409999847412109,4.409999847412109,4.409999847412109,4.409999847412109,526,0.0,0.0
2024-09-13 11:25:00-04:00,4.429999828338623,4.440000057220459,4.420000076293945,4.420000076293945,1379,0.0,0.0
2024-09-13 11:30:00-04:00,4.420000076293945,4.420000076293945,4.420000076293945,4.420000076293945,136,0.0,0.0
2024-09-13 11:35:00-04:00,4.420000076293945,4.420000076293945,4.420000076293945,4.420000076293945,141,0.0,0.0
2024-09-13 11:40:00-04:00,4.420000076293945,4.429999828338623,4.420000076293945,4.429999828338623,515,0.0,0.0
2024-09-13 11:45:00-04:00,4.420000076293945,4.440000057220459,4.420000076293945,4.440000057220459,846,0.0,0.0
2024-09-13 11:50:00-04:00,4.409999847412109,4.420000076293945,4.409999847412109,4.420000076293945,768,0.0,0.0
2024-09-13 11:55:00-04:00,4.420000076293945,4.420000076293945,4.409999847412109,4.409999847412109,609,0.0,0.0
2024-09-13 12:05:00-04:00,4.389999866485596,4.389999866485596,4.385000228881836,4.389999866485596,1564,0.0,0.0
2024-09-13 12:10:00-04:00,4.420000076293945,4.420000076293945,4.420000076293945,4.420000076293945,184,0.0,0.0
2024-09-13 12:15:00-04:00,4.420000076293945,4.420000076293945,4.409999847412109,4.409999847412109,321,0.0,0.0
2024-09-13 12:20:00-04:00,4.409999847412109,4.409999847412109,4.409999847412109,4.409999847412109,120,0.0,0.0
2024-09-13 12:30:00-04:00,4.400000095367432,4.400000095367432,4.400000095367432,4.400000095367432,379,0.0,0.0
2024-09-13 12:50:00-04:00,4.409999847412109,4.409999847412109,4.409999847412109,4.409999847412109,314,0.0,0.0
2024-09-13 12:55:00-04:00,4.400000095367432,4.400000095367432,4.400000095367432,4.400000095367432,151,0.0,0.0
2024-09-13 13:00:00-04:00,4.409999847412109,4.409999847412109,4.409999847412109,4.409999847412109,471,0.0,0.0
2024-09-13 13:10:00-04:00,4.380000114440918,4.400000095367432,4.380000114440918,4.400000095367432,485,0.0,0.0
2024-09-13 13:35:00-04:00,4.389999866485596,4.389999866485596,4.389999866485596,4.389999866485596,625,0.0,0.0
2024-09-13 13:55:00-04:00,4.389999866485596,4.389999866485596,4.389999866485596,4.389999866485596,101,0.0,0.0
2024-09-13 14:00:00-04:00,4.380000114440918,4.400000095367432,4.380000114440918,4.380000114440918,2752,0.0,0.0
2024-09-13 14:05:00-04:00,4.389999866485596,4.389999866485596,4.389999866485596,4.389999866485596,673,0.0,0.0
2024-09-13 14:20:00-04:00,4.389999866485596,4.389999866485596,4.389999866485596,4.389999866485596,426,0.0,0.0
2024-09-13 14:30:00-04:00,4.389999866485596,4.389999866485596,4.389999866485596,4.389999866485596,874,0.0,0.0
2024-09-13 14:35:00-04:00,4.389999866485596,4.409999847412109,4.389999866485596,4.409999847412109,537,0.0,0.0
2024-09-13 14:45:00-04:00,4.409999847412109,4.410099983215332,4.400000095367432,4.400000095367432,1580,0.0,0.0
2024-09-13 14:50:00-04:00,4.400000095367432,4.400000095367432,4.380000114440918,4.380000114440918,800,0.0,0.0
2024-09-13 14:55:00-04:00,4.380000114440918,4.380000114440918,4.380000114440918,4.380000114440918,333,0.0,0.0
2024-09-13 15:00:00-04:00,4.380000114440918,4.380000114440918,4.360000133514404,4.360000133514404,648,0.0,0.0
2024-09-13 15:05:00-04:00,4.360000133514404,4.360000133514404,4.360000133514404,4.360000133514404,363,0.0,0.0
2024-09-13 15:25:00-04:00,4.369999885559082,4.375,4.369999885559082,4.375,402,0.0,0.0
2024-09-13 15:30:00-04:00,4.380000114440918,4.380000114440918,4.380000114440918,4.380000114440918,2599,0.0,0.0
2024-09-13 15:35:00-04:00,4.369999885559082,4.369999885559082,4.360000133514404,4.360000133514404,1454,0.0,0.0
2024-09-13 15:40:00-04:00,4.360000133514404,4.360000133514404,4.34499979019165,4.34499979019165,3706,0.0,0.0
2024-09-13 15:45:00-04:00,4.349999904632568,4.360000133514404,4.349999904632568,4.349999904632568,2499,0.0,0.0
2024-09-13 15:50:00-04:00,4.340000152587891,4.355000019073486,4.329999923706055,4.349999904632568,5369,0.0,0.0
2024-09-13 15:55:00-04:00,4.360000133514404,4.369999885559082,4.349999904632568,4.360000133514404,8966,0.0,0.0
2024-09-16 09:30:00-04:00,4.360000133514404,4.360000133514404,4.360000133514404,4.360000133514404,455,0.0,0.0
2024-09-16 09:35:00-04:00,4.380000114440918,4.380000114440918,4.360000133514404,4.360000133514404,4154,0.0,0.0
2024-09-16 09:40:00-04:00,4.329999923706055,4.329999923706055,4.329999923706055,4.329999923706055,180,0.0,0.0
2024-09-16 09:50:00-04:00,4.349999904632568,4.360000133514404,4.349999904632568,4.349999904632568,3402,0.0,0.0
2024-09-16 10:15:00-04:00,4.349999904632568,4.349999904632568,4.340000152587891,4.340000152587891,999,0.0,0.0
2024-09-16 10:35:00-04:00,4.320000171661377,4.324999809265137,4.320000171661377,4.324999809265137,1217,0.0,0.0
2024-09-16 10:40:00-04:00,4.309999942779541,4.320000171661377,4.309999942779541,4.320000171661377,207,0.0,0.0
2024-09-16 10:55:00-04:00,4.339900016784668,4.360000133514404,4.339900016784668,4.360000133514404,6637,0.0,0.0
2024-09-16 11:05:00-04:00,4.349999904632568,4.360000133514404,4.349999904632568,4.360000133514404,1379,0.0,0.0
2024-09-16 11:10:00-04:00,4.360000133514404,4.360000133514404,4.360000133514404,4.360000133514404,778,0.0,0.0
2024-09-16 11:35:00-04:00,4.340000152587891,4.360000133514404,4.3333001136779785,4.340000152587891,2443,0.0,0.0
2024-09-16 11:50:00-04:00,4.335000038146973,4.340000152587891,4.335000038146973,4.340000152587891,749,0.0,0.0
2024-09-16 11:55:00-04:00,4.360000133514404,4.360000133514404,4.360000133514404,4.360000133514404,235,0.0,0.0
2024-09-16 12:25:00-04:00,4.360000133514404,4.360000133514404,4.360000133514404,4.360000133514404,2797,0.0,0.0
2024-09-16 12:40:00-04:00,4.350100040435791,4.355000019073486,4.350100040435791,4.355000019073486,360,0.0,0.0
2024-09-16 12:55:00-04:00,4.360000133514404,4.360000133514404,4.349999904632568,4.360000133514404,2671,0.0,0.0
2024-09-16 13:05:00-04:00,4.360000133514404,4.360000133514404,4.360000133514404,4.360000133514404,418,0.0,0.0
2024-09-16 13:20:00-04:00,4.350200176239014,4.350200176239014,4.350200176239014,4.350200176239014,706,0.0,0.0
2024-09-16 13:25:00-04:00,4.355000019073486,4.355000019073486,4.349999904632568,4.355000019073486,537,0.0,0.0
2024-09-16 13:30:00-04:00,4.349999904632568,4.349999904632568,4.349999904632568,4.349999904632568,151,0.0,0.0
2024-09-16 13:35:00-04:00,4.349999904632568,4.349999904632568,4.349999904632568,4.349999904632568,177,0.0,0.0
2024-09-16 13:45:00-04:00,4.360000133514404,4.360000133514404,4.360000133514404,4.360000133514404,370,0.0,0.0
2024-09-16 13:50:00-04:00,4.355000019073486,4.360000133514404,4.349999904632568,4.360000133514404,6491,0.0,0.0
2024-09-16 13:55:00-04:00,4.349999904632568,4.349999904632568,4.349999904632568,4.349999904632568,191,0.0,0.0
2024-09-16 14:00:00-04:00,4.349999904632568,4.349999904632568,4.349999904632568,4.349999904632568,461,0.0,0.0
2024-09-16 14:05:00-04:00,4.349999904632568,4.349999904632568,4.349999904632568,4.349999904632568,240,0.0,0.0
2024-09-16 14:15:00-04:00,4.340000152587891,4.340000152587891,4.340000152587891,4.340000152587891,310,0.0,0.0
2024-09-16 14:30:00-04:00,4.340000152587891,4.340000152587891,4.340000152587891,4.340000152587891,198,0.0,0.0
2024-09-16 14:40:00-04:00,4.349999904632568,4.349999904632568,4.340000152587891,4.340000152587891,611,0.0,0.0
2024-09-16 14:45:00-04:00,4.340000152587891,4.343900203704834,4.340000152587891,4.343900203704834,301,0.0,0.0
2024-09-16 14:55:00-04:00,4.349999904632568,4.349999904632568,4.349999904632568,4.349999904632568,630,0.0,0.0
2024-09-16 15:10:00-04:00,4.340000152587891,4.340000152587891,4.340000152587891,4.340000152587891,437,0.0,0.0
2024-09-16 15:15:00-04:00,4.340000152587891,4.349999904632568,4.329999923706055,4.340000152587891,1461,0.0,0.0
2024-09-16 15:20:00-04:00,4.329999923706055,4.329999923706055,4.329999923706055,4.329999923706055,355,0.0,0.0
2024-09-16 15:30:00-04:00,4.340000152587891,4.340000152587891,4.340000152587891,4.340000152587891,892,0.0,0.0
2024-09-16 15:35:00-04:00,4.349999904632568,4.355000019073486,4.349999904632568,4.355000019073486,425,0.0,0.0
2024-09-16 15:45:00-04:00,4.360000133514404,4.360000133514404,4.355000019073486,4.360000133514404,1348,0.0,0.0
2024-09-16 15:50:00-04:00,4.355000019073486,4.360000133514404,4.349999904632568,4.360000133514404,1168,0.0,0.0
2024-09-16 15:55:00-04:00,4.355000019073486,4.360000133514404,4.349999904632568,4.349999904632568,5912,0.0,0.0
2024-09-17 09:30:00-04:00,4.409999847412109,4.409999847412109,4.400000095367432,4.400000095367432,1079,0.0,0.0
2024-09-17 09:50:00-04:00,4.369999885559082,4.369999885559082,4.349999904632568,4.349999904632568,2983,0.0,0.0
2024-09-17 09:55:00-04:00,4.369999885559082,4.369999885559082,4.369999885559082,4.369999885559082,149,0.0,0.0
2024-09-17 10:00:00-04:00,4.369999885559082,4.369999885559082,4.369999885559082,4.369999885559082,999,0.0,0.0
2024-09-17 10:05:00-04:00,4.369999885559082,4.369999885559082,4.369999885559082,4.369999885559082,3818,0.0,0.0
2024-09-17 10:10:00-04:00,4.369999885559082,4.369999885559082,4.36899995803833,4.369999885559082,966,0.0,0.0
2024-09-17 10:15:00-04:00,4.369999885559082,4.369999885559082,4.369999885559082,4.369999885559082,6589,0.0,0.0
2024-09-17 10:20:00-04:00,4.369999885559082,4.369999885559082,4.364999771118164,4.369999885559082,4840,0.0,0.0
2024-09-17 10:25:00-04:00,4.369999885559082,4.369999885559082,4.369999885559082,4.369999885559082,808,0.0,0.0
2024-09-17 10:30:00-04:00,4.369999885559082,4.369999885559082,4.369999885559082,4.369999885559082,2762,0.0,0.0
2024-09-17 10:35:00-04:00,4.369999885559082,4.369999885559082,4.369999885559082,4.369999885559082,838,0.0,0.0
2024-09-17 10:40:00-04:00,4.369999885559082,4.369999885559082,4.369999885559082,4.369999885559082,2597,0.0,0.0
2024-09-17 10:45:00-04:00,4.369999885559082,4.369999885559082,4.369999885559082,4.369999885559082,2801,0.0,0.0
2024-09-17 10:50:00-04:00,4.369999885559082,4.369999885559082,4.364999771118164,4.364999771118164,2979,0.0,0.0
2024-09-17 11:00:00-04:00,4.369999885559082,4.369999885559082,4.369999885559082,4.369999885559082,476,0.0,0.0
2024-09-17 11:05:00-04:00,4.361499786376953,4.369999885559082,4.361499786376953,4.369999885559082,1285,0.0,0.0
2024-09-17 11:15:00-04:00,4.429999828338623,4.429999828338623,4.429999828338623,4.429999828338623,416,0.0,0.0
2024-09-17 11:20:00-04:00,4.429999828338623,4.429999828338623,4.429999828338623,4.429999828338623,180,0.0,0.0
2024-09-17 11:30:00-04:00,4.449999809265137,4.449999809265137,4.449999809265137,4.449999809265137,725,0.0,0.0
2024-09-17 11:45:00-04:00,4.480000019073486,4.480000019073486,4.46999979019165,4.46999979019165,864,0.0,0.0
2024-09-17 11:50:00-04:00,4.46999979019165,4.46999979019165,4.46999979019165,4.46999979019165,329,0.0,0.0
2024-09-17 12:05:00-04:00,4.460000038146973,4.460000038146973,4.460000038146973,4.460000038146973,406,0.0,0.0
2024-09-17 12:10:00-04:00,4.449999809265137,4.449999809265137,4.449999809265137,4.449999809265137,243,0.0,0.0
2024-09-17 12:15:00-04:00,4.440000057220459,4.440000057220459,4.440000057220459,4.440000057220459,598,0.0,0.0
2024-09-17 12:40:00-04:00,4.429999828338623,4.429999828338623,4.429999828338623,4.429999828338623,523,0.0,0.0
2024-09-17 12:45:00-04:00,4.409999847412109,4.409999847412109,4.409999847412109,4.409999847412109,459,0.0,0.0
2024-09-17 12:55:00-04:00,4.408699989318848,4.408699989318848,4.408699989318848,4.408699989318848,689,0.0,0.0
2024-09-17 13:00:00-04:00,4.409999847412109,4.409999847412109,4.409999847412109,4.409999847412109,692,0.0,0.0
2024-09-17 13:10:00-04:00,4.409999847412109,4.429999828338623,4.409999847412109,4.429999828338623,615,0.0,0.0
2024-09-17 13:15:00-04:00,4.429999828338623,4.429999828338623,4.429999828338623,4.429999828338623,601,0.0,0.0
2024-09-17 13:20:00-04:00,4.434999942779541,4.449999809265137,4.434999942779541,4.449999809265137,690,0.0,0.0
2024-09-17 13:25:00-04:00,4.440000057220459,4.440000057220459,4.429999828338623,4.429999828338623,1029,0.0,0.0
2024-09-17 13:45:00-04:00,4.420000076293945,4.420000076293945,4.420000076293945,4.420000076293945,297,0.0,0.0
2024-09-17 13:50:00-04:00,4.439899921417236,4.439899921417236,4.439899921417236,4.439899921417236,1337,0.0,0.0
2024-09-17 14:10:00-04:00,4.429999828338623,4.429999828338623,4.429999828338623,4.429999828338623,114,0.0,0.0
2024-09-17 14:15:00-04:00,4.434999942779541,4.434999942779541,4.429999828338623,4.429999828338623,923,0.0,0.0
2024-09-17 14:20:00-04:00,4.429999828338623,4.429999828338623,4.429999828338623,4.429999828338623,210,0.0,0.0
2024-09-17 14:25:00-04:00,4.440000057220459,4.440000057220459,4.440000057220459,4.440000057220459,739,0.0,0.0
2024-09-17 14:35:00-04:00,4.460000038146973,4.460000038146973,4.460000038146973,4.460000038146973,191,0.0,0.0
2024-09-17 14:40:00-04:00,4.460000038146973,4.460000038146973,4.460000038146973,4.460000038146973,2261,0.0,0.0
2024-09-17 14:45:00-04:00,4.460000038146973,4.46999979019165,4.460000038146973,4.46999979019165,770,0.0,0.0
2024-09-17 15:00:00-04:00,4.474999904632568,4.480000019073486,4.46999979019165,4.46999979019165,1015,0.0,0.0
2024-09-17 15:05:00-04:00,4.46999979019165,4.46999979019165,4.46999979019165,4.46999979019165,396,0.0,0.0
2024-09-17 15:10:00-04:00,4.480000019073486,4.480000019073486,4.480000019073486,4.480000019073486,130,0.0,0.0
2024-09-17 15:15:00-04:00,4.474999904632568,4.474999904632568,4.474999904632568,4.474999904632568,307,0.0,0.0
2024-09-17 15:20:00-04:00,4.46999979019165,4.46999979019165,4.46999979019165,4.46999979019165,547,0.0,0.0
2024-09-17 15:30:00-04:00,4.480000019073486,4.480000019073486,4.478899955749512,4.478899955749512,310,0.0,0.0
2024-09-17 15:35:00-04:00,4.46999979019165,4.480000019073486,4.46999979019165,4.474999904632568,578,0.0,0.0
2024-09-17 15:40:00-04:00,4.46999979019165,4.46999979019165,4.449999809265137,4.458799839019775,2406,0.0,0.0
2024-09-17 15:45:00-04:00,4.460000038146973,4.474999904632568,4.460000038146973,4.460000038146973,1309,0.0,0.0
2024-09-17 15:50:00-04:00,4.46999979019165,4.46999979019165,4.465000152587891,4.46999979019165,1026,0.0,0.0
2024-09-17 15:55:00-04:00,4.46999979019165,4.46999979019165,4.440000057220459,4.440000057220459,7328,0.0,0.0
2024-09-18 09:30:00-04:00,4.429999828338623,4.429999828338623,4.429999828338623,4.429999828338623,240,0.0,0.0
2024-09-18 10:20:00-04:00,4.429999828338623,4.429999828338623,4.380000114440918,4.380000114440918,843,0.0,0.0
2024-09-18 10:25:00-04:00,4.394999980926514,4.394999980926514,4.394999980926514,4.394999980926514,227,0.0,0.0
2024-09-18 10:30:00-04:00,4.389999866485596,4.389999866485596,4.389999866485596,4.389999866485596,131,0.0,0.0
2024-09-18 10:35:00-04:00,4.389999866485596,4.389999866485596,4.389999866485596,4.389999866485596,116,0.0,0.0
2024-09-18 10:45:00-04:00,4.369999885559082,4.369999885559082,4.369999885559082,4.369999885559082,200,0.0,0.0
2024-09-18 10:50:00-04:00,4.375,4.375,4.375,4.375,462,0.0,0.0
2024-09-18 10:55:00-04:00,4.369999885559082,4.369999885559082,4.369999885559082,4.369999885559082,240,0.0,0.0
2024-09-18 11:00:00-04:00,4.389999866485596,4.389999866485596,4.389999866485596,4.389999866485596,617,0.0,0.0
2024-09-18 11:05:00-04:00,4.400000095367432,4.420000076293945,4.400000095367432,4.420000076293945,1012,0.0,0.0
2024-09-18 11:10:00-04:00,4.420000076293945,4.420000076293945,4.409999847412109,4.409999847412109,619,0.0,0.0
2024-09-18 11:15:00-04:00,4.400000095367432,4.400000095367432,4.400000095367432,4.400000095367432,507,0.0,0.0
2024-09-18 12:40:00-04:00,4.409999847412109,4.409999847412109,4.409999847412109,4.409999847412109,510,0.0,0.0
2024-09-18 13:00:00-04:00,4.409999847412109,4.409999847412109,4.389999866485596,4.389999866485596,432,0.0,0.0
2024-09-18 13:05:00-04:00,4.389999866485596,4.389999866485596,4.389999866485596,4.389999866485596,355,0.0,0.0
2024-09-18 13:25:00-04:00,4.39870023727417,4.39870023727417,4.39870023727417,4.39870023727417,292,0.0,0.0
2024-09-18 13:40:00-04:00,4.409900188446045,4.409900188446045,4.409900188446045,4.409900188446045,193,0.0,0.0
2024-09-18 13:45:00-04:00,4.409999847412109,4.409999847412109,4.40500020980835,4.40500020980835,918,0.0,0.0
2024-09-18 14:00:00-04:00,4.420000076293945,4.489999771118164,4.420000076293945,4.489999771118164,8665,0.0,0.0
2024-09-18 14:10:00-04:00,4.485000133514404,4.485000133514404,4.485000133514404,4.485000133514404,152,0.0,0.0
2024-09-18 14:15:00-04:00,4.485000133514404,4.485000133514404,4.485000133514404,4.485000133514404,265,0.0,0.0
2024-09-18 14:20:00-04:00,4.5,4.510000228881836,4.5,4.510000228881836,727,0.0,0.0
2024-09-18 14:25:00-04:00,4.510000228881836,4.519999980926514,4.489999771118164,4.510000228881836,1785,0.0,0.0
2024-09-18 14:30:00-04:00,4.539899826049805,4.539999961853027,4.539899826049805,4.539999961853027,384,0.0,0.0
2024-09-18 14:35:00-04:00,4.539999961853027,4.539999961853027,4.5,4.539999961853027,7730,0.0,0.0
2024-09-18 14:40:00-04:00,4.519999980926514,4.519999980926514,4.5,4.5,577,0.0,0.0
2024-09-18 14:45:00-04:00,4.5,4.5,4.5,4.5,506,0.0,0.0
2024-09-18 14:50:00-04:00,4.477200031280518,4.510000228881836,4.477200031280518,4.510000228881836,1543,0.0,0.0
2024-09-18 14:55:00-04:00,4.5,4.5,4.5,4.5,290,0.0,0.0
2024-09-18 15:10:00-04:00,4.420000076293945,4.420000076293945,4.420000076293945,4.420000076293945,223,0.0,0.0
2024-09-18 15:15:00-04:00,4.454999923706055,4.489999771118164,4.454999923706055,4.489999771118164,991,0.0,0.0
2024-09-18 15:25:00-04:00,4.489999771118164,4.489999771118164,4.480400085449219,4.480400085449219,940,0.0,0.0
2024-09-18 15:30:00-04:00,4.510000228881836,4.510000228881836,4.480000019073486,4.480000019073486,558,0.0,0.0
2024-09-18 15:40:00-04:00,4.449999809265137,4.480000019073486,4.449999809265137,4.449999809265137,1789,0.0,0.0
2024-09-18 15:45:00-04:00,4.45389986038208,4.45389986038208,4.429999828338623,4.429999828338623,971,0.0,0.0
2024-09-18 15:50:00-04:00,4.409999847412109,4.409999847412109,4.409999847412109,4.409999847412109,163,0.0,0.0
2024-09-18 15:55:00-04:00,4.409999847412109,4.440000057220459,4.400000095367432,4.429999828338623,6198,0.0,0.0
2024-09-19 09:30:00-04:00,4.5,4.5,4.5,4.5,1028,0.0,0.0
2024-09-19 09:35:00-04:00,4.440000057220459,4.440000057220459,4.440000057220459,4.440000057220459,735,0.0,0.0
2024-09-19 10:20:00-04:00,4.46999979019165,4.46999979019165,4.460000038146973,4.460000038146973,3300,0.0,0.0
2024-09-19 10:25:00-04:00,4.489999771118164,4.510000228881836,4.489999771118164,4.5,8267,0.0,0.0
2024-09-19 10:30:00-04:00,4.514400005340576,4.539999961853027,4.514400005340576,4.539999961853027,1108,0.0,0.0
2024-09-19 10:35:00-04:00,4.559999942779541,4.600200176239014,4.559000015258789,4.590000152587891,8881,0.0,0.0
2024-09-19 10:40:00-04:00,4.570000171661377,4.570000171661377,4.570000171661377,4.570000171661377,102,0.0,0.0
2024-09-19 10:45:00-04:00,4.559999942779541,4.559999942779541,4.539999961853027,4.539999961853027,1116,0.0,0.0
2024-09-19 10:50:00-04:00,4.545000076293945,4.550000190734863,4.534999847412109,4.534999847412109,693,0.0,0.0
2024-09-19 10:55:00-04:00,4.550000190734863,4.599999904632568,4.550000190734863,4.599999904632568,2361,0.0,0.0
2024-09-19 11:00:00-04:00,4.585000038146973,4.638000011444092,4.585000038146973,4.638000011444092,2265,0.0,0.0
2024-09-19 11:05:00-04:00,4.619999885559082,4.619999885559082,4.619999885559082,4.619999885559082,202,0.0,0.0
2024-09-19 11:10:00-04:00,4.610000133514404,4.614999771118164,4.605000019073486,4.614999771118164,562,0.0,0.0
2024-09-19 11:15:00-04:00,4.610000133514404,4.610000133514404,4.590099811553955,4.590099811553955,895,0.0,0.0
2024-09-19 11:20:00-04:00,4.610000133514404,4.679999828338623,4.610000133514404,4.679999828338623,7616,0.0,0.0
2024-09-19 11:25:00-04:00,4.659999847412109,4.659999847412109,4.619999885559082,4.619999885559082,1912,0.0,0.0
2024-09-19 11:30:00-04:00,4.619999885559082,4.619999885559082,4.619999885559082,4.619999885559082,304,0.0,0.0
2024-09-19 11:35:00-04:00,4.619999885559082,4.619999885559082,4.612400054931641,4.619999885559082,745,0.0,0.0
2024-09-19 11:40:00-04:00,4.614999771118164,4.619999885559082,4.614999771118164,4.619999885559082,302,0.0,0.0
2024-09-19 11:45:00-04:00,4.614999771118164,4.619999885559082,4.610000133514404,4.619999885559082,708,0.0,0.0
2024-09-19 11:50:00-04:00,4.600100040435791,4.630000114440918,4.600100040435791,4.619999885559082,2425,0.0,0.0
2024-09-19 11:55:00-04:00,4.609600067138672,4.610000133514404,4.609600067138672,4.610000133514404,639,0.0,0.0
2024-09-19 12:00:00-04:00,4.610000133514404,4.630000114440918,4.610000133514404,4.630000114440918,2244,0.0,0.0
2024-09-19 12:05:00-04:00,4.635000228881836,4.635000228881836,4.635000228881836,4.635000228881836,201,0.0,0.0
2024-09-19 12:15:00-04:00,4.630000114440918,4.635000228881836,4.619999885559082,4.619999885559082,1170,0.0,0.0
2024-09-19 12:25:00-04:00,4.620100021362305,4.630000114440918,4.619999885559082,4.630000114440918,380,0.0,0.0
2024-09-19 12:30:00-04:00,4.625,4.630000114440918,4.625,4.630000114440918,317,0.0,0.0
2024-09-19 12:35:00-04:00,4.630000114440918,4.630000114440918,4.630000114440918,4.630000114440918,209,0.0,0.0
2024-09-19 12:45:00-04:00,4.630000114440918,4.630000114440918,4.630000114440918,4.630000114440918,143,0.0,0.0
2024-09-19 12:55:00-04:00,4.639999866485596,4.648600101470947,4.630000114440918,4.644999980926514,5870,0.0,0.0
2024-09-19 13:00:00-04:00,4.644999980926514,4.650000095367432,4.639999866485596,4.639999866485596,4513,0.0,0.0
2024-09-19 13:05:00-04:00,4.639999866485596,4.639999866485596,4.639999866485596,4.639999866485596,1013,0.0,0.0
2024-09-19 13:10:00-04:00,4.630000114440918,4.630000114440918,4.630000114440918,4.630000114440918,568,0.0,0.0
2024-09-19 13:15:00-04:00,4.630000114440918,4.639999866485596,4.630000114440918,4.639999866485596,1383,0.0,0.0
2024-09-19 13:20:00-04:00,4.630000114440918,4.630000114440918,4.619999885559082,4.619999885559082,363,0.0,0.0
2024-09-19 13:30:00-04:00,4.621300220489502,4.635000228881836,4.621300220489502,4.635000228881836,426,0.0,0.0
2024-09-19 13:35:00-04:00,4.639999866485596,4.639999866485596,4.630000114440918,4.630000114440918,543,0.0,0.0
2024-09-19 13:40:00-04:00,4.635000228881836,4.639999866485596,4.635000228881836,4.635000228881836,1137,0.0,0.0
2024-09-19 13:50:00-04:00,4.644999980926514,4.644999980926514,4.639999866485596,4.642499923706055,414,0.0,0.0
2024-09-19 13:55:00-04:00,4.639999866485596,4.639999866485596,4.639999866485596,4.639999866485596,250,0.0,0.0
2024-09-19 14:00:00-04:00,4.650000095367432,4.650000095367432,4.650000095367432,4.650000095367432,1133,0.0,0.0
2024-09-19 14:15:00-04:00,4.639999866485596,4.639999866485596,4.630000114440918,4.630000114440918,828,0.0,0.0
2024-09-19 14:20:00-04:00,4.630000114440918,4.630000114440918,4.630000114440918,4.630000114440918,290,0.0,0.0
2024-09-19 14:25:00-04:00,4.610000133514404,4.610000133514404,4.610000133514404,4.610000133514404,270,0.0,0.0
2024-09-19 14:35:00-04:00,4.599999904632568,4.599999904632568,4.599999904632568,4.599999904632568,134,0.0,0.0
2024-09-19 14:40:00-04:00,4.599999904632568,4.619999885559082,4.599999904632568,4.619999885559082,1154,0.0,0.0
2024-09-19 14:45:00-04:00,4.619999885559082,4.619999885559082,4.610000133514404,4.610000133514404,2538,0.0,0.0
2024-09-19 14:50:00-04:00,4.611400127410889,4.619999885559082,4.599999904632568,4.610000133514404,1259,0.0,0.0
2024-09-19 14:55:00-04:00,4.599999904632568,4.605000019073486,4.599999904632568,4.599999904632568,867,0.0,0.0
2024-09-19 15:00:00-04:00,4.599999904632568,4.610000133514404,4.590000152587891,4.590000152587891,4201,0.0,0.0
2024-09-19 15:05:00-04:00,4.590000152587891,4.590000152587891,4.570000171661377,4.570000171661377,5429,0.0,0.0
2024-09-19 15:10:00-04:00,4.570000171661377,4.579999923706055,4.570000171661377,4.579999923706055,3762,0.0,0.0
2024-09-19 15:15:00-04:00,4.559999942779541,4.559999942779541,4.5,4.5,8513,0.0,0.0
2024-09-19 15:20:00-04:00,4.5,4.514999866485596,4.489999771118164,4.505000114440918,6880,0.0,0.0
2024-09-19 15:25:00-04:00,4.505000114440918,4.505000114440918,4.480000019073486,4.480000019073486,3950,0.0,0.0
2024-09-19 15:30:00-04:00,4.46999979019165,4.489999771118164,4.460000038146973,4.485000133514404,8720,0.0,0.0
2024-09-19 15:35:00-04:00,4.480000019073486,4.480000019073486,4.409999847412109,4.445000171661377,24910,0.0,0.0
2024-09-19 15:40:00-04:00,4.449999809265137,4.449999809265137,4.429999828338623,4.429999828338623,8721,0.0,0.0
2024-09-19 15:45:00-04:00,4.420000076293945,4.440000057220459,4.409999847412109,4.425000190734863,15709,0.0,0.0
2024-09-19 15:50:00-04:00,4.429999828338623,4.429999828338623,4.340000152587891,4.34499979019165,28889,0.0,0.0
2024-09-19 15:55:00-04:00,4.349999904632568,4.389999866485596,4.349999904632568,4.369999885559082,29175,0.0,0.0
2024-09-20 09:30:00-04:00,4.369999885559082,4.369999885559082,4.340000152587891,4.340000152587891,51584,0.0,0.0
2024-09-20 09:35:00-04:00,4.375,4.375,4.375,4.375,294,0.0,0.0
2024-09-20 09:45:00-04:00,4.389999866485596,4.389999866485596,4.360000133514404,4.369999885559082,610,0.0,0.0
2024-09-20 09:50:00-04:00,4.389999866485596,4.389999866485596,4.389999866485596,4.389999866485596,1155,0.0,0.0
2024-09-20 09:55:00-04:00,4.409999847412109,4.429999828338623,4.409999847412109,4.429999828338623,1442,0.0,0.0
2024-09-20 10:00:00-04:00,4.434999942779541,4.449999809265137,4.434999942779541,4.449999809265137,2600,0.0,0.0
2024-09-20 10:10:00-04:00,4.449999809265137,4.449999809265137,4.449999809265137,4.449999809265137,364,0.0,0.0
2024-09-20 10:15:00-04:00,4.460000038146973,4.460000038146973,4.460000038146973,4.460000038146973,2020,0.0,0.0
2024-09-20 10:30:00-04:00,4.484000205993652,4.485000133514404,4.484000205993652,4.485000133514404,737,0.0,0.0
2024-09-20 10:35:00-04:00,4.480000019073486,4.480000019073486,4.460000038146973,4.460000038146973,1533,0.0,0.0
2024-09-20 10:40:00-04:00,4.465000152587891,4.46999979019165,4.465000152587891,4.46999979019165,564,0.0,0.0
2024-09-20 10:45:00-04:00,4.460000038146973,4.460000038146973,4.460000038146973,4.460000038146973,515,0.0,0.0
2024-09-20 11:20:00-04:00,4.449999809265137,4.449999809265137,4.440000057220459,4.449999809265137,1078,0.0,0.0
2024-09-20 11:30:00-04:00,4.420000076293945,4.420000076293945,4.369999885559082,4.369999885559082,2851,0.0,0.0
2024-09-20 12:05:00-04:00,4.409999847412109,4.409999847412109,4.389999866485596,4.389999866485596,1278,0.0,0.0
2024-09-20 12:10:00-04:00,4.395999908447266,4.409999847412109,4.395999908447266,4.409999847412109,1429,0.0,0.0
2024-09-20 12:15:00-04:00,4.389999866485596,4.400000095367432,4.389999866485596,4.400000095367432,2105,0.0,0.0
2024-09-20 12:40:00-04:00,4.40500020980835,4.40500020980835,4.400000095367432,4.400000095367432,275,0.0,0.0
2024-09-20 12:45:00-04:00,4.40500020980835,4.40500020980835,4.40500020980835,4.40500020980835,216,0.0,0.0
2024-09-20 12:50:00-04:00,4.400000095367432,4.400000095367432,4.400000095367432,4.400000095367432,216,0.0,0.0
2024-09-20 13:00:00-04:00,4.409999847412109,4.409999847412109,4.409999847412109,4.409999847412109,638,0.0,0.0
2024-09-20 13:10:00-04:00,4.429999828338623,4.429999828338623,4.429999828338623,4.429999828338623,983,0.0,0.0
2024-09-20 13:15:00-04:00,4.429999828338623,4.489999771118164,4.429999828338623,4.489999771118164,2189,0.0,0.0
2024-09-20 13:20:00-04:00,4.460000038146973,4.489999771118164,4.460000038146973,4.480000019073486,1591,0.0,0.0
2024-09-20 13:25:00-04:00,4.489999771118164,4.53000020980835,4.485000133514404,4.53000020980835,2871,0.0,0.0
2024-09-20 13:30:00-04:00,4.559999942779541,4.559999942779541,4.550000190734863,4.559999942779541,2048,0.0,0.0
2024-09-20 13:35:00-04:00,4.559999942779541,4.559999942779541,4.559999942779541,4.559999942779541,1254,0.0,0.0
2024-09-20 13:40:00-04:00,4.550000190734863,4.579999923706055,4.550000190734863,4.579999923706055,2378,0.0,0.0
2024-09-20 13:45:00-04:00,4.565000057220459,4.579999923706055,4.565000057220459,4.565000057220459,1727,0.0,0.0
2024-09-20 13:50:00-04:00,4.570000171661377,4.570000171661377,4.53000020980835,4.539999961853027,2936,0.0,0.0
2024-09-20 13:55:00-04:00,4.53000020980835,4.550000190734863,4.519999980926514,4.550000190734863,4829,0.0,0.0
2024-09-20 14:00:00-04:00,4.550000190734863,4.550000190734863,4.550000190734863,4.550000190734863,1456,0.0,0.0
2024-09-20 14:05:00-04:00,4.559999942779541,4.570000171661377,4.559999942779541,4.559999942779541,2255,0.0,0.0
2024-09-20 14:10:00-04:00,4.570000171661377,4.590000152587891,4.570000171661377,4.570000171661377,1636,0.0,0.0
2024-09-20 14:15:00-04:00,4.590000152587891,4.599999904632568,4.579999923706055,4.590000152587891,2616,0.0,0.0
2024-09-20 14:20:00-04:00,4.590000152587891,4.590000152587891,4.539999961853027,4.545000076293945,5159,0.0,0.0
2024-09-20 14:25:00-04:00,4.559999942779541,4.559999942779541,4.53000020980835,4.534999847412109,3290,0.0,0.0
2024-09-20 14:30:00-04:00,4.539999961853027,4.559999942779541,4.5289998054504395,4.559999942779541,1567,0.0,0.0
2024-09-20 14:35:00-04:00,4.559999942779541,4.570000171661377,4.53000020980835,4.570000171661377,1437,0.0,0.0
2024-09-20 14:40:00-04:00,4.570000171661377,4.579999923706055,4.550000190734863,4.550000190734863,2626,0.0,0.0
2024-09-20 14:45:00-04:00,4.550000190734863,4.579999923706055,4.550000190734863,4.559999942779541,1559,0.0,0.0
2024-09-20 14:50:00-04:00,4.579999923706055,4.590000152587891,4.519999980926514,4.550000190734863,3658,0.0,0.0
2024-09-20 14:55:00-04:00,4.559999942779541,4.579999923706055,4.559999942779541,4.579999923706055,1644,0.0,0.0
2024-09-20 15:00:00-04:00,4.579999923706055,4.579999923706055,4.559999942779541,4.579999923706055,1871,0.0,0.0
2024-09-20 15:05:00-04:00,4.590000152587891,4.599999904632568,4.559999942779541,4.570000171661377,3181,0.0,0.0
2024-09-20 15:10:00-04:00,4.570000171661377,4.570000171661377,4.559999942779541,4.570000171661377,1624,0.0,0.0
2024-09-20 15:15:00-04:00,4.570000171661377,4.579999923706055,4.559999942779541,4.579999923706055,1919,0.0,0.0
2024-09-20 15:20:00-04:00,4.579999923706055,4.579999923706055,4.572000026702881,4.579999923706055,1616,0.0,0.0
2024-09-20 15:25:00-04:00,4.579999923706055,4.579999923706055,4.53000020980835,4.53000020980835,4327,0.0,0.0
2024-09-20 15:30:00-04:00,4.514999866485596,4.550000190734863,4.514999866485596,4.550000190734863,1551,0.0,0.0
2024-09-20 15:35:00-04:00,4.550000190734863,4.590000152587891,4.550000190734863,4.590000152587891,1800,0.0,0.0
2024-09-20 15:40:00-04:00,4.590000152587891,4.590000152587891,4.565000057220459,4.579999923706055,1956,0.0,0.0
2024-09-20 15:45:00-04:00,4.579999923706055,4.579999923706055,4.559999942779541,4.570000171661377,3121,0.0,0.0
2024-09-20 15:50:00-04:00,4.570000171661377,4.570000171661377,4.519999980926514,4.53000020980835,6204,0.0,0.0
2024-09-20 15:55:00-04:00,4.519999980926514,4.53000020980835,4.489999771118164,4.489999771118164,22818,0.0,0.0
