Datetime,Open,High,Low,Close,Volume,Dividends,Stock Splits
2024-08-22 09:30:00-04:00,82.41000366210938,83.73999786376953,82.05000305175781,83.44999694824219,132623,0.0,0.0
2024-08-22 09:35:00-04:00,83.51000213623047,83.62999725341797,83.1500015258789,83.47000122070312,44063,0.0,0.0
2024-08-22 09:40:00-04:00,83.5,83.78500366210938,83.19999694824219,83.62000274658203,81723,0.0,0.0
2024-08-22 09:45:00-04:00,83.72000122070312,83.83000183105469,83.0199966430664,83.58000183105469,119328,0.0,0.0
2024-08-22 09:50:00-04:00,83.58999633789062,83.69000244140625,83.19999694824219,83.44499969482422,44017,0.0,0.0
2024-08-22 09:55:00-04:00,83.45999908447266,83.47000122070312,83.18000030517578,83.21499633789062,110262,0.0,0.0
2024-08-22 10:00:00-04:00,83.2300033569336,83.23999786376953,82.87999725341797,83.12000274658203,61779,0.0,0.0
2024-08-22 10:05:00-04:00,83.13999938964844,83.20999908447266,82.9800033569336,83.01000213623047,66503,0.0,0.0
2024-08-22 10:10:00-04:00,82.94999694824219,82.94999694824219,82.33000183105469,82.47000122070312,92698,0.0,0.0
2024-08-22 10:15:00-04:00,82.44270324707031,82.48999786376953,82.34110260009766,82.43000030517578,58093,0.0,0.0
2024-08-22 10:20:00-04:00,82.43000030517578,82.52999877929688,82.38999938964844,82.51750183105469,23645,0.0,0.0
2024-08-22 10:25:00-04:00,82.54000091552734,82.76000213623047,82.51000213623047,82.7300033569336,25997,0.0,0.0
2024-08-22 10:30:00-04:00,82.72000122070312,82.75,82.4000015258789,82.75,32693,0.0,0.0
2024-08-22 10:35:00-04:00,82.77999877929688,82.81999969482422,82.68000030517578,82.79000091552734,19977,0.0,0.0
2024-08-22 10:40:00-04:00,82.79000091552734,82.81999969482422,82.37999725341797,82.44999694824219,25639,0.0,0.0
2024-08-22 10:45:00-04:00,82.47000122070312,82.83000183105469,82.44000244140625,82.66999816894531,27849,0.0,0.0
2024-08-22 10:50:00-04:00,82.69000244140625,82.75990295410156,82.56999969482422,82.70999908447266,28599,0.0,0.0
2024-08-22 10:55:00-04:00,82.74500274658203,82.87999725341797,82.69999694824219,82.81999969482422,16871,0.0,0.0
2024-08-22 11:00:00-04:00,82.81999969482422,82.95999908447266,82.81999969482422,82.93000030517578,19404,0.0,0.0
2024-08-22 11:05:00-04:00,82.93000030517578,82.9800033569336,82.83000183105469,82.88500213623047,24333,0.0,0.0
2024-08-22 11:10:00-04:00,82.88500213623047,83.08000183105469,82.86000061035156,82.94499969482422,30710,0.0,0.0
2024-08-22 11:15:00-04:00,82.98999786376953,83.05000305175781,82.86000061035156,82.86000061035156,26431,0.0,0.0
2024-08-22 11:20:00-04:00,82.9000015258789,82.97000122070312,82.79000091552734,82.93000030517578,24336,0.0,0.0
2024-08-22 11:25:00-04:00,82.88999938964844,83.06999969482422,82.80000305175781,82.99500274658203,28785,0.0,0.0
2024-08-22 11:30:00-04:00,82.99500274658203,83.11499786376953,82.9749984741211,83.0801010131836,24274,0.0,0.0
2024-08-22 11:35:00-04:00,83.08000183105469,83.23999786376953,82.98999786376953,82.99500274658203,23745,0.0,0.0
2024-08-22 11:40:00-04:00,83.02999877929688,83.08999633789062,82.80999755859375,82.86000061035156,54149,0.0,0.0
2024-08-22 11:45:00-04:00,82.87000274658203,83.06999969482422,82.83999633789062,82.91999816894531,79971,0.0,0.0
2024-08-22 11:50:00-04:00,82.94999694824219,83.12000274658203,82.94000244140625,83.08999633789062,28760,0.0,0.0
2024-08-22 11:55:00-04:00,83.08999633789062,83.22000122070312,82.9800033569336,83.16000366210938,32991,0.0,0.0
2024-08-22 12:00:00-04:00,83.13999938964844,83.2654037475586,83.08000183105469,83.19499969482422,26639,0.0,0.0
2024-08-22 12:05:00-04:00,83.19499969482422,83.30999755859375,83.11000061035156,83.2699966430664,33603,0.0,0.0
2024-08-22 12:10:00-04:00,83.33000183105469,83.36000061035156,83.13009643554688,83.19000244140625,30153,0.0,0.0
2024-08-22 12:15:00-04:00,83.22000122070312,83.56999969482422,83.22000122070312,83.51000213623047,31492,0.0,0.0
2024-08-22 12:20:00-04:00,83.5250015258789,83.80000305175781,83.5250015258789,83.77999877929688,40786,0.0,0.0
2024-08-22 12:25:00-04:00,83.76000213623047,83.96499633789062,83.72000122070312,83.88999938964844,45967,0.0,0.0
2024-08-22 12:30:00-04:00,83.9000015258789,84.30000305175781,83.88999938964844,84.30000305175781,40933,0.0,0.0
2024-08-22 12:35:00-04:00,84.30000305175781,84.6500015258789,84.2699966430664,84.63999938964844,65310,0.0,0.0
2024-08-22 12:40:00-04:00,84.625,84.76000213623047,84.33999633789062,84.44999694824219,77361,0.0,0.0
2024-08-22 12:45:00-04:00,84.44999694824219,84.44999694824219,84.31999969482422,84.4000015258789,34534,0.0,0.0
2024-08-22 12:50:00-04:00,84.41500091552734,84.41500091552734,83.91000366210938,83.91000366210938,76192,0.0,0.0
2024-08-22 12:55:00-04:00,83.9000015258789,83.94000244140625,83.58999633789062,83.83000183105469,48059,0.0,0.0
2024-08-22 13:00:00-04:00,83.80999755859375,84.06500244140625,83.69000244140625,84.01000213623047,58162,0.0,0.0
2024-08-22 13:05:00-04:00,84.04000091552734,84.25,83.94000244140625,84.25,37254,0.0,0.0
2024-08-22 13:10:00-04:00,84.25,84.58000183105469,84.25,84.38999938964844,38405,0.0,0.0
2024-08-22 13:15:00-04:00,84.37000274658203,84.55999755859375,84.33000183105469,84.47000122070312,32572,0.0,0.0
2024-08-22 13:20:00-04:00,84.4749984741211,84.5,84.29000091552734,84.4800033569336,23137,0.0,0.0
2024-08-22 13:25:00-04:00,84.48999786376953,84.55000305175781,84.37000274658203,84.37000274658203,51154,0.0,0.0
2024-08-22 13:30:00-04:00,84.36000061035156,84.41000366210938,84.12999725341797,84.19000244140625,38864,0.0,0.0
2024-08-22 13:35:00-04:00,84.18000030517578,84.32499694824219,84.16999816894531,84.19999694824219,30890,0.0,0.0
2024-08-22 13:40:00-04:00,84.1500015258789,84.16999816894531,84.0,84.01000213623047,48764,0.0,0.0
2024-08-22 13:45:00-04:00,84.0250015258789,84.12000274658203,83.95999908447266,84.08000183105469,23616,0.0,0.0
2024-08-22 13:50:00-04:00,84.08000183105469,84.12999725341797,83.83999633789062,83.83999633789062,65987,0.0,0.0
2024-08-22 13:55:00-04:00,83.86000061035156,84.06999969482422,83.86000061035156,84.0,30396,0.0,0.0
2024-08-22 14:00:00-04:00,84.00499725341797,84.00499725341797,83.65499877929688,83.69000244140625,30596,0.0,0.0
2024-08-22 14:05:00-04:00,83.66999816894531,83.8499984741211,83.63999938964844,83.82499694824219,37460,0.0,0.0
2024-08-22 14:10:00-04:00,83.80000305175781,84.02999877929688,83.69000244140625,84.02999877929688,49331,0.0,0.0
2024-08-22 14:15:00-04:00,84.05000305175781,84.1500015258789,83.87000274658203,84.1500015258789,62130,0.0,0.0
2024-08-22 14:20:00-04:00,84.1500015258789,84.20999908447266,84.01000213623047,84.1050033569336,55349,0.0,0.0
2024-08-22 14:25:00-04:00,84.08999633789062,84.1500015258789,83.94000244140625,84.09500122070312,41394,0.0,0.0
2024-08-22 14:30:00-04:00,84.08000183105469,84.12999725341797,84.01000213623047,84.05000305175781,25784,0.0,0.0
2024-08-22 14:35:00-04:00,84.05500030517578,84.15989685058594,84.0,84.0,41773,0.0,0.0
2024-08-22 14:40:00-04:00,84.0,84.16999816894531,83.91999816894531,83.95999908447266,46096,0.0,0.0
2024-08-22 14:45:00-04:00,83.97000122070312,84.08499908447266,83.93000030517578,83.95999908447266,44672,0.0,0.0
2024-08-22 14:50:00-04:00,83.95999908447266,84.0,83.83999633789062,83.86000061035156,37253,0.0,0.0
2024-08-22 14:55:00-04:00,83.9000015258789,84.05500030517578,83.86000061035156,83.92500305175781,31732,0.0,0.0
2024-08-22 15:00:00-04:00,83.92500305175781,84.08000183105469,83.92500305175781,84.07499694824219,51055,0.0,0.0
2024-08-22 15:05:00-04:00,84.08000183105469,84.16999816894531,84.05000305175781,84.12999725341797,27812,0.0,0.0
2024-08-22 15:10:00-04:00,84.12000274658203,84.19000244140625,84.11000061035156,84.18000030517578,34204,0.0,0.0
2024-08-22 15:15:00-04:00,84.16000366210938,84.2249984741211,83.87000274658203,83.87999725341797,43647,0.0,0.0
2024-08-22 15:20:00-04:00,83.9000015258789,83.91999816894531,83.73999786376953,83.75499725341797,47190,0.0,0.0
2024-08-22 15:25:00-04:00,83.75499725341797,83.75499725341797,83.5,83.66999816894531,64197,0.0,0.0
2024-08-22 15:30:00-04:00,83.69000244140625,83.79989624023438,83.43000030517578,83.46499633789062,74333,0.0,0.0
2024-08-22 15:35:00-04:00,83.44999694824219,83.6500015258789,83.44000244140625,83.56999969482422,60792,0.0,0.0
2024-08-22 15:40:00-04:00,83.55999755859375,83.58000183105469,83.41000366210938,83.5,90647,0.0,0.0
2024-08-22 15:45:00-04:00,83.49500274658203,83.69000244140625,83.48999786376953,83.63999938964844,97308,0.0,0.0
2024-08-22 15:50:00-04:00,83.6500015258789,83.70989990234375,83.41000366210938,83.59519958496094,179899,0.0,0.0
2024-08-22 15:55:00-04:00,83.58999633789062,83.5999984741211,83.23999786376953,83.30000305175781,497172,0.0,0.0
2024-08-23 09:30:00-04:00,83.94000244140625,84.03500366210938,83.5,83.72000122070312,78600,0.0,0.0
2024-08-23 09:35:00-04:00,83.75,84.1500015258789,83.74500274658203,84.0999984741211,37943,0.0,0.0
2024-08-23 09:40:00-04:00,84.05999755859375,84.11000061035156,83.5,83.6500015258789,66957,0.0,0.0
2024-08-23 09:45:00-04:00,83.69999694824219,83.7300033569336,83.4000015258789,83.66000366210938,58032,0.0,0.0
2024-08-23 09:50:00-04:00,83.6500015258789,83.69999694824219,83.38500213623047,83.56500244140625,42408,0.0,0.0
2024-08-23 09:55:00-04:00,83.55999755859375,83.86000061035156,83.5,83.8499984741211,38764,0.0,0.0
2024-08-23 10:00:00-04:00,83.86000061035156,85.0999984741211,83.86000061035156,84.8499984741211,80324,0.0,0.0
2024-08-23 10:05:00-04:00,84.83000183105469,84.93000030517578,84.4800033569336,84.83000183105469,46649,0.0,0.0
2024-08-23 10:10:00-04:00,84.84100341796875,85.10579681396484,84.69999694824219,84.94999694824219,84105,0.0,0.0
2024-08-23 10:15:00-04:00,84.96199798583984,85.36000061035156,84.91999816894531,85.06500244140625,120127,0.0,0.0
2024-08-23 10:20:00-04:00,85.06999969482422,85.07499694824219,84.54000091552734,84.75090026855469,57831,0.0,0.0
2024-08-23 10:25:00-04:00,84.7300033569336,85.05989837646484,84.47000122070312,84.95999908447266,43548,0.0,0.0
2024-08-23 10:30:00-04:00,84.94999694824219,85.06999969482422,84.7300033569336,84.7300033569336,51349,0.0,0.0
2024-08-23 10:35:00-04:00,84.69999694824219,84.69999694824219,84.26000213623047,84.3499984741211,38138,0.0,0.0
2024-08-23 10:40:00-04:00,84.3550033569336,84.55999755859375,84.23999786376953,84.5,47448,0.0,0.0
2024-08-23 10:45:00-04:00,84.51000213623047,84.51000213623047,83.52999877929688,83.6050033569336,64916,0.0,0.0
2024-08-23 10:50:00-04:00,83.58000183105469,84.01499938964844,83.54000091552734,83.9800033569336,76029,0.0,0.0
2024-08-23 10:55:00-04:00,84.0,84.5999984741211,84.0,84.56999969482422,42017,0.0,0.0
2024-08-23 11:00:00-04:00,84.5199966430664,84.67500305175781,84.41999816894531,84.55999755859375,31331,0.0,0.0
2024-08-23 11:05:00-04:00,84.56999969482422,84.7750015258789,84.51000213623047,84.7300033569336,36047,0.0,0.0
2024-08-23 11:10:00-04:00,84.7300033569336,84.77999877929688,84.25,84.54000091552734,25820,0.0,0.0
2024-08-23 11:15:00-04:00,84.53500366210938,84.7699966430664,84.4800033569336,84.71499633789062,29938,0.0,0.0
2024-08-23 11:20:00-04:00,84.70500183105469,84.79000091552734,84.61000061035156,84.79000091552734,34713,0.0,0.0
2024-08-23 11:25:00-04:00,84.7750015258789,84.86000061035156,84.58999633789062,84.79000091552734,31061,0.0,0.0
2024-08-23 11:30:00-04:00,84.80000305175781,84.86000061035156,84.72000122070312,84.72000122070312,18889,0.0,0.0
2024-08-23 11:35:00-04:00,84.74500274658203,84.84500122070312,84.70999908447266,84.83999633789062,32226,0.0,0.0
2024-08-23 11:40:00-04:00,84.87000274658203,84.94000244140625,84.55000305175781,84.58499908447266,28394,0.0,0.0
2024-08-23 11:45:00-04:00,84.58000183105469,84.62000274658203,84.41999816894531,84.5,35641,0.0,0.0
2024-08-23 11:50:00-04:00,84.45999908447266,84.45999908447266,84.29309844970703,84.36499786376953,26051,0.0,0.0
2024-08-23 11:55:00-04:00,84.36499786376953,84.52999877929688,84.33000183105469,84.33999633789062,28249,0.0,0.0
2024-08-23 12:00:00-04:00,84.33999633789062,84.33999633789062,84.03150177001953,84.17500305175781,33281,0.0,0.0
2024-08-23 12:05:00-04:00,84.16999816894531,84.5,84.1500015258789,84.49500274658203,32668,0.0,0.0
2024-08-23 12:10:00-04:00,84.48999786376953,84.75,84.48999786376953,84.55000305175781,35362,0.0,0.0
2024-08-23 12:15:00-04:00,84.55000305175781,84.83999633789062,84.4800033569336,84.79000091552734,31648,0.0,0.0
2024-08-23 12:20:00-04:00,84.83000183105469,84.87999725341797,84.58000183105469,84.5999984741211,30200,0.0,0.0
2024-08-23 12:25:00-04:00,84.5999984741211,84.63999938964844,84.37000274658203,84.5199966430664,36266,0.0,0.0
2024-08-23 12:30:00-04:00,84.5271987915039,84.91999816894531,84.47000122070312,84.87999725341797,18917,0.0,0.0
2024-08-23 12:35:00-04:00,84.91950225830078,85.06990051269531,84.91000366210938,84.99500274658203,40921,0.0,0.0
2024-08-23 12:40:00-04:00,84.99500274658203,85.07499694824219,84.80000305175781,84.87000274658203,23332,0.0,0.0
2024-08-23 12:45:00-04:00,84.87000274658203,84.87000274658203,84.54000091552734,84.5999984741211,22919,0.0,0.0
2024-08-23 12:50:00-04:00,84.63999938964844,85.30000305175781,84.62999725341797,85.19499969482422,281473,0.0,0.0
2024-08-23 12:55:00-04:00,85.17639923095703,85.37999725341797,85.16010284423828,85.23999786376953,148301,0.0,0.0
2024-08-23 13:00:00-04:00,85.23999786376953,85.72940063476562,85.23999786376953,85.66500091552734,97224,0.0,0.0
2024-08-23 13:05:00-04:00,85.66500091552734,85.7300033569336,85.58000183105469,85.6050033569336,43076,0.0,0.0
2024-08-23 13:10:00-04:00,85.6050033569336,85.62000274658203,85.41000366210938,85.55500030517578,97770,0.0,0.0
2024-08-23 13:15:00-04:00,85.56999969482422,85.79000091552734,85.55000305175781,85.66000366210938,38388,0.0,0.0
2024-08-23 13:20:00-04:00,85.69000244140625,85.83940124511719,85.6500015258789,85.80500030517578,43642,0.0,0.0
2024-08-23 13:25:00-04:00,85.7699966430664,85.90650177001953,85.69999694824219,85.80999755859375,38178,0.0,0.0
2024-08-23 13:30:00-04:00,85.77770233154297,85.91000366210938,85.7300033569336,85.8499984741211,41243,0.0,0.0
2024-08-23 13:35:00-04:00,85.8499984741211,86.03250122070312,85.80000305175781,86.0,40777,0.0,0.0
2024-08-23 13:40:00-04:00,86.01000213623047,86.19499969482422,85.95999908447266,86.16000366210938,28495,0.0,0.0
2024-08-23 13:45:00-04:00,86.16000366210938,86.16000366210938,85.97000122070312,85.98999786376953,32429,0.0,0.0
2024-08-23 13:50:00-04:00,86.0,86.02249908447266,85.88999938964844,85.94999694824219,22663,0.0,0.0
2024-08-23 13:55:00-04:00,85.95999908447266,86.0,85.91999816894531,85.93000030517578,27193,0.0,0.0
2024-08-23 14:00:00-04:00,85.95500183105469,86.0198974609375,85.88999938964844,85.91000366210938,29839,0.0,0.0
2024-08-23 14:05:00-04:00,85.88999938964844,85.91000366210938,85.75,85.77999877929688,18361,0.0,0.0
2024-08-23 14:10:00-04:00,85.80000305175781,85.80000305175781,85.66999816894531,85.72000122070312,24821,0.0,0.0
2024-08-23 14:15:00-04:00,85.70999908447266,85.78500366210938,85.58999633789062,85.66000366210938,32558,0.0,0.0
2024-08-23 14:20:00-04:00,85.69000244140625,85.86000061035156,85.62000274658203,85.86000061035156,24296,0.0,0.0
2024-08-23 14:25:00-04:00,85.87000274658203,85.93000030517578,85.79000091552734,85.9000015258789,27347,0.0,0.0
2024-08-23 14:30:00-04:00,85.90499877929688,85.94999694824219,85.81999969482422,85.81999969482422,29320,0.0,0.0
2024-08-23 14:35:00-04:00,85.81500244140625,85.83999633789062,85.73999786376953,85.81999969482422,22086,0.0,0.0
2024-08-23 14:40:00-04:00,85.80999755859375,85.91000366210938,85.73500061035156,85.73500061035156,37885,0.0,0.0
2024-08-23 14:45:00-04:00,85.73500061035156,85.73500061035156,85.55000305175781,85.55999755859375,53915,0.0,0.0
2024-08-23 14:50:00-04:00,85.54000091552734,85.66999816894531,85.44999694824219,85.55999755859375,41287,0.0,0.0
2024-08-23 14:55:00-04:00,85.54000091552734,85.54000091552734,85.2750015258789,85.33999633789062,48963,0.0,0.0
2024-08-23 15:00:00-04:00,85.33499908447266,85.3499984741211,85.22000122070312,85.30000305175781,40843,0.0,0.0
2024-08-23 15:05:00-04:00,85.2699966430664,85.55000305175781,85.25,85.4800033569336,42120,0.0,0.0
2024-08-23 15:10:00-04:00,85.45999908447266,85.6449966430664,85.43000030517578,85.58000183105469,33529,0.0,0.0
2024-08-23 15:15:00-04:00,85.6050033569336,85.61000061035156,85.4800033569336,85.51000213623047,28549,0.0,0.0
2024-08-23 15:20:00-04:00,85.5199966430664,85.66000366210938,85.51000213623047,85.63919830322266,32352,0.0,0.0
2024-08-23 15:25:00-04:00,85.62570190429688,85.72000122070312,85.55999755859375,85.69999694824219,42600,0.0,0.0
2024-08-23 15:30:00-04:00,85.69999694824219,85.9000015258789,85.66999816894531,85.87000274658203,38994,0.0,0.0
2024-08-23 15:35:00-04:00,85.875,86.08999633789062,85.83999633789062,86.05000305175781,48963,0.0,0.0
2024-08-23 15:40:00-04:00,86.05999755859375,86.12999725341797,85.72000122070312,85.73500061035156,62359,0.0,0.0
2024-08-23 15:45:00-04:00,85.72000122070312,85.9800033569336,85.63999938964844,85.9800033569336,77415,0.0,0.0
2024-08-23 15:50:00-04:00,86.0,86.1500015258789,85.81999969482422,86.12000274658203,150868,0.0,0.0
2024-08-23 15:55:00-04:00,86.12000274658203,86.13500213623047,85.7249984741211,85.77999877929688,313139,0.0,0.0
2024-08-26 09:30:00-04:00,86.30999755859375,87.88999938964844,86.0,87.44000244140625,247443,0.0,0.0
2024-08-26 09:35:00-04:00,87.4800033569336,87.4800033569336,86.8499984741211,87.2300033569336,133079,0.0,0.0
2024-08-26 09:40:00-04:00,87.26000213623047,87.30999755859375,86.62000274658203,86.72000122070312,91246,0.0,0.0
2024-08-26 09:45:00-04:00,86.73999786376953,86.93000030517578,86.30999755859375,86.66999816894531,77728,0.0,0.0
2024-08-26 09:50:00-04:00,86.66999816894531,87.0,86.4800033569336,86.875,63294,0.0,0.0
2024-08-26 09:55:00-04:00,86.83499908447266,87.30999755859375,86.82420349121094,87.05999755859375,73833,0.0,0.0
2024-08-26 10:00:00-04:00,87.125,87.125,86.61000061035156,86.67500305175781,60984,0.0,0.0
2024-08-26 10:05:00-04:00,86.6500015258789,86.80000305175781,86.2300033569336,86.25,53018,0.0,0.0
2024-08-26 10:10:00-04:00,86.2300033569336,86.33999633789062,85.83999633789062,85.94999694824219,70298,0.0,0.0
2024-08-26 10:15:00-04:00,85.88999938964844,85.91999816894531,85.12010192871094,85.19999694824219,68787,0.0,0.0
2024-08-26 10:20:00-04:00,85.19999694824219,85.48999786376953,85.13999938964844,85.45500183105469,77079,0.0,0.0
2024-08-26 10:25:00-04:00,85.48999786376953,85.80000305175781,85.37999725341797,85.4800033569336,36537,0.0,0.0
2024-08-26 10:30:00-04:00,85.44999694824219,85.4800033569336,84.91000366210938,84.98999786376953,40864,0.0,0.0
2024-08-26 10:35:00-04:00,85.0,85.05999755859375,84.5,84.62000274658203,55767,0.0,0.0
2024-08-26 10:40:00-04:00,84.5999984741211,85.05000305175781,84.5,85.04499816894531,54554,0.0,0.0
2024-08-26 10:45:00-04:00,85.04499816894531,85.5199966430664,85.04000091552734,85.36000061035156,44573,0.0,0.0
2024-08-26 10:50:00-04:00,85.375,85.45999908447266,85.22000122070312,85.37999725341797,39733,0.0,0.0
2024-08-26 10:55:00-04:00,85.38999938964844,85.45999908447266,84.95999908447266,85.0199966430664,62232,0.0,0.0
2024-08-26 11:00:00-04:00,85.0,85.0,84.75,84.79000091552734,57989,0.0,0.0
2024-08-26 11:05:00-04:00,84.80500030517578,84.91999816894531,84.7249984741211,84.7699966430664,19828,0.0,0.0
2024-08-26 11:10:00-04:00,84.83869934082031,84.91000366210938,84.73500061035156,84.77999877929688,32203,0.0,0.0
2024-08-26 11:15:00-04:00,84.76000213623047,85.01000213623047,84.716796875,84.95999908447266,67786,0.0,0.0
2024-08-26 11:20:00-04:00,84.9800033569336,85.16500091552734,84.87999725341797,85.05999755859375,49369,0.0,0.0
2024-08-26 11:25:00-04:00,85.05999755859375,85.08499908447266,84.69999694824219,84.69999694824219,29306,0.0,0.0
2024-08-26 11:30:00-04:00,84.69000244140625,84.76000213623047,84.56999969482422,84.58999633789062,32900,0.0,0.0
2024-08-26 11:35:00-04:00,84.56999969482422,84.69999694824219,84.38999938964844,84.38999938964844,34530,0.0,0.0
2024-08-26 11:40:00-04:00,84.44000244140625,84.63999938964844,84.37999725341797,84.37999725341797,33978,0.0,0.0
2024-08-26 11:45:00-04:00,84.38999938964844,84.43000030517578,84.16999816894531,84.42500305175781,32333,0.0,0.0
2024-08-26 11:50:00-04:00,84.43000030517578,84.48999786376953,84.31999969482422,84.41999816894531,35655,0.0,0.0
2024-08-26 11:55:00-04:00,84.41000366210938,84.83999633789062,84.3949966430664,84.80999755859375,35611,0.0,0.0
2024-08-26 12:00:00-04:00,84.80000305175781,84.80999755859375,84.6500015258789,84.72000122070312,25244,0.0,0.0
2024-08-26 12:05:00-04:00,84.72000122070312,84.76000213623047,84.47000122070312,84.71499633789062,34103,0.0,0.0
2024-08-26 12:10:00-04:00,84.70999908447266,84.86000061035156,84.66999816894531,84.81999969482422,33786,0.0,0.0
2024-08-26 12:15:00-04:00,84.84500122070312,85.0,84.84500122070312,84.94000244140625,18734,0.0,0.0
2024-08-26 12:20:00-04:00,84.98500061035156,85.26000213623047,84.98500061035156,85.20999908447266,23720,0.0,0.0
2024-08-26 12:25:00-04:00,85.22000122070312,85.33999633789062,85.20999908447266,85.22000122070312,20663,0.0,0.0
2024-08-26 12:30:00-04:00,85.2699966430664,85.31999969482422,85.13999938964844,85.19999694824219,10684,0.0,0.0
2024-08-26 12:35:00-04:00,85.19999694824219,85.37999725341797,85.12999725341797,85.3550033569336,18834,0.0,0.0
2024-08-26 12:40:00-04:00,85.33000183105469,85.37999725341797,85.2249984741211,85.36000061035156,24172,0.0,0.0
2024-08-26 12:45:00-04:00,85.36000061035156,85.41999816894531,85.30999755859375,85.33999633789062,24066,0.0,0.0
2024-08-26 12:50:00-04:00,85.36499786376953,85.36499786376953,84.94000244140625,85.0,20932,0.0,0.0
2024-08-26 12:55:00-04:00,85.0199966430664,85.0250015258789,84.87000274658203,84.9000015258789,14043,0.0,0.0
2024-08-26 13:00:00-04:00,84.9000015258789,84.95999908447266,84.83000183105469,84.91000366210938,12120,0.0,0.0
2024-08-26 13:05:00-04:00,84.93499755859375,84.94000244140625,84.70999908447266,84.7750015258789,21603,0.0,0.0
2024-08-26 13:10:00-04:00,84.76000213623047,84.83999633789062,84.69000244140625,84.69000244140625,16337,0.0,0.0
2024-08-26 13:15:00-04:00,84.68000030517578,84.70999908447266,84.45999908447266,84.48770141601562,21187,0.0,0.0
2024-08-26 13:20:00-04:00,84.51000213623047,84.70999908447266,84.47000122070312,84.62999725341797,23440,0.0,0.0
2024-08-26 13:25:00-04:00,84.65499877929688,84.72000122070312,84.55000305175781,84.59249877929688,27783,0.0,0.0
2024-08-26 13:30:00-04:00,84.55999755859375,84.58499908447266,84.42500305175781,84.42500305175781,23435,0.0,0.0
2024-08-26 13:35:00-04:00,84.44999694824219,84.52999877929688,84.3499984741211,84.3499984741211,25951,0.0,0.0
2024-08-26 13:40:00-04:00,84.37999725341797,84.51000213623047,84.33000183105469,84.4749984741211,18794,0.0,0.0
2024-08-26 13:45:00-04:00,84.4749984741211,84.5,84.2699966430664,84.37000274658203,27648,0.0,0.0
2024-08-26 13:50:00-04:00,84.37999725341797,84.4000015258789,84.26000213623047,84.37999725341797,36101,0.0,0.0
2024-08-26 13:55:00-04:00,84.37999725341797,84.38999938964844,84.2699966430664,84.30500030517578,24136,0.0,0.0
2024-08-26 14:00:00-04:00,84.29000091552734,84.41999816894531,84.26000213623047,84.30999755859375,46296,0.0,0.0
2024-08-26 14:05:00-04:00,84.30999755859375,84.41999816894531,84.29000091552734,84.30999755859375,18820,0.0,0.0
2024-08-26 14:10:00-04:00,84.30879974365234,84.41000366210938,84.27999877929688,84.41000366210938,18049,0.0,0.0
2024-08-26 14:15:00-04:00,84.41999816894531,84.45500183105469,84.33999633789062,84.4000015258789,21747,0.0,0.0
2024-08-26 14:20:00-04:00,84.4000015258789,84.4800033569336,84.3499984741211,84.43000030517578,29445,0.0,0.0
2024-08-26 14:25:00-04:00,84.43000030517578,84.47000122070312,84.36000061035156,84.47000122070312,19672,0.0,0.0
2024-08-26 14:30:00-04:00,84.5,84.5,84.37000274658203,84.44000244140625,25961,0.0,0.0
2024-08-26 14:35:00-04:00,84.45999908447266,84.55000305175781,84.45500183105469,84.54000091552734,22672,0.0,0.0
2024-08-26 14:40:00-04:00,84.54000091552734,84.7155990600586,84.52999877929688,84.66500091552734,33907,0.0,0.0
2024-08-26 14:45:00-04:00,84.68000030517578,84.68000030517578,84.5199966430664,84.5199966430664,25889,0.0,0.0
2024-08-26 14:50:00-04:00,84.52999877929688,84.61990356445312,84.47000122070312,84.55500030517578,23129,0.0,0.0
2024-08-26 14:55:00-04:00,84.55709838867188,84.67849731445312,84.55500030517578,84.58999633789062,20624,0.0,0.0
2024-08-26 15:00:00-04:00,84.61489868164062,84.63999938964844,84.5250015258789,84.57499694824219,21192,0.0,0.0
2024-08-26 15:05:00-04:00,84.57499694824219,84.61000061035156,84.52999877929688,84.56500244140625,15907,0.0,0.0
2024-08-26 15:10:00-04:00,84.58000183105469,84.78500366210938,84.57499694824219,84.77999877929688,22464,0.0,0.0
2024-08-26 15:15:00-04:00,84.76000213623047,84.77999877929688,84.68000030517578,84.74500274658203,22677,0.0,0.0
2024-08-26 15:20:00-04:00,84.76000213623047,85.08000183105469,84.76000213623047,85.0199966430664,41388,0.0,0.0
2024-08-26 15:25:00-04:00,85.05750274658203,85.06999969482422,84.99500274658203,85.0199966430664,20316,0.0,0.0
2024-08-26 15:30:00-04:00,85.0,85.17130279541016,84.97000122070312,85.125,74475,0.0,0.0
2024-08-26 15:35:00-04:00,85.0999984741211,85.27999877929688,85.02999877929688,85.26000213623047,57898,0.0,0.0
2024-08-26 15:40:00-04:00,85.26000213623047,85.31900024414062,85.2300033569336,85.26000213623047,71620,0.0,0.0
2024-08-26 15:45:00-04:00,85.26000213623047,85.30000305175781,85.16999816894531,85.19000244140625,134922,0.0,0.0
2024-08-26 15:50:00-04:00,85.20999908447266,85.27999877929688,85.08000183105469,85.25,161093,0.0,0.0
2024-08-26 15:55:00-04:00,85.2300033569336,85.2300033569336,84.63999938964844,84.91000366210938,275221,0.0,0.0
2024-08-27 09:30:00-04:00,84.12999725341797,84.62000274658203,83.41000366210938,83.79000091552734,160159,0.0,0.0
2024-08-27 09:35:00-04:00,83.80999755859375,84.80000305175781,83.70999908447266,84.69999694824219,57198,0.0,0.0
2024-08-27 09:40:00-04:00,84.68000030517578,85.13999938964844,84.60330200195312,84.60330200195312,27548,0.0,0.0
2024-08-27 09:45:00-04:00,84.69000244140625,84.94000244140625,84.33999633789062,84.69499969482422,80595,0.0,0.0
2024-08-27 09:50:00-04:00,84.69499969482422,84.8949966430664,84.53500366210938,84.69499969482422,23048,0.0,0.0
2024-08-27 09:55:00-04:00,84.69999694824219,84.7300033569336,84.3280029296875,84.37000274658203,21209,0.0,0.0
2024-08-27 10:00:00-04:00,84.52999877929688,84.6500015258789,84.2699966430664,84.62010192871094,26569,0.0,0.0
2024-08-27 10:05:00-04:00,84.5999984741211,84.71499633789062,84.4800033569336,84.69000244140625,25810,0.0,0.0
2024-08-27 10:10:00-04:00,84.66000366210938,84.9000015258789,84.55999755859375,84.65499877929688,31759,0.0,0.0
2024-08-27 10:15:00-04:00,84.68000030517578,84.91000366210938,84.61000061035156,84.90989685058594,38717,0.0,0.0
2024-08-27 10:20:00-04:00,84.87999725341797,84.9800033569336,84.70999908447266,84.81999969482422,67359,0.0,0.0
2024-08-27 10:25:00-04:00,84.79499816894531,84.82499694824219,84.55000305175781,84.70999908447266,23147,0.0,0.0
2024-08-27 10:30:00-04:00,84.68499755859375,85.63819885253906,84.68000030517578,85.36499786376953,78610,0.0,0.0
2024-08-27 10:35:00-04:00,85.37000274658203,85.68000030517578,85.2699966430664,85.66000366210938,50842,0.0,0.0
2024-08-27 10:40:00-04:00,85.62000274658203,85.7300033569336,85.44999694824219,85.69499969482422,20327,0.0,0.0
2024-08-27 10:45:00-04:00,85.7300033569336,85.83000183105469,85.56999969482422,85.7300033569336,32292,0.0,0.0
2024-08-27 10:50:00-04:00,85.75,85.80500030517578,85.66000366210938,85.69999694824219,25737,0.0,0.0
2024-08-27 10:55:00-04:00,85.69499969482422,85.80999755859375,85.5,85.73999786376953,21308,0.0,0.0
2024-08-27 11:00:00-04:00,85.77999877929688,85.94000244140625,85.7300033569336,85.91000366210938,25283,0.0,0.0
2024-08-27 11:05:00-04:00,85.91000366210938,85.91000366210938,85.75,85.80999755859375,29450,0.0,0.0
2024-08-27 11:10:00-04:00,85.80999755859375,85.88999938964844,85.51000213623047,85.57499694824219,27457,0.0,0.0
2024-08-27 11:15:00-04:00,85.58000183105469,85.58000183105469,85.26000213623047,85.26000213623047,22551,0.0,0.0
2024-08-27 11:20:00-04:00,85.2699966430664,85.3499984741211,84.79000091552734,84.80000305175781,84204,0.0,0.0
2024-08-27 11:25:00-04:00,84.79000091552734,84.81999969482422,84.62000274658203,84.62999725341797,33299,0.0,0.0
2024-08-27 11:30:00-04:00,84.5999984741211,84.66999816894531,84.41999816894531,84.5199966430664,50586,0.0,0.0
2024-08-27 11:35:00-04:00,84.54000091552734,84.54000091552734,84.20999908447266,84.20999908447266,36834,0.0,0.0
2024-08-27 11:40:00-04:00,84.19999694824219,84.2699966430664,84.04000091552734,84.22000122070312,34524,0.0,0.0
2024-08-27 11:45:00-04:00,84.25499725341797,84.33000183105469,84.19000244140625,84.19499969482422,20522,0.0,0.0
2024-08-27 11:50:00-04:00,84.2300033569336,84.23999786376953,84.07499694824219,84.22000122070312,17608,0.0,0.0
2024-08-27 11:55:00-04:00,84.20999908447266,84.37000274658203,84.18000030517578,84.29499816894531,12087,0.0,0.0
2024-08-27 12:00:00-04:00,84.30000305175781,84.48999786376953,84.2300033569336,84.44999694824219,15517,0.0,0.0
2024-08-27 12:05:00-04:00,84.44499969482422,84.45999908447266,84.29499816894531,84.34500122070312,12097,0.0,0.0
2024-08-27 12:10:00-04:00,84.34500122070312,84.51000213623047,84.31999969482422,84.45999908447266,9514,0.0,0.0
2024-08-27 12:15:00-04:00,84.4800033569336,84.56999969482422,84.44000244140625,84.44000244140625,10476,0.0,0.0
2024-08-27 12:20:00-04:00,84.45999908447266,84.5,84.30000305175781,84.5,11110,0.0,0.0
2024-08-27 12:25:00-04:00,84.44499969482422,84.58370208740234,84.41999816894531,84.54499816894531,12206,0.0,0.0
2024-08-27 12:30:00-04:00,84.54499816894531,84.54810333251953,84.44999694824219,84.4749984741211,8616,0.0,0.0
2024-08-27 12:35:00-04:00,84.43000030517578,84.58999633789062,84.4229965209961,84.51000213623047,11955,0.0,0.0
2024-08-27 12:40:00-04:00,84.4800033569336,84.51000213623047,84.26000213623047,84.30999755859375,16041,0.0,0.0
2024-08-27 12:45:00-04:00,84.26000213623047,84.36000061035156,84.26000213623047,84.36000061035156,9532,0.0,0.0
2024-08-27 12:50:00-04:00,84.36000061035156,84.44999694824219,84.33999633789062,84.37999725341797,9450,0.0,0.0
2024-08-27 12:55:00-04:00,84.38999938964844,84.65989685058594,84.34500122070312,84.62000274658203,30362,0.0,0.0
2024-08-27 13:00:00-04:00,84.62000274658203,84.69000244140625,84.54000091552734,84.625,32342,0.0,0.0
2024-08-27 13:05:00-04:00,84.62560272216797,84.72000122070312,84.52339935302734,84.52339935302734,15632,0.0,0.0
2024-08-27 13:10:00-04:00,84.5250015258789,84.58000183105469,84.25,84.33000183105469,20476,0.0,0.0
2024-08-27 13:15:00-04:00,84.33000183105469,84.5199966430664,84.2699966430664,84.47000122070312,23188,0.0,0.0
2024-08-27 13:20:00-04:00,84.4800033569336,84.52999877929688,84.3499984741211,84.38999938964844,19104,0.0,0.0
2024-08-27 13:25:00-04:00,84.40499877929688,84.4749984741211,84.36000061035156,84.43000030517578,20850,0.0,0.0
2024-08-27 13:30:00-04:00,84.41999816894531,84.47000122070312,84.19999694824219,84.44999694824219,60944,0.0,0.0
2024-08-27 13:35:00-04:00,84.45989990234375,84.45999908447266,84.2300033569336,84.23999786376953,9759,0.0,0.0
2024-08-27 13:40:00-04:00,84.23999786376953,84.28959655761719,84.12750244140625,84.20999908447266,16933,0.0,0.0
2024-08-27 13:45:00-04:00,84.19999694824219,84.2958984375,84.12999725341797,84.26000213623047,12012,0.0,0.0
2024-08-27 13:50:00-04:00,84.25499725341797,84.375,84.25,84.30000305175781,16015,0.0,0.0
2024-08-27 13:55:00-04:00,84.30999755859375,84.33999633789062,84.2300033569336,84.30999755859375,11595,0.0,0.0
2024-08-27 14:00:00-04:00,84.30999755859375,84.31999969482422,84.16999816894531,84.18000030517578,11117,0.0,0.0
2024-08-27 14:05:00-04:00,84.2300033569336,84.2300033569336,84.08999633789062,84.08999633789062,15161,0.0,0.0
2024-08-27 14:10:00-04:00,84.12000274658203,84.36000061035156,84.08999633789062,84.36000061035156,20076,0.0,0.0
2024-08-27 14:15:00-04:00,84.37000274658203,84.41000366210938,84.33999633789062,84.4000015258789,16197,0.0,0.0
2024-08-27 14:20:00-04:00,84.4000015258789,84.4000015258789,84.29000091552734,84.30999755859375,13398,0.0,0.0
2024-08-27 14:25:00-04:00,84.29000091552734,84.42250061035156,84.29000091552734,84.3949966430664,13822,0.0,0.0
2024-08-27 14:30:00-04:00,84.4000015258789,84.48999786376953,84.33999633789062,84.44999694824219,19505,0.0,0.0
2024-08-27 14:35:00-04:00,84.44999694824219,84.51000213623047,84.36000061035156,84.44999694824219,14186,0.0,0.0
2024-08-27 14:40:00-04:00,84.44000244140625,84.51000213623047,84.41999816894531,84.45500183105469,20036,0.0,0.0
2024-08-27 14:45:00-04:00,84.47000122070312,84.47000122070312,84.3499984741211,84.41000366210938,23789,0.0,0.0
2024-08-27 14:50:00-04:00,84.4000015258789,84.44999694824219,84.31999969482422,84.41500091552734,21879,0.0,0.0
2024-08-27 14:55:00-04:00,84.41500091552734,84.41500091552734,84.30000305175781,84.31999969482422,20189,0.0,0.0
2024-08-27 15:00:00-04:00,84.30999755859375,84.4000015258789,84.23999786376953,84.25,18063,0.0,0.0
2024-08-27 15:05:00-04:00,84.25,84.30999755859375,84.20999908447266,84.30999755859375,22305,0.0,0.0
2024-08-27 15:10:00-04:00,84.31999969482422,84.38999938964844,84.25,84.29499816894531,29133,0.0,0.0
2024-08-27 15:15:00-04:00,84.31999969482422,84.31999969482422,84.20999908447266,84.2699966430664,16230,0.0,0.0
2024-08-27 15:20:00-04:00,84.27999877929688,84.31999969482422,84.26000213623047,84.29000091552734,18722,0.0,0.0
2024-08-27 15:25:00-04:00,84.29989624023438,84.48999786376953,84.29000091552734,84.4749984741211,34606,0.0,0.0
2024-08-27 15:30:00-04:00,84.45999908447266,84.5199966430664,84.44000244140625,84.46499633789062,23388,0.0,0.0
2024-08-27 15:35:00-04:00,84.44999694824219,84.45999908447266,84.31999969482422,84.37000274658203,31248,0.0,0.0
2024-08-27 15:40:00-04:00,84.3499984741211,84.54000091552734,84.30999755859375,84.52999877929688,32666,0.0,0.0
2024-08-27 15:45:00-04:00,84.52999877929688,84.69000244140625,84.52999877929688,84.66000366210938,43031,0.0,0.0
2024-08-27 15:50:00-04:00,84.6500015258789,84.75,84.37000274658203,84.68499755859375,145371,0.0,0.0
2024-08-27 15:55:00-04:00,84.66000366210938,84.66999816894531,84.48999786376953,84.58999633789062,253494,0.0,0.0
2024-08-28 09:30:00-04:00,84.56999969482422,84.91000366210938,83.54000091552734,84.20999908447266,114790,0.0,0.0
2024-08-28 09:35:00-04:00,84.23999786376953,84.36000061035156,83.66000366210938,83.95999908447266,41335,0.0,0.0
2024-08-28 09:40:00-04:00,83.79000091552734,84.45999908447266,83.7699966430664,84.4000015258789,49203,0.0,0.0
2024-08-28 09:45:00-04:00,84.38500213623047,84.55000305175781,84.05999755859375,84.20970153808594,38225,0.0,0.0
2024-08-28 09:50:00-04:00,84.12999725341797,84.5199966430664,84.12999725341797,84.37000274658203,46836,0.0,0.0
2024-08-28 09:55:00-04:00,84.36000061035156,84.36000061035156,84.0199966430664,84.19999694824219,35442,0.0,0.0
2024-08-28 10:00:00-04:00,84.18499755859375,84.23999786376953,83.98999786376953,84.23999786376953,34706,0.0,0.0
2024-08-28 10:05:00-04:00,84.19000244140625,84.19000244140625,83.95999908447266,84.12999725341797,28742,0.0,0.0
2024-08-28 10:10:00-04:00,84.11000061035156,84.11000061035156,83.68000030517578,83.76000213623047,43448,0.0,0.0
2024-08-28 10:15:00-04:00,83.75,83.91999816894531,83.69999694824219,83.9000015258789,32554,0.0,0.0
2024-08-28 10:20:00-04:00,83.94999694824219,84.2300033569336,83.91999816894531,84.18000030517578,29432,0.0,0.0
2024-08-28 10:25:00-04:00,84.19000244140625,84.37999725341797,84.17500305175781,84.34500122070312,30550,0.0,0.0
2024-08-28 10:30:00-04:00,84.34500122070312,84.44000244140625,84.13500213623047,84.13999938964844,31089,0.0,0.0
2024-08-28 10:35:00-04:00,84.16999816894531,84.44999694824219,84.16999816894531,84.4000015258789,26740,0.0,0.0
2024-08-28 10:40:00-04:00,84.4000015258789,84.41999816894531,84.1500015258789,84.19000244140625,23502,0.0,0.0
2024-08-28 10:45:00-04:00,84.19999694824219,84.2300033569336,83.91000366210938,83.92500305175781,35047,0.0,0.0
2024-08-28 10:50:00-04:00,83.88999938964844,84.12000274658203,83.88999938964844,84.12000274658203,30861,0.0,0.0
2024-08-28 10:55:00-04:00,84.08000183105469,84.1500015258789,83.9800033569336,84.08999633789062,29122,0.0,0.0
2024-08-28 11:00:00-04:00,84.052001953125,84.052001953125,83.77999877929688,83.84500122070312,26004,0.0,0.0
2024-08-28 11:05:00-04:00,83.83000183105469,83.91000366210938,83.70999908447266,83.73500061035156,25959,0.0,0.0
2024-08-28 11:10:00-04:00,83.72000122070312,83.77999877929688,83.19999694824219,83.31009674072266,52904,0.0,0.0
2024-08-28 11:15:00-04:00,83.31999969482422,83.41000366210938,83.11000061035156,83.1500015258789,39076,0.0,0.0
2024-08-28 11:20:00-04:00,83.19999694824219,83.23500061035156,83.05999755859375,83.16000366210938,29371,0.0,0.0
2024-08-28 11:25:00-04:00,83.13999938964844,83.23999786376953,83.02999877929688,83.1050033569336,35463,0.0,0.0
2024-08-28 11:30:00-04:00,83.08999633789062,83.12000274658203,82.8499984741211,83.11000061035156,57853,0.0,0.0
2024-08-28 11:35:00-04:00,83.11499786376953,83.27999877929688,83.08999633789062,83.1449966430664,25600,0.0,0.0
2024-08-28 11:40:00-04:00,83.1449966430664,83.38500213623047,83.12999725341797,83.25,23710,0.0,0.0
2024-08-28 11:45:00-04:00,83.27999877929688,83.50499725341797,83.27999877929688,83.50499725341797,16670,0.0,0.0
2024-08-28 11:50:00-04:00,83.5,83.81999969482422,83.48999786376953,83.81999969482422,14878,0.0,0.0
2024-08-28 11:55:00-04:00,83.83999633789062,83.87999725341797,83.75,83.7750015258789,14978,0.0,0.0
2024-08-28 12:00:00-04:00,83.7750015258789,83.83999633789062,83.6500015258789,83.69999694824219,20051,0.0,0.0
2024-08-28 12:05:00-04:00,83.70500183105469,83.7300033569336,83.55500030517578,83.56999969482422,18948,0.0,0.0
2024-08-28 12:10:00-04:00,83.55999755859375,83.61000061035156,83.42500305175781,83.6050033569336,19525,0.0,0.0
2024-08-28 12:15:00-04:00,83.6050033569336,83.63849639892578,83.51000213623047,83.58999633789062,21186,0.0,0.0
2024-08-28 12:20:00-04:00,83.56999969482422,83.56999969482422,83.26000213623047,83.33000183105469,18847,0.0,0.0
2024-08-28 12:25:00-04:00,83.33000183105469,83.43000030517578,83.29000091552734,83.41000366210938,17149,0.0,0.0
2024-08-28 12:30:00-04:00,83.41000366210938,83.54000091552734,83.37000274658203,83.44999694824219,20389,0.0,0.0
2024-08-28 12:35:00-04:00,83.42009735107422,83.52999877929688,83.3499984741211,83.52999877929688,16738,0.0,0.0
2024-08-28 12:40:00-04:00,83.55000305175781,83.69999694824219,83.55000305175781,83.625,13809,0.0,0.0
2024-08-28 12:45:00-04:00,83.5999984741211,83.63999938964844,83.52999877929688,83.52999877929688,13606,0.0,0.0
2024-08-28 12:50:00-04:00,83.50499725341797,83.58000183105469,83.48999786376953,83.54000091552734,15349,0.0,0.0
2024-08-28 12:55:00-04:00,83.54000091552734,83.61000061035156,83.51000213623047,83.57499694824219,14004,0.0,0.0
2024-08-28 13:00:00-04:00,83.57499694824219,83.79000091552734,83.55999755859375,83.71499633789062,26559,0.0,0.0
2024-08-28 13:05:00-04:00,83.73999786376953,83.7699966430664,83.58000183105469,83.63999938964844,14942,0.0,0.0
2024-08-28 13:10:00-04:00,83.62999725341797,83.63999938964844,83.4000015258789,83.4000015258789,15243,0.0,0.0
2024-08-28 13:15:00-04:00,83.43000030517578,83.43000030517578,83.30999755859375,83.36000061035156,18788,0.0,0.0
2024-08-28 13:20:00-04:00,83.375,83.41999816894531,83.08000183105469,83.08000183105469,27042,0.0,0.0
2024-08-28 13:25:00-04:00,83.06999969482422,83.19000244140625,83.02999877929688,83.19000244140625,21843,0.0,0.0
2024-08-28 13:30:00-04:00,83.16999816894531,83.25,83.0999984741211,83.1449966430664,23309,0.0,0.0
2024-08-28 13:35:00-04:00,83.16000366210938,83.22000122070312,83.05500030517578,83.05500030517578,15239,0.0,0.0
2024-08-28 13:40:00-04:00,83.04000091552734,83.08000183105469,82.9000015258789,82.94499969482422,18798,0.0,0.0
2024-08-28 13:45:00-04:00,82.93000030517578,82.93990325927734,82.7300033569336,82.75,32365,0.0,0.0
2024-08-28 13:50:00-04:00,82.79000091552734,82.8125991821289,82.58999633789062,82.61000061035156,50862,0.0,0.0
2024-08-28 13:55:00-04:00,82.625,82.6500015258789,82.2300033569336,82.31999969482422,43438,0.0,0.0
2024-08-28 14:00:00-04:00,82.33000183105469,82.44000244140625,82.27999877929688,82.33000183105469,29883,0.0,0.0
2024-08-28 14:05:00-04:00,82.3550033569336,82.61000061035156,82.26000213623047,82.58000183105469,40288,0.0,0.0
2024-08-28 14:10:00-04:00,82.55999755859375,82.56999969482422,82.43000030517578,82.44999694824219,50443,0.0,0.0
2024-08-28 14:15:00-04:00,82.47859954833984,82.56999969482422,82.3550033569336,82.5,35184,0.0,0.0
2024-08-28 14:20:00-04:00,82.48999786376953,82.66999816894531,82.45999908447266,82.56999969482422,40452,0.0,0.0
2024-08-28 14:25:00-04:00,82.55999755859375,82.65989685058594,82.48999786376953,82.51010131835938,23946,0.0,0.0
2024-08-28 14:30:00-04:00,82.51000213623047,82.58999633789062,82.41999816894531,82.51000213623047,28268,0.0,0.0
2024-08-28 14:35:00-04:00,82.52999877929688,82.7249984741211,82.38999938964844,82.7249984741211,40226,0.0,0.0
2024-08-28 14:40:00-04:00,82.7300033569336,82.7300033569336,82.55999755859375,82.5999984741211,21544,0.0,0.0
2024-08-28 14:45:00-04:00,82.61000061035156,82.64990234375,82.5,82.58499908447266,20941,0.0,0.0
2024-08-28 14:50:00-04:00,82.5999984741211,82.94999694824219,82.55999755859375,82.94999694824219,26493,0.0,0.0
2024-08-28 14:55:00-04:00,82.93000030517578,83.07499694824219,82.93000030517578,83.02999877929688,47038,0.0,0.0
2024-08-28 15:00:00-04:00,83.0199966430664,83.06999969482422,82.88999938964844,82.93000030517578,36090,0.0,0.0
2024-08-28 15:05:00-04:00,82.91999816894531,82.93000030517578,82.7699966430664,82.84500122070312,39214,0.0,0.0
2024-08-28 15:10:00-04:00,82.86000061035156,82.9000015258789,82.7699966430664,82.80000305175781,35603,0.0,0.0
2024-08-28 15:15:00-04:00,82.80999755859375,82.87999725341797,82.72000122070312,82.82499694824219,35088,0.0,0.0
2024-08-28 15:20:00-04:00,82.83999633789062,82.88999938964844,82.69999694824219,82.83000183105469,30361,0.0,0.0
2024-08-28 15:25:00-04:00,82.81999969482422,82.94000244140625,82.81999969482422,82.91999816894531,40111,0.0,0.0
2024-08-28 15:30:00-04:00,82.91999816894531,82.93000030517578,82.5199966430664,82.52999877929688,48396,0.0,0.0
2024-08-28 15:35:00-04:00,82.52749633789062,82.68000030517578,82.45999908447266,82.4800033569336,41162,0.0,0.0
2024-08-28 15:40:00-04:00,82.48999786376953,82.63999938964844,82.47000122070312,82.5199966430664,57061,0.0,0.0
2024-08-28 15:45:00-04:00,82.55000305175781,82.62899780273438,82.27999877929688,82.3499984741211,114101,0.0,0.0
2024-08-28 15:50:00-04:00,82.36000061035156,82.66999816894531,82.26499938964844,82.66999816894531,236982,0.0,0.0
2024-08-28 15:55:00-04:00,82.63999938964844,82.75,82.4000015258789,82.55999755859375,336187,0.0,0.0
2024-08-29 09:30:00-04:00,83.19999694824219,84.3949966430664,83.19999694824219,84.05000305175781,95975,0.0,0.0
2024-08-29 09:35:00-04:00,84.16000366210938,84.76000213623047,84.01000213623047,84.41999816894531,48571,0.0,0.0
2024-08-29 09:40:00-04:00,84.4800033569336,84.69999694824219,83.8499984741211,84.0199966430664,37156,0.0,0.0
2024-08-29 09:45:00-04:00,84.02999877929688,84.37000274658203,83.7699966430664,84.05999755859375,40850,0.0,0.0
2024-08-29 09:50:00-04:00,83.97000122070312,83.97000122070312,83.48999786376953,83.63999938964844,77131,0.0,0.0
2024-08-29 09:55:00-04:00,83.67500305175781,83.94999694824219,83.45999908447266,83.58999633789062,50629,0.0,0.0
2024-08-29 10:00:00-04:00,83.62999725341797,84.2699966430664,83.56999969482422,83.7249984741211,52118,0.0,0.0
2024-08-29 10:05:00-04:00,83.7699966430664,84.01000213623047,83.58999633789062,83.5999984741211,47699,0.0,0.0
2024-08-29 10:10:00-04:00,83.63999938964844,83.91999816894531,83.5,83.85900115966797,54649,0.0,0.0
2024-08-29 10:15:00-04:00,83.84500122070312,84.01000213623047,83.69000244140625,83.83999633789062,32789,0.0,0.0
2024-08-29 10:20:00-04:00,83.88999938964844,84.2249984741211,83.73999786376953,84.19999694824219,34879,0.0,0.0
2024-08-29 10:25:00-04:00,84.22000122070312,84.5,84.12999725341797,84.41999816894531,64208,0.0,0.0
2024-08-29 10:30:00-04:00,84.47000122070312,84.73999786376953,84.37000274658203,84.66500091552734,48755,0.0,0.0
2024-08-29 10:35:00-04:00,84.66999816894531,85.08000183105469,84.55000305175781,85.06999969482422,96542,0.0,0.0
2024-08-29 10:40:00-04:00,85.04499816894531,85.3395004272461,84.94000244140625,85.30999755859375,38463,0.0,0.0
2024-08-29 10:45:00-04:00,85.33999633789062,85.7699966430664,85.30999755859375,85.4800033569336,66239,0.0,0.0
2024-08-29 10:50:00-04:00,85.48500061035156,85.54000091552734,85.33999633789062,85.4623031616211,47964,0.0,0.0
2024-08-29 10:55:00-04:00,85.47000122070312,85.47000122070312,84.93090057373047,85.12999725341797,37568,0.0,0.0
2024-08-29 11:00:00-04:00,85.1500015258789,85.5822982788086,85.12010192871094,85.56999969482422,37387,0.0,0.0
2024-08-29 11:05:00-04:00,85.56500244140625,85.68000030517578,85.30000305175781,85.47000122070312,46228,0.0,0.0
2024-08-29 11:10:00-04:00,85.5,85.75800323486328,85.47000122070312,85.66999816894531,32068,0.0,0.0
2024-08-29 11:15:00-04:00,85.69000244140625,85.75,85.4800033569336,85.55000305175781,57516,0.0,0.0
2024-08-29 11:20:00-04:00,85.54499816894531,85.68000030517578,85.3499984741211,85.68000030517578,61812,0.0,0.0
2024-08-29 11:25:00-04:00,85.69000244140625,86.0,85.6500015258789,85.98500061035156,51922,0.0,0.0
2024-08-29 11:30:00-04:00,86.01000213623047,86.19000244140625,86.01000213623047,86.16000366210938,34893,0.0,0.0
2024-08-29 11:35:00-04:00,86.19000244140625,86.20999908447266,85.97000122070312,86.00499725341797,32952,0.0,0.0
2024-08-29 11:40:00-04:00,85.97000122070312,86.11000061035156,85.97000122070312,86.01000213623047,40719,0.0,0.0
2024-08-29 11:45:00-04:00,86.01000213623047,86.2300033569336,85.97000122070312,86.19000244140625,35625,0.0,0.0
2024-08-29 11:50:00-04:00,86.19000244140625,86.19999694824219,85.95999908447266,86.0,48287,0.0,0.0
2024-08-29 11:55:00-04:00,85.9800033569336,85.9800033569336,85.6500015258789,85.68499755859375,36810,0.0,0.0
2024-08-29 12:00:00-04:00,85.6864013671875,86.01000213623047,85.62999725341797,85.81500244140625,56593,0.0,0.0
2024-08-29 12:05:00-04:00,85.80999755859375,85.88999938964844,85.80000305175781,85.83999633789062,17820,0.0,0.0
2024-08-29 12:10:00-04:00,85.81999969482422,86.05999755859375,85.78500366210938,86.0,32938,0.0,0.0
2024-08-29 12:15:00-04:00,85.99500274658203,85.99500274658203,85.69499969482422,85.9000015258789,20212,0.0,0.0
2024-08-29 12:20:00-04:00,85.91999816894531,86.16000366210938,85.91739654541016,86.04499816894531,34642,0.0,0.0
2024-08-29 12:25:00-04:00,86.05500030517578,86.22000122070312,85.87000274658203,86.15499877929688,29282,0.0,0.0
2024-08-29 12:30:00-04:00,86.16000366210938,86.19000244140625,85.80000305175781,85.80000305175781,38392,0.0,0.0
2024-08-29 12:35:00-04:00,85.83000183105469,85.87000274658203,85.45999908447266,85.51499938964844,35105,0.0,0.0
2024-08-29 12:40:00-04:00,85.5,85.80000305175781,85.43000030517578,85.80000305175781,28833,0.0,0.0
2024-08-29 12:45:00-04:00,85.7699966430664,85.80000305175781,85.56999969482422,85.56999969482422,32080,0.0,0.0
2024-08-29 12:50:00-04:00,85.51000213623047,85.70999908447266,85.51000213623047,85.70999908447266,34030,0.0,0.0
2024-08-29 12:55:00-04:00,85.72000122070312,85.93499755859375,85.72000122070312,85.83000183105469,24683,0.0,0.0
2024-08-29 13:00:00-04:00,85.75,85.86000061035156,85.61000061035156,85.73999786376953,25342,0.0,0.0
2024-08-29 13:05:00-04:00,85.72000122070312,85.74500274658203,85.55500030517578,85.6050033569336,18968,0.0,0.0
2024-08-29 13:10:00-04:00,85.6050033569336,85.6050033569336,85.43000030517578,85.5199966430664,18843,0.0,0.0
2024-08-29 13:15:00-04:00,85.51380157470703,85.69000244140625,85.5,85.61000061035156,39616,0.0,0.0
2024-08-29 13:20:00-04:00,85.5999984741211,85.63999938964844,85.48999786376953,85.5199966430664,18365,0.0,0.0
2024-08-29 13:25:00-04:00,85.52999877929688,85.55999755859375,85.4000015258789,85.45999908447266,17663,0.0,0.0
2024-08-29 13:30:00-04:00,85.43499755859375,85.55999755859375,85.41500091552734,85.44000244140625,16943,0.0,0.0
2024-08-29 13:35:00-04:00,85.42179870605469,85.47000122070312,85.29750061035156,85.29750061035156,24582,0.0,0.0
2024-08-29 13:40:00-04:00,85.30000305175781,85.41000366210938,85.29000091552734,85.33999633789062,20768,0.0,0.0
2024-08-29 13:45:00-04:00,85.33999633789062,85.37000274658203,85.18499755859375,85.27999877929688,33928,0.0,0.0
2024-08-29 13:50:00-04:00,85.30000305175781,85.39990234375,85.18000030517578,85.26000213623047,38788,0.0,0.0
2024-08-29 13:55:00-04:00,85.26000213623047,85.51000213623047,85.25,85.49500274658203,18797,0.0,0.0
2024-08-29 14:00:00-04:00,85.5,85.5,85.2699966430664,85.42500305175781,30863,0.0,0.0
2024-08-29 14:05:00-04:00,85.42500305175781,85.44000244140625,85.08999633789062,85.08999633789062,21980,0.0,0.0
2024-08-29 14:10:00-04:00,85.125,85.16999816894531,84.97000122070312,85.1500015258789,30429,0.0,0.0
2024-08-29 14:15:00-04:00,85.12999725341797,85.1500015258789,84.97000122070312,85.12000274658203,25374,0.0,0.0
2024-08-29 14:20:00-04:00,85.08999633789062,85.19000244140625,85.04000091552734,85.16500091552734,19890,0.0,0.0
2024-08-29 14:25:00-04:00,85.16500091552734,85.23999786376953,84.7300033569336,84.7300033569336,26779,0.0,0.0
2024-08-29 14:30:00-04:00,84.7699966430664,84.7699966430664,84.48999786376953,84.5199966430664,42363,0.0,0.0
2024-08-29 14:35:00-04:00,84.54000091552734,84.71499633789062,84.37999725341797,84.43000030517578,53271,0.0,0.0
2024-08-29 14:40:00-04:00,84.4000015258789,84.5,84.02999877929688,84.25,59377,0.0,0.0
2024-08-29 14:45:00-04:00,84.16999816894531,84.20999908447266,83.81890106201172,84.18499755859375,44648,0.0,0.0
2024-08-29 14:50:00-04:00,84.12999725341797,84.1500015258789,83.87999725341797,84.1500015258789,49516,0.0,0.0
2024-08-29 14:55:00-04:00,84.11000061035156,84.31500244140625,84.01969909667969,84.1500015258789,52276,0.0,0.0
2024-08-29 15:00:00-04:00,84.11000061035156,84.1500015258789,83.81999969482422,83.83000183105469,34057,0.0,0.0
2024-08-29 15:05:00-04:00,84.01000213623047,84.0199966430664,83.77999877929688,83.95999908447266,42914,0.0,0.0
2024-08-29 15:10:00-04:00,83.9800033569336,84.0,83.70999908447266,83.83999633789062,36947,0.0,0.0
2024-08-29 15:15:00-04:00,83.83499908447266,84.0999984741211,83.74500274658203,83.88999938964844,34581,0.0,0.0
2024-08-29 15:20:00-04:00,83.87000274658203,84.18499755859375,83.87000274658203,84.18499755859375,34787,0.0,0.0
2024-08-29 15:25:00-04:00,84.16000366210938,84.69000244140625,84.16000366210938,84.63999938964844,39778,0.0,0.0
2024-08-29 15:30:00-04:00,84.6500015258789,84.76000213623047,84.55000305175781,84.69000244140625,44306,0.0,0.0
2024-08-29 15:35:00-04:00,84.68000030517578,84.79000091552734,84.62000274658203,84.7300033569336,47002,0.0,0.0
2024-08-29 15:40:00-04:00,84.7300033569336,84.73999786376953,84.5,84.5,50970,0.0,0.0
2024-08-29 15:45:00-04:00,84.48999786376953,84.66000366210938,84.36499786376953,84.38500213623047,65617,0.0,0.0
2024-08-29 15:50:00-04:00,84.3499984741211,84.44499969482422,84.08000183105469,84.14990234375,158849,0.0,0.0
2024-08-29 15:55:00-04:00,84.1500015258789,84.77999877929688,84.13999938964844,84.66999816894531,383438,0.0,0.0
2024-08-30 09:30:00-04:00,85.06999969482422,86.0,85.06999969482422,85.87999725341797,94016,0.0,0.0
2024-08-30 09:35:00-04:00,85.88500213623047,86.1500015258789,85.30000305175781,85.37000274658203,37514,0.0,0.0
2024-08-30 09:40:00-04:00,85.35540008544922,85.5999984741211,85.18000030517578,85.37999725341797,29796,0.0,0.0
2024-08-30 09:45:00-04:00,85.44999694824219,85.94999694824219,85.33999633789062,85.91000366210938,30582,0.0,0.0
2024-08-30 09:50:00-04:00,85.88999938964844,85.88999938964844,85.45999908447266,85.72000122070312,36930,0.0,0.0
2024-08-30 09:55:00-04:00,85.7698974609375,85.91500091552734,85.44010162353516,85.66999816894531,47058,0.0,0.0
2024-08-30 10:00:00-04:00,85.66999816894531,85.87999725341797,85.66000366210938,85.73999786376953,50884,0.0,0.0
2024-08-30 10:05:00-04:00,85.73999786376953,86.08999633789062,85.69000244140625,85.92500305175781,48379,0.0,0.0
2024-08-30 10:10:00-04:00,85.87999725341797,86.04000091552734,85.66000366210938,85.69499969482422,35369,0.0,0.0
2024-08-30 10:15:00-04:00,85.67500305175781,85.8550033569336,85.5999984741211,85.75,18700,0.0,0.0
2024-08-30 10:20:00-04:00,85.75,85.76000213623047,85.23999786376953,85.25,43335,0.0,0.0
2024-08-30 10:25:00-04:00,85.2750015258789,85.30000305175781,84.91999816894531,85.1500015258789,62055,0.0,0.0
2024-08-30 10:30:00-04:00,85.1500015258789,85.20500183105469,84.55000305175781,84.70999908447266,76621,0.0,0.0
2024-08-30 10:35:00-04:00,84.7699966430664,85.0999984741211,84.66000366210938,85.05500030517578,32381,0.0,0.0
2024-08-30 10:40:00-04:00,85.05999755859375,85.27999877929688,84.94999694824219,85.05000305175781,29355,0.0,0.0
2024-08-30 10:45:00-04:00,85.05000305175781,85.19999694824219,84.98999786376953,85.19499969482422,16991,0.0,0.0
2024-08-30 10:50:00-04:00,85.18000030517578,85.26000213623047,85.01000213623047,85.13999938964844,30999,0.0,0.0
2024-08-30 10:55:00-04:00,85.12000274658203,85.19999694824219,84.84500122070312,84.94000244140625,44683,0.0,0.0
2024-08-30 11:00:00-04:00,84.91999816894531,84.93000030517578,84.67500305175781,84.81999969482422,75224,0.0,0.0
2024-08-30 11:05:00-04:00,84.7750015258789,84.88749694824219,84.69999694824219,84.83000183105469,50743,0.0,0.0
2024-08-30 11:10:00-04:00,84.83000183105469,84.86000061035156,84.66999816894531,84.69499969482422,28941,0.0,0.0
2024-08-30 11:15:00-04:00,84.7249984741211,84.7699966430664,84.66000366210938,84.7699966430664,28057,0.0,0.0
2024-08-30 11:20:00-04:00,84.76000213623047,84.9000015258789,84.66999816894531,84.88999938964844,22406,0.0,0.0
2024-08-30 11:25:00-04:00,84.8550033569336,84.91999816894531,84.69999694824219,84.75,16953,0.0,0.0
2024-08-30 11:30:00-04:00,84.79000091552734,84.83999633789062,84.5,84.7699966430664,48496,0.0,0.0
2024-08-30 11:35:00-04:00,84.7699966430664,84.80999755859375,84.44000244140625,84.55999755859375,29873,0.0,0.0
2024-08-30 11:40:00-04:00,84.55999755859375,84.68000030517578,84.48999786376953,84.5,18523,0.0,0.0
2024-08-30 11:45:00-04:00,84.5199966430664,84.6447982788086,84.5,84.57499694824219,14299,0.0,0.0
2024-08-30 11:50:00-04:00,84.58999633789062,84.75,84.58999633789062,84.75,21108,0.0,0.0
2024-08-30 11:55:00-04:00,84.73999786376953,84.83499908447266,84.69999694824219,84.80999755859375,18175,0.0,0.0
2024-08-30 12:00:00-04:00,84.80999755859375,84.95999908447266,84.62000274658203,84.94000244140625,14555,0.0,0.0
2024-08-30 12:05:00-04:00,84.94000244140625,85.0,84.87999725341797,84.94110107421875,14302,0.0,0.0
2024-08-30 12:10:00-04:00,84.95999908447266,85.16999816894531,84.93000030517578,85.01499938964844,23329,0.0,0.0
2024-08-30 12:15:00-04:00,85.0,85.06999969482422,84.88500213623047,84.93000030517578,12228,0.0,0.0
2024-08-30 12:20:00-04:00,84.91000366210938,84.97000122070312,84.80000305175781,84.86000061035156,12460,0.0,0.0
2024-08-30 12:25:00-04:00,84.83000183105469,84.83000183105469,84.5,84.55000305175781,18833,0.0,0.0
2024-08-30 12:30:00-04:00,84.58999633789062,84.58999633789062,84.33499908447266,84.37999725341797,26815,0.0,0.0
2024-08-30 12:35:00-04:00,84.3499984741211,84.41999816894531,84.22000122070312,84.4000015258789,20364,0.0,0.0
2024-08-30 12:40:00-04:00,84.41999816894531,84.44999694824219,84.31999969482422,84.43499755859375,14756,0.0,0.0
2024-08-30 12:45:00-04:00,84.41999816894531,84.44999694824219,84.32009887695312,84.44499969482422,27605,0.0,0.0
2024-08-30 12:50:00-04:00,84.44000244140625,84.69000244140625,84.42500305175781,84.58999633789062,18756,0.0,0.0
2024-08-30 12:55:00-04:00,84.5999984741211,84.76000213623047,84.56999969482422,84.69499969482422,15299,0.0,0.0
2024-08-30 13:00:00-04:00,84.70999908447266,84.77999877929688,84.61000061035156,84.69000244140625,16876,0.0,0.0
2024-08-30 13:05:00-04:00,84.70999908447266,84.70999908447266,84.5199966430664,84.56999969482422,13902,0.0,0.0
2024-08-30 13:10:00-04:00,84.57530212402344,84.63999938964844,84.56999969482422,84.625,11653,0.0,0.0
2024-08-30 13:15:00-04:00,84.63999938964844,84.66000366210938,84.43000030517578,84.43000030517578,20439,0.0,0.0
2024-08-30 13:20:00-04:00,84.47000122070312,84.56999969482422,84.33000183105469,84.375,13466,0.0,0.0
2024-08-30 13:25:00-04:00,84.41000366210938,84.56999969482422,84.41000366210938,84.56999969482422,11240,0.0,0.0
2024-08-30 13:30:00-04:00,84.55999755859375,84.62999725341797,84.5199966430664,84.56999969482422,24557,0.0,0.0
2024-08-30 13:35:00-04:00,84.56999969482422,84.61000061035156,84.45999908447266,84.49500274658203,15739,0.0,0.0
2024-08-30 13:40:00-04:00,84.5,84.5999984741211,84.5,84.55999755859375,11863,0.0,0.0
2024-08-30 13:45:00-04:00,84.55999755859375,84.63500213623047,84.54000091552734,84.61499786376953,13220,0.0,0.0
2024-08-30 13:50:00-04:00,84.61000061035156,84.91999816894531,84.597900390625,84.91999816894531,26204,0.0,0.0
2024-08-30 13:55:00-04:00,84.92500305175781,84.92500305175781,84.69000244140625,84.72000122070312,16278,0.0,0.0
2024-08-30 14:00:00-04:00,84.7300033569336,84.93000030517578,84.67500305175781,84.83499908447266,16938,0.0,0.0
2024-08-30 14:05:00-04:00,84.83499908447266,84.97000122070312,84.83499908447266,84.97000122070312,12750,0.0,0.0
2024-08-30 14:10:00-04:00,84.95500183105469,85.0,84.86000061035156,84.95999908447266,18134,0.0,0.0
2024-08-30 14:15:00-04:00,84.98999786376953,85.01000213623047,84.91999816894531,84.94000244140625,12982,0.0,0.0
2024-08-30 14:20:00-04:00,84.94999694824219,84.9800033569336,84.88999938964844,84.88999938964844,12293,0.0,0.0
2024-08-30 14:25:00-04:00,84.87999725341797,84.94999694824219,84.86000061035156,84.91999816894531,16949,0.0,0.0
2024-08-30 14:30:00-04:00,84.88500213623047,84.9800033569336,84.88500213623047,84.94499969482422,13280,0.0,0.0
2024-08-30 14:35:00-04:00,84.97000122070312,85.01000213623047,84.90499877929688,84.98999786376953,16314,0.0,0.0
2024-08-30 14:40:00-04:00,84.98500061035156,85.0,84.95999908447266,84.9800033569336,10376,0.0,0.0
2024-08-30 14:45:00-04:00,84.9800033569336,84.9800033569336,84.88999938964844,84.95850372314453,17143,0.0,0.0
2024-08-30 14:50:00-04:00,84.95999908447266,85.0,84.9000015258789,84.94000244140625,19089,0.0,0.0
2024-08-30 14:55:00-04:00,84.94999694824219,85.0199966430664,84.91000366210938,85.0,17925,0.0,0.0
2024-08-30 15:00:00-04:00,84.98999786376953,85.05000305175781,84.98999786376953,85.01499938964844,18282,0.0,0.0
2024-08-30 15:05:00-04:00,85.01499938964844,85.11000061035156,85.01000213623047,85.02999877929688,17042,0.0,0.0
2024-08-30 15:10:00-04:00,85.04000091552734,85.06999969482422,84.83000183105469,84.96499633789062,28669,0.0,0.0
2024-08-30 15:15:00-04:00,84.97000122070312,85.01000213623047,84.93000030517578,84.9800033569336,23506,0.0,0.0
2024-08-30 15:20:00-04:00,84.9800033569336,85.36499786376953,84.9800033569336,85.30000305175781,47713,0.0,0.0
2024-08-30 15:25:00-04:00,85.29000091552734,85.3949966430664,85.27050018310547,85.29499816894531,29203,0.0,0.0
2024-08-30 15:30:00-04:00,85.30000305175781,85.3499984741211,85.12999725341797,85.1500015258789,24662,0.0,0.0
2024-08-30 15:35:00-04:00,85.15499877929688,85.30000305175781,85.15499877929688,85.26000213623047,46654,0.0,0.0
2024-08-30 15:40:00-04:00,85.23999786376953,85.27999877929688,85.0199966430664,85.02999877929688,43904,0.0,0.0
2024-08-30 15:45:00-04:00,85.0,85.2699966430664,84.97000122070312,85.26000213623047,62223,0.0,0.0
2024-08-30 15:50:00-04:00,85.29000091552734,85.85990142822266,85.2699966430664,85.69999694824219,137780,0.0,0.0
2024-08-30 15:55:00-04:00,85.72000122070312,85.93000030517578,85.4000015258789,85.4000015258789,340521,0.0,0.0
2024-09-03 09:30:00-04:00,85.0,85.03500366210938,84.55999755859375,84.9000015258789,130388,0.0,0.0
2024-09-03 09:35:00-04:00,84.9000015258789,85.01000213623047,84.12999725341797,84.16999816894531,80836,0.0,0.0
2024-09-03 09:40:00-04:00,84.19000244140625,84.19999694824219,82.6500015258789,82.86000061035156,110509,0.0,0.0
2024-09-03 09:45:00-04:00,82.80000305175781,82.86000061035156,81.3499984741211,81.45999908447266,143263,0.0,0.0
2024-09-03 09:50:00-04:00,81.58000183105469,81.63999938964844,80.58000183105469,80.68000030517578,108947,0.0,0.0
2024-09-03 09:55:00-04:00,80.70999908447266,80.80999755859375,80.06009674072266,80.71499633789062,117381,0.0,0.0
2024-09-03 10:00:00-04:00,80.66999816894531,80.80500030517578,79.55000305175781,79.69999694824219,169618,0.0,0.0
2024-09-03 10:05:00-04:00,79.6500015258789,80.3499984741211,79.6500015258789,79.99500274658203,118068,0.0,0.0
2024-09-03 10:10:00-04:00,79.95999908447266,80.37000274658203,79.81999969482422,79.95999908447266,90263,0.0,0.0
2024-09-03 10:15:00-04:00,79.95999908447266,80.12999725341797,79.6449966430664,79.87139892578125,105695,0.0,0.0
2024-09-03 10:20:00-04:00,79.80999755859375,79.91000366210938,79.34100341796875,79.73500061035156,115241,0.0,0.0
2024-09-03 10:25:00-04:00,79.73500061035156,80.05999755859375,79.44999694824219,79.66999816894531,90827,0.0,0.0
2024-09-03 10:30:00-04:00,79.62999725341797,79.87000274658203,79.41000366210938,79.74500274658203,104112,0.0,0.0
2024-09-03 10:35:00-04:00,79.73500061035156,79.73500061035156,79.07060241699219,79.31999969482422,86688,0.0,0.0
2024-09-03 10:40:00-04:00,79.27999877929688,79.37999725341797,79.11009979248047,79.30560302734375,53534,0.0,0.0
2024-09-03 10:45:00-04:00,79.30999755859375,79.52559661865234,79.11000061035156,79.11000061035156,77606,0.0,0.0
2024-09-03 10:50:00-04:00,79.12999725341797,79.44499969482422,78.75,78.80999755859375,127369,0.0,0.0
2024-09-03 10:55:00-04:00,78.80999755859375,78.97000122070312,78.62999725341797,78.75499725341797,55749,0.0,0.0
2024-09-03 11:00:00-04:00,78.69999694824219,78.8499984741211,78.5199966430664,78.5199966430664,85701,0.0,0.0
2024-09-03 11:05:00-04:00,78.51000213623047,78.70999908447266,78.20999908447266,78.43000030517578,129197,0.0,0.0
2024-09-03 11:10:00-04:00,78.37999725341797,78.681396484375,78.33999633789062,78.36000061035156,140053,0.0,0.0
2024-09-03 11:15:00-04:00,78.37999725341797,78.55999755859375,77.64700317382812,77.70999908447266,230626,0.0,0.0
2024-09-03 11:20:00-04:00,77.70500183105469,78.29000091552734,77.41000366210938,78.11499786376953,151266,0.0,0.0
2024-09-03 11:25:00-04:00,78.07499694824219,78.5999984741211,77.94999694824219,78.44000244140625,73639,0.0,0.0
2024-09-03 11:30:00-04:00,78.44499969482422,78.51000213623047,78.20999908447266,78.40499877929688,55361,0.0,0.0
2024-09-03 11:35:00-04:00,78.40499877929688,78.68879699707031,77.9800033569336,77.9800033569336,80416,0.0,0.0
2024-09-03 11:40:00-04:00,77.97000122070312,77.97000122070312,77.625,77.70999908447266,49267,0.0,0.0
2024-09-03 11:45:00-04:00,77.73500061035156,77.94000244140625,77.66000366210938,77.73999786376953,66013,0.0,0.0
2024-09-03 11:50:00-04:00,77.7300033569336,77.7300033569336,77.5199966430664,77.66500091552734,41073,0.0,0.0
2024-09-03 11:55:00-04:00,77.6500015258789,77.70999908447266,77.41999816894531,77.58000183105469,46042,0.0,0.0
2024-09-03 12:00:00-04:00,77.58000183105469,78.12000274658203,77.55500030517578,77.8499984741211,79995,0.0,0.0
2024-09-03 12:05:00-04:00,77.8499984741211,77.8499984741211,77.33999633789062,77.33999633789062,43222,0.0,0.0
2024-09-03 12:10:00-04:00,77.36000061035156,77.37999725341797,76.81999969482422,76.875,115969,0.0,0.0
2024-09-03 12:15:00-04:00,76.85009765625,77.12000274658203,76.66000366210938,77.06999969482422,81339,0.0,0.0
2024-09-03 12:20:00-04:00,77.04010009765625,77.07270050048828,76.76000213623047,76.77999877929688,73545,0.0,0.0
2024-09-03 12:25:00-04:00,76.78500366210938,77.11990356445312,76.66000366210938,77.08999633789062,63800,0.0,0.0
2024-09-03 12:30:00-04:00,77.05999755859375,77.20999908447266,76.91500091552734,77.13999938964844,68693,0.0,0.0
2024-09-03 12:35:00-04:00,77.15499877929688,77.15499877929688,76.86000061035156,76.91999816894531,102142,0.0,0.0
2024-09-03 12:40:00-04:00,76.88999938964844,76.88999938964844,76.48999786376953,76.53500366210938,80488,0.0,0.0
2024-09-03 12:45:00-04:00,76.51000213623047,76.76000213623047,76.44999694824219,76.63999938964844,90247,0.0,0.0
2024-09-03 12:50:00-04:00,76.63999938964844,76.80999755859375,76.62000274658203,76.75,69789,0.0,0.0
2024-09-03 12:55:00-04:00,76.74500274658203,76.83999633789062,76.62909698486328,76.67500305175781,203766,0.0,0.0
2024-09-03 13:00:00-04:00,76.67500305175781,76.86000061035156,76.36000061035156,76.5199966430664,88564,0.0,0.0
2024-09-03 13:05:00-04:00,76.52999877929688,76.68000030517578,76.48999786376953,76.6050033569336,65241,0.0,0.0
2024-09-03 13:10:00-04:00,76.61499786376953,77.0,76.54000091552734,76.63500213623047,137085,0.0,0.0
2024-09-03 13:15:00-04:00,76.66999816894531,77.0,76.61000061035156,76.95140075683594,57730,0.0,0.0
2024-09-03 13:20:00-04:00,76.9800033569336,77.4800033569336,76.93000030517578,77.4800033569336,83870,0.0,0.0
2024-09-03 13:25:00-04:00,77.47000122070312,77.61920166015625,77.33999633789062,77.43000030517578,40563,0.0,0.0
2024-09-03 13:30:00-04:00,77.41999816894531,77.43499755859375,76.94999694824219,77.01499938964844,65845,0.0,0.0
2024-09-03 13:35:00-04:00,77.05000305175781,77.16999816894531,76.98999786376953,77.05999755859375,44582,0.0,0.0
2024-09-03 13:40:00-04:00,77.06999969482422,77.08999633789062,76.94999694824219,77.04000091552734,49476,0.0,0.0
2024-09-03 13:45:00-04:00,77.04000091552734,77.13999938964844,76.95999908447266,76.98999786376953,42500,0.0,0.0
2024-09-03 13:50:00-04:00,76.98999786376953,77.11000061035156,76.91000366210938,77.08999633789062,35543,0.0,0.0
2024-09-03 13:55:00-04:00,77.06999969482422,77.16999816894531,77.0,77.07499694824219,75610,0.0,0.0
2024-09-03 14:00:00-04:00,77.08999633789062,77.11000061035156,76.64559936523438,76.91000366210938,90055,0.0,0.0
2024-09-03 14:05:00-04:00,76.91000366210938,77.1500015258789,76.8301010131836,77.0999984741211,67388,0.0,0.0
2024-09-03 14:10:00-04:00,77.06999969482422,77.12999725341797,76.98999786376953,77.06999969482422,37241,0.0,0.0
2024-09-03 14:15:00-04:00,77.04000091552734,77.12000274658203,76.95999908447266,76.98500061035156,55438,0.0,0.0
2024-09-03 14:20:00-04:00,76.98500061035156,77.04000091552734,76.51000213623047,76.66000366210938,155040,0.0,0.0
2024-09-03 14:25:00-04:00,76.66929626464844,76.94499969482422,76.5199966430664,76.8949966430664,54260,0.0,0.0
2024-09-03 14:30:00-04:00,76.9000015258789,77.05000305175781,76.83999633789062,77.01000213623047,66169,0.0,0.0
2024-09-03 14:35:00-04:00,77.0,77.11000061035156,76.92500305175781,77.03140258789062,34453,0.0,0.0
2024-09-03 14:40:00-04:00,77.02999877929688,77.16999816894531,76.97000122070312,76.97000122070312,56981,0.0,0.0
2024-09-03 14:45:00-04:00,76.97000122070312,77.19000244140625,76.97000122070312,77.0199966430664,39048,0.0,0.0
2024-09-03 14:50:00-04:00,77.01000213623047,77.05999755859375,76.9375,77.0199966430664,68933,0.0,0.0
2024-09-03 14:55:00-04:00,77.02999877929688,77.05000305175781,76.75,76.94090270996094,138556,0.0,0.0
2024-09-03 15:00:00-04:00,76.93499755859375,77.05999755859375,76.80000305175781,77.05999755859375,41254,0.0,0.0
2024-09-03 15:05:00-04:00,77.02999877929688,77.12000274658203,76.94000244140625,76.98999786376953,89897,0.0,0.0
2024-09-03 15:10:00-04:00,77.01000213623047,77.0999984741211,76.9800033569336,77.05000305175781,93714,0.0,0.0
2024-09-03 15:15:00-04:00,77.04000091552734,77.05999755859375,76.97000122070312,77.01000213623047,56792,0.0,0.0
2024-09-03 15:20:00-04:00,77.01499938964844,77.05999755859375,76.87000274658203,76.87999725341797,96618,0.0,0.0
2024-09-03 15:25:00-04:00,76.91000366210938,76.93000030517578,76.63999938964844,76.81999969482422,65630,0.0,0.0
2024-09-03 15:30:00-04:00,76.82499694824219,76.94000244140625,76.76499938964844,76.86000061035156,102421,0.0,0.0
2024-09-03 15:35:00-04:00,76.86000061035156,76.86000061035156,76.55999755859375,76.55999755859375,153282,0.0,0.0
2024-09-03 15:40:00-04:00,76.53500366210938,76.53500366210938,75.94000244140625,76.00640106201172,200128,0.0,0.0
2024-09-03 15:45:00-04:00,76.01000213623047,76.2300033569336,75.73880004882812,76.08999633789062,267880,0.0,0.0
2024-09-03 15:50:00-04:00,76.12000274658203,76.58999633789062,76.02999877929688,76.27999877929688,445003,0.0,0.0
2024-09-03 15:55:00-04:00,76.26010131835938,76.29000091552734,75.68000030517578,75.73999786376953,759153,0.0,0.0
2024-09-04 09:30:00-04:00,75.5,76.7300033569336,75.02999877929688,76.7300033569336,370290,0.0,0.0
2024-09-04 09:35:00-04:00,76.76000213623047,76.88999938964844,75.63999938964844,76.21499633789062,288199,0.0,0.0
2024-09-04 09:40:00-04:00,76.12010192871094,76.36000061035156,75.80000305175781,76.1500015258789,226676,0.0,0.0
2024-09-04 09:45:00-04:00,76.1500015258789,77.38999938964844,76.13999938964844,77.29499816894531,95157,0.0,0.0
2024-09-04 09:50:00-04:00,77.25,77.3499984741211,77.02110290527344,77.33000183105469,117064,0.0,0.0
2024-09-04 09:55:00-04:00,77.4800033569336,77.68000030517578,77.11859893798828,77.37999725341797,75184,0.0,0.0
2024-09-04 10:00:00-04:00,77.30000305175781,77.56999969482422,76.33000183105469,77.46499633789062,92093,0.0,0.0
2024-09-04 10:05:00-04:00,77.47000122070312,77.62000274658203,77.22000122070312,77.27999877929688,90920,0.0,0.0
2024-09-04 10:10:00-04:00,77.2750015258789,77.69999694824219,77.0,77.17500305175781,66919,0.0,0.0
2024-09-04 10:15:00-04:00,77.19499969482422,77.56999969482422,77.05999755859375,77.41999816894531,73060,0.0,0.0
2024-09-04 10:20:00-04:00,77.42500305175781,77.73999786376953,77.1500015258789,77.3499984741211,76978,0.0,0.0
2024-09-04 10:25:00-04:00,77.36000061035156,77.5250015258789,77.30000305175781,77.37999725341797,51255,0.0,0.0
2024-09-04 10:30:00-04:00,77.41500091552734,77.83999633789062,77.33999633789062,77.83999633789062,89547,0.0,0.0
2024-09-04 10:35:00-04:00,77.85160064697266,77.87000274658203,77.5,77.6500015258789,50935,0.0,0.0
2024-09-04 10:40:00-04:00,77.68499755859375,77.7300033569336,77.4000015258789,77.58000183105469,66592,0.0,0.0
2024-09-04 10:45:00-04:00,77.55500030517578,77.85990142822266,77.45999908447266,77.83999633789062,83004,0.0,0.0
2024-09-04 10:50:00-04:00,77.80999755859375,78.20999908447266,77.80000305175781,78.05000305175781,122590,0.0,0.0
2024-09-04 10:55:00-04:00,78.05000305175781,78.31999969482422,78.05000305175781,78.25499725341797,75460,0.0,0.0
2024-09-04 11:00:00-04:00,78.25499725341797,78.36000061035156,78.18190002441406,78.20999908447266,46464,0.0,0.0
2024-09-04 11:05:00-04:00,78.20999908447266,78.447998046875,78.18000030517578,78.23500061035156,86084,0.0,0.0
2024-09-04 11:10:00-04:00,78.22000122070312,78.30000305175781,77.80999755859375,77.91500091552734,50045,0.0,0.0
2024-09-04 11:15:00-04:00,77.91500091552734,78.02999877929688,77.76000213623047,77.97000122070312,47200,0.0,0.0
2024-09-04 11:20:00-04:00,77.97000122070312,78.16999816894531,77.97000122070312,78.05999755859375,54846,0.0,0.0
2024-09-04 11:25:00-04:00,78.03500366210938,78.3499984741211,77.93000030517578,78.19000244140625,29087,0.0,0.0
2024-09-04 11:30:00-04:00,78.19000244140625,78.19000244140625,77.9800033569336,78.06999969482422,54155,0.0,0.0
2024-09-04 11:35:00-04:00,78.06999969482422,78.06999969482422,77.78009796142578,77.90499877929688,26394,0.0,0.0
2024-09-04 11:40:00-04:00,77.87000274658203,78.1449966430664,77.83999633789062,78.08999633789062,67924,0.0,0.0
2024-09-04 11:45:00-04:00,78.12000274658203,78.26000213623047,78.10009765625,78.1050033569336,25540,0.0,0.0
2024-09-04 11:50:00-04:00,78.06999969482422,78.19999694824219,78.05999755859375,78.12000274658203,30248,0.0,0.0
2024-09-04 11:55:00-04:00,78.12000274658203,78.12000274658203,77.86000061035156,77.93000030517578,22095,0.0,0.0
2024-09-04 12:00:00-04:00,77.91999816894531,77.94999694824219,77.76499938964844,77.7750015258789,20405,0.0,0.0
2024-09-04 12:05:00-04:00,77.77999877929688,77.77999877929688,77.375,77.48999786376953,35726,0.0,0.0
2024-09-04 12:10:00-04:00,77.4800033569336,77.50499725341797,77.36499786376953,77.38999938964844,19545,0.0,0.0
2024-09-04 12:15:00-04:00,77.37999725341797,77.69999694824219,77.37999725341797,77.52999877929688,99964,0.0,0.0
2024-09-04 12:20:00-04:00,77.5199966430664,77.5999984741211,77.44000244140625,77.58000183105469,26707,0.0,0.0
2024-09-04 12:25:00-04:00,77.59500122070312,77.66999816894531,77.5,77.56500244140625,26166,0.0,0.0
2024-09-04 12:30:00-04:00,77.55000305175781,77.8550033569336,77.54000091552734,77.8550033569336,33596,0.0,0.0
2024-09-04 12:35:00-04:00,77.86000061035156,77.88999938964844,77.65499877929688,77.65499877929688,21390,0.0,0.0
2024-09-04 12:40:00-04:00,77.6500015258789,77.6500015258789,77.3499984741211,77.3550033569336,29849,0.0,0.0
2024-09-04 12:45:00-04:00,77.3550033569336,77.47000122070312,77.12999725341797,77.41999816894531,27380,0.0,0.0
2024-09-04 12:50:00-04:00,77.41999816894531,77.61000061035156,77.41999816894531,77.56999969482422,28979,0.0,0.0
2024-09-04 12:55:00-04:00,77.54000091552734,77.70999908447266,77.52999877929688,77.69999694824219,29523,0.0,0.0
2024-09-04 13:00:00-04:00,77.70500183105469,77.79000091552734,77.62550354003906,77.63999938964844,31914,0.0,0.0
2024-09-04 13:05:00-04:00,77.62000274658203,77.8499984741211,77.62000274658203,77.66999816894531,25628,0.0,0.0
2024-09-04 13:10:00-04:00,77.66000366210938,77.73999786376953,77.56999969482422,77.58000183105469,27756,0.0,0.0
2024-09-04 13:15:00-04:00,77.61499786376953,77.76499938964844,77.55000305175781,77.7125015258789,24854,0.0,0.0
2024-09-04 13:20:00-04:00,77.72000122070312,77.7750015258789,77.58999633789062,77.58999633789062,32994,0.0,0.0
2024-09-04 13:25:00-04:00,77.58999633789062,77.69999694824219,77.4749984741211,77.68370056152344,28859,0.0,0.0
2024-09-04 13:30:00-04:00,77.63999938964844,77.7699966430664,77.62999725341797,77.66500091552734,24540,0.0,0.0
2024-09-04 13:35:00-04:00,77.66500091552734,77.69000244140625,77.4800033569336,77.69000244140625,30085,0.0,0.0
2024-09-04 13:40:00-04:00,77.66500091552734,77.81999969482422,77.65499877929688,77.76000213623047,26797,0.0,0.0
2024-09-04 13:45:00-04:00,77.76000213623047,77.9000015258789,77.69000244140625,77.83000183105469,22302,0.0,0.0
2024-09-04 13:50:00-04:00,77.80500030517578,77.80500030517578,77.56999969482422,77.7249984741211,18973,0.0,0.0
2024-09-04 13:55:00-04:00,77.76000213623047,77.83000183105469,77.66000366210938,77.67500305175781,15235,0.0,0.0
2024-09-04 14:00:00-04:00,77.68000030517578,77.69000244140625,77.43000030517578,77.58000183105469,31368,0.0,0.0
2024-09-04 14:05:00-04:00,77.54000091552734,77.55000305175781,77.3499984741211,77.3550033569336,11164,0.0,0.0
2024-09-04 14:10:00-04:00,77.3499984741211,77.44999694824219,77.26000213623047,77.44499969482422,24428,0.0,0.0
2024-09-04 14:15:00-04:00,77.41999816894531,77.47000122070312,77.33000183105469,77.36499786376953,22174,0.0,0.0
2024-09-04 14:20:00-04:00,77.36499786376953,77.41999816894531,77.26000213623047,77.41999816894531,18903,0.0,0.0
2024-09-04 14:25:00-04:00,77.4000015258789,77.40499877929688,77.30999755859375,77.38999938964844,15929,0.0,0.0
2024-09-04 14:30:00-04:00,77.38999938964844,77.45999908447266,77.19999694824219,77.22000122070312,15906,0.0,0.0
2024-09-04 14:35:00-04:00,77.19999694824219,77.19999694824219,76.91000366210938,76.98999786376953,24638,0.0,0.0
2024-09-04 14:40:00-04:00,76.98999786376953,77.13999938964844,76.94000244140625,76.96499633789062,18186,0.0,0.0
2024-09-04 14:45:00-04:00,76.9749984741211,77.13999938964844,76.94000244140625,77.0999984741211,35903,0.0,0.0
2024-09-04 14:50:00-04:00,77.06999969482422,77.08499908447266,76.93000030517578,77.06999969482422,31747,0.0,0.0
2024-09-04 14:55:00-04:00,77.05000305175781,77.1500015258789,77.05000305175781,77.08499908447266,26424,0.0,0.0
2024-09-04 15:00:00-04:00,77.08499908447266,77.08499908447266,76.7699966430664,76.83000183105469,31074,0.0,0.0
2024-09-04 15:05:00-04:00,76.8499984741211,76.91000366210938,76.69000244140625,76.71499633789062,27659,0.0,0.0
2024-09-04 15:10:00-04:00,76.68000030517578,76.91000366210938,76.66500091552734,76.7300033569336,28567,0.0,0.0
2024-09-04 15:15:00-04:00,76.7300033569336,76.79499816894531,76.62999725341797,76.68000030517578,40879,0.0,0.0
2024-09-04 15:20:00-04:00,76.67410278320312,77.02899932861328,76.67410278320312,76.9800033569336,39311,0.0,0.0
2024-09-04 15:25:00-04:00,76.9800033569336,77.02899932861328,76.88999938964844,76.9749984741211,44777,0.0,0.0
2024-09-04 15:30:00-04:00,76.9749984741211,77.0,76.66000366210938,76.69000244140625,44473,0.0,0.0
2024-09-04 15:35:00-04:00,76.69000244140625,76.74400329589844,76.52999877929688,76.6500015258789,77089,0.0,0.0
2024-09-04 15:40:00-04:00,76.6449966430664,76.6449966430664,76.44999694824219,76.52999877929688,62621,0.0,0.0
2024-09-04 15:45:00-04:00,76.50499725341797,76.56700134277344,76.45999908447266,76.55000305175781,91560,0.0,0.0
2024-09-04 15:50:00-04:00,76.55000305175781,76.73999786376953,76.51000213623047,76.58000183105469,167603,0.0,0.0
2024-09-04 15:55:00-04:00,76.56999969482422,76.7300033569336,76.50499725341797,76.66999816894531,393331,0.0,0.0
2024-09-05 09:30:00-04:00,76.61000061035156,76.8499984741211,75.80999755859375,76.17500305175781,133043,0.0,0.0
2024-09-05 09:35:00-04:00,76.2699966430664,76.43000030517578,75.68000030517578,75.9000015258789,70286,0.0,0.0
2024-09-05 09:40:00-04:00,75.81009674072266,76.45999908447266,75.80000305175781,76.13999938964844,99632,0.0,0.0
2024-09-05 09:45:00-04:00,76.13999938964844,76.80000305175781,76.12000274658203,76.6050033569336,50196,0.0,0.0
2024-09-05 09:50:00-04:00,76.59500122070312,76.62999725341797,76.19999694824219,76.625,42533,0.0,0.0
2024-09-05 09:55:00-04:00,76.83999633789062,76.8499984741211,76.51000213623047,76.52999877929688,39182,0.0,0.0
2024-09-05 10:00:00-04:00,76.58499908447266,77.20999908447266,76.3499984741211,76.91000366210938,81412,0.0,0.0
2024-09-05 10:05:00-04:00,76.88999938964844,77.22000122070312,76.88500213623047,76.94999694824219,54274,0.0,0.0
2024-09-05 10:10:00-04:00,76.91000366210938,76.918701171875,76.0999984741211,76.20999908447266,37584,0.0,0.0
2024-09-05 10:15:00-04:00,76.23999786376953,76.42990112304688,76.08110046386719,76.38500213623047,38164,0.0,0.0
2024-09-05 10:20:00-04:00,76.38999938964844,76.58000183105469,76.33000183105469,76.55999755859375,31065,0.0,0.0
2024-09-05 10:25:00-04:00,76.58999633789062,76.68000030517578,76.24500274658203,76.32499694824219,79795,0.0,0.0
2024-09-05 10:30:00-04:00,76.3499984741211,76.48500061035156,76.23999786376953,76.44000244140625,48273,0.0,0.0
2024-09-05 10:35:00-04:00,76.44000244140625,76.53500366210938,76.375,76.5,41171,0.0,0.0
2024-09-05 10:40:00-04:00,76.47000122070312,76.59500122070312,76.3550033569336,76.41500091552734,78290,0.0,0.0
2024-09-05 10:45:00-04:00,76.20999908447266,76.41999816894531,76.17500305175781,76.31500244140625,35999,0.0,0.0
2024-09-05 10:50:00-04:00,76.30999755859375,76.47000122070312,76.22000122070312,76.43000030517578,35898,0.0,0.0
2024-09-05 10:55:00-04:00,76.41999816894531,76.44999694824219,76.25,76.26000213623047,39561,0.0,0.0
2024-09-05 11:00:00-04:00,76.2699966430664,76.38999938964844,76.1500015258789,76.2699966430664,60318,0.0,0.0
2024-09-05 11:05:00-04:00,76.2699966430664,76.36499786376953,76.04000091552734,76.17389678955078,44648,0.0,0.0
2024-09-05 11:10:00-04:00,76.16000366210938,76.20500183105469,75.77999877929688,75.80999755859375,41207,0.0,0.0
2024-09-05 11:15:00-04:00,75.80999755859375,76.05000305175781,75.80000305175781,76.01000213623047,55425,0.0,0.0
2024-09-05 11:20:00-04:00,76.04000091552734,76.19999694824219,76.02999877929688,76.02999877929688,61802,0.0,0.0
2024-09-05 11:25:00-04:00,76.05000305175781,76.11000061035156,75.97000122070312,76.01000213623047,31012,0.0,0.0
2024-09-05 11:30:00-04:00,76.00499725341797,76.00499725341797,75.6500015258789,75.6500015258789,30082,0.0,0.0
2024-09-05 11:35:00-04:00,75.6500015258789,76.05999755859375,75.6500015258789,75.7699966430664,28663,0.0,0.0
2024-09-05 11:40:00-04:00,75.77999877929688,75.87999725341797,75.625,75.63999938964844,36945,0.0,0.0
2024-09-05 11:45:00-04:00,75.63999938964844,75.88999938964844,75.63999938964844,75.81999969482422,27230,0.0,0.0
2024-09-05 11:50:00-04:00,75.81999969482422,75.92500305175781,75.7300033569336,75.7699966430664,21612,0.0,0.0
2024-09-05 11:55:00-04:00,75.75499725341797,75.80999755859375,75.7300033569336,75.75,19310,0.0,0.0
2024-09-05 12:00:00-04:00,75.73999786376953,76.04000091552734,75.73999786376953,75.8550033569336,43078,0.0,0.0
2024-09-05 12:05:00-04:00,75.84500122070312,75.9000015258789,75.7699966430664,75.7699966430664,29908,0.0,0.0
2024-09-05 12:10:00-04:00,75.7699966430664,75.83000183105469,75.66999816894531,75.76349639892578,22615,0.0,0.0
2024-09-05 12:15:00-04:00,75.78500366210938,75.83000183105469,75.69000244140625,75.83000183105469,19974,0.0,0.0
2024-09-05 12:20:00-04:00,75.83000183105469,75.91999816894531,75.7750015258789,75.91999816894531,26140,0.0,0.0
2024-09-05 12:25:00-04:00,75.93000030517578,76.0250015258789,75.93000030517578,75.98999786376953,22639,0.0,0.0
2024-09-05 12:30:00-04:00,75.98999786376953,76.04000091552734,75.97000122070312,75.97000122070312,16979,0.0,0.0
2024-09-05 12:35:00-04:00,75.97000122070312,76.05000305175781,75.91000366210938,75.93000030517578,29067,0.0,0.0
2024-09-05 12:40:00-04:00,75.95500183105469,76.16999816894531,75.95500183105469,76.0999984741211,16103,0.0,0.0
2024-09-05 12:45:00-04:00,76.0999984741211,76.12999725341797,76.00499725341797,76.00499725341797,24222,0.0,0.0
2024-09-05 12:50:00-04:00,76.00499725341797,76.08999633789062,75.94999694824219,75.9749984741211,18068,0.0,0.0
2024-09-05 12:55:00-04:00,75.98500061035156,76.16000366210938,75.9800033569336,76.05500030517578,16088,0.0,0.0
2024-09-05 13:00:00-04:00,76.04000091552734,76.04499816894531,75.87000274658203,75.9000015258789,17074,0.0,0.0
2024-09-05 13:05:00-04:00,75.87000274658203,75.9000015258789,75.6449966430664,75.66000366210938,25769,0.0,0.0
2024-09-05 13:10:00-04:00,75.66999816894531,75.70999908447266,75.62000274658203,75.65499877929688,13375,0.0,0.0
2024-09-05 13:15:00-04:00,75.67500305175781,75.75,75.52999877929688,75.7300033569336,39279,0.0,0.0
2024-09-05 13:20:00-04:00,75.70999908447266,75.70999908447266,75.59500122070312,75.63999938964844,32582,0.0,0.0
2024-09-05 13:25:00-04:00,75.6449966430664,75.77999877929688,75.56999969482422,75.6500015258789,63219,0.0,0.0
2024-09-05 13:30:00-04:00,75.6500015258789,75.65499877929688,75.54000091552734,75.59500122070312,42499,0.0,0.0
2024-09-05 13:35:00-04:00,75.5999984741211,75.93499755859375,75.5999984741211,75.9000015258789,65075,0.0,0.0
2024-09-05 13:40:00-04:00,75.88999938964844,76.31500244140625,75.87999725341797,76.31500244140625,30216,0.0,0.0
2024-09-05 13:45:00-04:00,76.31500244140625,76.44000244140625,76.30500030517578,76.44000244140625,46330,0.0,0.0
2024-09-05 13:50:00-04:00,76.41999816894531,76.51000213623047,76.30010223388672,76.3499984741211,43710,0.0,0.0
2024-09-05 13:55:00-04:00,76.3499984741211,76.62000274658203,76.3499984741211,76.51000213623047,31330,0.0,0.0
2024-09-05 14:00:00-04:00,76.5199966430664,76.5999984741211,76.16999816894531,76.16999816894531,33666,0.0,0.0
2024-09-05 14:05:00-04:00,76.17500305175781,76.2699966430664,76.13999938964844,76.19999694824219,23013,0.0,0.0
2024-09-05 14:10:00-04:00,76.19999694824219,76.26000213623047,76.12999725341797,76.24500274658203,27507,0.0,0.0
2024-09-05 14:15:00-04:00,76.26499938964844,76.37999725341797,76.22000122070312,76.37999725341797,26290,0.0,0.0
2024-09-05 14:20:00-04:00,76.36150360107422,76.4800033569336,76.29000091552734,76.29000091552734,45812,0.0,0.0
2024-09-05 14:25:00-04:00,76.27999877929688,76.37999725341797,76.20500183105469,76.22000122070312,47608,0.0,0.0
2024-09-05 14:30:00-04:00,76.19999694824219,76.2699966430664,76.12000274658203,76.13500213623047,36925,0.0,0.0
2024-09-05 14:35:00-04:00,76.13500213623047,76.29000091552734,76.09500122070312,76.2750015258789,42777,0.0,0.0
2024-09-05 14:40:00-04:00,76.29499816894531,76.37000274658203,76.16999816894531,76.21499633789062,33564,0.0,0.0
2024-09-05 14:45:00-04:00,76.22000122070312,76.5199966430664,76.21499633789062,76.5,28213,0.0,0.0
2024-09-05 14:50:00-04:00,76.51000213623047,76.62960052490234,76.33999633789062,76.375,48003,0.0,0.0
2024-09-05 14:55:00-04:00,76.375,76.37999725341797,76.23999786376953,76.25499725341797,49037,0.0,0.0
2024-09-05 15:00:00-04:00,76.20999908447266,76.20999908447266,76.02999877929688,76.18000030517578,47222,0.0,0.0
2024-09-05 15:05:00-04:00,76.18000030517578,76.19499969482422,76.06999969482422,76.18000030517578,30923,0.0,0.0
2024-09-05 15:10:00-04:00,76.18000030517578,76.30000305175781,76.13500213623047,76.16000366210938,32994,0.0,0.0
2024-09-05 15:15:00-04:00,76.16999816894531,76.19000244140625,75.97000122070312,76.0999984741211,60007,0.0,0.0
2024-09-05 15:20:00-04:00,76.12000274658203,76.22899627685547,76.06500244140625,76.14140319824219,45570,0.0,0.0
2024-09-05 15:25:00-04:00,76.16000366210938,76.22899627685547,76.12000274658203,76.1500015258789,67835,0.0,0.0
2024-09-05 15:30:00-04:00,76.1500015258789,76.28700256347656,76.12000274658203,76.25499725341797,48558,0.0,0.0
2024-09-05 15:35:00-04:00,76.24500274658203,76.26699829101562,76.0,76.02999877929688,60653,0.0,0.0
2024-09-05 15:40:00-04:00,76.0199966430664,76.0199966430664,75.76499938964844,75.7750015258789,94962,0.0,0.0
2024-09-05 15:45:00-04:00,75.75,75.9000015258789,75.6500015258789,75.6500015258789,87647,0.0,0.0
2024-09-05 15:50:00-04:00,75.68000030517578,75.83999633789062,75.5,75.76000213623047,189438,0.0,0.0
2024-09-05 15:55:00-04:00,75.75,75.95999908447266,75.73999786376953,75.83999633789062,405606,0.0,0.0
2024-09-06 09:30:00-04:00,75.72000122070312,76.1604995727539,75.69999694824219,76.05500030517578,93441,0.0,0.0
2024-09-06 09:35:00-04:00,76.06999969482422,76.42890167236328,75.93000030517578,76.0,37930,0.0,0.0
2024-09-06 09:40:00-04:00,75.93000030517578,76.01000213623047,75.48500061035156,75.75,120750,0.0,0.0
2024-09-06 09:45:00-04:00,75.75,76.16000366210938,75.75,75.91500091552734,37857,0.0,0.0
2024-09-06 09:50:00-04:00,75.94999694824219,75.94999694824219,75.37000274658203,75.41999816894531,34213,0.0,0.0
2024-09-06 09:55:00-04:00,75.41999816894531,75.52999877929688,74.76000213623047,74.76000213623047,57887,0.0,0.0
2024-09-06 10:00:00-04:00,74.63999938964844,74.87999725341797,74.55000305175781,74.72000122070312,86407,0.0,0.0
2024-09-06 10:05:00-04:00,74.67500305175781,74.89990234375,74.62999725341797,74.6500015258789,81614,0.0,0.0
2024-09-06 10:10:00-04:00,74.62000274658203,74.88999938964844,74.44000244140625,74.88999938964844,92564,0.0,0.0
2024-09-06 10:15:00-04:00,74.91999816894531,75.05999755859375,74.83999633789062,75.0,32465,0.0,0.0
2024-09-06 10:20:00-04:00,75.00499725341797,75.0999984741211,74.7699966430664,74.7699966430664,41608,0.0,0.0
2024-09-06 10:25:00-04:00,74.80000305175781,74.98999786376953,74.7699966430664,74.80000305175781,65585,0.0,0.0
2024-09-06 10:30:00-04:00,74.83999633789062,74.97000122070312,74.58999633789062,74.61000061035156,56206,0.0,0.0
2024-09-06 10:35:00-04:00,74.65499877929688,74.7699966430664,74.58999633789062,74.65499877929688,50153,0.0,0.0
2024-09-06 10:40:00-04:00,74.65499877929688,74.66999816894531,74.43499755859375,74.4800033569336,60490,0.0,0.0
2024-09-06 10:45:00-04:00,74.50499725341797,74.58000183105469,74.2300033569336,74.41999816894531,42375,0.0,0.0
2024-09-06 10:50:00-04:00,74.41000366210938,74.56999969482422,74.30999755859375,74.3499984741211,46436,0.0,0.0
2024-09-06 10:55:00-04:00,74.33000183105469,74.4000015258789,73.9000015258789,74.12000274658203,203455,0.0,0.0
2024-09-06 11:00:00-04:00,74.1500015258789,75.02999877929688,74.1500015258789,74.52999877929688,62359,0.0,0.0
2024-09-06 11:05:00-04:00,74.4800033569336,74.69000244140625,74.16000366210938,74.19000244140625,33140,0.0,0.0
2024-09-06 11:10:00-04:00,74.2249984741211,74.38809967041016,74.08000183105469,74.33499908447266,30754,0.0,0.0
2024-09-06 11:15:00-04:00,74.33499908447266,74.41999816894531,73.87999725341797,73.93000030517578,40942,0.0,0.0
2024-09-06 11:20:00-04:00,73.95999908447266,74.2300033569336,73.94100189208984,74.19499969482422,32443,0.0,0.0
2024-09-06 11:25:00-04:00,74.19499969482422,74.25,73.91999816894531,73.94999694824219,38887,0.0,0.0
2024-09-06 11:30:00-04:00,73.93499755859375,74.12999725341797,73.77999877929688,74.03500366210938,53223,0.0,0.0
2024-09-06 11:35:00-04:00,74.00800323486328,74.08999633789062,73.83000183105469,73.93000030517578,29137,0.0,0.0
2024-09-06 11:40:00-04:00,73.91999816894531,73.94999694824219,73.62999725341797,73.63999938964844,42339,0.0,0.0
2024-09-06 11:45:00-04:00,73.62139892578125,73.7300033569336,73.55000305175781,73.63999938964844,94044,0.0,0.0
2024-09-06 11:50:00-04:00,73.63500213623047,73.68000030517578,73.4000015258789,73.6449966430664,36310,0.0,0.0
2024-09-06 11:55:00-04:00,73.6449966430664,73.94499969482422,73.6449966430664,73.8499984741211,34373,0.0,0.0
2024-09-06 12:00:00-04:00,73.8550033569336,73.94000244140625,73.76010131835938,73.80999755859375,33647,0.0,0.0
2024-09-06 12:05:00-04:00,73.80999755859375,73.91999816894531,73.77999877929688,73.82499694824219,27723,0.0,0.0
2024-09-06 12:10:00-04:00,73.84500122070312,73.91999816894531,73.73999786376953,73.87000274658203,64089,0.0,0.0
2024-09-06 12:15:00-04:00,73.87000274658203,74.01000213623047,73.75,73.81999969482422,67650,0.0,0.0
2024-09-06 12:20:00-04:00,73.81999969482422,73.94989776611328,73.2699966430664,73.37000274658203,75906,0.0,0.0
2024-09-06 12:25:00-04:00,73.37999725341797,73.55000305175781,73.23999786376953,73.43000030517578,52665,0.0,0.0
2024-09-06 12:30:00-04:00,73.41000366210938,73.5,73.2300033569336,73.4800033569336,23635,0.0,0.0
2024-09-06 12:35:00-04:00,73.44000244140625,73.62999725341797,73.33000183105469,73.33499908447266,23661,0.0,0.0
2024-09-06 12:40:00-04:00,73.33499908447266,73.5,73.22000122070312,73.5,101227,0.0,0.0
2024-09-06 12:45:00-04:00,73.45500183105469,73.45500183105469,73.29000091552734,73.41120147705078,28930,0.0,0.0
2024-09-06 12:50:00-04:00,73.40499877929688,73.44999694824219,73.33000183105469,73.37999725341797,19475,0.0,0.0
2024-09-06 12:55:00-04:00,73.38500213623047,73.54000091552734,73.33999633789062,73.45040130615234,28230,0.0,0.0
2024-09-06 13:00:00-04:00,73.43990325927734,73.54000091552734,73.34500122070312,73.54000091552734,20473,0.0,0.0
2024-09-06 13:05:00-04:00,73.48500061035156,73.80000305175781,73.43000030517578,73.75,33598,0.0,0.0
2024-09-06 13:10:00-04:00,73.73999786376953,73.86000061035156,73.70999908447266,73.79000091552734,35981,0.0,0.0
2024-09-06 13:15:00-04:00,73.7699966430664,73.80500030517578,73.62000274658203,73.68499755859375,22531,0.0,0.0
2024-09-06 13:20:00-04:00,73.66000366210938,73.87999725341797,73.6500015258789,73.81999969482422,36296,0.0,0.0
2024-09-06 13:25:00-04:00,73.79000091552734,73.81999969482422,73.4800033569336,73.48999786376953,29816,0.0,0.0
2024-09-06 13:30:00-04:00,73.4800033569336,73.5999984741211,73.41999816894531,73.51000213623047,30771,0.0,0.0
2024-09-06 13:35:00-04:00,73.51000213623047,73.5199966430664,73.3499984741211,73.38999938964844,31199,0.0,0.0
2024-09-06 13:40:00-04:00,73.4000015258789,73.43000030517578,73.30999755859375,73.40499877929688,33670,0.0,0.0
2024-09-06 13:45:00-04:00,73.44000244140625,73.6500015258789,73.41500091552734,73.58999633789062,30711,0.0,0.0
2024-09-06 13:50:00-04:00,73.58999633789062,73.72000122070312,73.55999755859375,73.6500015258789,19269,0.0,0.0
2024-09-06 13:55:00-04:00,73.6500015258789,73.80999755859375,73.56999969482422,73.61000061035156,22742,0.0,0.0
2024-09-06 14:00:00-04:00,73.625,73.63500213623047,73.36750030517578,73.37999725341797,30676,0.0,0.0
2024-09-06 14:05:00-04:00,73.37999725341797,73.43499755859375,73.33999633789062,73.33999633789062,29226,0.0,0.0
2024-09-06 14:10:00-04:00,73.3550033569336,73.35990142822266,73.18000030517578,73.29499816894531,47149,0.0,0.0
2024-09-06 14:15:00-04:00,73.27999877929688,73.27999877929688,73.13999938964844,73.16999816894531,43264,0.0,0.0
2024-09-06 14:20:00-04:00,73.19999694824219,73.30999755859375,73.16000366210938,73.2699966430664,29311,0.0,0.0
2024-09-06 14:25:00-04:00,73.26010131835938,73.56999969482422,73.2300033569336,73.5199966430664,46231,0.0,0.0
2024-09-06 14:30:00-04:00,73.5250015258789,73.72000122070312,73.5,73.58999633789062,58450,0.0,0.0
2024-09-06 14:35:00-04:00,73.5999984741211,73.66999816894531,73.55000305175781,73.5999984741211,35104,0.0,0.0
2024-09-06 14:40:00-04:00,73.5999984741211,73.70999908447266,73.55000305175781,73.68000030517578,28675,0.0,0.0
2024-09-06 14:45:00-04:00,73.69259643554688,73.69259643554688,73.55999755859375,73.65499877929688,23593,0.0,0.0
2024-09-06 14:50:00-04:00,73.6500015258789,73.7300033569336,73.51000213623047,73.69999694824219,39126,0.0,0.0
2024-09-06 14:55:00-04:00,73.69000244140625,73.91000366210938,73.66999816894531,73.83999633789062,85707,0.0,0.0
2024-09-06 15:00:00-04:00,73.83999633789062,73.91999816894531,73.77999877929688,73.87999725341797,47953,0.0,0.0
2024-09-06 15:05:00-04:00,73.8499984741211,73.97000122070312,73.80999755859375,73.97000122070312,60947,0.0,0.0
2024-09-06 15:10:00-04:00,73.9800033569336,74.0199966430664,73.93000030517578,74.0,37827,0.0,0.0
2024-09-06 15:15:00-04:00,73.98999786376953,74.08999633789062,73.97000122070312,74.08999633789062,43564,0.0,0.0
2024-09-06 15:20:00-04:00,74.08999633789062,74.30999755859375,74.08000183105469,74.30999755859375,56468,0.0,0.0
2024-09-06 15:25:00-04:00,74.28500366210938,74.48999786376953,74.2300033569336,74.32499694824219,52640,0.0,0.0
2024-09-06 15:30:00-04:00,74.32499694824219,74.32499694824219,73.97000122070312,74.12000274658203,81902,0.0,0.0
2024-09-06 15:35:00-04:00,74.12000274658203,74.12999725341797,73.87999725341797,73.9000015258789,82869,0.0,0.0
2024-09-06 15:40:00-04:00,73.87000274658203,74.09500122070312,73.81999969482422,73.9800033569336,66381,0.0,0.0
2024-09-06 15:45:00-04:00,73.9800033569336,74.05999755859375,73.94999694824219,74.05000305175781,101981,0.0,0.0
2024-09-06 15:50:00-04:00,74.04499816894531,74.13999938964844,73.80500030517578,73.87999725341797,215984,0.0,0.0
2024-09-06 15:55:00-04:00,73.87000274658203,73.87000274658203,73.66999816894531,73.69999694824219,348452,0.0,0.0
2024-09-09 09:30:00-04:00,75.0,75.04000091552734,74.44000244140625,74.80999755859375,108726,0.0,0.0
2024-09-09 09:35:00-04:00,74.83999633789062,75.48999786376953,74.83000183105469,75.43440246582031,82102,0.0,0.0
2024-09-09 09:40:00-04:00,75.44000244140625,75.44499969482422,74.11000061035156,74.18499755859375,55224,0.0,0.0
2024-09-09 09:45:00-04:00,74.19000244140625,74.19999694824219,73.752197265625,74.02999877929688,80522,0.0,0.0
2024-09-09 09:50:00-04:00,74.05000305175781,74.19000244140625,73.88999938964844,74.06999969482422,68948,0.0,0.0
2024-09-09 09:55:00-04:00,74.06999969482422,74.16000366210938,73.8550033569336,74.1050033569336,43717,0.0,0.0
2024-09-09 10:00:00-04:00,74.125,74.13999938964844,73.95999908447266,74.1050033569336,73468,0.0,0.0
2024-09-09 10:05:00-04:00,74.12999725341797,74.16000366210938,73.92009735107422,74.08999633789062,42388,0.0,0.0
2024-09-09 10:10:00-04:00,74.0999984741211,74.4000015258789,74.08999633789062,74.16000366210938,69077,0.0,0.0
2024-09-09 10:15:00-04:00,74.12000274658203,74.12000274658203,73.75,73.7699966430664,70677,0.0,0.0
2024-09-09 10:20:00-04:00,73.7699966430664,73.8499984741211,73.4749984741211,73.51000213623047,44373,0.0,0.0
2024-09-09 10:25:00-04:00,73.51499938964844,73.55000305175781,73.22000122070312,73.33999633789062,35083,0.0,0.0
2024-09-09 10:30:00-04:00,73.30000305175781,73.3499984741211,73.05000305175781,73.19000244140625,57640,0.0,0.0
2024-09-09 10:35:00-04:00,73.19499969482422,73.2300033569336,72.9000015258789,72.94999694824219,41074,0.0,0.0
2024-09-09 10:40:00-04:00,72.93499755859375,73.12999725341797,72.91000366210938,72.94000244140625,48116,0.0,0.0
2024-09-09 10:45:00-04:00,72.94000244140625,73.1500015258789,72.94000244140625,73.06500244140625,35374,0.0,0.0
2024-09-09 10:50:00-04:00,73.05999755859375,73.12000274658203,72.91999816894531,73.11499786376953,36043,0.0,0.0
2024-09-09 10:55:00-04:00,73.11499786376953,73.37999725341797,73.03500366210938,73.03500366210938,38812,0.0,0.0
2024-09-09 11:00:00-04:00,73.0199966430664,73.22000122070312,72.93499755859375,73.16500091552734,48795,0.0,0.0
2024-09-09 11:05:00-04:00,73.15499877929688,73.41999816894531,73.12999725341797,73.32499694824219,33703,0.0,0.0
2024-09-09 11:10:00-04:00,73.30000305175781,73.38999938964844,73.12000274658203,73.27999877929688,28761,0.0,0.0
2024-09-09 11:15:00-04:00,73.28500366210938,73.4000015258789,73.22000122070312,73.4000015258789,20716,0.0,0.0
2024-09-09 11:20:00-04:00,73.38500213623047,73.75,73.38500213623047,73.74500274658203,29010,0.0,0.0
2024-09-09 11:25:00-04:00,73.70999908447266,73.75,73.66000366210938,73.68499755859375,27002,0.0,0.0
2024-09-09 11:30:00-04:00,73.70999908447266,73.93000030517578,73.68499755859375,73.79000091552734,60126,0.0,0.0
2024-09-09 11:35:00-04:00,73.81999969482422,73.8499984741211,73.5999984741211,73.82499694824219,36069,0.0,0.0
2024-09-09 11:40:00-04:00,73.81999969482422,73.88999938964844,73.75499725341797,73.75499725341797,20094,0.0,0.0
2024-09-09 11:45:00-04:00,73.76499938964844,74.02999877929688,73.73999786376953,73.98049926757812,39365,0.0,0.0
2024-09-09 11:50:00-04:00,74.00499725341797,74.12000274658203,73.93000030517578,74.0250015258789,36698,0.0,0.0
2024-09-09 11:55:00-04:00,74.0250015258789,74.05000305175781,73.95999908447266,73.98999786376953,11940,0.0,0.0
2024-09-09 12:00:00-04:00,74.0,74.02999877929688,73.88009643554688,74.0,24037,0.0,0.0
2024-09-09 12:05:00-04:00,73.9800033569336,74.05500030517578,73.9000015258789,74.05500030517578,35698,0.0,0.0
2024-09-09 12:10:00-04:00,74.05500030517578,74.08999633789062,74.0,74.06500244140625,48525,0.0,0.0
2024-09-09 12:15:00-04:00,74.07499694824219,74.27999877929688,73.93000030517578,74.27999877929688,52657,0.0,0.0
2024-09-09 12:20:00-04:00,74.26249694824219,74.30000305175781,74.20999908447266,74.2699966430664,49604,0.0,0.0
2024-09-09 12:25:00-04:00,74.26000213623047,74.33999633789062,74.2249984741211,74.29810333251953,33123,0.0,0.0
2024-09-09 12:30:00-04:00,74.27999877929688,74.30999755859375,74.20999908447266,74.23999786376953,16587,0.0,0.0
2024-09-09 12:35:00-04:00,74.25,74.37999725341797,74.25,74.32610321044922,22418,0.0,0.0
2024-09-09 12:40:00-04:00,74.33209991455078,74.33209991455078,74.19999694824219,74.25,24939,0.0,0.0
2024-09-09 12:45:00-04:00,74.2300033569336,74.31999969482422,74.22000122070312,74.30999755859375,18714,0.0,0.0
2024-09-09 12:50:00-04:00,74.30999755859375,74.40499877929688,74.30500030517578,74.40499877929688,25959,0.0,0.0
2024-09-09 12:55:00-04:00,74.41999816894531,74.4800033569336,74.3499984741211,74.44999694824219,20717,0.0,0.0
2024-09-09 13:00:00-04:00,74.43000030517578,74.51000213623047,74.3499984741211,74.46499633789062,31700,0.0,0.0
2024-09-09 13:05:00-04:00,74.46499633789062,74.5,74.4489974975586,74.47000122070312,13059,0.0,0.0
2024-09-09 13:10:00-04:00,74.4800033569336,74.49500274658203,74.37999725341797,74.37999725341797,23328,0.0,0.0
2024-09-09 13:15:00-04:00,74.37000274658203,74.45999908447266,74.33499908447266,74.43720245361328,28930,0.0,0.0
2024-09-09 13:20:00-04:00,74.43000030517578,74.43000030517578,74.26000213623047,74.37999725341797,17936,0.0,0.0
2024-09-09 13:25:00-04:00,74.4000015258789,74.4800033569336,74.38999938964844,74.44000244140625,20541,0.0,0.0
2024-09-09 13:30:00-04:00,74.44000244140625,74.44999694824219,74.19000244140625,74.2925033569336,55024,0.0,0.0
2024-09-09 13:35:00-04:00,74.29000091552734,74.52999877929688,74.26010131835938,74.52999877929688,24068,0.0,0.0
2024-09-09 13:40:00-04:00,74.52999877929688,74.52999877929688,74.38999938964844,74.38999938964844,29054,0.0,0.0
2024-09-09 13:45:00-04:00,74.38999938964844,74.51000213623047,74.36000061035156,74.44000244140625,22312,0.0,0.0
2024-09-09 13:50:00-04:00,74.44000244140625,74.44999694824219,74.29000091552734,74.29000091552734,40370,0.0,0.0
2024-09-09 13:55:00-04:00,74.29000091552734,74.41999816894531,74.16000366210938,74.16999816894531,63016,0.0,0.0
2024-09-09 14:00:00-04:00,74.16999816894531,74.20999908447266,74.12999725341797,74.16000366210938,13962,0.0,0.0
2024-09-09 14:05:00-04:00,74.16000366210938,74.28990173339844,74.16000366210938,74.22000122070312,34469,0.0,0.0
2024-09-09 14:10:00-04:00,74.19999694824219,74.2300033569336,74.12999725341797,74.15499877929688,16160,0.0,0.0
2024-09-09 14:15:00-04:00,74.12999725341797,74.18000030517578,74.05000305175781,74.08499908447266,43010,0.0,0.0
2024-09-09 14:20:00-04:00,74.1050033569336,74.16000366210938,74.06999969482422,74.12999725341797,24732,0.0,0.0
2024-09-09 14:25:00-04:00,74.13999938964844,74.18499755859375,74.05000305175781,74.05000305175781,28805,0.0,0.0
2024-09-09 14:30:00-04:00,74.05000305175781,74.16999816894531,74.02999877929688,74.08999633789062,27450,0.0,0.0
2024-09-09 14:35:00-04:00,74.12000274658203,74.16000366210938,73.99500274658203,74.00499725341797,32384,0.0,0.0
2024-09-09 14:40:00-04:00,74.0,74.1449966430664,73.97000122070312,74.1449966430664,39679,0.0,0.0
2024-09-09 14:45:00-04:00,74.1449966430664,74.16999816894531,74.06999969482422,74.13500213623047,33438,0.0,0.0
2024-09-09 14:50:00-04:00,74.12999725341797,74.2750015258789,74.12000274658203,74.23999786376953,49932,0.0,0.0
2024-09-09 14:55:00-04:00,74.23999786376953,74.33999633789062,74.22000122070312,74.2750015258789,25910,0.0,0.0
2024-09-09 15:00:00-04:00,74.29000091552734,74.29000091552734,74.04499816894531,74.0468978881836,25482,0.0,0.0
2024-09-09 15:05:00-04:00,74.02999877929688,74.19999694824219,74.02999877929688,74.18000030517578,35413,0.0,0.0
2024-09-09 15:10:00-04:00,74.18499755859375,74.2300033569336,74.12999725341797,74.19499969482422,51827,0.0,0.0
2024-09-09 15:15:00-04:00,74.20999908447266,74.56999969482422,74.19999694824219,74.56999969482422,61841,0.0,0.0
2024-09-09 15:20:00-04:00,74.55000305175781,74.56500244140625,74.40499877929688,74.42500305175781,49438,0.0,0.0
2024-09-09 15:25:00-04:00,74.41000366210938,74.62000274658203,74.41000366210938,74.58999633789062,38089,0.0,0.0
2024-09-09 15:30:00-04:00,74.58000183105469,74.62000274658203,74.47000122070312,74.4749984741211,46995,0.0,0.0
2024-09-09 15:35:00-04:00,74.4749984741211,74.61000061035156,74.45999908447266,74.55000305175781,51276,0.0,0.0
2024-09-09 15:40:00-04:00,74.55000305175781,74.58000183105469,74.44000244140625,74.45999908447266,50054,0.0,0.0
2024-09-09 15:45:00-04:00,74.44999694824219,74.56999969482422,74.29000091552734,74.54000091552734,79835,0.0,0.0
2024-09-09 15:50:00-04:00,74.56999969482422,74.5999984741211,74.30000305175781,74.45999908447266,151682,0.0,0.0
2024-09-09 15:55:00-04:00,74.4800033569336,74.95999908447266,74.4749984741211,74.94999694824219,324528,0.0,0.0
2024-09-10 09:30:00-04:00,75.41000366210938,75.48999786376953,74.77999877929688,74.86000061035156,93052,0.0,0.0
2024-09-10 09:35:00-04:00,74.8550033569336,74.87999725341797,74.5,74.69000244140625,59356,0.0,0.0
2024-09-10 09:40:00-04:00,74.73999786376953,75.2300033569336,74.7300033569336,75.02999877929688,55409,0.0,0.0
2024-09-10 09:45:00-04:00,75.05000305175781,75.33999633789062,74.88999938964844,75.25,41324,0.0,0.0
2024-09-10 09:50:00-04:00,75.27999877929688,75.58999633789062,75.1500015258789,75.55000305175781,68275,0.0,0.0
2024-09-10 09:55:00-04:00,75.51499938964844,75.72000122070312,75.30999755859375,75.37000274658203,29637,0.0,0.0
2024-09-10 10:00:00-04:00,75.44000244140625,75.83999633789062,75.41999816894531,75.54000091552734,37807,0.0,0.0
2024-09-10 10:05:00-04:00,75.48999786376953,75.51000213623047,74.87999725341797,75.37000274658203,40210,0.0,0.0
2024-09-10 10:10:00-04:00,75.4000015258789,75.4000015258789,74.66999816894531,74.7699966430664,34367,0.0,0.0
2024-09-10 10:15:00-04:00,74.81500244140625,75.05000305175781,74.74500274658203,74.93000030517578,26944,0.0,0.0
2024-09-10 10:20:00-04:00,74.9800033569336,75.05000305175781,74.79000091552734,74.81999969482422,26434,0.0,0.0
2024-09-10 10:25:00-04:00,74.80000305175781,75.37000274658203,74.80000305175781,75.37000274658203,37518,0.0,0.0
2024-09-10 10:30:00-04:00,75.44000244140625,75.5,75.05000305175781,75.18000030517578,67510,0.0,0.0
2024-09-10 10:35:00-04:00,75.12999725341797,75.5,75.12999725341797,75.37999725341797,41703,0.0,0.0
2024-09-10 10:40:00-04:00,75.36000061035156,75.44999694824219,75.16000366210938,75.33000183105469,25832,0.0,0.0
2024-09-10 10:45:00-04:00,75.36499786376953,75.5,75.20999908447266,75.33000183105469,42874,0.0,0.0
2024-09-10 10:50:00-04:00,75.29000091552734,75.33000183105469,74.93000030517578,75.07499694824219,21336,0.0,0.0
2024-09-10 10:55:00-04:00,75.08000183105469,75.16999816894531,74.97000122070312,75.08000183105469,23091,0.0,0.0
2024-09-10 11:00:00-04:00,75.08000183105469,75.0999984741211,74.95999908447266,75.0199966430664,15977,0.0,0.0
2024-09-10 11:05:00-04:00,75.0199966430664,75.31999969482422,74.93000030517578,75.27999877929688,32665,0.0,0.0
2024-09-10 11:10:00-04:00,75.30000305175781,75.50499725341797,75.25,75.36000061035156,49645,0.0,0.0
2024-09-10 11:15:00-04:00,75.375,75.66000366210938,75.33000183105469,75.58000183105469,26781,0.0,0.0
2024-09-10 11:20:00-04:00,75.61000061035156,75.61000061035156,75.37999725341797,75.5250015258789,20465,0.0,0.0
2024-09-10 11:25:00-04:00,75.58999633789062,75.6698989868164,75.54000091552734,75.58000183105469,16818,0.0,0.0
2024-09-10 11:30:00-04:00,75.61000061035156,75.61000061035156,75.31999969482422,75.33000183105469,40677,0.0,0.0
2024-09-10 11:35:00-04:00,75.34500122070312,75.34500122070312,74.80999755859375,74.83999633789062,47195,0.0,0.0
2024-09-10 11:40:00-04:00,74.86000061035156,75.02999877929688,74.83000183105469,74.9000015258789,41450,0.0,0.0
2024-09-10 11:45:00-04:00,74.87000274658203,74.95999908447266,74.80999755859375,74.91000366210938,12781,0.0,0.0
2024-09-10 11:50:00-04:00,74.91000366210938,75.01000213623047,74.7699966430664,74.98999786376953,24301,0.0,0.0
2024-09-10 11:55:00-04:00,74.98999786376953,75.18250274658203,74.95500183105469,75.0199966430664,24817,0.0,0.0
2024-09-10 12:00:00-04:00,75.0,75.1500015258789,74.94999694824219,75.05999755859375,31221,0.0,0.0
2024-09-10 12:05:00-04:00,75.11000061035156,75.23999786376953,75.0199966430664,75.06999969482422,17051,0.0,0.0
2024-09-10 12:10:00-04:00,75.08000183105469,75.11000061035156,75.01000213623047,75.04000091552734,12785,0.0,0.0
2024-09-10 12:15:00-04:00,75.05000305175781,75.23999786376953,75.0,75.21499633789062,14341,0.0,0.0
2024-09-10 12:20:00-04:00,75.19999694824219,75.37999725341797,75.18000030517578,75.30999755859375,38697,0.0,0.0
2024-09-10 12:25:00-04:00,75.29000091552734,75.41000366210938,75.29000091552734,75.36000061035156,38651,0.0,0.0
2024-09-10 12:30:00-04:00,75.33999633789062,75.4000015258789,75.29000091552734,75.4000015258789,32350,0.0,0.0
2024-09-10 12:35:00-04:00,75.38500213623047,75.45999908447266,75.30000305175781,75.38999938964844,17718,0.0,0.0
2024-09-10 12:40:00-04:00,75.41000366210938,75.56990051269531,75.41000366210938,75.56990051269531,31336,0.0,0.0
2024-09-10 12:45:00-04:00,75.55000305175781,75.58000183105469,75.44000244140625,75.47000122070312,49350,0.0,0.0
2024-09-10 12:50:00-04:00,75.45999908447266,75.70500183105469,75.44000244140625,75.69999694824219,16547,0.0,0.0
2024-09-10 12:55:00-04:00,75.69000244140625,75.73999786376953,75.5,75.5,20581,0.0,0.0
2024-09-10 13:00:00-04:00,75.51499938964844,75.62000274658203,75.47000122070312,75.62000274658203,15516,0.0,0.0
2024-09-10 13:05:00-04:00,75.5999984741211,75.68000030517578,75.57499694824219,75.61499786376953,18968,0.0,0.0
2024-09-10 13:10:00-04:00,75.62999725341797,75.875,75.62999725341797,75.80000305175781,32231,0.0,0.0
2024-09-10 13:15:00-04:00,75.80000305175781,75.9000015258789,75.76399993896484,75.80000305175781,21324,0.0,0.0
2024-09-10 13:20:00-04:00,75.80000305175781,75.80999755859375,75.68000030517578,75.77999877929688,19667,0.0,0.0
2024-09-10 13:25:00-04:00,75.78939819335938,75.78939819335938,75.61000061035156,75.7300033569336,22990,0.0,0.0
2024-09-10 13:30:00-04:00,75.73249816894531,75.87999725341797,75.68000030517578,75.8499984741211,20198,0.0,0.0
2024-09-10 13:35:00-04:00,75.87999725341797,75.9436264038086,75.79000091552734,75.9000015258789,27477,0.0,0.0
2024-09-10 13:40:00-04:00,75.9000015258789,75.92250061035156,75.78500366210938,75.79000091552734,19985,0.0,0.0
2024-09-10 13:45:00-04:00,75.80999755859375,75.98999786376953,75.79000091552734,75.93000030517578,28646,0.0,0.0
2024-09-10 13:50:00-04:00,75.94499969482422,76.0,75.87999725341797,75.93000030517578,26777,0.0,0.0
2024-09-10 13:55:00-04:00,75.94000244140625,76.0199966430664,75.88999938964844,75.99500274658203,38967,0.0,0.0
2024-09-10 14:00:00-04:00,76.0,76.22989654541016,75.98999786376953,76.16999816894531,43119,0.0,0.0
2024-09-10 14:05:00-04:00,76.16999816894531,76.2300033569336,76.08000183105469,76.2300033569336,18520,0.0,0.0
2024-09-10 14:10:00-04:00,76.26000213623047,76.36000061035156,76.19000244140625,76.33999633789062,32070,0.0,0.0
2024-09-10 14:15:00-04:00,76.3499984741211,76.4000015258789,76.22000122070312,76.29000091552734,44241,0.0,0.0
2024-09-10 14:20:00-04:00,76.25499725341797,76.27999877929688,75.98999786376953,76.02999877929688,42418,0.0,0.0
2024-09-10 14:25:00-04:00,76.02999877929688,76.15499877929688,75.98999786376953,76.1449966430664,22143,0.0,0.0
2024-09-10 14:30:00-04:00,76.1500015258789,76.33000183105469,76.1500015258789,76.26899719238281,20973,0.0,0.0
2024-09-10 14:35:00-04:00,76.26000213623047,76.38999938964844,76.21009826660156,76.33999633789062,20136,0.0,0.0
2024-09-10 14:40:00-04:00,76.34120178222656,76.48999786376953,76.33999633789062,76.48999786376953,32009,0.0,0.0
2024-09-10 14:45:00-04:00,76.4800033569336,76.5199966430664,76.33999633789062,76.35900115966797,24419,0.0,0.0
2024-09-10 14:50:00-04:00,76.36000061035156,76.47000122070312,76.30000305175781,76.45999908447266,27964,0.0,0.0
2024-09-10 14:55:00-04:00,76.4800033569336,76.58000183105469,76.46990203857422,76.5,37162,0.0,0.0
2024-09-10 15:00:00-04:00,76.48999786376953,76.64990234375,76.4749984741211,76.54499816894531,39493,0.0,0.0
2024-09-10 15:05:00-04:00,76.55000305175781,76.68000030517578,76.52989959716797,76.68000030517578,37392,0.0,0.0
2024-09-10 15:10:00-04:00,76.68000030517578,76.69999694824219,76.51000213623047,76.58200073242188,33447,0.0,0.0
2024-09-10 15:15:00-04:00,76.60659790039062,76.66999816894531,76.5199966430664,76.58999633789062,36982,0.0,0.0
2024-09-10 15:20:00-04:00,76.58000183105469,76.62999725341797,76.51000213623047,76.51000213623047,23893,0.0,0.0
2024-09-10 15:25:00-04:00,76.5199966430664,76.81999969482422,76.5199966430664,76.77999877929688,39613,0.0,0.0
2024-09-10 15:30:00-04:00,76.75,76.75,76.62010192871094,76.63999938964844,34052,0.0,0.0
2024-09-10 15:35:00-04:00,76.6500015258789,76.6500015258789,76.37000274658203,76.37100219726562,44325,0.0,0.0
2024-09-10 15:40:00-04:00,76.375,76.4800033569336,76.375,76.41999816894531,43162,0.0,0.0
2024-09-10 15:45:00-04:00,76.41999816894531,76.53500366210938,76.37999725341797,76.41999816894531,59739,0.0,0.0
2024-09-10 15:50:00-04:00,76.41000366210938,76.41000366210938,76.02999877929688,76.16000366210938,119455,0.0,0.0
2024-09-10 15:55:00-04:00,76.18000030517578,76.2750015258789,76.0,76.07099914550781,304062,0.0,0.0
2024-09-11 09:30:00-04:00,76.95999908447266,77.26000213623047,76.3499984741211,76.61000061035156,98298,0.0,0.0
2024-09-11 09:35:00-04:00,76.98500061035156,77.09500122070312,76.19999694824219,76.25,57924,0.0,0.0
2024-09-11 09:40:00-04:00,76.19999694824219,76.79000091552734,76.01000213623047,76.79000091552734,62015,0.0,0.0
2024-09-11 09:45:00-04:00,76.80000305175781,77.16000366210938,76.44000244140625,76.62999725341797,104237,0.0,0.0
2024-09-11 09:50:00-04:00,76.66999816894531,76.95999908447266,76.47000122070312,76.51000213623047,63894,0.0,0.0
2024-09-11 09:55:00-04:00,76.51000213623047,76.76000213623047,76.31999969482422,76.31999969482422,35949,0.0,0.0
2024-09-11 10:00:00-04:00,76.30999755859375,76.75,76.12000274658203,76.63999938964844,60489,0.0,0.0
2024-09-11 10:05:00-04:00,76.62999725341797,76.76000213623047,76.43000030517578,76.56999969482422,34815,0.0,0.0
2024-09-11 10:10:00-04:00,76.48999786376953,76.79000091552734,76.27999877929688,76.43000030517578,58477,0.0,0.0
2024-09-11 10:15:00-04:00,76.41000366210938,76.47000122070312,76.19999694824219,76.29000091552734,33988,0.0,0.0
2024-09-11 10:20:00-04:00,76.25,76.30000305175781,75.83000183105469,76.1050033569336,101120,0.0,0.0
2024-09-11 10:25:00-04:00,76.08999633789062,76.36499786376953,76.06999969482422,76.20999908447266,36031,0.0,0.0
2024-09-11 10:30:00-04:00,76.0,76.0199966430664,75.66999816894531,75.76000213623047,60461,0.0,0.0
2024-09-11 10:35:00-04:00,75.76000213623047,75.88999938964844,75.41000366210938,75.48999786376953,40962,0.0,0.0
2024-09-11 10:40:00-04:00,75.48999786376953,75.62999725341797,75.25,75.33999633789062,100185,0.0,0.0
2024-09-11 10:45:00-04:00,75.37000274658203,75.46269989013672,75.20999908447266,75.44999694824219,25416,0.0,0.0
2024-09-11 10:50:00-04:00,75.43000030517578,75.66000366210938,75.38999938964844,75.62000274658203,22012,0.0,0.0
2024-09-11 10:55:00-04:00,75.47000122070312,75.91000366210938,75.47000122070312,75.91000366210938,37705,0.0,0.0
2024-09-11 11:00:00-04:00,75.88999938964844,76.0199966430664,75.7699966430664,75.94000244140625,56320,0.0,0.0
2024-09-11 11:05:00-04:00,75.95999908447266,76.19000244140625,75.94999694824219,76.05999755859375,62861,0.0,0.0
2024-09-11 11:10:00-04:00,76.05000305175781,76.43000030517578,75.98999786376953,76.38999938964844,27447,0.0,0.0
2024-09-11 11:15:00-04:00,76.38159942626953,76.6500015258789,76.38159942626953,76.63999938964844,19484,0.0,0.0
2024-09-11 11:20:00-04:00,76.62931823730469,76.62999725341797,76.2300033569336,76.30500030517578,29415,0.0,0.0
2024-09-11 11:25:00-04:00,76.2699966430664,76.41999816894531,76.26190185546875,76.38999938964844,20148,0.0,0.0
2024-09-11 11:30:00-04:00,76.41999816894531,76.58499908447266,76.4000015258789,76.55000305175781,28716,0.0,0.0
2024-09-11 11:35:00-04:00,76.58999633789062,76.9489974975586,76.58999633789062,76.93000030517578,29241,0.0,0.0
2024-09-11 11:40:00-04:00,76.91000366210938,77.1500015258789,76.87999725341797,77.1500015258789,36445,0.0,0.0
2024-09-11 11:45:00-04:00,77.16999816894531,77.58000183105469,77.16999816894531,77.41000366210938,60971,0.0,0.0
2024-09-11 11:50:00-04:00,77.41000366210938,77.5,77.2699966430664,77.30999755859375,53705,0.0,0.0
2024-09-11 11:55:00-04:00,77.28500366210938,77.3010025024414,76.88999938964844,77.22000122070312,46271,0.0,0.0
2024-09-11 12:00:00-04:00,77.16000366210938,77.5199966430664,77.05999755859375,77.5199966430664,25246,0.0,0.0
2024-09-11 12:05:00-04:00,77.48999786376953,77.61000061035156,77.33999633789062,77.36000061035156,28193,0.0,0.0
2024-09-11 12:10:00-04:00,77.41000366210938,77.7300033569336,77.41000366210938,77.7300033569336,39617,0.0,0.0
2024-09-11 12:15:00-04:00,77.73999786376953,77.73999786376953,77.56999969482422,77.7300033569336,40961,0.0,0.0
2024-09-11 12:20:00-04:00,77.69999694824219,78.12000274658203,77.69999694824219,78.12000274658203,60177,0.0,0.0
2024-09-11 12:25:00-04:00,78.12920379638672,78.26000213623047,78.05000305175781,78.12000274658203,33150,0.0,0.0
2024-09-11 12:30:00-04:00,78.1500015258789,78.19000244140625,77.9000015258789,78.08999633789062,39657,0.0,0.0
2024-09-11 12:35:00-04:00,78.11000061035156,78.4000015258789,78.08999633789062,78.4000015258789,39483,0.0,0.0
2024-09-11 12:40:00-04:00,78.41000366210938,78.43000030517578,78.11000061035156,78.26000213623047,36471,0.0,0.0
2024-09-11 12:45:00-04:00,78.27999877929688,78.38500213623047,78.20999908447266,78.38500213623047,24245,0.0,0.0
2024-09-11 12:50:00-04:00,78.41000366210938,78.48999786376953,78.2249984741211,78.2249984741211,34438,0.0,0.0
2024-09-11 12:55:00-04:00,78.19000244140625,78.2300033569336,77.91000366210938,77.9749984741211,21238,0.0,0.0
2024-09-11 13:00:00-04:00,77.94999694824219,78.06999969482422,77.94000244140625,78.01000213623047,15639,0.0,0.0
2024-09-11 13:05:00-04:00,77.9749984741211,78.13999938964844,77.9000015258789,77.91500091552734,22795,0.0,0.0
2024-09-11 13:10:00-04:00,77.94000244140625,78.30999755859375,77.94000244140625,78.0999984741211,48261,0.0,0.0
2024-09-11 13:15:00-04:00,78.0999984741211,78.0999984741211,77.93000030517578,78.05000305175781,22596,0.0,0.0
2024-09-11 13:20:00-04:00,78.04000091552734,78.04000091552734,77.87999725341797,77.94999694824219,24090,0.0,0.0
2024-09-11 13:25:00-04:00,77.95500183105469,78.2300033569336,77.95010375976562,78.2300033569336,17594,0.0,0.0
2024-09-11 13:30:00-04:00,78.25,78.30999755859375,78.20999908447266,78.26000213623047,26617,0.0,0.0
2024-09-11 13:35:00-04:00,78.26000213623047,78.30999755859375,78.1500015258789,78.27999877929688,16319,0.0,0.0
2024-09-11 13:40:00-04:00,78.27999877929688,78.45999908447266,78.26499938964844,78.40499877929688,17086,0.0,0.0
2024-09-11 13:45:00-04:00,78.44000244140625,78.7699966430664,78.38150024414062,78.76850128173828,26679,0.0,0.0
2024-09-11 13:50:00-04:00,78.7699966430664,79.05000305175781,78.7300033569336,78.75,82054,0.0,0.0
2024-09-11 13:55:00-04:00,78.81890106201172,78.83000183105469,78.5999984741211,78.80000305175781,20175,0.0,0.0
2024-09-11 14:00:00-04:00,78.82489776611328,78.83999633789062,78.76000213623047,78.83999633789062,23360,0.0,0.0
2024-09-11 14:05:00-04:00,78.80999755859375,78.94999694824219,78.79000091552734,78.86499786376953,20155,0.0,0.0
2024-09-11 14:10:00-04:00,78.87999725341797,78.88999938964844,78.73500061035156,78.73500061035156,22682,0.0,0.0
2024-09-11 14:15:00-04:00,78.76000213623047,78.83999633789062,78.72000122070312,78.76499938964844,25685,0.0,0.0
2024-09-11 14:20:00-04:00,78.76499938964844,78.94999694824219,78.72000122070312,78.94999694824219,65678,0.0,0.0
2024-09-11 14:25:00-04:00,78.94999694824219,79.38999938964844,78.94000244140625,79.08000183105469,82178,0.0,0.0
2024-09-11 14:30:00-04:00,79.11499786376953,79.57579803466797,79.11499786376953,79.51969909667969,50917,0.0,0.0
2024-09-11 14:35:00-04:00,79.45999908447266,79.72000122070312,79.36000061035156,79.72000122070312,63307,0.0,0.0
2024-09-11 14:40:00-04:00,79.72000122070312,80.04000091552734,79.72000122070312,79.98500061035156,97884,0.0,0.0
2024-09-11 14:45:00-04:00,80.0,80.0,79.7750015258789,79.8499984741211,52116,0.0,0.0
2024-09-11 14:50:00-04:00,79.87000274658203,79.87000274658203,79.63999938964844,79.69999694824219,75738,0.0,0.0
2024-09-11 14:55:00-04:00,79.70999908447266,79.83000183105469,79.6500015258789,79.70999908447266,24780,0.0,0.0
2024-09-11 15:00:00-04:00,79.68499755859375,79.68499755859375,79.55000305175781,79.63999938964844,35418,0.0,0.0
2024-09-11 15:05:00-04:00,79.6500015258789,79.83999633789062,79.62999725341797,79.83999633789062,46887,0.0,0.0
2024-09-11 15:10:00-04:00,79.8499984741211,80.0,79.77570343017578,79.94000244140625,32183,0.0,0.0
2024-09-11 15:15:00-04:00,79.92500305175781,80.02279663085938,79.88999938964844,80.01000213623047,41551,0.0,0.0
2024-09-11 15:20:00-04:00,79.9800033569336,80.0,79.75499725341797,79.91000366210938,35668,0.0,0.0
2024-09-11 15:25:00-04:00,79.91000366210938,79.97000122070312,79.75450134277344,79.91000366210938,67444,0.0,0.0
2024-09-11 15:30:00-04:00,79.91999816894531,79.9800033569336,79.66000366210938,79.77999877929688,64662,0.0,0.0
2024-09-11 15:35:00-04:00,79.77999877929688,79.91000366210938,79.66999816894531,79.75,84084,0.0,0.0
2024-09-11 15:40:00-04:00,79.73999786376953,79.9000015258789,79.66999816894531,79.86499786376953,96415,0.0,0.0
2024-09-11 15:45:00-04:00,79.87000274658203,79.9800033569336,79.75,79.8550033569336,102760,0.0,0.0
2024-09-11 15:50:00-04:00,79.87000274658203,79.91000366210938,79.55999755859375,79.88999938964844,182230,0.0,0.0
2024-09-11 15:55:00-04:00,79.9000015258789,80.29000091552734,79.88999938964844,80.05000305175781,444488,0.0,0.0
2024-09-12 09:30:00-04:00,80.0999984741211,80.19000244140625,79.26909637451172,79.52999877929688,98437,0.0,0.0
2024-09-12 09:35:00-04:00,79.5,79.80000305175781,79.42500305175781,79.7699966430664,28635,0.0,0.0
2024-09-12 09:40:00-04:00,80.0199966430664,80.03500366210938,79.81999969482422,80.0199966430664,22660,0.0,0.0
2024-09-12 09:45:00-04:00,79.99320220947266,80.04000091552734,79.02999877929688,79.02999877929688,39785,0.0,0.0
2024-09-12 09:50:00-04:00,79.16999816894531,79.7699966430664,79.06999969482422,79.7699966430664,32760,0.0,0.0
2024-09-12 09:55:00-04:00,79.79000091552734,79.79000091552734,79.33999633789062,79.62999725341797,30001,0.0,0.0
2024-09-12 10:00:00-04:00,79.5,79.55000305175781,79.19999694824219,79.25,50403,0.0,0.0
2024-09-12 10:05:00-04:00,79.22000122070312,79.68000030517578,79.18000030517578,79.68000030517578,27525,0.0,0.0
2024-09-12 10:10:00-04:00,79.66000366210938,80.2300033569336,79.58999633789062,80.11000061035156,55596,0.0,0.0
2024-09-12 10:15:00-04:00,80.05999755859375,80.42500305175781,79.94000244140625,80.41000366210938,58442,0.0,0.0
2024-09-12 10:20:00-04:00,80.3499984741211,80.54000091552734,80.25,80.37000274658203,32962,0.0,0.0
2024-09-12 10:25:00-04:00,80.37999725341797,80.62000274658203,80.37999725341797,80.56999969482422,33233,0.0,0.0
2024-09-12 10:30:00-04:00,80.5199966430664,80.8499984741211,80.5199966430664,80.83999633789062,30255,0.0,0.0
2024-09-12 10:35:00-04:00,80.84500122070312,80.84500122070312,80.47000122070312,80.80999755859375,37458,0.0,0.0
2024-09-12 10:40:00-04:00,80.78500366210938,81.1500015258789,80.7300033569336,81.1449966430664,43933,0.0,0.0
2024-09-12 10:45:00-04:00,81.02999877929688,81.12999725341797,80.73999786376953,80.75,66337,0.0,0.0
2024-09-12 10:50:00-04:00,80.73999786376953,80.75,80.47000122070312,80.5,21852,0.0,0.0
2024-09-12 10:55:00-04:00,80.54000091552734,80.69999694824219,80.0999984741211,80.0999984741211,23089,0.0,0.0
2024-09-12 11:00:00-04:00,80.0999984741211,80.15989685058594,79.9000015258789,80.1500015258789,22048,0.0,0.0
2024-09-12 11:05:00-04:00,80.16999816894531,80.29000091552734,80.02999877929688,80.23999786376953,10579,0.0,0.0
2024-09-12 11:10:00-04:00,80.18000030517578,80.8499984741211,80.18000030517578,80.80999755859375,19439,0.0,0.0
2024-09-12 11:15:00-04:00,80.81500244140625,80.82499694824219,80.5,80.6449966430664,34908,0.0,0.0
2024-09-12 11:20:00-04:00,80.62000274658203,80.76000213623047,80.56999969482422,80.70999908447266,34783,0.0,0.0
2024-09-12 11:25:00-04:00,80.79000091552734,80.87989807128906,80.61000061035156,80.68499755859375,15887,0.0,0.0
2024-09-12 11:30:00-04:00,80.69999694824219,80.80000305175781,80.58999633789062,80.63999938964844,14578,0.0,0.0
2024-09-12 11:35:00-04:00,80.66999816894531,80.66999816894531,80.30000305175781,80.36299896240234,41239,0.0,0.0
2024-09-12 11:40:00-04:00,80.37000274658203,80.58499908447266,80.37000274658203,80.45999908447266,23407,0.0,0.0
2024-09-12 11:45:00-04:00,80.43499755859375,80.4749984741211,80.33000183105469,80.33000183105469,13992,0.0,0.0
2024-09-12 11:50:00-04:00,80.30000305175781,80.44000244140625,80.22000122070312,80.43000030517578,18592,0.0,0.0
2024-09-12 11:55:00-04:00,80.44000244140625,80.51499938964844,80.31999969482422,80.3499984741211,14240,0.0,0.0
2024-09-12 12:00:00-04:00,80.31500244140625,80.51499938964844,80.31500244140625,80.48999786376953,12750,0.0,0.0
2024-09-12 12:05:00-04:00,80.4800033569336,80.58999633789062,80.3949966430664,80.5199966430664,15840,0.0,0.0
2024-09-12 12:10:00-04:00,80.51000213623047,80.68000030517578,80.51000213623047,80.67500305175781,15893,0.0,0.0
2024-09-12 12:15:00-04:00,80.66999816894531,81.06999969482422,80.5907974243164,81.06999969482422,40324,0.0,0.0
2024-09-12 12:20:00-04:00,81.08000183105469,81.44999694824219,81.04000091552734,81.16999816894531,43231,0.0,0.0
2024-09-12 12:25:00-04:00,81.16000366210938,81.16000366210938,80.98999786376953,81.0999984741211,15685,0.0,0.0
2024-09-12 12:30:00-04:00,81.0999984741211,81.19000244140625,81.02999877929688,81.18000030517578,24677,0.0,0.0
2024-09-12 12:35:00-04:00,81.20999908447266,81.22000122070312,80.95999908447266,81.01000213623047,41597,0.0,0.0
2024-09-12 12:40:00-04:00,81.0,81.1500015258789,80.95999908447266,81.1500015258789,42995,0.0,0.0
2024-09-12 12:45:00-04:00,81.16500091552734,81.37000274658203,81.13999938964844,81.36000061035156,50087,0.0,0.0
2024-09-12 12:50:00-04:00,81.37000274658203,81.8499984741211,81.37000274658203,81.80000305175781,35105,0.0,0.0
2024-09-12 12:55:00-04:00,81.80000305175781,81.86000061035156,81.5999984741211,81.69999694824219,26992,0.0,0.0
2024-09-12 13:00:00-04:00,81.69000244140625,81.7699966430664,81.62000274658203,81.69000244140625,19656,0.0,0.0
2024-09-12 13:05:00-04:00,81.66999816894531,81.70999908447266,81.5199966430664,81.58000183105469,21165,0.0,0.0
2024-09-12 13:10:00-04:00,81.5199966430664,81.564697265625,81.44309997558594,81.48999786376953,18715,0.0,0.0
2024-09-12 13:15:00-04:00,81.48999786376953,81.52999877929688,81.44000244140625,81.51499938964844,8253,0.0,0.0
2024-09-12 13:20:00-04:00,81.48999786376953,81.51959991455078,81.37000274658203,81.5,19062,0.0,0.0
2024-09-12 13:25:00-04:00,81.4800033569336,81.5,81.27999877929688,81.3499984741211,17633,0.0,0.0
2024-09-12 13:30:00-04:00,81.34100341796875,81.38412475585938,81.19000244140625,81.2300033569336,8367,0.0,0.0
2024-09-12 13:35:00-04:00,81.19499969482422,81.28990173339844,81.18000030517578,81.2699966430664,10889,0.0,0.0
2024-09-12 13:40:00-04:00,81.29000091552734,81.30999755859375,81.2249984741211,81.23139190673828,9572,0.0,0.0
2024-09-12 13:45:00-04:00,81.23999786376953,81.3499984741211,81.2300033569336,81.3499984741211,14056,0.0,0.0
2024-09-12 13:50:00-04:00,81.37000274658203,81.58000183105469,81.36499786376953,81.48999786376953,30358,0.0,0.0
2024-09-12 13:55:00-04:00,81.5,81.55999755859375,81.41999816894531,81.46369934082031,24977,0.0,0.0
2024-09-12 14:00:00-04:00,81.47000122070312,81.47000122070312,81.2300033569336,81.25,23098,0.0,0.0
2024-09-12 14:05:00-04:00,81.25,81.25,81.02999877929688,81.04499816894531,14512,0.0,0.0
2024-09-12 14:10:00-04:00,81.05000305175781,81.13999938964844,81.04000091552734,81.08000183105469,13205,0.0,0.0
2024-09-12 14:15:00-04:00,81.06999969482422,81.13390350341797,81.05999755859375,81.08000183105469,17425,0.0,0.0
2024-09-12 14:20:00-04:00,81.1050033569336,81.20999908447266,81.09500122070312,81.19999694824219,35848,0.0,0.0
2024-09-12 14:25:00-04:00,81.19499969482422,81.2699966430664,81.12999725341797,81.16999816894531,20192,0.0,0.0
2024-09-12 14:30:00-04:00,81.22000122070312,81.23999786376953,81.06999969482422,81.1500015258789,12723,0.0,0.0
2024-09-12 14:35:00-04:00,81.1655502319336,81.30999755859375,81.1655502319336,81.27999877929688,14197,0.0,0.0
2024-09-12 14:40:00-04:00,81.28479766845703,81.32839965820312,81.2300033569336,81.24500274658203,15528,0.0,0.0
2024-09-12 14:45:00-04:00,81.23999786376953,81.26000213623047,81.12000274658203,81.1449966430664,11826,0.0,0.0
2024-09-12 14:50:00-04:00,81.1449966430664,81.1449966430664,80.66999816894531,80.7826156616211,38814,0.0,0.0
2024-09-12 14:55:00-04:00,80.80000305175781,81.08000183105469,80.79000091552734,81.01010131835938,33963,0.0,0.0
2024-09-12 15:00:00-04:00,81.03500366210938,81.20999908447266,80.97000122070312,80.98999786376953,33199,0.0,0.0
2024-09-12 15:05:00-04:00,81.0199966430664,81.18000030517578,81.0199966430664,81.1500015258789,12830,0.0,0.0
2024-09-12 15:10:00-04:00,81.13099670410156,81.16999816894531,81.01499938964844,81.03500366210938,26398,0.0,0.0
2024-09-12 15:15:00-04:00,81.05000305175781,81.05999755859375,80.95999908447266,81.0199966430664,23161,0.0,0.0
2024-09-12 15:20:00-04:00,81.0250015258789,81.06999969482422,80.87000274658203,80.91999816894531,29290,0.0,0.0
2024-09-12 15:25:00-04:00,80.91000366210938,80.95999908447266,80.83999633789062,80.94000244140625,25023,0.0,0.0
2024-09-12 15:30:00-04:00,80.92500305175781,80.93000030517578,80.69999694824219,80.71499633789062,44049,0.0,0.0
2024-09-12 15:35:00-04:00,80.70999908447266,80.83999633789062,80.68499755859375,80.77999877929688,33710,0.0,0.0
2024-09-12 15:40:00-04:00,80.78500366210938,80.86000061035156,80.70999908447266,80.7699966430664,46245,0.0,0.0
2024-09-12 15:45:00-04:00,80.7750015258789,80.81999969482422,80.62000274658203,80.6449966430664,51225,0.0,0.0
2024-09-12 15:50:00-04:00,80.62999725341797,80.77999877929688,80.5999984741211,80.74500274658203,110416,0.0,0.0
2024-09-12 15:55:00-04:00,80.76000213623047,80.79000091552734,80.41999816894531,80.47000122070312,319528,0.0,0.0
2024-09-13 09:30:00-04:00,81.76000213623047,82.06999969482422,81.12000274658203,81.66000366210938,300824,0.0,0.0
2024-09-13 09:35:00-04:00,81.79000091552734,82.46769714355469,81.44999694824219,81.97000122070312,184013,0.0,0.0
2024-09-13 09:40:00-04:00,81.88999938964844,82.31999969482422,81.6500015258789,82.11499786376953,61694,0.0,0.0
2024-09-13 09:45:00-04:00,82.34500122070312,82.95999908447266,82.34500122070312,82.87999725341797,101477,0.0,0.0
2024-09-13 09:50:00-04:00,82.90499877929688,83.36499786376953,82.8499984741211,83.13999938964844,84931,0.0,0.0
2024-09-13 09:55:00-04:00,83.20999908447266,83.44499969482422,83.01010131835938,83.2300033569336,148590,0.0,0.0
2024-09-13 10:00:00-04:00,82.68000030517578,82.87000274658203,82.55000305175781,82.87000274658203,71040,0.0,0.0
2024-09-13 10:05:00-04:00,82.87000274658203,83.41999816894531,82.83999633789062,83.41999816894531,132882,0.0,0.0
2024-09-13 10:10:00-04:00,83.51000213623047,84.08999633789062,83.48999786376953,83.8375015258789,144458,0.0,0.0
2024-09-13 10:15:00-04:00,83.77999877929688,83.9800033569336,83.75,83.87999725341797,73681,0.0,0.0
2024-09-13 10:20:00-04:00,84.0999984741211,84.30999755859375,83.80999755859375,83.81999969482422,68833,0.0,0.0
2024-09-13 10:25:00-04:00,83.81999969482422,83.8499984741211,83.48999786376953,83.48999786376953,78925,0.0,0.0
2024-09-13 10:30:00-04:00,83.46499633789062,83.46499633789062,82.94999694824219,83.02999877929688,86268,0.0,0.0
2024-09-13 10:35:00-04:00,82.95999908447266,83.19999694824219,82.76000213623047,83.16999816894531,55862,0.0,0.0
2024-09-13 10:40:00-04:00,83.16500091552734,83.66999816894531,83.13999938964844,83.66999816894531,57018,0.0,0.0
2024-09-13 10:45:00-04:00,83.55000305175781,83.80999755859375,83.5199966430664,83.79000091552734,87490,0.0,0.0
2024-09-13 10:50:00-04:00,83.7300033569336,84.05999755859375,83.45999908447266,83.87989807128906,85693,0.0,0.0
2024-09-13 10:55:00-04:00,83.8499984741211,84.05999755859375,83.72000122070312,84.04000091552734,47247,0.0,0.0
2024-09-13 11:00:00-04:00,84.03500366210938,84.30000305175781,84.03500366210938,84.2750015258789,50663,0.0,0.0
2024-09-13 11:05:00-04:00,84.27999877929688,84.30400085449219,83.88999938964844,83.94999694824219,91457,0.0,0.0
2024-09-13 11:10:00-04:00,83.91000366210938,84.05999755859375,83.76000213623047,83.9800033569336,68087,0.0,0.0
2024-09-13 11:15:00-04:00,83.93000030517578,84.01000213623047,83.80000305175781,83.93000030517578,38879,0.0,0.0
2024-09-13 11:20:00-04:00,83.87000274658203,84.30999755859375,83.83999633789062,84.27999877929688,86852,0.0,0.0
2024-09-13 11:25:00-04:00,84.260498046875,84.80999755859375,84.260498046875,84.53500366210938,81313,0.0,0.0
2024-09-13 11:30:00-04:00,84.54000091552734,84.7699966430664,84.44000244140625,84.7699966430664,79431,0.0,0.0
2024-09-13 11:35:00-04:00,84.75499725341797,85.1500015258789,84.73999786376953,84.91000366210938,170782,0.0,0.0
2024-09-13 11:40:00-04:00,84.9000015258789,85.0,84.80000305175781,84.83499908447266,75340,0.0,0.0
2024-09-13 11:45:00-04:00,84.81999969482422,85.31999969482422,84.80000305175781,85.23999786376953,50108,0.0,0.0
2024-09-13 11:50:00-04:00,85.25769805908203,85.30000305175781,85.04000091552734,85.19000244140625,56784,0.0,0.0
2024-09-13 11:55:00-04:00,85.20999908447266,85.27999877929688,85.02999877929688,85.18000030517578,72806,0.0,0.0
2024-09-13 12:00:00-04:00,85.19999694824219,85.37000274658203,85.1500015258789,85.26000213623047,30416,0.0,0.0
2024-09-13 12:05:00-04:00,85.26750183105469,85.29499816894531,85.02999877929688,85.19000244140625,44359,0.0,0.0
2024-09-13 12:10:00-04:00,85.13999938964844,85.33000183105469,85.08999633789062,85.1500015258789,28607,0.0,0.0
2024-09-13 12:15:00-04:00,85.12999725341797,85.20999908447266,85.05999755859375,85.12999725341797,33421,0.0,0.0
2024-09-13 12:20:00-04:00,85.11000061035156,85.29000091552734,85.08999633789062,85.23999786376953,45720,0.0,0.0
2024-09-13 12:25:00-04:00,85.20999908447266,85.26000213623047,85.0199966430664,85.09500122070312,33484,0.0,0.0
2024-09-13 12:30:00-04:00,85.09500122070312,85.31999969482422,84.9800033569336,85.31999969482422,57529,0.0,0.0
2024-09-13 12:35:00-04:00,85.31999969482422,85.6780014038086,85.20999908447266,85.6780014038086,91171,0.0,0.0
2024-09-13 12:40:00-04:00,85.68000030517578,85.70850372314453,85.41580200195312,85.48999786376953,44392,0.0,0.0
2024-09-13 12:45:00-04:00,85.55000305175781,85.55000305175781,85.2699966430664,85.27999877929688,24434,0.0,0.0
2024-09-13 12:50:00-04:00,85.27999877929688,85.5,85.2699966430664,85.4800033569336,42744,0.0,0.0
2024-09-13 12:55:00-04:00,85.45999908447266,85.88999938964844,85.45999908447266,85.72000122070312,56153,0.0,0.0
2024-09-13 13:00:00-04:00,85.73999786376953,85.9000015258789,85.69000244140625,85.9000015258789,27989,0.0,0.0
2024-09-13 13:05:00-04:00,85.9000015258789,85.94999694824219,85.75,85.77999877929688,42332,0.0,0.0
2024-09-13 13:10:00-04:00,85.76000213623047,85.84989929199219,85.45999908447266,85.45999908447266,61347,0.0,0.0
2024-09-13 13:15:00-04:00,85.48500061035156,85.50789642333984,85.2699966430664,85.36000061035156,34341,0.0,0.0
2024-09-13 13:20:00-04:00,85.34349822998047,85.47000122070312,85.33000183105469,85.36499786376953,20552,0.0,0.0
2024-09-13 13:25:00-04:00,85.38999938964844,85.62999725341797,85.38500213623047,85.61000061035156,19086,0.0,0.0
2024-09-13 13:30:00-04:00,85.66000366210938,85.91000366210938,85.62999725341797,85.83999633789062,31758,0.0,0.0
2024-09-13 13:35:00-04:00,85.8499984741211,85.94999694824219,85.80000305175781,85.80000305175781,30500,0.0,0.0
2024-09-13 13:40:00-04:00,85.77999877929688,85.95999908447266,85.68710327148438,85.94999694824219,35235,0.0,0.0
2024-09-13 13:45:00-04:00,85.93000030517578,85.93000030517578,85.79010009765625,85.83000183105469,38238,0.0,0.0
2024-09-13 13:50:00-04:00,85.82559967041016,85.8499984741211,85.51000213623047,85.5199966430664,39622,0.0,0.0
2024-09-13 13:55:00-04:00,85.54000091552734,85.54000091552734,85.18000030517578,85.19200134277344,41507,0.0,0.0
2024-09-13 14:00:00-04:00,85.20999908447266,85.2300033569336,84.8499984741211,85.11000061035156,47302,0.0,0.0
2024-09-13 14:05:00-04:00,85.125,85.30000305175781,85.08999633789062,85.19999694824219,22679,0.0,0.0
2024-09-13 14:10:00-04:00,85.19999694824219,85.22000122070312,85.06999969482422,85.13999938964844,34686,0.0,0.0
2024-09-13 14:15:00-04:00,85.13999938964844,85.20999908447266,85.0999984741211,85.18499755859375,27586,0.0,0.0
2024-09-13 14:20:00-04:00,85.19239807128906,85.26000213623047,85.08999633789062,85.1449966430664,57582,0.0,0.0
2024-09-13 14:25:00-04:00,85.13500213623047,85.19999694824219,84.9800033569336,84.9800033569336,43863,0.0,0.0
2024-09-13 14:30:00-04:00,84.9800033569336,85.01000213623047,84.87999725341797,84.8949966430664,79142,0.0,0.0
2024-09-13 14:35:00-04:00,84.9000015258789,85.12000274658203,84.83100128173828,85.04000091552734,39333,0.0,0.0
2024-09-13 14:40:00-04:00,85.07499694824219,85.13500213623047,84.9800033569336,85.05999755859375,26446,0.0,0.0
2024-09-13 14:45:00-04:00,85.08000183105469,85.19999694824219,84.9800033569336,84.98999786376953,36707,0.0,0.0
2024-09-13 14:50:00-04:00,84.97000122070312,85.03500366210938,84.91999816894531,85.03500366210938,52538,0.0,0.0
2024-09-13 14:55:00-04:00,85.02999877929688,85.05000305175781,84.94000244140625,84.98999786376953,33424,0.0,0.0
2024-09-13 15:00:00-04:00,85.0,85.04499816894531,84.875,84.875,37879,0.0,0.0
2024-09-13 15:05:00-04:00,84.875,84.95999908447266,84.8499984741211,84.91000366210938,10918,0.0,0.0
2024-09-13 15:10:00-04:00,84.91500091552734,85.05999755859375,84.81999969482422,84.9000015258789,39627,0.0,0.0
2024-09-13 15:15:00-04:00,84.87999725341797,84.91000366210938,84.80999755859375,84.88500213623047,33404,0.0,0.0
2024-09-13 15:20:00-04:00,84.87030029296875,85.0,84.87030029296875,84.96499633789062,33989,0.0,0.0
2024-09-13 15:25:00-04:00,84.95500183105469,85.05999755859375,84.94049835205078,84.95999908447266,37547,0.0,0.0
2024-09-13 15:30:00-04:00,84.98999786376953,85.03500366210938,84.91000366210938,84.9800033569336,43584,0.0,0.0
2024-09-13 15:35:00-04:00,84.96499633789062,85.0199966430664,84.9000015258789,84.98999786376953,49588,0.0,0.0
2024-09-13 15:40:00-04:00,85.0,85.11499786376953,85.0,85.06999969482422,57932,0.0,0.0
2024-09-13 15:45:00-04:00,85.05999755859375,85.4000015258789,85.05999755859375,85.30500030517578,84920,0.0,0.0
2024-09-13 15:50:00-04:00,85.31999969482422,85.68000030517578,85.25,85.66000366210938,162117,0.0,0.0
2024-09-13 15:55:00-04:00,85.6500015258789,85.68499755859375,85.3949966430664,85.56999969482422,353950,0.0,0.0
2024-09-16 09:30:00-04:00,85.0,86.41999816894531,84.98999786376953,85.5199966430664,216311,0.0,0.0
2024-09-16 09:35:00-04:00,85.50789642333984,86.06999969482422,85.06999969482422,86.0,84369,0.0,0.0
2024-09-16 09:40:00-04:00,85.92500305175781,85.98999786376953,84.91999816894531,85.3499984741211,89364,0.0,0.0
2024-09-16 09:45:00-04:00,85.40499877929688,85.5999984741211,85.23999786376953,85.45999908447266,99616,0.0,0.0
2024-09-16 09:50:00-04:00,85.47000122070312,85.8499984741211,85.33000183105469,85.75499725341797,56749,0.0,0.0
2024-09-16 09:55:00-04:00,85.75499725341797,86.29229736328125,85.66999816894531,86.08000183105469,67558,0.0,0.0
2024-09-16 10:00:00-04:00,86.07499694824219,86.48999786376953,86.0,86.11000061035156,62396,0.0,0.0
2024-09-16 10:05:00-04:00,86.12999725341797,86.87999725341797,86.12000274658203,86.87429809570312,68721,0.0,0.0
2024-09-16 10:10:00-04:00,86.87999725341797,86.95999908447266,86.47000122070312,86.51000213623047,45340,0.0,0.0
2024-09-16 10:15:00-04:00,86.51000213623047,86.70999908447266,86.22000122070312,86.2300033569336,49521,0.0,0.0
2024-09-16 10:20:00-04:00,86.25,86.51000213623047,85.75,85.75,50246,0.0,0.0
2024-09-16 10:25:00-04:00,85.80000305175781,85.98999786376953,85.59500122070312,85.68000030517578,31058,0.0,0.0
2024-09-16 10:30:00-04:00,85.62999725341797,85.83000183105469,85.47000122070312,85.78500366210938,46558,0.0,0.0
2024-09-16 10:35:00-04:00,85.7699966430664,86.06999969482422,85.76000213623047,85.98500061035156,34753,0.0,0.0
2024-09-16 10:40:00-04:00,85.98500061035156,86.36000061035156,85.9800033569336,86.18000030517578,47544,0.0,0.0
2024-09-16 10:45:00-04:00,86.18000030517578,86.29000091552734,86.05000305175781,86.20500183105469,48611,0.0,0.0
2024-09-16 10:50:00-04:00,86.21499633789062,86.29000091552734,86.11000061035156,86.23500061035156,25804,0.0,0.0
2024-09-16 10:55:00-04:00,86.20999908447266,86.22699737548828,85.9749984741211,86.0250015258789,28333,0.0,0.0
2024-09-16 11:00:00-04:00,86.0199966430664,86.1050033569336,85.80999755859375,85.87999725341797,48493,0.0,0.0
2024-09-16 11:05:00-04:00,85.91000366210938,86.33999633789062,85.9000015258789,86.30500030517578,33076,0.0,0.0
2024-09-16 11:10:00-04:00,86.30999755859375,86.45999908447266,86.30999755859375,86.375,24671,0.0,0.0
2024-09-16 11:15:00-04:00,86.375,86.48999786376953,86.19999694824219,86.37999725341797,48066,0.0,0.0
2024-09-16 11:20:00-04:00,86.37000274658203,86.61000061035156,86.37000274658203,86.51000213623047,60994,0.0,0.0
2024-09-16 11:25:00-04:00,86.57499694824219,86.6500015258789,86.37999725341797,86.37999725341797,66456,0.0,0.0
2024-09-16 11:30:00-04:00,86.37000274658203,86.38999938964844,86.2300033569336,86.36000061035156,31266,0.0,0.0
2024-09-16 11:35:00-04:00,86.33000183105469,86.37000274658203,86.23100280761719,86.36000061035156,79033,0.0,0.0
2024-09-16 11:40:00-04:00,86.36499786376953,86.6500015258789,86.36499786376953,86.622802734375,412059,0.0,0.0
2024-09-16 11:45:00-04:00,86.58999633789062,86.63359832763672,86.54499816894531,86.62999725341797,24911,0.0,0.0
2024-09-16 11:50:00-04:00,86.62999725341797,86.91999816894531,86.55000305175781,86.91000366210938,43429,0.0,0.0
2024-09-16 11:55:00-04:00,86.91000366210938,87.16999816894531,86.72000122070312,87.16999816894531,38542,0.0,0.0
2024-09-16 12:00:00-04:00,87.19000244140625,87.47000122070312,87.18000030517578,87.47000122070312,45977,0.0,0.0
2024-09-16 12:05:00-04:00,87.4800033569336,87.80000305175781,87.432373046875,87.75,109318,0.0,0.0
2024-09-16 12:10:00-04:00,87.77999877929688,88.3499984741211,87.76000213623047,88.3499984741211,137278,0.0,0.0
2024-09-16 12:15:00-04:00,88.37989807128906,88.37989807128906,88.11000061035156,88.11000061035156,98045,0.0,0.0
2024-09-16 12:20:00-04:00,88.11000061035156,88.20999908447266,88.0199966430664,88.12999725341797,45875,0.0,0.0
2024-09-16 12:25:00-04:00,88.11499786376953,88.51000213623047,88.11499786376953,88.48999786376953,61364,0.0,0.0
2024-09-16 12:30:00-04:00,88.48999786376953,88.75,88.41999816894531,88.71050262451172,76483,0.0,0.0
2024-09-16 12:35:00-04:00,88.7249984741211,88.93000030517578,88.68499755859375,88.88500213623047,101286,0.0,0.0
2024-09-16 12:40:00-04:00,88.86000061035156,89.0,88.76000213623047,88.94300079345703,54743,0.0,0.0
2024-09-16 12:45:00-04:00,88.91999816894531,89.27989959716797,88.86000061035156,89.22000122070312,83876,0.0,0.0
2024-09-16 12:50:00-04:00,89.22000122070312,89.5,89.19999694824219,89.38999938964844,117475,0.0,0.0
2024-09-16 12:55:00-04:00,89.37999725341797,89.44999694824219,88.9000015258789,88.99500274658203,93539,0.0,0.0
2024-09-16 13:00:00-04:00,88.99500274658203,89.0199966430664,88.5,88.52999877929688,71367,0.0,0.0
2024-09-16 13:05:00-04:00,88.55000305175781,88.86000061035156,88.51499938964844,88.81999969482422,69141,0.0,0.0
2024-09-16 13:10:00-04:00,88.8499984741211,89.11000061035156,88.8499984741211,88.93000030517578,37332,0.0,0.0
2024-09-16 13:15:00-04:00,88.91000366210938,89.19999694824219,88.86000061035156,89.15499877929688,66477,0.0,0.0
2024-09-16 13:20:00-04:00,89.11000061035156,89.12000274658203,88.91500091552734,89.05000305175781,38894,0.0,0.0
2024-09-16 13:25:00-04:00,89.05500030517578,89.2699966430664,89.0199966430664,89.2699966430664,46279,0.0,0.0
2024-09-16 13:30:00-04:00,89.30000305175781,89.44999694824219,89.27999877929688,89.4000015258789,69636,0.0,0.0
2024-09-16 13:35:00-04:00,89.38999938964844,89.5999984741211,89.33999633789062,89.58499908447266,74040,0.0,0.0
2024-09-16 13:40:00-04:00,89.55999755859375,89.69999694824219,89.55999755859375,89.62999725341797,73188,0.0,0.0
2024-09-16 13:45:00-04:00,89.63999938964844,89.94999694824219,89.62999725341797,89.94999694824219,71873,0.0,0.0
2024-09-16 13:50:00-04:00,89.91000366210938,90.06999969482422,89.86000061035156,89.91999816894531,89494,0.0,0.0
2024-09-16 13:55:00-04:00,89.90499877929688,89.93000030517578,89.66000366210938,89.76000213623047,98594,0.0,0.0
2024-09-16 14:00:00-04:00,89.75,89.98999786376953,89.72000122070312,89.95999908447266,52078,0.0,0.0
2024-09-16 14:05:00-04:00,89.9000015258789,89.93000030517578,89.52999877929688,89.88999938964844,62098,0.0,0.0
2024-09-16 14:10:00-04:00,89.86000061035156,89.93000030517578,89.66000366210938,89.9000015258789,48894,0.0,0.0
2024-09-16 14:15:00-04:00,89.88999938964844,89.97000122070312,89.54000091552734,89.62000274658203,97573,0.0,0.0
2024-09-16 14:20:00-04:00,89.58499908447266,89.66000366210938,89.05999755859375,89.12000274658203,62220,0.0,0.0
2024-09-16 14:25:00-04:00,89.12000274658203,89.29000091552734,89.08499908447266,89.20999908447266,34986,0.0,0.0
2024-09-16 14:30:00-04:00,89.21499633789062,89.30999755859375,89.16000366210938,89.30000305175781,19540,0.0,0.0
2024-09-16 14:35:00-04:00,89.23999786376953,89.41000366210938,89.12000274658203,89.27100372314453,29869,0.0,0.0
2024-09-16 14:40:00-04:00,89.26000213623047,89.27999877929688,89.07499694824219,89.1500015258789,26563,0.0,0.0
2024-09-16 14:45:00-04:00,89.125,89.1449966430664,88.97000122070312,89.13999938964844,74040,0.0,0.0
2024-09-16 14:50:00-04:00,89.1500015258789,89.21990203857422,89.01000213623047,89.20099639892578,52689,0.0,0.0
2024-09-16 14:55:00-04:00,89.22000122070312,89.47000122070312,89.20500183105469,89.45999908447266,51712,0.0,0.0
2024-09-16 15:00:00-04:00,89.47000122070312,89.6050033569336,89.36000061035156,89.41000366210938,62160,0.0,0.0
2024-09-16 15:05:00-04:00,89.41999816894531,89.51000213623047,89.37999725341797,89.45999908447266,35543,0.0,0.0
2024-09-16 15:10:00-04:00,89.44000244140625,89.4749984741211,89.33000183105469,89.3499984741211,43073,0.0,0.0
2024-09-16 15:15:00-04:00,89.33000183105469,89.33000183105469,89.01000213623047,89.27330017089844,59476,0.0,0.0
2024-09-16 15:20:00-04:00,89.22000122070312,89.25499725341797,89.01000213623047,89.01000213623047,65652,0.0,0.0
2024-09-16 15:25:00-04:00,89.02999877929688,89.19999694824219,89.02999877929688,89.125,59434,0.0,0.0
2024-09-16 15:30:00-04:00,89.13999938964844,89.36000061035156,89.08999633789062,89.27999877929688,53945,0.0,0.0
2024-09-16 15:35:00-04:00,89.27999877929688,89.4000015258789,89.0199966430664,89.18000030517578,82251,0.0,0.0
2024-09-16 15:40:00-04:00,89.16999816894531,89.2750015258789,89.06999969482422,89.2750015258789,88519,0.0,0.0
2024-09-16 15:45:00-04:00,89.25499725341797,89.66500091552734,89.25,89.5,138310,0.0,0.0
2024-09-16 15:50:00-04:00,89.5199966430664,89.78500366210938,89.47000122070312,89.69999694824219,228567,0.0,0.0
2024-09-16 15:55:00-04:00,89.68000030517578,89.75,89.33499908447266,89.4000015258789,516994,0.0,0.0
2024-09-17 09:30:00-04:00,90.69000244140625,91.66500091552734,90.20999908447266,90.41000366210938,245346,0.0,0.0
2024-09-17 09:35:00-04:00,90.36000061035156,91.26930236816406,90.36000061035156,91.09500122070312,88450,0.0,0.0
2024-09-17 09:40:00-04:00,91.04000091552734,91.12750244140625,89.44999694824219,89.61000061035156,161337,0.0,0.0
2024-09-17 09:45:00-04:00,89.63999938964844,89.64800262451172,88.97000122070312,89.19000244140625,112197,0.0,0.0
2024-09-17 09:50:00-04:00,89.18000030517578,89.58000183105469,88.9000015258789,89.01499938964844,72282,0.0,0.0
2024-09-17 09:55:00-04:00,88.98999786376953,89.48999786376953,88.88999938964844,89.3499984741211,74454,0.0,0.0
2024-09-17 10:00:00-04:00,89.33999633789062,89.62999725341797,89.01000213623047,89.62200164794922,77111,0.0,0.0
2024-09-17 10:05:00-04:00,89.58999633789062,89.80000305175781,89.38999938964844,89.55000305175781,77086,0.0,0.0
2024-09-17 10:10:00-04:00,89.58000183105469,90.25,89.44000244140625,90.20709991455078,78379,0.0,0.0
2024-09-17 10:15:00-04:00,90.23999786376953,90.66999816894531,90.2300033569336,90.41000366210938,61742,0.0,0.0
2024-09-17 10:20:00-04:00,90.47000122070312,91.08999633789062,90.47000122070312,90.84010314941406,52667,0.0,0.0
2024-09-17 10:25:00-04:00,90.85189819335938,91.3499984741211,90.85189819335938,90.97000122070312,72470,0.0,0.0
2024-09-17 10:30:00-04:00,91.08999633789062,91.1500015258789,90.9468002319336,90.97000122070312,50729,0.0,0.0
2024-09-17 10:35:00-04:00,91.0,91.45999908447266,90.91000366210938,91.43000030517578,67759,0.0,0.0
2024-09-17 10:40:00-04:00,91.43000030517578,91.58000183105469,91.30999755859375,91.52249908447266,58931,0.0,0.0
2024-09-17 10:45:00-04:00,91.5199966430664,91.69000244140625,91.44000244140625,91.6449966430664,76333,0.0,0.0
2024-09-17 10:50:00-04:00,91.6500015258789,91.86000061035156,91.54000091552734,91.80000305175781,105197,0.0,0.0
2024-09-17 10:55:00-04:00,91.80999755859375,91.9000015258789,91.51000213623047,91.70989990234375,120009,0.0,0.0
2024-09-17 11:00:00-04:00,91.67500305175781,91.9000015258789,91.61000061035156,91.71990203857422,101004,0.0,0.0
2024-09-17 11:05:00-04:00,91.69999694824219,91.83999633789062,91.69999694824219,91.77999877929688,40853,0.0,0.0
2024-09-17 11:10:00-04:00,91.77999877929688,91.87000274658203,91.66999816894531,91.87000274658203,68700,0.0,0.0
2024-09-17 11:15:00-04:00,91.8416976928711,92.40989685058594,91.83999633789062,92.33499908447266,135946,0.0,0.0
2024-09-17 11:20:00-04:00,92.33999633789062,92.4000015258789,91.72000122070312,91.83999633789062,107224,0.0,0.0
2024-09-17 11:25:00-04:00,91.83999633789062,91.87999725341797,91.37000274658203,91.37999725341797,100938,0.0,0.0
2024-09-17 11:30:00-04:00,91.3499984741211,91.58000183105469,91.2699966430664,91.52999877929688,78495,0.0,0.0
2024-09-17 11:35:00-04:00,91.56999969482422,91.58999633789062,91.41000366210938,91.55000305175781,79071,0.0,0.0
2024-09-17 11:40:00-04:00,91.52999877929688,91.66999816894531,91.33000183105469,91.33000183105469,49749,0.0,0.0
2024-09-17 11:45:00-04:00,91.29000091552734,91.30000305175781,90.9800033569336,91.02999877929688,74218,0.0,0.0
2024-09-17 11:50:00-04:00,91.04499816894531,91.22000122070312,91.0199966430664,91.02999877929688,83187,0.0,0.0
2024-09-17 11:55:00-04:00,91.02999877929688,91.13500213623047,90.91000366210938,90.95500183105469,71033,0.0,0.0
2024-09-17 12:00:00-04:00,90.94599914550781,91.29000091552734,90.91000366210938,91.19999694824219,53463,0.0,0.0
2024-09-17 12:05:00-04:00,91.19999694824219,91.36000061035156,91.17500305175781,91.18000030517578,39073,0.0,0.0
2024-09-17 12:10:00-04:00,91.18000030517578,91.18000030517578,90.91999816894531,91.0199966430664,66002,0.0,0.0
2024-09-17 12:15:00-04:00,91.0199966430664,91.29000091552734,91.0,91.08000183105469,65877,0.0,0.0
2024-09-17 12:20:00-04:00,91.06009674072266,91.11000061035156,90.30780029296875,90.51000213623047,131629,0.0,0.0
2024-09-17 12:25:00-04:00,90.51000213623047,91.05999755859375,90.37000274658203,90.91999816894531,142173,0.0,0.0
2024-09-17 12:30:00-04:00,90.87000274658203,91.16999816894531,90.81999969482422,91.12999725341797,41359,0.0,0.0
2024-09-17 12:35:00-04:00,91.11000061035156,91.25,90.8949966430664,91.06999969482422,48753,0.0,0.0
2024-09-17 12:40:00-04:00,91.08000183105469,91.27999877929688,90.94999694824219,90.98999786376953,73386,0.0,0.0
2024-09-17 12:45:00-04:00,91.01499938964844,91.18000030517578,90.53009796142578,90.53009796142578,56087,0.0,0.0
2024-09-17 12:50:00-04:00,90.51000213623047,90.94999694824219,90.19999694824219,90.83000183105469,169051,0.0,0.0
2024-09-17 12:55:00-04:00,90.80999755859375,91.04000091552734,90.68000030517578,90.76000213623047,48901,0.0,0.0
2024-09-17 13:00:00-04:00,90.79129791259766,91.0,90.70999908447266,90.7249984741211,67223,0.0,0.0
2024-09-17 13:05:00-04:00,90.68000030517578,90.68000030517578,90.36000061035156,90.55000305175781,66945,0.0,0.0
2024-09-17 13:10:00-04:00,90.58000183105469,90.58999633789062,90.1500015258789,90.47000122070312,26891,0.0,0.0
2024-09-17 13:15:00-04:00,90.5,90.72000122070312,90.44999694824219,90.69000244140625,15797,0.0,0.0
2024-09-17 13:20:00-04:00,90.69000244140625,91.04219818115234,90.689697265625,91.0199966430664,20635,0.0,0.0
2024-09-17 13:25:00-04:00,91.04000091552734,91.4000015258789,90.98999786376953,91.16999816894531,44166,0.0,0.0
2024-09-17 13:30:00-04:00,91.16999816894531,91.27999877929688,90.84700012207031,90.87999725341797,52454,0.0,0.0
2024-09-17 13:35:00-04:00,90.87999725341797,91.08000183105469,90.79000091552734,90.8550033569336,22121,0.0,0.0
2024-09-17 13:40:00-04:00,90.83999633789062,90.83999633789062,90.54000091552734,90.54000091552734,28171,0.0,0.0
2024-09-17 13:45:00-04:00,90.54000091552734,90.73999786376953,90.41000366210938,90.73999786376953,48978,0.0,0.0
2024-09-17 13:50:00-04:00,90.69650268554688,90.97000122070312,90.69650268554688,90.93499755859375,26970,0.0,0.0
2024-09-17 13:55:00-04:00,90.91000366210938,91.0,90.87000274658203,90.92500305175781,16873,0.0,0.0
2024-09-17 14:00:00-04:00,90.94000244140625,91.0999984741211,90.86000061035156,91.05999755859375,20557,0.0,0.0
2024-09-17 14:05:00-04:00,91.05999755859375,91.19000244140625,90.9800033569336,91.11000061035156,21218,0.0,0.0
2024-09-17 14:10:00-04:00,91.11000061035156,91.16000366210938,90.83000183105469,90.90499877929688,32607,0.0,0.0
2024-09-17 14:15:00-04:00,90.94000244140625,91.0199966430664,90.91000366210938,90.9749984741211,22087,0.0,0.0
2024-09-17 14:20:00-04:00,90.9749984741211,91.20999908447266,90.91999816894531,91.08000183105469,28585,0.0,0.0
2024-09-17 14:25:00-04:00,91.08999633789062,91.12999725341797,91.0,91.12000274658203,18008,0.0,0.0
2024-09-17 14:30:00-04:00,91.10099792480469,91.29000091552734,91.02999877929688,91.23999786376953,28433,0.0,0.0
2024-09-17 14:35:00-04:00,91.26239776611328,91.4000015258789,91.26000213623047,91.2699966430664,20571,0.0,0.0
2024-09-17 14:40:00-04:00,91.29000091552734,91.4000015258789,91.19999694824219,91.32499694824219,25551,0.0,0.0
2024-09-17 14:45:00-04:00,91.33499908447266,91.33499908447266,91.0,91.15989685058594,46033,0.0,0.0
2024-09-17 14:50:00-04:00,91.125,91.12999725341797,90.91000366210938,91.11000061035156,34406,0.0,0.0
2024-09-17 14:55:00-04:00,91.0999984741211,91.37000274658203,91.08999633789062,91.29000091552734,42613,0.0,0.0
2024-09-17 15:00:00-04:00,91.30999755859375,91.5,91.25,91.41000366210938,46087,0.0,0.0
2024-09-17 15:05:00-04:00,91.4000015258789,91.41999816894531,91.20999908447266,91.23999786376953,32867,0.0,0.0
2024-09-17 15:10:00-04:00,91.2249984741211,91.31999969482422,91.19999694824219,91.2300033569336,32608,0.0,0.0
2024-09-17 15:15:00-04:00,91.2300033569336,91.29000091552734,91.01000213623047,91.04000091552734,39223,0.0,0.0
2024-09-17 15:20:00-04:00,91.0199966430664,91.05999755859375,90.69129943847656,90.73999786376953,42234,0.0,0.0
2024-09-17 15:25:00-04:00,90.75,90.87000274658203,90.69000244140625,90.80000305175781,44986,0.0,0.0
2024-09-17 15:30:00-04:00,90.80000305175781,90.83000183105469,90.41999816894531,90.52999877929688,69985,0.0,0.0
2024-09-17 15:35:00-04:00,90.51499938964844,90.88999938964844,90.4000015258789,90.86000061035156,64635,0.0,0.0
2024-09-17 15:40:00-04:00,90.87000274658203,91.20970153808594,90.86000061035156,91.05999755859375,119262,0.0,0.0
2024-09-17 15:45:00-04:00,91.0999984741211,91.30000305175781,91.08000183105469,91.29000091552734,65158,0.0,0.0
2024-09-17 15:50:00-04:00,91.31999969482422,91.4000015258789,90.94750213623047,91.12799835205078,145564,0.0,0.0
2024-09-17 15:55:00-04:00,91.1500015258789,91.3499984741211,91.08999633789062,91.18000030517578,366119,0.0,0.0
2024-09-18 09:30:00-04:00,91.83000183105469,92.68000030517578,91.30000305175781,92.04000091552734,133854,0.0,0.0
2024-09-18 09:35:00-04:00,92.04000091552734,92.48999786376953,91.91999816894531,92.0999984741211,105657,0.0,0.0
2024-09-18 09:40:00-04:00,92.08499908447266,92.49099731445312,91.95999908447266,92.41000366210938,52343,0.0,0.0
2024-09-18 09:45:00-04:00,92.36000061035156,93.0,92.36000061035156,92.88999938964844,88743,0.0,0.0
2024-09-18 09:50:00-04:00,92.97000122070312,93.05000305175781,92.51000213623047,92.875,28557,0.0,0.0
2024-09-18 09:55:00-04:00,92.83000183105469,92.97000122070312,92.43000030517578,92.55000305175781,74377,0.0,0.0
2024-09-18 10:00:00-04:00,92.55000305175781,92.5999984741211,91.97000122070312,91.97000122070312,43564,0.0,0.0
2024-09-18 10:05:00-04:00,92.12000274658203,92.12000274658203,91.30000305175781,91.58499908447266,43490,0.0,0.0
2024-09-18 10:10:00-04:00,91.55999755859375,91.69000244140625,91.4000015258789,91.4000015258789,62398,0.0,0.0
2024-09-18 10:15:00-04:00,91.44000244140625,91.75,91.44000244140625,91.55000305175781,25354,0.0,0.0
2024-09-18 10:20:00-04:00,91.58000183105469,91.76000213623047,91.4000015258789,91.44999694824219,24949,0.0,0.0
2024-09-18 10:25:00-04:00,91.47000122070312,91.88999938964844,91.47000122070312,91.80000305175781,28045,0.0,0.0
2024-09-18 10:30:00-04:00,91.79000091552734,92.0,91.69000244140625,91.95999908447266,38387,0.0,0.0
2024-09-18 10:35:00-04:00,91.93000030517578,91.95999908447266,91.62999725341797,91.7750015258789,30123,0.0,0.0
2024-09-18 10:40:00-04:00,91.7750015258789,91.87999725341797,91.69999694824219,91.86000061035156,17312,0.0,0.0
2024-09-18 10:45:00-04:00,91.9000015258789,92.0999984741211,91.86000061035156,92.0199966430664,28624,0.0,0.0
2024-09-18 10:50:00-04:00,92.04000091552734,92.04499816894531,91.68000030517578,91.69499969482422,19651,0.0,0.0
2024-09-18 10:55:00-04:00,91.75,91.7699966430664,91.44000244140625,91.4800033569336,33374,0.0,0.0
2024-09-18 11:00:00-04:00,91.55999755859375,91.61000061035156,91.4800033569336,91.52999877929688,18238,0.0,0.0
2024-09-18 11:05:00-04:00,91.56999969482422,91.62000274658203,91.45999908447266,91.5199966430664,19957,0.0,0.0
2024-09-18 11:10:00-04:00,91.48999786376953,91.69000244140625,91.4800033569336,91.58000183105469,24912,0.0,0.0
2024-09-18 11:15:00-04:00,91.55999755859375,91.6500015258789,91.52999877929688,91.63999938964844,13217,0.0,0.0
2024-09-18 11:20:00-04:00,91.63999938964844,91.69000244140625,91.45999908447266,91.53480529785156,25465,0.0,0.0
2024-09-18 11:25:00-04:00,91.54000091552734,91.69499969482422,91.48999786376953,91.69499969482422,13299,0.0,0.0
2024-09-18 11:30:00-04:00,91.66000366210938,91.66000366210938,91.44000244140625,91.48999786376953,18784,0.0,0.0
2024-09-18 11:35:00-04:00,91.48310089111328,91.54000091552734,91.31999969482422,91.4800033569336,28354,0.0,0.0
2024-09-18 11:40:00-04:00,91.47000122070312,91.53441619873047,91.11000061035156,91.11000061035156,26162,0.0,0.0
2024-09-18 11:45:00-04:00,91.11000061035156,91.19000244140625,90.73999786376953,90.98999786376953,40387,0.0,0.0
2024-09-18 11:50:00-04:00,91.04000091552734,91.1500015258789,90.79000091552734,91.04000091552734,27399,0.0,0.0
2024-09-18 11:55:00-04:00,91.04000091552734,91.12999725341797,91.0199966430664,91.08999633789062,26456,0.0,0.0
2024-09-18 12:00:00-04:00,91.06999969482422,91.19999694824219,90.9800033569336,91.16000366210938,24448,0.0,0.0
2024-09-18 12:05:00-04:00,91.16999816894531,91.43000030517578,91.1500015258789,91.32350158691406,18885,0.0,0.0
2024-09-18 12:10:00-04:00,91.3499984741211,91.80000305175781,91.3499984741211,91.79499816894531,16817,0.0,0.0
2024-09-18 12:15:00-04:00,91.76000213623047,91.76000213623047,91.69000244140625,91.73500061035156,16213,0.0,0.0
2024-09-18 12:20:00-04:00,91.73999786376953,91.86000061035156,91.72000122070312,91.75,19685,0.0,0.0
2024-09-18 12:25:00-04:00,91.73999786376953,92.01000213623047,91.70999908447266,92.01000213623047,18038,0.0,0.0
2024-09-18 12:30:00-04:00,92.00849914550781,92.0199966430664,91.9000015258789,92.00499725341797,23491,0.0,0.0
2024-09-18 12:35:00-04:00,92.0,92.20999908447266,92.0,92.16999816894531,13177,0.0,0.0
2024-09-18 12:40:00-04:00,92.18800354003906,92.37950134277344,92.16999816894531,92.36599731445312,14647,0.0,0.0
2024-09-18 12:45:00-04:00,92.33000183105469,92.4000015258789,92.30999755859375,92.37999725341797,16715,0.0,0.0
2024-09-18 12:50:00-04:00,92.41500091552734,92.44999694824219,92.31999969482422,92.38999938964844,16939,0.0,0.0
2024-09-18 12:55:00-04:00,92.43000030517578,92.56999969482422,92.33000183105469,92.5,30761,0.0,0.0
2024-09-18 13:00:00-04:00,92.5199966430664,92.5199966430664,92.36000061035156,92.44000244140625,28380,0.0,0.0
2024-09-18 13:05:00-04:00,92.44000244140625,92.44000244140625,92.08000183105469,92.12000274658203,32191,0.0,0.0
2024-09-18 13:10:00-04:00,92.08999633789062,92.12999725341797,91.36000061035156,91.36000061035156,38103,0.0,0.0
2024-09-18 13:15:00-04:00,91.33000183105469,91.5199966430664,91.23999786376953,91.43000030517578,65655,0.0,0.0
2024-09-18 13:20:00-04:00,91.43000030517578,91.44000244140625,91.13999938964844,91.2699966430664,49264,0.0,0.0
2024-09-18 13:25:00-04:00,91.2750015258789,91.58000183105469,91.2750015258789,91.57499694824219,23608,0.0,0.0
2024-09-18 13:30:00-04:00,91.5999984741211,91.81999969482422,91.58999633789062,91.66000366210938,31799,0.0,0.0
2024-09-18 13:35:00-04:00,91.62000274658203,91.68000030517578,91.22000122070312,91.25,34510,0.0,0.0
2024-09-18 13:40:00-04:00,91.25,91.2699966430664,91.0999984741211,91.12000274658203,26308,0.0,0.0
2024-09-18 13:45:00-04:00,91.15499877929688,91.2300033569336,91.0,91.05999755859375,26324,0.0,0.0
2024-09-18 13:50:00-04:00,91.05000305175781,91.4437026977539,91.01799774169922,91.38500213623047,28165,0.0,0.0
2024-09-18 13:55:00-04:00,91.38500213623047,91.62000274658203,91.31999969482422,91.50499725341797,21077,0.0,0.0
2024-09-18 14:00:00-04:00,91.5,93.27999877929688,91.30500030517578,92.91069793701172,151386,0.0,0.0
2024-09-18 14:05:00-04:00,92.9000015258789,93.1500015258789,92.5009994506836,92.83999633789062,72532,0.0,0.0
2024-09-18 14:10:00-04:00,92.8499984741211,92.92500305175781,91.70999908447266,92.12000274658203,95476,0.0,0.0
2024-09-18 14:15:00-04:00,92.11000061035156,92.9800033569336,92.05000305175781,92.9800033569336,98879,0.0,0.0
2024-09-18 14:20:00-04:00,92.9000015258789,93.43000030517578,92.83999633789062,93.42880249023438,128930,0.0,0.0
2024-09-18 14:25:00-04:00,93.43000030517578,93.68000030517578,92.98999786376953,93.33000183105469,94593,0.0,0.0
2024-09-18 14:30:00-04:00,93.33999633789062,93.48999786376953,92.80000305175781,93.22000122070312,55656,0.0,0.0
2024-09-18 14:35:00-04:00,93.19000244140625,93.94000244140625,92.62999725341797,93.94000244140625,72696,0.0,0.0
2024-09-18 14:40:00-04:00,93.87999725341797,93.91999816894531,92.5,92.5999984741211,80381,0.0,0.0
2024-09-18 14:45:00-04:00,92.5199966430664,93.2300033569336,92.26969909667969,93.05999755859375,76095,0.0,0.0
2024-09-18 14:50:00-04:00,93.0,93.52989959716797,92.95500183105469,93.37999725341797,49629,0.0,0.0
2024-09-18 14:55:00-04:00,93.375,93.73999786376953,92.6500015258789,92.6500015258789,57268,0.0,0.0
2024-09-18 15:00:00-04:00,92.6500015258789,92.72000122070312,91.97000122070312,91.97000122070312,96855,0.0,0.0
2024-09-18 15:05:00-04:00,91.97000122070312,92.15380096435547,91.55500030517578,91.96040344238281,97850,0.0,0.0
2024-09-18 15:10:00-04:00,91.95999908447266,92.6500015258789,91.83000183105469,92.63600158691406,99328,0.0,0.0
2024-09-18 15:15:00-04:00,92.5999984741211,92.63020324707031,92.12000274658203,92.26000213623047,58863,0.0,0.0
2024-09-18 15:20:00-04:00,92.25,92.30999755859375,91.4000015258789,92.04000091552734,51970,0.0,0.0
2024-09-18 15:25:00-04:00,92.06999969482422,92.6050033569336,92.06999969482422,92.30000305175781,46240,0.0,0.0
2024-09-18 15:30:00-04:00,92.37999725341797,92.37999725341797,91.45999908447266,91.6500015258789,108340,0.0,0.0
2024-09-18 15:35:00-04:00,91.54000091552734,91.9000015258789,91.47000122070312,91.79000091552734,50854,0.0,0.0
2024-09-18 15:40:00-04:00,91.83000183105469,91.9000015258789,91.30000305175781,91.30000305175781,76020,0.0,0.0
2024-09-18 15:45:00-04:00,91.2509994506836,91.47000122070312,91.08999633789062,91.12000274658203,129110,0.0,0.0
2024-09-18 15:50:00-04:00,91.18000030517578,91.91000366210938,91.0999984741211,91.58999633789062,178309,0.0,0.0
2024-09-18 15:55:00-04:00,91.58000183105469,91.72000122070312,91.01000213623047,91.18499755859375,471208,0.0,0.0
2024-09-19 09:30:00-04:00,94.73999786376953,95.25,94.13999938964844,94.27999877929688,328962,0.0,0.0
2024-09-19 09:35:00-04:00,94.37000274658203,94.51000213623047,93.63999938964844,93.84500122070312,124706,0.0,0.0
2024-09-19 09:40:00-04:00,93.8499984741211,94.11699676513672,92.69999694824219,93.2699966430664,98921,0.0,0.0
2024-09-19 09:45:00-04:00,93.33000183105469,93.55999755859375,92.51000213623047,93.22000122070312,120303,0.0,0.0
2024-09-19 09:50:00-04:00,93.22000122070312,93.47000122070312,92.7750015258789,93.12000274658203,332470,0.0,0.0
2024-09-19 09:55:00-04:00,93.17500305175781,93.67500305175781,93.17500305175781,93.52999877929688,90995,0.0,0.0
2024-09-19 10:00:00-04:00,93.51000213623047,93.79000091552734,93.12000274658203,93.28500366210938,94792,0.0,0.0
2024-09-19 10:05:00-04:00,93.2699966430664,93.56500244140625,93.14019775390625,93.37999725341797,62582,0.0,0.0
2024-09-19 10:10:00-04:00,93.43990325927734,93.5,93.20999908447266,93.38999938964844,64093,0.0,0.0
2024-09-19 10:15:00-04:00,93.21499633789062,93.30000305175781,92.81999969482422,92.9000015258789,69706,0.0,0.0
2024-09-19 10:20:00-04:00,92.94000244140625,93.0625991821289,91.86000061035156,92.05500030517578,63506,0.0,0.0
2024-09-19 10:25:00-04:00,92.08830261230469,92.20999908447266,91.80000305175781,92.12000274658203,104061,0.0,0.0
2024-09-19 10:30:00-04:00,92.17990112304688,92.2300033569336,91.23999786376953,91.58000183105469,124371,0.0,0.0
2024-09-19 10:35:00-04:00,91.5199966430664,92.08999633789062,91.5199966430664,91.84822845458984,155242,0.0,0.0
2024-09-19 10:40:00-04:00,91.87000274658203,91.91000366210938,91.03009796142578,91.16999816894531,69234,0.0,0.0
2024-09-19 10:45:00-04:00,91.0999984741211,91.41000366210938,90.68009948730469,91.41000366210938,158244,0.0,0.0
2024-09-19 10:50:00-04:00,91.43470001220703,92.02999877929688,91.23999786376953,91.58000183105469,111361,0.0,0.0
2024-09-19 10:55:00-04:00,91.5999984741211,91.79989624023438,91.19999694824219,91.19999694824219,67958,0.0,0.0
2024-09-19 11:00:00-04:00,91.18000030517578,91.779296875,91.08999633789062,91.3499984741211,420625,0.0,0.0
2024-09-19 11:05:00-04:00,91.27999877929688,91.48989868164062,91.22000122070312,91.23999786376953,81436,0.0,0.0
2024-09-19 11:10:00-04:00,91.30500030517578,91.51750183105469,91.1500015258789,91.1500015258789,74082,0.0,0.0
2024-09-19 11:15:00-04:00,91.16000366210938,91.41000366210938,91.16000366210938,91.37000274658203,31931,0.0,0.0
2024-09-19 11:20:00-04:00,91.41000366210938,91.41999816894531,91.0199966430664,91.08999633789062,44881,0.0,0.0
2024-09-19 11:25:00-04:00,91.12000274658203,91.2300033569336,90.9000015258789,90.91999816894531,43515,0.0,0.0
2024-09-19 11:30:00-04:00,90.91999816894531,91.0,90.26000213623047,90.97000122070312,73254,0.0,0.0
2024-09-19 11:35:00-04:00,90.96499633789062,91.30999755859375,90.96499633789062,91.16999816894531,54098,0.0,0.0
2024-09-19 11:40:00-04:00,91.22000122070312,91.2249984741211,90.7699966430664,91.19999694824219,43886,0.0,0.0
2024-09-19 11:45:00-04:00,91.17500305175781,91.23999786376953,90.93000030517578,90.93000030517578,62936,0.0,0.0
2024-09-19 11:50:00-04:00,90.93000030517578,90.99500274658203,90.52999877929688,90.67340087890625,44697,0.0,0.0
2024-09-19 11:55:00-04:00,90.66999816894531,90.70999908447266,90.36419677734375,90.70999908447266,37669,0.0,0.0
2024-09-19 12:00:00-04:00,90.65499877929688,91.02999877929688,90.58999633789062,90.9800033569336,32530,0.0,0.0
2024-09-19 12:05:00-04:00,91.01000213623047,91.37999725341797,90.94000244140625,91.37999725341797,71283,0.0,0.0
2024-09-19 12:10:00-04:00,91.37999725341797,91.8499984741211,91.29000091552734,91.8499984741211,81882,0.0,0.0
2024-09-19 12:15:00-04:00,91.8499984741211,92.08000183105469,91.66010284423828,91.98999786376953,58679,0.0,0.0
2024-09-19 12:20:00-04:00,91.98999786376953,92.20999908447266,91.91000366210938,92.05999755859375,69887,0.0,0.0
2024-09-19 12:25:00-04:00,92.08650207519531,92.30999755859375,92.02999877929688,92.13999938964844,63371,0.0,0.0
2024-09-19 12:30:00-04:00,92.16000366210938,92.19499969482422,91.52999877929688,91.7699966430664,47987,0.0,0.0
2024-09-19 12:35:00-04:00,91.7699966430664,91.7750015258789,91.31999969482422,91.6449966430664,40272,0.0,0.0
2024-09-19 12:40:00-04:00,91.5999984741211,92.01000213623047,91.56999969482422,91.96499633789062,57486,0.0,0.0
2024-09-19 12:45:00-04:00,91.91999816894531,92.01000213623047,91.76000213623047,91.91500091552734,48582,0.0,0.0
2024-09-19 12:50:00-04:00,91.94000244140625,92.05500030517578,91.77999877929688,92.0,53727,0.0,0.0
2024-09-19 12:55:00-04:00,92.0,92.05999755859375,91.8499984741211,91.8499984741211,48105,0.0,0.0
2024-09-19 13:00:00-04:00,91.87000274658203,92.05000305175781,91.8499984741211,91.8949966430664,34080,0.0,0.0
2024-09-19 13:05:00-04:00,91.86000061035156,91.94000244140625,91.68000030517578,91.94000244140625,44715,0.0,0.0
2024-09-19 13:10:00-04:00,91.91000366210938,91.94000244140625,91.69000244140625,91.7300033569336,43245,0.0,0.0
2024-09-19 13:15:00-04:00,91.72000122070312,91.77999877929688,91.45999908447266,91.55000305175781,45971,0.0,0.0
2024-09-19 13:20:00-04:00,91.66999816894531,91.69000244140625,91.25,91.37999725341797,52788,0.0,0.0
2024-09-19 13:25:00-04:00,91.34500122070312,91.86000061035156,91.30000305175781,91.69000244140625,220482,0.0,0.0
2024-09-19 13:30:00-04:00,91.7249984741211,92.0199966430664,91.64700317382812,91.73999786376953,49245,0.0,0.0
2024-09-19 13:35:00-04:00,91.80000305175781,92.06999969482422,91.77999877929688,92.0199966430664,44320,0.0,0.0
2024-09-19 13:40:00-04:00,92.0,92.0,91.7699966430664,91.83000183105469,40839,0.0,0.0
2024-09-19 13:45:00-04:00,91.83999633789062,92.04000091552734,91.83999633789062,91.91000366210938,55821,0.0,0.0
2024-09-19 13:50:00-04:00,91.91999816894531,92.12200164794922,91.91000366210938,92.08000183105469,161155,0.0,0.0
2024-09-19 13:55:00-04:00,92.1050033569336,92.1050033569336,91.80999755859375,91.92500305175781,46946,0.0,0.0
2024-09-19 14:00:00-04:00,91.92500305175781,91.94000244140625,91.80000305175781,91.80999755859375,43873,0.0,0.0
2024-09-19 14:05:00-04:00,91.87000274658203,91.91000366210938,91.61000061035156,91.77999877929688,47476,0.0,0.0
2024-09-19 14:10:00-04:00,91.73999786376953,91.76000213623047,91.55999755859375,91.66000366210938,55719,0.0,0.0
2024-09-19 14:15:00-04:00,91.6449966430664,91.6449966430664,91.29000091552734,91.50499725341797,46080,0.0,0.0
2024-09-19 14:20:00-04:00,91.55000305175781,91.73999786376953,91.48999786376953,91.7300033569336,37625,0.0,0.0
2024-09-19 14:25:00-04:00,91.72000122070312,92.09500122070312,91.68000030517578,92.0250015258789,58616,0.0,0.0
2024-09-19 14:30:00-04:00,92.0199966430664,92.13999938964844,91.95999908447266,92.12999725341797,33614,0.0,0.0
2024-09-19 14:35:00-04:00,92.1449966430664,92.16999816894531,91.9749984741211,92.04499816894531,42389,0.0,0.0
2024-09-19 14:40:00-04:00,91.9800033569336,91.98500061035156,91.7334976196289,91.91999816894531,39277,0.0,0.0
2024-09-19 14:45:00-04:00,91.94999694824219,92.23400115966797,91.91999816894531,91.96499633789062,122587,0.0,0.0
2024-09-19 14:50:00-04:00,91.94000244140625,92.16000366210938,91.9000015258789,92.04000091552734,36588,0.0,0.0
2024-09-19 14:55:00-04:00,92.0199966430664,92.0199966430664,91.86000061035156,91.95999908447266,41210,0.0,0.0
2024-09-19 15:00:00-04:00,91.93499755859375,92.0199966430664,91.61000061035156,91.8499984741211,63004,0.0,0.0
2024-09-19 15:05:00-04:00,91.83999633789062,91.9800033569336,91.73999786376953,91.9800033569336,45463,0.0,0.0
2024-09-19 15:10:00-04:00,91.9749984741211,92.21990203857422,91.9749984741211,92.08999633789062,63296,0.0,0.0
2024-09-19 15:15:00-04:00,92.05000305175781,92.3499984741211,92.05000305175781,92.3499984741211,30979,0.0,0.0
2024-09-19 15:20:00-04:00,92.29499816894531,92.5999984741211,92.2699966430664,92.5999984741211,54331,0.0,0.0
2024-09-19 15:25:00-04:00,92.61000061035156,92.62000274658203,92.41999816894531,92.5250015258789,62994,0.0,0.0
2024-09-19 15:30:00-04:00,92.5250015258789,92.55000305175781,92.3499984741211,92.41000366210938,70244,0.0,0.0
2024-09-19 15:35:00-04:00,92.42500305175781,92.5199966430664,92.27999877929688,92.47000122070312,77273,0.0,0.0
2024-09-19 15:40:00-04:00,92.4800033569336,92.55500030517578,92.33000183105469,92.4800033569336,98878,0.0,0.0
2024-09-19 15:45:00-04:00,92.44999694824219,92.61000061035156,92.41999816894531,92.58999633789062,117832,0.0,0.0
2024-09-19 15:50:00-04:00,92.5999984741211,92.7249984741211,92.48999786376953,92.62999725341797,227103,0.0,0.0
2024-09-19 15:55:00-04:00,92.62999725341797,92.91000366210938,92.58000183105469,92.72000122070312,450405,0.0,0.0
2024-09-20 09:30:00-04:00,100.75,102.16000366210938,99.2300033569336,101.35030364990234,1990528,0.0,0.0
2024-09-20 09:35:00-04:00,101.54000091552734,102.81999969482422,100.26000213623047,100.87999725341797,588320,0.0,0.0
2024-09-20 09:40:00-04:00,100.94000244140625,102.16000366210938,100.37000274658203,100.87000274658203,430104,0.0,0.0
2024-09-20 09:45:00-04:00,100.87000274658203,101.2300033569336,99.73999786376953,99.8949966430664,332234,0.0,0.0
2024-09-20 09:50:00-04:00,99.9000015258789,100.52999877929688,99.83899688720703,99.83899688720703,275473,0.0,0.0
2024-09-20 09:55:00-04:00,99.5,99.9000015258789,98.83999633789062,99.20500183105469,340777,0.0,0.0
2024-09-20 10:00:00-04:00,99.19999694824219,100.69989776611328,99.19999694824219,99.71499633789062,167661,0.0,0.0
2024-09-20 10:05:00-04:00,99.7261962890625,99.97989654541016,98.69999694824219,99.37999725341797,220197,0.0,0.0
2024-09-20 10:10:00-04:00,99.37000274658203,99.62999725341797,98.44000244140625,98.55000305175781,187347,0.0,0.0
2024-09-20 10:15:00-04:00,98.55000305175781,99.05999755859375,97.9000015258789,98.13999938964844,207805,0.0,0.0
2024-09-20 10:20:00-04:00,98.06999969482422,99.060302734375,97.8550033569336,99.04499816894531,239121,0.0,0.0
2024-09-20 10:25:00-04:00,99.05999755859375,99.87000274658203,99.0000991821289,99.73500061035156,116956,0.0,0.0
2024-09-20 10:30:00-04:00,99.7300033569336,100.05000305175781,99.36000061035156,99.88500213623047,155815,0.0,0.0
2024-09-20 10:35:00-04:00,99.88999938964844,100.89939880371094,99.73999786376953,100.61000061035156,165500,0.0,0.0
2024-09-20 10:40:00-04:00,100.61000061035156,100.87429809570312,100.17500305175781,100.30999755859375,180319,0.0,0.0
2024-09-20 10:45:00-04:00,100.3499984741211,101.18000030517578,100.2500991821289,100.86000061035156,176812,0.0,0.0
2024-09-20 10:50:00-04:00,100.86499786376953,101.43990325927734,100.8499984741211,101.33999633789062,113163,0.0,0.0
2024-09-20 10:55:00-04:00,101.36000061035156,101.62999725341797,100.69000244140625,100.83499908447266,189926,0.0,0.0
2024-09-20 11:00:00-04:00,100.79010009765625,101.08999633789062,100.48999786376953,101.01000213623047,143339,0.0,0.0
2024-09-20 11:05:00-04:00,100.9800033569336,101.33999633789062,100.83999633789062,101.13999938964844,108983,0.0,0.0
2024-09-20 11:10:00-04:00,101.16999816894531,101.19000244140625,100.69999694824219,100.86000061035156,156870,0.0,0.0
2024-09-20 11:15:00-04:00,100.87999725341797,101.33000183105469,100.55500030517578,101.30999755859375,107310,0.0,0.0
2024-09-20 11:20:00-04:00,101.37999725341797,101.62000274658203,100.8499984741211,101.16999816894531,105685,0.0,0.0
2024-09-20 11:25:00-04:00,101.2157974243164,101.3499984741211,100.91999816894531,101.05000305175781,59635,0.0,0.0
2024-09-20 11:30:00-04:00,101.0199966430664,101.30269622802734,100.5199966430664,101.2300033569336,127816,0.0,0.0
2024-09-20 11:35:00-04:00,101.2750015258789,101.75,101.16999816894531,101.75,79066,0.0,0.0
2024-09-20 11:40:00-04:00,101.76499938964844,102.30000305175781,101.76499938964844,102.23500061035156,159146,0.0,0.0
2024-09-20 11:45:00-04:00,102.23999786376953,103.48999786376953,102.23500061035156,103.43669891357422,275487,0.0,0.0
2024-09-20 11:50:00-04:00,103.41000366210938,103.52999877929688,102.87999725341797,103.15989685058594,144395,0.0,0.0
2024-09-20 11:55:00-04:00,103.14099884033203,103.30000305175781,102.73539733886719,103.2300033569336,138827,0.0,0.0
2024-09-20 12:00:00-04:00,103.27999877929688,103.91999816894531,103.25,103.70500183105469,198235,0.0,0.0
2024-09-20 12:05:00-04:00,103.72000122070312,103.87000274658203,103.13999938964844,103.81999969482422,123857,0.0,0.0
2024-09-20 12:10:00-04:00,103.87000274658203,104.01000213623047,103.44999694824219,103.58999633789062,188234,0.0,0.0
2024-09-20 12:15:00-04:00,103.54000091552734,104.18000030517578,103.51000213623047,104.1449966430664,122340,0.0,0.0
2024-09-20 12:20:00-04:00,104.1500015258789,104.87999725341797,104.08999633789062,104.7300033569336,239440,0.0,0.0
2024-09-20 12:25:00-04:00,104.70999908447266,104.79000091552734,104.33000183105469,104.69999694824219,119827,0.0,0.0
2024-09-20 12:30:00-04:00,104.68499755859375,105.47000122070312,104.68499755859375,105.38500213623047,235625,0.0,0.0
2024-09-20 12:35:00-04:00,105.3949966430664,106.11000061035156,105.36000061035156,106.08999633789062,221322,0.0,0.0
2024-09-20 12:40:00-04:00,106.09760284423828,106.16999816894531,105.69999694824219,105.88500213623047,182917,0.0,0.0
2024-09-20 12:45:00-04:00,105.8499984741211,105.98989868164062,105.4800033569336,105.61000061035156,128230,0.0,0.0
2024-09-20 12:50:00-04:00,105.61499786376953,106.31999969482422,105.58999633789062,106.17990112304688,154956,0.0,0.0
2024-09-20 12:55:00-04:00,106.1500015258789,106.48989868164062,106.06999969482422,106.16999816894531,144819,0.0,0.0
2024-09-20 13:00:00-04:00,106.29000091552734,106.3550033569336,105.77999877929688,105.95999908447266,117025,0.0,0.0
2024-09-20 13:05:00-04:00,105.92500305175781,106.63999938964844,105.81999969482422,106.56999969482422,111240,0.0,0.0
2024-09-20 13:10:00-04:00,106.60990142822266,106.94000244140625,106.34040069580078,106.93000030517578,156786,0.0,0.0
2024-09-20 13:15:00-04:00,106.93000030517578,107.06500244140625,106.72000122070312,106.87000274658203,129868,0.0,0.0
2024-09-20 13:20:00-04:00,106.87000274658203,106.875,105.93830108642578,106.0,144335,0.0,0.0
2024-09-20 13:25:00-04:00,106.0,106.61990356445312,105.5999984741211,105.61000061035156,155890,0.0,0.0
2024-09-20 13:30:00-04:00,105.61000061035156,106.20999908447266,105.58999633789062,105.86000061035156,135838,0.0,0.0
2024-09-20 13:35:00-04:00,105.83999633789062,106.2300033569336,105.79000091552734,105.9800033569336,75492,0.0,0.0
2024-09-20 13:40:00-04:00,106.0,106.2699966430664,105.94999694824219,106.2249984741211,99698,0.0,0.0
2024-09-20 13:45:00-04:00,106.2699966430664,106.61990356445312,106.11000061035156,106.51499938964844,98011,0.0,0.0
2024-09-20 13:50:00-04:00,106.5,106.77790069580078,106.20999908447266,106.7750015258789,97609,0.0,0.0
2024-09-20 13:55:00-04:00,106.80000305175781,107.38059997558594,106.80000305175781,107.19499969482422,145736,0.0,0.0
2024-09-20 14:00:00-04:00,107.25,107.36990356445312,106.6084976196289,106.70999908447266,153316,0.0,0.0
2024-09-20 14:05:00-04:00,106.70999908447266,106.81639862060547,105.5199966430664,105.52970123291016,150178,0.0,0.0
2024-09-20 14:10:00-04:00,105.5199966430664,106.33000183105469,105.2699966430664,105.80000305175781,264892,0.0,0.0
2024-09-20 14:15:00-04:00,105.7699966430664,105.93000030517578,105.30000305175781,105.55999755859375,178503,0.0,0.0
2024-09-20 14:20:00-04:00,105.56999969482422,106.11000061035156,105.0999984741211,106.05000305175781,190430,0.0,0.0
2024-09-20 14:25:00-04:00,106.13999938964844,106.57990264892578,106.0,106.5199966430664,125125,0.0,0.0
2024-09-20 14:30:00-04:00,106.5,107.1395034790039,106.47000122070312,106.9000015258789,153068,0.0,0.0
2024-09-20 14:35:00-04:00,106.94000244140625,107.20999908447266,106.69999694824219,107.0999984741211,133395,0.0,0.0
2024-09-20 14:40:00-04:00,107.0999984741211,107.44989776611328,106.83000183105469,107.30000305175781,127035,0.0,0.0
2024-09-20 14:45:00-04:00,107.31999969482422,107.48999786376953,107.1500015258789,107.16000366210938,118849,0.0,0.0
2024-09-20 14:50:00-04:00,107.16000366210938,107.5999984741211,107.16000366210938,107.5999984741211,99283,0.0,0.0
2024-09-20 14:55:00-04:00,107.5999984741211,107.93000030517578,107.4800033569336,107.87249755859375,143109,0.0,0.0
2024-09-20 15:00:00-04:00,107.88719940185547,108.0,107.30999755859375,107.54499816894531,167308,0.0,0.0
2024-09-20 15:05:00-04:00,107.5199966430664,107.94999694824219,107.35230255126953,107.38999938964844,117262,0.0,0.0
2024-09-20 15:10:00-04:00,107.38999938964844,107.6500015258789,107.16000366210938,107.41020202636719,114135,0.0,0.0
2024-09-20 15:15:00-04:00,107.44000244140625,107.77999877929688,107.12000274658203,107.37999725341797,131546,0.0,0.0
2024-09-20 15:20:00-04:00,107.38999938964844,107.43000030517578,106.44999694824219,106.83999633789062,182570,0.0,0.0
2024-09-20 15:25:00-04:00,106.83999633789062,107.31999969482422,106.62999725341797,107.31999969482422,110060,0.0,0.0
2024-09-20 15:30:00-04:00,107.2699966430664,107.2699966430664,106.82009887695312,106.86000061035156,116700,0.0,0.0
2024-09-20 15:35:00-04:00,106.81999969482422,107.23989868164062,106.56999969482422,107.01930236816406,181023,0.0,0.0
2024-09-20 15:40:00-04:00,107.02999877929688,107.30000305175781,106.87000274658203,107.16000366210938,239253,0.0,0.0
2024-09-20 15:45:00-04:00,107.16999816894531,107.4800033569336,106.62300109863281,106.625,400168,0.0,0.0
2024-09-20 15:50:00-04:00,106.63999938964844,108.02999877929688,106.63999938964844,107.98999786376953,609115,0.0,0.0
2024-09-20 15:55:00-04:00,107.98999786376953,108.26000213623047,107.20999908447266,107.76000213623047,1114403,0.0,0.0
