Datetime,Open,High,Low,Close,Volume,Dividends,Stock Splits
2024-07-17 09:30:00-04:00,1.7599999904632568,1.7599999904632568,1.725000023841858,1.746000051498413,7509,0.0,0.0
2024-07-17 09:55:00-04:00,1.7200000286102295,1.7202999591827393,1.7200000286102295,1.7202999591827393,1520,0.0,0.0
2024-07-17 10:05:00-04:00,1.7319999933242798,1.7319999933242798,1.7319999933242798,1.7319999933242798,1824,0.0,0.0
2024-07-17 10:20:00-04:00,1.7480000257492065,1.7480000257492065,1.7480000257492065,1.7480000257492065,188,0.0,0.0
2024-07-17 10:30:00-04:00,1.749899983406067,1.749899983406067,1.749899983406067,1.749899983406067,0,0.0,0.0
2024-07-17 10:35:00-04:00,1.7400000095367432,1.7496000528335571,1.7400000095367432,1.7419999837875366,2498,0.0,0.0
2024-07-17 10:40:00-04:00,1.7400000095367432,1.7400000095367432,1.7400000095367432,1.7400000095367432,40,0.0,0.0
2024-07-17 10:45:00-04:00,1.7300000190734863,1.7301000356674194,1.7300000190734863,1.7301000356674194,2331,0.0,0.0
2024-07-17 11:00:00-04:00,1.7482999563217163,1.7482999563217163,1.7381000518798828,1.7381000518798828,1599,0.0,0.0
2024-07-17 11:10:00-04:00,1.75,1.75,1.75,1.75,923,0.0,0.0
2024-07-17 11:25:00-04:00,1.7311999797821045,1.7311999797821045,1.7311999797821045,1.7311999797821045,348,0.0,0.0
2024-07-17 11:35:00-04:00,1.7416000366210938,1.7416000366210938,1.7416000366210938,1.7416000366210938,406,0.0,0.0
2024-07-17 11:40:00-04:00,1.7307000160217285,1.7307000160217285,1.7307000160217285,1.7307000160217285,710,0.0,0.0
2024-07-17 11:55:00-04:00,1.75,1.75,1.7460999488830566,1.7460999488830566,1573,0.0,0.0
2024-07-17 12:05:00-04:00,1.7400000095367432,1.742400050163269,1.7400000095367432,1.742400050163269,4024,0.0,0.0
2024-07-17 12:10:00-04:00,1.7323999404907227,1.7460999488830566,1.7000000476837158,1.7460999488830566,6722,0.0,0.0
2024-07-17 12:15:00-04:00,1.6799999475479126,1.6992000341415405,1.6799999475479126,1.6992000341415405,1110,0.0,0.0
2024-07-17 12:20:00-04:00,1.6799999475479126,1.6799999475479126,1.6799999475479126,1.6799999475479126,2006,0.0,0.0
2024-07-17 12:25:00-04:00,1.6993999481201172,1.6993999481201172,1.6699999570846558,1.698799967765808,2132,0.0,0.0
2024-07-17 12:35:00-04:00,1.690000057220459,1.6996999979019165,1.690000057220459,1.6991000175476074,1050,0.0,0.0
2024-07-17 13:00:00-04:00,1.680999994277954,1.6999000310897827,1.679900050163269,1.6999000310897827,6451,0.0,0.0
2024-07-17 13:05:00-04:00,1.6699999570846558,1.6986000537872314,1.6699999570846558,1.6986000537872314,720,0.0,0.0
2024-07-17 13:10:00-04:00,1.6928000450134277,1.6928000450134277,1.6928000450134277,1.6928000450134277,1078,0.0,0.0
2024-07-17 13:35:00-04:00,1.6699999570846558,1.6995999813079834,1.6699999570846558,1.6995999813079834,3150,0.0,0.0
2024-07-17 13:50:00-04:00,1.6799999475479126,1.6799999475479126,1.6799999475479126,1.6799999475479126,75,0.0,0.0
2024-07-17 13:55:00-04:00,1.659999966621399,1.6996999979019165,1.659999966621399,1.6996999979019165,1011,0.0,0.0
2024-07-17 14:05:00-04:00,1.6699999570846558,1.6895999908447266,1.6516000032424927,1.6895999908447266,2901,0.0,0.0
2024-07-17 14:20:00-04:00,1.6799999475479126,1.6799999475479126,1.6799999475479126,1.6799999475479126,2370,0.0,0.0
2024-07-17 14:35:00-04:00,1.6500999927520752,1.679900050163269,1.6500999927520752,1.679900050163269,411,0.0,0.0
2024-07-17 15:00:00-04:00,1.659999966621399,1.659999966621399,1.6549999713897705,1.6549999713897705,2049,0.0,0.0
2024-07-17 15:05:00-04:00,1.7199000120162964,1.7199000120162964,1.7199000120162964,1.7199000120162964,122,0.0,0.0
2024-07-17 15:25:00-04:00,1.6971999406814575,1.6971999406814575,1.6971999406814575,1.6971999406814575,564,0.0,0.0
2024-07-17 15:55:00-04:00,1.6921000480651855,1.6921000480651855,1.6921000480651855,1.6921000480651855,2298,0.0,0.0
2024-07-18 09:30:00-04:00,1.7000000476837158,1.7000000476837158,1.7000000476837158,1.7000000476837158,212,0.0,0.0
2024-07-18 10:05:00-04:00,1.6749999523162842,1.6999000310897827,1.6749999523162842,1.6999000310897827,870,0.0,0.0
2024-07-18 10:30:00-04:00,1.6749999523162842,1.6749999523162842,1.6749999523162842,1.6749999523162842,4000,0.0,0.0
2024-07-18 10:40:00-04:00,1.6749999523162842,1.7000000476837158,1.6749999523162842,1.690000057220459,0,0.0,0.0
2024-07-18 11:15:00-04:00,1.663599967956543,1.663599967956543,1.663599967956543,1.663599967956543,1751,0.0,0.0
2024-07-18 11:20:00-04:00,1.6797000169754028,1.679900050163269,1.649999976158142,1.649999976158142,1200,0.0,0.0
2024-07-18 11:25:00-04:00,1.6999000310897827,1.6999000310897827,1.6991000175476074,1.6991000175476074,5361,0.0,0.0
2024-07-18 11:30:00-04:00,1.6749999523162842,1.7698999643325806,1.6749999523162842,1.7300000190734863,11779,0.0,0.0
2024-07-18 11:35:00-04:00,1.7100000381469727,1.7699999809265137,1.7100000381469727,1.7699999809265137,6546,0.0,0.0
2024-07-18 11:40:00-04:00,1.7698999643325806,1.7698999643325806,1.7000000476837158,1.7000000476837158,12272,0.0,0.0
2024-07-18 11:45:00-04:00,1.690000057220459,1.690000057220459,1.690000057220459,1.690000057220459,595,0.0,0.0
2024-07-18 11:50:00-04:00,1.7098000049591064,1.7098000049591064,1.7098000049591064,1.7098000049591064,600,0.0,0.0
2024-07-18 11:55:00-04:00,1.7099000215530396,1.7099000215530396,1.690000057220459,1.690000057220459,2864,0.0,0.0
2024-07-18 12:05:00-04:00,1.7099000215530396,1.7099000215530396,1.7099000215530396,1.7099000215530396,200,0.0,0.0
2024-07-18 12:25:00-04:00,1.653499960899353,1.653499960899353,1.653499960899353,1.653499960899353,283,0.0,0.0
2024-07-18 12:45:00-04:00,1.6539000272750854,1.6539000272750854,1.6539000272750854,1.6539000272750854,301,0.0,0.0
2024-07-18 13:25:00-04:00,1.690000057220459,1.690000057220459,1.690000057220459,1.690000057220459,4981,0.0,0.0
2024-07-18 13:30:00-04:00,1.7462999820709229,1.7462999820709229,1.7462999820709229,1.7462999820709229,737,0.0,0.0
2024-07-18 13:50:00-04:00,1.7400000095367432,1.7400000095367432,1.73989999294281,1.73989999294281,512,0.0,0.0
2024-07-18 14:15:00-04:00,1.725000023841858,1.73989999294281,1.725000023841858,1.73989999294281,3046,0.0,0.0
2024-07-18 14:25:00-04:00,1.7400000095367432,1.7400000095367432,1.7390999794006348,1.7390999794006348,1083,0.0,0.0
2024-07-18 14:35:00-04:00,1.7324999570846558,1.7324999570846558,1.7200000286102295,1.7200000286102295,2677,0.0,0.0
2024-07-18 14:40:00-04:00,1.7200000286102295,1.7200000286102295,1.7111999988555908,1.7111999988555908,1198,0.0,0.0
2024-07-18 15:00:00-04:00,1.6985000371932983,1.6985000371932983,1.6985000371932983,1.6985000371932983,2594,0.0,0.0
2024-07-18 15:05:00-04:00,1.6978000402450562,1.7000000476837158,1.6978000402450562,1.7000000476837158,138,0.0,0.0
2024-07-18 15:10:00-04:00,1.7300000190734863,1.7300000190734863,1.7300000190734863,1.7300000190734863,2050,0.0,0.0
2024-07-18 15:25:00-04:00,1.6799999475479126,1.6821999549865723,1.6799999475479126,1.6799999475479126,2176,0.0,0.0
2024-07-18 15:30:00-04:00,1.6700999736785889,1.6859999895095825,1.6700999736785889,1.6859999895095825,1898,0.0,0.0
2024-07-18 15:35:00-04:00,1.6799999475479126,1.6799999475479126,1.6799999475479126,1.6799999475479126,483,0.0,0.0
2024-07-18 15:40:00-04:00,1.6725000143051147,1.6725000143051147,1.6725000143051147,1.6725000143051147,483,0.0,0.0
2024-07-19 09:30:00-04:00,1.6799999475479126,1.6799999475479126,1.6649999618530273,1.6649999618530273,1401,0.0,0.0
2024-07-19 09:50:00-04:00,1.649999976158142,1.649999976158142,1.649999976158142,1.649999976158142,1917,0.0,0.0
2024-07-19 10:05:00-04:00,1.559999942779541,1.63510000705719,1.559999942779541,1.63510000705719,10090,0.0,0.0
2024-07-19 10:25:00-04:00,1.6094000339508057,1.6094000339508057,1.6094000339508057,1.6094000339508057,143,0.0,0.0
2024-07-19 10:30:00-04:00,1.5800000429153442,1.639299988746643,1.5700000524520874,1.5700000524520874,2633,0.0,0.0
2024-07-19 10:35:00-04:00,1.6398999691009521,1.6398999691009521,1.6398999691009521,1.6398999691009521,517,0.0,0.0
2024-07-19 11:30:00-04:00,1.5820000171661377,1.5820000171661377,1.5800000429153442,1.5800000429153442,1162,0.0,0.0
2024-07-19 11:40:00-04:00,1.6272000074386597,1.627500057220459,1.6272000074386597,1.627500057220459,2463,0.0,0.0
2024-07-19 12:25:00-04:00,1.6100000143051147,1.6100000143051147,1.6100000143051147,1.6100000143051147,5968,0.0,0.0
2024-07-19 12:45:00-04:00,1.6100000143051147,1.6100000143051147,1.600000023841858,1.600000023841858,9088,0.0,0.0
2024-07-19 12:50:00-04:00,1.5988999605178833,1.600000023841858,1.5987000465393066,1.5990999937057495,2312,0.0,0.0
2024-07-19 13:00:00-04:00,1.5982999801635742,1.5982999801635742,1.5980000495910645,1.5980000495910645,1494,0.0,0.0
2024-07-19 13:40:00-04:00,1.5800000429153442,1.5800000429153442,1.5800000429153442,1.5800000429153442,1100,0.0,0.0
2024-07-19 13:45:00-04:00,1.5687999725341797,1.5687999725341797,1.5687999725341797,1.5687999725341797,3220,0.0,0.0
2024-07-19 13:55:00-04:00,1.5750000476837158,1.5750000476837158,1.5736000537872314,1.5736000537872314,1066,0.0,0.0
2024-07-19 14:00:00-04:00,1.5693999528884888,1.5693999528884888,1.5199999809265137,1.5484000444412231,17816,0.0,0.0
2024-07-19 14:05:00-04:00,1.5299999713897705,1.5393999814987183,1.4996999502182007,1.4996999502182007,3661,0.0,0.0
2024-07-19 14:10:00-04:00,1.4800000190734863,1.5,1.4701000452041626,1.5,9472,0.0,0.0
2024-07-19 14:15:00-04:00,1.5,1.5,1.5,1.5,1282,0.0,0.0
2024-07-19 14:25:00-04:00,1.4953999519348145,1.4953999519348145,1.4953999519348145,1.4953999519348145,2790,0.0,0.0
2024-07-19 14:30:00-04:00,1.4984999895095825,1.4984999895095825,1.4984999895095825,1.4984999895095825,1000,0.0,0.0
2024-07-19 14:35:00-04:00,1.4984999895095825,1.4984999895095825,1.4984999895095825,1.4984999895095825,918,0.0,0.0
2024-07-19 14:45:00-04:00,1.4700000286102295,1.4700000286102295,1.4700000286102295,1.4700000286102295,436,0.0,0.0
2024-07-19 14:55:00-04:00,1.5,1.5499999523162842,1.5,1.5399999618530273,4897,0.0,0.0
2024-07-19 15:00:00-04:00,1.5399999618530273,1.5399999618530273,1.5399999618530273,1.5399999618530273,206,0.0,0.0
2024-07-19 15:05:00-04:00,1.51010000705719,1.5299999713897705,1.5099999904632568,1.5099999904632568,1500,0.0,0.0
2024-07-19 15:10:00-04:00,1.5099999904632568,1.5099999904632568,1.500100016593933,1.500100016593933,1148,0.0,0.0
2024-07-19 15:25:00-04:00,1.5199999809265137,1.5199999809265137,1.5199999809265137,1.5199999809265137,2915,0.0,0.0
2024-07-19 15:35:00-04:00,1.510699987411499,1.510699987411499,1.5,1.5,1911,0.0,0.0
2024-07-19 15:40:00-04:00,1.4850000143051147,1.499899983406067,1.4850000143051147,1.499899983406067,9462,0.0,0.0
2024-07-19 15:55:00-04:00,1.499899983406067,1.499899983406067,1.499899983406067,1.499899983406067,514,0.0,0.0
2024-07-22 09:35:00-04:00,1.6198999881744385,1.6198999881744385,1.6198999881744385,1.6198999881744385,1919,0.0,0.0
2024-07-22 10:00:00-04:00,1.5299999713897705,1.5299999713897705,1.5299999713897705,1.5299999713897705,2735,0.0,0.0
2024-07-22 10:55:00-04:00,1.5299999713897705,1.5299999713897705,1.5299999713897705,1.5299999713897705,660,0.0,0.0
2024-07-22 11:05:00-04:00,1.480299949645996,1.480299949645996,1.480299949645996,1.480299949645996,2092,0.0,0.0
2024-07-22 11:45:00-04:00,1.4800000190734863,1.4800000190734863,1.4800000190734863,1.4800000190734863,1736,0.0,0.0
2024-07-22 12:35:00-04:00,1.4979000091552734,1.5,1.4850000143051147,1.5,1100,0.0,0.0
2024-07-22 12:40:00-04:00,1.4979000091552734,1.5,1.4979000091552734,1.499899983406067,3017,0.0,0.0
2024-07-22 13:00:00-04:00,1.499899983406067,1.499899983406067,1.499899983406067,1.499899983406067,0,0.0,0.0
2024-07-22 14:35:00-04:00,1.4800000190734863,1.4800000190734863,1.4800000190734863,1.4800000190734863,1160,0.0,0.0
2024-07-22 14:40:00-04:00,1.4700000286102295,1.4700000286102295,1.4600000381469727,1.4600000381469727,3792,0.0,0.0
2024-07-22 14:45:00-04:00,1.4299999475479126,1.4332000017166138,1.4299999475479126,1.4329999685287476,11335,0.0,0.0
2024-07-22 14:50:00-04:00,1.4450000524520874,1.4450000524520874,1.4450000524520874,1.4450000524520874,1564,0.0,0.0
2024-07-22 15:00:00-04:00,1.4600000381469727,1.4600000381469727,1.4499000310897827,1.4499000310897827,350,0.0,0.0
2024-07-22 15:05:00-04:00,1.4479000568389893,1.4500000476837158,1.434999942779541,1.434999942779541,1402,0.0,0.0
2024-07-22 15:20:00-04:00,1.4490000009536743,1.4500000476837158,1.440000057220459,1.440000057220459,1957,0.0,0.0
2024-07-22 15:45:00-04:00,1.434999942779541,1.434999942779541,1.434999942779541,1.434999942779541,313,0.0,0.0
2024-07-22 15:55:00-04:00,1.434000015258789,1.434000015258789,1.434000015258789,1.434000015258789,518,0.0,0.0
2024-07-23 09:30:00-04:00,1.440000057220459,1.5,1.440000057220459,1.4900000095367432,9727,0.0,0.0
2024-07-23 09:35:00-04:00,1.48989999294281,1.590000033378601,1.4299999475479126,1.5399999618530273,23019,0.0,0.0
2024-07-23 09:40:00-04:00,1.565000057220459,1.649999976158142,1.5399999618530273,1.6481000185012817,32092,0.0,0.0
2024-07-23 09:45:00-04:00,1.6399999856948853,1.6399999856948853,1.534999966621399,1.534999966621399,14938,0.0,0.0
2024-07-23 09:50:00-04:00,1.5947999954223633,1.5947999954223633,1.4800000190734863,1.4800000190734863,4025,0.0,0.0
2024-07-23 09:55:00-04:00,1.524999976158142,1.56850004196167,1.524999976158142,1.56850004196167,151,0.0,0.0
2024-07-23 10:05:00-04:00,1.524999976158142,1.524999976158142,1.4851000308990479,1.4851000308990479,467,0.0,0.0
2024-07-23 10:10:00-04:00,1.4900000095367432,1.4900000095367432,1.4900000095367432,1.4900000095367432,288,0.0,0.0
2024-07-23 10:20:00-04:00,1.4901000261306763,1.4901000261306763,1.4901000261306763,1.4901000261306763,7056,0.0,0.0
2024-07-23 10:30:00-04:00,1.5647000074386597,1.5647000074386597,1.4880000352859497,1.4880000352859497,0,0.0,0.0
2024-07-23 10:35:00-04:00,1.5571000576019287,1.5599000453948975,1.4801000356674194,1.4801000356674194,4856,0.0,0.0
2024-07-23 10:40:00-04:00,1.5119999647140503,1.5119999647140503,1.5119999647140503,1.5119999647140503,1000,0.0,0.0
2024-07-23 10:45:00-04:00,1.5099999904632568,1.5099999904632568,1.5099999904632568,1.5099999904632568,772,0.0,0.0
2024-07-23 10:55:00-04:00,1.5490000247955322,1.5499999523162842,1.5490000247955322,1.5499000549316406,406,0.0,0.0
2024-07-23 11:10:00-04:00,1.5199999809265137,1.5199999809265137,1.5199999809265137,1.5199999809265137,1568,0.0,0.0
2024-07-23 11:30:00-04:00,1.503100037574768,1.503100037574768,1.503100037574768,1.503100037574768,394,0.0,0.0
2024-07-23 11:40:00-04:00,1.5099999904632568,1.5099999904632568,1.5099999904632568,1.5099999904632568,664,0.0,0.0
2024-07-23 11:45:00-04:00,1.5140000581741333,1.5299999713897705,1.5140000581741333,1.5299999713897705,1066,0.0,0.0
2024-07-23 12:30:00-04:00,1.5499999523162842,1.5499999523162842,1.5499999523162842,1.5499999523162842,1075,0.0,0.0
2024-07-23 12:40:00-04:00,1.4901000261306763,1.4901000261306763,1.4901000261306763,1.4901000261306763,104,0.0,0.0
2024-07-23 13:10:00-04:00,1.524999976158142,1.5286999940872192,1.503100037574768,1.503100037574768,3754,0.0,0.0
2024-07-23 13:25:00-04:00,1.5,1.5098999738693237,1.5,1.5098999738693237,1900,0.0,0.0
2024-07-23 13:30:00-04:00,1.5099999904632568,1.5099999904632568,1.5098999738693237,1.5098999738693237,1118,0.0,0.0
2024-07-23 14:15:00-04:00,1.5199999809265137,1.5199999809265137,1.5199999809265137,1.5199999809265137,1019,0.0,0.0
2024-07-23 15:00:00-04:00,1.5499999523162842,1.5499999523162842,1.5499999523162842,1.5499999523162842,1337,0.0,0.0
2024-07-23 15:45:00-04:00,1.5399999618530273,1.5399999618530273,1.5200999975204468,1.5219999551773071,3600,0.0,0.0
2024-07-23 15:50:00-04:00,1.5399999618530273,1.5399999618530273,1.5399999618530273,1.5399999618530273,0,0.0,0.0
2024-07-23 15:55:00-04:00,1.520900011062622,1.5299999713897705,1.520900011062622,1.5299999713897705,1059,0.0,0.0
2024-07-24 09:30:00-04:00,1.5700000524520874,1.5700000524520874,1.5299999713897705,1.5306999683380127,3910,0.0,0.0
2024-07-24 09:40:00-04:00,1.570099949836731,1.570099949836731,1.5645999908447266,1.5645999908447266,5112,0.0,0.0
2024-07-24 09:45:00-04:00,1.5999000072479248,1.5999000072479248,1.5999000072479248,1.5999000072479248,100,0.0,0.0
2024-07-24 09:50:00-04:00,1.5999000072479248,1.8034000396728516,1.5641000270843506,1.7400000095367432,63856,0.0,0.0
2024-07-24 09:55:00-04:00,1.784999966621399,1.8177000284194946,1.7400000095367432,1.7407000064849854,83701,0.0,0.0
2024-07-24 10:00:00-04:00,1.7430000305175781,1.8300000429153442,1.5299999713897705,1.690000057220459,128774,0.0,0.0
2024-07-24 10:05:00-04:00,1.6794999837875366,1.6983000040054321,1.6100000143051147,1.6100000143051147,3854,0.0,0.0
2024-07-24 10:10:00-04:00,1.6100000143051147,1.6100000143051147,1.5700000524520874,1.6080000400543213,6162,0.0,0.0
2024-07-24 10:15:00-04:00,1.600000023841858,1.600000023841858,1.5501999855041504,1.5800000429153442,7221,0.0,0.0
2024-07-24 10:20:00-04:00,1.5565999746322632,1.5565999746322632,1.5565999746322632,1.5565999746322632,125,0.0,0.0
2024-07-24 10:25:00-04:00,1.5800000429153442,1.6080000400543213,1.5800000429153442,1.5980000495910645,1611,0.0,0.0
2024-07-24 10:30:00-04:00,1.5506999492645264,1.5506999492645264,1.5506999492645264,1.5506999492645264,142,0.0,0.0
2024-07-24 10:35:00-04:00,1.559999942779541,1.559999942779541,1.4700000286102295,1.500100016593933,21158,0.0,0.0
2024-07-24 10:45:00-04:00,1.559999942779541,1.559999942779541,1.559999942779541,1.559999942779541,2024,0.0,0.0
2024-07-24 11:10:00-04:00,1.6098999977111816,1.649999976158142,1.6098999977111816,1.649999976158142,25626,0.0,0.0
2024-07-24 11:15:00-04:00,1.6598999500274658,1.659999966621399,1.6593999862670898,1.659999966621399,6050,0.0,0.0
2024-07-24 11:20:00-04:00,1.7000000476837158,1.7000000476837158,1.6799999475479126,1.6805000305175781,8104,0.0,0.0
2024-07-24 11:25:00-04:00,1.7000000476837158,1.7000000476837158,1.6800999641418457,1.6800999641418457,5674,0.0,0.0
2024-07-24 11:30:00-04:00,1.6999000310897827,1.6999000310897827,1.6999000310897827,1.6999000310897827,1755,0.0,0.0
2024-07-24 11:35:00-04:00,1.6999000310897827,1.75,1.6993999481201172,1.75,12910,0.0,0.0
2024-07-24 11:40:00-04:00,1.731600046157837,1.746999979019165,1.7000000476837158,1.7100000381469727,4436,0.0,0.0
2024-07-24 11:50:00-04:00,1.7598999738693237,1.7698999643325806,1.7350000143051147,1.7476999759674072,2788,0.0,0.0
2024-07-24 11:55:00-04:00,1.7681000232696533,1.7681000232696533,1.7200000286102295,1.7200000286102295,272,0.0,0.0
2024-07-24 12:00:00-04:00,1.767799973487854,1.7899999618530273,1.7200000286102295,1.7300000190734863,16165,0.0,0.0
2024-07-24 12:05:00-04:00,1.7400000095367432,1.75,1.7200000286102295,1.7300000190734863,13632,0.0,0.0
2024-07-24 12:10:00-04:00,1.7300000190734863,1.7400000095367432,1.7300000190734863,1.7359999418258667,6610,0.0,0.0
2024-07-24 12:15:00-04:00,1.7300000190734863,1.7300000190734863,1.6200000047683716,1.6699999570846558,37349,0.0,0.0
2024-07-24 12:20:00-04:00,1.6699999570846558,1.6699999570846558,1.5399999618530273,1.649999976158142,17724,0.0,0.0
2024-07-24 12:25:00-04:00,1.5801000595092773,1.6698999404907227,1.5801000595092773,1.6698999404907227,24179,0.0,0.0
2024-07-24 12:30:00-04:00,1.649999976158142,1.749899983406067,1.649999976158142,1.73989999294281,38813,0.0,0.0
2024-07-24 12:35:00-04:00,1.7000000476837158,1.7000000476837158,1.600000023841858,1.6100000143051147,21818,0.0,0.0
2024-07-24 12:40:00-04:00,1.6399999856948853,1.679900050163269,1.608199954032898,1.6354999542236328,14927,0.0,0.0
2024-07-24 12:45:00-04:00,1.6698999404907227,1.6698999404907227,1.6676000356674194,1.6676000356674194,738,0.0,0.0
2024-07-24 12:50:00-04:00,1.6301000118255615,1.6698999404907227,1.6301000118255615,1.6692999601364136,1451,0.0,0.0
2024-07-24 12:55:00-04:00,1.6399999856948853,1.6399999856948853,1.6399999856948853,1.6399999856948853,1527,0.0,0.0
2024-07-24 13:00:00-04:00,1.6200000047683716,1.7000000476837158,1.6200000047683716,1.7000000476837158,6546,0.0,0.0
2024-07-24 13:05:00-04:00,1.7199000120162964,1.7199000120162964,1.6699999570846558,1.6699999570846558,6792,0.0,0.0
2024-07-24 13:15:00-04:00,1.6699999570846558,1.7200000286102295,1.6699999570846558,1.7143000364303589,7295,0.0,0.0
2024-07-24 13:30:00-04:00,1.7101000547409058,1.73989999294281,1.7101000547409058,1.73989999294281,2394,0.0,0.0
2024-07-24 13:40:00-04:00,1.7300000190734863,1.7354999780654907,1.7200000286102295,1.7294000387191772,3672,0.0,0.0
2024-07-24 13:45:00-04:00,1.7300000190734863,1.7300000190734863,1.7300000190734863,1.7300000190734863,5004,0.0,0.0
2024-07-24 13:50:00-04:00,1.7288999557495117,1.7288999557495117,1.7288999557495117,1.7288999557495117,191,0.0,0.0
2024-07-24 14:00:00-04:00,1.7144999504089355,1.7144999504089355,1.7144999504089355,1.7144999504089355,338,0.0,0.0
2024-07-24 14:05:00-04:00,1.7364000082015991,1.7400000095367432,1.7200000286102295,1.73580002784729,3895,0.0,0.0
2024-07-24 14:10:00-04:00,1.7319999933242798,1.7400000095367432,1.7319999933242798,1.7400000095367432,7019,0.0,0.0
2024-07-24 14:15:00-04:00,1.7990000247955322,1.8300000429153442,1.7899999618530273,1.8200000524520874,15097,0.0,0.0
2024-07-24 14:20:00-04:00,1.7999999523162842,1.809999942779541,1.7799999713897705,1.809999942779541,583,0.0,0.0
2024-07-24 14:25:00-04:00,1.7999999523162842,1.7999999523162842,1.7699999809265137,1.7999999523162842,2463,0.0,0.0
2024-07-24 14:30:00-04:00,1.7999999523162842,1.7999999523162842,1.7699999809265137,1.7699999809265137,925,0.0,0.0
2024-07-24 14:35:00-04:00,1.7799999713897705,1.7799999713897705,1.7799999713897705,1.7799999713897705,1002,0.0,0.0
2024-07-24 14:40:00-04:00,1.7599999904632568,1.7599999904632568,1.7599999904632568,1.7599999904632568,953,0.0,0.0
2024-07-24 14:45:00-04:00,1.7598999738693237,1.7699999809265137,1.7549999952316284,1.7699999809265137,5676,0.0,0.0
2024-07-24 14:50:00-04:00,1.7661000490188599,1.7661000490188599,1.7599999904632568,1.7599999904632568,219,0.0,0.0
2024-07-24 14:55:00-04:00,1.750100016593933,1.7755000591278076,1.750100016593933,1.7755000591278076,707,0.0,0.0
2024-07-24 15:00:00-04:00,1.75,1.7699999809265137,1.75,1.7699999809265137,29248,0.0,0.0
2024-07-24 15:05:00-04:00,1.7300000190734863,1.7663999795913696,1.7300000190734863,1.7663999795913696,5212,0.0,0.0
2024-07-24 15:10:00-04:00,1.75,1.7699999809265137,1.75,1.7699999809265137,15999,0.0,0.0
2024-07-24 15:15:00-04:00,1.7699999809265137,1.7699999809265137,1.7699999809265137,1.7699999809265137,400,0.0,0.0
2024-07-24 15:20:00-04:00,1.789199948310852,1.789199948310852,1.76010000705719,1.76010000705719,4296,0.0,0.0
2024-07-24 15:25:00-04:00,1.7898999452590942,1.8300000429153442,1.7898999452590942,1.8200000524520874,7248,0.0,0.0
2024-07-24 15:30:00-04:00,1.8200000524520874,1.8300000429153442,1.809999942779541,1.829699993133545,2292,0.0,0.0
2024-07-24 15:35:00-04:00,1.809999942779541,1.8899999856948853,1.7899999618530273,1.7920000553131104,48311,0.0,0.0
2024-07-24 15:40:00-04:00,1.7991000413894653,1.7999999523162842,1.7699999809265137,1.784999966621399,32131,0.0,0.0
2024-07-24 15:45:00-04:00,1.784999966621399,1.8389999866485596,1.75,1.784999966621399,18897,0.0,0.0
2024-07-24 15:50:00-04:00,1.7920000553131104,1.850000023841858,1.7799999713897705,1.850000023841858,53405,0.0,0.0
2024-07-24 15:55:00-04:00,1.850000023841858,1.909500002861023,1.7699999809265137,1.7984000444412231,56288,0.0,0.0
2024-07-25 09:30:00-04:00,1.850000023841858,1.8899999856948853,1.8056999444961548,1.8899999856948853,117257,0.0,0.0
2024-07-25 09:35:00-04:00,1.8600000143051147,1.8600000143051147,1.75,1.8499000072479248,6509,0.0,0.0
2024-07-25 09:40:00-04:00,1.8480000495910645,1.899999976158142,1.8380000591278076,1.8899999856948853,4502,0.0,0.0
2024-07-25 09:45:00-04:00,1.899999976158142,1.9493000507354736,1.899999976158142,1.9199999570846558,10129,0.0,0.0
2024-07-25 09:50:00-04:00,1.945099949836731,1.945099949836731,1.9299999475479126,1.9299999475479126,8823,0.0,0.0
2024-07-25 09:55:00-04:00,1.9049999713897705,1.9049999713897705,1.8300000429153442,1.8300000429153442,3359,0.0,0.0
2024-07-25 10:00:00-04:00,1.8200000524520874,1.8799999952316284,1.809999942779541,1.8300000429153442,3102,0.0,0.0
2024-07-25 10:05:00-04:00,1.750100016593933,1.8300000429153442,1.750100016593933,1.7841999530792236,16416,0.0,0.0
2024-07-25 10:10:00-04:00,1.8188999891281128,1.840000033378601,1.8188999891281128,1.840000033378601,1474,0.0,0.0
2024-07-25 10:15:00-04:00,1.809999942779541,1.8489999771118164,1.7799999713897705,1.8489999771118164,1289,0.0,0.0
2024-07-25 10:25:00-04:00,1.8351000547409058,1.8351000547409058,1.7694000005722046,1.7694000005722046,13171,0.0,0.0
2024-07-25 10:30:00-04:00,1.75,1.7899999618530273,1.7301000356674194,1.7899999618530273,7712,0.0,0.0
2024-07-25 10:35:00-04:00,1.7300000190734863,1.75,1.5700000524520874,1.5812000036239624,20906,0.0,0.0
2024-07-25 10:40:00-04:00,1.679900050163269,1.7798999547958374,1.649999976158142,1.7798999547958374,25302,0.0,0.0
2024-07-25 10:45:00-04:00,1.73989999294281,1.7400000095367432,1.7200000286102295,1.7200000286102295,6414,0.0,0.0
2024-07-25 10:50:00-04:00,1.7252000570297241,1.7380000352859497,1.6950000524520874,1.6950000524520874,15984,0.0,0.0
2024-07-25 10:55:00-04:00,1.6950000524520874,1.7467999458312988,1.6800999641418457,1.7300000190734863,29099,0.0,0.0
2024-07-25 11:00:00-04:00,1.7100000381469727,1.7299000024795532,1.690000057220459,1.690000057220459,2000,0.0,0.0
2024-07-25 11:05:00-04:00,1.7192000150680542,1.75,1.690000057220459,1.749899983406067,35649,0.0,0.0
2024-07-25 11:10:00-04:00,1.726199984550476,1.749899983406067,1.7009999752044678,1.7300000190734863,12682,0.0,0.0
2024-07-25 11:15:00-04:00,1.7400000095367432,1.7488000392913818,1.7400000095367432,1.7400000095367432,3857,0.0,0.0
2024-07-25 11:20:00-04:00,1.725000023841858,1.7300000190734863,1.7200000286102295,1.725000023841858,7362,0.0,0.0
2024-07-25 11:25:00-04:00,1.7299000024795532,1.7299000024795532,1.7299000024795532,1.7299000024795532,200,0.0,0.0
2024-07-25 11:30:00-04:00,1.7101000547409058,1.715000033378601,1.6917999982833862,1.6917999982833862,24842,0.0,0.0
2024-07-25 11:35:00-04:00,1.7200000286102295,1.7200000286102295,1.7200000286102295,1.7200000286102295,2229,0.0,0.0
2024-07-25 11:40:00-04:00,1.7299000024795532,1.7299000024795532,1.7200000286102295,1.7200000286102295,3525,0.0,0.0
2024-07-25 12:05:00-04:00,1.7200000286102295,1.7200000286102295,1.7200000286102295,1.7200000286102295,290,0.0,0.0
2024-07-25 12:15:00-04:00,1.690000057220459,1.690000057220459,1.690000057220459,1.690000057220459,56000,0.0,0.0
2024-07-25 12:20:00-04:00,1.690000057220459,1.690000057220459,1.690000057220459,1.690000057220459,1083,0.0,0.0
2024-07-25 12:25:00-04:00,1.690000057220459,1.690000057220459,1.690000057220459,1.690000057220459,200,0.0,0.0
2024-07-25 12:30:00-04:00,1.698799967765808,1.6999000310897827,1.6950000524520874,1.6999000310897827,2025,0.0,0.0
2024-07-25 12:35:00-04:00,1.6900999546051025,1.6900999546051025,1.6900999546051025,1.6900999546051025,230,0.0,0.0
2024-07-25 12:40:00-04:00,1.690000057220459,1.718500018119812,1.690000057220459,1.718500018119812,1400,0.0,0.0
2024-07-25 12:45:00-04:00,1.715000033378601,1.715000033378601,1.715000033378601,1.715000033378601,1921,0.0,0.0
2024-07-25 12:50:00-04:00,1.7050000429153442,1.7050000429153442,1.6902999877929688,1.6902999877929688,1480,0.0,0.0
2024-07-25 12:55:00-04:00,1.7160999774932861,1.7160999774932861,1.7160999774932861,1.7160999774932861,326,0.0,0.0
2024-07-25 13:05:00-04:00,1.7200000286102295,1.7200000286102295,1.7200000286102295,1.7200000286102295,1637,0.0,0.0
2024-07-25 13:15:00-04:00,1.7000000476837158,1.7100000381469727,1.7000000476837158,1.7100000381469727,480,0.0,0.0
2024-07-25 13:20:00-04:00,1.7000999450683594,1.7100000381469727,1.7000999450683594,1.7100000381469727,2376,0.0,0.0
2024-07-25 13:25:00-04:00,1.75,1.75,1.75,1.75,135,0.0,0.0
2024-07-25 13:30:00-04:00,1.7023999691009521,1.7023999691009521,1.7000999450683594,1.7000999450683594,772,0.0,0.0
2024-07-25 13:40:00-04:00,1.7242000102996826,1.7242000102996826,1.7242000102996826,1.7242000102996826,240,0.0,0.0
2024-07-25 13:50:00-04:00,1.7000000476837158,1.7000000476837158,1.690000057220459,1.690000057220459,9262,0.0,0.0
2024-07-25 13:55:00-04:00,1.690000057220459,1.690000057220459,1.690000057220459,1.690000057220459,400,0.0,0.0
2024-07-25 14:10:00-04:00,1.7246999740600586,1.7246999740600586,1.7246999740600586,1.7246999740600586,1313,0.0,0.0
2024-07-25 14:30:00-04:00,1.7000000476837158,1.7000000476837158,1.7000000476837158,1.7000000476837158,156,0.0,0.0
2024-07-25 14:35:00-04:00,1.7000000476837158,1.7000000476837158,1.7000000476837158,1.7000000476837158,3685,0.0,0.0
2024-07-25 15:00:00-04:00,1.7050000429153442,1.7100000381469727,1.690999984741211,1.690999984741211,4597,0.0,0.0
2024-07-25 15:10:00-04:00,1.690000057220459,1.6922999620437622,1.690000057220459,1.6922999620437622,2082,0.0,0.0
2024-07-25 15:15:00-04:00,1.6900999546051025,1.7000000476837158,1.6900999546051025,1.7000000476837158,395,0.0,0.0
2024-07-25 15:20:00-04:00,1.690000057220459,1.6900999546051025,1.690000057220459,1.6900999546051025,3600,0.0,0.0
2024-07-25 15:30:00-04:00,1.7000000476837158,1.7000000476837158,1.690999984741211,1.690999984741211,2677,0.0,0.0
2024-07-25 15:35:00-04:00,1.6950000524520874,1.7000000476837158,1.6924999952316284,1.7000000476837158,2490,0.0,0.0
2024-07-25 15:40:00-04:00,1.7100000381469727,1.7100000381469727,1.7000000476837158,1.7000000476837158,300,0.0,0.0
2024-07-25 15:45:00-04:00,1.7200000286102295,1.7200000286102295,1.7000000476837158,1.7000000476837158,474,0.0,0.0
2024-07-25 15:50:00-04:00,1.7000000476837158,1.7100000381469727,1.7000000476837158,1.7000999450683594,812,0.0,0.0
2024-07-25 15:55:00-04:00,1.7100000381469727,1.7200000286102295,1.690000057220459,1.7000000476837158,15738,0.0,0.0
2024-07-26 09:30:00-04:00,1.6799999475479126,1.6819000244140625,1.6799999475479126,1.6800999641418457,6779,0.0,0.0
2024-07-26 09:35:00-04:00,1.690999984741211,1.690999984741211,1.690999984741211,1.690999984741211,440,0.0,0.0
2024-07-26 09:45:00-04:00,1.7000000476837158,1.7000000476837158,1.7000000476837158,1.7000000476837158,981,0.0,0.0
2024-07-26 09:50:00-04:00,1.7000999450683594,1.7000999450683594,1.7000999450683594,1.7000999450683594,7056,0.0,0.0
2024-07-26 10:00:00-04:00,1.6950000524520874,1.6950000524520874,1.6900999546051025,1.6900999546051025,411,0.0,0.0
2024-07-26 10:05:00-04:00,1.6920000314712524,1.7350000143051147,1.6920000314712524,1.7350000143051147,4591,0.0,0.0
2024-07-26 10:20:00-04:00,1.7699999809265137,1.7699999809265137,1.7699999809265137,1.7699999809265137,2810,0.0,0.0
2024-07-26 10:40:00-04:00,1.7595000267028809,1.7595000267028809,1.7595000267028809,1.7595000267028809,614,0.0,0.0
2024-07-26 10:55:00-04:00,1.75,1.75,1.75,1.75,18298,0.0,0.0
2024-07-26 11:05:00-04:00,1.7388999462127686,1.7388999462127686,1.7300000190734863,1.7300000190734863,2655,0.0,0.0
2024-07-26 11:20:00-04:00,1.7105000019073486,1.7105000019073486,1.7009999752044678,1.7009999752044678,1401,0.0,0.0
2024-07-26 11:25:00-04:00,1.7350000143051147,1.7350000143051147,1.7350000143051147,1.7350000143051147,111,0.0,0.0
2024-07-26 11:30:00-04:00,1.7599999904632568,1.7599999904632568,1.7599999904632568,1.7599999904632568,1139,0.0,0.0
2024-07-26 11:35:00-04:00,1.7400000095367432,1.7400000095367432,1.7400000095367432,1.7400000095367432,586,0.0,0.0
2024-07-26 12:00:00-04:00,1.774999976158142,1.774999976158142,1.774999976158142,1.774999976158142,0,0.0,0.0
2024-07-26 12:15:00-04:00,1.7699999809265137,1.8499000072479248,1.759600043296814,1.8000999689102173,100503,0.0,0.0
2024-07-26 12:20:00-04:00,1.8300000429153442,1.8499000072479248,1.7899999618530273,1.8499000072479248,14716,0.0,0.0
2024-07-26 12:25:00-04:00,1.7799999713897705,1.8499000072479248,1.7799999713897705,1.8200000524520874,17303,0.0,0.0
2024-07-26 12:30:00-04:00,1.840000033378601,1.840000033378601,1.7699999809265137,1.7699999809265137,13010,0.0,0.0
2024-07-26 12:35:00-04:00,1.8299000263214111,1.8300000429153442,1.7699999809265137,1.7699999809265137,10029,0.0,0.0
2024-07-26 12:40:00-04:00,1.8199000358581543,1.825700044631958,1.7699999809265137,1.7699999809265137,5940,0.0,0.0
2024-07-26 12:45:00-04:00,1.8200000524520874,1.8299000263214111,1.8200000524520874,1.8299000263214111,3256,0.0,0.0
2024-07-26 12:55:00-04:00,1.7999999523162842,1.809999942779541,1.7999999523162842,1.7999999523162842,10483,0.0,0.0
2024-07-26 13:30:00-04:00,1.7731000185012817,1.7731000185012817,1.7599999904632568,1.76010000705719,1045,0.0,0.0
2024-07-26 13:35:00-04:00,1.7799999713897705,1.7799999713897705,1.7610000371932983,1.7699999809265137,798,0.0,0.0
2024-07-26 14:25:00-04:00,1.7599999904632568,1.7698999643325806,1.7599999904632568,1.7698999643325806,10201,0.0,0.0
2024-07-26 14:30:00-04:00,1.75,1.75,1.75,1.75,0,0.0,0.0
2024-07-26 14:35:00-04:00,1.75,1.75,1.75,1.75,1864,0.0,0.0
2024-07-26 14:40:00-04:00,1.75,1.75,1.75,1.75,148,0.0,0.0
2024-07-26 14:45:00-04:00,1.7598999738693237,1.7649999856948853,1.75,1.7599999904632568,6006,0.0,0.0
2024-07-26 15:05:00-04:00,1.7101999521255493,1.7101999521255493,1.7100000381469727,1.7100000381469727,574,0.0,0.0
2024-07-26 15:20:00-04:00,1.7400000095367432,1.7400000095367432,1.7400000095367432,1.7400000095367432,444,0.0,0.0
2024-07-26 15:25:00-04:00,1.75,1.75,1.75,1.75,200,0.0,0.0
2024-07-26 15:30:00-04:00,1.7300000190734863,1.7300000190734863,1.7300000190734863,1.7300000190734863,854,0.0,0.0
2024-07-26 15:45:00-04:00,1.7100000381469727,1.7237000465393066,1.7100000381469727,1.7237000465393066,7002,0.0,0.0
2024-07-26 15:50:00-04:00,1.7400000095367432,1.7400000095367432,1.7200000286102295,1.7200000286102295,750,0.0,0.0
2024-07-26 15:55:00-04:00,1.7350000143051147,1.75,1.7350000143051147,1.73989999294281,7304,0.0,0.0
2024-07-29 09:30:00-04:00,1.7300000190734863,1.7699999809265137,1.7300000190734863,1.7699999809265137,1351,0.0,0.0
2024-07-29 09:35:00-04:00,1.7769999504089355,1.7799999713897705,1.7769999504089355,1.7799999713897705,3302,0.0,0.0
2024-07-29 09:45:00-04:00,1.7999999523162842,1.7999999523162842,1.7999999523162842,1.7999999523162842,473,0.0,0.0
2024-07-29 09:50:00-04:00,1.7799999713897705,1.7799999713897705,1.7723000049591064,1.7799999713897705,19005,0.0,0.0
2024-07-29 09:55:00-04:00,1.7869999408721924,1.7899999618530273,1.7649999856948853,1.7649999856948853,4940,0.0,0.0
2024-07-29 10:00:00-04:00,1.7799999713897705,1.7799999713897705,1.7799999713897705,1.7799999713897705,2833,0.0,0.0
2024-07-29 10:10:00-04:00,1.7700999975204468,1.7700999975204468,1.7700999975204468,1.7700999975204468,510,0.0,0.0
2024-07-29 10:15:00-04:00,1.7699999809265137,1.7799999713897705,1.7699999809265137,1.7799999713897705,8253,0.0,0.0
2024-07-29 10:30:00-04:00,1.7400000095367432,1.7400000095367432,1.7400000095367432,1.7400000095367432,220,0.0,0.0
2024-07-29 10:35:00-04:00,1.7461999654769897,1.7461999654769897,1.7461999654769897,1.7461999654769897,5800,0.0,0.0
2024-07-29 10:45:00-04:00,1.7401000261306763,1.7401000261306763,1.7401000261306763,1.7401000261306763,2308,0.0,0.0
2024-07-29 10:50:00-04:00,1.7401000261306763,1.7401000261306763,1.7400000095367432,1.7400000095367432,2685,0.0,0.0
2024-07-29 10:55:00-04:00,1.7200000286102295,1.7200000286102295,1.7200000286102295,1.7200000286102295,1600,0.0,0.0
2024-07-29 11:00:00-04:00,1.7100000381469727,1.7200000286102295,1.7050000429153442,1.715000033378601,8946,0.0,0.0
2024-07-29 11:05:00-04:00,1.7100000381469727,1.7100000381469727,1.6150000095367432,1.6200000047683716,16222,0.0,0.0
2024-07-29 11:10:00-04:00,1.6299999952316284,1.7000000476837158,1.6299999952316284,1.7000000476837158,4722,0.0,0.0
2024-07-29 11:15:00-04:00,1.7000000476837158,1.7400000095367432,1.7000000476837158,1.7100000381469727,0,0.0,0.0
2024-07-29 11:40:00-04:00,1.7100000381469727,1.7100000381469727,1.7100000381469727,1.7100000381469727,171563,0.0,0.0
2024-07-29 11:50:00-04:00,1.6699999570846558,1.6699999570846558,1.6442999839782715,1.6442999839782715,3100,0.0,0.0
2024-07-29 12:25:00-04:00,1.6799999475479126,1.690000057220459,1.6799999475479126,1.690000057220459,710,0.0,0.0
2024-07-29 12:35:00-04:00,1.7000000476837158,1.7000000476837158,1.7000000476837158,1.7000000476837158,4310,0.0,0.0
2024-07-29 13:00:00-04:00,1.7100000381469727,1.7100000381469727,1.7100000381469727,1.7100000381469727,0,0.0,0.0
2024-07-29 13:15:00-04:00,1.6799999475479126,1.6868000030517578,1.6799999475479126,1.6857999563217163,183783,0.0,0.0
2024-07-29 13:30:00-04:00,1.7197999954223633,1.7197999954223633,1.7197999954223633,1.7197999954223633,0,0.0,0.0
2024-07-29 14:00:00-04:00,1.715000033378601,1.715000033378601,1.715000033378601,1.715000033378601,200,0.0,0.0
2024-07-29 14:05:00-04:00,1.7223999500274658,1.7223999500274658,1.7223999500274658,1.7223999500274658,3375,0.0,0.0
2024-07-29 14:20:00-04:00,1.715000033378601,1.715000033378601,1.715000033378601,1.715000033378601,3200,0.0,0.0
2024-07-29 15:45:00-04:00,1.715000033378601,1.715000033378601,1.7100000381469727,1.7100000381469727,0,0.0,0.0
2024-07-29 15:55:00-04:00,1.7300000190734863,1.7300000190734863,1.7300000190734863,1.7300000190734863,100,0.0,0.0
2024-07-30 09:30:00-04:00,1.649999976158142,1.649999976158142,1.649999976158142,1.649999976158142,3168,0.0,0.0
2024-07-30 09:35:00-04:00,1.7100000381469727,1.7200000286102295,1.7100000381469727,1.7200000286102295,2820,0.0,0.0
2024-07-30 09:55:00-04:00,1.7000000476837158,1.7000000476837158,1.7000000476837158,1.7000000476837158,4983,0.0,0.0
2024-07-30 10:20:00-04:00,1.725000023841858,1.725000023841858,1.725000023841858,1.725000023841858,149,0.0,0.0
2024-07-30 10:40:00-04:00,1.7100000381469727,1.7100000381469727,1.7100000381469727,1.7100000381469727,3011,0.0,0.0
2024-07-30 11:00:00-04:00,1.7106000185012817,1.7106000185012817,1.7106000185012817,1.7106000185012817,108,0.0,0.0
2024-07-30 11:05:00-04:00,1.7101000547409058,1.7101000547409058,1.7101000547409058,1.7101000547409058,1752,0.0,0.0
2024-07-30 11:10:00-04:00,1.7100000381469727,1.7101000547409058,1.7100000381469727,1.7101000547409058,15325,0.0,0.0
2024-07-30 11:30:00-04:00,1.7007999420166016,1.7007999420166016,1.7007999420166016,1.7007999420166016,1266,0.0,0.0
2024-07-30 11:40:00-04:00,1.7000000476837158,1.7000000476837158,1.7000000476837158,1.7000000476837158,0,0.0,0.0
2024-07-30 12:15:00-04:00,1.704699993133545,1.704699993133545,1.704699993133545,1.704699993133545,600,0.0,0.0
2024-07-30 12:20:00-04:00,1.7000000476837158,1.7000000476837158,1.7000000476837158,1.7000000476837158,0,0.0,0.0
2024-07-30 12:45:00-04:00,1.7000000476837158,1.701300024986267,1.7000000476837158,1.701300024986267,9960,0.0,0.0
2024-07-30 13:30:00-04:00,1.7100000381469727,1.7100000381469727,1.7100000381469727,1.7100000381469727,102,0.0,0.0
2024-07-30 14:10:00-04:00,1.7400000095367432,1.75,1.7400000095367432,1.75,500,0.0,0.0
2024-07-30 14:25:00-04:00,1.7100000381469727,1.7100000381469727,1.7100000381469727,1.7100000381469727,200,0.0,0.0
2024-07-30 15:00:00-04:00,1.7100000381469727,1.7200000286102295,1.7100000381469727,1.7200000286102295,1700,0.0,0.0
2024-07-30 15:05:00-04:00,1.7100000381469727,1.7100000381469727,1.7100000381469727,1.7100000381469727,400,0.0,0.0
2024-07-30 15:35:00-04:00,1.7200000286102295,1.7200000286102295,1.7200000286102295,1.7200000286102295,9901,0.0,0.0
2024-07-30 15:40:00-04:00,1.749899983406067,1.749899983406067,1.749899983406067,1.749899983406067,1000,0.0,0.0
2024-07-30 15:45:00-04:00,1.7101000547409058,1.7101000547409058,1.7101000547409058,1.7101000547409058,1068,0.0,0.0
2024-07-30 15:55:00-04:00,1.7400000095367432,1.75,1.7400000095367432,1.7400000095367432,0,0.0,0.0
2024-07-31 09:35:00-04:00,1.7300000190734863,1.7300000190734863,1.7300000190734863,1.7300000190734863,1287,0.0,0.0
2024-07-31 09:55:00-04:00,1.7200000286102295,1.7200000286102295,1.7200000286102295,1.7200000286102295,974,0.0,0.0
2024-07-31 10:00:00-04:00,1.7209999561309814,1.7209999561309814,1.7209999561309814,1.7209999561309814,0,0.0,0.0
2024-07-31 10:20:00-04:00,1.781000018119812,1.781000018119812,1.7799999713897705,1.7799999713897705,4920,0.0,0.0
2024-07-31 10:25:00-04:00,1.809999942779541,1.809999942779541,1.809999942779541,1.809999942779541,311,0.0,0.0
2024-07-31 10:30:00-04:00,1.839900016784668,1.840000033378601,1.839900016784668,1.840000033378601,11075,0.0,0.0
2024-07-31 10:35:00-04:00,1.8300000429153442,1.8300000429153442,1.8300000429153442,1.8300000429153442,371,0.0,0.0
2024-07-31 10:40:00-04:00,1.820099949836731,1.820099949836731,1.820099949836731,1.820099949836731,803,0.0,0.0
2024-07-31 10:45:00-04:00,1.8200000524520874,1.8200000524520874,1.8200000524520874,1.8200000524520874,200,0.0,0.0
2024-07-31 10:50:00-04:00,1.8300000429153442,1.8300000429153442,1.8300000429153442,1.8300000429153442,493,0.0,0.0
2024-07-31 11:00:00-04:00,1.8200000524520874,1.8200000524520874,1.8200000524520874,1.8200000524520874,148,0.0,0.0
2024-07-31 12:00:00-04:00,1.75,1.7649999856948853,1.75,1.7649999856948853,2613,0.0,0.0
2024-07-31 13:10:00-04:00,1.7899999618530273,1.7899999618530273,1.7899999618530273,1.7899999618530273,247,0.0,0.0
2024-07-31 13:25:00-04:00,1.7799999713897705,1.7799999713897705,1.7799999713897705,1.7799999713897705,1406,0.0,0.0
2024-07-31 13:30:00-04:00,1.8300000429153442,1.8300000429153442,1.8300000429153442,1.8300000429153442,170,0.0,0.0
2024-07-31 13:35:00-04:00,1.8200000524520874,1.8299000263214111,1.8109999895095825,1.8109999895095825,3462,0.0,0.0
2024-07-31 13:40:00-04:00,1.8109999895095825,1.8109999895095825,1.8109999895095825,1.8109999895095825,0,0.0,0.0
2024-07-31 13:45:00-04:00,1.8109999895095825,1.8109999895095825,1.8109999895095825,1.8109999895095825,451,0.0,0.0
2024-07-31 13:50:00-04:00,1.809999942779541,1.809999942779541,1.809999942779541,1.809999942779541,1634,0.0,0.0
2024-07-31 14:05:00-04:00,1.8632999658584595,1.8632999658584595,1.840000033378601,1.840000033378601,1303,0.0,0.0
2024-07-31 14:20:00-04:00,1.840000033378601,1.850000023841858,1.840000033378601,1.850000023841858,710,0.0,0.0
2024-07-31 14:55:00-04:00,1.8499000072479248,1.850000023841858,1.8499000072479248,1.850000023841858,307,0.0,0.0
2024-07-31 15:20:00-04:00,1.8300000429153442,1.8300000429153442,1.8300000429153442,1.8300000429153442,498,0.0,0.0
2024-07-31 15:45:00-04:00,1.809999942779541,1.809999942779541,1.809999942779541,1.809999942779541,18940,0.0,0.0
2024-07-31 15:50:00-04:00,1.8200000524520874,1.8300000429153442,1.8200000524520874,1.8200000524520874,0,0.0,0.0
2024-07-31 15:55:00-04:00,1.7999999523162842,1.8006000518798828,1.6200000047683716,1.6200000047683716,31224,0.0,0.0
2024-08-01 09:30:00-04:00,1.7699999809265137,1.7699999809265137,1.7699999809265137,1.7699999809265137,591,0.0,0.0
2024-08-01 10:05:00-04:00,1.7278000116348267,1.7331000566482544,1.7200000286102295,1.7331000566482544,2474,0.0,0.0
2024-08-01 10:10:00-04:00,1.7400000095367432,1.7400000095367432,1.7400000095367432,1.7400000095367432,329,0.0,0.0
2024-08-01 10:20:00-04:00,1.75,1.75,1.75,1.75,2347,0.0,0.0
2024-08-01 10:35:00-04:00,1.8200000524520874,1.8200000524520874,1.8200000524520874,1.8200000524520874,0,0.0,0.0
2024-08-01 11:50:00-04:00,1.7200000286102295,1.7200000286102295,1.7200000286102295,1.7200000286102295,8900,0.0,0.0
2024-08-01 11:55:00-04:00,1.7200000286102295,1.7200000286102295,1.7200000286102295,1.7200000286102295,4118,0.0,0.0
2024-08-01 12:00:00-04:00,1.711899995803833,1.711899995803833,1.711899995803833,1.711899995803833,3988,0.0,0.0
2024-08-01 12:05:00-04:00,1.7101000547409058,1.7101000547409058,1.7101000547409058,1.7101000547409058,2626,0.0,0.0
2024-08-01 12:50:00-04:00,1.7300000190734863,1.7300000190734863,1.7300000190734863,1.7300000190734863,0,0.0,0.0
2024-08-01 13:05:00-04:00,1.7300000190734863,1.7300000190734863,1.7300000190734863,1.7300000190734863,20620,0.0,0.0
2024-08-01 13:50:00-04:00,1.7200000286102295,1.7200000286102295,1.7200000286102295,1.7200000286102295,316,0.0,0.0
2024-08-01 13:55:00-04:00,1.7200000286102295,1.7200000286102295,1.7200000286102295,1.7200000286102295,0,0.0,0.0
2024-08-01 14:35:00-04:00,1.7200000286102295,1.7300000190734863,1.7200000286102295,1.7300000190734863,31969,0.0,0.0
2024-08-01 14:40:00-04:00,1.7599999904632568,1.7599999904632568,1.7200000286102295,1.7200000286102295,9666,0.0,0.0
2024-08-01 14:50:00-04:00,1.7100000381469727,1.7100000381469727,1.7100000381469727,1.7100000381469727,770,0.0,0.0
2024-08-01 15:10:00-04:00,1.7200000286102295,1.7200000286102295,1.7200000286102295,1.7200000286102295,41139,0.0,0.0
2024-08-01 15:40:00-04:00,1.7300000190734863,1.7300000190734863,1.7300000190734863,1.7300000190734863,861,0.0,0.0
2024-08-01 15:50:00-04:00,1.7300000190734863,1.7300000190734863,1.7300000190734863,1.7300000190734863,390,0.0,0.0
2024-08-01 15:55:00-04:00,1.746500015258789,1.746500015258789,1.746500015258789,1.746500015258789,920,0.0,0.0
2024-08-02 09:30:00-04:00,1.7100000381469727,1.7100000381469727,1.7100000381469727,1.7100000381469727,1333,0.0,0.0
2024-08-02 09:35:00-04:00,1.6800999641418457,1.722599983215332,1.6800999641418457,1.722599983215332,715,0.0,0.0
2024-08-02 09:40:00-04:00,1.6800999641418457,1.6800999641418457,1.6800999641418457,1.6800999641418457,2500,0.0,0.0
2024-08-02 09:45:00-04:00,1.7200000286102295,1.7200000286102295,1.7200000286102295,1.7200000286102295,0,0.0,0.0
2024-08-02 10:00:00-04:00,1.7100000381469727,1.7100000381469727,1.7100000381469727,1.7100000381469727,321,0.0,0.0
2024-08-02 10:15:00-04:00,1.7000999450683594,1.7000999450683594,1.7000999450683594,1.7000999450683594,3017,0.0,0.0
2024-08-02 10:20:00-04:00,1.72160005569458,1.72160005569458,1.72160005569458,1.72160005569458,1000,0.0,0.0
2024-08-02 10:30:00-04:00,1.7200000286102295,1.7200000286102295,1.7003999948501587,1.7003999948501587,1724,0.0,0.0
2024-08-02 10:55:00-04:00,1.7100000381469727,1.7100000381469727,1.7100000381469727,1.7100000381469727,1000,0.0,0.0
2024-08-02 11:00:00-04:00,1.7100000381469727,1.7111999988555908,1.7100000381469727,1.7111999988555908,0,0.0,0.0
2024-08-02 11:15:00-04:00,1.7100000381469727,1.7100000381469727,1.7100000381469727,1.7100000381469727,12412,0.0,0.0
2024-08-02 11:30:00-04:00,1.7100000381469727,1.7100000381469727,1.7100000381469727,1.7100000381469727,20,0.0,0.0
2024-08-02 11:40:00-04:00,1.7100000381469727,1.7100000381469727,1.7100000381469727,1.7100000381469727,169,0.0,0.0
2024-08-02 11:50:00-04:00,1.7144999504089355,1.7144999504089355,1.7144999504089355,1.7144999504089355,169,0.0,0.0
2024-08-02 12:20:00-04:00,1.7200000286102295,1.7200000286102295,1.7200000286102295,1.7200000286102295,300,0.0,0.0
2024-08-02 12:35:00-04:00,1.7200000286102295,1.7200000286102295,1.7200000286102295,1.7200000286102295,118,0.0,0.0
2024-08-02 12:55:00-04:00,1.7200000286102295,1.7200000286102295,1.7200000286102295,1.7200000286102295,200,0.0,0.0
2024-08-02 13:15:00-04:00,1.7200000286102295,1.7200000286102295,1.7200000286102295,1.7200000286102295,100,0.0,0.0
2024-08-02 13:35:00-04:00,1.7200000286102295,1.7200000286102295,1.7200000286102295,1.7200000286102295,100,0.0,0.0
2024-08-02 13:45:00-04:00,1.7200000286102295,1.7200000286102295,1.7200000286102295,1.7200000286102295,206,0.0,0.0
2024-08-02 13:50:00-04:00,1.7300000190734863,1.7300000190734863,1.7300000190734863,1.7300000190734863,499,0.0,0.0
2024-08-02 14:05:00-04:00,1.7100000381469727,1.7101000547409058,1.7100000381469727,1.7101000547409058,7444,0.0,0.0
2024-08-02 14:10:00-04:00,1.7100000381469727,1.7100000381469727,1.7100000381469727,1.7100000381469727,4165,0.0,0.0
2024-08-02 14:35:00-04:00,1.690000057220459,1.690000057220459,1.690000057220459,1.690000057220459,3312,0.0,0.0
2024-08-02 15:50:00-04:00,1.7000999450683594,1.7200000286102295,1.7000999450683594,1.7200000286102295,8402,0.0,0.0
2024-08-02 15:55:00-04:00,1.725000023841858,1.7400000095367432,1.725000023841858,1.7400000095367432,2434,0.0,0.0
2024-08-05 09:35:00-04:00,1.6891000270843506,1.6891000270843506,1.6891000270843506,1.6891000270843506,3929,0.0,0.0
2024-08-05 09:40:00-04:00,1.6090999841690063,1.6100000143051147,1.6090999841690063,1.6100000143051147,1672,0.0,0.0
2024-08-05 09:45:00-04:00,1.649999976158142,1.649999976158142,1.6200000047683716,1.6201000213623047,3265,0.0,0.0
2024-08-05 09:50:00-04:00,1.6699999570846558,1.6699999570846558,1.649999976158142,1.649999976158142,1612,0.0,0.0
2024-08-05 09:55:00-04:00,1.649999976158142,1.649999976158142,1.649999976158142,1.649999976158142,8254,0.0,0.0
2024-08-05 10:00:00-04:00,1.649999976158142,1.6549999713897705,1.621000051498413,1.623900055885315,39104,0.0,0.0
2024-08-05 10:05:00-04:00,1.6549999713897705,1.6549999713897705,1.6549999713897705,1.6549999713897705,0,0.0,0.0
2024-08-05 10:25:00-04:00,1.649999976158142,1.649999976158142,1.649999976158142,1.649999976158142,69597,0.0,0.0
2024-08-05 10:50:00-04:00,1.649999976158142,1.649999976158142,1.649999976158142,1.649999976158142,0,0.0,0.0
2024-08-05 11:40:00-04:00,1.6500999927520752,1.6500999927520752,1.6500999927520752,1.6500999927520752,5022,0.0,0.0
2024-08-05 11:45:00-04:00,1.649999976158142,1.649999976158142,1.649999976158142,1.649999976158142,10543,0.0,0.0
2024-08-05 12:00:00-04:00,1.649999976158142,1.649999976158142,1.649999976158142,1.649999976158142,35937,0.0,0.0
2024-08-05 12:10:00-04:00,1.6349999904632568,1.649999976158142,1.6349999904632568,1.649999976158142,5800,0.0,0.0
2024-08-05 12:15:00-04:00,1.6349999904632568,1.6349999904632568,1.6201000213623047,1.6201000213623047,905,0.0,0.0
2024-08-05 12:25:00-04:00,1.649899959564209,1.649999976158142,1.649899959564209,1.649999976158142,2800,0.0,0.0
2024-08-05 12:30:00-04:00,1.6500999927520752,1.6500999927520752,1.6500999927520752,1.6500999927520752,131,0.0,0.0
2024-08-05 12:45:00-04:00,1.6890000104904175,1.690000057220459,1.6890000104904175,1.690000057220459,2610,0.0,0.0
2024-08-05 13:00:00-04:00,1.649999976158142,1.649999976158142,1.649999976158142,1.649999976158142,1005,0.0,0.0
2024-08-05 13:05:00-04:00,1.690000057220459,1.690000057220459,1.690000057220459,1.690000057220459,193,0.0,0.0
2024-08-05 13:10:00-04:00,1.6725000143051147,1.6725000143051147,1.6699999570846558,1.6699999570846558,5498,0.0,0.0
2024-08-05 13:40:00-04:00,1.7000000476837158,1.7400000095367432,1.7000000476837158,1.7400000095367432,0,0.0,0.0
2024-08-05 13:45:00-04:00,1.7395999431610107,1.7400000095367432,1.7395999431610107,1.7400000095367432,400,0.0,0.0
2024-08-05 13:55:00-04:00,1.7592999935150146,1.7592999935150146,1.7592999935150146,1.7592999935150146,126,0.0,0.0
2024-08-05 14:00:00-04:00,1.7489999532699585,1.7999999523162842,1.7489999532699585,1.7999999523162842,16904,0.0,0.0
2024-08-05 14:10:00-04:00,1.7798999547958374,1.7798999547958374,1.7798999547958374,1.7798999547958374,0,0.0,0.0
2024-08-05 14:20:00-04:00,1.7599999904632568,1.7599999904632568,1.7599999904632568,1.7599999904632568,464,0.0,0.0
2024-08-05 14:40:00-04:00,1.7400000095367432,1.7400000095367432,1.7400000095367432,1.7400000095367432,660,0.0,0.0
2024-08-05 14:45:00-04:00,1.7400000095367432,1.7400000095367432,1.7400000095367432,1.7400000095367432,161,0.0,0.0
2024-08-05 15:20:00-04:00,1.7122999429702759,1.7122999429702759,1.7122999429702759,1.7122999429702759,1869,0.0,0.0
2024-08-05 15:40:00-04:00,1.7100000381469727,1.725000023841858,1.7100000381469727,1.725000023841858,8200,0.0,0.0
2024-08-05 15:45:00-04:00,1.7100000381469727,1.7200000286102295,1.7100000381469727,1.7200000286102295,1901,0.0,0.0
2024-08-05 15:55:00-04:00,1.7350000143051147,1.7400000095367432,1.7300000190734863,1.7400000095367432,1370,0.0,0.0
2024-08-06 09:50:00-04:00,1.7699999809265137,1.7699999809265137,1.7699999809265137,1.7699999809265137,1120,0.0,0.0
2024-08-06 10:00:00-04:00,1.7699999809265137,1.7699999809265137,1.7620999813079834,1.7620999813079834,0,0.0,0.0
2024-08-06 10:10:00-04:00,1.7599999904632568,1.7599999904632568,1.7599999904632568,1.7599999904632568,11619,0.0,0.0
2024-08-06 11:15:00-04:00,1.7300000190734863,1.7400000095367432,1.7300000190734863,1.7400000095367432,2071,0.0,0.0
2024-08-06 11:25:00-04:00,1.75,1.75,1.75,1.75,418,0.0,0.0
2024-08-06 11:30:00-04:00,1.7400000095367432,1.7400000095367432,1.7400000095367432,1.7400000095367432,448,0.0,0.0
2024-08-06 11:55:00-04:00,1.7231999635696411,1.7231999635696411,1.7231999635696411,1.7231999635696411,3881,0.0,0.0
2024-08-06 12:05:00-04:00,1.725600004196167,1.725600004196167,1.725600004196167,1.725600004196167,0,0.0,0.0
2024-08-06 12:35:00-04:00,1.7599999904632568,1.7599999904632568,1.7410000562667847,1.7410000562667847,1500,0.0,0.0
2024-08-06 12:40:00-04:00,1.7200000286102295,1.7200000286102295,1.7200000286102295,1.7200000286102295,0,0.0,0.0
2024-08-06 12:50:00-04:00,1.7400000095367432,1.7400000095367432,1.7400000095367432,1.7400000095367432,143,0.0,0.0
2024-08-06 13:15:00-04:00,1.7300000190734863,1.7300000190734863,1.7300000190734863,1.7300000190734863,1724,0.0,0.0
2024-08-06 14:10:00-04:00,1.7300000190734863,1.7300000190734863,1.7300000190734863,1.7300000190734863,0,0.0,0.0
2024-08-06 15:10:00-04:00,1.7300000190734863,1.7300000190734863,1.7200000286102295,1.7300000190734863,4915,0.0,0.0
2024-08-06 15:40:00-04:00,1.7400000095367432,1.7484999895095825,1.7400000095367432,1.7484999895095825,9573,0.0,0.0
2024-08-06 15:45:00-04:00,1.7407000064849854,1.7407000064849854,1.7407000064849854,1.7407000064849854,1185,0.0,0.0
2024-08-06 15:55:00-04:00,1.7400000095367432,1.7400000095367432,1.7400000095367432,1.7400000095367432,145,0.0,0.0
2024-08-07 09:35:00-04:00,1.7649999856948853,1.7649999856948853,1.7649999856948853,1.7649999856948853,1209,0.0,0.0
2024-08-07 10:00:00-04:00,1.75,1.75,1.75,1.75,0,0.0,0.0
2024-08-07 10:55:00-04:00,1.7230000495910645,1.7230000495910645,1.7230000495910645,1.7230000495910645,5246,0.0,0.0
2024-08-07 11:40:00-04:00,1.7259999513626099,1.7259999513626099,1.7259999513626099,1.7259999513626099,0,0.0,0.0
2024-08-07 12:00:00-04:00,1.7200000286102295,1.7200000286102295,1.7200000286102295,1.7200000286102295,6587,0.0,0.0
2024-08-07 12:10:00-04:00,1.7000000476837158,1.7000000476837158,1.7000000476837158,1.7000000476837158,3256,0.0,0.0
2024-08-07 12:40:00-04:00,1.690000057220459,1.690000057220459,1.690000057220459,1.690000057220459,829,0.0,0.0
2024-08-07 12:45:00-04:00,1.6899000406265259,1.6899000406265259,1.6404999494552612,1.6404999494552612,752,0.0,0.0
2024-08-07 14:30:00-04:00,1.6500999927520752,1.6502000093460083,1.6500999927520752,1.6502000093460083,2224,0.0,0.0
2024-08-07 14:50:00-04:00,1.659999966621399,1.659999966621399,1.659999966621399,1.659999966621399,494,0.0,0.0
2024-08-07 15:15:00-04:00,1.6401000022888184,1.6401000022888184,1.6401000022888184,1.6401000022888184,1613,0.0,0.0
2024-08-07 15:25:00-04:00,1.6399999856948853,1.6399999856948853,1.6399999856948853,1.6399999856948853,0,0.0,0.0
2024-08-07 15:40:00-04:00,1.649999976158142,1.649999976158142,1.649999976158142,1.649999976158142,700,0.0,0.0
2024-08-08 09:45:00-04:00,1.6699999570846558,1.6699999570846558,1.6699999570846558,1.6699999570846558,649,0.0,0.0
2024-08-08 09:50:00-04:00,1.6399999856948853,1.6399999856948853,1.6399999856948853,1.6399999856948853,0,0.0,0.0
2024-08-08 10:45:00-04:00,1.6299999952316284,1.6299999952316284,1.6299999952316284,1.6299999952316284,1193,0.0,0.0
2024-08-08 10:50:00-04:00,1.6332000494003296,1.659999966621399,1.6299999952316284,1.659999966621399,12110,0.0,0.0
2024-08-08 11:05:00-04:00,1.6505000591278076,1.6505000591278076,1.6505000591278076,1.6505000591278076,0,0.0,0.0
2024-08-08 11:35:00-04:00,1.6649999618530273,1.6649999618530273,1.6649999618530273,1.6649999618530273,11969,0.0,0.0
2024-08-08 11:40:00-04:00,1.6699999570846558,1.6699999570846558,1.6699999570846558,1.6699999570846558,3040,0.0,0.0
2024-08-08 11:50:00-04:00,1.6699999570846558,1.6699999570846558,1.6699999570846558,1.6699999570846558,350,0.0,0.0
2024-08-08 12:05:00-04:00,1.6799999475479126,1.6799999475479126,1.6799999475479126,1.6799999475479126,713,0.0,0.0
2024-08-08 12:35:00-04:00,1.6549999713897705,1.6549999713897705,1.6549999713897705,1.6549999713897705,176,0.0,0.0
2024-08-08 13:15:00-04:00,1.6200000047683716,1.6200000047683716,1.6200000047683716,1.6200000047683716,674,0.0,0.0
2024-08-08 13:20:00-04:00,1.6200000047683716,1.6200000047683716,1.6200000047683716,1.6200000047683716,970,0.0,0.0
2024-08-08 13:30:00-04:00,1.6200000047683716,1.6200000047683716,1.6200000047683716,1.6200000047683716,0,0.0,0.0
2024-08-08 13:40:00-04:00,1.6200000047683716,1.6240999698638916,1.6200000047683716,1.6240999698638916,1400,0.0,0.0
2024-08-08 13:45:00-04:00,1.625,1.625,1.6103999614715576,1.6103999614715576,1000,0.0,0.0
2024-08-08 13:55:00-04:00,1.6200000047683716,1.6200000047683716,1.6100000143051147,1.6100000143051147,1864,0.0,0.0
2024-08-08 14:40:00-04:00,1.625,1.625,1.625,1.625,244,0.0,0.0
2024-08-08 14:45:00-04:00,1.625,1.625,1.625,1.625,900,0.0,0.0
2024-08-08 14:55:00-04:00,1.6265000104904175,1.6265000104904175,1.6200000047683716,1.6200000047683716,545,0.0,0.0
2024-08-08 15:35:00-04:00,1.6200000047683716,1.6200000047683716,1.6200000047683716,1.6200000047683716,445,0.0,0.0
2024-08-08 15:40:00-04:00,1.6347999572753906,1.6347999572753906,1.6346999406814575,1.6346999406814575,5691,0.0,0.0
2024-08-08 15:45:00-04:00,1.6109999418258667,1.6200000047683716,1.6100000143051147,1.6145000457763672,7098,0.0,0.0
2024-08-08 15:50:00-04:00,1.6299999952316284,1.6299999952316284,1.6299999952316284,1.6299999952316284,2772,0.0,0.0
2024-08-08 15:55:00-04:00,1.6150000095367432,1.6150000095367432,1.6150000095367432,1.6150000095367432,1215,0.0,0.0
2024-08-09 09:30:00-04:00,1.6299999952316284,1.6299999952316284,1.6299999952316284,1.6299999952316284,710,0.0,0.0
2024-08-09 10:40:00-04:00,1.607699990272522,1.607699990272522,1.607699990272522,1.607699990272522,1756,0.0,0.0
2024-08-09 12:00:00-04:00,1.603700041770935,1.603700041770935,1.603700041770935,1.603700041770935,2947,0.0,0.0
2024-08-09 13:20:00-04:00,1.6401000022888184,1.6401000022888184,1.6401000022888184,1.6401000022888184,0,0.0,0.0
2024-08-09 15:10:00-04:00,1.6399999856948853,1.6399999856948853,1.6399999856948853,1.6399999856948853,12238,0.0,0.0
2024-08-12 09:30:00-04:00,1.659999966621399,1.659999966621399,1.659999966621399,1.659999966621399,324,0.0,0.0
2024-08-12 10:10:00-04:00,1.6101000308990479,1.6101000308990479,1.6101000308990479,1.6101000308990479,2182,0.0,0.0
2024-08-12 13:45:00-04:00,1.6162999868392944,1.6162999868392944,1.6162999868392944,1.6162999868392944,2016,0.0,0.0
2024-08-12 13:50:00-04:00,1.6200000047683716,1.6200000047683716,1.6200000047683716,1.6200000047683716,0,0.0,0.0
2024-08-12 14:35:00-04:00,1.625,1.625,1.6200000047683716,1.625,650,0.0,0.0
2024-08-12 15:45:00-04:00,1.6200000047683716,1.6200000047683716,1.6200000047683716,1.6200000047683716,685,0.0,0.0
2024-08-13 09:30:00-04:00,1.6270999908447266,1.6270999908447266,1.6270999908447266,1.6270999908447266,808,0.0,0.0
2024-08-13 09:40:00-04:00,1.6200000047683716,1.7100000381469727,1.6200000047683716,1.7100000381469727,100,0.0,0.0
2024-08-13 09:55:00-04:00,1.7100000381469727,1.7100000381469727,1.7100000381469727,1.7100000381469727,150,0.0,0.0
2024-08-13 10:05:00-04:00,1.6399999856948853,1.6399999856948853,1.6399999856948853,1.6399999856948853,705,0.0,0.0
2024-08-13 10:20:00-04:00,1.7000000476837158,1.7000000476837158,1.7000000476837158,1.7000000476837158,224,0.0,0.0
2024-08-13 10:30:00-04:00,1.7032999992370605,1.7032999992370605,1.7032999992370605,1.7032999992370605,723,0.0,0.0
2024-08-13 10:45:00-04:00,1.7000000476837158,1.7000000476837158,1.7000000476837158,1.7000000476837158,254,0.0,0.0
2024-08-13 10:50:00-04:00,1.7000000476837158,1.7000000476837158,1.7000000476837158,1.7000000476837158,110,0.0,0.0
2024-08-13 10:55:00-04:00,1.6799999475479126,1.680799961090088,1.6799999475479126,1.680799961090088,831,0.0,0.0
2024-08-13 11:05:00-04:00,1.7000000476837158,1.7000000476837158,1.7000000476837158,1.7000000476837158,126,0.0,0.0
2024-08-13 11:15:00-04:00,1.6999000310897827,1.6999000310897827,1.6999000310897827,1.6999000310897827,200,0.0,0.0
2024-08-13 11:20:00-04:00,1.7000000476837158,1.7000000476837158,1.7000000476837158,1.7000000476837158,10,0.0,0.0
2024-08-13 11:40:00-04:00,1.7100000381469727,1.7100000381469727,1.7100000381469727,1.7100000381469727,2977,0.0,0.0
2024-08-13 12:00:00-04:00,1.7100000381469727,1.7200000286102295,1.7100000381469727,1.7200000286102295,804,0.0,0.0
2024-08-13 12:15:00-04:00,1.7100000381469727,1.7100000381469727,1.7100000381469727,1.7100000381469727,309,0.0,0.0
2024-08-13 12:20:00-04:00,1.7100000381469727,1.7300000190734863,1.7100000381469727,1.7300000190734863,600,0.0,0.0
2024-08-13 12:25:00-04:00,1.7301000356674194,1.7301000356674194,1.7174999713897705,1.7174999713897705,3564,0.0,0.0
2024-08-13 12:30:00-04:00,1.725000023841858,1.7400000095367432,1.725000023841858,1.7400000095367432,4028,0.0,0.0
2024-08-13 12:35:00-04:00,1.749899983406067,1.75,1.725000023841858,1.7374999523162842,7679,0.0,0.0
2024-08-13 12:40:00-04:00,1.7400000095367432,1.7400000095367432,1.7400000095367432,1.7400000095367432,4300,0.0,0.0
2024-08-13 13:10:00-04:00,1.7276999950408936,1.7276999950408936,1.7276999950408936,1.7276999950408936,0,0.0,0.0
2024-08-13 13:20:00-04:00,1.75,1.75,1.7200000286102295,1.7200000286102295,0,0.0,0.0
2024-08-13 14:00:00-04:00,1.75,1.75,1.75,1.75,2347,0.0,0.0
2024-08-13 14:05:00-04:00,1.7335000038146973,1.7335000038146973,1.7335000038146973,1.7335000038146973,359,0.0,0.0
2024-08-13 14:20:00-04:00,1.7400000095367432,1.7400000095367432,1.725000023841858,1.7400000095367432,1440,0.0,0.0
2024-08-13 14:25:00-04:00,1.7599999904632568,1.7599999904632568,1.7599999904632568,1.7599999904632568,337,0.0,0.0
2024-08-13 14:35:00-04:00,1.7599999904632568,1.7599999904632568,1.7599999904632568,1.7599999904632568,32,0.0,0.0
2024-08-13 14:40:00-04:00,1.7656999826431274,1.7656999826431274,1.7656999826431274,1.7656999826431274,257,0.0,0.0
2024-08-13 15:00:00-04:00,1.7599999904632568,1.7599999904632568,1.7450000047683716,1.7599999904632568,876,0.0,0.0
2024-08-13 15:05:00-04:00,1.722000002861023,1.7300000190734863,1.722000002861023,1.7300000190734863,310,0.0,0.0
2024-08-13 15:10:00-04:00,1.7599999904632568,1.7599999904632568,1.7599999904632568,1.7599999904632568,200,0.0,0.0
2024-08-13 15:35:00-04:00,1.7699999809265137,1.7699999809265137,1.7450000047683716,1.7450000047683716,3033,0.0,0.0
2024-08-13 15:45:00-04:00,1.7699999809265137,1.7699999809265137,1.7699999809265137,1.7699999809265137,517,0.0,0.0
2024-08-13 15:55:00-04:00,1.7549999952316284,1.7899999618530273,1.7549999952316284,1.7899999618530273,2526,0.0,0.0
2024-08-14 09:35:00-04:00,1.7791999578475952,1.7791999578475952,1.7699999809265137,1.7699999809265137,5793,0.0,0.0
2024-08-14 09:40:00-04:00,1.7799999713897705,1.7799999713897705,1.7799999713897705,1.7799999713897705,210,0.0,0.0
2024-08-14 09:45:00-04:00,1.732800006866455,1.732800006866455,1.732800006866455,1.732800006866455,1000,0.0,0.0
2024-08-14 10:05:00-04:00,1.7400000095367432,1.7400000095367432,1.7348999977111816,1.7348999977111816,1327,0.0,0.0
2024-08-14 10:30:00-04:00,1.75,1.75,1.7400000095367432,1.75,3061,0.0,0.0
2024-08-14 10:50:00-04:00,1.7799999713897705,1.7799999713897705,1.7799999713897705,1.7799999713897705,10094,0.0,0.0
2024-08-14 11:25:00-04:00,1.7680000066757202,1.7699999809265137,1.7680000066757202,1.7699999809265137,452,0.0,0.0
2024-08-14 12:05:00-04:00,1.75,1.75,1.7300000190734863,1.75,8719,0.0,0.0
2024-08-14 12:10:00-04:00,1.7325999736785889,1.7325999736785889,1.7325999736785889,1.7325999736785889,0,0.0,0.0
2024-08-14 12:15:00-04:00,1.75,1.75,1.75,1.75,4408,0.0,0.0
2024-08-14 14:05:00-04:00,1.7400000095367432,1.7400000095367432,1.7400000095367432,1.7400000095367432,0,0.0,0.0
2024-08-14 14:15:00-04:00,1.753600001335144,1.753600001335144,1.753600001335144,1.753600001335144,1300,0.0,0.0
2024-08-14 14:20:00-04:00,1.7516000270843506,1.7516000270843506,1.7516000270843506,1.7516000270843506,201,0.0,0.0
2024-08-14 15:00:00-04:00,1.7699999809265137,1.7699999809265137,1.7649999856948853,1.7649999856948853,1716,0.0,0.0
2024-08-14 15:15:00-04:00,1.7599999904632568,1.7599999904632568,1.7599999904632568,1.7599999904632568,25314,0.0,0.0
2024-08-14 15:25:00-04:00,1.7599999904632568,1.7599999904632568,1.7599999904632568,1.7599999904632568,63903,0.0,0.0
2024-08-14 15:55:00-04:00,1.7799999713897705,1.7799999713897705,1.7799999713897705,1.7799999713897705,532,0.0,0.0
2024-08-15 09:30:00-04:00,1.690000057220459,1.690000057220459,1.690000057220459,1.690000057220459,10041,0.0,0.0
2024-08-15 09:45:00-04:00,1.7300000190734863,1.7300000190734863,1.7300000190734863,1.7300000190734863,2216,0.0,0.0
2024-08-15 09:50:00-04:00,1.7288000583648682,1.7288000583648682,1.7199000120162964,1.7199000120162964,2850,0.0,0.0
2024-08-15 10:00:00-04:00,1.6449999809265137,1.6699999570846558,1.6449999809265137,1.6699999570846558,151,0.0,0.0
2024-08-15 10:05:00-04:00,1.649999976158142,1.649999976158142,1.649999976158142,1.649999976158142,499,0.0,0.0
2024-08-15 10:10:00-04:00,1.649999976158142,1.7077000141143799,1.649999976158142,1.7077000141143799,2302,0.0,0.0
2024-08-15 10:25:00-04:00,1.659999966621399,1.6699999570846558,1.659999966621399,1.6699999570846558,1610,0.0,0.0
2024-08-15 10:30:00-04:00,1.6699999570846558,1.6699999570846558,1.6699999570846558,1.6699999570846558,720,0.0,0.0
2024-08-15 10:35:00-04:00,1.7199000120162964,1.7199000120162964,1.7199000120162964,1.7199000120162964,1465,0.0,0.0
2024-08-15 11:20:00-04:00,1.7200000286102295,1.7200000286102295,1.7200000286102295,1.7200000286102295,200,0.0,0.0
2024-08-15 11:35:00-04:00,1.6993999481201172,1.6993999481201172,1.6993999481201172,1.6993999481201172,510,0.0,0.0
2024-08-15 11:55:00-04:00,1.7050000429153442,1.7050000429153442,1.7050000429153442,1.7050000429153442,134,0.0,0.0
2024-08-15 12:25:00-04:00,1.7200000286102295,1.7200000286102295,1.7200000286102295,1.7200000286102295,2000,0.0,0.0
2024-08-15 13:25:00-04:00,1.7000000476837158,1.7000000476837158,1.7000000476837158,1.7000000476837158,0,0.0,0.0
2024-08-15 13:30:00-04:00,1.6916999816894531,1.6916999816894531,1.6916999816894531,1.6916999816894531,2510,0.0,0.0
2024-08-15 13:40:00-04:00,1.7050000429153442,1.7050000429153442,1.7050000429153442,1.7050000429153442,257,0.0,0.0
2024-08-15 14:00:00-04:00,1.690000057220459,1.690000057220459,1.690000057220459,1.690000057220459,3742,0.0,0.0
2024-08-15 14:30:00-04:00,1.6699999570846558,1.6699999570846558,1.6699999570846558,1.6699999570846558,4000,0.0,0.0
2024-08-15 14:45:00-04:00,1.6699999570846558,1.6740000247955322,1.6699999570846558,1.6740000247955322,2000,0.0,0.0
2024-08-15 15:05:00-04:00,1.6699999570846558,1.7000000476837158,1.6699999570846558,1.7000000476837158,3750,0.0,0.0
2024-08-15 15:10:00-04:00,1.7002999782562256,1.7002999782562256,1.7000999450683594,1.7000999450683594,940,0.0,0.0
2024-08-15 15:50:00-04:00,1.7100000381469727,1.7100000381469727,1.7100000381469727,1.7100000381469727,2328,0.0,0.0
2024-08-15 15:55:00-04:00,1.7199000120162964,1.7200000286102295,1.7100000381469727,1.7200000286102295,4725,0.0,0.0
2024-08-16 10:00:00-04:00,1.692199945449829,1.692199945449829,1.692199945449829,1.692199945449829,3517,0.0,0.0
2024-08-16 10:30:00-04:00,1.7000000476837158,1.75,1.7000000476837158,1.75,1142,0.0,0.0
2024-08-16 11:05:00-04:00,1.7200000286102295,1.7417000532150269,1.7200000286102295,1.7417000532150269,2701,0.0,0.0
2024-08-16 11:10:00-04:00,1.7383999824523926,1.7383999824523926,1.7383999824523926,1.7383999824523926,201,0.0,0.0
2024-08-16 11:20:00-04:00,1.7200000286102295,1.7799999713897705,1.7200000286102295,1.7799999713897705,14592,0.0,0.0
2024-08-16 11:30:00-04:00,1.7206000089645386,1.7206000089645386,1.7206000089645386,1.7206000089645386,212,0.0,0.0
2024-08-16 11:40:00-04:00,1.7526999711990356,1.7759000062942505,1.75,1.7759000062942505,17216,0.0,0.0
2024-08-16 11:50:00-04:00,1.75,1.75,1.75,1.75,718,0.0,0.0
2024-08-16 12:10:00-04:00,1.75,1.75,1.75,1.75,326,0.0,0.0
2024-08-16 13:05:00-04:00,1.7699999809265137,1.7699999809265137,1.7699999809265137,1.7699999809265137,638,0.0,0.0
2024-08-16 13:10:00-04:00,1.7699999809265137,1.7699999809265137,1.7699999809265137,1.7699999809265137,346,0.0,0.0
2024-08-16 13:20:00-04:00,1.777999997138977,1.7799999713897705,1.777999997138977,1.7799999713897705,1125,0.0,0.0
2024-08-16 13:25:00-04:00,1.7699999809265137,1.7699999809265137,1.7699999809265137,1.7699999809265137,1201,0.0,0.0
2024-08-16 13:35:00-04:00,1.7699999809265137,1.791200041770935,1.7599999904632568,1.791200041770935,7961,0.0,0.0
2024-08-16 13:40:00-04:00,1.7699999809265137,1.7699999809265137,1.7699999809265137,1.7699999809265137,842,0.0,0.0
2024-08-16 13:50:00-04:00,1.7699999809265137,1.7699999809265137,1.7699999809265137,1.7699999809265137,1101,0.0,0.0
2024-08-16 14:00:00-04:00,1.7599999904632568,1.7599999904632568,1.7599999904632568,1.7599999904632568,915,0.0,0.0
2024-08-16 14:50:00-04:00,1.776900053024292,1.776900053024292,1.776900053024292,1.776900053024292,1102,0.0,0.0
2024-08-16 15:15:00-04:00,1.750100016593933,1.750100016593933,1.75,1.75,20598,0.0,0.0
2024-08-16 15:20:00-04:00,1.750100016593933,1.750100016593933,1.750100016593933,1.750100016593933,201,0.0,0.0
2024-08-16 15:25:00-04:00,1.7799999713897705,1.7799999713897705,1.7799999713897705,1.7799999713897705,600,0.0,0.0
2024-08-16 15:30:00-04:00,1.75,1.75,1.75,1.75,141,0.0,0.0
2024-08-16 15:45:00-04:00,1.75,1.75,1.75,1.75,662,0.0,0.0
2024-08-16 15:55:00-04:00,1.7599999904632568,1.7799999713897705,1.7599999904632568,1.7799999713897705,3509,0.0,0.0
