Datetime,Open,High,Low,Close,Volume,Dividends,Stock Splits,Capital Gains
2024-07-17 09:30:00-04:00,48.0,48.040000915527344,47.9900016784668,47.9900016784668,0,0.0,0.0,0.0
2024-07-17 09:55:00-04:00,48.03340148925781,48.03340148925781,48.03340148925781,48.03340148925781,191,0.0,0.0,0.0
2024-07-17 10:15:00-04:00,48.01499938964844,48.01499938964844,48.01499938964844,48.01499938964844,102,0.0,0.0,0.0
2024-07-17 10:20:00-04:00,48.000099182128906,48.000099182128906,48.000099182128906,48.000099182128906,104,0.0,0.0,0.0
2024-07-17 10:25:00-04:00,48.02619934082031,48.02619934082031,48.0,48.0,1904,0.0,0.0,0.0
2024-07-17 10:30:00-04:00,48.0,48.0,48.0,48.0,539,0.0,0.0,0.0
2024-07-17 11:05:00-04:00,48.005001068115234,48.005001068115234,48.005001068115234,48.005001068115234,476,0.0,0.0,0.0
2024-07-17 11:20:00-04:00,47.98740005493164,47.98740005493164,47.98740005493164,47.98740005493164,1036,0.0,0.0,0.0
2024-07-17 11:25:00-04:00,48.03990173339844,48.03990173339844,48.03990173339844,48.03990173339844,1914,0.0,0.0,0.0
2024-07-17 11:30:00-04:00,48.0099983215332,48.0099983215332,48.0099983215332,48.0099983215332,706,0.0,0.0,0.0
2024-07-17 11:50:00-04:00,47.97999954223633,47.97999954223633,47.97999954223633,47.97999954223633,169,0.0,0.0,0.0
2024-07-17 12:00:00-04:00,48.029998779296875,48.029998779296875,48.029998779296875,48.029998779296875,100,0.0,0.0,0.0
2024-07-17 12:05:00-04:00,48.02429962158203,48.02429962158203,48.0099983215332,48.0099983215332,619,0.0,0.0,0.0
2024-07-17 12:15:00-04:00,48.0099983215332,48.03219985961914,48.0099983215332,48.03219985961914,329,0.0,0.0,0.0
2024-07-17 12:25:00-04:00,48.029998779296875,48.029998779296875,48.0099983215332,48.0099983215332,448,0.0,0.0,0.0
2024-07-17 12:30:00-04:00,48.0099983215332,48.0099983215332,48.0099983215332,48.0099983215332,443,0.0,0.0,0.0
2024-07-17 12:35:00-04:00,48.01499938964844,48.058998107910156,48.01499938964844,48.058998107910156,1470,0.0,0.0,0.0
2024-07-17 12:40:00-04:00,48.025001525878906,48.025001525878906,48.025001525878906,48.025001525878906,1922,0.0,0.0,0.0
2024-07-17 12:45:00-04:00,48.029998779296875,48.029998779296875,48.01499938964844,48.01499938964844,250,0.0,0.0,0.0
2024-07-17 12:55:00-04:00,48.040000915527344,48.04249954223633,48.040000915527344,48.04249954223633,600,0.0,0.0,0.0
2024-07-17 13:00:00-04:00,48.040000915527344,48.04249954223633,48.040000915527344,48.04249954223633,336,0.0,0.0,0.0
2024-07-17 13:15:00-04:00,48.04999923706055,48.04999923706055,48.02000045776367,48.02000045776367,3044,0.0,0.0,0.0
2024-07-17 13:25:00-04:00,48.02000045776367,48.04999923706055,48.02000045776367,48.028099060058594,4911,0.0,0.0,0.0
2024-07-17 14:05:00-04:00,48.040000915527344,48.040000915527344,48.040000915527344,48.040000915527344,139,0.0,0.0,0.0
2024-07-17 14:15:00-04:00,48.0265998840332,48.0265998840332,48.0265998840332,48.0265998840332,270,0.0,0.0,0.0
2024-07-17 14:20:00-04:00,48.040000915527344,48.040000915527344,48.013999938964844,48.013999938964844,2840,0.0,0.0,0.0
2024-07-17 14:25:00-04:00,48.02980041503906,48.02980041503906,48.02980041503906,48.02980041503906,519,0.0,0.0,0.0
2024-07-17 14:30:00-04:00,48.040000915527344,48.04999923706055,48.040000915527344,48.04999923706055,3497,0.0,0.0,0.0
2024-07-17 14:35:00-04:00,48.03139877319336,48.03139877319336,48.03139877319336,48.03139877319336,1439,0.0,0.0,0.0
2024-07-17 14:40:00-04:00,48.04999923706055,48.04999923706055,47.99570083618164,48.02989959716797,5775,0.0,0.0,0.0
2024-07-17 14:45:00-04:00,48.02000045776367,48.02000045776367,48.02000045776367,48.02000045776367,1147,0.0,0.0,0.0
2024-07-17 14:50:00-04:00,48.049400329589844,48.049400329589844,48.049400329589844,48.049400329589844,3331,0.0,0.0,0.0
2024-07-17 14:55:00-04:00,48.040000915527344,48.04999923706055,48.040000915527344,48.04990005493164,1799,0.0,0.0,0.0
2024-07-17 15:00:00-04:00,48.02000045776367,48.027400970458984,48.02000045776367,48.027400970458984,2216,0.0,0.0,0.0
2024-07-17 15:05:00-04:00,48.02920150756836,48.02920150756836,47.99720001220703,47.99720001220703,4070,0.0,0.0,0.0
2024-07-17 15:15:00-04:00,48.02000045776367,48.02000045776367,48.02000045776367,48.02000045776367,662,0.0,0.0,0.0
2024-07-17 15:25:00-04:00,48.02000045776367,48.04999923706055,48.02000045776367,48.04999923706055,15650,0.0,0.0,0.0
2024-07-17 15:30:00-04:00,48.02000045776367,48.04899978637695,48.02000045776367,48.025001525878906,10914,0.0,0.0,0.0
2024-07-17 15:35:00-04:00,48.025001525878906,48.027099609375,48.025001525878906,48.027099609375,754,0.0,0.0,0.0
2024-07-17 15:40:00-04:00,48.02259826660156,48.039100646972656,48.02259826660156,48.039100646972656,915,0.0,0.0,0.0
2024-07-17 15:45:00-04:00,48.025001525878906,48.03969955444336,48.025001525878906,48.025001525878906,2600,0.0,0.0,0.0
2024-07-17 15:50:00-04:00,48.02000045776367,48.025001525878906,48.02000045776367,48.025001525878906,483,0.0,0.0,0.0
2024-07-17 15:55:00-04:00,48.025001525878906,48.040000915527344,48.025001525878906,48.040000915527344,0,0.0,0.0,0.0
2024-07-18 09:30:00-04:00,48.040000915527344,48.040000915527344,48.040000915527344,48.040000915527344,184,0.0,0.0,0.0
2024-07-18 09:45:00-04:00,48.03929901123047,48.03929901123047,48.03929901123047,48.03929901123047,2435,0.0,0.0,0.0
2024-07-18 10:00:00-04:00,48.005001068115234,48.03990173339844,48.005001068115234,48.03990173339844,5135,0.0,0.0,0.0
2024-07-18 10:05:00-04:00,48.005001068115234,48.005001068115234,47.980499267578125,47.980499267578125,3008,0.0,0.0,0.0
2024-07-18 10:20:00-04:00,47.9900016784668,48.029998779296875,47.9900016784668,48.005001068115234,5211,0.0,0.0,0.0
2024-07-18 10:30:00-04:00,48.03990173339844,48.03990173339844,48.03990173339844,48.03990173339844,2816,0.0,0.0,0.0
2024-07-18 10:35:00-04:00,48.040000915527344,48.040000915527344,48.03990173339844,48.03990173339844,606,0.0,0.0,0.0
2024-07-18 10:40:00-04:00,48.005001068115234,48.005001068115234,48.005001068115234,48.005001068115234,2103,0.0,0.0,0.0
2024-07-18 10:45:00-04:00,48.0166015625,48.0166015625,48.0166015625,48.0166015625,934,0.0,0.0,0.0
2024-07-18 10:55:00-04:00,47.98099899291992,47.98099899291992,47.98099899291992,47.98099899291992,3399,0.0,0.0,0.0
2024-07-18 11:05:00-04:00,48.01599884033203,48.01599884033203,48.01599884033203,48.01599884033203,259,0.0,0.0,0.0
2024-07-18 11:15:00-04:00,48.040000915527344,48.040000915527344,48.040000915527344,48.040000915527344,260,0.0,0.0,0.0
2024-07-18 11:30:00-04:00,48.0099983215332,48.03499984741211,48.0099983215332,48.02239990234375,6239,0.0,0.0,0.0
2024-07-18 11:45:00-04:00,48.025001525878906,48.025001525878906,48.010101318359375,48.010101318359375,1500,0.0,0.0,0.0
2024-07-18 12:10:00-04:00,48.01559829711914,48.01559829711914,48.01369857788086,48.01369857788086,1240,0.0,0.0,0.0
2024-07-18 12:30:00-04:00,48.03450012207031,48.03450012207031,48.03450012207031,48.03450012207031,423,0.0,0.0,0.0
2024-07-18 12:35:00-04:00,48.029998779296875,48.029998779296875,48.029998779296875,48.029998779296875,528,0.0,0.0,0.0
2024-07-18 12:50:00-04:00,48.029998779296875,48.029998779296875,48.029998779296875,48.029998779296875,497,0.0,0.0,0.0
2024-07-18 13:15:00-04:00,48.049800872802734,48.049800872802734,48.03499984741211,48.03499984741211,725,0.0,0.0,0.0
2024-07-18 13:20:00-04:00,48.03499984741211,48.036800384521484,48.03499984741211,48.036800384521484,937,0.0,0.0,0.0
2024-07-18 13:25:00-04:00,48.040000915527344,48.040000915527344,48.03499984741211,48.03499984741211,914,0.0,0.0,0.0
2024-07-18 13:45:00-04:00,48.03200149536133,48.03499984741211,48.022701263427734,48.022701263427734,3282,0.0,0.0,0.0
2024-07-18 13:55:00-04:00,48.03499984741211,48.04800033569336,48.03499984741211,48.040000915527344,2928,0.0,0.0,0.0
2024-07-18 14:15:00-04:00,48.040000915527344,48.040000915527344,48.040000915527344,48.040000915527344,274,0.0,0.0,0.0
2024-07-18 14:20:00-04:00,48.03499984741211,48.03499984741211,48.023799896240234,48.023799896240234,518,0.0,0.0,0.0
2024-07-18 14:25:00-04:00,48.040000915527344,48.04999923706055,48.040000915527344,48.04990005493164,94484,0.0,0.0,0.0
2024-07-18 14:40:00-04:00,48.04560089111328,48.04560089111328,48.04560089111328,48.04560089111328,191,0.0,0.0,0.0
2024-07-18 14:45:00-04:00,48.040000915527344,48.040000915527344,48.03499984741211,48.03499984741211,590,0.0,0.0,0.0
2024-07-18 14:50:00-04:00,48.03089904785156,48.03089904785156,48.03089904785156,48.03089904785156,1696,0.0,0.0,0.0
2024-07-18 14:55:00-04:00,48.03499984741211,48.03499984741211,48.032501220703125,48.03499984741211,453,0.0,0.0,0.0
2024-07-18 15:00:00-04:00,48.032501220703125,48.03499984741211,48.029998779296875,48.029998779296875,788,0.0,0.0,0.0
2024-07-18 15:05:00-04:00,48.03950119018555,48.03950119018555,48.029998779296875,48.029998779296875,4249,0.0,0.0,0.0
2024-07-18 15:10:00-04:00,48.029998779296875,48.040000915527344,48.029998779296875,48.03990173339844,1553,0.0,0.0,0.0
2024-07-18 15:15:00-04:00,48.03969955444336,48.03969955444336,48.03969955444336,48.03969955444336,870,0.0,0.0,0.0
2024-07-18 15:20:00-04:00,48.03900146484375,48.040000915527344,48.03049850463867,48.040000915527344,2226,0.0,0.0,0.0
2024-07-18 15:25:00-04:00,48.060001373291016,48.060001373291016,48.04499816894531,48.04499816894531,5123,0.0,0.0,0.0
2024-07-18 15:30:00-04:00,48.04499816894531,48.06990051269531,48.04499816894531,48.060001373291016,4487,0.0,0.0,0.0
2024-07-18 15:40:00-04:00,48.04499816894531,48.04499816894531,48.04499816894531,48.04499816894531,190,0.0,0.0,0.0
2024-07-18 15:55:00-04:00,48.03739929199219,48.060001373291016,48.0359992980957,48.060001373291016,0,0.0,0.0,0.0
2024-07-19 09:30:00-04:00,48.04999923706055,48.04999923706055,48.04999923706055,48.04999923706055,200,0.0,0.0,0.0
2024-07-19 09:35:00-04:00,48.029998779296875,48.029998779296875,48.029998779296875,48.029998779296875,701,0.0,0.0,0.0
2024-07-19 09:45:00-04:00,48.025001525878906,48.025001525878906,48.025001525878906,48.025001525878906,2681,0.0,0.0,0.0
2024-07-19 10:30:00-04:00,48.040000915527344,48.040000915527344,48.040000915527344,48.040000915527344,156,0.0,0.0,0.0
2024-07-19 10:40:00-04:00,48.0265998840332,48.0265998840332,48.0265998840332,48.0265998840332,734,0.0,0.0,0.0
2024-07-19 10:45:00-04:00,48.029998779296875,48.029998779296875,48.029998779296875,48.029998779296875,263,0.0,0.0,0.0
2024-07-19 11:00:00-04:00,48.029998779296875,48.029998779296875,48.0099983215332,48.0099983215332,3956,0.0,0.0,0.0
2024-07-19 11:20:00-04:00,48.025001525878906,48.025001525878906,48.025001525878906,48.025001525878906,101,0.0,0.0,0.0
2024-07-19 11:50:00-04:00,48.02000045776367,48.02000045776367,48.01070022583008,48.02000045776367,1041,0.0,0.0,0.0
2024-07-19 12:20:00-04:00,48.0275993347168,48.0275993347168,48.0099983215332,48.0099983215332,2116,0.0,0.0,0.0
2024-07-19 12:50:00-04:00,48.02989959716797,48.02989959716797,48.02989959716797,48.02989959716797,1211,0.0,0.0,0.0
2024-07-19 13:05:00-04:00,48.005001068115234,48.005001068115234,48.005001068115234,48.005001068115234,182,0.0,0.0,0.0
2024-07-19 13:15:00-04:00,48.02000045776367,48.02000045776367,48.02000045776367,48.02000045776367,327,0.0,0.0,0.0
2024-07-19 14:20:00-04:00,47.97999954223633,47.97999954223633,47.97999954223633,47.97999954223633,226,0.0,0.0,0.0
2024-07-19 14:35:00-04:00,48.0099983215332,48.02000045776367,48.0099983215332,48.019901275634766,3470,0.0,0.0,0.0
2024-07-19 14:40:00-04:00,48.0,48.02000045776367,48.0,48.0099983215332,4926,0.0,0.0,0.0
2024-07-19 14:50:00-04:00,48.02000045776367,48.025001525878906,48.02000045776367,48.02000045776367,1124,0.0,0.0,0.0
2024-07-19 15:05:00-04:00,48.02000045776367,48.02000045776367,48.02000045776367,48.02000045776367,307,0.0,0.0,0.0
2024-07-19 15:20:00-04:00,48.029998779296875,48.040000915527344,48.029998779296875,48.040000915527344,422,0.0,0.0,0.0
2024-07-19 15:30:00-04:00,48.040000915527344,48.040000915527344,47.99020004272461,47.99020004272461,4168,0.0,0.0,0.0
2024-07-19 15:45:00-04:00,48.01499938964844,48.02000045776367,48.01499938964844,48.02000045776367,7712,0.0,0.0,0.0
2024-07-19 15:55:00-04:00,48.03820037841797,48.040000915527344,48.01499938964844,48.040000915527344,1714,0.0,0.0,0.0
2024-07-22 09:30:00-04:00,48.04999923706055,48.04999923706055,48.04999923706055,48.04999923706055,0,0.0,0.0,0.0
2024-07-22 09:45:00-04:00,48.01499938964844,48.01499938964844,48.01499938964844,48.01499938964844,200,0.0,0.0,0.0
2024-07-22 09:55:00-04:00,48.040000915527344,48.040000915527344,48.02439880371094,48.02439880371094,1179,0.0,0.0,0.0
2024-07-22 10:00:00-04:00,48.042701721191406,48.0614013671875,48.040000915527344,48.0614013671875,6159,0.0,0.0,0.0
2024-07-22 10:05:00-04:00,48.08000183105469,48.08000183105469,48.060001373291016,48.06990051269531,2265,0.0,0.0,0.0
2024-07-22 10:20:00-04:00,48.040000915527344,48.060001373291016,48.040000915527344,48.060001373291016,501,0.0,0.0,0.0
2024-07-22 10:30:00-04:00,48.06999969482422,48.079898834228516,48.04669952392578,48.06999969482422,810,0.0,0.0,0.0
2024-07-22 10:45:00-04:00,48.06669998168945,48.06669998168945,48.06669998168945,48.06669998168945,0,0.0,0.0,0.0
2024-07-22 11:00:00-04:00,48.060001373291016,48.060001373291016,48.048099517822266,48.048099517822266,12478,0.0,0.0,0.0
2024-07-22 11:15:00-04:00,48.039398193359375,48.039398193359375,48.039398193359375,48.039398193359375,416,0.0,0.0,0.0
2024-07-22 11:20:00-04:00,48.04999923706055,48.04999923706055,48.04999923706055,48.04999923706055,170,0.0,0.0,0.0
2024-07-22 11:30:00-04:00,48.03499984741211,48.03499984741211,48.0099983215332,48.0099983215332,2383,0.0,0.0,0.0
2024-07-22 11:35:00-04:00,48.040000915527344,48.040000915527344,48.023101806640625,48.023101806640625,1794,0.0,0.0,0.0
2024-07-22 11:45:00-04:00,48.039100646972656,48.040000915527344,48.029998779296875,48.03990173339844,2409,0.0,0.0,0.0
2024-07-22 11:50:00-04:00,48.029998779296875,48.029998779296875,48.0,48.0099983215332,2758,0.0,0.0,0.0
2024-07-22 11:55:00-04:00,48.0099983215332,48.0099983215332,48.0099983215332,48.0099983215332,143,0.0,0.0,0.0
2024-07-22 12:00:00-04:00,48.0099983215332,48.0099983215332,48.0099983215332,48.0099983215332,154,0.0,0.0,0.0
2024-07-22 12:10:00-04:00,48.019901275634766,48.019901275634766,48.019901275634766,48.019901275634766,448,0.0,0.0,0.0
2024-07-22 12:35:00-04:00,48.019901275634766,48.02000045776367,48.01539993286133,48.01539993286133,972,0.0,0.0,0.0
2024-07-22 12:40:00-04:00,48.02000045776367,48.02989959716797,48.02000045776367,48.02989959716797,3630,0.0,0.0,0.0
2024-07-22 13:05:00-04:00,48.0260009765625,48.0260009765625,48.0260009765625,48.0260009765625,1177,0.0,0.0,0.0
2024-07-22 13:30:00-04:00,48.028499603271484,48.028499603271484,48.028499603271484,48.028499603271484,758,0.0,0.0,0.0
2024-07-22 13:40:00-04:00,48.029998779296875,48.029998779296875,48.02989959716797,48.02989959716797,1188,0.0,0.0,0.0
2024-07-22 13:55:00-04:00,47.9900016784668,47.9901008605957,47.9900016784668,47.9901008605957,371,0.0,0.0,0.0
2024-07-22 14:00:00-04:00,48.029998779296875,48.029998779296875,48.029998779296875,48.029998779296875,285,0.0,0.0,0.0
2024-07-22 14:10:00-04:00,48.03799819946289,48.03799819946289,48.01499938964844,48.01499938964844,853,0.0,0.0,0.0
2024-07-22 14:15:00-04:00,48.01499938964844,48.029998779296875,48.01499938964844,48.02320098876953,2240,0.0,0.0,0.0
2024-07-22 14:25:00-04:00,48.03929901123047,48.03929901123047,48.029998779296875,48.03919982910156,3248,0.0,0.0,0.0
2024-07-22 14:30:00-04:00,48.01499938964844,48.03990173339844,48.01499938964844,48.029998779296875,7664,0.0,0.0,0.0
2024-07-22 14:35:00-04:00,48.040000915527344,48.040000915527344,48.017601013183594,48.040000915527344,2738,0.0,0.0,0.0
2024-07-22 14:40:00-04:00,48.03799819946289,48.03799819946289,48.017601013183594,48.017601013183594,873,0.0,0.0,0.0
2024-07-22 14:45:00-04:00,48.040000915527344,48.040000915527344,48.040000915527344,48.040000915527344,204,0.0,0.0,0.0
2024-07-22 14:55:00-04:00,48.040000915527344,48.04999923706055,48.0099983215332,48.0099983215332,1620,0.0,0.0,0.0
2024-07-22 15:05:00-04:00,48.029998779296875,48.03969955444336,48.029998779296875,48.03969955444336,907,0.0,0.0,0.0
2024-07-22 15:15:00-04:00,48.036800384521484,48.036800384521484,48.029998779296875,48.029998779296875,1480,0.0,0.0,0.0
2024-07-22 15:20:00-04:00,48.029998779296875,48.029998779296875,48.02000045776367,48.029998779296875,1064,0.0,0.0,0.0
2024-07-22 15:25:00-04:00,48.029998779296875,48.029998779296875,48.029998779296875,48.029998779296875,131,0.0,0.0,0.0
2024-07-22 15:30:00-04:00,48.029998779296875,48.029998779296875,48.029998779296875,48.029998779296875,875,0.0,0.0,0.0
2024-07-22 15:35:00-04:00,48.03900146484375,48.03900146484375,48.03900146484375,48.03900146484375,336,0.0,0.0,0.0
2024-07-22 15:40:00-04:00,48.029998779296875,48.03219985961914,48.029998779296875,48.03219985961914,585,0.0,0.0,0.0
2024-07-22 15:45:00-04:00,48.029998779296875,48.040000915527344,48.029998779296875,48.040000915527344,1417,0.0,0.0,0.0
2024-07-22 15:55:00-04:00,48.029998779296875,48.029998779296875,48.01499938964844,48.029998779296875,0,0.0,0.0,0.0
2024-07-23 09:30:00-04:00,48.060001373291016,48.060001373291016,48.060001373291016,48.060001373291016,1670,0.0,0.0,0.0
2024-07-23 09:50:00-04:00,47.9901008605957,47.9901008605957,47.9900016784668,47.9900016784668,14539,0.0,0.0,0.0
2024-07-23 09:55:00-04:00,47.99660110473633,48.02000045776367,47.99660110473633,48.02000045776367,705,0.0,0.0,0.0
2024-07-23 10:00:00-04:00,48.029998779296875,48.029998779296875,48.000099182128906,48.000099182128906,2975,0.0,0.0,0.0
2024-07-23 10:05:00-04:00,48.0,48.0,48.0,48.0,8488,0.0,0.0,0.0
2024-07-23 10:10:00-04:00,48.00490188598633,48.00490188598633,48.00490188598633,48.00490188598633,1222,0.0,0.0,0.0
2024-07-23 10:15:00-04:00,48.029998779296875,48.029998779296875,48.000099182128906,48.000099182128906,3722,0.0,0.0,0.0
2024-07-23 10:20:00-04:00,48.0,48.01250076293945,48.0,48.01250076293945,1859,0.0,0.0,0.0
2024-07-23 10:25:00-04:00,48.0,48.0,48.0,48.0,7171,0.0,0.0,0.0
2024-07-23 10:30:00-04:00,48.0,48.059898376464844,48.0,48.029998779296875,4629,0.0,0.0,0.0
2024-07-23 10:40:00-04:00,48.029998779296875,48.029998779296875,48.029998779296875,48.029998779296875,168,0.0,0.0,0.0
2024-07-23 10:45:00-04:00,48.036598205566406,48.036598205566406,48.036598205566406,48.036598205566406,212,0.0,0.0,0.0
2024-07-23 10:50:00-04:00,48.059898376464844,48.059898376464844,48.059898376464844,48.059898376464844,1343,0.0,0.0,0.0
2024-07-23 10:55:00-04:00,48.040000915527344,48.040000915527344,48.040000915527344,48.040000915527344,278,0.0,0.0,0.0
2024-07-23 11:15:00-04:00,48.023399353027344,48.023399353027344,48.023399353027344,48.023399353027344,155,0.0,0.0,0.0
2024-07-23 11:25:00-04:00,48.029998779296875,48.029998779296875,48.029998779296875,48.029998779296875,200,0.0,0.0,0.0
2024-07-23 11:30:00-04:00,48.029998779296875,48.040000915527344,48.029998779296875,48.040000915527344,363,0.0,0.0,0.0
2024-07-23 11:50:00-04:00,48.051998138427734,48.051998138427734,48.051998138427734,48.051998138427734,239,0.0,0.0,0.0
2024-07-23 12:15:00-04:00,48.04999923706055,48.04999923706055,48.04999923706055,48.04999923706055,207,0.0,0.0,0.0
2024-07-23 12:30:00-04:00,48.04999923706055,48.04999923706055,48.04999923706055,48.04999923706055,102,0.0,0.0,0.0
2024-07-23 12:35:00-04:00,48.0432014465332,48.0432014465332,48.0432014465332,48.0432014465332,330,0.0,0.0,0.0
2024-07-23 12:50:00-04:00,48.04999923706055,48.04999923706055,48.04899978637695,48.04899978637695,976,0.0,0.0,0.0
2024-07-23 12:55:00-04:00,48.060001373291016,48.06999969482422,48.04999923706055,48.04999923706055,696,0.0,0.0,0.0
2024-07-23 13:00:00-04:00,48.06999969482422,48.1349983215332,48.06999969482422,48.1349983215332,543,0.0,0.0,0.0
2024-07-23 13:15:00-04:00,48.079898834228516,48.079898834228516,48.079898834228516,48.079898834228516,7783,0.0,0.0,0.0
2024-07-23 13:20:00-04:00,48.06999969482422,48.06999969482422,48.06169891357422,48.06169891357422,905,0.0,0.0,0.0
2024-07-23 13:30:00-04:00,48.06999969482422,48.06999969482422,48.06169891357422,48.06999969482422,1016,0.0,0.0,0.0
2024-07-23 13:35:00-04:00,48.06959915161133,48.06959915161133,48.06959915161133,48.06959915161133,291,0.0,0.0,0.0
2024-07-23 13:40:00-04:00,48.06999969482422,48.06999969482422,48.04999923706055,48.04999923706055,1709,0.0,0.0,0.0
2024-07-23 13:50:00-04:00,48.03010177612305,48.03010177612305,48.03010177612305,48.03010177612305,2574,0.0,0.0,0.0
2024-07-23 13:55:00-04:00,48.060001373291016,48.060001373291016,48.060001373291016,48.060001373291016,100,0.0,0.0,0.0
2024-07-23 14:00:00-04:00,48.04999923706055,48.04999923706055,48.029998779296875,48.04999923706055,1632,0.0,0.0,0.0
2024-07-23 14:10:00-04:00,48.04999923706055,48.04999923706055,48.04999923706055,48.04999923706055,232,0.0,0.0,0.0
2024-07-23 14:30:00-04:00,48.029998779296875,48.029998779296875,48.029998779296875,48.029998779296875,319,0.0,0.0,0.0
2024-07-23 14:35:00-04:00,48.04999923706055,48.06990051269531,48.029998779296875,48.029998779296875,1612,0.0,0.0,0.0
2024-07-23 14:40:00-04:00,48.060001373291016,48.06990051269531,48.060001373291016,48.06990051269531,1078,0.0,0.0,0.0
2024-07-23 14:45:00-04:00,48.060001373291016,48.06840133666992,48.060001373291016,48.06840133666992,309,0.0,0.0,0.0
2024-07-23 14:55:00-04:00,48.060001373291016,48.060001373291016,48.060001373291016,48.060001373291016,1298,0.0,0.0,0.0
2024-07-23 15:00:00-04:00,48.04999923706055,48.04999923706055,48.04679870605469,48.04679870605469,441,0.0,0.0,0.0
2024-07-23 15:05:00-04:00,48.05939865112305,48.05939865112305,48.05939865112305,48.05939865112305,157,0.0,0.0,0.0
2024-07-23 15:10:00-04:00,48.032798767089844,48.060001373291016,48.032798767089844,48.04999923706055,8553,0.0,0.0,0.0
2024-07-23 15:20:00-04:00,48.029998779296875,48.05970001220703,48.029998779296875,48.04499816894531,5927,0.0,0.0,0.0
2024-07-23 15:30:00-04:00,48.04610061645508,48.04610061645508,48.04499816894531,48.04499816894531,1893,0.0,0.0,0.0
2024-07-23 15:35:00-04:00,48.04499816894531,48.064998626708984,48.029998779296875,48.03499984741211,17608,0.0,0.0,0.0
2024-07-23 15:40:00-04:00,48.053001403808594,48.05500030517578,48.029998779296875,48.029998779296875,3128,0.0,0.0,0.0
2024-07-23 15:45:00-04:00,48.03450012207031,48.05500030517578,48.029998779296875,48.05500030517578,2130,0.0,0.0,0.0
2024-07-23 15:50:00-04:00,48.029998779296875,48.06050109863281,48.029998779296875,48.029998779296875,826,0.0,0.0,0.0
2024-07-23 15:55:00-04:00,48.05500030517578,48.05500030517578,48.0,48.0,3269,0.0,0.0,0.0
2024-07-24 09:30:00-04:00,48.040000915527344,48.040000915527344,48.040000915527344,48.040000915527344,0,0.0,0.0,0.0
2024-07-24 09:50:00-04:00,48.013999938964844,48.013999938964844,48.013999938964844,48.013999938964844,357,0.0,0.0,0.0
2024-07-24 11:15:00-04:00,48.06999969482422,48.0880012512207,48.068599700927734,48.0880012512207,893,0.0,0.0,0.0
2024-07-24 11:25:00-04:00,48.043701171875,48.043701171875,48.043701171875,48.043701171875,208,0.0,0.0,0.0
2024-07-24 11:35:00-04:00,48.064998626708984,48.064998626708984,48.0447998046875,48.0447998046875,2382,0.0,0.0,0.0
2024-07-24 11:40:00-04:00,48.04650115966797,48.04650115966797,48.04650115966797,48.04650115966797,627,0.0,0.0,0.0
2024-07-24 12:00:00-04:00,48.04410171508789,48.04410171508789,48.04410171508789,48.04410171508789,195,0.0,0.0,0.0
2024-07-24 12:05:00-04:00,48.06999969482422,48.06999969482422,48.059898376464844,48.06990051269531,673,0.0,0.0,0.0
2024-07-24 12:10:00-04:00,48.05500030517578,48.05500030517578,48.05500030517578,48.05500030517578,182,0.0,0.0,0.0
2024-07-24 12:15:00-04:00,48.055999755859375,48.055999755859375,48.055999755859375,48.055999755859375,0,0.0,0.0,0.0
2024-07-24 12:25:00-04:00,48.040000915527344,48.040000915527344,48.040000915527344,48.040000915527344,6410,0.0,0.0,0.0
2024-07-24 12:30:00-04:00,48.05179977416992,48.05179977416992,48.05179977416992,48.05179977416992,326,0.0,0.0,0.0
2024-07-24 12:35:00-04:00,48.05500030517578,48.05500030517578,48.05500030517578,48.05500030517578,1039,0.0,0.0,0.0
2024-07-24 12:40:00-04:00,48.06990051269531,48.06990051269531,48.05500030517578,48.05500030517578,2000,0.0,0.0,0.0
2024-07-24 12:45:00-04:00,48.060001373291016,48.060001373291016,48.060001373291016,48.060001373291016,101,0.0,0.0,0.0
2024-07-24 12:50:00-04:00,48.060001373291016,48.060001373291016,48.059898376464844,48.060001373291016,3331,0.0,0.0,0.0
2024-07-24 12:55:00-04:00,48.060001373291016,48.060001373291016,48.060001373291016,48.060001373291016,262,0.0,0.0,0.0
2024-07-24 13:00:00-04:00,48.04999923706055,48.060001373291016,48.04999923706055,48.060001373291016,3724,0.0,0.0,0.0
2024-07-24 13:15:00-04:00,48.040000915527344,48.040000915527344,48.040000915527344,48.040000915527344,113,0.0,0.0,0.0
2024-07-24 13:25:00-04:00,48.03499984741211,48.03499984741211,48.01390075683594,48.01390075683594,499,0.0,0.0,0.0
2024-07-24 13:30:00-04:00,48.04209899902344,48.04209899902344,48.04209899902344,48.04209899902344,276,0.0,0.0,0.0
2024-07-24 13:40:00-04:00,48.059898376464844,48.059898376464844,48.059898376464844,48.059898376464844,1470,0.0,0.0,0.0
2024-07-24 13:55:00-04:00,48.029998779296875,48.0359992980957,48.029998779296875,48.0359992980957,1426,0.0,0.0,0.0
2024-07-24 14:00:00-04:00,48.02000045776367,48.02000045776367,48.02000045776367,48.02000045776367,1813,0.0,0.0,0.0
2024-07-24 14:10:00-04:00,48.040000915527344,48.040000915527344,48.040000915527344,48.040000915527344,195,0.0,0.0,0.0
2024-07-24 14:15:00-04:00,48.03990173339844,48.03990173339844,48.03990173339844,48.03990173339844,627,0.0,0.0,0.0
2024-07-24 14:20:00-04:00,48.03799819946289,48.03799819946289,48.03799819946289,48.03799819946289,139,0.0,0.0,0.0
2024-07-24 14:30:00-04:00,48.029998779296875,48.03950119018555,48.025001525878906,48.025001525878906,13531,0.0,0.0,0.0
2024-07-24 14:35:00-04:00,48.010101318359375,48.025001525878906,48.010101318359375,48.025001525878906,848,0.0,0.0,0.0
2024-07-24 14:40:00-04:00,48.0099983215332,48.025001525878906,48.0099983215332,48.0099983215332,200,0.0,0.0,0.0
2024-07-24 14:45:00-04:00,48.02000045776367,48.02000045776367,48.00809860229492,48.00809860229492,574,0.0,0.0,0.0
2024-07-24 14:55:00-04:00,48.02000045776367,48.02000045776367,48.02000045776367,48.02000045776367,401,0.0,0.0,0.0
2024-07-24 15:05:00-04:00,48.012901306152344,48.012901306152344,48.00320053100586,48.00320053100586,2282,0.0,0.0,0.0
2024-07-24 15:10:00-04:00,47.994998931884766,47.994998931884766,47.994998931884766,47.994998931884766,300,0.0,0.0,0.0
2024-07-24 15:15:00-04:00,47.9900016784668,47.9900016784668,47.974300384521484,47.974300384521484,469,0.0,0.0,0.0
2024-07-24 15:20:00-04:00,47.994998931884766,47.994998931884766,47.994998931884766,47.994998931884766,410,0.0,0.0,0.0
2024-07-24 15:25:00-04:00,48.0099983215332,48.0099983215332,48.0099983215332,48.0099983215332,373,0.0,0.0,0.0
2024-07-24 15:30:00-04:00,48.0099983215332,48.019901275634766,48.0099983215332,48.019901275634766,842,0.0,0.0,0.0
2024-07-24 15:35:00-04:00,48.019901275634766,48.019901275634766,48.0181999206543,48.0181999206543,3075,0.0,0.0,0.0
2024-07-24 15:40:00-04:00,47.980098724365234,47.980098724365234,47.980098724365234,47.980098724365234,167,0.0,0.0,0.0
2024-07-24 15:45:00-04:00,48.02000045776367,48.02000045776367,47.973899841308594,47.994998931884766,6343,0.0,0.0,0.0
2024-07-24 15:50:00-04:00,48.005001068115234,48.005001068115234,48.005001068115234,48.005001068115234,251,0.0,0.0,0.0
2024-07-25 09:30:00-04:00,48.04999923706055,48.04999923706055,48.04999923706055,48.04999923706055,0,0.0,0.0,0.0
2024-07-25 10:15:00-04:00,48.029998779296875,48.060001373291016,48.029998779296875,48.060001373291016,2510,0.0,0.0,0.0
2024-07-25 10:25:00-04:00,48.029998779296875,48.059898376464844,48.029998779296875,48.059898376464844,1672,0.0,0.0,0.0
2024-07-25 11:25:00-04:00,48.03499984741211,48.03499984741211,48.03499984741211,48.03499984741211,677,0.0,0.0,0.0
2024-07-25 12:20:00-04:00,48.029998779296875,48.029998779296875,48.02000045776367,48.02000045776367,1491,0.0,0.0,0.0
2024-07-25 12:30:00-04:00,48.029998779296875,48.029998779296875,48.029998779296875,48.029998779296875,175,0.0,0.0,0.0
2024-07-25 12:35:00-04:00,48.025001525878906,48.02880096435547,48.0099983215332,48.0099983215332,2680,0.0,0.0,0.0
2024-07-25 12:45:00-04:00,48.03990173339844,48.03990173339844,48.03990173339844,48.03990173339844,1619,0.0,0.0,0.0
2024-07-25 12:50:00-04:00,48.03969955444336,48.03969955444336,48.02000045776367,48.02000045776367,1200,0.0,0.0,0.0
2024-07-25 13:00:00-04:00,48.029998779296875,48.029998779296875,48.029998779296875,48.029998779296875,141,0.0,0.0,0.0
2024-07-25 13:05:00-04:00,48.029998779296875,48.04990005493164,48.029998779296875,48.04990005493164,830,0.0,0.0,0.0
2024-07-25 13:10:00-04:00,48.029998779296875,48.029998779296875,48.0099983215332,48.0099983215332,8228,0.0,0.0,0.0
2024-07-25 13:25:00-04:00,48.025001525878906,48.025001525878906,48.025001525878906,48.025001525878906,229,0.0,0.0,0.0
2024-07-25 13:30:00-04:00,48.01070022583008,48.01070022583008,48.01070022583008,48.01070022583008,212,0.0,0.0,0.0
2024-07-25 13:35:00-04:00,48.029998779296875,48.029998779296875,48.029998779296875,48.029998779296875,102,0.0,0.0,0.0
2024-07-25 13:40:00-04:00,48.025001525878906,48.025001525878906,48.02000045776367,48.02000045776367,400,0.0,0.0,0.0
2024-07-25 13:45:00-04:00,48.02000045776367,48.02000045776367,48.0099983215332,48.0099983215332,322,0.0,0.0,0.0
2024-07-25 13:50:00-04:00,48.02000045776367,48.02000045776367,48.02000045776367,48.02000045776367,101,0.0,0.0,0.0
2024-07-25 14:05:00-04:00,48.02000045776367,48.02000045776367,48.02000045776367,48.02000045776367,153,0.0,0.0,0.0
2024-07-25 14:20:00-04:00,48.02000045776367,48.02000045776367,48.02000045776367,48.02000045776367,232,0.0,0.0,0.0
2024-07-25 14:30:00-04:00,48.029998779296875,48.029998779296875,47.97999954223633,48.0098991394043,3913,0.0,0.0,0.0
2024-07-25 14:45:00-04:00,48.0,48.0,48.0,48.0,130,0.0,0.0,0.0
2024-07-25 14:50:00-04:00,48.0,48.0,47.97999954223633,47.97999954223633,1039,0.0,0.0,0.0
2024-07-25 14:55:00-04:00,48.02989959716797,48.02989959716797,48.02989959716797,48.02989959716797,1696,0.0,0.0,0.0
2024-07-25 15:00:00-04:00,48.02989959716797,48.02989959716797,48.02989959716797,48.02989959716797,254,0.0,0.0,0.0
2024-07-25 15:05:00-04:00,48.02000045776367,48.02000045776367,48.005001068115234,48.005001068115234,755,0.0,0.0,0.0
2024-07-25 15:15:00-04:00,48.005001068115234,48.029998779296875,48.005001068115234,48.005001068115234,7004,0.0,0.0,0.0
2024-07-25 15:25:00-04:00,48.02989959716797,48.02989959716797,48.02989959716797,48.02989959716797,263,0.0,0.0,0.0
2024-07-25 15:30:00-04:00,48.005001068115234,48.019901275634766,48.005001068115234,48.0099983215332,6489,0.0,0.0,0.0
2024-07-25 15:35:00-04:00,48.0099983215332,48.02880096435547,48.0099983215332,48.02880096435547,986,0.0,0.0,0.0
2024-07-25 15:50:00-04:00,48.025001525878906,48.02510070800781,48.025001525878906,48.02510070800781,368,0.0,0.0,0.0
2024-07-25 15:55:00-04:00,48.0099983215332,48.04999923706055,48.0099983215332,48.04999923706055,3489,0.0,0.0,0.0
2024-07-26 09:30:00-04:00,48.08000183105469,48.08000183105469,48.04499816894531,48.04499816894531,0,0.0,0.0,0.0
2024-07-26 09:55:00-04:00,48.071998596191406,48.071998596191406,48.071998596191406,48.071998596191406,562,0.0,0.0,0.0
2024-07-26 10:35:00-04:00,48.05500030517578,48.05500030517578,48.05500030517578,48.05500030517578,1385,0.0,0.0,0.0
2024-07-26 11:00:00-04:00,48.04999923706055,48.04999923706055,48.04999923706055,48.04999923706055,667,0.0,0.0,0.0
2024-07-26 11:05:00-04:00,48.06909942626953,48.06909942626953,48.06909942626953,48.06909942626953,6218,0.0,0.0,0.0
2024-07-26 11:20:00-04:00,48.04999923706055,48.04999923706055,48.0,48.0099983215332,6535,0.0,0.0,0.0
2024-07-26 11:25:00-04:00,48.0099983215332,48.0099983215332,48.0099983215332,48.0099983215332,200,0.0,0.0,0.0
2024-07-26 11:40:00-04:00,48.068199157714844,48.068199157714844,48.068199157714844,48.068199157714844,990,0.0,0.0,0.0
2024-07-26 12:35:00-04:00,48.040000915527344,48.040000915527344,48.040000915527344,48.040000915527344,461,0.0,0.0,0.0
2024-07-26 12:40:00-04:00,48.04759979248047,48.04759979248047,48.04759979248047,48.04759979248047,373,0.0,0.0,0.0
2024-07-26 13:10:00-04:00,48.05929946899414,48.05929946899414,48.02000045776367,48.02000045776367,668,0.0,0.0,0.0
2024-07-26 13:20:00-04:00,48.040000915527344,48.040000915527344,48.040000915527344,48.040000915527344,371,0.0,0.0,0.0
2024-07-26 13:25:00-04:00,48.040000915527344,48.040000915527344,48.040000915527344,48.040000915527344,1093,0.0,0.0,0.0
2024-07-26 13:55:00-04:00,48.040000915527344,48.040000915527344,48.01499938964844,48.01499938964844,1238,0.0,0.0,0.0
2024-07-26 14:30:00-04:00,48.068599700927734,48.068599700927734,48.060001373291016,48.0635986328125,943,0.0,0.0,0.0
2024-07-26 14:40:00-04:00,48.040000915527344,48.040000915527344,48.02000045776367,48.02000045776367,2226,0.0,0.0,0.0
2024-07-26 14:45:00-04:00,48.040000915527344,48.040000915527344,48.02000045776367,48.02000045776367,3748,0.0,0.0,0.0
2024-07-26 14:50:00-04:00,48.0349006652832,48.0349006652832,48.0349006652832,48.0349006652832,593,0.0,0.0,0.0
2024-07-26 14:55:00-04:00,48.040000915527344,48.060699462890625,48.040000915527344,48.060699462890625,673,0.0,0.0,0.0
2024-07-26 15:10:00-04:00,48.04399871826172,48.04399871826172,48.04399871826172,48.04399871826172,397,0.0,0.0,0.0
2024-07-26 15:20:00-04:00,48.04999923706055,48.04999923706055,48.02000045776367,48.04999923706055,1387,0.0,0.0,0.0
2024-07-26 15:25:00-04:00,48.04999923706055,48.04999923706055,48.02000045776367,48.02000045776367,1349,0.0,0.0,0.0
2024-07-26 15:30:00-04:00,48.059898376464844,48.059898376464844,48.045501708984375,48.045501708984375,839,0.0,0.0,0.0
2024-07-26 15:35:00-04:00,48.040000915527344,48.040000915527344,48.02009963989258,48.040000915527344,1838,0.0,0.0,0.0
2024-07-26 15:50:00-04:00,48.060001373291016,48.060001373291016,48.02000045776367,48.03499984741211,14740,0.0,0.0,0.0
2024-07-26 15:55:00-04:00,48.0099983215332,48.02000045776367,48.0099983215332,48.02000045776367,689,0.0,0.0,0.0
2024-07-29 09:30:00-04:00,48.099998474121094,48.099998474121094,48.099998474121094,48.099998474121094,0,0.0,0.0,0.0
2024-07-29 10:20:00-04:00,48.05609893798828,48.05609893798828,48.05609893798828,48.05609893798828,2350,0.0,0.0,0.0
2024-07-29 10:25:00-04:00,48.040000915527344,48.040000915527344,48.040000915527344,48.040000915527344,101,0.0,0.0,0.0
2024-07-29 10:30:00-04:00,48.040000915527344,48.040000915527344,48.040000915527344,48.040000915527344,100,0.0,0.0,0.0
2024-07-29 10:40:00-04:00,48.05270004272461,48.05270004272461,48.05270004272461,48.05270004272461,2388,0.0,0.0,0.0
2024-07-29 10:45:00-04:00,48.04069900512695,48.04999923706055,48.04069900512695,48.04999923706055,519,0.0,0.0,0.0
2024-07-29 10:55:00-04:00,48.040000915527344,48.040000915527344,48.040000915527344,48.040000915527344,600,0.0,0.0,0.0
2024-07-29 11:05:00-04:00,48.040000915527344,48.040000915527344,48.040000915527344,48.040000915527344,1449,0.0,0.0,0.0
2024-07-29 11:25:00-04:00,48.040000915527344,48.040000915527344,48.040000915527344,48.040000915527344,640,0.0,0.0,0.0
2024-07-29 11:45:00-04:00,48.040000915527344,48.040000915527344,48.040000915527344,48.040000915527344,3238,0.0,0.0,0.0
2024-07-29 12:05:00-04:00,48.060001373291016,48.060001373291016,48.060001373291016,48.060001373291016,100,0.0,0.0,0.0
2024-07-29 12:20:00-04:00,48.040000915527344,48.040000915527344,48.040000915527344,48.040000915527344,127,0.0,0.0,0.0
2024-07-29 12:25:00-04:00,48.040000915527344,48.040000915527344,48.040000915527344,48.040000915527344,233,0.0,0.0,0.0
2024-07-29 12:35:00-04:00,48.060001373291016,48.060001373291016,48.060001373291016,48.060001373291016,470,0.0,0.0,0.0
2024-07-29 13:00:00-04:00,48.05509948730469,48.05509948730469,48.05509948730469,48.05509948730469,1393,0.0,0.0,0.0
2024-07-29 13:20:00-04:00,48.045501708984375,48.045501708984375,48.045501708984375,48.045501708984375,706,0.0,0.0,0.0
2024-07-29 13:30:00-04:00,48.059898376464844,48.059898376464844,48.059898376464844,48.059898376464844,170,0.0,0.0,0.0
2024-07-29 13:40:00-04:00,48.0359992980957,48.0359992980957,48.0359992980957,48.0359992980957,154,0.0,0.0,0.0
2024-07-29 13:50:00-04:00,48.060001373291016,48.060001373291016,48.060001373291016,48.060001373291016,100,0.0,0.0,0.0
2024-07-29 13:55:00-04:00,48.060001373291016,48.060001373291016,48.060001373291016,48.060001373291016,2040,0.0,0.0,0.0
2024-07-29 14:10:00-04:00,48.029998779296875,48.060001373291016,48.02000045776367,48.04249954223633,4488,0.0,0.0,0.0
2024-07-29 14:20:00-04:00,48.03200149536133,48.03340148925781,48.02000045776367,48.02000045776367,2900,0.0,0.0,0.0
2024-07-29 14:25:00-04:00,48.040000915527344,48.040000915527344,48.040000915527344,48.040000915527344,112,0.0,0.0,0.0
2024-07-29 14:30:00-04:00,48.02009963989258,48.0359992980957,48.02009963989258,48.0359992980957,294,0.0,0.0,0.0
2024-07-29 14:50:00-04:00,48.029998779296875,48.029998779296875,48.02009963989258,48.02009963989258,967,0.0,0.0,0.0
2024-07-29 14:55:00-04:00,48.060001373291016,48.060001373291016,48.02000045776367,48.060001373291016,6328,0.0,0.0,0.0
2024-07-29 15:00:00-04:00,48.040000915527344,48.040000915527344,48.040000915527344,48.040000915527344,313,0.0,0.0,0.0
2024-07-29 15:10:00-04:00,48.06990051269531,48.06990051269531,48.040000915527344,48.040000915527344,942,0.0,0.0,0.0
2024-07-29 15:20:00-04:00,48.04499816894531,48.055198669433594,48.040000915527344,48.040000915527344,2794,0.0,0.0,0.0
2024-07-29 15:25:00-04:00,48.04999923706055,48.06829833984375,48.04999923706055,48.06829833984375,1772,0.0,0.0,0.0
2024-07-29 15:30:00-04:00,48.04999923706055,48.04999923706055,48.040000915527344,48.040000915527344,988,0.0,0.0,0.0
2024-07-29 15:35:00-04:00,48.060001373291016,48.060001373291016,48.060001373291016,48.060001373291016,102,0.0,0.0,0.0
2024-07-29 15:40:00-04:00,48.04999923706055,48.05870056152344,48.04999923706055,48.05870056152344,564,0.0,0.0,0.0
2024-07-29 15:45:00-04:00,48.04499816894531,48.04499816894531,48.029998779296875,48.029998779296875,2497,0.0,0.0,0.0
2024-07-29 15:55:00-04:00,48.05139923095703,48.060001373291016,48.0,48.060001373291016,0,0.0,0.0,0.0
2024-07-30 09:55:00-04:00,48.066001892089844,48.162498474121094,48.03110122680664,48.162498474121094,8898,0.0,0.0,0.0
2024-07-30 10:00:00-04:00,48.079898834228516,48.079898834228516,48.060001373291016,48.060001373291016,2289,0.0,0.0,0.0
2024-07-30 10:05:00-04:00,48.060001373291016,48.06959915161133,48.060001373291016,48.06959915161133,1227,0.0,0.0,0.0
2024-07-30 10:10:00-04:00,48.04999923706055,48.04999923706055,48.04999923706055,48.04999923706055,1750,0.0,0.0,0.0
2024-07-30 10:25:00-04:00,48.06999969482422,48.06999969482422,48.06999969482422,48.06999969482422,100,0.0,0.0,0.0
2024-07-30 10:30:00-04:00,48.060001373291016,48.06999969482422,48.060001373291016,48.06999969482422,5408,0.0,0.0,0.0
2024-07-30 10:35:00-04:00,48.060001373291016,48.060001373291016,48.05500030517578,48.05500030517578,636,0.0,0.0,0.0
2024-07-30 10:40:00-04:00,48.0525016784668,48.060001373291016,48.0525016784668,48.060001373291016,485,0.0,0.0,0.0
2024-07-30 10:55:00-04:00,48.060001373291016,48.060001373291016,48.060001373291016,48.060001373291016,100,0.0,0.0,0.0
2024-07-30 11:00:00-04:00,48.05500030517578,48.05500030517578,48.05500030517578,48.05500030517578,0,0.0,0.0,0.0
2024-07-30 11:05:00-04:00,48.0525016784668,48.0525016784668,48.0525016784668,48.0525016784668,21266,0.0,0.0,0.0
2024-07-30 11:10:00-04:00,48.060001373291016,48.060001373291016,48.060001373291016,48.060001373291016,100,0.0,0.0,0.0
2024-07-30 11:15:00-04:00,48.03010177612305,48.03010177612305,48.03010177612305,48.03010177612305,440,0.0,0.0,0.0
2024-07-30 11:25:00-04:00,48.05970001220703,48.05970001220703,48.05970001220703,48.05970001220703,603,0.0,0.0,0.0
2024-07-30 11:50:00-04:00,48.0525016784668,48.0525016784668,48.0525016784668,48.0525016784668,100,0.0,0.0,0.0
2024-07-30 11:55:00-04:00,48.04999923706055,48.04999923706055,48.04999923706055,48.04999923706055,185,0.0,0.0,0.0
2024-07-30 12:25:00-04:00,48.060001373291016,48.060001373291016,48.04499816894531,48.04499816894531,0,0.0,0.0,0.0
2024-07-30 12:35:00-04:00,48.04999923706055,48.04999923706055,48.04999923706055,48.04999923706055,26529,0.0,0.0,0.0
2024-07-30 12:45:00-04:00,48.060001373291016,48.069000244140625,48.060001373291016,48.069000244140625,4680,0.0,0.0,0.0
2024-07-30 12:55:00-04:00,48.06999969482422,48.06999969482422,48.06999969482422,48.06999969482422,304,0.0,0.0,0.0
2024-07-30 13:00:00-04:00,48.06999969482422,48.06999969482422,48.06999969482422,48.06999969482422,228,0.0,0.0,0.0
2024-07-30 13:10:00-04:00,48.09000015258789,48.09000015258789,48.09000015258789,48.09000015258789,0,0.0,0.0,0.0
2024-07-30 13:30:00-04:00,48.08000183105469,48.08000183105469,48.08000183105469,48.08000183105469,32173,0.0,0.0,0.0
2024-07-30 13:35:00-04:00,48.062400817871094,48.062400817871094,48.062400817871094,48.062400817871094,400,0.0,0.0,0.0
2024-07-30 13:45:00-04:00,48.062599182128906,48.062599182128906,48.062599182128906,48.062599182128906,289,0.0,0.0,0.0
2024-07-30 14:00:00-04:00,48.060001373291016,48.060001373291016,48.060001373291016,48.060001373291016,647,0.0,0.0,0.0
2024-07-30 14:15:00-04:00,48.060001373291016,48.060001373291016,48.060001373291016,48.060001373291016,163,0.0,0.0,0.0
2024-07-30 14:20:00-04:00,48.060001373291016,48.060001373291016,48.060001373291016,48.060001373291016,1008,0.0,0.0,0.0
2024-07-30 14:40:00-04:00,48.05009841918945,48.05009841918945,48.05009841918945,48.05009841918945,2679,0.0,0.0,0.0
2024-07-30 14:45:00-04:00,48.08000183105469,48.08000183105469,48.08000183105469,48.08000183105469,439,0.0,0.0,0.0
2024-07-30 14:55:00-04:00,48.079898834228516,48.079898834228516,48.040000915527344,48.040000915527344,4404,0.0,0.0,0.0
2024-07-30 15:00:00-04:00,48.060001373291016,48.060001373291016,48.060001373291016,48.060001373291016,461,0.0,0.0,0.0
2024-07-30 15:10:00-04:00,48.060001373291016,48.07820129394531,48.060001373291016,48.060001373291016,1088,0.0,0.0,0.0
2024-07-30 15:15:00-04:00,48.060001373291016,48.07820129394531,48.060001373291016,48.060001373291016,7804,0.0,0.0,0.0
2024-07-30 15:20:00-04:00,48.060001373291016,48.08000183105469,48.060001373291016,48.08000183105469,684,0.0,0.0,0.0
2024-07-30 15:25:00-04:00,48.060001373291016,48.060001373291016,48.060001373291016,48.060001373291016,368,0.0,0.0,0.0
2024-07-30 15:30:00-04:00,48.069400787353516,48.069400787353516,48.06399917602539,48.06399917602539,395,0.0,0.0,0.0
2024-07-30 15:35:00-04:00,48.060001373291016,48.07899856567383,48.060001373291016,48.06999969482422,1449,0.0,0.0,0.0
2024-07-30 15:40:00-04:00,48.043701171875,48.060001373291016,48.040000915527344,48.04499816894531,5122,0.0,0.0,0.0
2024-07-30 15:55:00-04:00,48.079898834228516,48.079898834228516,48.02539825439453,48.070701599121094,0,0.0,0.0,0.0
2024-07-31 09:30:00-04:00,48.0099983215332,48.0099983215332,48.0099983215332,48.0099983215332,4268,0.0,0.0,0.0
2024-07-31 09:35:00-04:00,48.05500030517578,48.05500030517578,48.05500030517578,48.05500030517578,724,0.0,0.0,0.0
2024-07-31 10:05:00-04:00,48.040000915527344,48.06209945678711,48.029998779296875,48.06209945678711,961,0.0,0.0,0.0
2024-07-31 10:10:00-04:00,48.083099365234375,48.083099365234375,48.083099365234375,48.083099365234375,284,0.0,0.0,0.0
2024-07-31 10:15:00-04:00,48.040000915527344,48.040000915527344,48.040000915527344,48.040000915527344,701,0.0,0.0,0.0
2024-07-31 10:20:00-04:00,48.029998779296875,48.06999969482422,48.0099983215332,48.06999969482422,2502,0.0,0.0,0.0
2024-07-31 10:25:00-04:00,48.029998779296875,48.029998779296875,48.02000045776367,48.02000045776367,900,0.0,0.0,0.0
2024-07-31 10:30:00-04:00,48.02000045776367,48.060001373291016,48.0099983215332,48.02000045776367,5390,0.0,0.0,0.0
2024-07-31 10:35:00-04:00,48.040000915527344,48.040000915527344,48.040000915527344,48.040000915527344,145,0.0,0.0,0.0
2024-07-31 10:40:00-04:00,48.02000045776367,48.060001373291016,48.0099983215332,48.060001373291016,2949,0.0,0.0,0.0
2024-07-31 10:45:00-04:00,48.04499816894531,48.04499816894531,48.02000045776367,48.02000045776367,710,0.0,0.0,0.0
2024-07-31 10:50:00-04:00,48.060001373291016,48.06999969482422,48.02000045776367,48.04499816894531,4878,0.0,0.0,0.0
2024-07-31 10:55:00-04:00,48.060001373291016,48.060001373291016,48.060001373291016,48.060001373291016,300,0.0,0.0,0.0
2024-07-31 11:00:00-04:00,48.040000915527344,48.060001373291016,48.029998779296875,48.060001373291016,5001,0.0,0.0,0.0
2024-07-31 11:05:00-04:00,48.060001373291016,48.060001373291016,48.029998779296875,48.060001373291016,1600,0.0,0.0,0.0
2024-07-31 11:10:00-04:00,48.060001373291016,48.060001373291016,48.029998779296875,48.060001373291016,1501,0.0,0.0,0.0
2024-07-31 11:15:00-04:00,48.060001373291016,48.060001373291016,48.04999923706055,48.04999923706055,2045,0.0,0.0,0.0
2024-07-31 11:20:00-04:00,48.040000915527344,48.060001373291016,48.040000915527344,48.060001373291016,2400,0.0,0.0,0.0
2024-07-31 11:25:00-04:00,48.060001373291016,48.064998626708984,48.05500030517578,48.064998626708984,3925,0.0,0.0,0.0
2024-07-31 11:30:00-04:00,48.060001373291016,48.060001373291016,48.029998779296875,48.060001373291016,32156,0.0,0.0,0.0
2024-07-31 11:35:00-04:00,48.04999923706055,48.04999923706055,48.040000915527344,48.04999923706055,5177,0.0,0.0,0.0
2024-07-31 11:40:00-04:00,48.040000915527344,48.040000915527344,48.029998779296875,48.029998779296875,4600,0.0,0.0,0.0
2024-07-31 11:45:00-04:00,48.02000045776367,48.040000915527344,48.02000045776367,48.040000915527344,2424,0.0,0.0,0.0
2024-07-31 11:50:00-04:00,48.02000045776367,48.029998779296875,48.02000045776367,48.029998779296875,2701,0.0,0.0,0.0
2024-07-31 11:55:00-04:00,48.02000045776367,48.040000915527344,48.02000045776367,48.040000915527344,2436,0.0,0.0,0.0
2024-07-31 12:00:00-04:00,48.037498474121094,48.03990173339844,48.02000045776367,48.029998779296875,3299,0.0,0.0,0.0
2024-07-31 12:05:00-04:00,48.029998779296875,48.040000915527344,48.02000045776367,48.040000915527344,4313,0.0,0.0,0.0
2024-07-31 12:10:00-04:00,48.02000045776367,48.029998779296875,48.02000045776367,48.029998779296875,1366,0.0,0.0,0.0
2024-07-31 12:15:00-04:00,48.03889846801758,48.03889846801758,48.02000045776367,48.029998779296875,1901,0.0,0.0,0.0
2024-07-31 12:20:00-04:00,48.029998779296875,48.040000915527344,48.02000045776367,48.02000045776367,1560,0.0,0.0,0.0
2024-07-31 12:25:00-04:00,48.040000915527344,48.040000915527344,48.040000915527344,48.040000915527344,878,0.0,0.0,0.0
2024-07-31 12:30:00-04:00,48.029998779296875,48.03990173339844,48.029998779296875,48.03010177612305,2646,0.0,0.0,0.0
2024-07-31 12:35:00-04:00,48.03499984741211,48.040000915527344,48.029998779296875,48.03990173339844,3135,0.0,0.0,0.0
2024-07-31 12:40:00-04:00,48.029998779296875,48.040000915527344,48.029998779296875,48.040000915527344,1151,0.0,0.0,0.0
2024-07-31 12:45:00-04:00,48.03499984741211,48.04999923706055,48.029998779296875,48.040000915527344,8664,0.0,0.0,0.0
2024-07-31 12:50:00-04:00,48.059898376464844,48.060001373291016,48.040000915527344,48.04999923706055,6020,0.0,0.0,0.0
2024-07-31 12:55:00-04:00,48.040000915527344,48.060001373291016,48.040000915527344,48.060001373291016,2011,0.0,0.0,0.0
2024-07-31 13:05:00-04:00,48.040000915527344,48.060001373291016,48.040000915527344,48.040000915527344,3220,0.0,0.0,0.0
2024-07-31 13:10:00-04:00,48.042301177978516,48.042301177978516,48.040000915527344,48.040000915527344,1412,0.0,0.0,0.0
2024-07-31 13:15:00-04:00,48.040000915527344,48.04990005493164,48.040000915527344,48.040000915527344,621,0.0,0.0,0.0
2024-07-31 13:20:00-04:00,48.029998779296875,48.040000915527344,48.029998779296875,48.040000915527344,2900,0.0,0.0,0.0
2024-07-31 13:25:00-04:00,48.040000915527344,48.040000915527344,48.029998779296875,48.029998779296875,1507,0.0,0.0,0.0
2024-07-31 13:30:00-04:00,48.02000045776367,48.029998779296875,48.02000045776367,48.029998779296875,1501,0.0,0.0,0.0
2024-07-31 13:35:00-04:00,48.029998779296875,48.029998779296875,48.02000045776367,48.02000045776367,3280,0.0,0.0,0.0
2024-07-31 13:40:00-04:00,48.040000915527344,48.040000915527344,48.040000915527344,48.040000915527344,302,0.0,0.0,0.0
2024-07-31 13:45:00-04:00,48.02000045776367,48.029998779296875,48.02000045776367,48.029998779296875,2873,0.0,0.0,0.0
2024-07-31 13:55:00-04:00,48.02000045776367,48.029998779296875,48.02000045776367,48.02000045776367,5351,0.0,0.0,0.0
2024-07-31 14:00:00-04:00,48.0,48.0,47.970001220703125,47.97999954223633,5370,0.0,0.0,0.0
2024-07-31 14:05:00-04:00,47.97999954223633,47.97999954223633,47.97999954223633,47.97999954223633,6366,0.0,0.0,0.0
2024-07-31 14:10:00-04:00,47.9900016784668,48.005001068115234,47.9900016784668,48.005001068115234,952,0.0,0.0,0.0
2024-07-31 14:15:00-04:00,48.00910186767578,48.0099983215332,47.9900016784668,48.0,4355,0.0,0.0,0.0
2024-07-31 14:20:00-04:00,47.9900016784668,48.0,47.9900016784668,48.0,4401,0.0,0.0,0.0
2024-07-31 14:25:00-04:00,48.0099983215332,48.0099983215332,47.9900016784668,48.0,5859,0.0,0.0,0.0
2024-07-31 14:30:00-04:00,47.9900016784668,48.040000915527344,47.9900016784668,48.040000915527344,7905,0.0,0.0,0.0
2024-07-31 14:35:00-04:00,48.040000915527344,48.040000915527344,48.0099983215332,48.029998779296875,4968,0.0,0.0,0.0
2024-07-31 14:40:00-04:00,48.02000045776367,48.04999923706055,48.02000045776367,48.040000915527344,3400,0.0,0.0,0.0
2024-07-31 14:45:00-04:00,48.040000915527344,48.04999923706055,48.029998779296875,48.04999923706055,2496,0.0,0.0,0.0
2024-07-31 14:50:00-04:00,48.060001373291016,48.07929992675781,48.029998779296875,48.04999923706055,3490,0.0,0.0,0.0
2024-07-31 14:55:00-04:00,48.029998779296875,48.060001373291016,48.029998779296875,48.029998779296875,9240,0.0,0.0,0.0
2024-07-31 15:00:00-04:00,48.040000915527344,48.04999923706055,48.029998779296875,48.029998779296875,6254,0.0,0.0,0.0
2024-07-31 15:05:00-04:00,48.060001373291016,48.060001373291016,48.029998779296875,48.04999923706055,4706,0.0,0.0,0.0
2024-07-31 15:10:00-04:00,48.040000915527344,48.040000915527344,48.029998779296875,48.040000915527344,4601,0.0,0.0,0.0
2024-07-31 15:15:00-04:00,48.040000915527344,48.04999923706055,48.029998779296875,48.040000915527344,4582,0.0,0.0,0.0
2024-07-31 15:20:00-04:00,48.060001373291016,48.060001373291016,48.029998779296875,48.03179931640625,8998,0.0,0.0,0.0
2024-07-31 15:25:00-04:00,48.04999923706055,48.06999969482422,48.040000915527344,48.04999923706055,3980,0.0,0.0,0.0
2024-07-31 15:30:00-04:00,48.040000915527344,48.04999923706055,48.029998779296875,48.04999923706055,3383,0.0,0.0,0.0
2024-07-31 15:35:00-04:00,48.029998779296875,48.04999923706055,48.029998779296875,48.040000915527344,5472,0.0,0.0,0.0
2024-07-31 15:40:00-04:00,48.040000915527344,48.04999923706055,48.029998779296875,48.04999923706055,9805,0.0,0.0,0.0
2024-07-31 15:45:00-04:00,48.029998779296875,48.04999923706055,48.029998779296875,48.040000915527344,2188,0.0,0.0,0.0
2024-07-31 15:50:00-04:00,48.029998779296875,48.04999923706055,48.029998779296875,48.040000915527344,12540,0.0,0.0,0.0
2024-07-31 15:55:00-04:00,48.04999923706055,48.04999923706055,48.0099983215332,48.02000045776367,23489,0.0,0.0,0.0
2024-08-01 09:30:00-04:00,48.15999984741211,48.15999984741211,48.130001068115234,48.13819885253906,0,0.0,0.0,0.0
2024-08-01 09:35:00-04:00,48.17499923706055,48.17499923706055,48.17499923706055,48.17499923706055,136,0.0,0.0,0.0
2024-08-01 09:55:00-04:00,48.15999984741211,48.15999984741211,48.15999984741211,48.15999984741211,350,0.0,0.0,0.0
2024-08-01 10:05:00-04:00,48.21500015258789,48.21500015258789,48.21500015258789,48.21500015258789,0,0.0,0.0,0.0
2024-08-01 10:10:00-04:00,48.25910186767578,48.25910186767578,48.19260025024414,48.19260025024414,7962,0.0,0.0,0.0
2024-08-01 10:20:00-04:00,48.186100006103516,48.186100006103516,48.186100006103516,48.186100006103516,2111,0.0,0.0,0.0
2024-08-01 10:30:00-04:00,48.19499969482422,48.20000076293945,48.19499969482422,48.20000076293945,11399,0.0,0.0,0.0
2024-08-01 10:55:00-04:00,48.170101165771484,48.189998626708984,48.170101165771484,48.189998626708984,2266,0.0,0.0,0.0
2024-08-01 11:55:00-04:00,48.189998626708984,48.189998626708984,48.17490005493164,48.17490005493164,1290,0.0,0.0,0.0
2024-08-01 12:10:00-04:00,48.20000076293945,48.209999084472656,48.20000076293945,48.209999084472656,13624,0.0,0.0,0.0
2024-08-01 12:30:00-04:00,48.20899963378906,48.20899963378906,48.189998626708984,48.189998626708984,871,0.0,0.0,0.0
2024-08-01 12:35:00-04:00,48.18000030517578,48.18000030517578,48.18000030517578,48.18000030517578,114,0.0,0.0,0.0
2024-08-01 12:45:00-04:00,48.20989990234375,48.20989990234375,48.20989990234375,48.20989990234375,139,0.0,0.0,0.0
2024-08-01 13:00:00-04:00,48.16999816894531,48.16999816894531,48.16999816894531,48.16999816894531,1728,0.0,0.0,0.0
2024-08-01 13:10:00-04:00,48.15999984741211,48.15999984741211,48.150001525878906,48.15999984741211,1000,0.0,0.0,0.0
2024-08-01 13:15:00-04:00,48.18600082397461,48.18600082397461,48.18600082397461,48.18600082397461,140,0.0,0.0,0.0
2024-08-01 13:20:00-04:00,48.15999984741211,48.15999984741211,48.150001525878906,48.15999984741211,1800,0.0,0.0,0.0
2024-08-01 13:25:00-04:00,48.18000030517578,48.18000030517578,48.18000030517578,48.18000030517578,822,0.0,0.0,0.0
2024-08-01 13:30:00-04:00,48.17499923706055,48.17499923706055,48.15999984741211,48.15999984741211,1153,0.0,0.0,0.0
2024-08-01 13:45:00-04:00,48.18000030517578,48.18000030517578,48.15010070800781,48.15999984741211,2294,0.0,0.0,0.0
2024-08-01 13:50:00-04:00,48.15999984741211,48.15999984741211,48.150001525878906,48.150001525878906,915,0.0,0.0,0.0
2024-08-01 13:55:00-04:00,48.150001525878906,48.150001525878906,48.150001525878906,48.150001525878906,2012,0.0,0.0,0.0
2024-08-01 14:05:00-04:00,48.150001525878906,48.150001525878906,48.130001068115234,48.130001068115234,1200,0.0,0.0,0.0
2024-08-01 14:15:00-04:00,48.13999938964844,48.13999938964844,48.130001068115234,48.130001068115234,1000,0.0,0.0,0.0
2024-08-01 14:20:00-04:00,48.14580154418945,48.14580154418945,48.119998931884766,48.119998931884766,1241,0.0,0.0,0.0
2024-08-01 14:25:00-04:00,48.130001068115234,48.130001068115234,48.119998931884766,48.119998931884766,1110,0.0,0.0,0.0
2024-08-01 14:30:00-04:00,48.15359878540039,48.15359878540039,48.119998931884766,48.119998931884766,1310,0.0,0.0,0.0
2024-08-01 14:35:00-04:00,48.119998931884766,48.15999984741211,48.11000061035156,48.15999984741211,1030,0.0,0.0,0.0
2024-08-01 14:45:00-04:00,48.130001068115234,48.130001068115234,48.130001068115234,48.130001068115234,358,0.0,0.0,0.0
2024-08-01 14:50:00-04:00,48.11000061035156,48.150001525878906,48.099998474121094,48.150001525878906,2403,0.0,0.0,0.0
2024-08-01 14:55:00-04:00,48.150001525878906,48.150001525878906,48.150001525878906,48.150001525878906,128,0.0,0.0,0.0
2024-08-01 15:00:00-04:00,48.11000061035156,48.150001525878906,48.099998474121094,48.150001525878906,2624,0.0,0.0,0.0
2024-08-01 15:05:00-04:00,48.125,48.15999984741211,48.11000061035156,48.154998779296875,5346,0.0,0.0,0.0
2024-08-01 15:10:00-04:00,48.154998779296875,48.15999984741211,48.154998779296875,48.1599006652832,450,0.0,0.0,0.0
2024-08-01 15:15:00-04:00,48.1598014831543,48.15999984741211,48.119998931884766,48.15999984741211,5980,0.0,0.0,0.0
2024-08-01 15:20:00-04:00,48.150001525878906,48.15999984741211,48.150001525878906,48.15999984741211,0,0.0,0.0,0.0
2024-08-01 15:25:00-04:00,48.150001525878906,48.15999984741211,48.150001525878906,48.150001525878906,85246,0.0,0.0,0.0
2024-08-01 15:30:00-04:00,48.150001525878906,48.150001525878906,48.13999938964844,48.13999938964844,681,0.0,0.0,0.0
2024-08-01 15:35:00-04:00,48.13999938964844,48.15999984741211,48.130001068115234,48.15999984741211,2903,0.0,0.0,0.0
2024-08-01 15:40:00-04:00,48.15829849243164,48.15829849243164,48.1244010925293,48.1244010925293,4544,0.0,0.0,0.0
2024-08-01 15:45:00-04:00,48.130001068115234,48.130001068115234,48.119998931884766,48.130001068115234,936,0.0,0.0,0.0
2024-08-01 15:50:00-04:00,48.15999984741211,48.15999984741211,48.119998931884766,48.130001068115234,2921,0.0,0.0,0.0
2024-08-01 15:55:00-04:00,48.13999938964844,48.15999984741211,48.060001373291016,48.11000061035156,11828,0.0,0.0,0.0
2024-08-02 09:30:00-04:00,48.349998474121094,48.349998474121094,48.349998474121094,48.349998474121094,0,0.0,0.0,0.0
2024-08-02 09:55:00-04:00,48.314998626708984,48.314998626708984,48.314998626708984,48.314998626708984,125,0.0,0.0,0.0
2024-08-02 10:00:00-04:00,48.34000015258789,48.34000015258789,48.34000015258789,48.34000015258789,245,0.0,0.0,0.0
2024-08-02 10:30:00-04:00,48.34000015258789,48.34000015258789,48.34000015258789,48.34000015258789,483,0.0,0.0,0.0
2024-08-02 10:40:00-04:00,48.31010055541992,48.31010055541992,48.31010055541992,48.31010055541992,433,0.0,0.0,0.0
2024-08-02 11:00:00-04:00,48.38990020751953,48.38990020751953,48.345001220703125,48.345001220703125,6185,0.0,0.0,0.0
2024-08-02 11:10:00-04:00,48.380001068115234,48.380001068115234,48.380001068115234,48.380001068115234,211,0.0,0.0,0.0
2024-08-02 11:20:00-04:00,48.369300842285156,48.369300842285156,48.369300842285156,48.369300842285156,1036,0.0,0.0,0.0
2024-08-02 11:25:00-04:00,48.34000015258789,48.369998931884766,48.34000015258789,48.35649871826172,4150,0.0,0.0,0.0
2024-08-02 11:40:00-04:00,48.34619903564453,48.34619903564453,48.34619903564453,48.34619903564453,2056,0.0,0.0,0.0
2024-08-02 12:00:00-04:00,48.32500076293945,48.32500076293945,48.30619812011719,48.30619812011719,4528,0.0,0.0,0.0
2024-08-02 12:25:00-04:00,48.30009841918945,48.359901428222656,48.30009841918945,48.33000183105469,2254,0.0,0.0,0.0
2024-08-02 12:30:00-04:00,48.33760070800781,48.33760070800781,48.33760070800781,48.33760070800781,909,0.0,0.0,0.0
2024-08-02 12:35:00-04:00,48.34199905395508,48.34199905395508,48.34199905395508,48.34199905395508,194,0.0,0.0,0.0
2024-08-02 12:40:00-04:00,48.31340026855469,48.31340026855469,48.31340026855469,48.31340026855469,194,0.0,0.0,0.0
2024-08-02 12:55:00-04:00,48.320098876953125,48.320098876953125,48.320098876953125,48.320098876953125,1111,0.0,0.0,0.0
2024-08-02 13:15:00-04:00,48.31010055541992,48.31010055541992,48.31010055541992,48.31010055541992,532,0.0,0.0,0.0
2024-08-02 13:20:00-04:00,48.310001373291016,48.34000015258789,48.310001373291016,48.34000015258789,968,0.0,0.0,0.0
2024-08-02 13:25:00-04:00,48.334999084472656,48.334999084472656,48.334999084472656,48.334999084472656,439,0.0,0.0,0.0
2024-08-02 13:30:00-04:00,48.339298248291016,48.339298248291016,48.310001373291016,48.310001373291016,2115,0.0,0.0,0.0
2024-08-02 14:05:00-04:00,48.33000183105469,48.33000183105469,48.33000183105469,48.33000183105469,659,0.0,0.0,0.0
2024-08-02 14:10:00-04:00,48.334999084472656,48.334999084472656,48.334999084472656,48.334999084472656,840,0.0,0.0,0.0
2024-08-02 14:30:00-04:00,48.349998474121094,48.369998931884766,48.349998474121094,48.35100173950195,4876,0.0,0.0,0.0
2024-08-02 14:40:00-04:00,48.36899948120117,48.36899948120117,48.36899948120117,48.36899948120117,395,0.0,0.0,0.0
2024-08-02 14:45:00-04:00,48.36989974975586,48.369998931884766,48.349998474121094,48.349998474121094,2401,0.0,0.0,0.0
2024-08-02 14:55:00-04:00,48.369998931884766,48.369998931884766,48.36000061035156,48.36000061035156,417,0.0,0.0,0.0
2024-08-02 15:00:00-04:00,48.399898529052734,48.399898529052734,48.399898529052734,48.399898529052734,2924,0.0,0.0,0.0
2024-08-02 15:05:00-04:00,48.34579849243164,48.387001037597656,48.33000183105469,48.33000183105469,1182,0.0,0.0,0.0
2024-08-02 15:15:00-04:00,48.36600112915039,48.36600112915039,48.36000061035156,48.36000061035156,1603,0.0,0.0,0.0
2024-08-02 15:25:00-04:00,48.35240173339844,48.35240173339844,48.35240173339844,48.35240173339844,2008,0.0,0.0,0.0
2024-08-02 15:35:00-04:00,48.36600112915039,48.36600112915039,48.36600112915039,48.36600112915039,324,0.0,0.0,0.0
2024-08-02 15:40:00-04:00,48.38999938964844,48.38999938964844,48.38999938964844,48.38999938964844,192,0.0,0.0,0.0
2024-08-02 15:45:00-04:00,48.36000061035156,48.36000061035156,48.36000061035156,48.36000061035156,139,0.0,0.0,0.0
2024-08-02 15:50:00-04:00,48.380001068115234,48.38999938964844,48.36000061035156,48.38859939575195,10486,0.0,0.0,0.0
2024-08-02 15:55:00-04:00,48.380001068115234,48.380001068115234,48.33100128173828,48.369998931884766,11721,0.0,0.0,0.0
2024-08-05 09:30:00-04:00,48.47999954223633,48.47999954223633,48.47999954223633,48.47999954223633,0,0.0,0.0,0.0
2024-08-05 09:40:00-04:00,48.459999084472656,48.459999084472656,48.459999084472656,48.459999084472656,100,0.0,0.0,0.0
2024-08-05 09:45:00-04:00,48.439998626708984,48.439998626708984,48.439998626708984,48.439998626708984,2721,0.0,0.0,0.0
2024-08-05 10:15:00-04:00,48.494998931884766,48.494998931884766,48.494998931884766,48.494998931884766,925,0.0,0.0,0.0
2024-08-05 10:20:00-04:00,48.474998474121094,48.474998474121094,48.474998474121094,48.474998474121094,257,0.0,0.0,0.0
2024-08-05 10:25:00-04:00,48.451499938964844,48.451499938964844,48.451499938964844,48.451499938964844,2583,0.0,0.0,0.0
2024-08-05 10:30:00-04:00,48.4900016784668,48.4900016784668,48.4900016784668,48.4900016784668,778,0.0,0.0,0.0
2024-08-05 10:35:00-04:00,48.519901275634766,48.519901275634766,48.519901275634766,48.519901275634766,148,0.0,0.0,0.0
2024-08-05 10:40:00-04:00,48.439998626708984,48.439998626708984,48.439998626708984,48.439998626708984,0,0.0,0.0,0.0
2024-08-05 10:50:00-04:00,48.45029830932617,48.45029830932617,48.45029830932617,48.45029830932617,8795,0.0,0.0,0.0
2024-08-05 11:00:00-04:00,48.48970031738281,48.48970031738281,48.48970031738281,48.48970031738281,2224,0.0,0.0,0.0
2024-08-05 11:05:00-04:00,48.48270034790039,48.494998931884766,48.459999084472656,48.459999084472656,1097,0.0,0.0,0.0
2024-08-05 11:20:00-04:00,48.420101165771484,48.45500183105469,48.420101165771484,48.45500183105469,3095,0.0,0.0,0.0
2024-08-05 11:35:00-04:00,48.470001220703125,48.470001220703125,48.470001220703125,48.470001220703125,112,0.0,0.0,0.0
2024-08-05 11:40:00-04:00,48.45500183105469,48.45500183105469,48.44820022583008,48.44820022583008,0,0.0,0.0,0.0
2024-08-05 11:50:00-04:00,48.43080139160156,48.470001220703125,48.43000030517578,48.43000030517578,17233,0.0,0.0,0.0
2024-08-05 12:15:00-04:00,48.45500183105469,48.45500183105469,48.45500183105469,48.45500183105469,1429,0.0,0.0,0.0
2024-08-05 12:25:00-04:00,48.439998626708984,48.45000076293945,48.43000030517578,48.43009948730469,8214,0.0,0.0,0.0
2024-08-05 12:30:00-04:00,48.43000030517578,48.45000076293945,48.43000030517578,48.45000076293945,1554,0.0,0.0,0.0
2024-08-05 12:35:00-04:00,48.46989822387695,48.46989822387695,48.45000076293945,48.45000076293945,1209,0.0,0.0,0.0
2024-08-05 12:40:00-04:00,48.43009948730469,48.43009948730469,48.43009948730469,48.43009948730469,149,0.0,0.0,0.0
2024-08-05 12:50:00-04:00,48.430301666259766,48.470001220703125,48.430301666259766,48.470001220703125,1540,0.0,0.0,0.0
2024-08-05 12:55:00-04:00,48.43000030517578,48.43000030517578,48.43000030517578,48.43000030517578,160,0.0,0.0,0.0
2024-08-05 13:05:00-04:00,48.43009948730469,48.47269821166992,48.43009948730469,48.47269821166992,2904,0.0,0.0,0.0
2024-08-05 13:15:00-04:00,48.508399963378906,48.508399963378906,48.470001220703125,48.470001220703125,0,0.0,0.0,0.0
2024-08-05 13:20:00-04:00,48.4900016784668,48.4900016784668,48.4900016784668,48.4900016784668,36845,0.0,0.0,0.0
2024-08-05 13:45:00-04:00,48.459999084472656,48.459999084472656,48.459999084472656,48.459999084472656,966,0.0,0.0,0.0
2024-08-05 14:10:00-04:00,48.478599548339844,48.478599548339844,48.43000030517578,48.45500183105469,4907,0.0,0.0,0.0
2024-08-05 14:20:00-04:00,48.44810104370117,48.45500183105469,48.432498931884766,48.432498931884766,2131,0.0,0.0,0.0
2024-08-05 14:25:00-04:00,48.465999603271484,48.465999603271484,48.465999603271484,48.465999603271484,278,0.0,0.0,0.0
2024-08-05 14:35:00-04:00,48.470001220703125,48.470001220703125,48.470001220703125,48.470001220703125,0,0.0,0.0,0.0
2024-08-05 14:50:00-04:00,48.470001220703125,48.47869873046875,48.470001220703125,48.47869873046875,47308,0.0,0.0,0.0
2024-08-05 14:55:00-04:00,48.470001220703125,48.470001220703125,48.470001220703125,48.470001220703125,730,0.0,0.0,0.0
2024-08-05 15:00:00-04:00,48.479000091552734,48.479000091552734,48.479000091552734,48.479000091552734,439,0.0,0.0,0.0
2024-08-05 15:05:00-04:00,48.45500183105469,48.45500183105469,48.45500183105469,48.45500183105469,476,0.0,0.0,0.0
2024-08-05 15:15:00-04:00,48.45500183105469,48.47999954223633,48.432498931884766,48.432498931884766,833,0.0,0.0,0.0
2024-08-05 15:20:00-04:00,48.45000076293945,48.470001220703125,48.43000030517578,48.45000076293945,6288,0.0,0.0,0.0
2024-08-05 15:25:00-04:00,48.43009948730469,48.46879959106445,48.43000030517578,48.45000076293945,4289,0.0,0.0,0.0
2024-08-05 15:30:00-04:00,48.45000076293945,48.4818000793457,48.43170166015625,48.4818000793457,2069,0.0,0.0,0.0
2024-08-05 15:40:00-04:00,48.47999954223633,48.48939895629883,48.456199645996094,48.456199645996094,3031,0.0,0.0,0.0
2024-08-05 15:50:00-04:00,48.459999084472656,48.48970031738281,48.43000030517578,48.43299865722656,19983,0.0,0.0,0.0
2024-08-05 15:55:00-04:00,48.459999084472656,48.459999084472656,48.43000030517578,48.43000030517578,2138,0.0,0.0,0.0
2024-08-06 09:30:00-04:00,48.41999816894531,48.41999816894531,48.41999816894531,48.41999816894531,2612,0.0,0.0,0.0
2024-08-06 09:40:00-04:00,48.372501373291016,48.372501373291016,48.372501373291016,48.372501373291016,210,0.0,0.0,0.0
2024-08-06 09:45:00-04:00,48.38249969482422,48.38249969482422,48.380001068115234,48.380001068115234,310,0.0,0.0,0.0
2024-08-06 10:00:00-04:00,48.34000015258789,48.340999603271484,48.34000015258789,48.340999603271484,243,0.0,0.0,0.0
2024-08-06 10:05:00-04:00,48.340999603271484,48.340999603271484,48.340999603271484,48.340999603271484,0,0.0,0.0,0.0
2024-08-06 10:10:00-04:00,48.340999603271484,48.340999603271484,48.340999603271484,48.340999603271484,3929,0.0,0.0,0.0
2024-08-06 10:15:00-04:00,48.372501373291016,48.375,48.372501373291016,48.372501373291016,1336,0.0,0.0,0.0
2024-08-06 10:20:00-04:00,48.349998474121094,48.349998474121094,48.349998474121094,48.349998474121094,100,0.0,0.0,0.0
2024-08-06 10:25:00-04:00,48.34000015258789,48.34000015258789,48.34000015258789,48.34000015258789,204,0.0,0.0,0.0
2024-08-06 10:30:00-04:00,48.3849983215332,48.3849983215332,48.3849983215332,48.3849983215332,2067,0.0,0.0,0.0
2024-08-06 10:35:00-04:00,48.3849983215332,48.3849983215332,48.349998474121094,48.36000061035156,4267,0.0,0.0,0.0
2024-08-06 10:40:00-04:00,48.35200119018555,48.35200119018555,48.349998474121094,48.349998474121094,1626,0.0,0.0,0.0
2024-08-06 10:50:00-04:00,48.32099914550781,48.32099914550781,48.32099914550781,48.32099914550781,202,0.0,0.0,0.0
2024-08-06 10:55:00-04:00,48.32099914550781,48.32099914550781,48.32099914550781,48.32099914550781,147,0.0,0.0,0.0
2024-08-06 11:00:00-04:00,48.31999969482422,48.31999969482422,48.31999969482422,48.31999969482422,197,0.0,0.0,0.0
2024-08-06 11:05:00-04:00,48.34000015258789,48.34000015258789,48.34000015258789,48.34000015258789,100,0.0,0.0,0.0
2024-08-06 11:10:00-04:00,48.31999969482422,48.32099914550781,48.31999969482422,48.32099914550781,259,0.0,0.0,0.0
2024-08-06 11:15:00-04:00,48.33000183105469,48.349998474121094,48.33000183105469,48.34000015258789,2500,0.0,0.0,0.0
2024-08-06 11:20:00-04:00,48.36000061035156,48.36000061035156,48.36000061035156,48.36000061035156,400,0.0,0.0,0.0
2024-08-06 11:25:00-04:00,48.349998474121094,48.349998474121094,48.349998474121094,48.349998474121094,0,0.0,0.0,0.0
2024-08-06 11:30:00-04:00,48.349998474121094,48.349998474121094,48.310001373291016,48.310001373291016,19278,0.0,0.0,0.0
2024-08-06 11:50:00-04:00,48.34000015258789,48.34000015258789,48.34000015258789,48.34000015258789,100,0.0,0.0,0.0
2024-08-06 11:55:00-04:00,48.34749984741211,48.34749984741211,48.34000015258789,48.34000015258789,0,0.0,0.0,0.0
2024-08-06 12:15:00-04:00,48.34000015258789,48.34000015258789,48.34000015258789,48.34000015258789,21987,0.0,0.0,0.0
2024-08-06 12:20:00-04:00,48.345001220703125,48.345001220703125,48.34000015258789,48.34000015258789,2163,0.0,0.0,0.0
2024-08-06 12:25:00-04:00,48.35900115966797,48.35900115966797,48.35900115966797,48.35900115966797,286,0.0,0.0,0.0
2024-08-06 12:30:00-04:00,48.356300354003906,48.356300354003906,48.345001220703125,48.345001220703125,293,0.0,0.0,0.0
2024-08-06 12:40:00-04:00,48.34000015258789,48.34000015258789,48.34000015258789,48.34000015258789,100,0.0,0.0,0.0
2024-08-06 12:45:00-04:00,48.330501556396484,48.33100128173828,48.330501556396484,48.33100128173828,326,0.0,0.0,0.0
2024-08-06 12:55:00-04:00,48.349998474121094,48.349998474121094,48.349998474121094,48.349998474121094,143,0.0,0.0,0.0
2024-08-06 13:00:00-04:00,48.33000183105469,48.33000183105469,48.33000183105469,48.33000183105469,100,0.0,0.0,0.0
2024-08-06 13:05:00-04:00,48.32099914550781,48.32099914550781,48.320098876953125,48.320098876953125,2465,0.0,0.0,0.0
2024-08-06 13:10:00-04:00,48.36000061035156,48.36000061035156,48.349998474121094,48.36000061035156,335,0.0,0.0,0.0
2024-08-06 13:15:00-04:00,48.41999816894531,48.43000030517578,48.345298767089844,48.345298767089844,4690,0.0,0.0,0.0
2024-08-06 13:20:00-04:00,48.349998474121094,48.349998474121094,48.349998474121094,48.349998474121094,136,0.0,0.0,0.0
2024-08-06 13:25:00-04:00,48.369998931884766,48.369998931884766,48.369998931884766,48.369998931884766,208,0.0,0.0,0.0
2024-08-06 13:30:00-04:00,48.35100173950195,48.35100173950195,48.35100173950195,48.35100173950195,103,0.0,0.0,0.0
2024-08-06 13:40:00-04:00,48.419898986816406,48.419898986816406,48.340999603271484,48.340999603271484,214,0.0,0.0,0.0
2024-08-06 13:45:00-04:00,48.4099006652832,48.4099006652832,48.4099006652832,48.4099006652832,991,0.0,0.0,0.0
2024-08-06 13:50:00-04:00,48.375,48.375,48.375,48.375,202,0.0,0.0,0.0
2024-08-06 13:55:00-04:00,48.342498779296875,48.342498779296875,48.340999603271484,48.340999603271484,1170,0.0,0.0,0.0
2024-08-06 14:00:00-04:00,48.340999603271484,48.340999603271484,48.340999603271484,48.340999603271484,189,0.0,0.0,0.0
2024-08-06 14:05:00-04:00,48.369998931884766,48.369998931884766,48.3400993347168,48.369998931884766,4385,0.0,0.0,0.0
2024-08-06 14:15:00-04:00,48.369998931884766,48.369998931884766,48.369998931884766,48.369998931884766,250,0.0,0.0,0.0
2024-08-06 14:25:00-04:00,48.369998931884766,48.369998931884766,48.340999603271484,48.340999603271484,299,0.0,0.0,0.0
2024-08-06 14:30:00-04:00,48.369998931884766,48.400001525878906,48.369998931884766,48.369998931884766,5308,0.0,0.0,0.0
2024-08-06 14:35:00-04:00,48.369998931884766,48.369998931884766,48.369998931884766,48.369998931884766,863,0.0,0.0,0.0
2024-08-06 14:40:00-04:00,48.35100173950195,48.369998931884766,48.35100173950195,48.369998931884766,297,0.0,0.0,0.0
2024-08-06 14:45:00-04:00,48.35100173950195,48.375,48.35100173950195,48.375,483,0.0,0.0,0.0
2024-08-06 14:50:00-04:00,48.35100173950195,48.35100173950195,48.35100173950195,48.35100173950195,100,0.0,0.0,0.0
2024-08-06 14:55:00-04:00,48.36000061035156,48.36000061035156,48.36000061035156,48.36000061035156,102,0.0,0.0,0.0
2024-08-06 15:00:00-04:00,48.350399017333984,48.36119842529297,48.350399017333984,48.36119842529297,680,0.0,0.0,0.0
2024-08-06 15:05:00-04:00,48.380001068115234,48.380001068115234,48.380001068115234,48.380001068115234,480,0.0,0.0,0.0
2024-08-06 15:10:00-04:00,48.380001068115234,48.38999938964844,48.349998474121094,48.369998931884766,2378,0.0,0.0,0.0
2024-08-06 15:20:00-04:00,48.399898529052734,48.400001525878906,48.369998931884766,48.3849983215332,7093,0.0,0.0,0.0
2024-08-06 15:25:00-04:00,48.369998931884766,48.400001525878906,48.34000015258789,48.3400993347168,16566,0.0,0.0,0.0
2024-08-06 15:30:00-04:00,48.369998931884766,48.369998931884766,48.369998931884766,48.369998931884766,1060,0.0,0.0,0.0
2024-08-06 15:45:00-04:00,48.349998474121094,48.399898529052734,48.349998474121094,48.399898529052734,753,0.0,0.0,0.0
2024-08-06 15:50:00-04:00,48.380001068115234,48.380001068115234,48.375,48.375,571,0.0,0.0,0.0
2024-08-06 15:55:00-04:00,48.375,48.375,48.375,48.375,735,0.0,0.0,0.0
2024-08-07 09:30:00-04:00,48.38999938964844,48.38999938964844,48.38999938964844,48.38999938964844,0,0.0,0.0,0.0
2024-08-07 09:40:00-04:00,48.345001220703125,48.345001220703125,48.345001220703125,48.345001220703125,117,0.0,0.0,0.0
2024-08-07 10:00:00-04:00,48.27000045776367,48.27000045776367,48.27000045776367,48.27000045776367,100,0.0,0.0,0.0
2024-08-07 10:10:00-04:00,48.31999969482422,48.31999969482422,48.31999969482422,48.31999969482422,281,0.0,0.0,0.0
2024-08-07 10:20:00-04:00,48.3120002746582,48.3120002746582,48.3120002746582,48.3120002746582,124,0.0,0.0,0.0
2024-08-07 10:25:00-04:00,48.31999969482422,48.400001525878906,48.31999969482422,48.400001525878906,289,0.0,0.0,0.0
2024-08-07 10:30:00-04:00,48.33000183105469,48.33000183105469,48.29010009765625,48.29349899291992,1100,0.0,0.0,0.0
2024-08-07 10:40:00-04:00,48.32500076293945,48.32500076293945,48.32500076293945,48.32500076293945,3037,0.0,0.0,0.0
2024-08-07 10:50:00-04:00,48.32500076293945,48.349998474121094,48.32500076293945,48.349998474121094,1540,0.0,0.0,0.0
2024-08-07 11:00:00-04:00,48.31999969482422,48.349998474121094,48.31999969482422,48.349998474121094,474,0.0,0.0,0.0
2024-08-07 11:05:00-04:00,48.29050064086914,48.29050064086914,48.29050064086914,48.29050064086914,291,0.0,0.0,0.0
2024-08-07 11:50:00-04:00,48.29560089111328,48.29560089111328,48.29560089111328,48.29560089111328,137,0.0,0.0,0.0
2024-08-07 11:55:00-04:00,48.2942008972168,48.34000015258789,48.2942008972168,48.34000015258789,934,0.0,0.0,0.0
2024-08-07 12:05:00-04:00,48.32500076293945,48.32500076293945,48.32500076293945,48.32500076293945,107,0.0,0.0,0.0
2024-08-07 12:25:00-04:00,48.31999969482422,48.31999969482422,48.31999969482422,48.31999969482422,1520,0.0,0.0,0.0
2024-08-07 12:35:00-04:00,48.34989929199219,48.34989929199219,48.31999969482422,48.31999969482422,4942,0.0,0.0,0.0
2024-08-07 12:50:00-04:00,48.32600021362305,48.32600021362305,48.29140090942383,48.29140090942383,1470,0.0,0.0,0.0
2024-08-07 12:55:00-04:00,48.31999969482422,48.31999969482422,48.31999969482422,48.31999969482422,178,0.0,0.0,0.0
2024-08-07 13:00:00-04:00,48.359901428222656,48.36000061035156,48.292198181152344,48.292198181152344,804,0.0,0.0,0.0
2024-08-07 13:20:00-04:00,48.30500030517578,48.30500030517578,48.29010009765625,48.29010009765625,2320,0.0,0.0,0.0
2024-08-07 13:30:00-04:00,48.31740188598633,48.31740188598633,48.31740188598633,48.31740188598633,219,0.0,0.0,0.0
2024-08-07 13:45:00-04:00,48.310001373291016,48.310001373291016,48.310001373291016,48.310001373291016,202,0.0,0.0,0.0
2024-08-07 13:55:00-04:00,48.331199645996094,48.331199645996094,48.331199645996094,48.331199645996094,287,0.0,0.0,0.0
2024-08-07 14:00:00-04:00,48.314998626708984,48.314998626708984,48.314998626708984,48.314998626708984,1047,0.0,0.0,0.0
2024-08-07 14:20:00-04:00,48.31999969482422,48.31999969482422,48.31999969482422,48.31999969482422,102,0.0,0.0,0.0
2024-08-07 14:25:00-04:00,48.33000183105469,48.369998931884766,48.33000183105469,48.369998931884766,1200,0.0,0.0,0.0
2024-08-07 14:30:00-04:00,48.349998474121094,48.35810089111328,48.33000183105469,48.349998474121094,2789,0.0,0.0,0.0
2024-08-07 14:35:00-04:00,48.30379867553711,48.30379867553711,48.30379867553711,48.30379867553711,280,0.0,0.0,0.0
2024-08-07 14:50:00-04:00,48.32500076293945,48.3494987487793,48.30009841918945,48.30009841918945,1795,0.0,0.0,0.0
2024-08-07 14:55:00-04:00,48.34000015258789,48.349998474121094,48.314998626708984,48.314998626708984,21412,0.0,0.0,0.0
2024-08-07 15:05:00-04:00,48.29999923706055,48.29999923706055,48.29999923706055,48.29999923706055,958,0.0,0.0,0.0
2024-08-07 15:15:00-04:00,48.31999969482422,48.31999969482422,48.310001373291016,48.310001373291016,497,0.0,0.0,0.0
2024-08-07 15:20:00-04:00,48.314998626708984,48.3297004699707,48.314998626708984,48.314998626708984,5135,0.0,0.0,0.0
2024-08-07 15:30:00-04:00,48.314998626708984,48.33000183105469,48.314998626708984,48.314998626708984,4910,0.0,0.0,0.0
2024-08-07 15:35:00-04:00,48.314998626708984,48.33000183105469,48.314998626708984,48.31999969482422,1844,0.0,0.0,0.0
2024-08-07 15:45:00-04:00,48.263999938964844,48.31999969482422,48.263999938964844,48.31999969482422,10115,0.0,0.0,0.0
2024-08-07 15:55:00-04:00,48.30500030517578,48.30500030517578,48.30500030517578,48.30500030517578,1922,0.0,0.0,0.0
2024-08-08 09:30:00-04:00,48.2599983215332,48.2599983215332,48.2599983215332,48.2599983215332,0,0.0,0.0,0.0
2024-08-08 09:35:00-04:00,48.27000045776367,48.27000045776367,48.27000045776367,48.27000045776367,560,0.0,0.0,0.0
2024-08-08 10:20:00-04:00,48.20100021362305,48.20100021362305,48.20100021362305,48.20100021362305,0,0.0,0.0,0.0
2024-08-08 10:30:00-04:00,48.22999954223633,48.22999954223633,48.22999954223633,48.22999954223633,3872,0.0,0.0,0.0
2024-08-08 10:35:00-04:00,48.23500061035156,48.23500061035156,48.22999954223633,48.22999954223633,1607,0.0,0.0,0.0
2024-08-08 10:45:00-04:00,48.21500015258789,48.21500015258789,48.21500015258789,48.21500015258789,1801,0.0,0.0,0.0
2024-08-08 11:15:00-04:00,48.209999084472656,48.209999084472656,48.209999084472656,48.209999084472656,0,0.0,0.0,0.0
2024-08-08 11:25:00-04:00,48.242000579833984,48.242000579833984,48.242000579833984,48.242000579833984,14100,0.0,0.0,0.0
2024-08-08 11:30:00-04:00,48.2400016784668,48.2400016784668,48.2400016784668,48.2400016784668,165,0.0,0.0,0.0
2024-08-08 11:35:00-04:00,48.24980163574219,48.24980163574219,48.24980163574219,48.24980163574219,207,0.0,0.0,0.0
2024-08-08 11:50:00-04:00,48.2400016784668,48.2400016784668,48.2400016784668,48.2400016784668,321,0.0,0.0,0.0
2024-08-08 11:55:00-04:00,48.23500061035156,48.23500061035156,48.23500061035156,48.23500061035156,200,0.0,0.0,0.0
2024-08-08 12:00:00-04:00,48.2599983215332,48.2599983215332,48.2599983215332,48.2599983215332,2245,0.0,0.0,0.0
2024-08-08 12:10:00-04:00,48.2400016784668,48.255001068115234,48.2400016784668,48.255001068115234,300,0.0,0.0,0.0
2024-08-08 12:15:00-04:00,48.2400016784668,48.2400016784668,48.2400016784668,48.2400016784668,250,0.0,0.0,0.0
2024-08-08 12:20:00-04:00,48.22999954223633,48.22999954223633,48.22999954223633,48.22999954223633,100,0.0,0.0,0.0
2024-08-08 12:35:00-04:00,48.25,48.25,48.25,48.25,269,0.0,0.0,0.0
2024-08-08 12:55:00-04:00,48.20289993286133,48.20289993286133,48.20289993286133,48.20289993286133,0,0.0,0.0,0.0
2024-08-08 13:10:00-04:00,48.20000076293945,48.20000076293945,48.20000076293945,48.20000076293945,18467,0.0,0.0,0.0
2024-08-08 13:25:00-04:00,48.209800720214844,48.209800720214844,48.209800720214844,48.209800720214844,144,0.0,0.0,0.0
2024-08-08 13:35:00-04:00,48.20009994506836,48.20009994506836,48.20009994506836,48.20009994506836,1166,0.0,0.0,0.0
2024-08-08 13:40:00-04:00,48.20009994506836,48.20009994506836,48.20009994506836,48.20009994506836,5152,0.0,0.0,0.0
2024-08-08 13:45:00-04:00,48.22999954223633,48.22999954223633,48.22999954223633,48.22999954223633,13089,0.0,0.0,0.0
2024-08-08 14:00:00-04:00,48.20000076293945,48.209999084472656,48.16999816894531,48.20000076293945,5428,0.0,0.0,0.0
2024-08-08 14:15:00-04:00,48.209999084472656,48.209999084472656,48.209999084472656,48.209999084472656,1716,0.0,0.0,0.0
2024-08-08 14:20:00-04:00,48.209999084472656,48.209999084472656,48.18000030517578,48.18000030517578,1996,0.0,0.0,0.0
2024-08-08 14:30:00-04:00,48.249900817871094,48.249900817871094,48.23780059814453,48.23780059814453,1653,0.0,0.0,0.0
2024-08-08 14:35:00-04:00,48.22200012207031,48.249698638916016,48.20000076293945,48.20000076293945,2304,0.0,0.0,0.0
2024-08-08 14:45:00-04:00,48.208099365234375,48.208099365234375,48.190101623535156,48.190101623535156,5660,0.0,0.0,0.0
2024-08-08 14:50:00-04:00,48.21500015258789,48.21500015258789,48.21500015258789,48.21500015258789,744,0.0,0.0,0.0
2024-08-08 14:55:00-04:00,48.194801330566406,48.194801330566406,48.194801330566406,48.194801330566406,190,0.0,0.0,0.0
2024-08-08 15:05:00-04:00,48.220001220703125,48.22999954223633,48.220001220703125,48.22999954223633,6310,0.0,0.0,0.0
2024-08-08 15:10:00-04:00,48.239898681640625,48.24300003051758,48.239898681640625,48.24300003051758,928,0.0,0.0,0.0
2024-08-08 15:20:00-04:00,48.224998474121094,48.224998474121094,48.224998474121094,48.224998474121094,127,0.0,0.0,0.0
2024-08-08 15:25:00-04:00,48.248199462890625,48.248199462890625,48.248199462890625,48.248199462890625,4302,0.0,0.0,0.0
2024-08-08 15:30:00-04:00,48.224998474121094,48.25,48.224998474121094,48.224998474121094,10501,0.0,0.0,0.0
2024-08-08 15:35:00-04:00,48.239898681640625,48.239898681640625,48.20399856567383,48.23500061035156,0,0.0,0.0,0.0
2024-08-09 09:30:00-04:00,48.220001220703125,48.220001220703125,48.220001220703125,48.220001220703125,3655,0.0,0.0,0.0
2024-08-09 09:45:00-04:00,48.255001068115234,48.255001068115234,48.255001068115234,48.255001068115234,1185,0.0,0.0,0.0
2024-08-09 10:30:00-04:00,48.255001068115234,48.28990173339844,48.255001068115234,48.28990173339844,1396,0.0,0.0,0.0
2024-08-09 10:45:00-04:00,48.255001068115234,48.2843017578125,48.255001068115234,48.2843017578125,928,0.0,0.0,0.0
2024-08-09 11:25:00-04:00,48.22669982910156,48.22669982910156,48.22669982910156,48.22669982910156,192,0.0,0.0,0.0
2024-08-09 11:40:00-04:00,48.25830078125,48.25830078125,48.25830078125,48.25830078125,1698,0.0,0.0,0.0
2024-08-09 12:00:00-04:00,48.22819900512695,48.22819900512695,48.22819900512695,48.22819900512695,129,0.0,0.0,0.0
2024-08-09 12:05:00-04:00,48.25,48.25,48.22010040283203,48.2401008605957,744,0.0,0.0,0.0
2024-08-09 12:20:00-04:00,48.27989959716797,48.27989959716797,48.27989959716797,48.27989959716797,8694,0.0,0.0,0.0
2024-08-09 12:30:00-04:00,48.270301818847656,48.270301818847656,48.270301818847656,48.270301818847656,485,0.0,0.0,0.0
2024-08-09 12:35:00-04:00,48.25,48.25,48.25,48.25,120,0.0,0.0,0.0
2024-08-09 12:55:00-04:00,48.25,48.25,48.25,48.25,1147,0.0,0.0,0.0
2024-08-09 13:00:00-04:00,48.244998931884766,48.244998931884766,48.244998931884766,48.244998931884766,265,0.0,0.0,0.0
2024-08-09 13:05:00-04:00,48.25,48.25,48.25,48.25,205,0.0,0.0,0.0
2024-08-09 13:15:00-04:00,48.22010040283203,48.22010040283203,48.22010040283203,48.22010040283203,1042,0.0,0.0,0.0
2024-08-09 13:25:00-04:00,48.22010040283203,48.22010040283203,48.22010040283203,48.22010040283203,1059,0.0,0.0,0.0
2024-08-09 13:30:00-04:00,48.269901275634766,48.269901275634766,48.22999954223633,48.24369812011719,1279,0.0,0.0,0.0
2024-08-09 13:50:00-04:00,48.244998931884766,48.244998931884766,48.244998931884766,48.244998931884766,397,0.0,0.0,0.0
2024-08-09 14:15:00-04:00,48.2400016784668,48.2400016784668,48.220001220703125,48.220001220703125,699,0.0,0.0,0.0
2024-08-09 14:30:00-04:00,48.23500061035156,48.26150131225586,48.207698822021484,48.23500061035156,1750,0.0,0.0,0.0
2024-08-09 14:35:00-04:00,48.269901275634766,48.269901275634766,48.269901275634766,48.269901275634766,752,0.0,0.0,0.0
2024-08-09 14:50:00-04:00,48.269901275634766,48.269901275634766,48.269901275634766,48.269901275634766,3504,0.0,0.0,0.0
2024-08-09 14:55:00-04:00,48.215999603271484,48.2599983215332,48.215999603271484,48.2599983215332,899,0.0,0.0,0.0
2024-08-09 15:05:00-04:00,48.2400016784668,48.2400016784668,48.2400016784668,48.2400016784668,233,0.0,0.0,0.0
2024-08-09 15:15:00-04:00,48.2400016784668,48.2400016784668,48.2400016784668,48.2400016784668,252,0.0,0.0,0.0
2024-08-09 15:25:00-04:00,48.2599983215332,48.27000045776367,48.2400016784668,48.27000045776367,3705,0.0,0.0,0.0
2024-08-09 15:30:00-04:00,48.2400016784668,48.269901275634766,48.2400016784668,48.269901275634766,802,0.0,0.0,0.0
2024-08-09 15:35:00-04:00,48.2400016784668,48.2400016784668,48.2400016784668,48.2400016784668,1440,0.0,0.0,0.0
2024-08-09 15:40:00-04:00,48.2400016784668,48.2400016784668,48.2400016784668,48.2400016784668,523,0.0,0.0,0.0
2024-08-09 15:50:00-04:00,48.21580123901367,48.21580123901367,48.21580123901367,48.21580123901367,302,0.0,0.0,0.0
2024-08-09 15:55:00-04:00,48.2400016784668,48.2400016784668,48.2400016784668,48.2400016784668,503,0.0,0.0,0.0
2024-08-12 09:35:00-04:00,48.25600051879883,48.25600051879883,48.25600051879883,48.25600051879883,0,0.0,0.0,0.0
2024-08-12 10:25:00-04:00,48.27920150756836,48.27920150756836,48.27920150756836,48.27920150756836,400,0.0,0.0,0.0
2024-08-12 10:35:00-04:00,48.260398864746094,48.260398864746094,48.260398864746094,48.260398864746094,4145,0.0,0.0,0.0
2024-08-12 10:40:00-04:00,48.26499938964844,48.26499938964844,48.26499938964844,48.26499938964844,1097,0.0,0.0,0.0
2024-08-12 10:45:00-04:00,48.230499267578125,48.230499267578125,48.230499267578125,48.230499267578125,560,0.0,0.0,0.0
2024-08-12 11:00:00-04:00,48.27640151977539,48.27640151977539,48.2333984375,48.2333984375,273,0.0,0.0,0.0
2024-08-12 11:15:00-04:00,48.279998779296875,48.279998779296875,48.27000045776367,48.27000045776367,11833,0.0,0.0,0.0
2024-08-12 11:20:00-04:00,48.27000045776367,48.290000915527344,48.27000045776367,48.278099060058594,1590,0.0,0.0,0.0
2024-08-12 11:30:00-04:00,48.275001525878906,48.29990005493164,48.250099182128906,48.29990005493164,4585,0.0,0.0,0.0
2024-08-12 12:00:00-04:00,48.279998779296875,48.279998779296875,48.279998779296875,48.279998779296875,128,0.0,0.0,0.0
2024-08-12 12:05:00-04:00,48.25519943237305,48.25519943237305,48.25519943237305,48.25519943237305,205,0.0,0.0,0.0
2024-08-12 12:20:00-04:00,48.279998779296875,48.294898986816406,48.279998779296875,48.294898986816406,2926,0.0,0.0,0.0
2024-08-12 12:55:00-04:00,48.279998779296875,48.279998779296875,48.279998779296875,48.279998779296875,1606,0.0,0.0,0.0
2024-08-12 13:30:00-04:00,48.28499984741211,48.28499984741211,48.268001556396484,48.268001556396484,1481,0.0,0.0,0.0
2024-08-12 14:00:00-04:00,48.290000915527344,48.290000915527344,48.290000915527344,48.290000915527344,125,0.0,0.0,0.0
2024-08-12 14:05:00-04:00,48.319400787353516,48.319400787353516,48.319400787353516,48.319400787353516,319,0.0,0.0,0.0
2024-08-12 14:10:00-04:00,48.264400482177734,48.290000915527344,48.264400482177734,48.290000915527344,715,0.0,0.0,0.0
2024-08-12 14:25:00-04:00,48.260101318359375,48.260101318359375,48.260101318359375,48.260101318359375,755,0.0,0.0,0.0
2024-08-12 14:40:00-04:00,48.290000915527344,48.290000915527344,48.290000915527344,48.290000915527344,529,0.0,0.0,0.0
2024-08-12 14:55:00-04:00,48.309600830078125,48.309898376464844,48.309600830078125,48.309898376464844,697,0.0,0.0,0.0
2024-08-12 15:05:00-04:00,48.29999923706055,48.31999969482422,48.29999923706055,48.29999923706055,1083,0.0,0.0,0.0
2024-08-12 15:10:00-04:00,48.28010177612305,48.31919860839844,48.28010177612305,48.28239822387695,1424,0.0,0.0,0.0
2024-08-12 15:15:00-04:00,48.29999923706055,48.29999923706055,48.29999923706055,48.29999923706055,998,0.0,0.0,0.0
2024-08-12 15:30:00-04:00,48.29999923706055,48.29999923706055,48.29999923706055,48.29999923706055,2571,0.0,0.0,0.0
2024-08-12 15:35:00-04:00,48.290000915527344,48.29499816894531,48.290000915527344,48.290000915527344,800,0.0,0.0,0.0
2024-08-12 15:45:00-04:00,48.29499816894531,48.29499816894531,48.29499816894531,48.29499816894531,102,0.0,0.0,0.0
2024-08-12 15:50:00-04:00,48.280799865722656,48.28730010986328,48.279998779296875,48.279998779296875,946,0.0,0.0,0.0
2024-08-12 15:55:00-04:00,48.29629898071289,48.29629898071289,48.23860168457031,48.23860168457031,5141,0.0,0.0,0.0
2024-08-13 09:30:00-04:00,48.2599983215332,48.2599983215332,48.2599983215332,48.2599983215332,0,0.0,0.0,0.0
2024-08-13 10:40:00-04:00,48.31399917602539,48.31399917602539,48.31399917602539,48.31399917602539,302,0.0,0.0,0.0
2024-08-13 10:45:00-04:00,48.29999923706055,48.29999923706055,48.29999923706055,48.29999923706055,154,0.0,0.0,0.0
2024-08-13 10:55:00-04:00,48.29999923706055,48.29999923706055,48.29999923706055,48.29999923706055,2235,0.0,0.0,0.0
2024-08-13 11:10:00-04:00,48.30500030517578,48.30500030517578,48.30500030517578,48.30500030517578,322,0.0,0.0,0.0
2024-08-13 11:25:00-04:00,48.30500030517578,48.30500030517578,48.279998779296875,48.279998779296875,930,0.0,0.0,0.0
2024-08-13 11:35:00-04:00,48.30500030517578,48.30500030517578,48.281700134277344,48.281700134277344,1079,0.0,0.0,0.0
2024-08-13 11:40:00-04:00,48.28990173339844,48.28990173339844,48.28990173339844,48.28990173339844,156,0.0,0.0,0.0
2024-08-13 11:45:00-04:00,48.290000915527344,48.290000915527344,48.290000915527344,48.290000915527344,482,0.0,0.0,0.0
2024-08-13 11:50:00-04:00,48.30500030517578,48.30500030517578,48.30500030517578,48.30500030517578,242,0.0,0.0,0.0
2024-08-13 11:55:00-04:00,48.321998596191406,48.321998596191406,48.28580093383789,48.28580093383789,785,0.0,0.0,0.0
2024-08-13 12:00:00-04:00,48.30500030517578,48.30500030517578,48.30500030517578,48.30500030517578,602,0.0,0.0,0.0
2024-08-13 12:30:00-04:00,48.329898834228516,48.329898834228516,48.279998779296875,48.3297004699707,3937,0.0,0.0,0.0
2024-08-13 13:05:00-04:00,48.308101654052734,48.308101654052734,48.308101654052734,48.308101654052734,759,0.0,0.0,0.0
2024-08-13 13:15:00-04:00,48.32699966430664,48.32699966430664,48.32699966430664,48.32699966430664,222,0.0,0.0,0.0
2024-08-13 13:20:00-04:00,48.314998626708984,48.314998626708984,48.314998626708984,48.314998626708984,561,0.0,0.0,0.0
2024-08-13 13:25:00-04:00,48.33000183105469,48.33000183105469,48.314998626708984,48.314998626708984,646,0.0,0.0,0.0
2024-08-13 13:30:00-04:00,48.33000183105469,48.33000183105469,48.33000183105469,48.33000183105469,504,0.0,0.0,0.0
2024-08-13 13:55:00-04:00,48.314998626708984,48.314998626708984,48.314998626708984,48.314998626708984,332,0.0,0.0,0.0
2024-08-13 14:15:00-04:00,48.31999969482422,48.33689880371094,48.31999969482422,48.33689880371094,569,0.0,0.0,0.0
2024-08-13 14:20:00-04:00,48.327999114990234,48.327999114990234,48.327999114990234,48.327999114990234,380,0.0,0.0,0.0
2024-08-13 14:30:00-04:00,48.29999923706055,48.314998626708984,48.29999923706055,48.314998626708984,349,0.0,0.0,0.0
2024-08-13 14:35:00-04:00,48.314998626708984,48.314998626708984,48.292198181152344,48.292198181152344,4210,0.0,0.0,0.0
2024-08-13 14:45:00-04:00,48.310001373291016,48.310001373291016,48.310001373291016,48.310001373291016,539,0.0,0.0,0.0
2024-08-13 15:10:00-04:00,48.314998626708984,48.314998626708984,48.314998626708984,48.314998626708984,105,0.0,0.0,0.0
2024-08-13 15:15:00-04:00,48.29010009765625,48.29010009765625,48.29010009765625,48.29010009765625,2072,0.0,0.0,0.0
2024-08-13 15:25:00-04:00,48.29010009765625,48.29010009765625,48.29010009765625,48.29010009765625,1229,0.0,0.0,0.0
2024-08-13 15:30:00-04:00,48.310001373291016,48.310001373291016,48.310001373291016,48.310001373291016,6403,0.0,0.0,0.0
2024-08-13 15:35:00-04:00,48.29330062866211,48.329898834228516,48.290000915527344,48.29010009765625,2521,0.0,0.0,0.0
2024-08-13 15:40:00-04:00,48.310001373291016,48.310001373291016,48.310001373291016,48.310001373291016,102,0.0,0.0,0.0
2024-08-13 15:45:00-04:00,48.31990051269531,48.31990051269531,48.310001373291016,48.310001373291016,4213,0.0,0.0,0.0
2024-08-13 15:55:00-04:00,48.31999969482422,48.31999969482422,48.290000915527344,48.290000915527344,0,0.0,0.0,0.0
2024-08-14 09:35:00-04:00,48.31399917602539,48.31399917602539,48.31399917602539,48.31399917602539,100,0.0,0.0,0.0
2024-08-14 09:40:00-04:00,48.34000015258789,48.34000015258789,48.34000015258789,48.34000015258789,689,0.0,0.0,0.0
2024-08-14 09:45:00-04:00,48.34000015258789,48.3650016784668,48.34000015258789,48.36000061035156,541,0.0,0.0,0.0
2024-08-14 09:55:00-04:00,48.334999084472656,48.334999084472656,48.334999084472656,48.334999084472656,4213,0.0,0.0,0.0
2024-08-14 10:10:00-04:00,48.345001220703125,48.345001220703125,48.345001220703125,48.345001220703125,167,0.0,0.0,0.0
2024-08-14 10:20:00-04:00,48.345001220703125,48.345001220703125,48.345001220703125,48.345001220703125,288,0.0,0.0,0.0
2024-08-14 10:25:00-04:00,48.33000183105469,48.33000183105469,48.33000183105469,48.33000183105469,100,0.0,0.0,0.0
2024-08-14 10:30:00-04:00,48.36880111694336,48.36880111694336,48.36880111694336,48.36880111694336,1962,0.0,0.0,0.0
2024-08-14 10:45:00-04:00,48.36909866333008,48.36909866333008,48.36909866333008,48.36909866333008,375,0.0,0.0,0.0
2024-08-14 11:55:00-04:00,48.362998962402344,48.362998962402344,48.362998962402344,48.362998962402344,155,0.0,0.0,0.0
2024-08-14 12:00:00-04:00,48.330101013183594,48.330101013183594,48.330101013183594,48.330101013183594,550,0.0,0.0,0.0
2024-08-14 12:05:00-04:00,48.361900329589844,48.361900329589844,48.361900329589844,48.361900329589844,1090,0.0,0.0,0.0
2024-08-14 12:25:00-04:00,48.3651008605957,48.3651008605957,48.3651008605957,48.3651008605957,1050,0.0,0.0,0.0
2024-08-14 12:30:00-04:00,48.33570098876953,48.349998474121094,48.33570098876953,48.349998474121094,604,0.0,0.0,0.0
2024-08-14 12:45:00-04:00,48.369998931884766,48.369998931884766,48.35900115966797,48.369998931884766,2030,0.0,0.0,0.0
2024-08-14 12:55:00-04:00,48.349998474121094,48.349998474121094,48.349998474121094,48.349998474121094,260,0.0,0.0,0.0
2024-08-14 13:25:00-04:00,48.36000061035156,48.36000061035156,48.36000061035156,48.36000061035156,800,0.0,0.0,0.0
2024-08-14 13:30:00-04:00,48.359100341796875,48.359100341796875,48.359100341796875,48.359100341796875,1422,0.0,0.0,0.0
2024-08-14 13:45:00-04:00,48.36869812011719,48.36869812011719,48.36869812011719,48.36869812011719,169,0.0,0.0,0.0
2024-08-14 13:50:00-04:00,48.36869812011719,48.36869812011719,48.36000061035156,48.36000061035156,200,0.0,0.0,0.0
2024-08-14 14:20:00-04:00,48.35499954223633,48.35499954223633,48.35499954223633,48.35499954223633,888,0.0,0.0,0.0
2024-08-14 14:55:00-04:00,48.35499954223633,48.36000061035156,48.35499954223633,48.36000061035156,2068,0.0,0.0,0.0
2024-08-14 15:05:00-04:00,48.36000061035156,48.36000061035156,48.36000061035156,48.36000061035156,500,0.0,0.0,0.0
2024-08-14 15:10:00-04:00,48.36000061035156,48.36000061035156,48.34000015258789,48.34000015258789,14059,0.0,0.0,0.0
2024-08-14 15:15:00-04:00,48.349998474121094,48.36000061035156,48.349998474121094,48.36000061035156,497,0.0,0.0,0.0
2024-08-14 15:20:00-04:00,48.349998474121094,48.349998474121094,48.349998474121094,48.349998474121094,1645,0.0,0.0,0.0
2024-08-14 15:25:00-04:00,48.369998931884766,48.369998931884766,48.369998931884766,48.369998931884766,1308,0.0,0.0,0.0
2024-08-14 15:30:00-04:00,48.349998474121094,48.349998474121094,48.349998474121094,48.349998474121094,216,0.0,0.0,0.0
2024-08-14 15:45:00-04:00,48.36000061035156,48.380001068115234,48.36000061035156,48.380001068115234,1708,0.0,0.0,0.0
2024-08-14 15:55:00-04:00,48.31999969482422,48.33000183105469,48.31999969482422,48.31999969482422,334,0.0,0.0,0.0
2024-08-15 09:35:00-04:00,48.279998779296875,48.279998779296875,48.26620101928711,48.26620101928711,0,0.0,0.0,0.0
2024-08-15 09:40:00-04:00,48.27000045776367,48.27000045776367,48.27000045776367,48.27000045776367,400,0.0,0.0,0.0
2024-08-15 09:45:00-04:00,48.27000045776367,48.27000045776367,48.27000045776367,48.27000045776367,200,0.0,0.0,0.0
2024-08-15 09:55:00-04:00,48.27750015258789,48.27750015258789,48.27750015258789,48.27750015258789,149,0.0,0.0,0.0
2024-08-15 10:00:00-04:00,48.27000045776367,48.27989959716797,48.26060104370117,48.27000045776367,5460,0.0,0.0,0.0
2024-08-15 10:05:00-04:00,48.279998779296875,48.279998779296875,48.279998779296875,48.279998779296875,343,0.0,0.0,0.0
2024-08-15 10:20:00-04:00,48.29999923706055,48.309898376464844,48.29999923706055,48.309898376464844,3021,0.0,0.0,0.0
2024-08-15 10:30:00-04:00,48.26139831542969,48.29999923706055,48.26139831542969,48.29999923706055,2108,0.0,0.0,0.0
2024-08-15 10:50:00-04:00,48.29990005493164,48.29990005493164,48.29990005493164,48.29990005493164,2070,0.0,0.0,0.0
2024-08-15 11:00:00-04:00,48.28990173339844,48.28990173339844,48.28990173339844,48.28990173339844,204,0.0,0.0,0.0
2024-08-15 11:10:00-04:00,48.279998779296875,48.279998779296875,48.27899932861328,48.279998779296875,1039,0.0,0.0,0.0
2024-08-15 11:15:00-04:00,48.27000045776367,48.27000045776367,48.27000045776367,48.27000045776367,125,0.0,0.0,0.0
2024-08-15 11:20:00-04:00,48.27939987182617,48.27939987182617,48.27939987182617,48.27939987182617,825,0.0,0.0,0.0
2024-08-15 11:25:00-04:00,48.27000045776367,48.27000045776367,48.27000045776367,48.27000045776367,165,0.0,0.0,0.0
2024-08-15 11:30:00-04:00,48.27000045776367,48.27000045776367,48.27000045776367,48.27000045776367,2988,0.0,0.0,0.0
2024-08-15 11:40:00-04:00,48.27000045776367,48.27000045776367,48.27000045776367,48.27000045776367,3886,0.0,0.0,0.0
2024-08-15 11:45:00-04:00,48.260101318359375,48.260101318359375,48.2599983215332,48.2599983215332,1862,0.0,0.0,0.0
2024-08-15 11:50:00-04:00,48.2599983215332,48.2599983215332,48.2599983215332,48.2599983215332,559,0.0,0.0,0.0
2024-08-15 12:20:00-04:00,48.27000045776367,48.27000045776367,48.27000045776367,48.27000045776367,849,0.0,0.0,0.0
2024-08-15 12:35:00-04:00,48.27989959716797,48.27989959716797,48.27989959716797,48.27989959716797,302,0.0,0.0,0.0
2024-08-15 12:45:00-04:00,48.27000045776367,48.27000045776367,48.27000045776367,48.27000045776367,5316,0.0,0.0,0.0
2024-08-15 12:50:00-04:00,48.272701263427734,48.272701263427734,48.272701263427734,48.272701263427734,993,0.0,0.0,0.0
2024-08-15 12:55:00-04:00,48.27000045776367,48.27000045776367,48.27000045776367,48.27000045776367,276,0.0,0.0,0.0
2024-08-15 13:10:00-04:00,48.28630065917969,48.28630065917969,48.28630065917969,48.28630065917969,166,0.0,0.0,0.0
2024-08-15 13:15:00-04:00,48.28990173339844,48.28990173339844,48.28990173339844,48.28990173339844,191,0.0,0.0,0.0
2024-08-15 13:20:00-04:00,48.260101318359375,48.275001525878906,48.260101318359375,48.275001525878906,3437,0.0,0.0,0.0
2024-08-15 13:30:00-04:00,48.275001525878906,48.275001525878906,48.275001525878906,48.275001525878906,385,0.0,0.0,0.0
2024-08-15 13:35:00-04:00,48.27899932861328,48.27899932861328,48.27899932861328,48.27899932861328,301,0.0,0.0,0.0
2024-08-15 13:40:00-04:00,48.27000045776367,48.27000045776367,48.2599983215332,48.2599983215332,527,0.0,0.0,0.0
2024-08-15 13:45:00-04:00,48.27000045776367,48.27000045776367,48.27000045776367,48.27000045776367,132,0.0,0.0,0.0
2024-08-15 14:00:00-04:00,48.27199935913086,48.27199935913086,48.27199935913086,48.27199935913086,357,0.0,0.0,0.0
2024-08-15 14:10:00-04:00,48.27000045776367,48.27000045776367,48.260101318359375,48.260101318359375,4169,0.0,0.0,0.0
2024-08-15 14:20:00-04:00,48.27000045776367,48.27000045776367,48.27000045776367,48.27000045776367,202,0.0,0.0,0.0
2024-08-15 14:30:00-04:00,48.27000045776367,48.27000045776367,48.27000045776367,48.27000045776367,557,0.0,0.0,0.0
2024-08-15 14:35:00-04:00,48.27000045776367,48.27000045776367,48.27000045776367,48.27000045776367,1745,0.0,0.0,0.0
2024-08-15 14:45:00-04:00,48.27000045776367,48.27000045776367,48.27000045776367,48.27000045776367,900,0.0,0.0,0.0
2024-08-15 14:50:00-04:00,48.2599983215332,48.27939987182617,48.2599983215332,48.279300689697266,1955,0.0,0.0,0.0
2024-08-15 14:55:00-04:00,48.279998779296875,48.279998779296875,48.27000045776367,48.27000045776367,654,0.0,0.0,0.0
2024-08-15 15:05:00-04:00,48.279998779296875,48.279998779296875,48.279998779296875,48.279998779296875,3019,0.0,0.0,0.0
2024-08-15 15:10:00-04:00,48.279998779296875,48.279998779296875,48.279998779296875,48.279998779296875,732,0.0,0.0,0.0
2024-08-15 15:25:00-04:00,48.2599983215332,48.279998779296875,48.2599983215332,48.279998779296875,639,0.0,0.0,0.0
2024-08-15 15:35:00-04:00,48.292999267578125,48.292999267578125,48.292999267578125,48.292999267578125,192,0.0,0.0,0.0
2024-08-15 15:45:00-04:00,48.298301696777344,48.298301696777344,48.298301696777344,48.298301696777344,200,0.0,0.0,0.0
2024-08-15 15:50:00-04:00,48.285499572753906,48.285499572753906,48.28499984741211,48.28499984741211,1152,0.0,0.0,0.0
2024-08-15 15:55:00-04:00,48.28499984741211,48.29180145263672,48.27000045776367,48.27000045776367,0,0.0,0.0,0.0
2024-08-16 09:30:00-04:00,48.27000045776367,48.27000045776367,48.27000045776367,48.27000045776367,8006,0.0,0.0,0.0
2024-08-16 09:35:00-04:00,48.25,48.32500076293945,48.25,48.32500076293945,524,0.0,0.0,0.0
2024-08-16 09:40:00-04:00,48.31990051269531,48.31990051269531,48.31990051269531,48.31990051269531,168,0.0,0.0,0.0
2024-08-16 09:55:00-04:00,48.290000915527344,48.290000915527344,48.290000915527344,48.290000915527344,1052,0.0,0.0,0.0
2024-08-16 10:05:00-04:00,48.28499984741211,48.28499984741211,48.28499984741211,48.28499984741211,876,0.0,0.0,0.0
2024-08-16 10:10:00-04:00,48.295101165771484,48.295101165771484,48.295101165771484,48.295101165771484,246,0.0,0.0,0.0
2024-08-16 10:25:00-04:00,48.288700103759766,48.289798736572266,48.288700103759766,48.289798736572266,1347,0.0,0.0,0.0
2024-08-16 10:30:00-04:00,48.28960037231445,48.28960037231445,48.275001525878906,48.28950119018555,3917,0.0,0.0,0.0
2024-08-16 10:40:00-04:00,48.2599983215332,48.2599983215332,48.2599983215332,48.2599983215332,253,0.0,0.0,0.0
2024-08-16 10:45:00-04:00,48.28499984741211,48.28499984741211,48.28499984741211,48.28499984741211,136,0.0,0.0,0.0
2024-08-16 11:05:00-04:00,48.28499984741211,48.28499984741211,48.28499984741211,48.28499984741211,165,0.0,0.0,0.0
2024-08-16 11:10:00-04:00,48.2661018371582,48.2661018371582,48.2661018371582,48.2661018371582,169,0.0,0.0,0.0
2024-08-16 11:15:00-04:00,48.27880096435547,48.27880096435547,48.27880096435547,48.27880096435547,151,0.0,0.0,0.0
2024-08-16 11:30:00-04:00,48.279998779296875,48.279998779296875,48.260101318359375,48.260101318359375,3256,0.0,0.0,0.0
2024-08-16 11:40:00-04:00,48.29869842529297,48.29869842529297,48.29869842529297,48.29869842529297,722,0.0,0.0,0.0
2024-08-16 12:15:00-04:00,48.318599700927734,48.318599700927734,48.318599700927734,48.318599700927734,2197,0.0,0.0,0.0
2024-08-16 12:20:00-04:00,48.290000915527344,48.290000915527344,48.27000045776367,48.281898498535156,931,0.0,0.0,0.0
2024-08-16 12:25:00-04:00,48.2599983215332,48.2599983215332,48.2599983215332,48.2599983215332,332,0.0,0.0,0.0
2024-08-16 12:40:00-04:00,48.31990051269531,48.31990051269531,48.26639938354492,48.279998779296875,5995,0.0,0.0,0.0
2024-08-16 13:00:00-04:00,48.29499816894531,48.29499816894531,48.29499816894531,48.29499816894531,261,0.0,0.0,0.0
2024-08-16 13:10:00-04:00,48.309898376464844,48.309898376464844,48.29499816894531,48.29499816894531,1290,0.0,0.0,0.0
2024-08-16 13:30:00-04:00,48.31959915161133,48.31959915161133,48.31959915161133,48.31959915161133,2550,0.0,0.0,0.0
2024-08-16 13:35:00-04:00,48.29999923706055,48.29999923706055,48.29999923706055,48.29999923706055,1256,0.0,0.0,0.0
2024-08-16 13:55:00-04:00,48.29999923706055,48.29999923706055,48.29999923706055,48.29999923706055,125,0.0,0.0,0.0
2024-08-16 14:00:00-04:00,48.31930160522461,48.31930160522461,48.31930160522461,48.31930160522461,3604,0.0,0.0,0.0
2024-08-16 14:05:00-04:00,48.31990051269531,48.31990051269531,48.31990051269531,48.31990051269531,113,0.0,0.0,0.0
2024-08-16 14:10:00-04:00,48.31869888305664,48.31930160522461,48.31869888305664,48.31930160522461,4517,0.0,0.0,0.0
2024-08-16 14:25:00-04:00,48.28010177612305,48.28010177612305,48.28010177612305,48.28010177612305,608,0.0,0.0,0.0
2024-08-16 14:30:00-04:00,48.29999923706055,48.29999923706055,48.29999923706055,48.29999923706055,3995,0.0,0.0,0.0
2024-08-16 14:40:00-04:00,48.29999923706055,48.29999923706055,48.29999923706055,48.29999923706055,413,0.0,0.0,0.0
2024-08-16 14:45:00-04:00,48.29999923706055,48.29999923706055,48.29999923706055,48.29999923706055,177,0.0,0.0,0.0
2024-08-16 14:50:00-04:00,48.30500030517578,48.30500030517578,48.30500030517578,48.30500030517578,882,0.0,0.0,0.0
2024-08-16 14:55:00-04:00,48.31990051269531,48.31990051269531,48.29010009765625,48.29010009765625,1252,0.0,0.0,0.0
2024-08-16 15:00:00-04:00,48.301998138427734,48.310001373291016,48.301998138427734,48.310001373291016,827,0.0,0.0,0.0
2024-08-16 15:05:00-04:00,48.310001373291016,48.319000244140625,48.310001373291016,48.310001373291016,1086,0.0,0.0,0.0
2024-08-16 15:10:00-04:00,48.310001373291016,48.310001373291016,48.310001373291016,48.310001373291016,223,0.0,0.0,0.0
2024-08-16 15:15:00-04:00,48.310001373291016,48.31999969482422,48.310001373291016,48.319698333740234,1493,0.0,0.0,0.0
2024-08-16 15:20:00-04:00,48.31990051269531,48.31990051269531,48.31990051269531,48.31990051269531,1623,0.0,0.0,0.0
2024-08-16 15:25:00-04:00,48.31999969482422,48.31999969482422,48.310001373291016,48.31890106201172,3147,0.0,0.0,0.0
2024-08-16 15:30:00-04:00,48.31850051879883,48.31850051879883,48.310001373291016,48.310001373291016,1312,0.0,0.0,0.0
2024-08-16 15:35:00-04:00,48.310001373291016,48.31999969482422,48.310001373291016,48.31999969482422,3634,0.0,0.0,0.0
2024-08-16 15:50:00-04:00,48.29499816894531,48.29499816894531,48.29499816894531,48.29499816894531,202,0.0,0.0,0.0
2024-08-16 15:55:00-04:00,48.310001373291016,48.310001373291016,48.290000915527344,48.290000915527344,336,0.0,0.0,0.0
