Datetime,Open,High,Low,Close,Volume,Dividends,Stock Splits,Capital Gains
2024-07-17 09:30:00-04:00,31.15999984741211,31.15999984741211,31.149999618530273,31.149999618530273,0,0.0,0.0,0.0
2024-07-17 09:40:00-04:00,31.079999923706055,31.079999923706055,31.079999923706055,31.079999923706055,331,0.0,0.0,0.0
2024-07-17 10:00:00-04:00,31.139999389648438,31.139999389648438,31.139999389648438,31.139999389648438,0,0.0,0.0,0.0
2024-07-17 10:55:00-04:00,31.05500030517578,31.05500030517578,31.05500030517578,31.05500030517578,2893,0.0,0.0,0.0
2024-07-17 11:35:00-04:00,31.045000076293945,31.045000076293945,31.020099639892578,31.020099639892578,1287,0.0,0.0,0.0
2024-07-17 13:45:00-04:00,30.96190071105957,30.96190071105957,30.96190071105957,30.96190071105957,1060,0.0,0.0,0.0
2024-07-17 14:35:00-04:00,30.996000289916992,30.996000289916992,30.996000289916992,30.996000289916992,171,0.0,0.0,0.0
2024-07-17 14:40:00-04:00,30.98189926147461,30.98189926147461,30.98189926147461,30.98189926147461,426,0.0,0.0,0.0
2024-07-17 15:45:00-04:00,30.90999984741211,30.9606990814209,30.90999984741211,30.9606990814209,164,0.0,0.0,0.0
2024-07-18 09:30:00-04:00,31.100000381469727,31.100000381469727,31.100000381469727,31.100000381469727,0,0.0,0.0,0.0
2024-07-18 10:55:00-04:00,30.969999313354492,30.969999313354492,30.969999313354492,30.969999313354492,246,0.0,0.0,0.0
2024-07-18 11:10:00-04:00,30.8700008392334,30.8700008392334,30.86989974975586,30.86989974975586,824,0.0,0.0,0.0
2024-07-18 12:05:00-04:00,30.700000762939453,30.719999313354492,30.700000762939453,30.719999313354492,222,0.0,0.0,0.0
2024-07-18 12:10:00-04:00,30.809999465942383,30.809999465942383,30.809900283813477,30.809900283813477,920,0.0,0.0,0.0
2024-07-18 12:35:00-04:00,30.770000457763672,30.770000457763672,30.770000457763672,30.770000457763672,288,0.0,0.0,0.0
2024-07-18 12:40:00-04:00,30.790000915527344,30.790000915527344,30.790000915527344,30.790000915527344,221,0.0,0.0,0.0
2024-07-18 13:05:00-04:00,30.730100631713867,30.730100631713867,30.730100631713867,30.730100631713867,272,0.0,0.0,0.0
2024-07-18 13:15:00-04:00,30.849199295043945,30.849199295043945,30.849199295043945,30.849199295043945,938,0.0,0.0,0.0
2024-07-18 13:25:00-04:00,30.8700008392334,30.8700008392334,30.86989974975586,30.86989974975586,579,0.0,0.0,0.0
2024-07-18 13:50:00-04:00,30.838899612426758,30.838899612426758,30.838899612426758,30.838899612426758,451,0.0,0.0,0.0
2024-07-18 14:50:00-04:00,30.735000610351562,30.735000610351562,30.735000610351562,30.735000610351562,222,0.0,0.0,0.0
2024-07-18 15:10:00-04:00,30.719999313354492,30.719999313354492,30.719999313354492,30.719999313354492,295,0.0,0.0,0.0
2024-07-18 15:30:00-04:00,30.709999084472656,30.709999084472656,30.709999084472656,30.709999084472656,184,0.0,0.0,0.0
2024-07-19 09:30:00-04:00,30.540000915527344,30.540000915527344,30.540000915527344,30.540000915527344,0,0.0,0.0,0.0
2024-07-19 10:50:00-04:00,30.440000534057617,30.440000534057617,30.440000534057617,30.440000534057617,120,0.0,0.0,0.0
2024-07-19 11:40:00-04:00,30.390100479125977,30.390100479125977,30.390100479125977,30.390100479125977,305,0.0,0.0,0.0
2024-07-19 12:20:00-04:00,30.48270034790039,30.48270034790039,30.48270034790039,30.48270034790039,200,0.0,0.0,0.0
2024-07-19 12:30:00-04:00,30.469999313354492,30.479799270629883,30.434999465942383,30.479799270629883,1102,0.0,0.0,0.0
2024-07-19 12:35:00-04:00,30.489999771118164,30.489999771118164,30.3700008392334,30.3700008392334,1561,0.0,0.0,0.0
2024-07-19 12:40:00-04:00,30.485300064086914,30.485300064086914,30.479999542236328,30.479999542236328,1396,0.0,0.0,0.0
2024-07-19 12:45:00-04:00,30.489900588989258,30.489900588989258,30.479999542236328,30.479999542236328,1784,0.0,0.0,0.0
2024-07-19 12:50:00-04:00,30.479700088500977,30.489999771118164,30.46500015258789,30.489999771118164,905,0.0,0.0,0.0
2024-07-19 12:55:00-04:00,30.489999771118164,30.489999771118164,30.489999771118164,30.489999771118164,347,0.0,0.0,0.0
2024-07-19 13:00:00-04:00,30.5049991607666,30.518999099731445,30.49410057067871,30.49410057067871,1257,0.0,0.0,0.0
2024-07-19 13:05:00-04:00,30.489999771118164,30.510000228881836,30.479999542236328,30.510000228881836,2380,0.0,0.0,0.0
2024-07-19 13:10:00-04:00,30.479999542236328,30.479999542236328,30.454999923706055,30.454999923706055,1667,0.0,0.0,0.0
2024-07-19 13:15:00-04:00,30.459999084472656,30.469999313354492,30.459999084472656,30.459999084472656,2875,0.0,0.0,0.0
2024-07-19 13:20:00-04:00,30.450000762939453,30.450000762939453,30.40719985961914,30.40719985961914,1258,0.0,0.0,0.0
2024-07-19 13:25:00-04:00,30.440000534057617,30.4689998626709,30.440000534057617,30.446199417114258,1665,0.0,0.0,0.0
2024-07-19 13:30:00-04:00,30.450000762939453,30.450000762939453,30.440000534057617,30.440000534057617,668,0.0,0.0,0.0
2024-07-19 13:35:00-04:00,30.459999084472656,30.47599983215332,30.44099998474121,30.47599983215332,3891,0.0,0.0,0.0
2024-07-19 13:40:00-04:00,30.459999084472656,30.459999084472656,30.44099998474121,30.44099998474121,1435,0.0,0.0,0.0
2024-07-19 14:05:00-04:00,30.450000762939453,30.450000762939453,30.450000762939453,30.450000762939453,300,0.0,0.0,0.0
2024-07-19 14:10:00-04:00,30.44499969482422,30.464399337768555,30.44499969482422,30.464399337768555,631,0.0,0.0,0.0
2024-07-19 14:15:00-04:00,30.479999542236328,30.479999542236328,30.469900131225586,30.469900131225586,877,0.0,0.0,0.0
2024-07-19 14:20:00-04:00,30.469999313354492,30.480100631713867,30.469999313354492,30.480100631713867,10321,0.0,0.0,0.0
2024-07-19 14:25:00-04:00,30.489999771118164,30.518999099731445,30.489999771118164,30.518999099731445,7380,0.0,0.0,0.0
2024-07-19 14:30:00-04:00,30.469999313354492,30.519899368286133,30.469999313354492,30.519899368286133,691,0.0,0.0,0.0
2024-07-19 14:35:00-04:00,30.469999313354492,30.469999313354492,30.469999313354492,30.469999313354492,220,0.0,0.0,0.0
2024-07-19 14:45:00-04:00,30.450000762939453,30.450000762939453,30.434999465942383,30.434999465942383,909,0.0,0.0,0.0
2024-07-19 14:50:00-04:00,30.45989990234375,30.45989990234375,30.45989990234375,30.45989990234375,328,0.0,0.0,0.0
2024-07-19 14:55:00-04:00,30.459999084472656,30.459999084472656,30.45989990234375,30.45989990234375,680,0.0,0.0,0.0
2024-07-19 15:05:00-04:00,30.459999084472656,30.5,30.459999084472656,30.5,548,0.0,0.0,0.0
2024-07-19 15:10:00-04:00,30.489999771118164,30.489999771118164,30.489999771118164,30.489999771118164,410,0.0,0.0,0.0
2024-07-19 15:20:00-04:00,30.459999084472656,30.459999084472656,30.459999084472656,30.459999084472656,519,0.0,0.0,0.0
2024-07-19 15:30:00-04:00,30.489999771118164,30.489999771118164,30.479400634765625,30.479400634765625,3899,0.0,0.0,0.0
2024-07-19 15:35:00-04:00,30.45989990234375,30.45989990234375,30.449499130249023,30.450000762939453,586,0.0,0.0,0.0
2024-07-19 15:40:00-04:00,30.459999084472656,30.459999084472656,30.440000534057617,30.44300079345703,3396,0.0,0.0,0.0
2024-07-19 15:45:00-04:00,30.459999084472656,30.459999084472656,30.440000534057617,30.440000534057617,1462,0.0,0.0,0.0
2024-07-19 15:55:00-04:00,30.44499969482422,30.44499969482422,30.44499969482422,30.44499969482422,497,0.0,0.0,0.0
2024-07-22 09:30:00-04:00,30.579999923706055,30.579999923706055,30.499900817871094,30.499900817871094,0,0.0,0.0,0.0
2024-07-22 09:35:00-04:00,30.475000381469727,30.569900512695312,30.475000381469727,30.569900512695312,937,0.0,0.0,0.0
2024-07-22 09:45:00-04:00,30.549999237060547,30.549999237060547,30.54990005493164,30.54990005493164,200,0.0,0.0,0.0
2024-07-22 09:50:00-04:00,30.530000686645508,30.54990005493164,30.530000686645508,30.539899826049805,900,0.0,0.0,0.0
2024-07-22 10:05:00-04:00,30.459999084472656,30.459999084472656,30.459999084472656,30.459999084472656,1890,0.0,0.0,0.0
2024-07-22 10:10:00-04:00,30.450000762939453,30.450000762939453,30.4424991607666,30.4424991607666,1580,0.0,0.0,0.0
2024-07-22 10:15:00-04:00,30.479000091552734,30.479999542236328,30.45989990234375,30.45989990234375,1093,0.0,0.0,0.0
2024-07-22 10:20:00-04:00,30.479400634765625,30.479400634765625,30.479400634765625,30.479400634765625,323,0.0,0.0,0.0
2024-07-22 10:25:00-04:00,30.465299606323242,30.465299606323242,30.465299606323242,30.465299606323242,638,0.0,0.0,0.0
2024-07-22 10:40:00-04:00,30.549999237060547,30.559999465942383,30.549999237060547,30.559999465942383,708,0.0,0.0,0.0
2024-07-22 10:45:00-04:00,30.539899826049805,30.539899826049805,30.539899826049805,30.539899826049805,2243,0.0,0.0,0.0
2024-07-22 11:20:00-04:00,30.459999084472656,30.460100173950195,30.459999084472656,30.459999084472656,699,0.0,0.0,0.0
2024-07-22 11:25:00-04:00,30.469999313354492,30.469999313354492,30.469999313354492,30.469999313354492,533,0.0,0.0,0.0
2024-07-22 11:30:00-04:00,30.475000381469727,30.479999542236328,30.470500946044922,30.470500946044922,3679,0.0,0.0,0.0
2024-07-22 11:35:00-04:00,30.479999542236328,30.489999771118164,30.469999313354492,30.47570037841797,10759,0.0,0.0,0.0
2024-07-22 11:40:00-04:00,30.489999771118164,30.510000228881836,30.489999771118164,30.5093994140625,6202,0.0,0.0,0.0
2024-07-22 11:45:00-04:00,30.509700775146484,30.510000228881836,30.5,30.510000228881836,1345,0.0,0.0,0.0
2024-07-22 11:50:00-04:00,30.479999542236328,30.569599151611328,30.479999542236328,30.569599151611328,737,0.0,0.0,0.0
2024-07-22 11:55:00-04:00,30.53070068359375,30.559999465942383,30.528400421142578,30.528400421142578,2013,0.0,0.0,0.0
2024-07-22 12:00:00-04:00,30.520000457763672,30.690000534057617,30.520000457763672,30.690000534057617,72100,0.0,0.0,0.0
2024-07-22 12:05:00-04:00,30.519100189208984,30.549999237060547,30.519100189208984,30.548999786376953,1570,0.0,0.0,0.0
2024-07-22 12:10:00-04:00,30.549999237060547,30.549999237060547,30.5310001373291,30.5310001373291,534,0.0,0.0,0.0
2024-07-22 12:15:00-04:00,30.530000686645508,30.549999237060547,30.530000686645508,30.549999237060547,658,0.0,0.0,0.0
2024-07-22 12:25:00-04:00,30.549999237060547,30.549999237060547,30.549999237060547,30.549999237060547,134,0.0,0.0,0.0
2024-07-22 12:30:00-04:00,30.540000915527344,30.540000915527344,30.539100646972656,30.539100646972656,709,0.0,0.0,0.0
2024-07-22 12:35:00-04:00,30.540000915527344,30.540000915527344,30.540000915527344,30.540000915527344,180,0.0,0.0,0.0
2024-07-22 12:40:00-04:00,30.540000915527344,30.589000701904297,30.540000915527344,30.589000701904297,432,0.0,0.0,0.0
2024-07-22 12:45:00-04:00,30.59000015258789,30.59000015258789,30.58989906311035,30.58989906311035,3817,0.0,0.0,0.0
2024-07-22 13:10:00-04:00,30.610000610351562,30.610000610351562,30.610000610351562,30.610000610351562,200,0.0,0.0,0.0
2024-07-22 13:15:00-04:00,30.600000381469727,30.610000610351562,30.600000381469727,30.610000610351562,523,0.0,0.0,0.0
2024-07-22 13:25:00-04:00,30.618999481201172,30.618999481201172,30.618999481201172,30.618999481201172,245,0.0,0.0,0.0
2024-07-22 13:30:00-04:00,30.6200008392334,30.6200008392334,30.6200008392334,30.6200008392334,115,0.0,0.0,0.0
2024-07-22 13:35:00-04:00,30.577999114990234,30.577999114990234,30.577999114990234,30.577999114990234,232,0.0,0.0,0.0
2024-07-22 13:40:00-04:00,30.610000610351562,30.610000610351562,30.610000610351562,30.610000610351562,200,0.0,0.0,0.0
2024-07-22 13:45:00-04:00,30.610000610351562,30.6299991607666,30.610000610351562,30.6299991607666,2266,0.0,0.0,0.0
2024-07-22 13:50:00-04:00,30.6299991607666,30.65999984741211,30.579999923706055,30.6299991607666,800,0.0,0.0,0.0
2024-07-22 13:55:00-04:00,30.6299991607666,30.6299991607666,30.6200008392334,30.6200008392334,600,0.0,0.0,0.0
2024-07-22 14:00:00-04:00,30.6299991607666,30.6299991607666,30.579999923706055,30.579999923706055,1945,0.0,0.0,0.0
2024-07-22 14:05:00-04:00,30.610000610351562,30.614099502563477,30.579999923706055,30.59000015258789,1673,0.0,0.0,0.0
2024-07-22 14:10:00-04:00,30.600000381469727,30.6200008392334,30.579999923706055,30.600000381469727,1498,0.0,0.0,0.0
2024-07-22 14:20:00-04:00,30.59000015258789,30.610000610351562,30.59000015258789,30.610000610351562,345,0.0,0.0,0.0
2024-07-22 14:25:00-04:00,30.610000610351562,30.610000610351562,30.610000610351562,30.610000610351562,1454,0.0,0.0,0.0
2024-07-22 14:40:00-04:00,30.6299991607666,30.6299991607666,30.6299991607666,30.6299991607666,100,0.0,0.0,0.0
2024-07-22 14:45:00-04:00,30.619199752807617,30.619199752807617,30.619199752807617,30.619199752807617,461,0.0,0.0,0.0
2024-07-22 14:50:00-04:00,30.639999389648438,30.639999389648438,30.639999389648438,30.639999389648438,301,0.0,0.0,0.0
2024-07-22 14:55:00-04:00,30.59000015258789,30.59000015258789,30.59000015258789,30.59000015258789,754,0.0,0.0,0.0
2024-07-22 15:00:00-04:00,30.584999084472656,30.584999084472656,30.584999084472656,30.584999084472656,2395,0.0,0.0,0.0
2024-07-22 15:05:00-04:00,30.604999542236328,30.6200008392334,30.597400665283203,30.597400665283203,1051,0.0,0.0,0.0
2024-07-22 15:10:00-04:00,30.614999771118164,30.614999771118164,30.614999771118164,30.614999771118164,342,0.0,0.0,0.0
2024-07-22 15:25:00-04:00,30.610000610351562,30.610000610351562,30.610000610351562,30.610000610351562,235,0.0,0.0,0.0
2024-07-22 15:30:00-04:00,30.600099563598633,30.6200008392334,30.600099563598633,30.610000610351562,18095,0.0,0.0,0.0
2024-07-22 15:35:00-04:00,30.6200008392334,30.6299991607666,30.61989974975586,30.629899978637695,973,0.0,0.0,0.0
2024-07-22 15:40:00-04:00,30.6299991607666,30.6299991607666,30.629899978637695,30.629899978637695,218,0.0,0.0,0.0
2024-07-22 15:45:00-04:00,30.6200008392334,30.6200008392334,30.604999542236328,30.604999542236328,0,0.0,0.0,0.0
2024-07-23 09:30:00-04:00,30.65999984741211,30.65999984741211,30.56999969482422,30.56999969482422,1721,0.0,0.0,0.0
2024-07-23 09:35:00-04:00,30.559999465942383,30.559999465942383,30.549999237060547,30.549999237060547,624,0.0,0.0,0.0
2024-07-23 09:50:00-04:00,30.5,30.5,30.5,30.5,238,0.0,0.0,0.0
2024-07-23 10:00:00-04:00,30.56100082397461,30.56100082397461,30.549999237060547,30.549999237060547,441,0.0,0.0,0.0
2024-07-23 10:15:00-04:00,30.530000686645508,30.530000686645508,30.530000686645508,30.530000686645508,301,0.0,0.0,0.0
2024-07-23 10:25:00-04:00,30.610000610351562,30.610000610351562,30.610000610351562,30.610000610351562,725,0.0,0.0,0.0
2024-07-23 10:40:00-04:00,30.610000610351562,30.610000610351562,30.581499099731445,30.581499099731445,251,0.0,0.0,0.0
2024-07-23 10:45:00-04:00,30.559999465942383,30.559999465942383,30.559999465942383,30.559999465942383,1108,0.0,0.0,0.0
2024-07-23 10:55:00-04:00,30.579999923706055,30.579999923706055,30.579999923706055,30.579999923706055,138,0.0,0.0,0.0
2024-07-23 11:00:00-04:00,30.600000381469727,30.600000381469727,30.595699310302734,30.595699310302734,1750,0.0,0.0,0.0
2024-07-23 11:05:00-04:00,30.549999237060547,30.56999969482422,30.549999237060547,30.56999969482422,1427,0.0,0.0,0.0
2024-07-23 11:15:00-04:00,30.579999923706055,30.629600524902344,30.579999923706055,30.629600524902344,512,0.0,0.0,0.0
2024-07-23 11:20:00-04:00,30.65999984741211,30.65999984741211,30.65999984741211,30.65999984741211,107,0.0,0.0,0.0
2024-07-23 11:45:00-04:00,30.610000610351562,30.610000610351562,30.610000610351562,30.610000610351562,600,0.0,0.0,0.0
2024-07-23 11:50:00-04:00,30.658000946044922,30.658000946044922,30.649700164794922,30.649700164794922,4623,0.0,0.0,0.0
2024-07-23 12:00:00-04:00,30.649999618530273,30.649999618530273,30.646099090576172,30.649999618530273,1605,0.0,0.0,0.0
2024-07-23 12:05:00-04:00,30.64900016784668,30.64900016784668,30.64900016784668,30.64900016784668,201,0.0,0.0,0.0
2024-07-23 12:20:00-04:00,30.639999389648438,30.639999389648438,30.639999389648438,30.639999389648438,182,0.0,0.0,0.0
2024-07-23 12:40:00-04:00,30.60890007019043,30.60890007019043,30.60890007019043,30.60890007019043,499,0.0,0.0,0.0
2024-07-23 13:15:00-04:00,30.6200008392334,30.6200008392334,30.579999923706055,30.6200008392334,959,0.0,0.0,0.0
2024-07-23 13:35:00-04:00,30.608999252319336,30.608999252319336,30.608999252319336,30.608999252319336,276,0.0,0.0,0.0
2024-07-23 13:50:00-04:00,30.610000610351562,30.6299991607666,30.57200050354004,30.57200050354004,1868,0.0,0.0,0.0
2024-07-23 13:55:00-04:00,30.59000015258789,30.59000015258789,30.59000015258789,30.59000015258789,652,0.0,0.0,0.0
2024-07-23 14:25:00-04:00,30.604999542236328,30.604999542236328,30.604999542236328,30.604999542236328,727,0.0,0.0,0.0
2024-07-23 15:05:00-04:00,30.604999542236328,30.604999542236328,30.604999542236328,30.604999542236328,166,0.0,0.0,0.0
2024-07-23 15:10:00-04:00,30.6200008392334,30.6200008392334,30.590099334716797,30.590099334716797,320,0.0,0.0,0.0
2024-07-23 15:15:00-04:00,30.61989974975586,30.61989974975586,30.61989974975586,30.61989974975586,357,0.0,0.0,0.0
2024-07-23 15:40:00-04:00,30.59000015258789,30.594999313354492,30.59000015258789,30.594999313354492,2857,0.0,0.0,0.0
2024-07-23 15:55:00-04:00,30.59000015258789,30.59000015258789,30.572099685668945,30.572099685668945,265,0.0,0.0,0.0
2024-07-24 09:30:00-04:00,30.450000762939453,30.450000762939453,30.450000762939453,30.450000762939453,1494,0.0,0.0,0.0
2024-07-24 09:35:00-04:00,30.29010009765625,30.29010009765625,30.29010009765625,30.29010009765625,311,0.0,0.0,0.0
2024-07-24 09:45:00-04:00,30.399999618530273,30.399999618530273,30.399999618530273,30.399999618530273,480,0.0,0.0,0.0
2024-07-24 09:55:00-04:00,30.360000610351562,30.3700008392334,30.360000610351562,30.3700008392334,487,0.0,0.0,0.0
2024-07-24 10:05:00-04:00,30.31719970703125,30.31719970703125,30.31719970703125,30.31719970703125,416,0.0,0.0,0.0
2024-07-24 10:10:00-04:00,30.295000076293945,30.295000076293945,30.295000076293945,30.295000076293945,260,0.0,0.0,0.0
2024-07-24 10:45:00-04:00,30.3700008392334,30.3700008392334,30.36989974975586,30.36989974975586,218,0.0,0.0,0.0
2024-07-24 10:55:00-04:00,30.317399978637695,30.317399978637695,30.317399978637695,30.317399978637695,551,0.0,0.0,0.0
2024-07-24 11:15:00-04:00,30.309099197387695,30.309099197387695,30.309099197387695,30.309099197387695,183,0.0,0.0,0.0
2024-07-24 11:20:00-04:00,30.290000915527344,30.290000915527344,30.271099090576172,30.280000686645508,422,0.0,0.0,0.0
2024-07-24 11:40:00-04:00,30.280000686645508,30.280000686645508,30.239999771118164,30.239999771118164,1008,0.0,0.0,0.0
2024-07-24 11:55:00-04:00,30.239999771118164,30.270000457763672,30.239999771118164,30.270000457763672,373,0.0,0.0,0.0
2024-07-24 12:00:00-04:00,30.26810073852539,30.26810073852539,30.26810073852539,30.26810073852539,457,0.0,0.0,0.0
2024-07-24 12:45:00-04:00,30.258699417114258,30.258699417114258,30.258699417114258,30.258699417114258,298,0.0,0.0,0.0
2024-07-24 13:00:00-04:00,30.231000900268555,30.231000900268555,30.231000900268555,30.231000900268555,173,0.0,0.0,0.0
2024-07-24 13:20:00-04:00,30.231700897216797,30.231700897216797,30.231700897216797,30.231700897216797,0,0.0,0.0,0.0
2024-07-24 13:25:00-04:00,30.25,30.25,30.170000076293945,30.204999923706055,13074,0.0,0.0,0.0
2024-07-24 14:00:00-04:00,30.219999313354492,30.219999313354492,30.219999313354492,30.219999313354492,303,0.0,0.0,0.0
2024-07-24 14:05:00-04:00,30.229299545288086,30.229299545288086,30.229299545288086,30.229299545288086,584,0.0,0.0,0.0
2024-07-24 14:10:00-04:00,30.219999313354492,30.229700088500977,30.219999313354492,30.229700088500977,16705,0.0,0.0,0.0
2024-07-24 14:25:00-04:00,30.1200008392334,30.1200008392334,30.1200008392334,30.1200008392334,753,0.0,0.0,0.0
2024-07-24 14:40:00-04:00,30.050100326538086,30.13990020751953,30.050100326538086,30.13990020751953,32,0.0,0.0,0.0
2024-07-24 15:00:00-04:00,30.1200008392334,30.1200008392334,30.11989974975586,30.11989974975586,599,0.0,0.0,0.0
2024-07-24 15:05:00-04:00,30.040000915527344,30.040000915527344,30.040000915527344,30.040000915527344,445,0.0,0.0,0.0
2024-07-24 15:20:00-04:00,30.079999923706055,30.079999923706055,30.049999237060547,30.049999237060547,3154,0.0,0.0,0.0
2024-07-24 15:35:00-04:00,30.110000610351562,30.110000610351562,30.110000610351562,30.110000610351562,1008,0.0,0.0,0.0
2024-07-24 15:40:00-04:00,30.1200008392334,30.1200008392334,30.1200008392334,30.1200008392334,1541,0.0,0.0,0.0
2024-07-24 15:45:00-04:00,30.138999938964844,30.138999938964844,30.138999938964844,30.138999938964844,945,0.0,0.0,0.0
2024-07-24 15:55:00-04:00,30.099000930786133,30.099000930786133,30.099000930786133,30.099000930786133,285,0.0,0.0,0.0
2024-07-25 09:30:00-04:00,30.0,30.000099182128906,30.0,30.0,865,0.0,0.0,0.0
2024-07-25 09:40:00-04:00,29.915000915527344,29.915000915527344,29.915000915527344,29.915000915527344,120,0.0,0.0,0.0
2024-07-25 09:45:00-04:00,29.93000030517578,29.93000030517578,29.93000030517578,29.93000030517578,180,0.0,0.0,0.0
2024-07-25 09:55:00-04:00,29.917999267578125,29.95599937438965,29.917999267578125,29.95599937438965,803,0.0,0.0,0.0
2024-07-25 10:00:00-04:00,29.889999389648438,29.889999389648438,29.889999389648438,29.889999389648438,171,0.0,0.0,0.0
2024-07-25 10:05:00-04:00,29.899999618530273,29.899999618530273,29.899999618530273,29.899999618530273,150,0.0,0.0,0.0
2024-07-25 11:10:00-04:00,30.09000015258789,30.1299991607666,30.09000015258789,30.1299991607666,823,0.0,0.0,0.0
2024-07-25 11:40:00-04:00,30.134599685668945,30.134599685668945,30.134599685668945,30.134599685668945,157,0.0,0.0,0.0
2024-07-25 12:15:00-04:00,30.170000076293945,30.170000076293945,30.170000076293945,30.170000076293945,296,0.0,0.0,0.0
2024-07-25 13:05:00-04:00,30.270000457763672,30.270000457763672,30.229999542236328,30.229999542236328,301,0.0,0.0,0.0
2024-07-25 13:25:00-04:00,30.200000762939453,30.209999084472656,30.174999237060547,30.19969940185547,6364,0.0,0.0,0.0
2024-07-25 14:20:00-04:00,30.170000076293945,30.170000076293945,30.149999618530273,30.170000076293945,8800,0.0,0.0,0.0
2024-07-25 14:25:00-04:00,30.190000534057617,30.25,30.18000030517578,30.18000030517578,9309,0.0,0.0,0.0
2024-07-25 14:30:00-04:00,30.190000534057617,30.200000762939453,30.190000534057617,30.200000762939453,2224,0.0,0.0,0.0
2024-07-25 14:35:00-04:00,30.200000762939453,30.239999771118164,30.190000534057617,30.239999771118164,2400,0.0,0.0,0.0
2024-07-25 14:40:00-04:00,30.219999313354492,30.239999771118164,30.165000915527344,30.200000762939453,6200,0.0,0.0,0.0
2024-07-25 14:45:00-04:00,30.200000762939453,30.200000762939453,30.15999984741211,30.18000030517578,8200,0.0,0.0,0.0
2024-07-25 14:50:00-04:00,30.18000030517578,30.190000534057617,30.1299991607666,30.190000534057617,9205,0.0,0.0,0.0
2024-07-25 14:55:00-04:00,30.190000534057617,30.209999084472656,30.190000534057617,30.200000762939453,19630,0.0,0.0,0.0
2024-07-25 15:00:00-04:00,30.18000030517578,30.18000030517578,30.18000030517578,30.18000030517578,1970,0.0,0.0,0.0
2024-07-25 15:05:00-04:00,30.190000534057617,30.190000534057617,30.190000534057617,30.190000534057617,300,0.0,0.0,0.0
2024-07-25 15:10:00-04:00,30.190000534057617,30.219999313354492,30.190000534057617,30.219999313354492,6000,0.0,0.0,0.0
2024-07-25 15:15:00-04:00,30.209999084472656,30.229999542236328,30.149999618530273,30.229999542236328,6702,0.0,0.0,0.0
2024-07-25 15:20:00-04:00,30.239999771118164,30.260000228881836,30.239999771118164,30.260000228881836,5200,0.0,0.0,0.0
2024-07-25 15:25:00-04:00,30.299999237060547,30.299999237060547,30.260000228881836,30.260000228881836,2172,0.0,0.0,0.0
2024-07-25 15:30:00-04:00,30.299999237060547,30.31999969482422,30.299999237060547,30.31999969482422,295,0.0,0.0,0.0
2024-07-25 15:35:00-04:00,30.25,30.25,30.25,30.25,201,0.0,0.0,0.0
2024-07-25 15:40:00-04:00,30.25,30.280000686645508,30.25,30.260000228881836,2900,0.0,0.0,0.0
2024-07-25 15:45:00-04:00,30.280000686645508,30.290000915527344,30.225000381469727,30.2549991607666,38093,0.0,0.0,0.0
2024-07-25 15:50:00-04:00,30.290000915527344,30.290000915527344,30.1299991607666,30.1299991607666,9122,0.0,0.0,0.0
2024-07-25 15:55:00-04:00,30.154499053955078,30.154499053955078,30.154499053955078,30.154499053955078,0,0.0,0.0,0.0
2024-07-26 09:30:00-04:00,30.469999313354492,30.469999313354492,30.469999313354492,30.469999313354492,233,0.0,0.0,0.0
2024-07-26 09:35:00-04:00,30.545000076293945,30.545000076293945,30.545000076293945,30.545000076293945,543,0.0,0.0,0.0
2024-07-26 10:20:00-04:00,30.485000610351562,30.485000610351562,30.485000610351562,30.485000610351562,529,0.0,0.0,0.0
2024-07-26 10:25:00-04:00,30.4950008392334,30.4950008392334,30.4950008392334,30.4950008392334,677,0.0,0.0,0.0
2024-07-26 10:40:00-04:00,30.400100708007812,30.510000228881836,30.400100708007812,30.510000228881836,448,0.0,0.0,0.0
2024-07-26 10:55:00-04:00,30.510000228881836,30.510000228881836,30.510000228881836,30.510000228881836,234,0.0,0.0,0.0
2024-07-26 11:25:00-04:00,30.450000762939453,30.479299545288086,30.450000762939453,30.479299545288086,481,0.0,0.0,0.0
2024-07-26 11:40:00-04:00,30.513500213623047,30.513500213623047,30.513500213623047,30.513500213623047,1454,0.0,0.0,0.0
2024-07-26 12:05:00-04:00,30.545000076293945,30.545000076293945,30.545000076293945,30.545000076293945,191,0.0,0.0,0.0
2024-07-26 12:40:00-04:00,30.610000610351562,30.610000610351562,30.610000610351562,30.610000610351562,313,0.0,0.0,0.0
2024-07-26 13:50:00-04:00,30.460100173950195,30.460100173950195,30.460100173950195,30.460100173950195,213,0.0,0.0,0.0
2024-07-26 14:50:00-04:00,30.549999237060547,30.549999237060547,30.549999237060547,30.549999237060547,160,0.0,0.0,0.0
2024-07-26 14:55:00-04:00,30.549999237060547,30.559999465942383,30.549999237060547,30.559900283813477,457,0.0,0.0,0.0
2024-07-26 15:15:00-04:00,30.49530029296875,30.558000564575195,30.49530029296875,30.558000564575195,768,0.0,0.0,0.0
2024-07-29 10:05:00-04:00,30.40999984741211,30.40999984741211,30.40999984741211,30.40999984741211,0,0.0,0.0,0.0
2024-07-29 10:10:00-04:00,30.43000030517578,30.43000030517578,30.43000030517578,30.43000030517578,235,0.0,0.0,0.0
2024-07-29 10:30:00-04:00,30.382600784301758,30.382600784301758,30.382600784301758,30.382600784301758,708,0.0,0.0,0.0
2024-07-29 11:25:00-04:00,30.350000381469727,30.350000381469727,30.33009910583496,30.33009910583496,1661,0.0,0.0,0.0
2024-07-29 11:45:00-04:00,30.379899978637695,30.379899978637695,30.379899978637695,30.379899978637695,1906,0.0,0.0,0.0
2024-07-29 12:30:00-04:00,30.43000030517578,30.43000030517578,30.43000030517578,30.43000030517578,350,0.0,0.0,0.0
2024-07-29 12:45:00-04:00,30.43000030517578,30.43000030517578,30.43000030517578,30.43000030517578,180,0.0,0.0,0.0
2024-07-29 13:15:00-04:00,30.3700008392334,30.3700008392334,30.360000610351562,30.360000610351562,414,0.0,0.0,0.0
2024-07-29 13:45:00-04:00,30.415700912475586,30.415700912475586,30.415700912475586,30.415700912475586,435,0.0,0.0,0.0
2024-07-29 14:10:00-04:00,30.416000366210938,30.416000366210938,30.415199279785156,30.415199279785156,302,0.0,0.0,0.0
2024-07-29 15:05:00-04:00,30.415000915527344,30.415000915527344,30.415000915527344,30.415000915527344,153,0.0,0.0,0.0
2024-07-29 15:10:00-04:00,30.43000030517578,30.43000030517578,30.43000030517578,30.43000030517578,324,0.0,0.0,0.0
2024-07-29 15:50:00-04:00,30.459999084472656,30.459999084472656,30.45989990234375,30.45989990234375,1122,0.0,0.0,0.0
2024-07-29 15:55:00-04:00,30.450000762939453,30.450000762939453,30.42620086669922,30.4330997467041,0,0.0,0.0,0.0
2024-07-30 09:50:00-04:00,30.420000076293945,30.458599090576172,30.420000076293945,30.458599090576172,660,0.0,0.0,0.0
2024-07-30 10:00:00-04:00,30.420000076293945,30.426300048828125,30.420000076293945,30.420000076293945,1621,0.0,0.0,0.0
2024-07-30 10:05:00-04:00,30.421100616455078,30.421100616455078,30.421100616455078,30.421100616455078,211,0.0,0.0,0.0
2024-07-30 10:20:00-04:00,30.43000030517578,30.43000030517578,30.43000030517578,30.43000030517578,780,0.0,0.0,0.0
2024-07-30 10:30:00-04:00,30.420000076293945,30.420000076293945,30.420000076293945,30.420000076293945,382,0.0,0.0,0.0
2024-07-30 10:40:00-04:00,30.3799991607666,30.3799991607666,30.379899978637695,30.379899978637695,200,0.0,0.0,0.0
2024-07-30 10:45:00-04:00,30.379899978637695,30.379899978637695,30.34000015258789,30.34000015258789,837,0.0,0.0,0.0
2024-07-30 10:50:00-04:00,30.350000381469727,30.350000381469727,30.350000381469727,30.350000381469727,190,0.0,0.0,0.0
2024-07-30 11:25:00-04:00,30.210100173950195,30.210100173950195,30.210100173950195,30.210100173950195,643,0.0,0.0,0.0
2024-07-30 11:55:00-04:00,30.25819969177246,30.25819969177246,30.25819969177246,30.25819969177246,330,0.0,0.0,0.0
2024-07-30 13:15:00-04:00,30.149999618530273,30.20870018005371,30.139999389648438,30.140100479125977,2765,0.0,0.0,0.0
2024-07-30 13:50:00-04:00,30.235000610351562,30.235000610351562,30.235000610351562,30.235000610351562,601,0.0,0.0,0.0
2024-07-30 13:55:00-04:00,30.22640037536621,30.22640037536621,30.22640037536621,30.22640037536621,293,0.0,0.0,0.0
2024-07-30 14:15:00-04:00,30.219999313354492,30.268299102783203,30.219999313354492,30.268299102783203,521,0.0,0.0,0.0
2024-07-30 14:25:00-04:00,30.219999313354492,30.219999313354492,30.219999313354492,30.219999313354492,427,0.0,0.0,0.0
2024-07-30 15:25:00-04:00,30.267499923706055,30.267499923706055,30.267499923706055,30.267499923706055,1035,0.0,0.0,0.0
2024-07-30 15:30:00-04:00,30.2549991607666,30.260000228881836,30.25,30.25,480,0.0,0.0,0.0
2024-07-30 15:55:00-04:00,30.31800079345703,30.34000015258789,30.299999237060547,30.31800079345703,909,0.0,0.0,0.0
2024-07-31 09:30:00-04:00,30.93000030517578,30.973899841308594,30.93000030517578,30.973899841308594,0,0.0,0.0,0.0
2024-07-31 09:35:00-04:00,30.95400047302246,30.95400047302246,30.95400047302246,30.95400047302246,589,0.0,0.0,0.0
2024-07-31 09:55:00-04:00,30.950000762939453,30.959999084472656,30.915000915527344,30.915000915527344,446,0.0,0.0,0.0
2024-07-31 10:00:00-04:00,30.889999389648438,30.889999389648438,30.889999389648438,30.889999389648438,618,0.0,0.0,0.0
2024-07-31 10:40:00-04:00,30.900999069213867,30.900999069213867,30.900999069213867,30.900999069213867,235,0.0,0.0,0.0
2024-07-31 10:45:00-04:00,30.927900314331055,30.949899673461914,30.927900314331055,30.949899673461914,304,0.0,0.0,0.0
2024-07-31 10:55:00-04:00,30.8700008392334,30.940000534057617,30.8700008392334,30.939899444580078,1269,0.0,0.0,0.0
2024-07-31 11:30:00-04:00,31.0,31.0,30.992000579833984,30.992000579833984,5376,0.0,0.0,0.0
2024-07-31 11:35:00-04:00,30.983999252319336,30.983999252319336,30.983999252319336,30.983999252319336,275,0.0,0.0,0.0
2024-07-31 11:40:00-04:00,31.0,31.020000457763672,30.96500015258789,30.985000610351562,766,0.0,0.0,0.0
2024-07-31 11:45:00-04:00,30.979999542236328,31.030000686645508,30.979999542236328,30.979999542236328,1809,0.0,0.0,0.0
2024-07-31 11:50:00-04:00,31.030000686645508,31.079999923706055,31.02989959716797,31.079999923706055,3795,0.0,0.0,0.0
2024-07-31 11:55:00-04:00,31.049999237060547,31.070100784301758,31.049999237060547,31.070100784301758,3303,0.0,0.0,0.0
2024-07-31 12:05:00-04:00,31.049999237060547,31.049999237060547,31.049999237060547,31.049999237060547,303,0.0,0.0,0.0
2024-07-31 12:50:00-04:00,31.084999084472656,31.084999084472656,31.084999084472656,31.084999084472656,233,0.0,0.0,0.0
2024-07-31 13:35:00-04:00,31.020000457763672,31.020000457763672,31.020000457763672,31.020000457763672,635,0.0,0.0,0.0
2024-07-31 13:55:00-04:00,31.020000457763672,31.020000457763672,31.020000457763672,31.020000457763672,102,0.0,0.0,0.0
2024-07-31 14:00:00-04:00,31.020000457763672,31.020000457763672,31.020000457763672,31.020000457763672,250,0.0,0.0,0.0
2024-07-31 14:10:00-04:00,30.989999771118164,30.989999771118164,30.989999771118164,30.989999771118164,313,0.0,0.0,0.0
2024-07-31 14:15:00-04:00,31.02989959716797,31.02989959716797,31.02989959716797,31.02989959716797,522,0.0,0.0,0.0
2024-07-31 15:10:00-04:00,31.085399627685547,31.165000915527344,31.085399627685547,31.085399627685547,0,0.0,0.0,0.0
2024-08-01 09:30:00-04:00,30.989999771118164,30.989999771118164,30.989999771118164,30.989999771118164,529,0.0,0.0,0.0
2024-08-01 09:35:00-04:00,31.010000228881836,31.010000228881836,31.010000228881836,31.010000228881836,0,0.0,0.0,0.0
2024-08-01 09:50:00-04:00,31.07900047302246,31.07900047302246,31.07900047302246,31.07900047302246,1603,0.0,0.0,0.0
2024-08-01 09:55:00-04:00,31.069900512695312,31.069900512695312,31.069900512695312,31.069900512695312,0,0.0,0.0,0.0
2024-08-01 10:05:00-04:00,30.979999542236328,30.979999542236328,30.979999542236328,30.979999542236328,2363,0.0,0.0,0.0
2024-08-01 10:30:00-04:00,30.832300186157227,30.832300186157227,30.832300186157227,30.832300186157227,101,0.0,0.0,0.0
2024-08-01 10:35:00-04:00,30.850000381469727,30.850000381469727,30.850000381469727,30.850000381469727,974,0.0,0.0,0.0
2024-08-01 10:45:00-04:00,30.790000915527344,30.828399658203125,30.790000915527344,30.828399658203125,1209,0.0,0.0,0.0
2024-08-01 10:50:00-04:00,30.760000228881836,30.760000228881836,30.760000228881836,30.760000228881836,890,0.0,0.0,0.0
2024-08-01 11:00:00-04:00,30.7549991607666,30.770000457763672,30.7549991607666,30.770000457763672,484,0.0,0.0,0.0
2024-08-01 11:05:00-04:00,30.77899932861328,30.77899932861328,30.77899932861328,30.77899932861328,5028,0.0,0.0,0.0
2024-08-01 11:10:00-04:00,30.75,30.75,30.75,30.75,636,0.0,0.0,0.0
2024-08-01 11:20:00-04:00,30.75,30.75,30.75,30.75,235,0.0,0.0,0.0
2024-08-01 11:35:00-04:00,30.700000762939453,30.70800018310547,30.700000762939453,30.70800018310547,262,0.0,0.0,0.0
2024-08-01 11:50:00-04:00,30.670000076293945,30.670000076293945,30.670000076293945,30.670000076293945,0,0.0,0.0,0.0
2024-08-01 12:05:00-04:00,30.700000762939453,30.700000762939453,30.700000762939453,30.700000762939453,12730,0.0,0.0,0.0
2024-08-01 12:15:00-04:00,30.649999618530273,30.649999618530273,30.649999618530273,30.649999618530273,100,0.0,0.0,0.0
2024-08-01 12:25:00-04:00,30.649999618530273,30.649999618530273,30.649999618530273,30.649999618530273,174,0.0,0.0,0.0
2024-08-01 12:45:00-04:00,30.59000015258789,30.610000610351562,30.579999923706055,30.579999923706055,414,0.0,0.0,0.0
2024-08-01 12:55:00-04:00,30.59000015258789,30.59000015258789,30.59000015258789,30.59000015258789,241,0.0,0.0,0.0
2024-08-01 13:00:00-04:00,30.600000381469727,30.600000381469727,30.600000381469727,30.600000381469727,530,0.0,0.0,0.0
2024-08-01 13:30:00-04:00,30.514999389648438,30.514999389648438,30.514999389648438,30.514999389648438,417,0.0,0.0,0.0
2024-08-01 13:40:00-04:00,30.440000534057617,30.440000534057617,30.440000534057617,30.440000534057617,133,0.0,0.0,0.0
2024-08-01 13:50:00-04:00,30.479999542236328,30.479999542236328,30.479999542236328,30.479999542236328,100,0.0,0.0,0.0
2024-08-01 13:55:00-04:00,30.530000686645508,30.530000686645508,30.530000686645508,30.530000686645508,417,0.0,0.0,0.0
2024-08-01 14:15:00-04:00,30.530000686645508,30.530000686645508,30.530000686645508,30.530000686645508,173,0.0,0.0,0.0
2024-08-01 14:55:00-04:00,30.459999084472656,30.459999084472656,30.459999084472656,30.459999084472656,161,0.0,0.0,0.0
2024-08-01 15:05:00-04:00,30.469999313354492,30.469999313354492,30.469999313354492,30.469999313354492,139,0.0,0.0,0.0
2024-08-01 15:15:00-04:00,30.46500015258789,30.49489974975586,30.46500015258789,30.49489974975586,690,0.0,0.0,0.0
2024-08-01 15:20:00-04:00,30.490299224853516,30.493999481201172,30.469999313354492,30.479999542236328,2071,0.0,0.0,0.0
2024-08-01 15:25:00-04:00,30.5,30.5,30.5,30.5,724,0.0,0.0,0.0
2024-08-01 15:55:00-04:00,30.55500030517578,30.559999465942383,30.55500030517578,30.55500030517578,212,0.0,0.0,0.0
2024-08-02 09:30:00-04:00,30.020000457763672,30.020000457763672,30.0,30.0,0,0.0,0.0,0.0
2024-08-02 09:40:00-04:00,30.045700073242188,30.045700073242188,30.045700073242188,30.045700073242188,113,0.0,0.0,0.0
2024-08-02 09:45:00-04:00,30.0049991607666,30.0049991607666,30.0049991607666,30.0049991607666,349,0.0,0.0,0.0
2024-08-02 09:50:00-04:00,30.034700393676758,30.034700393676758,30.034700393676758,30.034700393676758,220,0.0,0.0,0.0
2024-08-02 09:55:00-04:00,29.959999084472656,29.959999084472656,29.959999084472656,29.959999084472656,104,0.0,0.0,0.0
2024-08-02 10:00:00-04:00,30.034000396728516,30.034000396728516,29.969999313354492,29.969999313354492,617,0.0,0.0,0.0
2024-08-02 10:05:00-04:00,29.90999984741211,29.950000762939453,29.8700008392334,29.8700008392334,2607,0.0,0.0,0.0
2024-08-02 10:20:00-04:00,29.872499465942383,29.879899978637695,29.790000915527344,29.879899978637695,992,0.0,0.0,0.0
2024-08-02 10:30:00-04:00,29.91990089416504,29.91990089416504,29.91990089416504,29.91990089416504,235,0.0,0.0,0.0
2024-08-02 10:40:00-04:00,29.834999084472656,29.834999084472656,29.834999084472656,29.834999084472656,122,0.0,0.0,0.0
2024-08-02 11:00:00-04:00,29.859899520874023,29.859899520874023,29.845399856567383,29.845399856567383,697,0.0,0.0,0.0
2024-08-02 11:15:00-04:00,29.800100326538086,29.800100326538086,29.800100326538086,29.800100326538086,100,0.0,0.0,0.0
2024-08-02 11:20:00-04:00,29.800100326538086,29.800100326538086,29.800100326538086,29.800100326538086,301,0.0,0.0,0.0
2024-08-02 11:35:00-04:00,29.885000228881836,29.885000228881836,29.885000228881836,29.885000228881836,186,0.0,0.0,0.0
2024-08-02 11:55:00-04:00,29.95199966430664,29.95199966430664,29.95199966430664,29.95199966430664,451,0.0,0.0,0.0
2024-08-02 13:00:00-04:00,29.8799991607666,29.8799991607666,29.860000610351562,29.860000610351562,719,0.0,0.0,0.0
2024-08-02 13:10:00-04:00,29.912399291992188,29.912399291992188,29.912399291992188,29.912399291992188,764,0.0,0.0,0.0
2024-08-02 13:25:00-04:00,29.850000381469727,29.850000381469727,29.850000381469727,29.850000381469727,201,0.0,0.0,0.0
2024-08-02 13:40:00-04:00,29.831899642944336,29.831899642944336,29.831899642944336,29.831899642944336,303,0.0,0.0,0.0
2024-08-02 13:50:00-04:00,29.820100784301758,29.820100784301758,29.820100784301758,29.820100784301758,217,0.0,0.0,0.0
2024-08-02 14:20:00-04:00,29.854999542236328,29.854999542236328,29.854999542236328,29.854999542236328,259,0.0,0.0,0.0
2024-08-02 14:35:00-04:00,29.885000228881836,29.885000228881836,29.885000228881836,29.885000228881836,438,0.0,0.0,0.0
2024-08-02 14:40:00-04:00,29.91990089416504,29.91990089416504,29.91990089416504,29.91990089416504,814,0.0,0.0,0.0
2024-08-02 15:05:00-04:00,29.90999984741211,29.94409942626953,29.90999984741211,29.94409942626953,797,0.0,0.0,0.0
2024-08-02 15:15:00-04:00,29.93000030517578,29.93000030517578,29.93000030517578,29.93000030517578,101,0.0,0.0,0.0
2024-08-02 15:20:00-04:00,29.905000686645508,29.905000686645508,29.905000686645508,29.905000686645508,311,0.0,0.0,0.0
2024-08-02 15:25:00-04:00,29.940000534057617,29.940000534057617,29.924999237060547,29.924999237060547,839,0.0,0.0,0.0
2024-08-02 15:35:00-04:00,29.950000762939453,29.950000762939453,29.950000762939453,29.950000762939453,365,0.0,0.0,0.0
2024-08-02 15:40:00-04:00,29.999900817871094,29.999900817871094,29.999900817871094,29.999900817871094,250,0.0,0.0,0.0
2024-08-02 15:45:00-04:00,29.940000534057617,29.940000534057617,29.940000534057617,29.940000534057617,424,0.0,0.0,0.0
2024-08-02 15:50:00-04:00,29.922300338745117,29.922300338745117,29.922300338745117,29.922300338745117,345,0.0,0.0,0.0
2024-08-02 15:55:00-04:00,29.91010093688965,29.93120002746582,29.91010093688965,29.93120002746582,898,0.0,0.0,0.0
2024-08-05 09:30:00-04:00,28.239999771118164,28.2450008392334,28.079999923706055,28.2450008392334,5206,0.0,0.0,0.0
2024-08-05 09:35:00-04:00,28.200000762939453,28.479999542236328,28.000099182128906,28.000099182128906,2496,0.0,0.0,0.0
2024-08-05 09:40:00-04:00,28.479999542236328,28.479999542236328,28.375,28.375,684,0.0,0.0,0.0
2024-08-05 09:45:00-04:00,28.38010025024414,28.38010025024414,28.38010025024414,28.38010025024414,600,0.0,0.0,0.0
2024-08-05 09:50:00-04:00,28.389999389648438,28.454999923706055,28.3799991607666,28.390100479125977,2088,0.0,0.0,0.0
2024-08-05 09:55:00-04:00,28.34000015258789,28.405000686645508,28.34000015258789,28.34040069580078,1268,0.0,0.0,0.0
2024-08-05 10:00:00-04:00,28.440000534057617,28.440099716186523,28.440000534057617,28.440099716186523,824,0.0,0.0,0.0
2024-08-05 10:15:00-04:00,28.440000534057617,28.440099716186523,28.440000534057617,28.440099716186523,3120,0.0,0.0,0.0
2024-08-05 10:20:00-04:00,28.506399154663086,28.506399154663086,28.506399154663086,28.506399154663086,324,0.0,0.0,0.0
2024-08-05 10:25:00-04:00,28.489999771118164,28.489999771118164,28.469999313354492,28.47010040283203,905,0.0,0.0,0.0
2024-08-05 10:30:00-04:00,28.475000381469727,28.59000015258789,28.475000381469727,28.59000015258789,457,0.0,0.0,0.0
2024-08-05 10:45:00-04:00,28.500699996948242,28.500699996948242,28.489999771118164,28.489999771118164,1157,0.0,0.0,0.0
2024-08-05 10:50:00-04:00,28.459999084472656,28.53420066833496,28.350000381469727,28.523700714111328,28403,0.0,0.0,0.0
2024-08-05 10:55:00-04:00,28.489999771118164,28.549999237060547,28.389999389648438,28.390100479125977,3888,0.0,0.0,0.0
2024-08-05 11:00:00-04:00,28.46500015258789,28.46500015258789,28.389999389648438,28.460100173950195,2858,0.0,0.0,0.0
2024-08-05 11:05:00-04:00,28.459999084472656,28.540000915527344,28.459999084472656,28.53849983215332,8886,0.0,0.0,0.0
2024-08-05 11:10:00-04:00,28.520000457763672,28.549999237060547,28.520000457763672,28.549999237060547,4135,0.0,0.0,0.0
2024-08-05 11:15:00-04:00,28.545000076293945,28.549999237060547,28.459999084472656,28.549999237060547,5462,0.0,0.0,0.0
2024-08-05 11:20:00-04:00,28.530000686645508,28.530000686645508,28.479999542236328,28.530000686645508,481,0.0,0.0,0.0
2024-08-05 11:25:00-04:00,28.489999771118164,28.530000686645508,28.450300216674805,28.450300216674805,3250,0.0,0.0,0.0
2024-08-05 11:30:00-04:00,28.510000228881836,28.56999969482422,28.510000228881836,28.56999969482422,325,0.0,0.0,0.0
2024-08-05 11:35:00-04:00,28.524999618530273,28.524999618530273,28.520000457763672,28.520000457763672,1718,0.0,0.0,0.0
2024-08-05 11:40:00-04:00,28.500099182128906,28.50160026550293,28.5,28.500099182128906,3308,0.0,0.0,0.0
2024-08-05 11:45:00-04:00,28.530000686645508,28.530000686645508,28.44499969482422,28.44499969482422,7431,0.0,0.0,0.0
2024-08-05 11:50:00-04:00,28.479999542236328,28.479999542236328,28.4512996673584,28.479999542236328,2072,0.0,0.0,0.0
2024-08-05 11:55:00-04:00,28.530000686645508,28.530000686645508,28.469999313354492,28.47010040283203,2463,0.0,0.0,0.0
2024-08-05 12:00:00-04:00,28.50480079650879,28.59000015258789,28.50480079650879,28.59000015258789,588,0.0,0.0,0.0
2024-08-05 12:05:00-04:00,28.545000076293945,28.545000076293945,28.545000076293945,28.545000076293945,125,0.0,0.0,0.0
2024-08-05 12:10:00-04:00,28.530000686645508,28.530000686645508,28.530000686645508,28.530000686645508,253,0.0,0.0,0.0
2024-08-05 12:15:00-04:00,28.520099639892578,28.520099639892578,28.520099639892578,28.520099639892578,1483,0.0,0.0,0.0
2024-08-05 12:20:00-04:00,28.524999618530273,28.59000015258789,28.520099639892578,28.59000015258789,1689,0.0,0.0,0.0
2024-08-05 12:25:00-04:00,28.59000015258789,28.59000015258789,28.59000015258789,28.59000015258789,625,0.0,0.0,0.0
2024-08-05 12:30:00-04:00,28.780000686645508,28.809999465942383,28.708099365234375,28.708099365234375,6120,0.0,0.0,0.0
2024-08-05 12:35:00-04:00,28.690000534057617,28.690099716186523,28.690000534057617,28.690099716186523,482,0.0,0.0,0.0
2024-08-05 12:40:00-04:00,28.663400650024414,28.663400650024414,28.639999389648438,28.639999389648438,2207,0.0,0.0,0.0
2024-08-05 12:45:00-04:00,28.665000915527344,28.665000915527344,28.665000915527344,28.665000915527344,500,0.0,0.0,0.0
2024-08-05 12:50:00-04:00,28.600099563598633,28.600099563598633,28.541000366210938,28.541000366210938,11179,0.0,0.0,0.0
2024-08-05 12:55:00-04:00,28.540000915527344,28.565000534057617,28.530000686645508,28.565000534057617,1918,0.0,0.0,0.0
2024-08-05 13:00:00-04:00,28.501100540161133,28.501100540161133,28.501100540161133,28.501100540161133,160,0.0,0.0,0.0
2024-08-05 13:05:00-04:00,28.5,28.5310001373291,28.5,28.5310001373291,519,0.0,0.0,0.0
2024-08-05 13:10:00-04:00,28.54199981689453,28.545000076293945,28.530000686645508,28.530099868774414,1297,0.0,0.0,0.0
2024-08-05 13:15:00-04:00,28.579999923706055,28.579999923706055,28.579999923706055,28.579999923706055,0,0.0,0.0,0.0
2024-08-05 13:25:00-04:00,28.579999923706055,28.600000381469727,28.56999969482422,28.56999969482422,127070,0.0,0.0,0.0
2024-08-05 13:30:00-04:00,28.575000762939453,28.575000762939453,28.450000762939453,28.52199935913086,17976,0.0,0.0,0.0
2024-08-05 13:35:00-04:00,28.520000457763672,28.520000457763672,28.520000457763672,28.520000457763672,386,0.0,0.0,0.0
2024-08-05 13:45:00-04:00,28.520000457763672,28.520000457763672,28.520000457763672,28.520000457763672,326,0.0,0.0,0.0
2024-08-05 13:50:00-04:00,28.460100173950195,28.460100173950195,28.460100173950195,28.460100173950195,311,0.0,0.0,0.0
2024-08-05 14:00:00-04:00,28.459999084472656,28.459999084472656,28.459999084472656,28.459999084472656,402,0.0,0.0,0.0
2024-08-05 14:05:00-04:00,28.450000762939453,28.450000762939453,28.420000076293945,28.420000076293945,205,0.0,0.0,0.0
2024-08-05 14:10:00-04:00,28.420000076293945,28.420000076293945,28.395999908447266,28.395999908447266,325,0.0,0.0,0.0
2024-08-05 14:15:00-04:00,28.540000915527344,28.540000915527344,28.540000915527344,28.540000915527344,308,0.0,0.0,0.0
2024-08-05 14:30:00-04:00,28.469999313354492,28.559999465942383,28.469999313354492,28.559999465942383,590,0.0,0.0,0.0
2024-08-05 14:45:00-04:00,28.39539909362793,28.39539909362793,28.299999237060547,28.360000610351562,3223,0.0,0.0,0.0
2024-08-05 14:50:00-04:00,28.459999084472656,28.459999084472656,28.459999084472656,28.459999084472656,200,0.0,0.0,0.0
2024-08-05 14:55:00-04:00,28.350000381469727,28.350000381469727,28.30109977722168,28.30109977722168,592,0.0,0.0,0.0
2024-08-05 15:05:00-04:00,28.450000762939453,28.450000762939453,28.329999923706055,28.329999923706055,608,0.0,0.0,0.0
2024-08-05 15:10:00-04:00,28.309999465942383,28.309999465942383,28.309999465942383,28.309999465942383,100,0.0,0.0,0.0
2024-08-05 15:15:00-04:00,28.280000686645508,28.325000762939453,28.139999389648438,28.200000762939453,15206,0.0,0.0,0.0
2024-08-05 15:20:00-04:00,28.225000381469727,28.225000381469727,28.225000381469727,28.225000381469727,105,0.0,0.0,0.0
2024-08-05 15:25:00-04:00,28.229999542236328,28.229999542236328,28.220199584960938,28.220199584960938,0,0.0,0.0,0.0
2024-08-05 15:30:00-04:00,28.219999313354492,28.225000381469727,28.209999084472656,28.225000381469727,170900,0.0,0.0,0.0
2024-08-05 15:35:00-04:00,28.219999313354492,28.239999771118164,28.219999313354492,28.239999771118164,10282,0.0,0.0,0.0
2024-08-05 15:40:00-04:00,28.334999084472656,28.334999084472656,28.334999084472656,28.334999084472656,280,0.0,0.0,0.0
2024-08-05 15:45:00-04:00,28.229999542236328,28.290000915527344,28.225000381469727,28.260000228881836,1677,0.0,0.0,0.0
2024-08-05 15:50:00-04:00,28.364999771118164,28.364999771118164,28.280000686645508,28.280000686645508,339,0.0,0.0,0.0
2024-08-05 15:55:00-04:00,28.408000946044922,28.40999984741211,28.408000946044922,28.408000946044922,401,0.0,0.0,0.0
2024-08-06 09:30:00-04:00,28.469999313354492,28.479999542236328,28.239999771118164,28.239999771118164,7445,0.0,0.0,0.0
2024-08-06 09:35:00-04:00,28.25,28.389999389648438,28.149999618530273,28.200000762939453,62556,0.0,0.0,0.0
2024-08-06 09:40:00-04:00,28.209999084472656,28.235000610351562,28.174999237060547,28.184999465942383,4836,0.0,0.0,0.0
2024-08-06 09:45:00-04:00,28.209999084472656,28.260000228881836,28.170000076293945,28.260000228881836,1532,0.0,0.0,0.0
2024-08-06 09:50:00-04:00,28.361299514770508,28.371000289916992,28.361299514770508,28.371000289916992,592,0.0,0.0,0.0
2024-08-06 09:55:00-04:00,28.454999923706055,28.454999923706055,28.454999923706055,28.454999923706055,159,0.0,0.0,0.0
2024-08-06 10:00:00-04:00,28.430400848388672,28.430400848388672,28.430400848388672,28.430400848388672,511,0.0,0.0,0.0
2024-08-06 10:05:00-04:00,28.59000015258789,28.59000015258789,28.4783992767334,28.5,1557,0.0,0.0,0.0
2024-08-06 10:25:00-04:00,28.53499984741211,28.53499984741211,28.53499984741211,28.53499984741211,362,0.0,0.0,0.0
2024-08-06 10:45:00-04:00,28.579999923706055,28.579999923706055,28.579999923706055,28.579999923706055,475,0.0,0.0,0.0
2024-08-06 10:50:00-04:00,28.550899505615234,28.604999542236328,28.54129981994629,28.54129981994629,941,0.0,0.0,0.0
2024-08-06 11:05:00-04:00,28.625,28.625,28.625,28.625,229,0.0,0.0,0.0
2024-08-06 11:10:00-04:00,28.6200008392334,28.6200008392334,28.6200008392334,28.6200008392334,195,0.0,0.0,0.0
2024-08-06 11:25:00-04:00,28.54010009765625,28.54010009765625,28.54010009765625,28.54010009765625,992,0.0,0.0,0.0
2024-08-06 11:30:00-04:00,28.503000259399414,28.524999618530273,28.503000259399414,28.524900436401367,2993,0.0,0.0,0.0
2024-08-06 11:35:00-04:00,28.549999237060547,28.549999237060547,28.549999237060547,28.549999237060547,203,0.0,0.0,0.0
2024-08-06 12:05:00-04:00,28.670000076293945,28.670000076293945,28.670000076293945,28.670000076293945,238,0.0,0.0,0.0
2024-08-06 12:20:00-04:00,28.621000289916992,28.621000289916992,28.621000289916992,28.621000289916992,240,0.0,0.0,0.0
2024-08-06 12:45:00-04:00,28.600400924682617,28.600400924682617,28.600400924682617,28.600400924682617,628,0.0,0.0,0.0
2024-08-06 12:50:00-04:00,28.670000076293945,28.670000076293945,28.670000076293945,28.670000076293945,219,0.0,0.0,0.0
2024-08-06 13:10:00-04:00,28.68000030517578,28.68000030517578,28.68000030517578,28.68000030517578,509,0.0,0.0,0.0
2024-08-06 13:20:00-04:00,28.68000030517578,28.68000030517578,28.68000030517578,28.68000030517578,109,0.0,0.0,0.0
2024-08-06 13:25:00-04:00,28.68440055847168,28.690000534057617,28.68440055847168,28.690000534057617,363,0.0,0.0,0.0
2024-08-06 13:30:00-04:00,28.68000030517578,28.680099487304688,28.68000030517578,28.680099487304688,284,0.0,0.0,0.0
2024-08-06 13:40:00-04:00,28.701000213623047,28.701000213623047,28.701000213623047,28.701000213623047,376,0.0,0.0,0.0
2024-08-06 13:50:00-04:00,28.690000534057617,28.690000534057617,28.690000534057617,28.690000534057617,4728,0.0,0.0,0.0
2024-08-06 13:55:00-04:00,28.70400047302246,28.740999221801758,28.70400047302246,28.740999221801758,908,0.0,0.0,0.0
2024-08-06 14:10:00-04:00,28.760000228881836,28.760000228881836,28.709999084472656,28.709999084472656,209,0.0,0.0,0.0
2024-08-06 14:25:00-04:00,28.760000228881836,28.780000686645508,28.760000228881836,28.780000686645508,1034,0.0,0.0,0.0
2024-08-06 14:30:00-04:00,28.829999923706055,28.829999923706055,28.829999923706055,28.829999923706055,325,0.0,0.0,0.0
2024-08-06 14:35:00-04:00,28.84239959716797,28.84239959716797,28.84239959716797,28.84239959716797,346,0.0,0.0,0.0
2024-08-06 14:55:00-04:00,28.81999969482422,28.81999969482422,28.81999969482422,28.81999969482422,163,0.0,0.0,0.0
2024-08-06 15:30:00-04:00,28.701499938964844,28.75,28.701499938964844,28.75,2539,0.0,0.0,0.0
2024-08-06 15:45:00-04:00,28.739999771118164,28.739999771118164,28.739999771118164,28.739999771118164,3203,0.0,0.0,0.0
2024-08-06 15:50:00-04:00,28.5762996673584,28.579999923706055,28.5762996673584,28.5762996673584,0,0.0,0.0,0.0
2024-08-07 09:30:00-04:00,29.309999465942383,29.309999465942383,29.309999465942383,29.309999465942383,314,0.0,0.0,0.0
2024-08-07 09:40:00-04:00,29.329999923706055,29.329999923706055,29.329999923706055,29.329999923706055,0,0.0,0.0,0.0
2024-08-07 09:55:00-04:00,29.329999923706055,29.329999923706055,29.329999923706055,29.329999923706055,755,0.0,0.0,0.0
2024-08-07 10:00:00-04:00,29.360000610351562,29.360000610351562,29.329999923706055,29.329999923706055,603,0.0,0.0,0.0
2024-08-07 10:10:00-04:00,29.31800079345703,29.31800079345703,29.31800079345703,29.31800079345703,577,0.0,0.0,0.0
2024-08-07 10:20:00-04:00,29.309999465942383,29.309999465942383,29.309999465942383,29.309999465942383,204,0.0,0.0,0.0
2024-08-07 10:30:00-04:00,29.235000610351562,29.235000610351562,29.235000610351562,29.235000610351562,326,0.0,0.0,0.0
2024-08-07 10:45:00-04:00,29.260000228881836,29.260000228881836,29.260000228881836,29.260000228881836,132,0.0,0.0,0.0
2024-08-07 10:55:00-04:00,29.260000228881836,29.260000228881836,29.260000228881836,29.260000228881836,1491,0.0,0.0,0.0
2024-08-07 11:00:00-04:00,29.260000228881836,29.260000228881836,29.260000228881836,29.260000228881836,988,0.0,0.0,0.0
2024-08-07 11:20:00-04:00,29.239999771118164,29.280000686645508,29.239999771118164,29.280000686645508,938,0.0,0.0,0.0
2024-08-07 12:05:00-04:00,29.136999130249023,29.136999130249023,29.136999130249023,29.136999130249023,101,0.0,0.0,0.0
2024-08-07 12:25:00-04:00,29.190000534057617,29.190000534057617,29.190000534057617,29.190000534057617,302,0.0,0.0,0.0
2024-08-07 13:00:00-04:00,29.078800201416016,29.078800201416016,29.078800201416016,29.078800201416016,162,0.0,0.0,0.0
2024-08-07 13:10:00-04:00,28.979999542236328,28.979999542236328,28.979999542236328,28.979999542236328,653,0.0,0.0,0.0
2024-08-07 13:15:00-04:00,28.959999084472656,28.959999084472656,28.959999084472656,28.959999084472656,132,0.0,0.0,0.0
2024-08-07 13:35:00-04:00,29.049999237060547,29.049999237060547,29.049999237060547,29.049999237060547,0,0.0,0.0,0.0
2024-08-07 13:50:00-04:00,28.950000762939453,28.950000762939453,28.950000762939453,28.950000762939453,7865,0.0,0.0,0.0
2024-08-07 15:15:00-04:00,28.924999237060547,28.924999237060547,28.88010025024414,28.924999237060547,558,0.0,0.0,0.0
2024-08-07 15:35:00-04:00,28.860000610351562,28.860000610351562,28.860000610351562,28.860000610351562,280,0.0,0.0,0.0
2024-08-07 15:55:00-04:00,28.760099411010742,28.775999069213867,28.760099411010742,28.775999069213867,3202,0.0,0.0,0.0
2024-08-08 09:30:00-04:00,29.229999542236328,29.229999542236328,29.229999542236328,29.229999542236328,0,0.0,0.0,0.0
2024-08-08 09:35:00-04:00,29.149999618530273,29.149999618530273,29.149999618530273,29.149999618530273,129,0.0,0.0,0.0
2024-08-08 09:50:00-04:00,29.1299991607666,29.149999618530273,29.1299991607666,29.149999618530273,200,0.0,0.0,0.0
2024-08-08 09:55:00-04:00,29.149999618530273,29.149999618530273,29.149999618530273,29.149999618530273,423,0.0,0.0,0.0
2024-08-08 10:05:00-04:00,29.204999923706055,29.204999923706055,29.204999923706055,29.204999923706055,124,0.0,0.0,0.0
2024-08-08 10:10:00-04:00,29.229999542236328,29.229999542236328,29.229999542236328,29.229999542236328,102,0.0,0.0,0.0
2024-08-08 10:25:00-04:00,29.274999618530273,29.274999618530273,29.274999618530273,29.274999618530273,256,0.0,0.0,0.0
2024-08-08 10:50:00-04:00,29.301700592041016,29.301700592041016,29.301700592041016,29.301700592041016,102,0.0,0.0,0.0
2024-08-08 11:10:00-04:00,29.29010009765625,29.29010009765625,29.29010009765625,29.29010009765625,155,0.0,0.0,0.0
2024-08-08 11:30:00-04:00,29.3799991607666,29.3799991607666,29.3799991607666,29.3799991607666,875,0.0,0.0,0.0
2024-08-08 13:00:00-04:00,29.399999618530273,29.399999618530273,29.399999618530273,29.399999618530273,500,0.0,0.0,0.0
2024-08-08 13:45:00-04:00,29.485000610351562,29.528799057006836,29.477699279785156,29.528799057006836,591,0.0,0.0,0.0
2024-08-08 14:15:00-04:00,29.558500289916992,29.558500289916992,29.558500289916992,29.558500289916992,0,0.0,0.0,0.0
2024-08-08 14:50:00-04:00,29.514999389648438,29.514999389648438,29.514999389648438,29.514999389648438,5337,0.0,0.0,0.0
2024-08-08 15:55:00-04:00,29.441299438476562,29.441299438476562,29.441299438476562,29.441299438476562,0,0.0,0.0,0.0
2024-08-09 10:00:00-04:00,29.56999969482422,29.56999969482422,29.56999969482422,29.56999969482422,0,0.0,0.0,0.0
2024-08-09 10:10:00-04:00,29.6299991607666,29.6299991607666,29.6299991607666,29.6299991607666,874,0.0,0.0,0.0
2024-08-09 10:25:00-04:00,29.6299991607666,29.6299991607666,29.6299991607666,29.6299991607666,125,0.0,0.0,0.0
2024-08-09 10:30:00-04:00,29.614999771118164,29.614999771118164,29.614999771118164,29.614999771118164,211,0.0,0.0,0.0
2024-08-09 10:50:00-04:00,29.649999618530273,29.649999618530273,29.649999618530273,29.649999618530273,103,0.0,0.0,0.0
2024-08-09 11:10:00-04:00,29.67970085144043,29.67970085144043,29.67970085144043,29.67970085144043,536,0.0,0.0,0.0
2024-08-09 11:55:00-04:00,29.6299991607666,29.6299991607666,29.6299991607666,29.6299991607666,1143,0.0,0.0,0.0
2024-08-09 12:10:00-04:00,29.649999618530273,29.649999618530273,29.649999618530273,29.649999618530273,2540,0.0,0.0,0.0
2024-08-09 12:15:00-04:00,29.635000228881836,29.635000228881836,29.635000228881836,29.635000228881836,135,0.0,0.0,0.0
2024-08-09 12:30:00-04:00,29.68000030517578,29.68000030517578,29.68000030517578,29.68000030517578,275,0.0,0.0,0.0
2024-08-09 13:10:00-04:00,29.68000030517578,29.68000030517578,29.68000030517578,29.68000030517578,200,0.0,0.0,0.0
2024-08-09 13:15:00-04:00,29.780000686645508,29.780000686645508,29.780000686645508,29.780000686645508,123,0.0,0.0,0.0
2024-08-09 14:05:00-04:00,29.80820083618164,29.80820083618164,29.80820083618164,29.80820083618164,103,0.0,0.0,0.0
2024-08-09 15:00:00-04:00,29.760000228881836,29.760000228881836,29.760000228881836,29.760000228881836,368,0.0,0.0,0.0
2024-08-09 15:15:00-04:00,29.764400482177734,29.809999465942383,29.764400482177734,29.809999465942383,462,0.0,0.0,0.0
2024-08-12 09:30:00-04:00,29.760000228881836,29.760000228881836,29.760000228881836,29.760000228881836,0,0.0,0.0,0.0
2024-08-12 09:50:00-04:00,29.75,29.763399124145508,29.75,29.75,1220,0.0,0.0,0.0
2024-08-12 10:05:00-04:00,29.760000228881836,29.760000228881836,29.75,29.75,279,0.0,0.0,0.0
2024-08-12 10:30:00-04:00,29.809999465942383,29.84000015258789,29.809999465942383,29.84000015258789,1246,0.0,0.0,0.0
2024-08-12 10:55:00-04:00,29.91309928894043,29.91309928894043,29.860000610351562,29.860000610351562,374,0.0,0.0,0.0
2024-08-12 11:50:00-04:00,29.829999923706055,29.829999923706055,29.829999923706055,29.829999923706055,178,0.0,0.0,0.0
2024-08-12 12:20:00-04:00,29.867300033569336,29.867300033569336,29.867300033569336,29.867300033569336,210,0.0,0.0,0.0
2024-08-12 13:25:00-04:00,29.850000381469727,29.850000381469727,29.850000381469727,29.850000381469727,186,0.0,0.0,0.0
2024-08-12 14:20:00-04:00,29.828500747680664,29.828500747680664,29.828500747680664,29.828500747680664,840,0.0,0.0,0.0
2024-08-12 14:30:00-04:00,29.84000015258789,29.854000091552734,29.84000015258789,29.854000091552734,449,0.0,0.0,0.0
2024-08-12 14:50:00-04:00,29.844999313354492,29.844999313354492,29.844999313354492,29.844999313354492,504,0.0,0.0,0.0
2024-08-12 14:55:00-04:00,29.81999969482422,29.81999969482422,29.81999969482422,29.81999969482422,109,0.0,0.0,0.0
2024-08-12 15:05:00-04:00,29.869600296020508,29.869600296020508,29.869600296020508,29.869600296020508,255,0.0,0.0,0.0
2024-08-12 15:25:00-04:00,29.871299743652344,29.871299743652344,29.871299743652344,29.871299743652344,403,0.0,0.0,0.0
2024-08-12 15:50:00-04:00,29.770000457763672,29.770000457763672,29.770000457763672,29.770000457763672,101,0.0,0.0,0.0
2024-08-13 09:40:00-04:00,29.90999984741211,29.90999984741211,29.90999984741211,29.90999984741211,240,0.0,0.0,0.0
2024-08-13 10:25:00-04:00,29.954999923706055,29.954999923706055,29.954999923706055,29.954999923706055,500,0.0,0.0,0.0
2024-08-13 10:30:00-04:00,29.90999984741211,29.90999984741211,29.90999984741211,29.90999984741211,125,0.0,0.0,0.0
2024-08-13 10:45:00-04:00,29.920000076293945,30.0,29.920000076293945,30.0,900,0.0,0.0,0.0
2024-08-13 10:55:00-04:00,29.996299743652344,29.996299743652344,29.9950008392334,29.9950008392334,1854,0.0,0.0,0.0
2024-08-13 11:00:00-04:00,30.025999069213867,30.025999069213867,30.025999069213867,30.025999069213867,288,0.0,0.0,0.0
2024-08-13 11:05:00-04:00,30.014999389648438,30.014999389648438,30.014999389648438,30.014999389648438,227,0.0,0.0,0.0
2024-08-13 11:10:00-04:00,29.959999084472656,30.014299392700195,29.959999084472656,29.979999542236328,2348,0.0,0.0,0.0
2024-08-13 11:55:00-04:00,30.0,30.039100646972656,30.0,30.039100646972656,517,0.0,0.0,0.0
2024-08-13 13:05:00-04:00,30.208599090576172,30.208599090576172,30.100000381469727,30.100000381469727,308,0.0,0.0,0.0
2024-08-13 13:10:00-04:00,30.1200008392334,30.1200008392334,30.1200008392334,30.1200008392334,100,0.0,0.0,0.0
2024-08-13 14:00:00-04:00,30.18000030517578,30.18000030517578,30.18000030517578,30.18000030517578,107,0.0,0.0,0.0
2024-08-13 14:10:00-04:00,30.200000762939453,30.200000762939453,30.200000762939453,30.200000762939453,156,0.0,0.0,0.0
2024-08-13 14:30:00-04:00,30.200000762939453,30.200000762939453,30.200000762939453,30.200000762939453,201,0.0,0.0,0.0
2024-08-13 15:00:00-04:00,30.15999984741211,30.235300064086914,30.15999984741211,30.235300064086914,0,0.0,0.0,0.0
2024-08-14 09:30:00-04:00,30.239999771118164,30.239999771118164,30.239999771118164,30.239999771118164,483,0.0,0.0,0.0
2024-08-14 09:40:00-04:00,30.219999313354492,30.219999313354492,30.219999313354492,30.219999313354492,100,0.0,0.0,0.0
2024-08-14 09:45:00-04:00,30.253999710083008,30.253999710083008,30.253999710083008,30.253999710083008,408,0.0,0.0,0.0
2024-08-14 10:05:00-04:00,30.190000534057617,30.190000534057617,30.190000534057617,30.190000534057617,122,0.0,0.0,0.0
2024-08-14 10:20:00-04:00,30.149999618530273,30.149999618530273,30.149999618530273,30.149999618530273,153,0.0,0.0,0.0
2024-08-14 10:30:00-04:00,30.15999984741211,30.15999984741211,30.15999984741211,30.15999984741211,698,0.0,0.0,0.0
2024-08-14 10:45:00-04:00,30.1200008392334,30.1200008392334,30.1200008392334,30.1200008392334,68766,0.0,0.0,0.0
2024-08-14 11:25:00-04:00,30.209999084472656,30.209999084472656,30.209999084472656,30.209999084472656,496,0.0,0.0,0.0
2024-08-14 12:25:00-04:00,30.19499969482422,30.19499969482422,30.19499969482422,30.19499969482422,3130,0.0,0.0,0.0
2024-08-14 12:35:00-04:00,30.149999618530273,30.149999618530273,30.149999618530273,30.149999618530273,114,0.0,0.0,0.0
2024-08-14 13:10:00-04:00,30.204999923706055,30.204999923706055,30.204999923706055,30.204999923706055,384,0.0,0.0,0.0
2024-08-14 14:45:00-04:00,30.259899139404297,30.259899139404297,30.259899139404297,30.259899139404297,308,0.0,0.0,0.0
2024-08-14 15:10:00-04:00,30.280000686645508,30.280000686645508,30.280000686645508,30.280000686645508,109,0.0,0.0,0.0
2024-08-14 15:15:00-04:00,30.2450008392334,30.2450008392334,30.2450008392334,30.2450008392334,223,0.0,0.0,0.0
2024-08-14 15:35:00-04:00,30.200000762939453,30.200000762939453,30.190000534057617,30.190000534057617,304,0.0,0.0,0.0
2024-08-14 15:50:00-04:00,30.229999542236328,30.229999542236328,30.229999542236328,30.229999542236328,383,0.0,0.0,0.0
2024-08-15 09:30:00-04:00,30.354400634765625,30.354400634765625,30.354400634765625,30.354400634765625,0,0.0,0.0,0.0
2024-08-15 10:00:00-04:00,30.46500015258789,30.46500015258789,30.46500015258789,30.46500015258789,1713,0.0,0.0,0.0
2024-08-15 10:25:00-04:00,30.43000030517578,30.43000030517578,30.43000030517578,30.43000030517578,101,0.0,0.0,0.0
2024-08-15 10:30:00-04:00,30.479999542236328,30.479999542236328,30.479999542236328,30.479999542236328,121,0.0,0.0,0.0
2024-08-15 11:20:00-04:00,30.5575008392334,30.5575008392334,30.5575008392334,30.5575008392334,661,0.0,0.0,0.0
2024-08-15 11:25:00-04:00,30.545000076293945,30.545000076293945,30.545000076293945,30.545000076293945,441,0.0,0.0,0.0
2024-08-15 12:30:00-04:00,30.564899444580078,30.564899444580078,30.564899444580078,30.564899444580078,202,0.0,0.0,0.0
2024-08-15 12:40:00-04:00,30.540000915527344,30.540000915527344,30.540000915527344,30.540000915527344,206,0.0,0.0,0.0
2024-08-15 13:40:00-04:00,30.57939910888672,30.57939910888672,30.57939910888672,30.57939910888672,326,0.0,0.0,0.0
2024-08-15 15:10:00-04:00,30.531999588012695,30.531999588012695,30.531999588012695,30.531999588012695,178,0.0,0.0,0.0
2024-08-15 15:40:00-04:00,30.545000076293945,30.545000076293945,30.51919937133789,30.51919937133789,320,0.0,0.0,0.0
2024-08-16 09:30:00-04:00,30.639999389648438,30.639999389648438,30.639999389648438,30.639999389648438,371,0.0,0.0,0.0
2024-08-16 10:15:00-04:00,30.709999084472656,30.709999084472656,30.709999084472656,30.709999084472656,311,0.0,0.0,0.0
2024-08-16 12:40:00-04:00,30.860000610351562,30.860000610351562,30.859899520874023,30.859899520874023,1310,0.0,0.0,0.0
2024-08-16 12:45:00-04:00,30.7893009185791,30.7893009185791,30.7893009185791,30.7893009185791,100,0.0,0.0,0.0
2024-08-16 12:55:00-04:00,30.88990020751953,30.88990020751953,30.88990020751953,30.88990020751953,287,0.0,0.0,0.0
2024-08-16 15:30:00-04:00,30.8700008392334,30.8700008392334,30.8700008392334,30.8700008392334,178,0.0,0.0,0.0
