Datetime,Open,High,Low,Close,Volume,Dividends,Stock Splits
2024-07-17 10:35:00-04:00,3.300100088119507,3.319999933242798,3.300100088119507,3.319999933242798,722,0.0,0.0
2024-07-17 10:40:00-04:00,3.309999942779541,3.319999933242798,3.309999942779541,3.319999933242798,1762,0.0,0.0
2024-07-17 10:55:00-04:00,3.325000047683716,3.325000047683716,3.325000047683716,3.325000047683716,241,0.0,0.0
2024-07-17 11:00:00-04:00,3.319999933242798,3.3299999237060547,3.319999933242798,3.319999933242798,1582,0.0,0.0
2024-07-17 11:15:00-04:00,3.319999933242798,3.319999933242798,3.319999933242798,3.319999933242798,100,0.0,0.0
2024-07-17 11:20:00-04:00,3.319999933242798,3.319999933242798,3.319999933242798,3.319999933242798,324,0.0,0.0
2024-07-17 11:25:00-04:00,3.325000047683716,3.325000047683716,3.325000047683716,3.325000047683716,699,0.0,0.0
2024-07-17 11:35:00-04:00,3.325000047683716,3.325000047683716,3.2899999618530273,3.309999942779541,7720,0.0,0.0
2024-07-17 11:40:00-04:00,3.319999933242798,3.319999933242798,3.309999942779541,3.309999942779541,542,0.0,0.0
2024-07-17 12:10:00-04:00,3.299999952316284,3.309999942779541,3.299999952316284,3.309999942779541,348,0.0,0.0
2024-07-17 12:20:00-04:00,3.309999942779541,3.309999942779541,3.309999942779541,3.309999942779541,192,0.0,0.0
2024-07-17 12:25:00-04:00,3.309999942779541,3.318000078201294,3.309999942779541,3.318000078201294,463,0.0,0.0
2024-07-17 12:30:00-04:00,3.318000078201294,3.318000078201294,3.318000078201294,3.318000078201294,190,0.0,0.0
2024-07-17 12:35:00-04:00,3.299999952316284,3.316800117492676,3.299999952316284,3.316800117492676,965,0.0,0.0
2024-07-17 12:55:00-04:00,3.318000078201294,3.318000078201294,3.302000045776367,3.302000045776367,596,0.0,0.0
2024-07-17 13:05:00-04:00,3.309999942779541,3.309999942779541,3.309999942779541,3.309999942779541,136,0.0,0.0
2024-07-17 13:10:00-04:00,3.299999952316284,3.309999942779541,3.299999952316284,3.309999942779541,624,0.0,0.0
2024-07-17 13:15:00-04:00,3.299999952316284,3.299999952316284,3.299999952316284,3.299999952316284,315,0.0,0.0
2024-07-17 13:20:00-04:00,3.2950000762939453,3.2950000762939453,3.2950000762939453,3.2950000762939453,1268,0.0,0.0
2024-07-17 14:20:00-04:00,3.2799999713897705,3.2799999713897705,3.2799999713897705,3.2799999713897705,825,0.0,0.0
2024-07-17 14:55:00-04:00,3.299999952316284,3.299999952316284,3.299999952316284,3.299999952316284,805,0.0,0.0
2024-07-17 15:00:00-04:00,3.309999942779541,3.309999942779541,3.309999942779541,3.309999942779541,285,0.0,0.0
2024-07-17 15:05:00-04:00,3.309999942779541,3.309999942779541,3.309999942779541,3.309999942779541,263,0.0,0.0
2024-07-17 15:10:00-04:00,3.309999942779541,3.309999942779541,3.309999942779541,3.309999942779541,512,0.0,0.0
2024-07-17 15:15:00-04:00,3.309999942779541,3.309999942779541,3.299999952316284,3.299999952316284,889,0.0,0.0
2024-07-17 15:20:00-04:00,3.309999942779541,3.309999942779541,3.309999942779541,3.309999942779541,1086,0.0,0.0
2024-07-17 15:25:00-04:00,3.309999942779541,3.309999942779541,3.309999942779541,3.309999942779541,266,0.0,0.0
2024-07-17 15:30:00-04:00,3.319999933242798,3.319999933242798,3.319999933242798,3.319999933242798,1026,0.0,0.0
2024-07-17 15:35:00-04:00,3.3299999237060547,3.3299999237060547,3.3299999237060547,3.3299999237060547,1237,0.0,0.0
2024-07-17 15:45:00-04:00,3.3299999237060547,3.3350000381469727,3.3299999237060547,3.3350000381469727,1793,0.0,0.0
2024-07-17 15:50:00-04:00,3.3399999141693115,3.3399999141693115,3.3399999141693115,3.3399999141693115,796,0.0,0.0
2024-07-17 15:55:00-04:00,3.3350000381469727,3.3499999046325684,3.3299999237060547,3.3499999046325684,6586,0.0,0.0
2024-07-18 09:30:00-04:00,3.3299999237060547,3.3299999237060547,3.3299999237060547,3.3299999237060547,2289,0.0,0.0
2024-07-18 10:10:00-04:00,3.325000047683716,3.325000047683716,3.325000047683716,3.325000047683716,172,0.0,0.0
2024-07-18 11:05:00-04:00,3.3299999237060547,3.3499999046325684,3.3299999237060547,3.3499999046325684,5475,0.0,0.0
2024-07-18 11:35:00-04:00,3.3299999237060547,3.3299999237060547,3.2899999618530273,3.2899999618530273,10168,0.0,0.0
2024-07-18 11:45:00-04:00,3.299999952316284,3.299999952316284,3.2899999618530273,3.2899999618530273,457,0.0,0.0
2024-07-18 11:50:00-04:00,3.3029000759124756,3.3029000759124756,3.3029000759124756,3.3029000759124756,289,0.0,0.0
2024-07-18 12:05:00-04:00,3.302000045776367,3.302000045776367,3.302000045776367,3.302000045776367,153,0.0,0.0
2024-07-18 12:20:00-04:00,3.299999952316284,3.309999942779541,3.2899999618530273,3.2899999618530273,1480,0.0,0.0
2024-07-18 12:30:00-04:00,3.280100107192993,3.280100107192993,3.280100107192993,3.280100107192993,1546,0.0,0.0
2024-07-18 12:40:00-04:00,3.2950000762939453,3.2950000762939453,3.2950000762939453,3.2950000762939453,2791,0.0,0.0
2024-07-18 13:15:00-04:00,3.2950000762939453,3.2950000762939453,3.2950000762939453,3.2950000762939453,1125,0.0,0.0
2024-07-18 13:20:00-04:00,3.2950000762939453,3.299799919128418,3.2899999618530273,3.2950000762939453,1935,0.0,0.0
2024-07-18 13:45:00-04:00,3.2906999588012695,3.2906999588012695,3.2906999588012695,3.2906999588012695,123,0.0,0.0
2024-07-18 14:05:00-04:00,3.2699999809265137,3.2699999809265137,3.2699999809265137,3.2699999809265137,1188,0.0,0.0
2024-07-18 15:05:00-04:00,3.2699999809265137,3.2699999809265137,3.2699999809265137,3.2699999809265137,1180,0.0,0.0
2024-07-18 15:15:00-04:00,3.2699999809265137,3.2699999809265137,3.2699999809265137,3.2699999809265137,232,0.0,0.0
2024-07-18 15:20:00-04:00,3.2699999809265137,3.2699999809265137,3.2699999809265137,3.2699999809265137,417,0.0,0.0
2024-07-18 15:55:00-04:00,3.259999990463257,3.2699999809265137,3.259999990463257,3.2699999809265137,2048,0.0,0.0
2024-07-19 09:50:00-04:00,3.299999952316284,3.299999952316284,3.299999952316284,3.299999952316284,797,0.0,0.0
2024-07-19 10:30:00-04:00,3.2799999713897705,3.2799999713897705,3.2699999809265137,3.2699999809265137,1018,0.0,0.0
2024-07-19 11:25:00-04:00,3.25,3.25,3.25,3.25,278,0.0,0.0
2024-07-19 11:55:00-04:00,3.2207999229431152,3.239799976348877,3.2207999229431152,3.239799976348877,2398,0.0,0.0
2024-07-19 13:15:00-04:00,3.23009991645813,3.23009991645813,3.23009991645813,3.23009991645813,612,0.0,0.0
2024-07-19 13:50:00-04:00,3.2300000190734863,3.240000009536743,3.2300000190734863,3.240000009536743,5441,0.0,0.0
2024-07-19 15:00:00-04:00,3.25,3.259999990463257,3.25,3.259999990463257,2304,0.0,0.0
2024-07-19 15:30:00-04:00,3.240000009536743,3.240000009536743,3.240000009536743,3.240000009536743,270,0.0,0.0
2024-07-19 15:40:00-04:00,3.2692999839782715,3.2692999839782715,3.25,3.25,402,0.0,0.0
2024-07-19 15:50:00-04:00,3.25,3.25,3.25,3.25,159,0.0,0.0
2024-07-19 15:55:00-04:00,3.2699999809265137,3.2699999809265137,3.240000009536743,3.2699999809265137,989,0.0,0.0
2024-07-22 09:30:00-04:00,3.25,3.25,3.25,3.25,0,0.0,0.0
2024-07-22 12:20:00-04:00,3.2479000091552734,3.2479000091552734,3.2479000091552734,3.2479000091552734,163,0.0,0.0
2024-07-22 13:10:00-04:00,3.2481000423431396,3.2481000423431396,3.2481000423431396,3.2481000423431396,257,0.0,0.0
2024-07-22 15:05:00-04:00,3.23009991645813,3.23009991645813,3.23009991645813,3.23009991645813,0,0.0,0.0
2024-07-22 15:55:00-04:00,3.240000009536743,3.25,3.2309999465942383,3.2309999465942383,4195,0.0,0.0
2024-07-23 09:30:00-04:00,3.2300000190734863,3.2300000190734863,3.2300000190734863,3.2300000190734863,86,0.0,0.0
2024-07-23 09:35:00-04:00,3.2300000190734863,3.2300000190734863,3.2300000190734863,3.2300000190734863,379,0.0,0.0
2024-07-23 10:45:00-04:00,3.2300000190734863,3.2300000190734863,3.2300000190734863,3.2300000190734863,278,0.0,0.0
2024-07-23 11:10:00-04:00,3.2369000911712646,3.2369000911712646,3.2369000911712646,3.2369000911712646,313,0.0,0.0
2024-07-23 11:45:00-04:00,3.2200000286102295,3.2200000286102295,3.2200000286102295,3.2200000286102295,2477,0.0,0.0
2024-07-23 11:55:00-04:00,3.2298998832702637,3.2298998832702637,3.200000047683716,3.200000047683716,5115,0.0,0.0
2024-07-23 12:25:00-04:00,3.219899892807007,3.219899892807007,3.219899892807007,3.219899892807007,225,0.0,0.0
2024-07-23 12:45:00-04:00,3.2100000381469727,3.2100000381469727,3.2100000381469727,3.2100000381469727,973,0.0,0.0
2024-07-23 13:00:00-04:00,3.2200000286102295,3.2200000286102295,3.2200000286102295,3.2200000286102295,300,0.0,0.0
2024-07-23 13:05:00-04:00,3.2200000286102295,3.2200000286102295,3.2200000286102295,3.2200000286102295,539,0.0,0.0
2024-07-23 14:00:00-04:00,3.2200000286102295,3.2200000286102295,3.2200000286102295,3.2200000286102295,536,0.0,0.0
2024-07-23 14:05:00-04:00,3.2300000190734863,3.2300000190734863,3.2300000190734863,3.2300000190734863,239,0.0,0.0
2024-07-23 14:10:00-04:00,3.2300000190734863,3.240000009536743,3.2300000190734863,3.240000009536743,836,0.0,0.0
2024-07-23 14:15:00-04:00,3.240000009536743,3.25,3.240000009536743,3.25,835,0.0,0.0
2024-07-23 14:20:00-04:00,3.240000009536743,3.2799999713897705,3.240000009536743,3.2799999713897705,2016,0.0,0.0
2024-07-23 14:25:00-04:00,3.2699999809265137,3.2699999809265137,3.2699999809265137,3.2699999809265137,1109,0.0,0.0
2024-07-23 14:30:00-04:00,3.2699999809265137,3.2799999713897705,3.2699999809265137,3.2799999713897705,900,0.0,0.0
2024-07-23 14:35:00-04:00,3.2799999713897705,3.2799999713897705,3.2799999713897705,3.2799999713897705,1007,0.0,0.0
2024-07-23 14:40:00-04:00,3.2899999618530273,3.2899999618530273,3.2799999713897705,3.2899999618530273,900,0.0,0.0
2024-07-23 14:45:00-04:00,3.2899999618530273,3.309999942779541,3.2699999809265137,3.309999942779541,1429,0.0,0.0
2024-07-23 14:50:00-04:00,3.309999942779541,3.319999933242798,3.299999952316284,3.309999942779541,1222,0.0,0.0
2024-07-23 14:55:00-04:00,3.319999933242798,3.3299999237060547,3.319999933242798,3.3299999237060547,1405,0.0,0.0
2024-07-23 15:00:00-04:00,3.3299999237060547,3.3499999046325684,3.319999933242798,3.319999933242798,2286,0.0,0.0
2024-07-23 15:05:00-04:00,3.3299999237060547,3.3499999046325684,3.3299999237060547,3.3499999046325684,1391,0.0,0.0
2024-07-23 15:10:00-04:00,3.3499999046325684,3.3499999046325684,3.3399999141693115,3.3399999141693115,1107,0.0,0.0
2024-07-23 15:15:00-04:00,3.3499999046325684,3.3499999046325684,3.3499999046325684,3.3499999046325684,1200,0.0,0.0
2024-07-23 15:20:00-04:00,3.3499999046325684,3.3499999046325684,3.3499999046325684,3.3499999046325684,1333,0.0,0.0
2024-07-23 15:25:00-04:00,3.3499999046325684,3.3499999046325684,3.3499999046325684,3.3499999046325684,1248,0.0,0.0
2024-07-23 15:30:00-04:00,3.3499999046325684,3.3499999046325684,3.3350000381469727,3.3499999046325684,2411,0.0,0.0
2024-07-23 15:35:00-04:00,3.3499999046325684,3.3499999046325684,3.3350000381469727,3.3499999046325684,1770,0.0,0.0
2024-07-23 15:40:00-04:00,3.3499999046325684,3.3499999046325684,3.3350000381469727,3.3499999046325684,2805,0.0,0.0
2024-07-23 15:45:00-04:00,3.3499999046325684,3.3499999046325684,3.3350000381469727,3.3399999141693115,2896,0.0,0.0
2024-07-23 15:50:00-04:00,3.3399999141693115,3.3499999046325684,3.319999933242798,3.3499999046325684,5319,0.0,0.0
2024-07-23 15:55:00-04:00,3.3499999046325684,3.369999885559082,3.3299999237060547,3.359999895095825,9600,0.0,0.0
2024-07-24 09:30:00-04:00,3.380000114440918,3.380000114440918,3.380000114440918,3.380000114440918,528,0.0,0.0
2024-07-24 10:35:00-04:00,3.3299999237060547,3.3299999237060547,3.3299999237060547,3.3299999237060547,215,0.0,0.0
2024-07-24 11:00:00-04:00,3.3350000381469727,3.3350000381469727,3.327500104904175,3.327500104904175,765,0.0,0.0
2024-07-24 11:50:00-04:00,3.3101000785827637,3.319999933242798,3.3101000785827637,3.319999933242798,1202,0.0,0.0
2024-07-24 12:05:00-04:00,3.319999933242798,3.319999933242798,3.319999933242798,3.319999933242798,141,0.0,0.0
2024-07-24 12:35:00-04:00,3.319999933242798,3.319999933242798,3.3125,3.3125,5029,0.0,0.0
2024-07-24 13:00:00-04:00,3.315000057220459,3.315000057220459,3.315000057220459,3.315000057220459,3512,0.0,0.0
2024-07-24 13:45:00-04:00,3.308199882507324,3.308199882507324,3.308199882507324,3.308199882507324,1137,0.0,0.0
2024-07-24 14:35:00-04:00,3.309999942779541,3.309999942779541,3.309999942779541,3.309999942779541,5406,0.0,0.0
2024-07-24 14:40:00-04:00,3.305000066757202,3.305000066757202,3.305000066757202,3.305000066757202,105,0.0,0.0
2024-07-24 14:55:00-04:00,3.309999942779541,3.309999942779541,3.309999942779541,3.309999942779541,207,0.0,0.0
2024-07-24 15:00:00-04:00,3.309999942779541,3.319999933242798,3.305000066757202,3.309999942779541,1238,0.0,0.0
2024-07-24 15:25:00-04:00,3.309999942779541,3.309999942779541,3.309999942779541,3.309999942779541,107,0.0,0.0
2024-07-24 15:30:00-04:00,3.305000066757202,3.305000066757202,3.305000066757202,3.305000066757202,101,0.0,0.0
2024-07-24 15:35:00-04:00,3.305000066757202,3.305000066757202,3.305000066757202,3.305000066757202,140,0.0,0.0
2024-07-24 15:40:00-04:00,3.299999952316284,3.299999952316284,3.299999952316284,3.299999952316284,297,0.0,0.0
2024-07-24 15:50:00-04:00,3.2950000762939453,3.2950000762939453,3.2899999618530273,3.2899999618530273,1190,0.0,0.0
2024-07-24 15:55:00-04:00,3.2802999019622803,3.2850000858306885,3.2799999713897705,3.2799999713897705,1680,0.0,0.0
2024-07-25 09:30:00-04:00,3.259999990463257,3.259999990463257,3.259999990463257,3.259999990463257,540,0.0,0.0
2024-07-25 10:10:00-04:00,3.305000066757202,3.305000066757202,3.2899999618530273,3.2899999618530273,1315,0.0,0.0
2024-07-25 10:35:00-04:00,3.259999990463257,3.259999990463257,3.259999990463257,3.259999990463257,128,0.0,0.0
2024-07-25 11:00:00-04:00,3.265000104904175,3.265000104904175,3.265000104904175,3.265000104904175,461,0.0,0.0
2024-07-25 11:15:00-04:00,3.259999990463257,3.259999990463257,3.259999990463257,3.259999990463257,111,0.0,0.0
2024-07-25 11:30:00-04:00,3.25,3.25,3.25,3.25,204,0.0,0.0
2024-07-25 11:45:00-04:00,3.25,3.25,3.25,3.25,186,0.0,0.0
2024-07-25 12:45:00-04:00,3.25,3.25,3.25,3.25,140,0.0,0.0
2024-07-25 12:50:00-04:00,3.25,3.25,3.25,3.25,109,0.0,0.0
2024-07-25 13:10:00-04:00,3.25,3.25,3.25,3.25,2191,0.0,0.0
2024-07-25 13:40:00-04:00,3.25,3.25,3.2400999069213867,3.2400999069213867,1522,0.0,0.0
2024-07-25 13:45:00-04:00,3.25,3.25,3.25,3.25,283,0.0,0.0
2024-07-25 14:00:00-04:00,3.240000009536743,3.244999885559082,3.240000009536743,3.242500066757202,1341,0.0,0.0
2024-07-25 14:15:00-04:00,3.240000009536743,3.240000009536743,3.240000009536743,3.240000009536743,416,0.0,0.0
2024-07-25 14:30:00-04:00,3.2300000190734863,3.2300000190734863,3.2300000190734863,3.2300000190734863,127,0.0,0.0
2024-07-25 14:40:00-04:00,3.2300000190734863,3.2300000190734863,3.2300000190734863,3.2300000190734863,170,0.0,0.0
2024-07-25 14:50:00-04:00,3.240000009536743,3.240000009536743,3.2300000190734863,3.2300000190734863,768,0.0,0.0
2024-07-25 15:05:00-04:00,3.2300000190734863,3.2300000190734863,3.2300000190734863,3.2300000190734863,475,0.0,0.0
2024-07-25 15:10:00-04:00,3.2300000190734863,3.2300000190734863,3.2300000190734863,3.2300000190734863,355,0.0,0.0
2024-07-25 15:40:00-04:00,3.2300000190734863,3.2300000190734863,3.2300000190734863,3.2300000190734863,229,0.0,0.0
2024-07-25 15:45:00-04:00,3.240000009536743,3.25,3.240000009536743,3.240000009536743,735,0.0,0.0
2024-07-25 15:55:00-04:00,3.2300000190734863,3.25,3.2200000286102295,3.2300000190734863,3825,0.0,0.0
2024-07-26 09:40:00-04:00,3.23009991645813,3.23009991645813,3.23009991645813,3.23009991645813,415,0.0,0.0
2024-07-26 09:45:00-04:00,3.259999990463257,3.259999990463257,3.259999990463257,3.259999990463257,312,0.0,0.0
2024-07-26 10:00:00-04:00,3.25,3.25,3.25,3.25,230,0.0,0.0
2024-07-26 10:20:00-04:00,3.2499001026153564,3.2499001026153564,3.2300000190734863,3.2300000190734863,4513,0.0,0.0
2024-07-26 10:25:00-04:00,3.2300000190734863,3.240000009536743,3.2300000190734863,3.240000009536743,543,0.0,0.0
2024-07-26 10:30:00-04:00,3.229099988937378,3.229099988937378,3.229099988937378,3.229099988937378,1013,0.0,0.0
2024-07-26 11:00:00-04:00,3.2100000381469727,3.2200000286102295,3.2100000381469727,3.213099956512451,2770,0.0,0.0
2024-07-26 11:15:00-04:00,3.2100000381469727,3.2100000381469727,3.2100000381469727,3.2100000381469727,505,0.0,0.0
2024-07-26 11:35:00-04:00,3.2300000190734863,3.2300000190734863,3.2249999046325684,3.2300000190734863,4591,0.0,0.0
2024-07-26 11:50:00-04:00,3.220099925994873,3.2300000190734863,3.2100000381469727,3.2200000286102295,14450,0.0,0.0
2024-07-26 11:55:00-04:00,3.2100000381469727,3.2100000381469727,3.2100000381469727,3.2100000381469727,0,0.0,0.0
2024-07-26 12:05:00-04:00,3.20989990234375,3.20989990234375,3.2049999237060547,3.2049999237060547,36934,0.0,0.0
2024-07-26 12:45:00-04:00,3.2100000381469727,3.2300000190734863,3.2100000381469727,3.2300000190734863,2010,0.0,0.0
2024-07-26 13:05:00-04:00,3.240000009536743,3.240000009536743,3.240000009536743,3.240000009536743,405,0.0,0.0
2024-07-26 13:20:00-04:00,3.240000009536743,3.240000009536743,3.240000009536743,3.240000009536743,303,0.0,0.0
2024-07-26 13:45:00-04:00,3.25,3.25,3.25,3.25,123,0.0,0.0
2024-07-26 13:55:00-04:00,3.265000104904175,3.265000104904175,3.265000104904175,3.265000104904175,2596,0.0,0.0
2024-07-26 14:25:00-04:00,3.265000104904175,3.265000104904175,3.265000104904175,3.265000104904175,157,0.0,0.0
2024-07-26 14:40:00-04:00,3.2699999809265137,3.2699999809265137,3.2699999809265137,3.2699999809265137,103,0.0,0.0
2024-07-26 15:00:00-04:00,3.2799999713897705,3.2799999713897705,3.2799999713897705,3.2799999713897705,656,0.0,0.0
2024-07-26 15:15:00-04:00,3.2750000953674316,3.2750000953674316,3.2750000953674316,3.2750000953674316,114,0.0,0.0
2024-07-26 15:35:00-04:00,3.2750000953674316,3.276400089263916,3.2750000953674316,3.276400089263916,2053,0.0,0.0
2024-07-26 15:40:00-04:00,3.2699999809265137,3.2699999809265137,3.2699999809265137,3.2699999809265137,1021,0.0,0.0
2024-07-26 15:45:00-04:00,3.2750000953674316,3.2899999618530273,3.2699999809265137,3.2699999809265137,855,0.0,0.0
2024-07-26 15:55:00-04:00,3.2899999618530273,3.2899999618530273,3.2899999618530273,3.2899999618530273,782,0.0,0.0
2024-07-29 09:30:00-04:00,3.3299999237060547,3.3299999237060547,3.3299999237060547,3.3299999237060547,1745,0.0,0.0
2024-07-29 09:40:00-04:00,3.328700065612793,3.328700065612793,3.328700065612793,3.328700065612793,2158,0.0,0.0
2024-07-29 10:10:00-04:00,3.2950000762939453,3.2950000762939453,3.2950000762939453,3.2950000762939453,375,0.0,0.0
2024-07-29 10:30:00-04:00,3.319999933242798,3.319999933242798,3.319999933242798,3.319999933242798,113,0.0,0.0
2024-07-29 10:45:00-04:00,3.309000015258789,3.3094000816345215,3.309000015258789,3.3094000816345215,656,0.0,0.0
2024-07-29 10:50:00-04:00,3.299999952316284,3.299999952316284,3.299999952316284,3.299999952316284,502,0.0,0.0
2024-07-29 11:00:00-04:00,3.259999990463257,3.259999990463257,3.259999990463257,3.259999990463257,1762,0.0,0.0
2024-07-29 11:25:00-04:00,3.277400016784668,3.277400016784668,3.277400016784668,3.277400016784668,1103,0.0,0.0
2024-07-29 11:30:00-04:00,3.2690999507904053,3.2750000953674316,3.2690999507904053,3.2750000953674316,555,0.0,0.0
2024-07-29 11:35:00-04:00,3.259999990463257,3.259999990463257,3.259999990463257,3.259999990463257,1150,0.0,0.0
2024-07-29 12:00:00-04:00,3.259999990463257,3.259999990463257,3.259999990463257,3.259999990463257,1605,0.0,0.0
2024-07-29 13:10:00-04:00,3.2699999809265137,3.2699999809265137,3.259999990463257,3.2699999809265137,464,0.0,0.0
2024-07-29 13:35:00-04:00,3.26990008354187,3.2799999713897705,3.2695000171661377,3.2695000171661377,3202,0.0,0.0
2024-07-29 13:45:00-04:00,3.2899999618530273,3.2899999618530273,3.2899999618530273,3.2899999618530273,0,0.0,0.0
2024-07-29 14:10:00-04:00,3.2699999809265137,3.2850000858306885,3.2699999809265137,3.2850000858306885,17990,0.0,0.0
2024-07-29 14:15:00-04:00,3.2850000858306885,3.2850000858306885,3.2850000858306885,3.2850000858306885,200,0.0,0.0
2024-07-29 14:20:00-04:00,3.2850000858306885,3.2850000858306885,3.2850000858306885,3.2850000858306885,100,0.0,0.0
2024-07-29 14:35:00-04:00,3.2850000858306885,3.2850000858306885,3.2850000858306885,3.2850000858306885,101,0.0,0.0
2024-07-29 14:40:00-04:00,3.2850000858306885,3.2850000858306885,3.2850000858306885,3.2850000858306885,100,0.0,0.0
2024-07-29 14:45:00-04:00,3.27020001411438,3.27020001411438,3.27020001411438,3.27020001411438,2251,0.0,0.0
2024-07-29 15:00:00-04:00,3.2799999713897705,3.2799999713897705,3.2799999713897705,3.2799999713897705,111,0.0,0.0
2024-07-29 15:25:00-04:00,3.2799999713897705,3.2799999713897705,3.2799999713897705,3.2799999713897705,351,0.0,0.0
2024-07-29 15:30:00-04:00,3.2699999809265137,3.2799999713897705,3.2699999809265137,3.2799999713897705,2659,0.0,0.0
2024-07-29 15:40:00-04:00,3.2799999713897705,3.2799999713897705,3.2799999713897705,3.2799999713897705,103,0.0,0.0
2024-07-29 15:45:00-04:00,3.2799999713897705,3.2799999713897705,3.2799999713897705,3.2799999713897705,100,0.0,0.0
2024-07-29 15:55:00-04:00,3.2799999713897705,3.2799999713897705,3.259999990463257,3.2799999713897705,2750,0.0,0.0
2024-07-30 09:30:00-04:00,3.25,3.25,3.25,3.25,449,0.0,0.0
2024-07-30 10:15:00-04:00,3.2300000190734863,3.2300000190734863,3.2300000190734863,3.2300000190734863,576,0.0,0.0
2024-07-30 10:25:00-04:00,3.25,3.25,3.25,3.25,101,0.0,0.0
2024-07-30 10:30:00-04:00,3.2300000190734863,3.259999990463257,3.2300000190734863,3.25,1166,0.0,0.0
2024-07-30 10:45:00-04:00,3.240000009536743,3.240000009536743,3.2300000190734863,3.2300000190734863,395,0.0,0.0
2024-07-30 10:50:00-04:00,3.240000009536743,3.240000009536743,3.240000009536743,3.240000009536743,100,0.0,0.0
2024-07-30 10:55:00-04:00,3.240000009536743,3.240000009536743,3.240000009536743,3.240000009536743,300,0.0,0.0
2024-07-30 11:05:00-04:00,3.2300000190734863,3.2300000190734863,3.2300000190734863,3.2300000190734863,341,0.0,0.0
2024-07-30 11:30:00-04:00,3.2200000286102295,3.2200000286102295,3.2200000286102295,3.2200000286102295,102,0.0,0.0
2024-07-30 11:35:00-04:00,3.239500045776367,3.239500045776367,3.239500045776367,3.239500045776367,2280,0.0,0.0
2024-07-30 11:55:00-04:00,3.2699999809265137,3.2699999809265137,3.2699999809265137,3.2699999809265137,386,0.0,0.0
2024-07-30 12:25:00-04:00,3.259999990463257,3.259999990463257,3.259999990463257,3.259999990463257,263,0.0,0.0
2024-07-30 12:45:00-04:00,3.25,3.25,3.25,3.25,562,0.0,0.0
2024-07-30 14:05:00-04:00,3.259999990463257,3.259999990463257,3.259999990463257,3.259999990463257,198,0.0,0.0
2024-07-30 14:20:00-04:00,3.25,3.25,3.25,3.25,0,0.0,0.0
2024-07-30 15:05:00-04:00,3.25,3.25,3.25,3.25,7517,0.0,0.0
2024-07-30 15:40:00-04:00,3.25,3.25,3.25,3.25,644,0.0,0.0
2024-07-30 15:50:00-04:00,3.259999990463257,3.259999990463257,3.25,3.259999990463257,691,0.0,0.0
2024-07-30 15:55:00-04:00,3.25,3.259999990463257,3.25,3.255000114440918,884,0.0,0.0
2024-07-31 09:30:00-04:00,3.299999952316284,3.299999952316284,3.299999952316284,3.299999952316284,2470,0.0,0.0
2024-07-31 09:35:00-04:00,3.285099983215332,3.285099983215332,3.285099983215332,3.285099983215332,204,0.0,0.0
2024-07-31 09:40:00-04:00,3.2799999713897705,3.2799999713897705,3.2799999713897705,3.2799999713897705,525,0.0,0.0
2024-07-31 09:50:00-04:00,3.2899999618530273,3.2899999618530273,3.2899999618530273,3.2899999618530273,1180,0.0,0.0
2024-07-31 10:05:00-04:00,3.2799999713897705,3.2799999713897705,3.2699999809265137,3.2725000381469727,4891,0.0,0.0
2024-07-31 10:15:00-04:00,3.265000104904175,3.265000104904175,3.265000104904175,3.265000104904175,266,0.0,0.0
2024-07-31 10:25:00-04:00,3.2799999713897705,3.2799999713897705,3.2699999809265137,3.2699999809265137,257,0.0,0.0
2024-07-31 10:30:00-04:00,3.25,3.25,3.25,3.25,311,0.0,0.0
2024-07-31 10:50:00-04:00,3.25,3.259999990463257,3.25,3.259999990463257,1642,0.0,0.0
2024-07-31 10:55:00-04:00,3.2699999809265137,3.2699999809265137,3.2699999809265137,3.2699999809265137,222,0.0,0.0
2024-07-31 11:40:00-04:00,3.2699999809265137,3.2699999809265137,3.2699999809265137,3.2699999809265137,164,0.0,0.0
2024-07-31 12:15:00-04:00,3.259999990463257,3.2699999809265137,3.259999990463257,3.2699999809265137,230,0.0,0.0
2024-07-31 12:35:00-04:00,3.25,3.25,3.25,3.25,120,0.0,0.0
2024-07-31 12:45:00-04:00,3.25,3.25,3.25,3.25,1058,0.0,0.0
2024-07-31 13:20:00-04:00,3.2699999809265137,3.2699999809265137,3.2699999809265137,3.2699999809265137,117,0.0,0.0
2024-07-31 13:25:00-04:00,3.2699999809265137,3.2699999809265137,3.2699999809265137,3.2699999809265137,116,0.0,0.0
2024-07-31 13:30:00-04:00,3.2690000534057617,3.2690000534057617,3.2690000534057617,3.2690000534057617,109,0.0,0.0
2024-07-31 13:45:00-04:00,3.2699999809265137,3.2699999809265137,3.259999990463257,3.259999990463257,280,0.0,0.0
2024-07-31 14:00:00-04:00,3.265000104904175,3.265000104904175,3.265000104904175,3.265000104904175,471,0.0,0.0
2024-07-31 14:25:00-04:00,3.25,3.25,3.25,3.25,119,0.0,0.0
2024-07-31 14:30:00-04:00,3.25,3.25,3.25,3.25,768,0.0,0.0
2024-07-31 14:50:00-04:00,3.2699999809265137,3.2699999809265137,3.265000104904175,3.265000104904175,2430,0.0,0.0
2024-07-31 14:55:00-04:00,3.2699999809265137,3.2699999809265137,3.259999990463257,3.259999990463257,960,0.0,0.0
2024-07-31 15:00:00-04:00,3.2699999809265137,3.2699999809265137,3.265000104904175,3.2699999809265137,703,0.0,0.0
2024-07-31 15:05:00-04:00,3.2899999618530273,3.2899999618530273,3.2899999618530273,3.2899999618530273,300,0.0,0.0
2024-07-31 15:10:00-04:00,3.299999952316284,3.299999952316284,3.299999952316284,3.299999952316284,1519,0.0,0.0
2024-07-31 15:15:00-04:00,3.299999952316284,3.299999952316284,3.299999952316284,3.299999952316284,196,0.0,0.0
2024-07-31 15:25:00-04:00,3.309999942779541,3.309999942779541,3.309999942779541,3.309999942779541,593,0.0,0.0
2024-07-31 15:30:00-04:00,3.300600051879883,3.300600051879883,3.2899999618530273,3.299999952316284,5181,0.0,0.0
2024-07-31 15:35:00-04:00,3.2899999618530273,3.299999952316284,3.2799999713897705,3.2799999713897705,2548,0.0,0.0
2024-07-31 15:55:00-04:00,3.2799999713897705,3.2799999713897705,3.2699999809265137,3.2699999809265137,957,0.0,0.0
2024-08-01 09:30:00-04:00,3.259999990463257,3.259999990463257,3.259999990463257,3.259999990463257,160,0.0,0.0
2024-08-01 09:40:00-04:00,3.240000009536743,3.240000009536743,3.240000009536743,3.240000009536743,3501,0.0,0.0
2024-08-01 10:50:00-04:00,3.25,3.259999990463257,3.25,3.259999990463257,0,0.0,0.0
2024-08-01 11:25:00-04:00,3.25,3.259999990463257,3.25,3.25,27344,0.0,0.0
2024-08-01 11:30:00-04:00,3.25,3.25,3.25,3.25,326,0.0,0.0
2024-08-01 12:00:00-04:00,3.2551000118255615,3.2551000118255615,3.2551000118255615,3.2551000118255615,784,0.0,0.0
2024-08-01 12:30:00-04:00,3.25,3.25,3.25,3.25,526,0.0,0.0
2024-08-01 13:00:00-04:00,3.255000114440918,3.255000114440918,3.255000114440918,3.255000114440918,125,0.0,0.0
2024-08-01 13:25:00-04:00,3.2597999572753906,3.2597999572753906,3.2597999572753906,3.2597999572753906,289,0.0,0.0
2024-08-01 14:15:00-04:00,3.255000114440918,3.255000114440918,3.255000114440918,3.255000114440918,126,0.0,0.0
2024-08-01 14:55:00-04:00,3.259999990463257,3.259999990463257,3.255000114440918,3.259999990463257,1647,0.0,0.0
2024-08-01 15:00:00-04:00,3.255000114440918,3.255000114440918,3.255000114440918,3.255000114440918,316,0.0,0.0
2024-08-01 15:10:00-04:00,3.259999990463257,3.259999990463257,3.259999990463257,3.259999990463257,213,0.0,0.0
2024-08-01 15:35:00-04:00,3.255000114440918,3.255000114440918,3.255000114440918,3.255000114440918,892,0.0,0.0
2024-08-01 15:40:00-04:00,3.259999990463257,3.259999990463257,3.259999990463257,3.259999990463257,1291,0.0,0.0
2024-08-01 15:45:00-04:00,3.259999990463257,3.259999990463257,3.259999990463257,3.259999990463257,1465,0.0,0.0
2024-08-01 15:55:00-04:00,3.259999990463257,3.2699999809265137,3.259999990463257,3.259999990463257,1417,0.0,0.0
2024-08-02 09:30:00-04:00,3.240000009536743,3.240000009536743,3.240000009536743,3.240000009536743,0,0.0,0.0
2024-08-02 09:35:00-04:00,3.240000009536743,3.25,3.240000009536743,3.25,2252,0.0,0.0
2024-08-02 09:55:00-04:00,3.2200000286102295,3.2200000286102295,3.2200000286102295,3.2200000286102295,296,0.0,0.0
2024-08-02 10:00:00-04:00,3.2300000190734863,3.2300000190734863,3.2300000190734863,3.2300000190734863,100,0.0,0.0
2024-08-02 10:10:00-04:00,3.2300000190734863,3.2300000190734863,3.2300000190734863,3.2300000190734863,615,0.0,0.0
2024-08-02 10:15:00-04:00,3.2200000286102295,3.240000009536743,3.2200000286102295,3.240000009536743,450,0.0,0.0
2024-08-02 10:25:00-04:00,3.2300000190734863,3.2300000190734863,3.2300000190734863,3.2300000190734863,101,0.0,0.0
2024-08-02 10:30:00-04:00,3.2300000190734863,3.2300000190734863,3.2300000190734863,3.2300000190734863,105,0.0,0.0
2024-08-02 10:35:00-04:00,3.2300000190734863,3.240000009536743,3.200000047683716,3.2200000286102295,6541,0.0,0.0
2024-08-02 10:40:00-04:00,3.200000047683716,3.259999990463257,3.200000047683716,3.25,17778,0.0,0.0
2024-08-02 10:45:00-04:00,3.25,3.25,3.25,3.25,4637,0.0,0.0
2024-08-02 10:50:00-04:00,3.255000114440918,3.255000114440918,3.255000114440918,3.255000114440918,756,0.0,0.0
2024-08-02 11:00:00-04:00,3.259000062942505,3.259999990463257,3.259000062942505,3.259999990463257,624,0.0,0.0
2024-08-02 11:10:00-04:00,3.25,3.25,3.25,3.25,111,0.0,0.0
2024-08-02 11:15:00-04:00,3.2544000148773193,3.2544000148773193,3.2544000148773193,3.2544000148773193,116,0.0,0.0
2024-08-02 11:25:00-04:00,3.25,3.25,3.25,3.25,106,0.0,0.0
2024-08-02 11:30:00-04:00,3.25,3.25,3.25,3.25,109,0.0,0.0
2024-08-02 11:40:00-04:00,3.2569000720977783,3.2569000720977783,3.2569000720977783,3.2569000720977783,0,0.0,0.0
2024-08-02 11:55:00-04:00,3.25,3.25,3.25,3.25,35577,0.0,0.0
2024-08-02 12:00:00-04:00,3.255000114440918,3.255000114440918,3.25,3.2530999183654785,17542,0.0,0.0
2024-08-02 12:05:00-04:00,3.25,3.255000114440918,3.25,3.25,8611,0.0,0.0
2024-08-02 12:10:00-04:00,3.25,3.255000114440918,3.25,3.253700017929077,5809,0.0,0.0
2024-08-02 12:15:00-04:00,3.25,3.255000114440918,3.25,3.25,24196,0.0,0.0
2024-08-02 12:20:00-04:00,3.25,3.255000114440918,3.25,3.25,17296,0.0,0.0
2024-08-02 12:25:00-04:00,3.255000114440918,3.25600004196167,3.25,3.25,10100,0.0,0.0
2024-08-02 12:30:00-04:00,3.25,3.25,3.25,3.25,124,0.0,0.0
2024-08-02 12:45:00-04:00,3.25,3.25,3.25,3.25,100,0.0,0.0
2024-08-02 12:50:00-04:00,3.25,3.25,3.25,3.25,1446,0.0,0.0
2024-08-02 12:55:00-04:00,3.25,3.25,3.25,3.25,205,0.0,0.0
2024-08-02 13:00:00-04:00,3.25,3.25,3.25,3.25,100,0.0,0.0
2024-08-02 13:05:00-04:00,3.25,3.25,3.25,3.25,139,0.0,0.0
2024-08-02 13:30:00-04:00,3.25,3.25,3.25,3.25,266,0.0,0.0
2024-08-02 13:40:00-04:00,3.25,3.25,3.25,3.25,215,0.0,0.0
2024-08-02 13:45:00-04:00,3.25,3.25,3.25,3.25,1659,0.0,0.0
2024-08-02 13:50:00-04:00,3.25,3.2500998973846436,3.25,3.25,1909,0.0,0.0
2024-08-02 13:55:00-04:00,3.25,3.25,3.25,3.25,970,0.0,0.0
2024-08-02 14:25:00-04:00,3.25,3.25,3.25,3.25,121,0.0,0.0
2024-08-02 14:40:00-04:00,3.25,3.25,3.25,3.25,121,0.0,0.0
2024-08-02 14:55:00-04:00,3.25,3.25,3.25,3.25,115,0.0,0.0
2024-08-02 15:05:00-04:00,3.25,3.25,3.25,3.25,214,0.0,0.0
2024-08-02 15:10:00-04:00,3.25,3.255000114440918,3.25,3.255000114440918,741,0.0,0.0
2024-08-02 15:25:00-04:00,3.25,3.255000114440918,3.25,3.255000114440918,308,0.0,0.0
2024-08-02 15:35:00-04:00,3.25,3.25,3.25,3.25,423,0.0,0.0
2024-08-02 15:40:00-04:00,3.255000114440918,3.255000114440918,3.25,3.25,1716,0.0,0.0
2024-08-02 15:50:00-04:00,3.25,3.25,3.25,3.25,438,0.0,0.0
2024-08-02 15:55:00-04:00,3.25,3.25,3.25,3.25,348,0.0,0.0
2024-08-05 09:30:00-04:00,3.109999895095825,3.1600000858306885,3.109999895095825,3.1600000858306885,3554,0.0,0.0
2024-08-05 09:35:00-04:00,3.1500000953674316,3.1500000953674316,3.1500000953674316,3.1500000953674316,221,0.0,0.0
2024-08-05 09:55:00-04:00,3.1094000339508057,3.1500000953674316,3.1094000339508057,3.1500000953674316,777,0.0,0.0
2024-08-05 10:05:00-04:00,3.109999895095825,3.109999895095825,3.109999895095825,3.109999895095825,301,0.0,0.0
2024-08-05 10:10:00-04:00,3.140000104904175,3.140000104904175,3.140000104904175,3.140000104904175,102,0.0,0.0
2024-08-05 10:40:00-04:00,3.130000114440918,3.130000114440918,3.130000114440918,3.130000114440918,205,0.0,0.0
2024-08-05 10:45:00-04:00,3.119999885559082,3.119999885559082,3.109999895095825,3.109999895095825,514,0.0,0.0
2024-08-05 10:50:00-04:00,3.1298999786376953,3.1298999786376953,3.1298999786376953,3.1298999786376953,366,0.0,0.0
2024-08-05 11:05:00-04:00,3.109999895095825,3.119999885559082,3.109999895095825,3.119999885559082,1151,0.0,0.0
2024-08-05 11:15:00-04:00,3.0999999046325684,3.0999999046325684,3.0999999046325684,3.0999999046325684,114,0.0,0.0
2024-08-05 11:45:00-04:00,3.119999885559082,3.119999885559082,3.119999885559082,3.119999885559082,532,0.0,0.0
2024-08-05 11:55:00-04:00,3.109999895095825,3.119999885559082,3.0999999046325684,3.119999885559082,3189,0.0,0.0
2024-08-05 12:00:00-04:00,3.0999999046325684,3.0999999046325684,3.0999999046325684,3.0999999046325684,100,0.0,0.0
2024-08-05 12:10:00-04:00,3.0999999046325684,3.109999895095825,3.0999999046325684,3.109999895095825,5945,0.0,0.0
2024-08-05 12:25:00-04:00,3.109999895095825,3.109999895095825,3.1050000190734863,3.109999895095825,2342,0.0,0.0
2024-08-05 12:55:00-04:00,3.0999999046325684,3.0999999046325684,3.0999999046325684,3.0999999046325684,150,0.0,0.0
2024-08-05 13:05:00-04:00,3.101799964904785,3.109999895095825,3.101799964904785,3.109999895095825,1762,0.0,0.0
2024-08-05 13:10:00-04:00,3.0999999046325684,3.109999895095825,3.0999999046325684,3.109999895095825,1281,0.0,0.0
2024-08-05 13:20:00-04:00,3.0999999046325684,3.1050000190734863,3.0999999046325684,3.1050000190734863,721,0.0,0.0
2024-08-05 13:30:00-04:00,3.0999999046325684,3.1050000190734863,3.0999999046325684,3.1050000190734863,214,0.0,0.0
2024-08-05 13:35:00-04:00,3.1064999103546143,3.180000066757202,3.0999999046325684,3.180000066757202,10896,0.0,0.0
2024-08-05 13:40:00-04:00,3.180000066757202,3.180000066757202,3.1600000858306885,3.1600000858306885,580,0.0,0.0
2024-08-05 13:45:00-04:00,3.1600000858306885,3.1600000858306885,3.1600000858306885,3.1600000858306885,252,0.0,0.0
2024-08-05 13:50:00-04:00,3.1600000858306885,3.1649999618530273,3.1500000953674316,3.1549999713897705,1119,0.0,0.0
2024-08-05 14:00:00-04:00,3.1700000762939453,3.2300000190734863,3.140000104904175,3.2149999141693115,6852,0.0,0.0
2024-08-05 14:45:00-04:00,3.2149999141693115,3.2149999141693115,3.2149999141693115,3.2149999141693115,667,0.0,0.0
2024-08-05 15:05:00-04:00,3.2149999141693115,3.2149999141693115,3.190000057220459,3.2100000381469727,3324,0.0,0.0
2024-08-05 15:20:00-04:00,3.200000047683716,3.2049999237060547,3.200000047683716,3.2049999237060547,864,0.0,0.0
2024-08-05 15:35:00-04:00,3.200000047683716,3.200000047683716,3.200000047683716,3.200000047683716,180,0.0,0.0
2024-08-05 15:40:00-04:00,3.180000066757202,3.200000047683716,3.1600000858306885,3.184999942779541,1944,0.0,0.0
2024-08-05 15:45:00-04:00,3.184999942779541,3.184999942779541,3.184999942779541,3.184999942779541,186,0.0,0.0
2024-08-05 15:50:00-04:00,3.1600000858306885,3.1600000858306885,3.1600000858306885,3.1600000858306885,229,0.0,0.0
2024-08-05 15:55:00-04:00,3.200000047683716,3.200000047683716,3.174999952316284,3.180000066757202,1004,0.0,0.0
2024-08-06 09:30:00-04:00,3.190000057220459,3.190000057220459,3.190000057220459,3.190000057220459,529,0.0,0.0
2024-08-06 09:40:00-04:00,3.1700000762939453,3.184999942779541,3.1700000762939453,3.184999942779541,626,0.0,0.0
2024-08-06 09:45:00-04:00,3.1970999240875244,3.1970999240875244,3.1970999240875244,3.1970999240875244,0,0.0,0.0
2024-08-06 09:50:00-04:00,3.190000057220459,3.190000057220459,3.190000057220459,3.190000057220459,1685,0.0,0.0
2024-08-06 09:55:00-04:00,3.180000066757202,3.200000047683716,3.180000066757202,3.200000047683716,1018,0.0,0.0
2024-08-06 10:05:00-04:00,3.190000057220459,3.190000057220459,3.190000057220459,3.190000057220459,209,0.0,0.0
2024-08-06 10:20:00-04:00,3.180000066757202,3.190000057220459,3.180000066757202,3.190000057220459,2495,0.0,0.0
2024-08-06 10:25:00-04:00,3.180000066757202,3.180000066757202,3.180000066757202,3.180000066757202,724,0.0,0.0
2024-08-06 10:40:00-04:00,3.1600000858306885,3.1600000858306885,3.1600000858306885,3.1600000858306885,169,0.0,0.0
2024-08-06 10:45:00-04:00,3.1600000858306885,3.180000066757202,3.1600000858306885,3.180000066757202,1248,0.0,0.0
2024-08-06 10:50:00-04:00,3.1888999938964844,3.190000057220459,3.1888999938964844,3.190000057220459,578,0.0,0.0
2024-08-06 11:10:00-04:00,3.184999942779541,3.184999942779541,3.184999942779541,3.184999942779541,102,0.0,0.0
2024-08-06 11:15:00-04:00,3.180000066757202,3.180000066757202,3.180000066757202,3.180000066757202,132,0.0,0.0
2024-08-06 11:30:00-04:00,3.184999942779541,3.184999942779541,3.184999942779541,3.184999942779541,100,0.0,0.0
2024-08-06 11:35:00-04:00,3.180000066757202,3.190000057220459,3.180000066757202,3.190000057220459,207,0.0,0.0
2024-08-06 11:40:00-04:00,3.1833999156951904,3.190000057220459,3.1833999156951904,3.184999942779541,2688,0.0,0.0
2024-08-06 12:20:00-04:00,3.180000066757202,3.180000066757202,3.180000066757202,3.180000066757202,596,0.0,0.0
2024-08-06 12:55:00-04:00,3.180000066757202,3.180000066757202,3.1700000762939453,3.1700000762939453,668,0.0,0.0
2024-08-06 13:25:00-04:00,3.140000104904175,3.140000104904175,3.140000104904175,3.140000104904175,105,0.0,0.0
2024-08-06 13:30:00-04:00,3.1500000953674316,3.1500000953674316,3.1500000953674316,3.1500000953674316,201,0.0,0.0
2024-08-06 13:40:00-04:00,3.140000104904175,3.140000104904175,3.130000114440918,3.130000114440918,0,0.0,0.0
2024-08-06 14:05:00-04:00,3.119999885559082,3.119999885559082,3.119999885559082,3.119999885559082,13291,0.0,0.0
2024-08-06 14:15:00-04:00,3.130000114440918,3.130000114440918,3.130000114440918,3.130000114440918,230,0.0,0.0
2024-08-06 14:25:00-04:00,3.119999885559082,3.119999885559082,3.119999885559082,3.119999885559082,325,0.0,0.0
2024-08-06 14:50:00-04:00,3.119999885559082,3.119999885559082,3.119999885559082,3.119999885559082,133,0.0,0.0
2024-08-06 14:55:00-04:00,3.130000114440918,3.140000104904175,3.130000114440918,3.134999990463257,4858,0.0,0.0
2024-08-06 15:05:00-04:00,3.134999990463257,3.134999990463257,3.134999990463257,3.134999990463257,111,0.0,0.0
2024-08-06 15:10:00-04:00,3.130000114440918,3.130000114440918,3.130000114440918,3.130000114440918,309,0.0,0.0
2024-08-06 15:20:00-04:00,3.130000114440918,3.130000114440918,3.130000114440918,3.130000114440918,0,0.0,0.0
2024-08-06 15:40:00-04:00,3.130000114440918,3.130000114440918,3.130000114440918,3.130000114440918,19601,0.0,0.0
2024-08-06 15:50:00-04:00,3.130000114440918,3.130000114440918,3.130000114440918,3.130000114440918,550,0.0,0.0
2024-08-06 15:55:00-04:00,3.130000114440918,3.130000114440918,3.109999895095825,3.109999895095825,2217,0.0,0.0
2024-08-07 09:30:00-04:00,3.2100000381469727,3.2100000381469727,3.2100000381469727,3.2100000381469727,652,0.0,0.0
2024-08-07 09:50:00-04:00,3.174999952316284,3.174999952316284,3.174999952316284,3.174999952316284,0,0.0,0.0
2024-08-07 09:55:00-04:00,3.190000057220459,3.259999990463257,3.190000057220459,3.259999990463257,7692,0.0,0.0
2024-08-07 10:00:00-04:00,3.25,3.2655999660491943,3.25,3.2655999660491943,3656,0.0,0.0
2024-08-07 10:05:00-04:00,3.2799999713897705,3.2799999713897705,3.2799999713897705,3.2799999713897705,135,0.0,0.0
2024-08-07 10:15:00-04:00,3.2699999809265137,3.2699999809265137,3.25,3.25,229,0.0,0.0
2024-08-07 10:30:00-04:00,3.2699999809265137,3.2699999809265137,3.2699999809265137,3.2699999809265137,143,0.0,0.0
2024-08-07 10:40:00-04:00,3.2699999809265137,3.2699999809265137,3.25,3.25,217,0.0,0.0
2024-08-07 10:55:00-04:00,3.2699999809265137,3.2699999809265137,3.2699999809265137,3.2699999809265137,274,0.0,0.0
2024-08-07 11:10:00-04:00,3.2699999809265137,3.2699999809265137,3.2699999809265137,3.2699999809265137,154,0.0,0.0
2024-08-07 11:15:00-04:00,3.2699999809265137,3.2699999809265137,3.2699999809265137,3.2699999809265137,486,0.0,0.0
2024-08-07 11:25:00-04:00,3.2699999809265137,3.2699999809265137,3.2699999809265137,3.2699999809265137,258,0.0,0.0
2024-08-07 11:45:00-04:00,3.259999990463257,3.259999990463257,3.259999990463257,3.259999990463257,148,0.0,0.0
2024-08-07 11:55:00-04:00,3.259999990463257,3.259999990463257,3.259999990463257,3.259999990463257,108,0.0,0.0
2024-08-07 12:05:00-04:00,3.257699966430664,3.257699966430664,3.2558000087738037,3.2558000087738037,1081,0.0,0.0
2024-08-07 12:10:00-04:00,3.25,3.25,3.25,3.25,117,0.0,0.0
2024-08-07 12:15:00-04:00,3.25,3.25,3.25,3.25,677,0.0,0.0
2024-08-07 12:45:00-04:00,3.253999948501587,3.253999948501587,3.253999948501587,3.253999948501587,1673,0.0,0.0
2024-08-07 12:50:00-04:00,3.255000114440918,3.255000114440918,3.255000114440918,3.255000114440918,625,0.0,0.0
2024-08-07 13:00:00-04:00,3.25,3.2562999725341797,3.25,3.2562999725341797,1182,0.0,0.0
2024-08-07 13:05:00-04:00,3.25,3.25,3.25,3.25,387,0.0,0.0
2024-08-07 13:10:00-04:00,3.259999990463257,3.259999990463257,3.259999990463257,3.259999990463257,103,0.0,0.0
2024-08-07 13:15:00-04:00,3.259999990463257,3.259999990463257,3.259999990463257,3.259999990463257,231,0.0,0.0
2024-08-07 13:35:00-04:00,3.259999990463257,3.259999990463257,3.259999990463257,3.259999990463257,229,0.0,0.0
2024-08-07 13:45:00-04:00,3.25,3.25,3.25,3.25,325,0.0,0.0
2024-08-07 13:50:00-04:00,3.255000114440918,3.255000114440918,3.255000114440918,3.255000114440918,176,0.0,0.0
2024-08-07 14:00:00-04:00,3.25,3.25,3.25,3.25,131,0.0,0.0
2024-08-07 14:10:00-04:00,3.253999948501587,3.255000114440918,3.25,3.255000114440918,605,0.0,0.0
2024-08-07 14:15:00-04:00,3.25,3.25,3.25,3.25,291,0.0,0.0
2024-08-07 14:45:00-04:00,3.259999990463257,3.259999990463257,3.259999990463257,3.259999990463257,100,0.0,0.0
2024-08-07 14:55:00-04:00,3.2511000633239746,3.255000114440918,3.2511000633239746,3.255000114440918,364,0.0,0.0
2024-08-07 15:30:00-04:00,3.25,3.25,3.25,3.25,131,0.0,0.0
2024-08-07 15:40:00-04:00,3.25,3.255000114440918,3.25,3.25,3177,0.0,0.0
2024-08-07 15:50:00-04:00,3.255000114440918,3.255000114440918,3.255000114440918,3.255000114440918,5197,0.0,0.0
2024-08-07 15:55:00-04:00,3.255000114440918,3.259999990463257,3.25,3.255000114440918,2689,0.0,0.0
2024-08-08 09:30:00-04:00,3.309999942779541,3.309999942779541,3.265000104904175,3.265000104904175,3182,0.0,0.0
2024-08-08 09:35:00-04:00,3.3294999599456787,3.3294999599456787,3.3294999599456787,3.3294999599456787,111,0.0,0.0
2024-08-08 09:40:00-04:00,3.25,3.259999990463257,3.25,3.259999990463257,492,0.0,0.0
2024-08-08 10:05:00-04:00,3.2599000930786133,3.2599000930786133,3.2599000930786133,3.2599000930786133,975,0.0,0.0
2024-08-08 10:10:00-04:00,3.2448999881744385,3.2527999877929688,3.2448999881744385,3.2525999546051025,8343,0.0,0.0
2024-08-08 10:25:00-04:00,3.240000009536743,3.25,3.240000009536743,3.25,4221,0.0,0.0
2024-08-08 10:30:00-04:00,3.244999885559082,3.244999885559082,3.240000009536743,3.240000009536743,1377,0.0,0.0
2024-08-08 10:35:00-04:00,3.240000009536743,3.240000009536743,3.240000009536743,3.240000009536743,101,0.0,0.0
2024-08-08 10:40:00-04:00,3.25,3.25,3.25,3.25,174,0.0,0.0
2024-08-08 10:50:00-04:00,3.25,3.25,3.25,3.25,290,0.0,0.0
2024-08-08 11:15:00-04:00,3.244999885559082,3.244999885559082,3.244999885559082,3.244999885559082,117,0.0,0.0
2024-08-08 11:20:00-04:00,3.240000009536743,3.240000009536743,3.240000009536743,3.240000009536743,288,0.0,0.0
2024-08-08 12:10:00-04:00,3.25,3.25,3.25,3.25,184,0.0,0.0
2024-08-08 12:25:00-04:00,3.240000009536743,3.240000009536743,3.240000009536743,3.240000009536743,103,0.0,0.0
2024-08-08 12:30:00-04:00,3.240799903869629,3.25,3.240799903869629,3.244999885559082,1302,0.0,0.0
2024-08-08 12:40:00-04:00,3.25,3.259999990463257,3.244999885559082,3.259999990463257,9029,0.0,0.0
2024-08-08 12:55:00-04:00,3.2899999618530273,3.2899999618530273,3.2899999618530273,3.2899999618530273,155,0.0,0.0
2024-08-08 13:10:00-04:00,3.299999952316284,3.3499999046325684,3.299999952316284,3.3499999046325684,4048,0.0,0.0
2024-08-08 13:55:00-04:00,3.3299999237060547,3.3299999237060547,3.3299999237060547,3.3299999237060547,389,0.0,0.0
2024-08-08 14:10:00-04:00,3.3299999237060547,3.3299999237060547,3.3299999237060547,3.3299999237060547,100,0.0,0.0
2024-08-08 14:15:00-04:00,3.3340001106262207,3.3340001106262207,3.3340001106262207,3.3340001106262207,307,0.0,0.0
2024-08-08 14:40:00-04:00,3.3350000381469727,3.3499999046325684,3.3299999237060547,3.3450000286102295,9596,0.0,0.0
2024-08-08 14:45:00-04:00,3.353300094604492,3.353300094604492,3.353300094604492,3.353300094604492,0,0.0,0.0
2024-08-08 14:55:00-04:00,3.3550000190734863,3.3550000190734863,3.3550000190734863,3.3550000190734863,45759,0.0,0.0
2024-08-08 15:00:00-04:00,3.3422000408172607,3.3422000408172607,3.3422000408172607,3.3422000408172607,925,0.0,0.0
2024-08-08 15:10:00-04:00,3.3550000190734863,3.3677000999450684,3.3550000190734863,3.3550000190734863,2506,0.0,0.0
2024-08-08 15:20:00-04:00,3.359999895095825,3.359999895095825,3.359999895095825,3.359999895095825,119,0.0,0.0
2024-08-08 15:30:00-04:00,3.3550000190734863,3.3550000190734863,3.3550000190734863,3.3550000190734863,111,0.0,0.0
2024-08-08 15:35:00-04:00,3.3550000190734863,3.369999885559082,3.3550000190734863,3.3550000190734863,2342,0.0,0.0
2024-08-08 15:40:00-04:00,3.3550000190734863,3.3550000190734863,3.3550000190734863,3.3550000190734863,100,0.0,0.0
2024-08-08 15:45:00-04:00,3.3399999141693115,3.3550000190734863,3.3399999141693115,3.3399999141693115,489,0.0,0.0
2024-08-08 15:50:00-04:00,3.3499999046325684,3.359999895095825,3.3499999046325684,3.359999895095825,772,0.0,0.0
2024-08-08 15:55:00-04:00,3.3450000286102295,3.359999895095825,3.3450000286102295,3.359999895095825,2797,0.0,0.0
2024-08-09 09:30:00-04:00,3.299999952316284,3.299999952316284,3.299999952316284,3.299999952316284,5430,0.0,0.0
2024-08-09 10:05:00-04:00,3.2850000858306885,3.299999952316284,3.2850000858306885,3.2980000972747803,3152,0.0,0.0
2024-08-09 10:15:00-04:00,3.297600030899048,3.297600030899048,3.297600030899048,3.297600030899048,137,0.0,0.0
2024-08-09 10:50:00-04:00,3.2899999618530273,3.2899999618530273,3.2899999618530273,3.2899999618530273,289,0.0,0.0
2024-08-09 11:05:00-04:00,3.2992000579833984,3.2992000579833984,3.2992000579833984,3.2992000579833984,1018,0.0,0.0
2024-08-09 11:10:00-04:00,3.2950000762939453,3.2950000762939453,3.2950000762939453,3.2950000762939453,249,0.0,0.0
2024-08-09 11:50:00-04:00,3.2950000762939453,3.2950000762939453,3.2950000762939453,3.2950000762939453,243,0.0,0.0
2024-08-09 11:55:00-04:00,3.2950000762939453,3.2950000762939453,3.2950000762939453,3.2950000762939453,155,0.0,0.0
2024-08-09 13:00:00-04:00,3.2899999618530273,3.2899999618530273,3.2899999618530273,3.2899999618530273,1772,0.0,0.0
2024-08-09 13:15:00-04:00,3.2899999618530273,3.2899999618530273,3.2899999618530273,3.2899999618530273,100,0.0,0.0
2024-08-09 13:20:00-04:00,3.2899999618530273,3.2899999618530273,3.2899999618530273,3.2899999618530273,1400,0.0,0.0
2024-08-09 13:25:00-04:00,3.2899999618530273,3.2899999618530273,3.2899999618530273,3.2899999618530273,428,0.0,0.0
2024-08-09 13:35:00-04:00,3.2880001068115234,3.2899999618530273,3.2880001068115234,3.2899999618530273,1240,0.0,0.0
2024-08-09 13:40:00-04:00,3.2899999618530273,3.2899999618530273,3.2899999618530273,3.2899999618530273,150,0.0,0.0
2024-08-09 13:50:00-04:00,3.2799999713897705,3.2799999713897705,3.2799999713897705,3.2799999713897705,1433,0.0,0.0
2024-08-09 14:20:00-04:00,3.2899999618530273,3.2899999618530273,3.2850000858306885,3.2899999618530273,2421,0.0,0.0
2024-08-09 14:25:00-04:00,3.2950000762939453,3.2950000762939453,3.2950000762939453,3.2950000762939453,1007,0.0,0.0
2024-08-09 14:50:00-04:00,3.2950000762939453,3.2950000762939453,3.2950000762939453,3.2950000762939453,1270,0.0,0.0
2024-08-09 14:55:00-04:00,3.2950000762939453,3.2950000762939453,3.2950000762939453,3.2950000762939453,217,0.0,0.0
2024-08-09 15:05:00-04:00,3.2950000762939453,3.299999952316284,3.2950000762939453,3.2950000762939453,11914,0.0,0.0
2024-08-09 15:25:00-04:00,3.2899999618530273,3.29010009765625,3.2899999618530273,3.29010009765625,5448,0.0,0.0
2024-08-09 15:35:00-04:00,3.2799999713897705,3.2804999351501465,3.2799999713897705,3.2804999351501465,818,0.0,0.0
2024-08-09 15:40:00-04:00,3.259999990463257,3.2699999809265137,3.259999990463257,3.2699999809265137,455,0.0,0.0
2024-08-09 15:50:00-04:00,3.2699999809265137,3.2699999809265137,3.2699999809265137,3.2699999809265137,329,0.0,0.0
2024-08-09 15:55:00-04:00,3.259999990463257,3.259999990463257,3.25,3.25,19870,0.0,0.0
2024-08-12 09:30:00-04:00,3.25,3.25,3.25,3.25,602,0.0,0.0
2024-08-12 09:40:00-04:00,3.2720999717712402,3.2720999717712402,3.2720999717712402,3.2720999717712402,2001,0.0,0.0
2024-08-12 09:55:00-04:00,3.272700071334839,3.272700071334839,3.272700071334839,3.272700071334839,150,0.0,0.0
2024-08-12 10:10:00-04:00,3.2614998817443848,3.2614998817443848,3.2614998817443848,3.2614998817443848,400,0.0,0.0
2024-08-12 10:15:00-04:00,3.259999990463257,3.259999990463257,3.25,3.25,2583,0.0,0.0
2024-08-12 10:20:00-04:00,3.25,3.25,3.234999895095825,3.240000009536743,3887,0.0,0.0
2024-08-12 10:25:00-04:00,3.234999895095825,3.234999895095825,3.2300000190734863,3.234999895095825,643,0.0,0.0
2024-08-12 10:55:00-04:00,3.240000009536743,3.240000009536743,3.234999895095825,3.234999895095825,367,0.0,0.0
2024-08-12 11:00:00-04:00,3.239300012588501,3.240000009536743,3.234999895095825,3.240000009536743,4914,0.0,0.0
2024-08-12 11:05:00-04:00,3.240000009536743,3.240000009536743,3.240000009536743,3.240000009536743,372,0.0,0.0
2024-08-12 11:10:00-04:00,3.25,3.25,3.25,3.25,371,0.0,0.0
2024-08-12 11:15:00-04:00,3.240000009536743,3.240000009536743,3.220099925994873,3.240000009536743,2659,0.0,0.0
2024-08-12 11:20:00-04:00,3.239000082015991,3.239000082015991,3.239000082015991,3.239000082015991,273,0.0,0.0
2024-08-12 11:25:00-04:00,3.239500045776367,3.240000009536743,3.239500045776367,3.240000009536743,767,0.0,0.0
2024-08-12 11:30:00-04:00,3.25,3.25,3.25,3.25,127,0.0,0.0
2024-08-12 11:55:00-04:00,3.231800079345703,3.231800079345703,3.231800079345703,3.231800079345703,251,0.0,0.0
2024-08-12 12:55:00-04:00,3.240000009536743,3.240000009536743,3.240000009536743,3.240000009536743,163,0.0,0.0
2024-08-12 13:35:00-04:00,3.240000009536743,3.240000009536743,3.240000009536743,3.240000009536743,221,0.0,0.0
2024-08-12 13:55:00-04:00,3.240000009536743,3.240000009536743,3.240000009536743,3.240000009536743,145,0.0,0.0
2024-08-12 14:05:00-04:00,3.25,3.255000114440918,3.25,3.255000114440918,2898,0.0,0.0
2024-08-12 14:10:00-04:00,3.259999990463257,3.259999990463257,3.259999990463257,3.259999990463257,308,0.0,0.0
2024-08-12 14:25:00-04:00,3.2750000953674316,3.2750000953674316,3.2750000953674316,3.2750000953674316,400,0.0,0.0
2024-08-12 14:30:00-04:00,3.259999990463257,3.260699987411499,3.25,3.260699987411499,3913,0.0,0.0
2024-08-12 14:35:00-04:00,3.2600998878479004,3.2600998878479004,3.259999990463257,3.259999990463257,4189,0.0,0.0
2024-08-12 14:55:00-04:00,3.25,3.25,3.25,3.25,104,0.0,0.0
2024-08-12 15:00:00-04:00,3.259999990463257,3.259999990463257,3.259999990463257,3.259999990463257,2291,0.0,0.0
2024-08-12 15:05:00-04:00,3.25,3.25,3.25,3.25,110,0.0,0.0
2024-08-12 15:15:00-04:00,3.25,3.250499963760376,3.25,3.250499963760376,1730,0.0,0.0
2024-08-12 15:25:00-04:00,3.25,3.25,3.25,3.25,181,0.0,0.0
2024-08-12 15:35:00-04:00,3.25,3.25,3.25,3.25,268,0.0,0.0
2024-08-12 15:40:00-04:00,3.25,3.25,3.25,3.25,100,0.0,0.0
2024-08-12 15:45:00-04:00,3.25,3.25,3.25,3.25,203,0.0,0.0
2024-08-12 15:50:00-04:00,3.259999990463257,3.259999990463257,3.25,3.259999990463257,2581,0.0,0.0
2024-08-12 15:55:00-04:00,3.259999990463257,3.259999990463257,3.25,3.25,2554,0.0,0.0
2024-08-13 09:30:00-04:00,3.25,3.25,3.25,3.25,170,0.0,0.0
2024-08-13 09:35:00-04:00,3.25,3.25,3.25,3.25,1008,0.0,0.0
2024-08-13 10:00:00-04:00,3.2699999809265137,3.2699999809265137,3.2699999809265137,3.2699999809265137,150,0.0,0.0
2024-08-13 10:15:00-04:00,3.289900064468384,3.289900064468384,3.289900064468384,3.289900064468384,603,0.0,0.0
2024-08-13 10:25:00-04:00,3.2653000354766846,3.2653000354766846,3.2653000354766846,3.2653000354766846,613,0.0,0.0
2024-08-13 10:35:00-04:00,3.2899999618530273,3.2899999618530273,3.2899999618530273,3.2899999618530273,123,0.0,0.0
2024-08-13 11:20:00-04:00,3.2899999618530273,3.2899999618530273,3.2899999618530273,3.2899999618530273,177,0.0,0.0
2024-08-13 11:30:00-04:00,3.2750000953674316,3.2899999618530273,3.200000047683716,3.25,15841,0.0,0.0
2024-08-13 11:35:00-04:00,3.25,3.25,3.244999885559082,3.244999885559082,1593,0.0,0.0
2024-08-13 11:50:00-04:00,3.240000009536743,3.240000009536743,3.240000009536743,3.240000009536743,100,0.0,0.0
2024-08-13 11:55:00-04:00,3.240000009536743,3.240000009536743,3.240000009536743,3.240000009536743,152,0.0,0.0
2024-08-13 12:00:00-04:00,3.240000009536743,3.240000009536743,3.240000009536743,3.240000009536743,111,0.0,0.0
2024-08-13 12:10:00-04:00,3.240000009536743,3.244999885559082,3.240000009536743,3.244999885559082,215,0.0,0.0
2024-08-13 12:15:00-04:00,3.240000009536743,3.240000009536743,3.240000009536743,3.240000009536743,101,0.0,0.0
2024-08-13 12:25:00-04:00,3.240000009536743,3.240000009536743,3.240000009536743,3.240000009536743,100,0.0,0.0
2024-08-13 12:30:00-04:00,3.240000009536743,3.240000009536743,3.240000009536743,3.240000009536743,115,0.0,0.0
2024-08-13 12:40:00-04:00,3.240000009536743,3.240000009536743,3.240000009536743,3.240000009536743,239,0.0,0.0
2024-08-13 12:45:00-04:00,3.244999885559082,3.244999885559082,3.244999885559082,3.244999885559082,100,0.0,0.0
2024-08-13 12:50:00-04:00,3.240000009536743,3.244999885559082,3.240000009536743,3.244999885559082,200,0.0,0.0
2024-08-13 12:55:00-04:00,3.240000009536743,3.240000009536743,3.240000009536743,3.240000009536743,116,0.0,0.0
2024-08-13 13:00:00-04:00,3.242300033569336,3.244999885559082,3.242300033569336,3.244999885559082,249,0.0,0.0
2024-08-13 13:05:00-04:00,3.240000009536743,3.240000009536743,3.240000009536743,3.240000009536743,165,0.0,0.0
2024-08-13 13:15:00-04:00,3.240000009536743,3.240000009536743,3.240000009536743,3.240000009536743,109,0.0,0.0
2024-08-13 13:20:00-04:00,3.240000009536743,3.240000009536743,3.240000009536743,3.240000009536743,140,0.0,0.0
2024-08-13 13:30:00-04:00,3.240000009536743,3.240000009536743,3.240000009536743,3.240000009536743,101,0.0,0.0
2024-08-13 13:35:00-04:00,3.25,3.25,3.25,3.25,134,0.0,0.0
2024-08-13 13:40:00-04:00,3.244999885559082,3.244999885559082,3.240000009536743,3.240000009536743,319,0.0,0.0
2024-08-13 14:00:00-04:00,3.240000009536743,3.242500066757202,3.240000009536743,3.242500066757202,427,0.0,0.0
2024-08-13 14:05:00-04:00,3.244999885559082,3.244999885559082,3.240000009536743,3.244999885559082,302,0.0,0.0
2024-08-13 14:10:00-04:00,3.244999885559082,3.255000114440918,3.244999885559082,3.255000114440918,15602,0.0,0.0
2024-08-13 14:15:00-04:00,3.259999990463257,3.259999990463257,3.259999990463257,3.259999990463257,518,0.0,0.0
2024-08-13 14:20:00-04:00,3.2699999809265137,3.2699999809265137,3.259999990463257,3.259999990463257,230,0.0,0.0
2024-08-13 14:45:00-04:00,3.25,3.259999990463257,3.25,3.259999990463257,334,0.0,0.0
2024-08-13 14:50:00-04:00,3.259999990463257,3.259999990463257,3.259999990463257,3.259999990463257,105,0.0,0.0
2024-08-13 14:55:00-04:00,3.259999990463257,3.259999990463257,3.259999990463257,3.259999990463257,215,0.0,0.0
2024-08-13 15:00:00-04:00,3.259999990463257,3.265000104904175,3.259999990463257,3.265000104904175,728,0.0,0.0
2024-08-13 15:05:00-04:00,3.259999990463257,3.259999990463257,3.259999990463257,3.259999990463257,328,0.0,0.0
2024-08-13 15:10:00-04:00,3.259999990463257,3.2699999809265137,3.259999990463257,3.2699999809265137,342,0.0,0.0
2024-08-13 15:15:00-04:00,3.2699999809265137,3.2699999809265137,3.259999990463257,3.259999990463257,545,0.0,0.0
2024-08-13 15:20:00-04:00,3.259999990463257,3.259999990463257,3.259999990463257,3.259999990463257,856,0.0,0.0
2024-08-13 15:25:00-04:00,3.259999990463257,3.265000104904175,3.259999990463257,3.265000104904175,307,0.0,0.0
2024-08-13 15:30:00-04:00,3.259999990463257,3.265000104904175,3.259999990463257,3.265000104904175,200,0.0,0.0
2024-08-13 15:35:00-04:00,3.259999990463257,3.265000104904175,3.259999990463257,3.265000104904175,201,0.0,0.0
2024-08-13 15:40:00-04:00,3.259999990463257,3.266900062561035,3.259999990463257,3.265000104904175,1767,0.0,0.0
2024-08-13 15:45:00-04:00,3.265000104904175,3.265000104904175,3.259999990463257,3.265000104904175,403,0.0,0.0
2024-08-13 15:55:00-04:00,3.265000104904175,3.265000104904175,3.259999990463257,3.259999990463257,1454,0.0,0.0
2024-08-14 09:30:00-04:00,3.2899999618530273,3.2899999618530273,3.2899999618530273,3.2899999618530273,109,0.0,0.0
2024-08-14 09:50:00-04:00,3.2899999618530273,3.2899999618530273,3.2899999618530273,3.2899999618530273,300,0.0,0.0
2024-08-14 09:55:00-04:00,3.2997000217437744,3.2997000217437744,3.259999990463257,3.2600998878479004,4735,0.0,0.0
2024-08-14 10:00:00-04:00,3.2799999713897705,3.2799999713897705,3.2799999713897705,3.2799999713897705,104,0.0,0.0
2024-08-14 10:20:00-04:00,3.2850000858306885,3.2899999618530273,3.2850000858306885,3.2899999618530273,4211,0.0,0.0
2024-08-14 10:45:00-04:00,3.2899999618530273,3.2899999618530273,3.2827000617980957,3.2827000617980957,495,0.0,0.0
2024-08-14 11:20:00-04:00,3.2899999618530273,3.2899999618530273,3.2899999618530273,3.2899999618530273,160,0.0,0.0
2024-08-14 11:40:00-04:00,3.2899999618530273,3.2899999618530273,3.2899999618530273,3.2899999618530273,209,0.0,0.0
2024-08-14 11:50:00-04:00,3.299999952316284,3.299999952316284,3.299999952316284,3.299999952316284,150,0.0,0.0
2024-08-14 12:25:00-04:00,3.299999952316284,3.299999952316284,3.299999952316284,3.299999952316284,196,0.0,0.0
2024-08-14 12:35:00-04:00,3.2936999797821045,3.299999952316284,3.2936999797821045,3.299999952316284,2400,0.0,0.0
2024-08-14 12:40:00-04:00,3.299999952316284,3.299999952316284,3.299999952316284,3.299999952316284,276,0.0,0.0
2024-08-14 13:25:00-04:00,3.2983999252319336,3.2983999252319336,3.2899999618530273,3.2899999618530273,233,0.0,0.0
2024-08-14 13:30:00-04:00,3.2950000762939453,3.2950000762939453,3.2950000762939453,3.2950000762939453,124,0.0,0.0
2024-08-14 13:55:00-04:00,3.2899999618530273,3.2950000762939453,3.2899999618530273,3.2899999618530273,747,0.0,0.0
2024-08-14 14:05:00-04:00,3.2999000549316406,3.299999952316284,3.2950000762939453,3.299999952316284,111805,0.0,0.0
2024-08-14 14:20:00-04:00,3.319999933242798,3.319999933242798,3.309999942779541,3.319700002670288,2792,0.0,0.0
2024-08-14 14:35:00-04:00,3.309999942779541,3.309999942779541,3.309999942779541,3.309999942779541,124,0.0,0.0
2024-08-14 14:40:00-04:00,3.3350000381469727,3.3350000381469727,3.319999933242798,3.319999933242798,586,0.0,0.0
2024-08-14 15:05:00-04:00,3.3499999046325684,3.3499999046325684,3.3399999141693115,3.3499999046325684,441,0.0,0.0
2024-08-14 15:10:00-04:00,3.3598999977111816,3.3598999977111816,3.3499999046325684,3.3499999046325684,2137,0.0,0.0
2024-08-14 15:20:00-04:00,3.3499999046325684,3.3499999046325684,3.3499999046325684,3.3499999046325684,746,0.0,0.0
2024-08-14 15:30:00-04:00,3.3499999046325684,3.3499999046325684,3.3499999046325684,3.3499999046325684,219,0.0,0.0
2024-08-14 15:35:00-04:00,3.3399999141693115,3.3399999141693115,3.3399999141693115,3.3399999141693115,323,0.0,0.0
2024-08-14 15:40:00-04:00,3.3399999141693115,3.3399999141693115,3.3399999141693115,3.3399999141693115,130,0.0,0.0
2024-08-14 15:45:00-04:00,3.3499999046325684,3.3499999046325684,3.3499999046325684,3.3499999046325684,501,0.0,0.0
2024-08-14 15:50:00-04:00,3.3499999046325684,3.3550000190734863,3.3399999141693115,3.3550000190734863,18024,0.0,0.0
2024-08-14 15:55:00-04:00,3.3499999046325684,3.359999895095825,3.3499999046325684,3.3550000190734863,2806,0.0,0.0
2024-08-15 09:30:00-04:00,3.3499999046325684,3.3499999046325684,3.3499999046325684,3.3499999046325684,210,0.0,0.0
2024-08-15 09:40:00-04:00,3.365000009536743,3.365000009536743,3.365000009536743,3.365000009536743,657,0.0,0.0
2024-08-15 09:50:00-04:00,3.3666000366210938,3.3666000366210938,3.3666000366210938,3.3666000366210938,200,0.0,0.0
2024-08-15 09:55:00-04:00,3.369999885559082,3.369999885559082,3.369999885559082,3.369999885559082,650,0.0,0.0
2024-08-15 10:05:00-04:00,3.369999885559082,3.369999885559082,3.369999885559082,3.369999885559082,620,0.0,0.0
2024-08-15 10:10:00-04:00,3.369999885559082,3.369999885559082,3.369999885559082,3.369999885559082,1529,0.0,0.0
2024-08-15 10:15:00-04:00,3.369999885559082,3.369999885559082,3.369999885559082,3.369999885559082,101,0.0,0.0
2024-08-15 10:20:00-04:00,3.359999895095825,3.359999895095825,3.359999895095825,3.359999895095825,260,0.0,0.0
2024-08-15 10:30:00-04:00,3.369999885559082,3.380000114440918,3.369999885559082,3.380000114440918,1562,0.0,0.0
2024-08-15 10:35:00-04:00,3.380000114440918,3.390000104904175,3.369999885559082,3.380000114440918,13856,0.0,0.0
2024-08-15 10:40:00-04:00,3.375,3.389899969100952,3.375,3.389899969100952,1572,0.0,0.0
2024-08-15 10:45:00-04:00,3.369999885559082,3.380000114440918,3.369999885559082,3.380000114440918,220,0.0,0.0
2024-08-15 11:00:00-04:00,3.389400005340576,3.389400005340576,3.389400005340576,3.389400005340576,103,0.0,0.0
2024-08-15 11:05:00-04:00,3.384999990463257,3.390000104904175,3.384999990463257,3.390000104904175,2946,0.0,0.0
2024-08-15 11:15:00-04:00,3.3975000381469727,3.3975000381469727,3.3975000381469727,3.3975000381469727,148,0.0,0.0
2024-08-15 11:20:00-04:00,3.3905999660491943,3.3905999660491943,3.390000104904175,3.390000104904175,627,0.0,0.0
2024-08-15 11:25:00-04:00,3.38070011138916,3.390000104904175,3.38070011138916,3.390000104904175,517,0.0,0.0
2024-08-15 11:45:00-04:00,3.3801000118255615,3.3801000118255615,3.3801000118255615,3.3801000118255615,500,0.0,0.0
2024-08-15 12:00:00-04:00,3.390000104904175,3.390000104904175,3.390000104904175,3.390000104904175,127,0.0,0.0
2024-08-15 12:10:00-04:00,3.3801000118255615,3.390000104904175,3.3801000118255615,3.390000104904175,1230,0.0,0.0
2024-08-15 12:35:00-04:00,3.380000114440918,3.380000114440918,3.380000114440918,3.380000114440918,174,0.0,0.0
2024-08-15 13:10:00-04:00,3.390000104904175,3.390000104904175,3.390000104904175,3.390000104904175,351,0.0,0.0
2024-08-15 13:40:00-04:00,3.390000104904175,3.390000104904175,3.390000104904175,3.390000104904175,486,0.0,0.0
2024-08-15 14:05:00-04:00,3.386399984359741,3.386399984359741,3.386399984359741,3.386399984359741,439,0.0,0.0
2024-08-15 14:20:00-04:00,3.384999990463257,3.384999990463257,3.384999990463257,3.384999990463257,166,0.0,0.0
2024-08-15 14:25:00-04:00,3.390000104904175,3.390000104904175,3.390000104904175,3.390000104904175,972,0.0,0.0
2024-08-15 14:30:00-04:00,3.390000104904175,3.390000104904175,3.390000104904175,3.390000104904175,210,0.0,0.0
2024-08-15 14:45:00-04:00,3.390000104904175,3.390000104904175,3.390000104904175,3.390000104904175,100,0.0,0.0
2024-08-15 14:50:00-04:00,3.390000104904175,3.3975000381469727,3.390000104904175,3.390000104904175,1632,0.0,0.0
2024-08-15 14:55:00-04:00,3.399899959564209,3.4000000953674316,3.390000104904175,3.390000104904175,2020,0.0,0.0
2024-08-15 15:00:00-04:00,3.390000104904175,3.390000104904175,3.390000104904175,3.390000104904175,101,0.0,0.0
2024-08-15 15:10:00-04:00,3.390000104904175,3.390000104904175,3.390000104904175,3.390000104904175,106,0.0,0.0
2024-08-15 15:15:00-04:00,3.390000104904175,3.390000104904175,3.390000104904175,3.390000104904175,217,0.0,0.0
2024-08-15 15:30:00-04:00,3.390000104904175,3.390000104904175,3.390000104904175,3.390000104904175,301,0.0,0.0
2024-08-15 15:35:00-04:00,3.390000104904175,3.390000104904175,3.390000104904175,3.390000104904175,240,0.0,0.0
2024-08-15 15:40:00-04:00,3.390000104904175,3.390000104904175,3.390000104904175,3.390000104904175,101,0.0,0.0
2024-08-15 15:45:00-04:00,3.390000104904175,3.390000104904175,3.387200117111206,3.390000104904175,3404,0.0,0.0
2024-08-15 15:50:00-04:00,3.390000104904175,3.3949999809265137,3.390000104904175,3.3949999809265137,3062,0.0,0.0
2024-08-15 15:55:00-04:00,3.399199962615967,3.4000000953674316,3.388000011444092,3.3949999809265137,5860,0.0,0.0
2024-08-16 09:30:00-04:00,3.390000104904175,3.390000104904175,3.375499963760376,3.375499963760376,0,0.0,0.0
2024-08-16 09:40:00-04:00,3.380000114440918,3.380000114440918,3.380000114440918,3.380000114440918,668,0.0,0.0
2024-08-16 09:45:00-04:00,3.390000104904175,3.390000104904175,3.390000104904175,3.390000104904175,1075,0.0,0.0
2024-08-16 10:00:00-04:00,3.3993000984191895,3.3993000984191895,3.390000104904175,3.390000104904175,595,0.0,0.0
2024-08-16 10:10:00-04:00,3.390000104904175,3.390000104904175,3.390000104904175,3.390000104904175,256,0.0,0.0
2024-08-16 10:20:00-04:00,3.390000104904175,3.390000104904175,3.390000104904175,3.390000104904175,255,0.0,0.0
2024-08-16 10:35:00-04:00,3.390000104904175,3.390000104904175,3.390000104904175,3.390000104904175,978,0.0,0.0
2024-08-16 10:50:00-04:00,3.3949999809265137,3.3949999809265137,3.3949999809265137,3.3949999809265137,272,0.0,0.0
2024-08-16 10:55:00-04:00,3.3949999809265137,3.3949999809265137,3.3949999809265137,3.3949999809265137,321,0.0,0.0
2024-08-16 11:00:00-04:00,3.3975000381469727,3.3975000381469727,3.3975000381469727,3.3975000381469727,105,0.0,0.0
2024-08-16 11:05:00-04:00,3.3949999809265137,3.4000000953674316,3.3949999809265137,3.3949999809265137,1408,0.0,0.0
2024-08-16 11:15:00-04:00,3.3949999809265137,3.3949999809265137,3.3949999809265137,3.3949999809265137,411,0.0,0.0
2024-08-16 11:20:00-04:00,3.3959999084472656,3.4000000953674316,3.3949999809265137,3.3949999809265137,6398,0.0,0.0
2024-08-16 11:25:00-04:00,3.3949999809265137,3.3949999809265137,3.3949999809265137,3.3949999809265137,518,0.0,0.0
2024-08-16 11:30:00-04:00,3.3949999809265137,3.4000000953674316,3.3949999809265137,3.3949999809265137,2193,0.0,0.0
2024-08-16 11:50:00-04:00,3.3949999809265137,3.3949999809265137,3.3949999809265137,3.3949999809265137,101,0.0,0.0
2024-08-16 11:55:00-04:00,3.3949999809265137,3.3975000381469727,3.3949999809265137,3.3949999809265137,1765,0.0,0.0
2024-08-16 12:00:00-04:00,3.3949999809265137,3.4000000953674316,3.3949999809265137,3.3949999809265137,591,0.0,0.0
2024-08-16 12:05:00-04:00,3.4000000953674316,3.4000000953674316,3.4000000953674316,3.4000000953674316,377,0.0,0.0
2024-08-16 12:10:00-04:00,3.3949999809265137,3.3949999809265137,3.3949999809265137,3.3949999809265137,147,0.0,0.0
2024-08-16 12:15:00-04:00,3.4000000953674316,3.4000000953674316,3.3949999809265137,3.4000000953674316,967,0.0,0.0
2024-08-16 12:20:00-04:00,3.4000000953674316,3.4000000953674316,3.4000000953674316,3.4000000953674316,300,0.0,0.0
2024-08-16 12:25:00-04:00,3.4000000953674316,3.4049999713897705,3.3949999809265137,3.4049999713897705,1974,0.0,0.0
2024-08-16 12:30:00-04:00,3.4049999713897705,3.4049999713897705,3.4049999713897705,3.4049999713897705,322,0.0,0.0
2024-08-16 12:35:00-04:00,3.4049999713897705,3.4049999713897705,3.4000000953674316,3.4001998901367188,2355,0.0,0.0
2024-08-16 13:05:00-04:00,3.4100000858306885,3.4100000858306885,3.4100000858306885,3.4100000858306885,277,0.0,0.0
2024-08-16 13:10:00-04:00,3.4049999713897705,3.4049999713897705,3.4049999713897705,3.4049999713897705,100,0.0,0.0
2024-08-16 13:15:00-04:00,3.4000000953674316,3.4000000953674316,3.4000000953674316,3.4000000953674316,1750,0.0,0.0
2024-08-16 13:25:00-04:00,3.4000000953674316,3.4000000953674316,3.390000104904175,3.3949999809265137,3279,0.0,0.0
2024-08-16 13:35:00-04:00,3.390000104904175,3.390000104904175,3.390000104904175,3.390000104904175,1268,0.0,0.0
2024-08-16 14:00:00-04:00,3.390000104904175,3.3949999809265137,3.390000104904175,3.390000104904175,3025,0.0,0.0
2024-08-16 14:15:00-04:00,3.3801000118255615,3.3801000118255615,3.3801000118255615,3.3801000118255615,494,0.0,0.0
2024-08-16 14:30:00-04:00,3.384999990463257,3.384999990463257,3.384999990463257,3.384999990463257,100,0.0,0.0
2024-08-16 14:35:00-04:00,3.390000104904175,3.390000104904175,3.385200023651123,3.385200023651123,411,0.0,0.0
2024-08-16 14:45:00-04:00,3.384999990463257,3.384999990463257,3.384999990463257,3.384999990463257,101,0.0,0.0
2024-08-16 14:50:00-04:00,3.390000104904175,3.390000104904175,3.390000104904175,3.390000104904175,366,0.0,0.0
2024-08-16 15:10:00-04:00,3.3833000659942627,3.3833000659942627,3.3833000659942627,3.3833000659942627,841,0.0,0.0
2024-08-16 15:15:00-04:00,3.390000104904175,3.4100000858306885,3.390000104904175,3.4100000858306885,7983,0.0,0.0
2024-08-16 15:20:00-04:00,3.4100000858306885,3.4100000858306885,3.3949999809265137,3.3949999809265137,373,0.0,0.0
2024-08-16 15:25:00-04:00,3.390000104904175,3.4100000858306885,3.390000104904175,3.4100000858306885,2228,0.0,0.0
2024-08-16 15:30:00-04:00,3.4000000953674316,3.4000000953674316,3.4000000953674316,3.4000000953674316,326,0.0,0.0
2024-08-16 15:40:00-04:00,3.4100000858306885,3.4100000858306885,3.4100000858306885,3.4100000858306885,131,0.0,0.0
2024-08-16 15:45:00-04:00,3.4000000953674316,3.4000000953674316,3.4000000953674316,3.4000000953674316,299,0.0,0.0
2024-08-16 15:50:00-04:00,3.4049999713897705,3.4100000858306885,3.375,3.380000114440918,8994,0.0,0.0
2024-08-16 15:55:00-04:00,3.390000104904175,3.390000104904175,3.380000114440918,3.384999990463257,1490,0.0,0.0
