Datetime,Open,High,Low,Close,Volume,Dividends,Stock Splits
2024-07-17 09:30:00-04:00,49.45000076293945,49.47999954223633,49.2599983215332,49.30440139770508,632282,0.0,0.0
2024-07-17 09:35:00-04:00,49.30950164794922,49.70000076293945,49.30500030517578,49.630001068115234,16836,0.0,0.0
2024-07-17 09:40:00-04:00,49.650001525878906,49.654998779296875,49.459999084472656,49.474998474121094,20855,0.0,0.0
2024-07-17 09:45:00-04:00,49.5099983215332,49.56999969482422,49.41999816894531,49.44990158081055,20101,0.0,0.0
2024-07-17 09:50:00-04:00,49.45000076293945,49.630001068115234,49.41999816894531,49.630001068115234,12235,0.0,0.0
2024-07-17 09:55:00-04:00,49.599998474121094,49.709999084472656,49.540000915527344,49.709999084472656,7531,0.0,0.0
2024-07-17 10:00:00-04:00,49.689998626708984,49.689998626708984,49.380001068115234,49.40999984741211,8808,0.0,0.0
2024-07-17 10:05:00-04:00,49.38999938964844,49.40999984741211,49.2400016784668,49.2400016784668,13757,0.0,0.0
2024-07-17 10:10:00-04:00,49.220001220703125,49.220001220703125,48.95000076293945,49.15999984741211,52876,0.0,0.0
2024-07-17 10:15:00-04:00,49.13999938964844,49.2599983215332,49.09000015258789,49.18000030517578,21627,0.0,0.0
2024-07-17 10:20:00-04:00,49.18000030517578,49.18000030517578,49.029998779296875,49.04999923706055,19586,0.0,0.0
2024-07-17 10:25:00-04:00,49.029998779296875,49.040000915527344,48.959999084472656,49.0099983215332,34146,0.0,0.0
2024-07-17 10:30:00-04:00,49.0,49.029998779296875,48.91999816894531,48.9900016784668,45268,0.0,0.0
2024-07-17 10:35:00-04:00,49.0,49.040000915527344,48.869998931884766,48.91999816894531,22270,0.0,0.0
2024-07-17 10:40:00-04:00,48.91999816894531,49.04999923706055,48.880001068115234,49.04999923706055,26853,0.0,0.0
2024-07-17 10:45:00-04:00,49.060001373291016,49.08000183105469,49.0015983581543,49.0015983581543,15273,0.0,0.0
2024-07-17 10:50:00-04:00,48.974998474121094,49.0,48.93000030517578,48.935001373291016,23840,0.0,0.0
2024-07-17 10:55:00-04:00,48.93000030517578,49.0,48.93000030517578,48.97999954223633,18728,0.0,0.0
2024-07-17 11:00:00-04:00,48.970001220703125,48.9900016784668,48.904998779296875,48.904998779296875,13935,0.0,0.0
2024-07-17 11:05:00-04:00,48.90999984741211,48.9900016784668,48.900001525878906,48.959999084472656,17423,0.0,0.0
2024-07-17 11:10:00-04:00,48.96500015258789,49.040000915527344,48.94499969482422,48.970001220703125,21042,0.0,0.0
2024-07-17 11:15:00-04:00,48.9900016784668,49.0099983215332,48.95000076293945,49.0,10055,0.0,0.0
2024-07-17 11:20:00-04:00,49.0,49.05500030517578,49.0,49.02000045776367,9917,0.0,0.0
2024-07-17 11:25:00-04:00,49.0099983215332,49.040000915527344,49.0099983215332,49.0099983215332,6994,0.0,0.0
2024-07-17 11:30:00-04:00,49.0,49.029998779296875,48.91999816894531,48.93000030517578,7255,0.0,0.0
2024-07-17 11:35:00-04:00,48.91999816894531,48.935001373291016,48.88999938964844,48.91999816894531,9359,0.0,0.0
2024-07-17 11:40:00-04:00,48.900001525878906,48.95000076293945,48.869998931884766,48.95000076293945,7899,0.0,0.0
2024-07-17 11:45:00-04:00,48.932098388671875,49.0,48.93000030517578,48.970001220703125,9989,0.0,0.0
2024-07-17 11:50:00-04:00,48.959999084472656,48.970001220703125,48.880001068115234,48.88999938964844,7355,0.0,0.0
2024-07-17 11:55:00-04:00,48.88999938964844,48.90999984741211,48.84000015258789,48.900001525878906,42991,0.0,0.0
2024-07-17 12:00:00-04:00,48.93000030517578,48.994998931884766,48.90999984741211,48.939998626708984,25326,0.0,0.0
2024-07-17 12:05:00-04:00,48.939998626708984,48.939998626708984,48.810001373291016,48.81999969482422,14715,0.0,0.0
2024-07-17 12:10:00-04:00,48.823699951171875,48.823699951171875,48.709999084472656,48.709999084472656,10428,0.0,0.0
2024-07-17 12:15:00-04:00,48.709999084472656,48.722801208496094,48.650001525878906,48.722801208496094,16192,0.0,0.0
2024-07-17 12:20:00-04:00,48.72999954223633,48.744998931884766,48.619998931884766,48.65999984741211,38828,0.0,0.0
2024-07-17 12:25:00-04:00,48.65999984741211,48.66999816894531,48.599998474121094,48.65999984741211,21284,0.0,0.0
2024-07-17 12:30:00-04:00,48.65999984741211,48.779998779296875,48.654998779296875,48.77000045776367,36903,0.0,0.0
2024-07-17 12:35:00-04:00,48.77000045776367,48.779998779296875,48.72999954223633,48.72999954223633,19738,0.0,0.0
2024-07-17 12:40:00-04:00,48.7328987121582,48.779998779296875,48.69499969482422,48.77000045776367,9946,0.0,0.0
2024-07-17 12:45:00-04:00,48.77000045776367,48.84000015258789,48.72999954223633,48.75,18785,0.0,0.0
2024-07-17 12:50:00-04:00,48.75,48.880001068115234,48.72999954223633,48.810001373291016,52218,0.0,0.0
2024-07-17 12:55:00-04:00,48.79999923706055,48.81999969482422,48.7599983215332,48.790000915527344,42280,0.0,0.0
2024-07-17 13:00:00-04:00,48.79499816894531,48.83000183105469,48.77000045776367,48.77000045776367,12530,0.0,0.0
2024-07-17 13:05:00-04:00,48.775001525878906,48.84000015258789,48.775001525878906,48.790000915527344,9218,0.0,0.0
2024-07-17 13:10:00-04:00,48.790000915527344,48.81999969482422,48.75,48.7599983215332,9579,0.0,0.0
2024-07-17 13:15:00-04:00,48.7599983215332,48.7599983215332,48.73500061035156,48.7400016784668,13395,0.0,0.0
2024-07-17 13:20:00-04:00,48.73500061035156,48.7599983215332,48.70000076293945,48.724998474121094,28884,0.0,0.0
2024-07-17 13:25:00-04:00,48.7400016784668,48.810001373291016,48.7400016784668,48.790000915527344,8129,0.0,0.0
2024-07-17 13:30:00-04:00,48.790000915527344,48.845001220703125,48.78499984741211,48.814998626708984,10606,0.0,0.0
2024-07-17 13:35:00-04:00,48.83000183105469,48.8849983215332,48.81999969482422,48.85530090332031,13984,0.0,0.0
2024-07-17 13:40:00-04:00,48.849998474121094,48.85499954223633,48.7400016784668,48.7599983215332,8355,0.0,0.0
2024-07-17 13:45:00-04:00,48.755001068115234,48.79999923706055,48.7400016784668,48.790000915527344,10461,0.0,0.0
2024-07-17 13:50:00-04:00,48.790000915527344,48.834999084472656,48.779998779296875,48.83000183105469,16477,0.0,0.0
2024-07-17 13:55:00-04:00,48.8297004699707,48.849998474121094,48.810001373291016,48.83000183105469,7428,0.0,0.0
2024-07-17 14:00:00-04:00,48.82500076293945,48.849998474121094,48.7599983215332,48.790000915527344,9232,0.0,0.0
2024-07-17 14:05:00-04:00,48.79999923706055,48.79999923706055,48.70000076293945,48.720001220703125,11407,0.0,0.0
2024-07-17 14:10:00-04:00,48.720001220703125,48.724998474121094,48.68000030517578,48.689998626708984,36861,0.0,0.0
2024-07-17 14:15:00-04:00,48.685001373291016,48.685001373291016,48.619998931884766,48.63999938964844,27354,0.0,0.0
2024-07-17 14:20:00-04:00,48.650001525878906,48.70000076293945,48.619998931884766,48.65999984741211,35479,0.0,0.0
2024-07-17 14:25:00-04:00,48.665000915527344,48.68000030517578,48.59000015258789,48.599998474121094,53366,0.0,0.0
2024-07-17 14:30:00-04:00,48.599998474121094,48.6150016784668,48.52000045776367,48.540000915527344,35861,0.0,0.0
2024-07-17 14:35:00-04:00,48.540000915527344,48.58000183105469,48.470001220703125,48.474998474121094,22905,0.0,0.0
2024-07-17 14:40:00-04:00,48.474998474121094,48.52000045776367,48.474998474121094,48.48500061035156,31549,0.0,0.0
2024-07-17 14:45:00-04:00,48.47999954223633,48.5,48.439998626708984,48.5,18399,0.0,0.0
2024-07-17 14:50:00-04:00,48.494998931884766,48.529998779296875,48.459999084472656,48.459999084472656,26939,0.0,0.0
2024-07-17 14:55:00-04:00,48.45500183105469,48.470001220703125,48.43000030517578,48.43000030517578,47020,0.0,0.0
2024-07-17 15:00:00-04:00,48.43000030517578,48.4900016784668,48.400001525878906,48.4900016784668,27244,0.0,0.0
2024-07-17 15:05:00-04:00,48.47999954223633,48.4900016784668,48.45500183105469,48.47999954223633,23162,0.0,0.0
2024-07-17 15:10:00-04:00,48.48500061035156,48.560001373291016,48.45500183105469,48.540000915527344,48079,0.0,0.0
2024-07-17 15:15:00-04:00,48.540000915527344,48.560001373291016,48.505001068115234,48.54999923706055,67333,0.0,0.0
2024-07-17 15:20:00-04:00,48.560001373291016,48.65999984741211,48.560001373291016,48.63999938964844,39177,0.0,0.0
2024-07-17 15:25:00-04:00,48.63240051269531,48.63999938964844,48.59000015258789,48.625,49246,0.0,0.0
2024-07-17 15:30:00-04:00,48.630001068115234,48.65999984741211,48.595001220703125,48.595001220703125,43303,0.0,0.0
2024-07-17 15:35:00-04:00,48.599998474121094,48.599998474121094,48.4900016784668,48.494998931884766,64702,0.0,0.0
2024-07-17 15:40:00-04:00,48.494998931884766,48.5099983215332,48.439998626708984,48.474998474121094,83084,0.0,0.0
2024-07-17 15:45:00-04:00,48.474998474121094,48.494998931884766,48.439998626708984,48.474998474121094,116813,0.0,0.0
2024-07-17 15:50:00-04:00,48.474998474121094,48.529998779296875,48.41999816894531,48.42499923706055,223800,0.0,0.0
2024-07-17 15:55:00-04:00,48.41999816894531,48.43000030517578,48.2599983215332,48.40999984741211,501796,0.0,0.0
2024-07-18 09:30:00-04:00,48.060001373291016,48.36000061035156,47.402000427246094,47.402000427246094,222804,0.0,0.0
2024-07-18 09:35:00-04:00,47.39099884033203,47.7599983215332,47.36000061035156,47.619998931884766,122558,0.0,0.0
2024-07-18 09:40:00-04:00,47.61000061035156,47.72999954223633,47.52000045776367,47.529998779296875,63125,0.0,0.0
2024-07-18 09:45:00-04:00,47.52000045776367,47.599998474121094,47.45000076293945,47.52000045776367,65124,0.0,0.0
2024-07-18 09:50:00-04:00,47.5099983215332,47.58000183105469,47.43000030517578,47.540000915527344,60436,0.0,0.0
2024-07-18 09:55:00-04:00,47.5,47.59000015258789,47.40999984741211,47.42879867553711,79982,0.0,0.0
2024-07-18 10:00:00-04:00,47.41999816894531,47.529998779296875,47.380001068115234,47.4900016784668,52373,0.0,0.0
2024-07-18 10:05:00-04:00,47.48500061035156,47.48500061035156,47.400001525878906,47.400001525878906,83949,0.0,0.0
2024-07-18 10:10:00-04:00,47.38999938964844,47.47999954223633,47.3390998840332,47.369998931884766,70472,0.0,0.0
2024-07-18 10:15:00-04:00,47.380001068115234,47.459999084472656,47.349998474121094,47.43000030517578,66989,0.0,0.0
2024-07-18 10:20:00-04:00,47.43000030517578,47.52000045776367,47.369998931884766,47.5,35055,0.0,0.0
2024-07-18 10:25:00-04:00,47.5,47.5,47.11000061035156,47.11000061035156,70920,0.0,0.0
2024-07-18 10:30:00-04:00,47.130001068115234,47.255001068115234,47.04999923706055,47.04999923706055,71546,0.0,0.0
2024-07-18 10:35:00-04:00,47.05099868774414,47.06999969482422,46.95000076293945,46.959999084472656,54534,0.0,0.0
2024-07-18 10:40:00-04:00,46.95000076293945,46.959999084472656,46.68000030517578,46.7599983215332,75507,0.0,0.0
2024-07-18 10:45:00-04:00,46.7599983215332,46.779998779296875,46.56999969482422,46.58000183105469,122505,0.0,0.0
2024-07-18 10:50:00-04:00,46.59000015258789,46.599998474121094,46.4900016784668,46.529998779296875,107794,0.0,0.0
2024-07-18 10:55:00-04:00,46.52000045776367,46.56999969482422,46.43000030517578,46.470001220703125,184993,0.0,0.0
2024-07-18 11:00:00-04:00,46.470001220703125,46.529998779296875,46.36000061035156,46.369998931884766,105728,0.0,0.0
2024-07-18 11:05:00-04:00,46.38999938964844,46.40999984741211,46.2400016784668,46.25,90419,0.0,0.0
2024-07-18 11:10:00-04:00,46.220001220703125,46.22999954223633,46.119998931884766,46.130001068115234,76477,0.0,0.0
2024-07-18 11:15:00-04:00,46.1349983215332,46.15999984741211,46.060001373291016,46.119998931884766,54048,0.0,0.0
2024-07-18 11:20:00-04:00,46.1150016784668,46.150001525878906,45.95000076293945,46.029998779296875,71856,0.0,0.0
2024-07-18 11:25:00-04:00,46.040000915527344,46.119998931884766,45.95000076293945,46.084999084472656,136132,0.0,0.0
2024-07-18 11:30:00-04:00,46.09000015258789,46.20000076293945,46.07500076293945,46.09000015258789,83518,0.0,0.0
2024-07-18 11:35:00-04:00,46.099998474121094,46.290000915527344,46.084999084472656,46.2599983215332,42913,0.0,0.0
2024-07-18 11:40:00-04:00,46.27000045776367,46.290000915527344,46.16999816894531,46.16999816894531,59319,0.0,0.0
2024-07-18 11:45:00-04:00,46.18000030517578,46.27000045776367,46.16999816894531,46.209999084472656,45239,0.0,0.0
2024-07-18 11:50:00-04:00,46.20000076293945,46.22990036010742,46.10179901123047,46.11000061035156,30846,0.0,0.0
2024-07-18 11:55:00-04:00,46.119998931884766,46.220001220703125,46.119998931884766,46.209999084472656,37231,0.0,0.0
2024-07-18 12:00:00-04:00,46.21500015258789,46.220001220703125,46.08000183105469,46.119998931884766,37178,0.0,0.0
2024-07-18 12:05:00-04:00,46.119998931884766,46.30979919433594,46.08000183105469,46.290000915527344,40998,0.0,0.0
2024-07-18 12:10:00-04:00,46.279998779296875,46.34000015258789,46.16999816894531,46.16999816894531,60217,0.0,0.0
2024-07-18 12:15:00-04:00,46.15999984741211,46.290000915527344,46.150001525878906,46.290000915527344,38925,0.0,0.0
2024-07-18 12:20:00-04:00,46.310001373291016,46.349998474121094,46.25,46.349998474121094,28342,0.0,0.0
2024-07-18 12:25:00-04:00,46.349998474121094,46.349998474121094,46.220001220703125,46.25,19600,0.0,0.0
2024-07-18 12:30:00-04:00,46.2400016784668,46.38999938964844,46.18000030517578,46.36000061035156,27699,0.0,0.0
2024-07-18 12:35:00-04:00,46.369998931884766,46.380001068115234,46.2400016784668,46.25,24667,0.0,0.0
2024-07-18 12:40:00-04:00,46.2400016784668,46.2599983215332,46.20000076293945,46.209999084472656,22265,0.0,0.0
2024-07-18 12:45:00-04:00,46.22999954223633,46.310001373291016,46.224998474121094,46.275001525878906,24322,0.0,0.0
2024-07-18 12:50:00-04:00,46.27000045776367,46.27000045776367,46.23500061035156,46.260101318359375,20292,0.0,0.0
2024-07-18 12:55:00-04:00,46.2599983215332,46.349998474121094,46.22999954223633,46.349998474121094,29428,0.0,0.0
2024-07-18 13:00:00-04:00,46.36000061035156,46.44499969482422,46.275001525878906,46.29999923706055,37013,0.0,0.0
2024-07-18 13:05:00-04:00,46.29999923706055,46.29999923706055,46.20000076293945,46.209999084472656,30045,0.0,0.0
2024-07-18 13:10:00-04:00,46.220001220703125,46.29999923706055,46.220001220703125,46.290000915527344,23684,0.0,0.0
2024-07-18 13:15:00-04:00,46.29999923706055,46.29999923706055,46.2599983215332,46.2599983215332,17777,0.0,0.0
2024-07-18 13:20:00-04:00,46.2599983215332,46.290000915527344,46.220001220703125,46.2599983215332,21491,0.0,0.0
2024-07-18 13:25:00-04:00,46.25,46.29999923706055,46.20000076293945,46.2400016784668,43256,0.0,0.0
2024-07-18 13:30:00-04:00,46.2400016784668,46.25,46.16999816894531,46.18000030517578,29931,0.0,0.0
2024-07-18 13:35:00-04:00,46.189998626708984,46.25,46.15999984741211,46.16999816894531,23198,0.0,0.0
2024-07-18 13:40:00-04:00,46.15999984741211,46.23500061035156,46.15999984741211,46.23500061035156,23983,0.0,0.0
2024-07-18 13:45:00-04:00,46.2400016784668,46.400001525878906,46.2400016784668,46.380001068115234,39535,0.0,0.0
2024-07-18 13:50:00-04:00,46.380001068115234,46.380001068115234,46.20000076293945,46.20000076293945,31832,0.0,0.0
2024-07-18 13:55:00-04:00,46.165000915527344,46.165000915527344,46.084999084472656,46.09000015258789,26500,0.0,0.0
2024-07-18 14:00:00-04:00,46.095001220703125,46.11000061035156,46.06999969482422,46.09000015258789,63516,0.0,0.0
2024-07-18 14:05:00-04:00,46.099998474121094,46.11000061035156,46.0,46.02000045776367,49526,0.0,0.0
2024-07-18 14:10:00-04:00,46.02000045776367,46.02000045776367,45.88999938964844,45.900001525878906,28787,0.0,0.0
2024-07-18 14:15:00-04:00,45.900001525878906,45.97999954223633,45.900001525878906,45.96500015258789,23632,0.0,0.0
2024-07-18 14:20:00-04:00,45.959999084472656,45.974998474121094,45.900001525878906,45.974998474121094,34778,0.0,0.0
2024-07-18 14:25:00-04:00,45.970001220703125,45.9900016784668,45.90999984741211,45.95500183105469,22101,0.0,0.0
2024-07-18 14:30:00-04:00,45.959999084472656,45.974998474121094,45.91999816894531,45.939998626708984,36255,0.0,0.0
2024-07-18 14:35:00-04:00,45.939998626708984,45.95000076293945,45.869998931884766,45.880001068115234,33607,0.0,0.0
2024-07-18 14:40:00-04:00,45.869998931884766,45.935001373291016,45.86000061035156,45.91999816894531,30766,0.0,0.0
2024-07-18 14:45:00-04:00,45.915000915527344,45.95000076293945,45.880001068115234,45.880001068115234,27920,0.0,0.0
2024-07-18 14:50:00-04:00,45.869998931884766,45.869998931884766,45.779998779296875,45.860198974609375,23667,0.0,0.0
2024-07-18 14:55:00-04:00,45.86000061035156,45.8849983215332,45.84000015258789,45.86000061035156,22367,0.0,0.0
2024-07-18 15:00:00-04:00,45.86000061035156,45.900001525878906,45.779998779296875,45.779998779296875,22454,0.0,0.0
2024-07-18 15:05:00-04:00,45.779998779296875,45.86000061035156,45.76499938964844,45.834999084472656,39693,0.0,0.0
2024-07-18 15:10:00-04:00,45.83919906616211,45.84000015258789,45.71500015258789,45.7599983215332,30972,0.0,0.0
2024-07-18 15:15:00-04:00,45.77000045776367,45.900001525878906,45.77000045776367,45.83000183105469,46246,0.0,0.0
2024-07-18 15:20:00-04:00,45.81999969482422,45.869998931884766,45.81999969482422,45.83000183105469,38031,0.0,0.0
2024-07-18 15:25:00-04:00,45.84000015258789,46.04999923706055,45.84000015258789,46.03499984741211,56043,0.0,0.0
2024-07-18 15:30:00-04:00,46.029998779296875,46.07500076293945,45.90999984741211,45.93000030517578,64473,0.0,0.0
2024-07-18 15:35:00-04:00,45.93000030517578,45.970001220703125,45.88999938964844,45.915000915527344,64922,0.0,0.0
2024-07-18 15:40:00-04:00,45.915000915527344,45.994998931884766,45.915000915527344,45.98500061035156,72113,0.0,0.0
2024-07-18 15:45:00-04:00,45.98500061035156,45.994998931884766,45.810001373291016,45.904998779296875,140812,0.0,0.0
2024-07-18 15:50:00-04:00,45.90999984741211,45.9900016784668,45.85499954223633,45.8849983215332,312987,0.0,0.0
2024-07-18 15:55:00-04:00,45.8849983215332,46.040000915527344,45.8849983215332,45.959999084472656,349115,0.0,0.0
2024-07-19 09:30:00-04:00,45.150001525878906,45.52000045776367,45.06999969482422,45.41999816894531,52691,0.0,0.0
2024-07-19 09:35:00-04:00,45.415000915527344,45.709999084472656,45.415000915527344,45.709999084472656,29241,0.0,0.0
2024-07-19 09:40:00-04:00,45.75,46.04499816894531,45.75,45.994998931884766,34016,0.0,0.0
2024-07-19 09:45:00-04:00,45.97999954223633,46.13999938964844,45.959999084472656,46.040000915527344,21511,0.0,0.0
2024-07-19 09:50:00-04:00,46.04999923706055,46.2599983215332,46.04999923706055,46.25,59715,0.0,0.0
2024-07-19 09:55:00-04:00,46.2400016784668,46.31999969482422,46.189998626708984,46.310001373291016,20687,0.0,0.0
2024-07-19 10:00:00-04:00,46.310001373291016,46.38999938964844,46.25,46.349998474121094,37614,0.0,0.0
2024-07-19 10:05:00-04:00,46.380001068115234,46.41999816894531,46.27000045776367,46.33000183105469,31095,0.0,0.0
2024-07-19 10:10:00-04:00,46.34000015258789,46.52000045776367,46.27000045776367,46.27000045776367,30732,0.0,0.0
2024-07-19 10:15:00-04:00,46.275001525878906,46.33000183105469,46.22999954223633,46.29999923706055,39065,0.0,0.0
2024-07-19 10:20:00-04:00,46.31999969482422,46.369998931884766,46.27000045776367,46.31999969482422,49193,0.0,0.0
2024-07-19 10:25:00-04:00,46.34000015258789,46.345001220703125,46.2400016784668,46.27000045776367,46410,0.0,0.0
2024-07-19 10:30:00-04:00,46.279998779296875,46.314998626708984,46.220001220703125,46.27790069580078,29929,0.0,0.0
2024-07-19 10:35:00-04:00,46.29499816894531,46.38999938964844,46.22999954223633,46.25,35467,0.0,0.0
2024-07-19 10:40:00-04:00,46.25,46.2599983215332,46.13999938964844,46.13999938964844,27554,0.0,0.0
2024-07-19 10:45:00-04:00,46.13999938964844,46.21500015258789,46.13999938964844,46.19499969482422,35289,0.0,0.0
2024-07-19 10:50:00-04:00,46.19499969482422,46.36000061035156,46.15999984741211,46.34000015258789,34555,0.0,0.0
2024-07-19 10:55:00-04:00,46.3650016784668,46.380001068115234,46.20000076293945,46.220001220703125,55113,0.0,0.0
2024-07-19 11:00:00-04:00,46.220001220703125,46.369998931884766,46.220001220703125,46.33000183105469,38608,0.0,0.0
2024-07-19 11:05:00-04:00,46.310001373291016,46.33000183105469,46.22999954223633,46.244998931884766,19320,0.0,0.0
2024-07-19 11:10:00-04:00,46.2400016784668,46.25,46.16999816894531,46.189998626708984,39296,0.0,0.0
2024-07-19 11:15:00-04:00,46.189998626708984,46.209999084472656,46.13999938964844,46.13999938964844,31019,0.0,0.0
2024-07-19 11:20:00-04:00,46.130001068115234,46.2599983215332,46.099998474121094,46.099998474121094,11364,0.0,0.0
2024-07-19 11:25:00-04:00,46.119998931884766,46.130001068115234,45.939998626708984,45.970001220703125,14864,0.0,0.0
2024-07-19 11:30:00-04:00,45.970001220703125,46.02000045776367,45.90999984741211,46.0,30504,0.0,0.0
2024-07-19 11:35:00-04:00,46.0,46.06999969482422,45.97999954223633,46.0099983215332,12209,0.0,0.0
2024-07-19 11:40:00-04:00,46.029998779296875,46.04999923706055,45.97999954223633,46.029998779296875,17387,0.0,0.0
2024-07-19 11:45:00-04:00,46.040000915527344,46.220001220703125,46.0099983215332,46.20000076293945,28787,0.0,0.0
2024-07-19 11:50:00-04:00,46.209999084472656,46.220001220703125,46.15999984741211,46.20000076293945,16997,0.0,0.0
2024-07-19 11:55:00-04:00,46.20000076293945,46.29999923706055,46.189998626708984,46.290000915527344,29621,0.0,0.0
2024-07-19 12:00:00-04:00,46.279998779296875,46.29999923706055,46.18000030517578,46.189998626708984,12224,0.0,0.0
2024-07-19 12:05:00-04:00,46.18000030517578,46.31999969482422,46.16999816894531,46.279998779296875,14916,0.0,0.0
2024-07-19 12:10:00-04:00,46.27000045776367,46.33000183105469,46.25,46.33000183105469,11876,0.0,0.0
2024-07-19 12:15:00-04:00,46.31999969482422,46.34000015258789,46.25,46.25,16374,0.0,0.0
2024-07-19 12:20:00-04:00,46.244998931884766,46.25,46.20000076293945,46.209999084472656,24711,0.0,0.0
2024-07-19 12:25:00-04:00,46.21500015258789,46.290000915527344,46.209999084472656,46.27000045776367,14800,0.0,0.0
2024-07-19 12:30:00-04:00,46.27000045776367,46.290000915527344,46.2400016784668,46.2599983215332,15676,0.0,0.0
2024-07-19 12:35:00-04:00,46.25,46.290000915527344,46.2400016784668,46.27000045776367,13777,0.0,0.0
2024-07-19 12:40:00-04:00,46.28499984741211,46.290000915527344,46.20000076293945,46.27000045776367,22952,0.0,0.0
2024-07-19 12:45:00-04:00,46.279998779296875,46.33000183105469,46.27000045776367,46.310001373291016,11278,0.0,0.0
2024-07-19 12:50:00-04:00,46.29999923706055,46.33000183105469,46.279998779296875,46.33000183105469,16639,0.0,0.0
2024-07-19 12:55:00-04:00,46.31999969482422,46.33000183105469,46.290000915527344,46.29999923706055,34314,0.0,0.0
2024-07-19 13:00:00-04:00,46.29999923706055,46.31999969482422,46.279998779296875,46.31999969482422,15542,0.0,0.0
2024-07-19 13:05:00-04:00,46.31999969482422,46.3650016784668,46.310001373291016,46.349998474121094,37053,0.0,0.0
2024-07-19 13:10:00-04:00,46.349998474121094,46.38999938964844,46.345001220703125,46.3849983215332,26191,0.0,0.0
2024-07-19 13:15:00-04:00,46.380001068115234,46.56999969482422,46.380001068115234,46.56999969482422,29906,0.0,0.0
2024-07-19 13:20:00-04:00,46.56999969482422,46.630001068115234,46.54999923706055,46.56999969482422,20613,0.0,0.0
2024-07-19 13:25:00-04:00,46.56999969482422,46.63999938964844,46.56999969482422,46.619998931884766,17378,0.0,0.0
2024-07-19 13:30:00-04:00,46.619998931884766,46.630001068115234,46.59000015258789,46.61000061035156,11584,0.0,0.0
2024-07-19 13:35:00-04:00,46.61000061035156,46.72999954223633,46.61000061035156,46.72999954223633,12687,0.0,0.0
2024-07-19 13:40:00-04:00,46.72999954223633,46.77000045776367,46.709999084472656,46.72999954223633,12906,0.0,0.0
2024-07-19 13:45:00-04:00,46.75,46.81999969482422,46.70000076293945,46.70000076293945,32209,0.0,0.0
2024-07-19 13:50:00-04:00,46.709999084472656,46.849998474121094,46.66999816894531,46.689998626708984,115015,0.0,0.0
2024-07-19 13:55:00-04:00,46.70000076293945,46.720001220703125,46.61000061035156,46.689998626708984,41069,0.0,0.0
2024-07-19 14:00:00-04:00,46.689998626708984,46.79999923706055,46.63999938964844,46.650001525878906,93142,0.0,0.0
2024-07-19 14:05:00-04:00,46.63999938964844,46.75,46.630001068115234,46.66999816894531,20210,0.0,0.0
2024-07-19 14:10:00-04:00,46.66999816894531,46.68000030517578,46.540000915527344,46.599998474121094,26875,0.0,0.0
2024-07-19 14:15:00-04:00,46.599998474121094,46.689998626708984,46.59000015258789,46.68000030517578,24298,0.0,0.0
2024-07-19 14:20:00-04:00,46.68000030517578,46.689998626708984,46.61000061035156,46.64500045776367,21005,0.0,0.0
2024-07-19 14:25:00-04:00,46.650001525878906,46.720001220703125,46.650001525878906,46.650001525878906,15124,0.0,0.0
2024-07-19 14:30:00-04:00,46.650001525878906,46.68000030517578,46.619998931884766,46.619998931884766,20786,0.0,0.0
2024-07-19 14:35:00-04:00,46.6150016784668,46.66999816894531,46.60499954223633,46.650001525878906,21736,0.0,0.0
2024-07-19 14:40:00-04:00,46.650001525878906,46.65999984741211,46.58000183105469,46.58000183105469,21026,0.0,0.0
2024-07-19 14:45:00-04:00,46.57500076293945,46.64500045776367,46.57500076293945,46.619998931884766,18709,0.0,0.0
2024-07-19 14:50:00-04:00,46.630001068115234,46.66999816894531,46.625,46.65999984741211,19578,0.0,0.0
2024-07-19 14:55:00-04:00,46.68000030517578,46.720001220703125,46.65999984741211,46.68000030517578,22779,0.0,0.0
2024-07-19 15:00:00-04:00,46.689998626708984,46.7599983215332,46.66999816894531,46.75,21104,0.0,0.0
2024-07-19 15:05:00-04:00,46.75,46.76499938964844,46.709999084472656,46.7599983215332,32204,0.0,0.0
2024-07-19 15:10:00-04:00,46.7599983215332,46.86000061035156,46.7599983215332,46.84000015258789,42581,0.0,0.0
2024-07-19 15:15:00-04:00,46.84000015258789,46.849998474121094,46.78499984741211,46.81999969482422,33090,0.0,0.0
2024-07-19 15:20:00-04:00,46.81999969482422,46.8849983215332,46.79999923706055,46.875,37756,0.0,0.0
2024-07-19 15:25:00-04:00,46.869998931884766,46.95000076293945,46.70759963989258,46.88999938964844,150739,0.0,0.0
2024-07-19 15:30:00-04:00,46.88999938964844,46.89500045776367,46.810001373291016,46.869998931884766,70048,0.0,0.0
2024-07-19 15:35:00-04:00,46.869998931884766,46.93000030517578,46.849998474121094,46.900001525878906,67509,0.0,0.0
2024-07-19 15:40:00-04:00,46.90999984741211,46.935001373291016,46.810001373291016,46.86000061035156,109901,0.0,0.0
2024-07-19 15:45:00-04:00,46.8650016784668,46.974998474121094,46.8650016784668,46.95000076293945,112228,0.0,0.0
2024-07-19 15:50:00-04:00,46.939998626708984,46.95000076293945,46.790000915527344,46.81999969482422,191076,0.0,0.0
2024-07-19 15:55:00-04:00,46.82500076293945,46.82500076293945,46.72999954223633,46.77000045776367,382278,0.0,0.0
2024-07-22 09:30:00-04:00,46.75,46.75,46.22999954223633,46.459999084472656,191298,0.0,0.0
2024-07-22 09:35:00-04:00,46.5,46.70000076293945,46.40999984741211,46.58000183105469,63617,0.0,0.0
2024-07-22 09:40:00-04:00,46.599998474121094,46.720001220703125,46.56999969482422,46.650001525878906,71288,0.0,0.0
2024-07-22 09:45:00-04:00,46.650001525878906,46.779998779296875,46.543800354003906,46.543800354003906,33098,0.0,0.0
2024-07-22 09:50:00-04:00,46.540000915527344,46.55500030517578,46.38999938964844,46.415000915527344,41637,0.0,0.0
2024-07-22 09:55:00-04:00,46.41999816894531,46.470001220703125,46.060001373291016,46.06999969482422,52904,0.0,0.0
2024-07-22 10:00:00-04:00,46.08000183105469,46.099998474121094,45.8849983215332,45.95000076293945,33355,0.0,0.0
2024-07-22 10:05:00-04:00,45.95000076293945,46.060001373291016,45.91999816894531,46.0,22925,0.0,0.0
2024-07-22 10:10:00-04:00,46.0099983215332,46.15999984741211,46.005001068115234,46.130001068115234,28470,0.0,0.0
2024-07-22 10:15:00-04:00,46.119998931884766,46.130001068115234,45.900001525878906,45.959999084472656,30259,0.0,0.0
2024-07-22 10:20:00-04:00,45.959999084472656,46.08000183105469,45.959999084472656,46.04999923706055,33435,0.0,0.0
2024-07-22 10:25:00-04:00,46.04999923706055,46.08000183105469,45.91999816894531,46.0,78415,0.0,0.0
2024-07-22 10:30:00-04:00,45.9900016784668,46.0099983215332,45.869998931884766,45.970001220703125,77369,0.0,0.0
2024-07-22 10:35:00-04:00,45.959999084472656,46.0,45.88999938964844,45.9900016784668,38992,0.0,0.0
2024-07-22 10:40:00-04:00,46.0099983215332,46.209999084472656,46.0099983215332,46.16999816894531,27688,0.0,0.0
2024-07-22 10:45:00-04:00,46.15950012207031,46.15950012207031,45.9900016784668,46.0,25078,0.0,0.0
2024-07-22 10:50:00-04:00,46.0,46.11000061035156,45.95000076293945,46.06999969482422,41247,0.0,0.0
2024-07-22 10:55:00-04:00,46.14500045776367,46.15999984741211,46.08000183105469,46.095001220703125,26749,0.0,0.0
2024-07-22 11:00:00-04:00,46.09000015258789,46.2400016784668,46.09000015258789,46.220001220703125,37947,0.0,0.0
2024-07-22 11:05:00-04:00,46.220001220703125,46.25,45.970001220703125,45.970001220703125,36983,0.0,0.0
2024-07-22 11:10:00-04:00,45.970001220703125,46.1150016784668,45.970001220703125,46.08000183105469,19984,0.0,0.0
2024-07-22 11:15:00-04:00,46.060001373291016,46.06999969482422,45.970001220703125,45.974998474121094,30550,0.0,0.0
2024-07-22 11:20:00-04:00,45.97999954223633,46.0,45.88999938964844,45.91999816894531,37994,0.0,0.0
2024-07-22 11:25:00-04:00,45.90999984741211,45.93000030517578,45.779998779296875,45.779998779296875,18416,0.0,0.0
2024-07-22 11:30:00-04:00,45.77000045776367,45.90999984741211,45.75,45.90999984741211,18459,0.0,0.0
2024-07-22 11:35:00-04:00,45.89500045776367,45.970001220703125,45.869998931884766,45.970001220703125,16449,0.0,0.0
2024-07-22 11:40:00-04:00,45.959999084472656,46.09600067138672,45.95000076293945,46.09600067138672,10501,0.0,0.0
2024-07-22 11:45:00-04:00,46.09049987792969,46.15999984741211,46.08000183105469,46.130001068115234,21430,0.0,0.0
2024-07-22 11:50:00-04:00,46.130001068115234,46.20000076293945,46.119998931884766,46.150001525878906,14270,0.0,0.0
2024-07-22 11:55:00-04:00,46.13999938964844,46.209999084472656,46.130001068115234,46.16999816894531,12379,0.0,0.0
2024-07-22 12:00:00-04:00,46.16999816894531,46.209999084472656,46.11000061035156,46.11000061035156,15038,0.0,0.0
2024-07-22 12:05:00-04:00,46.1150016784668,46.15599822998047,46.11000061035156,46.150001525878906,12841,0.0,0.0
2024-07-22 12:10:00-04:00,46.154998779296875,46.16999816894531,46.125,46.150001525878906,41536,0.0,0.0
2024-07-22 12:15:00-04:00,46.150001525878906,46.16999816894531,46.11000061035156,46.154998779296875,28199,0.0,0.0
2024-07-22 12:20:00-04:00,46.15999984741211,46.16999816894531,46.1349983215332,46.14500045776367,16685,0.0,0.0
2024-07-22 12:25:00-04:00,46.150001525878906,46.16999816894531,46.040000915527344,46.040000915527344,9972,0.0,0.0
2024-07-22 12:30:00-04:00,46.02000045776367,46.04999923706055,46.0,46.04999923706055,12519,0.0,0.0
2024-07-22 12:35:00-04:00,46.060001373291016,46.11000061035156,46.060001373291016,46.11000061035156,4711,0.0,0.0
2024-07-22 12:40:00-04:00,46.11000061035156,46.119998931884766,46.08000183105469,46.08000183105469,8931,0.0,0.0
2024-07-22 12:45:00-04:00,46.08000183105469,46.095001220703125,46.064998626708984,46.08000183105469,9997,0.0,0.0
2024-07-22 12:50:00-04:00,46.095001220703125,46.16999816894531,46.09000015258789,46.165000915527344,17473,0.0,0.0
2024-07-22 12:55:00-04:00,46.15999984741211,46.15999984741211,46.029998779296875,46.040000915527344,16715,0.0,0.0
2024-07-22 13:00:00-04:00,46.08000183105469,46.09000015258789,46.029998779296875,46.04499816894531,8004,0.0,0.0
2024-07-22 13:05:00-04:00,46.05500030517578,46.13999938964844,46.05500030517578,46.099998474121094,20491,0.0,0.0
2024-07-22 13:10:00-04:00,46.11000061035156,46.119998931884766,46.04999923706055,46.099998474121094,20823,0.0,0.0
2024-07-22 13:15:00-04:00,46.099998474121094,46.150001525878906,46.099998474121094,46.150001525878906,37377,0.0,0.0
2024-07-22 13:20:00-04:00,46.13999938964844,46.150001525878906,45.939998626708984,45.939998626708984,45593,0.0,0.0
2024-07-22 13:25:00-04:00,45.95000076293945,45.98500061035156,45.91999816894531,45.939998626708984,37645,0.0,0.0
2024-07-22 13:30:00-04:00,45.93000030517578,46.04999923706055,45.900001525878906,46.0099983215332,73750,0.0,0.0
2024-07-22 13:35:00-04:00,46.0,46.0099983215332,45.900001525878906,45.9900016784668,35618,0.0,0.0
2024-07-22 13:40:00-04:00,45.97999954223633,45.97999954223633,45.88999938964844,45.91999816894531,51569,0.0,0.0
2024-07-22 13:45:00-04:00,45.90999984741211,46.0099983215332,45.90999984741211,45.95000076293945,21858,0.0,0.0
2024-07-22 13:50:00-04:00,45.95000076293945,45.970001220703125,45.939998626708984,45.95050048828125,16114,0.0,0.0
2024-07-22 13:55:00-04:00,45.95500183105469,45.95500183105469,45.92499923706055,45.949100494384766,17156,0.0,0.0
2024-07-22 14:00:00-04:00,45.939998626708984,45.94499969482422,45.79999923706055,45.81999969482422,24968,0.0,0.0
2024-07-22 14:05:00-04:00,45.83000183105469,45.84000015258789,45.790000915527344,45.84000015258789,15292,0.0,0.0
2024-07-22 14:10:00-04:00,45.84000015258789,45.85559844970703,45.79999923706055,45.79999923706055,19827,0.0,0.0
2024-07-22 14:15:00-04:00,45.790000915527344,45.790000915527344,45.7400016784668,45.76499938964844,29948,0.0,0.0
2024-07-22 14:20:00-04:00,45.7599983215332,45.77000045776367,45.66999816894531,45.69499969482422,32733,0.0,0.0
2024-07-22 14:25:00-04:00,45.689998626708984,45.709999084472656,45.650001525878906,45.654998779296875,22796,0.0,0.0
2024-07-22 14:30:00-04:00,45.650001525878906,45.650001525878906,45.56999969482422,45.584999084472656,47461,0.0,0.0
2024-07-22 14:35:00-04:00,45.58000183105469,45.58000183105469,45.5,45.54499816894531,60247,0.0,0.0
2024-07-22 14:40:00-04:00,45.54999923706055,45.560001373291016,45.474998474121094,45.51499938964844,35001,0.0,0.0
2024-07-22 14:45:00-04:00,45.52000045776367,45.54499816894531,45.5,45.5,30231,0.0,0.0
2024-07-22 14:50:00-04:00,45.499900817871094,45.66999816894531,45.494998931884766,45.595001220703125,112279,0.0,0.0
2024-07-22 14:55:00-04:00,45.59000015258789,45.61000061035156,45.439998626708984,45.45000076293945,61329,0.0,0.0
2024-07-22 15:00:00-04:00,45.45500183105469,45.52000045776367,45.380001068115234,45.494998931884766,54077,0.0,0.0
2024-07-22 15:05:00-04:00,45.4900016784668,45.5099983215332,45.45500183105469,45.46500015258789,39063,0.0,0.0
2024-07-22 15:10:00-04:00,45.470001220703125,45.560001373291016,45.45500183105469,45.55500030517578,45985,0.0,0.0
2024-07-22 15:15:00-04:00,45.55500030517578,45.58000183105469,45.5,45.5099983215332,102297,0.0,0.0
2024-07-22 15:20:00-04:00,45.51499938964844,45.58000183105469,45.51499938964844,45.56999969482422,46322,0.0,0.0
2024-07-22 15:25:00-04:00,45.57500076293945,45.66999816894531,45.57500076293945,45.66999816894531,35159,0.0,0.0
2024-07-22 15:30:00-04:00,45.68000030517578,45.849998474121094,45.654998779296875,45.79999923706055,57128,0.0,0.0
2024-07-22 15:35:00-04:00,45.810001373291016,45.91999816894531,45.810001373291016,45.88999938964844,45296,0.0,0.0
2024-07-22 15:40:00-04:00,45.88999938964844,45.95000076293945,45.845001220703125,45.86000061035156,88609,0.0,0.0
2024-07-22 15:45:00-04:00,45.86000061035156,45.900001525878906,45.85499954223633,45.8650016784668,94456,0.0,0.0
2024-07-22 15:50:00-04:00,45.86000061035156,45.93000030517578,45.849998474121094,45.88999938964844,162467,0.0,0.0
2024-07-22 15:55:00-04:00,45.904998779296875,45.959999084472656,45.88999938964844,45.93000030517578,283855,0.0,0.0
2024-07-23 09:30:00-04:00,45.209999084472656,45.5,45.130001068115234,45.45000076293945,97401,0.0,0.0
2024-07-23 09:35:00-04:00,45.470001220703125,45.470001220703125,45.220001220703125,45.224998474121094,94428,0.0,0.0
2024-07-23 09:40:00-04:00,45.209999084472656,45.290000915527344,45.16999816894531,45.27000045776367,114446,0.0,0.0
2024-07-23 09:45:00-04:00,45.25,45.275001525878906,44.959999084472656,45.060001373291016,119891,0.0,0.0
2024-07-23 09:50:00-04:00,45.060001373291016,45.10499954223633,44.75,44.810001373291016,116982,0.0,0.0
2024-07-23 09:55:00-04:00,44.83000183105469,45.0,44.779998779296875,44.959999084472656,101179,0.0,0.0
2024-07-23 10:00:00-04:00,44.939998626708984,45.13999938964844,44.900001525878906,45.095001220703125,135050,0.0,0.0
2024-07-23 10:05:00-04:00,45.11000061035156,45.209999084472656,44.959999084472656,45.19499969482422,96272,0.0,0.0
2024-07-23 10:10:00-04:00,45.189998626708984,45.5,45.18000030517578,45.4900016784668,121946,0.0,0.0
2024-07-23 10:15:00-04:00,45.5,45.5,45.2400016784668,45.279998779296875,57196,0.0,0.0
2024-07-23 10:20:00-04:00,45.279998779296875,45.38999938964844,45.2599983215332,45.29100036621094,52802,0.0,0.0
2024-07-23 10:25:00-04:00,45.29010009765625,45.599998474121094,45.27000045776367,45.54999923706055,62011,0.0,0.0
2024-07-23 10:30:00-04:00,45.54999923706055,45.869998931884766,45.54999923706055,45.849998474121094,82762,0.0,0.0
2024-07-23 10:35:00-04:00,45.834999084472656,45.90999984741211,45.79999923706055,45.81999969482422,60250,0.0,0.0
2024-07-23 10:40:00-04:00,45.810001373291016,45.81999969482422,45.689998626708984,45.79999923706055,31398,0.0,0.0
2024-07-23 10:45:00-04:00,45.79499816894531,45.8849983215332,45.68000030517578,45.72999954223633,76607,0.0,0.0
2024-07-23 10:50:00-04:00,45.709999084472656,45.72999954223633,45.59000015258789,45.64500045776367,28412,0.0,0.0
2024-07-23 10:55:00-04:00,45.57749938964844,45.630001068115234,45.4900016784668,45.5099983215332,70294,0.0,0.0
2024-07-23 11:00:00-04:00,45.52000045776367,45.560001373291016,45.349998474121094,45.38999938964844,97916,0.0,0.0
2024-07-23 11:05:00-04:00,45.38999938964844,45.5,45.310001373291016,45.48500061035156,79356,0.0,0.0
2024-07-23 11:10:00-04:00,45.5,45.61000061035156,45.474998474121094,45.540000915527344,72810,0.0,0.0
2024-07-23 11:15:00-04:00,45.5099983215332,45.540000915527344,45.474998474121094,45.5099983215332,42373,0.0,0.0
2024-07-23 11:20:00-04:00,45.519901275634766,45.52000045776367,45.31999969482422,45.31999969482422,43896,0.0,0.0
2024-07-23 11:25:00-04:00,45.31999969482422,45.369998931884766,45.255001068115234,45.279998779296875,201853,0.0,0.0
2024-07-23 11:30:00-04:00,45.290000915527344,45.32500076293945,45.2400016784668,45.27000045776367,53246,0.0,0.0
2024-07-23 11:35:00-04:00,45.290000915527344,45.439998626708984,45.2599983215332,45.439998626708984,71842,0.0,0.0
2024-07-23 11:40:00-04:00,45.459999084472656,45.63999938964844,45.43000030517578,45.630001068115234,64561,0.0,0.0
2024-07-23 11:45:00-04:00,45.619998931884766,45.619998931884766,45.55500030517578,45.59000015258789,24045,0.0,0.0
2024-07-23 11:50:00-04:00,45.58000183105469,45.599998474121094,45.52000045776367,45.56999969482422,42327,0.0,0.0
2024-07-23 11:55:00-04:00,45.56999969482422,45.66999816894531,45.56999969482422,45.619998931884766,25113,0.0,0.0
2024-07-23 12:00:00-04:00,45.619998931884766,45.75,45.619998931884766,45.7400016784668,60564,0.0,0.0
2024-07-23 12:05:00-04:00,45.7400016784668,45.790000915527344,45.709999084472656,45.73500061035156,20626,0.0,0.0
2024-07-23 12:10:00-04:00,45.7400016784668,45.817501068115234,45.7400016784668,45.790000915527344,23370,0.0,0.0
2024-07-23 12:15:00-04:00,45.79999923706055,45.810001373291016,45.720001220703125,45.720001220703125,18953,0.0,0.0
2024-07-23 12:20:00-04:00,45.720001220703125,45.744998931884766,45.59000015258789,45.595001220703125,20141,0.0,0.0
2024-07-23 12:25:00-04:00,45.58000183105469,45.63999938964844,45.58000183105469,45.63999938964844,19115,0.0,0.0
2024-07-23 12:30:00-04:00,45.630001068115234,45.66999816894531,45.59000015258789,45.650001525878906,20885,0.0,0.0
2024-07-23 12:35:00-04:00,45.65999984741211,45.72999954223633,45.650001525878906,45.720001220703125,21827,0.0,0.0
2024-07-23 12:40:00-04:00,45.72999954223633,45.77899932861328,45.70000076293945,45.75,31084,0.0,0.0
2024-07-23 12:45:00-04:00,45.7599983215332,45.76499938964844,45.68000030517578,45.68000030517578,19287,0.0,0.0
2024-07-23 12:50:00-04:00,45.689998626708984,45.689998626708984,45.63999938964844,45.68000030517578,13753,0.0,0.0
2024-07-23 12:55:00-04:00,45.68000030517578,45.70000076293945,45.65999984741211,45.67499923706055,21114,0.0,0.0
2024-07-23 13:00:00-04:00,45.67499923706055,45.90999984741211,45.67499923706055,45.900001525878906,26522,0.0,0.0
2024-07-23 13:05:00-04:00,45.900001525878906,45.97999954223633,45.900001525878906,45.939998626708984,28538,0.0,0.0
2024-07-23 13:10:00-04:00,45.935001373291016,45.935001373291016,45.849998474121094,45.8849983215332,14758,0.0,0.0
2024-07-23 13:15:00-04:00,45.88999938964844,45.900001525878906,45.77000045776367,45.79999923706055,33118,0.0,0.0
2024-07-23 13:20:00-04:00,45.79999923706055,45.83000183105469,45.72999954223633,45.72999954223633,22882,0.0,0.0
2024-07-23 13:25:00-04:00,45.72999954223633,45.75,45.70000076293945,45.7400016784668,24203,0.0,0.0
2024-07-23 13:30:00-04:00,45.7400016784668,45.7400016784668,45.691001892089844,45.720001220703125,20096,0.0,0.0
2024-07-23 13:35:00-04:00,45.720001220703125,45.790000915527344,45.71500015258789,45.775001525878906,43922,0.0,0.0
2024-07-23 13:40:00-04:00,45.775001525878906,45.79999923706055,45.75,45.779998779296875,18934,0.0,0.0
2024-07-23 13:45:00-04:00,45.79999923706055,45.81999969482422,45.77000045776367,45.790000915527344,48777,0.0,0.0
2024-07-23 13:50:00-04:00,45.78499984741211,45.810001373291016,45.779998779296875,45.779998779296875,23460,0.0,0.0
2024-07-23 13:55:00-04:00,45.779998779296875,45.83000183105469,45.77000045776367,45.790000915527344,43696,0.0,0.0
2024-07-23 14:00:00-04:00,45.78499984741211,45.89500045776367,45.775001525878906,45.89500045776367,45297,0.0,0.0
2024-07-23 14:05:00-04:00,45.900001525878906,45.97999954223633,45.88999938964844,45.91999816894531,43260,0.0,0.0
2024-07-23 14:10:00-04:00,45.91999816894531,45.91999816894531,45.83000183105469,45.845001220703125,33203,0.0,0.0
2024-07-23 14:15:00-04:00,45.845001220703125,45.85499954223633,45.76060104370117,45.790000915527344,21168,0.0,0.0
2024-07-23 14:20:00-04:00,45.790000915527344,45.790000915527344,45.72999954223633,45.75,18247,0.0,0.0
2024-07-23 14:25:00-04:00,45.75,45.75,45.63999938964844,45.709999084472656,25826,0.0,0.0
2024-07-23 14:30:00-04:00,45.709999084472656,45.790000915527344,45.709999084472656,45.78499984741211,24698,0.0,0.0
2024-07-23 14:35:00-04:00,45.775001525878906,45.80500030517578,45.75,45.79999923706055,25956,0.0,0.0
2024-07-23 14:40:00-04:00,45.80500030517578,45.810001373291016,45.77000045776367,45.78499984741211,21007,0.0,0.0
2024-07-23 14:45:00-04:00,45.779998779296875,45.810001373291016,45.7599983215332,45.77000045776367,36490,0.0,0.0
2024-07-23 14:50:00-04:00,45.779998779296875,45.81999969482422,45.779998779296875,45.814998626708984,29099,0.0,0.0
2024-07-23 14:55:00-04:00,45.81999969482422,45.849998474121094,45.79499816894531,45.810001373291016,72257,0.0,0.0
2024-07-23 15:00:00-04:00,45.810001373291016,45.90999984741211,45.79999923706055,45.90999984741211,28790,0.0,0.0
2024-07-23 15:05:00-04:00,45.900001525878906,45.90999984741211,45.849998474121094,45.89500045776367,30172,0.0,0.0
2024-07-23 15:10:00-04:00,45.89500045776367,45.90999984741211,45.86000061035156,45.869998931884766,36876,0.0,0.0
2024-07-23 15:15:00-04:00,45.86000061035156,45.8650016784668,45.834999084472656,45.845001220703125,18092,0.0,0.0
2024-07-23 15:20:00-04:00,45.845001220703125,45.915000915527344,45.84000015258789,45.90999984741211,41700,0.0,0.0
2024-07-23 15:25:00-04:00,45.904998779296875,45.91999816894531,45.834999084472656,45.84000015258789,43924,0.0,0.0
2024-07-23 15:30:00-04:00,45.82500076293945,45.82500076293945,45.70000076293945,45.7400016784668,61214,0.0,0.0
2024-07-23 15:35:00-04:00,45.744998931884766,45.7599983215332,45.709999084472656,45.709999084472656,72919,0.0,0.0
2024-07-23 15:40:00-04:00,45.70000076293945,45.77000045776367,45.70000076293945,45.76499938964844,86996,0.0,0.0
2024-07-23 15:45:00-04:00,45.76499938964844,45.8849983215332,45.76499938964844,45.834999084472656,119036,0.0,0.0
2024-07-23 15:50:00-04:00,45.834999084472656,45.8650016784668,45.72999954223633,45.73500061035156,177978,0.0,0.0
2024-07-23 15:55:00-04:00,45.73500061035156,45.83000183105469,45.720001220703125,45.790000915527344,397529,0.0,0.0
2024-07-24 09:30:00-04:00,44.75,45.31999969482422,44.22999954223633,45.2400016784668,351384,0.0,0.0
2024-07-24 09:35:00-04:00,45.224998474121094,46.27000045776367,45.13999938964844,45.915000915527344,213212,0.0,0.0
2024-07-24 09:40:00-04:00,45.915000915527344,46.025001525878906,45.709999084472656,45.71500015258789,59434,0.0,0.0
2024-07-24 09:45:00-04:00,45.689998626708984,45.71500015258789,45.220001220703125,45.2400016784668,60774,0.0,0.0
2024-07-24 09:50:00-04:00,45.255001068115234,45.66999816894531,45.150001525878906,45.619998931884766,121035,0.0,0.0
2024-07-24 09:55:00-04:00,45.65999984741211,45.665000915527344,45.34000015258789,45.36000061035156,77547,0.0,0.0
2024-07-24 10:00:00-04:00,45.35499954223633,45.42499923706055,45.209999084472656,45.32500076293945,89333,0.0,0.0
2024-07-24 10:05:00-04:00,45.349998474121094,45.349998474121094,44.91999816894531,45.01499938964844,51249,0.0,0.0
2024-07-24 10:10:00-04:00,45.0,45.01499938964844,44.720001220703125,44.77000045776367,36798,0.0,0.0
2024-07-24 10:15:00-04:00,44.779998779296875,45.15999984741211,44.779998779296875,45.13999938964844,49732,0.0,0.0
2024-07-24 10:20:00-04:00,45.130001068115234,45.16999816894531,45.05110168457031,45.09000015258789,29470,0.0,0.0
2024-07-24 10:25:00-04:00,45.09000015258789,45.20000076293945,45.06999969482422,45.13999938964844,23356,0.0,0.0
2024-07-24 10:30:00-04:00,45.130001068115234,45.26499938964844,45.119998931884766,45.189998626708984,40596,0.0,0.0
2024-07-24 10:35:00-04:00,45.189998626708984,45.47999954223633,45.18000030517578,45.474998474121094,45409,0.0,0.0
2024-07-24 10:40:00-04:00,45.5,45.63999938964844,45.47999954223633,45.560001373291016,31216,0.0,0.0
2024-07-24 10:45:00-04:00,45.56999969482422,45.61000061035156,45.42499923706055,45.43000030517578,26321,0.0,0.0
2024-07-24 10:50:00-04:00,45.439998626708984,45.470001220703125,45.2400016784668,45.2400016784668,38407,0.0,0.0
2024-07-24 10:55:00-04:00,45.22999954223633,45.22999954223633,44.91999816894531,44.974998474121094,39260,0.0,0.0
2024-07-24 11:00:00-04:00,44.970001220703125,45.02000045776367,44.959999084472656,44.9900016784668,27257,0.0,0.0
2024-07-24 11:05:00-04:00,44.97999954223633,45.029998779296875,44.93000030517578,44.97999954223633,34913,0.0,0.0
2024-07-24 11:10:00-04:00,44.98500061035156,45.03499984741211,44.959999084472656,44.96500015258789,20068,0.0,0.0
2024-07-24 11:15:00-04:00,44.970001220703125,45.29999923706055,44.970001220703125,45.16999816894531,140629,0.0,0.0
2024-07-24 11:20:00-04:00,45.189998626708984,45.20500183105469,45.119998931884766,45.13999938964844,12185,0.0,0.0
2024-07-24 11:25:00-04:00,45.09000015258789,45.400001525878906,45.09000015258789,45.380001068115234,41018,0.0,0.0
2024-07-24 11:30:00-04:00,45.380001068115234,45.51499938964844,45.369998931884766,45.4900016784668,29971,0.0,0.0
2024-07-24 11:35:00-04:00,45.47999954223633,45.4900016784668,45.38999938964844,45.41999816894531,19055,0.0,0.0
2024-07-24 11:40:00-04:00,45.40999984741211,45.439998626708984,45.34000015258789,45.34000015258789,25136,0.0,0.0
2024-07-24 11:45:00-04:00,45.33000183105469,45.40999984741211,45.33000183105469,45.40999984741211,21200,0.0,0.0
2024-07-24 11:50:00-04:00,45.400001525878906,45.540000915527344,45.39500045776367,45.51499938964844,30502,0.0,0.0
2024-07-24 11:55:00-04:00,45.5099983215332,45.5099983215332,45.310001373291016,45.33000183105469,19093,0.0,0.0
2024-07-24 12:00:00-04:00,45.34000015258789,45.345001220703125,45.290000915527344,45.290000915527344,25060,0.0,0.0
2024-07-24 12:05:00-04:00,45.279998779296875,45.31999969482422,45.22999954223633,45.279998779296875,34253,0.0,0.0
2024-07-24 12:10:00-04:00,45.279998779296875,45.33000183105469,45.25,45.279998779296875,24076,0.0,0.0
2024-07-24 12:15:00-04:00,45.28900146484375,45.56999969482422,45.28900146484375,45.56999969482422,66595,0.0,0.0
2024-07-24 12:20:00-04:00,45.564998626708984,45.72999954223633,45.564998626708984,45.72999954223633,37907,0.0,0.0
2024-07-24 12:25:00-04:00,45.737998962402344,45.7400016784668,45.65999984741211,45.65999984741211,38084,0.0,0.0
2024-07-24 12:30:00-04:00,45.654998779296875,45.66999816894531,45.540000915527344,45.58000183105469,39030,0.0,0.0
2024-07-24 12:35:00-04:00,45.58000183105469,45.59000015258789,45.5,45.5,20471,0.0,0.0
2024-07-24 12:40:00-04:00,45.5099983215332,45.5099983215332,45.439998626708984,45.470001220703125,34871,0.0,0.0
2024-07-24 12:45:00-04:00,45.470001220703125,45.47999954223633,45.40999984741211,45.4379997253418,46390,0.0,0.0
2024-07-24 12:50:00-04:00,45.439998626708984,45.560001373291016,45.439998626708984,45.525001525878906,14880,0.0,0.0
2024-07-24 12:55:00-04:00,45.52000045776367,45.52000045776367,45.470001220703125,45.47999954223633,11189,0.0,0.0
2024-07-24 13:00:00-04:00,45.47999954223633,45.51499938964844,45.43000030517578,45.505001068115234,16720,0.0,0.0
2024-07-24 13:05:00-04:00,45.505001068115234,45.540000915527344,45.470001220703125,45.51499938964844,12733,0.0,0.0
2024-07-24 13:10:00-04:00,45.52000045776367,45.529998779296875,45.470001220703125,45.5099983215332,11325,0.0,0.0
2024-07-24 13:15:00-04:00,45.5,45.505001068115234,45.41999816894531,45.45000076293945,18737,0.0,0.0
2024-07-24 13:20:00-04:00,45.439998626708984,45.470001220703125,45.435001373291016,45.45000076293945,11596,0.0,0.0
2024-07-24 13:25:00-04:00,45.439998626708984,45.45000076293945,45.33000183105469,45.45000076293945,48021,0.0,0.0
2024-07-24 13:30:00-04:00,45.44499969482422,45.47140121459961,45.38999938964844,45.470001220703125,27490,0.0,0.0
2024-07-24 13:35:00-04:00,45.474998474121094,45.474998474121094,45.435001373291016,45.440799713134766,15228,0.0,0.0
2024-07-24 13:40:00-04:00,45.439998626708984,45.459999084472656,45.310001373291016,45.31999969482422,41681,0.0,0.0
2024-07-24 13:45:00-04:00,45.29999923706055,45.29999923706055,45.17499923706055,45.25,17986,0.0,0.0
2024-07-24 13:50:00-04:00,45.25,45.25,45.189998626708984,45.209999084472656,17848,0.0,0.0
2024-07-24 13:55:00-04:00,45.20000076293945,45.22999954223633,45.18000030517578,45.185001373291016,19378,0.0,0.0
2024-07-24 14:00:00-04:00,45.185001373291016,45.220001220703125,45.16999816894531,45.209999084472656,21717,0.0,0.0
2024-07-24 14:05:00-04:00,45.209999084472656,45.220001220703125,45.18000030517578,45.189998626708984,13336,0.0,0.0
2024-07-24 14:10:00-04:00,45.20000076293945,45.27000045776367,45.17499923706055,45.26499938964844,18411,0.0,0.0
2024-07-24 14:15:00-04:00,45.2599983215332,45.31999969482422,45.2599983215332,45.275001525878906,24703,0.0,0.0
2024-07-24 14:20:00-04:00,45.27009963989258,45.270999908447266,45.17499923706055,45.18000030517578,33722,0.0,0.0
2024-07-24 14:25:00-04:00,45.189998626708984,45.31999969482422,45.15999984741211,45.310001373291016,30051,0.0,0.0
2024-07-24 14:30:00-04:00,45.310001373291016,45.34000015258789,45.29999923706055,45.29999923706055,18806,0.0,0.0
2024-07-24 14:35:00-04:00,45.29999923706055,45.310001373291016,45.27000045776367,45.275001525878906,16255,0.0,0.0
2024-07-24 14:40:00-04:00,45.27909851074219,45.29999923706055,45.11000061035156,45.1150016784668,24978,0.0,0.0
2024-07-24 14:45:00-04:00,45.11000061035156,45.130001068115234,45.06999969482422,45.0702018737793,39597,0.0,0.0
2024-07-24 14:50:00-04:00,45.06999969482422,45.119998931884766,45.04999923706055,45.05500030517578,23502,0.0,0.0
2024-07-24 14:55:00-04:00,45.05500030517578,45.154998779296875,45.05500030517578,45.119998931884766,27120,0.0,0.0
2024-07-24 15:00:00-04:00,45.119998931884766,45.15999984741211,45.08000183105469,45.13999938964844,34524,0.0,0.0
2024-07-24 15:05:00-04:00,45.119998931884766,45.27000045776367,45.119998931884766,45.25,27606,0.0,0.0
2024-07-24 15:10:00-04:00,45.25,45.27000045776367,45.20000076293945,45.20500183105469,19145,0.0,0.0
2024-07-24 15:15:00-04:00,45.20000076293945,45.20000076293945,45.099998474121094,45.119998931884766,28058,0.0,0.0
2024-07-24 15:20:00-04:00,45.130001068115234,45.16999816894531,45.08000183105469,45.10499954223633,45718,0.0,0.0
2024-07-24 15:25:00-04:00,45.11000061035156,45.2599983215332,45.099998474121094,45.22999954223633,123931,0.0,0.0
2024-07-24 15:30:00-04:00,45.22999954223633,45.310001373291016,45.16999816894531,45.279998779296875,50388,0.0,0.0
2024-07-24 15:35:00-04:00,45.27000045776367,45.28499984741211,45.22999954223633,45.255001068115234,53194,0.0,0.0
2024-07-24 15:40:00-04:00,45.2599983215332,45.29999923706055,45.21500015258789,45.279998779296875,70818,0.0,0.0
2024-07-24 15:45:00-04:00,45.27000045776367,45.36000061035156,45.23500061035156,45.35499954223633,135836,0.0,0.0
2024-07-24 15:50:00-04:00,45.36000061035156,45.375,45.15999984741211,45.16999816894531,197682,0.0,0.0
2024-07-24 15:55:00-04:00,45.16999816894531,45.209999084472656,45.09000015258789,45.15999984741211,373251,0.0,0.0
2024-07-25 09:30:00-04:00,44.529998779296875,44.91999816894531,44.400001525878906,44.84000015258789,92246,0.0,0.0
2024-07-25 09:35:00-04:00,44.84000015258789,44.95000076293945,44.779998779296875,44.81999969482422,72194,0.0,0.0
2024-07-25 09:40:00-04:00,44.790000915527344,45.084999084472656,44.595001220703125,45.08000183105469,25686,0.0,0.0
2024-07-25 09:45:00-04:00,45.11000061035156,45.41999816894531,45.11000061035156,45.40999984741211,24442,0.0,0.0
2024-07-25 09:50:00-04:00,45.43000030517578,45.52000045776367,45.209999084472656,45.209999084472656,40917,0.0,0.0
2024-07-25 09:55:00-04:00,45.22999954223633,45.26499938964844,45.060001373291016,45.13999938964844,114678,0.0,0.0
2024-07-25 10:00:00-04:00,45.099998474121094,45.099998474121094,44.79999923706055,44.83000183105469,31128,0.0,0.0
2024-07-25 10:05:00-04:00,44.84000015258789,44.91999816894531,44.779998779296875,44.84000015258789,43782,0.0,0.0
2024-07-25 10:10:00-04:00,44.869998931884766,44.869998931884766,44.68000030517578,44.77000045776367,54149,0.0,0.0
2024-07-25 10:15:00-04:00,44.779998779296875,45.0,44.779998779296875,45.0,25046,0.0,0.0
2024-07-25 10:20:00-04:00,45.029998779296875,45.21500015258789,44.9900016784668,45.16999816894531,25772,0.0,0.0
2024-07-25 10:25:00-04:00,45.165000915527344,45.30500030517578,45.060001373291016,45.279998779296875,89471,0.0,0.0
2024-07-25 10:30:00-04:00,45.275001525878906,45.29999923706055,45.189998626708984,45.29999923706055,31264,0.0,0.0
2024-07-25 10:35:00-04:00,45.310001373291016,45.4098014831543,45.27000045776367,45.279998779296875,43281,0.0,0.0
2024-07-25 10:40:00-04:00,45.279998779296875,45.349998474121094,45.22999954223633,45.3385009765625,24354,0.0,0.0
2024-07-25 10:45:00-04:00,45.369998931884766,45.5099983215332,45.369998931884766,45.45000076293945,37329,0.0,0.0
2024-07-25 10:50:00-04:00,45.470001220703125,45.709999084472656,45.470001220703125,45.709999084472656,55660,0.0,0.0
2024-07-25 10:55:00-04:00,45.689998626708984,45.79999923706055,45.630001068115234,45.79999923706055,39362,0.0,0.0
2024-07-25 11:00:00-04:00,45.81999969482422,45.88999938964844,45.79999923706055,45.79999923706055,48453,0.0,0.0
2024-07-25 11:05:00-04:00,45.85499954223633,45.85499954223633,45.720001220703125,45.7599983215332,53701,0.0,0.0
2024-07-25 11:10:00-04:00,45.75,45.8650016784668,45.7400016784668,45.849998474121094,29578,0.0,0.0
2024-07-25 11:15:00-04:00,45.84000015258789,45.935001373291016,45.810001373291016,45.81999969482422,21084,0.0,0.0
2024-07-25 11:20:00-04:00,45.779998779296875,45.779998779296875,45.689998626708984,45.72999954223633,37704,0.0,0.0
2024-07-25 11:25:00-04:00,45.720001220703125,45.720001220703125,45.689998626708984,45.709999084472656,22099,0.0,0.0
2024-07-25 11:30:00-04:00,45.720001220703125,45.779998779296875,45.720001220703125,45.75,12529,0.0,0.0
2024-07-25 11:35:00-04:00,45.75,45.77000045776367,45.63999938964844,45.77000045776367,30695,0.0,0.0
2024-07-25 11:40:00-04:00,45.779998779296875,45.810001373291016,45.75,45.79999923706055,15010,0.0,0.0
2024-07-25 11:45:00-04:00,45.810001373291016,45.83000183105469,45.72999954223633,45.77000045776367,22281,0.0,0.0
2024-07-25 11:50:00-04:00,45.790000915527344,45.8849983215332,45.790000915527344,45.86000061035156,15576,0.0,0.0
2024-07-25 11:55:00-04:00,45.869998931884766,45.900001525878906,45.81999969482422,45.86000061035156,20896,0.0,0.0
2024-07-25 12:00:00-04:00,45.86000061035156,45.869998931884766,45.77000045776367,45.79999923706055,19406,0.0,0.0
2024-07-25 12:05:00-04:00,45.810001373291016,45.83000183105469,45.709999084472656,45.779998779296875,15959,0.0,0.0
2024-07-25 12:10:00-04:00,45.790000915527344,45.810001373291016,45.709999084472656,45.810001373291016,14650,0.0,0.0
2024-07-25 12:15:00-04:00,45.810001373291016,45.89500045776367,45.79999923706055,45.8849983215332,11504,0.0,0.0
2024-07-25 12:20:00-04:00,45.880001068115234,45.8849983215332,45.779998779296875,45.81999969482422,39789,0.0,0.0
2024-07-25 12:25:00-04:00,45.83000183105469,45.85499954223633,45.779998779296875,45.810001373291016,19619,0.0,0.0
2024-07-25 12:30:00-04:00,45.810001373291016,45.849998474121094,45.779998779296875,45.79999923706055,24168,0.0,0.0
2024-07-25 12:35:00-04:00,45.790000915527344,45.86000061035156,45.77000045776367,45.84000015258789,15760,0.0,0.0
2024-07-25 12:40:00-04:00,45.84000015258789,45.900001525878906,45.83000183105469,45.900001525878906,16647,0.0,0.0
2024-07-25 12:45:00-04:00,45.90999984741211,45.92499923706055,45.79999923706055,45.79999923706055,20711,0.0,0.0
2024-07-25 12:50:00-04:00,45.79999923706055,45.814998626708984,45.7400016784668,45.79999923706055,13224,0.0,0.0
2024-07-25 12:55:00-04:00,45.79999923706055,45.834999084472656,45.790000915527344,45.810001373291016,10150,0.0,0.0
2024-07-25 13:00:00-04:00,45.81999969482422,45.96500015258789,45.810001373291016,45.93000030517578,14799,0.0,0.0
2024-07-25 13:05:00-04:00,45.93000030517578,45.98500061035156,45.91999816894531,45.97999954223633,14491,0.0,0.0
2024-07-25 13:10:00-04:00,45.97999954223633,45.994998931884766,45.88999938964844,45.915000915527344,15593,0.0,0.0
2024-07-25 13:15:00-04:00,45.91999816894531,45.91999816894531,45.77000045776367,45.810001373291016,29300,0.0,0.0
2024-07-25 13:20:00-04:00,45.81999969482422,45.849998474121094,45.7400016784668,45.75,13073,0.0,0.0
2024-07-25 13:25:00-04:00,45.7599983215332,45.814998626708984,45.70000076293945,45.720001220703125,19675,0.0,0.0
2024-07-25 13:30:00-04:00,45.709999084472656,45.7400016784668,45.689998626708984,45.7400016784668,15425,0.0,0.0
2024-07-25 13:35:00-04:00,45.7400016784668,45.810001373291016,45.72999954223633,45.810001373291016,12289,0.0,0.0
2024-07-25 13:40:00-04:00,45.82500076293945,45.88999938964844,45.82500076293945,45.880001068115234,12727,0.0,0.0
2024-07-25 13:45:00-04:00,45.88999938964844,45.88999938964844,45.81999969482422,45.845001220703125,30535,0.0,0.0
2024-07-25 13:50:00-04:00,45.84000015258789,45.899898529052734,45.81999969482422,45.84000015258789,15922,0.0,0.0
2024-07-25 13:55:00-04:00,45.84000015258789,45.939998626708984,45.83000183105469,45.900001525878906,14874,0.0,0.0
2024-07-25 14:00:00-04:00,45.90999984741211,45.935001373291016,45.88999938964844,45.93000030517578,17002,0.0,0.0
2024-07-25 14:05:00-04:00,45.91999816894531,45.91999816894531,45.77000045776367,45.77000045776367,15679,0.0,0.0
2024-07-25 14:10:00-04:00,45.779998779296875,45.80500030517578,45.73500061035156,45.80500030517578,18302,0.0,0.0
2024-07-25 14:15:00-04:00,45.810001373291016,45.900001525878906,45.810001373291016,45.8650016784668,27736,0.0,0.0
2024-07-25 14:20:00-04:00,45.86000061035156,45.880001068115234,45.810001373291016,45.810001373291016,21788,0.0,0.0
2024-07-25 14:25:00-04:00,45.81999969482422,45.904998779296875,45.81999969482422,45.875,17483,0.0,0.0
2024-07-25 14:30:00-04:00,45.875,45.93000030517578,45.875,45.90999984741211,24043,0.0,0.0
2024-07-25 14:35:00-04:00,45.90999984741211,45.93000030517578,45.83000183105469,45.83000183105469,26440,0.0,0.0
2024-07-25 14:40:00-04:00,45.810001373291016,45.852500915527344,45.79999923706055,45.80500030517578,19031,0.0,0.0
2024-07-25 14:45:00-04:00,45.79999923706055,45.83000183105469,45.72999954223633,45.7400016784668,21906,0.0,0.0
2024-07-25 14:50:00-04:00,45.75,45.779998779296875,45.72999954223633,45.7599983215332,24352,0.0,0.0
2024-07-25 14:55:00-04:00,45.77000045776367,45.84000015258789,45.7599983215332,45.810001373291016,28122,0.0,0.0
2024-07-25 15:00:00-04:00,45.810001373291016,45.880001068115234,45.779998779296875,45.790000915527344,43645,0.0,0.0
2024-07-25 15:05:00-04:00,45.790000915527344,45.8650016784668,45.77000045776367,45.849998474121094,23661,0.0,0.0
2024-07-25 15:10:00-04:00,45.849998474121094,45.85499954223633,45.75,45.779998779296875,31737,0.0,0.0
2024-07-25 15:15:00-04:00,45.775001525878906,45.8650016784668,45.77000045776367,45.8650016784668,28254,0.0,0.0
2024-07-25 15:20:00-04:00,45.8650016784668,45.959999084472656,45.849998474121094,45.939998626708984,42357,0.0,0.0
2024-07-25 15:25:00-04:00,45.94499969482422,46.029998779296875,45.94499969482422,46.005001068115234,30452,0.0,0.0
2024-07-25 15:30:00-04:00,46.0099983215332,46.02000045776367,45.875,45.880001068115234,48995,0.0,0.0
2024-07-25 15:35:00-04:00,45.8849983215332,45.904998779296875,45.77000045776367,45.810001373291016,41914,0.0,0.0
2024-07-25 15:40:00-04:00,45.83000183105469,45.84000015258789,45.72999954223633,45.779998779296875,55157,0.0,0.0
2024-07-25 15:45:00-04:00,45.775001525878906,45.834999084472656,45.72100067138672,45.81999969482422,79870,0.0,0.0
2024-07-25 15:50:00-04:00,45.810001373291016,45.81999969482422,45.6510009765625,45.654998779296875,149040,0.0,0.0
2024-07-25 15:55:00-04:00,45.654998779296875,45.7400016784668,45.630001068115234,45.689998626708984,323969,0.0,0.0
2024-07-26 09:30:00-04:00,46.38999938964844,46.849998474121094,46.02000045776367,46.68000030517578,97281,0.0,0.0
2024-07-26 09:35:00-04:00,46.66999816894531,46.77000045776367,46.4900016784668,46.7400016784668,57169,0.0,0.0
2024-07-26 09:40:00-04:00,46.77000045776367,46.810001373291016,46.65999984741211,46.75,52662,0.0,0.0
2024-07-26 09:45:00-04:00,46.7599983215332,46.900001525878906,46.66999816894531,46.685001373291016,37627,0.0,0.0
2024-07-26 09:50:00-04:00,46.689998626708984,46.720001220703125,46.52000045776367,46.529998779296875,31169,0.0,0.0
2024-07-26 09:55:00-04:00,46.54999923706055,46.64500045776367,46.45000076293945,46.630001068115234,100697,0.0,0.0
2024-07-26 10:00:00-04:00,46.6150016784668,46.81999969482422,46.58000183105469,46.81999969482422,66534,0.0,0.0
2024-07-26 10:05:00-04:00,46.81999969482422,46.849998474121094,46.649600982666016,46.649600982666016,41858,0.0,0.0
2024-07-26 10:10:00-04:00,46.650001525878906,46.88999938964844,46.63999938964844,46.790000915527344,65938,0.0,0.0
2024-07-26 10:15:00-04:00,46.790000915527344,46.790000915527344,46.619998931884766,46.70000076293945,71951,0.0,0.0
2024-07-26 10:20:00-04:00,46.70000076293945,46.779998779296875,46.630001068115234,46.7599983215332,57269,0.0,0.0
2024-07-26 10:25:00-04:00,46.7599983215332,46.7599983215332,46.5,46.540000915527344,158038,0.0,0.0
2024-07-26 10:30:00-04:00,46.540000915527344,46.58000183105469,46.29999923706055,46.29999923706055,63492,0.0,0.0
2024-07-26 10:35:00-04:00,46.290000915527344,46.290000915527344,46.06999969482422,46.099998474121094,29064,0.0,0.0
2024-07-26 10:40:00-04:00,46.099998474121094,46.349998474121094,46.099998474121094,46.34000015258789,33809,0.0,0.0
2024-07-26 10:45:00-04:00,46.34000015258789,46.459999084472656,46.31999969482422,46.36000061035156,26768,0.0,0.0
2024-07-26 10:50:00-04:00,46.349998474121094,46.349998474121094,46.185001373291016,46.22999954223633,23859,0.0,0.0
2024-07-26 10:55:00-04:00,46.220001220703125,46.29999923706055,46.189998626708984,46.189998626708984,113630,0.0,0.0
2024-07-26 11:00:00-04:00,46.189998626708984,46.2400016784668,46.09000015258789,46.209999084472656,25824,0.0,0.0
2024-07-26 11:05:00-04:00,46.20000076293945,46.2400016784668,46.119998931884766,46.119998931884766,70798,0.0,0.0
2024-07-26 11:10:00-04:00,46.130001068115234,46.13999938964844,45.9739990234375,46.03499984741211,38780,0.0,0.0
2024-07-26 11:15:00-04:00,46.029998779296875,46.029998779296875,45.900001525878906,45.9900016784668,24236,0.0,0.0
2024-07-26 11:20:00-04:00,45.994998931884766,46.119998931884766,45.970001220703125,46.119998931884766,17632,0.0,0.0
2024-07-26 11:25:00-04:00,46.119998931884766,46.13999938964844,46.029998779296875,46.04999923706055,32945,0.0,0.0
2024-07-26 11:30:00-04:00,46.029998779296875,46.06999969482422,45.970001220703125,45.994998931884766,53539,0.0,0.0
2024-07-26 11:35:00-04:00,45.9900016784668,46.05500030517578,45.970001220703125,46.03499984741211,24027,0.0,0.0
2024-07-26 11:40:00-04:00,46.029998779296875,46.040000915527344,45.970001220703125,46.040000915527344,16380,0.0,0.0
2024-07-26 11:45:00-04:00,46.04499816894531,46.27000045776367,46.04499816894531,46.27000045776367,44417,0.0,0.0
2024-07-26 11:50:00-04:00,46.279998779296875,46.33000183105469,46.16999816894531,46.18000030517578,32007,0.0,0.0
2024-07-26 11:55:00-04:00,46.189998626708984,46.25,46.189998626708984,46.2400016784668,14885,0.0,0.0
2024-07-26 12:00:00-04:00,46.23500061035156,46.27000045776367,46.099998474121094,46.189998626708984,80964,0.0,0.0
2024-07-26 12:05:00-04:00,46.18000030517578,46.20500183105469,46.16999816894531,46.20000076293945,16057,0.0,0.0
2024-07-26 12:10:00-04:00,46.209999084472656,46.209999084472656,46.08000183105469,46.125,22533,0.0,0.0
2024-07-26 12:15:00-04:00,46.130001068115234,46.130001068115234,46.08000183105469,46.11000061035156,19130,0.0,0.0
2024-07-26 12:20:00-04:00,46.11000061035156,46.209999084472656,46.11000061035156,46.16999816894531,15880,0.0,0.0
2024-07-26 12:25:00-04:00,46.16999816894531,46.20000076293945,46.11000061035156,46.130001068115234,28167,0.0,0.0
2024-07-26 12:30:00-04:00,46.130001068115234,46.150001525878906,46.060001373291016,46.06999969482422,14034,0.0,0.0
2024-07-26 12:35:00-04:00,46.060001373291016,46.06999969482422,46.040000915527344,46.06999969482422,13854,0.0,0.0
2024-07-26 12:40:00-04:00,46.08000183105469,46.13999938964844,46.04999923706055,46.099998474121094,15217,0.0,0.0
2024-07-26 12:45:00-04:00,46.099998474121094,46.150001525878906,46.064998626708984,46.09000015258789,18132,0.0,0.0
2024-07-26 12:50:00-04:00,46.08000183105469,46.20000076293945,46.08000183105469,46.18000030517578,22887,0.0,0.0
2024-07-26 12:55:00-04:00,46.18000030517578,46.185001373291016,46.13999938964844,46.16999816894531,10539,0.0,0.0
2024-07-26 13:00:00-04:00,46.16999816894531,46.18000030517578,46.060001373291016,46.060001373291016,38003,0.0,0.0
2024-07-26 13:05:00-04:00,46.060001373291016,46.06999969482422,45.97999954223633,46.0099983215332,21699,0.0,0.0
2024-07-26 13:10:00-04:00,46.02000045776367,48.0,46.02000045776367,47.650001525878906,1293861,0.0,0.0
2024-07-26 13:15:00-04:00,47.63999938964844,48.04999923706055,46.970001220703125,47.75,760214,0.0,0.0
2024-07-26 13:20:00-04:00,47.7599983215332,48.400001525878906,47.650001525878906,48.290000915527344,958598,0.0,0.0
2024-07-26 13:25:00-04:00,48.279998779296875,48.47999954223633,47.65999984741211,47.724998474121094,337713,0.0,0.0
2024-07-26 13:30:00-04:00,47.709999084472656,47.81999969482422,47.34000015258789,47.81999969482422,172744,0.0,0.0
2024-07-26 13:35:00-04:00,47.790000915527344,47.959999084472656,47.5,47.95500183105469,170200,0.0,0.0
2024-07-26 13:40:00-04:00,47.939998626708984,48.02000045776367,47.689998626708984,47.849998474121094,187381,0.0,0.0
2024-07-26 13:45:00-04:00,47.81999969482422,48.2599983215332,47.81999969482422,48.13999938964844,89958,0.0,0.0
2024-07-26 13:50:00-04:00,48.119998931884766,48.13999938964844,47.81999969482422,47.88999938964844,143574,0.0,0.0
2024-07-26 13:55:00-04:00,47.90999984741211,47.91999816894531,47.65999984741211,47.755001068115234,118371,0.0,0.0
2024-07-26 14:00:00-04:00,47.7599983215332,47.86000061035156,47.65999984741211,47.65999984741211,94140,0.0,0.0
2024-07-26 14:05:00-04:00,47.650001525878906,47.66999816894531,47.540000915527344,47.599998474121094,57289,0.0,0.0
2024-07-26 14:10:00-04:00,47.61000061035156,47.720001220703125,47.41999816894531,47.41999816894531,91263,0.0,0.0
2024-07-26 14:15:00-04:00,47.42499923706055,47.5099983215332,47.38999938964844,47.40010070800781,62398,0.0,0.0
2024-07-26 14:20:00-04:00,47.40999984741211,47.439998626708984,47.220001220703125,47.2400016784668,79513,0.0,0.0
2024-07-26 14:25:00-04:00,47.2327995300293,47.349998474121094,47.130001068115234,47.29499816894531,58931,0.0,0.0
2024-07-26 14:30:00-04:00,47.301998138427734,47.310001373291016,47.119998931884766,47.18000030517578,69177,0.0,0.0
2024-07-26 14:35:00-04:00,47.189998626708984,47.34000015258789,47.189998626708984,47.34000015258789,29320,0.0,0.0
2024-07-26 14:40:00-04:00,47.34000015258789,47.45000076293945,47.16999816894531,47.380001068115234,65374,0.0,0.0
2024-07-26 14:45:00-04:00,47.369998931884766,47.369998931884766,47.119998931884766,47.189998626708984,50322,0.0,0.0
2024-07-26 14:50:00-04:00,47.189998626708984,47.36000061035156,47.16999816894531,47.290000915527344,51627,0.0,0.0
2024-07-26 14:55:00-04:00,47.279998779296875,47.40999984741211,47.20000076293945,47.209999084472656,37335,0.0,0.0
2024-07-26 15:00:00-04:00,47.220001220703125,47.27000045776367,47.150001525878906,47.15999984741211,186932,0.0,0.0
2024-07-26 15:05:00-04:00,47.13999938964844,47.209999084472656,47.070098876953125,47.167999267578125,122931,0.0,0.0
2024-07-26 15:10:00-04:00,47.15999984741211,47.2400016784668,47.11000061035156,47.150001525878906,83189,0.0,0.0
2024-07-26 15:15:00-04:00,47.119998931884766,47.15999984741211,47.08000183105469,47.150001525878906,43116,0.0,0.0
2024-07-26 15:20:00-04:00,47.150001525878906,47.36000061035156,47.13999938964844,47.334999084472656,153152,0.0,0.0
2024-07-26 15:25:00-04:00,47.33000183105469,47.375,47.290000915527344,47.31999969482422,38055,0.0,0.0
2024-07-26 15:30:00-04:00,47.33000183105469,47.34000015258789,47.2599983215332,47.29999923706055,49208,0.0,0.0
2024-07-26 15:35:00-04:00,47.29999923706055,47.30500030517578,47.220001220703125,47.22999954223633,41496,0.0,0.0
2024-07-26 15:40:00-04:00,47.2400016784668,47.33000183105469,47.22999954223633,47.31999969482422,65728,0.0,0.0
2024-07-26 15:45:00-04:00,47.31999969482422,47.41999816894531,47.29999923706055,47.404998779296875,95936,0.0,0.0
2024-07-26 15:50:00-04:00,47.40999984741211,47.459999084472656,47.31999969482422,47.334999084472656,171437,0.0,0.0
2024-07-26 15:55:00-04:00,47.33000183105469,47.4900016784668,47.33000183105469,47.41999816894531,371891,0.0,0.0
2024-07-29 09:30:00-04:00,47.15999984741211,47.875,47.150001525878906,47.7599983215332,132414,0.0,0.0
2024-07-29 09:35:00-04:00,47.7599983215332,48.16999816894531,47.68000030517578,48.040000915527344,118830,0.0,0.0
2024-07-29 09:40:00-04:00,48.040000915527344,48.18000030517578,47.90999984741211,48.060001373291016,95192,0.0,0.0
2024-07-29 09:45:00-04:00,48.060001373291016,48.290000915527344,47.97999954223633,48.27050018310547,55201,0.0,0.0
2024-07-29 09:50:00-04:00,48.27000045776367,48.28499984741211,47.88999938964844,47.91999816894531,104823,0.0,0.0
2024-07-29 09:55:00-04:00,47.90999984741211,48.15999984741211,47.86000061035156,48.130001068115234,40948,0.0,0.0
2024-07-29 10:00:00-04:00,48.1349983215332,48.189998626708984,47.7599983215332,47.779998779296875,60367,0.0,0.0
2024-07-29 10:05:00-04:00,47.775001525878906,47.775001525878906,47.650001525878906,47.71500015258789,70227,0.0,0.0
2024-07-29 10:10:00-04:00,47.72999954223633,47.72999954223633,47.40999984741211,47.45000076293945,35637,0.0,0.0
2024-07-29 10:15:00-04:00,47.459999084472656,47.54999923706055,47.2599983215332,47.27000045776367,72361,0.0,0.0
2024-07-29 10:20:00-04:00,47.25,47.27000045776367,47.099998474121094,47.19499969482422,53170,0.0,0.0
2024-07-29 10:25:00-04:00,47.18000030517578,47.220001220703125,47.0,47.099998474121094,92130,0.0,0.0
2024-07-29 10:30:00-04:00,47.099998474121094,47.099998474121094,46.869998931884766,46.95000076293945,146390,0.0,0.0
2024-07-29 10:35:00-04:00,46.95000076293945,47.04999923706055,46.880001068115234,47.0099983215332,43146,0.0,0.0
2024-07-29 10:40:00-04:00,47.0,47.11000061035156,46.790000915527344,46.83000183105469,33598,0.0,0.0
2024-07-29 10:45:00-04:00,46.83000183105469,46.86249923706055,46.64500045776367,46.64500045776367,25145,0.0,0.0
2024-07-29 10:50:00-04:00,46.64500045776367,46.720001220703125,46.529998779296875,46.720001220703125,47389,0.0,0.0
2024-07-29 10:55:00-04:00,46.720001220703125,46.77000045776367,46.595001220703125,46.595001220703125,77951,0.0,0.0
2024-07-29 11:00:00-04:00,46.59000015258789,46.595001220703125,46.41999816894531,46.470001220703125,36710,0.0,0.0
2024-07-29 11:05:00-04:00,46.47999954223633,46.599998474121094,46.474998474121094,46.52000045776367,43347,0.0,0.0
2024-07-29 11:10:00-04:00,46.56999969482422,46.75,46.56999969482422,46.7400016784668,23031,0.0,0.0
2024-07-29 11:15:00-04:00,46.724998474121094,46.880001068115234,46.70000076293945,46.880001068115234,38375,0.0,0.0
2024-07-29 11:20:00-04:00,46.88999938964844,46.91999816894531,46.76499938964844,46.790000915527344,22636,0.0,0.0
2024-07-29 11:25:00-04:00,46.790000915527344,46.95000076293945,46.77000045776367,46.935001373291016,37052,0.0,0.0
2024-07-29 11:30:00-04:00,46.95000076293945,46.970001220703125,46.86000061035156,46.939998626708984,22493,0.0,0.0
2024-07-29 11:35:00-04:00,46.939998626708984,47.11000061035156,46.88999938964844,47.11000061035156,12373,0.0,0.0
2024-07-29 11:40:00-04:00,47.099998474121094,47.209999084472656,47.06999969482422,47.099998474121094,26274,0.0,0.0
2024-07-29 11:45:00-04:00,47.099998474121094,47.29999923706055,47.099998474121094,47.244998931884766,31454,0.0,0.0
2024-07-29 11:50:00-04:00,47.2599983215332,47.279998779296875,47.18000030517578,47.22999954223633,26344,0.0,0.0
2024-07-29 11:55:00-04:00,47.22999954223633,47.27000045776367,47.189998626708984,47.22999954223633,13619,0.0,0.0
2024-07-29 12:00:00-04:00,47.220001220703125,47.279998779296875,47.189998626708984,47.20000076293945,19449,0.0,0.0
2024-07-29 12:05:00-04:00,47.209999084472656,47.279998779296875,47.189998626708984,47.20000076293945,25017,0.0,0.0
2024-07-29 12:10:00-04:00,47.20500183105469,47.209999084472656,47.060001373291016,47.154998779296875,23672,0.0,0.0
2024-07-29 12:15:00-04:00,47.16999816894531,47.2599983215332,47.13999938964844,47.2599983215332,10533,0.0,0.0
2024-07-29 12:20:00-04:00,47.244998931884766,47.25,47.130001068115234,47.189998626708984,15565,0.0,0.0
2024-07-29 12:25:00-04:00,47.18000030517578,47.18000030517578,47.099998474121094,47.1150016784668,17274,0.0,0.0
2024-07-29 12:30:00-04:00,47.099998474121094,47.119998931884766,47.02000045776367,47.04999923706055,18231,0.0,0.0
2024-07-29 12:35:00-04:00,47.029998779296875,47.09000015258789,47.029998779296875,47.060001373291016,16134,0.0,0.0
2024-07-29 12:40:00-04:00,47.060001373291016,47.119998931884766,46.959999084472656,46.959999084472656,41179,0.0,0.0
2024-07-29 12:45:00-04:00,46.959999084472656,47.13999938964844,46.959999084472656,47.099998474121094,17487,0.0,0.0
2024-07-29 12:50:00-04:00,47.0802001953125,47.130001068115234,47.005001068115234,47.130001068115234,14364,0.0,0.0
2024-07-29 12:55:00-04:00,47.1349983215332,47.13999938964844,47.040000915527344,47.040000915527344,14525,0.0,0.0
2024-07-29 13:00:00-04:00,47.040000915527344,47.060001373291016,46.9900016784668,47.060001373291016,13604,0.0,0.0
2024-07-29 13:05:00-04:00,47.060001373291016,47.06999969482422,47.0,47.029998779296875,36129,0.0,0.0
2024-07-29 13:10:00-04:00,47.04999923706055,47.13999938964844,47.040000915527344,47.119998931884766,12675,0.0,0.0
2024-07-29 13:15:00-04:00,47.119998931884766,47.15999984741211,47.09000015258789,47.13249969482422,10898,0.0,0.0
2024-07-29 13:20:00-04:00,47.119998931884766,47.130001068115234,47.04999923706055,47.119998931884766,22677,0.0,0.0
2024-07-29 13:25:00-04:00,47.150001525878906,47.189998626708984,47.119998931884766,47.13999938964844,33525,0.0,0.0
2024-07-29 13:30:00-04:00,47.130001068115234,47.15999984741211,47.099998474121094,47.130001068115234,10598,0.0,0.0
2024-07-29 13:35:00-04:00,47.13999938964844,47.16999816894531,47.060001373291016,47.16999816894531,11875,0.0,0.0
2024-07-29 13:40:00-04:00,47.189998626708984,47.25,47.18000030517578,47.22999954223633,12500,0.0,0.0
2024-07-29 13:45:00-04:00,47.2400016784668,47.25,47.18000030517578,47.185001373291016,11935,0.0,0.0
2024-07-29 13:50:00-04:00,47.15999984741211,47.15999984741211,47.08000183105469,47.09000015258789,6868,0.0,0.0
2024-07-29 13:55:00-04:00,47.11000061035156,47.14500045776367,47.099998474121094,47.125,10765,0.0,0.0
2024-07-29 14:00:00-04:00,47.099998474121094,47.119998931884766,47.06999969482422,47.06999969482422,9030,0.0,0.0
2024-07-29 14:05:00-04:00,47.08000183105469,47.15999984741211,47.08000183105469,47.150001525878906,11634,0.0,0.0
2024-07-29 14:10:00-04:00,47.16999816894531,47.189998626708984,47.130001068115234,47.18000030517578,9890,0.0,0.0
2024-07-29 14:15:00-04:00,47.189998626708984,47.279998779296875,47.15999984741211,47.279998779296875,30412,0.0,0.0
2024-07-29 14:20:00-04:00,47.279998779296875,47.334999084472656,47.209999084472656,47.209999084472656,15343,0.0,0.0
2024-07-29 14:25:00-04:00,47.20500183105469,47.2400016784668,47.16999816894531,47.189998626708984,12806,0.0,0.0
2024-07-29 14:30:00-04:00,47.189998626708984,47.209999084472656,47.150001525878906,47.185001373291016,11119,0.0,0.0
2024-07-29 14:35:00-04:00,47.189998626708984,47.189998626708984,47.13999938964844,47.15299987792969,9631,0.0,0.0
2024-07-29 14:40:00-04:00,47.15999984741211,47.220001220703125,47.15999984741211,47.220001220703125,14718,0.0,0.0
2024-07-29 14:45:00-04:00,47.20000076293945,47.279998779296875,47.189998626708984,47.23500061035156,22313,0.0,0.0
2024-07-29 14:50:00-04:00,47.2400016784668,47.275001525878906,47.224998474121094,47.275001525878906,20477,0.0,0.0
2024-07-29 14:55:00-04:00,47.279998779296875,47.36000061035156,47.27000045776367,47.32500076293945,27139,0.0,0.0
2024-07-29 15:00:00-04:00,47.32500076293945,47.400001525878906,47.28499984741211,47.375,30526,0.0,0.0
2024-07-29 15:05:00-04:00,47.3650016784668,47.404998779296875,47.349998474121094,47.36000061035156,40673,0.0,0.0
2024-07-29 15:10:00-04:00,47.369998931884766,47.43000030517578,47.369998931884766,47.40999984741211,19133,0.0,0.0
2024-07-29 15:15:00-04:00,47.41999816894531,47.459999084472656,47.400001525878906,47.459999084472656,35865,0.0,0.0
2024-07-29 15:20:00-04:00,47.459999084472656,47.505001068115234,47.43000030517578,47.4900016784668,32213,0.0,0.0
2024-07-29 15:25:00-04:00,47.5099983215332,47.57500076293945,47.5099983215332,47.52000045776367,45677,0.0,0.0
2024-07-29 15:30:00-04:00,47.52000045776367,47.54999923706055,47.47999954223633,47.540000915527344,38227,0.0,0.0
2024-07-29 15:35:00-04:00,47.53499984741211,47.54499816894531,47.43000030517578,47.529998779296875,63282,0.0,0.0
2024-07-29 15:40:00-04:00,47.529998779296875,47.58000183105469,47.474998474121094,47.540000915527344,56774,0.0,0.0
2024-07-29 15:45:00-04:00,47.540000915527344,47.63999938964844,47.540000915527344,47.619998931884766,102054,0.0,0.0
2024-07-29 15:50:00-04:00,47.6150016784668,47.65999984741211,47.529998779296875,47.57500076293945,133843,0.0,0.0
2024-07-29 15:55:00-04:00,47.58000183105469,47.60499954223633,47.5099983215332,47.540000915527344,300670,0.0,0.0
2024-07-30 09:30:00-04:00,47.25,47.97999954223633,47.25,47.939998626708984,57239,0.0,0.0
2024-07-30 09:35:00-04:00,47.90999984741211,48.130001068115234,47.880001068115234,48.130001068115234,35120,0.0,0.0
2024-07-30 09:40:00-04:00,48.189998626708984,48.33000183105469,48.0099983215332,48.0525016784668,30731,0.0,0.0
2024-07-30 09:45:00-04:00,48.029998779296875,48.040000915527344,47.720001220703125,47.7599983215332,27132,0.0,0.0
2024-07-30 09:50:00-04:00,47.75,47.7599983215332,47.54999923706055,47.5525016784668,28963,0.0,0.0
2024-07-30 09:55:00-04:00,47.56999969482422,47.68000030517578,47.560001373291016,47.63999938964844,18505,0.0,0.0
2024-07-30 10:00:00-04:00,47.630001068115234,47.630001068115234,47.349998474121094,47.42499923706055,24655,0.0,0.0
2024-07-30 10:05:00-04:00,47.41999816894531,47.625,47.41999816894531,47.47999954223633,31501,0.0,0.0
2024-07-30 10:10:00-04:00,47.46289825439453,47.5,47.400001525878906,47.45000076293945,18613,0.0,0.0
2024-07-30 10:15:00-04:00,47.43000030517578,47.5,47.375,47.470001220703125,23745,0.0,0.0
2024-07-30 10:20:00-04:00,47.48500061035156,47.540000915527344,47.41999816894531,47.5099983215332,21894,0.0,0.0
2024-07-30 10:25:00-04:00,47.52000045776367,47.61000061035156,47.5,47.53499984741211,36386,0.0,0.0
2024-07-30 10:30:00-04:00,47.52000045776367,47.59000015258789,47.43000030517578,47.439998626708984,22954,0.0,0.0
2024-07-30 10:35:00-04:00,47.43000030517578,47.47999954223633,47.380001068115234,47.47999954223633,18046,0.0,0.0
2024-07-30 10:40:00-04:00,47.46500015258789,47.55500030517578,47.459999084472656,47.540000915527344,61334,0.0,0.0
2024-07-30 10:45:00-04:00,47.540000915527344,47.810001373291016,47.540000915527344,47.810001373291016,23594,0.0,0.0
2024-07-30 10:50:00-04:00,47.810001373291016,47.880001068115234,47.709999084472656,47.709999084472656,22577,0.0,0.0
2024-07-30 10:55:00-04:00,47.720001220703125,47.779998779296875,47.52000045776367,47.540000915527344,19829,0.0,0.0
2024-07-30 11:00:00-04:00,47.540000915527344,47.54999923706055,47.34000015258789,47.349998474121094,20454,0.0,0.0
2024-07-30 11:05:00-04:00,47.34000015258789,47.38999938964844,47.29999923706055,47.34000015258789,46015,0.0,0.0
2024-07-30 11:10:00-04:00,47.33000183105469,47.529998779296875,47.33000183105469,47.529998779296875,19139,0.0,0.0
2024-07-30 11:15:00-04:00,47.540000915527344,47.58000183105469,47.459999084472656,47.560001373291016,17849,0.0,0.0
2024-07-30 11:20:00-04:00,47.570499420166016,47.58000183105469,47.39400100708008,47.470001220703125,19125,0.0,0.0
2024-07-30 11:25:00-04:00,47.4900016784668,47.529998779296875,47.435001373291016,47.459999084472656,12695,0.0,0.0
2024-07-30 11:30:00-04:00,47.470001220703125,47.4900016784668,47.36000061035156,47.36000061035156,13443,0.0,0.0
2024-07-30 11:35:00-04:00,47.380001068115234,47.40999984741211,47.290000915527344,47.290000915527344,10017,0.0,0.0
2024-07-30 11:40:00-04:00,47.29999923706055,47.34000015258789,47.185001373291016,47.20000076293945,18884,0.0,0.0
2024-07-30 11:45:00-04:00,47.189998626708984,47.25,47.18000030517578,47.209999084472656,24621,0.0,0.0
2024-07-30 11:50:00-04:00,47.20000076293945,47.314998626708984,47.16999816894531,47.314998626708984,46698,0.0,0.0
2024-07-30 11:55:00-04:00,47.310001373291016,47.310001373291016,47.242000579833984,47.310001373291016,7436,0.0,0.0
2024-07-30 12:00:00-04:00,47.33000183105469,47.349998474121094,47.150001525878906,47.18000030517578,10179,0.0,0.0
2024-07-30 12:05:00-04:00,47.16999816894531,47.36000061035156,47.16999816894531,47.32500076293945,16165,0.0,0.0
2024-07-30 12:10:00-04:00,47.34339904785156,47.41999816894531,47.34339904785156,47.349998474121094,9776,0.0,0.0
2024-07-30 12:15:00-04:00,47.349998474121094,47.369998931884766,47.290000915527344,47.36000061035156,14707,0.0,0.0
2024-07-30 12:20:00-04:00,47.349998474121094,47.349998474121094,47.290000915527344,47.290000915527344,12776,0.0,0.0
2024-07-30 12:25:00-04:00,47.29999923706055,47.40999984741211,47.29999923706055,47.400001525878906,9011,0.0,0.0
2024-07-30 12:30:00-04:00,47.43000030517578,47.45000076293945,47.38999938964844,47.400001525878906,14749,0.0,0.0
2024-07-30 12:35:00-04:00,47.39500045776367,47.47999954223633,47.38999938964844,47.459999084472656,8539,0.0,0.0
2024-07-30 12:40:00-04:00,47.47999954223633,47.4900016784668,47.45000076293945,47.470001220703125,9887,0.0,0.0
2024-07-30 12:45:00-04:00,47.47999954223633,47.650001525878906,47.47999954223633,47.56999969482422,121056,0.0,0.0
2024-07-30 12:50:00-04:00,47.56999969482422,47.625,47.52000045776367,47.56999969482422,67291,0.0,0.0
2024-07-30 12:55:00-04:00,47.58000183105469,47.630001068115234,47.4900016784668,47.4900016784668,26692,0.0,0.0
2024-07-30 13:00:00-04:00,47.4900016784668,47.61000061035156,47.4900016784668,47.59000015258789,37591,0.0,0.0
2024-07-30 13:05:00-04:00,47.56999969482422,47.61000061035156,47.5099983215332,47.61000061035156,29591,0.0,0.0
2024-07-30 13:10:00-04:00,47.61000061035156,47.72999954223633,47.60499954223633,47.72999954223633,19408,0.0,0.0
2024-07-30 13:15:00-04:00,47.72999954223633,47.77000045776367,47.68000030517578,47.70500183105469,17062,0.0,0.0
2024-07-30 13:20:00-04:00,47.709999084472656,47.849998474121094,47.709999084472656,47.84000015258789,22617,0.0,0.0
2024-07-30 13:25:00-04:00,47.84000015258789,47.849998474121094,47.599998474121094,47.650001525878906,32627,0.0,0.0
2024-07-30 13:30:00-04:00,47.650001525878906,47.650001525878906,47.59000015258789,47.619998931884766,22038,0.0,0.0
2024-07-30 13:35:00-04:00,47.619998931884766,47.7599983215332,47.599998474121094,47.65999984741211,51155,0.0,0.0
2024-07-30 13:40:00-04:00,47.65999984741211,47.65999984741211,47.45009994506836,47.47999954223633,30531,0.0,0.0
2024-07-30 13:45:00-04:00,47.470001220703125,47.470001220703125,47.380001068115234,47.380001068115234,12050,0.0,0.0
2024-07-30 13:50:00-04:00,47.36000061035156,47.43000030517578,47.36000061035156,47.369998931884766,13523,0.0,0.0
2024-07-30 13:55:00-04:00,47.369998931884766,47.43000030517578,47.369998931884766,47.380001068115234,12419,0.0,0.0
2024-07-30 14:00:00-04:00,47.380001068115234,47.380001068115234,47.29499816894531,47.29499816894531,13640,0.0,0.0
2024-07-30 14:05:00-04:00,47.29999923706055,47.349998474121094,47.290000915527344,47.29999923706055,14694,0.0,0.0
2024-07-30 14:10:00-04:00,47.310001373291016,47.33000183105469,47.275001525878906,47.30500030517578,15978,0.0,0.0
2024-07-30 14:15:00-04:00,47.30979919433594,47.400001525878906,47.29999923706055,47.38999938964844,12372,0.0,0.0
2024-07-30 14:20:00-04:00,47.380001068115234,47.400001525878906,47.290000915527344,47.314998626708984,16109,0.0,0.0
2024-07-30 14:25:00-04:00,47.314998626708984,47.314998626708984,47.2400016784668,47.29629898071289,22903,0.0,0.0
2024-07-30 14:30:00-04:00,47.29499816894531,47.314998626708984,47.25,47.290000915527344,12143,0.0,0.0
2024-07-30 14:35:00-04:00,47.290000915527344,47.34000015258789,47.279998779296875,47.334999084472656,21538,0.0,0.0
2024-07-30 14:40:00-04:00,47.369998931884766,47.459999084472656,47.369998931884766,47.459999084472656,19125,0.0,0.0
2024-07-30 14:45:00-04:00,47.459999084472656,47.470001220703125,47.38999938964844,47.400001525878906,25271,0.0,0.0
2024-07-30 14:50:00-04:00,47.380001068115234,47.41999816894531,47.369998931884766,47.3849983215332,24742,0.0,0.0
2024-07-30 14:55:00-04:00,47.3849983215332,47.459999084472656,47.3849983215332,47.400001525878906,20594,0.0,0.0
2024-07-30 15:00:00-04:00,47.39899826049805,47.4734001159668,47.38999938964844,47.448001861572266,19180,0.0,0.0
2024-07-30 15:05:00-04:00,47.45000076293945,47.470001220703125,47.40999984741211,47.449501037597656,30903,0.0,0.0
2024-07-30 15:10:00-04:00,47.44499969482422,47.494998931884766,47.439998626708984,47.46500015258789,26926,0.0,0.0
2024-07-30 15:15:00-04:00,47.46500015258789,47.54999923706055,47.459999084472656,47.53499984741211,31129,0.0,0.0
2024-07-30 15:20:00-04:00,47.53499984741211,47.560001373291016,47.474998474121094,47.500999450683594,48072,0.0,0.0
2024-07-30 15:25:00-04:00,47.5099983215332,47.540000915527344,47.5,47.5099983215332,39140,0.0,0.0
2024-07-30 15:30:00-04:00,47.5,47.5099983215332,47.40999984741211,47.47999954223633,33228,0.0,0.0
2024-07-30 15:35:00-04:00,47.474998474121094,47.474998474121094,47.34000015258789,47.345001220703125,34658,0.0,0.0
2024-07-30 15:40:00-04:00,47.349998474121094,47.459999084472656,47.345001220703125,47.45899963378906,47551,0.0,0.0
2024-07-30 15:45:00-04:00,47.459999084472656,47.529998779296875,47.40999984741211,47.5099983215332,76501,0.0,0.0
2024-07-30 15:50:00-04:00,47.400001525878906,47.415000915527344,47.349998474121094,47.375,114698,0.0,0.0
2024-07-30 15:55:00-04:00,47.380001068115234,47.47999954223633,47.380001068115234,47.400001525878906,186317,0.0,0.0
2024-07-31 09:30:00-04:00,48.91999816894531,49.560001373291016,48.81999969482422,49.4286003112793,244532,0.0,0.0
2024-07-31 09:35:00-04:00,49.45000076293945,49.52000045776367,49.13999938964844,49.13999938964844,207047,0.0,0.0
2024-07-31 09:40:00-04:00,49.13999938964844,49.15999984741211,48.97999954223633,49.119998931884766,73527,0.0,0.0
2024-07-31 09:45:00-04:00,49.119998931884766,49.20000076293945,49.06999969482422,49.150001525878906,42682,0.0,0.0
2024-07-31 09:50:00-04:00,49.130001068115234,49.13999938964844,48.724998474121094,48.90999984741211,67708,0.0,0.0
2024-07-31 09:55:00-04:00,48.95000076293945,48.98500061035156,48.77000045776367,48.97999954223633,22488,0.0,0.0
2024-07-31 10:00:00-04:00,48.97999954223633,49.06999969482422,48.81999969482422,48.84000015258789,102861,0.0,0.0
2024-07-31 10:05:00-04:00,48.86000061035156,48.94499969482422,48.81999969482422,48.939998626708984,59237,0.0,0.0
2024-07-31 10:10:00-04:00,48.95000076293945,49.130001068115234,48.86000061035156,49.130001068115234,85430,0.0,0.0
2024-07-31 10:15:00-04:00,49.09000015258789,49.11000061035156,48.959999084472656,48.9900016784668,21321,0.0,0.0
2024-07-31 10:20:00-04:00,48.9900016784668,49.029998779296875,48.88999938964844,49.013099670410156,26441,0.0,0.0
2024-07-31 10:25:00-04:00,49.02000045776367,49.072200775146484,48.95000076293945,49.072200775146484,30050,0.0,0.0
2024-07-31 10:30:00-04:00,49.06999969482422,49.095001220703125,48.939998626708984,49.095001220703125,19007,0.0,0.0
2024-07-31 10:35:00-04:00,49.11000061035156,49.18000030517578,49.095001220703125,49.11000061035156,20686,0.0,0.0
2024-07-31 10:40:00-04:00,49.11000061035156,49.119998931884766,48.959999084472656,48.9900016784668,20872,0.0,0.0
2024-07-31 10:45:00-04:00,48.98249816894531,49.11000061035156,48.98249816894531,49.064998626708984,32216,0.0,0.0
2024-07-31 10:50:00-04:00,49.04499816894531,49.04999923706055,48.810001373291016,48.84000015258789,19818,0.0,0.0
2024-07-31 10:55:00-04:00,48.86000061035156,48.970001220703125,48.81999969482422,48.90999984741211,17683,0.0,0.0
2024-07-31 11:00:00-04:00,48.91999816894531,48.95500183105469,48.720001220703125,48.720001220703125,17041,0.0,0.0
2024-07-31 11:05:00-04:00,48.72999954223633,48.755001068115234,48.66999816894531,48.70000076293945,19410,0.0,0.0
2024-07-31 11:10:00-04:00,48.70000076293945,48.86000061035156,48.70000076293945,48.86000061035156,25025,0.0,0.0
2024-07-31 11:15:00-04:00,48.849998474121094,48.86000061035156,48.79999923706055,48.83000183105469,19043,0.0,0.0
2024-07-31 11:20:00-04:00,48.83000183105469,48.849998474121094,48.72999954223633,48.77000045776367,24871,0.0,0.0
2024-07-31 11:25:00-04:00,48.779998779296875,48.80500030517578,48.73749923706055,48.7599983215332,22832,0.0,0.0
2024-07-31 11:30:00-04:00,48.779998779296875,48.91999816894531,48.779998779296875,48.91999816894531,15723,0.0,0.0
2024-07-31 11:35:00-04:00,48.91999816894531,48.94499969482422,48.89500045776367,48.91999816894531,11013,0.0,0.0
2024-07-31 11:40:00-04:00,48.93000030517578,48.939998626708984,48.849998474121094,48.86000061035156,13350,0.0,0.0
2024-07-31 11:45:00-04:00,48.880001068115234,49.01499938964844,48.880001068115234,49.00749969482422,10437,0.0,0.0
2024-07-31 11:50:00-04:00,49.02000045776367,49.040000915527344,48.90999984741211,48.92499923706055,11198,0.0,0.0
2024-07-31 11:55:00-04:00,48.93000030517578,49.0099983215332,48.90999984741211,49.0099983215332,9122,0.0,0.0
2024-07-31 12:00:00-04:00,49.02000045776367,49.13999938964844,49.02000045776367,49.119998931884766,22417,0.0,0.0
2024-07-31 12:05:00-04:00,49.099998474121094,49.22999954223633,49.09080123901367,49.220001220703125,30122,0.0,0.0
2024-07-31 12:10:00-04:00,49.209999084472656,49.255001068115234,49.209999084472656,49.244998931884766,33814,0.0,0.0
2024-07-31 12:15:00-04:00,49.22999954223633,49.25,49.19499969482422,49.21500015258789,15853,0.0,0.0
2024-07-31 12:20:00-04:00,49.220001220703125,49.400001525878906,49.220001220703125,49.38999938964844,35539,0.0,0.0
2024-07-31 12:25:00-04:00,49.380001068115234,49.40999984741211,49.349998474121094,49.36000061035156,18895,0.0,0.0
2024-07-31 12:30:00-04:00,49.35499954223633,49.36000061035156,49.2599983215332,49.290000915527344,10468,0.0,0.0
2024-07-31 12:35:00-04:00,49.290000915527344,49.290000915527344,49.22999954223633,49.2599983215332,9445,0.0,0.0
2024-07-31 12:40:00-04:00,49.2599983215332,49.275001525878906,49.20000076293945,49.2400016784668,15509,0.0,0.0
2024-07-31 12:45:00-04:00,49.2400016784668,49.27000045776367,49.22999954223633,49.2599983215332,10593,0.0,0.0
2024-07-31 12:50:00-04:00,49.2599983215332,49.27000045776367,49.20500183105469,49.255001068115234,18021,0.0,0.0
2024-07-31 12:55:00-04:00,49.255001068115234,49.34000015258789,49.255001068115234,49.31999969482422,14387,0.0,0.0
2024-07-31 13:00:00-04:00,49.33000183105469,49.349998474121094,49.26750183105469,49.290000915527344,15378,0.0,0.0
2024-07-31 13:05:00-04:00,49.290000915527344,49.310001373291016,49.2599983215332,49.27000045776367,12483,0.0,0.0
2024-07-31 13:10:00-04:00,49.27000045776367,49.33000183105469,49.2400016784668,49.29999923706055,10087,0.0,0.0
2024-07-31 13:15:00-04:00,49.310001373291016,49.33000183105469,49.25,49.25,11173,0.0,0.0
2024-07-31 13:20:00-04:00,49.2400016784668,49.2400016784668,49.119998931884766,49.150001525878906,11529,0.0,0.0
2024-07-31 13:25:00-04:00,49.150001525878906,49.150001525878906,49.084999084472656,49.13999938964844,11913,0.0,0.0
2024-07-31 13:30:00-04:00,49.119998931884766,49.130001068115234,48.97999954223633,49.0,12141,0.0,0.0
2024-07-31 13:35:00-04:00,49.0,49.040000915527344,48.97600173950195,48.97999954223633,9606,0.0,0.0
2024-07-31 13:40:00-04:00,48.970001220703125,48.97999954223633,48.90999984741211,48.939998626708984,14513,0.0,0.0
2024-07-31 13:45:00-04:00,48.939998626708984,48.96500015258789,48.88999938964844,48.935001373291016,21688,0.0,0.0
2024-07-31 13:50:00-04:00,48.93000030517578,48.974998474121094,48.869998931884766,48.869998931884766,10257,0.0,0.0
2024-07-31 13:55:00-04:00,48.8849983215332,48.88999938964844,48.85499954223633,48.85499954223633,8664,0.0,0.0
2024-07-31 14:00:00-04:00,48.86000061035156,48.86000061035156,48.75,48.810001373291016,21060,0.0,0.0
2024-07-31 14:05:00-04:00,48.790000915527344,48.81999969482422,48.75,48.810001373291016,15320,0.0,0.0
2024-07-31 14:10:00-04:00,48.81999969482422,48.82500076293945,48.7599983215332,48.80500030517578,10937,0.0,0.0
2024-07-31 14:15:00-04:00,48.83000183105469,48.91999816894531,48.80500030517578,48.91999816894531,53740,0.0,0.0
2024-07-31 14:20:00-04:00,48.939998626708984,49.02000045776367,48.911598205566406,49.02000045776367,15981,0.0,0.0
2024-07-31 14:25:00-04:00,49.0099983215332,49.099998474121094,49.0,49.06999969482422,13121,0.0,0.0
2024-07-31 14:30:00-04:00,49.073001861572266,49.21500015258789,49.04999923706055,49.18000030517578,20532,0.0,0.0
2024-07-31 14:35:00-04:00,49.16999816894531,49.185001373291016,49.09000015258789,49.18000030517578,25285,0.0,0.0
2024-07-31 14:40:00-04:00,49.20000076293945,49.36000061035156,49.16999816894531,49.36000061035156,26233,0.0,0.0
2024-07-31 14:45:00-04:00,49.345001220703125,49.540000915527344,49.29999923706055,49.529998779296875,83208,0.0,0.0
2024-07-31 14:50:00-04:00,49.529998779296875,49.63999938964844,49.5099983215332,49.630001068115234,112991,0.0,0.0
2024-07-31 14:55:00-04:00,49.630001068115234,49.64500045776367,49.540000915527344,49.560001373291016,60474,0.0,0.0
2024-07-31 15:00:00-04:00,49.55500030517578,49.56999969482422,49.459999084472656,49.470001220703125,35473,0.0,0.0
2024-07-31 15:05:00-04:00,49.47999954223633,49.47999954223633,49.369998931884766,49.375,43365,0.0,0.0
2024-07-31 15:10:00-04:00,49.375,49.375,49.279998779296875,49.279998779296875,31593,0.0,0.0
2024-07-31 15:15:00-04:00,49.27000045776367,49.40999984741211,49.27000045776367,49.349998474121094,50704,0.0,0.0
2024-07-31 15:20:00-04:00,49.33000183105469,49.39500045776367,49.209999084472656,49.209999084472656,28001,0.0,0.0
2024-07-31 15:25:00-04:00,49.20500183105469,49.31999969482422,49.20500183105469,49.27000045776367,36574,0.0,0.0
2024-07-31 15:30:00-04:00,49.275001525878906,49.33000183105469,49.20000076293945,49.27000045776367,50979,0.0,0.0
2024-07-31 15:35:00-04:00,49.275001525878906,49.34000015258789,49.209999084472656,49.2400016784668,50533,0.0,0.0
2024-07-31 15:40:00-04:00,49.2400016784668,49.38999938964844,49.22999954223633,49.380001068115234,68951,0.0,0.0
2024-07-31 15:45:00-04:00,49.380001068115234,49.48500061035156,49.06999969482422,49.09000015258789,155863,0.0,0.0
2024-07-31 15:50:00-04:00,49.08000183105469,49.09000015258789,48.7599983215332,48.790000915527344,194256,0.0,0.0
2024-07-31 15:55:00-04:00,48.779998779296875,49.040000915527344,48.779998779296875,49.0099983215332,265647,0.0,0.0
2024-08-01 09:30:00-04:00,48.959999084472656,48.959999084472656,48.34000015258789,48.69499969482422,59362,0.0,0.0
2024-08-01 09:35:00-04:00,48.689998626708984,49.13999938964844,48.66999816894531,49.119998931884766,18731,0.0,0.0
2024-08-01 09:40:00-04:00,49.13999938964844,49.150001525878906,48.83000183105469,48.900001525878906,20241,0.0,0.0
2024-08-01 09:45:00-04:00,48.88999938964844,48.88999938964844,48.61000061035156,48.63999938964844,17710,0.0,0.0
2024-08-01 09:50:00-04:00,48.599998474121094,48.75,48.45800018310547,48.689998626708984,17491,0.0,0.0
2024-08-01 09:55:00-04:00,48.66999816894531,48.66999816894531,48.4900016784668,48.529998779296875,11959,0.0,0.0
2024-08-01 10:00:00-04:00,48.58000183105469,48.75,48.36000061035156,48.369998931884766,25425,0.0,0.0
2024-08-01 10:05:00-04:00,48.34000015258789,48.36000061035156,47.869998931884766,47.880001068115234,34733,0.0,0.0
2024-08-01 10:10:00-04:00,47.88999938964844,48.04999923706055,47.84000015258789,47.93000030517578,58174,0.0,0.0
2024-08-01 10:15:00-04:00,47.915000915527344,47.91999816894531,47.689998626708984,47.790000915527344,26317,0.0,0.0
2024-08-01 10:20:00-04:00,47.810001373291016,47.81999969482422,47.685001373291016,47.790000915527344,78227,0.0,0.0
2024-08-01 10:25:00-04:00,47.790000915527344,47.935001373291016,47.72999954223633,47.875,33890,0.0,0.0
2024-08-01 10:30:00-04:00,47.86000061035156,47.935001373291016,47.79999923706055,47.869998931884766,14050,0.0,0.0
2024-08-01 10:35:00-04:00,47.849998474121094,47.880001068115234,47.66999816894531,47.84000015258789,17048,0.0,0.0
2024-08-01 10:40:00-04:00,47.849998474121094,47.86949920654297,47.68000030517578,47.72999954223633,9620,0.0,0.0
2024-08-01 10:45:00-04:00,47.7400016784668,47.75,47.47999954223633,47.51499938964844,21171,0.0,0.0
2024-08-01 10:50:00-04:00,47.599998474121094,47.619998931884766,47.47999954223633,47.505001068115234,72550,0.0,0.0
2024-08-01 10:55:00-04:00,47.4900016784668,47.59000015258789,47.33000183105469,47.36000061035156,90484,0.0,0.0
2024-08-01 11:00:00-04:00,47.36000061035156,47.505001068115234,47.20000076293945,47.33000183105469,63570,0.0,0.0
2024-08-01 11:05:00-04:00,47.33000183105469,47.33000183105469,47.15999984741211,47.25,16076,0.0,0.0
2024-08-01 11:10:00-04:00,47.2599983215332,47.279998779296875,47.06999969482422,47.125,17252,0.0,0.0
2024-08-01 11:15:00-04:00,47.119998931884766,47.22999954223633,47.095001220703125,47.099998474121094,37359,0.0,0.0
2024-08-01 11:20:00-04:00,47.11000061035156,47.14500045776367,47.02000045776367,47.14500045776367,51523,0.0,0.0
2024-08-01 11:25:00-04:00,47.14500045776367,47.2599983215332,47.11000061035156,47.2400016784668,12624,0.0,0.0
2024-08-01 11:30:00-04:00,47.2307014465332,47.41999816894531,47.189998626708984,47.3650016784668,16577,0.0,0.0
2024-08-01 11:35:00-04:00,47.36000061035156,47.3650016784668,47.29999923706055,47.31999969482422,10688,0.0,0.0
2024-08-01 11:40:00-04:00,47.33000183105469,47.33000183105469,47.03499984741211,47.06999969482422,18788,0.0,0.0
2024-08-01 11:45:00-04:00,47.060001373291016,47.09000015258789,46.959999084472656,47.05500030517578,64886,0.0,0.0
2024-08-01 11:50:00-04:00,47.040000915527344,47.119998931884766,46.97999954223633,47.040000915527344,58922,0.0,0.0
2024-08-01 11:55:00-04:00,47.02000045776367,47.04999923706055,46.959999084472656,46.959999084472656,16089,0.0,0.0
2024-08-01 12:00:00-04:00,46.95000076293945,47.119998931884766,46.95000076293945,47.119998931884766,26749,0.0,0.0
2024-08-01 12:05:00-04:00,47.130001068115234,47.18000030517578,47.04999923706055,47.15999984741211,14790,0.0,0.0
2024-08-01 12:10:00-04:00,47.16999816894531,47.20000076293945,47.025001525878906,47.025001525878906,22642,0.0,0.0
2024-08-01 12:15:00-04:00,47.029998779296875,47.150001525878906,46.98500061035156,46.98500061035156,14600,0.0,0.0
2024-08-01 12:20:00-04:00,47.0,47.04499816894531,46.93000030517578,46.96500015258789,23033,0.0,0.0
2024-08-01 12:25:00-04:00,46.96500015258789,46.96500015258789,46.810001373291016,46.869998931884766,34330,0.0,0.0
2024-08-01 12:30:00-04:00,46.8650016784668,46.8849983215332,46.779998779296875,46.86000061035156,86832,0.0,0.0
2024-08-01 12:35:00-04:00,46.869998931884766,46.869998931884766,46.689998626708984,46.69499969482422,27113,0.0,0.0
2024-08-01 12:40:00-04:00,46.650001525878906,46.68000030517578,46.560001373291016,46.67499923706055,20448,0.0,0.0
2024-08-01 12:45:00-04:00,46.66999816894531,46.810001373291016,46.630001068115234,46.744998931884766,48816,0.0,0.0
2024-08-01 12:50:00-04:00,46.7400016784668,46.79999923706055,46.689998626708984,46.79999923706055,26618,0.0,0.0
2024-08-01 12:55:00-04:00,46.78499984741211,46.95000076293945,46.7599983215332,46.939998626708984,16188,0.0,0.0
2024-08-01 13:00:00-04:00,46.95000076293945,46.95000076293945,46.72999954223633,46.7599983215332,45530,0.0,0.0
2024-08-01 13:05:00-04:00,46.77000045776367,46.77000045776367,46.689998626708984,46.72999954223633,25666,0.0,0.0
2024-08-01 13:10:00-04:00,46.72999954223633,46.84000015258789,46.72999954223633,46.790000915527344,18390,0.0,0.0
2024-08-01 13:15:00-04:00,46.790000915527344,46.97999954223633,46.790000915527344,46.79999923706055,16091,0.0,0.0
2024-08-01 13:20:00-04:00,46.80500030517578,46.83000183105469,46.7599983215332,46.779998779296875,17349,0.0,0.0
2024-08-01 13:25:00-04:00,46.779998779296875,46.79499816894531,46.68080139160156,46.720001220703125,16106,0.0,0.0
2024-08-01 13:30:00-04:00,46.709999084472656,46.83000183105469,46.709999084472656,46.775001525878906,27068,0.0,0.0
2024-08-01 13:35:00-04:00,46.790000915527344,46.790000915527344,46.599998474121094,46.689998626708984,38284,0.0,0.0
2024-08-01 13:40:00-04:00,46.70000076293945,46.7400016784668,46.65999984741211,46.68000030517578,37110,0.0,0.0
2024-08-01 13:45:00-04:00,46.65999984741211,46.67499923706055,46.540000915527344,46.619998931884766,19244,0.0,0.0
2024-08-01 13:50:00-04:00,46.61000061035156,46.75,46.54999923706055,46.7400016784668,23198,0.0,0.0
2024-08-01 13:55:00-04:00,46.75,46.91999816894531,46.70000076293945,46.91999816894531,30166,0.0,0.0
2024-08-01 14:00:00-04:00,46.91999816894531,46.93000030517578,46.779998779296875,46.790000915527344,17248,0.0,0.0
2024-08-01 14:05:00-04:00,46.779998779296875,46.779998779296875,46.71500015258789,46.720001220703125,10193,0.0,0.0
2024-08-01 14:10:00-04:00,46.720001220703125,46.720001220703125,46.54499816894531,46.56999969482422,24421,0.0,0.0
2024-08-01 14:15:00-04:00,46.58000183105469,46.58000183105469,46.459999084472656,46.474998474121094,30077,0.0,0.0
2024-08-01 14:20:00-04:00,46.47999954223633,46.650001525878906,46.47999954223633,46.54999923706055,28866,0.0,0.0
2024-08-01 14:25:00-04:00,46.54999923706055,46.54999923706055,46.38999938964844,46.47999954223633,35141,0.0,0.0
2024-08-01 14:30:00-04:00,46.47999954223633,46.5099983215332,46.42499923706055,46.439998626708984,32687,0.0,0.0
2024-08-01 14:35:00-04:00,46.45000076293945,46.529998779296875,46.41999816894531,46.439998626708984,26779,0.0,0.0
2024-08-01 14:40:00-04:00,46.43000030517578,46.4900016784668,46.41999816894531,46.42499923706055,36214,0.0,0.0
2024-08-01 14:45:00-04:00,46.43000030517578,46.439998626708984,46.369998931884766,46.400001525878906,37505,0.0,0.0
2024-08-01 14:50:00-04:00,46.38999938964844,46.4900016784668,46.3849983215332,46.400001525878906,34567,0.0,0.0
2024-08-01 14:55:00-04:00,46.40999984741211,46.47999954223633,46.36000061035156,46.40999984741211,43366,0.0,0.0
2024-08-01 15:00:00-04:00,46.40999984741211,46.540000915527344,46.380001068115234,46.529998779296875,41167,0.0,0.0
2024-08-01 15:05:00-04:00,46.540000915527344,46.540000915527344,46.45000076293945,46.474998474121094,40384,0.0,0.0
2024-08-01 15:10:00-04:00,46.4900016784668,46.650001525878906,46.47999954223633,46.560001373291016,40466,0.0,0.0
2024-08-01 15:15:00-04:00,46.560001373291016,46.67499923706055,46.52000045776367,46.67499923706055,27798,0.0,0.0
2024-08-01 15:20:00-04:00,46.68000030517578,46.779998779296875,46.630001068115234,46.779998779296875,71239,0.0,0.0
2024-08-01 15:25:00-04:00,46.779998779296875,46.84000015258789,46.650001525878906,46.709999084472656,51516,0.0,0.0
2024-08-01 15:30:00-04:00,46.71500015258789,46.834999084472656,46.71500015258789,46.72999954223633,70566,0.0,0.0
2024-08-01 15:35:00-04:00,46.775001525878906,46.810001373291016,46.755001068115234,46.79999923706055,44207,0.0,0.0
2024-08-01 15:40:00-04:00,46.810001373291016,46.84000015258789,46.72999954223633,46.834999084472656,64857,0.0,0.0
2024-08-01 15:45:00-04:00,46.84000015258789,47.095001220703125,46.84000015258789,47.09000015258789,71441,0.0,0.0
2024-08-01 15:50:00-04:00,47.099998474121094,47.11000061035156,46.970001220703125,46.97999954223633,197214,0.0,0.0
2024-08-01 15:55:00-04:00,46.9900016784668,47.130001068115234,46.9900016784668,47.119998931884766,360248,0.0,0.0
2024-08-02 09:30:00-04:00,46.43000030517578,46.439998626708984,45.81999969482422,45.849300384521484,101194,0.0,0.0
2024-08-02 09:35:00-04:00,45.84000015258789,46.029998779296875,45.744998931884766,45.94499969482422,40017,0.0,0.0
2024-08-02 09:40:00-04:00,45.91999816894531,46.0099983215332,45.7400016784668,45.810001373291016,45732,0.0,0.0
2024-08-02 09:45:00-04:00,45.79999923706055,46.220001220703125,45.7599983215332,46.220001220703125,37881,0.0,0.0
2024-08-02 09:50:00-04:00,46.25,46.470001220703125,46.189998626708984,46.244998931884766,62052,0.0,0.0
2024-08-02 09:55:00-04:00,46.220001220703125,46.244998931884766,45.90999984741211,46.01499938964844,76762,0.0,0.0
2024-08-02 10:00:00-04:00,46.01499938964844,46.36000061035156,45.869998931884766,46.13999938964844,86966,0.0,0.0
2024-08-02 10:05:00-04:00,46.150001525878906,46.20000076293945,45.88999938964844,45.95000076293945,37879,0.0,0.0
2024-08-02 10:10:00-04:00,45.95000076293945,45.95000076293945,45.790000915527344,45.80500030517578,35566,0.0,0.0
2024-08-02 10:15:00-04:00,45.81999969482422,45.939998626708984,45.61000061035156,45.61000061035156,93117,0.0,0.0
2024-08-02 10:20:00-04:00,45.630001068115234,45.7400016784668,45.54999923706055,45.619998931884766,60018,0.0,0.0
2024-08-02 10:25:00-04:00,45.619998931884766,45.7599983215332,45.54999923706055,45.6349983215332,38215,0.0,0.0
2024-08-02 10:30:00-04:00,45.625,45.65999984741211,45.22999954223633,45.22999954223633,63739,0.0,0.0
2024-08-02 10:35:00-04:00,45.22999954223633,45.27000045776367,45.1349983215332,45.150001525878906,50656,0.0,0.0
2024-08-02 10:40:00-04:00,45.150001525878906,45.209999084472656,45.09000015258789,45.15999984741211,31835,0.0,0.0
2024-08-02 10:45:00-04:00,45.150001525878906,45.20500183105469,45.04999923706055,45.20500183105469,29769,0.0,0.0
2024-08-02 10:50:00-04:00,45.20500183105469,45.2599983215332,45.064998626708984,45.07899856567383,43845,0.0,0.0
2024-08-02 10:55:00-04:00,45.08000183105469,45.11000061035156,44.9900016784668,45.02000045776367,39172,0.0,0.0
2024-08-02 11:00:00-04:00,45.0099983215332,45.0099983215332,44.849998474121094,44.88999938964844,37473,0.0,0.0
2024-08-02 11:05:00-04:00,44.900001525878906,44.95000076293945,44.77000045776367,44.779998779296875,36590,0.0,0.0
2024-08-02 11:10:00-04:00,44.7599983215332,44.95000076293945,44.7599983215332,44.79999923706055,36181,0.0,0.0
2024-08-02 11:15:00-04:00,44.790000915527344,44.83000183105469,44.709999084472656,44.7599983215332,38153,0.0,0.0
2024-08-02 11:20:00-04:00,44.7599983215332,44.86000061035156,44.70000076293945,44.834999084472656,45054,0.0,0.0
2024-08-02 11:25:00-04:00,44.834999084472656,44.900001525878906,44.72999954223633,44.900001525878906,23944,0.0,0.0
2024-08-02 11:30:00-04:00,44.90999984741211,45.09000015258789,44.900001525878906,45.04999923706055,81374,0.0,0.0
2024-08-02 11:35:00-04:00,45.02000045776367,45.06999969482422,44.875,44.875,86800,0.0,0.0
2024-08-02 11:40:00-04:00,44.86000061035156,44.915000915527344,44.77000045776367,44.900001525878906,23882,0.0,0.0
2024-08-02 11:45:00-04:00,44.88999938964844,45.0,44.79999923706055,44.95000076293945,68101,0.0,0.0
2024-08-02 11:50:00-04:00,44.95500183105469,45.20500183105469,44.939998626708984,45.20500183105469,86252,0.0,0.0
2024-08-02 11:55:00-04:00,45.10499954223633,45.13999938964844,44.95000076293945,44.96500015258789,108036,0.0,0.0
2024-08-02 12:00:00-04:00,44.95000076293945,45.0099983215332,44.88999938964844,44.95500183105469,38969,0.0,0.0
2024-08-02 12:05:00-04:00,44.970001220703125,45.040000915527344,44.880001068115234,44.880001068115234,40377,0.0,0.0
2024-08-02 12:10:00-04:00,44.900001525878906,44.91999816894531,44.7400016784668,44.7400016784668,27157,0.0,0.0
2024-08-02 12:15:00-04:00,44.75,44.81999969482422,44.709999084472656,44.81999969482422,32351,0.0,0.0
2024-08-02 12:20:00-04:00,44.81999969482422,44.8849983215332,44.79999923706055,44.86000061035156,34269,0.0,0.0
2024-08-02 12:25:00-04:00,44.86000061035156,44.86000061035156,44.744998931884766,44.80500030517578,43881,0.0,0.0
2024-08-02 12:30:00-04:00,44.790000915527344,44.790000915527344,44.66999816894531,44.66999816894531,27628,0.0,0.0
2024-08-02 12:35:00-04:00,44.65999984741211,44.709999084472656,44.625,44.689998626708984,50336,0.0,0.0
2024-08-02 12:40:00-04:00,44.68000030517578,44.77000045776367,44.65999984741211,44.65999984741211,35475,0.0,0.0
2024-08-02 12:45:00-04:00,44.63999938964844,44.689998626708984,44.58000183105469,44.689998626708984,30487,0.0,0.0
2024-08-02 12:50:00-04:00,44.69499969482422,44.75,44.540000915527344,44.540000915527344,64886,0.0,0.0
2024-08-02 12:55:00-04:00,44.54499816894531,44.59000015258789,44.47999954223633,44.529998779296875,34887,0.0,0.0
2024-08-02 13:00:00-04:00,44.529998779296875,44.55500030517578,44.369998931884766,44.369998931884766,35937,0.0,0.0
2024-08-02 13:05:00-04:00,44.369998931884766,44.44499969482422,44.349998474121094,44.439998626708984,54871,0.0,0.0
2024-08-02 13:10:00-04:00,44.439998626708984,44.599998474121094,44.41999816894531,44.59000015258789,46835,0.0,0.0
2024-08-02 13:15:00-04:00,44.59000015258789,44.61000061035156,44.5,44.51499938964844,37344,0.0,0.0
2024-08-02 13:20:00-04:00,44.52000045776367,44.52000045776367,44.380001068115234,44.38999938964844,39922,0.0,0.0
2024-08-02 13:25:00-04:00,44.38999938964844,44.68000030517578,44.36000061035156,44.63999938964844,59519,0.0,0.0
2024-08-02 13:30:00-04:00,44.64500045776367,44.66999816894531,44.57500076293945,44.650001525878906,22532,0.0,0.0
2024-08-02 13:35:00-04:00,44.63999938964844,44.70500183105469,44.59000015258789,44.689998626708984,22126,0.0,0.0
2024-08-02 13:40:00-04:00,44.70000076293945,44.814998626708984,44.65999984741211,44.7400016784668,58631,0.0,0.0
2024-08-02 13:45:00-04:00,44.75,44.76499938964844,44.70000076293945,44.70000076293945,13902,0.0,0.0
2024-08-02 13:50:00-04:00,44.689998626708984,44.814998626708984,44.68000030517578,44.68000030517578,18132,0.0,0.0
2024-08-02 13:55:00-04:00,44.68000030517578,44.685001373291016,44.5099983215332,44.540000915527344,21158,0.0,0.0
2024-08-02 14:00:00-04:00,44.540000915527344,44.54999923706055,44.470001220703125,44.53499984741211,16338,0.0,0.0
2024-08-02 14:05:00-04:00,44.53499984741211,44.584999084472656,44.43000030517578,44.43000030517578,20099,0.0,0.0
2024-08-02 14:10:00-04:00,44.40999984741211,44.56999969482422,44.380001068115234,44.54999923706055,13249,0.0,0.0
2024-08-02 14:15:00-04:00,44.54999923706055,44.59000015258789,44.494998931884766,44.560001373291016,19137,0.0,0.0
2024-08-02 14:20:00-04:00,44.560001373291016,44.779998779296875,44.54999923706055,44.77000045776367,20565,0.0,0.0
2024-08-02 14:25:00-04:00,44.7599983215332,44.86000061035156,44.75,44.81999969482422,41525,0.0,0.0
2024-08-02 14:30:00-04:00,44.81999969482422,44.84000015258789,44.790000915527344,44.79999923706055,26456,0.0,0.0
2024-08-02 14:35:00-04:00,44.790000915527344,44.790000915527344,44.630001068115234,44.630001068115234,23788,0.0,0.0
2024-08-02 14:40:00-04:00,44.619998931884766,44.77000045776367,44.599998474121094,44.7400016784668,23600,0.0,0.0
2024-08-02 14:45:00-04:00,44.72999954223633,44.73500061035156,44.68000030517578,44.70500183105469,25691,0.0,0.0
2024-08-02 14:50:00-04:00,44.70000076293945,44.729400634765625,44.63999938964844,44.66999816894531,28407,0.0,0.0
2024-08-02 14:55:00-04:00,44.689998626708984,44.7400016784668,44.619998931884766,44.630001068115234,39545,0.0,0.0
2024-08-02 15:00:00-04:00,44.619998931884766,44.72999954223633,44.599998474121094,44.65999984741211,37404,0.0,0.0
2024-08-02 15:05:00-04:00,44.65999984741211,44.689998626708984,44.529998779296875,44.63999938964844,33956,0.0,0.0
2024-08-02 15:10:00-04:00,44.650001525878906,44.68000030517578,44.61000061035156,44.66999816894531,22493,0.0,0.0
2024-08-02 15:15:00-04:00,44.66999816894531,44.755001068115234,44.65999984741211,44.72999954223633,38976,0.0,0.0
2024-08-02 15:20:00-04:00,44.72999954223633,44.814998626708984,44.68000030517578,44.79999923706055,41629,0.0,0.0
2024-08-02 15:25:00-04:00,44.81999969482422,44.900001525878906,44.81999969482422,44.84000015258789,46959,0.0,0.0
2024-08-02 15:30:00-04:00,44.834999084472656,44.95500183105469,44.834999084472656,44.939998626708984,52396,0.0,0.0
2024-08-02 15:35:00-04:00,44.939998626708984,44.974998474121094,44.880001068115234,44.88999938964844,61386,0.0,0.0
2024-08-02 15:40:00-04:00,44.88999938964844,44.959999084472656,44.875,44.959999084472656,58223,0.0,0.0
2024-08-02 15:45:00-04:00,44.959999084472656,45.02000045776367,44.91999816894531,45.01499938964844,103719,0.0,0.0
2024-08-02 15:50:00-04:00,45.0099983215332,45.13999938964844,44.959999084472656,45.119998931884766,184903,0.0,0.0
2024-08-02 15:55:00-04:00,45.119998931884766,45.15999984741211,45.09000015258789,45.13999938964844,376677,0.0,0.0
2024-08-05 09:30:00-04:00,41.900001525878906,42.22999954223633,41.900001525878906,42.22999954223633,30544,0.0,0.0
2024-08-05 09:35:00-04:00,42.18000030517578,42.41999816894531,41.59000015258789,42.040000915527344,344430,0.0,0.0
2024-08-05 09:40:00-04:00,42.02000045776367,42.2599983215332,41.79999923706055,42.25,104632,0.0,0.0
2024-08-05 09:45:00-04:00,42.290000915527344,43.0,42.290000915527344,42.97999954223633,80993,0.0,0.0
2024-08-05 09:50:00-04:00,42.959999084472656,43.130001068115234,42.65999984741211,42.71500015258789,204530,0.0,0.0
2024-08-05 09:55:00-04:00,42.71500015258789,42.849998474121094,42.459999084472656,42.48500061035156,119464,0.0,0.0
2024-08-05 10:00:00-04:00,42.5,43.20000076293945,42.5,43.119998931884766,108972,0.0,0.0
2024-08-05 10:05:00-04:00,43.11000061035156,43.11000061035156,42.63999938964844,42.77000045776367,92068,0.0,0.0
2024-08-05 10:10:00-04:00,42.7599983215332,42.83000183105469,42.529998779296875,42.77000045776367,94775,0.0,0.0
2024-08-05 10:15:00-04:00,42.7599983215332,42.810001373291016,42.650001525878906,42.79999923706055,128360,0.0,0.0
2024-08-05 10:20:00-04:00,42.790000915527344,43.0,42.61000061035156,42.880001068115234,74967,0.0,0.0
2024-08-05 10:25:00-04:00,42.869998931884766,42.959999084472656,42.58000183105469,42.59000015258789,92074,0.0,0.0
2024-08-05 10:30:00-04:00,42.599998474121094,42.939998626708984,42.529998779296875,42.939998626708984,47763,0.0,0.0
2024-08-05 10:35:00-04:00,42.96500015258789,43.060001373291016,42.880001068115234,42.970001220703125,46735,0.0,0.0
2024-08-05 10:40:00-04:00,42.974998474121094,43.059898376464844,42.915000915527344,42.915000915527344,39540,0.0,0.0
2024-08-05 10:45:00-04:00,42.93000030517578,43.040000915527344,42.75,42.790000915527344,36821,0.0,0.0
2024-08-05 10:50:00-04:00,42.790000915527344,42.970001220703125,42.72999954223633,42.970001220703125,53145,0.0,0.0
2024-08-05 10:55:00-04:00,42.970001220703125,42.970001220703125,42.79999923706055,42.880001068115234,58881,0.0,0.0
2024-08-05 11:00:00-04:00,42.88999938964844,42.974998474121094,42.79999923706055,42.900001525878906,165284,0.0,0.0
2024-08-05 11:05:00-04:00,42.94499969482422,43.22999954223633,42.84000015258789,43.220001220703125,108797,0.0,0.0
2024-08-05 11:10:00-04:00,43.2400016784668,43.52000045776367,43.189998626708984,43.46900177001953,51525,0.0,0.0
2024-08-05 11:15:00-04:00,43.470001220703125,43.61000061035156,43.39500045776367,43.4900016784668,31099,0.0,0.0
2024-08-05 11:20:00-04:00,43.47999954223633,43.66999816894531,43.400001525878906,43.45000076293945,45248,0.0,0.0
2024-08-05 11:25:00-04:00,43.439998626708984,43.599998474121094,43.380001068115234,43.5,75746,0.0,0.0
2024-08-05 11:30:00-04:00,43.5,43.83000183105469,43.47999954223633,43.83000183105469,47657,0.0,0.0
2024-08-05 11:35:00-04:00,43.849998474121094,44.04999923706055,43.810001373291016,44.025001525878906,29079,0.0,0.0
2024-08-05 11:40:00-04:00,44.025001525878906,44.130001068115234,43.97999954223633,44.08000183105469,39284,0.0,0.0
2024-08-05 11:45:00-04:00,44.08000183105469,44.31999969482422,44.04999923706055,44.25,38699,0.0,0.0
2024-08-05 11:50:00-04:00,44.22999954223633,44.34989929199219,44.150001525878906,44.290000915527344,42485,0.0,0.0
2024-08-05 11:55:00-04:00,44.279998779296875,44.279998779296875,44.06999969482422,44.09000015258789,27279,0.0,0.0
2024-08-05 12:00:00-04:00,44.09000015258789,44.33000183105469,44.060001373291016,44.32500076293945,27843,0.0,0.0
2024-08-05 12:05:00-04:00,44.334999084472656,44.345001220703125,44.130001068115234,44.17499923706055,26170,0.0,0.0
2024-08-05 12:10:00-04:00,44.17499923706055,44.310001373291016,44.119998931884766,44.2599983215332,13027,0.0,0.0
2024-08-05 12:15:00-04:00,44.29999923706055,44.459999084472656,44.27000045776367,44.41999816894531,25939,0.0,0.0
2024-08-05 12:20:00-04:00,44.40999984741211,44.52000045776367,44.36000061035156,44.47999954223633,19070,0.0,0.0
2024-08-05 12:25:00-04:00,44.47999954223633,44.65999984741211,44.47999954223633,44.595001220703125,22740,0.0,0.0
2024-08-05 12:30:00-04:00,44.595001220703125,44.630001068115234,44.52000045776367,44.540000915527344,33516,0.0,0.0
2024-08-05 12:35:00-04:00,44.54499816894531,44.54499816894531,44.404998779296875,44.415000915527344,28258,0.0,0.0
2024-08-05 12:40:00-04:00,44.400001525878906,44.42499923706055,44.310001373291016,44.36000061035156,19991,0.0,0.0
2024-08-05 12:45:00-04:00,44.34629821777344,44.415000915527344,44.33000183105469,44.380001068115234,18562,0.0,0.0
2024-08-05 12:50:00-04:00,44.380001068115234,44.3849983215332,44.2599983215332,44.290000915527344,29703,0.0,0.0
2024-08-05 12:55:00-04:00,44.290000915527344,44.369998931884766,44.2400016784668,44.33000183105469,19359,0.0,0.0
2024-08-05 13:00:00-04:00,44.33000183105469,44.334999084472656,44.220001220703125,44.23500061035156,24297,0.0,0.0
2024-08-05 13:05:00-04:00,44.22999954223633,44.41999816894531,44.15999984741211,44.3849983215332,24857,0.0,0.0
2024-08-05 13:10:00-04:00,44.3849983215332,44.5,44.369998931884766,44.5,15088,0.0,0.0
2024-08-05 13:15:00-04:00,44.5099983215332,44.64500045776367,44.5099983215332,44.564998626708984,23916,0.0,0.0
2024-08-05 13:20:00-04:00,44.564998626708984,44.63999938964844,44.564998626708984,44.599998474121094,23310,0.0,0.0
2024-08-05 13:25:00-04:00,44.61000061035156,44.61000061035156,44.43000030517578,44.47999954223633,23245,0.0,0.0
2024-08-05 13:30:00-04:00,44.47999954223633,44.625,44.45000076293945,44.61000061035156,19801,0.0,0.0
2024-08-05 13:35:00-04:00,44.61000061035156,44.650001525878906,44.56999969482422,44.63999938964844,18861,0.0,0.0
2024-08-05 13:40:00-04:00,44.66999816894531,44.689998626708984,44.540000915527344,44.54999923706055,45777,0.0,0.0
2024-08-05 13:45:00-04:00,44.54999923706055,44.599998474121094,44.4900016784668,44.540000915527344,15267,0.0,0.0
2024-08-05 13:50:00-04:00,44.540000915527344,44.58000183105469,44.47999954223633,44.52000045776367,14179,0.0,0.0
2024-08-05 13:55:00-04:00,44.52000045776367,44.52000045776367,44.41999816894531,44.44499969482422,20833,0.0,0.0
2024-08-05 14:00:00-04:00,44.43000030517578,44.435001373291016,44.33000183105469,44.369998931884766,11408,0.0,0.0
2024-08-05 14:05:00-04:00,44.375,44.47999954223633,44.36000061035156,44.459999084472656,34736,0.0,0.0
2024-08-05 14:10:00-04:00,44.459999084472656,44.47999954223633,44.290000915527344,44.29499816894531,30630,0.0,0.0
2024-08-05 14:15:00-04:00,44.290000915527344,44.45000076293945,44.28499984741211,44.31999969482422,19326,0.0,0.0
2024-08-05 14:20:00-04:00,44.345001220703125,44.380001068115234,44.27000045776367,44.34000015258789,18482,0.0,0.0
2024-08-05 14:25:00-04:00,44.34000015258789,44.36000061035156,44.31999969482422,44.334999084472656,12693,0.0,0.0
2024-08-05 14:30:00-04:00,44.334999084472656,44.369998931884766,44.279998779296875,44.34000015258789,23109,0.0,0.0
2024-08-05 14:35:00-04:00,44.34000015258789,44.34000015258789,44.25,44.255001068115234,17274,0.0,0.0
2024-08-05 14:40:00-04:00,44.255001068115234,44.28990173339844,44.18000030517578,44.189998626708984,25417,0.0,0.0
2024-08-05 14:45:00-04:00,44.185001373291016,44.220001220703125,44.07619857788086,44.154998779296875,26378,0.0,0.0
2024-08-05 14:50:00-04:00,44.165000915527344,44.224998474121094,44.165000915527344,44.20500183105469,14418,0.0,0.0
2024-08-05 14:55:00-04:00,44.20500183105469,44.22999954223633,44.189998626708984,44.20000076293945,19673,0.0,0.0
2024-08-05 15:00:00-04:00,44.209999084472656,44.255001068115234,44.20000076293945,44.23500061035156,37003,0.0,0.0
2024-08-05 15:05:00-04:00,44.23500061035156,44.27000045776367,44.15999984741211,44.27000045776367,57056,0.0,0.0
2024-08-05 15:10:00-04:00,44.290000915527344,44.38999938964844,44.27000045776367,44.33000183105469,17744,0.0,0.0
2024-08-05 15:15:00-04:00,44.332000732421875,44.38999938964844,44.25,44.290000915527344,23757,0.0,0.0
2024-08-05 15:20:00-04:00,44.279998779296875,44.310001373291016,44.25,44.29999923706055,45677,0.0,0.0
2024-08-05 15:25:00-04:00,44.29499816894531,44.31999969482422,44.2400016784668,44.27000045776367,72846,0.0,0.0
2024-08-05 15:30:00-04:00,44.27000045776367,44.310001373291016,44.2400016784668,44.310001373291016,41749,0.0,0.0
2024-08-05 15:35:00-04:00,44.310001373291016,44.334999084472656,44.244998931884766,44.244998931884766,23804,0.0,0.0
2024-08-05 15:40:00-04:00,44.25,44.279998779296875,44.2400016784668,44.279998779296875,33051,0.0,0.0
2024-08-05 15:45:00-04:00,44.28020095825195,44.439998626708984,44.28020095825195,44.375,76787,0.0,0.0
2024-08-05 15:50:00-04:00,44.380001068115234,44.54999923706055,44.349998474121094,44.42499923706055,113339,0.0,0.0
2024-08-05 15:55:00-04:00,44.43000030517578,44.5,44.32500076293945,44.369998931884766,187252,0.0,0.0
2024-08-06 09:30:00-04:00,44.130001068115234,44.2400016784668,43.880001068115234,44.2400016784668,86471,0.0,0.0
2024-08-06 09:35:00-04:00,44.18000030517578,44.27000045776367,44.04999923706055,44.27000045776367,17672,0.0,0.0
2024-08-06 09:40:00-04:00,44.27000045776367,44.41999816894531,44.25,44.380001068115234,37459,0.0,0.0
2024-08-06 09:45:00-04:00,44.439998626708984,44.77000045776367,44.36199951171875,44.70000076293945,28858,0.0,0.0
2024-08-06 09:50:00-04:00,44.7400016784668,44.959999084472656,44.65999984741211,44.959999084472656,34884,0.0,0.0
2024-08-06 09:55:00-04:00,44.939998626708984,45.119998931884766,44.880001068115234,45.119998931884766,45510,0.0,0.0
2024-08-06 10:00:00-04:00,45.099998474121094,45.209999084472656,44.900001525878906,45.04499816894531,71891,0.0,0.0
2024-08-06 10:05:00-04:00,45.060001373291016,45.27000045776367,45.0,45.27000045776367,48535,0.0,0.0
2024-08-06 10:10:00-04:00,45.20000076293945,45.279998779296875,45.08000183105469,45.11000061035156,29823,0.0,0.0
2024-08-06 10:15:00-04:00,45.130001068115234,45.17499923706055,44.970001220703125,45.11000061035156,32149,0.0,0.0
2024-08-06 10:20:00-04:00,45.09000015258789,45.20000076293945,44.97999954223633,44.9900016784668,23181,0.0,0.0
2024-08-06 10:25:00-04:00,45.0099983215332,45.029998779296875,44.849998474121094,44.869998931884766,28316,0.0,0.0
2024-08-06 10:30:00-04:00,44.88999938964844,44.88999938964844,44.75,44.86000061035156,37662,0.0,0.0
2024-08-06 10:35:00-04:00,44.84000015258789,45.0099983215332,44.84000015258789,44.91999816894531,22948,0.0,0.0
2024-08-06 10:40:00-04:00,44.91999816894531,45.08000183105469,44.83000183105469,45.029998779296875,19306,0.0,0.0
2024-08-06 10:45:00-04:00,45.060001373291016,45.209999084472656,45.040000915527344,45.150001525878906,22570,0.0,0.0
2024-08-06 10:50:00-04:00,45.130001068115234,45.130001068115234,45.0099983215332,45.02000045776367,18067,0.0,0.0
2024-08-06 10:55:00-04:00,45.01499938964844,45.01499938964844,44.779998779296875,44.849998474121094,13738,0.0,0.0
2024-08-06 11:00:00-04:00,44.849998474121094,44.869998931884766,44.72999954223633,44.7400016784668,12575,0.0,0.0
2024-08-06 11:05:00-04:00,44.7599983215332,44.91999816894531,44.7400016784668,44.89500045776367,31811,0.0,0.0
2024-08-06 11:10:00-04:00,44.88999938964844,44.959999084472656,44.75,44.915000915527344,58713,0.0,0.0
2024-08-06 11:15:00-04:00,44.970001220703125,44.970001220703125,44.72999954223633,44.81999969482422,66229,0.0,0.0
2024-08-06 11:20:00-04:00,44.810001373291016,44.96500015258789,44.779998779296875,44.91999816894531,39700,0.0,0.0
2024-08-06 11:25:00-04:00,44.939998626708984,45.029998779296875,44.790000915527344,44.810001373291016,28001,0.0,0.0
2024-08-06 11:30:00-04:00,44.810001373291016,45.01499938964844,44.810001373291016,45.0,27104,0.0,0.0
2024-08-06 11:35:00-04:00,45.029998779296875,45.08000183105469,44.814998626708984,44.8656005859375,39530,0.0,0.0
2024-08-06 11:40:00-04:00,44.88999938964844,44.98500061035156,44.849998474121094,44.98500061035156,38508,0.0,0.0
2024-08-06 11:45:00-04:00,45.0099983215332,45.040000915527344,44.779998779296875,44.93000030517578,52987,0.0,0.0
2024-08-06 11:50:00-04:00,44.95500183105469,44.970001220703125,44.849998474121094,44.93000030517578,26022,0.0,0.0
2024-08-06 11:55:00-04:00,44.970001220703125,45.099998474121094,44.959999084472656,45.099998474121094,10488,0.0,0.0
2024-08-06 12:00:00-04:00,45.119998931884766,45.22999954223633,45.11000061035156,45.189998626708984,15943,0.0,0.0
2024-08-06 12:05:00-04:00,45.19499969482422,45.2400016784668,45.16999816894531,45.16999816894531,15420,0.0,0.0
2024-08-06 12:10:00-04:00,45.15999984741211,45.209999084472656,45.10499954223633,45.16999816894531,11175,0.0,0.0
2024-08-06 12:15:00-04:00,45.15999984741211,45.2495002746582,45.150001525878906,45.16999816894531,8564,0.0,0.0
2024-08-06 12:20:00-04:00,45.18000030517578,45.189998626708984,45.07500076293945,45.119998931884766,12885,0.0,0.0
2024-08-06 12:25:00-04:00,45.130001068115234,45.130001068115234,45.03499984741211,45.084999084472656,7193,0.0,0.0
2024-08-06 12:30:00-04:00,45.084999084472656,45.15999984741211,44.9900016784668,45.15999984741211,10951,0.0,0.0
2024-08-06 12:35:00-04:00,45.130001068115234,45.2400016784668,45.11000061035156,45.2400016784668,20706,0.0,0.0
2024-08-06 12:40:00-04:00,45.2400016784668,45.27000045776367,45.220001220703125,45.220001220703125,17841,0.0,0.0
2024-08-06 12:45:00-04:00,45.220001220703125,45.279998779296875,45.209999084472656,45.220001220703125,19246,0.0,0.0
2024-08-06 12:50:00-04:00,45.220001220703125,45.2400016784668,45.13999938964844,45.2400016784668,21682,0.0,0.0
2024-08-06 12:55:00-04:00,45.22999954223633,45.25,45.13999938964844,45.150001525878906,11247,0.0,0.0
2024-08-06 13:00:00-04:00,45.14500045776367,45.15999984741211,45.11000061035156,45.119998931884766,10749,0.0,0.0
2024-08-06 13:05:00-04:00,45.119998931884766,45.119998931884766,45.040000915527344,45.04999923706055,13224,0.0,0.0
2024-08-06 13:10:00-04:00,45.040000915527344,45.040000915527344,44.939998626708984,44.9900016784668,11543,0.0,0.0
2024-08-06 13:15:00-04:00,45.0,45.130001068115234,44.939998626708984,45.130001068115234,12326,0.0,0.0
2024-08-06 13:20:00-04:00,45.130001068115234,45.209999084472656,45.099998474121094,45.19499969482422,13906,0.0,0.0
2024-08-06 13:25:00-04:00,45.19499969482422,45.25,45.18000030517578,45.2400016784668,14308,0.0,0.0
2024-08-06 13:30:00-04:00,45.25,45.290000915527344,45.220001220703125,45.220001220703125,11810,0.0,0.0
2024-08-06 13:35:00-04:00,45.209999084472656,45.28499984741211,45.189998626708984,45.279998779296875,10769,0.0,0.0
2024-08-06 13:40:00-04:00,45.279998779296875,45.35499954223633,45.25,45.31990051269531,15190,0.0,0.0
2024-08-06 13:45:00-04:00,45.310001373291016,45.36000061035156,45.279998779296875,45.34000015258789,12291,0.0,0.0
2024-08-06 13:50:00-04:00,45.33000183105469,45.35499954223633,45.32500076293945,45.325401306152344,9615,0.0,0.0
2024-08-06 13:55:00-04:00,45.33000183105469,45.38999938964844,45.27000045776367,45.27000045776367,18540,0.0,0.0
2024-08-06 14:00:00-04:00,45.2599983215332,45.31999969482422,45.2599983215332,45.29999923706055,9483,0.0,0.0
2024-08-06 14:05:00-04:00,45.29999923706055,45.310001373291016,45.25,45.275001525878906,10553,0.0,0.0
2024-08-06 14:10:00-04:00,45.279998779296875,45.31999969482422,45.27000045776367,45.310001373291016,9958,0.0,0.0
2024-08-06 14:15:00-04:00,45.310001373291016,45.380001068115234,45.29999923706055,45.380001068115234,10818,0.0,0.0
2024-08-06 14:20:00-04:00,45.369998931884766,45.45280075073242,45.369998931884766,45.45000076293945,11642,0.0,0.0
2024-08-06 14:25:00-04:00,45.45000076293945,45.4900016784668,45.439998626708984,45.4900016784668,11730,0.0,0.0
2024-08-06 14:30:00-04:00,45.4900016784668,45.5099983215332,45.41999816894531,45.47999954223633,29026,0.0,0.0
2024-08-06 14:35:00-04:00,45.47999954223633,45.5,45.45000076293945,45.47999954223633,14930,0.0,0.0
2024-08-06 14:40:00-04:00,45.474998474121094,45.474998474121094,45.43000030517578,45.439998626708984,14488,0.0,0.0
2024-08-06 14:45:00-04:00,45.439998626708984,45.474998474121094,45.435001373291016,45.459999084472656,17602,0.0,0.0
2024-08-06 14:50:00-04:00,45.45000076293945,45.525001525878906,45.45000076293945,45.474998474121094,27420,0.0,0.0
2024-08-06 14:55:00-04:00,45.470001220703125,45.47999954223633,45.28499984741211,45.290000915527344,29562,0.0,0.0
2024-08-06 15:00:00-04:00,45.290000915527344,45.334999084472656,45.22999954223633,45.279998779296875,49506,0.0,0.0
2024-08-06 15:05:00-04:00,45.279998779296875,45.34000015258789,45.209999084472656,45.29999923706055,80227,0.0,0.0
2024-08-06 15:10:00-04:00,45.30500030517578,45.45000076293945,45.30500030517578,45.439998626708984,18426,0.0,0.0
2024-08-06 15:15:00-04:00,45.439998626708984,45.439998626708984,45.26499938964844,45.33000183105469,21066,0.0,0.0
2024-08-06 15:20:00-04:00,45.33000183105469,45.5,45.33000183105469,45.5,44027,0.0,0.0
2024-08-06 15:25:00-04:00,45.5099983215332,45.540000915527344,45.43000030517578,45.43000030517578,53044,0.0,0.0
2024-08-06 15:30:00-04:00,45.439998626708984,45.560001373291016,45.41999816894531,45.560001373291016,49749,0.0,0.0
2024-08-06 15:35:00-04:00,45.560001373291016,45.619998931884766,45.52000045776367,45.58000183105469,74855,0.0,0.0
2024-08-06 15:40:00-04:00,45.59000015258789,45.599998474121094,45.400001525878906,45.40999984741211,38594,0.0,0.0
2024-08-06 15:45:00-04:00,45.400001525878906,45.459999084472656,45.31999969482422,45.33000183105469,39292,0.0,0.0
2024-08-06 15:50:00-04:00,45.31999969482422,45.36000061035156,45.2400016784668,45.255001068115234,73421,0.0,0.0
2024-08-06 15:55:00-04:00,45.2599983215332,45.279998779296875,45.165000915527344,45.18000030517578,146412,0.0,0.0
2024-08-07 09:30:00-04:00,46.0099983215332,46.29999923706055,45.630001068115234,45.970001220703125,96920,0.0,0.0
2024-08-07 09:35:00-04:00,45.98500061035156,45.9900016784668,45.7400016784668,45.869998931884766,29307,0.0,0.0
2024-08-07 09:40:00-04:00,45.875,46.029998779296875,45.75,45.9900016784668,25315,0.0,0.0
2024-08-07 09:45:00-04:00,45.97999954223633,46.130001068115234,45.93040084838867,45.939998626708984,51858,0.0,0.0
2024-08-07 09:50:00-04:00,45.900001525878906,45.90999984741211,45.63999938964844,45.77000045776367,45008,0.0,0.0
2024-08-07 09:55:00-04:00,45.790000915527344,45.92499923706055,45.7599983215332,45.84000015258789,24564,0.0,0.0
2024-08-07 10:00:00-04:00,45.83000183105469,45.83000183105469,45.45500183105469,45.459999084472656,54594,0.0,0.0
2024-08-07 10:05:00-04:00,45.459999084472656,45.5,45.29999923706055,45.34000015258789,132618,0.0,0.0
2024-08-07 10:10:00-04:00,45.34000015258789,45.45500183105469,45.25,45.279998779296875,51158,0.0,0.0
2024-08-07 10:15:00-04:00,45.290000915527344,45.290000915527344,45.06999969482422,45.09000015258789,51784,0.0,0.0
2024-08-07 10:20:00-04:00,45.095001220703125,45.35499954223633,45.080101013183594,45.255001068115234,58873,0.0,0.0
2024-08-07 10:25:00-04:00,45.255001068115234,45.27000045776367,45.0,45.02000045776367,34257,0.0,0.0
2024-08-07 10:30:00-04:00,45.0099983215332,45.35499954223633,44.970001220703125,45.310001373291016,56005,0.0,0.0
2024-08-07 10:35:00-04:00,45.29999923706055,45.34000015258789,45.15999984741211,45.189998626708984,36753,0.0,0.0
2024-08-07 10:40:00-04:00,45.20000076293945,45.349998474121094,45.20000076293945,45.349998474121094,82308,0.0,0.0
2024-08-07 10:45:00-04:00,45.349998474121094,45.59000015258789,45.31999969482422,45.36000061035156,49747,0.0,0.0
2024-08-07 10:50:00-04:00,45.369998931884766,45.369998931884766,45.189998626708984,45.220001220703125,48430,0.0,0.0
2024-08-07 10:55:00-04:00,45.2400016784668,45.29999923706055,45.09000015258789,45.154998779296875,37971,0.0,0.0
2024-08-07 11:00:00-04:00,45.154998779296875,45.279998779296875,45.154998779296875,45.262901306152344,39502,0.0,0.0
2024-08-07 11:05:00-04:00,45.28499984741211,45.310001373291016,45.209999084472656,45.22999954223633,22932,0.0,0.0
2024-08-07 11:10:00-04:00,45.237998962402344,45.2599983215332,45.11000061035156,45.11000061035156,13785,0.0,0.0
2024-08-07 11:15:00-04:00,45.130001068115234,45.15999984741211,45.040000915527344,45.099998474121094,15919,0.0,0.0
2024-08-07 11:20:00-04:00,45.070098876953125,45.16999816894531,45.0,45.040000915527344,17895,0.0,0.0
2024-08-07 11:25:00-04:00,45.03499984741211,45.04999923706055,44.939998626708984,45.0,14114,0.0,0.0
2024-08-07 11:30:00-04:00,45.0099983215332,45.040000915527344,44.97999954223633,45.0,12450,0.0,0.0
2024-08-07 11:35:00-04:00,45.0099983215332,45.040000915527344,44.959999084472656,44.970001220703125,20709,0.0,0.0
2024-08-07 11:40:00-04:00,44.959999084472656,45.0,44.86000061035156,44.86000061035156,18027,0.0,0.0
2024-08-07 11:45:00-04:00,44.85499954223633,44.86000061035156,44.619998931884766,44.619998931884766,51774,0.0,0.0
2024-08-07 11:50:00-04:00,44.630001068115234,44.7599983215332,44.599998474121094,44.67499923706055,37924,0.0,0.0
2024-08-07 11:55:00-04:00,44.70000076293945,44.75,44.59000015258789,44.685001373291016,12257,0.0,0.0
2024-08-07 12:00:00-04:00,44.68000030517578,44.72999954223633,44.470001220703125,44.5099983215332,21763,0.0,0.0
2024-08-07 12:05:00-04:00,44.5,44.599998474121094,44.5,44.54999923706055,15245,0.0,0.0
2024-08-07 12:10:00-04:00,44.54999923706055,44.650001525878906,44.540000915527344,44.6349983215332,20919,0.0,0.0
2024-08-07 12:15:00-04:00,44.6349983215332,44.650001525878906,44.52000045776367,44.56999969482422,17503,0.0,0.0
2024-08-07 12:20:00-04:00,44.560001373291016,44.86000061035156,44.540000915527344,44.810001373291016,31850,0.0,0.0
2024-08-07 12:25:00-04:00,44.849998474121094,44.869998931884766,44.779998779296875,44.790000915527344,9973,0.0,0.0
2024-08-07 12:30:00-04:00,44.779998779296875,44.790000915527344,44.685001373291016,44.7599983215332,9830,0.0,0.0
2024-08-07 12:35:00-04:00,44.75,44.810001373291016,44.70000076293945,44.7400016784668,15719,0.0,0.0
2024-08-07 12:40:00-04:00,44.720001220703125,44.77000045776367,44.650001525878906,44.650001525878906,12086,0.0,0.0
2024-08-07 12:45:00-04:00,44.630001068115234,44.650001525878906,44.52000045776367,44.529998779296875,13309,0.0,0.0
2024-08-07 12:50:00-04:00,44.529998779296875,44.529998779296875,44.36000061035156,44.41999816894531,23348,0.0,0.0
2024-08-07 12:55:00-04:00,44.375,44.459999084472656,44.349998474121094,44.349998474121094,12363,0.0,0.0
2024-08-07 13:00:00-04:00,44.349998474121094,44.38999938964844,44.244998931884766,44.310001373291016,31958,0.0,0.0
2024-08-07 13:05:00-04:00,44.290000915527344,44.400001525878906,44.220001220703125,44.2400016784668,38798,0.0,0.0
2024-08-07 13:10:00-04:00,44.2400016784668,44.310001373291016,44.150001525878906,44.25,43005,0.0,0.0
2024-08-07 13:15:00-04:00,44.2400016784668,44.2400016784668,44.06999969482422,44.11000061035156,26884,0.0,0.0
2024-08-07 13:20:00-04:00,44.119998931884766,44.130001068115234,44.060001373291016,44.09000015258789,58455,0.0,0.0
2024-08-07 13:25:00-04:00,44.099998474121094,44.20000076293945,43.95000076293945,43.970001220703125,65359,0.0,0.0
2024-08-07 13:30:00-04:00,43.970001220703125,44.0099983215332,43.880001068115234,43.91999816894531,40925,0.0,0.0
2024-08-07 13:35:00-04:00,43.91999816894531,44.099998474121094,43.91999816894531,43.974998474121094,45314,0.0,0.0
2024-08-07 13:40:00-04:00,43.939998626708984,43.97999954223633,43.84000015258789,43.880001068115234,28042,0.0,0.0
2024-08-07 13:45:00-04:00,43.88999938964844,43.900001525878906,43.63999938964844,43.70000076293945,111210,0.0,0.0
2024-08-07 13:50:00-04:00,43.709999084472656,43.77000045776367,43.689998626708984,43.7400016784668,54175,0.0,0.0
2024-08-07 13:55:00-04:00,43.7400016784668,43.7400016784668,43.560001373291016,43.66999816894531,34819,0.0,0.0
2024-08-07 14:00:00-04:00,43.665000915527344,43.689998626708984,43.619998931884766,43.68000030517578,18660,0.0,0.0
2024-08-07 14:05:00-04:00,43.65999984741211,43.66999816894531,43.540000915527344,43.540000915527344,24440,0.0,0.0
2024-08-07 14:10:00-04:00,43.529998779296875,43.599998474121094,43.5,43.58000183105469,23955,0.0,0.0
2024-08-07 14:15:00-04:00,43.58000183105469,43.599998474121094,43.41999816894531,43.41999816894531,25029,0.0,0.0
2024-08-07 14:20:00-04:00,43.43000030517578,43.58000183105469,43.36000061035156,43.54999923706055,93206,0.0,0.0
2024-08-07 14:25:00-04:00,43.55500030517578,43.650001525878906,43.55500030517578,43.59000015258789,42188,0.0,0.0
2024-08-07 14:30:00-04:00,43.56999969482422,43.56999969482422,43.369998931884766,43.45000076293945,42929,0.0,0.0
2024-08-07 14:35:00-04:00,43.45000076293945,43.459999084472656,43.34000015258789,43.369998931884766,33092,0.0,0.0
2024-08-07 14:40:00-04:00,43.380001068115234,43.619998931884766,43.380001068115234,43.45000076293945,30077,0.0,0.0
2024-08-07 14:45:00-04:00,43.45000076293945,43.599998474121094,43.41999816894531,43.599998474121094,68077,0.0,0.0
2024-08-07 14:50:00-04:00,43.58000183105469,43.59000015258789,43.470001220703125,43.5099983215332,31093,0.0,0.0
2024-08-07 14:55:00-04:00,43.5099983215332,43.58000183105469,43.5099983215332,43.52000045776367,29738,0.0,0.0
2024-08-07 15:00:00-04:00,43.529998779296875,43.68000030517578,43.4900016784668,43.66999816894531,36269,0.0,0.0
2024-08-07 15:05:00-04:00,43.66999816894531,43.77000045776367,43.63999938964844,43.709999084472656,66086,0.0,0.0
2024-08-07 15:10:00-04:00,43.709999084472656,43.779998779296875,43.689998626708984,43.709999084472656,55961,0.0,0.0
2024-08-07 15:15:00-04:00,43.709999084472656,43.845001220703125,43.709999084472656,43.810001373291016,33773,0.0,0.0
2024-08-07 15:20:00-04:00,43.810001373291016,43.86000061035156,43.709999084472656,43.7599983215332,36399,0.0,0.0
2024-08-07 15:25:00-04:00,43.7599983215332,43.7599983215332,43.63999938964844,43.72999954223633,42837,0.0,0.0
2024-08-07 15:30:00-04:00,43.720001220703125,43.790000915527344,43.650001525878906,43.689998626708984,65989,0.0,0.0
2024-08-07 15:35:00-04:00,43.70000076293945,43.83000183105469,43.689998626708984,43.7599983215332,59895,0.0,0.0
2024-08-07 15:40:00-04:00,43.76499938964844,43.779998779296875,43.68000030517578,43.69499969482422,84167,0.0,0.0
2024-08-07 15:45:00-04:00,43.69499969482422,43.810001373291016,43.68000030517578,43.7400016784668,199510,0.0,0.0
2024-08-07 15:50:00-04:00,43.72999954223633,43.7400016784668,43.58000183105469,43.595001220703125,174962,0.0,0.0
2024-08-07 15:55:00-04:00,43.59000015258789,43.60499954223633,43.5099983215332,43.560001373291016,332132,0.0,0.0
2024-08-08 09:30:00-04:00,44.349998474121094,44.5,44.11000061035156,44.38600158691406,52789,0.0,0.0
2024-08-08 09:35:00-04:00,44.43000030517578,44.47999954223633,44.08000183105469,44.119998931884766,32596,0.0,0.0
2024-08-08 09:40:00-04:00,44.125,44.290000915527344,44.0,44.150001525878906,48905,0.0,0.0
2024-08-08 09:45:00-04:00,44.20000076293945,44.380001068115234,44.20000076293945,44.33000183105469,20682,0.0,0.0
2024-08-08 09:50:00-04:00,44.34000015258789,44.44499969482422,44.209999084472656,44.349998474121094,56413,0.0,0.0
2024-08-08 09:55:00-04:00,44.380001068115234,44.400001525878906,44.27000045776367,44.38999938964844,19223,0.0,0.0
2024-08-08 10:00:00-04:00,44.380001068115234,44.5,44.29999923706055,44.43000030517578,12403,0.0,0.0
2024-08-08 10:05:00-04:00,44.43000030517578,44.43000030517578,44.154998779296875,44.275001525878906,26611,0.0,0.0
2024-08-08 10:10:00-04:00,44.27000045776367,44.439998626708984,44.27000045776367,44.439998626708984,15397,0.0,0.0
2024-08-08 10:15:00-04:00,44.439998626708984,44.48500061035156,44.33000183105469,44.334999084472656,17786,0.0,0.0
2024-08-08 10:20:00-04:00,44.34000015258789,44.349998474121094,44.25,44.349998474121094,14864,0.0,0.0
2024-08-08 10:25:00-04:00,44.380001068115234,44.404998779296875,44.33000183105469,44.400001525878906,17312,0.0,0.0
2024-08-08 10:30:00-04:00,44.43000030517578,44.650001525878906,44.43000030517578,44.630001068115234,81715,0.0,0.0
2024-08-08 10:35:00-04:00,44.650001525878906,44.7599983215332,44.6150016784668,44.7400016784668,44574,0.0,0.0
2024-08-08 10:40:00-04:00,44.720001220703125,44.77000045776367,44.58000183105469,44.654998779296875,35835,0.0,0.0
2024-08-08 10:45:00-04:00,44.63999938964844,44.654998779296875,44.459999084472656,44.4900016784668,59670,0.0,0.0
2024-08-08 10:50:00-04:00,44.47999954223633,44.52000045776367,44.47999954223633,44.52000045776367,43171,0.0,0.0
2024-08-08 10:55:00-04:00,44.5099983215332,44.72999954223633,44.5099983215332,44.724998474121094,72549,0.0,0.0
2024-08-08 11:00:00-04:00,44.720001220703125,44.83000183105469,44.70000076293945,44.7400016784668,22890,0.0,0.0
2024-08-08 11:05:00-04:00,44.75,44.85499954223633,44.7400016784668,44.845001220703125,7478,0.0,0.0
2024-08-08 11:10:00-04:00,44.880001068115234,44.8849983215332,44.63999938964844,44.63999938964844,25381,0.0,0.0
2024-08-08 11:15:00-04:00,44.64500045776367,44.689998626708984,44.63999938964844,44.67499923706055,9737,0.0,0.0
2024-08-08 11:20:00-04:00,44.67499923706055,44.869998931884766,44.65999984741211,44.8650016784668,13099,0.0,0.0
2024-08-08 11:25:00-04:00,44.83000183105469,44.852500915527344,44.779998779296875,44.779998779296875,20871,0.0,0.0
2024-08-08 11:30:00-04:00,44.77000045776367,44.83000183105469,44.7400016784668,44.7400016784668,13373,0.0,0.0
2024-08-08 11:35:00-04:00,44.72999954223633,44.77000045776367,44.66999816894531,44.72999954223633,20058,0.0,0.0
2024-08-08 11:40:00-04:00,44.75,44.7599983215332,44.720001220703125,44.72999954223633,10695,0.0,0.0
2024-08-08 11:45:00-04:00,44.7400016784668,44.7400016784668,44.63999938964844,44.70000076293945,14573,0.0,0.0
2024-08-08 11:50:00-04:00,44.709999084472656,44.83000183105469,44.709999084472656,44.790000915527344,30227,0.0,0.0
2024-08-08 11:55:00-04:00,44.779998779296875,44.81999969482422,44.70000076293945,44.72999954223633,23257,0.0,0.0
2024-08-08 12:00:00-04:00,44.73500061035156,44.790000915527344,44.70000076293945,44.76499938964844,23500,0.0,0.0
2024-08-08 12:05:00-04:00,44.7599983215332,44.79999923706055,44.7400016784668,44.76499938964844,53925,0.0,0.0
2024-08-08 12:10:00-04:00,44.76499938964844,44.779998779296875,44.709999084472656,44.75,13319,0.0,0.0
2024-08-08 12:15:00-04:00,44.7599983215332,44.7599983215332,44.70000076293945,44.724998474121094,14638,0.0,0.0
2024-08-08 12:20:00-04:00,44.7400016784668,44.77000045776367,44.689998626708984,44.77000045776367,28680,0.0,0.0
2024-08-08 12:25:00-04:00,44.77000045776367,44.775001525878906,44.71500015258789,44.720001220703125,14867,0.0,0.0
2024-08-08 12:30:00-04:00,44.720001220703125,44.720001220703125,44.599998474121094,44.599998474121094,13288,0.0,0.0
2024-08-08 12:35:00-04:00,44.61000061035156,44.62379837036133,44.57500076293945,44.58000183105469,8708,0.0,0.0
2024-08-08 12:40:00-04:00,44.58000183105469,44.619998931884766,44.54999923706055,44.56999969482422,14784,0.0,0.0
2024-08-08 12:45:00-04:00,44.56999969482422,44.650001525878906,44.560001373291016,44.630001068115234,17850,0.0,0.0
2024-08-08 12:50:00-04:00,44.630001068115234,44.66999816894531,44.6150016784668,44.650001525878906,22368,0.0,0.0
2024-08-08 12:55:00-04:00,44.650001525878906,44.65999984741211,44.584999084472656,44.59000015258789,14319,0.0,0.0
2024-08-08 13:00:00-04:00,44.599998474121094,44.650001525878906,44.599998474121094,44.61000061035156,11325,0.0,0.0
2024-08-08 13:05:00-04:00,44.61000061035156,44.61000061035156,44.4900016784668,44.529998779296875,11308,0.0,0.0
2024-08-08 13:10:00-04:00,44.529998779296875,44.599998474121094,44.529998779296875,44.58000183105469,26912,0.0,0.0
2024-08-08 13:15:00-04:00,44.584999084472656,44.60499954223633,44.560001373291016,44.595001220703125,27324,0.0,0.0
2024-08-08 13:20:00-04:00,44.59000015258789,44.7400016784668,44.59000015258789,44.72999954223633,68769,0.0,0.0
2024-08-08 13:25:00-04:00,44.72999954223633,44.79499816894531,44.689998626708984,44.689998626708984,27938,0.0,0.0
2024-08-08 13:30:00-04:00,44.689998626708984,44.724998474121094,44.68000030517578,44.709999084472656,13681,0.0,0.0
2024-08-08 13:35:00-04:00,44.70000076293945,44.720001220703125,44.630001068115234,44.70500183105469,8250,0.0,0.0
2024-08-08 13:40:00-04:00,44.709999084472656,44.72999954223633,44.689998626708984,44.689998626708984,28398,0.0,0.0
2024-08-08 13:45:00-04:00,44.694400787353516,44.70500183105469,44.650001525878906,44.650001525878906,12837,0.0,0.0
2024-08-08 13:50:00-04:00,44.650001525878906,44.65999984741211,44.63999938964844,44.650001525878906,11129,0.0,0.0
2024-08-08 13:55:00-04:00,44.64500045776367,44.64500045776367,44.56999969482422,44.59000015258789,13905,0.0,0.0
2024-08-08 14:00:00-04:00,44.58000183105469,44.625,44.56999969482422,44.61000061035156,16754,0.0,0.0
2024-08-08 14:05:00-04:00,44.60499954223633,44.744998931884766,44.60499954223633,44.7400016784668,21931,0.0,0.0
2024-08-08 14:10:00-04:00,44.75,44.75,44.724998474121094,44.7400016784668,11391,0.0,0.0
2024-08-08 14:15:00-04:00,44.7400016784668,44.7599983215332,44.66999816894531,44.7599983215332,25077,0.0,0.0
2024-08-08 14:20:00-04:00,44.7599983215332,44.96989822387695,44.7599983215332,44.959999084472656,16269,0.0,0.0
2024-08-08 14:25:00-04:00,44.970001220703125,44.9900016784668,44.85499954223633,44.875,27503,0.0,0.0
2024-08-08 14:30:00-04:00,44.88999938964844,44.91999816894531,44.880001068115234,44.90999984741211,28822,0.0,0.0
2024-08-08 14:35:00-04:00,44.900001525878906,44.93000030517578,44.810001373291016,44.90999984741211,53464,0.0,0.0
2024-08-08 14:40:00-04:00,44.915000915527344,44.939998626708984,44.85499954223633,44.91999816894531,22504,0.0,0.0
2024-08-08 14:45:00-04:00,44.90999984741211,44.9900016784668,44.900001525878906,44.970001220703125,15165,0.0,0.0
2024-08-08 14:50:00-04:00,44.970001220703125,44.974998474121094,44.91999816894531,44.965999603271484,12845,0.0,0.0
2024-08-08 14:55:00-04:00,44.970001220703125,44.97999954223633,44.939998626708984,44.95000076293945,11594,0.0,0.0
2024-08-08 15:00:00-04:00,44.95000076293945,44.95000076293945,44.880001068115234,44.880001068115234,18110,0.0,0.0
2024-08-08 15:05:00-04:00,44.88999938964844,45.09000015258789,44.869998931884766,45.09000015258789,14797,0.0,0.0
2024-08-08 15:10:00-04:00,45.1150016784668,45.15999984741211,45.099998474121094,45.119998931884766,32021,0.0,0.0
2024-08-08 15:15:00-04:00,45.119998931884766,45.13999938964844,45.060001373291016,45.06999969482422,17134,0.0,0.0
2024-08-08 15:20:00-04:00,45.060001373291016,45.154998779296875,44.97999954223633,44.97999954223633,24217,0.0,0.0
2024-08-08 15:25:00-04:00,44.97999954223633,45.02000045776367,44.900001525878906,44.904998779296875,24819,0.0,0.0
2024-08-08 15:30:00-04:00,44.90999984741211,44.95000076293945,44.880001068115234,44.93000030517578,49540,0.0,0.0
2024-08-08 15:35:00-04:00,44.939998626708984,45.0099983215332,44.93000030517578,44.95000076293945,27448,0.0,0.0
2024-08-08 15:40:00-04:00,44.970001220703125,45.04999923706055,44.95000076293945,45.04999923706055,27900,0.0,0.0
2024-08-08 15:45:00-04:00,45.04999923706055,45.04999923706055,44.98500061035156,44.98500061035156,36896,0.0,0.0
2024-08-08 15:50:00-04:00,44.97999954223633,45.029998779296875,44.90999984741211,44.90999984741211,64785,0.0,0.0
2024-08-08 15:55:00-04:00,44.90999984741211,44.93000030517578,44.869998931884766,44.900001525878906,165202,0.0,0.0
2024-08-09 09:30:00-04:00,45.0,45.47999954223633,45.0,45.310001373291016,57836,0.0,0.0
2024-08-09 09:35:00-04:00,45.279998779296875,45.29999923706055,45.040000915527344,45.2400016784668,12307,0.0,0.0
2024-08-09 09:40:00-04:00,45.21139907836914,45.21500015258789,44.959999084472656,44.98500061035156,19351,0.0,0.0
2024-08-09 09:45:00-04:00,44.994998931884766,45.099998474121094,44.91999816894531,44.91999816894531,26619,0.0,0.0
2024-08-09 09:50:00-04:00,44.939998626708984,45.2400016784668,44.939998626708984,45.2400016784668,17285,0.0,0.0
2024-08-09 09:55:00-04:00,45.2400016784668,45.34000015258789,45.150001525878906,45.334999084472656,17379,0.0,0.0
2024-08-09 10:00:00-04:00,45.34000015258789,45.400001525878906,45.220001220703125,45.38999938964844,22694,0.0,0.0
2024-08-09 10:05:00-04:00,45.400001525878906,45.54999923706055,45.400001525878906,45.41999816894531,25008,0.0,0.0
2024-08-09 10:10:00-04:00,45.415000915527344,45.47999954223633,45.3849983215332,45.45000076293945,88061,0.0,0.0
2024-08-09 10:15:00-04:00,45.459999084472656,45.59000015258789,45.400001525878906,45.59000015258789,20385,0.0,0.0
2024-08-09 10:20:00-04:00,45.58000183105469,45.65999984741211,45.56999969482422,45.625,13367,0.0,0.0
2024-08-09 10:25:00-04:00,45.630001068115234,45.70500183105469,45.619998931884766,45.689998626708984,12838,0.0,0.0
2024-08-09 10:30:00-04:00,45.68000030517578,45.68000030517578,45.529998779296875,45.53499984741211,13938,0.0,0.0
2024-08-09 10:35:00-04:00,45.5,45.599998474121094,45.5,45.54499816894531,22864,0.0,0.0
2024-08-09 10:40:00-04:00,45.560001373291016,45.56999969482422,45.41999816894531,45.41999816894531,28209,0.0,0.0
2024-08-09 10:45:00-04:00,45.415000915527344,45.56999969482422,45.40999984741211,45.40999984741211,22951,0.0,0.0
2024-08-09 10:50:00-04:00,45.40999984741211,45.540000915527344,45.400001525878906,45.540000915527344,16735,0.0,0.0
2024-08-09 10:55:00-04:00,45.54999923706055,45.66999816894531,45.54999923706055,45.59000015258789,21927,0.0,0.0
2024-08-09 11:00:00-04:00,45.58000183105469,45.61000061035156,45.40999984741211,45.40999984741211,22081,0.0,0.0
2024-08-09 11:05:00-04:00,45.43000030517578,45.459999084472656,45.290000915527344,45.33000183105469,23185,0.0,0.0
2024-08-09 11:10:00-04:00,45.3650016784668,45.400001525878906,45.2599983215332,45.290000915527344,21828,0.0,0.0
2024-08-09 11:15:00-04:00,45.29499816894531,45.369998931884766,45.2599983215332,45.35499954223633,25154,0.0,0.0
2024-08-09 11:20:00-04:00,45.35499954223633,45.380001068115234,45.33000183105469,45.349998474121094,14343,0.0,0.0
2024-08-09 11:25:00-04:00,45.35499954223633,45.380001068115234,45.2400016784668,45.244998931884766,22243,0.0,0.0
2024-08-09 11:30:00-04:00,45.220001220703125,45.2599983215332,45.16999816894531,45.220001220703125,27529,0.0,0.0
2024-08-09 11:35:00-04:00,45.22999954223633,45.310001373291016,45.20000076293945,45.310001373291016,15198,0.0,0.0
2024-08-09 11:40:00-04:00,45.33000183105469,45.380001068115234,45.33000183105469,45.36000061035156,19148,0.0,0.0
2024-08-09 11:45:00-04:00,45.36000061035156,45.380001068115234,45.345001220703125,45.345001220703125,18105,0.0,0.0
2024-08-09 11:50:00-04:00,45.34000015258789,45.380001068115234,45.310001373291016,45.34000015258789,41869,0.0,0.0
2024-08-09 11:55:00-04:00,45.34000015258789,45.349998474121094,45.18000030517578,45.18000030517578,30103,0.0,0.0
2024-08-09 12:00:00-04:00,45.16999816894531,45.22999954223633,45.14500045776367,45.14500045776367,13653,0.0,0.0
2024-08-09 12:05:00-04:00,45.13999938964844,45.16999816894531,45.06999969482422,45.15999984741211,13595,0.0,0.0
2024-08-09 12:10:00-04:00,45.15999984741211,45.16999816894531,45.04999923706055,45.060001373291016,16627,0.0,0.0
2024-08-09 12:15:00-04:00,45.060001373291016,45.130001068115234,45.02000045776367,45.08000183105469,16652,0.0,0.0
2024-08-09 12:20:00-04:00,45.084999084472656,45.150001525878906,45.084999084472656,45.09000015258789,16676,0.0,0.0
2024-08-09 12:25:00-04:00,45.099998474121094,45.15999984741211,45.09000015258789,45.15999984741211,25131,0.0,0.0
2024-08-09 12:30:00-04:00,45.15999984741211,45.22600173950195,45.150001525878906,45.17499923706055,15570,0.0,0.0
2024-08-09 12:35:00-04:00,45.16999816894531,45.31999969482422,45.15999984741211,45.310001373291016,65428,0.0,0.0
2024-08-09 12:40:00-04:00,45.314998626708984,45.32500076293945,45.2400016784668,45.2400016784668,22886,0.0,0.0
2024-08-09 12:45:00-04:00,45.220001220703125,45.23500061035156,45.18000030517578,45.22999954223633,13147,0.0,0.0
2024-08-09 12:50:00-04:00,45.220001220703125,45.220001220703125,45.1245002746582,45.125,13621,0.0,0.0
2024-08-09 12:55:00-04:00,45.13999938964844,45.22999954223633,45.119998931884766,45.220001220703125,13447,0.0,0.0
2024-08-09 13:00:00-04:00,45.22999954223633,45.290000915527344,45.209999084472656,45.275001525878906,12224,0.0,0.0
2024-08-09 13:05:00-04:00,45.279998779296875,45.279998779296875,45.22999954223633,45.27000045776367,10868,0.0,0.0
2024-08-09 13:10:00-04:00,45.279998779296875,45.279998779296875,45.22999954223633,45.27000045776367,12578,0.0,0.0
2024-08-09 13:15:00-04:00,45.27000045776367,45.369998931884766,45.269100189208984,45.31999969482422,18758,0.0,0.0
2024-08-09 13:20:00-04:00,45.31999969482422,45.31999969482422,45.2599983215332,45.310001373291016,8301,0.0,0.0
2024-08-09 13:25:00-04:00,45.31999969482422,45.46500015258789,45.31999969482422,45.46500015258789,26601,0.0,0.0
2024-08-09 13:30:00-04:00,45.46500015258789,45.51499938964844,45.439998626708984,45.51499938964844,20012,0.0,0.0
2024-08-09 13:35:00-04:00,45.529998779296875,45.56999969482422,45.529998779296875,45.529998779296875,9381,0.0,0.0
2024-08-09 13:40:00-04:00,45.529998779296875,45.55500030517578,45.44499969482422,45.459999084472656,13999,0.0,0.0
2024-08-09 13:45:00-04:00,45.459999084472656,45.4900016784668,45.43000030517578,45.439998626708984,7919,0.0,0.0
2024-08-09 13:50:00-04:00,45.420101165771484,45.5099983215332,45.38999938964844,45.400001525878906,41654,0.0,0.0
2024-08-09 13:55:00-04:00,45.40999984741211,45.40999984741211,45.369998931884766,45.400001525878906,7351,0.0,0.0
2024-08-09 14:00:00-04:00,45.40999984741211,45.439998626708984,45.3849983215332,45.40999984741211,12990,0.0,0.0
2024-08-09 14:05:00-04:00,45.400001525878906,45.47999954223633,45.380001068115234,45.47999954223633,11611,0.0,0.0
2024-08-09 14:10:00-04:00,45.470001220703125,45.4900016784668,45.41999816894531,45.46070098876953,13074,0.0,0.0
2024-08-09 14:15:00-04:00,45.47999954223633,45.525001525878906,45.470001220703125,45.5,17257,0.0,0.0
2024-08-09 14:20:00-04:00,45.51499938964844,45.525001525878906,45.47999954223633,45.5,9469,0.0,0.0
2024-08-09 14:25:00-04:00,45.4900016784668,45.525001525878906,45.4900016784668,45.51969909667969,6919,0.0,0.0
2024-08-09 14:30:00-04:00,45.439998626708984,45.439998626708984,45.34000015258789,45.36000061035156,13747,0.0,0.0
2024-08-09 14:35:00-04:00,45.349998474121094,45.349998474121094,45.25,45.334999084472656,18453,0.0,0.0
2024-08-09 14:40:00-04:00,45.349998474121094,45.380001068115234,45.34000015258789,45.3650016784668,7083,0.0,0.0
2024-08-09 14:45:00-04:00,45.380001068115234,45.40999984741211,45.36000061035156,45.400001525878906,11481,0.0,0.0
2024-08-09 14:50:00-04:00,45.400001525878906,45.40999984741211,45.36000061035156,45.380001068115234,21337,0.0,0.0
2024-08-09 14:55:00-04:00,45.38999938964844,45.42499923706055,45.380001068115234,45.41999816894531,34088,0.0,0.0
2024-08-09 15:00:00-04:00,45.45000076293945,45.45000076293945,45.369998931884766,45.380001068115234,11748,0.0,0.0
2024-08-09 15:05:00-04:00,45.380001068115234,45.47999954223633,45.380001068115234,45.47999954223633,24972,0.0,0.0
2024-08-09 15:10:00-04:00,45.4900016784668,45.52000045776367,45.459999084472656,45.4900016784668,13102,0.0,0.0
2024-08-09 15:15:00-04:00,45.5,45.52000045776367,45.47999954223633,45.49250030517578,10927,0.0,0.0
2024-08-09 15:20:00-04:00,45.494998931884766,45.494998931884766,45.41999816894531,45.42499923706055,19696,0.0,0.0
2024-08-09 15:25:00-04:00,45.42499923706055,45.4900016784668,45.400001525878906,45.4900016784668,76574,0.0,0.0
2024-08-09 15:30:00-04:00,45.474998474121094,45.61000061035156,45.474998474121094,45.560001373291016,79461,0.0,0.0
2024-08-09 15:35:00-04:00,45.58000183105469,45.619998931884766,45.400001525878906,45.43000030517578,54909,0.0,0.0
2024-08-09 15:40:00-04:00,45.45000076293945,45.529998779296875,45.439998626708984,45.470001220703125,32326,0.0,0.0
2024-08-09 15:45:00-04:00,45.46500015258789,45.48500061035156,45.310001373291016,45.31999969482422,38557,0.0,0.0
2024-08-09 15:50:00-04:00,45.33000183105469,45.41999816894531,45.32500076293945,45.345001220703125,84826,0.0,0.0
2024-08-09 15:55:00-04:00,45.349998474121094,45.43000030517578,45.33000183105469,45.40999984741211,187652,0.0,0.0
2024-08-12 09:30:00-04:00,45.5099983215332,46.220001220703125,45.5099983215332,46.209999084472656,33572,0.0,0.0
2024-08-12 09:35:00-04:00,46.20000076293945,46.46500015258789,46.16999816894531,46.36000061035156,41147,0.0,0.0
2024-08-12 09:40:00-04:00,46.400001525878906,46.4900016784668,45.86000061035156,45.880001068115234,35043,0.0,0.0
2024-08-12 09:45:00-04:00,45.880001068115234,45.90999984741211,45.7400016784668,45.810001373291016,49532,0.0,0.0
2024-08-12 09:50:00-04:00,45.810001373291016,45.900001525878906,45.790000915527344,45.83000183105469,38360,0.0,0.0
2024-08-12 09:55:00-04:00,45.810001373291016,45.810001373291016,45.58000183105469,45.63999938964844,24444,0.0,0.0
2024-08-12 10:00:00-04:00,45.63999938964844,45.720001220703125,45.51499938964844,45.65999984741211,24317,0.0,0.0
2024-08-12 10:05:00-04:00,45.66999816894531,45.81999969482422,45.66999816894531,45.79999923706055,25089,0.0,0.0
2024-08-12 10:10:00-04:00,45.810001373291016,45.82500076293945,45.650001525878906,45.7400016784668,17088,0.0,0.0
2024-08-12 10:15:00-04:00,45.72999954223633,45.73500061035156,45.650001525878906,45.689998626708984,12432,0.0,0.0
2024-08-12 10:20:00-04:00,45.66999816894531,45.68000030517578,45.595001220703125,45.650001525878906,16089,0.0,0.0
2024-08-12 10:25:00-04:00,45.650001525878906,45.78499984741211,45.650001525878906,45.720001220703125,27949,0.0,0.0
2024-08-12 10:30:00-04:00,45.720001220703125,45.77000045776367,45.66999816894531,45.7400016784668,29997,0.0,0.0
2024-08-12 10:35:00-04:00,45.7400016784668,45.900001525878906,45.72999954223633,45.849998474121094,24948,0.0,0.0
2024-08-12 10:40:00-04:00,45.86000061035156,45.93000030517578,45.7400016784668,45.92499923706055,55546,0.0,0.0
2024-08-12 10:45:00-04:00,45.92499923706055,46.20000076293945,45.904998779296875,46.125,149668,0.0,0.0
2024-08-12 10:50:00-04:00,46.125,46.15999984741211,46.029998779296875,46.15999984741211,27734,0.0,0.0
2024-08-12 10:55:00-04:00,46.15999984741211,46.209999084472656,46.060001373291016,46.185001373291016,23592,0.0,0.0
2024-08-12 11:00:00-04:00,46.189998626708984,46.209999084472656,46.099998474121094,46.119998931884766,38499,0.0,0.0
2024-08-12 11:05:00-04:00,46.11000061035156,46.369998931884766,46.07500076293945,46.165000915527344,141618,0.0,0.0
2024-08-12 11:10:00-04:00,46.16999816894531,46.22999954223633,46.150001525878906,46.20000076293945,77205,0.0,0.0
2024-08-12 11:15:00-04:00,46.20000076293945,46.400001525878906,46.20000076293945,46.290000915527344,34916,0.0,0.0
2024-08-12 11:20:00-04:00,46.290000915527344,46.33000183105469,46.0099983215332,46.02000045776367,42975,0.0,0.0
2024-08-12 11:25:00-04:00,46.0,46.11000061035156,45.970001220703125,46.09000015258789,16413,0.0,0.0
2024-08-12 11:30:00-04:00,46.08000183105469,46.11000061035156,45.9900016784668,46.099998474121094,40872,0.0,0.0
2024-08-12 11:35:00-04:00,46.11000061035156,46.16999816894531,46.09000015258789,46.130001068115234,20230,0.0,0.0
2024-08-12 11:40:00-04:00,46.130001068115234,46.220001220703125,46.099998474121094,46.220001220703125,21360,0.0,0.0
2024-08-12 11:45:00-04:00,46.220001220703125,46.279998779296875,46.220001220703125,46.27000045776367,24335,0.0,0.0
2024-08-12 11:50:00-04:00,46.27000045776367,46.404998779296875,46.22999954223633,46.279998779296875,206502,0.0,0.0
2024-08-12 11:55:00-04:00,46.290000915527344,46.4900016784668,46.290000915527344,46.4900016784668,23233,0.0,0.0
2024-08-12 12:00:00-04:00,46.47999954223633,46.47999954223633,46.36000061035156,46.36000061035156,20159,0.0,0.0
2024-08-12 12:05:00-04:00,46.369998931884766,46.380001068115234,46.25,46.27000045776367,20585,0.0,0.0
2024-08-12 12:10:00-04:00,46.2599983215332,46.2859001159668,46.22999954223633,46.22999954223633,14408,0.0,0.0
2024-08-12 12:15:00-04:00,46.21500015258789,46.21500015258789,46.13999938964844,46.209999084472656,11174,0.0,0.0
2024-08-12 12:20:00-04:00,46.189998626708984,46.19499969482422,46.150001525878906,46.189998626708984,5646,0.0,0.0
2024-08-12 12:25:00-04:00,46.189998626708984,46.20000076293945,46.119998931884766,46.13999938964844,12008,0.0,0.0
2024-08-12 12:30:00-04:00,46.13999938964844,46.189998626708984,46.08000183105469,46.08000183105469,18383,0.0,0.0
2024-08-12 12:35:00-04:00,46.06999969482422,46.09199905395508,46.040000915527344,46.04999923706055,16068,0.0,0.0
2024-08-12 12:40:00-04:00,46.060001373291016,46.07509994506836,46.0099983215332,46.064998626708984,9753,0.0,0.0
2024-08-12 12:45:00-04:00,46.060001373291016,46.11000061035156,46.060001373291016,46.099998474121094,5804,0.0,0.0
2024-08-12 12:50:00-04:00,46.099998474121094,46.150001525878906,46.060001373291016,46.130001068115234,13861,0.0,0.0
2024-08-12 12:55:00-04:00,46.130001068115234,46.130001068115234,46.0,46.09000015258789,13700,0.0,0.0
2024-08-12 13:00:00-04:00,46.06999969482422,46.099998474121094,45.9900016784668,46.06999969482422,25321,0.0,0.0
2024-08-12 13:05:00-04:00,46.04999923706055,46.15999984741211,46.04999923706055,46.08000183105469,11673,0.0,0.0
2024-08-12 13:10:00-04:00,46.08000183105469,46.130001068115234,46.060001373291016,46.130001068115234,8831,0.0,0.0
2024-08-12 13:15:00-04:00,46.13999938964844,46.189998626708984,46.13999938964844,46.189998626708984,11139,0.0,0.0
2024-08-12 13:20:00-04:00,46.19900131225586,46.20000076293945,46.13999938964844,46.165000915527344,16428,0.0,0.0
2024-08-12 13:25:00-04:00,46.165000915527344,46.20000076293945,46.099998474121094,46.18000030517578,19255,0.0,0.0
2024-08-12 13:30:00-04:00,46.189998626708984,46.25,46.185001373291016,46.22999954223633,18195,0.0,0.0
2024-08-12 13:35:00-04:00,46.2400016784668,46.2599983215332,46.20000076293945,46.220001220703125,29060,0.0,0.0
2024-08-12 13:40:00-04:00,46.220001220703125,46.29999923706055,46.209999084472656,46.29999923706055,20608,0.0,0.0
2024-08-12 13:45:00-04:00,46.29999923706055,46.349998474121094,46.275001525878906,46.275001525878906,35114,0.0,0.0
2024-08-12 13:50:00-04:00,46.27000045776367,46.27000045776367,46.19499969482422,46.2400016784668,11883,0.0,0.0
2024-08-12 13:55:00-04:00,46.2599983215332,46.279998779296875,46.21500015258789,46.255001068115234,22394,0.0,0.0
2024-08-12 14:00:00-04:00,46.2599983215332,46.30500030517578,46.220001220703125,46.290000915527344,20382,0.0,0.0
2024-08-12 14:05:00-04:00,46.29999923706055,46.310001373291016,46.2400016784668,46.2599983215332,16214,0.0,0.0
2024-08-12 14:10:00-04:00,46.27069854736328,46.310001373291016,46.2599983215332,46.290000915527344,12188,0.0,0.0
2024-08-12 14:15:00-04:00,46.29999923706055,46.310001373291016,46.20500183105469,46.20500183105469,19871,0.0,0.0
2024-08-12 14:20:00-04:00,46.20000076293945,46.255001068115234,46.189998626708984,46.209999084472656,19649,0.0,0.0
2024-08-12 14:25:00-04:00,46.220001220703125,46.27000045776367,46.220001220703125,46.25,10659,0.0,0.0
2024-08-12 14:30:00-04:00,46.25,46.25,46.192501068115234,46.209999084472656,10608,0.0,0.0
2024-08-12 14:35:00-04:00,46.220001220703125,46.349998474121094,46.220001220703125,46.33000183105469,16281,0.0,0.0
2024-08-12 14:40:00-04:00,46.33000183105469,46.349998474121094,46.29999923706055,46.33000183105469,8752,0.0,0.0
2024-08-12 14:45:00-04:00,46.33000183105469,46.38999938964844,46.279998779296875,46.36000061035156,22329,0.0,0.0
2024-08-12 14:50:00-04:00,46.369998931884766,46.43000030517578,46.369998931884766,46.40999984741211,11630,0.0,0.0
2024-08-12 14:55:00-04:00,46.40999984741211,46.43000030517578,46.36000061035156,46.38999938964844,25499,0.0,0.0
2024-08-12 15:00:00-04:00,46.38999938964844,46.459999084472656,46.36000061035156,46.439998626708984,44261,0.0,0.0
2024-08-12 15:05:00-04:00,46.43000030517578,46.439998626708984,46.38999938964844,46.43000030517578,13984,0.0,0.0
2024-08-12 15:10:00-04:00,46.41999816894531,46.4900016784668,46.41999816894531,46.43009948730469,19244,0.0,0.0
2024-08-12 15:15:00-04:00,46.45000076293945,46.52000045776367,46.41999816894531,46.5099983215332,23314,0.0,0.0
2024-08-12 15:20:00-04:00,46.52000045776367,46.529998779296875,46.4900016784668,46.52000045776367,25992,0.0,0.0
2024-08-12 15:25:00-04:00,46.52000045776367,46.56999969482422,46.5,46.5,36325,0.0,0.0
2024-08-12 15:30:00-04:00,46.5,46.52000045776367,46.439998626708984,46.439998626708984,30664,0.0,0.0
2024-08-12 15:35:00-04:00,46.439998626708984,46.455299377441406,46.369998931884766,46.404998779296875,34844,0.0,0.0
2024-08-12 15:40:00-04:00,46.40999984741211,46.435001373291016,46.33000183105469,46.33000183105469,46921,0.0,0.0
2024-08-12 15:45:00-04:00,46.334999084472656,46.404998779296875,46.310001373291016,46.33000183105469,75742,0.0,0.0
2024-08-12 15:50:00-04:00,46.33000183105469,46.41999816894531,46.33000183105469,46.400001525878906,111428,0.0,0.0
2024-08-12 15:55:00-04:00,46.400001525878906,46.474998474121094,46.400001525878906,46.40999984741211,239674,0.0,0.0
2024-08-13 09:30:00-04:00,46.34000015258789,46.35499954223633,45.83000183105469,46.0099983215332,58672,0.0,0.0
2024-08-13 09:35:00-04:00,45.959999084472656,45.97999954223633,45.68000030517578,45.70000076293945,20721,0.0,0.0
2024-08-13 09:40:00-04:00,45.72999954223633,45.95000076293945,45.70500183105469,45.880001068115234,30261,0.0,0.0
2024-08-13 09:45:00-04:00,45.91999816894531,46.11000061035156,45.91999816894531,46.11000061035156,16229,0.0,0.0
2024-08-13 09:50:00-04:00,46.130001068115234,46.2599983215332,46.11000061035156,46.185001373291016,7132,0.0,0.0
2024-08-13 09:55:00-04:00,46.15999984741211,46.27000045776367,46.099998474121094,46.18000030517578,12543,0.0,0.0
2024-08-13 10:00:00-04:00,46.16999816894531,46.20000076293945,46.11000061035156,46.16999816894531,11983,0.0,0.0
2024-08-13 10:05:00-04:00,46.13999938964844,46.34000015258789,46.099998474121094,46.34000015258789,17925,0.0,0.0
2024-08-13 10:10:00-04:00,46.29999923706055,46.33000183105469,46.18000030517578,46.30379867553711,39639,0.0,0.0
2024-08-13 10:15:00-04:00,46.30009841918945,46.369998931884766,46.189998626708984,46.189998626708984,33684,0.0,0.0
2024-08-13 10:20:00-04:00,46.189998626708984,46.279998779296875,46.08000183105469,46.27000045776367,18288,0.0,0.0
2024-08-13 10:25:00-04:00,46.2599983215332,46.400001525878906,46.2400016784668,46.349998474121094,13502,0.0,0.0
2024-08-13 10:30:00-04:00,46.34000015258789,46.349998474121094,46.119998931884766,46.29999923706055,18937,0.0,0.0
2024-08-13 10:35:00-04:00,46.30500030517578,46.369998931884766,46.27000045776367,46.369998931884766,8996,0.0,0.0
2024-08-13 10:40:00-04:00,46.38999938964844,46.61000061035156,46.38999938964844,46.61000061035156,26299,0.0,0.0
2024-08-13 10:45:00-04:00,46.6150016784668,46.68000030517578,46.58000183105469,46.650001525878906,25358,0.0,0.0
2024-08-13 10:50:00-04:00,46.63999938964844,46.709999084472656,46.540000915527344,46.68000030517578,23382,0.0,0.0
2024-08-13 10:55:00-04:00,46.68000030517578,46.779998779296875,46.66999816894531,46.779998779296875,17203,0.0,0.0
2024-08-13 11:00:00-04:00,46.790000915527344,46.81999969482422,46.66999816894531,46.7400016784668,28076,0.0,0.0
2024-08-13 11:05:00-04:00,46.75,46.77000045776367,46.630001068115234,46.630001068115234,15977,0.0,0.0
2024-08-13 11:10:00-04:00,46.630001068115234,46.75,46.619998931884766,46.685001373291016,22378,0.0,0.0
2024-08-13 11:15:00-04:00,46.69499969482422,46.75550079345703,46.67499923706055,46.755001068115234,8500,0.0,0.0
2024-08-13 11:20:00-04:00,46.75,46.81999969482422,46.720001220703125,46.72999954223633,36063,0.0,0.0
2024-08-13 11:25:00-04:00,46.7400016784668,46.779998779296875,46.65999984741211,46.68000030517578,19589,0.0,0.0
2024-08-13 11:30:00-04:00,46.689998626708984,46.689998626708984,46.61000061035156,46.689998626708984,13987,0.0,0.0
2024-08-13 11:35:00-04:00,46.689998626708984,46.720001220703125,46.61119842529297,46.61119842529297,16924,0.0,0.0
2024-08-13 11:40:00-04:00,46.619998931884766,46.66999816894531,46.54999923706055,46.65999984741211,38848,0.0,0.0
2024-08-13 11:45:00-04:00,46.65999984741211,46.73500061035156,46.65999984741211,46.66999816894531,16702,0.0,0.0
2024-08-13 11:50:00-04:00,46.66999816894531,46.709999084472656,46.66999816894531,46.70000076293945,11302,0.0,0.0
2024-08-13 11:55:00-04:00,46.709999084472656,46.7400016784668,46.630001068115234,46.689998626708984,12680,0.0,0.0
2024-08-13 12:00:00-04:00,46.68000030517578,46.72999954223633,46.66999816894531,46.724998474121094,10918,0.0,0.0
2024-08-13 12:05:00-04:00,46.720001220703125,46.78499984741211,46.689998626708984,46.78499984741211,18241,0.0,0.0
2024-08-13 12:10:00-04:00,46.790000915527344,46.869998931884766,46.790000915527344,46.810001373291016,15835,0.0,0.0
2024-08-13 12:15:00-04:00,46.79999923706055,46.83000183105469,46.78499984741211,46.78499984741211,6181,0.0,0.0
2024-08-13 12:20:00-04:00,46.790000915527344,46.79999923706055,46.77000045776367,46.77000045776367,8285,0.0,0.0
2024-08-13 12:25:00-04:00,46.76499938964844,46.810001373291016,46.75,46.77000045776367,12316,0.0,0.0
2024-08-13 12:30:00-04:00,46.755001068115234,46.755001068115234,46.66999816894531,46.709999084472656,9759,0.0,0.0
2024-08-13 12:35:00-04:00,46.724998474121094,46.7599983215332,46.689998626708984,46.744998931884766,16036,0.0,0.0
2024-08-13 12:40:00-04:00,46.72999954223633,46.779998779296875,46.689998626708984,46.720001220703125,11391,0.0,0.0
2024-08-13 12:45:00-04:00,46.709999084472656,46.7599983215332,46.709999084472656,46.7400016784668,6714,0.0,0.0
2024-08-13 12:50:00-04:00,46.7400016784668,46.77000045776367,46.720001220703125,46.7400016784668,8948,0.0,0.0
2024-08-13 12:55:00-04:00,46.75,46.790000915527344,46.744998931884766,46.7599983215332,12030,0.0,0.0
2024-08-13 13:00:00-04:00,46.755001068115234,46.79999923706055,46.69499969482422,46.709999084472656,22106,0.0,0.0
2024-08-13 13:05:00-04:00,46.70000076293945,46.72999954223633,46.66999816894531,46.72999954223633,12776,0.0,0.0
2024-08-13 13:10:00-04:00,46.720001220703125,46.7400016784668,46.709999084472656,46.7400016784668,11727,0.0,0.0
2024-08-13 13:15:00-04:00,46.75,46.755001068115234,46.720001220703125,46.75,10715,0.0,0.0
2024-08-13 13:20:00-04:00,46.7400016784668,46.779998779296875,46.720001220703125,46.720001220703125,12504,0.0,0.0
2024-08-13 13:25:00-04:00,46.720001220703125,46.7599983215332,46.709999084472656,46.72999954223633,6728,0.0,0.0
2024-08-13 13:30:00-04:00,46.72829818725586,46.74399948120117,46.689998626708984,46.689998626708984,6876,0.0,0.0
2024-08-13 13:35:00-04:00,46.689998626708984,46.779998779296875,46.689998626708984,46.7599983215332,11099,0.0,0.0
2024-08-13 13:40:00-04:00,46.77000045776367,46.810001373291016,46.77000045776367,46.810001373291016,7635,0.0,0.0
2024-08-13 13:45:00-04:00,46.810001373291016,46.81999969482422,46.68000030517578,46.7400016784668,17226,0.0,0.0
2024-08-13 13:50:00-04:00,46.7400016784668,46.779998779296875,46.72999954223633,46.77000045776367,8579,0.0,0.0
2024-08-13 13:55:00-04:00,46.79999923706055,46.81999969482422,46.790000915527344,46.79999923706055,7787,0.0,0.0
2024-08-13 14:00:00-04:00,46.79999923706055,46.91999816894531,46.79999923706055,46.90999984741211,13142,0.0,0.0
2024-08-13 14:05:00-04:00,46.900001525878906,46.90999984741211,46.86000061035156,46.86000061035156,9877,0.0,0.0
2024-08-13 14:10:00-04:00,46.849998474121094,46.880001068115234,46.84000015258789,46.869998931884766,8587,0.0,0.0
2024-08-13 14:15:00-04:00,46.880001068115234,46.880001068115234,46.790000915527344,46.810001373291016,10877,0.0,0.0
2024-08-13 14:20:00-04:00,46.81999969482422,46.84000015258789,46.79999923706055,46.80500030517578,10308,0.0,0.0
2024-08-13 14:25:00-04:00,46.810001373291016,46.86000061035156,46.80500030517578,46.83000183105469,13394,0.0,0.0
2024-08-13 14:30:00-04:00,46.83000183105469,46.849998474121094,46.81999969482422,46.81999969482422,8839,0.0,0.0
2024-08-13 14:35:00-04:00,46.83000183105469,46.869998931884766,46.82500076293945,46.849998474121094,11404,0.0,0.0
2024-08-13 14:40:00-04:00,46.849998474121094,46.939998626708984,46.84000015258789,46.88999938964844,14815,0.0,0.0
2024-08-13 14:45:00-04:00,46.8849983215332,46.8849983215332,46.84000015258789,46.84000015258789,16113,0.0,0.0
2024-08-13 14:50:00-04:00,46.84000015258789,46.84000015258789,46.779998779296875,46.790000915527344,11630,0.0,0.0
2024-08-13 14:55:00-04:00,46.790000915527344,46.93000030517578,46.790000915527344,46.93000030517578,24431,0.0,0.0
2024-08-13 15:00:00-04:00,46.91999816894531,46.94499969482422,46.900001525878906,46.93000030517578,15972,0.0,0.0
2024-08-13 15:05:00-04:00,46.91999816894531,46.95000076293945,46.88999938964844,46.93000030517578,21360,0.0,0.0
2024-08-13 15:10:00-04:00,46.91999816894531,46.92499923706055,46.8849983215332,46.8849983215332,37077,0.0,0.0
2024-08-13 15:15:00-04:00,46.88999938964844,46.88999938964844,46.84000015258789,46.86000061035156,48862,0.0,0.0
2024-08-13 15:20:00-04:00,46.86000061035156,46.86000061035156,46.77000045776367,46.77000045776367,26607,0.0,0.0
2024-08-13 15:25:00-04:00,46.77000045776367,46.790000915527344,46.72999954223633,46.790000915527344,21345,0.0,0.0
2024-08-13 15:30:00-04:00,46.79499816894531,46.79999923706055,46.66999816894531,46.77000045776367,36780,0.0,0.0
2024-08-13 15:35:00-04:00,46.779998779296875,46.790000915527344,46.69499969482422,46.709999084472656,45942,0.0,0.0
2024-08-13 15:40:00-04:00,46.70349884033203,46.720001220703125,46.625,46.6349983215332,32141,0.0,0.0
2024-08-13 15:45:00-04:00,46.63100051879883,46.70500183105469,46.63100051879883,46.689998626708984,56890,0.0,0.0
2024-08-13 15:50:00-04:00,46.68000030517578,46.70000076293945,46.540000915527344,46.55500030517578,84129,0.0,0.0
2024-08-13 15:55:00-04:00,46.55500030517578,46.65999984741211,46.540000915527344,46.63999938964844,199310,0.0,0.0
2024-08-14 09:30:00-04:00,46.66999816894531,46.810001373291016,46.58000183105469,46.69499969482422,86494,0.0,0.0
2024-08-14 09:35:00-04:00,46.68000030517578,46.900001525878906,46.66999816894531,46.900001525878906,22605,0.0,0.0
2024-08-14 09:40:00-04:00,46.8849983215332,46.91999816894531,46.650001525878906,46.7400016784668,35012,0.0,0.0
2024-08-14 09:45:00-04:00,46.72999954223633,46.77000045776367,46.70000076293945,46.724998474121094,17357,0.0,0.0
2024-08-14 09:50:00-04:00,46.7400016784668,46.75,46.584999084472656,46.685001373291016,25561,0.0,0.0
2024-08-14 09:55:00-04:00,46.685001373291016,46.685001373291016,46.41999816894531,46.43000030517578,34476,0.0,0.0
2024-08-14 10:00:00-04:00,46.439998626708984,46.48500061035156,46.30500030517578,46.47999954223633,16166,0.0,0.0
2024-08-14 10:05:00-04:00,46.45000076293945,46.45000076293945,46.2692985534668,46.33000183105469,14316,0.0,0.0
2024-08-14 10:10:00-04:00,46.36000061035156,46.380001068115234,46.22999954223633,46.2599983215332,17817,0.0,0.0
2024-08-14 10:15:00-04:00,46.279998779296875,46.5,46.27000045776367,46.470001220703125,11239,0.0,0.0
2024-08-14 10:20:00-04:00,46.474998474121094,46.474998474121094,46.380001068115234,46.41999816894531,11764,0.0,0.0
2024-08-14 10:25:00-04:00,46.439998626708984,46.472198486328125,46.380001068115234,46.470001220703125,14118,0.0,0.0
2024-08-14 10:30:00-04:00,46.459999084472656,46.470001220703125,46.119998931884766,46.130001068115234,16452,0.0,0.0
2024-08-14 10:35:00-04:00,46.1150016784668,46.2599983215332,46.11000061035156,46.220001220703125,10842,0.0,0.0
2024-08-14 10:40:00-04:00,46.25,46.349998474121094,46.2400016784668,46.26499938964844,15092,0.0,0.0
2024-08-14 10:45:00-04:00,46.279998779296875,46.33000183105469,46.22999954223633,46.33000183105469,14820,0.0,0.0
2024-08-14 10:50:00-04:00,46.31999969482422,46.349998474121094,46.26499938964844,46.34000015258789,10363,0.0,0.0
2024-08-14 10:55:00-04:00,46.349998474121094,46.439998626708984,46.349998474121094,46.40999984741211,12190,0.0,0.0
2024-08-14 11:00:00-04:00,46.41999816894531,46.439998626708984,46.36000061035156,46.36000061035156,10639,0.0,0.0
2024-08-14 11:05:00-04:00,46.36000061035156,46.369998931884766,46.244998931884766,46.260398864746094,10677,0.0,0.0
2024-08-14 11:10:00-04:00,46.25,46.30500030517578,46.2400016784668,46.2599983215332,7157,0.0,0.0
2024-08-14 11:15:00-04:00,46.25,46.25,46.189998626708984,46.25,17298,0.0,0.0
2024-08-14 11:20:00-04:00,46.27000045776367,46.290000915527344,46.16999816894531,46.26499938964844,60215,0.0,0.0
2024-08-14 11:25:00-04:00,46.25,46.38999938964844,46.220001220703125,46.380001068115234,27592,0.0,0.0
2024-08-14 11:30:00-04:00,46.38999938964844,46.59000015258789,46.38999938964844,46.59000015258789,33946,0.0,0.0
2024-08-14 11:35:00-04:00,46.59000015258789,46.650001525878906,46.58000183105469,46.6349983215332,37337,0.0,0.0
2024-08-14 11:40:00-04:00,46.650001525878906,46.650001525878906,46.5099983215332,46.540000915527344,16948,0.0,0.0
2024-08-14 11:45:00-04:00,46.529998779296875,46.540000915527344,46.36199951171875,46.36199951171875,9446,0.0,0.0
2024-08-14 11:50:00-04:00,46.36000061035156,46.459999084472656,46.349998474121094,46.45500183105469,16772,0.0,0.0
2024-08-14 11:55:00-04:00,46.47999954223633,46.4900016784668,46.43000030517578,46.47999954223633,8536,0.0,0.0
2024-08-14 12:00:00-04:00,46.474998474121094,46.56999969482422,46.43000030517578,46.560001373291016,17096,0.0,0.0
2024-08-14 12:05:00-04:00,46.56999969482422,46.59000015258789,46.47999954223633,46.47999954223633,14503,0.0,0.0
2024-08-14 12:10:00-04:00,46.47999954223633,46.529998779296875,46.47999954223633,46.4818000793457,11373,0.0,0.0
2024-08-14 12:15:00-04:00,46.5,46.52000045776367,46.375,46.38999938964844,7568,0.0,0.0
2024-08-14 12:20:00-04:00,46.400001525878906,46.40999984741211,46.16999816894531,46.189998626708984,12920,0.0,0.0
2024-08-14 12:25:00-04:00,46.18000030517578,46.2599983215332,46.150001525878906,46.2400016784668,8638,0.0,0.0
2024-08-14 12:30:00-04:00,46.22999954223633,46.2400016784668,46.18000030517578,46.2400016784668,11389,0.0,0.0
2024-08-14 12:35:00-04:00,46.2599983215332,46.41999816894531,46.22999954223633,46.400001525878906,20207,0.0,0.0
2024-08-14 12:40:00-04:00,46.41999816894531,46.45000076293945,46.22999954223633,46.25,19486,0.0,0.0
2024-08-14 12:45:00-04:00,46.25,46.345001220703125,46.25,46.29999923706055,6670,0.0,0.0
2024-08-14 12:50:00-04:00,46.3109016418457,46.400001525878906,46.3109016418457,46.400001525878906,7451,0.0,0.0
2024-08-14 12:55:00-04:00,46.400001525878906,46.41999816894531,46.369998931884766,46.369998931884766,16870,0.0,0.0
2024-08-14 13:00:00-04:00,46.36000061035156,46.369998931884766,46.31999969482422,46.36000061035156,6814,0.0,0.0
2024-08-14 13:05:00-04:00,46.349998474121094,46.400001525878906,46.349998474121094,46.380001068115234,15523,0.0,0.0
2024-08-14 13:10:00-04:00,46.380001068115234,46.380001068115234,46.290000915527344,46.290000915527344,9069,0.0,0.0
2024-08-14 13:15:00-04:00,46.279998779296875,46.31999969482422,46.27000045776367,46.31999969482422,9203,0.0,0.0
2024-08-14 13:20:00-04:00,46.29999923706055,46.33000183105469,46.279998779296875,46.310001373291016,12396,0.0,0.0
2024-08-14 13:25:00-04:00,46.31999969482422,46.34000015258789,46.290000915527344,46.33000183105469,13667,0.0,0.0
2024-08-14 13:30:00-04:00,46.3302001953125,46.349998474121094,46.310001373291016,46.33000183105469,10207,0.0,0.0
2024-08-14 13:35:00-04:00,46.34000015258789,46.369998931884766,46.34000015258789,46.34000015258789,10521,0.0,0.0
2024-08-14 13:40:00-04:00,46.335201263427734,46.335201263427734,46.27000045776367,46.310001373291016,12314,0.0,0.0
2024-08-14 13:45:00-04:00,46.310001373291016,46.369998931884766,46.29999923706055,46.36000061035156,11789,0.0,0.0
2024-08-14 13:50:00-04:00,46.36000061035156,46.400001525878906,46.35499954223633,46.400001525878906,9208,0.0,0.0
2024-08-14 13:55:00-04:00,46.39500045776367,46.45000076293945,46.369998931884766,46.38999938964844,44346,0.0,0.0
2024-08-14 14:00:00-04:00,46.38999938964844,46.38999938964844,46.2599983215332,46.2599983215332,14438,0.0,0.0
2024-08-14 14:05:00-04:00,46.27000045776367,46.31999969482422,46.27000045776367,46.29999923706055,14313,0.0,0.0
2024-08-14 14:10:00-04:00,46.29999923706055,46.31999969482422,46.25,46.25,10650,0.0,0.0
2024-08-14 14:15:00-04:00,46.25,46.27000045776367,46.22999954223633,46.25,12456,0.0,0.0
2024-08-14 14:20:00-04:00,46.25,46.34000015258789,46.25,46.33000183105469,9003,0.0,0.0
2024-08-14 14:25:00-04:00,46.349998474121094,46.400001525878906,46.349998474121094,46.400001525878906,9033,0.0,0.0
2024-08-14 14:30:00-04:00,46.400001525878906,46.439998626708984,46.38999938964844,46.400001525878906,11979,0.0,0.0
2024-08-14 14:35:00-04:00,46.40999984741211,46.470001220703125,46.40999984741211,46.459999084472656,7865,0.0,0.0
2024-08-14 14:40:00-04:00,46.459999084472656,46.459999084472656,46.415000915527344,46.45000076293945,10925,0.0,0.0
2024-08-14 14:45:00-04:00,46.45000076293945,46.5,46.45000076293945,46.5,7655,0.0,0.0
2024-08-14 14:50:00-04:00,46.49169921875,46.529998779296875,46.49169921875,46.529998779296875,15680,0.0,0.0
2024-08-14 14:55:00-04:00,46.529998779296875,46.625,46.529998779296875,46.599998474121094,11064,0.0,0.0
2024-08-14 15:00:00-04:00,46.595001220703125,46.630001068115234,46.560001373291016,46.56999969482422,33567,0.0,0.0
2024-08-14 15:05:00-04:00,46.59000015258789,46.61000061035156,46.560001373291016,46.560001373291016,13600,0.0,0.0
2024-08-14 15:10:00-04:00,46.564998626708984,46.564998626708984,46.470001220703125,46.4900016784668,12338,0.0,0.0
2024-08-14 15:15:00-04:00,46.4900016784668,46.55500030517578,46.4900016784668,46.525001525878906,14775,0.0,0.0
2024-08-14 15:20:00-04:00,46.525001525878906,46.540000915527344,46.505001068115234,46.5099983215332,24379,0.0,0.0
2024-08-14 15:25:00-04:00,46.5099983215332,46.5099983215332,46.46500015258789,46.46500015258789,12309,0.0,0.0
2024-08-14 15:30:00-04:00,46.470001220703125,46.61000061035156,46.470001220703125,46.58000183105469,37675,0.0,0.0
2024-08-14 15:35:00-04:00,46.59000015258789,46.6349983215332,46.58000183105469,46.6150016784668,39558,0.0,0.0
2024-08-14 15:40:00-04:00,46.61249923706055,46.64500045776367,46.595001220703125,46.619998931884766,42042,0.0,0.0
2024-08-14 15:45:00-04:00,46.6150016784668,46.65999984741211,46.54999923706055,46.654998779296875,60929,0.0,0.0
2024-08-14 15:50:00-04:00,46.65999984741211,46.81999969482422,46.65999984741211,46.814998626708984,112130,0.0,0.0
2024-08-14 15:55:00-04:00,46.814998626708984,46.90999984741211,46.790000915527344,46.83000183105469,218505,0.0,0.0
2024-08-15 09:30:00-04:00,48.03499984741211,48.15999984741211,47.91999816894531,48.040000915527344,130037,0.0,0.0
2024-08-15 09:35:00-04:00,48.04999923706055,48.63999938964844,48.04999923706055,48.525001525878906,82062,0.0,0.0
2024-08-15 09:40:00-04:00,48.52000045776367,48.619998931884766,48.29999923706055,48.369998931884766,81750,0.0,0.0
2024-08-15 09:45:00-04:00,48.42499923706055,48.45000076293945,48.220001220703125,48.29999923706055,50795,0.0,0.0
2024-08-15 09:50:00-04:00,48.31999969482422,48.400001525878906,48.27000045776367,48.349998474121094,39423,0.0,0.0
2024-08-15 09:55:00-04:00,48.3849983215332,48.45989990234375,48.290000915527344,48.375,37761,0.0,0.0
2024-08-15 10:00:00-04:00,48.400001525878906,48.529998779296875,48.34000015258789,48.380001068115234,111896,0.0,0.0
2024-08-15 10:05:00-04:00,48.36000061035156,48.505001068115234,48.334999084472656,48.470001220703125,45749,0.0,0.0
2024-08-15 10:10:00-04:00,48.45000076293945,48.4900016784668,48.400001525878906,48.474998474121094,27705,0.0,0.0
2024-08-15 10:15:00-04:00,48.4900016784668,48.51499938964844,48.404998779296875,48.51499938964844,43952,0.0,0.0
2024-08-15 10:20:00-04:00,48.529998779296875,48.529998779296875,48.39500045776367,48.43000030517578,45141,0.0,0.0
2024-08-15 10:25:00-04:00,48.43000030517578,48.5,48.41999816894531,48.459999084472656,34172,0.0,0.0
2024-08-15 10:30:00-04:00,48.470001220703125,48.529998779296875,48.459999084472656,48.5099983215332,22778,0.0,0.0
2024-08-15 10:35:00-04:00,48.4900016784668,48.630001068115234,48.47999954223633,48.56999969482422,28756,0.0,0.0
2024-08-15 10:40:00-04:00,48.58000183105469,48.630001068115234,48.51499938964844,48.619998931884766,70307,0.0,0.0
2024-08-15 10:45:00-04:00,48.619998931884766,48.689998626708984,48.560001373291016,48.58000183105469,33949,0.0,0.0
2024-08-15 10:50:00-04:00,48.58000183105469,48.58000183105469,48.404998779296875,48.47999954223633,45797,0.0,0.0
2024-08-15 10:55:00-04:00,48.47999954223633,48.5099983215332,48.439998626708984,48.5,17936,0.0,0.0
2024-08-15 11:00:00-04:00,48.5099983215332,48.560001373291016,48.439998626708984,48.47999954223633,48370,0.0,0.0
2024-08-15 11:05:00-04:00,48.4900016784668,48.599998474121094,48.47999954223633,48.599998474121094,17449,0.0,0.0
2024-08-15 11:10:00-04:00,48.599998474121094,48.61000061035156,48.5099983215332,48.599998474121094,33186,0.0,0.0
2024-08-15 11:15:00-04:00,48.599998474121094,48.654998779296875,48.540000915527344,48.630001068115234,24006,0.0,0.0
2024-08-15 11:20:00-04:00,48.619998931884766,48.650001525878906,48.599998474121094,48.650001525878906,23410,0.0,0.0
2024-08-15 11:25:00-04:00,48.654998779296875,48.7400016784668,48.650001525878906,48.70000076293945,22283,0.0,0.0
2024-08-15 11:30:00-04:00,48.70000076293945,48.709999084472656,48.619998931884766,48.63999938964844,11802,0.0,0.0
2024-08-15 11:35:00-04:00,48.63999938964844,48.65999984741211,48.529998779296875,48.529998779296875,15840,0.0,0.0
2024-08-15 11:40:00-04:00,48.52000045776367,48.564998626708984,48.45000076293945,48.47999954223633,41094,0.0,0.0
2024-08-15 11:45:00-04:00,48.470001220703125,48.58000183105469,48.470001220703125,48.56999969482422,22790,0.0,0.0
2024-08-15 11:50:00-04:00,48.54999923706055,48.65999984741211,48.529998779296875,48.65999984741211,36606,0.0,0.0
2024-08-15 11:55:00-04:00,48.65999984741211,48.70000076293945,48.560001373291016,48.59000015258789,40282,0.0,0.0
2024-08-15 12:00:00-04:00,48.59000015258789,48.779998779296875,48.59000015258789,48.779998779296875,25460,0.0,0.0
2024-08-15 12:05:00-04:00,48.779998779296875,48.779998779296875,48.70000076293945,48.70000076293945,10713,0.0,0.0
2024-08-15 12:10:00-04:00,48.70000076293945,48.709999084472656,48.66999816894531,48.689998626708984,18679,0.0,0.0
2024-08-15 12:15:00-04:00,48.65999984741211,48.779998779296875,48.65999984741211,48.779998779296875,31099,0.0,0.0
2024-08-15 12:20:00-04:00,48.779998779296875,48.84000015258789,48.70000076293945,48.810001373291016,26139,0.0,0.0
2024-08-15 12:25:00-04:00,48.79999923706055,48.83000183105469,48.75,48.76499938964844,16831,0.0,0.0
2024-08-15 12:30:00-04:00,48.76499938964844,48.78929901123047,48.68000030517578,48.72999954223633,31577,0.0,0.0
2024-08-15 12:35:00-04:00,48.72999954223633,48.90999984741211,48.72999954223633,48.90999984741211,22541,0.0,0.0
2024-08-15 12:40:00-04:00,48.90999984741211,48.970001220703125,48.81999969482422,48.93000030517578,21625,0.0,0.0
2024-08-15 12:45:00-04:00,48.91999816894531,48.93000030517578,48.79999923706055,48.86000061035156,35290,0.0,0.0
2024-08-15 12:50:00-04:00,48.849998474121094,48.90999984741211,48.81999969482422,48.869998931884766,15385,0.0,0.0
2024-08-15 12:55:00-04:00,48.849998474121094,48.91999816894531,48.810001373291016,48.90999984741211,23391,0.0,0.0
2024-08-15 13:00:00-04:00,48.90999984741211,48.9900016784668,48.880001068115234,48.97999954223633,37077,0.0,0.0
2024-08-15 13:05:00-04:00,48.97999954223633,49.04999923706055,48.959999084472656,49.0099983215332,64666,0.0,0.0
2024-08-15 13:10:00-04:00,49.02000045776367,49.040000915527344,48.9900016784668,49.0099983215332,14966,0.0,0.0
2024-08-15 13:15:00-04:00,49.0,49.04999923706055,48.95000076293945,48.959999084472656,25669,0.0,0.0
2024-08-15 13:20:00-04:00,48.959999084472656,49.029998779296875,48.95000076293945,48.99980163574219,29305,0.0,0.0
2024-08-15 13:25:00-04:00,49.0,49.099998474121094,49.0,49.04999923706055,19465,0.0,0.0
2024-08-15 13:30:00-04:00,49.060001373291016,49.06999969482422,49.0099983215332,49.03499984741211,20274,0.0,0.0
2024-08-15 13:35:00-04:00,49.040000915527344,49.099998474121094,49.02000045776367,49.084999084472656,20890,0.0,0.0
2024-08-15 13:40:00-04:00,49.08000183105469,49.08000183105469,48.98500061035156,49.040000915527344,23844,0.0,0.0
2024-08-15 13:45:00-04:00,49.04999923706055,49.09000015258789,48.9900016784668,48.9900016784668,15990,0.0,0.0
2024-08-15 13:50:00-04:00,48.9900016784668,49.02000045776367,48.97999954223633,49.02000045776367,17619,0.0,0.0
2024-08-15 13:55:00-04:00,49.02000045776367,49.060001373291016,49.0,49.029998779296875,30522,0.0,0.0
2024-08-15 14:00:00-04:00,49.029998779296875,49.09000015258789,49.0098991394043,49.06999969482422,14829,0.0,0.0
2024-08-15 14:05:00-04:00,49.060001373291016,49.119998931884766,49.060001373291016,49.11000061035156,17328,0.0,0.0
2024-08-15 14:10:00-04:00,49.1150016784668,49.150001525878906,49.09000015258789,49.099998474121094,23262,0.0,0.0
2024-08-15 14:15:00-04:00,49.095001220703125,49.14500045776367,49.08000183105469,49.13999938964844,18091,0.0,0.0
2024-08-15 14:20:00-04:00,49.13999938964844,49.13999938964844,49.0,49.0099983215332,111646,0.0,0.0
2024-08-15 14:25:00-04:00,49.0,49.13999938964844,48.970001220703125,49.060001373291016,42949,0.0,0.0
2024-08-15 14:30:00-04:00,49.09000015258789,49.20000076293945,49.08000183105469,49.15999984741211,36579,0.0,0.0
2024-08-15 14:35:00-04:00,49.15999984741211,49.164398193359375,49.060001373291016,49.099998474121094,28715,0.0,0.0
2024-08-15 14:40:00-04:00,49.11000061035156,49.20000076293945,49.08000183105469,49.18000030517578,45685,0.0,0.0
2024-08-15 14:45:00-04:00,49.16999816894531,49.18000030517578,49.09000015258789,49.099998474121094,41252,0.0,0.0
2024-08-15 14:50:00-04:00,49.099998474121094,49.11000061035156,49.04999923706055,49.06999969482422,41969,0.0,0.0
2024-08-15 14:55:00-04:00,49.060001373291016,49.099998474121094,49.0099983215332,49.02000045776367,32814,0.0,0.0
2024-08-15 15:00:00-04:00,49.0099983215332,49.0099983215332,48.95000076293945,48.974998474121094,16777,0.0,0.0
2024-08-15 15:05:00-04:00,48.970001220703125,49.11000061035156,48.96500015258789,49.06999969482422,37908,0.0,0.0
2024-08-15 15:10:00-04:00,49.07500076293945,49.08000183105469,49.0,49.040000915527344,28932,0.0,0.0
2024-08-15 15:15:00-04:00,49.04999923706055,49.130001068115234,49.029998779296875,49.119998931884766,36774,0.0,0.0
2024-08-15 15:20:00-04:00,49.119998931884766,49.15999984741211,49.08000183105469,49.095001220703125,42478,0.0,0.0
2024-08-15 15:25:00-04:00,49.08000183105469,49.165000915527344,49.08000183105469,49.099998474121094,41353,0.0,0.0
2024-08-15 15:30:00-04:00,49.099998474121094,49.11000061035156,48.93000030517578,48.95000076293945,47373,0.0,0.0
2024-08-15 15:35:00-04:00,48.95000076293945,49.189998626708984,48.91999816894531,49.119998931884766,136394,0.0,0.0
2024-08-15 15:40:00-04:00,49.125,49.1349983215332,49.04999923706055,49.119998931884766,54709,0.0,0.0
2024-08-15 15:45:00-04:00,49.119998931884766,49.119998931884766,48.93000030517578,48.93989944458008,112045,0.0,0.0
2024-08-15 15:50:00-04:00,48.93000030517578,49.064998626708984,48.83000183105469,48.915000915527344,310842,0.0,0.0
2024-08-15 15:55:00-04:00,48.915000915527344,49.02000045776367,48.88999938964844,49.02000045776367,317449,0.0,0.0
2024-08-16 09:30:00-04:00,48.7400016784668,48.84000015258789,48.47999954223633,48.70000076293945,101331,0.0,0.0
2024-08-16 09:35:00-04:00,48.709999084472656,48.79999923706055,48.551700592041016,48.551700592041016,35803,0.0,0.0
2024-08-16 09:40:00-04:00,48.57500076293945,48.66999816894531,48.439998626708984,48.439998626708984,20638,0.0,0.0
2024-08-16 09:45:00-04:00,48.459999084472656,48.81999969482422,48.459999084472656,48.7599983215332,67210,0.0,0.0
2024-08-16 09:50:00-04:00,48.75,48.75,48.5,48.529998779296875,124831,0.0,0.0
2024-08-16 09:55:00-04:00,48.53499984741211,48.58000183105469,48.45000076293945,48.58000183105469,15237,0.0,0.0
2024-08-16 10:00:00-04:00,48.58000183105469,48.63999938964844,48.470001220703125,48.59000015258789,28413,0.0,0.0
2024-08-16 10:05:00-04:00,48.59000015258789,48.61000061035156,48.5,48.529998779296875,19822,0.0,0.0
2024-08-16 10:10:00-04:00,48.52000045776367,48.59000015258789,48.47999954223633,48.56999969482422,38358,0.0,0.0
2024-08-16 10:15:00-04:00,48.564998626708984,48.70000076293945,48.560001373291016,48.59000015258789,22536,0.0,0.0
2024-08-16 10:20:00-04:00,48.59000015258789,48.59000015258789,48.369998931884766,48.43000030517578,21221,0.0,0.0
2024-08-16 10:25:00-04:00,48.43000030517578,48.43000030517578,48.310001373291016,48.345001220703125,26497,0.0,0.0
2024-08-16 10:30:00-04:00,48.349998474121094,48.36000061035156,48.22999954223633,48.279998779296875,54971,0.0,0.0
2024-08-16 10:35:00-04:00,48.27000045776367,48.29499816894531,48.220001220703125,48.2400016784668,44176,0.0,0.0
2024-08-16 10:40:00-04:00,48.2599983215332,48.44499969482422,48.255001068115234,48.38999938964844,163110,0.0,0.0
2024-08-16 10:45:00-04:00,48.400001525878906,48.4900016784668,48.310001373291016,48.349998474121094,93117,0.0,0.0
2024-08-16 10:50:00-04:00,48.369998931884766,48.529998779296875,48.33000183105469,48.45500183105469,60540,0.0,0.0
2024-08-16 10:55:00-04:00,48.459999084472656,48.52000045776367,48.459999084472656,48.47999954223633,32780,0.0,0.0
2024-08-16 11:00:00-04:00,48.48500061035156,48.56999969482422,48.38999938964844,48.560001373291016,67439,0.0,0.0
2024-08-16 11:05:00-04:00,48.56999969482422,48.709999084472656,48.56999969482422,48.599998474121094,120668,0.0,0.0
2024-08-16 11:10:00-04:00,48.60749816894531,48.68000030517578,48.59000015258789,48.66999816894531,36727,0.0,0.0
2024-08-16 11:15:00-04:00,48.66999816894531,48.70000076293945,48.599998474121094,48.626800537109375,30438,0.0,0.0
2024-08-16 11:20:00-04:00,48.619998931884766,48.72999954223633,48.599998474121094,48.720001220703125,47109,0.0,0.0
2024-08-16 11:25:00-04:00,48.720001220703125,48.7599983215332,48.66999816894531,48.68000030517578,25127,0.0,0.0
2024-08-16 11:30:00-04:00,48.66999816894531,48.75,48.630001068115234,48.75,19339,0.0,0.0
2024-08-16 11:35:00-04:00,48.72999954223633,48.849998474121094,48.72999954223633,48.849998474121094,15431,0.0,0.0
2024-08-16 11:40:00-04:00,48.849998474121094,48.93000030517578,48.84000015258789,48.900001525878906,25862,0.0,0.0
2024-08-16 11:45:00-04:00,48.89500045776367,49.0099983215332,48.88999938964844,48.97999954223633,29520,0.0,0.0
2024-08-16 11:50:00-04:00,48.9900016784668,48.9900016784668,48.90999984741211,48.959999084472656,23842,0.0,0.0
2024-08-16 11:55:00-04:00,48.95000076293945,48.959999084472656,48.849998474121094,48.88999938964844,18330,0.0,0.0
2024-08-16 12:00:00-04:00,48.88999938964844,48.97999954223633,48.83000183105469,48.849998474121094,32470,0.0,0.0
2024-08-16 12:05:00-04:00,48.85530090332031,48.93000030517578,48.81999969482422,48.900001525878906,18986,0.0,0.0
2024-08-16 12:10:00-04:00,48.88999938964844,48.95000076293945,48.84000015258789,48.869998931884766,24292,0.0,0.0
2024-08-16 12:15:00-04:00,48.869998931884766,48.90999984741211,48.81999969482422,48.88999938964844,21133,0.0,0.0
2024-08-16 12:20:00-04:00,48.88999938964844,48.93000030517578,48.880001068115234,48.900001525878906,13259,0.0,0.0
2024-08-16 12:25:00-04:00,48.900001525878906,48.93000030517578,48.88999938964844,48.90999984741211,13425,0.0,0.0
2024-08-16 12:30:00-04:00,48.904998779296875,48.97999954223633,48.900001525878906,48.959999084472656,15598,0.0,0.0
2024-08-16 12:35:00-04:00,48.97999954223633,49.02000045776367,48.970001220703125,48.9900016784668,18248,0.0,0.0
2024-08-16 12:40:00-04:00,48.9900016784668,49.0,48.97999954223633,49.0,9531,0.0,0.0
2024-08-16 12:45:00-04:00,49.0,49.0,48.939998626708984,48.98040008544922,8951,0.0,0.0
2024-08-16 12:50:00-04:00,48.97999954223633,49.09000015258789,48.97999954223633,49.09000015258789,20528,0.0,0.0
2024-08-16 12:55:00-04:00,49.09000015258789,49.150001525878906,49.08000183105469,49.11000061035156,19448,0.0,0.0
2024-08-16 13:00:00-04:00,49.11000061035156,49.119998931884766,48.959999084472656,48.970001220703125,14266,0.0,0.0
2024-08-16 13:05:00-04:00,48.970001220703125,48.97999954223633,48.88999938964844,48.93000030517578,20862,0.0,0.0
2024-08-16 13:10:00-04:00,48.95000076293945,48.959999084472656,48.93000030517578,48.94499969482422,5454,0.0,0.0
2024-08-16 13:15:00-04:00,48.95000076293945,49.0,48.95000076293945,48.97999954223633,9739,0.0,0.0
2024-08-16 13:20:00-04:00,48.9900016784668,49.0,48.97999954223633,48.98500061035156,9868,0.0,0.0
2024-08-16 13:25:00-04:00,48.97999954223633,48.9900016784668,48.939998626708984,48.970001220703125,37090,0.0,0.0
2024-08-16 13:30:00-04:00,48.97999954223633,48.97999954223633,48.939998626708984,48.959999084472656,8992,0.0,0.0
2024-08-16 13:35:00-04:00,48.96500015258789,49.005001068115234,48.959999084472656,49.0,15397,0.0,0.0
2024-08-16 13:40:00-04:00,49.0,49.0099983215332,48.95000076293945,48.970001220703125,22472,0.0,0.0
2024-08-16 13:45:00-04:00,48.959999084472656,48.959999084472656,48.900001525878906,48.915000915527344,23901,0.0,0.0
2024-08-16 13:50:00-04:00,48.915000915527344,48.91999816894531,48.8650016784668,48.900001525878906,18471,0.0,0.0
2024-08-16 13:55:00-04:00,48.900001525878906,48.97999954223633,48.900001525878906,48.970001220703125,7548,0.0,0.0
2024-08-16 14:00:00-04:00,48.959999084472656,48.959999084472656,48.900001525878906,48.90999984741211,19207,0.0,0.0
2024-08-16 14:05:00-04:00,48.91999816894531,48.91999816894531,48.88999938964844,48.88999938964844,13113,0.0,0.0
2024-08-16 14:10:00-04:00,48.88999938964844,48.91999816894531,48.88999938964844,48.90999984741211,11369,0.0,0.0
2024-08-16 14:15:00-04:00,48.90999984741211,48.92499923706055,48.900001525878906,48.900001525878906,16358,0.0,0.0
2024-08-16 14:20:00-04:00,48.904998779296875,48.904998779296875,48.83000183105469,48.84000015258789,27826,0.0,0.0
2024-08-16 14:25:00-04:00,48.849998474121094,48.869998931884766,48.82749938964844,48.83000183105469,74479,0.0,0.0
2024-08-16 14:30:00-04:00,48.81999969482422,48.81999969482422,48.75,48.810001373291016,16068,0.0,0.0
2024-08-16 14:35:00-04:00,48.810001373291016,48.880001068115234,48.810001373291016,48.869998931884766,8351,0.0,0.0
2024-08-16 14:40:00-04:00,48.869998931884766,48.93000030517578,48.81999969482422,48.93000030517578,35266,0.0,0.0
2024-08-16 14:45:00-04:00,48.93000030517578,48.93000030517578,48.790000915527344,48.790000915527344,29342,0.0,0.0
2024-08-16 14:50:00-04:00,48.790000915527344,48.810001373291016,48.779998779296875,48.79999923706055,10752,0.0,0.0
2024-08-16 14:55:00-04:00,48.79499816894531,48.904998779296875,48.790000915527344,48.900001525878906,25974,0.0,0.0
2024-08-16 15:00:00-04:00,48.89500045776367,48.90999984741211,48.83000183105469,48.83000183105469,20932,0.0,0.0
2024-08-16 15:05:00-04:00,48.84000015258789,48.900001525878906,48.84000015258789,48.849998474121094,27954,0.0,0.0
2024-08-16 15:10:00-04:00,48.849998474121094,48.869998931884766,48.83000183105469,48.84000015258789,10669,0.0,0.0
2024-08-16 15:15:00-04:00,48.83000183105469,48.849998474121094,48.83000183105469,48.834999084472656,8783,0.0,0.0
2024-08-16 15:20:00-04:00,48.834999084472656,48.86000061035156,48.81999969482422,48.85499954223633,17609,0.0,0.0
2024-08-16 15:25:00-04:00,48.849998474121094,48.880001068115234,48.84000015258789,48.84000015258789,16294,0.0,0.0
2024-08-16 15:30:00-04:00,48.83000183105469,48.84000015258789,48.709999084472656,48.724998474121094,29698,0.0,0.0
2024-08-16 15:35:00-04:00,48.724998474121094,48.810001373291016,48.709999084472656,48.72999954223633,39321,0.0,0.0
2024-08-16 15:40:00-04:00,48.744998931884766,48.7599983215332,48.70500183105469,48.720001220703125,23659,0.0,0.0
2024-08-16 15:45:00-04:00,48.71500015258789,48.83000183105469,48.65999984741211,48.755001068115234,86026,0.0,0.0
2024-08-16 15:50:00-04:00,48.7599983215332,48.79499816894531,48.689998626708984,48.72999954223633,139746,0.0,0.0
2024-08-16 15:55:00-04:00,48.7400016784668,48.77000045776367,48.65129852294922,48.77000045776367,218029,0.0,0.0
