Datetime,Open,High,Low,Close,Volume,Dividends,Stock Splits,Capital Gains
2024-07-03 09:30:00-04:00,28.1200008392334,28.1200008392334,28.1200008392334,28.1200008392334,134,0.0,0.0,0.0
2024-07-03 09:35:00-04:00,28.08099937438965,28.08099937438965,28.079999923706055,28.08009910583496,1750,0.0,0.0,0.0
2024-07-03 09:40:00-04:00,28.110000610351562,28.110000610351562,28.110000610351562,28.110000610351562,1249,0.0,0.0,0.0
2024-07-03 10:05:00-04:00,28.11090087890625,28.11090087890625,28.11090087890625,28.11090087890625,1722,0.0,0.0,0.0
2024-07-03 10:10:00-04:00,28.11009979248047,28.11009979248047,28.11009979248047,28.11009979248047,170,0.0,0.0,0.0
2024-07-03 10:30:00-04:00,28.229999542236328,28.229999542236328,28.229999542236328,28.229999542236328,315,0.0,0.0,0.0
2024-07-03 10:50:00-04:00,28.1299991607666,28.1299991607666,28.1299991607666,28.1299991607666,513,0.0,0.0,0.0
2024-07-03 11:05:00-04:00,28.1299991607666,28.1299991607666,28.1299991607666,28.1299991607666,200,0.0,0.0,0.0
2024-07-03 11:25:00-04:00,28.1200008392334,28.1200008392334,28.1200008392334,28.1200008392334,500,0.0,0.0,0.0
2024-07-03 11:30:00-04:00,28.120100021362305,28.120100021362305,28.120100021362305,28.120100021362305,150,0.0,0.0,0.0
2024-07-03 11:35:00-04:00,28.1299991607666,28.1299991607666,28.1299991607666,28.1299991607666,125,0.0,0.0,0.0
2024-07-03 11:45:00-04:00,28.1299991607666,28.1299991607666,28.125200271606445,28.125200271606445,2111,0.0,0.0,0.0
2024-07-03 12:00:00-04:00,28.1299991607666,28.1299991607666,28.1299991607666,28.1299991607666,137,0.0,0.0,0.0
2024-07-03 12:25:00-04:00,28.139999389648438,28.139999389648438,28.135000228881836,28.139999389648438,2330,0.0,0.0,0.0
2024-07-03 12:30:00-04:00,28.135000228881836,28.135000228881836,28.135000228881836,28.135000228881836,821,0.0,0.0,0.0
2024-07-03 12:55:00-04:00,28.149999618530273,28.149999618530273,28.149999618530273,28.149999618530273,0,0.0,0.0,0.0
2024-07-05 09:30:00-04:00,28.190000534057617,28.190000534057617,28.190000534057617,28.190000534057617,1566,0.0,0.0,0.0
2024-07-05 09:55:00-04:00,28.190000534057617,28.190000534057617,28.170000076293945,28.170000076293945,229,0.0,0.0,0.0
2024-07-05 10:00:00-04:00,28.200000762939453,28.200000762939453,28.198999404907227,28.19969940185547,1998,0.0,0.0,0.0
2024-07-05 10:05:00-04:00,28.200000762939453,28.200000762939453,28.149999618530273,28.149999618530273,3195,0.0,0.0,0.0
2024-07-05 10:15:00-04:00,28.165000915527344,28.18000030517578,28.165000915527344,28.179899215698242,634,0.0,0.0,0.0
2024-07-05 10:20:00-04:00,28.18000030517578,28.18000030517578,28.179899215698242,28.179899215698242,2540,0.0,0.0,0.0
2024-07-05 11:00:00-04:00,28.18000030517578,28.18000030517578,28.18000030517578,28.18000030517578,688,0.0,0.0,0.0
2024-07-05 11:15:00-04:00,28.190000534057617,28.190000534057617,28.190000534057617,28.190000534057617,433,0.0,0.0,0.0
2024-07-05 12:00:00-04:00,28.180099487304688,28.180099487304688,28.180099487304688,28.180099487304688,1281,0.0,0.0,0.0
2024-07-05 12:35:00-04:00,28.19499969482422,28.19499969482422,28.19499969482422,28.19499969482422,122,0.0,0.0,0.0
2024-07-05 13:05:00-04:00,28.200000762939453,28.200000762939453,28.200000762939453,28.200000762939453,1101,0.0,0.0,0.0
2024-07-05 13:30:00-04:00,28.190099716186523,28.190099716186523,28.190099716186523,28.190099716186523,452,0.0,0.0,0.0
2024-07-05 13:40:00-04:00,28.19499969482422,28.19499969482422,28.19499969482422,28.19499969482422,221,0.0,0.0,0.0
2024-07-05 13:50:00-04:00,28.190000534057617,28.190000534057617,28.190000534057617,28.190000534057617,1074,0.0,0.0,0.0
2024-07-05 13:55:00-04:00,28.200000762939453,28.200000762939453,28.182899475097656,28.182899475097656,1454,0.0,0.0,0.0
2024-07-05 14:10:00-04:00,28.190000534057617,28.190000534057617,28.190000534057617,28.190000534057617,406,0.0,0.0,0.0
2024-07-05 14:55:00-04:00,28.19499969482422,28.19499969482422,28.19499969482422,28.19499969482422,235,0.0,0.0,0.0
2024-07-05 15:15:00-04:00,28.199899673461914,28.199899673461914,28.199899673461914,28.199899673461914,440,0.0,0.0,0.0
2024-07-05 15:40:00-04:00,28.190099716186523,28.19499969482422,28.190099716186523,28.19499969482422,418,0.0,0.0,0.0
2024-07-05 15:50:00-04:00,28.200000762939453,28.200000762939453,28.191299438476562,28.191299438476562,485,0.0,0.0,0.0
2024-07-08 09:30:00-04:00,28.170000076293945,28.170000076293945,28.170000076293945,28.170000076293945,0,0.0,0.0,0.0
2024-07-08 09:35:00-04:00,28.18000030517578,28.18000030517578,28.18000030517578,28.18000030517578,533,0.0,0.0,0.0
2024-07-08 09:55:00-04:00,28.21969985961914,28.21969985961914,28.21969985961914,28.21969985961914,2438,0.0,0.0,0.0
2024-07-08 10:25:00-04:00,28.200300216674805,28.209999084472656,28.18000030517578,28.209999084472656,857,0.0,0.0,0.0
2024-07-08 10:30:00-04:00,28.19499969482422,28.19499969482422,28.19499969482422,28.19499969482422,135,0.0,0.0,0.0
2024-07-08 10:35:00-04:00,28.200000762939453,28.200000762939453,28.200000762939453,28.200000762939453,106,0.0,0.0,0.0
2024-07-08 10:45:00-04:00,28.200000762939453,28.200000762939453,28.200000762939453,28.200000762939453,328,0.0,0.0,0.0
2024-07-08 11:00:00-04:00,28.204999923706055,28.204999923706055,28.190000534057617,28.190099716186523,1638,0.0,0.0,0.0
2024-07-08 11:40:00-04:00,28.209999084472656,28.219999313354492,28.20989990234375,28.219999313354492,1927,0.0,0.0,0.0
2024-07-08 11:45:00-04:00,28.209999084472656,28.209999084472656,28.209999084472656,28.209999084472656,229,0.0,0.0,0.0
2024-07-08 11:55:00-04:00,28.200000762939453,28.20009994506836,28.200000762939453,28.200000762939453,1701,0.0,0.0,0.0
2024-07-08 12:00:00-04:00,28.200000762939453,28.200000762939453,28.200000762939453,28.200000762939453,101,0.0,0.0,0.0
2024-07-08 12:15:00-04:00,28.200000762939453,28.200000762939453,28.18000030517578,28.190000534057617,2755,0.0,0.0,0.0
2024-07-08 12:45:00-04:00,28.200000762939453,28.200000762939453,28.190000534057617,28.200000762939453,584,0.0,0.0,0.0
2024-07-08 12:50:00-04:00,28.209999084472656,28.209999084472656,28.200000762939453,28.200000762939453,782,0.0,0.0,0.0
2024-07-08 12:55:00-04:00,28.190000534057617,28.190000534057617,28.190000534057617,28.190000534057617,250,0.0,0.0,0.0
2024-07-08 13:10:00-04:00,28.200000762939453,28.200000762939453,28.200000762939453,28.200000762939453,119,0.0,0.0,0.0
2024-07-08 13:30:00-04:00,28.190099716186523,28.190099716186523,28.190099716186523,28.190099716186523,177,0.0,0.0,0.0
2024-07-08 13:35:00-04:00,28.1924991607666,28.200000762939453,28.1924991607666,28.200000762939453,829,0.0,0.0,0.0
2024-07-08 13:40:00-04:00,28.204999923706055,28.204999923706055,28.204999923706055,28.204999923706055,718,0.0,0.0,0.0
2024-07-08 14:00:00-04:00,28.200000762939453,28.200000762939453,28.200000762939453,28.200000762939453,375,0.0,0.0,0.0
2024-07-08 14:05:00-04:00,28.190099716186523,28.190099716186523,28.190099716186523,28.190099716186523,226,0.0,0.0,0.0
2024-07-08 14:15:00-04:00,28.209999084472656,28.209999084472656,28.20330047607422,28.20330047607422,514,0.0,0.0,0.0
2024-07-08 14:25:00-04:00,28.209999084472656,28.209999084472656,28.209999084472656,28.209999084472656,525,0.0,0.0,0.0
2024-07-08 14:30:00-04:00,28.209999084472656,28.209999084472656,28.209999084472656,28.209999084472656,100,0.0,0.0,0.0
2024-07-08 14:35:00-04:00,28.209999084472656,28.209999084472656,28.204999923706055,28.204999923706055,494,0.0,0.0,0.0
2024-07-08 14:40:00-04:00,28.209999084472656,28.209999084472656,28.209999084472656,28.209999084472656,100,0.0,0.0,0.0
2024-07-08 14:50:00-04:00,28.20009994506836,28.20009994506836,28.20009994506836,28.20009994506836,1897,0.0,0.0,0.0
2024-07-08 15:05:00-04:00,28.209999084472656,28.209999084472656,28.209999084472656,28.209999084472656,174,0.0,0.0,0.0
2024-07-08 15:35:00-04:00,28.209800720214844,28.209999084472656,28.204999923706055,28.204999923706055,746,0.0,0.0,0.0
2024-07-08 15:40:00-04:00,28.209699630737305,28.209699630737305,28.204999923706055,28.204999923706055,0,0.0,0.0,0.0
2024-07-09 09:55:00-04:00,28.200000762939453,28.200000762939453,28.200000762939453,28.200000762939453,590,0.0,0.0,0.0
2024-07-09 10:15:00-04:00,28.200000762939453,28.200000762939453,28.200000762939453,28.200000762939453,226,0.0,0.0,0.0
2024-07-09 10:20:00-04:00,28.200000762939453,28.200000762939453,28.200000762939453,28.200000762939453,264,0.0,0.0,0.0
2024-07-09 10:25:00-04:00,28.209999084472656,28.209999084472656,28.20989990234375,28.20989990234375,374,0.0,0.0,0.0
2024-07-09 10:35:00-04:00,28.209999084472656,28.209999084472656,28.209999084472656,28.209999084472656,100,0.0,0.0,0.0
2024-07-09 10:45:00-04:00,28.202899932861328,28.202899932861328,28.202899932861328,28.202899932861328,1442,0.0,0.0,0.0
2024-07-09 11:05:00-04:00,28.209999084472656,28.209999084472656,28.209999084472656,28.209999084472656,1086,0.0,0.0,0.0
2024-07-09 11:10:00-04:00,28.200000762939453,28.200000762939453,28.200000762939453,28.200000762939453,310,0.0,0.0,0.0
2024-07-09 11:15:00-04:00,28.190000534057617,28.190000534057617,28.190000534057617,28.190000534057617,110,0.0,0.0,0.0
2024-07-09 11:20:00-04:00,28.171499252319336,28.171499252319336,28.171499252319336,28.171499252319336,269,0.0,0.0,0.0
2024-07-09 11:50:00-04:00,28.17609977722168,28.17609977722168,28.17609977722168,28.17609977722168,396,0.0,0.0,0.0
2024-07-09 12:00:00-04:00,28.20989990234375,28.20989990234375,28.20989990234375,28.20989990234375,1290,0.0,0.0,0.0
2024-07-09 12:35:00-04:00,28.200000762939453,28.200000762939453,28.18000030517578,28.18000030517578,1373,0.0,0.0,0.0
2024-07-09 12:55:00-04:00,28.199899673461914,28.199899673461914,28.199899673461914,28.199899673461914,359,0.0,0.0,0.0
2024-07-09 13:05:00-04:00,28.190000534057617,28.190000534057617,28.190000534057617,28.190000534057617,337,0.0,0.0,0.0
2024-07-09 13:10:00-04:00,28.190000534057617,28.209999084472656,28.190000534057617,28.200000762939453,3108,0.0,0.0,0.0
2024-07-09 13:20:00-04:00,28.19499969482422,28.19499969482422,28.18000030517578,28.190000534057617,1602,0.0,0.0,0.0
2024-07-09 13:45:00-04:00,28.199899673461914,28.199899673461914,28.199899673461914,28.199899673461914,175,0.0,0.0,0.0
2024-07-09 13:55:00-04:00,28.200000762939453,28.200000762939453,28.19499969482422,28.19499969482422,1352,0.0,0.0,0.0
2024-07-09 14:10:00-04:00,28.19499969482422,28.19499969482422,28.19499969482422,28.19499969482422,861,0.0,0.0,0.0
2024-07-09 14:20:00-04:00,28.190000534057617,28.190000534057617,28.190000534057617,28.190000534057617,258,0.0,0.0,0.0
2024-07-09 14:55:00-04:00,28.180999755859375,28.180999755859375,28.18000030517578,28.18000030517578,565,0.0,0.0,0.0
2024-07-09 15:10:00-04:00,28.200000762939453,28.200000762939453,28.19499969482422,28.19499969482422,1552,0.0,0.0,0.0
2024-07-09 15:15:00-04:00,28.19499969482422,28.19499969482422,28.19499969482422,28.19499969482422,100,0.0,0.0,0.0
2024-07-09 15:20:00-04:00,28.19499969482422,28.19499969482422,28.18000030517578,28.19219970703125,2801,0.0,0.0,0.0
2024-07-09 15:30:00-04:00,28.200000762939453,28.200000762939453,28.190000534057617,28.190000534057617,1433,0.0,0.0,0.0
2024-07-09 15:45:00-04:00,28.19499969482422,28.19499969482422,28.19499969482422,28.19499969482422,108,0.0,0.0,0.0
2024-07-10 09:30:00-04:00,28.190000534057617,28.190000534057617,28.190000534057617,28.190000534057617,2139,0.0,0.0,0.0
2024-07-10 09:55:00-04:00,28.214799880981445,28.214799880981445,28.214799880981445,28.214799880981445,3256,0.0,0.0,0.0
2024-07-10 10:00:00-04:00,28.21269989013672,28.21269989013672,28.21269989013672,28.21269989013672,947,0.0,0.0,0.0
2024-07-10 10:10:00-04:00,28.2189998626709,28.2189998626709,28.209999084472656,28.209999084472656,200,0.0,0.0,0.0
2024-07-10 10:15:00-04:00,28.209999084472656,28.209999084472656,28.209999084472656,28.209999084472656,2000,0.0,0.0,0.0
2024-07-10 10:35:00-04:00,28.214000701904297,28.219900131225586,28.214000701904297,28.219900131225586,762,0.0,0.0,0.0
2024-07-10 10:50:00-04:00,28.203699111938477,28.209999084472656,28.203699111938477,28.20989990234375,1339,0.0,0.0,0.0
2024-07-10 10:55:00-04:00,28.209999084472656,28.209999084472656,28.20989990234375,28.20989990234375,2000,0.0,0.0,0.0
2024-07-10 11:05:00-04:00,28.20009994506836,28.20009994506836,28.20009994506836,28.20009994506836,700,0.0,0.0,0.0
2024-07-10 11:10:00-04:00,28.200000762939453,28.200000762939453,28.190000534057617,28.190000534057617,517,0.0,0.0,0.0
2024-07-10 11:40:00-04:00,28.200000762939453,28.200000762939453,28.200000762939453,28.200000762939453,521,0.0,0.0,0.0
2024-07-10 11:55:00-04:00,28.204999923706055,28.204999923706055,28.204999923706055,28.204999923706055,121,0.0,0.0,0.0
2024-07-10 12:00:00-04:00,28.20009994506836,28.20009994506836,28.20009994506836,28.20009994506836,1531,0.0,0.0,0.0
2024-07-10 12:30:00-04:00,28.209299087524414,28.209299087524414,28.209299087524414,28.209299087524414,357,0.0,0.0,0.0
2024-07-10 12:35:00-04:00,28.214000701904297,28.214000701904297,28.214000701904297,28.214000701904297,393,0.0,0.0,0.0
2024-07-10 12:45:00-04:00,28.212099075317383,28.212099075317383,28.212099075317383,28.212099075317383,1856,0.0,0.0,0.0
2024-07-10 13:00:00-04:00,28.21500015258789,28.21500015258789,28.21500015258789,28.21500015258789,280,0.0,0.0,0.0
2024-07-10 13:20:00-04:00,28.21500015258789,28.21500015258789,28.21500015258789,28.21500015258789,414,0.0,0.0,0.0
2024-07-10 13:35:00-04:00,28.21500015258789,28.21500015258789,28.21500015258789,28.21500015258789,264,0.0,0.0,0.0
2024-07-10 13:40:00-04:00,28.21500015258789,28.21500015258789,28.21500015258789,28.21500015258789,255,0.0,0.0,0.0
2024-07-10 13:50:00-04:00,28.21500015258789,28.219900131225586,28.21150016784668,28.219900131225586,2353,0.0,0.0,0.0
2024-07-10 14:00:00-04:00,28.219999313354492,28.219999313354492,28.219999313354492,28.219999313354492,266,0.0,0.0,0.0
2024-07-10 14:30:00-04:00,28.21500015258789,28.21500015258789,28.21500015258789,28.21500015258789,155,0.0,0.0,0.0
2024-07-10 14:45:00-04:00,28.219999313354492,28.219999313354492,28.219999313354492,28.219999313354492,327,0.0,0.0,0.0
2024-07-10 14:50:00-04:00,28.219999313354492,28.219999313354492,28.21500015258789,28.21500015258789,2878,0.0,0.0,0.0
2024-07-10 14:55:00-04:00,28.21500015258789,28.21780014038086,28.21500015258789,28.21780014038086,6003,0.0,0.0,0.0
2024-07-10 15:05:00-04:00,28.21500015258789,28.21500015258789,28.21500015258789,28.21500015258789,1086,0.0,0.0,0.0
2024-07-10 15:20:00-04:00,28.209999084472656,28.21500015258789,28.209999084472656,28.21500015258789,2397,0.0,0.0,0.0
2024-07-10 15:45:00-04:00,28.21500015258789,28.225000381469727,28.21500015258789,28.225000381469727,0,0.0,0.0,0.0
2024-07-11 09:30:00-04:00,28.229999542236328,28.239999771118164,28.225000381469727,28.229999542236328,62058,0.0,0.0,0.0
2024-07-11 09:35:00-04:00,28.229999542236328,28.235000610351562,28.225000381469727,28.229999542236328,1501,0.0,0.0,0.0
2024-07-11 09:40:00-04:00,28.229999542236328,28.229999542236328,28.219999313354492,28.229999542236328,1999,0.0,0.0,0.0
2024-07-11 09:45:00-04:00,28.229999542236328,28.229999542236328,28.229999542236328,28.229999542236328,600,0.0,0.0,0.0
2024-07-11 09:50:00-04:00,28.239999771118164,28.239999771118164,28.239999771118164,28.239999771118164,100,0.0,0.0,0.0
2024-07-11 09:55:00-04:00,28.239999771118164,28.239999771118164,28.239999771118164,28.239999771118164,301,0.0,0.0,0.0
2024-07-11 10:00:00-04:00,28.239999771118164,28.2450008392334,28.239999771118164,28.2450008392334,653,0.0,0.0,0.0
2024-07-11 10:10:00-04:00,28.239999771118164,28.239999771118164,28.229999542236328,28.229999542236328,1981,0.0,0.0,0.0
2024-07-11 10:15:00-04:00,28.229999542236328,28.229999542236328,28.229999542236328,28.229999542236328,672,0.0,0.0,0.0
2024-07-11 10:20:00-04:00,28.229999542236328,28.229999542236328,28.219999313354492,28.219999313354492,1870,0.0,0.0,0.0
2024-07-11 10:45:00-04:00,28.21500015258789,28.21500015258789,28.21500015258789,28.21500015258789,187,0.0,0.0,0.0
2024-07-11 11:00:00-04:00,28.210100173950195,28.210100173950195,28.210100173950195,28.210100173950195,235,0.0,0.0,0.0
2024-07-11 11:25:00-04:00,28.209999084472656,28.209999084472656,28.200000762939453,28.209999084472656,1113,0.0,0.0,0.0
2024-07-11 11:45:00-04:00,28.219999313354492,28.219999313354492,28.216999053955078,28.216999053955078,4425,0.0,0.0,0.0
2024-07-11 11:55:00-04:00,28.21500015258789,28.21500015258789,28.21500015258789,28.21500015258789,408,0.0,0.0,0.0
2024-07-11 12:30:00-04:00,28.21109962463379,28.21109962463379,28.21109962463379,28.21109962463379,290,0.0,0.0,0.0
2024-07-11 12:55:00-04:00,28.219999313354492,28.219999313354492,28.21500015258789,28.21500015258789,212,0.0,0.0,0.0
2024-07-11 13:00:00-04:00,28.21500015258789,28.21500015258789,28.21030044555664,28.21030044555664,209,0.0,0.0,0.0
2024-07-11 13:05:00-04:00,28.209999084472656,28.209999084472656,28.209999084472656,28.209999084472656,420,0.0,0.0,0.0
2024-07-11 13:10:00-04:00,28.219900131225586,28.219900131225586,28.219900131225586,28.219900131225586,493,0.0,0.0,0.0
2024-07-11 13:35:00-04:00,28.21500015258789,28.21500015258789,28.210100173950195,28.210100173950195,416,0.0,0.0,0.0
2024-07-11 13:40:00-04:00,28.219999313354492,28.219999313354492,28.219999313354492,28.219999313354492,8537,0.0,0.0,0.0
2024-07-11 13:45:00-04:00,28.21500015258789,28.21500015258789,28.21500015258789,28.21500015258789,239,0.0,0.0,0.0
2024-07-11 13:50:00-04:00,28.209999084472656,28.210100173950195,28.209999084472656,28.210100173950195,292,0.0,0.0,0.0
2024-07-11 13:55:00-04:00,28.21109962463379,28.21500015258789,28.21109962463379,28.21500015258789,1335,0.0,0.0,0.0
2024-07-11 14:10:00-04:00,28.21109962463379,28.21660041809082,28.21109962463379,28.21660041809082,547,0.0,0.0,0.0
2024-07-11 14:30:00-04:00,28.219999313354492,28.219999313354492,28.219999313354492,28.219999313354492,304,0.0,0.0,0.0
2024-07-11 14:35:00-04:00,28.216999053955078,28.216999053955078,28.216999053955078,28.216999053955078,106,0.0,0.0,0.0
2024-07-11 15:00:00-04:00,28.21500015258789,28.21500015258789,28.21500015258789,28.21500015258789,101,0.0,0.0,0.0
2024-07-11 15:10:00-04:00,28.215299606323242,28.215299606323242,28.215299606323242,28.215299606323242,708,0.0,0.0,0.0
2024-07-11 15:15:00-04:00,28.219900131225586,28.219900131225586,28.219900131225586,28.219900131225586,426,0.0,0.0,0.0
2024-07-11 15:30:00-04:00,28.217500686645508,28.217500686645508,28.217500686645508,28.217500686645508,535,0.0,0.0,0.0
2024-07-11 15:50:00-04:00,28.219999313354492,28.219999313354492,28.21500015258789,28.21500015258789,1100,0.0,0.0,0.0
2024-07-11 15:55:00-04:00,28.21500015258789,28.21500015258789,28.21500015258789,28.21500015258789,100,0.0,0.0,0.0
2024-07-12 09:30:00-04:00,28.280000686645508,28.280000686645508,28.280000686645508,28.280000686645508,0,0.0,0.0,0.0
2024-07-12 09:35:00-04:00,28.270000457763672,28.270000457763672,28.270000457763672,28.270000457763672,136,0.0,0.0,0.0
2024-07-12 09:45:00-04:00,28.270000457763672,28.270000457763672,28.270000457763672,28.270000457763672,117,0.0,0.0,0.0
2024-07-12 09:50:00-04:00,28.270000457763672,28.270000457763672,28.260000228881836,28.260000228881836,568,0.0,0.0,0.0
2024-07-12 09:55:00-04:00,28.260000228881836,28.260000228881836,28.260000228881836,28.260000228881836,435,0.0,0.0,0.0
2024-07-12 10:10:00-04:00,28.270000457763672,28.280000686645508,28.270000457763672,28.270000457763672,934,0.0,0.0,0.0
2024-07-12 10:20:00-04:00,28.274999618530273,28.274999618530273,28.260000228881836,28.260000228881836,3913,0.0,0.0,0.0
2024-07-12 10:30:00-04:00,28.274999618530273,28.274999618530273,28.260000228881836,28.260000228881836,1934,0.0,0.0,0.0
2024-07-12 10:40:00-04:00,28.260000228881836,28.260099411010742,28.260000228881836,28.260000228881836,2322,0.0,0.0,0.0
2024-07-12 10:45:00-04:00,28.270000457763672,28.270000457763672,28.270000457763672,28.270000457763672,100,0.0,0.0,0.0
2024-07-12 10:50:00-04:00,28.270000457763672,28.270000457763672,28.270000457763672,28.270000457763672,155,0.0,0.0,0.0
2024-07-12 11:10:00-04:00,28.270000457763672,28.280000686645508,28.270000457763672,28.280000686645508,1531,0.0,0.0,0.0
2024-07-12 11:20:00-04:00,28.280000686645508,28.280000686645508,28.280000686645508,28.280000686645508,215,0.0,0.0,0.0
2024-07-12 11:35:00-04:00,28.270000457763672,28.280000686645508,28.270000457763672,28.280000686645508,572,0.0,0.0,0.0
2024-07-12 11:40:00-04:00,28.272499084472656,28.272499084472656,28.272499084472656,28.272499084472656,1837,0.0,0.0,0.0
2024-07-12 12:10:00-04:00,28.270000457763672,28.270000457763672,28.270000457763672,28.270000457763672,718,0.0,0.0,0.0
2024-07-12 12:40:00-04:00,28.280000686645508,28.280000686645508,28.280000686645508,28.280000686645508,123,0.0,0.0,0.0
2024-07-12 12:45:00-04:00,28.270000457763672,28.280000686645508,28.270000457763672,28.280000686645508,1031,0.0,0.0,0.0
2024-07-12 13:05:00-04:00,28.280000686645508,28.28499984741211,28.280000686645508,28.280099868774414,1427,0.0,0.0,0.0
2024-07-12 13:10:00-04:00,28.290000915527344,28.290000915527344,28.290000915527344,28.290000915527344,305,0.0,0.0,0.0
2024-07-12 13:20:00-04:00,28.28499984741211,28.28499984741211,28.28499984741211,28.28499984741211,636,0.0,0.0,0.0
2024-07-12 13:30:00-04:00,28.290000915527344,28.290000915527344,28.28499984741211,28.28499984741211,1643,0.0,0.0,0.0
2024-07-12 13:40:00-04:00,28.288000106811523,28.288000106811523,28.288000106811523,28.288000106811523,712,0.0,0.0,0.0
2024-07-12 14:00:00-04:00,28.290000915527344,28.290000915527344,28.280000686645508,28.290000915527344,4257,0.0,0.0,0.0
2024-07-12 14:10:00-04:00,28.290000915527344,28.295000076293945,28.290000915527344,28.295000076293945,534,0.0,0.0,0.0
2024-07-12 14:25:00-04:00,28.295000076293945,28.295000076293945,28.295000076293945,28.295000076293945,426,0.0,0.0,0.0
2024-07-12 15:10:00-04:00,28.299800872802734,28.299800872802734,28.295000076293945,28.295000076293945,2708,0.0,0.0,0.0
2024-07-12 15:40:00-04:00,28.290000915527344,28.290000915527344,28.290000915527344,28.290000915527344,100,0.0,0.0,0.0
2024-07-12 15:50:00-04:00,28.270000457763672,28.280000686645508,28.270000457763672,28.280000686645508,217,0.0,0.0,0.0
2024-07-15 09:30:00-04:00,28.299999237060547,28.299999237060547,28.299999237060547,28.299999237060547,0,0.0,0.0,0.0
2024-07-15 09:45:00-04:00,28.295000076293945,28.295000076293945,28.295000076293945,28.295000076293945,171,0.0,0.0,0.0
2024-07-15 10:10:00-04:00,28.30500030517578,28.30500030517578,28.30500030517578,28.30500030517578,1755,0.0,0.0,0.0
2024-07-15 10:25:00-04:00,28.299999237060547,28.299999237060547,28.299999237060547,28.299999237060547,126,0.0,0.0,0.0
2024-07-15 10:45:00-04:00,28.280099868774414,28.299999237060547,28.280099868774414,28.29400062561035,2687,0.0,0.0,0.0
2024-07-15 10:50:00-04:00,28.299999237060547,28.299999237060547,28.299999237060547,28.299999237060547,410,0.0,0.0,0.0
2024-07-15 11:20:00-04:00,28.301000595092773,28.301000595092773,28.290000915527344,28.290000915527344,5041,0.0,0.0,0.0
2024-07-15 11:35:00-04:00,28.290000915527344,28.30500030517578,28.290000915527344,28.30500030517578,574,0.0,0.0,0.0
2024-07-15 12:00:00-04:00,28.30500030517578,28.30500030517578,28.30500030517578,28.30500030517578,260,0.0,0.0,0.0
2024-07-15 12:20:00-04:00,28.30500030517578,28.30500030517578,28.30500030517578,28.30500030517578,176,0.0,0.0,0.0
2024-07-15 12:30:00-04:00,28.30500030517578,28.30500030517578,28.30500030517578,28.30500030517578,530,0.0,0.0,0.0
2024-07-15 12:35:00-04:00,28.299999237060547,28.309999465942383,28.299999237060547,28.309999465942383,453,0.0,0.0,0.0
2024-07-15 12:40:00-04:00,28.299999237060547,28.309499740600586,28.299999237060547,28.299999237060547,1892,0.0,0.0,0.0
2024-07-15 12:55:00-04:00,28.304000854492188,28.304000854492188,28.304000854492188,28.304000854492188,172,0.0,0.0,0.0
2024-07-15 13:10:00-04:00,28.299999237060547,28.299999237060547,28.299999237060547,28.299999237060547,1374,0.0,0.0,0.0
2024-07-15 13:30:00-04:00,28.290000915527344,28.29010009765625,28.280000686645508,28.290000915527344,6046,0.0,0.0,0.0
2024-07-15 13:35:00-04:00,28.295000076293945,28.295000076293945,28.295000076293945,28.295000076293945,248,0.0,0.0,0.0
2024-07-15 13:45:00-04:00,28.309900283813477,28.309900283813477,28.309900283813477,28.309900283813477,152,0.0,0.0,0.0
2024-07-15 14:35:00-04:00,28.299999237060547,28.299999237060547,28.299999237060547,28.299999237060547,800,0.0,0.0,0.0
2024-07-15 14:40:00-04:00,28.299999237060547,28.299999237060547,28.299999237060547,28.299999237060547,226,0.0,0.0,0.0
2024-07-15 15:20:00-04:00,28.280000686645508,28.280099868774414,28.280000686645508,28.280099868774414,1173,0.0,0.0,0.0
2024-07-15 15:40:00-04:00,28.290000915527344,28.299999237060547,28.290000915527344,28.295000076293945,1267,0.0,0.0,0.0
2024-07-15 15:45:00-04:00,28.295000076293945,28.295000076293945,28.295000076293945,28.295000076293945,100,0.0,0.0,0.0
2024-07-15 15:50:00-04:00,28.295000076293945,28.295000076293945,28.295000076293945,28.295000076293945,710,0.0,0.0,0.0
2024-07-15 15:55:00-04:00,28.291000366210938,28.299999237060547,28.291000366210938,28.299999237060547,0,0.0,0.0,0.0
2024-07-16 09:40:00-04:00,28.31999969482422,28.31999969482422,28.31999969482422,28.31999969482422,100,0.0,0.0,0.0
2024-07-16 09:50:00-04:00,28.329999923706055,28.329999923706055,28.309999465942383,28.309999465942383,457,0.0,0.0,0.0
2024-07-16 10:05:00-04:00,28.325000762939453,28.325000762939453,28.309999465942383,28.309999465942383,1548,0.0,0.0,0.0
2024-07-16 10:35:00-04:00,28.320899963378906,28.320899963378906,28.320899963378906,28.320899963378906,573,0.0,0.0,0.0
2024-07-16 10:40:00-04:00,28.329999923706055,28.329999923706055,28.329999923706055,28.329999923706055,550,0.0,0.0,0.0
2024-07-16 10:50:00-04:00,28.329999923706055,28.329999923706055,28.329999923706055,28.329999923706055,750,0.0,0.0,0.0
2024-07-16 10:55:00-04:00,28.329999923706055,28.329999923706055,28.329999923706055,28.329999923706055,1000,0.0,0.0,0.0
2024-07-16 11:00:00-04:00,28.329999923706055,28.329999923706055,28.329999923706055,28.329999923706055,1052,0.0,0.0,0.0
2024-07-16 11:20:00-04:00,28.31999969482422,28.320100784301758,28.31999969482422,28.320100784301758,600,0.0,0.0,0.0
2024-07-16 11:40:00-04:00,28.334999084472656,28.34000015258789,28.31999969482422,28.334999084472656,3176,0.0,0.0,0.0
2024-07-16 11:45:00-04:00,28.34000015258789,28.350000381469727,28.34000015258789,28.34000015258789,4307,0.0,0.0,0.0
2024-07-16 11:50:00-04:00,28.34000015258789,28.34000015258789,28.34000015258789,28.34000015258789,445,0.0,0.0,0.0
2024-07-16 11:55:00-04:00,28.34000015258789,28.34000015258789,28.34000015258789,28.34000015258789,473,0.0,0.0,0.0
2024-07-16 12:05:00-04:00,28.34000015258789,28.34000015258789,28.34000015258789,28.34000015258789,500,0.0,0.0,0.0
2024-07-16 12:20:00-04:00,28.33009910583496,28.33009910583496,28.33009910583496,28.33009910583496,400,0.0,0.0,0.0
2024-07-16 12:25:00-04:00,28.33989906311035,28.33989906311035,28.33989906311035,28.33989906311035,700,0.0,0.0,0.0
2024-07-16 12:35:00-04:00,28.34000015258789,28.34000015258789,28.34000015258789,28.34000015258789,433,0.0,0.0,0.0
2024-07-16 13:10:00-04:00,28.344100952148438,28.344100952148438,28.344100952148438,28.344100952148438,337,0.0,0.0,0.0
2024-07-16 13:25:00-04:00,28.360000610351562,28.360000610351562,28.359899520874023,28.360000610351562,1619,0.0,0.0,0.0
2024-07-16 13:55:00-04:00,28.360000610351562,28.36910057067871,28.360000610351562,28.36910057067871,2100,0.0,0.0,0.0
2024-07-16 14:05:00-04:00,28.360000610351562,28.360000610351562,28.360000610351562,28.360000610351562,137,0.0,0.0,0.0
2024-07-16 14:20:00-04:00,28.360000610351562,28.360000610351562,28.360000610351562,28.360000610351562,400,0.0,0.0,0.0
2024-07-16 14:30:00-04:00,28.350000381469727,28.350099563598633,28.350000381469727,28.350099563598633,209,0.0,0.0,0.0
2024-07-16 14:35:00-04:00,28.352100372314453,28.352100372314453,28.352100372314453,28.352100372314453,169,0.0,0.0,0.0
2024-07-16 14:45:00-04:00,28.360000610351562,28.364999771118164,28.359800338745117,28.364999771118164,925,0.0,0.0,0.0
2024-07-16 14:55:00-04:00,28.360000610351562,28.360000610351562,28.360000610351562,28.360000610351562,200,0.0,0.0,0.0
2024-07-16 15:00:00-04:00,28.364999771118164,28.364999771118164,28.364999771118164,28.364999771118164,100,0.0,0.0,0.0
2024-07-16 15:20:00-04:00,28.364999771118164,28.364999771118164,28.364999771118164,28.364999771118164,642,0.0,0.0,0.0
2024-07-16 15:35:00-04:00,28.360000610351562,28.360000610351562,28.360000610351562,28.360000610351562,127,0.0,0.0,0.0
2024-07-16 15:55:00-04:00,28.364999771118164,28.364999771118164,28.364999771118164,28.364999771118164,0,0.0,0.0,0.0
2024-07-17 09:30:00-04:00,28.31999969482422,28.31999969482422,28.31999969482422,28.31999969482422,239,0.0,0.0,0.0
2024-07-17 09:45:00-04:00,28.344999313354492,28.344999313354492,28.344999313354492,28.344999313354492,159,0.0,0.0,0.0
2024-07-17 09:55:00-04:00,28.340299606323242,28.340299606323242,28.340299606323242,28.340299606323242,305,0.0,0.0,0.0
2024-07-17 10:10:00-04:00,28.350000381469727,28.350000381469727,28.350000381469727,28.350000381469727,166,0.0,0.0,0.0
2024-07-17 10:15:00-04:00,28.34000015258789,28.34950065612793,28.34000015258789,28.340099334716797,466,0.0,0.0,0.0
2024-07-17 10:20:00-04:00,28.350000381469727,28.350000381469727,28.350000381469727,28.350000381469727,214,0.0,0.0,0.0
2024-07-17 10:25:00-04:00,28.34000015258789,28.344999313354492,28.34000015258789,28.344999313354492,3142,0.0,0.0,0.0
2024-07-17 10:40:00-04:00,28.349899291992188,28.349899291992188,28.349899291992188,28.349899291992188,139,0.0,0.0,0.0
2024-07-17 10:45:00-04:00,28.343000411987305,28.343000411987305,28.343000411987305,28.343000411987305,618,0.0,0.0,0.0
2024-07-17 11:00:00-04:00,28.344999313354492,28.344999313354492,28.344999313354492,28.344999313354492,514,0.0,0.0,0.0
2024-07-17 11:45:00-04:00,28.347000122070312,28.347000122070312,28.347000122070312,28.347000122070312,227,0.0,0.0,0.0
2024-07-17 12:30:00-04:00,28.344999313354492,28.344999313354492,28.344999313354492,28.344999313354492,142,0.0,0.0,0.0
2024-07-17 12:35:00-04:00,28.341299057006836,28.349000930786133,28.341299057006836,28.349000930786133,3861,0.0,0.0,0.0
2024-07-17 12:45:00-04:00,28.344999313354492,28.344999313354492,28.344999313354492,28.344999313354492,109,0.0,0.0,0.0
2024-07-17 13:20:00-04:00,28.350000381469727,28.350000381469727,28.34000015258789,28.34000015258789,1676,0.0,0.0,0.0
2024-07-17 14:35:00-04:00,28.34980010986328,28.34980010986328,28.34980010986328,28.34980010986328,225,0.0,0.0,0.0
2024-07-17 15:00:00-04:00,28.344999313354492,28.344999313354492,28.344999313354492,28.344999313354492,118,0.0,0.0,0.0
2024-07-17 15:20:00-04:00,28.354999542236328,28.354999542236328,28.354999542236328,28.354999542236328,202,0.0,0.0,0.0
2024-07-17 15:35:00-04:00,28.354999542236328,28.354999542236328,28.354999542236328,28.354999542236328,575,0.0,0.0,0.0
2024-07-17 15:50:00-04:00,28.354999542236328,28.360000610351562,28.354900360107422,28.354900360107422,0,0.0,0.0,0.0
2024-07-18 09:30:00-04:00,28.3700008392334,28.3700008392334,28.3700008392334,28.3700008392334,1504,0.0,0.0,0.0
2024-07-18 09:40:00-04:00,28.34000015258789,28.34000015258789,28.34000015258789,28.34000015258789,129,0.0,0.0,0.0
2024-07-18 10:00:00-04:00,28.350000381469727,28.350000381469727,28.350000381469727,28.350000381469727,251,0.0,0.0,0.0
2024-07-18 10:05:00-04:00,28.350000381469727,28.350000381469727,28.350000381469727,28.350000381469727,150,0.0,0.0,0.0
2024-07-18 10:10:00-04:00,28.354999542236328,28.360000610351562,28.354999542236328,28.360000610351562,723,0.0,0.0,0.0
2024-07-18 10:15:00-04:00,28.350099563598633,28.350099563598633,28.350099563598633,28.350099563598633,136,0.0,0.0,0.0
2024-07-18 10:20:00-04:00,28.360000610351562,28.360000610351562,28.354999542236328,28.354999542236328,240,0.0,0.0,0.0
2024-07-18 10:25:00-04:00,28.360000610351562,28.360000610351562,28.359899520874023,28.359899520874023,294,0.0,0.0,0.0
2024-07-18 10:30:00-04:00,28.359800338745117,28.359800338745117,28.350000381469727,28.350000381469727,567,0.0,0.0,0.0
2024-07-18 10:50:00-04:00,28.34000015258789,28.34000015258789,28.34000015258789,28.34000015258789,216,0.0,0.0,0.0
2024-07-18 11:30:00-04:00,28.329999923706055,28.329999923706055,28.329999923706055,28.329999923706055,446,0.0,0.0,0.0
2024-07-18 12:10:00-04:00,28.326099395751953,28.326099395751953,28.326099395751953,28.326099395751953,153,0.0,0.0,0.0
2024-07-18 12:30:00-04:00,28.334999084472656,28.334999084472656,28.334999084472656,28.334999084472656,709,0.0,0.0,0.0
2024-07-18 12:50:00-04:00,28.329999923706055,28.329999923706055,28.329999923706055,28.329999923706055,176,0.0,0.0,0.0
2024-07-18 13:05:00-04:00,28.329999923706055,28.329999923706055,28.329999923706055,28.329999923706055,329,0.0,0.0,0.0
2024-07-18 13:15:00-04:00,28.329999923706055,28.329999923706055,28.329999923706055,28.329999923706055,114,0.0,0.0,0.0
2024-07-18 13:30:00-04:00,28.334299087524414,28.334299087524414,28.334299087524414,28.334299087524414,1000,0.0,0.0,0.0
2024-07-18 13:35:00-04:00,28.344999313354492,28.344999313354492,28.344999313354492,28.344999313354492,187,0.0,0.0,0.0
2024-07-18 13:55:00-04:00,28.329999923706055,28.329999923706055,28.329999923706055,28.329999923706055,121,0.0,0.0,0.0
2024-07-18 14:00:00-04:00,28.329999923706055,28.329999923706055,28.329999923706055,28.329999923706055,225,0.0,0.0,0.0
2024-07-18 14:05:00-04:00,28.329999923706055,28.329999923706055,28.329999923706055,28.329999923706055,250,0.0,0.0,0.0
2024-07-18 14:10:00-04:00,28.329999923706055,28.329999923706055,28.329999923706055,28.329999923706055,1929,0.0,0.0,0.0
2024-07-18 14:40:00-04:00,28.329999923706055,28.329999923706055,28.329999923706055,28.329999923706055,672,0.0,0.0,0.0
2024-07-18 15:05:00-04:00,28.31999969482422,28.325000762939453,28.309999465942383,28.309999465942383,578,0.0,0.0,0.0
2024-07-18 15:20:00-04:00,28.31999969482422,28.31999969482422,28.31999969482422,28.31999969482422,250,0.0,0.0,0.0
2024-07-18 15:35:00-04:00,28.31170082092285,28.31999969482422,28.31170082092285,28.31999969482422,1130,0.0,0.0,0.0
2024-07-18 15:40:00-04:00,28.309999465942383,28.318199157714844,28.309999465942383,28.318199157714844,284,0.0,0.0,0.0
2024-07-18 15:55:00-04:00,28.325000762939453,28.325000762939453,28.31999969482422,28.325000762939453,0,0.0,0.0,0.0
2024-07-19 09:55:00-04:00,28.329999923706055,28.329999923706055,28.329999923706055,28.329999923706055,100,0.0,0.0,0.0
2024-07-19 10:00:00-04:00,28.34000015258789,28.34000015258789,28.34000015258789,28.34000015258789,103,0.0,0.0,0.0
2024-07-19 10:10:00-04:00,28.34600067138672,28.34600067138672,28.329999923706055,28.329999923706055,2064,0.0,0.0,0.0
2024-07-19 10:15:00-04:00,28.329999923706055,28.334999084472656,28.329999923706055,28.334999084472656,251,0.0,0.0,0.0
2024-07-19 10:20:00-04:00,28.329999923706055,28.329999923706055,28.329999923706055,28.329999923706055,101,0.0,0.0,0.0
2024-07-19 10:25:00-04:00,28.31999969482422,28.31999969482422,28.31999969482422,28.31999969482422,423,0.0,0.0,0.0
2024-07-19 10:50:00-04:00,28.31999969482422,28.31999969482422,28.31999969482422,28.31999969482422,200,0.0,0.0,0.0
2024-07-19 11:00:00-04:00,28.31999969482422,28.31999969482422,28.31999969482422,28.31999969482422,300,0.0,0.0,0.0
2024-07-19 11:05:00-04:00,28.31999969482422,28.31999969482422,28.31999969482422,28.31999969482422,376,0.0,0.0,0.0
2024-07-19 11:55:00-04:00,28.309799194335938,28.309999465942383,28.309799194335938,28.309999465942383,1867,0.0,0.0,0.0
2024-07-19 12:35:00-04:00,28.309999465942383,28.309999465942383,28.309999465942383,28.309999465942383,101,0.0,0.0,0.0
2024-07-19 12:40:00-04:00,28.309999465942383,28.309999465942383,28.309999465942383,28.309999465942383,111,0.0,0.0,0.0
2024-07-19 12:45:00-04:00,28.299999237060547,28.299999237060547,28.299999237060547,28.299999237060547,100,0.0,0.0,0.0
2024-07-19 12:50:00-04:00,28.309999465942383,28.309999465942383,28.309999465942383,28.309999465942383,353,0.0,0.0,0.0
2024-07-19 13:00:00-04:00,28.299999237060547,28.299999237060547,28.299999237060547,28.299999237060547,901,0.0,0.0,0.0
2024-07-19 13:05:00-04:00,28.299999237060547,28.299999237060547,28.299999237060547,28.299999237060547,2503,0.0,0.0,0.0
2024-07-19 14:00:00-04:00,28.301000595092773,28.305099487304688,28.301000595092773,28.305099487304688,440,0.0,0.0,0.0
2024-07-19 14:35:00-04:00,28.299999237060547,28.299999237060547,28.299999237060547,28.299999237060547,601,0.0,0.0,0.0
2024-07-19 14:45:00-04:00,28.308000564575195,28.308000564575195,28.30500030517578,28.30500030517578,693,0.0,0.0,0.0
2024-07-19 14:55:00-04:00,28.309999465942383,28.309999465942383,28.309900283813477,28.309900283813477,452,0.0,0.0,0.0
2024-07-19 15:05:00-04:00,28.30500030517578,28.309999465942383,28.299999237060547,28.309999465942383,315,0.0,0.0,0.0
2024-07-19 15:15:00-04:00,28.299999237060547,28.300100326538086,28.299999237060547,28.300100326538086,396,0.0,0.0,0.0
2024-07-19 15:45:00-04:00,28.309999465942383,28.315000534057617,28.309999465942383,28.315000534057617,361,0.0,0.0,0.0
2024-07-22 09:30:00-04:00,28.31999969482422,28.31999969482422,28.31999969482422,28.31999969482422,5238,0.0,0.0,0.0
2024-07-22 10:25:00-04:00,28.344999313354492,28.360000610351562,28.344999313354492,28.360000610351562,931,0.0,0.0,0.0
2024-07-22 10:35:00-04:00,28.360000610351562,28.360000610351562,28.360000610351562,28.360000610351562,143,0.0,0.0,0.0
2024-07-22 10:55:00-04:00,28.3700008392334,28.3700008392334,28.3700008392334,28.3700008392334,332,0.0,0.0,0.0
2024-07-22 11:20:00-04:00,28.354999542236328,28.354999542236328,28.354999542236328,28.354999542236328,101,0.0,0.0,0.0
2024-07-22 11:25:00-04:00,28.360000610351562,28.360000610351562,28.360000610351562,28.360000610351562,129,0.0,0.0,0.0
2024-07-22 11:30:00-04:00,28.353900909423828,28.353900909423828,28.350000381469727,28.350000381469727,529,0.0,0.0,0.0
2024-07-22 11:40:00-04:00,28.350000381469727,28.350000381469727,28.34000015258789,28.34000015258789,211,0.0,0.0,0.0
2024-07-22 11:50:00-04:00,28.350000381469727,28.350000381469727,28.350000381469727,28.350000381469727,108,0.0,0.0,0.0
2024-07-22 11:55:00-04:00,28.349899291992188,28.349899291992188,28.349899291992188,28.349899291992188,246,0.0,0.0,0.0
2024-07-22 12:10:00-04:00,28.350000381469727,28.350000381469727,28.350000381469727,28.350000381469727,150,0.0,0.0,0.0
2024-07-22 12:15:00-04:00,28.350000381469727,28.350000381469727,28.34000015258789,28.34000015258789,754,0.0,0.0,0.0
2024-07-22 12:20:00-04:00,28.360000610351562,28.360000610351562,28.354999542236328,28.354999542236328,784,0.0,0.0,0.0
2024-07-22 12:35:00-04:00,28.350000381469727,28.350000381469727,28.350000381469727,28.350000381469727,100,0.0,0.0,0.0
2024-07-22 12:40:00-04:00,28.348100662231445,28.348100662231445,28.348100662231445,28.348100662231445,100,0.0,0.0,0.0
2024-07-22 12:45:00-04:00,28.3700008392334,28.3700008392334,28.36989974975586,28.36989974975586,2380,0.0,0.0,0.0
2024-07-22 12:50:00-04:00,28.3700008392334,28.3700008392334,28.3700008392334,28.3700008392334,170,0.0,0.0,0.0
2024-07-22 13:40:00-04:00,28.3799991607666,28.3799991607666,28.375,28.375,214,0.0,0.0,0.0
2024-07-22 13:55:00-04:00,28.375,28.375,28.375,28.375,165,0.0,0.0,0.0
2024-07-22 14:45:00-04:00,28.350000381469727,28.375,28.350000381469727,28.375,580,0.0,0.0,0.0
2024-07-22 14:50:00-04:00,28.350000381469727,28.3799991607666,28.350000381469727,28.3799991607666,1993,0.0,0.0,0.0
2024-07-22 14:55:00-04:00,28.3799991607666,28.3799991607666,28.3799991607666,28.3799991607666,100,0.0,0.0,0.0
2024-07-22 15:00:00-04:00,28.3700008392334,28.3700008392334,28.3700008392334,28.3700008392334,277,0.0,0.0,0.0
2024-07-22 15:05:00-04:00,28.362699508666992,28.362699508666992,28.362699508666992,28.362699508666992,488,0.0,0.0,0.0
2024-07-22 15:15:00-04:00,28.3700008392334,28.3799991607666,28.3700008392334,28.375,5927,0.0,0.0,0.0
2024-07-22 15:20:00-04:00,28.375,28.375,28.375,28.375,103,0.0,0.0,0.0
2024-07-22 15:25:00-04:00,28.375,28.389999389648438,28.375,28.375,1346,0.0,0.0,0.0
2024-07-22 15:30:00-04:00,28.350099563598633,28.375,28.350099563598633,28.375,3165,0.0,0.0,0.0
2024-07-22 15:40:00-04:00,28.375,28.375,28.375,28.375,700,0.0,0.0,0.0
2024-07-22 15:45:00-04:00,28.3799991607666,28.389999389648438,28.365800857543945,28.365800857543945,991,0.0,0.0,0.0
2024-07-22 15:55:00-04:00,28.39900016784668,28.39900016784668,28.350000381469727,28.350000381469727,0,0.0,0.0,0.0
2024-07-23 09:30:00-04:00,28.33810043334961,28.33810043334961,28.33810043334961,28.33810043334961,154,0.0,0.0,0.0
2024-07-23 09:35:00-04:00,28.329999923706055,28.329999923706055,28.329999923706055,28.329999923706055,1015,0.0,0.0,0.0
2024-07-23 09:45:00-04:00,28.350000381469727,28.350000381469727,28.350000381469727,28.350000381469727,200,0.0,0.0,0.0
2024-07-23 09:50:00-04:00,28.357999801635742,28.360000610351562,28.357999801635742,28.360000610351562,1008,0.0,0.0,0.0
2024-07-23 10:15:00-04:00,28.360000610351562,28.360000610351562,28.360000610351562,28.360000610351562,364,0.0,0.0,0.0
2024-07-23 10:50:00-04:00,28.359899520874023,28.359899520874023,28.359899520874023,28.359899520874023,807,0.0,0.0,0.0
2024-07-23 10:55:00-04:00,28.354999542236328,28.354999542236328,28.354999542236328,28.354999542236328,952,0.0,0.0,0.0
2024-07-23 11:00:00-04:00,28.360000610351562,28.389999389648438,28.360000610351562,28.389999389648438,941,0.0,0.0,0.0
2024-07-23 11:05:00-04:00,28.36009979248047,28.36009979248047,28.36009979248047,28.36009979248047,319,0.0,0.0,0.0
2024-07-23 11:40:00-04:00,28.38990020751953,28.38990020751953,28.38990020751953,28.38990020751953,352,0.0,0.0,0.0
2024-07-23 11:50:00-04:00,28.38990020751953,28.38990020751953,28.388999938964844,28.388999938964844,859,0.0,0.0,0.0
2024-07-23 11:55:00-04:00,28.38920021057129,28.38920021057129,28.38920021057129,28.38920021057129,380,0.0,0.0,0.0
2024-07-23 12:10:00-04:00,28.375,28.375,28.373600006103516,28.373600006103516,1423,0.0,0.0,0.0
2024-07-23 12:15:00-04:00,28.3700008392334,28.3700008392334,28.3700008392334,28.3700008392334,220,0.0,0.0,0.0
2024-07-23 12:20:00-04:00,28.370100021362305,28.370100021362305,28.370100021362305,28.370100021362305,175,0.0,0.0,0.0
2024-07-23 12:25:00-04:00,28.375,28.3799991607666,28.375,28.3799991607666,1932,0.0,0.0,0.0
2024-07-23 12:30:00-04:00,28.370100021362305,28.370100021362305,28.370100021362305,28.370100021362305,170,0.0,0.0,0.0
2024-07-23 12:50:00-04:00,28.3799991607666,28.3799991607666,28.3799991607666,28.3799991607666,292,0.0,0.0,0.0
2024-07-23 13:15:00-04:00,28.370100021362305,28.38610076904297,28.370100021362305,28.38610076904297,600,0.0,0.0,0.0
2024-07-23 13:20:00-04:00,28.3799991607666,28.3799991607666,28.3799991607666,28.3799991607666,592,0.0,0.0,0.0
2024-07-23 13:30:00-04:00,28.3799991607666,28.3799991607666,28.3799991607666,28.3799991607666,360,0.0,0.0,0.0
2024-07-23 13:40:00-04:00,28.375,28.375,28.375,28.375,102,0.0,0.0,0.0
2024-07-23 13:45:00-04:00,28.370100021362305,28.370100021362305,28.370100021362305,28.370100021362305,124,0.0,0.0,0.0
2024-07-23 13:50:00-04:00,28.37190055847168,28.37190055847168,28.37190055847168,28.37190055847168,264,0.0,0.0,0.0
2024-07-23 13:55:00-04:00,28.372100830078125,28.372100830078125,28.372100830078125,28.372100830078125,171,0.0,0.0,0.0
2024-07-23 14:30:00-04:00,28.3799991607666,28.3799991607666,28.379899978637695,28.379899978637695,638,0.0,0.0,0.0
2024-07-23 14:50:00-04:00,28.3799991607666,28.3799991607666,28.379899978637695,28.379899978637695,439,0.0,0.0,0.0
2024-07-23 15:00:00-04:00,28.3700008392334,28.3799991607666,28.3700008392334,28.3799991607666,5459,0.0,0.0,0.0
2024-07-23 15:30:00-04:00,28.3799991607666,28.389999389648438,28.3799991607666,28.389999389648438,21200,0.0,0.0,0.0
2024-07-23 15:55:00-04:00,28.3799991607666,28.3799991607666,28.3700008392334,28.3700008392334,766,0.0,0.0,0.0
2024-07-24 09:30:00-04:00,28.3700008392334,28.3700008392334,28.3700008392334,28.3700008392334,347,0.0,0.0,0.0
2024-07-24 09:45:00-04:00,28.360000610351562,28.360000610351562,28.360000610351562,28.360000610351562,794,0.0,0.0,0.0
2024-07-24 10:05:00-04:00,28.360000610351562,28.360000610351562,28.360000610351562,28.360000610351562,237,0.0,0.0,0.0
2024-07-24 10:10:00-04:00,28.350000381469727,28.350000381469727,28.350000381469727,28.350000381469727,240,0.0,0.0,0.0
2024-07-24 10:25:00-04:00,28.3439998626709,28.3439998626709,28.3439998626709,28.3439998626709,948,0.0,0.0,0.0
2024-07-24 10:45:00-04:00,28.34000015258789,28.34000015258789,28.3356990814209,28.3356990814209,471,0.0,0.0,0.0
2024-07-24 10:50:00-04:00,28.360000610351562,28.360000610351562,28.344999313354492,28.344999313354492,725,0.0,0.0,0.0
2024-07-24 11:00:00-04:00,28.360000610351562,28.360000610351562,28.359899520874023,28.359899520874023,596,0.0,0.0,0.0
2024-07-24 11:35:00-04:00,28.35810089111328,28.360000610351562,28.35099983215332,28.35099983215332,4320,0.0,0.0,0.0
2024-07-24 11:55:00-04:00,28.350099563598633,28.350099563598633,28.350099563598633,28.350099563598633,244,0.0,0.0,0.0
2024-07-24 12:05:00-04:00,28.34000015258789,28.359899520874023,28.34000015258789,28.359899520874023,259,0.0,0.0,0.0
2024-07-24 12:40:00-04:00,28.34000015258789,28.34000015258789,28.34000015258789,28.34000015258789,234,0.0,0.0,0.0
2024-07-24 13:05:00-04:00,28.340099334716797,28.340099334716797,28.340099334716797,28.340099334716797,165,0.0,0.0,0.0
2024-07-24 13:30:00-04:00,28.350000381469727,28.350000381469727,28.350000381469727,28.350000381469727,152,0.0,0.0,0.0
2024-07-24 13:45:00-04:00,28.359100341796875,28.359100341796875,28.359100341796875,28.359100341796875,1482,0.0,0.0,0.0
2024-07-24 14:00:00-04:00,28.34000015258789,28.34000015258789,28.34000015258789,28.34000015258789,264,0.0,0.0,0.0
2024-07-24 14:30:00-04:00,28.350000381469727,28.350000381469727,28.350000381469727,28.350000381469727,0,0.0,0.0,0.0
2024-07-24 14:45:00-04:00,28.344999313354492,28.344999313354492,28.329999923706055,28.329999923706055,12327,0.0,0.0,0.0
2024-07-24 14:50:00-04:00,28.329999923706055,28.329999923706055,28.329999923706055,28.329999923706055,300,0.0,0.0,0.0
2024-07-24 15:20:00-04:00,28.34000015258789,28.34000015258789,28.34000015258789,28.34000015258789,245,0.0,0.0,0.0
2024-07-24 15:35:00-04:00,28.350000381469727,28.350000381469727,28.332500457763672,28.332500457763672,628,0.0,0.0,0.0
2024-07-25 09:30:00-04:00,28.329999923706055,28.329999923706055,28.25,28.274200439453125,33003,0.0,0.0,0.0
2024-07-25 09:40:00-04:00,28.290000915527344,28.290000915527344,28.280000686645508,28.280000686645508,738,0.0,0.0,0.0
2024-07-25 09:45:00-04:00,28.299999237060547,28.299999237060547,28.299999237060547,28.299999237060547,100,0.0,0.0,0.0
2024-07-25 09:50:00-04:00,28.270000457763672,28.270099639892578,28.270000457763672,28.270099639892578,1042,0.0,0.0,0.0
2024-07-25 10:15:00-04:00,28.299999237060547,28.299999237060547,28.290000915527344,28.290000915527344,216,0.0,0.0,0.0
2024-07-25 10:25:00-04:00,28.288000106811523,28.288000106811523,28.288000106811523,28.288000106811523,409,0.0,0.0,0.0
2024-07-25 10:50:00-04:00,28.30500030517578,28.30500030517578,28.30500030517578,28.30500030517578,741,0.0,0.0,0.0
2024-07-25 11:10:00-04:00,28.299999237060547,28.299999237060547,28.299999237060547,28.299999237060547,2364,0.0,0.0,0.0
2024-07-25 11:15:00-04:00,28.31399917602539,28.31399917602539,28.299999237060547,28.299999237060547,374,0.0,0.0,0.0
2024-07-25 11:20:00-04:00,28.31999969482422,28.31999969482422,28.319900512695312,28.319900512695312,4769,0.0,0.0,0.0
2024-07-25 11:35:00-04:00,28.309999465942383,28.309999465942383,28.309999465942383,28.309999465942383,1770,0.0,0.0,0.0
2024-07-25 11:40:00-04:00,28.31999969482422,28.31999969482422,28.31999969482422,28.31999969482422,460,0.0,0.0,0.0
2024-07-25 12:05:00-04:00,28.329999923706055,28.329999923706055,28.31999969482422,28.31999969482422,2464,0.0,0.0,0.0
2024-07-25 12:15:00-04:00,28.31999969482422,28.31999969482422,28.31999969482422,28.31999969482422,993,0.0,0.0,0.0
2024-07-25 12:45:00-04:00,28.34000015258789,28.34000015258789,28.34000015258789,28.34000015258789,289,0.0,0.0,0.0
2024-07-25 12:50:00-04:00,28.31999969482422,28.31999969482422,28.31999969482422,28.31999969482422,509,0.0,0.0,0.0
2024-07-25 13:50:00-04:00,28.315000534057617,28.31999969482422,28.309999465942383,28.31999969482422,2394,0.0,0.0,0.0
2024-07-25 13:55:00-04:00,28.31999969482422,28.31999969482422,28.31999969482422,28.31999969482422,556,0.0,0.0,0.0
2024-07-25 14:40:00-04:00,28.31999969482422,28.31999969482422,28.31999969482422,28.31999969482422,307,0.0,0.0,0.0
2024-07-25 14:45:00-04:00,28.309999465942383,28.315000534057617,28.309999465942383,28.309999465942383,487,0.0,0.0,0.0
2024-07-25 15:35:00-04:00,28.309999465942383,28.309999465942383,28.309900283813477,28.309999465942383,1200,0.0,0.0,0.0
2024-07-25 15:40:00-04:00,28.309999465942383,28.309999465942383,28.309900283813477,28.309900283813477,1367,0.0,0.0,0.0
2024-07-25 15:45:00-04:00,28.299999237060547,28.299999237060547,28.299999237060547,28.299999237060547,189,0.0,0.0,0.0
2024-07-25 15:55:00-04:00,28.280000686645508,28.280000686645508,28.264999389648438,28.280000686645508,0,0.0,0.0,0.0
2024-07-26 09:30:00-04:00,28.350000381469727,28.350000381469727,28.350000381469727,28.350000381469727,352,0.0,0.0,0.0
2024-07-26 10:15:00-04:00,28.350000381469727,28.350000381469727,28.34000015258789,28.34000015258789,968,0.0,0.0,0.0
2024-07-26 10:30:00-04:00,28.344999313354492,28.350000381469727,28.329999923706055,28.349899291992188,6235,0.0,0.0,0.0
2024-07-26 11:15:00-04:00,28.35700035095215,28.35700035095215,28.35700035095215,28.35700035095215,348,0.0,0.0,0.0
2024-07-26 11:35:00-04:00,28.3700008392334,28.3700008392334,28.364700317382812,28.364700317382812,1352,0.0,0.0,0.0
2024-07-26 11:45:00-04:00,28.360000610351562,28.364999771118164,28.360000610351562,28.364999771118164,1590,0.0,0.0,0.0
2024-07-26 12:15:00-04:00,28.3700008392334,28.3799991607666,28.3700008392334,28.3799991607666,550,0.0,0.0,0.0
2024-07-26 12:25:00-04:00,28.375,28.375,28.375,28.375,162,0.0,0.0,0.0
2024-07-26 12:55:00-04:00,28.3799991607666,28.3799991607666,28.370100021362305,28.370100021362305,332,0.0,0.0,0.0
2024-07-26 13:25:00-04:00,28.370100021362305,28.370100021362305,28.370100021362305,28.370100021362305,252,0.0,0.0,0.0
2024-07-26 13:35:00-04:00,28.3700008392334,28.3700008392334,28.3700008392334,28.3700008392334,642,0.0,0.0,0.0
2024-07-26 13:45:00-04:00,28.360000610351562,28.360000610351562,28.360000610351562,28.360000610351562,937,0.0,0.0,0.0
2024-07-26 14:20:00-04:00,28.360000610351562,28.360000610351562,28.360000610351562,28.360000610351562,417,0.0,0.0,0.0
2024-07-26 14:25:00-04:00,28.350099563598633,28.350099563598633,28.350099563598633,28.350099563598633,394,0.0,0.0,0.0
2024-07-26 14:35:00-04:00,28.369699478149414,28.369699478149414,28.369699478149414,28.369699478149414,1451,0.0,0.0,0.0
2024-07-26 14:55:00-04:00,28.3700008392334,28.3700008392334,28.3700008392334,28.3700008392334,2689,0.0,0.0,0.0
2024-07-26 15:10:00-04:00,28.354999542236328,28.354999542236328,28.354999542236328,28.354999542236328,106,0.0,0.0,0.0
2024-07-29 09:30:00-04:00,28.329999923706055,28.329999923706055,28.329999923706055,28.329999923706055,0,0.0,0.0,0.0
2024-07-29 10:20:00-04:00,28.350000381469727,28.3799991607666,28.350000381469727,28.3799991607666,2815,0.0,0.0,0.0
2024-07-29 10:25:00-04:00,28.36009979248047,28.36009979248047,28.36009979248047,28.36009979248047,437,0.0,0.0,0.0
2024-07-29 10:30:00-04:00,28.36669921875,28.36669921875,28.36669921875,28.36669921875,791,0.0,0.0,0.0
2024-07-29 10:35:00-04:00,28.360000610351562,28.360000610351562,28.360000610351562,28.360000610351562,200,0.0,0.0,0.0
2024-07-29 10:40:00-04:00,28.351999282836914,28.351999282836914,28.351999282836914,28.351999282836914,193,0.0,0.0,0.0
2024-07-29 10:45:00-04:00,28.354000091552734,28.360000610351562,28.345699310302734,28.345699310302734,1025,0.0,0.0,0.0
2024-07-29 10:50:00-04:00,28.360000610351562,28.360000610351562,28.359899520874023,28.359899520874023,279,0.0,0.0,0.0
2024-07-29 10:55:00-04:00,28.360000610351562,28.360000610351562,28.360000610351562,28.360000610351562,199,0.0,0.0,0.0
2024-07-29 11:10:00-04:00,28.350000381469727,28.350000381469727,28.344999313354492,28.344999313354492,480,0.0,0.0,0.0
2024-07-29 11:25:00-04:00,28.360000610351562,28.360000610351562,28.360000610351562,28.360000610351562,210,0.0,0.0,0.0
2024-07-29 11:45:00-04:00,28.350000381469727,28.350000381469727,28.350000381469727,28.350000381469727,1200,0.0,0.0,0.0
2024-07-29 11:50:00-04:00,28.360000610351562,28.360000610351562,28.360000610351562,28.360000610351562,496,0.0,0.0,0.0
2024-07-29 12:40:00-04:00,28.350099563598633,28.350099563598633,28.350099563598633,28.350099563598633,1200,0.0,0.0,0.0
2024-07-29 12:45:00-04:00,28.360000610351562,28.360000610351562,28.350000381469727,28.350000381469727,788,0.0,0.0,0.0
2024-07-29 13:10:00-04:00,28.360000610351562,28.360000610351562,28.354999542236328,28.354999542236328,408,0.0,0.0,0.0
2024-07-29 13:15:00-04:00,28.360000610351562,28.360000610351562,28.354999542236328,28.356599807739258,2053,0.0,0.0,0.0
2024-07-29 13:30:00-04:00,28.358999252319336,28.358999252319336,28.350000381469727,28.350099563598633,844,0.0,0.0,0.0
2024-07-29 13:35:00-04:00,28.360000610351562,28.360000610351562,28.354999542236328,28.354999542236328,4577,0.0,0.0,0.0
2024-07-29 13:40:00-04:00,28.354999542236328,28.354999542236328,28.354999542236328,28.354999542236328,625,0.0,0.0,0.0
2024-07-29 13:50:00-04:00,28.350000381469727,28.350099563598633,28.350000381469727,28.350099563598633,310,0.0,0.0,0.0
2024-07-29 14:05:00-04:00,28.360000610351562,28.360000610351562,28.360000610351562,28.360000610351562,375,0.0,0.0,0.0
2024-07-29 14:10:00-04:00,28.354999542236328,28.354999542236328,28.354999542236328,28.354999542236328,194,0.0,0.0,0.0
2024-07-29 14:15:00-04:00,28.350000381469727,28.350000381469727,28.350000381469727,28.350000381469727,290,0.0,0.0,0.0
2024-07-29 14:25:00-04:00,28.350000381469727,28.350000381469727,28.349899291992188,28.349899291992188,1635,0.0,0.0,0.0
2024-07-29 14:50:00-04:00,28.33799934387207,28.33799934387207,28.33799934387207,28.33799934387207,225,0.0,0.0,0.0
2024-07-29 15:10:00-04:00,28.337499618530273,28.360000610351562,28.337499618530273,28.360000610351562,1454,0.0,0.0,0.0
2024-07-29 15:25:00-04:00,28.360000610351562,28.360000610351562,28.351499557495117,28.351499557495117,509,0.0,0.0,0.0
2024-07-29 15:40:00-04:00,28.354999542236328,28.360000610351562,28.354999542236328,28.359899520874023,602,0.0,0.0,0.0
2024-07-29 15:45:00-04:00,28.354999542236328,28.360000610351562,28.354999542236328,28.35849952697754,3565,0.0,0.0,0.0
2024-07-29 15:55:00-04:00,28.354999542236328,28.360000610351562,28.354999542236328,28.360000610351562,1068,0.0,0.0,0.0
2024-07-30 09:30:00-04:00,28.399999618530273,28.399999618530273,28.399999618530273,28.399999618530273,0,0.0,0.0,0.0
2024-07-30 09:35:00-04:00,28.375,28.375,28.375,28.375,208,0.0,0.0,0.0
2024-07-30 09:40:00-04:00,28.375,28.375,28.375,28.375,213,0.0,0.0,0.0
2024-07-30 10:00:00-04:00,28.360000610351562,28.360000610351562,28.360000610351562,28.360000610351562,176,0.0,0.0,0.0
2024-07-30 10:05:00-04:00,28.360000610351562,28.360000610351562,28.360000610351562,28.360000610351562,345,0.0,0.0,0.0
2024-07-30 10:20:00-04:00,28.350000381469727,28.350000381469727,28.350000381469727,28.350000381469727,420,0.0,0.0,0.0
2024-07-30 10:30:00-04:00,28.329999923706055,28.329999923706055,28.329999923706055,28.329999923706055,263,0.0,0.0,0.0
2024-07-30 10:45:00-04:00,28.344999313354492,28.344999313354492,28.344999313354492,28.344999313354492,789,0.0,0.0,0.0
2024-07-30 10:55:00-04:00,28.358600616455078,28.358600616455078,28.358600616455078,28.358600616455078,177,0.0,0.0,0.0
2024-07-30 11:00:00-04:00,28.350000381469727,28.350000381469727,28.334999084472656,28.334999084472656,901,0.0,0.0,0.0
2024-07-30 11:05:00-04:00,28.334999084472656,28.334999084472656,28.334999084472656,28.334999084472656,203,0.0,0.0,0.0
2024-07-30 11:10:00-04:00,28.34000015258789,28.34000015258789,28.34000015258789,28.34000015258789,200,0.0,0.0,0.0
2024-07-30 11:15:00-04:00,28.34000015258789,28.34000015258789,28.34000015258789,28.34000015258789,529,0.0,0.0,0.0
2024-07-30 11:40:00-04:00,28.336000442504883,28.336000442504883,28.336000442504883,28.336000442504883,1039,0.0,0.0,0.0
2024-07-30 12:25:00-04:00,28.328899383544922,28.350000381469727,28.325199127197266,28.350000381469727,1125,0.0,0.0,0.0
2024-07-30 12:30:00-04:00,28.334999084472656,28.334999084472656,28.334999084472656,28.334999084472656,3516,0.0,0.0,0.0
2024-07-30 12:45:00-04:00,28.33989906311035,28.33989906311035,28.33989906311035,28.33989906311035,6027,0.0,0.0,0.0
2024-07-30 12:55:00-04:00,28.316299438476562,28.316299438476562,28.316299438476562,28.316299438476562,1273,0.0,0.0,0.0
2024-07-30 13:05:00-04:00,28.329999923706055,28.329999923706055,28.329999923706055,28.329999923706055,700,0.0,0.0,0.0
2024-07-30 13:10:00-04:00,28.334999084472656,28.334999084472656,28.334999084472656,28.334999084472656,106,0.0,0.0,0.0
2024-07-30 13:15:00-04:00,28.334999084472656,28.336700439453125,28.334999084472656,28.336700439453125,298,0.0,0.0,0.0
2024-07-30 13:30:00-04:00,28.34000015258789,28.34000015258789,28.334999084472656,28.334999084472656,505,0.0,0.0,0.0
2024-07-30 13:35:00-04:00,28.34000015258789,28.34000015258789,28.34000015258789,28.34000015258789,1204,0.0,0.0,0.0
2024-07-30 13:40:00-04:00,28.34000015258789,28.34000015258789,28.34000015258789,28.34000015258789,180,0.0,0.0,0.0
2024-07-30 13:45:00-04:00,28.34000015258789,28.34000015258789,28.34000015258789,28.34000015258789,1139,0.0,0.0,0.0
2024-07-30 13:55:00-04:00,28.340099334716797,28.340099334716797,28.340099334716797,28.340099334716797,130,0.0,0.0,0.0
2024-07-30 14:25:00-04:00,28.354999542236328,28.354999542236328,28.350000381469727,28.350000381469727,868,0.0,0.0,0.0
2024-07-30 15:05:00-04:00,28.34000015258789,28.34000015258789,28.34000015258789,28.34000015258789,535,0.0,0.0,0.0
2024-07-30 15:10:00-04:00,28.336999893188477,28.336999893188477,28.336999893188477,28.336999893188477,176,0.0,0.0,0.0
2024-07-30 15:25:00-04:00,28.349899291992188,28.350000381469727,28.34000015258789,28.344999313354492,5899,0.0,0.0,0.0
2024-07-30 15:35:00-04:00,28.350000381469727,28.350000381469727,28.34269905090332,28.34269905090332,1313,0.0,0.0,0.0
2024-07-30 15:45:00-04:00,28.350000381469727,28.350000381469727,28.350000381469727,28.350000381469727,100,0.0,0.0,0.0
2024-07-30 15:55:00-04:00,28.360000610351562,28.364999771118164,28.360000610351562,28.360000610351562,957,0.0,0.0,0.0
2024-07-31 10:30:00-04:00,28.400100708007812,28.40999984741211,28.400100708007812,28.40999984741211,6031,0.0,0.0,0.0
2024-07-31 10:40:00-04:00,28.387300491333008,28.39900016784668,28.387300491333008,28.390499114990234,2477,0.0,0.0,0.0
2024-07-31 10:50:00-04:00,28.389999389648438,28.389999389648438,28.386999130249023,28.386999130249023,1466,0.0,0.0,0.0
2024-07-31 11:10:00-04:00,28.3799991607666,28.3799991607666,28.3799991607666,28.3799991607666,6051,0.0,0.0,0.0
2024-07-31 11:25:00-04:00,28.389999389648438,28.389999389648438,28.389999389648438,28.389999389648438,253,0.0,0.0,0.0
2024-07-31 11:35:00-04:00,28.389400482177734,28.389400482177734,28.389400482177734,28.389400482177734,658,0.0,0.0,0.0
2024-07-31 11:45:00-04:00,28.389999389648438,28.389999389648438,28.370100021362305,28.370100021362305,616,0.0,0.0,0.0
2024-07-31 11:50:00-04:00,28.389999389648438,28.389999389648438,28.389999389648438,28.389999389648438,797,0.0,0.0,0.0
2024-07-31 12:00:00-04:00,28.372499465942383,28.372499465942383,28.372499465942383,28.372499465942383,180,0.0,0.0,0.0
2024-07-31 12:05:00-04:00,28.372499465942383,28.39900016784668,28.372499465942383,28.38990020751953,1304,0.0,0.0,0.0
2024-07-31 12:10:00-04:00,28.399999618530273,28.399999618530273,28.399900436401367,28.399900436401367,1907,0.0,0.0,0.0
2024-07-31 12:35:00-04:00,28.399999618530273,28.399999618530273,28.399999618530273,28.399999618530273,2208,0.0,0.0,0.0
2024-07-31 13:10:00-04:00,28.395000457763672,28.395000457763672,28.395000457763672,28.395000457763672,253,0.0,0.0,0.0
2024-07-31 13:25:00-04:00,28.387300491333008,28.389999389648438,28.387300491333008,28.389999389648438,1013,0.0,0.0,0.0
2024-07-31 13:30:00-04:00,28.3799991607666,28.3799991607666,28.3799991607666,28.3799991607666,105,0.0,0.0,0.0
2024-07-31 13:45:00-04:00,28.389999389648438,28.389999389648438,28.389999389648438,28.389999389648438,102,0.0,0.0,0.0
2024-07-31 13:50:00-04:00,28.3799991607666,28.395000457763672,28.3799991607666,28.389999389648438,928,0.0,0.0,0.0
2024-07-31 14:10:00-04:00,28.395000457763672,28.395000457763672,28.395000457763672,28.395000457763672,1067,0.0,0.0,0.0
2024-07-31 14:20:00-04:00,28.389999389648438,28.389999389648438,28.389999389648438,28.389999389648438,313,0.0,0.0,0.0
2024-07-31 14:40:00-04:00,28.395000457763672,28.395000457763672,28.395000457763672,28.395000457763672,200,0.0,0.0,0.0
2024-07-31 14:45:00-04:00,28.395000457763672,28.399999618530273,28.395000457763672,28.399999618530273,5138,0.0,0.0,0.0
2024-07-31 15:05:00-04:00,28.399999618530273,28.420000076293945,28.399999618530273,28.415000915527344,1784,0.0,0.0,0.0
2024-07-31 15:15:00-04:00,28.419300079345703,28.429899215698242,28.40999984741211,28.429899215698242,1617,0.0,0.0,0.0
2024-07-31 15:40:00-04:00,28.393299102783203,28.393299102783203,28.393299102783203,28.393299102783203,100,0.0,0.0,0.0
2024-07-31 15:45:00-04:00,28.40999984741211,28.40999984741211,28.399999618530273,28.399999618530273,220,0.0,0.0,0.0
2024-07-31 15:55:00-04:00,28.420000076293945,28.420000076293945,28.41990089416504,28.420000076293945,965,0.0,0.0,0.0
2024-08-01 09:30:00-04:00,28.209999084472656,28.209999084472656,28.209999084472656,28.209999084472656,0,0.0,0.0,0.0
2024-08-01 09:55:00-04:00,28.260000228881836,28.260000228881836,28.260000228881836,28.260000228881836,260,0.0,0.0,0.0
2024-08-01 10:15:00-04:00,28.25,28.25,28.239999771118164,28.239999771118164,1407,0.0,0.0,0.0
2024-08-01 10:30:00-04:00,28.239999771118164,28.239999771118164,28.239999771118164,28.239999771118164,875,0.0,0.0,0.0
2024-08-01 10:40:00-04:00,28.225000381469727,28.225000381469727,28.225000381469727,28.225000381469727,117,0.0,0.0,0.0
2024-08-01 10:45:00-04:00,28.200000762939453,28.219999313354492,28.200000762939453,28.219999313354492,494,0.0,0.0,0.0
2024-08-01 10:50:00-04:00,28.219999313354492,28.219999313354492,28.219999313354492,28.219999313354492,403,0.0,0.0,0.0
2024-08-01 11:10:00-04:00,28.21500015258789,28.21500015258789,28.21500015258789,28.21500015258789,109,0.0,0.0,0.0
2024-08-01 11:20:00-04:00,28.21500015258789,28.21500015258789,28.21500015258789,28.21500015258789,1500,0.0,0.0,0.0
2024-08-01 11:25:00-04:00,28.21500015258789,28.21500015258789,28.203899383544922,28.203899383544922,686,0.0,0.0,0.0
2024-08-01 11:30:00-04:00,28.200000762939453,28.20009994506836,28.19099998474121,28.19099998474121,2117,0.0,0.0,0.0
2024-08-01 11:35:00-04:00,28.209999084472656,28.209999084472656,28.209999084472656,28.209999084472656,180,0.0,0.0,0.0
2024-08-01 11:55:00-04:00,28.209999084472656,28.209999084472656,28.209999084472656,28.209999084472656,1973,0.0,0.0,0.0
2024-08-01 12:00:00-04:00,28.200000762939453,28.200000762939453,28.200000762939453,28.200000762939453,104,0.0,0.0,0.0
2024-08-01 12:05:00-04:00,28.190099716186523,28.190099716186523,28.190099716186523,28.190099716186523,103,0.0,0.0,0.0
2024-08-01 12:15:00-04:00,28.219999313354492,28.219999313354492,28.21500015258789,28.21500015258789,803,0.0,0.0,0.0
2024-08-01 12:20:00-04:00,28.21500015258789,28.21500015258789,28.21500015258789,28.21500015258789,6141,0.0,0.0,0.0
2024-08-01 12:50:00-04:00,28.209999084472656,28.209999084472656,28.20989990234375,28.20989990234375,525,0.0,0.0,0.0
2024-08-01 13:10:00-04:00,28.190000534057617,28.190099716186523,28.190000534057617,28.190099716186523,544,0.0,0.0,0.0
2024-08-01 13:30:00-04:00,28.200000762939453,28.200000762939453,28.200000762939453,28.200000762939453,2571,0.0,0.0,0.0
2024-08-01 14:00:00-04:00,28.200000762939453,28.200000762939453,28.200000762939453,28.200000762939453,178,0.0,0.0,0.0
2024-08-01 14:10:00-04:00,28.209299087524414,28.209299087524414,28.200000762939453,28.200000762939453,875,0.0,0.0,0.0
2024-08-01 14:25:00-04:00,28.190000534057617,28.190099716186523,28.190000534057617,28.190099716186523,203,0.0,0.0,0.0
2024-08-01 14:35:00-04:00,28.190000534057617,28.190000534057617,28.190000534057617,28.190000534057617,575,0.0,0.0,0.0
2024-08-01 15:05:00-04:00,28.19499969482422,28.19499969482422,28.19499969482422,28.19499969482422,161,0.0,0.0,0.0
2024-08-01 15:10:00-04:00,28.190000534057617,28.190000534057617,28.190000534057617,28.190000534057617,395,0.0,0.0,0.0
2024-08-01 15:20:00-04:00,28.17009925842285,28.17009925842285,28.17009925842285,28.17009925842285,220,0.0,0.0,0.0
2024-08-01 15:25:00-04:00,28.190000534057617,28.190000534057617,28.190000534057617,28.190000534057617,1511,0.0,0.0,0.0
2024-08-01 15:35:00-04:00,28.1968994140625,28.200000762939453,28.1968994140625,28.200000762939453,2802,0.0,0.0,0.0
2024-08-01 15:40:00-04:00,28.19499969482422,28.19499969482422,28.19499969482422,28.19499969482422,838,0.0,0.0,0.0
2024-08-01 15:45:00-04:00,28.17289924621582,28.17289924621582,28.17289924621582,28.17289924621582,371,0.0,0.0,0.0
2024-08-01 15:50:00-04:00,28.219999313354492,28.219999313354492,28.200000762939453,28.200000762939453,440,0.0,0.0,0.0
2024-08-01 15:55:00-04:00,28.18000030517578,28.204999923706055,28.18000030517578,28.204999923706055,2334,0.0,0.0,0.0
2024-08-02 09:30:00-04:00,28.1200008392334,28.1299991607666,28.1200008392334,28.1299991607666,1393,0.0,0.0,0.0
2024-08-02 09:40:00-04:00,28.149999618530273,28.149999618530273,28.149999618530273,28.149999618530273,695,0.0,0.0,0.0
2024-08-02 09:45:00-04:00,28.11009979248047,28.11009979248047,28.11009979248047,28.11009979248047,878,0.0,0.0,0.0
2024-08-02 10:00:00-04:00,28.1200008392334,28.1299991607666,28.1200008392334,28.1299991607666,324,0.0,0.0,0.0
2024-08-02 10:05:00-04:00,28.09040069580078,28.09040069580078,28.09040069580078,28.09040069580078,1004,0.0,0.0,0.0
2024-08-02 10:15:00-04:00,28.110000610351562,28.129899978637695,28.110000610351562,28.129899978637695,326,0.0,0.0,0.0
2024-08-02 10:35:00-04:00,28.11750030517578,28.11750030517578,28.11750030517578,28.11750030517578,417,0.0,0.0,0.0
2024-08-02 11:00:00-04:00,28.116600036621094,28.116600036621094,28.116600036621094,28.116600036621094,292,0.0,0.0,0.0
2024-08-02 12:20:00-04:00,28.1200008392334,28.1200008392334,28.1200008392334,28.1200008392334,175,0.0,0.0,0.0
2024-08-02 12:25:00-04:00,28.129899978637695,28.129899978637695,28.122900009155273,28.122900009155273,4205,0.0,0.0,0.0
2024-08-02 12:35:00-04:00,28.129899978637695,28.129899978637695,28.129899978637695,28.129899978637695,150,0.0,0.0,0.0
2024-08-02 12:45:00-04:00,28.1200008392334,28.1200008392334,28.1200008392334,28.1200008392334,233,0.0,0.0,0.0
2024-08-02 13:15:00-04:00,28.121999740600586,28.121999740600586,28.121999740600586,28.121999740600586,132,0.0,0.0,0.0
2024-08-02 13:20:00-04:00,28.1200008392334,28.1200008392334,28.1200008392334,28.1200008392334,816,0.0,0.0,0.0
2024-08-02 13:35:00-04:00,28.1200008392334,28.1200008392334,28.11989974975586,28.11989974975586,2000,0.0,0.0,0.0
2024-08-02 13:45:00-04:00,28.125900268554688,28.125900268554688,28.125900268554688,28.125900268554688,196,0.0,0.0,0.0
2024-08-02 13:50:00-04:00,28.110000610351562,28.11009979248047,28.110000610351562,28.11009979248047,364,0.0,0.0,0.0
2024-08-02 14:00:00-04:00,28.110000610351562,28.110000610351562,28.110000610351562,28.110000610351562,300,0.0,0.0,0.0
2024-08-02 14:05:00-04:00,28.110000610351562,28.110000610351562,28.110000610351562,28.110000610351562,233,0.0,0.0,0.0
2024-08-02 14:10:00-04:00,28.121000289916992,28.121000289916992,28.121000289916992,28.121000289916992,116,0.0,0.0,0.0
2024-08-02 14:15:00-04:00,28.114999771118164,28.114999771118164,28.110000610351562,28.110000610351562,600,0.0,0.0,0.0
2024-08-02 14:20:00-04:00,28.110000610351562,28.110000610351562,28.110000610351562,28.110000610351562,211,0.0,0.0,0.0
2024-08-02 14:30:00-04:00,28.1200008392334,28.1200008392334,28.11039924621582,28.11039924621582,1107,0.0,0.0,0.0
2024-08-02 14:45:00-04:00,28.1117000579834,28.125,28.1117000579834,28.125,5100,0.0,0.0,0.0
2024-08-02 14:50:00-04:00,28.1299991607666,28.1299991607666,28.1299991607666,28.1299991607666,435,0.0,0.0,0.0
2024-08-02 15:05:00-04:00,28.125,28.125,28.125,28.125,250,0.0,0.0,0.0
2024-08-02 15:25:00-04:00,28.1200008392334,28.1200008392334,28.1200008392334,28.1200008392334,502,0.0,0.0,0.0
2024-08-02 15:45:00-04:00,28.1200008392334,28.1200008392334,28.1200008392334,28.1200008392334,102,0.0,0.0,0.0
2024-08-02 15:50:00-04:00,28.110000610351562,28.110000610351562,28.100000381469727,28.100000381469727,4782,0.0,0.0,0.0
2024-08-02 15:55:00-04:00,28.100000381469727,28.100000381469727,28.100000381469727,28.100000381469727,200,0.0,0.0,0.0
