Datetime,Open,High,Low,Close,Volume,Dividends,Stock Splits
2024-07-03 09:30:00-04:00,24.479999542236328,24.55500030517578,24.479999542236328,24.55500030517578,0,0.0,0.0
2024-07-03 09:35:00-04:00,24.440000534057617,24.440000534057617,24.40999984741211,24.40999984741211,202,0.0,0.0
2024-07-03 09:40:00-04:00,24.700000762939453,24.700000762939453,24.68000030517578,24.68000030517578,377,0.0,0.0
2024-07-03 09:45:00-04:00,24.440000534057617,24.440000534057617,24.440000534057617,24.440000534057617,111,0.0,0.0
2024-07-03 09:50:00-04:00,24.469999313354492,24.469999313354492,24.454999923706055,24.454999923706055,818,0.0,0.0
2024-07-03 10:00:00-04:00,24.299999237060547,24.299999237060547,24.299999237060547,24.299999237060547,449,0.0,0.0
2024-07-03 10:05:00-04:00,24.497600555419922,24.497600555419922,24.299999237060547,24.299999237060547,1756,0.0,0.0
2024-07-03 10:15:00-04:00,24.360000610351562,24.43000030517578,24.360000610351562,24.43000030517578,320,0.0,0.0
2024-07-03 10:20:00-04:00,24.489999771118164,24.489999771118164,24.360000610351562,24.43000030517578,1073,0.0,0.0
2024-07-03 10:30:00-04:00,24.3799991607666,24.3799991607666,24.3799991607666,24.3799991607666,245,0.0,0.0
2024-07-03 10:35:00-04:00,24.299999237060547,24.418399810791016,24.299999237060547,24.418399810791016,847,0.0,0.0
2024-07-03 10:45:00-04:00,24.360000610351562,24.360000610351562,24.290000915527344,24.290000915527344,633,0.0,0.0
2024-07-03 10:50:00-04:00,24.280000686645508,24.344999313354492,24.270000457763672,24.344999313354492,716,0.0,0.0
2024-07-03 10:55:00-04:00,24.344999313354492,24.469999313354492,24.344999313354492,24.469999313354492,5099,0.0,0.0
2024-07-03 11:00:00-04:00,24.479999542236328,24.520000457763672,24.479999542236328,24.520000457763672,1067,0.0,0.0
2024-07-03 11:10:00-04:00,24.579999923706055,24.579999923706055,24.579999923706055,24.579999923706055,541,0.0,0.0
2024-07-03 11:15:00-04:00,24.53499984741211,24.6200008392334,24.53499984741211,24.6200008392334,1205,0.0,0.0
2024-07-03 11:25:00-04:00,24.63680076599121,24.65999984741211,24.625,24.626399993896484,1430,0.0,0.0
2024-07-03 11:30:00-04:00,24.662500381469727,24.662500381469727,24.662500381469727,24.662500381469727,1462,0.0,0.0
2024-07-03 12:00:00-04:00,24.6200008392334,24.665000915527344,24.6200008392334,24.665000915527344,407,0.0,0.0
2024-07-03 12:10:00-04:00,24.6427001953125,24.6427001953125,24.610000610351562,24.625200271606445,773,0.0,0.0
2024-07-03 12:15:00-04:00,24.600000381469727,24.600000381469727,24.600000381469727,24.600000381469727,922,0.0,0.0
2024-07-03 12:25:00-04:00,24.540000915527344,24.610000610351562,24.540000915527344,24.610000610351562,2471,0.0,0.0
2024-07-03 12:45:00-04:00,24.600000381469727,24.600000381469727,24.600000381469727,24.600000381469727,713,0.0,0.0
2024-07-03 12:50:00-04:00,24.6299991607666,24.770000457763672,24.625,24.770000457763672,2702,0.0,0.0
2024-07-03 12:55:00-04:00,24.795000076293945,24.795000076293945,24.729999542236328,24.729999542236328,771,0.0,0.0
2024-07-05 09:30:00-04:00,24.829999923706055,24.829999923706055,24.829999923706055,24.829999923706055,0,0.0,0.0
2024-07-05 09:50:00-04:00,24.690000534057617,24.690000534057617,24.690000534057617,24.690000534057617,631,0.0,0.0
2024-07-05 10:05:00-04:00,24.674999237060547,24.68000030517578,24.674999237060547,24.68000030517578,521,0.0,0.0
2024-07-05 10:10:00-04:00,24.625,24.625,24.625,24.625,307,0.0,0.0
2024-07-05 10:15:00-04:00,24.559999465942383,24.559999465942383,24.559999465942383,24.559999465942383,293,0.0,0.0
2024-07-05 10:30:00-04:00,24.604000091552734,24.604000091552734,24.604000091552734,24.604000091552734,307,0.0,0.0
2024-07-05 10:45:00-04:00,24.55620002746582,24.55620002746582,24.55620002746582,24.55620002746582,212,0.0,0.0
2024-07-05 11:10:00-04:00,24.639999389648438,24.719999313354492,24.639999389648438,24.719999313354492,2473,0.0,0.0
2024-07-05 11:15:00-04:00,24.655000686645508,24.655000686645508,24.655000686645508,24.655000686645508,133,0.0,0.0
2024-07-05 11:20:00-04:00,24.65999984741211,24.65999984741211,24.65999984741211,24.65999984741211,463,0.0,0.0
2024-07-05 11:30:00-04:00,24.559999465942383,24.559999465942383,24.445499420166016,24.445499420166016,4570,0.0,0.0
2024-07-05 12:10:00-04:00,24.364999771118164,24.364999771118164,24.364999771118164,24.364999771118164,321,0.0,0.0
2024-07-05 12:30:00-04:00,24.299999237060547,24.299999237060547,24.299999237060547,24.299999237060547,198,0.0,0.0
2024-07-05 12:40:00-04:00,24.280000686645508,24.280000686645508,24.280000686645508,24.280000686645508,414,0.0,0.0
2024-07-05 12:50:00-04:00,24.280000686645508,24.280000686645508,24.280000686645508,24.280000686645508,310,0.0,0.0
2024-07-05 13:05:00-04:00,24.25,24.25,24.25,24.25,886,0.0,0.0
2024-07-05 13:55:00-04:00,24.25,24.25,24.25,24.25,355,0.0,0.0
2024-07-05 14:15:00-04:00,24.190000534057617,24.190000534057617,24.190000534057617,24.190000534057617,406,0.0,0.0
2024-07-05 14:25:00-04:00,24.225000381469727,24.354999542236328,24.225000381469727,24.354999542236328,1288,0.0,0.0
2024-07-05 14:30:00-04:00,24.274999618530273,24.274999618530273,24.274999618530273,24.274999618530273,823,0.0,0.0
2024-07-05 14:35:00-04:00,24.274999618530273,24.274999618530273,24.274999618530273,24.274999618530273,416,0.0,0.0
2024-07-05 14:50:00-04:00,24.40999984741211,24.420000076293945,24.40999984741211,24.420000076293945,377,0.0,0.0
2024-07-05 14:55:00-04:00,24.389999389648438,24.389999389648438,24.375,24.376300811767578,603,0.0,0.0
2024-07-05 15:00:00-04:00,24.329999923706055,24.375,24.329999923706055,24.375,700,0.0,0.0
2024-07-05 15:05:00-04:00,24.240100860595703,24.240100860595703,24.240100860595703,24.240100860595703,166,0.0,0.0
2024-07-05 15:15:00-04:00,24.354999542236328,24.354999542236328,24.354299545288086,24.354299545288086,238,0.0,0.0
2024-07-05 15:25:00-04:00,24.295000076293945,24.295000076293945,24.295000076293945,24.295000076293945,547,0.0,0.0
2024-07-05 15:40:00-04:00,24.280000686645508,24.280000686645508,24.280000686645508,24.280000686645508,1785,0.0,0.0
2024-07-05 15:55:00-04:00,24.229999542236328,24.229999542236328,24.229999542236328,24.229999542236328,1054,0.0,0.0
2024-07-08 09:30:00-04:00,24.75,24.790000915527344,24.75,24.790000915527344,2215,0.0,0.0
2024-07-08 09:35:00-04:00,24.790000915527344,24.790000915527344,24.729999542236328,24.729999542236328,484,0.0,0.0
2024-07-08 09:40:00-04:00,24.700000762939453,24.700000762939453,24.549999237060547,24.600000381469727,667,0.0,0.0
2024-07-08 09:45:00-04:00,24.65999984741211,24.860000610351562,24.65999984741211,24.860000610351562,1101,0.0,0.0
2024-07-08 09:50:00-04:00,24.704999923706055,24.704999923706055,24.704999923706055,24.704999923706055,184,0.0,0.0
2024-07-08 09:55:00-04:00,24.795000076293945,24.795000076293945,24.709999084472656,24.709999084472656,919,0.0,0.0
2024-07-08 10:25:00-04:00,24.649999618530273,24.649999618530273,24.649999618530273,24.649999618530273,803,0.0,0.0
2024-07-08 10:30:00-04:00,24.618000030517578,24.618000030517578,24.618000030517578,24.618000030517578,996,0.0,0.0
2024-07-08 10:50:00-04:00,24.809999465942383,24.809999465942383,24.809999465942383,24.809999465942383,698,0.0,0.0
2024-07-08 11:00:00-04:00,24.684999465942383,24.684999465942383,24.684999465942383,24.684999465942383,2487,0.0,0.0
2024-07-08 11:20:00-04:00,24.700000762939453,24.700000762939453,24.69499969482422,24.69499969482422,1029,0.0,0.0
2024-07-08 11:25:00-04:00,24.69499969482422,24.69499969482422,24.69499969482422,24.69499969482422,2433,0.0,0.0
2024-07-08 11:30:00-04:00,24.65999984741211,24.65999984741211,24.65999984741211,24.65999984741211,237,0.0,0.0
2024-07-08 11:35:00-04:00,24.760000228881836,24.760000228881836,24.65999984741211,24.760000228881836,933,0.0,0.0
2024-07-08 11:40:00-04:00,24.770000457763672,24.84000015258789,24.770000457763672,24.84000015258789,723,0.0,0.0
2024-07-08 11:55:00-04:00,24.700000762939453,24.770000457763672,24.700000762939453,24.770000457763672,1982,0.0,0.0
2024-07-08 12:00:00-04:00,24.770000457763672,24.780000686645508,24.700000762939453,24.700000762939453,1560,0.0,0.0
2024-07-08 12:05:00-04:00,24.690000534057617,24.690000534057617,24.690000534057617,24.690000534057617,486,0.0,0.0
2024-07-08 12:10:00-04:00,24.68000030517578,24.68000030517578,24.655000686645508,24.655000686645508,585,0.0,0.0
2024-07-08 12:45:00-04:00,24.6200008392334,24.684999465942383,24.6200008392334,24.684999465942383,855,0.0,0.0
2024-07-08 13:20:00-04:00,24.663999557495117,24.663999557495117,24.663999557495117,24.663999557495117,588,0.0,0.0
2024-07-08 13:50:00-04:00,24.729999542236328,24.729999542236328,24.600099563598633,24.665000915527344,985,0.0,0.0
2024-07-08 14:10:00-04:00,24.65999984741211,24.65999984741211,24.649999618530273,24.649999618530273,754,0.0,0.0
2024-07-08 14:15:00-04:00,24.6200008392334,24.6200008392334,24.6200008392334,24.6200008392334,900,0.0,0.0
2024-07-08 14:20:00-04:00,24.530099868774414,24.6200008392334,24.530099868774414,24.6200008392334,696,0.0,0.0
2024-07-08 14:30:00-04:00,24.614999771118164,24.614999771118164,24.614999771118164,24.614999771118164,155,0.0,0.0
2024-07-08 14:45:00-04:00,24.700000762939453,24.700000762939453,24.610000610351562,24.610000610351562,609,0.0,0.0
2024-07-08 14:50:00-04:00,24.65999984741211,24.65999984741211,24.65999984741211,24.65999984741211,292,0.0,0.0
2024-07-08 14:55:00-04:00,24.520000457763672,24.520000457763672,24.520000457763672,24.520000457763672,116,0.0,0.0
2024-07-08 15:05:00-04:00,24.594999313354492,24.594999313354492,24.594999313354492,24.594999313354492,218,0.0,0.0
2024-07-08 15:10:00-04:00,24.653099060058594,24.653099060058594,24.653099060058594,24.653099060058594,191,0.0,0.0
2024-07-08 15:20:00-04:00,24.600799560546875,24.600799560546875,24.600799560546875,24.600799560546875,693,0.0,0.0
2024-07-08 15:30:00-04:00,24.530000686645508,24.530000686645508,24.530000686645508,24.530000686645508,643,0.0,0.0
2024-07-08 15:50:00-04:00,24.584999084472656,24.584999084472656,24.584999084472656,24.584999084472656,272,0.0,0.0
2024-07-08 15:55:00-04:00,24.530000686645508,24.540000915527344,24.489999771118164,24.489999771118164,2822,0.0,0.0
2024-07-09 09:45:00-04:00,24.639999389648438,24.639999389648438,24.639999389648438,24.639999389648438,5781,0.0,0.0
2024-07-09 09:50:00-04:00,24.520000457763672,24.56529998779297,24.520000457763672,24.56529998779297,500,0.0,0.0
2024-07-09 10:10:00-04:00,24.579999923706055,24.579999923706055,24.579999923706055,24.579999923706055,138,0.0,0.0
2024-07-09 10:15:00-04:00,24.579999923706055,24.579999923706055,24.579999923706055,24.579999923706055,355,0.0,0.0
2024-07-09 10:20:00-04:00,24.510000228881836,24.510000228881836,24.510000228881836,24.510000228881836,419,0.0,0.0
2024-07-09 10:30:00-04:00,24.499000549316406,24.499000549316406,24.437000274658203,24.440000534057617,673,0.0,0.0
2024-07-09 10:50:00-04:00,24.549999237060547,24.549999237060547,24.549999237060547,24.549999237060547,340,0.0,0.0
2024-07-09 11:30:00-04:00,24.3799991607666,24.3799991607666,24.3799991607666,24.3799991607666,616,0.0,0.0
2024-07-09 11:50:00-04:00,24.450000762939453,24.459999084472656,24.450000762939453,24.450000762939453,1004,0.0,0.0
2024-07-09 12:25:00-04:00,24.44499969482422,24.44499969482422,24.44499969482422,24.44499969482422,374,0.0,0.0
2024-07-09 12:40:00-04:00,24.510000228881836,24.510000228881836,24.510000228881836,24.510000228881836,653,0.0,0.0
2024-07-09 13:05:00-04:00,24.44499969482422,24.44499969482422,24.44499969482422,24.44499969482422,200,0.0,0.0
2024-07-09 13:45:00-04:00,24.43000030517578,24.43000030517578,24.43000030517578,24.43000030517578,188,0.0,0.0
2024-07-09 14:05:00-04:00,24.417400360107422,24.424999237060547,24.3799991607666,24.3799991607666,1383,0.0,0.0
2024-07-09 14:20:00-04:00,24.36210060119629,24.36210060119629,24.36210060119629,24.36210060119629,360,0.0,0.0
2024-07-09 14:30:00-04:00,24.200000762939453,24.200000762939453,24.200000762939453,24.200000762939453,341,0.0,0.0
2024-07-09 14:35:00-04:00,24.319000244140625,24.319000244140625,24.319000244140625,24.319000244140625,510,0.0,0.0
2024-07-09 14:45:00-04:00,24.329999923706055,24.329999923706055,24.329999923706055,24.329999923706055,204,0.0,0.0
2024-07-09 14:50:00-04:00,24.28499984741211,24.28499984741211,24.200000762939453,24.219999313354492,2651,0.0,0.0
2024-07-09 14:55:00-04:00,24.219999313354492,24.219999313354492,24.173999786376953,24.173999786376953,630,0.0,0.0
2024-07-09 15:05:00-04:00,24.200000762939453,24.20199966430664,24.200000762939453,24.20199966430664,1234,0.0,0.0
2024-07-09 15:10:00-04:00,24.25,24.25,24.25,24.25,168,0.0,0.0
2024-07-09 15:15:00-04:00,24.260000228881836,24.260000228881836,24.260000228881836,24.260000228881836,235,0.0,0.0
2024-07-09 15:40:00-04:00,24.239999771118164,24.239999771118164,24.239999771118164,24.239999771118164,765,0.0,0.0
2024-07-09 15:45:00-04:00,24.25,24.299999237060547,24.25,24.290000915527344,1639,0.0,0.0
2024-07-09 15:50:00-04:00,24.290000915527344,24.290000915527344,24.290000915527344,24.290000915527344,919,0.0,0.0
2024-07-09 15:55:00-04:00,24.334999084472656,24.434999465942383,24.329999923706055,24.385000228881836,9569,0.0,0.0
2024-07-10 09:30:00-04:00,24.440000534057617,24.440000534057617,24.440000534057617,24.440000534057617,1696,0.0,0.0
2024-07-10 10:30:00-04:00,24.533000946044922,24.533000946044922,24.533000946044922,24.533000946044922,300,0.0,0.0
2024-07-10 10:35:00-04:00,24.549999237060547,24.549999237060547,24.549999237060547,24.549999237060547,68,0.0,0.0
2024-07-10 10:40:00-04:00,24.628299713134766,24.628299713134766,24.628299713134766,24.628299713134766,2381,0.0,0.0
2024-07-10 10:50:00-04:00,24.540000915527344,24.540000915527344,24.540000915527344,24.540000915527344,281,0.0,0.0
2024-07-10 10:55:00-04:00,24.450000762939453,24.450000762939453,24.450000762939453,24.450000762939453,150,0.0,0.0
2024-07-10 11:10:00-04:00,24.450000762939453,24.450000762939453,24.440000534057617,24.450000762939453,1199,0.0,0.0
2024-07-10 11:25:00-04:00,24.43000030517578,24.43000030517578,24.43000030517578,24.43000030517578,408,0.0,0.0
2024-07-10 11:50:00-04:00,24.479999542236328,24.479999542236328,24.43000030517578,24.43000030517578,393,0.0,0.0
2024-07-10 12:05:00-04:00,24.489999771118164,24.489999771118164,24.489999771118164,24.489999771118164,112,0.0,0.0
2024-07-10 12:10:00-04:00,24.489999771118164,24.489999771118164,24.489999771118164,24.489999771118164,369,0.0,0.0
2024-07-10 12:20:00-04:00,24.520000457763672,24.520000457763672,24.520000457763672,24.520000457763672,1284,0.0,0.0
2024-07-10 12:30:00-04:00,24.55500030517578,24.55500030517578,24.55500030517578,24.55500030517578,106,0.0,0.0
2024-07-10 12:40:00-04:00,24.510000228881836,24.510000228881836,24.510000228881836,24.510000228881836,1080,0.0,0.0
2024-07-10 13:10:00-04:00,24.444000244140625,24.444000244140625,24.444000244140625,24.444000244140625,333,0.0,0.0
2024-07-10 13:15:00-04:00,24.530000686645508,24.530000686645508,24.530000686645508,24.530000686645508,802,0.0,0.0
2024-07-10 13:50:00-04:00,24.514999389648438,24.514999389648438,24.514999389648438,24.514999389648438,449,0.0,0.0
2024-07-10 14:00:00-04:00,24.489999771118164,24.489999771118164,24.489999771118164,24.489999771118164,212,0.0,0.0
2024-07-10 14:05:00-04:00,24.485000610351562,24.485000610351562,24.485000610351562,24.485000610351562,102,0.0,0.0
2024-07-10 14:10:00-04:00,24.450000762939453,24.450000762939453,24.440000534057617,24.440000534057617,488,0.0,0.0
2024-07-10 14:20:00-04:00,24.415000915527344,24.415000915527344,24.415000915527344,24.415000915527344,369,0.0,0.0
2024-07-10 14:30:00-04:00,24.540000915527344,24.54990005493164,24.540000915527344,24.54990005493164,607,0.0,0.0
2024-07-10 14:40:00-04:00,24.610000610351562,24.610000610351562,24.610000610351562,24.610000610351562,155,0.0,0.0
2024-07-10 14:45:00-04:00,24.59320068359375,24.649999618530273,24.59320068359375,24.649999618530273,1808,0.0,0.0
2024-07-10 15:10:00-04:00,24.65999984741211,24.65999984741211,24.65999984741211,24.65999984741211,645,0.0,0.0
2024-07-10 15:15:00-04:00,24.590599060058594,24.670000076293945,24.590599060058594,24.670000076293945,1194,0.0,0.0
2024-07-10 15:20:00-04:00,24.6200008392334,24.6200008392334,24.6200008392334,24.6200008392334,410,0.0,0.0
2024-07-10 15:25:00-04:00,24.68000030517578,24.68000030517578,24.68000030517578,24.68000030517578,432,0.0,0.0
2024-07-10 15:30:00-04:00,24.610000610351562,24.610000610351562,24.579999923706055,24.579999923706055,420,0.0,0.0
2024-07-10 15:35:00-04:00,24.610000610351562,24.610000610351562,24.610000610351562,24.610000610351562,325,0.0,0.0
2024-07-10 15:40:00-04:00,24.610000610351562,24.610000610351562,24.610000610351562,24.610000610351562,1019,0.0,0.0
2024-07-10 15:45:00-04:00,24.579999923706055,24.579999923706055,24.579999923706055,24.579999923706055,1249,0.0,0.0
2024-07-10 15:55:00-04:00,24.68000030517578,24.68000030517578,24.670000076293945,24.68000030517578,1894,0.0,0.0
2024-07-11 09:30:00-04:00,24.799999237060547,24.799999237060547,24.799999237060547,24.799999237060547,2206,0.0,0.0
2024-07-11 09:45:00-04:00,24.825700759887695,24.825700759887695,24.809999465942383,24.809999465942383,1232,0.0,0.0
2024-07-11 09:50:00-04:00,24.799999237060547,25.139999389648438,24.799999237060547,25.110000610351562,4181,0.0,0.0
2024-07-11 09:55:00-04:00,25.020000457763672,25.139999389648438,25.006999969482422,25.139999389648438,2313,0.0,0.0
2024-07-11 10:15:00-04:00,25.09749984741211,25.09749984741211,25.09749984741211,25.09749984741211,218,0.0,0.0
2024-07-11 10:20:00-04:00,25.104999542236328,25.104999542236328,25.104999542236328,25.104999542236328,341,0.0,0.0
2024-07-11 10:25:00-04:00,25.110000610351562,25.110000610351562,25.100000381469727,25.110000610351562,1199,0.0,0.0
2024-07-11 10:30:00-04:00,25.132999420166016,25.260000228881836,25.132999420166016,25.260000228881836,975,0.0,0.0
2024-07-11 10:40:00-04:00,25.209999084472656,25.209999084472656,25.209999084472656,25.209999084472656,347,0.0,0.0
2024-07-11 10:50:00-04:00,25.209999084472656,25.209999084472656,25.209999084472656,25.209999084472656,848,0.0,0.0
2024-07-11 11:05:00-04:00,25.309999465942383,25.309999465942383,25.309999465942383,25.309999465942383,617,0.0,0.0
2024-07-11 11:30:00-04:00,25.149999618530273,25.149999618530273,25.1299991607666,25.1299991607666,1165,0.0,0.0
2024-07-11 11:35:00-04:00,25.020000457763672,25.020000457763672,25.020000457763672,25.020000457763672,358,0.0,0.0
2024-07-11 11:40:00-04:00,25.020000457763672,25.045000076293945,25.0,25.019899368286133,2925,0.0,0.0
2024-07-11 11:45:00-04:00,25.0,25.079999923706055,25.0,25.079999923706055,1359,0.0,0.0
2024-07-11 11:50:00-04:00,25.0,25.065000534057617,25.0,25.065000534057617,3076,0.0,0.0
2024-07-11 11:55:00-04:00,25.110000610351562,25.110000610351562,25.110000610351562,25.110000610351562,996,0.0,0.0
2024-07-11 12:25:00-04:00,24.883399963378906,24.883399963378906,24.883399963378906,24.883399963378906,426,0.0,0.0
2024-07-11 12:30:00-04:00,24.913799285888672,24.913799285888672,24.8700008392334,24.8700008392334,1200,0.0,0.0
2024-07-11 12:35:00-04:00,24.8799991607666,24.899999618530273,24.84000015258789,24.899999618530273,1386,0.0,0.0
2024-07-11 12:55:00-04:00,24.940000534057617,24.940000534057617,24.850000381469727,24.850000381469727,656,0.0,0.0
2024-07-11 13:00:00-04:00,24.850000381469727,24.850000381469727,24.850000381469727,24.850000381469727,385,0.0,0.0
2024-07-11 13:15:00-04:00,24.847000122070312,24.847000122070312,24.847000122070312,24.847000122070312,983,0.0,0.0
2024-07-11 13:50:00-04:00,24.790000915527344,24.790000915527344,24.790000915527344,24.790000915527344,1179,0.0,0.0
2024-07-11 14:05:00-04:00,24.842300415039062,24.939899444580078,24.842300415039062,24.850000381469727,1668,0.0,0.0
2024-07-11 14:35:00-04:00,24.850000381469727,24.850000381469727,24.850000381469727,24.850000381469727,630,0.0,0.0
2024-07-11 14:45:00-04:00,24.8700008392334,24.8700008392334,24.8700008392334,24.8700008392334,752,0.0,0.0
2024-07-11 15:00:00-04:00,24.857500076293945,24.857500076293945,24.78499984741211,24.78499984741211,958,0.0,0.0
2024-07-11 15:05:00-04:00,24.78499984741211,24.78499984741211,24.78499984741211,24.78499984741211,100,0.0,0.0
2024-07-11 15:10:00-04:00,24.780000686645508,24.780000686645508,24.780000686645508,24.780000686645508,994,0.0,0.0
2024-07-11 15:30:00-04:00,24.849899291992188,24.849899291992188,24.78499984741211,24.78499984741211,306,0.0,0.0
2024-07-11 15:35:00-04:00,24.850000381469727,24.850000381469727,24.850000381469727,24.850000381469727,2212,0.0,0.0
2024-07-11 15:40:00-04:00,24.850000381469727,24.850000381469727,24.850000381469727,24.850000381469727,447,0.0,0.0
2024-07-11 15:45:00-04:00,24.864299774169922,24.93000030517578,24.850000381469727,24.889999389648438,16380,0.0,0.0
2024-07-11 15:50:00-04:00,24.81999969482422,24.854999542236328,24.81999969482422,24.81999969482422,2126,0.0,0.0
2024-07-11 15:55:00-04:00,24.850000381469727,24.889999389648438,24.81999969482422,24.850000381469727,2924,0.0,0.0
2024-07-12 09:35:00-04:00,25.145000457763672,25.145000457763672,25.145000457763672,25.145000457763672,2024,0.0,0.0
2024-07-12 10:05:00-04:00,25.0,25.0,25.0,25.0,484,0.0,0.0
2024-07-12 10:25:00-04:00,25.149999618530273,25.149999618530273,25.149999618530273,25.149999618530273,359,0.0,0.0
2024-07-12 10:30:00-04:00,25.089000701904297,25.089000701904297,25.089000701904297,25.089000701904297,1230,0.0,0.0
2024-07-12 11:10:00-04:00,25.024999618530273,25.024999618530273,25.024999618530273,25.024999618530273,968,0.0,0.0
2024-07-12 11:15:00-04:00,25.024999618530273,25.024999618530273,25.024999618530273,25.024999618530273,634,0.0,0.0
2024-07-12 11:20:00-04:00,24.943500518798828,24.943500518798828,24.943500518798828,24.943500518798828,605,0.0,0.0
2024-07-12 12:10:00-04:00,24.950000762939453,25.010000228881836,24.950000762939453,25.010000228881836,3034,0.0,0.0
2024-07-12 12:50:00-04:00,24.975000381469727,24.975000381469727,24.975000381469727,24.975000381469727,316,0.0,0.0
2024-07-12 13:05:00-04:00,25.020000457763672,25.020000457763672,25.010000228881836,25.020000457763672,1150,0.0,0.0
2024-07-12 13:15:00-04:00,25.02400016784668,25.03499984741211,25.02400016784668,25.03499984741211,730,0.0,0.0
2024-07-12 13:20:00-04:00,24.950000762939453,24.950000762939453,24.905000686645508,24.948699951171875,3093,0.0,0.0
2024-07-12 13:45:00-04:00,25.024999618530273,25.024999618530273,25.0049991607666,25.0049991607666,581,0.0,0.0
2024-07-12 14:10:00-04:00,25.059999465942383,25.059999465942383,25.059999465942383,25.059999465942383,129,0.0,0.0
2024-07-12 14:15:00-04:00,25.059999465942383,25.059999465942383,25.059999465942383,25.059999465942383,269,0.0,0.0
2024-07-12 14:20:00-04:00,25.0,25.0,25.0,25.0,1859,0.0,0.0
2024-07-12 14:40:00-04:00,25.014999389648438,25.014999389648438,25.0,25.0,1043,0.0,0.0
2024-07-12 14:45:00-04:00,25.059999465942383,25.059999465942383,25.059999465942383,25.059999465942383,410,0.0,0.0
2024-07-12 14:50:00-04:00,25.147600173950195,25.209699630737305,24.989999771118164,25.03499984741211,14770,0.0,0.0
2024-07-12 14:55:00-04:00,24.959999084472656,25.040000915527344,24.959999084472656,25.040000915527344,748,0.0,0.0
2024-07-12 15:00:00-04:00,25.059999465942383,25.059999465942383,25.0,25.0,2661,0.0,0.0
2024-07-12 15:05:00-04:00,25.0,25.0,25.0,25.0,4835,0.0,0.0
2024-07-12 15:10:00-04:00,25.020000457763672,25.020000457763672,24.989999771118164,24.989999771118164,15408,0.0,0.0
2024-07-12 15:15:00-04:00,25.0,25.0,24.969999313354492,25.0,7018,0.0,0.0
2024-07-12 15:20:00-04:00,25.0,25.0,25.0,25.0,2233,0.0,0.0
2024-07-12 15:25:00-04:00,25.0049991607666,25.010000228881836,24.969999313354492,24.969999313354492,2232,0.0,0.0
2024-07-12 15:30:00-04:00,24.989999771118164,25.0,24.979999542236328,25.0,3479,0.0,0.0
2024-07-12 15:35:00-04:00,25.0,25.0,24.989999771118164,25.0,967,0.0,0.0
2024-07-12 15:40:00-04:00,25.0,25.0,24.9950008392334,24.9950008392334,1307,0.0,0.0
2024-07-12 15:45:00-04:00,25.0,25.010000228881836,24.979999542236328,24.979999542236328,3074,0.0,0.0
2024-07-12 15:50:00-04:00,25.0,25.0,24.93000030517578,24.93000030517578,4036,0.0,0.0
2024-07-12 15:55:00-04:00,24.93000030517578,24.959999084472656,24.81999969482422,24.829999923706055,13153,0.0,0.0
2024-07-15 09:30:00-04:00,25.0,25.0,25.0,25.0,1928,0.0,0.0
2024-07-15 09:45:00-04:00,25.000099182128906,25.000099182128906,25.000099182128906,25.000099182128906,207,0.0,0.0
2024-07-15 09:55:00-04:00,25.170000076293945,25.170000076293945,25.170000076293945,25.170000076293945,104,0.0,0.0
2024-07-15 10:05:00-04:00,25.149999618530273,25.24250030517578,25.139999389648438,25.204999923706055,5354,0.0,0.0
2024-07-15 10:10:00-04:00,25.209999084472656,25.290000915527344,25.209999084472656,25.284400939941406,3136,0.0,0.0
2024-07-15 10:25:00-04:00,25.190000534057617,25.190000534057617,25.170000076293945,25.170000076293945,201,0.0,0.0
2024-07-15 10:30:00-04:00,25.229999542236328,25.229999542236328,25.229999542236328,25.229999542236328,169,0.0,0.0
2024-07-15 10:35:00-04:00,25.290000915527344,25.290000915527344,25.25,25.25,993,0.0,0.0
2024-07-15 10:40:00-04:00,25.2549991607666,25.2549991607666,25.2549991607666,25.2549991607666,962,0.0,0.0
2024-07-15 10:45:00-04:00,25.2549991607666,25.2549991607666,25.18000030517578,25.2549991607666,2383,0.0,0.0
2024-07-15 10:50:00-04:00,25.18000030517578,25.18000030517578,25.114999771118164,25.170000076293945,2169,0.0,0.0
2024-07-15 10:55:00-04:00,25.15999984741211,25.19499969482422,25.15999984741211,25.19499969482422,1463,0.0,0.0
2024-07-15 11:05:00-04:00,25.190000534057617,25.229999542236328,25.149999618530273,25.200000762939453,1801,0.0,0.0
2024-07-15 11:10:00-04:00,25.149999618530273,25.229999542236328,25.1299991607666,25.229999542236328,9961,0.0,0.0
2024-07-15 11:20:00-04:00,25.32990074157715,25.32990074157715,25.229999542236328,25.2450008392334,6069,0.0,0.0
2024-07-15 11:25:00-04:00,25.2450008392334,25.2450008392334,25.174999237060547,25.18000030517578,4702,0.0,0.0
2024-07-15 11:30:00-04:00,25.229999542236328,25.229999542236328,25.1299991607666,25.149999618530273,2739,0.0,0.0
2024-07-15 11:35:00-04:00,25.149999618530273,25.229999542236328,25.145000457763672,25.149999618530273,7661,0.0,0.0
2024-07-15 11:40:00-04:00,25.235000610351562,25.235000610351562,25.235000610351562,25.235000610351562,546,0.0,0.0
2024-07-15 11:45:00-04:00,25.18000030517578,25.18000030517578,25.149999618530273,25.149999618530273,6136,0.0,0.0
2024-07-15 11:50:00-04:00,25.229999542236328,25.229999542236328,25.1200008392334,25.200000762939453,5732,0.0,0.0
2024-07-15 12:00:00-04:00,25.309999465942383,25.309999465942383,25.280000686645508,25.280000686645508,229,0.0,0.0
2024-07-15 12:05:00-04:00,25.229999542236328,25.229999542236328,25.190000534057617,25.190000534057617,4655,0.0,0.0
2024-07-15 12:20:00-04:00,25.200000762939453,25.239500045776367,25.174999237060547,25.18000030517578,2350,0.0,0.0
2024-07-15 12:25:00-04:00,25.170000076293945,25.170000076293945,25.170000076293945,25.170000076293945,910,0.0,0.0
2024-07-15 12:55:00-04:00,25.190000534057617,25.190000534057617,25.190000534057617,25.190000534057617,586,0.0,0.0
2024-07-15 13:00:00-04:00,25.170000076293945,25.170000076293945,25.149999618530273,25.170000076293945,1414,0.0,0.0
2024-07-15 13:05:00-04:00,25.174999237060547,25.174999237060547,25.170000076293945,25.170000076293945,731,0.0,0.0
2024-07-15 13:15:00-04:00,25.219999313354492,25.219999313354492,25.170000076293945,25.170000076293945,1155,0.0,0.0
2024-07-15 13:20:00-04:00,25.1299991607666,25.170000076293945,25.1299991607666,25.170000076293945,744,0.0,0.0
2024-07-15 13:25:00-04:00,25.135000228881836,25.149999618530273,25.110000610351562,25.110000610351562,1002,0.0,0.0
2024-07-15 13:30:00-04:00,25.15999984741211,25.15999984741211,25.15999984741211,25.15999984741211,213,0.0,0.0
2024-07-15 13:35:00-04:00,25.149999618530273,25.149999618530273,25.149999618530273,25.149999618530273,295,0.0,0.0
2024-07-15 13:40:00-04:00,25.110000610351562,25.149999618530273,25.110000610351562,25.149999618530273,462,0.0,0.0
2024-07-15 13:50:00-04:00,25.149999618530273,25.149999618530273,25.145000457763672,25.145000457763672,1188,0.0,0.0
2024-07-15 14:05:00-04:00,25.149999618530273,25.149999618530273,25.149999618530273,25.149999618530273,786,0.0,0.0
2024-07-15 14:15:00-04:00,25.149999618530273,25.184999465942383,25.149999618530273,25.15999984741211,2058,0.0,0.0
2024-07-15 14:20:00-04:00,25.15999984741211,25.165000915527344,25.15999984741211,25.165000915527344,379,0.0,0.0
2024-07-15 14:25:00-04:00,25.219999313354492,25.239999771118164,25.165000915527344,25.19499969482422,4242,0.0,0.0
2024-07-15 14:30:00-04:00,25.219999313354492,25.219999313354492,25.18000030517578,25.18000030517578,1989,0.0,0.0
2024-07-15 14:35:00-04:00,25.18000030517578,25.18000030517578,25.18000030517578,25.18000030517578,909,0.0,0.0
2024-07-15 14:40:00-04:00,25.200000762939453,25.200000762939453,25.174999237060547,25.200000762939453,2714,0.0,0.0
2024-07-15 14:45:00-04:00,25.2450008392334,25.2450008392334,25.2450008392334,25.2450008392334,626,0.0,0.0
2024-07-15 14:50:00-04:00,25.260000228881836,25.309999465942383,25.15999984741211,25.239999771118164,3631,0.0,0.0
2024-07-15 14:55:00-04:00,25.239999771118164,25.239999771118164,25.239999771118164,25.239999771118164,106,0.0,0.0
2024-07-15 15:05:00-04:00,25.28860092163086,25.31999969482422,25.28860092163086,25.290000915527344,928,0.0,0.0
2024-07-15 15:10:00-04:00,25.290000915527344,25.290000915527344,25.290000915527344,25.290000915527344,2045,0.0,0.0
2024-07-15 15:15:00-04:00,25.260000228881836,25.31999969482422,25.219999313354492,25.239999771118164,2669,0.0,0.0
2024-07-15 15:20:00-04:00,25.280000686645508,25.280000686645508,25.280000686645508,25.280000686645508,733,0.0,0.0
2024-07-15 15:25:00-04:00,25.229999542236328,25.32990074157715,25.18000030517578,25.32990074157715,2851,0.0,0.0
2024-07-15 15:35:00-04:00,25.2450008392334,25.2450008392334,25.239999771118164,25.239999771118164,1620,0.0,0.0
2024-07-15 15:40:00-04:00,25.239999771118164,25.239999771118164,25.170000076293945,25.170000076293945,867,0.0,0.0
2024-07-15 15:45:00-04:00,25.204999923706055,25.204999923706055,25.1299991607666,25.184999465942383,3164,0.0,0.0
2024-07-15 15:50:00-04:00,25.184999465942383,25.184999465942383,25.09000015258789,25.165000915527344,1043,0.0,0.0
2024-07-15 15:55:00-04:00,25.165000915527344,25.165000915527344,24.940000534057617,25.059999465942383,4176,0.0,0.0
2024-07-16 09:30:00-04:00,25.450000762939453,25.450000762939453,25.3799991607666,25.3799991607666,7522,0.0,0.0
2024-07-16 09:35:00-04:00,25.440000534057617,25.5,25.43000030517578,25.5,2067,0.0,0.0
2024-07-16 09:40:00-04:00,25.66990089416504,25.66990089416504,25.565000534057617,25.565000534057617,1203,0.0,0.0
2024-07-16 09:45:00-04:00,25.559999465942383,25.700000762939453,25.559999465942383,25.700000762939453,3269,0.0,0.0
2024-07-16 09:50:00-04:00,25.65999984741211,25.65999984741211,25.649999618530273,25.649999618530273,660,0.0,0.0
2024-07-16 10:05:00-04:00,25.56999969482422,25.65999984741211,25.4950008392334,25.4950008392334,3035,0.0,0.0
2024-07-16 10:10:00-04:00,25.5,25.520000457763672,25.5,25.5,619,0.0,0.0
2024-07-16 10:15:00-04:00,25.549999237060547,25.55500030517578,25.540000915527344,25.540000915527344,562,0.0,0.0
2024-07-16 10:25:00-04:00,25.602100372314453,25.602100372314453,25.52910041809082,25.52910041809082,461,0.0,0.0
2024-07-16 10:30:00-04:00,25.5,25.540000915527344,25.469999313354492,25.540000915527344,3640,0.0,0.0
2024-07-16 10:35:00-04:00,25.545000076293945,25.55500030517578,25.545000076293945,25.549999237060547,882,0.0,0.0
2024-07-16 10:40:00-04:00,25.549999237060547,25.549999237060547,25.549999237060547,25.549999237060547,232,0.0,0.0
2024-07-16 10:45:00-04:00,25.549999237060547,25.549999237060547,25.549999237060547,25.549999237060547,355,0.0,0.0
2024-07-16 10:50:00-04:00,25.56999969482422,25.56999969482422,25.56999969482422,25.56999969482422,237,0.0,0.0
2024-07-16 10:55:00-04:00,25.56999969482422,25.77989959716797,25.56999969482422,25.56999969482422,4805,0.0,0.0
2024-07-16 11:00:00-04:00,25.56999969482422,25.665000915527344,25.56999969482422,25.65999984741211,522,0.0,0.0
2024-07-16 11:05:00-04:00,25.690000534057617,25.690000534057617,25.649999618530273,25.649999618530273,484,0.0,0.0
2024-07-16 11:10:00-04:00,25.684999465942383,25.684999465942383,25.684999465942383,25.684999465942383,274,0.0,0.0
2024-07-16 11:20:00-04:00,25.655000686645508,25.65999984741211,25.610000610351562,25.65999984741211,1741,0.0,0.0
2024-07-16 11:25:00-04:00,25.56049919128418,25.670000076293945,25.459999084472656,25.670000076293945,8952,0.0,0.0
2024-07-16 11:30:00-04:00,25.540000915527344,25.540000915527344,25.540000915527344,25.540000915527344,252,0.0,0.0
2024-07-16 11:35:00-04:00,25.469999313354492,25.670000076293945,25.469999313354492,25.6299991607666,3817,0.0,0.0
2024-07-16 11:40:00-04:00,25.645000457763672,25.655000686645508,25.600000381469727,25.655000686645508,819,0.0,0.0
2024-07-16 11:45:00-04:00,25.700000762939453,25.700000762939453,25.655000686645508,25.655000686645508,556,0.0,0.0
2024-07-16 11:50:00-04:00,25.655000686645508,25.655000686645508,25.655000686645508,25.655000686645508,289,0.0,0.0
2024-07-16 11:55:00-04:00,25.59000015258789,25.604999542236328,25.552499771118164,25.5575008392334,3076,0.0,0.0
2024-07-16 12:00:00-04:00,25.594999313354492,25.594999313354492,25.594999313354492,25.594999313354492,496,0.0,0.0
2024-07-16 12:15:00-04:00,25.549999237060547,25.549999237060547,25.549999237060547,25.549999237060547,296,0.0,0.0
2024-07-16 12:20:00-04:00,25.614999771118164,25.614999771118164,25.614999771118164,25.614999771118164,1856,0.0,0.0
2024-07-16 12:25:00-04:00,25.604999542236328,25.604999542236328,25.604999542236328,25.604999542236328,126,0.0,0.0
2024-07-16 12:30:00-04:00,25.610000610351562,25.610000610351562,25.610000610351562,25.610000610351562,103,0.0,0.0
2024-07-16 12:35:00-04:00,25.6200008392334,25.6200008392334,25.6200008392334,25.6200008392334,353,0.0,0.0
2024-07-16 12:40:00-04:00,25.549999237060547,25.65999984741211,25.489999771118164,25.489999771118164,5604,0.0,0.0
2024-07-16 13:05:00-04:00,25.600000381469727,25.639999389648438,25.549999237060547,25.600000381469727,976,0.0,0.0
2024-07-16 13:10:00-04:00,25.600000381469727,25.600000381469727,25.600000381469727,25.600000381469727,308,0.0,0.0
2024-07-16 13:15:00-04:00,25.614999771118164,25.614999771118164,25.614999771118164,25.614999771118164,233,0.0,0.0
2024-07-16 13:20:00-04:00,25.614999771118164,25.6200008392334,25.559999465942383,25.559999465942383,1295,0.0,0.0
2024-07-16 13:25:00-04:00,25.614999771118164,25.614999771118164,25.614999771118164,25.614999771118164,509,0.0,0.0
2024-07-16 13:30:00-04:00,25.6200008392334,25.6200008392334,25.6200008392334,25.6200008392334,628,0.0,0.0
2024-07-16 13:35:00-04:00,25.56999969482422,25.56999969482422,25.5,25.549999237060547,2600,0.0,0.0
2024-07-16 13:40:00-04:00,25.530000686645508,25.549999237060547,25.5,25.549999237060547,1157,0.0,0.0
2024-07-16 13:45:00-04:00,25.549999237060547,25.549999237060547,25.514999389648438,25.549999237060547,1418,0.0,0.0
2024-07-16 13:50:00-04:00,25.549999237060547,25.579999923706055,25.549999237060547,25.579999923706055,1040,0.0,0.0
2024-07-16 13:55:00-04:00,25.600000381469727,25.600000381469727,25.53499984741211,25.53499984741211,2121,0.0,0.0
2024-07-16 14:00:00-04:00,25.559999465942383,25.59000015258789,25.549999237060547,25.549999237060547,2106,0.0,0.0
2024-07-16 14:05:00-04:00,25.549999237060547,25.549999237060547,25.549999237060547,25.549999237060547,498,0.0,0.0
2024-07-16 14:10:00-04:00,25.549999237060547,25.549999237060547,25.549999237060547,25.549999237060547,502,0.0,0.0
2024-07-16 14:25:00-04:00,25.549999237060547,25.549999237060547,25.549999237060547,25.549999237060547,297,0.0,0.0
2024-07-16 14:30:00-04:00,25.549999237060547,25.549999237060547,25.549999237060547,25.549999237060547,400,0.0,0.0
2024-07-16 14:35:00-04:00,25.549999237060547,25.549999237060547,25.549999237060547,25.549999237060547,367,0.0,0.0
2024-07-16 14:40:00-04:00,25.549999237060547,25.549999237060547,25.530000686645508,25.549999237060547,3550,0.0,0.0
2024-07-16 14:45:00-04:00,25.549999237060547,25.549999237060547,25.520000457763672,25.549999237060547,7016,0.0,0.0
2024-07-16 14:50:00-04:00,25.575000762939453,25.575000762939453,25.540000915527344,25.545000076293945,7212,0.0,0.0
2024-07-16 14:55:00-04:00,25.610000610351562,25.6200008392334,25.610000610351562,25.6200008392334,509,0.0,0.0
2024-07-16 15:00:00-04:00,25.6200008392334,25.625,25.579999923706055,25.625,1288,0.0,0.0
2024-07-16 15:05:00-04:00,25.625,25.635000228881836,25.625,25.635000228881836,400,0.0,0.0
2024-07-16 15:10:00-04:00,25.635000228881836,25.635000228881836,25.635000228881836,25.635000228881836,448,0.0,0.0
2024-07-16 15:15:00-04:00,25.635000228881836,25.649999618530273,25.6299991607666,25.6299991607666,1144,0.0,0.0
2024-07-16 15:20:00-04:00,25.649999618530273,25.649999618530273,25.649999618530273,25.649999618530273,109,0.0,0.0
2024-07-16 15:25:00-04:00,25.670000076293945,25.729999542236328,25.657499313354492,25.729999542236328,2433,0.0,0.0
2024-07-16 15:30:00-04:00,25.7450008392334,25.75,25.690000534057617,25.719999313354492,2296,0.0,0.0
2024-07-16 15:35:00-04:00,25.69499969482422,25.69499969482422,25.65999984741211,25.65999984741211,1703,0.0,0.0
2024-07-16 15:40:00-04:00,25.665000915527344,25.665000915527344,25.665000915527344,25.665000915527344,506,0.0,0.0
2024-07-16 15:45:00-04:00,25.65999984741211,25.700000762939453,25.65999984741211,25.68000030517578,3707,0.0,0.0
2024-07-16 15:50:00-04:00,25.68000030517578,25.68000030517578,25.670000076293945,25.68000030517578,3756,0.0,0.0
2024-07-16 15:55:00-04:00,25.68000030517578,25.729999542236328,25.6200008392334,25.649999618530273,11454,0.0,0.0
2024-07-17 09:30:00-04:00,25.719999313354492,25.719999313354492,25.604999542236328,25.604999542236328,2426,0.0,0.0
2024-07-17 09:35:00-04:00,25.747499465942383,25.829999923706055,25.735000610351562,25.735000610351562,360,0.0,0.0
2024-07-17 09:40:00-04:00,25.610000610351562,25.610000610351562,25.579999923706055,25.579999923706055,791,0.0,0.0
2024-07-17 09:45:00-04:00,25.594999313354492,25.594999313354492,25.594999313354492,25.594999313354492,1,0.0,0.0
2024-07-17 09:50:00-04:00,25.59000015258789,25.602500915527344,25.59000015258789,25.594999313354492,1181,0.0,0.0
2024-07-17 10:00:00-04:00,25.530000686645508,25.530000686645508,25.530000686645508,25.530000686645508,200,0.0,0.0
2024-07-17 10:05:00-04:00,25.510000228881836,25.510000228881836,25.5049991607666,25.5049991607666,688,0.0,0.0
2024-07-17 10:10:00-04:00,25.5,25.5,25.5,25.5,104,0.0,0.0
2024-07-17 10:20:00-04:00,25.510000228881836,25.610000610351562,25.489999771118164,25.514999389648438,2000,0.0,0.0
2024-07-17 10:25:00-04:00,25.579999923706055,25.6200008392334,25.549999237060547,25.549999237060547,1045,0.0,0.0
2024-07-17 10:30:00-04:00,25.479999542236328,25.549999237060547,25.440000534057617,25.440000534057617,1367,0.0,0.0
2024-07-17 10:35:00-04:00,25.459999084472656,25.489999771118164,25.420000076293945,25.420000076293945,2507,0.0,0.0
2024-07-17 10:50:00-04:00,25.46500015258789,25.46500015258789,25.46500015258789,25.46500015258789,622,0.0,0.0
2024-07-17 11:05:00-04:00,25.549999237060547,25.549999237060547,25.549999237060547,25.549999237060547,789,0.0,0.0
2024-07-17 11:20:00-04:00,25.53499984741211,25.53499984741211,25.459999084472656,25.459999084472656,1316,0.0,0.0
2024-07-17 11:25:00-04:00,25.549999237060547,25.569900512695312,25.549999237060547,25.549999237060547,1752,0.0,0.0
2024-07-17 11:30:00-04:00,25.510000228881836,25.569900512695312,25.510000228881836,25.530000686645508,2841,0.0,0.0
2024-07-17 11:40:00-04:00,25.6200008392334,25.6200008392334,25.56999969482422,25.56999969482422,1188,0.0,0.0
2024-07-17 11:45:00-04:00,25.610000610351562,25.610000610351562,25.610000610351562,25.610000610351562,330,0.0,0.0
2024-07-17 12:00:00-04:00,25.6299991607666,25.6299991607666,25.604999542236328,25.604999542236328,712,0.0,0.0
2024-07-17 12:05:00-04:00,25.639999389648438,25.639999389648438,25.639999389648438,25.639999389648438,114,0.0,0.0
2024-07-17 12:15:00-04:00,25.549999237060547,25.65999984741211,25.549999237060547,25.65999984741211,616,0.0,0.0
2024-07-17 12:25:00-04:00,25.6200008392334,25.6200008392334,25.610000610351562,25.610000610351562,771,0.0,0.0
2024-07-17 12:30:00-04:00,25.610000610351562,25.610000610351562,25.604999542236328,25.604999542236328,946,0.0,0.0
2024-07-17 12:40:00-04:00,25.639999389648438,25.639999389648438,25.639999389648438,25.639999389648438,234,0.0,0.0
2024-07-17 12:45:00-04:00,25.6299991607666,25.6299991607666,25.6299991607666,25.6299991607666,119,0.0,0.0
2024-07-17 12:50:00-04:00,25.639999389648438,25.649999618530273,25.639999389648438,25.649999618530273,1223,0.0,0.0
2024-07-17 12:55:00-04:00,25.674999237060547,25.674999237060547,25.674999237060547,25.674999237060547,328,0.0,0.0
2024-07-17 13:00:00-04:00,25.690000534057617,25.690000534057617,25.690000534057617,25.690000534057617,200,0.0,0.0
2024-07-17 13:05:00-04:00,25.700000762939453,25.700000762939453,25.56999969482422,25.56999969482422,1899,0.0,0.0
2024-07-17 13:15:00-04:00,25.604999542236328,25.604999542236328,25.604999542236328,25.604999542236328,347,0.0,0.0
2024-07-17 13:25:00-04:00,25.604999542236328,25.604999542236328,25.604999542236328,25.604999542236328,145,0.0,0.0
2024-07-17 13:30:00-04:00,25.604999542236328,25.604999542236328,25.604999542236328,25.604999542236328,513,0.0,0.0
2024-07-17 13:40:00-04:00,25.625,25.625,25.610000610351562,25.610000610351562,824,0.0,0.0
2024-07-17 13:45:00-04:00,25.639999389648438,25.639999389648438,25.610000610351562,25.610000610351562,520,0.0,0.0
2024-07-17 13:50:00-04:00,25.549999237060547,25.549999237060547,25.549999237060547,25.549999237060547,647,0.0,0.0
2024-07-17 13:55:00-04:00,25.545000076293945,25.61989974975586,25.520000457763672,25.61989974975586,3398,0.0,0.0
2024-07-17 14:00:00-04:00,25.579999923706055,25.6200008392334,25.579999923706055,25.594999313354492,1959,0.0,0.0
2024-07-17 14:05:00-04:00,25.59000015258789,25.610000610351562,25.59000015258789,25.610000610351562,1188,0.0,0.0
2024-07-17 14:10:00-04:00,25.6299991607666,25.6299991607666,25.600000381469727,25.600000381469727,1288,0.0,0.0
2024-07-17 14:15:00-04:00,25.56999969482422,25.59000015258789,25.549999237060547,25.579999923706055,2090,0.0,0.0
2024-07-17 14:25:00-04:00,25.579999923706055,25.645000457763672,25.579999923706055,25.645000457763672,745,0.0,0.0
2024-07-17 14:40:00-04:00,25.670000076293945,25.670000076293945,25.6299991607666,25.6299991607666,2038,0.0,0.0
2024-07-17 15:10:00-04:00,25.559999465942383,25.610000610351562,25.520000457763672,25.582500457763672,3459,0.0,0.0
2024-07-17 15:15:00-04:00,25.592599868774414,25.592599868774414,25.5,25.5,5134,0.0,0.0
2024-07-17 15:20:00-04:00,25.510099411010742,25.56999969482422,25.510000228881836,25.520000457763672,3105,0.0,0.0
2024-07-17 15:25:00-04:00,25.610000610351562,25.610000610351562,25.565000534057617,25.565000534057617,386,0.0,0.0
2024-07-17 15:30:00-04:00,25.581199645996094,25.635000228881836,25.530099868774414,25.635000228881836,1346,0.0,0.0
2024-07-17 15:35:00-04:00,25.67840003967285,25.67840003967285,25.67840003967285,25.67840003967285,1047,0.0,0.0
2024-07-17 15:40:00-04:00,25.645000457763672,25.645000457763672,25.645000457763672,25.645000457763672,126,0.0,0.0
2024-07-17 15:45:00-04:00,25.670000076293945,25.71969985961914,25.645000457763672,25.71969985961914,3037,0.0,0.0
2024-07-17 15:50:00-04:00,25.670000076293945,25.670000076293945,25.670000076293945,25.670000076293945,784,0.0,0.0
2024-07-17 15:55:00-04:00,25.704999923706055,25.780000686645508,25.704999923706055,25.729999542236328,7635,0.0,0.0
2024-07-18 09:30:00-04:00,25.6200008392334,25.6200008392334,25.6200008392334,25.6200008392334,1255,0.0,0.0
2024-07-18 09:40:00-04:00,25.799999237060547,25.799999237060547,25.799999237060547,25.799999237060547,108,0.0,0.0
2024-07-18 09:45:00-04:00,25.795000076293945,25.795000076293945,25.729999542236328,25.729999542236328,841,0.0,0.0
2024-07-18 09:55:00-04:00,25.770000457763672,25.770000457763672,25.770000457763672,25.770000457763672,612,0.0,0.0
2024-07-18 10:00:00-04:00,25.975900650024414,25.975900650024414,25.790000915527344,25.8799991607666,796,0.0,0.0
2024-07-18 10:05:00-04:00,25.829999923706055,25.905000686645508,25.829999923706055,25.899999618530273,650,0.0,0.0
2024-07-18 10:15:00-04:00,25.829999923706055,25.905000686645508,25.809999465942383,25.809999465942383,4387,0.0,0.0
2024-07-18 10:25:00-04:00,25.93000030517578,25.959999084472656,25.920000076293945,25.920000076293945,1052,0.0,0.0
2024-07-18 10:30:00-04:00,25.950000762939453,25.950000762939453,25.920000076293945,25.920000076293945,764,0.0,0.0
2024-07-18 10:35:00-04:00,25.850000381469727,25.850000381469727,25.81999969482422,25.81999969482422,957,0.0,0.0
2024-07-18 10:45:00-04:00,25.729999542236328,25.739999771118164,25.690000534057617,25.739999771118164,1136,0.0,0.0
2024-07-18 10:50:00-04:00,25.790000915527344,25.790000915527344,25.790000915527344,25.790000915527344,126,0.0,0.0
2024-07-18 11:00:00-04:00,25.829999923706055,25.829999923706055,25.70009994506836,25.70009994506836,528,0.0,0.0
2024-07-18 11:25:00-04:00,25.829999923706055,25.829999923706055,25.829999923706055,25.829999923706055,702,0.0,0.0
2024-07-18 11:30:00-04:00,25.829999923706055,25.829999923706055,25.822200775146484,25.822200775146484,469,0.0,0.0
2024-07-18 11:40:00-04:00,25.878599166870117,25.878599166870117,25.815000534057617,25.815000534057617,508,0.0,0.0
2024-07-18 11:45:00-04:00,25.75,25.795000076293945,25.739999771118164,25.795000076293945,754,0.0,0.0
2024-07-18 11:50:00-04:00,25.795000076293945,25.795000076293945,25.739999771118164,25.739999771118164,531,0.0,0.0
2024-07-18 12:00:00-04:00,25.649999618530273,25.735000610351562,25.649999618530273,25.735000610351562,1198,0.0,0.0
2024-07-18 12:10:00-04:00,25.68000030517578,25.7450008392334,25.68000030517578,25.7450008392334,345,0.0,0.0
2024-07-18 12:15:00-04:00,25.790000915527344,25.790000915527344,25.7450008392334,25.7450008392334,212,0.0,0.0
2024-07-18 12:25:00-04:00,25.790000915527344,25.790000915527344,25.790000915527344,25.790000915527344,273,0.0,0.0
2024-07-18 12:55:00-04:00,25.809999465942383,25.81999969482422,25.809999465942383,25.81999969482422,629,0.0,0.0
2024-07-18 13:05:00-04:00,25.81999969482422,25.850000381469727,25.80500030517578,25.850000381469727,869,0.0,0.0
2024-07-18 13:10:00-04:00,25.790000915527344,25.81999969482422,25.790000915527344,25.81999969482422,343,0.0,0.0
2024-07-18 13:15:00-04:00,25.84000015258789,25.84000015258789,25.84000015258789,25.84000015258789,413,0.0,0.0
2024-07-18 13:20:00-04:00,25.860000610351562,25.989999771118164,25.860000610351562,25.989999771118164,1927,0.0,0.0
2024-07-18 13:25:00-04:00,25.940000534057617,25.940000534057617,25.940000534057617,25.940000534057617,150,0.0,0.0
2024-07-18 13:30:00-04:00,25.899999618530273,25.940000534057617,25.899999618530273,25.940000534057617,574,0.0,0.0
2024-07-18 13:40:00-04:00,25.8700008392334,25.924999237060547,25.8700008392334,25.924999237060547,633,0.0,0.0
2024-07-18 13:50:00-04:00,25.90999984741211,25.90999984741211,25.90999984741211,25.90999984741211,116,0.0,0.0
2024-07-18 13:55:00-04:00,25.969900131225586,25.969900131225586,25.829999923706055,25.850000381469727,678,0.0,0.0
2024-07-18 14:00:00-04:00,25.790000915527344,25.790000915527344,25.790000915527344,25.790000915527344,92,0.0,0.0
2024-07-18 14:05:00-04:00,25.84000015258789,25.84000015258789,25.84000015258789,25.84000015258789,659,0.0,0.0
2024-07-18 14:20:00-04:00,25.790000915527344,25.850000381469727,25.700000762939453,25.850000381469727,939,0.0,0.0
2024-07-18 14:25:00-04:00,25.81999969482422,25.81999969482422,25.78499984741211,25.78499984741211,660,0.0,0.0
2024-07-18 14:35:00-04:00,25.825000762939453,25.825000762939453,25.825000762939453,25.825000762939453,237,0.0,0.0
2024-07-18 14:40:00-04:00,25.739999771118164,25.739999771118164,25.709999084472656,25.709999084472656,599,0.0,0.0
2024-07-18 14:45:00-04:00,25.752500534057617,25.809999465942383,25.752500534057617,25.809999465942383,568,0.0,0.0
2024-07-18 15:05:00-04:00,25.825000762939453,25.850000381469727,25.825000762939453,25.850000381469727,1671,0.0,0.0
2024-07-18 15:20:00-04:00,25.68000030517578,25.68000030517578,25.68000030517578,25.68000030517578,211,0.0,0.0
2024-07-18 15:25:00-04:00,25.6200008392334,25.68899917602539,25.59000015258789,25.68899917602539,1922,0.0,0.0
2024-07-18 15:30:00-04:00,25.704999923706055,25.709999084472656,25.704999923706055,25.709999084472656,474,0.0,0.0
2024-07-18 15:35:00-04:00,25.709999084472656,25.809999465942383,25.709999084472656,25.809999465942383,2218,0.0,0.0
2024-07-18 15:40:00-04:00,25.809999465942383,25.84000015258789,25.809999465942383,25.84000015258789,1235,0.0,0.0
2024-07-18 15:45:00-04:00,25.81999969482422,25.860000610351562,25.81999969482422,25.81999969482422,1455,0.0,0.0
2024-07-18 15:50:00-04:00,25.790000915527344,25.809999465942383,25.790000915527344,25.790000915527344,602,0.0,0.0
2024-07-18 15:55:00-04:00,25.860000610351562,25.860000610351562,25.770000457763672,25.780000686645508,5496,0.0,0.0
2024-07-19 09:30:00-04:00,25.8700008392334,25.8700008392334,25.8700008392334,25.8700008392334,387,0.0,0.0
2024-07-19 09:35:00-04:00,25.6299991607666,25.6299991607666,25.6299991607666,25.6299991607666,489,0.0,0.0
2024-07-19 10:25:00-04:00,25.655000686645508,25.665000915527344,25.655000686645508,25.665000915527344,256,0.0,0.0
2024-07-19 10:30:00-04:00,25.739999771118164,25.739999771118164,25.739999771118164,25.739999771118164,604,0.0,0.0
2024-07-19 10:50:00-04:00,25.6299991607666,25.649999618530273,25.579999923706055,25.600000381469727,2401,0.0,0.0
2024-07-19 11:20:00-04:00,25.579999923706055,25.579999923706055,25.579999923706055,25.579999923706055,200,0.0,0.0
2024-07-19 11:25:00-04:00,25.53499984741211,25.53499984741211,25.53499984741211,25.53499984741211,82,0.0,0.0
2024-07-19 11:30:00-04:00,25.479999542236328,25.479999542236328,25.479999542236328,25.479999542236328,933,0.0,0.0
2024-07-19 11:55:00-04:00,25.559999465942383,25.559999465942383,25.559999465942383,25.559999465942383,966,0.0,0.0
2024-07-19 12:30:00-04:00,25.55500030517578,25.6299991607666,25.52750015258789,25.6299991607666,1264,0.0,0.0
2024-07-19 12:35:00-04:00,25.6299991607666,25.6299991607666,25.6299991607666,25.6299991607666,366,0.0,0.0
2024-07-19 12:40:00-04:00,25.65999984741211,25.764999389648438,25.65999984741211,25.670000076293945,1481,0.0,0.0
2024-07-19 12:55:00-04:00,25.645000457763672,25.645000457763672,25.645000457763672,25.645000457763672,205,0.0,0.0
2024-07-19 13:00:00-04:00,25.645000457763672,25.645000457763672,25.645000457763672,25.645000457763672,200,0.0,0.0
2024-07-19 13:15:00-04:00,25.700000762939453,25.729999542236328,25.700000762939453,25.729999542236328,472,0.0,0.0
2024-07-19 13:20:00-04:00,25.735000610351562,25.735000610351562,25.670000076293945,25.670000076293945,379,0.0,0.0
2024-07-19 13:40:00-04:00,25.709999084472656,25.709999084472656,25.639999389648438,25.639999389648438,941,0.0,0.0
2024-07-19 13:45:00-04:00,25.6200008392334,25.639999389648438,25.6200008392334,25.639999389648438,652,0.0,0.0
2024-07-19 13:50:00-04:00,25.610000610351562,25.6299991607666,25.600000381469727,25.6299991607666,1250,0.0,0.0
2024-07-19 14:10:00-04:00,25.6200008392334,25.729999542236328,25.6200008392334,25.729999542236328,773,0.0,0.0
2024-07-19 14:30:00-04:00,25.614999771118164,25.614999771118164,25.614999771118164,25.614999771118164,284,0.0,0.0
2024-07-19 14:40:00-04:00,25.635000228881836,25.635000228881836,25.59000015258789,25.59000015258789,1943,0.0,0.0
2024-07-19 14:45:00-04:00,25.56999969482422,25.579999923706055,25.56999969482422,25.579999923706055,930,0.0,0.0
2024-07-19 14:55:00-04:00,25.6200008392334,25.6200008392334,25.6200008392334,25.6200008392334,506,0.0,0.0
2024-07-19 15:20:00-04:00,25.639999389648438,25.68000030517578,25.63159942626953,25.63159942626953,570,0.0,0.0
2024-07-19 15:25:00-04:00,25.665000915527344,25.665000915527344,25.6299991607666,25.6299991607666,1355,0.0,0.0
2024-07-19 15:30:00-04:00,25.59000015258789,25.59000015258789,25.59000015258789,25.59000015258789,1845,0.0,0.0
2024-07-19 15:35:00-04:00,25.59000015258789,25.59000015258789,25.579999923706055,25.59000015258789,904,0.0,0.0
2024-07-19 15:45:00-04:00,25.50670051574707,25.549999237060547,25.5049991607666,25.5049991607666,6722,0.0,0.0
2024-07-19 15:50:00-04:00,25.579999923706055,25.579999923706055,25.579999923706055,25.579999923706055,328,0.0,0.0
2024-07-19 15:55:00-04:00,25.579999923706055,25.649999618530273,25.559999465942383,25.649999618530273,7128,0.0,0.0
2024-07-22 09:30:00-04:00,25.770000457763672,25.940000534057617,25.770000457763672,25.93000030517578,0,0.0,0.0
2024-07-22 09:35:00-04:00,25.920000076293945,25.920000076293945,25.920000076293945,25.920000076293945,480,0.0,0.0
2024-07-22 09:45:00-04:00,25.860000610351562,25.860000610351562,25.860000610351562,25.860000610351562,312,0.0,0.0
2024-07-22 09:50:00-04:00,25.850000381469727,25.860000610351562,25.81999969482422,25.81999969482422,1007,0.0,0.0
2024-07-22 09:55:00-04:00,25.809999465942383,25.809999465942383,25.799999237060547,25.799999237060547,1599,0.0,0.0
2024-07-22 10:00:00-04:00,25.709999084472656,25.709999084472656,25.709999084472656,25.709999084472656,490,0.0,0.0
2024-07-22 10:05:00-04:00,25.739999771118164,25.739999771118164,25.610000610351562,25.610000610351562,616,0.0,0.0
2024-07-22 10:25:00-04:00,25.59000015258789,25.729999542236328,25.59000015258789,25.729999542236328,1095,0.0,0.0
2024-07-22 10:30:00-04:00,25.760000228881836,25.760000228881836,25.729999542236328,25.729999542236328,703,0.0,0.0
2024-07-22 10:35:00-04:00,25.729999542236328,25.729999542236328,25.719999313354492,25.719999313354492,3397,0.0,0.0
2024-07-22 10:40:00-04:00,25.700000762939453,25.700000762939453,25.700000762939453,25.700000762939453,375,0.0,0.0
2024-07-22 10:45:00-04:00,25.65999984741211,25.65999984741211,25.65999984741211,25.65999984741211,101,0.0,0.0
2024-07-22 10:50:00-04:00,25.639999389648438,25.639999389648438,25.639999389648438,25.639999389648438,363,0.0,0.0
2024-07-22 11:00:00-04:00,25.65999984741211,25.700000762939453,25.65999984741211,25.700000762939453,3070,0.0,0.0
2024-07-22 11:15:00-04:00,25.63920021057129,25.63920021057129,25.63920021057129,25.63920021057129,329,0.0,0.0
2024-07-22 11:35:00-04:00,25.610000610351562,25.614999771118164,25.610000610351562,25.614999771118164,1425,0.0,0.0
2024-07-22 11:45:00-04:00,25.700000762939453,25.700000762939453,25.700000762939453,25.700000762939453,447,0.0,0.0
2024-07-22 12:00:00-04:00,25.700000762939453,25.700000762939453,25.700000762939453,25.700000762939453,1347,0.0,0.0
2024-07-22 12:05:00-04:00,25.700000762939453,25.700000762939453,25.68000030517578,25.700000762939453,2524,0.0,0.0
2024-07-22 12:15:00-04:00,25.79840087890625,25.79840087890625,25.79840087890625,25.79840087890625,662,0.0,0.0
2024-07-22 12:20:00-04:00,25.799999237060547,25.799999237060547,25.799999237060547,25.799999237060547,346,0.0,0.0
2024-07-22 12:25:00-04:00,25.829999923706055,25.850000381469727,25.829999923706055,25.850000381469727,1158,0.0,0.0
2024-07-22 12:50:00-04:00,25.899999618530273,25.959999084472656,25.899999618530273,25.950000762939453,1168,0.0,0.0
2024-07-22 12:55:00-04:00,26.0,26.094999313354492,26.0,26.094999313354492,1032,0.0,0.0
2024-07-22 13:00:00-04:00,26.09000015258789,26.09000015258789,26.084999084472656,26.084999084472656,2190,0.0,0.0
2024-07-22 13:15:00-04:00,26.045000076293945,26.045000076293945,26.045000076293945,26.045000076293945,380,0.0,0.0
2024-07-22 13:30:00-04:00,25.979999542236328,25.979999542236328,25.979999542236328,25.979999542236328,109,0.0,0.0
2024-07-22 13:35:00-04:00,25.979999542236328,25.979999542236328,25.979999542236328,25.979999542236328,562,0.0,0.0
2024-07-22 13:40:00-04:00,26.059999465942383,26.149999618530273,26.059999465942383,26.149999618530273,1197,0.0,0.0
2024-07-22 13:45:00-04:00,26.1299991607666,26.1299991607666,26.1299991607666,26.1299991607666,152,0.0,0.0
2024-07-22 13:55:00-04:00,26.1200008392334,26.1200008392334,26.1200008392334,26.1200008392334,303,0.0,0.0
2024-07-22 14:00:00-04:00,26.139999389648438,26.15999984741211,26.139999389648438,26.15999984741211,1665,0.0,0.0
2024-07-22 14:25:00-04:00,26.15999984741211,26.15999984741211,26.15999984741211,26.15999984741211,764,0.0,0.0
2024-07-22 14:40:00-04:00,26.209999084472656,26.209999084472656,26.200000762939453,26.200000762939453,772,0.0,0.0
2024-07-22 14:50:00-04:00,26.239999771118164,26.239999771118164,26.229999542236328,26.229999542236328,1459,0.0,0.0
2024-07-22 15:10:00-04:00,26.190000534057617,26.219999313354492,26.190000534057617,26.219999313354492,958,0.0,0.0
2024-07-22 15:20:00-04:00,26.2450008392334,26.2450008392334,26.2450008392334,26.2450008392334,2176,0.0,0.0
2024-07-22 15:30:00-04:00,26.239999771118164,26.360000610351562,26.239999771118164,26.360000610351562,4535,0.0,0.0
2024-07-22 15:40:00-04:00,26.34000015258789,26.350000381469727,26.34000015258789,26.350000381469727,1394,0.0,0.0
2024-07-22 15:45:00-04:00,26.34000015258789,26.399999618530273,26.34000015258789,26.399999618530273,1938,0.0,0.0
2024-07-22 15:50:00-04:00,26.360000610351562,26.399999618530273,26.360000610351562,26.3700008392334,2829,0.0,0.0
2024-07-22 15:55:00-04:00,26.3700008392334,26.459999084472656,26.3700008392334,26.389999389648438,8773,0.0,0.0
2024-07-23 09:30:00-04:00,26.34000015258789,26.34000015258789,26.34000015258789,26.34000015258789,178,0.0,0.0
2024-07-23 09:40:00-04:00,26.260000228881836,26.33989906311035,26.260000228881836,26.329999923706055,1469,0.0,0.0
2024-07-23 09:55:00-04:00,26.5,26.5,26.5,26.5,102,0.0,0.0
2024-07-23 10:00:00-04:00,26.430500030517578,26.430500030517578,26.43000030517578,26.43000030517578,522,0.0,0.0
2024-07-23 10:05:00-04:00,26.540000915527344,26.540000915527344,26.540000915527344,26.540000915527344,817,0.0,0.0
2024-07-23 10:30:00-04:00,26.53499984741211,26.53499984741211,26.53499984741211,26.53499984741211,191,0.0,0.0
2024-07-23 10:35:00-04:00,26.6200008392334,26.6200008392334,26.6200008392334,26.6200008392334,142,0.0,0.0
2024-07-23 10:45:00-04:00,26.489999771118164,26.489999771118164,26.489999771118164,26.489999771118164,521,0.0,0.0
2024-07-23 10:55:00-04:00,26.399999618530273,26.399999618530273,26.399999618530273,26.399999618530273,659,0.0,0.0
2024-07-23 11:30:00-04:00,26.385000228881836,26.385000228881836,26.385000228881836,26.385000228881836,384,0.0,0.0
2024-07-23 11:35:00-04:00,26.450000762939453,26.450000762939453,26.450000762939453,26.450000762939453,174,0.0,0.0
2024-07-23 11:45:00-04:00,26.43000030517578,26.43000030517578,26.420000076293945,26.420000076293945,553,0.0,0.0
2024-07-23 11:55:00-04:00,26.5,26.5,26.48150062561035,26.48150062561035,937,0.0,0.0
2024-07-23 12:00:00-04:00,26.529199600219727,26.529199600219727,26.529199600219727,26.529199600219727,414,0.0,0.0
2024-07-23 12:15:00-04:00,26.59000015258789,26.59000015258789,26.59000015258789,26.59000015258789,283,0.0,0.0
2024-07-23 12:20:00-04:00,26.549999237060547,26.56999969482422,26.549999237060547,26.56999969482422,704,0.0,0.0
2024-07-23 12:25:00-04:00,26.502399444580078,26.56999969482422,26.502399444580078,26.56999969482422,391,0.0,0.0
2024-07-23 12:40:00-04:00,26.540000915527344,26.540000915527344,26.540000915527344,26.540000915527344,355,0.0,0.0
2024-07-23 12:50:00-04:00,26.514999389648438,26.514999389648438,26.514999389648438,26.514999389648438,252,0.0,0.0
2024-07-23 12:55:00-04:00,26.479999542236328,26.600000381469727,26.479999542236328,26.600000381469727,5628,0.0,0.0
2024-07-23 13:00:00-04:00,26.600000381469727,26.600000381469727,26.559999465942383,26.584999084472656,3434,0.0,0.0
2024-07-23 13:05:00-04:00,26.584999084472656,26.584999084472656,26.559999465942383,26.559999465942383,3622,0.0,0.0
2024-07-23 13:10:00-04:00,26.5,26.5,26.5,26.5,454,0.0,0.0
2024-07-23 13:20:00-04:00,26.5,26.5,26.4950008392334,26.4950008392334,467,0.0,0.0
2024-07-23 13:25:00-04:00,26.5,26.5049991607666,26.5,26.5049991607666,669,0.0,0.0
2024-07-23 13:30:00-04:00,26.479999542236328,26.479999542236328,26.479999542236328,26.479999542236328,262,0.0,0.0
2024-07-23 13:40:00-04:00,26.5,26.5,26.5,26.5,135,0.0,0.0
2024-07-23 13:45:00-04:00,26.4950008392334,26.4950008392334,26.4950008392334,26.4950008392334,373,0.0,0.0
2024-07-23 13:50:00-04:00,26.5,26.520000457763672,26.5,26.5,985,0.0,0.0
2024-07-23 13:55:00-04:00,26.5049991607666,26.5049991607666,26.5049991607666,26.5049991607666,126,0.0,0.0
2024-07-23 14:00:00-04:00,26.5049991607666,26.5049991607666,26.5049991607666,26.5049991607666,597,0.0,0.0
2024-07-23 14:10:00-04:00,26.524999618530273,26.524999618530273,26.524999618530273,26.524999618530273,538,0.0,0.0
2024-07-23 14:25:00-04:00,26.440000534057617,26.479999542236328,26.440000534057617,26.479999542236328,484,0.0,0.0
2024-07-23 14:30:00-04:00,26.5,26.510000228881836,26.479999542236328,26.5049991607666,836,0.0,0.0
2024-07-23 14:45:00-04:00,26.520000457763672,26.520000457763672,26.5,26.514999389648438,1144,0.0,0.0
2024-07-23 14:50:00-04:00,26.514999389648438,26.514999389648438,26.514999389648438,26.514999389648438,116,0.0,0.0
2024-07-23 15:00:00-04:00,26.514999389648438,26.514999389648438,26.514999389648438,26.514999389648438,439,0.0,0.0
2024-07-23 15:10:00-04:00,26.540000915527344,26.540000915527344,26.510000228881836,26.510000228881836,353,0.0,0.0
2024-07-23 15:15:00-04:00,26.514999389648438,26.514999389648438,26.514999389648438,26.514999389648438,450,0.0,0.0
2024-07-23 15:20:00-04:00,26.5049991607666,26.579999923706055,26.5049991607666,26.579999923706055,2950,0.0,0.0
2024-07-23 15:40:00-04:00,26.579999923706055,26.579999923706055,26.490100860595703,26.490100860595703,3287,0.0,0.0
2024-07-23 15:45:00-04:00,26.479999542236328,26.479999542236328,26.479999542236328,26.479999542236328,344,0.0,0.0
2024-07-23 15:50:00-04:00,26.5,26.549999237060547,26.40999984741211,26.40999984741211,4504,0.0,0.0
2024-07-23 15:55:00-04:00,26.459999084472656,26.5,26.440000534057617,26.450000762939453,7125,0.0,0.0
2024-07-24 09:30:00-04:00,26.25,26.25,26.25,26.25,1945,0.0,0.0
2024-07-24 09:45:00-04:00,26.5,26.53499984741211,26.5,26.53499984741211,981,0.0,0.0
2024-07-24 09:50:00-04:00,26.450000762939453,26.450000762939453,26.31999969482422,26.31999969482422,4899,0.0,0.0
2024-07-24 10:00:00-04:00,26.273399353027344,26.273399353027344,26.273399353027344,26.273399353027344,889,0.0,0.0
2024-07-24 10:30:00-04:00,26.350000381469727,26.350000381469727,26.350000381469727,26.350000381469727,695,0.0,0.0
2024-07-24 10:50:00-04:00,26.354999542236328,26.420000076293945,26.354999542236328,26.420000076293945,316,0.0,0.0
2024-07-24 10:55:00-04:00,26.360000610351562,26.360000610351562,26.360000610351562,26.360000610351562,205,0.0,0.0
2024-07-24 11:10:00-04:00,26.299999237060547,26.299999237060547,26.299999237060547,26.299999237060547,499,0.0,0.0
2024-07-24 11:15:00-04:00,26.2549991607666,26.2549991607666,26.2549991607666,26.2549991607666,120,0.0,0.0
2024-07-24 11:25:00-04:00,26.25279998779297,26.25279998779297,26.25279998779297,26.25279998779297,208,0.0,0.0
2024-07-24 11:30:00-04:00,26.200000762939453,26.200000762939453,26.190000534057617,26.190000534057617,644,0.0,0.0
2024-07-24 11:35:00-04:00,26.299999237060547,26.299999237060547,26.299999237060547,26.299999237060547,579,0.0,0.0
2024-07-24 11:50:00-04:00,26.264999389648438,26.264999389648438,26.229999542236328,26.229999542236328,612,0.0,0.0
2024-07-24 12:00:00-04:00,26.264999389648438,26.264999389648438,26.264999389648438,26.264999389648438,332,0.0,0.0
2024-07-24 12:05:00-04:00,26.264999389648438,26.264999389648438,26.264999389648438,26.264999389648438,391,0.0,0.0
2024-07-24 12:30:00-04:00,26.229999542236328,26.229999542236328,26.10700035095215,26.190000534057617,728,0.0,0.0
2024-07-24 12:35:00-04:00,26.121000289916992,26.121000289916992,26.121000289916992,26.121000289916992,247,0.0,0.0
2024-07-24 12:40:00-04:00,26.190000534057617,26.225000381469727,26.190000534057617,26.225000381469727,418,0.0,0.0
2024-07-24 12:45:00-04:00,26.225000381469727,26.225000381469727,26.225000381469727,26.225000381469727,0,0.0,0.0
2024-07-24 13:00:00-04:00,26.2450008392334,26.29990005493164,26.2450008392334,26.2549991607666,1724,0.0,0.0
2024-07-24 13:10:00-04:00,26.260000228881836,26.260000228881836,26.260000228881836,26.260000228881836,572,0.0,0.0
2024-07-24 13:30:00-04:00,26.270000457763672,26.270000457763672,26.270000457763672,26.270000457763672,402,0.0,0.0
2024-07-24 13:40:00-04:00,26.299999237060547,26.299999237060547,26.299999237060547,26.299999237060547,300,0.0,0.0
2024-07-24 14:05:00-04:00,26.315000534057617,26.315000534057617,26.315000534057617,26.315000534057617,533,0.0,0.0
2024-07-24 14:20:00-04:00,26.323699951171875,26.323699951171875,26.323699951171875,26.323699951171875,577,0.0,0.0
2024-07-24 14:25:00-04:00,26.260000228881836,26.280000686645508,26.190000534057617,26.190000534057617,2418,0.0,0.0
2024-07-24 14:45:00-04:00,26.100000381469727,26.110000610351562,26.09000015258789,26.09000015258789,2696,0.0,0.0
2024-07-24 15:00:00-04:00,26.049999237060547,26.049999237060547,26.049999237060547,26.049999237060547,300,0.0,0.0
2024-07-24 15:10:00-04:00,26.084999084472656,26.084999084472656,26.084999084472656,26.084999084472656,562,0.0,0.0
2024-07-24 15:15:00-04:00,26.094999313354492,26.094999313354492,26.059999465942383,26.059999465942383,489,0.0,0.0
2024-07-24 15:20:00-04:00,26.1200008392334,26.1200008392334,26.1200008392334,26.1200008392334,600,0.0,0.0
2024-07-24 15:35:00-04:00,26.075000762939453,26.075000762939453,26.030000686645508,26.030000686645508,731,0.0,0.0
2024-07-24 15:40:00-04:00,26.020000457763672,26.020000457763672,26.020000457763672,26.020000457763672,402,0.0,0.0
2024-07-24 15:45:00-04:00,26.049999237060547,26.049999237060547,26.030000686645508,26.049999237060547,874,0.0,0.0
2024-07-24 15:50:00-04:00,26.049999237060547,26.049999237060547,25.905000686645508,25.905000686645508,1207,0.0,0.0
2024-07-24 15:55:00-04:00,25.96500015258789,25.969999313354492,25.93000030517578,25.969999313354492,2145,0.0,0.0
2024-07-25 09:30:00-04:00,26.09000015258789,26.09000015258789,26.09000015258789,26.09000015258789,452,0.0,0.0
2024-07-25 09:45:00-04:00,26.06999969482422,26.06999969482422,26.06999969482422,26.06999969482422,364,0.0,0.0
2024-07-25 09:55:00-04:00,25.94499969482422,25.94499969482422,25.8799991607666,25.94499969482422,457,0.0,0.0
2024-07-25 10:15:00-04:00,25.899999618530273,25.979999542236328,25.899999618530273,25.979999542236328,2803,0.0,0.0
2024-07-25 10:20:00-04:00,25.979999542236328,25.979999542236328,25.959999084472656,25.959999084472656,3626,0.0,0.0
2024-07-25 10:30:00-04:00,25.979999542236328,26.059999465942383,25.979999542236328,26.059999465942383,627,0.0,0.0
2024-07-25 10:35:00-04:00,26.06999969482422,26.06999969482422,26.052499771118164,26.052499771118164,675,0.0,0.0
2024-07-25 10:45:00-04:00,26.040000915527344,26.040000915527344,26.040000915527344,26.040000915527344,241,0.0,0.0
2024-07-25 10:50:00-04:00,26.040000915527344,26.079999923706055,26.040000915527344,26.065000534057617,3851,0.0,0.0
2024-07-25 10:55:00-04:00,26.06999969482422,26.1200008392334,26.06999969482422,26.1200008392334,2791,0.0,0.0
2024-07-25 11:15:00-04:00,26.43000030517578,26.43000030517578,26.43000030517578,26.43000030517578,753,0.0,0.0
2024-07-25 11:35:00-04:00,26.3700008392334,26.3700008392334,26.3700008392334,26.3700008392334,221,0.0,0.0
2024-07-25 11:40:00-04:00,26.290000915527344,26.290000915527344,26.290000915527344,26.290000915527344,141,0.0,0.0
2024-07-25 11:45:00-04:00,26.290000915527344,26.290000915527344,26.290000915527344,26.290000915527344,327,0.0,0.0
2024-07-25 12:05:00-04:00,26.420000076293945,26.439899444580078,26.420000076293945,26.439899444580078,790,0.0,0.0
2024-07-25 12:40:00-04:00,26.440000534057617,26.440000534057617,26.440000534057617,26.440000534057617,1553,0.0,0.0
2024-07-25 13:00:00-04:00,26.510000228881836,26.510000228881836,26.510000228881836,26.510000228881836,200,0.0,0.0
2024-07-25 13:05:00-04:00,26.452999114990234,26.452999114990234,26.452999114990234,26.452999114990234,791,0.0,0.0
2024-07-25 13:20:00-04:00,26.563499450683594,26.563499450683594,26.563499450683594,26.563499450683594,128,0.0,0.0
2024-07-25 13:30:00-04:00,26.579999923706055,26.579999923706055,26.55030059814453,26.55030059814453,408,0.0,0.0
2024-07-25 13:35:00-04:00,26.53499984741211,26.53499984741211,26.53499984741211,26.53499984741211,269,0.0,0.0
2024-07-25 13:40:00-04:00,26.507999420166016,26.507999420166016,26.507999420166016,26.507999420166016,1765,0.0,0.0
2024-07-25 13:45:00-04:00,26.479999542236328,26.5049991607666,26.469999313354492,26.475000381469727,2470,0.0,0.0
2024-07-25 13:50:00-04:00,26.469999313354492,26.469999313354492,26.415000915527344,26.415000915527344,800,0.0,0.0
2024-07-25 14:00:00-04:00,26.449800491333008,26.469999313354492,26.43000030517578,26.469999313354492,1404,0.0,0.0
2024-07-25 14:10:00-04:00,26.479999542236328,26.489999771118164,26.479999542236328,26.489999771118164,315,0.0,0.0
2024-07-25 14:15:00-04:00,26.489999771118164,26.489999771118164,26.489999771118164,26.489999771118164,569,0.0,0.0
2024-07-25 14:40:00-04:00,26.4950008392334,26.4950008392334,26.420000076293945,26.479999542236328,496,0.0,0.0
2024-07-25 14:45:00-04:00,26.389999389648438,26.40999984741211,26.389999389648438,26.40999984741211,227,0.0,0.0
2024-07-25 14:50:00-04:00,26.389999389648438,26.405000686645508,26.389999389648438,26.405000686645508,328,0.0,0.0
2024-07-25 14:55:00-04:00,26.440000534057617,26.440000534057617,26.440000534057617,26.440000534057617,174,0.0,0.0
2024-07-25 15:05:00-04:00,26.3700008392334,26.3700008392334,26.3700008392334,26.3700008392334,667,0.0,0.0
2024-07-25 15:20:00-04:00,26.420000076293945,26.424999237060547,26.420000076293945,26.424999237060547,764,0.0,0.0
2024-07-25 15:25:00-04:00,26.440000534057617,26.440000534057617,26.440000534057617,26.440000534057617,929,0.0,0.0
2024-07-25 15:35:00-04:00,26.459999084472656,26.489999771118164,26.454999923706055,26.489999771118164,1655,0.0,0.0
2024-07-25 15:40:00-04:00,26.475000381469727,26.475000381469727,26.450000762939453,26.450000762939453,838,0.0,0.0
2024-07-25 15:45:00-04:00,26.475000381469727,26.475000381469727,26.399999618530273,26.450000762939453,2674,0.0,0.0
2024-07-25 15:50:00-04:00,26.3799991607666,26.3799991607666,26.350000381469727,26.350000381469727,1050,0.0,0.0
2024-07-25 15:55:00-04:00,26.31999969482422,26.389999389648438,26.290000915527344,26.3700008392334,2651,0.0,0.0
2024-07-26 09:30:00-04:00,26.6200008392334,26.6200008392334,26.6200008392334,26.6200008392334,193,0.0,0.0
2024-07-26 09:35:00-04:00,26.600000381469727,26.6200008392334,26.600000381469727,26.6200008392334,424,0.0,0.0
2024-07-26 09:40:00-04:00,26.809900283813477,26.809900283813477,26.809900283813477,26.809900283813477,201,0.0,0.0
2024-07-26 09:45:00-04:00,26.809999465942383,26.809999465942383,26.809999465942383,26.809999465942383,652,0.0,0.0
2024-07-26 10:30:00-04:00,26.812000274658203,26.889999389648438,26.812000274658203,26.8799991607666,470,0.0,0.0
2024-07-26 10:35:00-04:00,26.71500015258789,26.71500015258789,26.71500015258789,26.71500015258789,129,0.0,0.0
2024-07-26 10:50:00-04:00,26.753999710083008,26.8799991607666,26.725000381469727,26.860000610351562,724,0.0,0.0
2024-07-26 10:55:00-04:00,26.860000610351562,26.8799991607666,26.860000610351562,26.8799991607666,318,0.0,0.0
2024-07-26 11:00:00-04:00,26.856199264526367,26.8799991607666,26.799999237060547,26.799999237060547,434,0.0,0.0
2024-07-26 11:05:00-04:00,26.770000457763672,26.770000457763672,26.770000457763672,26.770000457763672,411,0.0,0.0
2024-07-26 11:15:00-04:00,26.799999237060547,26.799999237060547,26.799999237060547,26.799999237060547,324,0.0,0.0
2024-07-26 11:25:00-04:00,26.79990005493164,26.79990005493164,26.79990005493164,26.79990005493164,278,0.0,0.0
2024-07-26 11:30:00-04:00,26.799999237060547,26.799999237060547,26.780000686645508,26.780000686645508,1150,0.0,0.0
2024-07-26 11:40:00-04:00,26.771799087524414,26.771799087524414,26.65999984741211,26.760000228881836,1431,0.0,0.0
2024-07-26 11:55:00-04:00,26.859899520874023,26.859899520874023,26.859899520874023,26.859899520874023,454,0.0,0.0
2024-07-26 12:00:00-04:00,26.860000610351562,26.860000610351562,26.860000610351562,26.860000610351562,1793,0.0,0.0
2024-07-26 12:20:00-04:00,26.899999618530273,26.899999618530273,26.899999618530273,26.899999618530273,624,0.0,0.0
2024-07-26 12:50:00-04:00,26.790000915527344,26.790000915527344,26.790000915527344,26.790000915527344,464,0.0,0.0
2024-07-26 12:55:00-04:00,26.93720054626465,26.93720054626465,26.93720054626465,26.93720054626465,1130,0.0,0.0
2024-07-26 13:10:00-04:00,26.899999618530273,26.899999618530273,26.8799991607666,26.8799991607666,522,0.0,0.0
2024-07-26 13:20:00-04:00,26.889999389648438,26.889999389648438,26.889999389648438,26.889999389648438,407,0.0,0.0
2024-07-26 13:25:00-04:00,26.8799991607666,26.8799991607666,26.625,26.625,2110,0.0,0.0
2024-07-26 13:40:00-04:00,26.59000015258789,26.6200008392334,26.59000015258789,26.6200008392334,637,0.0,0.0
2024-07-26 14:05:00-04:00,26.674999237060547,26.674999237060547,26.674999237060547,26.674999237060547,495,0.0,0.0
2024-07-26 14:20:00-04:00,26.549999237060547,26.549999237060547,26.549999237060547,26.549999237060547,437,0.0,0.0
2024-07-26 14:40:00-04:00,26.530000686645508,26.530000686645508,26.530000686645508,26.530000686645508,581,0.0,0.0
2024-07-26 14:55:00-04:00,26.53499984741211,26.53499984741211,26.53499984741211,26.53499984741211,908,0.0,0.0
2024-07-26 15:10:00-04:00,26.559999465942383,26.559999465942383,26.559999465942383,26.559999465942383,563,0.0,0.0
2024-07-26 15:15:00-04:00,26.540000915527344,26.540000915527344,26.540000915527344,26.540000915527344,294,0.0,0.0
2024-07-26 15:20:00-04:00,26.553300857543945,26.553300857543945,26.549999237060547,26.549999237060547,520,0.0,0.0
2024-07-26 15:30:00-04:00,26.700000762939453,26.700000762939453,26.59000015258789,26.59000015258789,474,0.0,0.0
2024-07-26 15:35:00-04:00,26.59000015258789,26.59000015258789,26.5,26.584999084472656,911,0.0,0.0
2024-07-26 15:40:00-04:00,26.540000915527344,26.540000915527344,26.540000915527344,26.540000915527344,200,0.0,0.0
2024-07-26 15:45:00-04:00,26.59000015258789,26.59000015258789,26.43000030517578,26.440000534057617,4433,0.0,0.0
2024-07-26 15:50:00-04:00,26.600000381469727,26.600000381469727,26.5,26.5,1565,0.0,0.0
2024-07-26 15:55:00-04:00,26.450000762939453,26.450000762939453,26.40999984741211,26.450000762939453,4053,0.0,0.0
2024-07-29 09:30:00-04:00,26.309999465942383,26.309999465942383,26.309999465942383,26.309999465942383,2948,0.0,0.0
2024-07-29 09:35:00-04:00,26.1299991607666,26.354999542236328,26.049999237060547,26.059999465942383,1326,0.0,0.0
2024-07-29 09:45:00-04:00,26.274999618530273,26.274999618530273,26.274999618530273,26.274999618530273,567,0.0,0.0
2024-07-29 09:50:00-04:00,26.448699951171875,26.448699951171875,26.315000534057617,26.315000534057617,355,0.0,0.0
2024-07-29 09:55:00-04:00,26.454999923706055,26.59000015258789,26.40999984741211,26.469999313354492,2792,0.0,0.0
2024-07-29 10:00:00-04:00,26.5,26.510000228881836,26.5,26.510000228881836,440,0.0,0.0
2024-07-29 10:10:00-04:00,26.594999313354492,26.6200008392334,26.594999313354492,26.6200008392334,908,0.0,0.0
2024-07-29 10:25:00-04:00,26.549999237060547,26.549999237060547,26.5,26.5,2383,0.0,0.0
2024-07-29 10:35:00-04:00,26.600000381469727,26.600000381469727,26.600000381469727,26.600000381469727,550,0.0,0.0
2024-07-29 10:40:00-04:00,26.690000534057617,26.690000534057617,26.68000030517578,26.68000030517578,566,0.0,0.0
2024-07-29 10:45:00-04:00,26.75,26.75,26.75,26.75,1105,0.0,0.0
2024-07-29 10:50:00-04:00,26.759000778198242,26.799999237060547,26.759000778198242,26.799999237060547,422,0.0,0.0
2024-07-29 10:55:00-04:00,26.69499969482422,26.69499969482422,26.69499969482422,26.69499969482422,429,0.0,0.0
2024-07-29 11:00:00-04:00,26.75,26.75,26.75,26.75,328,0.0,0.0
2024-07-29 11:10:00-04:00,26.798500061035156,26.798500061035156,26.75,26.75,2067,0.0,0.0
2024-07-29 11:20:00-04:00,26.729999542236328,26.729999542236328,26.729999542236328,26.729999542236328,200,0.0,0.0
2024-07-29 11:25:00-04:00,26.729999542236328,26.729999542236328,26.729999542236328,26.729999542236328,342,0.0,0.0
2024-07-29 11:30:00-04:00,26.719999313354492,26.719999313354492,26.719999313354492,26.719999313354492,656,0.0,0.0
2024-07-29 11:50:00-04:00,26.625,26.729999542236328,26.625,26.729999542236328,1191,0.0,0.0
2024-07-29 11:55:00-04:00,26.69260025024414,26.7450008392334,26.610300064086914,26.610300064086914,1230,0.0,0.0
2024-07-29 12:10:00-04:00,26.75,26.75,26.739999771118164,26.739999771118164,526,0.0,0.0
2024-07-29 12:15:00-04:00,26.735000610351562,26.735000610351562,26.735000610351562,26.735000610351562,3964,0.0,0.0
2024-07-29 12:20:00-04:00,26.670000076293945,26.670000076293945,26.670000076293945,26.670000076293945,289,0.0,0.0
2024-07-29 12:25:00-04:00,26.518600463867188,26.518600463867188,26.518600463867188,26.518600463867188,345,0.0,0.0
2024-07-29 12:40:00-04:00,26.610000610351562,26.610000610351562,26.610000610351562,26.610000610351562,686,0.0,0.0
2024-07-29 12:55:00-04:00,26.6299991607666,26.6299991607666,26.6299991607666,26.6299991607666,319,0.0,0.0
2024-07-29 13:00:00-04:00,26.6299991607666,26.6299991607666,26.6299991607666,26.6299991607666,285,0.0,0.0
2024-07-29 13:05:00-04:00,26.6299991607666,26.6299991607666,26.625,26.625,1047,0.0,0.0
2024-07-29 13:25:00-04:00,26.700000762939453,26.700000762939453,26.6200008392334,26.65999984741211,639,0.0,0.0
2024-07-29 13:30:00-04:00,26.6200008392334,26.6200008392334,26.559999465942383,26.614999771118164,403,0.0,0.0
2024-07-29 13:35:00-04:00,26.549999237060547,26.67889976501465,26.549999237060547,26.67889976501465,494,0.0,0.0
2024-07-29 13:40:00-04:00,26.56999969482422,26.610000610351562,26.549999237060547,26.549999237060547,5485,0.0,0.0
2024-07-29 13:50:00-04:00,26.442800521850586,26.442800521850586,26.442800521850586,26.442800521850586,604,0.0,0.0
2024-07-29 13:55:00-04:00,26.489999771118164,26.601999282836914,26.489999771118164,26.601999282836914,1834,0.0,0.0
2024-07-29 14:00:00-04:00,26.5,26.535999298095703,26.5,26.535999298095703,201,0.0,0.0
2024-07-29 14:05:00-04:00,26.614999771118164,26.614999771118164,26.614999771118164,26.614999771118164,0,0.0,0.0
2024-07-29 14:15:00-04:00,26.614999771118164,26.614999771118164,26.614999771118164,26.614999771118164,3496,0.0,0.0
2024-07-29 14:20:00-04:00,26.584999084472656,26.584999084472656,26.584999084472656,26.584999084472656,202,0.0,0.0
2024-07-29 14:25:00-04:00,26.5,26.5,26.5,26.5,28,0.0,0.0
2024-07-29 14:30:00-04:00,26.485000610351562,26.485000610351562,26.485000610351562,26.485000610351562,283,0.0,0.0
2024-07-29 14:35:00-04:00,26.40999984741211,26.40999984741211,26.399999618530273,26.399999618530273,527,0.0,0.0
2024-07-29 14:45:00-04:00,26.43000030517578,26.43000030517578,26.43000030517578,26.43000030517578,137,0.0,0.0
2024-07-29 14:50:00-04:00,26.43000030517578,26.43000030517578,26.420000076293945,26.420000076293945,466,0.0,0.0
2024-07-29 15:05:00-04:00,26.565000534057617,26.565000534057617,26.565000534057617,26.565000534057617,114,0.0,0.0
2024-07-29 15:10:00-04:00,26.559999465942383,26.559999465942383,26.559999465942383,26.559999465942383,143,0.0,0.0
2024-07-29 15:20:00-04:00,26.559999465942383,26.559999465942383,26.479999542236328,26.479999542236328,799,0.0,0.0
2024-07-29 15:25:00-04:00,26.559999465942383,26.559999465942383,26.559999465942383,26.559999465942383,215,0.0,0.0
2024-07-29 15:30:00-04:00,26.55500030517578,26.55500030517578,26.489999771118164,26.489999771118164,406,0.0,0.0
2024-07-29 15:35:00-04:00,26.55500030517578,26.55500030517578,26.55500030517578,26.55500030517578,216,0.0,0.0
2024-07-29 15:40:00-04:00,26.545000076293945,26.545000076293945,26.545000076293945,26.545000076293945,196,0.0,0.0
2024-07-29 15:45:00-04:00,26.545000076293945,26.545000076293945,26.545000076293945,26.545000076293945,180,0.0,0.0
2024-07-29 15:50:00-04:00,26.520000457763672,26.549999237060547,26.440000534057617,26.514999389648438,2400,0.0,0.0
2024-07-29 15:55:00-04:00,26.459999084472656,26.5049991607666,26.450000762939453,26.5,1622,0.0,0.0
2024-07-30 09:30:00-04:00,26.559999465942383,26.559999465942383,26.559999465942383,26.559999465942383,579,0.0,0.0
2024-07-30 09:50:00-04:00,26.60919952392578,26.60919952392578,26.60919952392578,26.60919952392578,168,0.0,0.0
2024-07-30 10:00:00-04:00,26.670000076293945,26.729999542236328,26.670000076293945,26.729999542236328,851,0.0,0.0
2024-07-30 10:05:00-04:00,26.739999771118164,26.739999771118164,26.739999771118164,26.739999771118164,231,0.0,0.0
2024-07-30 10:15:00-04:00,26.739999771118164,26.739999771118164,26.670000076293945,26.739999771118164,404,0.0,0.0
2024-07-30 10:20:00-04:00,26.790000915527344,26.790000915527344,26.790000915527344,26.790000915527344,190,0.0,0.0
2024-07-30 10:25:00-04:00,26.69499969482422,26.69499969482422,26.69499969482422,26.69499969482422,615,0.0,0.0
2024-07-30 10:30:00-04:00,26.71299934387207,26.790000915527344,26.65999984741211,26.65999984741211,585,0.0,0.0
2024-07-30 10:35:00-04:00,26.772499084472656,26.772499084472656,26.772499084472656,26.772499084472656,60,0.0,0.0
2024-07-30 10:45:00-04:00,26.700000762939453,26.790000915527344,26.700000762939453,26.700000762939453,2505,0.0,0.0
2024-07-30 10:50:00-04:00,26.704999923706055,26.8799991607666,26.704999923706055,26.795000076293945,3501,0.0,0.0
2024-07-30 10:55:00-04:00,26.84000015258789,26.84000015258789,26.770000457763672,26.770000457763672,493,0.0,0.0
2024-07-30 11:00:00-04:00,26.764999389648438,26.764999389648438,26.764999389648438,26.764999389648438,2106,0.0,0.0
2024-07-30 11:05:00-04:00,26.70800018310547,26.735000610351562,26.70800018310547,26.735000610351562,937,0.0,0.0
2024-07-30 11:10:00-04:00,26.72599983215332,26.739999771118164,26.715599060058594,26.739999771118164,840,0.0,0.0
2024-07-30 11:15:00-04:00,26.719999313354492,26.719999313354492,26.719999313354492,26.719999313354492,354,0.0,0.0
2024-07-30 11:20:00-04:00,26.74250030517578,26.780000686645508,26.709999084472656,26.709999084472656,3254,0.0,0.0
2024-07-30 11:25:00-04:00,26.7450008392334,26.7450008392334,26.639999389648438,26.717500686645508,1325,0.0,0.0
2024-07-30 11:35:00-04:00,26.66790008544922,26.66790008544922,26.66790008544922,26.66790008544922,3120,0.0,0.0
2024-07-30 11:40:00-04:00,26.69499969482422,26.69499969482422,26.69499969482422,26.69499969482422,161,0.0,0.0
2024-07-30 11:45:00-04:00,26.700000762939453,26.700000762939453,26.700000762939453,26.700000762939453,200,0.0,0.0
2024-07-30 11:55:00-04:00,26.670000076293945,26.704999923706055,26.6299991607666,26.704999923706055,853,0.0,0.0
2024-07-30 12:00:00-04:00,26.610000610351562,26.65999984741211,26.610000610351562,26.65999984741211,236,0.0,0.0
2024-07-30 12:05:00-04:00,26.610000610351562,26.610000610351562,26.56999969482422,26.56999969482422,677,0.0,0.0
2024-07-30 12:50:00-04:00,26.56999969482422,26.56999969482422,26.56999969482422,26.56999969482422,460,0.0,0.0
2024-07-30 13:00:00-04:00,26.690000534057617,26.690000534057617,26.690000534057617,26.690000534057617,0,0.0,0.0
2024-07-30 13:05:00-04:00,26.625,26.625,26.604999542236328,26.604999542236328,1101,0.0,0.0
2024-07-30 13:10:00-04:00,26.614999771118164,26.614999771118164,26.55500030517578,26.55500030517578,24911,0.0,0.0
2024-07-30 13:15:00-04:00,26.549999237060547,26.55500030517578,26.549999237060547,26.55500030517578,8113,0.0,0.0
2024-07-30 13:20:00-04:00,26.55500030517578,26.55500030517578,26.510000228881836,26.55500030517578,12417,0.0,0.0
2024-07-30 13:25:00-04:00,26.55500030517578,26.55500030517578,26.5,26.55500030517578,6954,0.0,0.0
2024-07-30 13:30:00-04:00,26.55500030517578,26.55500030517578,26.454999923706055,26.5,2815,0.0,0.0
2024-07-30 13:35:00-04:00,26.5,26.549999237060547,26.5,26.5,801,0.0,0.0
2024-07-30 13:40:00-04:00,26.5,26.514999389648438,26.5,26.514999389648438,312,0.0,0.0
2024-07-30 13:45:00-04:00,26.450000762939453,26.450000762939453,26.450000762939453,26.450000762939453,102,0.0,0.0
2024-07-30 13:50:00-04:00,26.520000457763672,26.520000457763672,26.520000457763672,26.520000457763672,317,0.0,0.0
2024-07-30 14:00:00-04:00,26.520000457763672,26.579999923706055,26.5,26.53499984741211,1059,0.0,0.0
2024-07-30 14:05:00-04:00,26.540000915527344,26.540000915527344,26.540000915527344,26.540000915527344,200,0.0,0.0
2024-07-30 14:15:00-04:00,26.5,26.56999969482422,26.5,26.56999969482422,1662,0.0,0.0
2024-07-30 14:20:00-04:00,26.56999969482422,26.579999923706055,26.510000228881836,26.510000228881836,2015,0.0,0.0
2024-07-30 14:25:00-04:00,26.549999237060547,26.549999237060547,26.549999237060547,26.549999237060547,390,0.0,0.0
2024-07-30 14:35:00-04:00,26.450000762939453,26.450000762939453,26.450000762939453,26.450000762939453,233,0.0,0.0
2024-07-30 14:40:00-04:00,26.5,26.5,26.5,26.5,210,0.0,0.0
2024-07-30 14:45:00-04:00,26.4950008392334,26.4950008392334,26.4950008392334,26.4950008392334,248,0.0,0.0
2024-07-30 15:00:00-04:00,26.46500015258789,26.46500015258789,26.46500015258789,26.46500015258789,221,0.0,0.0
2024-07-30 15:05:00-04:00,26.5,26.5,26.5,26.5,232,0.0,0.0
2024-07-30 15:25:00-04:00,26.5,26.579999923706055,26.5,26.579999923706055,1150,0.0,0.0
2024-07-30 15:30:00-04:00,26.510000228881836,26.544700622558594,26.459999084472656,26.544700622558594,1173,0.0,0.0
2024-07-30 15:35:00-04:00,26.43000030517578,26.43000030517578,26.43000030517578,26.43000030517578,104,0.0,0.0
2024-07-30 15:40:00-04:00,26.43000030517578,26.469999313354492,26.43000030517578,26.43000030517578,1471,0.0,0.0
2024-07-30 15:45:00-04:00,26.43000030517578,26.467500686645508,26.3799991607666,26.399999618530273,3152,0.0,0.0
2024-07-30 15:50:00-04:00,26.440000534057617,26.440000534057617,26.389999389648438,26.389999389648438,3053,0.0,0.0
2024-07-30 15:55:00-04:00,26.389999389648438,26.4325008392334,26.309999465942383,26.309999465942383,4051,0.0,0.0
2024-07-31 09:30:00-04:00,26.559999465942383,26.780000686645508,26.559999465942383,26.780000686645508,1902,0.0,0.0
2024-07-31 09:35:00-04:00,26.700000762939453,26.700000762939453,26.610000610351562,26.670000076293945,1054,0.0,0.0
2024-07-31 09:45:00-04:00,26.59000015258789,26.59000015258789,26.59000015258789,26.59000015258789,756,0.0,0.0
2024-07-31 10:25:00-04:00,26.579999923706055,26.579999923706055,26.579999923706055,26.579999923706055,297,0.0,0.0
2024-07-31 10:30:00-04:00,26.56999969482422,26.697799682617188,26.56999969482422,26.639999389648438,3833,0.0,0.0
2024-07-31 10:45:00-04:00,26.674999237060547,26.729999542236328,26.674999237060547,26.729999542236328,1582,0.0,0.0
2024-07-31 10:50:00-04:00,26.729999542236328,26.729999542236328,26.729999542236328,26.729999542236328,372,0.0,0.0
2024-07-31 11:00:00-04:00,26.690000534057617,26.690000534057617,26.690000534057617,26.690000534057617,519,0.0,0.0
2024-07-31 11:05:00-04:00,26.700000762939453,26.700000762939453,26.65999984741211,26.65999984741211,1213,0.0,0.0
2024-07-31 11:35:00-04:00,26.700000762939453,26.700000762939453,26.700000762939453,26.700000762939453,1364,0.0,0.0
2024-07-31 11:40:00-04:00,26.74920082092285,26.74920082092285,26.74920082092285,26.74920082092285,481,0.0,0.0
2024-07-31 11:50:00-04:00,26.690000534057617,26.690000534057617,26.690000534057617,26.690000534057617,2991,0.0,0.0
2024-07-31 12:30:00-04:00,26.93470001220703,26.93470001220703,26.93470001220703,26.93470001220703,689,0.0,0.0
2024-07-31 13:15:00-04:00,26.8700008392334,26.8700008392334,26.8700008392334,26.8700008392334,300,0.0,0.0
2024-07-31 13:20:00-04:00,26.809999465942383,26.809999465942383,26.809999465942383,26.809999465942383,195,0.0,0.0
2024-07-31 13:25:00-04:00,26.860000610351562,26.860000610351562,26.852500915527344,26.852500915527344,460,0.0,0.0
2024-07-31 13:30:00-04:00,26.81999969482422,26.84000015258789,26.81999969482422,26.84000015258789,1013,0.0,0.0
2024-07-31 13:35:00-04:00,26.78499984741211,26.78499984741211,26.78499984741211,26.78499984741211,372,0.0,0.0
2024-07-31 13:40:00-04:00,26.81999969482422,26.81999969482422,26.809999465942383,26.809999465942383,298,0.0,0.0
2024-07-31 13:50:00-04:00,26.81999969482422,26.81999969482422,26.81999969482422,26.81999969482422,475,0.0,0.0
2024-07-31 13:55:00-04:00,26.75,26.75,26.68199920654297,26.68199920654297,702,0.0,0.0
2024-07-31 14:10:00-04:00,26.8700008392334,26.8799991607666,26.760000228881836,26.760000228881836,1396,0.0,0.0
2024-07-31 14:15:00-04:00,26.799999237060547,26.799999237060547,26.799999237060547,26.799999237060547,513,0.0,0.0
2024-07-31 14:20:00-04:00,26.75,26.75,26.725000381469727,26.725000381469727,930,0.0,0.0
2024-07-31 14:25:00-04:00,26.725000381469727,26.725000381469727,26.725000381469727,26.725000381469727,1154,0.0,0.0
2024-07-31 14:30:00-04:00,26.764999389648438,26.770000457763672,26.760000228881836,26.770000457763672,1380,0.0,0.0
2024-07-31 14:35:00-04:00,26.665000915527344,26.719999313354492,26.649999618530273,26.719999313354492,1216,0.0,0.0
2024-07-31 14:40:00-04:00,26.75,26.75,26.729999542236328,26.729999542236328,444,0.0,0.0
2024-07-31 14:45:00-04:00,26.735000610351562,26.850000381469727,26.735000610351562,26.825000762939453,3778,0.0,0.0
2024-07-31 14:50:00-04:00,26.850000381469727,26.850000381469727,26.790000915527344,26.850000381469727,1887,0.0,0.0
2024-07-31 14:55:00-04:00,26.809999465942383,26.809999465942383,26.799999237060547,26.799999237060547,363,0.0,0.0
2024-07-31 15:00:00-04:00,26.868000030517578,27.059999465942383,26.860000610351562,27.059999465942383,7286,0.0,0.0
2024-07-31 15:05:00-04:00,27.059999465942383,27.059999465942383,26.940000534057617,26.940000534057617,727,0.0,0.0
2024-07-31 15:10:00-04:00,26.91010093688965,27.010000228881836,26.91010093688965,26.989999771118164,1104,0.0,0.0
2024-07-31 15:15:00-04:00,26.989999771118164,26.989999771118164,26.8700008392334,26.8700008392334,2071,0.0,0.0
2024-07-31 15:20:00-04:00,26.850000381469727,26.850000381469727,26.850000381469727,26.850000381469727,10,0.0,0.0
2024-07-31 15:25:00-04:00,26.799999237060547,26.799999237060547,26.600000381469727,26.600000381469727,1215,0.0,0.0
2024-07-31 15:30:00-04:00,26.719999313354492,26.719999313354492,26.520000457763672,26.6200008392334,2886,0.0,0.0
2024-07-31 15:35:00-04:00,26.65999984741211,26.809999465942383,26.65999984741211,26.809999465942383,1520,0.0,0.0
2024-07-31 15:40:00-04:00,26.799999237060547,26.829999923706055,26.799999237060547,26.829999923706055,1261,0.0,0.0
2024-07-31 15:45:00-04:00,26.68000030517578,26.809900283813477,26.645000457763672,26.645000457763672,2963,0.0,0.0
2024-07-31 15:50:00-04:00,26.610000610351562,26.665000915527344,26.59000015258789,26.639999389648438,3112,0.0,0.0
2024-07-31 15:55:00-04:00,26.559999465942383,26.6200008392334,26.479999542236328,26.479999542236328,5990,0.0,0.0
2024-08-01 09:30:00-04:00,26.81999969482422,26.81999969482422,26.81999969482422,26.81999969482422,10672,0.0,0.0
2024-08-01 09:45:00-04:00,26.690000534057617,26.690000534057617,26.690000534057617,26.690000534057617,472,0.0,0.0
2024-08-01 09:50:00-04:00,26.780000686645508,26.780000686645508,26.780000686645508,26.780000686645508,128,0.0,0.0
2024-08-01 09:55:00-04:00,26.684999465942383,26.684999465942383,26.684999465942383,26.684999465942383,1191,0.0,0.0
2024-08-01 10:00:00-04:00,26.584800720214844,26.584800720214844,26.584800720214844,26.584800720214844,1083,0.0,0.0
2024-08-01 10:05:00-04:00,26.56999969482422,26.56999969482422,26.56999969482422,26.56999969482422,605,0.0,0.0
2024-08-01 10:20:00-04:00,26.450000762939453,26.450000762939453,26.450000762939453,26.450000762939453,221,0.0,0.0
2024-08-01 10:30:00-04:00,26.375,26.41200065612793,26.360000610351562,26.364999771118164,829,0.0,0.0
2024-08-01 10:35:00-04:00,26.360000610351562,26.360000610351562,26.360000610351562,26.360000610351562,200,0.0,0.0
2024-08-01 10:40:00-04:00,26.344999313354492,26.344999313354492,26.344999313354492,26.344999313354492,842,0.0,0.0
2024-08-01 10:50:00-04:00,26.25,26.25,26.25,26.25,200,0.0,0.0
2024-08-01 10:55:00-04:00,26.40999984741211,26.415000915527344,26.239999771118164,26.290000915527344,2811,0.0,0.0
2024-08-01 11:10:00-04:00,26.309999465942383,26.309999465942383,26.239999771118164,26.239999771118164,1567,0.0,0.0
2024-08-01 11:25:00-04:00,26.30419921875,26.30419921875,26.30419921875,26.30419921875,494,0.0,0.0
2024-08-01 11:40:00-04:00,26.200000762939453,26.280000686645508,26.190000534057617,26.280000686645508,978,0.0,0.0
2024-08-01 11:45:00-04:00,26.110000610351562,26.239999771118164,26.110000610351562,26.178699493408203,524,0.0,0.0
2024-08-01 11:50:00-04:00,26.1299991607666,26.1299991607666,26.020000457763672,26.020000457763672,4319,0.0,0.0
2024-08-01 11:55:00-04:00,26.179899215698242,26.179899215698242,26.179899215698242,26.179899215698242,702,0.0,0.0
2024-08-01 12:00:00-04:00,26.190000534057617,26.190000534057617,26.190000534057617,26.190000534057617,146,0.0,0.0
2024-08-01 12:05:00-04:00,26.155000686645508,26.155000686645508,26.155000686645508,26.155000686645508,101,0.0,0.0
2024-08-01 12:10:00-04:00,26.229999542236328,26.229999542236328,26.229999542236328,26.229999542236328,413,0.0,0.0
2024-08-01 12:20:00-04:00,26.1299991607666,26.1299991607666,26.1299991607666,26.1299991607666,169,0.0,0.0
2024-08-01 12:35:00-04:00,26.280000686645508,26.280000686645508,26.1299991607666,26.149999618530273,1705,0.0,0.0
2024-08-01 12:40:00-04:00,26.100000381469727,26.165000915527344,26.100000381469727,26.100000381469727,874,0.0,0.0
2024-08-01 12:45:00-04:00,26.09000015258789,26.09000015258789,26.09000015258789,26.09000015258789,428,0.0,0.0
2024-08-01 12:55:00-04:00,26.16990089416504,26.16990089416504,26.16990089416504,26.16990089416504,516,0.0,0.0
2024-08-01 13:00:00-04:00,26.170000076293945,26.170000076293945,25.969999313354492,26.040000915527344,2628,0.0,0.0
2024-08-01 13:05:00-04:00,26.090599060058594,26.090599060058594,26.00749969482422,26.00749969482422,225,0.0,0.0
2024-08-01 13:15:00-04:00,26.069000244140625,26.069000244140625,25.950000762939453,25.950000762939453,2553,0.0,0.0
2024-08-01 13:20:00-04:00,25.979999542236328,26.020000457763672,25.969999313354492,25.989999771118164,3524,0.0,0.0
2024-08-01 13:25:00-04:00,26.0,26.040000915527344,26.0,26.030000686645508,6459,0.0,0.0
2024-08-01 13:30:00-04:00,26.040000915527344,26.090599060058594,26.0,26.06999969482422,7346,0.0,0.0
2024-08-01 13:35:00-04:00,26.020000457763672,26.030000686645508,26.0,26.010000228881836,7590,0.0,0.0
2024-08-01 13:40:00-04:00,26.0,26.25,26.0,26.25,8475,0.0,0.0
2024-08-01 13:45:00-04:00,26.239999771118164,26.34000015258789,26.239999771118164,26.260000228881836,4311,0.0,0.0
2024-08-01 13:50:00-04:00,26.290000915527344,26.344999313354492,26.280000686645508,26.344999313354492,2295,0.0,0.0
2024-08-01 13:55:00-04:00,26.29680061340332,26.29680061340332,26.29680061340332,26.29680061340332,699,0.0,0.0
2024-08-01 14:05:00-04:00,26.389999389648438,26.389999389648438,26.309999465942383,26.309999465942383,445,0.0,0.0
2024-08-01 14:10:00-04:00,26.290000915527344,26.299999237060547,26.25,26.270000457763672,2348,0.0,0.0
2024-08-01 14:15:00-04:00,26.290000915527344,26.290000915527344,26.25,26.270000457763672,1214,0.0,0.0
2024-08-01 14:25:00-04:00,26.290000915527344,26.299999237060547,26.25,26.299999237060547,2347,0.0,0.0
2024-08-01 14:35:00-04:00,26.290000915527344,26.290000915527344,26.290000915527344,26.290000915527344,536,0.0,0.0
2024-08-01 14:40:00-04:00,26.290000915527344,26.31999969482422,26.290000915527344,26.290000915527344,1439,0.0,0.0
2024-08-01 14:45:00-04:00,26.290000915527344,26.290000915527344,26.270000457763672,26.270000457763672,823,0.0,0.0
2024-08-01 14:55:00-04:00,26.29010009765625,26.299999237060547,26.29010009765625,26.299999237060547,510,0.0,0.0
2024-08-01 15:00:00-04:00,26.290000915527344,26.290000915527344,26.290000915527344,26.290000915527344,547,0.0,0.0
2024-08-01 15:05:00-04:00,26.290000915527344,26.329999923706055,26.290000915527344,26.329999923706055,909,0.0,0.0
2024-08-01 15:25:00-04:00,26.329999923706055,26.329999923706055,26.329999923706055,26.329999923706055,646,0.0,0.0
2024-08-01 15:30:00-04:00,26.375,26.375,26.34000015258789,26.34000015258789,1914,0.0,0.0
2024-08-01 15:40:00-04:00,26.389699935913086,26.399999618530273,26.360000610351562,26.399999618530273,4545,0.0,0.0
2024-08-01 15:45:00-04:00,26.450000762939453,26.450000762939453,26.440000534057617,26.450000762939453,1488,0.0,0.0
2024-08-01 15:50:00-04:00,26.510000228881836,26.510000228881836,26.469999313354492,26.4950008392334,2332,0.0,0.0
2024-08-01 15:55:00-04:00,26.434999465942383,26.59000015258789,26.434999465942383,26.579999923706055,5407,0.0,0.0
2024-08-02 09:30:00-04:00,26.200000762939453,26.3799991607666,26.200000762939453,26.3799991607666,4110,0.0,0.0
2024-08-02 09:35:00-04:00,26.3700008392334,26.3700008392334,26.296499252319336,26.309999465942383,1505,0.0,0.0
2024-08-02 09:40:00-04:00,26.20989990234375,26.309999465942383,26.20989990234375,26.309999465942383,2135,0.0,0.0
2024-08-02 09:50:00-04:00,26.34000015258789,26.360000610351562,26.270000457763672,26.360000610351562,2663,0.0,0.0
2024-08-02 09:55:00-04:00,26.350000381469727,26.415000915527344,26.350000381469727,26.415000915527344,1811,0.0,0.0
2024-08-02 10:00:00-04:00,26.3700008392334,26.3700008392334,26.3700008392334,26.3700008392334,218,0.0,0.0
2024-08-02 10:05:00-04:00,26.360000610351562,26.360000610351562,26.239999771118164,26.239999771118164,1487,0.0,0.0
2024-08-02 10:10:00-04:00,26.219999313354492,26.219999313354492,26.219999313354492,26.219999313354492,917,0.0,0.0
2024-08-02 10:15:00-04:00,26.200000762939453,26.200000762939453,26.09000015258789,26.190000534057617,4497,0.0,0.0
2024-08-02 10:20:00-04:00,26.1200008392334,26.15999984741211,26.1200008392334,26.15999984741211,1282,0.0,0.0
2024-08-02 10:25:00-04:00,26.170000076293945,26.219999313354492,26.170000076293945,26.219999313354492,742,0.0,0.0
2024-08-02 10:30:00-04:00,26.219999313354492,26.26799964904785,26.219999313354492,26.219999313354492,3212,0.0,0.0
2024-08-02 10:35:00-04:00,26.25,26.25,26.239999771118164,26.239999771118164,571,0.0,0.0
2024-08-02 10:40:00-04:00,26.149999618530273,26.149999618530273,26.0,26.100000381469727,8248,0.0,0.0
2024-08-02 10:45:00-04:00,26.030000686645508,26.059999465942383,26.030000686645508,26.059999465942383,259,0.0,0.0
2024-08-02 10:50:00-04:00,26.06999969482422,26.149999618530273,26.040000915527344,26.149999618530273,4367,0.0,0.0
2024-08-02 10:55:00-04:00,26.09000015258789,26.110000610351562,26.09000015258789,26.110000610351562,750,0.0,0.0
2024-08-02 11:00:00-04:00,26.079999923706055,26.149999618530273,26.079999923706055,26.149999618530273,1809,0.0,0.0
2024-08-02 11:05:00-04:00,26.15999984741211,26.15999984741211,26.1299991607666,26.139999389648438,1535,0.0,0.0
2024-08-02 11:10:00-04:00,26.149999618530273,26.170000076293945,26.149999618530273,26.149999618530273,951,0.0,0.0
2024-08-02 11:15:00-04:00,26.190000534057617,26.299999237060547,26.18000030517578,26.229999542236328,3416,0.0,0.0
2024-08-02 11:20:00-04:00,26.200000762939453,26.219999313354492,26.200000762939453,26.219999313354492,1505,0.0,0.0
2024-08-02 11:25:00-04:00,26.149999618530273,26.149999618530273,26.1200008392334,26.1200008392334,1544,0.0,0.0
2024-08-02 11:30:00-04:00,26.139999389648438,26.15999984741211,26.139999389648438,26.15999984741211,1023,0.0,0.0
2024-08-02 11:35:00-04:00,26.200000762939453,26.200000762939453,26.170000076293945,26.200000762939453,1318,0.0,0.0
2024-08-02 11:40:00-04:00,26.200000762939453,26.270000457763672,26.200000762939453,26.270000457763672,1788,0.0,0.0
2024-08-02 11:45:00-04:00,26.280000686645508,26.31999969482422,26.280000686645508,26.309999465942383,1641,0.0,0.0
2024-08-02 11:50:00-04:00,26.309999465942383,26.309999465942383,26.270000457763672,26.309999465942383,1485,0.0,0.0
2024-08-02 11:55:00-04:00,26.18000030517578,26.299999237060547,26.18000030517578,26.290000915527344,1555,0.0,0.0
2024-08-02 12:00:00-04:00,26.31999969482422,26.31999969482422,26.260000228881836,26.31999969482422,1958,0.0,0.0
2024-08-02 12:05:00-04:00,26.350000381469727,26.389999389648438,26.329999923706055,26.389999389648438,1684,0.0,0.0
2024-08-02 12:10:00-04:00,26.350000381469727,26.350000381469727,26.290000915527344,26.34000015258789,1140,0.0,0.0
2024-08-02 12:15:00-04:00,26.329999923706055,26.350000381469727,26.329999923706055,26.34000015258789,461,0.0,0.0
2024-08-02 12:20:00-04:00,26.360000610351562,26.3799991607666,26.360000610351562,26.360000610351562,971,0.0,0.0
2024-08-02 12:25:00-04:00,26.350000381469727,26.360000610351562,26.350000381469727,26.360000610351562,1461,0.0,0.0
2024-08-02 12:30:00-04:00,26.350000381469727,26.389999389648438,26.350000381469727,26.389999389648438,1516,0.0,0.0
2024-08-02 12:35:00-04:00,26.389999389648438,26.389999389648438,26.389999389648438,26.389999389648438,508,0.0,0.0
2024-08-02 12:40:00-04:00,26.389999389648438,26.389999389648438,26.3799991607666,26.3799991607666,503,0.0,0.0
2024-08-02 12:45:00-04:00,26.315000534057617,26.315000534057617,26.315000534057617,26.315000534057617,858,0.0,0.0
2024-08-02 13:00:00-04:00,26.170000076293945,26.170000076293945,26.170000076293945,26.170000076293945,1408,0.0,0.0
2024-08-02 13:20:00-04:00,26.190000534057617,26.25,26.190000534057617,26.25,341,0.0,0.0
2024-08-02 13:25:00-04:00,26.167499542236328,26.167499542236328,26.167499542236328,26.167499542236328,130,0.0,0.0
2024-08-02 13:35:00-04:00,26.200000762939453,26.200000762939453,26.200000762939453,26.200000762939453,126,0.0,0.0
2024-08-02 13:40:00-04:00,26.170000076293945,26.170000076293945,26.170000076293945,26.170000076293945,286,0.0,0.0
2024-08-02 13:50:00-04:00,26.28499984741211,26.28499984741211,26.28499984741211,26.28499984741211,379,0.0,0.0
2024-08-02 14:05:00-04:00,26.325000762939453,26.325000762939453,26.209999084472656,26.209999084472656,771,0.0,0.0
2024-08-02 14:15:00-04:00,26.299999237060547,26.299999237060547,26.299999237060547,26.299999237060547,451,0.0,0.0
2024-08-02 14:30:00-04:00,26.43000030517578,26.489999771118164,26.43000030517578,26.489999771118164,1606,0.0,0.0
2024-08-02 14:45:00-04:00,26.510000228881836,26.520000457763672,26.510000228881836,26.520000457763672,534,0.0,0.0
2024-08-02 14:50:00-04:00,26.40999984741211,26.520000457763672,26.322799682617188,26.520000457763672,1175,0.0,0.0
2024-08-02 14:55:00-04:00,26.540000915527344,26.540000915527344,26.540000915527344,26.540000915527344,239,0.0,0.0
2024-08-02 15:00:00-04:00,26.600000381469727,26.600000381469727,26.600000381469727,26.600000381469727,179,0.0,0.0
2024-08-02 15:10:00-04:00,26.489999771118164,26.489999771118164,26.46500015258789,26.46500015258789,1030,0.0,0.0
2024-08-02 15:15:00-04:00,26.510000228881836,26.510000228881836,26.510000228881836,26.510000228881836,305,0.0,0.0
2024-08-02 15:20:00-04:00,26.450000762939453,26.530000686645508,26.40999984741211,26.46500015258789,2837,0.0,0.0
2024-08-02 15:25:00-04:00,26.46500015258789,26.46500015258789,26.46500015258789,26.46500015258789,319,0.0,0.0
2024-08-02 15:30:00-04:00,26.530000686645508,26.59000015258789,26.530000686645508,26.579999923706055,2253,0.0,0.0
2024-08-02 15:35:00-04:00,26.540000915527344,26.540000915527344,26.540000915527344,26.540000915527344,333,0.0,0.0
2024-08-02 15:40:00-04:00,26.56399917602539,26.56399917602539,26.489999771118164,26.540000915527344,1406,0.0,0.0
2024-08-02 15:45:00-04:00,26.56999969482422,26.639999389648438,26.479999542236328,26.6299991607666,6611,0.0,0.0
2024-08-02 15:50:00-04:00,26.594999313354492,26.6200008392334,26.56999969482422,26.6200008392334,2288,0.0,0.0
2024-08-02 15:55:00-04:00,26.59000015258789,26.739999771118164,26.59000015258789,26.670000076293945,10227,0.0,0.0
