Datetime,Open,High,Low,Close,Volume,Dividends,Stock Splits,Capital Gains
2024-07-05 09:30:00-04:00,382.8999938964844,383.6300048828125,382.8999938964844,383.57000732421875,82622,0.0,0.0,0.0
2024-07-05 09:35:00-04:00,383.4599914550781,384.25,383.44000244140625,384.17999267578125,15864,0.0,0.0,0.0
2024-07-05 09:40:00-04:00,384.1300048828125,384.28009033203125,383.8100891113281,383.9302062988281,8692,0.0,0.0,0.0
2024-07-05 09:45:00-04:00,383.9200134277344,384.0971984863281,383.4200134277344,384.0400085449219,6218,0.0,0.0,0.0
2024-07-05 09:50:00-04:00,384.2099914550781,384.69000244140625,384.0400085449219,384.5946960449219,12952,0.0,0.0,0.0
2024-07-05 09:55:00-04:00,384.6600036621094,385.1600036621094,384.6600036621094,385.1050109863281,7357,0.0,0.0,0.0
2024-07-05 10:00:00-04:00,385.20001220703125,385.70001220703125,385.156005859375,385.3900146484375,16649,0.0,0.0,0.0
2024-07-05 10:05:00-04:00,385.44000244140625,385.5400085449219,384.42999267578125,384.4649963378906,18659,0.0,0.0,0.0
2024-07-05 10:10:00-04:00,384.4800109863281,384.79998779296875,384.25,384.79998779296875,11918,0.0,0.0,0.0
2024-07-05 10:15:00-04:00,384.79998779296875,385.3399963378906,384.7699890136719,385.2300109863281,25533,0.0,0.0,0.0
2024-07-05 10:20:00-04:00,385.2200012207031,385.3399963378906,384.95001220703125,385.25,15468,0.0,0.0,0.0
2024-07-05 10:25:00-04:00,385.2349853515625,385.3599853515625,385.07000732421875,385.3599853515625,12466,0.0,0.0,0.0
2024-07-05 10:30:00-04:00,385.3699951171875,385.6499938964844,385.1400146484375,385.4700012207031,15849,0.0,0.0,0.0
2024-07-05 10:35:00-04:00,385.4700012207031,385.4700012207031,384.95001220703125,385.4200134277344,33797,0.0,0.0,0.0
2024-07-05 10:40:00-04:00,385.3710021972656,385.7200012207031,385.3299865722656,385.48199462890625,10081,0.0,0.0,0.0
2024-07-05 10:45:00-04:00,385.5242004394531,385.7300109863281,385.4599914550781,385.6000061035156,14771,0.0,0.0,0.0
2024-07-05 10:50:00-04:00,385.6000061035156,385.6795959472656,385.29010009765625,385.47088623046875,20123,0.0,0.0,0.0
2024-07-05 10:55:00-04:00,385.4849853515625,385.4849853515625,385.27508544921875,385.3699951171875,11577,0.0,0.0,0.0
2024-07-05 11:00:00-04:00,385.260009765625,385.32000732421875,385.04998779296875,385.2049865722656,12972,0.0,0.0,0.0
2024-07-05 11:05:00-04:00,385.2699890136719,385.739990234375,385.260009765625,385.70989990234375,12190,0.0,0.0,0.0
2024-07-05 11:10:00-04:00,385.7099914550781,386.0849914550781,385.7099914550781,386.04998779296875,6409,0.0,0.0,0.0
2024-07-05 11:15:00-04:00,386.010009765625,386.02081298828125,385.79998779296875,386.0199890136719,4983,0.0,0.0,0.0
2024-07-05 11:20:00-04:00,385.9396057128906,386.0199890136719,385.7099914550781,386.0199890136719,4978,0.0,0.0,0.0
2024-07-05 11:25:00-04:00,386.0,386.0799865722656,385.9150085449219,386.0199890136719,3924,0.0,0.0,0.0
2024-07-05 11:30:00-04:00,386.0299987792969,386.2099914550781,386.0299987792969,386.1960144042969,4395,0.0,0.0,0.0
2024-07-05 11:35:00-04:00,386.2799987792969,386.2850036621094,386.1138916015625,386.1300964355469,7290,0.0,0.0,0.0
2024-07-05 11:40:00-04:00,386.1995849609375,386.4419860839844,386.1995849609375,386.43499755859375,9159,0.0,0.0,0.0
2024-07-05 11:45:00-04:00,386.4800109863281,386.5920104980469,386.3999938964844,386.57501220703125,15379,0.0,0.0,0.0
2024-07-05 11:50:00-04:00,386.46240234375,386.6499938964844,386.4490051269531,386.489990234375,5583,0.0,0.0,0.0
2024-07-05 11:55:00-04:00,386.510986328125,386.69000244140625,386.510986328125,386.6698913574219,4253,0.0,0.0,0.0
2024-07-05 12:00:00-04:00,386.7200012207031,386.7200012207031,386.5456848144531,386.57000732421875,22601,0.0,0.0,0.0
2024-07-05 12:05:00-04:00,386.5400085449219,386.57000732421875,386.2699890136719,386.364990234375,5705,0.0,0.0,0.0
2024-07-05 12:10:00-04:00,386.3800048828125,386.7699890136719,386.3800048828125,386.7699890136719,4204,0.0,0.0,0.0
2024-07-05 12:15:00-04:00,386.75,386.7699890136719,386.590087890625,386.67010498046875,5950,0.0,0.0,0.0
2024-07-05 12:20:00-04:00,386.79998779296875,386.9800109863281,386.7408142089844,386.77178955078125,9943,0.0,0.0,0.0
2024-07-05 12:25:00-04:00,386.7298889160156,386.9299011230469,386.7298889160156,386.8550109863281,2553,0.0,0.0,0.0
2024-07-05 12:30:00-04:00,386.8716125488281,386.8716125488281,386.69000244140625,386.7997131347656,23510,0.0,0.0,0.0
2024-07-05 12:35:00-04:00,386.760009765625,386.760009765625,386.4800109863281,386.6099853515625,4221,0.0,0.0,0.0
2024-07-05 12:40:00-04:00,386.6700134277344,386.6817932128906,386.42999267578125,386.44500732421875,5942,0.0,0.0,0.0
2024-07-05 12:45:00-04:00,386.3700866699219,386.5400085449219,386.3341979980469,386.45001220703125,5065,0.0,0.0,0.0
2024-07-05 12:50:00-04:00,386.44000244140625,386.6700134277344,386.44000244140625,386.6700134277344,10980,0.0,0.0,0.0
2024-07-05 12:55:00-04:00,386.6600036621094,386.6600036621094,386.43218994140625,386.5199890136719,7929,0.0,0.0,0.0
2024-07-05 13:00:00-04:00,386.5400085449219,386.6499938964844,386.5060119628906,386.6000061035156,5419,0.0,0.0,0.0
2024-07-05 13:05:00-04:00,386.65899658203125,386.718994140625,386.30999755859375,386.5400085449219,7867,0.0,0.0,0.0
2024-07-05 13:10:00-04:00,386.6199951171875,386.6499938964844,386.56829833984375,386.625,8314,0.0,0.0,0.0
2024-07-05 13:15:00-04:00,386.68499755859375,386.8399963378906,386.6000061035156,386.80999755859375,4950,0.0,0.0,0.0
2024-07-05 13:20:00-04:00,386.77490234375,387.01800537109375,386.7101135253906,386.989990234375,7042,0.0,0.0,0.0
2024-07-05 13:25:00-04:00,387.05780029296875,387.17999267578125,386.9910888671875,387.07501220703125,18498,0.0,0.0,0.0
2024-07-05 13:30:00-04:00,387.1000061035156,387.2099914550781,387.0899963378906,387.2099914550781,4685,0.0,0.0,0.0
2024-07-05 13:35:00-04:00,387.2200012207031,387.26800537109375,387.1650085449219,387.2449951171875,5002,0.0,0.0,0.0
2024-07-05 13:40:00-04:00,387.2349853515625,387.29998779296875,387.07000732421875,387.2699890136719,5130,0.0,0.0,0.0
2024-07-05 13:45:00-04:00,387.2699890136719,387.3900146484375,387.2192077636719,387.3399963378906,3659,0.0,0.0,0.0
2024-07-05 13:50:00-04:00,387.3349914550781,387.42498779296875,387.2049865722656,387.2149963378906,7854,0.0,0.0,0.0
2024-07-05 13:55:00-04:00,387.30499267578125,387.3330078125,387.139892578125,387.139892578125,2795,0.0,0.0,0.0
2024-07-05 14:00:00-04:00,387.2099914550781,387.25,386.9100036621094,386.92999267578125,5608,0.0,0.0,0.0
2024-07-05 14:05:00-04:00,386.9599914550781,387.1199951171875,386.95001220703125,387.1099853515625,8628,0.0,0.0,0.0
2024-07-05 14:10:00-04:00,387.1099853515625,387.3357849121094,387.0943908691406,387.3299865722656,2434,0.0,0.0,0.0
2024-07-05 14:15:00-04:00,387.3699951171875,387.3699951171875,387.1592102050781,387.32000732421875,6874,0.0,0.0,0.0
2024-07-05 14:20:00-04:00,387.2900085449219,387.3349914550781,387.07501220703125,387.07501220703125,3631,0.0,0.0,0.0
2024-07-05 14:25:00-04:00,387.17779541015625,387.2200012207031,387.0,387.0,6742,0.0,0.0,0.0
2024-07-05 14:30:00-04:00,387.0,387.0,386.82501220703125,386.8323059082031,6698,0.0,0.0,0.0
2024-07-05 14:35:00-04:00,386.9800109863281,387.0849914550781,386.9200134277344,386.9800109863281,10181,0.0,0.0,0.0
2024-07-05 14:40:00-04:00,386.9100036621094,386.9590148925781,386.8492126464844,386.9590148925781,3730,0.0,0.0,0.0
2024-07-05 14:45:00-04:00,386.989990234375,387.1199951171875,386.989990234375,387.1199951171875,5227,0.0,0.0,0.0
2024-07-05 14:50:00-04:00,387.125,387.1700134277344,387.114990234375,387.1199951171875,7137,0.0,0.0,0.0
2024-07-05 14:55:00-04:00,387.08099365234375,387.1700134277344,387.0799865722656,387.1400146484375,5504,0.0,0.0,0.0
2024-07-05 15:00:00-04:00,387.1199951171875,387.20001220703125,387.1199951171875,387.20001220703125,5512,0.0,0.0,0.0
2024-07-05 15:05:00-04:00,387.2300109863281,387.364990234375,387.2300109863281,387.364990234375,9548,0.0,0.0,0.0
2024-07-05 15:10:00-04:00,387.3550109863281,387.3550109863281,387.23651123046875,387.260009765625,3446,0.0,0.0,0.0
2024-07-05 15:15:00-04:00,387.31439208984375,387.31439208984375,387.1499938964844,387.2099914550781,4476,0.0,0.0,0.0
2024-07-05 15:20:00-04:00,387.2049865722656,387.3399963378906,387.2049865722656,387.3399963378906,3593,0.0,0.0,0.0
2024-07-05 15:25:00-04:00,387.3500061035156,387.510009765625,387.3450012207031,387.3681945800781,7103,0.0,0.0,0.0
2024-07-05 15:30:00-04:00,387.3099060058594,387.3900146484375,387.19500732421875,387.3900146484375,5975,0.0,0.0,0.0
2024-07-05 15:35:00-04:00,387.3200988769531,387.47760009765625,387.3200988769531,387.4549865722656,6290,0.0,0.0,0.0
2024-07-05 15:40:00-04:00,387.5090026855469,387.6199951171875,387.3905944824219,387.55999755859375,11666,0.0,0.0,0.0
2024-07-05 15:45:00-04:00,387.54998779296875,387.5780944824219,387.4100036621094,387.45001220703125,7718,0.0,0.0,0.0
2024-07-05 15:50:00-04:00,387.45001220703125,387.5799865722656,387.3599853515625,387.510009765625,17488,0.0,0.0,0.0
2024-07-05 15:55:00-04:00,387.489990234375,387.5899963378906,387.2300109863281,387.3299865722656,13478,0.0,0.0,0.0
2024-07-08 09:30:00-04:00,387.9100036621094,387.9100036621094,387.06500244140625,387.5,75435,0.0,0.0,0.0
2024-07-08 09:35:00-04:00,387.3900146484375,387.44000244140625,386.82000732421875,387.0199890136719,19645,0.0,0.0,0.0
2024-07-08 09:40:00-04:00,386.9200134277344,387.20001220703125,386.8887023925781,387.1300048828125,10534,0.0,0.0,0.0
2024-07-08 09:45:00-04:00,387.1499938964844,387.2550048828125,386.92999267578125,387.1077880859375,12750,0.0,0.0,0.0
2024-07-08 09:50:00-04:00,387.25970458984375,387.6700134277344,387.25970458984375,387.31500244140625,11146,0.0,0.0,0.0
2024-07-08 09:55:00-04:00,387.4200134277344,387.489990234375,387.2250061035156,387.4100036621094,13238,0.0,0.0,0.0
2024-07-08 10:00:00-04:00,387.4700012207031,387.489990234375,386.79998779296875,387.2200012207031,16151,0.0,0.0,0.0
2024-07-08 10:05:00-04:00,387.25,387.6824951171875,387.1099853515625,387.6000061035156,8332,0.0,0.0,0.0
2024-07-08 10:10:00-04:00,387.62200927734375,387.7200012207031,387.4289855957031,387.4923095703125,14857,0.0,0.0,0.0
2024-07-08 10:15:00-04:00,387.510986328125,387.627197265625,387.2200012207031,387.2250061035156,6395,0.0,0.0,0.0
2024-07-08 10:20:00-04:00,387.0,387.1700134277344,386.8699951171875,387.1650085449219,18657,0.0,0.0,0.0
2024-07-08 10:25:00-04:00,387.0799865722656,387.47900390625,387.0799865722656,387.32000732421875,7512,0.0,0.0,0.0
2024-07-08 10:30:00-04:00,387.3999938964844,387.3999938964844,387.0679931640625,387.17999267578125,7891,0.0,0.0,0.0
2024-07-08 10:35:00-04:00,387.1199951171875,387.1199951171875,386.6650085449219,386.94268798828125,11910,0.0,0.0,0.0
2024-07-08 10:40:00-04:00,386.9700012207031,387.05499267578125,386.697998046875,386.697998046875,4426,0.0,0.0,0.0
2024-07-08 10:45:00-04:00,386.70001220703125,386.91070556640625,386.70001220703125,386.8299865722656,7161,0.0,0.0,0.0
2024-07-08 10:50:00-04:00,386.7699890136719,386.8399963378906,386.67498779296875,386.7898864746094,10668,0.0,0.0,0.0
2024-07-08 10:55:00-04:00,386.5799865722656,386.7200012207031,386.5350036621094,386.7200012207031,13038,0.0,0.0,0.0
2024-07-08 11:00:00-04:00,386.8399963378906,387.1650085449219,386.8200988769531,387.0600891113281,8190,0.0,0.0,0.0
2024-07-08 11:05:00-04:00,387.0799865722656,387.2644958496094,387.04998779296875,387.2272033691406,4938,0.0,0.0,0.0
2024-07-08 11:10:00-04:00,387.248291015625,387.2900085449219,387.1351013183594,387.2200012207031,12942,0.0,0.0,0.0
2024-07-08 11:15:00-04:00,387.2049865722656,387.4100036621094,387.1200866699219,387.4100036621094,5783,0.0,0.0,0.0
2024-07-08 11:20:00-04:00,387.3949890136719,387.7900085449219,387.3949890136719,387.7099914550781,8371,0.0,0.0,0.0
2024-07-08 11:25:00-04:00,387.7149963378906,387.75,387.539306640625,387.7349853515625,8233,0.0,0.0,0.0
2024-07-08 11:30:00-04:00,387.7449951171875,387.847412109375,387.6700134277344,387.7596130371094,6935,0.0,0.0,0.0
2024-07-08 11:35:00-04:00,387.6960144042969,387.6960144042969,387.25250244140625,387.4800109863281,21970,0.0,0.0,0.0
2024-07-08 11:40:00-04:00,387.4599914550781,387.7760009765625,387.4599914550781,387.7051086425781,20895,0.0,0.0,0.0
2024-07-08 11:45:00-04:00,387.69000244140625,387.7759094238281,387.5504150390625,387.69000244140625,4709,0.0,0.0,0.0
2024-07-08 11:50:00-04:00,387.752685546875,387.8500061035156,387.6600036621094,387.81500244140625,4489,0.0,0.0,0.0
2024-07-08 11:55:00-04:00,387.760009765625,387.7998962402344,387.66900634765625,387.7998962402344,6517,0.0,0.0,0.0
2024-07-08 12:00:00-04:00,387.5799865722656,387.69500732421875,387.3500061035156,387.45001220703125,9149,0.0,0.0,0.0
2024-07-08 12:05:00-04:00,387.3599853515625,387.3599853515625,386.9549865722656,386.9549865722656,7600,0.0,0.0,0.0
2024-07-08 12:10:00-04:00,386.9750061035156,387.1099853515625,386.8999938964844,387.1099853515625,5166,0.0,0.0,0.0
2024-07-08 12:15:00-04:00,387.07501220703125,387.1199951171875,386.9599914550781,386.9700012207031,11445,0.0,0.0,0.0
2024-07-08 12:20:00-04:00,386.9750061035156,387.0321044921875,386.9200134277344,386.92999267578125,7103,0.0,0.0,0.0
2024-07-08 12:25:00-04:00,387.0249938964844,387.0249938964844,386.7699890136719,386.9798889160156,20287,0.0,0.0,0.0
2024-07-08 12:30:00-04:00,386.89239501953125,386.89239501953125,386.7799987792969,386.8399963378906,2360,0.0,0.0,0.0
2024-07-08 12:35:00-04:00,386.830810546875,386.9100036621094,386.69000244140625,386.69000244140625,4218,0.0,0.0,0.0
2024-07-08 12:40:00-04:00,386.69000244140625,386.9042053222656,386.69000244140625,386.79998779296875,4037,0.0,0.0,0.0
2024-07-08 12:45:00-04:00,386.7349853515625,386.8900146484375,386.7349853515625,386.8500061035156,5174,0.0,0.0,0.0
2024-07-08 12:50:00-04:00,386.8080139160156,386.9342041015625,386.78118896484375,386.9342041015625,5648,0.0,0.0,0.0
2024-07-08 12:55:00-04:00,386.9700012207031,387.052001953125,386.92999267578125,387.0299987792969,5073,0.0,0.0,0.0
2024-07-08 13:00:00-04:00,386.94781494140625,386.9649963378906,386.8500061035156,386.8599853515625,3689,0.0,0.0,0.0
2024-07-08 13:05:00-04:00,386.94989013671875,386.9787902832031,386.8500061035156,386.9342041015625,4193,0.0,0.0,0.0
2024-07-08 13:10:00-04:00,386.95001220703125,387.1182861328125,386.95001220703125,387.1028137207031,7987,0.0,0.0,0.0
2024-07-08 13:15:00-04:00,386.9200134277344,386.9750061035156,386.8699951171875,386.9750061035156,5993,0.0,0.0,0.0
2024-07-08 13:20:00-04:00,387.07000732421875,387.07000732421875,386.9718933105469,387.0400085449219,2682,0.0,0.0,0.0
2024-07-08 13:25:00-04:00,387.0409851074219,387.2760009765625,387.0400085449219,387.2760009765625,7858,0.0,0.0,0.0
2024-07-08 13:30:00-04:00,387.3399963378906,387.4490051269531,387.2958984375,387.3800048828125,8854,0.0,0.0,0.0
2024-07-08 13:35:00-04:00,387.3952941894531,387.5400085449219,387.3800048828125,387.489990234375,7497,0.0,0.0,0.0
2024-07-08 13:40:00-04:00,387.6000061035156,387.61199951171875,387.4206848144531,387.45001220703125,4647,0.0,0.0,0.0
2024-07-08 13:45:00-04:00,387.4783935546875,387.4934997558594,387.31219482421875,387.31219482421875,3320,0.0,0.0,0.0
2024-07-08 13:50:00-04:00,387.2799072265625,387.4081115722656,387.15960693359375,387.3699951171875,5565,0.0,0.0,0.0
2024-07-08 13:55:00-04:00,387.3500061035156,387.42999267578125,387.314208984375,387.42999267578125,6536,0.0,0.0,0.0
2024-07-08 14:00:00-04:00,387.3500061035156,387.3765869140625,387.1582946777344,387.2749938964844,7352,0.0,0.0,0.0
2024-07-08 14:05:00-04:00,387.2049865722656,387.2250061035156,387.1499938964844,387.1499938964844,3226,0.0,0.0,0.0
2024-07-08 14:10:00-04:00,387.17999267578125,387.2919921875,387.17999267578125,387.2919921875,3642,0.0,0.0,0.0
2024-07-08 14:15:00-04:00,387.2807922363281,387.36669921875,387.2099914550781,387.36669921875,7748,0.0,0.0,0.0
2024-07-08 14:20:00-04:00,387.3550109863281,387.4989929199219,387.2900085449219,387.4989929199219,0,0.0,0.0,0.0
2024-07-08 14:25:00-04:00,387.5,387.6199951171875,387.5,387.5751037597656,578008,0.0,0.0,0.0
2024-07-08 14:30:00-04:00,387.4700012207031,387.4700012207031,387.16619873046875,387.29998779296875,5115,0.0,0.0,0.0
2024-07-08 14:35:00-04:00,387.30499267578125,387.31500244140625,387.1600036621094,387.260009765625,14055,0.0,0.0,0.0
2024-07-08 14:40:00-04:00,387.2659912109375,387.2659912109375,386.8299865722656,386.840087890625,16812,0.0,0.0,0.0
2024-07-08 14:45:00-04:00,386.82000732421875,387.1000061035156,386.7749938964844,387.1000061035156,14668,0.0,0.0,0.0
2024-07-08 14:50:00-04:00,387.07000732421875,387.20001220703125,387.07000732421875,387.185791015625,8383,0.0,0.0,0.0
2024-07-08 14:55:00-04:00,387.2250061035156,387.4150085449219,387.22198486328125,387.32501220703125,12300,0.0,0.0,0.0
2024-07-08 15:00:00-04:00,387.32000732421875,387.32000732421875,387.1700134277344,387.1700134277344,6760,0.0,0.0,0.0
2024-07-08 15:05:00-04:00,387.1700134277344,387.2099914550781,387.10009765625,387.18499755859375,51194,0.0,0.0,0.0
2024-07-08 15:10:00-04:00,387.0899963378906,387.1971130371094,387.052001953125,387.0899963378906,13043,0.0,0.0,0.0
2024-07-08 15:15:00-04:00,387.0580139160156,387.1099853515625,386.8999938964844,387.1099853515625,13113,0.0,0.0,0.0
2024-07-08 15:20:00-04:00,387.1199951171875,387.1814880371094,387.002685546875,387.04071044921875,6016,0.0,0.0,0.0
2024-07-08 15:25:00-04:00,387.0,387.0,386.8138122558594,386.8138122558594,6043,0.0,0.0,0.0
2024-07-08 15:30:00-04:00,386.9100036621094,386.9100036621094,386.74090576171875,386.78619384765625,10255,0.0,0.0,0.0
2024-07-08 15:35:00-04:00,386.7998962402344,386.8900146484375,386.7149963378906,386.74859619140625,12253,0.0,0.0,0.0
2024-07-08 15:40:00-04:00,386.71099853515625,387.0719909667969,386.71099853515625,387.0719909667969,7542,0.0,0.0,0.0
2024-07-08 15:45:00-04:00,387.1000061035156,387.135009765625,386.989990234375,387.0408935546875,13669,0.0,0.0,0.0
2024-07-08 15:50:00-04:00,387.1600036621094,387.3999938964844,387.1600036621094,387.3999938964844,17069,0.0,0.0,0.0
2024-07-08 15:55:00-04:00,387.4700012207031,387.7099914550781,387.2300109863281,387.42999267578125,24020,0.0,0.0,0.0
2024-07-09 09:30:00-04:00,388.95001220703125,389.3900146484375,388.8399963378906,389.3800048828125,83573,0.0,0.0,0.0
2024-07-09 09:35:00-04:00,389.3940124511719,389.44000244140625,388.95001220703125,389.28839111328125,9313,0.0,0.0,0.0
2024-07-09 09:40:00-04:00,389.2099914550781,389.2200012207031,389.06500244140625,389.1820068359375,4973,0.0,0.0,0.0
2024-07-09 09:45:00-04:00,389.239990234375,389.3291015625,388.92999267578125,388.9800109863281,10510,0.0,0.0,0.0
2024-07-09 09:50:00-04:00,389.06500244140625,389.30999755859375,388.9258117675781,389.17999267578125,6400,0.0,0.0,0.0
2024-07-09 09:55:00-04:00,389.2550048828125,389.5849914550781,389.19580078125,389.4849853515625,10314,0.0,0.0,0.0
2024-07-09 10:00:00-04:00,389.5950012207031,389.5950012207031,389.20001220703125,389.45001220703125,7002,0.0,0.0,0.0
2024-07-09 10:05:00-04:00,389.260009765625,389.29998779296875,388.94000244140625,389.239990234375,8352,0.0,0.0,0.0
2024-07-09 10:10:00-04:00,389.0450134277344,389.78900146484375,389.0450134277344,389.5350036621094,11862,0.0,0.0,0.0
2024-07-09 10:15:00-04:00,389.6889953613281,389.69830322265625,389.4460144042969,389.652099609375,12595,0.0,0.0,0.0
2024-07-09 10:20:00-04:00,389.6400146484375,389.7099914550781,389.0,389.0,15042,0.0,0.0,0.0
2024-07-09 10:25:00-04:00,388.87939453125,388.92999267578125,388.5,388.81500244140625,13349,0.0,0.0,0.0
2024-07-09 10:30:00-04:00,388.6400146484375,388.7099914550781,388.2806091308594,388.6499938964844,11191,0.0,0.0,0.0
2024-07-09 10:35:00-04:00,388.7300109863281,389.03851318359375,388.7300109863281,388.79998779296875,5549,0.0,0.0,0.0
2024-07-09 10:40:00-04:00,388.7850036621094,389.07000732421875,388.7651062011719,389.0450134277344,5410,0.0,0.0,0.0
2024-07-09 10:45:00-04:00,389.07501220703125,389.2919921875,388.95001220703125,388.95001220703125,5502,0.0,0.0,0.0
2024-07-09 10:50:00-04:00,388.7699890136719,389.05999755859375,388.70001220703125,388.9800109863281,9853,0.0,0.0,0.0
2024-07-09 10:55:00-04:00,388.8244934082031,388.8800048828125,388.4599914550781,388.6199951171875,8989,0.0,0.0,0.0
2024-07-09 11:00:00-04:00,388.6199951171875,388.8800048828125,388.4599914550781,388.4700012207031,12651,0.0,0.0,0.0
2024-07-09 11:05:00-04:00,388.43499755859375,388.55999755859375,388.31500244140625,388.4132080078125,6867,0.0,0.0,0.0
2024-07-09 11:10:00-04:00,388.3299865722656,388.3999938964844,388.1199951171875,388.39898681640625,8741,0.0,0.0,0.0
2024-07-09 11:15:00-04:00,388.364990234375,388.5093994140625,388.2250061035156,388.3949890136719,6094,0.0,0.0,0.0
2024-07-09 11:20:00-04:00,388.4179992675781,388.5299987792969,387.9649963378906,388.17999267578125,7045,0.0,0.0,0.0
2024-07-09 11:25:00-04:00,388.1300048828125,388.2749938964844,387.92498779296875,388.239990234375,9453,0.0,0.0,0.0
2024-07-09 11:30:00-04:00,388.2300109863281,388.3599853515625,388.0400085449219,388.3399963378906,9099,0.0,0.0,0.0
2024-07-09 11:35:00-04:00,388.3028869628906,388.375,388.1400146484375,388.1400146484375,5008,0.0,0.0,0.0
2024-07-09 11:40:00-04:00,388.18499755859375,388.2944030761719,388.18499755859375,388.19500732421875,3686,0.0,0.0,0.0
2024-07-09 11:45:00-04:00,388.1942138671875,388.4538879394531,388.1942138671875,388.4538879394531,6903,0.0,0.0,0.0
2024-07-09 11:50:00-04:00,388.4898986816406,388.4898986816406,388.2900085449219,388.2900085449219,5396,0.0,0.0,0.0
2024-07-09 11:55:00-04:00,388.3900146484375,388.5653076171875,388.3599853515625,388.5151062011719,23210,0.0,0.0,0.0
2024-07-09 12:00:00-04:00,388.447998046875,388.447998046875,388.2366943359375,388.2950134277344,2980,0.0,0.0,0.0
2024-07-09 12:05:00-04:00,388.3836975097656,388.6293029785156,388.36370849609375,388.6293029785156,21268,0.0,0.0,0.0
2024-07-09 12:10:00-04:00,388.5712890625,388.67498779296875,388.52020263671875,388.5299987792969,6408,0.0,0.0,0.0
2024-07-09 12:15:00-04:00,388.4200134277344,388.62420654296875,388.41400146484375,388.62420654296875,3738,0.0,0.0,0.0
2024-07-09 12:20:00-04:00,388.60009765625,388.6700134277344,388.5060119628906,388.5060119628906,6743,0.0,0.0,0.0
2024-07-09 12:25:00-04:00,388.4100036621094,388.4100036621094,388.2318115234375,388.3351135253906,106353,0.0,0.0,0.0
2024-07-09 12:30:00-04:00,388.2995910644531,388.3240051269531,388.19000244140625,388.2300109863281,7514,0.0,0.0,0.0
2024-07-09 12:35:00-04:00,388.239990234375,388.239990234375,387.8999938964844,387.8999938964844,8423,0.0,0.0,0.0
2024-07-09 12:40:00-04:00,387.9100036621094,387.9100036621094,387.6400146484375,387.68499755859375,4421,0.0,0.0,0.0
2024-07-09 12:45:00-04:00,387.6600036621094,387.6600036621094,387.2650146484375,387.3500061035156,4996,0.0,0.0,0.0
2024-07-09 12:50:00-04:00,387.31439208984375,387.6243896484375,387.30999755859375,387.54998779296875,7837,0.0,0.0,0.0
2024-07-09 12:55:00-04:00,387.5481872558594,387.9200134277344,387.5150146484375,387.8699951171875,3881,0.0,0.0,0.0
2024-07-09 13:00:00-04:00,387.9100036621094,388.18499755859375,387.7950134277344,388.18499755859375,4188,0.0,0.0,0.0
2024-07-09 13:05:00-04:00,388.0799865722656,388.20001220703125,388.0719909667969,388.20001220703125,3984,0.0,0.0,0.0
2024-07-09 13:10:00-04:00,388.260009765625,388.3074951171875,388.0,388.1400146484375,7133,0.0,0.0,0.0
2024-07-09 13:15:00-04:00,387.9549865722656,388.0799865722656,387.2900085449219,387.40521240234375,11237,0.0,0.0,0.0
2024-07-09 13:20:00-04:00,387.45001220703125,387.5,387.1199951171875,387.18499755859375,6362,0.0,0.0,0.0
2024-07-09 13:25:00-04:00,387.1099853515625,387.3699951171875,387.0,387.2101135253906,6830,0.0,0.0,0.0
2024-07-09 13:30:00-04:00,387.2550048828125,387.55499267578125,387.2550048828125,387.55499267578125,4828,0.0,0.0,0.0
2024-07-09 13:35:00-04:00,387.531005859375,387.54998779296875,387.4993896484375,387.5292053222656,3250,0.0,0.0,0.0
2024-07-09 13:40:00-04:00,387.6199951171875,387.6199951171875,387.5013122558594,387.5799865722656,3364,0.0,0.0,0.0
2024-07-09 13:45:00-04:00,387.510009765625,387.58880615234375,387.45001220703125,387.5226135253906,4384,0.0,0.0,0.0
2024-07-09 13:50:00-04:00,387.42999267578125,387.7300109863281,387.42999267578125,387.69580078125,3764,0.0,0.0,0.0
2024-07-09 13:55:00-04:00,387.6719970703125,387.7850036621094,387.6664123535156,387.7550048828125,3216,0.0,0.0,0.0
2024-07-09 14:00:00-04:00,387.75799560546875,387.7898864746094,387.5299987792969,387.64990234375,8129,0.0,0.0,0.0
2024-07-09 14:05:00-04:00,387.6064147949219,387.80999755859375,387.55499267578125,387.80999755859375,3450,0.0,0.0,0.0
2024-07-09 14:10:00-04:00,387.7650146484375,387.7950134277344,387.6199951171875,387.6199951171875,20193,0.0,0.0,0.0
2024-07-09 14:15:00-04:00,387.6731872558594,387.82000732421875,387.59381103515625,387.7900085449219,187015,0.0,0.0,0.0
2024-07-09 14:20:00-04:00,387.7601013183594,387.9298095703125,387.7200012207031,387.7690124511719,10807,0.0,0.0,0.0
2024-07-09 14:25:00-04:00,387.6243896484375,387.7091979980469,387.6243896484375,387.6393127441406,3011,0.0,0.0,0.0
2024-07-09 14:30:00-04:00,387.614990234375,387.7550048828125,387.46240234375,387.72088623046875,12602,0.0,0.0,0.0
2024-07-09 14:35:00-04:00,387.8900146484375,387.9700012207031,387.77801513671875,387.8999938964844,154071,0.0,0.0,0.0
2024-07-09 14:40:00-04:00,387.8799133300781,388.0570983886719,387.7421875,388.0249938964844,12640,0.0,0.0,0.0
2024-07-09 14:45:00-04:00,388.03839111328125,388.1199951171875,387.9601135253906,388.0799865722656,6028,0.0,0.0,0.0
2024-07-09 14:50:00-04:00,387.9599914550781,387.989990234375,387.68499755859375,387.75,9646,0.0,0.0,0.0
2024-07-09 14:55:00-04:00,387.6990966796875,388.010009765625,387.6990966796875,388.010009765625,5229,0.0,0.0,0.0
2024-07-09 15:00:00-04:00,387.947509765625,388.039306640625,387.8399963378906,387.9831848144531,7297,0.0,0.0,0.0
2024-07-09 15:05:00-04:00,387.9006042480469,388.0393981933594,387.8800048828125,387.9800109863281,4970,0.0,0.0,0.0
2024-07-09 15:10:00-04:00,388.0260009765625,388.06500244140625,387.92498779296875,388.06500244140625,11833,0.0,0.0,0.0
2024-07-09 15:15:00-04:00,388.0400085449219,388.0400085449219,387.8900146484375,387.9700012207031,7329,0.0,0.0,0.0
2024-07-09 15:20:00-04:00,387.9100036621094,387.9200134277344,387.65008544921875,387.7383117675781,10491,0.0,0.0,0.0
2024-07-09 15:25:00-04:00,387.67999267578125,387.8699951171875,387.67999267578125,387.739990234375,26047,0.0,0.0,0.0
2024-07-09 15:30:00-04:00,387.69000244140625,387.760009765625,387.5400085449219,387.6875915527344,10911,0.0,0.0,0.0
2024-07-09 15:35:00-04:00,387.6600036621094,387.8349914550781,387.6401062011719,387.70001220703125,10036,0.0,0.0,0.0
2024-07-09 15:40:00-04:00,387.7200012207031,387.9599914550781,387.7200012207031,387.8999938964844,16659,0.0,0.0,0.0
2024-07-09 15:45:00-04:00,387.7699890136719,387.8500061035156,387.6900939941406,387.8399963378906,11632,0.0,0.0,0.0
2024-07-09 15:50:00-04:00,387.8299865722656,388.0,387.82000732421875,387.96270751953125,27023,0.0,0.0,0.0
2024-07-09 15:55:00-04:00,387.9100036621094,388.0199890136719,387.739990234375,388.0199890136719,22926,0.0,0.0,0.0
2024-07-10 09:30:00-04:00,389.2699890136719,389.3699951171875,388.8800048828125,388.9596862792969,84831,0.0,0.0,0.0
2024-07-10 09:35:00-04:00,388.9200134277344,389.068115234375,388.7200012207031,388.9700012207031,22650,0.0,0.0,0.0
2024-07-10 09:40:00-04:00,388.9100036621094,389.3403015136719,388.8999938964844,389.32501220703125,16240,0.0,0.0,0.0
2024-07-10 09:45:00-04:00,389.30999755859375,389.5,389.20001220703125,389.5,8668,0.0,0.0,0.0
2024-07-10 09:50:00-04:00,389.4549865722656,389.51568603515625,389.1199951171875,389.51568603515625,10082,0.0,0.0,0.0
2024-07-10 09:55:00-04:00,389.4700012207031,389.4700012207031,389.260009765625,389.44000244140625,11247,0.0,0.0,0.0
2024-07-10 10:00:00-04:00,389.447509765625,389.5,389.1000061035156,389.3450012207031,13741,0.0,0.0,0.0
2024-07-10 10:05:00-04:00,389.5799865722656,389.614990234375,389.42999267578125,389.614990234375,5099,0.0,0.0,0.0
2024-07-10 10:10:00-04:00,389.67999267578125,389.74688720703125,389.6050109863281,389.7049865722656,7828,0.0,0.0,0.0
2024-07-10 10:15:00-04:00,389.7016906738281,389.7250061035156,389.2699890136719,389.5199890136719,12347,0.0,0.0,0.0
2024-07-10 10:20:00-04:00,389.4549865722656,389.5050048828125,389.07000732421875,389.1886901855469,11334,0.0,0.0,0.0
2024-07-10 10:25:00-04:00,389.2799987792969,389.42999267578125,389.1828918457031,389.3599853515625,14949,0.0,0.0,0.0
2024-07-10 10:30:00-04:00,389.3192138671875,389.3192138671875,388.9100036621094,388.92669677734375,3979,0.0,0.0,0.0
2024-07-10 10:35:00-04:00,388.8999938964844,388.9704895019531,388.75,388.9283142089844,14892,0.0,0.0,0.0
2024-07-10 10:40:00-04:00,388.9949951171875,389.0899963378906,388.82000732421875,388.94500732421875,4188,0.0,0.0,0.0
2024-07-10 10:45:00-04:00,388.9700012207031,389.04400634765625,388.8450012207031,389.03790283203125,18644,0.0,0.0,0.0
2024-07-10 10:50:00-04:00,389.010009765625,389.07000732421875,388.62078857421875,388.7749938964844,16688,0.0,0.0,0.0
2024-07-10 10:55:00-04:00,388.67999267578125,388.810791015625,388.44000244140625,388.5101013183594,7522,0.0,0.0,0.0
2024-07-10 11:00:00-04:00,388.5299987792969,388.5299987792969,388.135009765625,388.38079833984375,7711,0.0,0.0,0.0
2024-07-10 11:05:00-04:00,388.3299865722656,388.5199890136719,388.2699890136719,388.5199890136719,5921,0.0,0.0,0.0
2024-07-10 11:10:00-04:00,388.5,388.69500732421875,388.5,388.69500732421875,5749,0.0,0.0,0.0
2024-07-10 11:15:00-04:00,388.5700988769531,388.78460693359375,388.5700988769531,388.78460693359375,6493,0.0,0.0,0.0
2024-07-10 11:20:00-04:00,388.68011474609375,388.7900085449219,388.5950012207031,388.7900085449219,6748,0.0,0.0,0.0
2024-07-10 11:25:00-04:00,388.8800048828125,389.05499267578125,388.8800048828125,389.05499267578125,7168,0.0,0.0,0.0
2024-07-10 11:30:00-04:00,389.0899963378906,389.39581298828125,389.05999755859375,389.3349914550781,13148,0.0,0.0,0.0
2024-07-10 11:35:00-04:00,389.1650085449219,389.2677001953125,389.1600036621094,389.18499755859375,3308,0.0,0.0,0.0
2024-07-10 11:40:00-04:00,389.1877136230469,389.385986328125,389.10540771484375,389.385986328125,6200,0.0,0.0,0.0
2024-07-10 11:45:00-04:00,389.385009765625,389.385009765625,389.17498779296875,389.18719482421875,12067,0.0,0.0,0.0
2024-07-10 11:50:00-04:00,389.17010498046875,389.339111328125,389.17010498046875,389.31500244140625,4432,0.0,0.0,0.0
2024-07-10 11:55:00-04:00,389.3399963378906,389.4200134277344,389.32501220703125,389.3293151855469,6098,0.0,0.0,0.0
2024-07-10 12:00:00-04:00,389.4200134277344,389.4700012207031,389.33709716796875,389.4700012207031,5284,0.0,0.0,0.0
2024-07-10 12:05:00-04:00,389.4700012207031,389.5199890136719,389.42999267578125,389.4700012207031,21570,0.0,0.0,0.0
2024-07-10 12:10:00-04:00,389.455810546875,389.4700012207031,389.30218505859375,389.4049987792969,4257,0.0,0.0,0.0
2024-07-10 12:15:00-04:00,389.447998046875,389.7799987792969,389.447998046875,389.67498779296875,4528,0.0,0.0,0.0
2024-07-10 12:20:00-04:00,389.6600036621094,390.0299987792969,389.6600036621094,389.9700927734375,6197,0.0,0.0,0.0
2024-07-10 12:25:00-04:00,390.0050048828125,390.25421142578125,390.0050048828125,390.1600036621094,18690,0.0,0.0,0.0
2024-07-10 12:30:00-04:00,390.2550048828125,390.4100036621094,390.22149658203125,390.2496032714844,2826,0.0,0.0,0.0
2024-07-10 12:35:00-04:00,390.26849365234375,390.30499267578125,390.17010498046875,390.2601013183594,12985,0.0,0.0,0.0
2024-07-10 12:40:00-04:00,390.2898864746094,390.5,390.28399658203125,390.5,5928,0.0,0.0,0.0
2024-07-10 12:45:00-04:00,390.5000915527344,390.5599060058594,390.385009765625,390.4291076660156,10541,0.0,0.0,0.0
2024-07-10 12:50:00-04:00,390.3421936035156,390.5299987792969,390.3421936035156,390.42498779296875,5585,0.0,0.0,0.0
2024-07-10 12:55:00-04:00,390.489990234375,390.6650085449219,390.44000244140625,390.6055908203125,6919,0.0,0.0,0.0
2024-07-10 13:00:00-04:00,390.5350036621094,390.7679138183594,390.5329895019531,390.7679138183594,6252,0.0,0.0,0.0
2024-07-10 13:05:00-04:00,390.8999938964844,390.989990234375,390.75,390.75,4183,0.0,0.0,0.0
2024-07-10 13:10:00-04:00,390.739990234375,390.83819580078125,390.57000732421875,390.75,4567,0.0,0.0,0.0
2024-07-10 13:15:00-04:00,390.79998779296875,390.8392028808594,390.6050109863281,390.6050109863281,3813,0.0,0.0,0.0
2024-07-10 13:20:00-04:00,390.635009765625,390.7799987792969,390.5299987792969,390.5356140136719,7235,0.0,0.0,0.0
2024-07-10 13:25:00-04:00,390.5299987792969,390.6986083984375,390.5299987792969,390.6650085449219,11880,0.0,0.0,0.0
2024-07-10 13:30:00-04:00,390.7090148925781,390.7300109863281,390.5849914550781,390.7149963378906,5692,0.0,0.0,0.0
2024-07-10 13:35:00-04:00,390.80999755859375,390.83709716796875,390.7149963378906,390.80499267578125,7935,0.0,0.0,0.0
2024-07-10 13:40:00-04:00,390.8500061035156,391.0,390.82501220703125,390.9324035644531,6315,0.0,0.0,0.0
2024-07-10 13:45:00-04:00,390.9784851074219,391.0199890136719,390.92498779296875,390.9930114746094,5371,0.0,0.0,0.0
2024-07-10 13:50:00-04:00,391.05499267578125,391.1199035644531,390.9905090332031,391.10009765625,4582,0.0,0.0,0.0
2024-07-10 13:55:00-04:00,391.05389404296875,391.1000061035156,390.9931945800781,391.0849914550781,6241,0.0,0.0,0.0
2024-07-10 14:00:00-04:00,391.0899963378906,391.12200927734375,390.99249267578125,391.0799865722656,3379,0.0,0.0,0.0
2024-07-10 14:05:00-04:00,391.13800048828125,391.13800048828125,391.0,391.04998779296875,7122,0.0,0.0,0.0
2024-07-10 14:10:00-04:00,390.95001220703125,391.11920166015625,390.95001220703125,391.09149169921875,2799,0.0,0.0,0.0
2024-07-10 14:15:00-04:00,391.20001220703125,391.2099914550781,390.8902893066406,390.8902893066406,15535,0.0,0.0,0.0
2024-07-10 14:20:00-04:00,390.88909912109375,391.0,390.8500061035156,390.8630065917969,16663,0.0,0.0,0.0
2024-07-10 14:25:00-04:00,390.9399108886719,391.0150146484375,390.8699951171875,390.8900146484375,3887,0.0,0.0,0.0
2024-07-10 14:30:00-04:00,390.9200134277344,391.0198974609375,390.8500061035156,390.9700012207031,5474,0.0,0.0,0.0
2024-07-10 14:35:00-04:00,390.9599914550781,391.04998779296875,390.943115234375,391.04998779296875,4885,0.0,0.0,0.0
2024-07-10 14:40:00-04:00,390.9599914550781,390.9898986816406,390.8500061035156,390.9649963378906,21738,0.0,0.0,0.0
2024-07-10 14:45:00-04:00,390.9601135253906,391.3500061035156,390.9601135253906,391.2300109863281,6913,0.0,0.0,0.0
2024-07-10 14:50:00-04:00,391.2200012207031,391.3659973144531,391.1600036621094,391.1600036621094,4421,0.0,0.0,0.0
2024-07-10 14:55:00-04:00,391.1099853515625,391.2149963378906,391.1000061035156,391.19500732421875,6025,0.0,0.0,0.0
2024-07-10 15:00:00-04:00,391.06500244140625,391.0799865722656,390.94000244140625,390.9599914550781,10955,0.0,0.0,0.0
2024-07-10 15:05:00-04:00,390.8900146484375,390.9692077636719,390.7900085449219,390.8949890136719,12378,0.0,0.0,0.0
2024-07-10 15:10:00-04:00,390.94500732421875,390.98760986328125,390.8192138671875,390.95001220703125,7742,0.0,0.0,0.0
2024-07-10 15:15:00-04:00,390.9200134277344,391.0299987792969,390.8901062011719,390.95001220703125,11317,0.0,0.0,0.0
2024-07-10 15:20:00-04:00,390.9849853515625,390.9849853515625,390.8399963378906,390.8450012207031,20488,0.0,0.0,0.0
2024-07-10 15:25:00-04:00,390.8200988769531,391.0606994628906,390.8200988769531,391.0199890136719,7503,0.0,0.0,0.0
2024-07-10 15:30:00-04:00,391.0050048828125,391.20001220703125,390.95001220703125,391.08349609375,17405,0.0,0.0,0.0
2024-07-10 15:35:00-04:00,391.0963134765625,391.31329345703125,391.0963134765625,391.260009765625,9150,0.0,0.0,0.0
2024-07-10 15:40:00-04:00,391.32000732421875,391.45001220703125,391.15008544921875,391.260009765625,16172,0.0,0.0,0.0
2024-07-10 15:45:00-04:00,391.3031921386719,391.6300048828125,391.2699890136719,391.6300048828125,12702,0.0,0.0,0.0
2024-07-10 15:50:00-04:00,391.6300048828125,392.0899963378906,391.6199951171875,392.0849914550781,26951,0.0,0.0,0.0
2024-07-10 15:55:00-04:00,392.04998779296875,392.1400146484375,391.79998779296875,391.8299865722656,27973,0.0,0.0,0.0
2024-07-11 09:30:00-04:00,391.6099853515625,391.79998779296875,391.2749938964844,391.40240478515625,89969,0.0,0.0,0.0
2024-07-11 09:35:00-04:00,391.6499938964844,391.8900146484375,391.3999938964844,391.5199890136719,11608,0.0,0.0,0.0
2024-07-11 09:40:00-04:00,391.5199890136719,391.82000732421875,391.114990234375,391.82000732421875,8749,0.0,0.0,0.0
2024-07-11 09:45:00-04:00,391.92999267578125,391.92999267578125,391.05499267578125,391.05499267578125,11433,0.0,0.0,0.0
2024-07-11 09:50:00-04:00,391.1099853515625,391.30499267578125,390.75,391.010009765625,14016,0.0,0.0,0.0
2024-07-11 09:55:00-04:00,391.0799865722656,391.4119873046875,391.0799865722656,391.2900085449219,8682,0.0,0.0,0.0
2024-07-11 10:00:00-04:00,391.3900146484375,391.489990234375,391.1099853515625,391.2720947265625,12372,0.0,0.0,0.0
2024-07-11 10:05:00-04:00,391.2460021972656,391.2543029785156,390.45001220703125,390.4700012207031,8371,0.0,0.0,0.0
2024-07-11 10:10:00-04:00,390.4100036621094,390.6199951171875,389.2200012207031,389.239990234375,29890,0.0,0.0,0.0
2024-07-11 10:15:00-04:00,389.2300109863281,389.2300109863281,387.92999267578125,387.9700012207031,15931,0.0,0.0,0.0
2024-07-11 10:20:00-04:00,387.9599914550781,388.1600036621094,387.5,387.5899963378906,21185,0.0,0.0,0.0
2024-07-11 10:25:00-04:00,387.55999755859375,388.489990234375,387.55999755859375,388.1400146484375,16471,0.0,0.0,0.0
2024-07-11 10:30:00-04:00,388.05499267578125,388.8583068847656,387.79998779296875,387.79998779296875,19318,0.0,0.0,0.0
2024-07-11 10:35:00-04:00,387.8550109863281,388.20001220703125,387.79998779296875,387.8599853515625,19740,0.0,0.0,0.0
2024-07-11 10:40:00-04:00,387.9800109863281,388.0050964355469,387.44000244140625,387.5140075683594,7652,0.0,0.0,0.0
2024-07-11 10:45:00-04:00,387.2049865722656,387.5150146484375,387.1499938964844,387.25,6534,0.0,0.0,0.0
2024-07-11 10:50:00-04:00,387.0000915527344,387.7300109863281,386.94000244140625,387.30999755859375,14742,0.0,0.0,0.0
2024-07-11 10:55:00-04:00,387.2589111328125,387.31500244140625,386.31500244140625,386.3349914550781,19904,0.0,0.0,0.0
2024-07-11 11:00:00-04:00,386.4200134277344,386.5299987792969,386.1199951171875,386.1199951171875,9741,0.0,0.0,0.0
2024-07-11 11:05:00-04:00,386.0950012207031,386.9700012207031,386.010009765625,386.94000244140625,29674,0.0,0.0,0.0
2024-07-11 11:10:00-04:00,386.9100036621094,386.9700012207031,386.0,386.54998779296875,14928,0.0,0.0,0.0
2024-07-11 11:15:00-04:00,386.6199951171875,386.69000244140625,386.0,386.197998046875,12675,0.0,0.0,0.0
2024-07-11 11:20:00-04:00,386.114990234375,386.114990234375,384.9200134277344,384.9700012207031,14769,0.0,0.0,0.0
2024-07-11 11:25:00-04:00,384.9700012207031,385.1600036621094,384.6549987792969,384.7699890136719,13672,0.0,0.0,0.0
2024-07-11 11:30:00-04:00,384.79998779296875,384.79998779296875,384.3500061035156,384.5199890136719,13560,0.0,0.0,0.0
2024-07-11 11:35:00-04:00,384.5068054199219,384.5068054199219,384.17999267578125,384.20001220703125,11573,0.0,0.0,0.0
2024-07-11 11:40:00-04:00,384.1000061035156,384.19000244140625,383.6000061035156,384.19000244140625,18593,0.0,0.0,0.0
2024-07-11 11:45:00-04:00,384.30499267578125,384.6300048828125,384.07000732421875,384.3900146484375,10670,0.0,0.0,0.0
2024-07-11 11:50:00-04:00,384.3901062011719,384.3901062011719,383.9150085449219,384.2651062011719,7026,0.0,0.0,0.0
2024-07-11 11:55:00-04:00,384.1099853515625,384.125,383.80999755859375,383.9200134277344,22490,0.0,0.0,0.0
2024-07-11 12:00:00-04:00,383.8800048828125,383.9800109863281,383.6000061035156,383.67498779296875,24042,0.0,0.0,0.0
2024-07-11 12:05:00-04:00,383.7300109863281,384.739990234375,383.7300109863281,384.7300109863281,14959,0.0,0.0,0.0
2024-07-11 12:10:00-04:00,384.75,385.0329895019531,384.75,384.8633117675781,13688,0.0,0.0,0.0
2024-07-11 12:15:00-04:00,384.6499938964844,384.6499938964844,384.2799987792969,384.42999267578125,6024,0.0,0.0,0.0
2024-07-11 12:20:00-04:00,384.3800048828125,384.4849853515625,384.16400146484375,384.30419921875,4672,0.0,0.0,0.0
2024-07-11 12:25:00-04:00,384.25,384.94000244140625,384.25,384.94000244140625,8556,0.0,0.0,0.0
2024-07-11 12:30:00-04:00,384.9486999511719,385.2284851074219,384.92999267578125,385.1449890136719,4377,0.0,0.0,0.0
2024-07-11 12:35:00-04:00,385.24810791015625,385.6199951171875,385.24810791015625,385.3599853515625,9838,0.0,0.0,0.0
2024-07-11 12:40:00-04:00,385.3999938964844,385.5299987792969,385.260009765625,385.260009765625,3501,0.0,0.0,0.0
2024-07-11 12:45:00-04:00,385.1300048828125,385.1300048828125,384.19000244140625,384.2019958496094,5025,0.0,0.0,0.0
2024-07-11 12:50:00-04:00,384.2650146484375,384.3999938964844,383.8599853515625,384.05999755859375,32193,0.0,0.0,0.0
2024-07-11 12:55:00-04:00,384.04998779296875,384.3699951171875,383.9825134277344,384.0,55744,0.0,0.0,0.0
2024-07-11 13:00:00-04:00,384.010009765625,384.3900146484375,383.6549987792969,383.7799987792969,62952,0.0,0.0,0.0
2024-07-11 13:05:00-04:00,383.82000732421875,384.29998779296875,383.7099914550781,384.29998779296875,40850,0.0,0.0,0.0
2024-07-11 13:10:00-04:00,384.1600036621094,384.44000244140625,383.8599853515625,384.44000244140625,6472,0.0,0.0,0.0
2024-07-11 13:15:00-04:00,384.3785095214844,384.6600036621094,384.3785095214844,384.5799865722656,4961,0.0,0.0,0.0
2024-07-11 13:20:00-04:00,384.4538879394531,384.65008544921875,384.1449890136719,384.2349853515625,10386,0.0,0.0,0.0
2024-07-11 13:25:00-04:00,384.25,384.71600341796875,384.2200927734375,384.71600341796875,4202,0.0,0.0,0.0
2024-07-11 13:30:00-04:00,384.6300048828125,384.6300048828125,384.3599853515625,384.4280090332031,4732,0.0,0.0,0.0
2024-07-11 13:35:00-04:00,384.34539794921875,384.48858642578125,384.010009765625,384.010009765625,7208,0.0,0.0,0.0
2024-07-11 13:40:00-04:00,384.04998779296875,384.20550537109375,383.9549865722656,383.9549865722656,5085,0.0,0.0,0.0
2024-07-11 13:45:00-04:00,383.95001220703125,383.95001220703125,383.4100036621094,383.5950012207031,7744,0.0,0.0,0.0
2024-07-11 13:50:00-04:00,383.4200134277344,383.57000732421875,383.239990234375,383.2699890136719,9647,0.0,0.0,0.0
2024-07-11 13:55:00-04:00,383.4200134277344,383.4200134277344,382.92010498046875,382.9750061035156,6645,0.0,0.0,0.0
2024-07-11 14:00:00-04:00,383.1000061035156,383.1499938964844,382.8599853515625,382.9599914550781,8350,0.0,0.0,0.0
2024-07-11 14:05:00-04:00,383.0400085449219,383.2892150878906,382.9700012207031,383.159912109375,4403,0.0,0.0,0.0
2024-07-11 14:10:00-04:00,383.2449951171875,383.4849853515625,383.04998779296875,383.4849853515625,7794,0.0,0.0,0.0
2024-07-11 14:15:00-04:00,383.4849853515625,383.75,383.45001220703125,383.7049865722656,7564,0.0,0.0,0.0
2024-07-11 14:20:00-04:00,383.68780517578125,384.1799011230469,383.68780517578125,383.94000244140625,7188,0.0,0.0,0.0
2024-07-11 14:25:00-04:00,383.79998779296875,383.82989501953125,383.6499938964844,383.6600036621094,6031,0.0,0.0,0.0
2024-07-11 14:30:00-04:00,383.6400146484375,384.6099853515625,383.5950012207031,384.489990234375,17256,0.0,0.0,0.0
2024-07-11 14:35:00-04:00,384.4599914550781,384.6199951171875,384.2900085449219,384.5799865722656,61145,0.0,0.0,0.0
2024-07-11 14:40:00-04:00,384.57720947265625,384.6700134277344,384.3299865722656,384.6400146484375,42297,0.0,0.0,0.0
2024-07-11 14:45:00-04:00,384.6319885253906,384.739990234375,384.1600036621094,384.1899108886719,33657,0.0,0.0,0.0
2024-07-11 14:50:00-04:00,384.29998779296875,384.6099853515625,384.20001220703125,384.4200134277344,7121,0.0,0.0,0.0
2024-07-11 14:55:00-04:00,384.443115234375,384.5899963378906,384.4200134277344,384.5318908691406,609464,0.0,0.0,0.0
2024-07-11 15:00:00-04:00,384.71990966796875,384.8714904785156,384.6318054199219,384.8714904785156,8774,0.0,0.0,0.0
2024-07-11 15:05:00-04:00,385.0,385.0,384.7799987792969,384.864990234375,12219,0.0,0.0,0.0
2024-07-11 15:10:00-04:00,384.7200012207031,384.75,384.45001220703125,384.510009765625,6835,0.0,0.0,0.0
2024-07-11 15:15:00-04:00,384.6600036621094,384.82000732421875,384.375,384.6726989746094,9561,0.0,0.0,0.0
2024-07-11 15:20:00-04:00,384.5504150390625,384.6084899902344,384.46160888671875,384.5899963378906,6307,0.0,0.0,0.0
2024-07-11 15:25:00-04:00,384.44000244140625,384.52099609375,384.0,384.0,10632,0.0,0.0,0.0
2024-07-11 15:30:00-04:00,384.17889404296875,384.32000732421875,384.0,384.2590026855469,7471,0.0,0.0,0.0
2024-07-11 15:35:00-04:00,384.25,385.0,384.24169921875,384.8710021972656,21964,0.0,0.0,0.0
2024-07-11 15:40:00-04:00,384.6687927246094,384.6687927246094,384.110107421875,384.110107421875,8989,0.0,0.0,0.0
2024-07-11 15:45:00-04:00,384.3999938964844,384.60931396484375,384.17999267578125,384.4700012207031,11811,0.0,0.0,0.0
2024-07-11 15:50:00-04:00,384.489990234375,384.6000061035156,383.8800048828125,384.010009765625,26531,0.0,0.0,0.0
2024-07-11 15:55:00-04:00,383.94000244140625,384.3197937011719,383.6099853515625,383.6099853515625,32391,0.0,0.0,0.0
2024-07-12 09:30:00-04:00,384.0799865722656,384.3500061035156,383.5299987792969,383.5299987792969,60768,0.0,0.0,0.0
2024-07-12 09:35:00-04:00,383.9549865722656,384.3699951171875,383.7099914550781,384.30999755859375,11622,0.0,0.0,0.0
2024-07-12 09:40:00-04:00,384.2200012207031,384.6188049316406,383.8500061035156,383.8500061035156,8595,0.0,0.0,0.0
2024-07-12 09:45:00-04:00,383.989990234375,384.95001220703125,383.8399963378906,384.95001220703125,6473,0.0,0.0,0.0
2024-07-12 09:50:00-04:00,385.0,385.4093017578125,384.8301086425781,385.2200927734375,8212,0.0,0.0,0.0
2024-07-12 09:55:00-04:00,385.2449951171875,386.17950439453125,385.1499938964844,386.04998779296875,16524,0.0,0.0,0.0
2024-07-12 10:00:00-04:00,386.1499938964844,386.489990234375,385.7749938964844,386.0705871582031,13746,0.0,0.0,0.0
2024-07-12 10:05:00-04:00,386.0350036621094,386.25,385.8139953613281,386.2250061035156,9848,0.0,0.0,0.0
2024-07-12 10:10:00-04:00,386.3283996582031,386.5299987792969,386.1000061035156,386.19000244140625,12959,0.0,0.0,0.0
2024-07-12 10:15:00-04:00,386.1199951171875,386.1199951171875,385.7113952636719,385.94500732421875,9606,0.0,0.0,0.0
2024-07-12 10:20:00-04:00,385.95001220703125,385.95001220703125,385.3999938964844,385.7850036621094,8351,0.0,0.0,0.0
2024-07-12 10:25:00-04:00,385.8399963378906,386.0799865722656,385.80999755859375,385.8858947753906,16792,0.0,0.0,0.0
2024-07-12 10:30:00-04:00,385.92999267578125,386.7594909667969,385.80999755859375,386.72088623046875,8980,0.0,0.0,0.0
2024-07-12 10:35:00-04:00,386.7439880371094,387.19000244140625,386.65240478515625,387.19000244140625,6336,0.0,0.0,0.0
2024-07-12 10:40:00-04:00,387.260009765625,387.54998779296875,387.231689453125,387.54998779296875,15997,0.0,0.0,0.0
2024-07-12 10:45:00-04:00,387.4700012207031,387.6700134277344,387.30999755859375,387.6700134277344,7215,0.0,0.0,0.0
2024-07-12 10:50:00-04:00,387.70001220703125,387.74249267578125,387.55499267578125,387.70001220703125,6974,0.0,0.0,0.0
2024-07-12 10:55:00-04:00,387.6380920410156,387.6736145019531,387.39801025390625,387.39801025390625,4766,0.0,0.0,0.0
2024-07-12 11:00:00-04:00,387.385009765625,387.510009765625,387.17388916015625,387.2814025878906,11303,0.0,0.0,0.0
2024-07-12 11:05:00-04:00,387.3299865722656,387.739990234375,387.2222900390625,387.6600036621094,17210,0.0,0.0,0.0
2024-07-12 11:10:00-04:00,387.5491027832031,387.7300109863281,387.5491027832031,387.710693359375,4960,0.0,0.0,0.0
2024-07-12 11:15:00-04:00,387.6099853515625,387.6300048828125,387.260009765625,387.260009765625,3904,0.0,0.0,0.0
2024-07-12 11:20:00-04:00,387.1893005371094,387.3999938964844,387.1893005371094,387.2349853515625,5419,0.0,0.0,0.0
2024-07-12 11:25:00-04:00,387.2770080566406,387.75,387.2770080566406,387.75,7339,0.0,0.0,0.0
2024-07-12 11:30:00-04:00,387.7049865722656,387.7049865722656,387.3399963378906,387.3399963378906,11235,0.0,0.0,0.0
2024-07-12 11:35:00-04:00,387.4490966796875,387.57659912109375,387.3500061035156,387.57659912109375,9729,0.0,0.0,0.0
2024-07-12 11:40:00-04:00,387.5851135253906,387.8089904785156,387.5851135253906,387.7567138671875,9970,0.0,0.0,0.0
2024-07-12 11:45:00-04:00,387.7449951171875,387.7449951171875,387.57000732421875,387.6300048828125,7089,0.0,0.0,0.0
2024-07-12 11:50:00-04:00,387.55999755859375,387.64801025390625,387.3900146484375,387.6050109863281,26494,0.0,0.0,0.0
2024-07-12 11:55:00-04:00,387.56988525390625,387.56988525390625,386.610107421875,386.610107421875,7022,0.0,0.0,0.0
2024-07-12 12:00:00-04:00,386.6199951171875,386.9750061035156,386.5201110839844,386.9100036621094,8275,0.0,0.0,0.0
2024-07-12 12:05:00-04:00,386.79998779296875,386.8699951171875,386.1600036621094,386.17999267578125,45951,0.0,0.0,0.0
2024-07-12 12:10:00-04:00,386.239990234375,386.364990234375,385.9580078125,386.20989990234375,15830,0.0,0.0,0.0
2024-07-12 12:15:00-04:00,386.1470947265625,386.5198974609375,386.1000061035156,386.3900146484375,9524,0.0,0.0,0.0
2024-07-12 12:20:00-04:00,386.364990234375,386.6700134277344,386.364990234375,386.6700134277344,7533,0.0,0.0,0.0
2024-07-12 12:25:00-04:00,386.69000244140625,386.760009765625,386.5350036621094,386.5899963378906,15259,0.0,0.0,0.0
2024-07-12 12:30:00-04:00,386.5538024902344,386.5538024902344,386.3901062011719,386.4150085449219,4473,0.0,0.0,0.0
2024-07-12 12:35:00-04:00,386.55999755859375,386.931884765625,386.55999755859375,386.75,4184,0.0,0.0,0.0
2024-07-12 12:40:00-04:00,386.80499267578125,386.8800048828125,386.70001220703125,386.70001220703125,5800,0.0,0.0,0.0
2024-07-12 12:45:00-04:00,386.6263122558594,386.82000732421875,386.6199951171875,386.6199951171875,4988,0.0,0.0,0.0
2024-07-12 12:50:00-04:00,386.7250061035156,386.9049987792969,386.7250061035156,386.9049987792969,3610,0.0,0.0,0.0
2024-07-12 12:55:00-04:00,387.1499938964844,387.42999267578125,387.1499938964844,387.3908996582031,4449,0.0,0.0,0.0
2024-07-12 13:00:00-04:00,387.43499755859375,387.43499755859375,387.3349914550781,387.375,61564,0.0,0.0,0.0
2024-07-12 13:05:00-04:00,387.3900146484375,387.510009765625,387.3500061035156,387.4849853515625,6280,0.0,0.0,0.0
2024-07-12 13:10:00-04:00,387.6300048828125,387.8099060058594,387.6300048828125,387.6899108886719,15531,0.0,0.0,0.0
2024-07-12 13:15:00-04:00,387.7300109863281,387.7449951171875,387.5799865722656,387.6549987792969,5268,0.0,0.0,0.0
2024-07-12 13:20:00-04:00,387.69000244140625,387.8982849121094,387.5924987792969,387.8699951171875,5683,0.0,0.0,0.0
2024-07-12 13:25:00-04:00,387.8550109863281,388.04998779296875,387.8399963378906,388.04998779296875,5348,0.0,0.0,0.0
2024-07-12 13:30:00-04:00,387.9599914550781,388.2099914550781,387.9599914550781,388.1662902832031,3639,0.0,0.0,0.0
2024-07-12 13:35:00-04:00,388.2200012207031,388.4306945800781,388.2200012207031,388.3100891113281,37568,0.0,0.0,0.0
2024-07-12 13:40:00-04:00,388.3999938964844,388.7300109863281,388.32000732421875,388.6600036621094,7985,0.0,0.0,0.0
2024-07-12 13:45:00-04:00,388.6600036621094,388.95001220703125,388.6199951171875,388.9491882324219,8402,0.0,0.0,0.0
2024-07-12 13:50:00-04:00,388.8500061035156,389.04998779296875,388.8500061035156,389.0,6171,0.0,0.0,0.0
2024-07-12 13:55:00-04:00,388.989990234375,389.1099853515625,388.6300048828125,388.6391906738281,6500,0.0,0.0,0.0
2024-07-12 14:00:00-04:00,388.3927917480469,388.79998779296875,388.3399963378906,388.7650146484375,23894,0.0,0.0,0.0
2024-07-12 14:05:00-04:00,388.82000732421875,388.8667907714844,388.5350036621094,388.6463928222656,10951,0.0,0.0,0.0
2024-07-12 14:10:00-04:00,388.75,388.82000732421875,388.5899963378906,388.7799987792969,12420,0.0,0.0,0.0
2024-07-12 14:15:00-04:00,388.7475891113281,388.7749938964844,388.6499938964844,388.68341064453125,8186,0.0,0.0,0.0
2024-07-12 14:20:00-04:00,388.6700134277344,388.70928955078125,388.30999755859375,388.42999267578125,10792,0.0,0.0,0.0
2024-07-12 14:25:00-04:00,388.3949890136719,388.6000061035156,388.2431945800781,388.56500244140625,10583,0.0,0.0,0.0
2024-07-12 14:30:00-04:00,388.5599060058594,388.6099853515625,388.5,388.6099853515625,7657,0.0,0.0,0.0
2024-07-12 14:35:00-04:00,388.6199951171875,388.7099914550781,388.510009765625,388.7099914550781,16161,0.0,0.0,0.0
2024-07-12 14:40:00-04:00,388.7250061035156,388.7699890136719,388.5899963378906,388.6899108886719,12538,0.0,0.0,0.0
2024-07-12 14:45:00-04:00,388.70001220703125,388.7793884277344,388.6600036621094,388.7019958496094,5561,0.0,0.0,0.0
2024-07-12 14:50:00-04:00,388.7250061035156,388.7398986816406,388.5199890136719,388.5400085449219,8741,0.0,0.0,0.0
2024-07-12 14:55:00-04:00,388.5799865722656,388.8500061035156,388.5799865722656,388.8500061035156,9029,0.0,0.0,0.0
2024-07-12 15:00:00-04:00,388.7799987792969,388.8699951171875,388.6300048828125,388.6789855957031,37636,0.0,0.0,0.0
2024-07-12 15:05:00-04:00,388.67999267578125,388.8580017089844,388.6000061035156,388.6700134277344,61396,0.0,0.0,0.0
2024-07-12 15:10:00-04:00,388.6650085449219,388.70001220703125,388.2572937011719,388.3299865722656,23213,0.0,0.0,0.0
2024-07-12 15:15:00-04:00,388.3268127441406,388.3800048828125,388.2300109863281,388.2300109863281,30353,0.0,0.0,0.0
2024-07-12 15:20:00-04:00,388.239990234375,388.2699890136719,388.029296875,388.1650085449219,12352,0.0,0.0,0.0
2024-07-12 15:25:00-04:00,388.1499938964844,388.44000244140625,388.1499938964844,388.3800048828125,0,0.0,0.0,0.0
2024-07-12 15:30:00-04:00,388.3900146484375,388.3999938964844,387.2300109863281,387.8599853515625,1256498,0.0,0.0,0.0
2024-07-12 15:35:00-04:00,387.80999755859375,387.8800048828125,386.8399963378906,387.0400085449219,27293,0.0,0.0,0.0
2024-07-12 15:40:00-04:00,386.95001220703125,386.95001220703125,386.239990234375,386.45001220703125,16196,0.0,0.0,0.0
2024-07-12 15:45:00-04:00,386.4599914550781,386.6400146484375,386.0299987792969,386.1000061035156,15128,0.0,0.0,0.0
2024-07-12 15:50:00-04:00,386.05999755859375,386.45001220703125,385.29998779296875,386.447998046875,35758,0.0,0.0,0.0
2024-07-12 15:55:00-04:00,386.3900146484375,386.4100036621094,385.29998779296875,386.0299987792969,26430,0.0,0.0,0.0
2024-07-15 09:30:00-04:00,388.2099914550781,388.4599914550781,387.9200134277344,388.25,86447,0.0,0.0,0.0
2024-07-15 09:35:00-04:00,388.3399963378906,388.3399963378906,387.7300109863281,388.2099914550781,10353,0.0,0.0,0.0
2024-07-15 09:40:00-04:00,388.44000244140625,388.7699890136719,387.5201110839844,387.5201110839844,14396,0.0,0.0,0.0
2024-07-15 09:45:00-04:00,387.6199951171875,388.0799865722656,387.32000732421875,387.760009765625,18405,0.0,0.0,0.0
2024-07-15 09:50:00-04:00,387.739990234375,388.2250061035156,387.3949890136719,388.1199951171875,13277,0.0,0.0,0.0
2024-07-15 09:55:00-04:00,388.010009765625,388.1099853515625,387.6650085449219,388.07501220703125,16979,0.0,0.0,0.0
2024-07-15 10:00:00-04:00,388.093994140625,388.5,388.0899963378906,388.5,12377,0.0,0.0,0.0
2024-07-15 10:05:00-04:00,388.6600036621094,388.7900085449219,388.3959045410156,388.65771484375,7538,0.0,0.0,0.0
2024-07-15 10:10:00-04:00,388.7099914550781,388.7550048828125,388.4800109863281,388.54998779296875,10264,0.0,0.0,0.0
2024-07-15 10:15:00-04:00,388.5799865722656,388.5799865722656,388.2799987792969,388.45001220703125,5585,0.0,0.0,0.0
2024-07-15 10:20:00-04:00,388.3949890136719,388.7099914550781,388.3949890136719,388.5899963378906,6828,0.0,0.0,0.0
2024-07-15 10:25:00-04:00,388.7099914550781,388.9989929199219,388.6000061035156,388.864990234375,6598,0.0,0.0,0.0
2024-07-15 10:30:00-04:00,388.893310546875,389.17999267578125,388.8399963378906,389.15960693359375,13796,0.0,0.0,0.0
2024-07-15 10:35:00-04:00,389.0950927734375,389.5150146484375,389.0950927734375,389.17999267578125,6282,0.0,0.0,0.0
2024-07-15 10:40:00-04:00,389.3550109863281,389.3900146484375,389.2099914550781,389.3599853515625,15026,0.0,0.0,0.0
2024-07-15 10:45:00-04:00,389.260009765625,389.3399963378906,389.0799865722656,389.2998962402344,11895,0.0,0.0,0.0
2024-07-15 10:50:00-04:00,389.3406982421875,389.54998779296875,389.29998779296875,389.427001953125,11677,0.0,0.0,0.0
2024-07-15 10:55:00-04:00,389.4949951171875,389.6582946777344,389.4949951171875,389.55999755859375,20939,0.0,0.0,0.0
2024-07-15 11:00:00-04:00,389.6000061035156,389.8800048828125,389.6000061035156,389.82440185546875,11887,0.0,0.0,0.0
2024-07-15 11:05:00-04:00,389.9100036621094,389.95989990234375,389.739990234375,389.74700927734375,6503,0.0,0.0,0.0
2024-07-15 11:10:00-04:00,389.8699951171875,390.05999755859375,389.8699951171875,390.0201110839844,26334,0.0,0.0,0.0
2024-07-15 11:15:00-04:00,390.0899963378906,390.30499267578125,390.0299987792969,390.30499267578125,10846,0.0,0.0,0.0
2024-07-15 11:20:00-04:00,390.42999267578125,390.4880065917969,390.340087890625,390.4800109863281,3493,0.0,0.0,0.0
2024-07-15 11:25:00-04:00,390.3999938964844,390.41339111328125,389.5350036621094,389.5849914550781,8835,0.0,0.0,0.0
2024-07-15 11:30:00-04:00,389.3783874511719,389.50970458984375,388.8999938964844,388.8999938964844,4446,0.0,0.0,0.0
2024-07-15 11:35:00-04:00,388.8599853515625,389.4620056152344,388.8599853515625,389.4620056152344,4067,0.0,0.0,0.0
2024-07-15 11:40:00-04:00,389.5024108886719,389.5024108886719,388.8299865722656,388.8299865722656,4327,0.0,0.0,0.0
2024-07-15 11:45:00-04:00,388.9599914550781,388.9599914550781,388.1903076171875,388.66009521484375,11355,0.0,0.0,0.0
2024-07-15 11:50:00-04:00,388.75,388.8196105957031,388.42449951171875,388.42449951171875,7391,0.0,0.0,0.0
2024-07-15 11:55:00-04:00,388.4599914550781,388.80999755859375,388.4200134277344,388.80999755859375,12299,0.0,0.0,0.0
2024-07-15 12:00:00-04:00,388.8752136230469,388.90179443359375,388.55999755859375,388.5967102050781,5469,0.0,0.0,0.0
2024-07-15 12:05:00-04:00,388.4934997558594,388.4934997558594,387.8500061035156,388.1075134277344,12663,0.0,0.0,0.0
2024-07-15 12:10:00-04:00,388.010009765625,388.010009765625,387.590087890625,387.75,16037,0.0,0.0,0.0
2024-07-15 12:15:00-04:00,387.5400085449219,387.6199951171875,387.0899963378906,387.0899963378906,8412,0.0,0.0,0.0
2024-07-15 12:20:00-04:00,387.04998779296875,387.8550109863281,386.8500061035156,387.8500061035156,15728,0.0,0.0,0.0
2024-07-15 12:25:00-04:00,387.7200012207031,387.9700012207031,387.7149963378906,387.8999938964844,14657,0.0,0.0,0.0
2024-07-15 12:30:00-04:00,387.9100036621094,387.95001220703125,387.75,387.87200927734375,9495,0.0,0.0,0.0
2024-07-15 12:35:00-04:00,387.9700012207031,388.0899963378906,387.8299865722656,388.0098876953125,18264,0.0,0.0,0.0
2024-07-15 12:40:00-04:00,387.8699951171875,388.2799987792969,387.79998779296875,387.93499755859375,20406,0.0,0.0,0.0
2024-07-15 12:45:00-04:00,387.8800048828125,387.8999938964844,387.6700134277344,387.7799987792969,7111,0.0,0.0,0.0
2024-07-15 12:50:00-04:00,387.9215087890625,387.9215087890625,387.6600036621094,387.8565979003906,7370,0.0,0.0,0.0
2024-07-15 12:55:00-04:00,387.875,388.2699890136719,387.875,388.010009765625,10159,0.0,0.0,0.0
2024-07-15 13:00:00-04:00,388.0,388.0,386.8599853515625,387.3699951171875,20355,0.0,0.0,0.0
2024-07-15 13:05:00-04:00,387.3699951171875,387.69000244140625,387.3699951171875,387.6199951171875,2491,0.0,0.0,0.0
2024-07-15 13:10:00-04:00,387.45001220703125,387.510009765625,387.2149963378906,387.2149963378906,3935,0.0,0.0,0.0
2024-07-15 13:15:00-04:00,387.2900085449219,387.4549865722656,386.9219970703125,387.4549865722656,23780,0.0,0.0,0.0
2024-07-15 13:20:00-04:00,387.4700012207031,387.8399963378906,387.3399963378906,387.79180908203125,8091,0.0,0.0,0.0
2024-07-15 13:25:00-04:00,387.8699951171875,387.9034118652344,387.06500244140625,387.1600036621094,9319,0.0,0.0,0.0
2024-07-15 13:30:00-04:00,387.0299987792969,387.1282958984375,386.3699951171875,386.7441101074219,7468,0.0,0.0,0.0
2024-07-15 13:35:00-04:00,386.7502136230469,386.89990234375,386.6400146484375,386.70001220703125,9887,0.0,0.0,0.0
2024-07-15 13:40:00-04:00,386.7200012207031,386.89788818359375,386.7200012207031,386.77801513671875,5034,0.0,0.0,0.0
2024-07-15 13:45:00-04:00,386.6535949707031,386.6600036621094,386.3840026855469,386.6050109863281,4986,0.0,0.0,0.0
2024-07-15 13:50:00-04:00,386.9198913574219,387.0874938964844,386.760009765625,386.760009765625,7815,0.0,0.0,0.0
2024-07-15 13:55:00-04:00,386.6499938964844,386.69500732421875,386.4200134277344,386.5986022949219,7045,0.0,0.0,0.0
2024-07-15 14:00:00-04:00,386.55999755859375,386.7101135253906,386.3017883300781,386.7101135253906,8953,0.0,0.0,0.0
2024-07-15 14:05:00-04:00,386.6131896972656,386.614990234375,386.4949951171875,386.614990234375,5055,0.0,0.0,0.0
2024-07-15 14:10:00-04:00,386.5400085449219,386.6300048828125,386.17999267578125,386.4049987792969,8885,0.0,0.0,0.0
2024-07-15 14:15:00-04:00,386.385009765625,386.518310546875,386.2752990722656,386.4800109863281,11257,0.0,0.0,0.0
2024-07-15 14:20:00-04:00,386.44000244140625,387.0492858886719,386.3599853515625,386.85198974609375,14763,0.0,0.0,0.0
2024-07-15 14:25:00-04:00,386.864990234375,387.0874938964844,386.7300109863281,387.0751037597656,4099,0.0,0.0,0.0
2024-07-15 14:30:00-04:00,386.9888916015625,387.6619873046875,386.9888916015625,387.5950012207031,7405,0.0,0.0,0.0
2024-07-15 14:35:00-04:00,387.6090087890625,387.6090087890625,386.9599914550781,387.0849914550781,9405,0.0,0.0,0.0
2024-07-15 14:40:00-04:00,387.13519287109375,387.17169189453125,386.840087890625,386.9580078125,11657,0.0,0.0,0.0
2024-07-15 14:45:00-04:00,386.94000244140625,387.30499267578125,386.85101318359375,387.2760009765625,4549,0.0,0.0,0.0
2024-07-15 14:50:00-04:00,387.2179870605469,387.2569885253906,387.177490234375,387.177490234375,2274,0.0,0.0,0.0
2024-07-15 14:55:00-04:00,387.0899963378906,387.4399108886719,387.0799865722656,387.3999938964844,7413,0.0,0.0,0.0
2024-07-15 15:00:00-04:00,387.4100036621094,387.510009765625,387.2550048828125,387.3599853515625,7275,0.0,0.0,0.0
2024-07-15 15:05:00-04:00,387.2449951171875,387.64959716796875,387.23980712890625,387.45001220703125,15259,0.0,0.0,0.0
2024-07-15 15:10:00-04:00,387.44219970703125,387.57000732421875,387.3877868652344,387.5050048828125,7847,0.0,0.0,0.0
2024-07-15 15:15:00-04:00,387.4700012207031,387.8550109863281,387.4200134277344,387.8399963378906,14049,0.0,0.0,0.0
2024-07-15 15:20:00-04:00,387.7799987792969,387.7799987792969,387.3500061035156,387.614990234375,10180,0.0,0.0,0.0
2024-07-15 15:25:00-04:00,387.6199951171875,387.6199951171875,387.3800048828125,387.3800048828125,9131,0.0,0.0,0.0
2024-07-15 15:30:00-04:00,387.3800048828125,387.625,387.32000732421875,387.5299987792969,28055,0.0,0.0,0.0
2024-07-15 15:35:00-04:00,387.42999267578125,387.44500732421875,386.75,386.7699890136719,14711,0.0,0.0,0.0
2024-07-15 15:40:00-04:00,386.83990478515625,386.9100036621094,386.360595703125,386.3800048828125,11239,0.0,0.0,0.0
2024-07-15 15:45:00-04:00,386.3399963378906,386.4338073730469,385.9599914550781,386.2250061035156,17572,0.0,0.0,0.0
2024-07-15 15:50:00-04:00,386.1600036621094,386.5400085449219,385.3900146484375,386.42498779296875,18331,0.0,0.0,0.0
2024-07-15 15:55:00-04:00,386.4599914550781,387.1199951171875,386.4100036621094,387.1050109863281,15795,0.0,0.0,0.0
2024-07-16 09:30:00-04:00,388.2699890136719,388.67999267578125,387.840087890625,388.5199890136719,63569,0.0,0.0,0.0
2024-07-16 09:35:00-04:00,388.19000244140625,388.7950134277344,388.0400085449219,388.7699890136719,9175,0.0,0.0,0.0
2024-07-16 09:40:00-04:00,388.6000061035156,388.7560119628906,387.9700012207031,388.0350036621094,11839,0.0,0.0,0.0
2024-07-16 09:45:00-04:00,388.0799865722656,388.25,387.55999755859375,387.55999755859375,12712,0.0,0.0,0.0
2024-07-16 09:50:00-04:00,387.69000244140625,387.9382019042969,387.55999755859375,387.6600036621094,10673,0.0,0.0,0.0
2024-07-16 09:55:00-04:00,387.75,387.7799072265625,386.55999755859375,386.7300109863281,16744,0.0,0.0,0.0
2024-07-16 10:00:00-04:00,386.7699890136719,386.92999267578125,385.5,385.6188049316406,17723,0.0,0.0,0.0
2024-07-16 10:05:00-04:00,385.5799865722656,385.67999267578125,385.05999755859375,385.44000244140625,18589,0.0,0.0,0.0
2024-07-16 10:10:00-04:00,385.2701110839844,385.7843933105469,385.2701110839844,385.3900146484375,11919,0.0,0.0,0.0
2024-07-16 10:15:00-04:00,385.239990234375,385.8299865722656,385.1700134277344,385.8299865722656,5806,0.0,0.0,0.0
2024-07-16 10:20:00-04:00,385.864990234375,386.1000061035156,385.239990234375,385.3399963378906,13609,0.0,0.0,0.0
2024-07-16 10:25:00-04:00,385.3399963378906,385.869384765625,385.2900085449219,385.6199951171875,13790,0.0,0.0,0.0
2024-07-16 10:30:00-04:00,385.7699890136719,386.0763854980469,385.7601013183594,385.8450012207031,8551,0.0,0.0,0.0
2024-07-16 10:35:00-04:00,385.760009765625,386.260009765625,385.5899963378906,386.260009765625,7546,0.0,0.0,0.0
2024-07-16 10:40:00-04:00,386.17999267578125,386.70001220703125,386.17999267578125,386.4158020019531,12292,0.0,0.0,0.0
2024-07-16 10:45:00-04:00,386.3699951171875,386.6600036621094,386.2200927734375,386.6099853515625,5152,0.0,0.0,0.0
2024-07-16 10:50:00-04:00,386.7300109863281,386.79998779296875,386.2099914550781,386.35870361328125,19070,0.0,0.0,0.0
2024-07-16 10:55:00-04:00,386.3309020996094,386.3800048828125,386.1199951171875,386.12921142578125,6944,0.0,0.0,0.0
2024-07-16 11:00:00-04:00,386.18499755859375,386.6099853515625,385.94000244140625,386.6099853515625,6516,0.0,0.0,0.0
2024-07-16 11:05:00-04:00,386.6499938964844,387.2149963378906,386.6099853515625,387.19000244140625,7547,0.0,0.0,0.0
2024-07-16 11:10:00-04:00,387.2200012207031,387.3699951171875,386.75,386.760009765625,14848,0.0,0.0,0.0
2024-07-16 11:15:00-04:00,386.7799987792969,386.8399963378906,386.6199951171875,386.7200012207031,12451,0.0,0.0,0.0
2024-07-16 11:20:00-04:00,386.6199951171875,386.7349853515625,386.5199890136719,386.7349853515625,8160,0.0,0.0,0.0
2024-07-16 11:25:00-04:00,386.760009765625,386.80999755859375,386.3800048828125,386.4200134277344,6763,0.0,0.0,0.0
2024-07-16 11:30:00-04:00,386.52880859375,386.52880859375,385.95001220703125,386.127685546875,8477,0.0,0.0,0.0
2024-07-16 11:35:00-04:00,386.04998779296875,386.3399963378906,386.0,386.3399963378906,5707,0.0,0.0,0.0
2024-07-16 11:40:00-04:00,386.2900085449219,386.3900146484375,386.1600036621094,386.3086853027344,5346,0.0,0.0,0.0
2024-07-16 11:45:00-04:00,386.2300109863281,386.48040771484375,386.2300109863281,386.2349853515625,9992,0.0,0.0,0.0
2024-07-16 11:50:00-04:00,386.30499267578125,386.73638916015625,386.2699890136719,386.6099853515625,3384,0.0,0.0,0.0
2024-07-16 11:55:00-04:00,386.6044006347656,386.69000244140625,386.2500915527344,386.2500915527344,13432,0.0,0.0,0.0
2024-07-16 12:00:00-04:00,386.3800048828125,386.5849914550781,386.3599853515625,386.3695068359375,8533,0.0,0.0,0.0
2024-07-16 12:05:00-04:00,386.42999267578125,386.44000244140625,385.79998779296875,385.82000732421875,115226,0.0,0.0,0.0
2024-07-16 12:10:00-04:00,385.8399963378906,385.9800109863281,385.33990478515625,385.54998779296875,52837,0.0,0.0,0.0
2024-07-16 12:15:00-04:00,385.82000732421875,385.8399963378906,384.8800048828125,385.4960021972656,14985,0.0,0.0,0.0
2024-07-16 12:20:00-04:00,385.25909423828125,385.4455871582031,384.989990234375,385.32000732421875,12610,0.0,0.0,0.0
2024-07-16 12:25:00-04:00,385.239990234375,385.32000732421875,385.15960693359375,385.30218505859375,5158,0.0,0.0,0.0
2024-07-16 12:30:00-04:00,385.17999267578125,385.19000244140625,384.7200012207031,384.8500061035156,7801,0.0,0.0,0.0
2024-07-16 12:35:00-04:00,384.8900146484375,385.4068908691406,384.8900146484375,385.30499267578125,4256,0.0,0.0,0.0
2024-07-16 12:40:00-04:00,385.31500244140625,385.39581298828125,384.7950134277344,384.7950134277344,8935,0.0,0.0,0.0
2024-07-16 12:45:00-04:00,384.82000732421875,385.5199890136719,384.82000732421875,385.5199890136719,26319,0.0,0.0,0.0
2024-07-16 12:50:00-04:00,385.510009765625,385.80499267578125,385.510009765625,385.7550048828125,6232,0.0,0.0,0.0
2024-07-16 12:55:00-04:00,385.760009765625,386.0,385.760009765625,386.0,11010,0.0,0.0,0.0
2024-07-16 13:00:00-04:00,385.989990234375,386.026611328125,385.87799072265625,385.8800048828125,6666,0.0,0.0,0.0
2024-07-16 13:05:00-04:00,385.8200988769531,385.9049987792969,385.67999267578125,385.8479919433594,12272,0.0,0.0,0.0
2024-07-16 13:10:00-04:00,385.7900085449219,385.8800048828125,385.57000732421875,385.69000244140625,9595,0.0,0.0,0.0
2024-07-16 13:15:00-04:00,385.6600036621094,385.6600036621094,385.41009521484375,385.64599609375,8289,0.0,0.0,0.0
2024-07-16 13:20:00-04:00,385.7221984863281,385.7349853515625,385.6099853515625,385.6499938964844,7541,0.0,0.0,0.0
2024-07-16 13:25:00-04:00,385.6700134277344,385.8789978027344,385.5199890136719,385.5480041503906,12522,0.0,0.0,0.0
2024-07-16 13:30:00-04:00,385.510009765625,385.6969909667969,385.3599853515625,385.69000244140625,10513,0.0,0.0,0.0
2024-07-16 13:35:00-04:00,385.6499938964844,385.6499938964844,385.3500061035156,385.4800109863281,4236,0.0,0.0,0.0
2024-07-16 13:40:00-04:00,385.4342041015625,385.5342102050781,385.3949890136719,385.5150146484375,5070,0.0,0.0,0.0
2024-07-16 13:45:00-04:00,385.42999267578125,385.7799987792969,385.42498779296875,385.5899963378906,3825,0.0,0.0,0.0
2024-07-16 13:50:00-04:00,385.510009765625,385.6600036621094,385.4849853515625,385.6600036621094,25812,0.0,0.0,0.0
2024-07-16 13:55:00-04:00,385.6700134277344,385.83990478515625,385.6449890136719,385.7900085449219,69752,0.0,0.0,0.0
2024-07-16 14:00:00-04:00,385.68798828125,385.68798828125,385.4200134277344,385.59759521484375,7694,0.0,0.0,0.0
2024-07-16 14:05:00-04:00,385.6499938964844,385.7300109863281,385.5899963378906,385.65008544921875,4574,0.0,0.0,0.0
2024-07-16 14:10:00-04:00,385.7300109863281,385.760009765625,385.4501037597656,385.489990234375,5897,0.0,0.0,0.0
2024-07-16 14:15:00-04:00,385.5450134277344,385.5589904785156,385.1650085449219,385.273193359375,11378,0.0,0.0,0.0
2024-07-16 14:20:00-04:00,385.1700134277344,386.05999755859375,385.1600036621094,386.05999755859375,10015,0.0,0.0,0.0
2024-07-16 14:25:00-04:00,386.07000732421875,386.07000732421875,385.8800048828125,385.8900146484375,7290,0.0,0.0,0.0
2024-07-16 14:30:00-04:00,385.8699951171875,386.0299987792969,385.79998779296875,385.9599914550781,18443,0.0,0.0,0.0
2024-07-16 14:35:00-04:00,386.010009765625,386.4955139160156,385.9866943359375,386.4849853515625,9396,0.0,0.0,0.0
2024-07-16 14:40:00-04:00,386.5799865722656,386.739990234375,386.4399108886719,386.70001220703125,6180,0.0,0.0,0.0
2024-07-16 14:45:00-04:00,386.779296875,386.82000732421875,386.5,386.6203918457031,10400,0.0,0.0,0.0
2024-07-16 14:50:00-04:00,386.6099853515625,386.6400146484375,386.3013916015625,386.5899963378906,10374,0.0,0.0,0.0
2024-07-16 14:55:00-04:00,386.5249938964844,386.8699951171875,386.4700012207031,386.8699951171875,17295,0.0,0.0,0.0
2024-07-16 15:00:00-04:00,386.7401123046875,386.8299865722656,386.5199890136719,386.57000732421875,12858,0.0,0.0,0.0
2024-07-16 15:05:00-04:00,386.57000732421875,386.6549987792969,386.4800109863281,386.6000061035156,11732,0.0,0.0,0.0
2024-07-16 15:10:00-04:00,386.5799865722656,386.78460693359375,386.4901123046875,386.70001220703125,10495,0.0,0.0,0.0
2024-07-16 15:15:00-04:00,386.6700134277344,386.6700134277344,386.3500061035156,386.45001220703125,11868,0.0,0.0,0.0
2024-07-16 15:20:00-04:00,386.3800964355469,386.5899963378906,386.29998779296875,386.489990234375,23472,0.0,0.0,0.0
2024-07-16 15:25:00-04:00,386.3999938964844,386.614990234375,386.29998779296875,386.5907897949219,11596,0.0,0.0,0.0
2024-07-16 15:30:00-04:00,386.5199890136719,386.7300109863281,386.37030029296875,386.7300109863281,11387,0.0,0.0,0.0
2024-07-16 15:35:00-04:00,386.69000244140625,386.7500915527344,386.4200134277344,386.7168884277344,8759,0.0,0.0,0.0
2024-07-16 15:40:00-04:00,386.74688720703125,386.74688720703125,386.3800048828125,386.6000061035156,27124,0.0,0.0,0.0
2024-07-16 15:45:00-04:00,386.6099853515625,386.6600036621094,386.29998779296875,386.4100036621094,38576,0.0,0.0,0.0
2024-07-16 15:50:00-04:00,386.4200134277344,387.1050109863281,386.2900085449219,387.0350036621094,16416,0.0,0.0,0.0
2024-07-16 15:55:00-04:00,387.0299987792969,387.19000244140625,386.760009765625,386.9700012207031,22840,0.0,0.0,0.0
2024-07-17 09:30:00-04:00,380.1300048828125,380.69000244140625,380.1000061035156,380.25,79012,0.0,0.0,0.0
2024-07-17 09:35:00-04:00,380.67999267578125,380.79998779296875,380.010009765625,380.3999938964844,7697,0.0,0.0,0.0
2024-07-17 09:40:00-04:00,380.4169006347656,380.4169006347656,379.6600036621094,379.7149963378906,23791,0.0,0.0,0.0
2024-07-17 09:45:00-04:00,379.6499938964844,380.29998779296875,379.5400085449219,380.0046081542969,11260,0.0,0.0,0.0
2024-07-17 09:50:00-04:00,380.05999755859375,380.45001220703125,379.7944030761719,380.2200012207031,21666,0.0,0.0,0.0
2024-07-17 09:55:00-04:00,380.2699890136719,380.2784118652344,379.9159851074219,380.17498779296875,9993,0.0,0.0,0.0
2024-07-17 10:00:00-04:00,379.7200012207031,379.7200012207031,378.42999267578125,378.4700012207031,20990,0.0,0.0,0.0
2024-07-17 10:05:00-04:00,378.55999755859375,378.80499267578125,377.4100036621094,377.5199890136719,14451,0.0,0.0,0.0
2024-07-17 10:10:00-04:00,377.5801086425781,377.9211120605469,377.3161926269531,377.6400146484375,14011,0.0,0.0,0.0
2024-07-17 10:15:00-04:00,377.7699890136719,378.4599914550781,377.69000244140625,378.3949890136719,6914,0.0,0.0,0.0
2024-07-17 10:20:00-04:00,378.3599853515625,378.3999938964844,377.8599853515625,378.1600036621094,11897,0.0,0.0,0.0
2024-07-17 10:25:00-04:00,378.0299987792969,378.20721435546875,377.6400146484375,377.8900146484375,28431,0.0,0.0,0.0
2024-07-17 10:30:00-04:00,377.75,378.4049987792969,377.75,378.260009765625,12484,0.0,0.0,0.0
2024-07-17 10:35:00-04:00,378.1549987792969,378.4549865722656,377.9241027832031,378.17498779296875,127657,0.0,0.0,0.0
2024-07-17 10:40:00-04:00,378.2900085449219,378.54998779296875,378.18499755859375,378.5400085449219,8676,0.0,0.0,0.0
2024-07-17 10:45:00-04:00,378.5,378.6300048828125,377.8699951171875,377.8699951171875,10679,0.0,0.0,0.0
2024-07-17 10:50:00-04:00,377.80999755859375,377.95001220703125,377.44000244140625,377.4599914550781,19475,0.0,0.0,0.0
2024-07-17 10:55:00-04:00,377.76348876953125,377.76348876953125,377.54998779296875,377.6099853515625,11000,0.0,0.0,0.0
2024-07-17 11:00:00-04:00,377.57000732421875,377.7898864746094,377.3699951171875,377.3800964355469,7181,0.0,0.0,0.0
2024-07-17 11:05:00-04:00,377.4700012207031,377.92498779296875,377.2712097167969,377.92498779296875,14729,0.0,0.0,0.0
2024-07-17 11:10:00-04:00,377.9849853515625,378.0299987792969,377.46038818359375,377.68499755859375,9125,0.0,0.0,0.0
2024-07-17 11:15:00-04:00,377.610595703125,378.1160888671875,377.5400085449219,378.0199890136719,6511,0.0,0.0,0.0
2024-07-17 11:20:00-04:00,377.92999267578125,378.4200134277344,377.8511962890625,378.0,14395,0.0,0.0,0.0
2024-07-17 11:25:00-04:00,378.0199890136719,378.0199890136719,377.4599914550781,378.0151062011719,6416,0.0,0.0,0.0
2024-07-17 11:30:00-04:00,378.1499938964844,378.1600036621094,377.7699890136719,378.0799865722656,6728,0.0,0.0,0.0
2024-07-17 11:35:00-04:00,378.04010009765625,378.1177978515625,377.760009765625,377.8399963378906,11916,0.0,0.0,0.0
2024-07-17 11:40:00-04:00,377.7699890136719,377.7699890136719,377.29998779296875,377.29998779296875,3276,0.0,0.0,0.0
2024-07-17 11:45:00-04:00,377.375,377.5000915527344,377.1896057128906,377.1896057128906,10302,0.0,0.0,0.0
2024-07-17 11:50:00-04:00,377.1700134277344,377.3299865722656,376.94000244140625,377.3299865722656,13629,0.0,0.0,0.0
2024-07-17 11:55:00-04:00,377.30999755859375,377.497802734375,377.239990234375,377.45001220703125,11049,0.0,0.0,0.0
2024-07-17 12:00:00-04:00,377.45001220703125,377.55999755859375,377.2200012207031,377.260009765625,14195,0.0,0.0,0.0
2024-07-17 12:05:00-04:00,377.375,377.42498779296875,377.1199951171875,377.14849853515625,45369,0.0,0.0,0.0
2024-07-17 12:10:00-04:00,377.05999755859375,377.072998046875,376.45001220703125,376.5,18011,0.0,0.0,0.0
2024-07-17 12:15:00-04:00,376.6025085449219,376.84478759765625,376.5389099121094,376.70001220703125,16294,0.0,0.0,0.0
2024-07-17 12:20:00-04:00,376.82440185546875,376.9599914550781,376.6000061035156,376.6492004394531,11926,0.0,0.0,0.0
2024-07-17 12:25:00-04:00,376.7300109863281,376.760009765625,376.29998779296875,376.42010498046875,21276,0.0,0.0,0.0
2024-07-17 12:30:00-04:00,376.5050048828125,376.7200012207031,376.4100036621094,376.6499938964844,5683,0.0,0.0,0.0
2024-07-17 12:35:00-04:00,376.57000732421875,376.57000732421875,376.1297912597656,376.3800048828125,6291,0.0,0.0,0.0
2024-07-17 12:40:00-04:00,376.3299865722656,376.3299865722656,376.05999755859375,376.05999755859375,66157,0.0,0.0,0.0
2024-07-17 12:45:00-04:00,376.2372131347656,376.2372131347656,375.95001220703125,376.1199951171875,28136,0.0,0.0,0.0
2024-07-17 12:50:00-04:00,376.1700134277344,376.60589599609375,376.1400146484375,376.6000061035156,11571,0.0,0.0,0.0
2024-07-17 12:55:00-04:00,376.69000244140625,376.9757995605469,376.5000915527344,376.92498779296875,9097,0.0,0.0,0.0
2024-07-17 13:00:00-04:00,376.9563903808594,377.0286865234375,376.7786865234375,376.9200134277344,6934,0.0,0.0,0.0
2024-07-17 13:05:00-04:00,376.81500244140625,376.81500244140625,376.29998779296875,376.29998779296875,6165,0.0,0.0,0.0
2024-07-17 13:10:00-04:00,376.32000732421875,376.4200134277344,376.1000061035156,376.1300048828125,6921,0.0,0.0,0.0
2024-07-17 13:15:00-04:00,376.1499938964844,376.6300048828125,376.05499267578125,376.5,11069,0.0,0.0,0.0
2024-07-17 13:20:00-04:00,376.4200134277344,376.75,376.3900146484375,376.4700012207031,30472,0.0,0.0,0.0
2024-07-17 13:25:00-04:00,376.4079895019531,376.7200012207031,376.4079895019531,376.7200012207031,12309,0.0,0.0,0.0
2024-07-17 13:30:00-04:00,376.6650085449219,377.281494140625,376.6650085449219,377.281494140625,6909,0.0,0.0,0.0
2024-07-17 13:35:00-04:00,377.29998779296875,377.3299865722656,377.0899963378906,377.0899963378906,4378,0.0,0.0,0.0
2024-07-17 13:40:00-04:00,377.0150146484375,377.0150146484375,376.79998779296875,376.8399963378906,7490,0.0,0.0,0.0
2024-07-17 13:45:00-04:00,376.7300109863281,377.0950012207031,376.7300109863281,376.9800109863281,6583,0.0,0.0,0.0
2024-07-17 13:50:00-04:00,377.0299987792969,377.0299987792969,376.54998779296875,376.6050109863281,10349,0.0,0.0,0.0
2024-07-17 13:55:00-04:00,376.6671142578125,376.8699951171875,376.5828857421875,376.760009765625,7130,0.0,0.0,0.0
2024-07-17 14:00:00-04:00,376.69000244140625,376.69000244140625,376.4700012207031,376.6099853515625,7229,0.0,0.0,0.0
2024-07-17 14:05:00-04:00,376.5799865722656,376.9280090332031,376.42999267578125,376.9280090332031,7440,0.0,0.0,0.0
2024-07-17 14:10:00-04:00,376.8999938964844,377.2349853515625,376.79998779296875,376.8800048828125,5728,0.0,0.0,0.0
2024-07-17 14:15:00-04:00,377.20001220703125,377.3005065917969,377.1199951171875,377.2900085449219,20392,0.0,0.0,0.0
2024-07-17 14:20:00-04:00,377.5299987792969,377.5450134277344,377.2463073730469,377.3399963378906,9073,0.0,0.0,0.0
2024-07-17 14:25:00-04:00,377.4599914550781,377.5400085449219,377.1600036621094,377.3800048828125,4473,0.0,0.0,0.0
2024-07-17 14:30:00-04:00,377.3550109863281,377.6600036621094,377.2200012207031,377.2200012207031,10346,0.0,0.0,0.0
2024-07-17 14:35:00-04:00,377.30999755859375,377.4800109863281,377.1099853515625,377.1199951171875,11173,0.0,0.0,0.0
2024-07-17 14:40:00-04:00,377.21929931640625,377.239990234375,377.0,377.0166015625,33049,0.0,0.0,0.0
2024-07-17 14:45:00-04:00,376.9700012207031,377.07000732421875,376.69000244140625,376.7749938964844,4745,0.0,0.0,0.0
2024-07-17 14:50:00-04:00,376.6300048828125,376.89569091796875,376.44000244140625,376.44000244140625,5359,0.0,0.0,0.0
2024-07-17 14:55:00-04:00,376.6050109863281,376.81988525390625,376.6050109863281,376.7799072265625,13640,0.0,0.0,0.0
2024-07-17 15:00:00-04:00,376.92498779296875,376.9700012207031,376.5299987792969,376.6617126464844,16422,0.0,0.0,0.0
2024-07-17 15:05:00-04:00,376.70001220703125,376.80999755859375,376.44940185546875,376.7300109863281,11668,0.0,0.0,0.0
2024-07-17 15:10:00-04:00,376.7250061035156,377.2200012207031,376.7250061035156,376.94830322265625,9210,0.0,0.0,0.0
2024-07-17 15:15:00-04:00,377.010009765625,377.135009765625,376.7229919433594,376.87420654296875,9895,0.0,0.0,0.0
2024-07-17 15:20:00-04:00,376.93499755859375,377.3800048828125,376.8399963378906,377.375,11643,0.0,0.0,0.0
2024-07-17 15:25:00-04:00,377.260009765625,377.4100036621094,377.04010009765625,377.2099914550781,10288,0.0,0.0,0.0
2024-07-17 15:30:00-04:00,377.3399963378906,377.44000244140625,376.9424133300781,376.9424133300781,12425,0.0,0.0,0.0
2024-07-17 15:35:00-04:00,376.94000244140625,377.0,376.7001037597656,376.7001037597656,10374,0.0,0.0,0.0
2024-07-17 15:40:00-04:00,376.7699890136719,376.82000732421875,376.510009765625,376.5849914550781,10140,0.0,0.0,0.0
2024-07-17 15:45:00-04:00,376.739990234375,376.914306640625,376.5172119140625,376.914306640625,23514,0.0,0.0,0.0
2024-07-17 15:50:00-04:00,377.0299987792969,377.2099914550781,376.6449890136719,376.6700134277344,18760,0.0,0.0,0.0
2024-07-17 15:55:00-04:00,376.6300048828125,376.7099914550781,376.3299865722656,376.3299865722656,27423,0.0,0.0,0.0
2024-07-18 09:30:00-04:00,379.19000244140625,379.2149963378906,378.2099914550781,378.364990234375,72667,0.0,0.0,0.0
2024-07-18 09:35:00-04:00,378.3399963378906,378.54998779296875,378.0899963378906,378.45001220703125,9783,0.0,0.0,0.0
2024-07-18 09:40:00-04:00,378.3900146484375,378.3900146484375,377.1000061035156,377.1199951171875,10328,0.0,0.0,0.0
2024-07-18 09:45:00-04:00,376.6716003417969,377.26971435546875,376.5823974609375,377.1940002441406,7006,0.0,0.0,0.0
2024-07-18 09:50:00-04:00,377.2749938964844,377.3550109863281,376.4700012207031,376.5101013183594,7411,0.0,0.0,0.0
2024-07-18 09:55:00-04:00,376.3500061035156,377.0408935546875,376.3399963378906,376.8900146484375,8131,0.0,0.0,0.0
2024-07-18 10:00:00-04:00,376.9800109863281,377.25,376.6700134277344,377.19500732421875,8056,0.0,0.0,0.0
2024-07-18 10:05:00-04:00,377.2099914550781,377.7300109863281,377.1600036621094,377.5299987792969,10752,0.0,0.0,0.0
2024-07-18 10:10:00-04:00,377.75,377.75,377.3949890136719,377.3949890136719,5307,0.0,0.0,0.0
2024-07-18 10:15:00-04:00,377.4700012207031,377.739990234375,377.24810791015625,377.24810791015625,5253,0.0,0.0,0.0
2024-07-18 10:20:00-04:00,377.2926940917969,377.3599853515625,376.85198974609375,377.3599853515625,26120,0.0,0.0,0.0
2024-07-18 10:25:00-04:00,377.2799987792969,377.3599853515625,376.70001220703125,376.70001220703125,2948,0.0,0.0,0.0
2024-07-18 10:30:00-04:00,376.56500244140625,376.56500244140625,375.25,375.2749938964844,10076,0.0,0.0,0.0
2024-07-18 10:35:00-04:00,375.1700134277344,375.4100036621094,374.66229248046875,374.79998779296875,17018,0.0,0.0,0.0
2024-07-18 10:40:00-04:00,374.79119873046875,374.79119873046875,373.6299133300781,374.07000732421875,15051,0.0,0.0,0.0
2024-07-18 10:45:00-04:00,374.1199951171875,374.6700134277344,373.69000244140625,374.6700134277344,9106,0.0,0.0,0.0
2024-07-18 10:50:00-04:00,374.5799865722656,375.6000061035156,374.5799865722656,375.489990234375,10455,0.0,0.0,0.0
2024-07-18 10:55:00-04:00,375.5050048828125,375.58929443359375,375.0293884277344,375.1343078613281,10400,0.0,0.0,0.0
2024-07-18 11:00:00-04:00,375.07000732421875,375.1933898925781,374.73150634765625,374.7900085449219,15146,0.0,0.0,0.0
2024-07-18 11:05:00-04:00,374.6182861328125,374.6300048828125,373.92999267578125,374.12860107421875,4813,0.0,0.0,0.0
2024-07-18 11:10:00-04:00,373.7850036621094,373.8601989746094,372.9341125488281,372.9341125488281,12463,0.0,0.0,0.0
2024-07-18 11:15:00-04:00,372.80999755859375,373.0356140136719,372.4700012207031,372.6600036621094,11885,0.0,0.0,0.0
2024-07-18 11:20:00-04:00,372.614990234375,372.74578857421875,372.17498779296875,372.19000244140625,8959,0.0,0.0,0.0
2024-07-18 11:25:00-04:00,372.239990234375,372.4649963378906,371.7799987792969,371.9353942871094,12402,0.0,0.0,0.0
2024-07-18 11:30:00-04:00,371.75,371.94000244140625,371.25,371.46270751953125,12385,0.0,0.0,0.0
2024-07-18 11:35:00-04:00,371.54119873046875,372.44000244140625,371.54119873046875,372.3158874511719,11318,0.0,0.0,0.0
2024-07-18 11:40:00-04:00,372.1449890136719,372.5,371.9700012207031,371.973388671875,8399,0.0,0.0,0.0
2024-07-18 11:45:00-04:00,372.1400146484375,372.1400146484375,371.4450988769531,371.4700012207031,8151,0.0,0.0,0.0
2024-07-18 11:50:00-04:00,371.2900085449219,371.8832092285156,371.2200012207031,371.5101013183594,12127,0.0,0.0,0.0
2024-07-18 11:55:00-04:00,371.3157043457031,371.7080078125,371.3157043457031,371.6499938964844,8410,0.0,0.0,0.0
2024-07-18 12:00:00-04:00,371.4750061035156,371.4750061035156,370.89990234375,370.89990234375,14602,0.0,0.0,0.0
2024-07-18 12:05:00-04:00,370.9393005371094,371.7699890136719,370.92999267578125,371.7699890136719,7375,0.0,0.0,0.0
2024-07-18 12:10:00-04:00,371.8949890136719,371.91009521484375,371.4200134277344,371.42999267578125,6048,0.0,0.0,0.0
2024-07-18 12:15:00-04:00,371.43670654296875,371.43670654296875,371.2049865722656,371.30999755859375,5888,0.0,0.0,0.0
2024-07-18 12:20:00-04:00,371.29998779296875,371.6499938964844,371.2900085449219,371.2900085449219,6391,0.0,0.0,0.0
2024-07-18 12:25:00-04:00,371.4599914550781,372.07000732421875,371.4599914550781,371.94000244140625,13599,0.0,0.0,0.0
2024-07-18 12:30:00-04:00,371.7900085449219,372.5150146484375,371.7900085449219,372.4949951171875,5857,0.0,0.0,0.0
2024-07-18 12:35:00-04:00,372.6199951171875,372.8999938964844,372.3500061035156,372.8999938964844,10517,0.0,0.0,0.0
2024-07-18 12:40:00-04:00,372.8599853515625,373.0799865722656,372.6408996582031,373.04998779296875,11476,0.0,0.0,0.0
2024-07-18 12:45:00-04:00,373.0199890136719,373.0400085449219,372.75,372.7799987792969,9064,0.0,0.0,0.0
2024-07-18 12:50:00-04:00,372.5899963378906,372.9049987792969,372.5899963378906,372.5979919433594,9883,0.0,0.0,0.0
2024-07-18 12:55:00-04:00,372.5199890136719,373.18499755859375,372.5199890136719,373.18499755859375,5114,0.0,0.0,0.0
2024-07-18 13:00:00-04:00,373.3500061035156,373.489990234375,373.16009521484375,373.16009521484375,5638,0.0,0.0,0.0
2024-07-18 13:05:00-04:00,373.06500244140625,373.06500244140625,372.537109375,372.6099853515625,3903,0.0,0.0,0.0
2024-07-18 13:10:00-04:00,372.6600036621094,373.5400085449219,372.6600036621094,373.52398681640625,11229,0.0,0.0,0.0
2024-07-18 13:15:00-04:00,373.5,373.75,373.4599914550781,373.6604919433594,5514,0.0,0.0,0.0
2024-07-18 13:20:00-04:00,373.82000732421875,374.17010498046875,373.7650146484375,373.93798828125,9789,0.0,0.0,0.0
2024-07-18 13:25:00-04:00,373.9700012207031,373.9700012207031,373.32000732421875,373.4606018066406,6485,0.0,0.0,0.0
2024-07-18 13:30:00-04:00,373.70989990234375,373.98809814453125,373.5504150390625,373.5504150390625,6020,0.0,0.0,0.0
2024-07-18 13:35:00-04:00,373.4627990722656,373.8940124511719,373.44000244140625,373.44000244140625,3185,0.0,0.0,0.0
2024-07-18 13:40:00-04:00,373.4700012207031,373.6370849609375,373.45001220703125,373.5555114746094,6187,0.0,0.0,0.0
2024-07-18 13:45:00-04:00,373.67999267578125,373.90509033203125,373.6300048828125,373.8599853515625,3526,0.0,0.0,0.0
2024-07-18 13:50:00-04:00,373.6650085449219,373.6650085449219,373.20001220703125,373.3949890136719,4276,0.0,0.0,0.0
2024-07-18 13:55:00-04:00,373.385986328125,373.385986328125,372.9599914550781,373.114990234375,6451,0.0,0.0,0.0
2024-07-18 14:00:00-04:00,373.1000061035156,373.1000061035156,372.6199951171875,372.9649963378906,6235,0.0,0.0,0.0
2024-07-18 14:05:00-04:00,373.0,373.42999267578125,372.9100036621094,373.42999267578125,7724,0.0,0.0,0.0
2024-07-18 14:10:00-04:00,373.3900146484375,373.3900146484375,372.75,372.8299865722656,8205,0.0,0.0,0.0
2024-07-18 14:15:00-04:00,372.9295959472656,373.2120056152344,372.86199951171875,372.91009521484375,5585,0.0,0.0,0.0
2024-07-18 14:20:00-04:00,373.2099914550781,373.5,372.9100036621094,373.3851013183594,21016,0.0,0.0,0.0
2024-07-18 14:25:00-04:00,373.32501220703125,373.32501220703125,372.7640075683594,372.85980224609375,8554,0.0,0.0,0.0
2024-07-18 14:30:00-04:00,372.8599853515625,372.94500732421875,372.3901062011719,372.773193359375,11674,0.0,0.0,0.0
2024-07-18 14:35:00-04:00,372.94000244140625,372.94000244140625,372.25,372.2550048828125,7752,0.0,0.0,0.0
2024-07-18 14:40:00-04:00,372.2900085449219,372.6300048828125,372.2900085449219,372.3699951171875,7414,0.0,0.0,0.0
2024-07-18 14:45:00-04:00,372.4800109863281,372.4800109863281,372.1889953613281,372.2349853515625,19229,0.0,0.0,0.0
2024-07-18 14:50:00-04:00,372.32000732421875,372.7799987792969,371.95001220703125,372.7799987792969,8896,0.0,0.0,0.0
2024-07-18 14:55:00-04:00,372.6700134277344,372.8599853515625,372.6099853515625,372.8599853515625,7552,0.0,0.0,0.0
2024-07-18 15:00:00-04:00,372.7049865722656,373.1000061035156,372.3724060058594,372.3724060058594,13092,0.0,0.0,0.0
2024-07-18 15:05:00-04:00,372.3500061035156,372.598388671875,372.2101135253906,372.3999938964844,10312,0.0,0.0,0.0
2024-07-18 15:10:00-04:00,372.44989013671875,372.44989013671875,371.0950012207031,371.4693908691406,9130,0.0,0.0,0.0
2024-07-18 15:15:00-04:00,371.6000061035156,371.848388671875,371.5350036621094,371.6499938964844,22806,0.0,0.0,0.0
2024-07-18 15:20:00-04:00,371.6300048828125,371.7699890136719,371.1700134277344,371.39080810546875,12996,0.0,0.0,0.0
2024-07-18 15:25:00-04:00,371.6099853515625,372.05999755859375,371.5299987792969,372.0459899902344,10007,0.0,0.0,0.0
2024-07-18 15:30:00-04:00,372.0,372.2699890136719,371.8399963378906,371.95001220703125,138474,0.0,0.0,0.0
2024-07-18 15:35:00-04:00,372.06500244140625,372.8999938964844,372.0199890136719,372.7099914550781,14362,0.0,0.0,0.0
2024-07-18 15:40:00-04:00,373.0,373.3500061035156,372.9601135253906,373.1700134277344,14002,0.0,0.0,0.0
2024-07-18 15:45:00-04:00,373.3489990234375,374.0849914550781,373.29998779296875,374.0849914550781,14309,0.0,0.0,0.0
2024-07-18 15:50:00-04:00,374.19000244140625,374.19000244140625,372.55499267578125,372.57501220703125,14456,0.0,0.0,0.0
2024-07-18 15:55:00-04:00,372.6099853515625,373.7099914550781,372.6099853515625,373.3500061035156,30360,0.0,0.0,0.0
2024-07-19 09:30:00-04:00,372.8999938964844,373.7799987792969,372.3500061035156,373.7799987792969,45143,0.0,0.0,0.0
2024-07-19 09:35:00-04:00,373.8147888183594,374.5199890136719,373.3999938964844,374.5,12897,0.0,0.0,0.0
2024-07-19 09:40:00-04:00,374.5,375.2250061035156,374.0199890136719,374.0199890136719,11316,0.0,0.0,0.0
2024-07-19 09:45:00-04:00,373.79998779296875,374.0,373.6400146484375,373.7799987792969,7711,0.0,0.0,0.0
2024-07-19 09:50:00-04:00,374.2699890136719,374.6000061035156,374.2300109863281,374.2799987792969,4390,0.0,0.0,0.0
2024-07-19 09:55:00-04:00,374.30999755859375,374.55999755859375,373.80999755859375,373.80999755859375,14590,0.0,0.0,0.0
2024-07-19 10:00:00-04:00,373.75,373.75,373.3699951171875,373.5199890136719,9937,0.0,0.0,0.0
2024-07-19 10:05:00-04:00,373.54998779296875,374.5143127441406,373.5299987792969,374.5143127441406,4322,0.0,0.0,0.0
2024-07-19 10:10:00-04:00,374.30499267578125,374.4200134277344,374.1700134277344,374.2300109863281,3019,0.0,0.0,0.0
2024-07-19 10:15:00-04:00,374.05999755859375,374.5,373.9689025878906,374.010009765625,4568,0.0,0.0,0.0
2024-07-19 10:20:00-04:00,373.9150085449219,373.9700012207031,373.6741027832031,373.6940002441406,3183,0.0,0.0,0.0
2024-07-19 10:25:00-04:00,373.8500061035156,373.9100036621094,372.662109375,372.662109375,5125,0.0,0.0,0.0
2024-07-19 10:30:00-04:00,372.6199951171875,373.1759033203125,372.3900146484375,372.4599914550781,5548,0.0,0.0,0.0
2024-07-19 10:35:00-04:00,372.44000244140625,373.20001220703125,372.44000244140625,373.20001220703125,2391,0.0,0.0,0.0
2024-07-19 10:40:00-04:00,372.94500732421875,372.94500732421875,372.5841064453125,372.6549987792969,3955,0.0,0.0,0.0
2024-07-19 10:45:00-04:00,372.34381103515625,373.04998779296875,372.34381103515625,373.04998779296875,3297,0.0,0.0,0.0
2024-07-19 10:50:00-04:00,372.95001220703125,372.9638977050781,372.80609130859375,372.80609130859375,2054,0.0,0.0,0.0
2024-07-19 10:55:00-04:00,373.2099914550781,373.32000732421875,373.1650085449219,373.28851318359375,5670,0.0,0.0,0.0
2024-07-19 11:00:00-04:00,373.3699951171875,374.0400085449219,373.3699951171875,373.885009765625,7880,0.0,0.0,0.0
2024-07-19 11:05:00-04:00,374.0089111328125,374.0553894042969,373.0,373.0,3320,0.0,0.0,0.0
2024-07-19 11:10:00-04:00,373.0058898925781,373.0058898925781,372.5199890136719,372.5450134277344,3631,0.0,0.0,0.0
2024-07-19 11:15:00-04:00,372.614990234375,373.0199890136719,372.5299987792969,372.79998779296875,3329,0.0,0.0,0.0
2024-07-19 11:20:00-04:00,372.94989013671875,373.3999938964844,372.860107421875,372.9368896484375,3032,0.0,0.0,0.0
2024-07-19 11:25:00-04:00,372.8299865722656,372.8999938964844,371.7900085449219,371.7900085449219,4339,0.0,0.0,0.0
2024-07-19 11:30:00-04:00,371.8599853515625,371.92999267578125,371.3599853515625,371.614990234375,19600,0.0,0.0,0.0
2024-07-19 11:35:00-04:00,371.75,371.7799987792969,371.1499938964844,371.20001220703125,11888,0.0,0.0,0.0
2024-07-19 11:40:00-04:00,371.2749938964844,371.6300048828125,371.2749938964844,371.5400085449219,4856,0.0,0.0,0.0
2024-07-19 11:45:00-04:00,371.6199951171875,372.0799865722656,371.5799865722656,372.0799865722656,6900,0.0,0.0,0.0
2024-07-19 11:50:00-04:00,372.1955871582031,372.310791015625,372.0400085449219,372.310791015625,7387,0.0,0.0,0.0
2024-07-19 11:55:00-04:00,372.4590148925781,373.0,372.20001220703125,373.0,4297,0.0,0.0,0.0
2024-07-19 12:00:00-04:00,372.9200134277344,373.0199890136719,372.760009765625,372.760009765625,3729,0.0,0.0,0.0
2024-07-19 12:05:00-04:00,372.9599914550781,373.0400085449219,372.6400146484375,373.0400085449219,2291,0.0,0.0,0.0
2024-07-19 12:10:00-04:00,372.8699951171875,373.05499267578125,372.6700134277344,372.989990234375,4392,0.0,0.0,0.0
2024-07-19 12:15:00-04:00,372.8500061035156,372.8500061035156,372.7157897949219,372.81500244140625,3032,0.0,0.0,0.0
2024-07-19 12:20:00-04:00,372.5899963378906,372.5899963378906,372.0,372.0,7939,0.0,0.0,0.0
2024-07-19 12:25:00-04:00,371.88330078125,372.135986328125,371.88330078125,372.135986328125,2237,0.0,0.0,0.0
2024-07-19 12:30:00-04:00,372.1300048828125,372.1300048828125,371.3349914550781,371.3559875488281,4850,0.0,0.0,0.0
2024-07-19 12:35:00-04:00,371.5079040527344,371.5199890136719,370.9800109863281,371.1400146484375,8799,0.0,0.0,0.0
2024-07-19 12:40:00-04:00,371.2200012207031,371.7200012207031,371.2200012207031,371.4117126464844,5522,0.0,0.0,0.0
2024-07-19 12:45:00-04:00,371.2699890136719,371.3299865722656,371.20001220703125,371.20001220703125,3936,0.0,0.0,0.0
2024-07-19 12:50:00-04:00,371.30999755859375,371.489990234375,371.19000244140625,371.3999938964844,17882,0.0,0.0,0.0
2024-07-19 12:55:00-04:00,371.489990234375,371.7099914550781,371.4100036621094,371.54998779296875,5635,0.0,0.0,0.0
2024-07-19 13:00:00-04:00,371.54010009765625,371.5899963378906,370.89459228515625,370.89459228515625,8153,0.0,0.0,0.0
2024-07-19 13:05:00-04:00,371.0,371.0,370.6700134277344,370.7900085449219,7081,0.0,0.0,0.0
2024-07-19 13:10:00-04:00,370.9549865722656,370.9549865722656,370.5799865722656,370.79998779296875,2068,0.0,0.0,0.0
2024-07-19 13:15:00-04:00,370.8800048828125,370.8800048828125,370.510009765625,370.57220458984375,27137,0.0,0.0,0.0
2024-07-19 13:20:00-04:00,370.6600036621094,370.6600036621094,370.29998779296875,370.4849853515625,7528,0.0,0.0,0.0
2024-07-19 13:25:00-04:00,370.7900085449219,371.07000732421875,370.6700134277344,370.94000244140625,9435,0.0,0.0,0.0
2024-07-19 13:30:00-04:00,370.8699951171875,371.0799865722656,370.5730895996094,370.9800109863281,5020,0.0,0.0,0.0
2024-07-19 13:35:00-04:00,370.8765869140625,371.14691162109375,370.8765869140625,370.9750061035156,11313,0.0,0.0,0.0
2024-07-19 13:40:00-04:00,370.92999267578125,370.92999267578125,370.5,370.64801025390625,4002,0.0,0.0,0.0
2024-07-19 13:45:00-04:00,370.8349914550781,371.17999267578125,370.8349914550781,371.0899963378906,7543,0.0,0.0,0.0
2024-07-19 13:50:00-04:00,371.25,371.2749938964844,371.0,371.0350036621094,15238,0.0,0.0,0.0
2024-07-19 13:55:00-04:00,370.7799987792969,371.2200012207031,370.7799987792969,371.0617980957031,2903,0.0,0.0,0.0
2024-07-19 14:00:00-04:00,371.260009765625,371.4100036621094,371.1600036621094,371.2699890136719,5672,0.0,0.0,0.0
2024-07-19 14:05:00-04:00,371.3299865722656,371.6018981933594,371.3299865722656,371.6018981933594,2855,0.0,0.0,0.0
2024-07-19 14:10:00-04:00,371.54998779296875,371.54998779296875,371.2925109863281,371.2925109863281,4530,0.0,0.0,0.0
2024-07-19 14:15:00-04:00,371.5541076660156,371.6300048828125,371.17010498046875,371.17010498046875,4086,0.0,0.0,0.0
2024-07-19 14:20:00-04:00,371.0950012207031,371.0950012207031,370.8500061035156,370.8500061035156,2404,0.0,0.0,0.0
2024-07-19 14:25:00-04:00,371.0199890136719,371.0199890136719,370.909912109375,370.909912109375,1870,0.0,0.0,0.0
2024-07-19 14:30:00-04:00,370.7699890136719,370.94989013671875,370.6700134277344,370.7966003417969,4448,0.0,0.0,0.0
2024-07-19 14:35:00-04:00,370.8800048828125,370.8800048828125,370.3900146484375,370.423095703125,8131,0.0,0.0,0.0
2024-07-19 14:40:00-04:00,370.5299987792969,370.67999267578125,370.3900146484375,370.3900146484375,8849,0.0,0.0,0.0
2024-07-19 14:45:00-04:00,370.5450134277344,370.739990234375,370.4396057128906,370.7337951660156,4614,0.0,0.0,0.0
2024-07-19 14:50:00-04:00,371.04998779296875,371.2200012207031,370.9800109863281,371.05999755859375,4486,0.0,0.0,0.0
2024-07-19 14:55:00-04:00,371.21990966796875,371.3550109863281,371.1000061035156,371.3550109863281,4528,0.0,0.0,0.0
2024-07-19 15:00:00-04:00,371.3900146484375,372.1099853515625,371.3900146484375,372.1099853515625,8548,0.0,0.0,0.0
2024-07-19 15:05:00-04:00,372.0299987792969,372.0299987792969,371.7200012207031,371.8052062988281,9084,0.0,0.0,0.0
2024-07-19 15:10:00-04:00,372.0321044921875,372.05999755859375,371.8599853515625,371.96990966796875,16130,0.0,0.0,0.0
2024-07-19 15:15:00-04:00,371.9599914550781,372.2200012207031,371.6199951171875,372.19000244140625,34649,0.0,0.0,0.0
2024-07-19 15:20:00-04:00,372.1400146484375,372.3299865722656,372.010009765625,372.010009765625,14121,0.0,0.0,0.0
2024-07-19 15:25:00-04:00,372.0400085449219,372.25,371.9607849121094,372.1099853515625,6328,0.0,0.0,0.0
2024-07-19 15:30:00-04:00,372.0799865722656,372.11480712890625,371.3399963378906,371.3500061035156,10454,0.0,0.0,0.0
2024-07-19 15:35:00-04:00,371.2900085449219,371.2900085449219,370.70001220703125,370.8866882324219,8322,0.0,0.0,0.0
2024-07-19 15:40:00-04:00,371.0592041015625,371.17999267578125,370.75360107421875,370.75360107421875,56035,0.0,0.0,0.0
2024-07-19 15:45:00-04:00,370.885009765625,371.0450134277344,370.8599853515625,370.92999267578125,7923,0.0,0.0,0.0
2024-07-19 15:50:00-04:00,370.8500061035156,371.19000244140625,370.7900085449219,370.9700012207031,13254,0.0,0.0,0.0
2024-07-19 15:55:00-04:00,370.8999938964844,371.3399963378906,370.760009765625,371.2898864746094,20431,0.0,0.0,0.0
2024-07-22 09:30:00-04:00,375.9700012207031,375.9700012207031,374.885009765625,375.28118896484375,66226,0.0,0.0,0.0
2024-07-22 09:35:00-04:00,375.3399963378906,376.5,375.2799987792969,376.0299987792969,16637,0.0,0.0,0.0
2024-07-22 09:40:00-04:00,376.07000732421875,376.32861328125,375.7373046875,376.32861328125,31828,0.0,0.0,0.0
2024-07-22 09:45:00-04:00,376.3550109863281,377.3099060058594,376.3550109863281,377.17999267578125,10438,0.0,0.0,0.0
2024-07-22 09:50:00-04:00,377.2099914550781,377.2099914550781,376.6300048828125,377.0849914550781,11023,0.0,0.0,0.0
2024-07-22 09:55:00-04:00,377.1700134277344,377.1700134277344,376.17498779296875,376.5,6994,0.0,0.0,0.0
2024-07-22 10:00:00-04:00,376.4599914550781,376.4798889160156,375.6131896972656,375.82000732421875,13270,0.0,0.0,0.0
2024-07-22 10:05:00-04:00,375.6400146484375,375.6400146484375,375.17999267578125,375.17999267578125,8517,0.0,0.0,0.0
2024-07-22 10:10:00-04:00,375.2101135253906,375.9700012207031,375.2101135253906,375.9100036621094,14463,0.0,0.0,0.0
2024-07-22 10:15:00-04:00,376.2699890136719,376.42999267578125,375.5299987792969,375.75,5555,0.0,0.0,0.0
2024-07-22 10:20:00-04:00,376.1400146484375,376.1400146484375,375.4849853515625,375.7550048828125,6821,0.0,0.0,0.0
2024-07-22 10:25:00-04:00,375.7601013183594,376.4200134277344,375.6200866699219,376.4200134277344,8572,0.0,0.0,0.0
2024-07-22 10:30:00-04:00,376.00421142578125,376.489990234375,375.9599914550781,376.489990234375,6145,0.0,0.0,0.0
2024-07-22 10:35:00-04:00,376.5899963378906,377.2200012207031,376.4200134277344,377.1400146484375,12849,0.0,0.0,0.0
2024-07-22 10:40:00-04:00,377.0799865722656,377.29998779296875,376.9949951171875,377.1400146484375,7519,0.0,0.0,0.0
2024-07-22 10:45:00-04:00,377.05999755859375,377.1686096191406,376.89349365234375,376.89349365234375,7903,0.0,0.0,0.0
2024-07-22 10:50:00-04:00,376.8399963378906,376.8399963378906,376.3399963378906,376.5799865722656,15198,0.0,0.0,0.0
2024-07-22 10:55:00-04:00,376.5799865722656,376.67999267578125,376.54998779296875,376.55999755859375,8236,0.0,0.0,0.0
2024-07-22 11:00:00-04:00,376.28118896484375,376.81298828125,376.28118896484375,376.81298828125,13300,0.0,0.0,0.0
2024-07-22 11:05:00-04:00,376.85699462890625,377.0,375.5299987792969,375.5299987792969,10627,0.0,0.0,0.0
2024-07-22 11:10:00-04:00,375.3900146484375,376.1600036621094,375.3299865722656,375.9639892578125,13061,0.0,0.0,0.0
2024-07-22 11:15:00-04:00,376.0050048828125,376.0050048828125,374.9800109863281,374.9949951171875,10811,0.0,0.0,0.0
2024-07-22 11:20:00-04:00,375.0574035644531,375.1600036621094,374.1700134277344,374.3999938964844,12928,0.0,0.0,0.0
2024-07-22 11:25:00-04:00,374.3299865722656,374.510009765625,374.0950012207031,374.2200012207031,11456,0.0,0.0,0.0
2024-07-22 11:30:00-04:00,374.1400146484375,374.19500732421875,373.739990234375,373.95001220703125,12504,0.0,0.0,0.0
2024-07-22 11:35:00-04:00,373.94000244140625,374.4200134277344,373.94000244140625,374.3998107910156,5002,0.0,0.0,0.0
2024-07-22 11:40:00-04:00,374.3800048828125,374.4366149902344,373.79998779296875,374.04998779296875,5399,0.0,0.0,0.0
2024-07-22 11:45:00-04:00,374.1171875,374.1199951171875,373.7200012207031,373.9150085449219,19531,0.0,0.0,0.0
2024-07-22 11:50:00-04:00,373.8500061035156,374.4100036621094,373.760009765625,374.2099914550781,9680,0.0,0.0,0.0
2024-07-22 11:55:00-04:00,374.42999267578125,374.6000061035156,374.2699890136719,374.4100036621094,13966,0.0,0.0,0.0
2024-07-22 12:00:00-04:00,374.44000244140625,374.6000061035156,374.19000244140625,374.20001220703125,5936,0.0,0.0,0.0
2024-07-22 12:05:00-04:00,374.1400146484375,374.8399963378906,373.95001220703125,374.7300109863281,13594,0.0,0.0,0.0
2024-07-22 12:10:00-04:00,374.798095703125,374.9064025878906,374.73638916015625,374.73638916015625,3083,0.0,0.0,0.0
2024-07-22 12:15:00-04:00,374.70001220703125,374.9800109863281,374.6600036621094,374.9800109863281,5592,0.0,0.0,0.0
2024-07-22 12:20:00-04:00,374.94549560546875,375.1899108886719,374.9306945800781,374.9700012207031,6317,0.0,0.0,0.0
2024-07-22 12:25:00-04:00,375.0450134277344,375.1289978027344,374.7900085449219,374.82000732421875,5398,0.0,0.0,0.0
2024-07-22 12:30:00-04:00,374.9750061035156,375.06298828125,374.80499267578125,375.06298828125,4577,0.0,0.0,0.0
2024-07-22 12:35:00-04:00,375.1700134277344,375.3500061035156,375.1199951171875,375.3500061035156,4745,0.0,0.0,0.0
2024-07-22 12:40:00-04:00,375.44049072265625,375.49859619140625,375.3800048828125,375.49859619140625,3824,0.0,0.0,0.0
2024-07-22 12:45:00-04:00,375.5299987792969,375.75799560546875,375.4599914550781,375.75799560546875,9838,0.0,0.0,0.0
2024-07-22 12:50:00-04:00,375.70001220703125,376.2298889160156,375.70001220703125,376.1700134277344,11143,0.0,0.0,0.0
2024-07-22 12:55:00-04:00,376.1700134277344,376.3866882324219,376.0249938964844,376.2099914550781,6824,0.0,0.0,0.0
2024-07-22 13:00:00-04:00,376.2699890136719,376.46990966796875,376.2699890136719,376.46990966796875,3815,0.0,0.0,0.0
2024-07-22 13:05:00-04:00,376.5,376.6700134277344,376.4150085449219,376.6050109863281,8789,0.0,0.0,0.0
2024-07-22 13:10:00-04:00,376.5057067871094,376.57989501953125,376.3800048828125,376.50030517578125,3983,0.0,0.0,0.0
2024-07-22 13:15:00-04:00,376.54998779296875,376.6549987792969,376.43499755859375,376.6549987792969,4351,0.0,0.0,0.0
2024-07-22 13:20:00-04:00,376.625,376.67999267578125,376.3299865722656,376.6200866699219,5267,0.0,0.0,0.0
2024-07-22 13:25:00-04:00,376.6300048828125,376.79998779296875,376.5895080566406,376.7060852050781,6100,0.0,0.0,0.0
2024-07-22 13:30:00-04:00,376.6099853515625,377.17999267578125,376.5799865722656,377.17999267578125,16887,0.0,0.0,0.0
2024-07-22 13:35:00-04:00,377.0191955566406,377.0191955566406,376.69000244140625,376.7650146484375,3914,0.0,0.0,0.0
2024-07-22 13:40:00-04:00,376.739990234375,376.8800048828125,376.7200012207031,376.8699951171875,4643,0.0,0.0,0.0
2024-07-22 13:45:00-04:00,376.7757873535156,377.2300109863281,376.70001220703125,377.1199035644531,6531,0.0,0.0,0.0
2024-07-22 13:50:00-04:00,376.9949951171875,377.1499938964844,376.9949951171875,377.0639953613281,3902,0.0,0.0,0.0
2024-07-22 13:55:00-04:00,377.159912109375,377.17498779296875,376.8699951171875,377.17498779296875,13480,0.0,0.0,0.0
2024-07-22 14:00:00-04:00,377.19000244140625,377.3500061035156,377.0899963378906,377.239990234375,18082,0.0,0.0,0.0
2024-07-22 14:05:00-04:00,377.3113098144531,377.7300109863281,377.1199951171875,377.6650085449219,6096,0.0,0.0,0.0
2024-07-22 14:10:00-04:00,377.6099853515625,377.6300048828125,377.2699890136719,377.44500732421875,5870,0.0,0.0,0.0
2024-07-22 14:15:00-04:00,377.4999084472656,377.8078918457031,377.3500061035156,377.7200012207031,30315,0.0,0.0,0.0
2024-07-22 14:20:00-04:00,377.65008544921875,378.02801513671875,377.65008544921875,378.02801513671875,7065,0.0,0.0,0.0
2024-07-22 14:25:00-04:00,377.9100036621094,377.94500732421875,377.6072998046875,377.6072998046875,3838,0.0,0.0,0.0
2024-07-22 14:30:00-04:00,377.6300048828125,377.8971862792969,377.59619140625,377.8699035644531,10304,0.0,0.0,0.0
2024-07-22 14:35:00-04:00,377.7200012207031,377.9027099609375,377.69000244140625,377.847900390625,4046,0.0,0.0,0.0
2024-07-22 14:40:00-04:00,377.8299865722656,377.889892578125,377.5,377.6099853515625,6753,0.0,0.0,0.0
2024-07-22 14:45:00-04:00,377.6899108886719,377.760009765625,377.6600036621094,377.7101135253906,6115,0.0,0.0,0.0
2024-07-22 14:50:00-04:00,377.67498779296875,377.81500244140625,377.67010498046875,377.81500244140625,9795,0.0,0.0,0.0
2024-07-22 14:55:00-04:00,377.55999755859375,377.6199035644531,377.44000244140625,377.44000244140625,5521,0.0,0.0,0.0
2024-07-22 15:00:00-04:00,377.1000061035156,377.43780517578125,376.8299865722656,377.35009765625,10265,0.0,0.0,0.0
2024-07-22 15:05:00-04:00,377.25,377.3800048828125,376.95001220703125,377.260009765625,4774,0.0,0.0,0.0
2024-07-22 15:10:00-04:00,377.2749938964844,377.4894104003906,377.19000244140625,377.2701110839844,11168,0.0,0.0,0.0
2024-07-22 15:15:00-04:00,377.2900085449219,377.3887023925781,377.0350036621094,377.1050109863281,7205,0.0,0.0,0.0
2024-07-22 15:20:00-04:00,377.04998779296875,377.3299865722656,377.04998779296875,377.30999755859375,9297,0.0,0.0,0.0
2024-07-22 15:25:00-04:00,377.2370910644531,377.2370910644531,376.82000732421875,376.9200134277344,7976,0.0,0.0,0.0
2024-07-22 15:30:00-04:00,377.0,377.2699890136719,376.8949890136719,376.9549865722656,11820,0.0,0.0,0.0
2024-07-22 15:35:00-04:00,377.0050048828125,377.5400085449219,376.9100036621094,377.4599914550781,12543,0.0,0.0,0.0
2024-07-22 15:40:00-04:00,377.41400146484375,377.6099853515625,377.3500061035156,377.489990234375,8087,0.0,0.0,0.0
2024-07-22 15:45:00-04:00,377.50799560546875,377.6400146484375,377.3399963378906,377.3399963378906,8855,0.0,0.0,0.0
2024-07-22 15:50:00-04:00,377.2699890136719,377.4100036621094,377.0,377.0,20578,0.0,0.0,0.0
2024-07-22 15:55:00-04:00,376.94000244140625,377.17498779296875,376.7099914550781,376.9800109863281,15409,0.0,0.0,0.0
2024-07-23 09:30:00-04:00,377.2799987792969,377.6189880371094,376.9200134277344,377.560791015625,48540,0.0,0.0,0.0
2024-07-23 09:35:00-04:00,377.3900146484375,378.0539855957031,377.3399963378906,378.0539855957031,9268,0.0,0.0,0.0
2024-07-23 09:40:00-04:00,378.25640869140625,378.7699890136719,378.1600036621094,378.760009765625,18388,0.0,0.0,0.0
2024-07-23 09:45:00-04:00,378.75,378.7799987792969,378.1099853515625,378.75,8944,0.0,0.0,0.0
2024-07-23 09:50:00-04:00,378.67999267578125,378.7200012207031,378.04998779296875,378.29998779296875,13259,0.0,0.0,0.0
2024-07-23 09:55:00-04:00,378.2950134277344,378.760009765625,378.2544860839844,378.48480224609375,9420,0.0,0.0,0.0
2024-07-23 10:00:00-04:00,378.6824951171875,378.8371887207031,377.8599853515625,378.2099914550781,8847,0.0,0.0,0.0
2024-07-23 10:05:00-04:00,378.4150085449219,378.998291015625,378.2710876464844,378.885009765625,6685,0.0,0.0,0.0
2024-07-23 10:10:00-04:00,378.9549865722656,378.96240234375,378.239990234375,378.3900146484375,10022,0.0,0.0,0.0
2024-07-23 10:15:00-04:00,378.75,379.0,378.6809997558594,379.0,22551,0.0,0.0,0.0
2024-07-23 10:20:00-04:00,378.99578857421875,379.3900146484375,378.9949951171875,379.1499938964844,14045,0.0,0.0,0.0
2024-07-23 10:25:00-04:00,378.7987060546875,379.2699890136719,378.7987060546875,378.9359130859375,12113,0.0,0.0,0.0
2024-07-23 10:30:00-04:00,378.94000244140625,378.94000244140625,378.6034851074219,378.6756896972656,39043,0.0,0.0,0.0
2024-07-23 10:35:00-04:00,378.67041015625,378.90679931640625,378.1737976074219,378.4171142578125,5899,0.0,0.0,0.0
2024-07-23 10:40:00-04:00,378.510009765625,378.5895080566406,378.3450012207031,378.4294128417969,4314,0.0,0.0,0.0
2024-07-23 10:45:00-04:00,378.05999755859375,378.05999755859375,377.4800109863281,377.489990234375,7687,0.0,0.0,0.0
2024-07-23 10:50:00-04:00,377.6400146484375,377.8398132324219,377.41400146484375,377.625,5924,0.0,0.0,0.0
2024-07-23 10:55:00-04:00,377.79998779296875,378.1659851074219,377.79998779296875,378.1659851074219,6284,0.0,0.0,0.0
2024-07-23 11:00:00-04:00,378.3420104980469,378.5899963378906,378.3312072753906,378.5181884765625,7335,0.0,0.0,0.0
2024-07-23 11:05:00-04:00,378.489990234375,378.88519287109375,378.4849853515625,378.88519287109375,4287,0.0,0.0,0.0
2024-07-23 11:10:00-04:00,379.0199890136719,379.55999755859375,378.9670104980469,379.55999755859375,6371,0.0,0.0,0.0
2024-07-23 11:15:00-04:00,379.5799865722656,380.1499938964844,379.57000732421875,379.97650146484375,9326,0.0,0.0,0.0
2024-07-23 11:20:00-04:00,379.8900146484375,380.0599060058594,379.80499267578125,379.8949890136719,6950,0.0,0.0,0.0
2024-07-23 11:25:00-04:00,379.92999267578125,379.92999267578125,379.6499938964844,379.7951965332031,5603,0.0,0.0,0.0
2024-07-23 11:30:00-04:00,379.760009765625,379.8689880371094,379.67999267578125,379.8252868652344,8130,0.0,0.0,0.0
2024-07-23 11:35:00-04:00,379.92498779296875,379.92498779296875,379.5935974121094,379.6050109863281,7713,0.0,0.0,0.0
2024-07-23 11:40:00-04:00,379.5700988769531,379.67999267578125,379.4012145996094,379.4012145996094,6555,0.0,0.0,0.0
2024-07-23 11:45:00-04:00,379.5299987792969,379.54998779296875,379.3800048828125,379.4800109863281,4544,0.0,0.0,0.0
2024-07-23 11:50:00-04:00,379.6499938964844,379.6600036621094,379.2099914550781,379.42498779296875,7928,0.0,0.0,0.0
2024-07-23 11:55:00-04:00,379.4949951171875,379.54998779296875,379.17999267578125,379.4071960449219,31472,0.0,0.0,0.0
2024-07-23 12:00:00-04:00,379.19000244140625,379.2650146484375,378.94061279296875,379.06201171875,5951,0.0,0.0,0.0
2024-07-23 12:05:00-04:00,378.9200134277344,379.1993103027344,378.864990234375,379.1499938964844,3600,0.0,0.0,0.0
2024-07-23 12:10:00-04:00,379.1099853515625,379.4100036621094,379.0400085449219,379.3800048828125,9783,0.0,0.0,0.0
2024-07-23 12:15:00-04:00,379.2300109863281,379.30999755859375,379.1400146484375,379.1400146484375,15115,0.0,0.0,0.0
2024-07-23 12:20:00-04:00,379.135986328125,379.1521911621094,377.9800109863281,377.9800109863281,6091,0.0,0.0,0.0
2024-07-23 12:25:00-04:00,378.06439208984375,378.20001220703125,377.918701171875,378.0690002441406,5041,0.0,0.0,0.0
2024-07-23 12:30:00-04:00,377.9750061035156,378.1549987792969,377.9750061035156,378.1549987792969,2945,0.0,0.0,0.0
2024-07-23 12:35:00-04:00,378.1759948730469,378.29998779296875,377.79998779296875,377.79998779296875,4590,0.0,0.0,0.0
2024-07-23 12:40:00-04:00,378.07501220703125,378.1700134277344,377.8891906738281,377.8891906738281,4374,0.0,0.0,0.0
2024-07-23 12:45:00-04:00,377.92999267578125,378.2200012207031,377.8800048828125,378.0889892578125,4486,0.0,0.0,0.0
2024-07-23 12:50:00-04:00,377.8500061035156,378.0094909667969,377.80999755859375,377.9801025390625,3067,0.0,0.0,0.0
2024-07-23 12:55:00-04:00,377.80279541015625,377.80999755859375,377.3399963378906,377.80999755859375,8843,0.0,0.0,0.0
2024-07-23 13:00:00-04:00,377.6758117675781,378.0299987792969,377.6758117675781,377.8099060058594,5759,0.0,0.0,0.0
2024-07-23 13:05:00-04:00,377.80999755859375,377.8949890136719,377.6698913574219,377.7143859863281,4453,0.0,0.0,0.0
2024-07-23 13:10:00-04:00,377.57000732421875,377.6600036621094,377.17999267578125,377.5299987792969,4858,0.0,0.0,0.0
2024-07-23 13:15:00-04:00,377.54119873046875,377.6579895019531,377.45001220703125,377.5799865722656,3489,0.0,0.0,0.0
2024-07-23 13:20:00-04:00,377.7087097167969,377.9266052246094,377.6400146484375,377.885009765625,4113,0.0,0.0,0.0
2024-07-23 13:25:00-04:00,377.82000732421875,377.9700012207031,377.79010009765625,377.8399963378906,5321,0.0,0.0,0.0
2024-07-23 13:30:00-04:00,377.70001220703125,377.95001220703125,377.54998779296875,377.8999938964844,11983,0.0,0.0,0.0
2024-07-23 13:35:00-04:00,377.82000732421875,377.82000732421875,377.5950012207031,377.5950012207031,1940,0.0,0.0,0.0
2024-07-23 13:40:00-04:00,377.7049865722656,377.74420166015625,377.5000915527344,377.7025146484375,3625,0.0,0.0,0.0
2024-07-23 13:45:00-04:00,377.6098937988281,377.8800048828125,377.55999755859375,377.8299865722656,3480,0.0,0.0,0.0
2024-07-23 13:50:00-04:00,377.91351318359375,378.07989501953125,377.91351318359375,378.0456848144531,3729,0.0,0.0,0.0
2024-07-23 13:55:00-04:00,378.0,378.25,378.0,378.1283874511719,5198,0.0,0.0,0.0
2024-07-23 14:00:00-04:00,378.03509521484375,378.260009765625,378.03509521484375,378.19000244140625,4263,0.0,0.0,0.0
2024-07-23 14:05:00-04:00,378.0299987792969,378.2333984375,378.0299987792969,378.2149963378906,3954,0.0,0.0,0.0
2024-07-23 14:10:00-04:00,378.20001220703125,378.2287902832031,378.06500244140625,378.2124938964844,11705,0.0,0.0,0.0
2024-07-23 14:15:00-04:00,378.1199951171875,378.2799987792969,378.07598876953125,378.07659912109375,5006,0.0,0.0,0.0
2024-07-23 14:20:00-04:00,378.1099853515625,378.1600036621094,378.0700988769531,378.1300048828125,6134,0.0,0.0,0.0
2024-07-23 14:25:00-04:00,377.9100036621094,377.9100036621094,377.3599853515625,377.6300048828125,13549,0.0,0.0,0.0
2024-07-23 14:30:00-04:00,377.6700134277344,377.7398986816406,377.5111999511719,377.70001220703125,9148,0.0,0.0,0.0
2024-07-23 14:35:00-04:00,377.6700134277344,378.0799865722656,377.6700134277344,378.0400085449219,17570,0.0,0.0,0.0
2024-07-23 14:40:00-04:00,377.8949890136719,377.8949890136719,377.6199951171875,377.6676025390625,4092,0.0,0.0,0.0
2024-07-23 14:45:00-04:00,377.5799865722656,377.654296875,377.4901123046875,377.654296875,6796,0.0,0.0,0.0
2024-07-23 14:50:00-04:00,377.6007995605469,377.7300109863281,377.5917053222656,377.6473083496094,8706,0.0,0.0,0.0
2024-07-23 14:55:00-04:00,377.6025085449219,377.79998779296875,377.6025085449219,377.79998779296875,7170,0.0,0.0,0.0
2024-07-23 15:00:00-04:00,377.7900085449219,377.8299865722656,377.7250061035156,377.7250061035156,4992,0.0,0.0,0.0
2024-07-23 15:05:00-04:00,377.7149963378906,377.7900085449219,377.6213073730469,377.7250061035156,4480,0.0,0.0,0.0
2024-07-23 15:10:00-04:00,377.8299865722656,377.94000244140625,377.7699890136719,377.9057922363281,7721,0.0,0.0,0.0
2024-07-23 15:15:00-04:00,377.8315124511719,377.8315124511719,377.54998779296875,377.739990234375,9390,0.0,0.0,0.0
2024-07-23 15:20:00-04:00,377.7489929199219,377.98870849609375,377.67059326171875,377.9100036621094,10036,0.0,0.0,0.0
2024-07-23 15:25:00-04:00,377.9590148925781,377.9649963378906,377.8599853515625,377.9491882324219,5635,0.0,0.0,0.0
2024-07-23 15:30:00-04:00,377.7200012207031,377.92999267578125,377.70001220703125,377.7749938964844,9361,0.0,0.0,0.0
2024-07-23 15:35:00-04:00,377.7200012207031,377.760009765625,377.5400085449219,377.625,9476,0.0,0.0,0.0
2024-07-23 15:40:00-04:00,377.510009765625,377.5350036621094,376.8500061035156,377.1600036621094,12340,0.0,0.0,0.0
2024-07-23 15:45:00-04:00,377.2550048828125,377.5199890136719,377.1000061035156,377.5199890136719,14387,0.0,0.0,0.0
2024-07-23 15:50:00-04:00,377.54998779296875,377.57000732421875,376.6000061035156,376.6000061035156,14712,0.0,0.0,0.0
2024-07-23 15:55:00-04:00,376.6000061035156,377.07000732421875,376.5350036621094,377.0,15360,0.0,0.0,0.0
2024-07-24 09:30:00-04:00,370.9100036621094,371.3599853515625,369.94000244140625,369.94000244140625,95721,0.0,0.0,0.0
2024-07-24 09:35:00-04:00,369.9136047363281,369.9200134277344,369.0899963378906,369.1099853515625,39189,0.0,0.0,0.0
2024-07-24 09:40:00-04:00,369.3699951171875,369.6000061035156,369.1199951171875,369.25,15707,0.0,0.0,0.0
2024-07-24 09:45:00-04:00,369.45001220703125,369.739990234375,369.1099853515625,369.739990234375,14574,0.0,0.0,0.0
2024-07-24 09:50:00-04:00,369.7120056152344,369.7200012207031,369.30999755859375,369.57000732421875,20125,0.0,0.0,0.0
2024-07-24 09:55:00-04:00,369.57000732421875,369.5899963378906,368.8999938964844,369.3399963378906,22035,0.0,0.0,0.0
2024-07-24 10:00:00-04:00,369.17498779296875,369.1896057128906,368.6028137207031,368.9700012207031,17491,0.0,0.0,0.0
2024-07-24 10:05:00-04:00,369.1600036621094,369.2699890136719,368.94000244140625,369.0799865722656,5291,0.0,0.0,0.0
2024-07-24 10:10:00-04:00,369.1400146484375,369.1400146484375,368.3908996582031,368.45001220703125,13138,0.0,0.0,0.0
2024-07-24 10:15:00-04:00,368.54998779296875,368.8981018066406,368.45001220703125,368.5799865722656,12411,0.0,0.0,0.0
2024-07-24 10:20:00-04:00,368.6094055175781,368.95001220703125,368.4800109863281,368.739990234375,15786,0.0,0.0,0.0
2024-07-24 10:25:00-04:00,368.82000732421875,368.989990234375,368.4100036621094,368.69000244140625,13439,0.0,0.0,0.0
2024-07-24 10:30:00-04:00,368.6099853515625,368.8500061035156,368.44000244140625,368.5880126953125,13590,0.0,0.0,0.0
2024-07-24 10:35:00-04:00,368.4949951171875,368.6099853515625,367.94000244140625,368.0299987792969,14970,0.0,0.0,0.0
2024-07-24 10:40:00-04:00,368.0799865722656,368.2300109863281,367.7799987792969,367.7799987792969,13076,0.0,0.0,0.0
2024-07-24 10:45:00-04:00,367.8440856933594,367.8800048828125,367.3656005859375,367.5199890136719,22918,0.0,0.0,0.0
2024-07-24 10:50:00-04:00,367.54998779296875,367.54998779296875,367.1300048828125,367.30999755859375,9578,0.0,0.0,0.0
2024-07-24 10:55:00-04:00,367.3699951171875,367.614990234375,367.2900085449219,367.57501220703125,14382,0.0,0.0,0.0
2024-07-24 11:00:00-04:00,367.6400146484375,367.67401123046875,367.31500244140625,367.32000732421875,13721,0.0,0.0,0.0
2024-07-24 11:05:00-04:00,367.32220458984375,367.32220458984375,367.0531921386719,367.2200012207031,5527,0.0,0.0,0.0
2024-07-24 11:10:00-04:00,367.1400146484375,367.1400146484375,366.8699951171875,366.8699951171875,8509,0.0,0.0,0.0
2024-07-24 11:15:00-04:00,366.8901062011719,366.8901062011719,366.55999755859375,366.6549987792969,54908,0.0,0.0,0.0
2024-07-24 11:20:00-04:00,366.7200012207031,366.7300109863281,366.260009765625,366.2900085449219,11354,0.0,0.0,0.0
2024-07-24 11:25:00-04:00,366.239990234375,366.664794921875,366.2099914550781,366.6199951171875,7025,0.0,0.0,0.0
2024-07-24 11:30:00-04:00,366.6499938964844,366.8949890136719,366.6499938964844,366.7699890136719,7111,0.0,0.0,0.0
2024-07-24 11:35:00-04:00,366.760009765625,366.8500061035156,366.54998779296875,366.69000244140625,7654,0.0,0.0,0.0
2024-07-24 11:40:00-04:00,366.5799865722656,366.5799865722656,366.1200866699219,366.26519775390625,15279,0.0,0.0,0.0
2024-07-24 11:45:00-04:00,366.2900085449219,366.2900085449219,366.0400085449219,366.0799865722656,9025,0.0,0.0,0.0
2024-07-24 11:50:00-04:00,366.12298583984375,366.3800048828125,365.95001220703125,366.3800048828125,24231,0.0,0.0,0.0
2024-07-24 11:55:00-04:00,366.2229919433594,366.3349914550781,365.6000061035156,365.6000061035156,8265,0.0,0.0,0.0
2024-07-24 12:00:00-04:00,365.6083984375,365.6499938964844,365.2300109863281,365.33270263671875,12198,0.0,0.0,0.0
2024-07-24 12:05:00-04:00,365.2300109863281,365.2300109863281,364.8800048828125,365.0379943847656,23546,0.0,0.0,0.0
2024-07-24 12:10:00-04:00,365.10009765625,365.4200134277344,365.04010009765625,365.3399963378906,12466,0.0,0.0,0.0
2024-07-24 12:15:00-04:00,365.510009765625,365.6799011230469,365.2799987792969,365.4599914550781,9474,0.0,0.0,0.0
2024-07-24 12:20:00-04:00,365.510009765625,365.5199890136719,365.2799987792969,365.3214111328125,4883,0.0,0.0,0.0
2024-07-24 12:25:00-04:00,365.25,365.2735900878906,365.0,365.0,14190,0.0,0.0,0.0
2024-07-24 12:30:00-04:00,365.052001953125,365.4800109863281,364.9800109863281,365.4100036621094,5469,0.0,0.0,0.0
2024-07-24 12:35:00-04:00,365.4339904785156,365.5299987792969,365.0199890136719,365.0199890136719,5541,0.0,0.0,0.0
2024-07-24 12:40:00-04:00,365.0,365.0,364.6900939941406,364.76800537109375,8235,0.0,0.0,0.0
2024-07-24 12:45:00-04:00,364.79998779296875,365.385009765625,364.79998779296875,365.2699890136719,9526,0.0,0.0,0.0
2024-07-24 12:50:00-04:00,365.1700134277344,365.1700134277344,364.8900146484375,364.92999267578125,6908,0.0,0.0,0.0
2024-07-24 12:55:00-04:00,364.9100036621094,365.1300048828125,364.8599853515625,364.95001220703125,6177,0.0,0.0,0.0
2024-07-24 13:00:00-04:00,365.2294006347656,365.2294006347656,364.8507080078125,364.8999938964844,14236,0.0,0.0,0.0
2024-07-24 13:05:00-04:00,365.0450134277344,365.5828857421875,365.0450134277344,365.5828857421875,10746,0.0,0.0,0.0
2024-07-24 13:10:00-04:00,365.67999267578125,365.739990234375,365.6499938964844,365.7398986816406,5311,0.0,0.0,0.0
2024-07-24 13:15:00-04:00,365.6719970703125,366.0299987792969,365.6199951171875,366.0299987792969,10061,0.0,0.0,0.0
2024-07-24 13:20:00-04:00,365.9800109863281,366.239990234375,365.6650085449219,365.7865905761719,7586,0.0,0.0,0.0
2024-07-24 13:25:00-04:00,365.7380065917969,365.7380065917969,365.55609130859375,365.6199951171875,7485,0.0,0.0,0.0
2024-07-24 13:30:00-04:00,365.55499267578125,365.8393859863281,365.3800048828125,365.8393859863281,8769,0.0,0.0,0.0
2024-07-24 13:35:00-04:00,365.92498779296875,366.0190124511719,365.752197265625,366.0,6664,0.0,0.0,0.0
2024-07-24 13:40:00-04:00,366.07501220703125,366.2099914550781,366.0320129394531,366.0320129394531,7891,0.0,0.0,0.0
2024-07-24 13:45:00-04:00,366.0350036621094,366.1081848144531,365.57000732421875,365.57000732421875,7632,0.0,0.0,0.0
2024-07-24 13:50:00-04:00,365.5356140136719,365.53729248046875,365.3800048828125,365.4599914550781,5537,0.0,0.0,0.0
2024-07-24 13:55:00-04:00,365.3599853515625,365.4150085449219,365.1101989746094,365.19000244140625,14801,0.0,0.0,0.0
2024-07-24 14:00:00-04:00,365.239990234375,365.239990234375,364.8500061035156,364.8500061035156,15172,0.0,0.0,0.0
2024-07-24 14:05:00-04:00,364.9100036621094,365.1098937988281,364.8500061035156,364.989990234375,31433,0.0,0.0,0.0
2024-07-24 14:10:00-04:00,364.989990234375,365.2850036621094,364.9861145019531,365.20001220703125,9776,0.0,0.0,0.0
2024-07-24 14:15:00-04:00,365.20001220703125,365.3399963378906,364.93499755859375,364.94000244140625,6798,0.0,0.0,0.0
2024-07-24 14:20:00-04:00,365.0299987792969,365.0299987792969,364.5400085449219,364.67999267578125,10203,0.0,0.0,0.0
2024-07-24 14:25:00-04:00,364.7699890136719,364.9700012207031,364.5199890136719,364.57598876953125,10996,0.0,0.0,0.0
2024-07-24 14:30:00-04:00,364.6899108886719,364.7699890136719,364.4849853515625,364.4849853515625,7513,0.0,0.0,0.0
2024-07-24 14:35:00-04:00,364.42498779296875,364.7200012207031,364.42498779296875,364.6986083984375,10686,0.0,0.0,0.0
2024-07-24 14:40:00-04:00,364.6499938964844,364.70001220703125,363.8700866699219,363.90008544921875,23077,0.0,0.0,0.0
2024-07-24 14:45:00-04:00,363.9200134277344,364.1199951171875,363.3500061035156,363.4100036621094,27329,0.0,0.0,0.0
2024-07-24 14:50:00-04:00,363.44500732421875,363.5,363.25,363.40008544921875,15720,0.0,0.0,0.0
2024-07-24 14:55:00-04:00,363.4700012207031,363.79998779296875,363.4700012207031,363.7799987792969,9804,0.0,0.0,0.0
2024-07-24 15:00:00-04:00,363.760009765625,363.8299865722656,363.45001220703125,363.5885925292969,10980,0.0,0.0,0.0
2024-07-24 15:05:00-04:00,363.7099914550781,363.82000732421875,363.4100036621094,363.4715881347656,12173,0.0,0.0,0.0
2024-07-24 15:10:00-04:00,363.6700134277344,363.71600341796875,363.4599914550781,363.6700134277344,11629,0.0,0.0,0.0
2024-07-24 15:15:00-04:00,363.6650085449219,363.7605895996094,363.29998779296875,363.29998779296875,15999,0.0,0.0,0.0
2024-07-24 15:20:00-04:00,363.44500732421875,363.6299133300781,363.2699890136719,363.54998779296875,27591,0.0,0.0,0.0
2024-07-24 15:25:00-04:00,363.4200134277344,363.4495849609375,362.8617858886719,362.93499755859375,21631,0.0,0.0,0.0
2024-07-24 15:30:00-04:00,363.05999755859375,363.8900146484375,362.9200134277344,363.8500061035156,15214,0.0,0.0,0.0
2024-07-24 15:35:00-04:00,363.7550048828125,364.1099853515625,363.6300048828125,363.9599914550781,10992,0.0,0.0,0.0
2024-07-24 15:40:00-04:00,363.9949951171875,364.4599914550781,363.80999755859375,363.8299865722656,20245,0.0,0.0,0.0
2024-07-24 15:45:00-04:00,363.80999755859375,364.0292053222656,363.42999267578125,363.739990234375,14443,0.0,0.0,0.0
2024-07-24 15:50:00-04:00,363.9100036621094,363.9549865722656,362.32000732421875,362.32000732421875,30098,0.0,0.0,0.0
2024-07-24 15:55:00-04:00,362.29998779296875,363.1700134277344,362.0299987792969,362.95001220703125,98022,0.0,0.0,0.0
2024-07-25 09:30:00-04:00,362.6000061035156,363.4244079589844,361.8900146484375,362.04998779296875,95999,0.0,0.0,0.0
2024-07-25 09:35:00-04:00,362.07000732421875,362.1026916503906,360.8599853515625,361.42999267578125,23996,0.0,0.0,0.0
2024-07-25 09:40:00-04:00,361.5541076660156,362.5364074707031,361.50390625,361.50390625,21462,0.0,0.0,0.0
2024-07-25 09:45:00-04:00,361.6549987792969,361.8800048828125,360.67010498046875,361.06500244140625,12854,0.0,0.0,0.0
2024-07-25 09:50:00-04:00,361.2149963378906,361.32000732421875,360.1300048828125,360.260009765625,16397,0.0,0.0,0.0
2024-07-25 09:55:00-04:00,360.3599853515625,360.3599853515625,358.6499938964844,359.2359924316406,28369,0.0,0.0,0.0
2024-07-25 10:00:00-04:00,358.73748779296875,358.95001220703125,357.5899963378906,357.8399963378906,38558,0.0,0.0,0.0
2024-07-25 10:05:00-04:00,358.16009521484375,358.5199890136719,356.2900085449219,356.6000061035156,30792,0.0,0.0,0.0
2024-07-25 10:10:00-04:00,356.7723083496094,356.875,355.70001220703125,356.4081115722656,21156,0.0,0.0,0.0
2024-07-25 10:15:00-04:00,356.4200134277344,358.0150146484375,356.4200134277344,358.0150146484375,16989,0.0,0.0,0.0
2024-07-25 10:20:00-04:00,358.1199951171875,359.03680419921875,357.69000244140625,358.8999938964844,12813,0.0,0.0,0.0
2024-07-25 10:25:00-04:00,359.0799865722656,359.8599853515625,358.8399963378906,359.79998779296875,36237,0.0,0.0,0.0
2024-07-25 10:30:00-04:00,359.6700134277344,360.20001220703125,359.17498779296875,359.9200134277344,20674,0.0,0.0,0.0
2024-07-25 10:35:00-04:00,360.0,360.489990234375,359.79998779296875,360.3616027832031,17482,0.0,0.0,0.0
2024-07-25 10:40:00-04:00,360.27099609375,361.3612060546875,360.0,361.3612060546875,12286,0.0,0.0,0.0
2024-07-25 10:45:00-04:00,361.3599853515625,362.0400085449219,361.1700134277344,362.0400085449219,18166,0.0,0.0,0.0
2024-07-25 10:50:00-04:00,362.0,362.7799987792969,361.95001220703125,362.55499267578125,21124,0.0,0.0,0.0
2024-07-25 10:55:00-04:00,362.239990234375,362.92999267578125,362.0,362.9169921875,9808,0.0,0.0,0.0
2024-07-25 11:00:00-04:00,362.926513671875,362.926513671875,361.7550048828125,361.9159851074219,5878,0.0,0.0,0.0
2024-07-25 11:05:00-04:00,361.989990234375,362.2900085449219,361.69000244140625,362.2001037597656,12062,0.0,0.0,0.0
2024-07-25 11:10:00-04:00,362.2049865722656,363.6300048828125,362.2049865722656,363.5899963378906,13566,0.0,0.0,0.0
2024-07-25 11:15:00-04:00,363.6400146484375,364.25970458984375,363.6400146484375,363.68499755859375,15827,0.0,0.0,0.0
2024-07-25 11:20:00-04:00,363.2799987792969,363.2799987792969,362.7300109863281,363.0400085449219,6689,0.0,0.0,0.0
2024-07-25 11:25:00-04:00,363.02850341796875,363.0299987792969,362.7650146484375,362.8800048828125,6726,0.0,0.0,0.0
2024-07-25 11:30:00-04:00,363.0516052246094,363.1000061035156,362.510009765625,362.7261962890625,4962,0.0,0.0,0.0
2024-07-25 11:35:00-04:00,362.8149108886719,363.0,362.52899169921875,363.0,5484,0.0,0.0,0.0
2024-07-25 11:40:00-04:00,362.8399963378906,362.8999938964844,361.6000061035156,362.07000732421875,7715,0.0,0.0,0.0
2024-07-25 11:45:00-04:00,362.0950927734375,362.50201416015625,362.0249938964844,362.1199951171875,22111,0.0,0.0,0.0
2024-07-25 11:50:00-04:00,362.6600036621094,362.8999938964844,362.6199951171875,362.8146057128906,9289,0.0,0.0,0.0
2024-07-25 11:55:00-04:00,362.8081970214844,363.1700134277344,362.3999938964844,363.1700134277344,13085,0.0,0.0,0.0
2024-07-25 12:00:00-04:00,363.45001220703125,364.010009765625,363.1449890136719,363.80499267578125,7591,0.0,0.0,0.0
2024-07-25 12:05:00-04:00,363.75,363.75,362.5751037597656,363.1600036621094,10125,0.0,0.0,0.0
2024-07-25 12:10:00-04:00,363.45001220703125,364.20001220703125,363.2799987792969,364.17999267578125,7613,0.0,0.0,0.0
2024-07-25 12:15:00-04:00,364.1600036621094,364.6619873046875,364.125,364.6619873046875,7838,0.0,0.0,0.0
2024-07-25 12:20:00-04:00,364.6099853515625,365.45001220703125,364.4599914550781,365.45001220703125,39354,0.0,0.0,0.0
2024-07-25 12:25:00-04:00,365.3800048828125,365.3800048828125,364.8900146484375,365.3399963378906,12354,0.0,0.0,0.0
2024-07-25 12:30:00-04:00,365.0365905761719,365.5,364.8999938964844,365.44500732421875,5400,0.0,0.0,0.0
2024-07-25 12:35:00-04:00,365.15008544921875,365.2793884277344,365.0799865722656,365.2651062011719,3900,0.0,0.0,0.0
2024-07-25 12:40:00-04:00,365.4599914550781,365.739990234375,365.3901062011719,365.57000732421875,9615,0.0,0.0,0.0
2024-07-25 12:45:00-04:00,365.6099853515625,365.66009521484375,365.0,365.0885009765625,12393,0.0,0.0,0.0
2024-07-25 12:50:00-04:00,364.9735107421875,364.9735107421875,364.8399963378906,364.8399963378906,1766,0.0,0.0,0.0
2024-07-25 12:55:00-04:00,365.04010009765625,365.489990234375,365.04010009765625,365.34490966796875,4483,0.0,0.0,0.0
2024-07-25 13:00:00-04:00,365.44000244140625,366.2622985839844,365.239990234375,366.0740966796875,11031,0.0,0.0,0.0
2024-07-25 13:05:00-04:00,365.8800048828125,366.2688903808594,365.7699890136719,366.2688903808594,9745,0.0,0.0,0.0
2024-07-25 13:10:00-04:00,366.3900146484375,366.3900146484375,365.4649963378906,365.6698913574219,18513,0.0,0.0,0.0
2024-07-25 13:15:00-04:00,365.6449890136719,365.6449890136719,364.8399963378906,364.8399963378906,3898,0.0,0.0,0.0
2024-07-25 13:20:00-04:00,364.8999938964844,364.94000244140625,363.86419677734375,363.86419677734375,14504,0.0,0.0,0.0
2024-07-25 13:25:00-04:00,364.04998779296875,364.1543884277344,363.8900146484375,364.0,5259,0.0,0.0,0.0
2024-07-25 13:30:00-04:00,364.04998779296875,364.14801025390625,363.8785095214844,364.0400085449219,11070,0.0,0.0,0.0
2024-07-25 13:35:00-04:00,364.0199890136719,364.260009765625,363.94500732421875,364.2200927734375,14503,0.0,0.0,0.0
2024-07-25 13:40:00-04:00,364.45001220703125,364.4700012207031,364.25201416015625,364.3901062011719,5129,0.0,0.0,0.0
2024-07-25 13:45:00-04:00,364.4649963378906,364.4649963378906,363.92498779296875,364.32501220703125,3631,0.0,0.0,0.0
2024-07-25 13:50:00-04:00,364.0,364.29998779296875,363.8999938964844,364.1499938964844,10739,0.0,0.0,0.0
2024-07-25 13:55:00-04:00,364.1000061035156,364.6549987792969,363.9700012207031,364.44000244140625,7459,0.0,0.0,0.0
2024-07-25 14:00:00-04:00,364.3999938964844,364.3999938964844,363.7449951171875,363.7449951171875,6093,0.0,0.0,0.0
2024-07-25 14:05:00-04:00,363.385009765625,363.8399963378906,363.385009765625,363.3999938964844,8419,0.0,0.0,0.0
2024-07-25 14:10:00-04:00,363.239990234375,363.4750061035156,362.989990234375,363.1000061035156,9892,0.0,0.0,0.0
2024-07-25 14:15:00-04:00,363.1499938964844,363.17999267578125,362.7300109863281,363.0249938964844,5401,0.0,0.0,0.0
2024-07-25 14:20:00-04:00,362.95001220703125,362.9649963378906,362.3200988769531,362.3200988769531,6041,0.0,0.0,0.0
2024-07-25 14:25:00-04:00,362.7265930175781,363.07000732421875,362.6300048828125,362.8599853515625,6969,0.0,0.0,0.0
2024-07-25 14:30:00-04:00,362.8800048828125,363.3583068847656,362.8399963378906,363.3583068847656,12740,0.0,0.0,0.0
2024-07-25 14:35:00-04:00,363.1499938964844,363.1499938964844,362.68499755859375,362.7699890136719,4751,0.0,0.0,0.0
2024-07-25 14:40:00-04:00,362.79998779296875,362.79998779296875,362.1307067871094,362.38079833984375,12760,0.0,0.0,0.0
2024-07-25 14:45:00-04:00,362.26409912109375,362.2699890136719,361.17999267578125,361.2099914550781,10628,0.0,0.0,0.0
2024-07-25 14:50:00-04:00,361.19000244140625,361.6000061035156,360.8100891113281,360.9761962890625,7614,0.0,0.0,0.0
2024-07-25 14:55:00-04:00,360.9599914550781,361.3800048828125,360.9020080566406,361.1600036621094,4743,0.0,0.0,0.0
2024-07-25 15:00:00-04:00,361.24700927734375,361.7699890136719,361.1499938964844,361.2149963378906,4308,0.0,0.0,0.0
2024-07-25 15:05:00-04:00,361.2900085449219,361.57000732421875,361.2900085449219,361.4549865722656,7413,0.0,0.0,0.0
2024-07-25 15:10:00-04:00,361.30999755859375,361.6449890136719,361.0400085449219,361.6199951171875,9750,0.0,0.0,0.0
2024-07-25 15:15:00-04:00,361.44000244140625,361.6995849609375,361.2099914550781,361.6995849609375,7137,0.0,0.0,0.0
2024-07-25 15:20:00-04:00,361.6300048828125,362.6499938964844,361.5050048828125,362.4599914550781,23303,0.0,0.0,0.0
2024-07-25 15:25:00-04:00,362.46990966796875,363.3320007324219,362.46990966796875,362.8443908691406,12476,0.0,0.0,0.0
2024-07-25 15:30:00-04:00,362.8699951171875,362.94000244140625,362.1400146484375,362.1400146484375,13662,0.0,0.0,0.0
2024-07-25 15:35:00-04:00,362.45001220703125,362.45001220703125,361.25,361.4599914550781,50810,0.0,0.0,0.0
2024-07-25 15:40:00-04:00,361.3927917480469,361.6400146484375,361.0400085449219,361.1700134277344,15886,0.0,0.0,0.0
2024-07-25 15:45:00-04:00,361.04998779296875,361.1199951171875,360.20001220703125,361.0299987792969,22006,0.0,0.0,0.0
2024-07-25 15:50:00-04:00,360.9599914550781,360.9599914550781,359.18499755859375,359.2149963378906,26565,0.0,0.0,0.0
2024-07-25 15:55:00-04:00,359.20001220703125,359.489990234375,358.57000732421875,358.7799987792969,48099,0.0,0.0,0.0
2024-07-26 09:30:00-04:00,361.6400146484375,361.69500732421875,360.1600036621094,360.2900085449219,51852,0.0,0.0,0.0
2024-07-26 09:35:00-04:00,360.2799987792969,361.3299865722656,360.2799987792969,361.14990234375,12651,0.0,0.0,0.0
2024-07-26 09:40:00-04:00,361.1199951171875,361.2099914550781,360.1300048828125,360.6300048828125,8231,0.0,0.0,0.0
2024-07-26 09:45:00-04:00,361.05999755859375,361.2538146972656,359.8999938964844,359.8999938964844,8879,0.0,0.0,0.0
2024-07-26 09:50:00-04:00,360.0799865722656,360.739990234375,359.8987121582031,360.010009765625,7625,0.0,0.0,0.0
2024-07-26 09:55:00-04:00,360.19000244140625,361.1099853515625,360.19000244140625,361.1099853515625,8172,0.0,0.0,0.0
2024-07-26 10:00:00-04:00,360.8900146484375,361.614990234375,360.82000732421875,361.32000732421875,9957,0.0,0.0,0.0
2024-07-26 10:05:00-04:00,360.94000244140625,360.94000244140625,359.6700134277344,359.9638977050781,20188,0.0,0.0,0.0
2024-07-26 10:10:00-04:00,360.239990234375,361.010009765625,360.239990234375,360.6700134277344,6074,0.0,0.0,0.0
2024-07-26 10:15:00-04:00,360.8631896972656,360.9800109863281,360.1099853515625,360.2829895019531,5608,0.0,0.0,0.0
2024-07-26 10:20:00-04:00,360.6400146484375,361.57000732421875,360.6400146484375,361.510009765625,6608,0.0,0.0,0.0
2024-07-26 10:25:00-04:00,361.6000061035156,362.30999755859375,361.510009765625,361.8699951171875,10394,0.0,0.0,0.0
2024-07-26 10:30:00-04:00,361.5199890136719,361.57000732421875,360.0,360.2099914550781,20141,0.0,0.0,0.0
2024-07-26 10:35:00-04:00,359.9100036621094,360.55999755859375,359.8900146484375,359.9200134277344,9135,0.0,0.0,0.0
2024-07-26 10:40:00-04:00,359.80999755859375,360.7099914550781,359.80999755859375,360.25,12081,0.0,0.0,0.0
2024-07-26 10:45:00-04:00,360.1499938964844,360.3900146484375,359.6650085449219,360.3500061035156,7617,0.0,0.0,0.0
2024-07-26 10:50:00-04:00,360.0398864746094,360.30999755859375,359.93499755859375,360.0823974609375,5359,0.0,0.0,0.0
2024-07-26 10:55:00-04:00,360.1099853515625,361.17498779296875,360.1099853515625,361.17498779296875,6275,0.0,0.0,0.0
2024-07-26 11:00:00-04:00,361.0899963378906,361.5400085449219,360.92999267578125,361.44000244140625,5996,0.0,0.0,0.0
2024-07-26 11:05:00-04:00,361.5989990234375,361.7799987792969,361.3550109863281,361.6099853515625,4752,0.0,0.0,0.0
2024-07-26 11:10:00-04:00,361.44000244140625,361.57000732421875,361.2200012207031,361.239990234375,3210,0.0,0.0,0.0
2024-07-26 11:15:00-04:00,361.05999755859375,361.05999755859375,360.8299865722656,361.05499267578125,5327,0.0,0.0,0.0
2024-07-26 11:20:00-04:00,360.7749938964844,361.1099853515625,360.6651916503906,361.1099853515625,6939,0.0,0.0,0.0
2024-07-26 11:25:00-04:00,361.2200012207031,361.33758544921875,360.6499938964844,360.9491882324219,12214,0.0,0.0,0.0
2024-07-26 11:30:00-04:00,360.9700012207031,361.3599853515625,360.95001220703125,361.0400085449219,15191,0.0,0.0,0.0
2024-07-26 11:35:00-04:00,360.9100036621094,361.45001220703125,360.69000244140625,361.42999267578125,8538,0.0,0.0,0.0
2024-07-26 11:40:00-04:00,361.4403991699219,361.6400146484375,361.2799987792969,361.59051513671875,5395,0.0,0.0,0.0
2024-07-26 11:45:00-04:00,361.7300109863281,362.32000732421875,361.7300109863281,362.32000732421875,4924,0.0,0.0,0.0
2024-07-26 11:50:00-04:00,362.44000244140625,362.44940185546875,362.0184020996094,362.1000061035156,12788,0.0,0.0,0.0
2024-07-26 11:55:00-04:00,361.9700012207031,362.17999267578125,361.8800048828125,362.0740051269531,6463,0.0,0.0,0.0
2024-07-26 12:00:00-04:00,362.19500732421875,362.5942077636719,362.1700134277344,362.5849914550781,4197,0.0,0.0,0.0
2024-07-26 12:05:00-04:00,362.6099853515625,363.099609375,362.6099853515625,363.0199890136719,20961,0.0,0.0,0.0
2024-07-26 12:10:00-04:00,363.04998779296875,363.1499938964844,362.3999938964844,362.5480041503906,5228,0.0,0.0,0.0
2024-07-26 12:15:00-04:00,362.65521240234375,362.8599853515625,362.6000061035156,362.8599853515625,3804,0.0,0.0,0.0
2024-07-26 12:20:00-04:00,362.8500061035156,362.9100036621094,362.652587890625,362.8800048828125,9976,0.0,0.0,0.0
2024-07-26 12:25:00-04:00,363.0,363.0400085449219,363.0,363.0400085449219,3208,0.0,0.0,0.0
2024-07-26 12:30:00-04:00,363.0400085449219,363.6099853515625,363.0400085449219,363.6098937988281,4559,0.0,0.0,0.0
2024-07-26 12:35:00-04:00,363.25,363.3656921386719,363.0249938964844,363.1400146484375,2862,0.0,0.0,0.0
2024-07-26 12:40:00-04:00,363.3599853515625,363.79998779296875,363.2900085449219,363.760009765625,16444,0.0,0.0,0.0
2024-07-26 12:45:00-04:00,363.8500061035156,363.94000244140625,363.4750061035156,363.4750061035156,5149,0.0,0.0,0.0
2024-07-26 12:50:00-04:00,363.7099914550781,363.989990234375,363.7099914550781,363.989990234375,5284,0.0,0.0,0.0
2024-07-26 12:55:00-04:00,363.77850341796875,364.0,363.69970703125,363.91241455078125,6014,0.0,0.0,0.0
2024-07-26 13:00:00-04:00,363.9200134277344,364.1300048828125,363.67498779296875,363.8699951171875,4460,0.0,0.0,0.0
2024-07-26 13:05:00-04:00,364.1549072265625,364.1549072265625,363.535888671875,363.535888671875,6101,0.0,0.0,0.0
2024-07-26 13:10:00-04:00,363.7619934082031,363.9100036621094,363.6449890136719,363.7799072265625,5120,0.0,0.0,0.0
2024-07-26 13:15:00-04:00,363.7550048828125,363.99920654296875,363.7550048828125,363.9200134277344,5407,0.0,0.0,0.0
2024-07-26 13:20:00-04:00,363.82501220703125,363.8299865722656,363.7439880371094,363.8299865722656,3407,0.0,0.0,0.0
2024-07-26 13:25:00-04:00,363.9599914550781,364.2499084472656,363.9599914550781,364.2499084472656,2120,0.0,0.0,0.0
2024-07-26 13:30:00-04:00,364.239990234375,364.239990234375,363.1091003417969,363.1091003417969,6212,0.0,0.0,0.0
2024-07-26 13:35:00-04:00,362.82000732421875,362.82000732421875,361.75,361.8500061035156,21480,0.0,0.0,0.0
2024-07-26 13:40:00-04:00,361.8505859375,362.2799987792969,361.739990234375,362.2300109863281,11887,0.0,0.0,0.0
2024-07-26 13:45:00-04:00,362.17718505859375,362.80999755859375,362.17718505859375,362.25,11425,0.0,0.0,0.0
2024-07-26 13:50:00-04:00,362.0425109863281,362.42498779296875,361.875,362.42498779296875,7249,0.0,0.0,0.0
2024-07-26 13:55:00-04:00,362.54998779296875,362.54998779296875,362.2699890136719,362.3349914550781,21604,0.0,0.0,0.0
2024-07-26 14:00:00-04:00,362.4100036621094,362.6499938964844,362.36199951171875,362.5799865722656,5834,0.0,0.0,0.0
2024-07-26 14:05:00-04:00,362.2041931152344,362.585205078125,362.1242980957031,362.52410888671875,6322,0.0,0.0,0.0
2024-07-26 14:10:00-04:00,362.4599914550781,362.79998779296875,362.4599914550781,362.5,3532,0.0,0.0,0.0
2024-07-26 14:15:00-04:00,362.4949951171875,362.70001220703125,361.8800048828125,361.8800048828125,4305,0.0,0.0,0.0
2024-07-26 14:20:00-04:00,361.95001220703125,362.17999267578125,361.95001220703125,362.1400146484375,3820,0.0,0.0,0.0
2024-07-26 14:25:00-04:00,362.239990234375,362.3599853515625,362.0,362.1419982910156,5634,0.0,0.0,0.0
2024-07-26 14:30:00-04:00,362.0299987792969,362.1936950683594,361.82000732421875,362.1000061035156,11991,0.0,0.0,0.0
2024-07-26 14:35:00-04:00,362.1700134277344,362.1711120605469,361.989990234375,362.1711120605469,6430,0.0,0.0,0.0
2024-07-26 14:40:00-04:00,361.9945068359375,362.03369140625,360.94000244140625,361.8999938964844,5575,0.0,0.0,0.0
2024-07-26 14:45:00-04:00,361.79998779296875,361.8699951171875,361.489990234375,361.739990234375,5514,0.0,0.0,0.0
2024-07-26 14:50:00-04:00,361.7799987792969,361.8584899902344,361.239990234375,361.2709045410156,6742,0.0,0.0,0.0
2024-07-26 14:55:00-04:00,361.18011474609375,361.5,361.0199890136719,361.1099853515625,7845,0.0,0.0,0.0
2024-07-26 15:00:00-04:00,361.15948486328125,361.15948486328125,360.8599853515625,360.92999267578125,5031,0.0,0.0,0.0
2024-07-26 15:05:00-04:00,360.9551086425781,361.3699951171875,360.79998779296875,361.32000732421875,8683,0.0,0.0,0.0
2024-07-26 15:10:00-04:00,361.239990234375,361.55999755859375,361.17999267578125,361.30999755859375,7655,0.0,0.0,0.0
2024-07-26 15:15:00-04:00,360.989990234375,361.3299865722656,360.82000732421875,361.06500244140625,11132,0.0,0.0,0.0
2024-07-26 15:20:00-04:00,361.1400146484375,361.7250061035156,361.1400146484375,361.6600036621094,7988,0.0,0.0,0.0
2024-07-26 15:25:00-04:00,361.798095703125,362.2099914550781,361.7300109863281,362.0596923828125,13585,0.0,0.0,0.0
2024-07-26 15:30:00-04:00,362.05999755859375,362.05999755859375,360.55999755859375,360.5799865722656,12507,0.0,0.0,0.0
2024-07-26 15:35:00-04:00,360.7499084472656,361.1600036621094,360.635009765625,361.07000732421875,19167,0.0,0.0,0.0
2024-07-26 15:40:00-04:00,361.1400146484375,361.92999267578125,361.12420654296875,361.92999267578125,10467,0.0,0.0,0.0
2024-07-26 15:45:00-04:00,361.8500061035156,362.03009033203125,361.6700134277344,361.8699951171875,6118,0.0,0.0,0.0
2024-07-26 15:50:00-04:00,361.92999267578125,362.0899963378906,360.82000732421875,360.8399963378906,21343,0.0,0.0,0.0
2024-07-26 15:55:00-04:00,360.9049987792969,361.8900146484375,360.510009765625,361.739990234375,22439,0.0,0.0,0.0
2024-07-29 09:30:00-04:00,364.0400085449219,364.0400085449219,362.5799865722656,363.2200012207031,99779,0.0,0.0,0.0
2024-07-29 09:35:00-04:00,363.5993957519531,364.3500061035156,363.19000244140625,364.25,13630,0.0,0.0,0.0
2024-07-29 09:40:00-04:00,364.260009765625,364.8771057128906,363.760009765625,364.7799987792969,14863,0.0,0.0,0.0
2024-07-29 09:45:00-04:00,364.92999267578125,365.25,364.4700012207031,364.7340087890625,15861,0.0,0.0,0.0
2024-07-29 09:50:00-04:00,364.8699951171875,364.8900146484375,364.114990234375,364.5400085449219,11396,0.0,0.0,0.0
2024-07-29 09:55:00-04:00,364.6700134277344,365.260009765625,364.510009765625,365.260009765625,9364,0.0,0.0,0.0
2024-07-29 10:00:00-04:00,365.2900085449219,365.70001220703125,365.13739013671875,365.2699890136719,11521,0.0,0.0,0.0
2024-07-29 10:05:00-04:00,365.1737060546875,365.260009765625,364.3953857421875,364.3953857421875,13285,0.0,0.0,0.0
2024-07-29 10:10:00-04:00,364.2900085449219,364.39581298828125,363.4100036621094,363.57000732421875,10569,0.0,0.0,0.0
2024-07-29 10:15:00-04:00,363.5249938964844,364.05999755859375,363.3599853515625,363.9750061035156,5159,0.0,0.0,0.0
2024-07-29 10:20:00-04:00,364.0,364.70001220703125,364.0,364.5950012207031,7924,0.0,0.0,0.0
2024-07-29 10:25:00-04:00,364.510009765625,364.510009765625,363.9007873535156,364.20001220703125,9872,0.0,0.0,0.0
2024-07-29 10:30:00-04:00,364.29998779296875,364.29998779296875,363.4949951171875,363.6300048828125,7396,0.0,0.0,0.0
2024-07-29 10:35:00-04:00,363.7789001464844,364.2200012207031,363.7789001464844,364.0199890136719,17684,0.0,0.0,0.0
2024-07-29 10:40:00-04:00,364.5199890136719,364.5398864746094,364.306396484375,364.3200988769531,8798,0.0,0.0,0.0
2024-07-29 10:45:00-04:00,364.20001220703125,364.5899963378906,363.6499938964844,363.6499938964844,5623,0.0,0.0,0.0
2024-07-29 10:50:00-04:00,363.62249755859375,363.73968505859375,363.2701110839844,363.42889404296875,7306,0.0,0.0,0.0
2024-07-29 10:55:00-04:00,363.17999267578125,363.3399963378906,362.94000244140625,362.94000244140625,16406,0.0,0.0,0.0
2024-07-29 11:00:00-04:00,362.80999755859375,362.80999755859375,362.5299987792969,362.7650146484375,4495,0.0,0.0,0.0
2024-07-29 11:05:00-04:00,362.8699951171875,362.95989990234375,362.25,362.30999755859375,5882,0.0,0.0,0.0
2024-07-29 11:10:00-04:00,362.0450134277344,362.2251892089844,361.784912109375,362.1322937011719,10100,0.0,0.0,0.0
2024-07-29 11:15:00-04:00,361.9963073730469,362.1099853515625,361.7200012207031,361.875,5119,0.0,0.0,0.0
2024-07-29 11:20:00-04:00,361.8699951171875,362.0194091796875,361.70001220703125,361.8900146484375,8981,0.0,0.0,0.0
2024-07-29 11:25:00-04:00,361.92999267578125,362.3999938964844,361.92999267578125,362.3999938964844,4643,0.0,0.0,0.0
2024-07-29 11:30:00-04:00,362.1499938964844,362.1499938964844,361.19500732421875,361.2699890136719,12582,0.0,0.0,0.0
2024-07-29 11:35:00-04:00,361.45001220703125,361.9599914550781,361.42999267578125,361.8127136230469,11857,0.0,0.0,0.0
2024-07-29 11:40:00-04:00,361.7550048828125,362.1370849609375,361.7550048828125,362.1250915527344,8805,0.0,0.0,0.0
2024-07-29 11:45:00-04:00,362.0899963378906,363.12701416015625,362.0899963378906,363.0400085449219,13241,0.0,0.0,0.0
2024-07-29 11:50:00-04:00,363.035888671875,363.3819885253906,363.035888671875,363.2489929199219,4764,0.0,0.0,0.0
2024-07-29 11:55:00-04:00,363.4079895019531,363.8399963378906,363.4079895019531,363.67510986328125,5994,0.0,0.0,0.0
2024-07-29 12:00:00-04:00,363.7900085449219,364.0199890136719,363.7409973144531,364.0199890136719,4855,0.0,0.0,0.0
2024-07-29 12:05:00-04:00,364.34991455078125,364.3500061035156,364.0899963378906,364.3399963378906,4864,0.0,0.0,0.0
2024-07-29 12:10:00-04:00,364.3299865722656,364.5400085449219,364.25,364.5400085449219,3281,0.0,0.0,0.0
2024-07-29 12:15:00-04:00,364.510009765625,364.82708740234375,364.3599853515625,364.7200012207031,5200,0.0,0.0,0.0
2024-07-29 12:20:00-04:00,364.8599853515625,364.9049987792969,364.7300109863281,364.8399963378906,7940,0.0,0.0,0.0
2024-07-29 12:25:00-04:00,364.54998779296875,364.60931396484375,364.2349853515625,364.2900085449219,6383,0.0,0.0,0.0
2024-07-29 12:30:00-04:00,364.239990234375,364.6549987792969,364.239990234375,364.3999938964844,4854,0.0,0.0,0.0
2024-07-29 12:35:00-04:00,364.6199951171875,364.6950988769531,364.4383850097656,364.67999267578125,6943,0.0,0.0,0.0
2024-07-29 12:40:00-04:00,364.69500732421875,364.9599914550781,364.5199890136719,364.6600036621094,4139,0.0,0.0,0.0
2024-07-29 12:45:00-04:00,364.57000732421875,364.90679931640625,364.57000732421875,364.760009765625,2464,0.0,0.0,0.0
2024-07-29 12:50:00-04:00,364.7799987792969,364.8055114746094,364.30999755859375,364.8055114746094,3806,0.0,0.0,0.0
2024-07-29 12:55:00-04:00,364.8999938964844,364.8999938964844,364.4200134277344,364.4200134277344,3609,0.0,0.0,0.0
2024-07-29 13:00:00-04:00,364.3999938964844,364.60699462890625,364.3999938964844,364.510009765625,3363,0.0,0.0,0.0
2024-07-29 13:05:00-04:00,364.51580810546875,364.7340087890625,364.489990234375,364.54998779296875,4181,0.0,0.0,0.0
2024-07-29 13:10:00-04:00,364.6600036621094,365.1400146484375,364.6600036621094,364.8500061035156,9144,0.0,0.0,0.0
2024-07-29 13:15:00-04:00,364.4800109863281,364.806396484375,364.4164123535156,364.806396484375,3755,0.0,0.0,0.0
2024-07-29 13:20:00-04:00,364.6046142578125,364.6046142578125,364.2650146484375,364.30499267578125,4517,0.0,0.0,0.0
2024-07-29 13:25:00-04:00,364.2699890136719,364.2699890136719,363.54998779296875,363.54998779296875,6687,0.0,0.0,0.0
2024-07-29 13:30:00-04:00,363.3999938964844,363.7861022949219,363.3299865722656,363.69000244140625,6431,0.0,0.0,0.0
2024-07-29 13:35:00-04:00,363.69580078125,364.1155090332031,363.69580078125,364.1155090332031,6852,0.0,0.0,0.0
2024-07-29 13:40:00-04:00,364.27099609375,364.27099609375,363.7300109863281,363.7300109863281,8279,0.0,0.0,0.0
2024-07-29 13:45:00-04:00,363.71160888671875,363.92498779296875,363.71160888671875,363.82000732421875,3982,0.0,0.0,0.0
2024-07-29 13:50:00-04:00,363.6400146484375,363.96990966796875,363.6000061035156,363.6499938964844,6724,0.0,0.0,0.0
2024-07-29 13:55:00-04:00,363.625,363.760009765625,363.465087890625,363.465087890625,3911,0.0,0.0,0.0
2024-07-29 14:00:00-04:00,363.406494140625,363.406494140625,363.0003967285156,363.0400085449219,4550,0.0,0.0,0.0
2024-07-29 14:05:00-04:00,363.30499267578125,363.30999755859375,362.864990234375,362.9342041015625,12872,0.0,0.0,0.0
2024-07-29 14:10:00-04:00,363.04998779296875,363.2850036621094,363.04998779296875,363.2200012207031,4472,0.0,0.0,0.0
2024-07-29 14:15:00-04:00,363.19000244140625,363.29998779296875,362.8699951171875,363.29998779296875,11841,0.0,0.0,0.0
2024-07-29 14:20:00-04:00,363.1600036621094,363.25,362.9200134277344,362.9200134277344,16343,0.0,0.0,0.0
2024-07-29 14:25:00-04:00,363.0347900390625,363.0860900878906,362.8900146484375,362.8999938964844,9182,0.0,0.0,0.0
2024-07-29 14:30:00-04:00,362.8399963378906,362.8999938964844,362.5,362.5,4114,0.0,0.0,0.0
2024-07-29 14:35:00-04:00,362.61041259765625,362.8575134277344,362.4100036621094,362.4100036621094,11878,0.0,0.0,0.0
2024-07-29 14:40:00-04:00,362.42999267578125,362.9649963378906,362.42999267578125,362.7099914550781,4998,0.0,0.0,0.0
2024-07-29 14:45:00-04:00,362.7843933105469,362.7843933105469,362.3500061035156,362.55999755859375,12008,0.0,0.0,0.0
2024-07-29 14:50:00-04:00,362.5,362.5799865722656,362.32000732421875,362.3999938964844,4728,0.0,0.0,0.0
2024-07-29 14:55:00-04:00,362.5751037597656,363.05999755859375,362.5400085449219,362.99359130859375,3698,0.0,0.0,0.0
2024-07-29 15:00:00-04:00,362.95001220703125,363.2182922363281,362.7200012207031,363.2182922363281,8311,0.0,0.0,0.0
2024-07-29 15:05:00-04:00,363.239990234375,363.3380126953125,362.92999267578125,362.9400939941406,14242,0.0,0.0,0.0
2024-07-29 15:10:00-04:00,363.010009765625,363.239990234375,363.010009765625,363.17999267578125,6574,0.0,0.0,0.0
2024-07-29 15:15:00-04:00,363.0799865722656,363.1499938964844,362.7900085449219,363.0799865722656,9454,0.0,0.0,0.0
2024-07-29 15:20:00-04:00,363.0450134277344,363.389892578125,362.9200134277344,363.31500244140625,7517,0.0,0.0,0.0
2024-07-29 15:25:00-04:00,363.3399963378906,363.4068908691406,363.07000732421875,363.2799987792969,10231,0.0,0.0,0.0
2024-07-29 15:30:00-04:00,363.3500061035156,363.5,363.20001220703125,363.5,51596,0.0,0.0,0.0
2024-07-29 15:35:00-04:00,363.41571044921875,363.6600036621094,363.3900146484375,363.5299987792969,8823,0.0,0.0,0.0
2024-07-29 15:40:00-04:00,363.6007995605469,363.7200012207031,363.55999755859375,363.6199951171875,7187,0.0,0.0,0.0
2024-07-29 15:45:00-04:00,363.6099853515625,363.7200012207031,363.2101135253906,363.2799987792969,14669,0.0,0.0,0.0
2024-07-29 15:50:00-04:00,363.3699951171875,363.4599914550781,362.95001220703125,362.9800109863281,12944,0.0,0.0,0.0
2024-07-29 15:55:00-04:00,363.1099853515625,363.1099853515625,362.510009765625,362.67999267578125,14277,0.0,0.0,0.0
2024-07-30 09:30:00-04:00,363.8500061035156,364.19000244140625,363.6099853515625,363.864990234375,50292,0.0,0.0,0.0
2024-07-30 09:35:00-04:00,364.1300048828125,364.4100036621094,364.0299987792969,364.3599853515625,8540,0.0,0.0,0.0
2024-07-30 09:40:00-04:00,364.3800048828125,364.80499267578125,363.82000732421875,363.8500061035156,7371,0.0,0.0,0.0
2024-07-30 09:45:00-04:00,363.6199951171875,363.7200012207031,363.19500732421875,363.4695129394531,8457,0.0,0.0,0.0
2024-07-30 09:50:00-04:00,363.17498779296875,363.3699951171875,362.80999755859375,362.80999755859375,6554,0.0,0.0,0.0
2024-07-30 09:55:00-04:00,362.92718505859375,363.1449890136719,362.5801086425781,362.9659118652344,7527,0.0,0.0,0.0
2024-07-30 10:00:00-04:00,362.739990234375,363.04998779296875,361.82000732421875,362.0,10394,0.0,0.0,0.0
2024-07-30 10:05:00-04:00,362.55499267578125,363.17999267578125,362.55499267578125,363.0101013183594,5501,0.0,0.0,0.0
2024-07-30 10:10:00-04:00,362.82000732421875,363.04998779296875,362.57598876953125,363.04998779296875,5968,0.0,0.0,0.0
2024-07-30 10:15:00-04:00,363.04998779296875,363.43719482421875,362.68121337890625,362.80999755859375,8473,0.0,0.0,0.0
2024-07-30 10:20:00-04:00,362.70001220703125,362.70001220703125,362.30999755859375,362.5299987792969,3718,0.0,0.0,0.0
2024-07-30 10:25:00-04:00,362.431396484375,362.431396484375,362.0799865722656,362.0799865722656,5285,0.0,0.0,0.0
2024-07-30 10:30:00-04:00,362.0,362.2300109863281,361.489990234375,361.5299987792969,13255,0.0,0.0,0.0
2024-07-30 10:35:00-04:00,361.6300048828125,361.6300048828125,360.9100036621094,361.3299865722656,179246,0.0,0.0,0.0
2024-07-30 10:40:00-04:00,361.4800109863281,361.53009033203125,361.07000732421875,361.2300109863281,4932,0.0,0.0,0.0
2024-07-30 10:45:00-04:00,361.3500061035156,361.9100036621094,361.2601013183594,361.31500244140625,11239,0.0,0.0,0.0
2024-07-30 10:50:00-04:00,361.67999267578125,361.67999267578125,361.0360107421875,361.2900085449219,7045,0.0,0.0,0.0
2024-07-30 10:55:00-04:00,361.4800109863281,361.4800109863281,360.7699890136719,360.7699890136719,4411,0.0,0.0,0.0
2024-07-30 11:00:00-04:00,360.885009765625,360.90380859375,359.159912109375,359.17498779296875,11732,0.0,0.0,0.0
2024-07-30 11:05:00-04:00,358.8599853515625,358.8699951171875,358.3500061035156,358.6549987792969,6418,0.0,0.0,0.0
2024-07-30 11:10:00-04:00,358.7149963378906,359.3399963378906,358.5249938964844,358.7300109863281,6220,0.0,0.0,0.0
2024-07-30 11:15:00-04:00,358.80499267578125,359.2699890136719,358.6449890136719,359.2699890136719,10356,0.0,0.0,0.0
2024-07-30 11:20:00-04:00,359.19000244140625,359.4100036621094,358.9200134277344,359.05499267578125,17414,0.0,0.0,0.0
2024-07-30 11:25:00-04:00,359.3349914550781,359.5199890136719,359.2650146484375,359.30999755859375,6704,0.0,0.0,0.0
2024-07-30 11:30:00-04:00,359.53839111328125,359.53839111328125,358.8800048828125,358.90509033203125,5473,0.0,0.0,0.0
2024-07-30 11:35:00-04:00,358.8599853515625,358.9599914550781,357.65008544921875,357.7591857910156,8264,0.0,0.0,0.0
2024-07-30 11:40:00-04:00,357.82000732421875,357.8599853515625,357.3299865722656,357.6600036621094,5284,0.0,0.0,0.0
2024-07-30 11:45:00-04:00,357.6300048828125,357.8299865722656,357.3500061035156,357.69000244140625,8758,0.0,0.0,0.0
2024-07-30 11:50:00-04:00,357.67999267578125,357.760009765625,357.42999267578125,357.760009765625,4939,0.0,0.0,0.0
2024-07-30 11:55:00-04:00,357.760009765625,357.760009765625,357.3399963378906,357.3456115722656,14586,0.0,0.0,0.0
2024-07-30 12:00:00-04:00,357.4599914550781,357.77508544921875,357.3800048828125,357.55999755859375,5197,0.0,0.0,0.0
2024-07-30 12:05:00-04:00,357.57000732421875,358.2143859863281,357.5199890136719,358.1050109863281,5423,0.0,0.0,0.0
2024-07-30 12:10:00-04:00,358.2315979003906,358.2315979003906,357.7149963378906,357.9200134277344,7164,0.0,0.0,0.0
2024-07-30 12:15:00-04:00,357.9200134277344,358.0,357.6600036621094,357.8699951171875,14302,0.0,0.0,0.0
2024-07-30 12:20:00-04:00,357.760009765625,357.7699890136719,357.1000061035156,357.10009765625,62446,0.0,0.0,0.0
2024-07-30 12:25:00-04:00,357.29998779296875,357.7099914550781,357.1099853515625,357.7099914550781,6337,0.0,0.0,0.0
2024-07-30 12:30:00-04:00,357.510009765625,357.510009765625,357.1449890136719,357.239990234375,8763,0.0,0.0,0.0
2024-07-30 12:35:00-04:00,357.239990234375,357.7650146484375,357.0,357.67041015625,8702,0.0,0.0,0.0
2024-07-30 12:40:00-04:00,357.7149963378906,357.7998962402344,357.4200134277344,357.42498779296875,6566,0.0,0.0,0.0
2024-07-30 12:45:00-04:00,357.43011474609375,357.43011474609375,356.8500061035156,357.1300048828125,9782,0.0,0.0,0.0
2024-07-30 12:50:00-04:00,357.0,357.0201110839844,355.8565979003906,355.8699951171875,25080,0.0,0.0,0.0
2024-07-30 12:55:00-04:00,355.885009765625,355.9825134277344,355.3999938964844,355.44000244140625,21497,0.0,0.0,0.0
2024-07-30 13:00:00-04:00,355.3900146484375,355.760009765625,355.1099853515625,355.6400146484375,8625,0.0,0.0,0.0
2024-07-30 13:05:00-04:00,355.6199951171875,356.30999755859375,355.6199951171875,356.2900085449219,6743,0.0,0.0,0.0
2024-07-30 13:10:00-04:00,356.4599914550781,356.7300109863281,356.24468994140625,356.69000244140625,5344,0.0,0.0,0.0
2024-07-30 13:15:00-04:00,356.7699890136719,356.90008544921875,356.5199890136719,356.8349914550781,8577,0.0,0.0,0.0
2024-07-30 13:20:00-04:00,356.95489501953125,357.1300048828125,356.8247985839844,356.9198913574219,6018,0.0,0.0,0.0
2024-07-30 13:25:00-04:00,356.8810119628906,357.2799987792969,356.69000244140625,357.2799987792969,6854,0.0,0.0,0.0
2024-07-30 13:30:00-04:00,357.25,357.3399963378906,356.9700012207031,357.3399963378906,14976,0.0,0.0,0.0
2024-07-30 13:35:00-04:00,357.2650146484375,358.010009765625,357.17999267578125,357.81500244140625,21912,0.0,0.0,0.0
2024-07-30 13:40:00-04:00,357.82000732421875,357.9100036621094,357.552490234375,357.9100036621094,9489,0.0,0.0,0.0
2024-07-30 13:45:00-04:00,357.9800109863281,358.0899963378906,357.739990234375,358.04998779296875,5888,0.0,0.0,0.0
2024-07-30 13:50:00-04:00,358.1300048828125,358.1300048828125,357.7300109863281,357.7300109863281,5739,0.0,0.0,0.0
2024-07-30 13:55:00-04:00,357.84600830078125,357.989990234375,357.7200012207031,357.9461975097656,10692,0.0,0.0,0.0
2024-07-30 14:00:00-04:00,357.9800109863281,358.1400146484375,357.67999267578125,357.8212890625,62886,0.0,0.0,0.0
2024-07-30 14:05:00-04:00,357.8450927734375,358.17919921875,357.8450927734375,358.1650085449219,5459,0.0,0.0,0.0
2024-07-30 14:10:00-04:00,358.2698974609375,358.5675048828125,358.239990234375,358.489990234375,8325,0.0,0.0,0.0
2024-07-30 14:15:00-04:00,358.5299987792969,359.0238952636719,358.510009765625,359.0,21050,0.0,0.0,0.0
2024-07-30 14:20:00-04:00,358.989990234375,359.2699890136719,358.69000244140625,358.9525146484375,11295,0.0,0.0,0.0
2024-07-30 14:25:00-04:00,359.1000061035156,359.1499938964844,358.3999938964844,358.68499755859375,11075,0.0,0.0,0.0
2024-07-30 14:30:00-04:00,358.7300109863281,358.7300109863281,358.45001220703125,358.6000061035156,6967,0.0,0.0,0.0
2024-07-30 14:35:00-04:00,358.6099853515625,359.010009765625,358.5,358.7799987792969,6650,0.0,0.0,0.0
2024-07-30 14:40:00-04:00,358.8399963378906,358.8981018066406,358.6300048828125,358.739990234375,9272,0.0,0.0,0.0
2024-07-30 14:45:00-04:00,358.7900085449219,358.8349914550781,357.9800109863281,358.1199951171875,8440,0.0,0.0,0.0
2024-07-30 14:50:00-04:00,358.2250061035156,358.42498779296875,358.05999755859375,358.25,10119,0.0,0.0,0.0
2024-07-30 14:55:00-04:00,358.17999267578125,358.2699890136719,357.89581298828125,358.17999267578125,9898,0.0,0.0,0.0
2024-07-30 15:00:00-04:00,358.20001220703125,358.20001220703125,357.760009765625,358.0,12728,0.0,0.0,0.0
2024-07-30 15:05:00-04:00,357.92999267578125,358.2099914550781,357.8399963378906,357.8500061035156,9572,0.0,0.0,0.0
2024-07-30 15:10:00-04:00,357.7699890136719,358.1199951171875,357.6199951171875,357.67999267578125,9784,0.0,0.0,0.0
2024-07-30 15:15:00-04:00,357.67999267578125,358.25,357.67999267578125,358.17999267578125,11122,0.0,0.0,0.0
2024-07-30 15:20:00-04:00,358.25,358.3559875488281,358.0299987792969,358.3099060058594,9863,0.0,0.0,0.0
2024-07-30 15:25:00-04:00,357.9551086425781,358.489990234375,357.9549865722656,358.2200012207031,27418,0.0,0.0,0.0
2024-07-30 15:30:00-04:00,358.1600036621094,358.2300109863281,357.9800109863281,358.18780517578125,15012,0.0,0.0,0.0
2024-07-30 15:35:00-04:00,358.1300048828125,358.4100036621094,357.76800537109375,357.8900146484375,11096,0.0,0.0,0.0
2024-07-30 15:40:00-04:00,358.0199890136719,358.36041259765625,357.69000244140625,358.31500244140625,11753,0.0,0.0,0.0
2024-07-30 15:45:00-04:00,358.4100036621094,359.7814025878906,358.2250061035156,359.6499938964844,10040,0.0,0.0,0.0
2024-07-30 15:50:00-04:00,359.6199951171875,359.6300048828125,358.8599853515625,359.15478515625,14534,0.0,0.0,0.0
2024-07-30 15:55:00-04:00,359.04998779296875,359.5199890136719,358.239990234375,358.3900146484375,29901,0.0,0.0,0.0
2024-07-31 09:30:00-04:00,365.8500061035156,365.8800048828125,364.3299865722656,364.3299865722656,50386,0.0,0.0,0.0
2024-07-31 09:35:00-04:00,364.55999755859375,365.3262023925781,364.55999755859375,365.239990234375,52165,0.0,0.0,0.0
2024-07-31 09:40:00-04:00,365.3599853515625,365.9599914550781,364.05999755859375,364.3599853515625,13948,0.0,0.0,0.0
2024-07-31 09:45:00-04:00,364.3994140625,365.0155944824219,364.1600036621094,364.92999267578125,6299,0.0,0.0,0.0
2024-07-31 09:50:00-04:00,364.760009765625,365.5249938964844,364.5889892578125,365.5249938964844,4775,0.0,0.0,0.0
2024-07-31 09:55:00-04:00,365.70001220703125,366.0400085449219,365.3599853515625,365.7900085449219,6798,0.0,0.0,0.0
2024-07-31 10:00:00-04:00,365.9800109863281,366.3450012207031,365.55999755859375,366.05999755859375,8042,0.0,0.0,0.0
2024-07-31 10:05:00-04:00,366.1000061035156,366.74969482421875,366.1000061035156,366.6600036621094,13321,0.0,0.0,0.0
2024-07-31 10:10:00-04:00,366.739990234375,366.739990234375,366.03009033203125,366.1400146484375,6140,0.0,0.0,0.0
2024-07-31 10:15:00-04:00,366.0801086425781,367.0,366.0799865722656,366.9949951171875,9568,0.0,0.0,0.0
2024-07-31 10:20:00-04:00,367.0299987792969,367.08880615234375,366.489990234375,366.57000732421875,10074,0.0,0.0,0.0
2024-07-31 10:25:00-04:00,366.489990234375,366.67498779296875,366.2381896972656,366.39300537109375,12335,0.0,0.0,0.0
2024-07-31 10:30:00-04:00,366.4411926269531,367.2200012207031,366.4411926269531,366.989990234375,5201,0.0,0.0,0.0
2024-07-31 10:35:00-04:00,367.19000244140625,367.6099853515625,367.19000244140625,367.50970458984375,8545,0.0,0.0,0.0
2024-07-31 10:40:00-04:00,367.25,367.25,366.6000061035156,366.6099853515625,6721,0.0,0.0,0.0
2024-07-31 10:45:00-04:00,366.6099853515625,366.989013671875,366.5249938964844,366.5982971191406,11753,0.0,0.0,0.0
2024-07-31 10:50:00-04:00,366.3900146484375,366.3900146484375,365.6665954589844,365.7900085449219,6777,0.0,0.0,0.0
2024-07-31 10:55:00-04:00,366.0299987792969,366.489990234375,365.7734069824219,366.39599609375,8645,0.0,0.0,0.0
2024-07-31 11:00:00-04:00,366.5,366.5899963378906,366.3500061035156,366.5450134277344,3991,0.0,0.0,0.0
2024-07-31 11:05:00-04:00,366.57501220703125,366.760009765625,366.5685119628906,366.69000244140625,5621,0.0,0.0,0.0
2024-07-31 11:10:00-04:00,366.75,366.8399963378906,366.48870849609375,366.8399963378906,5493,0.0,0.0,0.0
2024-07-31 11:15:00-04:00,366.9989929199219,367.0199890136719,366.73388671875,366.92999267578125,4865,0.0,0.0,0.0
2024-07-31 11:20:00-04:00,366.8900146484375,366.9281921386719,366.489990234375,366.6336975097656,6656,0.0,0.0,0.0
2024-07-31 11:25:00-04:00,366.7799987792969,367.135009765625,366.7799987792969,367.090087890625,4222,0.0,0.0,0.0
2024-07-31 11:30:00-04:00,367.21099853515625,367.6698913574219,367.17999267578125,367.57598876953125,19826,0.0,0.0,0.0
2024-07-31 11:35:00-04:00,367.5199890136719,367.5199890136719,367.0899963378906,367.2449951171875,10475,0.0,0.0,0.0
2024-07-31 11:40:00-04:00,367.135009765625,367.3900146484375,367.0799865722656,367.197998046875,5166,0.0,0.0,0.0
2024-07-31 11:45:00-04:00,367.11590576171875,367.18499755859375,367.0199890136719,367.1700134277344,3732,0.0,0.0,0.0
2024-07-31 11:50:00-04:00,367.0,367.0,366.75,366.8275146484375,6526,0.0,0.0,0.0
2024-07-31 11:55:00-04:00,366.6780090332031,366.7900085449219,366.3999938964844,366.6300048828125,8967,0.0,0.0,0.0
2024-07-31 12:00:00-04:00,366.6099853515625,366.989990234375,366.6000061035156,366.8232116699219,5525,0.0,0.0,0.0
2024-07-31 12:05:00-04:00,366.6300048828125,366.67498779296875,366.3800048828125,366.6000061035156,4035,0.0,0.0,0.0
2024-07-31 12:10:00-04:00,366.5700988769531,367.0299987792969,366.5700988769531,367.0198974609375,5550,0.0,0.0,0.0
2024-07-31 12:15:00-04:00,366.9801025390625,366.989990234375,366.8299865722656,366.8299865722656,4050,0.0,0.0,0.0
2024-07-31 12:20:00-04:00,366.9100036621094,366.9100036621094,366.7337951660156,366.8500061035156,3456,0.0,0.0,0.0
2024-07-31 12:25:00-04:00,366.6199951171875,366.6199951171875,366.1679992675781,366.3599853515625,6997,0.0,0.0,0.0
2024-07-31 12:30:00-04:00,366.17999267578125,366.3500061035156,366.0400085449219,366.3500061035156,3908,0.0,0.0,0.0
2024-07-31 12:35:00-04:00,366.260009765625,366.260009765625,365.92999267578125,365.92999267578125,5136,0.0,0.0,0.0
2024-07-31 12:40:00-04:00,366.0899963378906,366.1700134277344,365.86859130859375,366.1700134277344,5355,0.0,0.0,0.0
2024-07-31 12:45:00-04:00,366.1300048828125,366.3868103027344,366.1300048828125,366.3868103027344,3338,0.0,0.0,0.0
2024-07-31 12:50:00-04:00,366.3399963378906,366.3399963378906,366.0299987792969,366.0299987792969,3675,0.0,0.0,0.0
2024-07-31 12:55:00-04:00,366.1000061035156,366.1499938964844,365.8999938964844,365.8999938964844,14991,0.0,0.0,0.0
2024-07-31 13:00:00-04:00,366.0299987792969,366.385009765625,366.0299987792969,366.3500061035156,16550,0.0,0.0,0.0
2024-07-31 13:05:00-04:00,366.42498779296875,366.6700134277344,366.4198913574219,366.5,8674,0.0,0.0,0.0
2024-07-31 13:10:00-04:00,366.440185546875,366.7799987792969,366.40899658203125,366.7799987792969,10810,0.0,0.0,0.0
2024-07-31 13:15:00-04:00,366.79998779296875,366.8550109863281,366.5799865722656,366.783203125,5558,0.0,0.0,0.0
2024-07-31 13:20:00-04:00,366.79998779296875,366.8699951171875,366.4700012207031,366.4700012207031,8786,0.0,0.0,0.0
2024-07-31 13:25:00-04:00,366.44000244140625,366.4800109863281,366.04998779296875,366.04998779296875,5041,0.0,0.0,0.0
2024-07-31 13:30:00-04:00,365.6000061035156,365.6549987792969,365.1700134277344,365.1700134277344,4564,0.0,0.0,0.0
2024-07-31 13:35:00-04:00,365.489990234375,365.5849914550781,365.39080810546875,365.57501220703125,3600,0.0,0.0,0.0
2024-07-31 13:40:00-04:00,365.6072082519531,365.6527099609375,364.8638000488281,365.5498962402344,5069,0.0,0.0,0.0
2024-07-31 13:45:00-04:00,365.4551086425781,366.0199890136719,365.4551086425781,366.0141906738281,4693,0.0,0.0,0.0
2024-07-31 13:50:00-04:00,366.06988525390625,366.3999938964844,366.06988525390625,366.3327941894531,4071,0.0,0.0,0.0
2024-07-31 13:55:00-04:00,366.4649963378906,366.4649963378906,365.9599914550781,366.0,14071,0.0,0.0,0.0
2024-07-31 14:00:00-04:00,366.1600036621094,366.1600036621094,365.70001220703125,366.1600036621094,5369,0.0,0.0,0.0
2024-07-31 14:05:00-04:00,366.1400146484375,366.83990478515625,366.1300048828125,366.3192138671875,8687,0.0,0.0,0.0
2024-07-31 14:10:00-04:00,366.3699951171875,366.6701965332031,366.2139892578125,366.6495056152344,6361,0.0,0.0,0.0
2024-07-31 14:15:00-04:00,366.6099853515625,366.8992919921875,366.57000732421875,366.8699951171875,7989,0.0,0.0,0.0
2024-07-31 14:20:00-04:00,366.8870849609375,367.0,366.6300048828125,366.989990234375,8783,0.0,0.0,0.0
2024-07-31 14:25:00-04:00,366.79998779296875,367.0050048828125,366.7349853515625,367.0050048828125,8689,0.0,0.0,0.0
2024-07-31 14:30:00-04:00,367.07000732421875,367.80999755859375,367.0315856933594,367.510009765625,12815,0.0,0.0,0.0
2024-07-31 14:35:00-04:00,367.4750061035156,367.4750061035156,366.590087890625,367.0350036621094,7335,0.0,0.0,0.0
2024-07-31 14:40:00-04:00,367.20001220703125,368.0,367.114990234375,368.0,5970,0.0,0.0,0.0
2024-07-31 14:45:00-04:00,367.760009765625,368.4800109863281,367.760009765625,368.44000244140625,4951,0.0,0.0,0.0
2024-07-31 14:50:00-04:00,368.6191101074219,368.6199951171875,368.29998779296875,368.5299987792969,6156,0.0,0.0,0.0
2024-07-31 14:55:00-04:00,368.4100036621094,368.5,368.0799865722656,368.4200134277344,11755,0.0,0.0,0.0
2024-07-31 15:00:00-04:00,368.4100036621094,368.78729248046875,367.9599914550781,367.9599914550781,25040,0.0,0.0,0.0
2024-07-31 15:05:00-04:00,367.956298828125,368.510009765625,367.956298828125,368.05999755859375,8715,0.0,0.0,0.0
2024-07-31 15:10:00-04:00,367.8900146484375,368.489990234375,367.8900146484375,368.010009765625,9393,0.0,0.0,0.0
2024-07-31 15:15:00-04:00,368.13739013671875,368.7054138183594,366.885009765625,367.0,17722,0.0,0.0,0.0
2024-07-31 15:20:00-04:00,366.94000244140625,367.79998779296875,366.7200012207031,366.7200012207031,23890,0.0,0.0,0.0
2024-07-31 15:25:00-04:00,366.5400085449219,366.80999755859375,365.7275085449219,366.0199890136719,13395,0.0,0.0,0.0
2024-07-31 15:30:00-04:00,366.0400085449219,366.8999938964844,365.760009765625,366.6600036621094,22479,0.0,0.0,0.0
2024-07-31 15:35:00-04:00,366.8349914550781,367.32000732421875,366.6795959472656,367.06500244140625,11587,0.0,0.0,0.0
2024-07-31 15:40:00-04:00,367.2200012207031,368.20001220703125,367.2049865722656,368.15008544921875,9185,0.0,0.0,0.0
2024-07-31 15:45:00-04:00,368.0199890136719,368.0596008300781,367.1376953125,367.2950134277344,14457,0.0,0.0,0.0
2024-07-31 15:50:00-04:00,367.2900085449219,367.7900085449219,366.260009765625,367.45001220703125,18757,0.0,0.0,0.0
2024-07-31 15:55:00-04:00,367.42999267578125,367.67498779296875,366.95001220703125,367.0899963378906,28952,0.0,0.0,0.0
2024-08-01 09:30:00-04:00,369.2799987792969,369.8399963378906,369.20001220703125,369.760009765625,73378,0.0,0.0,0.0
2024-08-01 09:35:00-04:00,369.760009765625,369.92999267578125,369.0,369.7900085449219,23904,0.0,0.0,0.0
2024-08-01 09:40:00-04:00,369.7799987792969,371.6400146484375,369.7799987792969,371.6400146484375,24574,0.0,0.0,0.0
2024-08-01 09:45:00-04:00,371.6888122558594,372.4014892578125,371.6400146484375,372.1816101074219,15086,0.0,0.0,0.0
2024-08-01 09:50:00-04:00,372.07000732421875,372.07000732421875,371.1400146484375,371.7799987792969,11960,0.0,0.0,0.0
2024-08-01 09:55:00-04:00,371.7300109863281,372.6680908203125,371.7300109863281,372.1400146484375,15312,0.0,0.0,0.0
2024-08-01 10:00:00-04:00,372.25,372.3599853515625,371.4200134277344,371.4599914550781,14216,0.0,0.0,0.0
2024-08-01 10:05:00-04:00,371.3900146484375,371.3900146484375,370.29998779296875,370.6000061035156,21966,0.0,0.0,0.0
2024-08-01 10:10:00-04:00,370.6700134277344,371.3900146484375,370.5249938964844,370.87249755859375,13296,0.0,0.0,0.0
2024-08-01 10:15:00-04:00,370.75,370.85931396484375,369.8666076660156,370.00250244140625,20106,0.0,0.0,0.0
2024-08-01 10:20:00-04:00,370.0199890136719,370.1300048828125,368.69500732421875,369.260009765625,8199,0.0,0.0,0.0
2024-08-01 10:25:00-04:00,369.54998779296875,369.54998779296875,368.3240051269531,368.3240051269531,9086,0.0,0.0,0.0
2024-08-01 10:30:00-04:00,368.260009765625,368.7207946777344,367.6099853515625,368.4722900390625,10855,0.0,0.0,0.0
2024-08-01 10:35:00-04:00,368.010009765625,368.4800109863281,367.5,368.0199890136719,19589,0.0,0.0,0.0
2024-08-01 10:40:00-04:00,368.1000061035156,368.2300109863281,367.1300048828125,367.260009765625,13056,0.0,0.0,0.0
2024-08-01 10:45:00-04:00,367.1700134277344,367.1700134277344,365.92010498046875,365.92010498046875,16203,0.0,0.0,0.0
2024-08-01 10:50:00-04:00,366.27020263671875,367.0799865722656,366.27020263671875,366.80999755859375,21373,0.0,0.0,0.0
2024-08-01 10:55:00-04:00,366.510009765625,367.0450134277344,366.2349853515625,366.2349853515625,16401,0.0,0.0,0.0
2024-08-01 11:00:00-04:00,366.17999267578125,366.32000732421875,364.94000244140625,365.0299987792969,15216,0.0,0.0,0.0
2024-08-01 11:05:00-04:00,365.0299987792969,365.2489929199219,364.67999267578125,364.9800109863281,11006,0.0,0.0,0.0
2024-08-01 11:10:00-04:00,364.7401123046875,365.4100036621094,364.7401123046875,365.4100036621094,12156,0.0,0.0,0.0
2024-08-01 11:15:00-04:00,365.2699890136719,365.82000732421875,365.239990234375,365.5271911621094,18211,0.0,0.0,0.0
2024-08-01 11:20:00-04:00,365.7200012207031,365.7950134277344,364.8699951171875,365.32501220703125,11620,0.0,0.0,0.0
2024-08-01 11:25:00-04:00,365.3399963378906,365.510009765625,364.84759521484375,364.93438720703125,4519,0.0,0.0,0.0
2024-08-01 11:30:00-04:00,364.5,365.1499938964844,364.3763122558594,364.3763122558594,7783,0.0,0.0,0.0
2024-08-01 11:35:00-04:00,364.3869934082031,364.4090881347656,364.10479736328125,364.1300048828125,5835,0.0,0.0,0.0
2024-08-01 11:40:00-04:00,364.0899963378906,364.0899963378906,363.002197265625,363.1199951171875,16104,0.0,0.0,0.0
2024-08-01 11:45:00-04:00,363.0199890136719,363.19000244140625,362.8699951171875,363.1600036621094,10281,0.0,0.0,0.0
2024-08-01 11:50:00-04:00,363.1471862792969,363.8599853515625,363.1199951171875,363.42999267578125,5308,0.0,0.0,0.0
2024-08-01 11:55:00-04:00,363.5150146484375,363.9649963378906,363.30841064453125,363.30841064453125,7583,0.0,0.0,0.0
2024-08-01 12:00:00-04:00,363.2799987792969,364.0400085449219,363.2799987792969,363.993896484375,6436,0.0,0.0,0.0
2024-08-01 12:05:00-04:00,363.8999938964844,364.66070556640625,363.8999938964844,364.3599853515625,9261,0.0,0.0,0.0
2024-08-01 12:10:00-04:00,364.3599853515625,364.5,364.135986328125,364.5,5885,0.0,0.0,0.0
2024-08-01 12:15:00-04:00,364.7381896972656,364.7727966308594,363.9100036621094,363.9100036621094,40013,0.0,0.0,0.0
2024-08-01 12:20:00-04:00,364.010009765625,364.010009765625,363.0199890136719,363.0199890136719,20178,0.0,0.0,0.0
2024-08-01 12:25:00-04:00,362.98748779296875,363.3800048828125,362.81500244140625,363.32501220703125,20229,0.0,0.0,0.0
2024-08-01 12:30:00-04:00,363.1260986328125,363.2449951171875,362.9100036621094,362.9100036621094,9094,0.0,0.0,0.0
2024-08-01 12:35:00-04:00,362.7149963378906,362.9599914550781,362.260009765625,362.27899169921875,4210,0.0,0.0,0.0
2024-08-01 12:40:00-04:00,362.17999267578125,362.3399963378906,361.7510986328125,362.260986328125,6029,0.0,0.0,0.0
2024-08-01 12:45:00-04:00,362.2300109863281,362.635009765625,362.2300109863281,362.57000732421875,8205,0.0,0.0,0.0
2024-08-01 12:50:00-04:00,362.3550109863281,362.3550109863281,361.80999755859375,362.32501220703125,7068,0.0,0.0,0.0
2024-08-01 12:55:00-04:00,362.3349914550781,362.57000732421875,362.1400146484375,362.2200012207031,5323,0.0,0.0,0.0
2024-08-01 13:00:00-04:00,362.1000061035156,362.42999267578125,361.95001220703125,362.30999755859375,14602,0.0,0.0,0.0
2024-08-01 13:05:00-04:00,361.989990234375,362.05499267578125,361.1600036621094,361.3900146484375,46351,0.0,0.0,0.0
2024-08-01 13:10:00-04:00,361.45001220703125,361.45001220703125,361.03350830078125,361.1199951171875,9154,0.0,0.0,0.0
2024-08-01 13:15:00-04:00,361.0758056640625,361.29998779296875,360.80999755859375,360.8450012207031,14394,0.0,0.0,0.0
2024-08-01 13:20:00-04:00,360.81500244140625,360.8399963378906,360.41009521484375,360.42169189453125,7353,0.0,0.0,0.0
2024-08-01 13:25:00-04:00,360.3900146484375,360.9385070800781,360.29998779296875,360.6117858886719,5449,0.0,0.0,0.0
2024-08-01 13:30:00-04:00,360.6000061035156,360.6650085449219,360.29998779296875,360.30999755859375,5541,0.0,0.0,0.0
2024-08-01 13:35:00-04:00,360.44000244140625,360.5338134765625,359.1700134277344,359.1700134277344,8255,0.0,0.0,0.0
2024-08-01 13:40:00-04:00,358.75,359.2900085449219,358.75,359.05169677734375,9096,0.0,0.0,0.0
2024-08-01 13:45:00-04:00,359.239990234375,359.4599914550781,358.8599853515625,359.04998779296875,6942,0.0,0.0,0.0
2024-08-01 13:50:00-04:00,358.9495849609375,360.05999755859375,358.79998779296875,360.0299987792969,38632,0.0,0.0,0.0
2024-08-01 13:55:00-04:00,360.0299987792969,360.80999755859375,359.5899963378906,360.79998779296875,7175,0.0,0.0,0.0
2024-08-01 14:00:00-04:00,360.7300109863281,361.0398864746094,360.1900939941406,360.1900939941406,11927,0.0,0.0,0.0
2024-08-01 14:05:00-04:00,360.04998779296875,360.268798828125,359.7200012207031,359.7200012207031,18514,0.0,0.0,0.0
2024-08-01 14:10:00-04:00,359.9100036621094,360.0299987792969,359.2799987792969,359.3500061035156,12618,0.0,0.0,0.0
2024-08-01 14:15:00-04:00,359.29998779296875,359.30499267578125,358.5799865722656,358.6099853515625,8446,0.0,0.0,0.0
2024-08-01 14:20:00-04:00,358.75,359.3599853515625,358.75,359.04998779296875,6368,0.0,0.0,0.0
2024-08-01 14:25:00-04:00,358.92999267578125,358.92999267578125,358.3299865722656,358.75,8831,0.0,0.0,0.0
2024-08-01 14:30:00-04:00,358.79998779296875,358.9150085449219,358.2200012207031,358.29998779296875,19760,0.0,0.0,0.0
2024-08-01 14:35:00-04:00,358.489990234375,358.8179931640625,358.42498779296875,358.7950134277344,10442,0.0,0.0,0.0
2024-08-01 14:40:00-04:00,359.20001220703125,359.2300109863281,358.4700012207031,358.57000732421875,6193,0.0,0.0,0.0
2024-08-01 14:45:00-04:00,358.510009765625,358.656005859375,358.089111328125,358.1000061035156,8399,0.0,0.0,0.0
2024-08-01 14:50:00-04:00,358.3900146484375,358.739990234375,358.2139892578125,358.2139892578125,8654,0.0,0.0,0.0
2024-08-01 14:55:00-04:00,358.231201171875,358.7900085449219,358.2200012207031,358.3900146484375,10945,0.0,0.0,0.0
2024-08-01 15:00:00-04:00,358.42999267578125,359.1199951171875,358.42498779296875,358.8699951171875,12740,0.0,0.0,0.0
2024-08-01 15:05:00-04:00,358.95001220703125,359.0299987792969,358.3949890136719,358.739990234375,10703,0.0,0.0,0.0
2024-08-01 15:10:00-04:00,358.8699035644531,359.55999755859375,358.6000061035156,359.20599365234375,12349,0.0,0.0,0.0
2024-08-01 15:15:00-04:00,359.1099853515625,359.55499267578125,358.79998779296875,359.489990234375,21126,0.0,0.0,0.0
2024-08-01 15:20:00-04:00,359.510009765625,359.80999755859375,359.07000732421875,359.6300048828125,23043,0.0,0.0,0.0
2024-08-01 15:25:00-04:00,359.6011962890625,359.9800109863281,359.43121337890625,359.5799865722656,9514,0.0,0.0,0.0
2024-08-01 15:30:00-04:00,359.9100036621094,360.47509765625,359.7200012207031,359.7200012207031,16684,0.0,0.0,0.0
2024-08-01 15:35:00-04:00,359.7799987792969,360.510009765625,359.7200012207031,360.489990234375,140011,0.0,0.0,0.0
2024-08-01 15:40:00-04:00,360.510009765625,360.5299072265625,359.3699951171875,359.739990234375,20799,0.0,0.0,0.0
2024-08-01 15:45:00-04:00,359.9985046386719,360.8999938964844,359.6499938964844,360.8999938964844,11374,0.0,0.0,0.0
2024-08-01 15:50:00-04:00,360.9700012207031,361.6300048828125,359.81500244140625,360.010009765625,34910,0.0,0.0,0.0
2024-08-01 15:55:00-04:00,360.0899963378906,361.19000244140625,360.0899963378906,361.17999267578125,39687,0.0,0.0,0.0
2024-08-02 09:30:00-04:00,354.0400085449219,354.5400085449219,352.931884765625,353.0,125947,0.0,0.0,0.0
2024-08-02 09:35:00-04:00,353.04010009765625,355.739990234375,353.04010009765625,355.739990234375,26484,0.0,0.0,0.0
2024-08-02 09:40:00-04:00,355.88800048828125,356.8500061035156,355.05999755859375,355.05999755859375,16918,0.0,0.0,0.0
2024-08-02 09:45:00-04:00,355.2850036621094,355.989990234375,353.7699890136719,354.2200012207031,19449,0.0,0.0,0.0
2024-08-02 09:50:00-04:00,354.5199890136719,354.7300109863281,353.2699890136719,353.6300048828125,21373,0.0,0.0,0.0
2024-08-02 09:55:00-04:00,353.7300109863281,354.3399963378906,352.80999755859375,353.20001220703125,31053,0.0,0.0,0.0
2024-08-02 10:00:00-04:00,353.5299987792969,354.0,352.7300109863281,352.81500244140625,24309,0.0,0.0,0.0
2024-08-02 10:05:00-04:00,352.5799865722656,352.5799865722656,350.43798828125,350.7699890136719,41251,0.0,0.0,0.0
2024-08-02 10:10:00-04:00,350.739990234375,350.739990234375,349.4100036621094,349.5299987792969,54850,0.0,0.0,0.0
2024-08-02 10:15:00-04:00,349.5899963378906,350.989990234375,349.5899963378906,350.1700134277344,21439,0.0,0.0,0.0
2024-08-02 10:20:00-04:00,350.3699951171875,350.8699951171875,350.07000732421875,350.6099853515625,24740,0.0,0.0,0.0
2024-08-02 10:25:00-04:00,350.7287902832031,351.9100036621094,350.6099853515625,351.4700012207031,17417,0.0,0.0,0.0
2024-08-02 10:30:00-04:00,351.3699951171875,352.260986328125,351.04998779296875,351.2724914550781,27658,0.0,0.0,0.0
2024-08-02 10:35:00-04:00,351.260009765625,351.2900085449219,350.3800048828125,350.5299987792969,14052,0.0,0.0,0.0
2024-08-02 10:40:00-04:00,350.3599853515625,351.2598876953125,350.02191162109375,350.9599914550781,17471,0.0,0.0,0.0
2024-08-02 10:45:00-04:00,350.9158020019531,352.8299865722656,350.9158020019531,352.70001220703125,13616,0.0,0.0,0.0
2024-08-02 10:50:00-04:00,352.82000732421875,352.9800109863281,351.5,351.590087890625,21958,0.0,0.0,0.0
2024-08-02 10:55:00-04:00,351.760009765625,351.9298095703125,350.8500061035156,350.9200134277344,18631,0.0,0.0,0.0
2024-08-02 11:00:00-04:00,350.94000244140625,351.448486328125,350.6700134277344,351.135009765625,30514,0.0,0.0,0.0
2024-08-02 11:05:00-04:00,351.2900085449219,351.4700012207031,350.8599853515625,351.4336853027344,13060,0.0,0.0,0.0
2024-08-02 11:10:00-04:00,351.1600036621094,352.2449951171875,351.093505859375,351.510009765625,13704,0.0,0.0,0.0
2024-08-02 11:15:00-04:00,351.5801086425781,351.8999938964844,351.1499938964844,351.32000732421875,10381,0.0,0.0,0.0
2024-08-02 11:20:00-04:00,351.0,352.1304931640625,350.81500244140625,352.1304931640625,10880,0.0,0.0,0.0
2024-08-02 11:25:00-04:00,352.1050109863281,352.32000732421875,351.3949890136719,351.70001220703125,10358,0.0,0.0,0.0
2024-08-02 11:30:00-04:00,351.8399963378906,352.7200012207031,351.6300048828125,352.5799865722656,22792,0.0,0.0,0.0
2024-08-02 11:35:00-04:00,352.6199951171875,353.81939697265625,352.5299987792969,353.2109069824219,11815,0.0,0.0,0.0
2024-08-02 11:40:00-04:00,353.2309875488281,354.4464111328125,353.2309875488281,354.44000244140625,17262,0.0,0.0,0.0
2024-08-02 11:45:00-04:00,354.2799987792969,354.5299987792969,353.52099609375,353.5899963378906,8871,0.0,0.0,0.0
2024-08-02 11:50:00-04:00,353.5480041503906,354.06500244140625,353.3033142089844,353.3800048828125,37565,0.0,0.0,0.0
2024-08-02 11:55:00-04:00,353.6498107910156,354.6094055175781,353.6300048828125,353.94000244140625,15820,0.0,0.0,0.0
2024-08-02 12:00:00-04:00,354.1600036621094,354.3900146484375,353.5899963378906,354.194091796875,8179,0.0,0.0,0.0
2024-08-02 12:05:00-04:00,354.06500244140625,354.5799865722656,353.42999267578125,353.42999267578125,4765,0.0,0.0,0.0
2024-08-02 12:10:00-04:00,353.4200134277344,353.4200134277344,352.7200012207031,352.95001220703125,8292,0.0,0.0,0.0
2024-08-02 12:15:00-04:00,353.0400085449219,353.6000061035156,352.8699951171875,353.5,6524,0.0,0.0,0.0
2024-08-02 12:20:00-04:00,354.0,354.5400085449219,353.9849853515625,354.0401916503906,6580,0.0,0.0,0.0
2024-08-02 12:25:00-04:00,354.17999267578125,354.3949890136719,353.9100036621094,354.2749938964844,7090,0.0,0.0,0.0
2024-08-02 12:30:00-04:00,353.9599914550781,354.30999755859375,353.57501220703125,353.9858093261719,8281,0.0,0.0,0.0
2024-08-02 12:35:00-04:00,353.9700012207031,354.0199890136719,353.54949951171875,353.9700012207031,24077,0.0,0.0,0.0
2024-08-02 12:40:00-04:00,353.91400146484375,354.80999755859375,353.91400146484375,354.1549987792969,6758,0.0,0.0,0.0
2024-08-02 12:45:00-04:00,354.3299865722656,354.3599853515625,353.4200134277344,353.4200134277344,15630,0.0,0.0,0.0
2024-08-02 12:50:00-04:00,353.3883972167969,353.3883972167969,352.6449890136719,352.760009765625,10002,0.0,0.0,0.0
2024-08-02 12:55:00-04:00,352.6297912597656,352.94000244140625,352.0700988769531,352.7850036621094,20257,0.0,0.0,0.0
2024-08-02 13:00:00-04:00,352.8699951171875,353.0,352.1300048828125,352.1300048828125,9072,0.0,0.0,0.0
2024-08-02 13:05:00-04:00,352.6700134277344,353.239990234375,352.6700134277344,353.0899963378906,13801,0.0,0.0,0.0
2024-08-02 13:10:00-04:00,352.8420104980469,353.6300048828125,352.6199951171875,353.5400085449219,12523,0.0,0.0,0.0
2024-08-02 13:15:00-04:00,353.4100036621094,353.5400085449219,353.1099853515625,353.2699890136719,8447,0.0,0.0,0.0
2024-08-02 13:20:00-04:00,353.1300048828125,353.18499755859375,352.5201110839844,352.5450134277344,14333,0.0,0.0,0.0
2024-08-02 13:25:00-04:00,352.760009765625,352.909912109375,352.239990234375,352.239990234375,8735,0.0,0.0,0.0
2024-08-02 13:30:00-04:00,352.27398681640625,352.4800109863281,351.92999267578125,352.3500061035156,7318,0.0,0.0,0.0
2024-08-02 13:35:00-04:00,352.2799987792969,352.2799987792969,352.00201416015625,352.1700134277344,15485,0.0,0.0,0.0
2024-08-02 13:40:00-04:00,352.114990234375,352.1700134277344,351.7200012207031,352.1700134277344,5878,0.0,0.0,0.0
2024-08-02 13:45:00-04:00,352.1700134277344,352.4649963378906,351.7131042480469,351.87078857421875,11533,0.0,0.0,0.0
2024-08-02 13:50:00-04:00,351.70001220703125,352.158203125,351.6499938964844,351.7099914550781,16979,0.0,0.0,0.0
2024-08-02 13:55:00-04:00,351.7300109863281,352.5190124511719,351.7200012207031,352.3999938964844,43264,0.0,0.0,0.0
2024-08-02 14:00:00-04:00,352.364990234375,352.364990234375,351.8299865722656,352.29998779296875,33280,0.0,0.0,0.0
2024-08-02 14:05:00-04:00,352.08758544921875,352.6199951171875,352.01220703125,352.1615905761719,22295,0.0,0.0,0.0
2024-08-02 14:10:00-04:00,352.0799865722656,352.3599853515625,351.88299560546875,351.88299560546875,8389,0.0,0.0,0.0
2024-08-02 14:15:00-04:00,351.8500061035156,351.9100036621094,351.3999938964844,351.6199951171875,12876,0.0,0.0,0.0
2024-08-02 14:20:00-04:00,351.5799865722656,352.5,351.5799865722656,352.5,9641,0.0,0.0,0.0
2024-08-02 14:25:00-04:00,352.45001220703125,353.2699890136719,352.45001220703125,353.2300109863281,16088,0.0,0.0,0.0
2024-08-02 14:30:00-04:00,353.3385925292969,354.0177917480469,353.1499938964844,353.4898986816406,16252,0.0,0.0,0.0
2024-08-02 14:35:00-04:00,353.3900146484375,353.3900146484375,352.8299865722656,352.989990234375,13274,0.0,0.0,0.0
2024-08-02 14:40:00-04:00,352.9949951171875,353.2300109863281,352.8599853515625,352.8599853515625,28807,0.0,0.0,0.0
2024-08-02 14:45:00-04:00,352.8699951171875,353.5799865722656,352.5799865722656,352.9100036621094,15711,0.0,0.0,0.0
2024-08-02 14:50:00-04:00,352.9599914550781,353.07000732421875,352.7699890136719,353.0238037109375,25122,0.0,0.0,0.0
2024-08-02 14:55:00-04:00,353.1199951171875,353.2699890136719,352.348388671875,352.4800109863281,13771,0.0,0.0,0.0
2024-08-02 15:00:00-04:00,352.5799865722656,353.1300048828125,352.5799865722656,352.7250061035156,14213,0.0,0.0,0.0
2024-08-02 15:05:00-04:00,352.74359130859375,352.9100036621094,352.1650085449219,352.89898681640625,12833,0.0,0.0,0.0
2024-08-02 15:10:00-04:00,352.79998779296875,353.260009765625,352.489990234375,353.260009765625,11788,0.0,0.0,0.0
2024-08-02 15:15:00-04:00,353.1099853515625,353.3800048828125,352.8212890625,353.0899963378906,12102,0.0,0.0,0.0
2024-08-02 15:20:00-04:00,353.07000732421875,353.1659851074219,352.5946960449219,353.0,17684,0.0,0.0,0.0
2024-08-02 15:25:00-04:00,353.1300048828125,353.6400146484375,352.79998779296875,353.5,15575,0.0,0.0,0.0
2024-08-02 15:30:00-04:00,353.4700012207031,353.9049987792969,353.3671875,353.489990234375,24325,0.0,0.0,0.0
2024-08-02 15:35:00-04:00,353.3599853515625,353.4742126464844,352.3399963378906,352.3699951171875,12814,0.0,0.0,0.0
2024-08-02 15:40:00-04:00,352.3699951171875,353.1199951171875,352.1499938964844,353.1000061035156,14651,0.0,0.0,0.0
2024-08-02 15:45:00-04:00,352.8599853515625,353.55999755859375,352.79998779296875,352.79998779296875,25512,0.0,0.0,0.0
2024-08-02 15:50:00-04:00,352.79998779296875,352.82720947265625,351.8299865722656,352.82720947265625,40786,0.0,0.0,0.0
2024-08-02 15:55:00-04:00,353.05999755859375,353.8299865722656,353.05999755859375,353.6600036621094,35672,0.0,0.0,0.0
