Datetime,Open,High,Low,Close,Volume,Dividends,Stock Splits
2022-09-15 09:00:00+09:00,1494.0,1494.0,1486.0,1491.0,10600,0.0,0.0
2022-09-15 10:00:00+09:00,1490.0,1490.0,1488.0,1488.0,2900,0.0,0.0
2022-09-15 11:00:00+09:00,1487.0,1492.0,1487.0,1492.0,0,0.0,0.0
2022-09-15 12:00:00+09:00,1493.0,1493.0,1487.0,1487.0,18100,0.0,0.0
2022-09-15 13:00:00+09:00,1487.0,1487.0,1484.0,1485.0,3700,0.0,0.0
2022-09-15 14:00:00+09:00,1486.0,1494.0,1485.0,1492.0,7000,0.0,0.0
2022-09-16 09:00:00+09:00,1493.0,1498.0,1489.0,1490.0,31500,0.0,0.0
2022-09-16 10:00:00+09:00,1491.0,1494.0,1491.0,1494.0,1400,0.0,0.0
2022-09-16 11:00:00+09:00,1494.0,1496.0,1494.0,1494.0,0,0.0,0.0
2022-09-16 12:00:00+09:00,1494.0,1499.0,1494.0,1498.0,40000,0.0,0.0
2022-09-16 13:00:00+09:00,1498.0,1498.0,1496.0,1498.0,1200,0.0,0.0
2022-09-16 14:00:00+09:00,1497.0,1506.0,1497.0,1501.0,15500,0.0,0.0
2022-09-20 09:00:00+09:00,1504.0,1504.0,1492.0,1492.0,18000,0.0,0.0
2022-09-20 10:00:00+09:00,1491.0,1494.0,1491.0,1492.0,1700,0.0,0.0
2022-09-20 11:00:00+09:00,1493.0,1493.0,1493.0,1493.0,0,0.0,0.0
2022-09-20 12:00:00+09:00,1497.0,1497.0,1493.0,1497.0,23700,0.0,0.0
2022-09-20 13:00:00+09:00,1499.0,1506.0,1495.0,1505.0,8900,0.0,0.0
2022-09-20 14:00:00+09:00,1504.0,1507.0,1502.0,1507.0,5600,0.0,0.0
2022-09-21 09:00:00+09:00,1497.0,1503.0,1497.0,1502.0,12100,0.0,0.0
2022-09-21 10:00:00+09:00,1500.0,1504.0,1498.0,1502.0,4200,0.0,0.0
2022-09-21 11:00:00+09:00,1502.0,1502.0,1498.0,1501.0,0,0.0,0.0
2022-09-21 12:00:00+09:00,1504.0,1504.0,1496.0,1499.0,25000,0.0,0.0
2022-09-21 13:00:00+09:00,1499.0,1501.0,1497.0,1497.0,2500,0.0,0.0
2022-09-21 14:00:00+09:00,1496.0,1498.0,1491.0,1492.0,9900,0.0,0.0
2022-09-22 09:00:00+09:00,1490.0,1497.0,1486.0,1488.0,44800,0.0,0.0
2022-09-22 10:00:00+09:00,1490.0,1499.0,1488.0,1498.0,3400,0.0,0.0
2022-09-22 11:00:00+09:00,1498.0,1502.0,1497.0,1502.0,0,0.0,0.0
2022-09-22 12:00:00+09:00,1504.0,1504.0,1500.0,1503.0,57800,0.0,0.0
2022-09-22 13:00:00+09:00,1504.0,1504.0,1497.0,1497.0,5700,0.0,0.0
2022-09-22 14:00:00+09:00,1495.0,1498.0,1493.0,1497.0,6800,0.0,0.0
2022-09-26 09:00:00+09:00,1483.0,1491.0,1476.0,1482.0,0,0.0,0.0
2022-09-26 10:00:00+09:00,1483.0,1486.0,1482.0,1484.0,3600,0.0,0.0
2022-09-26 11:00:00+09:00,1484.0,1488.0,1484.0,1488.0,0,0.0,0.0
2022-09-26 12:00:00+09:00,1483.0,1484.0,1483.0,1484.0,37600,0.0,0.0
2022-09-26 13:00:00+09:00,1483.0,1483.0,1475.0,1477.0,0,0.0,0.0
2022-09-26 14:00:00+09:00,1476.0,1477.0,1472.0,1472.0,52100,0.0,0.0
2022-09-27 09:00:00+09:00,1469.0,1486.0,1469.0,1486.0,18000,0.0,0.0
2022-09-27 10:00:00+09:00,1485.0,1491.0,1485.0,1487.0,4400,0.0,0.0
2022-09-27 11:00:00+09:00,1486.0,1490.0,1486.0,1490.0,0,0.0,0.0
2022-09-27 12:00:00+09:00,1487.0,1488.0,1485.0,1487.0,30900,0.0,0.0
2022-09-27 13:00:00+09:00,1487.0,1490.0,1482.0,1485.0,11100,0.0,0.0
2022-09-27 14:00:00+09:00,1484.0,1488.0,1482.0,1485.0,10300,0.0,0.0
2022-09-28 09:00:00+09:00,1480.0,1481.0,1452.0,1452.0,26100,0.0,0.0
2022-09-28 10:00:00+09:00,1452.0,1452.0,1445.0,1446.0,14800,0.0,0.0
2022-09-28 11:00:00+09:00,1449.0,1450.0,1445.0,1445.0,0,0.0,0.0
2022-09-28 12:00:00+09:00,1446.0,1452.0,1442.0,1451.0,67800,0.0,0.0
2022-09-28 13:00:00+09:00,1451.0,1455.0,1449.0,1452.0,5500,0.0,0.0
2022-09-28 14:00:00+09:00,1449.0,1464.0,1443.0,1460.0,19600,0.0,0.0
2022-09-29 09:00:00+09:00,1467.0,1482.0,1465.0,1478.0,22700,0.0,0.0
2022-09-29 10:00:00+09:00,1478.0,1484.0,1474.0,1484.0,12200,0.0,0.0
2022-09-29 11:00:00+09:00,1482.0,1483.0,1478.0,1480.0,0,0.0,0.0
2022-09-29 12:00:00+09:00,1477.0,1482.0,1476.0,1481.0,63100,0.0,0.0
2022-09-29 13:00:00+09:00,1480.0,1482.0,1473.0,1481.0,13700,0.0,0.0
2022-09-29 14:00:00+09:00,1482.0,1482.0,1475.0,1477.0,16400,0.0,0.0
2022-09-30 09:00:00+09:00,1466.0,1477.0,1463.0,1473.0,284700,0.0,0.0
2022-09-30 10:00:00+09:00,1471.0,1474.0,1459.0,1459.0,11100,0.0,0.0
2022-09-30 11:00:00+09:00,1460.0,1463.0,1456.0,1456.0,0,0.0,0.0
2022-09-30 12:00:00+09:00,1451.0,1456.0,1448.0,1449.0,347000,0.0,0.0
2022-09-30 13:00:00+09:00,1451.0,1457.0,1448.0,1457.0,13400,0.0,0.0
2022-09-30 14:00:00+09:00,1456.0,1460.0,1453.0,1460.0,12500,0.0,0.0
2022-10-03 09:00:00+09:00,1450.0,1451.0,1434.0,1438.0,53100,0.0,0.0
2022-10-03 10:00:00+09:00,1438.0,1451.0,1438.0,1450.0,7700,0.0,0.0
2022-10-03 11:00:00+09:00,1450.0,1455.0,1450.0,1453.0,0,0.0,0.0
2022-10-03 12:00:00+09:00,1453.0,1453.0,1447.0,1447.0,73000,0.0,0.0
2022-10-03 13:00:00+09:00,1447.0,1450.0,1442.0,1448.0,9200,0.0,0.0
2022-10-03 14:00:00+09:00,1450.0,1455.0,1448.0,1455.0,13100,0.0,0.0
2022-10-04 09:00:00+09:00,1463.0,1478.0,1463.0,1475.0,21400,0.0,0.0
2022-10-04 10:00:00+09:00,1475.0,1475.0,1468.0,1475.0,10300,0.0,0.0
2022-10-04 11:00:00+09:00,1474.0,1480.0,1474.0,1477.0,0,0.0,0.0
2022-10-04 12:00:00+09:00,1476.0,1482.0,1476.0,1478.0,44200,0.0,0.0
2022-10-04 13:00:00+09:00,1479.0,1480.0,1476.0,1477.0,6400,0.0,0.0
2022-10-04 14:00:00+09:00,1476.0,1479.0,1473.0,1473.0,10800,0.0,0.0
2022-10-05 09:00:00+09:00,1482.0,1486.0,1470.0,1481.0,0,0.0,0.0
2022-10-05 10:00:00+09:00,1481.0,1481.0,1477.0,1478.0,21000,0.0,0.0
2022-10-05 11:00:00+09:00,1481.0,1481.0,1475.0,1479.0,0,0.0,0.0
2022-10-05 12:00:00+09:00,1476.0,1479.0,1476.0,1479.0,28600,0.0,0.0
2022-10-05 13:00:00+09:00,1479.0,1481.0,1477.0,1480.0,4300,0.0,0.0
2022-10-05 14:00:00+09:00,1481.0,1482.0,1477.0,1479.0,9300,0.0,0.0
2022-10-06 09:00:00+09:00,1472.0,1483.0,1472.0,1475.0,63500,0.0,0.0
2022-10-06 10:00:00+09:00,1478.0,1482.0,1470.0,1473.0,10800,0.0,0.0
2022-10-06 11:00:00+09:00,1473.0,1477.0,1473.0,1475.0,0,0.0,0.0
2022-10-06 12:00:00+09:00,1475.0,1476.0,1470.0,1471.0,96300,0.0,0.0
2022-10-06 13:00:00+09:00,1473.0,1475.0,1471.0,1472.0,8200,0.0,0.0
2022-10-06 14:00:00+09:00,1473.0,1474.0,1468.0,1468.0,19300,0.0,0.0
2022-10-07 09:00:00+09:00,1460.0,1470.0,1457.0,1464.0,243300,0.0,0.0
2022-10-07 10:00:00+09:00,1464.0,1464.0,1458.0,1460.0,9500,0.0,0.0
2022-10-07 11:00:00+09:00,1459.0,1459.0,1453.0,1453.0,0,0.0,0.0
2022-10-07 12:00:00+09:00,1460.0,1460.0,1455.0,1456.0,298200,0.0,0.0
2022-10-07 13:00:00+09:00,1456.0,1465.0,1455.0,1463.0,12800,0.0,0.0
2022-10-07 14:00:00+09:00,1462.0,1465.0,1461.0,1463.0,13600,0.0,0.0
2022-10-11 09:00:00+09:00,1451.0,1455.0,1439.0,1439.0,0,0.0,0.0
2022-10-11 10:00:00+09:00,1438.0,1441.0,1429.0,1432.0,33600,0.0,0.0
2022-10-11 11:00:00+09:00,1433.0,1438.0,1433.0,1434.0,0,0.0,0.0
2022-10-11 12:00:00+09:00,1436.0,1438.0,1431.0,1433.0,189500,0.0,0.0
2022-10-11 13:00:00+09:00,1435.0,1435.0,1432.0,1433.0,4200,0.0,0.0
2022-10-11 14:00:00+09:00,1433.0,1436.0,1431.0,1435.0,24900,0.0,0.0
2022-10-12 09:00:00+09:00,1431.0,1437.0,1431.0,1437.0,40300,0.0,0.0
2022-10-12 10:00:00+09:00,1436.0,1443.0,1436.0,1443.0,7700,0.0,0.0
2022-10-12 11:00:00+09:00,1444.0,1446.0,1442.0,1443.0,0,0.0,0.0
2022-10-12 12:00:00+09:00,1442.0,1444.0,1441.0,1442.0,73600,0.0,0.0
2022-10-12 13:00:00+09:00,1444.0,1446.0,1442.0,1443.0,8800,0.0,0.0
2022-10-12 14:00:00+09:00,1444.0,1447.0,1444.0,1447.0,7200,0.0,0.0
2022-10-13 09:00:00+09:00,1443.0,1454.0,1443.0,1452.0,0,0.0,0.0
2022-10-13 10:00:00+09:00,1453.0,1454.0,1448.0,1449.0,42100,0.0,0.0
2022-10-13 11:00:00+09:00,1448.0,1453.0,1448.0,1453.0,0,0.0,0.0
2022-10-13 12:00:00+09:00,1447.0,1452.0,1447.0,1447.0,52100,0.0,0.0
2022-10-13 13:00:00+09:00,1447.0,1452.0,1447.0,1450.0,5400,0.0,0.0
2022-10-13 14:00:00+09:00,1451.0,1455.0,1448.0,1448.0,14800,0.0,0.0
2022-10-14 09:00:00+09:00,1470.0,1470.0,1450.0,1458.0,62200,0.0,0.0
2022-10-14 10:00:00+09:00,1458.0,1459.0,1454.0,1459.0,5900,0.0,0.0
2022-10-14 11:00:00+09:00,1459.0,1460.0,1457.0,1460.0,0,0.0,0.0
2022-10-14 12:00:00+09:00,1459.0,1459.0,1455.0,1458.0,83400,0.0,0.0
2022-10-14 13:00:00+09:00,1456.0,1459.0,1456.0,1457.0,7100,0.0,0.0
2022-10-14 14:00:00+09:00,1457.0,1458.0,1452.0,1452.0,12700,0.0,0.0
2022-10-17 09:00:00+09:00,1450.0,1454.0,1448.0,1452.0,0,0.0,0.0
2022-10-17 10:00:00+09:00,1451.0,1452.0,1449.0,1449.0,32900,0.0,0.0
2022-10-17 11:00:00+09:00,1450.0,1450.0,1445.0,1446.0,0,0.0,0.0
2022-10-17 12:00:00+09:00,1445.0,1445.0,1440.0,1445.0,52600,0.0,0.0
2022-10-17 13:00:00+09:00,1445.0,1446.0,1443.0,1446.0,2300,0.0,0.0
2022-10-17 14:00:00+09:00,1446.0,1448.0,1443.0,1447.0,7300,0.0,0.0
2022-10-18 09:00:00+09:00,1452.0,1467.0,1450.0,1465.0,28400,0.0,0.0
2022-10-18 10:00:00+09:00,1465.0,1467.0,1462.0,1463.0,6900,0.0,0.0
2022-10-18 11:00:00+09:00,1463.0,1463.0,1461.0,1461.0,0,0.0,0.0
2022-10-18 12:00:00+09:00,1461.0,1461.0,1459.0,1461.0,42500,0.0,0.0
2022-10-18 13:00:00+09:00,1462.0,1462.0,1459.0,1461.0,4700,0.0,0.0
2022-10-18 14:00:00+09:00,1460.0,1460.0,1457.0,1458.0,6400,0.0,0.0
2022-10-19 09:00:00+09:00,1467.0,1467.0,1457.0,1464.0,0,0.0,0.0
2022-10-19 10:00:00+09:00,1464.0,1464.0,1460.0,1462.0,20500,0.0,0.0
2022-10-19 11:00:00+09:00,1461.0,1466.0,1460.0,1464.0,0,0.0,0.0
2022-10-19 12:00:00+09:00,1464.0,1467.0,1463.0,1465.0,30000,0.0,0.0
2022-10-19 13:00:00+09:00,1466.0,1466.0,1464.0,1466.0,2800,0.0,0.0
2022-10-19 14:00:00+09:00,1467.0,1468.0,1460.0,1462.0,9300,0.0,0.0
2022-10-20 09:00:00+09:00,1461.0,1467.0,1461.0,1463.0,32000,0.0,0.0
2022-10-20 10:00:00+09:00,1464.0,1464.0,1461.0,1463.0,5100,0.0,0.0
2022-10-20 11:00:00+09:00,1463.0,1463.0,1461.0,1462.0,0,0.0,0.0
2022-10-20 12:00:00+09:00,1462.0,1462.0,1457.0,1459.0,45500,0.0,0.0
2022-10-20 13:00:00+09:00,1459.0,1462.0,1457.0,1458.0,5400,0.0,0.0
2022-10-20 14:00:00+09:00,1460.0,1460.0,1456.0,1458.0,9600,0.0,0.0
2022-10-21 09:00:00+09:00,1455.0,1459.0,1448.0,1448.0,33300,0.0,0.0
2022-10-21 10:00:00+09:00,1449.0,1449.0,1447.0,1447.0,7300,0.0,0.0
2022-10-21 11:00:00+09:00,1448.0,1449.0,1447.0,1447.0,0,0.0,0.0
2022-10-21 12:00:00+09:00,1447.0,1448.0,1445.0,1446.0,57500,0.0,0.0
2022-10-21 13:00:00+09:00,1445.0,1448.0,1443.0,1448.0,9800,0.0,0.0
2022-10-21 14:00:00+09:00,1447.0,1449.0,1444.0,1446.0,8200,0.0,0.0
2022-10-24 09:00:00+09:00,1449.0,1449.0,1433.0,1434.0,75700,0.0,0.0
2022-10-24 10:00:00+09:00,1434.0,1434.0,1430.0,1432.0,7500,0.0,0.0
2022-10-24 11:00:00+09:00,1432.0,1434.0,1432.0,1434.0,0,0.0,0.0
2022-10-24 12:00:00+09:00,1434.0,1435.0,1433.0,1435.0,101800,0.0,0.0
2022-10-24 13:00:00+09:00,1435.0,1436.0,1432.0,1434.0,6500,0.0,0.0
2022-10-24 14:00:00+09:00,1433.0,1434.0,1428.0,1428.0,26000,0.0,0.0
2022-10-25 09:00:00+09:00,1442.0,1444.0,1428.0,1430.0,43200,0.0,0.0
2022-10-25 10:00:00+09:00,1431.0,1439.0,1431.0,1437.0,8500,0.0,0.0
2022-10-25 11:00:00+09:00,1437.0,1438.0,1435.0,1437.0,0,0.0,0.0
2022-10-25 12:00:00+09:00,1440.0,1442.0,1439.0,1441.0,69800,0.0,0.0
2022-10-25 13:00:00+09:00,1441.0,1442.0,1438.0,1438.0,9200,0.0,0.0
2022-10-25 14:00:00+09:00,1438.0,1440.0,1437.0,1438.0,8300,0.0,0.0
2022-10-26 09:00:00+09:00,1441.0,1442.0,1435.0,1441.0,42700,0.0,0.0
2022-10-26 10:00:00+09:00,1442.0,1447.0,1442.0,1445.0,10800,0.0,0.0
2022-10-26 11:00:00+09:00,1445.0,1446.0,1444.0,1446.0,0,0.0,0.0
2022-10-26 12:00:00+09:00,1446.0,1448.0,1445.0,1447.0,71600,0.0,0.0
2022-10-26 13:00:00+09:00,1447.0,1450.0,1447.0,1449.0,10700,0.0,0.0
2022-10-26 14:00:00+09:00,1448.0,1449.0,1442.0,1443.0,13700,0.0,0.0
2022-10-27 09:00:00+09:00,1436.0,1439.0,1427.0,1430.0,303200,0.0,0.0
2022-10-27 10:00:00+09:00,1431.0,1432.0,1429.0,1432.0,16600,0.0,0.0
2022-10-27 11:00:00+09:00,1431.0,1435.0,1431.0,1431.0,0,0.0,0.0
2022-10-27 12:00:00+09:00,1435.0,1436.0,1431.0,1436.0,464500,0.0,0.0
2022-10-27 13:00:00+09:00,1435.0,1437.0,1433.0,1437.0,17400,0.0,0.0
2022-10-27 14:00:00+09:00,1437.0,1443.0,1436.0,1441.0,41500,0.0,0.0
2022-10-28 09:00:00+09:00,1424.0,1430.0,1415.0,1422.0,311200,0.0,0.0
2022-10-28 10:00:00+09:00,1422.0,1430.0,1421.0,1427.0,15700,0.0,0.0
2022-10-28 11:00:00+09:00,1427.0,1428.0,1424.0,1424.0,0,0.0,0.0
2022-10-28 12:00:00+09:00,1429.0,1429.0,1422.0,1422.0,353700,0.0,0.0
2022-10-28 13:00:00+09:00,1422.0,1429.0,1422.0,1426.0,18700,0.0,0.0
2022-10-28 14:00:00+09:00,1426.0,1433.0,1422.0,1424.0,35500,0.0,0.0
2022-10-31 09:00:00+09:00,1437.0,1444.0,1430.0,1442.0,50000,0.0,0.0
2022-10-31 10:00:00+09:00,1442.0,1445.0,1436.0,1443.0,13100,0.0,0.0
2022-10-31 11:00:00+09:00,1442.0,1443.0,1440.0,1443.0,0,0.0,0.0
2022-10-31 12:00:00+09:00,1440.0,1442.0,1437.0,1440.0,79300,0.0,0.0
2022-10-31 13:00:00+09:00,1440.0,1441.0,1439.0,1439.0,7800,0.0,0.0
2022-10-31 14:00:00+09:00,1438.0,1443.0,1438.0,1443.0,15300,0.0,0.0
2022-11-01 09:00:00+09:00,1445.0,1446.0,1441.0,1442.0,13000,0.0,0.0
2022-11-01 10:00:00+09:00,1442.0,1442.0,1440.0,1442.0,1300,0.0,0.0
2022-11-01 11:00:00+09:00,1440.0,1440.0,1439.0,1440.0,0,0.0,0.0
2022-11-01 12:00:00+09:00,1439.0,1441.0,1437.0,1440.0,20500,0.0,0.0
2022-11-01 13:00:00+09:00,1440.0,1444.0,1439.0,1444.0,6700,0.0,0.0
2022-11-01 14:00:00+09:00,1443.0,1447.0,1443.0,1445.0,17300,0.0,0.0
2022-11-02 09:00:00+09:00,1445.0,1448.0,1440.0,1448.0,21000,0.0,0.0
2022-11-02 10:00:00+09:00,1449.0,1451.0,1446.0,1446.0,17300,0.0,0.0
2022-11-02 11:00:00+09:00,1445.0,1453.0,1445.0,1453.0,0,0.0,0.0
2022-11-02 12:00:00+09:00,1451.0,1452.0,1447.0,1447.0,59000,0.0,0.0
2022-11-02 13:00:00+09:00,1449.0,1452.0,1448.0,1451.0,6900,0.0,0.0
2022-11-02 14:00:00+09:00,1451.0,1451.0,1445.0,1445.0,7900,0.0,0.0
2022-11-04 09:00:00+09:00,1440.0,1445.0,1427.0,1428.0,38000,0.0,0.0
2022-11-04 10:00:00+09:00,1427.0,1427.0,1424.0,1425.0,10300,0.0,0.0
2022-11-04 11:00:00+09:00,1425.0,1425.0,1423.0,1424.0,0,0.0,0.0
2022-11-04 12:00:00+09:00,1423.0,1423.0,1418.0,1418.0,64500,0.0,0.0
2022-11-04 13:00:00+09:00,1418.0,1418.0,1412.0,1418.0,13200,0.0,0.0
2022-11-04 14:00:00+09:00,1419.0,1420.0,1414.0,1416.0,15500,0.0,0.0
2022-11-07 09:00:00+09:00,1419.0,1420.0,1412.0,1414.0,0,0.0,0.0
2022-11-07 10:00:00+09:00,1415.0,1418.0,1413.0,1418.0,7100,0.0,0.0
2022-11-07 11:00:00+09:00,1419.0,1422.0,1417.0,1417.0,0,0.0,0.0
2022-11-07 12:00:00+09:00,1423.0,1424.0,1419.0,1420.0,29300,0.0,0.0
2022-11-07 13:00:00+09:00,1420.0,1420.0,1416.0,1420.0,5600,0.0,0.0
2022-11-07 14:00:00+09:00,1420.0,1424.0,1418.0,1424.0,10100,0.0,0.0
2022-11-08 09:00:00+09:00,1435.0,1440.0,1431.0,1438.0,18400,0.0,0.0
2022-11-08 10:00:00+09:00,1439.0,1439.0,1433.0,1433.0,3600,0.0,0.0
2022-11-08 11:00:00+09:00,1435.0,1439.0,1434.0,1439.0,0,0.0,0.0
2022-11-08 12:00:00+09:00,1439.0,1441.0,1437.0,1438.0,37200,0.0,0.0
2022-11-08 13:00:00+09:00,1438.0,1439.0,1436.0,1436.0,3100,0.0,0.0
2022-11-08 14:00:00+09:00,1436.0,1440.0,1436.0,1437.0,8900,0.0,0.0
2022-11-09 09:00:00+09:00,1437.0,1449.0,1437.0,1448.0,12400,0.0,0.0
2022-11-09 10:00:00+09:00,1447.0,1448.0,1447.0,1448.0,2200,0.0,0.0
2022-11-09 11:00:00+09:00,1448.0,1449.0,1448.0,1448.0,0,0.0,0.0
2022-11-09 12:00:00+09:00,1448.0,1449.0,1447.0,1449.0,21100,0.0,0.0
2022-11-09 13:00:00+09:00,1448.0,1448.0,1446.0,1448.0,3400,0.0,0.0
2022-11-09 14:00:00+09:00,1448.0,1449.0,1448.0,1448.0,7000,0.0,0.0
2022-11-10 09:00:00+09:00,1446.0,1449.0,1442.0,1442.0,7000,0.0,0.0
2022-11-10 10:00:00+09:00,1442.0,1444.0,1439.0,1444.0,4100,0.0,0.0
2022-11-10 11:00:00+09:00,1443.0,1448.0,1443.0,1445.0,0,0.0,0.0
2022-11-10 12:00:00+09:00,1448.0,1453.0,1447.0,1452.0,25700,0.0,0.0
2022-11-10 13:00:00+09:00,1452.0,1452.0,1450.0,1451.0,2300,0.0,0.0
2022-11-10 14:00:00+09:00,1452.0,1452.0,1450.0,1452.0,7500,0.0,0.0
2022-11-11 09:00:00+09:00,1458.0,1463.0,1452.0,1455.0,21300,0.0,0.0
2022-11-11 10:00:00+09:00,1454.0,1457.0,1453.0,1456.0,5700,0.0,0.0
2022-11-11 11:00:00+09:00,1454.0,1458.0,1454.0,1458.0,0,0.0,0.0
2022-11-11 12:00:00+09:00,1453.0,1457.0,1453.0,1453.0,33400,0.0,0.0
2022-11-11 13:00:00+09:00,1453.0,1456.0,1451.0,1455.0,10300,0.0,0.0
2022-11-11 14:00:00+09:00,1455.0,1460.0,1454.0,1460.0,10000,0.0,0.0
2022-11-14 09:00:00+09:00,1462.0,1462.0,1447.0,1459.0,13700,0.0,0.0
2022-11-14 10:00:00+09:00,1456.0,1459.0,1455.0,1458.0,2800,0.0,0.0
2022-11-14 11:00:00+09:00,1458.0,1459.0,1458.0,1459.0,0,0.0,0.0
2022-11-14 12:00:00+09:00,1459.0,1459.0,1457.0,1458.0,19600,0.0,0.0
2022-11-14 13:00:00+09:00,1457.0,1457.0,1454.0,1456.0,2700,0.0,0.0
2022-11-14 14:00:00+09:00,1455.0,1456.0,1454.0,1454.0,6500,0.0,0.0
2022-11-15 09:00:00+09:00,1455.0,1455.0,1447.0,1455.0,11500,0.0,0.0
2022-11-15 10:00:00+09:00,1455.0,1462.0,1455.0,1458.0,5100,0.0,0.0
2022-11-15 11:00:00+09:00,1458.0,1460.0,1458.0,1458.0,0,0.0,0.0
2022-11-15 12:00:00+09:00,1460.0,1460.0,1455.0,1457.0,21900,0.0,0.0
2022-11-15 13:00:00+09:00,1456.0,1460.0,1456.0,1460.0,2400,0.0,0.0
2022-11-15 14:00:00+09:00,1459.0,1461.0,1458.0,1459.0,6400,0.0,0.0
2022-11-16 09:00:00+09:00,1458.0,1462.0,1456.0,1459.0,0,0.0,0.0
2022-11-16 10:00:00+09:00,1459.0,1462.0,1457.0,1462.0,15100,0.0,0.0
2022-11-16 11:00:00+09:00,1460.0,1462.0,1460.0,1462.0,0,0.0,0.0
2022-11-16 12:00:00+09:00,1459.0,1471.0,1459.0,1470.0,26600,0.0,0.0
2022-11-16 13:00:00+09:00,1470.0,1470.0,1466.0,1466.0,3100,0.0,0.0
2022-11-16 14:00:00+09:00,1467.0,1468.0,1466.0,1466.0,4400,0.0,0.0
2022-11-17 09:00:00+09:00,1467.0,1488.0,1466.0,1483.0,28200,0.0,0.0
2022-11-17 10:00:00+09:00,1482.0,1488.0,1482.0,1485.0,7000,0.0,0.0
2022-11-17 11:00:00+09:00,1486.0,1486.0,1482.0,1483.0,0,0.0,0.0
2022-11-17 12:00:00+09:00,1485.0,1486.0,1482.0,1486.0,41400,0.0,0.0
2022-11-17 13:00:00+09:00,1486.0,1487.0,1484.0,1484.0,3200,0.0,0.0
2022-11-17 14:00:00+09:00,1485.0,1488.0,1485.0,1487.0,6600,0.0,0.0
2022-11-18 09:00:00+09:00,1495.0,1505.0,1488.0,1495.0,21300,0.0,0.0
2022-11-18 10:00:00+09:00,1495.0,1497.0,1491.0,1497.0,4000,0.0,0.0
2022-11-18 11:00:00+09:00,1495.0,1497.0,1495.0,1497.0,0,0.0,0.0
2022-11-18 12:00:00+09:00,1498.0,1499.0,1496.0,1497.0,29600,0.0,0.0
2022-11-18 13:00:00+09:00,1498.0,1499.0,1497.0,1498.0,6000,0.0,0.0
2022-11-18 14:00:00+09:00,1497.0,1499.0,1495.0,1496.0,8600,0.0,0.0
2022-11-21 09:00:00+09:00,1498.0,1502.0,1498.0,1499.0,0,0.0,0.0
2022-11-21 10:00:00+09:00,1497.0,1499.0,1496.0,1496.0,2000,0.0,0.0
2022-11-21 11:00:00+09:00,1495.0,1497.0,1495.0,1497.0,0,0.0,0.0
2022-11-21 12:00:00+09:00,1490.0,1496.0,1490.0,1494.0,16400,0.0,0.0
2022-11-21 13:00:00+09:00,1494.0,1501.0,1494.0,1499.0,9400,0.0,0.0
2022-11-21 14:00:00+09:00,1499.0,1500.0,1498.0,1500.0,5200,0.0,0.0
2022-11-22 09:00:00+09:00,1502.0,1517.0,1502.0,1516.0,17600,0.0,0.0
2022-11-22 10:00:00+09:00,1517.0,1524.0,1517.0,1522.0,10500,0.0,0.0
2022-11-22 11:00:00+09:00,1524.0,1524.0,1521.0,1524.0,0,0.0,0.0
2022-11-22 12:00:00+09:00,1520.0,1523.0,1520.0,1520.0,35000,0.0,0.0
2022-11-22 13:00:00+09:00,1520.0,1523.0,1519.0,1522.0,4100,0.0,0.0
2022-11-22 14:00:00+09:00,1523.0,1524.0,1517.0,1519.0,9700,0.0,0.0
2022-11-24 09:00:00+09:00,1512.0,1524.0,1512.0,1518.0,9000,0.0,0.0
2022-11-24 10:00:00+09:00,1517.0,1522.0,1516.0,1520.0,6200,0.0,0.0
2022-11-24 11:00:00+09:00,1521.0,1522.0,1521.0,1522.0,0,0.0,0.0
2022-11-24 12:00:00+09:00,1520.0,1522.0,1518.0,1518.0,22500,0.0,0.0
2022-11-24 13:00:00+09:00,1519.0,1521.0,1518.0,1520.0,5900,0.0,0.0
2022-11-24 14:00:00+09:00,1519.0,1522.0,1516.0,1517.0,10200,0.0,0.0
2022-11-25 09:00:00+09:00,1524.0,1538.0,1521.0,1538.0,20900,0.0,0.0
2022-11-25 10:00:00+09:00,1538.0,1543.0,1536.0,1536.0,5400,0.0,0.0
2022-11-25 11:00:00+09:00,1537.0,1540.0,1535.0,1538.0,0,0.0,0.0
2022-11-25 12:00:00+09:00,1538.0,1538.0,1534.0,1538.0,35200,0.0,0.0
2022-11-25 13:00:00+09:00,1536.0,1536.0,1532.0,1532.0,1000,0.0,0.0
2022-11-25 14:00:00+09:00,1532.0,1532.0,1527.0,1529.0,5400,0.0,0.0
2022-11-28 09:00:00+09:00,1528.0,1528.0,1507.0,1511.0,13500,0.0,0.0
2022-11-28 10:00:00+09:00,1510.0,1513.0,1505.0,1507.0,8100,0.0,0.0
2022-11-28 11:00:00+09:00,1506.0,1506.0,1501.0,1501.0,0,0.0,0.0
2022-11-28 12:00:00+09:00,1501.0,1504.0,1495.0,1504.0,32100,0.0,0.0
2022-11-28 13:00:00+09:00,1503.0,1504.0,1500.0,1501.0,2200,0.0,0.0
2022-11-28 14:00:00+09:00,1500.0,1510.0,1498.0,1510.0,11300,0.0,0.0
2022-11-29 09:00:00+09:00,1498.0,1502.0,1487.0,1489.0,9400,0.0,0.0
2022-11-29 10:00:00+09:00,1490.0,1497.0,1490.0,1493.0,4700,0.0,0.0
2022-11-29 11:00:00+09:00,1491.0,1491.0,1488.0,1490.0,0,0.0,0.0
2022-11-29 12:00:00+09:00,1484.0,1491.0,1484.0,1489.0,22800,0.0,0.0
2022-11-29 13:00:00+09:00,1489.0,1494.0,1488.0,1490.0,5100,0.0,0.0
2022-11-29 14:00:00+09:00,1491.0,1493.0,1488.0,1493.0,7000,0.0,0.0
2022-11-30 09:00:00+09:00,1486.0,1492.0,1484.0,1486.0,11700,0.0,0.0
2022-11-30 10:00:00+09:00,1487.0,1487.0,1479.0,1480.0,3200,0.0,0.0
2022-11-30 11:00:00+09:00,1480.0,1484.0,1480.0,1484.0,0,0.0,0.0
2022-11-30 12:00:00+09:00,1484.0,1484.0,1482.0,1483.0,19200,0.0,0.0
2022-11-30 13:00:00+09:00,1482.0,1486.0,1475.0,1478.0,10100,0.0,0.0
2022-11-30 14:00:00+09:00,1479.0,1479.0,1474.0,1474.0,12500,0.0,0.0
2022-12-01 09:00:00+09:00,1475.0,1475.0,1464.0,1464.0,10400,0.0,0.0
2022-12-01 10:00:00+09:00,1464.0,1468.0,1463.0,1466.0,2700,0.0,0.0
2022-12-01 11:00:00+09:00,1466.0,1469.0,1465.0,1469.0,0,0.0,0.0
2022-12-01 12:00:00+09:00,1472.0,1472.0,1467.0,1469.0,19800,0.0,0.0
2022-12-01 13:00:00+09:00,1470.0,1470.0,1465.0,1466.0,4000,0.0,0.0
2022-12-01 14:00:00+09:00,1467.0,1468.0,1464.0,1465.0,7500,0.0,0.0
2022-12-02 09:00:00+09:00,1455.0,1455.0,1441.0,1444.0,20600,0.0,0.0
2022-12-02 10:00:00+09:00,1445.0,1447.0,1440.0,1444.0,7800,0.0,0.0
2022-12-02 11:00:00+09:00,1444.0,1446.0,1443.0,1445.0,0,0.0,0.0
2022-12-02 12:00:00+09:00,1445.0,1454.0,1443.0,1454.0,33900,0.0,0.0
2022-12-02 13:00:00+09:00,1451.0,1454.0,1447.0,1447.0,10100,0.0,0.0
2022-12-02 14:00:00+09:00,1448.0,1450.0,1444.0,1446.0,10800,0.0,0.0
2022-12-05 09:00:00+09:00,1440.0,1460.0,1421.0,1442.0,61100,0.0,0.0
2022-12-05 10:00:00+09:00,1441.0,1445.0,1439.0,1444.0,12300,0.0,0.0
2022-12-05 11:00:00+09:00,1444.0,1444.0,1440.0,1440.0,0,0.0,0.0
2022-12-05 12:00:00+09:00,1443.0,1453.0,1440.0,1452.0,90700,0.0,0.0
2022-12-05 13:00:00+09:00,1452.0,1463.0,1451.0,1457.0,11200,0.0,0.0
2022-12-05 14:00:00+09:00,1457.0,1465.0,1457.0,1465.0,12600,0.0,0.0
2022-12-06 09:00:00+09:00,1468.0,1479.0,1458.0,1464.0,29700,0.0,0.0
2022-12-06 10:00:00+09:00,1464.0,1466.0,1455.0,1457.0,8300,0.0,0.0
2022-12-06 11:00:00+09:00,1457.0,1457.0,1451.0,1455.0,0,0.0,0.0
2022-12-06 12:00:00+09:00,1455.0,1462.0,1455.0,1462.0,49700,0.0,0.0
2022-12-06 13:00:00+09:00,1462.0,1464.0,1461.0,1463.0,9000,0.0,0.0
2022-12-06 14:00:00+09:00,1462.0,1470.0,1462.0,1468.0,11400,0.0,0.0
2022-12-07 09:00:00+09:00,1460.0,1465.0,1457.0,1458.0,7600,0.0,0.0
2022-12-07 10:00:00+09:00,1458.0,1466.0,1457.0,1462.0,6200,0.0,0.0
2022-12-07 11:00:00+09:00,1461.0,1461.0,1456.0,1457.0,0,0.0,0.0
2022-12-07 12:00:00+09:00,1455.0,1462.0,1455.0,1460.0,22200,0.0,0.0
2022-12-07 13:00:00+09:00,1462.0,1462.0,1459.0,1461.0,3700,0.0,0.0
2022-12-07 14:00:00+09:00,1460.0,1467.0,1458.0,1461.0,11100,0.0,0.0
2022-12-08 09:00:00+09:00,1464.0,1468.0,1454.0,1461.0,7800,0.0,0.0
2022-12-08 10:00:00+09:00,1461.0,1465.0,1458.0,1460.0,5600,0.0,0.0
2022-12-08 11:00:00+09:00,1461.0,1464.0,1461.0,1464.0,0,0.0,0.0
2022-12-08 12:00:00+09:00,1466.0,1466.0,1459.0,1459.0,18600,0.0,0.0
2022-12-08 13:00:00+09:00,1460.0,1464.0,1460.0,1460.0,2000,0.0,0.0
2022-12-08 14:00:00+09:00,1462.0,1465.0,1461.0,1465.0,5200,0.0,0.0
2022-12-09 09:00:00+09:00,1460.0,1472.0,1459.0,1471.0,11700,0.0,0.0
2022-12-09 10:00:00+09:00,1470.0,1471.0,1466.0,1469.0,2700,0.0,0.0
2022-12-09 11:00:00+09:00,1469.0,1469.0,1467.0,1467.0,0,0.0,0.0
2022-12-09 12:00:00+09:00,1470.0,1474.0,1467.0,1474.0,22700,0.0,0.0
2022-12-09 13:00:00+09:00,1474.0,1475.0,1474.0,1474.0,2600,0.0,0.0
2022-12-09 14:00:00+09:00,1475.0,1477.0,1474.0,1477.0,3900,0.0,0.0
2022-12-12 09:00:00+09:00,1476.0,1477.0,1473.0,1475.0,0,0.0,0.0
2022-12-12 10:00:00+09:00,1478.0,1482.0,1478.0,1482.0,2200,0.0,0.0
2022-12-12 11:00:00+09:00,1481.0,1481.0,1477.0,1478.0,0,0.0,0.0
2022-12-12 12:00:00+09:00,1477.0,1479.0,1474.0,1475.0,12000,0.0,0.0
2022-12-12 13:00:00+09:00,1476.0,1477.0,1475.0,1477.0,2500,0.0,0.0
2022-12-12 14:00:00+09:00,1477.0,1483.0,1476.0,1477.0,8800,0.0,0.0
2022-12-13 09:00:00+09:00,1485.0,1502.0,1477.0,1500.0,22500,0.0,0.0
2022-12-13 10:00:00+09:00,1500.0,1502.0,1496.0,1498.0,4900,0.0,0.0
2022-12-13 11:00:00+09:00,1498.0,1501.0,1498.0,1499.0,0,0.0,0.0
2022-12-13 12:00:00+09:00,1501.0,1501.0,1498.0,1501.0,33700,0.0,0.0
2022-12-13 13:00:00+09:00,1500.0,1502.0,1500.0,1501.0,2100,0.0,0.0
2022-12-13 14:00:00+09:00,1501.0,1505.0,1500.0,1502.0,9300,0.0,0.0
2022-12-14 09:00:00+09:00,1504.0,1514.0,1496.0,1512.0,14900,0.0,0.0
2022-12-14 10:00:00+09:00,1511.0,1514.0,1506.0,1506.0,2500,0.0,0.0
2022-12-14 11:00:00+09:00,1508.0,1508.0,1508.0,1508.0,0,0.0,0.0
2022-12-14 12:00:00+09:00,1508.0,1513.0,1508.0,1513.0,23200,0.0,0.0
2022-12-14 13:00:00+09:00,1513.0,1514.0,1511.0,1513.0,2800,0.0,0.0
2022-12-14 14:00:00+09:00,1513.0,1513.0,1510.0,1511.0,6500,0.0,0.0
2022-12-15 09:00:00+09:00,1513.0,1520.0,1508.0,1508.0,15800,0.0,0.0
2022-12-15 10:00:00+09:00,1510.0,1510.0,1506.0,1507.0,1900,0.0,0.0
2022-12-15 11:00:00+09:00,1508.0,1510.0,1502.0,1503.0,0,0.0,0.0
2022-12-15 12:00:00+09:00,1498.0,1504.0,1498.0,1499.0,26800,0.0,0.0
2022-12-15 13:00:00+09:00,1498.0,1499.0,1493.0,1499.0,5000,0.0,0.0
2022-12-15 14:00:00+09:00,1498.0,1498.0,1492.0,1492.0,5800,0.0,0.0
2022-12-16 09:00:00+09:00,1488.0,1503.0,1486.0,1501.0,12500,0.0,0.0
2022-12-16 10:00:00+09:00,1500.0,1502.0,1498.0,1502.0,3400,0.0,0.0
2022-12-16 11:00:00+09:00,1502.0,1504.0,1501.0,1501.0,0,0.0,0.0
2022-12-16 12:00:00+09:00,1493.0,1501.0,1493.0,1501.0,21900,0.0,0.0
2022-12-16 13:00:00+09:00,1503.0,1503.0,1495.0,1498.0,7300,0.0,0.0
2022-12-16 14:00:00+09:00,1498.0,1503.0,1493.0,1503.0,14900,0.0,0.0
2022-12-19 09:00:00+09:00,1505.0,1508.0,1496.0,1508.0,9200,0.0,0.0
2022-12-19 10:00:00+09:00,1508.0,1510.0,1506.0,1507.0,4100,0.0,0.0
2022-12-19 11:00:00+09:00,1508.0,1511.0,1508.0,1511.0,0,0.0,0.0
2022-12-19 12:00:00+09:00,1511.0,1513.0,1511.0,1513.0,16000,0.0,0.0
2022-12-19 13:00:00+09:00,1512.0,1512.0,1508.0,1509.0,5000,0.0,0.0
2022-12-19 14:00:00+09:00,1509.0,1513.0,1509.0,1511.0,6800,0.0,0.0
2022-12-20 09:00:00+09:00,1510.0,1512.0,1505.0,1512.0,4700,0.0,0.0
2022-12-20 10:00:00+09:00,1512.0,1512.0,1509.0,1511.0,3300,0.0,0.0
2022-12-20 11:00:00+09:00,1510.0,1511.0,1510.0,1511.0,0,0.0,0.0
2022-12-20 12:00:00+09:00,1486.0,1494.0,1485.0,1489.0,19200,0.0,0.0
2022-12-20 13:00:00+09:00,1489.0,1492.0,1483.0,1491.0,9700,0.0,0.0
2022-12-20 14:00:00+09:00,1490.0,1496.0,1488.0,1496.0,8100,0.0,0.0
2022-12-21 09:00:00+09:00,1496.0,1502.0,1491.0,1499.0,0,0.0,0.0
2022-12-21 10:00:00+09:00,1498.0,1506.0,1497.0,1505.0,19900,0.0,0.0
2022-12-21 11:00:00+09:00,1505.0,1508.0,1505.0,1508.0,0,0.0,0.0
2022-12-21 12:00:00+09:00,1501.0,1502.0,1495.0,1497.0,28200,0.0,0.0
2022-12-21 13:00:00+09:00,1496.0,1497.0,1490.0,1494.0,7500,0.0,0.0
2022-12-21 14:00:00+09:00,1493.0,1498.0,1493.0,1495.0,5600,0.0,0.0
2022-12-22 09:00:00+09:00,1494.0,1499.0,1489.0,1498.0,9300,0.0,0.0
2022-12-22 10:00:00+09:00,1496.0,1497.0,1489.0,1491.0,4000,0.0,0.0
2022-12-22 11:00:00+09:00,1493.0,1494.0,1492.0,1494.0,0,0.0,0.0
2022-12-22 12:00:00+09:00,1496.0,1496.0,1493.0,1495.0,18900,0.0,0.0
2022-12-22 13:00:00+09:00,1495.0,1502.0,1495.0,1499.0,4100,0.0,0.0
2022-12-22 14:00:00+09:00,1498.0,1504.0,1498.0,1504.0,7600,0.0,0.0
2022-12-23 09:00:00+09:00,1498.0,1510.0,1498.0,1510.0,6500,0.0,0.0
2022-12-23 10:00:00+09:00,1511.0,1513.0,1506.0,1508.0,5200,0.0,0.0
2022-12-23 11:00:00+09:00,1508.0,1508.0,1507.0,1507.0,0,0.0,0.0
2022-12-23 12:00:00+09:00,1507.0,1509.0,1505.0,1509.0,15600,0.0,0.0
2022-12-23 13:00:00+09:00,1508.0,1509.0,1505.0,1505.0,1300,0.0,0.0
2022-12-23 14:00:00+09:00,1506.0,1510.0,1504.0,1509.0,7000,0.0,0.0
2022-12-26 09:00:00+09:00,1507.0,1510.0,1499.0,1510.0,0,0.0,0.0
2022-12-26 10:00:00+09:00,1506.0,1513.0,1506.0,1513.0,2900,0.0,0.0
2022-12-26 11:00:00+09:00,1514.0,1516.0,1513.0,1516.0,0,0.0,0.0
2022-12-26 12:00:00+09:00,1515.0,1516.0,1514.0,1516.0,14400,0.0,0.0
2022-12-26 13:00:00+09:00,1515.0,1517.0,1515.0,1517.0,1400,0.0,0.0
2022-12-26 14:00:00+09:00,1518.0,1520.0,1517.0,1519.0,5900,0.0,0.0
2022-12-27 09:00:00+09:00,1520.0,1525.0,1517.0,1522.0,10500,0.0,0.0
2022-12-27 10:00:00+09:00,1522.0,1526.0,1522.0,1526.0,5200,0.0,0.0
2022-12-27 11:00:00+09:00,1526.0,1528.0,1525.0,1528.0,0,0.0,0.0
2022-12-27 12:00:00+09:00,1524.0,1528.0,1523.0,1524.0,21600,0.0,0.0
2022-12-27 13:00:00+09:00,1525.0,1526.0,1524.0,1524.0,1900,0.0,0.0
2022-12-27 14:00:00+09:00,1524.0,1525.0,1518.0,1518.0,6700,0.0,0.0
2022-12-28 09:00:00+09:00,1521.0,1531.0,1519.0,1526.0,8400,0.0,0.0
2022-12-28 10:00:00+09:00,1526.0,1526.0,1522.0,1524.0,4200,0.0,0.0
2022-12-28 11:00:00+09:00,1525.0,1527.0,1525.0,1527.0,0,0.0,0.0
2022-12-28 12:00:00+09:00,1530.0,1530.0,1526.0,1526.0,18600,0.0,0.0
2022-12-28 13:00:00+09:00,1525.0,1528.0,1524.0,1528.0,3000,0.0,0.0
2022-12-28 14:00:00+09:00,1528.0,1528.0,1521.0,1526.0,8700,0.0,0.0
2022-12-29 09:00:00+09:00,1527.0,1527.0,1510.0,1516.0,6100,0.0,0.0
2022-12-29 10:00:00+09:00,1514.0,1514.0,1512.0,1514.0,1300,0.0,0.0
2022-12-29 11:00:00+09:00,1513.0,1515.0,1513.0,1515.0,0,0.0,0.0
2022-12-29 12:00:00+09:00,1515.0,1516.0,1515.0,1515.0,11300,0.0,0.0
2022-12-29 13:00:00+09:00,1515.0,1518.0,1515.0,1517.0,3800,0.0,0.0
2022-12-29 14:00:00+09:00,1517.0,1522.0,1517.0,1522.0,9400,0.0,0.0
2022-12-30 09:00:00+09:00,1524.0,1531.0,1524.0,1527.0,10900,0.0,0.0
2022-12-30 10:00:00+09:00,1528.0,1529.0,1526.0,1526.0,2200,0.0,0.0
2022-12-30 11:00:00+09:00,1528.0,1528.0,1525.0,1525.0,0,0.0,0.0
2022-12-30 12:00:00+09:00,1522.0,1524.0,1519.0,1519.0,17800,0.0,0.0
2022-12-30 13:00:00+09:00,1518.0,1520.0,1516.0,1517.0,4000,0.0,0.0
2022-12-30 14:00:00+09:00,1516.0,1516.0,1503.0,1511.0,20000,0.0,0.0
2023-01-04 09:00:00+09:00,1503.0,1503.0,1479.0,1482.0,0,0.0,0.0
2023-01-04 10:00:00+09:00,1483.0,1488.0,1483.0,1486.0,0,0.0,0.0
2023-01-04 11:00:00+09:00,1487.0,1489.0,1487.0,1489.0,0,0.0,0.0
2023-01-04 12:00:00+09:00,1489.0,1489.0,1485.0,1485.0,18200,0.0,0.0
2023-01-04 13:00:00+09:00,1487.0,1488.0,1485.0,1485.0,2300,0.0,0.0
2023-01-04 14:00:00+09:00,1486.0,1487.0,1482.0,1482.0,5700,0.0,0.0
2023-01-05 09:00:00+09:00,1477.0,1487.0,1474.0,1486.0,8800,0.0,0.0
2023-01-05 10:00:00+09:00,1485.0,1487.0,1482.0,1486.0,2400,0.0,0.0
2023-01-05 11:00:00+09:00,1485.0,1488.0,1484.0,1488.0,0,0.0,0.0
2023-01-05 12:00:00+09:00,1484.0,1488.0,1483.0,1486.0,16800,0.0,0.0
2023-01-05 13:00:00+09:00,1486.0,1490.0,1486.0,1486.0,5000,0.0,0.0
2023-01-05 14:00:00+09:00,1487.0,1490.0,1482.0,1482.0,8000,0.0,0.0
2023-01-06 09:00:00+09:00,1474.0,1480.0,1467.0,1467.0,0,0.0,0.0
2023-01-06 10:00:00+09:00,1467.0,1469.0,1463.0,1463.0,21900,0.0,0.0
2023-01-06 11:00:00+09:00,1464.0,1468.0,1464.0,1468.0,0,0.0,0.0
2023-01-06 12:00:00+09:00,1466.0,1469.0,1463.0,1463.0,32400,0.0,0.0
2023-01-06 13:00:00+09:00,1463.0,1465.0,1461.0,1462.0,5500,0.0,0.0
2023-01-06 14:00:00+09:00,1463.0,1469.0,1463.0,1465.0,11400,0.0,0.0
2023-01-10 09:00:00+09:00,1471.0,1480.0,1464.0,1465.0,0,0.0,0.0
2023-01-10 10:00:00+09:00,1466.0,1470.0,1466.0,1470.0,2900,0.0,0.0
2023-01-10 11:00:00+09:00,1470.0,1470.0,1468.0,1468.0,0,0.0,0.0
2023-01-10 12:00:00+09:00,1468.0,1470.0,1467.0,1470.0,16200,0.0,0.0
2023-01-10 13:00:00+09:00,1471.0,1472.0,1471.0,1471.0,1400,0.0,0.0
2023-01-10 14:00:00+09:00,1472.0,1474.0,1467.0,1468.0,8000,0.0,0.0
2023-01-11 09:00:00+09:00,1478.0,1481.0,1473.0,1480.0,5000,0.0,0.0
2023-01-11 10:00:00+09:00,1480.0,1483.0,1478.0,1478.0,3600,0.0,0.0
2023-01-11 11:00:00+09:00,1477.0,1479.0,1476.0,1479.0,0,0.0,0.0
2023-01-11 12:00:00+09:00,1472.0,1478.0,1472.0,1478.0,12500,0.0,0.0
2023-01-11 13:00:00+09:00,1477.0,1478.0,1474.0,1475.0,3700,0.0,0.0
2023-01-11 14:00:00+09:00,1476.0,1483.0,1475.0,1483.0,7500,0.0,0.0
2023-01-12 09:00:00+09:00,1478.0,1484.0,1473.0,1478.0,13100,0.0,0.0
2023-01-12 10:00:00+09:00,1477.0,1482.0,1476.0,1481.0,8600,0.0,0.0
2023-01-12 11:00:00+09:00,1481.0,1481.0,1475.0,1475.0,0,0.0,0.0
2023-01-12 12:00:00+09:00,1468.0,1480.0,1468.0,1480.0,39700,0.0,0.0
2023-01-12 13:00:00+09:00,1478.0,1478.0,1475.0,1478.0,5600,0.0,0.0
2023-01-12 14:00:00+09:00,1478.0,1483.0,1477.0,1483.0,9900,0.0,0.0
2023-01-13 09:00:00+09:00,1475.0,1486.0,1475.0,1483.0,8700,0.0,0.0
2023-01-13 10:00:00+09:00,1483.0,1487.0,1479.0,1487.0,6400,0.0,0.0
2023-01-13 11:00:00+09:00,1488.0,1488.0,1486.0,1486.0,0,0.0,0.0
2023-01-13 12:00:00+09:00,1484.0,1489.0,1484.0,1489.0,20400,0.0,0.0
2023-01-13 13:00:00+09:00,1489.0,1492.0,1485.0,1485.0,5000,0.0,0.0
2023-01-13 14:00:00+09:00,1485.0,1488.0,1482.0,1484.0,9800,0.0,0.0
2023-01-16 09:00:00+09:00,1480.0,1510.0,1480.0,1505.0,0,0.0,0.0
2023-01-16 10:00:00+09:00,1504.0,1507.0,1499.0,1503.0,5600,0.0,0.0
2023-01-16 11:00:00+09:00,1503.0,1504.0,1503.0,1504.0,0,0.0,0.0
2023-01-16 12:00:00+09:00,1504.0,1504.0,1501.0,1502.0,27700,0.0,0.0
2023-01-16 13:00:00+09:00,1503.0,1505.0,1502.0,1502.0,4800,0.0,0.0
2023-01-16 14:00:00+09:00,1502.0,1502.0,1496.0,1497.0,8200,0.0,0.0
2023-01-17 09:00:00+09:00,1500.0,1514.0,1500.0,1512.0,16100,0.0,0.0
2023-01-17 10:00:00+09:00,1512.0,1512.0,1508.0,1512.0,4000,0.0,0.0
2023-01-17 11:00:00+09:00,1513.0,1513.0,1509.0,1509.0,0,0.0,0.0
2023-01-17 12:00:00+09:00,1508.0,1513.0,1507.0,1512.0,26900,0.0,0.0
2023-01-17 13:00:00+09:00,1513.0,1519.0,1513.0,1518.0,11200,0.0,0.0
2023-01-17 14:00:00+09:00,1518.0,1519.0,1513.0,1515.0,9400,0.0,0.0
2023-01-18 09:00:00+09:00,1518.0,1520.0,1509.0,1519.0,19800,0.0,0.0
2023-01-18 10:00:00+09:00,1519.0,1524.0,1519.0,1521.0,7500,0.0,0.0
2023-01-18 11:00:00+09:00,1520.0,1521.0,1519.0,1519.0,0,0.0,0.0
2023-01-18 12:00:00+09:00,1528.0,1531.0,1521.0,1527.0,42300,0.0,0.0
2023-01-18 13:00:00+09:00,1527.0,1528.0,1526.0,1526.0,5400,0.0,0.0
2023-01-18 14:00:00+09:00,1525.0,1531.0,1525.0,1531.0,18800,0.0,0.0
2023-01-19 09:00:00+09:00,1520.0,1525.0,1520.0,1522.0,4400,0.0,0.0
2023-01-19 10:00:00+09:00,1523.0,1527.0,1520.0,1520.0,5100,0.0,0.0
2023-01-19 11:00:00+09:00,1519.0,1520.0,1519.0,1519.0,0,0.0,0.0
2023-01-19 12:00:00+09:00,1518.0,1523.0,1518.0,1520.0,15000,0.0,0.0
2023-01-19 13:00:00+09:00,1518.0,1523.0,1518.0,1523.0,3700,0.0,0.0
2023-01-19 14:00:00+09:00,1523.0,1524.0,1519.0,1520.0,6200,0.0,0.0
2023-01-20 09:00:00+09:00,1520.0,1529.0,1519.0,1522.0,7600,0.0,0.0
2023-01-20 10:00:00+09:00,1524.0,1529.0,1524.0,1529.0,2300,0.0,0.0
2023-01-20 11:00:00+09:00,1530.0,1531.0,1529.0,1529.0,0,0.0,0.0
2023-01-20 12:00:00+09:00,1530.0,1533.0,1530.0,1533.0,21100,0.0,0.0
2023-01-20 13:00:00+09:00,1533.0,1533.0,1532.0,1532.0,1500,0.0,0.0
2023-01-20 14:00:00+09:00,1532.0,1535.0,1531.0,1535.0,3500,0.0,0.0
2023-01-23 09:00:00+09:00,1534.0,1540.0,1528.0,1536.0,11700,0.0,0.0
2023-01-23 10:00:00+09:00,1535.0,1547.0,1535.0,1540.0,13800,0.0,0.0
2023-01-23 11:00:00+09:00,1540.0,1540.0,1537.0,1538.0,0,0.0,0.0
2023-01-23 12:00:00+09:00,1536.0,1540.0,1536.0,1540.0,31500,0.0,0.0
2023-01-23 13:00:00+09:00,1540.0,1540.0,1539.0,1539.0,3000,0.0,0.0
2023-01-23 14:00:00+09:00,1538.0,1542.0,1538.0,1542.0,5200,0.0,0.0
2023-01-24 09:00:00+09:00,1548.0,1557.0,1546.0,1557.0,17600,0.0,0.0
2023-01-24 10:00:00+09:00,1556.0,1559.0,1555.0,1558.0,6900,0.0,0.0
2023-01-24 11:00:00+09:00,1559.0,1561.0,1559.0,1561.0,0,0.0,0.0
2023-01-24 12:00:00+09:00,1562.0,1562.0,1557.0,1559.0,35900,0.0,0.0
2023-01-24 13:00:00+09:00,1559.0,1562.0,1559.0,1561.0,6400,0.0,0.0
2023-01-24 14:00:00+09:00,1562.0,1566.0,1560.0,1566.0,15500,0.0,0.0
2023-01-25 09:00:00+09:00,1558.0,1567.0,1558.0,1558.0,9200,0.0,0.0
2023-01-25 10:00:00+09:00,1556.0,1560.0,1550.0,1560.0,4700,0.0,0.0
2023-01-25 11:00:00+09:00,1562.0,1564.0,1562.0,1564.0,0,0.0,0.0
2023-01-25 12:00:00+09:00,1564.0,1568.0,1563.0,1565.0,19500,0.0,0.0
2023-01-25 13:00:00+09:00,1566.0,1569.0,1564.0,1569.0,3200,0.0,0.0
2023-01-25 14:00:00+09:00,1568.0,1572.0,1567.0,1569.0,10800,0.0,0.0
2023-01-26 09:00:00+09:00,1573.0,1573.0,1564.0,1567.0,6600,0.0,0.0
2023-01-26 10:00:00+09:00,1569.0,1572.0,1566.0,1567.0,4300,0.0,0.0
2023-01-26 11:00:00+09:00,1567.0,1568.0,1566.0,1568.0,0,0.0,0.0
2023-01-26 12:00:00+09:00,1570.0,1570.0,1566.0,1567.0,14900,0.0,0.0
2023-01-26 13:00:00+09:00,1567.0,1567.0,1565.0,1567.0,2000,0.0,0.0
2023-01-26 14:00:00+09:00,1567.0,1567.0,1559.0,1559.0,7300,0.0,0.0
2023-01-27 09:00:00+09:00,1569.0,1569.0,1557.0,1565.0,7900,0.0,0.0
2023-01-27 10:00:00+09:00,1564.0,1567.0,1560.0,1566.0,4900,0.0,0.0
2023-01-27 11:00:00+09:00,1566.0,1569.0,1565.0,1569.0,0,0.0,0.0
2023-01-27 12:00:00+09:00,1571.0,1571.0,1565.0,1565.0,18800,0.0,0.0
2023-01-27 13:00:00+09:00,1563.0,1570.0,1562.0,1567.0,3400,0.0,0.0
2023-01-27 14:00:00+09:00,1566.0,1570.0,1565.0,1567.0,5200,0.0,0.0
2023-01-30 09:00:00+09:00,1570.0,1583.0,1567.0,1581.0,0,0.0,0.0
2023-01-30 10:00:00+09:00,1582.0,1588.0,1579.0,1583.0,10900,0.0,0.0
2023-01-30 11:00:00+09:00,1582.0,1588.0,1582.0,1587.0,0,0.0,0.0
2023-01-30 12:00:00+09:00,1588.0,1594.0,1587.0,1590.0,42800,0.0,0.0
2023-01-30 13:00:00+09:00,1592.0,1592.0,1583.0,1588.0,9500,0.0,0.0
2023-01-30 14:00:00+09:00,1587.0,1589.0,1579.0,1589.0,26200,0.0,0.0
2023-01-31 09:00:00+09:00,1593.0,1606.0,1593.0,1597.0,33400,0.0,0.0
2023-01-31 10:00:00+09:00,1597.0,1598.0,1593.0,1594.0,2800,0.0,0.0
2023-01-31 11:00:00+09:00,1593.0,1595.0,1592.0,1593.0,0,0.0,0.0
2023-01-31 12:00:00+09:00,1593.0,1595.0,1591.0,1593.0,43400,0.0,0.0
2023-01-31 13:00:00+09:00,1592.0,1592.0,1588.0,1591.0,2600,0.0,0.0
2023-01-31 14:00:00+09:00,1592.0,1596.0,1588.0,1592.0,10000,0.0,0.0
2023-02-01 09:00:00+09:00,1590.0,1598.0,1586.0,1588.0,9900,0.0,0.0
2023-02-01 10:00:00+09:00,1587.0,1588.0,1581.0,1583.0,7400,0.0,0.0
2023-02-01 11:00:00+09:00,1583.0,1583.0,1581.0,1582.0,0,0.0,0.0
2023-02-01 12:00:00+09:00,1582.0,1583.0,1575.0,1576.0,21200,0.0,0.0
2023-02-01 13:00:00+09:00,1577.0,1578.0,1573.0,1577.0,4600,0.0,0.0
2023-02-01 14:00:00+09:00,1575.0,1575.0,1569.0,1572.0,4600,0.0,0.0
2023-02-02 09:00:00+09:00,1580.0,1583.0,1567.0,1567.0,7700,0.0,0.0
2023-02-02 10:00:00+09:00,1568.0,1572.0,1567.0,1571.0,4600,0.0,0.0
2023-02-02 11:00:00+09:00,1571.0,1571.0,1567.0,1567.0,0,0.0,0.0
2023-02-02 12:00:00+09:00,1559.0,1567.0,1559.0,1560.0,20900,0.0,0.0
2023-02-02 13:00:00+09:00,1560.0,1564.0,1556.0,1564.0,6200,0.0,0.0
2023-02-02 14:00:00+09:00,1564.0,1564.0,1558.0,1560.0,5400,0.0,0.0
2023-02-03 09:00:00+09:00,1555.0,1564.0,1553.0,1564.0,7600,0.0,0.0
2023-02-03 10:00:00+09:00,1564.0,1564.0,1563.0,1563.0,200,0.0,0.0
2023-02-03 11:00:00+09:00,1560.0,1560.0,1555.0,1555.0,0,0.0,0.0
2023-02-03 12:00:00+09:00,1551.0,1551.0,1545.0,1545.0,14600,0.0,0.0
2023-02-03 13:00:00+09:00,1546.0,1546.0,1541.0,1543.0,4100,0.0,0.0
2023-02-03 14:00:00+09:00,1544.0,1547.0,1543.0,1546.0,3100,0.0,0.0
2023-02-06 09:00:00+09:00,1558.0,1558.0,1551.0,1552.0,5500,0.0,0.0
2023-02-06 10:00:00+09:00,1554.0,1555.0,1553.0,1553.0,900,0.0,0.0
2023-02-06 11:00:00+09:00,1553.0,1553.0,1545.0,1545.0,0,0.0,0.0
2023-02-06 12:00:00+09:00,1542.0,1547.0,1542.0,1547.0,12000,0.0,0.0
2023-02-06 13:00:00+09:00,1551.0,1554.0,1551.0,1553.0,1100,0.0,0.0
2023-02-06 14:00:00+09:00,1554.0,1554.0,1551.0,1554.0,4000,0.0,0.0
2023-02-07 09:00:00+09:00,1561.0,1574.0,1556.0,1568.0,9400,0.0,0.0
2023-02-07 10:00:00+09:00,1568.0,1574.0,1559.0,1559.0,4200,0.0,0.0
2023-02-07 11:00:00+09:00,1558.0,1558.0,1556.0,1556.0,0,0.0,0.0
2023-02-07 12:00:00+09:00,1553.0,1557.0,1553.0,1557.0,14000,0.0,0.0
2023-02-07 13:00:00+09:00,1555.0,1555.0,1552.0,1553.0,1500,0.0,0.0
2023-02-07 14:00:00+09:00,1553.0,1555.0,1551.0,1555.0,1600,0.0,0.0
2023-02-08 09:00:00+09:00,1555.0,1561.0,1554.0,1559.0,2400,0.0,0.0
2023-02-08 10:00:00+09:00,1555.0,1557.0,1554.0,1557.0,700,0.0,0.0
2023-02-08 11:00:00+09:00,1557.0,1557.0,1557.0,1557.0,0,0.0,0.0
2023-02-08 12:00:00+09:00,1554.0,1557.0,1553.0,1557.0,4600,0.0,0.0
2023-02-08 13:00:00+09:00,1556.0,1556.0,1555.0,1556.0,600,0.0,0.0
2023-02-08 14:00:00+09:00,1556.0,1558.0,1555.0,1556.0,4200,0.0,0.0
2023-02-09 09:00:00+09:00,1554.0,1557.0,1552.0,1554.0,1700,0.0,0.0
2023-02-09 10:00:00+09:00,1554.0,1556.0,1553.0,1553.0,1800,0.0,0.0
2023-02-09 11:00:00+09:00,1552.0,1552.0,1550.0,1552.0,0,0.0,0.0
2023-02-09 12:00:00+09:00,1550.0,1554.0,1550.0,1554.0,5200,0.0,0.0
2023-02-09 13:00:00+09:00,1553.0,1554.0,1553.0,1554.0,2000,0.0,0.0
2023-02-09 14:00:00+09:00,1553.0,1553.0,1549.0,1550.0,9000,0.0,0.0
2023-02-10 09:00:00+09:00,1540.0,1557.0,1540.0,1557.0,13300,0.0,0.0
2023-02-10 10:00:00+09:00,1555.0,1562.0,1555.0,1562.0,2900,0.0,0.0
2023-02-10 11:00:00+09:00,1561.0,1561.0,1559.0,1561.0,0,0.0,0.0
2023-02-10 12:00:00+09:00,1558.0,1563.0,1558.0,1563.0,21200,0.0,0.0
2023-02-10 13:00:00+09:00,1563.0,1564.0,1562.0,1563.0,1000,0.0,0.0
2023-02-10 14:00:00+09:00,1561.0,1563.0,1557.0,1563.0,6400,0.0,0.0
2023-02-13 09:00:00+09:00,1562.0,1571.0,1562.0,1564.0,6900,0.0,0.0
2023-02-13 10:00:00+09:00,1557.0,1564.0,1557.0,1564.0,1700,0.0,0.0
2023-02-13 11:00:00+09:00,1563.0,1565.0,1560.0,1565.0,0,0.0,0.0
2023-02-13 12:00:00+09:00,1565.0,1565.0,1563.0,1563.0,14500,0.0,0.0
2023-02-13 13:00:00+09:00,1562.0,1562.0,1561.0,1562.0,1500,0.0,0.0
2023-02-13 14:00:00+09:00,1563.0,1563.0,1560.0,1560.0,3700,0.0,0.0
2023-02-14 09:00:00+09:00,1576.0,1577.0,1570.0,1574.0,5800,0.0,0.0
2023-02-14 10:00:00+09:00,1573.0,1574.0,1570.0,1570.0,1200,0.0,0.0
2023-02-14 11:00:00+09:00,1572.0,1572.0,1569.0,1570.0,0,0.0,0.0
2023-02-14 12:00:00+09:00,1569.0,1581.0,1569.0,1581.0,13200,0.0,0.0
2023-02-14 13:00:00+09:00,1580.0,1581.0,1579.0,1579.0,2000,0.0,0.0
2023-02-14 14:00:00+09:00,1579.0,1585.0,1578.0,1582.0,8500,0.0,0.0
2023-02-15 09:00:00+09:00,1581.0,1581.0,1571.0,1573.0,14300,0.0,0.0
2023-02-15 10:00:00+09:00,1574.0,1577.0,1565.0,1569.0,0,0.0,0.0
2023-02-15 11:00:00+09:00,1570.0,1570.0,1568.0,1569.0,0,0.0,0.0
2023-02-15 12:00:00+09:00,1562.0,1569.0,1560.0,1565.0,22700,0.0,0.0
2023-02-15 13:00:00+09:00,1561.0,1562.0,1561.0,1562.0,600,0.0,0.0
2023-02-15 14:00:00+09:00,1563.0,1569.0,1563.0,1568.0,4000,0.0,0.0
2023-02-16 09:00:00+09:00,1578.0,1579.0,1568.0,1570.0,0,0.0,0.0
2023-02-16 10:00:00+09:00,1566.0,1569.0,1566.0,1567.0,5100,0.0,0.0
2023-02-16 11:00:00+09:00,1567.0,1572.0,1566.0,1572.0,0,0.0,0.0
2023-02-16 12:00:00+09:00,1566.0,1571.0,1565.0,1567.0,9700,0.0,0.0
2023-02-16 13:00:00+09:00,1567.0,1569.0,1564.0,1565.0,3400,0.0,0.0
2023-02-16 14:00:00+09:00,1565.0,1572.0,1565.0,1570.0,5700,0.0,0.0
2023-02-17 09:00:00+09:00,1560.0,1569.0,1560.0,1566.0,12900,0.0,0.0
2023-02-17 10:00:00+09:00,1568.0,1570.0,1568.0,1568.0,500,0.0,0.0
2023-02-17 11:00:00+09:00,1568.0,1570.0,1568.0,1569.0,0,0.0,0.0
2023-02-17 12:00:00+09:00,1569.0,1570.0,1569.0,1570.0,0,0.0,0.0
2023-02-17 13:00:00+09:00,1570.0,1574.0,1569.0,1572.0,20900,0.0,0.0
2023-02-17 14:00:00+09:00,1571.0,1572.0,1566.0,1568.0,3200,0.0,0.0
2023-02-20 09:00:00+09:00,1572.0,1584.0,1572.0,1581.0,8200,0.0,0.0
2023-02-20 10:00:00+09:00,1582.0,1584.0,1581.0,1581.0,2700,0.0,0.0
2023-02-20 11:00:00+09:00,1580.0,1580.0,1578.0,1579.0,0,0.0,0.0
2023-02-20 12:00:00+09:00,1575.0,1575.0,1575.0,1575.0,12000,0.0,0.0
2023-02-20 14:00:00+09:00,1580.0,1580.0,1578.0,1579.0,1900,0.0,0.0
2023-02-21 09:00:00+09:00,1579.0,1583.0,1573.0,1574.0,0,0.0,0.0
2023-02-21 10:00:00+09:00,1576.0,1577.0,1576.0,1576.0,7300,0.0,0.0
2023-02-21 11:00:00+09:00,1576.0,1577.0,1576.0,1577.0,0,0.0,0.0
2023-02-21 12:00:00+09:00,1575.0,1579.0,1575.0,1577.0,9200,0.0,0.0
2023-02-21 13:00:00+09:00,1576.0,1578.0,1576.0,1577.0,400,0.0,0.0
2023-02-21 14:00:00+09:00,1576.0,1577.0,1573.0,1574.0,3500,0.0,0.0
2023-02-22 09:00:00+09:00,1564.0,1577.0,1564.0,1576.0,9800,0.0,0.0
2023-02-22 10:00:00+09:00,1575.0,1577.0,1571.0,1577.0,2700,0.0,0.0
2023-02-22 11:00:00+09:00,1575.0,1580.0,1575.0,1579.0,0,0.0,0.0
2023-02-22 12:00:00+09:00,1579.0,1582.0,1579.0,1581.0,18900,0.0,0.0
2023-02-22 13:00:00+09:00,1581.0,1581.0,1577.0,1578.0,1900,0.0,0.0
2023-02-22 14:00:00+09:00,1577.0,1581.0,1577.0,1579.0,5400,0.0,0.0
2023-02-24 09:00:00+09:00,1577.0,1582.0,1572.0,1582.0,0,0.0,0.0
2023-02-24 10:00:00+09:00,1583.0,1583.0,1577.0,1580.0,7500,0.0,0.0
2023-02-24 11:00:00+09:00,1579.0,1579.0,1577.0,1577.0,0,0.0,0.0
2023-02-24 12:00:00+09:00,1579.0,1579.0,1576.0,1576.0,37600,0.0,0.0
2023-02-24 13:00:00+09:00,1576.0,1577.0,1576.0,1577.0,3600,0.0,0.0
2023-02-24 14:00:00+09:00,1576.0,1576.0,1573.0,1575.0,5500,0.0,0.0
2023-02-27 09:00:00+09:00,1572.0,1575.0,1559.0,1559.0,0,0.0,0.0
2023-02-27 10:00:00+09:00,1560.0,1560.0,1556.0,1558.0,3800,0.0,0.0
2023-02-27 11:00:00+09:00,1558.0,1560.0,1557.0,1560.0,0,0.0,0.0
2023-02-27 12:00:00+09:00,1563.0,1565.0,1560.0,1561.0,36400,0.0,0.0
2023-02-27 13:00:00+09:00,1561.0,1570.0,1561.0,1567.0,8900,0.0,0.0
2023-02-27 14:00:00+09:00,1567.0,1577.0,1567.0,1574.0,13800,0.0,0.0
2023-02-28 09:00:00+09:00,1574.0,1575.0,1570.0,1573.0,0,0.0,0.0
2023-02-28 10:00:00+09:00,1574.0,1574.0,1572.0,1573.0,12700,0.0,0.0
2023-02-28 11:00:00+09:00,1574.0,1577.0,1574.0,1576.0,0,0.0,0.0
2023-02-28 12:00:00+09:00,1578.0,1578.0,1576.0,1576.0,19100,0.0,0.0
2023-02-28 13:00:00+09:00,1576.0,1576.0,1574.0,1575.0,1800,0.0,0.0
2023-02-28 14:00:00+09:00,1575.0,1575.0,1568.0,1569.0,4300,0.0,0.0
2023-03-01 09:00:00+09:00,1575.0,1580.0,1575.0,1577.0,9700,0.0,0.0
2023-03-01 10:00:00+09:00,1577.0,1580.0,1575.0,1578.0,3600,0.0,0.0
2023-03-01 11:00:00+09:00,1579.0,1580.0,1579.0,1580.0,0,0.0,0.0
2023-03-01 12:00:00+09:00,1580.0,1583.0,1578.0,1578.0,22000,0.0,0.0
2023-03-01 13:00:00+09:00,1579.0,1582.0,1578.0,1581.0,5500,0.0,0.0
2023-03-01 14:00:00+09:00,1580.0,1583.0,1577.0,1578.0,7400,0.0,0.0
2023-03-02 09:00:00+09:00,1578.0,1585.0,1576.0,1583.0,28700,0.0,0.0
2023-03-02 10:00:00+09:00,1582.0,1582.0,1576.0,1577.0,6000,0.0,0.0
2023-03-02 11:00:00+09:00,1577.0,1577.0,1575.0,1575.0,0,0.0,0.0
2023-03-02 12:00:00+09:00,1577.0,1577.0,1565.0,1565.0,46800,0.0,0.0
2023-03-02 13:00:00+09:00,1566.0,1566.0,1558.0,1559.0,15700,0.0,0.0
2023-03-02 14:00:00+09:00,1556.0,1557.0,1552.0,1552.0,27300,0.0,0.0
2023-03-03 09:00:00+09:00,1551.0,1580.0,1524.0,1555.0,213200,0.0,0.0
2023-03-03 10:00:00+09:00,1557.0,1562.0,1551.0,1555.0,15900,0.0,0.0
2023-03-03 11:00:00+09:00,1554.0,1555.0,1545.0,1553.0,0,0.0,0.0
2023-03-03 12:00:00+09:00,1550.0,1553.0,1546.0,1546.0,278600,0.0,0.0
2023-03-03 13:00:00+09:00,1546.0,1548.0,1538.0,1539.0,0,0.0,0.0
2023-03-03 14:00:00+09:00,1538.0,1540.0,1534.0,1539.0,331900,0.0,0.0
2023-03-06 09:00:00+09:00,1550.0,1551.0,1535.0,1537.0,41300,0.0,0.0
2023-03-06 10:00:00+09:00,1536.0,1543.0,1536.0,1541.0,6500,0.0,0.0
2023-03-06 11:00:00+09:00,1541.0,1543.0,1541.0,1541.0,0,0.0,0.0
2023-03-06 12:00:00+09:00,1544.0,1544.0,1537.0,1538.0,64600,0.0,0.0
2023-03-06 13:00:00+09:00,1538.0,1540.0,1535.0,1536.0,5700,0.0,0.0
2023-03-06 14:00:00+09:00,1535.0,1536.0,1531.0,1535.0,13200,0.0,0.0
2023-03-07 09:00:00+09:00,1523.0,1546.0,1516.0,1546.0,47000,0.0,0.0
2023-03-07 10:00:00+09:00,1544.0,1544.0,1540.0,1543.0,5200,0.0,0.0
2023-03-07 11:00:00+09:00,1544.0,1544.0,1541.0,1541.0,0,0.0,0.0
2023-03-07 12:00:00+09:00,1545.0,1545.0,1539.0,1541.0,59900,0.0,0.0
2023-03-07 13:00:00+09:00,1542.0,1543.0,1533.0,1535.0,6800,0.0,0.0
2023-03-07 14:00:00+09:00,1536.0,1544.0,1535.0,1542.0,8100,0.0,0.0
2023-03-08 09:00:00+09:00,1534.0,1545.0,1534.0,1539.0,8000,0.0,0.0
2023-03-08 10:00:00+09:00,1539.0,1539.0,1536.0,1537.0,9400,0.0,0.0
2023-03-08 11:00:00+09:00,1537.0,1547.0,1535.0,1546.0,0,0.0,0.0
2023-03-08 12:00:00+09:00,1539.0,1549.0,1539.0,1547.0,36700,0.0,0.0
2023-03-08 13:00:00+09:00,1548.0,1548.0,1544.0,1546.0,0,0.0,0.0
2023-03-08 14:00:00+09:00,1547.0,1548.0,1542.0,1543.0,53300,0.0,0.0
2023-03-09 09:00:00+09:00,1550.0,1568.0,1550.0,1568.0,15400,0.0,0.0
2023-03-09 10:00:00+09:00,1567.0,1575.0,1567.0,1573.0,11200,0.0,0.0
2023-03-09 11:00:00+09:00,1574.0,1583.0,1574.0,1582.0,0,0.0,0.0
2023-03-09 12:00:00+09:00,1580.0,1582.0,1578.0,1579.0,36500,0.0,0.0
2023-03-09 13:00:00+09:00,1577.0,1577.0,1574.0,1574.0,3300,0.0,0.0
2023-03-09 14:00:00+09:00,1574.0,1578.0,1574.0,1578.0,3800,0.0,0.0
2023-03-10 09:00:00+09:00,1571.0,1583.0,1571.0,1575.0,188700,0.0,0.0
2023-03-10 10:00:00+09:00,1575.0,1576.0,1573.0,1573.0,1700,0.0,0.0
2023-03-10 11:00:00+09:00,1572.0,1572.0,1570.0,1571.0,0,0.0,0.0
2023-03-10 12:00:00+09:00,1572.0,1574.0,1569.0,1570.0,235500,0.0,0.0
2023-03-10 13:00:00+09:00,1569.0,1575.0,1569.0,1572.0,4000,0.0,0.0
2023-03-10 14:00:00+09:00,1574.0,1576.0,1572.0,1574.0,11200,0.0,0.0
2023-03-13 09:00:00+09:00,1570.0,1574.0,1556.0,1557.0,0,0.0,0.0
2023-03-13 10:00:00+09:00,1556.0,1559.0,1555.0,1559.0,5300,0.0,0.0
2023-03-13 11:00:00+09:00,1558.0,1560.0,1557.0,1557.0,0,0.0,0.0
2023-03-13 12:00:00+09:00,1558.0,1565.0,1558.0,1561.0,33400,0.0,0.0
2023-03-13 13:00:00+09:00,1561.0,1561.0,1556.0,1557.0,4600,0.0,0.0
2023-03-13 14:00:00+09:00,1558.0,1561.0,1555.0,1559.0,9100,0.0,0.0
2023-03-14 09:00:00+09:00,1545.0,1546.0,1525.0,1526.0,25500,0.0,0.0
2023-03-14 10:00:00+09:00,1526.0,1528.0,1521.0,1524.0,8800,0.0,0.0
2023-03-14 11:00:00+09:00,1524.0,1533.0,1524.0,1533.0,0,0.0,0.0
2023-03-14 12:00:00+09:00,1531.0,1539.0,1529.0,1539.0,44000,0.0,0.0
2023-03-14 13:00:00+09:00,1537.0,1537.0,1528.0,1528.0,0,0.0,0.0
2023-03-14 14:00:00+09:00,1528.0,1528.0,1521.0,1527.0,61800,0.0,0.0
2023-03-15 09:00:00+09:00,1541.0,1541.0,1535.0,1539.0,14000,0.0,0.0
2023-03-15 10:00:00+09:00,1539.0,1540.0,1536.0,1536.0,2300,0.0,0.0
2023-03-15 11:00:00+09:00,1536.0,1536.0,1532.0,1534.0,0,0.0,0.0
2023-03-15 12:00:00+09:00,1531.0,1534.0,1531.0,1531.0,21600,0.0,0.0
2023-03-15 13:00:00+09:00,1532.0,1542.0,1531.0,1537.0,5700,0.0,0.0
2023-03-15 14:00:00+09:00,1537.0,1537.0,1532.0,1535.0,7200,0.0,0.0
2023-03-16 09:00:00+09:00,1518.0,1525.0,1515.0,1519.0,19900,0.0,0.0
2023-03-16 10:00:00+09:00,1519.0,1524.0,1519.0,1522.0,6300,0.0,0.0
2023-03-16 11:00:00+09:00,1521.0,1523.0,1520.0,1522.0,0,0.0,0.0
2023-03-16 12:00:00+09:00,1521.0,1524.0,1520.0,1522.0,37400,0.0,0.0
2023-03-16 13:00:00+09:00,1522.0,1524.0,1520.0,1523.0,3600,0.0,0.0
2023-03-16 14:00:00+09:00,1523.0,1524.0,1520.0,1523.0,5700,0.0,0.0
2023-03-17 09:00:00+09:00,1531.0,1545.0,1529.0,1534.0,111800,0.0,0.0
2023-03-17 10:00:00+09:00,1530.0,1534.0,1526.0,1526.0,4100,0.0,0.0
2023-03-17 11:00:00+09:00,1525.0,1525.0,1521.0,1525.0,0,0.0,0.0
2023-03-17 12:00:00+09:00,1529.0,1531.0,1525.0,1526.0,149500,0.0,0.0
2023-03-17 13:00:00+09:00,1526.0,1531.0,1526.0,1530.0,3300,0.0,0.0
2023-03-17 14:00:00+09:00,1531.0,1533.0,1524.0,1525.0,12300,0.0,0.0
2023-03-20 09:00:00+09:00,1537.0,1539.0,1525.0,1532.0,10900,0.0,0.0
2023-03-20 10:00:00+09:00,1531.0,1531.0,1525.0,1526.0,5200,0.0,0.0
2023-03-20 11:00:00+09:00,1524.0,1525.0,1524.0,1525.0,0,0.0,0.0
2023-03-20 12:00:00+09:00,1523.0,1525.0,1520.0,1524.0,25800,0.0,0.0
2023-03-20 13:00:00+09:00,1524.0,1524.0,1518.0,1518.0,5200,0.0,0.0
2023-03-20 14:00:00+09:00,1518.0,1518.0,1515.0,1515.0,8100,0.0,0.0
2023-03-22 09:00:00+09:00,1531.0,1531.0,1524.0,1525.0,23700,0.0,0.0
2023-03-22 10:00:00+09:00,1522.0,1524.0,1518.0,1520.0,7000,0.0,0.0
2023-03-22 11:00:00+09:00,1520.0,1520.0,1516.0,1518.0,0,0.0,0.0
2023-03-22 12:00:00+09:00,1519.0,1519.0,1518.0,1518.0,90400,0.0,0.0
2023-03-22 13:00:00+09:00,1517.0,1521.0,1516.0,1521.0,3500,0.0,0.0
2023-03-22 14:00:00+09:00,1520.0,1521.0,1515.0,1515.0,5500,0.0,0.0
2023-03-23 09:00:00+09:00,1509.0,1516.0,1508.0,1514.0,53900,0.0,0.0
2023-03-23 10:00:00+09:00,1514.0,1516.0,1510.0,1513.0,7200,0.0,0.0
2023-03-23 11:00:00+09:00,1514.0,1517.0,1514.0,1517.0,0,0.0,0.0
2023-03-23 12:00:00+09:00,1517.0,1517.0,1514.0,1517.0,79000,0.0,0.0
2023-03-23 13:00:00+09:00,1516.0,1516.0,1513.0,1514.0,3000,0.0,0.0
2023-03-23 14:00:00+09:00,1515.0,1519.0,1514.0,1518.0,5600,0.0,0.0
2023-03-24 09:00:00+09:00,1516.0,1516.0,1509.0,1512.0,56400,0.0,0.0
2023-03-24 10:00:00+09:00,1511.0,1518.0,1511.0,1518.0,2200,0.0,0.0
2023-03-24 11:00:00+09:00,1519.0,1522.0,1519.0,1521.0,0,0.0,0.0
2023-03-24 12:00:00+09:00,1523.0,1526.0,1521.0,1521.0,76100,0.0,0.0
2023-03-24 13:00:00+09:00,1520.0,1524.0,1519.0,1524.0,3000,0.0,0.0
2023-03-24 14:00:00+09:00,1524.0,1530.0,1524.0,1527.0,3900,0.0,0.0
2023-03-27 09:00:00+09:00,1533.0,1542.0,1526.0,1537.0,33600,0.0,0.0
2023-03-27 10:00:00+09:00,1539.0,1542.0,1538.0,1542.0,5100,0.0,0.0
2023-03-27 11:00:00+09:00,1540.0,1542.0,1539.0,1541.0,0,0.0,0.0
2023-03-27 12:00:00+09:00,1539.0,1542.0,1539.0,1539.0,50400,0.0,0.0
2023-03-27 13:00:00+09:00,1538.0,1538.0,1537.0,1538.0,1600,0.0,0.0
2023-03-27 14:00:00+09:00,1539.0,1541.0,1537.0,1539.0,7200,0.0,0.0
2023-03-28 09:00:00+09:00,1542.0,1543.0,1525.0,1525.0,27400,0.0,0.0
2023-03-28 10:00:00+09:00,1525.0,1526.0,1523.0,1525.0,5100,0.0,0.0
2023-03-28 11:00:00+09:00,1525.0,1528.0,1524.0,1528.0,0,0.0,0.0
2023-03-28 12:00:00+09:00,1526.0,1526.0,1522.0,1525.0,41000,0.0,0.0
2023-03-28 13:00:00+09:00,1526.0,1527.0,1524.0,1525.0,3700,0.0,0.0
2023-03-28 14:00:00+09:00,1526.0,1529.0,1524.0,1527.0,6400,0.0,0.0
2023-03-29 09:00:00+09:00,1533.0,1545.0,1530.0,1542.0,55200,0.0,0.0
2023-03-29 10:00:00+09:00,1544.0,1545.0,1542.0,1542.0,4000,0.0,0.0
2023-03-29 11:00:00+09:00,1542.0,1543.0,1541.0,1543.0,0,0.0,0.0
2023-03-29 12:00:00+09:00,1541.0,1544.0,1539.0,1540.0,75500,0.0,0.0
2023-03-29 13:00:00+09:00,1540.0,1543.0,1540.0,1543.0,3900,0.0,0.0
2023-03-29 14:00:00+09:00,1544.0,1556.0,1544.0,1555.0,14600,0.0,0.0
2023-03-30 09:00:00+09:00,1550.0,1564.0,1548.0,1564.0,29600,0.0,0.0
2023-03-30 10:00:00+09:00,1562.0,1567.0,1558.0,1567.0,16200,0.0,0.0
2023-03-30 11:00:00+09:00,1565.0,1570.0,1565.0,1567.0,0,0.0,0.0
2023-03-30 12:00:00+09:00,1566.0,1574.0,1566.0,1570.0,65700,0.0,0.0
2023-03-30 13:00:00+09:00,1572.0,1574.0,1567.0,1567.0,3200,0.0,0.0
2023-03-30 14:00:00+09:00,1568.0,1574.0,1567.0,1571.0,17200,0.0,0.0
2023-03-31 09:00:00+09:00,1573.0,1577.0,1557.0,1558.0,50700,0.0,0.0
2023-03-31 10:00:00+09:00,1559.0,1565.0,1558.0,1562.0,5300,0.0,0.0
2023-03-31 11:00:00+09:00,1563.0,1565.0,1563.0,1565.0,0,0.0,0.0
2023-03-31 12:00:00+09:00,1563.0,1564.0,1561.0,1564.0,69400,0.0,0.0
2023-03-31 13:00:00+09:00,1564.0,1569.0,1564.0,1565.0,8100,0.0,0.0
2023-03-31 14:00:00+09:00,1564.0,1568.0,1561.0,1565.0,21400,0.0,0.0
2023-04-03 09:00:00+09:00,1559.0,1572.0,1559.0,1572.0,29900,0.0,0.0
2023-04-03 10:00:00+09:00,1572.0,1573.0,1567.0,1567.0,7600,0.0,0.0
2023-04-03 11:00:00+09:00,1567.0,1568.0,1566.0,1566.0,0,0.0,0.0
2023-04-03 12:00:00+09:00,1570.0,1571.0,1561.0,1561.0,62600,0.0,0.0
2023-04-03 13:00:00+09:00,1561.0,1563.0,1559.0,1561.0,13400,0.0,0.0
2023-04-03 14:00:00+09:00,1561.0,1565.0,1560.0,1563.0,11300,0.0,0.0
2023-04-04 09:00:00+09:00,1560.0,1562.0,1552.0,1554.0,39000,0.0,0.0
2023-04-04 10:00:00+09:00,1554.0,1559.0,1554.0,1559.0,8900,0.0,0.0
2023-04-04 11:00:00+09:00,1558.0,1558.0,1556.0,1556.0,0,0.0,0.0
2023-04-04 12:00:00+09:00,1555.0,1559.0,1555.0,1557.0,52100,0.0,0.0
2023-04-04 13:00:00+09:00,1557.0,1557.0,1556.0,1556.0,5900,0.0,0.0
2023-04-04 14:00:00+09:00,1555.0,1557.0,1553.0,1557.0,20000,0.0,0.0
2023-04-05 09:00:00+09:00,1553.0,1559.0,1548.0,1557.0,28300,0.0,0.0
2023-04-05 10:00:00+09:00,1555.0,1556.0,1549.0,1552.0,9600,0.0,0.0
2023-04-05 11:00:00+09:00,1552.0,1554.0,1552.0,1553.0,0,0.0,0.0
2023-04-05 12:00:00+09:00,1553.0,1555.0,1551.0,1552.0,45800,0.0,0.0
2023-04-05 13:00:00+09:00,1552.0,1552.0,1549.0,1550.0,4600,0.0,0.0
2023-04-05 14:00:00+09:00,1550.0,1553.0,1550.0,1553.0,10000,0.0,0.0
2023-04-06 09:00:00+09:00,1541.0,1547.0,1535.0,1545.0,47600,0.0,0.0
2023-04-06 10:00:00+09:00,1544.0,1547.0,1543.0,1546.0,9400,0.0,0.0
2023-04-06 11:00:00+09:00,1546.0,1546.0,1540.0,1540.0,0,0.0,0.0
2023-04-06 12:00:00+09:00,1540.0,1540.0,1536.0,1537.0,86900,0.0,0.0
2023-04-06 13:00:00+09:00,1537.0,1540.0,1537.0,1539.0,7500,0.0,0.0
2023-04-06 14:00:00+09:00,1539.0,1540.0,1536.0,1540.0,24600,0.0,0.0
2023-04-07 09:00:00+09:00,1536.0,1543.0,1529.0,1533.0,59700,0.0,0.0
2023-04-07 10:00:00+09:00,1534.0,1534.0,1529.0,1533.0,8900,0.0,0.0
2023-04-07 11:00:00+09:00,1531.0,1535.0,1531.0,1532.0,0,0.0,0.0
2023-04-07 12:00:00+09:00,1533.0,1533.0,1531.0,1532.0,80100,0.0,0.0
2023-04-07 13:00:00+09:00,1532.0,1532.0,1529.0,1529.0,7700,0.0,0.0
2023-04-07 14:00:00+09:00,1529.0,1532.0,1528.0,1531.0,15700,0.0,0.0
2023-04-10 09:00:00+09:00,1535.0,1537.0,1532.0,1533.0,0,0.0,0.0
2023-04-10 10:00:00+09:00,1532.0,1535.0,1528.0,1531.0,14300,0.0,0.0
2023-04-10 11:00:00+09:00,1530.0,1531.0,1530.0,1531.0,0,0.0,0.0
2023-04-10 12:00:00+09:00,1530.0,1531.0,1529.0,1531.0,73300,0.0,0.0
2023-04-10 13:00:00+09:00,1530.0,1531.0,1529.0,1529.0,5000,0.0,0.0
2023-04-10 14:00:00+09:00,1529.0,1531.0,1529.0,1531.0,11700,0.0,0.0
2023-04-11 09:00:00+09:00,1535.0,1537.0,1531.0,1534.0,0,0.0,0.0
2023-04-11 10:00:00+09:00,1533.0,1535.0,1533.0,1534.0,4700,0.0,0.0
2023-04-11 11:00:00+09:00,1534.0,1535.0,1531.0,1531.0,0,0.0,0.0
2023-04-11 12:00:00+09:00,1531.0,1532.0,1530.0,1531.0,51200,0.0,0.0
2023-04-11 13:00:00+09:00,1530.0,1533.0,1530.0,1532.0,4500,0.0,0.0
2023-04-11 14:00:00+09:00,1533.0,1534.0,1531.0,1532.0,12400,0.0,0.0
2023-04-12 09:00:00+09:00,1537.0,1538.0,1533.0,1535.0,22200,0.0,0.0
2023-04-12 10:00:00+09:00,1537.0,1539.0,1536.0,1537.0,9200,0.0,0.0
2023-04-12 11:00:00+09:00,1536.0,1538.0,1536.0,1536.0,0,0.0,0.0
2023-04-12 12:00:00+09:00,1537.0,1537.0,1533.0,1535.0,42200,0.0,0.0
2023-04-12 13:00:00+09:00,1535.0,1535.0,1533.0,1534.0,6800,0.0,0.0
2023-04-12 14:00:00+09:00,1534.0,1535.0,1534.0,1535.0,7800,0.0,0.0
2023-04-13 09:00:00+09:00,1533.0,1538.0,1531.0,1538.0,27500,0.0,0.0
2023-04-13 10:00:00+09:00,1536.0,1538.0,1535.0,1537.0,4000,0.0,0.0
2023-04-13 11:00:00+09:00,1538.0,1538.0,1536.0,1536.0,0,0.0,0.0
2023-04-13 12:00:00+09:00,1538.0,1538.0,1536.0,1536.0,39400,0.0,0.0
2023-04-13 13:00:00+09:00,1536.0,1538.0,1536.0,1537.0,8000,0.0,0.0
2023-04-13 14:00:00+09:00,1536.0,1538.0,1536.0,1537.0,7200,0.0,0.0
2023-04-14 09:00:00+09:00,1540.0,1542.0,1537.0,1541.0,18200,0.0,0.0
2023-04-14 10:00:00+09:00,1542.0,1543.0,1539.0,1539.0,11400,0.0,0.0
2023-04-14 11:00:00+09:00,1539.0,1539.0,1538.0,1538.0,0,0.0,0.0
2023-04-14 12:00:00+09:00,1538.0,1539.0,1536.0,1537.0,57300,0.0,0.0
2023-04-14 13:00:00+09:00,1537.0,1538.0,1537.0,1537.0,13400,0.0,0.0
2023-04-14 14:00:00+09:00,1537.0,1540.0,1537.0,1538.0,14300,0.0,0.0
2023-04-17 09:00:00+09:00,1536.0,1539.0,1530.0,1531.0,0,0.0,0.0
2023-04-17 10:00:00+09:00,1532.0,1532.0,1528.0,1528.0,96200,0.0,0.0
2023-04-17 11:00:00+09:00,1528.0,1530.0,1528.0,1529.0,0,0.0,0.0
2023-04-17 12:00:00+09:00,1528.0,1528.0,1525.0,1526.0,129300,0.0,0.0
2023-04-17 13:00:00+09:00,1526.0,1529.0,1526.0,1529.0,0,0.0,0.0
2023-04-17 14:00:00+09:00,1529.0,1530.0,1528.0,1529.0,150900,0.0,0.0
2023-04-18 09:00:00+09:00,1530.0,1539.0,1530.0,1537.0,40000,0.0,0.0
2023-04-18 10:00:00+09:00,1536.0,1539.0,1536.0,1536.0,7500,0.0,0.0
2023-04-18 11:00:00+09:00,1537.0,1538.0,1537.0,1537.0,0,0.0,0.0
2023-04-18 12:00:00+09:00,1537.0,1538.0,1536.0,1538.0,58600,0.0,0.0
2023-04-18 13:00:00+09:00,1536.0,1538.0,1536.0,1536.0,7900,0.0,0.0
2023-04-18 14:00:00+09:00,1535.0,1538.0,1534.0,1535.0,16000,0.0,0.0
2023-04-19 09:00:00+09:00,1540.0,1542.0,1537.0,1539.0,30000,0.0,0.0
2023-04-19 10:00:00+09:00,1537.0,1539.0,1535.0,1539.0,6400,0.0,0.0
2023-04-19 11:00:00+09:00,1539.0,1539.0,1538.0,1538.0,0,0.0,0.0
2023-04-19 12:00:00+09:00,1538.0,1538.0,1536.0,1536.0,43600,0.0,0.0
2023-04-19 13:00:00+09:00,1537.0,1537.0,1535.0,1535.0,5400,0.0,0.0
2023-04-19 14:00:00+09:00,1536.0,1538.0,1534.0,1538.0,13600,0.0,0.0
2023-04-20 09:00:00+09:00,1535.0,1541.0,1535.0,1540.0,0,0.0,0.0
2023-04-20 10:00:00+09:00,1539.0,1542.0,1539.0,1541.0,25800,0.0,0.0
2023-04-20 11:00:00+09:00,1541.0,1541.0,1540.0,1540.0,0,0.0,0.0
2023-04-20 12:00:00+09:00,1539.0,1540.0,1539.0,1539.0,33300,0.0,0.0
2023-04-20 13:00:00+09:00,1540.0,1541.0,1540.0,1540.0,5100,0.0,0.0
2023-04-20 14:00:00+09:00,1541.0,1541.0,1538.0,1539.0,9500,0.0,0.0
2023-04-21 09:00:00+09:00,1543.0,1547.0,1539.0,1542.0,42000,0.0,0.0
2023-04-21 10:00:00+09:00,1542.0,1543.0,1540.0,1540.0,7600,0.0,0.0
2023-04-21 11:00:00+09:00,1539.0,1540.0,1538.0,1538.0,0,0.0,0.0
2023-04-21 12:00:00+09:00,1539.0,1541.0,1539.0,1540.0,62300,0.0,0.0
2023-04-21 13:00:00+09:00,1541.0,1541.0,1539.0,1539.0,6200,0.0,0.0
2023-04-21 14:00:00+09:00,1541.0,1542.0,1540.0,1542.0,7800,0.0,0.0
2023-04-24 09:00:00+09:00,1547.0,1548.0,1537.0,1545.0,74100,0.0,0.0
2023-04-24 10:00:00+09:00,1546.0,1547.0,1545.0,1545.0,9200,0.0,0.0
2023-04-24 11:00:00+09:00,1546.0,1547.0,1546.0,1546.0,0,0.0,0.0
2023-04-24 12:00:00+09:00,1546.0,1548.0,1546.0,1547.0,98500,0.0,0.0
2023-04-24 13:00:00+09:00,1547.0,1548.0,1546.0,1547.0,4900,0.0,0.0
2023-04-24 14:00:00+09:00,1546.0,1546.0,1544.0,1544.0,17400,0.0,0.0
2023-04-25 09:00:00+09:00,1550.0,1555.0,1546.0,1550.0,93600,0.0,0.0
2023-04-25 10:00:00+09:00,1550.0,1553.0,1548.0,1553.0,12900,0.0,0.0
2023-04-25 11:00:00+09:00,1552.0,1552.0,1549.0,1550.0,0,0.0,0.0
2023-04-25 12:00:00+09:00,1550.0,1551.0,1548.0,1548.0,154600,0.0,0.0
2023-04-25 13:00:00+09:00,1549.0,1550.0,1548.0,1549.0,8500,0.0,0.0
2023-04-25 14:00:00+09:00,1549.0,1552.0,1549.0,1551.0,15600,0.0,0.0
2023-04-26 09:00:00+09:00,1545.0,1551.0,1541.0,1550.0,454900,0.0,0.0
2023-04-26 10:00:00+09:00,1551.0,1554.0,1549.0,1554.0,23800,0.0,0.0
2023-04-26 11:00:00+09:00,1554.0,1555.0,1553.0,1555.0,0,0.0,0.0
2023-04-26 12:00:00+09:00,1554.0,1554.0,1549.0,1549.0,649900,0.0,0.0
2023-04-26 13:00:00+09:00,1548.0,1549.0,1546.0,1547.0,39200,0.0,0.0
2023-04-26 14:00:00+09:00,1547.0,1549.0,1546.0,1546.0,83400,0.0,0.0
2023-04-27 09:00:00+09:00,1521.0,1529.0,1510.0,1524.0,326200,0.0,0.0
2023-04-27 10:00:00+09:00,1525.0,1527.0,1523.0,1526.0,28700,0.0,0.0
2023-04-27 11:00:00+09:00,1526.0,1526.0,1523.0,1523.0,0,0.0,0.0
2023-04-27 12:00:00+09:00,1523.0,1524.0,1517.0,1517.0,420700,0.0,0.0
2023-04-27 13:00:00+09:00,1517.0,1519.0,1516.0,1517.0,8100,0.0,0.0
2023-04-27 14:00:00+09:00,1518.0,1518.0,1514.0,1516.0,20700,0.0,0.0
2023-04-28 09:00:00+09:00,1529.0,1532.0,1516.0,1519.0,47900,0.0,0.0
2023-04-28 10:00:00+09:00,1520.0,1521.0,1518.0,1519.0,10900,0.0,0.0
2023-04-28 11:00:00+09:00,1519.0,1520.0,1516.0,1517.0,0,0.0,0.0
2023-04-28 12:00:00+09:00,1515.0,1516.0,1514.0,1514.0,76700,0.0,0.0
2023-04-28 13:00:00+09:00,1515.0,1518.0,1514.0,1515.0,8200,0.0,0.0
2023-04-28 14:00:00+09:00,1516.0,1516.0,1514.0,1516.0,9700,0.0,0.0
2023-05-01 09:00:00+09:00,1517.0,1526.0,1517.0,1523.0,29800,0.0,0.0
2023-05-01 10:00:00+09:00,1524.0,1525.0,1519.0,1519.0,8200,0.0,0.0
2023-05-01 11:00:00+09:00,1520.0,1522.0,1519.0,1521.0,0,0.0,0.0
2023-05-01 12:00:00+09:00,1522.0,1526.0,1521.0,1524.0,48000,0.0,0.0
2023-05-01 13:00:00+09:00,1524.0,1526.0,1524.0,1526.0,6500,0.0,0.0
2023-05-01 14:00:00+09:00,1526.0,1529.0,1526.0,1527.0,20500,0.0,0.0
2023-05-02 09:00:00+09:00,1530.0,1530.0,1517.0,1518.0,24600,0.0,0.0
2023-05-02 10:00:00+09:00,1518.0,1519.0,1517.0,1517.0,5800,0.0,0.0
2023-05-02 11:00:00+09:00,1518.0,1518.0,1517.0,1517.0,0,0.0,0.0
2023-05-02 12:00:00+09:00,1517.0,1519.0,1517.0,1518.0,36400,0.0,0.0
2023-05-02 13:00:00+09:00,1520.0,1523.0,1520.0,1521.0,5500,0.0,0.0
2023-05-02 14:00:00+09:00,1521.0,1521.0,1517.0,1518.0,6400,0.0,0.0
2023-05-08 09:00:00+09:00,1516.0,1526.0,1516.0,1525.0,21300,0.0,0.0
2023-05-08 10:00:00+09:00,1524.0,1524.0,1520.0,1520.0,6000,0.0,0.0
2023-05-08 11:00:00+09:00,1520.0,1521.0,1518.0,1518.0,0,0.0,0.0
2023-05-08 12:00:00+09:00,1520.0,1520.0,1516.0,1518.0,36900,0.0,0.0
2023-05-08 13:00:00+09:00,1518.0,1519.0,1517.0,1518.0,1800,0.0,0.0
2023-05-08 14:00:00+09:00,1518.0,1521.0,1517.0,1519.0,9700,0.0,0.0
2023-05-09 09:00:00+09:00,1524.0,1527.0,1521.0,1525.0,0,0.0,0.0
2023-05-09 10:00:00+09:00,1526.0,1529.0,1526.0,1528.0,23100,0.0,0.0
2023-05-09 11:00:00+09:00,1528.0,1528.0,1526.0,1526.0,0,0.0,0.0
2023-05-09 12:00:00+09:00,1526.0,1529.0,1526.0,1529.0,33400,0.0,0.0
2023-05-09 13:00:00+09:00,1529.0,1529.0,1527.0,1527.0,4900,0.0,0.0
2023-05-09 14:00:00+09:00,1527.0,1528.0,1525.0,1525.0,9200,0.0,0.0
2023-05-10 09:00:00+09:00,1530.0,1530.0,1520.0,1521.0,0,0.0,0.0
2023-05-10 10:00:00+09:00,1519.0,1520.0,1516.0,1517.0,21700,0.0,0.0
2023-05-10 11:00:00+09:00,1516.0,1516.0,1513.0,1513.0,0,0.0,0.0
2023-05-10 12:00:00+09:00,1513.0,1515.0,1513.0,1514.0,33100,0.0,0.0
2023-05-10 13:00:00+09:00,1513.0,1513.0,1506.0,1506.0,17700,0.0,0.0
2023-05-10 14:00:00+09:00,1506.0,1506.0,1503.0,1505.0,20200,0.0,0.0
2023-05-11 09:00:00+09:00,1501.0,1506.0,1499.0,1504.0,22100,0.0,0.0
2023-05-11 10:00:00+09:00,1503.0,1503.0,1500.0,1500.0,5000,0.0,0.0
2023-05-11 11:00:00+09:00,1500.0,1500.0,1498.0,1500.0,0,0.0,0.0
2023-05-11 12:00:00+09:00,1500.0,1500.0,1493.0,1493.0,57900,0.0,0.0
2023-05-11 13:00:00+09:00,1495.0,1495.0,1493.0,1493.0,4500,0.0,0.0
2023-05-11 14:00:00+09:00,1492.0,1492.0,1490.0,1491.0,14600,0.0,0.0
2023-05-12 09:00:00+09:00,1490.0,1497.0,1490.0,1496.0,11600,0.0,0.0
2023-05-12 10:00:00+09:00,1497.0,1499.0,1496.0,1499.0,1700,0.0,0.0
2023-05-12 11:00:00+09:00,1497.0,1498.0,1497.0,1498.0,0,0.0,0.0
2023-05-12 12:00:00+09:00,1499.0,1504.0,1498.0,1504.0,20400,0.0,0.0
2023-05-12 13:00:00+09:00,1502.0,1506.0,1502.0,1506.0,4900,0.0,0.0
2023-05-12 14:00:00+09:00,1507.0,1508.0,1502.0,1506.0,14500,0.0,0.0
2023-05-15 09:00:00+09:00,1510.0,1510.0,1506.0,1507.0,13900,0.0,0.0
2023-05-15 10:00:00+09:00,1510.0,1511.0,1508.0,1510.0,3900,0.0,0.0
2023-05-15 11:00:00+09:00,1509.0,1510.0,1508.0,1508.0,0,0.0,0.0
2023-05-15 12:00:00+09:00,1508.0,1510.0,1508.0,1510.0,25800,0.0,0.0
2023-05-15 13:00:00+09:00,1510.0,1510.0,1509.0,1510.0,3100,0.0,0.0
2023-05-15 14:00:00+09:00,1509.0,1511.0,1509.0,1509.0,9100,0.0,0.0
2023-05-16 09:00:00+09:00,1512.0,1514.0,1509.0,1512.0,14300,0.0,0.0
2023-05-16 10:00:00+09:00,1511.0,1512.0,1508.0,1510.0,6900,0.0,0.0
2023-05-16 11:00:00+09:00,1511.0,1511.0,1508.0,1508.0,0,0.0,0.0
2023-05-16 12:00:00+09:00,1508.0,1511.0,1508.0,1510.0,34300,0.0,0.0
2023-05-16 13:00:00+09:00,1510.0,1512.0,1509.0,1512.0,5600,0.0,0.0
2023-05-16 14:00:00+09:00,1512.0,1513.0,1510.0,1513.0,9700,0.0,0.0
2023-05-17 09:00:00+09:00,1512.0,1512.0,1505.0,1507.0,14300,0.0,0.0
2023-05-17 10:00:00+09:00,1508.0,1509.0,1506.0,1507.0,3900,0.0,0.0
2023-05-17 11:00:00+09:00,1508.0,1508.0,1505.0,1505.0,0,0.0,0.0
2023-05-17 12:00:00+09:00,1508.0,1508.0,1505.0,1506.0,23500,0.0,0.0
2023-05-17 13:00:00+09:00,1506.0,1506.0,1503.0,1504.0,8800,0.0,0.0
2023-05-17 14:00:00+09:00,1504.0,1505.0,1502.0,1502.0,8700,0.0,0.0
2023-05-18 09:00:00+09:00,1502.0,1507.0,1501.0,1501.0,24500,0.0,0.0
2023-05-18 10:00:00+09:00,1500.0,1500.0,1495.0,1496.0,10200,0.0,0.0
2023-05-18 11:00:00+09:00,1495.0,1497.0,1495.0,1496.0,0,0.0,0.0
2023-05-18 12:00:00+09:00,1496.0,1497.0,1494.0,1494.0,40500,0.0,0.0
2023-05-18 13:00:00+09:00,1494.0,1495.0,1493.0,1494.0,2300,0.0,0.0
2023-05-18 14:00:00+09:00,1495.0,1498.0,1493.0,1495.0,12700,0.0,0.0
2023-05-19 09:00:00+09:00,1496.0,1496.0,1484.0,1491.0,18400,0.0,0.0
2023-05-19 10:00:00+09:00,1492.0,1493.0,1489.0,1490.0,10400,0.0,0.0
2023-05-19 11:00:00+09:00,1490.0,1491.0,1489.0,1489.0,0,0.0,0.0
2023-05-19 12:00:00+09:00,1489.0,1491.0,1487.0,1487.0,43400,0.0,0.0
2023-05-19 13:00:00+09:00,1487.0,1490.0,1486.0,1488.0,6800,0.0,0.0
2023-05-19 14:00:00+09:00,1489.0,1492.0,1488.0,1490.0,7900,0.0,0.0
2023-05-22 09:00:00+09:00,1490.0,1495.0,1490.0,1493.0,4700,0.0,0.0
2023-05-22 10:00:00+09:00,1493.0,1498.0,1493.0,1498.0,4800,0.0,0.0
2023-05-22 11:00:00+09:00,1499.0,1499.0,1498.0,1498.0,0,0.0,0.0
2023-05-22 12:00:00+09:00,1500.0,1500.0,1499.0,1500.0,13000,0.0,0.0
2023-05-22 13:00:00+09:00,1500.0,1503.0,1500.0,1501.0,2200,0.0,0.0
2023-05-22 14:00:00+09:00,1502.0,1502.0,1499.0,1499.0,5800,0.0,0.0
2023-05-23 09:00:00+09:00,1500.0,1502.0,1496.0,1500.0,12700,0.0,0.0
2023-05-23 10:00:00+09:00,1502.0,1502.0,1500.0,1500.0,6400,0.0,0.0
2023-05-23 11:00:00+09:00,1500.0,1500.0,1496.0,1496.0,0,0.0,0.0
2023-05-23 12:00:00+09:00,1496.0,1497.0,1490.0,1491.0,30100,0.0,0.0
2023-05-23 13:00:00+09:00,1489.0,1489.0,1483.0,1486.0,10600,0.0,0.0
2023-05-23 14:00:00+09:00,1485.0,1486.0,1482.0,1484.0,10500,0.0,0.0
2023-05-24 09:00:00+09:00,1482.0,1485.0,1479.0,1481.0,20600,0.0,0.0
2023-05-24 10:00:00+09:00,1482.0,1482.0,1479.0,1479.0,7200,0.0,0.0
2023-05-24 11:00:00+09:00,1480.0,1480.0,1479.0,1479.0,0,0.0,0.0
2023-05-24 12:00:00+09:00,1479.0,1479.0,1478.0,1479.0,33900,0.0,0.0
2023-05-24 13:00:00+09:00,1479.0,1479.0,1478.0,1479.0,1700,0.0,0.0
2023-05-24 14:00:00+09:00,1479.0,1479.0,1476.0,1477.0,9400,0.0,0.0
2023-05-25 09:00:00+09:00,1476.0,1478.0,1470.0,1475.0,16200,0.0,0.0
2023-05-25 10:00:00+09:00,1476.0,1476.0,1472.0,1473.0,4800,0.0,0.0
2023-05-25 11:00:00+09:00,1472.0,1474.0,1472.0,1474.0,0,0.0,0.0
2023-05-25 12:00:00+09:00,1474.0,1476.0,1473.0,1475.0,24400,0.0,0.0
2023-05-25 13:00:00+09:00,1476.0,1476.0,1469.0,1469.0,10200,0.0,0.0
2023-05-25 14:00:00+09:00,1470.0,1470.0,1468.0,1468.0,4200,0.0,0.0
2023-05-26 09:00:00+09:00,1467.0,1475.0,1465.0,1473.0,12100,0.0,0.0
2023-05-26 10:00:00+09:00,1474.0,1474.0,1470.0,1472.0,3300,0.0,0.0
2023-05-26 11:00:00+09:00,1472.0,1472.0,1471.0,1471.0,0,0.0,0.0
2023-05-26 12:00:00+09:00,1471.0,1471.0,1468.0,1470.0,21700,0.0,0.0
2023-05-26 13:00:00+09:00,1469.0,1469.0,1467.0,1467.0,2500,0.0,0.0
2023-05-26 14:00:00+09:00,1467.0,1469.0,1464.0,1467.0,13400,0.0,0.0
2023-05-29 09:00:00+09:00,1478.0,1478.0,1465.0,1467.0,0,0.0,0.0
2023-05-29 10:00:00+09:00,1468.0,1469.0,1464.0,1466.0,6300,0.0,0.0
2023-05-29 11:00:00+09:00,1466.0,1467.0,1464.0,1464.0,0,0.0,0.0
2023-05-29 12:00:00+09:00,1464.0,1467.0,1460.0,1462.0,35900,0.0,0.0
2023-05-29 13:00:00+09:00,1461.0,1463.0,1460.0,1462.0,5700,0.0,0.0
2023-05-29 14:00:00+09:00,1463.0,1463.0,1460.0,1460.0,11500,0.0,0.0
2023-05-30 09:00:00+09:00,1460.0,1465.0,1449.0,1449.0,27600,0.0,0.0
2023-05-30 10:00:00+09:00,1450.0,1451.0,1447.0,1448.0,8300,0.0,0.0
2023-05-30 11:00:00+09:00,1449.0,1449.0,1447.0,1447.0,0,0.0,0.0
2023-05-30 12:00:00+09:00,1447.0,1452.0,1446.0,1452.0,41800,0.0,0.0
2023-05-30 13:00:00+09:00,1451.0,1456.0,1451.0,1454.0,7400,0.0,0.0
2023-05-30 14:00:00+09:00,1454.0,1456.0,1452.0,1452.0,4500,0.0,0.0
2023-05-31 09:00:00+09:00,1454.0,1454.0,1444.0,1444.0,18400,0.0,0.0
2023-05-31 10:00:00+09:00,1445.0,1449.0,1445.0,1447.0,3600,0.0,0.0
2023-05-31 11:00:00+09:00,1447.0,1447.0,1443.0,1443.0,0,0.0,0.0
2023-05-31 12:00:00+09:00,1442.0,1447.0,1442.0,1446.0,28800,0.0,0.0
2023-05-31 13:00:00+09:00,1446.0,1448.0,1441.0,1447.0,10600,0.0,0.0
2023-05-31 14:00:00+09:00,1446.0,1446.0,1439.0,1440.0,15300,0.0,0.0
2023-06-01 09:00:00+09:00,1443.0,1452.0,1439.0,1447.0,8900,0.0,0.0
2023-06-01 10:00:00+09:00,1448.0,1449.0,1439.0,1440.0,0,0.0,0.0
2023-06-01 11:00:00+09:00,1440.0,1440.0,1436.0,1436.0,0,0.0,0.0
2023-06-01 12:00:00+09:00,1436.0,1438.0,1436.0,1437.0,22400,0.0,0.0
2023-06-01 13:00:00+09:00,1437.0,1439.0,1437.0,1438.0,9100,0.0,0.0
2023-06-01 14:00:00+09:00,1439.0,1440.0,1437.0,1439.0,7800,0.0,0.0
2023-06-02 09:00:00+09:00,1447.0,1455.0,1446.0,1453.0,12300,0.0,0.0
2023-06-02 10:00:00+09:00,1453.0,1454.0,1452.0,1454.0,2200,0.0,0.0
2023-06-02 11:00:00+09:00,1452.0,1452.0,1448.0,1449.0,0,0.0,0.0
2023-06-02 12:00:00+09:00,1455.0,1455.0,1451.0,1454.0,26500,0.0,0.0
2023-06-02 13:00:00+09:00,1454.0,1456.0,1453.0,1456.0,5300,0.0,0.0
2023-06-02 14:00:00+09:00,1455.0,1458.0,1455.0,1457.0,6100,0.0,0.0
2023-06-05 09:00:00+09:00,1467.0,1471.0,1462.0,1466.0,0,0.0,0.0
2023-06-05 10:00:00+09:00,1465.0,1469.0,1465.0,1466.0,4600,0.0,0.0
2023-06-05 11:00:00+09:00,1465.0,1465.0,1464.0,1465.0,0,0.0,0.0
2023-06-05 12:00:00+09:00,1465.0,1467.0,1462.0,1467.0,19000,0.0,0.0
2023-06-05 13:00:00+09:00,1467.0,1469.0,1467.0,1467.0,4200,0.0,0.0
2023-06-05 14:00:00+09:00,1468.0,1469.0,1467.0,1468.0,5100,0.0,0.0
2023-06-06 09:00:00+09:00,1469.0,1469.0,1459.0,1466.0,10000,0.0,0.0
2023-06-06 10:00:00+09:00,1465.0,1467.0,1465.0,1466.0,2500,0.0,0.0
2023-06-06 11:00:00+09:00,1466.0,1468.0,1464.0,1468.0,0,0.0,0.0
2023-06-06 12:00:00+09:00,1467.0,1473.0,1467.0,1471.0,24100,0.0,0.0
2023-06-06 13:00:00+09:00,1471.0,1473.0,1470.0,1471.0,3200,0.0,0.0
2023-06-06 14:00:00+09:00,1471.0,1475.0,1471.0,1475.0,7300,0.0,0.0
2023-06-07 09:00:00+09:00,1479.0,1488.0,1477.0,1478.0,15200,0.0,0.0
2023-06-07 10:00:00+09:00,1476.0,1476.0,1470.0,1476.0,6600,0.0,0.0
2023-06-07 11:00:00+09:00,1475.0,1479.0,1475.0,1478.0,0,0.0,0.0
2023-06-07 12:00:00+09:00,1478.0,1486.0,1477.0,1486.0,28700,0.0,0.0
2023-06-07 13:00:00+09:00,1485.0,1488.0,1475.0,1484.0,11600,0.0,0.0
2023-06-07 14:00:00+09:00,1485.0,1485.0,1478.0,1478.0,9400,0.0,0.0
2023-06-08 09:00:00+09:00,1471.0,1480.0,1466.0,1467.0,14500,0.0,0.0
2023-06-08 10:00:00+09:00,1469.0,1473.0,1469.0,1472.0,7000,0.0,0.0
2023-06-08 11:00:00+09:00,1473.0,1473.0,1470.0,1470.0,0,0.0,0.0
2023-06-08 12:00:00+09:00,1472.0,1472.0,1468.0,1469.0,33200,0.0,0.0
2023-06-08 13:00:00+09:00,1470.0,1472.0,1468.0,1468.0,6500,0.0,0.0
2023-06-08 14:00:00+09:00,1467.0,1474.0,1467.0,1472.0,8100,0.0,0.0
2023-06-09 09:00:00+09:00,1486.0,1503.0,1479.0,1499.0,58300,0.0,0.0
2023-06-09 10:00:00+09:00,1499.0,1502.0,1496.0,1499.0,17300,0.0,0.0
2023-06-09 11:00:00+09:00,1499.0,1500.0,1489.0,1495.0,0,0.0,0.0
2023-06-09 12:00:00+09:00,1491.0,1496.0,1491.0,1496.0,92700,0.0,0.0
2023-06-09 13:00:00+09:00,1494.0,1497.0,1494.0,1495.0,10000,0.0,0.0
2023-06-09 14:00:00+09:00,1494.0,1500.0,1493.0,1498.0,15800,0.0,0.0
2023-06-12 09:00:00+09:00,1520.0,1531.0,1510.0,1521.0,105100,0.0,0.0
2023-06-12 10:00:00+09:00,1520.0,1521.0,1504.0,1504.0,16600,0.0,0.0
2023-06-12 11:00:00+09:00,1505.0,1505.0,1504.0,1505.0,0,0.0,0.0
2023-06-12 12:00:00+09:00,1505.0,1508.0,1502.0,1508.0,132600,0.0,0.0
2023-06-12 13:00:00+09:00,1507.0,1508.0,1504.0,1506.0,6400,0.0,0.0
2023-06-12 14:00:00+09:00,1506.0,1506.0,1498.0,1498.0,22400,0.0,0.0
2023-06-13 09:00:00+09:00,1497.0,1505.0,1488.0,1491.0,23200,0.0,0.0
2023-06-13 10:00:00+09:00,1491.0,1491.0,1485.0,1489.0,10900,0.0,0.0
2023-06-13 11:00:00+09:00,1490.0,1491.0,1489.0,1491.0,0,0.0,0.0
2023-06-13 12:00:00+09:00,1490.0,1492.0,1489.0,1491.0,41400,0.0,0.0
2023-06-13 13:00:00+09:00,1490.0,1492.0,1488.0,1490.0,8500,0.0,0.0
2023-06-13 14:00:00+09:00,1490.0,1491.0,1488.0,1488.0,6400,0.0,0.0
2023-06-14 09:00:00+09:00,1496.0,1496.0,1487.0,1494.0,13000,0.0,0.0
2023-06-14 10:00:00+09:00,1495.0,1496.0,1490.0,1490.0,8800,0.0,0.0
2023-06-14 11:00:00+09:00,1491.0,1491.0,1488.0,1489.0,0,0.0,0.0
2023-06-14 12:00:00+09:00,1489.0,1493.0,1489.0,1492.0,32100,0.0,0.0
2023-06-14 13:00:00+09:00,1493.0,1497.0,1493.0,1497.0,6500,0.0,0.0
2023-06-14 14:00:00+09:00,1497.0,1500.0,1497.0,1500.0,15800,0.0,0.0
2023-06-15 09:00:00+09:00,1502.0,1507.0,1499.0,1503.0,16300,0.0,0.0
2023-06-15 10:00:00+09:00,1502.0,1505.0,1500.0,1505.0,4400,0.0,0.0
2023-06-15 11:00:00+09:00,1503.0,1505.0,1502.0,1505.0,0,0.0,0.0
2023-06-15 12:00:00+09:00,1505.0,1507.0,1504.0,1506.0,31000,0.0,0.0
2023-06-15 13:00:00+09:00,1506.0,1509.0,1502.0,1502.0,13500,0.0,0.0
2023-06-15 14:00:00+09:00,1501.0,1503.0,1498.0,1498.0,5300,0.0,0.0
2023-06-16 09:00:00+09:00,1500.0,1500.0,1493.0,1497.0,8600,0.0,0.0
2023-06-16 10:00:00+09:00,1498.0,1498.0,1495.0,1496.0,2200,0.0,0.0
2023-06-16 11:00:00+09:00,1496.0,1497.0,1495.0,1496.0,0,0.0,0.0
2023-06-16 12:00:00+09:00,1498.0,1502.0,1497.0,1500.0,17600,0.0,0.0
2023-06-16 13:00:00+09:00,1501.0,1501.0,1496.0,1496.0,5000,0.0,0.0
2023-06-16 14:00:00+09:00,1496.0,1498.0,1495.0,1497.0,10100,0.0,0.0
2023-06-19 09:00:00+09:00,1504.0,1504.0,1495.0,1500.0,8300,0.0,0.0
2023-06-19 10:00:00+09:00,1501.0,1506.0,1500.0,1504.0,5800,0.0,0.0
2023-06-19 11:00:00+09:00,1503.0,1504.0,1497.0,1498.0,0,0.0,0.0
2023-06-19 12:00:00+09:00,1505.0,1505.0,1495.0,1495.0,23400,0.0,0.0
2023-06-19 13:00:00+09:00,1495.0,1497.0,1495.0,1496.0,2500,0.0,0.0
2023-06-19 14:00:00+09:00,1495.0,1500.0,1494.0,1500.0,7000,0.0,0.0
2023-06-20 09:00:00+09:00,1501.0,1501.0,1490.0,1490.0,8200,0.0,0.0
2023-06-20 10:00:00+09:00,1490.0,1495.0,1490.0,1492.0,3000,0.0,0.0
2023-06-20 11:00:00+09:00,1492.0,1495.0,1490.0,1495.0,0,0.0,0.0
2023-06-20 12:00:00+09:00,1500.0,1500.0,1493.0,1498.0,15000,0.0,0.0
2023-06-20 13:00:00+09:00,1497.0,1499.0,1496.0,1497.0,4400,0.0,0.0
2023-06-20 14:00:00+09:00,1498.0,1504.0,1498.0,1504.0,7100,0.0,0.0
2023-06-21 09:00:00+09:00,1500.0,1513.0,1499.0,1510.0,16600,0.0,0.0
2023-06-21 10:00:00+09:00,1512.0,1515.0,1511.0,1514.0,4900,0.0,0.0
2023-06-21 11:00:00+09:00,1515.0,1516.0,1513.0,1515.0,0,0.0,0.0
2023-06-21 12:00:00+09:00,1515.0,1515.0,1507.0,1510.0,29800,0.0,0.0
2023-06-21 13:00:00+09:00,1510.0,1510.0,1509.0,1509.0,4300,0.0,0.0
2023-06-21 14:00:00+09:00,1509.0,1510.0,1507.0,1509.0,6100,0.0,0.0
2023-06-22 09:00:00+09:00,1509.0,1512.0,1500.0,1500.0,9900,0.0,0.0
2023-06-22 10:00:00+09:00,1501.0,1503.0,1501.0,1502.0,2800,0.0,0.0
2023-06-22 11:00:00+09:00,1502.0,1503.0,1502.0,1503.0,0,0.0,0.0
2023-06-22 12:00:00+09:00,1502.0,1504.0,1501.0,1502.0,15600,0.0,0.0
2023-06-22 13:00:00+09:00,1501.0,1502.0,1499.0,1501.0,7000,0.0,0.0
2023-06-22 14:00:00+09:00,1503.0,1503.0,1495.0,1495.0,8000,0.0,0.0
2023-06-23 09:00:00+09:00,1495.0,1502.0,1495.0,1498.0,6700,0.0,0.0
2023-06-23 10:00:00+09:00,1498.0,1498.0,1486.0,1488.0,9800,0.0,0.0
2023-06-23 11:00:00+09:00,1489.0,1490.0,1487.0,1487.0,0,0.0,0.0
2023-06-23 12:00:00+09:00,1487.0,1495.0,1487.0,1494.0,28500,0.0,0.0
2023-06-23 13:00:00+09:00,1493.0,1493.0,1491.0,1492.0,3400,0.0,0.0
2023-06-23 14:00:00+09:00,1492.0,1495.0,1491.0,1495.0,5400,0.0,0.0
2023-06-26 09:00:00+09:00,1495.0,1495.0,1476.0,1483.0,0,0.0,0.0
2023-06-26 10:00:00+09:00,1482.0,1486.0,1482.0,1483.0,3800,0.0,0.0
2023-06-26 11:00:00+09:00,1483.0,1485.0,1483.0,1485.0,0,0.0,0.0
2023-06-26 12:00:00+09:00,1485.0,1485.0,1477.0,1478.0,19700,0.0,0.0
2023-06-26 13:00:00+09:00,1479.0,1482.0,1479.0,1481.0,3400,0.0,0.0
2023-06-26 14:00:00+09:00,1481.0,1483.0,1480.0,1482.0,4900,0.0,0.0
2023-06-27 09:00:00+09:00,1485.0,1485.0,1477.0,1482.0,14300,0.0,0.0
2023-06-27 10:00:00+09:00,1482.0,1482.0,1479.0,1479.0,1400,0.0,0.0
2023-06-27 11:00:00+09:00,1480.0,1482.0,1480.0,1482.0,0,0.0,0.0
2023-06-27 12:00:00+09:00,1480.0,1482.0,1479.0,1479.0,19400,0.0,0.0
2023-06-27 13:00:00+09:00,1479.0,1480.0,1478.0,1478.0,4600,0.0,0.0
2023-06-27 14:00:00+09:00,1479.0,1481.0,1479.0,1480.0,6400,0.0,0.0
2023-06-28 09:00:00+09:00,1483.0,1485.0,1480.0,1484.0,8700,0.0,0.0
2023-06-28 10:00:00+09:00,1486.0,1494.0,1484.0,1492.0,8100,0.0,0.0
2023-06-28 11:00:00+09:00,1491.0,1492.0,1488.0,1492.0,0,0.0,0.0
2023-06-28 12:00:00+09:00,1494.0,1497.0,1493.0,1495.0,24300,0.0,0.0
2023-06-28 13:00:00+09:00,1496.0,1497.0,1495.0,1496.0,2800,0.0,0.0
2023-06-28 14:00:00+09:00,1496.0,1498.0,1496.0,1496.0,6900,0.0,0.0
2023-06-29 09:00:00+09:00,1497.0,1497.0,1493.0,1495.0,0,0.0,0.0
2023-06-29 10:00:00+09:00,1494.0,1494.0,1489.0,1491.0,3400,0.0,0.0
2023-06-29 11:00:00+09:00,1490.0,1491.0,1488.0,1490.0,0,0.0,0.0
2023-06-29 12:00:00+09:00,1492.0,1492.0,1488.0,1489.0,13200,0.0,0.0
2023-06-29 13:00:00+09:00,1488.0,1490.0,1488.0,1489.0,1200,0.0,0.0
2023-06-29 14:00:00+09:00,1490.0,1492.0,1487.0,1491.0,5500,0.0,0.0
2023-06-30 09:00:00+09:00,1495.0,1495.0,1485.0,1490.0,13500,0.0,0.0
2023-06-30 10:00:00+09:00,1491.0,1494.0,1489.0,1491.0,3500,0.0,0.0
2023-06-30 11:00:00+09:00,1492.0,1492.0,1489.0,1490.0,0,0.0,0.0
2023-06-30 12:00:00+09:00,1488.0,1492.0,1488.0,1490.0,22200,0.0,0.0
2023-06-30 13:00:00+09:00,1491.0,1494.0,1491.0,1494.0,3400,0.0,0.0
2023-06-30 14:00:00+09:00,1494.0,1496.0,1491.0,1491.0,6400,0.0,0.0
2023-07-03 09:00:00+09:00,1498.0,1502.0,1495.0,1501.0,0,0.0,0.0
2023-07-03 10:00:00+09:00,1502.0,1502.0,1497.0,1498.0,3800,0.0,0.0
2023-07-03 11:00:00+09:00,1498.0,1499.0,1498.0,1498.0,0,0.0,0.0
2023-07-03 12:00:00+09:00,1498.0,1499.0,1497.0,1499.0,25800,0.0,0.0
2023-07-03 13:00:00+09:00,1498.0,1500.0,1496.0,1498.0,6400,0.0,0.0
2023-07-03 14:00:00+09:00,1497.0,1498.0,1492.0,1495.0,6900,0.0,0.0
2023-07-04 09:00:00+09:00,1496.0,1496.0,1487.0,1490.0,8100,0.0,0.0
2023-07-04 10:00:00+09:00,1491.0,1491.0,1487.0,1487.0,3900,0.0,0.0
2023-07-04 11:00:00+09:00,1486.0,1488.0,1485.0,1488.0,0,0.0,0.0
2023-07-04 12:00:00+09:00,1488.0,1489.0,1488.0,1488.0,15100,0.0,0.0
2023-07-04 13:00:00+09:00,1487.0,1488.0,1485.0,1487.0,4100,0.0,0.0
2023-07-04 14:00:00+09:00,1486.0,1487.0,1484.0,1485.0,9200,0.0,0.0
2023-07-05 09:00:00+09:00,1483.0,1484.0,1476.0,1481.0,14600,0.0,0.0
2023-07-05 10:00:00+09:00,1483.0,1487.0,1483.0,1483.0,4300,0.0,0.0
2023-07-05 11:00:00+09:00,1483.0,1484.0,1482.0,1482.0,0,0.0,0.0
2023-07-05 12:00:00+09:00,1482.0,1486.0,1482.0,1483.0,23000,0.0,0.0
2023-07-05 13:00:00+09:00,1482.0,1482.0,1481.0,1481.0,1200,0.0,0.0
2023-07-05 14:00:00+09:00,1481.0,1483.0,1481.0,1482.0,3000,0.0,0.0
2023-07-06 09:00:00+09:00,1477.0,1482.0,1474.0,1482.0,11600,0.0,0.0
2023-07-06 10:00:00+09:00,1481.0,1483.0,1480.0,1482.0,1700,0.0,0.0
2023-07-06 11:00:00+09:00,1481.0,1481.0,1478.0,1480.0,0,0.0,0.0
2023-07-06 12:00:00+09:00,1475.0,1476.0,1472.0,1472.0,21300,0.0,0.0
2023-07-06 13:00:00+09:00,1473.0,1477.0,1472.0,1477.0,3200,0.0,0.0
2023-07-06 14:00:00+09:00,1476.0,1479.0,1475.0,1478.0,4500,0.0,0.0
2023-07-07 09:00:00+09:00,1473.0,1479.0,1472.0,1479.0,10700,0.0,0.0
2023-07-07 10:00:00+09:00,1480.0,1480.0,1475.0,1475.0,4100,0.0,0.0
2023-07-07 11:00:00+09:00,1476.0,1476.0,1475.0,1476.0,0,0.0,0.0
2023-07-07 12:00:00+09:00,1474.0,1477.0,1474.0,1475.0,20600,0.0,0.0
2023-07-07 13:00:00+09:00,1476.0,1477.0,1476.0,1477.0,700,0.0,0.0
2023-07-07 14:00:00+09:00,1476.0,1476.0,1470.0,1470.0,12100,0.0,0.0
2023-07-10 09:00:00+09:00,1471.0,1481.0,1470.0,1478.0,0,0.0,0.0
2023-07-10 10:00:00+09:00,1477.0,1478.0,1477.0,1478.0,400,0.0,0.0
2023-07-10 11:00:00+09:00,1479.0,1482.0,1479.0,1481.0,0,0.0,0.0
2023-07-10 12:00:00+09:00,1482.0,1482.0,1477.0,1477.0,22200,0.0,0.0
2023-07-10 13:00:00+09:00,1478.0,1484.0,1478.0,1481.0,4600,0.0,0.0
2023-07-10 14:00:00+09:00,1482.0,1482.0,1476.0,1477.0,10800,0.0,0.0
2023-07-11 09:00:00+09:00,1476.0,1483.0,1476.0,1478.0,6700,0.0,0.0
2023-07-11 10:00:00+09:00,1478.0,1478.0,1476.0,1476.0,1300,0.0,0.0
2023-07-11 11:00:00+09:00,1476.0,1478.0,1476.0,1478.0,0,0.0,0.0
2023-07-11 12:00:00+09:00,1478.0,1478.0,1477.0,1477.0,11400,0.0,0.0
2023-07-11 13:00:00+09:00,1477.0,1478.0,1475.0,1478.0,2400,0.0,0.0
2023-07-11 14:00:00+09:00,1478.0,1478.0,1474.0,1475.0,6600,0.0,0.0
2023-07-12 09:00:00+09:00,1477.0,1482.0,1475.0,1480.0,6900,0.0,0.0
2023-07-12 10:00:00+09:00,1478.0,1478.0,1474.0,1475.0,3400,0.0,0.0
2023-07-12 11:00:00+09:00,1475.0,1477.0,1475.0,1477.0,0,0.0,0.0
2023-07-12 12:00:00+09:00,1475.0,1477.0,1475.0,1476.0,13200,0.0,0.0
2023-07-12 13:00:00+09:00,1477.0,1477.0,1472.0,1472.0,2800,0.0,0.0
2023-07-12 14:00:00+09:00,1473.0,1475.0,1472.0,1474.0,8200,0.0,0.0
2023-07-13 09:00:00+09:00,1480.0,1480.0,1468.0,1468.0,0,0.0,0.0
2023-07-13 10:00:00+09:00,1470.0,1471.0,1469.0,1469.0,3900,0.0,0.0
2023-07-13 11:00:00+09:00,1469.0,1469.0,1468.0,1469.0,0,0.0,0.0
2023-07-13 12:00:00+09:00,1468.0,1469.0,1466.0,1468.0,19200,0.0,0.0
2023-07-13 13:00:00+09:00,1467.0,1467.0,1464.0,1465.0,8100,0.0,0.0
2023-07-13 14:00:00+09:00,1465.0,1468.0,1464.0,1467.0,8200,0.0,0.0
2023-07-14 09:00:00+09:00,1466.0,1470.0,1457.0,1460.0,13100,0.0,0.0
2023-07-14 10:00:00+09:00,1459.0,1459.0,1456.0,1459.0,3800,0.0,0.0
2023-07-14 11:00:00+09:00,1459.0,1460.0,1459.0,1460.0,0,0.0,0.0
2023-07-14 12:00:00+09:00,1460.0,1464.0,1460.0,1463.0,19500,0.0,0.0
2023-07-14 13:00:00+09:00,1464.0,1465.0,1461.0,1461.0,2800,0.0,0.0
2023-07-14 14:00:00+09:00,1461.0,1461.0,1460.0,1460.0,5800,0.0,0.0
2023-07-18 09:00:00+09:00,1463.0,1469.0,1462.0,1465.0,10900,0.0,0.0
2023-07-18 10:00:00+09:00,1464.0,1465.0,1463.0,1465.0,2700,0.0,0.0
2023-07-18 11:00:00+09:00,1465.0,1465.0,1463.0,1463.0,0,0.0,0.0
2023-07-18 12:00:00+09:00,1463.0,1466.0,1463.0,1465.0,16800,0.0,0.0
2023-07-18 13:00:00+09:00,1464.0,1467.0,1463.0,1467.0,1300,0.0,0.0
2023-07-18 14:00:00+09:00,1467.0,1469.0,1466.0,1469.0,3400,0.0,0.0
2023-07-19 09:00:00+09:00,1476.0,1477.0,1472.0,1472.0,5700,0.0,0.0
2023-07-19 10:00:00+09:00,1471.0,1475.0,1471.0,1475.0,3100,0.0,0.0
2023-07-19 11:00:00+09:00,1475.0,1476.0,1473.0,1474.0,0,0.0,0.0
2023-07-19 12:00:00+09:00,1474.0,1474.0,1473.0,1473.0,11400,0.0,0.0
2023-07-19 13:00:00+09:00,1474.0,1476.0,1474.0,1476.0,3300,0.0,0.0
2023-07-19 14:00:00+09:00,1476.0,1478.0,1474.0,1478.0,9100,0.0,0.0
2023-07-20 09:00:00+09:00,1480.0,1481.0,1477.0,1479.0,9000,0.0,0.0
2023-07-20 10:00:00+09:00,1478.0,1478.0,1472.0,1472.0,3200,0.0,0.0
2023-07-20 11:00:00+09:00,1471.0,1472.0,1470.0,1471.0,0,0.0,0.0
2023-07-20 12:00:00+09:00,1468.0,1474.0,1468.0,1471.0,18700,0.0,0.0
2023-07-20 13:00:00+09:00,1472.0,1473.0,1472.0,1473.0,900,0.0,0.0
2023-07-20 14:00:00+09:00,1474.0,1476.0,1472.0,1474.0,3200,0.0,0.0
2023-07-21 09:00:00+09:00,1477.0,1477.0,1472.0,1474.0,6300,0.0,0.0
2023-07-21 10:00:00+09:00,1473.0,1474.0,1472.0,1473.0,2600,0.0,0.0
2023-07-21 11:00:00+09:00,1473.0,1475.0,1473.0,1475.0,0,0.0,0.0
2023-07-21 12:00:00+09:00,1471.0,1474.0,1471.0,1472.0,11800,0.0,0.0
2023-07-21 13:00:00+09:00,1472.0,1473.0,1471.0,1472.0,2100,0.0,0.0
2023-07-21 14:00:00+09:00,1472.0,1473.0,1471.0,1472.0,6700,0.0,0.0
2023-07-24 09:00:00+09:00,1480.0,1480.0,1472.0,1479.0,13000,0.0,0.0
2023-07-24 10:00:00+09:00,1480.0,1480.0,1479.0,1479.0,1700,0.0,0.0
2023-07-24 11:00:00+09:00,1479.0,1480.0,1478.0,1480.0,0,0.0,0.0
2023-07-24 12:00:00+09:00,1481.0,1481.0,1479.0,1480.0,16700,0.0,0.0
2023-07-24 13:00:00+09:00,1480.0,1480.0,1478.0,1479.0,1400,0.0,0.0
2023-07-24 14:00:00+09:00,1480.0,1482.0,1480.0,1482.0,1600,0.0,0.0
2023-07-25 09:00:00+09:00,1477.0,1482.0,1477.0,1482.0,8400,0.0,0.0
2023-07-25 10:00:00+09:00,1482.0,1482.0,1476.0,1478.0,3600,0.0,0.0
2023-07-25 11:00:00+09:00,1477.0,1478.0,1477.0,1478.0,0,0.0,0.0
2023-07-25 12:00:00+09:00,1478.0,1478.0,1477.0,1477.0,14400,0.0,0.0
2023-07-25 13:00:00+09:00,1477.0,1477.0,1476.0,1477.0,1400,0.0,0.0
2023-07-25 14:00:00+09:00,1476.0,1478.0,1476.0,1477.0,2000,0.0,0.0
2023-07-26 09:00:00+09:00,1479.0,1479.0,1473.0,1478.0,5800,0.0,0.0
2023-07-26 10:00:00+09:00,1478.0,1481.0,1478.0,1480.0,3300,0.0,0.0
2023-07-26 11:00:00+09:00,1480.0,1481.0,1480.0,1480.0,0,0.0,0.0
2023-07-26 12:00:00+09:00,1480.0,1482.0,1480.0,1481.0,11200,0.0,0.0
2023-07-26 13:00:00+09:00,1481.0,1482.0,1481.0,1482.0,3900,0.0,0.0
2023-07-26 14:00:00+09:00,1482.0,1485.0,1482.0,1483.0,8400,0.0,0.0
2023-07-27 09:00:00+09:00,1479.0,1480.0,1474.0,1479.0,4100,0.0,0.0
2023-07-27 10:00:00+09:00,1480.0,1480.0,1477.0,1477.0,1300,0.0,0.0
2023-07-27 11:00:00+09:00,1478.0,1478.0,1478.0,1478.0,0,0.0,0.0
2023-07-27 12:00:00+09:00,1477.0,1478.0,1477.0,1478.0,9400,0.0,0.0
2023-07-27 13:00:00+09:00,1479.0,1482.0,1479.0,1482.0,3600,0.0,0.0
2023-07-27 14:00:00+09:00,1481.0,1485.0,1481.0,1485.0,2800,0.0,0.0
2023-07-28 09:00:00+09:00,1476.0,1479.0,1474.0,1479.0,6300,0.0,0.0
2023-07-28 10:00:00+09:00,1478.0,1483.0,1477.0,1483.0,2800,0.0,0.0
2023-07-28 11:00:00+09:00,1483.0,1483.0,1483.0,1483.0,0,0.0,0.0
2023-07-28 12:00:00+09:00,1483.0,1487.0,1479.0,1482.0,17200,0.0,0.0
2023-07-28 13:00:00+09:00,1480.0,1483.0,1477.0,1483.0,6800,0.0,0.0
2023-07-28 14:00:00+09:00,1483.0,1489.0,1481.0,1487.0,10200,0.0,0.0
2023-07-31 09:00:00+09:00,1500.0,1500.0,1491.0,1498.0,19700,0.0,0.0
2023-07-31 10:00:00+09:00,1499.0,1501.0,1495.0,1496.0,7000,0.0,0.0
2023-07-31 11:00:00+09:00,1495.0,1495.0,1494.0,1494.0,0,0.0,0.0
2023-07-31 12:00:00+09:00,1496.0,1497.0,1495.0,1497.0,30200,0.0,0.0
2023-07-31 13:00:00+09:00,1496.0,1496.0,1495.0,1495.0,1200,0.0,0.0
2023-07-31 14:00:00+09:00,1495.0,1498.0,1494.0,1497.0,5300,0.0,0.0
2023-08-01 09:00:00+09:00,1502.0,1502.0,1497.0,1497.0,3400,0.0,0.0
2023-08-01 10:00:00+09:00,1497.0,1498.0,1496.0,1497.0,1700,0.0,0.0
2023-08-01 11:00:00+09:00,1497.0,1499.0,1497.0,1498.0,0,0.0,0.0
2023-08-01 12:00:00+09:00,1499.0,1501.0,1498.0,1500.0,11500,0.0,0.0
2023-08-01 13:00:00+09:00,1500.0,1502.0,1500.0,1501.0,2600,0.0,0.0
2023-08-01 14:00:00+09:00,1501.0,1502.0,1500.0,1500.0,4700,0.0,0.0
2023-08-02 09:00:00+09:00,1502.0,1502.0,1495.0,1499.0,7300,0.0,0.0
2023-08-02 10:00:00+09:00,1499.0,1500.0,1494.0,1495.0,6200,0.0,0.0
2023-08-02 11:00:00+09:00,1495.0,1495.0,1494.0,1494.0,0,0.0,0.0
2023-08-02 12:00:00+09:00,1494.0,1497.0,1494.0,1494.0,17500,0.0,0.0
2023-08-02 13:00:00+09:00,1494.0,1494.0,1491.0,1491.0,4000,0.0,0.0
2023-08-02 14:00:00+09:00,1491.0,1494.0,1491.0,1491.0,6400,0.0,0.0
2023-08-03 09:00:00+09:00,1490.0,1492.0,1487.0,1489.0,6600,0.0,0.0
2023-08-03 10:00:00+09:00,1489.0,1497.0,1489.0,1497.0,3000,0.0,0.0
2023-08-03 11:00:00+09:00,1496.0,1497.0,1495.0,1495.0,0,0.0,0.0
2023-08-03 12:00:00+09:00,1490.0,1497.0,1490.0,1497.0,14300,0.0,0.0
2023-08-03 13:00:00+09:00,1498.0,1498.0,1494.0,1494.0,3500,0.0,0.0
2023-08-03 14:00:00+09:00,1495.0,1496.0,1493.0,1496.0,5200,0.0,0.0
2023-08-04 09:00:00+09:00,1492.0,1504.0,1491.0,1504.0,9900,0.0,0.0
2023-08-04 10:00:00+09:00,1505.0,1505.0,1501.0,1501.0,6200,0.0,0.0
2023-08-04 11:00:00+09:00,1501.0,1501.0,1500.0,1500.0,0,0.0,0.0
2023-08-04 12:00:00+09:00,1500.0,1503.0,1500.0,1502.0,19500,0.0,0.0
2023-08-04 13:00:00+09:00,1503.0,1507.0,1503.0,1505.0,5600,0.0,0.0
2023-08-04 14:00:00+09:00,1504.0,1506.0,1504.0,1504.0,1700,0.0,0.0
2023-08-07 09:00:00+09:00,1500.0,1513.0,1498.0,1510.0,16800,0.0,0.0
2023-08-07 10:00:00+09:00,1510.0,1512.0,1508.0,1511.0,3600,0.0,0.0
2023-08-07 11:00:00+09:00,1511.0,1512.0,1509.0,1512.0,0,0.0,0.0
2023-08-07 12:00:00+09:00,1512.0,1515.0,1511.0,1514.0,26900,0.0,0.0
2023-08-07 13:00:00+09:00,1515.0,1518.0,1514.0,1518.0,9200,0.0,0.0
2023-08-07 14:00:00+09:00,1518.0,1519.0,1516.0,1517.0,7200,0.0,0.0
2023-08-08 09:00:00+09:00,1519.0,1521.0,1519.0,1519.0,11100,0.0,0.0
2023-08-08 10:00:00+09:00,1520.0,1520.0,1517.0,1520.0,5400,0.0,0.0
2023-08-08 11:00:00+09:00,1519.0,1521.0,1519.0,1521.0,0,0.0,0.0
2023-08-08 12:00:00+09:00,1520.0,1522.0,1520.0,1521.0,26600,0.0,0.0
2023-08-08 13:00:00+09:00,1521.0,1522.0,1521.0,1522.0,5900,0.0,0.0
2023-08-08 14:00:00+09:00,1522.0,1524.0,1521.0,1524.0,10600,0.0,0.0
2023-08-09 09:00:00+09:00,1525.0,1525.0,1515.0,1515.0,0,0.0,0.0
2023-08-09 10:00:00+09:00,1516.0,1520.0,1516.0,1517.0,12900,0.0,0.0
2023-08-09 11:00:00+09:00,1518.0,1518.0,1514.0,1515.0,0,0.0,0.0
2023-08-09 12:00:00+09:00,1510.0,1514.0,1506.0,1513.0,27700,0.0,0.0
2023-08-09 13:00:00+09:00,1513.0,1516.0,1511.0,1516.0,6400,0.0,0.0
2023-08-09 14:00:00+09:00,1517.0,1521.0,1517.0,1519.0,6200,0.0,0.0
2023-08-10 09:00:00+09:00,1525.0,1525.0,1516.0,1520.0,7700,0.0,0.0
2023-08-10 10:00:00+09:00,1520.0,1521.0,1519.0,1521.0,2900,0.0,0.0
2023-08-10 11:00:00+09:00,1521.0,1522.0,1521.0,1521.0,0,0.0,0.0
2023-08-10 12:00:00+09:00,1517.0,1523.0,1517.0,1522.0,15900,0.0,0.0
2023-08-10 13:00:00+09:00,1522.0,1523.0,1521.0,1522.0,1800,0.0,0.0
2023-08-10 14:00:00+09:00,1522.0,1528.0,1522.0,1527.0,11800,0.0,0.0
2023-08-14 09:00:00+09:00,1530.0,1540.0,1530.0,1533.0,36300,0.0,0.0
2023-08-14 10:00:00+09:00,1532.0,1533.0,1532.0,1533.0,2500,0.0,0.0
2023-08-14 11:00:00+09:00,1532.0,1532.0,1528.0,1528.0,0,0.0,0.0
2023-08-14 12:00:00+09:00,1530.0,1530.0,1526.0,1528.0,47300,0.0,0.0
2023-08-14 13:00:00+09:00,1527.0,1528.0,1526.0,1528.0,4600,0.0,0.0
2023-08-14 14:00:00+09:00,1527.0,1532.0,1527.0,1531.0,9400,0.0,0.0
2023-08-15 09:00:00+09:00,1524.0,1539.0,1524.0,1526.0,32300,0.0,0.0
2023-08-15 10:00:00+09:00,1525.0,1527.0,1525.0,1527.0,1900,0.0,0.0
2023-08-15 11:00:00+09:00,1526.0,1527.0,1526.0,1526.0,0,0.0,0.0
2023-08-15 12:00:00+09:00,1528.0,1528.0,1527.0,1527.0,38000,0.0,0.0
2023-08-15 13:00:00+09:00,1529.0,1530.0,1526.0,1526.0,2900,0.0,0.0
2023-08-15 14:00:00+09:00,1526.0,1531.0,1526.0,1531.0,6200,0.0,0.0
2023-08-16 09:00:00+09:00,1525.0,1528.0,1519.0,1526.0,8400,0.0,0.0
2023-08-16 10:00:00+09:00,1527.0,1528.0,1526.0,1527.0,2900,0.0,0.0
2023-08-16 11:00:00+09:00,1528.0,1530.0,1527.0,1530.0,0,0.0,0.0
2023-08-16 12:00:00+09:00,1530.0,1534.0,1530.0,1531.0,17500,0.0,0.0
2023-08-16 13:00:00+09:00,1531.0,1533.0,1531.0,1533.0,3000,0.0,0.0
2023-08-16 14:00:00+09:00,1533.0,1533.0,1531.0,1531.0,6000,0.0,0.0
2023-08-17 09:00:00+09:00,1534.0,1534.0,1527.0,1527.0,7800,0.0,0.0
2023-08-17 10:00:00+09:00,1526.0,1526.0,1519.0,1520.0,2900,0.0,0.0
2023-08-17 11:00:00+09:00,1520.0,1524.0,1520.0,1524.0,0,0.0,0.0
2023-08-17 12:00:00+09:00,1530.0,1530.0,1522.0,1523.0,14500,0.0,0.0
2023-08-17 13:00:00+09:00,1524.0,1526.0,1524.0,1525.0,1800,0.0,0.0
2023-08-17 14:00:00+09:00,1526.0,1526.0,1521.0,1524.0,3600,0.0,0.0
2023-08-18 09:00:00+09:00,1520.0,1521.0,1515.0,1519.0,6900,0.0,0.0
2023-08-18 10:00:00+09:00,1517.0,1521.0,1516.0,1521.0,2900,0.0,0.0
2023-08-18 11:00:00+09:00,1521.0,1523.0,1521.0,1523.0,0,0.0,0.0
2023-08-18 12:00:00+09:00,1525.0,1525.0,1520.0,1521.0,15800,0.0,0.0
2023-08-18 13:00:00+09:00,1520.0,1520.0,1518.0,1518.0,3100,0.0,0.0
2023-08-18 14:00:00+09:00,1518.0,1518.0,1515.0,1518.0,6800,0.0,0.0
2023-08-21 09:00:00+09:00,1518.0,1527.0,1515.0,1527.0,8600,0.0,0.0
2023-08-21 10:00:00+09:00,1525.0,1530.0,1524.0,1529.0,8200,0.0,0.0
2023-08-21 11:00:00+09:00,1530.0,1531.0,1530.0,1530.0,0,0.0,0.0
2023-08-21 12:00:00+09:00,1530.0,1530.0,1529.0,1529.0,22200,0.0,0.0
2023-08-21 13:00:00+09:00,1529.0,1529.0,1528.0,1528.0,1200,0.0,0.0
2023-08-21 14:00:00+09:00,1528.0,1529.0,1526.0,1526.0,5600,0.0,0.0
2023-08-22 09:00:00+09:00,1527.0,1527.0,1523.0,1527.0,3400,0.0,0.0
2023-08-22 10:00:00+09:00,1527.0,1529.0,1527.0,1527.0,2000,0.0,0.0
2023-08-22 11:00:00+09:00,1528.0,1532.0,1528.0,1530.0,0,0.0,0.0
2023-08-22 12:00:00+09:00,1533.0,1533.0,1530.0,1531.0,12400,0.0,0.0
2023-08-22 13:00:00+09:00,1530.0,1532.0,1527.0,1529.0,5300,0.0,0.0
2023-08-22 14:00:00+09:00,1530.0,1533.0,1530.0,1531.0,4800,0.0,0.0
2023-08-23 09:00:00+09:00,1534.0,1536.0,1531.0,1531.0,19700,0.0,0.0
2023-08-23 10:00:00+09:00,1533.0,1534.0,1532.0,1534.0,2500,0.0,0.0
2023-08-23 11:00:00+09:00,1535.0,1535.0,1534.0,1535.0,0,0.0,0.0
2023-08-23 12:00:00+09:00,1535.0,1535.0,1534.0,1535.0,26000,0.0,0.0
2023-08-23 13:00:00+09:00,1534.0,1534.0,1533.0,1534.0,2300,0.0,0.0
2023-08-23 14:00:00+09:00,1534.0,1539.0,1533.0,1538.0,13300,0.0,0.0
2023-08-24 09:00:00+09:00,1539.0,1539.0,1534.0,1535.0,0,0.0,0.0
2023-08-24 10:00:00+09:00,1535.0,1538.0,1535.0,1536.0,5800,0.0,0.0
2023-08-24 11:00:00+09:00,1537.0,1537.0,1536.0,1536.0,0,0.0,0.0
2023-08-24 12:00:00+09:00,1537.0,1539.0,1537.0,1539.0,12200,0.0,0.0
2023-08-24 13:00:00+09:00,1538.0,1540.0,1537.0,1538.0,6400,0.0,0.0
2023-08-24 14:00:00+09:00,1537.0,1539.0,1537.0,1538.0,5000,0.0,0.0
2023-08-25 09:00:00+09:00,1535.0,1538.0,1528.0,1535.0,9900,0.0,0.0
2023-08-25 10:00:00+09:00,1534.0,1535.0,1532.0,1533.0,1800,0.0,0.0
2023-08-25 11:00:00+09:00,1533.0,1533.0,1532.0,1533.0,0,0.0,0.0
2023-08-25 12:00:00+09:00,1535.0,1535.0,1534.0,1534.0,13100,0.0,0.0
2023-08-25 13:00:00+09:00,1533.0,1533.0,1529.0,1531.0,5200,0.0,0.0
2023-08-25 14:00:00+09:00,1530.0,1537.0,1529.0,1537.0,10300,0.0,0.0
2023-08-28 09:00:00+09:00,1540.0,1547.0,1539.0,1544.0,26000,0.0,0.0
2023-08-28 10:00:00+09:00,1543.0,1545.0,1542.0,1543.0,6000,0.0,0.0
2023-08-28 11:00:00+09:00,1543.0,1543.0,1540.0,1542.0,0,0.0,0.0
2023-08-28 12:00:00+09:00,1537.0,1539.0,1537.0,1539.0,41400,0.0,0.0
2023-08-28 13:00:00+09:00,1539.0,1540.0,1537.0,1539.0,2900,0.0,0.0
2023-08-28 14:00:00+09:00,1539.0,1542.0,1538.0,1542.0,5500,0.0,0.0
2023-08-29 09:00:00+09:00,1541.0,1544.0,1537.0,1543.0,9600,0.0,0.0
2023-08-29 10:00:00+09:00,1543.0,1543.0,1537.0,1537.0,8700,0.0,0.0
2023-08-29 11:00:00+09:00,1538.0,1538.0,1535.0,1535.0,0,0.0,0.0
2023-08-29 12:00:00+09:00,1544.0,1544.0,1535.0,1536.0,22800,0.0,0.0
2023-08-29 13:00:00+09:00,1536.0,1539.0,1536.0,1539.0,1900,0.0,0.0
2023-08-29 14:00:00+09:00,1538.0,1542.0,1537.0,1540.0,7700,0.0,0.0
2023-08-30 09:00:00+09:00,1540.0,1543.0,1535.0,1539.0,12700,0.0,0.0
2023-08-30 10:00:00+09:00,1539.0,1540.0,1538.0,1538.0,3100,0.0,0.0
2023-08-30 11:00:00+09:00,1538.0,1538.0,1537.0,1538.0,0,0.0,0.0
2023-08-30 12:00:00+09:00,1539.0,1539.0,1536.0,1538.0,21400,0.0,0.0
2023-08-30 13:00:00+09:00,1537.0,1540.0,1537.0,1540.0,1200,0.0,0.0
2023-08-30 14:00:00+09:00,1540.0,1542.0,1538.0,1542.0,9500,0.0,0.0
2023-08-31 09:00:00+09:00,1535.0,1541.0,1535.0,1538.0,18100,0.0,0.0
2023-08-31 10:00:00+09:00,1538.0,1540.0,1536.0,1537.0,3300,0.0,0.0
2023-08-31 11:00:00+09:00,1537.0,1538.0,1537.0,1538.0,0,0.0,0.0
2023-08-31 12:00:00+09:00,1540.0,1540.0,1538.0,1540.0,28600,0.0,0.0
2023-08-31 13:00:00+09:00,1540.0,1542.0,1540.0,1542.0,4500,0.0,0.0
2023-08-31 14:00:00+09:00,1542.0,1544.0,1542.0,1542.0,10200,0.0,0.0
2023-09-01 09:00:00+09:00,1539.0,1545.0,1539.0,1544.0,12300,0.0,0.0
2023-09-01 10:00:00+09:00,1543.0,1545.0,1543.0,1545.0,9700,0.0,0.0
2023-09-01 11:00:00+09:00,1546.0,1546.0,1545.0,1546.0,0,0.0,0.0
2023-09-01 12:00:00+09:00,1546.0,1548.0,1545.0,1548.0,35100,0.0,0.0
2023-09-01 13:00:00+09:00,1547.0,1548.0,1547.0,1548.0,6900,0.0,0.0
2023-09-01 14:00:00+09:00,1547.0,1548.0,1546.0,1548.0,7800,0.0,0.0
2023-09-04 09:00:00+09:00,1548.0,1556.0,1544.0,1552.0,47700,0.0,0.0
2023-09-04 10:00:00+09:00,1553.0,1553.0,1551.0,1552.0,7100,0.0,0.0
2023-09-04 11:00:00+09:00,1552.0,1553.0,1551.0,1553.0,0,0.0,0.0
2023-09-04 12:00:00+09:00,1553.0,1553.0,1551.0,1552.0,64000,0.0,0.0
2023-09-04 13:00:00+09:00,1552.0,1557.0,1552.0,1556.0,14900,0.0,0.0
2023-09-04 14:00:00+09:00,1556.0,1557.0,1553.0,1557.0,16600,0.0,0.0
2023-09-05 09:00:00+09:00,1565.0,1567.0,1546.0,1549.0,62900,0.0,0.0
2023-09-05 10:00:00+09:00,1547.0,1549.0,1543.0,1545.0,14100,0.0,0.0
2023-09-05 11:00:00+09:00,1547.0,1548.0,1546.0,1546.0,0,0.0,0.0
2023-09-05 12:00:00+09:00,1551.0,1552.0,1548.0,1548.0,93100,0.0,0.0
2023-09-05 13:00:00+09:00,1548.0,1551.0,1542.0,1544.0,18900,0.0,0.0
2023-09-05 14:00:00+09:00,1544.0,1551.0,1540.0,1546.0,40500,0.0,0.0
2023-09-06 09:00:00+09:00,1575.0,1614.0,1561.0,1584.0,210700,0.0,0.0
2023-09-06 10:00:00+09:00,1583.0,1598.0,1578.0,1584.0,46600,0.0,0.0
2023-09-06 11:00:00+09:00,1581.0,1585.0,1570.0,1585.0,0,0.0,0.0
2023-09-06 12:00:00+09:00,1584.0,1588.0,1583.0,1584.0,292000,0.0,0.0
2023-09-06 13:00:00+09:00,1585.0,1597.0,1581.0,1594.0,33000,0.0,0.0
2023-09-06 14:00:00+09:00,1593.0,1599.0,1593.0,1596.0,32300,0.0,0.0
2023-09-07 09:00:00+09:00,1591.0,1625.0,1589.0,1621.0,54500,0.0,0.0
2023-09-07 10:00:00+09:00,1622.0,1632.0,1618.0,1632.0,26300,0.0,0.0
2023-09-07 11:00:00+09:00,1631.0,1631.0,1624.0,1624.0,0,0.0,0.0
2023-09-07 12:00:00+09:00,1624.0,1629.0,1623.0,1623.0,94900,0.0,0.0
2023-09-07 13:00:00+09:00,1621.0,1621.0,1612.0,1618.0,12500,0.0,0.0
2023-09-07 14:00:00+09:00,1618.0,1622.0,1616.0,1620.0,19900,0.0,0.0
2023-09-08 09:00:00+09:00,1620.0,1625.0,1610.0,1613.0,35200,0.0,0.0
2023-09-08 10:00:00+09:00,1615.0,1628.0,1615.0,1628.0,10600,0.0,0.0
2023-09-08 11:00:00+09:00,1627.0,1629.0,1626.0,1629.0,0,0.0,0.0
2023-09-08 12:00:00+09:00,1627.0,1632.0,1623.0,1628.0,58800,0.0,0.0
2023-09-08 13:00:00+09:00,1627.0,1627.0,1623.0,1624.0,4900,0.0,0.0
2023-09-08 14:00:00+09:00,1622.0,1630.0,1619.0,1630.0,17000,0.0,0.0
2023-09-11 09:00:00+09:00,1635.0,1655.0,1634.0,1645.0,0,0.0,0.0
2023-09-11 10:00:00+09:00,1647.0,1647.0,1633.0,1634.0,6400,0.0,0.0
2023-09-11 11:00:00+09:00,1634.0,1634.0,1627.0,1628.0,0,0.0,0.0
2023-09-11 12:00:00+09:00,1638.0,1638.0,1630.0,1633.0,53400,0.0,0.0
2023-09-11 13:00:00+09:00,1634.0,1638.0,1631.0,1635.0,5100,0.0,0.0
2023-09-11 14:00:00+09:00,1635.0,1637.0,1627.0,1634.0,14800,0.0,0.0
2023-09-12 09:00:00+09:00,1650.0,1666.0,1647.0,1665.0,36500,0.0,0.0
2023-09-12 10:00:00+09:00,1666.0,1672.0,1661.0,1667.0,14100,0.0,0.0
2023-09-12 11:00:00+09:00,1665.0,1667.0,1663.0,1667.0,0,0.0,0.0
2023-09-12 12:00:00+09:00,1668.0,1669.0,1665.0,1667.0,56100,0.0,0.0
2023-09-12 13:00:00+09:00,1666.0,1671.0,1665.0,1671.0,15200,0.0,0.0
2023-09-12 14:00:00+09:00,1670.0,1679.0,1670.0,1678.0,17300,0.0,0.0
2023-09-13 09:00:00+09:00,1671.0,1679.0,1656.0,1661.0,17000,0.0,0.0
2023-09-13 10:00:00+09:00,1663.0,1684.0,1663.0,1684.0,17800,0.0,0.0
2023-09-13 11:00:00+09:00,1684.0,1691.0,1684.0,1689.0,0,0.0,0.0
2023-09-13 12:00:00+09:00,1689.0,1689.0,1672.0,1673.0,51600,0.0,0.0
2023-09-13 13:00:00+09:00,1672.0,1673.0,1670.0,1672.0,5400,0.0,0.0
2023-09-13 14:00:00+09:00,1672.0,1678.0,1671.0,1678.0,12100,0.0,0.0
2023-09-14 09:00:00+09:00,1689.0,1696.0,1680.0,1682.0,19900,0.0,0.0
2023-09-14 10:00:00+09:00,1682.0,1684.0,1677.0,1679.0,6500,0.0,0.0
2023-09-14 11:00:00+09:00,1679.0,1680.0,1677.0,1679.0,0,0.0,0.0
2023-09-14 12:00:00+09:00,1680.0,1686.0,1679.0,1684.0,38300,0.0,0.0
2023-09-14 13:00:00+09:00,1686.0,1689.0,1684.0,1685.0,9200,0.0,0.0
2023-09-14 14:00:00+09:00,1684.0,1685.0,1678.0,1679.0,9500,0.0,0.0
2023-09-15 09:00:00+09:00,1676.0,1676.0,1649.0,1650.0,28500,0.0,0.0
2023-09-15 10:00:00+09:00,1649.0,1656.0,1646.0,1654.0,8700,0.0,0.0
2023-09-15 11:00:00+09:00,1655.0,1659.0,1654.0,1659.0,0,0.0,0.0
2023-09-15 12:00:00+09:00,1659.0,1667.0,1659.0,1665.0,45400,0.0,0.0
2023-09-15 13:00:00+09:00,1664.0,1664.0,1660.0,1662.0,4800,0.0,0.0
2023-09-15 14:00:00+09:00,1662.0,1667.0,1661.0,1661.0,13000,0.0,0.0
2023-09-19 09:00:00+09:00,1660.0,1660.0,1641.0,1648.0,24600,0.0,0.0
2023-09-19 10:00:00+09:00,1646.0,1648.0,1638.0,1638.0,5100,0.0,0.0
2023-09-19 11:00:00+09:00,1638.0,1639.0,1635.0,1635.0,0,0.0,0.0
2023-09-19 12:00:00+09:00,1638.0,1638.0,1633.0,1634.0,39200,0.0,0.0
2023-09-19 13:00:00+09:00,1633.0,1634.0,1628.0,1631.0,7500,0.0,0.0
2023-09-19 14:00:00+09:00,1631.0,1636.0,1631.0,1636.0,6600,0.0,0.0
2023-09-20 09:00:00+09:00,1621.0,1630.0,1607.0,1609.0,16100,0.0,0.0
2023-09-20 10:00:00+09:00,1608.0,1611.0,1608.0,1610.0,4500,0.0,0.0
2023-09-20 11:00:00+09:00,1610.0,1611.0,1609.0,1609.0,0,0.0,0.0
2023-09-20 12:00:00+09:00,1609.0,1610.0,1606.0,1606.0,27800,0.0,0.0
2023-09-20 13:00:00+09:00,1606.0,1608.0,1605.0,1608.0,4300,0.0,0.0
2023-09-20 14:00:00+09:00,1609.0,1612.0,1606.0,1606.0,10200,0.0,0.0
2023-09-21 09:00:00+09:00,1606.0,1624.0,1605.0,1624.0,29000,0.0,0.0
2023-09-21 10:00:00+09:00,1625.0,1630.0,1619.0,1620.0,16000,0.0,0.0
2023-09-21 11:00:00+09:00,1621.0,1621.0,1612.0,1612.0,0,0.0,0.0
2023-09-21 12:00:00+09:00,1609.0,1609.0,1603.0,1603.0,52200,0.0,0.0
2023-09-21 13:00:00+09:00,1602.0,1604.0,1601.0,1602.0,5900,0.0,0.0
2023-09-21 14:00:00+09:00,1601.0,1603.0,1600.0,1602.0,7400,0.0,0.0
2023-09-22 09:00:00+09:00,1597.0,1602.0,1580.0,1589.0,0,0.0,0.0
2023-09-22 10:00:00+09:00,1592.0,1592.0,1588.0,1588.0,27900,0.0,0.0
2023-09-22 11:00:00+09:00,1587.0,1589.0,1583.0,1585.0,0,0.0,0.0
2023-09-22 12:00:00+09:00,1585.0,1589.0,1585.0,1588.0,43100,0.0,0.0
2023-09-22 13:00:00+09:00,1586.0,1587.0,1579.0,1582.0,7700,0.0,0.0
2023-09-22 14:00:00+09:00,1583.0,1600.0,1581.0,1591.0,32500,0.0,0.0
2023-09-25 09:00:00+09:00,1599.0,1609.0,1592.0,1606.0,37100,0.0,0.0
2023-09-25 10:00:00+09:00,1606.0,1613.0,1606.0,1613.0,3300,0.0,0.0
2023-09-25 11:00:00+09:00,1613.0,1615.0,1612.0,1615.0,0,0.0,0.0
2023-09-25 12:00:00+09:00,1615.0,1617.0,1614.0,1614.0,48800,0.0,0.0
2023-09-25 13:00:00+09:00,1613.0,1617.0,1612.0,1616.0,6500,0.0,0.0
2023-09-25 14:00:00+09:00,1616.0,1616.0,1611.0,1615.0,9200,0.0,0.0
2023-09-26 09:00:00+09:00,1609.0,1622.0,1605.0,1617.0,35100,0.0,0.0
2023-09-26 10:00:00+09:00,1618.0,1618.0,1610.0,1610.0,2500,0.0,0.0
2023-09-26 11:00:00+09:00,1613.0,1617.0,1611.0,1614.0,0,0.0,0.0
2023-09-26 12:00:00+09:00,1617.0,1619.0,1615.0,1617.0,49100,0.0,0.0
2023-09-26 13:00:00+09:00,1617.0,1621.0,1617.0,1621.0,3000,0.0,0.0
2023-09-26 14:00:00+09:00,1621.0,1624.0,1619.0,1622.0,9400,0.0,0.0
2023-09-27 09:00:00+09:00,1621.0,1621.0,1610.0,1610.0,40800,0.0,0.0
2023-09-27 10:00:00+09:00,1610.0,1613.0,1609.0,1611.0,5200,0.0,0.0
2023-09-27 11:00:00+09:00,1612.0,1621.0,1612.0,1621.0,0,0.0,0.0
2023-09-27 12:00:00+09:00,1624.0,1631.0,1623.0,1625.0,78800,0.0,0.0
2023-09-27 13:00:00+09:00,1623.0,1628.0,1621.0,1628.0,7900,0.0,0.0
2023-09-27 14:00:00+09:00,1629.0,1634.0,1626.0,1633.0,11300,0.0,0.0
2023-09-28 09:00:00+09:00,1628.0,1628.0,1617.0,1622.0,66900,0.0,0.0
2023-09-28 10:00:00+09:00,1620.0,1620.0,1613.0,1619.0,8600,0.0,0.0
2023-09-28 11:00:00+09:00,1621.0,1622.0,1614.0,1614.0,0,0.0,0.0
2023-09-28 12:00:00+09:00,1613.0,1614.0,1607.0,1608.0,124700,0.0,0.0
2023-09-28 13:00:00+09:00,1608.0,1615.0,1606.0,1614.0,6900,0.0,0.0
2023-09-28 14:00:00+09:00,1615.0,1620.0,1614.0,1615.0,14300,0.0,0.0
2023-09-29 09:00:00+09:00,1614.0,1632.0,1614.0,1620.0,61600,0.0,0.0
2023-09-29 10:00:00+09:00,1622.0,1623.0,1614.0,1614.0,3400,0.0,0.0
2023-09-29 11:00:00+09:00,1614.0,1617.0,1613.0,1617.0,0,0.0,0.0
2023-09-29 12:00:00+09:00,1620.0,1622.0,1616.0,1616.0,80600,0.0,0.0
2023-09-29 13:00:00+09:00,1616.0,1617.0,1608.0,1608.0,9100,0.0,0.0
2023-09-29 14:00:00+09:00,1609.0,1613.0,1606.0,1609.0,12800,0.0,0.0
2023-10-02 09:00:00+09:00,1600.0,1605.0,1591.0,1598.0,86300,0.0,0.0
2023-10-02 10:00:00+09:00,1599.0,1602.0,1598.0,1602.0,8000,0.0,0.0
2023-10-02 11:00:00+09:00,1602.0,1602.0,1596.0,1596.0,0,0.0,0.0
2023-10-02 12:00:00+09:00,1595.0,1602.0,1595.0,1600.0,138300,0.0,0.0
2023-10-02 13:00:00+09:00,1600.0,1601.0,1596.0,1596.0,12500,0.0,0.0
2023-10-02 14:00:00+09:00,1596.0,1596.0,1584.0,1585.0,24000,0.0,0.0
2023-10-03 09:00:00+09:00,1585.0,1606.0,1571.0,1606.0,58300,0.0,0.0
2023-10-03 10:00:00+09:00,1606.0,1607.0,1593.0,1596.0,14300,0.0,0.0
2023-10-03 11:00:00+09:00,1596.0,1600.0,1596.0,1597.0,0,0.0,0.0
2023-10-03 12:00:00+09:00,1597.0,1597.0,1591.0,1592.0,80800,0.0,0.0
2023-10-03 13:00:00+09:00,1592.0,1592.0,1583.0,1583.0,8800,0.0,0.0
2023-10-03 14:00:00+09:00,1583.0,1583.0,1578.0,1579.0,8900,0.0,0.0
2023-10-04 09:00:00+09:00,1562.0,1582.0,1557.0,1579.0,47000,0.0,0.0
2023-10-04 10:00:00+09:00,1579.0,1582.0,1568.0,1568.0,9400,0.0,0.0
2023-10-04 11:00:00+09:00,1567.0,1568.0,1560.0,1560.0,0,0.0,0.0
2023-10-04 12:00:00+09:00,1564.0,1573.0,1564.0,1568.0,87400,0.0,0.0
2023-10-04 13:00:00+09:00,1566.0,1583.0,1565.0,1579.0,39000,0.0,0.0
2023-10-04 14:00:00+09:00,1578.0,1578.0,1565.0,1569.0,25600,0.0,0.0
2023-10-05 09:00:00+09:00,1571.0,1597.0,1571.0,1594.0,52000,0.0,0.0
2023-10-05 10:00:00+09:00,1593.0,1594.0,1587.0,1587.0,5300,0.0,0.0
2023-10-05 11:00:00+09:00,1586.0,1588.0,1584.0,1584.0,0,0.0,0.0
2023-10-05 12:00:00+09:00,1585.0,1593.0,1585.0,1593.0,68600,0.0,0.0
2023-10-05 13:00:00+09:00,1592.0,1596.0,1592.0,1594.0,6200,0.0,0.0
2023-10-05 14:00:00+09:00,1593.0,1595.0,1589.0,1592.0,19100,0.0,0.0
2023-10-06 09:00:00+09:00,1593.0,1602.0,1589.0,1589.0,50200,0.0,0.0
2023-10-06 10:00:00+09:00,1589.0,1595.0,1589.0,1592.0,5300,0.0,0.0
2023-10-06 11:00:00+09:00,1593.0,1595.0,1591.0,1591.0,0,0.0,0.0
2023-10-06 12:00:00+09:00,1591.0,1591.0,1587.0,1588.0,67300,0.0,0.0
2023-10-06 13:00:00+09:00,1588.0,1590.0,1587.0,1590.0,2500,0.0,0.0
2023-10-06 14:00:00+09:00,1590.0,1590.0,1587.0,1588.0,11400,0.0,0.0
2023-10-10 09:00:00+09:00,1586.0,1591.0,1573.0,1579.0,136200,0.0,0.0
2023-10-10 10:00:00+09:00,1579.0,1581.0,1575.0,1580.0,11400,0.0,0.0
2023-10-10 11:00:00+09:00,1578.0,1581.0,1578.0,1580.0,0,0.0,0.0
2023-10-10 12:00:00+09:00,1580.0,1582.0,1578.0,1579.0,161200,0.0,0.0
2023-10-10 13:00:00+09:00,1579.0,1583.0,1578.0,1581.0,8800,0.0,0.0
2023-10-10 14:00:00+09:00,1582.0,1583.0,1579.0,1582.0,7800,0.0,0.0
2023-10-11 09:00:00+09:00,1573.0,1575.0,1566.0,1571.0,0,0.0,0.0
2023-10-11 10:00:00+09:00,1571.0,1572.0,1563.0,1568.0,77800,0.0,0.0
2023-10-11 11:00:00+09:00,1567.0,1568.0,1564.0,1564.0,0,0.0,0.0
2023-10-11 12:00:00+09:00,1565.0,1566.0,1558.0,1563.0,101700,0.0,0.0
2023-10-11 13:00:00+09:00,1562.0,1566.0,1562.0,1563.0,6000,0.0,0.0
2023-10-11 14:00:00+09:00,1563.0,1564.0,1557.0,1558.0,17700,0.0,0.0
2023-10-12 09:00:00+09:00,1555.0,1555.0,1537.0,1545.0,92600,0.0,0.0
2023-10-12 10:00:00+09:00,1544.0,1546.0,1540.0,1545.0,9100,0.0,0.0
2023-10-12 11:00:00+09:00,1545.0,1550.0,1545.0,1548.0,0,0.0,0.0
2023-10-12 12:00:00+09:00,1548.0,1548.0,1544.0,1546.0,122200,0.0,0.0
2023-10-12 13:00:00+09:00,1545.0,1549.0,1545.0,1545.0,8000,0.0,0.0
2023-10-12 14:00:00+09:00,1544.0,1546.0,1543.0,1545.0,13400,0.0,0.0
2023-10-13 09:00:00+09:00,1536.0,1536.0,1519.0,1520.0,77100,0.0,0.0
2023-10-13 10:00:00+09:00,1521.0,1523.0,1520.0,1522.0,5900,0.0,0.0
2023-10-13 11:00:00+09:00,1522.0,1522.0,1519.0,1521.0,0,0.0,0.0
2023-10-13 12:00:00+09:00,1521.0,1522.0,1519.0,1522.0,109900,0.0,0.0
2023-10-13 13:00:00+09:00,1523.0,1523.0,1517.0,1517.0,13200,0.0,0.0
2023-10-13 14:00:00+09:00,1517.0,1526.0,1517.0,1526.0,13300,0.0,0.0
2023-10-16 09:00:00+09:00,1519.0,1524.0,1512.0,1514.0,51600,0.0,0.0
2023-10-16 10:00:00+09:00,1513.0,1516.0,1509.0,1509.0,9600,0.0,0.0
2023-10-16 11:00:00+09:00,1509.0,1509.0,1506.0,1506.0,0,0.0,0.0
2023-10-16 12:00:00+09:00,1506.0,1506.0,1502.0,1502.0,83000,0.0,0.0
2023-10-16 13:00:00+09:00,1502.0,1506.0,1501.0,1505.0,4400,0.0,0.0
2023-10-16 14:00:00+09:00,1505.0,1510.0,1504.0,1508.0,13500,0.0,0.0
2023-10-17 09:00:00+09:00,1525.0,1527.0,1514.0,1516.0,42500,0.0,0.0
2023-10-17 10:00:00+09:00,1513.0,1514.0,1509.0,1509.0,12900,0.0,0.0
2023-10-17 11:00:00+09:00,1511.0,1511.0,1507.0,1510.0,0,0.0,0.0
2023-10-17 12:00:00+09:00,1511.0,1511.0,1504.0,1506.0,73000,0.0,0.0
2023-10-17 13:00:00+09:00,1505.0,1506.0,1500.0,1502.0,18800,0.0,0.0
2023-10-17 14:00:00+09:00,1503.0,1507.0,1501.0,1505.0,17200,0.0,0.0
2023-10-18 09:00:00+09:00,1513.0,1517.0,1504.0,1507.0,27500,0.0,0.0
2023-10-18 10:00:00+09:00,1508.0,1515.0,1508.0,1514.0,7200,0.0,0.0
2023-10-18 11:00:00+09:00,1515.0,1516.0,1513.0,1513.0,0,0.0,0.0
2023-10-18 12:00:00+09:00,1513.0,1516.0,1511.0,1516.0,46900,0.0,0.0
2023-10-18 13:00:00+09:00,1517.0,1519.0,1514.0,1518.0,8700,0.0,0.0
2023-10-18 14:00:00+09:00,1518.0,1525.0,1518.0,1525.0,12100,0.0,0.0
2023-10-19 09:00:00+09:00,1522.0,1537.0,1520.0,1537.0,0,0.0,0.0
2023-10-19 10:00:00+09:00,1537.0,1537.0,1528.0,1530.0,48500,0.0,0.0
2023-10-19 11:00:00+09:00,1529.0,1530.0,1529.0,1530.0,0,0.0,0.0
2023-10-19 12:00:00+09:00,1530.0,1530.0,1524.0,1527.0,56800,0.0,0.0
2023-10-19 13:00:00+09:00,1527.0,1531.0,1526.0,1531.0,7000,0.0,0.0
2023-10-19 14:00:00+09:00,1530.0,1531.0,1527.0,1527.0,15300,0.0,0.0
2023-10-20 09:00:00+09:00,1532.0,1532.0,1518.0,1520.0,42500,0.0,0.0
2023-10-20 10:00:00+09:00,1521.0,1523.0,1517.0,1523.0,8100,0.0,0.0
2023-10-20 11:00:00+09:00,1524.0,1525.0,1523.0,1523.0,0,0.0,0.0
2023-10-20 12:00:00+09:00,1527.0,1527.0,1522.0,1523.0,77500,0.0,0.0
2023-10-20 13:00:00+09:00,1524.0,1525.0,1521.0,1523.0,8300,0.0,0.0
2023-10-20 14:00:00+09:00,1522.0,1527.0,1522.0,1522.0,9900,0.0,0.0
2023-10-23 09:00:00+09:00,1514.0,1519.0,1509.0,1513.0,83000,0.0,0.0
2023-10-23 10:00:00+09:00,1514.0,1519.0,1513.0,1515.0,10700,0.0,0.0
2023-10-23 11:00:00+09:00,1514.0,1516.0,1514.0,1514.0,0,0.0,0.0
2023-10-23 12:00:00+09:00,1515.0,1515.0,1511.0,1511.0,112500,0.0,0.0
2023-10-23 13:00:00+09:00,1510.0,1511.0,1507.0,1510.0,13400,0.0,0.0
2023-10-23 14:00:00+09:00,1511.0,1513.0,1509.0,1509.0,12300,0.0,0.0
2023-10-24 09:00:00+09:00,1507.0,1516.0,1502.0,1504.0,66000,0.0,0.0
2023-10-24 10:00:00+09:00,1504.0,1505.0,1494.0,1501.0,52200,0.0,0.0
2023-10-24 11:00:00+09:00,1501.0,1510.0,1500.0,1507.0,0,0.0,0.0
2023-10-24 12:00:00+09:00,1507.0,1509.0,1505.0,1509.0,143600,0.0,0.0
2023-10-24 13:00:00+09:00,1508.0,1513.0,1507.0,1513.0,12800,0.0,0.0
2023-10-24 14:00:00+09:00,1513.0,1519.0,1512.0,1516.0,20700,0.0,0.0
2023-10-25 09:00:00+09:00,1519.0,1521.0,1515.0,1520.0,45900,0.0,0.0
2023-10-25 10:00:00+09:00,1521.0,1524.0,1520.0,1522.0,12500,0.0,0.0
2023-10-25 11:00:00+09:00,1522.0,1522.0,1519.0,1519.0,0,0.0,0.0
2023-10-25 12:00:00+09:00,1521.0,1529.0,1520.0,1527.0,86400,0.0,0.0
2023-10-25 13:00:00+09:00,1527.0,1529.0,1527.0,1528.0,0,0.0,0.0
2023-10-25 14:00:00+09:00,1528.0,1530.0,1524.0,1527.0,109000,0.0,0.0
2023-10-26 09:00:00+09:00,1515.0,1535.0,1515.0,1530.0,64900,0.0,0.0
2023-10-26 10:00:00+09:00,1531.0,1534.0,1529.0,1529.0,10000,0.0,0.0
2023-10-26 11:00:00+09:00,1529.0,1530.0,1527.0,1527.0,0,0.0,0.0
2023-10-26 12:00:00+09:00,1527.0,1533.0,1527.0,1530.0,95300,0.0,0.0
2023-10-26 13:00:00+09:00,1531.0,1533.0,1530.0,1533.0,9500,0.0,0.0
2023-10-26 14:00:00+09:00,1533.0,1534.0,1531.0,1533.0,15200,0.0,0.0
2023-10-27 09:00:00+09:00,1518.0,1535.0,1516.0,1528.0,0,0.0,0.0
2023-10-27 10:00:00+09:00,1528.0,1532.0,1518.0,1521.0,312100,0.0,0.0
2023-10-27 11:00:00+09:00,1522.0,1523.0,1519.0,1523.0,0,0.0,0.0
2023-10-27 12:00:00+09:00,1523.0,1528.0,1521.0,1522.0,454000,0.0,0.0
2023-10-27 13:00:00+09:00,1522.0,1525.0,1519.0,1522.0,28900,0.0,0.0
2023-10-27 14:00:00+09:00,1522.0,1529.0,1522.0,1529.0,30900,0.0,0.0
2023-10-30 09:00:00+09:00,1520.0,1520.0,1491.0,1495.0,355800,0.0,0.0
2023-10-30 10:00:00+09:00,1495.0,1501.0,1495.0,1497.0,12500,0.0,0.0
2023-10-30 11:00:00+09:00,1498.0,1499.0,1495.0,1496.0,0,0.0,0.0
2023-10-30 12:00:00+09:00,1496.0,1500.0,1493.0,1496.0,400400,0.0,0.0
2023-10-30 13:00:00+09:00,1495.0,1495.0,1487.0,1487.0,24500,0.0,0.0
2023-10-30 14:00:00+09:00,1488.0,1497.0,1488.0,1496.0,24800,0.0,0.0
2023-10-31 09:00:00+09:00,1510.0,1541.0,1506.0,1540.0,101200,0.0,0.0
2023-10-31 10:00:00+09:00,1538.0,1543.0,1532.0,1542.0,29000,0.0,0.0
2023-10-31 11:00:00+09:00,1543.0,1548.0,1541.0,1547.0,0,0.0,0.0
2023-10-31 12:00:00+09:00,1545.0,1552.0,1542.0,1548.0,200500,0.0,0.0
2023-10-31 13:00:00+09:00,1549.0,1555.0,1548.0,1551.0,22900,0.0,0.0
2023-10-31 14:00:00+09:00,1552.0,1562.0,1550.0,1562.0,41200,0.0,0.0
2023-11-01 09:00:00+09:00,1569.0,1578.0,1562.0,1576.0,58900,0.0,0.0
2023-11-01 10:00:00+09:00,1576.0,1579.0,1570.0,1572.0,19300,0.0,0.0
2023-11-01 11:00:00+09:00,1573.0,1574.0,1571.0,1574.0,0,0.0,0.0
2023-11-01 12:00:00+09:00,1573.0,1575.0,1571.0,1572.0,93700,0.0,0.0
2023-11-01 13:00:00+09:00,1572.0,1579.0,1571.0,1579.0,17500,0.0,0.0
2023-11-01 14:00:00+09:00,1578.0,1580.0,1575.0,1580.0,29500,0.0,0.0
2023-11-02 09:00:00+09:00,1580.0,1594.0,1577.0,1584.0,0,0.0,0.0
2023-11-02 10:00:00+09:00,1582.0,1584.0,1575.0,1577.0,37500,0.0,0.0
2023-11-02 11:00:00+09:00,1575.0,1575.0,1570.0,1570.0,0,0.0,0.0
2023-11-02 12:00:00+09:00,1571.0,1574.0,1571.0,1573.0,46400,0.0,0.0
2023-11-02 13:00:00+09:00,1573.0,1577.0,1572.0,1576.0,9200,0.0,0.0
2023-11-02 14:00:00+09:00,1577.0,1584.0,1576.0,1584.0,20100,0.0,0.0
2023-11-06 09:00:00+09:00,1594.0,1595.0,1581.0,1590.0,27500,0.0,0.0
2023-11-06 10:00:00+09:00,1589.0,1591.0,1588.0,1589.0,7600,0.0,0.0
2023-11-06 11:00:00+09:00,1590.0,1597.0,1590.0,1594.0,0,0.0,0.0
2023-11-06 12:00:00+09:00,1587.0,1594.0,1587.0,1592.0,53800,0.0,0.0
2023-11-06 13:00:00+09:00,1591.0,1591.0,1581.0,1583.0,10600,0.0,0.0
2023-11-06 14:00:00+09:00,1583.0,1585.0,1581.0,1584.0,14700,0.0,0.0
2023-11-07 09:00:00+09:00,1586.0,1607.0,1584.0,1588.0,32300,0.0,0.0
2023-11-07 10:00:00+09:00,1587.0,1597.0,1587.0,1597.0,15900,0.0,0.0
2023-11-07 11:00:00+09:00,1597.0,1598.0,1596.0,1597.0,0,0.0,0.0
2023-11-07 12:00:00+09:00,1599.0,1607.0,1598.0,1605.0,67500,0.0,0.0
2023-11-07 13:00:00+09:00,1604.0,1604.0,1601.0,1601.0,7100,0.0,0.0
2023-11-07 14:00:00+09:00,1600.0,1605.0,1599.0,1605.0,19000,0.0,0.0
2023-11-08 09:00:00+09:00,1606.0,1607.0,1602.0,1606.0,8600,0.0,0.0
2023-11-08 10:00:00+09:00,1606.0,1608.0,1599.0,1606.0,11000,0.0,0.0
2023-11-08 11:00:00+09:00,1607.0,1609.0,1604.0,1605.0,0,0.0,0.0
2023-11-08 12:00:00+09:00,1607.0,1607.0,1599.0,1601.0,32700,0.0,0.0
2023-11-08 13:00:00+09:00,1600.0,1616.0,1600.0,1616.0,17200,0.0,0.0
2023-11-08 14:00:00+09:00,1614.0,1622.0,1614.0,1618.0,28400,0.0,0.0
2023-11-09 09:00:00+09:00,1596.0,1608.0,1593.0,1602.0,12100,0.0,0.0
2023-11-09 10:00:00+09:00,1601.0,1607.0,1599.0,1602.0,7200,0.0,0.0
2023-11-09 11:00:00+09:00,1603.0,1606.0,1603.0,1606.0,0,0.0,0.0
2023-11-09 12:00:00+09:00,1603.0,1608.0,1603.0,1608.0,23700,0.0,0.0
2023-11-09 13:00:00+09:00,1607.0,1615.0,1606.0,1615.0,6800,0.0,0.0
2023-11-09 14:00:00+09:00,1614.0,1621.0,1613.0,1621.0,10800,0.0,0.0
2023-11-10 09:00:00+09:00,1620.0,1620.0,1612.0,1619.0,7500,0.0,0.0
2023-11-10 10:00:00+09:00,1620.0,1624.0,1620.0,1621.0,4200,0.0,0.0
2023-11-10 11:00:00+09:00,1620.0,1626.0,1619.0,1624.0,0,0.0,0.0
2023-11-10 12:00:00+09:00,1627.0,1633.0,1626.0,1632.0,30200,0.0,0.0
2023-11-10 13:00:00+09:00,1631.0,1634.0,1631.0,1632.0,5700,0.0,0.0
2023-11-10 14:00:00+09:00,1630.0,1631.0,1624.0,1631.0,6800,0.0,0.0
2023-11-13 09:00:00+09:00,1637.0,1646.0,1633.0,1642.0,17000,0.0,0.0
2023-11-13 10:00:00+09:00,1642.0,1642.0,1627.0,1630.0,3400,0.0,0.0
2023-11-13 11:00:00+09:00,1627.0,1633.0,1623.0,1630.0,0,0.0,0.0
2023-11-13 12:00:00+09:00,1623.0,1632.0,1621.0,1621.0,26300,0.0,0.0
2023-11-13 13:00:00+09:00,1621.0,1625.0,1619.0,1623.0,6900,0.0,0.0
2023-11-13 14:00:00+09:00,1624.0,1629.0,1624.0,1625.0,8100,0.0,0.0
2023-11-14 09:00:00+09:00,1630.0,1635.0,1630.0,1633.0,5400,0.0,0.0
2023-11-14 10:00:00+09:00,1634.0,1638.0,1634.0,1636.0,7500,0.0,0.0
2023-11-14 11:00:00+09:00,1635.0,1636.0,1633.0,1633.0,0,0.0,0.0
2023-11-14 12:00:00+09:00,1629.0,1635.0,1629.0,1634.0,16400,0.0,0.0
2023-11-14 13:00:00+09:00,1637.0,1640.0,1636.0,1638.0,0,0.0,0.0
2023-11-14 14:00:00+09:00,1638.0,1640.0,1636.0,1640.0,26900,0.0,0.0
2023-11-15 09:00:00+09:00,1644.0,1647.0,1636.0,1641.0,14800,0.0,0.0
2023-11-15 10:00:00+09:00,1640.0,1640.0,1632.0,1633.0,3800,0.0,0.0
2023-11-15 11:00:00+09:00,1631.0,1637.0,1628.0,1637.0,0,0.0,0.0
2023-11-15 12:00:00+09:00,1634.0,1634.0,1630.0,1632.0,25800,0.0,0.0
2023-11-15 13:00:00+09:00,1632.0,1633.0,1629.0,1633.0,4100,0.0,0.0
2023-11-15 14:00:00+09:00,1632.0,1635.0,1628.0,1628.0,11700,0.0,0.0
2023-11-16 09:00:00+09:00,1629.0,1632.0,1619.0,1625.0,0,0.0,0.0
2023-11-16 10:00:00+09:00,1624.0,1629.0,1624.0,1628.0,10600,0.0,0.0
2023-11-16 11:00:00+09:00,1626.0,1626.0,1622.0,1622.0,0,0.0,0.0
2023-11-16 12:00:00+09:00,1621.0,1625.0,1615.0,1615.0,16900,0.0,0.0
2023-11-16 13:00:00+09:00,1615.0,1617.0,1612.0,1615.0,8200,0.0,0.0
2023-11-16 14:00:00+09:00,1617.0,1618.0,1608.0,1608.0,16500,0.0,0.0
2023-11-17 09:00:00+09:00,1609.0,1621.0,1607.0,1618.0,8300,0.0,0.0
2023-11-17 10:00:00+09:00,1618.0,1623.0,1617.0,1620.0,3300,0.0,0.0
2023-11-17 11:00:00+09:00,1620.0,1621.0,1617.0,1617.0,0,0.0,0.0
2023-11-17 12:00:00+09:00,1617.0,1621.0,1615.0,1621.0,18700,0.0,0.0
2023-11-17 13:00:00+09:00,1620.0,1621.0,1615.0,1619.0,3400,0.0,0.0
2023-11-17 14:00:00+09:00,1620.0,1628.0,1619.0,1628.0,9300,0.0,0.0
2023-11-20 09:00:00+09:00,1630.0,1638.0,1626.0,1631.0,13100,0.0,0.0
2023-11-20 10:00:00+09:00,1631.0,1631.0,1625.0,1630.0,2000,0.0,0.0
2023-11-20 11:00:00+09:00,1630.0,1631.0,1627.0,1627.0,0,0.0,0.0
2023-11-20 12:00:00+09:00,1623.0,1629.0,1623.0,1624.0,20000,0.0,0.0
2023-11-20 13:00:00+09:00,1624.0,1626.0,1623.0,1624.0,1400,0.0,0.0
2023-11-20 14:00:00+09:00,1624.0,1627.0,1618.0,1618.0,15800,0.0,0.0
2023-11-21 09:00:00+09:00,1618.0,1618.0,1608.0,1611.0,0,0.0,0.0
2023-11-21 10:00:00+09:00,1610.0,1610.0,1597.0,1602.0,27400,0.0,0.0
2023-11-21 11:00:00+09:00,1603.0,1606.0,1603.0,1604.0,0,0.0,0.0
2023-11-21 12:00:00+09:00,1603.0,1609.0,1603.0,1604.0,32700,0.0,0.0
2023-11-21 13:00:00+09:00,1605.0,1608.0,1605.0,1606.0,1600,0.0,0.0
2023-11-21 14:00:00+09:00,1606.0,1612.0,1606.0,1608.0,9400,0.0,0.0
2023-11-22 09:00:00+09:00,1601.0,1616.0,1599.0,1607.0,10200,0.0,0.0
2023-11-22 10:00:00+09:00,1605.0,1608.0,1600.0,1608.0,6600,0.0,0.0
2023-11-22 11:00:00+09:00,1608.0,1608.0,1604.0,1606.0,0,0.0,0.0
2023-11-22 12:00:00+09:00,1608.0,1608.0,1604.0,1608.0,20700,0.0,0.0
2023-11-22 13:00:00+09:00,1608.0,1609.0,1608.0,1609.0,1600,0.0,0.0
2023-11-22 14:00:00+09:00,1610.0,1610.0,1601.0,1601.0,7700,0.0,0.0
2023-11-24 09:00:00+09:00,1600.0,1600.0,1577.0,1582.0,23000,0.0,0.0
2023-11-24 10:00:00+09:00,1581.0,1586.0,1573.0,1586.0,9800,0.0,0.0
2023-11-24 11:00:00+09:00,1584.0,1584.0,1580.0,1580.0,0,0.0,0.0
2023-11-24 12:00:00+09:00,1584.0,1585.0,1582.0,1584.0,38200,0.0,0.0
2023-11-24 13:00:00+09:00,1586.0,1588.0,1582.0,1586.0,8300,0.0,0.0
2023-11-24 14:00:00+09:00,1586.0,1587.0,1581.0,1582.0,7100,0.0,0.0
2023-11-27 09:00:00+09:00,1596.0,1598.0,1583.0,1583.0,0,0.0,0.0
2023-11-27 10:00:00+09:00,1584.0,1586.0,1581.0,1581.0,13000,0.0,0.0
2023-11-27 11:00:00+09:00,1582.0,1583.0,1582.0,1583.0,0,0.0,0.0
2023-11-27 12:00:00+09:00,1584.0,1585.0,1581.0,1585.0,15800,0.0,0.0
2023-11-27 13:00:00+09:00,1586.0,1588.0,1585.0,1586.0,1800,0.0,0.0
2023-11-27 14:00:00+09:00,1586.0,1587.0,1583.0,1584.0,4800,0.0,0.0
2023-11-28 09:00:00+09:00,1578.0,1594.0,1578.0,1591.0,6700,0.0,0.0
2023-11-28 10:00:00+09:00,1590.0,1597.0,1590.0,1592.0,5500,0.0,0.0
2023-11-28 11:00:00+09:00,1594.0,1594.0,1594.0,1594.0,0,0.0,0.0
2023-11-28 12:00:00+09:00,1595.0,1597.0,1595.0,1596.0,15400,0.0,0.0
2023-11-28 13:00:00+09:00,1597.0,1597.0,1593.0,1594.0,2000,0.0,0.0
2023-11-28 14:00:00+09:00,1594.0,1596.0,1592.0,1594.0,5200,0.0,0.0
2023-11-29 09:00:00+09:00,1591.0,1596.0,1578.0,1578.0,8000,0.0,0.0
2023-11-29 10:00:00+09:00,1580.0,1589.0,1580.0,1586.0,4600,0.0,0.0
2023-11-29 11:00:00+09:00,1587.0,1587.0,1585.0,1586.0,0,0.0,0.0
2023-11-29 12:00:00+09:00,1588.0,1590.0,1587.0,1589.0,17400,0.0,0.0
2023-11-29 13:00:00+09:00,1588.0,1590.0,1586.0,1589.0,2900,0.0,0.0
2023-11-29 14:00:00+09:00,1587.0,1591.0,1586.0,1588.0,7500,0.0,0.0
2023-11-30 09:00:00+09:00,1590.0,1595.0,1588.0,1589.0,13000,0.0,0.0
2023-11-30 10:00:00+09:00,1587.0,1588.0,1582.0,1582.0,4000,0.0,0.0
2023-11-30 11:00:00+09:00,1583.0,1589.0,1583.0,1589.0,0,0.0,0.0
2023-11-30 12:00:00+09:00,1591.0,1592.0,1588.0,1588.0,24000,0.0,0.0
2023-11-30 13:00:00+09:00,1588.0,1591.0,1588.0,1591.0,4500,0.0,0.0
2023-11-30 14:00:00+09:00,1591.0,1594.0,1587.0,1590.0,9600,0.0,0.0
2023-12-01 09:00:00+09:00,1597.0,1599.0,1589.0,1590.0,13200,0.0,0.0
2023-12-01 10:00:00+09:00,1587.0,1596.0,1587.0,1596.0,6300,0.0,0.0
2023-12-01 11:00:00+09:00,1598.0,1598.0,1596.0,1598.0,0,0.0,0.0
2023-12-01 12:00:00+09:00,1599.0,1599.0,1592.0,1593.0,24000,0.0,0.0
2023-12-01 13:00:00+09:00,1592.0,1594.0,1590.0,1592.0,4800,0.0,0.0
2023-12-01 14:00:00+09:00,1592.0,1594.0,1588.0,1588.0,9600,0.0,0.0
2023-12-04 09:00:00+09:00,1589.0,1590.0,1580.0,1589.0,13200,0.0,0.0
2023-12-04 10:00:00+09:00,1589.0,1589.0,1581.0,1581.0,7800,0.0,0.0
2023-12-04 11:00:00+09:00,1583.0,1583.0,1581.0,1581.0,0,0.0,0.0
2023-12-04 12:00:00+09:00,1580.0,1581.0,1578.0,1580.0,25200,0.0,0.0
2023-12-04 13:00:00+09:00,1581.0,1589.0,1581.0,1588.0,6800,0.0,0.0
2023-12-04 14:00:00+09:00,1588.0,1588.0,1584.0,1586.0,7900,0.0,0.0
2023-12-05 09:00:00+09:00,1589.0,1595.0,1581.0,1587.0,29100,0.0,0.0
2023-12-05 10:00:00+09:00,1584.0,1596.0,1581.0,1581.0,16300,0.0,0.0
2023-12-05 11:00:00+09:00,1581.0,1582.0,1577.0,1578.0,0,0.0,0.0
2023-12-05 12:00:00+09:00,1578.0,1582.0,1573.0,1573.0,71100,0.0,0.0
2023-12-05 13:00:00+09:00,1575.0,1579.0,1571.0,1574.0,11900,0.0,0.0
2023-12-05 14:00:00+09:00,1575.0,1581.0,1570.0,1573.0,35700,0.0,0.0
2023-12-06 09:00:00+09:00,1610.0,1634.0,1585.0,1586.0,149700,0.0,0.0
2023-12-06 10:00:00+09:00,1588.0,1596.0,1578.0,1579.0,27200,0.0,0.0
2023-12-06 11:00:00+09:00,1579.0,1583.0,1579.0,1580.0,0,0.0,0.0
2023-12-06 12:00:00+09:00,1580.0,1586.0,1579.0,1586.0,190900,0.0,0.0
2023-12-06 13:00:00+09:00,1586.0,1591.0,1583.0,1587.0,11900,0.0,0.0
2023-12-06 14:00:00+09:00,1587.0,1594.0,1587.0,1591.0,22900,0.0,0.0
2023-12-07 09:00:00+09:00,1576.0,1579.0,1550.0,1552.0,33500,0.0,0.0
2023-12-07 10:00:00+09:00,1553.0,1561.0,1553.0,1557.0,7900,0.0,0.0
2023-12-07 11:00:00+09:00,1558.0,1558.0,1553.0,1553.0,0,0.0,0.0
2023-12-07 12:00:00+09:00,1552.0,1554.0,1551.0,1553.0,46200,0.0,0.0
2023-12-07 13:00:00+09:00,1553.0,1554.0,1546.0,1548.0,10100,0.0,0.0
2023-12-07 14:00:00+09:00,1547.0,1551.0,1542.0,1542.0,14000,0.0,0.0
2023-12-08 09:00:00+09:00,1538.0,1544.0,1533.0,1538.0,19400,0.0,0.0
2023-12-08 10:00:00+09:00,1536.0,1536.0,1525.0,1527.0,10500,0.0,0.0
2023-12-08 11:00:00+09:00,1526.0,1528.0,1524.0,1524.0,0,0.0,0.0
2023-12-08 12:00:00+09:00,1523.0,1523.0,1516.0,1520.0,45800,0.0,0.0
2023-12-08 13:00:00+09:00,1520.0,1522.0,1514.0,1515.0,7600,0.0,0.0
2023-12-08 14:00:00+09:00,1516.0,1520.0,1515.0,1517.0,16000,0.0,0.0
2023-12-11 09:00:00+09:00,1533.0,1537.0,1522.0,1525.0,13700,0.0,0.0
2023-12-11 10:00:00+09:00,1527.0,1533.0,1525.0,1531.0,8500,0.0,0.0
2023-12-11 11:00:00+09:00,1531.0,1531.0,1531.0,1531.0,0,0.0,0.0
2023-12-11 12:00:00+09:00,1525.0,1531.0,1525.0,1530.0,26500,0.0,0.0
2023-12-11 13:00:00+09:00,1531.0,1534.0,1526.0,1528.0,17300,0.0,0.0
2023-12-11 14:00:00+09:00,1530.0,1533.0,1530.0,1533.0,9800,0.0,0.0
2023-12-12 09:00:00+09:00,1545.0,1553.0,1536.0,1537.0,0,0.0,0.0
2023-12-12 10:00:00+09:00,1537.0,1540.0,1531.0,1531.0,20600,0.0,0.0
2023-12-12 11:00:00+09:00,1531.0,1534.0,1529.0,1534.0,0,0.0,0.0
2023-12-12 12:00:00+09:00,1530.0,1530.0,1523.0,1527.0,31100,0.0,0.0
2023-12-12 13:00:00+09:00,1527.0,1529.0,1525.0,1525.0,2500,0.0,0.0
2023-12-12 14:00:00+09:00,1525.0,1526.0,1520.0,1526.0,12900,0.0,0.0
2023-12-13 09:00:00+09:00,1520.0,1531.0,1520.0,1521.0,9500,0.0,0.0
2023-12-13 10:00:00+09:00,1521.0,1524.0,1521.0,1523.0,3500,0.0,0.0
2023-12-13 11:00:00+09:00,1522.0,1522.0,1519.0,1519.0,0,0.0,0.0
2023-12-13 12:00:00+09:00,1520.0,1522.0,1519.0,1519.0,21100,0.0,0.0
2023-12-13 13:00:00+09:00,1520.0,1521.0,1515.0,1520.0,9800,0.0,0.0
2023-12-13 14:00:00+09:00,1520.0,1525.0,1520.0,1523.0,10800,0.0,0.0
2023-12-14 09:00:00+09:00,1520.0,1522.0,1514.0,1517.0,9800,0.0,0.0
2023-12-14 10:00:00+09:00,1517.0,1524.0,1513.0,1522.0,6900,0.0,0.0
2023-12-14 11:00:00+09:00,1524.0,1527.0,1523.0,1527.0,0,0.0,0.0
2023-12-14 12:00:00+09:00,1520.0,1522.0,1519.0,1521.0,22800,0.0,0.0
2023-12-14 13:00:00+09:00,1522.0,1526.0,1520.0,1524.0,10700,0.0,0.0
2023-12-14 14:00:00+09:00,1525.0,1529.0,1525.0,1529.0,11600,0.0,0.0
2023-12-15 09:00:00+09:00,1537.0,1540.0,1505.0,1508.0,27200,0.0,0.0
2023-12-15 10:00:00+09:00,1508.0,1510.0,1505.0,1510.0,5400,0.0,0.0
2023-12-15 11:00:00+09:00,1510.0,1516.0,1505.0,1516.0,0,0.0,0.0
2023-12-15 12:00:00+09:00,1512.0,1514.0,1510.0,1511.0,55200,0.0,0.0
2023-12-15 13:00:00+09:00,1510.0,1511.0,1508.0,1511.0,7600,0.0,0.0
2023-12-15 14:00:00+09:00,1510.0,1512.0,1506.0,1509.0,15600,0.0,0.0
2023-12-18 09:00:00+09:00,1502.0,1520.0,1497.0,1508.0,29900,0.0,0.0
2023-12-18 10:00:00+09:00,1508.0,1512.0,1507.0,1510.0,3000,0.0,0.0
2023-12-18 11:00:00+09:00,1509.0,1511.0,1507.0,1511.0,0,0.0,0.0
2023-12-18 12:00:00+09:00,1511.0,1512.0,1509.0,1512.0,37200,0.0,0.0
2023-12-18 13:00:00+09:00,1512.0,1519.0,1512.0,1519.0,5000,0.0,0.0
2023-12-18 14:00:00+09:00,1519.0,1524.0,1519.0,1521.0,7700,0.0,0.0
2023-12-19 09:00:00+09:00,1530.0,1530.0,1520.0,1521.0,0,0.0,0.0
2023-12-19 10:00:00+09:00,1520.0,1526.0,1520.0,1526.0,7500,0.0,0.0
2023-12-19 11:00:00+09:00,1528.0,1529.0,1528.0,1529.0,0,0.0,0.0
2023-12-19 12:00:00+09:00,1530.0,1535.0,1527.0,1531.0,17400,0.0,0.0
2023-12-19 13:00:00+09:00,1528.0,1533.0,1528.0,1531.0,6400,0.0,0.0
2023-12-19 14:00:00+09:00,1532.0,1537.0,1531.0,1537.0,8700,0.0,0.0
2023-12-20 09:00:00+09:00,1533.0,1539.0,1530.0,1531.0,7500,0.0,0.0
2023-12-20 10:00:00+09:00,1529.0,1534.0,1529.0,1531.0,4000,0.0,0.0
2023-12-20 11:00:00+09:00,1530.0,1530.0,1530.0,1530.0,0,0.0,0.0
2023-12-20 12:00:00+09:00,1529.0,1535.0,1528.0,1532.0,17700,0.0,0.0
2023-12-20 13:00:00+09:00,1532.0,1532.0,1527.0,1529.0,4700,0.0,0.0
2023-12-20 14:00:00+09:00,1530.0,1533.0,1530.0,1531.0,4900,0.0,0.0
2023-12-21 09:00:00+09:00,1522.0,1539.0,1521.0,1537.0,11400,0.0,0.0
2023-12-21 10:00:00+09:00,1536.0,1539.0,1535.0,1536.0,0,0.0,0.0
2023-12-21 11:00:00+09:00,1535.0,1538.0,1534.0,1538.0,0,0.0,0.0
2023-12-21 12:00:00+09:00,1538.0,1538.0,1533.0,1533.0,16200,0.0,0.0
2023-12-21 13:00:00+09:00,1533.0,1538.0,1533.0,1538.0,1100,0.0,0.0
2023-12-21 14:00:00+09:00,1539.0,1543.0,1538.0,1538.0,13100,0.0,0.0
2023-12-22 09:00:00+09:00,1545.0,1551.0,1543.0,1543.0,0,0.0,0.0
2023-12-22 10:00:00+09:00,1547.0,1551.0,1547.0,1550.0,10700,0.0,0.0
2023-12-22 11:00:00+09:00,1549.0,1549.0,1548.0,1548.0,0,0.0,0.0
2023-12-22 12:00:00+09:00,1550.0,1550.0,1547.0,1548.0,21700,0.0,0.0
2023-12-22 13:00:00+09:00,1549.0,1559.0,1549.0,1554.0,9000,0.0,0.0
2023-12-22 14:00:00+09:00,1556.0,1558.0,1555.0,1558.0,8700,0.0,0.0
2023-12-25 09:00:00+09:00,1561.0,1582.0,1561.0,1579.0,15800,0.0,0.0
2023-12-25 10:00:00+09:00,1577.0,1582.0,1576.0,1577.0,4800,0.0,0.0
2023-12-25 11:00:00+09:00,1579.0,1579.0,1578.0,1579.0,0,0.0,0.0
2023-12-25 12:00:00+09:00,1573.0,1581.0,1573.0,1581.0,26200,0.0,0.0
2023-12-25 13:00:00+09:00,1581.0,1581.0,1578.0,1580.0,3700,0.0,0.0
2023-12-25 14:00:00+09:00,1581.0,1587.0,1581.0,1586.0,8200,0.0,0.0
2023-12-26 09:00:00+09:00,1588.0,1593.0,1585.0,1588.0,7200,0.0,0.0
2023-12-26 10:00:00+09:00,1590.0,1593.0,1589.0,1590.0,7300,0.0,0.0
2023-12-26 11:00:00+09:00,1591.0,1596.0,1591.0,1596.0,0,0.0,0.0
2023-12-26 12:00:00+09:00,1592.0,1596.0,1592.0,1594.0,24300,0.0,0.0
2023-12-26 13:00:00+09:00,1593.0,1593.0,1587.0,1589.0,4000,0.0,0.0
2023-12-26 14:00:00+09:00,1588.0,1592.0,1587.0,1588.0,7700,0.0,0.0
2023-12-27 09:00:00+09:00,1585.0,1596.0,1585.0,1590.0,8700,0.0,0.0
2023-12-27 10:00:00+09:00,1591.0,1596.0,1591.0,1596.0,2500,0.0,0.0
2023-12-27 11:00:00+09:00,1596.0,1604.0,1596.0,1600.0,0,0.0,0.0
2023-12-27 12:00:00+09:00,1600.0,1603.0,1592.0,1595.0,28200,0.0,0.0
2023-12-27 13:00:00+09:00,1595.0,1595.0,1593.0,1593.0,4900,0.0,0.0
2023-12-27 14:00:00+09:00,1592.0,1596.0,1589.0,1594.0,12300,0.0,0.0
2023-12-28 09:00:00+09:00,1595.0,1606.0,1595.0,1599.0,11000,0.0,0.0
2023-12-28 10:00:00+09:00,1598.0,1602.0,1598.0,1600.0,5400,0.0,0.0
2023-12-28 11:00:00+09:00,1599.0,1599.0,1596.0,1596.0,0,0.0,0.0
2023-12-28 12:00:00+09:00,1598.0,1603.0,1596.0,1603.0,21800,0.0,0.0
2023-12-28 13:00:00+09:00,1604.0,1607.0,1602.0,1605.0,13300,0.0,0.0
2023-12-28 14:00:00+09:00,1605.0,1606.0,1603.0,1603.0,7300,0.0,0.0
2023-12-29 09:00:00+09:00,1609.0,1616.0,1608.0,1611.0,21700,0.0,0.0
2023-12-29 10:00:00+09:00,1614.0,1616.0,1611.0,1615.0,3600,0.0,0.0
2023-12-29 11:00:00+09:00,1615.0,1615.0,1613.0,1614.0,0,0.0,0.0
2023-12-29 12:00:00+09:00,1616.0,1617.0,1613.0,1613.0,30400,0.0,0.0
2023-12-29 13:00:00+09:00,1611.0,1611.0,1609.0,1610.0,4300,0.0,0.0
2023-12-29 14:00:00+09:00,1610.0,1611.0,1605.0,1611.0,8300,0.0,0.0
2024-01-04 09:00:00+09:00,1613.0,1613.0,1595.0,1607.0,17100,0.0,0.0
2024-01-04 10:00:00+09:00,1608.0,1611.0,1608.0,1611.0,6400,0.0,0.0
2024-01-04 11:00:00+09:00,1610.0,1610.0,1608.0,1608.0,0,0.0,0.0
2024-01-04 12:00:00+09:00,1611.0,1612.0,1608.0,1608.0,30300,0.0,0.0
2024-01-04 13:00:00+09:00,1610.0,1618.0,1610.0,1617.0,4800,0.0,0.0
2024-01-04 14:00:00+09:00,1617.0,1619.0,1617.0,1618.0,5100,0.0,0.0
2024-01-05 09:00:00+09:00,1625.0,1634.0,1624.0,1629.0,15400,0.0,0.0
2024-01-05 10:00:00+09:00,1629.0,1629.0,1620.0,1620.0,3700,0.0,0.0
2024-01-05 11:00:00+09:00,1619.0,1619.0,1615.0,1616.0,0,0.0,0.0
2024-01-05 12:00:00+09:00,1619.0,1620.0,1615.0,1616.0,27400,0.0,0.0
2024-01-05 13:00:00+09:00,1618.0,1620.0,1617.0,1618.0,3900,0.0,0.0
2024-01-05 14:00:00+09:00,1619.0,1622.0,1619.0,1622.0,8400,0.0,0.0
2024-01-09 09:00:00+09:00,1630.0,1644.0,1629.0,1636.0,26700,0.0,0.0
2024-01-09 10:00:00+09:00,1638.0,1644.0,1637.0,1643.0,6800,0.0,0.0
2024-01-09 11:00:00+09:00,1643.0,1647.0,1643.0,1647.0,0,0.0,0.0
2024-01-09 12:00:00+09:00,1647.0,1647.0,1637.0,1641.0,62300,0.0,0.0
2024-01-09 13:00:00+09:00,1640.0,1641.0,1637.0,1639.0,7200,0.0,0.0
2024-01-09 14:00:00+09:00,1639.0,1641.0,1636.0,1636.0,12800,0.0,0.0
2024-01-10 09:00:00+09:00,1639.0,1643.0,1629.0,1638.0,11100,0.0,0.0
2024-01-10 10:00:00+09:00,1637.0,1640.0,1637.0,1637.0,5400,0.0,0.0
2024-01-10 11:00:00+09:00,1639.0,1643.0,1639.0,1642.0,0,0.0,0.0
2024-01-10 12:00:00+09:00,1643.0,1643.0,1637.0,1639.0,25200,0.0,0.0
2024-01-10 13:00:00+09:00,1638.0,1644.0,1637.0,1644.0,5000,0.0,0.0
2024-01-10 14:00:00+09:00,1644.0,1645.0,1638.0,1639.0,8600,0.0,0.0
2024-01-11 09:00:00+09:00,1643.0,1643.0,1630.0,1630.0,13700,0.0,0.0
2024-01-11 10:00:00+09:00,1630.0,1633.0,1628.0,1629.0,5300,0.0,0.0
2024-01-11 11:00:00+09:00,1629.0,1631.0,1628.0,1629.0,0,0.0,0.0
2024-01-11 12:00:00+09:00,1629.0,1632.0,1628.0,1631.0,27800,0.0,0.0
2024-01-11 13:00:00+09:00,1632.0,1633.0,1630.0,1631.0,4700,0.0,0.0
2024-01-11 14:00:00+09:00,1630.0,1630.0,1622.0,1622.0,9500,0.0,0.0
2024-01-12 09:00:00+09:00,1626.0,1633.0,1621.0,1623.0,0,0.0,0.0
2024-01-12 10:00:00+09:00,1624.0,1628.0,1624.0,1624.0,11300,0.0,0.0
2024-01-12 11:00:00+09:00,1625.0,1625.0,1615.0,1617.0,0,0.0,0.0
2024-01-12 12:00:00+09:00,1613.0,1617.0,1612.0,1614.0,53900,0.0,0.0
2024-01-12 13:00:00+09:00,1615.0,1617.0,1613.0,1613.0,13500,0.0,0.0
2024-01-12 14:00:00+09:00,1611.0,1615.0,1607.0,1609.0,18800,0.0,0.0
2024-01-15 09:00:00+09:00,1608.0,1617.0,1607.0,1607.0,12600,0.0,0.0
2024-01-15 10:00:00+09:00,1607.0,1615.0,1607.0,1615.0,3300,0.0,0.0
2024-01-15 11:00:00+09:00,1616.0,1616.0,1614.0,1616.0,0,0.0,0.0
2024-01-15 12:00:00+09:00,1619.0,1619.0,1614.0,1616.0,22400,0.0,0.0
2024-01-15 13:00:00+09:00,1615.0,1625.0,1615.0,1625.0,9200,0.0,0.0
2024-01-15 14:00:00+09:00,1624.0,1628.0,1624.0,1626.0,9300,0.0,0.0
2024-01-16 09:00:00+09:00,1623.0,1633.0,1620.0,1622.0,10300,0.0,0.0
2024-01-16 10:00:00+09:00,1620.0,1621.0,1613.0,1615.0,6400,0.0,0.0
2024-01-16 11:00:00+09:00,1615.0,1615.0,1612.0,1614.0,0,0.0,0.0
2024-01-16 12:00:00+09:00,1612.0,1613.0,1607.0,1609.0,22100,0.0,0.0
2024-01-16 13:00:00+09:00,1609.0,1610.0,1605.0,1608.0,7800,0.0,0.0
2024-01-16 14:00:00+09:00,1607.0,1610.0,1604.0,1606.0,7300,0.0,0.0
2024-01-17 09:00:00+09:00,1623.0,1628.0,1618.0,1624.0,9400,0.0,0.0
2024-01-17 10:00:00+09:00,1626.0,1627.0,1619.0,1627.0,28200,0.0,0.0
2024-01-17 11:00:00+09:00,1627.0,1634.0,1627.0,1633.0,0,0.0,0.0
2024-01-17 12:00:00+09:00,1633.0,1633.0,1623.0,1625.0,63800,0.0,0.0
2024-01-17 13:00:00+09:00,1625.0,1630.0,1623.0,1630.0,6000,0.0,0.0
2024-01-17 14:00:00+09:00,1630.0,1633.0,1620.0,1622.0,27600,0.0,0.0
2024-01-18 09:00:00+09:00,1615.0,1618.0,1607.0,1616.0,9300,0.0,0.0
2024-01-18 10:00:00+09:00,1616.0,1623.0,1616.0,1623.0,3300,0.0,0.0
2024-01-18 11:00:00+09:00,1622.0,1625.0,1621.0,1625.0,0,0.0,0.0
2024-01-18 12:00:00+09:00,1628.0,1628.0,1619.0,1621.0,16000,0.0,0.0
2024-01-18 13:00:00+09:00,1621.0,1622.0,1619.0,1620.0,3200,0.0,0.0
2024-01-18 14:00:00+09:00,1621.0,1622.0,1619.0,1622.0,6700,0.0,0.0
2024-01-19 09:00:00+09:00,1612.0,1615.0,1609.0,1612.0,6700,0.0,0.0
2024-01-19 10:00:00+09:00,1612.0,1616.0,1611.0,1616.0,2700,0.0,0.0
2024-01-19 11:00:00+09:00,1616.0,1616.0,1615.0,1616.0,0,0.0,0.0
2024-01-19 12:00:00+09:00,1620.0,1620.0,1609.0,1611.0,16000,0.0,0.0
2024-01-19 13:00:00+09:00,1609.0,1610.0,1606.0,1607.0,4300,0.0,0.0
2024-01-19 14:00:00+09:00,1609.0,1614.0,1605.0,1607.0,12500,0.0,0.0
2024-01-22 09:00:00+09:00,1607.0,1614.0,1607.0,1613.0,7200,0.0,0.0
2024-01-22 10:00:00+09:00,1614.0,1614.0,1611.0,1614.0,3000,0.0,0.0
2024-01-22 11:00:00+09:00,1615.0,1615.0,1615.0,1615.0,0,0.0,0.0
2024-01-22 12:00:00+09:00,1615.0,1616.0,1612.0,1615.0,16100,0.0,0.0
2024-01-22 13:00:00+09:00,1617.0,1619.0,1617.0,1619.0,1500,0.0,0.0
2024-01-22 14:00:00+09:00,1619.0,1619.0,1616.0,1617.0,8100,0.0,0.0
2024-01-23 09:00:00+09:00,1618.0,1628.0,1618.0,1628.0,12000,0.0,0.0
2024-01-23 10:00:00+09:00,1626.0,1627.0,1620.0,1620.0,3700,0.0,0.0
2024-01-23 11:00:00+09:00,1621.0,1621.0,1618.0,1619.0,0,0.0,0.0
2024-01-23 12:00:00+09:00,1620.0,1620.0,1611.0,1611.0,25600,0.0,0.0
2024-01-23 13:00:00+09:00,1613.0,1614.0,1611.0,1611.0,6300,0.0,0.0
2024-01-23 14:00:00+09:00,1610.0,1610.0,1604.0,1605.0,10600,0.0,0.0
2024-01-24 09:00:00+09:00,1606.0,1613.0,1597.0,1600.0,18100,0.0,0.0
2024-01-24 10:00:00+09:00,1599.0,1601.0,1598.0,1599.0,6100,0.0,0.0
2024-01-24 11:00:00+09:00,1600.0,1600.0,1597.0,1597.0,0,0.0,0.0
2024-01-24 12:00:00+09:00,1603.0,1603.0,1595.0,1598.0,32300,0.0,0.0
2024-01-24 13:00:00+09:00,1600.0,1603.0,1599.0,1602.0,4800,0.0,0.0
2024-01-24 14:00:00+09:00,1601.0,1605.0,1600.0,1603.0,9600,0.0,0.0
2024-01-25 09:00:00+09:00,1598.0,1609.0,1596.0,1605.0,5800,0.0,0.0
2024-01-25 10:00:00+09:00,1607.0,1610.0,1602.0,1604.0,3200,0.0,0.0
2024-01-25 11:00:00+09:00,1605.0,1606.0,1603.0,1606.0,0,0.0,0.0
2024-01-25 12:00:00+09:00,1610.0,1610.0,1603.0,1604.0,12700,0.0,0.0
2024-01-25 13:00:00+09:00,1605.0,1607.0,1599.0,1601.0,6500,0.0,0.0
2024-01-25 14:00:00+09:00,1602.0,1605.0,1602.0,1605.0,4200,0.0,0.0
2024-01-26 09:00:00+09:00,1607.0,1614.0,1601.0,1611.0,0,0.0,0.0
2024-01-26 10:00:00+09:00,1612.0,1617.0,1612.0,1614.0,15000,0.0,0.0
2024-01-26 11:00:00+09:00,1614.0,1618.0,1614.0,1617.0,0,0.0,0.0
2024-01-26 12:00:00+09:00,1611.0,1613.0,1611.0,1613.0,20400,0.0,0.0
2024-01-26 13:00:00+09:00,1612.0,1613.0,1608.0,1608.0,3700,0.0,0.0
2024-01-26 14:00:00+09:00,1608.0,1613.0,1608.0,1608.0,8400,0.0,0.0
2024-01-29 09:00:00+09:00,1618.0,1629.0,1617.0,1625.0,0,0.0,0.0
2024-01-29 10:00:00+09:00,1624.0,1630.0,1624.0,1629.0,37100,0.0,0.0
2024-01-29 11:00:00+09:00,1628.0,1628.0,1624.0,1625.0,0,0.0,0.0
2024-01-29 12:00:00+09:00,1625.0,1626.0,1623.0,1624.0,44300,0.0,0.0
2024-01-29 13:00:00+09:00,1624.0,1629.0,1624.0,1628.0,12700,0.0,0.0
2024-01-29 14:00:00+09:00,1628.0,1628.0,1623.0,1626.0,8600,0.0,0.0
2024-01-30 09:00:00+09:00,1626.0,1636.0,1624.0,1630.0,12300,0.0,0.0
2024-01-30 10:00:00+09:00,1631.0,1639.0,1631.0,1635.0,7500,0.0,0.0
2024-01-30 11:00:00+09:00,1635.0,1638.0,1634.0,1634.0,0,0.0,0.0
2024-01-30 12:00:00+09:00,1635.0,1635.0,1625.0,1629.0,29100,0.0,0.0
2024-01-30 13:00:00+09:00,1629.0,1633.0,1628.0,1632.0,7800,0.0,0.0
2024-01-30 14:00:00+09:00,1631.0,1633.0,1608.0,1612.0,27400,0.0,0.0
2024-01-31 09:00:00+09:00,1605.0,1609.0,1602.0,1607.0,16500,0.0,0.0
2024-01-31 10:00:00+09:00,1608.0,1614.0,1607.0,1614.0,8400,0.0,0.0
2024-01-31 11:00:00+09:00,1616.0,1617.0,1615.0,1617.0,0,0.0,0.0
2024-01-31 12:00:00+09:00,1617.0,1617.0,1616.0,1617.0,26800,0.0,0.0
2024-01-31 13:00:00+09:00,1618.0,1619.0,1617.0,1619.0,1900,0.0,0.0
2024-01-31 14:00:00+09:00,1619.0,1626.0,1617.0,1626.0,12100,0.0,0.0
2024-02-01 09:00:00+09:00,1620.0,1622.0,1614.0,1617.0,0,0.0,0.0
2024-02-01 10:00:00+09:00,1616.0,1630.0,1616.0,1628.0,9500,0.0,0.0
2024-02-01 11:00:00+09:00,1628.0,1628.0,1625.0,1626.0,0,0.0,0.0
2024-02-01 12:00:00+09:00,1626.0,1627.0,1621.0,1625.0,14000,0.0,0.0
2024-02-01 13:00:00+09:00,1625.0,1626.0,1622.0,1625.0,2700,0.0,0.0
2024-02-01 14:00:00+09:00,1625.0,1627.0,1621.0,1625.0,6400,0.0,0.0
2024-02-02 09:00:00+09:00,1626.0,1630.0,1617.0,1620.0,8800,0.0,0.0
2024-02-02 10:00:00+09:00,1620.0,1622.0,1616.0,1621.0,3600,0.0,0.0
2024-02-02 11:00:00+09:00,1622.0,1623.0,1622.0,1623.0,0,0.0,0.0
2024-02-02 12:00:00+09:00,1623.0,1623.0,1618.0,1622.0,16800,0.0,0.0
2024-02-02 13:00:00+09:00,1621.0,1627.0,1621.0,1626.0,3000,0.0,0.0
2024-02-02 14:00:00+09:00,1626.0,1628.0,1621.0,1621.0,4000,0.0,0.0
2024-02-05 09:00:00+09:00,1621.0,1633.0,1621.0,1631.0,7800,0.0,0.0
2024-02-05 10:00:00+09:00,1633.0,1633.0,1628.0,1630.0,2600,0.0,0.0
2024-02-05 11:00:00+09:00,1630.0,1632.0,1629.0,1632.0,0,0.0,0.0
2024-02-05 12:00:00+09:00,1632.0,1633.0,1625.0,1625.0,15400,0.0,0.0
2024-02-05 13:00:00+09:00,1623.0,1625.0,1623.0,1625.0,700,0.0,0.0
2024-02-05 14:00:00+09:00,1624.0,1625.0,1622.0,1625.0,5100,0.0,0.0
2024-02-06 09:00:00+09:00,1628.0,1632.0,1621.0,1625.0,9600,0.0,0.0
2024-02-06 10:00:00+09:00,1626.0,1632.0,1626.0,1631.0,4800,0.0,0.0
2024-02-06 11:00:00+09:00,1630.0,1631.0,1630.0,1631.0,0,0.0,0.0
2024-02-06 12:00:00+09:00,1625.0,1625.0,1619.0,1619.0,20100,0.0,0.0
2024-02-06 13:00:00+09:00,1620.0,1621.0,1618.0,1620.0,2500,0.0,0.0
2024-02-06 14:00:00+09:00,1619.0,1622.0,1617.0,1617.0,6500,0.0,0.0
2024-02-07 09:00:00+09:00,1617.0,1617.0,1609.0,1616.0,0,0.0,0.0
2024-02-07 10:00:00+09:00,1616.0,1621.0,1608.0,1609.0,13100,0.0,0.0
2024-02-07 11:00:00+09:00,1608.0,1610.0,1606.0,1610.0,0,0.0,0.0
2024-02-07 12:00:00+09:00,1610.0,1610.0,1606.0,1609.0,17000,0.0,0.0
2024-02-07 13:00:00+09:00,1610.0,1615.0,1610.0,1615.0,1900,0.0,0.0
2024-02-07 14:00:00+09:00,1614.0,1616.0,1612.0,1614.0,4300,0.0,0.0
2024-02-08 09:00:00+09:00,1615.0,1615.0,1594.0,1599.0,0,0.0,0.0
2024-02-08 10:00:00+09:00,1599.0,1599.0,1593.0,1597.0,34100,0.0,0.0
2024-02-08 11:00:00+09:00,1598.0,1603.0,1598.0,1603.0,0,0.0,0.0
2024-02-08 12:00:00+09:00,1604.0,1613.0,1603.0,1613.0,40800,0.0,0.0
2024-02-08 13:00:00+09:00,1615.0,1617.0,1614.0,1616.0,3800,0.0,0.0
2024-02-08 14:00:00+09:00,1616.0,1616.0,1605.0,1606.0,14900,0.0,0.0
2024-02-09 09:00:00+09:00,1607.0,1615.0,1605.0,1615.0,4600,0.0,0.0
2024-02-09 10:00:00+09:00,1613.0,1614.0,1608.0,1614.0,8500,0.0,0.0
2024-02-09 11:00:00+09:00,1612.0,1614.0,1609.0,1614.0,0,0.0,0.0
2024-02-09 12:00:00+09:00,1610.0,1611.0,1610.0,1610.0,16500,0.0,0.0
2024-02-09 13:00:00+09:00,1612.0,1614.0,1609.0,1609.0,2500,0.0,0.0
2024-02-09 14:00:00+09:00,1611.0,1614.0,1608.0,1608.0,6300,0.0,0.0
2024-02-13 09:00:00+09:00,1622.0,1622.0,1610.0,1611.0,6300,0.0,0.0
2024-02-13 10:00:00+09:00,1611.0,1616.0,1610.0,1612.0,3300,0.0,0.0
2024-02-13 11:00:00+09:00,1613.0,1620.0,1612.0,1620.0,0,0.0,0.0
2024-02-13 12:00:00+09:00,1624.0,1625.0,1620.0,1624.0,18500,0.0,0.0
2024-02-13 13:00:00+09:00,1623.0,1623.0,1618.0,1622.0,6000,0.0,0.0
2024-02-13 14:00:00+09:00,1620.0,1630.0,1620.0,1630.0,8800,0.0,0.0
2024-02-14 09:00:00+09:00,1629.0,1631.0,1623.0,1627.0,8700,0.0,0.0
2024-02-14 10:00:00+09:00,1626.0,1634.0,1623.0,1629.0,5600,0.0,0.0
2024-02-14 11:00:00+09:00,1629.0,1629.0,1626.0,1627.0,0,0.0,0.0
2024-02-14 12:00:00+09:00,1626.0,1631.0,1626.0,1631.0,19400,0.0,0.0
2024-02-14 13:00:00+09:00,1629.0,1631.0,1625.0,1631.0,4300,0.0,0.0
2024-02-14 14:00:00+09:00,1632.0,1635.0,1631.0,1634.0,9300,0.0,0.0
2024-02-15 09:00:00+09:00,1637.0,1640.0,1624.0,1632.0,20500,0.0,0.0
2024-02-15 10:00:00+09:00,1629.0,1634.0,1629.0,1632.0,1900,0.0,0.0
2024-02-15 11:00:00+09:00,1632.0,1632.0,1628.0,1628.0,0,0.0,0.0
2024-02-15 12:00:00+09:00,1622.0,1630.0,1622.0,1629.0,27400,0.0,0.0
2024-02-15 13:00:00+09:00,1630.0,1632.0,1626.0,1626.0,4900,0.0,0.0
2024-02-15 14:00:00+09:00,1626.0,1631.0,1624.0,1628.0,9600,0.0,0.0
2024-02-16 09:00:00+09:00,1636.0,1636.0,1625.0,1630.0,0,0.0,0.0
2024-02-16 10:00:00+09:00,1630.0,1639.0,1630.0,1637.0,16200,0.0,0.0
2024-02-16 11:00:00+09:00,1637.0,1642.0,1637.0,1642.0,0,0.0,0.0
2024-02-16 12:00:00+09:00,1642.0,1642.0,1637.0,1638.0,24500,0.0,0.0
2024-02-16 13:00:00+09:00,1639.0,1639.0,1635.0,1636.0,5100,0.0,0.0
2024-02-16 14:00:00+09:00,1636.0,1641.0,1636.0,1641.0,6500,0.0,0.0
2024-02-19 09:00:00+09:00,1645.0,1665.0,1645.0,1660.0,0,0.0,0.0
2024-02-19 10:00:00+09:00,1662.0,1662.0,1658.0,1661.0,25400,0.0,0.0
2024-02-19 11:00:00+09:00,1661.0,1662.0,1658.0,1658.0,0,0.0,0.0
2024-02-19 12:00:00+09:00,1659.0,1662.0,1659.0,1662.0,30000,0.0,0.0
2024-02-19 13:00:00+09:00,1662.0,1667.0,1661.0,1665.0,7300,0.0,0.0
2024-02-19 14:00:00+09:00,1666.0,1679.0,1665.0,1674.0,11300,0.0,0.0
2024-02-20 09:00:00+09:00,1679.0,1688.0,1663.0,1669.0,19600,0.0,0.0
2024-02-20 10:00:00+09:00,1667.0,1669.0,1660.0,1661.0,4800,0.0,0.0
2024-02-20 11:00:00+09:00,1660.0,1665.0,1654.0,1665.0,0,0.0,0.0
2024-02-20 12:00:00+09:00,1659.0,1661.0,1656.0,1661.0,36300,0.0,0.0
2024-02-20 13:00:00+09:00,1662.0,1667.0,1662.0,1662.0,5500,0.0,0.0
2024-02-20 14:00:00+09:00,1662.0,1668.0,1660.0,1664.0,7600,0.0,0.0
2024-02-21 09:00:00+09:00,1668.0,1668.0,1653.0,1655.0,11500,0.0,0.0
2024-02-21 10:00:00+09:00,1656.0,1657.0,1654.0,1656.0,0,0.0,0.0
2024-02-21 11:00:00+09:00,1656.0,1661.0,1656.0,1658.0,0,0.0,0.0
2024-02-21 12:00:00+09:00,1656.0,1659.0,1654.0,1657.0,20600,0.0,0.0
2024-02-21 13:00:00+09:00,1657.0,1660.0,1657.0,1659.0,2600,0.0,0.0
2024-02-21 14:00:00+09:00,1657.0,1659.0,1656.0,1656.0,5400,0.0,0.0
2024-02-22 09:00:00+09:00,1661.0,1661.0,1645.0,1645.0,0,0.0,0.0
2024-02-22 10:00:00+09:00,1646.0,1650.0,1645.0,1649.0,10900,0.0,0.0
2024-02-22 11:00:00+09:00,1648.0,1651.0,1647.0,1648.0,0,0.0,0.0
2024-02-22 12:00:00+09:00,1648.0,1648.0,1646.0,1647.0,17600,0.0,0.0
2024-02-22 13:00:00+09:00,1647.0,1650.0,1646.0,1649.0,5500,0.0,0.0
2024-02-22 14:00:00+09:00,1650.0,1654.0,1648.0,1648.0,9400,0.0,0.0
2024-02-26 09:00:00+09:00,1647.0,1665.0,1647.0,1664.0,7400,0.0,0.0
2024-02-26 10:00:00+09:00,1665.0,1667.0,1660.0,1662.0,4100,0.0,0.0
2024-02-26 11:00:00+09:00,1663.0,1663.0,1662.0,1662.0,0,0.0,0.0
2024-02-26 12:00:00+09:00,1664.0,1666.0,1663.0,1666.0,16600,0.0,0.0
2024-02-26 13:00:00+09:00,1667.0,1669.0,1666.0,1669.0,7300,0.0,0.0
2024-02-26 14:00:00+09:00,1669.0,1669.0,1665.0,1668.0,4700,0.0,0.0
2024-02-27 09:00:00+09:00,1668.0,1672.0,1658.0,1663.0,16300,0.0,0.0
2024-02-27 10:00:00+09:00,1663.0,1667.0,1661.0,1665.0,2800,0.0,0.0
2024-02-27 11:00:00+09:00,1667.0,1671.0,1667.0,1668.0,0,0.0,0.0
2024-02-27 12:00:00+09:00,1671.0,1671.0,1663.0,1667.0,30700,0.0,0.0
2024-02-27 13:00:00+09:00,1667.0,1675.0,1667.0,1673.0,7900,0.0,0.0
2024-02-27 14:00:00+09:00,1673.0,1674.0,1667.0,1670.0,10700,0.0,0.0
2024-02-28 09:00:00+09:00,1672.0,1681.0,1668.0,1678.0,21100,0.0,0.0
2024-02-28 10:00:00+09:00,1679.0,1680.0,1677.0,1678.0,4000,0.0,0.0
2024-02-28 11:00:00+09:00,1678.0,1686.0,1678.0,1685.0,0,0.0,0.0
2024-02-28 12:00:00+09:00,1685.0,1685.0,1682.0,1682.0,37100,0.0,0.0
2024-02-28 13:00:00+09:00,1682.0,1684.0,1680.0,1684.0,3200,0.0,0.0
2024-02-28 14:00:00+09:00,1685.0,1685.0,1681.0,1683.0,5600,0.0,0.0
2024-02-29 09:00:00+09:00,1680.0,1688.0,1673.0,1675.0,23500,0.0,0.0
2024-02-29 10:00:00+09:00,1674.0,1675.0,1669.0,1669.0,2900,0.0,0.0
2024-02-29 11:00:00+09:00,1669.0,1669.0,1667.0,1667.0,0,0.0,0.0
2024-02-29 12:00:00+09:00,1670.0,1670.0,1663.0,1669.0,33000,0.0,0.0
2024-02-29 13:00:00+09:00,1670.0,1674.0,1670.0,1673.0,1400,0.0,0.0
2024-02-29 14:00:00+09:00,1674.0,1675.0,1667.0,1669.0,12100,0.0,0.0
2024-03-01 09:00:00+09:00,1670.0,1675.0,1655.0,1658.0,26600,0.0,0.0
2024-03-01 10:00:00+09:00,1657.0,1661.0,1656.0,1656.0,4200,0.0,0.0
2024-03-01 11:00:00+09:00,1656.0,1657.0,1652.0,1654.0,0,0.0,0.0
2024-03-01 12:00:00+09:00,1652.0,1656.0,1652.0,1655.0,48900,0.0,0.0
2024-03-01 13:00:00+09:00,1653.0,1658.0,1653.0,1656.0,4100,0.0,0.0
2024-03-01 14:00:00+09:00,1655.0,1660.0,1653.0,1659.0,7900,0.0,0.0
2024-03-04 09:00:00+09:00,1654.0,1661.0,1644.0,1661.0,31400,0.0,0.0
2024-03-04 10:00:00+09:00,1660.0,1665.0,1658.0,1659.0,6200,0.0,0.0
2024-03-04 11:00:00+09:00,1659.0,1660.0,1656.0,1659.0,0,0.0,0.0
2024-03-04 12:00:00+09:00,1650.0,1661.0,1650.0,1661.0,45700,0.0,0.0
2024-03-04 13:00:00+09:00,1659.0,1664.0,1658.0,1660.0,6000,0.0,0.0
2024-03-04 14:00:00+09:00,1660.0,1666.0,1657.0,1662.0,10500,0.0,0.0
2024-03-05 09:00:00+09:00,1662.0,1662.0,1620.0,1643.0,41500,0.0,0.0
2024-03-05 10:00:00+09:00,1645.0,1645.0,1636.0,1643.0,5000,0.0,0.0
2024-03-05 11:00:00+09:00,1641.0,1641.0,1635.0,1638.0,0,0.0,0.0
2024-03-05 12:00:00+09:00,1637.0,1650.0,1637.0,1646.0,78300,0.0,0.0
2024-03-05 13:00:00+09:00,1646.0,1655.0,1645.0,1645.0,14000,0.0,0.0
2024-03-05 14:00:00+09:00,1644.0,1647.0,1634.0,1638.0,29400,0.0,0.0
2024-03-06 09:00:00+09:00,1627.0,1669.0,1610.0,1633.0,103400,0.0,0.0
2024-03-06 10:00:00+09:00,1634.0,1645.0,1631.0,1639.0,19000,0.0,0.0
2024-03-06 11:00:00+09:00,1639.0,1641.0,1632.0,1641.0,0,0.0,0.0
2024-03-06 12:00:00+09:00,1641.0,1651.0,1635.0,1643.0,143500,0.0,0.0
2024-03-06 13:00:00+09:00,1644.0,1647.0,1637.0,1638.0,10300,0.0,0.0
2024-03-06 14:00:00+09:00,1637.0,1638.0,1620.0,1620.0,38100,0.0,0.0
2024-03-07 09:00:00+09:00,1633.0,1641.0,1615.0,1633.0,35000,0.0,0.0
2024-03-07 10:00:00+09:00,1630.0,1630.0,1617.0,1617.0,4800,0.0,0.0
2024-03-07 11:00:00+09:00,1617.0,1620.0,1615.0,1615.0,0,0.0,0.0
2024-03-07 12:00:00+09:00,1615.0,1623.0,1614.0,1618.0,57600,0.0,0.0
2024-03-07 13:00:00+09:00,1617.0,1617.0,1606.0,1607.0,11200,0.0,0.0
2024-03-07 14:00:00+09:00,1608.0,1609.0,1592.0,1598.0,39200,0.0,0.0
2024-03-08 09:00:00+09:00,1584.0,1592.0,1567.0,1585.0,80000,0.0,0.0
2024-03-08 10:00:00+09:00,1588.0,1588.0,1577.0,1577.0,10900,0.0,0.0
2024-03-08 11:00:00+09:00,1577.0,1582.0,1576.0,1579.0,0,0.0,0.0
2024-03-08 12:00:00+09:00,1582.0,1588.0,1580.0,1588.0,108600,0.0,0.0
2024-03-08 13:00:00+09:00,1589.0,1592.0,1582.0,1585.0,8400,0.0,0.0
2024-03-08 14:00:00+09:00,1585.0,1592.0,1584.0,1585.0,9000,0.0,0.0
2024-03-11 09:00:00+09:00,1584.0,1589.0,1576.0,1577.0,33100,0.0,0.0
2024-03-11 10:00:00+09:00,1577.0,1583.0,1577.0,1579.0,5400,0.0,0.0
2024-03-11 11:00:00+09:00,1578.0,1578.0,1568.0,1568.0,0,0.0,0.0
2024-03-11 12:00:00+09:00,1568.0,1575.0,1566.0,1572.0,73000,0.0,0.0
2024-03-11 13:00:00+09:00,1572.0,1573.0,1563.0,1565.0,12700,0.0,0.0
2024-03-11 14:00:00+09:00,1565.0,1579.0,1563.0,1577.0,16900,0.0,0.0
2024-03-12 09:00:00+09:00,1577.0,1591.0,1570.0,1581.0,41900,0.0,0.0
2024-03-12 10:00:00+09:00,1583.0,1583.0,1569.0,1569.0,4200,0.0,0.0
2024-03-12 11:00:00+09:00,1570.0,1576.0,1570.0,1576.0,0,0.0,0.0
2024-03-12 12:00:00+09:00,1576.0,1595.0,1576.0,1593.0,93500,0.0,0.0
2024-03-12 13:00:00+09:00,1593.0,1594.0,1590.0,1590.0,3800,0.0,0.0
2024-03-12 14:00:00+09:00,1591.0,1597.0,1591.0,1597.0,10800,0.0,0.0
2024-03-13 09:00:00+09:00,1605.0,1630.0,1605.0,1610.0,40800,0.0,0.0
2024-03-13 10:00:00+09:00,1612.0,1617.0,1609.0,1612.0,3100,0.0,0.0
2024-03-13 11:00:00+09:00,1614.0,1617.0,1613.0,1616.0,0,0.0,0.0
2024-03-13 12:00:00+09:00,1611.0,1611.0,1604.0,1606.0,56000,0.0,0.0
2024-03-13 13:00:00+09:00,1608.0,1615.0,1607.0,1613.0,6900,0.0,0.0
2024-03-13 14:00:00+09:00,1614.0,1616.0,1611.0,1614.0,9900,0.0,0.0
2024-03-14 09:00:00+09:00,1604.0,1613.0,1603.0,1611.0,0,0.0,0.0
2024-03-14 10:00:00+09:00,1615.0,1618.0,1611.0,1614.0,33100,0.0,0.0
2024-03-14 11:00:00+09:00,1614.0,1618.0,1614.0,1618.0,0,0.0,0.0
2024-03-14 12:00:00+09:00,1619.0,1626.0,1618.0,1626.0,53200,0.0,0.0
2024-03-14 13:00:00+09:00,1626.0,1629.0,1625.0,1626.0,5400,0.0,0.0
2024-03-14 14:00:00+09:00,1624.0,1628.0,1622.0,1628.0,3800,0.0,0.0
2024-03-15 09:00:00+09:00,1624.0,1629.0,1618.0,1629.0,37500,0.0,0.0
2024-03-15 10:00:00+09:00,1627.0,1634.0,1623.0,1634.0,9100,0.0,0.0
2024-03-15 11:00:00+09:00,1634.0,1640.0,1634.0,1635.0,0,0.0,0.0
2024-03-15 12:00:00+09:00,1641.0,1645.0,1639.0,1640.0,90200,0.0,0.0
2024-03-15 13:00:00+09:00,1643.0,1643.0,1635.0,1635.0,3000,0.0,0.0
2024-03-15 14:00:00+09:00,1636.0,1641.0,1635.0,1640.0,12000,0.0,0.0
2024-03-18 09:00:00+09:00,1650.0,1665.0,1650.0,1657.0,0,0.0,0.0
2024-03-18 10:00:00+09:00,1659.0,1663.0,1656.0,1661.0,71500,0.0,0.0
2024-03-18 11:00:00+09:00,1662.0,1664.0,1662.0,1662.0,0,0.0,0.0
2024-03-18 12:00:00+09:00,1662.0,1666.0,1662.0,1666.0,114200,0.0,0.0
2024-03-18 13:00:00+09:00,1665.0,1670.0,1664.0,1670.0,20400,0.0,0.0
2024-03-18 14:00:00+09:00,1669.0,1675.0,1666.0,1666.0,22900,0.0,0.0
2024-03-19 09:00:00+09:00,1677.0,1677.0,1663.0,1664.0,32500,0.0,0.0
2024-03-19 10:00:00+09:00,1664.0,1664.0,1660.0,1662.0,1900,0.0,0.0
2024-03-19 11:00:00+09:00,1662.0,1663.0,1659.0,1661.0,0,0.0,0.0
2024-03-19 12:00:00+09:00,1659.0,1671.0,1659.0,1671.0,61600,0.0,0.0
2024-03-19 13:00:00+09:00,1676.0,1677.0,1661.0,1667.0,6700,0.0,0.0
2024-03-19 14:00:00+09:00,1667.0,1669.0,1661.0,1665.0,5300,0.0,0.0
2024-03-21 09:00:00+09:00,1669.0,1669.0,1652.0,1659.0,35700,0.0,0.0
2024-03-21 10:00:00+09:00,1658.0,1658.0,1652.0,1654.0,3300,0.0,0.0
2024-03-21 11:00:00+09:00,1654.0,1654.0,1645.0,1647.0,0,0.0,0.0
2024-03-21 12:00:00+09:00,1647.0,1650.0,1641.0,1645.0,62600,0.0,0.0
2024-03-21 13:00:00+09:00,1644.0,1645.0,1638.0,1640.0,6300,0.0,0.0
2024-03-21 14:00:00+09:00,1639.0,1639.0,1632.0,1638.0,13200,0.0,0.0
2024-03-22 09:00:00+09:00,1645.0,1649.0,1640.0,1648.0,15600,0.0,0.0
2024-03-22 10:00:00+09:00,1649.0,1659.0,1647.0,1651.0,11100,0.0,0.0
2024-03-22 11:00:00+09:00,1653.0,1653.0,1648.0,1648.0,0,0.0,0.0
2024-03-22 12:00:00+09:00,1650.0,1653.0,1648.0,1653.0,35300,0.0,0.0
2024-03-22 13:00:00+09:00,1653.0,1656.0,1652.0,1656.0,2700,0.0,0.0
2024-03-22 14:00:00+09:00,1657.0,1657.0,1653.0,1657.0,5800,0.0,0.0
2024-03-25 09:00:00+09:00,1659.0,1669.0,1659.0,1664.0,41700,0.0,0.0
2024-03-25 10:00:00+09:00,1664.0,1664.0,1650.0,1654.0,7000,0.0,0.0
2024-03-25 11:00:00+09:00,1653.0,1653.0,1650.0,1650.0,0,0.0,0.0
2024-03-25 12:00:00+09:00,1652.0,1653.0,1649.0,1653.0,61300,0.0,0.0
2024-03-25 13:00:00+09:00,1653.0,1661.0,1653.0,1661.0,5700,0.0,0.0
2024-03-25 14:00:00+09:00,1662.0,1663.0,1653.0,1654.0,5700,0.0,0.0
2024-03-26 09:00:00+09:00,1662.0,1662.0,1645.0,1652.0,31900,0.0,0.0
2024-03-26 10:00:00+09:00,1653.0,1654.0,1649.0,1651.0,2000,0.0,0.0
2024-03-26 11:00:00+09:00,1651.0,1654.0,1651.0,1653.0,0,0.0,0.0
2024-03-26 12:00:00+09:00,1653.0,1660.0,1651.0,1660.0,43300,0.0,0.0
2024-03-26 13:00:00+09:00,1660.0,1666.0,1657.0,1662.0,6200,0.0,0.0
2024-03-26 14:00:00+09:00,1663.0,1667.0,1658.0,1663.0,10000,0.0,0.0
2024-03-27 09:00:00+09:00,1669.0,1694.0,1669.0,1683.0,73100,0.0,0.0
2024-03-27 10:00:00+09:00,1682.0,1708.0,1682.0,1704.0,34500,0.0,0.0
2024-03-27 11:00:00+09:00,1705.0,1712.0,1705.0,1711.0,0,0.0,0.0
2024-03-27 12:00:00+09:00,1706.0,1706.0,1693.0,1697.0,125400,0.0,0.0
2024-03-27 13:00:00+09:00,1697.0,1700.0,1695.0,1698.0,12100,0.0,0.0
2024-03-27 14:00:00+09:00,1698.0,1705.0,1695.0,1695.0,13700,0.0,0.0
2024-03-28 09:00:00+09:00,1690.0,1714.0,1680.0,1713.0,43200,0.0,0.0
2024-03-28 10:00:00+09:00,1713.0,1717.0,1700.0,1701.0,15800,0.0,0.0
2024-03-28 11:00:00+09:00,1701.0,1705.0,1700.0,1704.0,0,0.0,0.0
2024-03-28 12:00:00+09:00,1700.0,1705.0,1700.0,1702.0,87400,0.0,0.0
2024-03-28 13:00:00+09:00,1704.0,1713.0,1704.0,1709.0,9000,0.0,0.0
2024-03-28 14:00:00+09:00,1708.0,1710.0,1702.0,1704.0,10500,0.0,0.0
2024-03-29 09:00:00+09:00,1698.0,1721.0,1692.0,1717.0,44100,0.0,0.0
2024-03-29 10:00:00+09:00,1715.0,1720.0,1713.0,1717.0,6800,0.0,0.0
2024-03-29 11:00:00+09:00,1718.0,1724.0,1718.0,1722.0,0,0.0,0.0
2024-03-29 12:00:00+09:00,1717.0,1725.0,1717.0,1720.0,67100,0.0,0.0
2024-03-29 13:00:00+09:00,1720.0,1722.0,1719.0,1720.0,7300,0.0,0.0
2024-03-29 14:00:00+09:00,1720.0,1722.0,1714.0,1720.0,11800,0.0,0.0
2024-04-01 09:00:00+09:00,1722.0,1733.0,1711.0,1732.0,62600,0.0,0.0
2024-04-01 10:00:00+09:00,1732.0,1732.0,1721.0,1721.0,9300,0.0,0.0
2024-04-01 11:00:00+09:00,1723.0,1723.0,1712.0,1715.0,0,0.0,0.0
2024-04-01 12:00:00+09:00,1716.0,1720.0,1714.0,1717.0,123900,0.0,0.0
2024-04-01 13:00:00+09:00,1718.0,1720.0,1711.0,1716.0,8400,0.0,0.0
2024-04-01 14:00:00+09:00,1714.0,1715.0,1708.0,1712.0,17500,0.0,0.0
2024-04-02 09:00:00+09:00,1704.0,1704.0,1675.0,1681.0,73600,0.0,0.0
2024-04-02 10:00:00+09:00,1682.0,1683.0,1673.0,1674.0,15300,0.0,0.0
2024-04-02 11:00:00+09:00,1673.0,1673.0,1667.0,1667.0,0,0.0,0.0
2024-04-02 12:00:00+09:00,1667.0,1667.0,1658.0,1661.0,147300,0.0,0.0
2024-04-02 13:00:00+09:00,1661.0,1665.0,1659.0,1662.0,14600,0.0,0.0
2024-04-02 14:00:00+09:00,1662.0,1665.0,1656.0,1657.0,26400,0.0,0.0
2024-04-03 09:00:00+09:00,1650.0,1659.0,1636.0,1658.0,61000,0.0,0.0
2024-04-03 10:00:00+09:00,1658.0,1663.0,1655.0,1661.0,6600,0.0,0.0
2024-04-03 11:00:00+09:00,1661.0,1661.0,1654.0,1658.0,0,0.0,0.0
2024-04-03 12:00:00+09:00,1659.0,1668.0,1655.0,1665.0,110400,0.0,0.0
2024-04-03 13:00:00+09:00,1665.0,1665.0,1660.0,1663.0,6600,0.0,0.0
2024-04-03 14:00:00+09:00,1663.0,1667.0,1660.0,1660.0,15300,0.0,0.0
2024-04-04 09:00:00+09:00,1675.0,1675.0,1652.0,1653.0,108600,0.0,0.0
2024-04-04 10:00:00+09:00,1655.0,1665.0,1655.0,1655.0,20800,0.0,0.0
2024-04-04 11:00:00+09:00,1654.0,1656.0,1652.0,1652.0,0,0.0,0.0
2024-04-04 12:00:00+09:00,1652.0,1654.0,1649.0,1651.0,163200,0.0,0.0
2024-04-04 13:00:00+09:00,1651.0,1658.0,1649.0,1651.0,18200,0.0,0.0
2024-04-04 14:00:00+09:00,1651.0,1652.0,1647.0,1652.0,20300,0.0,0.0
2024-04-05 09:00:00+09:00,1660.0,1666.0,1657.0,1666.0,77700,0.0,0.0
2024-04-05 10:00:00+09:00,1667.0,1667.0,1650.0,1650.0,15100,0.0,0.0
2024-04-05 11:00:00+09:00,1650.0,1653.0,1649.0,1652.0,0,0.0,0.0
2024-04-05 12:00:00+09:00,1650.0,1665.0,1650.0,1663.0,128200,0.0,0.0
2024-04-05 13:00:00+09:00,1664.0,1666.0,1660.0,1663.0,0,0.0,0.0
2024-04-05 14:00:00+09:00,1662.0,1664.0,1656.0,1656.0,145300,0.0,0.0
2024-04-08 09:00:00+09:00,1675.0,1678.0,1665.0,1670.0,94900,0.0,0.0
2024-04-08 10:00:00+09:00,1669.0,1676.0,1669.0,1672.0,12500,0.0,0.0
2024-04-08 11:00:00+09:00,1671.0,1672.0,1668.0,1668.0,0,0.0,0.0
2024-04-08 12:00:00+09:00,1665.0,1667.0,1658.0,1658.0,132200,0.0,0.0
2024-04-08 13:00:00+09:00,1659.0,1666.0,1659.0,1662.0,5300,0.0,0.0
2024-04-08 14:00:00+09:00,1663.0,1664.0,1660.0,1664.0,9600,0.0,0.0
2024-04-09 09:00:00+09:00,1660.0,1663.0,1653.0,1662.0,66500,0.0,0.0
2024-04-09 10:00:00+09:00,1661.0,1667.0,1661.0,1667.0,6700,0.0,0.0
2024-04-09 11:00:00+09:00,1666.0,1669.0,1666.0,1669.0,0,0.0,0.0
2024-04-09 12:00:00+09:00,1669.0,1669.0,1666.0,1668.0,99600,0.0,0.0
2024-04-09 13:00:00+09:00,1667.0,1671.0,1667.0,1671.0,7500,0.0,0.0
2024-04-09 14:00:00+09:00,1672.0,1673.0,1667.0,1667.0,13000,0.0,0.0
2024-04-10 09:00:00+09:00,1670.0,1676.0,1664.0,1667.0,57300,0.0,0.0
2024-04-10 10:00:00+09:00,1666.0,1667.0,1663.0,1663.0,8600,0.0,0.0
2024-04-10 11:00:00+09:00,1663.0,1663.0,1661.0,1661.0,0,0.0,0.0
2024-04-10 12:00:00+09:00,1661.0,1662.0,1658.0,1659.0,89700,0.0,0.0
2024-04-10 13:00:00+09:00,1660.0,1661.0,1657.0,1660.0,11400,0.0,0.0
2024-04-10 14:00:00+09:00,1661.0,1664.0,1660.0,1660.0,4800,0.0,0.0
2024-04-11 09:00:00+09:00,1661.0,1661.0,1645.0,1653.0,56300,0.0,0.0
2024-04-11 10:00:00+09:00,1653.0,1653.0,1646.0,1650.0,14300,0.0,0.0
2024-04-11 11:00:00+09:00,1650.0,1651.0,1649.0,1650.0,0,0.0,0.0
2024-04-11 12:00:00+09:00,1650.0,1650.0,1645.0,1646.0,83000,0.0,0.0
2024-04-11 13:00:00+09:00,1646.0,1646.0,1641.0,1641.0,30500,0.0,0.0
2024-04-11 14:00:00+09:00,1641.0,1641.0,1639.0,1641.0,26100,0.0,0.0
2024-04-12 09:00:00+09:00,1636.0,1643.0,1635.0,1640.0,27300,0.0,0.0
2024-04-12 10:00:00+09:00,1641.0,1644.0,1640.0,1642.0,2700,0.0,0.0
2024-04-12 11:00:00+09:00,1642.0,1642.0,1638.0,1638.0,0,0.0,0.0
2024-04-12 12:00:00+09:00,1638.0,1651.0,1638.0,1651.0,54700,0.0,0.0
2024-04-12 13:00:00+09:00,1647.0,1649.0,1646.0,1647.0,4700,0.0,0.0
2024-04-12 14:00:00+09:00,1646.0,1648.0,1643.0,1648.0,11600,0.0,0.0
2024-04-15 09:00:00+09:00,1646.0,1646.0,1640.0,1641.0,34700,0.0,0.0
2024-04-15 10:00:00+09:00,1642.0,1644.0,1635.0,1643.0,23600,0.0,0.0
2024-04-15 11:00:00+09:00,1642.0,1646.0,1642.0,1643.0,0,0.0,0.0
2024-04-15 12:00:00+09:00,1640.0,1643.0,1639.0,1640.0,68900,0.0,0.0
2024-04-15 13:00:00+09:00,1640.0,1642.0,1636.0,1640.0,9800,0.0,0.0
2024-04-15 14:00:00+09:00,1641.0,1642.0,1639.0,1640.0,10400,0.0,0.0
2024-04-16 09:00:00+09:00,1636.0,1637.0,1624.0,1624.0,52200,0.0,0.0
2024-04-16 10:00:00+09:00,1624.0,1625.0,1617.0,1618.0,27900,0.0,0.0
2024-04-16 11:00:00+09:00,1617.0,1618.0,1613.0,1613.0,0,0.0,0.0
2024-04-16 12:00:00+09:00,1613.0,1613.0,1606.0,1612.0,122700,0.0,0.0
2024-04-16 13:00:00+09:00,1612.0,1614.0,1607.0,1612.0,13200,0.0,0.0
2024-04-16 14:00:00+09:00,1610.0,1613.0,1607.0,1607.0,21500,0.0,0.0
2024-04-17 09:00:00+09:00,1611.0,1616.0,1593.0,1600.0,75900,0.0,0.0
2024-04-17 10:00:00+09:00,1600.0,1604.0,1592.0,1597.0,44100,0.0,0.0
2024-04-17 11:00:00+09:00,1597.0,1601.0,1593.0,1593.0,0,0.0,0.0
2024-04-17 12:00:00+09:00,1595.0,1596.0,1590.0,1596.0,173200,0.0,0.0
2024-04-17 13:00:00+09:00,1595.0,1595.0,1586.0,1589.0,19700,0.0,0.0
2024-04-17 14:00:00+09:00,1589.0,1592.0,1585.0,1585.0,19200,0.0,0.0
2024-04-18 09:00:00+09:00,1593.0,1615.0,1592.0,1605.0,40900,0.0,0.0
2024-04-18 10:00:00+09:00,1605.0,1607.0,1598.0,1600.0,12000,0.0,0.0
2024-04-18 11:00:00+09:00,1600.0,1602.0,1599.0,1599.0,0,0.0,0.0
2024-04-18 12:00:00+09:00,1600.0,1611.0,1600.0,1610.0,64600,0.0,0.0
2024-04-18 13:00:00+09:00,1610.0,1615.0,1607.0,1608.0,10200,0.0,0.0
2024-04-18 14:00:00+09:00,1609.0,1610.0,1605.0,1605.0,10300,0.0,0.0
2024-04-19 09:00:00+09:00,1602.0,1610.0,1587.0,1587.0,53200,0.0,0.0
2024-04-19 10:00:00+09:00,1587.0,1589.0,1580.0,1583.0,34700,0.0,0.0
2024-04-19 11:00:00+09:00,1582.0,1582.0,1577.0,1577.0,0,0.0,0.0
2024-04-19 12:00:00+09:00,1577.0,1589.0,1577.0,1587.0,119000,0.0,0.0
2024-04-19 13:00:00+09:00,1587.0,1588.0,1585.0,1586.0,10200,0.0,0.0
2024-04-19 14:00:00+09:00,1587.0,1591.0,1585.0,1588.0,17200,0.0,0.0
2024-04-22 09:00:00+09:00,1593.0,1602.0,1592.0,1595.0,77600,0.0,0.0
2024-04-22 10:00:00+09:00,1595.0,1602.0,1592.0,1599.0,18900,0.0,0.0
2024-04-22 11:00:00+09:00,1602.0,1606.0,1601.0,1603.0,0,0.0,0.0
2024-04-22 12:00:00+09:00,1605.0,1607.0,1603.0,1605.0,116800,0.0,0.0
2024-04-22 13:00:00+09:00,1605.0,1607.0,1601.0,1601.0,7600,0.0,0.0
2024-04-22 14:00:00+09:00,1602.0,1606.0,1601.0,1603.0,14900,0.0,0.0
2024-04-23 09:00:00+09:00,1612.0,1616.0,1606.0,1609.0,67400,0.0,0.0
2024-04-23 10:00:00+09:00,1608.0,1610.0,1605.0,1607.0,16300,0.0,0.0
2024-04-23 11:00:00+09:00,1608.0,1608.0,1606.0,1606.0,0,0.0,0.0
2024-04-23 12:00:00+09:00,1606.0,1609.0,1605.0,1608.0,101700,0.0,0.0
2024-04-23 13:00:00+09:00,1607.0,1609.0,1606.0,1607.0,9600,0.0,0.0
2024-04-23 14:00:00+09:00,1607.0,1609.0,1606.0,1608.0,16300,0.0,0.0
2024-04-24 09:00:00+09:00,1605.0,1607.0,1600.0,1606.0,96700,0.0,0.0
2024-04-24 10:00:00+09:00,1604.0,1606.0,1601.0,1604.0,8200,0.0,0.0
2024-04-24 11:00:00+09:00,1604.0,1604.0,1601.0,1602.0,0,0.0,0.0
2024-04-24 12:00:00+09:00,1606.0,1610.0,1602.0,1608.0,155900,0.0,0.0
2024-04-24 13:00:00+09:00,1609.0,1611.0,1607.0,1610.0,13600,0.0,0.0
2024-04-24 14:00:00+09:00,1610.0,1612.0,1608.0,1609.0,37000,0.0,0.0
2024-04-25 09:00:00+09:00,1628.0,1628.0,1614.0,1617.0,103200,0.0,0.0
2024-04-25 10:00:00+09:00,1618.0,1618.0,1613.0,1614.0,18400,0.0,0.0
2024-04-25 11:00:00+09:00,1614.0,1616.0,1614.0,1614.0,0,0.0,0.0
2024-04-25 12:00:00+09:00,1614.0,1621.0,1613.0,1617.0,242300,0.0,0.0
2024-04-25 13:00:00+09:00,1616.0,1617.0,1614.0,1616.0,15800,0.0,0.0
2024-04-25 14:00:00+09:00,1616.0,1623.0,1616.0,1623.0,40000,0.0,0.0
2024-04-26 09:00:00+09:00,1570.0,1577.0,1559.0,1565.0,379300,0.0,0.0
2024-04-26 10:00:00+09:00,1564.0,1564.0,1558.0,1560.0,17000,0.0,0.0
2024-04-26 11:00:00+09:00,1560.0,1561.0,1556.0,1557.0,0,0.0,0.0
2024-04-26 12:00:00+09:00,1557.0,1565.0,1557.0,1563.0,438900,0.0,0.0
2024-04-26 13:00:00+09:00,1564.0,1569.0,1563.0,1565.0,19400,0.0,0.0
2024-04-26 14:00:00+09:00,1565.0,1566.0,1562.0,1566.0,22400,0.0,0.0
2024-04-30 09:00:00+09:00,1558.0,1559.0,1544.0,1551.0,70400,0.0,0.0
2024-04-30 10:00:00+09:00,1552.0,1552.0,1545.0,1548.0,11700,0.0,0.0
2024-04-30 11:00:00+09:00,1548.0,1549.0,1540.0,1542.0,0,0.0,0.0
2024-04-30 12:00:00+09:00,1547.0,1551.0,1545.0,1545.0,110000,0.0,0.0
2024-04-30 13:00:00+09:00,1546.0,1552.0,1545.0,1546.0,10800,0.0,0.0
2024-04-30 14:00:00+09:00,1546.0,1558.0,1545.0,1557.0,21900,0.0,0.0
2024-05-01 09:00:00+09:00,1541.0,1546.0,1525.0,1525.0,68800,0.0,0.0
2024-05-01 10:00:00+09:00,1526.0,1526.0,1520.0,1521.0,18600,0.0,0.0
2024-05-01 11:00:00+09:00,1521.0,1524.0,1520.0,1523.0,0,0.0,0.0
2024-05-01 12:00:00+09:00,1522.0,1529.0,1522.0,1527.0,107400,0.0,0.0
2024-05-01 13:00:00+09:00,1528.0,1532.0,1528.0,1529.0,14000,0.0,0.0
2024-05-01 14:00:00+09:00,1530.0,1530.0,1525.0,1527.0,22800,0.0,0.0
2024-05-02 09:00:00+09:00,1536.0,1538.0,1519.0,1520.0,30300,0.0,0.0
2024-05-02 10:00:00+09:00,1520.0,1526.0,1519.0,1523.0,8000,0.0,0.0
2024-05-02 11:00:00+09:00,1522.0,1528.0,1522.0,1528.0,0,0.0,0.0
2024-05-02 12:00:00+09:00,1527.0,1534.0,1527.0,1533.0,51800,0.0,0.0
2024-05-02 13:00:00+09:00,1533.0,1535.0,1528.0,1535.0,18500,0.0,0.0
2024-05-02 14:00:00+09:00,1535.0,1535.0,1531.0,1533.0,13500,0.0,0.0
2024-05-07 09:00:00+09:00,1532.0,1539.0,1531.0,1538.0,13300,0.0,0.0
2024-05-07 10:00:00+09:00,1536.0,1544.0,1536.0,1538.0,10700,0.0,0.0
2024-05-07 11:00:00+09:00,1537.0,1538.0,1534.0,1538.0,0,0.0,0.0
2024-05-07 12:00:00+09:00,1538.0,1540.0,1537.0,1537.0,31800,0.0,0.0
2024-05-07 13:00:00+09:00,1537.0,1537.0,1534.0,1536.0,6000,0.0,0.0
2024-05-07 14:00:00+09:00,1536.0,1538.0,1536.0,1536.0,9500,0.0,0.0
2024-05-08 09:00:00+09:00,1555.0,1557.0,1535.0,1536.0,48500,0.0,0.0
2024-05-08 10:00:00+09:00,1536.0,1536.0,1527.0,1527.0,9800,0.0,0.0
2024-05-08 11:00:00+09:00,1526.0,1527.0,1523.0,1523.0,0,0.0,0.0
2024-05-08 12:00:00+09:00,1523.0,1527.0,1522.0,1526.0,72600,0.0,0.0
2024-05-08 13:00:00+09:00,1525.0,1525.0,1521.0,1523.0,7600,0.0,0.0
2024-05-08 14:00:00+09:00,1522.0,1524.0,1521.0,1522.0,6800,0.0,0.0
2024-05-09 09:00:00+09:00,1521.0,1523.0,1515.0,1518.0,17600,0.0,0.0
2024-05-09 10:00:00+09:00,1518.0,1521.0,1518.0,1521.0,4100,0.0,0.0
2024-05-09 11:00:00+09:00,1522.0,1523.0,1522.0,1523.0,0,0.0,0.0
2024-05-09 12:00:00+09:00,1523.0,1526.0,1523.0,1526.0,28100,0.0,0.0
2024-05-09 13:00:00+09:00,1526.0,1528.0,1524.0,1524.0,5500,0.0,0.0
2024-05-09 14:00:00+09:00,1523.0,1525.0,1521.0,1522.0,9600,0.0,0.0
2024-05-10 09:00:00+09:00,1527.0,1533.0,1517.0,1533.0,13800,0.0,0.0
2024-05-10 10:00:00+09:00,1532.0,1537.0,1531.0,1532.0,9600,0.0,0.0
2024-05-10 11:00:00+09:00,1532.0,1534.0,1531.0,1532.0,0,0.0,0.0
2024-05-10 12:00:00+09:00,1536.0,1536.0,1528.0,1530.0,31300,0.0,0.0
2024-05-10 13:00:00+09:00,1531.0,1537.0,1530.0,1536.0,6400,0.0,0.0
2024-05-10 14:00:00+09:00,1535.0,1536.0,1532.0,1535.0,15200,0.0,0.0
2024-05-13 09:00:00+09:00,1527.0,1533.0,1525.0,1533.0,18700,0.0,0.0
2024-05-13 10:00:00+09:00,1533.0,1535.0,1531.0,1533.0,5000,0.0,0.0
2024-05-13 11:00:00+09:00,1535.0,1538.0,1532.0,1538.0,0,0.0,0.0
2024-05-13 12:00:00+09:00,1538.0,1542.0,1537.0,1542.0,41500,0.0,0.0
2024-05-13 13:00:00+09:00,1542.0,1546.0,1542.0,1544.0,7500,0.0,0.0
2024-05-13 14:00:00+09:00,1545.0,1546.0,1531.0,1536.0,90800,0.0,0.0
2024-05-14 09:00:00+09:00,1531.0,1535.0,1522.0,1527.0,39300,0.0,0.0
2024-05-14 10:00:00+09:00,1525.0,1528.0,1520.0,1522.0,21300,0.0,0.0
2024-05-14 11:00:00+09:00,1522.0,1523.0,1520.0,1523.0,0,0.0,0.0
2024-05-14 12:00:00+09:00,1524.0,1528.0,1519.0,1527.0,83100,0.0,0.0
2024-05-14 13:00:00+09:00,1528.0,1528.0,1523.0,1524.0,11600,0.0,0.0
2024-05-14 14:00:00+09:00,1523.0,1533.0,1522.0,1529.0,31300,0.0,0.0
2024-05-15 09:00:00+09:00,1536.0,1536.0,1517.0,1517.0,42000,0.0,0.0
2024-05-15 10:00:00+09:00,1518.0,1519.0,1507.0,1507.0,26800,0.0,0.0
2024-05-15 11:00:00+09:00,1507.0,1510.0,1506.0,1506.0,0,0.0,0.0
2024-05-15 12:00:00+09:00,1514.0,1515.0,1508.0,1509.0,80400,0.0,0.0
2024-05-15 13:00:00+09:00,1509.0,1513.0,1505.0,1509.0,16800,0.0,0.0
2024-05-15 14:00:00+09:00,1509.0,1510.0,1500.0,1502.0,52600,0.0,0.0
2024-05-16 09:00:00+09:00,1501.0,1504.0,1493.0,1494.0,54100,0.0,0.0
2024-05-16 10:00:00+09:00,1495.0,1498.0,1482.0,1485.0,44100,0.0,0.0
2024-05-16 11:00:00+09:00,1485.0,1491.0,1485.0,1486.0,0,0.0,0.0
2024-05-16 12:00:00+09:00,1487.0,1491.0,1482.0,1484.0,129500,0.0,0.0
2024-05-16 13:00:00+09:00,1484.0,1484.0,1476.0,1479.0,24800,0.0,0.0
2024-05-16 14:00:00+09:00,1479.0,1485.0,1478.0,1479.0,31300,0.0,0.0
2024-05-17 09:00:00+09:00,1477.0,1495.0,1473.0,1493.0,45600,0.0,0.0
2024-05-17 10:00:00+09:00,1492.0,1498.0,1491.0,1498.0,8100,0.0,0.0
2024-05-17 11:00:00+09:00,1500.0,1500.0,1495.0,1497.0,0,0.0,0.0
2024-05-17 12:00:00+09:00,1500.0,1500.0,1489.0,1491.0,89600,0.0,0.0
2024-05-17 13:00:00+09:00,1490.0,1492.0,1489.0,1492.0,5300,0.0,0.0
2024-05-17 14:00:00+09:00,1492.0,1494.0,1487.0,1492.0,36000,0.0,0.0
2024-05-20 09:00:00+09:00,1495.0,1495.0,1481.0,1486.0,18800,0.0,0.0
2024-05-20 10:00:00+09:00,1485.0,1485.0,1475.0,1478.0,46700,0.0,0.0
2024-05-20 11:00:00+09:00,1478.0,1479.0,1476.0,1478.0,0,0.0,0.0
2024-05-20 12:00:00+09:00,1480.0,1480.0,1476.0,1478.0,89000,0.0,0.0
2024-05-20 13:00:00+09:00,1478.0,1478.0,1474.0,1476.0,20300,0.0,0.0
2024-05-20 14:00:00+09:00,1477.0,1478.0,1473.0,1477.0,25300,0.0,0.0
2024-05-21 09:00:00+09:00,1485.0,1491.0,1481.0,1485.0,9900,0.0,0.0
2024-05-21 10:00:00+09:00,1484.0,1485.0,1479.0,1479.0,4700,0.0,0.0
2024-05-21 11:00:00+09:00,1480.0,1482.0,1478.0,1481.0,0,0.0,0.0
2024-05-21 12:00:00+09:00,1483.0,1488.0,1483.0,1484.0,26700,0.0,0.0
2024-05-21 13:00:00+09:00,1483.0,1486.0,1483.0,1486.0,2800,0.0,0.0
2024-05-21 14:00:00+09:00,1487.0,1487.0,1477.0,1481.0,54300,0.0,0.0
2024-05-22 09:00:00+09:00,1485.0,1486.0,1477.0,1483.0,13900,0.0,0.0
2024-05-22 10:00:00+09:00,1481.0,1481.0,1471.0,1472.0,11700,0.0,0.0
2024-05-22 11:00:00+09:00,1472.0,1472.0,1470.0,1470.0,0,0.0,0.0
2024-05-22 12:00:00+09:00,1471.0,1475.0,1469.0,1475.0,43700,0.0,0.0
2024-05-22 13:00:00+09:00,1475.0,1476.0,1473.0,1473.0,6100,0.0,0.0
2024-05-22 14:00:00+09:00,1475.0,1479.0,1474.0,1477.0,7800,0.0,0.0
2024-05-23 09:00:00+09:00,1475.0,1475.0,1468.0,1471.0,14000,0.0,0.0
2024-05-23 10:00:00+09:00,1471.0,1473.0,1468.0,1473.0,9800,0.0,0.0
2024-05-23 11:00:00+09:00,1473.0,1476.0,1473.0,1473.0,0,0.0,0.0
2024-05-23 12:00:00+09:00,1478.0,1483.0,1475.0,1482.0,30700,0.0,0.0
2024-05-23 13:00:00+09:00,1482.0,1483.0,1475.0,1481.0,32900,0.0,0.0
2024-05-23 14:00:00+09:00,1483.0,1483.0,1477.0,1480.0,18100,0.0,0.0
2024-05-24 09:00:00+09:00,1468.0,1477.0,1464.0,1477.0,17900,0.0,0.0
2024-05-24 10:00:00+09:00,1477.0,1477.0,1470.0,1470.0,3900,0.0,0.0
2024-05-24 11:00:00+09:00,1470.0,1474.0,1470.0,1472.0,0,0.0,0.0
2024-05-24 12:00:00+09:00,1475.0,1478.0,1475.0,1477.0,28000,0.0,0.0
2024-05-24 13:00:00+09:00,1477.0,1482.0,1477.0,1482.0,0,0.0,0.0
2024-05-24 14:00:00+09:00,1482.0,1487.0,1481.0,1483.0,47000,0.0,0.0
2024-05-27 09:00:00+09:00,1485.0,1485.0,1479.0,1479.0,8200,0.0,0.0
2024-05-27 10:00:00+09:00,1479.0,1479.0,1474.0,1475.0,6100,0.0,0.0
2024-05-27 11:00:00+09:00,1474.0,1474.0,1471.0,1473.0,0,0.0,0.0
2024-05-27 12:00:00+09:00,1473.0,1478.0,1473.0,1475.0,21000,0.0,0.0
2024-05-27 13:00:00+09:00,1477.0,1481.0,1477.0,1481.0,2800,0.0,0.0
2024-05-27 14:00:00+09:00,1481.0,1489.0,1481.0,1489.0,11800,0.0,0.0
2024-05-28 09:00:00+09:00,1488.0,1490.0,1486.0,1490.0,4600,0.0,0.0
2024-05-28 10:00:00+09:00,1488.0,1492.0,1488.0,1490.0,4000,0.0,0.0
2024-05-28 11:00:00+09:00,1489.0,1489.0,1486.0,1488.0,0,0.0,0.0
2024-05-28 12:00:00+09:00,1488.0,1488.0,1487.0,1487.0,12800,0.0,0.0
2024-05-28 13:00:00+09:00,1487.0,1488.0,1484.0,1484.0,4900,0.0,0.0
2024-05-28 14:00:00+09:00,1484.0,1487.0,1482.0,1487.0,8000,0.0,0.0
2024-05-29 09:00:00+09:00,1485.0,1492.0,1483.0,1483.0,13400,0.0,0.0
2024-05-29 10:00:00+09:00,1482.0,1482.0,1469.0,1469.0,14300,0.0,0.0
2024-05-29 11:00:00+09:00,1469.0,1473.0,1469.0,1471.0,0,0.0,0.0
2024-05-29 12:00:00+09:00,1469.0,1470.0,1467.0,1467.0,38200,0.0,0.0
2024-05-29 13:00:00+09:00,1468.0,1468.0,1466.0,1467.0,6400,0.0,0.0
2024-05-29 14:00:00+09:00,1467.0,1467.0,1460.0,1462.0,31200,0.0,0.0
2024-05-30 09:00:00+09:00,1460.0,1464.0,1455.0,1460.0,0,0.0,0.0
2024-05-30 10:00:00+09:00,1461.0,1471.0,1461.0,1467.0,16600,0.0,0.0
2024-05-30 11:00:00+09:00,1468.0,1469.0,1467.0,1469.0,0,0.0,0.0
2024-05-30 12:00:00+09:00,1474.0,1478.0,1472.0,1473.0,21500,0.0,0.0
2024-05-30 13:00:00+09:00,1475.0,1479.0,1475.0,1477.0,3200,0.0,0.0
2024-05-30 14:00:00+09:00,1477.0,1481.0,1474.0,1481.0,8200,0.0,0.0
2024-05-31 09:00:00+09:00,1492.0,1493.0,1486.0,1489.0,16100,0.0,0.0
2024-05-31 10:00:00+09:00,1490.0,1492.0,1484.0,1488.0,12200,0.0,0.0
2024-05-31 11:00:00+09:00,1487.0,1487.0,1485.0,1487.0,0,0.0,0.0
2024-05-31 12:00:00+09:00,1490.0,1492.0,1487.0,1492.0,35100,0.0,0.0
2024-05-31 13:00:00+09:00,1492.0,1495.0,1487.0,1495.0,7400,0.0,0.0
2024-05-31 14:00:00+09:00,1494.0,1499.0,1492.0,1498.0,12900,0.0,0.0
2024-06-03 09:00:00+09:00,1506.0,1510.0,1502.0,1504.0,15600,0.0,0.0
2024-06-03 10:00:00+09:00,1505.0,1509.0,1492.0,1496.0,33600,0.0,0.0
2024-06-03 11:00:00+09:00,1494.0,1494.0,1491.0,1492.0,0,0.0,0.0
2024-06-03 12:00:00+09:00,1495.0,1499.0,1495.0,1499.0,56500,0.0,0.0
2024-06-03 13:00:00+09:00,1500.0,1502.0,1499.0,1500.0,10200,0.0,0.0
2024-06-03 14:00:00+09:00,1500.0,1503.0,1500.0,1503.0,6800,0.0,0.0
2024-06-04 09:00:00+09:00,1500.0,1508.0,1497.0,1501.0,9600,0.0,0.0
2024-06-04 10:00:00+09:00,1501.0,1502.0,1499.0,1502.0,3900,0.0,0.0
2024-06-04 11:00:00+09:00,1503.0,1505.0,1503.0,1504.0,0,0.0,0.0
2024-06-04 12:00:00+09:00,1505.0,1509.0,1505.0,1509.0,19500,0.0,0.0
2024-06-04 13:00:00+09:00,1510.0,1516.0,1509.0,1516.0,7300,0.0,0.0
2024-06-04 14:00:00+09:00,1515.0,1515.0,1510.0,1513.0,6200,0.0,0.0
2024-06-05 09:00:00+09:00,1511.0,1516.0,1505.0,1514.0,11500,0.0,0.0
2024-06-05 10:00:00+09:00,1515.0,1517.0,1504.0,1505.0,14800,0.0,0.0
2024-06-05 11:00:00+09:00,1505.0,1506.0,1505.0,1505.0,0,0.0,0.0
2024-06-05 12:00:00+09:00,1505.0,1508.0,1505.0,1507.0,29400,0.0,0.0
2024-06-05 13:00:00+09:00,1506.0,1507.0,1506.0,1506.0,2300,0.0,0.0
2024-06-05 14:00:00+09:00,1505.0,1506.0,1502.0,1502.0,7100,0.0,0.0
2024-06-06 09:00:00+09:00,1512.0,1512.0,1496.0,1496.0,18700,0.0,0.0
2024-06-06 10:00:00+09:00,1496.0,1499.0,1492.0,1497.0,6500,0.0,0.0
2024-06-06 11:00:00+09:00,1497.0,1497.0,1495.0,1496.0,0,0.0,0.0
2024-06-06 12:00:00+09:00,1499.0,1499.0,1496.0,1496.0,28200,0.0,0.0
2024-06-06 13:00:00+09:00,1496.0,1498.0,1495.0,1498.0,2300,0.0,0.0
2024-06-06 14:00:00+09:00,1499.0,1500.0,1497.0,1499.0,7100,0.0,0.0
2024-06-07 09:00:00+09:00,1499.0,1499.0,1496.0,1499.0,4200,0.0,0.0
2024-06-07 10:00:00+09:00,1500.0,1504.0,1500.0,1501.0,2600,0.0,0.0
2024-06-07 11:00:00+09:00,1501.0,1504.0,1501.0,1504.0,0,0.0,0.0
2024-06-07 12:00:00+09:00,1505.0,1507.0,1505.0,1506.0,15200,0.0,0.0
2024-06-07 13:00:00+09:00,1505.0,1506.0,1505.0,1506.0,0,0.0,0.0
2024-06-07 14:00:00+09:00,1506.0,1506.0,1502.0,1506.0,26700,0.0,0.0
2024-06-10 09:00:00+09:00,1509.0,1509.0,1498.0,1508.0,9800,0.0,0.0
2024-06-10 10:00:00+09:00,1508.0,1512.0,1506.0,1508.0,5500,0.0,0.0
2024-06-10 11:00:00+09:00,1508.0,1509.0,1508.0,1509.0,0,0.0,0.0
2024-06-10 12:00:00+09:00,1509.0,1510.0,1507.0,1508.0,22800,0.0,0.0
2024-06-10 13:00:00+09:00,1508.0,1513.0,1508.0,1513.0,2600,0.0,0.0
2024-06-10 14:00:00+09:00,1512.0,1514.0,1509.0,1514.0,7200,0.0,0.0
2024-06-11 09:00:00+09:00,1514.0,1516.0,1511.0,1514.0,15400,0.0,0.0
2024-06-11 10:00:00+09:00,1513.0,1513.0,1506.0,1506.0,6900,0.0,0.0
2024-06-11 11:00:00+09:00,1506.0,1507.0,1504.0,1506.0,0,0.0,0.0
2024-06-11 12:00:00+09:00,1511.0,1515.0,1502.0,1508.0,37400,0.0,0.0
2024-06-11 13:00:00+09:00,1508.0,1508.0,1502.0,1505.0,5800,0.0,0.0
2024-06-11 14:00:00+09:00,1504.0,1504.0,1491.0,1493.0,27700,0.0,0.0
2024-06-12 09:00:00+09:00,1451.0,1457.0,1421.0,1422.0,178000,0.0,0.0
2024-06-12 10:00:00+09:00,1421.0,1424.0,1414.0,1421.0,51200,0.0,0.0
2024-06-12 11:00:00+09:00,1421.0,1423.0,1413.0,1414.0,0,0.0,0.0
2024-06-12 12:00:00+09:00,1414.0,1417.0,1406.0,1408.0,304600,0.0,0.0
2024-06-12 13:00:00+09:00,1409.0,1412.0,1406.0,1407.0,31800,0.0,0.0
2024-06-12 14:00:00+09:00,1406.0,1415.0,1406.0,1411.0,35600,0.0,0.0
2024-06-13 09:00:00+09:00,1405.0,1420.0,1398.0,1405.0,104000,0.0,0.0
2024-06-13 10:00:00+09:00,1404.0,1404.0,1391.0,1391.0,34900,0.0,0.0
2024-06-13 11:00:00+09:00,1392.0,1393.0,1391.0,1392.0,0,0.0,0.0
2024-06-13 12:00:00+09:00,1390.0,1395.0,1390.0,1395.0,167700,0.0,0.0
2024-06-13 13:00:00+09:00,1395.0,1401.0,1395.0,1401.0,18000,0.0,0.0
2024-06-13 14:00:00+09:00,1400.0,1401.0,1397.0,1398.0,24500,0.0,0.0
2024-06-14 09:00:00+09:00,1396.0,1427.0,1396.0,1410.0,57600,0.0,0.0
2024-06-14 10:00:00+09:00,1410.0,1415.0,1408.0,1412.0,13300,0.0,0.0
2024-06-14 11:00:00+09:00,1412.0,1414.0,1409.0,1413.0,0,0.0,0.0
2024-06-14 12:00:00+09:00,1414.0,1418.0,1411.0,1417.0,90500,0.0,0.0
2024-06-14 13:00:00+09:00,1417.0,1417.0,1409.0,1410.0,8000,0.0,0.0
2024-06-14 14:00:00+09:00,1410.0,1412.0,1407.0,1411.0,0,0.0,0.0
2024-06-17 09:00:00+09:00,1410.0,1410.0,1394.0,1405.0,0,0.0,0.0
2024-06-17 10:00:00+09:00,1403.0,1404.0,1396.0,1401.0,12300,0.0,0.0
2024-06-17 11:00:00+09:00,1402.0,1407.0,1402.0,1407.0,0,0.0,0.0
2024-06-17 12:00:00+09:00,1406.0,1411.0,1404.0,1411.0,72900,0.0,0.0
2024-06-17 13:00:00+09:00,1412.0,1412.0,1408.0,1411.0,7600,0.0,0.0
2024-06-17 14:00:00+09:00,1412.0,1416.0,1412.0,1414.0,13600,0.0,0.0
2024-06-18 09:00:00+09:00,1421.0,1433.0,1417.0,1431.0,26600,0.0,0.0
2024-06-18 10:00:00+09:00,1432.0,1437.0,1432.0,1436.0,13200,0.0,0.0
2024-06-18 11:00:00+09:00,1436.0,1444.0,1434.0,1444.0,0,0.0,0.0
2024-06-18 12:00:00+09:00,1443.0,1444.0,1436.0,1440.0,59200,0.0,0.0
2024-06-18 13:00:00+09:00,1440.0,1440.0,1434.0,1434.0,9500,0.0,0.0
2024-06-18 14:00:00+09:00,1435.0,1437.0,1433.0,1437.0,13200,0.0,0.0
2024-06-19 09:00:00+09:00,1435.0,1446.0,1432.0,1443.0,15800,0.0,0.0
2024-06-19 10:00:00+09:00,1443.0,1444.0,1441.0,1441.0,6500,0.0,0.0
2024-06-19 11:00:00+09:00,1441.0,1441.0,1439.0,1439.0,0,0.0,0.0
2024-06-19 12:00:00+09:00,1436.0,1439.0,1434.0,1436.0,28300,0.0,0.0
2024-06-19 13:00:00+09:00,1436.0,1439.0,1436.0,1437.0,6700,0.0,0.0
2024-06-19 14:00:00+09:00,1438.0,1442.0,1437.0,1442.0,8600,0.0,0.0
2024-06-20 09:00:00+09:00,1449.0,1460.0,1447.0,1457.0,23500,0.0,0.0
2024-06-20 10:00:00+09:00,1456.0,1456.0,1452.0,1452.0,6500,0.0,0.0
2024-06-20 11:00:00+09:00,1452.0,1452.0,1444.0,1448.0,0,0.0,0.0
2024-06-20 12:00:00+09:00,1448.0,1449.0,1446.0,1448.0,41800,0.0,0.0
2024-06-20 13:00:00+09:00,1447.0,1450.0,1443.0,1449.0,7500,0.0,0.0
2024-06-20 14:00:00+09:00,1450.0,1451.0,1446.0,1450.0,12300,0.0,0.0
2024-06-21 09:00:00+09:00,1460.0,1477.0,1456.0,1477.0,24100,0.0,0.0
2024-06-21 10:00:00+09:00,1477.0,1484.0,1477.0,1482.0,15800,0.0,0.0
2024-06-21 11:00:00+09:00,1481.0,1483.0,1481.0,1482.0,0,0.0,0.0
2024-06-21 12:00:00+09:00,1484.0,1484.0,1475.0,1475.0,52400,0.0,0.0
2024-06-21 13:00:00+09:00,1477.0,1478.0,1467.0,1470.0,10600,0.0,0.0
2024-06-21 14:00:00+09:00,1470.0,1473.0,1462.0,1468.0,19000,0.0,0.0
2024-06-24 09:00:00+09:00,1470.0,1483.0,1466.0,1480.0,0,0.0,0.0
2024-06-24 10:00:00+09:00,1480.0,1481.0,1474.0,1475.0,8300,0.0,0.0
2024-06-24 11:00:00+09:00,1476.0,1477.0,1475.0,1477.0,0,0.0,0.0
2024-06-24 12:00:00+09:00,1477.0,1480.0,1477.0,1479.0,29100,0.0,0.0
2024-06-24 13:00:00+09:00,1480.0,1484.0,1480.0,1481.0,16600,0.0,0.0
2024-06-24 14:00:00+09:00,1480.0,1484.0,1477.0,1484.0,19300,0.0,0.0
2024-06-25 09:00:00+09:00,1481.0,1497.0,1480.0,1492.0,22400,0.0,0.0
2024-06-25 10:00:00+09:00,1491.0,1496.0,1490.0,1493.0,9200,0.0,0.0
2024-06-25 11:00:00+09:00,1494.0,1496.0,1494.0,1495.0,0,0.0,0.0
2024-06-25 12:00:00+09:00,1497.0,1497.0,1490.0,1490.0,40800,0.0,0.0
2024-06-25 13:00:00+09:00,1491.0,1492.0,1489.0,1490.0,5700,0.0,0.0
2024-06-25 14:00:00+09:00,1490.0,1491.0,1487.0,1491.0,9800,0.0,0.0
2024-06-26 09:00:00+09:00,1491.0,1491.0,1485.0,1488.0,12300,0.0,0.0
2024-06-26 10:00:00+09:00,1489.0,1494.0,1487.0,1492.0,5500,0.0,0.0
2024-06-26 11:00:00+09:00,1491.0,1491.0,1490.0,1490.0,0,0.0,0.0
2024-06-26 12:00:00+09:00,1490.0,1490.0,1485.0,1485.0,23400,0.0,0.0
2024-06-26 13:00:00+09:00,1486.0,1486.0,1483.0,1483.0,4800,0.0,0.0
2024-06-26 14:00:00+09:00,1483.0,1486.0,1481.0,1486.0,8400,0.0,0.0
2024-06-27 09:00:00+09:00,1480.0,1480.0,1474.0,1480.0,8500,0.0,0.0
2024-06-27 10:00:00+09:00,1478.0,1479.0,1471.0,1472.0,7400,0.0,0.0
2024-06-27 11:00:00+09:00,1473.0,1479.0,1473.0,1476.0,0,0.0,0.0
2024-06-27 12:00:00+09:00,1472.0,1481.0,1472.0,1481.0,22200,0.0,0.0
2024-06-27 13:00:00+09:00,1479.0,1484.0,1479.0,1482.0,1800,0.0,0.0
2024-06-27 14:00:00+09:00,1482.0,1484.0,1478.0,1484.0,9100,0.0,0.0
2024-06-28 09:00:00+09:00,1490.0,1490.0,1464.0,1467.0,22500,0.0,0.0
2024-06-28 10:00:00+09:00,1467.0,1470.0,1461.0,1463.0,8100,0.0,0.0
2024-06-28 11:00:00+09:00,1463.0,1465.0,1463.0,1465.0,0,0.0,0.0
2024-06-28 12:00:00+09:00,1469.0,1469.0,1465.0,1466.0,35700,0.0,0.0
2024-06-28 13:00:00+09:00,1467.0,1468.0,1464.0,1465.0,7200,0.0,0.0
2024-06-28 14:00:00+09:00,1465.0,1465.0,1460.0,1463.0,13400,0.0,0.0
2024-07-01 09:00:00+09:00,1478.0,1483.0,1462.0,1467.0,22900,0.0,0.0
2024-07-01 10:00:00+09:00,1465.0,1466.0,1461.0,1461.0,5400,0.0,0.0
2024-07-01 11:00:00+09:00,1463.0,1471.0,1463.0,1470.0,0,0.0,0.0
2024-07-01 12:00:00+09:00,1471.0,1473.0,1466.0,1466.0,34200,0.0,0.0
2024-07-01 13:00:00+09:00,1465.0,1465.0,1463.0,1463.0,4700,0.0,0.0
2024-07-01 14:00:00+09:00,1464.0,1464.0,1460.0,1463.0,10500,0.0,0.0
2024-07-02 09:00:00+09:00,1469.0,1469.0,1463.0,1467.0,7000,0.0,0.0
2024-07-02 10:00:00+09:00,1468.0,1475.0,1468.0,1471.0,5600,0.0,0.0
2024-07-02 11:00:00+09:00,1471.0,1472.0,1469.0,1470.0,0,0.0,0.0
2024-07-02 12:00:00+09:00,1471.0,1473.0,1468.0,1473.0,18000,0.0,0.0
2024-07-02 13:00:00+09:00,1473.0,1474.0,1472.0,1474.0,5100,0.0,0.0
2024-07-02 14:00:00+09:00,1474.0,1478.0,1471.0,1478.0,10700,0.0,0.0
2024-07-03 09:00:00+09:00,1477.0,1487.0,1469.0,1473.0,17100,0.0,0.0
2024-07-03 10:00:00+09:00,1474.0,1475.0,1473.0,1473.0,2600,0.0,0.0
2024-07-03 11:00:00+09:00,1473.0,1474.0,1472.0,1474.0,0,0.0,0.0
2024-07-03 12:00:00+09:00,1480.0,1480.0,1472.0,1478.0,26100,0.0,0.0
2024-07-03 13:00:00+09:00,1476.0,1478.0,1475.0,1478.0,3200,0.0,0.0
2024-07-03 14:00:00+09:00,1479.0,1479.0,1475.0,1475.0,5800,0.0,0.0
2024-07-04 09:00:00+09:00,1473.0,1473.0,1465.0,1470.0,8900,0.0,0.0
2024-07-04 10:00:00+09:00,1471.0,1474.0,1469.0,1469.0,3700,0.0,0.0
2024-07-04 11:00:00+09:00,1468.0,1470.0,1466.0,1468.0,0,0.0,0.0
2024-07-04 12:00:00+09:00,1468.0,1468.0,1466.0,1467.0,17800,0.0,0.0
2024-07-04 13:00:00+09:00,1467.0,1471.0,1466.0,1470.0,6300,0.0,0.0
2024-07-04 14:00:00+09:00,1469.0,1470.0,1467.0,1469.0,6600,0.0,0.0
2024-07-05 09:00:00+09:00,1472.0,1476.0,1467.0,1469.0,5200,0.0,0.0
2024-07-05 10:00:00+09:00,1468.0,1469.0,1465.0,1468.0,8100,0.0,0.0
2024-07-05 11:00:00+09:00,1468.0,1470.0,1465.0,1467.0,0,0.0,0.0
2024-07-05 12:00:00+09:00,1464.0,1465.0,1459.0,1459.0,26900,0.0,0.0
2024-07-05 13:00:00+09:00,1459.0,1465.0,1458.0,1464.0,8900,0.0,0.0
2024-07-05 14:00:00+09:00,1463.0,1464.0,1461.0,1464.0,6900,0.0,0.0
2024-07-08 09:00:00+09:00,1465.0,1470.0,1463.0,1463.0,7100,0.0,0.0
2024-07-08 10:00:00+09:00,1462.0,1464.0,1458.0,1464.0,2900,0.0,0.0
2024-07-08 11:00:00+09:00,1463.0,1467.0,1461.0,1467.0,0,0.0,0.0
2024-07-08 12:00:00+09:00,1467.0,1470.0,1467.0,1468.0,14800,0.0,0.0
2024-07-08 13:00:00+09:00,1468.0,1468.0,1463.0,1464.0,5100,0.0,0.0
2024-07-08 14:00:00+09:00,1463.0,1464.0,1459.0,1462.0,11400,0.0,0.0
2024-07-09 09:00:00+09:00,1471.0,1478.0,1467.0,1473.0,18800,0.0,0.0
2024-07-09 10:00:00+09:00,1472.0,1472.0,1469.0,1470.0,5100,0.0,0.0
2024-07-09 11:00:00+09:00,1470.0,1475.0,1470.0,1473.0,0,0.0,0.0
2024-07-09 12:00:00+09:00,1475.0,1479.0,1475.0,1477.0,41000,0.0,0.0
2024-07-09 13:00:00+09:00,1478.0,1479.0,1475.0,1479.0,6500,0.0,0.0
2024-07-09 14:00:00+09:00,1479.0,1479.0,1476.0,1478.0,9500,0.0,0.0
2024-07-10 09:00:00+09:00,1478.0,1479.0,1472.0,1476.0,10000,0.0,0.0
2024-07-10 10:00:00+09:00,1474.0,1475.0,1470.0,1473.0,5600,0.0,0.0
2024-07-10 11:00:00+09:00,1475.0,1475.0,1475.0,1475.0,0,0.0,0.0
2024-07-10 12:00:00+09:00,1479.0,1479.0,1473.0,1475.0,23700,0.0,0.0
2024-07-10 13:00:00+09:00,1474.0,1474.0,1472.0,1472.0,4900,0.0,0.0
2024-07-10 14:00:00+09:00,1473.0,1485.0,1473.0,1485.0,19500,0.0,0.0
2024-07-11 09:00:00+09:00,1494.0,1496.0,1481.0,1486.0,14800,0.0,0.0
2024-07-11 10:00:00+09:00,1487.0,1489.0,1487.0,1489.0,5200,0.0,0.0
2024-07-11 11:00:00+09:00,1489.0,1489.0,1487.0,1487.0,0,0.0,0.0
2024-07-11 12:00:00+09:00,1488.0,1490.0,1488.0,1489.0,25500,0.0,0.0
2024-07-11 13:00:00+09:00,1489.0,1490.0,1488.0,1489.0,4300,0.0,0.0
2024-07-11 14:00:00+09:00,1489.0,1489.0,1487.0,1488.0,5900,0.0,0.0
2024-07-12 09:00:00+09:00,1494.0,1513.0,1492.0,1510.0,54300,0.0,0.0
2024-07-12 10:00:00+09:00,1511.0,1514.0,1508.0,1510.0,6300,0.0,0.0
2024-07-12 11:00:00+09:00,1509.0,1510.0,1505.0,1508.0,0,0.0,0.0
2024-07-12 12:00:00+09:00,1510.0,1512.0,1508.0,1508.0,69500,0.0,0.0
2024-07-12 13:00:00+09:00,1507.0,1509.0,1507.0,1507.0,6100,0.0,0.0
2024-07-12 14:00:00+09:00,1507.0,1508.0,1504.0,1508.0,9300,0.0,0.0
2024-07-16 09:00:00+09:00,1518.0,1520.0,1495.0,1501.0,19600,0.0,0.0
2024-07-16 10:00:00+09:00,1502.0,1505.0,1499.0,1505.0,2100,0.0,0.0
2024-07-16 11:00:00+09:00,1504.0,1505.0,1503.0,1505.0,0,0.0,0.0
2024-07-16 12:00:00+09:00,1510.0,1514.0,1508.0,1508.0,29700,0.0,0.0
2024-07-16 13:00:00+09:00,1507.0,1507.0,1502.0,1503.0,0,0.0,0.0
2024-07-16 14:00:00+09:00,1503.0,1504.0,1501.0,1503.0,0,0.0,0.0
2024-07-17 09:00:00+09:00,1515.0,1515.0,1505.0,1506.0,6700,0.0,0.0
2024-07-17 10:00:00+09:00,1507.0,1508.0,1506.0,1508.0,2800,0.0,0.0
2024-07-17 11:00:00+09:00,1509.0,1509.0,1507.0,1509.0,0,0.0,0.0
2024-07-17 12:00:00+09:00,1505.0,1508.0,1505.0,1508.0,13700,0.0,0.0
2024-07-17 13:00:00+09:00,1507.0,1509.0,1506.0,1506.0,3900,0.0,0.0
2024-07-17 14:00:00+09:00,1507.0,1508.0,1506.0,1506.0,3800,0.0,0.0
2024-07-18 09:00:00+09:00,1496.0,1504.0,1490.0,1500.0,8600,0.0,0.0
2024-07-18 10:00:00+09:00,1503.0,1507.0,1503.0,1507.0,2100,0.0,0.0
2024-07-18 11:00:00+09:00,1506.0,1510.0,1505.0,1510.0,0,0.0,0.0
2024-07-18 12:00:00+09:00,1510.0,1510.0,1507.0,1507.0,14600,0.0,0.0
2024-07-18 13:00:00+09:00,1506.0,1509.0,1506.0,1507.0,1900,0.0,0.0
2024-07-18 14:00:00+09:00,1506.0,1507.0,1503.0,1504.0,6500,0.0,0.0
2024-07-19 09:00:00+09:00,1501.0,1503.0,1497.0,1501.0,4300,0.0,0.0
2024-07-19 10:00:00+09:00,1501.0,1501.0,1498.0,1498.0,3200,0.0,0.0
2024-07-19 11:00:00+09:00,1499.0,1502.0,1499.0,1501.0,0,0.0,0.0
2024-07-19 12:00:00+09:00,1502.0,1502.0,1499.0,1502.0,13300,0.0,0.0
2024-07-19 13:00:00+09:00,1502.0,1504.0,1500.0,1504.0,2800,0.0,0.0
2024-07-19 14:00:00+09:00,1504.0,1505.0,1501.0,1504.0,9800,0.0,0.0
2024-07-22 09:00:00+09:00,1500.0,1504.0,1492.0,1495.0,8500,0.0,0.0
2024-07-22 10:00:00+09:00,1495.0,1503.0,1493.0,1500.0,5500,0.0,0.0
2024-07-22 11:00:00+09:00,1501.0,1504.0,1501.0,1504.0,0,0.0,0.0
2024-07-22 12:00:00+09:00,1504.0,1504.0,1498.0,1498.0,18500,0.0,0.0
2024-07-22 13:00:00+09:00,1497.0,1500.0,1493.0,1500.0,3900,0.0,0.0
2024-07-22 14:00:00+09:00,1500.0,1500.0,1495.0,1498.0,5700,0.0,0.0
2024-07-23 09:00:00+09:00,1492.0,1502.0,1492.0,1496.0,3300,0.0,0.0
2024-07-23 10:00:00+09:00,1495.0,1498.0,1494.0,1498.0,1500,0.0,0.0
2024-07-23 11:00:00+09:00,1497.0,1500.0,1495.0,1500.0,0,0.0,0.0
2024-07-23 12:00:00+09:00,1500.0,1500.0,1494.0,1495.0,9000,0.0,0.0
2024-07-23 13:00:00+09:00,1494.0,1499.0,1494.0,1499.0,700,0.0,0.0
2024-07-23 14:00:00+09:00,1499.0,1502.0,1499.0,1500.0,3900,0.0,0.0
2024-07-24 09:00:00+09:00,1502.0,1502.0,1493.0,1493.0,0,0.0,0.0
2024-07-24 10:00:00+09:00,1493.0,1497.0,1491.0,1497.0,3800,0.0,0.0
2024-07-24 11:00:00+09:00,1495.0,1495.0,1493.0,1495.0,0,0.0,0.0
2024-07-24 12:00:00+09:00,1492.0,1493.0,1490.0,1490.0,11800,0.0,0.0
2024-07-24 13:00:00+09:00,1491.0,1491.0,1484.0,1487.0,0,0.0,0.0
2024-07-24 14:00:00+09:00,1486.0,1488.0,1485.0,1486.0,26500,0.0,0.0
2024-07-25 09:00:00+09:00,1475.0,1498.0,1475.0,1492.0,14000,0.0,0.0
2024-07-25 10:00:00+09:00,1494.0,1501.0,1493.0,1501.0,10800,0.0,0.0
2024-07-25 11:00:00+09:00,1500.0,1508.0,1500.0,1508.0,0,0.0,0.0
2024-07-25 12:00:00+09:00,1507.0,1509.0,1494.0,1498.0,43900,0.0,0.0
2024-07-25 13:00:00+09:00,1498.0,1502.0,1496.0,1498.0,5300,0.0,0.0
2024-07-25 14:00:00+09:00,1496.0,1496.0,1490.0,1490.0,9600,0.0,0.0
2024-07-26 09:00:00+09:00,1491.0,1491.0,1480.0,1484.0,4700,0.0,0.0
2024-07-26 10:00:00+09:00,1486.0,1489.0,1477.0,1481.0,6000,0.0,0.0
2024-07-26 11:00:00+09:00,1480.0,1488.0,1480.0,1488.0,0,0.0,0.0
2024-07-26 12:00:00+09:00,1488.0,1489.0,1483.0,1487.0,17200,0.0,0.0
2024-07-26 13:00:00+09:00,1489.0,1498.0,1489.0,1494.0,7000,0.0,0.0
2024-07-26 14:00:00+09:00,1494.0,1495.0,1490.0,1490.0,7500,0.0,0.0
2024-07-29 09:00:00+09:00,1508.0,1508.0,1495.0,1503.0,9000,0.0,0.0
2024-07-29 10:00:00+09:00,1503.0,1506.0,1500.0,1500.0,4700,0.0,0.0
2024-07-29 11:00:00+09:00,1500.0,1505.0,1500.0,1505.0,0,0.0,0.0
2024-07-29 12:00:00+09:00,1502.0,1510.0,1500.0,1505.0,22300,0.0,0.0
2024-07-29 13:00:00+09:00,1505.0,1509.0,1505.0,1508.0,4200,0.0,0.0
2024-07-29 14:00:00+09:00,1509.0,1513.0,1508.0,1513.0,12500,0.0,0.0
2024-07-30 09:00:00+09:00,1498.0,1504.0,1495.0,1502.0,10800,0.0,0.0
2024-07-30 10:00:00+09:00,1501.0,1501.0,1494.0,1498.0,4300,0.0,0.0
2024-07-30 11:00:00+09:00,1499.0,1502.0,1497.0,1499.0,0,0.0,0.0
2024-07-30 12:00:00+09:00,1500.0,1500.0,1499.0,1500.0,22300,0.0,0.0
2024-07-30 13:00:00+09:00,1500.0,1500.0,1499.0,1499.0,3200,0.0,0.0
2024-07-30 14:00:00+09:00,1499.0,1504.0,1499.0,1502.0,6800,0.0,0.0
2024-07-31 09:00:00+09:00,1498.0,1503.0,1493.0,1501.0,13000,0.0,0.0
2024-07-31 10:00:00+09:00,1499.0,1507.0,1499.0,1504.0,2900,0.0,0.0
2024-07-31 11:00:00+09:00,1503.0,1505.0,1501.0,1505.0,0,0.0,0.0
2024-07-31 12:00:00+09:00,1504.0,1509.0,1502.0,1505.0,21100,0.0,0.0
2024-07-31 13:00:00+09:00,1506.0,1513.0,1506.0,1511.0,7500,0.0,0.0
2024-07-31 14:00:00+09:00,1510.0,1521.0,1510.0,1518.0,26400,0.0,0.0
2024-08-01 09:00:00+09:00,1515.0,1515.0,1493.0,1495.0,9800,0.0,0.0
2024-08-01 10:00:00+09:00,1494.0,1494.0,1487.0,1493.0,8000,0.0,0.0
2024-08-01 11:00:00+09:00,1491.0,1499.0,1490.0,1499.0,0,0.0,0.0
2024-08-01 12:00:00+09:00,1505.0,1505.0,1493.0,1493.0,26000,0.0,0.0
2024-08-01 13:00:00+09:00,1492.0,1496.0,1491.0,1494.0,4600,0.0,0.0
2024-08-01 14:00:00+09:00,1494.0,1507.0,1494.0,1503.0,9000,0.0,0.0
2024-08-02 09:00:00+09:00,1475.0,1488.0,1471.0,1473.0,19000,0.0,0.0
2024-08-02 10:00:00+09:00,1473.0,1491.0,1469.0,1491.0,9600,0.0,0.0
2024-08-02 11:00:00+09:00,1490.0,1490.0,1482.0,1484.0,0,0.0,0.0
2024-08-02 12:00:00+09:00,1481.0,1484.0,1475.0,1478.0,36700,0.0,0.0
2024-08-02 13:00:00+09:00,1476.0,1477.0,1470.0,1470.0,4300,0.0,0.0
2024-08-02 14:00:00+09:00,1473.0,1473.0,1463.0,1466.0,14100,0.0,0.0
2024-08-05 09:00:00+09:00,1444.0,1467.0,1443.0,1467.0,47300,0.0,0.0
2024-08-05 10:00:00+09:00,1467.0,1473.0,1459.0,1461.0,11100,0.0,0.0
2024-08-05 11:00:00+09:00,1461.0,1477.0,1460.0,1477.0,0,0.0,0.0
2024-08-05 12:00:00+09:00,1473.0,1478.0,1455.0,1455.0,85300,0.0,0.0
2024-08-05 13:00:00+09:00,1454.0,1454.0,1431.0,1431.0,22200,0.0,0.0
2024-08-05 14:00:00+09:00,1431.0,1431.0,1381.0,1389.0,54300,0.0,0.0
2024-08-06 09:00:00+09:00,1424.0,1478.0,1424.0,1478.0,34700,0.0,0.0
2024-08-06 10:00:00+09:00,1480.0,1481.0,1434.0,1453.0,17400,0.0,0.0
2024-08-06 11:00:00+09:00,1455.0,1468.0,1454.0,1468.0,0,0.0,0.0
2024-08-06 12:00:00+09:00,1468.0,1468.0,1459.0,1464.0,64800,0.0,0.0
2024-08-06 13:00:00+09:00,1463.0,1463.0,1448.0,1448.0,9500,0.0,0.0
2024-08-06 14:00:00+09:00,1448.0,1466.0,1436.0,1461.0,19300,0.0,0.0
2024-08-07 09:00:00+09:00,1458.0,1470.0,1451.0,1464.0,10000,0.0,0.0
2024-08-07 10:00:00+09:00,1461.0,1485.0,1459.0,1480.0,3800,0.0,0.0
2024-08-07 11:00:00+09:00,1480.0,1481.0,1473.0,1477.0,0,0.0,0.0
2024-08-07 12:00:00+09:00,1486.0,1486.0,1478.0,1481.0,20900,0.0,0.0
2024-08-07 13:00:00+09:00,1481.0,1482.0,1476.0,1482.0,5500,0.0,0.0
2024-08-07 14:00:00+09:00,1482.0,1486.0,1470.0,1480.0,9300,0.0,0.0
2024-08-08 09:00:00+09:00,1450.0,1480.0,1448.0,1476.0,11500,0.0,0.0
2024-08-08 10:00:00+09:00,1478.0,1481.0,1474.0,1474.0,2600,0.0,0.0
2024-08-08 11:00:00+09:00,1479.0,1485.0,1479.0,1483.0,0,0.0,0.0
2024-08-08 12:00:00+09:00,1484.0,1485.0,1479.0,1479.0,19900,0.0,0.0
2024-08-08 13:00:00+09:00,1479.0,1479.0,1470.0,1477.0,4000,0.0,0.0
2024-08-08 14:00:00+09:00,1478.0,1478.0,1465.0,1470.0,7800,0.0,0.0
2024-08-09 09:00:00+09:00,1494.0,1494.0,1474.0,1485.0,19500,0.0,0.0
2024-08-09 10:00:00+09:00,1485.0,1489.0,1481.0,1484.0,3900,0.0,0.0
2024-08-09 11:00:00+09:00,1480.0,1481.0,1477.0,1478.0,0,0.0,0.0
2024-08-09 12:00:00+09:00,1488.0,1488.0,1478.0,1481.0,26200,0.0,0.0
2024-08-09 13:00:00+09:00,1483.0,1484.0,1464.0,1464.0,4400,0.0,0.0
2024-08-09 14:00:00+09:00,1462.0,1478.0,1462.0,1478.0,9400,0.0,0.0
2024-08-13 09:00:00+09:00,1487.0,1487.0,1469.0,1474.0,4700,0.0,0.0
2024-08-13 10:00:00+09:00,1475.0,1489.0,1475.0,1483.0,5300,0.0,0.0
2024-08-13 11:00:00+09:00,1482.0,1485.0,1482.0,1485.0,0,0.0,0.0
2024-08-13 12:00:00+09:00,1485.0,1492.0,1485.0,1489.0,13600,0.0,0.0
2024-08-13 13:00:00+09:00,1490.0,1490.0,1486.0,1489.0,2200,0.0,0.0
2024-08-13 14:00:00+09:00,1487.0,1494.0,1486.0,1492.0,9700,0.0,0.0
2024-08-14 09:00:00+09:00,1496.0,1498.0,1490.0,1496.0,5000,0.0,0.0
2024-08-14 10:00:00+09:00,1497.0,1506.0,1497.0,1506.0,8300,0.0,0.0
2024-08-14 11:00:00+09:00,1504.0,1504.0,1497.0,1498.0,0,0.0,0.0
2024-08-14 12:00:00+09:00,1499.0,1507.0,1499.0,1504.0,21000,0.0,0.0
2024-08-14 13:00:00+09:00,1504.0,1504.0,1496.0,1499.0,3900,0.0,0.0
2024-08-14 14:00:00+09:00,1498.0,1510.0,1498.0,1510.0,14400,0.0,0.0
2024-08-15 09:00:00+09:00,1514.0,1514.0,1498.0,1505.0,25200,0.0,0.0
2024-08-15 10:00:00+09:00,1505.0,1508.0,1501.0,1501.0,2000,0.0,0.0
2024-08-15 11:00:00+09:00,1501.0,1504.0,1501.0,1504.0,0,0.0,0.0
2024-08-15 12:00:00+09:00,1500.0,1508.0,1500.0,1503.0,31400,0.0,0.0
2024-08-15 13:00:00+09:00,1504.0,1506.0,1500.0,1500.0,3200,0.0,0.0
2024-08-15 14:00:00+09:00,1500.0,1508.0,1495.0,1507.0,7500,0.0,0.0
2024-08-16 09:00:00+09:00,1514.0,1515.0,1487.0,1487.0,17900,0.0,0.0
2024-08-16 10:00:00+09:00,1488.0,1496.0,1488.0,1496.0,2900,0.0,0.0
2024-08-16 11:00:00+09:00,1498.0,1498.0,1491.0,1496.0,0,0.0,0.0
2024-08-16 12:00:00+09:00,1496.0,1497.0,1494.0,1497.0,26400,0.0,0.0
2024-08-16 13:00:00+09:00,1497.0,1502.0,1497.0,1502.0,2400,0.0,0.0
2024-08-16 14:00:00+09:00,1504.0,1506.0,1500.0,1506.0,5300,0.0,0.0
2024-08-19 09:00:00+09:00,1504.0,1504.0,1493.0,1501.0,7600,0.0,0.0
2024-08-19 10:00:00+09:00,1500.0,1503.0,1497.0,1497.0,3700,0.0,0.0
2024-08-19 11:00:00+09:00,1497.0,1497.0,1497.0,1497.0,0,0.0,0.0
2024-08-19 12:00:00+09:00,1497.0,1500.0,1491.0,1492.0,14600,0.0,0.0
2024-08-19 13:00:00+09:00,1493.0,1494.0,1489.0,1493.0,4100,0.0,0.0
2024-08-19 14:00:00+09:00,1491.0,1493.0,1487.0,1487.0,7400,0.0,0.0
2024-08-20 09:00:00+09:00,1495.0,1504.0,1495.0,1497.0,5200,0.0,0.0
2024-08-20 10:00:00+09:00,1496.0,1502.0,1496.0,1499.0,1700,0.0,0.0
2024-08-20 11:00:00+09:00,1501.0,1503.0,1500.0,1501.0,0,0.0,0.0
2024-08-20 12:00:00+09:00,1505.0,1510.0,1502.0,1510.0,16000,0.0,0.0
2024-08-20 13:00:00+09:00,1509.0,1509.0,1499.0,1502.0,3200,0.0,0.0
2024-08-20 14:00:00+09:00,1504.0,1508.0,1502.0,1505.0,4700,0.0,0.0
2024-08-21 09:00:00+09:00,1500.0,1514.0,1497.0,1512.0,8100,0.0,0.0
2024-08-21 10:00:00+09:00,1511.0,1511.0,1503.0,1503.0,1500,0.0,0.0
2024-08-21 11:00:00+09:00,1503.0,1503.0,1503.0,1503.0,0,0.0,0.0
2024-08-21 12:00:00+09:00,1503.0,1510.0,1503.0,1507.0,13400,0.0,0.0
2024-08-21 13:00:00+09:00,1506.0,1510.0,1506.0,1510.0,1800,0.0,0.0
2024-08-21 14:00:00+09:00,1511.0,1511.0,1507.0,1507.0,3100,0.0,0.0
2024-08-22 09:00:00+09:00,1514.0,1525.0,1514.0,1525.0,17300,0.0,0.0
2024-08-22 10:00:00+09:00,1525.0,1528.0,1523.0,1528.0,9000,0.0,0.0
2024-08-22 11:00:00+09:00,1526.0,1526.0,1524.0,1524.0,0,0.0,0.0
2024-08-22 12:00:00+09:00,1524.0,1524.0,1518.0,1519.0,31500,0.0,0.0
2024-08-22 13:00:00+09:00,1521.0,1525.0,1521.0,1524.0,2900,0.0,0.0
2024-08-22 14:00:00+09:00,1525.0,1528.0,1525.0,1528.0,9900,0.0,0.0
2024-08-23 09:00:00+09:00,1529.0,1538.0,1528.0,1538.0,12500,0.0,0.0
2024-08-23 10:00:00+09:00,1537.0,1537.0,1532.0,1533.0,2800,0.0,0.0
2024-08-23 11:00:00+09:00,1532.0,1535.0,1532.0,1535.0,0,0.0,0.0
2024-08-23 12:00:00+09:00,1535.0,1540.0,1534.0,1534.0,20500,0.0,0.0
2024-08-23 13:00:00+09:00,1534.0,1536.0,1533.0,1535.0,2200,0.0,0.0
2024-08-23 14:00:00+09:00,1535.0,1535.0,1530.0,1533.0,5900,0.0,0.0
2024-08-26 09:00:00+09:00,1535.0,1540.0,1531.0,1534.0,9000,0.0,0.0
2024-08-26 10:00:00+09:00,1532.0,1537.0,1529.0,1536.0,4900,0.0,0.0
2024-08-26 11:00:00+09:00,1537.0,1539.0,1536.0,1537.0,0,0.0,0.0
2024-08-26 12:00:00+09:00,1529.0,1537.0,1529.0,1535.0,18700,0.0,0.0
2024-08-26 13:00:00+09:00,1536.0,1538.0,1535.0,1537.0,2400,0.0,0.0
2024-08-26 14:00:00+09:00,1537.0,1539.0,1535.0,1537.0,5700,0.0,0.0
2024-08-27 09:00:00+09:00,1537.0,1544.0,1536.0,1540.0,17400,0.0,0.0
2024-08-27 10:00:00+09:00,1540.0,1540.0,1533.0,1535.0,0,0.0,0.0
2024-08-27 11:00:00+09:00,1537.0,1539.0,1537.0,1538.0,0,0.0,0.0
2024-08-27 12:00:00+09:00,1539.0,1543.0,1537.0,1542.0,27400,0.0,0.0
2024-08-27 13:00:00+09:00,1541.0,1543.0,1535.0,1535.0,3000,0.0,0.0
2024-08-27 14:00:00+09:00,1535.0,1539.0,1535.0,1537.0,8000,0.0,0.0
2024-08-28 09:00:00+09:00,1541.0,1541.0,1522.0,1524.0,7800,0.0,0.0
2024-08-28 10:00:00+09:00,1524.0,1532.0,1522.0,1530.0,2400,0.0,0.0
2024-08-28 11:00:00+09:00,1530.0,1532.0,1530.0,1532.0,0,0.0,0.0
2024-08-28 12:00:00+09:00,1530.0,1532.0,1530.0,1530.0,11900,0.0,0.0
2024-08-28 13:00:00+09:00,1529.0,1530.0,1527.0,1530.0,2000,0.0,0.0
2024-08-28 14:00:00+09:00,1529.0,1532.0,1528.0,1529.0,3500,0.0,0.0
2024-08-29 09:00:00+09:00,1520.0,1530.0,1520.0,1520.0,5000,0.0,0.0
2024-08-29 10:00:00+09:00,1521.0,1521.0,1515.0,1519.0,2400,0.0,0.0
2024-08-29 11:00:00+09:00,1518.0,1518.0,1515.0,1517.0,0,0.0,0.0
2024-08-29 12:00:00+09:00,1519.0,1519.0,1517.0,1518.0,12700,0.0,0.0
2024-08-29 13:00:00+09:00,1517.0,1518.0,1516.0,1518.0,1200,0.0,0.0
2024-08-29 14:00:00+09:00,1518.0,1523.0,1516.0,1523.0,4000,0.0,0.0
2024-08-30 09:00:00+09:00,1521.0,1530.0,1521.0,1524.0,16300,0.0,0.0
2024-08-30 10:00:00+09:00,1523.0,1524.0,1519.0,1521.0,4700,0.0,0.0
2024-08-30 11:00:00+09:00,1522.0,1522.0,1518.0,1521.0,0,0.0,0.0
2024-08-30 12:00:00+09:00,1523.0,1524.0,1521.0,1524.0,27600,0.0,0.0
2024-08-30 13:00:00+09:00,1524.0,1524.0,1521.0,1522.0,2600,0.0,0.0
2024-08-30 14:00:00+09:00,1522.0,1529.0,1521.0,1529.0,7800,0.0,0.0
2024-09-02 09:00:00+09:00,1529.0,1529.0,1509.0,1510.0,16400,0.0,0.0
2024-09-02 10:00:00+09:00,1509.0,1512.0,1507.0,1512.0,5600,0.0,0.0
2024-09-02 11:00:00+09:00,1511.0,1511.0,1507.0,1507.0,0,0.0,0.0
2024-09-02 12:00:00+09:00,1510.0,1511.0,1507.0,1509.0,25900,0.0,0.0
2024-09-02 13:00:00+09:00,1509.0,1514.0,1508.0,1514.0,6200,0.0,0.0
2024-09-02 14:00:00+09:00,1515.0,1516.0,1512.0,1513.0,4400,0.0,0.0
2024-09-03 09:00:00+09:00,1510.0,1525.0,1509.0,1517.0,9900,0.0,0.0
2024-09-03 10:00:00+09:00,1519.0,1519.0,1514.0,1516.0,3400,0.0,0.0
2024-09-03 11:00:00+09:00,1518.0,1521.0,1518.0,1521.0,0,0.0,0.0
2024-09-03 12:00:00+09:00,1521.0,1521.0,1520.0,1520.0,16300,0.0,0.0
2024-09-03 13:00:00+09:00,1520.0,1523.0,1518.0,1521.0,2100,0.0,0.0
2024-09-03 14:00:00+09:00,1522.0,1522.0,1518.0,1521.0,3500,0.0,0.0
2024-09-04 09:00:00+09:00,1510.0,1525.0,1505.0,1511.0,8400,0.0,0.0
2024-09-04 10:00:00+09:00,1510.0,1515.0,1510.0,1512.0,3000,0.0,0.0
2024-09-04 11:00:00+09:00,1512.0,1512.0,1506.0,1512.0,0,0.0,0.0
2024-09-04 12:00:00+09:00,1508.0,1509.0,1504.0,1504.0,17100,0.0,0.0
2024-09-04 13:00:00+09:00,1505.0,1506.0,1502.0,1505.0,3000,0.0,0.0
2024-09-04 14:00:00+09:00,1504.0,1505.0,1499.0,1501.0,18800,0.0,0.0
2024-09-05 09:00:00+09:00,1497.0,1502.0,1494.0,1498.0,12300,0.0,0.0
2024-09-05 10:00:00+09:00,1499.0,1504.0,1499.0,1501.0,3100,0.0,0.0
2024-09-05 11:00:00+09:00,1501.0,1503.0,1497.0,1500.0,0,0.0,0.0
2024-09-05 12:00:00+09:00,1498.0,1500.0,1488.0,1488.0,27600,0.0,0.0
2024-09-05 13:00:00+09:00,1487.0,1491.0,1476.0,1483.0,13900,0.0,0.0
2024-09-05 14:00:00+09:00,1484.0,1491.0,1481.0,1487.0,17200,0.0,0.0
2024-09-06 09:00:00+09:00,1460.0,1476.0,1448.0,1460.0,54100,0.0,0.0
2024-09-06 10:00:00+09:00,1461.0,1473.0,1460.0,1469.0,3000,0.0,0.0
2024-09-06 11:00:00+09:00,1474.0,1477.0,1472.0,1472.0,0,0.0,0.0
2024-09-06 12:00:00+09:00,1475.0,1475.0,1468.0,1471.0,64700,0.0,0.0
2024-09-06 13:00:00+09:00,1472.0,1472.0,1463.0,1467.0,5300,0.0,0.0
2024-09-06 14:00:00+09:00,1468.0,1477.0,1466.0,1468.0,12000,0.0,0.0
2024-09-09 09:00:00+09:00,1451.0,1481.0,1450.0,1460.0,24800,0.0,0.0
2024-09-09 10:00:00+09:00,1460.0,1470.0,1460.0,1470.0,4100,0.0,0.0
2024-09-09 11:00:00+09:00,1471.0,1472.0,1470.0,1472.0,0,0.0,0.0
2024-09-09 12:00:00+09:00,1475.0,1476.0,1465.0,1465.0,36900,0.0,0.0
2024-09-09 13:00:00+09:00,1463.0,1474.0,1463.0,1469.0,7100,0.0,0.0
2024-09-09 14:00:00+09:00,1471.0,1472.0,1466.0,1472.0,7100,0.0,0.0
2024-09-10 09:00:00+09:00,1478.0,1489.0,1477.0,1479.0,9000,0.0,0.0
2024-09-10 10:00:00+09:00,1480.0,1480.0,1473.0,1478.0,2300,0.0,0.0
2024-09-10 11:00:00+09:00,1474.0,1475.0,1471.0,1473.0,0,0.0,0.0
2024-09-10 12:00:00+09:00,1469.0,1479.0,1467.0,1467.0,19200,0.0,0.0
2024-09-10 13:00:00+09:00,1467.0,1467.0,1463.0,1465.0,2300,0.0,0.0
2024-09-10 14:00:00+09:00,1464.0,1465.0,1460.0,1464.0,8100,0.0,0.0
2024-09-11 09:00:00+09:00,1458.0,1458.0,1437.0,1437.0,27700,0.0,0.0
2024-09-11 10:00:00+09:00,1439.0,1439.0,1429.0,1429.0,11400,0.0,0.0
2024-09-11 11:00:00+09:00,1428.0,1428.0,1423.0,1423.0,0,0.0,0.0
2024-09-11 12:00:00+09:00,1423.0,1423.0,1412.0,1412.0,58800,0.0,0.0
2024-09-11 13:00:00+09:00,1411.0,1417.0,1406.0,1408.0,11200,0.0,0.0
2024-09-11 14:00:00+09:00,1408.0,1409.0,1395.0,1402.0,37100,0.0,0.0
2024-09-12 09:00:00+09:00,1414.0,1423.0,1400.0,1418.0,22700,0.0,0.0
2024-09-12 10:00:00+09:00,1417.0,1418.0,1413.0,1418.0,4600,0.0,0.0
2024-09-12 11:00:00+09:00,1420.0,1421.0,1418.0,1420.0,0,0.0,0.0
2024-09-12 12:00:00+09:00,1420.0,1423.0,1418.0,1423.0,33800,0.0,0.0
2024-09-12 13:00:00+09:00,1423.0,1424.0,1420.0,1420.0,4400,0.0,0.0
2024-09-12 14:00:00+09:00,1420.0,1426.0,1420.0,1422.0,8600,0.0,0.0
2024-09-13 09:00:00+09:00,1412.0,1426.0,1412.0,1417.0,29500,0.0,0.0
2024-09-13 10:00:00+09:00,1416.0,1419.0,1414.0,1418.0,2200,0.0,0.0
2024-09-13 11:00:00+09:00,1417.0,1417.0,1415.0,1416.0,0,0.0,0.0
2024-09-13 12:00:00+09:00,1417.0,1421.0,1415.0,1420.0,36200,0.0,0.0
2024-09-13 13:00:00+09:00,1420.0,1421.0,1418.0,1418.0,2600,0.0,0.0
2024-09-13 14:00:00+09:00,1421.0,1427.0,1421.0,1427.0,4400,0.0,0.0
