Datetime,Open,High,Low,Close,Volume,Dividends,Stock Splits
2022-08-04 09:30:00-04:00,8.850000381469727,9.0,8.819999694824219,8.930000305175781,0,0.0,0.0
2022-08-04 10:30:00-04:00,8.850000381469727,8.850000381469727,8.75,8.789999961853027,2841,0.0,0.0
2022-08-04 11:30:00-04:00,8.779999732971191,8.779999732971191,8.779999732971191,8.779999732971191,1108,0.0,0.0
2022-08-04 12:30:00-04:00,8.760000228881836,8.772100448608398,8.704500198364258,8.770000457763672,5089,0.0,0.0
2022-08-04 13:30:00-04:00,8.774999618530273,8.819999694824219,8.774999618530273,8.819999694824219,2273,0.0,0.0
2022-08-04 14:30:00-04:00,8.8100004196167,8.8100004196167,8.729999542236328,8.729999542236328,6738,0.0,0.0
2022-08-04 15:30:00-04:00,8.739999771118164,8.75,8.710000038146973,8.75,9089,0.0,0.0
2022-08-05 09:30:00-04:00,8.6899995803833,8.850000381469727,8.520000457763672,8.829999923706055,14020,0.0,0.0
2022-08-05 10:30:00-04:00,8.869999885559082,8.899999618530273,8.760000228881836,8.760000228881836,4530,0.0,0.0
2022-08-05 11:30:00-04:00,8.75,8.800000190734863,8.75,8.779999732971191,3337,0.0,0.0
2022-08-05 12:30:00-04:00,8.8100004196167,8.84000015258789,8.765000343322754,8.813699722290039,5186,0.0,0.0
2022-08-05 13:30:00-04:00,8.8149995803833,8.880000114440918,8.8100004196167,8.880000114440918,7591,0.0,0.0
2022-08-05 14:30:00-04:00,8.880000114440918,8.880000114440918,8.8149995803833,8.84000015258789,6391,0.0,0.0
2022-08-05 15:30:00-04:00,8.835000038146973,8.90999984741211,8.835000038146973,8.880000114440918,8659,0.0,0.0
2022-08-08 09:30:00-04:00,9.0,9.199999809265137,9.0,9.055000305175781,19497,0.0,0.0
2022-08-08 10:30:00-04:00,9.053000450134277,9.119999885559082,9.050000190734863,9.050000190734863,6324,0.0,0.0
2022-08-08 11:30:00-04:00,9.020000457763672,9.020000457763672,8.869999885559082,8.895000457763672,3940,0.0,0.0
2022-08-08 12:30:00-04:00,8.895000457763672,8.930000305175781,8.670000076293945,8.739999771118164,9969,0.0,0.0
2022-08-08 13:30:00-04:00,8.729999542236328,8.729999542236328,8.520000457763672,8.524999618530273,24111,0.0,0.0
2022-08-08 14:30:00-04:00,8.539999961853027,8.670000076293945,8.520000457763672,8.609999656677246,22193,0.0,0.0
2022-08-08 15:30:00-04:00,8.609999656677246,8.670000076293945,8.5,8.5,24312,0.0,0.0
2022-08-09 09:30:00-04:00,8.5600004196167,8.5600004196167,8.359999656677246,8.4399995803833,0,0.0,0.0
2022-08-09 10:30:00-04:00,8.460000038146973,8.489999771118164,8.40999984741211,8.420000076293945,7412,0.0,0.0
2022-08-09 11:30:00-04:00,8.380000114440918,8.385000228881836,8.350000381469727,8.380000114440918,2602,0.0,0.0
2022-08-09 12:30:00-04:00,8.36460018157959,8.390000343322754,8.329999923706055,8.390000343322754,6787,0.0,0.0
2022-08-09 13:30:00-04:00,8.350000381469727,8.359999656677246,8.329999923706055,8.329999923706055,5063,0.0,0.0
2022-08-09 14:30:00-04:00,8.340900421142578,8.359999656677246,8.300000190734863,8.34000015258789,9904,0.0,0.0
2022-08-09 15:30:00-04:00,8.34000015258789,8.430000305175781,8.324999809265137,8.399999618530273,34020,0.0,0.0
2022-08-10 09:30:00-04:00,8.609999656677246,8.829999923706055,8.145000457763672,8.460000038146973,50894,0.0,0.0
2022-08-10 10:30:00-04:00,8.460000038146973,8.489999771118164,8.329999923706055,8.425000190734863,13993,0.0,0.0
2022-08-10 11:30:00-04:00,8.414999961853027,8.510000228881836,8.399999618530273,8.5,4765,0.0,0.0
2022-08-10 12:30:00-04:00,8.489999771118164,8.5,8.4399995803833,8.454999923706055,5144,0.0,0.0
2022-08-10 13:30:00-04:00,8.454999923706055,8.585000038146973,8.454999923706055,8.5649995803833,8803,0.0,0.0
2022-08-10 14:30:00-04:00,8.569999694824219,8.59000015258789,8.510000228881836,8.59000015258789,11523,0.0,0.0
2022-08-10 15:30:00-04:00,8.579999923706055,8.65999984741211,8.550000190734863,8.65999984741211,35801,0.0,0.0
2022-08-11 09:30:00-04:00,8.75,9.244999885559082,8.569999694824219,8.595000267028809,47325,0.0,0.0
2022-08-11 10:30:00-04:00,8.595000267028809,8.670000076293945,8.460000038146973,8.494999885559082,52855,0.0,0.0
2022-08-11 11:30:00-04:00,8.529999732971191,8.829999923706055,8.494999885559082,8.8100004196167,27457,0.0,0.0
2022-08-11 12:30:00-04:00,8.774999618530273,8.8100004196167,8.600000381469727,8.640000343322754,15779,0.0,0.0
2022-08-11 13:30:00-04:00,8.649999618530273,8.699999809265137,8.630000114440918,8.670000076293945,38879,0.0,0.0
2022-08-11 14:30:00-04:00,8.6899995803833,8.6899995803833,8.399999618530273,8.460000038146973,50165,0.0,0.0
2022-08-11 15:30:00-04:00,8.460000038146973,8.506999969482422,8.404999732971191,8.40999984741211,51418,0.0,0.0
2022-08-12 09:30:00-04:00,8.449999809265137,8.710000038146973,8.180000305175781,8.696000099182129,24139,0.0,0.0
2022-08-12 10:30:00-04:00,8.699999809265137,8.720000267028809,8.569999694824219,8.630000114440918,24863,0.0,0.0
2022-08-12 11:30:00-04:00,8.619999885559082,8.734999656677246,8.619999885559082,8.680000305175781,97226,0.0,0.0
2022-08-12 12:30:00-04:00,8.670000076293945,8.739999771118164,8.649999618530273,8.699999809265137,8094,0.0,0.0
2022-08-12 13:30:00-04:00,8.739999771118164,8.845000267028809,8.739999771118164,8.845000267028809,12596,0.0,0.0
2022-08-12 14:30:00-04:00,8.869999885559082,8.960000038146973,8.829999923706055,8.960000038146973,16520,0.0,0.0
2022-08-12 15:30:00-04:00,8.970000267028809,9.079999923706055,8.9399995803833,9.079999923706055,22049,0.0,0.0
2022-08-15 09:30:00-04:00,8.979999542236328,9.140000343322754,8.859999656677246,8.859999656677246,11960,0.0,0.0
2022-08-15 10:30:00-04:00,8.850000381469727,8.920000076293945,8.75,8.770000457763672,7605,0.0,0.0
2022-08-15 11:30:00-04:00,8.760000228881836,8.84000015258789,8.710000038146973,8.8100004196167,7283,0.0,0.0
2022-08-15 12:30:00-04:00,8.819999694824219,8.925000190734863,8.819999694824219,8.90999984741211,7250,0.0,0.0
2022-08-15 13:30:00-04:00,8.880000114440918,8.920000076293945,8.789999961853027,8.859999656677246,12480,0.0,0.0
2022-08-15 14:30:00-04:00,8.84000015258789,8.880000114440918,8.829999923706055,8.859999656677246,15819,0.0,0.0
2022-08-15 15:30:00-04:00,8.850000381469727,8.869999885559082,8.8100004196167,8.869999885559082,17131,0.0,0.0
2022-08-16 09:30:00-04:00,8.720000267028809,8.84000015258789,8.630000114440918,8.8100004196167,23550,0.0,0.0
2022-08-16 10:30:00-04:00,8.8149995803833,9.04419994354248,8.800000190734863,9.010000228881836,7692,0.0,0.0
2022-08-16 11:30:00-04:00,8.989999771118164,9.069999694824219,8.9399995803833,9.020000457763672,7091,0.0,0.0
2022-08-16 12:30:00-04:00,9.0,9.079999923706055,9.0,9.020000457763672,5957,0.0,0.0
2022-08-16 13:30:00-04:00,9.050000190734863,9.09000015258789,9.029999732971191,9.069999694824219,8877,0.0,0.0
2022-08-16 14:30:00-04:00,9.050000190734863,9.069999694824219,8.949999809265137,8.975000381469727,11626,0.0,0.0
2022-08-16 15:30:00-04:00,8.979999542236328,9.03499984741211,8.970000267028809,8.989999771118164,23194,0.0,0.0
2022-08-17 09:30:00-04:00,8.989999771118164,9.09000015258789,8.899999618530273,8.920000076293945,10929,0.0,0.0
2022-08-17 10:30:00-04:00,8.899999618530273,8.930000305175781,8.819999694824219,8.819999694824219,7574,0.0,0.0
2022-08-17 11:30:00-04:00,8.778900146484375,8.779999732971191,8.710000038146973,8.710000038146973,4226,0.0,0.0
2022-08-17 12:30:00-04:00,8.699999809265137,8.789999961853027,8.640000343322754,8.649999618530273,25614,0.0,0.0
2022-08-17 13:30:00-04:00,8.699999809265137,8.779999732971191,8.65999984741211,8.779999732971191,5626,0.0,0.0
2022-08-17 14:30:00-04:00,8.789999961853027,8.789999961853027,8.670000076293945,8.6850004196167,4863,0.0,0.0
2022-08-17 15:30:00-04:00,8.65999984741211,8.680000305175781,8.654999732971191,8.680000305175781,11799,0.0,0.0
2022-08-18 09:30:00-04:00,8.699999809265137,8.789999961853027,8.529999732971191,8.614999771118164,32081,0.0,0.0
2022-08-18 10:30:00-04:00,8.600000381469727,8.600000381469727,8.4350004196167,8.4350004196167,5091,0.0,0.0
2022-08-18 11:30:00-04:00,8.4399995803833,8.4399995803833,8.270000457763672,8.270000457763672,3765,0.0,0.0
2022-08-18 12:30:00-04:00,8.260000228881836,8.359999656677246,8.25,8.359999656677246,6656,0.0,0.0
2022-08-18 13:30:00-04:00,8.375300407409668,8.40999984741211,8.319999694824219,8.40999984741211,3067,0.0,0.0
2022-08-18 14:30:00-04:00,8.380000114440918,8.489999771118164,8.369999885559082,8.460000038146973,6954,0.0,0.0
2022-08-18 15:30:00-04:00,8.460000038146973,8.489999771118164,8.4399995803833,8.479999542236328,9704,0.0,0.0
2022-08-19 09:30:00-04:00,8.359999656677246,8.4350004196167,8.130000114440918,8.1899995803833,25591,0.0,0.0
2022-08-19 10:30:00-04:00,8.1899995803833,8.279999732971191,8.150099754333496,8.164999961853027,13678,0.0,0.0
2022-08-19 11:30:00-04:00,8.149999618530273,8.170000076293945,8.130000114440918,8.170000076293945,2187,0.0,0.0
2022-08-19 12:30:00-04:00,8.193499565124512,8.289999961853027,8.170000076293945,8.270000457763672,8298,0.0,0.0
2022-08-19 13:30:00-04:00,8.260000228881836,8.3100004196167,8.199999809265137,8.220000267028809,13221,0.0,0.0
2022-08-19 14:30:00-04:00,8.199999809265137,8.239999771118164,8.180000305175781,8.194999694824219,18066,0.0,0.0
2022-08-19 15:30:00-04:00,8.194999694824219,8.25,8.170000076293945,8.239999771118164,9495,0.0,0.0
2022-08-22 09:30:00-04:00,8.130000114440918,8.420000076293945,8.069999694824219,8.199999809265137,18977,0.0,0.0
2022-08-22 10:30:00-04:00,8.25,8.369999885559082,8.25,8.329999923706055,4822,0.0,0.0
2022-08-22 11:30:00-04:00,8.390000343322754,8.390000343322754,8.239999771118164,8.239999771118164,4811,0.0,0.0
2022-08-22 12:30:00-04:00,8.239999771118164,8.390000343322754,8.239999771118164,8.380000114440918,19947,0.0,0.0
2022-08-22 13:30:00-04:00,8.380000114440918,8.380000114440918,8.270000457763672,8.270000457763672,5330,0.0,0.0
2022-08-22 14:30:00-04:00,8.244999885559082,8.244999885559082,8.130000114440918,8.130000114440918,5868,0.0,0.0
2022-08-22 15:30:00-04:00,8.140000343322754,8.140000343322754,8.069999694824219,8.109999656677246,19295,0.0,0.0
2022-08-23 09:30:00-04:00,8.050000190734863,8.364999771118164,7.940000057220459,8.029999732971191,9290,0.0,0.0
2022-08-23 10:30:00-04:00,8.014599800109863,8.014599800109863,7.929999828338623,7.96999979019165,5870,0.0,0.0
2022-08-23 11:30:00-04:00,7.90500020980835,7.90500020980835,7.829999923706055,7.829999923706055,5653,0.0,0.0
2022-08-23 12:30:00-04:00,7.807000160217285,7.841300010681152,7.807000160217285,7.829999923706055,4511,0.0,0.0
2022-08-23 13:30:00-04:00,7.829999923706055,7.8420000076293945,7.760000228881836,7.8420000076293945,4527,0.0,0.0
2022-08-23 14:30:00-04:00,7.835000038146973,7.849999904632568,7.75,7.815000057220459,7916,0.0,0.0
2022-08-23 15:30:00-04:00,7.810999870300293,7.840000152587891,7.71999979019165,7.75,25187,0.0,0.0
2022-08-24 09:30:00-04:00,7.699999809265137,7.920199871063232,7.699999809265137,7.920199871063232,3435,0.0,0.0
2022-08-24 10:30:00-04:00,7.929999828338623,8.069999694824219,7.929999828338623,8.020000457763672,25622,0.0,0.0
2022-08-24 11:30:00-04:00,7.96999979019165,8.020000457763672,7.968200206756592,8.020000457763672,2558,0.0,0.0
2022-08-24 12:30:00-04:00,7.994999885559082,7.994999885559082,7.949999809265137,7.989999771118164,5792,0.0,0.0
2022-08-24 13:30:00-04:00,7.980199813842773,7.994999885559082,7.96999979019165,7.980000019073486,6639,0.0,0.0
2022-08-24 14:30:00-04:00,7.989999771118164,8.029999732971191,7.989999771118164,8.029999732971191,4048,0.0,0.0
2022-08-24 15:30:00-04:00,8.024999618530273,8.032400131225586,7.960000038146973,8.0,11375,0.0,0.0
2022-08-25 09:30:00-04:00,8.065999984741211,8.109999656677246,7.989999771118164,8.0649995803833,9047,0.0,0.0
2022-08-25 10:30:00-04:00,8.074999809265137,8.109999656677246,8.050000190734863,8.050000190734863,4751,0.0,0.0
2022-08-25 11:30:00-04:00,8.050000190734863,8.09000015258789,8.050000190734863,8.0600004196167,1909,0.0,0.0
2022-08-25 12:30:00-04:00,8.069999694824219,8.086700439453125,8.029999732971191,8.069999694824219,3433,0.0,0.0
2022-08-25 13:30:00-04:00,8.09000015258789,8.15999984741211,8.0600004196167,8.0600004196167,3898,0.0,0.0
2022-08-25 14:30:00-04:00,8.079999923706055,8.116000175476074,8.029999732971191,8.029999732971191,4911,0.0,0.0
2022-08-25 15:30:00-04:00,8.0600004196167,8.0600004196167,7.96999979019165,8.020000457763672,11168,0.0,0.0
2022-08-26 09:30:00-04:00,8.069999694824219,8.069999694824219,7.789999961853027,7.960000038146973,11164,0.0,0.0
2022-08-26 10:30:00-04:00,7.920000076293945,7.929999828338623,7.800000190734863,7.800000190734863,5718,0.0,0.0
2022-08-26 11:30:00-04:00,7.809999942779541,7.809999942779541,7.730000019073486,7.730000019073486,2115,0.0,0.0
2022-08-26 12:30:00-04:00,7.730000019073486,7.824999809265137,7.730000019073486,7.800000190734863,7456,0.0,0.0
2022-08-26 13:30:00-04:00,7.800000190734863,7.800000190734863,7.75,7.75,6544,0.0,0.0
2022-08-26 14:30:00-04:00,7.764999866485596,7.764999866485596,7.679999828338623,7.679999828338623,12940,0.0,0.0
2022-08-26 15:30:00-04:00,7.644999980926514,7.760000228881836,7.644999980926514,7.724999904632568,13582,0.0,0.0
2022-08-29 09:30:00-04:00,7.657100200653076,7.748300075531006,7.524899959564209,7.748300075531006,9534,0.0,0.0
2022-08-29 10:30:00-04:00,7.75,7.75,7.670000076293945,7.730000019073486,10587,0.0,0.0
2022-08-29 11:30:00-04:00,7.679999828338623,7.679999828338623,7.590000152587891,7.630000114440918,2967,0.0,0.0
2022-08-29 12:30:00-04:00,7.639999866485596,7.670000076293945,7.599999904632568,7.632699966430664,6139,0.0,0.0
2022-08-29 13:30:00-04:00,7.653800010681152,7.730000019073486,7.590000152587891,7.590000152587891,5781,0.0,0.0
2022-08-29 14:30:00-04:00,7.610000133514404,7.639999866485596,7.599999904632568,7.599999904632568,2233,0.0,0.0
2022-08-29 15:30:00-04:00,7.585000038146973,7.619999885559082,7.559999942779541,7.599999904632568,7227,0.0,0.0
2022-08-30 09:30:00-04:00,7.699999809265137,7.829999923706055,7.510000228881836,7.579999923706055,17473,0.0,0.0
2022-08-30 10:30:00-04:00,7.579999923706055,7.59499979019165,7.48199987411499,7.48199987411499,5985,0.0,0.0
2022-08-30 11:30:00-04:00,7.5,7.5,7.440100193023682,7.449999809265137,1546,0.0,0.0
2022-08-30 12:30:00-04:00,7.469900131225586,7.5,7.40500020980835,7.454999923706055,7850,0.0,0.0
2022-08-30 13:30:00-04:00,7.480000019073486,7.590000152587891,7.478899955749512,7.550000190734863,3742,0.0,0.0
2022-08-30 14:30:00-04:00,7.590000152587891,7.605899810791016,7.489999771118164,7.550000190734863,9405,0.0,0.0
2022-08-30 15:30:00-04:00,7.554999828338623,7.554999828338623,7.489999771118164,7.539999961853027,10964,0.0,0.0
2022-08-31 09:30:00-04:00,7.559999942779541,7.644999980926514,7.559999942779541,7.570000171661377,5576,0.0,0.0
2022-08-31 10:30:00-04:00,7.590000152587891,7.59250020980835,7.400000095367432,7.400000095367432,6276,0.0,0.0
2022-08-31 11:30:00-04:00,7.394999980926514,7.394999980926514,7.324999809265137,7.324999809265137,2807,0.0,0.0
2022-08-31 12:30:00-04:00,7.324999809265137,7.329999923706055,7.269999980926514,7.282400131225586,4381,0.0,0.0
2022-08-31 13:30:00-04:00,7.233699798583984,7.320000171661377,7.230000019073486,7.320000171661377,4843,0.0,0.0
2022-08-31 14:30:00-04:00,7.309999942779541,7.320000171661377,7.264999866485596,7.264999866485596,4162,0.0,0.0
2022-08-31 15:30:00-04:00,7.264999866485596,7.329999923706055,7.21999979019165,7.329999923706055,10421,0.0,0.0
2022-09-01 09:30:00-04:00,7.199999809265137,7.400000095367432,7.070000171661377,7.21999979019165,14481,0.0,0.0
2022-09-01 10:30:00-04:00,7.204999923706055,7.230000019073486,7.110000133514404,7.230000019073486,9582,0.0,0.0
2022-09-01 11:30:00-04:00,7.21999979019165,7.349999904632568,7.21999979019165,7.309999942779541,8777,0.0,0.0
2022-09-01 12:30:00-04:00,7.329999923706055,7.409999847412109,7.289999961853027,7.394999980926514,10794,0.0,0.0
2022-09-01 13:30:00-04:00,7.414999961853027,7.4274001121521,7.360000133514404,7.400000095367432,9450,0.0,0.0
2022-09-01 14:30:00-04:00,7.414999961853027,7.465000152587891,7.304999828338623,7.385000228881836,25064,0.0,0.0
2022-09-01 15:30:00-04:00,7.369999885559082,7.389999866485596,7.329999923706055,7.369999885559082,41009,0.0,0.0
2022-09-02 09:30:00-04:00,7.519999980926514,7.519999980926514,6.93310022354126,7.369999885559082,3802,0.0,0.0
2022-09-02 10:30:00-04:00,7.389999866485596,7.475200176239014,7.389999866485596,7.475200176239014,3236,0.0,0.0
2022-09-02 11:30:00-04:00,7.46999979019165,7.46999979019165,7.400000095367432,7.400000095367432,3522,0.0,0.0
2022-09-02 12:30:00-04:00,7.40500020980835,7.40500020980835,7.28000020980835,7.300000190734863,4708,0.0,0.0
2022-09-02 13:30:00-04:00,7.300000190734863,7.320000171661377,7.265999794006348,7.320000171661377,3884,0.0,0.0
2022-09-02 14:30:00-04:00,7.320000171661377,7.329999923706055,7.260000228881836,7.260000228881836,5545,0.0,0.0
2022-09-02 15:30:00-04:00,7.25,7.309999942779541,7.239999771118164,7.309999942779541,10842,0.0,0.0
2022-09-06 09:30:00-04:00,7.409999847412109,7.630000114440918,7.239999771118164,7.605000019073486,22722,0.0,0.0
2022-09-06 10:30:00-04:00,7.590000152587891,7.71999979019165,7.550000190734863,7.59499979019165,25434,0.0,0.0
2022-09-06 11:30:00-04:00,7.610000133514404,7.670000076293945,7.556600093841553,7.650000095367432,11155,0.0,0.0
2022-09-06 12:30:00-04:00,7.650000095367432,7.650000095367432,7.489999771118164,7.489999771118164,11336,0.0,0.0
2022-09-06 13:30:00-04:00,7.494999885559082,7.599999904632568,7.494999885559082,7.565000057220459,9790,0.0,0.0
2022-09-06 14:30:00-04:00,7.550000190734863,7.679999828338623,7.550000190734863,7.550000190734863,18833,0.0,0.0
2022-09-06 15:30:00-04:00,7.550000190734863,7.650000095367432,7.550000190734863,7.650000095367432,18333,0.0,0.0
2022-09-07 09:30:00-04:00,7.53000020980835,7.739999771118164,7.53000020980835,7.559999942779541,16857,0.0,0.0
2022-09-07 10:30:00-04:00,7.574999809265137,7.699999809265137,7.501399993896484,7.679999828338623,8397,0.0,0.0
2022-09-07 11:30:00-04:00,7.679999828338623,7.679999828338623,7.340000152587891,7.414999961853027,15888,0.0,0.0
2022-09-07 12:30:00-04:00,7.389999866485596,7.40500020980835,7.320000171661377,7.349999904632568,14763,0.0,0.0
2022-09-07 13:30:00-04:00,7.349999904632568,7.364999771118164,7.300000190734863,7.320000171661377,12077,0.0,0.0
2022-09-07 14:30:00-04:00,7.329999923706055,7.414999961853027,7.322000026702881,7.4029998779296875,35199,0.0,0.0
2022-09-07 15:30:00-04:00,7.420000076293945,7.53000020980835,7.420000076293945,7.480000019073486,32812,0.0,0.0
2022-09-08 09:30:00-04:00,7.5,7.695000171661377,7.360000133514404,7.619999885559082,12157,0.0,0.0
2022-09-08 10:30:00-04:00,7.610000133514404,7.75,7.610000133514404,7.666399955749512,8299,0.0,0.0
2022-09-08 11:30:00-04:00,7.703800201416016,7.710000038146973,7.59499979019165,7.59499979019165,5859,0.0,0.0
2022-09-08 12:30:00-04:00,7.599999904632568,7.704999923706055,7.599999904632568,7.704999923706055,4991,0.0,0.0
2022-09-08 13:30:00-04:00,7.704999923706055,7.739999771118164,7.684999942779541,7.730000019073486,7494,0.0,0.0
2022-09-08 14:30:00-04:00,7.75,7.809999942779541,7.635000228881836,7.809999942779541,12314,0.0,0.0
2022-09-08 15:30:00-04:00,7.820000171661377,7.920000076293945,7.800000190734863,7.900000095367432,18933,0.0,0.0
2022-09-09 09:30:00-04:00,7.889999866485596,8.278599739074707,7.7692999839782715,8.170000076293945,23594,0.0,0.0
2022-09-09 10:30:00-04:00,8.09000015258789,8.119999885559082,7.949999809265137,7.960000038146973,9595,0.0,0.0
2022-09-09 11:30:00-04:00,8.050000190734863,8.079999923706055,7.960000038146973,7.960000038146973,7260,0.0,0.0
2022-09-09 12:30:00-04:00,7.96999979019165,8.079999923706055,7.960000038146973,8.039999961853027,5593,0.0,0.0
2022-09-09 13:30:00-04:00,8.100000381469727,8.100500106811523,8.050000190734863,8.09160041809082,5954,0.0,0.0
2022-09-09 14:30:00-04:00,8.081000328063965,8.239999771118164,8.081000328063965,8.149999618530273,18021,0.0,0.0
2022-09-09 15:30:00-04:00,8.170000076293945,8.180000305175781,8.069999694824219,8.130000114440918,18977,0.0,0.0
2022-09-12 09:30:00-04:00,8.029999732971191,8.460000038146973,8.029999732971191,8.425000190734863,22992,0.0,0.0
2022-09-12 10:30:00-04:00,8.449999809265137,8.489999771118164,8.380000114440918,8.449999809265137,6879,0.0,0.0
2022-09-12 11:30:00-04:00,8.40999984741211,8.489999771118164,8.359999656677246,8.359999656677246,4106,0.0,0.0
2022-09-12 12:30:00-04:00,8.369999885559082,8.4399995803833,8.350000381469727,8.399999618530273,4526,0.0,0.0
2022-09-12 13:30:00-04:00,8.414999961853027,8.529999732971191,8.40999984741211,8.494999885559082,6114,0.0,0.0
2022-09-12 14:30:00-04:00,8.475000381469727,8.489999771118164,8.420000076293945,8.420000076293945,10337,0.0,0.0
2022-09-12 15:30:00-04:00,8.40999984741211,8.479999542236328,8.395000457763672,8.449999809265137,15162,0.0,0.0
2022-09-13 09:30:00-04:00,8.15999984741211,8.4399995803833,8.039999961853027,8.229999542236328,9353,0.0,0.0
2022-09-13 10:30:00-04:00,8.289999961853027,8.289999961853027,8.069999694824219,8.069999694824219,9345,0.0,0.0
2022-09-13 11:30:00-04:00,8.079999923706055,8.170000076293945,8.079999923706055,8.130000114440918,6662,0.0,0.0
2022-09-13 12:30:00-04:00,8.140000343322754,8.1899995803833,8.130000114440918,8.180000305175781,5351,0.0,0.0
2022-09-13 13:30:00-04:00,8.199999809265137,8.399999618530273,8.199999809265137,8.390000343322754,14201,0.0,0.0
2022-09-13 14:30:00-04:00,8.364999771118164,8.380000114440918,8.1899995803833,8.210000038146973,11766,0.0,0.0
2022-09-13 15:30:00-04:00,8.194999694824219,8.229999542236328,8.149999618530273,8.229999542236328,19198,0.0,0.0
2022-09-14 09:30:00-04:00,8.15999984741211,8.550000190734863,8.15999984741211,8.489999771118164,8124,0.0,0.0
2022-09-14 10:30:00-04:00,8.520000457763672,8.564299583435059,8.430000305175781,8.430000305175781,10592,0.0,0.0
2022-09-14 11:30:00-04:00,8.449999809265137,8.449999809265137,8.364999771118164,8.449999809265137,13837,0.0,0.0
2022-09-14 12:30:00-04:00,8.449999809265137,8.470000267028809,8.40999984741211,8.40999984741211,9975,0.0,0.0
2022-09-14 13:30:00-04:00,8.40999984741211,8.414999961853027,8.359999656677246,8.414999961853027,5542,0.0,0.0
2022-09-14 14:30:00-04:00,8.470000267028809,8.470000267028809,8.399999618530273,8.399999618530273,7657,0.0,0.0
2022-09-14 15:30:00-04:00,8.399999618530273,8.399999618530273,8.229999542236328,8.279999732971191,21961,0.0,0.0
2022-09-15 09:30:00-04:00,8.170000076293945,8.559200286865234,8.109999656677246,8.305000305175781,24077,0.0,0.0
2022-09-15 10:30:00-04:00,8.270000457763672,8.279999732971191,8.0,8.015000343322754,21397,0.0,0.0
2022-09-15 11:30:00-04:00,7.980000019073486,8.010000228881836,7.539999961853027,7.559999942779541,42467,0.0,0.0
2022-09-15 12:30:00-04:00,7.610000133514404,7.840000152587891,7.565000057220459,7.800000190734863,9041,0.0,0.0
2022-09-15 13:30:00-04:00,7.849999904632568,7.900000095367432,7.690000057220459,7.789999961853027,9268,0.0,0.0
2022-09-15 14:30:00-04:00,7.800000190734863,7.809999942779541,7.690000057220459,7.690000057220459,11845,0.0,0.0
2022-09-15 15:30:00-04:00,7.739999771118164,7.75,7.579999923706055,7.610000133514404,29485,0.0,0.0
2022-09-16 09:30:00-04:00,7.53000020980835,7.639999866485596,7.300000190734863,7.440000057220459,29379,0.0,0.0
2022-09-16 10:30:00-04:00,7.420000076293945,7.420000076293945,7.230000019073486,7.244999885559082,17238,0.0,0.0
2022-09-16 11:30:00-04:00,7.230000019073486,7.239999771118164,7.170000076293945,7.184999942779541,8387,0.0,0.0
2022-09-16 12:30:00-04:00,7.164999961853027,7.309999942779541,7.159999847412109,7.304999828338623,9892,0.0,0.0
2022-09-16 13:30:00-04:00,7.309999942779541,7.329999923706055,7.25,7.269999980926514,6839,0.0,0.0
2022-09-16 14:30:00-04:00,7.295000076293945,7.295000076293945,7.025000095367432,7.079999923706055,28895,0.0,0.0
2022-09-16 15:30:00-04:00,7.079999923706055,7.380000114440918,7.070000171661377,7.360000133514404,99966,0.0,0.0
2022-09-19 09:30:00-04:00,7.239999771118164,7.42140007019043,7.157599925994873,7.300000190734863,51568,0.0,0.0
2022-09-19 10:30:00-04:00,7.304999828338623,7.639999866485596,7.300000190734863,7.340000152587891,30079,0.0,0.0
2022-09-19 11:30:00-04:00,7.320000171661377,7.389999866485596,7.28000020980835,7.289999961853027,13275,0.0,0.0
2022-09-19 12:30:00-04:00,7.28000020980835,7.309999942779541,7.269999980926514,7.300000190734863,10416,0.0,0.0
2022-09-19 13:30:00-04:00,7.309999942779541,7.320000171661377,7.269999980926514,7.289999961853027,19096,0.0,0.0
2022-09-19 14:30:00-04:00,7.300000190734863,7.449999809265137,7.289999961853027,7.440000057220459,17383,0.0,0.0
2022-09-19 15:30:00-04:00,7.420000076293945,7.460000038146973,7.349999904632568,7.440000057220459,31281,0.0,0.0
2022-09-20 09:30:00-04:00,7.320000171661377,7.429999828338623,7.157599925994873,7.309999942779541,15002,0.0,0.0
2022-09-20 10:30:00-04:00,7.309999942779541,7.480000019073486,7.309999942779541,7.445000171661377,3511,0.0,0.0
2022-09-20 11:30:00-04:00,7.440000057220459,7.550000190734863,7.420000076293945,7.46999979019165,6975,0.0,0.0
2022-09-20 12:30:00-04:00,7.440000057220459,7.449999809265137,7.349999904632568,7.360000133514404,8432,0.0,0.0
2022-09-20 13:30:00-04:00,7.349999904632568,7.349999904632568,7.309999942779541,7.329999923706055,3578,0.0,0.0
2022-09-20 14:30:00-04:00,7.324999809265137,7.400000095367432,7.324999809265137,7.360000133514404,9339,0.0,0.0
2022-09-20 15:30:00-04:00,7.349999904632568,7.400000095367432,7.320000171661377,7.380000114440918,24135,0.0,0.0
2022-09-21 09:30:00-04:00,7.440000057220459,7.480000019073486,7.090000152587891,7.454999923706055,11032,0.0,0.0
2022-09-21 10:30:00-04:00,7.449999809265137,7.46999979019165,7.380000114440918,7.434999942779541,7072,0.0,0.0
2022-09-21 11:30:00-04:00,7.420000076293945,7.465000152587891,7.389999866485596,7.425000190734863,10496,0.0,0.0
2022-09-21 12:30:00-04:00,7.409999847412109,7.429999828338623,7.400000095367432,7.400000095367432,3033,0.0,0.0
2022-09-21 13:30:00-04:00,7.420000076293945,7.449999809265137,7.300000190734863,7.300000190734863,4968,0.0,0.0
2022-09-21 14:30:00-04:00,7.289999961853027,7.525000095367432,7.289999961853027,7.420000076293945,12690,0.0,0.0
2022-09-21 15:30:00-04:00,7.360000133514404,7.360000133514404,7.269999980926514,7.284999847412109,18645,0.0,0.0
2022-09-22 09:30:00-04:00,7.199999809265137,7.199999809265137,7.019999980926514,7.039999961853027,5509,0.0,0.0
2022-09-22 10:30:00-04:00,7.070000171661377,7.070000171661377,6.889999866485596,6.914999961853027,10058,0.0,0.0
2022-09-22 11:30:00-04:00,6.914999961853027,6.940000057220459,6.835000038146973,6.839600086212158,10003,0.0,0.0
2022-09-22 12:30:00-04:00,6.815000057220459,6.840000152587891,6.800000190734863,6.840000152587891,6494,0.0,0.0
2022-09-22 13:30:00-04:00,6.844600200653076,6.949999809265137,6.844600200653076,6.940000057220459,15087,0.0,0.0
2022-09-22 14:30:00-04:00,6.934999942779541,7.0,6.934999942779541,6.974999904632568,8132,0.0,0.0
2022-09-22 15:30:00-04:00,6.989999771118164,7.039999961853027,6.980000019073486,6.980000019073486,13037,0.0,0.0
2022-09-23 09:30:00-04:00,6.869999885559082,6.929999828338623,6.760000228881836,6.889999866485596,3893,0.0,0.0
2022-09-23 10:30:00-04:00,6.909999847412109,6.949999809265137,6.889999866485596,6.929999828338623,8979,0.0,0.0
2022-09-23 11:30:00-04:00,6.949999809265137,6.949999809265137,6.789999961853027,6.789999961853027,2326,0.0,0.0
2022-09-23 12:30:00-04:00,6.784999847412109,6.880000114440918,6.75,6.849999904632568,3940,0.0,0.0
2022-09-23 13:30:00-04:00,6.840000152587891,6.896999835968018,6.809999942779541,6.864999771118164,7056,0.0,0.0
2022-09-23 14:30:00-04:00,6.849999904632568,6.940000057220459,6.809999942779541,6.929999828338623,8625,0.0,0.0
2022-09-23 15:30:00-04:00,6.960000038146973,7.010000228881836,6.948999881744385,6.980000019073486,14139,0.0,0.0
2022-09-26 09:30:00-04:00,7.019999980926514,7.210000038146973,6.949999809265137,7.195000171661377,7885,0.0,0.0
2022-09-26 10:30:00-04:00,7.199999809265137,7.210000038146973,7.039999961853027,7.130000114440918,9333,0.0,0.0
2022-09-26 11:30:00-04:00,7.099999904632568,7.190000057220459,7.034999847412109,7.034999847412109,7028,0.0,0.0
2022-09-26 12:30:00-04:00,7.019999980926514,7.050000190734863,7.004300117492676,7.025000095367432,4995,0.0,0.0
2022-09-26 13:30:00-04:00,7.03000020980835,7.03000020980835,6.930500030517578,6.980000019073486,6513,0.0,0.0
2022-09-26 14:30:00-04:00,6.989999771118164,7.019999980926514,6.949999809265137,6.994999885559082,6717,0.0,0.0
2022-09-26 15:30:00-04:00,6.980000019073486,6.989999771118164,6.940000057220459,6.960000038146973,10848,0.0,0.0
2022-09-27 09:30:00-04:00,6.889999866485596,7.065000057220459,6.869999885559082,6.889999866485596,26063,0.0,0.0
2022-09-27 10:30:00-04:00,6.900000095367432,6.96999979019165,6.730000019073486,6.730000019073486,27057,0.0,0.0
2022-09-27 11:30:00-04:00,6.75,6.75,6.53000020980835,6.550000190734863,10040,0.0,0.0
2022-09-27 12:30:00-04:00,6.559999942779541,6.559999942779541,6.46999979019165,6.545000076293945,8352,0.0,0.0
2022-09-27 13:30:00-04:00,6.545000076293945,6.550000190734863,6.46999979019165,6.550000190734863,10343,0.0,0.0
2022-09-27 14:30:00-04:00,6.5503997802734375,6.599999904632568,6.480000019073486,6.510000228881836,16610,0.0,0.0
2022-09-27 15:30:00-04:00,6.525000095367432,6.590000152587891,6.510000228881836,6.570000171661377,20561,0.0,0.0
2022-09-28 09:30:00-04:00,6.489999771118164,6.820000171661377,6.489999771118164,6.820000171661377,12828,0.0,0.0
2022-09-28 10:30:00-04:00,6.842400074005127,6.96999979019165,6.829999923706055,6.920000076293945,14227,0.0,0.0
2022-09-28 11:30:00-04:00,6.954999923706055,7.010000228881836,6.954999923706055,6.990099906921387,18333,0.0,0.0
2022-09-28 12:30:00-04:00,6.989999771118164,7.03000020980835,6.989999771118164,7.03000020980835,6860,0.0,0.0
2022-09-28 13:30:00-04:00,7.019999980926514,7.020100116729736,7.0,7.0,8308,0.0,0.0
2022-09-28 14:30:00-04:00,7.0,7.050000190734863,7.0,7.050000190734863,9215,0.0,0.0
2022-09-28 15:30:00-04:00,7.070000171661377,7.099999904632568,6.980000019073486,6.985000133514404,19416,0.0,0.0
2022-09-29 09:30:00-04:00,6.929999828338623,6.929999828338623,6.730100154876709,6.809999942779541,3480,0.0,0.0
2022-09-29 10:30:00-04:00,6.807000160217285,6.889999866485596,6.784999847412109,6.840000152587891,7213,0.0,0.0
2022-09-29 11:30:00-04:00,6.860000133514404,6.957300186157227,6.860000133514404,6.957300186157227,7260,0.0,0.0
2022-09-29 12:30:00-04:00,6.952300071716309,7.010000228881836,6.934999942779541,7.0,7749,0.0,0.0
2022-09-29 13:30:00-04:00,6.989999771118164,7.039999961853027,6.980000019073486,7.025000095367432,11037,0.0,0.0
2022-09-29 14:30:00-04:00,7.03849983215332,7.039999961853027,6.989999771118164,7.03000020980835,10817,0.0,0.0
2022-09-29 15:30:00-04:00,7.050000190734863,7.090000152587891,7.039999961853027,7.079999923706055,15020,0.0,0.0
2022-09-30 09:30:00-04:00,7.070000171661377,7.260000228881836,7.050000190734863,7.260000228881836,3865,0.0,0.0
2022-09-30 10:30:00-04:00,7.269999980926514,7.340000152587891,7.269999980926514,7.340000152587891,3985,0.0,0.0
2022-09-30 11:30:00-04:00,7.400000095367432,7.510000228881836,7.380000114440918,7.5,54967,0.0,0.0
2022-09-30 12:30:00-04:00,7.5,7.510000228881836,7.474999904632568,7.489999771118164,15782,0.0,0.0
2022-09-30 13:30:00-04:00,7.489999771118164,7.489999771118164,7.195000171661377,7.195000171661377,13307,0.0,0.0
2022-09-30 14:30:00-04:00,7.190000057220459,7.217100143432617,7.179999828338623,7.199999809265137,37888,0.0,0.0
2022-09-30 15:30:00-04:00,7.210000038146973,7.210000038146973,6.989999771118164,7.010000228881836,27705,0.0,0.0
2022-10-03 09:30:00-04:00,7.0,7.099999904632568,6.960000038146973,7.099999904632568,16252,0.0,0.0
2022-10-03 10:30:00-04:00,7.068299770355225,7.068299770355225,6.960000038146973,7.0,20231,0.0,0.0
2022-10-03 11:30:00-04:00,7.003200054168701,7.03000020980835,6.974999904632568,6.989999771118164,17804,0.0,0.0
2022-10-03 12:30:00-04:00,6.980000019073486,7.039999961853027,6.980000019073486,7.03000020980835,17176,0.0,0.0
2022-10-03 13:30:00-04:00,7.039999961853027,7.039999961853027,6.989999771118164,7.0,14451,0.0,0.0
2022-10-03 14:30:00-04:00,7.014999866485596,7.065000057220459,7.0,7.010000228881836,15893,0.0,0.0
2022-10-03 15:30:00-04:00,7.010000228881836,7.03000020980835,6.989999771118164,6.989999771118164,16666,0.0,0.0
2022-10-04 09:30:00-04:00,7.070000171661377,7.21999979019165,7.070000171661377,7.139999866485596,29026,0.0,0.0
2022-10-04 10:30:00-04:00,7.139999866485596,7.199999809265137,7.099999904632568,7.099999904632568,13103,0.0,0.0
2022-10-04 11:30:00-04:00,7.090000152587891,7.099999904632568,7.065000057220459,7.085000038146973,9129,0.0,0.0
2022-10-04 12:30:00-04:00,7.086299896240234,7.086299896240234,6.96999979019165,7.0,6844,0.0,0.0
2022-10-04 13:30:00-04:00,7.0,7.025000095367432,6.971499919891357,7.010000228881836,10882,0.0,0.0
2022-10-04 14:30:00-04:00,7.010000228881836,7.019999980926514,6.9629998207092285,6.980000019073486,11703,0.0,0.0
2022-10-04 15:30:00-04:00,6.985000133514404,6.985000133514404,6.920000076293945,6.940000057220459,26180,0.0,0.0
2022-10-05 09:30:00-04:00,6.78000020980835,6.909999847412109,6.78000020980835,6.880000114440918,45881,0.0,0.0
2022-10-05 10:30:00-04:00,6.860099792480469,6.889999866485596,6.834799766540527,6.850299835205078,13300,0.0,0.0
2022-10-05 11:30:00-04:00,6.880000114440918,6.889999866485596,6.860000133514404,6.867800235748291,2970,0.0,0.0
2022-10-05 12:30:00-04:00,6.880000114440918,6.889999866485596,6.860000133514404,6.889999866485596,3144,0.0,0.0
2022-10-05 13:30:00-04:00,6.909999847412109,6.96999979019165,6.889999866485596,6.96999979019165,6074,0.0,0.0
2022-10-05 14:30:00-04:00,6.994999885559082,7.019999980926514,6.989999771118164,6.989999771118164,6090,0.0,0.0
2022-10-05 15:30:00-04:00,7.010000228881836,7.25,7.010000228881836,7.070000171661377,55113,0.0,0.0
2022-10-06 09:30:00-04:00,7.0,7.099999904632568,6.96999979019165,6.980000019073486,13337,0.0,0.0
2022-10-06 10:30:00-04:00,6.96999979019165,7.059999942779541,6.960000038146973,7.025000095367432,11123,0.0,0.0
2022-10-06 11:30:00-04:00,7.039999961853027,7.050000190734863,6.989999771118164,7.0157999992370605,3601,0.0,0.0
2022-10-06 12:30:00-04:00,7.034999847412109,7.050000190734863,7.019999980926514,7.019999980926514,1855,0.0,0.0
2022-10-06 13:30:00-04:00,7.005000114440918,7.050000190734863,7.0,7.050000190734863,23753,0.0,0.0
2022-10-06 14:30:00-04:00,7.084199905395508,7.084199905395508,7.019999980926514,7.039999961853027,16464,0.0,0.0
2022-10-06 15:30:00-04:00,7.039999961853027,7.059999942779541,7.019999980926514,7.03000020980835,9959,0.0,0.0
2022-10-07 09:30:00-04:00,6.960000038146973,7.159999847412109,6.877799987792969,7.139999866485596,15968,0.0,0.0
2022-10-07 10:30:00-04:00,7.099999904632568,7.110000133514404,7.039999961853027,7.050000190734863,6494,0.0,0.0
2022-10-07 11:30:00-04:00,7.050000190734863,7.150000095367432,7.050000190734863,7.099999904632568,8567,0.0,0.0
2022-10-07 12:30:00-04:00,7.099999904632568,7.106299877166748,7.050000190734863,7.070000171661377,7589,0.0,0.0
2022-10-07 13:30:00-04:00,7.070000171661377,7.070000171661377,6.960000038146973,6.960000038146973,36641,0.0,0.0
2022-10-07 14:30:00-04:00,6.960000038146973,6.980000019073486,6.949999809265137,6.960000038146973,21642,0.0,0.0
2022-10-07 15:30:00-04:00,6.960000038146973,6.960000038146973,6.849999904632568,6.880000114440918,14732,0.0,0.0
2022-10-10 09:30:00-04:00,6.909999847412109,6.920000076293945,6.7179999351501465,6.900000095367432,20341,0.0,0.0
2022-10-10 10:30:00-04:00,6.894999980926514,7.03000020980835,6.885000228881836,7.014999866485596,4548,0.0,0.0
2022-10-10 11:30:00-04:00,7.0,7.0,6.940000057220459,6.959000110626221,10454,0.0,0.0
2022-10-10 12:30:00-04:00,6.960000038146973,6.980000019073486,6.949999809265137,6.949999809265137,4561,0.0,0.0
2022-10-10 13:30:00-04:00,6.949999809265137,7.0,6.949999809265137,6.949999809265137,9338,0.0,0.0
2022-10-10 14:30:00-04:00,6.96999979019165,6.96999979019165,6.940000057220459,6.949999809265137,11438,0.0,0.0
2022-10-10 15:30:00-04:00,6.949999809265137,6.960000038146973,6.949999809265137,6.960000038146973,15706,0.0,0.0
2022-10-11 09:30:00-04:00,6.829999923706055,6.900000095367432,6.519999980926514,6.739999771118164,104247,0.0,0.0
2022-10-11 10:30:00-04:00,6.715000152587891,6.802599906921387,6.715000152587891,6.760000228881836,17443,0.0,0.0
2022-10-11 11:30:00-04:00,6.75,6.764999866485596,6.619999885559082,6.619999885559082,18992,0.0,0.0
2022-10-11 12:30:00-04:00,6.619999885559082,6.75,6.539999961853027,6.75,36347,0.0,0.0
2022-10-11 13:30:00-04:00,6.760000228881836,6.809999942779541,6.730000019073486,6.809999942779541,13483,0.0,0.0
2022-10-11 14:30:00-04:00,6.789999961853027,6.789999961853027,6.690000057220459,6.690000057220459,28162,0.0,0.0
2022-10-11 15:30:00-04:00,6.670000076293945,6.730000019073486,6.659999847412109,6.710000038146973,19781,0.0,0.0
2022-10-12 09:30:00-04:00,6.630000114440918,6.639999866485596,6.409999847412109,6.420000076293945,89055,0.0,0.0
2022-10-12 10:30:00-04:00,6.420000076293945,6.449999809265137,6.400000095367432,6.440000057220459,12841,0.0,0.0
2022-10-12 11:30:00-04:00,6.429999828338623,6.5,6.420000076293945,6.489999771118164,14709,0.0,0.0
2022-10-12 12:30:00-04:00,6.489999771118164,6.510000228881836,6.420000076293945,6.425000190734863,21017,0.0,0.0
2022-10-12 13:30:00-04:00,6.429999828338623,6.45389986038208,6.414999961853027,6.449999809265137,17783,0.0,0.0
2022-10-12 14:30:00-04:00,6.440000057220459,6.46999979019165,6.440000057220459,6.449999809265137,9689,0.0,0.0
2022-10-12 15:30:00-04:00,6.460000038146973,6.480000019073486,6.440000057220459,6.460000038146973,20913,0.0,0.0
2022-10-13 09:30:00-04:00,6.369999885559082,6.809999942779541,6.369999885559082,6.809999942779541,210125,0.0,0.0
2022-10-13 10:30:00-04:00,6.808700084686279,6.920000076293945,6.610000133514404,6.800000190734863,109207,0.0,0.0
2022-10-13 11:30:00-04:00,6.791800022125244,6.864999771118164,6.619999885559082,6.755000114440918,51685,0.0,0.0
2022-10-13 12:30:00-04:00,6.769999980926514,6.820000171661377,6.650000095367432,6.710000038146973,17346,0.0,0.0
2022-10-13 13:30:00-04:00,6.710000038146973,6.75,6.613500118255615,6.650000095367432,24466,0.0,0.0
2022-10-13 14:30:00-04:00,6.664999961853027,6.664999961853027,6.525000095367432,6.53000020980835,26453,0.0,0.0
2022-10-13 15:30:00-04:00,6.53000020980835,6.539999961853027,6.429999828338623,6.449999809265137,57061,0.0,0.0
2022-10-14 09:30:00-04:00,6.5,6.5,6.400000095367432,6.4506001472473145,20106,0.0,0.0
2022-10-14 10:30:00-04:00,6.440000057220459,6.514999866485596,6.40500020980835,6.460000038146973,19602,0.0,0.0
2022-10-14 11:30:00-04:00,6.489999771118164,6.5,6.25,6.28000020980835,47743,0.0,0.0
2022-10-14 12:30:00-04:00,6.269999980926514,6.269999980926514,5.869999885559082,5.880000114440918,14591,0.0,0.0
2022-10-14 13:30:00-04:00,5.875400066375732,6.010000228881836,5.849999904632568,5.980000019073486,26252,0.0,0.0
2022-10-14 14:30:00-04:00,5.989999771118164,6.050000190734863,5.940000057220459,6.050000190734863,48604,0.0,0.0
2022-10-14 15:30:00-04:00,6.023399829864502,6.070000171661377,6.0,6.010000228881836,36960,0.0,0.0
2022-10-17 09:30:00-04:00,6.210000038146973,6.570000171661377,6.170000076293945,6.570000171661377,22612,0.0,0.0
2022-10-17 10:30:00-04:00,6.570000171661377,6.570000171661377,6.320000171661377,6.400000095367432,14423,0.0,0.0
2022-10-17 11:30:00-04:00,6.449999809265137,6.570000171661377,6.425600051879883,6.550000190734863,21506,0.0,0.0
2022-10-17 12:30:00-04:00,6.539999961853027,6.550000190734863,6.460000038146973,6.489999771118164,14282,0.0,0.0
2022-10-17 13:30:00-04:00,6.494999885559082,6.579999923706055,6.494999885559082,6.519999980926514,22755,0.0,0.0
2022-10-17 14:30:00-04:00,6.519999980926514,6.619999885559082,6.519999980926514,6.619999885559082,17216,0.0,0.0
2022-10-17 15:30:00-04:00,6.610000133514404,6.699999809265137,6.610000133514404,6.690000057220459,26220,0.0,0.0
2022-10-18 09:30:00-04:00,6.849999904632568,7.329999923706055,6.800000190734863,7.320000171661377,75558,0.0,0.0
2022-10-18 10:30:00-04:00,7.327000141143799,7.329999923706055,7.130000114440918,7.130000114440918,9194,0.0,0.0
2022-10-18 11:30:00-04:00,7.110000133514404,7.110000133514404,6.960000038146973,6.960000038146973,13959,0.0,0.0
2022-10-18 12:30:00-04:00,6.960000038146973,7.010000228881836,6.900000095367432,6.900000095367432,6487,0.0,0.0
2022-10-18 13:30:00-04:00,6.909999847412109,6.989999771118164,6.880000114440918,6.889999866485596,7344,0.0,0.0
2022-10-18 14:30:00-04:00,6.880000114440918,6.96999979019165,6.880000114440918,6.96999979019165,12183,0.0,0.0
2022-10-18 15:30:00-04:00,6.989999771118164,7.019999980926514,6.960000038146973,7.010000228881836,10897,0.0,0.0
2022-10-19 09:30:00-04:00,6.960000038146973,7.15500020980835,6.598100185394287,6.864999771118164,9816,0.0,0.0
2022-10-19 10:30:00-04:00,6.849999904632568,6.869999885559082,6.744800090789795,6.744800090789795,5946,0.0,0.0
2022-10-19 11:30:00-04:00,6.75,6.800000190734863,6.690000057220459,6.760000228881836,5431,0.0,0.0
2022-10-19 12:30:00-04:00,6.769999980926514,6.829999923706055,6.769899845123291,6.815000057220459,12783,0.0,0.0
2022-10-19 13:30:00-04:00,6.829999923706055,6.889999866485596,6.8105998039245605,6.869999885559082,7956,0.0,0.0
2022-10-19 14:30:00-04:00,6.880000114440918,6.909999847412109,6.679999828338623,6.71999979019165,13610,0.0,0.0
2022-10-19 15:30:00-04:00,6.730000019073486,6.809999942779541,6.710000038146973,6.789999961853027,14112,0.0,0.0
2022-10-20 09:30:00-04:00,6.789999961853027,7.039999961853027,6.738999843597412,6.960000038146973,7070,0.0,0.0
2022-10-20 10:30:00-04:00,6.949999809265137,7.039999961853027,6.945000171661377,6.989999771118164,2622,0.0,0.0
2022-10-20 11:30:00-04:00,6.989999771118164,7.014999866485596,6.909999847412109,6.960000038146973,6189,0.0,0.0
2022-10-20 12:30:00-04:00,6.96999979019165,6.96999979019165,6.940000057220459,6.96999979019165,2575,0.0,0.0
2022-10-20 13:30:00-04:00,7.0,7.048999786376953,6.960000038146973,6.965000152587891,5468,0.0,0.0
2022-10-20 14:30:00-04:00,6.977799892425537,7.0,6.909999847412109,6.914999961853027,8120,0.0,0.0
2022-10-20 15:30:00-04:00,6.880000114440918,6.909999847412109,6.849999904632568,6.849999904632568,4216,0.0,0.0
2022-10-21 09:30:00-04:00,6.949999809265137,7.039999961853027,6.78000020980835,6.960000038146973,29250,0.0,0.0
2022-10-21 10:30:00-04:00,6.920000076293945,6.96999979019165,6.900000095367432,6.900000095367432,5571,0.0,0.0
2022-10-21 11:30:00-04:00,6.920000076293945,6.954999923706055,6.885000228881836,6.940000057220459,11521,0.0,0.0
2022-10-21 12:30:00-04:00,6.96999979019165,7.079999923706055,6.96999979019165,7.079999923706055,7057,0.0,0.0
2022-10-21 13:30:00-04:00,7.079999923706055,7.119999885559082,7.059999942779541,7.059999942779541,8796,0.0,0.0
2022-10-21 14:30:00-04:00,7.06689977645874,7.074999809265137,6.929999828338623,6.929999828338623,22733,0.0,0.0
2022-10-21 15:30:00-04:00,6.929999828338623,7.010000228881836,6.894999980926514,7.010000228881836,28734,0.0,0.0
2022-10-24 09:30:00-04:00,7.059999942779541,7.130000114440918,6.625,6.934999942779541,15381,0.0,0.0
2022-10-24 10:30:00-04:00,6.989999771118164,7.085000038146973,6.860000133514404,6.940000057220459,17950,0.0,0.0
2022-10-24 11:30:00-04:00,6.960000038146973,6.96999979019165,6.900000095367432,6.929999828338623,6606,0.0,0.0
2022-10-24 12:30:00-04:00,6.929999828338623,7.0,6.889999866485596,6.920000076293945,7105,0.0,0.0
2022-10-24 13:30:00-04:00,6.880000114440918,6.940000057220459,6.880000114440918,6.934999942779541,7013,0.0,0.0
2022-10-24 14:30:00-04:00,6.934999942779541,7.0,6.909999847412109,6.929999828338623,14119,0.0,0.0
2022-10-24 15:30:00-04:00,6.929999828338623,6.934999942779541,6.840000152587891,6.860000133514404,14851,0.0,0.0
2022-10-25 09:30:00-04:00,6.920000076293945,7.300000190734863,6.880000114440918,7.179999828338623,22729,0.0,0.0
2022-10-25 10:30:00-04:00,7.159999847412109,7.188899993896484,7.110000133514404,7.110000133514404,3782,0.0,0.0
2022-10-25 11:30:00-04:00,7.170000076293945,7.199999809265137,7.139999866485596,7.150000095367432,7699,0.0,0.0
2022-10-25 12:30:00-04:00,7.130000114440918,7.130000114440918,7.016900062561035,7.085000038146973,6486,0.0,0.0
2022-10-25 13:30:00-04:00,7.110000133514404,7.150000095367432,7.085000038146973,7.150000095367432,4426,0.0,0.0
2022-10-25 14:30:00-04:00,7.150000095367432,7.179999828338623,7.139999866485596,7.179999828338623,11517,0.0,0.0
2022-10-25 15:30:00-04:00,7.170000076293945,7.199999809265137,7.130000114440918,7.170000076293945,15972,0.0,0.0
2022-10-26 09:30:00-04:00,7.300000190734863,7.480000019073486,7.105000019073486,7.442999839782715,18890,0.0,0.0
2022-10-26 10:30:00-04:00,7.460000038146973,7.599999904632568,7.460000038146973,7.559999942779541,10555,0.0,0.0
2022-10-26 11:30:00-04:00,7.559999942779541,7.599999904632568,7.514999866485596,7.599999904632568,8062,0.0,0.0
2022-10-26 12:30:00-04:00,7.599999904632568,7.599999904632568,7.389999866485596,7.409999847412109,10190,0.0,0.0
2022-10-26 13:30:00-04:00,7.400000095367432,7.460000038146973,7.400000095367432,7.400000095367432,6645,0.0,0.0
2022-10-26 14:30:00-04:00,7.400000095367432,7.460000038146973,7.349999904632568,7.429999828338623,12540,0.0,0.0
2022-10-26 15:30:00-04:00,7.420000076293945,7.440000057220459,7.400000095367432,7.420000076293945,10388,0.0,0.0
2022-10-27 09:30:00-04:00,7.519999980926514,7.599999904632568,7.449999809265137,7.534999847412109,26428,0.0,0.0
2022-10-27 10:30:00-04:00,7.539999961853027,7.579999923706055,7.429999828338623,7.579999923706055,11868,0.0,0.0
2022-10-27 11:30:00-04:00,7.579999923706055,7.599999904632568,7.550000190734863,7.565000057220459,8478,0.0,0.0
2022-10-27 12:30:00-04:00,7.565000057220459,7.71999979019165,7.565000057220459,7.699999809265137,19633,0.0,0.0
2022-10-27 13:30:00-04:00,7.695000171661377,7.739999771118164,7.449999809265137,7.489999771118164,12406,0.0,0.0
2022-10-27 14:30:00-04:00,7.489999771118164,7.510000228881836,7.460000038146973,7.5,12279,0.0,0.0
2022-10-27 15:30:00-04:00,7.480000019073486,7.53000020980835,7.46999979019165,7.53000020980835,11558,0.0,0.0
2022-10-28 09:30:00-04:00,7.559999942779541,7.619999885559082,6.877099990844727,7.449999809265137,15311,0.0,0.0
2022-10-28 10:30:00-04:00,7.489999771118164,7.559999942779541,7.449999809265137,7.5,7248,0.0,0.0
2022-10-28 11:30:00-04:00,7.519999980926514,7.605000019073486,7.519999980926514,7.599999904632568,8141,0.0,0.0
2022-10-28 12:30:00-04:00,7.599999904632568,7.820000171661377,7.585000038146973,7.795000076293945,16907,0.0,0.0
2022-10-28 13:30:00-04:00,7.789999961853027,7.914999961853027,7.789000034332275,7.840000152587891,19684,0.0,0.0
2022-10-28 14:30:00-04:00,7.840000152587891,7.954999923706055,7.78000020980835,7.925000190734863,25284,0.0,0.0
2022-10-28 15:30:00-04:00,7.920000076293945,8.010000228881836,7.889999866485596,7.889999866485596,24345,0.0,0.0
2022-10-31 09:30:00-04:00,7.869999885559082,8.079999923706055,7.093400001525879,8.079999923706055,12008,0.0,0.0
2022-10-31 10:30:00-04:00,8.0600004196167,8.140000343322754,8.045000076293945,8.0649995803833,31332,0.0,0.0
2022-10-31 11:30:00-04:00,8.0649995803833,8.069999694824219,7.989999771118164,8.029999732971191,9086,0.0,0.0
2022-10-31 12:30:00-04:00,8.029999732971191,8.15999984741211,8.015000343322754,8.15999984741211,6099,0.0,0.0
2022-10-31 13:30:00-04:00,8.15999984741211,8.180000305175781,8.130000114440918,8.180000305175781,10888,0.0,0.0
2022-10-31 14:30:00-04:00,8.180000305175781,8.289999961853027,8.170000076293945,8.170000076293945,18344,0.0,0.0
2022-10-31 15:30:00-04:00,8.170000076293945,8.199999809265137,8.024999618530273,8.140000343322754,43780,0.0,0.0
2022-11-01 09:30:00-04:00,8.220000267028809,8.220000267028809,8.12600040435791,8.220000267028809,13587,0.0,0.0
2022-11-01 10:30:00-04:00,8.220000267028809,8.260000228881836,7.885900020599365,7.885900020599365,8866,0.0,0.0
2022-11-01 11:30:00-04:00,7.869999885559082,7.920000076293945,7.730000019073486,7.730000019073486,6551,0.0,0.0
2022-11-01 12:30:00-04:00,7.769999980926514,7.914999961853027,7.760000228881836,7.840000152587891,12029,0.0,0.0
2022-11-01 13:30:00-04:00,7.840000152587891,7.90500020980835,7.679999828338623,7.679999828338623,13071,0.0,0.0
2022-11-01 14:30:00-04:00,7.679999828338623,7.769999980926514,7.599999904632568,7.679999828338623,12118,0.0,0.0
2022-11-01 15:30:00-04:00,7.664999961853027,7.690000057220459,7.610000133514404,7.639999866485596,21882,0.0,0.0
2022-11-02 09:30:00-04:00,6.931000232696533,7.71999979019165,6.931000232696533,7.5493998527526855,0,0.0,0.0
2022-11-02 10:30:00-04:00,7.550000190734863,7.59499979019165,7.460000038146973,7.460000038146973,3615,0.0,0.0
2022-11-02 11:30:00-04:00,7.465000152587891,7.465000152587891,7.400000095367432,7.400000095367432,1637,0.0,0.0
2022-11-02 12:30:00-04:00,7.368000030517578,7.420000076293945,7.159999847412109,7.329999923706055,26372,0.0,0.0
2022-11-02 13:30:00-04:00,7.340000152587891,7.71999979019165,7.340000152587891,7.65500020980835,9724,0.0,0.0
2022-11-02 14:30:00-04:00,7.670000076293945,7.699999809265137,7.25,7.25,16880,0.0,0.0
2022-11-02 15:30:00-04:00,7.25,7.289999961853027,7.190000057220459,7.21999979019165,10509,0.0,0.0
2022-11-03 09:30:00-04:00,7.369999885559082,7.369999885559082,6.980000019073486,7.255000114440918,28930,0.0,0.0
2022-11-03 10:30:00-04:00,7.309999942779541,7.71999979019165,7.289999961853027,7.449999809265137,36405,0.0,0.0
2022-11-03 11:30:00-04:00,7.349999904632568,7.349999904632568,7.170899868011475,7.190000057220459,7913,0.0,0.0
2022-11-03 12:30:00-04:00,7.166800022125244,7.230000019073486,7.130000114440918,7.162499904632568,16382,0.0,0.0
2022-11-03 13:30:00-04:00,7.119999885559082,7.190000057220459,7.119999885559082,7.175000190734863,5326,0.0,0.0
2022-11-03 14:30:00-04:00,7.196700096130371,7.269999980926514,7.159999847412109,7.179999828338623,10776,0.0,0.0
2022-11-03 15:30:00-04:00,7.218100070953369,7.218100070953369,7.150000095367432,7.170000076293945,13014,0.0,0.0
2022-11-04 09:30:00-04:00,7.289999961853027,7.340000152587891,7.195899963378906,7.340000152587891,14161,0.0,0.0
2022-11-04 10:30:00-04:00,7.340000152587891,7.445000171661377,7.340000152587891,7.429999828338623,15883,0.0,0.0
2022-11-04 11:30:00-04:00,7.429999828338623,7.429999828338623,7.320000171661377,7.394999980926514,9092,0.0,0.0
2022-11-04 12:30:00-04:00,7.394999980926514,7.394999980926514,7.269999980926514,7.289999961853027,8043,0.0,0.0
2022-11-04 13:30:00-04:00,7.269999980926514,7.329999923706055,7.230000019073486,7.329999923706055,4778,0.0,0.0
2022-11-04 14:30:00-04:00,7.320000171661377,7.320000171661377,7.099999904632568,7.269999980926514,45008,0.0,0.0
2022-11-04 15:30:00-04:00,7.264999866485596,7.349999904632568,7.25,7.340000152587891,20338,0.0,0.0
2022-11-07 09:30:00-05:00,7.429999828338623,7.440000057220459,7.25,7.425099849700928,26311,0.0,0.0
2022-11-07 10:30:00-05:00,7.449999809265137,7.510000228881836,7.409999847412109,7.460000038146973,8205,0.0,0.0
2022-11-07 11:30:00-05:00,7.460000038146973,7.4618000984191895,7.199999809265137,7.260000228881836,9188,0.0,0.0
2022-11-07 12:30:00-05:00,7.21999979019165,7.239999771118164,6.980000019073486,6.980000019073486,13202,0.0,0.0
2022-11-07 13:30:00-05:00,6.980000019073486,7.070000171661377,6.960000038146973,7.019999980926514,28597,0.0,0.0
2022-11-07 14:30:00-05:00,7.039999961853027,7.090000152587891,6.934999942779541,6.934999942779541,19350,0.0,0.0
2022-11-07 15:30:00-05:00,6.949999809265137,7.059999942779541,6.949999809265137,7.050000190734863,23499,0.0,0.0
2022-11-08 09:30:00-05:00,6.099999904632568,6.307300090789795,4.059999942779541,4.130000114440918,439957,0.0,0.0
2022-11-08 10:30:00-05:00,4.130000114440918,4.139999866485596,3.5999999046325684,3.6050000190734863,545362,0.0,0.0
2022-11-08 11:30:00-05:00,3.5999999046325684,3.609999895095825,3.3299999237060547,3.4000000953674316,443251,0.0,0.0
2022-11-08 12:30:00-05:00,3.4000000953674316,3.4100000858306885,3.180000066757202,3.240000009536743,286156,0.0,0.0
2022-11-08 13:30:00-05:00,3.2300000190734863,3.319999933242798,3.130000114440918,3.1707000732421875,237473,0.0,0.0
2022-11-08 14:30:00-05:00,3.1600000858306885,3.1972999572753906,2.7799999713897705,2.8350000381469727,508426,0.0,0.0
2022-11-08 15:30:00-05:00,2.8399999141693115,3.0,2.799999952316284,3.0,689189,0.0,0.0
2022-11-09 09:30:00-05:00,2.9000000953674316,2.9000000953674316,2.3299999237060547,2.434999942779541,716578,0.0,0.0
2022-11-09 10:30:00-05:00,2.434999942779541,2.440000057220459,2.25,2.26990008354187,367817,0.0,0.0
2022-11-09 11:30:00-05:00,2.265000104904175,2.3499999046325684,2.2500998973846436,2.325000047683716,120117,0.0,0.0
2022-11-09 12:30:00-05:00,2.325000047683716,2.3557000160217285,2.259999990463257,2.315000057220459,164848,0.0,0.0
2022-11-09 13:30:00-05:00,2.3101000785827637,2.3798999786376953,2.309999942779541,2.359999895095825,44909,0.0,0.0
2022-11-09 14:30:00-05:00,2.360100030899048,2.4200000762939453,2.319999933242798,2.4200000762939453,277747,0.0,0.0
2022-11-09 15:30:00-05:00,2.4200000762939453,2.5899999141693115,2.4000000953674316,2.559999942779541,389638,0.0,0.0
2022-11-10 09:30:00-05:00,2.680000066757202,2.8550000190734863,2.619999885559082,2.8399999141693115,804451,0.0,0.0
2022-11-10 10:30:00-05:00,2.8399999141693115,3.130000114440918,2.8299999237060547,3.1298999786376953,516986,0.0,0.0
2022-11-10 11:30:00-05:00,3.125,3.430000066757202,3.0999999046325684,3.3678998947143555,336768,0.0,0.0
2022-11-10 12:30:00-05:00,3.359999895095825,3.478100061416626,3.299999952316284,3.440000057220459,284377,0.0,0.0
2022-11-10 13:30:00-05:00,3.440000057220459,3.450000047683716,3.130000114440918,3.309999942779541,170679,0.0,0.0
2022-11-10 14:30:00-05:00,3.309999942779541,3.359999895095825,3.1500000953674316,3.244999885559082,91477,0.0,0.0
2022-11-10 15:30:00-05:00,3.2458999156951904,3.259999990463257,3.1700000762939453,3.2200000286102295,73104,0.0,0.0
2022-11-11 09:30:00-05:00,3.0799999237060547,3.619999885559082,3.049999952316284,3.4600000381469727,199771,0.0,0.0
2022-11-11 10:30:00-05:00,3.4600000381469727,3.4600000381469727,3.2699999809265137,3.3004000186920166,64320,0.0,0.0
2022-11-11 11:30:00-05:00,3.2899999618530273,3.390000104904175,3.2799999713897705,3.319999933242798,23840,0.0,0.0
2022-11-11 12:30:00-05:00,3.312000036239624,3.3299999237060547,3.2699999809265137,3.319999933242798,26254,0.0,0.0
2022-11-11 13:30:00-05:00,3.319999933242798,3.3399999141693115,3.2190001010894775,3.259999990463257,35507,0.0,0.0
2022-11-11 14:30:00-05:00,3.25,3.359999895095825,3.2300000190734863,3.299999952316284,39556,0.0,0.0
2022-11-11 15:30:00-05:00,3.299999952316284,3.359999895095825,3.299999952316284,3.3399999141693115,43358,0.0,0.0
2022-11-14 09:30:00-05:00,3.309999942779541,3.3499999046325684,3.009999990463257,3.059999942779541,97272,0.0,0.0
2022-11-14 10:30:00-05:00,3.079900026321411,3.180000066757202,3.0199999809265137,3.180000066757202,54946,0.0,0.0
2022-11-14 11:30:00-05:00,3.180000066757202,3.180000066757202,3.119999885559082,3.119999885559082,11701,0.0,0.0
2022-11-14 12:30:00-05:00,3.134999990463257,3.2100000381469727,3.134999990463257,3.1930999755859375,12543,0.0,0.0
2022-11-14 13:30:00-05:00,3.1315999031066895,3.180000066757202,3.0899999141693115,3.130000114440918,54428,0.0,0.0
2022-11-14 14:30:00-05:00,3.130000114440918,3.184999942779541,3.109999895095825,3.174999952316284,33690,0.0,0.0
2022-11-14 15:30:00-05:00,3.174999952316284,3.190000057220459,3.1301000118255615,3.140000104904175,35497,0.0,0.0
2022-11-15 09:30:00-05:00,3.200000047683716,3.2699999809265137,3.0899999141693115,3.190000057220459,29676,0.0,0.0
2022-11-15 10:30:00-05:00,3.190000057220459,3.3698999881744385,3.1700000762939453,3.3585000038146973,56892,0.0,0.0
2022-11-15 11:30:00-05:00,3.359999895095825,3.4000000953674316,3.2750000953674316,3.3111000061035156,64239,0.0,0.0
2022-11-15 12:30:00-05:00,3.3399999141693115,3.440000057220459,3.319999933242798,3.3350000381469727,44529,0.0,0.0
2022-11-15 13:30:00-05:00,3.319999933242798,3.337100028991699,3.2899999618530273,3.3299999237060547,9382,0.0,0.0
2022-11-15 14:30:00-05:00,3.3399999141693115,3.3499999046325684,3.2899999618530273,3.3475000858306885,21493,0.0,0.0
2022-11-15 15:30:00-05:00,3.3475000858306885,3.380000114440918,3.2799999713897705,3.2899999618530273,47870,0.0,0.0
2022-11-16 09:30:00-05:00,3.25,3.25,3.0899999141693115,3.1500000953674316,27398,0.0,0.0
2022-11-16 10:30:00-05:00,3.1600000858306885,3.1600000858306885,3.119999885559082,3.1484999656677246,5624,0.0,0.0
2022-11-16 11:30:00-05:00,3.134999990463257,3.134999990463257,2.990000009536743,3.0099000930786133,40882,0.0,0.0
2022-11-16 12:30:00-05:00,3.0,3.0299999713897705,2.9600000381469727,2.9600000381469727,24135,0.0,0.0
2022-11-16 13:30:00-05:00,2.9600000381469727,3.0199999809265137,2.950000047683716,2.998800039291382,14389,0.0,0.0
2022-11-16 14:30:00-05:00,2.994999885559082,2.999500036239624,2.9700000286102295,2.9700000286102295,8996,0.0,0.0
2022-11-16 15:30:00-05:00,2.9749999046325684,2.9800000190734863,2.9549999237060547,2.9649999141693115,17683,0.0,0.0
2022-11-17 09:30:00-05:00,2.7799999713897705,2.8499999046325684,2.1988000869750977,2.5199999809265137,373075,0.0,0.0
2022-11-17 10:30:00-05:00,2.5399999618530273,2.559999942779541,2.4200000762939453,2.450000047683716,35849,0.0,0.0
2022-11-17 11:30:00-05:00,2.430000066757202,2.450000047683716,2.1700000762939453,2.2200000286102295,184552,0.0,0.0
2022-11-17 12:30:00-05:00,2.2142999172210693,2.2300000190734863,2.0999999046325684,2.1050000190734863,246819,0.0,0.0
2022-11-17 13:30:00-05:00,2.1098999977111816,2.109999895095825,2.069999933242798,2.0813000202178955,152236,0.0,0.0
2022-11-17 14:30:00-05:00,2.089900016784668,2.089900016784668,1.9900000095367432,1.9950000047683716,197655,0.0,0.0
2022-11-17 15:30:00-05:00,1.9901000261306763,2.0199999809265137,1.9199999570846558,1.9700000286102295,249532,0.0,0.0
2022-11-18 09:30:00-05:00,1.9900000095367432,1.9900000095367432,1.8700000047683716,1.9500000476837158,286845,0.0,0.0
2022-11-18 10:30:00-05:00,1.9200999736785889,1.9299999475479126,1.7999999523162842,1.8600000143051147,120259,0.0,0.0
2022-11-18 11:30:00-05:00,1.8600000143051147,1.899999976158142,1.850000023841858,1.8949999809265137,72099,0.0,0.0
2022-11-18 12:30:00-05:00,1.8949999809265137,1.899999976158142,1.809999942779541,1.8450000286102295,87799,0.0,0.0
2022-11-18 13:30:00-05:00,1.840000033378601,1.8516000509262085,1.809999942779541,1.809999942779541,74868,0.0,0.0
2022-11-18 14:30:00-05:00,1.809999942779541,1.9299999475479126,1.649999976158142,1.9299999475479126,535724,0.0,0.0
2022-11-18 15:30:00-05:00,1.9249999523162842,1.9299999475479126,1.8700000047683716,1.899999976158142,183736,0.0,0.0
2022-11-21 09:30:00-05:00,1.9199999570846558,1.9199999570846558,1.8700000047683716,1.8710999488830566,141434,0.0,0.0
2022-11-21 10:30:00-05:00,1.871500015258789,1.899999976158142,1.8700000047683716,1.8949999809265137,59172,0.0,0.0
2022-11-21 11:30:00-05:00,1.8949999809265137,1.899999976158142,1.8200000524520874,1.8350000381469727,176963,0.0,0.0
2022-11-21 12:30:00-05:00,1.8350000381469727,1.8899999856948853,1.8319000005722046,1.8650000095367432,101181,0.0,0.0
2022-11-21 13:30:00-05:00,1.8600000143051147,1.8799999952316284,1.8600000143051147,1.8700000047683716,82076,0.0,0.0
2022-11-21 14:30:00-05:00,1.875,1.8799999952316284,1.840000033378601,1.8650000095367432,138558,0.0,0.0
2022-11-21 15:30:00-05:00,1.8650000095367432,1.8849999904632568,1.850000023841858,1.8700000047683716,254524,0.0,0.0
2022-11-22 09:30:00-05:00,1.8200000524520874,1.8200000524520874,1.659999966621399,1.725000023841858,211821,0.0,0.0
2022-11-22 10:30:00-05:00,1.7200000286102295,1.7300000190734863,1.7000000476837158,1.7100000381469727,59009,0.0,0.0
2022-11-22 11:30:00-05:00,1.7100000381469727,1.850000023841858,1.649999976158142,1.8219000101089478,1464072,0.0,0.0
2022-11-22 12:30:00-05:00,1.8200000524520874,1.8799999952316284,1.7899999618530273,1.8700000047683716,67688,0.0,0.0
2022-11-22 13:30:00-05:00,1.8700000047683716,1.8700000047683716,1.75,1.7699999809265137,165681,0.0,0.0
2022-11-22 14:30:00-05:00,1.7799999713897705,1.8300000429153442,1.7699999809265137,1.809999942779541,174556,0.0,0.0
2022-11-22 15:30:00-05:00,1.809999942779541,1.8300000429153442,1.7599999904632568,1.7999999523162842,289825,0.0,0.0
2022-11-23 09:30:00-05:00,1.8300000429153442,2.119999885559082,1.787500023841858,2.059999942779541,275609,0.0,0.0
2022-11-23 10:30:00-05:00,2.059999942779541,2.1700000762939453,2.0350000858306885,2.134999990463257,116891,0.0,0.0
2022-11-23 11:30:00-05:00,2.140000104904175,2.140000104904175,2.0399999618530273,2.055000066757202,56256,0.0,0.0
2022-11-23 12:30:00-05:00,2.049999952316284,2.119999885559082,2.0450000762939453,2.086400032043457,69189,0.0,0.0
2022-11-23 13:30:00-05:00,2.0850000381469727,2.1600000858306885,2.0799999237060547,2.1500000953674316,58457,0.0,0.0
2022-11-23 14:30:00-05:00,2.1449999809265137,2.1600000858306885,2.0899999141693115,2.1600000858306885,61160,0.0,0.0
2022-11-23 15:30:00-05:00,2.1689000129699707,2.2100000381469727,2.1689000129699707,2.1989998817443848,62612,0.0,0.0
2022-11-25 09:30:00-05:00,2.2200000286102295,2.4000000953674316,2.180000066757202,2.4000000953674316,116582,0.0,0.0
2022-11-25 10:30:00-05:00,2.390000104904175,2.5,2.3415000438690186,2.4000000953674316,162937,0.0,0.0
2022-11-25 11:30:00-05:00,2.4000000953674316,2.450000047683716,2.390000104904175,2.4000000953674316,71251,0.0,0.0
2022-11-28 09:30:00-05:00,2.380000114440918,2.390000104904175,2.0999999046325684,2.1384999752044678,112230,0.0,0.0
2022-11-28 10:30:00-05:00,2.1333000659942627,2.134999990463257,2.0100998878479004,2.0100998878479004,101689,0.0,0.0
2022-11-28 11:30:00-05:00,2.015000104904175,2.0199999809265137,1.9800000190734863,1.9800000190734863,81725,0.0,0.0
2022-11-28 12:30:00-05:00,1.9800000190734863,2.0,1.9600000381469727,1.9950000047683716,65399,0.0,0.0
2022-11-28 13:30:00-05:00,1.9950000047683716,2.049999952316284,1.9900000095367432,2.015000104904175,151887,0.0,0.0
2022-11-28 14:30:00-05:00,2.0278000831604004,2.047600030899048,2.0,2.0250000953674316,64346,0.0,0.0
2022-11-28 15:30:00-05:00,2.0250000953674316,2.0250000953674316,1.940000057220459,1.940000057220459,94512,0.0,0.0
2022-11-29 09:30:00-05:00,1.9299999475479126,1.9699000120162964,1.8528000116348267,1.899999976158142,88273,0.0,0.0
2022-11-29 10:30:00-05:00,1.899999976158142,1.957900047302246,1.8801000118255615,1.9112000465393066,41946,0.0,0.0
2022-11-29 11:30:00-05:00,1.9149999618530273,1.9149999618530273,1.8600000143051147,1.8801000118255615,48065,0.0,0.0
2022-11-29 12:30:00-05:00,1.8849999904632568,1.8849999904632568,1.840000033378601,1.8600000143051147,36278,0.0,0.0
2022-11-29 13:30:00-05:00,1.8650000095367432,1.8949999809265137,1.8650000095367432,1.875,44300,0.0,0.0
2022-11-29 14:30:00-05:00,1.878499984741211,1.8899999856948853,1.8650000095367432,1.8700000047683716,47058,0.0,0.0
2022-11-29 15:30:00-05:00,1.8700000047683716,1.8799999952316284,1.8200000524520874,1.8799999952316284,87010,0.0,0.0
2022-11-30 09:30:00-05:00,1.8600000143051147,1.9199999570846558,1.840000033378601,1.909999966621399,78016,0.0,0.0
2022-11-30 10:30:00-05:00,1.9199999570846558,1.9199999570846558,1.8600000143051147,1.875,26540,0.0,0.0
2022-11-30 11:30:00-05:00,1.875,1.8799999952316284,1.8014999628067017,1.8184000253677368,28116,0.0,0.0
2022-11-30 12:30:00-05:00,1.8188999891281128,1.840000033378601,1.8188999891281128,1.8250000476837158,28693,0.0,0.0
2022-11-30 13:30:00-05:00,1.829200029373169,1.940000057220459,1.8250000476837158,1.934999942779541,49731,0.0,0.0
2022-11-30 14:30:00-05:00,1.93149995803833,1.9700000286102295,1.909999966621399,1.9299999475479126,236320,0.0,0.0
2022-11-30 15:30:00-05:00,1.934999942779541,1.9700000286102295,1.9149999618530273,1.9500000476837158,67662,0.0,0.0
2022-12-01 09:30:00-05:00,1.9900000095367432,2.0899999141693115,1.9500000476837158,2.0415000915527344,151422,0.0,0.0
2022-12-01 10:30:00-05:00,2.0299999713897705,2.1649999618530273,2.0299999713897705,2.1649999618530273,97555,0.0,0.0
2022-12-01 11:30:00-05:00,2.1649999618530273,2.2188000679016113,2.140000104904175,2.1600000858306885,106245,0.0,0.0
2022-12-01 12:30:00-05:00,2.1649999618530273,2.200000047683716,2.140000104904175,2.194999933242798,79629,0.0,0.0
2022-12-01 13:30:00-05:00,2.190000057220459,2.2200000286102295,2.180000066757202,2.194999933242798,77784,0.0,0.0
2022-12-01 14:30:00-05:00,2.194999933242798,2.2100000381469727,2.1700000762939453,2.174999952316284,155598,0.0,0.0
2022-12-01 15:30:00-05:00,2.174999952316284,2.190000057220459,2.1600000858306885,2.1600000858306885,48048,0.0,0.0
2022-12-02 09:30:00-05:00,2.069999933242798,2.180000066757202,2.009999990463257,2.134999990463257,141498,0.0,0.0
2022-12-02 10:30:00-05:00,2.134999990463257,2.1600000858306885,2.0999999046325684,2.1549999713897705,53459,0.0,0.0
2022-12-02 11:30:00-05:00,2.1549999713897705,2.1600000858306885,2.0799999237060547,2.140000104904175,60636,0.0,0.0
2022-12-02 12:30:00-05:00,2.1500000953674316,2.1500000953674316,2.0899999141693115,2.115000009536743,57905,0.0,0.0
2022-12-02 13:30:00-05:00,2.115000009536743,2.125,2.0999999046325684,2.115000009536743,42037,0.0,0.0
2022-12-02 14:30:00-05:00,2.115000009536743,2.1500000953674316,2.0799999237060547,2.130000114440918,172629,0.0,0.0
2022-12-02 15:30:00-05:00,2.130000114440918,2.140000104904175,2.069999933242798,2.130000114440918,189647,0.0,0.0
2022-12-05 09:30:00-05:00,2.190000057220459,2.2499001026153564,2.109999895095825,2.1500000953674316,103255,0.0,0.0
2022-12-05 10:30:00-05:00,2.1500000953674316,2.2100000381469727,2.130000114440918,2.190000057220459,34932,0.0,0.0
2022-12-05 11:30:00-05:00,2.194999933242798,2.2100000381469727,2.180000066757202,2.2049999237060547,30561,0.0,0.0
2022-12-05 12:30:00-05:00,2.2049999237060547,2.2049999237060547,2.134999990463257,2.174999952316284,41928,0.0,0.0
2022-12-05 13:30:00-05:00,2.180000066757202,2.244999885559082,2.180000066757202,2.2149999141693115,62761,0.0,0.0
2022-12-05 14:30:00-05:00,2.2149999141693115,2.259999990463257,2.200000047683716,2.2300000190734863,63458,0.0,0.0
2022-12-05 15:30:00-05:00,2.234999895095825,2.2699999809265137,2.2200000286102295,2.259999990463257,58867,0.0,0.0
2022-12-06 09:30:00-05:00,2.2300000190734863,2.299999952316284,2.1700000762939453,2.2300000190734863,57804,0.0,0.0
2022-12-06 10:30:00-05:00,2.234999895095825,2.234999895095825,2.1600000858306885,2.180000066757202,58549,0.0,0.0
2022-12-06 11:30:00-05:00,2.184999942779541,2.184999942779541,2.109999895095825,2.134999990463257,16622,0.0,0.0
2022-12-06 12:30:00-05:00,2.130000114440918,2.1700000762939453,2.109999895095825,2.1700000762939453,17332,0.0,0.0
2022-12-06 13:30:00-05:00,2.1700000762939453,2.180000066757202,2.140000104904175,2.1500000953674316,57970,0.0,0.0
2022-12-06 14:30:00-05:00,2.1549999713897705,2.180000066757202,2.1500000953674316,2.174999952316284,65009,0.0,0.0
2022-12-06 15:30:00-05:00,2.172499895095825,2.2200000286102295,2.1700000762939453,2.2049999237060547,80413,0.0,0.0
2022-12-07 09:30:00-05:00,2.2300000190734863,2.240000009536743,2.1600000858306885,2.2300000190734863,23971,0.0,0.0
2022-12-07 10:30:00-05:00,2.2300000190734863,2.2699999809265137,2.2200000286102295,2.240000009536743,25348,0.0,0.0
2022-12-07 11:30:00-05:00,2.2300000190734863,2.259999990463257,2.2200000286102295,2.2200000286102295,14502,0.0,0.0
2022-12-07 12:30:00-05:00,2.2200000286102295,2.2200000286102295,2.180000066757202,2.200000047683716,35305,0.0,0.0
2022-12-07 13:30:00-05:00,2.194999933242798,2.2100000381469727,2.1700000762939453,2.190000057220459,39809,0.0,0.0
2022-12-07 14:30:00-05:00,2.190000057220459,2.2200000286102295,2.1700000762939453,2.200000047683716,27644,0.0,0.0
2022-12-07 15:30:00-05:00,2.200000047683716,2.2300000190734863,2.190000057220459,2.2300000190734863,32420,0.0,0.0
2022-12-08 09:30:00-05:00,2.2100000381469727,2.5199999809265137,2.184999942779541,2.5,82080,0.0,0.0
2022-12-08 10:30:00-05:00,2.494999885559082,2.5199999809265137,2.4100000858306885,2.4700000286102295,74135,0.0,0.0
2022-12-08 11:30:00-05:00,2.4798998832702637,2.5299999713897705,2.450000047683716,2.494999885559082,46606,0.0,0.0
2022-12-08 12:30:00-05:00,2.5,2.5399999618530273,2.4700000286102295,2.5199999809265137,69829,0.0,0.0
2022-12-08 13:30:00-05:00,2.505000114440918,2.549999952316284,2.490000009536743,2.5299999713897705,67556,0.0,0.0
2022-12-08 14:30:00-05:00,2.5299999713897705,2.6500000953674316,2.5299999713897705,2.6449999809265137,65674,0.0,0.0
2022-12-08 15:30:00-05:00,2.640000104904175,2.680000066757202,2.640000104904175,2.6500000953674316,91391,0.0,0.0
2022-12-09 09:30:00-05:00,2.609999895095825,2.6500000953674316,2.497499942779541,2.5799999237060547,39630,0.0,0.0
2022-12-09 10:30:00-05:00,2.5899999141693115,2.5899999141693115,2.5299999713897705,2.549999952316284,42504,0.0,0.0
2022-12-09 11:30:00-05:00,2.549999952316284,2.569999933242798,2.5399999618530273,2.569999933242798,19130,0.0,0.0
2022-12-09 12:30:00-05:00,2.569999933242798,2.5999999046325684,2.5299999713897705,2.5299999713897705,40053,0.0,0.0
2022-12-09 13:30:00-05:00,2.5299999713897705,2.549999952316284,2.5,2.549999952316284,81266,0.0,0.0
2022-12-09 14:30:00-05:00,2.559999942779541,2.609999895095825,2.549999952316284,2.5999999046325684,29485,0.0,0.0
2022-12-09 15:30:00-05:00,2.5999999046325684,2.5999999046325684,2.549999952316284,2.5999999046325684,56971,0.0,0.0
2022-12-12 09:30:00-05:00,2.569999933242798,2.6500000953674316,2.515000104904175,2.559999942779541,81676,0.0,0.0
2022-12-12 10:30:00-05:00,2.559999942779541,2.5999999046325684,2.5399999618530273,2.559999942779541,19249,0.0,0.0
2022-12-12 11:30:00-05:00,2.559999942779541,2.5799999237060547,2.494999885559082,2.505000114440918,56874,0.0,0.0
2022-12-12 12:30:00-05:00,2.505000114440918,2.509999990463257,2.440000057220459,2.440000057220459,48350,0.0,0.0
2022-12-12 13:30:00-05:00,2.450000047683716,2.5299999713897705,2.450000047683716,2.505000114440918,50494,0.0,0.0
2022-12-12 14:30:00-05:00,2.505000114440918,2.549999952316284,2.5,2.5399999618530273,37652,0.0,0.0
2022-12-12 15:30:00-05:00,2.5299999713897705,2.559999942779541,2.5,2.549999952316284,54947,0.0,0.0
2022-12-13 09:30:00-05:00,2.690000057220459,2.75,2.6449999809265137,2.6600000858306885,71134,0.0,0.0
2022-12-13 10:30:00-05:00,2.6500000953674316,2.680000066757202,2.6500000953674316,2.6500000953674316,35087,0.0,0.0
2022-12-13 11:30:00-05:00,2.6519999504089355,2.6600000858306885,2.569999933242798,2.575000047683716,63509,0.0,0.0
2022-12-13 12:30:00-05:00,2.559999942779541,2.7100000381469727,2.549999952316284,2.7014999389648438,20508,0.0,0.0
2022-12-13 13:30:00-05:00,2.7200000286102295,2.7300000190734863,2.6600000858306885,2.7200000286102295,26516,0.0,0.0
2022-12-13 14:30:00-05:00,2.7100000381469727,2.744999885559082,2.690000057220459,2.7100000381469727,29312,0.0,0.0
2022-12-13 15:30:00-05:00,2.7100000381469727,2.740000009536743,2.700000047683716,2.740000009536743,42950,0.0,0.0
2022-12-14 09:30:00-05:00,2.700000047683716,2.740000009536743,2.6614999771118164,2.7300000190734863,9217,0.0,0.0
2022-12-14 10:30:00-05:00,2.75,2.75,2.700000047683716,2.740000009536743,56338,0.0,0.0
2022-12-14 11:30:00-05:00,2.7300000190734863,2.755000114440918,2.7300000190734863,2.740000009536743,15831,0.0,0.0
2022-12-14 12:30:00-05:00,2.75,2.759999990463257,2.720099925994873,2.7300000190734863,25260,0.0,0.0
2022-12-14 13:30:00-05:00,2.740000009536743,2.75,2.700000047683716,2.7100000381469727,14593,0.0,0.0
2022-12-14 14:30:00-05:00,2.7100000381469727,2.75,2.674999952316284,2.700000047683716,51469,0.0,0.0
2022-12-14 15:30:00-05:00,2.700000047683716,2.7300000190734863,2.700000047683716,2.7049999237060547,34204,0.0,0.0
2022-12-15 09:30:00-05:00,2.6600000858306885,2.702199935913086,2.619999885559082,2.6700000762939453,19205,0.0,0.0
2022-12-15 10:30:00-05:00,2.6549999713897705,2.690000057220459,2.617500066757202,2.617500066757202,8735,0.0,0.0
2022-12-15 11:30:00-05:00,2.625,2.6700000762939453,2.619999885559082,2.6700000762939453,21053,0.0,0.0
2022-12-15 12:30:00-05:00,2.6675000190734863,2.690000057220459,2.640000104904175,2.640000104904175,9862,0.0,0.0
2022-12-15 13:30:00-05:00,2.630000114440918,2.640000104904175,2.5850000381469727,2.5899999141693115,11213,0.0,0.0
2022-12-15 14:30:00-05:00,2.5999999046325684,2.609999895095825,2.577500104904175,2.5999999046325684,15588,0.0,0.0
2022-12-15 15:30:00-05:00,2.5924999713897705,2.609999895095825,2.575000047683716,2.6050000190734863,25506,0.0,0.0
2022-12-16 09:30:00-05:00,2.569999933242798,2.6500000953674316,2.509999990463257,2.5799999237060547,71012,0.0,0.0
2022-12-16 10:30:00-05:00,2.575000047683716,2.609999895095825,2.569999933242798,2.5899999141693115,19769,0.0,0.0
2022-12-16 11:30:00-05:00,2.5799999237060547,2.640000104904175,2.5799999237060547,2.625,14112,0.0,0.0
2022-12-16 12:30:00-05:00,2.630000114440918,2.6700000762939453,2.625999927520752,2.6600000858306885,14998,0.0,0.0
2022-12-16 13:30:00-05:00,2.6600000858306885,2.6700000762939453,2.619999885559082,2.640000104904175,11740,0.0,0.0
2022-12-16 14:30:00-05:00,2.634999990463257,2.6600000858306885,2.615000009536743,2.6500000953674316,21389,0.0,0.0
2022-12-16 15:30:00-05:00,2.640000104904175,2.680000066757202,2.619999885559082,2.630000114440918,53302,0.0,0.0
2022-12-19 09:30:00-05:00,2.619999885559082,2.619999885559082,2.4549999237060547,2.5,47631,0.0,0.0
2022-12-19 10:30:00-05:00,2.5,2.5199999809265137,2.470099925994873,2.5000998973846436,17085,0.0,0.0
2022-12-19 11:30:00-05:00,2.505000114440918,2.509999990463257,2.4800000190734863,2.494999885559082,32669,0.0,0.0
2022-12-19 12:30:00-05:00,2.5,2.5,2.472100019454956,2.484999895095825,9414,0.0,0.0
2022-12-19 13:30:00-05:00,2.484999895095825,2.490000009536743,2.444999933242798,2.4700000286102295,31122,0.0,0.0
2022-12-19 14:30:00-05:00,2.4700000286102295,2.559999942779541,2.4700000286102295,2.5,25750,0.0,0.0
2022-12-19 15:30:00-05:00,2.5,2.5199999809265137,2.490000009536743,2.509999990463257,32168,0.0,0.0
2022-12-20 09:30:00-05:00,2.4700000286102295,2.6549999713897705,2.4600000381469727,2.640899896621704,45509,0.0,0.0
2022-12-20 10:30:00-05:00,2.640000104904175,2.690000057220459,2.5799999237060547,2.5850000381469727,43614,0.0,0.0
2022-12-20 11:30:00-05:00,2.5850000381469727,2.630000114440918,2.569999933242798,2.569999933242798,10791,0.0,0.0
2022-12-20 12:30:00-05:00,2.549999952316284,2.5950000286102295,2.5299999713897705,2.5399999618530273,42126,0.0,0.0
2022-12-20 13:30:00-05:00,2.549999952316284,2.549999952316284,2.5250000953674316,2.5399999618530273,9897,0.0,0.0
2022-12-20 14:30:00-05:00,2.5299999713897705,2.559999942779541,2.5,2.515000104904175,14677,0.0,0.0
2022-12-20 15:30:00-05:00,2.515000104904175,2.5399999618530273,2.440000057220459,2.440000057220459,87431,0.0,0.0
2022-12-21 09:30:00-05:00,2.4800000190734863,2.609999895095825,2.450000047683716,2.5299999713897705,25982,0.0,0.0
2022-12-21 10:30:00-05:00,2.5350000858306885,2.569999933242798,2.5250000953674316,2.559999942779541,15102,0.0,0.0
2022-12-21 11:30:00-05:00,2.559999942779541,2.559999942779541,2.509999990463257,2.509999990463257,7556,0.0,0.0
2022-12-21 12:30:00-05:00,2.5199999809265137,2.5250000953674316,2.490000009536743,2.5,27693,0.0,0.0
2022-12-21 13:30:00-05:00,2.509999990463257,2.5350000858306885,2.490000009536743,2.509999990463257,30789,0.0,0.0
2022-12-21 14:30:00-05:00,2.5199999809265137,2.5199999809265137,2.494999885559082,2.5,16599,0.0,0.0
2022-12-21 15:30:00-05:00,2.5,2.5299999713897705,2.4800000190734863,2.5299999713897705,33399,0.0,0.0
2022-12-22 09:30:00-05:00,2.4600000381469727,2.630000114440918,2.4600000381469727,2.5950000286102295,38618,0.0,0.0
2022-12-22 10:30:00-05:00,2.5999999046325684,2.619999885559082,2.509999990463257,2.509999990463257,29633,0.0,0.0
2022-12-22 11:30:00-05:00,2.509999990463257,2.569999933242798,2.5,2.569999933242798,37172,0.0,0.0
2022-12-22 12:30:00-05:00,2.569999933242798,2.5799999237060547,2.5,2.5399999618530273,61748,0.0,0.0
2022-12-22 13:30:00-05:00,2.5399999618530273,2.5850000381469727,2.5199999809265137,2.5250000953674316,29800,0.0,0.0
2022-12-22 14:30:00-05:00,2.5250000953674316,2.549999952316284,2.5,2.5299999713897705,62598,0.0,0.0
2022-12-22 15:30:00-05:00,2.5299999713897705,2.5299999713897705,2.5,2.5199999809265137,37030,0.0,0.0
2022-12-23 09:30:00-05:00,2.5,2.549999952316284,2.5,2.549999952316284,11197,0.0,0.0
2022-12-23 10:30:00-05:00,2.5399999618530273,2.5899999141693115,2.5399999618530273,2.549999952316284,6664,0.0,0.0
2022-12-23 11:30:00-05:00,2.549999952316284,2.569999933242798,2.5399999618530273,2.550100088119507,13133,0.0,0.0
2022-12-23 12:30:00-05:00,2.555000066757202,2.559000015258789,2.5399999618530273,2.5450000762939453,10628,0.0,0.0
2022-12-23 13:30:00-05:00,2.5450000762939453,2.5899999141693115,2.5450000762939453,2.575000047683716,18685,0.0,0.0
2022-12-23 14:30:00-05:00,2.5708999633789062,2.5799999237060547,2.549999952316284,2.555000066757202,13607,0.0,0.0
2022-12-23 15:30:00-05:00,2.555000066757202,2.559999942779541,2.5399999618530273,2.549999952316284,43791,0.0,0.0
2022-12-27 09:30:00-05:00,2.5399999618530273,2.5399999618530273,2.3701000213623047,2.515000104904175,16954,0.0,0.0
2022-12-27 10:30:00-05:00,2.5190000534057617,2.5199999809265137,2.5,2.5046000480651855,4556,0.0,0.0
2022-12-27 11:30:00-05:00,2.5,2.5,2.4800000190734863,2.491499900817871,41052,0.0,0.0
2022-12-27 12:30:00-05:00,2.5,2.505000114440918,2.4800000190734863,2.490000009536743,44877,0.0,0.0
2022-12-27 13:30:00-05:00,2.490000009536743,2.494999885559082,2.4700000286102295,2.494999885559082,40071,0.0,0.0
2022-12-27 14:30:00-05:00,2.494999885559082,2.5299999713897705,2.490000009536743,2.490000009536743,31939,0.0,0.0
2022-12-27 15:30:00-05:00,2.490000009536743,2.505000114440918,2.490000009536743,2.5,46393,0.0,0.0
2022-12-28 09:30:00-05:00,2.5,2.5850000381469727,2.4700000286102295,2.5799999237060547,13908,0.0,0.0
2022-12-28 10:30:00-05:00,2.5799999237060547,2.5799999237060547,2.505000114440918,2.515000104904175,34611,0.0,0.0
2022-12-28 11:30:00-05:00,2.515000104904175,2.515000104904175,2.490000009536743,2.494999885559082,25196,0.0,0.0
2022-12-28 12:30:00-05:00,2.5,2.5199999809265137,2.490000009536743,2.490000009536743,14875,0.0,0.0
2022-12-28 13:30:00-05:00,2.490000009536743,2.509999990463257,2.4800000190734863,2.494999885559082,20528,0.0,0.0
2022-12-28 14:30:00-05:00,2.494999885559082,2.509999990463257,2.484999895095825,2.505000114440918,22414,0.0,0.0
2022-12-28 15:30:00-05:00,2.505000114440918,2.5199999809265137,2.490000009536743,2.5,23365,0.0,0.0
2022-12-29 09:30:00-05:00,2.5199999809265137,2.680000066757202,2.5199999809265137,2.680000066757202,56655,0.0,0.0
2022-12-29 10:30:00-05:00,2.6700000762939453,2.7200000286102295,2.6600000858306885,2.6700000762939453,38681,0.0,0.0
2022-12-29 11:30:00-05:00,2.6700000762939453,2.7200000286102295,2.6600000858306885,2.690000057220459,16898,0.0,0.0
2022-12-29 12:30:00-05:00,2.684999942779541,2.690000057220459,2.640000104904175,2.690000057220459,18456,0.0,0.0
2022-12-29 13:30:00-05:00,2.690000057220459,2.690000057220459,2.630000114440918,2.630000114440918,11599,0.0,0.0
2022-12-29 14:30:00-05:00,2.630000114440918,2.630000114440918,2.5999999046325684,2.609999895095825,19509,0.0,0.0
2022-12-29 15:30:00-05:00,2.609999895095825,2.619999885559082,2.5899999141693115,2.5999999046325684,33361,0.0,0.0
2022-12-30 09:30:00-05:00,2.559999942779541,2.640000104904175,2.5299999713897705,2.623199939727783,9038,0.0,0.0
2022-12-30 10:30:00-05:00,2.619999885559082,2.640000104904175,2.569999933242798,2.5899999141693115,39746,0.0,0.0
2022-12-30 11:30:00-05:00,2.5999999046325684,2.630000114440918,2.5899999141693115,2.5999999046325684,12418,0.0,0.0
2022-12-30 12:30:00-05:00,2.6050000190734863,2.609999895095825,2.5899999141693115,2.593600034713745,7762,0.0,0.0
2022-12-30 13:30:00-05:00,2.5999999046325684,2.619999885559082,2.5999999046325684,2.619999885559082,13292,0.0,0.0
2022-12-30 14:30:00-05:00,2.619999885559082,2.640000104904175,2.619999885559082,2.634999990463257,9950,0.0,0.0
2022-12-30 15:30:00-05:00,2.630000114440918,2.640000104904175,2.5799999237060547,2.609999895095825,92875,0.0,0.0
2023-01-03 09:30:00-05:00,2.609999895095825,2.7799999713897705,2.609999895095825,2.6549999713897705,26856,0.0,0.0
2023-01-03 10:30:00-05:00,2.6700000762939453,2.6700000762939453,2.5899999141693115,2.5899999141693115,9619,0.0,0.0
2023-01-03 11:30:00-05:00,2.5950000286102295,2.609999895095825,2.549999952316284,2.575000047683716,5415,0.0,0.0
2023-01-03 12:30:00-05:00,2.5899999141693115,2.680000066757202,2.5899999141693115,2.6700000762939453,35104,0.0,0.0
2023-01-03 13:30:00-05:00,2.6600000858306885,2.680000066757202,2.5999999046325684,2.6500000953674316,18554,0.0,0.0
2023-01-03 14:30:00-05:00,2.6500000953674316,2.7100000381469727,2.640000104904175,2.6600000858306885,29302,0.0,0.0
2023-01-03 15:30:00-05:00,2.6700000762939453,2.680000066757202,2.5799999237060547,2.609999895095825,43256,0.0,0.0
2023-01-04 09:30:00-05:00,2.619999885559082,2.7699999809265137,2.5999999046325684,2.640000104904175,9020,0.0,0.0
2023-01-04 10:30:00-05:00,2.630000114440918,2.690000057220459,2.630000114440918,2.690000057220459,5452,0.0,0.0
2023-01-04 11:30:00-05:00,2.700000047683716,2.700000047683716,2.6500000953674316,2.6600000858306885,8529,0.0,0.0
2023-01-04 12:30:00-05:00,2.6600000858306885,2.700000047683716,2.6600000858306885,2.680000066757202,8534,0.0,0.0
2023-01-04 13:30:00-05:00,2.6700000762939453,2.680000066757202,2.6500000953674316,2.6649999618530273,6062,0.0,0.0
2023-01-04 14:30:00-05:00,2.670599937438965,2.680000066757202,2.6600000858306885,2.674999952316284,12742,0.0,0.0
2023-01-04 15:30:00-05:00,2.6700000762939453,2.7300000190734863,2.6689999103546143,2.7200000286102295,29522,0.0,0.0
2023-01-05 09:30:00-05:00,2.7100000381469727,2.799999952316284,2.6593000888824463,2.799999952316284,29121,0.0,0.0
2023-01-05 10:30:00-05:00,2.7899999618530273,2.825000047683716,2.6619999408721924,2.7298998832702637,75218,0.0,0.0
2023-01-05 11:30:00-05:00,2.7100000381469727,2.7100000381469727,2.6600000858306885,2.690000057220459,10278,0.0,0.0
2023-01-05 12:30:00-05:00,2.690000057220459,2.702500104904175,2.6700000762939453,2.702500104904175,9597,0.0,0.0
2023-01-05 13:30:00-05:00,2.7100000381469727,2.7300000190734863,2.694999933242798,2.7200000286102295,10293,0.0,0.0
2023-01-05 14:30:00-05:00,2.7200000286102295,2.7300000190734863,2.690000057220459,2.7200000286102295,12541,0.0,0.0
2023-01-05 15:30:00-05:00,2.7300000190734863,2.7699999809265137,2.7100000381469727,2.740000009536743,39993,0.0,0.0
2023-01-06 09:30:00-05:00,2.759999990463257,2.8399999141693115,2.690000057220459,2.819999933242798,23803,0.0,0.0
2023-01-06 10:30:00-05:00,2.819999933242798,2.940000057220459,2.819999933242798,2.9200000762939453,35626,0.0,0.0
2023-01-06 11:30:00-05:00,2.930000066757202,3.0,2.930000066757202,2.990000009536743,30484,0.0,0.0
2023-01-06 12:30:00-05:00,2.990000009536743,3.079900026321411,2.990000009536743,3.0299999713897705,55174,0.0,0.0
2023-01-06 13:30:00-05:00,3.0399999618530273,3.069999933242798,3.009999990463257,3.0299999713897705,18992,0.0,0.0
2023-01-06 14:30:00-05:00,3.0250000953674316,3.0250000953674316,2.930000066757202,2.950000047683716,16663,0.0,0.0
2023-01-06 15:30:00-05:00,2.940000057220459,2.9600000381469727,2.930000066757202,2.9600000381469727,29855,0.0,0.0
2023-01-09 09:30:00-05:00,2.9800000190734863,2.9800000190734863,2.880000114440918,2.880000114440918,18945,0.0,0.0
2023-01-09 10:30:00-05:00,2.880000114440918,2.9000000953674316,2.8399999141693115,2.884999990463257,18794,0.0,0.0
2023-01-09 11:30:00-05:00,2.884999990463257,2.940000057220459,2.865000009536743,2.940000057220459,17794,0.0,0.0
2023-01-09 12:30:00-05:00,2.940000057220459,2.950000047683716,2.890000104904175,2.8949999809265137,15815,0.0,0.0
2023-01-09 13:30:00-05:00,2.8949999809265137,2.9100000858306885,2.805000066757202,2.805000066757202,19476,0.0,0.0
2023-01-09 14:30:00-05:00,2.7899999618530273,2.869999885559082,2.7899999618530273,2.859999895095825,94028,0.0,0.0
2023-01-09 15:30:00-05:00,2.859999895095825,2.859999895095825,2.6600000858306885,2.680000066757202,163023,0.0,0.0
2023-01-10 09:30:00-05:00,2.700000047683716,2.819999933242798,2.700000047683716,2.740000009536743,41651,0.0,0.0
2023-01-10 10:30:00-05:00,2.7300000190734863,2.759999990463257,2.7100000381469727,2.75,6848,0.0,0.0
2023-01-10 11:30:00-05:00,2.740000009536743,2.744999885559082,2.690000057220459,2.700000047683716,10924,0.0,0.0
2023-01-10 12:30:00-05:00,2.7049999237060547,2.7149999141693115,2.6700000762939453,2.6700000762939453,16798,0.0,0.0
2023-01-10 13:30:00-05:00,2.6700000762939453,2.690000057220459,2.6500000953674316,2.6600000858306885,14414,0.0,0.0
2023-01-10 14:30:00-05:00,2.6672000885009766,2.6700000762939453,2.5799999237060547,2.624000072479248,63554,0.0,0.0
2023-01-10 15:30:00-05:00,2.6285998821258545,2.630000114440918,2.5799999237060547,2.615000009536743,44842,0.0,0.0
2023-01-11 09:30:00-05:00,2.6500000953674316,2.6600000858306885,2.359999895095825,2.4049999713897705,66271,0.0,0.0
2023-01-11 10:30:00-05:00,2.4049999713897705,2.430000066757202,2.309999942779541,2.309999942779541,53804,0.0,0.0
2023-01-11 11:30:00-05:00,2.315000057220459,2.319999933242798,2.2701001167297363,2.2750000953674316,65897,0.0,0.0
2023-01-11 12:30:00-05:00,2.2750000953674316,2.3197999000549316,2.2100000381469727,2.309999942779541,96412,0.0,0.0
2023-01-11 13:30:00-05:00,2.309999942779541,2.369999885559082,2.309999942779541,2.3450000286102295,42813,0.0,0.0
2023-01-11 14:30:00-05:00,2.340100049972534,2.349100112915039,2.3299999237060547,2.3350000381469727,30066,0.0,0.0
2023-01-11 15:30:00-05:00,2.3350000381469727,2.3499999046325684,2.319999933242798,2.325000047683716,63739,0.0,0.0
2023-01-12 09:30:00-05:00,2.299999952316284,2.369999885559082,2.0199999809265137,2.065000057220459,119549,0.0,0.0
2023-01-12 10:30:00-05:00,2.065000057220459,2.1500000953674316,2.059999942779541,2.134999990463257,62408,0.0,0.0
2023-01-12 11:30:00-05:00,2.134999990463257,2.200000047683716,2.0999999046325684,2.1500000953674316,75022,0.0,0.0
2023-01-12 12:30:00-05:00,2.1500000953674316,2.2300000190734863,2.140000104904175,2.200000047683716,49762,0.0,0.0
2023-01-12 13:30:00-05:00,2.200000047683716,2.2100000381469727,2.1600000858306885,2.1649999618530273,40417,0.0,0.0
2023-01-12 14:30:00-05:00,2.1649999618530273,2.25,2.0950000286102295,2.234999895095825,99563,0.0,0.0
2023-01-12 15:30:00-05:00,2.23009991645813,2.319999933242798,2.2300000190734863,2.2750000953674316,95489,0.0,0.0
2023-01-13 09:30:00-05:00,2.259999990463257,2.369999885559082,2.2000999450683594,2.301500082015991,38895,0.0,0.0
2023-01-13 10:30:00-05:00,2.309999942779541,2.4200000762939453,2.305000066757202,2.365000009536743,28048,0.0,0.0
2023-01-13 11:30:00-05:00,2.365000009536743,2.4100000858306885,2.365000009536743,2.4049999713897705,22235,0.0,0.0
2023-01-13 12:30:00-05:00,2.4049999713897705,2.4100000858306885,2.3949999809265137,2.4000000953674316,12060,0.0,0.0
2023-01-13 13:30:00-05:00,2.4049999713897705,2.440000057220459,2.4049999713897705,2.424999952316284,14715,0.0,0.0
2023-01-13 14:30:00-05:00,2.422800064086914,2.424999952316284,2.390000104904175,2.390000104904175,25928,0.0,0.0
2023-01-13 15:30:00-05:00,2.390000104904175,2.4200000762939453,2.390000104904175,2.4049999713897705,24326,0.0,0.0
2023-01-17 09:30:00-05:00,2.359999895095825,2.434999942779541,2.309999942779541,2.4200000762939453,37435,0.0,0.0
2023-01-17 10:30:00-05:00,2.4105000495910645,2.424999952316284,2.3315000534057617,2.3350000381469727,22079,0.0,0.0
2023-01-17 11:30:00-05:00,2.348299980163574,2.430000066757202,2.3350000381469727,2.4000000953674316,18159,0.0,0.0
2023-01-17 12:30:00-05:00,2.4100000858306885,2.4700000286102295,2.4100000858306885,2.4200000762939453,34065,0.0,0.0
2023-01-17 13:30:00-05:00,2.4200000762939453,2.4200000762939453,2.380000114440918,2.4000000953674316,24175,0.0,0.0
2023-01-17 14:30:00-05:00,2.4049999713897705,2.4100000858306885,2.3796000480651855,2.4100000858306885,25879,0.0,0.0
2023-01-17 15:30:00-05:00,2.4200000762939453,2.430000066757202,2.390000104904175,2.4000000953674316,36295,0.0,0.0
2023-01-18 09:30:00-05:00,2.450000047683716,2.4649999141693115,2.359999895095825,2.450000047683716,39569,0.0,0.0
2023-01-18 10:30:00-05:00,2.444999933242798,2.444999933242798,2.3499999046325684,2.4149999618530273,23390,0.0,0.0
2023-01-18 11:30:00-05:00,2.430000066757202,2.430000066757202,2.375,2.4000000953674316,8461,0.0,0.0
2023-01-18 12:30:00-05:00,2.4100000858306885,2.4100000858306885,2.3550000190734863,2.3949999809265137,20363,0.0,0.0
2023-01-18 13:30:00-05:00,2.4000000953674316,2.4100000858306885,2.359999895095825,2.380000114440918,20117,0.0,0.0
2023-01-18 14:30:00-05:00,2.380000114440918,2.390000104904175,2.3499999046325684,2.359999895095825,23401,0.0,0.0
2023-01-18 15:30:00-05:00,2.359999895095825,2.359999895095825,2.299999952316284,2.319999933242798,43220,0.0,0.0
2023-01-19 09:30:00-05:00,2.2799999713897705,2.309999942779541,2.2100000381469727,2.25,24852,0.0,0.0
2023-01-19 10:30:00-05:00,2.25,2.259999990463257,2.2100000381469727,2.259999990463257,15465,0.0,0.0
2023-01-19 11:30:00-05:00,2.259999990463257,2.259999990463257,2.23009991645813,2.244999885559082,14403,0.0,0.0
2023-01-19 12:30:00-05:00,2.25,2.259999990463257,2.240000009536743,2.25,14789,0.0,0.0
2023-01-19 13:30:00-05:00,2.259999990463257,2.2699999809265137,2.240000009536743,2.255000114440918,30771,0.0,0.0
2023-01-19 14:30:00-05:00,2.255000114440918,2.2583999633789062,2.2300000190734863,2.25,19916,0.0,0.0
2023-01-19 15:30:00-05:00,2.247499942779541,2.25,2.2200000286102295,2.2249999046325684,26379,0.0,0.0
2023-01-20 09:30:00-05:00,2.25,2.25,2.164400100708008,2.2249999046325684,27388,0.0,0.0
2023-01-20 10:30:00-05:00,2.2300000190734863,2.259999990463257,2.2200000286102295,2.2200000286102295,20921,0.0,0.0
2023-01-20 11:30:00-05:00,2.2200000286102295,2.25,2.2149999141693115,2.2300000190734863,8308,0.0,0.0
2023-01-20 12:30:00-05:00,2.2300000190734863,2.240000009536743,2.2149999141693115,2.219599962234497,12336,0.0,0.0
2023-01-20 13:30:00-05:00,2.2300000190734863,2.25,2.2300000190734863,2.25,14126,0.0,0.0
2023-01-20 14:30:00-05:00,2.2409000396728516,2.255000114440918,2.190000057220459,2.2300000190734863,23037,0.0,0.0
2023-01-20 15:30:00-05:00,2.2300000190734863,2.25,2.2300000190734863,2.25,68148,0.0,0.0
2023-01-23 09:30:00-05:00,2.25,2.299999952316284,2.200000047683716,2.200000047683716,26146,0.0,0.0
2023-01-23 10:30:00-05:00,2.200000047683716,2.234100103378296,2.180000066757202,2.180000066757202,18307,0.0,0.0
2023-01-23 11:30:00-05:00,2.190000057220459,2.2699999809265137,2.1600000858306885,2.200000047683716,44476,0.0,0.0
2023-01-23 12:30:00-05:00,2.190000057220459,2.2184998989105225,2.180000066757202,2.200000047683716,10068,0.0,0.0
2023-01-23 13:30:00-05:00,2.200000047683716,2.2126998901367188,2.180000066757202,2.2100000381469727,23595,0.0,0.0
2023-01-23 14:30:00-05:00,2.2149999141693115,2.2170000076293945,2.1700000762939453,2.200000047683716,42606,0.0,0.0
2023-01-23 15:30:00-05:00,2.200000047683716,2.2100000381469727,2.1600000858306885,2.180000066757202,31840,0.0,0.0
2023-01-24 09:30:00-05:00,2.1600000858306885,2.2100000381469727,2.134999990463257,2.134999990463257,13548,0.0,0.0
2023-01-24 10:30:00-05:00,2.1384999752044678,2.1600000858306885,2.119999885559082,2.1600000858306885,18890,0.0,0.0
2023-01-24 11:30:00-05:00,2.1649999618530273,2.1700000762939453,2.115000009536743,2.125,14154,0.0,0.0
2023-01-24 12:30:00-05:00,2.119999885559082,2.125,2.069999933242798,2.080899953842163,17621,0.0,0.0
2023-01-24 13:30:00-05:00,2.0799999237060547,2.087899923324585,2.009999990463257,2.009999990463257,35303,0.0,0.0
2023-01-24 14:30:00-05:00,2.009999990463257,2.069999933242798,2.0,2.0199999809265137,61629,0.0,0.0
2023-01-24 15:30:00-05:00,2.0199999809265137,2.059999942779541,2.0,2.049999952316284,54882,0.0,0.0
2023-01-25 09:30:00-05:00,2.0899999141693115,2.0899999141693115,2.0199999809265137,2.069999933242798,12824,0.0,0.0
2023-01-25 10:30:00-05:00,2.069999933242798,2.099900007247925,2.0199999809265137,2.0799999237060547,63977,0.0,0.0
2023-01-25 11:30:00-05:00,2.0999999046325684,2.119999885559082,2.059999942779541,2.059999942779541,14875,0.0,0.0
2023-01-25 12:30:00-05:00,2.059999942779541,2.0999999046325684,2.059999942779541,2.0999999046325684,5597,0.0,0.0
2023-01-25 13:30:00-05:00,2.0999999046325684,2.0999999046325684,2.059999942779541,2.059999942779541,18109,0.0,0.0
2023-01-25 14:30:00-05:00,2.059999942779541,2.109999895095825,2.049999952316284,2.0950000286102295,21092,0.0,0.0
2023-01-25 15:30:00-05:00,2.0999999046325684,2.119999885559082,2.0999999046325684,2.109999895095825,17160,0.0,0.0
2023-01-26 09:30:00-05:00,2.1700000762939453,2.259999990463257,2.1600000858306885,2.174999952316284,82192,0.0,0.0
2023-01-26 10:30:00-05:00,2.190000057220459,2.190000057220459,2.130000114440918,2.1700000762939453,9421,0.0,0.0
2023-01-26 11:30:00-05:00,2.1600000858306885,2.1600000858306885,2.119999885559082,2.119999885559082,10641,0.0,0.0
2023-01-26 12:30:00-05:00,2.125,2.130000114440918,2.0999999046325684,2.125,15026,0.0,0.0
2023-01-26 13:30:00-05:00,2.119999885559082,2.119999885559082,2.0799999237060547,2.0799999237060547,32016,0.0,0.0
2023-01-26 14:30:00-05:00,2.0850000381469727,2.0999999046325684,2.0850000381469727,2.0999999046325684,11644,0.0,0.0
2023-01-26 15:30:00-05:00,2.0999999046325684,2.0999999046325684,2.055000066757202,2.0899999141693115,58801,0.0,0.0
2023-01-27 09:30:00-05:00,2.059999942779541,2.109999895095825,2.059999942779541,2.0899999141693115,8414,0.0,0.0
2023-01-27 10:30:00-05:00,2.069999933242798,2.0899999141693115,2.069999933242798,2.075000047683716,9051,0.0,0.0
2023-01-27 11:30:00-05:00,2.075000047683716,2.0999999046325684,2.069999933242798,2.09089994430542,7767,0.0,0.0
2023-01-27 12:30:00-05:00,2.0950000286102295,2.0999999046325684,2.0899999141693115,2.0924999713897705,6189,0.0,0.0
2023-01-27 13:30:00-05:00,2.0924999713897705,2.099900007247925,2.0899999141693115,2.0950000286102295,5064,0.0,0.0
2023-01-27 14:30:00-05:00,2.0950000286102295,2.140000104904175,2.0899999141693115,2.119999885559082,27269,0.0,0.0
2023-01-27 15:30:00-05:00,2.119999885559082,2.130000114440918,2.109999895095825,2.119999885559082,15850,0.0,0.0
2023-01-30 09:30:00-05:00,2.0799999237060547,2.0950000286102295,2.059999942779541,2.075000047683716,13602,0.0,0.0
2023-01-30 10:30:00-05:00,2.075000047683716,2.075000047683716,2.0450000762939453,2.049999952316284,17257,0.0,0.0
2023-01-30 11:30:00-05:00,2.055000066757202,2.069999933242798,2.049999952316284,2.055000066757202,12298,0.0,0.0
2023-01-30 12:30:00-05:00,2.055000066757202,2.089900016784668,2.0227999687194824,2.059999942779541,68772,0.0,0.0
2023-01-30 13:30:00-05:00,2.059999942779541,2.059999942779541,1.9700000286102295,1.9700000286102295,46108,0.0,0.0
2023-01-30 14:30:00-05:00,1.975000023841858,2.0299999713897705,1.9600000381469727,2.009999990463257,212552,0.0,0.0
2023-01-30 15:30:00-05:00,2.009999990463257,2.0399999618530273,1.9800000190734863,2.0199999809265137,70716,0.0,0.0
2023-01-31 09:30:00-05:00,2.0,2.050100088119507,1.9900000095367432,2.009999990463257,16095,0.0,0.0
2023-01-31 10:30:00-05:00,2.021199941635132,2.075000047683716,2.009999990463257,2.059999942779541,9378,0.0,0.0
2023-01-31 11:30:00-05:00,2.049999952316284,2.049999952316284,2.0,2.009999990463257,20240,0.0,0.0
2023-01-31 12:30:00-05:00,2.0199999809265137,2.0199999809265137,2.009999990463257,2.009999990463257,3138,0.0,0.0
2023-01-31 13:30:00-05:00,2.0,2.009999990463257,2.0,2.0,11446,0.0,0.0
2023-01-31 14:30:00-05:00,2.009999990463257,2.009999990463257,1.9700000286102295,1.9815000295639038,25722,0.0,0.0
2023-01-31 15:30:00-05:00,1.9900000095367432,1.9900000095367432,1.9500000476837158,1.9700000286102295,44872,0.0,0.0
2023-02-01 09:30:00-05:00,1.9800000190734863,2.0199999809265137,1.9700000286102295,2.0,27911,0.0,0.0
2023-02-01 10:30:00-05:00,2.0199999809265137,2.0199999809265137,1.975000023841858,2.0,13530,0.0,0.0
2023-02-01 11:30:00-05:00,2.0,2.0,1.9700000286102295,1.9850000143051147,10061,0.0,0.0
2023-02-01 12:30:00-05:00,1.9800000190734863,1.9800000190734863,1.965000033378601,1.9700000286102295,21685,0.0,0.0
2023-02-01 13:30:00-05:00,2.0,2.0,1.9700000286102295,1.9800000190734863,21180,0.0,0.0
2023-02-01 14:30:00-05:00,1.9800000190734863,2.069999933242798,1.9700000286102295,2.009999990463257,60236,0.0,0.0
2023-02-01 15:30:00-05:00,2.009999990463257,2.009999990463257,1.9900000095367432,1.9900000095367432,38999,0.0,0.0
2023-02-02 09:30:00-05:00,2.009999990463257,2.134999990463257,2.0,2.0999999046325684,80736,0.0,0.0
2023-02-02 10:30:00-05:00,2.109999895095825,2.234999895095825,2.109999895095825,2.234999895095825,113157,0.0,0.0
2023-02-02 11:30:00-05:00,2.2200000286102295,2.25,2.200000047683716,2.2249999046325684,62266,0.0,0.0
2023-02-02 12:30:00-05:00,2.2207000255584717,2.299999952316284,2.2200000286102295,2.265000104904175,58881,0.0,0.0
2023-02-02 13:30:00-05:00,2.2614998817443848,2.290800094604492,2.240000009536743,2.240000009536743,28990,0.0,0.0
2023-02-02 14:30:00-05:00,2.240000009536743,2.240000009536743,2.1749000549316406,2.190000057220459,27174,0.0,0.0
2023-02-02 15:30:00-05:00,2.190000057220459,2.2100000381469727,2.180000066757202,2.190000057220459,77097,0.0,0.0
2023-02-03 09:30:00-05:00,2.200000047683716,2.200000047683716,2.0899999141693115,2.130000114440918,68994,0.0,0.0
2023-02-03 10:30:00-05:00,2.119999885559082,2.130000114440918,2.0899999141693115,2.0999999046325684,20675,0.0,0.0
2023-02-03 11:30:00-05:00,2.0999999046325684,2.119999885559082,2.0850000381469727,2.1024999618530273,42765,0.0,0.0
2023-02-03 12:30:00-05:00,2.0999999046325684,2.109999895095825,2.0899999141693115,2.0950000286102295,16179,0.0,0.0
2023-02-03 13:30:00-05:00,2.0985000133514404,2.1050000190734863,2.0899999141693115,2.0899999141693115,23591,0.0,0.0
2023-02-03 14:30:00-05:00,2.0950000286102295,2.0999999046325684,2.0899999141693115,2.0899999141693115,39499,0.0,0.0
2023-02-03 15:30:00-05:00,2.0899999141693115,2.1500000953674316,2.049999952316284,2.0899999141693115,450092,0.0,0.0
2023-02-06 09:30:00-05:00,2.0999999046325684,2.0999999046325684,2.0399999618530273,2.049999952316284,35894,0.0,0.0
2023-02-06 10:30:00-05:00,2.049999952316284,2.0699000358581543,2.0350000858306885,2.0399999618530273,8391,0.0,0.0
2023-02-06 11:30:00-05:00,2.049999952316284,2.119999885559082,2.0299999713897705,2.0399999618530273,50735,0.0,0.0
2023-02-06 12:30:00-05:00,2.049999952316284,2.059999942779541,1.9800000190734863,1.9800000190734863,89682,0.0,0.0
2023-02-06 13:30:00-05:00,1.9900000095367432,2.009999990463257,1.965000033378601,1.965000033378601,33347,0.0,0.0
2023-02-06 14:30:00-05:00,1.9700000286102295,1.9700000286102295,1.909999966621399,1.9399000406265259,35561,0.0,0.0
2023-02-06 15:30:00-05:00,1.940000057220459,1.9800000190734863,1.940000057220459,1.9800000190734863,51491,0.0,0.0
2023-02-07 09:30:00-05:00,1.9900000095367432,1.9900000095367432,1.940000057220459,1.9500000476837158,25613,0.0,0.0
2023-02-07 10:30:00-05:00,1.947700023651123,1.9500000476837158,1.899999976158142,1.899999976158142,28670,0.0,0.0
2023-02-07 11:30:00-05:00,1.899999976158142,1.9199999570846558,1.8899999856948853,1.899999976158142,55166,0.0,0.0
2023-02-07 12:30:00-05:00,1.895400047302246,1.895400047302246,1.8200000524520874,1.840000033378601,57548,0.0,0.0
2023-02-07 13:30:00-05:00,1.8300000429153442,1.9149999618530273,1.7999999523162842,1.899999976158142,56434,0.0,0.0
2023-02-07 14:30:00-05:00,1.8949999809265137,1.9149999618530273,1.875,1.8949999809265137,34501,0.0,0.0
2023-02-07 15:30:00-05:00,1.8899999856948853,1.9399000406265259,1.8849999904632568,1.9199999570846558,58369,0.0,0.0
2023-02-08 09:30:00-05:00,1.8899999856948853,1.9700000286102295,1.850000023841858,1.9500000476837158,26607,0.0,0.0
2023-02-08 10:30:00-05:00,1.940000057220459,1.940000057220459,1.8899999856948853,1.8899999856948853,15292,0.0,0.0
2023-02-08 11:30:00-05:00,1.8899999856948853,1.9199999570846558,1.8898999691009521,1.909999966621399,5815,0.0,0.0
2023-02-08 12:30:00-05:00,1.9199999570846558,1.9199999570846558,1.8899999856948853,1.899999976158142,12020,0.0,0.0
2023-02-08 13:30:00-05:00,1.8899999856948853,1.9600000381469727,1.8899999856948853,1.9500000476837158,31291,0.0,0.0
2023-02-08 14:30:00-05:00,1.9500000476837158,1.9500000476837158,1.8899999856948853,1.8949999809265137,48955,0.0,0.0
2023-02-08 15:30:00-05:00,1.899999976158142,1.899999976158142,1.8799999952316284,1.899999976158142,33771,0.0,0.0
2023-02-09 09:30:00-05:00,1.8799999952316284,1.9149999618530273,1.7999999523162842,1.843500018119812,45568,0.0,0.0
2023-02-09 10:30:00-05:00,1.850000023841858,1.8700000047683716,1.8350000381469727,1.839900016784668,19134,0.0,0.0
2023-02-09 11:30:00-05:00,1.8350000381469727,1.840000033378601,1.8300000429153442,1.840000033378601,8789,0.0,0.0
2023-02-09 12:30:00-05:00,1.8200000524520874,1.840000033378601,1.7699999809265137,1.774999976158142,41323,0.0,0.0
2023-02-09 13:30:00-05:00,1.7699999809265137,1.7799999713897705,1.7350000143051147,1.7496999502182007,44681,0.0,0.0
2023-02-09 14:30:00-05:00,1.75,1.7599999904632568,1.7000000476837158,1.7300000190734863,40031,0.0,0.0
2023-02-09 15:30:00-05:00,1.725000023841858,1.7300000190734863,1.6799999475479126,1.725000023841858,41620,0.0,0.0
2023-02-10 09:30:00-05:00,1.75,1.75,1.690000057220459,1.715000033378601,26617,0.0,0.0
2023-02-10 10:30:00-05:00,1.7200000286102295,1.7300000190734863,1.684999942779541,1.684999942779541,18068,0.0,0.0
2023-02-10 11:30:00-05:00,1.684999942779541,1.690000057220459,1.659999966621399,1.6649999618530273,18419,0.0,0.0
2023-02-10 12:30:00-05:00,1.6654000282287598,1.7100000381469727,1.6654000282287598,1.6950000524520874,13835,0.0,0.0
2023-02-10 13:30:00-05:00,1.7000000476837158,1.7300000190734863,1.7000000476837158,1.725000023841858,37934,0.0,0.0
2023-02-10 14:30:00-05:00,1.725000023841858,1.729200005531311,1.7200000286102295,1.7203999757766724,7097,0.0,0.0
2023-02-10 15:30:00-05:00,1.7200000286102295,1.7400000095367432,1.715000033378601,1.7300000190734863,37859,0.0,0.0
2023-02-13 09:30:00-05:00,1.690000057220459,1.6950000524520874,1.5499999523162842,1.5800000429153442,155350,0.0,0.0
2023-02-13 10:30:00-05:00,1.5800000429153442,1.7100000381469727,1.5800000429153442,1.690000057220459,52727,0.0,0.0
2023-02-13 11:30:00-05:00,1.690000057220459,1.7000000476837158,1.659999966621399,1.6799999475479126,21400,0.0,0.0
2023-02-13 12:30:00-05:00,1.690000057220459,1.7100000381469727,1.6401000022888184,1.6549999713897705,20843,0.0,0.0
2023-02-13 13:30:00-05:00,1.659999966621399,1.659999966621399,1.649999976158142,1.6575000286102295,6516,0.0,0.0
2023-02-13 14:30:00-05:00,1.659999966621399,1.6699999570846558,1.649999976158142,1.6549999713897705,18155,0.0,0.0
2023-02-13 15:30:00-05:00,1.659999966621399,1.690000057220459,1.6200000047683716,1.659999966621399,63219,0.0,0.0
2023-02-14 09:30:00-05:00,1.6799999475479126,1.7300000190734863,1.636299967765808,1.7100000381469727,18070,0.0,0.0
2023-02-14 10:30:00-05:00,1.7100000381469727,1.7100000381469727,1.7000000476837158,1.7100000381469727,12794,0.0,0.0
2023-02-14 11:30:00-05:00,1.7050000429153442,1.7100000381469727,1.7000000476837158,1.7050000429153442,9867,0.0,0.0
2023-02-14 12:30:00-05:00,1.7050000429153442,1.7599999904632568,1.7000000476837158,1.7599999904632568,19331,0.0,0.0
2023-02-14 13:30:00-05:00,1.75,1.7599999904632568,1.7200000286102295,1.725000023841858,6107,0.0,0.0
2023-02-14 14:30:00-05:00,1.725000023841858,1.7450000047683716,1.7100000381469727,1.7450000047683716,19070,0.0,0.0
2023-02-14 15:30:00-05:00,1.75,1.7649999856948853,1.7300000190734863,1.7599999904632568,25441,0.0,0.0
2023-02-15 09:30:00-05:00,1.7200000286102295,1.850000023841858,1.690999984741211,1.815000057220459,38015,0.0,0.0
2023-02-15 10:30:00-05:00,1.815000057220459,1.850000023841858,1.8115999698638916,1.850000023841858,17249,0.0,0.0
2023-02-15 11:30:00-05:00,1.850000023841858,1.8600000143051147,1.809999942779541,1.8250000476837158,24423,0.0,0.0
2023-02-15 12:30:00-05:00,1.840000033378601,1.850000023841858,1.8350000381469727,1.850000023841858,11131,0.0,0.0
2023-02-15 13:30:00-05:00,1.8450000286102295,1.8450000286102295,1.8300000429153442,1.840000033378601,15684,0.0,0.0
2023-02-15 14:30:00-05:00,1.840000033378601,1.850000023841858,1.7999999523162842,1.809999942779541,19370,0.0,0.0
2023-02-15 15:30:00-05:00,1.8049999475479126,1.840000033378601,1.7949999570846558,1.8200000524520874,23998,0.0,0.0
2023-02-16 09:30:00-05:00,1.8200000524520874,1.850000023841858,1.809999942779541,1.850000023841858,23509,0.0,0.0
2023-02-16 10:30:00-05:00,1.850000023841858,1.8550000190734863,1.809999942779541,1.815000057220459,41025,0.0,0.0
2023-02-16 11:30:00-05:00,1.7999999523162842,1.8350000381469727,1.7899999618530273,1.809999942779541,21468,0.0,0.0
2023-02-16 12:30:00-05:00,1.7899999618530273,1.7999999523162842,1.784999966621399,1.784999966621399,3630,0.0,0.0
2023-02-16 13:30:00-05:00,1.784999966621399,1.7999999523162842,1.7799999713897705,1.7999999523162842,30252,0.0,0.0
2023-02-16 14:30:00-05:00,1.781999945640564,1.7999999523162842,1.7799999713897705,1.784999966621399,32450,0.0,0.0
2023-02-16 15:30:00-05:00,1.7799999713897705,1.784999966621399,1.7200000286102295,1.7400000095367432,39339,0.0,0.0
2023-02-17 09:30:00-05:00,1.7400000095367432,1.774999976158142,1.7000000476837158,1.75,29643,0.0,0.0
2023-02-17 10:30:00-05:00,1.75,1.7549999952316284,1.6699999570846558,1.684999942779541,36887,0.0,0.0
2023-02-17 11:30:00-05:00,1.690000057220459,1.7100000381469727,1.6699999570846558,1.7050000429153442,14878,0.0,0.0
2023-02-17 12:30:00-05:00,1.7050000429153442,1.7300000190734863,1.6825000047683716,1.7000000476837158,15629,0.0,0.0
2023-02-17 13:30:00-05:00,1.7000000476837158,1.7100000381469727,1.6799999475479126,1.7100000381469727,4006,0.0,0.0
2023-02-17 14:30:00-05:00,1.7100000381469727,1.7100000381469727,1.6699999570846558,1.684999942779541,4651,0.0,0.0
2023-02-17 15:30:00-05:00,1.684999942779541,1.7000000476837158,1.6475000381469727,1.690000057220459,39071,0.0,0.0
2023-02-21 09:30:00-05:00,1.7300000190734863,1.7300000190734863,1.5800000429153442,1.600000023841858,42152,0.0,0.0
2023-02-21 10:30:00-05:00,1.5800000429153442,1.6200000047683716,1.559999942779541,1.590000033378601,19397,0.0,0.0
2023-02-21 11:30:00-05:00,1.5800000429153442,1.6299999952316284,1.559999942779541,1.559999942779541,28968,0.0,0.0
2023-02-21 12:30:00-05:00,1.5750000476837158,1.6100000143051147,1.5657999515533447,1.590000033378601,24498,0.0,0.0
2023-02-21 13:30:00-05:00,1.600000023841858,1.600000023841858,1.5800000429153442,1.600000023841858,11700,0.0,0.0
2023-02-21 14:30:00-05:00,1.600000023841858,1.649999976158142,1.5800000429153442,1.5850000381469727,27443,0.0,0.0
2023-02-21 15:30:00-05:00,1.5800000429153442,1.590000033378601,1.5499999523162842,1.5499999523162842,41165,0.0,0.0
2023-02-22 09:30:00-05:00,1.559999942779541,1.6449999809265137,1.4500000476837158,1.4550000429153442,84851,0.0,0.0
2023-02-22 10:30:00-05:00,1.4500000476837158,1.521299958229065,1.4199999570846558,1.5099999904632568,51066,0.0,0.0
2023-02-22 11:30:00-05:00,1.5099999904632568,1.5299999713897705,1.4900000095367432,1.5199999809265137,38118,0.0,0.0
2023-02-22 12:30:00-05:00,1.5149999856948853,1.5499999523162842,1.5049999952316284,1.5499999523162842,17340,0.0,0.0
2023-02-22 13:30:00-05:00,1.5399999618530273,1.5399999618530273,1.5099999904632568,1.5399999618530273,18539,0.0,0.0
2023-02-22 14:30:00-05:00,1.524999976158142,1.5399999618530273,1.5,1.534999966621399,18187,0.0,0.0
2023-02-22 15:30:00-05:00,1.5399999618530273,1.5399999618530273,1.4900000095367432,1.4900000095367432,29578,0.0,0.0
2023-02-23 09:30:00-05:00,1.5299999713897705,1.559999942779541,1.4900000095367432,1.5299999713897705,52882,0.0,0.0
2023-02-23 10:30:00-05:00,1.5299999713897705,1.5299999713897705,1.5,1.5,8459,0.0,0.0
2023-02-23 11:30:00-05:00,1.5,1.5299999713897705,1.4800000190734863,1.5,5434,0.0,0.0
2023-02-23 12:30:00-05:00,1.5099999904632568,1.5299999713897705,1.5,1.5149999856948853,7734,0.0,0.0
2023-02-23 13:30:00-05:00,1.5199999809265137,1.5399999618530273,1.4900000095367432,1.5099999904632568,7603,0.0,0.0
2023-02-23 14:30:00-05:00,1.5,1.5299999713897705,1.5,1.5199999809265137,4399,0.0,0.0
2023-02-23 15:30:00-05:00,1.524999976158142,1.5299999713897705,1.5,1.5099999904632568,24669,0.0,0.0
2023-02-24 09:30:00-05:00,1.5199999809265137,1.5299999713897705,1.4600000381469727,1.4600000381469727,36439,0.0,0.0
2023-02-24 10:30:00-05:00,1.4800000190734863,1.5299999713897705,1.4600000381469727,1.5299999713897705,10614,0.0,0.0
2023-02-24 11:30:00-05:00,1.5299999713897705,1.5499999523162842,1.4900000095367432,1.5,4926,0.0,0.0
2023-02-24 12:30:00-05:00,1.4800000190734863,1.5,1.4700000286102295,1.4700000286102295,3507,0.0,0.0
2023-02-24 13:30:00-05:00,1.4700000286102295,1.4950000047683716,1.4600000381469727,1.4900000095367432,16150,0.0,0.0
2023-02-24 14:30:00-05:00,1.4900000095367432,1.5199999809265137,1.475000023841858,1.4950000047683716,23160,0.0,0.0
2023-02-24 15:30:00-05:00,1.4900000095367432,1.4950000047683716,1.440999984741211,1.4800000190734863,43325,0.0,0.0
2023-02-27 09:30:00-05:00,1.4700000286102295,1.5149999856948853,1.4500000476837158,1.4900000095367432,30498,0.0,0.0
2023-02-27 10:30:00-05:00,1.4800000190734863,1.4900000095367432,1.4600000381469727,1.4700000286102295,4125,0.0,0.0
2023-02-27 11:30:00-05:00,1.475000023841858,1.4900000095367432,1.4500000476837158,1.4900000095367432,23052,0.0,0.0
2023-02-27 12:30:00-05:00,1.4800000190734863,1.4900000095367432,1.4700000286102295,1.4700000286102295,8124,0.0,0.0
2023-02-27 13:30:00-05:00,1.4700000286102295,1.4800000190734863,1.4600000381469727,1.475000023841858,6874,0.0,0.0
2023-02-27 14:30:00-05:00,1.4700000286102295,1.4700000286102295,1.4550000429153442,1.4700000286102295,15619,0.0,0.0
2023-02-27 15:30:00-05:00,1.4700000286102295,1.4800000190734863,1.4500000476837158,1.4700000286102295,28514,0.0,0.0
2023-02-28 09:30:00-05:00,1.7699999809265137,2.869999885559082,1.7100000381469727,2.4379000663757324,34305105,0.0,0.0
2023-02-28 10:30:00-05:00,2.4321999549865723,2.5,2.3201000690460205,2.369800090789795,7389238,0.0,0.0
2023-02-28 11:30:00-05:00,2.3610999584198,2.390000104904175,2.240000009536743,2.315000057220459,3688491,0.0,0.0
2023-02-28 12:30:00-05:00,2.309999942779541,2.430000066757202,2.180000066757202,2.2209999561309814,3059721,0.0,0.0
2023-02-28 13:30:00-05:00,2.2200000286102295,2.25,2.059999942779541,2.0799999237060547,2290196,0.0,0.0
2023-02-28 14:30:00-05:00,2.0810999870300293,2.25,1.9900000095367432,2.1500000953674316,1715789,0.0,0.0
2023-02-28 15:30:00-05:00,2.1449999809265137,2.190000057220459,2.109999895095825,2.1500000953674316,933666,0.0,0.0
2023-03-01 09:30:00-05:00,2.119999885559082,2.2699999809265137,2.0199999809265137,2.2300000190734863,1246640,0.0,0.0
2023-03-01 10:30:00-05:00,2.2300000190734863,2.3399999141693115,2.2200000286102295,2.2785000801086426,531513,0.0,0.0
2023-03-01 11:30:00-05:00,2.2750000953674316,2.319999933242798,2.2300000190734863,2.2887001037597656,234483,0.0,0.0
2023-03-01 12:30:00-05:00,2.2899999618530273,2.4100000858306885,2.2897000312805176,2.4084999561309814,393142,0.0,0.0
2023-03-01 13:30:00-05:00,2.4100000858306885,2.4200000762939453,2.3299999237060547,2.4000000953674316,266793,0.0,0.0
2023-03-01 14:30:00-05:00,2.3984999656677246,2.5199999809265137,2.390000104904175,2.440000057220459,766257,0.0,0.0
2023-03-01 15:30:00-05:00,2.440000057220459,2.4800000190734863,2.420099973678589,2.4600000381469727,262486,0.0,0.0
2023-03-02 09:30:00-05:00,2.430000066757202,2.4800000190734863,2.259999990463257,2.2699999809265137,727640,0.0,0.0
2023-03-02 10:30:00-05:00,2.2699999809265137,2.299999952316284,2.240000009536743,2.259999990463257,204277,0.0,0.0
2023-03-02 11:30:00-05:00,2.2500998973846436,2.2899999618530273,2.25,2.259999990463257,243202,0.0,0.0
2023-03-02 12:30:00-05:00,2.2699999809265137,2.2899999618530273,2.25,2.255000114440918,160007,0.0,0.0
2023-03-02 13:30:00-05:00,2.25,2.309999942779541,2.200000047683716,2.309999942779541,146686,0.0,0.0
2023-03-02 14:30:00-05:00,2.309999942779541,2.4200000762939453,2.309999942779541,2.369999885559082,185772,0.0,0.0
2023-03-02 15:30:00-05:00,2.369999885559082,2.4100000858306885,2.3299999237060547,2.4049999713897705,156817,0.0,0.0
2023-03-03 09:30:00-05:00,2.3299999237060547,2.390000104904175,2.232800006866455,2.3299999237060547,176778,0.0,0.0
2023-03-03 10:30:00-05:00,2.325000047683716,2.369999885559082,2.2100000381469727,2.244999885559082,177541,0.0,0.0
2023-03-03 11:30:00-05:00,2.240000009536743,2.2785000801086426,2.220099925994873,2.2715001106262207,55257,0.0,0.0
2023-03-03 12:30:00-05:00,2.2699999809265137,2.380000114440918,2.2400999069213867,2.2699999809265137,58661,0.0,0.0
2023-03-03 13:30:00-05:00,2.265000104904175,2.2685000896453857,2.2200000286102295,2.255000114440918,60441,0.0,0.0
2023-03-03 14:30:00-05:00,2.255000114440918,2.2899999618530273,2.25,2.2699999809265137,32763,0.0,0.0
2023-03-03 15:30:00-05:00,2.265000104904175,2.2699999809265137,2.2200000286102295,2.2249999046325684,58898,0.0,0.0
2023-03-06 09:30:00-05:00,2.2200000286102295,2.4000000953674316,2.1500000953674316,2.3408000469207764,143599,0.0,0.0
2023-03-06 10:30:00-05:00,2.3499999046325684,2.4000000953674316,2.299999952316284,2.390000104904175,201503,0.0,0.0
2023-03-06 11:30:00-05:00,2.384999990463257,2.4800000190734863,2.319999933242798,2.4600000381469727,292297,0.0,0.0
2023-03-06 12:30:00-05:00,2.4600000381469727,2.4800000190734863,2.4100000858306885,2.4549999237060547,97627,0.0,0.0
2023-03-06 13:30:00-05:00,2.4549999237060547,2.490000009536743,2.441499948501587,2.4700000286102295,104002,0.0,0.0
2023-03-06 14:30:00-05:00,2.4700000286102295,2.5199999809265137,2.434999942779541,2.4649999141693115,135028,0.0,0.0
2023-03-06 15:30:00-05:00,2.4649999141693115,2.4700000286102295,2.4200000762939453,2.450000047683716,168589,0.0,0.0
2023-03-07 09:30:00-05:00,2.430000066757202,2.5399999618530273,2.259999990463257,2.2985000610351562,212126,0.0,0.0
2023-03-07 10:30:00-05:00,2.2950000762939453,2.3399999141693115,2.25,2.2750000953674316,103651,0.0,0.0
2023-03-07 11:30:00-05:00,2.2750000953674316,2.299999952316284,2.25,2.259999990463257,100527,0.0,0.0
2023-03-07 12:30:00-05:00,2.2600998878479004,2.2699999809265137,2.1700000762939453,2.200000047683716,86334,0.0,0.0
2023-03-07 13:30:00-05:00,2.200000047683716,2.2200000286102295,2.180000066757202,2.202500104904175,48071,0.0,0.0
2023-03-07 14:30:00-05:00,2.200000047683716,2.2300000190734863,2.180000066757202,2.2049999237060547,70649,0.0,0.0
2023-03-07 15:30:00-05:00,2.2100000381469727,2.2100000381469727,2.1600000858306885,2.1600000858306885,82298,0.0,0.0
2023-03-08 09:30:00-05:00,2.190000057220459,2.259999990463257,2.0999999046325684,2.25,132320,0.0,0.0
2023-03-08 10:30:00-05:00,2.25,2.2899999618530273,2.2200000286102295,2.240000009536743,52293,0.0,0.0
2023-03-08 11:30:00-05:00,2.240000009536743,2.25,2.2049999237060547,2.25,34122,0.0,0.0
2023-03-08 12:30:00-05:00,2.259999990463257,2.259999990463257,2.234999895095825,2.234999895095825,19573,0.0,0.0
2023-03-08 13:30:00-05:00,2.240000009536743,2.255000114440918,2.2056000232696533,2.2249999046325684,39065,0.0,0.0
2023-03-08 14:30:00-05:00,2.2249999046325684,2.2249999046325684,2.200000047683716,2.2149999141693115,21702,0.0,0.0
2023-03-08 15:30:00-05:00,2.2200000286102295,2.2200000286102295,2.200000047683716,2.2049999237060547,62577,0.0,0.0
2023-03-09 09:30:00-05:00,2.240000009536743,2.2850000858306885,2.0999999046325684,2.0999999046325684,113651,0.0,0.0
2023-03-09 10:30:00-05:00,2.0999999046325684,2.140000104904175,2.049999952316284,2.055000066757202,48661,0.0,0.0
2023-03-09 11:30:00-05:00,2.055000066757202,2.0850000381469727,2.0299999713897705,2.0399999618530273,34185,0.0,0.0
2023-03-09 12:30:00-05:00,2.0399999618530273,2.0450000762939453,1.9850000143051147,2.0,68938,0.0,0.0
2023-03-09 13:30:00-05:00,2.001199960708618,2.005000114440918,1.9299999475479126,1.940000057220459,68777,0.0,0.0
2023-03-09 14:30:00-05:00,1.9450000524520874,1.9600000381469727,1.934999942779541,1.9500000476837158,57224,0.0,0.0
2023-03-09 15:30:00-05:00,1.9550000429153442,1.9599000215530396,1.899999976158142,1.899999976158142,129115,0.0,0.0
2023-03-10 09:30:00-05:00,1.909999966621399,1.909999966621399,1.7300000190734863,1.75,95549,0.0,0.0
2023-03-10 10:30:00-05:00,1.75,1.7598999738693237,1.6699999570846558,1.7050000429153442,166813,0.0,0.0
2023-03-10 11:30:00-05:00,1.7086000442504883,1.7086000442504883,1.659999966621399,1.6649999618530273,121623,0.0,0.0
2023-03-10 12:30:00-05:00,1.659999966621399,1.690000057220459,1.659999966621399,1.659999966621399,54916,0.0,0.0
2023-03-10 13:30:00-05:00,1.659999966621399,1.6698999404907227,1.565000057220459,1.6050000190734863,171428,0.0,0.0
2023-03-10 14:30:00-05:00,1.6050000190734863,1.6699999570846558,1.6050000190734863,1.649999976158142,53916,0.0,0.0
2023-03-10 15:30:00-05:00,1.6549999713897705,1.6549999713897705,1.5801000595092773,1.6200000047683716,174989,0.0,0.0
2023-03-13 09:30:00-04:00,1.649999976158142,1.690000057220459,1.5800000429153442,1.6050000190734863,79616,0.0,0.0
2023-03-13 10:30:00-04:00,1.6050000190734863,1.6399999856948853,1.559999942779541,1.6299999952316284,58972,0.0,0.0
2023-03-13 11:30:00-04:00,1.631500005722046,1.6399999856948853,1.6299999952316284,1.6299999952316284,31777,0.0,0.0
2023-03-13 12:30:00-04:00,1.6299999952316284,1.6398999691009521,1.5399999618530273,1.5484999418258667,43533,0.0,0.0
2023-03-13 13:30:00-04:00,1.5449999570846558,1.600000023841858,1.5449999570846558,1.590000033378601,64094,0.0,0.0
2023-03-13 14:30:00-04:00,1.590000033378601,1.600000023841858,1.5700000524520874,1.590000033378601,25518,0.0,0.0
2023-03-13 15:30:00-04:00,1.5950000286102295,1.5950000286102295,1.5499999523162842,1.565999984741211,69771,0.0,0.0
2023-03-14 09:30:00-04:00,1.6399999856948853,1.6399999856948853,1.5399999618530273,1.5499999523162842,73079,0.0,0.0
2023-03-14 10:30:00-04:00,1.5549999475479126,1.6399999856948853,1.5199999809265137,1.5800000429153442,228458,0.0,0.0
2023-03-14 11:30:00-04:00,1.5800000429153442,1.5815000534057617,1.5449999570846558,1.565000057220459,21096,0.0,0.0
2023-03-14 12:30:00-04:00,1.5700000524520874,1.5750000476837158,1.5399999618530273,1.5449999570846558,38497,0.0,0.0
2023-03-14 13:30:00-04:00,1.5449999570846558,1.5499999523162842,1.5049999952316284,1.534999966621399,95272,0.0,0.0
2023-03-14 14:30:00-04:00,1.534999966621399,1.5399999618530273,1.5,1.5049999952316284,77014,0.0,0.0
2023-03-14 15:30:00-04:00,1.5098999738693237,1.5199999809265137,1.4600000381469727,1.5,295117,0.0,0.0
2023-03-15 09:30:00-04:00,1.3899999856948853,1.600000023841858,1.3700000047683716,1.5800000429153442,183251,0.0,0.0
2023-03-15 10:30:00-04:00,1.590000033378601,1.6299999952316284,1.5199999809265137,1.5499999523162842,260254,0.0,0.0
2023-03-15 11:30:00-04:00,1.5449999570846558,1.590000033378601,1.5449999570846558,1.5800000429153442,67515,0.0,0.0
2023-03-15 12:30:00-04:00,1.590000033378601,1.659999966621399,1.590000033378601,1.6200000047683716,164773,0.0,0.0
2023-03-15 13:30:00-04:00,1.6200000047683716,1.6200000047683716,1.5609999895095825,1.590000033378601,69229,0.0,0.0
2023-03-15 14:30:00-04:00,1.590000033378601,1.6050000190734863,1.5750000476837158,1.590000033378601,34509,0.0,0.0
2023-03-15 15:30:00-04:00,1.590000033378601,1.6399999856948853,1.5750000476837158,1.6299999952316284,164777,0.0,0.0
2023-03-16 09:30:00-04:00,1.5399999618530273,1.6050000190734863,1.4600000381469727,1.4900000095367432,129981,0.0,0.0
2023-03-16 10:30:00-04:00,1.4950000047683716,1.5199999809265137,1.4700000286102295,1.5049999952316284,97668,0.0,0.0
2023-03-16 11:30:00-04:00,1.5049999952316284,1.5049999952316284,1.4464999437332153,1.4494999647140503,48054,0.0,0.0
2023-03-16 12:30:00-04:00,1.440000057220459,1.4600000381469727,1.440000057220459,1.4443000555038452,32869,0.0,0.0
2023-03-16 13:30:00-04:00,1.440000057220459,1.4500000476837158,1.4249999523162842,1.4450000524520874,82657,0.0,0.0
2023-03-16 14:30:00-04:00,1.4450000524520874,1.4500000476837158,1.4299999475479126,1.434999942779541,35125,0.0,0.0
2023-03-16 15:30:00-04:00,1.4299999475479126,1.4299999475479126,1.409999966621399,1.4149999618530273,47598,0.0,0.0
2023-03-17 09:30:00-04:00,1.399999976158142,1.440000057220459,1.3200000524520874,1.3949999809265137,152472,0.0,0.0
2023-03-17 10:30:00-04:00,1.3949999809265137,1.3975000381469727,1.3450000286102295,1.3450000286102295,29022,0.0,0.0
2023-03-17 11:30:00-04:00,1.3450000286102295,1.350000023841858,1.340000033378601,1.3450000286102295,121787,0.0,0.0
2023-03-17 12:30:00-04:00,1.3450000286102295,1.350000023841858,1.340000033378601,1.350000023841858,48119,0.0,0.0
2023-03-17 13:30:00-04:00,1.3450000286102295,1.350000023841858,1.309999942779541,1.315000057220459,54999,0.0,0.0
2023-03-17 14:30:00-04:00,1.315000057220459,1.3200000524520874,1.309999942779541,1.315000057220459,18190,0.0,0.0
2023-03-17 15:30:00-04:00,1.315000057220459,1.3200000524520874,1.2999999523162842,1.3075000047683716,75692,0.0,0.0
2023-03-20 09:30:00-04:00,1.2699999809265137,1.3200000524520874,1.2300000190734863,1.2799999713897705,104976,0.0,0.0
2023-03-20 10:30:00-04:00,1.274999976158142,1.2799999713897705,1.2549999952316284,1.2599999904632568,52531,0.0,0.0
2023-03-20 11:30:00-04:00,1.2599999904632568,1.2699999809265137,1.2450000047683716,1.2450000047683716,58224,0.0,0.0
2023-03-20 12:30:00-04:00,1.2450000047683716,1.274999976158142,1.2400000095367432,1.2699999809265137,69868,0.0,0.0
2023-03-20 13:30:00-04:00,1.2649999856948853,1.274999976158142,1.25,1.2549999952316284,22931,0.0,0.0
2023-03-20 14:30:00-04:00,1.2549999952316284,1.2699999809265137,1.2400000095367432,1.2699999809265137,58426,0.0,0.0
2023-03-20 15:30:00-04:00,1.2699999809265137,1.2999999523162842,1.2649999856948853,1.2899999618530273,74292,0.0,0.0
2023-03-21 09:30:00-04:00,1.3200000524520874,1.350000023841858,1.2799999713897705,1.2999999523162842,41604,0.0,0.0
2023-03-21 10:30:00-04:00,1.2999999523162842,1.3300000429153442,1.2799999713897705,1.3300000429153442,72921,0.0,0.0
2023-03-21 11:30:00-04:00,1.3300000429153442,1.340000033378601,1.309999942779541,1.3250000476837158,48375,0.0,0.0
2023-03-21 12:30:00-04:00,1.3200000524520874,1.3600000143051147,1.3200000524520874,1.3300000429153442,45048,0.0,0.0
2023-03-21 13:30:00-04:00,1.3300000429153442,1.3700000047683716,1.3300000429153442,1.3700000047683716,79075,0.0,0.0
2023-03-21 14:30:00-04:00,1.3799999952316284,1.3899999856948853,1.3600000143051147,1.375,53791,0.0,0.0
2023-03-21 15:30:00-04:00,1.3700000047683716,1.4299999475479126,1.3700000047683716,1.409999966621399,99743,0.0,0.0
2023-03-22 09:30:00-04:00,1.409999966621399,1.409999966621399,1.350000023841858,1.3700000047683716,39857,0.0,0.0
2023-03-22 10:30:00-04:00,1.3700000047683716,1.3899999856948853,1.3600000143051147,1.3623000383377075,14618,0.0,0.0
2023-03-22 11:30:00-04:00,1.3600000143051147,1.409999966621399,1.3600000143051147,1.4049999713897705,34606,0.0,0.0
2023-03-22 12:30:00-04:00,1.4049999713897705,1.409999966621399,1.375,1.3849999904632568,20358,0.0,0.0
2023-03-22 13:30:00-04:00,1.3799999952316284,1.4500000476837158,1.3799999952316284,1.4149999618530273,41242,0.0,0.0
2023-03-22 14:30:00-04:00,1.4149999618530273,1.440000057220459,1.3701000213623047,1.409999966621399,48928,0.0,0.0
2023-03-22 15:30:00-04:00,1.409999966621399,1.409999966621399,1.340000033378601,1.350000023841858,69677,0.0,0.0
2023-03-23 09:30:00-04:00,1.409999966621399,1.409999966621399,1.350000023841858,1.350000023841858,39139,0.0,0.0
2023-03-23 10:30:00-04:00,1.3600000143051147,1.3799999952316284,1.350000023841858,1.350000023841858,17412,0.0,0.0
2023-03-23 11:30:00-04:00,1.350000023841858,1.350000023841858,1.315000057220459,1.3300000429153442,24287,0.0,0.0
2023-03-23 12:30:00-04:00,1.3200000524520874,1.3300000429153442,1.309999942779541,1.315000057220459,10018,0.0,0.0
2023-03-23 13:30:00-04:00,1.315000057220459,1.315000057220459,1.2799999713897705,1.284999966621399,12892,0.0,0.0
2023-03-23 14:30:00-04:00,1.281499981880188,1.2949999570846558,1.2699999809265137,1.2899999618530273,24998,0.0,0.0
2023-03-23 15:30:00-04:00,1.2899999618530273,1.2999999523162842,1.2799999713897705,1.2799999713897705,40457,0.0,0.0
2023-03-24 09:30:00-04:00,1.2699999809265137,1.2899999618530273,1.2300000190734863,1.2599999904632568,21543,0.0,0.0
2023-03-24 10:30:00-04:00,1.2799999713897705,1.309999942779541,1.2599999904632568,1.309999942779541,37827,0.0,0.0
2023-03-24 11:30:00-04:00,1.309999942779541,1.3200000524520874,1.284999966621399,1.284999966621399,17798,0.0,0.0
2023-03-24 12:30:00-04:00,1.2799999713897705,1.2999999523162842,1.2599999904632568,1.2799999713897705,52769,0.0,0.0
2023-03-24 13:30:00-04:00,1.2799999713897705,1.315000057220459,1.2799999713897705,1.309999942779541,26330,0.0,0.0
2023-03-24 14:30:00-04:00,1.309999942779541,1.309999942779541,1.2799999713897705,1.309999942779541,18899,0.0,0.0
2023-03-24 15:30:00-04:00,1.2999999523162842,1.3200000524520874,1.2999999523162842,1.309999942779541,47854,0.0,0.0
2023-03-27 09:30:00-04:00,1.3600000143051147,1.3600000143051147,1.3200000524520874,1.3224999904632568,21870,0.0,0.0
2023-03-27 10:30:00-04:00,1.3207000494003296,1.4014999866485596,1.3200000524520874,1.399999976158142,29404,0.0,0.0
2023-03-27 11:30:00-04:00,1.399999976158142,1.4149999618530273,1.3934999704360962,1.399999976158142,17525,0.0,0.0
2023-03-27 12:30:00-04:00,1.399999976158142,1.409999966621399,1.3799999952316284,1.399999976158142,18656,0.0,0.0
2023-03-27 13:30:00-04:00,1.4049999713897705,1.409999966621399,1.399999976158142,1.399999976158142,10450,0.0,0.0
2023-03-27 14:30:00-04:00,1.399999976158142,1.399999976158142,1.3899999856948853,1.3899999856948853,11287,0.0,0.0
2023-03-27 15:30:00-04:00,1.3949999809265137,1.4149999618530273,1.3849999904632568,1.399999976158142,99287,0.0,0.0
2023-03-28 09:30:00-04:00,1.3799999952316284,1.3799999952316284,1.350000023841858,1.3550000190734863,24048,0.0,0.0
2023-03-28 10:30:00-04:00,1.3550000190734863,1.3600000143051147,1.2799999713897705,1.2799999713897705,57041,0.0,0.0
2023-03-28 11:30:00-04:00,1.2899999618530273,1.2899999618530273,1.2599999904632568,1.284999966621399,78201,0.0,0.0
2023-03-28 12:30:00-04:00,1.2800999879837036,1.2899999618530273,1.2799999713897705,1.284999966621399,39184,0.0,0.0
2023-03-28 13:30:00-04:00,1.2899999618530273,1.2899999618530273,1.2799999713897705,1.2799999713897705,53512,0.0,0.0
2023-03-28 14:30:00-04:00,1.284999966621399,1.284999966621399,1.2699999809265137,1.274999976158142,64295,0.0,0.0
2023-03-28 15:30:00-04:00,1.274999976158142,1.2799999713897705,1.2599999904632568,1.2649999856948853,106939,0.0,0.0
2023-03-29 09:30:00-04:00,1.2799999713897705,1.2799999713897705,1.1561000347137451,1.190000057220459,168189,0.0,0.0
2023-03-29 10:30:00-04:00,1.184999942779541,1.190000057220459,1.149999976158142,1.1549999713897705,82420,0.0,0.0
2023-03-29 11:30:00-04:00,1.159999966621399,1.159999966621399,1.149999976158142,1.1549999713897705,59582,0.0,0.0
2023-03-29 12:30:00-04:00,1.1549999713897705,1.2000000476837158,1.1514999866485596,1.1749999523162842,87401,0.0,0.0
2023-03-29 13:30:00-04:00,1.1749999523162842,1.1799999475479126,1.1699999570846558,1.1749999523162842,28686,0.0,0.0
2023-03-29 14:30:00-04:00,1.1749999523162842,1.1792999505996704,1.149999976158142,1.1549999713897705,62751,0.0,0.0
2023-03-29 15:30:00-04:00,1.1549999713897705,1.2100000381469727,1.149999976158142,1.2100000381469727,198688,0.0,0.0
2023-03-30 09:30:00-04:00,1.2599999904632568,1.2599999904632568,1.1799999475479126,1.2000000476837158,77267,0.0,0.0
2023-03-30 10:30:00-04:00,1.2044999599456787,1.2100000381469727,1.1699999570846558,1.1699999570846558,25086,0.0,0.0
2023-03-30 11:30:00-04:00,1.1799999475479126,1.1799999475479126,1.1699999570846558,1.1699999570846558,6610,0.0,0.0
2023-03-30 12:30:00-04:00,1.1699999570846558,1.1799999475479126,1.159999966621399,1.159999966621399,68042,0.0,0.0
2023-03-30 13:30:00-04:00,1.159999966621399,1.1699999570846558,1.149999976158142,1.1649999618530273,129111,0.0,0.0
2023-03-30 14:30:00-04:00,1.1698999404907227,1.2300000190734863,1.159999966621399,1.190000057220459,84815,0.0,0.0
2023-03-30 15:30:00-04:00,1.1950000524520874,1.2200000286102295,1.190000057220459,1.2200000286102295,104572,0.0,0.0
2023-03-31 09:30:00-04:00,1.2100000381469727,1.2200000286102295,0.7998999953269958,0.8345999717712402,897428,0.0,0.0
2023-03-31 10:30:00-04:00,0.8300999999046326,0.9399999976158142,0.8004000186920166,0.9298999905586243,621819,0.0,0.0
2023-03-31 11:30:00-04:00,0.9298999905586243,0.9397000074386597,0.8600000143051147,0.8639000058174133,1872038,0.0,0.0
2023-03-31 12:30:00-04:00,0.8603000044822693,0.8899080157279968,0.8500999808311462,0.8626499772071838,183309,0.0,0.0
2023-03-31 13:30:00-04:00,0.8634999990463257,0.883899986743927,0.8600000143051147,0.8820000290870667,151311,0.0,0.0
2023-03-31 14:30:00-04:00,0.8819500207901001,0.9549999833106995,0.8801000118255615,0.949400007724762,299924,0.0,0.0
2023-03-31 15:30:00-04:00,0.949400007724762,1.0800000429153442,0.9319999814033508,1.0700000524520874,352280,0.0,0.0
2023-04-03 09:30:00-04:00,1.090000033378601,1.090000033378601,1.0299999713897705,1.0700000524520874,145489,0.0,0.0
2023-04-03 10:30:00-04:00,1.065000057220459,1.0709999799728394,1.059999942779541,1.065000057220459,77855,0.0,0.0
2023-04-03 11:30:00-04:00,1.0700000524520874,1.1200000047683716,1.0499999523162842,1.1050000190734863,180042,0.0,0.0
2023-04-03 12:30:00-04:00,1.1050000190734863,1.1100000143051147,1.100000023841858,1.1100000143051147,41742,0.0,0.0
2023-04-03 13:30:00-04:00,1.1100000143051147,1.1200000047683716,1.100000023841858,1.1100000143051147,59366,0.0,0.0
2023-04-03 14:30:00-04:00,1.1100000143051147,1.149999976158142,1.090000033378601,1.1299999952316284,211062,0.0,0.0
2023-04-03 15:30:00-04:00,1.1299999952316284,1.1399999856948853,1.090000033378601,1.1299999952316284,236941,0.0,0.0
2023-04-04 09:30:00-04:00,1.1100000143051147,1.125,1.059999942779541,1.0700000524520874,60906,0.0,0.0
2023-04-04 10:30:00-04:00,1.0700000524520874,1.0800000429153442,1.0499999523162842,1.0750000476837158,62612,0.0,0.0
2023-04-04 11:30:00-04:00,1.0800000429153442,1.1200000047683716,1.0700000524520874,1.1100000143051147,23073,0.0,0.0
2023-04-04 12:30:00-04:00,1.1200000047683716,1.1200000047683716,1.100000023841858,1.1100000143051147,14164,0.0,0.0
2023-04-04 13:30:00-04:00,1.100000023841858,1.1100000143051147,1.100000023841858,1.100000023841858,37994,0.0,0.0
2023-04-04 14:30:00-04:00,1.100000023841858,1.1100000143051147,1.090000033378601,1.090000033378601,60393,0.0,0.0
2023-04-04 15:30:00-04:00,1.090000033378601,1.100000023841858,1.0700000524520874,1.100000023841858,44087,0.0,0.0
2023-04-05 09:30:00-04:00,1.090000033378601,1.1200000047683716,1.059999942779541,1.1150000095367432,57027,0.0,0.0
2023-04-05 10:30:00-04:00,1.1150000095367432,1.159999966621399,1.1100000143051147,1.1549999713897705,141224,0.0,0.0
2023-04-05 11:30:00-04:00,1.159000039100647,1.2000000476837158,1.1200000047683716,1.2000000476837158,53941,0.0,0.0
2023-04-05 12:30:00-04:00,1.2000000476837158,1.2200000286102295,1.184999942779541,1.2100000381469727,45352,0.0,0.0
2023-04-05 13:30:00-04:00,1.2000000476837158,1.25,1.2000000476837158,1.25,51892,0.0,0.0
2023-04-05 14:30:00-04:00,1.2450000047683716,1.2599999904632568,1.1950000524520874,1.2200000286102295,99492,0.0,0.0
2023-04-05 15:30:00-04:00,1.215000033378601,1.25,1.215000033378601,1.2400000095367432,73626,0.0,0.0
2023-04-06 09:30:00-04:00,1.2200000286102295,1.274999976158142,1.2100000381469727,1.2699999809265137,184454,0.0,0.0
2023-04-06 10:30:00-04:00,1.274999976158142,1.3099000453948975,1.25,1.2549999952316284,98447,0.0,0.0
2023-04-06 11:30:00-04:00,1.25,1.2899999618530273,1.247499942779541,1.274999976158142,54411,0.0,0.0
2023-04-06 12:30:00-04:00,1.274999976158142,1.309999942779541,1.274999976158142,1.2899999618530273,28095,0.0,0.0
2023-04-06 13:30:00-04:00,1.2899999618530273,1.309999942779541,1.2799999713897705,1.2799999713897705,41752,0.0,0.0
2023-04-06 14:30:00-04:00,1.2799999713897705,1.3200000524520874,1.274999976158142,1.2899999618530273,54367,0.0,0.0
2023-04-06 15:30:00-04:00,1.2899999618530273,1.3200000524520874,1.2899999618530273,1.309999942779541,109092,0.0,0.0
2023-04-10 09:30:00-04:00,1.2999999523162842,1.309999942779541,1.2450000047683716,1.2549999952316284,46125,0.0,0.0
2023-04-10 10:30:00-04:00,1.2649999856948853,1.2798999547958374,1.2000000476837158,1.2200000286102295,76239,0.0,0.0
2023-04-10 11:30:00-04:00,1.225000023841858,1.2300000190734863,1.2100000381469727,1.2100000381469727,21862,0.0,0.0
2023-04-10 12:30:00-04:00,1.2100000381469727,1.215000033378601,1.1699999570846558,1.1699999570846558,81927,0.0,0.0
2023-04-10 13:30:00-04:00,1.1799999475479126,1.190000057220459,1.159999966621399,1.1649999618530273,39675,0.0,0.0
2023-04-10 14:30:00-04:00,1.1699999570846558,1.172700047492981,1.1399999856948853,1.1449999809265137,118784,0.0,0.0
2023-04-10 15:30:00-04:00,1.149999976158142,1.1699999570846558,1.1399999856948853,1.149999976158142,214017,0.0,0.0
2023-04-11 09:30:00-04:00,1.1799999475479126,1.1799999475479126,1.1100000143051147,1.1150000095367432,75900,0.0,0.0
2023-04-11 10:30:00-04:00,1.1150000095367432,1.1150000095367432,1.0850000381469727,1.0850000381469727,45591,0.0,0.0
2023-04-11 11:30:00-04:00,1.090000033378601,1.090000033378601,1.0800000429153442,1.090000033378601,16555,0.0,0.0
2023-04-11 12:30:00-04:00,1.0800000429153442,1.1150000095367432,1.0800000429153442,1.1150000095367432,63080,0.0,0.0
2023-04-11 13:30:00-04:00,1.1150000095367432,1.1200000047683716,1.1100000143051147,1.1150000095367432,11948,0.0,0.0
2023-04-11 14:30:00-04:00,1.1100000143051147,1.1200000047683716,1.1100000143051147,1.1150000095367432,36254,0.0,0.0
2023-04-11 15:30:00-04:00,1.1150000095367432,1.1200000047683716,1.100000023841858,1.100000023841858,77949,0.0,0.0
2023-04-12 09:30:00-04:00,1.100000023841858,1.1399999856948853,1.100000023841858,1.1100000143051147,52686,0.0,0.0
2023-04-12 10:30:00-04:00,1.1115000247955322,1.1299999952316284,1.1100000143051147,1.1299999952316284,13928,0.0,0.0
2023-04-12 11:30:00-04:00,1.1299999952316284,1.1399999856948853,1.125,1.1299999952316284,15084,0.0,0.0
2023-04-12 12:30:00-04:00,1.1299999952316284,1.1549999713897705,1.1100000143051147,1.1549999713897705,23523,0.0,0.0
2023-04-12 13:30:00-04:00,1.1521999835968018,1.1549999713897705,1.1200000047683716,1.1200000047683716,44018,0.0,0.0
2023-04-12 14:30:00-04:00,1.1204999685287476,1.1299999952316284,1.0800000429153442,1.0800000429153442,96316,0.0,0.0
2023-04-12 15:30:00-04:00,1.0820000171661377,1.100000023841858,1.0700000524520874,1.0800000429153442,45564,0.0,0.0
2023-04-13 09:30:00-04:00,1.1399999856948853,1.1414999961853027,1.090000033378601,1.1100000143051147,18458,0.0,0.0
2023-04-13 10:30:00-04:00,1.1200000047683716,1.1200000047683716,1.1100000143051147,1.1100000143051147,12305,0.0,0.0
2023-04-13 11:30:00-04:00,1.1200000047683716,1.159999966621399,1.1100000143051147,1.1299999952316284,45973,0.0,0.0
2023-04-13 12:30:00-04:00,1.121500015258789,1.1390999555587769,1.1200000047683716,1.1299999952316284,7482,0.0,0.0
2023-04-13 13:30:00-04:00,1.1299999952316284,1.1399999856948853,1.1200000047683716,1.1200000047683716,16371,0.0,0.0
2023-04-13 14:30:00-04:00,1.1150000095367432,1.125,1.100000023841858,1.1150000095367432,27193,0.0,0.0
2023-04-13 15:30:00-04:00,1.1150000095367432,1.1200000047683716,1.100000023841858,1.1200000047683716,44882,0.0,0.0
2023-04-14 09:30:00-04:00,1.1299999952316284,1.149999976158142,1.090000033378601,1.090000033378601,42153,0.0,0.0
2023-04-14 10:30:00-04:00,1.0950000286102295,1.100000023841858,1.0499999523162842,1.0785000324249268,38221,0.0,0.0
2023-04-14 11:30:00-04:00,1.0800000429153442,1.0800000429153442,1.059999942779541,1.0700000524520874,16964,0.0,0.0
2023-04-14 12:30:00-04:00,1.0799000263214111,1.0800000429153442,1.0700000524520874,1.0800000429153442,4701,0.0,0.0
2023-04-14 13:30:00-04:00,1.0700000524520874,1.0800000429153442,1.059999942779541,1.0750000476837158,29382,0.0,0.0
2023-04-14 14:30:00-04:00,1.0750000476837158,1.0774999856948853,1.0700000524520874,1.0700000524520874,17105,0.0,0.0
2023-04-14 15:30:00-04:00,1.0750000476837158,1.0774999856948853,1.0549999475479126,1.0700000524520874,52171,0.0,0.0
2023-04-17 09:30:00-04:00,1.059999942779541,1.0700000524520874,1.0399999618530273,1.0399999618530273,11597,0.0,0.0
2023-04-17 10:30:00-04:00,1.0399999618530273,1.090000033378601,1.0399999618530273,1.0750000476837158,40101,0.0,0.0
2023-04-17 11:30:00-04:00,1.0700000524520874,1.0800000429153442,1.059999942779541,1.059999942779541,10651,0.0,0.0
2023-04-17 12:30:00-04:00,1.059999942779541,1.065000057220459,1.0499999523162842,1.0499999523162842,15722,0.0,0.0
2023-04-17 13:30:00-04:00,1.0399999618530273,1.059999942779541,1.0399999618530273,1.0399999618530273,22635,0.0,0.0
2023-04-17 14:30:00-04:00,1.0449999570846558,1.0499999523162842,1.0399999618530273,1.0399999618530273,17345,0.0,0.0
2023-04-17 15:30:00-04:00,1.0449999570846558,1.0700000524520874,1.0399999618530273,1.0499999523162842,58220,0.0,0.0
2023-04-18 09:30:00-04:00,1.0499999523162842,1.0800000429153442,1.0399999618530273,1.0714999437332153,23908,0.0,0.0
2023-04-18 10:30:00-04:00,1.0700000524520874,1.0785000324249268,1.0700000524520874,1.0700000524520874,2554,0.0,0.0
2023-04-18 11:30:00-04:00,1.0750000476837158,1.100000023841858,1.0700000524520874,1.090000033378601,18101,0.0,0.0
2023-04-18 12:30:00-04:00,1.090000033378601,1.1100000143051147,1.059999942779541,1.0700000524520874,27280,0.0,0.0
2023-04-18 13:30:00-04:00,1.0750000476837158,1.0800000429153442,1.0700000524520874,1.0700000524520874,7791,0.0,0.0
2023-04-18 14:30:00-04:00,1.0800000429153442,1.0800000429153442,1.0700000524520874,1.0750000476837158,4228,0.0,0.0
2023-04-18 15:30:00-04:00,1.0750000476837158,1.0800000429153442,1.059999942779541,1.059999942779541,35680,0.0,0.0
2023-04-19 09:30:00-04:00,1.059999942779541,1.059999942779541,1.0399999618530273,1.0399999618530273,9190,0.0,0.0
2023-04-19 10:30:00-04:00,1.0399999618530273,1.059999942779541,1.0399999618530273,1.0549999475479126,7843,0.0,0.0
2023-04-19 11:30:00-04:00,1.059999942779541,1.059999942779541,1.0499999523162842,1.0499999523162842,3574,0.0,0.0
2023-04-19 12:30:00-04:00,1.0549999475479126,1.1200000047683716,1.0499999523162842,1.0898000001907349,41624,0.0,0.0
2023-04-19 13:30:00-04:00,1.0800000429153442,1.090000033378601,1.0786000490188599,1.0850000381469727,10362,0.0,0.0
2023-04-19 14:30:00-04:00,1.0850000381469727,1.090000033378601,1.0800000429153442,1.0800000429153442,18741,0.0,0.0
2023-04-19 15:30:00-04:00,1.0800000429153442,1.090000033378601,1.0700000524520874,1.090000033378601,19376,0.0,0.0
2023-04-20 09:30:00-04:00,1.090000033378601,1.0999000072479248,1.0299999713897705,1.0399999618530273,36093,0.0,0.0
2023-04-20 10:30:00-04:00,1.0399999618530273,1.0499999523162842,1.0399999618530273,1.0492000579833984,27189,0.0,0.0
2023-04-20 11:30:00-04:00,1.0499999523162842,1.0499999523162842,1.0299999713897705,1.034999966621399,28073,0.0,0.0
2023-04-20 12:30:00-04:00,1.0399999618530273,1.0399999618530273,1.0199999809265137,1.0295000076293945,9108,0.0,0.0
2023-04-20 13:30:00-04:00,1.028499960899353,1.0299999713897705,1.0099999904632568,1.0099999904632568,8415,0.0,0.0
2023-04-20 14:30:00-04:00,1.0149999856948853,1.0149999856948853,0.9700000286102295,0.9961000084877014,84478,0.0,0.0
2023-04-20 15:30:00-04:00,0.9959999918937683,1.0,0.9803000092506409,0.9848999977111816,25008,0.0,0.0
2023-04-21 09:30:00-04:00,0.9901000261306763,1.0299999713897705,0.9901000261306763,1.0010000467300415,39094,0.0,0.0
2023-04-21 10:30:00-04:00,1.0099999904632568,1.0099999904632568,0.9700999855995178,0.9735999703407288,18288,0.0,0.0
2023-04-21 11:30:00-04:00,0.9695000052452087,0.9896000027656555,0.9629999995231628,0.9700999855995178,17150,0.0,0.0
2023-04-21 12:30:00-04:00,0.9722999930381775,0.9771000146865845,0.9700000286102295,0.9700000286102295,13704,0.0,0.0
2023-04-21 13:30:00-04:00,0.9700999855995178,0.9700999855995178,0.9599999785423279,0.960099995136261,30750,0.0,0.0
2023-04-21 14:30:00-04:00,0.9600499868392944,0.9700000286102295,0.9599999785423279,0.9599999785423279,26376,0.0,0.0
2023-04-21 15:30:00-04:00,0.9633499979972839,0.9944999814033508,0.9599999785423279,0.9656999707221985,61870,0.0,0.0
2023-04-24 09:30:00-04:00,0.9703999757766724,1.0,0.9703999757766724,0.9900000095367432,11052,0.0,0.0
2023-04-24 10:30:00-04:00,0.9800999760627747,0.9994000196456909,0.9800999760627747,0.9944000244140625,13131,0.0,0.0
2023-04-24 11:30:00-04:00,0.9991000294685364,0.9991000294685364,0.9900000095367432,0.9919999837875366,4527,0.0,0.0
2023-04-24 12:30:00-04:00,0.9919999837875366,0.9968000054359436,0.9919999837875366,0.9968000054359436,2127,0.0,0.0
2023-04-24 13:30:00-04:00,0.991599977016449,1.0199999809265137,0.991599977016449,1.0199999809265137,27733,0.0,0.0
2023-04-24 14:30:00-04:00,1.0099999904632568,1.0199999809265137,1.0099999904632568,1.0149999856948853,14360,0.0,0.0
2023-04-24 15:30:00-04:00,1.0149999856948853,1.0199999809265137,1.0099999904632568,1.0199999809265137,16839,0.0,0.0
2023-04-25 09:30:00-04:00,1.0,1.0299999713897705,0.9900000095367432,1.0149999856948853,37311,0.0,0.0
2023-04-25 10:30:00-04:00,1.0149999856948853,1.0499999523162842,1.0099999904632568,1.0399999618530273,45113,0.0,0.0
2023-04-25 11:30:00-04:00,1.0449999570846558,1.059999942779541,1.0399999618530273,1.0549999475479126,38783,0.0,0.0
2023-04-25 12:30:00-04:00,1.0549999475479126,1.059999942779541,1.0499999523162842,1.0549999475479126,44974,0.0,0.0
2023-04-25 13:30:00-04:00,1.055899977684021,1.059999942779541,1.0099999904632568,1.0199999809265137,44383,0.0,0.0
2023-04-25 14:30:00-04:00,1.0099999904632568,1.0199999809265137,1.0,1.0099999904632568,38707,0.0,0.0
2023-04-25 15:30:00-04:00,1.0049999952316284,1.0149999856948853,0.9998000264167786,1.0099999904632568,54453,0.0,0.0
2023-04-26 09:30:00-04:00,1.0,1.0499999523162842,1.0,1.0399999618530273,49388,0.0,0.0
2023-04-26 10:30:00-04:00,1.0399999618530273,1.0499999523162842,1.031499981880188,1.0399999618530273,34954,0.0,0.0
2023-04-26 11:30:00-04:00,1.0399999618530273,1.0800000429153442,1.0399999618530273,1.0750000476837158,27678,0.0,0.0
2023-04-26 12:30:00-04:00,1.0750000476837158,1.0999000072479248,1.0750000476837158,1.0850000381469727,37232,0.0,0.0
2023-04-26 13:30:00-04:00,1.0850000381469727,1.090000033378601,1.0800000429153442,1.0853999853134155,30446,0.0,0.0
2023-04-26 14:30:00-04:00,1.090000033378601,1.1100000143051147,1.0600999593734741,1.1050000190734863,50814,0.0,0.0
2023-04-26 15:30:00-04:00,1.100000023841858,1.1100000143051147,1.090000033378601,1.100000023841858,74899,0.0,0.0
2023-04-27 09:30:00-04:00,1.1399999856948853,1.1399999856948853,1.0199999809265137,1.0199999809265137,38232,0.0,0.0
2023-04-27 10:30:00-04:00,1.024999976158142,1.0299999713897705,1.0099999904632568,1.0299999713897705,25888,0.0,0.0
2023-04-27 11:30:00-04:00,1.024999976158142,1.0299999713897705,1.0199999809265137,1.024999976158142,7606,0.0,0.0
2023-04-27 12:30:00-04:00,1.0199999809265137,1.0399999618530273,1.0199999809265137,1.0199999809265137,22066,0.0,0.0
2023-04-27 13:30:00-04:00,1.024999976158142,1.024999976158142,1.0099999904632568,1.0149999856948853,11658,0.0,0.0
2023-04-27 14:30:00-04:00,1.0149999856948853,1.0199999809265137,1.0099999904632568,1.0149999856948853,12674,0.0,0.0
2023-04-27 15:30:00-04:00,1.0099999904632568,1.0199999809265137,0.9842000007629395,0.9995999932289124,38916,0.0,0.0
2023-04-28 09:30:00-04:00,1.0,1.0214999914169312,0.9900000095367432,1.0199999809265137,8450,0.0,0.0
2023-04-28 10:30:00-04:00,1.0205999612808228,1.0205999612808228,1.0099999904632568,1.0149999856948853,6761,0.0,0.0
2023-04-28 11:30:00-04:00,1.0184999704360962,1.0199999809265137,1.0099999904632568,1.0099999904632568,12575,0.0,0.0
2023-04-28 12:30:00-04:00,1.0149999856948853,1.0399999618530273,1.01010000705719,1.0299999713897705,0,0.0,0.0
2023-04-28 13:30:00-04:00,1.0326000452041626,1.034999966621399,1.0199999809265137,1.0199999809265137,47862,0.0,0.0
2023-04-28 14:30:00-04:00,1.0199999809265137,1.024999976158142,1.0099999904632568,1.0149999856948853,5080,0.0,0.0
2023-04-28 15:30:00-04:00,1.01010000705719,1.0199999809265137,0.9970999956130981,1.0,25447,0.0,0.0
2023-05-01 09:30:00-04:00,1.0099999904632568,1.0399999618530273,0.9800000190734863,1.0399999618530273,27601,0.0,0.0
2023-05-01 10:30:00-04:00,1.0399999618530273,1.0549999475479126,1.0199999809265137,1.0199999809265137,33512,0.0,0.0
2023-05-01 11:30:00-04:00,0.9904999732971191,1.0399999618530273,0.9801999926567078,1.034999966621399,14111,0.0,0.0
2023-05-01 12:30:00-04:00,1.0399999618530273,1.0399999618530273,1.0299999713897705,1.0299999713897705,10863,0.0,0.0
2023-05-01 13:30:00-04:00,1.0399999618530273,1.0399999618530273,1.0299999713897705,1.0399999618530273,11243,0.0,0.0
2023-05-01 14:30:00-04:00,1.0399999618530273,1.0399999618530273,1.0099999904632568,1.0199999809265137,20132,0.0,0.0
2023-05-01 15:30:00-04:00,1.0099999904632568,1.0199999809265137,1.0099999904632568,1.0199999809265137,20745,0.0,0.0
2023-05-02 09:30:00-04:00,1.0099999904632568,1.0299999713897705,0.9506999850273132,0.9599999785423279,13170,0.0,0.0
2023-05-02 10:30:00-04:00,0.9502000212669373,0.9824000000953674,0.9110999703407288,0.941100001335144,31242,0.0,0.0
2023-05-02 11:30:00-04:00,0.949999988079071,0.9750000238418579,0.949999988079071,0.949999988079071,15688,0.0,0.0
2023-05-02 12:30:00-04:00,0.949999988079071,0.9674000144004822,0.949999988079071,0.9591000080108643,19748,0.0,0.0
2023-05-02 13:30:00-04:00,0.9591000080108643,0.9659000039100647,0.9591000080108643,0.9659000039100647,3643,0.0,0.0
2023-05-02 14:30:00-04:00,0.9591000080108643,0.9657999873161316,0.9591000080108643,0.9623500108718872,8737,0.0,0.0
2023-05-02 15:30:00-04:00,0.9591000080108643,0.9656000137329102,0.9581000208854675,0.9605000019073486,23665,0.0,0.0
2023-05-03 09:30:00-04:00,0.9900000095367432,0.9900000095367432,0.9319999814033508,0.9408000111579895,41581,0.0,0.0
2023-05-03 10:30:00-04:00,0.9320999979972839,0.9406999945640564,0.902999997138977,0.9316999912261963,105625,0.0,0.0
2023-05-03 11:30:00-04:00,0.9259999990463257,0.9316999912261963,0.9259999990463257,0.930899977684021,1671,0.0,0.0
2023-05-03 12:30:00-04:00,0.9301999807357788,0.9488999843597412,0.9300000071525574,0.9488999843597412,5255,0.0,0.0
2023-05-03 13:30:00-04:00,0.9441999793052673,0.9488999843597412,0.9301999807357788,0.9301999807357788,12106,0.0,0.0
2023-05-03 14:30:00-04:00,0.9326000213623047,0.9456999897956848,0.9326000213623047,0.9377999901771545,5968,0.0,0.0
2023-05-03 15:30:00-04:00,0.9376999735832214,0.9401000142097473,0.9301999807357788,0.9388999938964844,13331,0.0,0.0
2023-05-04 09:30:00-04:00,0.9352999925613403,0.9352999925613403,0.8600000143051147,0.8799999952316284,55820,0.0,0.0
2023-05-04 10:30:00-04:00,0.8817999958992004,0.9186000227928162,0.8817999958992004,0.9186000227928162,10233,0.0,0.0
2023-05-04 11:30:00-04:00,0.9186000227928162,0.9599999785423279,0.9100000262260437,0.9599999785423279,10795,0.0,0.0
2023-05-04 12:30:00-04:00,0.9445000290870667,0.963100016117096,0.909600019454956,0.9100000262260437,14371,0.0,0.0
2023-05-04 13:30:00-04:00,0.9217000007629395,0.9318000078201294,0.9046000242233276,0.9052000045776367,4986,0.0,0.0
2023-05-04 14:30:00-04:00,0.932699978351593,0.932699978351593,0.9010000228881836,0.9291999936103821,11732,0.0,0.0
2023-05-04 15:30:00-04:00,0.9153000116348267,0.9452000260353088,0.9072999954223633,0.9168000221252441,20798,0.0,0.0
2023-05-05 09:30:00-04:00,0.9261000156402588,0.9399999976158142,0.9027010202407837,0.9366999864578247,3214,0.0,0.0
2023-05-05 10:30:00-04:00,0.9366999864578247,0.9696999788284302,0.9366000294685364,0.9366999864578247,3107,0.0,0.0
2023-05-05 11:30:00-04:00,0.9399999976158142,0.9505000114440918,0.9399999976158142,0.949999988079071,7124,0.0,0.0
2023-05-05 12:30:00-04:00,0.949999988079071,0.9570000171661377,0.949999988079071,0.949999988079071,5004,0.0,0.0
2023-05-05 13:30:00-04:00,0.949999988079071,0.9570000171661377,0.949999988079071,0.9570000171661377,20234,0.0,0.0
2023-05-05 14:30:00-04:00,0.949999988079071,0.9700000286102295,0.949999988079071,0.9618499875068665,8442,0.0,0.0
2023-05-05 15:30:00-04:00,0.961899995803833,0.98580002784729,0.954200029373169,0.9721999764442444,8937,0.0,0.0
2023-05-08 09:30:00-04:00,0.9900000095367432,0.9900000095367432,0.949999988079071,0.949999988079071,8342,0.0,0.0
2023-05-08 10:30:00-04:00,0.949999988079071,0.9840499758720398,0.949999988079071,0.949999988079071,7209,0.0,0.0
2023-05-08 11:30:00-04:00,0.9690989851951599,0.988099992275238,0.949999988079071,0.949999988079071,6234,0.0,0.0
2023-05-08 12:30:00-04:00,0.9501000046730042,0.968999981880188,0.949999988079071,0.9674000144004822,3684,0.0,0.0
2023-05-08 13:30:00-04:00,0.9674999713897705,0.9824000000953674,0.9503999948501587,0.9506999850273132,10642,0.0,0.0
2023-05-08 14:30:00-04:00,0.9668999910354614,0.9668999910354614,0.9506000280380249,0.9621000289916992,7163,0.0,0.0
2023-05-08 15:30:00-04:00,0.9657999873161316,0.9750999808311462,0.9498999714851379,0.965399980545044,10364,0.0,0.0
2023-05-09 09:30:00-04:00,0.9700000286102295,0.9700000286102295,0.9501000046730042,0.9501000046730042,20453,0.0,0.0
2023-05-09 10:30:00-04:00,0.9516500234603882,0.9659000039100647,0.9501000046730042,0.9635499715805054,13396,0.0,0.0
2023-05-09 11:30:00-04:00,0.9635499715805054,0.9861000180244446,0.960099995136261,0.9624000191688538,5790,0.0,0.0
2023-05-09 12:30:00-04:00,0.9624000191688538,0.980400025844574,0.9599999785423279,0.960099995136261,8056,0.0,0.0
2023-05-09 13:30:00-04:00,0.960099995136261,0.9800000190734863,0.9599999785423279,0.9599999785423279,4108,0.0,0.0
2023-05-09 14:30:00-04:00,0.9599999785423279,0.9799000024795532,0.9502999782562256,0.9502999782562256,4026,0.0,0.0
2023-05-09 15:30:00-04:00,0.9502999782562256,0.9750000238418579,0.9502999782562256,0.9726999998092651,20531,0.0,0.0
2023-05-10 09:30:00-04:00,1.0199999809265137,1.0700000524520874,1.0199999809265137,1.0299999713897705,246594,0.0,0.0
2023-05-10 10:30:00-04:00,1.0299999713897705,1.034999966621399,1.0099999904632568,1.0199999809265137,45527,0.0,0.0
2023-05-10 11:30:00-04:00,1.0299999713897705,1.0299999713897705,1.0199999809265137,1.0199999809265137,30743,0.0,0.0
2023-05-10 12:30:00-04:00,1.0236999988555908,1.0399999618530273,1.0013999938964844,1.0299999713897705,40153,0.0,0.0
2023-05-10 13:30:00-04:00,1.0299999713897705,1.0499999523162842,1.0199999809265137,1.0399999618530273,75402,0.0,0.0
2023-05-10 14:30:00-04:00,1.0299999713897705,1.059999942779541,1.0299999713897705,1.0499999523162842,51736,0.0,0.0
2023-05-10 15:30:00-04:00,1.0499999523162842,1.0549999475479126,1.0199999809265137,1.0199999809265137,73814,0.0,0.0
2023-05-11 09:30:00-04:00,1.0099999904632568,1.1100000143051147,1.0099999904632568,1.100000023841858,72869,0.0,0.0
2023-05-11 10:30:00-04:00,1.100000023841858,1.1799999475479126,1.0938999652862549,1.1799999475479126,85731,0.0,0.0
2023-05-11 11:30:00-04:00,1.1699999570846558,1.1799999475479126,1.131500005722046,1.1449999809265137,41213,0.0,0.0
2023-05-11 12:30:00-04:00,1.1449999809265137,1.159999966621399,1.1399999856948853,1.149999976158142,26321,0.0,0.0
2023-05-11 13:30:00-04:00,1.149999976158142,1.159999966621399,1.149999976158142,1.149999976158142,27070,0.0,0.0
2023-05-11 14:30:00-04:00,1.1514999866485596,1.2100000381469727,1.149999976158142,1.2100000381469727,60181,0.0,0.0
2023-05-11 15:30:00-04:00,1.2100000381469727,1.2400000095367432,1.2000000476837158,1.2100000381469727,130969,0.0,0.0
2023-05-12 09:30:00-04:00,1.2200000286102295,1.2799999713897705,1.2200000286102295,1.2315000295639038,87348,0.0,0.0
2023-05-12 10:30:00-04:00,1.2300000190734863,1.2300000190734863,1.1699999570846558,1.190000057220459,56884,0.0,0.0
2023-05-12 11:30:00-04:00,1.2100000381469727,1.2200000286102295,1.190000057220459,1.2200000286102295,21992,0.0,0.0
2023-05-12 12:30:00-04:00,1.2000000476837158,1.2200000286102295,1.190000057220459,1.2100000381469727,14290,0.0,0.0
2023-05-12 13:30:00-04:00,1.2000000476837158,1.2100000381469727,1.190000057220459,1.2100000381469727,8783,0.0,0.0
2023-05-12 14:30:00-04:00,1.2000000476837158,1.2300000190734863,1.1950000524520874,1.2200000286102295,58119,0.0,0.0
2023-05-12 15:30:00-04:00,1.2100000381469727,1.25,1.2100000381469727,1.25,71488,0.0,0.0
2023-05-15 09:30:00-04:00,1.2100000381469727,1.2599999904632568,1.190000057220459,1.2300000190734863,46509,0.0,0.0
2023-05-15 10:30:00-04:00,1.2599999904632568,1.2599999904632568,1.2300000190734863,1.25,42463,0.0,0.0
2023-05-15 11:30:00-04:00,1.2599999904632568,1.2599999904632568,1.2400000095367432,1.25,37970,0.0,0.0
2023-05-15 12:30:00-04:00,1.2515000104904175,1.2599999904632568,1.2300000190734863,1.2450000047683716,51862,0.0,0.0
2023-05-15 13:30:00-04:00,1.2450000047683716,1.2450000047683716,1.2039999961853027,1.215000033378601,43119,0.0,0.0
2023-05-15 14:30:00-04:00,1.215000033378601,1.2300000190734863,1.190000057220459,1.2100000381469727,35152,0.0,0.0
2023-05-15 15:30:00-04:00,1.2024999856948853,1.2400000095367432,1.190000057220459,1.2400000095367432,78489,0.0,0.0
2023-05-16 09:30:00-04:00,1.25,1.2997000217437744,1.2000000476837158,1.2000000476837158,19869,0.0,0.0
2023-05-16 10:30:00-04:00,1.2000000476837158,1.2100000381469727,1.1799999475479126,1.2100000381469727,18631,0.0,0.0
2023-05-16 11:30:00-04:00,1.2100000381469727,1.2200000286102295,1.1799999475479126,1.1799999475479126,11612,0.0,0.0
2023-05-16 12:30:00-04:00,1.2056000232696533,1.2100000381469727,1.1699999570846558,1.2100000381469727,7117,0.0,0.0
2023-05-16 13:30:00-04:00,1.2000000476837158,1.215000033378601,1.190000057220459,1.215000033378601,21574,0.0,0.0
2023-05-16 14:30:00-04:00,1.2089999914169312,1.2200000286102295,1.190000057220459,1.2000000476837158,35978,0.0,0.0
2023-05-16 15:30:00-04:00,1.2050000429153442,1.2100000381469727,1.1699999570846558,1.1699999570846558,51953,0.0,0.0
2023-05-17 09:30:00-04:00,1.2000000476837158,1.2288999557495117,1.1200000047683716,1.2200000286102295,166860,0.0,0.0
2023-05-17 10:30:00-04:00,1.2200000286102295,1.25,1.2200000286102295,1.2200000286102295,36780,0.0,0.0
2023-05-17 11:30:00-04:00,1.2200000286102295,1.2300000190734863,1.1799999475479126,1.1799999475479126,12754,0.0,0.0
2023-05-17 12:30:00-04:00,1.1799999475479126,1.190000057220459,1.1799999475479126,1.184999942779541,12438,0.0,0.0
2023-05-17 13:30:00-04:00,1.1893999576568604,1.2400000095367432,1.1799999475479126,1.2100000381469727,14742,0.0,0.0
2023-05-17 14:30:00-04:00,1.2100000381469727,1.2300000190734863,1.2000000476837158,1.2300000190734863,21758,0.0,0.0
2023-05-17 15:30:00-04:00,1.2200000286102295,1.309999942779541,1.2200000286102295,1.2799999713897705,54429,0.0,0.0
2023-05-18 09:30:00-04:00,1.2999999523162842,1.3949999809265137,1.2899999618530273,1.3949999809265137,73283,0.0,0.0
2023-05-18 10:30:00-04:00,1.3949999809265137,1.4455000162124634,1.3899999856948853,1.4249999523162842,62922,0.0,0.0
2023-05-18 11:30:00-04:00,1.4299999475479126,1.440000057220459,1.4199999570846558,1.4299999475479126,34703,0.0,0.0
2023-05-18 12:30:00-04:00,1.4299999475479126,1.5599000453948975,1.4199999570846558,1.4900000095367432,122836,0.0,0.0
2023-05-18 13:30:00-04:00,1.4900000095367432,1.5099999904632568,1.440000057220459,1.440000057220459,47466,0.0,0.0
2023-05-18 14:30:00-04:00,1.4500000476837158,1.4600000381469727,1.4299999475479126,1.4299999475479126,44584,0.0,0.0
2023-05-18 15:30:00-04:00,1.440000057220459,1.4700000286102295,1.4299999475479126,1.4700000286102295,44238,0.0,0.0
2023-05-19 09:30:00-04:00,1.5,2.4798998832702637,1.4700000286102295,2.0899999141693115,10329976,0.0,0.0
2023-05-19 10:30:00-04:00,2.0899999141693115,2.0899999141693115,1.75,1.7799999713897705,2675021,0.0,0.0
2023-05-19 11:30:00-04:00,1.7899999618530273,1.8899999856948853,1.7799999713897705,1.8114999532699585,800358,0.0,0.0
2023-05-19 12:30:00-04:00,1.809999942779541,1.9900000095367432,1.7100000381469727,1.940000057220459,791627,0.0,0.0
2023-05-19 13:30:00-04:00,1.940000057220459,1.940000057220459,1.7300000190734863,1.8200000524520874,330481,0.0,0.0
2023-05-19 14:30:00-04:00,1.8300000429153442,2.0299999713897705,1.7899999618530273,1.936900019645691,874839,0.0,0.0
2023-05-19 15:30:00-04:00,1.9600000381469727,2.0,1.9199999570846558,1.940000057220459,530569,0.0,0.0
2023-05-22 09:30:00-04:00,1.7400000095367432,1.8499000072479248,1.7000000476837158,1.7999999523162842,378208,0.0,0.0
2023-05-22 10:30:00-04:00,1.7999999523162842,1.9900000095367432,1.7899999618530273,1.9601000547409058,207359,0.0,0.0
2023-05-22 11:30:00-04:00,1.965000033378601,2.059999942779541,1.9600000381469727,2.009999990463257,154982,0.0,0.0
2023-05-22 12:30:00-04:00,2.0199999809265137,2.0799999237060547,1.9600000381469727,2.0799999237060547,111173,0.0,0.0
2023-05-22 13:30:00-04:00,2.0799999237060547,2.0899999141693115,2.0399999618530273,2.059999942779541,165012,0.0,0.0
2023-05-22 14:30:00-04:00,2.055000066757202,2.1394999027252197,2.049999952316284,2.109999895095825,169604,0.0,0.0
2023-05-22 15:30:00-04:00,2.1050000190734863,2.130000114440918,2.0799999237060547,2.0899999141693115,231825,0.0,0.0
2023-05-23 09:30:00-04:00,2.0999999046325684,2.4184999465942383,2.049999952316284,2.305000066757202,477076,0.0,0.0
2023-05-23 10:30:00-04:00,2.309999942779541,2.359999895095825,2.23009991645813,2.2799999713897705,194334,0.0,0.0
2023-05-23 11:30:00-04:00,2.2799999713897705,2.299999952316284,2.244999885559082,2.259999990463257,167085,0.0,0.0
2023-05-23 12:30:00-04:00,2.255000114440918,2.2799999713897705,2.25,2.25,134249,0.0,0.0
2023-05-23 13:30:00-04:00,2.25,2.259999990463257,2.244999885559082,2.259999990463257,113446,0.0,0.0
2023-05-23 14:30:00-04:00,2.255000114440918,2.319999933242798,2.240000009536743,2.319999933242798,164440,0.0,0.0
2023-05-23 15:30:00-04:00,2.319999933242798,2.430000066757202,2.3106000423431396,2.4100000858306885,272804,0.0,0.0
2023-05-24 09:30:00-04:00,2.4100000858306885,2.5896999835968018,2.200000047683716,2.259999990463257,479999,0.0,0.0
2023-05-24 10:30:00-04:00,2.26990008354187,2.5799999237060547,2.259999990463257,2.5399999618530273,112890,0.0,0.0
2023-05-24 11:30:00-04:00,2.5201001167297363,2.559999942779541,2.4100000858306885,2.5,116188,0.0,0.0
2023-05-24 12:30:00-04:00,2.5,2.549999952316284,2.447499990463257,2.5415000915527344,48532,0.0,0.0
2023-05-24 13:30:00-04:00,2.5399999618530273,2.640000104904175,2.4700000286102295,2.640000104904175,146532,0.0,0.0
2023-05-24 14:30:00-04:00,2.631500005722046,2.7799999713897705,2.619999885559082,2.6600000858306885,192431,0.0,0.0
2023-05-24 15:30:00-04:00,2.6500000953674316,2.690000057220459,2.549999952316284,2.559999942779541,108315,0.0,0.0
2023-05-25 09:30:00-04:00,2.6500000953674316,2.8199000358581543,2.471299886703491,2.7850000858306885,314544,0.0,0.0
2023-05-25 10:30:00-04:00,2.7846999168395996,2.819999933242798,2.5799999237060547,2.640000104904175,138360,0.0,0.0
2023-05-25 11:30:00-04:00,2.619999885559082,2.7100000381469727,2.559999942779541,2.6328001022338867,40583,0.0,0.0
2023-05-25 12:30:00-04:00,2.6500000953674316,2.6700000762939453,2.5,2.549999952316284,24100,0.0,0.0
2023-05-25 13:30:00-04:00,2.549999952316284,2.680000066757202,2.5288000106811523,2.680000066757202,45900,0.0,0.0
2023-05-25 14:30:00-04:00,2.680000066757202,2.7100000381469727,2.5999999046325684,2.680000066757202,147678,0.0,0.0
2023-05-25 15:30:00-04:00,2.680000066757202,2.700000047683716,2.619999885559082,2.630000114440918,119499,0.0,0.0
2023-05-26 09:30:00-04:00,2.569999933242798,2.6700000762939453,2.5201001167297363,2.6500000953674316,124683,0.0,0.0
2023-05-26 10:30:00-04:00,2.6500000953674316,2.6600000858306885,2.5799999237060547,2.6500000953674316,75140,0.0,0.0
2023-05-26 11:30:00-04:00,2.630000114440918,2.7100000381469727,2.609999895095825,2.690000057220459,91090,0.0,0.0
2023-05-26 12:30:00-04:00,2.690000057220459,2.7999000549316406,2.680000066757202,2.700000047683716,48035,0.0,0.0
2023-05-26 13:30:00-04:00,2.7149999141693115,2.796999931335449,2.6700000762939453,2.7950000762939453,68096,0.0,0.0
2023-05-26 14:30:00-04:00,2.799999952316284,2.9000000953674316,2.7799999713897705,2.871500015258789,101051,0.0,0.0
2023-05-26 15:30:00-04:00,2.880000114440918,2.9089999198913574,2.8299999237060547,2.859999895095825,131188,0.0,0.0
2023-05-30 09:30:00-04:00,2.819999933242798,2.9200000762939453,2.759999990463257,2.880000114440918,273245,0.0,0.0
2023-05-30 10:30:00-04:00,2.865000009536743,2.890000104904175,2.827500104904175,2.8499999046325684,92968,0.0,0.0
2023-05-30 11:30:00-04:00,2.8399999141693115,2.9200000762939453,2.8399999141693115,2.869999885559082,46413,0.0,0.0
2023-05-30 12:30:00-04:00,2.875,2.9200000762939453,2.799999952316284,2.9000000953674316,37241,0.0,0.0
2023-05-30 13:30:00-04:00,2.9000000953674316,2.930000066757202,2.9000000953674316,2.9200000762939453,29213,0.0,0.0
2023-05-30 14:30:00-04:00,2.9200000762939453,2.924999952316284,2.890000104904175,2.9000000953674316,48606,0.0,0.0
2023-05-30 15:30:00-04:00,2.8949999809265137,2.950000047683716,2.890000104904175,2.9200000762939453,103543,0.0,0.0
2023-05-31 09:30:00-04:00,2.950000047683716,2.950000047683716,2.8399999141693115,2.840100049972534,46348,0.0,0.0
2023-05-31 10:30:00-04:00,2.8499999046325684,2.890000104904175,2.8018999099731445,2.859999895095825,43522,0.0,0.0
2023-05-31 11:30:00-04:00,2.875,2.880000114440918,2.8350000381469727,2.8499999046325684,16934,0.0,0.0
2023-05-31 12:30:00-04:00,2.8399999141693115,2.869999885559082,2.809999942779541,2.8350000381469727,37045,0.0,0.0
2023-05-31 13:30:00-04:00,2.8350000381469727,2.869999885559082,2.7200000286102295,2.75,162749,0.0,0.0
2023-05-31 14:30:00-04:00,2.740000009536743,2.741499900817871,2.609999895095825,2.6449999809265137,91352,0.0,0.0
2023-05-31 15:30:00-04:00,2.6449999809265137,2.7100000381469727,2.6449999809265137,2.7100000381469727,59904,0.0,0.0
2023-06-01 09:30:00-04:00,2.680000066757202,2.809999942779541,2.623199939727783,2.809499979019165,76780,0.0,0.0
2023-06-01 10:30:00-04:00,2.809999942779541,2.809999942779541,2.7200000286102295,2.7899999618530273,18669,0.0,0.0
2023-06-01 11:30:00-04:00,2.7850000858306885,3.0399999618530273,2.759999990463257,2.9200000762939453,71090,0.0,0.0
2023-06-01 12:30:00-04:00,2.9100000858306885,2.990000009536743,2.799999952316284,2.819999933242798,92906,0.0,0.0
2023-06-01 13:30:00-04:00,2.8299999237060547,2.869999885559082,2.813999891281128,2.8399999141693115,10310,0.0,0.0
2023-06-01 14:30:00-04:00,2.8499999046325684,3.0,2.8499999046325684,2.999000072479248,57681,0.0,0.0
2023-06-01 15:30:00-04:00,2.991499900817871,3.0,2.940000057220459,2.9700000286102295,62048,0.0,0.0
2023-06-02 09:30:00-04:00,2.9600000381469727,2.9800000190734863,2.881500005722046,2.963599920272827,96178,0.0,0.0
2023-06-02 10:30:00-04:00,2.9600000381469727,3.0199999809265137,2.9149999618530273,2.9700000286102295,55575,0.0,0.0
2023-06-02 11:30:00-04:00,2.9549999237060547,2.990000009536743,2.890000104904175,2.9800000190734863,72170,0.0,0.0
2023-06-02 12:30:00-04:00,2.9600000381469727,2.9700000286102295,2.9000000953674316,2.9647998809814453,30768,0.0,0.0
2023-06-02 13:30:00-04:00,2.950000047683716,2.990000009536743,2.950000047683716,2.9649999141693115,28177,0.0,0.0
2023-06-02 14:30:00-04:00,2.9649999141693115,2.990000009536743,2.930000066757202,2.9800000190734863,84340,0.0,0.0
2023-06-02 15:30:00-04:00,2.9700000286102295,2.994999885559082,2.940000057220459,2.950000047683716,130434,0.0,0.0
2023-06-05 09:30:00-04:00,2.9600000381469727,3.0399999618530273,2.8812999725341797,2.934999942779541,85286,0.0,0.0
2023-06-05 10:30:00-04:00,2.9200000762939453,3.009999990463257,2.9100000858306885,2.9600000381469727,34150,0.0,0.0
2023-06-05 11:30:00-04:00,2.9600000381469727,2.9700000286102295,2.9200000762939453,2.9549999237060547,25879,0.0,0.0
2023-06-05 12:30:00-04:00,2.9549999237060547,2.9549999237060547,2.8940000534057617,2.9100000858306885,10400,0.0,0.0
2023-06-05 13:30:00-04:00,2.9049999713897705,2.9200000762939453,2.7699999809265137,2.7720000743865967,56324,0.0,0.0
2023-06-05 14:30:00-04:00,2.7799999713897705,2.799999952316284,2.740000009536743,2.7850000858306885,40950,0.0,0.0
2023-06-05 15:30:00-04:00,2.7799999713897705,2.799999952316284,2.700000047683716,2.7200000286102295,84139,0.0,0.0
2023-06-06 09:30:00-04:00,2.7300000190734863,2.869999885559082,2.5899999141693115,2.8499999046325684,96534,0.0,0.0
2023-06-06 10:30:00-04:00,2.8399999141693115,2.9149999618530273,2.8299999237060547,2.9000000953674316,56973,0.0,0.0
2023-06-06 11:30:00-04:00,2.9000000953674316,2.924999952316284,2.8450000286102295,2.890000104904175,40772,0.0,0.0
2023-06-06 12:30:00-04:00,2.890000104904175,2.8949999809265137,2.809999942779541,2.8550000190734863,55383,0.0,0.0
2023-06-06 13:30:00-04:00,2.859999895095825,2.890000104904175,2.8499999046325684,2.890000104904175,16244,0.0,0.0
2023-06-06 14:30:00-04:00,2.884999990463257,2.884999990463257,2.859999895095825,2.875,29325,0.0,0.0
2023-06-06 15:30:00-04:00,2.875,2.9100000858306885,2.875,2.9000000953674316,89975,0.0,0.0
2023-06-07 09:30:00-04:00,2.8499999046325684,3.069999933242798,2.799999952316284,2.9398999214172363,180504,0.0,0.0
2023-06-07 10:30:00-04:00,2.930000066757202,2.990000009536743,2.9200000762939453,2.940000057220459,46969,0.0,0.0
2023-06-07 11:30:00-04:00,2.9200000762939453,2.9600000381469727,2.859999895095825,2.9000000953674316,31988,0.0,0.0
2023-06-07 12:30:00-04:00,2.9000000953674316,2.950000047683716,2.890000104904175,2.9100000858306885,27780,0.0,0.0
2023-06-07 13:30:00-04:00,2.9200000762939453,2.923099994659424,2.8399999141693115,2.859999895095825,32704,0.0,0.0
2023-06-07 14:30:00-04:00,2.859999895095825,2.890000104904175,2.819999933242798,2.8499999046325684,50187,0.0,0.0
2023-06-07 15:30:00-04:00,2.8499999046325684,2.890000104904175,2.819999933242798,2.8399999141693115,71445,0.0,0.0
2023-06-08 09:30:00-04:00,2.8299999237060547,3.049999952316284,2.7200000286102295,3.0399999618530273,174938,0.0,0.0
2023-06-08 10:30:00-04:00,3.0399999618530273,3.075000047683716,2.9600000381469727,3.0299999713897705,77643,0.0,0.0
2023-06-08 11:30:00-04:00,3.0399999618530273,3.0799999237060547,2.9600000381469727,3.0399999618530273,110783,0.0,0.0
2023-06-08 12:30:00-04:00,3.0399999618530273,3.049999952316284,2.9700000286102295,2.990000009536743,71077,0.0,0.0
2023-06-08 13:30:00-04:00,2.990000009536743,3.0,2.940000057220459,2.9800000190734863,53635,0.0,0.0
2023-06-08 14:30:00-04:00,2.990000009536743,3.049999952316284,2.950000047683716,3.0,62536,0.0,0.0
2023-06-08 15:30:00-04:00,3.0,3.0199999809265137,2.984999895095825,3.0199999809265137,83993,0.0,0.0
2023-06-09 09:30:00-04:00,3.0,3.0,2.825000047683716,2.8399999141693115,71948,0.0,0.0
2023-06-09 10:30:00-04:00,2.8399999141693115,2.8399999141693115,2.700000047683716,2.75,126640,0.0,0.0
2023-06-09 11:30:00-04:00,2.759999990463257,2.8199000358581543,2.75,2.7950000762939453,30673,0.0,0.0
2023-06-09 12:30:00-04:00,2.7950000762939453,2.7999000549316406,2.75,2.755000114440918,23869,0.0,0.0
2023-06-09 13:30:00-04:00,2.759999990463257,2.759999990463257,2.75,2.755000114440918,38699,0.0,0.0
2023-06-09 14:30:00-04:00,2.759999990463257,2.759999990463257,2.700000047683716,2.75,72550,0.0,0.0
2023-06-09 15:30:00-04:00,2.759999990463257,2.7899999618530273,2.690000057220459,2.700000047683716,95347,0.0,0.0
2023-06-12 09:30:00-04:00,2.7200000286102295,2.819999933242798,2.710099935531616,2.819999933242798,49488,0.0,0.0
2023-06-12 10:30:00-04:00,2.7899999618530273,2.859999895095825,2.7899999618530273,2.8499999046325684,39138,0.0,0.0
2023-06-12 11:30:00-04:00,2.8550000190734863,2.859999895095825,2.8450000286102295,2.8550000190734863,13376,0.0,0.0
2023-06-12 12:30:00-04:00,2.8550000190734863,2.9000000953674316,2.825000047683716,2.890000104904175,50530,0.0,0.0
2023-06-12 13:30:00-04:00,2.890000104904175,2.9049999713897705,2.7950000762939453,2.880000114440918,56599,0.0,0.0
2023-06-12 14:30:00-04:00,2.890000104904175,3.059999942779541,2.875,2.950000047683716,306168,0.0,0.0
2023-06-12 15:30:00-04:00,2.950900077819824,3.029900074005127,2.950000047683716,3.0,142928,0.0,0.0
2023-06-13 09:30:00-04:00,2.9600000381469727,3.0799999237060547,2.950000047683716,3.049999952316284,52396,0.0,0.0
2023-06-13 10:30:00-04:00,3.0399999618530273,3.200000047683716,3.0350000858306885,3.1500000953674316,131763,0.0,0.0
2023-06-13 11:30:00-04:00,3.140000104904175,3.2300000190734863,3.119999885559082,3.140000104904175,54808,0.0,0.0
2023-06-13 12:30:00-04:00,3.130000114440918,3.1500000953674316,3.0450000762939453,3.059999942779541,82937,0.0,0.0
2023-06-13 13:30:00-04:00,3.059999942779541,3.069999933242798,3.0450000762939453,3.055000066757202,54051,0.0,0.0
2023-06-13 14:30:00-04:00,3.055000066757202,3.0799999237060547,3.049999952316284,3.075000047683716,44218,0.0,0.0
2023-06-13 15:30:00-04:00,3.075000047683716,3.119999885559082,3.059999942779541,3.0999999046325684,56348,0.0,0.0
2023-06-14 09:30:00-04:00,3.0999999046325684,3.20989990234375,3.049999952316284,3.1700000762939453,34492,0.0,0.0
2023-06-14 10:30:00-04:00,3.1693999767303467,3.184999942779541,3.1500000953674316,3.1700000762939453,14039,0.0,0.0
2023-06-14 11:30:00-04:00,3.1700000762939453,3.1984000205993652,3.140000104904175,3.190000057220459,39202,0.0,0.0
2023-06-14 12:30:00-04:00,3.190000057220459,3.2300000190734863,3.1800999641418457,3.2200000286102295,41887,0.0,0.0
2023-06-14 13:30:00-04:00,3.2149999141693115,3.2300000190734863,3.1500000953674316,3.2100000381469727,74964,0.0,0.0
2023-06-14 14:30:00-04:00,3.2100000381469727,3.2899999618530273,3.190000057220459,3.2699999809265137,76707,0.0,0.0
2023-06-14 15:30:00-04:00,3.259999990463257,3.319999933242798,3.25,3.309999942779541,158113,0.0,0.0
2023-06-15 09:30:00-04:00,3.4100000858306885,3.805000066757202,3.390000104904175,3.559999942779541,351612,0.0,0.0
2023-06-15 10:30:00-04:00,3.559999942779541,3.6700000762939453,3.509999990463257,3.569999933242798,126282,0.0,0.0
2023-06-15 11:30:00-04:00,3.559999942779541,3.740000009536743,3.549999952316284,3.640000104904175,96322,0.0,0.0
2023-06-15 12:30:00-04:00,3.640000104904175,3.6500000953674316,3.5399999618530273,3.634999990463257,149160,0.0,0.0
2023-06-15 13:30:00-04:00,3.630000114440918,3.7300000190734863,3.619999885559082,3.7100000381469727,71385,0.0,0.0
2023-06-15 14:30:00-04:00,3.709399938583374,3.709399938583374,3.549999952316284,3.5799999237060547,53861,0.0,0.0
2023-06-15 15:30:00-04:00,3.5799999237060547,3.6600000858306885,3.569999933242798,3.6449999809265137,85582,0.0,0.0
2023-06-16 09:30:00-04:00,3.700000047683716,3.7100000381469727,3.1600000858306885,3.1700000762939453,204731,0.0,0.0
2023-06-16 10:30:00-04:00,3.180000066757202,3.2300000190734863,3.0999999046325684,3.1050000190734863,148403,0.0,0.0
2023-06-16 11:30:00-04:00,3.1050000190734863,3.1898999214172363,3.0999999046325684,3.184999942779541,62912,0.0,0.0
2023-06-16 12:30:00-04:00,3.184999942779541,3.2100000381469727,3.1600000858306885,3.1649999618530273,38992,0.0,0.0
2023-06-16 13:30:00-04:00,3.1649999618530273,3.180000066757202,3.0999999046325684,3.130000114440918,72424,0.0,0.0
2023-06-16 14:30:00-04:00,3.125,3.25,3.119999885559082,3.240000009536743,67905,0.0,0.0
2023-06-16 15:30:00-04:00,3.244999885559082,3.2699999809265137,3.160099983215332,3.1649999618530273,80259,0.0,0.0
2023-06-20 09:30:00-04:00,3.25,3.3399999141693115,2.930000066757202,2.950000047683716,190785,0.0,0.0
2023-06-20 10:30:00-04:00,2.9521000385284424,3.0899999141693115,2.9024999141693115,3.049999952316284,118034,0.0,0.0
2023-06-20 11:30:00-04:00,3.059999942779541,3.1484999656677246,3.049999952316284,3.0899999141693115,55231,0.0,0.0
2023-06-20 12:30:00-04:00,3.0899999141693115,3.1700000762939453,3.0899999141693115,3.1050000190734863,26515,0.0,0.0
2023-06-20 13:30:00-04:00,3.1050000190734863,3.109999895095825,3.0850000381469727,3.0950000286102295,14784,0.0,0.0
2023-06-20 14:30:00-04:00,3.0975000858306885,3.109999895095825,3.0950000286102295,3.1050000190734863,45871,0.0,0.0
2023-06-20 15:30:00-04:00,3.1075000762939453,3.119999885559082,3.0999999046325684,3.119999885559082,53968,0.0,0.0
2023-06-21 09:30:00-04:00,3.0799999237060547,3.0799999237060547,2.869999885559082,2.9100000858306885,57303,0.0,0.0
2023-06-21 10:30:00-04:00,2.9100000858306885,2.9684998989105225,2.8550000190734863,2.890000104904175,71364,0.0,0.0
2023-06-21 11:30:00-04:00,2.890000104904175,2.940000057220459,2.859999895095825,2.9200000762939453,28385,0.0,0.0
2023-06-21 12:30:00-04:00,2.930000066757202,2.940000057220459,2.9000000953674316,2.9100000858306885,29074,0.0,0.0
2023-06-21 13:30:00-04:00,2.9100000858306885,2.924999952316284,2.880000114440918,2.880000114440918,36923,0.0,0.0
2023-06-21 14:30:00-04:00,2.878700017929077,2.880000114440918,2.809999942779541,2.809999942779541,54019,0.0,0.0
2023-06-21 15:30:00-04:00,2.809999942779541,2.8399999141693115,2.7500998973846436,2.8299999237060547,115448,0.0,0.0
2023-06-22 09:30:00-04:00,2.890000104904175,2.930000066757202,2.700000047683716,2.9100000858306885,155323,0.0,0.0
2023-06-22 10:30:00-04:00,2.9114999771118164,2.9200000762939453,2.8949999809265137,2.9049999713897705,64631,0.0,0.0
2023-06-22 11:30:00-04:00,2.9049999713897705,3.0199999809265137,2.9000000953674316,3.009999990463257,105889,0.0,0.0
2023-06-22 12:30:00-04:00,3.005000114440918,3.005000114440918,2.884999990463257,2.924999952316284,70214,0.0,0.0
2023-06-22 13:30:00-04:00,2.9200000762939453,3.130000114440918,2.9000000953674316,3.130000114440918,218818,0.0,0.0
2023-06-22 14:30:00-04:00,3.140000104904175,3.1649999618530273,3.0399999618530273,3.0450000762939453,46455,0.0,0.0
2023-06-22 15:30:00-04:00,3.0450000762939453,3.049999952316284,3.0,3.005000114440918,45658,0.0,0.0
2023-06-23 09:30:00-04:00,2.930000066757202,3.0299999713897705,2.8415000438690186,3.005000114440918,48721,0.0,0.0
2023-06-23 10:30:00-04:00,3.005000114440918,3.049999952316284,2.9600000381469727,2.990000009536743,36431,0.0,0.0
2023-06-23 11:30:00-04:00,2.990000009536743,3.0399999618530273,2.9800000190734863,3.0350000858306885,35270,0.0,0.0
2023-06-23 12:30:00-04:00,3.0350000858306885,3.0999999046325684,3.0299999713897705,3.059999942779541,28329,0.0,0.0
2023-06-23 13:30:00-04:00,3.065000057220459,3.101099967956543,3.0399999618530273,3.059999942779541,39046,0.0,0.0
2023-06-23 14:30:00-04:00,3.059999942779541,3.059999942779541,3.0,3.0299999713897705,73974,0.0,0.0
2023-06-23 15:30:00-04:00,3.0299999713897705,3.0399999618530273,2.950000047683716,3.0,190621,0.0,0.0
2023-06-26 09:30:00-04:00,2.890000104904175,3.0999999046325684,2.890000104904175,2.9749999046325684,91116,0.0,0.0
2023-06-26 10:30:00-04:00,2.9600000381469727,2.960099935531616,2.8299999237060547,2.8299999237060547,68498,0.0,0.0
2023-06-26 11:30:00-04:00,2.819999933242798,2.8994998931884766,2.7799999713897705,2.7799999713897705,53781,0.0,0.0
2023-06-26 12:30:00-04:00,2.7799999713897705,2.8299999237060547,2.7750000953674316,2.819999933242798,29955,0.0,0.0
2023-06-26 13:30:00-04:00,2.819999933242798,2.8499999046325684,2.7899999618530273,2.799999952316284,25224,0.0,0.0
2023-06-26 14:30:00-04:00,2.799999952316284,2.8299999237060547,2.7799999713897705,2.7850000858306885,44452,0.0,0.0
2023-06-26 15:30:00-04:00,2.7799999713897705,2.819999933242798,2.7699999809265137,2.7799999713897705,72970,0.0,0.0
2023-06-27 09:30:00-04:00,2.7899999618530273,2.869999885559082,2.740000009536743,2.799999952316284,57576,0.0,0.0
2023-06-27 10:30:00-04:00,2.809999942779541,2.859999895095825,2.8064000606536865,2.819999933242798,10865,0.0,0.0
2023-06-27 11:30:00-04:00,2.8399999141693115,2.930000066757202,2.8301000595092773,2.930000066757202,15339,0.0,0.0
2023-06-27 12:30:00-04:00,2.9110000133514404,2.930000066757202,2.869999885559082,2.9000000953674316,40192,0.0,0.0
2023-06-27 13:30:00-04:00,2.9000000953674316,2.9100000858306885,2.877500057220459,2.9100000858306885,16772,0.0,0.0
2023-06-27 14:30:00-04:00,2.9100000858306885,2.9600000381469727,2.890000104904175,2.9200000762939453,71649,0.0,0.0
2023-06-27 15:30:00-04:00,2.9100000858306885,2.9800000190734863,2.9049999713897705,2.9800000190734863,39732,0.0,0.0
2023-06-28 09:30:00-04:00,2.9800000190734863,3.0799999237060547,2.950000047683716,3.0,57570,0.0,0.0
2023-06-28 10:30:00-04:00,3.0,3.0510001182556152,2.9700000286102295,2.990000009536743,14484,0.0,0.0
2023-06-28 11:30:00-04:00,3.0,3.0299999713897705,2.9749999046325684,3.009999990463257,19070,0.0,0.0
2023-06-28 12:30:00-04:00,3.0,3.009999990463257,2.9600000381469727,2.990000009536743,14842,0.0,0.0
2023-06-28 13:30:00-04:00,2.990000009536743,3.0399999618530273,2.9800000190734863,3.009999990463257,34070,0.0,0.0
2023-06-28 14:30:00-04:00,3.015000104904175,3.065000057220459,3.015000104904175,3.049999952316284,26550,0.0,0.0
2023-06-28 15:30:00-04:00,3.049999952316284,3.059999942779541,3.0199999809265137,3.059999942779541,33150,0.0,0.0
2023-06-29 09:30:00-04:00,3.059999942779541,3.0999999046325684,2.990000009536743,3.0199999809265137,25829,0.0,0.0
2023-06-29 10:30:00-04:00,3.0,3.0785000324249268,3.0,3.0699000358581543,18078,0.0,0.0
2023-06-29 11:30:00-04:00,3.0510001182556152,3.0510001182556152,3.0,3.009999990463257,13247,0.0,0.0
2023-06-29 12:30:00-04:00,3.009999990463257,3.0199999809265137,2.9800000190734863,3.005000114440918,18237,0.0,0.0
2023-06-29 13:30:00-04:00,3.0,3.0199999809265137,3.0,3.013000011444092,12132,0.0,0.0
2023-06-29 14:30:00-04:00,3.009999990463257,3.0199999809265137,2.9800000190734863,2.990000009536743,22738,0.0,0.0
2023-06-29 15:30:00-04:00,2.9800000190734863,2.990000009536743,2.9200000762939453,2.934999942779541,34269,0.0,0.0
2023-06-30 09:30:00-04:00,2.990000009536743,3.069999933242798,2.9100000858306885,2.940000057220459,15476,0.0,0.0
2023-06-30 10:30:00-04:00,2.9600000381469727,2.9600000381469727,2.880000114440918,2.884999990463257,14938,0.0,0.0
2023-06-30 11:30:00-04:00,2.880000114440918,2.934999942779541,2.880000114440918,2.930000066757202,17553,0.0,0.0
2023-06-30 12:30:00-04:00,2.940000057220459,2.9549999237060547,2.930000066757202,2.940000057220459,11335,0.0,0.0
2023-06-30 13:30:00-04:00,2.930000066757202,2.9600000381469727,2.9200000762939453,2.930000066757202,15936,0.0,0.0
2023-06-30 14:30:00-04:00,2.9200000762939453,2.9200000762939453,2.880000114440918,2.884999990463257,26684,0.0,0.0
2023-06-30 15:30:00-04:00,2.884999990463257,2.9100000858306885,2.859999895095825,2.875,27053,0.0,0.0
2023-07-03 09:30:00-04:00,2.8299999237060547,2.9000000953674316,2.7100000381469727,2.765000104904175,169537,0.0,0.0
2023-07-03 10:30:00-04:00,2.7644999027252197,2.819999933242798,2.7644999027252197,2.79010009765625,16856,0.0,0.0
2023-07-03 11:30:00-04:00,2.7850000858306885,2.819999933242798,2.766700029373169,2.819999933242798,21791,0.0,0.0
2023-07-05 09:30:00-04:00,2.7899999618530273,2.8399999141693115,2.76990008354187,2.7950000762939453,21535,0.0,0.0
2023-07-05 10:30:00-04:00,2.799999952316284,2.869999885559082,2.799999952316284,2.869999885559082,13863,0.0,0.0
2023-07-05 11:30:00-04:00,2.869999885559082,2.880000114440918,2.8499999046325684,2.859999895095825,10309,0.0,0.0
2023-07-05 12:30:00-04:00,2.880000114440918,2.880000114440918,2.8499999046325684,2.869999885559082,7542,0.0,0.0
2023-07-05 13:30:00-04:00,2.880000114440918,2.9149999618530273,2.869999885559082,2.9049999713897705,6894,0.0,0.0
2023-07-05 14:30:00-04:00,2.9100000858306885,2.950000047683716,2.9100000858306885,2.9200000762939453,16209,0.0,0.0
2023-07-05 15:30:00-04:00,2.9100000858306885,2.940000057220459,2.901099920272827,2.9149999618530273,16683,0.0,0.0
2023-07-06 09:30:00-04:00,2.8399999141693115,2.8399999141693115,2.734999895095825,2.75,22490,0.0,0.0
2023-07-06 10:30:00-04:00,2.7300000190734863,2.744999885559082,2.7200000286102295,2.734999895095825,15261,0.0,0.0
2023-07-06 11:30:00-04:00,2.7300000190734863,2.7799999713897705,2.7100000381469727,2.7300000190734863,49317,0.0,0.0
2023-07-06 12:30:00-04:00,2.7200000286102295,2.819999933242798,2.7200000286102295,2.809999942779541,26035,0.0,0.0
2023-07-06 13:30:00-04:00,2.809999942779541,2.8299999237060547,2.7899999618530273,2.819999933242798,29273,0.0,0.0
2023-07-06 14:30:00-04:00,2.819999933242798,2.8450000286102295,2.799999952316284,2.819999933242798,12079,0.0,0.0
2023-07-06 15:30:00-04:00,2.819999933242798,2.8499999046325684,2.799999952316284,2.799999952316284,26956,0.0,0.0
2023-07-07 09:30:00-04:00,2.819999933242798,2.9000000953674316,2.819999933242798,2.880000114440918,9789,0.0,0.0
2023-07-07 10:30:00-04:00,2.880000114440918,2.944999933242798,2.880000114440918,2.934999942779541,13298,0.0,0.0
2023-07-07 11:30:00-04:00,2.930000066757202,2.9549999237060547,2.9200000762939453,2.9549999237060547,8054,0.0,0.0
2023-07-07 12:30:00-04:00,2.950000047683716,2.9700000286102295,2.950000047683716,2.9649999141693115,10082,0.0,0.0
2023-07-07 13:30:00-04:00,2.9600000381469727,2.9600000381469727,2.9100000858306885,2.9100000858306885,11216,0.0,0.0
2023-07-07 14:30:00-04:00,2.9100000858306885,2.9149999618530273,2.9000000953674316,2.9100000858306885,7082,0.0,0.0
2023-07-07 15:30:00-04:00,2.9149999618530273,2.940000057220459,2.9000000953674316,2.9149999618530273,18515,0.0,0.0
2023-07-10 09:30:00-04:00,2.9100000858306885,3.0390000343322754,2.9100000858306885,3.0299999713897705,103724,0.0,0.0
2023-07-10 10:30:00-04:00,3.0399999618530273,3.130000114440918,3.0399999618530273,3.0799999237060547,39270,0.0,0.0
2023-07-10 11:30:00-04:00,3.0850000381469727,3.440000057220459,3.0199999809265137,3.4200000762939453,391856,0.0,0.0
2023-07-10 12:30:00-04:00,3.4100000858306885,3.5299999713897705,3.359999895095825,3.4200000762939453,255911,0.0,0.0
2023-07-10 13:30:00-04:00,3.430000066757202,3.5,3.350100040435791,3.359999895095825,128020,0.0,0.0
2023-07-10 14:30:00-04:00,3.3552000522613525,3.450000047683716,3.3299999237060547,3.4200000762939453,80331,0.0,0.0
2023-07-10 15:30:00-04:00,3.4200000762939453,3.450000047683716,3.390000104904175,3.430000066757202,121639,0.0,0.0
2023-07-11 09:30:00-04:00,3.559999942779541,3.700000047683716,3.5,3.559999942779541,167675,0.0,0.0
2023-07-11 10:30:00-04:00,3.5699000358581543,3.8399999141693115,3.549999952316284,3.700000047683716,125647,0.0,0.0
2023-07-11 11:30:00-04:00,3.7100000381469727,3.75,3.680000066757202,3.6958000659942627,43506,0.0,0.0
2023-07-11 12:30:00-04:00,3.6649999618530273,3.7699999809265137,3.6540000438690186,3.7100000381469727,25133,0.0,0.0
2023-07-11 13:30:00-04:00,3.700000047683716,3.700000047683716,3.5799999237060547,3.630000114440918,50211,0.0,0.0
2023-07-11 14:30:00-04:00,3.640000104904175,3.6698999404907227,3.609999895095825,3.640000104904175,46966,0.0,0.0
2023-07-11 15:30:00-04:00,3.634999990463257,3.6789000034332275,3.630000114440918,3.6500000953674316,59019,0.0,0.0
2023-07-12 09:30:00-04:00,3.740000009536743,3.8299999237060547,3.640000104904175,3.6700000762939453,82046,0.0,0.0
2023-07-12 10:30:00-04:00,3.6600000858306885,3.680000066757202,3.619999885559082,3.6600000858306885,22061,0.0,0.0
2023-07-12 11:30:00-04:00,3.6500000953674316,3.6503000259399414,3.5899999141693115,3.5999999046325684,23195,0.0,0.0
2023-07-12 12:30:00-04:00,3.5999999046325684,3.6500000953674316,3.5999999046325684,3.634999990463257,40007,0.0,0.0
2023-07-12 13:30:00-04:00,3.640000104904175,3.6649999618530273,3.619999885559082,3.6600000858306885,21606,0.0,0.0
2023-07-12 14:30:00-04:00,3.6700000762939453,3.740000009536743,3.6700000762939453,3.680000066757202,24474,0.0,0.0
2023-07-12 15:30:00-04:00,3.690000057220459,3.7049999237060547,3.680000066757202,3.700000047683716,37621,0.0,0.0
2023-07-13 09:30:00-04:00,3.7200000286102295,3.9000000953674316,3.5199999809265137,3.5899999141693115,266950,0.0,0.0
2023-07-13 10:30:00-04:00,3.559999942779541,3.6198999881744385,3.5,3.5399999618530273,78550,0.0,0.0
2023-07-13 11:30:00-04:00,3.5299999713897705,3.6500000953674316,3.5171000957489014,3.630000114440918,11449,0.0,0.0
2023-07-13 12:30:00-04:00,3.630000114440918,3.690000057220459,3.609999895095825,3.680000066757202,14744,0.0,0.0
2023-07-13 13:30:00-04:00,3.690000057220459,3.759999990463257,3.6700000762939453,3.680000066757202,23699,0.0,0.0
2023-07-13 14:30:00-04:00,3.6814000606536865,3.7200000286102295,3.6700000762939453,3.6700000762939453,12057,0.0,0.0
2023-07-13 15:30:00-04:00,3.680000066757202,3.7200000286102295,3.6500000953674316,3.700000047683716,25756,0.0,0.0
2023-07-14 09:30:00-04:00,3.680000066757202,3.7699999809265137,3.5799999237060547,3.609999895095825,84842,0.0,0.0
2023-07-14 10:30:00-04:00,3.615000009536743,3.680000066757202,3.598299980163574,3.6538000106811523,17159,0.0,0.0
2023-07-14 11:30:00-04:00,3.6500000953674316,3.678100109100342,3.609999895095825,3.640000104904175,20878,0.0,0.0
2023-07-14 12:30:00-04:00,3.640000104904175,3.6500000953674316,3.609999895095825,3.609999895095825,6040,0.0,0.0
2023-07-14 13:30:00-04:00,3.615000009536743,3.615000009536743,3.5999999046325684,3.5999999046325684,5973,0.0,0.0
2023-07-14 14:30:00-04:00,3.5999999046325684,3.609999895095825,3.569999933242798,3.5799999237060547,62864,0.0,0.0
2023-07-14 15:30:00-04:00,3.5799999237060547,3.5799999237060547,3.5299999713897705,3.5299999713897705,26698,0.0,0.0
2023-07-17 09:30:00-04:00,3.569999933242798,3.674999952316284,3.5185999870300293,3.640000104904175,25588,0.0,0.0
2023-07-17 10:30:00-04:00,3.609999895095825,3.680000066757202,3.609999895095825,3.6500000953674316,58425,0.0,0.0
2023-07-17 11:30:00-04:00,3.6500000953674316,3.7100000381469727,3.640000104904175,3.6807000637054443,31089,0.0,0.0
2023-07-17 12:30:00-04:00,3.680000066757202,3.7300000190734863,3.680000066757202,3.7200000286102295,16995,0.0,0.0
2023-07-17 13:30:00-04:00,3.7100000381469727,3.7300000190734863,3.690000057220459,3.7200000286102295,18869,0.0,0.0
2023-07-17 14:30:00-04:00,3.7100000381469727,3.710099935531616,3.619999885559082,3.619999885559082,48684,0.0,0.0
2023-07-17 15:30:00-04:00,3.619999885559082,3.630000114440918,3.5799999237060547,3.5899999141693115,58509,0.0,0.0
2023-07-18 09:30:00-04:00,3.5999999046325684,3.7100000381469727,3.5999999046325684,3.700000047683716,7345,0.0,0.0
2023-07-18 10:30:00-04:00,3.699899911880493,3.699899911880493,3.630000114440918,3.6600000858306885,18130,0.0,0.0
2023-07-18 11:30:00-04:00,3.6500000953674316,3.7300000190734863,3.640000104904175,3.7200000286102295,28090,0.0,0.0
2023-07-18 12:30:00-04:00,3.7200000286102295,3.740000009536743,3.630000114440918,3.630000114440918,28859,0.0,0.0
2023-07-18 13:30:00-04:00,3.619999885559082,3.619999885559082,3.569999933242798,3.5799999237060547,9247,0.0,0.0
2023-07-18 14:30:00-04:00,3.588900089263916,3.5899999141693115,3.569999933242798,3.5899999141693115,11081,0.0,0.0
2023-07-18 15:30:00-04:00,3.5899999141693115,3.619999885559082,3.569999933242798,3.6050000190734863,41465,0.0,0.0
2023-07-19 09:30:00-04:00,3.609999895095825,3.684999942779541,3.509999990463257,3.5899999141693115,50445,0.0,0.0
2023-07-19 10:30:00-04:00,3.5950000286102295,3.630000114440918,3.5815000534057617,3.5999999046325684,15606,0.0,0.0
2023-07-19 11:30:00-04:00,3.5999999046325684,3.6001999378204346,3.565000057220459,3.565000057220459,8480,0.0,0.0
2023-07-19 12:30:00-04:00,3.559999942779541,3.5799999237060547,3.549999952316284,3.550100088119507,13473,0.0,0.0
2023-07-19 13:30:00-04:00,3.569999933242798,3.5799999237060547,3.5315001010894775,3.559999942779541,16158,0.0,0.0
2023-07-19 14:30:00-04:00,3.569999933242798,3.569999933242798,3.5399999618530273,3.5450000762939453,10523,0.0,0.0
2023-07-19 15:30:00-04:00,3.5399999618530273,3.549999952316284,3.5,3.5,30976,0.0,0.0
2023-07-20 09:30:00-04:00,3.490000009536743,3.509999990463257,3.1700000762939453,3.2799999713897705,64461,0.0,0.0
2023-07-20 10:30:00-04:00,3.2799999713897705,3.3499999046325684,3.2200000286102295,3.319999933242798,23066,0.0,0.0
2023-07-20 11:30:00-04:00,3.309999942779541,3.390000104904175,3.309999942779541,3.369999885559082,9539,0.0,0.0
2023-07-20 12:30:00-04:00,3.369999885559082,3.369999885559082,3.325000047683716,3.3299999237060547,5971,0.0,0.0
2023-07-20 13:30:00-04:00,3.3299999237060547,3.3399999141693115,3.2193000316619873,3.2193000316619873,24217,0.0,0.0
2023-07-20 14:30:00-04:00,3.2200000286102295,3.299999952316284,3.200000047683716,3.299999952316284,34593,0.0,0.0
2023-07-20 15:30:00-04:00,3.309999942779541,3.3499999046325684,3.2799999713897705,3.2899999618530273,94776,0.0,0.0
2023-07-21 09:30:00-04:00,3.359999895095825,3.4200000762939453,3.2850000858306885,3.4200000762939453,44046,0.0,0.0
2023-07-21 10:30:00-04:00,3.4200000762939453,3.559999942779541,3.4000000953674316,3.5199999809265137,38999,0.0,0.0
2023-07-21 11:30:00-04:00,3.5299999713897705,3.5399999618530273,3.450000047683716,3.494999885559082,10810,0.0,0.0
2023-07-21 12:30:00-04:00,3.5,3.5201001167297363,3.4798998832702637,3.502700090408325,14667,0.0,0.0
2023-07-21 13:30:00-04:00,3.509999990463257,3.5399999618530273,3.5009000301361084,3.5199999809265137,23177,0.0,0.0
2023-07-21 14:30:00-04:00,3.5299999713897705,3.5399999618530273,3.490000009536743,3.5,17752,0.0,0.0
2023-07-21 15:30:00-04:00,3.505000114440918,3.5299999713897705,3.4700000286102295,3.5299999713897705,30222,0.0,0.0
2023-07-24 09:30:00-04:00,3.5299999713897705,3.5999999046325684,3.452699899673462,3.5899999141693115,10241,0.0,0.0
2023-07-24 10:30:00-04:00,3.600800037384033,3.600800037384033,3.5299999713897705,3.5799999237060547,17734,0.0,0.0
2023-07-24 11:30:00-04:00,3.5899999141693115,3.5899999141693115,3.4600000381469727,3.4649999141693115,11095,0.0,0.0
2023-07-24 12:30:00-04:00,3.4800000190734863,3.549999952316284,3.4800000190734863,3.5350000858306885,10301,0.0,0.0
2023-07-24 13:30:00-04:00,3.549999952316284,3.569999933242798,3.5199999809265137,3.5199999809265137,14465,0.0,0.0
2023-07-24 14:30:00-04:00,3.509999990463257,3.5399999618530273,3.5,3.5299999713897705,9112,0.0,0.0
2023-07-24 15:30:00-04:00,3.5350000858306885,3.569999933242798,3.5350000858306885,3.549999952316284,31840,0.0,0.0
2023-07-25 09:30:00-04:00,3.569999933242798,3.680000066757202,3.5497000217437744,3.6198999881744385,28616,0.0,0.0
2023-07-25 10:30:00-04:00,3.609999895095825,3.630000114440918,3.5899999141693115,3.609999895095825,5458,0.0,0.0
2023-07-25 11:30:00-04:00,3.615000009536743,3.690000057220459,3.5999999046325684,3.609999895095825,30847,0.0,0.0
2023-07-25 12:30:00-04:00,3.609999895095825,3.609999895095825,3.5350000858306885,3.5799999237060547,19621,0.0,0.0
2023-07-25 13:30:00-04:00,3.5799999237060547,3.5799999237060547,3.549999952316284,3.5799999237060547,5772,0.0,0.0
2023-07-25 14:30:00-04:00,3.5899999141693115,3.5999999046325684,3.5299999713897705,3.5399999618530273,16581,0.0,0.0
2023-07-25 15:30:00-04:00,3.5399999618530273,3.5648999214172363,3.5199999809265137,3.549999952316284,12886,0.0,0.0
2023-07-26 09:30:00-04:00,3.559999942779541,3.632499933242798,3.549999952316284,3.632499933242798,6286,0.0,0.0
2023-07-26 10:30:00-04:00,3.6600000858306885,3.6600000858306885,3.609999895095825,3.625,10419,0.0,0.0
2023-07-26 11:30:00-04:00,3.609999895095825,3.619999885559082,3.4000000953674316,3.440000057220459,22446,0.0,0.0
2023-07-26 12:30:00-04:00,3.434999942779541,3.4600000381469727,3.359999895095825,3.4000000953674316,85873,0.0,0.0
2023-07-26 13:30:00-04:00,3.390000104904175,3.4100000858306885,3.2799999713897705,3.2799999713897705,61786,0.0,0.0
2023-07-26 14:30:00-04:00,3.2799999713897705,3.325000047683716,3.25,3.309999942779541,22420,0.0,0.0
2023-07-26 15:30:00-04:00,3.319999933242798,3.319999933242798,3.259999990463257,3.299999952316284,41888,0.0,0.0
2023-07-27 09:30:00-04:00,3.2799999713897705,3.380000114440918,3.180000066757202,3.200000047683716,29663,0.0,0.0
2023-07-27 10:30:00-04:00,3.180000066757202,3.2300000190734863,3.130000114440918,3.2200000286102295,43600,0.0,0.0
2023-07-27 11:30:00-04:00,3.2100000381469727,3.259999990463257,3.190000057220459,3.248300075531006,10186,0.0,0.0
2023-07-27 12:30:00-04:00,3.23009991645813,3.240000009536743,3.190000057220459,3.200700044631958,27515,0.0,0.0
2023-07-27 13:30:00-04:00,3.200000047683716,3.2200000286102295,3.200000047683716,3.200000047683716,6854,0.0,0.0
2023-07-27 14:30:00-04:00,3.190000057220459,3.200000047683716,3.1700000762939453,3.190000057220459,11690,0.0,0.0
2023-07-27 15:30:00-04:00,3.194999933242798,3.2184998989105225,3.183000087738037,3.2049999237060547,27782,0.0,0.0
2023-07-28 09:30:00-04:00,3.259999990463257,3.380000114440918,3.259999990463257,3.369999885559082,8823,0.0,0.0
2023-07-28 10:30:00-04:00,3.3499999046325684,3.369800090789795,3.309999942779541,3.3299999237060547,31695,0.0,0.0
2023-07-28 11:30:00-04:00,3.3350000381469727,3.4100000858306885,3.3350000381469727,3.390000104904175,5299,0.0,0.0
2023-07-28 12:30:00-04:00,3.4100000858306885,3.4100000858306885,3.35260009765625,3.390000104904175,17142,0.0,0.0
2023-07-28 13:30:00-04:00,3.4000000953674316,3.4200000762939453,3.369999885559082,3.375,16558,0.0,0.0
2023-07-28 14:30:00-04:00,3.375,3.430000066757202,3.371500015258789,3.4149999618530273,14191,0.0,0.0
2023-07-28 15:30:00-04:00,3.4200000762939453,3.490000009536743,3.4200000762939453,3.4200000762939453,52905,0.0,0.0
2023-07-31 09:30:00-04:00,3.490000009536743,3.640000104904175,3.4800000190734863,3.609999895095825,26723,0.0,0.0
2023-07-31 10:30:00-04:00,3.619999885559082,3.6500000953674316,3.5799999237060547,3.5899999141693115,24307,0.0,0.0
2023-07-31 11:30:00-04:00,3.5899999141693115,3.619999885559082,3.5899999141693115,3.5999999046325684,10353,0.0,0.0
2023-07-31 12:30:00-04:00,3.609999895095825,3.619999885559082,3.569999933242798,3.5799999237060547,22194,0.0,0.0
2023-07-31 13:30:00-04:00,3.5799999237060547,3.609999895095825,3.5799999237060547,3.5799999237060547,60531,0.0,0.0
2023-07-31 14:30:00-04:00,3.5799999237060547,3.634999990463257,3.5799999237060547,3.619999885559082,38764,0.0,0.0
2023-07-31 15:30:00-04:00,3.630000114440918,3.6500000953674316,3.5999999046325684,3.619999885559082,77772,0.0,0.0
2023-08-01 09:30:00-04:00,3.5899999141693115,3.5899999141693115,3.390000104904175,3.4700000286102295,34138,0.0,0.0
2023-08-01 10:30:00-04:00,3.4700000286102295,3.5799999237060547,3.4700000286102295,3.5299999713897705,13187,0.0,0.0
2023-08-01 11:30:00-04:00,3.5299999713897705,3.569999933242798,3.5299999713897705,3.549999952316284,9642,0.0,0.0
2023-08-01 12:30:00-04:00,3.555000066757202,3.609999895095825,3.549999952316284,3.5899999141693115,11985,0.0,0.0
2023-08-01 13:30:00-04:00,3.5999999046325684,3.609999895095825,3.569999933242798,3.5850000381469727,10905,0.0,0.0
2023-08-01 14:30:00-04:00,3.5850000381469727,3.5899999141693115,3.5399999618530273,3.5799999237060547,51269,0.0,0.0
2023-08-01 15:30:00-04:00,3.5899999141693115,3.6050000190734863,3.559999942779541,3.5899999141693115,30457,0.0,0.0
2023-08-02 09:30:00-04:00,3.5199999809265137,3.5450000762939453,3.440000057220459,3.5299999713897705,23253,0.0,0.0
2023-08-02 10:30:00-04:00,3.559999942779541,3.565000057220459,3.505000114440918,3.549999952316284,16915,0.0,0.0
2023-08-02 11:30:00-04:00,3.569999933242798,3.575000047683716,3.484999895095825,3.484999895095825,30530,0.0,0.0
2023-08-02 12:30:00-04:00,3.5,3.549999952316284,3.4600000381469727,3.4800000190734863,27087,0.0,0.0
2023-08-02 13:30:00-04:00,3.4800000190734863,3.509999990463257,3.4200000762939453,3.440000057220459,32676,0.0,0.0
2023-08-02 14:30:00-04:00,3.440000057220459,3.4600000381469727,3.4200000762939453,3.440000057220459,24854,0.0,0.0
2023-08-02 15:30:00-04:00,3.4200000762939453,3.490000009536743,3.4200000762939453,3.4800000190734863,25722,0.0,0.0
2023-08-03 09:30:00-04:00,3.4100000858306885,3.5,3.4100000858306885,3.450000047683716,6201,0.0,0.0
2023-08-03 10:30:00-04:00,3.434999942779541,3.5199999809265137,3.434999942779541,3.509999990463257,4196,0.0,0.0
2023-08-03 11:30:00-04:00,3.509999990463257,3.5199999809265137,3.490000009536743,3.515000104904175,5035,0.0,0.0
2023-08-03 12:30:00-04:00,3.5199999809265137,3.559999942779541,3.5199999809265137,3.5299999713897705,16318,0.0,0.0
2023-08-03 13:30:00-04:00,3.5199999809265137,3.5199999809265137,3.490000009536743,3.490000009536743,5225,0.0,0.0
2023-08-03 14:30:00-04:00,3.5,3.5399999618530273,3.5,3.5299999713897705,7761,0.0,0.0
2023-08-03 15:30:00-04:00,3.5199999809265137,3.559999942779541,3.5199999809265137,3.559999942779541,20918,0.0,0.0
2023-08-04 09:30:00-04:00,3.569999933242798,3.6863999366760254,3.569999933242798,3.640000104904175,22116,0.0,0.0
2023-08-04 10:30:00-04:00,3.6305999755859375,3.6700000762939453,3.6305999755859375,3.6700000762939453,13995,0.0,0.0
2023-08-04 11:30:00-04:00,3.6649999618530273,3.699899911880493,3.6649999618530273,3.699899911880493,2615,0.0,0.0
2023-08-04 12:30:00-04:00,3.690000057220459,3.7100000381469727,3.625,3.640000104904175,26240,0.0,0.0
2023-08-04 13:30:00-04:00,3.640000104904175,3.6500000953674316,3.619999885559082,3.619999885559082,8373,0.0,0.0
2023-08-04 14:30:00-04:00,3.615000009536743,3.630000114440918,3.5799999237060547,3.630000114440918,10972,0.0,0.0
2023-08-04 15:30:00-04:00,3.640000104904175,3.640000104904175,3.5799999237060547,3.5950000286102295,20874,0.0,0.0
2023-08-07 09:30:00-04:00,3.5999999046325684,3.6519999504089355,3.3499999046325684,3.356800079345703,34446,0.0,0.0
2023-08-07 10:30:00-04:00,3.3499999046325684,3.369999885559082,3.2699999809265137,3.369999885559082,58281,0.0,0.0
2023-08-07 11:30:00-04:00,3.359999895095825,3.4000000953674316,3.3350000381469727,3.3499999046325684,11068,0.0,0.0
2023-08-07 12:30:00-04:00,3.3399999141693115,3.4000000953674316,3.3299999237060547,3.380000114440918,32466,0.0,0.0
2023-08-07 13:30:00-04:00,3.390000104904175,3.4238998889923096,3.369999885559082,3.390000104904175,13300,0.0,0.0
2023-08-07 14:30:00-04:00,3.380000114440918,3.430000066757202,3.380000114440918,3.4000000953674316,18287,0.0,0.0
2023-08-07 15:30:00-04:00,3.4000000953674316,3.430000066757202,3.380000114440918,3.4000000953674316,26423,0.0,0.0
2023-08-08 09:30:00-04:00,3.869999885559082,4.670000076293945,3.549999952316284,3.690000057220459,801893,0.0,0.0
2023-08-08 10:30:00-04:00,3.680000066757202,3.7799999713897705,3.619999885559082,3.7100000381469727,101140,0.0,0.0
2023-08-08 11:30:00-04:00,3.7200000286102295,3.7699999809265137,3.6500000953674316,3.700000047683716,53133,0.0,0.0
2023-08-08 12:30:00-04:00,3.7149999141693115,3.7699999809265137,3.6500000953674316,3.690000057220459,52479,0.0,0.0
2023-08-08 13:30:00-04:00,3.690000057220459,3.819999933242798,3.680000066757202,3.7899999618530273,83701,0.0,0.0
2023-08-08 14:30:00-04:00,3.7899999618530273,3.869999885559082,3.75,3.859999895095825,45585,0.0,0.0
2023-08-08 15:30:00-04:00,3.869999885559082,3.890000104904175,3.819999933242798,3.890000104904175,77444,0.0,0.0
2023-08-09 09:30:00-04:00,4.139999866485596,4.5,4.099999904632568,4.239999771118164,342585,0.0,0.0
2023-08-09 10:30:00-04:00,4.255000114440918,4.380000114440918,4.110000133514404,4.130000114440918,139579,0.0,0.0
2023-08-09 11:30:00-04:00,4.130000114440918,4.170000076293945,4.059999942779541,4.119999885559082,18595,0.0,0.0
2023-08-09 12:30:00-04:00,4.135000228881836,4.159999847412109,4.019999980926514,4.05049991607666,41835,0.0,0.0
2023-08-09 13:30:00-04:00,4.059999942779541,4.099999904632568,4.050000190734863,4.070000171661377,18044,0.0,0.0
2023-08-09 14:30:00-04:00,4.071499824523926,4.099999904632568,4.039999961853027,4.079999923706055,21052,0.0,0.0
2023-08-09 15:30:00-04:00,4.070000171661377,4.110000133514404,4.050000190734863,4.099999904632568,58470,0.0,0.0
2023-08-10 09:30:00-04:00,4.179999828338623,4.449999809265137,4.170000076293945,4.440000057220459,160986,0.0,0.0
2023-08-10 10:30:00-04:00,4.400000095367432,4.510000228881836,4.389999866485596,4.510000228881836,78858,0.0,0.0
2023-08-10 11:30:00-04:00,4.510000228881836,4.510000228881836,4.425000190734863,4.478099822998047,43558,0.0,0.0
2023-08-10 12:30:00-04:00,4.46999979019165,4.510000228881836,4.440000057220459,4.460000038146973,62265,0.0,0.0
2023-08-10 13:30:00-04:00,4.460000038146973,4.510000228881836,4.409999847412109,4.489999771118164,54183,0.0,0.0
2023-08-10 14:30:00-04:00,4.5,4.539999961853027,4.480000019073486,4.518899917602539,63258,0.0,0.0
2023-08-10 15:30:00-04:00,4.519999980926514,4.579999923706055,4.519999980926514,4.559999942779541,66159,0.0,0.0
2023-08-11 09:30:00-04:00,4.590000152587891,4.590000152587891,4.485000133514404,4.519999980926514,37923,0.0,0.0
2023-08-11 10:30:00-04:00,4.510000228881836,4.635000228881836,4.510000228881836,4.630000114440918,51395,0.0,0.0
2023-08-11 11:30:00-04:00,4.635000228881836,4.690000057220459,4.599999904632568,4.690000057220459,22479,0.0,0.0
2023-08-11 12:30:00-04:00,4.670000076293945,4.670100212097168,4.630000114440918,4.659999847412109,19386,0.0,0.0
2023-08-11 13:30:00-04:00,4.677000045776367,4.699999809265137,4.639999866485596,4.659999847412109,23606,0.0,0.0
2023-08-11 14:30:00-04:00,4.659999847412109,4.699999809265137,4.619999885559082,4.619999885559082,42890,0.0,0.0
2023-08-11 15:30:00-04:00,4.610000133514404,4.610000133514404,4.5,4.53000020980835,43754,0.0,0.0
2023-08-14 09:30:00-04:00,4.739999771118164,4.889999866485596,4.640100002288818,4.769999980926514,166632,0.0,0.0
2023-08-14 10:30:00-04:00,4.769999980926514,4.880000114440918,4.769999980926514,4.8495001792907715,46320,0.0,0.0
2023-08-14 11:30:00-04:00,4.829999923706055,4.829999923706055,4.71999979019165,4.78000020980835,34821,0.0,0.0
2023-08-14 12:30:00-04:00,4.769999980926514,4.783999919891357,4.739999771118164,4.777500152587891,32897,0.0,0.0
2023-08-14 13:30:00-04:00,4.775000095367432,4.829999923706055,4.75,4.800000190734863,55250,0.0,0.0
2023-08-14 14:30:00-04:00,4.800000190734863,4.809999942779541,4.730000019073486,4.730000019073486,45175,0.0,0.0
2023-08-14 15:30:00-04:00,4.730000019073486,4.75,4.715000152587891,4.730000019073486,53302,0.0,0.0
2023-08-15 09:30:00-04:00,4.900000095367432,5.0,4.767499923706055,4.840000152587891,227144,0.0,0.0
2023-08-15 10:30:00-04:00,4.840799808502197,4.960000038146973,4.820000171661377,4.880000114440918,113818,0.0,0.0
2023-08-15 11:30:00-04:00,4.889999866485596,5.03000020980835,4.860000133514404,4.965000152587891,93216,0.0,0.0
2023-08-15 12:30:00-04:00,4.9604997634887695,5.0,4.920000076293945,4.96999979019165,73614,0.0,0.0
2023-08-15 13:30:00-04:00,4.96999979019165,4.96999979019165,4.875,4.885000228881836,50988,0.0,0.0
2023-08-15 14:30:00-04:00,4.885000228881836,5.0,4.885000228881836,4.985000133514404,79485,0.0,0.0
2023-08-15 15:30:00-04:00,4.989999771118164,5.0,4.929999828338623,4.949999809265137,87688,0.0,0.0
2023-08-16 09:30:00-04:00,4.989999771118164,5.092100143432617,4.748000144958496,4.800000190734863,104562,0.0,0.0
2023-08-16 10:30:00-04:00,4.800000190734863,4.889999866485596,4.789999961853027,4.880000114440918,16223,0.0,0.0
2023-08-16 11:30:00-04:00,4.872000217437744,4.900000095367432,4.789999961853027,4.809999942779541,26110,0.0,0.0
2023-08-16 12:30:00-04:00,4.809999942779541,4.850100040435791,4.7941999435424805,4.820000171661377,22571,0.0,0.0
2023-08-16 13:30:00-04:00,4.820000171661377,4.849999904632568,4.789999961853027,4.820000171661377,27726,0.0,0.0
2023-08-16 14:30:00-04:00,4.820000171661377,4.829999923706055,4.716100215911865,4.735000133514404,38102,0.0,0.0
2023-08-16 15:30:00-04:00,4.730000019073486,4.747499942779541,4.679999828338623,4.679999828338623,48497,0.0,0.0
2023-08-17 09:30:00-04:00,4.519999980926514,4.615900039672852,3.7253000736236572,4.019999980926514,358044,0.0,0.0
2023-08-17 10:30:00-04:00,3.990000009536743,4.009900093078613,3.851599931716919,4.005000114440918,87419,0.0,0.0
2023-08-17 11:30:00-04:00,4.010000228881836,4.010000228881836,3.9526000022888184,3.970099925994873,50414,0.0,0.0
2023-08-17 12:30:00-04:00,3.9700000286102295,3.9749999046325684,3.75,3.75,68208,0.0,0.0
2023-08-17 13:30:00-04:00,3.7300000190734863,3.799999952316284,3.630000114440918,3.7850000858306885,127659,0.0,0.0
2023-08-17 14:30:00-04:00,3.789900064468384,3.950000047683716,3.7799999713897705,3.7799999713897705,168017,0.0,0.0
2023-08-17 15:30:00-04:00,3.7799999713897705,3.7799999713897705,3.75,3.7699999809265137,120819,0.0,0.0
2023-08-18 09:30:00-04:00,3.759999990463257,4.010000228881836,3.759999990463257,3.890000104904175,223864,0.0,0.0
2023-08-18 10:30:00-04:00,3.9000000953674316,4.034999847412109,3.8949999809265137,4.014999866485596,118324,0.0,0.0
2023-08-18 11:30:00-04:00,4.019999980926514,4.03000020980835,3.9100000858306885,3.9200000762939453,43749,0.0,0.0
2023-08-18 12:30:00-04:00,3.930000066757202,4.210100173950195,3.9200000762939453,4.080100059509277,142593,0.0,0.0
2023-08-18 13:30:00-04:00,4.099999904632568,4.400000095367432,4.099999904632568,4.329999923706055,184205,0.0,0.0
2023-08-18 14:30:00-04:00,4.329999923706055,4.409900188446045,4.230000019073486,4.40500020980835,131029,0.0,0.0
2023-08-18 15:30:00-04:00,4.400000095367432,4.400000095367432,4.329999923706055,4.369999885559082,104868,0.0,0.0
2023-08-21 09:30:00-04:00,4.340000152587891,4.438799858093262,4.150000095367432,4.199999809265137,125091,0.0,0.0
2023-08-21 10:30:00-04:00,4.190100193023682,4.195499897003174,4.110000133514404,4.130000114440918,47074,0.0,0.0
2023-08-21 11:30:00-04:00,4.110000133514404,4.139999866485596,4.03000020980835,4.031300067901611,54364,0.0,0.0
2023-08-21 12:30:00-04:00,4.03000020980835,4.099999904632568,3.9700000286102295,4.079999923706055,57937,0.0,0.0
2023-08-21 13:30:00-04:00,4.085000038146973,4.099999904632568,4.03000020980835,4.059999942779541,10230,0.0,0.0
2023-08-21 14:30:00-04:00,4.050000190734863,4.079999923706055,4.039999961853027,4.070000171661377,11498,0.0,0.0
2023-08-21 15:30:00-04:00,4.065000057220459,4.090000152587891,4.019999980926514,4.019999980926514,61560,0.0,0.0
2023-08-22 09:30:00-04:00,4.010000228881836,4.010000228881836,3.859999895095825,3.9700000286102295,57415,0.0,0.0
2023-08-22 10:30:00-04:00,3.9649999141693115,4.0,3.7799999713897705,3.809999942779541,64603,0.0,0.0
2023-08-22 11:30:00-04:00,3.802999973297119,3.8399999141693115,3.680000066757202,3.7049999237060547,63718,0.0,0.0
2023-08-22 12:30:00-04:00,3.7049999237060547,3.7300000190734863,3.6500000953674316,3.7300000190734863,51081,0.0,0.0
2023-08-22 13:30:00-04:00,3.7300000190734863,3.7300000190734863,3.680000066757202,3.684999942779541,80613,0.0,0.0
2023-08-22 14:30:00-04:00,3.684999942779541,3.7300000190734863,3.680000066757202,3.7100000381469727,58771,0.0,0.0
2023-08-22 15:30:00-04:00,3.716900110244751,3.740000009536743,3.690000057220459,3.740000009536743,95292,0.0,0.0
2023-08-23 09:30:00-04:00,4.0,4.170000076293945,3.740000009536743,4.119999885559082,272148,0.0,0.0
2023-08-23 10:30:00-04:00,4.119999885559082,4.130000114440918,4.059999942779541,4.105000019073486,55355,0.0,0.0
2023-08-23 11:30:00-04:00,4.105000019073486,4.105000019073486,4.0,4.0,44745,0.0,0.0
2023-08-23 12:30:00-04:00,3.990000009536743,4.010000228881836,3.9700000286102295,4.0,27606,0.0,0.0
2023-08-23 13:30:00-04:00,4.0,4.0,3.9700000286102295,3.9700000286102295,18353,0.0,0.0
2023-08-23 14:30:00-04:00,3.9700000286102295,3.9800000190734863,3.930000066757202,3.950000047683716,42379,0.0,0.0
2023-08-23 15:30:00-04:00,3.944999933242798,3.950000047683716,3.9149999618530273,3.950000047683716,47798,0.0,0.0
2023-08-24 09:30:00-04:00,3.950000047683716,4.070000171661377,3.9049999713897705,4.039999961853027,51282,0.0,0.0
2023-08-24 10:30:00-04:00,4.039999961853027,4.050000190734863,3.877500057220459,3.880000114440918,47371,0.0,0.0
2023-08-24 11:30:00-04:00,3.875,3.950000047683716,3.859999895095825,3.940000057220459,27130,0.0,0.0
2023-08-24 12:30:00-04:00,3.934999942779541,4.0,3.934999942779541,3.9992001056671143,26215,0.0,0.0
2023-08-24 13:30:00-04:00,4.0,4.0,3.9549999237060547,3.9700000286102295,16891,0.0,0.0
2023-08-24 14:30:00-04:00,3.9700000286102295,3.9800000190734863,3.940000057220459,3.9549999237060547,20977,0.0,0.0
2023-08-24 15:30:00-04:00,3.950000047683716,4.010000228881836,3.944999933242798,4.0,80338,0.0,0.0
2023-08-25 09:30:00-04:00,3.9800000190734863,4.019999980926514,3.880000114440918,3.934999942779541,47886,0.0,0.0
2023-08-25 10:30:00-04:00,3.9200000762939453,3.9200000762939453,3.690000057220459,3.7000999450683594,112900,0.0,0.0
2023-08-25 11:30:00-04:00,3.7197999954223633,3.755000114440918,3.7100000381469727,3.755000114440918,27180,0.0,0.0
2023-08-25 12:30:00-04:00,3.759999990463257,3.759999990463257,3.609999895095825,3.619999885559082,98952,0.0,0.0
2023-08-25 13:30:00-04:00,3.619999885559082,3.6500000953674316,3.5450000762939453,3.640000104904175,66574,0.0,0.0
2023-08-25 14:30:00-04:00,3.642400026321411,3.6600000858306885,3.5,3.509999990463257,248694,0.0,0.0
2023-08-25 15:30:00-04:00,3.509999990463257,3.549999952316284,3.4200000762939453,3.430000066757202,203869,0.0,0.0
2023-08-28 09:30:00-04:00,3.4100000858306885,3.799999952316284,3.4100000858306885,3.799999952316284,110273,0.0,0.0
2023-08-28 10:30:00-04:00,3.809999942779541,3.930000066757202,3.759999990463257,3.859999895095825,104431,0.0,0.0
2023-08-28 11:30:00-04:00,3.869999885559082,3.9000000953674316,3.734999895095825,3.734999895095825,77221,0.0,0.0
2023-08-28 12:30:00-04:00,3.7300000190734863,3.7699999809265137,3.720599889755249,3.740000009536743,31104,0.0,0.0
2023-08-28 13:30:00-04:00,3.7300000190734863,3.740000009536743,3.7200000286102295,3.740000009536743,18322,0.0,0.0
2023-08-28 14:30:00-04:00,3.7300000190734863,3.734999895095825,3.6700000762939453,3.7049999237060547,60580,0.0,0.0
2023-08-28 15:30:00-04:00,3.7049999237060547,3.75,3.697499990463257,3.700000047683716,60120,0.0,0.0
2023-08-29 09:30:00-04:00,3.6600000858306885,3.700000047683716,3.569999933242798,3.569999933242798,34857,0.0,0.0
2023-08-29 10:30:00-04:00,3.559999942779541,3.6600000858306885,3.5299999713897705,3.609999895095825,106097,0.0,0.0
2023-08-29 11:30:00-04:00,3.609999895095825,3.630000114440918,3.549999952316284,3.5999999046325684,27917,0.0,0.0
2023-08-29 12:30:00-04:00,3.619999885559082,3.626800060272217,3.5899999141693115,3.5999999046325684,18662,0.0,0.0
2023-08-29 13:30:00-04:00,3.5899999141693115,3.630000114440918,3.5899999141693115,3.619999885559082,20485,0.0,0.0
2023-08-29 14:30:00-04:00,3.609999895095825,3.690000057220459,3.609999895095825,3.630000114440918,44982,0.0,0.0
2023-08-30 09:30:00-04:00,3.549999952316284,3.5899999141693115,3.5299999713897705,3.5299999713897705,17010,0.0,0.0
2023-08-30 10:30:00-04:00,3.5483999252319336,3.5899999141693115,3.5399999618530273,3.5399999618530273,27768,0.0,0.0
2023-08-30 11:30:00-04:00,3.5483999252319336,3.559999942779541,3.519399881362915,3.549999952316284,28186,0.0,0.0
2023-08-30 12:30:00-04:00,3.549999952316284,3.5799999237060547,3.5399999618530273,3.549999952316284,9299,0.0,0.0
2023-08-30 13:30:00-04:00,3.549999952316284,3.549999952316284,3.5299999713897705,3.5399999618530273,18356,0.0,0.0
2023-08-30 14:30:00-04:00,3.5399999618530273,3.559999942779541,3.5199999809265137,3.5299999713897705,41007,0.0,0.0
2023-08-30 15:30:00-04:00,3.5299999713897705,3.5350000858306885,3.5,3.5199999809265137,58732,0.0,0.0
2023-08-31 09:30:00-04:00,3.509999990463257,3.6500000953674316,3.509999990463257,3.609999895095825,41386,0.0,0.0
2023-08-31 10:30:00-04:00,3.609999895095825,3.615000009536743,3.575000047683716,3.575000047683716,29516,0.0,0.0
2023-08-31 11:30:00-04:00,3.5785000324249268,3.5875000953674316,3.5399999618530273,3.5399999618530273,10198,0.0,0.0
2023-08-31 12:30:00-04:00,3.5299999713897705,3.5899999141693115,3.509999990463257,3.5399999618530273,58112,0.0,0.0
2023-08-31 13:30:00-04:00,3.5299999713897705,3.5399999618530273,3.5,3.5199999809265137,20952,0.0,0.0
2023-08-31 14:30:00-04:00,3.509999990463257,3.5950000286102295,3.509999990463257,3.569999933242798,32924,0.0,0.0
2023-08-31 15:30:00-04:00,3.569999933242798,3.609999895095825,3.569999933242798,3.6050000190734863,78339,0.0,0.0
2023-09-01 09:30:00-04:00,3.684999942779541,3.690000057220459,3.619999885559082,3.6600000858306885,32544,0.0,0.0
2023-09-01 10:30:00-04:00,3.6600000858306885,3.6600000858306885,3.609999895095825,3.640000104904175,31396,0.0,0.0
2023-09-01 11:30:00-04:00,3.640000104904175,3.6600000858306885,3.634999990463257,3.6549999713897705,4982,0.0,0.0
2023-09-01 12:30:00-04:00,3.6500000953674316,3.6600000858306885,3.630000114440918,3.6500000953674316,9734,0.0,0.0
2023-09-01 13:30:00-04:00,3.6600000858306885,3.6600000858306885,3.5899999141693115,3.609999895095825,20893,0.0,0.0
2023-09-01 14:30:00-04:00,3.5999999046325684,3.5999999046325684,3.569999933242798,3.569999933242798,10914,0.0,0.0
2023-09-01 15:30:00-04:00,3.5799999237060547,3.5899999141693115,3.509999990463257,3.509999990463257,25243,0.0,0.0
2023-09-05 09:30:00-04:00,3.5299999713897705,3.5999999046325684,3.390000104904175,3.4100000858306885,70800,0.0,0.0
2023-09-05 10:30:00-04:00,3.397900104522705,3.5250000953674316,3.380000114440918,3.5199999809265137,22861,0.0,0.0
2023-09-05 11:30:00-04:00,3.5394999980926514,3.619999885559082,3.5394999980926514,3.5850000381469727,44100,0.0,0.0
2023-09-05 12:30:00-04:00,3.5899999141693115,3.5899999141693115,3.5199999809265137,3.5199999809265137,11979,0.0,0.0
2023-09-05 13:30:00-04:00,3.528599977493286,3.549999952316284,3.528599977493286,3.549999952316284,13628,0.0,0.0
2023-09-05 14:30:00-04:00,3.5399999618530273,3.555000066757202,3.509999990463257,3.509999990463257,11308,0.0,0.0
2023-09-05 15:30:00-04:00,3.5199999809265137,3.5450000762939453,3.509999990463257,3.5399999618530273,29104,0.0,0.0
2023-09-06 09:30:00-04:00,3.5299999713897705,3.5399999618530273,3.4000000953674316,3.4100000858306885,35809,0.0,0.0
2023-09-06 10:30:00-04:00,3.4100000858306885,3.450000047683716,3.4100000858306885,3.450000047683716,8848,0.0,0.0
2023-09-06 11:30:00-04:00,3.4674999713897705,3.490000009536743,3.4205000400543213,3.4205000400543213,8246,0.0,0.0
2023-09-06 12:30:00-04:00,3.4200000762939453,3.450000047683716,3.375,3.4149999618530273,35399,0.0,0.0
2023-09-06 13:30:00-04:00,3.4000000953674316,3.430000066757202,3.3907999992370605,3.424999952316284,16060,0.0,0.0
2023-09-06 14:30:00-04:00,3.430000066757202,3.450000047683716,3.4100000858306885,3.444999933242798,22531,0.0,0.0
2023-09-06 15:30:00-04:00,3.444999933242798,3.450000047683716,3.4200000762939453,3.450000047683716,41495,0.0,0.0
2023-09-07 09:30:00-04:00,3.359999895095825,3.369999885559082,3.207200050354004,3.2200000286102295,61638,0.0,0.0
2023-09-07 10:30:00-04:00,3.2300000190734863,3.319999933242798,3.2300000190734863,3.299999952316284,47120,0.0,0.0
2023-09-07 11:30:00-04:00,3.299999952316284,3.319999933242798,3.240000009536743,3.305000066757202,76180,0.0,0.0
2023-09-07 12:30:00-04:00,3.309999942779541,3.390000104904175,3.309999942779541,3.369999885559082,30295,0.0,0.0
2023-09-07 13:30:00-04:00,3.3768999576568604,3.390000104904175,3.3399999141693115,3.369999885559082,45068,0.0,0.0
2023-09-07 14:30:00-04:00,3.375,3.375,3.325000047683716,3.3299999237060547,47077,0.0,0.0
2023-09-07 15:30:00-04:00,3.3299999237060547,3.3399999141693115,3.299999952316284,3.319999933242798,33329,0.0,0.0
2023-09-08 09:30:00-04:00,3.2799999713897705,3.2964000701904297,3.240000009536743,3.2699999809265137,15020,0.0,0.0
2023-09-08 10:30:00-04:00,3.2699999809265137,3.2699999809265137,3.119999885559082,3.140000104904175,92480,0.0,0.0
2023-09-08 11:30:00-04:00,3.140000104904175,3.180000066757202,3.059999942779541,3.0999999046325684,88167,0.0,0.0
2023-09-08 12:30:00-04:00,3.099900007247925,3.1549999713897705,3.069999933242798,3.1500000953674316,55046,0.0,0.0
2023-09-08 13:30:00-04:00,3.1500000953674316,3.180000066757202,3.134999990463257,3.1500000953674316,74407,0.0,0.0
2023-09-08 14:30:00-04:00,3.141900062561035,3.1549999713897705,3.119999885559082,3.1500000953674316,15258,0.0,0.0
2023-09-08 15:30:00-04:00,3.1452999114990234,3.1575000286102295,3.134999990463257,3.140000104904175,31993,0.0,0.0
2023-09-11 09:30:00-04:00,3.2100000381469727,3.2300000190734863,3.110100030899048,3.180000066757202,47958,0.0,0.0
2023-09-11 10:30:00-04:00,3.174999952316284,3.180000066757202,3.0999999046325684,3.1549999713897705,54992,0.0,0.0
2023-09-11 11:30:00-04:00,3.1600000858306885,3.190000057220459,3.1449999809265137,3.1449999809265137,16001,0.0,0.0
2023-09-11 12:30:00-04:00,3.1449999809265137,3.200000047683716,3.109999895095825,3.200000047683716,27531,0.0,0.0
2023-09-11 13:30:00-04:00,3.200000047683716,3.259999990463257,3.200000047683716,3.2149999141693115,29847,0.0,0.0
2023-09-11 14:30:00-04:00,3.2100000381469727,3.2100000381469727,3.180000066757202,3.190000057220459,14869,0.0,0.0
2023-09-11 15:30:00-04:00,3.200000047683716,3.2049999237060547,3.1600000858306885,3.180000066757202,51049,0.0,0.0
2023-09-12 09:30:00-04:00,3.1500000953674316,3.2300000190734863,3.130000114440918,3.2100000381469727,13583,0.0,0.0
2023-09-12 10:30:00-04:00,3.2049999237060547,3.2049999237060547,3.1500000953674316,3.1500000953674316,13924,0.0,0.0
2023-09-12 11:30:00-04:00,3.1600000858306885,3.190000057220459,3.1600000858306885,3.180000066757202,4113,0.0,0.0
2023-09-12 12:30:00-04:00,3.172300100326538,3.190000057220459,3.109999895095825,3.134999990463257,25202,0.0,0.0
2023-09-12 13:30:00-04:00,3.134999990463257,3.140000104904175,3.109999895095825,3.134999990463257,11234,0.0,0.0
2023-09-12 14:30:00-04:00,3.140000104904175,3.140000104904175,3.130000114440918,3.130000114440918,9292,0.0,0.0
2023-09-12 15:30:00-04:00,3.134999990463257,3.1500000953674316,3.119999885559082,3.125,40286,0.0,0.0
2023-09-13 09:30:00-04:00,3.109999895095825,3.1600000858306885,3.049999952316284,3.1600000858306885,52342,0.0,0.0
2023-09-13 10:30:00-04:00,3.1600000858306885,3.1600000858306885,3.1500000953674316,3.1549999713897705,26200,0.0,0.0
2023-09-13 11:30:00-04:00,3.1549999713897705,3.1600000858306885,3.1549999713897705,3.1600000858306885,8825,0.0,0.0
2023-09-13 12:30:00-04:00,3.1549999713897705,3.1600000858306885,3.1500000953674316,3.1549999713897705,14069,0.0,0.0
2023-09-13 13:30:00-04:00,3.1549999713897705,3.1700000762939453,3.0999999046325684,3.130000114440918,48191,0.0,0.0
2023-09-13 14:30:00-04:00,3.140000104904175,3.1600000858306885,3.117500066757202,3.125,29562,0.0,0.0
2023-09-13 15:30:00-04:00,3.125,3.140000104904175,3.0999999046325684,3.0999999046325684,51278,0.0,0.0
2023-09-14 09:30:00-04:00,3.130000114440918,3.1600000858306885,3.059999942779541,3.0850000381469727,40666,0.0,0.0
2023-09-14 10:30:00-04:00,3.0899999141693115,3.119999885559082,3.055000066757202,3.059999942779541,16499,0.0,0.0
2023-09-14 11:30:00-04:00,3.06030011177063,3.0799999237060547,3.0299999713897705,3.059999942779541,33375,0.0,0.0
2023-09-14 12:30:00-04:00,3.059999942779541,3.069999933242798,3.0450000762939453,3.055000066757202,17246,0.0,0.0
2023-09-14 13:30:00-04:00,3.049999952316284,3.0999999046325684,3.049999952316284,3.0950000286102295,20859,0.0,0.0
2023-09-14 14:30:00-04:00,3.0999999046325684,3.0999999046325684,3.055000066757202,3.069999933242798,28526,0.0,0.0
2023-09-14 15:30:00-04:00,3.059999942779541,3.069999933242798,3.0299999713897705,3.059999942779541,75702,0.0,0.0
2023-09-15 09:30:00-04:00,3.009999990463257,3.109999895095825,3.009999990463257,3.0199999809265137,20216,0.0,0.0
2023-09-15 10:30:00-04:00,3.0199999809265137,3.0199999809265137,3.0018999576568604,3.0032999515533447,6902,0.0,0.0
2023-09-15 11:30:00-04:00,3.009999990463257,3.069999933242798,3.009999990463257,3.049999952316284,32965,0.0,0.0
2023-09-15 12:30:00-04:00,3.0399999618530273,3.049999952316284,3.009999990463257,3.009999990463257,9376,0.0,0.0
2023-09-15 13:30:00-04:00,3.0199999809265137,3.0199999809265137,2.9700000286102295,3.015000104904175,73019,0.0,0.0
2023-09-15 14:30:00-04:00,3.009999990463257,3.0199999809265137,3.0,3.0199999809265137,27387,0.0,0.0
2023-09-15 15:30:00-04:00,3.0199999809265137,3.049999952316284,2.990000009536743,3.0299999713897705,86270,0.0,0.0
2023-09-18 09:30:00-04:00,3.009999990463257,3.0299999713897705,2.990000009536743,3.0199999809265137,26453,0.0,0.0
2023-09-18 10:30:00-04:00,3.005000114440918,3.069999933242798,2.9800000190734863,3.059999942779541,26842,0.0,0.0
2023-09-18 11:30:00-04:00,3.059999942779541,3.0899999141693115,3.049999952316284,3.049999952316284,13716,0.0,0.0
2023-09-18 12:30:00-04:00,3.049999952316284,3.059999942779541,3.0299999713897705,3.0350000858306885,17796,0.0,0.0
2023-09-18 13:30:00-04:00,3.0350000858306885,3.0799999237060547,3.0350000858306885,3.0799999237060547,14289,0.0,0.0
2023-09-18 14:30:00-04:00,3.069999933242798,3.0799999237060547,3.049999952316284,3.049999952316284,15477,0.0,0.0
2023-09-18 15:30:00-04:00,3.050100088119507,3.059999942779541,3.0399999618530273,3.0450000762939453,37206,0.0,0.0
2023-09-19 09:30:00-04:00,3.059999942779541,3.0799999237060547,3.0299999713897705,3.0350000858306885,7458,0.0,0.0
2023-09-19 10:30:00-04:00,3.0350000858306885,3.0999999046325684,3.0350000858306885,3.0999999046325684,25497,0.0,0.0
2023-09-19 11:30:00-04:00,3.0999999046325684,3.130000114440918,3.0999999046325684,3.119999885559082,4931,0.0,0.0
2023-09-19 12:30:00-04:00,3.109999895095825,3.109999895095825,3.0799999237060547,3.0899999141693115,12312,0.0,0.0
2023-09-19 13:30:00-04:00,3.0850000381469727,3.130000114440918,3.0799999237060547,3.0999999046325684,15847,0.0,0.0
2023-09-19 14:30:00-04:00,3.0999999046325684,3.130000114440918,3.0899999141693115,3.125,42941,0.0,0.0
2023-09-19 15:30:00-04:00,3.125,3.130000114440918,3.0899999141693115,3.0950000286102295,20042,0.0,0.0
2023-09-20 09:30:00-04:00,3.0299999713897705,3.130000114440918,3.0299999713897705,3.119999885559082,65736,0.0,0.0
2023-09-20 10:30:00-04:00,3.115000009536743,3.1500000953674316,3.1050000190734863,3.1500000953674316,8031,0.0,0.0
2023-09-20 11:30:00-04:00,3.1500000953674316,3.1666998863220215,3.125,3.1666998863220215,8002,0.0,0.0
2023-09-20 12:30:00-04:00,3.1600000858306885,3.1649999618530273,3.1419999599456787,3.1649999618530273,6005,0.0,0.0
2023-09-20 13:30:00-04:00,3.1600000858306885,3.1600000858306885,3.109999895095825,3.140000104904175,16293,0.0,0.0
2023-09-20 14:30:00-04:00,3.119999885559082,3.140000104904175,3.0799999237060547,3.0899999141693115,28565,0.0,0.0
2023-09-20 15:30:00-04:00,3.0799999237060547,3.0899999141693115,3.069999933242798,3.075000047683716,35430,0.0,0.0
2023-09-21 09:30:00-04:00,3.0399999618530273,3.140000104904175,2.9700000286102295,2.997499942779541,39004,0.0,0.0
2023-09-21 10:30:00-04:00,2.9800000190734863,3.0,2.890000104904175,2.9200000762939453,42510,0.0,0.0
2023-09-21 11:30:00-04:00,2.9100000858306885,2.940000057220459,2.9000000953674316,2.924999952316284,17710,0.0,0.0
2023-09-21 12:30:00-04:00,2.920599937438965,2.930000066757202,2.880000114440918,2.9200000762939453,36263,0.0,0.0
2023-09-21 13:30:00-04:00,2.9200000762939453,2.930000066757202,2.9000000953674316,2.9200000762939453,15791,0.0,0.0
2023-09-21 14:30:00-04:00,2.9200000762939453,2.930000066757202,2.880000114440918,2.890000104904175,21243,0.0,0.0
2023-09-21 15:30:00-04:00,2.880000114440918,2.9000000953674316,2.875,2.9000000953674316,35455,0.0,0.0
2023-09-22 09:30:00-04:00,2.940000057220459,2.9600000381469727,2.880000114440918,2.890000104904175,14143,0.0,0.0
2023-09-22 10:30:00-04:00,2.901900053024292,2.950000047683716,2.9000000953674316,2.940000057220459,16161,0.0,0.0
2023-09-22 11:30:00-04:00,2.930000066757202,2.940000057220459,2.924999952316284,2.924999952316284,2522,0.0,0.0
2023-09-22 12:30:00-04:00,2.940000057220459,2.940000057220459,2.9100000858306885,2.940000057220459,12284,0.0,0.0
2023-09-22 13:30:00-04:00,2.9200000762939453,2.930000066757202,2.90939998626709,2.9200000762939453,12706,0.0,0.0
2023-09-22 14:30:00-04:00,2.9149999618530273,2.9649999141693115,2.9149999618530273,2.9600000381469727,19292,0.0,0.0
2023-09-22 15:30:00-04:00,2.9600000381469727,2.9600000381469727,2.9200000762939453,2.934999942779541,21783,0.0,0.0
2023-09-25 09:30:00-04:00,2.940000057220459,3.0,2.8213999271392822,2.940000057220459,27249,0.0,0.0
2023-09-25 10:30:00-04:00,2.930000066757202,2.9600000381469727,2.920099973678589,2.950000047683716,14416,0.0,0.0
2023-09-25 11:30:00-04:00,2.940000057220459,2.9600000381469727,2.9200000762939453,2.930000066757202,10869,0.0,0.0
2023-09-25 12:30:00-04:00,2.930000066757202,2.9700000286102295,2.930000066757202,2.9700000286102295,10784,0.0,0.0
2023-09-25 13:30:00-04:00,2.9600000381469727,2.9700000286102295,2.940000057220459,2.9700000286102295,30462,0.0,0.0
2023-09-25 14:30:00-04:00,2.9649999141693115,2.990000009536743,2.950000047683716,2.950000047683716,16765,0.0,0.0
2023-09-25 15:30:00-04:00,2.945199966430664,2.950000047683716,2.930000066757202,2.944999933242798,19949,0.0,0.0
2023-09-26 09:30:00-04:00,2.930000066757202,2.990000009536743,2.890500068664551,2.940000057220459,6065,0.0,0.0
2023-09-26 10:30:00-04:00,2.934999942779541,3.015000104904175,2.930000066757202,3.0,27431,0.0,0.0
2023-09-26 11:30:00-04:00,3.005000114440918,3.015000104904175,2.990000009536743,3.009999990463257,10136,0.0,0.0
2023-09-26 12:30:00-04:00,3.009999990463257,3.0195000171661377,3.0,3.0,17460,0.0,0.0
2023-09-26 13:30:00-04:00,3.0,3.0199999809265137,2.994999885559082,3.015000104904175,8551,0.0,0.0
2023-09-26 14:30:00-04:00,3.0199999809265137,3.0199999809265137,2.990000009536743,2.990000009536743,15332,0.0,0.0
2023-09-26 15:30:00-04:00,2.990000009536743,2.990000009536743,2.930000066757202,2.930000066757202,24461,0.0,0.0
2023-09-27 09:30:00-04:00,2.9700000286102295,3.0299999713897705,2.9200000762939453,3.0,14352,0.0,0.0
2023-09-27 10:30:00-04:00,2.990000009536743,3.0199999809265137,2.9549999237060547,3.009999990463257,7023,0.0,0.0
2023-09-27 11:30:00-04:00,3.0000998973846436,3.0002999305725098,2.950000047683716,2.9679999351501465,9404,0.0,0.0
2023-09-27 12:30:00-04:00,2.9691998958587646,2.990000009536743,2.9600000381469727,2.9749999046325684,3677,0.0,0.0
2023-09-27 13:30:00-04:00,2.9700000286102295,3.009999990463257,2.9700000286102295,3.009999990463257,8787,0.0,0.0
2023-09-27 14:30:00-04:00,3.009999990463257,3.0399999618530273,3.0,3.0199999809265137,58951,0.0,0.0
2023-09-27 15:30:00-04:00,3.0299999713897705,3.0299999713897705,3.005000114440918,3.0199999809265137,28811,0.0,0.0
2023-09-28 09:30:00-04:00,3.0299999713897705,3.0899999141693115,2.940000057220459,3.0420000553131104,20916,0.0,0.0
2023-09-28 10:30:00-04:00,3.0450000762939453,3.055000066757202,3.005000114440918,3.0299999713897705,7727,0.0,0.0
2023-09-28 11:30:00-04:00,3.0299999713897705,3.0899999141693115,3.0299999713897705,3.0899999141693115,17608,0.0,0.0
2023-09-28 12:30:00-04:00,3.0899999141693115,3.0999999046325684,3.0299999713897705,3.0420000553131104,7996,0.0,0.0
2023-09-28 13:30:00-04:00,3.0299999713897705,3.0299999713897705,3.0,3.002000093460083,11864,0.0,0.0
2023-09-28 14:30:00-04:00,3.009999990463257,3.0299999713897705,3.0,3.009999990463257,41596,0.0,0.0
2023-09-28 15:30:00-04:00,3.009999990463257,3.015000104904175,3.0,3.009999990463257,29912,0.0,0.0
2023-09-29 09:30:00-04:00,3.0399999618530273,3.0999999046325684,3.0299999713897705,3.0899999141693115,11977,0.0,0.0
2023-09-29 10:30:00-04:00,3.0999999046325684,3.130000114440918,3.0950000286102295,3.130000114440918,8346,0.0,0.0
2023-09-29 11:30:00-04:00,3.130000114440918,3.184999942779541,3.130000114440918,3.184999942779541,5400,0.0,0.0
2023-09-29 12:30:00-04:00,3.180000066757202,3.259999990463257,3.180000066757202,3.259999990463257,16997,0.0,0.0
2023-09-29 13:30:00-04:00,3.255000114440918,3.319999933242798,3.25,3.2899999618530273,63421,0.0,0.0
2023-09-29 14:30:00-04:00,3.2799999713897705,3.305000066757202,3.2799999713897705,3.299999952316284,66526,0.0,0.0
2023-09-29 15:30:00-04:00,3.2950000762939453,3.315000057220459,3.2950000762939453,3.309999942779541,49427,0.0,0.0
2023-10-02 09:30:00-04:00,3.2899999618530273,3.319999933242798,3.240000009536743,3.2699999809265137,27029,0.0,0.0
2023-10-02 10:30:00-04:00,3.25,3.3499999046325684,3.240000009536743,3.319999933242798,20578,0.0,0.0
2023-10-02 11:30:00-04:00,3.3399999141693115,3.3399999141693115,3.299999952316284,3.299999952316284,15329,0.0,0.0
2023-10-02 12:30:00-04:00,3.299999952316284,3.299999952316284,3.200000047683716,3.200000047683716,17619,0.0,0.0
2023-10-02 13:30:00-04:00,3.190000057220459,3.190000057220459,3.130000114440918,3.130000114440918,12549,0.0,0.0
2023-10-02 14:30:00-04:00,3.134999990463257,3.140000104904175,3.0999999046325684,3.130000114440918,17777,0.0,0.0
2023-10-02 15:30:00-04:00,3.130000114440918,3.200000047683716,3.119999885559082,3.1700000762939453,88088,0.0,0.0
2023-10-03 09:30:00-04:00,3.1700000762939453,3.180000066757202,3.0415000915527344,3.099900007247925,20813,0.0,0.0
2023-10-03 10:30:00-04:00,3.0799999237060547,3.0799999237060547,3.0350000858306885,3.039099931716919,6308,0.0,0.0
2023-10-03 11:30:00-04:00,3.0399999618530273,3.055000066757202,3.0199999809265137,3.0250000953674316,12729,0.0,0.0
2023-10-03 12:30:00-04:00,3.0199999809265137,3.0199999809265137,2.9600000381469727,2.9600000381469727,10794,0.0,0.0
2023-10-03 13:30:00-04:00,2.9700000286102295,2.9700000286102295,2.930000066757202,2.940000057220459,3512,0.0,0.0
2023-10-03 14:30:00-04:00,2.940500020980835,2.9800000190734863,2.930000066757202,2.930000066757202,22397,0.0,0.0
2023-10-03 15:30:00-04:00,2.930000066757202,2.9800000190734863,2.930000066757202,2.9800000190734863,44228,0.0,0.0
2023-10-04 09:30:00-04:00,2.9000000953674316,3.059999942779541,2.9000000953674316,3.0250000953674316,0,0.0,0.0
2023-10-04 10:30:00-04:00,3.0350000858306885,3.0799999237060547,3.0350000858306885,3.069999933242798,4177,0.0,0.0
2023-10-04 11:30:00-04:00,3.069999933242798,3.109999895095825,3.059999942779541,3.0799999237060547,7237,0.0,0.0
2023-10-04 12:30:00-04:00,3.069999933242798,3.109999895095825,3.069999933242798,3.069999933242798,8744,0.0,0.0
2023-10-04 13:30:00-04:00,3.065000057220459,3.069999933242798,3.0,3.0199999809265137,4680,0.0,0.0
2023-10-04 14:30:00-04:00,3.0299999713897705,3.059999942779541,3.0,3.049999952316284,24263,0.0,0.0
2023-10-04 15:30:00-04:00,3.0450000762939453,3.0999999046325684,3.0399999618530273,3.0899999141693115,45332,0.0,0.0
2023-10-05 09:30:00-04:00,3.0399999618530273,3.170099973678589,2.930000066757202,3.049999952316284,0,0.0,0.0
2023-10-05 10:30:00-04:00,3.049999952316284,3.1449999809265137,3.049999952316284,3.1449999809265137,9234,0.0,0.0
2023-10-05 11:30:00-04:00,3.140000104904175,3.180000066757202,3.059999942779541,3.065000057220459,25173,0.0,0.0
2023-10-05 12:30:00-04:00,3.065000057220459,3.0999999046325684,3.049999952316284,3.069999933242798,16420,0.0,0.0
2023-10-05 13:30:00-04:00,3.0899999141693115,3.130000114440918,3.0799999237060547,3.119999885559082,10368,0.0,0.0
2023-10-05 14:30:00-04:00,3.130000114440918,3.177500009536743,3.130000114440918,3.1449999809265137,20984,0.0,0.0
2023-10-05 15:30:00-04:00,3.140000104904175,3.2174999713897705,3.140000104904175,3.1549999713897705,52748,0.0,0.0
2023-10-06 09:30:00-04:00,3.109999895095825,3.1600000858306885,2.9600000381469727,3.0199999809265137,29241,0.0,0.0
2023-10-06 10:30:00-04:00,3.0199999809265137,3.119999885559082,2.990000009536743,3.0499000549316406,15639,0.0,0.0
2023-10-06 11:30:00-04:00,3.059999942779541,3.130000114440918,3.049999952316284,3.0999999046325684,10407,0.0,0.0
2023-10-06 12:30:00-04:00,3.0899999141693115,3.1600000858306885,3.069999933242798,3.1600000858306885,18566,0.0,0.0
2023-10-06 13:30:00-04:00,3.1500000953674316,3.1700000762939453,3.125,3.130000114440918,4091,0.0,0.0
2023-10-06 14:30:00-04:00,3.1500000953674316,3.1600000858306885,3.109999895095825,3.109999895095825,4618,0.0,0.0
2023-10-06 15:30:00-04:00,3.119999885559082,3.140000104904175,3.0899999141693115,3.109999895095825,11198,0.0,0.0
2023-10-09 09:30:00-04:00,3.059999942779541,3.0799999237060547,2.930000066757202,3.0199999809265137,12919,0.0,0.0
2023-10-09 10:30:00-04:00,3.0199999809265137,3.1600000858306885,3.0199999809265137,3.1500000953674316,29738,0.0,0.0
2023-10-09 11:30:00-04:00,3.1700000762939453,3.3399999141693115,3.130000114440918,3.299999952316284,53892,0.0,0.0
2023-10-09 12:30:00-04:00,3.299999952316284,3.3499999046325684,3.2971999645233154,3.3450000286102295,43765,0.0,0.0
2023-10-09 13:30:00-04:00,3.3499999046325684,3.358099937438965,3.299999952316284,3.325000047683716,33305,0.0,0.0
2023-10-09 14:30:00-04:00,3.3299999237060547,3.380000114440918,3.3299999237060547,3.3499999046325684,8658,0.0,0.0
2023-10-09 15:30:00-04:00,3.3499999046325684,3.359999895095825,3.3499999046325684,3.359999895095825,24413,0.0,0.0
2023-10-10 09:30:00-04:00,3.319999933242798,3.450000047683716,3.319999933242798,3.424999952316284,12506,0.0,0.0
2023-10-10 10:30:00-04:00,3.424999952316284,3.424999952316284,3.3499999046325684,3.4200000762939453,11433,0.0,0.0
2023-10-10 11:30:00-04:00,3.430000066757202,3.4700000286102295,3.4200000762939453,3.444999933242798,32851,0.0,0.0
2023-10-10 12:30:00-04:00,3.450000047683716,3.4711999893188477,3.434999942779541,3.4593000411987305,14873,0.0,0.0
2023-10-10 13:30:00-04:00,3.4600000381469727,3.4749999046325684,3.444999933242798,3.444999933242798,15577,0.0,0.0
2023-10-10 14:30:00-04:00,3.450000047683716,3.47760009765625,3.440000057220459,3.4600000381469727,25993,0.0,0.0
2023-10-10 15:30:00-04:00,3.4700000286102295,3.4800000190734863,3.440000057220459,3.450000047683716,25167,0.0,0.0
2023-10-11 09:30:00-04:00,3.440000057220459,3.4600000381469727,3.4000000953674316,3.4045000076293945,14237,0.0,0.0
2023-10-11 10:30:00-04:00,3.4000000953674316,3.4200000762939453,3.3299999237060547,3.4200000762939453,20791,0.0,0.0
2023-10-11 11:30:00-04:00,3.430000066757202,3.4600000381469727,3.430000066757202,3.450000047683716,3659,0.0,0.0
2023-10-11 12:30:00-04:00,3.430000066757202,3.430000066757202,3.22379994392395,3.2300000190734863,16985,0.0,0.0
2023-10-11 13:30:00-04:00,3.2307000160217285,3.2590999603271484,3.2100000381469727,3.2590999603271484,6425,0.0,0.0
2023-10-11 14:30:00-04:00,3.258500099182129,3.259999990463257,3.192199945449829,3.2200000286102295,17908,0.0,0.0
2023-10-11 15:30:00-04:00,3.2249999046325684,3.2249999046325684,3.200000047683716,3.2195000648498535,9351,0.0,0.0
2023-10-12 09:30:00-04:00,3.200000047683716,3.200000047683716,3.059999942779541,3.0899999141693115,17003,0.0,0.0
2023-10-12 10:30:00-04:00,3.0850000381469727,3.0850000381469727,3.0199999809265137,3.0350000858306885,2519,0.0,0.0
2023-10-12 11:30:00-04:00,3.0199999809265137,3.0999999046325684,3.009999990463257,3.0899999141693115,9233,0.0,0.0
2023-10-12 12:30:00-04:00,3.0899999141693115,3.0899999141693115,2.9700000286102295,2.984999895095825,16085,0.0,0.0
2023-10-12 13:30:00-04:00,2.9700000286102295,2.9700000286102295,2.9300999641418457,2.9600000381469727,5140,0.0,0.0
2023-10-12 14:30:00-04:00,2.9649999141693115,2.9700000286102295,2.930000066757202,2.940000057220459,24490,0.0,0.0
2023-10-12 15:30:00-04:00,2.950000047683716,2.9700000286102295,2.940000057220459,2.9700000286102295,15254,0.0,0.0
2023-10-13 09:30:00-04:00,2.9800000190734863,3.049999952316284,2.9200000762939453,2.9600000381469727,9363,0.0,0.0
2023-10-13 10:30:00-04:00,2.940000057220459,2.940000057220459,2.859999895095825,2.884999990463257,35497,0.0,0.0
2023-10-13 11:30:00-04:00,2.9100000858306885,2.930000066757202,2.8896000385284424,2.930000066757202,4830,0.0,0.0
2023-10-13 12:30:00-04:00,2.924999952316284,2.924999952316284,2.859999895095825,2.859999895095825,13896,0.0,0.0
2023-10-13 13:30:00-04:00,2.8499999046325684,2.890000104904175,2.8499999046325684,2.8610000610351562,8418,0.0,0.0
2023-10-13 14:30:00-04:00,2.869999885559082,2.8949999809265137,2.859999895095825,2.890000104904175,5871,0.0,0.0
2023-10-13 15:30:00-04:00,2.880000114440918,2.9100000858306885,2.875,2.890000104904175,16458,0.0,0.0
2023-10-16 09:30:00-04:00,2.940000057220459,2.9800000190734863,2.9000000953674316,2.951900005340576,6806,0.0,0.0
2023-10-16 10:30:00-04:00,2.9600000381469727,3.0199999809265137,2.9000000953674316,2.9600000381469727,33895,0.0,0.0
2023-10-16 11:30:00-04:00,2.9700000286102295,2.9800000190734863,2.930000066757202,2.9700000286102295,7939,0.0,0.0
2023-10-16 12:30:00-04:00,2.9600000381469727,2.9700000286102295,2.958699941635132,2.9600000381469727,8728,0.0,0.0
2023-10-16 13:30:00-04:00,2.950000047683716,2.9700000286102295,2.940000057220459,2.9600000381469727,9614,0.0,0.0
2023-10-16 14:30:00-04:00,2.950000047683716,2.9800000190734863,2.950000047683716,2.9749999046325684,12562,0.0,0.0
2023-10-16 15:30:00-04:00,2.9800000190734863,2.9800000190734863,2.9100000858306885,2.930000066757202,44433,0.0,0.0
2023-10-17 09:30:00-04:00,2.880000114440918,3.0399999618530273,2.880000114440918,3.0016000270843506,12618,0.0,0.0
2023-10-17 10:30:00-04:00,3.015000104904175,3.119999885559082,3.015000104904175,3.119999885559082,6066,0.0,0.0
2023-10-17 11:30:00-04:00,3.130000114440918,3.1500000953674316,3.059999942779541,3.0850000381469727,20025,0.0,0.0
2023-10-17 12:30:00-04:00,3.0999999046325684,3.140000104904175,3.0999999046325684,3.130000114440918,4756,0.0,0.0
2023-10-17 13:30:00-04:00,3.125,3.125,3.049999952316284,3.049999952316284,15348,0.0,0.0
2023-10-17 14:30:00-04:00,3.055000066757202,3.0950000286102295,3.049999952316284,3.069999933242798,7460,0.0,0.0
2023-10-17 15:30:00-04:00,3.069999933242798,3.0850000381469727,3.059999942779541,3.0799999237060547,17414,0.0,0.0
2023-10-18 09:30:00-04:00,3.0299999713897705,3.049999952316284,2.990000009536743,3.0299999713897705,9016,0.0,0.0
2023-10-18 10:30:00-04:00,3.0199999809265137,3.0399999618530273,3.015000104904175,3.0399999618530273,7389,0.0,0.0
2023-10-18 11:30:00-04:00,3.0199999809265137,3.0399999618530273,2.9800000190734863,2.9800000190734863,14898,0.0,0.0
2023-10-18 12:30:00-04:00,2.9800000190734863,3.0199999809265137,2.9800000190734863,3.009999990463257,8077,0.0,0.0
2023-10-18 13:30:00-04:00,3.009999990463257,3.0199999809265137,2.990000009536743,3.0199999809265137,3870,0.0,0.0
2023-10-18 14:30:00-04:00,3.015000104904175,3.0199999809265137,2.9800000190734863,2.9800000190734863,6833,0.0,0.0
2023-10-18 15:30:00-04:00,2.9800000190734863,3.0,2.9700000286102295,2.990000009536743,10347,0.0,0.0
2023-10-19 09:30:00-04:00,3.0,3.0399999618530273,2.9700000286102295,2.990000009536743,4681,0.0,0.0
2023-10-19 10:30:00-04:00,2.9800000190734863,3.009999990463257,2.9700000286102295,2.990000009536743,8085,0.0,0.0
2023-10-19 11:30:00-04:00,3.009999990463257,3.009999990463257,2.9800000190734863,2.990000009536743,5525,0.0,0.0
2023-10-19 12:30:00-04:00,2.9800000190734863,3.009999990463257,2.9800000190734863,3.009999990463257,2396,0.0,0.0
2023-10-19 13:30:00-04:00,3.009999990463257,3.049999952316284,2.9800000190734863,2.9800000190734863,19009,0.0,0.0
2023-10-19 14:30:00-04:00,2.9800000190734863,2.994999885559082,2.9800000190734863,2.990000009536743,6610,0.0,0.0
2023-10-19 15:30:00-04:00,2.990000009536743,3.0,2.9800000190734863,2.9800000190734863,26163,0.0,0.0
2023-10-20 09:30:00-04:00,2.9800000190734863,3.0399999618530273,2.9800000190734863,2.9800000190734863,4350,0.0,0.0
2023-10-20 10:30:00-04:00,2.9800000190734863,3.009999990463257,2.9800000190734863,2.9830000400543213,3084,0.0,0.0
2023-10-20 11:30:00-04:00,3.015000104904175,3.0899999141693115,3.015000104904175,3.0899999141693115,8669,0.0,0.0
2023-10-20 12:30:00-04:00,3.049999952316284,3.078000068664551,3.0,3.059999942779541,4823,0.0,0.0
2023-10-20 13:30:00-04:00,3.059999942779541,3.069999933242798,3.009999990463257,3.009999990463257,5056,0.0,0.0
2023-10-20 14:30:00-04:00,3.0399999618530273,3.0399999618530273,3.0,3.0299999713897705,3875,0.0,0.0
2023-10-20 15:30:00-04:00,3.0299999713897705,3.0583999156951904,3.009999990463257,3.0399999618530273,6543,0.0,0.0
2023-10-23 09:30:00-04:00,2.990000009536743,3.1500000953674316,2.9700000286102295,3.1500000953674316,0,0.0,0.0
2023-10-23 10:30:00-04:00,3.119999885559082,3.1600000858306885,3.0999999046325684,3.1600000858306885,6252,0.0,0.0
2023-10-23 11:30:00-04:00,3.1772000789642334,3.2200000286102295,3.1600000858306885,3.190000057220459,14344,0.0,0.0
2023-10-23 12:30:00-04:00,3.2100000381469727,3.240000009536743,3.1500000953674316,3.180000066757202,13199,0.0,0.0
2023-10-23 13:30:00-04:00,3.1600000858306885,3.240000009536743,3.1500000953674316,3.1600000858306885,8336,0.0,0.0
2023-10-23 14:30:00-04:00,3.190000057220459,3.200000047683716,3.1600000858306885,3.1600000858306885,6691,0.0,0.0
2023-10-23 15:30:00-04:00,3.1700000762939453,3.180000066757202,3.1500000953674316,3.1700000762939453,13323,0.0,0.0
2023-10-24 09:30:00-04:00,3.1500000953674316,3.2899999618530273,3.1500000953674316,3.2300000190734863,20878,0.0,0.0
2023-10-24 10:30:00-04:00,3.25,3.2899999618530273,3.23009991645813,3.244999885559082,14542,0.0,0.0
2023-10-24 11:30:00-04:00,3.25,3.299999952316284,3.25,3.272599935531616,9385,0.0,0.0
2023-10-24 12:30:00-04:00,3.255000114440918,3.2899999618530273,3.25,3.2799999713897705,3372,0.0,0.0
2023-10-24 13:30:00-04:00,3.299999952316284,3.3299999237060547,3.259999990463257,3.2899999618530273,8115,0.0,0.0
2023-10-24 14:30:00-04:00,3.2750000953674316,3.319999933242798,3.200000047683716,3.2300000190734863,32662,0.0,0.0
2023-10-24 15:30:00-04:00,3.2300000190734863,3.2300000190734863,3.200000047683716,3.200000047683716,23874,0.0,0.0
2023-10-25 09:30:00-04:00,3.1700000762939453,3.2300000190734863,3.1500000953674316,3.180000066757202,8658,0.0,0.0
2023-10-25 10:30:00-04:00,3.1600000858306885,3.265000104904175,3.1500000953674316,3.1500000953674316,12630,0.0,0.0
2023-10-25 11:30:00-04:00,3.1600000858306885,3.25,3.1600000858306885,3.240000009536743,8995,0.0,0.0
2023-10-25 12:30:00-04:00,3.240000009536743,3.240000009536743,3.194999933242798,3.2200000286102295,5470,0.0,0.0
2023-10-25 13:30:00-04:00,3.2200000286102295,3.2200000286102295,3.1500000953674316,3.1600000858306885,6626,0.0,0.0
2023-10-25 14:30:00-04:00,3.1600000858306885,3.1700000762939453,3.1500000953674316,3.1600000858306885,12504,0.0,0.0
2023-10-25 15:30:00-04:00,3.1549999713897705,3.184999942779541,3.140000104904175,3.180000066757202,17999,0.0,0.0
2023-10-26 09:30:00-04:00,3.1700000762939453,3.25,3.1500000953674316,3.2300000190734863,8689,0.0,0.0
2023-10-26 10:30:00-04:00,3.25,3.359999895095825,3.25,3.259999990463257,24627,0.0,0.0
2023-10-26 11:30:00-04:00,3.2699999809265137,3.299999952316284,3.25,3.2899999618530273,9348,0.0,0.0
2023-10-26 12:30:00-04:00,3.2899999618530273,3.299999952316284,3.2799999713897705,3.2799999713897705,4058,0.0,0.0
2023-10-26 13:30:00-04:00,3.2799999713897705,3.2899999618530273,3.25,3.2899999618530273,17052,0.0,0.0
2023-10-26 14:30:00-04:00,3.2899999618530273,3.319999933242798,3.259999990463257,3.2750000953674316,12564,0.0,0.0
2023-10-26 15:30:00-04:00,3.2750000953674316,3.2899999618530273,3.25,3.259999990463257,13671,0.0,0.0
2023-10-27 09:30:00-04:00,3.25,3.2799999713897705,3.2300000190734863,3.25,6774,0.0,0.0
2023-10-27 10:30:00-04:00,3.2699999809265137,3.3299999237060547,3.25,3.305000066757202,5876,0.0,0.0
2023-10-27 11:30:00-04:00,3.319999933242798,3.3299999237060547,3.2950000762939453,3.319999933242798,6731,0.0,0.0
2023-10-27 12:30:00-04:00,3.3299999237060547,3.3399999141693115,3.309999942779541,3.309999942779541,4366,0.0,0.0
2023-10-27 13:30:00-04:00,3.319999933242798,3.3299999237060547,3.25,3.319999933242798,9588,0.0,0.0
2023-10-27 14:30:00-04:00,3.319999933242798,3.3499999046325684,3.2799999713897705,3.309999942779541,6790,0.0,0.0
2023-10-27 15:30:00-04:00,3.309999942779541,3.319999933242798,3.2799999713897705,3.2899999618530273,8781,0.0,0.0
2023-10-30 09:30:00-04:00,3.319999933242798,3.369999885559082,3.2899999618530273,3.3499999046325684,0,0.0,0.0
2023-10-30 10:30:00-04:00,3.359999895095825,3.369999885559082,3.300800085067749,3.3499999046325684,5867,0.0,0.0
2023-10-30 11:30:00-04:00,3.369999885559082,3.4749999046325684,3.299999952316284,3.4600000381469727,17631,0.0,0.0
2023-10-30 12:30:00-04:00,3.4800000190734863,3.4800000190734863,3.4000000953674316,3.4800000190734863,12974,0.0,0.0
2023-10-30 13:30:00-04:00,3.4600000381469727,3.5299999713897705,3.4200000762939453,3.4200000762939453,27143,0.0,0.0
2023-10-30 14:30:00-04:00,3.4200000762939453,3.5299999713897705,3.4200000762939453,3.5199999809265137,8034,0.0,0.0
2023-10-30 15:30:00-04:00,3.5199999809265137,3.5399999618530273,3.4800000190734863,3.5199999809265137,16306,0.0,0.0
2023-10-31 09:30:00-04:00,3.5399999618530273,3.640000104904175,3.5399999618530273,3.559999942779541,20333,0.0,0.0
2023-10-31 10:30:00-04:00,3.555000066757202,3.6600000858306885,3.509999990463257,3.5899999141693115,16905,0.0,0.0
2023-10-31 11:30:00-04:00,3.5999999046325684,3.6549999713897705,3.5999999046325684,3.6500000953674316,9815,0.0,0.0
2023-10-31 12:30:00-04:00,3.6500000953674316,3.6600000858306885,3.609999895095825,3.609999895095825,13302,0.0,0.0
2023-10-31 13:30:00-04:00,3.569999933242798,3.6700000762939453,3.569999933242798,3.6649999618530273,6453,0.0,0.0
2023-10-31 14:30:00-04:00,3.6600000858306885,3.7300000190734863,3.6600000858306885,3.7200000286102295,7049,0.0,0.0
2023-10-31 15:30:00-04:00,3.7249999046325684,3.75,3.7100000381469727,3.740000009536743,39650,0.0,0.0
2023-11-01 09:30:00-04:00,3.690000057220459,3.70989990234375,3.549999952316284,3.5999999046325684,10046,0.0,0.0
2023-11-01 10:30:00-04:00,3.5999999046325684,3.609999895095825,3.5199999809265137,3.5199999809265137,8733,0.0,0.0
2023-11-01 11:30:00-04:00,3.539900064468384,3.5799999237060547,3.539799928665161,3.559999942779541,9689,0.0,0.0
2023-11-01 12:30:00-04:00,3.559999942779541,3.569999933242798,3.4700000286102295,3.4700000286102295,15956,0.0,0.0
2023-11-01 13:30:00-04:00,3.484999895095825,3.5399999618530273,3.4600000381469727,3.5399999618530273,8422,0.0,0.0
2023-11-01 14:30:00-04:00,3.5299999713897705,3.619999885559082,3.5250000953674316,3.615000009536743,8081,0.0,0.0
2023-11-01 15:30:00-04:00,3.5999999046325684,3.630000114440918,3.5899999141693115,3.630000114440918,9787,0.0,0.0
2023-11-02 09:30:00-04:00,3.630000114440918,3.752500057220459,3.630000114440918,3.7300000190734863,5979,0.0,0.0
2023-11-02 10:30:00-04:00,3.6700000762939453,3.755000114440918,3.6600000858306885,3.6600000858306885,34033,0.0,0.0
2023-11-02 11:30:00-04:00,3.6600000858306885,3.7149999141693115,3.640000104904175,3.6600000858306885,8550,0.0,0.0
2023-11-02 12:30:00-04:00,3.680000066757202,3.7149999141693115,3.6700000762939453,3.7100000381469727,10470,0.0,0.0
2023-11-02 13:30:00-04:00,3.7200000286102295,3.740000009536743,3.680000066757202,3.690000057220459,6245,0.0,0.0
2023-11-02 14:30:00-04:00,3.7149999141693115,3.7149999141693115,3.690000057220459,3.7100000381469727,7886,0.0,0.0
2023-11-02 15:30:00-04:00,3.680000066757202,3.759999990463257,3.680000066757202,3.740000009536743,18712,0.0,0.0
2023-11-03 09:30:00-04:00,3.7899999618530273,4.21999979019165,3.7100000381469727,4.0,89241,0.0,0.0
2023-11-03 10:30:00-04:00,4.010000228881836,4.010000228881836,3.869999885559082,3.9000000953674316,10912,0.0,0.0
2023-11-03 11:30:00-04:00,3.9100000858306885,3.940000057220459,3.799999952316284,3.799999952316284,18808,0.0,0.0
2023-11-03 12:30:00-04:00,3.809999942779541,3.950000047683716,3.7899999618530273,3.924999952316284,9691,0.0,0.0
2023-11-03 13:30:00-04:00,3.924999952316284,3.950000047683716,3.8399999141693115,3.859999895095825,6557,0.0,0.0
2023-11-03 14:30:00-04:00,3.859999895095825,3.9100000858306885,3.809999942779541,3.809999942779541,21185,0.0,0.0
2023-11-03 15:30:00-04:00,3.809999942779541,3.8399999141693115,3.759999990463257,3.8399999141693115,16813,0.0,0.0
2023-11-06 09:30:00-05:00,3.819999933242798,3.819999933242798,3.690000057220459,3.7019999027252197,7864,0.0,0.0
2023-11-06 10:30:00-05:00,3.740000009536743,3.799999952316284,3.7100000381469727,3.75,7484,0.0,0.0
2023-11-06 11:30:00-05:00,3.7300000190734863,3.799999952316284,3.7300000190734863,3.744999885559082,5857,0.0,0.0
2023-11-06 12:30:00-05:00,3.744999885559082,3.7899999618530273,3.690000057220459,3.690000057220459,9069,0.0,0.0
2023-11-06 13:30:00-05:00,3.6500000953674316,3.740000009536743,3.6500000953674316,3.740000009536743,3788,0.0,0.0
2023-11-06 14:30:00-05:00,3.759999990463257,3.762500047683716,3.6700000762939453,3.740000009536743,7006,0.0,0.0
2023-11-06 15:30:00-05:00,3.7399001121520996,3.740000009536743,3.5299999713897705,3.5899999141693115,91348,0.0,0.0
2023-11-07 09:30:00-05:00,3.5999999046325684,4.089900016784668,3.5999999046325684,3.9939000606536865,48243,0.0,0.0
2023-11-07 10:30:00-05:00,4.0,4.03000020980835,3.75,3.75,23377,0.0,0.0
2023-11-07 11:30:00-05:00,3.609999895095825,3.680000066757202,3.5799999237060547,3.5799999237060547,10587,0.0,0.0
2023-11-07 12:30:00-05:00,3.569999933242798,3.6600000858306885,3.5399999618530273,3.549999952316284,18092,0.0,0.0
2023-11-07 13:30:00-05:00,3.549999952316284,3.559999942779541,3.5199999809265137,3.5250000953674316,6356,0.0,0.0
2023-11-07 14:30:00-05:00,3.509999990463257,3.569999933242798,3.4000000953674316,3.5299999713897705,30376,0.0,0.0
2023-11-07 15:30:00-05:00,3.5299999713897705,3.6500000953674316,3.5299999713897705,3.609999895095825,38156,0.0,0.0
2023-11-08 09:30:00-05:00,3.5899999141693115,3.809999942779541,3.5078001022338867,3.700000047683716,43229,0.0,0.0
2023-11-08 10:30:00-05:00,3.7200000286102295,3.7699999809265137,3.6500000953674316,3.6500000953674316,11659,0.0,0.0
2023-11-08 11:30:00-05:00,3.690000057220459,3.7799999713897705,3.68530011177063,3.7699999809265137,9232,0.0,0.0
2023-11-08 12:30:00-05:00,3.7799999713897705,3.7799999713897705,3.700000047683716,3.765000104904175,22519,0.0,0.0
2023-11-08 13:30:00-05:00,3.7799999713897705,3.799999952316284,3.740000009536743,3.7699999809265137,17477,0.0,0.0
2023-11-08 14:30:00-05:00,3.740000009536743,3.8399999141693115,3.740000009536743,3.7850000858306885,27212,0.0,0.0
2023-11-08 15:30:00-05:00,3.799999952316284,3.809999942779541,3.759999990463257,3.7799999713897705,22698,0.0,0.0
2023-11-09 09:30:00-05:00,3.7699999809265137,3.819999933242798,3.6333000659942627,3.6333000659942627,14929,0.0,0.0
2023-11-09 10:30:00-05:00,3.5999999046325684,3.700000047683716,3.5450000762939453,3.694999933242798,14164,0.0,0.0
2023-11-09 11:30:00-05:00,3.7100000381469727,3.7100000381469727,3.6600000858306885,3.6600000858306885,7063,0.0,0.0
2023-11-09 12:30:00-05:00,3.6600000858306885,3.680299997329712,3.5899999141693115,3.609999895095825,8662,0.0,0.0
2023-11-09 13:30:00-05:00,3.6110000610351562,3.640000104904175,3.5399999618530273,3.5541999340057373,19165,0.0,0.0
2023-11-09 14:30:00-05:00,3.549999952316284,3.589900016784668,3.509999990463257,3.509999990463257,8658,0.0,0.0
2023-11-09 15:30:00-05:00,3.5399999618530273,3.5399999618530273,3.5,3.5199999809265137,15024,0.0,0.0
2023-11-10 09:30:00-05:00,3.5199999809265137,3.5999999046325684,3.4100000858306885,3.4800000190734863,24866,0.0,0.0
2023-11-10 10:30:00-05:00,3.5,3.565000057220459,3.4800000190734863,3.5,14068,0.0,0.0
2023-11-10 11:30:00-05:00,3.494999885559082,3.5199999809265137,3.494999885559082,3.5,4476,0.0,0.0
2023-11-10 12:30:00-05:00,3.5,3.569999933242798,3.494999885559082,3.5399999618530273,9531,0.0,0.0
2023-11-10 13:30:00-05:00,3.559999942779541,3.559999942779541,3.5,3.5,4960,0.0,0.0
2023-11-10 14:30:00-05:00,3.509999990463257,3.559999942779541,3.359999895095825,3.4200000762939453,68997,0.0,0.0
2023-11-10 15:30:00-05:00,3.450000047683716,3.569999933242798,3.4200000762939453,3.5199999809265137,26399,0.0,0.0
2023-11-13 09:30:00-05:00,3.450000047683716,3.6600000858306885,3.450000047683716,3.640000104904175,19407,0.0,0.0
2023-11-13 10:30:00-05:00,3.630000114440918,3.6596999168395996,3.5899999141693115,3.6500000953674316,16565,0.0,0.0
2023-11-13 11:30:00-05:00,3.6500000953674316,3.680000066757202,3.6500000953674316,3.6700000762939453,5547,0.0,0.0
2023-11-13 12:30:00-05:00,3.680000066757202,3.740000009536743,3.680000066757202,3.7300000190734863,23959,0.0,0.0
2023-11-13 13:30:00-05:00,3.7300000190734863,3.784600019454956,3.7200000286102295,3.784600019454956,12271,0.0,0.0
2023-11-13 14:30:00-05:00,3.7799999713897705,3.7899999618530273,3.7200000286102295,3.7249999046325684,16323,0.0,0.0
2023-11-13 15:30:00-05:00,3.7200000286102295,3.7200000286102295,3.640000104904175,3.700000047683716,27559,0.0,0.0
2023-11-14 09:30:00-05:00,3.5899999141693115,3.7799999713897705,3.5899999141693115,3.7049999237060547,31330,0.0,0.0
2023-11-14 10:30:00-05:00,3.7049999237060547,3.734999895095825,3.6500000953674316,3.734999895095825,16188,0.0,0.0
2023-11-14 11:30:00-05:00,3.7049999237060547,3.7200000286102295,3.6700000762939453,3.7049999237060547,9701,0.0,0.0
2023-11-14 12:30:00-05:00,3.7049999237060547,3.7200000286102295,3.680000066757202,3.700000047683716,15920,0.0,0.0
2023-11-14 13:30:00-05:00,3.694999933242798,3.740000009536743,3.694999933242798,3.7200000286102295,6396,0.0,0.0
2023-11-14 14:30:00-05:00,3.7300000190734863,3.799999952316284,3.7100000381469727,3.799999952316284,6405,0.0,0.0
2023-11-14 15:30:00-05:00,3.7850000858306885,3.799999952316284,3.740000009536743,3.799999952316284,61209,0.0,0.0
2023-11-15 09:30:00-05:00,4.0,4.019999980926514,3.8499999046325684,3.9200000762939453,149342,0.0,0.0
2023-11-15 10:30:00-05:00,3.9000000953674316,3.9700000286102295,3.880000114440918,3.930000066757202,39858,0.0,0.0
2023-11-15 11:30:00-05:00,3.930000066757202,4.009900093078613,3.930000066757202,3.9999001026153564,43525,0.0,0.0
2023-11-15 12:30:00-05:00,3.9700000286102295,4.0,3.9200000762939453,3.950000047683716,37236,0.0,0.0
2023-11-15 13:30:00-05:00,3.969599962234497,3.9800000190734863,3.9100000858306885,3.9200000762939453,17084,0.0,0.0
2023-11-15 14:30:00-05:00,3.930000066757202,3.940000057220459,3.8678998947143555,3.8678998947143555,27430,0.0,0.0
2023-11-15 15:30:00-05:00,3.869999885559082,3.9000000953674316,3.859999895095825,3.890000104904175,29930,0.0,0.0
2023-11-16 09:30:00-05:00,3.9000000953674316,3.9800000190734863,3.700000047683716,3.7200000286102295,32334,0.0,0.0
2023-11-16 10:30:00-05:00,3.7200000286102295,3.740799903869629,3.680000066757202,3.7049999237060547,18799,0.0,0.0
2023-11-16 11:30:00-05:00,3.7049999237060547,3.7200000286102295,3.680000066757202,3.680000066757202,21195,0.0,0.0
2023-11-16 12:30:00-05:00,3.680000066757202,3.7300000190734863,3.640000104904175,3.7300000190734863,20415,0.0,0.0
2023-11-16 13:30:00-05:00,3.7100000381469727,3.740000009536743,3.684999942779541,3.7200000286102295,16664,0.0,0.0
2023-11-16 14:30:00-05:00,3.7200000286102295,3.799999952316284,3.700000047683716,3.799999952316284,11356,0.0,0.0
2023-11-16 15:30:00-05:00,3.809999942779541,3.8499999046325684,3.7899999618530273,3.819999933242798,15069,0.0,0.0
2023-11-17 09:30:00-05:00,3.740000009536743,3.9100000858306885,3.740000009536743,3.859999895095825,27051,0.0,0.0
2023-11-17 10:30:00-05:00,3.8399999141693115,3.930000066757202,3.8399999141693115,3.9000000953674316,11994,0.0,0.0
2023-11-17 11:30:00-05:00,3.890000104904175,3.890000104904175,3.809999942779541,3.839900016784668,11690,0.0,0.0
2023-11-17 12:30:00-05:00,3.859999895095825,3.859999895095825,3.8399999141693115,3.859999895095825,6073,0.0,0.0
2023-11-17 13:30:00-05:00,3.880000114440918,3.9000000953674316,3.8410000801086426,3.869999885559082,19083,0.0,0.0
2023-11-17 14:30:00-05:00,3.880000114440918,3.9000000953674316,3.809999942779541,3.8399999141693115,33457,0.0,0.0
2023-11-17 15:30:00-05:00,3.8399999141693115,3.859999895095825,3.8299999237060547,3.8450000286102295,16783,0.0,0.0
2023-11-20 09:30:00-05:00,3.9000000953674316,3.950000047683716,3.819999933242798,3.8399999141693115,19986,0.0,0.0
2023-11-20 10:30:00-05:00,3.809999942779541,3.859999895095825,3.7799999713897705,3.799999952316284,16685,0.0,0.0
2023-11-20 11:30:00-05:00,3.7909998893737793,3.8299999237060547,3.7699999809265137,3.819999933242798,22442,0.0,0.0
2023-11-20 12:30:00-05:00,3.819999933242798,3.8324999809265137,3.799999952316284,3.819999933242798,11278,0.0,0.0
2023-11-20 13:30:00-05:00,3.809999942779541,3.8399999141693115,3.7799999713897705,3.8299999237060547,20298,0.0,0.0
2023-11-20 14:30:00-05:00,3.8299999237060547,3.880000114440918,3.809999942779541,3.8299999237060547,30389,0.0,0.0
2023-11-20 15:30:00-05:00,3.8499999046325684,3.890000104904175,3.819999933242798,3.869999885559082,41060,0.0,0.0
2023-11-21 09:30:00-05:00,3.8399999141693115,3.9000000953674316,3.75,3.8450000286102295,41916,0.0,0.0
2023-11-21 10:30:00-05:00,3.859999895095825,3.880000114440918,3.8299999237060547,3.880000114440918,10112,0.0,0.0
2023-11-21 11:30:00-05:00,3.880000114440918,3.880000114440918,3.8299999237060547,3.859999895095825,12204,0.0,0.0
2023-11-21 12:30:00-05:00,3.865000009536743,3.880000114440918,3.7899999618530273,3.809999942779541,20870,0.0,0.0
2023-11-21 13:30:00-05:00,3.805000066757202,3.890000104904175,3.799999952316284,3.880000114440918,40039,0.0,0.0
2023-11-21 14:30:00-05:00,3.869999885559082,3.9200000762939453,3.859999895095825,3.8924999237060547,51326,0.0,0.0
2023-11-21 15:30:00-05:00,3.884999990463257,3.9000000953674316,3.8399999141693115,3.8499999046325684,24920,0.0,0.0
2023-11-22 09:30:00-05:00,3.8499999046325684,3.940000057220459,3.759999990463257,3.759999990463257,51701,0.0,0.0
2023-11-22 10:30:00-05:00,3.7699999809265137,3.7699999809265137,3.680000066757202,3.7183001041412354,40520,0.0,0.0
2023-11-22 11:30:00-05:00,3.7100000381469727,3.7300000190734863,3.6700000762939453,3.7049999237060547,95032,0.0,0.0
2023-11-22 12:30:00-05:00,3.7049999237060547,3.7799999713897705,3.700000047683716,3.7799999713897705,9357,0.0,0.0
2023-11-22 13:30:00-05:00,3.7606000900268555,3.8299999237060547,3.7606000900268555,3.799999952316284,18870,0.0,0.0
2023-11-22 14:30:00-05:00,3.809999942779541,3.8299999237060547,3.7799999713897705,3.8299999237060547,14053,0.0,0.0
2023-11-22 15:30:00-05:00,3.8299999237060547,3.8499999046325684,3.799999952316284,3.819999933242798,25995,0.0,0.0
2023-11-24 09:30:00-05:00,3.7899999618530273,3.8424999713897705,3.7699999809265137,3.8424999713897705,17875,0.0,0.0
2023-11-24 10:30:00-05:00,3.8550000190734863,3.880000114440918,3.8399999141693115,3.8499999046325684,13566,0.0,0.0
2023-11-24 11:30:00-05:00,3.859999895095825,3.9600000381469727,3.8499999046325684,3.9600000381469727,26691,0.0,0.0
2023-11-27 09:30:00-05:00,3.9100000858306885,3.990000009536743,3.9100000858306885,3.9549999237060547,30951,0.0,0.0
2023-11-27 10:30:00-05:00,3.9549999237060547,4.0,3.940000057220459,3.990000009536743,22333,0.0,0.0
2023-11-27 11:30:00-05:00,3.990000009536743,4.0,3.940000057220459,3.950000047683716,11262,0.0,0.0
2023-11-27 12:30:00-05:00,4.0,4.079899787902832,3.9800000190734863,4.070000171661377,43459,0.0,0.0
2023-11-27 13:30:00-05:00,4.070000171661377,4.099999904632568,4.039999961853027,4.099999904632568,17283,0.0,0.0
2023-11-27 14:30:00-05:00,4.099999904632568,4.150000095367432,4.059999942779541,4.09499979019165,48073,0.0,0.0
2023-11-27 15:30:00-05:00,4.09499979019165,4.099999904632568,4.019999980926514,4.045000076293945,31556,0.0,0.0
2023-11-28 09:30:00-05:00,4.0,4.0,3.809999942779541,3.8550000190734863,28072,0.0,0.0
2023-11-28 10:30:00-05:00,3.859999895095825,3.9549999237060547,3.859999895095825,3.9549999237060547,20971,0.0,0.0
2023-11-28 11:30:00-05:00,3.9549999237060547,3.969899892807007,3.9000000953674316,3.9303998947143555,21219,0.0,0.0
2023-11-28 12:30:00-05:00,3.940000057220459,3.9700000286102295,3.9200000762939453,3.950000047683716,10826,0.0,0.0
2023-11-28 13:30:00-05:00,3.950000047683716,3.990000009536743,3.940000057220459,3.990000009536743,9040,0.0,0.0
2023-11-28 14:30:00-05:00,3.9965999126434326,4.039999961853027,3.990000009536743,4.03000020980835,28101,0.0,0.0
2023-11-28 15:30:00-05:00,4.03000020980835,4.039999961853027,4.010000228881836,4.019999980926514,23125,0.0,0.0
2023-11-29 09:30:00-05:00,4.019999980926514,4.110000133514404,3.950000047683716,4.059999942779541,28334,0.0,0.0
2023-11-29 10:30:00-05:00,4.059999942779541,4.199999809265137,4.059999942779541,4.119999885559082,32508,0.0,0.0
2023-11-29 11:30:00-05:00,4.114999771118164,4.21999979019165,4.110000133514404,4.199999809265137,46227,0.0,0.0
2023-11-29 12:30:00-05:00,4.204999923706055,4.204999923706055,4.039999961853027,4.119999885559082,77584,0.0,0.0
2023-11-29 13:30:00-05:00,4.099999904632568,4.159999847412109,4.03000020980835,4.099999904632568,43292,0.0,0.0
2023-11-29 14:30:00-05:00,4.099999904632568,4.099999904632568,3.990000009536743,4.059999942779541,39124,0.0,0.0
2023-11-29 15:30:00-05:00,4.070000171661377,4.070000171661377,4.010000228881836,4.039999961853027,31237,0.0,0.0
2023-11-30 09:30:00-05:00,4.039999961853027,4.110000133514404,4.039999961853027,4.070000171661377,7694,0.0,0.0
2023-11-30 10:30:00-05:00,4.079999923706055,4.079999923706055,3.9600000381469727,4.005000114440918,30214,0.0,0.0
2023-11-30 11:30:00-05:00,4.0,4.014999866485596,3.950000047683716,4.0,10647,0.0,0.0
2023-11-30 12:30:00-05:00,4.0,4.0,3.930000066757202,3.930000066757202,12899,0.0,0.0
2023-11-30 13:30:00-05:00,3.9100000858306885,3.950000047683716,3.9100000858306885,3.930000066757202,6994,0.0,0.0
2023-11-30 14:30:00-05:00,3.930000066757202,3.9700000286102295,3.890000104904175,3.940000057220459,28378,0.0,0.0
2023-11-30 15:30:00-05:00,3.9549999237060547,4.010000228881836,3.9549999237060547,4.010000228881836,14314,0.0,0.0
2023-12-01 09:30:00-05:00,3.9100000858306885,3.9600000381469727,3.7987000942230225,3.950000047683716,28443,0.0,0.0
2023-12-01 10:30:00-05:00,3.9600000381469727,4.0,3.940000057220459,4.0,25243,0.0,0.0
2023-12-01 11:30:00-05:00,3.990000009536743,4.0,3.9600000381469727,3.9600000381469727,4095,0.0,0.0
2023-12-01 12:30:00-05:00,3.9600000381469727,4.090000152587891,3.9600000381469727,4.050000190734863,55402,0.0,0.0
2023-12-01 13:30:00-05:00,4.039999961853027,4.190000057220459,4.019999980926514,4.130000114440918,49755,0.0,0.0
2023-12-01 14:30:00-05:00,4.130000114440918,4.139999866485596,4.079999923706055,4.090000152587891,19820,0.0,0.0
2023-12-01 15:30:00-05:00,4.099999904632568,4.190000057220459,4.099999904632568,4.159999847412109,36960,0.0,0.0
2023-12-04 09:30:00-05:00,4.159999847412109,4.25,4.144999980926514,4.25,18742,0.0,0.0
2023-12-04 10:30:00-05:00,4.25,4.300000190734863,4.235000133514404,4.300000190734863,19281,0.0,0.0
2023-12-04 11:30:00-05:00,4.269999980926514,4.329999923706055,4.235000133514404,4.28000020980835,43070,0.0,0.0
2023-12-04 12:30:00-05:00,4.295000076293945,4.349999904632568,4.28000020980835,4.309999942779541,22801,0.0,0.0
2023-12-04 13:30:00-05:00,4.304999828338623,4.433899879455566,4.297900199890137,4.40749979019165,53364,0.0,0.0
2023-12-04 14:30:00-05:00,4.408699989318848,4.449999809265137,4.320000171661377,4.425000190734863,54244,0.0,0.0
2023-12-04 15:30:00-05:00,4.425000190734863,4.46999979019165,4.340000152587891,4.369999885559082,50323,0.0,0.0
2023-12-05 09:30:00-05:00,4.420000076293945,4.420000076293945,4.253799915313721,4.339900016784668,17117,0.0,0.0
2023-12-05 10:30:00-05:00,4.349999904632568,4.349999904632568,4.260000228881836,4.269999980926514,21738,0.0,0.0
2023-12-05 11:30:00-05:00,4.25,4.329999923706055,4.25,4.309999942779541,16288,0.0,0.0
2023-12-05 12:30:00-05:00,4.28000020980835,4.324999809265137,4.230000019073486,4.28000020980835,19768,0.0,0.0
2023-12-05 13:30:00-05:00,4.269999980926514,4.309999942779541,4.25,4.300000190734863,18916,0.0,0.0
2023-12-05 14:30:00-05:00,4.289999961853027,4.329999923706055,4.269999980926514,4.289999961853027,37698,0.0,0.0
2023-12-05 15:30:00-05:00,4.289999961853027,4.320000171661377,4.260000228881836,4.320000171661377,35258,0.0,0.0
2023-12-06 09:30:00-05:00,4.420000076293945,4.679999828338623,4.400000095367432,4.610099792480469,92580,0.0,0.0
2023-12-06 10:30:00-05:00,4.630000114440918,4.699999809265137,4.599999904632568,4.599999904632568,81259,0.0,0.0
2023-12-06 11:30:00-05:00,4.619999885559082,4.619999885559082,4.5,4.539999961853027,45965,0.0,0.0
2023-12-06 12:30:00-05:00,4.550000190734863,4.550000190734863,4.460000038146973,4.505000114440918,22395,0.0,0.0
2023-12-06 13:30:00-05:00,4.510000228881836,4.559999942779541,4.5,4.5,12768,0.0,0.0
2023-12-06 14:30:00-05:00,4.5,4.550000190734863,4.5,4.525000095367432,29872,0.0,0.0
2023-12-06 15:30:00-05:00,4.525000095367432,4.539700031280518,4.489999771118164,4.5,73668,0.0,0.0
2023-12-07 09:30:00-05:00,4.800000190734863,5.300000190734863,4.690499782562256,5.269999980926514,255037,0.0,0.0
2023-12-07 10:30:00-05:00,5.284999847412109,5.300000190734863,4.909999847412109,5.019999980926514,161635,0.0,0.0
2023-12-07 11:30:00-05:00,5.039999961853027,5.300000190734863,5.039999961853027,5.300000190734863,78357,0.0,0.0
2023-12-07 12:30:00-05:00,5.300000190734863,5.5,5.293399810791016,5.440000057220459,100313,0.0,0.0
2023-12-07 13:30:00-05:00,5.46999979019165,5.519999980926514,5.179999828338623,5.369999885559082,117434,0.0,0.0
2023-12-07 14:30:00-05:00,5.360000133514404,5.380000114440918,5.230000019073486,5.300000190734863,122609,0.0,0.0
2023-12-07 15:30:00-05:00,5.289999961853027,5.289999961853027,5.110000133514404,5.119999885559082,132929,0.0,0.0
2023-12-08 09:30:00-05:00,5.010000228881836,5.260000228881836,5.010000228881836,5.130099773406982,54907,0.0,0.0
2023-12-08 10:30:00-05:00,5.139999866485596,5.199999809265137,5.090000152587891,5.139999866485596,22156,0.0,0.0
2023-12-08 11:30:00-05:00,5.130000114440918,5.139999866485596,5.079999923706055,5.099999904632568,8070,0.0,0.0
2023-12-08 12:30:00-05:00,5.119999885559082,5.130000114440918,4.980000019073486,5.050000190734863,18798,0.0,0.0
2023-12-08 13:30:00-05:00,5.039999961853027,5.070000171661377,5.010000228881836,5.041800022125244,10774,0.0,0.0
2023-12-08 14:30:00-05:00,5.041999816894531,5.070000171661377,5.03000020980835,5.070000171661377,11189,0.0,0.0
2023-12-08 15:30:00-05:00,5.099999904632568,5.099999904632568,5.039999961853027,5.068999767303467,16527,0.0,0.0
2023-12-11 09:30:00-05:00,5.039999961853027,5.178899765014648,4.800000190734863,4.849999904632568,43812,0.0,0.0
2023-12-11 10:30:00-05:00,4.849999904632568,4.960000038146973,4.789999961853027,4.929999828338623,22379,0.0,0.0
2023-12-11 11:30:00-05:00,4.920000076293945,5.03000020980835,4.909999847412109,5.03000020980835,8296,0.0,0.0
2023-12-11 12:30:00-05:00,5.025000095367432,5.059999942779541,5.010000228881836,5.010000228881836,9590,0.0,0.0
2023-12-11 13:30:00-05:00,4.96999979019165,4.974999904632568,4.880000114440918,4.900000095367432,12354,0.0,0.0
2023-12-11 14:30:00-05:00,4.9028000831604,4.949999809265137,4.880000114440918,4.894999980926514,17339,0.0,0.0
2023-12-11 15:30:00-05:00,4.909999847412109,4.960000038146973,4.900000095367432,4.940000057220459,18978,0.0,0.0
2023-12-12 09:30:00-05:00,4.960000038146973,5.099999904632568,4.849999904632568,4.920000076293945,24329,0.0,0.0
2023-12-12 10:30:00-05:00,4.920000076293945,4.940000057220459,4.829999923706055,4.929999828338623,16451,0.0,0.0
2023-12-12 11:30:00-05:00,4.929999828338623,4.929999828338623,4.809999942779541,4.849999904632568,10502,0.0,0.0
2023-12-12 12:30:00-05:00,4.860000133514404,4.920000076293945,4.829999923706055,4.920000076293945,16556,0.0,0.0
2023-12-12 13:30:00-05:00,4.894999980926514,4.900000095367432,4.840000152587891,4.849999904632568,15407,0.0,0.0
2023-12-12 14:30:00-05:00,4.860000133514404,4.929999828338623,4.840000152587891,4.909999847412109,12164,0.0,0.0
2023-12-12 15:30:00-05:00,4.909999847412109,4.909999847412109,4.849999904632568,4.849999904632568,18814,0.0,0.0
2023-12-13 09:30:00-05:00,4.840000152587891,4.849999904632568,4.71999979019165,4.730000019073486,40817,0.0,0.0
2023-12-13 10:30:00-05:00,4.739999771118164,4.78000020980835,4.699999809265137,4.769999980926514,11273,0.0,0.0
2023-12-13 11:30:00-05:00,4.78000020980835,4.789999961853027,4.75,4.760000228881836,11037,0.0,0.0
2023-12-13 12:30:00-05:00,4.760000228881836,4.78000020980835,4.699999809265137,4.78000020980835,36692,0.0,0.0
2023-12-13 13:30:00-05:00,4.764999866485596,4.829999923706055,4.730000019073486,4.829999923706055,15340,0.0,0.0
2023-12-13 14:30:00-05:00,4.815000057220459,4.920000076293945,4.809999942779541,4.889999866485596,18199,0.0,0.0
2023-12-13 15:30:00-05:00,4.889999866485596,4.909999847412109,4.800000190734863,4.809999942779541,40448,0.0,0.0
2023-12-14 09:30:00-05:00,4.869999885559082,4.96999979019165,4.690000057220459,4.889999866485596,24910,0.0,0.0
2023-12-14 10:30:00-05:00,4.880000114440918,4.949999809265137,4.831299781799316,4.909999847412109,12710,0.0,0.0
2023-12-14 11:30:00-05:00,4.940000057220459,4.940000057220459,4.849999904632568,4.929999828338623,7709,0.0,0.0
2023-12-14 12:30:00-05:00,4.909999847412109,5.039999961853027,4.909999847412109,5.039999961853027,22143,0.0,0.0
2023-12-14 13:30:00-05:00,5.019999980926514,5.039999961853027,4.980000019073486,5.039999961853027,14748,0.0,0.0
2023-12-14 14:30:00-05:00,5.019999980926514,5.079999923706055,5.0,5.059999942779541,19368,0.0,0.0
2023-12-14 15:30:00-05:00,5.050000190734863,5.130000114440918,5.050000190734863,5.090000152587891,25743,0.0,0.0
2023-12-15 09:30:00-05:00,5.059999942779541,5.159999847412109,5.0,5.110000133514404,41841,0.0,0.0
2023-12-15 10:30:00-05:00,5.114999771118164,5.139999866485596,5.03000020980835,5.110000133514404,16701,0.0,0.0
2023-12-15 11:30:00-05:00,5.079999923706055,5.119999885559082,5.070000171661377,5.079999923706055,20462,0.0,0.0
2023-12-15 12:30:00-05:00,5.079999923706055,5.099999904632568,5.019999980926514,5.039999961853027,11003,0.0,0.0
2023-12-15 13:30:00-05:00,5.039999961853027,5.099999904632568,4.96999979019165,5.099999904632568,18549,0.0,0.0
2023-12-15 14:30:00-05:00,5.099999904632568,5.239999771118164,5.099999904632568,5.204999923706055,28307,0.0,0.0
2023-12-15 15:30:00-05:00,5.179999828338623,5.210000038146973,5.139999866485596,5.199999809265137,32141,0.0,0.0
2023-12-18 09:30:00-05:00,5.119999885559082,5.230000019073486,5.010000228881836,5.150000095367432,23109,0.0,0.0
2023-12-18 10:30:00-05:00,5.150000095367432,5.190000057220459,5.114299774169922,5.139999866485596,9176,0.0,0.0
2023-12-18 11:30:00-05:00,5.114999771118164,5.159999847412109,5.110000133514404,5.130000114440918,23559,0.0,0.0
2023-12-18 12:30:00-05:00,5.125,5.150000095367432,5.110000133514404,5.139999866485596,8208,0.0,0.0
2023-12-18 13:30:00-05:00,5.139999866485596,5.150000095367432,5.130000114440918,5.139999866485596,13178,0.0,0.0
2023-12-18 14:30:00-05:00,5.1346001625061035,5.230000019073486,5.1346001625061035,5.230000019073486,54263,0.0,0.0
2023-12-18 15:30:00-05:00,5.239999771118164,5.25,5.199999809265137,5.230000019073486,31160,0.0,0.0
2023-12-19 09:30:00-05:00,5.230000019073486,5.300000190734863,5.21999979019165,5.25,15627,0.0,0.0
2023-12-19 10:30:00-05:00,5.244999885559082,5.349999904632568,5.230000019073486,5.340000152587891,14933,0.0,0.0
2023-12-19 11:30:00-05:00,5.340000152587891,5.349999904632568,5.239999771118164,5.269999980926514,32760,0.0,0.0
2023-12-19 12:30:00-05:00,5.269999980926514,5.300000190734863,5.25,5.28000020980835,12309,0.0,0.0
2023-12-19 13:30:00-05:00,5.289999961853027,5.300000190734863,5.269999980926514,5.289999961853027,33891,0.0,0.0
2023-12-19 14:30:00-05:00,5.295000076293945,5.315000057220459,5.269999980926514,5.275000095367432,13243,0.0,0.0
2023-12-19 15:30:00-05:00,5.275000095367432,5.329999923706055,5.269999980926514,5.320000171661377,28047,0.0,0.0
2023-12-20 09:30:00-05:00,5.269999980926514,5.5,5.033599853515625,5.5,35186,0.0,0.0
2023-12-20 10:30:00-05:00,5.499000072479248,5.543000221252441,5.409999847412109,5.480000019073486,22411,0.0,0.0
2023-12-20 11:30:00-05:00,5.474999904632568,5.474999904632568,5.380000114440918,5.380000114440918,12439,0.0,0.0
2023-12-20 12:30:00-05:00,5.369999885559082,5.440000057220459,5.360000133514404,5.429999828338623,9052,0.0,0.0
2023-12-20 13:30:00-05:00,5.429999828338623,5.460000038146973,5.400000095367432,5.440000057220459,12105,0.0,0.0
2023-12-20 14:30:00-05:00,5.440000057220459,5.440000057220459,5.210000038146973,5.295000076293945,34027,0.0,0.0
2023-12-20 15:30:00-05:00,5.28000020980835,5.289999961853027,5.21999979019165,5.230000019073486,33299,0.0,0.0
2023-12-21 09:30:00-05:00,5.260000228881836,5.400000095367432,5.079999923706055,5.090000152587891,13531,0.0,0.0
2023-12-21 10:30:00-05:00,5.0802998542785645,5.190000057220459,5.04010009765625,5.078499794006348,20733,0.0,0.0
2023-12-21 11:30:00-05:00,5.070000171661377,5.090000152587891,4.966899871826172,5.03000020980835,27016,0.0,0.0
2023-12-21 12:30:00-05:00,5.028900146484375,5.0441999435424805,4.96999979019165,5.005000114440918,9472,0.0,0.0
2023-12-21 13:30:00-05:00,5.019999980926514,5.059999942779541,4.989999771118164,5.03000020980835,10434,0.0,0.0
2023-12-21 14:30:00-05:00,5.03000020980835,5.139999866485596,5.019999980926514,5.135000228881836,29590,0.0,0.0
2023-12-21 15:30:00-05:00,5.139999866485596,5.170000076293945,5.139999866485596,5.150000095367432,9140,0.0,0.0
2023-12-22 09:30:00-05:00,5.190000057220459,5.260000228881836,5.190000057220459,5.260000228881836,6094,0.0,0.0
2023-12-22 10:30:00-05:00,5.260000228881836,5.260000228881836,5.159999847412109,5.239999771118164,6705,0.0,0.0
2023-12-22 11:30:00-05:00,5.230000019073486,5.239999771118164,5.179999828338623,5.190000057220459,10707,0.0,0.0
2023-12-22 12:30:00-05:00,5.210000038146973,5.315000057220459,5.210000038146973,5.269999980926514,11886,0.0,0.0
2023-12-22 13:30:00-05:00,5.269999980926514,5.28000020980835,5.239999771118164,5.25,5391,0.0,0.0
2023-12-22 14:30:00-05:00,5.239999771118164,5.27839994430542,5.199999809265137,5.260000228881836,21097,0.0,0.0
2023-12-22 15:30:00-05:00,5.260000228881836,5.260000228881836,5.239999771118164,5.239999771118164,12728,0.0,0.0
2023-12-26 09:30:00-05:00,5.260000228881836,5.309999942779541,5.099999904632568,5.230000019073486,7582,0.0,0.0
2023-12-26 10:30:00-05:00,5.224999904632568,5.224999904632568,5.170000076293945,5.199999809265137,7183,0.0,0.0
2023-12-26 11:30:00-05:00,5.190000057220459,5.235000133514404,5.190000057220459,5.21999979019165,3926,0.0,0.0
2023-12-26 12:30:00-05:00,5.21999979019165,5.229899883270264,5.190000057220459,5.22189998626709,2356,0.0,0.0
2023-12-26 13:30:00-05:00,5.230000019073486,5.320000171661377,5.230000019073486,5.320000171661377,9581,0.0,0.0
2023-12-26 14:30:00-05:00,5.319900035858154,5.319900035858154,5.260000228881836,5.260000228881836,5161,0.0,0.0
2023-12-26 15:30:00-05:00,5.25,5.309999942779541,5.25,5.28000020980835,12290,0.0,0.0
2023-12-27 09:30:00-05:00,5.269999980926514,5.369999885559082,5.190000057220459,5.260000228881836,58069,0.0,0.0
2023-12-27 10:30:00-05:00,5.239999771118164,5.28000020980835,5.21999979019165,5.25,12312,0.0,0.0
2023-12-27 11:30:00-05:00,5.260000228881836,5.289999961853027,5.25,5.28000020980835,6179,0.0,0.0
2023-12-27 12:30:00-05:00,5.275000095367432,5.304999828338623,5.239999771118164,5.289999961853027,9558,0.0,0.0
2023-12-27 13:30:00-05:00,5.300000190734863,5.340000152587891,5.28000020980835,5.315000057220459,11039,0.0,0.0
2023-12-27 14:30:00-05:00,5.329999923706055,5.349999904632568,5.300000190734863,5.34499979019165,11114,0.0,0.0
2023-12-27 15:30:00-05:00,5.34499979019165,5.349999904632568,5.320000171661377,5.349999904632568,15384,0.0,0.0
2023-12-28 09:30:00-05:00,5.260000228881836,5.340000152587891,5.25,5.300000190734863,14883,0.0,0.0
2023-12-28 10:30:00-05:00,5.309999942779541,5.349999904632568,5.300000190734863,5.300000190734863,12970,0.0,0.0
2023-12-28 11:30:00-05:00,5.300000190734863,5.360000133514404,5.289999961853027,5.360000133514404,13285,0.0,0.0
2023-12-28 12:30:00-05:00,5.399899959564209,5.400000095367432,5.329999923706055,5.360000133514404,16130,0.0,0.0
2023-12-28 13:30:00-05:00,5.369999885559082,5.369999885559082,5.349999904632568,5.360000133514404,6226,0.0,0.0
2023-12-28 14:30:00-05:00,5.360000133514404,5.369999885559082,5.300000190734863,5.309999942779541,15444,0.0,0.0
2023-12-28 15:30:00-05:00,5.309999942779541,5.349999904632568,5.300000190734863,5.34499979019165,30468,0.0,0.0
2023-12-29 09:30:00-05:00,5.329999923706055,5.449999809265137,5.210000038146973,5.360000133514404,14165,0.0,0.0
2023-12-29 10:30:00-05:00,5.3414998054504395,5.3414998054504395,5.230000019073486,5.259799957275391,7434,0.0,0.0
2023-12-29 11:30:00-05:00,5.28000020980835,5.28000020980835,5.21999979019165,5.269999980926514,5700,0.0,0.0
2023-12-29 12:30:00-05:00,5.289999961853027,5.315000057220459,5.269999980926514,5.280099868774414,8122,0.0,0.0
2023-12-29 13:30:00-05:00,5.289999961853027,5.300000190734863,5.179999828338623,5.21999979019165,8595,0.0,0.0
2023-12-29 14:30:00-05:00,5.230000019073486,5.309999942779541,5.21999979019165,5.300000190734863,14910,0.0,0.0
2023-12-29 15:30:00-05:00,5.300000190734863,5.309999942779541,5.260000228881836,5.269999980926514,12830,0.0,0.0
2024-01-02 09:30:00-05:00,5.230000019073486,5.230000019073486,5.03000020980835,5.179999828338623,35423,0.0,0.0
2024-01-02 10:30:00-05:00,5.159999847412109,5.190000057220459,5.099999904632568,5.139999866485596,25479,0.0,0.0
2024-01-02 11:30:00-05:00,5.159999847412109,5.21999979019165,5.119999885559082,5.199999809265137,12968,0.0,0.0
2024-01-02 12:30:00-05:00,5.199999809265137,5.25,5.199999809265137,5.230000019073486,22970,0.0,0.0
2024-01-02 13:30:00-05:00,5.25,5.264999866485596,5.199999809265137,5.25,15667,0.0,0.0
2024-01-02 14:30:00-05:00,5.244999885559082,5.28000020980835,5.199999809265137,5.255000114440918,11960,0.0,0.0
2024-01-02 15:30:00-05:00,5.269999980926514,5.269999980926514,5.235000133514404,5.260000228881836,19664,0.0,0.0
2024-01-03 09:30:00-05:00,5.239999771118164,5.260000228881836,5.130000114440918,5.25,8756,0.0,0.0
2024-01-03 10:30:00-05:00,5.25,5.320000171661377,5.239999771118164,5.289999961853027,16287,0.0,0.0
2024-01-03 11:30:00-05:00,5.304999828338623,5.304999828338623,5.269999980926514,5.269999980926514,9202,0.0,0.0
2024-01-03 12:30:00-05:00,5.28000020980835,5.300000190734863,5.269999980926514,5.295000076293945,12060,0.0,0.0
2024-01-03 13:30:00-05:00,5.300000190734863,5.329999923706055,5.260000228881836,5.28000020980835,22249,0.0,0.0
2024-01-03 14:30:00-05:00,5.300000190734863,5.320000171661377,5.239999771118164,5.25,24045,0.0,0.0
2024-01-03 15:30:00-05:00,5.251299858093262,5.260000228881836,5.190000057220459,5.2270002365112305,22783,0.0,0.0
2024-01-04 09:30:00-05:00,5.159999847412109,5.199999809265137,4.96999979019165,4.989999771118164,41658,0.0,0.0
2024-01-04 10:30:00-05:00,5.0,5.050000190734863,4.989999771118164,5.010000228881836,40144,0.0,0.0
2024-01-04 11:30:00-05:00,5.019999980926514,5.099999904632568,4.980000019073486,5.070000171661377,53921,0.0,0.0
2024-01-04 12:30:00-05:00,5.059999942779541,5.099999904632568,5.03000020980835,5.085000038146973,12671,0.0,0.0
2024-01-04 13:30:00-05:00,5.085000038146973,5.099999904632568,5.039999961853027,5.054999828338623,15221,0.0,0.0
2024-01-04 14:30:00-05:00,5.054999828338623,5.099999904632568,5.039999961853027,5.039999961853027,27390,0.0,0.0
2024-01-04 15:30:00-05:00,5.03000020980835,5.099999904632568,5.03000020980835,5.070000171661377,34153,0.0,0.0
2024-01-05 09:30:00-05:00,5.0,5.050000190734863,4.840000152587891,4.909999847412109,31887,0.0,0.0
2024-01-05 10:30:00-05:00,4.894999980926514,5.0,4.869999885559082,4.985000133514404,16917,0.0,0.0
2024-01-05 11:30:00-05:00,4.989999771118164,5.03000020980835,4.989999771118164,5.03000020980835,13745,0.0,0.0
2024-01-05 12:30:00-05:00,5.019999980926514,5.03000020980835,4.920000076293945,4.965000152587891,66212,0.0,0.0
2024-01-05 13:30:00-05:00,4.980000019073486,5.019999980926514,4.949999809265137,4.989999771118164,25868,0.0,0.0
2024-01-05 14:30:00-05:00,4.989999771118164,5.070000171661377,4.949999809265137,5.045000076293945,97656,0.0,0.0
2024-01-05 15:30:00-05:00,5.045000076293945,5.059999942779541,4.940000057220459,4.949999809265137,54648,0.0,0.0
2024-01-08 09:30:00-05:00,4.889999866485596,4.980000019073486,4.860000133514404,4.909999847412109,21699,0.0,0.0
2024-01-08 10:30:00-05:00,4.925000190734863,4.949999809265137,4.909999847412109,4.949999809265137,15244,0.0,0.0
2024-01-08 11:30:00-05:00,4.934999942779541,5.0,4.920000076293945,4.934999942779541,32677,0.0,0.0
2024-01-08 12:30:00-05:00,4.920000076293945,4.96999979019165,4.900000095367432,4.960000038146973,18800,0.0,0.0
2024-01-08 13:30:00-05:00,4.949999809265137,5.039999961853027,4.929999828338623,5.010000228881836,23315,0.0,0.0
2024-01-08 14:30:00-05:00,5.014999866485596,5.019999980926514,4.960000038146973,4.974999904632568,20167,0.0,0.0
2024-01-08 15:30:00-05:00,4.974999904632568,4.989999771118164,4.920000076293945,4.949999809265137,40299,0.0,0.0
2024-01-09 09:30:00-05:00,4.869999885559082,4.96999979019165,4.810100078582764,4.949999809265137,16231,0.0,0.0
2024-01-09 10:30:00-05:00,4.96999979019165,4.96999979019165,4.889999866485596,4.929999828338623,15635,0.0,0.0
2024-01-09 11:30:00-05:00,4.940000057220459,4.980000019073486,4.920000076293945,4.972499847412109,6033,0.0,0.0
2024-01-09 12:30:00-05:00,4.96999979019165,5.050000190734863,4.934999942779541,5.025000095367432,102307,0.0,0.0
2024-01-09 13:30:00-05:00,5.022500038146973,5.03000020980835,4.989999771118164,5.010000228881836,25706,0.0,0.0
2024-01-09 14:30:00-05:00,5.019999980926514,5.050000190734863,5.0,5.010000228881836,13609,0.0,0.0
2024-01-09 15:30:00-05:00,5.010000228881836,5.010000228881836,4.909999847412109,4.909999847412109,22692,0.0,0.0
2024-01-10 09:30:00-05:00,4.940000057220459,4.960000038146973,4.820000171661377,4.920000076293945,7218,0.0,0.0
2024-01-10 10:30:00-05:00,4.949999809265137,4.980000019073486,4.829999923706055,4.929999828338623,20962,0.0,0.0
2024-01-10 11:30:00-05:00,4.940000057220459,4.940000057220459,4.889999866485596,4.909999847412109,7215,0.0,0.0
2024-01-10 12:30:00-05:00,4.929999828338623,4.929999828338623,4.849999904632568,4.860000133514404,11991,0.0,0.0
2024-01-10 13:30:00-05:00,4.860000133514404,4.920000076293945,4.849999904632568,4.869999885559082,13158,0.0,0.0
2024-01-10 14:30:00-05:00,4.869999885559082,4.900000095367432,4.849999904632568,4.860000133514404,17689,0.0,0.0
2024-01-10 15:30:00-05:00,4.849999904632568,4.880000114440918,4.849999904632568,4.849999904632568,38501,0.0,0.0
2024-01-11 09:30:00-05:00,4.880000114440918,4.880000114440918,4.769999980926514,4.820000171661377,38163,0.0,0.0
2024-01-11 10:30:00-05:00,4.820000171661377,4.820000171661377,4.760000228881836,4.769999980926514,10251,0.0,0.0
2024-01-11 11:30:00-05:00,4.769999980926514,4.809999942779541,4.764999866485596,4.764999866485596,6893,0.0,0.0
2024-01-11 12:30:00-05:00,4.760000228881836,4.869999885559082,4.760000228881836,4.855000019073486,10264,0.0,0.0
2024-01-11 13:30:00-05:00,4.869999885559082,4.96999979019165,4.864999771118164,4.949999809265137,12108,0.0,0.0
2024-01-11 14:30:00-05:00,4.954999923706055,4.954999923706055,4.900000095367432,4.900000095367432,34342,0.0,0.0
2024-01-11 15:30:00-05:00,4.894999980926514,4.909999847412109,4.880000114440918,4.900000095367432,11225,0.0,0.0
2024-01-12 09:30:00-05:00,4.889999866485596,5.065000057220459,4.811299800872803,5.005000114440918,16305,0.0,0.0
2024-01-12 10:30:00-05:00,5.019999980926514,5.070000171661377,5.000100135803223,5.010000228881836,16785,0.0,0.0
2024-01-12 11:30:00-05:00,5.010000228881836,5.020899772644043,4.980000019073486,5.010000228881836,48087,0.0,0.0
2024-01-12 12:30:00-05:00,5.03000020980835,5.099999904632568,5.03000020980835,5.079999923706055,15049,0.0,0.0
2024-01-12 13:30:00-05:00,5.079999923706055,5.079999923706055,5.03000020980835,5.059999942779541,13866,0.0,0.0
2024-01-12 14:30:00-05:00,5.059999942779541,5.099999904632568,5.039999961853027,5.039999961853027,68024,0.0,0.0
2024-01-12 15:30:00-05:00,5.039999961853027,5.050000190734863,4.980000019073486,5.050000190734863,20664,0.0,0.0
2024-01-16 09:30:00-05:00,5.050000190734863,5.050000190734863,4.900000095367432,4.989999771118164,13484,0.0,0.0
2024-01-16 10:30:00-05:00,4.980000019073486,4.989999771118164,4.889999866485596,4.891200065612793,21540,0.0,0.0
2024-01-16 11:30:00-05:00,4.900000095367432,4.900000095367432,4.8531999588012695,4.885000228881836,8980,0.0,0.0
2024-01-16 12:30:00-05:00,4.880000114440918,4.889999866485596,4.854499816894531,4.880000114440918,19343,0.0,0.0
2024-01-16 13:30:00-05:00,4.889999866485596,4.889999866485596,4.829999923706055,4.849999904632568,6739,0.0,0.0
2024-01-16 14:30:00-05:00,4.829999923706055,4.889999866485596,4.829999923706055,4.889999866485596,15577,0.0,0.0
2024-01-16 15:30:00-05:00,4.880000114440918,4.880000114440918,4.849999904632568,4.860000133514404,18341,0.0,0.0
2024-01-17 09:30:00-05:00,4.78000020980835,4.829999923706055,4.672500133514404,4.829999923706055,12543,0.0,0.0
2024-01-17 10:30:00-05:00,4.815000057220459,4.815000057220459,4.784999847412109,4.804999828338623,7030,0.0,0.0
2024-01-17 11:30:00-05:00,4.809999942779541,4.809999942779541,4.75,4.75,3877,0.0,0.0
2024-01-17 12:30:00-05:00,4.730000019073486,4.760000228881836,4.71999979019165,4.739999771118164,5573,0.0,0.0
2024-01-17 13:30:00-05:00,4.739999771118164,4.809999942779541,4.739999771118164,4.809999942779541,10802,0.0,0.0
2024-01-17 14:30:00-05:00,4.809999942779541,4.829999923706055,4.699999809265137,4.789999961853027,50876,0.0,0.0
2024-01-17 15:30:00-05:00,4.789999961853027,4.849999904632568,4.769999980926514,4.849999904632568,19039,0.0,0.0
2024-01-18 09:30:00-05:00,4.869999885559082,4.905399799346924,4.730000019073486,4.860000133514404,13933,0.0,0.0
2024-01-18 10:30:00-05:00,4.869999885559082,4.900000095367432,4.860000133514404,4.889999866485596,7287,0.0,0.0
2024-01-18 11:30:00-05:00,4.889999866485596,4.889999866485596,4.695000171661377,4.699999809265137,43648,0.0,0.0
2024-01-18 12:30:00-05:00,4.699999809265137,4.739999771118164,4.670000076293945,4.675000190734863,11556,0.0,0.0
2024-01-18 13:30:00-05:00,4.690000057220459,4.730000019073486,4.670000076293945,4.730000019073486,5541,0.0,0.0
2024-01-18 14:30:00-05:00,4.739999771118164,4.760000228881836,4.71999979019165,4.755000114440918,11332,0.0,0.0
2024-01-18 15:30:00-05:00,4.755000114440918,4.809999942779541,4.739999771118164,4.789999961853027,18058,0.0,0.0
2024-01-19 09:30:00-05:00,4.820000171661377,4.820000171661377,4.659999847412109,4.659999847412109,18996,0.0,0.0
2024-01-19 10:30:00-05:00,4.670000076293945,4.699999809265137,4.650000095367432,4.670000076293945,12049,0.0,0.0
2024-01-19 11:30:00-05:00,4.659999847412109,4.699999809265137,4.659999847412109,4.659999847412109,6290,0.0,0.0
2024-01-19 12:30:00-05:00,4.659999847412109,4.78000020980835,4.650000095367432,4.78000020980835,11323,0.0,0.0
2024-01-19 13:30:00-05:00,4.760000228881836,4.78000020980835,4.744999885559082,4.78000020980835,14591,0.0,0.0
2024-01-19 14:30:00-05:00,4.809999942779541,4.829999923706055,4.800000190734863,4.809999942779541,17783,0.0,0.0
2024-01-19 15:30:00-05:00,4.820000171661377,4.820000171661377,4.769999980926514,4.800000190734863,27583,0.0,0.0
2024-01-22 09:30:00-05:00,4.820000171661377,4.96999979019165,4.75,4.914999961853027,21053,0.0,0.0
2024-01-22 10:30:00-05:00,4.934999942779541,4.960000038146973,4.900000095367432,4.920000076293945,10374,0.0,0.0
2024-01-22 11:30:00-05:00,4.920000076293945,4.920000076293945,4.820000171661377,4.829999923706055,22892,0.0,0.0
2024-01-22 12:30:00-05:00,4.840000152587891,4.869999885559082,4.829999923706055,4.840000152587891,11856,0.0,0.0
2024-01-22 13:30:00-05:00,4.829999923706055,4.849999904632568,4.809999942779541,4.820000171661377,10024,0.0,0.0
2024-01-22 14:30:00-05:00,4.800000190734863,4.849999904632568,4.800000190734863,4.849999904632568,9523,0.0,0.0
2024-01-22 15:30:00-05:00,4.849999904632568,4.869999885559082,4.809999942779541,4.840000152587891,19762,0.0,0.0
2024-01-23 09:30:00-05:00,4.809999942779541,4.809999942779541,4.739999771118164,4.775000095367432,7962,0.0,0.0
2024-01-23 10:30:00-05:00,4.775000095367432,4.775000095367432,4.739999771118164,4.740699768066406,14197,0.0,0.0
2024-01-23 11:30:00-05:00,4.739999771118164,4.75,4.730000019073486,4.739999771118164,9833,0.0,0.0
2024-01-23 12:30:00-05:00,4.739999771118164,4.739999771118164,4.730000019073486,4.730000019073486,5380,0.0,0.0
2024-01-23 13:30:00-05:00,4.730000019073486,4.730000019073486,4.679999828338623,4.679999828338623,0,0.0,0.0
2024-01-23 14:30:00-05:00,4.675000190734863,4.675000190734863,4.610000133514404,4.610000133514404,68338,0.0,0.0
2024-01-23 15:30:00-05:00,4.630000114440918,4.650000095367432,4.599999904632568,4.619999885559082,22138,0.0,0.0
2024-01-24 09:30:00-05:00,4.619999885559082,4.619999885559082,4.510000228881836,4.519999980926514,11185,0.0,0.0
2024-01-24 10:30:00-05:00,4.5100998878479,4.519999980926514,4.380000114440918,4.400000095367432,42660,0.0,0.0
2024-01-24 11:30:00-05:00,4.389999866485596,4.425000190734863,4.380000114440918,4.420000076293945,16887,0.0,0.0
2024-01-24 12:30:00-05:00,4.425000190734863,4.432499885559082,4.360000133514404,4.369999885559082,6578,0.0,0.0
2024-01-24 13:30:00-05:00,4.369999885559082,4.369999885559082,4.300000190734863,4.304999828338623,16826,0.0,0.0
2024-01-24 14:30:00-05:00,4.300000190734863,4.40500020980835,4.300000190734863,4.329999923706055,20586,0.0,0.0
2024-01-24 15:30:00-05:00,4.329999923706055,4.349999904632568,4.309999942779541,4.328000068664551,16648,0.0,0.0
2024-01-25 09:30:00-05:00,4.340000152587891,4.400000095367432,4.311399936676025,4.360000133514404,6791,0.0,0.0
2024-01-25 10:30:00-05:00,4.360000133514404,4.380000114440918,4.300000190734863,4.380000114440918,9498,0.0,0.0
2024-01-25 11:30:00-05:00,4.380000114440918,4.389999866485596,4.349999904632568,4.349999904632568,6351,0.0,0.0
2024-01-25 12:30:00-05:00,4.360000133514404,4.400000095367432,4.309999942779541,4.400000095367432,7877,0.0,0.0
2024-01-25 13:30:00-05:00,4.400000095367432,4.429999828338623,4.389999866485596,4.429999828338623,13470,0.0,0.0
2024-01-25 14:30:00-05:00,4.449999809265137,4.480000019073486,4.440000057220459,4.460000038146973,7474,0.0,0.0
2024-01-25 15:30:00-05:00,4.460000038146973,4.5,4.454999923706055,4.480000019073486,19353,0.0,0.0
2024-01-26 09:30:00-05:00,4.5,4.590000152587891,4.429999828338623,4.5,13270,0.0,0.0
2024-01-26 10:30:00-05:00,4.519999980926514,4.550000190734863,4.494999885559082,4.550000190734863,13045,0.0,0.0
2024-01-26 11:30:00-05:00,4.550000190734863,4.559999942779541,4.519999980926514,4.559999942779541,9264,0.0,0.0
2024-01-26 12:30:00-05:00,4.550000190734863,4.610000133514404,4.539999961853027,4.610000133514404,8037,0.0,0.0
2024-01-26 13:30:00-05:00,4.614999771118164,4.650000095367432,4.610000133514404,4.639999866485596,8333,0.0,0.0
2024-01-26 14:30:00-05:00,4.639999866485596,4.639999866485596,4.550000190734863,4.550000190734863,15293,0.0,0.0
2024-01-26 15:30:00-05:00,4.559999942779541,4.570000171661377,4.519999980926514,4.550000190734863,20553,0.0,0.0
2024-01-29 09:30:00-05:00,4.53000020980835,4.880000114440918,4.449999809265137,4.570000171661377,15931,0.0,0.0
2024-01-29 10:30:00-05:00,4.590000152587891,4.75,4.590000152587891,4.690000057220459,61405,0.0,0.0
2024-01-29 11:30:00-05:00,4.690000057220459,4.730000019073486,4.670000076293945,4.690000057220459,12258,0.0,0.0
2024-01-29 12:30:00-05:00,4.690000057220459,4.690000057220459,4.650000095367432,4.675000190734863,8728,0.0,0.0
2024-01-29 13:30:00-05:00,4.679999828338623,4.699999809265137,4.659999847412109,4.690000057220459,8946,0.0,0.0
2024-01-29 14:30:00-05:00,4.699999809265137,4.800000190734863,4.695000171661377,4.78000020980835,37254,0.0,0.0
2024-01-29 15:30:00-05:00,4.78000020980835,4.820000171661377,4.769999980926514,4.809999942779541,39120,0.0,0.0
2024-01-30 09:30:00-05:00,4.820000171661377,4.889999866485596,4.659999847412109,4.670000076293945,22215,0.0,0.0
2024-01-30 10:30:00-05:00,4.659999847412109,4.659999847412109,4.5,4.519999980926514,28134,0.0,0.0
2024-01-30 11:30:00-05:00,4.53000020980835,4.619999885559082,4.53000020980835,4.570000171661377,24197,0.0,0.0
2024-01-30 12:30:00-05:00,4.570000171661377,4.599999904632568,4.550000190734863,4.590000152587891,6046,0.0,0.0
2024-01-30 13:30:00-05:00,4.579999923706055,4.585000038146973,4.53000020980835,4.550000190734863,8305,0.0,0.0
2024-01-30 14:30:00-05:00,4.559999942779541,4.559999942779541,4.539999961853027,4.539999961853027,7701,0.0,0.0
2024-01-30 15:30:00-05:00,4.539999961853027,4.599999904632568,4.510000228881836,4.590000152587891,24832,0.0,0.0
2024-01-31 09:30:00-05:00,4.559999942779541,4.650000095367432,4.539999961853027,4.539999961853027,15879,0.0,0.0
2024-01-31 10:30:00-05:00,4.550000190734863,4.559999942779541,4.5,4.550000190734863,5883,0.0,0.0
2024-01-31 11:30:00-05:00,4.539999961853027,4.579999923706055,4.53000020980835,4.53000020980835,16577,0.0,0.0
2024-01-31 12:30:00-05:00,4.510000228881836,4.539999961853027,4.489999771118164,4.514999866485596,14020,0.0,0.0
2024-01-31 13:30:00-05:00,4.510000228881836,4.519999980926514,4.460000038146973,4.46999979019165,4711,0.0,0.0
2024-01-31 14:30:00-05:00,4.449999809265137,4.546000003814697,4.420000076293945,4.420000076293945,10958,0.0,0.0
2024-01-31 15:30:00-05:00,4.409999847412109,4.4105000495910645,4.329999923706055,4.349999904632568,16206,0.0,0.0
2024-02-01 09:30:00-05:00,4.349999904632568,4.5,4.340000152587891,4.440000057220459,14370,0.0,0.0
2024-02-01 10:30:00-05:00,4.429999828338623,4.46999979019165,4.380000114440918,4.460000038146973,26201,0.0,0.0
2024-02-01 11:30:00-05:00,4.454999923706055,4.550000190734863,4.454999923706055,4.539999961853027,6052,0.0,0.0
2024-02-01 12:30:00-05:00,4.550000190734863,4.559999942779541,4.519999980926514,4.545000076293945,13657,0.0,0.0
2024-02-01 13:30:00-05:00,4.545000076293945,4.610000133514404,4.545000076293945,4.570000171661377,11892,0.0,0.0
2024-02-01 14:30:00-05:00,4.559999942779541,4.610000133514404,4.539999961853027,4.559999942779541,27242,0.0,0.0
2024-02-01 15:30:00-05:00,4.565000057220459,4.614999771118164,4.565000057220459,4.599999904632568,20647,0.0,0.0
2024-02-02 09:30:00-05:00,4.559999942779541,4.559999942779541,4.440000057220459,4.539999961853027,1770,0.0,0.0
2024-02-02 10:30:00-05:00,4.53000020980835,4.578700065612793,4.489999771118164,4.550000190734863,5759,0.0,0.0
2024-02-02 11:30:00-05:00,4.5,4.5,4.425000190734863,4.440000057220459,6108,0.0,0.0
2024-02-02 12:30:00-05:00,4.454999923706055,4.5,4.454999923706055,4.46999979019165,13075,0.0,0.0
2024-02-02 13:30:00-05:00,4.46999979019165,4.510000228881836,4.46999979019165,4.5,4297,0.0,0.0
2024-02-02 14:30:00-05:00,4.5,4.550000190734863,4.489999771118164,4.550000190734863,6741,0.0,0.0
2024-02-02 15:30:00-05:00,4.549699783325195,4.550000190734863,4.510000228881836,4.519999980926514,13008,0.0,0.0
2024-02-05 09:30:00-05:00,4.429999828338623,4.525400161743164,4.360000133514404,4.409999847412109,18006,0.0,0.0
2024-02-05 10:30:00-05:00,4.400000095367432,4.489999771118164,4.400000095367432,4.489999771118164,5923,0.0,0.0
2024-02-05 11:30:00-05:00,4.480000019073486,4.5,4.440000057220459,4.452700138092041,2273,0.0,0.0
2024-02-05 12:30:00-05:00,4.460000038146973,4.5,4.460000038146973,4.460000038146973,4119,0.0,0.0
2024-02-05 13:30:00-05:00,4.489999771118164,4.53000020980835,4.474999904632568,4.514999866485596,9233,0.0,0.0
2024-02-05 14:30:00-05:00,4.53000020980835,4.539999961853027,4.480000019073486,4.489999771118164,5572,0.0,0.0
2024-02-05 15:30:00-05:00,4.5,4.519999980926514,4.489999771118164,4.5,16655,0.0,0.0
2024-02-06 09:30:00-05:00,4.460000038146973,4.610000133514404,4.460000038146973,4.590000152587891,6433,0.0,0.0
2024-02-06 10:30:00-05:00,4.579999923706055,4.579999923706055,4.449999809265137,4.519999980926514,23352,0.0,0.0
2024-02-06 11:30:00-05:00,4.525000095367432,4.525000095367432,4.440000057220459,4.489999771118164,16512,0.0,0.0
2024-02-06 12:30:00-05:00,4.510000228881836,4.550000190734863,4.510000228881836,4.550000190734863,13232,0.0,0.0
2024-02-06 13:30:00-05:00,4.539999961853027,4.59499979019165,4.53000020980835,4.545000076293945,16024,0.0,0.0
2024-02-06 14:30:00-05:00,4.53000020980835,4.570000171661377,4.526000022888184,4.53000020980835,15796,0.0,0.0
2024-02-06 15:30:00-05:00,4.53000020980835,4.570000171661377,4.53000020980835,4.570000171661377,21396,0.0,0.0
2024-02-07 09:30:00-05:00,4.559999942779541,4.605000019073486,4.355500221252441,4.5,56446,0.0,0.0
2024-02-07 10:30:00-05:00,4.519999980926514,4.519999980926514,4.460000038146973,4.489999771118164,5400,0.0,0.0
2024-02-07 11:30:00-05:00,4.489999771118164,4.489999771118164,4.46999979019165,4.489999771118164,1810,0.0,0.0
2024-02-07 12:30:00-05:00,4.480000019073486,4.489999771118164,4.460000038146973,4.480000019073486,7211,0.0,0.0
2024-02-07 13:30:00-05:00,4.480000019073486,4.5,4.449999809265137,4.449999809265137,11935,0.0,0.0
2024-02-07 14:30:00-05:00,4.440000057220459,4.480000019073486,4.380000114440918,4.420000076293945,21420,0.0,0.0
2024-02-07 15:30:00-05:00,4.420000076293945,4.420000076293945,4.369999885559082,4.409999847412109,16389,0.0,0.0
2024-02-08 09:30:00-05:00,4.349999904632568,4.420000076293945,4.349999904632568,4.409999847412109,5914,0.0,0.0
2024-02-08 10:30:00-05:00,4.389999866485596,4.389999866485596,4.329999923706055,4.369999885559082,22286,0.0,0.0
2024-02-08 11:30:00-05:00,4.369999885559082,4.400000095367432,4.369999885559082,4.39739990234375,2966,0.0,0.0
2024-02-08 12:30:00-05:00,4.389999866485596,4.400000095367432,4.369999885559082,4.389999866485596,22783,0.0,0.0
2024-02-08 13:30:00-05:00,4.389999866485596,4.420000076293945,4.389999866485596,4.420000076293945,6628,0.0,0.0
2024-02-08 14:30:00-05:00,4.440000057220459,4.440000057220459,4.389999866485596,4.389999866485596,8727,0.0,0.0
2024-02-08 15:30:00-05:00,4.394999980926514,4.429999828338623,4.394999980926514,4.429999828338623,7808,0.0,0.0
2024-02-09 09:30:00-05:00,4.409999847412109,4.46999979019165,4.393799781799316,4.393799781799316,6673,0.0,0.0
2024-02-09 10:30:00-05:00,4.380000114440918,4.394999980926514,4.369999885559082,4.369999885559082,9100,0.0,0.0
2024-02-09 11:30:00-05:00,4.369999885559082,4.420000076293945,4.340000152587891,4.380000114440918,26842,0.0,0.0
2024-02-09 12:30:00-05:00,4.354800224304199,4.354800224304199,4.320000171661377,4.340000152587891,5165,0.0,0.0
2024-02-09 13:30:00-05:00,4.369999885559082,4.369999885559082,4.329999923706055,4.329999923706055,5059,0.0,0.0
2024-02-09 14:30:00-05:00,4.340000152587891,4.340000152587891,4.320000171661377,4.324999809265137,7143,0.0,0.0
2024-02-09 15:30:00-05:00,4.320000171661377,4.400000095367432,4.320000171661377,4.400000095367432,40005,0.0,0.0
2024-02-12 09:30:00-05:00,4.380000114440918,4.519999980926514,4.349999904632568,4.420000076293945,31029,0.0,0.0
2024-02-12 10:30:00-05:00,4.45989990234375,4.45989990234375,4.420000076293945,4.420000076293945,4124,0.0,0.0
2024-02-12 11:30:00-05:00,4.409999847412109,4.590000152587891,4.40500020980835,4.539999961853027,64531,0.0,0.0
2024-02-12 12:30:00-05:00,4.519999980926514,4.550000190734863,4.519999980926514,4.539999961853027,11352,0.0,0.0
2024-02-12 13:30:00-05:00,4.539999961853027,4.550000190734863,4.519999980926514,4.525000095367432,6392,0.0,0.0
2024-02-12 14:30:00-05:00,4.53000020980835,4.599999904632568,4.525000095367432,4.59499979019165,9284,0.0,0.0
2024-02-12 15:30:00-05:00,4.599999904632568,4.619999885559082,4.579999923706055,4.590000152587891,13348,0.0,0.0
2024-02-13 09:30:00-05:00,4.449999809265137,4.460000038146973,4.389999866485596,4.449999809265137,5164,0.0,0.0
2024-02-13 10:30:00-05:00,4.449999809265137,4.570000171661377,4.449999809265137,4.519999980926514,16980,0.0,0.0
2024-02-13 11:30:00-05:00,4.510000228881836,4.545000076293945,4.5,4.52400016784668,13526,0.0,0.0
2024-02-13 12:30:00-05:00,4.514999866485596,4.53000020980835,4.480000019073486,4.489999771118164,6030,0.0,0.0
2024-02-13 13:30:00-05:00,4.489999771118164,4.489999771118164,4.434999942779541,4.434999942779541,7598,0.0,0.0
2024-02-13 14:30:00-05:00,4.429999828338623,4.449999809265137,4.380000114440918,4.385000228881836,12889,0.0,0.0
2024-02-13 15:30:00-05:00,4.380000114440918,4.420000076293945,4.369999885559082,4.400000095367432,28634,0.0,0.0
2024-02-14 09:30:00-05:00,4.440000057220459,4.489999771118164,4.440000057220459,4.485000133514404,8313,0.0,0.0
2024-02-14 10:30:00-05:00,4.489999771118164,4.519999980926514,4.480000019073486,4.519999980926514,2199,0.0,0.0
2024-02-14 11:30:00-05:00,4.510000228881836,4.525000095367432,4.510000228881836,4.525000095367432,2623,0.0,0.0
2024-02-14 12:30:00-05:00,4.519999980926514,4.53000020980835,4.440000057220459,4.449999809265137,5296,0.0,0.0
2024-02-14 13:30:00-05:00,4.460000038146973,4.460000038146973,4.420000076293945,4.420000076293945,18342,0.0,0.0
2024-02-14 14:30:00-05:00,4.434999942779541,4.449999809265137,4.429999828338623,4.429999828338623,3665,0.0,0.0
2024-02-14 15:30:00-05:00,4.440000057220459,4.440000057220459,4.409999847412109,4.409999847412109,10623,0.0,0.0
2024-02-15 09:30:00-05:00,4.440000057220459,4.534999847412109,4.409999847412109,4.480000019073486,58570,0.0,0.0
2024-02-15 10:30:00-05:00,4.449999809265137,4.489999771118164,4.445000171661377,4.480000019073486,28680,0.0,0.0
2024-02-15 11:30:00-05:00,4.489999771118164,4.489999771118164,4.449999809265137,4.460000038146973,1709,0.0,0.0
2024-02-15 12:30:00-05:00,4.46999979019165,4.489999771118164,4.460000038146973,4.489999771118164,3560,0.0,0.0
2024-02-15 13:30:00-05:00,4.489999771118164,4.5,4.46999979019165,4.485000133514404,2366,0.0,0.0
2024-02-15 14:30:00-05:00,4.46999979019165,4.489999771118164,4.460000038146973,4.4710001945495605,2750,0.0,0.0
2024-02-15 15:30:00-05:00,4.480000019073486,4.5,4.440000057220459,4.489999771118164,23292,0.0,0.0
2024-02-16 09:30:00-05:00,4.460000038146973,4.53000020980835,4.369999885559082,4.460000038146973,10826,0.0,0.0
2024-02-16 10:30:00-05:00,4.452499866485596,4.599999904632568,4.429999828338623,4.574999809265137,48334,0.0,0.0
2024-02-16 11:30:00-05:00,4.574999809265137,4.599999904632568,4.559999942779541,4.570000171661377,7286,0.0,0.0
2024-02-16 12:30:00-05:00,4.630000114440918,4.630000114440918,4.570000171661377,4.570000171661377,5035,0.0,0.0
2024-02-16 13:30:00-05:00,4.599999904632568,4.599999904632568,4.550000190734863,4.559999942779541,5497,0.0,0.0
2024-02-16 14:30:00-05:00,4.559999942779541,4.570000171661377,4.510000228881836,4.53000020980835,13477,0.0,0.0
2024-02-16 15:30:00-05:00,4.519999980926514,4.550000190734863,4.510000228881836,4.53000020980835,14539,0.0,0.0
2024-02-20 09:30:00-05:00,4.460000038146973,4.590000152587891,4.460000038146973,4.539999961853027,28347,0.0,0.0
2024-02-20 10:30:00-05:00,4.53000020980835,4.550000190734863,4.510000228881836,4.550000190734863,2941,0.0,0.0
2024-02-20 11:30:00-05:00,4.539999961853027,4.570000171661377,4.489999771118164,4.554999828338623,16361,0.0,0.0
2024-02-20 12:30:00-05:00,4.550000190734863,4.590000152587891,4.5,4.590000152587891,8373,0.0,0.0
2024-02-20 13:30:00-05:00,4.590000152587891,4.650000095367432,4.539999961853027,4.619999885559082,39192,0.0,0.0
2024-02-20 14:30:00-05:00,4.630000114440918,4.639999866485596,4.539999961853027,4.559999942779541,13565,0.0,0.0
2024-02-20 15:30:00-05:00,4.579999923706055,4.579999923706055,4.539999961853027,4.554999828338623,17508,0.0,0.0
2024-02-21 09:30:00-05:00,4.550000190734863,4.595200061798096,4.429999828338623,4.454999923706055,6100,0.0,0.0
2024-02-21 10:30:00-05:00,4.460000038146973,4.460000038146973,4.309999942779541,4.315000057220459,22230,0.0,0.0
2024-02-21 11:30:00-05:00,4.315000057220459,4.389999866485596,4.315000057220459,4.34499979019165,13353,0.0,0.0
2024-02-21 12:30:00-05:00,4.34499979019165,4.429999828338623,4.329999923706055,4.429999828338623,22246,0.0,0.0
2024-02-21 13:30:00-05:00,4.420000076293945,4.449999809265137,4.360000133514404,4.369999885559082,9970,0.0,0.0
2024-02-21 14:30:00-05:00,4.380000114440918,4.449999809265137,4.329999923706055,4.385000228881836,36595,0.0,0.0
2024-02-21 15:30:00-05:00,4.380000114440918,4.409999847412109,4.360000133514404,4.389999866485596,23466,0.0,0.0
2024-02-22 09:30:00-05:00,4.300000190734863,4.389999866485596,4.300000190734863,4.355000019073486,7247,0.0,0.0
2024-02-22 10:30:00-05:00,4.349999904632568,4.349999904632568,4.309999942779541,4.329999923706055,2450,0.0,0.0
2024-02-22 11:30:00-05:00,4.335000038146973,4.340000152587891,4.320000171661377,4.329999923706055,9181,0.0,0.0
2024-02-22 12:30:00-05:00,4.320000171661377,4.349999904632568,4.309999942779541,4.320000171661377,4119,0.0,0.0
2024-02-22 13:30:00-05:00,4.329999923706055,4.355000019073486,4.320000171661377,4.349999904632568,6840,0.0,0.0
2024-02-22 14:30:00-05:00,4.349999904632568,4.429999828338623,4.324999809265137,4.380000114440918,52533,0.0,0.0
2024-02-22 15:30:00-05:00,4.389999866485596,4.400000095367432,4.369999885559082,4.380000114440918,42009,0.0,0.0
2024-02-23 09:30:00-05:00,4.380000114440918,4.420000076293945,4.28000020980835,4.420000076293945,17253,0.0,0.0
2024-02-23 10:30:00-05:00,4.420000076293945,4.630000114440918,4.420000076293945,4.630000114440918,33273,0.0,0.0
2024-02-23 11:30:00-05:00,4.619999885559082,4.710000038146973,4.570000171661377,4.659999847412109,21873,0.0,0.0
2024-02-23 12:30:00-05:00,4.650000095367432,4.71999979019165,4.639999866485596,4.670000076293945,17837,0.0,0.0
2024-02-23 13:30:00-05:00,4.675000190734863,4.75,4.650000095367432,4.735000133514404,28247,0.0,0.0
2024-02-23 14:30:00-05:00,4.735000133514404,4.809999942779541,4.71999979019165,4.739999771118164,34236,0.0,0.0
2024-02-23 15:30:00-05:00,4.739999771118164,4.78000020980835,4.710000038146973,4.78000020980835,21842,0.0,0.0
2024-02-26 09:30:00-05:00,4.820000171661377,5.039999961853027,4.793399810791016,5.010000228881836,25830,0.0,0.0
2024-02-26 10:30:00-05:00,5.039999961853027,5.125999927520752,5.039999961853027,5.059999942779541,18944,0.0,0.0
2024-02-26 11:30:00-05:00,5.050000190734863,5.110000133514404,5.03000020980835,5.090000152587891,11372,0.0,0.0
2024-02-26 12:30:00-05:00,5.099999904632568,5.175000190734863,4.989999771118164,5.014999866485596,60676,0.0,0.0
2024-02-26 13:30:00-05:00,5.014999866485596,5.025000095367432,4.956299781799316,4.985000133514404,19642,0.0,0.0
2024-02-26 14:30:00-05:00,4.985000133514404,5.059999942779541,4.960000038146973,5.059999942779541,20390,0.0,0.0
2024-02-26 15:30:00-05:00,5.059999942779541,5.059999942779541,4.960000038146973,4.989999771118164,38913,0.0,0.0
2024-02-27 09:30:00-05:00,4.889999866485596,5.03000020980835,4.889999866485596,5.019999980926514,5038,0.0,0.0
2024-02-27 10:30:00-05:00,5.039999961853027,5.039999961853027,5.01200008392334,5.039999961853027,2011,0.0,0.0
2024-02-27 11:30:00-05:00,5.050000190734863,5.110000133514404,5.045000076293945,5.090000152587891,3362,0.0,0.0
2024-02-27 12:30:00-05:00,5.110000133514404,5.110000133514404,4.961999893188477,4.978300094604492,12111,0.0,0.0
2024-02-27 13:30:00-05:00,4.980000019073486,5.025000095367432,4.96999979019165,5.010000228881836,10704,0.0,0.0
2024-02-27 14:30:00-05:00,5.019999980926514,5.03000020980835,5.0,5.03000020980835,4359,0.0,0.0
2024-02-27 15:30:00-05:00,5.010700225830078,5.019999980926514,4.940000057220459,4.949999809265137,13439,0.0,0.0
2024-02-28 09:30:00-05:00,4.989999771118164,4.989999771118164,4.869999885559082,4.920000076293945,24635,0.0,0.0
2024-02-28 10:30:00-05:00,4.900000095367432,4.960000038146973,4.900000095367432,4.929999828338623,12844,0.0,0.0
2024-02-28 11:30:00-05:00,4.929999828338623,4.940000057220459,4.900000095367432,4.940000057220459,5643,0.0,0.0
2024-02-28 12:30:00-05:00,4.929999828338623,4.929999828338623,4.849999904632568,4.849999904632568,3933,0.0,0.0
2024-02-28 13:30:00-05:00,4.860000133514404,4.864999771118164,4.840000152587891,4.840000152587891,3041,0.0,0.0
2024-02-28 14:30:00-05:00,4.820000171661377,4.860000133514404,4.820000171661377,4.849999904632568,4662,0.0,0.0
2024-02-28 15:30:00-05:00,4.829999923706055,4.829999923706055,4.710000038146973,4.75,16446,0.0,0.0
2024-02-29 09:30:00-05:00,4.7677001953125,4.820000171661377,4.760000228881836,4.815000057220459,5932,0.0,0.0
2024-02-29 10:30:00-05:00,4.809999942779541,4.809999942779541,4.760000228881836,4.760000228881836,6010,0.0,0.0
2024-02-29 11:30:00-05:00,4.71999979019165,4.769999980926514,4.670000076293945,4.769999980926514,11848,0.0,0.0
2024-02-29 12:30:00-05:00,4.769999980926514,4.769999980926514,4.580100059509277,4.715000152587891,15897,0.0,0.0
2024-02-29 13:30:00-05:00,4.699999809265137,4.699999809265137,4.659999847412109,4.659999847412109,5038,0.0,0.0
2024-02-29 14:30:00-05:00,4.65500020980835,4.699999809265137,4.65500020980835,4.660999774932861,2451,0.0,0.0
2024-02-29 15:30:00-05:00,4.675000190734863,4.690000057220459,4.619999885559082,4.630000114440918,7959,0.0,0.0
2024-03-01 09:30:00-05:00,4.690000057220459,4.704999923706055,4.619999885559082,4.670000076293945,6952,0.0,0.0
2024-03-01 10:30:00-05:00,4.679999828338623,4.699999809265137,4.669899940490723,4.699999809265137,8612,0.0,0.0
2024-03-01 11:30:00-05:00,4.690000057220459,4.71999979019165,4.679999828338623,4.71999979019165,5272,0.0,0.0
2024-03-01 12:30:00-05:00,4.71999979019165,4.769999980926514,4.71999979019165,4.755000114440918,7956,0.0,0.0
2024-03-01 13:30:00-05:00,4.75,4.760000228881836,4.715000152587891,4.75,8373,0.0,0.0
2024-03-01 14:30:00-05:00,4.739999771118164,4.820000171661377,4.730000019073486,4.789999961853027,25370,0.0,0.0
2024-03-01 15:30:00-05:00,4.800000190734863,4.900000095367432,4.769999980926514,4.900000095367432,18707,0.0,0.0
2024-03-04 09:30:00-05:00,4.889999866485596,4.920000076293945,4.789999961853027,4.826000213623047,10478,0.0,0.0
2024-03-04 10:30:00-05:00,4.801499843597412,4.940000057220459,4.801499843597412,4.940000057220459,5925,0.0,0.0
2024-03-04 11:30:00-05:00,4.930500030517578,4.949999809265137,4.889999866485596,4.900000095367432,5415,0.0,0.0
2024-03-04 12:30:00-05:00,4.914999961853027,4.954999923706055,4.914999961853027,4.945000171661377,2337,0.0,0.0
2024-03-04 13:30:00-05:00,4.960000038146973,4.96999979019165,4.875,4.943600177764893,16141,0.0,0.0
2024-03-04 14:30:00-05:00,4.954999923706055,5.050000190734863,4.954999923706055,5.045000076293945,26294,0.0,0.0
2024-03-04 15:30:00-05:00,5.03000020980835,5.03000020980835,4.889999866485596,4.909999847412109,51831,0.0,0.0
2024-03-05 09:30:00-05:00,4.909999847412109,5.039999961853027,4.909999847412109,5.025000095367432,6866,0.0,0.0
2024-03-05 10:30:00-05:00,5.019999980926514,5.039999961853027,4.980000019073486,5.010000228881836,15473,0.0,0.0
2024-03-05 11:30:00-05:00,5.019999980926514,5.130000114440918,5.019999980926514,5.130000114440918,0,0.0,0.0
2024-03-05 12:30:00-05:00,5.139999866485596,5.139999866485596,5.099999904632568,5.139999866485596,9289,0.0,0.0
2024-03-05 13:30:00-05:00,5.164999961853027,5.179999828338623,5.139999866485596,5.150000095367432,4160,0.0,0.0
2024-03-05 14:30:00-05:00,5.159999847412109,5.179999828338623,5.130000114440918,5.130000114440918,10459,0.0,0.0
2024-03-05 15:30:00-05:00,5.130000114440918,5.135000228881836,5.079999923706055,5.110000133514404,45387,0.0,0.0
2024-03-06 09:30:00-05:00,5.139999866485596,5.139999866485596,5.065000057220459,5.099999904632568,10028,0.0,0.0
2024-03-06 10:30:00-05:00,5.119999885559082,5.139999866485596,5.090000152587891,5.110000133514404,2633,0.0,0.0
2024-03-06 11:30:00-05:00,5.139999866485596,5.139999866485596,5.099999904632568,5.110000133514404,3645,0.0,0.0
2024-03-06 12:30:00-05:00,5.110000133514404,5.119999885559082,5.099999904632568,5.119999885559082,2473,0.0,0.0
2024-03-06 13:30:00-05:00,5.130000114440918,5.150000095367432,5.099999904632568,5.150000095367432,3690,0.0,0.0
2024-03-06 14:30:00-05:00,5.135000228881836,5.150000095367432,5.110000133514404,5.119999885559082,4521,0.0,0.0
2024-03-06 15:30:00-05:00,5.110000133514404,5.179999828338623,5.09499979019165,5.179999828338623,36638,0.0,0.0
2024-03-07 09:30:00-05:00,5.179999828338623,5.489999771118164,5.177999973297119,5.489999771118164,48595,0.0,0.0
2024-03-07 10:30:00-05:00,5.489999771118164,5.599999904632568,5.489999771118164,5.489999771118164,27785,0.0,0.0
2024-03-07 11:30:00-05:00,5.5,5.519999980926514,5.425000190734863,5.425000190734863,6465,0.0,0.0
2024-03-07 12:30:00-05:00,5.432400226593018,5.494999885559082,5.409999847412109,5.494999885559082,11481,0.0,0.0
2024-03-07 13:30:00-05:00,5.510000228881836,5.53000020980835,5.489999771118164,5.510000228881836,8393,0.0,0.0
2024-03-07 14:30:00-05:00,5.519999980926514,5.549200057983398,5.440000057220459,5.474999904632568,29568,0.0,0.0
2024-03-07 15:30:00-05:00,5.474999904632568,5.519999980926514,5.474999904632568,5.519999980926514,19181,0.0,0.0
2024-03-08 09:30:00-05:00,5.619999885559082,5.739999771118164,5.389999866485596,5.630000114440918,61489,0.0,0.0
2024-03-08 10:30:00-05:00,5.644999980926514,5.644999980926514,5.4720001220703125,5.4720001220703125,82585,0.0,0.0
2024-03-08 11:30:00-05:00,5.485000133514404,5.485000133514404,5.360000133514404,5.380000114440918,39733,0.0,0.0
2024-03-08 12:30:00-05:00,5.360000133514404,5.400000095367432,5.289999961853027,5.340000152587891,21745,0.0,0.0
2024-03-08 13:30:00-05:00,5.34499979019165,5.375,5.329999923706055,5.364999771118164,14315,0.0,0.0
2024-03-08 14:30:00-05:00,5.360000133514404,5.360000133514404,5.320000171661377,5.349999904632568,11898,0.0,0.0
2024-03-08 15:30:00-05:00,5.349999904632568,5.409999847412109,5.340000152587891,5.400000095367432,23352,0.0,0.0
2024-03-11 09:30:00-04:00,5.409999847412109,5.449999809265137,5.289999961853027,5.300000190734863,6543,0.0,0.0
2024-03-11 10:30:00-04:00,5.300000190734863,5.340000152587891,5.300000190734863,5.320000171661377,8565,0.0,0.0
2024-03-11 11:30:00-04:00,5.309999942779541,5.309999942779541,5.260000228881836,5.300000190734863,6560,0.0,0.0
2024-03-11 12:30:00-04:00,5.320000171661377,5.35860013961792,5.300000190734863,5.35860013961792,5255,0.0,0.0
2024-03-11 13:30:00-04:00,5.396999835968018,5.420000076293945,5.369999885559082,5.380000114440918,6550,0.0,0.0
2024-03-11 14:30:00-04:00,5.360000133514404,5.364999771118164,5.289999961853027,5.289999961853027,9590,0.0,0.0
2024-03-11 15:30:00-04:00,5.300000190734863,5.380000114440918,5.28000020980835,5.300000190734863,45054,0.0,0.0
2024-03-12 09:30:00-04:00,6.03000020980835,6.079999923706055,5.300000190734863,5.883600234985352,261197,0.0,0.0
2024-03-12 10:30:00-04:00,5.854000091552734,5.900000095367432,5.510000228881836,5.739999771118164,101624,0.0,0.0
2024-03-12 11:30:00-04:00,5.769999980926514,5.800000190734863,5.679999828338623,5.711999893188477,46340,0.0,0.0
2024-03-12 12:30:00-04:00,5.684999942779541,5.704999923706055,5.519999980926514,5.679999828338623,98619,0.0,0.0
2024-03-12 13:30:00-04:00,5.710000038146973,5.75,5.699999809265137,5.729100227355957,9428,0.0,0.0
2024-03-12 14:30:00-04:00,5.710000038146973,5.730000019073486,5.53000020980835,5.570000171661377,66330,0.0,0.0
2024-03-12 15:30:00-04:00,5.570000171661377,5.610000133514404,5.558000087738037,5.599999904632568,28013,0.0,0.0
2024-03-13 09:30:00-04:00,5.699999809265137,5.784999847412109,5.579999923706055,5.784999847412109,40023,0.0,0.0
2024-03-13 10:30:00-04:00,5.789999961853027,5.789999961853027,5.400000095367432,5.590000152587891,68033,0.0,0.0
2024-03-13 11:30:00-04:00,5.559999942779541,5.559999942779541,5.409999847412109,5.449999809265137,12639,0.0,0.0
2024-03-13 12:30:00-04:00,5.449999809265137,5.449999809265137,5.230000019073486,5.360000133514404,32148,0.0,0.0
2024-03-13 13:30:00-04:00,5.369999885559082,5.369999885559082,5.309999942779541,5.340000152587891,14751,0.0,0.0
2024-03-13 14:30:00-04:00,5.34499979019165,5.420000076293945,5.34499979019165,5.407100200653076,39132,0.0,0.0
2024-03-13 15:30:00-04:00,5.389999866485596,5.409999847412109,5.25,5.318999767303467,47543,0.0,0.0
2024-03-14 09:30:00-04:00,5.230000019073486,5.25,4.929999828338623,4.929999828338623,44056,0.0,0.0
2024-03-14 10:30:00-04:00,4.949900150299072,5.110000133514404,4.949900150299072,5.002999782562256,32543,0.0,0.0
2024-03-14 11:30:00-04:00,5.019999980926514,5.138999938964844,5.010000228881836,5.03000020980835,17487,0.0,0.0
2024-03-14 12:30:00-04:00,5.03000020980835,5.110000133514404,5.03000020980835,5.070000171661377,12392,0.0,0.0
2024-03-14 13:30:00-04:00,5.074999809265137,5.21999979019165,5.074999809265137,5.199999809265137,20589,0.0,0.0
2024-03-14 14:30:00-04:00,5.179999828338623,5.21999979019165,5.105000019073486,5.110000133514404,21639,0.0,0.0
2024-03-14 15:30:00-04:00,5.105000019073486,5.190000057220459,5.090000152587891,5.190000057220459,22999,0.0,0.0
2024-03-15 09:30:00-04:00,5.130000114440918,5.550000190734863,5.130000114440918,5.429999828338623,26306,0.0,0.0
2024-03-15 10:30:00-04:00,5.414999961853027,5.53000020980835,5.409999847412109,5.479700088500977,14595,0.0,0.0
2024-03-15 11:30:00-04:00,5.46999979019165,5.480000019073486,5.425000190734863,5.46999979019165,10533,0.0,0.0
2024-03-15 12:30:00-04:00,5.480000019073486,5.519999980926514,5.46999979019165,5.494999885559082,7866,0.0,0.0
2024-03-15 13:30:00-04:00,5.480000019073486,5.519999980926514,5.460000038146973,5.5,16291,0.0,0.0
2024-03-15 14:30:00-04:00,5.489999771118164,5.522500038146973,5.420000076293945,5.46999979019165,47267,0.0,0.0
2024-03-15 15:30:00-04:00,5.449999809265137,5.480000019073486,5.440000057220459,5.460000038146973,107640,0.0,0.0
2024-03-18 09:30:00-04:00,5.409999847412109,5.429999828338623,5.393599987030029,5.420000076293945,19504,0.0,0.0
2024-03-18 10:30:00-04:00,5.409999847412109,5.53000020980835,5.409999847412109,5.440000057220459,29109,0.0,0.0
2024-03-18 11:30:00-04:00,5.440000057220459,5.519999980926514,5.429999828338623,5.5,11889,0.0,0.0
2024-03-18 12:30:00-04:00,5.500100135803223,5.519999980926514,5.460000038146973,5.46999979019165,6551,0.0,0.0
2024-03-18 13:30:00-04:00,5.480000019073486,5.539999961853027,5.480000019073486,5.489999771118164,14232,0.0,0.0
2024-03-18 14:30:00-04:00,5.480000019073486,5.489999771118164,5.447999954223633,5.489999771118164,21794,0.0,0.0
2024-03-18 15:30:00-04:00,5.489999771118164,5.5,5.474999904632568,5.489999771118164,22830,0.0,0.0
2024-03-19 09:30:00-04:00,5.460000038146973,5.559999942779541,5.369999885559082,5.369999885559082,17693,0.0,0.0
2024-03-19 10:30:00-04:00,5.389999866485596,5.420000076293945,5.320000171661377,5.349999904632568,10547,0.0,0.0
2024-03-19 11:30:00-04:00,5.360000133514404,5.519999980926514,5.360000133514404,5.518400192260742,57662,0.0,0.0
2024-03-19 12:30:00-04:00,5.518700122833252,5.579999923706055,5.489999771118164,5.53000020980835,29853,0.0,0.0
2024-03-19 13:30:00-04:00,5.510000228881836,5.510000228881836,5.440000057220459,5.440000057220459,12207,0.0,0.0
2024-03-19 14:30:00-04:00,5.449999809265137,5.480000019073486,5.380000114440918,5.409900188446045,24276,0.0,0.0
2024-03-19 15:30:00-04:00,5.409200191497803,5.429999828338623,5.380000114440918,5.409999847412109,21857,0.0,0.0
2024-03-20 09:30:00-04:00,5.460000038146973,5.625,5.449999809265137,5.625,26388,0.0,0.0
2024-03-20 10:30:00-04:00,5.626699924468994,5.670000076293945,5.539999961853027,5.550000190734863,13303,0.0,0.0
2024-03-20 11:30:00-04:00,5.510000228881836,5.579999923706055,5.510000228881836,5.559700012207031,9345,0.0,0.0
2024-03-20 12:30:00-04:00,5.569799900054932,5.569799900054932,5.519999980926514,5.519999980926514,6795,0.0,0.0
2024-03-20 13:30:00-04:00,5.539899826049805,5.659999847412109,5.519999980926514,5.650000095367432,28595,0.0,0.0
2024-03-20 14:30:00-04:00,5.659999847412109,5.75,5.650000095367432,5.75,42616,0.0,0.0
2024-03-20 15:30:00-04:00,5.769999980926514,5.769999980926514,5.71999979019165,5.75,30300,0.0,0.0
2024-03-21 09:30:00-04:00,5.75,5.75,5.349999904632568,5.420000076293945,79226,0.0,0.0
2024-03-21 10:30:00-04:00,5.420000076293945,5.5854997634887695,5.420000076293945,5.570000171661377,24626,0.0,0.0
2024-03-21 11:30:00-04:00,5.570000171661377,5.599999904632568,5.53000020980835,5.559999942779541,22268,0.0,0.0
2024-03-21 12:30:00-04:00,5.559999942779541,5.559999942779541,5.505000114440918,5.510000228881836,11745,0.0,0.0
2024-03-21 13:30:00-04:00,5.519999980926514,5.519999980926514,5.420000076293945,5.5,19187,0.0,0.0
2024-03-21 14:30:00-04:00,5.5,5.585000038146973,5.480000019073486,5.480000019073486,21353,0.0,0.0
2024-03-21 15:30:00-04:00,5.489999771118164,5.489999771118164,5.409999847412109,5.429999828338623,26675,0.0,0.0
2024-03-22 09:30:00-04:00,5.429999828338623,5.429999828338623,5.360000133514404,5.40500020980835,10648,0.0,0.0
2024-03-22 10:30:00-04:00,5.389999866485596,5.449999809265137,5.369999885559082,5.449999809265137,11196,0.0,0.0
2024-03-22 11:30:00-04:00,5.429999828338623,5.429999828338623,5.360000133514404,5.389999866485596,7865,0.0,0.0
2024-03-22 12:30:00-04:00,5.380000114440918,5.440000057220459,5.380000114440918,5.440000057220459,17285,0.0,0.0
2024-03-22 13:30:00-04:00,5.440000057220459,5.46999979019165,5.420000076293945,5.429999828338623,9906,0.0,0.0
2024-03-22 14:30:00-04:00,5.429999828338623,5.460000038146973,5.420000076293945,5.420000076293945,12589,0.0,0.0
2024-03-22 15:30:00-04:00,5.434999942779541,5.460000038146973,5.420000076293945,5.440000057220459,22403,0.0,0.0
2024-03-25 09:30:00-04:00,5.460000038146973,5.5,5.449999809265137,5.46999979019165,0,0.0,0.0
2024-03-25 10:30:00-04:00,5.480000019073486,5.489999771118164,5.449999809265137,5.480000019073486,11666,0.0,0.0
2024-03-25 11:30:00-04:00,5.480000019073486,5.5,5.465000152587891,5.480000019073486,11994,0.0,0.0
2024-03-25 12:30:00-04:00,5.474999904632568,5.474999904632568,5.360000133514404,5.40500020980835,19870,0.0,0.0
2024-03-25 13:30:00-04:00,5.40500020980835,5.40500020980835,5.269999980926514,5.269999980926514,34519,0.0,0.0
2024-03-25 14:30:00-04:00,5.270199775695801,5.270199775695801,4.945000171661377,5.099999904632568,120408,0.0,0.0
2024-03-25 15:30:00-04:00,5.110000133514404,5.139999866485596,5.090000152587891,5.119999885559082,31407,0.0,0.0
2024-03-26 09:30:00-04:00,5.130000114440918,5.210000038146973,5.064000129699707,5.119999885559082,16191,0.0,0.0
2024-03-26 10:30:00-04:00,5.112500190734863,5.172500133514404,5.090000152587891,5.139999866485596,10549,0.0,0.0
2024-03-26 11:30:00-04:00,5.139999866485596,5.159999847412109,5.110000133514404,5.119999885559082,8920,0.0,0.0
2024-03-26 12:30:00-04:00,5.130000114440918,5.139999866485596,5.099999904632568,5.139999866485596,5996,0.0,0.0
2024-03-26 13:30:00-04:00,5.130000114440918,5.179999828338623,5.119999885559082,5.159999847412109,10347,0.0,0.0
2024-03-26 14:30:00-04:00,5.170000076293945,5.190000057220459,5.099999904632568,5.114999771118164,15656,0.0,0.0
2024-03-26 15:30:00-04:00,5.099999904632568,5.170000076293945,5.099999904632568,5.159999847412109,25376,0.0,0.0
2024-03-27 09:30:00-04:00,5.139999866485596,5.28000020980835,5.119999885559082,5.179999828338623,51284,0.0,0.0
2024-03-27 10:30:00-04:00,5.184999942779541,5.184999942779541,5.130000114440918,5.150000095367432,18535,0.0,0.0
2024-03-27 11:30:00-04:00,5.139999866485596,5.170000076293945,5.130000114440918,5.15500020980835,12464,0.0,0.0
2024-03-27 12:30:00-04:00,5.15500020980835,5.170000076293945,5.119999885559082,5.159999847412109,27241,0.0,0.0
2024-03-27 13:30:00-04:00,5.150000095367432,5.230000019073486,5.110000133514404,5.230000019073486,91743,0.0,0.0
2024-03-27 14:30:00-04:00,5.230000019073486,5.230000019073486,5.110000133514404,5.190000057220459,61188,0.0,0.0
2024-03-27 15:30:00-04:00,5.190000057220459,5.190000057220459,5.130000114440918,5.170000076293945,50292,0.0,0.0
2024-03-28 09:30:00-04:00,5.179999828338623,5.315000057220459,5.170000076293945,5.296000003814697,11401,0.0,0.0
2024-03-28 10:30:00-04:00,5.315000057220459,5.315000057220459,5.260000228881836,5.284999847412109,5522,0.0,0.0
2024-03-28 11:30:00-04:00,5.269999980926514,5.329999923706055,5.269999980926514,5.28000020980835,10454,0.0,0.0
2024-03-28 12:30:00-04:00,5.289999961853027,5.289999961853027,5.170000076293945,5.170000076293945,8499,0.0,0.0
2024-03-28 13:30:00-04:00,5.190000057220459,5.190000057220459,5.139999866485596,5.182199954986572,8511,0.0,0.0
2024-03-28 14:30:00-04:00,5.190000057220459,5.230000019073486,5.190000057220459,5.21999979019165,8385,0.0,0.0
2024-03-28 15:30:00-04:00,5.210000038146973,5.210000038146973,5.179999828338623,5.199999809265137,15192,0.0,0.0
2024-04-01 09:30:00-04:00,5.179999828338623,5.179999828338623,4.989999771118164,5.0,60982,0.0,0.0
2024-04-01 10:30:00-04:00,5.019999980926514,5.25,5.019999980926514,5.25,26740,0.0,0.0
2024-04-01 11:30:00-04:00,5.235000133514404,5.300000190734863,5.130000114440918,5.170000076293945,31541,0.0,0.0
2024-04-01 12:30:00-04:00,5.170000076293945,5.179999828338623,5.099999904632568,5.130000114440918,18493,0.0,0.0
2024-04-01 13:30:00-04:00,5.119999885559082,5.150000095367432,5.099999904632568,5.135000228881836,14966,0.0,0.0
2024-04-01 14:30:00-04:00,5.130000114440918,5.144999980926514,5.119999885559082,5.139999866485596,18259,0.0,0.0
2024-04-01 15:30:00-04:00,5.150000095367432,5.21999979019165,5.150000095367432,5.21999979019165,29958,0.0,0.0
2024-04-02 09:30:00-04:00,5.199999809265137,5.199999809265137,5.019999980926514,5.090000152587891,19958,0.0,0.0
2024-04-02 10:30:00-04:00,5.119999885559082,5.150000095367432,5.090000152587891,5.125,5311,0.0,0.0
2024-04-02 11:30:00-04:00,5.119999885559082,5.130000114440918,4.949999809265137,4.980000019073486,23890,0.0,0.0
2024-04-02 12:30:00-04:00,4.989999771118164,5.014999866485596,4.969900131225586,5.014999866485596,12024,0.0,0.0
2024-04-02 13:30:00-04:00,5.0,5.050000190734863,4.989999771118164,5.045000076293945,10108,0.0,0.0
2024-04-02 14:30:00-04:00,5.045000076293945,5.045000076293945,5.0,5.019999980926514,8683,0.0,0.0
2024-04-02 15:30:00-04:00,5.02370023727417,5.039999961853027,4.989999771118164,5.03000020980835,19523,0.0,0.0
2024-04-03 09:30:00-04:00,5.010000228881836,5.03000020980835,5.0,5.03000020980835,8216,0.0,0.0
2024-04-03 10:30:00-04:00,5.03000020980835,5.099999904632568,5.03000020980835,5.065000057220459,3967,0.0,0.0
2024-04-03 11:30:00-04:00,5.039999961853027,5.059999942779541,5.0,5.002799987792969,4601,0.0,0.0
2024-04-03 12:30:00-04:00,5.03000020980835,5.03000020980835,5.0,5.0,4870,0.0,0.0
2024-04-03 13:30:00-04:00,5.0,5.028600215911865,5.0,5.028600215911865,12503,0.0,0.0
2024-04-03 14:30:00-04:00,5.0208001136779785,5.03000020980835,5.0,5.0,4567,0.0,0.0
2024-04-03 15:30:00-04:00,5.0,5.050000190734863,4.989999771118164,5.020999908447266,16513,0.0,0.0
2024-04-04 09:30:00-04:00,5.019999980926514,5.130000114440918,4.96999979019165,5.010000228881836,18651,0.0,0.0
2024-04-04 10:30:00-04:00,5.0,5.059999942779541,5.0,5.059999942779541,3187,0.0,0.0
2024-04-04 11:30:00-04:00,5.070000171661377,5.139999866485596,5.070000171661377,5.139999866485596,6629,0.0,0.0
2024-04-04 12:30:00-04:00,5.139999866485596,5.139999866485596,5.050000190734863,5.079999923706055,21908,0.0,0.0
2024-04-04 13:30:00-04:00,5.070000171661377,5.070000171661377,5.0,5.0,15971,0.0,0.0
2024-04-04 14:30:00-04:00,5.0,5.019999980926514,4.920000076293945,4.920000076293945,21968,0.0,0.0
2024-04-04 15:30:00-04:00,4.929999828338623,4.949999809265137,4.929999828338623,4.940000057220459,15475,0.0,0.0
2024-04-05 09:30:00-04:00,4.929999828338623,5.039999961853027,4.869999885559082,4.997799873352051,0,0.0,0.0
2024-04-05 10:30:00-04:00,5.010000228881836,5.158999919891357,5.010000228881836,5.158999919891357,20627,0.0,0.0
2024-04-05 11:30:00-04:00,5.144999980926514,5.144999980926514,5.090000152587891,5.105000019073486,7036,0.0,0.0
2024-04-05 12:30:00-04:00,5.124800205230713,5.124800205230713,5.010000228881836,5.034999847412109,26151,0.0,0.0
2024-04-05 13:30:00-04:00,5.034999847412109,5.050000190734863,5.010000228881836,5.014999866485596,10548,0.0,0.0
2024-04-05 14:30:00-04:00,5.03000020980835,5.0625,4.994999885559082,5.059999942779541,7969,0.0,0.0
2024-04-05 15:30:00-04:00,5.070000171661377,5.070000171661377,5.03000020980835,5.050000190734863,12755,0.0,0.0
2024-04-08 09:30:00-04:00,5.090000152587891,5.159999847412109,5.0,5.03000020980835,33263,0.0,0.0
2024-04-08 10:30:00-04:00,5.039999961853027,5.099999904632568,5.039999961853027,5.090000152587891,8294,0.0,0.0
2024-04-08 11:30:00-04:00,5.059999942779541,5.099999904632568,5.050000190734863,5.079999923706055,7933,0.0,0.0
2024-04-08 12:30:00-04:00,5.090000152587891,5.23799991607666,5.090000152587891,5.204999923706055,29546,0.0,0.0
2024-04-08 13:30:00-04:00,5.204999923706055,5.260000228881836,5.199999809265137,5.230000019073486,4641,0.0,0.0
2024-04-08 14:30:00-04:00,5.230000019073486,5.230000019073486,5.130000114440918,5.159999847412109,29054,0.0,0.0
2024-04-08 15:30:00-04:00,5.159999847412109,5.210000038146973,5.150000095367432,5.210000038146973,19713,0.0,0.0
2024-04-09 09:30:00-04:00,5.210000038146973,5.28000020980835,5.204999923706055,5.255000114440918,8080,0.0,0.0
2024-04-09 10:30:00-04:00,5.230000019073486,5.244999885559082,5.199999809265137,5.210000038146973,13878,0.0,0.0
2024-04-09 11:30:00-04:00,5.199999809265137,5.210000038146973,5.170000076293945,5.200399875640869,6398,0.0,0.0
2024-04-09 12:30:00-04:00,5.210000038146973,5.210000038146973,5.079999923706055,5.085000038146973,13101,0.0,0.0
2024-04-09 13:30:00-04:00,5.090000152587891,5.09499979019165,5.03000020980835,5.039999961853027,6559,0.0,0.0
2024-04-09 14:30:00-04:00,5.03000020980835,5.070000171661377,5.0,5.059999942779541,16345,0.0,0.0
2024-04-09 15:30:00-04:00,5.059999942779541,5.059999942779541,5.03000020980835,5.050000190734863,12909,0.0,0.0
2024-04-10 09:30:00-04:00,5.019999980926514,5.019999980926514,4.930099964141846,4.965000152587891,13977,0.0,0.0
2024-04-10 10:30:00-04:00,4.949999809265137,5.010000228881836,4.938000202178955,4.96999979019165,10769,0.0,0.0
2024-04-10 11:30:00-04:00,4.96999979019165,4.994999885559082,4.950200080871582,4.989999771118164,5507,0.0,0.0
2024-04-10 12:30:00-04:00,5.0,5.0,4.960000038146973,4.980000019073486,7307,0.0,0.0
2024-04-10 13:30:00-04:00,4.949999809265137,4.989999771118164,4.929999828338623,4.940000057220459,12391,0.0,0.0
2024-04-10 14:30:00-04:00,4.960000038146973,5.059999942779541,4.940000057220459,4.949999809265137,7474,0.0,0.0
2024-04-10 15:30:00-04:00,4.954999923706055,5.0,4.940000057220459,4.989999771118164,21445,0.0,0.0
2024-04-11 09:30:00-04:00,4.929999828338623,4.974999904632568,4.909999847412109,4.920000076293945,13374,0.0,0.0
2024-04-11 10:30:00-04:00,4.920000076293945,4.929999828338623,4.900000095367432,4.909999847412109,8441,0.0,0.0
2024-04-11 11:30:00-04:00,4.909999847412109,4.954999923706055,4.900000095367432,4.909999847412109,12696,0.0,0.0
2024-04-11 12:30:00-04:00,4.920000076293945,4.934999942779541,4.900000095367432,4.920000076293945,16469,0.0,0.0
2024-04-11 13:30:00-04:00,4.920000076293945,4.934999942779541,4.910099983215332,4.920000076293945,10321,0.0,0.0
2024-04-11 14:30:00-04:00,4.920000076293945,4.925000190734863,4.784999847412109,4.789999961853027,36422,0.0,0.0
2024-04-11 15:30:00-04:00,4.789999961853027,4.829999923706055,4.769999980926514,4.809999942779541,34005,0.0,0.0
2024-04-12 09:30:00-04:00,4.789999961853027,4.7916998863220215,4.699999809265137,4.710000038146973,19569,0.0,0.0
2024-04-12 10:30:00-04:00,4.699999809265137,4.710000038146973,4.619999885559082,4.644999980926514,14037,0.0,0.0
2024-04-12 11:30:00-04:00,4.650000095367432,4.659999847412109,4.624599933624268,4.65500020980835,8857,0.0,0.0
2024-04-12 12:30:00-04:00,4.65500020980835,4.65500020980835,4.594200134277344,4.594200134277344,17324,0.0,0.0
2024-04-12 13:30:00-04:00,4.579999923706055,4.619999885559082,4.539999961853027,4.59499979019165,69396,0.0,0.0
2024-04-12 14:30:00-04:00,4.590000152587891,4.590000152587891,4.539999961853027,4.550000190734863,13787,0.0,0.0
2024-04-12 15:30:00-04:00,4.545000076293945,4.599999904632568,4.545000076293945,4.579999923706055,31289,0.0,0.0
2024-04-15 09:30:00-04:00,4.599999904632568,4.909999847412109,4.599999904632568,4.659999847412109,40830,0.0,0.0
2024-04-15 10:30:00-04:00,4.659999847412109,4.739999771118164,4.650000095367432,4.679999828338623,32724,0.0,0.0
2024-04-15 11:30:00-04:00,4.699999809265137,4.769999980926514,4.684999942779541,4.710000038146973,16008,0.0,0.0
2024-04-15 12:30:00-04:00,4.699999809265137,4.710000038146973,4.659999847412109,4.659999847412109,9455,0.0,0.0
2024-04-15 13:30:00-04:00,4.630000114440918,4.659999847412109,4.610000133514404,4.630000114440918,14030,0.0,0.0
2024-04-15 14:30:00-04:00,4.639999866485596,4.679999828338623,4.570000171661377,4.625,47279,0.0,0.0
2024-04-15 15:30:00-04:00,4.625,4.650000095367432,4.579999923706055,4.63640022277832,41755,0.0,0.0
2024-04-16 09:30:00-04:00,4.650000095367432,4.650000095367432,4.534999847412109,4.550000190734863,13535,0.0,0.0
2024-04-16 10:30:00-04:00,4.550000190734863,4.619999885559082,4.550000190734863,4.585000038146973,17995,0.0,0.0
2024-04-16 11:30:00-04:00,4.570000171661377,4.605000019073486,4.559999942779541,4.605000019073486,14611,0.0,0.0
2024-04-16 12:30:00-04:00,4.610000133514404,4.619999885559082,4.599999904632568,4.619999885559082,11631,0.0,0.0
2024-04-16 13:30:00-04:00,4.610000133514404,4.610000133514404,4.545000076293945,4.550000190734863,9037,0.0,0.0
2024-04-16 14:30:00-04:00,4.534999847412109,4.610000133514404,4.53000020980835,4.599999904632568,22049,0.0,0.0
2024-04-16 15:30:00-04:00,4.605000019073486,4.659999847412109,4.590000152587891,4.639999866485596,25986,0.0,0.0
2024-04-17 09:30:00-04:00,4.670000076293945,4.699999809265137,4.566999912261963,4.690000057220459,9905,0.0,0.0
2024-04-17 10:30:00-04:00,4.699999809265137,4.730000019073486,4.659999847412109,4.695000171661377,15498,0.0,0.0
2024-04-17 11:30:00-04:00,4.695000171661377,4.767499923706055,4.695000171661377,4.760000228881836,8210,0.0,0.0
2024-04-17 12:30:00-04:00,4.769999980926514,4.820000171661377,4.75,4.820000171661377,7939,0.0,0.0
2024-04-17 13:30:00-04:00,4.829999923706055,4.860000133514404,4.789999961853027,4.789999961853027,9530,0.0,0.0
2024-04-17 14:30:00-04:00,4.739999771118164,4.800000190734863,4.679999828338623,4.699999809265137,39030,0.0,0.0
2024-04-17 15:30:00-04:00,4.710000038146973,4.730000019073486,4.699999809265137,4.699999809265137,26810,0.0,0.0
2024-04-18 09:30:00-04:00,4.710000038146973,4.760000228881836,4.630000114440918,4.690000057220459,7382,0.0,0.0
2024-04-18 10:30:00-04:00,4.675000190734863,4.679999828338623,4.639999866485596,4.639999866485596,8611,0.0,0.0
2024-04-18 11:30:00-04:00,4.630000114440918,4.630000114440918,4.599999904632568,4.619999885559082,6298,0.0,0.0
2024-04-18 12:30:00-04:00,4.619999885559082,4.619999885559082,4.53000020980835,4.554999828338623,8310,0.0,0.0
2024-04-18 13:30:00-04:00,4.554999828338623,4.574999809265137,4.534999847412109,4.534999847412109,11232,0.0,0.0
2024-04-18 14:30:00-04:00,4.53000020980835,4.539899826049805,4.494999885559082,4.519999980926514,28388,0.0,0.0
2024-04-18 15:30:00-04:00,4.519999980926514,4.570000171661377,4.5,4.570000171661377,17778,0.0,0.0
2024-04-19 09:30:00-04:00,4.550000190734863,4.619999885559082,4.510000228881836,4.559999942779541,0,0.0,0.0
2024-04-19 10:30:00-04:00,4.559999942779541,4.570000171661377,4.519999980926514,4.559999942779541,5930,0.0,0.0
2024-04-19 11:30:00-04:00,4.554999828338623,4.559999942779541,4.5100998878479,4.5100998878479,11514,0.0,0.0
2024-04-19 12:30:00-04:00,4.5,4.539999961853027,4.5,4.53000020980835,14834,0.0,0.0
2024-04-19 13:30:00-04:00,4.539999961853027,4.550000190734863,4.440000057220459,4.46999979019165,34539,0.0,0.0
2024-04-19 14:30:00-04:00,4.449999809265137,4.53000020980835,4.447500228881836,4.519999980926514,7296,0.0,0.0
2024-04-19 15:30:00-04:00,4.519999980926514,4.53000020980835,4.46999979019165,4.489999771118164,28002,0.0,0.0
2024-04-22 09:30:00-04:00,4.480000019073486,4.489999771118164,4.409999847412109,4.454999923706055,0,0.0,0.0
2024-04-22 10:30:00-04:00,4.46999979019165,4.480000019073486,4.429999828338623,4.460000038146973,8373,0.0,0.0
2024-04-22 11:30:00-04:00,4.445000171661377,4.460000038146973,4.440000057220459,4.440000057220459,8531,0.0,0.0
2024-04-22 12:30:00-04:00,4.434999942779541,4.440000057220459,4.420000076293945,4.429999828338623,6271,0.0,0.0
2024-04-22 13:30:00-04:00,4.429999828338623,4.429999828338623,4.349999904632568,4.380000114440918,19295,0.0,0.0
2024-04-22 14:30:00-04:00,4.389999866485596,4.389999866485596,4.340000152587891,4.340000152587891,12631,0.0,0.0
2024-04-22 15:30:00-04:00,4.362500190734863,4.362500190734863,4.25,4.289999961853027,35430,0.0,0.0
2024-04-23 09:30:00-04:00,4.400000095367432,4.449999809265137,4.304999828338623,4.380000114440918,12269,0.0,0.0
2024-04-23 10:30:00-04:00,4.385000228881836,4.389999866485596,4.360000133514404,4.369999885559082,10896,0.0,0.0
2024-04-23 11:30:00-04:00,4.369999885559082,4.380000114440918,4.349999904632568,4.360000133514404,6604,0.0,0.0
2024-04-23 12:30:00-04:00,4.369999885559082,4.385000228881836,4.349999904632568,4.349999904632568,8186,0.0,0.0
2024-04-23 13:30:00-04:00,4.349999904632568,4.380000114440918,4.335000038146973,4.335000038146973,17449,0.0,0.0
2024-04-23 14:30:00-04:00,4.340000152587891,4.349999904632568,4.320000171661377,4.340000152587891,10351,0.0,0.0
2024-04-23 15:30:00-04:00,4.335000038146973,4.335000038146973,4.289999961853027,4.289999961853027,17199,0.0,0.0
2024-04-24 09:30:00-04:00,4.230000019073486,4.320000171661377,4.206999778747559,4.289999961853027,8984,0.0,0.0
2024-04-24 10:30:00-04:00,4.284999847412109,4.284999847412109,4.179999828338623,4.199999809265137,32598,0.0,0.0
2024-04-24 11:30:00-04:00,4.199999809265137,4.199999809265137,4.179999828338623,4.179999828338623,1453,0.0,0.0
2024-04-24 12:30:00-04:00,4.190000057220459,4.224999904632568,4.190000057220459,4.199999809265137,6534,0.0,0.0
2024-04-24 13:30:00-04:00,4.195000171661377,4.210000038146973,4.170000076293945,4.179999828338623,5750,0.0,0.0
2024-04-24 14:30:00-04:00,4.184999942779541,4.190000057220459,4.099999904632568,4.179999828338623,37323,0.0,0.0
2024-04-24 15:30:00-04:00,4.190000057220459,4.199999809265137,4.140100002288818,4.159999847412109,20018,0.0,0.0
2024-04-25 09:30:00-04:00,4.119999885559082,4.130000114440918,4.070000171661377,4.119999885559082,10667,0.0,0.0
2024-04-25 10:30:00-04:00,4.119999885559082,4.119999885559082,4.059999942779541,4.085000038146973,6050,0.0,0.0
2024-04-25 11:30:00-04:00,4.082300186157227,4.119999885559082,4.059999942779541,4.065000057220459,8588,0.0,0.0
2024-04-25 12:30:00-04:00,4.059999942779541,4.099999904632568,4.059999942779541,4.099999904632568,4837,0.0,0.0
2024-04-25 13:30:00-04:00,4.100100040435791,4.135000228881836,4.100100040435791,4.110000133514404,11304,0.0,0.0
2024-04-25 14:30:00-04:00,4.130000114440918,4.150000095367432,4.114999771118164,4.139999866485596,5474,0.0,0.0
2024-04-25 15:30:00-04:00,4.130000114440918,4.130000114440918,4.059999942779541,4.059999942779541,16819,0.0,0.0
2024-04-26 09:30:00-04:00,4.079999923706055,4.090000152587891,4.0,4.079999923706055,6504,0.0,0.0
2024-04-26 10:30:00-04:00,4.079999923706055,4.085000038146973,3.950000047683716,4.025000095367432,65995,0.0,0.0
2024-04-26 11:30:00-04:00,4.020899772644043,4.039999961853027,3.994999885559082,3.994999885559082,6866,0.0,0.0
2024-04-26 12:30:00-04:00,3.984999895095825,4.010000228881836,3.9600000381469727,4.010000228881836,4615,0.0,0.0
2024-04-26 13:30:00-04:00,4.0065999031066895,4.03000020980835,3.999500036239624,4.025000095367432,15703,0.0,0.0
2024-04-26 14:30:00-04:00,4.019999980926514,4.03000020980835,4.0,4.019999980926514,8446,0.0,0.0
2024-04-26 15:30:00-04:00,4.019999980926514,4.019999980926514,3.9800000190734863,3.990000009536743,13561,0.0,0.0
2024-04-29 09:30:00-04:00,4.0,4.190000057220459,3.9798998832702637,4.190000057220459,44059,0.0,0.0
2024-04-29 10:30:00-04:00,4.21999979019165,4.289999961853027,4.190100193023682,4.28000020980835,11338,0.0,0.0
2024-04-29 11:30:00-04:00,4.269999980926514,4.275000095367432,4.170000076293945,4.199999809265137,16223,0.0,0.0
2024-04-29 12:30:00-04:00,4.199999809265137,4.199999809265137,4.150000095367432,4.150000095367432,11577,0.0,0.0
2024-04-29 13:30:00-04:00,4.170000076293945,4.190000057220459,4.170000076293945,4.179999828338623,4871,0.0,0.0
2024-04-29 14:30:00-04:00,4.170000076293945,4.170000076293945,4.019999980926514,4.019999980926514,29301,0.0,0.0
2024-04-29 15:30:00-04:00,4.034999847412109,4.09499979019165,4.019999980926514,4.079999923706055,33225,0.0,0.0
2024-04-30 09:30:00-04:00,4.03000020980835,4.164999961853027,3.9600000381469727,3.960099935531616,9221,0.0,0.0
2024-04-30 10:30:00-04:00,3.984999895095825,3.984999895095825,3.9000000953674316,3.9149999618530273,9443,0.0,0.0
2024-04-30 11:30:00-04:00,3.9200000762939453,3.9800000190734863,3.9149999618530273,3.9749999046325684,10494,0.0,0.0
2024-04-30 12:30:00-04:00,3.994999885559082,3.994999885559082,3.9600000381469727,3.9649999141693115,8283,0.0,0.0
2024-04-30 13:30:00-04:00,3.9674999713897705,3.990000009536743,3.9000000953674316,3.9000000953674316,16851,0.0,0.0
2024-04-30 14:30:00-04:00,3.9100000858306885,3.990000009536743,3.9100000858306885,3.990000009536743,20095,0.0,0.0
2024-04-30 15:30:00-04:00,3.9749999046325684,3.984600067138672,3.950000047683716,3.9549999237060547,24510,0.0,0.0
2024-05-01 09:30:00-04:00,3.9600000381469727,4.019999980926514,3.9600000381469727,3.9600000381469727,0,0.0,0.0
2024-05-01 10:30:00-04:00,3.990000009536743,4.0,3.9600000381469727,3.9674999713897705,4891,0.0,0.0
2024-05-01 11:30:00-04:00,3.9549999237060547,3.9600000381469727,3.930000066757202,3.950000047683716,5403,0.0,0.0
2024-05-01 12:30:00-04:00,3.95989990234375,3.994999885559082,3.9549999237060547,3.994999885559082,6573,0.0,0.0
2024-05-01 13:30:00-04:00,3.994999885559082,4.0,3.9700000286102295,3.9700000286102295,4370,0.0,0.0
2024-05-01 14:30:00-04:00,3.9800000190734863,4.059999942779541,3.9800000190734863,4.025000095367432,19001,0.0,0.0
2024-05-01 15:30:00-04:00,4.014999866485596,4.019999980926514,3.9800000190734863,3.9860000610351562,20701,0.0,0.0
2024-05-02 09:30:00-04:00,4.03000020980835,4.03000020980835,3.95169997215271,3.9600000381469727,2981,0.0,0.0
2024-05-02 10:30:00-04:00,4.0,4.010000228881836,3.9600000381469727,4.0,3471,0.0,0.0
2024-05-02 11:30:00-04:00,3.9999001026153564,4.010000228881836,3.990000009536743,3.992300033569336,2638,0.0,0.0
2024-05-02 12:30:00-04:00,3.984999895095825,3.990000009536743,3.960099935531616,3.9800000190734863,3360,0.0,0.0
2024-05-02 13:30:00-04:00,3.98009991645813,3.990000009536743,3.9700000286102295,3.990000009536743,4755,0.0,0.0
2024-05-02 14:30:00-04:00,3.984999895095825,3.990000009536743,3.9700000286102295,3.9800000190734863,6421,0.0,0.0
2024-05-02 15:30:00-04:00,3.9800000190734863,3.9800000190734863,3.950000047683716,3.950000047683716,23746,0.0,0.0
2024-05-03 09:30:00-04:00,4.039999961853027,4.119900226593018,4.0100998878479,4.025000095367432,18866,0.0,0.0
2024-05-03 10:30:00-04:00,4.019999980926514,4.019999980926514,3.9600000381469727,3.9649999141693115,3740,0.0,0.0
2024-05-03 11:30:00-04:00,3.9800000190734863,3.9800000190734863,3.940000057220459,3.9700000286102295,3642,0.0,0.0
2024-05-03 12:30:00-04:00,3.9700000286102295,3.9800000190734863,3.9649999141693115,3.9700000286102295,2944,0.0,0.0
2024-05-03 13:30:00-04:00,3.9700000286102295,3.9800000190734863,3.9649999141693115,3.9749999046325684,3876,0.0,0.0
2024-05-03 14:30:00-04:00,3.9749999046325684,3.9749999046325684,3.960900068283081,3.960900068283081,3219,0.0,0.0
2024-05-03 15:30:00-04:00,3.9798998832702637,3.9800000190734863,3.9700000286102295,3.9800000190734863,12570,0.0,0.0
2024-05-06 09:30:00-04:00,3.9700000286102295,4.050000190734863,3.9700000286102295,4.039999961853027,16020,0.0,0.0
2024-05-06 10:30:00-04:00,4.010000228881836,4.010000228881836,3.9549999237060547,3.9600000381469727,5862,0.0,0.0
2024-05-06 11:30:00-04:00,3.9700000286102295,4.009900093078613,3.9700000286102295,3.9791998863220215,16581,0.0,0.0
2024-05-06 12:30:00-04:00,3.990000009536743,4.039999961853027,3.990000009536743,4.010000228881836,18378,0.0,0.0
2024-05-06 13:30:00-04:00,4.010000228881836,4.019999980926514,4.0,4.019999980926514,5345,0.0,0.0
2024-05-06 14:30:00-04:00,4.025000095367432,4.025000095367432,4.0,4.005000114440918,14987,0.0,0.0
2024-05-06 15:30:00-04:00,4.0,4.019999980926514,4.0,4.019999980926514,33914,0.0,0.0
2024-05-07 09:30:00-04:00,4.989999771118164,5.289999961853027,4.650000095367432,4.860099792480469,1988453,0.0,0.0
2024-05-07 10:30:00-04:00,4.889999866485596,5.059999942779541,4.829999923706055,4.950099945068359,264739,0.0,0.0
2024-05-07 11:30:00-04:00,4.964300155639648,5.179999828338623,4.940100193023682,5.084499835968018,180229,0.0,0.0
2024-05-07 12:30:00-04:00,5.091800212860107,5.340000152587891,5.0,5.159999847412109,300839,0.0,0.0
2024-05-07 13:30:00-04:00,5.150000095367432,5.210000038146973,5.059999942779541,5.105599880218506,160608,0.0,0.0
2024-05-07 14:30:00-04:00,5.090000152587891,5.300000190734863,5.050000190734863,5.159999847412109,196205,0.0,0.0
2024-05-07 15:30:00-04:00,5.150000095367432,5.21999979019165,5.110000133514404,5.135000228881836,127817,0.0,0.0
2024-05-08 09:30:00-04:00,5.400000095367432,5.489999771118164,4.979899883270264,4.980000019073486,293710,0.0,0.0
2024-05-08 10:30:00-04:00,5.010000228881836,5.019999980926514,4.940000057220459,5.019400119781494,53697,0.0,0.0
2024-05-08 11:30:00-04:00,5.017499923706055,5.019999980926514,4.949999809265137,4.996399879455566,38318,0.0,0.0
2024-05-08 12:30:00-04:00,5.0,5.0,4.909999847412109,4.924699783325195,28564,0.0,0.0
2024-05-08 13:30:00-04:00,4.936800003051758,5.0,4.920000076293945,5.0,43442,0.0,0.0
2024-05-08 14:30:00-04:00,5.0,5.0,4.980000019073486,5.0,106229,0.0,0.0
2024-05-08 15:30:00-04:00,5.0,5.110000133514404,4.990099906921387,5.050000190734863,122603,0.0,0.0
2024-05-09 09:30:00-04:00,4.772600173950195,5.09499979019165,4.510000228881836,5.09499979019165,101305,0.0,0.0
2024-05-09 10:30:00-04:00,5.090000152587891,5.170000076293945,5.090000152587891,5.159999847412109,19619,0.0,0.0
2024-05-09 11:30:00-04:00,5.159999847412109,5.28000020980835,5.159999847412109,5.21999979019165,27909,0.0,0.0
2024-05-09 12:30:00-04:00,5.230000019073486,5.355000019073486,5.210000038146973,5.355000019073486,46366,0.0,0.0
2024-05-09 13:30:00-04:00,5.349999904632568,5.409999847412109,5.340000152587891,5.409999847412109,37290,0.0,0.0
2024-05-09 14:30:00-04:00,5.409999847412109,5.519999980926514,5.324999809265137,5.389999866485596,99796,0.0,0.0
2024-05-09 15:30:00-04:00,5.385000228881836,5.480000019073486,5.385000228881836,5.460000038146973,60156,0.0,0.0
2024-05-10 09:30:00-04:00,5.360000133514404,5.829999923706055,5.340000152587891,5.699999809265137,221798,0.0,0.0
2024-05-10 10:30:00-04:00,5.679999828338623,5.75,5.25,5.340099811553955,74537,0.0,0.0
2024-05-10 11:30:00-04:00,5.400000095367432,5.550000190734863,5.360000133514404,5.460000038146973,43521,0.0,0.0
2024-05-10 12:30:00-04:00,5.46999979019165,5.53000020980835,5.400000095367432,5.440000057220459,26437,0.0,0.0
2024-05-10 13:30:00-04:00,5.429999828338623,5.5,5.289999961853027,5.409999847412109,101123,0.0,0.0
2024-05-10 14:30:00-04:00,5.4019999504089355,5.434999942779541,5.340000152587891,5.380000114440918,37952,0.0,0.0
2024-05-10 15:30:00-04:00,5.389999866485596,5.420000076293945,5.369999885559082,5.400000095367432,39826,0.0,0.0
2024-05-13 09:30:00-04:00,5.440000057220459,5.715000152587891,5.269999980926514,5.710000038146973,85312,0.0,0.0
2024-05-13 10:30:00-04:00,5.739999771118164,5.792799949645996,5.559999942779541,5.570000171661377,76833,0.0,0.0
2024-05-13 11:30:00-04:00,5.574999809265137,5.619999885559082,5.519999980926514,5.599999904632568,46963,0.0,0.0
2024-05-13 12:30:00-04:00,5.590000152587891,5.78000020980835,5.559999942779541,5.75,62193,0.0,0.0
2024-05-13 13:30:00-04:00,5.75,5.809999942779541,5.710000038146973,5.789999961853027,59462,0.0,0.0
2024-05-13 14:30:00-04:00,5.789999961853027,5.800000190734863,5.71999979019165,5.775000095367432,56506,0.0,0.0
2024-05-13 15:30:00-04:00,5.769999980926514,5.800000190734863,5.699999809265137,5.710000038146973,75929,0.0,0.0
2024-05-14 09:30:00-04:00,5.820000171661377,5.965000152587891,5.679999828338623,5.965000152587891,85784,0.0,0.0
2024-05-14 10:30:00-04:00,5.96999979019165,5.96999979019165,5.840000152587891,5.960000038146973,24584,0.0,0.0
2024-05-14 11:30:00-04:00,5.980000019073486,5.980000019073486,5.78000020980835,5.789999961853027,16441,0.0,0.0
2024-05-14 12:30:00-04:00,5.840000152587891,5.900000095367432,5.78000020980835,5.835000038146973,25143,0.0,0.0
2024-05-14 13:30:00-04:00,5.835000038146973,5.934999942779541,5.789999961853027,5.920000076293945,93745,0.0,0.0
2024-05-14 14:30:00-04:00,5.909999847412109,5.980000019073486,5.909999847412109,5.980000019073486,28177,0.0,0.0
2024-05-14 15:30:00-04:00,5.980000019073486,6.010000228881836,5.949999809265137,5.96999979019165,98879,0.0,0.0
2024-05-15 09:30:00-04:00,5.989999771118164,6.114999771118164,5.78000020980835,6.010000228881836,152622,0.0,0.0
2024-05-15 10:30:00-04:00,6.010000228881836,6.235000133514404,6.010000228881836,6.21999979019165,74912,0.0,0.0
2024-05-15 11:30:00-04:00,6.215000152587891,6.289899826049805,6.210000038146973,6.269999980926514,54348,0.0,0.0
2024-05-15 12:30:00-04:00,6.269999980926514,6.309999942779541,6.230100154876709,6.260000228881836,51917,0.0,0.0
2024-05-15 13:30:00-04:00,6.251399993896484,6.28000020980835,6.085000038146973,6.190000057220459,57499,0.0,0.0
2024-05-15 14:30:00-04:00,6.204999923706055,6.320000171661377,6.190000057220459,6.300000190734863,39334,0.0,0.0
2024-05-15 15:30:00-04:00,6.304999828338623,6.369999885559082,6.25,6.349999904632568,96573,0.0,0.0
2024-05-16 09:30:00-04:00,6.349999904632568,6.5,6.21999979019165,6.494999885559082,68562,0.0,0.0
2024-05-16 10:30:00-04:00,6.494999885559082,6.644999980926514,6.487400054931641,6.630000114440918,116720,0.0,0.0
2024-05-16 11:30:00-04:00,6.639999866485596,6.769999980926514,6.610000133514404,6.70989990234375,47310,0.0,0.0
2024-05-16 12:30:00-04:00,6.709700107574463,6.710000038146973,6.579999923706055,6.59499979019165,25869,0.0,0.0
2024-05-16 13:30:00-04:00,6.599999904632568,6.690000057220459,6.599999904632568,6.605000019073486,16850,0.0,0.0
2024-05-16 14:30:00-04:00,6.605000019073486,6.635000228881836,6.559999942779541,6.619999885559082,73589,0.0,0.0
2024-05-16 15:30:00-04:00,6.600100040435791,6.630000114440918,6.570000171661377,6.619999885559082,111128,0.0,0.0
2024-05-17 09:30:00-04:00,6.760000228881836,6.800000190734863,6.369999885559082,6.550000190734863,72474,0.0,0.0
2024-05-17 10:30:00-04:00,6.554999828338623,6.699999809265137,6.554999828338623,6.659900188446045,27548,0.0,0.0
2024-05-17 11:30:00-04:00,6.659999847412109,6.690000057220459,6.590000152587891,6.590000152587891,19649,0.0,0.0
2024-05-17 12:30:00-04:00,6.590000152587891,6.605000019073486,6.4980998039245605,6.509500026702881,32245,0.0,0.0
2024-05-17 13:30:00-04:00,6.509399890899658,6.509399890899658,6.400000095367432,6.440000057220459,26049,0.0,0.0
2024-05-17 14:30:00-04:00,6.46999979019165,6.480000019073486,6.429999828338623,6.434999942779541,21584,0.0,0.0
2024-05-17 15:30:00-04:00,6.409999847412109,6.425000190734863,6.360000133514404,6.360000133514404,39563,0.0,0.0
2024-05-20 09:30:00-04:00,6.244999885559082,6.46999979019165,5.96999979019165,6.46999979019165,108667,0.0,0.0
2024-05-20 10:30:00-04:00,6.474999904632568,6.489999771118164,6.150000095367432,6.150000095367432,118592,0.0,0.0
2024-05-20 11:30:00-04:00,6.150000095367432,6.275000095367432,6.0,6.269999980926514,99477,0.0,0.0
2024-05-20 12:30:00-04:00,6.260000228881836,6.260000228881836,6.170000076293945,6.230000019073486,47492,0.0,0.0
2024-05-20 13:30:00-04:00,6.230000019073486,6.239999771118164,6.150000095367432,6.150000095367432,20252,0.0,0.0
2024-05-20 14:30:00-04:00,6.139999866485596,6.25,6.130000114440918,6.248000144958496,59178,0.0,0.0
2024-05-20 15:30:00-04:00,6.241000175476074,6.269999980926514,6.21999979019165,6.230000019073486,56200,0.0,0.0
2024-05-21 09:30:00-04:00,6.199999809265137,6.260000228881836,6.070000171661377,6.239999771118164,17056,0.0,0.0
2024-05-21 10:30:00-04:00,6.250999927520752,6.250999927520752,6.170000076293945,6.210000038146973,12356,0.0,0.0
2024-05-21 11:30:00-04:00,6.190000057220459,6.190000057220459,6.079999923706055,6.125,14266,0.0,0.0
2024-05-21 12:30:00-04:00,6.127799987792969,6.139999866485596,6.09499979019165,6.110000133514404,18467,0.0,0.0
2024-05-21 13:30:00-04:00,6.130000114440918,6.139999866485596,6.090000152587891,6.119999885559082,9882,0.0,0.0
2024-05-21 14:30:00-04:00,6.110000133514404,6.199999809265137,6.079999923706055,6.170000076293945,34113,0.0,0.0
2024-05-21 15:30:00-04:00,6.164999961853027,6.175000190734863,6.133999824523926,6.15500020980835,28210,0.0,0.0
2024-05-22 09:30:00-04:00,6.079999923706055,6.230000019073486,6.079999923706055,6.150000095367432,22008,0.0,0.0
2024-05-22 10:30:00-04:00,6.140999794006348,6.28000020980835,6.128399848937988,6.269999980926514,32380,0.0,0.0
2024-05-22 11:30:00-04:00,6.269999980926514,6.440000057220459,6.25,6.435999870300293,63439,0.0,0.0
2024-05-22 12:30:00-04:00,6.420000076293945,6.420000076293945,6.369999885559082,6.369999885559082,9473,0.0,0.0
2024-05-22 13:30:00-04:00,6.375,6.375,6.260000228881836,6.300000190734863,9626,0.0,0.0
2024-05-22 14:30:00-04:00,6.300000190734863,6.360000133514404,6.28000020980835,6.300000190734863,23690,0.0,0.0
2024-05-22 15:30:00-04:00,6.300000190734863,6.329999923706055,6.269999980926514,6.289999961853027,31681,0.0,0.0
2024-05-23 09:30:00-04:00,6.360000133514404,6.420000076293945,6.25,6.340000152587891,160840,0.0,0.0
2024-05-23 10:30:00-04:00,6.329999923706055,6.389999866485596,6.300000190734863,6.340000152587891,17515,0.0,0.0
2024-05-23 11:30:00-04:00,6.360000133514404,6.360000133514404,6.275000095367432,6.300000190734863,12169,0.0,0.0
2024-05-23 12:30:00-04:00,6.300000190734863,6.329999923706055,6.287499904632568,6.309899806976318,23828,0.0,0.0
2024-05-23 13:30:00-04:00,6.295000076293945,6.315000057220459,6.260000228881836,6.289999961853027,49819,0.0,0.0
2024-05-23 14:30:00-04:00,6.289999961853027,6.340000152587891,6.264999866485596,6.300000190734863,31036,0.0,0.0
2024-05-23 15:30:00-04:00,6.309999942779541,6.340000152587891,6.309999942779541,6.320000171661377,37298,0.0,0.0
2024-05-24 09:30:00-04:00,6.340000152587891,6.400000095367432,6.2789998054504395,6.284999847412109,18268,0.0,0.0
2024-05-24 10:30:00-04:00,6.285999774932861,6.386000156402588,6.285999774932861,6.375999927520752,9001,0.0,0.0
2024-05-24 11:30:00-04:00,6.360000133514404,6.366300106048584,6.320000171661377,6.335999965667725,13814,0.0,0.0
2024-05-24 12:30:00-04:00,6.320000171661377,6.329999923706055,6.260000228881836,6.300000190734863,57415,0.0,0.0
2024-05-24 13:30:00-04:00,6.300000190734863,6.320000171661377,6.289999961853027,6.320000171661377,20755,0.0,0.0
2024-05-24 14:30:00-04:00,6.320000171661377,6.329999923706055,6.295000076293945,6.320000171661377,44263,0.0,0.0
2024-05-24 15:30:00-04:00,6.320000171661377,6.40500020980835,6.320000171661377,6.360000133514404,61365,0.0,0.0
2024-05-28 09:30:00-04:00,6.409999847412109,6.840000152587891,6.409999847412109,6.809999942779541,128999,0.0,0.0
2024-05-28 10:30:00-04:00,6.820000171661377,6.869999885559082,6.769999980926514,6.803500175476074,52626,0.0,0.0
2024-05-28 11:30:00-04:00,6.789999961853027,6.809999942779541,6.690000057220459,6.739999771118164,48007,0.0,0.0
2024-05-28 12:30:00-04:00,6.735000133514404,6.75,6.639999866485596,6.639999866485596,31942,0.0,0.0
2024-05-28 13:30:00-04:00,6.650000095367432,6.75,6.650000095367432,6.710000038146973,51503,0.0,0.0
2024-05-28 14:30:00-04:00,6.699999809265137,6.860000133514404,6.610000133514404,6.829999923706055,191764,0.0,0.0
2024-05-28 15:30:00-04:00,6.824999809265137,7.005000114440918,6.78000020980835,6.929999828338623,214954,0.0,0.0
2024-05-29 09:30:00-04:00,6.820000171661377,6.880000114440918,6.599999904632568,6.75,40657,0.0,0.0
2024-05-29 10:30:00-04:00,6.760000228881836,6.829999923706055,6.739999771118164,6.795000076293945,18954,0.0,0.0
2024-05-29 11:30:00-04:00,6.792300224304199,6.792300224304199,6.650000095367432,6.75,28368,0.0,0.0
2024-05-29 12:30:00-04:00,6.75,6.800000190734863,6.71999979019165,6.784999847412109,17556,0.0,0.0
2024-05-29 13:30:00-04:00,6.769999980926514,6.840000152587891,6.760000228881836,6.809999942779541,38327,0.0,0.0
2024-05-29 14:30:00-04:00,6.809999942779541,6.835000038146973,6.769999980926514,6.789999961853027,42024,0.0,0.0
2024-05-29 15:30:00-04:00,6.800000190734863,6.809999942779541,6.762700080871582,6.789999961853027,64001,0.0,0.0
2024-05-30 09:30:00-04:00,6.869999885559082,6.880000114440918,6.75,6.800000190734863,0,0.0,0.0
2024-05-30 10:30:00-04:00,6.809999942779541,6.840000152587891,6.710000038146973,6.775000095367432,40457,0.0,0.0
2024-05-30 11:30:00-04:00,6.789999961853027,6.860000133514404,6.789999961853027,6.800000190734863,18985,0.0,0.0
2024-05-30 12:30:00-04:00,6.789999961853027,6.815000057220459,6.730000019073486,6.75,17991,0.0,0.0
2024-05-30 13:30:00-04:00,6.739999771118164,6.760000228881836,6.699999809265137,6.760000228881836,19029,0.0,0.0
2024-05-30 14:30:00-04:00,6.760000228881836,6.78000020980835,6.690000057220459,6.78000020980835,85007,0.0,0.0
2024-05-30 15:30:00-04:00,6.78000020980835,6.78000020980835,6.71999979019165,6.75,39327,0.0,0.0
2024-05-31 09:30:00-04:00,6.789999961853027,6.829999923706055,6.670000076293945,6.710000038146973,37729,0.0,0.0
2024-05-31 10:30:00-04:00,6.670000076293945,6.710000038146973,6.579999923706055,6.579999923706055,22690,0.0,0.0
2024-05-31 11:30:00-04:00,6.579999923706055,6.639999866485596,6.53000020980835,6.53000020980835,14611,0.0,0.0
2024-05-31 12:30:00-04:00,6.539999961853027,6.539999961853027,6.429999828338623,6.53000020980835,48889,0.0,0.0
2024-05-31 13:30:00-04:00,6.525000095367432,6.644999980926514,6.494999885559082,6.53000020980835,32201,0.0,0.0
2024-05-31 14:30:00-04:00,6.545000076293945,6.659999847412109,6.489999771118164,6.610000133514404,41148,0.0,0.0
2024-05-31 15:30:00-04:00,6.619999885559082,6.710000038146973,6.619999885559082,6.670000076293945,68303,0.0,0.0
2024-06-03 09:30:00-04:00,6.699999809265137,6.898900032043457,6.420000076293945,6.800000190734863,92016,0.0,0.0
2024-06-03 10:30:00-04:00,6.800000190734863,6.800000190734863,6.630000114440918,6.789999961853027,97809,0.0,0.0
2024-06-03 11:30:00-04:00,6.769999980926514,6.909999847412109,6.764999866485596,6.860000133514404,22990,0.0,0.0
2024-06-03 12:30:00-04:00,6.84499979019165,6.880000114440918,6.739999771118164,6.795000076293945,18916,0.0,0.0
2024-06-03 13:30:00-04:00,6.78000020980835,6.900000095367432,6.769999980926514,6.896699905395508,17990,0.0,0.0
2024-06-03 14:30:00-04:00,6.899499893188477,6.920000076293945,6.840000152587891,6.840000152587891,31291,0.0,0.0
2024-06-03 15:30:00-04:00,6.840000152587891,6.849999904632568,6.679999828338623,6.679999828338623,74170,0.0,0.0
2024-06-04 09:30:00-04:00,6.699999809265137,6.769999980926514,6.599999904632568,6.71999979019165,34881,0.0,0.0
2024-06-04 10:30:00-04:00,6.699999809265137,6.84499979019165,6.650000095367432,6.820000171661377,26286,0.0,0.0
2024-06-04 11:30:00-04:00,6.820000171661377,6.824999809265137,6.570000171661377,6.630000114440918,103797,0.0,0.0
2024-06-04 12:30:00-04:00,6.650000095367432,6.699999809265137,6.579999923706055,6.659999847412109,19652,0.0,0.0
2024-06-04 13:30:00-04:00,6.670000076293945,6.760000228881836,6.639999866485596,6.730000019073486,20908,0.0,0.0
2024-06-04 14:30:00-04:00,6.744999885559082,6.760000228881836,6.639999866485596,6.664999961853027,21314,0.0,0.0
2024-06-04 15:30:00-04:00,6.650000095367432,6.699999809265137,6.630000114440918,6.679999828338623,61646,0.0,0.0
2024-06-05 09:30:00-04:00,6.71999979019165,6.81850004196167,6.570000171661377,6.769999980926514,99180,0.0,0.0
2024-06-05 10:30:00-04:00,6.764999866485596,6.889999866485596,6.730000019073486,6.864999771118164,22684,0.0,0.0
2024-06-05 11:30:00-04:00,6.869999885559082,6.949999809265137,6.840000152587891,6.849999904632568,31851,0.0,0.0
2024-06-05 12:30:00-04:00,6.849999904632568,6.980000019073486,6.840000152587891,6.925000190734863,51226,0.0,0.0
2024-06-05 13:30:00-04:00,6.929999828338623,6.940000057220459,6.9120001792907715,6.921500205993652,33191,0.0,0.0
2024-06-05 14:30:00-04:00,6.929999828338623,6.929999828338623,6.829999923706055,6.840000152587891,36839,0.0,0.0
2024-06-05 15:30:00-04:00,6.8302001953125,6.889999866485596,6.829999923706055,6.829999923706055,49431,0.0,0.0
2024-06-06 09:30:00-04:00,6.820000171661377,6.949999809265137,6.789999961853027,6.800000190734863,31366,0.0,0.0
2024-06-06 10:30:00-04:00,6.849999904632568,6.864999771118164,6.769999980926514,6.78000020980835,10852,0.0,0.0
2024-06-06 11:30:00-04:00,6.78000020980835,6.78000020980835,6.650000095367432,6.659999847412109,13718,0.0,0.0
2024-06-06 12:30:00-04:00,6.660099983215332,6.730000019073486,6.650000095367432,6.724999904632568,12736,0.0,0.0
2024-06-06 13:30:00-04:00,6.71999979019165,6.809999942779541,6.710000038146973,6.78000020980835,26015,0.0,0.0
2024-06-06 14:30:00-04:00,6.789999961853027,6.829999923706055,6.760000228881836,6.789999961853027,35123,0.0,0.0
2024-06-06 15:30:00-04:00,6.789999961853027,6.840000152587891,6.789999961853027,6.789999961853027,55839,0.0,0.0
2024-06-07 09:30:00-04:00,6.619999885559082,6.699999809265137,6.400000095367432,6.54010009765625,110132,0.0,0.0
2024-06-07 10:30:00-04:00,6.559999942779541,6.559999942779541,6.360000133514404,6.440000057220459,32113,0.0,0.0
2024-06-07 11:30:00-04:00,6.449999809265137,6.456999778747559,6.269999980926514,6.34499979019165,25127,0.0,0.0
2024-06-07 12:30:00-04:00,6.349999904632568,6.349999904632568,6.269999980926514,6.269999980926514,24573,0.0,0.0
2024-06-07 13:30:00-04:00,6.264999866485596,6.300000190734863,6.220099925994873,6.289999961853027,24613,0.0,0.0
2024-06-07 14:30:00-04:00,6.28000020980835,6.369999885559082,6.239999771118164,6.369999885559082,26912,0.0,0.0
2024-06-07 15:30:00-04:00,6.369999885559082,6.380000114440918,6.300000190734863,6.320000171661377,77946,0.0,0.0
2024-06-10 09:30:00-04:00,6.329999923706055,6.355000019073486,6.090000152587891,6.235000133514404,55431,0.0,0.0
2024-06-10 10:30:00-04:00,6.25,6.329999923706055,6.21999979019165,6.300000190734863,44287,0.0,0.0
2024-06-10 11:30:00-04:00,6.289999961853027,6.400000095367432,6.289999961853027,6.364999771118164,31316,0.0,0.0
2024-06-10 12:30:00-04:00,6.369999885559082,6.429999828338623,6.309999942779541,6.409999847412109,29659,0.0,0.0
2024-06-10 13:30:00-04:00,6.409999847412109,6.429999828338623,6.320000171661377,6.360000133514404,32664,0.0,0.0
2024-06-10 14:30:00-04:00,6.360000133514404,6.519999980926514,6.360000133514404,6.514999866485596,43026,0.0,0.0
2024-06-10 15:30:00-04:00,6.519899845123291,6.53000020980835,6.440000057220459,6.465000152587891,66963,0.0,0.0
2024-06-11 09:30:00-04:00,6.440000057220459,6.449999809265137,6.332799911499023,6.429999828338623,23670,0.0,0.0
2024-06-11 10:30:00-04:00,6.429999828338623,6.489999771118164,6.429999828338623,6.465000152587891,12570,0.0,0.0
2024-06-11 11:30:00-04:00,6.445000171661377,6.480000019073486,6.440000057220459,6.46999979019165,9619,0.0,0.0
2024-06-11 12:30:00-04:00,6.480000019073486,6.489999771118164,6.460000038146973,6.480000019073486,8023,0.0,0.0
2024-06-11 13:30:00-04:00,6.449999809265137,6.519999980926514,6.449999809265137,6.5,14268,0.0,0.0
2024-06-11 14:30:00-04:00,6.5,6.53000020980835,6.420000076293945,6.5,85606,0.0,0.0
2024-06-11 15:30:00-04:00,6.485000133514404,6.539999961853027,6.46999979019165,6.539999961853027,51681,0.0,0.0
2024-06-12 09:30:00-04:00,6.679999828338623,6.934999942779541,6.559999942779541,6.934999942779541,80641,0.0,0.0
2024-06-12 10:30:00-04:00,6.940000057220459,7.019999980926514,6.829999923706055,7.019999980926514,77029,0.0,0.0
2024-06-12 11:30:00-04:00,7.010000228881836,7.039899826049805,6.980000019073486,7.0,30663,0.0,0.0
2024-06-12 12:30:00-04:00,6.989999771118164,6.989999771118164,6.889999866485596,6.889999866485596,27238,0.0,0.0
2024-06-12 13:30:00-04:00,6.869999885559082,6.920000076293945,6.840000152587891,6.880000114440918,29580,0.0,0.0
2024-06-12 14:30:00-04:00,6.860000133514404,6.880000114440918,6.800000190734863,6.815000057220459,68894,0.0,0.0
2024-06-12 15:30:00-04:00,6.800000190734863,6.804999828338623,6.730000019073486,6.769999980926514,86953,0.0,0.0
2024-06-13 09:30:00-04:00,6.769999980926514,6.869999885559082,6.699999809265137,6.730000019073486,25916,0.0,0.0
2024-06-13 10:30:00-04:00,6.7179999351501465,6.71999979019165,6.579999923706055,6.635000228881836,16481,0.0,0.0
2024-06-13 11:30:00-04:00,6.610000133514404,6.610000133514404,6.504799842834473,6.550000190734863,34135,0.0,0.0
2024-06-13 12:30:00-04:00,6.559999942779541,6.630000114440918,6.550000190734863,6.550000190734863,14736,0.0,0.0
2024-06-13 13:30:00-04:00,6.531000137329102,6.550000190734863,6.480000019073486,6.5,43518,0.0,0.0
2024-06-13 14:30:00-04:00,6.519999980926514,6.539999961853027,6.489999771118164,6.514999866485596,19838,0.0,0.0
2024-06-13 15:30:00-04:00,6.510000228881836,6.590000152587891,6.489999771118164,6.519999980926514,50412,0.0,0.0
2024-06-14 09:30:00-04:00,6.5,6.559999942779541,6.349999904632568,6.519999980926514,24259,0.0,0.0
2024-06-14 10:30:00-04:00,6.519000053405762,6.579999923706055,6.429999828338623,6.579999923706055,50048,0.0,0.0
2024-06-14 11:30:00-04:00,6.579999923706055,6.579999923706055,6.5,6.5,18445,0.0,0.0
2024-06-14 12:30:00-04:00,6.494999885559082,6.519999980926514,6.429999828338623,6.449999809265137,14031,0.0,0.0
2024-06-14 13:30:00-04:00,6.445000171661377,6.449999809265137,6.349999904632568,6.449999809265137,45154,0.0,0.0
2024-06-14 14:30:00-04:00,6.440000057220459,6.440000057220459,6.349999904632568,6.380000114440918,35247,0.0,0.0
2024-06-14 15:30:00-04:00,6.380000114440918,6.409999847412109,6.349999904632568,6.360000133514404,54450,0.0,0.0
2024-06-17 09:30:00-04:00,6.159999847412109,6.369999885559082,6.059999942779541,6.170000076293945,0,0.0,0.0
2024-06-17 10:30:00-04:00,6.184999942779541,6.260000228881836,6.139999866485596,6.179999828338623,62266,0.0,0.0
2024-06-17 11:30:00-04:00,6.159999847412109,6.170000076293945,6.03000020980835,6.039999961853027,46977,0.0,0.0
2024-06-17 12:30:00-04:00,6.059999942779541,6.150000095367432,6.019999980926514,6.150000095367432,50861,0.0,0.0
2024-06-17 13:30:00-04:00,6.150000095367432,6.190000057220459,6.119999885559082,6.15500020980835,55342,0.0,0.0
2024-06-17 14:30:00-04:00,6.15500020980835,6.159999847412109,6.045000076293945,6.045000076293945,75125,0.0,0.0
2024-06-17 15:30:00-04:00,6.039999961853027,6.050000190734863,5.929999828338623,5.929999828338623,154910,0.0,0.0
2024-06-18 09:30:00-04:00,5.860000133514404,5.920000076293945,5.789999961853027,5.920000076293945,73094,0.0,0.0
2024-06-18 10:30:00-04:00,5.920000076293945,5.929999828338623,5.849999904632568,5.889999866485596,45301,0.0,0.0
2024-06-18 11:30:00-04:00,5.889999866485596,5.96999979019165,5.889999866485596,5.889999866485596,35570,0.0,0.0
2024-06-18 12:30:00-04:00,5.89300012588501,5.929999828338623,5.860000133514404,5.860000133514404,37156,0.0,0.0
2024-06-18 13:30:00-04:00,5.860000133514404,5.860000133514404,5.769999980926514,5.78000020980835,35029,0.0,0.0
2024-06-18 14:30:00-04:00,5.78000020980835,5.820000171661377,5.739999771118164,5.804999828338623,64634,0.0,0.0
2024-06-18 15:30:00-04:00,5.804999828338623,5.849999904632568,5.804999828338623,5.809999942779541,116595,0.0,0.0
2024-06-20 09:30:00-04:00,5.809999942779541,5.860000133514404,5.664999961853027,5.760000228881836,79176,0.0,0.0
2024-06-20 10:30:00-04:00,5.745999813079834,5.745999813079834,5.510000228881836,5.519999980926514,61561,0.0,0.0
2024-06-20 11:30:00-04:00,5.53000020980835,5.670000076293945,5.53000020980835,5.650000095367432,66229,0.0,0.0
2024-06-20 12:30:00-04:00,5.650000095367432,5.679999828338623,5.579999923706055,5.610000133514404,61065,0.0,0.0
2024-06-20 13:30:00-04:00,5.619999885559082,5.619999885559082,5.519999980926514,5.599999904632568,49104,0.0,0.0
2024-06-20 14:30:00-04:00,5.610000133514404,5.639999866485596,5.579999923706055,5.579999923706055,272996,0.0,0.0
2024-06-20 15:30:00-04:00,5.590000152587891,5.639999866485596,5.570000171661377,5.599999904632568,64962,0.0,0.0
2024-06-21 09:30:00-04:00,5.539999961853027,5.639999866485596,5.519999980926514,5.561999797821045,58671,0.0,0.0
2024-06-21 10:30:00-04:00,5.570000171661377,5.650000095367432,5.559999942779541,5.570000171661377,41879,0.0,0.0
2024-06-21 11:30:00-04:00,5.570000171661377,5.570000171661377,5.519999980926514,5.53000020980835,50621,0.0,0.0
2024-06-21 12:30:00-04:00,5.53000020980835,5.607999801635742,5.510000228881836,5.579999923706055,45211,0.0,0.0
2024-06-21 13:30:00-04:00,5.570000171661377,5.619999885559082,5.570000171661377,5.610000133514404,29632,0.0,0.0
2024-06-21 14:30:00-04:00,5.617700099945068,5.710000038146973,5.559999942779541,5.710000038146973,128798,0.0,0.0
2024-06-21 15:30:00-04:00,5.690000057220459,5.690000057220459,5.630000114440918,5.664999961853027,64528,0.0,0.0
2024-06-24 09:30:00-04:00,5.650000095367432,5.670000076293945,5.46999979019165,5.46999979019165,66586,0.0,0.0
2024-06-24 10:30:00-04:00,5.449999809265137,5.525000095367432,5.409999847412109,5.5,65907,0.0,0.0
2024-06-24 11:30:00-04:00,5.5,5.519999980926514,5.409999847412109,5.494999885559082,71645,0.0,0.0
2024-06-24 12:30:00-04:00,5.480199813842773,5.53000020980835,5.440000057220459,5.519999980926514,78462,0.0,0.0
2024-06-24 13:30:00-04:00,5.510000228881836,5.590000152587891,5.510000228881836,5.590000152587891,34987,0.0,0.0
2024-06-24 14:30:00-04:00,5.590000152587891,5.619999885559082,5.559999942779541,5.579999923706055,42220,0.0,0.0
2024-06-24 15:30:00-04:00,5.572000026702881,5.630000114440918,5.550000190734863,5.579999923706055,73797,0.0,0.0
2024-06-25 09:30:00-04:00,5.690000057220459,5.744999885559082,5.489999771118164,5.730000019073486,0,0.0,0.0
2024-06-25 10:30:00-04:00,5.730000019073486,5.735000133514404,5.659999847412109,5.670000076293945,56408,0.0,0.0
2024-06-25 11:30:00-04:00,5.664999961853027,5.679999828338623,5.619999885559082,5.679999828338623,48574,0.0,0.0
2024-06-25 12:30:00-04:00,5.679999828338623,5.679999828338623,5.599999904632568,5.664999961853027,48319,0.0,0.0
2024-06-25 13:30:00-04:00,5.668900012969971,5.670000076293945,5.599999904632568,5.599999904632568,32430,0.0,0.0
2024-06-25 14:30:00-04:00,5.599999904632568,5.599999904632568,5.480000019073486,5.480000019073486,98492,0.0,0.0
2024-06-25 15:30:00-04:00,5.480000019073486,5.5,5.420000076293945,5.465000152587891,143572,0.0,0.0
2024-06-26 09:30:00-04:00,5.46999979019165,5.559999942779541,5.300000190734863,5.349999904632568,88004,0.0,0.0
2024-06-26 10:30:00-04:00,5.340000152587891,5.400000095367432,5.28000020980835,5.380000114440918,69009,0.0,0.0
2024-06-26 11:30:00-04:00,5.380000114440918,5.519999980926514,5.360000133514404,5.510000228881836,61513,0.0,0.0
2024-06-26 12:30:00-04:00,5.510000228881836,5.559999942779541,5.489999771118164,5.534999847412109,59153,0.0,0.0
2024-06-26 13:30:00-04:00,5.53000020980835,5.599999904632568,5.480000019073486,5.525000095367432,72453,0.0,0.0
2024-06-26 14:30:00-04:00,5.525000095367432,5.579999923706055,5.525000095367432,5.565000057220459,61857,0.0,0.0
2024-06-26 15:30:00-04:00,5.565000057220459,5.630000114440918,5.559999942779541,5.610000133514404,105598,0.0,0.0
2024-06-27 09:30:00-04:00,5.670000076293945,5.797999858856201,5.610000133514404,5.78000020980835,0,0.0,0.0
2024-06-27 10:30:00-04:00,5.75,5.769999980926514,5.650000095367432,5.650000095367432,46959,0.0,0.0
2024-06-27 11:30:00-04:00,5.650000095367432,5.690000057220459,5.650000095367432,5.650000095367432,37181,0.0,0.0
2024-06-27 12:30:00-04:00,5.650000095367432,5.65500020980835,5.539999961853027,5.579999923706055,54037,0.0,0.0
2024-06-27 13:30:00-04:00,5.570000171661377,5.639999866485596,5.559999942779541,5.630000114440918,54869,0.0,0.0
2024-06-27 14:30:00-04:00,5.630000114440918,5.71999979019165,5.630000114440918,5.690000057220459,58441,0.0,0.0
2024-06-27 15:30:00-04:00,5.692299842834473,5.730000019073486,5.630000114440918,5.715000152587891,101628,0.0,0.0
2024-06-28 09:30:00-04:00,5.71999979019165,5.800000190734863,5.630000114440918,5.679999828338623,35132,0.0,0.0
2024-06-28 10:30:00-04:00,5.681000232696533,5.769999980926514,5.610000133514404,5.769999980926514,45928,0.0,0.0
2024-06-28 11:30:00-04:00,5.769999980926514,5.769999980926514,5.699999809265137,5.739999771118164,55966,0.0,0.0
2024-06-28 12:30:00-04:00,5.75,5.835000038146973,5.75,5.760000228881836,91713,0.0,0.0
2024-06-28 13:30:00-04:00,5.760000228881836,5.769999980926514,5.670000076293945,5.730000019073486,71049,0.0,0.0
2024-06-28 14:30:00-04:00,5.738999843597412,5.739999771118164,5.699999809265137,5.71999979019165,76096,0.0,0.0
2024-06-28 15:30:00-04:00,5.730000019073486,5.860000133514404,5.715000152587891,5.75,274733,0.0,0.0
2024-07-01 09:30:00-04:00,5.670000076293945,5.75,5.53000020980835,5.570000171661377,149861,0.0,0.0
2024-07-01 10:30:00-04:00,5.576000213623047,5.639999866485596,5.510000228881836,5.53000020980835,128092,0.0,0.0
2024-07-01 11:30:00-04:00,5.539999961853027,5.539999961853027,5.485000133514404,5.4899001121521,77953,0.0,0.0
2024-07-01 12:30:00-04:00,5.480000019073486,5.53000020980835,5.46999979019165,5.525000095367432,50899,0.0,0.0
2024-07-01 13:30:00-04:00,5.519999980926514,5.710000038146973,5.519999980926514,5.699999809265137,264336,0.0,0.0
2024-07-01 14:30:00-04:00,5.690000057220459,5.744999885559082,5.659999847412109,5.659999847412109,142198,0.0,0.0
2024-07-01 15:30:00-04:00,5.650000095367432,5.739999771118164,5.635000228881836,5.71999979019165,130596,0.0,0.0
2024-07-02 09:30:00-04:00,5.710000038146973,6.0,5.619999885559082,5.986599922180176,137549,0.0,0.0
2024-07-02 10:30:00-04:00,5.9899001121521,6.050000190734863,5.940100193023682,6.019999980926514,56681,0.0,0.0
2024-07-02 11:30:00-04:00,6.019999980926514,6.025000095367432,5.909999847412109,5.96999979019165,98900,0.0,0.0
2024-07-02 12:30:00-04:00,5.960000038146973,5.985000133514404,5.929999828338623,5.96999979019165,44105,0.0,0.0
2024-07-02 13:30:00-04:00,5.975900173187256,5.980000019073486,5.93179988861084,5.96999979019165,73189,0.0,0.0
2024-07-02 14:30:00-04:00,5.96999979019165,5.96999979019165,5.869999885559082,5.934999942779541,166624,0.0,0.0
2024-07-02 15:30:00-04:00,5.940000057220459,5.945000171661377,5.760000228881836,5.78000020980835,224239,0.0,0.0
2024-07-03 09:30:00-04:00,5.929999828338623,6.199999809265137,5.670000076293945,6.170000076293945,188532,0.0,0.0
2024-07-03 10:30:00-04:00,6.170000076293945,6.170000076293945,5.949999809265137,5.960000038146973,127804,0.0,0.0
2024-07-03 11:30:00-04:00,5.960000038146973,6.0,5.940000057220459,5.974999904632568,52290,0.0,0.0
2024-07-05 09:30:00-04:00,5.849999904632568,5.980000019073486,5.840000152587891,5.920000076293945,86865,0.0,0.0
2024-07-05 10:30:00-04:00,5.910999774932861,5.920000076293945,5.760000228881836,5.809999942779541,58144,0.0,0.0
2024-07-05 11:30:00-04:00,5.821000099182129,5.821000099182129,5.769999980926514,5.809999942779541,22344,0.0,0.0
2024-07-05 12:30:00-04:00,5.820000171661377,5.840000152587891,5.789999961853027,5.840000152587891,66570,0.0,0.0
2024-07-05 13:30:00-04:00,5.829999923706055,5.880000114440918,5.824999809265137,5.864999771118164,100816,0.0,0.0
2024-07-05 14:30:00-04:00,5.869999885559082,5.869999885559082,5.835000038146973,5.84499979019165,67513,0.0,0.0
2024-07-05 15:30:00-04:00,5.849999904632568,5.860000133514404,5.75,5.820000171661377,171896,0.0,0.0
2024-07-08 09:30:00-04:00,5.880000114440918,6.072500228881836,5.730000019073486,6.019999980926514,78466,0.0,0.0
2024-07-08 10:30:00-04:00,6.0279998779296875,6.199999809265137,5.980000019073486,6.139999866485596,65995,0.0,0.0
2024-07-08 11:30:00-04:00,6.159200191497803,6.25,6.159200191497803,6.21999979019165,63124,0.0,0.0
2024-07-08 12:30:00-04:00,6.230000019073486,6.309999942779541,6.21999979019165,6.235000133514404,89491,0.0,0.0
2024-07-08 13:30:00-04:00,6.230000019073486,6.235000133514404,6.110000133514404,6.164999961853027,63544,0.0,0.0
2024-07-08 14:30:00-04:00,6.160099983215332,6.199999809265137,6.114999771118164,6.114999771118164,117044,0.0,0.0
2024-07-08 15:30:00-04:00,6.110000133514404,6.110000133514404,6.050000190734863,6.065000057220459,76250,0.0,0.0
2024-07-09 09:30:00-04:00,6.079999923706055,6.28000020980835,6.010000228881836,6.150000095367432,240265,0.0,0.0
2024-07-09 10:30:00-04:00,6.160999774932861,6.170000076293945,6.050000190734863,6.050000190734863,91959,0.0,0.0
2024-07-09 11:30:00-04:00,6.050000190734863,6.090000152587891,6.010000228881836,6.010000228881836,45323,0.0,0.0
2024-07-09 12:30:00-04:00,6.010000228881836,6.119999885559082,6.010000228881836,6.079999923706055,37210,0.0,0.0
2024-07-09 13:30:00-04:00,6.090000152587891,6.119999885559082,6.079999923706055,6.079999923706055,33749,0.0,0.0
2024-07-09 14:30:00-04:00,6.079999923706055,6.215000152587891,6.070000171661377,6.210000038146973,52839,0.0,0.0
2024-07-09 15:30:00-04:00,6.215000152587891,6.360000133514404,6.215000152587891,6.295000076293945,130887,0.0,0.0
2024-07-10 09:30:00-04:00,6.320000171661377,6.449999809265137,6.184999942779541,6.184999942779541,65855,0.0,0.0
2024-07-10 10:30:00-04:00,6.21999979019165,6.269999980926514,6.0100998878479,6.03000020980835,30713,0.0,0.0
2024-07-10 11:30:00-04:00,6.049900054931641,6.049900054931641,5.96999979019165,5.991000175476074,23449,0.0,0.0
2024-07-10 12:30:00-04:00,5.980000019073486,5.980000019073486,5.880000114440918,5.900000095367432,33024,0.0,0.0
2024-07-10 13:30:00-04:00,5.900000095367432,5.96999979019165,5.895999908447266,5.96999979019165,19664,0.0,0.0
2024-07-10 14:30:00-04:00,5.974999904632568,5.989799976348877,5.869999885559082,5.909999847412109,58315,0.0,0.0
2024-07-10 15:30:00-04:00,5.909999847412109,5.920000076293945,5.880000114440918,5.900000095367432,60586,0.0,0.0
2024-07-11 09:30:00-04:00,6.079999923706055,6.260000228881836,6.03000020980835,6.260000228881836,69103,0.0,0.0
2024-07-11 10:30:00-04:00,6.269999980926514,6.369999885559082,6.260000228881836,6.2895002365112305,46848,0.0,0.0
2024-07-11 11:30:00-04:00,6.275000095367432,6.400000095367432,6.269999980926514,6.400000095367432,34050,0.0,0.0
2024-07-11 12:30:00-04:00,6.400000095367432,6.489999771118164,6.369999885559082,6.409999847412109,52700,0.0,0.0
2024-07-11 13:30:00-04:00,6.409999847412109,6.429999828338623,6.335000038146973,6.35830020904541,35446,0.0,0.0
2024-07-11 14:30:00-04:00,6.360000133514404,6.400000095367432,6.340000152587891,6.400000095367432,27012,0.0,0.0
2024-07-11 15:30:00-04:00,6.420000076293945,6.590000152587891,6.406599998474121,6.579999923706055,142671,0.0,0.0
2024-07-12 09:30:00-04:00,6.570000171661377,6.630000114440918,6.425000190734863,6.590000152587891,128106,0.0,0.0
2024-07-12 10:30:00-04:00,6.590000152587891,6.630000114440918,6.389999866485596,6.480000019073486,35646,0.0,0.0
2024-07-12 11:30:00-04:00,6.494999885559082,6.5,6.400000095367432,6.449999809265137,27219,0.0,0.0
2024-07-12 12:30:00-04:00,6.449999809265137,6.510000228881836,6.440000057220459,6.480000019073486,28912,0.0,0.0
2024-07-12 13:30:00-04:00,6.460000038146973,6.46999979019165,6.400000095367432,6.460000038146973,21187,0.0,0.0
2024-07-12 14:30:00-04:00,6.460000038146973,6.599999904632568,6.440000057220459,6.570000171661377,53787,0.0,0.0
2024-07-12 15:30:00-04:00,6.559999942779541,6.590000152587891,6.519999980926514,6.545000076293945,74893,0.0,0.0
2024-07-15 09:30:00-04:00,6.460000038146973,6.590000152587891,6.429999828338623,6.559999942779541,47406,0.0,0.0
2024-07-15 10:30:00-04:00,6.570000171661377,6.639999866485596,6.5,6.599999904632568,31596,0.0,0.0
2024-07-15 11:30:00-04:00,6.599999904632568,6.78000020980835,6.579999923706055,6.71999979019165,71470,0.0,0.0
2024-07-15 12:30:00-04:00,6.71999979019165,6.71999979019165,6.670000076293945,6.710000038146973,23950,0.0,0.0
2024-07-15 13:30:00-04:00,6.699999809265137,6.775000095367432,6.699999809265137,6.744999885559082,34730,0.0,0.0
2024-07-15 14:30:00-04:00,6.75,6.929999828338623,6.739999771118164,6.929999828338623,81196,0.0,0.0
2024-07-15 15:30:00-04:00,6.920000076293945,6.929999828338623,6.840000152587891,6.889999866485596,91456,0.0,0.0
2024-07-16 09:30:00-04:00,6.900000095367432,7.229899883270264,6.840000152587891,7.150000095367432,119105,0.0,0.0
2024-07-16 10:30:00-04:00,7.110000133514404,7.146100044250488,7.050000190734863,7.125,50674,0.0,0.0
2024-07-16 11:30:00-04:00,7.125,7.125,6.909999847412109,6.9984002113342285,42132,0.0,0.0
2024-07-16 12:30:00-04:00,6.989999771118164,7.039999961853027,6.96999979019165,7.039999961853027,16049,0.0,0.0
2024-07-16 13:30:00-04:00,7.03000020980835,7.239999771118164,7.0,7.239999771118164,73414,0.0,0.0
2024-07-16 14:30:00-04:00,7.239999771118164,7.289999961853027,7.190000057220459,7.199999809265137,74978,0.0,0.0
2024-07-16 15:30:00-04:00,7.199999809265137,7.230000019073486,7.172999858856201,7.199999809265137,79318,0.0,0.0
2024-07-17 09:30:00-04:00,7.210000038146973,7.349999904632568,7.05019998550415,7.15500020980835,94169,0.0,0.0
2024-07-17 10:30:00-04:00,7.170000076293945,7.230000019073486,7.119999885559082,7.139999866485596,48691,0.0,0.0
2024-07-17 11:30:00-04:00,7.150000095367432,7.150000095367432,6.980000019073486,7.0,25616,0.0,0.0
2024-07-17 12:30:00-04:00,7.010000228881836,7.03000020980835,6.96999979019165,7.03000020980835,17836,0.0,0.0
2024-07-17 13:30:00-04:00,7.039000034332275,7.099999904632568,7.039000034332275,7.090000152587891,16026,0.0,0.0
2024-07-17 14:30:00-04:00,7.090000152587891,7.150000095367432,7.039999961853027,7.139999866485596,35199,0.0,0.0
2024-07-17 15:30:00-04:00,7.139999866485596,7.179999828338623,7.119999885559082,7.170000076293945,79215,0.0,0.0
2024-07-18 09:30:00-04:00,7.179999828338623,7.385000228881836,7.175000190734863,7.355000019073486,75346,0.0,0.0
2024-07-18 10:30:00-04:00,7.349999904632568,7.361000061035156,7.139999866485596,7.190000057220459,34148,0.0,0.0
2024-07-18 11:30:00-04:00,7.179999828338623,7.184999942779541,7.09499979019165,7.130000114440918,47279,0.0,0.0
2024-07-18 12:30:00-04:00,7.139999866485596,7.239999771118164,7.139999866485596,7.170000076293945,25139,0.0,0.0
2024-07-18 13:30:00-04:00,7.190000057220459,7.199999809265137,7.059999942779541,7.079999923706055,17397,0.0,0.0
2024-07-18 14:30:00-04:00,7.070000171661377,7.070000171661377,7.010000228881836,7.03000020980835,23104,0.0,0.0
2024-07-18 15:30:00-04:00,7.03000020980835,7.090000152587891,7.010000228881836,7.059999942779541,37769,0.0,0.0
2024-07-19 09:30:00-04:00,7.070000171661377,7.309999942779541,7.070000171661377,7.25,58592,0.0,0.0
2024-07-19 10:30:00-04:00,7.260000228881836,7.284999847412109,7.210000038146973,7.210000038146973,24804,0.0,0.0
2024-07-19 11:30:00-04:00,7.199999809265137,7.340000152587891,7.199999809265137,7.289999961853027,56403,0.0,0.0
2024-07-19 12:30:00-04:00,7.289999961853027,7.329999923706055,7.230000019073486,7.25,42359,0.0,0.0
2024-07-19 13:30:00-04:00,7.239999771118164,7.239999771118164,7.179999828338623,7.21999979019165,21177,0.0,0.0
2024-07-19 14:30:00-04:00,7.210000038146973,7.230000019073486,7.159999847412109,7.195000171661377,26057,0.0,0.0
2024-07-19 15:30:00-04:00,7.195000171661377,7.21999979019165,7.139999866485596,7.159999847412109,59430,0.0,0.0
2024-07-22 09:30:00-04:00,7.179999828338623,7.239999771118164,7.059999942779541,7.110000133514404,37780,0.0,0.0
2024-07-22 10:30:00-04:00,7.110000133514404,7.199999809265137,7.090000152587891,7.190000057220459,29706,0.0,0.0
2024-07-22 11:30:00-04:00,7.190000057220459,7.230000019073486,7.15500020980835,7.199999809265137,24287,0.0,0.0
2024-07-22 12:30:00-04:00,7.199999809265137,7.230000019073486,7.170000076293945,7.215000152587891,24629,0.0,0.0
2024-07-22 13:30:00-04:00,7.21999979019165,7.300000190734863,7.21999979019165,7.25,55635,0.0,0.0
2024-07-22 14:30:00-04:00,7.260000228881836,7.369999885559082,7.260000228881836,7.34499979019165,43857,0.0,0.0
2024-07-22 15:30:00-04:00,7.335000038146973,7.380000114440918,7.289999961853027,7.355000019073486,84847,0.0,0.0
2024-07-23 09:30:00-04:00,7.309999942779541,7.619999885559082,7.269999980926514,7.599999904632568,96412,0.0,0.0
2024-07-23 10:30:00-04:00,7.619999885559082,7.670000076293945,7.559999942779541,7.559999942779541,31949,0.0,0.0
2024-07-23 11:30:00-04:00,7.579999923706055,7.650000095367432,7.570000171661377,7.590000152587891,39567,0.0,0.0
2024-07-23 12:30:00-04:00,7.590000152587891,7.599999904632568,7.550000190734863,7.550000190734863,15084,0.0,0.0
2024-07-23 13:30:00-04:00,7.539999961853027,7.610000133514404,7.539999961853027,7.610000133514404,17749,0.0,0.0
2024-07-23 14:30:00-04:00,7.610000133514404,7.639999866485596,7.610000133514404,7.619999885559082,34151,0.0,0.0
2024-07-23 15:30:00-04:00,7.619999885559082,7.619999885559082,7.550000190734863,7.559999942779541,46476,0.0,0.0
2024-07-24 09:30:00-04:00,7.510000228881836,7.630000114440918,7.5,7.599999904632568,36297,0.0,0.0
2024-07-24 10:30:00-04:00,7.599999904632568,7.630000114440918,7.570000171661377,7.610000133514404,24613,0.0,0.0
2024-07-24 11:30:00-04:00,7.619999885559082,7.635000228881836,7.480000019073486,7.5279998779296875,57735,0.0,0.0
2024-07-24 12:30:00-04:00,7.539999961853027,7.539999961853027,7.467100143432617,7.480199813842773,20407,0.0,0.0
2024-07-24 13:30:00-04:00,7.489999771118164,7.590000152587891,7.480000019073486,7.570000171661377,23006,0.0,0.0
2024-07-24 14:30:00-04:00,7.559999942779541,7.559999942779541,7.480000019073486,7.510000228881836,31974,0.0,0.0
2024-07-24 15:30:00-04:00,7.501999855041504,7.559999942779541,7.460000038146973,7.460000038146973,63106,0.0,0.0
2024-07-25 09:30:00-04:00,7.440000057220459,7.545000076293945,7.26200008392334,7.519999980926514,30396,0.0,0.0
2024-07-25 10:30:00-04:00,7.519999980926514,7.570000171661377,7.46999979019165,7.519999980926514,29145,0.0,0.0
2024-07-25 11:30:00-04:00,7.519999980926514,7.529900074005127,7.46999979019165,7.519100189208984,29997,0.0,0.0
2024-07-25 12:30:00-04:00,7.507999897003174,7.629000186920166,7.507999897003174,7.559999942779541,45212,0.0,0.0
2024-07-25 13:30:00-04:00,7.550000190734863,7.589099884033203,7.539999961853027,7.539999961853027,15644,0.0,0.0
2024-07-25 14:30:00-04:00,7.559999942779541,7.570000171661377,7.46999979019165,7.519999980926514,33649,0.0,0.0
2024-07-25 15:30:00-04:00,7.53000020980835,7.53000020980835,7.440000057220459,7.460000038146973,33712,0.0,0.0
2024-07-26 09:30:00-04:00,7.590000152587891,7.590000152587891,7.454999923706055,7.454999923706055,27556,0.0,0.0
2024-07-26 10:30:00-04:00,7.440000057220459,7.440000057220459,7.320000171661377,7.364999771118164,30282,0.0,0.0
2024-07-26 11:30:00-04:00,7.369999885559082,7.420000076293945,7.352099895477295,7.414999961853027,10039,0.0,0.0
2024-07-26 12:30:00-04:00,7.400000095367432,7.429999828338623,7.389999866485596,7.420100212097168,8948,0.0,0.0
2024-07-26 13:30:00-04:00,7.448999881744385,7.460000038146973,7.409999847412109,7.440000057220459,10944,0.0,0.0
2024-07-26 14:30:00-04:00,7.46999979019165,7.494999885559082,7.440000057220459,7.489999771118164,15475,0.0,0.0
2024-07-26 15:30:00-04:00,7.489999771118164,7.5,7.460000038146973,7.46999979019165,37627,0.0,0.0
2024-07-29 09:30:00-04:00,7.5,7.550000190734863,7.400000095367432,7.46999979019165,67960,0.0,0.0
2024-07-29 10:30:00-04:00,7.480000019073486,7.480000019073486,7.378499984741211,7.378499984741211,17745,0.0,0.0
2024-07-29 11:30:00-04:00,7.369999885559082,7.434999942779541,7.369999885559082,7.409999847412109,12827,0.0,0.0
2024-07-29 12:30:00-04:00,7.420000076293945,7.429999828338623,7.340000152587891,7.340000152587891,15873,0.0,0.0
2024-07-29 13:30:00-04:00,7.335000038146973,7.340000152587891,7.28000020980835,7.304999828338623,35933,0.0,0.0
2024-07-29 14:30:00-04:00,7.309999942779541,7.329999923706055,7.2754998207092285,7.300000190734863,18829,0.0,0.0
2024-07-29 15:30:00-04:00,7.300000190734863,7.355000019073486,7.300000190734863,7.340000152587891,24634,0.0,0.0
2024-07-30 09:30:00-04:00,7.309999942779541,7.409999847412109,7.261000156402588,7.269999980926514,42956,0.0,0.0
2024-07-30 10:30:00-04:00,7.260000228881836,7.269999980926514,7.179999828338623,7.210000038146973,40436,0.0,0.0
2024-07-30 11:30:00-04:00,7.210000038146973,7.239999771118164,7.190000057220459,7.239999771118164,21636,0.0,0.0
2024-07-30 12:30:00-04:00,7.230000019073486,7.284999847412109,7.21999979019165,7.260000228881836,26442,0.0,0.0
2024-07-30 13:30:00-04:00,7.25,7.300000190734863,7.179999828338623,7.199999809265137,40841,0.0,0.0
2024-07-30 14:30:00-04:00,7.190000057220459,7.25,7.170000076293945,7.244999885559082,30510,0.0,0.0
2024-07-30 15:30:00-04:00,7.239999771118164,7.380000114440918,7.235000133514404,7.309999942779541,69246,0.0,0.0
2024-07-31 09:30:00-04:00,7.349999904632568,7.389999866485596,7.010000228881836,7.039999961853027,60653,0.0,0.0
2024-07-31 10:30:00-04:00,7.059999942779541,7.130000114440918,7.039999961853027,7.070000171661377,26027,0.0,0.0
2024-07-31 11:30:00-04:00,7.050000190734863,7.150000095367432,7.050000190734863,7.099999904632568,19848,0.0,0.0
2024-07-31 12:30:00-04:00,7.110000133514404,7.110000133514404,7.050000190734863,7.059999942779541,15946,0.0,0.0
2024-07-31 13:30:00-04:00,7.065000057220459,7.099999904632568,6.960000038146973,6.980000019073486,108032,0.0,0.0
2024-07-31 14:30:00-04:00,6.989999771118164,7.230000019073486,6.960000038146973,7.0,69581,0.0,0.0
2024-07-31 15:30:00-04:00,6.989999771118164,7.059899806976318,6.949999809265137,7.010000228881836,62411,0.0,0.0
2024-08-01 09:30:00-04:00,7.039999961853027,7.199999809265137,7.0,7.190000057220459,88448,0.0,0.0
2024-08-01 10:30:00-04:00,7.21999979019165,7.21999979019165,7.039999961853027,7.119999885559082,49451,0.0,0.0
2024-08-01 11:30:00-04:00,7.130000114440918,7.130000114440918,7.019999980926514,7.059999942779541,39500,0.0,0.0
2024-08-01 12:30:00-04:00,7.070000171661377,7.070000171661377,6.960000038146973,6.989999771118164,28973,0.0,0.0
2024-08-01 13:30:00-04:00,6.9822998046875,7.039999961853027,6.980000019073486,6.989999771118164,26925,0.0,0.0
2024-08-01 14:30:00-04:00,7.0,7.014999866485596,6.929999828338623,7.005000114440918,46445,0.0,0.0
2024-08-01 15:30:00-04:00,7.005000114440918,7.050000190734863,6.985000133514404,6.989999771118164,77880,0.0,0.0
2024-08-02 09:30:00-04:00,6.789999961853027,6.900700092315674,6.760000228881836,6.817999839782715,83482,0.0,0.0
2024-08-02 10:30:00-04:00,6.800000190734863,6.869999885559082,6.760000228881836,6.760000228881836,36276,0.0,0.0
2024-08-02 11:30:00-04:00,6.760000228881836,6.78000020980835,6.710000038146973,6.78000020980835,15577,0.0,0.0
2024-08-02 12:30:00-04:00,6.795000076293945,6.849999904632568,6.789899826049805,6.840000152587891,23226,0.0,0.0
2024-08-02 13:30:00-04:00,6.840000152587891,6.849999904632568,6.75,6.769999980926514,28356,0.0,0.0
2024-08-02 14:30:00-04:00,6.789999961853027,6.800000190734863,6.659999847412109,6.670000076293945,48535,0.0,0.0
2024-08-02 15:30:00-04:00,6.659999847412109,6.699999809265137,6.625,6.659999847412109,81474,0.0,0.0
