Datetime,Open,High,Low,Close,Volume,Dividends,Stock Splits
2022-08-04 09:30:00-04:00,17.25,18.915000915527344,16.657899856567383,18.829999923706055,0,0.0,0.0
2022-08-04 10:30:00-04:00,18.80500030517578,18.80500030517578,17.540000915527344,17.6299991607666,13947,0.0,0.0
2022-08-04 11:30:00-04:00,17.530000686645508,17.600000381469727,17.25,17.351299285888672,10525,0.0,0.0
2022-08-04 12:30:00-04:00,17.34000015258789,17.600000381469727,17.309999465942383,17.489999771118164,31834,0.0,0.0
2022-08-04 13:30:00-04:00,17.489999771118164,17.56999969482422,17.093900680541992,17.350000381469727,31736,0.0,0.0
2022-08-04 14:30:00-04:00,17.315000534057617,17.3799991607666,17.170000076293945,17.239999771118164,18136,0.0,0.0
2022-08-04 15:30:00-04:00,17.25,17.299999237060547,17.209999084472656,17.239999771118164,30623,0.0,0.0
2022-08-05 09:30:00-04:00,17.0,17.399999618530273,16.760000228881836,17.399999618530273,7153,0.0,0.0
2022-08-05 10:30:00-04:00,17.43000030517578,17.6200008392334,17.299999237060547,17.34000015258789,7461,0.0,0.0
2022-08-05 11:30:00-04:00,17.520000457763672,17.579999923706055,17.434999465942383,17.579999923706055,7003,0.0,0.0
2022-08-05 12:30:00-04:00,17.5,17.809999465942383,17.5,17.549999237060547,9025,0.0,0.0
2022-08-05 13:30:00-04:00,17.65999984741211,17.670000076293945,17.520000457763672,17.530000686645508,3903,0.0,0.0
2022-08-05 14:30:00-04:00,17.625,17.625,17.420000076293945,17.469999313354492,9661,0.0,0.0
2022-08-05 15:30:00-04:00,17.399999618530273,17.559999465942383,17.399999618530273,17.530000686645508,61105,0.0,0.0
2022-08-08 09:30:00-04:00,17.270000457763672,18.610000610351562,17.270000457763672,18.46500015258789,7045,0.0,0.0
2022-08-08 10:30:00-04:00,18.270000457763672,18.389999389648438,18.030000686645508,18.030000686645508,7201,0.0,0.0
2022-08-08 11:30:00-04:00,17.950000762939453,17.950000762939453,17.700000762939453,17.850000381469727,4706,0.0,0.0
2022-08-08 12:30:00-04:00,17.850000381469727,17.93000030517578,17.730100631713867,17.730100631713867,7372,0.0,0.0
2022-08-08 13:30:00-04:00,17.739999771118164,18.040000915527344,17.739999771118164,18.020000457763672,7577,0.0,0.0
2022-08-08 14:30:00-04:00,18.06999969482422,18.5049991607666,18.020000457763672,18.440000534057617,20103,0.0,0.0
2022-08-08 15:30:00-04:00,18.40999984741211,18.600000381469727,18.344999313354492,18.559999465942383,18147,0.0,0.0
2022-08-09 09:30:00-04:00,18.260000228881836,18.540000915527344,18.079999923706055,18.350000381469727,11695,0.0,0.0
2022-08-09 10:30:00-04:00,18.280000686645508,18.364999771118164,17.8799991607666,18.2450008392334,22505,0.0,0.0
2022-08-09 11:30:00-04:00,18.110000610351562,18.274999618530273,18.030000686645508,18.190000534057617,10813,0.0,0.0
2022-08-09 12:30:00-04:00,18.1200008392334,18.15999984741211,17.90999984741211,17.920000076293945,5044,0.0,0.0
2022-08-09 13:30:00-04:00,17.920000076293945,18.06999969482422,17.809999465942383,17.940000534057617,5619,0.0,0.0
2022-08-09 14:30:00-04:00,18.06999969482422,18.104999542236328,17.9950008392334,18.104999542236328,8602,0.0,0.0
2022-08-09 15:30:00-04:00,18.059999465942383,18.190000534057617,17.934999465942383,18.1299991607666,33027,0.0,0.0
2022-08-10 09:30:00-04:00,18.75,19.510000228881836,18.709999084472656,19.510000228881836,11064,0.0,0.0
2022-08-10 10:30:00-04:00,19.6200008392334,19.84000015258789,19.450000762939453,19.506000518798828,28093,0.0,0.0
2022-08-10 11:30:00-04:00,19.5,19.59000015258789,19.31999969482422,19.3799991607666,9698,0.0,0.0
2022-08-10 12:30:00-04:00,19.454999923706055,19.600000381469727,19.350000381469727,19.600000381469727,7011,0.0,0.0
2022-08-10 13:30:00-04:00,19.575000762939453,20.145000457763672,19.549999237060547,20.094999313354492,19188,0.0,0.0
2022-08-10 14:30:00-04:00,20.030000686645508,20.03499984741211,19.540000915527344,19.84000015258789,14286,0.0,0.0
2022-08-10 15:30:00-04:00,19.850000381469727,19.899999618530273,19.190000534057617,19.229999542236328,41128,0.0,0.0
2022-08-11 09:30:00-04:00,19.389999389648438,20.040000915527344,19.229999542236328,19.7549991607666,5164,0.0,0.0
2022-08-11 10:30:00-04:00,19.743000030517578,19.770000457763672,19.239999771118164,19.489999771118164,15340,0.0,0.0
2022-08-11 11:30:00-04:00,19.2549991607666,19.2549991607666,18.975000381469727,19.05500030517578,5822,0.0,0.0
2022-08-11 12:30:00-04:00,19.094999313354492,19.344999313354492,18.8799991607666,19.309999465942383,9400,0.0,0.0
2022-08-11 13:30:00-04:00,19.190000534057617,19.190000534057617,19.049999237060547,19.110000610351562,3023,0.0,0.0
2022-08-11 14:30:00-04:00,19.100000381469727,19.219999313354492,19.040000915527344,19.219999313354492,6487,0.0,0.0
2022-08-11 15:30:00-04:00,19.260000228881836,19.43000030517578,19.219999313354492,19.3700008392334,10351,0.0,0.0
2022-08-12 09:30:00-04:00,19.639999389648438,19.719999313354492,18.639999389648438,19.645000457763672,4481,0.0,0.0
2022-08-12 10:30:00-04:00,19.6200008392334,19.700000762939453,19.56999969482422,19.649999618530273,3247,0.0,0.0
2022-08-12 11:30:00-04:00,19.899999618530273,20.1200008392334,19.809999465942383,20.030000686645508,10217,0.0,0.0
2022-08-12 12:30:00-04:00,20.040000915527344,20.3700008392334,20.010000228881836,20.267499923706055,8977,0.0,0.0
2022-08-12 13:30:00-04:00,20.25,20.360000610351562,20.229999542236328,20.299999237060547,6096,0.0,0.0
2022-08-12 14:30:00-04:00,20.31999969482422,20.40999984741211,20.25,20.28499984741211,10126,0.0,0.0
2022-08-12 15:30:00-04:00,20.309999465942383,20.450000762939453,20.309999465942383,20.40999984741211,18653,0.0,0.0
2022-08-15 09:30:00-04:00,20.139999389648438,21.149999618530273,19.479999542236328,19.94499969482422,10802,0.0,0.0
2022-08-15 10:30:00-04:00,19.94499969482422,20.06999969482422,19.829999923706055,19.959999084472656,3346,0.0,0.0
2022-08-15 11:30:00-04:00,19.8799991607666,20.0,19.850000381469727,19.850000381469727,5992,0.0,0.0
2022-08-15 12:30:00-04:00,19.860000610351562,19.987199783325195,19.780099868774414,19.889999389648438,3634,0.0,0.0
2022-08-15 13:30:00-04:00,19.8700008392334,19.899999618530273,19.690000534057617,19.752500534057617,6907,0.0,0.0
2022-08-15 14:30:00-04:00,19.7549991607666,19.950000762939453,19.68000030517578,19.860000610351562,10369,0.0,0.0
2022-08-15 15:30:00-04:00,19.899999618530273,19.940000534057617,19.790000915527344,19.81999969482422,8461,0.0,0.0
2022-08-16 09:30:00-04:00,19.459999084472656,19.985000610351562,18.93000030517578,19.170000076293945,6654,0.0,0.0
2022-08-16 10:30:00-04:00,19.110000610351562,19.550800323486328,19.110000610351562,19.550800323486328,4321,0.0,0.0
2022-08-16 11:30:00-04:00,19.670000076293945,19.850000381469727,19.639999389648438,19.729999542236328,8550,0.0,0.0
2022-08-16 12:30:00-04:00,19.739999771118164,19.75,19.649999618530273,19.75,4222,0.0,0.0
2022-08-16 13:30:00-04:00,19.67449951171875,19.969999313354492,19.67449951171875,19.860000610351562,7021,0.0,0.0
2022-08-16 14:30:00-04:00,19.84000015258789,19.889999389648438,19.579999923706055,19.719999313354492,5283,0.0,0.0
2022-08-16 15:30:00-04:00,19.709999084472656,19.860000610351562,19.6742000579834,19.84000015258789,12947,0.0,0.0
2022-08-17 09:30:00-04:00,19.280000686645508,19.979999542236328,18.68000030517578,19.704999923706055,5605,0.0,0.0
2022-08-17 10:30:00-04:00,19.5,19.600000381469727,19.43000030517578,19.549999237060547,2954,0.0,0.0
2022-08-17 11:30:00-04:00,19.59000015258789,19.905000686645508,19.56999969482422,19.90329933166504,5115,0.0,0.0
2022-08-17 12:30:00-04:00,19.950000762939453,20.287700653076172,19.950000762939453,20.020000457763672,8349,0.0,0.0
2022-08-17 13:30:00-04:00,20.010000228881836,20.100000381469727,19.989999771118164,19.989999771118164,2215,0.0,0.0
2022-08-17 14:30:00-04:00,20.079999923706055,20.079999923706055,19.604999542236328,19.604999542236328,6649,0.0,0.0
2022-08-17 15:30:00-04:00,19.520000457763672,19.550100326538086,19.239999771118164,19.360000610351562,24120,0.0,0.0
2022-08-18 09:30:00-04:00,19.280000686645508,20.290000915527344,18.710100173950195,18.809999465942383,7681,0.0,0.0
2022-08-18 10:30:00-04:00,18.860000610351562,19.2549991607666,18.860000610351562,19.065000534057617,10785,0.0,0.0
2022-08-18 11:30:00-04:00,19.014999389648438,19.09000015258789,18.889999389648438,18.899999618530273,14023,0.0,0.0
2022-08-18 12:30:00-04:00,18.850000381469727,18.979999542236328,18.6200008392334,18.729999542236328,6707,0.0,0.0
2022-08-18 13:30:00-04:00,18.700000762939453,18.809999465942383,18.520000457763672,18.520000457763672,4682,0.0,0.0
2022-08-18 14:30:00-04:00,18.6299991607666,18.770000457763672,18.520000457763672,18.729999542236328,7365,0.0,0.0
2022-08-18 15:30:00-04:00,18.729999542236328,18.764999389648438,18.610000610351562,18.649999618530273,9336,0.0,0.0
2022-08-19 09:30:00-04:00,18.209999084472656,18.209999084472656,16.39430046081543,17.700000762939453,13440,0.0,0.0
2022-08-19 10:30:00-04:00,17.700000762939453,17.700000762939453,17.147199630737305,17.147199630737305,19389,0.0,0.0
2022-08-19 11:30:00-04:00,17.200000762939453,17.360000610351562,17.200000762939453,17.360000610351562,2264,0.0,0.0
2022-08-19 12:30:00-04:00,17.30500030517578,17.329999923706055,17.139999389648438,17.30500030517578,4501,0.0,0.0
2022-08-19 13:30:00-04:00,17.290000915527344,17.610000610351562,17.260000228881836,17.56999969482422,4303,0.0,0.0
2022-08-19 14:30:00-04:00,17.614999771118164,17.614999771118164,17.399999618530273,17.489999771118164,5786,0.0,0.0
2022-08-19 15:30:00-04:00,17.514999389648438,17.549999237060547,17.3700008392334,17.3700008392334,11699,0.0,0.0
2022-08-22 09:30:00-04:00,16.979999542236328,17.239999771118164,16.530000686645508,17.020000457763672,7860,0.0,0.0
2022-08-22 10:30:00-04:00,16.959999084472656,17.292499542236328,16.939699172973633,17.292499542236328,7071,0.0,0.0
2022-08-22 11:30:00-04:00,17.360000610351562,17.389999389648438,17.350000381469727,17.350000381469727,3598,0.0,0.0
2022-08-22 12:30:00-04:00,17.360000610351562,17.6200008392334,17.34000015258789,17.549999237060547,11553,0.0,0.0
2022-08-22 13:30:00-04:00,17.530000686645508,17.549999237060547,17.489999771118164,17.489999771118164,1561,0.0,0.0
2022-08-22 14:30:00-04:00,17.470199584960938,17.579999923706055,17.469999313354492,17.524999618530273,5655,0.0,0.0
2022-08-22 15:30:00-04:00,17.530000686645508,17.530000686645508,17.3799991607666,17.510000228881836,10042,0.0,0.0
2022-08-23 09:30:00-04:00,17.34000015258789,18.170000076293945,17.020000457763672,17.850000381469727,6422,0.0,0.0
2022-08-23 10:30:00-04:00,17.799999237060547,18.079999923706055,17.670000076293945,18.0,16486,0.0,0.0
2022-08-23 11:30:00-04:00,17.940000534057617,18.010000228881836,17.709999084472656,17.709999084472656,3724,0.0,0.0
2022-08-23 12:30:00-04:00,17.6299991607666,17.719999313354492,17.6200008392334,17.719999313354492,2051,0.0,0.0
2022-08-23 13:30:00-04:00,17.65999984741211,17.65999984741211,17.110000610351562,17.18000030517578,9163,0.0,0.0
2022-08-23 14:30:00-04:00,17.18000030517578,17.280000686645508,17.1299991607666,17.200000762939453,9860,0.0,0.0
2022-08-23 15:30:00-04:00,17.020000457763672,17.1200008392334,16.979999542236328,17.049999237060547,10188,0.0,0.0
2022-08-24 09:30:00-04:00,17.040000915527344,17.68000030517578,17.040000915527344,17.68000030517578,5359,0.0,0.0
2022-08-24 10:30:00-04:00,17.850000381469727,18.25,17.700000762939453,18.25,2763,0.0,0.0
2022-08-24 11:30:00-04:00,18.200000762939453,18.209999084472656,17.979999542236328,18.06999969482422,2344,0.0,0.0
2022-08-24 12:30:00-04:00,17.8799991607666,17.90999984741211,17.700000762939453,17.889999389648438,3657,0.0,0.0
2022-08-24 13:30:00-04:00,18.010000228881836,18.010000228881836,17.979999542236328,18.0,1768,0.0,0.0
2022-08-24 14:30:00-04:00,18.0,18.0,17.68000030517578,17.68000030517578,3935,0.0,0.0
2022-08-24 15:30:00-04:00,17.649999618530273,17.700000762939453,17.579999923706055,17.68000030517578,8157,0.0,0.0
2022-08-25 09:30:00-04:00,18.010000228881836,18.739999771118164,17.770000457763672,18.68000030517578,6580,0.0,0.0
2022-08-25 10:30:00-04:00,18.44420051574707,18.459999084472656,18.08340072631836,18.08340072631836,3415,0.0,0.0
2022-08-25 11:30:00-04:00,18.25,18.440000534057617,18.20330047607422,18.440000534057617,2797,0.0,0.0
2022-08-25 12:30:00-04:00,18.600000381469727,18.600000381469727,18.360000610351562,18.459999084472656,4741,0.0,0.0
2022-08-25 13:30:00-04:00,18.459999084472656,18.610000610351562,18.459999084472656,18.545000076293945,3345,0.0,0.0
2022-08-25 14:30:00-04:00,18.540000915527344,18.739999771118164,18.450000762939453,18.739999771118164,5572,0.0,0.0
2022-08-25 15:30:00-04:00,18.65999984741211,18.65999984741211,18.53499984741211,18.610000610351562,9812,0.0,0.0
2022-08-26 09:30:00-04:00,18.719999313354492,18.770000457763672,17.93000030517578,18.479999542236328,8216,0.0,0.0
2022-08-26 10:30:00-04:00,18.440000534057617,18.6299991607666,18.15999984741211,18.15999984741211,10562,0.0,0.0
2022-08-26 11:30:00-04:00,18.260000228881836,18.43000030517578,18.149999618530273,18.385000228881836,4270,0.0,0.0
2022-08-26 12:30:00-04:00,18.3700008392334,18.780000686645508,18.3700008392334,18.485000610351562,6947,0.0,0.0
2022-08-26 13:30:00-04:00,18.485000610351562,18.5,18.3799991607666,18.434999465942383,5384,0.0,0.0
2022-08-26 14:30:00-04:00,18.434999465942383,18.770000457763672,18.350000381469727,18.350000381469727,11434,0.0,0.0
2022-08-26 15:30:00-04:00,18.329999923706055,18.329999923706055,17.84000015258789,17.924999237060547,24408,0.0,0.0
2022-08-29 09:30:00-04:00,17.610000610351562,18.59000015258789,17.280000686645508,17.790000915527344,11955,0.0,0.0
2022-08-29 10:30:00-04:00,17.764999389648438,17.764999389648438,17.43000030517578,17.440000534057617,5621,0.0,0.0
2022-08-29 11:30:00-04:00,17.399999618530273,17.84000015258789,17.31999969482422,17.739999771118164,6750,0.0,0.0
2022-08-29 12:30:00-04:00,17.769399642944336,17.950000762939453,17.540000915527344,17.690000534057617,5617,0.0,0.0
2022-08-29 13:30:00-04:00,17.719999313354492,17.860000610351562,17.510000228881836,17.56999969482422,3603,0.0,0.0
2022-08-29 14:30:00-04:00,17.639999389648438,17.639999389648438,17.43000030517578,17.43000030517578,7496,0.0,0.0
2022-08-29 15:30:00-04:00,17.3799991607666,17.5,17.34000015258789,17.420000076293945,10910,0.0,0.0
2022-08-30 09:30:00-04:00,17.59000015258789,18.059999465942383,17.59000015258789,18.030000686645508,12025,0.0,0.0
2022-08-30 10:30:00-04:00,17.989999771118164,17.989999771118164,17.610000610351562,17.610000610351562,5952,0.0,0.0
2022-08-30 11:30:00-04:00,17.709999084472656,17.719999313354492,17.600000381469727,17.655000686645508,3778,0.0,0.0
2022-08-30 12:30:00-04:00,17.540000915527344,17.600000381469727,17.479999542236328,17.57200050354004,7224,0.0,0.0
2022-08-30 13:30:00-04:00,17.549999237060547,17.8700008392334,17.549999237060547,17.860000610351562,4749,0.0,0.0
2022-08-30 14:30:00-04:00,17.8700008392334,17.940000534057617,17.790000915527344,17.8799991607666,6588,0.0,0.0
2022-08-30 15:30:00-04:00,17.829999923706055,18.1200008392334,17.829999923706055,18.110000610351562,15405,0.0,0.0
2022-08-31 09:30:00-04:00,18.209999084472656,18.389999389648438,17.649999618530273,17.739999771118164,3035,0.0,0.0
2022-08-31 10:30:00-04:00,17.610000610351562,17.719999313354492,17.209999084472656,17.229999542236328,6590,0.0,0.0
2022-08-31 11:30:00-04:00,17.200000762939453,17.639999389648438,17.149999618530273,17.639999389648438,10475,0.0,0.0
2022-08-31 12:30:00-04:00,17.575000762939453,17.90999984741211,17.575000762939453,17.899999618530273,6587,0.0,0.0
2022-08-31 13:30:00-04:00,17.940000534057617,18.18000030517578,17.885000228881836,18.052900314331055,6099,0.0,0.0
2022-08-31 14:30:00-04:00,18.139999389648438,18.15999984741211,17.709999084472656,17.709999084472656,9302,0.0,0.0
2022-08-31 15:30:00-04:00,17.65999984741211,17.920000076293945,17.530000686645508,17.81999969482422,33649,0.0,0.0
2022-09-01 09:30:00-04:00,17.770000457763672,18.020000457763672,16.579999923706055,16.799999237060547,18075,0.0,0.0
2022-09-01 10:30:00-04:00,16.639999389648438,16.639999389648438,16.010000228881836,16.06879997253418,5964,0.0,0.0
2022-09-01 11:30:00-04:00,16.010000228881836,16.350000381469727,15.930000305175781,16.030000686645508,19190,0.0,0.0
2022-09-01 12:30:00-04:00,16.03499984741211,16.299999237060547,15.899999618530273,16.219999313354492,14204,0.0,0.0
2022-09-01 13:30:00-04:00,16.25,16.440000534057617,16.09000015258789,16.420000076293945,8885,0.0,0.0
2022-09-01 14:30:00-04:00,16.43000030517578,16.700000762939453,16.360000610351562,16.389999389648438,6347,0.0,0.0
2022-09-01 15:30:00-04:00,16.40999984741211,16.700000762939453,16.31999969482422,16.639999389648438,16552,0.0,0.0
2022-09-02 09:30:00-04:00,16.84000015258789,16.84000015258789,16.239999771118164,16.719999313354492,0,0.0,0.0
2022-09-02 10:30:00-04:00,16.950000762939453,16.969999313354492,16.81999969482422,16.969999313354492,3014,0.0,0.0
2022-09-02 11:30:00-04:00,16.8799991607666,16.920000076293945,16.799999237060547,16.799999237060547,2484,0.0,0.0
2022-09-02 12:30:00-04:00,16.670000076293945,16.69930076599121,16.31999969482422,16.415000915527344,6325,0.0,0.0
2022-09-02 13:30:00-04:00,16.450000762939453,16.68000030517578,16.329999923706055,16.68000030517578,5349,0.0,0.0
2022-09-02 14:30:00-04:00,16.729999542236328,16.809999465942383,16.600000381469727,16.770000457763672,9694,0.0,0.0
2022-09-02 15:30:00-04:00,16.649999618530273,16.770000457763672,16.549999237060547,16.6200008392334,21828,0.0,0.0
2022-09-06 09:30:00-04:00,16.670000076293945,16.670000076293945,16.280000686645508,16.34000015258789,11244,0.0,0.0
2022-09-06 10:30:00-04:00,16.440000534057617,16.780000686645508,16.434999465942383,16.7549991607666,13605,0.0,0.0
2022-09-06 11:30:00-04:00,16.75,16.950000762939453,16.709999084472656,16.739999771118164,14631,0.0,0.0
2022-09-06 12:30:00-04:00,16.579999923706055,16.579999923706055,16.299999237060547,16.309999465942383,13900,0.0,0.0
2022-09-06 13:30:00-04:00,16.3799991607666,16.420000076293945,16.079999923706055,16.079999923706055,3543,0.0,0.0
2022-09-06 14:30:00-04:00,16.040000915527344,16.110000610351562,15.75,16.110000610351562,12943,0.0,0.0
2022-09-06 15:30:00-04:00,15.90999984741211,16.06999969482422,15.90999984741211,15.979999542236328,8110,0.0,0.0
2022-09-07 09:30:00-04:00,15.779999732971191,16.459999084472656,15.600000381469727,15.6850004196167,23642,0.0,0.0
2022-09-07 10:30:00-04:00,15.779999732971191,15.819999694824219,15.680000305175781,15.78499984741211,6617,0.0,0.0
2022-09-07 11:30:00-04:00,15.744999885559082,16.049999237060547,15.699999809265137,15.755000114440918,9504,0.0,0.0
2022-09-07 12:30:00-04:00,15.755000114440918,15.949999809265137,15.755000114440918,15.779999732971191,5104,0.0,0.0
2022-09-07 13:30:00-04:00,15.770000457763672,16.15999984741211,15.770000457763672,16.149999618530273,12971,0.0,0.0
2022-09-07 14:30:00-04:00,16.149999618530273,16.350000381469727,16.1200008392334,16.309999465942383,9105,0.0,0.0
2022-09-07 15:30:00-04:00,16.315000534057617,16.499000549316406,16.225000381469727,16.440000534057617,22510,0.0,0.0
2022-09-08 09:30:00-04:00,16.219999313354492,16.489999771118164,16.059999465942383,16.139999389648438,10139,0.0,0.0
2022-09-08 10:30:00-04:00,16.360000610351562,16.959999084472656,16.329999923706055,16.959999084472656,20046,0.0,0.0
2022-09-08 11:30:00-04:00,17.010000228881836,17.010000228881836,16.430099487304688,16.510000228881836,25158,0.0,0.0
2022-09-08 12:30:00-04:00,16.5,16.799999237060547,16.479999542236328,16.780000686645508,8051,0.0,0.0
2022-09-08 13:30:00-04:00,16.889999389648438,17.03070068359375,16.559999465942383,16.59000015258789,11379,0.0,0.0
2022-09-08 14:30:00-04:00,16.61680030822754,16.969999313354492,16.540000915527344,16.739999771118164,17746,0.0,0.0
2022-09-08 15:30:00-04:00,16.850000381469727,16.979999542236328,16.790000915527344,16.790000915527344,15674,0.0,0.0
2022-09-09 09:30:00-04:00,17.0,17.469999313354492,17.0,17.06999969482422,7506,0.0,0.0
2022-09-09 10:30:00-04:00,17.059999465942383,17.253999710083008,17.049999237060547,17.049999237060547,1390,0.0,0.0
2022-09-09 11:30:00-04:00,17.100000381469727,17.290000915527344,17.100000381469727,17.200000762939453,13140,0.0,0.0
2022-09-09 13:30:00-04:00,17.274599075317383,17.274599075317383,17.010000228881836,17.010000228881836,2126,0.0,0.0
2022-09-09 14:30:00-04:00,17.079999923706055,17.09000015258789,17.0,17.040000915527344,4705,0.0,0.0
2022-09-09 15:30:00-04:00,17.049999237060547,17.11039924621582,17.049999237060547,17.110000610351562,5059,0.0,0.0
2022-09-12 09:30:00-04:00,17.1299991607666,17.322999954223633,16.809999465942383,17.040000915527344,11509,0.0,0.0
2022-09-12 10:30:00-04:00,17.040000915527344,17.06999969482422,16.360000610351562,16.719999313354492,19360,0.0,0.0
2022-09-12 11:30:00-04:00,16.729999542236328,16.729999542236328,16.614999771118164,16.614999771118164,1758,0.0,0.0
2022-09-12 12:30:00-04:00,16.719999313354492,17.0,16.700000762939453,16.989999771118164,18048,0.0,0.0
2022-09-12 13:30:00-04:00,16.864999771118164,17.049999237060547,16.864999771118164,17.0,2222,0.0,0.0
2022-09-12 14:30:00-04:00,17.06999969482422,17.34000015258789,17.06999969482422,17.329999923706055,3228,0.0,0.0
2022-09-12 15:30:00-04:00,17.3799991607666,17.389999389648438,17.260000228881836,17.270000457763672,7775,0.0,0.0
2022-09-13 09:30:00-04:00,16.600000381469727,16.90999984741211,16.5,16.90999984741211,0,0.0,0.0
2022-09-13 10:30:00-04:00,16.860000610351562,16.8700008392334,16.600000381469727,16.600000381469727,2320,0.0,0.0
2022-09-13 11:30:00-04:00,16.600000381469727,16.690000534057617,16.56999969482422,16.56999969482422,3547,0.0,0.0
2022-09-13 12:30:00-04:00,16.579999923706055,17.209999084472656,16.559999465942383,16.8799991607666,14516,0.0,0.0
2022-09-13 13:30:00-04:00,16.969999313354492,16.989999771118164,16.829999923706055,16.8799991607666,4009,0.0,0.0
2022-09-13 14:30:00-04:00,16.84000015258789,16.84000015258789,16.709999084472656,16.709999084472656,3503,0.0,0.0
2022-09-13 15:30:00-04:00,16.610000610351562,16.729999542236328,16.59000015258789,16.6299991607666,9024,0.0,0.0
2022-09-14 09:30:00-04:00,16.610000610351562,16.729999542236328,16.299999237060547,16.670000076293945,4643,0.0,0.0
2022-09-14 10:30:00-04:00,16.540000915527344,16.690000534057617,16.540000915527344,16.68000030517578,2324,0.0,0.0
2022-09-14 11:30:00-04:00,16.6200008392334,16.639999389648438,16.56999969482422,16.639999389648438,2769,0.0,0.0
2022-09-14 12:30:00-04:00,16.739999771118164,17.075000762939453,16.700000762939453,17.024999618530273,21426,0.0,0.0
2022-09-14 13:30:00-04:00,16.950000762939453,16.950000762939453,16.440000534057617,16.510000228881836,3765,0.0,0.0
2022-09-14 14:30:00-04:00,16.56999969482422,16.8799991607666,16.56999969482422,16.850000381469727,5016,0.0,0.0
2022-09-14 15:30:00-04:00,16.8700008392334,17.0,16.850000381469727,16.989999771118164,7829,0.0,0.0
2022-09-15 09:30:00-04:00,16.790000915527344,17.459999084472656,16.790000915527344,17.225000381469727,19497,0.0,0.0
2022-09-15 10:30:00-04:00,17.31999969482422,17.420000076293945,17.040000915527344,17.260000228881836,12828,0.0,0.0
2022-09-15 11:30:00-04:00,17.31999969482422,17.649900436401367,17.309999465942383,17.459999084472656,12042,0.0,0.0
2022-09-15 12:30:00-04:00,17.459999084472656,17.725000381469727,17.459999084472656,17.725000381469727,3571,0.0,0.0
2022-09-15 13:30:00-04:00,17.725000381469727,17.725000381469727,17.3799991607666,17.524999618530273,6511,0.0,0.0
2022-09-15 14:30:00-04:00,17.639999389648438,17.639999389648438,17.219999313354492,17.229999542236328,8751,0.0,0.0
2022-09-15 15:30:00-04:00,17.31999969482422,17.5,17.290000915527344,17.3700008392334,15871,0.0,0.0
2022-09-16 09:30:00-04:00,16.719999313354492,16.8799991607666,16.030000686645508,16.139999389648438,27486,0.0,0.0
2022-09-16 10:30:00-04:00,16.104999542236328,16.170000076293945,15.899999618530273,15.899999618530273,21206,0.0,0.0
2022-09-16 11:30:00-04:00,15.979999542236328,16.100000381469727,15.640000343322754,15.699999809265137,12900,0.0,0.0
2022-09-16 12:30:00-04:00,15.779999732971191,16.270000457763672,15.734100341796875,16.239999771118164,32494,0.0,0.0
2022-09-16 13:30:00-04:00,16.31999969482422,16.43000030517578,16.010000228881836,16.295000076293945,24474,0.0,0.0
2022-09-16 14:30:00-04:00,16.295000076293945,16.360000610351562,16.149999618530273,16.15999984741211,33156,0.0,0.0
2022-09-16 15:30:00-04:00,16.19499969482422,16.639999389648438,16.079999923706055,16.6200008392334,66893,0.0,0.0
2022-09-19 09:30:00-04:00,16.229999542236328,16.770000457763672,16.229999542236328,16.690000534057617,33365,0.0,0.0
2022-09-19 10:30:00-04:00,16.649999618530273,16.954999923706055,16.510000228881836,16.850000381469727,8920,0.0,0.0
2022-09-19 11:30:00-04:00,16.770000457763672,16.809999465942383,16.209999084472656,16.209999084472656,9842,0.0,0.0
2022-09-19 12:30:00-04:00,16.295000076293945,16.399999618530273,16.239999771118164,16.299999237060547,2844,0.0,0.0
2022-09-19 13:30:00-04:00,16.350000381469727,16.40999984741211,16.21500015258789,16.309999465942383,1936,0.0,0.0
2022-09-19 14:30:00-04:00,16.25,16.360000610351562,16.190000534057617,16.190000534057617,7948,0.0,0.0
2022-09-19 15:30:00-04:00,16.139999389648438,16.200000762939453,16.049999237060547,16.139999389648438,11962,0.0,0.0
2022-09-20 09:30:00-04:00,15.859999656677246,15.859999656677246,15.3100004196167,15.430000305175781,8579,0.0,0.0
2022-09-20 10:30:00-04:00,15.399999618530273,15.520000457763672,15.114999771118164,15.460000038146973,7584,0.0,0.0
2022-09-20 11:30:00-04:00,15.375,15.460000038146973,15.210000038146973,15.40999984741211,8153,0.0,0.0
2022-09-20 12:30:00-04:00,15.369999885559082,15.40999984741211,14.930000305175781,15.100000381469727,17707,0.0,0.0
2022-09-20 13:30:00-04:00,15.045000076293945,15.149900436401367,14.829999923706055,15.079999923706055,13114,0.0,0.0
2022-09-20 14:30:00-04:00,15.010000228881836,15.359999656677246,14.885000228881836,15.279999732971191,22834,0.0,0.0
2022-09-20 15:30:00-04:00,15.25,15.460000038146973,15.15999984741211,15.270000457763672,20332,0.0,0.0
2022-09-21 09:30:00-04:00,15.350000381469727,15.899999618530273,14.825400352478027,15.109999656677246,0,0.0,0.0
2022-09-21 10:30:00-04:00,15.0600004196167,15.270000457763672,14.994999885559082,14.994999885559082,3762,0.0,0.0
2022-09-21 11:30:00-04:00,15.149999618530273,15.149999618530273,14.930000305175781,15.0649995803833,2245,0.0,0.0
2022-09-21 12:30:00-04:00,15.020000457763672,15.039999961853027,14.84000015258789,15.020000457763672,2273,0.0,0.0
2022-09-21 13:30:00-04:00,15.039999961853027,15.104999542236328,14.350000381469727,14.569999694824219,32868,0.0,0.0
2022-09-21 14:30:00-04:00,14.630000114440918,15.229999542236328,14.604999542236328,14.930000305175781,22003,0.0,0.0
2022-09-21 15:30:00-04:00,14.949999809265137,15.010000228881836,14.59000015258789,14.640000343322754,16026,0.0,0.0
2022-09-22 09:30:00-04:00,14.6899995803833,14.72719955444336,14.109999656677246,14.363300323486328,8520,0.0,0.0
2022-09-22 10:30:00-04:00,14.3100004196167,14.390000343322754,13.9399995803833,14.03499984741211,13721,0.0,0.0
2022-09-22 11:30:00-04:00,14.069999694824219,14.225000381469727,14.069999694824219,14.170000076293945,6956,0.0,0.0
2022-09-22 12:30:00-04:00,14.25,14.40999984741211,14.170000076293945,14.1899995803833,5553,0.0,0.0
2022-09-22 13:30:00-04:00,14.15999984741211,14.237500190734863,14.114999771118164,14.210000038146973,6438,0.0,0.0
2022-09-22 14:30:00-04:00,14.270000457763672,14.3149995803833,14.168899536132812,14.3149995803833,4511,0.0,0.0
2022-09-22 15:30:00-04:00,14.270000457763672,14.430000305175781,14.229999542236328,14.350000381469727,11503,0.0,0.0
2022-09-23 09:30:00-04:00,14.039999961853027,14.329999923706055,13.529999732971191,14.0,24339,0.0,0.0
2022-09-23 10:30:00-04:00,14.0,14.237899780273438,13.920000076293945,14.09000015258789,18996,0.0,0.0
2022-09-23 11:30:00-04:00,13.970000267028809,14.082300186157227,13.770000457763672,13.789999961853027,18350,0.0,0.0
2022-09-23 12:30:00-04:00,13.84000015258789,14.029899597167969,13.800000190734863,13.899999618530273,25564,0.0,0.0
2022-09-23 13:30:00-04:00,13.899999618530273,14.149999618530273,13.75,13.789999961853027,18678,0.0,0.0
2022-09-23 14:30:00-04:00,13.800000190734863,13.919899940490723,13.770000457763672,13.800000190734863,19828,0.0,0.0
2022-09-23 15:30:00-04:00,13.805000305175781,13.930000305175781,13.760000228881836,13.770000457763672,55072,0.0,0.0
2022-09-26 09:30:00-04:00,13.859999656677246,14.770000457763672,13.800000190734863,13.800000190734863,29791,0.0,0.0
2022-09-26 10:30:00-04:00,13.770000457763672,13.770000457763672,13.120100021362305,13.180000305175781,30806,0.0,0.0
2022-09-26 11:30:00-04:00,13.210000038146973,13.279999732971191,13.100000381469727,13.109999656677246,23473,0.0,0.0
2022-09-26 12:30:00-04:00,13.100000381469727,13.279999732971191,13.079999923706055,13.175000190734863,6801,0.0,0.0
2022-09-26 13:30:00-04:00,13.279999732971191,13.460000038146973,13.279999732971191,13.300100326538086,18930,0.0,0.0
2022-09-26 14:30:00-04:00,13.279999732971191,13.399999618530273,13.265000343322754,13.300000190734863,5956,0.0,0.0
2022-09-26 15:30:00-04:00,13.300000190734863,13.350000381469727,13.25,13.28499984741211,14716,0.0,0.0
2022-09-27 09:30:00-04:00,13.630000114440918,13.869999885559082,13.3100004196167,13.369999885559082,14827,0.0,0.0
2022-09-27 10:30:00-04:00,13.40999984741211,13.631199836730957,13.34000015258789,13.34000015258789,13468,0.0,0.0
2022-09-27 11:30:00-04:00,13.385000228881836,13.385000228881836,12.899999618530273,13.225000381469727,16072,0.0,0.0
2022-09-27 12:30:00-04:00,13.1899995803833,13.34000015258789,13.1899995803833,13.34000015258789,2487,0.0,0.0
2022-09-27 13:30:00-04:00,13.345000267028809,13.369999885559082,12.989999771118164,13.239999771118164,21653,0.0,0.0
2022-09-27 14:30:00-04:00,13.246899604797363,13.489999771118164,13.246899604797363,13.40999984741211,5978,0.0,0.0
2022-09-27 15:30:00-04:00,13.40999984741211,13.710000038146973,13.359999656677246,13.675000190734863,25424,0.0,0.0
2022-09-28 09:30:00-04:00,13.510000228881836,13.970000267028809,13.260000228881836,13.899999618530273,10916,0.0,0.0
2022-09-28 10:30:00-04:00,13.899999618530273,14.09000015258789,13.859999656677246,14.069999694824219,4840,0.0,0.0
2022-09-28 11:30:00-04:00,14.199999809265137,14.569999694824219,14.199999809265137,14.3149995803833,7185,0.0,0.0
2022-09-28 12:30:00-04:00,14.239999771118164,14.350000381469727,14.09000015258789,14.319999694824219,14922,0.0,0.0
2022-09-28 13:30:00-04:00,14.269499778747559,14.460000038146973,14.15999984741211,14.395000457763672,3291,0.0,0.0
2022-09-28 14:30:00-04:00,14.4399995803833,14.5600004196167,14.240599632263184,14.520000457763672,5258,0.0,0.0
2022-09-28 15:30:00-04:00,14.479999542236328,14.539999961853027,14.420000076293945,14.470000267028809,11387,0.0,0.0
2022-09-29 09:30:00-04:00,14.039999961853027,14.34000015258789,13.760000228881836,13.899999618530273,5355,0.0,0.0
2022-09-29 10:30:00-04:00,13.774999618530273,13.869999885559082,13.704999923706055,13.704999923706055,2515,0.0,0.0
2022-09-29 11:30:00-04:00,13.800000190734863,14.0600004196167,13.800000190734863,13.880000114440918,2491,0.0,0.0
2022-09-29 12:30:00-04:00,13.949999809265137,13.960000038146973,13.819999694824219,13.819999694824219,2641,0.0,0.0
2022-09-29 13:30:00-04:00,13.819999694824219,13.819999694824219,13.619999885559082,13.774999618530273,5545,0.0,0.0
2022-09-29 14:30:00-04:00,13.729999542236328,14.024999618530273,13.729999542236328,13.829999923706055,4801,0.0,0.0
2022-09-29 15:30:00-04:00,13.869999885559082,14.119999885559082,13.859999656677246,14.0600004196167,11470,0.0,0.0
2022-09-30 09:30:00-04:00,13.800000190734863,14.239999771118164,13.609999656677246,14.119999885559082,28452,0.0,0.0
2022-09-30 10:30:00-04:00,14.229999542236328,14.4399995803833,14.210000038146973,14.239999771118164,5897,0.0,0.0
2022-09-30 11:30:00-04:00,14.333200454711914,14.369999885559082,13.949999809265137,14.020000457763672,8445,0.0,0.0
2022-09-30 12:30:00-04:00,13.989999771118164,14.180000305175781,13.9399995803833,14.09000015258789,6480,0.0,0.0
2022-09-30 13:30:00-04:00,14.140000343322754,14.199999809265137,13.8100004196167,13.8100004196167,10039,0.0,0.0
2022-09-30 14:30:00-04:00,13.869999885559082,13.970000267028809,13.65999984741211,13.680000305175781,7685,0.0,0.0
2022-09-30 15:30:00-04:00,13.65999984741211,13.710000038146973,13.520000457763672,13.550000190734863,15257,0.0,0.0
2022-10-03 09:30:00-04:00,13.84000015258789,13.84000015258789,13.319999694824219,13.539999961853027,4677,0.0,0.0
2022-10-03 10:30:00-04:00,13.520000457763672,13.740900039672852,13.520000457763672,13.740900039672852,5148,0.0,0.0
2022-10-03 11:30:00-04:00,13.739999771118164,13.739999771118164,13.59000015258789,13.640000343322754,5975,0.0,0.0
2022-10-03 12:30:00-04:00,13.595000267028809,13.75,13.579999923706055,13.75,6549,0.0,0.0
2022-10-03 13:30:00-04:00,13.662099838256836,13.789999961853027,13.600000381469727,13.789999961853027,7241,0.0,0.0
2022-10-03 14:30:00-04:00,13.760000228881836,13.859999656677246,13.760000228881836,13.760000228881836,4439,0.0,0.0
2022-10-03 15:30:00-04:00,13.720000267028809,13.760000228881836,13.630000114440918,13.640000343322754,12766,0.0,0.0
2022-10-04 09:30:00-04:00,13.989999771118164,14.869999885559082,13.989999771118164,14.319999694824219,11212,0.0,0.0
2022-10-04 10:30:00-04:00,14.300000190734863,14.65999984741211,14.300000190734863,14.649999618530273,15224,0.0,0.0
2022-10-04 11:30:00-04:00,14.670000076293945,14.789999961853027,14.479999542236328,14.479999542236328,15512,0.0,0.0
2022-10-04 12:30:00-04:00,14.529999732971191,14.609999656677246,14.3100004196167,14.329999923706055,12237,0.0,0.0
2022-10-04 13:30:00-04:00,14.430000305175781,14.524999618530273,14.354999542236328,14.40999984741211,3661,0.0,0.0
2022-10-04 14:30:00-04:00,14.420000076293945,14.595000267028809,14.420000076293945,14.489999771118164,11615,0.0,0.0
2022-10-04 15:30:00-04:00,14.529999732971191,14.529999732971191,14.449999809265137,14.489999771118164,8819,0.0,0.0
2022-10-05 09:30:00-04:00,14.270000457763672,14.720000267028809,14.130000114440918,14.130000114440918,4951,0.0,0.0
2022-10-05 10:30:00-04:00,14.13539981842041,14.149999618530273,14.13539981842041,14.145000457763672,941,0.0,0.0
2022-10-05 11:30:00-04:00,14.119999885559082,14.350000381469727,14.09000015258789,14.180000305175781,4446,0.0,0.0
2022-10-05 12:30:00-04:00,14.164999961853027,14.262900352478027,14.029999732971191,14.199999809265137,5354,0.0,0.0
2022-10-05 13:30:00-04:00,14.229599952697754,14.229599952697754,14.130000114440918,14.175000190734863,3425,0.0,0.0
2022-10-05 14:30:00-04:00,14.190999984741211,14.380000114440918,14.190999984741211,14.220000267028809,14051,0.0,0.0
2022-10-05 15:30:00-04:00,14.319999694824219,14.319999694824219,14.100000381469727,14.140000343322754,26780,0.0,0.0
2022-10-06 09:30:00-04:00,14.210000038146973,14.470000267028809,14.210000038146973,14.319999694824219,2698,0.0,0.0
2022-10-06 10:30:00-04:00,14.28499984741211,14.444999694824219,14.220000267028809,14.220000267028809,1500,0.0,0.0
2022-10-06 11:30:00-04:00,14.149999618530273,14.28499984741211,13.930000305175781,14.180000305175781,6597,0.0,0.0
2022-10-06 12:30:00-04:00,14.140000343322754,14.4399995803833,14.140000343322754,14.350000381469727,6242,0.0,0.0
2022-10-06 13:30:00-04:00,14.279999732971191,14.34000015258789,14.210000038146973,14.3100004196167,2948,0.0,0.0
2022-10-06 14:30:00-04:00,14.3100004196167,14.350000381469727,14.109999656677246,14.34000015258789,4521,0.0,0.0
2022-10-06 15:30:00-04:00,14.25,14.300000190734863,14.210000038146973,14.210000038146973,6669,0.0,0.0
2022-10-07 09:30:00-04:00,14.109999656677246,14.109999656677246,13.670000076293945,13.930000305175781,2790,0.0,0.0
2022-10-07 10:30:00-04:00,13.850000381469727,13.960000038146973,13.670000076293945,13.850000381469727,14203,0.0,0.0
2022-10-07 11:30:00-04:00,13.880000114440918,14.039999961853027,13.8100004196167,13.869999885559082,9515,0.0,0.0
2022-10-07 12:30:00-04:00,13.859999656677246,13.859999656677246,13.550000190734863,13.640000343322754,8619,0.0,0.0
2022-10-07 13:30:00-04:00,13.640000343322754,13.6899995803833,13.539999961853027,13.539999961853027,3015,0.0,0.0
2022-10-07 14:30:00-04:00,13.505000114440918,13.640000343322754,13.430000305175781,13.515000343322754,8931,0.0,0.0
2022-10-07 15:30:00-04:00,13.489999771118164,13.630000114440918,13.420000076293945,13.630000114440918,13894,0.0,0.0
2022-10-10 09:30:00-04:00,13.579999923706055,13.720000267028809,13.069999694824219,13.069999694824219,3005,0.0,0.0
2022-10-10 10:30:00-04:00,13.069999694824219,13.25,12.965299606323242,13.229999542236328,10224,0.0,0.0
2022-10-10 11:30:00-04:00,13.239999771118164,13.380000114440918,13.164999961853027,13.164999961853027,2435,0.0,0.0
2022-10-10 12:30:00-04:00,13.095000267028809,13.199999809265137,12.949999809265137,13.020000457763672,11055,0.0,0.0
2022-10-10 13:30:00-04:00,13.079999923706055,13.501700401306152,13.069999694824219,13.260000228881836,6183,0.0,0.0
2022-10-10 14:30:00-04:00,13.3100004196167,13.350000381469727,13.15999984741211,13.210000038146973,2887,0.0,0.0
2022-10-10 15:30:00-04:00,13.210000038146973,13.260000228881836,13.121000289916992,13.140000343322754,10453,0.0,0.0
2022-10-11 09:30:00-04:00,13.010000228881836,13.479999542236328,12.5,12.525699615478516,9906,0.0,0.0
2022-10-11 10:30:00-04:00,12.554699897766113,13.100000381469727,12.554699897766113,13.045000076293945,22814,0.0,0.0
2022-10-11 11:30:00-04:00,13.164999961853027,13.449999809265137,13.164999961853027,13.369999885559082,7800,0.0,0.0
2022-10-11 12:30:00-04:00,13.399999618530273,13.574999809265137,13.329999923706055,13.350000381469727,5573,0.0,0.0
2022-10-11 13:30:00-04:00,13.390000343322754,13.399999618530273,13.229999542236328,13.375,3200,0.0,0.0
2022-10-11 14:30:00-04:00,13.359999656677246,13.369999885559082,13.01099967956543,13.09000015258789,8246,0.0,0.0
2022-10-11 15:30:00-04:00,13.09000015258789,13.220000267028809,13.09000015258789,13.180000305175781,13381,0.0,0.0
2022-10-12 09:30:00-04:00,13.130000114440918,13.279999732971191,12.630000114440918,12.880000114440918,7925,0.0,0.0
2022-10-12 10:30:00-04:00,12.795000076293945,13.0,12.699999809265137,12.859999656677246,8208,0.0,0.0
2022-10-12 11:30:00-04:00,12.960000038146973,13.045999526977539,12.819999694824219,12.850000381469727,10160,0.0,0.0
2022-10-12 12:30:00-04:00,12.869999885559082,12.970000267028809,12.819999694824219,12.920000076293945,4950,0.0,0.0
2022-10-12 13:30:00-04:00,12.880000114440918,13.069999694824219,12.850000381469727,13.069999694824219,7912,0.0,0.0
2022-10-12 14:30:00-04:00,13.069999694824219,13.069999694824219,12.859999656677246,12.989999771118164,6920,0.0,0.0
2022-10-12 15:30:00-04:00,12.979999542236328,13.020000457763672,12.90999984741211,12.970000267028809,9857,0.0,0.0
2022-10-13 09:30:00-04:00,12.640000343322754,12.949999809265137,12.449999809265137,12.779999732971191,8439,0.0,0.0
2022-10-13 10:30:00-04:00,12.729999542236328,13.329999923706055,12.720000267028809,13.149999618530273,0,0.0,0.0
2022-10-13 11:30:00-04:00,13.109999656677246,13.329999923706055,12.979999542236328,12.979999542236328,20205,0.0,0.0
2022-10-13 12:30:00-04:00,12.970000267028809,13.4399995803833,12.970000267028809,13.430000305175781,6804,0.0,0.0
2022-10-13 13:30:00-04:00,13.430000305175781,13.430000305175781,13.149999618530273,13.149999618530273,6114,0.0,0.0
2022-10-13 14:30:00-04:00,13.199999809265137,13.369999885559082,13.199999809265137,13.3100004196167,4218,0.0,0.0
2022-10-13 15:30:00-04:00,13.329999923706055,13.550000190734863,13.3100004196167,13.550000190734863,11996,0.0,0.0
2022-10-14 09:30:00-04:00,13.630000114440918,13.800000190734863,13.199999809265137,13.199999809265137,7795,0.0,0.0
2022-10-14 10:30:00-04:00,13.180000305175781,13.300000190734863,13.015800476074219,13.100000381469727,3656,0.0,0.0
2022-10-14 11:30:00-04:00,13.208999633789062,13.3100004196167,12.970000267028809,13.3100004196167,4929,0.0,0.0
2022-10-14 12:30:00-04:00,13.350000381469727,13.350000381469727,13.050100326538086,13.114999771118164,3430,0.0,0.0
2022-10-14 13:30:00-04:00,13.157299995422363,13.289999961853027,13.140000343322754,13.15999984741211,8992,0.0,0.0
2022-10-14 14:30:00-04:00,13.140000343322754,13.270000457763672,13.109999656677246,13.199999809265137,4397,0.0,0.0
2022-10-14 15:30:00-04:00,13.25,13.259900093078613,13.109999656677246,13.140000343322754,8072,0.0,0.0
2022-10-17 09:30:00-04:00,13.760000228881836,14.154399871826172,13.699999809265137,13.960000038146973,5457,0.0,0.0
2022-10-17 10:30:00-04:00,14.045000076293945,14.364999771118164,14.045000076293945,14.359999656677246,4140,0.0,0.0
2022-10-17 11:30:00-04:00,14.34000015258789,14.430000305175781,14.270000457763672,14.350000381469727,8200,0.0,0.0
2022-10-17 12:30:00-04:00,14.34000015258789,14.34000015258789,13.9399995803833,14.03499984741211,15603,0.0,0.0
2022-10-17 13:30:00-04:00,14.03499984741211,14.09000015258789,13.899999618530273,13.9399995803833,6402,0.0,0.0
2022-10-17 14:30:00-04:00,13.930000305175781,14.0,13.880000114440918,13.989999771118164,15386,0.0,0.0
2022-10-17 15:30:00-04:00,14.0,14.0600004196167,13.930000305175781,14.015000343322754,13554,0.0,0.0
2022-10-18 09:30:00-04:00,14.359999656677246,14.979999542236328,14.289999961853027,14.289999961853027,5119,0.0,0.0
2022-10-18 10:30:00-04:00,14.119999885559082,14.154999732971191,13.979999542236328,14.069999694824219,2144,0.0,0.0
2022-10-18 11:30:00-04:00,14.100000381469727,14.430000305175781,14.100000381469727,14.430000305175781,6586,0.0,0.0
2022-10-18 12:30:00-04:00,14.470000267028809,14.470000267028809,14.380000114440918,14.425000190734863,2776,0.0,0.0
2022-10-18 13:30:00-04:00,14.420000076293945,14.5,14.420000076293945,14.470000267028809,2165,0.0,0.0
2022-10-18 14:30:00-04:00,14.380000114440918,14.5,14.380000114440918,14.4399995803833,6772,0.0,0.0
2022-10-18 15:30:00-04:00,14.5,14.8100004196167,14.449999809265137,14.75,16332,0.0,0.0
2022-10-19 09:30:00-04:00,14.430000305175781,14.880000114440918,14.239999771118164,14.859999656677246,6564,0.0,0.0
2022-10-19 10:30:00-04:00,14.8100004196167,14.824999809265137,14.430000305175781,14.59000015258789,7166,0.0,0.0
2022-10-19 11:30:00-04:00,14.460000038146973,14.572600364685059,14.300000190734863,14.475000381469727,5454,0.0,0.0
2022-10-19 12:30:00-04:00,14.390000343322754,14.5,14.210000038146973,14.270000457763672,4177,0.0,0.0
2022-10-19 13:30:00-04:00,14.369999885559082,14.550000190734863,14.289999961853027,14.470000267028809,7842,0.0,0.0
2022-10-19 14:30:00-04:00,14.420000076293945,14.520000457763672,14.220100402832031,14.4399995803833,5858,0.0,0.0
2022-10-19 15:30:00-04:00,14.460000038146973,14.9399995803833,14.454999923706055,14.890000343322754,27735,0.0,0.0
2022-10-20 09:30:00-04:00,14.819999694824219,16.299999237060547,14.550000190734863,15.875,18678,0.0,0.0
2022-10-20 10:30:00-04:00,15.869999885559082,16.405000686645508,15.699999809265137,16.170000076293945,28872,0.0,0.0
2022-10-20 11:30:00-04:00,16.239999771118164,16.670000076293945,15.420000076293945,15.539999961853027,24047,0.0,0.0
2022-10-20 12:30:00-04:00,15.550000190734863,15.960000038146973,15.52400016784668,15.960000038146973,14974,0.0,0.0
2022-10-20 13:30:00-04:00,15.949999809265137,16.469999313354492,15.800000190734863,15.800000190734863,14999,0.0,0.0
2022-10-20 14:30:00-04:00,15.890000343322754,15.970000267028809,15.680000305175781,15.680000305175781,29387,0.0,0.0
2022-10-20 15:30:00-04:00,15.645000457763672,15.9399995803833,15.555000305175781,15.829999923706055,39185,0.0,0.0
2022-10-21 09:30:00-04:00,15.729999542236328,16.299999237060547,15.5,16.25,17690,0.0,0.0
2022-10-21 10:30:00-04:00,16.040000915527344,16.040000915527344,15.6899995803833,15.920000076293945,19948,0.0,0.0
2022-10-21 11:30:00-04:00,15.885000228881836,16.079999923706055,15.779999732971191,15.888500213623047,22675,0.0,0.0
2022-10-21 12:30:00-04:00,15.800000190734863,16.0,15.672499656677246,15.699999809265137,10817,0.0,0.0
2022-10-21 13:30:00-04:00,15.670000076293945,15.670000076293945,15.3100004196167,15.390000343322754,23249,0.0,0.0
2022-10-21 14:30:00-04:00,15.380000114440918,15.65999984741211,15.350000381469727,15.5,9326,0.0,0.0
2022-10-21 15:30:00-04:00,15.510000228881836,15.680000305175781,15.510000228881836,15.670000076293945,23279,0.0,0.0
2022-10-24 09:30:00-04:00,15.34000015258789,15.344499588012695,14.960000038146973,15.06190013885498,7529,0.0,0.0
2022-10-24 10:30:00-04:00,14.851799964904785,15.289999961853027,14.851799964904785,15.147000312805176,6545,0.0,0.0
2022-10-24 11:30:00-04:00,15.260000228881836,15.449999809265137,15.210000038146973,15.449999809265137,5365,0.0,0.0
2022-10-24 12:30:00-04:00,15.40999984741211,15.414999961853027,15.390000343322754,15.404999732971191,1431,0.0,0.0
2022-10-24 13:30:00-04:00,15.100000381469727,15.239999771118164,15.100000381469727,15.239999771118164,1788,0.0,0.0
2022-10-24 14:30:00-04:00,15.34000015258789,15.34000015258789,15.210000038146973,15.210000038146973,2669,0.0,0.0
2022-10-24 15:30:00-04:00,15.255000114440918,15.369999885559082,15.220000267028809,15.350000381469727,10427,0.0,0.0
2022-10-25 09:30:00-04:00,15.319999694824219,16.109899520874023,14.640000343322754,16.045000076293945,13992,0.0,0.0
2022-10-25 10:30:00-04:00,16.059999465942383,16.270000457763672,16.059999465942383,16.219999313354492,6230,0.0,0.0
2022-10-25 11:30:00-04:00,16.135799407958984,16.18000030517578,15.850000381469727,16.061100006103516,6658,0.0,0.0
2022-10-25 12:30:00-04:00,15.819999694824219,15.859999656677246,15.699999809265137,15.710100173950195,7652,0.0,0.0
2022-10-25 13:30:00-04:00,15.710000038146973,15.930000305175781,15.710000038146973,15.8100004196167,11110,0.0,0.0
2022-10-25 14:30:00-04:00,15.739999771118164,15.850000381469727,15.720000267028809,15.8149995803833,8150,0.0,0.0
2022-10-25 15:30:00-04:00,15.850000381469727,15.850000381469727,15.600000381469727,15.670000076293945,24372,0.0,0.0
2022-10-26 09:30:00-04:00,15.640000343322754,15.800000190734863,15.020000457763672,15.489999771118164,12890,0.0,0.0
2022-10-26 10:30:00-04:00,15.63539981842041,16.389999389648438,15.63539981842041,16.219999313354492,22590,0.0,0.0
2022-10-26 11:30:00-04:00,16.15559959411621,16.280000686645508,16.075000762939453,16.209999084472656,8323,0.0,0.0
2022-10-26 12:30:00-04:00,16.149999618530273,16.170000076293945,15.569999694824219,15.800000190734863,11906,0.0,0.0
2022-10-26 13:30:00-04:00,15.670000076293945,15.949999809265137,15.569999694824219,15.699999809265137,8794,0.0,0.0
2022-10-26 14:30:00-04:00,15.710000038146973,15.739999771118164,15.600000381469727,15.619999885559082,7482,0.0,0.0
2022-10-26 15:30:00-04:00,15.609999656677246,15.680000305175781,15.460000038146973,15.520000457763672,14646,0.0,0.0
2022-10-27 09:30:00-04:00,15.699999809265137,15.800000190734863,15.199999809265137,15.40999984741211,9072,0.0,0.0
2022-10-27 10:30:00-04:00,15.489999771118164,15.640000343322754,15.199999809265137,15.359999656677246,10562,0.0,0.0
2022-10-27 11:30:00-04:00,15.276900291442871,15.276900291442871,15.1899995803833,15.199999809265137,1801,0.0,0.0
2022-10-27 12:30:00-04:00,15.229999542236328,15.539999961853027,15.229999542236328,15.529999732971191,1948,0.0,0.0
2022-10-27 13:30:00-04:00,15.390000343322754,15.489999771118164,15.390000343322754,15.449999809265137,2619,0.0,0.0
2022-10-27 14:30:00-04:00,15.529999732971191,15.529999732971191,15.204999923706055,15.204999923706055,4288,0.0,0.0
2022-10-27 15:30:00-04:00,15.3100004196167,15.350000381469727,15.1850004196167,15.1899995803833,8687,0.0,0.0
2022-10-28 09:30:00-04:00,15.229999542236328,15.460000038146973,15.010000228881836,15.1899995803833,6810,0.0,0.0
2022-10-28 10:30:00-04:00,15.390000343322754,15.510000228881836,15.260000228881836,15.34000015258789,7560,0.0,0.0
2022-10-28 11:30:00-04:00,15.404999732971191,15.585000038146973,15.380000114440918,15.550000190734863,13932,0.0,0.0
2022-10-28 12:30:00-04:00,15.510000228881836,15.645000457763672,15.5,15.550000190734863,18525,0.0,0.0
2022-10-28 13:30:00-04:00,15.505000114440918,15.579999923706055,15.489999771118164,15.579999923706055,3516,0.0,0.0
2022-10-28 14:30:00-04:00,15.604999542236328,15.909899711608887,15.579999923706055,15.670000076293945,32728,0.0,0.0
2022-10-28 15:30:00-04:00,15.569999694824219,16.05500030517578,15.569999694824219,15.989999771118164,11225,0.0,0.0
2022-10-31 09:30:00-04:00,15.859999656677246,16.200000762939453,15.859999656677246,16.149999618530273,3357,0.0,0.0
2022-10-31 10:30:00-04:00,16.030000686645508,16.03619956970215,15.890700340270996,15.920000076293945,2451,0.0,0.0
2022-10-31 11:30:00-04:00,16.149999618530273,16.534099578857422,16.149999618530273,16.534099578857422,2031,0.0,0.0
2022-10-31 12:30:00-04:00,16.520000457763672,16.520000457763672,16.31999969482422,16.31999969482422,6205,0.0,0.0
2022-10-31 13:30:00-04:00,16.25,16.290000915527344,16.190000534057617,16.209999084472656,3068,0.0,0.0
2022-10-31 14:30:00-04:00,16.190000534057617,16.309999465942383,16.020000457763672,16.239999771118164,6513,0.0,0.0
2022-10-31 15:30:00-04:00,16.229999542236328,16.389999389648438,16.145000457763672,16.34000015258789,19359,0.0,0.0
2022-11-01 09:30:00-04:00,16.549999237060547,16.918100357055664,16.290000915527344,16.5,15673,0.0,0.0
2022-11-01 10:30:00-04:00,16.3700008392334,16.424999237060547,16.100000381469727,16.1200008392334,6593,0.0,0.0
2022-11-01 11:30:00-04:00,16.1299991607666,16.329999923706055,16.1299991607666,16.209999084472656,6669,0.0,0.0
2022-11-01 12:30:00-04:00,16.200000762939453,16.360000610351562,16.100000381469727,16.34000015258789,10635,0.0,0.0
2022-11-01 13:30:00-04:00,16.399999618530273,16.860000610351562,16.3799991607666,16.834999084472656,14578,0.0,0.0
2022-11-01 14:30:00-04:00,16.834999084472656,16.834999084472656,16.399999618530273,16.65999984741211,18806,0.0,0.0
2022-11-01 15:30:00-04:00,16.655000686645508,16.674999237060547,16.350000381469727,16.540000915527344,21887,0.0,0.0
2022-11-02 09:30:00-04:00,16.530000686645508,16.709999084472656,15.850000381469727,16.270000457763672,52349,0.0,0.0
2022-11-02 10:30:00-04:00,16.235000610351562,16.309999465942383,15.989999771118164,16.170000076293945,11997,0.0,0.0
2022-11-02 11:30:00-04:00,16.260000228881836,16.40999984741211,16.149999618530273,16.200000762939453,12878,0.0,0.0
2022-11-02 12:30:00-04:00,16.15999984741211,16.270000457763672,16.1299991607666,16.190000534057617,5796,0.0,0.0
2022-11-02 13:30:00-04:00,16.200000762939453,16.860000610351562,16.1200008392334,16.860000610351562,21396,0.0,0.0
2022-11-02 14:30:00-04:00,16.850000381469727,16.864999771118164,15.859999656677246,15.9399995803833,34816,0.0,0.0
2022-11-02 15:30:00-04:00,15.989999771118164,16.09000015258789,15.779999732971191,15.779999732971191,25079,0.0,0.0
2022-11-03 09:30:00-04:00,15.420000076293945,15.970000267028809,15.25,15.579999923706055,7423,0.0,0.0
2022-11-03 10:30:00-04:00,15.505000114440918,16.0,15.470000267028809,15.484999656677246,21053,0.0,0.0
2022-11-03 11:30:00-04:00,15.489999771118164,15.494999885559082,15.1899995803833,15.319899559020996,3645,0.0,0.0
2022-11-03 12:30:00-04:00,15.380000114440918,15.520000457763672,15.34000015258789,15.5,12661,0.0,0.0
2022-11-03 13:30:00-04:00,15.40999984741211,15.40999984741211,14.930000305175781,14.989999771118164,10076,0.0,0.0
2022-11-03 14:30:00-04:00,14.954999923706055,15.180000305175781,14.869999885559082,15.029999732971191,27596,0.0,0.0
2022-11-03 15:30:00-04:00,14.970000267028809,14.975000381469727,14.630000114440918,14.649999618530273,20388,0.0,0.0
2022-11-04 09:30:00-04:00,18.399999618530273,19.40999984741211,17.729999542236328,18.760000228881836,137431,0.0,0.0
2022-11-04 10:30:00-04:00,18.600000381469727,19.329999923706055,17.729999542236328,18.309999465942383,70077,0.0,0.0
2022-11-04 11:30:00-04:00,18.40999984741211,18.40999984741211,17.729999542236328,17.975000381469727,44404,0.0,0.0
2022-11-04 12:30:00-04:00,17.97960090637207,18.604999542236328,17.863000869750977,18.489999771118164,43774,0.0,0.0
2022-11-04 13:30:00-04:00,18.3799991607666,18.444000244140625,17.989999771118164,18.440000534057617,33890,0.0,0.0
2022-11-04 14:30:00-04:00,18.440000534057617,19.989999771118164,18.440000534057617,19.209999084472656,92858,0.0,0.0
2022-11-04 15:30:00-04:00,19.229999542236328,19.43000030517578,18.950000762939453,18.950000762939453,66409,0.0,0.0
2022-11-07 09:30:00-05:00,19.6299991607666,20.280000686645508,19.579999923706055,20.0049991607666,91508,0.0,0.0
2022-11-07 10:30:00-05:00,20.075000762939453,20.18000030517578,19.940000534057617,20.1200008392334,49073,0.0,0.0
2022-11-07 11:30:00-05:00,20.149999618530273,20.239999771118164,20.06999969482422,20.110000610351562,16158,0.0,0.0
2022-11-07 12:30:00-05:00,20.06999969482422,20.209999084472656,20.020000457763672,20.06999969482422,18052,0.0,0.0
2022-11-07 13:30:00-05:00,20.059900283813477,20.31999969482422,19.975000381469727,20.30500030517578,25243,0.0,0.0
2022-11-07 14:30:00-05:00,20.30500030517578,21.65999984741211,18.709999084472656,20.540000915527344,156059,0.0,0.0
2022-11-07 15:30:00-05:00,20.549999237060547,20.969999313354492,20.489999771118164,20.690000534057617,68789,0.0,0.0
2022-11-08 09:30:00-05:00,20.860000610351562,22.78499984741211,20.860000610351562,22.325000762939453,73299,0.0,0.0
2022-11-08 10:30:00-05:00,22.239999771118164,23.299999237060547,22.020000457763672,23.299999237060547,55235,0.0,0.0
2022-11-08 11:30:00-05:00,23.299999237060547,23.549999237060547,23.0,23.3700008392334,30755,0.0,0.0
2022-11-08 12:30:00-05:00,23.3700008392334,23.489999771118164,22.5,22.5,27658,0.0,0.0
2022-11-08 13:30:00-05:00,22.5,22.899999618530273,21.68000030517578,21.68000030517578,37914,0.0,0.0
2022-11-08 14:30:00-05:00,21.649999618530273,23.020000457763672,21.600000381469727,23.020000457763672,46325,0.0,0.0
2022-11-08 15:30:00-05:00,22.989999771118164,23.309999465942383,22.760000228881836,22.8700008392334,91917,0.0,0.0
2022-11-09 09:30:00-05:00,22.93000030517578,22.93000030517578,21.75,22.03499984741211,35117,0.0,0.0
2022-11-09 10:30:00-05:00,21.760000228881836,22.0,21.5,21.93000030517578,20837,0.0,0.0
2022-11-09 11:30:00-05:00,21.94499969482422,22.139999389648438,21.479999542236328,21.530000686645508,17696,0.0,0.0
2022-11-09 12:30:00-05:00,21.450000762939453,21.514999389648438,20.911100387573242,21.0,32554,0.0,0.0
2022-11-09 13:30:00-05:00,20.93000030517578,21.040000915527344,20.510000228881836,20.600000381469727,32943,0.0,0.0
2022-11-09 14:30:00-05:00,20.610000610351562,20.610000610351562,20.06999969482422,20.30500030517578,31538,0.0,0.0
2022-11-09 15:30:00-05:00,20.30500030517578,20.43000030517578,19.93000030517578,20.049999237060547,30041,0.0,0.0
2022-11-10 09:30:00-05:00,21.280000686645508,22.08009910583496,20.8700008392334,21.85930061340332,12228,0.0,0.0
2022-11-10 10:30:00-05:00,21.860000610351562,21.860000610351562,21.299999237060547,21.31999969482422,14994,0.0,0.0
2022-11-10 11:30:00-05:00,21.290000915527344,21.5,20.75,21.5,25381,0.0,0.0
2022-11-10 12:30:00-05:00,21.5049991607666,21.850000381469727,21.3799991607666,21.770000457763672,18667,0.0,0.0
2022-11-10 13:30:00-05:00,21.75,22.049999237060547,21.604999542236328,21.826099395751953,13712,0.0,0.0
2022-11-10 14:30:00-05:00,21.78499984741211,21.984899520874023,21.78499984741211,21.984899520874023,7188,0.0,0.0
2022-11-10 15:30:00-05:00,21.937000274658203,22.329999923706055,21.8799991607666,22.229999542236328,44848,0.0,0.0
2022-11-11 09:30:00-05:00,22.139999389648438,23.25,21.33300018310547,23.010000228881836,33771,0.0,0.0
2022-11-11 10:30:00-05:00,23.100000381469727,23.200000762939453,22.59000015258789,22.670000076293945,22555,0.0,0.0
2022-11-11 11:30:00-05:00,22.68000030517578,22.690000534057617,22.350000381469727,22.510000228881836,9770,0.0,0.0
2022-11-11 12:30:00-05:00,22.510000228881836,22.510000228881836,21.950000762939453,22.06999969482422,8518,0.0,0.0
2022-11-11 13:30:00-05:00,22.09000015258789,22.375,21.8799991607666,22.375,13095,0.0,0.0
2022-11-11 14:30:00-05:00,22.375,22.600000381469727,21.96500015258789,21.985000610351562,9845,0.0,0.0
2022-11-11 15:30:00-05:00,21.969999313354492,22.399999618530273,21.969999313354492,22.350000381469727,12119,0.0,0.0
2022-11-14 09:30:00-05:00,21.950000762939453,22.079999923706055,21.6299991607666,21.889999389648438,14544,0.0,0.0
2022-11-14 10:30:00-05:00,21.860000610351562,21.899999618530273,21.295799255371094,21.295799255371094,7476,0.0,0.0
2022-11-14 11:30:00-05:00,21.510000228881836,21.850000381469727,21.479999542236328,21.6299991607666,4914,0.0,0.0
2022-11-14 12:30:00-05:00,21.649999618530273,22.09000015258789,21.649999618530273,22.079999923706055,11305,0.0,0.0
2022-11-14 13:30:00-05:00,22.15999984741211,22.299999237060547,22.1200008392334,22.200000762939453,5289,0.0,0.0
2022-11-14 14:30:00-05:00,22.149999618530273,22.520000457763672,21.934999465942383,22.079999923706055,33349,0.0,0.0
2022-11-14 15:30:00-05:00,22.114999771118164,22.15999984741211,21.850000381469727,21.90999984741211,9699,0.0,0.0
2022-11-15 09:30:00-05:00,22.709999084472656,23.100000381469727,22.579999923706055,22.760000228881836,7671,0.0,0.0
2022-11-15 10:30:00-05:00,22.75,22.899999618530273,22.68000030517578,22.899999618530273,4812,0.0,0.0
2022-11-15 11:30:00-05:00,22.75,23.260000228881836,22.6200008392334,23.190000534057617,21572,0.0,0.0
2022-11-15 12:30:00-05:00,23.25,23.858600616455078,23.25,23.75,13565,0.0,0.0
2022-11-15 13:30:00-05:00,23.764999389648438,23.979999542236328,23.40999984741211,23.8799991607666,22391,0.0,0.0
2022-11-15 14:30:00-05:00,23.920000076293945,24.0,23.780000686645508,23.8799991607666,9003,0.0,0.0
2022-11-15 15:30:00-05:00,23.864999771118164,24.145000457763672,23.799999237060547,24.139999389648438,28369,0.0,0.0
2022-11-16 09:30:00-05:00,24.15999984741211,24.290000915527344,23.610000610351562,23.94499969482422,0,0.0,0.0
2022-11-16 10:30:00-05:00,23.94499969482422,24.09000015258789,23.639999389648438,23.854999542236328,18044,0.0,0.0
2022-11-16 11:30:00-05:00,23.854999542236328,24.0049991607666,23.209999084472656,23.209999084472656,9328,0.0,0.0
2022-11-16 12:30:00-05:00,23.354999542236328,23.780000686645508,23.239999771118164,23.75,22151,0.0,0.0
2022-11-16 13:30:00-05:00,23.739999771118164,23.739999771118164,23.1299991607666,23.56999969482422,18338,0.0,0.0
2022-11-16 14:30:00-05:00,23.469999313354492,23.599899291992188,23.030000686645508,23.40999984741211,12636,0.0,0.0
2022-11-16 15:30:00-05:00,23.309999465942383,23.329999923706055,23.06999969482422,23.170000076293945,30284,0.0,0.0
2022-11-17 09:30:00-05:00,22.6200008392334,23.059999465942383,22.6200008392334,23.059999465942383,6215,0.0,0.0
2022-11-17 10:30:00-05:00,23.135000228881836,23.139999389648438,22.780000686645508,22.979999542236328,4354,0.0,0.0
2022-11-17 11:30:00-05:00,22.969999313354492,23.34000015258789,22.825000762939453,23.020000457763672,13995,0.0,0.0
2022-11-17 12:30:00-05:00,23.020000457763672,23.799999237060547,23.0,23.600000381469727,9261,0.0,0.0
2022-11-17 13:30:00-05:00,23.7091007232666,23.790000915527344,23.0,23.270000457763672,8434,0.0,0.0
2022-11-17 14:30:00-05:00,23.225000381469727,23.325000762939453,23.030000686645508,23.1299991607666,11110,0.0,0.0
2022-11-17 15:30:00-05:00,23.190000534057617,23.420000076293945,23.1200008392334,23.389999389648438,28596,0.0,0.0
2022-11-18 09:30:00-05:00,24.049999237060547,24.049999237060547,23.510000228881836,23.864999771118164,0,0.0,0.0
2022-11-18 10:30:00-05:00,23.979999542236328,24.144899368286133,23.299999237060547,23.489999771118164,17079,0.0,0.0
2022-11-18 11:30:00-05:00,23.469999313354492,23.610000610351562,22.8700008392334,22.93000030517578,10349,0.0,0.0
2022-11-18 12:30:00-05:00,23.0,23.200000762939453,22.93000030517578,23.010000228881836,8174,0.0,0.0
2022-11-18 13:30:00-05:00,22.969999313354492,23.0,22.75,22.8700008392334,6009,0.0,0.0
2022-11-18 14:30:00-05:00,22.788400650024414,22.788400650024414,22.110000610351562,22.110000610351562,11227,0.0,0.0
2022-11-18 15:30:00-05:00,22.110000610351562,22.204999923706055,21.9689998626709,22.09000015258789,27836,0.0,0.0
2022-11-21 09:30:00-05:00,21.850000381469727,22.200000762939453,21.59000015258789,22.05500030517578,11346,0.0,0.0
2022-11-21 10:30:00-05:00,22.020000457763672,22.06999969482422,21.59000015258789,21.889999389648438,10452,0.0,0.0
2022-11-21 11:30:00-05:00,21.93000030517578,22.209999084472656,21.799999237060547,22.209999084472656,15681,0.0,0.0
2022-11-21 12:30:00-05:00,22.25,22.34000015258789,21.950000762939453,21.950000762939453,13450,0.0,0.0
2022-11-21 13:30:00-05:00,21.885499954223633,22.200000762939453,21.8799991607666,21.950000762939453,12791,0.0,0.0
2022-11-21 14:30:00-05:00,21.979999542236328,22.059999465942383,21.799999237060547,21.799999237060547,11560,0.0,0.0
2022-11-21 15:30:00-05:00,21.799999237060547,21.950000762939453,21.799999237060547,21.90999984741211,14237,0.0,0.0
2022-11-22 09:30:00-05:00,21.8799991607666,21.959999084472656,21.399999618530273,21.85070037841797,10722,0.0,0.0
2022-11-22 10:30:00-05:00,21.670000076293945,21.729999542236328,21.600000381469727,21.68000030517578,4209,0.0,0.0
2022-11-22 11:30:00-05:00,21.59000015258789,21.799999237060547,21.59000015258789,21.799999237060547,6040,0.0,0.0
2022-11-22 12:30:00-05:00,21.790000915527344,21.81999969482422,21.65399932861328,21.65399932861328,1854,0.0,0.0
2022-11-22 13:30:00-05:00,21.510000228881836,21.598100662231445,21.42099952697754,21.450000762939453,3337,0.0,0.0
2022-11-22 14:30:00-05:00,21.469999313354492,21.709999084472656,21.43000030517578,21.649999618530273,12856,0.0,0.0
2022-11-22 15:30:00-05:00,21.639999389648438,21.739999771118164,21.579999923706055,21.739999771118164,30281,0.0,0.0
2022-11-23 09:30:00-05:00,21.670000076293945,21.8799991607666,21.350000381469727,21.78499984741211,3573,0.0,0.0
2022-11-23 10:30:00-05:00,21.825000762939453,22.200000762939453,21.781200408935547,21.950000762939453,16759,0.0,0.0
2022-11-23 11:30:00-05:00,21.81999969482422,21.81999969482422,21.5,21.575000762939453,2670,0.0,0.0
2022-11-23 12:30:00-05:00,21.520000457763672,21.6200008392334,21.450000762939453,21.59000015258789,4169,0.0,0.0
2022-11-23 13:30:00-05:00,21.577499389648438,22.219999313354492,21.577499389648438,22.145000457763672,8109,0.0,0.0
2022-11-23 14:30:00-05:00,22.145000457763672,22.145000457763672,21.739999771118164,22.030000686645508,8704,0.0,0.0
2022-11-23 15:30:00-05:00,22.030000686645508,22.299999237060547,21.9950008392334,22.299999237060547,14487,0.0,0.0
2022-11-25 09:30:00-05:00,22.100000381469727,23.079999923706055,22.010000228881836,22.010000228881836,19554,0.0,0.0
2022-11-25 10:30:00-05:00,22.010000228881836,22.010000228881836,21.760000228881836,21.760000228881836,2943,0.0,0.0
2022-11-25 11:30:00-05:00,21.81999969482422,22.200000762939453,21.799999237060547,22.110000610351562,9265,0.0,0.0
2022-11-28 09:30:00-05:00,21.6200008392334,22.010000228881836,21.6200008392334,21.81999969482422,4940,0.0,0.0
2022-11-28 10:30:00-05:00,21.959999084472656,21.979999542236328,21.735000610351562,21.799999237060547,6435,0.0,0.0
2022-11-28 11:30:00-05:00,21.790000915527344,21.850000381469727,21.68000030517578,21.7450008392334,3314,0.0,0.0
2022-11-28 12:30:00-05:00,21.68000030517578,21.68000030517578,21.469999313354492,21.469999313354492,4014,0.0,0.0
2022-11-28 13:30:00-05:00,21.530000686645508,21.530000686645508,21.299999237060547,21.34000015258789,3945,0.0,0.0
2022-11-28 14:30:00-05:00,21.354999542236328,21.3700008392334,21.25,21.315000534057617,3711,0.0,0.0
2022-11-28 15:30:00-05:00,21.329999923706055,21.600000381469727,21.219999313354492,21.559999465942383,16518,0.0,0.0
2022-11-29 09:30:00-05:00,21.649999618530273,21.65999984741211,21.34000015258789,21.635000228881836,6446,0.0,0.0
2022-11-29 10:30:00-05:00,21.530000686645508,21.764999389648438,21.270000457763672,21.280000686645508,9094,0.0,0.0
2022-11-29 11:30:00-05:00,21.280000686645508,21.440000534057617,21.280000686645508,21.31999969482422,3632,0.0,0.0
2022-11-29 12:30:00-05:00,21.315099716186523,21.364999771118164,21.190000534057617,21.219999313354492,3905,0.0,0.0
2022-11-29 13:30:00-05:00,21.239999771118164,21.510000228881836,21.200000762939453,21.424999237060547,8963,0.0,0.0
2022-11-29 14:30:00-05:00,21.489999771118164,21.489999771118164,21.190000534057617,21.229999542236328,4393,0.0,0.0
2022-11-29 15:30:00-05:00,21.239999771118164,21.6200008392334,21.21500015258789,21.5,28292,0.0,0.0
2022-11-30 09:30:00-05:00,21.739999771118164,22.29960060119629,21.540000915527344,21.540000915527344,28548,0.0,0.0
2022-11-30 10:30:00-05:00,21.600000381469727,21.84000015258789,21.510000228881836,21.610000610351562,11870,0.0,0.0
2022-11-30 11:30:00-05:00,21.520000457763672,21.600000381469727,21.280000686645508,21.53499984741211,5143,0.0,0.0
2022-11-30 12:30:00-05:00,21.530000686645508,21.6299991607666,21.309999465942383,21.440000534057617,9535,0.0,0.0
2022-11-30 13:30:00-05:00,21.5,22.040000915527344,21.350000381469727,21.959999084472656,28535,0.0,0.0
2022-11-30 14:30:00-05:00,21.899999618530273,22.049999237060547,21.739999771118164,21.93000030517578,9554,0.0,0.0
2022-11-30 15:30:00-05:00,21.920000076293945,22.31999969482422,21.920000076293945,22.280000686645508,25266,0.0,0.0
2022-12-01 09:30:00-05:00,22.770000457763672,23.399999618530273,21.700000762939453,21.700000762939453,20722,0.0,0.0
2022-12-01 10:30:00-05:00,21.649999618530273,21.829999923706055,21.420000076293945,21.450000762939453,13954,0.0,0.0
2022-12-01 11:30:00-05:00,21.520000457763672,21.600000381469727,21.350000381469727,21.584999084472656,9463,0.0,0.0
2022-12-01 12:30:00-05:00,21.5,21.65999984741211,21.459999084472656,21.625,10431,0.0,0.0
2022-12-01 13:30:00-05:00,21.68000030517578,21.81999969482422,21.149999618530273,21.229999542236328,22822,0.0,0.0
2022-12-01 14:30:00-05:00,21.34000015258789,21.709999084472656,21.34000015258789,21.65999984741211,8668,0.0,0.0
2022-12-01 15:30:00-05:00,21.719999313354492,21.780000686645508,21.55500030517578,21.739999771118164,19033,0.0,0.0
2022-12-02 09:30:00-05:00,21.299999237060547,22.209999084472656,21.149999618530273,22.09000015258789,5992,0.0,0.0
2022-12-02 10:30:00-05:00,22.219999313354492,22.700000762939453,22.09000015258789,22.68000030517578,4991,0.0,0.0
2022-12-02 11:30:00-05:00,22.790000915527344,23.15999984741211,22.65999984741211,23.15999984741211,9508,0.0,0.0
2022-12-02 12:30:00-05:00,23.219999313354492,23.219999313354492,22.140100479125977,22.219999313354492,42798,0.0,0.0
2022-12-02 13:30:00-05:00,22.299999237060547,22.440000534057617,22.149999618530273,22.280000686645508,9139,0.0,0.0
2022-12-02 14:30:00-05:00,22.280000686645508,22.950000762939453,22.280000686645508,22.760000228881836,16028,0.0,0.0
2022-12-02 15:30:00-05:00,22.729999542236328,23.30500030517578,22.700000762939453,23.190000534057617,36971,0.0,0.0
2022-12-05 09:30:00-05:00,22.889999389648438,24.199899673461914,22.8799991607666,23.700000762939453,35370,0.0,0.0
2022-12-05 10:30:00-05:00,23.639999389648438,25.329999923706055,23.639999389648438,24.540000915527344,81687,0.0,0.0
2022-12-05 11:30:00-05:00,24.280000686645508,24.600000381469727,24.023099899291992,24.190000534057617,14179,0.0,0.0
2022-12-05 12:30:00-05:00,24.100000381469727,24.100000381469727,23.709999084472656,23.770000457763672,6008,0.0,0.0
2022-12-05 13:30:00-05:00,23.809999465942383,23.969999313354492,23.3799991607666,23.55500030517578,21531,0.0,0.0
2022-12-05 14:30:00-05:00,23.450899124145508,23.540000915527344,23.170000076293945,23.485000610351562,22129,0.0,0.0
2022-12-05 15:30:00-05:00,23.420000076293945,23.479999542236328,23.030000686645508,23.149999618530273,29395,0.0,0.0
2022-12-06 09:30:00-05:00,23.06999969482422,23.149999618530273,22.3799991607666,23.010000228881836,13983,0.0,0.0
2022-12-06 10:30:00-05:00,22.81999969482422,22.875,22.520000457763672,22.579999923706055,7678,0.0,0.0
2022-12-06 11:30:00-05:00,22.700000762939453,22.700000762939453,22.204999923706055,22.25,5292,0.0,0.0
2022-12-06 12:30:00-05:00,22.06999969482422,22.1200008392334,21.889999389648438,22.059999465942383,4324,0.0,0.0
2022-12-06 13:30:00-05:00,21.8799991607666,22.06999969482422,21.790000915527344,22.06999969482422,4944,0.0,0.0
2022-12-06 14:30:00-05:00,21.940000534057617,22.260000228881836,21.940000534057617,22.049999237060547,3667,0.0,0.0
2022-12-06 15:30:00-05:00,21.979999542236328,22.100000381469727,21.90999984741211,22.040000915527344,13162,0.0,0.0
2022-12-07 09:30:00-05:00,22.0,22.530000686645508,21.579999923706055,22.010000228881836,7388,0.0,0.0
2022-12-07 10:30:00-05:00,22.049999237060547,22.774999618530273,22.0,22.4950008392334,15152,0.0,0.0
2022-12-07 11:30:00-05:00,22.485000610351562,23.289899826049805,22.3700008392334,22.3700008392334,23569,0.0,0.0
2022-12-07 12:30:00-05:00,22.360000610351562,22.424999237060547,22.049999237060547,22.125,6348,0.0,0.0
2022-12-07 13:30:00-05:00,22.204999923706055,22.204999923706055,21.600000381469727,21.684999465942383,13585,0.0,0.0
2022-12-07 14:30:00-05:00,21.719999313354492,21.829999923706055,21.49329948425293,21.49329948425293,17540,0.0,0.0
2022-12-07 15:30:00-05:00,21.579999923706055,21.649999618530273,21.40999984741211,21.43000030517578,12704,0.0,0.0
2022-12-08 09:30:00-05:00,21.450000762939453,22.270000457763672,21.18000030517578,22.06999969482422,5490,0.0,0.0
2022-12-08 10:30:00-05:00,22.110000610351562,22.135000228881836,21.685300827026367,22.05500030517578,5897,0.0,0.0
2022-12-08 11:30:00-05:00,22.049999237060547,22.389999389648438,22.030000686645508,22.389999389648438,7009,0.0,0.0
2022-12-08 12:30:00-05:00,22.434999465942383,22.625,22.260000228881836,22.540000915527344,4904,0.0,0.0
2022-12-08 13:30:00-05:00,22.469999313354492,22.68000030517578,22.299999237060547,22.395000457763672,16477,0.0,0.0
2022-12-08 14:30:00-05:00,22.424999237060547,22.53499984741211,22.200000762939453,22.239999771118164,5855,0.0,0.0
2022-12-08 15:30:00-05:00,22.2549991607666,22.325000762939453,22.100000381469727,22.15999984741211,12578,0.0,0.0
2022-12-09 09:30:00-05:00,22.190000534057617,22.450000762939453,21.8799991607666,22.1299991607666,4387,0.0,0.0
2022-12-09 10:30:00-05:00,22.104999542236328,22.110000610351562,21.875,21.875,2115,0.0,0.0
2022-12-09 11:30:00-05:00,21.780000686645508,22.145000457763672,21.690000534057617,22.010000228881836,6043,0.0,0.0
2022-12-09 12:30:00-05:00,22.05500030517578,22.059999465942383,21.9950008392334,22.0,1672,0.0,0.0
2022-12-09 13:30:00-05:00,22.0,22.200000762939453,21.850000381469727,22.100000381469727,5202,0.0,0.0
2022-12-09 14:30:00-05:00,22.100000381469727,22.15999984741211,21.850000381469727,21.850000381469727,9390,0.0,0.0
2022-12-09 15:30:00-05:00,21.850000381469727,21.90999984741211,21.649999618530273,21.709999084472656,12437,0.0,0.0
2022-12-12 09:30:00-05:00,21.559999465942383,22.170000076293945,21.559999465942383,22.0,2017,0.0,0.0
2022-12-12 10:30:00-05:00,22.010000228881836,22.3700008392334,21.93000030517578,22.3700008392334,4195,0.0,0.0
2022-12-12 11:30:00-05:00,22.239999771118164,22.56999969482422,22.239999771118164,22.44499969482422,1336,0.0,0.0
2022-12-12 12:30:00-05:00,22.420000076293945,22.420000076293945,22.299999237060547,22.40999984741211,2040,0.0,0.0
2022-12-12 13:30:00-05:00,22.25,22.344999313354492,22.020000457763672,22.280000686645508,1835,0.0,0.0
2022-12-12 14:30:00-05:00,22.229999542236328,22.3799991607666,22.228099822998047,22.375,2173,0.0,0.0
2022-12-12 15:30:00-05:00,22.350000381469727,22.360000610351562,22.059999465942383,22.110000610351562,14244,0.0,0.0
2022-12-13 09:30:00-05:00,23.579999923706055,23.579999923706055,22.709999084472656,22.709999084472656,11882,0.0,0.0
2022-12-13 10:30:00-05:00,22.690000534057617,22.850000381469727,22.399999618530273,22.6210994720459,6467,0.0,0.0
2022-12-13 11:30:00-05:00,22.59000015258789,22.639999389648438,22.110000610351562,22.110000610351562,9286,0.0,0.0
2022-12-13 12:30:00-05:00,21.969999313354492,22.114999771118164,21.920000076293945,22.020000457763672,6699,0.0,0.0
2022-12-13 13:30:00-05:00,22.1200008392334,22.149999618530273,21.895000457763672,21.950000762939453,8390,0.0,0.0
2022-12-13 14:30:00-05:00,22.0,22.075000762939453,21.790000915527344,21.8700008392334,7171,0.0,0.0
2022-12-13 15:30:00-05:00,22.0,22.0,21.770000457763672,21.809999465942383,17378,0.0,0.0
2022-12-14 09:30:00-05:00,21.75,22.010000228881836,21.510000228881836,21.950000762939453,7692,0.0,0.0
2022-12-14 10:30:00-05:00,21.986799240112305,22.049999237060547,21.889999389648438,21.940000534057617,2426,0.0,0.0
2022-12-14 11:30:00-05:00,21.81999969482422,21.899999618530273,21.770000457763672,21.795000076293945,2180,0.0,0.0
2022-12-14 12:30:00-05:00,21.719999313354492,21.7549991607666,21.600000381469727,21.6200008392334,3834,0.0,0.0
2022-12-14 13:30:00-05:00,21.68000030517578,21.720699310302734,21.200000762939453,21.489999771118164,6918,0.0,0.0
2022-12-14 14:30:00-05:00,21.3799991607666,21.829999923706055,21.100000381469727,21.520000457763672,10875,0.0,0.0
2022-12-14 15:30:00-05:00,21.360000610351562,21.649999618530273,21.344999313354492,21.489999771118164,10552,0.0,0.0
2022-12-15 09:30:00-05:00,20.920000076293945,21.415000915527344,20.709999084472656,20.905000686645508,8489,0.0,0.0
2022-12-15 10:30:00-05:00,20.889999389648438,20.979999542236328,20.43000030517578,20.520000457763672,5085,0.0,0.0
2022-12-15 11:30:00-05:00,20.43000030517578,21.110000610351562,20.399999618530273,20.885000228881836,8292,0.0,0.0
2022-12-15 12:30:00-05:00,21.139999389648438,21.145000457763672,20.700000762939453,21.03499984741211,8623,0.0,0.0
2022-12-15 13:30:00-05:00,20.920000076293945,21.00979995727539,20.739999771118164,20.780000686645508,8996,0.0,0.0
2022-12-15 14:30:00-05:00,20.84000015258789,20.885000228881836,20.729999542236328,20.885000228881836,4161,0.0,0.0
2022-12-15 15:30:00-05:00,20.799999237060547,20.799999237060547,20.4950008392334,20.649999618530273,21951,0.0,0.0
2022-12-16 09:30:00-05:00,20.09000015258789,20.31999969482422,20.059999465942383,20.139999389648438,26104,0.0,0.0
2022-12-16 10:30:00-05:00,20.059999465942383,20.31999969482422,20.059999465942383,20.299999237060547,3862,0.0,0.0
2022-12-16 11:30:00-05:00,20.260000228881836,20.399999618530273,20.14229965209961,20.18000030517578,13602,0.0,0.0
2022-12-16 12:30:00-05:00,20.110000610351562,20.229999542236328,20.110000610351562,20.170000076293945,3616,0.0,0.0
2022-12-16 13:30:00-05:00,20.399999618530273,20.399999618530273,20.1299991607666,20.200000762939453,5318,0.0,0.0
2022-12-16 14:30:00-05:00,20.18440055847168,20.239999771118164,19.950000762939453,19.950000762939453,24808,0.0,0.0
2022-12-16 15:30:00-05:00,19.979999542236328,20.100000381469727,19.799999237060547,19.8700008392334,35361,0.0,0.0
2022-12-19 09:30:00-05:00,19.8799991607666,19.8799991607666,19.3700008392334,19.530000686645508,9281,0.0,0.0
2022-12-19 10:30:00-05:00,19.389999389648438,19.6299991607666,19.09000015258789,19.350000381469727,14913,0.0,0.0
2022-12-19 11:30:00-05:00,19.190000534057617,19.190000534057617,19.030000686645508,19.15999984741211,5630,0.0,0.0
2022-12-19 12:30:00-05:00,19.06999969482422,19.15999984741211,19.0,19.030000686645508,6050,0.0,0.0
2022-12-19 13:30:00-05:00,18.989999771118164,19.09000015258789,18.579999923706055,19.09000015258789,17909,0.0,0.0
2022-12-19 14:30:00-05:00,19.0,19.1299991607666,18.799999237060547,19.06999969482422,12682,0.0,0.0
2022-12-19 15:30:00-05:00,19.020000457763672,19.1299991607666,18.729999542236328,18.8799991607666,21452,0.0,0.0
2022-12-20 09:30:00-05:00,18.809999465942383,19.100000381469727,18.010000228881836,19.100000381469727,8470,0.0,0.0
2022-12-20 10:30:00-05:00,19.030000686645508,19.030000686645508,18.670000076293945,18.764999389648438,8377,0.0,0.0
2022-12-20 11:30:00-05:00,18.829999923706055,19.010000228881836,18.709999084472656,18.8799991607666,3471,0.0,0.0
2022-12-20 12:30:00-05:00,18.809999465942383,18.860000610351562,18.649999618530273,18.649999618530273,7466,0.0,0.0
2022-12-20 13:30:00-05:00,18.579999923706055,18.6299991607666,18.415000915527344,18.459999084472656,7571,0.0,0.0
2022-12-20 14:30:00-05:00,18.485000610351562,18.510000228881836,18.350000381469727,18.43000030517578,15392,0.0,0.0
2022-12-20 15:30:00-05:00,18.375,18.649999618530273,18.3700008392334,18.479999542236328,13523,0.0,0.0
2022-12-21 09:30:00-05:00,18.540000915527344,18.899999618530273,18.35810089111328,18.58009910583496,8704,0.0,0.0
2022-12-21 10:30:00-05:00,18.809999465942383,19.059999465942383,18.71500015258789,19.0,4380,0.0,0.0
2022-12-21 11:30:00-05:00,19.020000457763672,19.225000381469727,18.950000762939453,19.219999313354492,6615,0.0,0.0
2022-12-21 12:30:00-05:00,19.25,19.610000610351562,19.186599731445312,19.524999618530273,7736,0.0,0.0
2022-12-21 13:30:00-05:00,19.450000762939453,19.479999542236328,19.260000228881836,19.34000015258789,9014,0.0,0.0
2022-12-21 14:30:00-05:00,19.354999542236328,19.354999542236328,19.100000381469727,19.170000076293945,7603,0.0,0.0
2022-12-21 15:30:00-05:00,19.100000381469727,19.1200008392334,18.979999542236328,18.989999771118164,7558,0.0,0.0
2022-12-22 09:30:00-05:00,18.93000030517578,19.639999389648438,18.40999984741211,18.8799991607666,11791,0.0,0.0
2022-12-22 10:30:00-05:00,18.940000534057617,19.209999084472656,18.690000534057617,18.709999084472656,2918,0.0,0.0
2022-12-22 11:30:00-05:00,18.670000076293945,18.700000762939453,18.31999969482422,18.405000686645508,5338,0.0,0.0
2022-12-22 12:30:00-05:00,18.350000381469727,18.350000381469727,18.15999984741211,18.260000228881836,3780,0.0,0.0
2022-12-22 13:30:00-05:00,18.334999084472656,18.68000030517578,18.334999084472656,18.5049991607666,12296,0.0,0.0
2022-12-22 14:30:00-05:00,18.4950008392334,18.579999923706055,18.290000915527344,18.4950008392334,6823,0.0,0.0
2022-12-22 15:30:00-05:00,18.59000015258789,18.65999984741211,18.469999313354492,18.65999984741211,17018,0.0,0.0
2022-12-23 09:30:00-05:00,18.399999618530273,18.84000015258789,18.209999084472656,18.770000457763672,11279,0.0,0.0
2022-12-23 10:30:00-05:00,18.799999237060547,18.850000381469727,18.600000381469727,18.690000534057617,4637,0.0,0.0
2022-12-23 11:30:00-05:00,18.739999771118164,18.8799991607666,18.6924991607666,18.6924991607666,2735,0.0,0.0
2022-12-23 12:30:00-05:00,18.885000228881836,18.93000030517578,18.790000915527344,18.844999313354492,1738,0.0,0.0
2022-12-23 13:30:00-05:00,18.75,18.844999313354492,18.530000686645508,18.530000686645508,3773,0.0,0.0
2022-12-23 14:30:00-05:00,18.799999237060547,19.024999618530273,18.799999237060547,18.8700008392334,2451,0.0,0.0
2022-12-23 15:30:00-05:00,18.768299102783203,18.93000030517578,18.75,18.8700008392334,14159,0.0,0.0
2022-12-27 09:30:00-05:00,18.700000762939453,18.899999618530273,18.25,18.739999771118164,2515,0.0,0.0
2022-12-27 10:30:00-05:00,18.610000610351562,18.639999389648438,18.260000228881836,18.420000076293945,3820,0.0,0.0
2022-12-27 11:30:00-05:00,18.43000030517578,18.43000030517578,18.43000030517578,18.43000030517578,349,0.0,0.0
2022-12-27 12:30:00-05:00,18.34000015258789,18.3700008392334,18.18000030517578,18.280000686645508,1560,0.0,0.0
2022-12-27 13:30:00-05:00,18.18000030517578,18.18000030517578,17.979999542236328,18.049999237060547,12846,0.0,0.0
2022-12-27 14:30:00-05:00,18.059999465942383,18.118200302124023,17.950000762939453,17.969999313354492,6702,0.0,0.0
2022-12-27 15:30:00-05:00,18.079999923706055,18.149999618530273,17.8799991607666,17.940000534057617,10188,0.0,0.0
2022-12-28 09:30:00-05:00,17.84000015258789,17.940000534057617,17.459999084472656,17.700000762939453,15484,0.0,0.0
2022-12-28 10:30:00-05:00,17.709999084472656,17.709999084472656,17.43000030517578,17.52120018005371,5176,0.0,0.0
2022-12-28 11:30:00-05:00,17.545000076293945,17.81999969482422,17.545000076293945,17.65999984741211,3627,0.0,0.0
2022-12-28 12:30:00-05:00,17.770000457763672,17.899999618530273,17.75,17.864200592041016,3022,0.0,0.0
2022-12-28 13:30:00-05:00,17.6875,17.8799991607666,17.600000381469727,17.729999542236328,4884,0.0,0.0
2022-12-28 14:30:00-05:00,17.530000686645508,17.809999465942383,17.527999877929688,17.809999465942383,6883,0.0,0.0
2022-12-28 15:30:00-05:00,17.809999465942383,17.889999389648438,17.709999084472656,17.770000457763672,15327,0.0,0.0
2022-12-29 09:30:00-05:00,18.18000030517578,18.360000610351562,17.579999923706055,18.209999084472656,4085,0.0,0.0
2022-12-29 10:30:00-05:00,18.15999984741211,18.210100173950195,18.084999084472656,18.18000030517578,2875,0.0,0.0
2022-12-29 11:30:00-05:00,18.219999313354492,18.34000015258789,18.219999313354492,18.260000228881836,1618,0.0,0.0
2022-12-29 12:30:00-05:00,18.1200008392334,18.215900421142578,18.1200008392334,18.125,4941,0.0,0.0
2022-12-29 13:30:00-05:00,18.13050079345703,18.450000762939453,18.059999465942383,18.385000228881836,6016,0.0,0.0
2022-12-29 14:30:00-05:00,18.34000015258789,18.40999984741211,18.139999389648438,18.40999984741211,6116,0.0,0.0
2022-12-29 15:30:00-05:00,18.395000457763672,18.420000076293945,18.170000076293945,18.219999313354492,12304,0.0,0.0
2022-12-30 09:30:00-05:00,17.920000076293945,18.579999923706055,17.920000076293945,17.961999893188477,7448,0.0,0.0
2022-12-30 10:30:00-05:00,18.100000381469727,18.469999313354492,17.980100631713867,18.25,5734,0.0,0.0
2022-12-30 11:30:00-05:00,18.290000915527344,18.399999618530273,18.219999313354492,18.309999465942383,3243,0.0,0.0
2022-12-30 12:30:00-05:00,18.309999465942383,18.530000686645508,18.149999618530273,18.149999618530273,2042,0.0,0.0
2022-12-30 13:30:00-05:00,18.239999771118164,18.270000457763672,18.139999389648438,18.218299865722656,5714,0.0,0.0
2022-12-30 14:30:00-05:00,18.360000610351562,18.59000015258789,18.299999237060547,18.575000762939453,7374,0.0,0.0
2022-12-30 15:30:00-05:00,18.46660041809082,18.670000076293945,18.3799991607666,18.440000534057617,15948,0.0,0.0
2023-01-03 09:30:00-05:00,18.93000030517578,19.34000015258789,18.479999542236328,18.479999542236328,0,0.0,0.0
2023-01-03 10:30:00-05:00,18.350000381469727,18.555500030517578,18.34000015258789,18.34000015258789,3605,0.0,0.0
2023-01-03 11:30:00-05:00,18.34000015258789,18.34000015258789,18.25,18.25,1172,0.0,0.0
2023-01-03 12:30:00-05:00,18.09000015258789,18.1200008392334,18.010000228881836,18.1200008392334,3742,0.0,0.0
2023-01-03 13:30:00-05:00,18.15999984741211,18.170000076293945,17.969999313354492,18.040000915527344,2715,0.0,0.0
2023-01-03 14:30:00-05:00,18.030000686645508,18.469999313354492,18.030000686645508,18.389999389648438,8028,0.0,0.0
2023-01-03 15:30:00-05:00,18.389999389648438,18.540000915527344,18.350000381469727,18.469999313354492,11132,0.0,0.0
2023-01-04 09:30:00-05:00,18.610000610351562,18.760000228881836,18.315000534057617,18.450000762939453,4176,0.0,0.0
2023-01-04 10:30:00-05:00,18.559999465942383,18.8799991607666,18.299999237060547,18.739999771118164,8724,0.0,0.0
2023-01-04 11:30:00-05:00,18.764999389648438,19.0,18.764999389648438,18.809999465942383,3712,0.0,0.0
2023-01-04 12:30:00-05:00,18.940000534057617,18.940000534057617,18.815000534057617,18.84000015258789,1890,0.0,0.0
2023-01-04 13:30:00-05:00,18.84000015258789,18.889999389648438,18.690000534057617,18.690000534057617,3418,0.0,0.0
2023-01-04 14:30:00-05:00,18.899999618530273,19.059999465942383,18.899999618530273,19.049999237060547,2031,0.0,0.0
2023-01-04 15:30:00-05:00,19.048999786376953,19.1299991607666,18.93000030517578,19.1299991607666,6484,0.0,0.0
2023-01-05 09:30:00-05:00,18.84000015258789,18.84000015258789,18.440000534057617,18.68000030517578,3165,0.0,0.0
2023-01-05 10:30:00-05:00,18.825000762939453,18.825000762939453,18.68000030517578,18.690000534057617,649,0.0,0.0
2023-01-05 11:30:00-05:00,18.75,18.854999542236328,18.389999389648438,18.389999389648438,2466,0.0,0.0
2023-01-05 12:30:00-05:00,18.524999618530273,18.6299991607666,18.329999923706055,18.55500030517578,2469,0.0,0.0
2023-01-05 13:30:00-05:00,18.479999542236328,18.579999923706055,18.190000534057617,18.190000534057617,2965,0.0,0.0
2023-01-05 14:30:00-05:00,18.209999084472656,18.350000381469727,18.209999084472656,18.226900100708008,1452,0.0,0.0
2023-01-05 15:30:00-05:00,18.219900131225586,18.219999313354492,17.969999313354492,17.979999542236328,9762,0.0,0.0
2023-01-06 09:30:00-05:00,18.100000381469727,18.100000381469727,17.440000534057617,17.767000198364258,7873,0.0,0.0
2023-01-06 10:30:00-05:00,17.739999771118164,17.920000076293945,17.729999542236328,17.8799991607666,2572,0.0,0.0
2023-01-06 11:30:00-05:00,17.74169921875,17.979999542236328,17.610000610351562,17.860000610351562,8082,0.0,0.0
2023-01-06 12:30:00-05:00,17.782699584960938,17.81999969482422,17.579999923706055,17.809999465942383,4384,0.0,0.0
2023-01-06 13:30:00-05:00,17.829999923706055,18.1299991607666,17.829999923706055,18.1299991607666,3987,0.0,0.0
2023-01-06 14:30:00-05:00,18.062599182128906,18.25,18.062599182128906,18.190000534057617,5662,0.0,0.0
2023-01-06 15:30:00-05:00,18.170000076293945,18.329999923706055,18.084999084472656,18.139999389648438,9044,0.0,0.0
2023-01-09 09:30:00-05:00,18.260000228881836,19.671300888061523,18.260000228881836,19.594999313354492,15195,0.0,0.0
2023-01-09 10:30:00-05:00,19.540000915527344,19.790000915527344,19.440000534057617,19.583799362182617,15096,0.0,0.0
2023-01-09 11:30:00-05:00,19.530000686645508,19.530000686645508,19.479900360107422,19.479900360107422,1385,0.0,0.0
2023-01-09 12:30:00-05:00,19.540000915527344,19.759899139404297,19.540000915527344,19.759899139404297,1175,0.0,0.0
2023-01-09 13:30:00-05:00,19.670000076293945,19.670000076293945,19.489999771118164,19.530000686645508,3771,0.0,0.0
2023-01-09 14:30:00-05:00,19.56999969482422,19.575000762939453,19.26799964904785,19.34000015258789,6994,0.0,0.0
2023-01-09 15:30:00-05:00,19.344999313354492,19.540000915527344,19.290000915527344,19.43000030517578,23562,0.0,0.0
2023-01-10 09:30:00-05:00,19.299999237060547,19.540000915527344,18.93000030517578,19.204999923706055,0,0.0,0.0
2023-01-10 10:30:00-05:00,18.969999313354492,19.399999618530273,18.91010093688965,19.354999542236328,6981,0.0,0.0
2023-01-10 11:30:00-05:00,19.280000686645508,19.470300674438477,19.280000686645508,19.420000076293945,2833,0.0,0.0
2023-01-10 12:30:00-05:00,19.434999465942383,19.610000610351562,19.434999465942383,19.549999237060547,2473,0.0,0.0
2023-01-10 13:30:00-05:00,19.68000030517578,19.940000534057617,19.68000030517578,19.735000610351562,2647,0.0,0.0
2023-01-10 14:30:00-05:00,19.815000534057617,19.815000534057617,19.350000381469727,19.56999969482422,7328,0.0,0.0
2023-01-10 15:30:00-05:00,19.469999313354492,19.860000610351562,19.469999313354492,19.739999771118164,5811,0.0,0.0
2023-01-11 09:30:00-05:00,19.709999084472656,19.969999313354492,19.709999084472656,19.969999313354492,1596,0.0,0.0
2023-01-11 10:30:00-05:00,19.969999313354492,20.0,19.940000534057617,19.969999313354492,3060,0.0,0.0
2023-01-11 11:30:00-05:00,19.979999542236328,20.06999969482422,19.979999542236328,20.0,719,0.0,0.0
2023-01-11 12:30:00-05:00,19.989999771118164,20.200000762939453,19.899999618530273,19.910999298095703,11473,0.0,0.0
2023-01-11 13:30:00-05:00,20.010000228881836,20.270000457763672,19.90999984741211,19.90999984741211,6383,0.0,0.0
2023-01-11 14:30:00-05:00,19.93000030517578,20.100000381469727,19.899999618530273,20.09000015258789,6167,0.0,0.0
2023-01-11 15:30:00-05:00,20.040000915527344,20.229999542236328,20.040000915527344,20.1200008392334,8887,0.0,0.0
2023-01-12 09:30:00-05:00,20.139999389648438,20.319700241088867,18.902299880981445,20.29990005493164,0,0.0,0.0
2023-01-12 10:30:00-05:00,20.030000686645508,20.063400268554688,19.760000228881836,19.87339973449707,3644,0.0,0.0
2023-01-12 11:30:00-05:00,19.84000015258789,20.049999237060547,19.84000015258789,20.020000457763672,3473,0.0,0.0
2023-01-12 12:30:00-05:00,19.940000534057617,20.149999618530273,19.84000015258789,19.899999618530273,9957,0.0,0.0
2023-01-12 13:30:00-05:00,19.899999618530273,20.209999084472656,19.84000015258789,20.049999237060547,4567,0.0,0.0
2023-01-12 14:30:00-05:00,20.049999237060547,20.600000381469727,20.049999237060547,20.540000915527344,14482,0.0,0.0
2023-01-12 15:30:00-05:00,20.540000915527344,20.90999984741211,20.489999771118164,20.739999771118164,27550,0.0,0.0
2023-01-13 09:30:00-05:00,20.43000030517578,20.81999969482422,19.93000030517578,20.81999969482422,997,0.0,0.0
2023-01-13 10:30:00-05:00,21.0,21.200000762939453,20.790000915527344,20.959999084472656,5863,0.0,0.0
2023-01-13 11:30:00-05:00,20.850000381469727,20.850000381469727,20.790000915527344,20.790000915527344,7272,0.0,0.0
2023-01-13 12:30:00-05:00,20.799999237060547,20.93000030517578,20.559999465942383,20.690000534057617,13517,0.0,0.0
2023-01-13 13:30:00-05:00,20.857900619506836,20.924999237060547,20.790000915527344,20.790000915527344,1137,0.0,0.0
2023-01-13 14:30:00-05:00,20.75,20.81999969482422,20.739999771118164,20.81999969482422,2131,0.0,0.0
2023-01-13 15:30:00-05:00,20.920000076293945,20.920000076293945,20.729999542236328,20.729999542236328,6726,0.0,0.0
2023-01-17 09:30:00-05:00,20.979999542236328,21.520000457763672,20.469999313354492,21.414400100708008,7474,0.0,0.0
2023-01-17 10:30:00-05:00,21.34000015258789,21.3700008392334,21.18000030517578,21.18000030517578,4485,0.0,0.0
2023-01-17 12:30:00-05:00,21.11680030822754,21.530000686645508,21.11680030822754,21.505199432373047,4965,0.0,0.0
2023-01-17 13:30:00-05:00,21.5,21.700000762939453,21.450000762939453,21.700000762939453,6157,0.0,0.0
2023-01-17 14:30:00-05:00,21.700000762939453,21.90999984741211,21.700000762939453,21.790000915527344,5817,0.0,0.0
2023-01-17 15:30:00-05:00,21.81999969482422,21.920000076293945,21.65999984741211,21.889999389648438,14009,0.0,0.0
2023-01-18 09:30:00-05:00,22.239999771118164,22.899999618530273,21.90999984741211,22.190000534057617,10029,0.0,0.0
2023-01-18 10:30:00-05:00,22.139999389648438,22.139999389648438,21.020000457763672,21.020000457763672,4445,0.0,0.0
2023-01-18 11:30:00-05:00,21.309999465942383,21.309999465942383,20.889999389648438,21.200000762939453,11607,0.0,0.0
2023-01-18 12:30:00-05:00,21.040000915527344,21.149999618530273,20.889999389648438,21.010000228881836,888,0.0,0.0
2023-01-18 13:30:00-05:00,21.0,21.110000610351562,20.809999465942383,21.04319953918457,6505,0.0,0.0
2023-01-18 14:30:00-05:00,21.170000076293945,21.290000915527344,21.125,21.290000915527344,5594,0.0,0.0
2023-01-18 15:30:00-05:00,21.440000534057617,21.450000762939453,21.200000762939453,21.280000686645508,11368,0.0,0.0
2023-01-19 09:30:00-05:00,20.81999969482422,21.288700103759766,20.639999389648438,21.110000610351562,7229,0.0,0.0
2023-01-19 11:30:00-05:00,20.520000457763672,21.100000381469727,20.520000457763672,21.100000381469727,3781,0.0,0.0
2023-01-19 12:30:00-05:00,20.950000762939453,21.260000228881836,20.950000762939453,21.260000228881836,3204,0.0,0.0
2023-01-19 13:30:00-05:00,21.25,21.525299072265625,21.209999084472656,21.525299072265625,5915,0.0,0.0
2023-01-19 14:30:00-05:00,21.549999237060547,21.549999237060547,21.25,21.34000015258789,3126,0.0,0.0
2023-01-19 15:30:00-05:00,21.25,21.25,20.770000457763672,20.829999923706055,19442,0.0,0.0
2023-01-20 09:30:00-05:00,21.219999313354492,21.399999618530273,20.94499969482422,21.270000457763672,8603,0.0,0.0
2023-01-20 10:30:00-05:00,21.43000030517578,21.440000534057617,20.850000381469727,21.05500030517578,9605,0.0,0.0
2023-01-20 11:30:00-05:00,21.15999984741211,21.15999984741211,20.864999771118164,21.024999618530273,8734,0.0,0.0
2023-01-20 12:30:00-05:00,20.94529914855957,21.0,20.920000076293945,20.989999771118164,3790,0.0,0.0
2023-01-20 13:30:00-05:00,21.149999618530273,21.15999984741211,20.985000610351562,21.030000686645508,8136,0.0,0.0
2023-01-20 14:30:00-05:00,21.093900680541992,21.290000915527344,21.093900680541992,21.100099563598633,5841,0.0,0.0
2023-01-20 15:30:00-05:00,21.110000610351562,21.290000915527344,21.100000381469727,21.229999542236328,9163,0.0,0.0
2023-01-23 09:30:00-05:00,21.40999984741211,21.530000686645508,21.18000030517578,21.530000686645508,1838,0.0,0.0
2023-01-23 10:30:00-05:00,21.540000915527344,21.670000076293945,21.540000915527344,21.600000381469727,1374,0.0,0.0
2023-01-23 11:30:00-05:00,21.64259910583496,21.809999465942383,21.53030014038086,21.746400833129883,3875,0.0,0.0
2023-01-23 12:30:00-05:00,21.790000915527344,21.80419921875,21.649999618530273,21.65999984741211,1582,0.0,0.0
2023-01-23 13:30:00-05:00,21.65999984741211,21.65999984741211,21.594999313354492,21.594999313354492,1407,0.0,0.0
2023-01-23 14:30:00-05:00,21.579999923706055,21.6299991607666,21.479999542236328,21.530000686645508,7411,0.0,0.0
2023-01-23 15:30:00-05:00,21.479999542236328,21.75,21.479999542236328,21.5,12866,0.0,0.0
2023-01-24 09:30:00-05:00,21.350000381469727,21.75,21.0,21.149999618530273,10487,0.0,0.0
2023-01-24 10:30:00-05:00,21.29990005493164,21.489999771118164,21.1299991607666,21.139999389648438,8277,0.0,0.0
2023-01-24 11:30:00-05:00,21.1299991607666,21.200000762939453,20.850000381469727,20.979999542236328,5878,0.0,0.0
2023-01-24 12:30:00-05:00,21.1299991607666,21.1299991607666,20.850000381469727,20.90999984741211,2276,0.0,0.0
2023-01-24 13:30:00-05:00,21.034000396728516,21.219999313354492,20.899999618530273,20.969999313354492,11826,0.0,0.0
2023-01-24 14:30:00-05:00,20.959999084472656,21.100000381469727,20.899999618530273,21.100000381469727,7506,0.0,0.0
2023-01-24 15:30:00-05:00,21.25,21.6299991607666,21.110000610351562,21.3700008392334,14817,0.0,0.0
2023-01-25 09:30:00-05:00,21.010000228881836,21.3700008392334,20.09000015258789,20.5,20383,0.0,0.0
2023-01-25 10:30:00-05:00,20.600000381469727,21.135000228881836,20.600000381469727,21.030000686645508,8640,0.0,0.0
2023-01-25 12:30:00-05:00,21.075000762939453,21.329999923706055,21.040000915527344,21.329999923706055,2963,0.0,0.0
2023-01-25 13:30:00-05:00,21.399999618530273,21.645599365234375,21.389999389648438,21.645599365234375,2724,0.0,0.0
2023-01-25 14:30:00-05:00,21.700000762939453,21.700000762939453,21.424999237060547,21.424999237060547,3606,0.0,0.0
2023-01-25 15:30:00-05:00,21.5,21.84000015258789,21.5,21.829999923706055,6022,0.0,0.0
2023-01-26 09:30:00-05:00,22.100000381469727,22.100000381469727,21.625,21.6299991607666,3751,0.0,0.0
2023-01-26 10:30:00-05:00,21.459999084472656,21.799999237060547,21.299999237060547,21.5,8647,0.0,0.0
2023-01-26 11:30:00-05:00,21.389999389648438,21.510000228881836,21.3799991607666,21.43000030517578,4310,0.0,0.0
2023-01-26 12:30:00-05:00,21.399999618530273,21.514999389648438,21.3075008392334,21.315000534057617,7615,0.0,0.0
2023-01-26 13:30:00-05:00,21.3075008392334,21.760000228881836,21.3075008392334,21.530000686645508,13673,0.0,0.0
2023-01-26 14:30:00-05:00,21.5,21.60449981689453,21.350000381469727,21.3799991607666,8834,0.0,0.0
2023-01-26 15:30:00-05:00,21.424999237060547,21.489999771118164,21.260000228881836,21.350000381469727,10519,0.0,0.0
2023-01-27 09:30:00-05:00,21.34000015258789,21.489999771118164,21.059999465942383,21.170000076293945,0,0.0,0.0
2023-01-27 10:30:00-05:00,21.1200008392334,21.219999313354492,20.90999984741211,21.149999618530273,3815,0.0,0.0
2023-01-27 11:30:00-05:00,21.100000381469727,21.3799991607666,21.100000381469727,21.3799991607666,6147,0.0,0.0
2023-01-27 12:30:00-05:00,21.229999542236328,21.43000030517578,21.1200008392334,21.299999237060547,5327,0.0,0.0
2023-01-27 13:30:00-05:00,21.375,21.375,21.229999542236328,21.229999542236328,2448,0.0,0.0
2023-01-27 14:30:00-05:00,21.25,21.46500015258789,21.229999542236328,21.299999237060547,5689,0.0,0.0
2023-01-27 15:30:00-05:00,21.375,21.559999465942383,21.260000228881836,21.309999465942383,17301,0.0,0.0
2023-01-30 09:30:00-05:00,20.93000030517578,21.508499145507812,20.549999237060547,20.719999313354492,7293,0.0,0.0
2023-01-30 10:30:00-05:00,20.71500015258789,20.790000915527344,20.519100189208984,20.610000610351562,11986,0.0,0.0
2023-01-30 11:30:00-05:00,20.649999618530273,20.959999084472656,20.540000915527344,20.684999465942383,13036,0.0,0.0
2023-01-30 12:30:00-05:00,20.65999984741211,20.799999237060547,20.639999389648438,20.790000915527344,2549,0.0,0.0
2023-01-30 13:30:00-05:00,20.719999313354492,20.75,20.545000076293945,20.545000076293945,8156,0.0,0.0
2023-01-30 14:30:00-05:00,20.520000457763672,20.520000457763672,20.15999984741211,20.260000228881836,9855,0.0,0.0
2023-01-30 15:30:00-05:00,20.260000228881836,20.329999923706055,20.0,20.010000228881836,16941,0.0,0.0
2023-01-31 09:30:00-05:00,20.0,20.200000762939453,19.959999084472656,20.200000762939453,6193,0.0,0.0
2023-01-31 10:30:00-05:00,20.200000762939453,20.290000915527344,20.1200008392334,20.290000915527344,4732,0.0,0.0
2023-01-31 11:30:00-05:00,20.295000076293945,20.295000076293945,20.155000686645508,20.263599395751953,3985,0.0,0.0
2023-01-31 12:30:00-05:00,20.25,20.25,20.149999618530273,20.18000030517578,3359,0.0,0.0
2023-01-31 13:30:00-05:00,20.049999237060547,20.610000610351562,19.979999542236328,20.450000762939453,9461,0.0,0.0
2023-01-31 14:30:00-05:00,20.489999771118164,20.5,20.270000457763672,20.450000762939453,11704,0.0,0.0
2023-01-31 15:30:00-05:00,20.450000762939453,20.469999313354492,19.899999618530273,19.989999771118164,40486,0.0,0.0
2023-02-01 09:30:00-05:00,20.219999313354492,20.459999084472656,19.860000610351562,20.329999923706055,8247,0.0,0.0
2023-02-01 10:30:00-05:00,20.280000686645508,20.440000534057617,19.899999618530273,20.190000534057617,14697,0.0,0.0
2023-02-01 11:30:00-05:00,20.09000015258789,20.239999771118164,20.059999465942383,20.239999771118164,10022,0.0,0.0
2023-02-01 12:30:00-05:00,20.125,20.315000534057617,20.125,20.200000762939453,2840,0.0,0.0
2023-02-01 13:30:00-05:00,20.190000534057617,20.43000030517578,20.1200008392334,20.329999923706055,5588,0.0,0.0
2023-02-01 14:30:00-05:00,20.31999969482422,20.940000534057617,20.15999984741211,20.809999465942383,15750,0.0,0.0
2023-02-01 15:30:00-05:00,20.8700008392334,21.110000610351562,20.670000076293945,20.709999084472656,34862,0.0,0.0
2023-02-02 09:30:00-05:00,21.260000228881836,21.889999389648438,21.260000228881836,21.364999771118164,10077,0.0,0.0
2023-02-02 10:30:00-05:00,21.375,21.489999771118164,21.270299911499023,21.299999237060547,12068,0.0,0.0
2023-02-02 11:30:00-05:00,21.329999923706055,21.55419921875,21.25,21.55419921875,2343,0.0,0.0
2023-02-02 12:30:00-05:00,21.600000381469727,21.649999618530273,21.43000030517578,21.450000762939453,6792,0.0,0.0
2023-02-02 13:30:00-05:00,21.479999542236328,21.670000076293945,21.329999923706055,21.329999923706055,6290,0.0,0.0
2023-02-02 14:30:00-05:00,21.364999771118164,22.222000122070312,21.219999313354492,22.094999313354492,30464,0.0,0.0
2023-02-02 15:30:00-05:00,22.059999465942383,22.485000610351562,21.979999542236328,22.0,30990,0.0,0.0
2023-02-03 09:30:00-05:00,21.559999465942383,22.049999237060547,21.350000381469727,21.93630027770996,8186,0.0,0.0
2023-02-03 10:30:00-05:00,21.979999542236328,22.239999771118164,21.90999984741211,22.149999618530273,4627,0.0,0.0
2023-02-03 11:30:00-05:00,22.449899673461914,22.449899673461914,21.889999389648438,22.40999984741211,7765,0.0,0.0
2023-02-03 12:30:00-05:00,22.190000534057617,22.190000534057617,21.760000228881836,21.780000686645508,2724,0.0,0.0
2023-02-03 13:30:00-05:00,21.790000915527344,21.81999969482422,21.600000381469727,21.600000381469727,4245,0.0,0.0
2023-02-03 14:30:00-05:00,21.59000015258789,21.670000076293945,21.43000030517578,21.670000076293945,8992,0.0,0.0
2023-02-03 15:30:00-05:00,21.719999313354492,21.889999389648438,21.559999465942383,21.559999465942383,11680,0.0,0.0
2023-02-06 09:30:00-05:00,21.200000762939453,21.239999771118164,20.700000762939453,20.850000381469727,9704,0.0,0.0
2023-02-06 10:30:00-05:00,20.809999465942383,21.15999984741211,20.709999084472656,21.08989906311035,18617,0.0,0.0
2023-02-06 11:30:00-05:00,21.0,21.05270004272461,20.780000686645508,20.780000686645508,3305,0.0,0.0
2023-02-06 12:30:00-05:00,20.764999389648438,20.764999389648438,20.649999618530273,20.649999618530273,1556,0.0,0.0
2023-02-06 13:30:00-05:00,20.815000534057617,20.850000381469727,20.704999923706055,20.81999969482422,2164,0.0,0.0
2023-02-06 14:30:00-05:00,20.815000534057617,20.989999771118164,20.729999542236328,20.799999237060547,10783,0.0,0.0
2023-02-06 15:30:00-05:00,20.670000076293945,20.8700008392334,20.670000076293945,20.709999084472656,10245,0.0,0.0
2023-02-07 09:30:00-05:00,20.6299991607666,21.0,20.389999389648438,20.600000381469727,8460,0.0,0.0
2023-02-07 10:30:00-05:00,20.59000015258789,20.790000915527344,20.55500030517578,20.739999771118164,9040,0.0,0.0
2023-02-07 11:30:00-05:00,20.760000228881836,20.760000228881836,20.502500534057617,20.600000381469727,5212,0.0,0.0
2023-02-07 12:30:00-05:00,20.6299991607666,21.010000228881836,20.6299991607666,20.84000015258789,12513,0.0,0.0
2023-02-07 13:30:00-05:00,20.549999237060547,20.739999771118164,20.420000076293945,20.625,5076,0.0,0.0
2023-02-07 14:30:00-05:00,20.700000762939453,20.899999618530273,20.639999389648438,20.899999618530273,24931,0.0,0.0
2023-02-07 15:30:00-05:00,20.889999389648438,21.190000534057617,20.834999084472656,21.030000686645508,18641,0.0,0.0
2023-02-08 09:30:00-05:00,20.80500030517578,21.510000228881836,20.78689956665039,21.209999084472656,4447,0.0,0.0
2023-02-08 10:30:00-05:00,21.100000381469727,21.1924991607666,21.049999237060547,21.1924991607666,2690,0.0,0.0
2023-02-08 11:30:00-05:00,21.20159912109375,21.260000228881836,21.059999465942383,21.225000381469727,2006,0.0,0.0
2023-02-08 12:30:00-05:00,21.450000762939453,21.530000686645508,21.19499969482422,21.405000686645508,5950,0.0,0.0
2023-02-08 13:30:00-05:00,21.479999542236328,21.479999542236328,21.315000534057617,21.385000228881836,1576,0.0,0.0
2023-02-08 14:30:00-05:00,21.329999923706055,21.329999923706055,20.920000076293945,20.985000610351562,11667,0.0,0.0
2023-02-08 15:30:00-05:00,21.0,21.1200008392334,21.0,21.059999465942383,5868,0.0,0.0
2023-02-09 09:30:00-05:00,21.440000534057617,21.600000381469727,21.344999313354492,21.344999313354492,0,0.0,0.0
2023-02-09 10:30:00-05:00,21.34000015258789,21.34000015258789,20.860000610351562,20.954999923706055,4761,0.0,0.0
2023-02-09 11:30:00-05:00,20.900400161743164,20.940000534057617,20.7450008392334,20.899999618530273,4017,0.0,0.0
2023-02-09 12:30:00-05:00,20.799999237060547,20.850000381469727,20.649999618530273,20.84000015258789,2095,0.0,0.0
2023-02-09 13:30:00-05:00,20.75,20.8799991607666,20.6200008392334,20.860000610351562,11258,0.0,0.0
2023-02-09 14:30:00-05:00,20.809999465942383,20.8799991607666,20.13010025024414,20.19499969482422,33163,0.0,0.0
2023-02-09 15:30:00-05:00,20.239999771118164,20.420000076293945,20.200000762939453,20.31999969482422,9405,0.0,0.0
2023-02-10 09:30:00-05:00,20.190000534057617,20.27199935913086,19.75,20.149999618530273,12668,0.0,0.0
2023-02-10 10:30:00-05:00,20.049999237060547,20.049999237060547,19.940000534057617,19.940000534057617,1442,0.0,0.0
2023-02-10 11:30:00-05:00,19.959999084472656,20.139999389648438,19.899999618530273,19.90999984741211,8613,0.0,0.0
2023-02-10 12:30:00-05:00,20.05970001220703,20.18000030517578,20.049999237060547,20.18000030517578,1695,0.0,0.0
2023-02-10 13:30:00-05:00,20.270000457763672,20.270000457763672,20.040000915527344,20.158000946044922,2979,0.0,0.0
2023-02-10 14:30:00-05:00,20.31999969482422,20.399999618530273,20.25,20.264999389648438,3053,0.0,0.0
2023-02-10 15:30:00-05:00,20.31999969482422,20.3799991607666,20.18000030517578,20.25,5860,0.0,0.0
2023-02-13 09:30:00-05:00,20.350000381469727,20.389999389648438,20.149999618530273,20.344999313354492,2455,0.0,0.0
2023-02-13 10:30:00-05:00,20.329999923706055,20.780000686645508,20.329999923706055,20.690000534057617,4587,0.0,0.0
2023-02-13 11:30:00-05:00,20.77680015563965,20.780000686645508,20.63010025024414,20.780000686645508,3179,0.0,0.0
2023-02-13 12:30:00-05:00,20.789899826049805,20.93000030517578,20.65999984741211,20.65999984741211,4008,0.0,0.0
2023-02-13 13:30:00-05:00,20.670000076293945,20.764999389648438,20.450000762939453,20.450000762939453,6691,0.0,0.0
2023-02-13 14:30:00-05:00,20.422100067138672,20.885000228881836,20.28030014038086,20.81999969482422,8670,0.0,0.0
2023-02-13 15:30:00-05:00,20.81999969482422,20.950000762939453,20.809999465942383,20.90999984741211,9091,0.0,0.0
2023-02-14 09:30:00-05:00,20.770000457763672,21.559999465942383,20.770000457763672,21.100000381469727,4071,0.0,0.0
2023-02-14 10:30:00-05:00,20.93000030517578,20.94499969482422,20.692800521850586,20.860000610351562,3170,0.0,0.0
2023-02-14 11:30:00-05:00,20.5,21.110000610351562,20.5,21.110000610351562,3651,0.0,0.0
2023-02-14 12:30:00-05:00,20.959999084472656,21.204999923706055,20.959999084472656,21.053800582885742,1996,0.0,0.0
2023-02-14 13:30:00-05:00,21.049999237060547,21.219999313354492,21.0,21.219999313354492,2234,0.0,0.0
2023-02-14 14:30:00-05:00,21.299999237060547,21.385000228881836,21.28499984741211,21.385000228881836,2347,0.0,0.0
2023-02-14 15:30:00-05:00,21.334999084472656,21.420000076293945,21.149999618530273,21.280000686645508,8750,0.0,0.0
2023-02-15 09:30:00-05:00,21.110000610351562,21.479900360107422,20.985000610351562,20.9950008392334,3372,0.0,0.0
2023-02-15 10:30:00-05:00,21.475099563598633,21.690000534057617,21.475099563598633,21.690000534057617,370,0.0,0.0
2023-02-15 11:30:00-05:00,21.46500015258789,21.799999237060547,21.46500015258789,21.799999237060547,1822,0.0,0.0
2023-02-15 12:30:00-05:00,21.799999237060547,21.950000762939453,21.799999237060547,21.8799991607666,3257,0.0,0.0
2023-02-15 13:30:00-05:00,21.832199096679688,22.229999542236328,21.832199096679688,22.139999389648438,4415,0.0,0.0
2023-02-15 14:30:00-05:00,22.228700637817383,22.421600341796875,22.225000381469727,22.2549991607666,4929,0.0,0.0
2023-02-15 15:30:00-05:00,22.31999969482422,22.463600158691406,22.280000686645508,22.360000610351562,7185,0.0,0.0
2023-02-16 09:30:00-05:00,21.790000915527344,22.389999389648438,21.700000762939453,22.389999389648438,4746,0.0,0.0
2023-02-16 10:30:00-05:00,22.139999389648438,22.998899459838867,22.139999389648438,22.729999542236328,7713,0.0,0.0
2023-02-16 11:30:00-05:00,22.729999542236328,22.780000686645508,22.415000915527344,22.481399536132812,7021,0.0,0.0
2023-02-16 12:30:00-05:00,22.356599807739258,22.850000381469727,22.356599807739258,22.56999969482422,11463,0.0,0.0
2023-02-16 13:30:00-05:00,22.5,22.56999969482422,22.5,22.510000228881836,2281,0.0,0.0
2023-02-16 14:30:00-05:00,22.4375,22.690000534057617,22.34000015258789,22.350000381469727,10262,0.0,0.0
2023-02-16 15:30:00-05:00,22.260000228881836,22.260000228881836,22.059999465942383,22.139999389648438,9905,0.0,0.0
2023-02-17 09:30:00-05:00,22.139999389648438,22.520000457763672,21.649999618530273,22.5,20007,0.0,0.0
2023-02-17 10:30:00-05:00,22.6299991607666,22.940000534057617,22.334699630737305,22.520000457763672,10876,0.0,0.0
2023-02-17 11:30:00-05:00,22.520000457763672,22.520000457763672,21.899999618530273,22.0,12875,0.0,0.0
2023-02-17 12:30:00-05:00,22.0,22.309999465942383,21.829999923706055,21.910499572753906,34125,0.0,0.0
2023-02-17 13:30:00-05:00,22.030000686645508,22.079999923706055,22.030000686645508,22.079999923706055,1411,0.0,0.0
2023-02-17 14:30:00-05:00,22.280000686645508,22.520000457763672,22.280000686645508,22.40999984741211,6585,0.0,0.0
2023-02-17 15:30:00-05:00,22.399999618530273,22.6200008392334,22.344999313354492,22.579999923706055,31401,0.0,0.0
2023-02-21 09:30:00-05:00,22.020000457763672,22.489999771118164,21.855300903320312,21.93000030517578,28357,0.0,0.0
2023-02-21 10:30:00-05:00,21.940000534057617,22.139999389648438,21.65999984741211,21.809999465942383,8174,0.0,0.0
2023-02-21 11:30:00-05:00,21.780000686645508,21.780000686645508,21.15999984741211,21.161300659179688,7049,0.0,0.0
2023-02-21 12:30:00-05:00,21.299999237060547,21.809999465942383,21.279800415039062,21.770000457763672,9853,0.0,0.0
2023-02-21 13:30:00-05:00,21.729999542236328,21.729999542236328,21.5,21.690000534057617,3976,0.0,0.0
2023-02-21 14:30:00-05:00,21.709999084472656,21.75,21.329999923706055,21.424999237060547,8241,0.0,0.0
2023-02-21 15:30:00-05:00,21.329999923706055,21.450000762939453,21.06999969482422,21.15999984741211,26159,0.0,0.0
2023-02-22 09:30:00-05:00,21.020000457763672,21.75,21.020000457763672,21.149999618530273,11229,0.0,0.0
2023-02-22 10:30:00-05:00,21.100000381469727,21.392499923706055,21.059999465942383,21.25,6523,0.0,0.0
2023-02-22 11:30:00-05:00,21.200000762939453,21.25,21.110000610351562,21.170000076293945,10304,0.0,0.0
2023-02-22 12:30:00-05:00,21.135000228881836,21.229999542236328,21.06999969482422,21.200000762939453,13989,0.0,0.0
2023-02-22 13:30:00-05:00,21.200000762939453,21.219999313354492,21.059999465942383,21.1200008392334,20007,0.0,0.0
2023-02-22 14:30:00-05:00,21.049999237060547,21.100000381469727,20.329999923706055,20.649999618530273,117102,0.0,0.0
2023-02-22 15:30:00-05:00,20.665000915527344,20.665000915527344,20.40999984741211,20.450000762939453,11743,0.0,0.0
2023-02-23 09:30:00-05:00,20.829999923706055,20.850000381469727,20.600799560546875,20.850000381469727,6442,0.0,0.0
2023-02-23 10:30:00-05:00,20.780000686645508,21.030000686645508,20.770000457763672,20.770000457763672,9096,0.0,0.0
2023-02-23 11:30:00-05:00,20.68000030517578,20.729999542236328,20.440000534057617,20.510000228881836,2542,0.0,0.0
2023-02-23 12:30:00-05:00,20.770000457763672,20.850000381469727,20.65999984741211,20.81999969482422,708,0.0,0.0
2023-02-23 13:30:00-05:00,20.7450008392334,20.81999969482422,20.522499084472656,20.700000762939453,17391,0.0,0.0
2023-02-23 14:30:00-05:00,20.704999923706055,20.920000076293945,20.63319969177246,20.90999984741211,13637,0.0,0.0
2023-02-23 15:30:00-05:00,20.920000076293945,21.010000228881836,20.809999465942383,20.889999389648438,14429,0.0,0.0
2023-02-24 09:30:00-05:00,20.299999237060547,20.299999237060547,19.3700008392334,19.3700008392334,8018,0.0,0.0
2023-02-24 10:30:00-05:00,19.514999389648438,20.0,19.40999984741211,20.0,14201,0.0,0.0
2023-02-24 11:30:00-05:00,20.027999877929688,20.040000915527344,19.770000457763672,19.770000457763672,3873,0.0,0.0
2023-02-24 12:30:00-05:00,19.825000762939453,19.825000762939453,19.639999389648438,19.65999984741211,4073,0.0,0.0
2023-02-24 13:30:00-05:00,19.7549991607666,19.790000915527344,19.639999389648438,19.645000457763672,2758,0.0,0.0
2023-02-24 14:30:00-05:00,19.56999969482422,19.631000518798828,19.440000534057617,19.440000534057617,7677,0.0,0.0
2023-02-24 15:30:00-05:00,19.454999923706055,19.469999313354492,19.260000228881836,19.260000228881836,21658,0.0,0.0
2023-02-27 09:30:00-05:00,19.450000762939453,19.709999084472656,18.90999984741211,19.399999618530273,14545,0.0,0.0
2023-02-27 10:30:00-05:00,19.3700008392334,19.8700008392334,19.3700008392334,19.600000381469727,19220,0.0,0.0
2023-02-27 11:30:00-05:00,19.610000610351562,19.889999389648438,19.510000228881836,19.774999618530273,6716,0.0,0.0
2023-02-27 12:30:00-05:00,19.829999923706055,20.0,19.829999923706055,19.90999984741211,4959,0.0,0.0
2023-02-27 13:30:00-05:00,19.940000534057617,20.09000015258789,19.81999969482422,20.010000228881836,10094,0.0,0.0
2023-02-27 14:30:00-05:00,20.0,20.040000915527344,19.864999771118164,19.989999771118164,10890,0.0,0.0
2023-02-27 15:30:00-05:00,19.979999542236328,20.010000228881836,19.780000686645508,19.850000381469727,23333,0.0,0.0
2023-02-28 09:30:00-05:00,19.739999771118164,20.170000076293945,19.584999084472656,20.170000076293945,4661,0.0,0.0
2023-02-28 10:30:00-05:00,20.079999923706055,20.3799991607666,20.030000686645508,20.360000610351562,3228,0.0,0.0
2023-02-28 11:30:00-05:00,20.204999923706055,20.399999618530273,20.155000686645508,20.399999618530273,2057,0.0,0.0
2023-02-28 12:30:00-05:00,20.329999923706055,20.6299991607666,20.329999923706055,20.51919937133789,1242,0.0,0.0
2023-02-28 13:30:00-05:00,20.43000030517578,20.81999969482422,20.43000030517578,20.75,3272,0.0,0.0
2023-02-28 14:30:00-05:00,20.649999618530273,20.790000915527344,20.479999542236328,20.485000610351562,7104,0.0,0.0
2023-02-28 15:30:00-05:00,20.518800735473633,20.6200008392334,20.299999237060547,20.3799991607666,28241,0.0,0.0
2023-03-01 09:30:00-05:00,20.18000030517578,20.18000030517578,19.420000076293945,19.635000228881836,19179,0.0,0.0
2023-03-01 10:30:00-05:00,19.690000534057617,19.969999313354492,19.510000228881836,19.84000015258789,20034,0.0,0.0
2023-03-01 11:30:00-05:00,19.75,20.059999465942383,19.709999084472656,19.829999923706055,14702,0.0,0.0
2023-03-01 12:30:00-05:00,19.790000915527344,20.040000915527344,19.69499969482422,19.84000015258789,10015,0.0,0.0
2023-03-01 13:30:00-05:00,19.850000381469727,19.895200729370117,19.639999389648438,19.780000686645508,8461,0.0,0.0
2023-03-01 14:30:00-05:00,19.760000228881836,19.854999542236328,19.735000610351562,19.850000381469727,13197,0.0,0.0
2023-03-01 15:30:00-05:00,19.8799991607666,20.15999984741211,19.8799991607666,20.040000915527344,24729,0.0,0.0
2023-03-02 09:30:00-05:00,19.399999618530273,19.59000015258789,16.979999542236328,18.670000076293945,51550,0.0,0.0
2023-03-02 10:30:00-05:00,18.65999984741211,19.690000534057617,18.65999984741211,19.239999771118164,27241,0.0,0.0
2023-03-02 11:30:00-05:00,19.209999084472656,19.329999923706055,18.84000015258789,18.954999923706055,10146,0.0,0.0
2023-03-02 12:30:00-05:00,18.950000762939453,19.065000534057617,18.90999984741211,19.020000457763672,7160,0.0,0.0
2023-03-02 13:30:00-05:00,19.024999618530273,19.420000076293945,19.024999618530273,19.290000915527344,11515,0.0,0.0
2023-03-02 14:30:00-05:00,19.270000457763672,19.540000915527344,19.079999923706055,19.540000915527344,20342,0.0,0.0
2023-03-02 15:30:00-05:00,19.549999237060547,19.84000015258789,19.45009994506836,19.559999465942383,27764,0.0,0.0
2023-03-03 09:30:00-05:00,19.540000915527344,21.15999984741211,19.540000915527344,20.795000076293945,23411,0.0,0.0
2023-03-03 10:30:00-05:00,20.815000534057617,21.079999923706055,20.719999313354492,21.040000915527344,4832,0.0,0.0
2023-03-03 11:30:00-05:00,21.100000381469727,21.21500015258789,20.825000762939453,20.969999313354492,8545,0.0,0.0
2023-03-03 12:30:00-05:00,20.940000534057617,21.024999618530273,20.809999465942383,20.934999465942383,5741,0.0,0.0
2023-03-03 13:30:00-05:00,20.959999084472656,21.1200008392334,20.959999084472656,21.1200008392334,3112,0.0,0.0
2023-03-03 14:30:00-05:00,21.155000686645508,21.5,21.010000228881836,21.280000686645508,19403,0.0,0.0
2023-03-03 15:30:00-05:00,21.280000686645508,21.315000534057617,20.93000030517578,20.989999771118164,22607,0.0,0.0
2023-03-06 09:30:00-05:00,21.020000457763672,21.549999237060547,20.549999237060547,21.405000686645508,8563,0.0,0.0
2023-03-06 10:30:00-05:00,21.270000457763672,21.270000457763672,21.0,21.03499984741211,6815,0.0,0.0
2023-03-06 11:30:00-05:00,21.0049991607666,21.25,21.0049991607666,21.110000610351562,2859,0.0,0.0
2023-03-06 12:30:00-05:00,21.21500015258789,21.459999084472656,21.100000381469727,21.219999313354492,16269,0.0,0.0
2023-03-06 13:30:00-05:00,21.09000015258789,21.260000228881836,21.05500030517578,21.18000030517578,4008,0.0,0.0
2023-03-06 14:30:00-05:00,21.010000228881836,21.239999771118164,20.989999771118164,21.0,8064,0.0,0.0
2023-03-06 15:30:00-05:00,21.0,21.219999313354492,20.959999084472656,21.15999984741211,21699,0.0,0.0
2023-03-07 09:30:00-05:00,21.110000610351562,21.489999771118164,21.0,21.318500518798828,0,0.0,0.0
2023-03-07 10:30:00-05:00,21.420000076293945,21.43000030517578,21.360000610351562,21.43000030517578,3283,0.0,0.0
2023-03-07 11:30:00-05:00,21.40999984741211,21.889999389648438,21.40999984741211,21.780000686645508,5170,0.0,0.0
2023-03-07 12:30:00-05:00,21.860000610351562,21.885000228881836,21.661500930786133,21.661500930786133,3079,0.0,0.0
2023-03-07 13:30:00-05:00,21.530000686645508,21.530000686645508,21.100000381469727,21.100000381469727,8095,0.0,0.0
2023-03-07 14:30:00-05:00,21.05500030517578,21.350000381469727,21.05500030517578,21.299999237060547,5649,0.0,0.0
2023-03-07 15:30:00-05:00,21.239999771118164,21.350000381469727,21.010000228881836,21.06999969482422,12983,0.0,0.0
2023-03-08 09:30:00-05:00,21.149999618530273,21.209999084472656,20.150999069213867,21.209999084472656,13587,0.0,0.0
2023-03-08 10:30:00-05:00,21.360000610351562,21.44499969482422,21.229999542236328,21.229999542236328,5225,0.0,0.0
2023-03-08 11:30:00-05:00,21.049999237060547,21.329999923706055,21.0,21.239999771118164,6300,0.0,0.0
2023-03-08 12:30:00-05:00,21.15999984741211,21.15999984741211,21.049999237060547,21.059999465942383,4369,0.0,0.0
2023-03-08 13:30:00-05:00,21.010000228881836,21.15999984741211,20.889999389648438,21.145000457763672,10174,0.0,0.0
2023-03-08 14:30:00-05:00,21.1299991607666,21.290000915527344,21.059999465942383,21.15999984741211,15691,0.0,0.0
2023-03-08 15:30:00-05:00,21.190000534057617,21.43000030517578,21.190000534057617,21.40999984741211,11446,0.0,0.0
2023-03-09 09:30:00-05:00,21.190000534057617,21.270000457763672,21.190000534057617,21.270000457763672,4885,0.0,0.0
2023-03-09 10:30:00-05:00,21.475000381469727,21.614999771118164,21.3700008392334,21.46500015258789,2219,0.0,0.0
2023-03-09 11:30:00-05:00,21.3799991607666,21.700000762939453,21.360000610351562,21.6299991607666,10985,0.0,0.0
2023-03-09 12:30:00-05:00,21.625,21.65999984741211,21.270000457763672,21.280000686645508,8402,0.0,0.0
2023-03-09 13:30:00-05:00,21.100000381469727,21.360000610351562,21.100000381469727,21.139999389648438,10111,0.0,0.0
2023-03-09 14:30:00-05:00,21.25,21.309999465942383,21.075000762939453,21.149999618530273,6127,0.0,0.0
2023-03-09 15:30:00-05:00,21.100000381469727,21.1299991607666,20.93000030517578,21.0,16921,0.0,0.0
2023-03-10 09:30:00-05:00,20.829999923706055,20.829999923706055,20.010000228881836,20.100000381469727,7272,0.0,0.0
2023-03-10 10:30:00-05:00,20.207199096679688,20.44499969482422,20.1200008392334,20.31999969482422,2673,0.0,0.0
2023-03-10 11:30:00-05:00,20.40999984741211,20.729999542236328,19.950000762939453,19.950000762939453,11036,0.0,0.0
2023-03-10 12:30:00-05:00,20.030000686645508,20.290000915527344,19.8799991607666,20.0,10447,0.0,0.0
2023-03-10 13:30:00-05:00,19.989900588989258,20.09000015258789,19.649999618530273,19.889999389648438,10874,0.0,0.0
2023-03-10 14:30:00-05:00,20.020000457763672,20.204999923706055,19.899999618530273,20.014999389648438,17073,0.0,0.0
2023-03-10 15:30:00-05:00,19.959999084472656,20.15999984741211,19.760000228881836,19.979999542236328,21166,0.0,0.0
2023-03-13 09:30:00-04:00,19.399999618530273,19.610000610351562,19.354999542236328,19.490100860595703,4367,0.0,0.0
2023-03-13 10:30:00-04:00,19.690000534057617,20.100000381469727,19.549999237060547,20.049999237060547,10955,0.0,0.0
2023-03-13 11:30:00-04:00,20.049999237060547,20.049999237060547,19.799999237060547,20.040000915527344,5788,0.0,0.0
2023-03-13 12:30:00-04:00,19.729999542236328,19.729999542236328,19.204999923706055,19.280000686645508,7441,0.0,0.0
2023-03-13 13:30:00-04:00,19.209999084472656,19.59000015258789,19.209999084472656,19.59000015258789,6422,0.0,0.0
2023-03-13 14:30:00-04:00,19.524999618530273,19.524999618530273,18.979999542236328,19.0,12725,0.0,0.0
2023-03-13 15:30:00-04:00,19.06999969482422,19.420000076293945,18.8700008392334,19.020000457763672,21619,0.0,0.0
2023-03-14 09:30:00-04:00,19.68000030517578,19.68000030517578,19.30500030517578,19.30500030517578,9073,0.0,0.0
2023-03-14 10:30:00-04:00,19.39189910888672,19.68000030517578,19.309999465942383,19.309999465942383,3011,0.0,0.0
2023-03-14 11:30:00-04:00,19.290000915527344,19.350000381469727,19.049999237060547,19.049999237060547,8982,0.0,0.0
2023-03-14 12:30:00-04:00,19.139999389648438,19.25,18.760000228881836,18.894899368286133,4880,0.0,0.0
2023-03-14 13:30:00-04:00,18.790000915527344,18.959999084472656,18.700000762939453,18.81999969482422,4339,0.0,0.0
2023-03-14 14:30:00-04:00,18.860000610351562,18.959999084472656,18.559999465942383,18.559999465942383,5288,0.0,0.0
2023-03-14 15:30:00-04:00,18.68000030517578,18.889999389648438,18.6299991607666,18.84000015258789,10253,0.0,0.0
2023-03-15 09:30:00-04:00,18.25,18.749900817871094,18.200000762939453,18.520000457763672,7345,0.0,0.0
2023-03-15 10:30:00-04:00,18.4768009185791,19.030000686645508,18.229999542236328,18.68000030517578,13346,0.0,0.0
2023-03-15 11:30:00-04:00,18.674999237060547,19.010000228881836,18.674999237060547,18.984899520874023,5310,0.0,0.0
2023-03-15 12:30:00-04:00,18.799999237060547,19.25,18.6924991607666,19.100000381469727,13155,0.0,0.0
2023-03-15 13:30:00-04:00,19.299999237060547,19.379899978637695,18.850000381469727,19.18000030517578,9362,0.0,0.0
2023-03-15 14:30:00-04:00,19.3700008392334,19.3700008392334,18.780099868774414,18.81999969482422,12801,0.0,0.0
2023-03-15 15:30:00-04:00,18.915000915527344,18.915000915527344,18.540000915527344,18.829999923706055,13909,0.0,0.0
2023-03-16 09:30:00-04:00,18.6200008392334,18.829999923706055,17.850000381469727,18.479999542236328,22324,0.0,0.0
2023-03-16 10:30:00-04:00,18.31999969482422,18.8799991607666,18.170000076293945,18.600000381469727,22014,0.0,0.0
2023-03-16 11:30:00-04:00,18.639999389648438,18.849899291992188,18.479999542236328,18.799999237060547,14892,0.0,0.0
2023-03-16 12:30:00-04:00,18.68000030517578,18.799999237060547,18.510099411010742,18.560100555419922,12293,0.0,0.0
2023-03-16 13:30:00-04:00,18.549999237060547,18.670000076293945,18.15999984741211,18.670000076293945,19429,0.0,0.0
2023-03-16 14:30:00-04:00,18.648399353027344,18.8700008392334,18.540000915527344,18.719999313354492,10622,0.0,0.0
2023-03-16 15:30:00-04:00,18.649999618530273,18.670000076293945,18.34000015258789,18.3700008392334,12493,0.0,0.0
2023-03-17 09:30:00-04:00,18.1299991607666,18.31999969482422,18.0,18.0,24943,0.0,0.0
2023-03-17 10:30:00-04:00,17.96500015258789,18.010000228881836,17.260000228881836,17.540000915527344,21541,0.0,0.0
2023-03-17 11:30:00-04:00,17.579999923706055,17.84000015258789,17.520000457763672,17.700000762939453,10953,0.0,0.0
2023-03-17 12:30:00-04:00,17.704999923706055,17.90999984741211,17.68000030517578,17.889999389648438,8515,0.0,0.0
2023-03-17 13:30:00-04:00,17.809999465942383,18.020000457763672,17.809999465942383,17.93000030517578,4605,0.0,0.0
2023-03-17 14:30:00-04:00,17.829999923706055,17.899999618530273,17.770000457763672,17.770000457763672,7098,0.0,0.0
2023-03-17 15:30:00-04:00,17.719999313354492,17.790000915527344,17.440000534057617,17.450000762939453,26461,0.0,0.0
2023-03-20 09:30:00-04:00,17.610000610351562,17.81999969482422,17.299999237060547,17.40999984741211,13689,0.0,0.0
2023-03-20 10:30:00-04:00,17.35759925842285,17.43000030517578,17.079999923706055,17.079999923706055,8624,0.0,0.0
2023-03-20 11:30:00-04:00,17.0,17.0,16.897600173950195,16.899999618530273,6244,0.0,0.0
2023-03-20 12:30:00-04:00,16.860000610351562,17.518600463867188,16.860000610351562,17.518600463867188,14921,0.0,0.0
2023-03-20 13:30:00-04:00,17.549999237060547,17.549999237060547,17.350000381469727,17.43000030517578,10660,0.0,0.0
2023-03-20 14:30:00-04:00,17.43000030517578,17.510000228881836,17.3700008392334,17.43000030517578,9881,0.0,0.0
2023-03-20 15:30:00-04:00,17.479999542236328,17.59000015258789,17.389999389648438,17.469999313354492,14676,0.0,0.0
2023-03-21 09:30:00-04:00,17.799999237060547,18.15999984741211,17.110000610351562,18.100000381469727,11123,0.0,0.0
2023-03-21 10:30:00-04:00,17.959699630737305,18.084999084472656,17.56999969482422,18.06999969482422,19645,0.0,0.0
2023-03-21 11:30:00-04:00,18.065000534057617,18.290000915527344,17.969999313354492,17.979999542236328,6835,0.0,0.0
2023-03-21 12:30:00-04:00,18.0,18.15999984741211,17.989999771118164,18.1299991607666,3595,0.0,0.0
2023-03-21 13:30:00-04:00,18.239999771118164,18.239999771118164,18.084999084472656,18.100000381469727,4972,0.0,0.0
2023-03-21 14:30:00-04:00,18.079999923706055,18.280000686645508,18.06999969482422,18.084999084472656,6614,0.0,0.0
2023-03-21 15:30:00-04:00,18.040000915527344,18.350000381469727,18.040000915527344,18.31999969482422,13102,0.0,0.0
2023-03-22 09:30:00-04:00,18.25,18.950000762939453,18.110000610351562,18.950000762939453,0,0.0,0.0
2023-03-22 10:30:00-04:00,18.950000762939453,18.979999542236328,18.59000015258789,18.59000015258789,4397,0.0,0.0
2023-03-22 11:30:00-04:00,18.600000381469727,18.676599502563477,18.5,18.59000015258789,2034,0.0,0.0
2023-03-22 12:30:00-04:00,18.510000228881836,19.020000457763672,18.510000228881836,18.933700561523438,14035,0.0,0.0
2023-03-22 13:30:00-04:00,19.030000686645508,19.739999771118164,19.030000686645508,19.389999389648438,22016,0.0,0.0
2023-03-22 14:30:00-04:00,19.389999389648438,19.395000457763672,18.739999771118164,19.1200008392334,7031,0.0,0.0
2023-03-22 15:30:00-04:00,18.889999389648438,18.889999389648438,18.31999969482422,18.3799991607666,20751,0.0,0.0
2023-03-23 09:30:00-04:00,18.540000915527344,18.770000457763672,18.540000915527344,18.770000457763672,1603,0.0,0.0
2023-03-23 10:30:00-04:00,19.0,19.20989990234375,18.93000030517578,18.951499938964844,5238,0.0,0.0
2023-03-23 11:30:00-04:00,18.90999984741211,19.016300201416016,18.850000381469727,18.915000915527344,7977,0.0,0.0
2023-03-23 12:30:00-04:00,18.8799991607666,18.959999084472656,18.829999923706055,18.920000076293945,7276,0.0,0.0
2023-03-23 13:30:00-04:00,18.940000534057617,19.030000686645508,18.760000228881836,18.760000228881836,9162,0.0,0.0
2023-03-23 14:30:00-04:00,18.735000610351562,19.045000076293945,18.735000610351562,18.975000381469727,17352,0.0,0.0
2023-03-23 15:30:00-04:00,18.920000076293945,19.170000076293945,18.920000076293945,19.110000610351562,12592,0.0,0.0
2023-03-24 09:30:00-04:00,18.799999237060547,19.049999237060547,18.399999618530273,19.049999237060547,2388,0.0,0.0
2023-03-24 10:30:00-04:00,18.93000030517578,18.93000030517578,18.600099563598633,18.600099563598633,2013,0.0,0.0
2023-03-24 11:30:00-04:00,18.559999465942383,18.649999618530273,18.559999465942383,18.559999465942383,2445,0.0,0.0
2023-03-24 12:30:00-04:00,18.55500030517578,18.55500030517578,18.274999618530273,18.420000076293945,2643,0.0,0.0
2023-03-24 13:30:00-04:00,18.25,18.40999984741211,18.079999923706055,18.40999984741211,3421,0.0,0.0
2023-03-24 14:30:00-04:00,18.415000915527344,18.639999389648438,18.3799991607666,18.450000762939453,8222,0.0,0.0
2023-03-24 15:30:00-04:00,18.440000534057617,18.549999237060547,18.440000534057617,18.489999771118164,6633,0.0,0.0
2023-03-27 09:30:00-04:00,18.799999237060547,18.8700008392334,18.690000534057617,18.81999969482422,5861,0.0,0.0
2023-03-27 10:30:00-04:00,18.709999084472656,18.709999084472656,18.3799991607666,18.3799991607666,4386,0.0,0.0
2023-03-27 11:30:00-04:00,18.3700008392334,18.559999465942383,18.360000610351562,18.559999465942383,3449,0.0,0.0
2023-03-27 12:30:00-04:00,18.540000915527344,18.899999618530273,18.540000915527344,18.899999618530273,5683,0.0,0.0
2023-03-27 13:30:00-04:00,19.010000228881836,19.049999237060547,19.010000228881836,19.049999237060547,357,0.0,0.0
2023-03-27 14:30:00-04:00,19.1200008392334,19.18000030517578,19.1200008392334,19.149999618530273,3047,0.0,0.0
2023-03-27 15:30:00-04:00,19.09000015258789,19.319900512695312,19.09000015258789,19.229999542236328,13740,0.0,0.0
2023-03-28 09:30:00-04:00,19.030000686645508,19.030000686645508,18.899999618530273,18.920000076293945,789,0.0,0.0
2023-03-28 10:30:00-04:00,18.93000030517578,19.09000015258789,18.799999237060547,19.040000915527344,5787,0.0,0.0
2023-03-28 11:30:00-04:00,19.059999465942383,19.059999465942383,19.059999465942383,19.059999465942383,534,0.0,0.0
2023-03-28 12:30:00-04:00,18.920000076293945,18.920000076293945,18.760000228881836,18.760000228881836,1453,0.0,0.0
2023-03-28 13:30:00-04:00,18.760000228881836,18.81999969482422,18.690000534057617,18.690000534057617,2273,0.0,0.0
2023-03-28 14:30:00-04:00,18.770000457763672,18.889999389648438,18.75,18.809999465942383,1684,0.0,0.0
2023-03-28 15:30:00-04:00,18.809999465942383,18.950000762939453,18.780000686645508,18.780000686645508,6149,0.0,0.0
2023-03-29 09:30:00-04:00,19.06999969482422,19.229999542236328,18.65999984741211,18.920000076293945,1845,0.0,0.0
2023-03-29 10:30:00-04:00,18.93000030517578,19.049999237060547,18.540000915527344,18.614999771118164,3130,0.0,0.0
2023-03-29 11:30:00-04:00,18.662900924682617,18.889999389648438,18.600000381469727,18.799999237060547,4304,0.0,0.0
2023-03-29 12:30:00-04:00,18.799999237060547,19.040000915527344,18.665000915527344,19.040000915527344,5523,0.0,0.0
2023-03-29 13:30:00-04:00,19.059999465942383,19.239999771118164,18.959999084472656,19.104999542236328,5460,0.0,0.0
2023-03-29 14:30:00-04:00,19.18000030517578,19.364999771118164,19.110000610351562,19.364999771118164,7707,0.0,0.0
2023-03-29 15:30:00-04:00,19.280000686645508,19.395000457763672,19.15999984741211,19.209999084472656,11238,0.0,0.0
2023-03-30 09:30:00-04:00,19.309999465942383,19.875200271606445,19.100000381469727,19.399999618530273,7522,0.0,0.0
2023-03-30 10:30:00-04:00,19.5,19.5,19.280000686645508,19.364999771118164,2003,0.0,0.0
2023-03-30 11:30:00-04:00,19.290000915527344,19.34000015258789,19.139999389648438,19.260000228881836,3735,0.0,0.0
2023-03-30 12:30:00-04:00,19.25,19.469999313354492,19.25,19.309999465942383,2928,0.0,0.0
2023-03-30 13:30:00-04:00,19.190000534057617,19.229999542236328,18.969999313354492,19.104999542236328,4326,0.0,0.0
2023-03-30 14:30:00-04:00,18.969999313354492,19.059999465942383,18.899999618530273,18.969999313354492,1624,0.0,0.0
2023-03-30 15:30:00-04:00,18.899999618530273,19.100000381469727,18.899999618530273,19.030000686645508,10613,0.0,0.0
2023-03-31 09:30:00-04:00,19.15999984741211,19.389999389648438,19.059999465942383,19.280000686645508,1764,0.0,0.0
2023-03-31 10:30:00-04:00,19.540000915527344,19.780000686645508,19.350000381469727,19.645000457763672,6819,0.0,0.0
2023-03-31 11:30:00-04:00,19.559999465942383,19.7549991607666,19.5,19.7549991607666,1478,0.0,0.0
2023-03-31 12:30:00-04:00,19.40999984741211,19.565000534057617,19.290000915527344,19.290000915527344,3556,0.0,0.0
2023-03-31 13:30:00-04:00,19.350000381469727,19.479999542236328,19.260000228881836,19.395000457763672,2275,0.0,0.0
2023-03-31 14:30:00-04:00,19.389999389648438,19.645000457763672,19.389999389648438,19.579999923706055,5627,0.0,0.0
2023-03-31 15:30:00-04:00,19.530000686645508,19.885000228881836,19.469999313354492,19.639999389648438,30561,0.0,0.0
2023-04-03 09:30:00-04:00,19.399999618530273,20.114999771118164,19.399999618530273,20.114999771118164,7246,0.0,0.0
2023-04-03 10:30:00-04:00,19.899999618530273,19.9950008392334,19.459999084472656,19.899999618530273,9589,0.0,0.0
2023-04-03 11:30:00-04:00,19.9950008392334,20.190000534057617,19.729999542236328,20.075000762939453,5668,0.0,0.0
2023-04-03 12:30:00-04:00,20.049999237060547,20.375,20.049999237060547,20.15999984741211,3949,0.0,0.0
2023-04-03 13:30:00-04:00,20.139999389648438,20.56999969482422,20.139999389648438,20.299999237060547,10200,0.0,0.0
2023-04-03 14:30:00-04:00,20.350000381469727,20.512500762939453,20.145000457763672,20.239999771118164,10779,0.0,0.0
2023-04-03 15:30:00-04:00,20.25,20.399999618530273,20.209999084472656,20.329999923706055,7016,0.0,0.0
2023-04-04 09:30:00-04:00,19.8799991607666,19.8799991607666,19.8799991607666,19.8799991607666,1265,0.0,0.0
2023-04-04 10:30:00-04:00,19.8799991607666,19.889999389648438,19.809999465942383,19.889999389648438,2324,0.0,0.0
2023-04-04 11:30:00-04:00,20.030000686645508,20.110000610351562,19.940000534057617,20.049999237060547,2432,0.0,0.0
2023-04-04 12:30:00-04:00,20.079999923706055,20.079999923706055,19.940000534057617,20.040000915527344,4159,0.0,0.0
2023-04-04 13:30:00-04:00,20.010000228881836,20.030000686645508,19.920000076293945,19.920000076293945,1631,0.0,0.0
2023-04-04 14:30:00-04:00,19.920000076293945,19.940000534057617,19.625,19.704999923706055,17010,0.0,0.0
2023-04-04 15:30:00-04:00,19.790000915527344,19.989999771118164,19.790000915527344,19.940000534057617,4370,0.0,0.0
2023-04-05 09:30:00-04:00,19.600000381469727,20.18000030517578,19.270099639892578,19.45989990234375,2440,0.0,0.0
2023-04-05 10:30:00-04:00,19.117599487304688,19.30500030517578,19.110700607299805,19.239999771118164,3182,0.0,0.0
2023-04-05 11:30:00-04:00,19.110000610351562,19.34000015258789,18.950000762939453,19.049999237060547,10097,0.0,0.0
2023-04-05 12:30:00-04:00,19.190000534057617,19.43000030517578,19.075000762939453,19.422800064086914,2560,0.0,0.0
2023-04-05 13:30:00-04:00,19.469999313354492,19.520000457763672,19.110000610351562,19.209999084472656,12658,0.0,0.0
2023-04-05 14:30:00-04:00,19.21500015258789,19.280000686645508,19.0,19.204999923706055,12398,0.0,0.0
2023-04-05 15:30:00-04:00,19.100000381469727,19.239999771118164,18.81999969482422,18.860000610351562,23541,0.0,0.0
2023-04-06 09:30:00-04:00,18.979999542236328,19.030000686645508,18.770000457763672,18.950000762939453,3836,0.0,0.0
2023-04-06 10:30:00-04:00,18.90999984741211,19.145000457763672,18.90999984741211,19.145000457763672,2391,0.0,0.0
2023-04-06 11:30:00-04:00,19.145000457763672,19.190000534057617,19.09000015258789,19.149999618530273,2591,0.0,0.0
2023-04-06 12:30:00-04:00,19.15999984741211,19.170000076293945,18.899999618530273,18.989999771118164,10643,0.0,0.0
2023-04-06 13:30:00-04:00,18.90999984741211,18.949899673461914,18.829999923706055,18.949899673461914,13137,0.0,0.0
2023-04-06 14:30:00-04:00,18.8700008392334,18.950000762939453,18.809999465942383,18.809999465942383,10757,0.0,0.0
2023-04-06 15:30:00-04:00,18.799999237060547,18.84000015258789,18.670000076293945,18.809999465942383,20116,0.0,0.0
2023-04-10 09:30:00-04:00,18.690000534057617,18.700599670410156,18.479999542236328,18.489999771118164,8848,0.0,0.0
2023-04-10 10:30:00-04:00,18.479999542236328,18.489999771118164,18.31999969482422,18.31999969482422,4847,0.0,0.0
2023-04-10 11:30:00-04:00,18.209999084472656,18.219999313354492,17.854999542236328,17.854999542236328,2080,0.0,0.0
2023-04-10 12:30:00-04:00,17.829999923706055,18.440000534057617,17.829999923706055,18.43000030517578,6177,0.0,0.0
2023-04-10 13:30:00-04:00,18.420000076293945,18.479999542236328,18.29400062561035,18.479999542236328,4042,0.0,0.0
2023-04-10 14:30:00-04:00,18.489999771118164,18.6200008392334,18.420000076293945,18.6200008392334,3293,0.0,0.0
2023-04-10 15:30:00-04:00,18.799999237060547,18.850000381469727,18.600000381469727,18.709999084472656,26439,0.0,0.0
2023-04-11 09:30:00-04:00,18.760000228881836,18.844999313354492,18.520000457763672,18.604999542236328,7408,0.0,0.0
2023-04-11 10:30:00-04:00,18.520000457763672,18.670000076293945,18.510000228881836,18.670000076293945,2115,0.0,0.0
2023-04-11 11:30:00-04:00,18.579999923706055,18.579999923706055,18.290000915527344,18.540000915527344,8111,0.0,0.0
2023-04-11 12:30:00-04:00,18.68000030517578,18.68000030517578,18.350000381469727,18.364999771118164,8232,0.0,0.0
2023-04-11 13:30:00-04:00,18.329999923706055,18.424999237060547,18.239999771118164,18.28499984741211,6866,0.0,0.0
2023-04-11 14:30:00-04:00,18.309999465942383,18.524999618530273,18.299999237060547,18.440000534057617,31706,0.0,0.0
2023-04-11 15:30:00-04:00,18.55500030517578,18.55500030517578,18.420000076293945,18.489999771118164,10488,0.0,0.0
2023-04-12 09:30:00-04:00,18.6299991607666,18.6299991607666,18.200000762939453,18.34000015258789,9974,0.0,0.0
2023-04-12 10:30:00-04:00,18.3700008392334,18.479900360107422,18.06999969482422,18.429899215698242,5746,0.0,0.0
2023-04-12 11:30:00-04:00,18.360000610351562,18.510000228881836,18.360000610351562,18.389999389648438,1944,0.0,0.0
2023-04-12 12:30:00-04:00,18.399999618530273,18.399999618530273,18.315000534057617,18.360000610351562,2404,0.0,0.0
2023-04-12 13:30:00-04:00,18.309999465942383,18.309999465942383,18.209999084472656,18.209999084472656,6601,0.0,0.0
2023-04-12 14:30:00-04:00,18.1200008392334,18.1200008392334,17.610000610351562,17.6200008392334,23455,0.0,0.0
2023-04-12 15:30:00-04:00,17.610000610351562,17.920000076293945,17.389999389648438,17.520000457763672,64338,0.0,0.0
2023-04-13 09:30:00-04:00,17.719999313354492,17.8799991607666,17.618600845336914,17.793500900268555,0,0.0,0.0
2023-04-13 10:30:00-04:00,17.75,17.75,17.532400131225586,17.540000915527344,8945,0.0,0.0
2023-04-13 11:30:00-04:00,17.59000015258789,18.0,17.589399337768555,17.924999237060547,21707,0.0,0.0
2023-04-13 12:30:00-04:00,17.924999237060547,17.979999542236328,17.700000762939453,17.81999969482422,12636,0.0,0.0
2023-04-13 13:30:00-04:00,17.739999771118164,18.299999237060547,17.72010040283203,18.225000381469727,6739,0.0,0.0
2023-04-13 14:30:00-04:00,18.225000381469727,18.31999969482422,18.165000915527344,18.31999969482422,7603,0.0,0.0
2023-04-13 15:30:00-04:00,18.43000030517578,18.489999771118164,18.149999618530273,18.309999465942383,31835,0.0,0.0
2023-04-14 09:30:00-04:00,18.1299991607666,18.40999984741211,17.813499450683594,17.813499450683594,0,0.0,0.0
2023-04-14 10:30:00-04:00,17.790000915527344,17.950000762939453,17.770000457763672,17.950000762939453,1641,0.0,0.0
2023-04-14 11:30:00-04:00,17.65999984741211,17.839500427246094,17.524999618530273,17.635000228881836,5042,0.0,0.0
2023-04-14 12:30:00-04:00,17.8700008392334,17.8799991607666,17.559999465942383,17.815000534057617,6779,0.0,0.0
2023-04-14 13:30:00-04:00,17.760000228881836,17.860000610351562,17.725000381469727,17.760000228881836,4907,0.0,0.0
2023-04-14 14:30:00-04:00,17.735000610351562,17.920000076293945,17.549999237060547,17.760000228881836,15513,0.0,0.0
2023-04-14 15:30:00-04:00,17.770000457763672,17.829999923706055,17.584999084472656,17.729999542236328,34594,0.0,0.0
2023-04-17 09:30:00-04:00,17.719999313354492,18.1299991607666,17.690000534057617,18.114999771118164,11694,0.0,0.0
2023-04-17 10:30:00-04:00,18.020000457763672,18.020000457763672,17.764999389648438,17.809999465942383,3884,0.0,0.0
2023-04-17 11:30:00-04:00,17.75,17.795000076293945,17.6299991607666,17.684999465942383,4177,0.0,0.0
2023-04-17 12:30:00-04:00,17.690000534057617,17.809999465942383,17.6299991607666,17.764999389648438,4708,0.0,0.0
2023-04-17 13:30:00-04:00,17.729999542236328,17.777099609375,17.510000228881836,17.510000228881836,5068,0.0,0.0
2023-04-17 14:30:00-04:00,17.520000457763672,17.75,17.520000457763672,17.649999618530273,12273,0.0,0.0
2023-04-17 15:30:00-04:00,17.6299991607666,17.790000915527344,17.559999465942383,17.719999313354492,22788,0.0,0.0
2023-04-18 09:30:00-04:00,17.8700008392334,18.34000015258789,17.489999771118164,17.524999618530273,16546,0.0,0.0
2023-04-18 10:30:00-04:00,17.420000076293945,17.485000610351562,17.350000381469727,17.3700008392334,13499,0.0,0.0
2023-04-18 11:30:00-04:00,17.3799991607666,17.485000610351562,17.378000259399414,17.485000610351562,4514,0.0,0.0
2023-04-18 12:30:00-04:00,17.46500015258789,17.485000610351562,17.43000030517578,17.440000534057617,2649,0.0,0.0
2023-04-18 13:30:00-04:00,17.34000015258789,17.719999313354492,17.270000457763672,17.719999313354492,13304,0.0,0.0
2023-04-18 14:30:00-04:00,17.670000076293945,17.670000076293945,17.399999618530273,17.600000381469727,8998,0.0,0.0
2023-04-18 15:30:00-04:00,17.59749984741211,17.68000030517578,17.594999313354492,17.649999618530273,10253,0.0,0.0
2023-04-19 09:30:00-04:00,17.3799991607666,17.389999389648438,17.0,17.11520004272461,15076,0.0,0.0
2023-04-19 10:30:00-04:00,17.389999389648438,17.530000686645508,17.299999237060547,17.299999237060547,8152,0.0,0.0
2023-04-19 11:30:00-04:00,17.309999465942383,17.350000381469727,17.309999465942383,17.350000381469727,2018,0.0,0.0
2023-04-19 12:30:00-04:00,17.479999542236328,17.510000228881836,17.354999542236328,17.354999542236328,5223,0.0,0.0
2023-04-19 13:30:00-04:00,17.5,17.59000015258789,17.290000915527344,17.579999923706055,8039,0.0,0.0
2023-04-19 14:30:00-04:00,17.5,17.56999969482422,17.469999313354492,17.489999771118164,5711,0.0,0.0
2023-04-19 15:30:00-04:00,17.510000228881836,17.68000030517578,17.5,17.59000015258789,11761,0.0,0.0
2023-04-20 09:30:00-04:00,17.34000015258789,17.59000015258789,17.0,17.260000228881836,6578,0.0,0.0
2023-04-20 10:30:00-04:00,17.450000762939453,17.450000762939453,17.149999618530273,17.149999618530273,5004,0.0,0.0
2023-04-20 11:30:00-04:00,17.190000534057617,17.56999969482422,17.190000534057617,17.540000915527344,10710,0.0,0.0
2023-04-20 12:30:00-04:00,17.450000762939453,17.600000381469727,17.405000686645508,17.559999465942383,3965,0.0,0.0
2023-04-20 13:30:00-04:00,17.610000610351562,17.610000610351562,17.34000015258789,17.440000534057617,2228,0.0,0.0
2023-04-20 14:30:00-04:00,17.360000610351562,17.3700008392334,17.1299991607666,17.1299991607666,4636,0.0,0.0
2023-04-20 15:30:00-04:00,17.15999984741211,17.200000762939453,17.100000381469727,17.19499969482422,5614,0.0,0.0
2023-04-21 09:30:00-04:00,17.15999984741211,17.639999389648438,16.80030059814453,17.06999969482422,0,0.0,0.0
2023-04-21 10:30:00-04:00,16.940000534057617,17.040000915527344,16.809999465942383,17.040000915527344,4336,0.0,0.0
2023-04-21 11:30:00-04:00,16.979999542236328,17.079999923706055,16.940000534057617,17.024999618530273,3070,0.0,0.0
2023-04-21 12:30:00-04:00,16.950000762939453,17.010000228881836,16.920000076293945,16.9950008392334,2167,0.0,0.0
2023-04-21 13:30:00-04:00,16.889999389648438,17.139999389648438,16.8799991607666,17.020000457763672,7499,0.0,0.0
2023-04-21 14:30:00-04:00,17.020000457763672,17.149999618530273,16.959999084472656,17.059999465942383,3413,0.0,0.0
2023-04-21 15:30:00-04:00,17.09000015258789,17.184999465942383,16.989999771118164,17.040000915527344,8053,0.0,0.0
2023-04-24 09:30:00-04:00,16.979999542236328,17.079999923706055,16.799999237060547,16.809999465942383,2119,0.0,0.0
2023-04-24 10:30:00-04:00,16.850000381469727,16.860000610351562,16.6200008392334,16.787500381469727,8179,0.0,0.0
2023-04-24 11:30:00-04:00,16.752599716186523,16.752599716186523,16.450000762939453,16.584999084472656,14253,0.0,0.0
2023-04-24 12:30:00-04:00,16.520000457763672,16.65999984741211,16.479999542236328,16.610000610351562,10416,0.0,0.0
2023-04-24 13:30:00-04:00,16.549999237060547,16.68000030517578,16.469999313354492,16.5,6279,0.0,0.0
2023-04-24 14:30:00-04:00,16.43000030517578,16.649999618530273,16.350000381469727,16.649999618530273,18503,0.0,0.0
2023-04-24 15:30:00-04:00,16.575000762939453,16.65999984741211,16.479999542236328,16.549999237060547,10376,0.0,0.0
2023-04-25 09:30:00-04:00,16.309999465942383,16.420700073242188,16.13050079345703,16.309999465942383,4390,0.0,0.0
2023-04-25 10:30:00-04:00,16.30500030517578,16.889999389648438,16.239999771118164,16.809999465942383,14918,0.0,0.0
2023-04-25 11:30:00-04:00,16.65999984741211,16.65999984741211,16.510000228881836,16.584999084472656,1384,0.0,0.0
2023-04-25 12:30:00-04:00,16.510000228881836,16.899999618530273,16.360000610351562,16.649999618530273,15947,0.0,0.0
2023-04-25 13:30:00-04:00,16.71500015258789,16.850000381469727,16.559999465942383,16.795000076293945,12794,0.0,0.0
2023-04-25 14:30:00-04:00,16.860000610351562,16.959999084472656,16.6299991607666,16.6299991607666,7641,0.0,0.0
2023-04-25 15:30:00-04:00,16.65999984741211,16.65999984741211,16.479999542236328,16.559999465942383,15697,0.0,0.0
2023-04-26 09:30:00-04:00,16.530000686645508,16.809999465942383,16.420000076293945,16.510000228881836,9325,0.0,0.0
2023-04-26 10:30:00-04:00,16.610000610351562,17.104999542236328,16.520000457763672,16.924999237060547,16882,0.0,0.0
2023-04-26 11:30:00-04:00,16.93000030517578,17.1299991607666,16.93000030517578,17.06999969482422,3417,0.0,0.0
2023-04-26 12:30:00-04:00,17.040000915527344,17.15999984741211,16.979999542236328,16.989999771118164,5415,0.0,0.0
2023-04-26 13:30:00-04:00,17.149999618530273,17.280000686645508,16.979999542236328,17.05500030517578,3354,0.0,0.0
2023-04-26 14:30:00-04:00,17.0,17.079999923706055,16.94499969482422,17.059999465942383,19063,0.0,0.0
2023-04-26 15:30:00-04:00,17.030000686645508,17.15999984741211,16.989999771118164,17.110000610351562,16107,0.0,0.0
2023-04-27 09:30:00-04:00,17.260000228881836,17.610000610351562,17.25,17.31999969482422,0,0.0,0.0
2023-04-27 10:30:00-04:00,17.25,17.31999969482422,16.969999313354492,17.0,5711,0.0,0.0
2023-04-27 11:30:00-04:00,16.905000686645508,17.010000228881836,16.790000915527344,16.989999771118164,5422,0.0,0.0
2023-04-27 12:30:00-04:00,16.969999313354492,16.969999313354492,16.809999465942383,16.969999313354492,1442,0.0,0.0
2023-04-27 13:30:00-04:00,17.0,17.09000015258789,16.93000030517578,17.03499984741211,9552,0.0,0.0
2023-04-27 14:30:00-04:00,17.059999465942383,17.06999969482422,16.93000030517578,16.950000762939453,4936,0.0,0.0
2023-04-27 15:30:00-04:00,16.90999984741211,17.020000457763672,16.860000610351562,16.940000534057617,5549,0.0,0.0
2023-04-28 09:30:00-04:00,16.8799991607666,17.440000534057617,16.760000228881836,17.299999237060547,4699,0.0,0.0
2023-04-28 10:30:00-04:00,17.420000076293945,17.469999313354492,17.299999237060547,17.3700008392334,2844,0.0,0.0
2023-04-28 11:30:00-04:00,17.389999389648438,17.420000076293945,17.149999618530273,17.219999313354492,8498,0.0,0.0
2023-04-28 12:30:00-04:00,17.350000381469727,17.350000381469727,17.200000762939453,17.299999237060547,1130,0.0,0.0
2023-04-28 13:30:00-04:00,17.260000228881836,17.260000228881836,17.1299991607666,17.149999618530273,3554,0.0,0.0
2023-04-28 14:30:00-04:00,17.110000610351562,17.139999389648438,16.969999313354492,17.040000915527344,5824,0.0,0.0
2023-04-28 15:30:00-04:00,17.030000686645508,17.123699188232422,16.93000030517578,17.05500030517578,14635,0.0,0.0
2023-05-01 09:30:00-04:00,17.09000015258789,17.8799991607666,17.084999084472656,17.235000610351562,5450,0.0,0.0
2023-05-01 10:30:00-04:00,17.424999237060547,17.62339973449707,17.299999237060547,17.299999237060547,3810,0.0,0.0
2023-05-01 11:30:00-04:00,17.280000686645508,17.420000076293945,17.280000686645508,17.3700008392334,807,0.0,0.0
2023-05-01 12:30:00-04:00,17.450000762939453,17.50309944152832,17.270000457763672,17.270000457763672,3204,0.0,0.0
2023-05-01 13:30:00-04:00,17.209999084472656,17.299999237060547,17.06999969482422,17.06999969482422,4166,0.0,0.0
2023-05-01 14:30:00-04:00,17.1200008392334,17.229999542236328,17.040000915527344,17.09000015258789,6397,0.0,0.0
2023-05-01 15:30:00-04:00,17.059999465942383,17.1200008392334,17.0,17.09000015258789,13996,0.0,0.0
2023-05-02 09:30:00-04:00,17.049999237060547,17.049999237060547,16.75,16.860000610351562,2743,0.0,0.0
2023-05-02 10:30:00-04:00,16.889999389648438,16.969999313354492,16.790000915527344,16.969999313354492,4891,0.0,0.0
2023-05-02 11:30:00-04:00,17.0,17.049999237060547,16.84000015258789,17.049999237060547,5974,0.0,0.0
2023-05-02 12:30:00-04:00,17.110000610351562,17.229999542236328,16.969999313354492,17.125,8162,0.0,0.0
2023-05-02 13:30:00-04:00,17.15999984741211,17.229999542236328,16.90999984741211,16.90999984741211,13116,0.0,0.0
2023-05-02 14:30:00-04:00,16.8799991607666,17.020000457763672,16.799999237060547,16.809999465942383,6351,0.0,0.0
2023-05-02 15:30:00-04:00,16.78019905090332,16.84000015258789,16.700000762939453,16.729999542236328,14011,0.0,0.0
2023-05-03 09:30:00-04:00,16.729999542236328,17.690000534057617,16.729999542236328,17.079999923706055,5723,0.0,0.0
2023-05-03 10:30:00-04:00,17.1299991607666,17.350000381469727,17.076200485229492,17.299999237060547,3587,0.0,0.0
2023-05-03 11:30:00-04:00,17.247400283813477,18.06999969482422,17.247400283813477,17.959999084472656,33252,0.0,0.0
2023-05-03 12:30:00-04:00,17.969999313354492,17.979999542236328,17.559999465942383,17.579999923706055,5289,0.0,0.0
2023-05-03 13:30:00-04:00,17.670000076293945,18.3700008392334,17.625,18.190000534057617,14582,0.0,0.0
2023-05-03 14:30:00-04:00,18.331300735473633,18.338600158691406,17.649999618530273,17.725000381469727,79726,0.0,0.0
2023-05-03 15:30:00-04:00,17.739999771118164,18.40999984741211,17.729999542236328,18.219999313354492,49466,0.0,0.0
2023-05-04 09:30:00-04:00,17.979999542236328,18.209999084472656,17.799999237060547,18.084999084472656,3951,0.0,0.0
2023-05-04 10:30:00-04:00,17.979999542236328,18.049999237060547,17.614999771118164,17.760000228881836,6449,0.0,0.0
2023-05-04 11:30:00-04:00,17.780000686645508,17.84000015258789,17.690000534057617,17.735000610351562,2404,0.0,0.0
2023-05-04 12:30:00-04:00,17.8700008392334,18.280000686645508,17.770000457763672,17.950000762939453,10767,0.0,0.0
2023-05-04 13:30:00-04:00,17.954999923706055,18.18000030517578,17.860000610351562,17.885000228881836,5937,0.0,0.0
2023-05-04 14:30:00-04:00,17.780000686645508,18.510000228881836,17.780000686645508,18.510000228881836,28001,0.0,0.0
2023-05-04 15:30:00-04:00,18.510000228881836,18.520000457763672,18.25,18.399999618530273,30355,0.0,0.0
2023-05-05 09:30:00-04:00,18.670000076293945,19.100000381469727,18.15999984741211,18.43000030517578,5555,0.0,0.0
2023-05-05 10:30:00-04:00,18.34000015258789,19.084999084472656,18.34000015258789,19.084999084472656,9284,0.0,0.0
2023-05-05 11:30:00-04:00,19.1200008392334,19.270000457763672,19.0,19.0,9095,0.0,0.0
2023-05-05 12:30:00-04:00,18.985000610351562,19.459999084472656,18.959999084472656,19.450000762939453,11642,0.0,0.0
2023-05-05 13:30:00-04:00,19.53499984741211,19.549999237060547,19.420000076293945,19.540000915527344,4212,0.0,0.0
2023-05-05 14:30:00-04:00,19.684999465942383,19.770000457763672,19.639999389648438,19.760000228881836,4134,0.0,0.0
2023-05-05 15:30:00-04:00,19.764999389648438,19.809999465942383,19.34000015258789,19.489999771118164,20164,0.0,0.0
2023-05-08 09:30:00-04:00,19.739999771118164,19.899999618530273,19.440000534057617,19.684999465942383,12289,0.0,0.0
2023-05-08 10:30:00-04:00,19.65999984741211,19.65999984741211,19.295000076293945,19.295000076293945,5039,0.0,0.0
2023-05-08 11:30:00-04:00,19.2549991607666,19.459999084472656,19.204999923706055,19.459999084472656,7800,0.0,0.0
2023-05-08 12:30:00-04:00,19.40999984741211,19.468799591064453,19.40999984741211,19.440000534057617,1205,0.0,0.0
2023-05-08 13:30:00-04:00,19.3799991607666,19.780000686645508,19.329999923706055,19.709999084472656,8600,0.0,0.0
2023-05-08 14:30:00-04:00,19.729999542236328,19.78499984741211,19.579999923706055,19.579999923706055,5115,0.0,0.0
2023-05-08 15:30:00-04:00,19.645000457763672,19.84000015258789,19.6299991607666,19.825000762939453,22331,0.0,0.0
2023-05-09 09:30:00-04:00,19.479999542236328,19.899999618530273,19.389999389648438,19.399999618530273,19287,0.0,0.0
2023-05-09 10:30:00-04:00,19.690000534057617,19.719999313354492,19.464599609375,19.540000915527344,2258,0.0,0.0
2023-05-09 11:30:00-04:00,19.610000610351562,19.979999542236328,19.600000381469727,19.899999618530273,18005,0.0,0.0
2023-05-09 12:30:00-04:00,19.93000030517578,20.3700008392334,19.889999389648438,20.020000457763672,11408,0.0,0.0
2023-05-09 13:30:00-04:00,20.030000686645508,20.190000534057617,20.020000457763672,20.1299991607666,3224,0.0,0.0
2023-05-09 14:30:00-04:00,20.170000076293945,20.200000762939453,19.989999771118164,20.010000228881836,14307,0.0,0.0
2023-05-09 15:30:00-04:00,20.010000228881836,20.100000381469727,19.770000457763672,20.059999465942383,14412,0.0,0.0
2023-05-10 09:30:00-04:00,20.440000534057617,20.56999969482422,20.19499969482422,20.290000915527344,11059,0.0,0.0
2023-05-10 10:30:00-04:00,20.334999084472656,20.489999771118164,20.135000228881836,20.135000228881836,10233,0.0,0.0
2023-05-10 11:30:00-04:00,20.21500015258789,20.58989906311035,20.170000076293945,20.524999618530273,9549,0.0,0.0
2023-05-10 12:30:00-04:00,20.489999771118164,20.575000762939453,20.309999465942383,20.309999465942383,10103,0.0,0.0
2023-05-10 13:30:00-04:00,20.114999771118164,20.239999771118164,19.940000534057617,20.079999923706055,5247,0.0,0.0
2023-05-10 14:30:00-04:00,20.065000534057617,20.139999389648438,19.90999984741211,19.959999084472656,4745,0.0,0.0
2023-05-10 15:30:00-04:00,19.93000030517578,20.100000381469727,19.8700008392334,19.920000076293945,17520,0.0,0.0
2023-05-11 09:30:00-04:00,24.899999618530273,25.0,22.010000228881836,23.520000457763672,221044,0.0,0.0
2023-05-11 10:30:00-04:00,23.480300903320312,24.809999465942383,23.25,24.02359962463379,79587,0.0,0.0
2023-05-11 11:30:00-04:00,23.829999923706055,24.40999984741211,23.489999771118164,23.93000030517578,86331,0.0,0.0
2023-05-11 12:30:00-04:00,24.010000228881836,24.639999389648438,24.010000228881836,24.190000534057617,82977,0.0,0.0
2023-05-11 13:30:00-04:00,24.270000457763672,24.399999618530273,23.8799991607666,24.239999771118164,56780,0.0,0.0
2023-05-11 14:30:00-04:00,24.329999923706055,26.209999084472656,24.270000457763672,26.209999084472656,148039,0.0,0.0
2023-05-11 15:30:00-04:00,26.139999389648438,26.489999771118164,25.639999389648438,26.329999923706055,179956,0.0,0.0
2023-05-12 09:30:00-04:00,26.780000686645508,28.149999618530273,25.899999618530273,26.43000030517578,122360,0.0,0.0
2023-05-12 10:30:00-04:00,26.360000610351562,26.360000610351562,25.50040054321289,25.780000686645508,40309,0.0,0.0
2023-05-12 11:30:00-04:00,25.780000686645508,26.299999237060547,25.219999313354492,26.239999771118164,83616,0.0,0.0
2023-05-12 12:30:00-04:00,26.299999237060547,26.649900436401367,26.1299991607666,26.315000534057617,34722,0.0,0.0
2023-05-12 13:30:00-04:00,26.389999389648438,26.53499984741211,25.809999465942383,26.329999923706055,33139,0.0,0.0
2023-05-12 14:30:00-04:00,26.360000610351562,26.84000015258789,26.229999542236328,26.40999984741211,27011,0.0,0.0
2023-05-12 15:30:00-04:00,26.440000534057617,26.639999389648438,26.25,26.309999465942383,37297,0.0,0.0
2023-05-15 09:30:00-04:00,26.440000534057617,27.15999984741211,26.0,26.450000762939453,24916,0.0,0.0
2023-05-15 10:30:00-04:00,26.545000076293945,27.100000381469727,26.43000030517578,27.020000457763672,10844,0.0,0.0
2023-05-15 11:30:00-04:00,27.010000228881836,27.5,27.0,27.31999969482422,11560,0.0,0.0
2023-05-15 12:30:00-04:00,27.399999618530273,27.55500030517578,27.280000686645508,27.55500030517578,23109,0.0,0.0
2023-05-15 13:30:00-04:00,27.602800369262695,28.364999771118164,27.420000076293945,27.959999084472656,22749,0.0,0.0
2023-05-15 14:30:00-04:00,28.02790069580078,28.524999618530273,28.010000228881836,28.524999618530273,13579,0.0,0.0
2023-05-15 15:30:00-04:00,28.440000534057617,28.790000915527344,28.354999542236328,28.610000610351562,58564,0.0,0.0
2023-05-16 09:30:00-04:00,28.34000015258789,29.34000015258789,28.09000015258789,29.2450008392334,43385,0.0,0.0
2023-05-16 10:30:00-04:00,29.34000015258789,29.479900360107422,28.719999313354492,29.1299991607666,23312,0.0,0.0
2023-05-16 11:30:00-04:00,29.139999389648438,29.520000457763672,28.81999969482422,29.3700008392334,31458,0.0,0.0
2023-05-16 12:30:00-04:00,29.540000915527344,29.8799991607666,29.280000686645508,29.719999313354492,16500,0.0,0.0
2023-05-16 13:30:00-04:00,29.799999237060547,30.0,29.530000686645508,29.790000915527344,13957,0.0,0.0
2023-05-16 14:30:00-04:00,29.829999923706055,30.25,29.700000762939453,30.170000076293945,28592,0.0,0.0
2023-05-16 15:30:00-04:00,30.149999618530273,30.459999084472656,30.149999618530273,30.299999237060547,74397,0.0,0.0
2023-05-17 09:30:00-04:00,30.18000030517578,30.44499969482422,29.700000762939453,30.110000610351562,31308,0.0,0.0
2023-05-17 10:30:00-04:00,30.010000228881836,30.31999969482422,29.899999618530273,30.149999618530273,17553,0.0,0.0
2023-05-17 11:30:00-04:00,30.1200008392334,30.940000534057617,30.1200008392334,30.7450008392334,25009,0.0,0.0
2023-05-17 12:30:00-04:00,30.770000457763672,30.979999542236328,30.610000610351562,30.860000610351562,20215,0.0,0.0
2023-05-17 13:30:00-04:00,30.81999969482422,30.889999389648438,30.579999923706055,30.889999389648438,12974,0.0,0.0
2023-05-17 14:30:00-04:00,30.864999771118164,31.315000534057617,30.860000610351562,30.860000610351562,26392,0.0,0.0
2023-05-17 15:30:00-04:00,30.899999618530273,30.979999542236328,30.809999465942383,30.829999923706055,45050,0.0,0.0
2023-05-18 09:30:00-04:00,30.850000381469727,31.579999923706055,30.700000762939453,31.513900756835938,22187,0.0,0.0
2023-05-18 10:30:00-04:00,31.492000579833984,31.969999313354492,30.719999313354492,30.899999618530273,66797,0.0,0.0
2023-05-18 11:30:00-04:00,30.899999618530273,30.899999618530273,29.520099639892578,29.645000457763672,18831,0.0,0.0
2023-05-18 12:30:00-04:00,29.575000762939453,29.90999984741211,28.899999618530273,29.200000762939453,45670,0.0,0.0
2023-05-18 13:30:00-04:00,29.229999542236328,30.200000762939453,29.030099868774414,30.100000381469727,43585,0.0,0.0
2023-05-18 14:30:00-04:00,29.975000381469727,30.360000610351562,29.917499542236328,30.19499969482422,22494,0.0,0.0
2023-05-18 15:30:00-04:00,30.290000915527344,30.729999542236328,30.190000534057617,30.290000915527344,45035,0.0,0.0
2023-05-19 09:30:00-04:00,30.5,30.920000076293945,30.34000015258789,30.8799991607666,16867,0.0,0.0
2023-05-19 10:30:00-04:00,30.8700008392334,31.0,30.729999542236328,30.729999542236328,33970,0.0,0.0
2023-05-19 11:30:00-04:00,30.71500015258789,30.71500015258789,30.489999771118164,30.600000381469727,11843,0.0,0.0
2023-05-19 12:30:00-04:00,30.520000457763672,30.760000228881836,30.434999465942383,30.584999084472656,10540,0.0,0.0
2023-05-19 13:30:00-04:00,30.614999771118164,31.260000228881836,30.614999771118164,31.165000915527344,17123,0.0,0.0
2023-05-19 14:30:00-04:00,31.1200008392334,31.190000534057617,30.81999969482422,30.979999542236328,20782,0.0,0.0
2023-05-19 15:30:00-04:00,30.924999237060547,31.110000610351562,30.8700008392334,30.899999618530273,30819,0.0,0.0
2023-05-22 09:30:00-04:00,30.93000030517578,32.59000015258789,30.93000030517578,31.772499084472656,50295,0.0,0.0
2023-05-22 10:30:00-04:00,31.8799991607666,31.899999618530273,31.059999465942383,31.06999969482422,30665,0.0,0.0
2023-05-22 11:30:00-04:00,31.149999618530273,31.40999984741211,31.100000381469727,31.31999969482422,20149,0.0,0.0
2023-05-22 12:30:00-04:00,31.309999465942383,31.559999465942383,31.270000457763672,31.5049991607666,30322,0.0,0.0
2023-05-22 13:30:00-04:00,31.4950008392334,32.0,31.459999084472656,31.895000457763672,42275,0.0,0.0
2023-05-22 14:30:00-04:00,31.915000915527344,31.969999313354492,31.760000228881836,31.780000686645508,24012,0.0,0.0
2023-05-22 15:30:00-04:00,31.78499984741211,32.400001525878906,31.78499984741211,32.099998474121094,43696,0.0,0.0
2023-05-23 09:30:00-04:00,32.0,32.63999938964844,31.889999389648438,32.290000915527344,23052,0.0,0.0
2023-05-23 10:30:00-04:00,32.31999969482422,32.7599983215332,32.09000015258789,32.09000015258789,39552,0.0,0.0
2023-05-23 11:30:00-04:00,32.10499954223633,32.10499954223633,31.508800506591797,31.709999084472656,28691,0.0,0.0
2023-05-23 12:30:00-04:00,31.489999771118164,31.81999969482422,31.290000915527344,31.6200008392334,11845,0.0,0.0
2023-05-23 13:30:00-04:00,31.579999923706055,31.809999465942383,31.450000762939453,31.469999313354492,12727,0.0,0.0
2023-05-23 14:30:00-04:00,31.424999237060547,31.530000686645508,31.059999465942383,31.229999542236328,23936,0.0,0.0
2023-05-23 15:30:00-04:00,31.25,31.454999923706055,31.1200008392334,31.239999771118164,31939,0.0,0.0
2023-05-24 09:30:00-04:00,30.920000076293945,31.34000015258789,30.537500381469727,30.537500381469727,19143,0.0,0.0
2023-05-24 10:30:00-04:00,30.65999984741211,30.760000228881836,29.90999984741211,30.489999771118164,29380,0.0,0.0
2023-05-24 11:30:00-04:00,30.459999084472656,30.670000076293945,29.989999771118164,30.059999465942383,8445,0.0,0.0
2023-05-24 12:30:00-04:00,30.100000381469727,30.297500610351562,29.8700008392334,29.979999542236328,31489,0.0,0.0
2023-05-24 13:30:00-04:00,30.075000762939453,30.25,29.920000076293945,30.0049991607666,57992,0.0,0.0
2023-05-24 14:30:00-04:00,30.020000457763672,30.229999542236328,29.770000457763672,30.110000610351562,30330,0.0,0.0
2023-05-24 15:30:00-04:00,30.084999084472656,30.719999313354492,30.040000915527344,30.639999389648438,34676,0.0,0.0
2023-05-25 09:30:00-04:00,30.790000915527344,31.200000762939453,30.709999084472656,30.815000534057617,27739,0.0,0.0
2023-05-25 10:30:00-04:00,30.8799991607666,30.889999389648438,30.3799991607666,30.520000457763672,14422,0.0,0.0
2023-05-25 11:30:00-04:00,30.459999084472656,30.762300491333008,30.43000030517578,30.4950008392334,45532,0.0,0.0
2023-05-25 12:30:00-04:00,30.450000762939453,30.899999618530273,30.420000076293945,30.649999618530273,7790,0.0,0.0
2023-05-25 13:30:00-04:00,30.80500030517578,30.80500030517578,30.510000228881836,30.510000228881836,17952,0.0,0.0
2023-05-25 14:30:00-04:00,30.5,30.59000015258789,30.440000534057617,30.524999618530273,16708,0.0,0.0
2023-05-25 15:30:00-04:00,30.524999618530273,30.639999389648438,30.270000457763672,30.280000686645508,32771,0.0,0.0
2023-05-26 09:30:00-04:00,30.31999969482422,31.03809928894043,29.68000030517578,30.700000762939453,15185,0.0,0.0
2023-05-26 10:30:00-04:00,30.700000762939453,30.920000076293945,30.59000015258789,30.6299991607666,69803,0.0,0.0
2023-05-26 11:30:00-04:00,30.719999313354492,30.719999313354492,30.3700008392334,30.450000762939453,20386,0.0,0.0
2023-05-26 12:30:00-04:00,30.5,30.549999237060547,29.969999313354492,30.0,17761,0.0,0.0
2023-05-26 13:30:00-04:00,30.104999542236328,30.3700008392334,30.040000915527344,30.25,6631,0.0,0.0
2023-05-26 14:30:00-04:00,30.360000610351562,30.405000686645508,30.200000762939453,30.270000457763672,9277,0.0,0.0
2023-05-26 15:30:00-04:00,30.26300048828125,30.389999389648438,30.059999465942383,30.329999923706055,30743,0.0,0.0
2023-05-30 09:30:00-04:00,30.81999969482422,31.46500015258789,30.0802001953125,30.0802001953125,37745,0.0,0.0
2023-05-30 10:30:00-04:00,30.079999923706055,30.290000915527344,29.989999771118164,30.23940086364746,10926,0.0,0.0
2023-05-30 11:30:00-04:00,30.14150047302246,30.524999618530273,30.14150047302246,30.489999771118164,10533,0.0,0.0
2023-05-30 12:30:00-04:00,30.44499969482422,30.600000381469727,30.3700008392334,30.530000686645508,56564,0.0,0.0
2023-05-30 13:30:00-04:00,30.520000457763672,30.56999969482422,30.34000015258789,30.510000228881836,22061,0.0,0.0
2023-05-30 14:30:00-04:00,30.540000915527344,30.59000015258789,30.43000030517578,30.489999771118164,40121,0.0,0.0
2023-05-30 15:30:00-04:00,30.56999969482422,30.56999969482422,30.40999984741211,30.510000228881836,39233,0.0,0.0
2023-05-31 09:30:00-04:00,30.489999771118164,31.18000030517578,29.400400161743164,29.5049991607666,49125,0.0,0.0
2023-05-31 10:30:00-04:00,29.719999313354492,30.049999237060547,29.719999313354492,29.94499969482422,8989,0.0,0.0
2023-05-31 11:30:00-04:00,29.889999389648438,30.040000915527344,29.799999237060547,29.8799991607666,14573,0.0,0.0
2023-05-31 12:30:00-04:00,29.8799991607666,30.010000228881836,29.770000457763672,29.950000762939453,7598,0.0,0.0
2023-05-31 13:30:00-04:00,30.010000228881836,30.479999542236328,29.889999389648438,30.260000228881836,76195,0.0,0.0
2023-05-31 14:30:00-04:00,30.649999618530273,30.649999618530273,30.219999313354492,30.440000534057617,27053,0.0,0.0
2023-05-31 15:30:00-04:00,30.450000762939453,31.020000457763672,30.219999313354492,30.809999465942383,62820,0.0,0.0
2023-06-01 09:30:00-04:00,30.649999618530273,31.679899215698242,30.530000686645508,30.799999237060547,34840,0.0,0.0
2023-06-01 10:30:00-04:00,30.844999313354492,30.860000610351562,30.190000534057617,30.489999771118164,27244,0.0,0.0
2023-06-01 11:30:00-04:00,30.559999465942383,30.649999618530273,29.770000457763672,29.899999618530273,33934,0.0,0.0
2023-06-01 12:30:00-04:00,29.860000610351562,29.8700008392334,29.40999984741211,29.5,11978,0.0,0.0
2023-06-01 13:30:00-04:00,29.575000762939453,29.8700008392334,29.520000457763672,29.7549991607666,25237,0.0,0.0
2023-06-01 14:30:00-04:00,29.739999771118164,29.780000686645508,29.094999313354492,29.094999313354492,28358,0.0,0.0
2023-06-01 15:30:00-04:00,29.06999969482422,29.19499969482422,28.559999465942383,28.860000610351562,68744,0.0,0.0
2023-06-02 09:30:00-04:00,29.440000534057617,29.84000015258789,28.709999084472656,28.719999313354492,15869,0.0,0.0
2023-06-02 10:30:00-04:00,28.799999237060547,28.93000030517578,28.3700008392334,28.530000686645508,32585,0.0,0.0
2023-06-02 11:30:00-04:00,28.5,29.56999969482422,28.5,29.40999984741211,27440,0.0,0.0
2023-06-02 12:30:00-04:00,29.5,30.100000381469727,29.469999313354492,30.079999923706055,18183,0.0,0.0
2023-06-02 13:30:00-04:00,30.139999389648438,30.190000534057617,29.84000015258789,29.84000015258789,6836,0.0,0.0
2023-06-02 14:30:00-04:00,29.934999465942383,30.360000610351562,29.93000030517578,30.329999923706055,25963,0.0,0.0
2023-06-02 15:30:00-04:00,30.34000015258789,30.459999084472656,30.25,30.459999084472656,24408,0.0,0.0
2023-06-05 09:30:00-04:00,30.06999969482422,30.06999969482422,29.71500015258789,29.71500015258789,4533,0.0,0.0
2023-06-05 10:30:00-04:00,29.540000915527344,30.0,29.5,29.899999618530273,7865,0.0,0.0
2023-06-05 11:30:00-04:00,29.889999389648438,30.149999618530273,29.790000915527344,30.1200008392334,4415,0.0,0.0
2023-06-05 12:30:00-04:00,30.125,30.239999771118164,30.0,30.03499984741211,4071,0.0,0.0
2023-06-05 13:30:00-04:00,30.06999969482422,30.092199325561523,29.8799991607666,29.979999542236328,4286,0.0,0.0
2023-06-05 14:30:00-04:00,29.940000534057617,30.100000381469727,29.860000610351562,30.049999237060547,8197,0.0,0.0
2023-06-05 15:30:00-04:00,30.049999237060547,30.1299991607666,29.860000610351562,30.040000915527344,22198,0.0,0.0
2023-06-06 09:30:00-04:00,29.81999969482422,32.329898834228516,29.81999969482422,31.0,69188,0.0,0.0
2023-06-06 10:30:00-04:00,31.020000457763672,31.719999313354492,31.020000457763672,31.6299991607666,12504,0.0,0.0
2023-06-06 11:30:00-04:00,31.6299991607666,32.119998931884766,31.40999984741211,32.04999923706055,11121,0.0,0.0
2023-06-06 12:30:00-04:00,32.0,32.540000915527344,31.989999771118164,32.493099212646484,18106,0.0,0.0
2023-06-06 13:30:00-04:00,32.54999923706055,32.939998626708984,32.165000915527344,32.70000076293945,25610,0.0,0.0
2023-06-06 14:30:00-04:00,32.61000061035156,32.77000045776367,32.369998931884766,32.529998779296875,28072,0.0,0.0
2023-06-06 15:30:00-04:00,32.540000915527344,32.739898681640625,32.40010070800781,32.43000030517578,46575,0.0,0.0
2023-06-07 09:30:00-04:00,32.47999954223633,32.48500061035156,31.440000534057617,31.579999923706055,34554,0.0,0.0
2023-06-07 10:30:00-04:00,31.549999237060547,31.989999771118164,31.190000534057617,31.989999771118164,15018,0.0,0.0
2023-06-07 11:30:00-04:00,32.07500076293945,32.209999084472656,31.559999465942383,31.559999465942383,7221,0.0,0.0
2023-06-07 12:30:00-04:00,31.600000381469727,32.040000915527344,31.600000381469727,31.850000381469727,6229,0.0,0.0
2023-06-07 13:30:00-04:00,31.799999237060547,31.8700008392334,31.739999771118164,31.770000457763672,12165,0.0,0.0
2023-06-07 14:30:00-04:00,31.739999771118164,31.950000762939453,31.3799991607666,31.3799991607666,16742,0.0,0.0
2023-06-07 15:30:00-04:00,31.389999389648438,31.530000686645508,31.34000015258789,31.454999923706055,17433,0.0,0.0
2023-06-08 09:30:00-04:00,31.209999084472656,31.375,30.440000534057617,31.375,14169,0.0,0.0
2023-06-08 10:30:00-04:00,31.15999984741211,31.539899826049805,31.15999984741211,31.184999465942383,6083,0.0,0.0
2023-06-08 11:30:00-04:00,31.270000457763672,31.34000015258789,31.139999389648438,31.225500106811523,4997,0.0,0.0
2023-06-08 12:30:00-04:00,31.15999984741211,31.315000534057617,31.014999389648438,31.280000686645508,7707,0.0,0.0
2023-06-08 13:30:00-04:00,31.31999969482422,31.420000076293945,31.30500030517578,31.375,11086,0.0,0.0
2023-06-08 14:30:00-04:00,31.399999618530273,31.520000457763672,31.077499389648438,31.094999313354492,20332,0.0,0.0
2023-06-08 15:30:00-04:00,31.110000610351562,31.174999237060547,30.899999618530273,30.93000030517578,21728,0.0,0.0
2023-06-09 09:30:00-04:00,31.06999969482422,31.459999084472656,30.639999389648438,30.770000457763672,43041,0.0,0.0
2023-06-09 10:30:00-04:00,30.81999969482422,30.81999969482422,30.020000457763672,30.1299991607666,36590,0.0,0.0
2023-06-09 11:30:00-04:00,30.15999984741211,30.270000457763672,29.959999084472656,30.030000686645508,5570,0.0,0.0
2023-06-09 12:30:00-04:00,30.0,30.15999984741211,29.899999618530273,30.084999084472656,10073,0.0,0.0
2023-06-09 13:30:00-04:00,30.020000457763672,30.209999084472656,30.020000457763672,30.209999084472656,7489,0.0,0.0
2023-06-09 14:30:00-04:00,30.079999923706055,30.18000030517578,30.0,30.18000030517578,7327,0.0,0.0
2023-06-09 15:30:00-04:00,30.299999237060547,30.299999237060547,30.09000015258789,30.139999389648438,12930,0.0,0.0
2023-06-12 09:30:00-04:00,30.229999542236328,30.709999084472656,30.010000228881836,30.709999084472656,11681,0.0,0.0
2023-06-12 10:30:00-04:00,30.649999618530273,30.739999771118164,30.510000228881836,30.56999969482422,18773,0.0,0.0
2023-06-12 11:30:00-04:00,30.559999465942383,30.649999618530273,30.399999618530273,30.475000381469727,18399,0.0,0.0
2023-06-12 12:30:00-04:00,30.5,30.5,30.21500015258789,30.21500015258789,9644,0.0,0.0
2023-06-12 13:30:00-04:00,30.200000762939453,30.43000030517578,30.150100708007812,30.43000030517578,4683,0.0,0.0
2023-06-12 14:30:00-04:00,30.420000076293945,30.510000228881836,30.299999237060547,30.329999923706055,9637,0.0,0.0
2023-06-12 15:30:00-04:00,30.420000076293945,30.420000076293945,30.219999313354492,30.299999237060547,13697,0.0,0.0
2023-06-13 09:30:00-04:00,30.600000381469727,30.690000534057617,30.5,30.520000457763672,3583,0.0,0.0
2023-06-13 10:30:00-04:00,30.530000686645508,30.780000686645508,30.5,30.780000686645508,4114,0.0,0.0
2023-06-13 11:30:00-04:00,30.799999237060547,31.170000076293945,30.685199737548828,30.802499771118164,16752,0.0,0.0
2023-06-13 12:30:00-04:00,30.845800399780273,31.040000915527344,30.764999389648438,30.94499969482422,4227,0.0,0.0
2023-06-13 13:30:00-04:00,30.889999389648438,31.030000686645508,30.53059959411621,30.53059959411621,6377,0.0,0.0
2023-06-13 14:30:00-04:00,30.59000015258789,30.780000686645508,30.553600311279297,30.65999984741211,6157,0.0,0.0
2023-06-13 15:30:00-04:00,30.649999618530273,30.790000915527344,30.56999969482422,30.68000030517578,13195,0.0,0.0
2023-06-14 09:30:00-04:00,30.700000762939453,30.719999313354492,30.25589942932129,30.309999465942383,2988,0.0,0.0
2023-06-14 10:30:00-04:00,30.520000457763672,30.56999969482422,30.299999237060547,30.5,6328,0.0,0.0
2023-06-14 11:30:00-04:00,30.509899139404297,31.010000228881836,30.469999313354492,30.969999313354492,14775,0.0,0.0
2023-06-14 12:30:00-04:00,30.8799991607666,31.024999618530273,30.655000686645508,30.7268009185791,5252,0.0,0.0
2023-06-14 13:30:00-04:00,30.59000015258789,30.829999923706055,30.46500015258789,30.530000686645508,15417,0.0,0.0
2023-06-14 14:30:00-04:00,30.549999237060547,30.979999542236328,30.549999237060547,30.81999969482422,10554,0.0,0.0
2023-06-14 15:30:00-04:00,30.7549991607666,30.8799991607666,30.75,30.850000381469727,12584,0.0,0.0
2023-06-15 09:30:00-04:00,30.360000610351562,32.0,30.346099853515625,30.850000381469727,73548,0.0,0.0
2023-06-15 10:30:00-04:00,30.850000381469727,30.850000381469727,29.639999389648438,30.149999618530273,45461,0.0,0.0
2023-06-15 11:30:00-04:00,30.190000534057617,30.399999618530273,30.1200008392334,30.229999542236328,12536,0.0,0.0
2023-06-15 12:30:00-04:00,30.200000762939453,30.31999969482422,30.200000762939453,30.274999618530273,4449,0.0,0.0
2023-06-15 13:30:00-04:00,30.31999969482422,30.31999969482422,29.729999542236328,29.760000228881836,8143,0.0,0.0
2023-06-15 14:30:00-04:00,29.815000534057617,30.05139923095703,29.139999389648438,29.299999237060547,27789,0.0,0.0
2023-06-15 15:30:00-04:00,29.25,29.46500015258789,29.09000015258789,29.209999084472656,26759,0.0,0.0
2023-06-16 09:30:00-04:00,29.6200008392334,29.6200008392334,28.510000228881836,28.954999923706055,31297,0.0,0.0
2023-06-16 10:30:00-04:00,28.899999618530273,28.899999618530273,28.450000762939453,28.450000762939453,4211,0.0,0.0
2023-06-16 11:30:00-04:00,28.575000762939453,28.575000762939453,28.299999237060547,28.510000228881836,7632,0.0,0.0
2023-06-16 12:30:00-04:00,28.5,28.56999969482422,28.3799991607666,28.3799991607666,4703,0.0,0.0
2023-06-16 13:30:00-04:00,28.270000457763672,28.3700008392334,28.18000030517578,28.18000030517578,8207,0.0,0.0
2023-06-16 14:30:00-04:00,28.18000030517578,28.18000030517578,27.899999618530273,27.920000076293945,8624,0.0,0.0
2023-06-16 15:30:00-04:00,27.959999084472656,27.979999542236328,27.610000610351562,27.844999313354492,30797,0.0,0.0
2023-06-20 09:30:00-04:00,27.780000686645508,27.829999923706055,27.030000686645508,27.209999084472656,10632,0.0,0.0
2023-06-20 10:30:00-04:00,27.049999237060547,27.90999984741211,27.040000915527344,27.549999237060547,32076,0.0,0.0
2023-06-20 11:30:00-04:00,27.540000915527344,27.600000381469727,27.280000686645508,27.350000381469727,9625,0.0,0.0
2023-06-20 12:30:00-04:00,27.360000610351562,27.674999237060547,27.350000381469727,27.674999237060547,6908,0.0,0.0
2023-06-20 13:30:00-04:00,27.600000381469727,27.760000228881836,27.5,27.690000534057617,15689,0.0,0.0
2023-06-20 14:30:00-04:00,27.56999969482422,27.850000381469727,27.56999969482422,27.829999923706055,12859,0.0,0.0
2023-06-20 15:30:00-04:00,27.844999313354492,27.950000762939453,27.760000228881836,27.799999237060547,19171,0.0,0.0
2023-06-21 09:30:00-04:00,27.530000686645508,27.530000686645508,26.899999618530273,27.260000228881836,7800,0.0,0.0
2023-06-21 10:30:00-04:00,27.53499984741211,27.690000534057617,27.290000915527344,27.565799713134766,6751,0.0,0.0
2023-06-21 11:30:00-04:00,27.719999313354492,27.954999923706055,27.719999313354492,27.954999923706055,6375,0.0,0.0
2023-06-21 12:30:00-04:00,27.940000534057617,28.3700008392334,27.940000534057617,28.219999313354492,9447,0.0,0.0
2023-06-21 13:30:00-04:00,28.31999969482422,28.59000015258789,28.26259994506836,28.485000610351562,5934,0.0,0.0
2023-06-21 14:30:00-04:00,28.530000686645508,28.59000015258789,28.389999389648438,28.389999389648438,14047,0.0,0.0
2023-06-21 15:30:00-04:00,28.329999923706055,28.329999923706055,28.059999465942383,28.09000015258789,11567,0.0,0.0
2023-06-22 09:30:00-04:00,27.979999542236328,28.575000762939453,27.75,28.520000457763672,4248,0.0,0.0
2023-06-22 10:30:00-04:00,28.40999984741211,28.549999237060547,27.989999771118164,28.549999237060547,12053,0.0,0.0
2023-06-22 11:30:00-04:00,28.537599563598633,28.579999923706055,28.25,28.40999984741211,6627,0.0,0.0
2023-06-22 12:30:00-04:00,28.329999923706055,28.329999923706055,28.190000534057617,28.229999542236328,1776,0.0,0.0
2023-06-22 13:30:00-04:00,28.229999542236328,28.389999389648438,28.229999542236328,28.389999389648438,4819,0.0,0.0
2023-06-22 14:30:00-04:00,28.290000915527344,28.389999389648438,28.270000457763672,28.354999542236328,6258,0.0,0.0
2023-06-22 15:30:00-04:00,28.329999923706055,28.350000381469727,28.18000030517578,28.239999771118164,12065,0.0,0.0
2023-06-23 09:30:00-04:00,27.739999771118164,28.5,27.739999771118164,28.139999389648438,5233,0.0,0.0
2023-06-23 10:30:00-04:00,28.209999084472656,28.25,27.850000381469727,28.0,10761,0.0,0.0
2023-06-23 11:30:00-04:00,28.010000228881836,28.1299991607666,27.809999465942383,28.09000015258789,11188,0.0,0.0
2023-06-23 12:30:00-04:00,28.079999923706055,28.079999923706055,27.93000030517578,28.049999237060547,5331,0.0,0.0
2023-06-23 13:30:00-04:00,28.079999923706055,28.3799991607666,28.079999923706055,28.3799991607666,8923,0.0,0.0
2023-06-23 14:30:00-04:00,28.3700008392334,28.3700008392334,28.040000915527344,28.30500030517578,28952,0.0,0.0
2023-06-23 15:30:00-04:00,28.270000457763672,28.270000457763672,28.020000457763672,28.09000015258789,17090,0.0,0.0
2023-06-26 09:30:00-04:00,27.959999084472656,28.465999603271484,27.84000015258789,27.950000762939453,5378,0.0,0.0
2023-06-26 10:30:00-04:00,27.889999389648438,27.889999389648438,27.308700561523438,27.420000076293945,10470,0.0,0.0
2023-06-26 11:30:00-04:00,27.540000915527344,27.549999237060547,27.31999969482422,27.389999389648438,2577,0.0,0.0
2023-06-26 12:30:00-04:00,27.399999618530273,27.399999618530273,26.9950008392334,27.209999084472656,7934,0.0,0.0
2023-06-26 13:30:00-04:00,27.219999313354492,27.270000457763672,27.010000228881836,27.155000686645508,12163,0.0,0.0
2023-06-26 14:30:00-04:00,27.15999984741211,27.260000228881836,27.084999084472656,27.110000610351562,6583,0.0,0.0
2023-06-26 15:30:00-04:00,27.1200008392334,27.18000030517578,26.729999542236328,26.760000228881836,18516,0.0,0.0
2023-06-27 09:30:00-04:00,26.790000915527344,26.920000076293945,26.309999465942383,26.56999969482422,15071,0.0,0.0
2023-06-27 10:30:00-04:00,26.600000381469727,27.09000015258789,26.549999237060547,27.09000015258789,9875,0.0,0.0
2023-06-27 11:30:00-04:00,27.278099060058594,27.299999237060547,27.138700485229492,27.270000457763672,2911,0.0,0.0
2023-06-27 12:30:00-04:00,27.290000915527344,27.34000015258789,27.239999771118164,27.34000015258789,3020,0.0,0.0
2023-06-27 13:30:00-04:00,27.399999618530273,27.6299991607666,27.360000610351562,27.40999984741211,7775,0.0,0.0
2023-06-27 14:30:00-04:00,27.40999984741211,27.6200008392334,27.239999771118164,27.6200008392334,7655,0.0,0.0
2023-06-27 15:30:00-04:00,27.520000457763672,27.93000030517578,27.450000762939453,27.579999923706055,23248,0.0,0.0
2023-06-28 09:30:00-04:00,27.489999771118164,28.1299991607666,27.489999771118164,28.1299991607666,3384,0.0,0.0
2023-06-28 10:30:00-04:00,28.200000762939453,28.399999618530273,28.000499725341797,28.094999313354492,5953,0.0,0.0
2023-06-28 11:30:00-04:00,28.100000381469727,28.399999618530273,28.100000381469727,28.229999542236328,2514,0.0,0.0
2023-06-28 12:30:00-04:00,28.200000762939453,28.270000457763672,28.040000915527344,28.270000457763672,2885,0.0,0.0
2023-06-28 13:30:00-04:00,28.260000228881836,28.389999389648438,28.260000228881836,28.389999389648438,1691,0.0,0.0
2023-06-28 14:30:00-04:00,28.3700008392334,28.399999618530273,28.190000534057617,28.260000228881836,4468,0.0,0.0
2023-06-28 15:30:00-04:00,28.25,28.25,28.079999923706055,28.110000610351562,12482,0.0,0.0
2023-06-29 09:30:00-04:00,28.219999313354492,29.309999465942383,28.219999313354492,28.56399917602539,6407,0.0,0.0
2023-06-29 10:30:00-04:00,28.40999984741211,28.579999923706055,28.260000228881836,28.5,16373,0.0,0.0
2023-06-29 11:30:00-04:00,28.5,28.520000457763672,28.25,28.344999313354492,9796,0.0,0.0
2023-06-29 12:30:00-04:00,28.34000015258789,28.364999771118164,28.040000915527344,28.290000915527344,10209,0.0,0.0
2023-06-29 13:30:00-04:00,28.299999237060547,28.299999237060547,28.110000610351562,28.270000457763672,2529,0.0,0.0
2023-06-29 14:30:00-04:00,28.360000610351562,28.3700008392334,27.899999618530273,28.079999923706055,42424,0.0,0.0
2023-06-29 15:30:00-04:00,28.079999923706055,28.579999923706055,28.059999465942383,28.559999465942383,17149,0.0,0.0
2023-06-30 09:30:00-04:00,28.790000915527344,29.739999771118164,28.790000915527344,29.739999771118164,8590,0.0,0.0
2023-06-30 10:30:00-04:00,29.604999542236328,29.604999542236328,29.200000762939453,29.3700008392334,11923,0.0,0.0
2023-06-30 11:30:00-04:00,29.3700008392334,29.639999389648438,29.280000686645508,29.639999389648438,3923,0.0,0.0
2023-06-30 12:30:00-04:00,29.6200008392334,29.916000366210938,29.610000610351562,29.916000366210938,10099,0.0,0.0
2023-06-30 13:30:00-04:00,29.950000762939453,30.190000534057617,29.639999389648438,29.700000762939453,14252,0.0,0.0
2023-06-30 14:30:00-04:00,29.790000915527344,29.799999237060547,29.360000610351562,29.360000610351562,9107,0.0,0.0
2023-06-30 15:30:00-04:00,29.375,29.59000015258789,29.09000015258789,29.389999389648438,35344,0.0,0.0
2023-07-03 09:30:00-04:00,29.190000534057617,30.239999771118164,29.190000534057617,30.010000228881836,16870,0.0,0.0
2023-07-03 10:30:00-04:00,29.889999389648438,30.170000076293945,29.80500030517578,29.924999237060547,10572,0.0,0.0
2023-07-03 11:30:00-04:00,29.959999084472656,30.260000228881836,29.780000686645508,30.260000228881836,28087,0.0,0.0
2023-07-05 09:30:00-04:00,29.989999771118164,29.989999771118164,27.170000076293945,28.290000915527344,28292,0.0,0.0
2023-07-05 10:30:00-04:00,28.260000228881836,28.75,28.219999313354492,28.739999771118164,11892,0.0,0.0
2023-07-05 11:30:00-04:00,28.780000686645508,28.799999237060547,28.575000762939453,28.7549991607666,5139,0.0,0.0
2023-07-05 12:30:00-04:00,28.725000381469727,29.020000457763672,28.674999237060547,28.975000381469727,5631,0.0,0.0
2023-07-05 13:30:00-04:00,29.020000457763672,29.020000457763672,28.420000076293945,28.420000076293945,8830,0.0,0.0
2023-07-05 14:30:00-04:00,28.30500030517578,28.43000030517578,28.229999542236328,28.229999542236328,6419,0.0,0.0
2023-07-05 15:30:00-04:00,28.229999542236328,28.260000228881836,27.8799991607666,27.920000076293945,24667,0.0,0.0
2023-07-06 09:30:00-04:00,27.299999237060547,27.299999237060547,26.68000030517578,26.84000015258789,16257,0.0,0.0
2023-07-06 10:30:00-04:00,26.81999969482422,27.389999389648438,26.799999237060547,27.329999923706055,13491,0.0,0.0
2023-07-06 11:30:00-04:00,27.440000534057617,27.459999084472656,27.209999084472656,27.229999542236328,3722,0.0,0.0
2023-07-06 12:30:00-04:00,27.350000381469727,27.700000762939453,27.260000228881836,27.559999465942383,10060,0.0,0.0
2023-07-06 13:30:00-04:00,27.489999771118164,27.770000457763672,27.389999389648438,27.559999465942383,9473,0.0,0.0
2023-07-06 14:30:00-04:00,27.719999313354492,27.812999725341797,27.520000457763672,27.734699249267578,8651,0.0,0.0
2023-07-06 15:30:00-04:00,27.860000610351562,27.8700008392334,27.479999542236328,27.549999237060547,16859,0.0,0.0
2023-07-07 09:30:00-04:00,27.559999465942383,28.040000915527344,27.559999465942383,27.8799991607666,0,0.0,0.0
2023-07-07 10:30:00-04:00,27.84000015258789,28.815000534057617,27.84000015258789,28.815000534057617,13994,0.0,0.0
2023-07-07 11:30:00-04:00,28.760000228881836,28.760000228881836,28.440000534057617,28.440000534057617,3266,0.0,0.0
2023-07-07 12:30:00-04:00,28.424800872802734,28.6200008392334,28.31999969482422,28.559999465942383,5690,0.0,0.0
2023-07-07 13:30:00-04:00,28.479999542236328,28.6200008392334,28.479999542236328,28.559999465942383,1937,0.0,0.0
2023-07-07 14:30:00-04:00,28.649999618530273,28.649999618530273,28.450000762939453,28.450000762939453,4490,0.0,0.0
2023-07-07 15:30:00-04:00,28.40999984741211,28.479999542236328,28.290000915527344,28.360000610351562,11229,0.0,0.0
2023-07-10 09:30:00-04:00,28.18000030517578,29.219999313354492,27.399999618530273,28.309999465942383,6302,0.0,0.0
2023-07-10 10:30:00-04:00,28.239999771118164,28.25,28.100000381469727,28.139999389648438,4463,0.0,0.0
2023-07-10 11:30:00-04:00,28.162500381469727,28.260000228881836,28.149999618530273,28.235000610351562,0,0.0,0.0
2023-07-10 12:30:00-04:00,28.25,28.510000228881836,28.25,28.489999771118164,17040,0.0,0.0
2023-07-10 13:30:00-04:00,28.528499603271484,28.84000015258789,28.528499603271484,28.780000686645508,7843,0.0,0.0
2023-07-10 14:30:00-04:00,28.770000457763672,28.777799606323242,28.649999618530273,28.649999618530273,5346,0.0,0.0
2023-07-10 15:30:00-04:00,28.649999618530273,28.93000030517578,28.649999618530273,28.93000030517578,10160,0.0,0.0
2023-07-11 09:30:00-04:00,28.770000457763672,29.67180061340332,28.770000457763672,29.149999618530273,5251,0.0,0.0
2023-07-11 10:30:00-04:00,29.0,29.18000030517578,28.860000610351562,28.860000610351562,3306,0.0,0.0
2023-07-11 11:30:00-04:00,28.905000686645508,29.030000686645508,28.549999237060547,28.549999237060547,11044,0.0,0.0
2023-07-11 12:30:00-04:00,28.549999237060547,28.829999923706055,28.320100784301758,28.684999465942383,5296,0.0,0.0
2023-07-11 13:30:00-04:00,28.665000915527344,28.665000915527344,28.399999618530273,28.40999984741211,3968,0.0,0.0
2023-07-11 14:30:00-04:00,28.489999771118164,28.90999984741211,28.489999771118164,28.860000610351562,3712,0.0,0.0
2023-07-11 15:30:00-04:00,28.809999465942383,28.829999923706055,28.549999237060547,28.59000015258789,25089,0.0,0.0
2023-07-12 09:30:00-04:00,29.3799991607666,29.3799991607666,28.75,28.881500244140625,7706,0.0,0.0
2023-07-12 10:30:00-04:00,29.045000076293945,29.299999237060547,29.045000076293945,29.229999542236328,6331,0.0,0.0
2023-07-12 11:30:00-04:00,29.18000030517578,29.18000030517578,28.600000381469727,28.75,11686,0.0,0.0
2023-07-12 12:30:00-04:00,28.959999084472656,29.149999618530273,28.959999084472656,29.149999618530273,1865,0.0,0.0
2023-07-12 13:30:00-04:00,29.139999389648438,29.3799991607666,29.079999923706055,29.3799991607666,7001,0.0,0.0
2023-07-12 14:30:00-04:00,29.440000534057617,29.540000915527344,29.34000015258789,29.520000457763672,9887,0.0,0.0
2023-07-12 15:30:00-04:00,29.5,29.6299991607666,29.290000915527344,29.489999771118164,17572,0.0,0.0
2023-07-13 09:30:00-04:00,29.649999618530273,30.219999313354492,29.435199737548828,29.435199737548828,5764,0.0,0.0
2023-07-13 10:30:00-04:00,29.616100311279297,29.649999618530273,29.616100311279297,29.649999618530273,2290,0.0,0.0
2023-07-13 11:30:00-04:00,29.454999923706055,29.700000762939453,29.399999618530273,29.700000762939453,4105,0.0,0.0
2023-07-13 12:30:00-04:00,29.829999923706055,29.834999084472656,29.600000381469727,29.75,7315,0.0,0.0
2023-07-13 13:30:00-04:00,29.80500030517578,30.0,29.80500030517578,29.93000030517578,4340,0.0,0.0
2023-07-13 14:30:00-04:00,29.84000015258789,29.93000030517578,29.600000381469727,29.850000381469727,11277,0.0,0.0
2023-07-13 15:30:00-04:00,29.84000015258789,29.905000686645508,29.75,29.889999389648438,11540,0.0,0.0
2023-07-14 09:30:00-04:00,29.65999984741211,29.65999984741211,29.3700008392334,29.3700008392334,3821,0.0,0.0
2023-07-14 10:30:00-04:00,29.2450008392334,29.2450008392334,28.950000762939453,29.204999923706055,5153,0.0,0.0
2023-07-14 11:30:00-04:00,29.350000381469727,29.459999084472656,29.229999542236328,29.270000457763672,4703,0.0,0.0
2023-07-14 12:30:00-04:00,29.315000534057617,29.399999618530273,29.280000686645508,29.280000686645508,5258,0.0,0.0
2023-07-14 13:30:00-04:00,29.393199920654297,29.399999618530273,29.200000762939453,29.239999771118164,7035,0.0,0.0
2023-07-14 14:30:00-04:00,29.229999542236328,29.350000381469727,29.0,29.024999618530273,8659,0.0,0.0
2023-07-14 15:30:00-04:00,29.142499923706055,29.389999389648438,29.049999237060547,29.059999465942383,19645,0.0,0.0
2023-07-17 09:30:00-04:00,29.15999984741211,29.56999969482422,28.950000762939453,29.350000381469727,3309,0.0,0.0
2023-07-17 10:30:00-04:00,29.549999237060547,29.704999923706055,29.549999237060547,29.559999465942383,2291,0.0,0.0
2023-07-17 11:30:00-04:00,29.639999389648438,30.114999771118164,29.639999389648438,29.989999771118164,10498,0.0,0.0
2023-07-17 12:30:00-04:00,29.954999923706055,30.010000228881836,29.780000686645508,29.959999084472656,14256,0.0,0.0
2023-07-17 13:30:00-04:00,29.959999084472656,30.0,29.790000915527344,29.81999969482422,8295,0.0,0.0
2023-07-17 14:30:00-04:00,29.815000534057617,29.944299697875977,29.729999542236328,29.81999969482422,9618,0.0,0.0
2023-07-17 15:30:00-04:00,29.799999237060547,29.899999618530273,29.700000762939453,29.709999084472656,10918,0.0,0.0
2023-07-18 09:30:00-04:00,29.780000686645508,30.25,29.576200485229492,30.0,59504,0.0,0.0
2023-07-18 10:30:00-04:00,29.93000030517578,30.084999084472656,29.709999084472656,29.709999084472656,15118,0.0,0.0
2023-07-18 11:30:00-04:00,29.774999618530273,29.774999618530273,29.19499969482422,29.389999389648438,14337,0.0,0.0
2023-07-18 12:30:00-04:00,29.34000015258789,29.649999618530273,29.34000015258789,29.639999389648438,6010,0.0,0.0
2023-07-18 13:30:00-04:00,29.549999237060547,29.940000534057617,29.549999237060547,29.860000610351562,5926,0.0,0.0
2023-07-18 14:30:00-04:00,29.850000381469727,29.850000381469727,29.604999542236328,29.790000915527344,7463,0.0,0.0
2023-07-18 15:30:00-04:00,29.770000457763672,29.889999389648438,29.667499542236328,29.889999389648438,11610,0.0,0.0
2023-07-19 09:30:00-04:00,30.040000915527344,31.531099319458008,29.780000686645508,29.950000762939453,37349,0.0,0.0
2023-07-19 10:30:00-04:00,30.06999969482422,30.239999771118164,30.020000457763672,30.235000610351562,8612,0.0,0.0
2023-07-19 11:30:00-04:00,30.225000381469727,30.290000915527344,30.100000381469727,30.145000457763672,10174,0.0,0.0
2023-07-19 12:30:00-04:00,30.100000381469727,30.100000381469727,29.75,29.878599166870117,22761,0.0,0.0
2023-07-19 13:30:00-04:00,29.90999984741211,29.940000534057617,29.510000228881836,29.510000228881836,9905,0.0,0.0
2023-07-19 14:30:00-04:00,29.510000228881836,29.940000534057617,29.46500015258789,29.905000686645508,10938,0.0,0.0
2023-07-19 15:30:00-04:00,29.81999969482422,29.959999084472656,29.81999969482422,29.920000076293945,20263,0.0,0.0
2023-07-20 09:30:00-04:00,29.729999542236328,29.729999542236328,29.239999771118164,29.3799991607666,5388,0.0,0.0
2023-07-20 10:30:00-04:00,29.2549991607666,29.549999237060547,29.200000762939453,29.459999084472656,12306,0.0,0.0
2023-07-20 11:30:00-04:00,29.5049991607666,29.549999237060547,29.290000915527344,29.399999618530273,9226,0.0,0.0
2023-07-20 12:30:00-04:00,29.34000015258789,29.364999771118164,29.309999465942383,29.329999923706055,2595,0.0,0.0
2023-07-20 13:30:00-04:00,29.360000610351562,29.45549964904785,29.290000915527344,29.329999923706055,4558,0.0,0.0
2023-07-20 14:30:00-04:00,29.199100494384766,29.290000915527344,28.989999771118164,28.989999771118164,6148,0.0,0.0
2023-07-20 15:30:00-04:00,29.079999923706055,29.25,28.96500015258789,28.969999313354492,15675,0.0,0.0
2023-07-21 09:30:00-04:00,29.270000457763672,29.270000457763672,28.489999771118164,28.8799991607666,15642,0.0,0.0
2023-07-21 10:30:00-04:00,28.729999542236328,29.040000915527344,28.719999313354492,28.99250030517578,3338,0.0,0.0
2023-07-21 11:30:00-04:00,29.06999969482422,29.06999969482422,28.770000457763672,28.770000457763672,2806,0.0,0.0
2023-07-21 12:30:00-04:00,28.75,29.100000381469727,28.719999313354492,28.969999313354492,4924,0.0,0.0
2023-07-21 13:30:00-04:00,29.0,29.239999771118164,28.940000534057617,28.979999542236328,4625,0.0,0.0
2023-07-21 14:30:00-04:00,28.90999984741211,28.920000076293945,28.510000228881836,28.510000228881836,8341,0.0,0.0
2023-07-21 15:30:00-04:00,28.5049991607666,28.59000015258789,28.270000457763672,28.309999465942383,16212,0.0,0.0
2023-07-24 09:30:00-04:00,28.489999771118164,28.489999771118164,27.75,28.079999923706055,7351,0.0,0.0
2023-07-24 10:30:00-04:00,28.09000015258789,28.09000015258789,27.350000381469727,27.5049991607666,9076,0.0,0.0
2023-07-24 11:30:00-04:00,27.559999465942383,27.8799991607666,27.260000228881836,27.8799991607666,9345,0.0,0.0
2023-07-24 12:30:00-04:00,27.959999084472656,27.959999084472656,27.709999084472656,27.799999237060547,2807,0.0,0.0
2023-07-24 13:30:00-04:00,27.829999923706055,28.139999389648438,27.800199508666992,28.139999389648438,5492,0.0,0.0
2023-07-24 14:30:00-04:00,28.15999984741211,28.329999923706055,28.100000381469727,28.229999542236328,7235,0.0,0.0
2023-07-24 15:30:00-04:00,28.200000762939453,28.290000915527344,28.18000030517578,28.200000762939453,8460,0.0,0.0
2023-07-25 09:30:00-04:00,28.31999969482422,28.709999084472656,28.31999969482422,28.62809944152832,3603,0.0,0.0
2023-07-25 10:30:00-04:00,28.510000228881836,28.510000228881836,28.100000381469727,28.48710060119629,6657,0.0,0.0
2023-07-25 11:30:00-04:00,28.3700008392334,28.469999313354492,28.2450008392334,28.360000610351562,2940,0.0,0.0
2023-07-25 12:30:00-04:00,28.350000381469727,28.6299991607666,28.309999465942383,28.559999465942383,6913,0.0,0.0
2023-07-25 13:30:00-04:00,28.559999465942383,28.700000762939453,28.43000030517578,28.5,4665,0.0,0.0
2023-07-25 14:30:00-04:00,28.540000915527344,28.540000915527344,28.260000228881836,28.540000915527344,8631,0.0,0.0
2023-07-25 15:30:00-04:00,28.479999542236328,28.729999542236328,28.450000762939453,28.729999542236328,19741,0.0,0.0
2023-07-26 09:30:00-04:00,28.5,29.19179916381836,27.959999084472656,28.780000686645508,9040,0.0,0.0
2023-07-26 10:30:00-04:00,28.889999389648438,28.889999389648438,28.34000015258789,28.479999542236328,6217,0.0,0.0
2023-07-26 11:30:00-04:00,28.66990089416504,28.719999313354492,28.600000381469727,28.649999618530273,4839,0.0,0.0
2023-07-26 12:30:00-04:00,28.549999237060547,28.59000015258789,28.549999237060547,28.59000015258789,1390,0.0,0.0
2023-07-26 13:30:00-04:00,28.670000076293945,28.709999084472656,28.65999984741211,28.65999984741211,1419,0.0,0.0
2023-07-26 14:30:00-04:00,28.75,28.975000381469727,28.690000534057617,28.84000015258789,16706,0.0,0.0
2023-07-26 15:30:00-04:00,28.878999710083008,29.06999969482422,28.854999542236328,29.010000228881836,16860,0.0,0.0
2023-07-27 09:30:00-04:00,29.290000915527344,29.299999237060547,28.809999465942383,28.8700008392334,13947,0.0,0.0
2023-07-27 10:30:00-04:00,28.895000457763672,29.15999984741211,28.780000686645508,28.790000915527344,23973,0.0,0.0
2023-07-27 11:30:00-04:00,28.75,28.860000610351562,28.600000381469727,28.764999389648438,15393,0.0,0.0
2023-07-27 12:30:00-04:00,28.770000457763672,28.850000381469727,28.610000610351562,28.670000076293945,6730,0.0,0.0
2023-07-27 13:30:00-04:00,28.670000076293945,28.700000762939453,28.34000015258789,28.43000030517578,10311,0.0,0.0
2023-07-27 14:30:00-04:00,28.329999923706055,28.360000610351562,28.1299991607666,28.299999237060547,9295,0.0,0.0
2023-07-27 15:30:00-04:00,28.190000534057617,28.3799991607666,28.0,28.290000915527344,16014,0.0,0.0
2023-07-28 09:30:00-04:00,28.770000457763672,29.309999465942383,28.200000762939453,29.1299991607666,3909,0.0,0.0
2023-07-28 10:30:00-04:00,29.200000762939453,29.68000030517578,29.200000762939453,29.389999389648438,10711,0.0,0.0
2023-07-28 11:30:00-04:00,29.309999465942383,29.5,29.149999618530273,29.329999923706055,11458,0.0,0.0
2023-07-28 12:30:00-04:00,29.34000015258789,29.34000015258789,29.1200008392334,29.18000030517578,2599,0.0,0.0
2023-07-28 13:30:00-04:00,29.149999618530273,29.920000076293945,29.139999389648438,29.920000076293945,15753,0.0,0.0
2023-07-28 14:30:00-04:00,29.84000015258789,30.020000457763672,29.75,29.860000610351562,9336,0.0,0.0
2023-07-28 15:30:00-04:00,29.889999389648438,30.100000381469727,29.850000381469727,29.899999618530273,25762,0.0,0.0
2023-07-31 09:30:00-04:00,29.950000762939453,30.579999923706055,29.950000762939453,30.145000457763672,12341,0.0,0.0
2023-07-31 10:30:00-04:00,30.264999389648438,30.34000015258789,29.649999618530273,29.719999313354492,24297,0.0,0.0
2023-07-31 11:30:00-04:00,29.674999237060547,29.674999237060547,29.280000686645508,29.450000762939453,12510,0.0,0.0
2023-07-31 12:30:00-04:00,29.450000762939453,29.6200008392334,29.239999771118164,29.354999542236328,18835,0.0,0.0
2023-07-31 13:30:00-04:00,29.31999969482422,29.54990005493164,29.31999969482422,29.489999771118164,17559,0.0,0.0
2023-07-31 14:30:00-04:00,29.479999542236328,29.549999237060547,29.200000762939453,29.239999771118164,7843,0.0,0.0
2023-07-31 15:30:00-04:00,29.239999771118164,29.670000076293945,29.18000030517578,29.56999969482422,39954,0.0,0.0
2023-08-01 09:30:00-04:00,29.579999923706055,29.579999923706055,28.5044002532959,28.795000076293945,7122,0.0,0.0
2023-08-01 10:30:00-04:00,29.013700485229492,29.232900619506836,28.667499542236328,29.204999923706055,9635,0.0,0.0
2023-08-01 11:30:00-04:00,29.290000915527344,29.489999771118164,29.280000686645508,29.44499969482422,5281,0.0,0.0
2023-08-01 12:30:00-04:00,29.479999542236328,30.020000457763672,29.479999542236328,30.020000457763672,8791,0.0,0.0
2023-08-01 13:30:00-04:00,30.030000686645508,30.270000457763672,30.020000457763672,30.15999984741211,3357,0.0,0.0
2023-08-01 14:30:00-04:00,30.25,30.251100540161133,30.09000015258789,30.155000686645508,3843,0.0,0.0
2023-08-01 15:30:00-04:00,30.21500015258789,30.489999771118164,30.1299991607666,30.219999313354492,14362,0.0,0.0
2023-08-02 09:30:00-04:00,30.280000686645508,30.525999069213867,29.100000381469727,29.665000915527344,11989,0.0,0.0
2023-08-02 10:30:00-04:00,29.700000762939453,29.8700008392334,29.1200008392334,29.265499114990234,6917,0.0,0.0
2023-08-02 11:30:00-04:00,29.299999237060547,29.329999923706055,29.0,29.329999923706055,17337,0.0,0.0
2023-08-02 12:30:00-04:00,29.219999313354492,29.545000076293945,29.219999313354492,29.360000610351562,15762,0.0,0.0
2023-08-02 13:30:00-04:00,29.3700008392334,29.389999389648438,29.18000030517578,29.329999923706055,10842,0.0,0.0
2023-08-02 14:30:00-04:00,29.309999465942383,29.360000610351562,28.829999923706055,28.94499969482422,22400,0.0,0.0
2023-08-02 15:30:00-04:00,29.040000915527344,29.420000076293945,28.850000381469727,29.329999923706055,99607,0.0,0.0
2023-08-03 09:30:00-04:00,32.0,36.220001220703125,32.0,34.849998474121094,172249,0.0,0.0
2023-08-03 10:30:00-04:00,34.790000915527344,35.900001525878906,34.47999954223633,35.03499984741211,91204,0.0,0.0
2023-08-03 11:30:00-04:00,35.02000045776367,35.599998474121094,34.250099182128906,34.55500030517578,53576,0.0,0.0
2023-08-03 12:30:00-04:00,34.58000183105469,35.06999969482422,34.0,34.84000015258789,46755,0.0,0.0
2023-08-03 13:30:00-04:00,34.900001525878906,35.2599983215332,34.22999954223633,34.36000061035156,25146,0.0,0.0
2023-08-03 14:30:00-04:00,34.3650016784668,35.15999984741211,34.3650016784668,34.9900016784668,42706,0.0,0.0
2023-08-03 15:30:00-04:00,34.9900016784668,35.904998779296875,34.970001220703125,35.790000915527344,109796,0.0,0.0
2023-08-04 09:30:00-04:00,36.0,37.4202995300293,35.95000076293945,36.85499954223633,42166,0.0,0.0
2023-08-04 10:30:00-04:00,36.619998931884766,37.709999084472656,36.31999969482422,37.25,23119,0.0,0.0
2023-08-04 11:30:00-04:00,37.2599983215332,37.709999084472656,37.209999084472656,37.625,21945,0.0,0.0
2023-08-04 12:30:00-04:00,37.625,38.346099853515625,36.65999984741211,36.66999816894531,38990,0.0,0.0
2023-08-04 13:30:00-04:00,36.68000030517578,36.9900016784668,36.369998931884766,36.810001373291016,18861,0.0,0.0
2023-08-04 14:30:00-04:00,36.75,36.98500061035156,36.04999923706055,36.189998626708984,23699,0.0,0.0
2023-08-04 15:30:00-04:00,36.279998779296875,36.70000076293945,36.040000915527344,36.61000061035156,35697,0.0,0.0
2023-08-07 09:30:00-04:00,36.599998474121094,36.599998474121094,32.900001525878906,34.29499816894531,40419,0.0,0.0
2023-08-07 10:30:00-04:00,34.29999923706055,35.73040008544922,34.29999923706055,35.290000915527344,15172,0.0,0.0
2023-08-07 11:30:00-04:00,35.47999954223633,35.93000030517578,34.869998931884766,35.93000030517578,10364,0.0,0.0
2023-08-07 12:30:00-04:00,36.09000015258789,36.56999969482422,35.84000015258789,35.97999954223633,7507,0.0,0.0
2023-08-07 13:30:00-04:00,35.9900016784668,36.68000030517578,35.79010009765625,36.04999923706055,17956,0.0,0.0
2023-08-07 14:30:00-04:00,35.939998626708984,36.65999984741211,35.935001373291016,36.275001525878906,18337,0.0,0.0
2023-08-07 15:30:00-04:00,36.20000076293945,36.400001525878906,36.09000015258789,36.099998474121094,30790,0.0,0.0
2023-08-08 09:30:00-04:00,35.939998626708984,35.939998626708984,35.26499938964844,35.34000015258789,7655,0.0,0.0
2023-08-08 10:30:00-04:00,35.20000076293945,35.48500061035156,34.84000015258789,35.36000061035156,7914,0.0,0.0
2023-08-08 11:30:00-04:00,35.404998779296875,36.029998779296875,35.404998779296875,36.029998779296875,6415,0.0,0.0
2023-08-08 12:30:00-04:00,36.0099983215332,36.099998474121094,35.720001220703125,36.099998474121094,4852,0.0,0.0
2023-08-08 13:30:00-04:00,36.15999984741211,36.329498291015625,36.0099983215332,36.157501220703125,5620,0.0,0.0
2023-08-08 14:30:00-04:00,36.13999938964844,36.189998626708984,36.0630989074707,36.15999984741211,4469,0.0,0.0
2023-08-08 15:30:00-04:00,36.13999938964844,36.2400016784668,36.09000015258789,36.09000015258789,14472,0.0,0.0
2023-08-09 09:30:00-04:00,36.0,36.25,34.720001220703125,34.720001220703125,4477,0.0,0.0
2023-08-09 10:30:00-04:00,34.53120040893555,35.0,34.310001373291016,34.474998474121094,10670,0.0,0.0
2023-08-09 11:30:00-04:00,34.525001525878906,34.91999816894531,34.31999969482422,34.779998779296875,9594,0.0,0.0
2023-08-09 12:30:00-04:00,34.93000030517578,35.09000015258789,34.790000915527344,34.86000061035156,4093,0.0,0.0
2023-08-09 13:30:00-04:00,34.959999084472656,34.970001220703125,34.61000061035156,34.82500076293945,4568,0.0,0.0
2023-08-09 14:30:00-04:00,34.845001220703125,34.900001525878906,34.32500076293945,34.650001525878906,12475,0.0,0.0
2023-08-09 15:30:00-04:00,34.5099983215332,34.77000045776367,34.31999969482422,34.4900016784668,24838,0.0,0.0
2023-08-10 09:30:00-04:00,34.70000076293945,35.52000045776367,34.470001220703125,35.18000030517578,9378,0.0,0.0
2023-08-10 10:30:00-04:00,35.459999084472656,35.459999084472656,34.124900817871094,34.34000015258789,7532,0.0,0.0
2023-08-10 11:30:00-04:00,34.33000183105469,34.68000030517578,34.02000045776367,34.56999969482422,5285,0.0,0.0
2023-08-10 12:30:00-04:00,34.6349983215332,34.970001220703125,34.560001373291016,34.56999969482422,4654,0.0,0.0
2023-08-10 13:30:00-04:00,34.4900016784668,34.54999923706055,34.27000045776367,34.54999923706055,2742,0.0,0.0
2023-08-10 14:30:00-04:00,34.474998474121094,34.540000915527344,33.93000030517578,33.93000030517578,7280,0.0,0.0
2023-08-10 15:30:00-04:00,33.96070098876953,34.2599983215332,33.959999084472656,34.130001068115234,11124,0.0,0.0
2023-08-11 09:30:00-04:00,33.900001525878906,34.4900016784668,33.599998474121094,34.29999923706055,7859,0.0,0.0
2023-08-11 10:30:00-04:00,34.474998474121094,34.474998474121094,34.1349983215332,34.20539855957031,3261,0.0,0.0
2023-08-11 11:30:00-04:00,34.099998474121094,34.41999816894531,34.0099983215332,34.09000015258789,5512,0.0,0.0
2023-08-11 12:30:00-04:00,34.189998626708984,34.310001373291016,33.81999969482422,33.90999984741211,6500,0.0,0.0
2023-08-11 13:30:00-04:00,33.869998931884766,33.88999938964844,33.369998931884766,33.88999938964844,7952,0.0,0.0
2023-08-11 14:30:00-04:00,34.02000045776367,34.185001373291016,33.89500045776367,34.185001373291016,5860,0.0,0.0
2023-08-11 15:30:00-04:00,34.18000030517578,34.209999084472656,33.790000915527344,34.060001373291016,20134,0.0,0.0
2023-08-14 09:30:00-04:00,34.0,34.540000915527344,33.279998779296875,34.33000183105469,6501,0.0,0.0
2023-08-14 10:30:00-04:00,34.13999938964844,34.25,34.0,34.20000076293945,9460,0.0,0.0
2023-08-14 11:30:00-04:00,34.2599983215332,34.47169876098633,34.02000045776367,34.099998474121094,17858,0.0,0.0
2023-08-14 12:30:00-04:00,34.095001220703125,34.15999984741211,34.01449966430664,34.15999984741211,1227,0.0,0.0
2023-08-14 13:30:00-04:00,34.060001373291016,34.215301513671875,34.0,34.16999816894531,2522,0.0,0.0
2023-08-14 14:30:00-04:00,34.11000061035156,34.400001525878906,34.0099983215332,34.29999923706055,10317,0.0,0.0
2023-08-14 15:30:00-04:00,34.439998626708984,34.63999938964844,34.400001525878906,34.560001373291016,8388,0.0,0.0
2023-08-15 09:30:00-04:00,34.380001068115234,34.52000045776367,34.04999923706055,34.36360168457031,5197,0.0,0.0
2023-08-15 10:30:00-04:00,34.20000076293945,35.22999954223633,34.189998626708984,35.154998779296875,18070,0.0,0.0
2023-08-15 11:30:00-04:00,35.33000183105469,35.869998931884766,35.06999969482422,35.459999084472656,9924,0.0,0.0
2023-08-15 12:30:00-04:00,35.439998626708984,35.88999938964844,35.415000915527344,35.77000045776367,4608,0.0,0.0
2023-08-15 13:30:00-04:00,35.779998779296875,35.91999816894531,35.29999923706055,35.33000183105469,14763,0.0,0.0
2023-08-15 14:30:00-04:00,35.1349983215332,35.45000076293945,34.91999816894531,35.03499984741211,15346,0.0,0.0
2023-08-15 15:30:00-04:00,35.06999969482422,35.2599983215332,34.97999954223633,35.04999923706055,10819,0.0,0.0
2023-08-16 09:30:00-04:00,34.91999816894531,35.459999084472656,34.56999969482422,34.75,5142,0.0,0.0
2023-08-16 10:30:00-04:00,34.900001525878906,35.0,34.619998931884766,34.66999816894531,2396,0.0,0.0
2023-08-16 11:30:00-04:00,34.630001068115234,34.63999938964844,34.16999816894531,34.540000915527344,5751,0.0,0.0
2023-08-16 12:30:00-04:00,34.7400016784668,35.08000183105469,34.7400016784668,34.9900016784668,4362,0.0,0.0
2023-08-16 13:30:00-04:00,35.029998779296875,35.029998779296875,34.560001373291016,34.93000030517578,2825,0.0,0.0
2023-08-16 14:30:00-04:00,34.869998931884766,34.880001068115234,34.59000015258789,34.65999984741211,4868,0.0,0.0
2023-08-16 15:30:00-04:00,34.68000030517578,34.790000915527344,34.59000015258789,34.59000015258789,10771,0.0,0.0
2023-08-17 09:30:00-04:00,34.66999816894531,34.66999816894531,34.060001373291016,34.41999816894531,0,0.0,0.0
2023-08-17 10:30:00-04:00,34.13100051879883,34.20000076293945,33.810001373291016,33.880001068115234,6358,0.0,0.0
2023-08-17 11:30:00-04:00,33.709999084472656,34.310001373291016,33.709999084472656,34.22999954223633,9844,0.0,0.0
2023-08-17 12:30:00-04:00,34.310001373291016,34.36000061035156,34.220001220703125,34.349998474121094,4985,0.0,0.0
2023-08-17 13:30:00-04:00,34.27000045776367,34.314998626708984,34.09000015258789,34.25,6069,0.0,0.0
2023-08-17 14:30:00-04:00,34.25,34.25,33.779998779296875,33.95000076293945,9001,0.0,0.0
2023-08-17 15:30:00-04:00,33.95000076293945,33.95000076293945,33.5,33.5,17355,0.0,0.0
2023-08-18 09:30:00-04:00,32.93000030517578,33.22999954223633,31.7450008392334,32.970001220703125,30967,0.0,0.0
2023-08-18 10:30:00-04:00,33.119998931884766,33.36000061035156,33.119998931884766,33.290000915527344,7117,0.0,0.0
2023-08-18 11:30:00-04:00,33.20000076293945,33.20000076293945,32.9900016784668,33.084999084472656,2169,0.0,0.0
2023-08-18 12:30:00-04:00,32.9900016784668,33.27000045776367,32.768798828125,32.768798828125,6873,0.0,0.0
2023-08-18 13:30:00-04:00,32.66999816894531,32.790000915527344,32.619998931884766,32.619998931884766,3573,0.0,0.0
2023-08-18 14:30:00-04:00,32.564998626708984,32.849998474121094,32.5,32.69499969482422,13791,0.0,0.0
2023-08-18 15:30:00-04:00,32.61009979248047,32.81999969482422,32.47999954223633,32.58000183105469,29873,0.0,0.0
2023-08-21 09:30:00-04:00,32.4900016784668,33.0,32.32500076293945,32.32500076293945,6779,0.0,0.0
2023-08-21 10:30:00-04:00,31.957799911499023,32.380001068115234,31.813199996948242,32.380001068115234,9128,0.0,0.0
2023-08-21 11:30:00-04:00,32.439998626708984,32.61000061035156,32.34479904174805,32.36000061035156,4995,0.0,0.0
2023-08-21 12:30:00-04:00,32.38999938964844,32.38999938964844,32.130001068115234,32.2599983215332,3017,0.0,0.0
2023-08-21 13:30:00-04:00,32.244998931884766,32.310001373291016,32.15999984741211,32.30500030517578,2572,0.0,0.0
2023-08-21 14:30:00-04:00,32.220001220703125,32.29499816894531,31.989999771118164,32.25,5575,0.0,0.0
2023-08-21 15:30:00-04:00,32.09000015258789,32.5,32.05500030517578,32.11000061035156,17389,0.0,0.0
2023-08-22 09:30:00-04:00,32.25,32.70000076293945,31.96500015258789,32.189998626708984,5197,0.0,0.0
2023-08-22 10:30:00-04:00,32.25,32.54999923706055,32.25,32.47999954223633,2870,0.0,0.0
2023-08-22 11:30:00-04:00,32.29999923706055,32.29999923706055,31.649999618530273,31.748600006103516,11802,0.0,0.0
2023-08-22 12:30:00-04:00,31.920000076293945,32.13999938964844,31.562400817871094,31.562400817871094,5899,0.0,0.0
2023-08-22 13:30:00-04:00,31.739999771118164,31.93000030517578,31.3799991607666,31.766399383544922,11604,0.0,0.0
2023-08-22 14:30:00-04:00,31.940000534057617,31.940000534057617,31.700000762939453,31.920000076293945,3471,0.0,0.0
2023-08-22 15:30:00-04:00,31.895000457763672,31.950000762939453,31.56999969482422,31.65999984741211,17969,0.0,0.0
2023-08-23 09:30:00-04:00,31.610000610351562,32.0,31.309999465942383,31.469999313354492,4357,0.0,0.0
2023-08-23 10:30:00-04:00,31.459999084472656,32.0,31.459999084472656,31.97010040283203,2973,0.0,0.0
2023-08-23 11:30:00-04:00,32.029998779296875,32.029998779296875,31.850099563598633,31.850099563598633,2468,0.0,0.0
2023-08-23 12:30:00-04:00,31.889999389648438,31.969999313354492,31.889999389648438,31.90999984741211,3426,0.0,0.0
2023-08-23 13:30:00-04:00,31.8799991607666,32.02000045776367,31.725000381469727,32.02000045776367,3449,0.0,0.0
2023-08-23 14:30:00-04:00,32.11000061035156,32.345001220703125,31.950000762939453,32.32500076293945,8338,0.0,0.0
2023-08-23 15:30:00-04:00,32.380001068115234,32.529998779296875,32.34000015258789,32.529998779296875,13302,0.0,0.0
2023-08-24 09:30:00-04:00,32.529998779296875,32.599998474121094,31.670000076293945,31.670000076293945,11763,0.0,0.0
2023-08-24 10:30:00-04:00,31.81999969482422,31.93899917602539,31.31599998474121,31.489999771118164,9387,0.0,0.0
2023-08-24 11:30:00-04:00,31.290000915527344,31.399999618530273,31.024999618530273,31.201200485229492,20250,0.0,0.0
2023-08-24 12:30:00-04:00,31.18000030517578,31.2450008392334,31.020000457763672,31.030000686645508,5679,0.0,0.0
2023-08-24 13:30:00-04:00,31.079999923706055,31.270000457763672,31.020000457763672,31.270000457763672,5703,0.0,0.0
2023-08-24 14:30:00-04:00,31.280000686645508,31.5,31.280000686645508,31.469999313354492,8133,0.0,0.0
2023-08-24 15:30:00-04:00,31.440000534057617,31.5,31.020000457763672,31.020000457763672,35377,0.0,0.0
2023-08-25 09:30:00-04:00,31.100000381469727,31.600000381469727,30.510000228881836,30.90999984741211,6402,0.0,0.0
2023-08-25 10:30:00-04:00,31.09000015258789,31.280000686645508,30.75,31.06999969482422,11021,0.0,0.0
2023-08-25 11:30:00-04:00,31.149999618530273,31.860000610351562,31.0,31.7450008392334,10291,0.0,0.0
2023-08-25 12:30:00-04:00,31.598499298095703,31.719999313354492,31.260000228881836,31.31999969482422,4542,0.0,0.0
2023-08-25 13:30:00-04:00,31.280000686645508,31.44499969482422,31.190000534057617,31.3700008392334,5345,0.0,0.0
2023-08-25 14:30:00-04:00,31.649999618530273,31.649999618530273,31.329999923706055,31.43000030517578,5008,0.0,0.0
2023-08-25 15:30:00-04:00,31.3700008392334,31.4950008392334,31.17009925842285,31.299999237060547,11633,0.0,0.0
2023-08-28 09:30:00-04:00,31.450000762939453,31.709999084472656,31.030000686645508,31.559999465942383,17488,0.0,0.0
2023-08-28 10:30:00-04:00,31.690000534057617,31.825000762939453,31.010000228881836,31.170000076293945,10749,0.0,0.0
2023-08-28 11:30:00-04:00,31.200000762939453,31.239999771118164,30.799999237060547,30.875,6560,0.0,0.0
2023-08-28 12:30:00-04:00,30.829999923706055,30.979900360107422,30.68000030517578,30.739999771118164,5463,0.0,0.0
2023-08-28 13:30:00-04:00,30.709999084472656,30.761199951171875,30.1200008392334,30.299999237060547,17157,0.0,0.0
2023-08-28 14:30:00-04:00,30.239999771118164,30.704999923706055,30.176000595092773,30.579999923706055,12064,0.0,0.0
2023-08-28 15:30:00-04:00,30.549999237060547,30.760000228881836,30.3700008392334,30.43000030517578,22070,0.0,0.0
2023-08-29 09:30:00-04:00,30.350000381469727,31.09000015258789,29.700000762939453,31.09000015258789,18417,0.0,0.0
2023-08-29 10:30:00-04:00,30.920400619506836,31.809999465942383,30.920400619506836,31.7549991607666,8304,0.0,0.0
2023-08-29 11:30:00-04:00,31.780000686645508,32.0,31.639999389648438,31.799999237060547,6715,0.0,0.0
2023-08-29 12:30:00-04:00,31.81999969482422,32.149898529052734,31.68000030517578,31.989999771118164,14758,0.0,0.0
2023-08-29 13:30:00-04:00,31.979999542236328,32.04999923706055,31.780000686645508,32.00669860839844,6529,0.0,0.0
2023-08-29 14:30:00-04:00,32.029998779296875,32.099998474121094,31.850000381469727,31.850000381469727,12488,0.0,0.0
2023-08-29 15:30:00-04:00,31.93000030517578,31.969999313354492,31.790000915527344,31.790000915527344,10051,0.0,0.0
2023-08-30 09:30:00-04:00,31.639999389648438,32.79990005493164,31.5,32.2400016784668,22082,0.0,0.0
2023-08-30 10:30:00-04:00,32.25,32.685001373291016,32.25,32.61000061035156,10026,0.0,0.0
2023-08-30 11:30:00-04:00,32.58000183105469,33.189998626708984,32.5,32.85499954223633,12528,0.0,0.0
2023-08-30 12:30:00-04:00,32.880001068115234,33.220001220703125,32.880001068115234,33.150001525878906,8009,0.0,0.0
2023-08-30 13:30:00-04:00,33.19499969482422,33.25,32.72999954223633,32.970001220703125,13333,0.0,0.0
2023-08-30 14:30:00-04:00,33.077999114990234,33.34000015258789,33.02000045776367,33.11000061035156,9515,0.0,0.0
2023-08-30 15:30:00-04:00,33.13999938964844,33.13999938964844,32.689998626708984,32.83000183105469,19796,0.0,0.0
2023-08-31 09:30:00-04:00,32.720001220703125,32.82740020751953,32.400001525878906,32.61000061035156,15281,0.0,0.0
2023-08-31 10:30:00-04:00,32.52000045776367,32.7400016784668,32.165000915527344,32.619998931884766,6407,0.0,0.0
2023-08-31 11:30:00-04:00,32.61000061035156,32.970001220703125,32.529998779296875,32.529998779296875,8865,0.0,0.0
2023-08-31 12:30:00-04:00,32.41999816894531,32.61000061035156,32.290000915527344,32.380001068115234,9586,0.0,0.0
2023-08-31 13:30:00-04:00,32.47999954223633,32.91999816894531,32.43000030517578,32.91999816894531,4700,0.0,0.0
2023-08-31 14:30:00-04:00,32.849998474121094,32.93000030517578,32.619998931884766,32.93000030517578,10706,0.0,0.0
2023-08-31 15:30:00-04:00,32.939998626708984,33.01499938964844,32.56999969482422,32.7400016784668,33661,0.0,0.0
2023-09-01 09:30:00-04:00,32.970001220703125,33.8650016784668,32.970001220703125,33.70500183105469,14741,0.0,0.0
2023-09-01 10:30:00-04:00,33.619998931884766,34.27000045776367,33.540000915527344,34.27000045776367,9578,0.0,0.0
2023-09-01 11:30:00-04:00,34.260101318359375,34.48500061035156,33.90999984741211,34.26499938964844,9809,0.0,0.0
2023-09-01 12:30:00-04:00,34.290000915527344,34.790000915527344,34.040000915527344,34.209999084472656,18903,0.0,0.0
2023-09-01 13:30:00-04:00,34.20000076293945,34.20000076293945,33.900001525878906,33.94499969482422,9016,0.0,0.0
2023-09-01 14:30:00-04:00,33.880001068115234,34.22999954223633,33.70000076293945,34.185001373291016,11251,0.0,0.0
2023-09-01 15:30:00-04:00,34.31999969482422,34.650001525878906,34.279998779296875,34.63999938964844,24044,0.0,0.0
2023-09-05 09:30:00-04:00,34.619998931884766,35.2400016784668,33.77000045776367,34.90999984741211,23706,0.0,0.0
2023-09-05 10:30:00-04:00,35.189998626708984,35.724998474121094,35.14350128173828,35.165000915527344,23513,0.0,0.0
2023-09-05 11:30:00-04:00,35.25,35.41630172729492,34.849998474121094,35.3849983215332,22360,0.0,0.0
2023-09-05 12:30:00-04:00,35.5099983215332,35.95000076293945,35.5099983215332,35.83000183105469,17061,0.0,0.0
2023-09-05 13:30:00-04:00,35.79999923706055,36.0,35.29999923706055,35.81999969482422,39356,0.0,0.0
2023-09-05 14:30:00-04:00,35.84000015258789,35.849998474121094,35.52000045776367,35.529998779296875,29949,0.0,0.0
2023-09-05 15:30:00-04:00,35.5099983215332,35.75,35.5099983215332,35.70000076293945,27592,0.0,0.0
2023-09-06 09:30:00-04:00,35.720001220703125,35.75,33.66999816894531,34.7400016784668,14671,0.0,0.0
2023-09-06 10:30:00-04:00,34.52000045776367,35.1609992980957,34.40999984741211,34.790000915527344,6655,0.0,0.0
2023-09-06 11:30:00-04:00,34.81999969482422,34.869998931884766,34.709999084472656,34.709999084472656,4459,0.0,0.0
2023-09-06 12:30:00-04:00,34.600101470947266,34.68989944458008,34.5,34.68989944458008,3673,0.0,0.0
2023-09-06 13:30:00-04:00,34.69499969482422,34.69499969482422,34.56999969482422,34.66999816894531,3745,0.0,0.0
2023-09-06 14:30:00-04:00,34.689998626708984,34.689998626708984,34.13999938964844,34.31999969482422,9950,0.0,0.0
2023-09-06 15:30:00-04:00,34.290000915527344,34.4900016784668,34.290000915527344,34.4900016784668,16505,0.0,0.0
2023-09-07 09:30:00-04:00,34.2599983215332,34.2599983215332,33.24700164794922,33.75,7840,0.0,0.0
2023-09-07 10:30:00-04:00,33.63999938964844,33.84000015258789,33.0099983215332,33.20500183105469,8363,0.0,0.0
2023-09-07 11:30:00-04:00,33.08000183105469,33.20000076293945,32.709999084472656,33.119998931884766,11161,0.0,0.0
2023-09-07 12:30:00-04:00,33.189998626708984,33.45000076293945,33.150001525878906,33.45000076293945,3827,0.0,0.0
2023-09-07 13:30:00-04:00,33.619998931884766,33.7599983215332,33.4900016784668,33.73500061035156,10281,0.0,0.0
2023-09-07 14:30:00-04:00,33.720001220703125,33.93000030517578,33.68709945678711,33.849998474121094,6319,0.0,0.0
2023-09-07 15:30:00-04:00,33.77000045776367,33.77000045776367,33.380001068115234,33.5,23213,0.0,0.0
2023-09-08 09:30:00-04:00,33.63999938964844,33.720001220703125,33.11000061035156,33.698001861572266,6815,0.0,0.0
2023-09-08 10:30:00-04:00,33.5,33.529998779296875,33.369998931884766,33.529998779296875,2500,0.0,0.0
2023-09-08 11:30:00-04:00,33.65999984741211,33.93000030517578,33.650001525878906,33.650001525878906,5656,0.0,0.0
2023-09-08 12:30:00-04:00,33.79410171508789,33.79410171508789,33.689998626708984,33.790000915527344,1796,0.0,0.0
2023-09-08 13:30:00-04:00,33.689998626708984,33.810001373291016,33.470001220703125,33.470001220703125,3713,0.0,0.0
2023-09-08 14:30:00-04:00,33.470001220703125,33.68000030517578,33.33000183105469,33.630001068115234,10900,0.0,0.0
2023-09-08 15:30:00-04:00,33.65999984741211,33.88999938964844,33.619998931884766,33.88999938964844,11524,0.0,0.0
2023-09-11 09:30:00-04:00,34.369998931884766,34.709999084472656,33.75,34.45000076293945,8688,0.0,0.0
2023-09-11 10:30:00-04:00,34.439998626708984,34.83000183105469,34.099998474121094,34.83000183105469,13229,0.0,0.0
2023-09-11 11:30:00-04:00,34.90999984741211,35.005001068115234,34.279998779296875,34.31999969482422,17902,0.0,0.0
2023-09-11 12:30:00-04:00,34.380001068115234,34.709999084472656,34.380001068115234,34.709999084472656,2525,0.0,0.0
2023-09-11 13:30:00-04:00,34.7400016784668,34.900001525878906,34.70000076293945,34.77000045776367,5444,0.0,0.0
2023-09-11 14:30:00-04:00,34.779998779296875,34.83000183105469,34.599998474121094,34.599998474121094,3600,0.0,0.0
2023-09-11 15:30:00-04:00,34.619998931884766,34.71500015258789,34.369998931884766,34.66999816894531,15118,0.0,0.0
2023-09-12 09:30:00-04:00,34.349998474121094,35.04999923706055,34.349998474121094,34.54999923706055,7431,0.0,0.0
2023-09-12 10:30:00-04:00,34.349998474121094,34.869998931884766,34.349998474121094,34.869998931884766,6107,0.0,0.0
2023-09-12 11:30:00-04:00,34.97999954223633,34.97999954223633,34.89500045776367,34.89500045776367,1600,0.0,0.0
2023-09-12 12:30:00-04:00,34.89500045776367,34.89500045776367,34.685001373291016,34.685001373291016,3869,0.0,0.0
2023-09-12 13:30:00-04:00,34.650001525878906,34.755001068115234,34.494998931884766,34.494998931884766,7104,0.0,0.0
2023-09-12 14:30:00-04:00,34.43000030517578,34.69499969482422,34.36000061035156,34.61000061035156,14617,0.0,0.0
2023-09-12 15:30:00-04:00,34.599998474121094,34.66999816894531,34.47999954223633,34.63999938964844,17188,0.0,0.0
2023-09-13 09:30:00-04:00,34.505001068115234,34.505001068115234,34.04999923706055,34.3650016784668,2511,0.0,0.0
2023-09-13 10:30:00-04:00,34.290000915527344,34.769901275634766,34.290000915527344,34.43000030517578,3503,0.0,0.0
2023-09-13 11:30:00-04:00,34.525001525878906,34.59000015258789,33.7400016784668,34.349998474121094,16588,0.0,0.0
2023-09-13 12:30:00-04:00,34.2400016784668,34.5099983215332,34.0,34.125,7723,0.0,0.0
2023-09-13 13:30:00-04:00,34.20000076293945,34.61000061035156,34.15999984741211,34.400001525878906,12835,0.0,0.0
2023-09-13 14:30:00-04:00,34.519901275634766,34.619998931884766,33.99589920043945,34.54999923706055,26886,0.0,0.0
2023-09-13 15:30:00-04:00,34.41999816894531,34.54999923706055,34.279998779296875,34.369998931884766,27665,0.0,0.0
2023-09-14 09:30:00-04:00,34.65999984741211,35.724998474121094,33.33000183105469,33.58000183105469,47902,0.0,0.0
2023-09-14 10:30:00-04:00,33.58000183105469,33.720001220703125,32.5,32.529998779296875,20907,0.0,0.0
2023-09-14 11:30:00-04:00,32.52000045776367,33.45000076293945,32.150001525878906,32.220001220703125,26194,0.0,0.0
2023-09-14 12:30:00-04:00,32.343299865722656,32.83000183105469,32.0099983215332,32.83000183105469,25211,0.0,0.0
2023-09-14 13:30:00-04:00,32.869998931884766,32.88999938964844,32.61000061035156,32.66999816894531,9119,0.0,0.0
2023-09-14 14:30:00-04:00,32.77000045776367,33.040000915527344,32.53499984741211,32.53499984741211,15751,0.0,0.0
2023-09-14 15:30:00-04:00,32.525001525878906,32.75,31.979999542236328,32.119998931884766,50687,0.0,0.0
2023-09-15 09:30:00-04:00,31.959999084472656,32.435001373291016,31.700000762939453,31.971099853515625,22267,0.0,0.0
2023-09-15 10:30:00-04:00,31.93000030517578,32.0,31.469999313354492,31.600000381469727,8021,0.0,0.0
2023-09-15 11:30:00-04:00,31.709999084472656,32.790000915527344,31.690000534057617,32.75,30714,0.0,0.0
2023-09-15 12:30:00-04:00,32.709999084472656,33.689998626708984,32.709999084472656,32.709999084472656,18700,0.0,0.0
2023-09-15 13:30:00-04:00,32.71500015258789,33.220001220703125,32.71500015258789,33.20000076293945,10251,0.0,0.0
2023-09-15 14:30:00-04:00,33.33000183105469,33.59000015258789,33.23500061035156,33.31999969482422,20051,0.0,0.0
2023-09-15 15:30:00-04:00,33.36000061035156,33.61000061035156,33.11000061035156,33.5099983215332,61800,0.0,0.0
2023-09-18 09:30:00-04:00,33.47999954223633,33.79999923706055,33.16999816894531,33.16999816894531,5273,0.0,0.0
2023-09-18 10:30:00-04:00,33.18000030517578,33.310001373291016,32.88999938964844,32.88999938964844,2559,0.0,0.0
2023-09-18 11:30:00-04:00,33.119998931884766,33.17499923706055,33.02000045776367,33.04999923706055,2092,0.0,0.0
2023-09-18 12:30:00-04:00,33.084999084472656,33.529998779296875,33.040000915527344,33.459999084472656,3108,0.0,0.0
2023-09-18 13:30:00-04:00,33.56999969482422,33.59000015258789,32.95000076293945,33.18000030517578,16261,0.0,0.0
2023-09-18 14:30:00-04:00,33.400001525878906,33.619998931884766,33.380001068115234,33.505001068115234,5979,0.0,0.0
2023-09-18 15:30:00-04:00,33.459999084472656,33.494998931884766,33.33000183105469,33.41999816894531,7392,0.0,0.0
2023-09-19 09:30:00-04:00,33.369998931884766,34.6880989074707,32.34000015258789,33.435001373291016,11611,0.0,0.0
2023-09-19 10:30:00-04:00,33.347999572753906,33.77000045776367,33.189998626708984,33.560001373291016,6150,0.0,0.0
2023-09-19 11:30:00-04:00,33.4900016784668,33.56999969482422,33.34000015258789,33.56999969482422,2326,0.0,0.0
2023-09-19 12:30:00-04:00,33.654998779296875,34.369998931884766,33.654998779296875,33.90299987792969,19644,0.0,0.0
2023-09-19 13:30:00-04:00,34.0,34.0,33.720001220703125,33.814998626708984,5739,0.0,0.0
2023-09-19 14:30:00-04:00,33.689998626708984,33.83000183105469,33.50189971923828,33.560001373291016,5630,0.0,0.0
2023-09-19 15:30:00-04:00,33.6150016784668,34.0,33.6150016784668,33.93000030517578,25317,0.0,0.0
2023-09-20 09:30:00-04:00,34.040000915527344,35.4900016784668,34.040000915527344,34.56399917602539,0,0.0,0.0
2023-09-20 10:30:00-04:00,34.61349868774414,35.22829818725586,34.56999969482422,35.22829818725586,11801,0.0,0.0
2023-09-20 11:30:00-04:00,35.310001373291016,35.41999816894531,35.19340133666992,35.32500076293945,6627,0.0,0.0
2023-09-20 12:30:00-04:00,35.32500076293945,35.95000076293945,35.32500076293945,35.5546989440918,13919,0.0,0.0
2023-09-20 13:30:00-04:00,35.65999984741211,35.65999984741211,35.130001068115234,35.130001068115234,2613,0.0,0.0
2023-09-20 14:30:00-04:00,35.29999923706055,35.400001525878906,34.904998779296875,34.970001220703125,6203,0.0,0.0
2023-09-20 15:30:00-04:00,34.9375,35.08000183105469,34.400001525878906,34.5099983215332,27478,0.0,0.0
2023-09-21 09:30:00-04:00,34.22999954223633,34.779998779296875,33.79999923706055,33.970001220703125,16212,0.0,0.0
2023-09-21 10:30:00-04:00,33.709999084472656,33.709999084472656,32.91999816894531,33.25,11665,0.0,0.0
2023-09-21 11:30:00-04:00,33.2400016784668,33.40999984741211,33.060001373291016,33.060001373291016,1525,0.0,0.0
2023-09-21 12:30:00-04:00,33.11000061035156,33.52000045776367,33.040000915527344,33.4900016784668,4073,0.0,0.0
2023-09-21 13:30:00-04:00,33.3577995300293,33.52000045776367,33.29999923706055,33.33000183105469,4893,0.0,0.0
2023-09-21 14:30:00-04:00,33.21500015258789,33.25,32.38999938964844,32.38999938964844,18513,0.0,0.0
2023-09-21 15:30:00-04:00,32.42499923706055,32.75,32.34000015258789,32.560001373291016,31765,0.0,0.0
2023-09-22 09:30:00-04:00,32.81999969482422,32.83430099487305,32.22999954223633,32.709999084472656,19674,0.0,0.0
2023-09-22 10:30:00-04:00,32.7599983215332,33.040000915527344,32.70000076293945,32.900001525878906,3983,0.0,0.0
2023-09-22 11:30:00-04:00,33.0,33.0,32.689998626708984,32.689998626708984,2595,0.0,0.0
2023-09-22 12:30:00-04:00,32.65999984741211,32.65999984741211,32.60499954223633,32.65999984741211,2199,0.0,0.0
2023-09-22 13:30:00-04:00,32.380001068115234,32.709999084472656,32.36000061035156,32.36000061035156,3679,0.0,0.0
2023-09-22 14:30:00-04:00,32.470001220703125,32.599998474121094,32.349998474121094,32.45000076293945,9696,0.0,0.0
2023-09-22 15:30:00-04:00,32.459999084472656,32.79999923706055,32.45000076293945,32.48500061035156,14881,0.0,0.0
2023-09-25 09:30:00-04:00,32.41999816894531,33.880001068115234,32.41999816894531,33.19260025024414,7380,0.0,0.0
2023-09-25 10:30:00-04:00,33.25590133666992,33.91999816894531,33.25590133666992,33.849998474121094,4939,0.0,0.0
2023-09-25 11:30:00-04:00,33.72999954223633,34.18000030517578,33.65999984741211,34.18000030517578,11881,0.0,0.0
2023-09-25 12:30:00-04:00,34.06999969482422,34.63999938964844,34.06999969482422,34.54999923706055,8789,0.0,0.0
2023-09-25 13:30:00-04:00,34.56999969482422,35.09000015258789,34.56999969482422,35.040000915527344,12008,0.0,0.0
2023-09-25 14:30:00-04:00,34.939998626708984,34.999900817871094,34.560001373291016,34.599998474121094,5297,0.0,0.0
2023-09-25 15:30:00-04:00,34.709999084472656,34.709999084472656,34.33000183105469,34.56999969482422,20930,0.0,0.0
2023-09-26 09:30:00-04:00,34.22999954223633,34.22999954223633,32.29999923706055,33.290000915527344,17381,0.0,0.0
2023-09-26 10:30:00-04:00,33.41999816894531,33.810001373291016,33.279998779296875,33.279998779296875,14018,0.0,0.0
2023-09-26 11:30:00-04:00,33.290000915527344,33.68000030517578,33.290000915527344,33.68000030517578,4048,0.0,0.0
2023-09-26 12:30:00-04:00,33.83000183105469,34.0,33.5,33.650001525878906,8295,0.0,0.0
2023-09-26 13:30:00-04:00,33.70000076293945,33.7400016784668,33.400001525878906,33.5099983215332,8317,0.0,0.0
2023-09-26 14:30:00-04:00,33.45000076293945,33.63999938964844,32.959999084472656,32.959999084472656,10509,0.0,0.0
2023-09-26 15:30:00-04:00,32.7400016784668,32.7400016784668,32.36009979248047,32.439998626708984,18182,0.0,0.0
2023-09-27 09:30:00-04:00,32.95000076293945,33.22999954223633,32.599998474121094,33.18119812011719,5676,0.0,0.0
2023-09-27 10:30:00-04:00,33.130001068115234,33.130001068115234,32.91999816894531,33.119998931884766,4007,0.0,0.0
2023-09-27 11:30:00-04:00,33.21500015258789,33.21500015258789,32.459999084472656,32.564998626708984,6671,0.0,0.0
2023-09-27 12:30:00-04:00,32.689998626708984,32.709999084472656,32.54999923706055,32.63999938964844,4524,0.0,0.0
2023-09-27 13:30:00-04:00,32.68000030517578,33.029998779296875,32.61000061035156,33.029998779296875,6279,0.0,0.0
2023-09-27 14:30:00-04:00,33.15999984741211,33.189998626708984,32.939998626708984,33.025001525878906,6486,0.0,0.0
2023-09-27 15:30:00-04:00,32.904998779296875,32.904998779296875,32.61009979248047,32.75,14153,0.0,0.0
2023-09-28 09:30:00-04:00,32.619998931884766,32.75,32.25,32.529998779296875,7637,0.0,0.0
2023-09-28 10:30:00-04:00,32.38999938964844,32.900001525878906,32.31169891357422,32.900001525878906,6461,0.0,0.0
2023-09-28 11:30:00-04:00,33.099998474121094,33.349998474121094,32.779998779296875,33.2400016784668,14625,0.0,0.0
2023-09-28 12:30:00-04:00,33.1150016784668,33.150001525878906,32.72140121459961,32.81999969482422,10407,0.0,0.0
2023-09-28 13:30:00-04:00,32.84000015258789,32.900001525878906,32.7599983215332,32.80500030517578,4096,0.0,0.0
2023-09-28 14:30:00-04:00,32.81999969482422,33.0,32.720001220703125,32.95000076293945,7645,0.0,0.0
2023-09-28 15:30:00-04:00,32.720001220703125,32.869998931884766,32.619998931884766,32.81999969482422,11014,0.0,0.0
2023-09-29 09:30:00-04:00,33.40999984741211,34.60820007324219,32.935001373291016,33.849998474121094,10817,0.0,0.0
2023-09-29 10:30:00-04:00,33.41999816894531,33.84000015258789,33.20000076293945,33.23500061035156,9108,0.0,0.0
2023-09-29 11:30:00-04:00,33.01499938964844,33.10499954223633,32.90999984741211,33.04499816894531,6681,0.0,0.0
2023-09-29 12:30:00-04:00,32.935001373291016,33.05500030517578,32.68000030517578,32.810001373291016,3734,0.0,0.0
2023-09-29 13:30:00-04:00,32.810001373291016,32.83000183105469,32.63999938964844,32.63999938964844,3693,0.0,0.0
2023-09-29 14:30:00-04:00,32.72999954223633,32.88999938964844,32.584999084472656,32.689998626708984,5563,0.0,0.0
2023-09-29 15:30:00-04:00,32.75,32.78499984741211,32.36000061035156,32.36000061035156,18739,0.0,0.0
2023-10-02 09:30:00-04:00,32.40999984741211,32.904998779296875,32.099998474121094,32.23500061035156,7240,0.0,0.0
2023-10-02 10:30:00-04:00,32.11000061035156,32.97999954223633,32.11000061035156,32.7599983215332,4047,0.0,0.0
2023-10-02 11:30:00-04:00,33.01279830932617,33.02989959716797,32.66999816894531,32.81999969482422,8369,0.0,0.0
2023-10-02 12:30:00-04:00,32.810001373291016,33.20000076293945,32.4900016784668,32.63650131225586,14584,0.0,0.0
2023-10-02 13:30:00-04:00,32.810001373291016,32.810001373291016,32.22999954223633,32.22999954223633,8108,0.0,0.0
2023-10-02 14:30:00-04:00,32.27000045776367,32.494998931884766,31.90999984741211,31.950000762939453,13316,0.0,0.0
2023-10-02 15:30:00-04:00,32.0,32.005001068115234,31.68000030517578,31.8700008392334,15707,0.0,0.0
2023-10-03 09:30:00-04:00,31.59000015258789,31.850000381469727,30.91200065612793,31.270000457763672,16260,0.0,0.0
2023-10-03 10:30:00-04:00,31.110000610351562,31.235000610351562,30.600000381469727,31.235000610351562,14036,0.0,0.0
2023-10-03 11:30:00-04:00,31.110000610351562,31.110000610351562,30.420000076293945,30.760000228881836,22793,0.0,0.0
2023-10-03 12:30:00-04:00,30.84000015258789,31.069900512695312,30.80139923095703,30.834999084472656,6036,0.0,0.0
2023-10-03 13:30:00-04:00,30.700000762939453,30.700000762939453,30.260099411010742,30.450000762939453,6045,0.0,0.0
2023-10-03 14:30:00-04:00,30.385000228881836,30.540000915527344,30.239999771118164,30.459999084472656,17411,0.0,0.0
2023-10-03 15:30:00-04:00,30.639999389648438,30.739999771118164,30.459999084472656,30.510000228881836,13803,0.0,0.0
2023-10-04 09:30:00-04:00,30.940000534057617,31.1200008392334,30.06999969482422,30.06999969482422,7869,0.0,0.0
2023-10-04 10:30:00-04:00,30.07539939880371,30.479999542236328,30.07539939880371,30.309999465942383,5944,0.0,0.0
2023-10-04 11:30:00-04:00,30.43000030517578,30.520000457763672,30.00819969177246,30.450000762939453,9853,0.0,0.0
2023-10-04 12:30:00-04:00,30.559999465942383,30.829999923706055,30.510000228881836,30.709999084472656,5374,0.0,0.0
2023-10-04 13:30:00-04:00,30.68000030517578,30.889999389648438,30.68000030517578,30.889999389648438,3276,0.0,0.0
2023-10-04 14:30:00-04:00,30.940000534057617,31.729900360107422,30.940000534057617,31.729799270629883,11857,0.0,0.0
2023-10-04 15:30:00-04:00,31.770000457763672,31.815000534057617,31.639999389648438,31.729999542236328,20235,0.0,0.0
2023-10-05 09:30:00-04:00,31.3799991607666,32.26789855957031,31.204999923706055,31.238000869750977,6418,0.0,0.0
2023-10-05 10:30:00-04:00,31.389999389648438,32.540000915527344,31.309999465942383,32.540000915527344,16871,0.0,0.0
2023-10-05 11:30:00-04:00,32.29999923706055,32.43000030517578,32.130001068115234,32.25,2895,0.0,0.0
2023-10-05 12:30:00-04:00,32.244998931884766,32.244998931884766,31.614999771118164,31.6200008392334,3240,0.0,0.0
2023-10-05 13:30:00-04:00,31.510000228881836,31.774999618530273,31.510000228881836,31.739999771118164,2761,0.0,0.0
2023-10-05 14:30:00-04:00,31.809999465942383,32.14500045776367,31.680099487304688,32.04999923706055,7089,0.0,0.0
2023-10-05 15:30:00-04:00,32.1349983215332,32.28990173339844,31.81100082397461,32.18000030517578,14749,0.0,0.0
2023-10-06 09:30:00-04:00,31.940000534057617,32.16999816894531,30.3700008392334,31.3700008392334,13057,0.0,0.0
2023-10-06 10:30:00-04:00,31.399999618530273,32.0,31.399999618530273,32.0,7881,0.0,0.0
2023-10-06 11:30:00-04:00,32.29999923706055,32.939998626708984,32.29999923706055,32.5,8637,0.0,0.0
2023-10-06 12:30:00-04:00,32.45000076293945,32.5,32.16999816894531,32.400001525878906,5683,0.0,0.0
2023-10-06 13:30:00-04:00,32.310001373291016,32.5,32.029998779296875,32.499900817871094,4567,0.0,0.0
2023-10-06 14:30:00-04:00,32.38999938964844,32.52000045776367,32.22999954223633,32.43000030517578,5784,0.0,0.0
2023-10-06 15:30:00-04:00,32.42499923706055,32.5,31.90999984741211,31.940000534057617,24429,0.0,0.0
2023-10-09 09:30:00-04:00,31.43000030517578,31.43000030517578,30.829999923706055,31.40999984741211,2268,0.0,0.0
2023-10-09 10:30:00-04:00,31.280000686645508,31.479999542236328,31.1299991607666,31.270000457763672,3450,0.0,0.0
2023-10-09 11:30:00-04:00,31.309999465942383,31.399999618530273,31.229999542236328,31.309999465942383,3696,0.0,0.0
2023-10-09 12:30:00-04:00,31.354999542236328,31.559999465942383,31.2450008392334,31.559999465942383,3088,0.0,0.0
2023-10-09 13:30:00-04:00,31.604999542236328,31.778499603271484,31.594999313354492,31.729999542236328,4257,0.0,0.0
2023-10-09 14:30:00-04:00,31.825000762939453,31.8700008392334,31.540000915527344,31.809999465942383,5439,0.0,0.0
2023-10-09 15:30:00-04:00,31.799999237060547,31.799999237060547,31.560100555419922,31.68000030517578,8319,0.0,0.0
2023-10-10 09:30:00-04:00,31.649999618530273,32.4900016784668,31.649999618530273,32.31999969482422,4600,0.0,0.0
2023-10-10 10:30:00-04:00,32.290000915527344,32.560001373291016,32.23500061035156,32.5,3635,0.0,0.0
2023-10-10 11:30:00-04:00,32.58420181274414,32.58420181274414,32.29999923706055,32.29999923706055,1176,0.0,0.0
2023-10-10 12:30:00-04:00,32.29999923706055,32.310001373291016,31.81999969482422,31.81999969482422,4768,0.0,0.0
2023-10-10 13:30:00-04:00,32.029998779296875,32.189998626708984,32.029998779296875,32.16999816894531,3256,0.0,0.0
2023-10-10 14:30:00-04:00,32.25,32.279998779296875,32.099998474121094,32.19499969482422,3903,0.0,0.0
2023-10-10 15:30:00-04:00,32.2400016784668,32.2599983215332,31.799999237060547,31.850000381469727,10313,0.0,0.0
2023-10-11 09:30:00-04:00,32.060001373291016,32.099998474121094,31.780000686645508,31.799999237060547,4302,0.0,0.0
2023-10-11 10:30:00-04:00,31.655000686645508,32.32500076293945,31.655000686645508,32.060001373291016,5888,0.0,0.0
2023-10-11 11:30:00-04:00,31.85140037536621,31.860000610351562,31.700000762939453,31.860000610351562,2989,0.0,0.0
2023-10-11 12:30:00-04:00,31.93000030517578,31.940000534057617,31.719999313354492,31.719999313354492,1373,0.0,0.0
2023-10-11 13:30:00-04:00,31.700000762939453,31.940000534057617,31.700000762939453,31.910999298095703,5699,0.0,0.0
2023-10-11 14:30:00-04:00,31.920000076293945,31.920000076293945,31.829999923706055,31.829999923706055,1639,0.0,0.0
2023-10-11 15:30:00-04:00,31.969999313354492,31.969999313354492,31.75,31.81999969482422,7665,0.0,0.0
2023-10-12 09:30:00-04:00,31.8700008392334,31.8700008392334,30.75,30.75,3868,0.0,0.0
2023-10-12 10:30:00-04:00,30.950000762939453,30.950000762939453,30.649999618530273,30.834999084472656,6673,0.0,0.0
2023-10-12 11:30:00-04:00,30.75,30.75,30.739999771118164,30.739999771118164,1273,0.0,0.0
2023-10-12 12:30:00-04:00,30.809999465942383,30.809999465942383,30.40999984741211,30.450000762939453,16051,0.0,0.0
2023-10-12 13:30:00-04:00,30.450000762939453,30.5,29.3700008392334,29.870500564575195,19632,0.0,0.0
2023-10-12 14:30:00-04:00,29.81999969482422,29.899999618530273,29.5,29.709999084472656,11613,0.0,0.0
2023-10-12 15:30:00-04:00,29.639999389648438,29.700000762939453,28.440000534057617,28.899999618530273,36013,0.0,0.0
2023-10-13 09:30:00-04:00,28.75,29.010000228881836,28.59000015258789,28.8700008392334,28403,0.0,0.0
2023-10-13 10:30:00-04:00,28.649999618530273,28.700000762939453,27.979999542236328,28.114999771118164,12974,0.0,0.0
2023-10-13 11:30:00-04:00,28.094999313354492,28.549999237060547,28.094999313354492,28.496999740600586,9325,0.0,0.0
2023-10-13 12:30:00-04:00,28.219999313354492,28.219999313354492,28.010000228881836,28.010000228881836,3485,0.0,0.0
2023-10-13 13:30:00-04:00,27.959999084472656,28.129899978637695,27.877500534057617,27.940000534057617,5787,0.0,0.0
2023-10-13 14:30:00-04:00,27.8700008392334,28.420000076293945,27.850000381469727,28.420000076293945,9469,0.0,0.0
2023-10-13 15:30:00-04:00,28.31999969482422,28.450000762939453,28.139999389648438,28.239999771118164,20577,0.0,0.0
2023-10-16 09:30:00-04:00,28.559999465942383,29.15999984741211,28.08839988708496,29.0,5660,0.0,0.0
2023-10-16 10:30:00-04:00,29.0,29.0,28.649999618530273,28.68000030517578,4624,0.0,0.0
2023-10-16 11:30:00-04:00,28.774999618530273,29.309999465942383,28.700000762939453,29.1742000579834,6641,0.0,0.0
2023-10-16 12:30:00-04:00,29.229999542236328,29.34749984741211,29.110000610351562,29.1299991607666,5082,0.0,0.0
2023-10-16 13:30:00-04:00,29.3700008392334,29.540000915527344,29.270000457763672,29.270000457763672,4023,0.0,0.0
2023-10-16 14:30:00-04:00,29.21500015258789,29.3700008392334,29.020000457763672,29.3700008392334,4010,0.0,0.0
2023-10-16 15:30:00-04:00,29.209999084472656,29.3700008392334,29.200000762939453,29.25,11252,0.0,0.0
2023-10-17 09:30:00-04:00,28.959999084472656,30.044700622558594,28.959999084472656,29.8700008392334,5974,0.0,0.0
2023-10-17 10:30:00-04:00,29.7450008392334,30.030000686645508,29.7450008392334,29.96500015258789,6016,0.0,0.0
2023-10-17 11:30:00-04:00,30.0,30.0,29.399999618530273,29.399999618530273,9361,0.0,0.0
2023-10-17 12:30:00-04:00,29.479999542236328,29.6200008392334,29.399999618530273,29.459999084472656,5390,0.0,0.0
2023-10-17 13:30:00-04:00,29.360000610351562,29.389999389648438,28.860000610351562,29.0,9822,0.0,0.0
2023-10-17 14:30:00-04:00,28.950000762939453,28.950000762939453,28.53499984741211,28.6200008392334,6836,0.0,0.0
2023-10-17 15:30:00-04:00,28.6299991607666,28.729999542236328,28.329999923706055,28.329999923706055,14256,0.0,0.0
2023-10-18 09:30:00-04:00,27.90999984741211,28.890100479125977,27.5,27.559999465942383,5817,0.0,0.0
2023-10-18 10:30:00-04:00,27.549999237060547,27.549999237060547,27.110000610351562,27.350000381469727,11104,0.0,0.0
2023-10-18 11:30:00-04:00,27.35540008544922,27.3799991607666,27.16189956665039,27.18000030517578,7531,0.0,0.0
2023-10-18 12:30:00-04:00,27.16010093688965,27.55500030517578,27.16010093688965,27.55500030517578,5830,0.0,0.0
2023-10-18 13:30:00-04:00,27.55500030517578,27.829999923706055,27.459999084472656,27.46980094909668,7939,0.0,0.0
2023-10-18 14:30:00-04:00,27.40999984741211,27.479999542236328,27.06999969482422,27.459999084472656,9223,0.0,0.0
2023-10-18 15:30:00-04:00,27.540000915527344,27.545000076293945,27.31999969482422,27.3700008392334,14344,0.0,0.0
2023-10-19 09:30:00-04:00,27.450000762939453,27.65999984741211,27.139999389648438,27.389999389648438,5734,0.0,0.0
2023-10-19 10:30:00-04:00,27.51099967956543,27.815000534057617,27.51099967956543,27.700000762939453,3891,0.0,0.0
2023-10-19 11:30:00-04:00,27.790000915527344,28.219999313354492,27.5,28.219999313354492,3628,0.0,0.0
2023-10-19 12:30:00-04:00,27.825000762939453,27.8700008392334,27.5,27.559999465942383,3346,0.0,0.0
2023-10-19 13:30:00-04:00,27.65999984741211,27.65999984741211,27.309999465942383,27.485599517822266,4713,0.0,0.0
2023-10-19 14:30:00-04:00,27.270000457763672,27.270000457763672,26.969999313354492,27.030000686645508,4102,0.0,0.0
2023-10-19 15:30:00-04:00,27.139999389648438,27.139999389648438,27.020000457763672,27.1200008392334,5488,0.0,0.0
2023-10-20 09:30:00-04:00,27.06999969482422,27.309999465942383,26.600000381469727,26.90999984741211,14163,0.0,0.0
2023-10-20 10:30:00-04:00,26.899999618530273,26.989999771118164,26.649999618530273,26.989999771118164,6409,0.0,0.0
2023-10-20 11:30:00-04:00,26.850000381469727,27.010000228881836,26.729999542236328,26.75,7972,0.0,0.0
2023-10-20 12:30:00-04:00,26.8799991607666,27.299999237060547,26.75,27.209999084472656,9024,0.0,0.0
2023-10-20 13:30:00-04:00,27.229999542236328,27.350000381469727,27.100000381469727,27.100000381469727,4651,0.0,0.0
2023-10-20 14:30:00-04:00,27.013900756835938,27.18000030517578,27.013900756835938,27.079999923706055,2641,0.0,0.0
2023-10-20 15:30:00-04:00,27.149999618530273,27.309999465942383,27.110000610351562,27.200000762939453,11531,0.0,0.0
2023-10-23 09:30:00-04:00,27.049999237060547,27.15690040588379,27.049999237060547,27.079999923706055,3807,0.0,0.0
2023-10-23 10:30:00-04:00,26.959999084472656,27.1299991607666,26.530099868774414,26.579999923706055,4811,0.0,0.0
2023-10-23 11:30:00-04:00,26.7549991607666,26.849899291992188,26.450000762939453,26.739999771118164,7900,0.0,0.0
2023-10-23 12:30:00-04:00,26.719999313354492,27.030000686645508,26.59000015258789,26.889999389648438,5799,0.0,0.0
2023-10-23 13:30:00-04:00,26.989999771118164,27.024999618530273,26.8799991607666,27.020000457763672,2589,0.0,0.0
2023-10-23 14:30:00-04:00,26.889999389648438,27.100000381469727,26.8799991607666,26.947500228881836,8448,0.0,0.0
2023-10-23 15:30:00-04:00,27.0,27.010000228881836,26.530000686645508,26.600000381469727,16761,0.0,0.0
2023-10-24 09:30:00-04:00,26.969999313354492,27.81999969482422,26.68000030517578,27.4950008392334,6324,0.0,0.0
2023-10-24 10:30:00-04:00,27.5,27.93000030517578,27.3700008392334,27.3700008392334,4592,0.0,0.0
2023-10-24 11:30:00-04:00,27.405000686645508,27.420000076293945,27.190000534057617,27.190000534057617,3454,0.0,0.0
2023-10-24 12:30:00-04:00,27.15999984741211,27.40999984741211,27.15999984741211,27.40999984741211,1690,0.0,0.0
2023-10-24 13:30:00-04:00,27.329999923706055,27.510000228881836,27.299999237060547,27.479999542236328,3327,0.0,0.0
2023-10-24 14:30:00-04:00,27.594999313354492,27.790000915527344,27.594999313354492,27.719999313354492,4637,0.0,0.0
2023-10-24 15:30:00-04:00,27.719999313354492,28.290000915527344,27.709999084472656,28.229999542236328,20830,0.0,0.0
2023-10-25 09:30:00-04:00,28.010000228881836,28.229999542236328,27.649999618530273,27.850000381469727,6969,0.0,0.0
2023-10-25 10:30:00-04:00,27.889999389648438,28.010000228881836,27.65999984741211,27.65999984741211,6623,0.0,0.0
2023-10-25 11:30:00-04:00,27.78499984741211,27.78499984741211,27.229999542236328,27.25,3884,0.0,0.0
2023-10-25 12:30:00-04:00,27.344999313354492,27.500499725341797,27.059999465942383,27.079999923706055,4636,0.0,0.0
2023-10-25 13:30:00-04:00,27.06999969482422,27.155000686645508,26.84000015258789,27.1299991607666,8251,0.0,0.0
2023-10-25 14:30:00-04:00,27.079999923706055,27.149999618530273,26.84000015258789,26.959999084472656,7950,0.0,0.0
2023-10-25 15:30:00-04:00,26.850000381469727,26.93000030517578,26.600000381469727,26.670000076293945,17332,0.0,0.0
2023-10-26 09:30:00-04:00,26.850000381469727,27.024999618530273,26.360000610351562,26.540000915527344,4979,0.0,0.0
2023-10-26 10:30:00-04:00,26.25,26.649999618530273,26.09749984741211,26.270000457763672,6836,0.0,0.0
2023-10-26 11:30:00-04:00,26.280000686645508,26.280000686645508,25.850000381469727,26.200000762939453,8082,0.0,0.0
2023-10-26 12:30:00-04:00,26.204999923706055,26.204999923706055,25.94700050354004,26.010000228881836,2876,0.0,0.0
2023-10-26 13:30:00-04:00,25.975000381469727,26.139999389648438,25.860000610351562,25.96500015258789,5898,0.0,0.0
2023-10-26 14:30:00-04:00,25.93000030517578,26.43000030517578,25.899999618530273,26.329999923706055,7594,0.0,0.0
2023-10-26 15:30:00-04:00,26.440000534057617,26.5,26.08009910583496,26.270000457763672,12692,0.0,0.0
2023-10-27 09:30:00-04:00,26.31999969482422,26.690000534057617,25.739999771118164,26.239999771118164,6750,0.0,0.0
2023-10-27 10:30:00-04:00,26.110000610351562,26.489999771118164,25.972000122070312,26.415000915527344,5992,0.0,0.0
2023-10-27 11:30:00-04:00,26.3700008392334,26.709999084472656,26.342899322509766,26.600000381469727,9818,0.0,0.0
2023-10-27 12:30:00-04:00,26.450000762939453,26.600000381469727,26.100000381469727,26.299999237060547,7280,0.0,0.0
2023-10-27 13:30:00-04:00,26.229999542236328,26.307300567626953,26.020099639892578,26.079999923706055,9244,0.0,0.0
2023-10-27 14:30:00-04:00,26.190000534057617,26.299999237060547,25.950000762939453,26.25,15563,0.0,0.0
2023-10-27 15:30:00-04:00,26.274999618530273,26.34000015258789,26.100000381469727,26.34000015258789,5995,0.0,0.0
2023-10-30 09:30:00-04:00,26.690000534057617,27.100000381469727,25.75,25.969999313354492,13596,0.0,0.0
2023-10-30 10:30:00-04:00,26.1299991607666,26.31999969482422,26.047100067138672,26.215200424194336,9010,0.0,0.0
2023-10-30 11:30:00-04:00,26.100000381469727,26.15999984741211,25.719999313354492,25.739999771118164,11493,0.0,0.0
2023-10-30 12:30:00-04:00,25.75189971923828,25.8799991607666,25.610000610351562,25.8799991607666,5875,0.0,0.0
2023-10-30 13:30:00-04:00,25.889999389648438,26.0,25.780000686645508,25.780000686645508,10802,0.0,0.0
2023-10-30 14:30:00-04:00,25.770000457763672,25.799999237060547,25.68000030517578,25.7549991607666,6555,0.0,0.0
2023-10-30 15:30:00-04:00,25.68000030517578,25.809999465942383,25.579999923706055,25.639999389648438,18189,0.0,0.0
2023-10-31 09:30:00-04:00,25.579999923706055,26.059999465942383,25.496299743652344,25.94499969482422,5931,0.0,0.0
2023-10-31 10:30:00-04:00,25.916000366210938,26.389999389648438,25.639999389648438,25.790000915527344,5139,0.0,0.0
2023-10-31 11:30:00-04:00,25.860000610351562,26.200000762939453,25.815000534057617,26.010000228881836,6578,0.0,0.0
2023-10-31 12:30:00-04:00,26.1299991607666,26.15999984741211,26.010099411010742,26.104999542236328,3914,0.0,0.0
2023-10-31 13:30:00-04:00,26.184999465942383,26.31999969482422,26.020000457763672,26.020000457763672,6436,0.0,0.0
2023-10-31 14:30:00-04:00,26.084999084472656,26.204999923706055,25.989999771118164,26.079999923706055,5979,0.0,0.0
2023-10-31 15:30:00-04:00,25.979999542236328,26.049999237060547,25.940000534057617,26.0,9901,0.0,0.0
2023-11-01 09:30:00-04:00,25.959999084472656,26.18000030517578,25.440000534057617,25.8700008392334,5040,0.0,0.0
2023-11-01 10:30:00-04:00,25.850000381469727,25.854999542236328,25.6200008392334,25.649999618530273,3595,0.0,0.0
2023-11-01 11:30:00-04:00,25.559999465942383,25.670000076293945,25.360000610351562,25.559999465942383,7009,0.0,0.0
2023-11-01 12:30:00-04:00,25.479999542236328,25.639999389648438,25.479999542236328,25.530000686645508,3250,0.0,0.0
2023-11-01 13:30:00-04:00,25.594999313354492,25.84000015258789,25.430099487304688,25.71500015258789,4336,0.0,0.0
2023-11-01 14:30:00-04:00,25.81999969482422,26.15999984741211,25.709999084472656,26.15999984741211,7044,0.0,0.0
2023-11-01 15:30:00-04:00,26.06999969482422,26.209999084472656,26.049999237060547,26.100000381469727,17274,0.0,0.0
2023-11-02 09:30:00-04:00,26.81999969482422,27.420000076293945,26.700000762939453,26.989999771118164,7182,0.0,0.0
2023-11-02 10:30:00-04:00,26.84000015258789,26.84000015258789,26.33639907836914,26.610000610351562,5760,0.0,0.0
2023-11-02 11:30:00-04:00,26.625,26.780000686645508,26.625,26.760000228881836,1717,0.0,0.0
2023-11-02 12:30:00-04:00,26.825000762939453,26.979999542236328,26.600000381469727,26.979999542236328,2870,0.0,0.0
2023-11-02 13:30:00-04:00,26.895000457763672,27.030000686645508,26.895000457763672,26.989999771118164,1941,0.0,0.0
2023-11-02 14:30:00-04:00,27.049999237060547,27.28499984741211,27.010000228881836,27.209999084472656,7494,0.0,0.0
2023-11-02 15:30:00-04:00,27.209999084472656,27.399999618530273,27.110000610351562,27.31999969482422,14136,0.0,0.0
2023-11-03 09:30:00-04:00,27.84000015258789,28.530000686645508,27.770000457763672,28.0,6788,0.0,0.0
2023-11-03 10:30:00-04:00,27.829999923706055,28.059900283813477,27.75,27.840999603271484,5175,0.0,0.0
2023-11-03 11:30:00-04:00,28.059999465942383,28.200000762939453,27.860000610351562,27.8700008392334,7268,0.0,0.0
2023-11-03 12:30:00-04:00,27.760099411010742,27.915000915527344,27.599000930786133,27.829999923706055,5076,0.0,0.0
2023-11-03 13:30:00-04:00,27.854999542236328,28.2106990814209,27.678800582885742,28.2106990814209,7058,0.0,0.0
2023-11-03 14:30:00-04:00,28.0,28.200000762939453,27.979999542236328,28.200000762939453,6180,0.0,0.0
2023-11-03 15:30:00-04:00,28.18000030517578,28.31999969482422,28.084999084472656,28.239999771118164,16668,0.0,0.0
2023-11-06 09:30:00-05:00,28.0,28.225000381469727,27.75,28.15999984741211,17291,0.0,0.0
2023-11-06 10:30:00-05:00,28.200000762939453,28.75,28.040000915527344,28.399999618530273,21824,0.0,0.0
2023-11-06 11:30:00-05:00,28.34000015258789,28.469999313354492,28.139999389648438,28.15999984741211,9938,0.0,0.0
2023-11-06 12:30:00-05:00,28.145000457763672,28.270000457763672,27.239999771118164,27.30500030517578,17442,0.0,0.0
2023-11-06 13:30:00-05:00,27.299999237060547,27.809999465942383,27.260000228881836,27.790000915527344,13159,0.0,0.0
2023-11-06 14:30:00-05:00,27.850000381469727,28.059900283813477,27.700000762939453,27.834999084472656,13534,0.0,0.0
2023-11-06 15:30:00-05:00,27.844999313354492,28.059999465942383,27.6299991607666,28.010000228881836,25059,0.0,0.0
2023-11-07 09:30:00-05:00,26.59000015258789,30.768600463867188,26.59000015258789,29.920000076293945,40661,0.0,0.0
2023-11-07 10:30:00-05:00,29.979999542236328,30.075000762939453,29.299999237060547,29.489999771118164,32568,0.0,0.0
2023-11-07 11:30:00-05:00,29.489999771118164,29.489999771118164,28.704999923706055,29.270000457763672,17795,0.0,0.0
2023-11-07 12:30:00-05:00,29.2450008392334,29.43000030517578,28.049999237060547,28.139999389648438,16261,0.0,0.0
2023-11-07 13:30:00-05:00,27.920000076293945,28.799999237060547,27.170000076293945,28.594999313354492,31611,0.0,0.0
2023-11-07 14:30:00-05:00,28.665000915527344,28.739999771118164,28.5,28.725000381469727,15373,0.0,0.0
2023-11-07 15:30:00-05:00,28.725000381469727,28.8799991607666,28.489999771118164,28.538999557495117,32196,0.0,0.0
2023-11-08 09:30:00-05:00,28.59000015258789,30.094999313354492,28.160999298095703,29.5,19623,0.0,0.0
2023-11-08 10:30:00-05:00,29.56999969482422,29.97330093383789,29.41710090637207,29.825000762939453,16046,0.0,0.0
2023-11-08 11:30:00-05:00,29.889999389648438,30.0,29.770000457763672,29.8799991607666,12427,0.0,0.0
2023-11-08 12:30:00-05:00,29.80500030517578,29.81999969482422,29.360000610351562,29.5049991607666,9002,0.0,0.0
2023-11-08 13:30:00-05:00,29.510000228881836,29.530000686645508,29.170000076293945,29.170000076293945,7519,0.0,0.0
2023-11-08 14:30:00-05:00,29.1299991607666,29.270000457763672,28.8700008392334,28.924999237060547,10806,0.0,0.0
2023-11-08 15:30:00-05:00,28.959999084472656,29.200000762939453,28.84000015258789,29.149999618530273,23249,0.0,0.0
2023-11-09 09:30:00-05:00,29.299999237060547,30.274999618530273,28.5049991607666,29.549999237060547,21181,0.0,0.0
2023-11-09 10:30:00-05:00,29.340700149536133,30.030000686645508,29.340700149536133,30.0,28146,0.0,0.0
2023-11-09 11:30:00-05:00,29.829999923706055,30.0,29.639999389648438,29.8799991607666,16044,0.0,0.0
2023-11-09 12:30:00-05:00,29.760000228881836,30.200000762939453,29.68000030517578,29.809999465942383,18170,0.0,0.0
2023-11-09 13:30:00-05:00,29.829999923706055,29.940000534057617,29.290000915527344,29.454999923706055,19880,0.0,0.0
2023-11-09 14:30:00-05:00,29.420000076293945,29.6299991607666,29.34000015258789,29.579999923706055,12910,0.0,0.0
2023-11-09 15:30:00-05:00,29.579999923706055,30.09000015258789,29.549999237060547,29.969999313354492,61184,0.0,0.0
2023-11-10 09:30:00-05:00,30.100000381469727,30.340099334716797,29.549999237060547,29.639999389648438,22278,0.0,0.0
2023-11-10 10:30:00-05:00,29.75,29.829999923706055,29.25,29.829999923706055,9111,0.0,0.0
2023-11-10 11:30:00-05:00,29.700000762939453,30.31999969482422,29.65999984741211,30.184999465942383,10894,0.0,0.0
2023-11-10 12:30:00-05:00,30.239999771118164,30.649999618530273,30.219999313354492,30.530000686645508,7687,0.0,0.0
2023-11-10 13:30:00-05:00,30.502500534057617,30.649999618530273,30.420000076293945,30.4950008392334,7945,0.0,0.0
2023-11-10 14:30:00-05:00,30.53499984741211,30.649999618530273,30.440000534057617,30.440000534057617,7715,0.0,0.0
2023-11-10 15:30:00-05:00,30.420000076293945,30.420000076293945,30.25,30.280000686645508,11628,0.0,0.0
2023-11-13 09:30:00-05:00,30.389999389648438,31.125,30.204999923706055,31.0,23972,0.0,0.0
2023-11-13 10:30:00-05:00,30.81999969482422,31.4468994140625,30.57110023498535,31.040000915527344,24952,0.0,0.0
2023-11-13 11:30:00-05:00,30.934999465942383,31.219999313354492,30.700000762939453,30.700000762939453,20976,0.0,0.0
2023-11-13 12:30:00-05:00,30.799999237060547,31.0,30.677099227905273,30.989999771118164,7090,0.0,0.0
2023-11-13 13:30:00-05:00,30.93000030517578,31.010000228881836,30.889999389648438,30.959999084472656,12235,0.0,0.0
2023-11-13 14:30:00-05:00,30.959999084472656,31.11549949645996,30.84000015258789,30.84000015258789,10556,0.0,0.0
2023-11-13 15:30:00-05:00,30.84000015258789,31.049999237060547,30.719999313354492,31.040000915527344,26544,0.0,0.0
2023-11-14 09:30:00-05:00,32.119998931884766,32.5,31.299999237060547,31.530000686645508,28191,0.0,0.0
2023-11-14 10:30:00-05:00,31.8799991607666,32.220001220703125,31.860000610351562,32.18000030517578,19155,0.0,0.0
2023-11-14 11:30:00-05:00,31.940000534057617,32.52000045776367,31.940000534057617,32.209999084472656,19853,0.0,0.0
2023-11-14 12:30:00-05:00,32.435001373291016,32.66999816894531,32.290000915527344,32.45000076293945,13635,0.0,0.0
2023-11-14 13:30:00-05:00,32.38999938964844,32.400001525878906,31.94499969482422,32.34000015258789,8886,0.0,0.0
2023-11-14 14:30:00-05:00,32.38999938964844,32.560001373291016,32.02000045776367,32.189998626708984,16001,0.0,0.0
2023-11-14 15:30:00-05:00,32.13999938964844,32.560001373291016,32.13999938964844,32.43000030517578,35819,0.0,0.0
2023-11-15 09:30:00-05:00,32.779998779296875,33.7599983215332,32.76499938964844,33.54499816894531,24191,0.0,0.0
2023-11-15 10:30:00-05:00,33.6150016784668,33.7599983215332,33.400001525878906,33.58000183105469,18148,0.0,0.0
2023-11-15 11:30:00-05:00,33.45000076293945,33.45000076293945,32.77000045776367,33.130001068115234,13431,0.0,0.0
2023-11-15 12:30:00-05:00,33.1349983215332,33.599998474121094,32.97999954223633,33.27000045776367,13391,0.0,0.0
2023-11-15 13:30:00-05:00,33.15999984741211,33.5099983215332,33.09000015258789,33.5099983215332,14423,0.0,0.0
2023-11-15 14:30:00-05:00,33.41999816894531,33.86000061035156,33.22999954223633,33.369998931884766,20448,0.0,0.0
2023-11-15 15:30:00-05:00,33.380001068115234,33.72999954223633,33.20000076293945,33.72999954223633,38794,0.0,0.0
2023-11-16 09:30:00-05:00,33.7400016784668,35.13999938964844,33.3849983215332,34.529998779296875,32121,0.0,0.0
2023-11-16 10:30:00-05:00,34.209999084472656,34.290000915527344,33.720001220703125,34.220001220703125,10028,0.0,0.0
2023-11-16 11:30:00-05:00,34.130001068115234,34.40999984741211,33.91999816894531,34.369998931884766,8307,0.0,0.0
2023-11-16 12:30:00-05:00,34.380001068115234,34.47999954223633,34.279998779296875,34.290000915527344,4893,0.0,0.0
2023-11-16 13:30:00-05:00,34.290000915527344,34.31999969482422,33.900001525878906,34.029998779296875,8911,0.0,0.0
2023-11-16 14:30:00-05:00,34.150001525878906,34.150001525878906,33.91999816894531,34.040000915527344,11721,0.0,0.0
2023-11-16 15:30:00-05:00,33.95000076293945,34.099998474121094,33.92499923706055,34.0,17659,0.0,0.0
2023-11-17 09:30:00-05:00,34.13999938964844,34.18000030517578,32.95000076293945,34.0,28739,0.0,0.0
2023-11-17 10:30:00-05:00,34.051300048828125,34.40999984741211,33.98500061035156,34.04999923706055,14628,0.0,0.0
2023-11-17 11:30:00-05:00,34.04999923706055,34.189998626708984,34.0,34.150001525878906,25983,0.0,0.0
2023-11-17 12:30:00-05:00,34.15999984741211,34.18000030517578,33.994998931884766,34.11000061035156,9139,0.0,0.0
2023-11-17 13:30:00-05:00,34.11000061035156,34.439998626708984,34.11000061035156,34.25,13928,0.0,0.0
2023-11-17 14:30:00-05:00,34.2400016784668,34.371299743652344,34.18000030517578,34.25,9902,0.0,0.0
2023-11-17 15:30:00-05:00,34.279998779296875,34.34880065917969,33.939998626708984,34.04999923706055,65534,0.0,0.0
2023-11-20 09:30:00-05:00,34.20000076293945,34.279998779296875,34.11000061035156,34.150001525878906,5048,0.0,0.0
2023-11-20 10:30:00-05:00,34.099998474121094,34.40999984741211,33.779998779296875,33.779998779296875,7586,0.0,0.0
2023-11-20 11:30:00-05:00,33.76499938964844,33.810001373291016,33.56999969482422,33.810001373291016,6098,0.0,0.0
2023-11-20 12:30:00-05:00,33.78499984741211,33.970001220703125,33.70000076293945,33.849998474121094,11799,0.0,0.0
2023-11-20 13:30:00-05:00,33.91999816894531,33.959999084472656,33.650001525878906,33.67499923706055,8951,0.0,0.0
2023-11-20 14:30:00-05:00,33.61000061035156,33.77000045776367,32.5,32.54999923706055,44249,0.0,0.0
2023-11-20 15:30:00-05:00,32.599998474121094,32.685001373291016,32.15999984741211,32.16999816894531,46441,0.0,0.0
2023-11-21 09:30:00-05:00,32.130001068115234,32.65999984741211,31.649099349975586,32.0,13519,0.0,0.0
2023-11-21 10:30:00-05:00,31.96500015258789,32.75,31.809999465942383,32.75,7838,0.0,0.0
2023-11-21 11:30:00-05:00,32.70000076293945,32.93000030517578,32.59000015258789,32.93000030517578,7014,0.0,0.0
2023-11-21 12:30:00-05:00,33.029998779296875,33.31999969482422,32.7400016784668,32.81999969482422,8408,0.0,0.0
2023-11-21 13:30:00-05:00,32.83000183105469,33.119998931884766,32.650001525878906,33.0099983215332,19726,0.0,0.0
2023-11-21 14:30:00-05:00,32.970001220703125,33.22309875488281,32.81999969482422,33.099998474121094,10254,0.0,0.0
2023-11-21 15:30:00-05:00,33.040000915527344,33.20000076293945,32.95000076293945,33.119998931884766,18422,0.0,0.0
2023-11-22 09:30:00-05:00,33.5099983215332,33.82820129394531,31.350000381469727,33.36000061035156,7245,0.0,0.0
2023-11-22 10:30:00-05:00,33.36000061035156,33.3849983215332,33.20000076293945,33.25,4050,0.0,0.0
2023-11-22 11:30:00-05:00,33.279998779296875,33.5099983215332,33.2599983215332,33.27000045776367,5112,0.0,0.0
2023-11-22 12:30:00-05:00,33.16999816894531,33.20500183105469,32.93939971923828,32.98500061035156,5257,0.0,0.0
2023-11-22 13:30:00-05:00,33.11000061035156,33.11000061035156,32.54999923706055,32.720001220703125,7753,0.0,0.0
2023-11-22 14:30:00-05:00,32.61000061035156,32.61000061035156,32.2599983215332,32.459999084472656,6119,0.0,0.0
2023-11-22 15:30:00-05:00,32.54570007324219,32.599998474121094,32.40999984741211,32.4900016784668,8585,0.0,0.0
2023-11-24 09:30:00-05:00,32.22999954223633,32.942298889160156,32.165000915527344,32.720001220703125,4906,0.0,0.0
2023-11-24 10:30:00-05:00,32.900001525878906,33.099998474121094,32.900001525878906,32.994998931884766,7635,0.0,0.0
2023-11-24 11:30:00-05:00,33.060001373291016,33.150001525878906,33.0099983215332,33.0099983215332,5721,0.0,0.0
2023-11-27 09:30:00-05:00,32.70000076293945,32.84000015258789,32.279998779296875,32.33000183105469,9919,0.0,0.0
2023-11-27 10:30:00-05:00,32.29999923706055,32.58000183105469,32.29999923706055,32.43000030517578,4112,0.0,0.0
2023-11-27 11:30:00-05:00,32.439998626708984,32.709999084472656,32.391700744628906,32.56999969482422,20839,0.0,0.0
2023-11-27 12:30:00-05:00,32.599998474121094,33.00559997558594,32.58000183105469,32.939998626708984,14632,0.0,0.0
2023-11-27 13:30:00-05:00,32.900001525878906,32.900001525878906,32.45000076293945,32.525001525878906,6143,0.0,0.0
2023-11-27 14:30:00-05:00,32.665000915527344,32.81999969482422,32.505001068115234,32.56999969482422,5499,0.0,0.0
2023-11-27 15:30:00-05:00,32.52000045776367,32.61000061035156,32.459999084472656,32.599998474121094,11006,0.0,0.0
2023-11-28 09:30:00-05:00,32.400001525878906,32.59000015258789,32.13999938964844,32.47999954223633,13054,0.0,0.0
2023-11-28 10:30:00-05:00,32.54800033569336,32.810001373291016,32.324798583984375,32.46969985961914,10848,0.0,0.0
2023-11-28 11:30:00-05:00,32.560001373291016,32.619998931884766,32.439998626708984,32.619998931884766,6764,0.0,0.0
2023-11-28 12:30:00-05:00,32.59000015258789,32.59000015258789,32.25,32.29999923706055,4305,0.0,0.0
2023-11-28 13:30:00-05:00,32.26190185546875,32.310001373291016,32.20000076293945,32.21500015258789,5914,0.0,0.0
2023-11-28 14:30:00-05:00,32.08000183105469,32.125,31.899999618530273,32.04999923706055,11100,0.0,0.0
2023-11-28 15:30:00-05:00,32.08000183105469,32.255001068115234,32.040000915527344,32.209999084472656,17790,0.0,0.0
2023-11-29 09:30:00-05:00,32.709999084472656,33.400001525878906,32.709999084472656,33.025001525878906,17714,0.0,0.0
2023-11-29 10:30:00-05:00,33.099998474121094,33.279998779296875,33.0,33.1349983215332,13212,0.0,0.0
2023-11-29 11:30:00-05:00,33.07500076293945,33.540000915527344,33.0,33.404998779296875,11174,0.0,0.0
2023-11-29 12:30:00-05:00,33.41559982299805,33.64250183105469,33.29999923706055,33.400001525878906,39546,0.0,0.0
2023-11-29 13:30:00-05:00,33.39500045776367,33.599998474121094,33.34339904785156,33.439998626708984,16047,0.0,0.0
2023-11-29 14:30:00-05:00,33.43000030517578,33.435001373291016,33.16999816894531,33.290000915527344,14395,0.0,0.0
2023-11-29 15:30:00-05:00,33.25,33.29999923706055,33.15999984741211,33.29999923706055,28987,0.0,0.0
2023-11-30 09:30:00-05:00,33.7599983215332,33.77000045776367,32.79999923706055,33.25,18503,0.0,0.0
2023-11-30 10:30:00-05:00,33.25,33.51499938964844,33.06999969482422,33.290000915527344,17133,0.0,0.0
2023-11-30 11:30:00-05:00,33.290000915527344,33.45000076293945,33.150001525878906,33.16999816894531,8322,0.0,0.0
2023-11-30 12:30:00-05:00,33.15999984741211,33.25,32.94499969482422,33.169898986816406,4922,0.0,0.0
2023-11-30 13:30:00-05:00,33.029998779296875,33.150001525878906,32.96910095214844,33.0525016784668,2769,0.0,0.0
2023-11-30 14:30:00-05:00,33.11000061035156,33.16999816894531,32.95500183105469,33.1150016784668,17903,0.0,0.0
2023-11-30 15:30:00-05:00,33.130001068115234,33.459999084472656,33.0,33.290000915527344,50261,0.0,0.0
2023-12-01 09:30:00-05:00,33.38999938964844,33.779998779296875,32.87969970703125,33.45000076293945,8996,0.0,0.0
2023-12-01 10:30:00-05:00,33.52000045776367,33.79600143432617,33.459999084472656,33.744998931884766,8034,0.0,0.0
2023-12-01 11:30:00-05:00,33.77000045776367,33.959999084472656,33.400001525878906,33.599998474121094,11675,0.0,0.0
2023-12-01 12:30:00-05:00,33.70000076293945,34.09400177001953,33.560001373291016,33.974998474121094,10893,0.0,0.0
2023-12-01 13:30:00-05:00,33.880001068115234,33.974998474121094,33.68000030517578,33.93989944458008,8693,0.0,0.0
2023-12-01 14:30:00-05:00,33.93000030517578,33.95000076293945,33.75,33.814998626708984,13003,0.0,0.0
2023-12-01 15:30:00-05:00,33.869998931884766,34.15999984741211,33.75,33.970001220703125,34193,0.0,0.0
2023-12-04 09:30:00-05:00,34.0,34.13999938964844,32.220001220703125,33.77000045776367,17049,0.0,0.0
2023-12-04 10:30:00-05:00,33.65999984741211,33.79999923706055,33.4900016784668,33.7599983215332,5637,0.0,0.0
2023-12-04 11:30:00-05:00,33.900001525878906,33.900001525878906,33.619998931884766,33.71500015258789,4000,0.0,0.0
2023-12-04 12:30:00-05:00,33.7599983215332,33.7599983215332,33.459999084472656,33.54999923706055,10824,0.0,0.0
2023-12-04 13:30:00-05:00,33.54999923706055,33.62820053100586,33.45000076293945,33.57500076293945,10748,0.0,0.0
2023-12-04 14:30:00-05:00,33.54499816894531,33.70000076293945,33.459999084472656,33.65999984741211,12127,0.0,0.0
2023-12-04 15:30:00-05:00,33.689998626708984,33.83000183105469,33.56999969482422,33.724998474121094,25045,0.0,0.0
2023-12-05 09:30:00-05:00,33.5,33.59000015258789,32.935298919677734,33.32500076293945,13814,0.0,0.0
2023-12-05 10:30:00-05:00,33.290000915527344,33.400001525878906,33.099998474121094,33.279998779296875,8881,0.0,0.0
2023-12-05 11:30:00-05:00,33.310001373291016,33.494998931884766,33.2400016784668,33.47999954223633,11669,0.0,0.0
2023-12-05 12:30:00-05:00,33.4900016784668,33.57270050048828,33.29999923706055,33.439998626708984,11341,0.0,0.0
2023-12-05 13:30:00-05:00,33.5,33.5,33.22999954223633,33.29999923706055,10788,0.0,0.0
2023-12-05 14:30:00-05:00,33.220001220703125,33.470001220703125,33.220001220703125,33.31999969482422,15764,0.0,0.0
2023-12-05 15:30:00-05:00,33.372501373291016,33.375,33.189998626708984,33.290000915527344,31802,0.0,0.0
2023-12-06 09:30:00-05:00,33.790000915527344,34.400001525878906,33.41999816894531,33.41999816894531,6657,0.0,0.0
2023-12-06 10:30:00-05:00,33.380001068115234,33.7599983215332,33.380001068115234,33.61000061035156,3072,0.0,0.0
2023-12-06 11:30:00-05:00,33.4900016784668,33.81999969482422,33.36000061035156,33.70000076293945,5537,0.0,0.0
2023-12-06 12:30:00-05:00,33.810001373291016,33.810001373291016,33.369998931884766,33.41999816894531,7636,0.0,0.0
2023-12-06 13:30:00-05:00,33.470001220703125,33.66999816894531,33.369998931884766,33.470001220703125,15170,0.0,0.0
2023-12-06 14:30:00-05:00,33.52000045776367,33.60499954223633,33.310001373291016,33.42499923706055,12731,0.0,0.0
2023-12-06 15:30:00-05:00,33.439998626708984,33.56999969482422,33.36000061035156,33.45000076293945,16508,0.0,0.0
2023-12-07 09:30:00-05:00,33.58000183105469,33.68000030517578,32.63999938964844,33.33000183105469,8112,0.0,0.0
2023-12-07 10:30:00-05:00,33.5,33.62379837036133,33.18000030517578,33.51499938964844,7889,0.0,0.0
2023-12-07 11:30:00-05:00,33.7599983215332,33.86000061035156,33.47999954223633,33.59000015258789,3930,0.0,0.0
2023-12-07 12:30:00-05:00,33.599998474121094,33.86000061035156,33.599998474121094,33.707000732421875,6753,0.0,0.0
2023-12-07 13:30:00-05:00,33.79999923706055,33.84000015258789,33.36000061035156,33.43000030517578,12168,0.0,0.0
2023-12-07 14:30:00-05:00,33.494998931884766,33.619998931884766,33.31999969482422,33.45000076293945,22280,0.0,0.0
2023-12-07 15:30:00-05:00,33.36000061035156,33.5,33.119998931884766,33.5,23058,0.0,0.0
2023-12-08 09:30:00-05:00,33.47999954223633,34.04999923706055,32.920799255371094,33.79999923706055,16933,0.0,0.0
2023-12-08 10:30:00-05:00,33.599998474121094,33.70000076293945,33.459999084472656,33.5099983215332,2979,0.0,0.0
2023-12-08 11:30:00-05:00,33.41999816894531,33.630001068115234,33.41999816894531,33.54999923706055,6377,0.0,0.0
2023-12-08 12:30:00-05:00,33.709999084472656,33.900001525878906,33.54999923706055,33.720001220703125,7979,0.0,0.0
2023-12-08 13:30:00-05:00,33.8849983215332,33.939998626708984,33.66999816894531,33.709999084472656,5334,0.0,0.0
2023-12-08 14:30:00-05:00,33.724998474121094,34.02000045776367,33.560001373291016,33.900001525878906,10665,0.0,0.0
2023-12-08 15:30:00-05:00,33.84000015258789,34.09000015258789,33.84000015258789,33.9900016784668,15152,0.0,0.0
2023-12-11 09:30:00-05:00,34.060001373291016,34.970001220703125,33.75,33.75,26288,0.0,0.0
2023-12-11 10:30:00-05:00,33.77259826660156,33.9900016784668,33.75,33.880001068115234,5990,0.0,0.0
2023-12-11 11:30:00-05:00,33.939998626708984,34.17879867553711,33.81999969482422,33.93000030517578,13394,0.0,0.0
2023-12-11 12:30:00-05:00,33.93000030517578,34.040000915527344,33.619998931884766,33.630001068115234,34615,0.0,0.0
2023-12-11 13:30:00-05:00,33.630001068115234,33.70000076293945,33.5,33.5099983215332,22258,0.0,0.0
2023-12-11 14:30:00-05:00,33.595001220703125,33.689998626708984,33.25,33.369998931884766,33960,0.0,0.0
2023-12-11 15:30:00-05:00,33.61000061035156,34.099998474121094,33.369998931884766,33.95000076293945,33295,0.0,0.0
2023-12-12 09:30:00-05:00,34.0099983215332,34.4182014465332,32.27000045776367,33.86000061035156,10980,0.0,0.0
2023-12-12 10:30:00-05:00,34.04999923706055,34.279998779296875,33.86000061035156,33.869998931884766,9221,0.0,0.0
2023-12-12 11:30:00-05:00,33.90999984741211,34.02000045776367,33.630001068115234,33.849998474121094,8767,0.0,0.0
2023-12-12 12:30:00-05:00,33.9900016784668,34.04999923706055,33.869998931884766,33.875,3724,0.0,0.0
2023-12-12 13:30:00-05:00,33.869998931884766,33.970001220703125,33.66999816894531,33.709999084472656,7476,0.0,0.0
2023-12-12 14:30:00-05:00,33.72999954223633,33.86000061035156,33.71500015258789,33.755001068115234,4505,0.0,0.0
2023-12-12 15:30:00-05:00,33.82500076293945,33.880001068115234,33.654998779296875,33.849998474121094,30183,0.0,0.0
2023-12-13 09:30:00-05:00,33.93000030517578,33.93000030517578,33.36000061035156,33.36000061035156,4308,0.0,0.0
2023-12-13 10:30:00-05:00,33.345001220703125,33.70000076293945,33.130001068115234,33.22999954223633,8063,0.0,0.0
2023-12-13 11:30:00-05:00,33.27000045776367,33.409000396728516,33.02000045776367,33.310001373291016,9352,0.0,0.0
2023-12-13 12:30:00-05:00,33.13999938964844,33.42770004272461,33.13999938964844,33.380001068115234,11504,0.0,0.0
2023-12-13 13:30:00-05:00,33.31999969482422,34.20000076293945,33.15999984741211,34.064998626708984,14596,0.0,0.0
2023-12-13 14:30:00-05:00,33.869998931884766,34.529998779296875,33.77000045776367,34.2400016784668,17165,0.0,0.0
2023-12-13 15:30:00-05:00,34.20500183105469,35.279998779296875,34.20500183105469,35.20000076293945,38683,0.0,0.0
2023-12-14 09:30:00-05:00,35.79999923706055,36.5,35.70000076293945,35.85499954223633,20780,0.0,0.0
2023-12-14 10:30:00-05:00,35.720001220703125,35.933998107910156,35.43009948730469,35.810001373291016,16553,0.0,0.0
2023-12-14 11:30:00-05:00,35.849998474121094,35.939998626708984,35.75,35.880001068115234,13794,0.0,0.0
2023-12-14 12:30:00-05:00,35.900001525878906,36.12200164794922,35.75,35.814998626708984,23771,0.0,0.0
2023-12-14 13:30:00-05:00,35.84429931640625,35.964298248291016,35.650001525878906,35.779998779296875,10266,0.0,0.0
2023-12-14 14:30:00-05:00,35.75,36.22999954223633,35.75,36.22999954223633,13385,0.0,0.0
2023-12-14 15:30:00-05:00,36.18000030517578,36.369998931884766,36.11000061035156,36.349998474121094,26937,0.0,0.0
2023-12-15 09:30:00-05:00,36.68000030517578,37.16999816894531,36.04970169067383,37.029998779296875,47583,0.0,0.0
2023-12-15 10:30:00-05:00,37.045501708984375,37.44990158081055,37.0,37.24769973754883,14943,0.0,0.0
2023-12-15 11:30:00-05:00,37.150001525878906,37.3650016784668,36.880001068115234,37.005001068115234,22729,0.0,0.0
2023-12-15 12:30:00-05:00,37.0099983215332,37.130001068115234,36.5,36.72999954223633,9260,0.0,0.0
2023-12-15 13:30:00-05:00,36.650001525878906,36.68550109863281,36.189998626708984,36.400001525878906,13892,0.0,0.0
2023-12-15 14:30:00-05:00,36.36000061035156,36.5,36.308799743652344,36.4900016784668,6531,0.0,0.0
2023-12-15 15:30:00-05:00,36.66999816894531,36.88999938964844,36.66999816894531,36.779998779296875,16872,0.0,0.0
2023-12-18 09:30:00-05:00,36.90999984741211,37.09000015258789,36.369998931884766,36.5,13170,0.0,0.0
2023-12-18 10:30:00-05:00,36.4900016784668,36.540000915527344,36.21189880371094,36.375,8590,0.0,0.0
2023-12-18 11:30:00-05:00,36.369998931884766,36.61000061035156,36.369998931884766,36.43000030517578,8860,0.0,0.0
2023-12-18 12:30:00-05:00,36.43000030517578,36.58000183105469,36.38999938964844,36.38999938964844,5590,0.0,0.0
2023-12-18 13:30:00-05:00,36.43000030517578,36.52000045776367,36.41999816894531,36.459999084472656,7001,0.0,0.0
2023-12-18 14:30:00-05:00,36.38999938964844,36.59000015258789,36.38999938964844,36.5,21657,0.0,0.0
2023-12-18 15:30:00-05:00,36.529998779296875,36.599998474121094,36.400001525878906,36.40999984741211,25197,0.0,0.0
2023-12-19 09:30:00-05:00,36.40999984741211,36.849998474121094,36.230899810791016,36.72999954223633,7293,0.0,0.0
2023-12-19 10:30:00-05:00,36.73500061035156,36.81999969482422,36.33000183105469,36.5,19159,0.0,0.0
2023-12-19 11:30:00-05:00,36.619998931884766,36.619998931884766,35.95000076293945,36.0,4432,0.0,0.0
2023-12-19 12:30:00-05:00,36.220001220703125,36.310001373291016,36.150001525878906,36.150001525878906,7233,0.0,0.0
2023-12-19 13:30:00-05:00,36.092098236083984,36.3650016784668,36.092098236083984,36.3650016784668,5669,0.0,0.0
2023-12-19 14:30:00-05:00,36.33000183105469,36.4900016784668,36.261600494384766,36.4900016784668,7610,0.0,0.0
2023-12-19 15:30:00-05:00,36.52000045776367,36.560001373291016,36.41999816894531,36.52000045776367,24159,0.0,0.0
2023-12-20 09:30:00-05:00,36.400001525878906,36.970001220703125,36.11000061035156,36.970001220703125,6222,0.0,0.0
2023-12-20 10:30:00-05:00,37.040000915527344,37.040000915527344,36.43000030517578,36.720001220703125,48566,0.0,0.0
2023-12-20 11:30:00-05:00,36.709999084472656,36.9900016784668,36.494998931884766,36.494998931884766,8476,0.0,0.0
2023-12-20 12:30:00-05:00,36.46009826660156,36.560001373291016,36.41999816894531,36.44499969482422,11236,0.0,0.0
2023-12-20 13:30:00-05:00,36.47999954223633,36.5099983215332,36.244998931884766,36.244998931884766,7390,0.0,0.0
2023-12-20 14:30:00-05:00,36.220001220703125,36.220001220703125,34.720001220703125,34.790000915527344,33954,0.0,0.0
2023-12-20 15:30:00-05:00,34.869998931884766,34.88999938964844,34.290000915527344,34.34000015258789,24432,0.0,0.0
2023-12-21 09:30:00-05:00,35.06999969482422,35.21989822387695,34.709999084472656,34.849998474121094,10208,0.0,0.0
2023-12-21 10:30:00-05:00,34.959999084472656,34.959999084472656,34.25469970703125,34.65999984741211,30701,0.0,0.0
2023-12-21 11:30:00-05:00,34.459999084472656,34.529998779296875,34.459999084472656,34.5099983215332,1534,0.0,0.0
2023-12-21 12:30:00-05:00,34.459999084472656,34.55500030517578,34.31999969482422,34.404998779296875,25509,0.0,0.0
2023-12-21 13:30:00-05:00,34.439998626708984,34.755001068115234,34.369998931884766,34.7400016784668,5886,0.0,0.0
2023-12-21 14:30:00-05:00,34.790000915527344,34.790000915527344,34.45000076293945,34.689998626708984,8221,0.0,0.0
2023-12-21 15:30:00-05:00,34.779998779296875,35.0,34.72999954223633,35.0,9400,0.0,0.0
2023-12-22 09:30:00-05:00,35.369998931884766,35.929901123046875,34.944400787353516,35.369998931884766,11635,0.0,0.0
2023-12-22 10:30:00-05:00,35.5099983215332,36.16999816894531,35.5099983215332,36.040000915527344,7679,0.0,0.0
2023-12-22 11:30:00-05:00,36.0099983215332,36.01499938964844,35.79999923706055,35.79999923706055,4463,0.0,0.0
2023-12-22 12:30:00-05:00,35.810001373291016,36.060001373291016,35.65999984741211,36.060001373291016,11374,0.0,0.0
2023-12-22 13:30:00-05:00,35.959999084472656,36.029998779296875,35.7599983215332,35.86669921875,6322,0.0,0.0
2023-12-22 14:30:00-05:00,35.70000076293945,36.41999816894531,35.650001525878906,36.41999816894531,9732,0.0,0.0
2023-12-22 15:30:00-05:00,36.400001525878906,36.459999084472656,36.147701263427734,36.45000076293945,16000,0.0,0.0
2023-12-26 09:30:00-05:00,36.27000045776367,36.7599983215332,36.20000076293945,36.33000183105469,7663,0.0,0.0
2023-12-26 10:30:00-05:00,36.39500045776367,36.39500045776367,36.39500045776367,36.39500045776367,915,0.0,0.0
2023-12-26 11:30:00-05:00,36.4900016784668,36.540000915527344,36.349998474121094,36.349998474121094,6756,0.0,0.0
2023-12-26 12:30:00-05:00,36.369998931884766,36.40999984741211,35.974998474121094,36.01250076293945,9590,0.0,0.0
2023-12-26 13:30:00-05:00,35.97999954223633,36.54249954223633,35.900001525878906,36.45000076293945,32229,0.0,0.0
2023-12-26 14:30:00-05:00,36.439998626708984,36.54999923706055,36.400001525878906,36.45000076293945,9631,0.0,0.0
2023-12-26 15:30:00-05:00,36.41999816894531,36.5,36.36000061035156,36.47999954223633,10932,0.0,0.0
2023-12-27 09:30:00-05:00,36.45000076293945,36.52009963989258,36.310001373291016,36.310001373291016,2605,0.0,0.0
2023-12-27 10:30:00-05:00,36.290000915527344,36.40999984741211,36.189998626708984,36.40999984741211,3452,0.0,0.0
2023-12-27 11:30:00-05:00,36.439998626708984,36.5099983215332,36.38999938964844,36.474998474121094,15198,0.0,0.0
2023-12-27 12:30:00-05:00,36.40999984741211,36.52989959716797,36.3650016784668,36.41999816894531,3662,0.0,0.0
2023-12-27 13:30:00-05:00,36.400001525878906,37.220001220703125,36.400001525878906,37.220001220703125,16009,0.0,0.0
2023-12-27 14:30:00-05:00,37.18000030517578,37.22999954223633,37.11000061035156,37.15999984741211,2687,0.0,0.0
2023-12-27 15:30:00-05:00,37.119998931884766,37.54999923706055,37.08000183105469,37.54999923706055,22695,0.0,0.0
2023-12-28 09:30:00-05:00,37.459999084472656,38.154998779296875,36.900001525878906,37.900001525878906,10691,0.0,0.0
2023-12-28 10:30:00-05:00,37.92900085449219,38.650001525878906,37.92900085449219,38.34000015258789,12221,0.0,0.0
2023-12-28 11:30:00-05:00,38.45000076293945,38.86000061035156,38.45000076293945,38.70000076293945,15852,0.0,0.0
2023-12-28 12:30:00-05:00,38.779998779296875,38.90999984741211,38.51499938964844,38.79999923706055,5746,0.0,0.0
2023-12-28 13:30:00-05:00,38.92580032348633,38.92580032348633,38.61000061035156,38.77000045776367,6962,0.0,0.0
2023-12-28 14:30:00-05:00,38.849998474121094,38.95000076293945,38.77000045776367,38.814998626708984,7253,0.0,0.0
2023-12-28 15:30:00-05:00,38.86000061035156,38.939998626708984,38.5,38.5,35810,0.0,0.0
2023-12-29 09:30:00-05:00,38.5099983215332,38.5099983215332,37.13999938964844,37.439998626708984,9179,0.0,0.0
2023-12-29 10:30:00-05:00,37.13999938964844,37.35499954223633,36.410099029541016,36.75,16509,0.0,0.0
2023-12-29 11:30:00-05:00,36.599998474121094,36.714298248291016,36.20000076293945,36.22249984741211,10252,0.0,0.0
2023-12-29 12:30:00-05:00,36.349998474121094,36.619998931884766,36.29999923706055,36.58000183105469,6892,0.0,0.0
2023-12-29 13:30:00-05:00,36.470001220703125,36.810001373291016,36.470001220703125,36.61000061035156,8704,0.0,0.0
2023-12-29 14:30:00-05:00,36.529998779296875,36.630001068115234,36.21500015258789,36.25400161743164,10196,0.0,0.0
2023-12-29 15:30:00-05:00,36.220001220703125,36.31999969482422,36.060001373291016,36.130001068115234,13872,0.0,0.0
2024-01-02 09:30:00-05:00,36.0,36.26539993286133,35.369998931884766,35.93000030517578,19559,0.0,0.0
2024-01-02 10:30:00-05:00,35.90999984741211,36.779998779296875,35.665000915527344,36.560001373291016,13116,0.0,0.0
2024-01-02 11:30:00-05:00,36.61000061035156,36.61000061035156,36.1150016784668,36.1150016784668,5297,0.0,0.0
2024-01-02 12:30:00-05:00,36.220001220703125,36.5,36.04999923706055,36.20000076293945,5789,0.0,0.0
2024-01-02 13:30:00-05:00,36.1349983215332,36.189998626708984,35.709999084472656,35.790000915527344,6554,0.0,0.0
2024-01-02 14:30:00-05:00,35.810001373291016,35.880001068115234,35.130001068115234,35.130001068115234,12064,0.0,0.0
2024-01-02 15:30:00-05:00,35.099998474121094,35.439998626708984,35.0,35.439998626708984,20380,0.0,0.0
2024-01-03 09:30:00-05:00,35.13999938964844,36.68000030517578,34.40489959716797,36.119998931884766,29677,0.0,0.0
2024-01-03 10:30:00-05:00,36.22999954223633,36.2599983215332,36.08000183105469,36.220001220703125,2068,0.0,0.0
2024-01-03 11:30:00-05:00,36.244998931884766,36.244998931884766,35.59000015258789,35.650001525878906,6493,0.0,0.0
2024-01-03 12:30:00-05:00,35.54999923706055,35.7599983215332,35.40999984741211,35.40999984741211,4378,0.0,0.0
2024-01-03 13:30:00-05:00,35.20000076293945,35.224998474121094,34.86000061035156,35.224998474121094,8076,0.0,0.0
2024-01-03 14:30:00-05:00,35.1150016784668,35.224998474121094,34.28499984741211,34.28499984741211,5640,0.0,0.0
2024-01-03 15:30:00-05:00,34.27000045776367,34.7400016784668,34.27000045776367,34.54999923706055,11773,0.0,0.0
2024-01-04 09:30:00-05:00,34.900001525878906,34.900001525878906,34.61000061035156,34.70000076293945,2258,0.0,0.0
2024-01-04 10:30:00-05:00,34.62699890136719,34.62699890136719,34.150001525878906,34.612998962402344,11850,0.0,0.0
2024-01-04 11:30:00-05:00,34.29999923706055,34.63999938964844,34.25,34.63999938964844,3028,0.0,0.0
2024-01-04 12:30:00-05:00,34.69499969482422,34.69499969482422,34.60960006713867,34.630001068115234,1340,0.0,0.0
2024-01-04 13:30:00-05:00,34.72999954223633,34.72999954223633,34.51750183105469,34.599998474121094,7522,0.0,0.0
2024-01-04 14:30:00-05:00,34.5625,34.5625,34.34000015258789,34.5099983215332,8136,0.0,0.0
2024-01-04 15:30:00-05:00,34.65999984741211,34.65999984741211,34.29999923706055,34.38999938964844,11694,0.0,0.0
2024-01-05 09:30:00-05:00,34.130001068115234,35.130001068115234,34.119998931884766,34.224998474121094,4593,0.0,0.0
2024-01-05 10:30:00-05:00,34.27000045776367,34.29999923706055,33.97999954223633,34.015098571777344,5616,0.0,0.0
2024-01-05 11:30:00-05:00,33.869998931884766,33.869998931884766,33.59000015258789,33.75,5714,0.0,0.0
2024-01-05 12:30:00-05:00,33.84000015258789,33.84000015258789,33.51499938964844,33.51499938964844,4116,0.0,0.0
2024-01-05 13:30:00-05:00,33.51499938964844,33.739898681640625,33.38750076293945,33.38750076293945,11734,0.0,0.0
2024-01-05 14:30:00-05:00,33.349998474121094,33.40999984741211,33.0,33.0,11426,0.0,0.0
2024-01-05 15:30:00-05:00,33.0099983215332,33.86000061035156,32.88999938964844,33.75,23384,0.0,0.0
2024-01-08 09:30:00-05:00,33.63999938964844,34.31999969482422,33.625701904296875,34.31999969482422,4468,0.0,0.0
2024-01-08 10:30:00-05:00,34.4900016784668,34.60020065307617,34.235198974609375,34.45000076293945,4563,0.0,0.0
2024-01-08 11:30:00-05:00,34.41999816894531,34.577301025390625,34.25,34.25,4081,0.0,0.0
2024-01-08 12:30:00-05:00,34.290000915527344,34.93989944458008,34.22999954223633,34.93989944458008,4841,0.0,0.0
2024-01-08 13:30:00-05:00,34.720001220703125,34.76499938964844,34.709999084472656,34.7400016784668,1897,0.0,0.0
2024-01-08 14:30:00-05:00,34.779998779296875,35.06999969482422,34.779998779296875,34.9900016784668,8149,0.0,0.0
2024-01-08 15:30:00-05:00,35.02000045776367,35.349998474121094,35.02000045776367,35.13999938964844,12000,0.0,0.0
2024-01-09 09:30:00-05:00,34.43000030517578,34.60499954223633,34.0,34.52000045776367,8441,0.0,0.0
2024-01-09 10:30:00-05:00,34.59700012207031,35.904998779296875,34.59700012207031,35.80500030517578,10003,0.0,0.0
2024-01-09 11:30:00-05:00,35.94380187988281,36.09049987792969,35.94380187988281,36.04999923706055,3954,0.0,0.0
2024-01-09 12:30:00-05:00,36.099998474121094,36.349998474121094,36.08000183105469,36.33000183105469,6980,0.0,0.0
2024-01-09 13:30:00-05:00,36.040000915527344,36.08000183105469,35.81999969482422,35.81999969482422,3994,0.0,0.0
2024-01-09 14:30:00-05:00,35.779998779296875,35.994998931884766,35.77000045776367,35.83599853515625,5218,0.0,0.0
2024-01-09 15:30:00-05:00,35.904998779296875,35.95000076293945,35.720001220703125,35.79999923706055,12814,0.0,0.0
2024-01-10 09:30:00-05:00,35.630001068115234,35.970001220703125,35.31999969482422,35.90999984741211,7862,0.0,0.0
2024-01-10 10:30:00-05:00,35.95000076293945,36.25,35.95000076293945,36.099998474121094,3886,0.0,0.0
2024-01-10 11:30:00-05:00,36.029998779296875,36.130001068115234,36.0,36.0,3360,0.0,0.0
2024-01-10 12:30:00-05:00,35.94499969482422,35.95000076293945,35.599998474121094,35.904998779296875,3120,0.0,0.0
2024-01-10 13:30:00-05:00,36.0,36.06999969482422,35.83250045776367,36.06999969482422,2814,0.0,0.0
2024-01-10 14:30:00-05:00,36.05500030517578,36.209999084472656,36.040000915527344,36.04999923706055,3127,0.0,0.0
2024-01-10 15:30:00-05:00,36.11000061035156,36.220001220703125,35.970001220703125,36.165000915527344,12340,0.0,0.0
2024-01-11 09:30:00-05:00,36.099998474121094,36.40999984741211,35.06399917602539,35.38999938964844,8323,0.0,0.0
2024-01-11 10:30:00-05:00,35.470001220703125,35.630001068115234,35.27000045776367,35.27000045776367,4004,0.0,0.0
2024-01-11 11:30:00-05:00,35.27000045776367,35.40999984741211,35.15999984741211,35.380001068115234,3585,0.0,0.0
2024-01-11 12:30:00-05:00,35.5099983215332,35.849998474121094,35.45000076293945,35.849998474121094,2229,0.0,0.0
2024-01-11 13:30:00-05:00,35.667598724365234,35.95000076293945,35.667598724365234,35.939998626708984,2154,0.0,0.0
2024-01-11 14:30:00-05:00,35.95000076293945,36.08000183105469,35.83000183105469,36.060001373291016,5892,0.0,0.0
2024-01-11 15:30:00-05:00,35.959999084472656,36.060001373291016,35.81999969482422,36.060001373291016,9625,0.0,0.0
2024-01-12 09:30:00-05:00,36.47999954223633,37.0,36.25,36.47999954223633,15396,0.0,0.0
2024-01-12 10:30:00-05:00,36.66999816894531,36.66999816894531,36.29999923706055,36.400001525878906,11496,0.0,0.0
2024-01-12 11:30:00-05:00,36.40999984741211,36.40999984741211,35.97999954223633,36.029998779296875,3006,0.0,0.0
2024-01-12 12:30:00-05:00,36.029998779296875,36.15999984741211,36.029998779296875,36.08000183105469,1778,0.0,0.0
2024-01-12 13:30:00-05:00,36.08000183105469,36.25,36.0099983215332,36.0099983215332,3443,0.0,0.0
2024-01-12 14:30:00-05:00,35.97999954223633,36.47999954223633,35.97999954223633,36.2599983215332,10607,0.0,0.0
2024-01-12 15:30:00-05:00,36.2400016784668,36.349998474121094,36.209999084472656,36.25,7915,0.0,0.0
2024-01-16 09:30:00-05:00,35.779998779296875,36.209999084472656,35.29999923706055,36.13999938964844,8690,0.0,0.0
2024-01-16 10:30:00-05:00,36.220001220703125,36.349998474121094,36.0,36.349998474121094,4841,0.0,0.0
2024-01-16 11:30:00-05:00,36.31999969482422,36.31999969482422,35.9900016784668,36.0,2793,0.0,0.0
2024-01-16 12:30:00-05:00,35.93000030517578,36.34000015258789,35.93000030517578,36.34000015258789,10631,0.0,0.0
2024-01-16 13:30:00-05:00,36.31999969482422,36.380001068115234,35.77000045776367,35.77000045776367,7208,0.0,0.0
2024-01-16 14:30:00-05:00,35.75,35.880001068115234,35.63819885253906,35.86880111694336,2394,0.0,0.0
2024-01-16 15:30:00-05:00,35.77000045776367,35.790000915527344,35.63999938964844,35.63999938964844,13904,0.0,0.0
2024-01-17 09:30:00-05:00,35.0099983215332,35.34000015258789,34.61000061035156,35.22999954223633,11202,0.0,0.0
2024-01-17 10:30:00-05:00,35.2400016784668,35.47999954223633,35.2400016784668,35.36000061035156,2777,0.0,0.0
2024-01-17 11:30:00-05:00,35.439998626708984,35.439998626708984,35.2599983215332,35.314998626708984,4132,0.0,0.0
2024-01-17 12:30:00-05:00,35.22999954223633,35.720001220703125,35.18000030517578,35.70500183105469,5209,0.0,0.0
2024-01-17 13:30:00-05:00,35.685001373291016,35.875,35.65999984741211,35.869998931884766,3516,0.0,0.0
2024-01-17 14:30:00-05:00,35.790000915527344,36.040000915527344,35.400001525878906,35.400001525878906,14967,0.0,0.0
2024-01-17 15:30:00-05:00,35.41999816894531,35.91999816894531,35.41999816894531,35.91999816894531,9490,0.0,0.0
2024-01-18 09:30:00-05:00,36.2400016784668,36.849998474121094,36.2400016784668,36.459999084472656,10377,0.0,0.0
2024-01-18 10:30:00-05:00,36.38999938964844,36.540000915527344,36.029998779296875,36.029998779296875,4533,0.0,0.0
2024-01-18 11:30:00-05:00,36.15999984741211,36.15999984741211,35.570098876953125,35.570098876953125,2348,0.0,0.0
2024-01-18 12:30:00-05:00,35.71500015258789,35.71500015258789,35.151100158691406,35.151100158691406,3555,0.0,0.0
2024-01-18 13:30:00-05:00,35.2400016784668,35.65999984741211,35.2400016784668,35.650001525878906,3459,0.0,0.0
2024-01-18 14:30:00-05:00,35.540000915527344,35.7599983215332,35.540000915527344,35.70500183105469,1759,0.0,0.0
2024-01-18 15:30:00-05:00,35.7400016784668,36.209999084472656,35.700199127197266,36.08000183105469,22990,0.0,0.0
2024-01-19 09:30:00-05:00,36.58000183105469,36.58000183105469,35.63010025024414,36.059898376464844,6401,0.0,0.0
2024-01-19 10:30:00-05:00,35.7400016784668,35.7400016784668,35.290000915527344,35.37879943847656,7900,0.0,0.0
2024-01-19 11:30:00-05:00,35.369998931884766,35.40999984741211,35.0,35.40999984741211,5530,0.0,0.0
2024-01-19 12:30:00-05:00,35.349998474121094,35.77000045776367,35.349998474121094,35.77000045776367,6458,0.0,0.0
2024-01-19 13:30:00-05:00,35.900001525878906,36.130001068115234,35.7599983215332,36.130001068115234,4430,0.0,0.0
2024-01-19 14:30:00-05:00,36.060001373291016,36.22999954223633,35.959999084472656,36.119998931884766,8451,0.0,0.0
2024-01-19 15:30:00-05:00,36.099998474121094,36.290000915527344,36.02000045776367,36.06999969482422,10026,0.0,0.0
2024-01-22 09:30:00-05:00,36.70000076293945,38.58000183105469,36.70000076293945,38.380001068115234,46557,0.0,0.0
2024-01-22 10:30:00-05:00,38.39500045776367,39.970001220703125,38.349998474121094,38.957000732421875,23403,0.0,0.0
2024-01-22 11:30:00-05:00,38.70869827270508,38.918399810791016,38.36000061035156,38.880001068115234,5007,0.0,0.0
2024-01-22 12:30:00-05:00,38.919898986816406,38.919898986816406,38.38999938964844,38.40999984741211,4319,0.0,0.0
2024-01-22 13:30:00-05:00,38.380001068115234,38.849998474121094,38.3400993347168,38.849998474121094,5104,0.0,0.0
2024-01-22 14:30:00-05:00,38.7400016784668,38.779998779296875,38.400001525878906,38.779998779296875,13437,0.0,0.0
2024-01-22 15:30:00-05:00,38.849998474121094,38.900001525878906,38.689998626708984,38.900001525878906,12428,0.0,0.0
2024-01-23 09:30:00-05:00,39.56999969482422,39.56999969482422,38.34159851074219,38.880001068115234,23368,0.0,0.0
2024-01-23 10:30:00-05:00,39.209999084472656,39.3390998840332,38.619998931884766,38.63999938964844,8413,0.0,0.0
2024-01-23 11:30:00-05:00,38.470001220703125,38.619998931884766,38.470001220703125,38.6068000793457,2846,0.0,0.0
2024-01-23 12:30:00-05:00,38.518798828125,38.83000183105469,38.470001220703125,38.83000183105469,3540,0.0,0.0
2024-01-23 13:30:00-05:00,38.810001373291016,39.189998626708984,38.810001373291016,39.0099983215332,18614,0.0,0.0
2024-01-23 14:30:00-05:00,38.93000030517578,39.099998474121094,38.709999084472656,38.81999969482422,8288,0.0,0.0
2024-01-23 15:30:00-05:00,38.7848014831543,38.935001373291016,38.709999084472656,38.790000915527344,12597,0.0,0.0
2024-01-24 09:30:00-05:00,39.45000076293945,39.93000030517578,37.75,38.86000061035156,22612,0.0,0.0
2024-01-24 10:30:00-05:00,38.77000045776367,38.88999938964844,38.060001373291016,38.150001525878906,16732,0.0,0.0
2024-01-24 11:30:00-05:00,38.10499954223633,38.130001068115234,37.68000030517578,37.7755012512207,6503,0.0,0.0
2024-01-24 12:30:00-05:00,37.84000015258789,37.84000015258789,37.220001220703125,37.5,8795,0.0,0.0
2024-01-24 13:30:00-05:00,37.58000183105469,37.58000183105469,37.08000183105469,37.2400016784668,8083,0.0,0.0
2024-01-24 14:30:00-05:00,37.26499938964844,37.470001220703125,36.900001525878906,37.084999084472656,9139,0.0,0.0
2024-01-24 15:30:00-05:00,36.9900016784668,37.0099983215332,36.540000915527344,36.779998779296875,24409,0.0,0.0
2024-01-25 09:30:00-05:00,37.599998474121094,38.06999969482422,36.459999084472656,36.66999816894531,19999,0.0,0.0
2024-01-25 10:30:00-05:00,36.369998931884766,36.630001068115234,35.77000045776367,36.630001068115234,20647,0.0,0.0
2024-01-25 11:30:00-05:00,36.59400177001953,36.91999816894531,36.367000579833984,36.525001525878906,18757,0.0,0.0
2024-01-25 12:30:00-05:00,36.40999984741211,36.51860046386719,36.00469970703125,36.00469970703125,5244,0.0,0.0
2024-01-25 13:30:00-05:00,36.17499923706055,36.36000061035156,35.599998474121094,35.599998474121094,17261,0.0,0.0
2024-01-25 14:30:00-05:00,35.75,35.75,35.510101318359375,35.619998931884766,8030,0.0,0.0
2024-01-25 15:30:00-05:00,35.55500030517578,35.61000061035156,35.12009811401367,35.439998626708984,23592,0.0,0.0
2024-01-26 09:30:00-05:00,35.7599983215332,36.20000076293945,35.52000045776367,35.84000015258789,11052,0.0,0.0
2024-01-26 10:30:00-05:00,35.96500015258789,35.9900016784668,35.68000030517578,35.70000076293945,3142,0.0,0.0
2024-01-26 11:30:00-05:00,35.84000015258789,36.245201110839844,35.84000015258789,36.245201110839844,2395,0.0,0.0
2024-01-26 12:30:00-05:00,36.0099983215332,36.52320098876953,35.93000030517578,36.45000076293945,12640,0.0,0.0
2024-01-26 13:30:00-05:00,36.56999969482422,36.72999954223633,36.47999954223633,36.72999954223633,3958,0.0,0.0
2024-01-26 14:30:00-05:00,36.73500061035156,36.939998626708984,36.70000076293945,36.75,5759,0.0,0.0
2024-01-26 15:30:00-05:00,36.75,37.369998931884766,36.70000076293945,37.220001220703125,16244,0.0,0.0
2024-01-29 09:30:00-05:00,37.2599983215332,37.40999984741211,36.709999084472656,37.40999984741211,14773,0.0,0.0
2024-01-29 10:30:00-05:00,37.459999084472656,37.525001525878906,37.11000061035156,37.45000076293945,5318,0.0,0.0
2024-01-29 11:30:00-05:00,37.400001525878906,37.40999984741211,36.88999938964844,37.220001220703125,8978,0.0,0.0
2024-01-29 12:30:00-05:00,37.36000061035156,37.40999984741211,37.02000045776367,37.119998931884766,8378,0.0,0.0
2024-01-29 13:30:00-05:00,37.1150016784668,37.599998474121094,36.91999816894531,37.505001068115234,3439,0.0,0.0
2024-01-29 14:30:00-05:00,37.61000061035156,38.130001068115234,37.59000015258789,38.130001068115234,6274,0.0,0.0
2024-01-29 15:30:00-05:00,38.11000061035156,38.25,37.84000015258789,38.25,13114,0.0,0.0
2024-01-30 09:30:00-05:00,37.86000061035156,38.150001525878906,37.349998474121094,37.349998474121094,2229,0.0,0.0
2024-01-30 10:30:00-05:00,37.33000183105469,37.398399353027344,37.010101318359375,37.224998474121094,1881,0.0,0.0
2024-01-30 11:30:00-05:00,37.20000076293945,37.404998779296875,37.0,37.149898529052734,7358,0.0,0.0
2024-01-30 12:30:00-05:00,37.0,37.09000015258789,36.61000061035156,36.904998779296875,18964,0.0,0.0
2024-01-30 13:30:00-05:00,36.779998779296875,36.834999084472656,36.59000015258789,36.689998626708984,3706,0.0,0.0
2024-01-30 14:30:00-05:00,36.77439880371094,36.93000030517578,36.7400016784668,36.7400016784668,5828,0.0,0.0
2024-01-30 15:30:00-05:00,36.80500030517578,37.08000183105469,36.720001220703125,37.08000183105469,6922,0.0,0.0
2024-01-31 09:30:00-05:00,36.88999938964844,37.099998474121094,36.529998779296875,36.63999938964844,3410,0.0,0.0
2024-01-31 10:30:00-05:00,36.720001220703125,37.0098991394043,36.16999816894531,36.540000915527344,5981,0.0,0.0
2024-01-31 11:30:00-05:00,36.4900016784668,36.858001708984375,36.34000015258789,36.858001708984375,2398,0.0,0.0
2024-01-31 12:30:00-05:00,36.56919860839844,36.869998931884766,36.56919860839844,36.869998931884766,1858,0.0,0.0
2024-01-31 13:30:00-05:00,36.650001525878906,36.650001525878906,36.13999938964844,36.13999938964844,2593,0.0,0.0
2024-01-31 14:30:00-05:00,36.29999923706055,37.01499938964844,35.83000183105469,35.994998931884766,5865,0.0,0.0
2024-01-31 15:30:00-05:00,35.849998474121094,35.849998474121094,35.29999923706055,35.349998474121094,22515,0.0,0.0
2024-02-01 09:30:00-05:00,35.61000061035156,36.72999954223633,35.2599983215332,35.849998474121094,31680,0.0,0.0
2024-02-01 10:30:00-05:00,35.900001525878906,35.900001525878906,34.83000183105469,35.220001220703125,16931,0.0,0.0
2024-02-01 11:30:00-05:00,35.255001068115234,35.77000045776367,35.209999084472656,35.75,4422,0.0,0.0
2024-02-01 12:30:00-05:00,35.75,36.25,35.75,36.189998626708984,3650,0.0,0.0
2024-02-01 13:30:00-05:00,36.41999816894531,36.54999923706055,36.22710037231445,36.5,2317,0.0,0.0
2024-02-01 14:30:00-05:00,36.34000015258789,36.64500045776367,36.25,36.25,4207,0.0,0.0
2024-02-01 15:30:00-05:00,36.2755012512207,36.40999984741211,36.220001220703125,36.2599983215332,5372,0.0,0.0
2024-02-02 09:30:00-05:00,35.720001220703125,36.29999923706055,35.60409927368164,36.255001068115234,3685,0.0,0.0
2024-02-02 10:30:00-05:00,36.150001525878906,36.70000076293945,36.150001525878906,36.65999984741211,5655,0.0,0.0
2024-02-02 11:30:00-05:00,36.66999816894531,36.837398529052734,36.400001525878906,36.5,5714,0.0,0.0
2024-02-02 12:30:00-05:00,36.68199920654297,36.99800109863281,36.3400993347168,36.80229949951172,7959,0.0,0.0
2024-02-02 13:30:00-05:00,36.82120132446289,37.68000030517578,36.785400390625,37.68000030517578,9692,0.0,0.0
2024-02-02 14:30:00-05:00,37.630001068115234,37.75,37.31999969482422,37.43000030517578,8310,0.0,0.0
2024-02-02 15:30:00-05:00,37.415000915527344,37.41999816894531,37.18000030517578,37.209999084472656,8518,0.0,0.0
2024-02-05 09:30:00-05:00,37.040000915527344,37.040000915527344,36.17570114135742,36.95000076293945,5200,0.0,0.0
2024-02-05 10:30:00-05:00,36.79999923706055,37.0,36.76599884033203,36.96500015258789,1873,0.0,0.0
2024-02-05 11:30:00-05:00,36.97999954223633,37.20000076293945,36.970001220703125,37.119998931884766,3547,0.0,0.0
2024-02-05 12:30:00-05:00,37.20000076293945,37.325801849365234,37.0099983215332,37.220001220703125,2716,0.0,0.0
2024-02-05 13:30:00-05:00,37.05500030517578,37.27000045776367,37.018699645996094,37.22999954223633,3368,0.0,0.0
2024-02-05 14:30:00-05:00,37.310001373291016,37.415000915527344,37.0,37.13999938964844,5310,0.0,0.0
2024-02-05 15:30:00-05:00,37.16999816894531,37.20000076293945,37.0,37.20000076293945,18347,0.0,0.0
2024-02-06 09:30:00-05:00,36.75,37.88999938964844,36.75,37.88999938964844,13363,0.0,0.0
2024-02-06 10:30:00-05:00,37.834800720214844,37.834800720214844,37.185001373291016,37.470001220703125,5546,0.0,0.0
2024-02-06 11:30:00-05:00,37.685699462890625,37.685699462890625,37.400001525878906,37.5099983215332,4662,0.0,0.0
2024-02-06 12:30:00-05:00,37.77000045776367,38.36479949951172,37.652801513671875,38.36479949951172,9090,0.0,0.0
2024-02-06 13:30:00-05:00,38.400001525878906,38.45000076293945,38.28379821777344,38.314998626708984,4318,0.0,0.0
2024-02-06 14:30:00-05:00,38.310001373291016,38.7400016784668,38.27000045776367,38.70500183105469,5291,0.0,0.0
2024-02-06 15:30:00-05:00,38.650001525878906,38.79999923706055,38.349998474121094,38.790000915527344,15053,0.0,0.0
2024-02-07 09:30:00-05:00,38.79999923706055,38.95000076293945,38.275001525878906,38.9385986328125,6420,0.0,0.0
2024-02-07 10:30:00-05:00,38.91210174560547,38.91210174560547,37.54999923706055,37.77000045776367,9253,0.0,0.0
2024-02-07 11:30:00-05:00,37.52000045776367,37.669898986816406,37.28010177612305,37.54999923706055,6502,0.0,0.0
2024-02-07 12:30:00-05:00,37.540000915527344,37.7599983215332,37.45000076293945,37.7599983215332,4413,0.0,0.0
2024-02-07 13:30:00-05:00,37.70500183105469,37.939998626708984,37.70500183105469,37.939998626708984,806,0.0,0.0
2024-02-07 14:30:00-05:00,37.939998626708984,38.15999984741211,37.810001373291016,37.810001373291016,4751,0.0,0.0
2024-02-07 15:30:00-05:00,37.79999923706055,38.0,37.52000045776367,37.939998626708984,16476,0.0,0.0
2024-02-08 09:30:00-05:00,38.0,38.404998779296875,37.790000915527344,38.2400016784668,11751,0.0,0.0
2024-02-08 10:30:00-05:00,38.167198181152344,39.314998626708984,38.167198181152344,39.06999969482422,6429,0.0,0.0
2024-02-08 11:30:00-05:00,38.994998931884766,39.37649917602539,38.902400970458984,39.37649917602539,2305,0.0,0.0
2024-02-08 12:30:00-05:00,39.4099006652832,39.52000045776367,39.32500076293945,39.349998474121094,3515,0.0,0.0
2024-02-08 13:30:00-05:00,39.349998474121094,39.375,39.060001373291016,39.099998474121094,1654,0.0,0.0
2024-02-08 14:30:00-05:00,39.27000045776367,39.689998626708984,39.01089859008789,39.689998626708984,13740,0.0,0.0
2024-02-08 15:30:00-05:00,39.560001373291016,39.560001373291016,39.3036994934082,39.36000061035156,7371,0.0,0.0
2024-02-09 09:30:00-05:00,39.56999969482422,40.0,39.465599060058594,39.79999923706055,9826,0.0,0.0
2024-02-09 10:30:00-05:00,39.720001220703125,40.58000183105469,39.720001220703125,40.45500183105469,4532,0.0,0.0
2024-02-09 11:30:00-05:00,40.36000061035156,40.93000030517578,40.36000061035156,40.91999816894531,6843,0.0,0.0
2024-02-09 12:30:00-05:00,40.898399353027344,41.779998779296875,40.86600112915039,41.779998779296875,14965,0.0,0.0
2024-02-09 13:30:00-05:00,41.780601501464844,41.880001068115234,41.02000045776367,41.375,12513,0.0,0.0
2024-02-09 14:30:00-05:00,41.489898681640625,41.5099983215332,41.18199920654297,41.459999084472656,13803,0.0,0.0
2024-02-09 15:30:00-05:00,41.415000915527344,41.43000030517578,41.06999969482422,41.34000015258789,15449,0.0,0.0
2024-02-12 09:30:00-05:00,41.560001373291016,42.20000076293945,41.40999984741211,42.060001373291016,8865,0.0,0.0
2024-02-12 10:30:00-05:00,42.16999816894531,42.81800079345703,42.154998779296875,42.7400016784668,7455,0.0,0.0
2024-02-12 11:30:00-05:00,42.7504997253418,43.03139877319336,42.440101623535156,42.790000915527344,8501,0.0,0.0
2024-02-12 12:30:00-05:00,42.810001373291016,43.43000030517578,42.79999923706055,42.974998474121094,20979,0.0,0.0
2024-02-12 13:30:00-05:00,42.95000076293945,43.02000045776367,41.70000076293945,41.70500183105469,15874,0.0,0.0
2024-02-12 14:30:00-05:00,41.874298095703125,42.290000915527344,40.05009841918945,40.974998474121094,45552,0.0,0.0
2024-02-12 15:30:00-05:00,41.0,41.70000076293945,40.86000061035156,41.56999969482422,27916,0.0,0.0
2024-02-13 09:30:00-05:00,39.59000015258789,39.994998931884766,37.97560119628906,38.209999084472656,24894,0.0,0.0
2024-02-13 10:30:00-05:00,38.43000030517578,38.97999954223633,38.209999084472656,38.65010070800781,7004,0.0,0.0
2024-02-13 11:30:00-05:00,39.20000076293945,39.45000076293945,38.75,38.75,8244,0.0,0.0
2024-02-13 12:30:00-05:00,38.78450012207031,38.78450012207031,38.25,38.720001220703125,6998,0.0,0.0
2024-02-13 13:30:00-05:00,38.709999084472656,38.95000076293945,38.349998474121094,38.540000915527344,10113,0.0,0.0
2024-02-13 14:30:00-05:00,38.619998931884766,38.689998626708984,37.33000183105469,37.74639892578125,18825,0.0,0.0
2024-02-13 15:30:00-05:00,37.81990051269531,38.13990020751953,37.439998626708984,37.849998474121094,28716,0.0,0.0
2024-02-14 09:30:00-05:00,38.08000183105469,38.34000015258789,37.54999923706055,38.34000015258789,9542,0.0,0.0
2024-02-14 10:30:00-05:00,38.06209945678711,38.06209945678711,37.40999984741211,37.779998779296875,10640,0.0,0.0
2024-02-14 11:30:00-05:00,37.900001525878906,38.689998626708984,37.900001525878906,38.619998931884766,2651,0.0,0.0
2024-02-14 12:30:00-05:00,38.7400016784668,39.005001068115234,38.7400016784668,38.86000061035156,5703,0.0,0.0
2024-02-14 13:30:00-05:00,38.9900016784668,39.06999969482422,38.439998626708984,38.439998626708984,5453,0.0,0.0
2024-02-14 14:30:00-05:00,38.43000030517578,38.96419906616211,38.43000030517578,38.869998931884766,5802,0.0,0.0
2024-02-14 15:30:00-05:00,38.744998931884766,38.86000061035156,38.38999938964844,38.86000061035156,16958,0.0,0.0
2024-02-15 09:30:00-05:00,39.599998474121094,39.64500045776367,38.38999938964844,38.48500061035156,10896,0.0,0.0
2024-02-15 10:30:00-05:00,38.630001068115234,38.869998931884766,38.09000015258789,38.869998931884766,14331,0.0,0.0
2024-02-15 11:30:00-05:00,38.880001068115234,39.2400016784668,38.66999816894531,39.0099983215332,4329,0.0,0.0
2024-02-15 12:30:00-05:00,39.0,39.189998626708984,38.59000015258789,39.189998626708984,6311,0.0,0.0
2024-02-15 13:30:00-05:00,39.0099983215332,39.560001373291016,38.89799880981445,39.22999954223633,11581,0.0,0.0
2024-02-15 14:30:00-05:00,39.40999984741211,39.46500015258789,39.119998931884766,39.14500045776367,7372,0.0,0.0
2024-02-15 15:30:00-05:00,39.14500045776367,39.540000915527344,39.14500045776367,39.5,15532,0.0,0.0
2024-02-16 09:30:00-05:00,39.099998474121094,39.70000076293945,38.400001525878906,38.45000076293945,21550,0.0,0.0
2024-02-16 10:30:00-05:00,38.43000030517578,38.95000076293945,38.220001220703125,38.81999969482422,9193,0.0,0.0
2024-02-16 11:30:00-05:00,38.79180145263672,38.83000183105469,38.58000183105469,38.58000183105469,2936,0.0,0.0
2024-02-16 12:30:00-05:00,38.290000915527344,38.540000915527344,38.186798095703125,38.540000915527344,3215,0.0,0.0
2024-02-16 13:30:00-05:00,38.525001525878906,38.630001068115234,38.5,38.630001068115234,2524,0.0,0.0
2024-02-16 14:30:00-05:00,38.58000183105469,38.619998931884766,38.2599983215332,38.46500015258789,5224,0.0,0.0
2024-02-16 15:30:00-05:00,38.42499923706055,38.63999938964844,38.369998931884766,38.54999923706055,15198,0.0,0.0
2024-02-20 09:30:00-05:00,37.56999969482422,37.66999816894531,36.43040084838867,36.60499954223633,19444,0.0,0.0
2024-02-20 10:30:00-05:00,36.349998474121094,37.13999938964844,36.22999954223633,37.13999938964844,5808,0.0,0.0
2024-02-20 11:30:00-05:00,37.060001373291016,37.154998779296875,36.689998626708984,36.83000183105469,9723,0.0,0.0
2024-02-20 12:30:00-05:00,36.939998626708984,37.08000183105469,36.900001525878906,36.939998626708984,2730,0.0,0.0
2024-02-20 13:30:00-05:00,36.90999984741211,37.22999954223633,36.90999984741211,36.970001220703125,3830,0.0,0.0
2024-02-20 14:30:00-05:00,36.95000076293945,36.95000076293945,36.81999969482422,36.84000015258789,5645,0.0,0.0
2024-02-20 15:30:00-05:00,36.96500015258789,37.339900970458984,36.84000015258789,37.310001373291016,11935,0.0,0.0
2024-02-21 09:30:00-05:00,36.34000015258789,37.06999969482422,35.58000183105469,35.58000183105469,12389,0.0,0.0
2024-02-21 10:30:00-05:00,35.5,35.70000076293945,35.27000045776367,35.619998931884766,4727,0.0,0.0
2024-02-21 11:30:00-05:00,35.689998626708984,36.31999969482422,35.61000061035156,35.810001373291016,4789,0.0,0.0
2024-02-21 12:30:00-05:00,35.98500061035156,36.1349983215332,35.83000183105469,35.93600082397461,3129,0.0,0.0
2024-02-21 13:30:00-05:00,36.01499938964844,36.290000915527344,35.77000045776367,35.77000045776367,7820,0.0,0.0
2024-02-21 14:30:00-05:00,35.689998626708984,35.77000045776367,35.58000183105469,35.77000045776367,4865,0.0,0.0
2024-02-21 15:30:00-05:00,35.834999084472656,35.93000030517578,35.63999938964844,35.875,9275,0.0,0.0
2024-02-22 09:30:00-05:00,36.31999969482422,36.80860137939453,35.845001220703125,35.95000076293945,8463,0.0,0.0
2024-02-22 10:30:00-05:00,36.34000015258789,36.34000015258789,36.2599983215332,36.2599983215332,821,0.0,0.0
2024-02-22 11:30:00-05:00,36.5099983215332,36.5099983215332,36.334999084472656,36.400001525878906,1696,0.0,0.0
2024-02-22 12:30:00-05:00,36.352500915527344,36.5,35.88999938964844,35.91999816894531,4797,0.0,0.0
2024-02-22 13:30:00-05:00,36.025001525878906,36.349998474121094,36.025001525878906,36.26499938964844,7396,0.0,0.0
2024-02-22 14:30:00-05:00,36.18000030517578,36.278499603271484,35.834999084472656,36.01499938964844,8743,0.0,0.0
2024-02-22 15:30:00-05:00,36.119998931884766,36.27000045776367,35.959999084472656,36.0099983215332,8855,0.0,0.0
2024-02-23 09:30:00-05:00,36.29999923706055,36.78990173339844,35.339698791503906,35.339698791503906,5844,0.0,0.0
2024-02-23 10:30:00-05:00,35.54499816894531,35.59000015258789,35.15999984741211,35.59000015258789,4645,0.0,0.0
2024-02-23 11:30:00-05:00,35.63999938964844,35.939998626708984,35.5078010559082,35.87229919433594,4535,0.0,0.0
2024-02-23 12:30:00-05:00,35.720001220703125,36.099998474121094,35.720001220703125,35.95199966430664,3785,0.0,0.0
2024-02-23 13:30:00-05:00,35.970001220703125,35.97999954223633,35.63999938964844,35.63999938964844,4548,0.0,0.0
2024-02-23 14:30:00-05:00,35.56999969482422,36.099998474121094,35.56999969482422,35.65999984741211,7089,0.0,0.0
2024-02-23 15:30:00-05:00,35.63999938964844,35.939998626708984,35.63999938964844,35.72999954223633,4961,0.0,0.0
2024-02-26 09:30:00-05:00,35.56999969482422,36.45000076293945,35.529998779296875,36.34000015258789,10384,0.0,0.0
2024-02-26 10:30:00-05:00,36.45790100097656,37.0,36.45790100097656,36.93000030517578,9735,0.0,0.0
2024-02-26 11:30:00-05:00,36.875099182128906,37.709999084472656,36.875099182128906,37.709999084472656,5741,0.0,0.0
2024-02-26 12:30:00-05:00,37.6781005859375,37.6781005859375,37.33000183105469,37.400001525878906,3290,0.0,0.0
2024-02-26 13:30:00-05:00,37.310001373291016,37.9900016784668,37.310001373291016,37.96500015258789,5681,0.0,0.0
2024-02-26 14:30:00-05:00,38.0,38.790000915527344,38.0,38.253501892089844,23227,0.0,0.0
2024-02-26 15:30:00-05:00,38.400001525878906,38.4900016784668,38.160099029541016,38.380001068115234,22065,0.0,0.0
2024-02-27 09:30:00-05:00,38.91999816894531,40.084999084472656,38.25,39.97999954223633,25060,0.0,0.0
2024-02-27 10:30:00-05:00,39.97999954223633,40.2400016784668,39.459999084472656,39.900001525878906,19741,0.0,0.0
2024-02-27 11:30:00-05:00,39.86000061035156,40.06999969482422,39.530799865722656,40.06999969482422,13443,0.0,0.0
2024-02-27 12:30:00-05:00,40.13999938964844,41.060001373291016,40.13999938964844,40.84000015258789,27208,0.0,0.0
2024-02-27 13:30:00-05:00,40.697200775146484,41.459999084472656,40.697200775146484,41.25199890136719,13836,0.0,0.0
2024-02-27 14:30:00-05:00,41.275001525878906,41.88999938964844,41.275001525878906,41.869998931884766,20581,0.0,0.0
2024-02-27 15:30:00-05:00,41.78499984741211,41.970001220703125,41.650001525878906,41.650001525878906,58688,0.0,0.0
2024-02-28 09:30:00-05:00,41.47999954223633,41.9901008605957,39.59000015258789,40.439998626708984,21710,0.0,0.0
2024-02-28 10:30:00-05:00,40.5099983215332,41.17430114746094,40.5099983215332,41.17430114746094,10247,0.0,0.0
2024-02-28 11:30:00-05:00,40.95000076293945,41.25,40.41999816894531,40.593299865722656,11551,0.0,0.0
2024-02-28 12:30:00-05:00,40.4900016784668,40.78969955444336,40.22999954223633,40.310001373291016,20637,0.0,0.0
2024-02-28 13:30:00-05:00,40.375,40.38999938964844,39.7400016784668,39.95000076293945,18625,0.0,0.0
2024-02-28 14:30:00-05:00,39.91999816894531,40.58000183105469,39.820098876953125,40.20000076293945,18415,0.0,0.0
2024-02-28 15:30:00-05:00,40.279998779296875,40.339900970458984,39.91999816894531,40.0099983215332,33338,0.0,0.0
2024-02-29 09:30:00-05:00,38.94499969482422,39.04499816894531,35.525001525878906,38.654998779296875,73087,0.0,0.0
2024-02-29 10:30:00-05:00,38.93000030517578,39.47999954223633,38.93000030517578,39.209999084472656,15229,0.0,0.0
2024-02-29 11:30:00-05:00,39.17499923706055,40.0,39.11000061035156,40.0,15881,0.0,0.0
2024-02-29 12:30:00-05:00,40.2400016784668,40.720001220703125,39.959999084472656,40.14500045776367,11588,0.0,0.0
2024-02-29 13:30:00-05:00,40.0,40.15999984741211,36.709999084472656,36.90999984741211,39439,0.0,0.0
2024-02-29 14:30:00-05:00,36.76499938964844,37.17210006713867,35.38010025024414,35.83000183105469,74073,0.0,0.0
2024-02-29 15:30:00-05:00,35.83000183105469,35.875,34.26499938964844,35.04999923706055,108706,0.0,0.0
2024-03-01 09:30:00-05:00,34.970001220703125,36.150001525878906,34.75,36.150001525878906,22298,0.0,0.0
2024-03-01 10:30:00-05:00,36.290000915527344,36.290000915527344,34.86000061035156,35.09280014038086,36559,0.0,0.0
2024-03-01 11:30:00-05:00,35.34000015258789,35.8849983215332,34.5900993347168,35.2400016784668,35220,0.0,0.0
2024-03-01 12:30:00-05:00,35.32389831542969,35.560001373291016,34.86000061035156,34.86000061035156,10638,0.0,0.0
2024-03-01 13:30:00-05:00,34.95000076293945,35.24250030517578,34.66999816894531,34.66999816894531,14065,0.0,0.0
2024-03-01 14:30:00-05:00,34.619998931884766,35.45000076293945,34.4900016784668,34.83000183105469,28534,0.0,0.0
2024-03-01 15:30:00-05:00,34.869998931884766,35.400001525878906,34.375,35.150001525878906,45112,0.0,0.0
2024-03-04 09:30:00-05:00,35.529998779296875,35.529998779296875,33.880001068115234,34.02000045776367,26619,0.0,0.0
2024-03-04 10:30:00-05:00,34.220001220703125,34.4900016784668,34.18000030517578,34.18000030517578,0,0.0,0.0
2024-03-04 11:30:00-05:00,34.099998474121094,34.099998474121094,33.93000030517578,34.04999923706055,4268,0.0,0.0
2024-03-04 12:30:00-05:00,34.06999969482422,34.09000015258789,33.439998626708984,33.54499816894531,12945,0.0,0.0
2024-03-04 13:30:00-05:00,33.5099983215332,33.779998779296875,33.459999084472656,33.599998474121094,5088,0.0,0.0
2024-03-04 14:30:00-05:00,33.43000030517578,34.04999923706055,33.43000030517578,33.709999084472656,10585,0.0,0.0
2024-03-04 15:30:00-05:00,33.72999954223633,33.93000030517578,33.27000045776367,33.810001373291016,77340,0.0,0.0
2024-03-05 09:30:00-05:00,33.34000015258789,34.0,33.0099983215332,33.2400016784668,15929,0.0,0.0
2024-03-05 10:30:00-05:00,33.20000076293945,33.5099983215332,33.09000015258789,33.5099983215332,18510,0.0,0.0
2024-03-05 11:30:00-05:00,33.23500061035156,33.529998779296875,32.874698638916016,33.33000183105469,0,0.0,0.0
2024-03-05 12:30:00-05:00,33.25,33.25,33.025001525878906,33.025001525878906,4826,0.0,0.0
2024-03-05 13:30:00-05:00,33.04999923706055,33.33000183105469,32.529998779296875,33.220001220703125,15787,0.0,0.0
2024-03-05 14:30:00-05:00,32.97999954223633,33.040000915527344,32.650001525878906,32.88999938964844,6388,0.0,0.0
2024-03-05 15:30:00-05:00,32.93000030517578,33.04999923706055,32.40999984741211,32.459999084472656,60943,0.0,0.0
2024-03-06 09:30:00-05:00,33.20000076293945,33.20000076293945,31.829999923706055,32.130001068115234,10657,0.0,0.0
2024-03-06 10:30:00-05:00,32.130001068115234,32.540000915527344,31.559999465942383,32.220001220703125,28302,0.0,0.0
2024-03-06 11:30:00-05:00,32.459999084472656,33.25,32.185001373291016,32.849998474121094,26680,0.0,0.0
2024-03-06 12:30:00-05:00,33.04990005493164,33.04990005493164,32.5099983215332,32.65999984741211,7406,0.0,0.0
2024-03-06 13:30:00-05:00,32.54999923706055,33.15999984741211,32.52000045776367,32.970001220703125,6580,0.0,0.0
2024-03-06 14:30:00-05:00,32.9900016784668,33.2599983215332,32.59000015258789,32.63999938964844,6939,0.0,0.0
2024-03-06 15:30:00-05:00,32.6531982421875,32.6531982421875,31.97599983215332,32.09000015258789,55242,0.0,0.0
2024-03-07 09:30:00-05:00,32.5,32.5,31.75,31.979999542236328,7828,0.0,0.0
2024-03-07 10:30:00-05:00,32.0,32.492698669433594,32.0,32.1150016784668,7809,0.0,0.0
2024-03-07 11:30:00-05:00,32.2150993347168,32.244998931884766,31.729999542236328,31.799999237060547,15839,0.0,0.0
2024-03-07 12:30:00-05:00,31.81999969482422,31.81999969482422,31.260000228881836,31.391199111938477,24981,0.0,0.0
2024-03-07 13:30:00-05:00,31.43000030517578,31.5,30.610000610351562,30.729999542236328,32533,0.0,0.0
2024-03-07 14:30:00-05:00,30.920000076293945,31.100000381469727,30.6299991607666,30.864999771118164,29771,0.0,0.0
2024-03-07 15:30:00-05:00,30.864999771118164,30.969999313354492,30.360000610351562,30.540000915527344,30051,0.0,0.0
2024-03-08 09:30:00-05:00,31.0,31.79159927368164,30.969999313354492,31.18000030517578,25121,0.0,0.0
2024-03-08 10:30:00-05:00,31.1299991607666,31.165000915527344,30.649999618530273,30.84000015258789,22199,0.0,0.0
2024-03-08 11:30:00-05:00,30.815000534057617,31.0,30.670000076293945,30.825000762939453,17731,0.0,0.0
2024-03-08 12:30:00-05:00,31.0,31.0,30.6299991607666,30.729999542236328,13623,0.0,0.0
2024-03-08 13:30:00-05:00,30.739999771118164,31.09000015258789,30.56999969482422,30.639999389648438,18684,0.0,0.0
2024-03-08 14:30:00-05:00,30.670000076293945,30.899999618530273,30.530000686645508,30.600000381469727,13138,0.0,0.0
2024-03-08 15:30:00-05:00,30.56999969482422,30.860000610351562,30.559999465942383,30.860000610351562,51788,0.0,0.0
2024-03-11 09:30:00-04:00,30.6299991607666,30.93000030517578,30.010000228881836,30.920000076293945,51004,0.0,0.0
2024-03-11 10:30:00-04:00,30.93000030517578,31.09000015258789,30.739999771118164,30.940000534057617,18355,0.0,0.0
2024-03-11 11:30:00-04:00,30.989999771118164,31.084999084472656,30.84000015258789,30.84000015258789,7978,0.0,0.0
2024-03-11 12:30:00-04:00,30.959999084472656,31.469999313354492,30.959999084472656,31.280000686645508,12797,0.0,0.0
2024-03-11 13:30:00-04:00,31.1427001953125,31.38010025024414,31.010000228881836,31.325000762939453,11646,0.0,0.0
2024-03-11 14:30:00-04:00,31.329999923706055,31.362499237060547,30.8700008392334,30.8799991607666,14012,0.0,0.0
2024-03-11 15:30:00-04:00,30.75,31.0,30.739999771118164,30.770000457763672,32285,0.0,0.0
2024-03-12 09:30:00-04:00,30.84000015258789,30.940000534057617,30.318599700927734,30.545000076293945,23630,0.0,0.0
2024-03-12 10:30:00-04:00,30.610000610351562,31.242599487304688,30.610000610351562,30.84000015258789,21262,0.0,0.0
2024-03-12 11:30:00-04:00,30.739999771118164,31.020000457763672,30.56999969482422,30.780000686645508,13354,0.0,0.0
2024-03-12 12:30:00-04:00,30.760000228881836,31.010000228881836,30.760000228881836,30.84000015258789,17889,0.0,0.0
2024-03-12 13:30:00-04:00,30.899999618530273,30.954999923706055,30.764999389648438,30.809999465942383,9273,0.0,0.0
2024-03-12 14:30:00-04:00,30.770000457763672,31.030000686645508,30.700000762939453,31.0,19889,0.0,0.0
2024-03-12 15:30:00-04:00,31.0,31.020000457763672,30.739999771118164,30.760000228881836,19133,0.0,0.0
2024-03-13 09:30:00-04:00,30.5,30.7549991607666,30.010000228881836,30.5,13730,0.0,0.0
2024-03-13 10:30:00-04:00,30.445999145507812,30.579999923706055,30.229999542236328,30.489999771118164,24433,0.0,0.0
2024-03-13 11:30:00-04:00,30.5,30.670000076293945,30.25,30.649999618530273,16227,0.0,0.0
2024-03-13 12:30:00-04:00,30.479999542236328,30.530000686645508,30.22010040283203,30.427400588989258,5019,0.0,0.0
2024-03-13 13:30:00-04:00,30.305099487304688,30.440000534057617,30.239999771118164,30.440000534057617,13820,0.0,0.0
2024-03-13 14:30:00-04:00,30.440000534057617,30.530000686645508,30.25,30.295000076293945,22205,0.0,0.0
2024-03-13 15:30:00-04:00,30.329999923706055,30.530000686645508,30.25,30.530000686645508,17241,0.0,0.0
2024-03-14 09:30:00-04:00,30.639999389648438,30.639999389648438,29.229999542236328,29.25,42642,0.0,0.0
2024-03-14 10:30:00-04:00,29.329999923706055,29.385000228881836,28.65999984741211,28.65999984741211,32248,0.0,0.0
2024-03-14 11:30:00-04:00,28.59000015258789,28.760000228881836,27.96500015258789,27.97170066833496,32234,0.0,0.0
2024-03-14 12:30:00-04:00,28.1200008392334,28.290000915527344,27.639999389648438,27.88249969482422,23065,0.0,0.0
2024-03-14 13:30:00-04:00,27.8799991607666,28.100000381469727,27.68000030517578,27.700000762939453,23778,0.0,0.0
2024-03-14 14:30:00-04:00,27.764999389648438,27.809999465942383,27.020000457763672,27.469999313354492,29101,0.0,0.0
2024-03-14 15:30:00-04:00,27.329999923706055,27.670000076293945,27.139999389648438,27.59000015258789,35025,0.0,0.0
2024-03-15 09:30:00-04:00,27.209999084472656,27.979999542236328,27.123899459838867,27.65999984741211,34944,0.0,0.0
2024-03-15 10:30:00-04:00,27.67169952392578,28.1200008392334,27.610000610351562,28.1200008392334,9491,0.0,0.0
2024-03-15 11:30:00-04:00,28.239999771118164,28.239999771118164,27.020000457763672,27.020000457763672,22499,0.0,0.0
2024-03-15 12:30:00-04:00,27.045000076293945,27.045000076293945,26.780099868774414,26.950000762939453,19402,0.0,0.0
2024-03-15 13:30:00-04:00,26.954999923706055,27.200000762939453,26.950000762939453,27.040000915527344,38170,0.0,0.0
2024-03-15 14:30:00-04:00,27.03499984741211,27.155000686645508,26.87179946899414,26.87179946899414,18272,0.0,0.0
2024-03-15 15:30:00-04:00,26.870100021362305,27.299999237060547,26.829999923706055,26.829999923706055,90605,0.0,0.0
2024-03-18 09:30:00-04:00,27.010000228881836,27.15999984741211,26.299999237060547,27.15999984741211,11723,0.0,0.0
2024-03-18 10:30:00-04:00,27.18000030517578,27.43470001220703,27.01959991455078,27.43470001220703,17741,0.0,0.0
2024-03-18 11:30:00-04:00,27.3799991607666,28.100000381469727,27.3799991607666,27.989999771118164,19350,0.0,0.0
2024-03-18 12:30:00-04:00,28.009899139404297,28.170000076293945,27.520000457763672,27.75,23123,0.0,0.0
2024-03-18 13:30:00-04:00,27.65999984741211,27.825000762939453,27.540000915527344,27.579999923706055,10990,0.0,0.0
2024-03-18 14:30:00-04:00,27.53499984741211,27.53499984741211,27.260000228881836,27.31999969482422,12911,0.0,0.0
2024-03-18 15:30:00-04:00,27.31999969482422,27.354999542236328,27.07229995727539,27.229999542236328,23624,0.0,0.0
2024-03-19 09:30:00-04:00,27.06999969482422,27.56999969482422,27.0,27.25,17066,0.0,0.0
2024-03-19 10:30:00-04:00,27.290000915527344,27.790000915527344,27.234899520874023,27.65999984741211,18082,0.0,0.0
2024-03-19 11:30:00-04:00,27.809999465942383,28.0,27.649999618530273,27.935699462890625,12915,0.0,0.0
2024-03-19 12:30:00-04:00,27.950000762939453,28.114999771118164,27.75,27.8799991607666,21846,0.0,0.0
2024-03-19 13:30:00-04:00,28.019699096679688,28.019699096679688,27.739999771118164,27.90850067138672,9588,0.0,0.0
2024-03-19 14:30:00-04:00,27.760000228881836,27.889999389648438,27.440000534057617,27.440000534057617,22004,0.0,0.0
2024-03-19 15:30:00-04:00,27.59000015258789,27.65999984741211,27.3700008392334,27.600000381469727,28934,0.0,0.0
2024-03-20 09:30:00-04:00,27.360000610351562,28.356000900268555,27.200000762939453,28.024999618530273,42553,0.0,0.0
2024-03-20 10:30:00-04:00,28.16990089416504,28.440000534057617,27.700000762939453,27.90999984741211,31101,0.0,0.0
2024-03-20 11:30:00-04:00,28.029399871826172,28.170000076293945,27.996599197387695,28.014999389648438,14380,0.0,0.0
2024-03-20 12:30:00-04:00,28.014999389648438,28.15999984741211,27.940000534057617,27.940000534057617,11160,0.0,0.0
2024-03-20 13:30:00-04:00,28.059999465942383,28.790000915527344,27.850000381469727,28.260000228881836,36315,0.0,0.0
2024-03-20 14:30:00-04:00,28.47260093688965,28.75,28.1299991607666,28.670000076293945,32284,0.0,0.0
2024-03-20 15:30:00-04:00,28.719999313354492,28.823999404907227,28.450000762939453,28.600000381469727,20937,0.0,0.0
2024-03-21 09:30:00-04:00,28.799999237060547,29.024999618530273,27.829500198364258,27.84000015258789,29175,0.0,0.0
2024-03-21 10:30:00-04:00,27.850000381469727,28.049999237060547,27.350000381469727,27.469999313354492,18893,0.0,0.0
2024-03-21 11:30:00-04:00,27.450000762939453,27.510000228881836,27.13010025024414,27.450000762939453,23970,0.0,0.0
2024-03-21 12:30:00-04:00,27.547500610351562,27.690000534057617,27.389999389648438,27.4950008392334,16573,0.0,0.0
2024-03-21 13:30:00-04:00,27.649999618530273,27.963199615478516,27.399999618530273,27.399999618530273,19910,0.0,0.0
2024-03-21 14:30:00-04:00,27.709999084472656,27.718599319458008,27.489999771118164,27.489999771118164,8960,0.0,0.0
2024-03-21 15:30:00-04:00,27.450000762939453,27.549999237060547,27.290000915527344,27.3700008392334,31257,0.0,0.0
2024-03-22 09:30:00-04:00,27.020000457763672,27.260000228881836,26.514999389648438,26.559999465942383,26196,0.0,0.0
2024-03-22 10:30:00-04:00,26.59749984741211,26.920000076293945,26.424999237060547,26.719999313354492,12673,0.0,0.0
2024-03-22 11:30:00-04:00,26.65999984741211,27.190000534057617,26.520000457763672,27.190000534057617,15700,0.0,0.0
2024-03-22 12:30:00-04:00,27.229999542236328,28.0,27.200000762939453,27.46500015258789,53371,0.0,0.0
2024-03-22 13:30:00-04:00,27.450000762939453,27.940000534057617,27.450000762939453,27.8700008392334,16615,0.0,0.0
2024-03-22 14:30:00-04:00,27.909000396728516,28.399999618530273,27.75,27.7549991607666,37748,0.0,0.0
2024-03-22 15:30:00-04:00,27.75,27.780000686645508,27.4950008392334,27.540000915527344,19204,0.0,0.0
2024-03-25 09:30:00-04:00,27.639999389648438,27.639999389648438,26.959999084472656,27.010000228881836,12365,0.0,0.0
2024-03-25 10:30:00-04:00,27.190000534057617,27.260000228881836,26.719999313354492,27.225000381469727,20133,0.0,0.0
2024-03-25 11:30:00-04:00,27.155000686645508,27.189899444580078,26.80500030517578,27.022499084472656,11918,0.0,0.0
2024-03-25 12:30:00-04:00,27.1200008392334,27.15999984741211,27.02899932861328,27.079999923706055,3775,0.0,0.0
2024-03-25 13:30:00-04:00,26.979999542236328,27.030000686645508,26.610000610351562,26.704999923706055,11516,0.0,0.0
2024-03-25 14:30:00-04:00,26.68000030517578,26.829999923706055,26.510000228881836,26.770000457763672,8832,0.0,0.0
2024-03-25 15:30:00-04:00,26.780000686645508,26.90999984741211,26.684999465942383,26.90999984741211,32022,0.0,0.0
2024-03-26 09:30:00-04:00,27.360000610351562,28.34000015258789,26.889999389648438,27.440000534057617,12511,0.0,0.0
2024-03-26 10:30:00-04:00,27.020000457763672,27.1200008392334,27.0,27.000099182128906,16003,0.0,0.0
2024-03-26 11:30:00-04:00,27.030000686645508,27.440000534057617,27.010000228881836,27.270000457763672,5406,0.0,0.0
2024-03-26 12:30:00-04:00,27.299999237060547,27.450000762939453,27.239999771118164,27.3125,9407,0.0,0.0
2024-03-26 13:30:00-04:00,27.280000686645508,27.290000915527344,27.239999771118164,27.270000457763672,3457,0.0,0.0
2024-03-26 14:30:00-04:00,27.329999923706055,27.329999923706055,27.1200008392334,27.1200008392334,9287,0.0,0.0
2024-03-26 15:30:00-04:00,27.010000228881836,27.190000534057617,26.93000030517578,27.190000534057617,21921,0.0,0.0
2024-03-27 09:30:00-04:00,27.31999969482422,27.600000381469727,26.719999313354492,26.979999542236328,20825,0.0,0.0
2024-03-27 10:30:00-04:00,26.860000610351562,27.1299991607666,26.860000610351562,27.030000686645508,15717,0.0,0.0
2024-03-27 11:30:00-04:00,27.030000686645508,27.110000610351562,26.780000686645508,27.03499984741211,18632,0.0,0.0
2024-03-27 12:30:00-04:00,27.040000915527344,27.209999084472656,26.84000015258789,26.90999984741211,13681,0.0,0.0
2024-03-27 13:30:00-04:00,26.799999237060547,26.979900360107422,26.799999237060547,26.979900360107422,4890,0.0,0.0
2024-03-27 14:30:00-04:00,26.920000076293945,27.049999237060547,26.760000228881836,26.940000534057617,13582,0.0,0.0
2024-03-27 15:30:00-04:00,26.8700008392334,27.110000610351562,26.860000610351562,27.110000610351562,17303,0.0,0.0
2024-03-28 09:30:00-04:00,27.06999969482422,27.231700897216797,27.020000457763672,27.145000457763672,6754,0.0,0.0
2024-03-28 10:30:00-04:00,27.139999389648438,27.149999618530273,26.989999771118164,27.110000610351562,13931,0.0,0.0
2024-03-28 11:30:00-04:00,27.09000015258789,27.270000457763672,26.989999771118164,26.989999771118164,9310,0.0,0.0
2024-03-28 12:30:00-04:00,27.030000686645508,27.030000686645508,26.7549991607666,26.93000030517578,10817,0.0,0.0
2024-03-28 13:30:00-04:00,27.0,27.040000915527344,26.670000076293945,26.809999465942383,23591,0.0,0.0
2024-03-28 14:30:00-04:00,26.799999237060547,27.010000228881836,26.799999237060547,26.850000381469727,10164,0.0,0.0
2024-03-28 15:30:00-04:00,26.84000015258789,27.184999465942383,26.719999313354492,27.18000030517578,38768,0.0,0.0
2024-04-01 09:30:00-04:00,27.100000381469727,27.1200008392334,26.610000610351562,26.920000076293945,27168,0.0,0.0
2024-04-01 10:30:00-04:00,27.040000915527344,27.145000457763672,26.780000686645508,26.989999771118164,12633,0.0,0.0
2024-04-01 11:30:00-04:00,27.014999389648438,27.059999465942383,26.920000076293945,26.920000076293945,12125,0.0,0.0
2024-04-01 12:30:00-04:00,26.9596004486084,27.0,26.360000610351562,26.424999237060547,30047,0.0,0.0
2024-04-01 13:30:00-04:00,26.450000762939453,26.600000381469727,26.43000030517578,26.434999465942383,9938,0.0,0.0
2024-04-01 14:30:00-04:00,26.459999084472656,26.559999465942383,26.4325008392334,26.530000686645508,9969,0.0,0.0
2024-04-01 15:30:00-04:00,26.520000457763672,26.610000610351562,26.450000762939453,26.610000610351562,14598,0.0,0.0
2024-04-02 09:30:00-04:00,26.15999984741211,26.389999389648438,25.655000686645508,26.212499618530273,16849,0.0,0.0
2024-04-02 10:30:00-04:00,26.29640007019043,26.29640007019043,25.799999237060547,25.959999084472656,11355,0.0,0.0
2024-04-02 11:30:00-04:00,25.959999084472656,25.959999084472656,25.530000686645508,25.681900024414062,11875,0.0,0.0
2024-04-02 12:30:00-04:00,25.549999237060547,25.899999618530273,25.540000915527344,25.8799991607666,7517,0.0,0.0
2024-04-02 13:30:00-04:00,25.78499984741211,25.850000381469727,25.739999771118164,25.840900421142578,5129,0.0,0.0
2024-04-02 14:30:00-04:00,25.6200008392334,25.75,25.360000610351562,25.56999969482422,14660,0.0,0.0
2024-04-02 15:30:00-04:00,25.56999969482422,26.020000457763672,25.540000915527344,25.899999618530273,25089,0.0,0.0
2024-04-03 09:30:00-04:00,25.75,26.440000534057617,25.75,26.329999923706055,35271,0.0,0.0
2024-04-03 10:30:00-04:00,26.350000381469727,26.40999984741211,26.26930046081543,26.30500030517578,4430,0.0,0.0
2024-04-03 11:30:00-04:00,26.260000228881836,26.260000228881836,25.899999618530273,26.030000686645508,24377,0.0,0.0
2024-04-03 12:30:00-04:00,26.110000610351562,26.540000915527344,26.084999084472656,26.440000534057617,23860,0.0,0.0
2024-04-03 13:30:00-04:00,26.540000915527344,26.540000915527344,26.235000610351562,26.260000228881836,24754,0.0,0.0
2024-04-03 14:30:00-04:00,26.200000762939453,26.200000762939453,25.899999618530273,25.920000076293945,27039,0.0,0.0
2024-04-03 15:30:00-04:00,25.920000076293945,26.149999618530273,25.899999618530273,26.049999237060547,43127,0.0,0.0
2024-04-04 09:30:00-04:00,26.420000076293945,26.420000076293945,25.719999313354492,25.90999984741211,14608,0.0,0.0
2024-04-04 10:30:00-04:00,25.954999923706055,26.072500228881836,25.719999313354492,25.920000076293945,34310,0.0,0.0
2024-04-04 11:30:00-04:00,25.885000228881836,26.030000686645508,25.780000686645508,25.899999618530273,37186,0.0,0.0
2024-04-04 12:30:00-04:00,25.915000915527344,25.915000915527344,25.579999923706055,25.579999923706055,10057,0.0,0.0
2024-04-04 13:30:00-04:00,25.649900436401367,25.65999984741211,25.40999984741211,25.40999984741211,15332,0.0,0.0
2024-04-04 14:30:00-04:00,25.360000610351562,25.56999969482422,25.11009979248047,25.139999389648438,22316,0.0,0.0
2024-04-04 15:30:00-04:00,25.079999923706055,25.139999389648438,24.690000534057617,24.739999771118164,41369,0.0,0.0
2024-04-05 09:30:00-04:00,24.5,24.68000030517578,24.3700008392334,24.43000030517578,11904,0.0,0.0
2024-04-05 10:30:00-04:00,24.250099182128906,24.449899673461914,24.049999237060547,24.049999237060547,14692,0.0,0.0
2024-04-05 11:30:00-04:00,24.059999465942383,24.100000381469727,23.90999984741211,24.020000457763672,9997,0.0,0.0
2024-04-05 12:30:00-04:00,23.940000534057617,24.809999465942383,23.84000015258789,24.7549991607666,40099,0.0,0.0
2024-04-05 13:30:00-04:00,24.799999237060547,24.985000610351562,24.540000915527344,24.700000762939453,20896,0.0,0.0
2024-04-05 14:30:00-04:00,24.6299991607666,24.920000076293945,24.610000610351562,24.65999984741211,36114,0.0,0.0
2024-04-05 15:30:00-04:00,24.729999542236328,24.729999542236328,24.440000534057617,24.440000534057617,26830,0.0,0.0
2024-04-08 09:30:00-04:00,24.68000030517578,24.739999771118164,24.280000686645508,24.520000457763672,15198,0.0,0.0
2024-04-08 10:30:00-04:00,24.524999618530273,24.834999084472656,24.450000762939453,24.809999465942383,11605,0.0,0.0
2024-04-08 11:30:00-04:00,24.80500030517578,24.829999923706055,24.649999618530273,24.829999923706055,10115,0.0,0.0
2024-04-08 12:30:00-04:00,24.790000915527344,24.8700008392334,24.690000534057617,24.690000534057617,7388,0.0,0.0
2024-04-08 13:30:00-04:00,24.7189998626709,24.78499984741211,24.68000030517578,24.760000228881836,5853,0.0,0.0
2024-04-08 14:30:00-04:00,24.704999923706055,24.760000228881836,24.614999771118164,24.700000762939453,10785,0.0,0.0
2024-04-08 15:30:00-04:00,24.700000762939453,24.770000457763672,24.56999969482422,24.670000076293945,22213,0.0,0.0
2024-04-09 09:30:00-04:00,24.739999771118164,24.739999771118164,24.299999237060547,24.350000381469727,8567,0.0,0.0
2024-04-09 10:30:00-04:00,24.209999084472656,24.350000381469727,24.06999969482422,24.06999969482422,25474,0.0,0.0
2024-04-09 11:30:00-04:00,24.10260009765625,24.219999313354492,24.049999237060547,24.219999313354492,9486,0.0,0.0
2024-04-09 12:30:00-04:00,24.099599838256836,24.149999618530273,23.968000411987305,24.049999237060547,12761,0.0,0.0
2024-04-09 13:30:00-04:00,24.110000610351562,24.229999542236328,24.110000610351562,24.155000686645508,9971,0.0,0.0
2024-04-09 14:30:00-04:00,24.155000686645508,24.229999542236328,24.020000457763672,24.1200008392334,9385,0.0,0.0
2024-04-09 15:30:00-04:00,24.127599716186523,24.149999618530273,24.059999465942383,24.100000381469727,17035,0.0,0.0
2024-04-10 09:30:00-04:00,23.5,23.940200805664062,23.110599517822266,23.920000076293945,27552,0.0,0.0
2024-04-10 10:30:00-04:00,24.040000915527344,24.149999618530273,23.70009994506836,23.850000381469727,15585,0.0,0.0
2024-04-10 11:30:00-04:00,23.75,23.75,23.469999313354492,23.610000610351562,12247,0.0,0.0
2024-04-10 12:30:00-04:00,23.614999771118164,23.90999984741211,23.610000610351562,23.809999465942383,13944,0.0,0.0
2024-04-10 13:30:00-04:00,23.834999084472656,23.8700008392334,23.631399154663086,23.780000686645508,18657,0.0,0.0
2024-04-10 14:30:00-04:00,23.770000457763672,24.110000610351562,23.739999771118164,23.8700008392334,13228,0.0,0.0
2024-04-10 15:30:00-04:00,23.84000015258789,23.895000457763672,23.68000030517578,23.780000686645508,34425,0.0,0.0
2024-04-11 09:30:00-04:00,23.889999389648438,24.350000381469727,23.889999389648438,24.16629981994629,8999,0.0,0.0
2024-04-11 10:30:00-04:00,24.239999771118164,24.502199172973633,23.989999771118164,24.18000030517578,16852,0.0,0.0
2024-04-11 11:30:00-04:00,24.239999771118164,24.308000564575195,24.170000076293945,24.279399871826172,4471,0.0,0.0
2024-04-11 12:30:00-04:00,24.172199249267578,24.309999465942383,24.172199249267578,24.309999465942383,5853,0.0,0.0
2024-04-11 13:30:00-04:00,24.270000457763672,24.489999771118164,24.270000457763672,24.489999771118164,4116,0.0,0.0
2024-04-11 14:30:00-04:00,24.450000762939453,24.489999771118164,24.229999542236328,24.243999481201172,8843,0.0,0.0
2024-04-11 15:30:00-04:00,24.230100631713867,24.270000457763672,24.149999618530273,24.149999618530273,14863,0.0,0.0
2024-04-12 09:30:00-04:00,23.899999618530273,24.075000762939453,23.579999923706055,23.763900756835938,15398,0.0,0.0
2024-04-12 10:30:00-04:00,23.709999084472656,23.93000030517578,23.6299991607666,23.889999389648438,12965,0.0,0.0
2024-04-12 11:30:00-04:00,23.920000076293945,24.0049991607666,23.709999084472656,23.84000015258789,9854,0.0,0.0
2024-04-12 12:30:00-04:00,23.827499389648438,23.84000015258789,23.730100631713867,23.790000915527344,9279,0.0,0.0
2024-04-12 13:30:00-04:00,23.75,23.750099182128906,23.549999237060547,23.559999465942383,15365,0.0,0.0
2024-04-12 14:30:00-04:00,23.450000762939453,23.450000762939453,23.299999237060547,23.299999237060547,7043,0.0,0.0
2024-04-12 15:30:00-04:00,23.30500030517578,23.639999389648438,23.260000228881836,23.399999618530273,19959,0.0,0.0
2024-04-15 09:30:00-04:00,23.469999313354492,23.469999313354492,22.75,23.010000228881836,58378,0.0,0.0
2024-04-15 10:30:00-04:00,23.06999969482422,23.09000015258789,22.780000686645508,22.889999389648438,23113,0.0,0.0
2024-04-15 11:30:00-04:00,22.950000762939453,23.010000228881836,22.920000076293945,22.934999465942383,13803,0.0,0.0
2024-04-15 12:30:00-04:00,22.88050079345703,22.934999465942383,22.764999389648438,22.854999542236328,6566,0.0,0.0
2024-04-15 13:30:00-04:00,22.780000686645508,22.920000076293945,22.75,22.920000076293945,11871,0.0,0.0
2024-04-15 14:30:00-04:00,22.8700008392334,23.049999237060547,22.829999923706055,22.979999542236328,13830,0.0,0.0
2024-04-15 15:30:00-04:00,22.989999771118164,23.09000015258789,22.860000610351562,22.920000076293945,21717,0.0,0.0
2024-04-16 09:30:00-04:00,22.6200008392334,23.06999969482422,22.40999984741211,22.860000610351562,27198,0.0,0.0
2024-04-16 10:30:00-04:00,22.864999771118164,23.079999923706055,22.760000228881836,23.020000457763672,16257,0.0,0.0
2024-04-16 11:30:00-04:00,22.95009994506836,23.211200714111328,22.95009994506836,23.040000915527344,24004,0.0,0.0
2024-04-16 12:30:00-04:00,23.0,23.15999984741211,23.0,23.100000381469727,7564,0.0,0.0
2024-04-16 13:30:00-04:00,23.06999969482422,23.510000228881836,22.899999618530273,23.28499984741211,27562,0.0,0.0
2024-04-16 14:30:00-04:00,23.274999618530273,23.274999618530273,22.899999618530273,23.1200008392334,43955,0.0,0.0
2024-04-16 15:30:00-04:00,23.149999618530273,23.200000762939453,22.899999618530273,22.940000534057617,50131,0.0,0.0
2024-04-17 09:30:00-04:00,23.0,23.125,22.729999542236328,22.75,10054,0.0,0.0
2024-04-17 10:30:00-04:00,22.719999313354492,22.93000030517578,22.62689971923828,22.790000915527344,21971,0.0,0.0
2024-04-17 11:30:00-04:00,22.709999084472656,22.729999542236328,22.459999084472656,22.540000915527344,25263,0.0,0.0
2024-04-17 12:30:00-04:00,22.579999923706055,22.74250030517578,22.459999084472656,22.68000030517578,13898,0.0,0.0
2024-04-17 13:30:00-04:00,22.68000030517578,22.760000228881836,22.600000381469727,22.645000457763672,10816,0.0,0.0
2024-04-17 14:30:00-04:00,22.645000457763672,22.899999618530273,22.610000610351562,22.68000030517578,16219,0.0,0.0
2024-04-17 15:30:00-04:00,22.670000076293945,22.729999542236328,22.59000015258789,22.610000610351562,24659,0.0,0.0
2024-04-18 09:30:00-04:00,22.59000015258789,22.82979965209961,22.5,22.770000457763672,12457,0.0,0.0
2024-04-18 10:30:00-04:00,22.770000457763672,23.0,22.764999389648438,22.860000610351562,12544,0.0,0.0
2024-04-18 11:30:00-04:00,22.835899353027344,22.959999084472656,22.835899353027344,22.915000915527344,3134,0.0,0.0
2024-04-18 12:30:00-04:00,22.86009979248047,23.049999237060547,22.86009979248047,22.940000534057617,17065,0.0,0.0
2024-04-18 13:30:00-04:00,22.934999465942383,22.950000762939453,22.829999923706055,22.829999923706055,18519,0.0,0.0
2024-04-18 14:30:00-04:00,22.81999969482422,23.049999237060547,22.780000686645508,22.959999084472656,24685,0.0,0.0
2024-04-18 15:30:00-04:00,22.979999542236328,23.059999465942383,22.940000534057617,23.0,37161,0.0,0.0
2024-04-19 09:30:00-04:00,22.81999969482422,23.1299991607666,22.81999969482422,22.829999923706055,39980,0.0,0.0
2024-04-19 10:30:00-04:00,22.829999923706055,22.915000915527344,22.65999984741211,22.770000457763672,28097,0.0,0.0
2024-04-19 11:30:00-04:00,22.767000198364258,22.8799991607666,22.645000457763672,22.649999618530273,10856,0.0,0.0
2024-04-19 12:30:00-04:00,22.655000686645508,22.860000610351562,22.655000686645508,22.739999771118164,6624,0.0,0.0
2024-04-19 13:30:00-04:00,22.770000457763672,22.799999237060547,22.600000381469727,22.645000457763672,9527,0.0,0.0
2024-04-19 14:30:00-04:00,22.6299991607666,22.770000457763672,22.540000915527344,22.65999984741211,26979,0.0,0.0
2024-04-19 15:30:00-04:00,22.56999969482422,22.639999389648438,22.42009925842285,22.540000915527344,21584,0.0,0.0
2024-04-22 09:30:00-04:00,22.649999618530273,22.649999618530273,22.149999618530273,22.34000015258789,30130,0.0,0.0
2024-04-22 10:30:00-04:00,22.399999618530273,22.59000015258789,22.084999084472656,22.229999542236328,29084,0.0,0.0
2024-04-22 11:30:00-04:00,22.239999771118164,22.299999237060547,22.190000534057617,22.190000534057617,9144,0.0,0.0
2024-04-22 12:30:00-04:00,22.184999465942383,22.510000228881836,22.170000076293945,22.510000228881836,20440,0.0,0.0
2024-04-22 13:30:00-04:00,22.450000762939453,22.920000076293945,22.395000457763672,22.584999084472656,57302,0.0,0.0
2024-04-22 14:30:00-04:00,22.59000015258789,22.639999389648438,22.389999389648438,22.549999237060547,39016,0.0,0.0
2024-04-22 15:30:00-04:00,22.579999923706055,22.709999084472656,22.489999771118164,22.600000381469727,47138,0.0,0.0
2024-04-23 09:30:00-04:00,22.56999969482422,23.139999389648438,22.5393009185791,22.979999542236328,39860,0.0,0.0
2024-04-23 10:30:00-04:00,22.950000762939453,22.95599937438965,22.59000015258789,22.674999237060547,15478,0.0,0.0
2024-04-23 11:30:00-04:00,22.770000457763672,22.770000457763672,22.648300170898438,22.65999984741211,6959,0.0,0.0
2024-04-23 12:30:00-04:00,22.639999389648438,22.716999053955078,22.462200164794922,22.56999969482422,19017,0.0,0.0
2024-04-23 13:30:00-04:00,22.55500030517578,22.56999969482422,22.469999313354492,22.549999237060547,10747,0.0,0.0
2024-04-23 14:30:00-04:00,22.510000228881836,22.677000045776367,22.329999923706055,22.391000747680664,36277,0.0,0.0
2024-04-23 15:30:00-04:00,22.389999389648438,22.405000686645508,22.15999984741211,22.200000762939453,36900,0.0,0.0
2024-04-24 09:30:00-04:00,22.219999313354492,23.1200008392334,22.219999313354492,22.690000534057617,36961,0.0,0.0
2024-04-24 10:30:00-04:00,22.700000762939453,22.700000762939453,22.489999771118164,22.55500030517578,14505,0.0,0.0
2024-04-24 11:30:00-04:00,22.510000228881836,22.59000015258789,22.469999313354492,22.59000015258789,10950,0.0,0.0
2024-04-24 12:30:00-04:00,22.645000457763672,22.65999984741211,22.600000381469727,22.6299991607666,8195,0.0,0.0
2024-04-24 13:30:00-04:00,22.670000076293945,22.670000076293945,22.329999923706055,22.389999389648438,21326,0.0,0.0
2024-04-24 14:30:00-04:00,22.280000686645508,22.299999237060547,22.06999969482422,22.200000762939453,40428,0.0,0.0
2024-04-24 15:30:00-04:00,22.170000076293945,22.31999969482422,22.15999984741211,22.209999084472656,26296,0.0,0.0
2024-04-25 09:30:00-04:00,21.969999313354492,22.0,21.5,21.90999984741211,15125,0.0,0.0
2024-04-25 10:30:00-04:00,21.94300079345703,21.989999771118164,21.709999084472656,21.809999465942383,16391,0.0,0.0
2024-04-25 11:30:00-04:00,21.739999771118164,21.739999771118164,21.649999618530273,21.649999618530273,6700,0.0,0.0
2024-04-25 12:30:00-04:00,21.729999542236328,21.75,21.59000015258789,21.635000228881836,10764,0.0,0.0
2024-04-25 13:30:00-04:00,21.689699172973633,21.719900131225586,21.549999237060547,21.600000381469727,12406,0.0,0.0
2024-04-25 14:30:00-04:00,21.530000686645508,21.75,21.530000686645508,21.6299991607666,13221,0.0,0.0
2024-04-25 15:30:00-04:00,21.56999969482422,21.604999542236328,21.450000762939453,21.479999542236328,23346,0.0,0.0
2024-04-26 09:30:00-04:00,21.559999465942383,21.950000762939453,21.350000381469727,21.889999389648438,10797,0.0,0.0
2024-04-26 10:30:00-04:00,21.8700008392334,22.100000381469727,21.829999923706055,22.100000381469727,9732,0.0,0.0
2024-04-26 11:30:00-04:00,22.190000534057617,22.5,21.920000076293945,22.229999542236328,57516,0.0,0.0
2024-04-26 12:30:00-04:00,22.280000686645508,22.629899978637695,22.075000762939453,22.09000015258789,33730,0.0,0.0
2024-04-26 13:30:00-04:00,22.170000076293945,22.3700008392334,22.110000610351562,22.25,20318,0.0,0.0
2024-04-26 14:30:00-04:00,22.229999542236328,22.5,22.18000030517578,22.475000381469727,19137,0.0,0.0
2024-04-26 15:30:00-04:00,22.5,22.5049991607666,22.329999923706055,22.389999389648438,26365,0.0,0.0
2024-04-29 09:30:00-04:00,22.389999389648438,22.584999084472656,22.389999389648438,22.469999313354492,8481,0.0,0.0
2024-04-29 10:30:00-04:00,22.5049991607666,22.5049991607666,22.104999542236328,22.209999084472656,10777,0.0,0.0
2024-04-29 11:30:00-04:00,22.079999923706055,22.11039924621582,21.934999465942383,22.037900924682617,11094,0.0,0.0
2024-04-29 12:30:00-04:00,22.079999923706055,22.350000381469727,22.040000915527344,22.350000381469727,7626,0.0,0.0
2024-04-29 13:30:00-04:00,22.43000030517578,22.43000030517578,22.079999923706055,22.170000076293945,7658,0.0,0.0
2024-04-29 14:30:00-04:00,22.1299991607666,22.1299991607666,21.7450008392334,21.93000030517578,14635,0.0,0.0
2024-04-29 15:30:00-04:00,21.93000030517578,22.049999237060547,21.770000457763672,21.770000457763672,28929,0.0,0.0
2024-04-30 09:30:00-04:00,21.600000381469727,22.03499984741211,21.489999771118164,21.84000015258789,12292,0.0,0.0
2024-04-30 10:30:00-04:00,21.84000015258789,21.8799991607666,21.69499969482422,21.739999771118164,6907,0.0,0.0
2024-04-30 11:30:00-04:00,21.739999771118164,21.790000915527344,21.454999923706055,21.479999542236328,11229,0.0,0.0
2024-04-30 12:30:00-04:00,21.3799991607666,21.6299991607666,21.3799991607666,21.540000915527344,30152,0.0,0.0
2024-04-30 13:30:00-04:00,21.6200008392334,21.739999771118164,21.547199249267578,21.719999313354492,15738,0.0,0.0
2024-04-30 14:30:00-04:00,21.684999465942383,21.78499984741211,21.260000228881836,21.450000762939453,18470,0.0,0.0
2024-04-30 15:30:00-04:00,21.4950008392334,21.600000381469727,21.139999389648438,21.139999389648438,62932,0.0,0.0
2024-05-01 09:30:00-04:00,21.31999969482422,22.440000534057617,21.0,21.514999389648438,24592,0.0,0.0
2024-05-01 10:30:00-04:00,21.57900047302246,21.764999389648438,21.5049991607666,21.6200008392334,13983,0.0,0.0
2024-05-01 11:30:00-04:00,21.625,21.719999313354492,21.51919937133789,21.719999313354492,11170,0.0,0.0
2024-05-01 12:30:00-04:00,21.719999313354492,21.780000686645508,21.551000595092773,21.639999389648438,9777,0.0,0.0
2024-05-01 13:30:00-04:00,21.65880012512207,22.139999389648438,21.6200008392334,22.075000762939453,13536,0.0,0.0
2024-05-01 14:30:00-04:00,22.034000396728516,22.639999389648438,21.890100479125977,22.260000228881836,33676,0.0,0.0
2024-05-01 15:30:00-04:00,22.170000076293945,22.219999313354492,21.790000915527344,21.809999465942383,35746,0.0,0.0
2024-05-02 09:30:00-04:00,21.899999618530273,22.0,21.700000762939453,21.829999923706055,15843,0.0,0.0
2024-05-02 10:30:00-04:00,21.760099411010742,21.82990074157715,21.65999984741211,21.65999984741211,6608,0.0,0.0
2024-05-02 11:30:00-04:00,21.790000915527344,22.190000534057617,21.729999542236328,22.059999465942383,18225,0.0,0.0
2024-05-02 12:30:00-04:00,22.040000915527344,22.114999771118164,22.010000228881836,22.079999923706055,4849,0.0,0.0
2024-05-02 13:30:00-04:00,22.0,22.15999984741211,22.0,22.049999237060547,8441,0.0,0.0
2024-05-02 14:30:00-04:00,22.010000228881836,22.568300247192383,22.0,22.510000228881836,37454,0.0,0.0
2024-05-02 15:30:00-04:00,22.489999771118164,22.639999389648438,22.450000762939453,22.610000610351562,60727,0.0,0.0
2024-05-03 09:30:00-04:00,24.079999923706055,25.7450008392334,24.020000457763672,24.729999542236328,76814,0.0,0.0
2024-05-03 10:30:00-04:00,24.729999542236328,25.040000915527344,23.700000762939453,24.045000076293945,57795,0.0,0.0
2024-05-03 11:30:00-04:00,24.229999542236328,24.25,23.799999237060547,24.0,36327,0.0,0.0
2024-05-03 12:30:00-04:00,24.049999237060547,24.049999237060547,22.719999313354492,22.850000381469727,65169,0.0,0.0
2024-05-03 13:30:00-04:00,22.834999084472656,23.424999237060547,22.770000457763672,22.90999984741211,32956,0.0,0.0
2024-05-03 14:30:00-04:00,22.940000534057617,23.0,22.549999237060547,22.809999465942383,29737,0.0,0.0
2024-05-03 15:30:00-04:00,22.84000015258789,23.049999237060547,22.709999084472656,22.81999969482422,58903,0.0,0.0
2024-05-06 09:30:00-04:00,23.010000228881836,23.100000381469727,22.579999923706055,22.952499389648438,35345,0.0,0.0
2024-05-06 10:30:00-04:00,22.94499969482422,23.180999755859375,22.809999465942383,23.1200008392334,27487,0.0,0.0
2024-05-06 11:30:00-04:00,23.1299991607666,23.299999237060547,22.5,22.59000015258789,27950,0.0,0.0
2024-05-06 12:30:00-04:00,22.604999542236328,22.895000457763672,22.489999771118164,22.895000457763672,25209,0.0,0.0
2024-05-06 13:30:00-04:00,22.889999389648438,23.03499984741211,22.639999389648438,22.795000076293945,32060,0.0,0.0
2024-05-06 14:30:00-04:00,22.90999984741211,23.0049991607666,22.649999618530273,22.649999618530273,24810,0.0,0.0
2024-05-06 15:30:00-04:00,22.690000534057617,23.079999923706055,22.6200008392334,23.0,46085,0.0,0.0
2024-05-07 09:30:00-04:00,22.940000534057617,23.200000762939453,22.812000274658203,22.84000015258789,25743,0.0,0.0
2024-05-07 10:30:00-04:00,22.88909912109375,23.04949951171875,22.815000534057617,22.920000076293945,10341,0.0,0.0
2024-05-07 11:30:00-04:00,22.989999771118164,23.2450008392334,22.899999618530273,23.049999237060547,34746,0.0,0.0
2024-05-07 12:30:00-04:00,23.03499984741211,23.329999923706055,22.920000076293945,22.978300094604492,30634,0.0,0.0
2024-05-07 13:30:00-04:00,23.0049991607666,23.099899291992188,22.81999969482422,23.010000228881836,30593,0.0,0.0
2024-05-07 14:30:00-04:00,22.959999084472656,23.020000457763672,22.854900360107422,22.969999313354492,13335,0.0,0.0
2024-05-07 15:30:00-04:00,22.895000457763672,22.969999313354492,22.860000610351562,22.940000534057617,14875,0.0,0.0
2024-05-08 09:30:00-04:00,22.299999237060547,22.579999923706055,22.239999771118164,22.354999542236328,22815,0.0,0.0
2024-05-08 10:30:00-04:00,22.43000030517578,22.55500030517578,22.295000076293945,22.549999237060547,10983,0.0,0.0
2024-05-08 11:30:00-04:00,22.610000610351562,22.780000686645508,22.55500030517578,22.780000686645508,7928,0.0,0.0
2024-05-08 12:30:00-04:00,22.809999465942383,22.82979965209961,22.59000015258789,22.6200008392334,10050,0.0,0.0
2024-05-08 13:30:00-04:00,22.6200008392334,22.719999313354492,22.6200008392334,22.674999237060547,5150,0.0,0.0
2024-05-08 14:30:00-04:00,22.729999542236328,22.729999542236328,22.389999389648438,22.459999084472656,22427,0.0,0.0
2024-05-08 15:30:00-04:00,22.424999237060547,22.540000915527344,22.364999771118164,22.510000228881836,25214,0.0,0.0
2024-05-09 09:30:00-04:00,22.399999618530273,22.999900817871094,22.399999618530273,22.756799697875977,12389,0.0,0.0
2024-05-09 10:30:00-04:00,22.78499984741211,23.100000381469727,22.78499984741211,23.03499984741211,33532,0.0,0.0
2024-05-09 11:30:00-04:00,23.040000915527344,23.5,23.040000915527344,23.325000762939453,31024,0.0,0.0
2024-05-09 12:30:00-04:00,23.290000915527344,23.315000534057617,23.0,23.239999771118164,31269,0.0,0.0
2024-05-09 13:30:00-04:00,23.260499954223633,23.389999389648438,23.020000457763672,23.020000457763672,13567,0.0,0.0
2024-05-09 14:30:00-04:00,23.06999969482422,23.079999923706055,22.979999542236328,23.030000686645508,20477,0.0,0.0
2024-05-09 15:30:00-04:00,23.020000457763672,23.139999389648438,22.950000762939453,23.0,31379,0.0,0.0
2024-05-10 09:30:00-04:00,22.979999542236328,23.139999389648438,22.820499420166016,22.905000686645508,22275,0.0,0.0
2024-05-10 10:30:00-04:00,22.954999923706055,23.059999465942383,22.75,22.809999465942383,8941,0.0,0.0
2024-05-10 11:30:00-04:00,22.729999542236328,23.0,22.59000015258789,22.999900817871094,13178,0.0,0.0
2024-05-10 12:30:00-04:00,22.950000762939453,23.100000381469727,22.889999389648438,22.889999389648438,17990,0.0,0.0
2024-05-10 13:30:00-04:00,22.927000045776367,22.989999771118164,22.860000610351562,22.940000534057617,8296,0.0,0.0
2024-05-10 14:30:00-04:00,22.860000610351562,23.100000381469727,22.860000610351562,23.059999465942383,20801,0.0,0.0
2024-05-10 15:30:00-04:00,22.989999771118164,23.030000686645508,22.940000534057617,22.990999221801758,22591,0.0,0.0
2024-05-13 09:30:00-04:00,23.190000534057617,23.875200271606445,23.190000534057617,23.700000762939453,6882,0.0,0.0
2024-05-13 10:30:00-04:00,23.739999771118164,24.260000228881836,23.739999771118164,24.239999771118164,20155,0.0,0.0
2024-05-13 11:30:00-04:00,24.209999084472656,24.43000030517578,24.06999969482422,24.158899307250977,18407,0.0,0.0
2024-05-13 12:30:00-04:00,24.15999984741211,24.25,24.09000015258789,24.18000030517578,10654,0.0,0.0
2024-05-13 13:30:00-04:00,24.104999542236328,24.1200008392334,23.799999237060547,23.885000228881836,24454,0.0,0.0
2024-05-13 14:30:00-04:00,23.90999984741211,24.128999710083008,23.71500015258789,23.8799991607666,28976,0.0,0.0
2024-05-13 15:30:00-04:00,23.81999969482422,24.040000915527344,23.8075008392334,23.979999542236328,16600,0.0,0.0
2024-05-14 09:30:00-04:00,24.25,25.309999465942383,24.25,25.280000686645508,27561,0.0,0.0
2024-05-14 10:30:00-04:00,25.31999969482422,25.760000228881836,25.260000228881836,25.5,27383,0.0,0.0
2024-05-14 11:30:00-04:00,25.5,25.729999542236328,25.020000457763672,25.020000457763672,27009,0.0,0.0
2024-05-14 12:30:00-04:00,25.170000076293945,25.360000610351562,24.790000915527344,25.09000015258789,21230,0.0,0.0
2024-05-14 13:30:00-04:00,25.114999771118164,25.18000030517578,24.8799991607666,25.139999389648438,12797,0.0,0.0
2024-05-14 14:30:00-04:00,25.110000610351562,25.389999389648438,24.770000457763672,25.270000457763672,43528,0.0,0.0
2024-05-14 15:30:00-04:00,25.274999618530273,25.40999984741211,25.06100082397461,25.149999618530273,43714,0.0,0.0
2024-05-15 09:30:00-04:00,25.479999542236328,25.479999542236328,25.076099395751953,25.170000076293945,14715,0.0,0.0
2024-05-15 10:30:00-04:00,25.170000076293945,25.604999542236328,25.170000076293945,25.399999618530273,22731,0.0,0.0
2024-05-15 11:30:00-04:00,25.399999618530273,25.6200008392334,25.399999618530273,25.6200008392334,6858,0.0,0.0
2024-05-15 12:30:00-04:00,25.649999618530273,25.860000610351562,25.6200008392334,25.760000228881836,10902,0.0,0.0
2024-05-15 13:30:00-04:00,25.700000762939453,25.700000762939453,25.559999465942383,25.658899307250977,6434,0.0,0.0
2024-05-15 14:30:00-04:00,25.56999969482422,25.56999969482422,25.360000610351562,25.43000030517578,16856,0.0,0.0
2024-05-15 15:30:00-04:00,25.34000015258789,25.469999313354492,25.299999237060547,25.360000610351562,19264,0.0,0.0
2024-05-16 09:30:00-04:00,25.440000534057617,25.7450008392334,24.829999923706055,24.979999542236328,12530,0.0,0.0
2024-05-16 10:30:00-04:00,24.920000076293945,25.079999923706055,24.790000915527344,24.975000381469727,13327,0.0,0.0
2024-05-16 11:30:00-04:00,24.964599609375,25.075000762939453,24.850000381469727,24.915000915527344,9312,0.0,0.0
2024-05-16 12:30:00-04:00,24.989999771118164,25.329999923706055,24.90999984741211,25.25,31331,0.0,0.0
2024-05-16 13:30:00-04:00,25.209999084472656,25.260000228881836,25.0,25.059999465942383,24747,0.0,0.0
2024-05-16 14:30:00-04:00,25.170000076293945,25.229999542236328,25.1200008392334,25.209999084472656,10472,0.0,0.0
2024-05-16 15:30:00-04:00,25.190000534057617,25.209999084472656,24.920000076293945,24.920000076293945,26364,0.0,0.0
2024-05-17 09:30:00-04:00,25.030000686645508,25.030000686645508,24.614999771118164,24.8799991607666,19908,0.0,0.0
2024-05-17 10:30:00-04:00,24.85099983215332,25.100000381469727,24.799999237060547,25.079999923706055,5284,0.0,0.0
2024-05-17 11:30:00-04:00,25.040000915527344,25.209999084472656,24.959999084472656,25.15999984741211,9192,0.0,0.0
2024-05-17 12:30:00-04:00,25.110000610351562,25.110000610351562,24.889999389648438,25.010000228881836,12436,0.0,0.0
2024-05-17 13:30:00-04:00,24.950000762939453,25.059900283813477,24.950000762939453,24.989900588989258,6462,0.0,0.0
2024-05-17 14:30:00-04:00,25.020000457763672,25.229999542236328,25.020000457763672,25.208200454711914,14124,0.0,0.0
2024-05-17 15:30:00-04:00,25.1200008392334,25.209999084472656,25.040000915527344,25.204999923706055,16680,0.0,0.0
2024-05-20 09:30:00-04:00,25.15999984741211,25.420000076293945,24.959999084472656,25.13010025024414,14938,0.0,0.0
2024-05-20 10:30:00-04:00,25.229999542236328,25.6200008392334,25.229999542236328,25.6200008392334,8692,0.0,0.0
2024-05-20 11:30:00-04:00,25.559999465942383,25.59000015258789,25.530000686645508,25.530000686645508,4553,0.0,0.0
2024-05-20 12:30:00-04:00,25.59000015258789,25.68000030517578,25.520000457763672,25.614999771118164,7829,0.0,0.0
2024-05-20 13:30:00-04:00,25.600000381469727,25.860000610351562,25.59000015258789,25.860000610351562,9775,0.0,0.0
2024-05-20 14:30:00-04:00,25.8700008392334,25.90999984741211,25.700000762939453,25.770000457763672,24477,0.0,0.0
2024-05-20 15:30:00-04:00,25.75,26.100000381469727,25.6200008392334,26.049999237060547,27462,0.0,0.0
2024-05-21 09:30:00-04:00,25.940000534057617,26.059999465942383,25.557899475097656,25.959999084472656,26126,0.0,0.0
2024-05-21 10:30:00-04:00,25.93000030517578,26.350000381469727,25.93000030517578,26.350000381469727,13528,0.0,0.0
2024-05-21 11:30:00-04:00,26.40999984741211,26.639999389648438,26.31999969482422,26.635000228881836,28322,0.0,0.0
2024-05-21 12:30:00-04:00,26.610000610351562,26.81999969482422,26.420000076293945,26.770000457763672,28695,0.0,0.0
2024-05-21 13:30:00-04:00,26.780000686645508,26.989999771118164,26.770000457763672,26.979999542236328,13725,0.0,0.0
2024-05-21 14:30:00-04:00,26.959999084472656,26.969999313354492,26.239999771118164,26.3799991607666,34692,0.0,0.0
2024-05-21 15:30:00-04:00,26.299999237060547,26.469999313354492,26.299999237060547,26.3799991607666,28816,0.0,0.0
2024-05-22 09:30:00-04:00,26.15999984741211,26.43000030517578,25.885000228881836,26.06999969482422,11219,0.0,0.0
2024-05-22 10:30:00-04:00,26.093000411987305,26.325000762939453,26.010000228881836,26.325000762939453,6056,0.0,0.0
2024-05-22 11:30:00-04:00,26.34000015258789,26.690000534057617,26.299999237060547,26.690000534057617,8791,0.0,0.0
2024-05-22 12:30:00-04:00,26.704999923706055,26.93000030517578,26.670000076293945,26.8799991607666,15014,0.0,0.0
2024-05-22 13:30:00-04:00,26.864999771118164,26.864999771118164,26.479999542236328,26.532699584960938,15033,0.0,0.0
2024-05-22 14:30:00-04:00,26.489999771118164,26.719999313354492,26.489999771118164,26.645000457763672,12782,0.0,0.0
2024-05-22 15:30:00-04:00,26.690000534057617,26.920000076293945,26.670000076293945,26.8799991607666,21328,0.0,0.0
2024-05-23 09:30:00-04:00,27.0,27.09000015258789,26.350000381469727,26.405000686645508,30870,0.0,0.0
2024-05-23 10:30:00-04:00,26.475000381469727,26.93000030517578,26.459999084472656,26.829999923706055,6440,0.0,0.0
2024-05-23 11:30:00-04:00,26.899999618530273,26.969999313354492,26.78499984741211,26.940000534057617,10068,0.0,0.0
2024-05-23 12:30:00-04:00,26.934999465942383,27.06999969482422,26.829999923706055,27.06999969482422,10970,0.0,0.0
2024-05-23 13:30:00-04:00,26.940000534057617,26.940000534057617,26.385000228881836,26.459999084472656,11249,0.0,0.0
2024-05-23 14:30:00-04:00,26.469999313354492,26.510000228881836,26.27389907836914,26.469999313354492,13121,0.0,0.0
2024-05-23 15:30:00-04:00,26.5,26.780000686645508,26.5,26.780000686645508,22049,0.0,0.0
2024-05-24 09:30:00-04:00,26.84000015258789,27.559999465942383,26.6200008392334,27.559999465942383,22331,0.0,0.0
2024-05-24 10:30:00-04:00,27.474000930786133,27.75,27.200000762939453,27.549999237060547,34665,0.0,0.0
2024-05-24 11:30:00-04:00,27.601200103759766,27.63520050048828,27.15999984741211,27.215700149536133,15991,0.0,0.0
2024-05-24 12:30:00-04:00,27.219999313354492,27.280000686645508,26.90999984741211,27.030000686645508,29039,0.0,0.0
2024-05-24 13:30:00-04:00,27.0,27.0,26.719999313354492,26.860000610351562,20769,0.0,0.0
2024-05-24 14:30:00-04:00,26.860000610351562,26.898700714111328,26.75,26.809999465942383,20157,0.0,0.0
2024-05-24 15:30:00-04:00,26.815000534057617,27.09000015258789,26.75,27.06999969482422,32679,0.0,0.0
2024-05-28 09:30:00-04:00,27.18000030517578,27.18000030517578,26.610000610351562,27.030000686645508,14289,0.0,0.0
2024-05-28 10:30:00-04:00,27.069000244140625,27.239999771118164,26.979999542236328,27.040000915527344,5343,0.0,0.0
2024-05-28 11:30:00-04:00,27.059999465942383,27.329999923706055,27.059999465942383,27.30500030517578,14009,0.0,0.0
2024-05-28 12:30:00-04:00,27.332000732421875,27.579999923706055,27.200000762939453,27.260000228881836,12825,0.0,0.0
2024-05-28 13:30:00-04:00,27.239999771118164,27.399999618530273,27.200000762939453,27.209999084472656,10934,0.0,0.0
2024-05-28 14:30:00-04:00,27.18000030517578,27.280000686645508,27.06999969482422,27.125,27644,0.0,0.0
2024-05-28 15:30:00-04:00,27.125,27.229999542236328,27.11039924621582,27.170000076293945,29385,0.0,0.0
2024-05-29 09:30:00-04:00,26.600000381469727,26.90999984741211,26.510000228881836,26.90999984741211,17924,0.0,0.0
2024-05-29 10:30:00-04:00,26.81999969482422,26.936199188232422,26.579999923706055,26.93000030517578,26214,0.0,0.0
2024-05-29 11:30:00-04:00,26.899999618530273,26.979999542236328,26.729999542236328,26.821800231933594,6096,0.0,0.0
2024-05-29 12:30:00-04:00,26.770999908447266,26.850000381469727,26.717500686645508,26.850000381469727,14578,0.0,0.0
2024-05-29 13:30:00-04:00,26.858800888061523,26.951400756835938,26.858800888061523,26.915000915527344,8500,0.0,0.0
2024-05-29 14:30:00-04:00,26.850000381469727,26.850000381469727,26.579999923706055,26.694299697875977,23265,0.0,0.0
2024-05-29 15:30:00-04:00,26.610000610351562,26.780000686645508,26.600000381469727,26.69499969482422,27322,0.0,0.0
2024-05-30 09:30:00-04:00,26.770000457763672,26.889999389648438,26.375,26.40999984741211,11470,0.0,0.0
2024-05-30 10:30:00-04:00,26.43199920654297,26.739999771118164,26.299999237060547,26.739999771118164,8085,0.0,0.0
2024-05-30 11:30:00-04:00,26.8700008392334,26.8700008392334,26.81999969482422,26.81999969482422,2174,0.0,0.0
2024-05-30 12:30:00-04:00,26.799999237060547,26.809999465942383,26.730100631713867,26.730100631713867,3287,0.0,0.0
2024-05-30 13:30:00-04:00,26.799999237060547,26.81999969482422,26.65999984741211,26.790000915527344,11683,0.0,0.0
2024-05-30 14:30:00-04:00,26.799999237060547,26.809999465942383,26.594999313354492,26.594999313354492,13984,0.0,0.0
2024-05-30 15:30:00-04:00,26.584999084472656,26.59000015258789,26.186599731445312,26.43000030517578,40181,0.0,0.0
2024-05-31 09:30:00-04:00,26.610000610351562,27.389999389648438,26.575000762939453,26.809999465942383,14301,0.0,0.0
2024-05-31 10:30:00-04:00,26.770000457763672,26.860000610351562,26.5,26.5,15849,0.0,0.0
2024-05-31 11:30:00-04:00,26.469999313354492,26.530000686645508,26.020000457763672,26.1299991607666,14464,0.0,0.0
2024-05-31 12:30:00-04:00,26.149999618530273,26.469999313354492,26.149999618530273,26.399999618530273,13722,0.0,0.0
2024-05-31 13:30:00-04:00,26.350000381469727,26.649999618530273,26.299999237060547,26.639999389648438,22683,0.0,0.0
2024-05-31 14:30:00-04:00,26.639999389648438,26.809999465942383,26.510000228881836,26.809999465942383,14727,0.0,0.0
2024-05-31 15:30:00-04:00,26.78499984741211,26.989999771118164,26.68000030517578,26.860000610351562,32357,0.0,0.0
2024-06-03 09:30:00-04:00,26.989999771118164,27.121000289916992,26.705400466918945,27.010000228881836,9487,0.0,0.0
2024-06-03 10:30:00-04:00,26.915000915527344,26.979999542236328,26.770000457763672,26.912799835205078,5528,0.0,0.0
2024-06-03 11:30:00-04:00,26.84000015258789,26.889999389648438,26.6299991607666,26.6299991607666,4393,0.0,0.0
2024-06-03 12:30:00-04:00,26.6299991607666,27.1299991607666,26.620100021362305,27.1299991607666,10145,0.0,0.0
2024-06-03 13:30:00-04:00,27.209999084472656,27.6299991607666,27.200000762939453,27.559999465942383,32444,0.0,0.0
2024-06-03 14:30:00-04:00,27.600000381469727,28.014999389648438,27.540700912475586,27.899999618530273,34526,0.0,0.0
2024-06-03 15:30:00-04:00,27.829999923706055,27.96660041809082,27.670799255371094,27.860000610351562,30109,0.0,0.0
2024-06-04 09:30:00-04:00,27.700000762939453,27.860000610351562,27.415000915527344,27.75,8762,0.0,0.0
2024-06-04 10:30:00-04:00,27.66699981689453,27.66699981689453,27.260000228881836,27.600000381469727,13334,0.0,0.0
2024-06-04 11:30:00-04:00,27.559999465942383,27.729999542236328,27.484399795532227,27.709999084472656,6975,0.0,0.0
2024-06-04 12:30:00-04:00,27.655000686645508,27.850000381469727,27.655000686645508,27.84000015258789,8080,0.0,0.0
2024-06-04 13:30:00-04:00,27.850000381469727,28.03499984741211,27.850000381469727,28.03499984741211,9473,0.0,0.0
2024-06-04 14:30:00-04:00,28.040000915527344,28.100000381469727,27.71500015258789,27.81999969482422,24460,0.0,0.0
2024-06-04 15:30:00-04:00,27.799999237060547,28.110000610351562,27.770000457763672,28.100000381469727,24724,0.0,0.0
2024-06-05 09:30:00-04:00,28.270000457763672,28.559999465942383,27.780000686645508,28.3700008392334,14335,0.0,0.0
2024-06-05 10:30:00-04:00,28.43000030517578,29.09000015258789,28.344999313354492,28.8700008392334,13053,0.0,0.0
2024-06-05 11:30:00-04:00,28.809999465942383,29.270000457763672,28.809999465942383,29.229999542236328,22818,0.0,0.0
2024-06-05 12:30:00-04:00,29.229999542236328,29.420000076293945,28.8799991607666,28.93000030517578,13862,0.0,0.0
2024-06-05 13:30:00-04:00,28.920000076293945,29.622800827026367,28.8799991607666,29.510000228881836,46272,0.0,0.0
2024-06-05 14:30:00-04:00,29.510000228881836,29.510000228881836,29.020000457763672,29.09000015258789,24647,0.0,0.0
2024-06-05 15:30:00-04:00,29.049999237060547,29.299999237060547,28.81999969482422,29.190000534057617,32297,0.0,0.0
2024-06-06 09:30:00-04:00,28.979999542236328,29.15999984741211,28.8700008392334,29.15999984741211,3111,0.0,0.0
2024-06-06 10:30:00-04:00,29.0310001373291,29.461000442504883,29.0310001373291,29.44099998474121,10307,0.0,0.0
2024-06-06 11:30:00-04:00,29.329999923706055,29.409500122070312,29.110000610351562,29.170000076293945,9842,0.0,0.0
2024-06-06 12:30:00-04:00,29.239999771118164,29.34000015258789,29.200000762939453,29.280000686645508,7364,0.0,0.0
2024-06-06 13:30:00-04:00,29.5,29.700000762939453,29.149999618530273,29.209999084472656,29139,0.0,0.0
2024-06-06 14:30:00-04:00,29.229999542236328,29.479999542236328,29.229999542236328,29.360000610351562,15050,0.0,0.0
2024-06-06 15:30:00-04:00,29.309999465942383,29.43950080871582,29.25,29.3700008392334,16261,0.0,0.0
2024-06-07 09:30:00-04:00,28.6200008392334,29.530000686645508,28.280000686645508,29.117799758911133,63582,0.0,0.0
2024-06-07 10:30:00-04:00,28.958999633789062,28.958999633789062,28.5,28.6299991607666,8299,0.0,0.0
2024-06-07 11:30:00-04:00,28.6299991607666,28.75,28.614999771118164,28.68000030517578,8232,0.0,0.0
2024-06-07 12:30:00-04:00,28.6299991607666,28.6299991607666,28.010000228881836,28.209999084472656,24183,0.0,0.0
2024-06-07 13:30:00-04:00,28.229999542236328,28.360000610351562,28.010000228881836,28.34000015258789,16912,0.0,0.0
2024-06-07 14:30:00-04:00,28.280000686645508,28.450000762939453,28.110000610351562,28.239999771118164,9228,0.0,0.0
2024-06-07 15:30:00-04:00,28.211000442504883,28.43000030517578,28.1299991607666,28.18000030517578,16825,0.0,0.0
2024-06-10 09:30:00-04:00,28.0,28.799999237060547,28.0,28.68000030517578,11181,0.0,0.0
2024-06-10 10:30:00-04:00,28.760000228881836,29.049999237060547,28.729999542236328,28.8700008392334,9091,0.0,0.0
2024-06-10 11:30:00-04:00,29.010000228881836,29.010000228881836,28.850000381469727,28.969999313354492,5750,0.0,0.0
2024-06-10 12:30:00-04:00,29.030000686645508,29.030000686645508,28.637500762939453,28.655000686645508,6742,0.0,0.0
2024-06-10 13:30:00-04:00,28.639999389648438,28.84000015258789,28.610000610351562,28.670000076293945,8574,0.0,0.0
2024-06-10 14:30:00-04:00,28.6200008392334,29.07900047302246,28.610000610351562,28.899999618530273,23219,0.0,0.0
2024-06-10 15:30:00-04:00,28.8799991607666,29.030000686645508,28.8700008392334,28.950000762939453,14001,0.0,0.0
2024-06-11 09:30:00-04:00,28.530000686645508,28.549999237060547,28.09000015258789,28.280000686645508,22251,0.0,0.0
2024-06-11 10:30:00-04:00,28.3799991607666,28.639999389648438,28.3799991607666,28.639999389648438,4344,0.0,0.0
2024-06-11 11:30:00-04:00,28.559999465942383,28.719999313354492,28.469999313354492,28.709999084472656,5771,0.0,0.0
2024-06-11 12:30:00-04:00,28.719999313354492,28.719999313354492,28.3799991607666,28.489999771118164,6766,0.0,0.0
2024-06-11 13:30:00-04:00,28.501800537109375,28.501800537109375,28.3700008392334,28.43000030517578,5727,0.0,0.0
2024-06-11 14:30:00-04:00,28.530000686645508,28.610000610351562,28.3799991607666,28.610000610351562,8060,0.0,0.0
2024-06-11 15:30:00-04:00,28.649999618530273,28.8700008392334,28.459999084472656,28.549999237060547,18424,0.0,0.0
2024-06-12 09:30:00-04:00,29.450000762939453,29.56999969482422,29.09000015258789,29.15999984741211,6748,0.0,0.0
2024-06-12 10:30:00-04:00,29.020000457763672,29.270000457763672,28.950000762939453,29.270000457763672,6785,0.0,0.0
2024-06-12 11:30:00-04:00,29.260000228881836,29.344999313354492,29.149999618530273,29.149999618530273,5263,0.0,0.0
2024-06-12 12:30:00-04:00,28.854999542236328,29.09000015258789,28.809999465942383,29.09000015258789,6484,0.0,0.0
2024-06-12 13:30:00-04:00,29.010000228881836,29.030000686645508,28.700000762939453,28.739999771118164,11860,0.0,0.0
2024-06-12 14:30:00-04:00,28.56999969482422,28.68000030517578,28.25,28.25,11115,0.0,0.0
2024-06-12 15:30:00-04:00,28.200000762939453,28.450000762939453,28.200000762939453,28.299999237060547,20816,0.0,0.0
2024-06-13 09:30:00-04:00,28.200000762939453,28.809999465942383,28.200000762939453,28.639999389648438,11200,0.0,0.0
2024-06-13 10:30:00-04:00,28.610000610351562,28.68000030517578,28.520000457763672,28.6299991607666,12444,0.0,0.0
2024-06-13 11:30:00-04:00,28.55150032043457,28.68000030517578,27.860000610351562,27.860000610351562,12430,0.0,0.0
2024-06-13 12:30:00-04:00,27.829999923706055,28.059999465942383,27.829999923706055,27.969999313354492,10380,0.0,0.0
2024-06-13 13:30:00-04:00,27.829999923706055,28.030000686645508,27.829999923706055,28.0,7227,0.0,0.0
2024-06-13 14:30:00-04:00,27.940000534057617,28.155000686645508,27.8700008392334,28.155000686645508,12389,0.0,0.0
2024-06-13 15:30:00-04:00,28.1200008392334,28.170000076293945,27.93000030517578,28.010000228881836,22691,0.0,0.0
2024-06-14 09:30:00-04:00,27.81999969482422,27.81999969482422,27.300100326538086,27.31999969482422,9740,0.0,0.0
2024-06-14 10:30:00-04:00,27.30229949951172,27.40999984741211,27.260000228881836,27.290000915527344,5479,0.0,0.0
2024-06-14 11:30:00-04:00,27.184999465942383,27.184999465942383,27.0,27.059999465942383,6185,0.0,0.0
2024-06-14 12:30:00-04:00,27.360000610351562,27.360000610351562,27.31999969482422,27.352399826049805,2373,0.0,0.0
2024-06-14 13:30:00-04:00,27.389999389648438,27.450000762939453,27.229999542236328,27.229999542236328,5101,0.0,0.0
2024-06-14 14:30:00-04:00,27.200000762939453,27.299999237060547,27.149999618530273,27.264999389648438,7418,0.0,0.0
2024-06-14 15:30:00-04:00,27.229999542236328,27.260000228881836,27.010000228881836,27.1299991607666,16576,0.0,0.0
2024-06-17 09:30:00-04:00,26.829999923706055,26.90999984741211,26.770000457763672,26.770000457763672,7611,0.0,0.0
2024-06-17 10:30:00-04:00,26.670000076293945,26.75,26.450000762939453,26.450000762939453,4584,0.0,0.0
2024-06-17 11:30:00-04:00,26.4950008392334,26.4950008392334,25.860000610351562,26.094999313354492,25587,0.0,0.0
2024-06-17 12:30:00-04:00,26.110000610351562,26.56999969482422,25.899999618530273,26.479999542236328,38389,0.0,0.0
2024-06-17 13:30:00-04:00,26.459999084472656,26.5,26.385000228881836,26.385000228881836,9795,0.0,0.0
2024-06-17 14:30:00-04:00,26.309999465942383,26.309999465942383,26.010000228881836,26.100000381469727,15191,0.0,0.0
2024-06-17 15:30:00-04:00,26.110000610351562,26.155000686645508,25.950000762939453,26.0,18799,0.0,0.0
2024-06-18 09:30:00-04:00,25.770000457763672,25.8700008392334,25.010000228881836,25.15999984741211,28102,0.0,0.0
2024-06-18 10:30:00-04:00,25.15999984741211,25.354999542236328,25.100000381469727,25.26799964904785,7484,0.0,0.0
2024-06-18 11:30:00-04:00,25.385000228881836,25.475000381469727,25.200000762939453,25.450000762939453,12300,0.0,0.0
2024-06-18 12:30:00-04:00,25.450000762939453,25.510000228881836,25.414899826049805,25.454999923706055,14685,0.0,0.0
2024-06-18 13:30:00-04:00,25.43000030517578,25.540000915527344,25.1299991607666,25.540000915527344,121546,0.0,0.0
2024-06-18 14:30:00-04:00,25.635000228881836,26.100000381469727,25.635000228881836,25.950000762939453,56390,0.0,0.0
2024-06-18 15:30:00-04:00,26.030000686645508,26.149999618530273,25.690000534057617,25.760400772094727,36611,0.0,0.0
2024-06-20 09:30:00-04:00,26.510000228881836,26.510000228881836,25.860000610351562,25.93000030517578,21227,0.0,0.0
2024-06-20 10:30:00-04:00,25.985000610351562,26.010000228881836,25.729999542236328,25.854999542236328,19565,0.0,0.0
2024-06-20 11:30:00-04:00,25.854999542236328,26.139999389648438,25.56999969482422,25.639999389648438,28039,0.0,0.0
2024-06-20 12:30:00-04:00,25.645000457763672,25.770000457763672,25.610000610351562,25.639999389648438,15461,0.0,0.0
2024-06-20 13:30:00-04:00,25.663999557495117,25.770000457763672,25.489999771118164,25.530000686645508,15425,0.0,0.0
2024-06-20 14:30:00-04:00,25.56999969482422,25.65999984741211,25.200000762939453,25.440000534057617,112754,0.0,0.0
2024-06-20 15:30:00-04:00,25.5,25.5,25.200000762939453,25.239999771118164,36358,0.0,0.0
2024-06-21 09:30:00-04:00,25.219999313354492,26.469999313354492,25.049999237060547,25.280000686645508,37939,0.0,0.0
2024-06-21 10:30:00-04:00,25.200000762939453,25.790000915527344,25.200000762939453,25.779699325561523,14030,0.0,0.0
2024-06-21 11:30:00-04:00,25.860000610351562,25.860000610351562,25.579999923706055,25.84000015258789,6334,0.0,0.0
2024-06-21 12:30:00-04:00,25.860000610351562,26.084999084472656,25.860000610351562,25.954999923706055,6317,0.0,0.0
2024-06-21 13:30:00-04:00,25.924999237060547,26.020000457763672,25.774999618530273,26.0,7031,0.0,0.0
2024-06-21 14:30:00-04:00,26.0049991607666,26.020000457763672,25.889999389648438,25.899999618530273,6653,0.0,0.0
2024-06-21 15:30:00-04:00,25.975000381469727,26.280000686645508,25.93000030517578,26.209999084472656,25961,0.0,0.0
2024-06-24 09:30:00-04:00,28.360000610351562,29.915000915527344,27.9950008392334,29.6200008392334,58149,0.0,0.0
2024-06-24 10:30:00-04:00,29.760000228881836,29.860000610351562,28.8799991607666,28.8799991607666,28378,0.0,0.0
2024-06-24 11:30:00-04:00,28.670000076293945,28.780000686645508,28.31999969482422,28.625,17552,0.0,0.0
2024-06-24 12:30:00-04:00,28.610000610351562,29.030000686645508,28.610000610351562,28.799999237060547,27511,0.0,0.0
2024-06-24 13:30:00-04:00,28.65999984741211,28.850000381469727,28.5403995513916,28.770000457763672,23423,0.0,0.0
2024-06-24 14:30:00-04:00,28.709999084472656,29.170000076293945,28.690000534057617,28.889999389648438,27793,0.0,0.0
2024-06-24 15:30:00-04:00,28.93000030517578,28.989999771118164,28.790000915527344,28.93199920654297,31895,0.0,0.0
2024-06-25 09:30:00-04:00,28.780000686645508,29.299999237060547,28.709999084472656,29.149999618530273,14907,0.0,0.0
2024-06-25 10:30:00-04:00,29.190000534057617,29.700000762939453,29.1299991607666,29.25,25458,0.0,0.0
2024-06-25 11:30:00-04:00,29.31999969482422,29.510000228881836,29.244699478149414,29.25,8564,0.0,0.0
2024-06-25 12:30:00-04:00,29.18000030517578,29.56999969482422,29.18000030517578,29.44499969482422,16503,0.0,0.0
2024-06-25 13:30:00-04:00,29.479999542236328,29.8700008392334,29.479999542236328,29.780000686645508,16600,0.0,0.0
2024-06-25 14:30:00-04:00,29.71500015258789,30.045000076293945,29.709999084472656,29.989999771118164,27500,0.0,0.0
2024-06-25 15:30:00-04:00,29.975000381469727,30.190000534057617,29.81999969482422,30.079999923706055,36372,0.0,0.0
2024-06-26 09:30:00-04:00,29.649999618530273,30.809999465942383,29.43000030517578,30.719999313354492,13234,0.0,0.0
2024-06-26 10:30:00-04:00,30.67300033569336,30.812000274658203,30.450000762939453,30.594999313354492,13691,0.0,0.0
2024-06-26 11:30:00-04:00,30.510000228881836,30.674999237060547,30.459999084472656,30.639999389648438,7446,0.0,0.0
2024-06-26 12:30:00-04:00,30.75,31.219999313354492,30.65999984741211,31.170000076293945,18989,0.0,0.0
2024-06-26 13:30:00-04:00,31.184999465942383,31.239999771118164,30.700000762939453,30.795000076293945,17239,0.0,0.0
2024-06-26 14:30:00-04:00,30.649999618530273,30.780000686645508,30.600000381469727,30.780000686645508,17286,0.0,0.0
2024-06-26 15:30:00-04:00,30.739999771118164,31.030000686645508,30.729999542236328,30.899999618530273,32458,0.0,0.0
2024-06-27 09:30:00-04:00,30.8700008392334,31.860000610351562,30.655000686645508,31.78499984741211,19672,0.0,0.0
2024-06-27 10:30:00-04:00,31.742000579833984,31.81999969482422,31.155000686645508,31.34000015258789,26273,0.0,0.0
2024-06-27 11:30:00-04:00,31.239999771118164,31.389999389648438,31.09000015258789,31.30500030517578,11419,0.0,0.0
2024-06-27 12:30:00-04:00,31.274999618530273,31.420000076293945,31.270000457763672,31.300800323486328,4414,0.0,0.0
2024-06-27 13:30:00-04:00,31.31999969482422,31.450000762939453,30.959999084472656,30.979999542236328,19710,0.0,0.0
2024-06-27 14:30:00-04:00,31.040000915527344,31.06999969482422,30.65999984741211,30.700000762939453,24148,0.0,0.0
2024-06-27 15:30:00-04:00,30.75,31.030000686645508,30.75,30.899999618530273,18057,0.0,0.0
2024-06-28 09:30:00-04:00,31.110000610351562,31.389999389648438,30.90999984741211,31.3799991607666,7676,0.0,0.0
2024-06-28 10:30:00-04:00,31.350000381469727,31.65999984741211,31.30500030517578,31.450000762939453,13023,0.0,0.0
2024-06-28 11:30:00-04:00,31.65999984741211,31.700000762939453,31.209999084472656,31.290000915527344,7001,0.0,0.0
2024-06-28 12:30:00-04:00,31.229999542236328,31.270000457763672,31.114999771118164,31.125,5998,0.0,0.0
2024-06-28 13:30:00-04:00,31.049999237060547,31.18000030517578,31.049800872802734,31.09000015258789,9479,0.0,0.0
2024-06-28 14:30:00-04:00,31.09000015258789,31.149999618530273,31.020099639892578,31.040000915527344,7741,0.0,0.0
2024-06-28 15:30:00-04:00,30.889999389648438,31.280000686645508,30.75,31.020000457763672,35017,0.0,0.0
2024-07-01 09:30:00-04:00,30.940000534057617,30.989999771118164,30.139999389648438,30.440000534057617,9003,0.0,0.0
2024-07-01 10:30:00-04:00,30.599000930786133,30.690000534057617,30.1200008392334,30.257999420166016,11317,0.0,0.0
2024-07-01 11:30:00-04:00,30.110000610351562,30.40999984741211,29.989999771118164,30.40999984741211,16287,0.0,0.0
2024-07-01 12:30:00-04:00,30.43000030517578,30.440000534057617,30.200000762939453,30.350000381469727,8049,0.0,0.0
2024-07-01 13:30:00-04:00,30.3700008392334,30.3799991607666,30.15999984741211,30.274999618530273,8386,0.0,0.0
2024-07-01 14:30:00-04:00,30.25,30.454999923706055,30.140100479125977,30.34000015258789,14161,0.0,0.0
2024-07-01 15:30:00-04:00,30.420000076293945,30.510000228881836,30.18000030517578,30.440000534057617,23094,0.0,0.0
2024-07-02 09:30:00-04:00,30.559999465942383,31.0,30.389999389648438,30.9950008392334,20043,0.0,0.0
2024-07-02 10:30:00-04:00,31.1200008392334,31.940000534057617,31.08799934387207,31.5,25749,0.0,0.0
2024-07-02 11:30:00-04:00,31.5,31.614999771118164,31.420000076293945,31.600000381469727,20606,0.0,0.0
2024-07-02 12:30:00-04:00,31.600000381469727,31.600000381469727,31.43000030517578,31.445600509643555,13204,0.0,0.0
2024-07-02 13:30:00-04:00,31.350000381469727,31.399999618530273,31.15999984741211,31.389999389648438,13144,0.0,0.0
2024-07-02 14:30:00-04:00,31.385000228881836,31.459999084472656,31.149999618530273,31.399999618530273,12780,0.0,0.0
2024-07-02 15:30:00-04:00,31.459999084472656,31.530000686645508,31.260000228881836,31.43000030517578,22643,0.0,0.0
2024-07-03 09:30:00-04:00,31.299999237060547,31.459999084472656,30.969999313354492,31.229999542236328,21138,0.0,0.0
2024-07-03 10:30:00-04:00,31.214000701904297,31.329999923706055,30.93000030517578,30.93000030517578,13847,0.0,0.0
2024-07-03 11:30:00-04:00,30.809999465942383,30.93000030517578,30.739999771118164,30.780000686645508,36218,0.0,0.0
2024-07-05 09:30:00-04:00,30.3799991607666,30.639999389648438,30.260000228881836,30.43000030517578,8895,0.0,0.0
2024-07-05 10:30:00-04:00,30.4060001373291,30.719999313354492,30.378999710083008,30.610000610351562,6918,0.0,0.0
2024-07-05 11:30:00-04:00,30.690000534057617,30.8799991607666,30.360000610351562,30.8799991607666,22570,0.0,0.0
2024-07-05 12:30:00-04:00,30.809999465942383,30.920000076293945,30.731700897216797,30.920000076293945,7914,0.0,0.0
2024-07-05 13:30:00-04:00,30.889999389648438,30.969999313354492,30.780000686645508,30.969999313354492,6268,0.0,0.0
2024-07-05 14:30:00-04:00,31.014999389648438,31.299999237060547,30.979999542236328,31.229999542236328,8219,0.0,0.0
2024-07-05 15:30:00-04:00,31.190000534057617,31.3700008392334,31.149999618530273,31.360000610351562,24203,0.0,0.0
2024-07-08 09:30:00-04:00,31.459999084472656,31.605499267578125,31.149999618530273,31.242000579833984,6349,0.0,0.0
2024-07-08 10:30:00-04:00,31.233999252319336,31.75,31.233999252319336,31.59000015258789,5598,0.0,0.0
2024-07-08 11:30:00-04:00,31.559999465942383,31.59000015258789,30.860000610351562,30.8799991607666,10547,0.0,0.0
2024-07-08 12:30:00-04:00,30.829999923706055,30.969999313354492,30.75,30.75,6156,0.0,0.0
2024-07-08 13:30:00-04:00,30.8700008392334,30.885000228881836,30.40999984741211,30.68000030517578,7777,0.0,0.0
2024-07-08 14:30:00-04:00,30.75860023498535,30.90999984741211,30.75860023498535,30.780000686645508,9382,0.0,0.0
2024-07-08 15:30:00-04:00,30.799999237060547,30.93000030517578,30.770000457763672,30.860000610351562,18025,0.0,0.0
2024-07-09 09:30:00-04:00,30.790000915527344,31.010000228881836,30.420000076293945,30.829999923706055,19310,0.0,0.0
2024-07-09 10:30:00-04:00,30.46500015258789,30.510000228881836,30.309999465942383,30.31999969482422,2683,0.0,0.0
2024-07-09 11:30:00-04:00,30.270000457763672,30.489999771118164,30.219999313354492,30.40999984741211,7096,0.0,0.0
2024-07-09 12:30:00-04:00,30.381000518798828,30.65999984741211,30.280099868774414,30.364999771118164,10474,0.0,0.0
2024-07-09 13:30:00-04:00,30.399999618530273,30.479999542236328,30.364999771118164,30.364999771118164,4537,0.0,0.0
2024-07-09 14:30:00-04:00,30.3700008392334,30.6299991607666,30.3700008392334,30.520000457763672,5947,0.0,0.0
2024-07-09 15:30:00-04:00,30.440000534057617,30.86989974975586,30.43000030517578,30.760000228881836,16535,0.0,0.0
2024-07-10 09:30:00-04:00,30.84000015258789,30.897499084472656,30.80500030517578,30.834999084472656,3663,0.0,0.0
2024-07-10 10:30:00-04:00,30.75,30.78499984741211,30.299999237060547,30.56999969482422,17090,0.0,0.0
2024-07-10 11:30:00-04:00,30.729999542236328,30.8174991607666,30.350000381469727,30.5,26051,0.0,0.0
2024-07-10 12:30:00-04:00,30.530000686645508,30.782499313354492,30.459999084472656,30.5,18967,0.0,0.0
2024-07-10 13:30:00-04:00,30.549999237060547,30.684999465942383,30.43000030517578,30.489999771118164,31891,0.0,0.0
2024-07-10 14:30:00-04:00,30.489999771118164,30.489999771118164,30.332700729370117,30.420000076293945,17871,0.0,0.0
2024-07-10 15:30:00-04:00,30.479999542236328,30.5,30.350000381469727,30.459999084472656,28491,0.0,0.0
2024-07-11 09:30:00-04:00,31.420000076293945,32.19710159301758,30.8700008392334,31.8799991607666,53258,0.0,0.0
2024-07-11 10:30:00-04:00,32.09000015258789,32.150001525878906,31.730199813842773,31.730199813842773,8061,0.0,0.0
2024-07-11 11:30:00-04:00,31.799999237060547,31.799999237060547,31.400100708007812,31.760000228881836,7789,0.0,0.0
2024-07-11 12:30:00-04:00,31.760000228881836,31.950000762939453,31.610000610351562,31.950000762939453,7311,0.0,0.0
2024-07-11 13:30:00-04:00,32.08000183105469,32.08000183105469,31.65999984741211,31.704999923706055,7102,0.0,0.0
2024-07-11 14:30:00-04:00,31.729999542236328,31.9064998626709,31.6200008392334,31.9064998626709,12699,0.0,0.0
2024-07-11 15:30:00-04:00,31.940000534057617,32.20500183105469,31.940000534057617,32.08000183105469,21783,0.0,0.0
2024-07-12 09:30:00-04:00,32.619998931884766,33.154998779296875,32.56999969482422,33.130001068115234,11220,0.0,0.0
2024-07-12 10:30:00-04:00,32.880001068115234,32.8849983215332,32.18000030517578,32.18000030517578,3748,0.0,0.0
2024-07-12 11:30:00-04:00,32.32500076293945,32.45000076293945,32.150001525878906,32.189998626708984,3245,0.0,0.0
2024-07-12 12:30:00-04:00,32.2400016784668,32.7400016784668,32.2400016784668,32.72999954223633,7293,0.0,0.0
2024-07-12 13:30:00-04:00,32.685001373291016,32.685001373291016,32.48500061035156,32.61000061035156,6303,0.0,0.0
2024-07-12 14:30:00-04:00,32.68000030517578,32.68000030517578,32.58000183105469,32.66999816894531,2402,0.0,0.0
2024-07-12 15:30:00-04:00,32.619998931884766,32.75,32.59000015258789,32.68000030517578,12472,0.0,0.0
2024-07-15 09:30:00-04:00,33.20000076293945,33.7400016784668,33.130001068115234,33.56890106201172,5924,0.0,0.0
2024-07-15 10:30:00-04:00,33.83000183105469,33.95500183105469,33.57460021972656,33.65999984741211,10893,0.0,0.0
2024-07-15 11:30:00-04:00,33.380001068115234,33.709999084472656,33.27000045776367,33.28499984741211,10827,0.0,0.0
2024-07-15 12:30:00-04:00,33.24489974975586,33.3650016784668,32.994998931884766,33.14500045776367,11398,0.0,0.0
2024-07-15 13:30:00-04:00,33.154998779296875,33.154998779296875,32.957698822021484,33.08000183105469,7912,0.0,0.0
2024-07-15 14:30:00-04:00,33.060001373291016,33.540000915527344,33.01499938964844,33.525001525878906,10295,0.0,0.0
2024-07-15 15:30:00-04:00,33.4900016784668,33.529998779296875,33.244998931884766,33.43000030517578,18853,0.0,0.0
2024-07-16 09:30:00-04:00,33.939998626708984,34.45000076293945,33.65999984741211,34.31999969482422,22666,0.0,0.0
2024-07-16 10:30:00-04:00,34.255001068115234,34.709999084472656,34.255001068115234,34.369998931884766,21234,0.0,0.0
2024-07-16 11:30:00-04:00,34.43000030517578,34.70000076293945,34.278499603271484,34.418800354003906,19560,0.0,0.0
2024-07-16 12:30:00-04:00,34.33000183105469,34.43000030517578,34.290000915527344,34.345001220703125,7090,0.0,0.0
2024-07-16 13:30:00-04:00,34.345001220703125,34.5,34.20000076293945,34.45500183105469,10220,0.0,0.0
2024-07-16 14:30:00-04:00,34.439998626708984,34.599998474121094,34.33000183105469,34.38999938964844,14270,0.0,0.0
2024-07-16 15:30:00-04:00,34.474998474121094,34.494998931884766,34.220001220703125,34.45000076293945,28185,0.0,0.0
2024-07-17 09:30:00-04:00,33.400001525878906,33.939998626708984,33.349998474121094,33.5099983215332,13834,0.0,0.0
2024-07-17 10:30:00-04:00,33.51499938964844,33.58000183105469,33.290000915527344,33.290000915527344,9571,0.0,0.0
2024-07-17 11:30:00-04:00,33.25,33.505001068115234,32.93000030517578,33.083900451660156,15434,0.0,0.0
2024-07-17 12:30:00-04:00,33.224998474121094,33.22999954223633,32.959999084472656,33.0723991394043,10565,0.0,0.0
2024-07-17 13:30:00-04:00,33.130001068115234,33.404998779296875,33.09000015258789,33.27000045776367,6267,0.0,0.0
2024-07-17 14:30:00-04:00,33.404998779296875,33.630001068115234,33.099998474121094,33.619998931884766,14695,0.0,0.0
2024-07-17 15:30:00-04:00,33.68000030517578,33.68000030517578,33.40999984741211,33.5,18210,0.0,0.0
2024-07-18 09:30:00-04:00,33.4900016784668,33.69990158081055,33.4900016784668,33.69990158081055,3751,0.0,0.0
2024-07-18 10:30:00-04:00,33.599998474121094,33.63999938964844,33.0,33.0,8917,0.0,0.0
2024-07-18 11:30:00-04:00,33.11000061035156,33.349998474121094,33.03499984741211,33.08000183105469,7171,0.0,0.0
2024-07-18 12:30:00-04:00,33.16999816894531,33.41999816894531,33.16999816894531,33.2599983215332,5688,0.0,0.0
2024-07-18 13:30:00-04:00,33.11000061035156,33.119998931884766,32.86000061035156,32.900001525878906,7334,0.0,0.0
2024-07-18 14:30:00-04:00,32.81999969482422,32.869998931884766,32.41999816894531,32.58530044555664,8229,0.0,0.0
2024-07-18 15:30:00-04:00,32.7599983215332,33.08000183105469,32.75,32.93000030517578,10092,0.0,0.0
2024-07-19 09:30:00-04:00,33.130001068115234,33.290000915527344,32.810001373291016,32.9900016784668,7345,0.0,0.0
2024-07-19 10:30:00-04:00,32.810001373291016,32.970001220703125,32.63999938964844,32.63999938964844,4342,0.0,0.0
2024-07-19 11:30:00-04:00,32.65999984741211,32.77000045776367,32.540000915527344,32.560001373291016,6062,0.0,0.0
2024-07-19 12:30:00-04:00,32.584999084472656,32.584999084472656,32.43000030517578,32.43000030517578,1916,0.0,0.0
2024-07-19 13:30:00-04:00,32.41999816894531,32.459999084472656,32.369998931884766,32.375,2083,0.0,0.0
2024-07-19 14:30:00-04:00,32.470001220703125,32.470001220703125,32.18619918823242,32.34000015258789,4165,0.0,0.0
2024-07-19 15:30:00-04:00,32.31999969482422,32.61000061035156,32.31999969482422,32.61000061035156,18311,0.0,0.0
2024-07-22 09:30:00-04:00,32.58000183105469,32.59000015258789,32.2599983215332,32.2599983215332,5047,0.0,0.0
2024-07-22 10:30:00-04:00,32.47999954223633,32.650001525878906,32.38999938964844,32.43000030517578,2223,0.0,0.0
2024-07-22 11:30:00-04:00,32.36000061035156,32.63999938964844,32.27000045776367,32.625,6579,0.0,0.0
2024-07-22 12:30:00-04:00,32.59199905395508,32.689998626708984,32.38999938964844,32.689998626708984,8066,0.0,0.0
2024-07-22 13:30:00-04:00,32.7400016784668,32.88999938964844,32.7400016784668,32.880001068115234,2676,0.0,0.0
2024-07-22 14:30:00-04:00,32.939998626708984,33.20000076293945,32.939998626708984,33.20000076293945,5207,0.0,0.0
2024-07-22 15:30:00-04:00,33.22999954223633,33.349998474121094,33.209999084472656,33.224998474121094,6134,0.0,0.0
2024-07-23 09:30:00-04:00,32.88999938964844,33.7400016784668,32.79999923706055,33.7400016784668,10823,0.0,0.0
2024-07-23 10:30:00-04:00,33.87860107421875,33.959999084472656,33.29999923706055,33.81999969482422,13641,0.0,0.0
2024-07-23 11:30:00-04:00,33.75,33.97999954223633,33.61000061035156,33.84000015258789,9784,0.0,0.0
2024-07-23 12:30:00-04:00,33.689998626708984,33.86000061035156,33.689998626708984,33.72999954223633,4353,0.0,0.0
2024-07-23 13:30:00-04:00,33.83000183105469,34.04499816894531,33.72999954223633,34.04499816894531,14554,0.0,0.0
2024-07-23 14:30:00-04:00,34.150001525878906,34.56019973754883,34.099998474121094,34.459999084472656,7957,0.0,0.0
2024-07-23 15:30:00-04:00,34.45000076293945,34.56999969482422,34.340999603271484,34.340999603271484,11675,0.0,0.0
2024-07-24 09:30:00-04:00,34.09000015258789,34.400001525878906,33.849998474121094,34.29999923706055,7094,0.0,0.0
2024-07-24 10:30:00-04:00,34.32500076293945,34.52000045776367,33.720001220703125,34.02000045776367,8140,0.0,0.0
2024-07-24 11:30:00-04:00,34.20000076293945,34.29999923706055,34.08000183105469,34.11000061035156,6006,0.0,0.0
2024-07-24 12:30:00-04:00,34.150001525878906,34.150001525878906,33.7599983215332,34.02389907836914,8450,0.0,0.0
2024-07-24 13:30:00-04:00,33.900001525878906,33.900001525878906,33.72999954223633,33.874000549316406,5574,0.0,0.0
2024-07-24 14:30:00-04:00,33.775001525878906,33.775001525878906,33.150001525878906,33.45000076293945,11662,0.0,0.0
2024-07-24 15:30:00-04:00,33.5,33.709999084472656,33.189998626708984,33.45000076293945,10499,0.0,0.0
2024-07-25 09:30:00-04:00,33.38999938964844,33.68000030517578,33.0,33.68000030517578,8019,0.0,0.0
2024-07-25 10:30:00-04:00,33.5099983215332,34.244998931884766,33.439998626708984,34.16809844970703,7078,0.0,0.0
2024-07-25 11:30:00-04:00,34.084999084472656,34.75,33.959999084472656,34.65999984741211,11441,0.0,0.0
2024-07-25 12:30:00-04:00,34.65999984741211,34.7400016784668,34.290000915527344,34.38999938964844,14921,0.0,0.0
2024-07-25 13:30:00-04:00,34.400001525878906,34.599998474121094,34.279998779296875,34.279998779296875,4956,0.0,0.0
2024-07-25 14:30:00-04:00,34.29999923706055,34.29999923706055,33.83000183105469,34.0,12672,0.0,0.0
2024-07-25 15:30:00-04:00,34.03499984741211,34.08000183105469,33.86000061035156,33.91999816894531,12521,0.0,0.0
2024-07-26 09:30:00-04:00,34.47999954223633,34.79999923706055,34.0099983215332,34.15999984741211,9760,0.0,0.0
2024-07-26 10:30:00-04:00,33.95000076293945,34.43000030517578,33.720001220703125,34.290000915527344,4776,0.0,0.0
2024-07-26 11:30:00-04:00,34.34000015258789,34.58000183105469,34.290000915527344,34.58000183105469,2696,0.0,0.0
2024-07-26 12:30:00-04:00,34.59000015258789,34.599998474121094,34.150001525878906,34.20840072631836,3681,0.0,0.0
2024-07-26 13:30:00-04:00,34.222599029541016,34.222599029541016,33.95000076293945,34.099998474121094,5220,0.0,0.0
2024-07-26 14:30:00-04:00,33.970001220703125,34.34000015258789,33.650001525878906,34.34000015258789,12021,0.0,0.0
2024-07-26 15:30:00-04:00,34.33000183105469,34.439998626708984,34.13999938964844,34.22999954223633,12868,0.0,0.0
2024-07-29 09:30:00-04:00,34.40999984741211,34.494998931884766,33.97460174560547,34.125701904296875,9120,0.0,0.0
2024-07-29 10:30:00-04:00,34.099998474121094,34.15999984741211,33.88999938964844,33.88999938964844,4013,0.0,0.0
2024-07-29 11:30:00-04:00,34.060001373291016,34.060001373291016,33.77000045776367,33.77000045776367,5892,0.0,0.0
2024-07-29 12:30:00-04:00,33.72999954223633,33.84000015258789,33.404998779296875,33.84000015258789,6319,0.0,0.0
2024-07-29 13:30:00-04:00,33.689998626708984,33.689998626708984,33.11000061035156,33.11000061035156,6129,0.0,0.0
2024-07-29 14:30:00-04:00,33.150001525878906,33.38999938964844,33.130001068115234,33.38999938964844,7099,0.0,0.0
2024-07-29 15:30:00-04:00,33.39500045776367,33.665000915527344,33.39500045776367,33.540000915527344,8548,0.0,0.0
2024-07-30 09:30:00-04:00,33.79999923706055,33.99700164794922,33.43080139160156,33.43080139160156,5726,0.0,0.0
2024-07-30 10:30:00-04:00,33.68299865722656,33.9900016784668,33.0099983215332,33.2400016784668,10173,0.0,0.0
2024-07-30 11:30:00-04:00,33.136199951171875,33.136199951171875,32.959999084472656,33.11090087890625,4210,0.0,0.0
2024-07-30 12:30:00-04:00,33.05690002441406,33.05690002441406,32.560001373291016,32.939998626708984,14536,0.0,0.0
2024-07-30 13:30:00-04:00,32.9900016784668,33.209999084472656,32.880001068115234,32.880001068115234,8944,0.0,0.0
2024-07-30 14:30:00-04:00,32.810001373291016,33.0,32.779998779296875,32.849998474121094,6275,0.0,0.0
2024-07-30 15:30:00-04:00,32.79999923706055,33.209999084472656,32.79999923706055,32.88999938964844,25799,0.0,0.0
2024-07-31 09:30:00-04:00,33.29999923706055,33.29999923706055,32.779998779296875,32.875,3432,0.0,0.0
2024-07-31 10:30:00-04:00,32.93000030517578,32.93000030517578,32.440101623535156,32.619998931884766,9632,0.0,0.0
2024-07-31 11:30:00-04:00,32.630001068115234,32.790000915527344,32.400001525878906,32.400001525878906,12495,0.0,0.0
2024-07-31 12:30:00-04:00,32.4109992980957,32.529998779296875,32.38999938964844,32.404998779296875,5429,0.0,0.0
2024-07-31 13:30:00-04:00,32.279998779296875,32.279998779296875,31.979999542236328,31.989999771118164,11683,0.0,0.0
2024-07-31 14:30:00-04:00,31.989999771118164,32.88999938964844,31.989999771118164,32.20500183105469,16673,0.0,0.0
2024-07-31 15:30:00-04:00,32.029998779296875,32.28499984741211,32.0,32.150001525878906,45667,0.0,0.0
2024-08-01 09:30:00-04:00,31.959999084472656,32.71500015258789,31.959999084472656,32.06999969482422,5045,0.0,0.0
2024-08-01 10:30:00-04:00,31.940099716186523,32.099998474121094,31.3700008392334,31.414899826049805,9682,0.0,0.0
2024-08-01 11:30:00-04:00,31.690000534057617,31.690000534057617,31.170000076293945,31.360000610351562,13191,0.0,0.0
2024-08-01 12:30:00-04:00,31.25,31.3700008392334,31.049999237060547,31.145000457763672,7571,0.0,0.0
2024-08-01 13:30:00-04:00,31.25,31.329999923706055,31.104999542236328,31.25,15871,0.0,0.0
2024-08-01 14:30:00-04:00,31.190000534057617,31.600000381469727,30.75,31.600000381469727,17914,0.0,0.0
2024-08-01 15:30:00-04:00,31.5049991607666,31.600000381469727,31.2549991607666,31.510000228881836,17975,0.0,0.0
2024-08-02 09:30:00-04:00,30.399999618530273,30.399999618530273,29.912599563598633,29.912599563598633,10451,0.0,0.0
2024-08-02 10:30:00-04:00,29.96500015258789,30.040000915527344,29.770000457763672,29.770000457763672,6033,0.0,0.0
2024-08-02 11:30:00-04:00,29.75,30.31999969482422,29.75,30.270000457763672,3425,0.0,0.0
2024-08-02 12:30:00-04:00,30.290000915527344,30.389999389648438,29.950000762939453,30.110000610351562,4237,0.0,0.0
2024-08-02 13:30:00-04:00,30.139999389648438,30.200000762939453,29.860000610351562,30.200000762939453,5007,0.0,0.0
2024-08-02 14:30:00-04:00,29.989999771118164,30.125,29.920000076293945,30.125,4578,0.0,0.0
2024-08-02 15:30:00-04:00,30.048799514770508,30.15999984741211,29.860000610351562,29.989999771118164,14441,0.0,0.0
