Datetime,Open,High,Low,Close,Volume,Dividends,Stock Splits
2024-05-23 09:30:00-04:00,26.399999618530273,26.399999618530273,26.399999618530273,26.399999618530273,670,0.0,0.0
2024-05-23 09:35:00-04:00,26.485000610351562,26.485000610351562,26.485000610351562,26.485000610351562,121,0.0,0.0
2024-05-23 09:40:00-04:00,26.389999389648438,26.389999389648438,26.389999389648438,26.389999389648438,622,0.0,0.0
2024-05-23 09:45:00-04:00,26.389999389648438,26.389999389648438,26.30500030517578,26.30500030517578,808,0.0,0.0
2024-05-23 09:50:00-04:00,26.389999389648438,26.389999389648438,26.389999389648438,26.389999389648438,100,0.0,0.0
2024-05-23 09:55:00-04:00,26.40329933166504,26.40329933166504,26.385000228881836,26.385000228881836,898,0.0,0.0
2024-05-23 10:00:00-04:00,26.385000228881836,26.385000228881836,26.385000228881836,26.385000228881836,502,0.0,0.0
2024-05-23 10:05:00-04:00,26.280000686645508,26.34000015258789,26.280000686645508,26.280000686645508,456,0.0,0.0
2024-05-23 10:10:00-04:00,26.28499984741211,26.28499984741211,26.28499984741211,26.28499984741211,219,0.0,0.0
2024-05-23 10:15:00-04:00,26.309999465942383,26.309999465942383,26.290000915527344,26.290000915527344,499,0.0,0.0
2024-05-23 10:25:00-04:00,26.350000381469727,26.459999084472656,26.350000381469727,26.440000534057617,3958,0.0,0.0
2024-05-23 10:30:00-04:00,26.420000076293945,26.559999465942383,26.40999984741211,26.559999465942383,4991,0.0,0.0
2024-05-23 10:40:00-04:00,26.579999923706055,26.594999313354492,26.579999923706055,26.594999313354492,908,0.0,0.0
2024-05-23 10:50:00-04:00,26.604999542236328,26.604999542236328,26.440000534057617,26.489999771118164,5749,0.0,0.0
2024-05-23 10:55:00-04:00,26.479999542236328,26.479999542236328,26.479999542236328,26.479999542236328,740,0.0,0.0
2024-05-23 11:05:00-04:00,26.520000457763672,26.520000457763672,26.518600463867188,26.518600463867188,1365,0.0,0.0
2024-05-23 11:10:00-04:00,26.59000015258789,26.59000015258789,26.59000015258789,26.59000015258789,367,0.0,0.0
2024-05-23 11:20:00-04:00,26.600000381469727,26.600000381469727,26.530000686645508,26.530000686645508,726,0.0,0.0
2024-05-23 11:30:00-04:00,26.5049991607666,26.5049991607666,26.5049991607666,26.5049991607666,636,0.0,0.0
2024-05-23 11:35:00-04:00,26.450000762939453,26.5,26.450000762939453,26.5,707,0.0,0.0
2024-05-23 11:40:00-04:00,26.475000381469727,26.4950008392334,26.475000381469727,26.4950008392334,240,0.0,0.0
2024-05-23 11:45:00-04:00,26.520000457763672,26.524999618530273,26.520000457763672,26.524999618530273,1220,0.0,0.0
2024-05-23 12:10:00-04:00,26.479999542236328,26.479999542236328,26.479999542236328,26.479999542236328,380,0.0,0.0
2024-05-23 12:20:00-04:00,26.520000457763672,26.55500030517578,26.489999771118164,26.55500030517578,963,0.0,0.0
2024-05-23 12:25:00-04:00,26.549999237060547,26.549999237060547,26.549999237060547,26.549999237060547,493,0.0,0.0
2024-05-23 12:30:00-04:00,26.604999542236328,26.604999542236328,26.604999542236328,26.604999542236328,288,0.0,0.0
2024-05-23 12:40:00-04:00,26.625,26.639999389648438,26.579999923706055,26.59000015258789,1693,0.0,0.0
2024-05-23 12:50:00-04:00,26.559999465942383,26.559999465942383,26.540000915527344,26.540000915527344,2077,0.0,0.0
2024-05-23 13:00:00-04:00,26.475000381469727,26.475000381469727,26.450000762939453,26.450000762939453,740,0.0,0.0
2024-05-23 13:10:00-04:00,26.510000228881836,26.510000228881836,26.510000228881836,26.510000228881836,370,0.0,0.0
2024-05-23 13:20:00-04:00,26.469999313354492,26.479999542236328,26.400400161743164,26.479999542236328,2816,0.0,0.0
2024-05-23 13:25:00-04:00,26.5,26.5,26.5,26.5,185,0.0,0.0
2024-05-23 13:35:00-04:00,26.489999771118164,26.489999771118164,26.44499969482422,26.44499969482422,858,0.0,0.0
2024-05-23 13:40:00-04:00,26.440000534057617,26.440000534057617,26.399999618530273,26.399999618530273,802,0.0,0.0
2024-05-23 13:45:00-04:00,26.43000030517578,26.437999725341797,26.399999618530273,26.437999725341797,1290,0.0,0.0
2024-05-23 13:50:00-04:00,26.440000534057617,26.440000534057617,26.440000534057617,26.440000534057617,708,0.0,0.0
2024-05-23 13:55:00-04:00,26.389999389648438,26.389999389648438,26.34000015258789,26.350000381469727,1084,0.0,0.0
2024-05-23 14:00:00-04:00,26.31999969482422,26.31999969482422,26.280000686645508,26.280000686645508,758,0.0,0.0
2024-05-23 14:05:00-04:00,26.2549991607666,26.274999618530273,26.2549991607666,26.274999618530273,516,0.0,0.0
2024-05-23 14:10:00-04:00,26.264999389648438,26.264999389648438,26.264999389648438,26.264999389648438,170,0.0,0.0
2024-05-23 14:15:00-04:00,26.288999557495117,26.288999557495117,26.288999557495117,26.288999557495117,174,0.0,0.0
2024-05-23 14:20:00-04:00,26.270000457763672,26.290000915527344,26.270000457763672,26.290000915527344,726,0.0,0.0
2024-05-23 14:25:00-04:00,26.309999465942383,26.31999969482422,26.309999465942383,26.31999969482422,1090,0.0,0.0
2024-05-23 14:40:00-04:00,26.415000915527344,26.415000915527344,26.350000381469727,26.350000381469727,2576,0.0,0.0
2024-05-23 14:50:00-04:00,26.399999618530273,26.399999618530273,26.399999618530273,26.399999618530273,490,0.0,0.0
2024-05-23 14:55:00-04:00,26.395000457763672,26.395000457763672,26.3700008392334,26.3700008392334,1838,0.0,0.0
2024-05-23 15:05:00-04:00,26.399999618530273,26.399999618530273,26.3799991607666,26.3799991607666,1563,0.0,0.0
2024-05-23 15:10:00-04:00,26.389999389648438,26.389999389648438,26.389999389648438,26.389999389648438,350,0.0,0.0
2024-05-23 15:15:00-04:00,26.399999618530273,26.399999618530273,26.399999618530273,26.399999618530273,1096,0.0,0.0
2024-05-23 15:25:00-04:00,26.43000030517578,26.46500015258789,26.43000030517578,26.46500015258789,902,0.0,0.0
2024-05-23 15:30:00-04:00,26.475000381469727,26.475000381469727,26.475000381469727,26.475000381469727,750,0.0,0.0
2024-05-23 15:40:00-04:00,26.510000228881836,26.510000228881836,26.459999084472656,26.459999084472656,3933,0.0,0.0
2024-05-23 15:45:00-04:00,26.459999084472656,26.459999084472656,26.360000610351562,26.3799991607666,3223,0.0,0.0
2024-05-23 15:50:00-04:00,26.40999984741211,26.440000534057617,26.399999618530273,26.43000030517578,4613,0.0,0.0
2024-05-23 15:55:00-04:00,26.440000534057617,26.469999313354492,26.40999984741211,26.459999084472656,7326,0.0,0.0
2024-05-24 09:30:00-04:00,26.530000686645508,26.530000686645508,26.530000686645508,26.530000686645508,1119,0.0,0.0
2024-05-24 09:40:00-04:00,26.530000686645508,26.530000686645508,26.530000686645508,26.530000686645508,214,0.0,0.0
2024-05-24 09:50:00-04:00,26.5049991607666,26.5049991607666,26.40999984741211,26.40999984741211,869,0.0,0.0
2024-05-24 10:00:00-04:00,26.40999984741211,26.450000762939453,26.40999984741211,26.450000762939453,204,0.0,0.0
2024-05-24 10:05:00-04:00,26.5,26.5,26.469999313354492,26.469999313354492,651,0.0,0.0
2024-05-24 10:10:00-04:00,26.469999313354492,26.469999313354492,26.454999923706055,26.454999923706055,233,0.0,0.0
2024-05-24 10:20:00-04:00,26.520000457763672,26.520000457763672,26.450000762939453,26.450000762939453,292,0.0,0.0
2024-05-24 10:30:00-04:00,26.5,26.5,26.440000534057617,26.440000534057617,656,0.0,0.0
2024-05-24 10:35:00-04:00,26.440000534057617,26.440000534057617,26.440000534057617,26.440000534057617,749,0.0,0.0
2024-05-24 10:45:00-04:00,26.389999389648438,26.475000381469727,26.389999389648438,26.420000076293945,2114,0.0,0.0
2024-05-24 10:50:00-04:00,26.479999542236328,26.479999542236328,26.479999542236328,26.479999542236328,231,0.0,0.0
2024-05-24 10:55:00-04:00,26.540000915527344,26.540000915527344,26.540000915527344,26.540000915527344,258,0.0,0.0
2024-05-24 11:05:00-04:00,26.547100067138672,26.579999923706055,26.479999542236328,26.520000457763672,2136,0.0,0.0
2024-05-24 11:35:00-04:00,26.540000915527344,26.540000915527344,26.530000686645508,26.530000686645508,250,0.0,0.0
2024-05-24 11:50:00-04:00,26.545000076293945,26.545000076293945,26.545000076293945,26.545000076293945,197,0.0,0.0
2024-05-24 11:55:00-04:00,26.540000915527344,26.540000915527344,26.540000915527344,26.540000915527344,289,0.0,0.0
2024-05-24 12:05:00-04:00,26.55500030517578,26.55500030517578,26.55500030517578,26.55500030517578,445,0.0,0.0
2024-05-24 12:20:00-04:00,26.565000534057617,26.610000610351562,26.559999465942383,26.559999465942383,600,0.0,0.0
2024-05-24 12:25:00-04:00,26.59000015258789,26.59000015258789,26.530000686645508,26.575000762939453,2855,0.0,0.0
2024-05-24 12:30:00-04:00,26.520000457763672,26.565000534057617,26.5,26.510000228881836,1658,0.0,0.0
2024-05-24 12:35:00-04:00,26.469999313354492,26.469999313354492,26.469999313354492,26.469999313354492,237,0.0,0.0
2024-05-24 12:40:00-04:00,26.469999313354492,26.469999313354492,26.469999313354492,26.469999313354492,233,0.0,0.0
2024-05-24 12:50:00-04:00,26.3799991607666,26.469999313354492,26.3799991607666,26.469999313354492,442,0.0,0.0
2024-05-24 13:00:00-04:00,26.433000564575195,26.433000564575195,26.433000564575195,26.433000564575195,362,0.0,0.0
2024-05-24 13:05:00-04:00,26.459999084472656,26.459999084472656,26.459999084472656,26.459999084472656,689,0.0,0.0
2024-05-24 13:10:00-04:00,26.459999084472656,26.459999084472656,26.459999084472656,26.459999084472656,347,0.0,0.0
2024-05-24 13:20:00-04:00,26.513099670410156,26.513099670410156,26.510000228881836,26.510000228881836,1012,0.0,0.0
2024-05-24 13:25:00-04:00,26.510000228881836,26.520000457763672,26.5,26.510000228881836,2018,0.0,0.0
2024-05-24 13:35:00-04:00,26.440000534057617,26.440000534057617,26.440000534057617,26.440000534057617,280,0.0,0.0
2024-05-24 13:45:00-04:00,26.440000534057617,26.440000534057617,26.440000534057617,26.440000534057617,299,0.0,0.0
2024-05-24 13:55:00-04:00,26.399999618530273,26.471599578857422,26.3799991607666,26.3799991607666,898,0.0,0.0
2024-05-24 14:00:00-04:00,26.3700008392334,26.55620002746582,26.3700008392334,26.55620002746582,2393,0.0,0.0
2024-05-24 14:05:00-04:00,26.459999084472656,26.459999084472656,26.440000534057617,26.440000534057617,466,0.0,0.0
2024-05-24 14:20:00-04:00,26.420000076293945,26.420000076293945,26.420000076293945,26.420000076293945,569,0.0,0.0
2024-05-24 14:30:00-04:00,26.420000076293945,26.420000076293945,26.420000076293945,26.420000076293945,529,0.0,0.0
2024-05-24 14:35:00-04:00,26.469999313354492,26.475000381469727,26.450000762939453,26.450000762939453,944,0.0,0.0
2024-05-24 14:45:00-04:00,26.520000457763672,26.59000015258789,26.510099411010742,26.559999465942383,2999,0.0,0.0
2024-05-24 14:55:00-04:00,26.56999969482422,26.600000381469727,26.530000686645508,26.530000686645508,1416,0.0,0.0
2024-05-24 15:00:00-04:00,26.56999969482422,26.56999969482422,26.56999969482422,26.56999969482422,1570,0.0,0.0
2024-05-24 15:10:00-04:00,26.559999465942383,26.559999465942383,26.530000686645508,26.559999465942383,1641,0.0,0.0
2024-05-24 15:15:00-04:00,26.530000686645508,26.639999389648438,26.530000686645508,26.600000381469727,4067,0.0,0.0
2024-05-24 15:20:00-04:00,26.625,26.625,26.59000015258789,26.600000381469727,1745,0.0,0.0
2024-05-24 15:25:00-04:00,26.600000381469727,26.610000610351562,26.579999923706055,26.59000015258789,897,0.0,0.0
2024-05-24 15:30:00-04:00,26.579999923706055,26.809999465942383,26.579999923706055,26.760000228881836,8341,0.0,0.0
2024-05-24 15:35:00-04:00,26.770000457763672,26.780000686645508,26.770000457763672,26.770000457763672,1162,0.0,0.0
2024-05-24 15:40:00-04:00,26.75,26.75,26.65999984741211,26.674999237060547,6204,0.0,0.0
2024-05-24 15:45:00-04:00,26.690000534057617,26.75200080871582,26.690000534057617,26.700000762939453,4275,0.0,0.0
2024-05-24 15:50:00-04:00,26.670000076293945,26.743000030517578,26.65999984741211,26.709999084472656,7571,0.0,0.0
2024-05-24 15:55:00-04:00,26.709999084472656,26.719999313354492,26.670000076293945,26.719999313354492,9932,0.0,0.0
2024-05-28 09:30:00-04:00,26.889999389648438,26.889999389648438,26.889999389648438,26.889999389648438,700,0.0,0.0
2024-05-28 09:35:00-04:00,26.940000534057617,26.940000534057617,26.940000534057617,26.940000534057617,243,0.0,0.0
2024-05-28 09:40:00-04:00,26.959999084472656,26.959999084472656,26.959999084472656,26.959999084472656,192,0.0,0.0
2024-05-28 09:45:00-04:00,26.895000457763672,26.895000457763672,26.895000457763672,26.895000457763672,287,0.0,0.0
2024-05-28 09:50:00-04:00,26.940000534057617,26.979999542236328,26.90999984741211,26.934999465942383,2483,0.0,0.0
2024-05-28 09:55:00-04:00,26.9950008392334,27.079700469970703,26.9950008392334,27.079700469970703,916,0.0,0.0
2024-05-28 10:00:00-04:00,27.139999389648438,27.139999389648438,27.100000381469727,27.100000381469727,944,0.0,0.0
2024-05-28 10:05:00-04:00,27.172000885009766,27.172000885009766,26.940000534057617,26.950000762939453,1708,0.0,0.0
2024-05-28 10:10:00-04:00,26.989999771118164,26.989999771118164,26.8799991607666,26.90999984741211,1117,0.0,0.0
2024-05-28 10:20:00-04:00,26.809999465942383,26.809999465942383,26.799999237060547,26.799999237060547,610,0.0,0.0
2024-05-28 10:25:00-04:00,26.799999237060547,26.844999313354492,26.799999237060547,26.844999313354492,259,0.0,0.0
2024-05-28 10:30:00-04:00,26.77400016784668,26.90999984741211,26.77400016784668,26.829999923706055,1271,0.0,0.0
2024-05-28 10:45:00-04:00,26.959999084472656,26.959999084472656,26.959999084472656,26.959999084472656,436,0.0,0.0
2024-05-28 11:15:00-04:00,26.920000076293945,26.94499969482422,26.899999618530273,26.94499969482422,1266,0.0,0.0
2024-05-28 11:20:00-04:00,26.94529914855957,26.94529914855957,26.90999984741211,26.915000915527344,1318,0.0,0.0
2024-05-28 11:25:00-04:00,26.969999313354492,26.969999313354492,26.969999313354492,26.969999313354492,200,0.0,0.0
2024-05-28 11:30:00-04:00,26.979999542236328,27.059999465942383,26.979999542236328,27.030000686645508,2535,0.0,0.0
2024-05-28 11:40:00-04:00,27.079999923706055,27.09000015258789,27.06999969482422,27.06999969482422,478,0.0,0.0
2024-05-28 11:45:00-04:00,27.040000915527344,27.100000381469727,27.040000915527344,27.09000015258789,1765,0.0,0.0
2024-05-28 11:50:00-04:00,27.149999618530273,27.149999618530273,27.1200008392334,27.1200008392334,276,0.0,0.0
2024-05-28 11:55:00-04:00,27.18899917602539,27.18899917602539,27.18899917602539,27.18899917602539,713,0.0,0.0
2024-05-28 12:00:00-04:00,27.139999389648438,27.139999389648438,27.139999389648438,27.139999389648438,861,0.0,0.0
2024-05-28 12:15:00-04:00,27.155000686645508,27.155000686645508,27.155000686645508,27.155000686645508,3756,0.0,0.0
2024-05-28 12:30:00-04:00,27.110000610351562,27.110000610351562,27.110000610351562,27.110000610351562,263,0.0,0.0
2024-05-28 12:45:00-04:00,27.165000915527344,27.165000915527344,27.1299991607666,27.1299991607666,659,0.0,0.0
2024-05-28 12:55:00-04:00,27.1299991607666,27.1299991607666,27.1299991607666,27.1299991607666,682,0.0,0.0
2024-05-28 13:00:00-04:00,27.100000381469727,27.1200008392334,27.040000915527344,27.040000915527344,1115,0.0,0.0
2024-05-28 13:10:00-04:00,26.968000411987305,26.968000411987305,26.968000411987305,26.968000411987305,253,0.0,0.0
2024-05-28 13:15:00-04:00,26.95199966430664,26.95199966430664,26.920000076293945,26.920000076293945,1281,0.0,0.0
2024-05-28 13:20:00-04:00,26.899999618530273,26.950000762939453,26.899999618530273,26.950000762939453,406,0.0,0.0
2024-05-28 13:25:00-04:00,26.999900817871094,26.999900817871094,26.899999618530273,26.899999618530273,781,0.0,0.0
2024-05-28 13:30:00-04:00,26.860000610351562,26.97480010986328,26.860000610351562,26.950000762939453,1596,0.0,0.0
2024-05-28 13:40:00-04:00,26.940000534057617,26.940000534057617,26.940000534057617,26.940000534057617,110,0.0,0.0
2024-05-28 13:45:00-04:00,26.889999389648438,26.889999389648438,26.889999389648438,26.889999389648438,939,0.0,0.0
2024-05-28 13:50:00-04:00,26.799999237060547,26.829999923706055,26.799999237060547,26.829999923706055,253,0.0,0.0
2024-05-28 14:00:00-04:00,26.790000915527344,26.790000915527344,26.790000915527344,26.790000915527344,422,0.0,0.0
2024-05-28 14:05:00-04:00,26.81999969482422,26.84000015258789,26.81999969482422,26.84000015258789,328,0.0,0.0
2024-05-28 14:10:00-04:00,26.8700008392334,26.8799991607666,26.8700008392334,26.8700008392334,591,0.0,0.0
2024-05-28 14:20:00-04:00,26.885000228881836,26.885000228881836,26.81999969482422,26.81999969482422,910,0.0,0.0
2024-05-28 14:25:00-04:00,26.760000228881836,26.760000228881836,26.739999771118164,26.739999771118164,1203,0.0,0.0
2024-05-28 14:35:00-04:00,26.69499969482422,26.709999084472656,26.69499969482422,26.709999084472656,297,0.0,0.0
2024-05-28 14:40:00-04:00,26.709999084472656,26.709999084472656,26.709999084472656,26.709999084472656,293,0.0,0.0
2024-05-28 14:45:00-04:00,26.65999984741211,26.739999771118164,26.65999984741211,26.739999771118164,1695,0.0,0.0
2024-05-28 15:00:00-04:00,26.739099502563477,26.739099502563477,26.689699172973633,26.689699172973633,1239,0.0,0.0
2024-05-28 15:15:00-04:00,26.719999313354492,26.719999313354492,26.709999084472656,26.709999084472656,745,0.0,0.0
2024-05-28 15:20:00-04:00,26.725000381469727,26.725000381469727,26.725000381469727,26.725000381469727,1832,0.0,0.0
2024-05-28 15:40:00-04:00,26.68000030517578,26.68000030517578,26.68000030517578,26.68000030517578,287,0.0,0.0
2024-05-28 15:45:00-04:00,26.69499969482422,26.739999771118164,26.670000076293945,26.69499969482422,2719,0.0,0.0
2024-05-28 15:50:00-04:00,26.700000762939453,26.700000762939453,26.600000381469727,26.600000381469727,2519,0.0,0.0
2024-05-28 15:55:00-04:00,26.59000015258789,26.6299991607666,26.59000015258789,26.6299991607666,6964,0.0,0.0
2024-05-29 09:30:00-04:00,26.31999969482422,26.31999969482422,26.31999969482422,26.31999969482422,2481,0.0,0.0
2024-05-29 09:40:00-04:00,26.545000076293945,26.610000610351562,26.395000457763672,26.549999237060547,8261,0.0,0.0
2024-05-29 09:45:00-04:00,26.405000686645508,26.56999969482422,26.405000686645508,26.56999969482422,3052,0.0,0.0
2024-05-29 09:50:00-04:00,26.549999237060547,26.565000534057617,26.510000228881836,26.549999237060547,1360,0.0,0.0
2024-05-29 09:55:00-04:00,26.530000686645508,26.59000015258789,26.530000686645508,26.59000015258789,1209,0.0,0.0
2024-05-29 10:05:00-04:00,26.649999618530273,26.649999618530273,26.649999618530273,26.649999618530273,216,0.0,0.0
2024-05-29 10:10:00-04:00,26.59000015258789,26.59000015258789,26.59000015258789,26.59000015258789,1261,0.0,0.0
2024-05-29 10:20:00-04:00,26.559999465942383,26.680400848388672,26.559999465942383,26.680400848388672,932,0.0,0.0
2024-05-29 10:35:00-04:00,26.700000762939453,26.700000762939453,26.65999984741211,26.65999984741211,596,0.0,0.0
2024-05-29 10:40:00-04:00,26.65999984741211,26.65999984741211,26.6299991607666,26.6299991607666,387,0.0,0.0
2024-05-29 10:45:00-04:00,26.610000610351562,26.679899215698242,26.610000610351562,26.614999771118164,2242,0.0,0.0
2024-05-29 10:55:00-04:00,26.559999465942383,26.6200008392334,26.559999465942383,26.6200008392334,1183,0.0,0.0
2024-05-29 11:10:00-04:00,26.56999969482422,26.56999969482422,26.56999969482422,26.56999969482422,615,0.0,0.0
2024-05-29 11:15:00-04:00,26.610000610351562,26.610000610351562,26.610000610351562,26.610000610351562,368,0.0,0.0
2024-05-29 11:30:00-04:00,26.59000015258789,26.59000015258789,26.549999237060547,26.59000015258789,691,0.0,0.0
2024-05-29 11:35:00-04:00,26.579999923706055,26.610000610351562,26.579999923706055,26.610000610351562,853,0.0,0.0
2024-05-29 11:45:00-04:00,26.520000457763672,26.540000915527344,26.520000457763672,26.540000915527344,580,0.0,0.0
2024-05-29 11:50:00-04:00,26.549999237060547,26.549999237060547,26.549999237060547,26.549999237060547,119,0.0,0.0
2024-05-29 11:55:00-04:00,26.510000228881836,26.530000686645508,26.510000228881836,26.524999618530273,442,0.0,0.0
2024-05-29 12:00:00-04:00,26.489999771118164,26.489999771118164,26.489999771118164,26.489999771118164,132,0.0,0.0
2024-05-29 12:05:00-04:00,26.440000534057617,26.440000534057617,26.440000534057617,26.440000534057617,476,0.0,0.0
2024-05-29 12:10:00-04:00,26.400400161743164,26.400400161743164,26.400400161743164,26.400400161743164,653,0.0,0.0
2024-05-29 12:15:00-04:00,26.3799991607666,26.3799991607666,26.3799991607666,26.3799991607666,222,0.0,0.0
2024-05-29 12:20:00-04:00,26.395000457763672,26.395000457763672,26.395000457763672,26.395000457763672,226,0.0,0.0
2024-05-29 12:25:00-04:00,26.350000381469727,26.450000762939453,26.350000381469727,26.450000762939453,1611,0.0,0.0
2024-05-29 12:45:00-04:00,26.520000457763672,26.520000457763672,26.520000457763672,26.520000457763672,206,0.0,0.0
2024-05-29 12:50:00-04:00,26.479999542236328,26.479999542236328,26.479999542236328,26.479999542236328,696,0.0,0.0
2024-05-29 13:00:00-04:00,26.440000534057617,26.440000534057617,26.424999237060547,26.424999237060547,565,0.0,0.0
2024-05-29 13:05:00-04:00,26.440000534057617,26.440000534057617,26.440000534057617,26.440000534057617,196,0.0,0.0
2024-05-29 13:10:00-04:00,26.389999389648438,26.405000686645508,26.385000228881836,26.385000228881836,815,0.0,0.0
2024-05-29 13:25:00-04:00,26.325000762939453,26.325000762939453,26.325000762939453,26.325000762939453,311,0.0,0.0
2024-05-29 13:30:00-04:00,26.325000762939453,26.325000762939453,26.325000762939453,26.325000762939453,296,0.0,0.0
2024-05-29 13:35:00-04:00,26.274999618530273,26.274999618530273,26.260499954223633,26.260499954223633,424,0.0,0.0
2024-05-29 13:45:00-04:00,26.260000228881836,26.260000228881836,26.25,26.25,721,0.0,0.0
2024-05-29 14:00:00-04:00,26.25,26.299999237060547,26.25,26.299999237060547,1018,0.0,0.0
2024-05-29 14:05:00-04:00,26.28499984741211,26.28499984741211,26.28499984741211,26.28499984741211,135,0.0,0.0
2024-05-29 14:10:00-04:00,26.274999618530273,26.360000610351562,26.274999618530273,26.360000610351562,1897,0.0,0.0
2024-05-29 14:15:00-04:00,26.360000610351562,26.360000610351562,26.360000610351562,26.360000610351562,287,0.0,0.0
2024-05-29 14:30:00-04:00,26.364999771118164,26.3700008392334,26.364999771118164,26.3700008392334,499,0.0,0.0
2024-05-29 14:35:00-04:00,26.371200561523438,26.371200561523438,26.371200561523438,26.371200561523438,283,0.0,0.0
2024-05-29 14:45:00-04:00,26.31999969482422,26.31999969482422,26.260000228881836,26.30500030517578,7537,0.0,0.0
2024-05-29 14:50:00-04:00,26.329999923706055,26.329999923706055,26.270000457763672,26.28499984741211,995,0.0,0.0
2024-05-29 14:55:00-04:00,26.280000686645508,26.280000686645508,26.280000686645508,26.280000686645508,341,0.0,0.0
2024-05-29 15:00:00-04:00,26.309999465942383,26.350000381469727,26.309999465942383,26.350000381469727,1621,0.0,0.0
2024-05-29 15:05:00-04:00,26.329999923706055,26.329999923706055,26.299999237060547,26.299999237060547,737,0.0,0.0
2024-05-29 15:10:00-04:00,26.309999465942383,26.309999465942383,26.299999237060547,26.299999237060547,1184,0.0,0.0
2024-05-29 15:25:00-04:00,26.329999923706055,26.40999984741211,26.31999969482422,26.360000610351562,5183,0.0,0.0
2024-05-29 15:30:00-04:00,26.33989906311035,26.3799991607666,26.33989906311035,26.3799991607666,465,0.0,0.0
2024-05-29 15:35:00-04:00,26.34000015258789,26.3700008392334,26.295000076293945,26.295000076293945,3009,0.0,0.0
2024-05-29 15:40:00-04:00,26.270000457763672,26.360000610351562,26.270000457763672,26.360000610351562,5386,0.0,0.0
2024-05-29 15:45:00-04:00,26.329999923706055,26.360000610351562,26.31999969482422,26.34000015258789,2604,0.0,0.0
2024-05-29 15:50:00-04:00,26.316999435424805,26.3700008392334,26.290000915527344,26.34000015258789,5053,0.0,0.0
2024-05-29 15:55:00-04:00,26.31999969482422,26.420000076293945,26.209999084472656,26.209999084472656,24028,0.0,0.0
2024-05-30 09:30:00-04:00,26.260000228881836,26.260000228881836,26.260000228881836,26.260000228881836,499,0.0,0.0
2024-05-30 09:45:00-04:00,26.3700008392334,26.3700008392334,26.3700008392334,26.3700008392334,2720,0.0,0.0
2024-05-30 09:50:00-04:00,26.325000762939453,26.344999313354492,26.260000228881836,26.344999313354492,1367,0.0,0.0
2024-05-30 10:00:00-04:00,26.239999771118164,26.239999771118164,26.239999771118164,26.239999771118164,971,0.0,0.0
2024-05-30 10:05:00-04:00,26.270000457763672,26.290000915527344,26.270000457763672,26.290000915527344,1299,0.0,0.0
2024-05-30 10:15:00-04:00,26.280000686645508,26.290000915527344,26.219999313354492,26.219999313354492,3542,0.0,0.0
2024-05-30 10:20:00-04:00,26.25,26.25,26.239999771118164,26.25,552,0.0,0.0
2024-05-30 10:30:00-04:00,26.229999542236328,26.280000686645508,26.229999542236328,26.280000686645508,1133,0.0,0.0
2024-05-30 10:35:00-04:00,26.350000381469727,26.350000381469727,26.350000381469727,26.350000381469727,534,0.0,0.0
2024-05-30 10:45:00-04:00,26.430099487304688,26.430099487304688,26.430099487304688,26.430099487304688,463,0.0,0.0
2024-05-30 11:00:00-04:00,26.59000015258789,26.59000015258789,26.559999465942383,26.559999465942383,221,0.0,0.0
2024-05-30 11:05:00-04:00,26.540000915527344,26.649999618530273,26.530000686645508,26.584999084472656,3288,0.0,0.0
2024-05-30 11:10:00-04:00,26.549999237060547,26.559999465942383,26.549999237060547,26.55500030517578,784,0.0,0.0
2024-05-30 11:15:00-04:00,26.520000457763672,26.545000076293945,26.510000228881836,26.545000076293945,884,0.0,0.0
2024-05-30 11:20:00-04:00,26.56999969482422,26.56999969482422,26.56999969482422,26.56999969482422,100,0.0,0.0
2024-05-30 11:25:00-04:00,26.579999923706055,26.600000381469727,26.579999923706055,26.579999923706055,1718,0.0,0.0
2024-05-30 11:50:00-04:00,26.549999237060547,26.549999237060547,26.5,26.5,814,0.0,0.0
2024-05-30 11:55:00-04:00,26.489999771118164,26.489999771118164,26.489999771118164,26.489999771118164,187,0.0,0.0
2024-05-30 12:00:00-04:00,26.520000457763672,26.56999969482422,26.5,26.56999969482422,3791,0.0,0.0
2024-05-30 12:10:00-04:00,26.594999313354492,26.604999542236328,26.594999313354492,26.604999542236328,1465,0.0,0.0
2024-05-30 12:30:00-04:00,26.625,26.625,26.625,26.625,523,0.0,0.0
2024-05-30 12:45:00-04:00,26.65999984741211,26.739999771118164,26.65999984741211,26.709999084472656,1318,0.0,0.0
2024-05-30 13:05:00-04:00,26.709999084472656,26.709999084472656,26.709999084472656,26.709999084472656,222,0.0,0.0
2024-05-30 13:10:00-04:00,26.680099487304688,26.680099487304688,26.680099487304688,26.680099487304688,285,0.0,0.0
2024-05-30 13:15:00-04:00,26.712799072265625,26.712799072265625,26.712799072265625,26.712799072265625,602,0.0,0.0
2024-05-30 13:20:00-04:00,26.749900817871094,26.749900817871094,26.719999313354492,26.719999313354492,323,0.0,0.0
2024-05-30 13:25:00-04:00,26.719999313354492,26.719999313354492,26.690000534057617,26.690000534057617,377,0.0,0.0
2024-05-30 13:30:00-04:00,26.690000534057617,26.690000534057617,26.690000534057617,26.690000534057617,219,0.0,0.0
2024-05-30 13:40:00-04:00,26.690000534057617,26.700000762939453,26.6200008392334,26.6200008392334,4117,0.0,0.0
2024-05-30 13:45:00-04:00,26.6200008392334,26.6200008392334,26.6200008392334,26.6200008392334,260,0.0,0.0
2024-05-30 13:55:00-04:00,26.68000030517578,26.68000030517578,26.68000030517578,26.68000030517578,286,0.0,0.0
2024-05-30 14:00:00-04:00,26.649999618530273,26.649999618530273,26.649999618530273,26.649999618530273,129,0.0,0.0
2024-05-30 14:05:00-04:00,26.649999618530273,26.649999618530273,26.649999618530273,26.649999618530273,1019,0.0,0.0
2024-05-30 14:10:00-04:00,26.655000686645508,26.655000686645508,26.6200008392334,26.6200008392334,274,0.0,0.0
2024-05-30 14:15:00-04:00,26.600000381469727,26.600000381469727,26.600000381469727,26.600000381469727,248,0.0,0.0
2024-05-30 14:20:00-04:00,26.59000015258789,26.59000015258789,26.59000015258789,26.59000015258789,468,0.0,0.0
2024-05-30 14:30:00-04:00,26.59000015258789,26.59000015258789,26.59000015258789,26.59000015258789,169,0.0,0.0
2024-05-30 14:35:00-04:00,26.59000015258789,26.59000015258789,26.59000015258789,26.59000015258789,433,0.0,0.0
2024-05-30 14:45:00-04:00,26.579999923706055,26.59000015258789,26.549999237060547,26.549999237060547,1184,0.0,0.0
2024-05-30 14:50:00-04:00,26.485000610351562,26.56999969482422,26.485000610351562,26.55500030517578,5510,0.0,0.0
2024-05-30 15:00:00-04:00,26.540000915527344,26.56999969482422,26.540000915527344,26.559999465942383,973,0.0,0.0
2024-05-30 15:05:00-04:00,26.530000686645508,26.530000686645508,26.530000686645508,26.530000686645508,455,0.0,0.0
2024-05-30 15:10:00-04:00,26.530000686645508,26.530000686645508,26.520000457763672,26.520000457763672,607,0.0,0.0
2024-05-30 15:15:00-04:00,26.469999313354492,26.510000228881836,26.469999313354492,26.510000228881836,445,0.0,0.0
2024-05-30 15:20:00-04:00,26.549999237060547,26.549999237060547,26.530000686645508,26.530000686645508,657,0.0,0.0
2024-05-30 15:25:00-04:00,26.524999618530273,26.53499984741211,26.524999618530273,26.53499984741211,618,0.0,0.0
2024-05-30 15:30:00-04:00,26.540000915527344,26.540000915527344,26.540000915527344,26.540000915527344,569,0.0,0.0
2024-05-30 15:35:00-04:00,26.520700454711914,26.520700454711914,26.510000228881836,26.510000228881836,1791,0.0,0.0
2024-05-30 15:40:00-04:00,26.489999771118164,26.56999969482422,26.469999313354492,26.565799713134766,3828,0.0,0.0
2024-05-30 15:45:00-04:00,26.559999465942383,26.559999465942383,26.489999771118164,26.530000686645508,2585,0.0,0.0
2024-05-30 15:50:00-04:00,26.575000762939453,26.600000381469727,26.575000762939453,26.600000381469727,1171,0.0,0.0
2024-05-30 15:55:00-04:00,26.59000015258789,26.639999389648438,26.540000915527344,26.579999923706055,7819,0.0,0.0
2024-05-31 09:30:00-04:00,26.68000030517578,26.68000030517578,26.545000076293945,26.565000534057617,976,0.0,0.0
2024-05-31 09:35:00-04:00,26.565000534057617,26.565000534057617,26.559999465942383,26.559999465942383,339,0.0,0.0
2024-05-31 09:40:00-04:00,26.704999923706055,26.704999923706055,26.704999923706055,26.704999923706055,335,0.0,0.0
2024-05-31 09:45:00-04:00,26.6299991607666,26.6299991607666,26.56999969482422,26.6200008392334,1361,0.0,0.0
2024-05-31 09:55:00-04:00,26.770000457763672,26.770000457763672,26.68000030517578,26.68000030517578,2412,0.0,0.0
2024-05-31 10:00:00-04:00,26.7450008392334,26.780000686645508,26.6200008392334,26.625,949,0.0,0.0
2024-05-31 10:05:00-04:00,26.614999771118164,26.799999237060547,26.614999771118164,26.684999465942383,3783,0.0,0.0
2024-05-31 10:15:00-04:00,26.649999618530273,26.760000228881836,26.649999618530273,26.760000228881836,1172,0.0,0.0
2024-05-31 10:20:00-04:00,26.670000076293945,26.670000076293945,26.670000076293945,26.670000076293945,211,0.0,0.0
2024-05-31 10:25:00-04:00,26.670000076293945,26.670000076293945,26.670000076293945,26.670000076293945,449,0.0,0.0
2024-05-31 10:30:00-04:00,26.68000030517578,26.68000030517578,26.68000030517578,26.68000030517578,251,0.0,0.0
2024-05-31 10:35:00-04:00,26.670000076293945,27.0,26.65999984741211,26.915000915527344,4747,0.0,0.0
2024-05-31 10:45:00-04:00,27.0,27.0,26.8700008392334,26.8700008392334,979,0.0,0.0
2024-05-31 10:50:00-04:00,26.860000610351562,26.90999984741211,26.829999923706055,26.860000610351562,3772,0.0,0.0
2024-05-31 10:55:00-04:00,26.8700008392334,26.950000762939453,26.829999923706055,26.950000762939453,3415,0.0,0.0
2024-05-31 11:00:00-04:00,26.989999771118164,27.149799346923828,26.989999771118164,27.09000015258789,4207,0.0,0.0
2024-05-31 11:05:00-04:00,27.149999618530273,27.290000915527344,27.149999618530273,27.229999542236328,2274,0.0,0.0
2024-05-31 11:10:00-04:00,27.270000457763672,27.309999465942383,27.239999771118164,27.239999771118164,2363,0.0,0.0
2024-05-31 11:15:00-04:00,27.239999771118164,27.239999771118164,27.110000610351562,27.110000610351562,5028,0.0,0.0
2024-05-31 11:20:00-04:00,27.09000015258789,27.100000381469727,27.059999465942383,27.059999465942383,1283,0.0,0.0
2024-05-31 11:25:00-04:00,26.979999542236328,26.979999542236328,26.979999542236328,26.979999542236328,279,0.0,0.0
2024-05-31 11:30:00-04:00,26.969999313354492,26.969999313354492,26.969999313354492,26.969999313354492,631,0.0,0.0
2024-05-31 11:35:00-04:00,26.889999389648438,26.96660041809082,26.889999389648438,26.924999237060547,551,0.0,0.0
2024-05-31 11:40:00-04:00,26.969999313354492,27.020000457763672,26.924999237060547,26.94499969482422,3383,0.0,0.0
2024-05-31 11:45:00-04:00,26.969999313354492,27.020000457763672,26.969999313354492,27.020000457763672,433,0.0,0.0
2024-05-31 11:50:00-04:00,27.0,27.03499984741211,27.0,27.03499984741211,483,0.0,0.0
2024-05-31 12:00:00-04:00,27.0,27.010000228881836,26.875,26.875,2096,0.0,0.0
2024-05-31 12:05:00-04:00,26.864999771118164,26.864999771118164,26.864999771118164,26.864999771118164,352,0.0,0.0
2024-05-31 12:15:00-04:00,26.81999969482422,26.864999771118164,26.76140022277832,26.76140022277832,1050,0.0,0.0
2024-05-31 12:20:00-04:00,26.760000228881836,26.90999984741211,26.760000228881836,26.825000762939453,542,0.0,0.0
2024-05-31 12:25:00-04:00,26.825000762939453,26.825000762939453,26.739999771118164,26.739999771118164,776,0.0,0.0
2024-05-31 12:40:00-04:00,26.75,26.790000915527344,26.75,26.760000228881836,2120,0.0,0.0
2024-05-31 12:45:00-04:00,26.780000686645508,26.780000686645508,26.739999771118164,26.739999771118164,942,0.0,0.0
2024-05-31 12:55:00-04:00,26.71500015258789,26.71500015258789,26.649999618530273,26.649999618530273,405,0.0,0.0
2024-05-31 13:00:00-04:00,26.649999618530273,26.649999618530273,26.649999618530273,26.649999618530273,482,0.0,0.0
2024-05-31 13:05:00-04:00,26.770000457763672,26.80500030517578,26.760000228881836,26.80500030517578,2006,0.0,0.0
2024-05-31 13:10:00-04:00,26.809999465942383,26.809999465942383,26.809999465942383,26.809999465942383,109,0.0,0.0
2024-05-31 13:15:00-04:00,26.809999465942383,26.809999465942383,26.809999465942383,26.809999465942383,183,0.0,0.0
2024-05-31 13:20:00-04:00,26.799999237060547,26.799999237060547,26.799999237060547,26.799999237060547,153,0.0,0.0
2024-05-31 13:25:00-04:00,26.80500030517578,26.899999618530273,26.80500030517578,26.899999618530273,1305,0.0,0.0
2024-05-31 13:35:00-04:00,26.875,26.875,26.875,26.875,259,0.0,0.0
2024-05-31 13:40:00-04:00,26.875,26.940000534057617,26.875,26.940000534057617,728,0.0,0.0
2024-05-31 13:45:00-04:00,26.924999237060547,26.924999237060547,26.8700008392334,26.8700008392334,482,0.0,0.0
2024-05-31 13:50:00-04:00,26.940000534057617,26.959999084472656,26.889999389648438,26.889999389648438,2590,0.0,0.0
2024-05-31 14:00:00-04:00,26.920000076293945,26.920000076293945,26.920000076293945,26.920000076293945,520,0.0,0.0
2024-05-31 14:05:00-04:00,26.959999084472656,27.0,26.959999084472656,27.0,1128,0.0,0.0
2024-05-31 14:10:00-04:00,26.975000381469727,26.975000381469727,26.975000381469727,26.975000381469727,535,0.0,0.0
2024-05-31 14:15:00-04:00,26.975000381469727,26.975000381469727,26.975000381469727,26.975000381469727,110,0.0,0.0
2024-05-31 14:20:00-04:00,26.940000534057617,26.959999084472656,26.940000534057617,26.959999084472656,689,0.0,0.0
2024-05-31 14:25:00-04:00,26.950000762939453,26.950000762939453,26.950000762939453,26.950000762939453,1002,0.0,0.0
2024-05-31 14:30:00-04:00,26.975000381469727,26.975000381469727,26.940000534057617,26.940000534057617,700,0.0,0.0
2024-05-31 14:35:00-04:00,26.934999465942383,27.010000228881836,26.934999465942383,27.010000228881836,3099,0.0,0.0
2024-05-31 14:45:00-04:00,26.940000534057617,26.969999313354492,26.940000534057617,26.969999313354492,662,0.0,0.0
2024-05-31 14:50:00-04:00,26.979999542236328,26.979999542236328,26.979999542236328,26.979999542236328,1274,0.0,0.0
2024-05-31 14:55:00-04:00,26.950000762939453,26.985000610351562,26.950000762939453,26.950000762939453,1212,0.0,0.0
2024-05-31 15:00:00-04:00,26.940000534057617,26.940000534057617,26.940000534057617,26.940000534057617,379,0.0,0.0
2024-05-31 15:05:00-04:00,26.959999084472656,27.010000228881836,26.959999084472656,27.010000228881836,1593,0.0,0.0
2024-05-31 15:10:00-04:00,26.989999771118164,26.989999771118164,26.8700008392334,26.8700008392334,2724,0.0,0.0
2024-05-31 15:15:00-04:00,26.850000381469727,26.90999984741211,26.78499984741211,26.81999969482422,3485,0.0,0.0
2024-05-31 15:20:00-04:00,26.860000610351562,26.860000610351562,26.860000610351562,26.860000610351562,465,0.0,0.0
2024-05-31 15:25:00-04:00,26.83009910583496,26.850000381469727,26.81999969482422,26.850000381469727,1952,0.0,0.0
2024-05-31 15:30:00-04:00,26.8700008392334,26.902099609375,26.860000610351562,26.860000610351562,1915,0.0,0.0
2024-05-31 15:35:00-04:00,26.850000381469727,26.850000381469727,26.809999465942383,26.834999084472656,3453,0.0,0.0
2024-05-31 15:40:00-04:00,26.799999237060547,26.809999465942383,26.770000457763672,26.799999237060547,5506,0.0,0.0
2024-05-31 15:45:00-04:00,26.829999923706055,26.829999923706055,26.790000915527344,26.81999969482422,3385,0.0,0.0
2024-05-31 15:50:00-04:00,26.790000915527344,26.90999984741211,26.790000915527344,26.790000915527344,20761,0.0,0.0
2024-05-31 15:55:00-04:00,26.799999237060547,26.93000030517578,26.729999542236328,26.899999618530273,28464,0.0,0.0
2024-06-03 09:30:00-04:00,27.219999313354492,27.219999313354492,27.170000076293945,27.170000076293945,2154,0.0,0.0
2024-06-03 09:35:00-04:00,26.84000015258789,26.84000015258789,26.84000015258789,26.84000015258789,1149,0.0,0.0
2024-06-03 09:40:00-04:00,26.969999313354492,26.969999313354492,26.969999313354492,26.969999313354492,1169,0.0,0.0
2024-06-03 09:55:00-04:00,26.84000015258789,26.84000015258789,26.84000015258789,26.84000015258789,574,0.0,0.0
2024-06-03 10:00:00-04:00,26.854000091552734,27.1299991607666,26.854000091552734,27.1299991607666,3290,0.0,0.0
2024-06-03 10:05:00-04:00,27.1299991607666,27.139999389648438,27.1299991607666,27.139999389648438,333,0.0,0.0
2024-06-03 10:10:00-04:00,27.079999923706055,27.09000015258789,27.040000915527344,27.040000915527344,1601,0.0,0.0
2024-06-03 10:15:00-04:00,27.0,27.0,27.0,27.0,162,0.0,0.0
2024-06-03 10:20:00-04:00,26.989999771118164,26.989999771118164,26.969999313354492,26.969999313354492,994,0.0,0.0
2024-06-03 10:30:00-04:00,26.976999282836914,27.030000686645508,26.899999618530273,26.899999618530273,2952,0.0,0.0
2024-06-03 10:35:00-04:00,26.790000915527344,26.790000915527344,26.75,26.75,769,0.0,0.0
2024-06-03 10:40:00-04:00,26.709999084472656,26.8435001373291,26.709999084472656,26.8435001373291,1144,0.0,0.0
2024-06-03 10:45:00-04:00,26.739999771118164,26.780000686645508,26.690000534057617,26.690000534057617,955,0.0,0.0
2024-06-03 10:50:00-04:00,26.670000076293945,26.670000076293945,26.649999618530273,26.649999618530273,454,0.0,0.0
2024-06-03 10:55:00-04:00,26.649999618530273,26.649999618530273,26.649999618530273,26.649999618530273,144,0.0,0.0
2024-06-03 11:00:00-04:00,26.649999618530273,26.649999618530273,26.600000381469727,26.600000381469727,935,0.0,0.0
2024-06-03 11:05:00-04:00,26.520000457763672,26.520000457763672,26.510000228881836,26.510000228881836,305,0.0,0.0
2024-06-03 11:10:00-04:00,26.510000228881836,26.510000228881836,26.510000228881836,26.510000228881836,309,0.0,0.0
2024-06-03 11:15:00-04:00,26.510000228881836,26.510000228881836,26.459999084472656,26.459999084472656,1331,0.0,0.0
2024-06-03 11:20:00-04:00,26.43000030517578,26.43000030517578,26.43000030517578,26.43000030517578,409,0.0,0.0
2024-06-03 11:25:00-04:00,26.420000076293945,26.450000762939453,26.270000457763672,26.299999237060547,2638,0.0,0.0
2024-06-03 11:30:00-04:00,26.350000381469727,26.510000228881836,26.350000381469727,26.434999465942383,2987,0.0,0.0
2024-06-03 11:45:00-04:00,26.489999771118164,26.489999771118164,26.489999771118164,26.489999771118164,377,0.0,0.0
2024-06-03 11:50:00-04:00,26.459999084472656,26.514999389648438,26.459999084472656,26.459999084472656,533,0.0,0.0
2024-06-03 11:55:00-04:00,26.514999389648438,26.514999389648438,26.514999389648438,26.514999389648438,153,0.0,0.0
2024-06-03 12:05:00-04:00,26.479999542236328,26.479999542236328,26.469999313354492,26.469999313354492,1797,0.0,0.0
2024-06-03 12:10:00-04:00,26.5,26.510000228881836,26.5,26.510000228881836,1127,0.0,0.0
2024-06-03 12:15:00-04:00,26.450000762939453,26.450000762939453,26.43000030517578,26.43000030517578,259,0.0,0.0
2024-06-03 12:20:00-04:00,26.44499969482422,26.450000762939453,26.44499969482422,26.450000762939453,299,0.0,0.0
2024-06-03 12:25:00-04:00,26.450000762939453,26.450000762939453,26.354999542236328,26.354999542236328,1185,0.0,0.0
2024-06-03 12:35:00-04:00,26.40999984741211,26.43000030517578,26.40999984741211,26.43000030517578,1552,0.0,0.0
2024-06-03 12:40:00-04:00,26.399999618530273,26.399999618530273,26.3799991607666,26.3799991607666,1007,0.0,0.0
2024-06-03 12:45:00-04:00,26.360000610351562,26.399999618530273,26.360000610351562,26.399999618530273,712,0.0,0.0
2024-06-03 12:50:00-04:00,26.399999618530273,26.399999618530273,26.3700008392334,26.3700008392334,1414,0.0,0.0
2024-06-03 12:55:00-04:00,26.40999984741211,26.46500015258789,26.40999984741211,26.459999084472656,4359,0.0,0.0
2024-06-03 13:00:00-04:00,26.469999313354492,26.549999237060547,26.469999313354492,26.520000457763672,1438,0.0,0.0
2024-06-03 13:10:00-04:00,26.510000228881836,26.559999465942383,26.510000228881836,26.559999465942383,635,0.0,0.0
2024-06-03 13:15:00-04:00,26.56999969482422,26.649999618530273,26.56999969482422,26.649999618530273,2972,0.0,0.0
2024-06-03 13:20:00-04:00,26.68000030517578,26.68000030517578,26.610000610351562,26.610000610351562,2279,0.0,0.0
2024-06-03 13:35:00-04:00,26.649999618530273,26.649999618530273,26.610000610351562,26.614999771118164,1137,0.0,0.0
2024-06-03 13:40:00-04:00,26.65999984741211,26.65999984741211,26.56999969482422,26.610000610351562,1264,0.0,0.0
2024-06-03 13:45:00-04:00,26.607999801635742,26.610000610351562,26.559999465942383,26.559999465942383,886,0.0,0.0
2024-06-03 13:50:00-04:00,26.562000274658203,26.562000274658203,26.450000762939453,26.450000762939453,1529,0.0,0.0
2024-06-03 13:55:00-04:00,26.5,26.549999237060547,26.489999771118164,26.489999771118164,2121,0.0,0.0
2024-06-03 14:00:00-04:00,26.540000915527344,26.549999237060547,26.420000076293945,26.420000076293945,2374,0.0,0.0
2024-06-03 14:05:00-04:00,26.420000076293945,26.559999465942383,26.420000076293945,26.489999771118164,2507,0.0,0.0
2024-06-03 14:10:00-04:00,26.510000228881836,26.511999130249023,26.5,26.5,1453,0.0,0.0
2024-06-03 14:15:00-04:00,26.45800018310547,26.479999542236328,26.441999435424805,26.479999542236328,974,0.0,0.0
2024-06-03 14:20:00-04:00,26.440000534057617,26.559999465942383,26.440000534057617,26.559999465942383,733,0.0,0.0
2024-06-03 14:25:00-04:00,26.510000228881836,26.6299991607666,26.510000228881836,26.6299991607666,1130,0.0,0.0
2024-06-03 14:30:00-04:00,26.6299991607666,26.6299991607666,26.6299991607666,26.6299991607666,148,0.0,0.0
2024-06-03 14:35:00-04:00,26.639999389648438,26.69499969482422,26.639999389648438,26.69499969482422,642,0.0,0.0
2024-06-03 14:40:00-04:00,26.709999084472656,26.729999542236328,26.700000762939453,26.729999542236328,2027,0.0,0.0
2024-06-03 14:50:00-04:00,26.674999237060547,26.700000762939453,26.59000015258789,26.69219970703125,4411,0.0,0.0
2024-06-03 14:55:00-04:00,26.5,26.510000228881836,26.5,26.510000228881836,240,0.0,0.0
2024-06-03 15:00:00-04:00,26.510000228881836,26.510000228881836,26.43000030517578,26.5,2799,0.0,0.0
2024-06-03 15:05:00-04:00,26.520000457763672,26.520000457763672,26.450000762939453,26.485000610351562,1170,0.0,0.0
2024-06-03 15:10:00-04:00,26.520000457763672,26.559999465942383,26.520000457763672,26.559999465942383,1493,0.0,0.0
2024-06-03 15:15:00-04:00,26.600000381469727,26.645000457763672,26.600000381469727,26.645000457763672,715,0.0,0.0
2024-06-03 15:20:00-04:00,26.655000686645508,26.690000534057617,26.59000015258789,26.600000381469727,2058,0.0,0.0
2024-06-03 15:30:00-04:00,26.639999389648438,26.639999389648438,26.510000228881836,26.565000534057617,3236,0.0,0.0
2024-06-03 15:35:00-04:00,26.56999969482422,26.610000610351562,26.56999969482422,26.610000610351562,1080,0.0,0.0
2024-06-03 15:40:00-04:00,26.68000030517578,26.68000030517578,26.610000610351562,26.610000610351562,1198,0.0,0.0
2024-06-03 15:45:00-04:00,26.610000610351562,26.610000610351562,26.530000686645508,26.559999465942383,5262,0.0,0.0
2024-06-03 15:50:00-04:00,26.559999465942383,26.559999465942383,26.450000762939453,26.5,10345,0.0,0.0
2024-06-03 15:55:00-04:00,26.520000457763672,26.521400451660156,26.420000076293945,26.469999313354492,17501,0.0,0.0
2024-06-04 09:30:00-04:00,27.239999771118164,27.5,27.0,27.5,29031,0.0,0.0
2024-06-04 09:35:00-04:00,27.610000610351562,27.809999465942383,27.422199249267578,27.809999465942383,5934,0.0,0.0
2024-06-04 09:40:00-04:00,27.79990005493164,27.79990005493164,27.350000381469727,27.545000076293945,9050,0.0,0.0
2024-06-04 09:45:00-04:00,27.604999542236328,28.3799991607666,27.520000457763672,28.3799991607666,25359,0.0,0.0
2024-06-04 09:50:00-04:00,28.060100555419922,28.429899215698242,28.060100555419922,28.429899215698242,5974,0.0,0.0
2024-06-04 09:55:00-04:00,28.110000610351562,28.33769989013672,28.100000381469727,28.200000762939453,3224,0.0,0.0
2024-06-04 10:00:00-04:00,28.25,28.25,27.84000015258789,27.84000015258789,10279,0.0,0.0
2024-06-04 10:05:00-04:00,27.834999084472656,27.834999084472656,27.834999084472656,27.834999084472656,154,0.0,0.0
2024-06-04 10:10:00-04:00,27.8700008392334,28.0,27.8700008392334,28.0,1207,0.0,0.0
2024-06-04 10:15:00-04:00,28.09000015258789,28.15999984741211,28.020000457763672,28.100000381469727,4839,0.0,0.0
2024-06-04 10:20:00-04:00,28.045000076293945,28.045000076293945,27.94499969482422,27.94499969482422,1551,0.0,0.0
2024-06-04 10:25:00-04:00,28.0,28.0,27.684999465942383,27.799999237060547,4756,0.0,0.0
2024-06-04 10:30:00-04:00,27.75,27.75,27.55699920654297,27.55699920654297,1505,0.0,0.0
2024-06-04 10:35:00-04:00,27.68000030517578,27.719999313354492,27.68000030517578,27.719999313354492,863,0.0,0.0
2024-06-04 10:40:00-04:00,27.6299991607666,27.65999984741211,27.540000915527344,27.65999984741211,3735,0.0,0.0
2024-06-04 10:45:00-04:00,27.65999984741211,27.670000076293945,27.600000381469727,27.600000381469727,2360,0.0,0.0
2024-06-04 10:55:00-04:00,27.510000228881836,27.510000228881836,27.399999618530273,27.399999618530273,819,0.0,0.0
2024-06-04 11:00:00-04:00,27.5,27.5,27.5,27.5,1680,0.0,0.0
2024-06-04 11:10:00-04:00,27.5,27.5,27.5,27.5,209,0.0,0.0
2024-06-04 11:20:00-04:00,27.520000457763672,27.520000457763672,27.469999313354492,27.5049991607666,2089,0.0,0.0
2024-06-04 11:30:00-04:00,27.489999771118164,27.559999465942383,27.479999542236328,27.530000686645508,3647,0.0,0.0
2024-06-04 11:35:00-04:00,27.530000686645508,27.59000015258789,27.530000686645508,27.59000015258789,962,0.0,0.0
2024-06-04 11:45:00-04:00,27.530000686645508,27.655000686645508,27.530000686645508,27.655000686645508,5081,0.0,0.0
2024-06-04 11:50:00-04:00,27.690000534057617,27.690000534057617,27.565000534057617,27.59000015258789,4354,0.0,0.0
2024-06-04 11:55:00-04:00,27.649999618530273,27.729999542236328,27.645000457763672,27.729999542236328,1659,0.0,0.0
2024-06-04 12:10:00-04:00,27.719999313354492,27.829999923706055,27.719999313354492,27.825000762939453,2030,0.0,0.0
2024-06-04 12:15:00-04:00,27.825000762939453,27.825000762939453,27.825000762939453,27.825000762939453,211,0.0,0.0
2024-06-04 12:20:00-04:00,27.879899978637695,27.879899978637695,27.799999237060547,27.799999237060547,2958,0.0,0.0
2024-06-04 12:25:00-04:00,27.790000915527344,27.790000915527344,27.690000534057617,27.704999923706055,6221,0.0,0.0
2024-06-04 12:30:00-04:00,27.711000442504883,27.711000442504883,27.549999237060547,27.56999969482422,4431,0.0,0.0
2024-06-04 12:35:00-04:00,27.549999237060547,27.549999237060547,27.549999237060547,27.549999237060547,216,0.0,0.0
2024-06-04 12:40:00-04:00,27.56999969482422,27.594999313354492,27.559999465942383,27.594999313354492,1237,0.0,0.0
2024-06-04 12:45:00-04:00,27.59000015258789,27.59000015258789,27.59000015258789,27.59000015258789,354,0.0,0.0
2024-06-04 12:50:00-04:00,27.59000015258789,27.70989990234375,27.59000015258789,27.70989990234375,2441,0.0,0.0
2024-06-04 12:55:00-04:00,27.610000610351562,27.610000610351562,27.584999084472656,27.584999084472656,1338,0.0,0.0
2024-06-04 13:00:00-04:00,27.549999237060547,27.559999465942383,27.549999237060547,27.559999465942383,1115,0.0,0.0
2024-06-04 13:05:00-04:00,27.565000534057617,27.60849952697754,27.565000534057617,27.594999313354492,2740,0.0,0.0
2024-06-04 13:10:00-04:00,27.594999313354492,27.6200008392334,27.59000015258789,27.594999313354492,3881,0.0,0.0
2024-06-04 13:15:00-04:00,27.59000015258789,27.600000381469727,27.510000228881836,27.510000228881836,10277,0.0,0.0
2024-06-04 13:20:00-04:00,27.524999618530273,27.524999618530273,27.479999542236328,27.524999618530273,438,0.0,0.0
2024-06-04 13:25:00-04:00,27.5,27.5,27.46500015258789,27.46500015258789,3131,0.0,0.0
2024-06-04 13:30:00-04:00,27.459999084472656,27.649999618530273,27.440000534057617,27.649999618530273,5020,0.0,0.0
2024-06-04 13:35:00-04:00,27.665000915527344,27.665000915527344,27.665000915527344,27.665000915527344,309,0.0,0.0
2024-06-04 13:50:00-04:00,27.709999084472656,27.780000686645508,27.639999389648438,27.649999618530273,25646,0.0,0.0
2024-06-04 13:55:00-04:00,27.700000762939453,27.700000762939453,27.700000762939453,27.700000762939453,503,0.0,0.0
2024-06-04 14:00:00-04:00,27.699399948120117,27.749900817871094,27.670000076293945,27.709999084472656,1745,0.0,0.0
2024-06-04 14:05:00-04:00,27.75,27.75,27.709999084472656,27.709999084472656,1085,0.0,0.0
2024-06-04 14:10:00-04:00,27.75,27.75,27.719999313354492,27.719999313354492,623,0.0,0.0
2024-06-04 14:15:00-04:00,27.700000762939453,27.760000228881836,27.68000030517578,27.69499969482422,4638,0.0,0.0
2024-06-04 14:20:00-04:00,27.670000076293945,27.68000030517578,27.6299991607666,27.68000030517578,2775,0.0,0.0
2024-06-04 14:25:00-04:00,27.68000030517578,27.790000915527344,27.670000076293945,27.770000457763672,2400,0.0,0.0
2024-06-04 14:30:00-04:00,27.729999542236328,27.729999542236328,27.719999313354492,27.719999313354492,1642,0.0,0.0
2024-06-04 14:35:00-04:00,27.735000610351562,27.780000686645508,27.729999542236328,27.729999542236328,2482,0.0,0.0
2024-06-04 14:40:00-04:00,27.7450008392334,27.889999389648438,27.7450008392334,27.790000915527344,3428,0.0,0.0
2024-06-04 14:45:00-04:00,27.8799991607666,27.8799991607666,27.8700008392334,27.8700008392334,785,0.0,0.0
2024-06-04 14:50:00-04:00,27.81999969482422,27.829999923706055,27.780000686645508,27.799999237060547,1638,0.0,0.0
2024-06-04 14:55:00-04:00,27.780000686645508,27.799999237060547,27.780000686645508,27.799999237060547,866,0.0,0.0
2024-06-04 15:00:00-04:00,27.780000686645508,27.860000610351562,27.760000228881836,27.799999237060547,6792,0.0,0.0
2024-06-04 15:05:00-04:00,27.774999618530273,27.809999465942383,27.774999618530273,27.809999465942383,473,0.0,0.0
2024-06-04 15:10:00-04:00,27.80500030517578,27.81999969482422,27.795000076293945,27.795000076293945,1947,0.0,0.0
2024-06-04 15:15:00-04:00,27.790000915527344,27.790000915527344,27.790000915527344,27.790000915527344,282,0.0,0.0
2024-06-04 15:20:00-04:00,27.790000915527344,27.799999237060547,27.774999618530273,27.790000915527344,1852,0.0,0.0
2024-06-04 15:25:00-04:00,27.770000457763672,27.780000686645508,27.5,27.520000457763672,11508,0.0,0.0
2024-06-04 15:30:00-04:00,27.530000686645508,27.530000686645508,27.510000228881836,27.510000228881836,607,0.0,0.0
2024-06-04 15:35:00-04:00,27.520000457763672,27.540000915527344,27.489999771118164,27.53459930419922,1311,0.0,0.0
2024-06-04 15:40:00-04:00,27.540000915527344,27.59000015258789,27.479999542236328,27.5,13011,0.0,0.0
2024-06-04 15:45:00-04:00,27.520000457763672,27.899999618530273,27.520000457763672,27.81999969482422,13376,0.0,0.0
2024-06-04 15:50:00-04:00,27.8799991607666,27.899999618530273,27.790000915527344,27.850000381469727,10528,0.0,0.0
2024-06-04 15:55:00-04:00,27.829999923706055,27.969999313354492,27.829999923706055,27.969999313354492,29003,0.0,0.0
2024-06-05 09:30:00-04:00,28.020000457763672,28.31999969482422,27.989999771118164,28.302000045776367,7651,0.0,0.0
2024-06-05 09:35:00-04:00,28.09000015258789,28.200000762939453,28.09000015258789,28.104999542236328,5303,0.0,0.0
2024-06-05 09:40:00-04:00,28.010000228881836,28.059999465942383,27.790000915527344,27.79010009765625,11290,0.0,0.0
2024-06-05 09:45:00-04:00,27.989900588989258,27.989900588989258,27.844999313354492,27.844999313354492,547,0.0,0.0
2024-06-05 09:55:00-04:00,27.799999237060547,27.799999237060547,27.799999237060547,27.799999237060547,340,0.0,0.0
2024-06-05 10:05:00-04:00,27.90999984741211,28.190000534057617,27.889999389648438,27.979999542236328,21304,0.0,0.0
2024-06-05 10:10:00-04:00,28.020000457763672,28.110000610351562,28.020000457763672,28.06999969482422,1571,0.0,0.0
2024-06-05 10:15:00-04:00,28.03499984741211,28.03499984741211,28.030000686645508,28.030000686645508,335,0.0,0.0
2024-06-05 10:20:00-04:00,28.110000610351562,28.299999237060547,28.09000015258789,28.184999465942383,13291,0.0,0.0
2024-06-05 10:25:00-04:00,28.1200008392334,28.18000030517578,28.020000457763672,28.040000915527344,2522,0.0,0.0
2024-06-05 10:30:00-04:00,28.03499984741211,28.075000762939453,28.0,28.0,1729,0.0,0.0
2024-06-05 10:40:00-04:00,28.100000381469727,28.1200008392334,27.940000534057617,27.9768009185791,5824,0.0,0.0
2024-06-05 10:45:00-04:00,27.979999542236328,28.0,27.969999313354492,27.969999313354492,2461,0.0,0.0
2024-06-05 10:50:00-04:00,28.0049991607666,28.0049991607666,28.0049991607666,28.0049991607666,229,0.0,0.0
2024-06-05 10:55:00-04:00,28.040000915527344,28.15999984741211,28.040000915527344,28.09000015258789,6405,0.0,0.0
2024-06-05 11:00:00-04:00,28.1200008392334,28.15999984741211,28.059999465942383,28.110000610351562,10974,0.0,0.0
2024-06-05 11:05:00-04:00,28.06999969482422,28.094999313354492,28.059999465942383,28.094999313354492,578,0.0,0.0
2024-06-05 11:10:00-04:00,28.094999313354492,28.145000457763672,28.094999313354492,28.145000457763672,1968,0.0,0.0
2024-06-05 11:15:00-04:00,28.209999084472656,28.309999465942383,28.145000457763672,28.25,1730,0.0,0.0
2024-06-05 11:20:00-04:00,28.19969940185547,28.295000076293945,28.19969940185547,28.295000076293945,811,0.0,0.0
2024-06-05 11:25:00-04:00,28.25,28.489999771118164,28.200000762939453,28.489999771118164,11334,0.0,0.0
2024-06-05 11:30:00-04:00,28.489999771118164,28.69499969482422,28.43000030517578,28.665000915527344,12846,0.0,0.0
2024-06-05 11:35:00-04:00,28.600000381469727,28.6299991607666,28.489999771118164,28.510000228881836,7485,0.0,0.0
2024-06-05 11:40:00-04:00,28.510000228881836,28.545000076293945,28.510000228881836,28.545000076293945,551,0.0,0.0
2024-06-05 11:45:00-04:00,28.5,28.5,28.5,28.5,273,0.0,0.0
2024-06-05 11:50:00-04:00,28.5049991607666,28.530000686645508,28.5049991607666,28.530000686645508,674,0.0,0.0
2024-06-05 12:00:00-04:00,28.489999771118164,28.614999771118164,28.479999542236328,28.614999771118164,4949,0.0,0.0
2024-06-05 12:05:00-04:00,28.61319923400879,28.61319923400879,28.510000228881836,28.510000228881836,2508,0.0,0.0
2024-06-05 12:10:00-04:00,28.50629997253418,28.514799118041992,28.50629997253418,28.514799118041992,370,0.0,0.0
2024-06-05 12:15:00-04:00,28.530000686645508,28.610000610351562,28.530000686645508,28.610000610351562,2317,0.0,0.0
2024-06-05 12:20:00-04:00,28.63330078125,28.63330078125,28.610000610351562,28.610000610351562,2086,0.0,0.0
2024-06-05 12:25:00-04:00,28.610000610351562,28.610000610351562,28.610000610351562,28.610000610351562,584,0.0,0.0
2024-06-05 12:30:00-04:00,28.63990020751953,28.63990020751953,28.610000610351562,28.610000610351562,374,0.0,0.0
2024-06-05 12:35:00-04:00,28.610000610351562,28.799999237060547,28.610000610351562,28.760000228881836,6965,0.0,0.0
2024-06-05 12:40:00-04:00,28.760000228881836,28.760000228881836,28.719999313354492,28.7549991607666,1200,0.0,0.0
2024-06-05 12:45:00-04:00,28.7450008392334,28.7450008392334,28.68000030517578,28.700000762939453,890,0.0,0.0
2024-06-05 12:50:00-04:00,28.739999771118164,28.739999771118164,28.739999771118164,28.739999771118164,227,0.0,0.0
2024-06-05 12:55:00-04:00,28.690000534057617,28.719999313354492,28.68000030517578,28.690000534057617,1813,0.0,0.0
2024-06-05 13:00:00-04:00,28.729999542236328,28.729999542236328,28.700000762939453,28.709999084472656,431,0.0,0.0
2024-06-05 13:05:00-04:00,28.670000076293945,28.739999771118164,28.670000076293945,28.739999771118164,379,0.0,0.0
2024-06-05 13:10:00-04:00,28.690000534057617,28.718000411987305,28.68000030517578,28.68000030517578,1163,0.0,0.0
2024-06-05 13:15:00-04:00,28.68000030517578,28.68000030517578,28.68000030517578,28.68000030517578,389,0.0,0.0
2024-06-05 13:20:00-04:00,28.760000228881836,28.760000228881836,28.670000076293945,28.71500015258789,499,0.0,0.0
2024-06-05 13:25:00-04:00,28.719999313354492,28.719999313354492,28.68000030517578,28.68000030517578,1779,0.0,0.0
2024-06-05 13:30:00-04:00,28.68000030517578,28.760000228881836,28.68000030517578,28.71500015258789,677,0.0,0.0
2024-06-05 13:40:00-04:00,28.71500015258789,28.71500015258789,28.71500015258789,28.71500015258789,518,0.0,0.0
2024-06-05 13:45:00-04:00,28.68000030517578,28.68000030517578,28.68000030517578,28.68000030517578,170,0.0,0.0
2024-06-05 13:50:00-04:00,28.739999771118164,28.739999771118164,28.739999771118164,28.739999771118164,876,0.0,0.0
2024-06-05 13:55:00-04:00,28.709999084472656,28.735000610351562,28.700000762939453,28.709999084472656,840,0.0,0.0
2024-06-05 14:00:00-04:00,28.735000610351562,28.770000457763672,28.690000534057617,28.690000534057617,4638,0.0,0.0
2024-06-05 14:05:00-04:00,28.684999465942383,28.770000457763672,28.684999465942383,28.75,7248,0.0,0.0
2024-06-05 14:10:00-04:00,28.719999313354492,28.719999313354492,28.719999313354492,28.719999313354492,305,0.0,0.0
2024-06-05 14:15:00-04:00,28.719999313354492,28.760000228881836,28.700000762939453,28.725000381469727,601,0.0,0.0
2024-06-05 14:20:00-04:00,28.749099731445312,28.749099731445312,28.725000381469727,28.725000381469727,623,0.0,0.0
2024-06-05 14:25:00-04:00,28.690000534057617,28.729999542236328,28.690000534057617,28.709999084472656,2029,0.0,0.0
2024-06-05 14:30:00-04:00,28.709999084472656,28.739999771118164,28.709999084472656,28.719999313354492,3737,0.0,0.0
2024-06-05 14:35:00-04:00,28.700000762939453,28.700000762939453,28.700000762939453,28.700000762939453,780,0.0,0.0
2024-06-05 14:40:00-04:00,28.700000762939453,28.700000762939453,28.700000762939453,28.700000762939453,192,0.0,0.0
2024-06-05 14:45:00-04:00,28.700000762939453,28.700000762939453,28.56999969482422,28.56999969482422,2023,0.0,0.0
2024-06-05 14:50:00-04:00,28.579999923706055,28.579999923706055,28.459999084472656,28.510000228881836,6269,0.0,0.0
2024-06-05 14:55:00-04:00,28.549999237060547,28.6299991607666,28.549999237060547,28.6200008392334,4406,0.0,0.0
2024-06-05 15:00:00-04:00,28.625,28.6299991607666,28.625,28.6299991607666,263,0.0,0.0
2024-06-05 15:05:00-04:00,28.625,28.6299991607666,28.625,28.6299991607666,1510,0.0,0.0
2024-06-05 15:15:00-04:00,28.59000015258789,28.610000610351562,28.479999542236328,28.610000610351562,8688,0.0,0.0
2024-06-05 15:20:00-04:00,28.614999771118164,28.614999771118164,28.579999923706055,28.584999084472656,473,0.0,0.0
2024-06-05 15:25:00-04:00,28.575000762939453,28.6299991607666,28.559999465942383,28.611000061035156,2781,0.0,0.0
2024-06-05 15:30:00-04:00,28.6200008392334,28.68000030517578,28.59000015258789,28.68000030517578,2123,0.0,0.0
2024-06-05 15:35:00-04:00,28.6299991607666,28.735000610351562,28.6299991607666,28.735000610351562,2137,0.0,0.0
2024-06-05 15:40:00-04:00,28.770000457763672,28.780000686645508,28.594999313354492,28.594999313354492,9080,0.0,0.0
2024-06-05 15:45:00-04:00,28.559999465942383,28.579999923706055,28.361000061035156,28.459999084472656,9728,0.0,0.0
2024-06-05 15:50:00-04:00,28.479999542236328,28.549999237060547,28.475000381469727,28.540000915527344,4735,0.0,0.0
2024-06-05 15:55:00-04:00,28.549999237060547,28.700000762939453,28.540000915527344,28.670000076293945,22547,0.0,0.0
2024-06-06 09:30:00-04:00,28.3799991607666,28.82990074157715,28.3799991607666,28.579999923706055,0,0.0,0.0
2024-06-06 09:40:00-04:00,28.77199935913086,28.77199935913086,28.739999771118164,28.739999771118164,332,0.0,0.0
2024-06-06 09:45:00-04:00,28.65999984741211,28.829999923706055,28.65999984741211,28.829999923706055,579,0.0,0.0
2024-06-06 09:50:00-04:00,28.774999618530273,28.799999237060547,28.739999771118164,28.799999237060547,1586,0.0,0.0
2024-06-06 09:55:00-04:00,28.899999618530273,29.079999923706055,28.899900436401367,29.06999969482422,4117,0.0,0.0
2024-06-06 10:00:00-04:00,28.979999542236328,28.989999771118164,28.8700008392334,28.93000030517578,4242,0.0,0.0
2024-06-06 10:05:00-04:00,29.0,29.010000228881836,28.934999465942383,28.934999465942383,949,0.0,0.0
2024-06-06 10:10:00-04:00,28.8700008392334,28.8700008392334,28.860000610351562,28.864999771118164,829,0.0,0.0
2024-06-06 10:15:00-04:00,28.790000915527344,28.84000015258789,28.780000686645508,28.84000015258789,2426,0.0,0.0
2024-06-06 10:30:00-04:00,28.851999282836914,28.851999282836914,28.790000915527344,28.790000915527344,1970,0.0,0.0
2024-06-06 10:40:00-04:00,28.799999237060547,28.950000762939453,28.719999313354492,28.950000762939453,5444,0.0,0.0
2024-06-06 10:50:00-04:00,28.829999923706055,28.829999923706055,28.799999237060547,28.815000534057617,2072,0.0,0.0
2024-06-06 10:55:00-04:00,28.829999923706055,28.829999923706055,28.780000686645508,28.780000686645508,1092,0.0,0.0
2024-06-06 11:00:00-04:00,28.84000015258789,28.84000015258789,28.84000015258789,28.84000015258789,109,0.0,0.0
2024-06-06 11:05:00-04:00,28.84000015258789,28.850000381469727,28.770000457763672,28.770000457763672,2059,0.0,0.0
2024-06-06 11:20:00-04:00,28.860000610351562,28.860000610351562,28.84000015258789,28.84000015258789,1421,0.0,0.0
2024-06-06 11:40:00-04:00,28.799999237060547,28.799999237060547,28.799999237060547,28.799999237060547,815,0.0,0.0
2024-06-06 11:50:00-04:00,28.799999237060547,28.90999984741211,28.799999237060547,28.90999984741211,7790,0.0,0.0
2024-06-06 12:00:00-04:00,28.8700008392334,28.8700008392334,28.8700008392334,28.8700008392334,485,0.0,0.0
2024-06-06 12:05:00-04:00,28.889999389648438,28.889999389648438,28.889999389648438,28.889999389648438,394,0.0,0.0
2024-06-06 12:10:00-04:00,28.885000228881836,28.885000228881836,28.885000228881836,28.885000228881836,170,0.0,0.0
2024-06-06 12:15:00-04:00,28.850000381469727,28.850000381469727,28.809999465942383,28.809999465942383,943,0.0,0.0
2024-06-06 12:25:00-04:00,28.799999237060547,28.809999465942383,28.799999237060547,28.809999465942383,640,0.0,0.0
2024-06-06 12:30:00-04:00,28.829999923706055,28.829999923706055,28.829999923706055,28.829999923706055,122,0.0,0.0
2024-06-06 12:35:00-04:00,28.860000610351562,28.8700008392334,28.860000610351562,28.8700008392334,960,0.0,0.0
2024-06-06 12:40:00-04:00,28.860000610351562,28.8700008392334,28.860000610351562,28.860000610351562,966,0.0,0.0
2024-06-06 12:45:00-04:00,28.829999923706055,28.829999923706055,28.81999969482422,28.81999969482422,771,0.0,0.0
2024-06-06 13:05:00-04:00,28.809999465942383,28.850000381469727,28.799999237060547,28.850000381469727,2621,0.0,0.0
2024-06-06 13:20:00-04:00,28.799999237060547,28.799999237060547,28.799999237060547,28.799999237060547,387,0.0,0.0
2024-06-06 13:30:00-04:00,28.850000381469727,28.899999618530273,28.850000381469727,28.899999618530273,1542,0.0,0.0
2024-06-06 13:35:00-04:00,28.940000534057617,28.940000534057617,28.940000534057617,28.940000534057617,435,0.0,0.0
2024-06-06 13:45:00-04:00,28.889999389648438,28.889999389648438,28.889999389648438,28.889999389648438,2581,0.0,0.0
2024-06-06 13:55:00-04:00,28.920000076293945,28.920000076293945,28.829999923706055,28.829999923706055,914,0.0,0.0
2024-06-06 14:00:00-04:00,28.81999969482422,28.829999923706055,28.780000686645508,28.780000686645508,1320,0.0,0.0
2024-06-06 14:05:00-04:00,28.770000457763672,28.770000457763672,28.770000457763672,28.770000457763672,573,0.0,0.0
2024-06-06 14:10:00-04:00,28.700000762939453,28.700000762939453,28.65999984741211,28.65999984741211,444,0.0,0.0
2024-06-06 14:15:00-04:00,28.699899673461914,28.699899673461914,28.627599716186523,28.627599716186523,1774,0.0,0.0
2024-06-06 14:25:00-04:00,28.700000762939453,28.741600036621094,28.65999984741211,28.741600036621094,2000,0.0,0.0
2024-06-06 14:40:00-04:00,28.741600036621094,28.741600036621094,28.741600036621094,28.741600036621094,729,0.0,0.0
2024-06-06 14:50:00-04:00,28.700000762939453,28.719999313354492,28.700000762939453,28.719999313354492,441,0.0,0.0
2024-06-06 14:55:00-04:00,28.729999542236328,28.729999542236328,28.680099487304688,28.704999923706055,1241,0.0,0.0
2024-06-06 15:00:00-04:00,28.690000534057617,28.700000762939453,28.674999237060547,28.700000762939453,2220,0.0,0.0
2024-06-06 15:05:00-04:00,28.729999542236328,28.755399703979492,28.729999542236328,28.755399703979492,1114,0.0,0.0
2024-06-06 15:10:00-04:00,28.75,28.75,28.75,28.75,408,0.0,0.0
2024-06-06 15:20:00-04:00,28.757400512695312,28.799999237060547,28.700000762939453,28.799999237060547,1728,0.0,0.0
2024-06-06 15:25:00-04:00,28.81999969482422,28.81999969482422,28.809999465942383,28.809999465942383,1278,0.0,0.0
2024-06-06 15:35:00-04:00,28.764999389648438,28.764999389648438,28.729999542236328,28.739999771118164,1072,0.0,0.0
2024-06-06 15:40:00-04:00,28.75,28.770000457763672,28.75,28.770000457763672,889,0.0,0.0
2024-06-06 15:45:00-04:00,28.760000228881836,28.817699432373047,28.760000228881836,28.817699432373047,1193,0.0,0.0
2024-06-06 15:50:00-04:00,28.790000915527344,28.809999465942383,28.790000915527344,28.809999465942383,1508,0.0,0.0
2024-06-06 15:55:00-04:00,28.790000915527344,28.850000381469727,28.75,28.829999923706055,14136,0.0,0.0
2024-06-07 09:30:00-04:00,28.440000534057617,28.440000534057617,28.440000534057617,28.440000534057617,691,0.0,0.0
2024-06-07 09:35:00-04:00,28.46500015258789,28.46500015258789,28.46500015258789,28.46500015258789,143,0.0,0.0
2024-06-07 09:40:00-04:00,28.6299991607666,28.649999618530273,28.610000610351562,28.649999618530273,1853,0.0,0.0
2024-06-07 09:45:00-04:00,28.6299991607666,28.6299991607666,28.530000686645508,28.530000686645508,1491,0.0,0.0
2024-06-07 09:50:00-04:00,28.699899673461914,28.699899673461914,28.584999084472656,28.584999084472656,1462,0.0,0.0
2024-06-07 10:00:00-04:00,28.489999771118164,28.5,28.489999771118164,28.5,678,0.0,0.0
2024-06-07 10:05:00-04:00,28.610000610351562,28.610000610351562,28.610000610351562,28.610000610351562,130,0.0,0.0
2024-06-07 10:15:00-04:00,28.609899520874023,28.6200008392334,28.593000411987305,28.610000610351562,2040,0.0,0.0
2024-06-07 10:20:00-04:00,28.635900497436523,28.690000534057617,28.635900497436523,28.690000534057617,441,0.0,0.0
2024-06-07 10:30:00-04:00,28.601999282836914,28.639999389648438,28.559999465942383,28.639999389648438,1241,0.0,0.0
2024-06-07 10:35:00-04:00,28.65999984741211,28.700000762939453,28.65999984741211,28.700000762939453,410,0.0,0.0
2024-06-07 10:40:00-04:00,28.729999542236328,28.729999542236328,28.702999114990234,28.702999114990234,558,0.0,0.0
2024-06-07 10:50:00-04:00,28.680599212646484,28.739999771118164,28.680599212646484,28.69499969482422,719,0.0,0.0
2024-06-07 11:00:00-04:00,28.639999389648438,28.68000030517578,28.6200008392334,28.6200008392334,1311,0.0,0.0
2024-06-07 11:05:00-04:00,28.53499984741211,28.53499984741211,28.530000686645508,28.530000686645508,542,0.0,0.0
2024-06-07 11:20:00-04:00,28.540000915527344,28.549999237060547,28.440000534057617,28.520000457763672,5771,0.0,0.0
2024-06-07 11:25:00-04:00,28.584999084472656,28.65999984741211,28.584999084472656,28.649999618530273,1086,0.0,0.0
2024-06-07 11:30:00-04:00,28.549999237060547,28.579999923706055,28.549999237060547,28.579999923706055,437,0.0,0.0
2024-06-07 11:35:00-04:00,28.600000381469727,28.600000381469727,28.53499984741211,28.53499984741211,583,0.0,0.0
2024-06-07 11:40:00-04:00,28.55229949951172,28.6299991607666,28.55229949951172,28.610000610351562,818,0.0,0.0
2024-06-07 11:45:00-04:00,28.540000915527344,28.540000915527344,28.540000915527344,28.540000915527344,324,0.0,0.0
2024-06-07 11:55:00-04:00,28.604999542236328,28.604999542236328,28.604999542236328,28.604999542236328,601,0.0,0.0
2024-06-07 12:00:00-04:00,28.649999618530273,28.649999618530273,28.604999542236328,28.604999542236328,682,0.0,0.0
2024-06-07 12:20:00-04:00,28.604999542236328,28.604999542236328,28.549999237060547,28.579999923706055,2336,0.0,0.0
2024-06-07 12:25:00-04:00,28.59000015258789,28.59000015258789,28.59000015258789,28.59000015258789,717,0.0,0.0
2024-06-07 12:30:00-04:00,28.600000381469727,28.6200008392334,28.600000381469727,28.6200008392334,413,0.0,0.0
2024-06-07 12:35:00-04:00,28.58300018310547,28.58300018310547,28.58300018310547,28.58300018310547,546,0.0,0.0
2024-06-07 12:45:00-04:00,28.530000686645508,28.549999237060547,28.5049991607666,28.549999237060547,755,0.0,0.0
2024-06-07 12:50:00-04:00,28.520000457763672,28.520000457763672,28.520000457763672,28.520000457763672,456,0.0,0.0
2024-06-07 12:55:00-04:00,28.559999465942383,28.6200008392334,28.559999465942383,28.6200008392334,917,0.0,0.0
2024-06-07 13:00:00-04:00,28.614999771118164,28.614999771118164,28.614999771118164,28.614999771118164,608,0.0,0.0
2024-06-07 13:25:00-04:00,28.5,28.559999465942383,28.5,28.53499984741211,5113,0.0,0.0
2024-06-07 13:30:00-04:00,28.540000915527344,28.549999237060547,28.540000915527344,28.549999237060547,648,0.0,0.0
2024-06-07 13:35:00-04:00,28.530000686645508,28.530000686645508,28.520000457763672,28.520000457763672,617,0.0,0.0
2024-06-07 13:45:00-04:00,28.5,28.5,28.5,28.5,645,0.0,0.0
2024-06-07 13:50:00-04:00,28.434999465942383,28.489999771118164,28.434999465942383,28.489999771118164,2684,0.0,0.0
2024-06-07 13:55:00-04:00,28.485000610351562,28.485000610351562,28.485000610351562,28.485000610351562,152,0.0,0.0
2024-06-07 14:00:00-04:00,28.440000534057617,28.440000534057617,28.440000534057617,28.440000534057617,550,0.0,0.0
2024-06-07 14:10:00-04:00,28.389999389648438,28.40999984741211,28.389999389648438,28.40999984741211,457,0.0,0.0
2024-06-07 14:20:00-04:00,28.40999984741211,28.40999984741211,28.40999984741211,28.40999984741211,369,0.0,0.0
2024-06-07 14:25:00-04:00,28.469999313354492,28.479999542236328,28.469999313354492,28.479999542236328,810,0.0,0.0
2024-06-07 14:40:00-04:00,28.489999771118164,28.489999771118164,28.489999771118164,28.489999771118164,1025,0.0,0.0
2024-06-07 14:45:00-04:00,28.4950008392334,28.4950008392334,28.4950008392334,28.4950008392334,170,0.0,0.0
2024-06-07 14:50:00-04:00,28.489999771118164,28.489999771118164,28.479999542236328,28.479999542236328,1076,0.0,0.0
2024-06-07 15:00:00-04:00,28.469999313354492,28.540000915527344,28.40999984741211,28.440000534057617,6149,0.0,0.0
2024-06-07 15:05:00-04:00,28.405000686645508,28.405000686645508,28.364999771118164,28.3700008392334,1075,0.0,0.0
2024-06-07 15:10:00-04:00,28.364999771118164,28.364999771118164,28.364999771118164,28.364999771118164,451,0.0,0.0
2024-06-07 15:20:00-04:00,28.364999771118164,28.420000076293945,28.360000610351562,28.420000076293945,1309,0.0,0.0
2024-06-07 15:25:00-04:00,28.3700008392334,28.3700008392334,28.36479949951172,28.36479949951172,794,0.0,0.0
2024-06-07 15:30:00-04:00,28.3700008392334,28.420000076293945,28.350000381469727,28.3700008392334,2823,0.0,0.0
2024-06-07 15:35:00-04:00,28.3700008392334,28.3700008392334,28.3700008392334,28.3700008392334,861,0.0,0.0
2024-06-07 15:40:00-04:00,28.415599822998047,28.415599822998047,28.40999984741211,28.40999984741211,670,0.0,0.0
2024-06-07 15:45:00-04:00,28.399999618530273,28.399999618530273,28.399999618530273,28.399999618530273,959,0.0,0.0
2024-06-07 15:50:00-04:00,28.389999389648438,28.399999618530273,28.3700008392334,28.3700008392334,1697,0.0,0.0
2024-06-07 15:55:00-04:00,28.329999923706055,28.3799991607666,28.329999923706055,28.34000015258789,6727,0.0,0.0
2024-06-10 09:30:00-04:00,28.010000228881836,28.010000228881836,28.010000228881836,28.010000228881836,2644,0.0,0.0
2024-06-10 09:40:00-04:00,28.010000228881836,28.010000228881836,27.770599365234375,27.770599365234375,2934,0.0,0.0
2024-06-10 09:45:00-04:00,27.90999984741211,28.079999923706055,27.90999984741211,28.079999923706055,1116,0.0,0.0
2024-06-10 09:55:00-04:00,27.8700008392334,27.8700008392334,27.8700008392334,27.8700008392334,119,0.0,0.0
2024-06-10 10:00:00-04:00,27.979999542236328,27.979999542236328,27.864999771118164,27.920000076293945,2168,0.0,0.0
2024-06-10 10:05:00-04:00,27.895000457763672,27.940000534057617,27.895000457763672,27.940000534057617,980,0.0,0.0
2024-06-10 10:15:00-04:00,27.940000534057617,28.066099166870117,27.940000534057617,28.066099166870117,1045,0.0,0.0
2024-06-10 10:30:00-04:00,27.920000076293945,27.920000076293945,27.920000076293945,27.920000076293945,213,0.0,0.0
2024-06-10 10:40:00-04:00,27.861900329589844,27.861900329589844,27.861900329589844,27.861900329589844,393,0.0,0.0
2024-06-10 10:50:00-04:00,27.950000762939453,27.950000762939453,27.950000762939453,27.950000762939453,416,0.0,0.0
2024-06-10 11:00:00-04:00,27.860000610351562,27.860000610351562,27.860000610351562,27.860000610351562,789,0.0,0.0
2024-06-10 11:05:00-04:00,27.864999771118164,27.969999313354492,27.864999771118164,27.969999313354492,1026,0.0,0.0
2024-06-10 11:15:00-04:00,28.020000457763672,28.110000610351562,27.979999542236328,28.09000015258789,3412,0.0,0.0
2024-06-10 11:20:00-04:00,28.110000610351562,28.170000076293945,27.774999618530273,27.799999237060547,14769,0.0,0.0
2024-06-10 11:25:00-04:00,27.799999237060547,27.864999771118164,27.799999237060547,27.864999771118164,3869,0.0,0.0
2024-06-10 11:30:00-04:00,27.864999771118164,28.049999237060547,27.864999771118164,28.045000076293945,2736,0.0,0.0
2024-06-10 11:50:00-04:00,27.989999771118164,27.989999771118164,27.989999771118164,27.989999771118164,1000,0.0,0.0
2024-06-10 12:00:00-04:00,27.959999084472656,27.979999542236328,27.959999084472656,27.979999542236328,1700,0.0,0.0
2024-06-10 12:15:00-04:00,28.020000457763672,28.03499984741211,28.020000457763672,28.03499984741211,536,0.0,0.0
2024-06-10 12:20:00-04:00,28.100000381469727,28.100000381469727,28.100000381469727,28.100000381469727,233,0.0,0.0
2024-06-10 12:25:00-04:00,28.131999969482422,28.131999969482422,28.131999969482422,28.131999969482422,345,0.0,0.0
2024-06-10 12:30:00-04:00,28.1299991607666,28.1299991607666,28.1200008392334,28.1200008392334,470,0.0,0.0
2024-06-10 12:50:00-04:00,28.139999389648438,28.139999389648438,28.125,28.125,1167,0.0,0.0
2024-06-10 13:15:00-04:00,28.110000610351562,28.139999389648438,28.110000610351562,28.139999389648438,748,0.0,0.0
2024-06-10 13:30:00-04:00,28.270000457763672,28.270000457763672,28.270000457763672,28.270000457763672,1123,0.0,0.0
2024-06-10 13:40:00-04:00,28.139999389648438,28.204999923706055,28.1299991607666,28.139999389648438,1875,0.0,0.0
2024-06-10 13:45:00-04:00,28.204999923706055,28.204999923706055,28.204999923706055,28.204999923706055,153,0.0,0.0
2024-06-10 13:50:00-04:00,28.200000762939453,28.24799919128418,28.200000762939453,28.24799919128418,665,0.0,0.0
2024-06-10 13:55:00-04:00,28.160200119018555,28.190000534057617,28.110000610351562,28.15999984741211,7432,0.0,0.0
2024-06-10 14:00:00-04:00,28.15999984741211,28.170000076293945,28.15999984741211,28.170000076293945,803,0.0,0.0
2024-06-10 14:05:00-04:00,28.149999618530273,28.149999618530273,28.1299991607666,28.1299991607666,359,0.0,0.0
2024-06-10 14:15:00-04:00,28.149999618530273,28.229999542236328,28.149999618530273,28.229999542236328,1465,0.0,0.0
2024-06-10 14:20:00-04:00,28.170000076293945,28.18000030517578,28.170000076293945,28.18000030517578,387,0.0,0.0
2024-06-10 14:25:00-04:00,28.18000030517578,28.18000030517578,28.18000030517578,28.18000030517578,107,0.0,0.0
2024-06-10 14:30:00-04:00,28.229900360107422,28.229900360107422,28.18000030517578,28.200000762939453,1296,0.0,0.0
2024-06-10 14:35:00-04:00,28.18000030517578,28.309999465942383,28.18000030517578,28.219999313354492,3481,0.0,0.0
2024-06-10 14:40:00-04:00,28.235000610351562,28.235000610351562,28.20800018310547,28.20800018310547,288,0.0,0.0
2024-06-10 14:45:00-04:00,28.235000610351562,28.235000610351562,28.19029998779297,28.232999801635742,622,0.0,0.0
2024-06-10 14:50:00-04:00,28.26959991455078,28.26959991455078,28.190000534057617,28.204999923706055,1267,0.0,0.0
2024-06-10 14:55:00-04:00,28.200000762939453,28.280000686645508,28.19499969482422,28.270000457763672,6468,0.0,0.0
2024-06-10 15:00:00-04:00,28.299999237060547,28.31999969482422,28.260000228881836,28.280000686645508,6000,0.0,0.0
2024-06-10 15:05:00-04:00,28.325000762939453,28.325000762939453,28.325000762939453,28.325000762939453,310,0.0,0.0
2024-06-10 15:10:00-04:00,28.325000762939453,28.364099502563477,28.280000686645508,28.364099502563477,1015,0.0,0.0
2024-06-10 15:20:00-04:00,28.360000610351562,28.3799991607666,28.360000610351562,28.360000610351562,2382,0.0,0.0
2024-06-10 15:25:00-04:00,28.459999084472656,28.48900032043457,28.450000762939453,28.450000762939453,1446,0.0,0.0
2024-06-10 15:30:00-04:00,28.399999618530273,28.399999618530273,28.34000015258789,28.34000015258789,2745,0.0,0.0
2024-06-10 15:45:00-04:00,28.398000717163086,28.420000076293945,28.389999389648438,28.399999618530273,4769,0.0,0.0
2024-06-10 15:50:00-04:00,28.420000076293945,28.420000076293945,28.395999908447266,28.402799606323242,4255,0.0,0.0
2024-06-10 15:55:00-04:00,28.415000915527344,28.469999313354492,28.389999389648438,28.40999984741211,13464,0.0,0.0
2024-06-11 09:30:00-04:00,28.200000762939453,28.200000762939453,28.200000762939453,28.200000762939453,658,0.0,0.0
2024-06-11 09:35:00-04:00,28.040000915527344,28.040000915527344,28.040000915527344,28.040000915527344,310,0.0,0.0
2024-06-11 10:00:00-04:00,28.049999237060547,28.049999237060547,28.040000915527344,28.040000915527344,433,0.0,0.0
2024-06-11 10:15:00-04:00,28.059999465942383,28.059999465942383,28.049999237060547,28.049999237060547,474,0.0,0.0
2024-06-11 10:20:00-04:00,27.989999771118164,27.989999771118164,27.989999771118164,27.989999771118164,353,0.0,0.0
2024-06-11 10:30:00-04:00,27.989999771118164,27.989999771118164,27.989999771118164,27.989999771118164,213,0.0,0.0
2024-06-11 10:35:00-04:00,27.920000076293945,27.93000030517578,27.920000076293945,27.93000030517578,472,0.0,0.0
2024-06-11 10:40:00-04:00,28.020000457763672,28.020000457763672,28.020000457763672,28.020000457763672,727,0.0,0.0
2024-06-11 10:45:00-04:00,28.06999969482422,28.06999969482422,28.06999969482422,28.06999969482422,375,0.0,0.0
2024-06-11 10:55:00-04:00,28.059200286865234,28.059200286865234,27.860000610351562,27.860000610351562,8744,0.0,0.0
2024-06-11 11:00:00-04:00,27.850000381469727,27.850000381469727,27.850000381469727,27.850000381469727,301,0.0,0.0
2024-06-11 11:05:00-04:00,27.860000610351562,27.93000030517578,27.860000610351562,27.93000030517578,1385,0.0,0.0
2024-06-11 11:10:00-04:00,27.940000534057617,27.959999084472656,27.940000534057617,27.959999084472656,709,0.0,0.0
2024-06-11 11:15:00-04:00,27.93000030517578,27.93000030517578,27.93000030517578,27.93000030517578,129,0.0,0.0
2024-06-11 11:20:00-04:00,27.904800415039062,27.93000030517578,27.904800415039062,27.93000030517578,1379,0.0,0.0
2024-06-11 11:25:00-04:00,28.006900787353516,28.006900787353516,28.006900787353516,28.006900787353516,557,0.0,0.0
2024-06-11 11:35:00-04:00,27.889999389648438,27.899999618530273,27.860000610351562,27.860000610351562,640,0.0,0.0
2024-06-11 11:40:00-04:00,27.940000534057617,27.940000534057617,27.889999389648438,27.889999389648438,261,0.0,0.0
2024-06-11 11:50:00-04:00,27.961000442504883,27.961000442504883,27.961000442504883,27.961000442504883,471,0.0,0.0
2024-06-11 12:05:00-04:00,27.969999313354492,27.969999313354492,27.969999313354492,27.969999313354492,240,0.0,0.0
2024-06-11 12:15:00-04:00,27.950000762939453,27.950000762939453,27.950000762939453,27.950000762939453,228,0.0,0.0
2024-06-11 12:25:00-04:00,27.999900817871094,28.0,27.999900817871094,28.0,1164,0.0,0.0
2024-06-11 12:35:00-04:00,28.045000076293945,28.045000076293945,28.045000076293945,28.045000076293945,2258,0.0,0.0
2024-06-11 12:40:00-04:00,28.07699966430664,28.07699966430664,28.049999237060547,28.049999237060547,882,0.0,0.0
2024-06-11 12:45:00-04:00,28.079999923706055,28.079999923706055,28.065000534057617,28.065000534057617,601,0.0,0.0
2024-06-11 12:55:00-04:00,28.06999969482422,28.06999969482422,28.06999969482422,28.06999969482422,239,0.0,0.0
2024-06-11 13:00:00-04:00,28.079999923706055,28.079999923706055,28.079999923706055,28.079999923706055,707,0.0,0.0
2024-06-11 13:15:00-04:00,28.204999923706055,28.204999923706055,28.204999923706055,28.204999923706055,248,0.0,0.0
2024-06-11 13:25:00-04:00,28.149999618530273,28.15999984741211,28.139999389648438,28.145000457763672,1885,0.0,0.0
2024-06-11 13:50:00-04:00,28.18000030517578,28.18000030517578,28.18000030517578,28.18000030517578,742,0.0,0.0
2024-06-11 14:05:00-04:00,28.1299991607666,28.1299991607666,28.1299991607666,28.1299991607666,234,0.0,0.0
2024-06-11 14:20:00-04:00,28.170000076293945,28.170000076293945,28.149999618530273,28.149999618530273,1100,0.0,0.0
2024-06-11 14:30:00-04:00,28.15999984741211,28.15999984741211,28.149999618530273,28.15999984741211,754,0.0,0.0
2024-06-11 14:50:00-04:00,28.139999389648438,28.15999984741211,28.139999389648438,28.15999984741211,1453,0.0,0.0
2024-06-11 14:55:00-04:00,28.166799545288086,28.170000076293945,28.15999984741211,28.170000076293945,1162,0.0,0.0
2024-06-11 15:00:00-04:00,28.170000076293945,28.190000534057617,28.170000076293945,28.190000534057617,690,0.0,0.0
2024-06-11 15:10:00-04:00,28.18000030517578,28.18000030517578,28.18000030517578,28.18000030517578,207,0.0,0.0
2024-06-11 15:15:00-04:00,28.209999084472656,28.229999542236328,28.200000762939453,28.229999542236328,1752,0.0,0.0
2024-06-11 15:20:00-04:00,28.239999771118164,28.25,28.219999313354492,28.239999771118164,1106,0.0,0.0
2024-06-11 15:25:00-04:00,28.229999542236328,28.229999542236328,28.139999389648438,28.139999389648438,2793,0.0,0.0
2024-06-11 15:30:00-04:00,28.110000610351562,28.110000610351562,28.110000610351562,28.110000610351562,259,0.0,0.0
2024-06-11 15:35:00-04:00,28.145000457763672,28.190000534057617,28.139999389648438,28.18000030517578,1777,0.0,0.0
2024-06-11 15:40:00-04:00,28.235000610351562,28.235000610351562,28.1299991607666,28.1299991607666,4189,0.0,0.0
2024-06-11 15:45:00-04:00,28.1299991607666,28.1299991607666,28.06999969482422,28.09000015258789,2223,0.0,0.0
2024-06-11 15:50:00-04:00,28.06999969482422,28.09000015258789,28.0,28.059999465942383,5956,0.0,0.0
2024-06-11 15:55:00-04:00,28.040000915527344,28.049999237060547,27.899999618530273,27.969999313354492,15082,0.0,0.0
2024-06-12 09:30:00-04:00,28.940000534057617,28.940000534057617,28.940000534057617,28.940000534057617,3047,0.0,0.0
2024-06-12 09:35:00-04:00,28.979999542236328,29.06999969482422,28.920000076293945,28.920000076293945,2105,0.0,0.0
2024-06-12 09:40:00-04:00,28.920000076293945,28.920000076293945,28.864999771118164,28.917600631713867,706,0.0,0.0
2024-06-12 09:45:00-04:00,28.90999984741211,28.940000534057617,28.90999984741211,28.940000534057617,822,0.0,0.0
2024-06-12 09:50:00-04:00,28.940000534057617,28.940000534057617,28.940000534057617,28.940000534057617,664,0.0,0.0
2024-06-12 09:55:00-04:00,29.0,29.059999465942383,28.940000534057617,28.940000534057617,9590,0.0,0.0
2024-06-12 10:00:00-04:00,29.0,29.079999923706055,28.989999771118164,29.0,2838,0.0,0.0
2024-06-12 10:05:00-04:00,29.06999969482422,29.06999969482422,29.0,29.0,1829,0.0,0.0
2024-06-12 10:10:00-04:00,29.0,29.139999389648438,28.959999084472656,29.139999389648438,7709,0.0,0.0
2024-06-12 10:15:00-04:00,29.135000228881836,29.139999389648438,29.059999465942383,29.075000762939453,1730,0.0,0.0
2024-06-12 10:20:00-04:00,29.139999389648438,29.15999984741211,29.065000534057617,29.094999313354492,6839,0.0,0.0
2024-06-12 10:25:00-04:00,29.110000610351562,29.200000762939453,29.110000610351562,29.149999618530273,2694,0.0,0.0
2024-06-12 10:30:00-04:00,29.15999984741211,29.302799224853516,29.15999984741211,29.274999618530273,2947,0.0,0.0
2024-06-12 10:35:00-04:00,29.28499984741211,29.28499984741211,29.190000534057617,29.190000534057617,2084,0.0,0.0
2024-06-12 10:40:00-04:00,29.280000686645508,29.280000686645508,29.18000030517578,29.2549991607666,3976,0.0,0.0
2024-06-12 10:45:00-04:00,29.23710060119629,29.23710060119629,29.139999389648438,29.139999389648438,1191,0.0,0.0
2024-06-12 10:50:00-04:00,29.219900131225586,29.219900131225586,29.079999923706055,29.094999313354492,1722,0.0,0.0
2024-06-12 11:00:00-04:00,29.239999771118164,29.239999771118164,29.174999237060547,29.200000762939453,2566,0.0,0.0
2024-06-12 11:05:00-04:00,29.21500015258789,29.21500015258789,29.21500015258789,29.21500015258789,355,0.0,0.0
2024-06-12 11:10:00-04:00,29.170000076293945,29.309999465942383,29.170000076293945,29.260000228881836,3020,0.0,0.0
2024-06-12 11:15:00-04:00,29.334999084472656,29.34000015258789,29.334999084472656,29.34000015258789,240,0.0,0.0
2024-06-12 11:20:00-04:00,29.290000915527344,29.31999969482422,29.25,29.290000915527344,2295,0.0,0.0
2024-06-12 11:30:00-04:00,29.290000915527344,29.489999771118164,29.264999389648438,29.43000030517578,22694,0.0,0.0
2024-06-12 11:40:00-04:00,29.53499984741211,29.545000076293945,29.53499984741211,29.545000076293945,445,0.0,0.0
2024-06-12 11:45:00-04:00,29.489999771118164,29.5,29.389999389648438,29.389999389648438,3366,0.0,0.0
2024-06-12 11:50:00-04:00,29.405000686645508,29.405000686645508,29.405000686645508,29.405000686645508,369,0.0,0.0
2024-06-12 11:55:00-04:00,29.405000686645508,29.407499313354492,29.405000686645508,29.407499313354492,291,0.0,0.0
2024-06-12 12:00:00-04:00,29.360000610351562,29.360000610351562,29.360000610351562,29.360000610351562,254,0.0,0.0
2024-06-12 12:10:00-04:00,29.399999618530273,29.447799682617188,29.399999618530273,29.447799682617188,842,0.0,0.0
2024-06-12 12:30:00-04:00,29.360000610351562,29.360000610351562,29.35849952697754,29.35849952697754,1198,0.0,0.0
2024-06-12 12:35:00-04:00,29.299999237060547,29.315000534057617,29.299999237060547,29.315000534057617,1341,0.0,0.0
2024-06-12 12:40:00-04:00,29.315000534057617,29.315000534057617,29.200000762939453,29.200000762939453,3023,0.0,0.0
2024-06-12 12:45:00-04:00,29.239999771118164,29.25,29.139999389648438,29.139999389648438,3577,0.0,0.0
2024-06-12 12:50:00-04:00,29.15999984741211,29.15999984741211,29.149999618530273,29.15999984741211,917,0.0,0.0
2024-06-12 12:55:00-04:00,29.140100479125977,29.15999984741211,29.140100479125977,29.15999984741211,1192,0.0,0.0
2024-06-12 13:00:00-04:00,29.25,29.25,29.19499969482422,29.19499969482422,2051,0.0,0.0
2024-06-12 13:05:00-04:00,29.200000762939453,29.200000762939453,29.200000762939453,29.200000762939453,555,0.0,0.0
2024-06-12 13:15:00-04:00,29.170000076293945,29.170000076293945,29.020000457763672,29.10099983215332,17170,0.0,0.0
2024-06-12 13:20:00-04:00,29.03499984741211,29.03499984741211,28.969999313354492,29.0,1500,0.0,0.0
2024-06-12 13:30:00-04:00,29.0,29.014999389648438,28.905000686645508,28.90999984741211,9926,0.0,0.0
2024-06-12 13:35:00-04:00,29.06999969482422,29.06999969482422,29.06999969482422,29.06999969482422,619,0.0,0.0
2024-06-12 13:40:00-04:00,29.020000457763672,29.020000457763672,29.020000457763672,29.020000457763672,216,0.0,0.0
2024-06-12 13:45:00-04:00,29.020000457763672,29.049999237060547,28.989999771118164,28.989999771118164,1385,0.0,0.0
2024-06-12 13:50:00-04:00,29.049999237060547,29.049999237060547,29.049999237060547,29.049999237060547,213,0.0,0.0
2024-06-12 13:55:00-04:00,29.100000381469727,29.239999771118164,29.049999237060547,29.15999984741211,3029,0.0,0.0
2024-06-12 14:00:00-04:00,29.1200008392334,29.15999984741211,28.700000762939453,28.740100860595703,7863,0.0,0.0
2024-06-12 14:05:00-04:00,28.815799713134766,28.815799713134766,28.815799713134766,28.815799713134766,596,0.0,0.0
2024-06-12 14:10:00-04:00,28.950000762939453,28.950000762939453,28.84000015258789,28.84000015258789,13731,0.0,0.0
2024-06-12 14:15:00-04:00,28.979999542236328,28.979999542236328,28.979999542236328,28.979999542236328,385,0.0,0.0
2024-06-12 14:20:00-04:00,28.975000381469727,28.977500915527344,28.975000381469727,28.975000381469727,394,0.0,0.0
2024-06-12 14:25:00-04:00,28.979999542236328,29.09000015258789,28.979999542236328,29.09000015258789,1698,0.0,0.0
2024-06-12 14:30:00-04:00,29.125,29.203500747680664,29.125,29.203500747680664,308,0.0,0.0
2024-06-12 14:35:00-04:00,29.200000762939453,29.209999084472656,29.200000762939453,29.209999084472656,839,0.0,0.0
2024-06-12 14:40:00-04:00,29.209999084472656,29.209999084472656,29.09000015258789,29.149999618530273,2002,0.0,0.0
2024-06-12 14:45:00-04:00,29.079999923706055,29.110000610351562,29.0,29.0,2717,0.0,0.0
2024-06-12 14:55:00-04:00,29.079999923706055,29.079999923706055,29.03499984741211,29.075000762939453,2084,0.0,0.0
2024-06-12 15:00:00-04:00,29.25,29.25,29.09000015258789,29.09000015258789,1700,0.0,0.0
2024-06-12 15:10:00-04:00,29.129899978637695,29.129899978637695,29.129899978637695,29.129899978637695,2009,0.0,0.0
2024-06-12 15:15:00-04:00,29.046199798583984,29.110000610351562,29.046199798583984,29.110000610351562,1004,0.0,0.0
2024-06-12 15:20:00-04:00,29.045000076293945,29.045000076293945,29.045000076293945,29.045000076293945,121,0.0,0.0
2024-06-12 15:25:00-04:00,28.979999542236328,29.124099731445312,28.950000762939453,28.97330093383789,5754,0.0,0.0
2024-06-12 15:35:00-04:00,29.0,29.020000457763672,28.979999542236328,29.0,2021,0.0,0.0
2024-06-12 15:40:00-04:00,28.987199783325195,28.989999771118164,28.950000762939453,28.975000381469727,1526,0.0,0.0
2024-06-12 15:45:00-04:00,29.0,29.010000228881836,28.979999542236328,28.979999542236328,2112,0.0,0.0
2024-06-12 15:50:00-04:00,29.014999389648438,29.1200008392334,28.989999771118164,29.0,14396,0.0,0.0
2024-06-12 15:55:00-04:00,29.030000686645508,29.100000381469727,28.959999084472656,29.030000686645508,13468,0.0,0.0
2024-06-13 09:30:00-04:00,28.920000076293945,28.920000076293945,28.920000076293945,28.920000076293945,2163,0.0,0.0
2024-06-13 09:40:00-04:00,28.639999389648438,28.639999389648438,28.639999389648438,28.639999389648438,155,0.0,0.0
2024-06-13 09:50:00-04:00,28.700000762939453,29.030000686645508,28.700000762939453,29.030000686645508,3220,0.0,0.0
2024-06-13 09:55:00-04:00,28.989999771118164,28.989999771118164,28.989999771118164,28.989999771118164,358,0.0,0.0
2024-06-13 10:00:00-04:00,28.96299934387207,28.96299934387207,28.799999237060547,28.799999237060547,1637,0.0,0.0
2024-06-13 10:10:00-04:00,28.90999984741211,29.028099060058594,28.90999984741211,29.028099060058594,2628,0.0,0.0
2024-06-13 10:20:00-04:00,28.889999389648438,28.999900817871094,28.8700008392334,28.90999984741211,3169,0.0,0.0
2024-06-13 10:25:00-04:00,28.799999237060547,28.81999969482422,28.709999084472656,28.81999969482422,978,0.0,0.0
2024-06-13 10:30:00-04:00,28.789600372314453,28.789600372314453,28.716999053955078,28.716999053955078,651,0.0,0.0
2024-06-13 10:40:00-04:00,28.68000030517578,28.68000030517578,28.68000030517578,28.68000030517578,184,0.0,0.0
2024-06-13 10:45:00-04:00,28.6299991607666,28.6299991607666,28.6299991607666,28.6299991607666,162,0.0,0.0
2024-06-13 10:50:00-04:00,28.700000762939453,28.719999313354492,28.68000030517578,28.719999313354492,2881,0.0,0.0
2024-06-13 10:55:00-04:00,28.729999542236328,28.729999542236328,28.729999542236328,28.729999542236328,382,0.0,0.0
2024-06-13 11:05:00-04:00,28.719999313354492,28.719999313354492,28.594999313354492,28.594999313354492,1715,0.0,0.0
2024-06-13 11:10:00-04:00,28.530000686645508,28.530000686645508,28.43000030517578,28.489999771118164,922,0.0,0.0
2024-06-13 11:15:00-04:00,28.489999771118164,28.489999771118164,28.489999771118164,28.489999771118164,2054,0.0,0.0
2024-06-13 11:20:00-04:00,28.549999237060547,28.600000381469727,28.549999237060547,28.600000381469727,651,0.0,0.0
2024-06-13 11:25:00-04:00,28.6299991607666,28.709999084472656,28.6299991607666,28.709999084472656,2720,0.0,0.0
2024-06-13 11:30:00-04:00,28.81999969482422,28.81999969482422,28.81999969482422,28.81999969482422,297,0.0,0.0
2024-06-13 11:35:00-04:00,28.889999389648438,28.94499969482422,28.84000015258789,28.84000015258789,4248,0.0,0.0
2024-06-13 11:40:00-04:00,28.93000030517578,28.940000534057617,28.93000030517578,28.940000534057617,607,0.0,0.0
2024-06-13 12:00:00-04:00,28.780000686645508,28.790000915527344,28.780000686645508,28.780000686645508,990,0.0,0.0
2024-06-13 12:25:00-04:00,28.790000915527344,28.829999923706055,28.790000915527344,28.790000915527344,787,0.0,0.0
2024-06-13 12:45:00-04:00,28.770000457763672,28.770000457763672,28.770000457763672,28.770000457763672,906,0.0,0.0
2024-06-13 13:00:00-04:00,28.899999618530273,28.90999984741211,28.899999618530273,28.905000686645508,706,0.0,0.0
2024-06-13 13:05:00-04:00,28.969900131225586,28.969900131225586,28.959999084472656,28.959999084472656,3523,0.0,0.0
2024-06-13 13:10:00-04:00,28.920000076293945,28.959999084472656,28.920000076293945,28.959999084472656,446,0.0,0.0
2024-06-13 13:15:00-04:00,28.950000762939453,29.170000076293945,28.950000762939453,29.170000076293945,6021,0.0,0.0
2024-06-13 13:20:00-04:00,29.200000762939453,29.209999084472656,29.030000686645508,29.09000015258789,7295,0.0,0.0
2024-06-13 13:30:00-04:00,29.075000762939453,29.229999542236328,29.075000762939453,29.100000381469727,4512,0.0,0.0
2024-06-13 13:35:00-04:00,29.100000381469727,29.110000610351562,29.010000228881836,29.010000228881836,4813,0.0,0.0
2024-06-13 13:45:00-04:00,29.030000686645508,29.030000686645508,29.030000686645508,29.030000686645508,126,0.0,0.0
2024-06-13 13:50:00-04:00,28.96500015258789,28.96500015258789,28.96500015258789,28.96500015258789,202,0.0,0.0
2024-06-13 13:55:00-04:00,28.969999313354492,29.020000457763672,28.93199920654297,29.020000457763672,4108,0.0,0.0
2024-06-13 14:00:00-04:00,28.93000030517578,28.969999313354492,28.93000030517578,28.969999313354492,456,0.0,0.0
2024-06-13 14:05:00-04:00,28.969999313354492,29.069900512695312,28.959999084472656,29.069900512695312,1340,0.0,0.0
2024-06-13 14:10:00-04:00,28.969999313354492,28.969999313354492,28.93000030517578,28.950000762939453,1004,0.0,0.0
2024-06-13 14:20:00-04:00,28.950000762939453,28.959999084472656,28.950000762939453,28.959999084472656,323,0.0,0.0
2024-06-13 14:25:00-04:00,28.920000076293945,28.920000076293945,28.920000076293945,28.920000076293945,367,0.0,0.0
2024-06-13 14:30:00-04:00,28.959999084472656,29.149900436401367,28.959999084472656,29.149900436401367,2277,0.0,0.0
2024-06-13 14:40:00-04:00,29.079999923706055,29.079999923706055,29.079999923706055,29.079999923706055,732,0.0,0.0
2024-06-13 14:45:00-04:00,29.100000381469727,29.100000381469727,29.100000381469727,29.100000381469727,391,0.0,0.0
2024-06-13 14:50:00-04:00,29.149999618530273,29.309999465942383,29.149999618530273,29.270000457763672,14736,0.0,0.0
2024-06-13 14:55:00-04:00,29.329999923706055,29.329999923706055,29.329999923706055,29.329999923706055,989,0.0,0.0
2024-06-13 15:00:00-04:00,29.389999389648438,29.389999389648438,29.34000015258789,29.34000015258789,1796,0.0,0.0
2024-06-13 15:05:00-04:00,29.34000015258789,29.34000015258789,29.280000686645508,29.280000686645508,2815,0.0,0.0
2024-06-13 15:10:00-04:00,29.292800903320312,29.3700008392334,29.280000686645508,29.3700008392334,5366,0.0,0.0
2024-06-13 15:15:00-04:00,29.350000381469727,29.360000610351562,29.31999969482422,29.360000610351562,3215,0.0,0.0
2024-06-13 15:20:00-04:00,29.3700008392334,29.399999618530273,29.350000381469727,29.399999618530273,3748,0.0,0.0
2024-06-13 15:25:00-04:00,29.4689998626709,29.520000457763672,29.440000534057617,29.440000534057617,4271,0.0,0.0
2024-06-13 15:30:00-04:00,29.3700008392334,29.5,29.3700008392334,29.5,3206,0.0,0.0
2024-06-13 15:35:00-04:00,29.520000457763672,29.520000457763672,29.34000015258789,29.34000015258789,5550,0.0,0.0
2024-06-13 15:40:00-04:00,29.299999237060547,29.350000381469727,29.239999771118164,29.280000686645508,9369,0.0,0.0
2024-06-13 15:45:00-04:00,29.309999465942383,29.375,29.309999465942383,29.375,1885,0.0,0.0
2024-06-13 15:50:00-04:00,29.350000381469727,29.389999389648438,29.334999084472656,29.334999084472656,5794,0.0,0.0
2024-06-13 15:55:00-04:00,29.31999969482422,29.31999969482422,29.1299991607666,29.1299991607666,19941,0.0,0.0
2024-06-14 09:30:00-04:00,28.600000381469727,28.600000381469727,28.600000381469727,28.600000381469727,2627,0.0,0.0
2024-06-14 09:35:00-04:00,29.103200912475586,29.103200912475586,29.103200912475586,29.103200912475586,1357,0.0,0.0
2024-06-14 09:50:00-04:00,28.55500030517578,28.6299991607666,28.55500030517578,28.6299991607666,380,0.0,0.0
2024-06-14 09:55:00-04:00,28.6299991607666,28.65999984741211,28.6299991607666,28.65999984741211,402,0.0,0.0
2024-06-14 10:00:00-04:00,28.700000762939453,28.700000762939453,28.329999923706055,28.3799991607666,1853,0.0,0.0
2024-06-14 10:05:00-04:00,28.282699584960938,28.282699584960938,28.282699584960938,28.282699584960938,600,0.0,0.0
2024-06-14 10:10:00-04:00,28.200000762939453,28.200000762939453,28.12459945678711,28.12459945678711,838,0.0,0.0
2024-06-14 10:20:00-04:00,28.200000762939453,28.260000228881836,28.200000762939453,28.260000228881836,4255,0.0,0.0
2024-06-14 10:30:00-04:00,28.18000030517578,28.18000030517578,28.118999481201172,28.118999481201172,280,0.0,0.0
2024-06-14 10:35:00-04:00,28.1200008392334,28.1299991607666,28.059999465942383,28.1200008392334,2509,0.0,0.0
2024-06-14 10:40:00-04:00,28.229999542236328,28.329999923706055,28.219999313354492,28.329999923706055,1483,0.0,0.0
2024-06-14 10:55:00-04:00,28.37980079650879,28.5,28.37980079650879,28.467500686645508,6206,0.0,0.0
2024-06-14 11:00:00-04:00,28.459999084472656,28.459999084472656,28.459999084472656,28.459999084472656,454,0.0,0.0
2024-06-14 11:05:00-04:00,28.389999389648438,28.389999389648438,28.350000381469727,28.350000381469727,761,0.0,0.0
2024-06-14 11:10:00-04:00,28.3799991607666,28.3799991607666,28.329999923706055,28.329999923706055,328,0.0,0.0
2024-06-14 11:15:00-04:00,28.399999618530273,28.399999618530273,28.399999618530273,28.399999618530273,649,0.0,0.0
2024-06-14 11:25:00-04:00,28.399999618530273,28.399999618530273,28.3700008392334,28.3700008392334,1337,0.0,0.0
2024-06-14 11:30:00-04:00,28.3700008392334,28.3700008392334,28.360000610351562,28.3700008392334,589,0.0,0.0
2024-06-14 11:40:00-04:00,28.280000686645508,28.280000686645508,28.229999542236328,28.229999542236328,531,0.0,0.0
2024-06-14 11:45:00-04:00,28.260000228881836,28.295000076293945,28.239999771118164,28.239999771118164,1822,0.0,0.0
2024-06-14 11:50:00-04:00,28.209999084472656,28.290000915527344,28.209999084472656,28.290000915527344,565,0.0,0.0
2024-06-14 11:55:00-04:00,28.229999542236328,28.229999542236328,28.229999542236328,28.229999542236328,133,0.0,0.0
2024-06-14 12:00:00-04:00,28.329999923706055,28.329999923706055,28.270000457763672,28.270000457763672,403,0.0,0.0
2024-06-14 12:05:00-04:00,28.3700008392334,28.3700008392334,28.359100341796875,28.359100341796875,893,0.0,0.0
2024-06-14 12:15:00-04:00,28.3799991607666,28.3799991607666,28.3799991607666,28.3799991607666,106,0.0,0.0
2024-06-14 12:20:00-04:00,28.3799991607666,28.399999618530273,28.3700008392334,28.3700008392334,1849,0.0,0.0
2024-06-14 12:30:00-04:00,28.3700008392334,28.3700008392334,28.3700008392334,28.3700008392334,224,0.0,0.0
2024-06-14 12:35:00-04:00,28.43910026550293,28.440000534057617,28.43910026550293,28.440000534057617,403,0.0,0.0
2024-06-14 12:40:00-04:00,28.40999984741211,28.40999984741211,28.350000381469727,28.3799991607666,2254,0.0,0.0
2024-06-14 12:50:00-04:00,28.350000381469727,28.350000381469727,28.350000381469727,28.350000381469727,157,0.0,0.0
2024-06-14 12:55:00-04:00,28.3799991607666,28.389999389648438,28.3700008392334,28.3700008392334,447,0.0,0.0
2024-06-14 13:05:00-04:00,28.360000610351562,28.420000076293945,28.360000610351562,28.40999984741211,1604,0.0,0.0
2024-06-14 13:20:00-04:00,28.3799991607666,28.3799991607666,28.3700008392334,28.3700008392334,847,0.0,0.0
2024-06-14 13:25:00-04:00,28.241199493408203,28.241199493408203,28.241199493408203,28.241199493408203,457,0.0,0.0
2024-06-14 13:45:00-04:00,28.29599952697754,28.29599952697754,28.25,28.25,519,0.0,0.0
2024-06-14 13:50:00-04:00,28.2450008392334,28.2450008392334,28.2450008392334,28.2450008392334,151,0.0,0.0
2024-06-14 13:55:00-04:00,28.239999771118164,28.299999237060547,28.100000381469727,28.100000381469727,13459,0.0,0.0
2024-06-14 14:00:00-04:00,28.110000610351562,28.110000610351562,28.110000610351562,28.110000610351562,211,0.0,0.0
2024-06-14 14:05:00-04:00,28.200000762939453,28.219999313354492,28.1200008392334,28.170000076293945,4143,0.0,0.0
2024-06-14 14:15:00-04:00,28.209999084472656,28.209999084472656,28.15999984741211,28.15999984741211,995,0.0,0.0
2024-06-14 14:25:00-04:00,28.139999389648438,28.139999389648438,28.139999389648438,28.139999389648438,613,0.0,0.0
2024-06-14 14:30:00-04:00,28.1200008392334,28.1200008392334,28.1200008392334,28.1200008392334,361,0.0,0.0
2024-06-14 14:45:00-04:00,28.149999618530273,28.170000076293945,28.135000228881836,28.135000228881836,2390,0.0,0.0
2024-06-14 14:50:00-04:00,28.170000076293945,28.170000076293945,28.1200008392334,28.1200008392334,805,0.0,0.0
2024-06-14 14:55:00-04:00,28.110000610351562,28.110000610351562,28.09000015258789,28.100000381469727,1135,0.0,0.0
2024-06-14 15:00:00-04:00,28.079999923706055,28.1200008392334,28.079999923706055,28.084999084472656,2702,0.0,0.0
2024-06-14 15:05:00-04:00,28.059999465942383,28.059999465942383,28.059999465942383,28.059999465942383,467,0.0,0.0
2024-06-14 15:10:00-04:00,28.030000686645508,28.049999237060547,28.010000228881836,28.010000228881836,1750,0.0,0.0
2024-06-14 15:15:00-04:00,28.03499984741211,28.03499984741211,28.03499984741211,28.03499984741211,391,0.0,0.0
2024-06-14 15:20:00-04:00,28.040000915527344,28.059999465942383,28.040000915527344,28.059999465942383,1382,0.0,0.0
2024-06-14 15:25:00-04:00,28.09000015258789,28.09000015258789,28.09000015258789,28.09000015258789,211,0.0,0.0
2024-06-14 15:30:00-04:00,28.059999465942383,28.075000762939453,28.040000915527344,28.06999969482422,2535,0.0,0.0
2024-06-14 15:35:00-04:00,28.075000762939453,28.1299991607666,28.049999237060547,28.1299991607666,1955,0.0,0.0
2024-06-14 15:40:00-04:00,28.1200008392334,28.15999984741211,28.1200008392334,28.1299991607666,1224,0.0,0.0
2024-06-14 15:45:00-04:00,28.18000030517578,28.190000534057617,28.136999130249023,28.136999130249023,2020,0.0,0.0
2024-06-14 15:50:00-04:00,28.1200008392334,28.149999618530273,28.1200008392334,28.139999389648438,4593,0.0,0.0
2024-06-14 15:55:00-04:00,28.15999984741211,28.18000030517578,28.110000610351562,28.1200008392334,6064,0.0,0.0
2024-06-17 09:30:00-04:00,27.8799991607666,28.020000457763672,27.871999740600586,28.0,2176,0.0,0.0
2024-06-17 09:35:00-04:00,28.020000457763672,28.139999389648438,28.020000457763672,28.139999389648438,690,0.0,0.0
2024-06-17 09:40:00-04:00,28.184999465942383,28.184999465942383,27.950000762939453,27.950000762939453,1236,0.0,0.0
2024-06-17 09:50:00-04:00,28.1200008392334,28.1200008392334,28.1200008392334,28.1200008392334,258,0.0,0.0
2024-06-17 10:05:00-04:00,27.960100173950195,27.960100173950195,27.960100173950195,27.960100173950195,445,0.0,0.0
2024-06-17 10:20:00-04:00,27.8700008392334,28.0,27.8700008392334,27.989999771118164,1059,0.0,0.0
2024-06-17 10:30:00-04:00,27.889999389648438,27.915000915527344,27.889999389648438,27.915000915527344,1021,0.0,0.0
2024-06-17 10:55:00-04:00,27.950000762939453,27.959999084472656,27.90999984741211,27.90999984741211,1684,0.0,0.0
2024-06-17 11:05:00-04:00,27.809999465942383,27.809999465942383,27.801700592041016,27.801700592041016,2115,0.0,0.0
2024-06-17 11:10:00-04:00,27.875,27.875,27.875,27.875,368,0.0,0.0
2024-06-17 11:25:00-04:00,27.799999237060547,27.799999237060547,27.639999389648438,27.729999542236328,3367,0.0,0.0
2024-06-17 11:55:00-04:00,27.729999542236328,27.729999542236328,27.729999542236328,27.729999542236328,283,0.0,0.0
2024-06-17 12:05:00-04:00,27.75,27.75,27.75,27.75,702,0.0,0.0
2024-06-17 12:15:00-04:00,27.75,27.75,27.75,27.75,162,0.0,0.0
2024-06-17 12:20:00-04:00,27.75,27.75,27.719999313354492,27.75,918,0.0,0.0
2024-06-17 12:25:00-04:00,27.729999542236328,27.729999542236328,27.709999084472656,27.719999313354492,1744,0.0,0.0
2024-06-17 12:30:00-04:00,27.69499969482422,27.75,27.69499969482422,27.702499389648438,3692,0.0,0.0
2024-06-17 12:35:00-04:00,27.649999618530273,27.649999618530273,27.649999618530273,27.649999618530273,692,0.0,0.0
2024-06-17 12:40:00-04:00,27.75,27.75,27.75,27.75,522,0.0,0.0
2024-06-17 12:45:00-04:00,27.6200008392334,27.719999313354492,27.6200008392334,27.719999313354492,603,0.0,0.0
2024-06-17 12:55:00-04:00,27.619600296020508,27.619600296020508,27.619600296020508,27.619600296020508,487,0.0,0.0
2024-06-17 13:00:00-04:00,27.649999618530273,27.670000076293945,27.600000381469727,27.65999984741211,2814,0.0,0.0
2024-06-17 13:05:00-04:00,27.649999618530273,27.670000076293945,27.6200008392334,27.65999984741211,2625,0.0,0.0
2024-06-17 13:10:00-04:00,27.649999618530273,27.649999618530273,27.649999618530273,27.649999618530273,212,0.0,0.0
2024-06-17 13:15:00-04:00,27.649999618530273,27.709999084472656,27.649999618530273,27.68000030517578,1143,0.0,0.0
2024-06-17 13:40:00-04:00,27.709999084472656,27.709999084472656,27.63010025024414,27.690000534057617,2557,0.0,0.0
2024-06-17 13:50:00-04:00,27.690000534057617,27.719999313354492,27.690000534057617,27.690000534057617,981,0.0,0.0
2024-06-17 13:55:00-04:00,27.65999984741211,27.68000030517578,27.649999618530273,27.649999618530273,1337,0.0,0.0
2024-06-17 14:00:00-04:00,27.639999389648438,27.639999389648438,27.6299991607666,27.6299991607666,1884,0.0,0.0
2024-06-17 14:05:00-04:00,27.6299991607666,27.6299991607666,27.600000381469727,27.600000381469727,1061,0.0,0.0
2024-06-17 14:10:00-04:00,27.670000076293945,27.719999313354492,27.670000076293945,27.700000762939453,2191,0.0,0.0
2024-06-17 14:15:00-04:00,27.707599639892578,27.707599639892578,27.707599639892578,27.707599639892578,870,0.0,0.0
2024-06-17 14:20:00-04:00,27.770000457763672,27.770000457763672,27.71500015258789,27.71500015258789,297,0.0,0.0
2024-06-17 14:25:00-04:00,27.75,27.75,27.71500015258789,27.71500015258789,587,0.0,0.0
2024-06-17 14:40:00-04:00,27.709999084472656,27.739999771118164,27.709999084472656,27.739999771118164,847,0.0,0.0
2024-06-17 14:50:00-04:00,27.725000381469727,27.725000381469727,27.725000381469727,27.725000381469727,303,0.0,0.0
2024-06-17 15:00:00-04:00,27.719999313354492,27.719999313354492,27.719999313354492,27.719999313354492,147,0.0,0.0
2024-06-17 15:05:00-04:00,27.739999771118164,27.739999771118164,27.739999771118164,27.739999771118164,106,0.0,0.0
2024-06-17 15:10:00-04:00,27.68000030517578,27.68000030517578,27.68000030517578,27.68000030517578,290,0.0,0.0
2024-06-17 15:15:00-04:00,27.68000030517578,27.68000030517578,27.68000030517578,27.68000030517578,603,0.0,0.0
2024-06-17 15:20:00-04:00,27.68000030517578,27.68000030517578,27.68000030517578,27.68000030517578,121,0.0,0.0
2024-06-17 15:25:00-04:00,27.639999389648438,27.649999618530273,27.600000381469727,27.649999618530273,1926,0.0,0.0
2024-06-17 15:30:00-04:00,27.649999618530273,27.670000076293945,27.649999618530273,27.649999618530273,1435,0.0,0.0
2024-06-17 15:40:00-04:00,27.649999618530273,27.690000534057617,27.649999618530273,27.655000686645508,1566,0.0,0.0
2024-06-17 15:45:00-04:00,27.6200008392334,27.628000259399414,27.6200008392334,27.6200008392334,1046,0.0,0.0
2024-06-17 15:50:00-04:00,27.608200073242188,27.65999984741211,27.590999603271484,27.590999603271484,3200,0.0,0.0
2024-06-17 15:55:00-04:00,27.56999969482422,27.579999923706055,27.520000457763672,27.540000915527344,10300,0.0,0.0
2024-06-18 09:30:00-04:00,27.65999984741211,27.65999984741211,27.43939971923828,27.43939971923828,1906,0.0,0.0
2024-06-18 09:40:00-04:00,27.700000762939453,27.729999542236328,27.700000762939453,27.709999084472656,1353,0.0,0.0
2024-06-18 09:55:00-04:00,27.520000457763672,27.520000457763672,27.459999084472656,27.5,1836,0.0,0.0
2024-06-18 10:05:00-04:00,27.299999237060547,27.40999984741211,27.280000686645508,27.290000915527344,2547,0.0,0.0
2024-06-18 10:10:00-04:00,27.524999618530273,27.524999618530273,27.524999618530273,27.524999618530273,517,0.0,0.0
2024-06-18 10:15:00-04:00,27.510000228881836,27.510000228881836,27.360000610351562,27.389999389648438,3071,0.0,0.0
2024-06-18 10:20:00-04:00,27.479999542236328,27.479999542236328,27.479999542236328,27.479999542236328,121,0.0,0.0
2024-06-18 10:25:00-04:00,27.375,27.450000762939453,27.375,27.450000762939453,253,0.0,0.0
2024-06-18 10:35:00-04:00,27.450000762939453,27.450000762939453,27.450000762939453,27.450000762939453,169,0.0,0.0
2024-06-18 10:40:00-04:00,27.510000228881836,27.510000228881836,27.510000228881836,27.510000228881836,441,0.0,0.0
2024-06-18 10:50:00-04:00,27.520000457763672,27.520000457763672,27.520000457763672,27.520000457763672,371,0.0,0.0
2024-06-18 10:55:00-04:00,27.440000534057617,27.440000534057617,27.43000030517578,27.43000030517578,497,0.0,0.0
2024-06-18 11:05:00-04:00,27.479999542236328,27.520000457763672,27.479999542236328,27.520000457763672,1430,0.0,0.0
2024-06-18 11:10:00-04:00,27.5049991607666,27.55500030517578,27.5049991607666,27.55500030517578,210,0.0,0.0
2024-06-18 11:15:00-04:00,27.530000686645508,27.530000686645508,27.530000686645508,27.530000686645508,303,0.0,0.0
2024-06-18 11:20:00-04:00,27.579999923706055,27.6200008392334,27.579999923706055,27.6200008392334,1007,0.0,0.0
2024-06-18 11:25:00-04:00,27.6200008392334,27.6200008392334,27.540000915527344,27.549999237060547,2453,0.0,0.0
2024-06-18 11:35:00-04:00,27.6200008392334,27.639999389648438,27.6200008392334,27.639999389648438,438,0.0,0.0
2024-06-18 11:45:00-04:00,27.6299991607666,27.6299991607666,27.540000915527344,27.59000015258789,673,0.0,0.0
2024-06-18 11:50:00-04:00,27.610000610351562,27.639999389648438,27.610000610351562,27.6299991607666,696,0.0,0.0
2024-06-18 11:55:00-04:00,27.639999389648438,27.639999389648438,27.639999389648438,27.639999389648438,362,0.0,0.0
2024-06-18 12:05:00-04:00,27.639999389648438,27.639999389648438,27.639999389648438,27.639999389648438,135,0.0,0.0
2024-06-18 12:10:00-04:00,27.649999618530273,27.649999618530273,27.649999618530273,27.649999618530273,226,0.0,0.0
2024-06-18 12:20:00-04:00,27.649999618530273,27.65999984741211,27.625,27.625,1967,0.0,0.0
2024-06-18 12:25:00-04:00,27.639999389648438,27.639999389648438,27.639999389648438,27.639999389648438,251,0.0,0.0
2024-06-18 12:30:00-04:00,27.600000381469727,27.600000381469727,27.600000381469727,27.600000381469727,573,0.0,0.0
2024-06-18 12:40:00-04:00,27.579999923706055,27.579999923706055,27.579999923706055,27.579999923706055,125,0.0,0.0
2024-06-18 12:45:00-04:00,27.579999923706055,27.579999923706055,27.579999923706055,27.579999923706055,227,0.0,0.0
2024-06-18 12:50:00-04:00,27.530000686645508,27.530000686645508,27.520000457763672,27.520000457763672,1023,0.0,0.0
2024-06-18 12:55:00-04:00,27.510000228881836,27.510000228881836,27.450000762939453,27.450000762939453,382,0.0,0.0
2024-06-18 13:00:00-04:00,27.5,27.5,27.5,27.5,160,0.0,0.0
2024-06-18 13:05:00-04:00,27.440000534057617,27.440000534057617,27.440000534057617,27.440000534057617,197,0.0,0.0
2024-06-18 13:10:00-04:00,27.40999984741211,27.40999984741211,27.40999984741211,27.40999984741211,545,0.0,0.0
2024-06-18 13:30:00-04:00,27.420000076293945,27.420000076293945,27.420000076293945,27.420000076293945,474,0.0,0.0
2024-06-18 13:40:00-04:00,27.479999542236328,27.479999542236328,27.450000762939453,27.450000762939453,873,0.0,0.0
2024-06-18 13:45:00-04:00,27.485000610351562,27.485000610351562,27.44499969482422,27.44499969482422,1270,0.0,0.0
2024-06-18 13:55:00-04:00,27.43000030517578,27.43000030517578,27.40999984741211,27.420000076293945,1177,0.0,0.0
2024-06-18 14:00:00-04:00,27.44499969482422,27.44499969482422,27.399999618530273,27.399999618530273,921,0.0,0.0
2024-06-18 14:15:00-04:00,27.420000076293945,27.420000076293945,27.420000076293945,27.420000076293945,398,0.0,0.0
2024-06-18 14:35:00-04:00,27.424999237060547,27.469999313354492,27.399999618530273,27.469999313354492,933,0.0,0.0
2024-06-18 14:40:00-04:00,27.43000030517578,27.43000030517578,27.399999618530273,27.399999618530273,972,0.0,0.0
2024-06-18 14:45:00-04:00,27.405000686645508,27.405000686645508,27.405000686645508,27.405000686645508,361,0.0,0.0
2024-06-18 14:50:00-04:00,27.350000381469727,27.350000381469727,27.350000381469727,27.350000381469727,412,0.0,0.0
2024-06-18 14:55:00-04:00,27.395000457763672,27.395000457763672,27.280000686645508,27.280000686645508,1532,0.0,0.0
2024-06-18 15:00:00-04:00,27.290000915527344,27.299999237060547,27.2450008392334,27.2450008392334,2339,0.0,0.0
2024-06-18 15:05:00-04:00,27.190000534057617,27.270000457763672,27.170000076293945,27.25,2090,0.0,0.0
2024-06-18 15:10:00-04:00,27.290000915527344,27.290000915527344,27.290000915527344,27.290000915527344,363,0.0,0.0
2024-06-18 15:15:00-04:00,27.280000686645508,27.280000686645508,27.280000686645508,27.280000686645508,242,0.0,0.0
2024-06-18 15:20:00-04:00,27.280000686645508,27.280000686645508,27.280000686645508,27.280000686645508,587,0.0,0.0
2024-06-18 15:25:00-04:00,27.329999923706055,27.329999923706055,27.280000686645508,27.280000686645508,1437,0.0,0.0
2024-06-18 15:30:00-04:00,27.280000686645508,27.280000686645508,27.280000686645508,27.280000686645508,849,0.0,0.0
2024-06-18 15:35:00-04:00,27.280000686645508,27.280000686645508,27.260000228881836,27.260000228881836,900,0.0,0.0
2024-06-18 15:40:00-04:00,27.219999313354492,27.270000457763672,27.219999313354492,27.2549991607666,1498,0.0,0.0
2024-06-18 15:45:00-04:00,27.2450008392334,27.260000228881836,27.2450008392334,27.260000228881836,535,0.0,0.0
2024-06-18 15:50:00-04:00,27.25,27.309999465942383,27.25,27.309999465942383,2648,0.0,0.0
2024-06-18 15:55:00-04:00,27.290000915527344,27.34000015258789,27.290000915527344,27.329999923706055,5943,0.0,0.0
2024-06-20 09:30:00-04:00,27.280000686645508,27.280000686645508,27.280000686645508,27.280000686645508,1907,0.0,0.0
2024-06-20 09:40:00-04:00,27.329999923706055,27.329999923706055,27.329999923706055,27.329999923706055,134,0.0,0.0
2024-06-20 09:45:00-04:00,27.25,27.350000381469727,27.25,27.350000381469727,483,0.0,0.0
2024-06-20 09:50:00-04:00,27.43000030517578,27.43000030517578,27.43000030517578,27.43000030517578,938,0.0,0.0
2024-06-20 10:15:00-04:00,27.459999084472656,27.459999084472656,27.459999084472656,27.459999084472656,144,0.0,0.0
2024-06-20 10:20:00-04:00,27.389999389648438,27.389999389648438,27.389999389648438,27.389999389648438,435,0.0,0.0
2024-06-20 10:30:00-04:00,27.34000015258789,27.34000015258789,27.329999923706055,27.329999923706055,1023,0.0,0.0
2024-06-20 10:35:00-04:00,27.229999542236328,27.229999542236328,27.229999542236328,27.229999542236328,183,0.0,0.0
2024-06-20 10:40:00-04:00,27.18000030517578,27.18000030517578,27.15999984741211,27.15999984741211,768,0.0,0.0
2024-06-20 10:45:00-04:00,27.1200008392334,27.1200008392334,27.110000610351562,27.1200008392334,795,0.0,0.0
2024-06-20 11:00:00-04:00,27.200000762939453,27.200000762939453,27.200000762939453,27.200000762939453,313,0.0,0.0
2024-06-20 11:15:00-04:00,27.1299991607666,27.1299991607666,27.1299991607666,27.1299991607666,795,0.0,0.0
2024-06-20 11:20:00-04:00,27.145000457763672,27.145000457763672,27.145000457763672,27.145000457763672,293,0.0,0.0
2024-06-20 11:35:00-04:00,27.100000381469727,27.100000381469727,27.059999465942383,27.075000762939453,1548,0.0,0.0
2024-06-20 11:45:00-04:00,27.0,27.0,26.969999313354492,26.969999313354492,565,0.0,0.0
2024-06-20 11:50:00-04:00,26.969999313354492,26.969999313354492,26.969999313354492,26.969999313354492,529,0.0,0.0
2024-06-20 11:55:00-04:00,26.93000030517578,26.979999542236328,26.90999984741211,26.979999542236328,2592,0.0,0.0
2024-06-20 12:00:00-04:00,26.950000762939453,27.039899826049805,26.950000762939453,27.039899826049805,2277,0.0,0.0
2024-06-20 12:05:00-04:00,27.010000228881836,27.010000228881836,27.010000228881836,27.010000228881836,383,0.0,0.0
2024-06-20 12:15:00-04:00,27.020000457763672,27.030000686645508,27.020000457763672,27.030000686645508,963,0.0,0.0
2024-06-20 12:25:00-04:00,27.02899932861328,27.02899932861328,27.02899932861328,27.02899932861328,105,0.0,0.0
2024-06-20 12:30:00-04:00,26.94770050048828,27.020000457763672,26.94770050048828,27.020000457763672,727,0.0,0.0
2024-06-20 13:00:00-04:00,27.0,27.0,26.93000030517578,26.969999313354492,1625,0.0,0.0
2024-06-20 13:05:00-04:00,27.010000228881836,27.010000228881836,27.010000228881836,27.010000228881836,134,0.0,0.0
2024-06-20 13:20:00-04:00,26.959999084472656,26.9950008392334,26.959999084472656,26.9950008392334,1091,0.0,0.0
2024-06-20 13:25:00-04:00,26.979999542236328,26.979999542236328,26.850000381469727,26.850000381469727,2162,0.0,0.0
2024-06-20 13:40:00-04:00,26.920000076293945,26.959999084472656,26.920000076293945,26.959999084472656,598,0.0,0.0
2024-06-20 13:45:00-04:00,26.989999771118164,26.989999771118164,26.989999771118164,26.989999771118164,400,0.0,0.0
2024-06-20 14:05:00-04:00,26.969999313354492,26.969999313354492,26.969999313354492,26.969999313354492,473,0.0,0.0
2024-06-20 14:10:00-04:00,27.030000686645508,27.030000686645508,27.030000686645508,27.030000686645508,163,0.0,0.0
2024-06-20 14:20:00-04:00,26.969999313354492,26.969999313354492,26.969999313354492,26.969999313354492,675,0.0,0.0
2024-06-20 14:25:00-04:00,26.959999084472656,26.959999084472656,26.959999084472656,26.959999084472656,962,0.0,0.0
2024-06-20 14:50:00-04:00,26.959999084472656,26.959999084472656,26.959999084472656,26.959999084472656,410,0.0,0.0
2024-06-20 14:55:00-04:00,26.969999313354492,27.0,26.969999313354492,27.0,1238,0.0,0.0
2024-06-20 15:00:00-04:00,26.969999313354492,26.969999313354492,26.90999984741211,26.90999984741211,1079,0.0,0.0
2024-06-20 15:05:00-04:00,26.989999771118164,26.989999771118164,26.989999771118164,26.989999771118164,302,0.0,0.0
2024-06-20 15:10:00-04:00,27.024999618530273,27.024999618530273,26.959999084472656,27.0,2768,0.0,0.0
2024-06-20 15:15:00-04:00,26.982500076293945,26.982500076293945,26.982500076293945,26.982500076293945,463,0.0,0.0
2024-06-20 15:25:00-04:00,26.969999313354492,26.969999313354492,26.969999313354492,26.969999313354492,360,0.0,0.0
2024-06-20 15:30:00-04:00,26.959999084472656,26.969999313354492,26.950000762939453,26.969999313354492,1181,0.0,0.0
2024-06-20 15:35:00-04:00,26.920000076293945,26.920000076293945,26.889999389648438,26.889999389648438,867,0.0,0.0
2024-06-20 15:40:00-04:00,26.889999389648438,26.889999389648438,26.889999389648438,26.889999389648438,535,0.0,0.0
2024-06-20 15:45:00-04:00,26.889999389648438,26.899999618530273,26.850000381469727,26.850000381469727,3291,0.0,0.0
2024-06-20 15:50:00-04:00,26.8799991607666,26.93000030517578,26.8799991607666,26.93000030517578,4988,0.0,0.0
2024-06-20 15:55:00-04:00,26.893999099731445,26.950000762939453,26.8700008392334,26.93000030517578,4855,0.0,0.0
2024-06-21 09:30:00-04:00,26.940000534057617,26.940000534057617,26.940000534057617,26.940000534057617,18860,0.0,0.0
2024-06-21 09:40:00-04:00,26.940000534057617,26.940000534057617,26.940000534057617,26.940000534057617,143,0.0,0.0
2024-06-21 09:45:00-04:00,26.940000534057617,27.040000915527344,26.93000030517578,27.030000686645508,2586,0.0,0.0
2024-06-21 09:55:00-04:00,27.178699493408203,27.178699493408203,27.178699493408203,27.178699493408203,477,0.0,0.0
2024-06-21 10:00:00-04:00,27.1200008392334,27.229999542236328,27.110000610351562,27.229999542236328,1309,0.0,0.0
2024-06-21 10:20:00-04:00,27.149999618530273,27.149999618530273,27.149999618530273,27.149999618530273,128,0.0,0.0
2024-06-21 10:25:00-04:00,27.174999237060547,27.174999237060547,27.174999237060547,27.174999237060547,156,0.0,0.0
2024-06-21 10:30:00-04:00,27.229999542236328,27.25,27.225000381469727,27.225000381469727,1337,0.0,0.0
2024-06-21 10:55:00-04:00,27.360000610351562,27.360000610351562,27.360000610351562,27.360000610351562,160,0.0,0.0
2024-06-21 11:05:00-04:00,27.295000076293945,27.295000076293945,27.229999542236328,27.270000457763672,2697,0.0,0.0
2024-06-21 11:20:00-04:00,27.299999237060547,27.40999984741211,27.299999237060547,27.399999618530273,3192,0.0,0.0
2024-06-21 11:25:00-04:00,27.489999771118164,27.5,27.489999771118164,27.5,2884,0.0,0.0
2024-06-21 11:30:00-04:00,27.540000915527344,27.6200008392334,27.540000915527344,27.540000915527344,4095,0.0,0.0
2024-06-21 11:35:00-04:00,27.479999542236328,27.479999542236328,27.479999542236328,27.479999542236328,191,0.0,0.0
2024-06-21 11:40:00-04:00,27.459999084472656,27.459999084472656,27.420000076293945,27.420000076293945,2297,0.0,0.0
2024-06-21 12:00:00-04:00,27.469999313354492,27.469999313354492,27.450000762939453,27.450000762939453,470,0.0,0.0
2024-06-21 12:10:00-04:00,27.530000686645508,27.6299991607666,27.510000228881836,27.6299991607666,3915,0.0,0.0
2024-06-21 12:15:00-04:00,27.604999542236328,27.604999542236328,27.600000381469727,27.600000381469727,523,0.0,0.0
2024-06-21 12:25:00-04:00,27.639999389648438,27.799999237060547,27.639999389648438,27.799999237060547,5722,0.0,0.0
2024-06-21 12:30:00-04:00,27.700000762939453,27.700000762939453,27.700000762939453,27.700000762939453,453,0.0,0.0
2024-06-21 12:45:00-04:00,27.65999984741211,27.65999984741211,27.649999618530273,27.649999618530273,732,0.0,0.0
2024-06-21 12:50:00-04:00,27.690000534057617,27.799999237060547,27.690000534057617,27.799999237060547,2230,0.0,0.0
2024-06-21 13:00:00-04:00,27.700000762939453,27.700000762939453,27.68000030517578,27.68000030517578,939,0.0,0.0
2024-06-21 13:05:00-04:00,27.770000457763672,27.770000457763672,27.770000457763672,27.770000457763672,642,0.0,0.0
2024-06-21 13:20:00-04:00,27.760000228881836,27.760000228881836,27.760000228881836,27.760000228881836,403,0.0,0.0
2024-06-21 13:25:00-04:00,27.766300201416016,27.766300201416016,27.766300201416016,27.766300201416016,464,0.0,0.0
2024-06-21 13:35:00-04:00,27.768999099731445,27.780000686645508,27.725000381469727,27.770000457763672,700,0.0,0.0
2024-06-21 13:45:00-04:00,27.780000686645508,27.780000686645508,27.780000686645508,27.780000686645508,115,0.0,0.0
2024-06-21 13:50:00-04:00,27.790000915527344,27.799999237060547,27.790000915527344,27.799999237060547,1553,0.0,0.0
2024-06-21 13:55:00-04:00,27.8799991607666,27.8799991607666,27.8799991607666,27.8799991607666,101,0.0,0.0
2024-06-21 14:00:00-04:00,27.809999465942383,27.809999465942383,27.809999465942383,27.809999465942383,681,0.0,0.0
2024-06-21 14:05:00-04:00,27.780000686645508,27.780000686645508,27.709999084472656,27.709999084472656,2229,0.0,0.0
2024-06-21 14:10:00-04:00,27.709999084472656,27.709999084472656,27.709999084472656,27.709999084472656,123,0.0,0.0
2024-06-21 14:15:00-04:00,27.674999237060547,27.71500015258789,27.635000228881836,27.71500015258789,4447,0.0,0.0
2024-06-21 14:30:00-04:00,27.72209930419922,27.72209930419922,27.700000762939453,27.700000762939453,868,0.0,0.0
2024-06-21 14:35:00-04:00,27.65999984741211,27.690000534057617,27.575000762939453,27.6200008392334,6610,0.0,0.0
2024-06-21 14:40:00-04:00,27.56999969482422,27.56999969482422,27.540000915527344,27.540000915527344,671,0.0,0.0
2024-06-21 14:45:00-04:00,27.489999771118164,27.489999771118164,27.469999313354492,27.469999313354492,1609,0.0,0.0
2024-06-21 14:50:00-04:00,27.489999771118164,27.510000228881836,27.479999542236328,27.5,1520,0.0,0.0
2024-06-21 15:00:00-04:00,27.540000915527344,27.540000915527344,27.5,27.5,371,0.0,0.0
2024-06-21 15:05:00-04:00,27.579999923706055,27.600000381469727,27.579999923706055,27.600000381469727,2022,0.0,0.0
2024-06-21 15:10:00-04:00,27.579999923706055,27.579999923706055,27.579999923706055,27.579999923706055,1085,0.0,0.0
2024-06-21 15:30:00-04:00,27.565000534057617,27.604999542236328,27.565000534057617,27.59000015258789,1738,0.0,0.0
2024-06-21 15:35:00-04:00,27.579999923706055,27.600000381469727,27.579999923706055,27.600000381469727,454,0.0,0.0
2024-06-21 15:40:00-04:00,27.549999237060547,27.549999237060547,27.510000228881836,27.510000228881836,1036,0.0,0.0
2024-06-21 15:45:00-04:00,27.479999542236328,27.510000228881836,27.440000534057617,27.440000534057617,5661,0.0,0.0
2024-06-21 15:50:00-04:00,27.420000076293945,27.420000076293945,27.329999923706055,27.3799991607666,8072,0.0,0.0
2024-06-21 15:55:00-04:00,27.389999389648438,27.399999618530273,27.270000457763672,27.280000686645508,18728,0.0,0.0
