Datetime,Open,High,Low,Close,Volume,Dividends,Stock Splits
2024-05-23 09:30:00-04:00,25.81999969482422,25.850000381469727,25.780000686645508,25.829999923706055,0,0.0,0.0
2024-05-23 09:35:00-04:00,25.712900161743164,25.712900161743164,25.712900161743164,25.712900161743164,283,0.0,0.0
2024-05-23 09:40:00-04:00,25.540000915527344,25.540000915527344,25.540000915527344,25.540000915527344,1034,0.0,0.0
2024-05-23 09:45:00-04:00,25.520000457763672,25.520000457763672,25.459999084472656,25.459999084472656,672,0.0,0.0
2024-05-23 09:50:00-04:00,25.399999618530273,25.399999618530273,25.290000915527344,25.290000915527344,3164,0.0,0.0
2024-05-23 10:05:00-04:00,25.286100387573242,25.32309913635254,25.270000457763672,25.270000457763672,1926,0.0,0.0
2024-05-23 10:10:00-04:00,25.334999084472656,25.3700008392334,25.334999084472656,25.360000610351562,737,0.0,0.0
2024-05-23 10:15:00-04:00,25.440000534057617,25.440000534057617,25.309999465942383,25.309999465942383,2289,0.0,0.0
2024-05-23 10:20:00-04:00,25.280000686645508,25.280000686645508,25.184999465942383,25.239999771118164,1512,0.0,0.0
2024-05-23 10:25:00-04:00,25.200000762939453,25.229999542236328,25.170000076293945,25.200000762939453,4403,0.0,0.0
2024-05-23 10:30:00-04:00,25.200000762939453,25.200000762939453,25.040000915527344,25.040000915527344,4088,0.0,0.0
2024-05-23 10:35:00-04:00,25.09000015258789,25.170000076293945,25.09000015258789,25.1200008392334,2716,0.0,0.0
2024-05-23 10:40:00-04:00,25.06999969482422,25.15999984741211,25.06999969482422,25.1200008392334,2314,0.0,0.0
2024-05-23 10:45:00-04:00,25.1200008392334,25.200000762939453,25.110000610351562,25.110000610351562,2781,0.0,0.0
2024-05-23 10:50:00-04:00,25.1299991607666,25.139999389648438,25.1299991607666,25.1299991607666,936,0.0,0.0
2024-05-23 10:55:00-04:00,25.1299991607666,25.149999618530273,25.100000381469727,25.100000381469727,2437,0.0,0.0
2024-05-23 11:00:00-04:00,25.1200008392334,25.209999084472656,25.1200008392334,25.200000762939453,2963,0.0,0.0
2024-05-23 11:05:00-04:00,25.247900009155273,25.290000915527344,25.247900009155273,25.290000915527344,416,0.0,0.0
2024-05-23 11:10:00-04:00,25.295000076293945,25.295000076293945,25.260000228881836,25.260000228881836,1360,0.0,0.0
2024-05-23 11:15:00-04:00,25.264999389648438,25.264999389648438,25.229999542236328,25.235000610351562,1608,0.0,0.0
2024-05-23 11:20:00-04:00,25.200000762939453,25.200000762939453,25.190000534057617,25.190000534057617,2695,0.0,0.0
2024-05-23 11:25:00-04:00,25.170000076293945,25.184999465942383,25.170000076293945,25.170000076293945,1860,0.0,0.0
2024-05-23 11:30:00-04:00,25.200000762939453,25.229999542236328,25.139999389648438,25.139999389648438,3594,0.0,0.0
2024-05-23 11:35:00-04:00,25.170000076293945,25.170000076293945,25.170000076293945,25.170000076293945,311,0.0,0.0
2024-05-23 11:40:00-04:00,25.150100708007812,25.170000076293945,25.09000015258789,25.09000015258789,2985,0.0,0.0
2024-05-23 11:45:00-04:00,25.09000015258789,25.200000762939453,25.06999969482422,25.15999984741211,11338,0.0,0.0
2024-05-23 11:50:00-04:00,25.149999618530273,25.174999237060547,25.149999618530273,25.165000915527344,900,0.0,0.0
2024-05-23 11:55:00-04:00,25.137500762939453,25.170000076293945,25.1200008392334,25.170000076293945,1236,0.0,0.0
2024-05-23 12:00:00-04:00,25.184999465942383,25.19499969482422,25.184999465942383,25.190000534057617,1119,0.0,0.0
2024-05-23 12:05:00-04:00,25.18000030517578,25.219999313354492,25.170000076293945,25.219999313354492,4370,0.0,0.0
2024-05-23 12:10:00-04:00,25.219999313354492,25.219999313354492,25.170000076293945,25.170000076293945,2918,0.0,0.0
2024-05-23 12:20:00-04:00,25.209999084472656,25.25,25.202499389648438,25.25,1722,0.0,0.0
2024-05-23 12:25:00-04:00,25.2450008392334,25.25,25.239999771118164,25.25,2346,0.0,0.0
2024-05-23 12:30:00-04:00,25.229999542236328,25.229999542236328,25.229999542236328,25.229999542236328,1020,0.0,0.0
2024-05-23 12:35:00-04:00,25.229999542236328,25.239999771118164,25.06999969482422,25.079999923706055,6758,0.0,0.0
2024-05-23 12:40:00-04:00,25.06999969482422,25.06999969482422,25.020000457763672,25.030000686645508,2487,0.0,0.0
2024-05-23 12:45:00-04:00,25.020000457763672,25.06999969482422,25.010000228881836,25.03499984741211,6127,0.0,0.0
2024-05-23 12:50:00-04:00,25.040000915527344,25.049999237060547,25.040000915527344,25.040000915527344,2836,0.0,0.0
2024-05-23 12:55:00-04:00,25.06999969482422,25.06999969482422,25.040000915527344,25.040000915527344,608,0.0,0.0
2024-05-23 13:00:00-04:00,25.040000915527344,25.06999969482422,25.010000228881836,25.010000228881836,1606,0.0,0.0
2024-05-23 13:05:00-04:00,25.030000686645508,25.030000686645508,25.010000228881836,25.010000228881836,2461,0.0,0.0
2024-05-23 13:10:00-04:00,25.010000228881836,25.010000228881836,24.969999313354492,24.969999313354492,3843,0.0,0.0
2024-05-23 13:15:00-04:00,24.969999313354492,25.0,24.940000534057617,24.940000534057617,13085,0.0,0.0
2024-05-23 13:20:00-04:00,24.93950080871582,24.969999313354492,24.92009925842285,24.950000762939453,10250,0.0,0.0
2024-05-23 13:25:00-04:00,24.954999923706055,24.979999542236328,24.93000030517578,24.96500015258789,4614,0.0,0.0
2024-05-23 13:30:00-04:00,24.989999771118164,24.989999771118164,24.940000534057617,24.950000762939453,4253,0.0,0.0
2024-05-23 13:35:00-04:00,24.940000534057617,24.940000534057617,24.760000228881836,24.760000228881836,6396,0.0,0.0
2024-05-23 13:40:00-04:00,24.760000228881836,24.795000076293945,24.760000228881836,24.760000228881836,3345,0.0,0.0
2024-05-23 13:45:00-04:00,24.795000076293945,24.795000076293945,24.760000228881836,24.760000228881836,2076,0.0,0.0
2024-05-23 13:50:00-04:00,24.770000457763672,24.795000076293945,24.760000228881836,24.760000228881836,1132,0.0,0.0
2024-05-23 13:55:00-04:00,24.760000228881836,24.795000076293945,24.75,24.75,1402,0.0,0.0
2024-05-23 14:00:00-04:00,24.75,24.75,24.6299991607666,24.6299991607666,4343,0.0,0.0
2024-05-23 14:05:00-04:00,24.6299991607666,24.700000762939453,24.6299991607666,24.690000534057617,5191,0.0,0.0
2024-05-23 14:10:00-04:00,24.65850067138672,24.719999313354492,24.65850067138672,24.719999313354492,651,0.0,0.0
2024-05-23 14:15:00-04:00,24.684999465942383,24.719999313354492,24.649999618530273,24.66699981689453,5577,0.0,0.0
2024-05-23 14:20:00-04:00,24.670000076293945,24.670000076293945,24.59000015258789,24.59000015258789,3142,0.0,0.0
2024-05-23 14:25:00-04:00,24.6200008392334,24.6200008392334,24.59000015258789,24.600000381469727,1124,0.0,0.0
2024-05-23 14:30:00-04:00,24.600000381469727,24.645000457763672,24.56999969482422,24.645000457763672,11807,0.0,0.0
2024-05-23 14:35:00-04:00,24.6299991607666,24.65999984741211,24.6299991607666,24.65999984741211,3368,0.0,0.0
2024-05-23 14:40:00-04:00,24.65999984741211,24.65999984741211,24.610000610351562,24.614999771118164,3254,0.0,0.0
2024-05-23 14:45:00-04:00,24.610000610351562,24.635000228881836,24.610000610351562,24.610000610351562,1268,0.0,0.0
2024-05-23 14:50:00-04:00,24.6200008392334,24.6200008392334,24.610000610351562,24.610000610351562,1651,0.0,0.0
2024-05-23 14:55:00-04:00,24.6299991607666,24.6299991607666,24.600000381469727,24.600000381469727,4775,0.0,0.0
2024-05-23 15:00:00-04:00,24.614999771118164,24.709999084472656,24.614999771118164,24.709999084472656,3322,0.0,0.0
2024-05-23 15:05:00-04:00,24.68000030517578,24.739999771118164,24.649999618530273,24.649999618530273,3389,0.0,0.0
2024-05-23 15:10:00-04:00,24.649999618530273,24.69059944152832,24.649999618530273,24.69059944152832,6866,0.0,0.0
2024-05-23 15:15:00-04:00,24.704999923706055,24.735000610351562,24.649999618530273,24.649999618530273,3904,0.0,0.0
2024-05-23 15:20:00-04:00,24.649999618530273,24.674999237060547,24.639999389648438,24.639999389648438,2796,0.0,0.0
2024-05-23 15:25:00-04:00,24.639999389648438,24.665000915527344,24.610000610351562,24.610000610351562,4515,0.0,0.0
2024-05-23 15:30:00-04:00,24.600000381469727,24.665000915527344,24.600000381469727,24.665000915527344,6415,0.0,0.0
2024-05-23 15:35:00-04:00,24.649999618530273,24.674999237060547,24.610000610351562,24.610000610351562,8806,0.0,0.0
2024-05-23 15:40:00-04:00,24.6200008392334,24.760000228881836,24.610000610351562,24.729999542236328,7684,0.0,0.0
2024-05-23 15:45:00-04:00,24.729999542236328,24.729999542236328,24.639999389648438,24.65999984741211,11209,0.0,0.0
2024-05-23 15:50:00-04:00,24.639999389648438,24.81999969482422,24.639999389648438,24.81999969482422,13116,0.0,0.0
2024-05-23 15:55:00-04:00,24.799999237060547,24.829999923706055,24.68000030517578,24.780000686645508,34436,0.0,0.0
2024-05-24 09:30:00-04:00,25.059999465942383,25.100000381469727,25.024999618530273,25.09000015258789,2714,0.0,0.0
2024-05-24 09:35:00-04:00,24.93000030517578,24.940000534057617,24.700000762939453,24.760000228881836,1685,0.0,0.0
2024-05-24 09:40:00-04:00,24.770000457763672,24.770000457763672,24.729999542236328,24.739999771118164,1442,0.0,0.0
2024-05-24 09:45:00-04:00,24.75,24.75,24.649999618530273,24.68000030517578,1668,0.0,0.0
2024-05-24 09:50:00-04:00,24.65999984741211,24.860000610351562,24.649999618530273,24.809999465942383,3255,0.0,0.0
2024-05-24 09:55:00-04:00,24.84000015258789,24.84000015258789,24.84000015258789,24.84000015258789,1183,0.0,0.0
2024-05-24 10:00:00-04:00,25.059999465942383,25.059999465942383,24.979999542236328,24.979999542236328,1604,0.0,0.0
2024-05-24 10:05:00-04:00,24.93000030517578,24.950000762939453,24.93000030517578,24.950000762939453,1661,0.0,0.0
2024-05-24 10:10:00-04:00,24.959999084472656,25.079999923706055,24.959999084472656,25.079999923706055,4300,0.0,0.0
2024-05-24 10:15:00-04:00,25.06999969482422,25.06999969482422,25.010000228881836,25.031299591064453,2158,0.0,0.0
2024-05-24 10:20:00-04:00,25.020000457763672,25.079999923706055,24.989999771118164,24.989999771118164,2811,0.0,0.0
2024-05-24 10:25:00-04:00,24.989999771118164,25.079999923706055,24.989999771118164,25.079999923706055,1567,0.0,0.0
2024-05-24 10:30:00-04:00,25.08060073852539,25.135000228881836,25.049999237060547,25.135000228881836,1015,0.0,0.0
2024-05-24 10:35:00-04:00,25.100000381469727,25.1200008392334,25.079999923706055,25.079999923706055,2868,0.0,0.0
2024-05-24 10:40:00-04:00,25.020000457763672,25.030000686645508,24.969999313354492,24.969999313354492,909,0.0,0.0
2024-05-24 10:45:00-04:00,24.959999084472656,24.969999313354492,24.959999084472656,24.959999084472656,701,0.0,0.0
2024-05-24 10:50:00-04:00,24.979999542236328,24.989999771118164,24.8799991607666,24.90999984741211,1588,0.0,0.0
2024-05-24 10:55:00-04:00,24.93000030517578,24.959999084472656,24.93000030517578,24.959999084472656,598,0.0,0.0
2024-05-24 11:00:00-04:00,24.969999313354492,25.079999923706055,24.969999313354492,25.05069923400879,2130,0.0,0.0
2024-05-24 11:05:00-04:00,25.09000015258789,25.09000015258789,25.0,25.049999237060547,1572,0.0,0.0
2024-05-24 11:10:00-04:00,25.020000457763672,25.065000534057617,25.0,25.020000457763672,3278,0.0,0.0
2024-05-24 11:15:00-04:00,25.109899520874023,25.109899520874023,24.989999771118164,24.989999771118164,952,0.0,0.0
2024-05-24 11:20:00-04:00,25.010000228881836,25.020000457763672,25.010000228881836,25.020000457763672,495,0.0,0.0
2024-05-24 11:25:00-04:00,25.020000457763672,25.020000457763672,24.989999771118164,24.989999771118164,1736,0.0,0.0
2024-05-24 11:30:00-04:00,24.989999771118164,24.989999771118164,24.989999771118164,24.989999771118164,1574,0.0,0.0
2024-05-24 11:35:00-04:00,25.020000457763672,25.059999465942383,24.93000030517578,25.059999465942383,4489,0.0,0.0
2024-05-24 11:40:00-04:00,25.03499984741211,25.03499984741211,24.93000030517578,24.93000030517578,1171,0.0,0.0
2024-05-24 11:45:00-04:00,24.93000030517578,24.954999923706055,24.93000030517578,24.954999923706055,949,0.0,0.0
2024-05-24 11:50:00-04:00,24.90999984741211,24.954999923706055,24.90999984741211,24.954999923706055,566,0.0,0.0
2024-05-24 11:55:00-04:00,24.954999923706055,24.954999923706055,24.90999984741211,24.920000076293945,656,0.0,0.0
2024-05-24 12:00:00-04:00,24.90999984741211,24.920000076293945,24.90999984741211,24.920000076293945,619,0.0,0.0
2024-05-24 12:05:00-04:00,24.93000030517578,24.93000030517578,24.93000030517578,24.93000030517578,462,0.0,0.0
2024-05-24 12:10:00-04:00,24.93000030517578,24.940000534057617,24.90999984741211,24.90999984741211,1122,0.0,0.0
2024-05-24 12:15:00-04:00,24.90999984741211,24.90999984741211,24.90999984741211,24.90999984741211,864,0.0,0.0
2024-05-24 12:20:00-04:00,24.934999465942383,24.934999465942383,24.934999465942383,24.934999465942383,289,0.0,0.0
2024-05-24 12:25:00-04:00,24.90999984741211,24.90999984741211,24.90999984741211,24.90999984741211,1025,0.0,0.0
2024-05-24 12:30:00-04:00,24.90999984741211,24.90999984741211,24.899999618530273,24.899999618530273,1265,0.0,0.0
2024-05-24 12:35:00-04:00,24.899999618530273,24.950000762939453,24.899999618530273,24.899999618530273,1942,0.0,0.0
2024-05-24 12:40:00-04:00,24.899999618530273,24.899999618530273,24.899999618530273,24.899999618530273,219,0.0,0.0
2024-05-24 12:45:00-04:00,24.94300079345703,24.94300079345703,24.68000030517578,24.690000534057617,8967,0.0,0.0
2024-05-24 12:50:00-04:00,24.780000686645508,25.024999618530273,24.709999084472656,24.950000762939453,3520,0.0,0.0
2024-05-24 12:55:00-04:00,24.950000762939453,24.950000762939453,24.899999618530273,24.924999237060547,1881,0.0,0.0
2024-05-24 13:00:00-04:00,24.860000610351562,24.924999237060547,24.860000610351562,24.924999237060547,716,0.0,0.0
2024-05-24 13:05:00-04:00,24.8799991607666,24.899999618530273,24.81999969482422,24.81999969482422,3909,0.0,0.0
2024-05-24 13:10:00-04:00,24.829999923706055,24.829999923706055,24.760000228881836,24.760000228881836,1212,0.0,0.0
2024-05-24 13:15:00-04:00,24.770000457763672,24.889999389648438,24.770000457763672,24.860000610351562,1211,0.0,0.0
2024-05-24 13:20:00-04:00,24.920000076293945,24.920000076293945,24.84000015258789,24.84000015258789,922,0.0,0.0
2024-05-24 13:25:00-04:00,24.850000381469727,24.8799991607666,24.850000381469727,24.8700008392334,1182,0.0,0.0
2024-05-24 13:30:00-04:00,24.860000610351562,24.860000610351562,24.829999923706055,24.829999923706055,994,0.0,0.0
2024-05-24 13:35:00-04:00,24.860000610351562,24.915000915527344,24.860000610351562,24.915000915527344,564,0.0,0.0
2024-05-24 13:40:00-04:00,24.860000610351562,24.8799991607666,24.860000610351562,24.8799991607666,805,0.0,0.0
2024-05-24 13:45:00-04:00,24.889999389648438,24.889999389648438,24.81999969482422,24.81999969482422,1528,0.0,0.0
2024-05-24 13:50:00-04:00,24.8799991607666,24.8799991607666,24.8799991607666,24.8799991607666,227,0.0,0.0
2024-05-24 13:55:00-04:00,24.850000381469727,24.850000381469727,24.850000381469727,24.850000381469727,425,0.0,0.0
2024-05-24 14:00:00-04:00,24.860000610351562,24.860000610351562,24.860000610351562,24.860000610351562,1768,0.0,0.0
2024-05-24 14:10:00-04:00,24.850000381469727,24.850000381469727,24.850000381469727,24.850000381469727,768,0.0,0.0
2024-05-24 14:15:00-04:00,24.860000610351562,24.921600341796875,24.860000610351562,24.8799991607666,627,0.0,0.0
2024-05-24 14:20:00-04:00,24.8799991607666,24.8799991607666,24.850000381469727,24.850000381469727,2262,0.0,0.0
2024-05-24 14:25:00-04:00,24.854999542236328,24.8700008392334,24.809999465942383,24.844999313354492,1459,0.0,0.0
2024-05-24 14:30:00-04:00,24.809999465942383,24.809999465942383,24.809999465942383,24.809999465942383,1046,0.0,0.0
2024-05-24 14:35:00-04:00,24.809999465942383,24.834999084472656,24.809999465942383,24.834999084472656,318,0.0,0.0
2024-05-24 14:40:00-04:00,24.834999084472656,24.860000610351562,24.809999465942383,24.860000610351562,2028,0.0,0.0
2024-05-24 14:45:00-04:00,24.889999389648438,24.889999389648438,24.8700008392334,24.889999389648438,637,0.0,0.0
2024-05-24 14:50:00-04:00,24.8700008392334,24.8700008392334,24.8700008392334,24.8700008392334,1221,0.0,0.0
2024-05-24 15:00:00-04:00,24.8700008392334,24.8799991607666,24.860000610351562,24.8799991607666,2111,0.0,0.0
2024-05-24 15:05:00-04:00,24.90999984741211,24.920000076293945,24.90999984741211,24.920000076293945,917,0.0,0.0
2024-05-24 15:10:00-04:00,24.899999618530273,24.899999618530273,24.84000015258789,24.850000381469727,2267,0.0,0.0
2024-05-24 15:15:00-04:00,24.83049964904785,24.860000610351562,24.83049964904785,24.860000610351562,4397,0.0,0.0
2024-05-24 15:25:00-04:00,24.885000228881836,24.885000228881836,24.885000228881836,24.885000228881836,269,0.0,0.0
2024-05-24 15:30:00-04:00,24.90999984741211,24.979999542236328,24.889999389648438,24.979999542236328,4512,0.0,0.0
2024-05-24 15:35:00-04:00,25.0049991607666,25.0049991607666,24.969999313354492,24.975000381469727,3118,0.0,0.0
2024-05-24 15:40:00-04:00,25.020000457763672,25.024999618530273,24.93000030517578,24.93000030517578,4427,0.0,0.0
2024-05-24 15:45:00-04:00,24.940000534057617,24.940000534057617,24.850000381469727,24.850000381469727,5127,0.0,0.0
2024-05-24 15:50:00-04:00,24.8700008392334,24.89900016784668,24.75,24.854999542236328,14024,0.0,0.0
2024-05-24 15:55:00-04:00,24.8799991607666,24.8799991607666,24.799999237060547,24.84000015258789,14814,0.0,0.0
2024-05-28 09:30:00-04:00,25.190000534057617,25.420000076293945,25.190000534057617,25.420000076293945,4756,0.0,0.0
2024-05-28 09:35:00-04:00,25.43000030517578,25.510000228881836,25.40999984741211,25.510000228881836,3655,0.0,0.0
2024-05-28 09:40:00-04:00,25.530000686645508,25.549999237060547,25.530000686645508,25.549999237060547,1778,0.0,0.0
2024-05-28 09:45:00-04:00,25.450000762939453,25.469999313354492,25.450000762939453,25.469999313354492,1499,0.0,0.0
2024-05-28 09:50:00-04:00,25.479999542236328,25.479999542236328,25.36009979248047,25.36009979248047,6496,0.0,0.0
2024-05-28 10:00:00-04:00,25.3700008392334,25.434999465942383,25.3700008392334,25.420000076293945,1009,0.0,0.0
2024-05-28 10:05:00-04:00,25.3700008392334,25.739999771118164,25.364999771118164,25.739999771118164,6678,0.0,0.0
2024-05-28 10:10:00-04:00,25.700000762939453,25.760000228881836,25.610000610351562,25.610000610351562,4375,0.0,0.0
2024-05-28 10:20:00-04:00,25.665000915527344,25.665000915527344,25.579999923706055,25.579999923706055,2302,0.0,0.0
2024-05-28 10:25:00-04:00,25.579999923706055,25.6299991607666,25.565000534057617,25.565000534057617,1108,0.0,0.0
2024-05-28 10:30:00-04:00,25.510000228881836,25.510000228881836,25.510000228881836,25.510000228881836,451,0.0,0.0
2024-05-28 10:40:00-04:00,25.549999237060547,25.549999237060547,25.535600662231445,25.540000915527344,1280,0.0,0.0
2024-05-28 10:45:00-04:00,25.610000610351562,25.729999542236328,25.610000610351562,25.729999542236328,1858,0.0,0.0
2024-05-28 10:50:00-04:00,25.709999084472656,25.709999084472656,25.709999084472656,25.709999084472656,583,0.0,0.0
2024-05-28 10:55:00-04:00,25.68000030517578,25.93199920654297,25.68000030517578,25.860000610351562,4743,0.0,0.0
2024-05-28 11:00:00-04:00,25.844999313354492,25.889999389648438,25.844999313354492,25.889999389648438,649,0.0,0.0
2024-05-28 11:05:00-04:00,25.889999389648438,25.889999389648438,25.780000686645508,25.795000076293945,1406,0.0,0.0
2024-05-28 11:10:00-04:00,25.78499984741211,25.78499984741211,25.729999542236328,25.739999771118164,1360,0.0,0.0
2024-05-28 11:15:00-04:00,25.739999771118164,25.739999771118164,25.739999771118164,25.739999771118164,167,0.0,0.0
2024-05-28 11:20:00-04:00,25.760000228881836,25.770000457763672,25.760000228881836,25.770000457763672,383,0.0,0.0
2024-05-28 11:25:00-04:00,25.75,25.75,25.670000076293945,25.670000076293945,2334,0.0,0.0
2024-05-28 11:30:00-04:00,25.684999465942383,25.69499969482422,25.670000076293945,25.684999465942383,1051,0.0,0.0
2024-05-28 11:35:00-04:00,25.690000534057617,25.690000534057617,25.6299991607666,25.6299991607666,1818,0.0,0.0
2024-05-28 11:40:00-04:00,25.655000686645508,25.655000686645508,25.6299991607666,25.6299991607666,430,0.0,0.0
2024-05-28 11:45:00-04:00,25.655000686645508,25.655000686645508,25.636600494384766,25.650299072265625,1092,0.0,0.0
2024-05-28 11:50:00-04:00,25.690000534057617,25.770000457763672,25.68000030517578,25.700000762939453,1687,0.0,0.0
2024-05-28 11:55:00-04:00,25.799999237060547,25.799999237060547,25.737199783325195,25.780000686645508,1978,0.0,0.0
2024-05-28 12:05:00-04:00,25.75,25.75,25.729999542236328,25.729999542236328,1228,0.0,0.0
2024-05-28 12:20:00-04:00,25.719999313354492,25.719999313354492,25.71500015258789,25.71500015258789,1030,0.0,0.0
2024-05-28 12:30:00-04:00,25.760000228881836,25.79640007019043,25.760000228881836,25.79640007019043,2410,0.0,0.0
2024-05-28 12:35:00-04:00,25.804800033569336,25.804800033569336,25.804800033569336,25.804800033569336,1370,0.0,0.0
2024-05-28 12:40:00-04:00,25.75,25.75,25.75,25.75,1266,0.0,0.0
2024-05-28 12:45:00-04:00,25.719999313354492,25.719999313354492,25.649999618530273,25.649999618530273,718,0.0,0.0
2024-05-28 12:50:00-04:00,25.649999618530273,25.649999618530273,25.649999618530273,25.649999618530273,1182,0.0,0.0
2024-05-28 13:00:00-04:00,25.610000610351562,25.655000686645508,25.610000610351562,25.655000686645508,1800,0.0,0.0
2024-05-28 13:05:00-04:00,25.6299991607666,25.639999389648438,25.6299991607666,25.639999389648438,975,0.0,0.0
2024-05-28 13:10:00-04:00,25.649999618530273,25.649999618530273,25.649999618530273,25.649999618530273,506,0.0,0.0
2024-05-28 13:15:00-04:00,25.6200008392334,25.6200008392334,25.614999771118164,25.614999771118164,1313,0.0,0.0
2024-05-28 13:20:00-04:00,25.635000228881836,25.635000228881836,25.635000228881836,25.635000228881836,634,0.0,0.0
2024-05-28 13:30:00-04:00,25.59000015258789,25.59000015258789,25.540000915527344,25.540000915527344,2099,0.0,0.0
2024-05-28 13:40:00-04:00,25.549999237060547,25.549999237060547,25.549999237060547,25.549999237060547,1734,0.0,0.0
2024-05-28 13:50:00-04:00,25.489999771118164,25.489999771118164,25.489999771118164,25.489999771118164,477,0.0,0.0
2024-05-28 13:55:00-04:00,25.459999084472656,25.459999084472656,25.459999084472656,25.459999084472656,816,0.0,0.0
2024-05-28 14:05:00-04:00,25.440000534057617,25.440000534057617,25.440000534057617,25.440000534057617,546,0.0,0.0
2024-05-28 14:15:00-04:00,25.489999771118164,25.489999771118164,25.489999771118164,25.489999771118164,375,0.0,0.0
2024-05-28 14:20:00-04:00,25.479999542236328,25.479999542236328,25.450000762939453,25.450000762939453,1897,0.0,0.0
2024-05-28 14:25:00-04:00,25.440000534057617,25.559999465942383,25.440000534057617,25.559999465942383,1979,0.0,0.0
2024-05-28 14:30:00-04:00,25.5,25.5,25.450000762939453,25.450000762939453,1969,0.0,0.0
2024-05-28 14:35:00-04:00,25.520000457763672,25.538999557495117,25.4950008392334,25.538999557495117,579,0.0,0.0
2024-05-28 14:40:00-04:00,25.540000915527344,25.540000915527344,25.479999542236328,25.479999542236328,2856,0.0,0.0
2024-05-28 14:45:00-04:00,25.5,25.518999099731445,25.469999313354492,25.518999099731445,2049,0.0,0.0
2024-05-28 14:50:00-04:00,25.489999771118164,25.520000457763672,25.489999771118164,25.520000457763672,640,0.0,0.0
2024-05-28 14:55:00-04:00,25.504100799560547,25.504100799560547,25.504100799560547,25.504100799560547,414,0.0,0.0
2024-05-28 15:00:00-04:00,25.485000610351562,25.485000610351562,25.459999084472656,25.459999084472656,1170,0.0,0.0
2024-05-28 15:05:00-04:00,25.479999542236328,25.479999542236328,25.479999542236328,25.479999542236328,624,0.0,0.0
2024-05-28 15:10:00-04:00,25.489999771118164,25.5049991607666,25.459999084472656,25.479999542236328,2068,0.0,0.0
2024-05-28 15:15:00-04:00,25.479999542236328,25.479999542236328,25.479999542236328,25.479999542236328,270,0.0,0.0
2024-05-28 15:20:00-04:00,25.510000228881836,25.510000228881836,25.44499969482422,25.489999771118164,2839,0.0,0.0
2024-05-28 15:25:00-04:00,25.520000457763672,25.520000457763672,25.520000457763672,25.520000457763672,1849,0.0,0.0
2024-05-28 15:30:00-04:00,25.510000228881836,25.514999389648438,25.510000228881836,25.514999389648438,925,0.0,0.0
2024-05-28 15:35:00-04:00,25.514999389648438,25.514999389648438,25.4950008392334,25.4950008392334,2069,0.0,0.0
2024-05-28 15:40:00-04:00,25.5,25.600000381469727,25.489999771118164,25.559999465942383,7182,0.0,0.0
2024-05-28 15:45:00-04:00,25.559999465942383,25.559999465942383,25.520000457763672,25.520000457763672,4285,0.0,0.0
2024-05-28 15:50:00-04:00,25.510000228881836,25.549999237060547,25.459999084472656,25.489999771118164,7298,0.0,0.0
2024-05-28 15:55:00-04:00,25.450000762939453,25.450000762939453,25.31999969482422,25.34000015258789,14926,0.0,0.0
2024-05-29 09:30:00-04:00,24.93000030517578,25.020000457763672,24.93000030517578,25.020000457763672,2636,0.0,0.0
2024-05-29 09:35:00-04:00,24.91010093688965,24.93000030517578,24.91010093688965,24.93000030517578,1594,0.0,0.0
2024-05-29 09:45:00-04:00,24.94879913330078,25.040000915527344,24.94879913330078,25.040000915527344,877,0.0,0.0
2024-05-29 09:50:00-04:00,25.149999618530273,25.149999618530273,25.1200008392334,25.1200008392334,636,0.0,0.0
2024-05-29 09:55:00-04:00,25.169099807739258,25.169099807739258,25.155000686645508,25.165000915527344,707,0.0,0.0
2024-05-29 10:00:00-04:00,25.229999542236328,25.229999542236328,25.229999542236328,25.229999542236328,121,0.0,0.0
2024-05-29 10:05:00-04:00,25.225000381469727,25.225000381469727,25.225000381469727,25.225000381469727,125,0.0,0.0
2024-05-29 10:10:00-04:00,25.229999542236328,25.229999542236328,25.229999542236328,25.229999542236328,186,0.0,0.0
2024-05-29 10:15:00-04:00,25.149999618530273,25.170000076293945,25.079999923706055,25.119199752807617,3237,0.0,0.0
2024-05-29 10:20:00-04:00,25.1299991607666,25.139999389648438,25.094999313354492,25.094999313354492,904,0.0,0.0
2024-05-29 10:25:00-04:00,25.17799949645996,25.18000030517578,25.09000015258789,25.100000381469727,4688,0.0,0.0
2024-05-29 10:35:00-04:00,25.125,25.125,25.125,25.125,339,0.0,0.0
2024-05-29 10:40:00-04:00,25.065000534057617,25.06999969482422,25.065000534057617,25.06999969482422,746,0.0,0.0
2024-05-29 10:45:00-04:00,25.059999465942383,25.059999465942383,24.989999771118164,24.989999771118164,1832,0.0,0.0
2024-05-29 10:50:00-04:00,24.94499969482422,24.950000762939453,24.899999618530273,24.899999618530273,937,0.0,0.0
2024-05-29 10:55:00-04:00,24.90999984741211,24.90999984741211,24.90999984741211,24.90999984741211,564,0.0,0.0
2024-05-29 11:00:00-04:00,24.895000457763672,24.895000457763672,24.895000457763672,24.895000457763672,225,0.0,0.0
2024-05-29 11:05:00-04:00,24.899999618530273,24.899999618530273,24.899999618530273,24.899999618530273,421,0.0,0.0
2024-05-29 11:10:00-04:00,24.899999618530273,24.989999771118164,24.899999618530273,24.959999084472656,3665,0.0,0.0
2024-05-29 11:15:00-04:00,24.950899124145508,24.950899124145508,24.950899124145508,24.950899124145508,915,0.0,0.0
2024-05-29 11:25:00-04:00,25.139999389648438,25.139999389648438,25.139999389648438,25.139999389648438,258,0.0,0.0
2024-05-29 11:30:00-04:00,25.100000381469727,25.100000381469727,25.024999618530273,25.024999618530273,2038,0.0,0.0
2024-05-29 11:45:00-04:00,25.040000915527344,25.040000915527344,25.040000915527344,25.040000915527344,686,0.0,0.0
2024-05-29 11:50:00-04:00,25.079999923706055,25.079999923706055,25.079999923706055,25.079999923706055,200,0.0,0.0
2024-05-29 11:55:00-04:00,25.079999923706055,25.079999923706055,25.079999923706055,25.079999923706055,71,0.0,0.0
2024-05-29 12:00:00-04:00,25.040000915527344,25.040000915527344,24.989999771118164,24.989999771118164,2147,0.0,0.0
2024-05-29 12:05:00-04:00,25.030000686645508,25.05500030517578,25.020000457763672,25.05500030517578,2029,0.0,0.0
2024-05-29 12:10:00-04:00,25.049999237060547,25.082500457763672,25.030000686645508,25.06329917907715,4934,0.0,0.0
2024-05-29 12:15:00-04:00,25.079999923706055,25.079999923706055,25.079999923706055,25.079999923706055,1475,0.0,0.0
2024-05-29 12:25:00-04:00,25.1200008392334,25.139999389648438,25.110000610351562,25.110000610351562,1768,0.0,0.0
2024-05-29 12:30:00-04:00,25.110000610351562,25.149999618530273,25.110000610351562,25.149999618530273,481,0.0,0.0
2024-05-29 12:35:00-04:00,25.139999389648438,25.139999389648438,25.06999969482422,25.06999969482422,2878,0.0,0.0
2024-05-29 12:40:00-04:00,25.030000686645508,25.030000686645508,25.030000686645508,25.030000686645508,565,0.0,0.0
2024-05-29 12:50:00-04:00,25.094999313354492,25.094999313354492,25.094999313354492,25.094999313354492,505,0.0,0.0
2024-05-29 12:55:00-04:00,25.06999969482422,25.06999969482422,25.06999969482422,25.06999969482422,658,0.0,0.0
2024-05-29 13:00:00-04:00,25.06999969482422,25.079999923706055,25.049999237060547,25.049999237060547,2262,0.0,0.0
2024-05-29 13:05:00-04:00,25.040000915527344,25.079999923706055,25.040000915527344,25.079999923706055,1000,0.0,0.0
2024-05-29 13:10:00-04:00,25.114999771118164,25.114999771118164,25.114999771118164,25.114999771118164,478,0.0,0.0
2024-05-29 13:20:00-04:00,25.174999237060547,25.200000762939453,25.174999237060547,25.200000762939453,508,0.0,0.0
2024-05-29 13:25:00-04:00,25.18000030517578,25.18000030517578,25.18000030517578,25.18000030517578,717,0.0,0.0
2024-05-29 13:30:00-04:00,25.149999618530273,25.149999618530273,25.100000381469727,25.100000381469727,2503,0.0,0.0
2024-05-29 13:35:00-04:00,25.09000015258789,25.094999313354492,25.09000015258789,25.094999313354492,923,0.0,0.0
2024-05-29 13:40:00-04:00,25.079999923706055,25.079999923706055,25.040000915527344,25.040000915527344,1370,0.0,0.0
2024-05-29 13:45:00-04:00,25.024999618530273,25.024999618530273,25.024999618530273,25.024999618530273,228,0.0,0.0
2024-05-29 13:50:00-04:00,25.024999618530273,25.09000015258789,25.024999618530273,25.05500030517578,1205,0.0,0.0
2024-05-29 13:55:00-04:00,25.040000915527344,25.040000915527344,25.040000915527344,25.040000915527344,1194,0.0,0.0
2024-05-29 14:00:00-04:00,25.020299911499023,25.03499984741211,25.020000457763672,25.030000686645508,2210,0.0,0.0
2024-05-29 14:05:00-04:00,25.09000015258789,25.18000030517578,25.09000015258789,25.18000030517578,455,0.0,0.0
2024-05-29 14:10:00-04:00,25.125,25.135000228881836,25.125,25.135000228881836,1243,0.0,0.0
2024-05-29 14:20:00-04:00,25.110000610351562,25.110000610351562,25.110000610351562,25.110000610351562,1046,0.0,0.0
2024-05-29 14:25:00-04:00,25.1299991607666,25.1299991607666,25.049999237060547,25.049999237060547,3923,0.0,0.0
2024-05-29 14:45:00-04:00,25.0,25.040000915527344,25.0,25.040000915527344,1030,0.0,0.0
2024-05-29 14:50:00-04:00,25.040000915527344,25.040000915527344,25.030000686645508,25.030000686645508,944,0.0,0.0
2024-05-29 14:55:00-04:00,25.040000915527344,25.049999237060547,25.040000915527344,25.049999237060547,820,0.0,0.0
2024-05-29 15:00:00-04:00,25.030000686645508,25.059999465942383,25.030000686645508,25.059999465942383,569,0.0,0.0
2024-05-29 15:05:00-04:00,25.040000915527344,25.040000915527344,24.950000762939453,24.950000762939453,2761,0.0,0.0
2024-05-29 15:15:00-04:00,24.920000076293945,24.920000076293945,24.920000076293945,24.920000076293945,533,0.0,0.0
2024-05-29 15:20:00-04:00,24.940000534057617,24.940000534057617,24.940000534057617,24.940000534057617,366,0.0,0.0
2024-05-29 15:30:00-04:00,24.920000076293945,24.920000076293945,24.81999969482422,24.81999969482422,3497,0.0,0.0
2024-05-29 15:35:00-04:00,24.829999923706055,24.829999923706055,24.809999465942383,24.809999465942383,1961,0.0,0.0
2024-05-29 15:40:00-04:00,24.829999923706055,24.899999618530273,24.829999923706055,24.8799991607666,3154,0.0,0.0
2024-05-29 15:45:00-04:00,24.8799991607666,24.969999313354492,24.8700008392334,24.969999313354492,6817,0.0,0.0
2024-05-29 15:50:00-04:00,24.899999618530273,24.93000030517578,24.799999237060547,24.799999237060547,6769,0.0,0.0
2024-05-29 15:55:00-04:00,24.829999923706055,24.889999389648438,24.829999923706055,24.889999389648438,12901,0.0,0.0
2024-05-30 09:30:00-04:00,25.110000610351562,25.110000610351562,25.0,25.0,2151,0.0,0.0
2024-05-30 09:35:00-04:00,25.049999237060547,25.049999237060547,25.049999237060547,25.049999237060547,1027,0.0,0.0
2024-05-30 09:45:00-04:00,25.139999389648438,25.139999389648438,25.139999389648438,25.139999389648438,782,0.0,0.0
2024-05-30 10:00:00-04:00,25.225000381469727,25.225000381469727,25.15999984741211,25.15999984741211,1928,0.0,0.0
2024-05-30 10:05:00-04:00,25.190000534057617,25.200000762939453,25.190000534057617,25.200000762939453,811,0.0,0.0
2024-05-30 10:10:00-04:00,25.06999969482422,25.06999969482422,25.051700592041016,25.051700592041016,901,0.0,0.0
2024-05-30 10:15:00-04:00,25.1200008392334,25.1200008392334,25.049999237060547,25.07080078125,974,0.0,0.0
2024-05-30 10:20:00-04:00,25.15999984741211,25.21500015258789,25.15999984741211,25.21500015258789,2415,0.0,0.0
2024-05-30 10:25:00-04:00,25.209999084472656,25.209999084472656,25.15999984741211,25.15999984741211,2171,0.0,0.0
2024-05-30 10:40:00-04:00,25.219999313354492,25.219999313354492,25.219999313354492,25.219999313354492,462,0.0,0.0
2024-05-30 10:45:00-04:00,25.270000457763672,25.270000457763672,25.270000457763672,25.270000457763672,989,0.0,0.0
2024-05-30 10:55:00-04:00,25.290000915527344,25.290000915527344,25.290000915527344,25.290000915527344,430,0.0,0.0
2024-05-30 11:00:00-04:00,25.239999771118164,25.239999771118164,25.010000228881836,25.049999237060547,13492,0.0,0.0
2024-05-30 11:05:00-04:00,25.0,25.010000228881836,24.975000381469727,25.010000228881836,6336,0.0,0.0
2024-05-30 11:10:00-04:00,25.06999969482422,25.094999313354492,25.059999465942383,25.094999313354492,1712,0.0,0.0
2024-05-30 11:20:00-04:00,25.15999984741211,25.209999084472656,25.149999618530273,25.149999618530273,2109,0.0,0.0
2024-05-30 11:30:00-04:00,25.19499969482422,25.19499969482422,25.19499969482422,25.19499969482422,488,0.0,0.0
2024-05-30 11:35:00-04:00,25.229999542236328,25.229999542236328,25.190399169921875,25.190399169921875,2576,0.0,0.0
2024-05-30 11:45:00-04:00,25.1299991607666,25.1299991607666,25.045000076293945,25.045000076293945,4496,0.0,0.0
2024-05-30 11:50:00-04:00,25.0,25.110000610351562,25.0,25.010000228881836,10518,0.0,0.0
2024-05-30 12:05:00-04:00,25.010000228881836,25.010000228881836,25.010000228881836,25.010000228881836,935,0.0,0.0
2024-05-30 12:15:00-04:00,25.0,25.0,24.90999984741211,24.920000076293945,15645,0.0,0.0
2024-05-30 12:30:00-04:00,25.049999237060547,25.049999237060547,25.049999237060547,25.049999237060547,2740,0.0,0.0
2024-05-30 12:35:00-04:00,25.139999389648438,25.139999389648438,25.139999389648438,25.139999389648438,3332,0.0,0.0
2024-05-30 12:40:00-04:00,25.089500427246094,25.089500427246094,25.089500427246094,25.089500427246094,548,0.0,0.0
2024-05-30 12:45:00-04:00,25.1299991607666,25.1299991607666,25.059999465942383,25.059999465942383,1299,0.0,0.0
2024-05-30 12:55:00-04:00,25.1299991607666,25.1299991607666,25.100000381469727,25.100000381469727,603,0.0,0.0
2024-05-30 13:00:00-04:00,25.09000015258789,25.09000015258789,24.979999542236328,24.979999542236328,5869,0.0,0.0
2024-05-30 13:10:00-04:00,25.0,25.0,25.0,25.0,299,0.0,0.0
2024-05-30 13:15:00-04:00,24.97010040283203,24.97010040283203,24.97010040283203,24.97010040283203,412,0.0,0.0
2024-05-30 13:20:00-04:00,24.987600326538086,24.987600326538086,24.959999084472656,24.959999084472656,2015,0.0,0.0
2024-05-30 13:25:00-04:00,24.950000762939453,24.950000762939453,24.950000762939453,24.950000762939453,782,0.0,0.0
2024-05-30 13:30:00-04:00,24.950000762939453,24.950000762939453,24.950000762939453,24.950000762939453,568,0.0,0.0
2024-05-30 13:35:00-04:00,24.95599937438965,25.00480079650879,24.95599937438965,25.00480079650879,793,0.0,0.0
2024-05-30 13:40:00-04:00,25.0,25.010000228881836,25.0,25.000099182128906,3151,0.0,0.0
2024-05-30 13:45:00-04:00,25.0,25.0,25.0,25.0,3112,0.0,0.0
2024-05-30 13:50:00-04:00,24.899999618530273,24.920000076293945,24.889999389648438,24.889999389648438,1713,0.0,0.0
2024-05-30 13:55:00-04:00,24.8799991607666,24.8799991607666,24.850000381469727,24.850000381469727,1781,0.0,0.0
2024-05-30 14:00:00-04:00,24.799999237060547,24.84000015258789,24.780000686645508,24.84000015258789,2117,0.0,0.0
2024-05-30 14:05:00-04:00,24.860000610351562,24.860000610351562,24.860000610351562,24.860000610351562,236,0.0,0.0
2024-05-30 14:10:00-04:00,24.850000381469727,24.850000381469727,24.84000015258789,24.84000015258789,667,0.0,0.0
2024-05-30 14:15:00-04:00,24.81999969482422,24.829999923706055,24.809999465942383,24.829999923706055,884,0.0,0.0
2024-05-30 14:25:00-04:00,24.784799575805664,24.784799575805664,24.784799575805664,24.784799575805664,1583,0.0,0.0
2024-05-30 14:30:00-04:00,24.850000381469727,24.850000381469727,24.809999465942383,24.809999465942383,970,0.0,0.0
2024-05-30 14:35:00-04:00,24.790000915527344,24.825000762939453,24.750200271606445,24.825000762939453,3054,0.0,0.0
2024-05-30 14:40:00-04:00,24.79949951171875,24.79949951171875,24.75,24.75,2143,0.0,0.0
2024-05-30 14:45:00-04:00,24.76650047302246,24.76650047302246,24.76650047302246,24.76650047302246,261,0.0,0.0
2024-05-30 14:50:00-04:00,24.760000228881836,24.770000457763672,24.75,24.770000457763672,1632,0.0,0.0
2024-05-30 14:55:00-04:00,24.770000457763672,24.770000457763672,24.770000457763672,24.770000457763672,120,0.0,0.0
2024-05-30 15:00:00-04:00,24.739999771118164,24.75,24.729999542236328,24.739999771118164,2864,0.0,0.0
2024-05-30 15:15:00-04:00,24.719999313354492,24.719999313354492,24.700000762939453,24.700000762939453,1613,0.0,0.0
2024-05-30 15:20:00-04:00,24.690000534057617,24.700000762939453,24.6299991607666,24.6299991607666,2377,0.0,0.0
2024-05-30 15:25:00-04:00,24.65999984741211,24.729999542236328,24.65999984741211,24.697099685668945,1484,0.0,0.0
2024-05-30 15:30:00-04:00,24.68000030517578,24.684999465942383,24.68000030517578,24.684999465942383,435,0.0,0.0
2024-05-30 15:35:00-04:00,24.68000030517578,24.695199966430664,24.670000076293945,24.695199966430664,2117,0.0,0.0
2024-05-30 15:40:00-04:00,24.729999542236328,24.770000457763672,24.729999542236328,24.770000457763672,1387,0.0,0.0
2024-05-30 15:45:00-04:00,24.75,24.84000015258789,24.729999542236328,24.780000686645508,5288,0.0,0.0
2024-05-30 15:50:00-04:00,24.809999465942383,24.829999923706055,24.790000915527344,24.799999237060547,6523,0.0,0.0
2024-05-30 15:55:00-04:00,24.829999923706055,24.860000610351562,24.739999771118164,24.7450008392334,12103,0.0,0.0
2024-05-31 09:30:00-04:00,24.979999542236328,25.06999969482422,24.864999771118164,24.864999771118164,3578,0.0,0.0
2024-05-31 09:35:00-04:00,24.91029930114746,24.91029930114746,24.91029930114746,24.91029930114746,1065,0.0,0.0
2024-05-31 09:45:00-04:00,25.065000534057617,25.0674991607666,25.065000534057617,25.0674991607666,653,0.0,0.0
2024-05-31 09:50:00-04:00,25.0,25.0,24.735000610351562,24.780000686645508,3135,0.0,0.0
2024-05-31 09:55:00-04:00,24.700000762939453,24.700000762939453,24.649999618530273,24.700000762939453,1102,0.0,0.0
2024-05-31 10:00:00-04:00,24.600000381469727,24.655000686645508,24.565000534057617,24.56999969482422,805,0.0,0.0
2024-05-31 10:05:00-04:00,24.65999984741211,24.670000076293945,24.56999969482422,24.56999969482422,1854,0.0,0.0
2024-05-31 10:10:00-04:00,24.559999465942383,24.6200008392334,24.559999465942383,24.604999542236328,1677,0.0,0.0
2024-05-31 10:15:00-04:00,24.559999465942383,24.600000381469727,24.559999465942383,24.600000381469727,345,0.0,0.0
2024-05-31 10:20:00-04:00,24.610000610351562,24.610000610351562,24.610000610351562,24.610000610351562,110,0.0,0.0
2024-05-31 10:25:00-04:00,24.614999771118164,24.614999771118164,24.559999465942383,24.559999465942383,2833,0.0,0.0
2024-05-31 10:30:00-04:00,24.5,24.540000915527344,24.5,24.530000686645508,1280,0.0,0.0
2024-05-31 10:35:00-04:00,24.485000610351562,24.485000610351562,24.354999542236328,24.354999542236328,2731,0.0,0.0
2024-05-31 10:40:00-04:00,24.405000686645508,24.405000686645508,24.364999771118164,24.364999771118164,511,0.0,0.0
2024-05-31 10:45:00-04:00,24.3700008392334,24.3700008392334,24.25,24.25,2565,0.0,0.0
2024-05-31 10:50:00-04:00,24.290000915527344,24.290000915527344,24.290000915527344,24.290000915527344,909,0.0,0.0
2024-05-31 10:55:00-04:00,24.34000015258789,24.3799991607666,24.1299991607666,24.149999618530273,8769,0.0,0.0
2024-05-31 11:00:00-04:00,24.204999923706055,24.204999923706055,23.9950008392334,24.0049991607666,2786,0.0,0.0
2024-05-31 11:05:00-04:00,24.059999465942383,24.059999465942383,24.059999465942383,24.059999465942383,385,0.0,0.0
2024-05-31 11:10:00-04:00,24.059999465942383,24.059999465942383,23.8700008392334,24.020000457763672,5605,0.0,0.0
2024-05-31 11:15:00-04:00,24.020000457763672,24.020000457763672,23.97089958190918,23.97089958190918,742,0.0,0.0
2024-05-31 11:20:00-04:00,23.979999542236328,24.052000045776367,23.8700008392334,23.886999130249023,4973,0.0,0.0
2024-05-31 11:25:00-04:00,23.924999237060547,23.959999084472656,23.924999237060547,23.959999084472656,482,0.0,0.0
2024-05-31 11:30:00-04:00,23.959999084472656,23.959999084472656,23.8799991607666,23.8799991607666,1846,0.0,0.0
2024-05-31 11:35:00-04:00,23.850000381469727,24.049999237060547,23.80699920654297,24.049999237060547,11878,0.0,0.0
2024-05-31 11:40:00-04:00,24.059999465942383,24.100000381469727,24.059999465942383,24.100000381469727,3244,0.0,0.0
2024-05-31 11:45:00-04:00,24.100000381469727,24.100000381469727,23.924999237060547,23.934999465942383,3119,0.0,0.0
2024-05-31 11:50:00-04:00,23.90999984741211,23.942100524902344,23.90999984741211,23.92009925842285,706,0.0,0.0
2024-05-31 11:55:00-04:00,24.0,24.0,24.0,24.0,174,0.0,0.0
2024-05-31 12:00:00-04:00,23.899999618530273,24.0,23.854999542236328,23.854999542236328,3082,0.0,0.0
2024-05-31 12:05:00-04:00,23.889999389648438,23.899999618530273,23.8799991607666,23.8799991607666,845,0.0,0.0
2024-05-31 12:10:00-04:00,23.8700008392334,23.8700008392334,23.799999237060547,23.805099487304688,2756,0.0,0.0
2024-05-31 12:15:00-04:00,23.83139991760254,23.83139991760254,23.770000457763672,23.770000457763672,1217,0.0,0.0
2024-05-31 12:20:00-04:00,23.88990020751953,23.88990020751953,23.670000076293945,23.670000076293945,12447,0.0,0.0
2024-05-31 12:25:00-04:00,23.760000228881836,23.860000610351562,23.760000228881836,23.860000610351562,1592,0.0,0.0
2024-05-31 12:30:00-04:00,23.90999984741211,23.959999084472656,23.90999984741211,23.950000762939453,1520,0.0,0.0
2024-05-31 12:35:00-04:00,24.030000686645508,24.030000686645508,23.950000762939453,23.950000762939453,1889,0.0,0.0
2024-05-31 12:40:00-04:00,23.959999084472656,23.959999084472656,23.959999084472656,23.959999084472656,1253,0.0,0.0
2024-05-31 12:45:00-04:00,23.90999984741211,23.90999984741211,23.84000015258789,23.84000015258789,4446,0.0,0.0
2024-05-31 12:50:00-04:00,23.850000381469727,23.850000381469727,23.850000381469727,23.850000381469727,536,0.0,0.0
2024-05-31 12:55:00-04:00,23.8799991607666,24.190000534057617,23.7549991607666,24.190000534057617,11163,0.0,0.0
2024-05-31 13:00:00-04:00,24.200000762939453,24.200000762939453,24.165000915527344,24.165000915527344,1512,0.0,0.0
2024-05-31 13:05:00-04:00,24.149999618530273,24.149999618530273,24.149999618530273,24.149999618530273,283,0.0,0.0
2024-05-31 13:10:00-04:00,24.09000015258789,24.168899536132812,24.09000015258789,24.168899536132812,1004,0.0,0.0
2024-05-31 13:20:00-04:00,24.15999984741211,24.201499938964844,24.149999618530273,24.190000534057617,2168,0.0,0.0
2024-05-31 13:25:00-04:00,24.170000076293945,24.170000076293945,24.170000076293945,24.170000076293945,544,0.0,0.0
2024-05-31 13:30:00-04:00,24.149999618530273,24.149999618530273,24.149999618530273,24.149999618530273,165,0.0,0.0
2024-05-31 13:35:00-04:00,24.170000076293945,24.18000030517578,24.149999618530273,24.149999618530273,1423,0.0,0.0
2024-05-31 13:40:00-04:00,24.139999389648438,24.190000534057617,24.139999389648438,24.15999984741211,3824,0.0,0.0
2024-05-31 13:45:00-04:00,24.290000915527344,24.290000915527344,24.290000915527344,24.290000915527344,801,0.0,0.0
2024-05-31 13:50:00-04:00,24.260000228881836,24.260000228881836,24.260000228881836,24.260000228881836,798,0.0,0.0
2024-05-31 13:55:00-04:00,24.25,24.270000457763672,24.25,24.270000457763672,2469,0.0,0.0
2024-05-31 14:05:00-04:00,24.229999542236328,24.229999542236328,24.229999542236328,24.229999542236328,925,0.0,0.0
2024-05-31 14:10:00-04:00,24.219999313354492,24.219999313354492,24.219999313354492,24.219999313354492,411,0.0,0.0
2024-05-31 14:15:00-04:00,24.25,24.309999465942383,24.25,24.309999465942383,2277,0.0,0.0
2024-05-31 14:25:00-04:00,24.25,24.25,24.209999084472656,24.209999084472656,2448,0.0,0.0
2024-05-31 14:30:00-04:00,24.225000381469727,24.225000381469727,24.225000381469727,24.225000381469727,345,0.0,0.0
2024-05-31 14:35:00-04:00,24.190000534057617,24.190000534057617,24.190000534057617,24.190000534057617,2707,0.0,0.0
2024-05-31 14:50:00-04:00,24.15999984741211,24.15999984741211,24.15999984741211,24.15999984741211,248,0.0,0.0
2024-05-31 14:55:00-04:00,24.139999389648438,24.170000076293945,24.110000610351562,24.1200008392334,4072,0.0,0.0
2024-05-31 15:00:00-04:00,24.1200008392334,24.1200008392334,24.03700065612793,24.03700065612793,1506,0.0,0.0
2024-05-31 15:05:00-04:00,24.017000198364258,24.017000198364258,24.017000198364258,24.017000198364258,1147,0.0,0.0
2024-05-31 15:10:00-04:00,24.079999923706055,24.110000610351562,24.079999923706055,24.079999923706055,5001,0.0,0.0
2024-05-31 15:15:00-04:00,24.125,24.125,24.06999969482422,24.06999969482422,2651,0.0,0.0
2024-05-31 15:20:00-04:00,24.110000610351562,24.190000534057617,24.110000610351562,24.174999237060547,2288,0.0,0.0
2024-05-31 15:25:00-04:00,24.15999984741211,24.170000076293945,24.100000381469727,24.100000381469727,5116,0.0,0.0
2024-05-31 15:30:00-04:00,24.06999969482422,24.100000381469727,24.06999969482422,24.100000381469727,2732,0.0,0.0
2024-05-31 15:35:00-04:00,24.06999969482422,24.075000762939453,24.06999969482422,24.075000762939453,551,0.0,0.0
2024-05-31 15:40:00-04:00,24.09000015258789,24.100000381469727,24.049999237060547,24.100000381469727,4920,0.0,0.0
2024-05-31 15:45:00-04:00,24.100000381469727,24.219999313354492,24.100000381469727,24.219999313354492,11189,0.0,0.0
2024-05-31 15:50:00-04:00,24.260000228881836,24.3700008392334,24.260000228881836,24.354999542236328,10430,0.0,0.0
2024-05-31 15:55:00-04:00,24.364999771118164,24.3799991607666,24.34000015258789,24.350000381469727,20052,0.0,0.0
2024-06-03 09:30:00-04:00,24.719999313354492,24.719999313354492,24.719999313354492,24.719999313354492,2341,0.0,0.0
2024-06-03 09:35:00-04:00,24.709999084472656,24.709999084472656,24.709999084472656,24.709999084472656,146,0.0,0.0
2024-06-03 09:40:00-04:00,24.489999771118164,24.600000381469727,24.450000762939453,24.575000762939453,2055,0.0,0.0
2024-06-03 09:45:00-04:00,24.530000686645508,24.530000686645508,24.299999237060547,24.360000610351562,3651,0.0,0.0
2024-06-03 09:55:00-04:00,24.270000457763672,24.270000457763672,24.200000762939453,24.200000762939453,882,0.0,0.0
2024-06-03 10:00:00-04:00,24.239999771118164,24.299999237060547,24.219999313354492,24.260700225830078,3128,0.0,0.0
2024-06-03 10:05:00-04:00,24.170000076293945,24.170000076293945,24.170000076293945,24.170000076293945,1083,0.0,0.0
2024-06-03 10:10:00-04:00,24.260000228881836,24.260000228881836,24.260000228881836,24.260000228881836,463,0.0,0.0
2024-06-03 10:15:00-04:00,24.40999984741211,24.40999984741211,24.40999984741211,24.40999984741211,507,0.0,0.0
2024-06-03 10:20:00-04:00,24.43000030517578,24.43000030517578,24.43000030517578,24.43000030517578,392,0.0,0.0
2024-06-03 10:25:00-04:00,24.43000030517578,24.43000030517578,24.405000686645508,24.405000686645508,603,0.0,0.0
2024-06-03 10:30:00-04:00,24.440000534057617,24.450000762939453,24.440000534057617,24.450000762939453,297,0.0,0.0
2024-06-03 10:35:00-04:00,24.459999084472656,24.459999084472656,24.350000381469727,24.350000381469727,2587,0.0,0.0
2024-06-03 10:45:00-04:00,24.350000381469727,24.360000610351562,24.309999465942383,24.309999465942383,1995,0.0,0.0
2024-06-03 10:50:00-04:00,24.280000686645508,24.280000686645508,24.280000686645508,24.280000686645508,428,0.0,0.0
2024-06-03 10:55:00-04:00,24.299999237060547,24.299999237060547,24.299999237060547,24.299999237060547,133,0.0,0.0
2024-06-03 11:00:00-04:00,24.329999923706055,24.405000686645508,24.329999923706055,24.405000686645508,1250,0.0,0.0
2024-06-03 11:05:00-04:00,24.34000015258789,24.34000015258789,24.329999923706055,24.329999923706055,1260,0.0,0.0
2024-06-03 11:10:00-04:00,24.350000381469727,24.350000381469727,24.350000381469727,24.350000381469727,585,0.0,0.0
2024-06-03 11:15:00-04:00,24.309999465942383,24.309999465942383,24.260000228881836,24.309999465942383,1222,0.0,0.0
2024-06-03 11:20:00-04:00,24.190000534057617,24.190000534057617,24.190000534057617,24.190000534057617,575,0.0,0.0
2024-06-03 11:25:00-04:00,24.299999237060547,24.299999237060547,24.09000015258789,24.09000015258789,8338,0.0,0.0
2024-06-03 11:30:00-04:00,24.125,24.125,24.125,24.125,330,0.0,0.0
2024-06-03 11:35:00-04:00,24.209999084472656,24.2549991607666,24.209999084472656,24.2549991607666,1004,0.0,0.0
2024-06-03 11:45:00-04:00,24.200000762939453,24.200000762939453,24.18000030517578,24.18000030517578,1158,0.0,0.0
2024-06-03 11:50:00-04:00,24.170000076293945,24.19849967956543,24.100000381469727,24.100000381469727,3189,0.0,0.0
2024-06-03 11:55:00-04:00,24.149999618530273,24.149999618530273,24.1200008392334,24.1200008392334,899,0.0,0.0
2024-06-03 12:00:00-04:00,24.18000030517578,24.18000030517578,24.1299991607666,24.1299991607666,1656,0.0,0.0
2024-06-03 12:05:00-04:00,24.1299991607666,24.145000457763672,24.1200008392334,24.145000457763672,824,0.0,0.0
2024-06-03 12:10:00-04:00,24.170000076293945,24.200000762939453,24.135000228881836,24.135000228881836,3171,0.0,0.0
2024-06-03 12:15:00-04:00,24.110000610351562,24.110000610351562,24.110000610351562,24.110000610351562,380,0.0,0.0
2024-06-03 12:20:00-04:00,24.100000381469727,24.100000381469727,24.079999923706055,24.079999923706055,3435,0.0,0.0
2024-06-03 12:25:00-04:00,24.1299991607666,24.139999389648438,24.09000015258789,24.09000015258789,1011,0.0,0.0
2024-06-03 12:30:00-04:00,24.15999984741211,24.15999984741211,24.020000457763672,24.020000457763672,4413,0.0,0.0
2024-06-03 12:35:00-04:00,24.040000915527344,24.059999465942383,24.020000457763672,24.020000457763672,1493,0.0,0.0
2024-06-03 12:40:00-04:00,24.059999465942383,24.110000610351562,24.030000686645508,24.049999237060547,5250,0.0,0.0
2024-06-03 12:45:00-04:00,24.079999923706055,24.145000457763672,24.079999923706055,24.110000610351562,1467,0.0,0.0
2024-06-03 12:50:00-04:00,24.1200008392334,24.170000076293945,24.1200008392334,24.170000076293945,389,0.0,0.0
2024-06-03 12:55:00-04:00,24.165000915527344,24.200000762939453,24.165000915527344,24.200000762939453,773,0.0,0.0
2024-06-03 13:00:00-04:00,24.204999923706055,24.204999923706055,24.15999984741211,24.190000534057617,3586,0.0,0.0
2024-06-03 13:05:00-04:00,24.15999984741211,24.219999313354492,24.15999984741211,24.219999313354492,1500,0.0,0.0
2024-06-03 13:10:00-04:00,24.149999618530273,24.149999618530273,24.079999923706055,24.079999923706055,3265,0.0,0.0
2024-06-03 13:15:00-04:00,24.040000915527344,24.135000228881836,24.040000915527344,24.135000228881836,1358,0.0,0.0
2024-06-03 13:20:00-04:00,24.165000915527344,24.170000076293945,24.139999389648438,24.170000076293945,589,0.0,0.0
2024-06-03 13:25:00-04:00,24.18000030517578,24.18000030517578,24.18000030517578,24.18000030517578,454,0.0,0.0
2024-06-03 13:30:00-04:00,24.190000534057617,24.190000534057617,24.184999465942383,24.184999465942383,1736,0.0,0.0
2024-06-03 13:35:00-04:00,24.19499969482422,24.235000610351562,24.19499969482422,24.229999542236328,6321,0.0,0.0
2024-06-03 13:40:00-04:00,24.229999542236328,24.229999542236328,24.200000762939453,24.200000762939453,1841,0.0,0.0
2024-06-03 13:45:00-04:00,24.260000228881836,24.31999969482422,24.190000534057617,24.190900802612305,7622,0.0,0.0
2024-06-03 13:50:00-04:00,24.170000076293945,24.170000076293945,24.139999389648438,24.165000915527344,1417,0.0,0.0
2024-06-03 13:55:00-04:00,24.139999389648438,24.15999984741211,24.139999389648438,24.15999984741211,839,0.0,0.0
2024-06-03 14:00:00-04:00,24.139999389648438,24.139999389648438,24.06999969482422,24.104999542236328,3670,0.0,0.0
2024-06-03 14:05:00-04:00,24.06999969482422,24.104999542236328,24.06999969482422,24.104999542236328,694,0.0,0.0
2024-06-03 14:10:00-04:00,24.079999923706055,24.079999923706055,24.020000457763672,24.020000457763672,2853,0.0,0.0
2024-06-03 14:15:00-04:00,24.045000076293945,24.045000076293945,24.030000686645508,24.030000686645508,1022,0.0,0.0
2024-06-03 14:20:00-04:00,24.030000686645508,24.03499984741211,24.00480079650879,24.024999618530273,3197,0.0,0.0
2024-06-03 14:25:00-04:00,23.989999771118164,24.045000076293945,23.989999771118164,24.045000076293945,258,0.0,0.0
2024-06-03 14:30:00-04:00,24.045000076293945,24.045000076293945,24.010000228881836,24.010000228881836,1650,0.0,0.0
2024-06-03 14:35:00-04:00,23.979999542236328,23.979999542236328,23.979999542236328,23.979999542236328,534,0.0,0.0
2024-06-03 14:40:00-04:00,23.989999771118164,24.030000686645508,23.96500015258789,24.030000686645508,2799,0.0,0.0
2024-06-03 14:45:00-04:00,24.00200080871582,24.010000228881836,23.93600082397461,23.969999313354492,3007,0.0,0.0
2024-06-03 14:50:00-04:00,23.989999771118164,23.989999771118164,23.959999084472656,23.959999084472656,1668,0.0,0.0
2024-06-03 14:55:00-04:00,23.95009994506836,23.958999633789062,23.860000610351562,23.920000076293945,6202,0.0,0.0
2024-06-03 15:00:00-04:00,24.030000686645508,24.040000915527344,24.030000686645508,24.040000915527344,1762,0.0,0.0
2024-06-03 15:05:00-04:00,24.045000076293945,24.045000076293945,23.969999313354492,23.969999313354492,1814,0.0,0.0
2024-06-03 15:10:00-04:00,23.9950008392334,24.0049991607666,23.969999313354492,23.969999313354492,2017,0.0,0.0
2024-06-03 15:15:00-04:00,23.950000762939453,24.0049991607666,23.950000762939453,23.979999542236328,2144,0.0,0.0
2024-06-03 15:20:00-04:00,23.989999771118164,23.989999771118164,23.959999084472656,23.959999084472656,997,0.0,0.0
2024-06-03 15:25:00-04:00,23.9950008392334,23.9950008392334,23.959999084472656,23.959999084472656,2834,0.0,0.0
2024-06-03 15:30:00-04:00,23.954999923706055,23.9950008392334,23.954999923706055,23.9950008392334,1990,0.0,0.0
2024-06-03 15:35:00-04:00,23.9950008392334,23.9950008392334,23.985000610351562,23.989999771118164,1236,0.0,0.0
2024-06-03 15:40:00-04:00,23.989999771118164,23.989999771118164,23.920000076293945,23.93000030517578,7930,0.0,0.0
2024-06-03 15:45:00-04:00,23.989999771118164,23.989999771118164,23.920000076293945,23.920000076293945,3046,0.0,0.0
2024-06-03 15:50:00-04:00,23.94499969482422,23.954999923706055,23.8799991607666,23.954999923706055,6794,0.0,0.0
2024-06-03 15:55:00-04:00,23.940000534057617,23.940000534057617,23.829999923706055,23.860000610351562,24440,0.0,0.0
2024-06-04 09:30:00-04:00,24.040000915527344,24.040000915527344,24.040000915527344,24.040000915527344,4137,0.0,0.0
2024-06-04 09:35:00-04:00,23.700000762939453,23.700000762939453,23.5,23.600000381469727,3720,0.0,0.0
2024-06-04 09:45:00-04:00,23.579999923706055,23.579999923706055,23.579999923706055,23.579999923706055,553,0.0,0.0
2024-06-04 09:50:00-04:00,23.649099349975586,23.649099349975586,23.649099349975586,23.649099349975586,270,0.0,0.0
2024-06-04 10:00:00-04:00,23.649999618530273,23.649999618530273,23.545000076293945,23.545000076293945,2030,0.0,0.0
2024-06-04 10:05:00-04:00,23.579999923706055,23.579999923706055,23.579999923706055,23.579999923706055,370,0.0,0.0
2024-06-04 10:10:00-04:00,23.575000762939453,23.575000762939453,23.575000762939453,23.575000762939453,314,0.0,0.0
2024-06-04 10:15:00-04:00,23.600000381469727,23.600000381469727,23.520000457763672,23.540000915527344,2899,0.0,0.0
2024-06-04 10:20:00-04:00,23.530000686645508,23.559999465942383,23.479999542236328,23.479999542236328,2045,0.0,0.0
2024-06-04 10:30:00-04:00,23.485000610351562,23.485000610351562,23.485000610351562,23.485000610351562,237,0.0,0.0
2024-06-04 10:40:00-04:00,23.489999771118164,23.584999084472656,23.489999771118164,23.559999465942383,2292,0.0,0.0
2024-06-04 10:45:00-04:00,23.530000686645508,23.55500030517578,23.520000457763672,23.55500030517578,915,0.0,0.0
2024-06-04 10:50:00-04:00,23.510000228881836,23.510000228881836,23.510000228881836,23.510000228881836,1252,0.0,0.0
2024-06-04 11:00:00-04:00,23.440000534057617,23.440000534057617,23.440000534057617,23.440000534057617,1423,0.0,0.0
2024-06-04 11:05:00-04:00,23.5,23.524999618530273,23.5,23.524999618530273,1844,0.0,0.0
2024-06-04 11:10:00-04:00,23.57229995727539,23.57229995727539,23.530000686645508,23.530000686645508,944,0.0,0.0
2024-06-04 11:15:00-04:00,23.545000076293945,23.545000076293945,23.530000686645508,23.530000686645508,778,0.0,0.0
2024-06-04 11:25:00-04:00,23.510000228881836,23.510000228881836,23.510000228881836,23.510000228881836,1639,0.0,0.0
2024-06-04 11:30:00-04:00,23.510000228881836,23.510000228881836,23.469999313354492,23.469999313354492,2234,0.0,0.0
2024-06-04 11:45:00-04:00,23.459999084472656,23.46500015258789,23.459999084472656,23.46500015258789,1427,0.0,0.0
2024-06-04 11:55:00-04:00,23.53499984741211,23.53499984741211,23.52680015563965,23.52680015563965,603,0.0,0.0
2024-06-04 12:00:00-04:00,23.53499984741211,23.53499984741211,23.53499984741211,23.53499984741211,500,0.0,0.0
2024-06-04 12:05:00-04:00,23.510000228881836,23.510000228881836,23.510000228881836,23.510000228881836,1368,0.0,0.0
2024-06-04 12:10:00-04:00,23.530000686645508,23.530000686645508,23.530000686645508,23.530000686645508,284,0.0,0.0
2024-06-04 12:15:00-04:00,23.53499984741211,23.59000015258789,23.53499984741211,23.59000015258789,1211,0.0,0.0
2024-06-04 12:20:00-04:00,23.6299991607666,23.774999618530273,23.6200008392334,23.6200008392334,12572,0.0,0.0
2024-06-04 12:25:00-04:00,23.59000015258789,23.59000015258789,23.579999923706055,23.579999923706055,807,0.0,0.0
2024-06-04 12:30:00-04:00,23.579999923706055,23.579999923706055,23.579999923706055,23.579999923706055,630,0.0,0.0
2024-06-04 12:35:00-04:00,23.604999542236328,23.604999542236328,23.600000381469727,23.600000381469727,526,0.0,0.0
2024-06-04 12:40:00-04:00,23.6299991607666,23.6299991607666,23.610000610351562,23.6200008392334,1571,0.0,0.0
2024-06-04 12:45:00-04:00,23.610000610351562,23.7450008392334,23.610000610351562,23.71660041809082,6856,0.0,0.0
2024-06-04 12:50:00-04:00,23.700000762939453,23.700000762939453,23.649999618530273,23.649999618530273,2711,0.0,0.0
2024-06-04 12:55:00-04:00,23.6200008392334,23.6200008392334,23.6200008392334,23.6200008392334,870,0.0,0.0
2024-06-04 13:05:00-04:00,23.6200008392334,23.6200008392334,23.610000610351562,23.610000610351562,1659,0.0,0.0
2024-06-04 13:10:00-04:00,23.610000610351562,23.614999771118164,23.565000534057617,23.565000534057617,3525,0.0,0.0
2024-06-04 13:15:00-04:00,23.530000686645508,23.530000686645508,23.530000686645508,23.530000686645508,218,0.0,0.0
2024-06-04 13:20:00-04:00,23.56999969482422,23.56999969482422,23.530000686645508,23.530000686645508,1405,0.0,0.0
2024-06-04 13:25:00-04:00,23.56999969482422,23.610000610351562,23.56999969482422,23.610000610351562,1647,0.0,0.0
2024-06-04 13:30:00-04:00,23.570100784301758,23.570100784301758,23.570100784301758,23.570100784301758,1710,0.0,0.0
2024-06-04 13:40:00-04:00,23.579999923706055,23.579999923706055,23.579999923706055,23.579999923706055,778,0.0,0.0
2024-06-04 13:50:00-04:00,23.56999969482422,23.56999969482422,23.56999969482422,23.56999969482422,728,0.0,0.0
2024-06-04 13:55:00-04:00,23.56399917602539,23.579999923706055,23.559999465942383,23.559999465942383,1131,0.0,0.0
2024-06-04 14:00:00-04:00,23.59000015258789,23.59000015258789,23.549999237060547,23.549999237060547,2812,0.0,0.0
2024-06-04 14:05:00-04:00,23.55500030517578,23.55500030517578,23.55500030517578,23.55500030517578,1748,0.0,0.0
2024-06-04 14:10:00-04:00,23.600000381469727,23.600000381469727,23.590700149536133,23.600000381469727,1798,0.0,0.0
2024-06-04 14:15:00-04:00,23.596799850463867,23.649999618530273,23.596799850463867,23.649999618530273,8811,0.0,0.0
2024-06-04 14:20:00-04:00,23.649999618530273,23.649999618530273,23.649999618530273,23.649999618530273,1600,0.0,0.0
2024-06-04 14:25:00-04:00,23.65999984741211,23.65999984741211,23.6200008392334,23.635000228881836,2601,0.0,0.0
2024-06-04 14:30:00-04:00,23.700000762939453,23.700000762939453,23.700000762939453,23.700000762939453,409,0.0,0.0
2024-06-04 14:35:00-04:00,23.700000762939453,23.709999084472656,23.680099487304688,23.709999084472656,2401,0.0,0.0
2024-06-04 14:40:00-04:00,23.760000228881836,23.760000228881836,23.729999542236328,23.735000610351562,1600,0.0,0.0
2024-06-04 14:45:00-04:00,23.75,23.75,23.734399795532227,23.734399795532227,1999,0.0,0.0
2024-06-04 14:50:00-04:00,23.719999313354492,23.719999313354492,23.700000762939453,23.709999084472656,3001,0.0,0.0
2024-06-04 14:55:00-04:00,23.670000076293945,23.674999237060547,23.65999984741211,23.674999237060547,1561,0.0,0.0
2024-06-04 15:00:00-04:00,23.649999618530273,23.649999618530273,23.6200008392334,23.6200008392334,1314,0.0,0.0
2024-06-04 15:05:00-04:00,23.6200008392334,23.625,23.59000015258789,23.614999771118164,1457,0.0,0.0
2024-06-04 15:10:00-04:00,23.614999771118164,23.6200008392334,23.610000610351562,23.610000610351562,2164,0.0,0.0
2024-06-04 15:15:00-04:00,23.6299991607666,23.719999313354492,23.6200008392334,23.719999313354492,4224,0.0,0.0
2024-06-04 15:20:00-04:00,23.719999313354492,23.719999313354492,23.719999313354492,23.719999313354492,786,0.0,0.0
2024-06-04 15:25:00-04:00,23.719999313354492,23.725000381469727,23.709999084472656,23.709999084472656,1966,0.0,0.0
2024-06-04 15:30:00-04:00,23.739999771118164,23.799999237060547,23.739999771118164,23.799999237060547,2734,0.0,0.0
2024-06-04 15:35:00-04:00,23.81999969482422,23.822500228881836,23.75,23.799999237060547,8945,0.0,0.0
2024-06-04 15:40:00-04:00,23.799999237060547,23.799999237060547,23.78019905090332,23.790000915527344,4194,0.0,0.0
2024-06-04 15:45:00-04:00,23.770000457763672,23.790000915527344,23.760000228881836,23.78499984741211,5631,0.0,0.0
2024-06-04 15:50:00-04:00,23.770000457763672,23.795000076293945,23.740800857543945,23.790000915527344,12633,0.0,0.0
2024-06-04 15:55:00-04:00,23.760000228881836,23.790000915527344,23.68000030517578,23.68000030517578,22183,0.0,0.0
2024-06-05 09:30:00-04:00,23.899999618530273,23.899999618530273,23.780000686645508,23.780000686645508,2041,0.0,0.0
2024-06-05 09:35:00-04:00,23.594999313354492,23.594999313354492,23.49250030517578,23.56999969482422,2386,0.0,0.0
2024-06-05 09:40:00-04:00,23.565000534057617,23.575000762939453,23.565000534057617,23.575000762939453,1189,0.0,0.0
2024-06-05 09:45:00-04:00,23.575000762939453,23.604999542236328,23.399999618530273,23.485000610351562,9524,0.0,0.0
2024-06-05 09:50:00-04:00,23.485000610351562,23.549999237060547,23.479999542236328,23.53499984741211,1757,0.0,0.0
2024-06-05 09:55:00-04:00,23.549999237060547,23.549999237060547,23.4950008392334,23.4950008392334,805,0.0,0.0
2024-06-05 10:00:00-04:00,23.649999618530273,23.649999618530273,23.649999618530273,23.649999618530273,925,0.0,0.0
2024-06-05 10:05:00-04:00,23.59000015258789,23.639799118041992,23.59000015258789,23.635000228881836,1114,0.0,0.0
2024-06-05 10:10:00-04:00,23.635000228881836,23.635000228881836,23.56999969482422,23.56999969482422,2556,0.0,0.0
2024-06-05 10:15:00-04:00,23.600000381469727,23.645000457763672,23.600000381469727,23.625,1432,0.0,0.0
2024-06-05 10:20:00-04:00,23.649999618530273,23.65999984741211,23.6299991607666,23.635000228881836,2037,0.0,0.0
2024-06-05 10:25:00-04:00,23.635000228881836,23.635000228881836,23.600000381469727,23.604999542236328,1713,0.0,0.0
2024-06-05 10:30:00-04:00,23.635000228881836,23.635000228881836,23.635000228881836,23.635000228881836,789,0.0,0.0
2024-06-05 10:35:00-04:00,23.635000228881836,23.636999130249023,23.6299991607666,23.6299991607666,1448,0.0,0.0
2024-06-05 10:40:00-04:00,23.6299991607666,23.6299991607666,23.579999923706055,23.586299896240234,3447,0.0,0.0
2024-06-05 10:45:00-04:00,23.610000610351562,23.610000610351562,23.604999542236328,23.604999542236328,340,0.0,0.0
2024-06-05 10:50:00-04:00,23.600000381469727,23.604999542236328,23.575000762939453,23.575000762939453,1310,0.0,0.0
2024-06-05 10:55:00-04:00,23.56999969482422,23.575000762939453,23.559999465942383,23.575000762939453,1028,0.0,0.0
2024-06-05 11:00:00-04:00,23.575000762939453,23.575000762939453,23.575000762939453,23.575000762939453,604,0.0,0.0
2024-06-05 11:05:00-04:00,23.600000381469727,23.635000228881836,23.600000381469727,23.635000228881836,2155,0.0,0.0
2024-06-05 11:10:00-04:00,23.65999984741211,23.68000030517578,23.65999984741211,23.670000076293945,1751,0.0,0.0
2024-06-05 11:15:00-04:00,23.709999084472656,23.709999084472656,23.594999313354492,23.639999389648438,3507,0.0,0.0
2024-06-05 11:20:00-04:00,23.639999389648438,23.639999389648438,23.6200008392334,23.625,2028,0.0,0.0
2024-06-05 11:25:00-04:00,23.645000457763672,23.674999237060547,23.645000457763672,23.65999984741211,2404,0.0,0.0
2024-06-05 11:30:00-04:00,23.665000915527344,23.670000076293945,23.665000915527344,23.670000076293945,1216,0.0,0.0
2024-06-05 11:35:00-04:00,23.700000762939453,23.700000762939453,23.68000030517578,23.68000030517578,1530,0.0,0.0
2024-06-05 11:40:00-04:00,23.71500015258789,23.829999923706055,23.709999084472656,23.780000686645508,11317,0.0,0.0
2024-06-05 11:45:00-04:00,23.770000457763672,23.770000457763672,23.709999084472656,23.719999313354492,3807,0.0,0.0
2024-06-05 11:50:00-04:00,23.635000228881836,23.635000228881836,23.6299991607666,23.6299991607666,651,0.0,0.0
2024-06-05 11:55:00-04:00,23.639999389648438,23.670000076293945,23.633800506591797,23.670000076293945,5233,0.0,0.0
2024-06-05 12:00:00-04:00,23.670000076293945,23.690000534057617,23.670000076293945,23.690000534057617,1155,0.0,0.0
2024-06-05 12:05:00-04:00,23.709999084472656,23.709999084472656,23.699600219726562,23.699600219726562,2795,0.0,0.0
2024-06-05 12:10:00-04:00,23.704999923706055,23.704999923706055,23.700000762939453,23.700000762939453,852,0.0,0.0
2024-06-05 12:15:00-04:00,23.700000762939453,23.700000762939453,23.700000762939453,23.700000762939453,391,0.0,0.0
2024-06-05 12:20:00-04:00,23.670000076293945,23.685199737548828,23.65999984741211,23.65999984741211,4274,0.0,0.0
2024-06-05 12:25:00-04:00,23.639999389648438,23.670000076293945,23.639999389648438,23.670000076293945,1102,0.0,0.0
2024-06-05 12:30:00-04:00,23.68000030517578,23.68000030517578,23.670000076293945,23.670000076293945,1032,0.0,0.0
2024-06-05 12:35:00-04:00,23.690000534057617,23.719999313354492,23.670000076293945,23.670000076293945,1635,0.0,0.0
2024-06-05 12:40:00-04:00,23.669599533081055,23.704999923706055,23.668500900268555,23.668500900268555,1391,0.0,0.0
2024-06-05 12:45:00-04:00,23.709999084472656,23.709999084472656,23.709999084472656,23.709999084472656,966,0.0,0.0
2024-06-05 12:50:00-04:00,23.677799224853516,23.677799224853516,23.677799224853516,23.677799224853516,565,0.0,0.0
2024-06-05 12:55:00-04:00,23.701400756835938,23.709999084472656,23.677900314331055,23.709999084472656,2932,0.0,0.0
2024-06-05 13:05:00-04:00,23.704999923706055,23.71500015258789,23.69070053100586,23.709299087524414,4058,0.0,0.0
2024-06-05 13:10:00-04:00,23.739999771118164,23.764999389648438,23.719999313354492,23.719999313354492,3622,0.0,0.0
2024-06-05 13:15:00-04:00,23.719999313354492,23.764999389648438,23.719999313354492,23.764999389648438,881,0.0,0.0
2024-06-05 13:20:00-04:00,23.764999389648438,23.764999389648438,23.764999389648438,23.764999389648438,550,0.0,0.0
2024-06-05 13:25:00-04:00,23.753299713134766,23.79990005493164,23.728099822998047,23.760000228881836,2262,0.0,0.0
2024-06-05 13:30:00-04:00,23.764999389648438,23.764999389648438,23.729999542236328,23.729999542236328,1153,0.0,0.0
2024-06-05 13:35:00-04:00,23.75,23.75,23.739999771118164,23.75,10139,0.0,0.0
2024-06-05 13:40:00-04:00,23.750600814819336,23.7549991607666,23.600000381469727,23.6299991607666,7158,0.0,0.0
2024-06-05 13:45:00-04:00,23.65999984741211,23.690000534057617,23.649999618530273,23.670000076293945,1536,0.0,0.0
2024-06-05 13:50:00-04:00,23.6200008392334,23.719999313354492,23.6200008392334,23.719999313354492,4364,0.0,0.0
2024-06-05 13:55:00-04:00,23.725000381469727,23.770000457763672,23.709999084472656,23.75,5565,0.0,0.0
2024-06-05 14:00:00-04:00,23.780000686645508,23.780000686645508,23.780000686645508,23.780000686645508,415,0.0,0.0
2024-06-05 14:05:00-04:00,23.799999237060547,23.80500030517578,23.764999389648438,23.764999389648438,5044,0.0,0.0
2024-06-05 14:15:00-04:00,23.739999771118164,23.739999771118164,23.739999771118164,23.739999771118164,819,0.0,0.0
2024-06-05 14:20:00-04:00,23.7450008392334,23.790000915527344,23.7450008392334,23.790000915527344,762,0.0,0.0
2024-06-05 14:25:00-04:00,23.81999969482422,23.81999969482422,23.809999465942383,23.809999465942383,955,0.0,0.0
2024-06-05 14:30:00-04:00,23.780000686645508,23.780000686645508,23.770000457763672,23.770000457763672,2418,0.0,0.0
2024-06-05 14:35:00-04:00,23.780000686645508,23.790000915527344,23.780000686645508,23.790000915527344,586,0.0,0.0
2024-06-05 14:40:00-04:00,23.790000915527344,23.795000076293945,23.760000228881836,23.795000076293945,1304,0.0,0.0
2024-06-05 14:45:00-04:00,23.770000457763672,23.799999237060547,23.770000457763672,23.799999237060547,2116,0.0,0.0
2024-06-05 14:50:00-04:00,23.799999237060547,23.80120086669922,23.799999237060547,23.80120086669922,367,0.0,0.0
2024-06-05 14:55:00-04:00,23.799999237060547,23.799999237060547,23.799999237060547,23.799999237060547,614,0.0,0.0
2024-06-05 15:00:00-04:00,23.795700073242188,23.81999969482422,23.760000228881836,23.790000915527344,6594,0.0,0.0
2024-06-05 15:05:00-04:00,23.799999237060547,23.809999465942383,23.760000228881836,23.760000228881836,2893,0.0,0.0
2024-06-05 15:10:00-04:00,23.751100540161133,23.751100540161133,23.751100540161133,23.751100540161133,1265,0.0,0.0
2024-06-05 15:15:00-04:00,23.760000228881836,23.774999618530273,23.760000228881836,23.77120018005371,1381,0.0,0.0
2024-06-05 15:20:00-04:00,23.774999618530273,23.774999618530273,23.774999618530273,23.774999618530273,1072,0.0,0.0
2024-06-05 15:25:00-04:00,23.774999618530273,23.8700008392334,23.760000228881836,23.799999237060547,12633,0.0,0.0
2024-06-05 15:30:00-04:00,23.790000915527344,23.799999237060547,23.770000457763672,23.770000457763672,2401,0.0,0.0
2024-06-05 15:35:00-04:00,23.760000228881836,23.78499984741211,23.760000228881836,23.780000686645508,2968,0.0,0.0
2024-06-05 15:40:00-04:00,23.780000686645508,23.799999237060547,23.760000228881836,23.799999237060547,7475,0.0,0.0
2024-06-05 15:45:00-04:00,23.799999237060547,23.81999969482422,23.770000457763672,23.770000457763672,10727,0.0,0.0
2024-06-05 15:50:00-04:00,23.774999618530273,23.780000686645508,23.739999771118164,23.770000457763672,8048,0.0,0.0
2024-06-05 15:55:00-04:00,23.770000457763672,23.780000686645508,23.729999542236328,23.760000228881836,16908,0.0,0.0
2024-06-06 09:30:00-04:00,23.610000610351562,23.610000610351562,23.610000610351562,23.610000610351562,1945,0.0,0.0
2024-06-06 09:35:00-04:00,23.709999084472656,23.729999542236328,23.709999084472656,23.729999542236328,2236,0.0,0.0
2024-06-06 09:40:00-04:00,23.790000915527344,23.950000762939453,23.7549991607666,23.80500030517578,5090,0.0,0.0
2024-06-06 09:45:00-04:00,23.721500396728516,23.739999771118164,23.721500396728516,23.739999771118164,1105,0.0,0.0
2024-06-06 10:00:00-04:00,23.829999923706055,23.8700008392334,23.729999542236328,23.729999542236328,3843,0.0,0.0
2024-06-06 10:05:00-04:00,23.719999313354492,23.81999969482422,23.719999313354492,23.81999969482422,1002,0.0,0.0
2024-06-06 10:10:00-04:00,23.780000686645508,23.780000686645508,23.760000228881836,23.760000228881836,2048,0.0,0.0
2024-06-06 10:20:00-04:00,23.729900360107422,23.729900360107422,23.729900360107422,23.729900360107422,695,0.0,0.0
2024-06-06 10:30:00-04:00,23.649999618530273,23.652000427246094,23.610000610351562,23.652000427246094,1917,0.0,0.0
2024-06-06 10:35:00-04:00,23.6200008392334,23.6200008392334,23.6200008392334,23.6200008392334,446,0.0,0.0
2024-06-06 10:40:00-04:00,23.600000381469727,23.665000915527344,23.600000381469727,23.665000915527344,936,0.0,0.0
2024-06-06 10:45:00-04:00,23.655000686645508,23.655000686645508,23.655000686645508,23.655000686645508,380,0.0,0.0
2024-06-06 10:50:00-04:00,23.699899673461914,23.699899673461914,23.649999618530273,23.649999618530273,1919,0.0,0.0
2024-06-06 10:55:00-04:00,23.600099563598633,23.600099563598633,23.600099563598633,23.600099563598633,1241,0.0,0.0
2024-06-06 11:00:00-04:00,23.600000381469727,23.6200008392334,23.399999618530273,23.399999618530273,10151,0.0,0.0
2024-06-06 11:05:00-04:00,23.399999618530273,23.479999542236328,23.31999969482422,23.420000076293945,13307,0.0,0.0
2024-06-06 11:10:00-04:00,23.540000915527344,23.540000915527344,23.540000915527344,23.540000915527344,855,0.0,0.0
2024-06-06 11:15:00-04:00,23.510000228881836,23.510000228881836,23.510000228881836,23.510000228881836,989,0.0,0.0
2024-06-06 11:20:00-04:00,23.489999771118164,23.545000076293945,23.489999771118164,23.545000076293945,1352,0.0,0.0
2024-06-06 11:25:00-04:00,23.594100952148438,23.594100952148438,23.594100952148438,23.594100952148438,446,0.0,0.0
2024-06-06 11:30:00-04:00,23.604000091552734,23.604000091552734,23.551700592041016,23.551700592041016,1557,0.0,0.0
2024-06-06 11:35:00-04:00,23.565000534057617,23.6200008392334,23.565000534057617,23.6200008392334,2397,0.0,0.0
2024-06-06 11:40:00-04:00,23.59000015258789,23.59000015258789,23.56999969482422,23.56999969482422,1315,0.0,0.0
2024-06-06 11:45:00-04:00,23.56999969482422,23.586999893188477,23.538400650024414,23.538400650024414,4746,0.0,0.0
2024-06-06 11:50:00-04:00,23.625,23.625,23.59000015258789,23.614999771118164,523,0.0,0.0
2024-06-06 11:55:00-04:00,23.600000381469727,23.600000381469727,23.600000381469727,23.600000381469727,1409,0.0,0.0
2024-06-06 12:00:00-04:00,23.579999923706055,23.6289005279541,23.579999923706055,23.6289005279541,2434,0.0,0.0
2024-06-06 12:05:00-04:00,23.59320068359375,23.59320068359375,23.583799362182617,23.59320068359375,983,0.0,0.0
2024-06-06 12:10:00-04:00,23.6200008392334,23.6299991607666,23.6200008392334,23.6299991607666,1272,0.0,0.0
2024-06-06 12:20:00-04:00,23.610000610351562,23.649900436401367,23.594999313354492,23.649900436401367,1842,0.0,0.0
2024-06-06 12:25:00-04:00,23.6200008392334,23.625,23.6200008392334,23.625,878,0.0,0.0
2024-06-06 12:30:00-04:00,23.606000900268555,23.625,23.601299285888672,23.625,899,0.0,0.0
2024-06-06 12:35:00-04:00,23.649999618530273,23.709999084472656,23.649999618530273,23.709999084472656,2193,0.0,0.0
2024-06-06 12:45:00-04:00,23.69499969482422,23.700000762939453,23.6299991607666,23.700000762939453,3657,0.0,0.0
2024-06-06 12:50:00-04:00,23.690000534057617,23.69499969482422,23.690000534057617,23.69499969482422,737,0.0,0.0
2024-06-06 12:55:00-04:00,23.69499969482422,23.69499969482422,23.65999984741211,23.69499969482422,959,0.0,0.0
2024-06-06 13:00:00-04:00,23.68000030517578,23.69499969482422,23.66010093688965,23.69499969482422,1715,0.0,0.0
2024-06-06 13:05:00-04:00,23.69499969482422,23.69499969482422,23.69499969482422,23.69499969482422,590,0.0,0.0
2024-06-06 13:10:00-04:00,23.69499969482422,23.69499969482422,23.69499969482422,23.69499969482422,1040,0.0,0.0
2024-06-06 13:15:00-04:00,23.65999984741211,23.700000762939453,23.65999984741211,23.700000762939453,2736,0.0,0.0
2024-06-06 13:20:00-04:00,23.670000076293945,23.690000534057617,23.670000076293945,23.670000076293945,1814,0.0,0.0
2024-06-06 13:25:00-04:00,23.68000030517578,23.81999969482422,23.65999984741211,23.799999237060547,11684,0.0,0.0
2024-06-06 13:30:00-04:00,23.799999237060547,23.799999237060547,23.739999771118164,23.780000686645508,1232,0.0,0.0
2024-06-06 13:35:00-04:00,23.75,23.774999618530273,23.75,23.774999618530273,845,0.0,0.0
2024-06-06 13:40:00-04:00,23.729999542236328,23.78499984741211,23.729999542236328,23.78499984741211,2683,0.0,0.0
2024-06-06 13:45:00-04:00,23.760000228881836,23.80500030517578,23.760000228881836,23.770000457763672,1105,0.0,0.0
2024-06-06 13:50:00-04:00,23.760000228881836,23.80500030517578,23.760000228881836,23.760099411010742,3968,0.0,0.0
2024-06-06 13:55:00-04:00,23.790000915527344,23.790000915527344,23.760000228881836,23.790000915527344,1585,0.0,0.0
2024-06-06 14:00:00-04:00,23.75,23.7549991607666,23.719999313354492,23.750600814819336,2044,0.0,0.0
2024-06-06 14:05:00-04:00,23.709999084472656,23.709999084472656,23.560100555419922,23.560100555419922,3822,0.0,0.0
2024-06-06 14:10:00-04:00,23.559999465942383,23.559999465942383,23.5,23.5,1406,0.0,0.0
2024-06-06 14:15:00-04:00,23.450000762939453,23.530000686645508,23.440000534057617,23.530000686645508,4300,0.0,0.0
2024-06-06 14:20:00-04:00,23.5,23.530000686645508,23.479999542236328,23.480100631713867,1895,0.0,0.0
2024-06-06 14:25:00-04:00,23.479999542236328,23.479999542236328,23.479999542236328,23.479999542236328,1629,0.0,0.0
2024-06-06 14:30:00-04:00,23.489999771118164,23.639999389648438,23.489999771118164,23.639999389648438,2037,0.0,0.0
2024-06-06 14:35:00-04:00,23.6200008392334,23.6200008392334,23.565000534057617,23.565000534057617,3944,0.0,0.0
2024-06-06 14:40:00-04:00,23.579999923706055,23.610000610351562,23.559999465942383,23.559999465942383,2305,0.0,0.0
2024-06-06 14:45:00-04:00,23.52079963684082,23.559999465942383,23.52079963684082,23.530000686645508,1179,0.0,0.0
2024-06-06 14:50:00-04:00,23.530000686645508,23.594999313354492,23.530000686645508,23.59000015258789,1923,0.0,0.0
2024-06-06 14:55:00-04:00,23.540000915527344,23.611499786376953,23.540000915527344,23.579999923706055,2544,0.0,0.0
2024-06-06 15:00:00-04:00,23.540000915527344,23.56999969482422,23.540000915527344,23.56999969482422,1227,0.0,0.0
2024-06-06 15:05:00-04:00,23.56999969482422,23.635000228881836,23.56999969482422,23.59000015258789,3530,0.0,0.0
2024-06-06 15:10:00-04:00,23.600799560546875,23.6200008392334,23.575000762939453,23.575000762939453,2522,0.0,0.0
2024-06-06 15:15:00-04:00,23.549999237060547,23.579999923706055,23.479999542236328,23.479999542236328,3961,0.0,0.0
2024-06-06 15:20:00-04:00,23.530000686645508,23.530000686645508,23.489999771118164,23.489999771118164,1781,0.0,0.0
2024-06-06 15:25:00-04:00,23.479999542236328,23.530000686645508,23.479999542236328,23.530000686645508,2669,0.0,0.0
2024-06-06 15:30:00-04:00,23.5,23.540000915527344,23.5,23.530000686645508,5754,0.0,0.0
2024-06-06 15:35:00-04:00,23.530000686645508,23.530000686645508,23.5,23.520000457763672,3137,0.0,0.0
2024-06-06 15:40:00-04:00,23.53499984741211,23.545000076293945,23.514999389648438,23.53499984741211,5416,0.0,0.0
2024-06-06 15:45:00-04:00,23.530099868774414,23.535999298095703,23.420000076293945,23.44499969482422,11166,0.0,0.0
2024-06-06 15:50:00-04:00,23.459999084472656,23.469999313354492,23.350000381469727,23.424999237060547,10023,0.0,0.0
2024-06-06 15:55:00-04:00,23.489999771118164,23.520000457763672,23.375,23.389999389648438,32252,0.0,0.0
2024-06-07 09:30:00-04:00,23.190000534057617,23.190000534057617,23.149999618530273,23.149999618530273,2120,0.0,0.0
2024-06-07 09:35:00-04:00,23.1200008392334,23.135000228881836,23.00160026550293,23.00160026550293,2489,0.0,0.0
2024-06-07 09:40:00-04:00,23.010799407958984,23.100000381469727,23.010799407958984,23.100000381469727,3674,0.0,0.0
2024-06-07 09:45:00-04:00,23.100000381469727,23.100000381469727,23.100000381469727,23.100000381469727,654,0.0,0.0
2024-06-07 09:50:00-04:00,23.094999313354492,23.102500915527344,22.959999084472656,23.010000228881836,1639,0.0,0.0
2024-06-07 09:55:00-04:00,22.969999313354492,22.969999313354492,22.829999923706055,22.875,1671,0.0,0.0
2024-06-07 10:00:00-04:00,22.83099937438965,22.844999313354492,22.780000686645508,22.780000686645508,2719,0.0,0.0
2024-06-07 10:10:00-04:00,22.892799377441406,22.892799377441406,22.892799377441406,22.892799377441406,385,0.0,0.0
2024-06-07 10:15:00-04:00,22.770000457763672,22.854999542236328,22.770000457763672,22.854999542236328,993,0.0,0.0
2024-06-07 10:20:00-04:00,22.90999984741211,22.915000915527344,22.850000381469727,22.915000915527344,3783,0.0,0.0
2024-06-07 10:25:00-04:00,22.905000686645508,22.924999237060547,22.905000686645508,22.924999237060547,596,0.0,0.0
2024-06-07 10:30:00-04:00,22.950000762939453,22.950000762939453,22.905000686645508,22.905000686645508,1129,0.0,0.0
2024-06-07 10:35:00-04:00,22.88599967956543,22.969999313354492,22.88599967956543,22.969999313354492,1262,0.0,0.0
2024-06-07 10:40:00-04:00,23.030000686645508,23.104999542236328,23.030000686645508,23.104999542236328,1662,0.0,0.0
2024-06-07 10:45:00-04:00,23.094999313354492,23.094999313354492,23.094999313354492,23.094999313354492,768,0.0,0.0
2024-06-07 10:50:00-04:00,23.06999969482422,23.06999969482422,23.06999969482422,23.06999969482422,811,0.0,0.0
2024-06-07 10:55:00-04:00,23.059999465942383,23.110000610351562,23.030000686645508,23.094999313354492,5013,0.0,0.0
2024-06-07 11:00:00-04:00,23.049999237060547,23.049999237060547,23.030000686645508,23.030000686645508,1020,0.0,0.0
2024-06-07 11:05:00-04:00,22.989999771118164,22.989999771118164,22.93000030517578,22.940000534057617,953,0.0,0.0
2024-06-07 11:10:00-04:00,22.891000747680664,22.891000747680664,22.815000534057617,22.875,4074,0.0,0.0
2024-06-07 11:15:00-04:00,22.790000915527344,22.790000915527344,22.790000915527344,22.790000915527344,834,0.0,0.0
2024-06-07 11:20:00-04:00,22.760000228881836,22.780000686645508,22.729999542236328,22.780000686645508,831,0.0,0.0
2024-06-07 11:25:00-04:00,22.760000228881836,22.760000228881836,22.739999771118164,22.739999771118164,1551,0.0,0.0
2024-06-07 11:30:00-04:00,22.739999771118164,22.770000457763672,22.739999771118164,22.770000457763672,1965,0.0,0.0
2024-06-07 11:35:00-04:00,22.744199752807617,22.780000686645508,22.739999771118164,22.770000457763672,1946,0.0,0.0
2024-06-07 11:40:00-04:00,22.899900436401367,22.899900436401367,22.899900436401367,22.899900436401367,336,0.0,0.0
2024-06-07 11:45:00-04:00,22.93000030517578,22.954999923706055,22.93000030517578,22.954999923706055,476,0.0,0.0
2024-06-07 11:50:00-04:00,23.0,23.0,23.0,23.0,944,0.0,0.0
2024-06-07 12:00:00-04:00,23.014999389648438,23.014999389648438,23.014999389648438,23.014999389648438,565,0.0,0.0
2024-06-07 12:05:00-04:00,23.024999618530273,23.07430076599121,23.020000457763672,23.07430076599121,2789,0.0,0.0
2024-06-07 12:10:00-04:00,23.06999969482422,23.06999969482422,23.06999969482422,23.06999969482422,1003,0.0,0.0
2024-06-07 12:20:00-04:00,23.049999237060547,23.049999237060547,23.049999237060547,23.049999237060547,969,0.0,0.0
2024-06-07 12:25:00-04:00,23.102399826049805,23.110000610351562,22.989999771118164,22.989999771118164,4456,0.0,0.0
2024-06-07 12:30:00-04:00,22.989999771118164,22.989999771118164,22.959999084472656,22.959999084472656,2118,0.0,0.0
2024-06-07 12:35:00-04:00,22.93000030517578,22.93000030517578,22.93000030517578,22.93000030517578,1525,0.0,0.0
2024-06-07 12:50:00-04:00,22.885000228881836,22.885000228881836,22.885000228881836,22.885000228881836,844,0.0,0.0
2024-06-07 13:00:00-04:00,22.860000610351562,22.860000610351562,22.84000015258789,22.84000015258789,1099,0.0,0.0
2024-06-07 13:05:00-04:00,22.84000015258789,22.939899444580078,22.84000015258789,22.939899444580078,991,0.0,0.0
2024-06-07 13:10:00-04:00,22.860000610351562,22.860000610351562,22.860000610351562,22.860000610351562,2590,0.0,0.0
2024-06-07 13:25:00-04:00,22.940000534057617,22.940000534057617,22.8799991607666,22.905000686645508,898,0.0,0.0
2024-06-07 13:30:00-04:00,22.8799991607666,22.8799991607666,22.8799991607666,22.8799991607666,681,0.0,0.0
2024-06-07 13:35:00-04:00,22.8700008392334,22.8700008392334,22.8700008392334,22.8700008392334,714,0.0,0.0
2024-06-07 13:40:00-04:00,22.84000015258789,22.84000015258789,22.799999237060547,22.799999237060547,1943,0.0,0.0
2024-06-07 13:50:00-04:00,22.760000228881836,22.760000228881836,22.75,22.75,1837,0.0,0.0
2024-06-07 14:00:00-04:00,22.670000076293945,22.725000381469727,22.670000076293945,22.725000381469727,1690,0.0,0.0
2024-06-07 14:05:00-04:00,22.68000030517578,22.68000030517578,22.68000030517578,22.68000030517578,548,0.0,0.0
2024-06-07 14:10:00-04:00,22.68000030517578,22.68000030517578,22.639999389648438,22.649999618530273,2068,0.0,0.0
2024-06-07 14:15:00-04:00,22.670000076293945,22.670000076293945,22.65999984741211,22.65999984741211,1105,0.0,0.0
2024-06-07 14:20:00-04:00,22.66710090637207,22.66710090637207,22.66710090637207,22.66710090637207,236,0.0,0.0
2024-06-07 14:25:00-04:00,22.670000076293945,22.670000076293945,22.670000076293945,22.670000076293945,596,0.0,0.0
2024-06-07 14:30:00-04:00,22.69499969482422,22.69499969482422,22.690000534057617,22.690000534057617,1191,0.0,0.0
2024-06-07 14:35:00-04:00,22.709999084472656,22.739999771118164,22.709999084472656,22.71500015258789,1251,0.0,0.0
2024-06-07 14:45:00-04:00,22.739999771118164,22.790000915527344,22.739999771118164,22.790000915527344,2218,0.0,0.0
2024-06-07 14:50:00-04:00,22.809999465942383,22.815000534057617,22.799999237060547,22.815000534057617,1482,0.0,0.0
2024-06-07 14:55:00-04:00,22.826799392700195,22.826799392700195,22.826799392700195,22.826799392700195,606,0.0,0.0
2024-06-07 15:00:00-04:00,22.790000915527344,22.80500030517578,22.780000686645508,22.80139923095703,2664,0.0,0.0
2024-06-07 15:05:00-04:00,22.77750015258789,22.780000686645508,22.737499237060547,22.737499237060547,2342,0.0,0.0
2024-06-07 15:10:00-04:00,22.715099334716797,22.715099334716797,22.690000534057617,22.700000762939453,2646,0.0,0.0
2024-06-07 15:15:00-04:00,22.700000762939453,22.700000762939453,22.68000030517578,22.690000534057617,2284,0.0,0.0
2024-06-07 15:20:00-04:00,22.684999465942383,22.684999465942383,22.649999618530273,22.649999618530273,1233,0.0,0.0
2024-06-07 15:25:00-04:00,22.645000457763672,22.665000915527344,22.645000457763672,22.655000686645508,510,0.0,0.0
2024-06-07 15:30:00-04:00,22.6299991607666,22.649999618530273,22.6299991607666,22.639999389648438,2144,0.0,0.0
2024-06-07 15:35:00-04:00,22.639999389648438,22.670000076293945,22.625,22.670000076293945,1443,0.0,0.0
2024-06-07 15:40:00-04:00,22.665000915527344,22.679000854492188,22.649999618530273,22.649999618530273,4122,0.0,0.0
2024-06-07 15:45:00-04:00,22.649999618530273,22.68000030517578,22.645000457763672,22.68000030517578,4655,0.0,0.0
2024-06-07 15:50:00-04:00,22.700000762939453,22.719999313354492,22.670000076293945,22.719999313354492,8057,0.0,0.0
2024-06-07 15:55:00-04:00,22.739999771118164,22.739999771118164,22.639999389648438,22.645000457763672,14140,0.0,0.0
2024-06-10 09:30:00-04:00,22.5,22.5049991607666,22.450000762939453,22.5049991607666,3865,0.0,0.0
2024-06-10 09:35:00-04:00,22.639999389648438,22.639999389648438,22.386699676513672,22.639999389648438,1141,0.0,0.0
2024-06-10 09:40:00-04:00,22.700000762939453,22.700000762939453,22.700000762939453,22.700000762939453,303,0.0,0.0
2024-06-10 09:45:00-04:00,22.68000030517578,22.68000030517578,22.479999542236328,22.479999542236328,757,0.0,0.0
2024-06-10 09:50:00-04:00,22.670000076293945,22.670000076293945,22.670000076293945,22.670000076293945,326,0.0,0.0
2024-06-10 09:55:00-04:00,22.594999313354492,22.65999984741211,22.594999313354492,22.594999313354492,673,0.0,0.0
2024-06-10 10:00:00-04:00,22.6299991607666,22.68000030517578,22.6299991607666,22.68000030517578,1386,0.0,0.0
2024-06-10 10:05:00-04:00,22.604999542236328,22.6200008392334,22.600000381469727,22.6200008392334,1263,0.0,0.0
2024-06-10 10:10:00-04:00,22.6299991607666,22.6299991607666,22.530000686645508,22.530000686645508,3599,0.0,0.0
2024-06-10 10:15:00-04:00,22.530000686645508,22.540000915527344,22.530000686645508,22.540000915527344,1179,0.0,0.0
2024-06-10 10:20:00-04:00,22.5,22.559999465942383,22.5,22.540000915527344,2167,0.0,0.0
2024-06-10 10:25:00-04:00,22.53499984741211,22.53499984741211,22.459999084472656,22.469999313354492,1346,0.0,0.0
2024-06-10 10:30:00-04:00,22.468000411987305,22.468000411987305,22.468000411987305,22.468000411987305,468,0.0,0.0
2024-06-10 10:35:00-04:00,22.469999313354492,22.549999237060547,22.469999313354492,22.490100860595703,1783,0.0,0.0
2024-06-10 10:40:00-04:00,22.545000076293945,22.545000076293945,22.545000076293945,22.545000076293945,563,0.0,0.0
2024-06-10 10:45:00-04:00,22.540000915527344,22.540000915527344,22.540000915527344,22.540000915527344,841,0.0,0.0
2024-06-10 10:50:00-04:00,22.49690055847168,22.49690055847168,22.476600646972656,22.4950008392334,958,0.0,0.0
2024-06-10 10:55:00-04:00,22.520000457763672,22.520000457763672,22.520000457763672,22.520000457763672,347,0.0,0.0
2024-06-10 11:00:00-04:00,22.540000915527344,22.540000915527344,22.540000915527344,22.540000915527344,841,0.0,0.0
2024-06-10 11:05:00-04:00,22.5,22.520000457763672,22.4950008392334,22.520000457763672,634,0.0,0.0
2024-06-10 11:10:00-04:00,22.530000686645508,22.530000686645508,22.530000686645508,22.530000686645508,480,0.0,0.0
2024-06-10 11:15:00-04:00,22.530000686645508,22.530000686645508,22.530000686645508,22.530000686645508,502,0.0,0.0
2024-06-10 11:20:00-04:00,22.540000915527344,22.540000915527344,22.540000915527344,22.540000915527344,573,0.0,0.0
2024-06-10 11:25:00-04:00,22.540000915527344,22.549999237060547,22.540000915527344,22.549999237060547,1175,0.0,0.0
2024-06-10 11:30:00-04:00,22.520000457763672,22.520000457763672,22.459999084472656,22.459999084472656,1120,0.0,0.0
2024-06-10 11:35:00-04:00,22.479999542236328,22.479999542236328,22.479999542236328,22.479999542236328,452,0.0,0.0
2024-06-10 11:40:00-04:00,22.475000381469727,22.475000381469727,22.454999923706055,22.459999084472656,3776,0.0,0.0
2024-06-10 11:45:00-04:00,22.540000915527344,22.540000915527344,22.540000915527344,22.540000915527344,524,0.0,0.0
2024-06-10 11:50:00-04:00,22.56999969482422,22.56999969482422,22.549999237060547,22.549999237060547,727,0.0,0.0
2024-06-10 11:55:00-04:00,22.56999969482422,22.6299991607666,22.545000076293945,22.56999969482422,1691,0.0,0.0
2024-06-10 12:00:00-04:00,22.6299991607666,22.6299991607666,22.6299991607666,22.6299991607666,571,0.0,0.0
2024-06-10 12:05:00-04:00,22.6200008392334,22.6200008392334,22.540000915527344,22.540000915527344,1765,0.0,0.0
2024-06-10 12:10:00-04:00,22.569900512695312,22.569900512695312,22.510000228881836,22.510000228881836,1688,0.0,0.0
2024-06-10 12:15:00-04:00,22.475000381469727,22.510000228881836,22.475000381469727,22.510000228881836,589,0.0,0.0
2024-06-10 12:20:00-04:00,22.559999465942383,22.559999465942383,22.559999465942383,22.559999465942383,476,0.0,0.0
2024-06-10 12:25:00-04:00,22.560199737548828,22.560199737548828,22.560199737548828,22.560199737548828,149,0.0,0.0
2024-06-10 12:30:00-04:00,22.56999969482422,22.56999969482422,22.56999969482422,22.56999969482422,393,0.0,0.0
2024-06-10 12:35:00-04:00,22.56999969482422,22.56999969482422,22.478900909423828,22.478900909423828,1008,0.0,0.0
2024-06-10 12:40:00-04:00,22.520000457763672,22.520000457763672,22.48699951171875,22.48699951171875,2023,0.0,0.0
2024-06-10 12:50:00-04:00,22.441299438476562,22.441299438476562,22.441299438476562,22.441299438476562,385,0.0,0.0
2024-06-10 12:55:00-04:00,22.459999084472656,22.469999313354492,22.459999084472656,22.469999313354492,423,0.0,0.0
2024-06-10 13:00:00-04:00,22.440000534057617,22.440000534057617,22.440000534057617,22.440000534057617,697,0.0,0.0
2024-06-10 13:05:00-04:00,22.454999923706055,22.454999923706055,22.43000030517578,22.43000030517578,362,0.0,0.0
2024-06-10 13:10:00-04:00,22.440000534057617,22.44499969482422,22.440000534057617,22.44499969482422,798,0.0,0.0
2024-06-10 13:15:00-04:00,22.420000076293945,22.454999923706055,22.420000076293945,22.454999923706055,930,0.0,0.0
2024-06-10 13:20:00-04:00,22.440099716186523,22.4950008392334,22.440099716186523,22.479999542236328,2863,0.0,0.0
2024-06-10 13:25:00-04:00,22.450000762939453,22.450000762939453,22.450000762939453,22.450000762939453,621,0.0,0.0
2024-06-10 13:30:00-04:00,22.440000534057617,22.454999923706055,22.440000534057617,22.454999923706055,781,0.0,0.0
2024-06-10 13:35:00-04:00,22.414600372314453,22.414600372314453,22.399999618530273,22.399999618530273,1475,0.0,0.0
2024-06-10 13:45:00-04:00,22.459999084472656,22.459999084472656,22.459999084472656,22.459999084472656,303,0.0,0.0
2024-06-10 13:50:00-04:00,22.42690086364746,22.520000457763672,22.42690086364746,22.520000457763672,3191,0.0,0.0
2024-06-10 13:55:00-04:00,22.406700134277344,22.406700134277344,22.406700134277344,22.406700134277344,432,0.0,0.0
2024-06-10 14:00:00-04:00,22.434999465942383,22.434999465942383,22.40999984741211,22.40999984741211,582,0.0,0.0
2024-06-10 14:05:00-04:00,22.399999618530273,22.399999618530273,22.399999618530273,22.399999618530273,2574,0.0,0.0
2024-06-10 14:10:00-04:00,22.440000534057617,22.459999084472656,22.440000534057617,22.459999084472656,1075,0.0,0.0
2024-06-10 14:15:00-04:00,22.420000076293945,22.424999237060547,22.34000015258789,22.34000015258789,8689,0.0,0.0
2024-06-10 14:20:00-04:00,22.34000015258789,22.5,22.34000015258789,22.5,11989,0.0,0.0
2024-06-10 14:25:00-04:00,22.485000610351562,22.485000610351562,22.485000610351562,22.485000610351562,414,0.0,0.0
2024-06-10 14:30:00-04:00,22.485000610351562,22.485000610351562,22.485000610351562,22.485000610351562,751,0.0,0.0
2024-06-10 14:35:00-04:00,22.469999313354492,22.469999313354492,22.469999313354492,22.469999313354492,306,0.0,0.0
2024-06-10 14:40:00-04:00,22.510000228881836,22.510000228881836,22.510000228881836,22.510000228881836,1258,0.0,0.0
2024-06-10 14:45:00-04:00,22.565000534057617,22.565000534057617,22.565000534057617,22.565000534057617,466,0.0,0.0
2024-06-10 14:50:00-04:00,22.56999969482422,22.56999969482422,22.56999969482422,22.56999969482422,527,0.0,0.0
2024-06-10 14:55:00-04:00,22.530000686645508,22.600000381469727,22.520000457763672,22.520000457763672,4739,0.0,0.0
2024-06-10 15:05:00-04:00,22.53499984741211,22.56999969482422,22.53499984741211,22.56999969482422,1158,0.0,0.0
2024-06-10 15:10:00-04:00,22.54640007019043,22.584999084472656,22.54640007019043,22.584999084472656,1446,0.0,0.0
2024-06-10 15:15:00-04:00,22.59670066833496,22.59670066833496,22.520000457763672,22.56999969482422,3885,0.0,0.0
2024-06-10 15:20:00-04:00,22.565000534057617,22.565000534057617,22.565000534057617,22.565000534057617,523,0.0,0.0
2024-06-10 15:25:00-04:00,22.579999923706055,22.59000015258789,22.559999465942383,22.559999465942383,3032,0.0,0.0
2024-06-10 15:30:00-04:00,22.559999465942383,22.559999465942383,22.510000228881836,22.510000228881836,2953,0.0,0.0
2024-06-10 15:35:00-04:00,22.520000457763672,22.549999237060547,22.489999771118164,22.489999771118164,1652,0.0,0.0
2024-06-10 15:40:00-04:00,22.510000228881836,22.520000457763672,22.510000228881836,22.510000228881836,1961,0.0,0.0
2024-06-10 15:45:00-04:00,22.5,22.540000915527344,22.479999542236328,22.540000915527344,1819,0.0,0.0
2024-06-10 15:50:00-04:00,22.520000457763672,22.530000686645508,22.510000228881836,22.520000457763672,4448,0.0,0.0
2024-06-10 15:55:00-04:00,22.520000457763672,22.520000457763672,22.399999618530273,22.520000457763672,19141,0.0,0.0
2024-06-11 09:30:00-04:00,22.309999465942383,22.309999465942383,22.309999465942383,22.309999465942383,1328,0.0,0.0
2024-06-11 09:35:00-04:00,22.329999923706055,22.329999923706055,22.149999618530273,22.150999069213867,3176,0.0,0.0
2024-06-11 09:40:00-04:00,22.219999313354492,22.229999542236328,22.190000534057617,22.190000534057617,1877,0.0,0.0
2024-06-11 09:45:00-04:00,22.110000610351562,22.190000534057617,22.110000610351562,22.190000534057617,3113,0.0,0.0
2024-06-11 10:05:00-04:00,22.239999771118164,22.25,22.209999084472656,22.209999084472656,1471,0.0,0.0
2024-06-11 10:10:00-04:00,22.295000076293945,22.295000076293945,22.295000076293945,22.295000076293945,612,0.0,0.0
2024-06-11 10:15:00-04:00,22.270000457763672,22.270000457763672,22.22089958190918,22.22089958190918,1360,0.0,0.0
2024-06-11 10:20:00-04:00,22.2549991607666,22.2549991607666,22.1299991607666,22.1299991607666,2114,0.0,0.0
2024-06-11 10:25:00-04:00,22.149999618530273,22.149999618530273,22.149999618530273,22.149999618530273,641,0.0,0.0
2024-06-11 10:30:00-04:00,22.16699981689453,22.16699981689453,22.1299991607666,22.1299991607666,1839,0.0,0.0
2024-06-11 10:35:00-04:00,22.145000457763672,22.209999084472656,22.145000457763672,22.209999084472656,1571,0.0,0.0
2024-06-11 10:45:00-04:00,22.262699127197266,22.262699127197266,22.170000076293945,22.170000076293945,1427,0.0,0.0
2024-06-11 10:50:00-04:00,22.190000534057617,22.190000534057617,22.190000534057617,22.190000534057617,1173,0.0,0.0
2024-06-11 11:00:00-04:00,22.204999923706055,22.235000610351562,22.18000030517578,22.235000610351562,2180,0.0,0.0
2024-06-11 11:05:00-04:00,22.274999618530273,22.40999984741211,22.260000228881836,22.40999984741211,1740,0.0,0.0
2024-06-11 11:10:00-04:00,22.35930061340332,22.35930061340332,22.35930061340332,22.35930061340332,2333,0.0,0.0
2024-06-11 11:15:00-04:00,22.415300369262695,22.415300369262695,22.34000015258789,22.34000015258789,2739,0.0,0.0
2024-06-11 11:20:00-04:00,22.350000381469727,22.350000381469727,22.350000381469727,22.350000381469727,409,0.0,0.0
2024-06-11 11:25:00-04:00,22.3700008392334,22.3700008392334,22.3700008392334,22.3700008392334,1492,0.0,0.0
2024-06-11 11:40:00-04:00,22.344999313354492,22.344999313354492,22.344999313354492,22.344999313354492,361,0.0,0.0
2024-06-11 11:45:00-04:00,22.3799991607666,22.454999923706055,22.3799991607666,22.43000030517578,3445,0.0,0.0
2024-06-11 11:55:00-04:00,22.389999389648438,22.389999389648438,22.389999389648438,22.389999389648438,465,0.0,0.0
2024-06-11 12:00:00-04:00,22.405899047851562,22.405899047851562,22.399999618530273,22.399999618530273,918,0.0,0.0
2024-06-11 12:05:00-04:00,22.392000198364258,22.392000198364258,22.392000198364258,22.392000198364258,1134,0.0,0.0
2024-06-11 12:15:00-04:00,22.3799991607666,22.3799991607666,22.3799991607666,22.3799991607666,426,0.0,0.0
2024-06-11 12:20:00-04:00,22.3799991607666,22.3799991607666,22.350000381469727,22.350000381469727,981,0.0,0.0
2024-06-11 12:25:00-04:00,22.367900848388672,22.367900848388672,22.31999969482422,22.31999969482422,3042,0.0,0.0
2024-06-11 12:30:00-04:00,22.309999465942383,22.31999969482422,22.270000457763672,22.31999969482422,2226,0.0,0.0
2024-06-11 12:35:00-04:00,22.295000076293945,22.295000076293945,22.25,22.25,1294,0.0,0.0
2024-06-11 12:40:00-04:00,22.260000228881836,22.260000228881836,22.260000228881836,22.260000228881836,1530,0.0,0.0
2024-06-11 12:55:00-04:00,22.225000381469727,22.225000381469727,22.200000762939453,22.219999313354492,1859,0.0,0.0
2024-06-11 13:00:00-04:00,22.2549991607666,22.299999237060547,22.2549991607666,22.290000915527344,2153,0.0,0.0
2024-06-11 13:05:00-04:00,22.25349998474121,22.320999145507812,22.25349998474121,22.320999145507812,2241,0.0,0.0
2024-06-11 13:15:00-04:00,22.280000686645508,22.280000686645508,22.25,22.25,2944,0.0,0.0
2024-06-11 13:20:00-04:00,22.246700286865234,22.280000686645508,22.246700286865234,22.280000686645508,1138,0.0,0.0
2024-06-11 13:25:00-04:00,22.31999969482422,22.34000015258789,22.31999969482422,22.34000015258789,1480,0.0,0.0
2024-06-11 13:30:00-04:00,22.40999984741211,22.40999984741211,22.40999984741211,22.40999984741211,1497,0.0,0.0
2024-06-11 13:40:00-04:00,22.469999313354492,22.469999313354492,22.469999313354492,22.469999313354492,1130,0.0,0.0
2024-06-11 13:50:00-04:00,22.479999542236328,22.5,22.469999313354492,22.469999313354492,2685,0.0,0.0
2024-06-11 13:55:00-04:00,22.5,22.5,22.5,22.5,1135,0.0,0.0
2024-06-11 14:00:00-04:00,22.510000228881836,22.510000228881836,22.479999542236328,22.479999542236328,2465,0.0,0.0
2024-06-11 14:10:00-04:00,22.520000457763672,22.520000457763672,22.520000457763672,22.520000457763672,311,0.0,0.0
2024-06-11 14:15:00-04:00,22.514999389648438,22.520000457763672,22.45479965209961,22.45479965209961,2437,0.0,0.0
2024-06-11 14:20:00-04:00,22.510000228881836,22.510000228881836,22.510000228881836,22.510000228881836,374,0.0,0.0
2024-06-11 14:25:00-04:00,22.520000457763672,22.520000457763672,22.485000610351562,22.514999389648438,1181,0.0,0.0
2024-06-11 14:30:00-04:00,22.486600875854492,22.486600875854492,22.486600875854492,22.486600875854492,355,0.0,0.0
2024-06-11 14:35:00-04:00,22.512399673461914,22.512399673461914,22.485000610351562,22.485000610351562,796,0.0,0.0
2024-06-11 14:40:00-04:00,22.510000228881836,22.510000228881836,22.469999313354492,22.485000610351562,1122,0.0,0.0
2024-06-11 14:45:00-04:00,22.450000762939453,22.485000610351562,22.450000762939453,22.485000610351562,1836,0.0,0.0
2024-06-11 14:50:00-04:00,22.440000534057617,22.440000534057617,22.440000534057617,22.440000534057617,956,0.0,0.0
2024-06-11 14:55:00-04:00,22.450000762939453,22.475000381469727,22.420000076293945,22.420000076293945,2760,0.0,0.0
2024-06-11 15:00:00-04:00,22.479999542236328,22.479999542236328,22.479999542236328,22.479999542236328,1225,0.0,0.0
2024-06-11 15:05:00-04:00,22.510000228881836,22.510000228881836,22.50950050354004,22.50950050354004,922,0.0,0.0
2024-06-11 15:10:00-04:00,22.4950008392334,22.4950008392334,22.479999542236328,22.479999542236328,2443,0.0,0.0
2024-06-11 15:15:00-04:00,22.450000762939453,22.450000762939453,22.420000076293945,22.420000076293945,1620,0.0,0.0
2024-06-11 15:20:00-04:00,22.434999465942383,22.434999465942383,22.434999465942383,22.434999465942383,823,0.0,0.0
2024-06-11 15:25:00-04:00,22.400800704956055,22.454999923706055,22.400800704956055,22.454999923706055,3731,0.0,0.0
2024-06-11 15:30:00-04:00,22.40999984741211,22.459999084472656,22.40999984741211,22.459999084472656,1050,0.0,0.0
2024-06-11 15:35:00-04:00,22.459999084472656,22.459999084472656,22.434999465942383,22.434999465942383,2044,0.0,0.0
2024-06-11 15:40:00-04:00,22.420000076293945,22.43000030517578,22.3700008392334,22.399999618530273,6915,0.0,0.0
2024-06-11 15:45:00-04:00,22.408000946044922,22.408000946044922,22.290000915527344,22.290000915527344,5269,0.0,0.0
2024-06-11 15:50:00-04:00,22.280000686645508,22.350000381469727,22.260000228881836,22.350000381469727,9700,0.0,0.0
2024-06-11 15:55:00-04:00,22.389999389648438,22.399999618530273,22.277999877929688,22.280000686645508,20944,0.0,0.0
2024-06-12 09:30:00-04:00,23.040000915527344,23.040000915527344,23.020000457763672,23.020000457763672,2721,0.0,0.0
2024-06-12 09:35:00-04:00,23.020000457763672,23.059999465942383,22.979999542236328,22.985000610351562,11005,0.0,0.0
2024-06-12 09:40:00-04:00,22.850000381469727,23.020000457763672,22.850000381469727,23.0049991607666,2593,0.0,0.0
2024-06-12 09:45:00-04:00,22.9950008392334,23.095699310302734,22.9950008392334,23.095699310302734,1110,0.0,0.0
2024-06-12 09:50:00-04:00,23.040000915527344,23.040000915527344,23.040000915527344,23.040000915527344,1019,0.0,0.0
2024-06-12 09:55:00-04:00,23.059999465942383,23.059999465942383,22.940000534057617,22.940000534057617,5451,0.0,0.0
2024-06-12 10:00:00-04:00,22.940000534057617,23.059999465942383,22.90999984741211,23.059999465942383,3364,0.0,0.0
2024-06-12 10:05:00-04:00,23.030000686645508,23.049999237060547,23.030000686645508,23.049999237060547,529,0.0,0.0
2024-06-12 10:10:00-04:00,23.110000610351562,23.110000610351562,23.010000228881836,23.010000228881836,1145,0.0,0.0
2024-06-12 10:15:00-04:00,23.040000915527344,23.239999771118164,23.040000915527344,23.239999771118164,5197,0.0,0.0
2024-06-12 10:20:00-04:00,23.170000076293945,23.18269920349121,23.09000015258789,23.149999618530273,2915,0.0,0.0
2024-06-12 10:25:00-04:00,23.216999053955078,23.216999053955078,23.170000076293945,23.170000076293945,1570,0.0,0.0
2024-06-12 10:30:00-04:00,23.149999618530273,23.149999618530273,23.138999938964844,23.149999618530273,1769,0.0,0.0
2024-06-12 10:35:00-04:00,23.1200008392334,23.168899536132812,23.110000610351562,23.148000717163086,1533,0.0,0.0
2024-06-12 10:40:00-04:00,23.149999618530273,23.149999618530273,23.100000381469727,23.100000381469727,1712,0.0,0.0
2024-06-12 10:45:00-04:00,23.14259910583496,23.14259910583496,23.14259910583496,23.14259910583496,595,0.0,0.0
2024-06-12 10:50:00-04:00,23.100000381469727,23.139999389648438,23.100000381469727,23.125,4195,0.0,0.0
2024-06-12 11:15:00-04:00,23.036699295043945,23.036699295043945,23.036699295043945,23.036699295043945,387,0.0,0.0
2024-06-12 11:20:00-04:00,23.020000457763672,23.049999237060547,23.010000228881836,23.014999389648438,5737,0.0,0.0
2024-06-12 11:30:00-04:00,23.010000228881836,23.010000228881836,23.010000228881836,23.010000228881836,962,0.0,0.0
2024-06-12 11:40:00-04:00,23.010000228881836,23.010000228881836,23.010000228881836,23.010000228881836,306,0.0,0.0
2024-06-12 11:45:00-04:00,23.024999618530273,23.024999618530273,22.979999542236328,22.979999542236328,1628,0.0,0.0
2024-06-12 11:50:00-04:00,22.969999313354492,22.969999313354492,22.969999313354492,22.969999313354492,289,0.0,0.0
2024-06-12 11:55:00-04:00,22.989999771118164,22.989999771118164,22.989999771118164,22.989999771118164,710,0.0,0.0
2024-06-12 12:10:00-04:00,23.0,23.0,22.940000534057617,22.940000534057617,1360,0.0,0.0
2024-06-12 12:25:00-04:00,22.979400634765625,22.979400634765625,22.979400634765625,22.979400634765625,475,0.0,0.0
2024-06-12 12:30:00-04:00,22.940000534057617,22.940000534057617,22.93000030517578,22.93000030517578,2023,0.0,0.0
2024-06-12 12:40:00-04:00,22.940000534057617,22.950000762939453,22.920000076293945,22.920000076293945,1574,0.0,0.0
2024-06-12 12:45:00-04:00,22.889999389648438,22.889999389648438,22.860000610351562,22.860000610351562,1825,0.0,0.0
2024-06-12 12:55:00-04:00,22.93000030517578,22.940000534057617,22.93000030517578,22.940000534057617,1241,0.0,0.0
2024-06-12 13:00:00-04:00,22.969999313354492,22.969999313354492,22.969999313354492,22.969999313354492,323,0.0,0.0
2024-06-12 13:05:00-04:00,22.940000534057617,22.940000534057617,22.940000534057617,22.940000534057617,767,0.0,0.0
2024-06-12 13:10:00-04:00,22.959999084472656,22.959999084472656,22.959999084472656,22.959999084472656,322,0.0,0.0
2024-06-12 13:15:00-04:00,22.90999984741211,22.90999984741211,22.8799991607666,22.8799991607666,2658,0.0,0.0
2024-06-12 13:30:00-04:00,22.829999923706055,22.854999542236328,22.81999969482422,22.854999542236328,4051,0.0,0.0
2024-06-12 13:40:00-04:00,22.834999084472656,22.834999084472656,22.829999923706055,22.829999923706055,1346,0.0,0.0
2024-06-12 13:55:00-04:00,22.84000015258789,22.860000610351562,22.84000015258789,22.860000610351562,519,0.0,0.0
2024-06-12 14:00:00-04:00,22.809999465942383,22.850000381469727,22.760000228881836,22.84000015258789,6180,0.0,0.0
2024-06-12 14:05:00-04:00,22.7450008392334,22.7450008392334,22.7450008392334,22.7450008392334,1050,0.0,0.0
2024-06-12 14:15:00-04:00,22.860000610351562,22.860000610351562,22.790000915527344,22.790000915527344,1324,0.0,0.0
2024-06-12 14:20:00-04:00,22.760000228881836,22.760000228881836,22.739999771118164,22.739999771118164,402,0.0,0.0
2024-06-12 14:25:00-04:00,22.780000686645508,22.780000686645508,22.780000686645508,22.780000686645508,347,0.0,0.0
2024-06-12 14:30:00-04:00,22.81999969482422,22.81999969482422,22.790000915527344,22.81999969482422,2602,0.0,0.0
2024-06-12 14:35:00-04:00,22.850000381469727,22.850000381469727,22.81999969482422,22.829999923706055,1360,0.0,0.0
2024-06-12 14:40:00-04:00,22.829999923706055,22.84000015258789,22.790000915527344,22.829999923706055,4891,0.0,0.0
2024-06-12 14:45:00-04:00,22.770000457763672,22.829999923706055,22.760000228881836,22.760000228881836,1563,0.0,0.0
2024-06-12 14:55:00-04:00,22.78499984741211,22.829999923706055,22.780000686645508,22.780000686645508,1660,0.0,0.0
2024-06-12 15:05:00-04:00,22.780000686645508,22.780000686645508,22.760000228881836,22.760000228881836,1460,0.0,0.0
2024-06-12 15:10:00-04:00,22.780000686645508,22.799999237060547,22.780000686645508,22.799999237060547,1606,0.0,0.0
2024-06-12 15:15:00-04:00,22.799999237060547,22.799999237060547,22.790000915527344,22.795000076293945,1325,0.0,0.0
2024-06-12 15:20:00-04:00,22.795000076293945,22.81999969482422,22.729999542236328,22.729999542236328,8026,0.0,0.0
2024-06-12 15:25:00-04:00,22.75,22.75,22.665000915527344,22.684999465942383,3734,0.0,0.0
2024-06-12 15:30:00-04:00,22.670000076293945,22.726999282836914,22.670000076293945,22.726999282836914,2403,0.0,0.0
2024-06-12 15:35:00-04:00,22.729999542236328,22.790000915527344,22.729999542236328,22.764999389648438,3602,0.0,0.0
2024-06-12 15:40:00-04:00,22.75,22.760000228881836,22.739999771118164,22.739999771118164,3388,0.0,0.0
2024-06-12 15:45:00-04:00,22.738399505615234,22.788000106811523,22.690000534057617,22.770000457763672,7542,0.0,0.0
2024-06-12 15:50:00-04:00,22.78499984741211,22.899999618530273,22.770000457763672,22.899999618530273,4534,0.0,0.0
2024-06-12 15:55:00-04:00,22.8700008392334,22.8799991607666,22.729999542236328,22.770000457763672,25698,0.0,0.0
2024-06-13 09:30:00-04:00,22.709999084472656,22.709999084472656,22.709999084472656,22.709999084472656,1175,0.0,0.0
2024-06-13 09:40:00-04:00,22.65999984741211,22.75,22.65999984741211,22.65999984741211,2682,0.0,0.0
2024-06-13 09:45:00-04:00,22.700000762939453,22.700000762939453,22.700000762939453,22.700000762939453,644,0.0,0.0
2024-06-13 09:50:00-04:00,22.770000457763672,22.770000457763672,22.770000457763672,22.770000457763672,324,0.0,0.0
2024-06-13 10:00:00-04:00,22.739999771118164,22.739999771118164,22.674999237060547,22.674999237060547,460,0.0,0.0
2024-06-13 10:05:00-04:00,22.739999771118164,22.739999771118164,22.700000762939453,22.704999923706055,1320,0.0,0.0
2024-06-13 10:10:00-04:00,22.770000457763672,22.770000457763672,22.68000030517578,22.68000030517578,1712,0.0,0.0
2024-06-13 10:15:00-04:00,22.63129997253418,22.63129997253418,22.608200073242188,22.608200073242188,454,0.0,0.0
2024-06-13 10:20:00-04:00,22.645000457763672,22.645000457763672,22.479999542236328,22.479999542236328,5684,0.0,0.0
2024-06-13 10:30:00-04:00,22.43000030517578,22.43000030517578,22.43000030517578,22.43000030517578,227,0.0,0.0
2024-06-13 10:35:00-04:00,22.44499969482422,22.44499969482422,22.440000534057617,22.440000534057617,1587,0.0,0.0
2024-06-13 10:50:00-04:00,22.44499969482422,22.44499969482422,22.44499969482422,22.44499969482422,150,0.0,0.0
2024-06-13 10:55:00-04:00,22.450000762939453,22.450000762939453,22.420000076293945,22.420000076293945,729,0.0,0.0
2024-06-13 11:00:00-04:00,22.424999237060547,22.424999237060547,22.40999984741211,22.40999984741211,523,0.0,0.0
2024-06-13 11:10:00-04:00,22.40999984741211,22.40999984741211,22.260000228881836,22.260000228881836,3869,0.0,0.0
2024-06-13 11:20:00-04:00,22.299999237060547,22.299999237060547,22.299999237060547,22.299999237060547,1144,0.0,0.0
2024-06-13 11:25:00-04:00,22.260000228881836,22.260000228881836,22.260000228881836,22.260000228881836,622,0.0,0.0
2024-06-13 11:30:00-04:00,22.225000381469727,22.225000381469727,22.219999313354492,22.219999313354492,1123,0.0,0.0
2024-06-13 11:35:00-04:00,22.219999313354492,22.219999313354492,22.204999923706055,22.204999923706055,801,0.0,0.0
2024-06-13 11:40:00-04:00,22.18000030517578,22.18000030517578,22.1299991607666,22.1299991607666,1889,0.0,0.0
2024-06-13 11:45:00-04:00,22.155000686645508,22.155000686645508,22.104999542236328,22.125,3436,0.0,0.0
2024-06-13 11:50:00-04:00,22.118499755859375,22.118499755859375,22.118499755859375,22.118499755859375,583,0.0,0.0
2024-06-13 11:55:00-04:00,22.100000381469727,22.100000381469727,22.100000381469727,22.100000381469727,574,0.0,0.0
2024-06-13 12:00:00-04:00,22.09000015258789,22.09000015258789,22.079999923706055,22.079999923706055,1376,0.0,0.0
2024-06-13 12:10:00-04:00,22.100000381469727,22.110000610351562,22.06999969482422,22.06999969482422,1175,0.0,0.0
2024-06-13 12:15:00-04:00,22.050500869750977,22.069900512695312,22.050500869750977,22.069900512695312,960,0.0,0.0
2024-06-13 12:20:00-04:00,22.065000534057617,22.06999969482422,22.065000534057617,22.06999969482422,1312,0.0,0.0
2024-06-13 12:25:00-04:00,22.079999923706055,22.079999923706055,22.065000534057617,22.065000534057617,417,0.0,0.0
2024-06-13 12:30:00-04:00,22.065000534057617,22.09000015258789,22.065000534057617,22.09000015258789,2526,0.0,0.0
2024-06-13 12:35:00-04:00,22.110000610351562,22.110000610351562,22.06999969482422,22.078500747680664,2684,0.0,0.0
2024-06-13 12:40:00-04:00,22.1200008392334,22.190000534057617,22.1200008392334,22.15999984741211,4595,0.0,0.0
2024-06-13 12:50:00-04:00,22.145000457763672,22.145000457763672,22.139999389648438,22.139999389648438,778,0.0,0.0
2024-06-13 12:55:00-04:00,22.165000915527344,22.165000915527344,22.165000915527344,22.165000915527344,250,0.0,0.0
2024-06-13 13:00:00-04:00,22.170000076293945,22.184999465942383,22.170000076293945,22.184999465942383,462,0.0,0.0
2024-06-13 13:05:00-04:00,22.18000030517578,22.219999313354492,22.18000030517578,22.219999313354492,1055,0.0,0.0
2024-06-13 13:10:00-04:00,22.209999084472656,22.209999084472656,22.204999923706055,22.204999923706055,1591,0.0,0.0
2024-06-13 13:15:00-04:00,22.200000762939453,22.200000762939453,22.200000762939453,22.200000762939453,329,0.0,0.0
2024-06-13 13:20:00-04:00,22.2549991607666,22.270000457763672,22.2549991607666,22.270000457763672,477,0.0,0.0
2024-06-13 13:25:00-04:00,22.280000686645508,22.280000686645508,22.25,22.25,1380,0.0,0.0
2024-06-13 13:30:00-04:00,22.229999542236328,22.229999542236328,22.229999542236328,22.229999542236328,1408,0.0,0.0
2024-06-13 13:35:00-04:00,22.209999084472656,22.209999084472656,22.190000534057617,22.190000534057617,1377,0.0,0.0
2024-06-13 13:45:00-04:00,22.219999313354492,22.235000610351562,22.219999313354492,22.229999542236328,680,0.0,0.0
2024-06-13 13:50:00-04:00,22.229999542236328,22.229999542236328,22.229999542236328,22.229999542236328,279,0.0,0.0
2024-06-13 13:55:00-04:00,22.225000381469727,22.225000381469727,22.225000381469727,22.225000381469727,209,0.0,0.0
2024-06-13 14:00:00-04:00,22.200000762939453,22.219999313354492,22.190000534057617,22.190000534057617,1637,0.0,0.0
2024-06-13 14:05:00-04:00,22.170000076293945,22.170000076293945,22.170000076293945,22.170000076293945,315,0.0,0.0
2024-06-13 14:10:00-04:00,22.18549919128418,22.18549919128418,22.170000076293945,22.18000030517578,694,0.0,0.0
2024-06-13 14:15:00-04:00,22.155000686645508,22.18000030517578,22.149999618530273,22.174999237060547,988,0.0,0.0
2024-06-13 14:20:00-04:00,22.170000076293945,22.170000076293945,22.149999618530273,22.149999618530273,829,0.0,0.0
2024-06-13 14:25:00-04:00,22.174999237060547,22.174999237060547,22.139999389648438,22.139999389648438,1970,0.0,0.0
2024-06-13 14:30:00-04:00,22.114999771118164,22.114999771118164,22.114999771118164,22.114999771118164,728,0.0,0.0
2024-06-13 14:35:00-04:00,22.114999771118164,22.114999771118164,22.114999771118164,22.114999771118164,471,0.0,0.0
2024-06-13 14:45:00-04:00,22.125,22.299999237060547,22.125,22.299999237060547,5053,0.0,0.0
2024-06-13 14:50:00-04:00,22.299999237060547,22.315000534057617,22.298799514770508,22.298799514770508,1627,0.0,0.0
2024-06-13 14:55:00-04:00,22.329999923706055,22.399999618530273,22.329999923706055,22.3700008392334,2188,0.0,0.0
2024-06-13 15:00:00-04:00,22.350000381469727,22.350000381469727,22.346799850463867,22.346799850463867,850,0.0,0.0
2024-06-13 15:05:00-04:00,22.375,22.375,22.290000915527344,22.290000915527344,3358,0.0,0.0
2024-06-13 15:15:00-04:00,22.290000915527344,22.295000076293945,22.280000686645508,22.295000076293945,1880,0.0,0.0
2024-06-13 15:20:00-04:00,22.280000686645508,22.350000381469727,22.280000686645508,22.329999923706055,2194,0.0,0.0
2024-06-13 15:25:00-04:00,22.350000381469727,22.350000381469727,22.31999969482422,22.31999969482422,2005,0.0,0.0
2024-06-13 15:30:00-04:00,22.309999465942383,22.31999969482422,22.309999465942383,22.31999969482422,2052,0.0,0.0
2024-06-13 15:35:00-04:00,22.309999465942383,22.31800079345703,22.290000915527344,22.290000915527344,2565,0.0,0.0
2024-06-13 15:40:00-04:00,22.309999465942383,22.315000534057617,22.270000457763672,22.277999877929688,3432,0.0,0.0
2024-06-13 15:45:00-04:00,22.280000686645508,22.309999465942383,22.270000457763672,22.309999465942383,3277,0.0,0.0
2024-06-13 15:50:00-04:00,22.299999237060547,22.3799991607666,22.29949951171875,22.364999771118164,6949,0.0,0.0
2024-06-13 15:55:00-04:00,22.3700008392334,22.43000030517578,22.3700008392334,22.389999389648438,10832,0.0,0.0
2024-06-14 09:30:00-04:00,22.579999923706055,22.579999923706055,21.8700008392334,22.270000457763672,6409,0.0,0.0
2024-06-14 09:40:00-04:00,22.059999465942383,22.260000228881836,22.059999465942383,22.100000381469727,4383,0.0,0.0
2024-06-14 09:45:00-04:00,22.209999084472656,22.209999084472656,22.209999084472656,22.209999084472656,336,0.0,0.0
2024-06-14 09:55:00-04:00,22.18000030517578,22.18000030517578,22.18000030517578,22.18000030517578,947,0.0,0.0
2024-06-14 10:00:00-04:00,22.079999923706055,22.1299991607666,22.059999465942383,22.11910057067871,957,0.0,0.0
2024-06-14 10:05:00-04:00,22.09000015258789,22.170000076293945,22.09000015258789,22.170000076293945,2794,0.0,0.0
2024-06-14 10:15:00-04:00,22.239999771118164,22.290000915527344,22.239999771118164,22.290000915527344,1789,0.0,0.0
2024-06-14 10:20:00-04:00,22.25,22.25,22.200000762939453,22.200000762939453,1052,0.0,0.0
2024-06-14 10:25:00-04:00,22.229999542236328,22.239999771118164,22.229999542236328,22.239999771118164,922,0.0,0.0
2024-06-14 10:30:00-04:00,22.25,22.25,22.25,22.25,326,0.0,0.0
2024-06-14 10:35:00-04:00,22.209999084472656,22.209999084472656,22.149999618530273,22.149999618530273,1645,0.0,0.0
2024-06-14 10:50:00-04:00,22.176599502563477,22.209999084472656,22.176599502563477,22.193700790405273,926,0.0,0.0
2024-06-14 10:55:00-04:00,22.229999542236328,22.25,22.229999542236328,22.25,4754,0.0,0.0
2024-06-14 11:00:00-04:00,22.299999237060547,22.299999237060547,22.299999237060547,22.299999237060547,725,0.0,0.0
2024-06-14 11:05:00-04:00,22.25,22.25,22.25,22.25,1401,0.0,0.0
2024-06-14 11:10:00-04:00,22.283199310302734,22.283199310302734,22.283199310302734,22.283199310302734,1611,0.0,0.0
2024-06-14 11:25:00-04:00,22.329999923706055,22.329999923706055,22.329999923706055,22.329999923706055,1289,0.0,0.0
2024-06-14 11:30:00-04:00,22.33300018310547,22.33300018310547,22.33300018310547,22.33300018310547,403,0.0,0.0
2024-06-14 11:35:00-04:00,22.299999237060547,22.299999237060547,22.18000030517578,22.18000030517578,3590,0.0,0.0
2024-06-14 11:45:00-04:00,22.149999618530273,22.149999618530273,22.139999389648438,22.139999389648438,713,0.0,0.0
2024-06-14 11:50:00-04:00,22.1200008392334,22.1200008392334,22.100000381469727,22.100000381469727,1025,0.0,0.0
2024-06-14 11:55:00-04:00,22.09000015258789,22.09000015258789,22.087499618530273,22.087499618530273,1058,0.0,0.0
2024-06-14 12:05:00-04:00,22.08209991455078,22.08209991455078,22.059999465942383,22.059999465942383,910,0.0,0.0
2024-06-14 12:10:00-04:00,22.06999969482422,22.06999969482422,22.06999969482422,22.06999969482422,1195,0.0,0.0
2024-06-14 12:15:00-04:00,22.049999237060547,22.049999237060547,22.040000915527344,22.040000915527344,568,0.0,0.0
2024-06-14 12:20:00-04:00,22.049999237060547,22.049999237060547,22.049999237060547,22.049999237060547,863,0.0,0.0
2024-06-14 12:25:00-04:00,22.040000915527344,22.040000915527344,22.040000915527344,22.040000915527344,1001,0.0,0.0
2024-06-14 12:35:00-04:00,22.040000915527344,22.049999237060547,22.020000457763672,22.020000457763672,1646,0.0,0.0
2024-06-14 12:50:00-04:00,22.079999923706055,22.079999923706055,22.079999923706055,22.079999923706055,327,0.0,0.0
2024-06-14 12:55:00-04:00,22.079999923706055,22.079999923706055,22.079999923706055,22.079999923706055,1562,0.0,0.0
2024-06-14 13:10:00-04:00,22.219999313354492,22.219999313354492,22.219999313354492,22.219999313354492,364,0.0,0.0
2024-06-14 13:15:00-04:00,22.260000228881836,22.280000686645508,22.260000228881836,22.280000686645508,916,0.0,0.0
2024-06-14 13:20:00-04:00,22.230100631713867,22.2450008392334,22.170000076293945,22.170000076293945,5847,0.0,0.0
2024-06-14 13:25:00-04:00,22.139999389648438,22.139999389648438,22.139999389648438,22.139999389648438,1151,0.0,0.0
2024-06-14 13:30:00-04:00,22.229999542236328,22.229999542236328,22.229999542236328,22.229999542236328,1975,0.0,0.0
2024-06-14 13:50:00-04:00,22.15999984741211,22.15999984741211,22.15999984741211,22.15999984741211,1369,0.0,0.0
2024-06-14 13:55:00-04:00,22.155000686645508,22.270000457763672,22.155000686645508,22.267000198364258,4053,0.0,0.0
2024-06-14 14:00:00-04:00,22.209999084472656,22.295000076293945,22.209999084472656,22.270000457763672,4460,0.0,0.0
2024-06-14 14:15:00-04:00,22.290000915527344,22.290000915527344,22.290000915527344,22.290000915527344,434,0.0,0.0
2024-06-14 14:20:00-04:00,22.299999237060547,22.299999237060547,22.299999237060547,22.299999237060547,2120,0.0,0.0
2024-06-14 14:25:00-04:00,22.25,22.280000686645508,22.25,22.270000457763672,2373,0.0,0.0
2024-06-14 14:30:00-04:00,22.248199462890625,22.248199462890625,22.248199462890625,22.248199462890625,726,0.0,0.0
2024-06-14 14:40:00-04:00,22.280000686645508,22.280000686645508,22.280000686645508,22.280000686645508,752,0.0,0.0
2024-06-14 14:45:00-04:00,22.290000915527344,22.299999237060547,22.290000915527344,22.299999237060547,927,0.0,0.0
2024-06-14 14:50:00-04:00,22.31999969482422,22.31999969482422,22.31999969482422,22.31999969482422,566,0.0,0.0
2024-06-14 14:55:00-04:00,22.329999923706055,22.329999923706055,22.31999969482422,22.31999969482422,2884,0.0,0.0
2024-06-14 15:10:00-04:00,22.299999237060547,22.299999237060547,22.299999237060547,22.299999237060547,1054,0.0,0.0
2024-06-14 15:15:00-04:00,22.290000915527344,22.290000915527344,22.290000915527344,22.290000915527344,582,0.0,0.0
2024-06-14 15:20:00-04:00,22.270000457763672,22.290000915527344,22.270000457763672,22.290000915527344,2038,0.0,0.0
2024-06-14 15:25:00-04:00,22.287500381469727,22.287500381469727,22.287500381469727,22.287500381469727,206,0.0,0.0
2024-06-14 15:30:00-04:00,22.304899215698242,22.309999465942383,22.295000076293945,22.295000076293945,1668,0.0,0.0
2024-06-14 15:35:00-04:00,22.280000686645508,22.309999465942383,22.280000686645508,22.309999465942383,1487,0.0,0.0
2024-06-14 15:40:00-04:00,22.280000686645508,22.299999237060547,22.270000457763672,22.299999237060547,6790,0.0,0.0
2024-06-14 15:45:00-04:00,22.280000686645508,22.280000686645508,22.270000457763672,22.270000457763672,2809,0.0,0.0
2024-06-14 15:50:00-04:00,22.290000915527344,22.309999465942383,22.280000686645508,22.309999465942383,3826,0.0,0.0
2024-06-14 15:55:00-04:00,22.31999969482422,22.350000381469727,22.309999465942383,22.34000015258789,7684,0.0,0.0
2024-06-17 09:30:00-04:00,22.15999984741211,22.15999984741211,22.149999618530273,22.149999618530273,2566,0.0,0.0
2024-06-17 09:35:00-04:00,22.344999313354492,22.420000076293945,22.344999313354492,22.420000076293945,1089,0.0,0.0
2024-06-17 09:40:00-04:00,22.454999923706055,22.454999923706055,22.299999237060547,22.375,1097,0.0,0.0
2024-06-17 09:45:00-04:00,22.450000762939453,22.450000762939453,22.450000762939453,22.450000762939453,1577,0.0,0.0
2024-06-17 09:55:00-04:00,22.3700008392334,22.3700008392334,22.360000610351562,22.360000610351562,563,0.0,0.0
2024-06-17 10:05:00-04:00,22.309999465942383,22.309999465942383,22.309999465942383,22.309999465942383,453,0.0,0.0
2024-06-17 10:15:00-04:00,22.25,22.280000686645508,22.25,22.280000686645508,493,0.0,0.0
2024-06-17 10:20:00-04:00,22.260000228881836,22.260000228881836,22.165000915527344,22.165000915527344,1186,0.0,0.0
2024-06-17 10:25:00-04:00,22.1299991607666,22.1299991607666,22.1299991607666,22.1299991607666,1330,0.0,0.0
2024-06-17 10:30:00-04:00,22.187000274658203,22.187000274658203,22.18000030517578,22.18000030517578,1509,0.0,0.0
2024-06-17 10:40:00-04:00,22.034000396728516,22.040000915527344,22.034000396728516,22.040000915527344,1343,0.0,0.0
2024-06-17 10:45:00-04:00,22.045000076293945,22.045000076293945,22.045000076293945,22.045000076293945,414,0.0,0.0
2024-06-17 10:50:00-04:00,22.020000457763672,22.020000457763672,22.020000457763672,22.020000457763672,500,0.0,0.0
2024-06-17 11:05:00-04:00,22.024999618530273,22.05500030517578,22.024999618530273,22.05500030517578,1748,0.0,0.0
2024-06-17 11:10:00-04:00,22.100000381469727,22.125,22.100000381469727,22.125,988,0.0,0.0
2024-06-17 11:15:00-04:00,22.125,22.125,22.125,22.125,314,0.0,0.0
2024-06-17 11:20:00-04:00,22.09000015258789,22.09000015258789,22.040000915527344,22.06999969482422,2364,0.0,0.0
2024-06-17 11:40:00-04:00,22.030000686645508,22.079999923706055,22.030000686645508,22.05419921875,800,0.0,0.0
2024-06-17 11:50:00-04:00,22.06999969482422,22.06999969482422,22.049999237060547,22.049999237060547,696,0.0,0.0
2024-06-17 11:55:00-04:00,22.01420021057129,22.040000915527344,22.01420021057129,22.040000915527344,810,0.0,0.0
2024-06-17 12:10:00-04:00,22.010000228881836,22.020000457763672,21.989999771118164,22.014999389648438,1126,0.0,0.0
2024-06-17 12:15:00-04:00,21.989999771118164,22.0,21.989999771118164,22.0,814,0.0,0.0
2024-06-17 12:20:00-04:00,21.989999771118164,22.040000915527344,21.989999771118164,22.010000228881836,2524,0.0,0.0
2024-06-17 12:25:00-04:00,22.010000228881836,22.010000228881836,22.010000228881836,22.010000228881836,436,0.0,0.0
2024-06-17 12:35:00-04:00,22.049999237060547,22.119199752807617,22.049999237060547,22.119199752807617,1424,0.0,0.0
2024-06-17 12:40:00-04:00,22.075000762939453,22.075000762939453,22.059999465942383,22.059999465942383,440,0.0,0.0
2024-06-17 12:45:00-04:00,22.06999969482422,22.100000381469727,22.049999237060547,22.100000381469727,1825,0.0,0.0
2024-06-17 12:50:00-04:00,22.139999389648438,22.239999771118164,22.139999389648438,22.239999771118164,1754,0.0,0.0
2024-06-17 13:00:00-04:00,22.219999313354492,22.25,22.219999313354492,22.235000610351562,693,0.0,0.0
2024-06-17 13:05:00-04:00,22.260000228881836,22.260000228881836,22.209999084472656,22.209999084472656,238,0.0,0.0
2024-06-17 13:10:00-04:00,22.235000610351562,22.235000610351562,22.235000610351562,22.235000610351562,480,0.0,0.0
2024-06-17 13:15:00-04:00,22.223499298095703,22.329999923706055,22.223499298095703,22.329999923706055,6297,0.0,0.0
2024-06-17 13:30:00-04:00,22.344999313354492,22.344999313354492,22.344999313354492,22.344999313354492,316,0.0,0.0
2024-06-17 13:35:00-04:00,22.34000015258789,22.34000015258789,22.299999237060547,22.299999237060547,1763,0.0,0.0
2024-06-17 13:45:00-04:00,22.34000015258789,22.343299865722656,22.27899932861328,22.315000534057617,1843,0.0,0.0
2024-06-17 13:50:00-04:00,22.350000381469727,22.3799991607666,22.350000381469727,22.3700008392334,1087,0.0,0.0
2024-06-17 13:55:00-04:00,22.3700008392334,22.3700008392334,22.365999221801758,22.365999221801758,720,0.0,0.0
2024-06-17 14:00:00-04:00,22.364999771118164,22.399999618530273,22.364999771118164,22.399999618530273,1641,0.0,0.0
2024-06-17 14:05:00-04:00,22.469999313354492,22.479999542236328,22.452899932861328,22.452899932861328,1281,0.0,0.0
2024-06-17 14:10:00-04:00,22.440000534057617,22.5049991607666,22.440000534057617,22.5049991607666,1497,0.0,0.0
2024-06-17 14:15:00-04:00,22.510000228881836,22.510000228881836,22.469999313354492,22.469999313354492,997,0.0,0.0
2024-06-17 14:25:00-04:00,22.432300567626953,22.459999084472656,22.432300567626953,22.459999084472656,913,0.0,0.0
2024-06-17 14:30:00-04:00,22.420000076293945,22.420000076293945,22.420000076293945,22.420000076293945,545,0.0,0.0
2024-06-17 14:35:00-04:00,22.40999984741211,22.40999984741211,22.399999618530273,22.399999618530273,1674,0.0,0.0
2024-06-17 14:40:00-04:00,22.434999465942383,22.434999465942383,22.40999984741211,22.40999984741211,1191,0.0,0.0
2024-06-17 14:45:00-04:00,22.43000030517578,22.43000030517578,22.40999984741211,22.43000030517578,2690,0.0,0.0
2024-06-17 14:50:00-04:00,22.424999237060547,22.424999237060547,22.424999237060547,22.424999237060547,528,0.0,0.0
2024-06-17 14:55:00-04:00,22.410999298095703,22.410999298095703,22.410999298095703,22.410999298095703,1149,0.0,0.0
2024-06-17 15:00:00-04:00,22.399999618530273,22.399999618530273,22.399999618530273,22.399999618530273,250,0.0,0.0
2024-06-17 15:05:00-04:00,22.405000686645508,22.405000686645508,22.3799991607666,22.3799991607666,703,0.0,0.0
2024-06-17 15:15:00-04:00,22.380599975585938,22.40999984741211,22.380599975585938,22.40999984741211,1463,0.0,0.0
2024-06-17 15:20:00-04:00,22.405000686645508,22.440000534057617,22.405000686645508,22.415000915527344,2020,0.0,0.0
2024-06-17 15:25:00-04:00,22.43000030517578,22.43000030517578,22.43000030517578,22.43000030517578,1207,0.0,0.0
2024-06-17 15:30:00-04:00,22.4950008392334,22.5,22.4950008392334,22.5,668,0.0,0.0
2024-06-17 15:35:00-04:00,22.479999542236328,22.479999542236328,22.479999542236328,22.479999542236328,786,0.0,0.0
2024-06-17 15:40:00-04:00,22.489999771118164,22.509000778198242,22.479999542236328,22.479999542236328,2232,0.0,0.0
2024-06-17 15:45:00-04:00,22.469999313354492,22.475000381469727,22.440000534057617,22.440000534057617,3562,0.0,0.0
2024-06-17 15:50:00-04:00,22.469999313354492,22.5,22.469999313354492,22.5,1471,0.0,0.0
2024-06-17 15:55:00-04:00,22.469999313354492,22.469999313354492,22.40999984741211,22.420000076293945,7793,0.0,0.0
2024-06-18 09:30:00-04:00,22.549999237060547,22.55900001525879,22.5,22.55900001525879,2270,0.0,0.0
2024-06-18 09:35:00-04:00,22.559999465942383,22.559999465942383,22.499399185180664,22.499399185180664,1643,0.0,0.0
2024-06-18 09:40:00-04:00,22.735000610351562,22.735000610351562,22.735000610351562,22.735000610351562,186,0.0,0.0
2024-06-18 09:45:00-04:00,22.6200008392334,22.649999618530273,22.610000610351562,22.649999618530273,1663,0.0,0.0
2024-06-18 09:50:00-04:00,22.6200008392334,22.6200008392334,22.6200008392334,22.6200008392334,1683,0.0,0.0
2024-06-18 10:00:00-04:00,22.604999542236328,22.604999542236328,22.604999542236328,22.604999542236328,826,0.0,0.0
2024-06-18 10:05:00-04:00,22.604999542236328,22.659000396728516,22.604999542236328,22.659000396728516,584,0.0,0.0
2024-06-18 10:10:00-04:00,22.652000427246094,22.652000427246094,22.56999969482422,22.56999969482422,2158,0.0,0.0
2024-06-18 10:15:00-04:00,22.520000457763672,22.520000457763672,22.4950008392334,22.4950008392334,1151,0.0,0.0
2024-06-18 10:20:00-04:00,22.549999237060547,22.559999465942383,22.53499984741211,22.53499984741211,1534,0.0,0.0
2024-06-18 10:25:00-04:00,22.540000915527344,22.59000015258789,22.540000915527344,22.59000015258789,636,0.0,0.0
2024-06-18 10:30:00-04:00,22.59000015258789,22.610000610351562,22.575000762939453,22.579999923706055,1816,0.0,0.0
2024-06-18 10:35:00-04:00,22.56999969482422,22.56999969482422,22.56999969482422,22.56999969482422,1011,0.0,0.0
2024-06-18 10:40:00-04:00,22.5,22.579999923706055,22.5,22.5,593,0.0,0.0
2024-06-18 10:45:00-04:00,22.489999771118164,22.520000457763672,22.489999771118164,22.520000457763672,657,0.0,0.0
2024-06-18 10:50:00-04:00,22.520999908447266,22.520999908447266,22.520999908447266,22.520999908447266,201,0.0,0.0
2024-06-18 10:55:00-04:00,22.520999908447266,22.520999908447266,22.520999908447266,22.520999908447266,659,0.0,0.0
2024-06-18 11:00:00-04:00,22.520000457763672,22.540000915527344,22.520000457763672,22.53499984741211,2042,0.0,0.0
2024-06-18 11:10:00-04:00,22.559999465942383,22.559999465942383,22.540000915527344,22.540000915527344,581,0.0,0.0
2024-06-18 11:15:00-04:00,22.559999465942383,22.627500534057617,22.549999237060547,22.549999237060547,3815,0.0,0.0
2024-06-18 11:20:00-04:00,22.559999465942383,22.559999465942383,22.540000915527344,22.540000915527344,2445,0.0,0.0
2024-06-18 11:25:00-04:00,22.540000915527344,22.57430076599121,22.454999923706055,22.454999923706055,2391,0.0,0.0
2024-06-18 11:30:00-04:00,22.459999084472656,22.489999771118164,22.454999923706055,22.46500015258789,1394,0.0,0.0
2024-06-18 11:35:00-04:00,22.450000762939453,22.450000762939453,22.399999618530273,22.399999618530273,5387,0.0,0.0
2024-06-18 11:40:00-04:00,22.399999618530273,22.438899993896484,22.3799991607666,22.399999618530273,5333,0.0,0.0
2024-06-18 11:45:00-04:00,22.389999389648438,22.395000457763672,22.3700008392334,22.3799991607666,2139,0.0,0.0
2024-06-18 11:50:00-04:00,22.386999130249023,22.386999130249023,22.375,22.375,352,0.0,0.0
2024-06-18 11:55:00-04:00,22.3799991607666,22.38800048828125,22.34000015258789,22.3700008392334,4820,0.0,0.0
2024-06-18 12:00:00-04:00,22.3700008392334,22.3700008392334,22.350000381469727,22.350000381469727,1130,0.0,0.0
2024-06-18 12:05:00-04:00,22.350000381469727,22.350000381469727,22.350000381469727,22.350000381469727,593,0.0,0.0
2024-06-18 12:10:00-04:00,22.350000381469727,22.36280059814453,22.350000381469727,22.350000381469727,2122,0.0,0.0
2024-06-18 12:15:00-04:00,22.329999923706055,22.329999923706055,22.299999237060547,22.320100784301758,3763,0.0,0.0
2024-06-18 12:20:00-04:00,22.344999313354492,22.344999313354492,22.290000915527344,22.290000915527344,2269,0.0,0.0
2024-06-18 12:25:00-04:00,22.290000915527344,22.309999465942383,22.290000915527344,22.309999465942383,1948,0.0,0.0
2024-06-18 12:30:00-04:00,22.277099609375,22.299999237060547,22.277099609375,22.299999237060547,408,0.0,0.0
2024-06-18 12:35:00-04:00,22.293899536132812,22.293899536132812,22.18000030517578,22.190000534057617,3572,0.0,0.0
2024-06-18 12:40:00-04:00,22.184999465942383,22.207000732421875,22.184999465942383,22.190000534057617,1080,0.0,0.0
2024-06-18 12:45:00-04:00,22.22599983215332,22.22599983215332,22.22599983215332,22.22599983215332,466,0.0,0.0
2024-06-18 12:50:00-04:00,22.25,22.25,22.1299991607666,22.1299991607666,4971,0.0,0.0
2024-06-18 12:55:00-04:00,22.120899200439453,22.239999771118164,22.120899200439453,22.239999771118164,1918,0.0,0.0
2024-06-18 13:00:00-04:00,22.280000686645508,22.309999465942383,22.280000686645508,22.309999465942383,765,0.0,0.0
2024-06-18 13:05:00-04:00,22.28499984741211,22.28499984741211,22.28499984741211,22.28499984741211,613,0.0,0.0
2024-06-18 13:10:00-04:00,22.31999969482422,22.34000015258789,22.299999237060547,22.30699920654297,1667,0.0,0.0
2024-06-18 13:15:00-04:00,22.299999237060547,22.329999923706055,22.200000762939453,22.235000610351562,6631,0.0,0.0
2024-06-18 13:20:00-04:00,22.280000686645508,22.280000686645508,22.280000686645508,22.280000686645508,416,0.0,0.0
2024-06-18 13:25:00-04:00,22.350000381469727,22.360000610351562,22.350000381469727,22.360000610351562,473,0.0,0.0
2024-06-18 13:30:00-04:00,22.315000534057617,22.315000534057617,22.280000686645508,22.315000534057617,1557,0.0,0.0
2024-06-18 13:35:00-04:00,22.350000381469727,22.350000381469727,22.34000015258789,22.34000015258789,859,0.0,0.0
2024-06-18 13:40:00-04:00,22.34000015258789,22.40999984741211,22.280000686645508,22.280000686645508,6188,0.0,0.0
2024-06-18 13:45:00-04:00,22.334999084472656,22.350000381469727,22.329999923706055,22.350000381469727,2455,0.0,0.0
2024-06-18 13:50:00-04:00,22.360000610351562,22.360000610351562,22.350000381469727,22.350000381469727,568,0.0,0.0
2024-06-18 13:55:00-04:00,22.350000381469727,22.350000381469727,22.350000381469727,22.350000381469727,788,0.0,0.0
2024-06-18 14:00:00-04:00,22.299999237060547,22.309999465942383,22.299999237060547,22.309999465942383,687,0.0,0.0
2024-06-18 14:05:00-04:00,22.30500030517578,22.40999984741211,22.30500030517578,22.40999984741211,921,0.0,0.0
2024-06-18 14:10:00-04:00,22.424999237060547,22.44499969482422,22.424999237060547,22.44499969482422,833,0.0,0.0
2024-06-18 14:15:00-04:00,22.450000762939453,22.450000762939453,22.3700008392334,22.3799991607666,2008,0.0,0.0
2024-06-18 14:20:00-04:00,22.350000381469727,22.389999389648438,22.350000381469727,22.389999389648438,419,0.0,0.0
2024-06-18 14:25:00-04:00,22.3799991607666,22.389999389648438,22.329999923706055,22.350000381469727,2342,0.0,0.0
2024-06-18 14:30:00-04:00,22.3700008392334,22.3700008392334,22.3700008392334,22.3700008392334,587,0.0,0.0
2024-06-18 14:35:00-04:00,22.350000381469727,22.350000381469727,22.299999237060547,22.334999084472656,944,0.0,0.0
2024-06-18 14:40:00-04:00,22.321300506591797,22.3700008392334,22.31999969482422,22.31999969482422,2406,0.0,0.0
2024-06-18 14:45:00-04:00,22.31999969482422,22.350000381469727,22.309999465942383,22.350000381469727,1204,0.0,0.0
2024-06-18 14:50:00-04:00,22.309999465942383,22.334999084472656,22.309999465942383,22.329999923706055,3431,0.0,0.0
2024-06-18 14:55:00-04:00,22.290000915527344,22.309999465942383,22.290000915527344,22.299999237060547,1576,0.0,0.0
2024-06-18 15:00:00-04:00,22.280000686645508,22.290000915527344,22.280000686645508,22.290000915527344,722,0.0,0.0
2024-06-18 15:05:00-04:00,22.299999237060547,22.309999465942383,22.200000762939453,22.280000686645508,6334,0.0,0.0
2024-06-18 15:10:00-04:00,22.290000915527344,22.290000915527344,22.290000915527344,22.290000915527344,779,0.0,0.0
2024-06-18 15:15:00-04:00,22.260000228881836,22.260000228881836,22.18000030517578,22.18000030517578,4586,0.0,0.0
2024-06-18 15:20:00-04:00,22.15999984741211,22.200000762939453,22.15999984741211,22.200000762939453,1854,0.0,0.0
2024-06-18 15:25:00-04:00,22.170000076293945,22.219999313354492,22.170000076293945,22.219999313354492,4137,0.0,0.0
2024-06-18 15:30:00-04:00,22.170000076293945,22.18000030517578,22.1299991607666,22.1299991607666,4596,0.0,0.0
2024-06-18 15:35:00-04:00,22.145000457763672,22.170000076293945,22.1200008392334,22.149999618530273,5576,0.0,0.0
2024-06-18 15:40:00-04:00,22.15999984741211,22.200000762939453,22.1200008392334,22.200000762939453,8146,0.0,0.0
2024-06-18 15:45:00-04:00,22.190000534057617,22.290000915527344,22.139999389648438,22.290000915527344,4940,0.0,0.0
2024-06-18 15:50:00-04:00,22.295000076293945,22.329999923706055,22.270000457763672,22.299999237060547,8577,0.0,0.0
2024-06-18 15:55:00-04:00,22.270000457763672,22.270000457763672,22.190000534057617,22.235000610351562,17889,0.0,0.0
2024-06-20 09:30:00-04:00,22.429000854492188,22.479000091552734,22.429000854492188,22.479000091552734,2509,0.0,0.0
2024-06-20 09:35:00-04:00,22.450000762939453,22.450000762939453,22.309999465942383,22.309999465942383,257,0.0,0.0
2024-06-20 09:40:00-04:00,22.440000534057617,22.440000534057617,22.202499389648438,22.315000534057617,1805,0.0,0.0
2024-06-20 09:45:00-04:00,22.420000076293945,22.440000534057617,22.420000076293945,22.440000534057617,1786,0.0,0.0
2024-06-20 09:50:00-04:00,22.3700008392334,22.520000457763672,22.3700008392334,22.520000457763672,1307,0.0,0.0
2024-06-20 09:55:00-04:00,22.503999710083008,22.510000228881836,22.434999465942383,22.510000228881836,1047,0.0,0.0
2024-06-20 10:00:00-04:00,22.364999771118164,22.405000686645508,22.364999771118164,22.405000686645508,345,0.0,0.0
2024-06-20 10:05:00-04:00,22.420000076293945,22.420000076293945,22.3700008392334,22.3700008392334,1309,0.0,0.0
2024-06-20 10:10:00-04:00,22.399999618530273,22.440000534057617,22.399999618530273,22.440000534057617,1340,0.0,0.0
2024-06-20 10:15:00-04:00,22.40999984741211,22.52199935913086,22.40999984741211,22.52199935913086,1235,0.0,0.0
2024-06-20 10:20:00-04:00,22.540000915527344,22.65999984741211,22.540000915527344,22.644800186157227,1588,0.0,0.0
2024-06-20 10:25:00-04:00,22.59000015258789,22.6200008392334,22.559999465942383,22.559999465942383,1997,0.0,0.0
2024-06-20 10:30:00-04:00,22.579999923706055,22.579999923706055,22.579999923706055,22.579999923706055,493,0.0,0.0
2024-06-20 10:35:00-04:00,22.56999969482422,22.571300506591797,22.530000686645508,22.530000686645508,2183,0.0,0.0
2024-06-20 10:40:00-04:00,22.420000076293945,22.440000534057617,22.420000076293945,22.440000534057617,854,0.0,0.0
2024-06-20 10:50:00-04:00,22.479999542236328,22.479999542236328,22.434999465942383,22.434999465942383,1025,0.0,0.0
2024-06-20 10:55:00-04:00,22.434999465942383,22.434999465942383,22.434999465942383,22.434999465942383,1061,0.0,0.0
2024-06-20 11:05:00-04:00,22.389999389648438,22.479999542236328,22.389999389648438,22.479999542236328,2201,0.0,0.0
2024-06-20 11:10:00-04:00,22.4950008392334,22.4950008392334,22.4950008392334,22.4950008392334,339,0.0,0.0
2024-06-20 11:15:00-04:00,22.514999389648438,22.514999389648438,22.469999313354492,22.469999313354492,1147,0.0,0.0
2024-06-20 11:20:00-04:00,22.389999389648438,22.424999237060547,22.389999389648438,22.424999237060547,338,0.0,0.0
2024-06-20 11:35:00-04:00,22.43000030517578,22.43000030517578,22.43000030517578,22.43000030517578,1030,0.0,0.0
2024-06-20 11:40:00-04:00,22.440000534057617,22.440000534057617,22.389999389648438,22.40999984741211,1888,0.0,0.0
2024-06-20 11:45:00-04:00,22.420000076293945,22.420000076293945,22.389999389648438,22.389999389648438,746,0.0,0.0
2024-06-20 11:50:00-04:00,22.399999618530273,22.489999771118164,22.399999618530273,22.450000762939453,3913,0.0,0.0
2024-06-20 11:55:00-04:00,22.44499969482422,22.44499969482422,22.44499969482422,22.44499969482422,503,0.0,0.0
2024-06-20 12:00:00-04:00,22.40999984741211,22.40999984741211,22.40999984741211,22.40999984741211,899,0.0,0.0
2024-06-20 12:10:00-04:00,22.390100479125977,22.390100479125977,22.390100479125977,22.390100479125977,1048,0.0,0.0
2024-06-20 12:20:00-04:00,22.45509910583496,22.45509910583496,22.45509910583496,22.45509910583496,482,0.0,0.0
2024-06-20 12:25:00-04:00,22.43000030517578,22.43000030517578,22.360000610351562,22.360000610351562,2360,0.0,0.0
2024-06-20 12:45:00-04:00,22.325000762939453,22.350000381469727,22.325000762939453,22.334999084472656,1435,0.0,0.0
2024-06-20 12:50:00-04:00,22.309999465942383,22.309999465942383,22.309999465942383,22.309999465942383,487,0.0,0.0
2024-06-20 12:55:00-04:00,22.31999969482422,22.31999969482422,22.31999969482422,22.31999969482422,699,0.0,0.0
2024-06-20 13:05:00-04:00,22.270000457763672,22.270000457763672,22.225000381469727,22.225000381469727,1548,0.0,0.0
2024-06-20 13:15:00-04:00,22.239999771118164,22.2450008392334,22.239999771118164,22.2450008392334,1124,0.0,0.0
2024-06-20 13:20:00-04:00,22.299999237060547,22.299999237060547,22.270000457763672,22.280000686645508,1795,0.0,0.0
2024-06-20 13:25:00-04:00,22.25,22.25,22.25,22.25,861,0.0,0.0
2024-06-20 13:30:00-04:00,22.270000457763672,22.270000457763672,22.25,22.270000457763672,786,0.0,0.0
2024-06-20 13:40:00-04:00,22.25,22.290000915527344,22.25,22.290000915527344,2337,0.0,0.0
2024-06-20 13:45:00-04:00,22.31999969482422,22.31999969482422,22.299999237060547,22.299999237060547,988,0.0,0.0
2024-06-20 13:50:00-04:00,22.280000686645508,22.280000686645508,22.280000686645508,22.280000686645508,264,0.0,0.0
2024-06-20 13:55:00-04:00,22.299999237060547,22.299999237060547,22.299999237060547,22.299999237060547,827,0.0,0.0
2024-06-20 14:00:00-04:00,22.315000534057617,22.315000534057617,22.315000534057617,22.315000534057617,405,0.0,0.0
2024-06-20 14:05:00-04:00,22.309999465942383,22.309999465942383,22.309999465942383,22.309999465942383,206,0.0,0.0
2024-06-20 14:10:00-04:00,22.299999237060547,22.30500030517578,22.299999237060547,22.30500030517578,1492,0.0,0.0
2024-06-20 14:15:00-04:00,22.229999542236328,22.239999771118164,22.229999542236328,22.239999771118164,1285,0.0,0.0
2024-06-20 14:25:00-04:00,22.290000915527344,22.290000915527344,22.260000228881836,22.260000228881836,1491,0.0,0.0
2024-06-20 14:30:00-04:00,22.229999542236328,22.229999542236328,22.229999542236328,22.229999542236328,969,0.0,0.0
2024-06-20 14:35:00-04:00,22.190000534057617,22.190000534057617,22.190000534057617,22.190000534057617,628,0.0,0.0
2024-06-20 14:45:00-04:00,22.219999313354492,22.219999313354492,22.200000762939453,22.200000762939453,2316,0.0,0.0
2024-06-20 14:55:00-04:00,22.190000534057617,22.190000534057617,22.18000030517578,22.18000030517578,893,0.0,0.0
2024-06-20 15:00:00-04:00,22.149999618530273,22.165000915527344,22.149999618530273,22.165000915527344,1365,0.0,0.0
2024-06-20 15:05:00-04:00,22.139999389648438,22.174999237060547,22.100000381469727,22.1200008392334,9699,0.0,0.0
2024-06-20 15:10:00-04:00,22.125999450683594,22.219999313354492,22.125999450683594,22.219999313354492,3515,0.0,0.0
2024-06-20 15:15:00-04:00,22.229999542236328,22.229999542236328,22.229999542236328,22.229999542236328,782,0.0,0.0
2024-06-20 15:20:00-04:00,22.229999542236328,22.229999542236328,22.229999542236328,22.229999542236328,1081,0.0,0.0
2024-06-20 15:25:00-04:00,22.253999710083008,22.260000228881836,22.253999710083008,22.260000228881836,1753,0.0,0.0
2024-06-20 15:30:00-04:00,22.239999771118164,22.239999771118164,22.200000762939453,22.204999923706055,3240,0.0,0.0
2024-06-20 15:35:00-04:00,22.190000534057617,22.190000534057617,22.18000030517578,22.18000030517578,3345,0.0,0.0
2024-06-20 15:40:00-04:00,22.19969940185547,22.329999923706055,22.19969940185547,22.280000686645508,14704,0.0,0.0
2024-06-20 15:45:00-04:00,22.299999237060547,22.309999465942383,22.2549991607666,22.2549991607666,2646,0.0,0.0
2024-06-20 15:50:00-04:00,22.270000457763672,22.309999465942383,22.270000457763672,22.290000915527344,5136,0.0,0.0
2024-06-20 15:55:00-04:00,22.239999771118164,22.239999771118164,22.1299991607666,22.139999389648438,21385,0.0,0.0
2024-06-21 09:30:00-04:00,22.280000686645508,22.280000686645508,22.280000686645508,22.280000686645508,51039,0.0,0.0
2024-06-21 09:35:00-04:00,22.15999984741211,22.25,22.15999984741211,22.25,1185,0.0,0.0
2024-06-21 09:45:00-04:00,22.21500015258789,22.21500015258789,22.077999114990234,22.149999618530273,3807,0.0,0.0
2024-06-21 09:50:00-04:00,22.15999984741211,22.15999984741211,22.139999389648438,22.139999389648438,594,0.0,0.0
2024-06-21 09:55:00-04:00,22.06999969482422,22.11199951171875,22.059999465942383,22.059999465942383,1628,0.0,0.0
2024-06-21 10:05:00-04:00,21.989999771118164,21.989999771118164,21.95439910888672,21.95439910888672,532,0.0,0.0
2024-06-21 10:10:00-04:00,22.022499084472656,22.022499084472656,22.022499084472656,22.022499084472656,490,0.0,0.0
2024-06-21 10:15:00-04:00,22.075700759887695,22.139999389648438,22.075700759887695,22.139999389648438,1121,0.0,0.0
2024-06-21 10:20:00-04:00,22.1200008392334,22.1200008392334,22.059999465942383,22.059999465942383,1573,0.0,0.0
2024-06-21 10:25:00-04:00,22.085899353027344,22.085899353027344,22.085899353027344,22.085899353027344,320,0.0,0.0
2024-06-21 10:30:00-04:00,22.111000061035156,22.111000061035156,22.111000061035156,22.111000061035156,717,0.0,0.0
2024-06-21 10:40:00-04:00,22.100000381469727,22.100000381469727,22.100000381469727,22.100000381469727,162,0.0,0.0
2024-06-21 10:45:00-04:00,22.05500030517578,22.05500030517578,22.05500030517578,22.05500030517578,740,0.0,0.0
2024-06-21 10:50:00-04:00,22.1200008392334,22.1200008392334,22.1200008392334,22.1200008392334,824,0.0,0.0
2024-06-21 10:55:00-04:00,22.1200008392334,22.280000686645508,22.1200008392334,22.280000686645508,2558,0.0,0.0
2024-06-21 11:00:00-04:00,22.295000076293945,22.295000076293945,22.295000076293945,22.295000076293945,299,0.0,0.0
2024-06-21 11:05:00-04:00,22.34000015258789,22.372499465942383,22.34000015258789,22.372499465942383,1490,0.0,0.0
2024-06-21 11:10:00-04:00,22.450000762939453,22.450000762939453,22.450000762939453,22.450000762939453,537,0.0,0.0
2024-06-21 11:20:00-04:00,22.450000762939453,22.520000457763672,22.40999984741211,22.510000228881836,5080,0.0,0.0
2024-06-21 11:25:00-04:00,22.5049991607666,22.52899932861328,22.5,22.510000228881836,1099,0.0,0.0
2024-06-21 11:30:00-04:00,22.489999771118164,22.5,22.40999984741211,22.459999084472656,7418,0.0,0.0
2024-06-21 11:35:00-04:00,22.450000762939453,22.450000762939453,22.399999618530273,22.424999237060547,1615,0.0,0.0
2024-06-21 11:40:00-04:00,22.389999389648438,22.45400047302246,22.389999389648438,22.434999465942383,1630,0.0,0.0
2024-06-21 11:45:00-04:00,22.426000595092773,22.459999084472656,22.426000595092773,22.459999084472656,1170,0.0,0.0
2024-06-21 11:50:00-04:00,22.514999389648438,22.514999389648438,22.514999389648438,22.514999389648438,674,0.0,0.0
2024-06-21 11:55:00-04:00,22.5,22.5049991607666,22.5,22.5049991607666,592,0.0,0.0
2024-06-21 12:00:00-04:00,22.5,22.5,22.5,22.5,574,0.0,0.0
2024-06-21 12:05:00-04:00,22.5,22.500999450683594,22.469999313354492,22.5,1724,0.0,0.0
2024-06-21 12:10:00-04:00,22.5,22.5,22.5,22.5,534,0.0,0.0
2024-06-21 12:15:00-04:00,22.5049991607666,22.5049991607666,22.5049991607666,22.5049991607666,104,0.0,0.0
2024-06-21 12:20:00-04:00,22.489999771118164,22.5,22.489999771118164,22.489999771118164,2082,0.0,0.0
2024-06-21 12:25:00-04:00,22.489999771118164,22.4950008392334,22.479999542236328,22.479999542236328,882,0.0,0.0
2024-06-21 12:35:00-04:00,22.479999542236328,22.49250030517578,22.479999542236328,22.489999771118164,917,0.0,0.0
2024-06-21 12:40:00-04:00,22.489999771118164,22.509899139404297,22.489999771118164,22.489999771118164,494,0.0,0.0
2024-06-21 12:45:00-04:00,22.469999313354492,22.489999771118164,22.469999313354492,22.479999542236328,1678,0.0,0.0
2024-06-21 12:50:00-04:00,22.479999542236328,22.549999237060547,22.479999542236328,22.549999237060547,1358,0.0,0.0
2024-06-21 13:00:00-04:00,22.530000686645508,22.530000686645508,22.520000457763672,22.520000457763672,695,0.0,0.0
2024-06-21 13:05:00-04:00,22.579999923706055,22.579999923706055,22.579999923706055,22.579999923706055,461,0.0,0.0
2024-06-21 13:15:00-04:00,22.55500030517578,22.55500030517578,22.5,22.530000686645508,3166,0.0,0.0
2024-06-21 13:25:00-04:00,22.5,22.5,22.4950008392334,22.4950008392334,833,0.0,0.0
2024-06-21 13:30:00-04:00,22.492700576782227,22.492700576782227,22.492700576782227,22.492700576782227,233,0.0,0.0
2024-06-21 13:35:00-04:00,22.4950008392334,22.4950008392334,22.4950008392334,22.4950008392334,254,0.0,0.0
2024-06-21 13:40:00-04:00,22.469999313354492,22.520000457763672,22.469999313354492,22.520000457763672,2326,0.0,0.0
2024-06-21 13:55:00-04:00,22.530000686645508,22.530000686645508,22.530000686645508,22.530000686645508,829,0.0,0.0
2024-06-21 14:10:00-04:00,22.5,22.5,22.5,22.5,872,0.0,0.0
2024-06-21 14:20:00-04:00,22.5,22.5049991607666,22.489999771118164,22.4950008392334,2184,0.0,0.0
2024-06-21 14:25:00-04:00,22.510000228881836,22.549999237060547,22.510000228881836,22.549999237060547,2257,0.0,0.0
2024-06-21 14:30:00-04:00,22.530000686645508,22.6299991607666,22.5,22.600000381469727,6436,0.0,0.0
2024-06-21 14:35:00-04:00,22.579999923706055,22.6299991607666,22.579999923706055,22.6299991607666,1957,0.0,0.0
2024-06-21 14:40:00-04:00,22.575000762939453,22.649999618530273,22.575000762939453,22.649999618530273,2320,0.0,0.0
2024-06-21 14:45:00-04:00,22.6200008392334,22.64900016784668,22.6200008392334,22.64900016784668,1428,0.0,0.0
2024-06-21 14:50:00-04:00,22.649999618530273,22.68000030517578,22.6471004486084,22.6471004486084,1153,0.0,0.0
2024-06-21 14:55:00-04:00,22.662799835205078,22.729000091552734,22.662799835205078,22.729000091552734,4941,0.0,0.0
2024-06-21 15:00:00-04:00,22.725000381469727,22.756000518798828,22.68000030517578,22.725000381469727,7481,0.0,0.0
2024-06-21 15:05:00-04:00,22.770000457763672,22.809999465942383,22.770000457763672,22.809999465942383,1353,0.0,0.0
2024-06-21 15:10:00-04:00,22.809999465942383,22.809999465942383,22.780000686645508,22.809999465942383,4302,0.0,0.0
2024-06-21 15:15:00-04:00,22.795000076293945,22.84000015258789,22.795000076293945,22.80500030517578,5505,0.0,0.0
2024-06-21 15:20:00-04:00,22.809999465942383,22.809999465942383,22.809999465942383,22.809999465942383,572,0.0,0.0
2024-06-21 15:25:00-04:00,22.825000762939453,22.84000015258789,22.760000228881836,22.764999389648438,7839,0.0,0.0
2024-06-21 15:30:00-04:00,22.764999389648438,22.799999237060547,22.764999389648438,22.790000915527344,1683,0.0,0.0
2024-06-21 15:35:00-04:00,22.809999465942383,22.860000610351562,22.809999465942383,22.834999084472656,3809,0.0,0.0
2024-06-21 15:40:00-04:00,22.829999923706055,22.834999084472656,22.790000915527344,22.80500030517578,4874,0.0,0.0
2024-06-21 15:45:00-04:00,22.81999969482422,22.84000015258789,22.80500030517578,22.825000762939453,3831,0.0,0.0
2024-06-21 15:50:00-04:00,22.84000015258789,22.90999984741211,22.829999923706055,22.8799991607666,13154,0.0,0.0
2024-06-21 15:55:00-04:00,22.8799991607666,22.899999618530273,22.80500030517578,22.829999923706055,22966,0.0,0.0
