Datetime,Open,High,Low,Close,Volume,Dividends,Stock Splits
2024-05-23 09:40:00-04:00,77.05999755859375,77.05999755859375,77.05999755859375,77.05999755859375,0,0.0,0.0
2024-05-23 10:25:00-04:00,77.35310363769531,77.35310363769531,77.35310363769531,77.35310363769531,1677,0.0,0.0
2024-05-23 12:10:00-04:00,77.18009948730469,77.18009948730469,77.18009948730469,77.18009948730469,522,0.0,0.0
2024-05-23 12:40:00-04:00,77.0,77.0,77.0,77.0,1772,0.0,0.0
2024-05-23 13:35:00-04:00,76.5,76.5,76.5,76.5,992,0.0,0.0
2024-05-23 14:20:00-04:00,76.02999877929688,76.02999877929688,76.02999877929688,76.02999877929688,1816,0.0,0.0
2024-05-23 15:20:00-04:00,76.11000061035156,76.11000061035156,76.0999984741211,76.0999984741211,777,0.0,0.0
2024-05-23 15:50:00-04:00,76.59639739990234,76.59639739990234,76.59639739990234,76.59639739990234,951,0.0,0.0
2024-05-23 15:55:00-04:00,76.69000244140625,76.69000244140625,76.69000244140625,76.69000244140625,101,0.0,0.0
2024-05-24 11:50:00-04:00,76.63729858398438,76.63729858398438,76.63729858398438,76.63729858398438,1307,0.0,0.0
2024-05-24 12:40:00-04:00,76.70999908447266,76.70999908447266,76.70999908447266,76.70999908447266,218,0.0,0.0
2024-05-24 13:05:00-04:00,76.43499755859375,76.43499755859375,76.43499755859375,76.43499755859375,1539,0.0,0.0
2024-05-24 14:00:00-04:00,76.44270324707031,76.44270324707031,76.44270324707031,76.44270324707031,513,0.0,0.0
2024-05-24 14:55:00-04:00,76.48999786376953,76.48999786376953,76.48999786376953,76.48999786376953,103,0.0,0.0
2024-05-24 15:00:00-04:00,76.48500061035156,76.5999984741211,76.25,76.43000030517578,3745,0.0,0.0
2024-05-24 15:55:00-04:00,77.0,77.0,77.0,77.0,618,0.0,0.0
2024-05-28 09:30:00-04:00,77.5,77.5,77.5,77.5,876,0.0,0.0
2024-05-28 09:50:00-04:00,77.20240020751953,77.20240020751953,77.20240020751953,77.20240020751953,105,0.0,0.0
2024-05-28 09:55:00-04:00,77.00160217285156,77.00160217285156,77.00160217285156,77.00160217285156,315,0.0,0.0
2024-05-28 10:05:00-04:00,77.14299774169922,77.14299774169922,77.14299774169922,77.14299774169922,420,0.0,0.0
2024-05-28 10:40:00-04:00,76.79010009765625,76.79010009765625,76.79010009765625,76.79010009765625,582,0.0,0.0
2024-05-28 10:50:00-04:00,77.23999786376953,78.0,77.23999786376953,78.0,883,0.0,0.0
2024-05-28 11:20:00-04:00,77.31999969482422,77.31999969482422,77.31999969482422,77.31999969482422,218,0.0,0.0
2024-05-28 11:40:00-04:00,77.23999786376953,77.23999786376953,77.23999786376953,77.23999786376953,332,0.0,0.0
2024-05-28 12:05:00-04:00,77.2699966430664,77.2699966430664,77.2699966430664,77.2699966430664,946,0.0,0.0
2024-05-28 12:20:00-04:00,77.5,77.5,77.44999694824219,77.44999694824219,530,0.0,0.0
2024-05-28 12:25:00-04:00,77.9999008178711,77.9999008178711,77.9999008178711,77.9999008178711,395,0.0,0.0
2024-05-28 12:45:00-04:00,77.63469696044922,77.63469696044922,77.63469696044922,77.63469696044922,440,0.0,0.0
2024-05-28 13:40:00-04:00,77.41000366210938,77.41000366210938,77.41000366210938,77.41000366210938,1201,0.0,0.0
2024-05-28 14:45:00-04:00,77.11530303955078,77.11530303955078,77.11530303955078,77.11530303955078,691,0.0,0.0
2024-05-28 14:50:00-04:00,77.37999725341797,77.37999725341797,77.37999725341797,77.37999725341797,493,0.0,0.0
2024-05-28 14:55:00-04:00,77.19999694824219,77.19999694824219,77.19999694824219,77.19999694824219,724,0.0,0.0
2024-05-28 15:15:00-04:00,77.18000030517578,77.19000244140625,77.18000030517578,77.19000244140625,521,0.0,0.0
2024-05-28 15:40:00-04:00,77.0999984741211,77.12000274658203,77.0999984741211,77.12000274658203,569,0.0,0.0
2024-05-28 15:50:00-04:00,77.08999633789062,77.11000061035156,76.9000015258789,76.9000015258789,1591,0.0,0.0
2024-05-28 15:55:00-04:00,76.76000213623047,76.76000213623047,76.76000213623047,76.76000213623047,134,0.0,0.0
2024-05-29 09:30:00-04:00,75.62000274658203,75.62000274658203,75.62000274658203,75.62000274658203,954,0.0,0.0
2024-05-29 11:25:00-04:00,75.60009765625,75.60009765625,75.60009765625,75.60009765625,881,0.0,0.0
2024-05-29 12:25:00-04:00,76.69000244140625,76.69000244140625,76.69000244140625,76.69000244140625,1105,0.0,0.0
2024-05-29 13:25:00-04:00,76.08000183105469,76.08000183105469,76.08000183105469,76.08000183105469,259,0.0,0.0
2024-05-29 13:30:00-04:00,76.05500030517578,76.05500030517578,76.05500030517578,76.05500030517578,202,0.0,0.0
2024-05-29 13:35:00-04:00,75.73999786376953,75.73999786376953,75.73999786376953,75.73999786376953,115,0.0,0.0
2024-05-29 13:40:00-04:00,75.5,75.5,75.5,75.5,2174,0.0,0.0
2024-05-29 14:30:00-04:00,74.94000244140625,75.26000213623047,74.76499938964844,75.26000213623047,1522,0.0,0.0
2024-05-29 14:55:00-04:00,75.70999908447266,75.70999908447266,75.70999908447266,75.70999908447266,158,0.0,0.0
2024-05-29 15:05:00-04:00,75.68499755859375,75.68499755859375,75.68499755859375,75.68499755859375,358,0.0,0.0
2024-05-29 15:40:00-04:00,75.33000183105469,75.33000183105469,75.33000183105469,75.33000183105469,303,0.0,0.0
2024-05-29 15:50:00-04:00,75.33000183105469,75.54000091552734,75.33000183105469,75.54000091552734,269,0.0,0.0
2024-05-29 15:55:00-04:00,75.08999633789062,75.97000122070312,75.06999969482422,75.97000122070312,3255,0.0,0.0
2024-05-30 10:50:00-04:00,76.5999984741211,76.5999984741211,76.5999984741211,76.5999984741211,1089,0.0,0.0
2024-05-30 11:00:00-04:00,76.22779846191406,76.22779846191406,76.22779846191406,76.22779846191406,922,0.0,0.0
2024-05-30 12:05:00-04:00,76.81999969482422,76.81999969482422,76.81999969482422,76.81999969482422,184,0.0,0.0
2024-05-30 12:25:00-04:00,76.5999984741211,76.5999984741211,76.5999984741211,76.5999984741211,894,0.0,0.0
2024-05-30 12:55:00-04:00,76.58999633789062,76.58999633789062,76.58999633789062,76.58999633789062,175,0.0,0.0
2024-05-30 13:20:00-04:00,76.76000213623047,76.76000213623047,76.76000213623047,76.76000213623047,2013,0.0,0.0
2024-05-30 15:35:00-04:00,75.95999908447266,75.95999908447266,75.91000366210938,75.91000366210938,1602,0.0,0.0
2024-05-30 15:55:00-04:00,76.1500015258789,76.44000244140625,76.13999938964844,76.44000244140625,1470,0.0,0.0
2024-05-31 09:30:00-04:00,76.7699966430664,76.7699966430664,76.59619903564453,76.59619903564453,1743,0.0,0.0
2024-05-31 09:35:00-04:00,76.8949966430664,76.8949966430664,76.8949966430664,76.8949966430664,126,0.0,0.0
2024-05-31 09:40:00-04:00,75.35009765625,75.35009765625,75.35009765625,75.35009765625,962,0.0,0.0
2024-05-31 10:00:00-04:00,77.23899841308594,77.23899841308594,77.23899841308594,77.23899841308594,1102,0.0,0.0
2024-05-31 10:05:00-04:00,76.41799926757812,76.41799926757812,76.41799926757812,76.41799926757812,442,0.0,0.0
2024-05-31 10:20:00-04:00,77.2699966430664,77.2699966430664,77.2699966430664,77.2699966430664,452,0.0,0.0
2024-05-31 10:35:00-04:00,76.62999725341797,76.62999725341797,76.5,76.5,473,0.0,0.0
2024-05-31 10:50:00-04:00,76.5,76.76000213623047,76.5,76.76000213623047,518,0.0,0.0
2024-05-31 11:15:00-04:00,76.94000244140625,76.94000244140625,76.94000244140625,76.94000244140625,124,0.0,0.0
2024-05-31 11:20:00-04:00,77.06500244140625,77.06500244140625,77.06500244140625,77.06500244140625,244,0.0,0.0
2024-05-31 11:30:00-04:00,76.7750015258789,76.80000305175781,76.7750015258789,76.80000305175781,373,0.0,0.0
2024-05-31 11:45:00-04:00,77.12999725341797,77.58999633789062,77.12999725341797,77.58999633789062,577,0.0,0.0
2024-05-31 12:20:00-04:00,77.23999786376953,77.23999786376953,77.23999786376953,77.23999786376953,215,0.0,0.0
2024-05-31 12:25:00-04:00,77.23999786376953,77.23999786376953,77.23999786376953,77.23999786376953,419,0.0,0.0
2024-05-31 12:30:00-04:00,77.55000305175781,77.62000274658203,77.55000305175781,77.62000274658203,1852,0.0,0.0
2024-05-31 12:35:00-04:00,77.75,77.75,77.75,77.75,196,0.0,0.0
2024-05-31 13:00:00-04:00,77.7750015258789,77.7750015258789,77.23619842529297,77.23619842529297,900,0.0,0.0
2024-05-31 13:10:00-04:00,77.41069793701172,77.41069793701172,77.16999816894531,77.21890258789062,913,0.0,0.0
2024-05-31 13:25:00-04:00,77.66470336914062,77.66470336914062,77.66470336914062,77.66470336914062,277,0.0,0.0
2024-05-31 13:40:00-04:00,77.04000091552734,77.04000091552734,77.04000091552734,77.04000091552734,248,0.0,0.0
2024-05-31 14:00:00-04:00,76.91000366210938,76.91000366210938,76.87000274658203,76.87000274658203,308,0.0,0.0
2024-05-31 14:10:00-04:00,76.93000030517578,77.94999694824219,76.93000030517578,77.94999694824219,525,0.0,0.0
2024-05-31 14:25:00-04:00,77.1500015258789,77.1500015258789,77.1500015258789,77.1500015258789,405,0.0,0.0
2024-05-31 14:35:00-04:00,77.1500015258789,77.1500015258789,77.1500015258789,77.1500015258789,251,0.0,0.0
2024-05-31 14:45:00-04:00,77.47000122070312,77.47000122070312,77.47000122070312,77.47000122070312,161,0.0,0.0
2024-05-31 14:50:00-04:00,77.16999816894531,77.16999816894531,77.16999816894531,77.16999816894531,142,0.0,0.0
2024-05-31 15:00:00-04:00,77.1500015258789,77.1500015258789,77.0250015258789,77.0250015258789,994,0.0,0.0
2024-05-31 15:05:00-04:00,76.61000061035156,76.61000061035156,76.61000061035156,76.61000061035156,528,0.0,0.0
2024-05-31 15:15:00-04:00,77.19499969482422,77.19499969482422,77.19499969482422,77.19499969482422,143,0.0,0.0
2024-05-31 15:20:00-04:00,76.97000122070312,76.97000122070312,76.97000122070312,76.97000122070312,271,0.0,0.0
2024-05-31 15:25:00-04:00,77.44999694824219,77.44999694824219,77.05999755859375,77.05999755859375,930,0.0,0.0
2024-05-31 15:35:00-04:00,77.08000183105469,77.08000183105469,77.08000183105469,77.08000183105469,568,0.0,0.0
2024-05-31 15:40:00-04:00,76.87000274658203,76.87000274658203,76.87000274658203,76.87000274658203,108,0.0,0.0
2024-05-31 15:45:00-04:00,76.58999633789062,77.97000122070312,76.58999633789062,77.97000122070312,2495,0.0,0.0
2024-05-31 15:50:00-04:00,77.5,77.5,77.5,77.5,490,0.0,0.0
2024-05-31 15:55:00-04:00,77.21499633789062,77.5199966430664,77.19999694824219,77.5199966430664,765,0.0,0.0
2024-06-03 10:30:00-04:00,77.0979995727539,77.0979995727539,77.0979995727539,77.0979995727539,2020,0.0,0.0
2024-06-03 11:10:00-04:00,77.4800033569336,77.4800033569336,77.4800033569336,77.4800033569336,723,0.0,0.0
2024-06-03 12:40:00-04:00,77.81909942626953,77.81909942626953,77.81909942626953,77.81909942626953,679,0.0,0.0
2024-06-03 13:25:00-04:00,77.0,77.0,77.0,77.0,1619,0.0,0.0
2024-06-03 14:40:00-04:00,76.95999908447266,76.95999908447266,76.95999908447266,76.95999908447266,1088,0.0,0.0
2024-06-03 15:45:00-04:00,76.68499755859375,76.68499755859375,76.68499755859375,76.68499755859375,537,0.0,0.0
2024-06-03 15:50:00-04:00,77.25,77.25,77.25,77.25,403,0.0,0.0
2024-06-03 15:55:00-04:00,77.05500030517578,77.05500030517578,77.05500030517578,77.05500030517578,966,0.0,0.0
2024-06-04 10:40:00-04:00,76.30999755859375,76.30999755859375,76.30999755859375,76.30999755859375,1047,0.0,0.0
2024-06-04 11:20:00-04:00,75.70819854736328,75.70819854736328,75.70819854736328,75.70819854736328,345,0.0,0.0
2024-06-04 11:30:00-04:00,75.62999725341797,75.62999725341797,75.62999725341797,75.62999725341797,368,0.0,0.0
2024-06-04 12:35:00-04:00,76.05560302734375,76.66999816894531,76.05560302734375,76.6500015258789,3155,0.0,0.0
2024-06-04 12:50:00-04:00,77.12000274658203,77.12000274658203,77.12000274658203,77.12000274658203,691,0.0,0.0
2024-06-04 12:55:00-04:00,76.83000183105469,76.83000183105469,76.75,76.75,1437,0.0,0.0
2024-06-04 13:30:00-04:00,75.7300033569336,75.7300033569336,75.7300033569336,75.7300033569336,241,0.0,0.0
2024-06-04 13:55:00-04:00,75.98999786376953,75.98999786376953,75.98999786376953,75.98999786376953,683,0.0,0.0
2024-06-04 14:40:00-04:00,77.51000213623047,77.51000213623047,77.51000213623047,77.51000213623047,230,0.0,0.0
2024-06-04 14:50:00-04:00,77.4800033569336,77.4800033569336,77.4800033569336,77.4800033569336,400,0.0,0.0
2024-06-04 14:55:00-04:00,77.47000122070312,77.47000122070312,77.47000122070312,77.47000122070312,133,0.0,0.0
2024-06-04 15:00:00-04:00,76.46499633789062,76.46499633789062,76.46499633789062,76.46499633789062,1602,0.0,0.0
2024-06-04 15:45:00-04:00,76.55999755859375,76.55999755859375,76.55999755859375,76.55999755859375,1563,0.0,0.0
2024-06-04 15:55:00-04:00,76.66500091552734,76.66500091552734,75.50499725341797,75.51499938964844,7556,0.0,0.0
2024-06-05 10:00:00-04:00,76.4397964477539,76.4397964477539,76.4397964477539,76.4397964477539,641,0.0,0.0
2024-06-05 10:15:00-04:00,76.51000213623047,76.51000213623047,75.43000030517578,75.43000030517578,1388,0.0,0.0
2024-06-05 10:25:00-04:00,75.47059631347656,75.47059631347656,75.47059631347656,75.47059631347656,1710,0.0,0.0
2024-06-05 10:35:00-04:00,76.44999694824219,76.44999694824219,76.44999694824219,76.44999694824219,586,0.0,0.0
2024-06-05 11:00:00-04:00,75.56999969482422,75.56999969482422,75.56999969482422,75.56999969482422,524,0.0,0.0
2024-06-05 11:20:00-04:00,76.30030059814453,76.30030059814453,76.30030059814453,76.30030059814453,169,0.0,0.0
2024-06-05 11:40:00-04:00,76.73999786376953,76.73999786376953,76.73999786376953,76.73999786376953,638,0.0,0.0
2024-06-05 12:50:00-04:00,76.9800033569336,76.9800033569336,76.9800033569336,76.9800033569336,552,0.0,0.0
2024-06-05 13:20:00-04:00,77.08000183105469,77.08000183105469,77.08000183105469,77.08000183105469,992,0.0,0.0
2024-06-05 13:35:00-04:00,77.88999938964844,77.88999938964844,77.88999938964844,77.88999938964844,850,0.0,0.0
2024-06-05 14:10:00-04:00,77.64839935302734,77.64839935302734,77.64839935302734,77.64839935302734,1453,0.0,0.0
2024-06-05 15:20:00-04:00,78.05999755859375,78.05999755859375,78.05999755859375,78.05999755859375,1148,0.0,0.0
2024-06-05 15:35:00-04:00,77.55000305175781,78.12999725341797,77.55000305175781,78.12999725341797,2985,0.0,0.0
2024-06-05 15:45:00-04:00,77.47000122070312,77.47000122070312,77.47000122070312,77.47000122070312,129,0.0,0.0
2024-06-05 15:50:00-04:00,77.44000244140625,78.05999755859375,77.33000183105469,77.33000183105469,1552,0.0,0.0
2024-06-05 15:55:00-04:00,77.68000030517578,78.01000213623047,77.56999969482422,78.01000213623047,2300,0.0,0.0
2024-06-06 10:40:00-04:00,76.41809844970703,76.41809844970703,76.41809844970703,76.41809844970703,0,0.0,0.0
2024-06-06 12:40:00-04:00,76.42320251464844,76.42320251464844,76.42320251464844,76.42320251464844,1103,0.0,0.0
2024-06-06 14:40:00-04:00,77.060302734375,77.060302734375,77.060302734375,77.060302734375,338,0.0,0.0
2024-06-06 14:45:00-04:00,76.81999969482422,76.81999969482422,76.81999969482422,76.81999969482422,373,0.0,0.0
2024-06-06 15:05:00-04:00,77.05999755859375,77.05999755859375,77.05999755859375,77.05999755859375,1728,0.0,0.0
2024-06-06 15:35:00-04:00,76.88009643554688,76.88009643554688,76.88009643554688,76.88009643554688,2029,0.0,0.0
2024-06-07 10:30:00-04:00,77.06900024414062,77.06900024414062,77.06900024414062,77.06900024414062,1108,0.0,0.0
2024-06-07 11:30:00-04:00,76.44000244140625,76.44000244140625,76.44000244140625,76.44000244140625,804,0.0,0.0
2024-06-07 13:25:00-04:00,76.01499938964844,76.01499938964844,75.88999938964844,75.88999938964844,995,0.0,0.0
2024-06-07 14:35:00-04:00,75.74629974365234,75.74629974365234,75.74629974365234,75.74629974365234,523,0.0,0.0
2024-06-07 14:50:00-04:00,75.5,75.5,75.5,75.5,421,0.0,0.0
2024-06-07 15:05:00-04:00,76.13999938964844,76.13999938964844,76.13999938964844,76.13999938964844,208,0.0,0.0
2024-06-07 15:20:00-04:00,76.29000091552734,76.29000091552734,76.29000091552734,76.29000091552734,586,0.0,0.0
2024-06-07 15:40:00-04:00,76.30999755859375,76.30999755859375,76.30999755859375,76.30999755859375,274,0.0,0.0
2024-06-07 15:50:00-04:00,76.45500183105469,76.45500183105469,76.45500183105469,76.45500183105469,758,0.0,0.0
2024-06-10 09:30:00-04:00,76.29000091552734,76.29000091552734,76.29000091552734,76.29000091552734,902,0.0,0.0
2024-06-10 10:05:00-04:00,76.44000244140625,76.44000244140625,76.44000244140625,76.44000244140625,561,0.0,0.0
2024-06-10 10:10:00-04:00,76.30000305175781,76.30000305175781,76.30000305175781,76.30000305175781,992,0.0,0.0
2024-06-10 11:50:00-04:00,76.0,76.0,76.0,76.0,899,0.0,0.0
2024-06-10 12:05:00-04:00,75.77999877929688,75.77999877929688,75.77999877929688,75.77999877929688,873,0.0,0.0
2024-06-10 14:10:00-04:00,75.41010284423828,75.41010284423828,75.41010284423828,75.41010284423828,921,0.0,0.0
2024-06-10 14:20:00-04:00,75.87999725341797,75.87999725341797,75.86000061035156,75.86000061035156,840,0.0,0.0
2024-06-10 14:35:00-04:00,75.66000366210938,75.66000366210938,75.66000366210938,75.66000366210938,390,0.0,0.0
2024-06-10 14:45:00-04:00,76.12000274658203,76.12000274658203,76.12000274658203,76.12000274658203,604,0.0,0.0
2024-06-10 15:00:00-04:00,75.72000122070312,75.72000122070312,75.72000122070312,75.72000122070312,892,0.0,0.0
2024-06-10 15:30:00-04:00,76.41000366210938,76.41000366210938,76.41000366210938,76.41000366210938,416,0.0,0.0
2024-06-10 15:50:00-04:00,76.7699966430664,76.7699966430664,76.7699966430664,76.7699966430664,749,0.0,0.0
2024-06-10 15:55:00-04:00,76.69000244140625,76.69000244140625,76.69000244140625,76.69000244140625,300,0.0,0.0
2024-06-11 09:45:00-04:00,75.6906967163086,75.6906967163086,75.6906967163086,75.6906967163086,575,0.0,0.0
2024-06-11 10:35:00-04:00,75.62000274658203,75.62000274658203,75.62000274658203,75.62000274658203,336,0.0,0.0
2024-06-11 11:20:00-04:00,76.52999877929688,76.52999877929688,76.52999877929688,76.52999877929688,685,0.0,0.0
2024-06-11 12:15:00-04:00,76.73999786376953,77.08000183105469,76.73999786376953,77.08000183105469,488,0.0,0.0
2024-06-11 12:20:00-04:00,77.41999816894531,77.41999816894531,77.41999816894531,77.41999816894531,2139,0.0,0.0
2024-06-11 13:25:00-04:00,77.19999694824219,77.19999694824219,77.19999694824219,77.19999694824219,303,0.0,0.0
2024-06-11 13:35:00-04:00,77.16000366210938,77.16000366210938,77.16000366210938,77.16000366210938,1096,0.0,0.0
2024-06-11 15:10:00-04:00,77.05000305175781,77.05000305175781,77.05000305175781,77.05000305175781,904,0.0,0.0
2024-06-11 15:25:00-04:00,76.91000366210938,76.91000366210938,76.91000366210938,76.91000366210938,1028,0.0,0.0
2024-06-11 15:55:00-04:00,77.51000213623047,77.51000213623047,77.30000305175781,77.30000305175781,489,0.0,0.0
2024-06-12 09:35:00-04:00,78.29499816894531,78.29499816894531,78.29499816894531,78.29499816894531,714,0.0,0.0
2024-06-12 09:50:00-04:00,78.98370361328125,78.98370361328125,78.98370361328125,78.98370361328125,166,0.0,0.0
2024-06-12 10:05:00-04:00,77.7300033569336,77.7300033569336,77.6500015258789,77.6500015258789,563,0.0,0.0
2024-06-12 10:10:00-04:00,78.5,78.58999633789062,77.63999938964844,78.58999633789062,4766,0.0,0.0
2024-06-12 10:20:00-04:00,77.76000213623047,77.76000213623047,77.76000213623047,77.76000213623047,1105,0.0,0.0
2024-06-12 11:30:00-04:00,78.58000183105469,78.72000122070312,78.58000183105469,78.72000122070312,724,0.0,0.0
2024-06-12 11:35:00-04:00,78.84809875488281,78.84809875488281,78.84809875488281,78.84809875488281,390,0.0,0.0
2024-06-12 11:40:00-04:00,79.1675033569336,79.19999694824219,79.1675033569336,79.19999694824219,698,0.0,0.0
2024-06-12 12:20:00-04:00,79.52999877929688,79.52999877929688,79.5199966430664,79.5199966430664,641,0.0,0.0
2024-06-12 13:15:00-04:00,78.3499984741211,78.3499984741211,78.3499984741211,78.3499984741211,279,0.0,0.0
2024-06-12 14:00:00-04:00,79.29000091552734,79.29000091552734,79.29000091552734,79.29000091552734,399,0.0,0.0
2024-06-12 14:35:00-04:00,79.37999725341797,79.37999725341797,79.37999725341797,79.37999725341797,609,0.0,0.0
2024-06-12 15:00:00-04:00,78.9000015258789,78.9000015258789,78.9000015258789,78.9000015258789,469,0.0,0.0
2024-06-12 15:15:00-04:00,79.55999755859375,79.55999755859375,79.55999755859375,79.55999755859375,1215,0.0,0.0
2024-06-12 15:45:00-04:00,79.20500183105469,79.20500183105469,79.20500183105469,79.20500183105469,220,0.0,0.0
2024-06-12 15:50:00-04:00,79.25,79.25,79.25,79.25,862,0.0,0.0
2024-06-13 09:30:00-04:00,78.11360168457031,78.11360168457031,78.11360168457031,78.11360168457031,1317,0.0,0.0
2024-06-13 10:50:00-04:00,77.36000061035156,77.36000061035156,77.36000061035156,77.36000061035156,485,0.0,0.0
2024-06-13 11:10:00-04:00,76.76000213623047,76.77999877929688,76.76000213623047,76.77999877929688,932,0.0,0.0
2024-06-13 11:50:00-04:00,76.80000305175781,76.80000305175781,76.80000305175781,76.80000305175781,744,0.0,0.0
2024-06-13 12:25:00-04:00,76.0,76.0,76.0,76.0,400,0.0,0.0
2024-06-13 12:35:00-04:00,75.72000122070312,75.7394027709961,75.72000122070312,75.7394027709961,703,0.0,0.0
2024-06-13 12:45:00-04:00,75.1500015258789,75.1500015258789,75.1500015258789,75.1500015258789,1911,0.0,0.0
2024-06-13 15:30:00-04:00,75.76000213623047,75.76000213623047,75.76000213623047,75.76000213623047,1264,0.0,0.0
2024-06-13 15:55:00-04:00,76.06999969482422,76.06999969482422,76.06999969482422,76.06999969482422,648,0.0,0.0
2024-06-14 09:30:00-04:00,75.9800033569336,75.9800033569336,75.9800033569336,75.9800033569336,798,0.0,0.0
2024-06-14 10:15:00-04:00,75.94000244140625,75.94000244140625,75.94000244140625,75.94000244140625,537,0.0,0.0
2024-06-14 10:50:00-04:00,74.68000030517578,74.68000030517578,74.68000030517578,74.68000030517578,898,0.0,0.0
2024-06-14 11:40:00-04:00,74.75,74.75,74.75,74.75,729,0.0,0.0
2024-06-14 13:10:00-04:00,75.33560180664062,75.33560180664062,75.33560180664062,75.33560180664062,638,0.0,0.0
2024-06-14 13:55:00-04:00,75.60189819335938,75.60189819335938,75.60189819335938,75.60189819335938,816,0.0,0.0
2024-06-14 15:00:00-04:00,75.5071029663086,75.5071029663086,75.5071029663086,75.5071029663086,109,0.0,0.0
2024-06-14 15:05:00-04:00,75.55500030517578,75.55500030517578,75.36000061035156,75.36000061035156,2073,0.0,0.0
2024-06-14 15:55:00-04:00,75.28500366210938,75.28500366210938,75.28500366210938,75.28500366210938,157,0.0,0.0
2024-06-17 09:30:00-04:00,75.0,75.0,75.0,75.0,475,0.0,0.0
2024-06-17 09:35:00-04:00,75.88500213623047,75.88500213623047,75.88500213623047,75.88500213623047,491,0.0,0.0
2024-06-17 09:55:00-04:00,74.76010131835938,74.76010131835938,74.76010131835938,74.76010131835938,426,0.0,0.0
2024-06-17 10:05:00-04:00,74.76000213623047,74.76000213623047,74.76000213623047,74.76000213623047,195,0.0,0.0
2024-06-17 10:10:00-04:00,75.89990234375,75.89990234375,75.89990234375,75.89990234375,173,0.0,0.0
2024-06-17 10:25:00-04:00,74.86000061035156,74.86000061035156,73.98999786376953,74.31999969482422,3372,0.0,0.0
2024-06-17 11:25:00-04:00,73.44999694824219,73.44999694824219,73.44999694824219,73.44999694824219,256,0.0,0.0
2024-06-17 11:30:00-04:00,73.08000183105469,73.08000183105469,73.08000183105469,73.08000183105469,546,0.0,0.0
2024-06-17 12:05:00-04:00,73.4000015258789,73.4000015258789,73.4000015258789,73.4000015258789,841,0.0,0.0
2024-06-17 12:15:00-04:00,73.4000015258789,73.4000015258789,73.4000015258789,73.4000015258789,1940,0.0,0.0
2024-06-17 13:10:00-04:00,73.01000213623047,73.01000213623047,73.01000213623047,73.01000213623047,471,0.0,0.0
2024-06-17 13:25:00-04:00,72.91000366210938,72.91000366210938,72.91000366210938,72.91000366210938,382,0.0,0.0
2024-06-17 13:30:00-04:00,72.70099639892578,72.94499969482422,72.70099639892578,72.94499969482422,724,0.0,0.0
2024-06-17 13:35:00-04:00,73.0,73.0,73.0,73.0,1683,0.0,0.0
2024-06-17 14:40:00-04:00,72.27999877929688,72.27999877929688,72.27999877929688,72.27999877929688,600,0.0,0.0
2024-06-17 15:00:00-04:00,72.4800033569336,72.4800033569336,72.4800033569336,72.4800033569336,1104,0.0,0.0
2024-06-17 15:30:00-04:00,72.95500183105469,72.95500183105469,72.95500183105469,72.95500183105469,794,0.0,0.0
2024-06-17 15:50:00-04:00,73.0,73.0,72.3499984741211,72.70999908447266,2241,0.0,0.0
2024-06-17 15:55:00-04:00,73.0,73.0,72.33000183105469,72.33000183105469,1391,0.0,0.0
2024-06-18 09:50:00-04:00,73.0199966430664,73.0199966430664,73.0199966430664,73.0199966430664,1026,0.0,0.0
2024-06-18 09:55:00-04:00,73.0,73.0,73.0,73.0,104,0.0,0.0
2024-06-18 10:00:00-04:00,73.0,73.0,73.0,73.0,666,0.0,0.0
2024-06-18 10:05:00-04:00,72.63999938964844,72.63999938964844,72.5,72.5,308,0.0,0.0
2024-06-18 10:10:00-04:00,72.55000305175781,72.55000305175781,72.55000305175781,72.55000305175781,259,0.0,0.0
2024-06-18 10:15:00-04:00,73.0,73.0,73.0,73.0,657,0.0,0.0
2024-06-18 10:20:00-04:00,72.5,72.5,72.5,72.5,1032,0.0,0.0
2024-06-18 11:05:00-04:00,72.72000122070312,72.72000122070312,72.72000122070312,72.72000122070312,341,0.0,0.0
2024-06-18 11:10:00-04:00,72.72000122070312,72.83000183105469,72.72000122070312,72.83000183105469,1523,0.0,0.0
2024-06-18 11:40:00-04:00,72.72000122070312,72.72000122070312,72.72000122070312,72.72000122070312,1354,0.0,0.0
2024-06-18 12:00:00-04:00,72.54000091552734,72.54000091552734,72.54000091552734,72.54000091552734,818,0.0,0.0
2024-06-18 12:30:00-04:00,72.61000061035156,72.61000061035156,72.61000061035156,72.61000061035156,2138,0.0,0.0
2024-06-18 13:00:00-04:00,71.31999969482422,71.41999816894531,71.31999969482422,71.41999816894531,530,0.0,0.0
2024-06-18 13:15:00-04:00,71.30999755859375,71.30999755859375,71.30999755859375,71.30999755859375,583,0.0,0.0
2024-06-18 13:35:00-04:00,71.2699966430664,71.2699966430664,71.2699966430664,71.2699966430664,201,0.0,0.0
2024-06-18 13:40:00-04:00,71.77249908447266,71.77249908447266,71.77249908447266,71.77249908447266,444,0.0,0.0
2024-06-18 13:50:00-04:00,71.19999694824219,71.19999694824219,71.19999694824219,71.19999694824219,464,0.0,0.0
2024-06-18 13:55:00-04:00,71.25,71.38999938964844,71.25,71.38999938964844,590,0.0,0.0
2024-06-18 14:00:00-04:00,71.24500274658203,71.24500274658203,71.24500274658203,71.24500274658203,101,0.0,0.0
2024-06-18 14:05:00-04:00,71.58999633789062,71.58999633789062,71.58999633789062,71.58999633789062,417,0.0,0.0
2024-06-18 14:30:00-04:00,71.41000366210938,71.41999816894531,71.41000366210938,71.41999816894531,372,0.0,0.0
2024-06-18 14:35:00-04:00,71.8499984741211,72.05999755859375,71.8499984741211,72.05999755859375,881,0.0,0.0
2024-06-18 14:50:00-04:00,72.19499969482422,72.19499969482422,72.19499969482422,72.19499969482422,425,0.0,0.0
2024-06-18 15:00:00-04:00,72.0999984741211,72.0999984741211,72.0999984741211,72.0999984741211,634,0.0,0.0
2024-06-18 15:05:00-04:00,71.51000213623047,71.51000213623047,71.51000213623047,71.51000213623047,195,0.0,0.0
2024-06-18 15:15:00-04:00,71.43000030517578,71.44999694824219,71.43000030517578,71.44999694824219,341,0.0,0.0
2024-06-18 15:20:00-04:00,71.456298828125,71.456298828125,71.456298828125,71.456298828125,536,0.0,0.0
2024-06-18 15:30:00-04:00,71.6500015258789,71.6500015258789,71.45999908447266,71.45999908447266,763,0.0,0.0
2024-06-18 15:35:00-04:00,71.63999938964844,71.63999938964844,71.63999938964844,71.63999938964844,250,0.0,0.0
2024-06-18 15:40:00-04:00,71.44999694824219,71.73999786376953,71.44999694824219,71.73999786376953,1675,0.0,0.0
2024-06-18 15:50:00-04:00,72.13999938964844,72.3499984741211,72.13999938964844,72.3499984741211,1418,0.0,0.0
2024-06-18 15:55:00-04:00,72.4000015258789,72.4000015258789,71.80000305175781,72.33000183105469,2106,0.0,0.0
2024-06-20 09:30:00-04:00,71.69999694824219,72.43000030517578,71.69999694824219,72.43000030517578,1179,0.0,0.0
2024-06-20 09:50:00-04:00,71.7249984741211,71.7249984741211,71.7249984741211,71.7249984741211,240,0.0,0.0
2024-06-20 09:55:00-04:00,72.0,72.0,72.0,72.0,851,0.0,0.0
2024-06-20 10:05:00-04:00,72.0,72.0,72.0,72.0,554,0.0,0.0
2024-06-20 10:20:00-04:00,72.0,72.0,71.94000244140625,71.98999786376953,550,0.0,0.0
2024-06-20 10:25:00-04:00,71.75,71.75,70.5999984741211,71.45999908447266,10879,0.0,0.0
2024-06-20 10:30:00-04:00,71.19999694824219,71.4000015258789,71.19999694824219,71.19999694824219,1288,0.0,0.0
2024-06-20 10:50:00-04:00,71.53500366210938,71.53500366210938,71.53500366210938,71.53500366210938,246,0.0,0.0
2024-06-20 11:10:00-04:00,71.7300033569336,71.7300033569336,71.7300033569336,71.7300033569336,310,0.0,0.0
2024-06-20 11:40:00-04:00,71.78500366210938,71.78500366210938,71.78500366210938,71.78500366210938,432,0.0,0.0
2024-06-20 11:55:00-04:00,71.31999969482422,71.31999969482422,71.06999969482422,71.06999969482422,1447,0.0,0.0
2024-06-20 12:00:00-04:00,71.1500015258789,71.1500015258789,71.1500015258789,71.1500015258789,1331,0.0,0.0
2024-06-20 13:00:00-04:00,71.00499725341797,71.00499725341797,71.00499725341797,71.00499725341797,398,0.0,0.0
2024-06-20 13:20:00-04:00,71.0,71.0,71.0,71.0,171,0.0,0.0
2024-06-20 13:25:00-04:00,70.9375,70.9375,70.9375,70.9375,336,0.0,0.0
2024-06-20 13:30:00-04:00,71.0250015258789,71.0250015258789,71.0250015258789,71.0250015258789,247,0.0,0.0
2024-06-20 13:45:00-04:00,71.21499633789062,71.38999938964844,71.21499633789062,71.38999938964844,639,0.0,0.0
2024-06-20 13:50:00-04:00,71.0,71.0,71.0,71.0,841,0.0,0.0
2024-06-20 14:25:00-04:00,71.19999694824219,71.19999694824219,71.19999694824219,71.19999694824219,422,0.0,0.0
2024-06-20 14:50:00-04:00,71.1500015258789,71.1500015258789,71.1500015258789,71.1500015258789,2263,0.0,0.0
2024-06-20 15:40:00-04:00,71.18000030517578,71.18000030517578,70.75,70.75,1030,0.0,0.0
2024-06-20 15:45:00-04:00,70.75,70.75,70.75,70.75,580,0.0,0.0
2024-06-20 15:55:00-04:00,70.81999969482422,70.98999786376953,70.81999969482422,70.98999786376953,1274,0.0,0.0
2024-06-21 09:30:00-04:00,70.62999725341797,70.62999725341797,70.62999725341797,70.62999725341797,7537,0.0,0.0
2024-06-21 09:50:00-04:00,70.86000061035156,70.86000061035156,70.86000061035156,70.86000061035156,248,0.0,0.0
2024-06-21 10:20:00-04:00,71.0999984741211,71.0999984741211,71.0999984741211,71.0999984741211,169,0.0,0.0
2024-06-21 10:35:00-04:00,70.62999725341797,70.62999725341797,70.62999725341797,70.62999725341797,451,0.0,0.0
2024-06-21 10:40:00-04:00,70.62000274658203,70.62000274658203,70.62000274658203,70.62000274658203,475,0.0,0.0
2024-06-21 11:10:00-04:00,70.45999908447266,70.45999908447266,70.19999694824219,70.19999694824219,590,0.0,0.0
2024-06-21 11:45:00-04:00,70.30000305175781,70.49500274658203,70.30000305175781,70.49500274658203,281,0.0,0.0
2024-06-21 11:50:00-04:00,70.63999938964844,70.63999938964844,70.63999938964844,70.63999938964844,576,0.0,0.0
2024-06-21 12:40:00-04:00,70.26000213623047,70.93000030517578,70.26000213623047,70.93000030517578,1220,0.0,0.0
2024-06-21 13:25:00-04:00,70.99749755859375,70.99749755859375,70.99749755859375,70.99749755859375,559,0.0,0.0
2024-06-21 13:30:00-04:00,71.05999755859375,71.72000122070312,71.05999755859375,71.30500030517578,1545,0.0,0.0
2024-06-21 14:05:00-04:00,71.90499877929688,71.90499877929688,71.5199966430664,71.5199966430664,655,0.0,0.0
2024-06-21 14:10:00-04:00,71.33999633789062,71.5,71.33999633789062,71.5,1082,0.0,0.0
2024-06-21 14:15:00-04:00,71.5,71.5,71.48999786376953,71.48999786376953,757,0.0,0.0
2024-06-21 14:30:00-04:00,71.75499725341797,71.75499725341797,71.75499725341797,71.75499725341797,1698,0.0,0.0
2024-06-21 15:35:00-04:00,71.76000213623047,71.76000213623047,71.75,71.75,960,0.0,0.0
2024-06-21 15:50:00-04:00,71.62999725341797,71.62999725341797,71.19000244140625,71.19000244140625,2779,0.0,0.0
2024-06-21 15:55:00-04:00,71.2300033569336,71.66000366210938,71.2300033569336,71.44000244140625,2391,0.0,0.0
