Datetime,Open,High,Low,Close,Volume,Dividends,Stock Splits
2024-05-23 09:30:00-04:00,13.5,13.5600004196167,13.484999656677246,13.505000114440918,0,0.0,0.0
2024-05-23 09:35:00-04:00,13.460000038146973,13.460000038146973,13.399999618530273,13.399999618530273,6538,0.0,0.0
2024-05-23 09:40:00-04:00,13.399999618530273,13.399999618530273,13.399999618530273,13.399999618530273,630,0.0,0.0
2024-05-23 09:45:00-04:00,13.380000114440918,13.380000114440918,13.369999885559082,13.369999885559082,336,0.0,0.0
2024-05-23 09:50:00-04:00,13.329999923706055,13.329999923706055,13.329999923706055,13.329999923706055,647,0.0,0.0
2024-05-23 09:55:00-04:00,13.3100004196167,13.34000015258789,13.3100004196167,13.34000015258789,1613,0.0,0.0
2024-05-23 10:05:00-04:00,13.319999694824219,13.319999694824219,13.229999542236328,13.229999542236328,11092,0.0,0.0
2024-05-23 10:10:00-04:00,13.25,13.25,13.220000267028809,13.25,3616,0.0,0.0
2024-05-23 10:15:00-04:00,13.229999542236328,13.25,13.1899995803833,13.199999809265137,3906,0.0,0.0
2024-05-23 10:20:00-04:00,13.175000190734863,13.1899995803833,13.175000190734863,13.1899995803833,1314,0.0,0.0
2024-05-23 10:25:00-04:00,13.199999809265137,13.25,13.199999809265137,13.225000381469727,7929,0.0,0.0
2024-05-23 10:30:00-04:00,13.229900360107422,13.229900360107422,13.220000267028809,13.220000267028809,1024,0.0,0.0
2024-05-23 10:35:00-04:00,13.21500015258789,13.239999771118164,13.210000038146973,13.239999771118164,1791,0.0,0.0
2024-05-23 10:40:00-04:00,13.234999656677246,13.25,13.220000267028809,13.220000267028809,4966,0.0,0.0
2024-05-23 10:45:00-04:00,13.21500015258789,13.21500015258789,13.199999809265137,13.204999923706055,1651,0.0,0.0
2024-05-23 10:50:00-04:00,13.199999809265137,13.199999809265137,13.1899995803833,13.1899995803833,1672,0.0,0.0
2024-05-23 10:55:00-04:00,13.149999618530273,13.149999618530273,13.149999618530273,13.149999618530273,639,0.0,0.0
2024-05-23 11:00:00-04:00,13.119999885559082,13.149999618530273,13.100000381469727,13.149999618530273,4590,0.0,0.0
2024-05-23 11:05:00-04:00,13.130000114440918,13.180000305175781,13.039999961853027,13.180000305175781,21123,0.0,0.0
2024-05-23 11:10:00-04:00,13.180000305175781,13.1899995803833,13.15999984741211,13.15999984741211,2586,0.0,0.0
2024-05-23 11:15:00-04:00,13.159899711608887,13.175000190734863,13.159899711608887,13.175000190734863,3416,0.0,0.0
2024-05-23 11:20:00-04:00,13.140000343322754,13.140000343322754,13.09000015258789,13.09000015258789,1338,0.0,0.0
2024-05-23 11:25:00-04:00,13.0649995803833,13.069999694824219,13.039999961853027,13.039999961853027,1785,0.0,0.0
2024-05-23 11:30:00-04:00,13.010000228881836,13.029999732971191,13.0,13.0,16870,0.0,0.0
2024-05-23 11:35:00-04:00,12.979999542236328,12.979999542236328,12.954999923706055,12.954999923706055,2255,0.0,0.0
2024-05-23 11:40:00-04:00,12.949999809265137,12.949999809265137,12.949999809265137,12.949999809265137,728,0.0,0.0
2024-05-23 11:45:00-04:00,12.954999923706055,12.960000038146973,12.949999809265137,12.949999809265137,3142,0.0,0.0
2024-05-23 11:55:00-04:00,12.949999809265137,13.029999732971191,12.949999809265137,12.989999771118164,7271,0.0,0.0
2024-05-23 12:00:00-04:00,12.989999771118164,13.0,12.989999771118164,13.0,1847,0.0,0.0
2024-05-23 12:05:00-04:00,13.0,13.0,12.960000038146973,12.979999542236328,4735,0.0,0.0
2024-05-23 12:10:00-04:00,12.96500015258789,12.970000267028809,12.9399995803833,12.966899871826172,2812,0.0,0.0
2024-05-23 12:15:00-04:00,12.925000190734863,12.925000190734863,12.890000343322754,12.890000343322754,5887,0.0,0.0
2024-05-23 12:20:00-04:00,12.899999618530273,12.95989990234375,12.899999618530273,12.9399995803833,10628,0.0,0.0
2024-05-23 12:25:00-04:00,12.944999694824219,12.979999542236328,12.9399995803833,12.970000267028809,5278,0.0,0.0
2024-05-23 12:30:00-04:00,12.989999771118164,12.989999771118164,12.975000381469727,12.979999542236328,2086,0.0,0.0
2024-05-23 12:35:00-04:00,12.970000267028809,13.079999923706055,12.969499588012695,12.989999771118164,7775,0.0,0.0
2024-05-23 12:40:00-04:00,13.010000228881836,13.010000228881836,13.0,13.0,2185,0.0,0.0
2024-05-23 12:45:00-04:00,13.020000457763672,13.100000381469727,13.020000457763672,13.100000381469727,6368,0.0,0.0
2024-05-23 12:50:00-04:00,13.109999656677246,13.109999656677246,13.0,13.005000114440918,18742,0.0,0.0
2024-05-23 12:55:00-04:00,12.994999885559082,12.994999885559082,12.984999656677246,12.994999885559082,1227,0.0,0.0
2024-05-23 13:00:00-04:00,12.989999771118164,12.989999771118164,12.970000267028809,12.970000267028809,6406,0.0,0.0
2024-05-23 13:05:00-04:00,12.9399995803833,12.9399995803833,12.920000076293945,12.920000076293945,920,0.0,0.0
2024-05-23 13:10:00-04:00,12.9399995803833,12.9399995803833,12.9399995803833,12.9399995803833,2235,0.0,0.0
2024-05-23 13:15:00-04:00,12.970000267028809,12.970000267028809,12.970000267028809,12.970000267028809,1509,0.0,0.0
2024-05-23 13:20:00-04:00,12.979999542236328,12.979999542236328,12.979999542236328,12.979999542236328,957,0.0,0.0
2024-05-23 13:25:00-04:00,12.98009967803955,13.005999565124512,12.970999717712402,13.005999565124512,4145,0.0,0.0
2024-05-23 13:30:00-04:00,13.0024995803833,13.0024995803833,12.970000267028809,12.970000267028809,1998,0.0,0.0
2024-05-23 13:35:00-04:00,12.920000076293945,12.920000076293945,12.920000076293945,12.920000076293945,144,0.0,0.0
2024-05-23 13:40:00-04:00,12.899999618530273,12.899999618530273,12.890000343322754,12.890000343322754,1589,0.0,0.0
2024-05-23 13:45:00-04:00,12.899999618530273,12.970000267028809,12.899999618530273,12.970000267028809,2392,0.0,0.0
2024-05-23 13:50:00-04:00,12.979999542236328,12.986700057983398,12.880000114440918,12.880000114440918,16510,0.0,0.0
2024-05-23 14:00:00-04:00,12.838700294494629,12.84000015258789,12.824999809265137,12.839900016784668,1783,0.0,0.0
2024-05-23 14:05:00-04:00,12.8100004196167,12.8100004196167,12.8100004196167,12.8100004196167,564,0.0,0.0
2024-05-23 14:10:00-04:00,12.819999694824219,12.819999694824219,12.819999694824219,12.819999694824219,752,0.0,0.0
2024-05-23 14:15:00-04:00,12.8100004196167,12.8100004196167,12.800000190734863,12.800000190734863,1623,0.0,0.0
2024-05-23 14:20:00-04:00,12.770000457763672,12.770000457763672,12.770000457763672,12.770000457763672,3212,0.0,0.0
2024-05-23 14:25:00-04:00,12.779999732971191,12.789999961853027,12.76609992980957,12.779899597167969,3231,0.0,0.0
2024-05-23 14:30:00-04:00,12.768500328063965,12.768500328063965,12.768500328063965,12.768500328063965,607,0.0,0.0
2024-05-23 14:35:00-04:00,12.760000228881836,12.789999961853027,12.75,12.789999961853027,8054,0.0,0.0
2024-05-23 14:45:00-04:00,12.800000190734863,12.8100004196167,12.795000076293945,12.8100004196167,3942,0.0,0.0
2024-05-23 14:50:00-04:00,12.800000190734863,12.890000343322754,12.800000190734863,12.84000015258789,9211,0.0,0.0
2024-05-23 14:55:00-04:00,12.8100004196167,12.8100004196167,12.760000228881836,12.760000228881836,1501,0.0,0.0
2024-05-23 15:00:00-04:00,12.760000228881836,12.760000228881836,12.739999771118164,12.760000228881836,1808,0.0,0.0
2024-05-23 15:05:00-04:00,12.770000457763672,12.800000190734863,12.770000457763672,12.800000190734863,3175,0.0,0.0
2024-05-23 15:10:00-04:00,12.800000190734863,12.818699836730957,12.800000190734863,12.818699836730957,2661,0.0,0.0
2024-05-23 15:15:00-04:00,12.792900085449219,12.792900085449219,12.792900085449219,12.792900085449219,1765,0.0,0.0
2024-05-23 15:20:00-04:00,12.800000190734863,12.8100004196167,12.800000190734863,12.8100004196167,1314,0.0,0.0
2024-05-23 15:25:00-04:00,12.819999694824219,12.829999923706055,12.8100004196167,12.810999870300293,2546,0.0,0.0
2024-05-23 15:30:00-04:00,12.818499565124512,12.819999694824219,12.75,12.760000228881836,9071,0.0,0.0
2024-05-23 15:35:00-04:00,12.760000228881836,12.770000457763672,12.729999542236328,12.760000228881836,5657,0.0,0.0
2024-05-23 15:40:00-04:00,12.729999542236328,12.739999771118164,12.649999618530273,12.6899995803833,52021,0.0,0.0
2024-05-23 15:45:00-04:00,12.670000076293945,12.680000305175781,12.539999961853027,12.550000190734863,39847,0.0,0.0
2024-05-23 15:50:00-04:00,12.545000076293945,12.5600004196167,12.470000267028809,12.494999885559082,67889,0.0,0.0
2024-05-23 15:55:00-04:00,12.5,12.550000190734863,12.489999771118164,12.541000366210938,107289,0.0,0.0
2024-05-24 09:30:00-04:00,12.680000305175781,12.710000038146973,12.579999923706055,12.614999771118164,11345,0.0,0.0
2024-05-24 09:35:00-04:00,12.630000114440918,12.640000343322754,12.600000381469727,12.640000343322754,5041,0.0,0.0
2024-05-24 09:40:00-04:00,12.670000076293945,12.670000076293945,12.59000015258789,12.604999542236328,3440,0.0,0.0
2024-05-24 09:45:00-04:00,12.579999923706055,12.579999923706055,12.520000457763672,12.520000457763672,5422,0.0,0.0
2024-05-24 09:50:00-04:00,12.520000457763672,12.529999732971191,12.520000457763672,12.520000457763672,1505,0.0,0.0
2024-05-24 09:55:00-04:00,12.529999732971191,12.529999732971191,12.460000038146973,12.460000038146973,4301,0.0,0.0
2024-05-24 10:00:00-04:00,12.479999542236328,12.550000190734863,12.479999542236328,12.550000190734863,1557,0.0,0.0
2024-05-24 10:05:00-04:00,12.5600004196167,12.5600004196167,12.529999732971191,12.529999732971191,853,0.0,0.0
2024-05-24 10:10:00-04:00,12.524999618530273,12.524999618530273,12.4399995803833,12.449999809265137,6114,0.0,0.0
2024-05-24 10:15:00-04:00,12.430000305175781,12.430000305175781,12.390000343322754,12.390000343322754,2976,0.0,0.0
2024-05-24 10:20:00-04:00,12.40999984741211,12.420000076293945,12.399999618530273,12.399999618530273,2280,0.0,0.0
2024-05-24 10:25:00-04:00,12.40999984741211,12.489999771118164,12.40999984741211,12.470000267028809,4967,0.0,0.0
2024-05-24 10:30:00-04:00,12.496000289916992,12.496000289916992,12.449999809265137,12.449999809265137,2116,0.0,0.0
2024-05-24 10:35:00-04:00,12.470000267028809,12.520000457763672,12.470000267028809,12.484999656677246,2082,0.0,0.0
2024-05-24 10:40:00-04:00,12.53380012512207,12.53380012512207,12.460000038146973,12.460000038146973,1951,0.0,0.0
2024-05-24 10:45:00-04:00,12.449999809265137,12.458000183105469,12.430000305175781,12.458000183105469,2277,0.0,0.0
2024-05-24 10:50:00-04:00,12.460000038146973,12.460000038146973,12.460000038146973,12.460000038146973,654,0.0,0.0
2024-05-24 10:55:00-04:00,12.460000038146973,12.579999923706055,12.449999809265137,12.550000190734863,8181,0.0,0.0
2024-05-24 11:00:00-04:00,12.569999694824219,12.619999885559082,12.569999694824219,12.619999885559082,2310,0.0,0.0
2024-05-24 11:05:00-04:00,12.59000015258789,12.59000015258789,12.489999771118164,12.489999771118164,6369,0.0,0.0
2024-05-24 11:10:00-04:00,12.484999656677246,12.510000228881836,12.484999656677246,12.510000228881836,1853,0.0,0.0
2024-05-24 11:20:00-04:00,12.529999732971191,12.529999732971191,12.5,12.5,2971,0.0,0.0
2024-05-24 11:25:00-04:00,12.505000114440918,12.520000457763672,12.505000114440918,12.520000457763672,2269,0.0,0.0
2024-05-24 11:30:00-04:00,12.510000228881836,12.53849983215332,12.5,12.53849983215332,4363,0.0,0.0
2024-05-24 11:35:00-04:00,12.510000228881836,12.510000228881836,12.510000228881836,12.510000228881836,644,0.0,0.0
2024-05-24 11:40:00-04:00,12.510000228881836,12.510000228881836,12.460000038146973,12.460000038146973,3184,0.0,0.0
2024-05-24 11:50:00-04:00,12.420000076293945,12.420000076293945,12.420000076293945,12.420000076293945,436,0.0,0.0
2024-05-24 11:55:00-04:00,12.420000076293945,12.420000076293945,12.420000076293945,12.420000076293945,389,0.0,0.0
2024-05-24 12:00:00-04:00,12.420000076293945,12.430000305175781,12.420000076293945,12.430000305175781,1942,0.0,0.0
2024-05-24 12:05:00-04:00,12.430000305175781,12.5,12.430000305175781,12.5,2928,0.0,0.0
2024-05-24 12:10:00-04:00,12.490099906921387,12.490099906921387,12.479999542236328,12.479999542236328,2363,0.0,0.0
2024-05-24 12:15:00-04:00,12.489999771118164,12.5,12.489999771118164,12.5,1092,0.0,0.0
2024-05-24 12:20:00-04:00,12.505000114440918,12.529999732971191,12.5,12.5,2501,0.0,0.0
2024-05-24 12:25:00-04:00,12.494500160217285,12.494500160217285,12.479999542236328,12.489999771118164,3199,0.0,0.0
2024-05-24 12:30:00-04:00,12.491000175476074,12.491000175476074,12.470000267028809,12.470000267028809,984,0.0,0.0
2024-05-24 12:35:00-04:00,12.454999923706055,12.463700294494629,12.454999923706055,12.463700294494629,913,0.0,0.0
2024-05-24 12:40:00-04:00,12.4399995803833,12.4399995803833,12.399999618530273,12.429200172424316,2148,0.0,0.0
2024-05-24 12:45:00-04:00,12.399999618530273,12.420000076293945,12.399999618530273,12.420000076293945,3674,0.0,0.0
2024-05-24 12:50:00-04:00,12.420000076293945,12.420000076293945,12.420000076293945,12.420000076293945,347,0.0,0.0
2024-05-24 12:55:00-04:00,12.40999984741211,12.4350004196167,12.399999618530273,12.399999618530273,5763,0.0,0.0
2024-05-24 13:05:00-04:00,12.420000076293945,12.420000076293945,12.419899940490723,12.420000076293945,2487,0.0,0.0
2024-05-24 13:10:00-04:00,12.4399995803833,12.450400352478027,12.4399995803833,12.450400352478027,1169,0.0,0.0
2024-05-24 13:15:00-04:00,12.449999809265137,12.479999542236328,12.449999809265137,12.479999542236328,1465,0.0,0.0
2024-05-24 13:20:00-04:00,12.479999542236328,12.489999771118164,12.479999542236328,12.489999771118164,2084,0.0,0.0
2024-05-24 13:25:00-04:00,12.508700370788574,12.508700370788574,12.470000267028809,12.470000267028809,1810,0.0,0.0
2024-05-24 13:30:00-04:00,12.449999809265137,12.449999809265137,12.4350004196167,12.4399995803833,3911,0.0,0.0
2024-05-24 13:35:00-04:00,12.4399995803833,12.4399995803833,12.4399995803833,12.4399995803833,1686,0.0,0.0
2024-05-24 13:40:00-04:00,12.4399995803833,12.4399995803833,12.4399995803833,12.4399995803833,1257,0.0,0.0
2024-05-24 13:45:00-04:00,12.4399995803833,12.4399995803833,12.34000015258789,12.369999885559082,21771,0.0,0.0
2024-05-24 13:50:00-04:00,12.380000114440918,12.390000343322754,12.380000114440918,12.390000343322754,2192,0.0,0.0
2024-05-24 13:55:00-04:00,12.369999885559082,12.369999885559082,12.329999923706055,12.329999923706055,4211,0.0,0.0
2024-05-24 14:10:00-04:00,12.350000381469727,12.350000381469727,12.350000381469727,12.350000381469727,281,0.0,0.0
2024-05-24 14:15:00-04:00,12.359999656677246,12.359999656677246,12.350000381469727,12.359999656677246,5105,0.0,0.0
2024-05-24 14:20:00-04:00,12.363200187683105,12.363200187683105,12.363200187683105,12.363200187683105,883,0.0,0.0
2024-05-24 14:25:00-04:00,12.359999656677246,12.359999656677246,12.359999656677246,12.359999656677246,756,0.0,0.0
2024-05-24 14:30:00-04:00,12.350000381469727,12.350000381469727,12.34000015258789,12.345000267028809,3177,0.0,0.0
2024-05-24 14:40:00-04:00,12.34000015258789,12.385000228881836,12.319999694824219,12.385000228881836,7816,0.0,0.0
2024-05-24 14:45:00-04:00,12.399999618530273,12.399999618530273,12.366000175476074,12.366000175476074,1575,0.0,0.0
2024-05-24 14:50:00-04:00,12.359999656677246,12.359999656677246,12.359999656677246,12.359999656677246,1175,0.0,0.0
2024-05-24 14:55:00-04:00,12.350000381469727,12.350000381469727,12.350000381469727,12.350000381469727,906,0.0,0.0
2024-05-24 15:00:00-04:00,12.345000267028809,12.359999656677246,12.345000267028809,12.359999656677246,1432,0.0,0.0
2024-05-24 15:05:00-04:00,12.359999656677246,12.369999885559082,12.359999656677246,12.369999885559082,1922,0.0,0.0
2024-05-24 15:10:00-04:00,12.350000381469727,12.350000381469727,12.300000190734863,12.300000190734863,5420,0.0,0.0
2024-05-24 15:15:00-04:00,12.289999961853027,12.3149995803833,12.270000457763672,12.3149995803833,6246,0.0,0.0
2024-05-24 15:20:00-04:00,12.34000015258789,12.34000015258789,12.324999809265137,12.34000015258789,2366,0.0,0.0
2024-05-24 15:25:00-04:00,12.342399597167969,12.390000343322754,12.329999923706055,12.329999923706055,11888,0.0,0.0
2024-05-24 15:30:00-04:00,12.319999694824219,12.319999694824219,12.279999732971191,12.305000305175781,5882,0.0,0.0
2024-05-24 15:35:00-04:00,12.305000305175781,12.3100004196167,12.300000190734863,12.309000015258789,1762,0.0,0.0
2024-05-24 15:40:00-04:00,12.3149995803833,12.354999542236328,12.3100004196167,12.354999542236328,6740,0.0,0.0
2024-05-24 15:45:00-04:00,12.350000381469727,12.350000381469727,12.324999809265137,12.335000038146973,7647,0.0,0.0
2024-05-24 15:50:00-04:00,12.34000015258789,12.40999984741211,12.34000015258789,12.40999984741211,11864,0.0,0.0
2024-05-24 15:55:00-04:00,12.399999618530273,12.399999618530273,12.3100004196167,12.3100004196167,48893,0.0,0.0
2024-05-28 09:30:00-04:00,12.4399995803833,12.4399995803833,12.390000343322754,12.390000343322754,7101,0.0,0.0
2024-05-28 09:35:00-04:00,12.350000381469727,12.350000381469727,12.3100004196167,12.319999694824219,6661,0.0,0.0
2024-05-28 09:40:00-04:00,12.279999732971191,12.375,12.279999732971191,12.34000015258789,6184,0.0,0.0
2024-05-28 09:45:00-04:00,12.395000457763672,12.430000305175781,12.395000457763672,12.420000076293945,852,0.0,0.0
2024-05-28 09:50:00-04:00,12.4399995803833,12.494999885559082,12.4399995803833,12.494999885559082,2397,0.0,0.0
2024-05-28 09:55:00-04:00,12.449999809265137,12.449999809265137,12.449999809265137,12.449999809265137,1528,0.0,0.0
2024-05-28 10:00:00-04:00,12.414999961853027,12.414999961853027,12.40999984741211,12.40999984741211,399,0.0,0.0
2024-05-28 10:05:00-04:00,12.390000343322754,12.399999618530273,12.359999656677246,12.390000343322754,2587,0.0,0.0
2024-05-28 10:10:00-04:00,12.380000114440918,12.380000114440918,12.324999809265137,12.324999809265137,1042,0.0,0.0
2024-05-28 10:15:00-04:00,12.350000381469727,12.369999885559082,12.350000381469727,12.369999885559082,1580,0.0,0.0
2024-05-28 10:20:00-04:00,12.34000015258789,12.359999656677246,12.34000015258789,12.350000381469727,5765,0.0,0.0
2024-05-28 10:25:00-04:00,12.359999656677246,12.359999656677246,12.329999923706055,12.329999923706055,249,0.0,0.0
2024-05-28 10:30:00-04:00,12.345999717712402,12.345999717712402,12.345999717712402,12.345999717712402,533,0.0,0.0
2024-05-28 10:35:00-04:00,12.3100004196167,12.3100004196167,12.279999732971191,12.279999732971191,2454,0.0,0.0
2024-05-28 10:40:00-04:00,12.329999923706055,12.329999923706055,12.329999923706055,12.329999923706055,337,0.0,0.0
2024-05-28 10:45:00-04:00,12.34000015258789,12.359999656677246,12.34000015258789,12.359999656677246,726,0.0,0.0
2024-05-28 10:55:00-04:00,12.38129997253418,12.38129997253418,12.375,12.375,1383,0.0,0.0
2024-05-28 11:00:00-04:00,12.359999656677246,12.40999984741211,12.359999656677246,12.40999984741211,1308,0.0,0.0
2024-05-28 11:05:00-04:00,12.404999732971191,12.404999732971191,12.404999732971191,12.404999732971191,2328,0.0,0.0
2024-05-28 11:10:00-04:00,12.40999984741211,12.40999984741211,12.40999984741211,12.40999984741211,197,0.0,0.0
2024-05-28 11:15:00-04:00,12.430000305175781,12.460000038146973,12.430000305175781,12.460000038146973,1395,0.0,0.0
2024-05-28 11:20:00-04:00,12.460000038146973,12.460000038146973,12.45989990234375,12.45989990234375,1170,0.0,0.0
2024-05-28 11:25:00-04:00,12.4576997756958,12.4576997756958,12.399999618530273,12.399999618530273,3899,0.0,0.0
2024-05-28 11:30:00-04:00,12.395000457763672,12.417699813842773,12.395000457763672,12.417699813842773,1250,0.0,0.0
2024-05-28 11:35:00-04:00,12.40999984741211,12.40999984741211,12.40999984741211,12.40999984741211,448,0.0,0.0
2024-05-28 11:40:00-04:00,12.4399995803833,12.510000228881836,12.4399995803833,12.510000228881836,2571,0.0,0.0
2024-05-28 11:50:00-04:00,12.5,12.529999732971191,12.489999771118164,12.529999732971191,2953,0.0,0.0
2024-05-28 11:55:00-04:00,12.53499984741211,12.59000015258789,12.53499984741211,12.59000015258789,374,0.0,0.0
2024-05-28 12:00:00-04:00,12.609999656677246,12.609999656677246,12.609999656677246,12.609999656677246,484,0.0,0.0
2024-05-28 12:10:00-04:00,12.609199523925781,12.609199523925781,12.569999694824219,12.569999694824219,2102,0.0,0.0
2024-05-28 12:15:00-04:00,12.5600004196167,12.5600004196167,12.5600004196167,12.5600004196167,994,0.0,0.0
2024-05-28 12:20:00-04:00,12.510000228881836,12.515000343322754,12.510000228881836,12.515000343322754,530,0.0,0.0
2024-05-28 12:25:00-04:00,12.5,12.529999732971191,12.5,12.529999732971191,2425,0.0,0.0
2024-05-28 12:30:00-04:00,12.539999961853027,12.539999961853027,12.510100364685059,12.510100364685059,1156,0.0,0.0
2024-05-28 12:45:00-04:00,12.539999961853027,12.539999961853027,12.529999732971191,12.529999732971191,2160,0.0,0.0
2024-05-28 12:50:00-04:00,12.479999542236328,12.479999542236328,12.479999542236328,12.479999542236328,191,0.0,0.0
2024-05-28 12:55:00-04:00,12.470000267028809,12.470000267028809,12.470000267028809,12.470000267028809,367,0.0,0.0
2024-05-28 13:00:00-04:00,12.460000038146973,12.460000038146973,12.4399995803833,12.4399995803833,1192,0.0,0.0
2024-05-28 13:10:00-04:00,12.430000305175781,12.430000305175781,12.390000343322754,12.399999618530273,2227,0.0,0.0
2024-05-28 13:15:00-04:00,12.380000114440918,12.380000114440918,12.380000114440918,12.380000114440918,522,0.0,0.0
2024-05-28 13:20:00-04:00,12.359999656677246,12.359999656677246,12.359999656677246,12.359999656677246,411,0.0,0.0
2024-05-28 13:25:00-04:00,12.34000015258789,12.34000015258789,12.34000015258789,12.34000015258789,672,0.0,0.0
2024-05-28 13:30:00-04:00,12.319999694824219,12.345000267028809,12.319999694824219,12.345000267028809,933,0.0,0.0
2024-05-28 13:35:00-04:00,12.350000381469727,12.350000381469727,12.350000381469727,12.350000381469727,752,0.0,0.0
2024-05-28 13:40:00-04:00,12.349900245666504,12.349900245666504,12.329999923706055,12.329999923706055,1601,0.0,0.0
2024-05-28 13:45:00-04:00,12.300000190734863,12.358099937438965,12.300000190734863,12.3100004196167,3286,0.0,0.0
2024-05-28 13:50:00-04:00,12.300000190734863,12.300000190734863,12.289999961853027,12.289999961853027,568,0.0,0.0
2024-05-28 13:55:00-04:00,12.289999961853027,12.289999961853027,12.279999732971191,12.279999732971191,656,0.0,0.0
2024-05-28 14:00:00-04:00,12.319999694824219,12.319999694824219,12.279999732971191,12.279999732971191,2322,0.0,0.0
2024-05-28 14:05:00-04:00,12.3100004196167,12.319999694824219,12.3100004196167,12.319999694824219,923,0.0,0.0
2024-05-28 14:10:00-04:00,12.300000190734863,12.300000190734863,12.300000190734863,12.300000190734863,403,0.0,0.0
2024-05-28 14:15:00-04:00,12.289999961853027,12.291500091552734,12.279999732971191,12.291500091552734,4037,0.0,0.0
2024-05-28 14:20:00-04:00,12.279999732971191,12.289999961853027,12.220000267028809,12.220000267028809,2633,0.0,0.0
2024-05-28 14:25:00-04:00,12.220000267028809,12.25,12.210000038146973,12.210000038146973,6465,0.0,0.0
2024-05-28 14:35:00-04:00,12.1899995803833,12.210000038146973,12.1899995803833,12.199999809265137,2032,0.0,0.0
2024-05-28 14:40:00-04:00,12.210000038146973,12.220000267028809,12.199999809265137,12.199999809265137,1032,0.0,0.0
2024-05-28 14:45:00-04:00,12.199999809265137,12.199999809265137,12.149999618530273,12.149999618530273,1107,0.0,0.0
2024-05-28 14:50:00-04:00,12.140000343322754,12.140000343322754,12.119999885559082,12.119999885559082,1098,0.0,0.0
2024-05-28 14:55:00-04:00,12.09000015258789,12.09000015258789,12.050000190734863,12.050000190734863,6411,0.0,0.0
2024-05-28 15:00:00-04:00,12.039999961853027,12.079999923706055,12.039999961853027,12.079999923706055,4811,0.0,0.0
2024-05-28 15:05:00-04:00,12.079999923706055,12.104999542236328,12.079999923706055,12.084799766540527,3066,0.0,0.0
2024-05-28 15:10:00-04:00,12.109999656677246,12.125,12.109999656677246,12.125,1963,0.0,0.0
2024-05-28 15:15:00-04:00,12.109999656677246,12.140000343322754,12.109999656677246,12.135000228881836,5171,0.0,0.0
2024-05-28 15:20:00-04:00,12.130000114440918,12.15999984741211,12.130000114440918,12.15999984741211,1631,0.0,0.0
2024-05-28 15:25:00-04:00,12.15999984741211,12.15999984741211,12.0600004196167,12.0649995803833,4240,0.0,0.0
2024-05-28 15:30:00-04:00,12.09000015258789,12.180000305175781,12.09000015258789,12.170000076293945,6780,0.0,0.0
2024-05-28 15:35:00-04:00,12.164999961853027,12.180000305175781,12.15999984741211,12.180000305175781,5491,0.0,0.0
2024-05-28 15:40:00-04:00,12.175000190734863,12.1899995803833,12.114999771118164,12.149999618530273,8382,0.0,0.0
2024-05-28 15:45:00-04:00,12.159899711608887,12.210000038146973,12.159899711608887,12.204999923706055,10877,0.0,0.0
2024-05-28 15:50:00-04:00,12.210000038146973,12.3149995803833,12.210000038146973,12.3100004196167,12830,0.0,0.0
2024-05-28 15:55:00-04:00,12.3100004196167,12.380000114440918,12.295000076293945,12.369999885559082,43711,0.0,0.0
2024-05-29 09:30:00-04:00,12.109999656677246,12.109999656677246,12.0,12.029999732971191,8395,0.0,0.0
2024-05-29 09:35:00-04:00,11.9399995803833,12.029999732971191,11.9399995803833,12.029999732971191,1410,0.0,0.0
2024-05-29 09:45:00-04:00,12.029999732971191,12.095199584960938,12.029999732971191,12.095199584960938,1594,0.0,0.0
2024-05-29 09:50:00-04:00,12.029999732971191,12.029999732971191,12.010000228881836,12.020000457763672,3381,0.0,0.0
2024-05-29 09:55:00-04:00,11.989999771118164,12.0,11.899999618530273,11.975000381469727,4693,0.0,0.0
2024-05-29 10:00:00-04:00,12.020000457763672,12.119999885559082,12.020000457763672,12.085000038146973,12429,0.0,0.0
2024-05-29 10:05:00-04:00,12.09000015258789,12.096799850463867,12.0600004196167,12.095000267028809,3093,0.0,0.0
2024-05-29 10:10:00-04:00,12.069999694824219,12.170000076293945,12.069999694824219,12.119999885559082,5291,0.0,0.0
2024-05-29 10:15:00-04:00,12.074999809265137,12.074999809265137,12.050000190734863,12.055000305175781,595,0.0,0.0
2024-05-29 10:20:00-04:00,12.050000190734863,12.079999923706055,12.050000190734863,12.079999923706055,1130,0.0,0.0
2024-05-29 10:25:00-04:00,12.069999694824219,12.079999923706055,12.050000190734863,12.079999923706055,1512,0.0,0.0
2024-05-29 10:30:00-04:00,12.050000190734863,12.069999694824219,12.020000457763672,12.029999732971191,15556,0.0,0.0
2024-05-29 10:35:00-04:00,12.020000457763672,12.020000457763672,12.020000457763672,12.020000457763672,187,0.0,0.0
2024-05-29 10:40:00-04:00,12.029999732971191,12.086700439453125,12.029999732971191,12.050000190734863,5676,0.0,0.0
2024-05-29 10:45:00-04:00,12.045000076293945,12.130000114440918,12.029999732971191,12.130000114440918,4116,0.0,0.0
2024-05-29 10:50:00-04:00,12.130000114440918,12.140000343322754,12.09000015258789,12.140000343322754,3656,0.0,0.0
2024-05-29 11:00:00-04:00,12.100000381469727,12.104999542236328,12.09000015258789,12.09000015258789,894,0.0,0.0
2024-05-29 11:05:00-04:00,12.095000267028809,12.100000381469727,12.085000038146973,12.100000381469727,517,0.0,0.0
2024-05-29 11:10:00-04:00,12.095000267028809,12.100000381469727,12.09000015258789,12.100000381469727,1159,0.0,0.0
2024-05-29 11:15:00-04:00,12.109999656677246,12.130000114440918,12.104999542236328,12.130000114440918,1140,0.0,0.0
2024-05-29 11:20:00-04:00,12.135600090026855,12.135600090026855,12.100000381469727,12.100000381469727,374,0.0,0.0
2024-05-29 11:25:00-04:00,12.140000343322754,12.15999984741211,12.130000114440918,12.130000114440918,968,0.0,0.0
2024-05-29 11:30:00-04:00,12.170000076293945,12.220000267028809,12.164999961853027,12.220000267028809,1245,0.0,0.0
2024-05-29 11:35:00-04:00,12.180000305175781,12.220000267028809,12.180000305175781,12.220000267028809,804,0.0,0.0
2024-05-29 11:40:00-04:00,12.210000038146973,12.210000038146973,12.210000038146973,12.210000038146973,213,0.0,0.0
2024-05-29 11:45:00-04:00,12.199999809265137,12.220000267028809,12.1899995803833,12.204999923706055,1375,0.0,0.0
2024-05-29 11:50:00-04:00,12.170000076293945,12.170000076293945,12.170000076293945,12.170000076293945,166,0.0,0.0
2024-05-29 11:55:00-04:00,12.170000076293945,12.175000190734863,12.167499542236328,12.167499542236328,3258,0.0,0.0
2024-05-29 12:00:00-04:00,12.165900230407715,12.199999809265137,12.165900230407715,12.194999694824219,2261,0.0,0.0
2024-05-29 12:05:00-04:00,12.194999694824219,12.194999694824219,12.15999984741211,12.15999984741211,3805,0.0,0.0
2024-05-29 12:10:00-04:00,12.149999618530273,12.154999732971191,12.140000343322754,12.154999732971191,693,0.0,0.0
2024-05-29 12:15:00-04:00,12.154999732971191,12.154999732971191,12.140000343322754,12.140000343322754,583,0.0,0.0
2024-05-29 12:20:00-04:00,12.170000076293945,12.170000076293945,12.140000343322754,12.140000343322754,847,0.0,0.0
2024-05-29 12:25:00-04:00,12.154999732971191,12.154999732971191,12.151000022888184,12.151000022888184,351,0.0,0.0
2024-05-29 12:30:00-04:00,12.149999618530273,12.1899995803833,12.149999618530273,12.1899995803833,2133,0.0,0.0
2024-05-29 12:35:00-04:00,12.180000305175781,12.199999809265137,12.180000305175781,12.199999809265137,3509,0.0,0.0
2024-05-29 12:40:00-04:00,12.180899620056152,12.180899620056152,12.15999984741211,12.175000190734863,1981,0.0,0.0
2024-05-29 12:50:00-04:00,12.15999984741211,12.180000305175781,12.15999984741211,12.180000305175781,2018,0.0,0.0
2024-05-29 12:55:00-04:00,12.1899995803833,12.199999809265137,12.18589973449707,12.18589973449707,1076,0.0,0.0
2024-05-29 13:00:00-04:00,12.199999809265137,12.199999809265137,12.149999618530273,12.149999618530273,1671,0.0,0.0
2024-05-29 13:10:00-04:00,12.130000114440918,12.130000114440918,12.119999885559082,12.119999885559082,1090,0.0,0.0
2024-05-29 13:15:00-04:00,12.09000015258789,12.100000381469727,12.09000015258789,12.100000381469727,637,0.0,0.0
2024-05-29 13:20:00-04:00,12.109999656677246,12.119999885559082,12.104999542236328,12.109999656677246,1403,0.0,0.0
2024-05-29 13:25:00-04:00,12.130000114440918,12.140000343322754,12.130000114440918,12.140000343322754,2378,0.0,0.0
2024-05-29 13:35:00-04:00,12.135000228881836,12.135000228881836,12.135000228881836,12.135000228881836,154,0.0,0.0
2024-05-29 13:40:00-04:00,12.125,12.125,12.104999542236328,12.104999542236328,1354,0.0,0.0
2024-05-29 13:45:00-04:00,12.09000015258789,12.09000015258789,12.09000015258789,12.09000015258789,727,0.0,0.0
2024-05-29 13:50:00-04:00,12.109999656677246,12.119999885559082,12.09000015258789,12.09000015258789,2316,0.0,0.0
2024-05-29 13:55:00-04:00,12.069999694824219,12.069999694824219,12.069999694824219,12.069999694824219,623,0.0,0.0
2024-05-29 14:00:00-04:00,12.074999809265137,12.074999809265137,12.0600004196167,12.0600004196167,1012,0.0,0.0
2024-05-29 14:05:00-04:00,12.050000190734863,12.050000190734863,12.045000076293945,12.045000076293945,524,0.0,0.0
2024-05-29 14:10:00-04:00,12.029999732971191,12.109999656677246,12.029999732971191,12.109999656677246,4352,0.0,0.0
2024-05-29 14:15:00-04:00,12.069999694824219,12.069999694824219,12.069999694824219,12.069999694824219,450,0.0,0.0
2024-05-29 14:20:00-04:00,12.09000015258789,12.09000015258789,12.09000015258789,12.09000015258789,1568,0.0,0.0
2024-05-29 14:25:00-04:00,12.0600004196167,12.0600004196167,12.039999961853027,12.039999961853027,599,0.0,0.0
2024-05-29 14:30:00-04:00,12.04990005493164,12.04990005493164,12.010000228881836,12.010000228881836,2091,0.0,0.0
2024-05-29 14:35:00-04:00,12.020000457763672,12.020000457763672,12.010000228881836,12.020000457763672,1317,0.0,0.0
2024-05-29 14:40:00-04:00,12.010000228881836,12.029999732971191,12.010000228881836,12.029999732971191,1837,0.0,0.0
2024-05-29 14:45:00-04:00,12.029999732971191,12.029999732971191,12.020000457763672,12.029999732971191,1433,0.0,0.0
2024-05-29 14:50:00-04:00,12.029999732971191,12.0600004196167,12.029999732971191,12.0600004196167,1343,0.0,0.0
2024-05-29 14:55:00-04:00,12.079999923706055,12.079999923706055,12.079999923706055,12.079999923706055,1183,0.0,0.0
2024-05-29 15:00:00-04:00,12.055000305175781,12.0600004196167,12.050000190734863,12.0600004196167,1681,0.0,0.0
2024-05-29 15:05:00-04:00,12.069999694824219,12.09000015258789,12.069999694824219,12.09000015258789,2455,0.0,0.0
2024-05-29 15:15:00-04:00,12.050000190734863,12.100000381469727,12.050000190734863,12.100000381469727,3006,0.0,0.0
2024-05-29 15:20:00-04:00,12.100000381469727,12.100000381469727,12.100000381469727,12.100000381469727,1283,0.0,0.0
2024-05-29 15:25:00-04:00,12.09000015258789,12.109999656677246,12.09000015258789,12.109999656677246,2465,0.0,0.0
2024-05-29 15:30:00-04:00,12.109999656677246,12.109999656677246,12.079999923706055,12.098999977111816,4318,0.0,0.0
2024-05-29 15:35:00-04:00,12.074999809265137,12.100000381469727,12.074999809265137,12.100000381469727,7235,0.0,0.0
2024-05-29 15:40:00-04:00,12.100000381469727,12.109999656677246,12.09000015258789,12.109999656677246,3069,0.0,0.0
2024-05-29 15:45:00-04:00,12.109999656677246,12.119000434875488,12.100000381469727,12.119000434875488,5524,0.0,0.0
2024-05-29 15:50:00-04:00,12.09000015258789,12.100000381469727,12.0600004196167,12.100000381469727,8593,0.0,0.0
2024-05-29 15:55:00-04:00,12.114999771118164,12.180000305175781,12.114999771118164,12.180000305175781,21556,0.0,0.0
2024-05-30 09:30:00-04:00,12.229999542236328,12.229999542236328,12.199999809265137,12.199999809265137,4972,0.0,0.0
2024-05-30 09:50:00-04:00,12.274999618530273,12.369999885559082,12.274999618530273,12.369999885559082,819,0.0,0.0
2024-05-30 09:55:00-04:00,12.300100326538086,12.300100326538086,12.300100326538086,12.300100326538086,1003,0.0,0.0
2024-05-30 10:00:00-04:00,12.34000015258789,12.34000015258789,12.324999809265137,12.324999809265137,458,0.0,0.0
2024-05-30 10:05:00-04:00,12.270000457763672,12.279999732971191,12.229999542236328,12.279999732971191,1526,0.0,0.0
2024-05-30 10:10:00-04:00,12.289999961853027,12.289999961853027,12.289999961853027,12.289999961853027,401,0.0,0.0
2024-05-30 10:15:00-04:00,12.319999694824219,12.339900016784668,12.3100004196167,12.339900016784668,881,0.0,0.0
2024-05-30 10:20:00-04:00,12.279999732971191,12.279999732971191,12.210000038146973,12.210000038146973,4015,0.0,0.0
2024-05-30 10:25:00-04:00,12.265000343322754,12.265000343322754,12.216099739074707,12.229999542236328,867,0.0,0.0
2024-05-30 10:30:00-04:00,12.230999946594238,12.230999946594238,12.210000038146973,12.229999542236328,786,0.0,0.0
2024-05-30 10:35:00-04:00,12.229999542236328,12.312899589538574,12.229999542236328,12.3100004196167,1652,0.0,0.0
2024-05-30 10:40:00-04:00,12.3100004196167,12.359999656677246,12.3100004196167,12.359999656677246,1234,0.0,0.0
2024-05-30 10:45:00-04:00,12.364999771118164,12.390000343322754,12.364999771118164,12.390000343322754,1019,0.0,0.0
2024-05-30 10:50:00-04:00,12.380000114440918,12.420000076293945,12.380000114440918,12.420000076293945,2917,0.0,0.0
2024-05-30 10:55:00-04:00,12.449999809265137,12.449999809265137,12.449999809265137,12.449999809265137,347,0.0,0.0
2024-05-30 11:00:00-04:00,12.479999542236328,12.479999542236328,12.479999542236328,12.479999542236328,382,0.0,0.0
2024-05-30 11:05:00-04:00,12.454999923706055,12.470000267028809,12.4399995803833,12.470000267028809,3740,0.0,0.0
2024-05-30 11:10:00-04:00,12.470000267028809,12.515000343322754,12.470000267028809,12.515000343322754,2469,0.0,0.0
2024-05-30 11:15:00-04:00,12.550000190734863,12.550000190734863,12.545000076293945,12.545000076293945,514,0.0,0.0
2024-05-30 11:20:00-04:00,12.579999923706055,12.588000297546387,12.579999923706055,12.588000297546387,1123,0.0,0.0
2024-05-30 11:25:00-04:00,12.59000015258789,12.600000381469727,12.59000015258789,12.600000381469727,1274,0.0,0.0
2024-05-30 11:30:00-04:00,12.600000381469727,12.600000381469727,12.585000038146973,12.585000038146973,1401,0.0,0.0
2024-05-30 11:35:00-04:00,12.510000228881836,12.529999732971191,12.5,12.529999732971191,6819,0.0,0.0
2024-05-30 11:40:00-04:00,12.579999923706055,12.579999923706055,12.579999923706055,12.579999923706055,1762,0.0,0.0
2024-05-30 11:45:00-04:00,12.586999893188477,12.586999893188477,12.574999809265137,12.574999809265137,728,0.0,0.0
2024-05-30 11:50:00-04:00,12.59000015258789,12.614999771118164,12.59000015258789,12.614999771118164,1408,0.0,0.0
2024-05-30 11:55:00-04:00,12.617300033569336,12.617300033569336,12.617300033569336,12.617300033569336,532,0.0,0.0
2024-05-30 12:00:00-04:00,12.649999618530273,12.649999618530273,12.579999923706055,12.579999923706055,1849,0.0,0.0
2024-05-30 12:05:00-04:00,12.59000015258789,12.60099983215332,12.59000015258789,12.60099983215332,1173,0.0,0.0
2024-05-30 12:10:00-04:00,12.609999656677246,12.619999885559082,12.574999809265137,12.574999809265137,1795,0.0,0.0
2024-05-30 12:15:00-04:00,12.5600004196167,12.5600004196167,12.555000305175781,12.555000305175781,1188,0.0,0.0
2024-05-30 12:20:00-04:00,12.555000305175781,12.579999923706055,12.555000305175781,12.579999923706055,1746,0.0,0.0
2024-05-30 12:25:00-04:00,12.569999694824219,12.572500228881836,12.569999694824219,12.572500228881836,476,0.0,0.0
2024-05-30 12:30:00-04:00,12.570599555969238,12.640000343322754,12.570599555969238,12.630000114440918,12418,0.0,0.0
2024-05-30 12:35:00-04:00,12.64900016784668,12.687999725341797,12.64900016784668,12.680000305175781,1650,0.0,0.0
2024-05-30 12:40:00-04:00,12.6850004196167,12.6850004196167,12.619999885559082,12.619999885559082,984,0.0,0.0
2024-05-30 12:45:00-04:00,12.630000114440918,12.670000076293945,12.630000114440918,12.670000076293945,1627,0.0,0.0
2024-05-30 12:55:00-04:00,12.6899995803833,12.710000038146973,12.680500030517578,12.710000038146973,1526,0.0,0.0
2024-05-30 13:00:00-04:00,12.710000038146973,12.710000038146973,12.6899995803833,12.6899995803833,4153,0.0,0.0
2024-05-30 13:05:00-04:00,12.704099655151367,12.729999542236328,12.704099655151367,12.729999542236328,3485,0.0,0.0
2024-05-30 13:10:00-04:00,12.739999771118164,12.739999771118164,12.710000038146973,12.710000038146973,1375,0.0,0.0
2024-05-30 13:15:00-04:00,12.711999893188477,12.720000267028809,12.699999809265137,12.699999809265137,4412,0.0,0.0
2024-05-30 13:20:00-04:00,12.710000038146973,12.729999542236328,12.710000038146973,12.729999542236328,1070,0.0,0.0
2024-05-30 13:30:00-04:00,12.729999542236328,12.770000457763672,12.729999542236328,12.75,1780,0.0,0.0
2024-05-30 13:35:00-04:00,12.741999626159668,12.741999626159668,12.739999771118164,12.739999771118164,2317,0.0,0.0
2024-05-30 13:40:00-04:00,12.739999771118164,12.739999771118164,12.699999809265137,12.699999809265137,1289,0.0,0.0
2024-05-30 13:45:00-04:00,12.729999542236328,12.75,12.729999542236328,12.729999542236328,1777,0.0,0.0
2024-05-30 13:50:00-04:00,12.789999961853027,12.789999961853027,12.779999732971191,12.779999732971191,987,0.0,0.0
2024-05-30 13:55:00-04:00,12.760000228881836,12.760000228881836,12.720000267028809,12.720000267028809,3225,0.0,0.0
2024-05-30 14:00:00-04:00,12.708000183105469,12.708000183105469,12.704999923706055,12.704999923706055,2230,0.0,0.0
2024-05-30 14:05:00-04:00,12.699999809265137,12.720000267028809,12.699999809265137,12.720000267028809,1055,0.0,0.0
2024-05-30 14:10:00-04:00,12.744999885559082,12.760000228881836,12.739999771118164,12.739999771118164,1599,0.0,0.0
2024-05-30 14:15:00-04:00,12.739999771118164,12.760000228881836,12.739999771118164,12.752699851989746,2352,0.0,0.0
2024-05-30 14:25:00-04:00,12.744999885559082,12.75,12.729999542236328,12.739999771118164,2392,0.0,0.0
2024-05-30 14:30:00-04:00,12.729999542236328,12.734999656677246,12.720000267028809,12.720000267028809,2674,0.0,0.0
2024-05-30 14:35:00-04:00,12.739999771118164,12.739999771118164,12.699999809265137,12.720000267028809,1308,0.0,0.0
2024-05-30 14:40:00-04:00,12.729999542236328,12.75,12.729999542236328,12.739999771118164,4063,0.0,0.0
2024-05-30 14:45:00-04:00,12.75,12.75,12.75,12.75,465,0.0,0.0
2024-05-30 14:50:00-04:00,12.760000228881836,12.765000343322754,12.760000228881836,12.765000343322754,1080,0.0,0.0
2024-05-30 14:55:00-04:00,12.789999961853027,12.8100004196167,12.789999961853027,12.8100004196167,2227,0.0,0.0
2024-05-30 15:00:00-04:00,12.8100004196167,12.8100004196167,12.75,12.75,2187,0.0,0.0
2024-05-30 15:05:00-04:00,12.770000457763672,12.770000457763672,12.75,12.75,2516,0.0,0.0
2024-05-30 15:10:00-04:00,12.75,12.770000457763672,12.75,12.770000457763672,2230,0.0,0.0
2024-05-30 15:15:00-04:00,12.779999732971191,12.779999732971191,12.779999732971191,12.779999732971191,570,0.0,0.0
2024-05-30 15:20:00-04:00,12.779999732971191,12.779999732971191,12.75,12.770000457763672,3625,0.0,0.0
2024-05-30 15:25:00-04:00,12.779999732971191,12.789999961853027,12.770000457763672,12.770000457763672,2467,0.0,0.0
2024-05-30 15:30:00-04:00,12.779999732971191,12.779999732971191,12.760000228881836,12.779999732971191,5433,0.0,0.0
2024-05-30 15:35:00-04:00,12.788999557495117,12.800000190734863,12.6899995803833,12.6899995803833,6454,0.0,0.0
2024-05-30 15:40:00-04:00,12.680000305175781,12.680000305175781,12.640000343322754,12.640000343322754,1853,0.0,0.0
2024-05-30 15:45:00-04:00,12.640000343322754,12.678999900817871,12.640000343322754,12.649999618530273,9182,0.0,0.0
2024-05-30 15:50:00-04:00,12.640000343322754,12.720000267028809,12.640000343322754,12.720000267028809,7239,0.0,0.0
2024-05-30 15:55:00-04:00,12.720000267028809,12.720000267028809,12.65999984741211,12.65999984741211,21193,0.0,0.0
2024-05-31 09:30:00-04:00,12.850000381469727,12.90999984741211,12.75,12.90999984741211,6923,0.0,0.0
2024-05-31 09:35:00-04:00,13.028499603271484,13.05109977722168,13.028499603271484,13.039999961853027,1948,0.0,0.0
2024-05-31 09:40:00-04:00,13.079999923706055,13.155400276184082,13.069999694824219,13.155400276184082,6028,0.0,0.0
2024-05-31 09:45:00-04:00,13.140000343322754,13.140000343322754,13.09000015258789,13.125,1300,0.0,0.0
2024-05-31 09:50:00-04:00,13.09000015258789,13.1899995803833,13.079999923706055,13.170000076293945,6217,0.0,0.0
2024-05-31 09:55:00-04:00,13.1850004196167,13.220000267028809,13.1850004196167,13.220000267028809,1291,0.0,0.0
2024-05-31 10:00:00-04:00,13.270000457763672,13.4350004196167,13.270000457763672,13.4350004196167,7744,0.0,0.0
2024-05-31 10:05:00-04:00,13.435700416564941,13.470000267028809,13.435700416564941,13.458399772644043,8896,0.0,0.0
2024-05-31 10:10:00-04:00,13.510000228881836,13.529999732971191,13.510000228881836,13.525500297546387,1761,0.0,0.0
2024-05-31 10:15:00-04:00,13.489999771118164,13.520000457763672,13.47439956665039,13.520000457763672,7012,0.0,0.0
2024-05-31 10:20:00-04:00,13.529999732971191,13.579999923706055,13.529999732971191,13.569999694824219,1961,0.0,0.0
2024-05-31 10:25:00-04:00,13.569999694824219,13.569999694824219,13.510000228881836,13.510000228881836,4523,0.0,0.0
2024-05-31 10:30:00-04:00,13.482999801635742,13.630000114440918,13.482999801635742,13.630000114440918,7193,0.0,0.0
2024-05-31 10:35:00-04:00,13.65999984741211,13.819999694824219,13.65999984741211,13.800000190734863,22059,0.0,0.0
2024-05-31 10:40:00-04:00,13.778400421142578,13.880000114440918,13.770000457763672,13.880000114440918,20366,0.0,0.0
2024-05-31 10:45:00-04:00,13.876899719238281,13.876899719238281,13.779999732971191,13.779999732971191,31068,0.0,0.0
2024-05-31 10:50:00-04:00,13.680000305175781,13.829999923706055,13.640000343322754,13.829999923706055,13371,0.0,0.0
2024-05-31 10:55:00-04:00,13.864999771118164,13.944999694824219,13.864999771118164,13.944999694824219,20159,0.0,0.0
2024-05-31 11:00:00-04:00,13.944999694824219,13.944999694824219,13.829999923706055,13.880000114440918,2518,0.0,0.0
2024-05-31 11:05:00-04:00,13.899999618530273,14.0600004196167,13.887499809265137,14.030699729919434,19111,0.0,0.0
2024-05-31 11:10:00-04:00,14.010000228881836,14.010000228881836,13.869999885559082,13.895000457763672,13049,0.0,0.0
2024-05-31 11:15:00-04:00,13.920000076293945,14.039999961853027,13.920000076293945,14.0,6465,0.0,0.0
2024-05-31 11:20:00-04:00,13.930000305175781,13.930000305175781,13.895000457763672,13.895000457763672,996,0.0,0.0
2024-05-31 11:25:00-04:00,13.890000343322754,13.90999984741211,13.890000343322754,13.899999618530273,2076,0.0,0.0
2024-05-31 11:30:00-04:00,13.90779972076416,13.92140007019043,13.79010009765625,13.795000076293945,10802,0.0,0.0
2024-05-31 11:35:00-04:00,13.75,13.8100004196167,13.6899995803833,13.8100004196167,4070,0.0,0.0
2024-05-31 11:40:00-04:00,13.859999656677246,13.869999885559082,13.800000190734863,13.819999694824219,7472,0.0,0.0
2024-05-31 11:45:00-04:00,13.829999923706055,13.829999923706055,13.800000190734863,13.800000190734863,1445,0.0,0.0
2024-05-31 11:50:00-04:00,13.833100318908691,13.850000381469727,13.800000190734863,13.819999694824219,3887,0.0,0.0
2024-05-31 11:55:00-04:00,13.8100004196167,13.84000015258789,13.800000190734863,13.8149995803833,6529,0.0,0.0
2024-05-31 12:00:00-04:00,13.8100004196167,13.819999694824219,13.800000190734863,13.819100379943848,6490,0.0,0.0
2024-05-31 12:05:00-04:00,13.809200286865234,13.890000343322754,13.800000190734863,13.890000343322754,16155,0.0,0.0
2024-05-31 12:10:00-04:00,13.890000343322754,14.0,13.869999885559082,13.960000038146973,10072,0.0,0.0
2024-05-31 12:15:00-04:00,13.90999984741211,13.90999984741211,13.890000343322754,13.890000343322754,1907,0.0,0.0
2024-05-31 12:20:00-04:00,13.90999984741211,13.90999984741211,13.880999565124512,13.880999565124512,1447,0.0,0.0
2024-05-31 12:25:00-04:00,13.880000114440918,13.880000114440918,13.880000114440918,13.880000114440918,1449,0.0,0.0
2024-05-31 12:30:00-04:00,13.885000228881836,13.885000228881836,13.850000381469727,13.850000381469727,1272,0.0,0.0
2024-05-31 12:35:00-04:00,13.819999694824219,13.829999923706055,13.819999694824219,13.829999923706055,801,0.0,0.0
2024-05-31 12:40:00-04:00,13.789999961853027,13.789999961853027,13.635000228881836,13.635000228881836,2731,0.0,0.0
2024-05-31 12:45:00-04:00,13.59000015258789,13.699999809265137,13.585000038146973,13.6899995803833,6573,0.0,0.0
2024-05-31 12:50:00-04:00,13.720000267028809,13.770000457763672,13.649999618530273,13.770000457763672,10723,0.0,0.0
2024-05-31 12:55:00-04:00,13.75,13.770000457763672,13.75,13.75,1080,0.0,0.0
2024-05-31 13:00:00-04:00,13.789999961853027,13.859999656677246,13.789999961853027,13.859999656677246,2509,0.0,0.0
2024-05-31 13:05:00-04:00,13.880000114440918,13.90999984741211,13.862000465393066,13.875,8003,0.0,0.0
2024-05-31 13:10:00-04:00,13.885000228881836,13.885000228881836,13.859999656677246,13.859999656677246,1215,0.0,0.0
2024-05-31 13:15:00-04:00,13.864999771118164,13.899999618530273,13.850000381469727,13.850000381469727,1608,0.0,0.0
2024-05-31 13:20:00-04:00,13.835000038146973,13.850000381469727,13.75,13.8100004196167,17588,0.0,0.0
2024-05-31 13:25:00-04:00,13.84000015258789,13.890000343322754,13.84000015258789,13.890000343322754,2423,0.0,0.0
2024-05-31 13:35:00-04:00,13.899999618530273,13.899999618530273,13.890000343322754,13.899999618530273,1837,0.0,0.0
2024-05-31 13:40:00-04:00,13.880000114440918,13.880000114440918,13.800000190734863,13.829999923706055,8771,0.0,0.0
2024-05-31 13:45:00-04:00,13.819999694824219,13.819999694824219,13.779999732971191,13.789999961853027,1024,0.0,0.0
2024-05-31 13:50:00-04:00,13.770000457763672,13.8100004196167,13.770000457763672,13.8100004196167,3365,0.0,0.0
2024-05-31 13:55:00-04:00,13.804400444030762,13.804400444030762,13.75,13.75,2136,0.0,0.0
2024-05-31 14:00:00-04:00,13.770000457763672,13.90999984741211,13.760000228881836,13.90999984741211,17361,0.0,0.0
2024-05-31 14:05:00-04:00,13.90999984741211,13.90999984741211,13.90999984741211,13.90999984741211,1139,0.0,0.0
2024-05-31 14:10:00-04:00,13.930000305175781,13.960000038146973,13.930000305175781,13.960000038146973,4286,0.0,0.0
2024-05-31 14:15:00-04:00,13.970000267028809,14.020000457763672,13.949999809265137,13.949999809265137,11188,0.0,0.0
2024-05-31 14:20:00-04:00,13.970000267028809,13.979999542236328,13.949999809265137,13.949999809265137,1315,0.0,0.0
2024-05-31 14:25:00-04:00,13.930000305175781,13.9399995803833,13.899999618530273,13.9399995803833,4892,0.0,0.0
2024-05-31 14:30:00-04:00,13.920000076293945,13.920000076293945,13.920000076293945,13.920000076293945,1481,0.0,0.0
2024-05-31 14:35:00-04:00,13.930000305175781,13.930999755859375,13.904999732971191,13.90999984741211,3725,0.0,0.0
2024-05-31 14:40:00-04:00,13.920000076293945,13.920000076293945,13.90999984741211,13.90999984741211,1511,0.0,0.0
2024-05-31 14:45:00-04:00,13.899999618530273,13.930000305175781,13.899999618530273,13.899999618530273,4524,0.0,0.0
2024-05-31 14:50:00-04:00,13.920000076293945,14.00220012664795,13.920000076293945,14.0,8522,0.0,0.0
2024-05-31 14:55:00-04:00,13.979999542236328,13.979999542236328,13.949999809265137,13.949999809265137,1691,0.0,0.0
2024-05-31 15:00:00-04:00,13.949999809265137,13.989999771118164,13.930000305175781,13.930000305175781,4447,0.0,0.0
2024-05-31 15:05:00-04:00,13.899999618530273,14.0,13.899999618530273,14.0,14538,0.0,0.0
2024-05-31 15:10:00-04:00,14.0,14.015000343322754,13.925000190734863,14.015000343322754,26583,0.0,0.0
2024-05-31 15:15:00-04:00,14.010000228881836,14.149999618530273,14.010000228881836,14.149999618530273,17778,0.0,0.0
2024-05-31 15:20:00-04:00,14.149999618530273,14.154999732971191,14.079999923706055,14.080100059509277,9348,0.0,0.0
2024-05-31 15:25:00-04:00,14.109999656677246,14.149999618530273,14.050000190734863,14.119999885559082,8003,0.0,0.0
2024-05-31 15:30:00-04:00,14.140000343322754,14.25,14.140000343322754,14.229999542236328,36651,0.0,0.0
2024-05-31 15:35:00-04:00,14.239999771118164,14.255000114440918,14.128800392150879,14.25,27191,0.0,0.0
2024-05-31 15:40:00-04:00,14.260000228881836,14.329999923706055,14.25,14.319999694824219,15255,0.0,0.0
2024-05-31 15:45:00-04:00,14.3100004196167,14.34000015258789,14.279999732971191,14.289999961853027,18117,0.0,0.0
2024-05-31 15:50:00-04:00,14.289999961853027,14.289999961853027,14.140000343322754,14.190099716186523,26506,0.0,0.0
2024-05-31 15:55:00-04:00,14.1899995803833,14.229999542236328,14.180000305175781,14.220000267028809,50108,0.0,0.0
2024-06-03 09:30:00-04:00,14.029999732971191,14.149999618530273,13.979999542236328,14.09000015258789,12402,0.0,0.0
2024-06-03 09:35:00-04:00,14.010000228881836,14.020000457763672,13.989999771118164,14.010000228881836,3169,0.0,0.0
2024-06-03 09:40:00-04:00,14.045000076293945,14.045000076293945,13.890000343322754,13.890000343322754,4931,0.0,0.0
2024-06-03 09:45:00-04:00,13.840200424194336,13.845000267028809,13.609800338745117,13.6899995803833,9844,0.0,0.0
2024-06-03 09:50:00-04:00,13.680000305175781,13.850000381469727,13.649999618530273,13.795000076293945,4516,0.0,0.0
2024-06-03 09:55:00-04:00,13.859999656677246,13.869999885559082,13.821700096130371,13.821700096130371,2452,0.0,0.0
2024-06-03 10:00:00-04:00,13.885000228881836,13.901300430297852,13.869999885559082,13.869999885559082,3386,0.0,0.0
2024-06-03 10:05:00-04:00,13.869999885559082,13.875100135803223,13.84000015258789,13.859999656677246,2358,0.0,0.0
2024-06-03 10:10:00-04:00,13.850000381469727,13.850000381469727,13.729999542236328,13.75,1741,0.0,0.0
2024-06-03 10:15:00-04:00,13.729999542236328,13.729999542236328,13.65999984741211,13.65999984741211,5201,0.0,0.0
2024-06-03 10:20:00-04:00,13.649999618530273,13.710000038146973,13.646699905395508,13.6899995803833,6003,0.0,0.0
2024-06-03 10:25:00-04:00,13.6899995803833,13.6899995803833,13.619999885559082,13.619999885559082,1984,0.0,0.0
2024-06-03 10:30:00-04:00,13.59000015258789,13.605999946594238,13.59000015258789,13.59000015258789,1379,0.0,0.0
2024-06-03 10:35:00-04:00,13.484999656677246,13.484999656677246,13.484999656677246,13.484999656677246,4296,0.0,0.0
2024-06-03 10:40:00-04:00,13.5649995803833,13.579999923706055,13.5649995803833,13.579999923706055,1171,0.0,0.0
2024-06-03 10:45:00-04:00,13.5600004196167,13.569999694824219,13.479999542236328,13.505000114440918,2679,0.0,0.0
2024-06-03 10:50:00-04:00,13.380000114440918,13.390000343322754,13.350000381469727,13.390000343322754,1724,0.0,0.0
2024-06-03 11:00:00-04:00,13.399999618530273,13.449999809265137,13.399999618530273,13.430000305175781,3039,0.0,0.0
2024-06-03 11:05:00-04:00,13.40999984741211,13.4399995803833,13.385000228881836,13.4399995803833,2346,0.0,0.0
2024-06-03 11:10:00-04:00,13.436400413513184,13.479999542236328,13.436400413513184,13.4399995803833,1392,0.0,0.0
2024-06-03 11:15:00-04:00,13.479999542236328,13.510000228881836,13.479999542236328,13.510000228881836,4121,0.0,0.0
2024-06-03 11:20:00-04:00,13.520000457763672,13.539999961853027,13.520000457763672,13.524999618530273,3121,0.0,0.0
2024-06-03 11:25:00-04:00,13.5,13.5,13.470000267028809,13.5,2651,0.0,0.0
2024-06-03 11:30:00-04:00,13.529999732971191,13.539999961853027,13.520000457763672,13.524999618530273,2596,0.0,0.0
2024-06-03 11:35:00-04:00,13.529999732971191,13.555000305175781,13.529999732971191,13.555000305175781,1110,0.0,0.0
2024-06-03 11:40:00-04:00,13.550000190734863,13.579999923706055,13.529999732971191,13.579999923706055,5793,0.0,0.0
2024-06-03 11:45:00-04:00,13.579999923706055,13.619999885559082,13.569999694824219,13.609999656677246,5429,0.0,0.0
2024-06-03 11:50:00-04:00,13.600000381469727,13.600000381469727,13.539999961853027,13.5600004196167,10292,0.0,0.0
2024-06-03 11:55:00-04:00,13.555000305175781,13.572400093078613,13.529999732971191,13.529999732971191,1412,0.0,0.0
2024-06-03 12:00:00-04:00,13.529999732971191,13.545000076293945,13.520000457763672,13.520000457763672,1279,0.0,0.0
2024-06-03 12:05:00-04:00,13.550000190734863,13.637100219726562,13.550000190734863,13.637100219726562,3748,0.0,0.0
2024-06-03 12:10:00-04:00,13.616000175476074,13.625,13.539999961853027,13.539999961853027,3618,0.0,0.0
2024-06-03 12:15:00-04:00,13.5649995803833,13.630000114440918,13.5649995803833,13.609999656677246,3338,0.0,0.0
2024-06-03 12:20:00-04:00,13.5600004196167,13.5600004196167,13.5,13.515999794006348,5552,0.0,0.0
2024-06-03 12:30:00-04:00,13.524999618530273,13.539999961853027,13.430000305175781,13.444999694824219,3878,0.0,0.0
2024-06-03 12:35:00-04:00,13.430000305175781,13.520000457763672,13.430000305175781,13.520000457763672,2441,0.0,0.0
2024-06-03 12:40:00-04:00,13.529999732971191,13.569899559020996,13.5,13.569899559020996,4863,0.0,0.0
2024-06-03 12:45:00-04:00,13.569999694824219,13.609999656677246,13.569999694824219,13.609999656677246,4648,0.0,0.0
2024-06-03 12:50:00-04:00,13.609999656677246,13.630000114440918,13.5600004196167,13.619999885559082,3354,0.0,0.0
2024-06-03 12:55:00-04:00,13.619999885559082,13.649999618530273,13.619999885559082,13.640000343322754,2997,0.0,0.0
2024-06-03 13:00:00-04:00,13.630000114440918,13.630000114440918,13.619999885559082,13.619999885559082,1032,0.0,0.0
2024-06-03 13:05:00-04:00,13.649999618530273,13.670000076293945,13.630000114440918,13.649999618530273,1386,0.0,0.0
2024-06-03 13:10:00-04:00,13.670000076293945,13.670000076293945,13.630000114440918,13.630000114440918,2489,0.0,0.0
2024-06-03 13:15:00-04:00,13.652700424194336,13.65999984741211,13.619999885559082,13.619999885559082,2530,0.0,0.0
2024-06-03 13:20:00-04:00,13.59000015258789,13.59000015258789,13.520000457763672,13.520000457763672,936,0.0,0.0
2024-06-03 13:25:00-04:00,13.5,13.539999961853027,13.5,13.539999961853027,1960,0.0,0.0
2024-06-03 13:30:00-04:00,13.510000228881836,13.529999732971191,13.510000228881836,13.529999732971191,421,0.0,0.0
2024-06-03 13:35:00-04:00,13.5649995803833,13.5649995803833,13.550000190734863,13.5600004196167,3125,0.0,0.0
2024-06-03 13:40:00-04:00,13.5600004196167,13.5600004196167,13.539999961853027,13.5600004196167,2332,0.0,0.0
2024-06-03 13:45:00-04:00,13.569999694824219,13.59000015258789,13.569999694824219,13.569999694824219,1196,0.0,0.0
2024-06-03 13:50:00-04:00,13.569999694824219,13.569999694824219,13.5600004196167,13.5600004196167,970,0.0,0.0
2024-06-03 13:55:00-04:00,13.5600004196167,13.5649995803833,13.54010009765625,13.54010009765625,1698,0.0,0.0
2024-06-03 14:00:00-04:00,13.539999961853027,13.5600004196167,13.539999961853027,13.5600004196167,2957,0.0,0.0
2024-06-03 14:05:00-04:00,13.569999694824219,13.609999656677246,13.569999694824219,13.609999656677246,1211,0.0,0.0
2024-06-03 14:10:00-04:00,13.59000015258789,13.640000343322754,13.59000015258789,13.640000343322754,2994,0.0,0.0
2024-06-03 14:15:00-04:00,13.640000343322754,13.6899995803833,13.609999656677246,13.609999656677246,3045,0.0,0.0
2024-06-03 14:20:00-04:00,13.609999656677246,13.630000114440918,13.59000015258789,13.59000015258789,1463,0.0,0.0
2024-06-03 14:25:00-04:00,13.600000381469727,13.6899995803833,13.600000381469727,13.6899995803833,2768,0.0,0.0
2024-06-03 14:30:00-04:00,13.675000190734863,13.6899995803833,13.675000190734863,13.6850004196167,3642,0.0,0.0
2024-06-03 14:35:00-04:00,13.685999870300293,13.710000038146973,13.680000305175781,13.6899995803833,2369,0.0,0.0
2024-06-03 14:40:00-04:00,13.699999809265137,13.699999809265137,13.65999984741211,13.65999984741211,2217,0.0,0.0
2024-06-03 14:45:00-04:00,13.65999984741211,13.65999984741211,13.630000114440918,13.630000114440918,2264,0.0,0.0
2024-06-03 14:50:00-04:00,13.65999984741211,13.65999984741211,13.640000343322754,13.640000343322754,1135,0.0,0.0
2024-06-03 14:55:00-04:00,13.630000114440918,13.630000114440918,13.619999885559082,13.619999885559082,1113,0.0,0.0
2024-06-03 15:00:00-04:00,13.614999771118164,13.640000343322754,13.614999771118164,13.630000114440918,3606,0.0,0.0
2024-06-03 15:05:00-04:00,13.619999885559082,13.619999885559082,13.600000381469727,13.609999656677246,3219,0.0,0.0
2024-06-03 15:10:00-04:00,13.609999656677246,13.630000114440918,13.609999656677246,13.630000114440918,1646,0.0,0.0
2024-06-03 15:15:00-04:00,13.614999771118164,13.659600257873535,13.614999771118164,13.640000343322754,3781,0.0,0.0
2024-06-03 15:20:00-04:00,13.640000343322754,13.65999984741211,13.640000343322754,13.65999984741211,2329,0.0,0.0
2024-06-03 15:25:00-04:00,13.649999618530273,13.760000228881836,13.649999618530273,13.739999771118164,9967,0.0,0.0
2024-06-03 15:30:00-04:00,13.729999542236328,13.770000457763672,13.729999542236328,13.75,3180,0.0,0.0
2024-06-03 15:35:00-04:00,13.734999656677246,13.744999885559082,13.720000267028809,13.744999885559082,3172,0.0,0.0
2024-06-03 15:40:00-04:00,13.729999542236328,13.729999542236328,13.670000076293945,13.704999923706055,10054,0.0,0.0
2024-06-03 15:45:00-04:00,13.699999809265137,13.699999809265137,13.649999618530273,13.649999618530273,7045,0.0,0.0
2024-06-03 15:50:00-04:00,13.649999618530273,13.6899995803833,13.630000114440918,13.670000076293945,11673,0.0,0.0
2024-06-03 15:55:00-04:00,13.654999732971191,13.670000076293945,13.609999656677246,13.670000076293945,25547,0.0,0.0
2024-06-04 09:30:00-04:00,13.510000228881836,13.595000267028809,13.470000267028809,13.529999732971191,7671,0.0,0.0
2024-06-04 09:35:00-04:00,13.475000381469727,13.529999732971191,13.449999809265137,13.479999542236328,931,0.0,0.0
2024-06-04 09:40:00-04:00,13.430000305175781,13.449999809265137,13.399999618530273,13.430000305175781,1183,0.0,0.0
2024-06-04 09:45:00-04:00,13.399999618530273,13.430000305175781,13.399999618530273,13.420000076293945,3447,0.0,0.0
2024-06-04 09:50:00-04:00,13.4399995803833,13.489999771118164,13.430000305175781,13.489999771118164,1782,0.0,0.0
2024-06-04 09:55:00-04:00,13.4399995803833,13.489999771118164,13.430000305175781,13.484999656677246,3067,0.0,0.0
2024-06-04 10:00:00-04:00,13.529999732971191,13.600000381469727,13.529999732971191,13.569999694824219,1502,0.0,0.0
2024-06-04 10:05:00-04:00,13.579999923706055,13.579999923706055,13.579999923706055,13.579999923706055,598,0.0,0.0
2024-06-04 10:10:00-04:00,13.600000381469727,13.600000381469727,13.399999618530273,13.399999618530273,5375,0.0,0.0
2024-06-04 10:15:00-04:00,13.4399995803833,13.479999542236328,13.390000343322754,13.390000343322754,1135,0.0,0.0
2024-06-04 10:20:00-04:00,13.40999984741211,13.40999984741211,13.385000228881836,13.40999984741211,781,0.0,0.0
2024-06-04 10:25:00-04:00,13.380000114440918,13.40999984741211,13.3100004196167,13.324999809265137,1793,0.0,0.0
2024-06-04 10:30:00-04:00,13.300000190734863,13.40999984741211,13.300000190734863,13.40999984741211,3827,0.0,0.0
2024-06-04 10:35:00-04:00,13.40999984741211,13.40999984741211,13.390000343322754,13.40999984741211,1018,0.0,0.0
2024-06-04 10:40:00-04:00,13.40999984741211,13.40999984741211,13.380000114440918,13.40999984741211,1953,0.0,0.0
2024-06-04 10:45:00-04:00,13.369999885559082,13.399999618530273,13.369999885559082,13.399999618530273,1252,0.0,0.0
2024-06-04 10:50:00-04:00,13.350000381469727,13.390000343322754,13.350000381469727,13.390000343322754,2241,0.0,0.0
2024-06-04 10:55:00-04:00,13.359999656677246,13.390000343322754,13.359999656677246,13.390000343322754,662,0.0,0.0
2024-06-04 11:00:00-04:00,13.380000114440918,13.390000343322754,13.380000114440918,13.38070011138916,3172,0.0,0.0
2024-06-04 11:05:00-04:00,13.359999656677246,13.380000114440918,13.34000015258789,13.369999885559082,2159,0.0,0.0
2024-06-04 11:15:00-04:00,13.3149995803833,13.3149995803833,13.3149995803833,13.3149995803833,1213,0.0,0.0
2024-06-04 11:20:00-04:00,13.319999694824219,13.34000015258789,13.3100004196167,13.329999923706055,3091,0.0,0.0
2024-06-04 11:25:00-04:00,13.329999923706055,13.350000381469727,13.329999923706055,13.350000381469727,899,0.0,0.0
2024-06-04 11:30:00-04:00,13.350000381469727,13.420000076293945,13.350000381469727,13.420000076293945,5962,0.0,0.0
2024-06-04 11:35:00-04:00,13.420000076293945,13.449999809265137,13.420000076293945,13.449999809265137,895,0.0,0.0
2024-06-04 11:40:00-04:00,13.449999809265137,13.449999809265137,13.380000114440918,13.395000457763672,1822,0.0,0.0
2024-06-04 11:45:00-04:00,13.369999885559082,13.369999885559082,13.29010009765625,13.3100004196167,3262,0.0,0.0
2024-06-04 11:50:00-04:00,13.239999771118164,13.300000190734863,13.239999771118164,13.300000190734863,5308,0.0,0.0
2024-06-04 11:55:00-04:00,13.28499984741211,13.28499984741211,13.210000038146973,13.210000038146973,1630,0.0,0.0
2024-06-04 12:00:00-04:00,13.210000038146973,13.239999771118164,13.180000305175781,13.239999771118164,3504,0.0,0.0
2024-06-04 12:05:00-04:00,13.210000038146973,13.239999771118164,13.149999618530273,13.239999771118164,3487,0.0,0.0
2024-06-04 12:10:00-04:00,13.260000228881836,13.300000190734863,13.260000228881836,13.300000190734863,1891,0.0,0.0
2024-06-04 12:15:00-04:00,13.28499984741211,13.3100004196167,13.270000457763672,13.279999732971191,3097,0.0,0.0
2024-06-04 12:20:00-04:00,13.319999694824219,13.369999885559082,13.319999694824219,13.369999885559082,1592,0.0,0.0
2024-06-04 12:25:00-04:00,13.380000114440918,13.380000114440918,13.380000114440918,13.380000114440918,140,0.0,0.0
2024-06-04 12:30:00-04:00,13.319999694824219,13.380000114440918,13.319999694824219,13.350000381469727,1730,0.0,0.0
2024-06-04 12:40:00-04:00,13.319999694824219,13.369999885559082,13.319999694824219,13.368000030517578,955,0.0,0.0
2024-06-04 12:45:00-04:00,13.369999885559082,13.399999618530273,13.350000381469727,13.350000381469727,4566,0.0,0.0
2024-06-04 12:50:00-04:00,13.305000305175781,13.350000381469727,13.305000305175781,13.320099830627441,3265,0.0,0.0
2024-06-04 12:55:00-04:00,13.319999694824219,13.335000038146973,13.28499984741211,13.28499984741211,2248,0.0,0.0
2024-06-04 13:00:00-04:00,13.3100004196167,13.329999923706055,13.3100004196167,13.329999923706055,1441,0.0,0.0
2024-06-04 13:05:00-04:00,13.3149995803833,13.3149995803833,13.3149995803833,13.3149995803833,1080,0.0,0.0
2024-06-04 13:10:00-04:00,13.319999694824219,13.369999885559082,13.319999694824219,13.369999885559082,2725,0.0,0.0
2024-06-04 13:15:00-04:00,13.340100288391113,13.430000305175781,13.340100288391113,13.430000305175781,5676,0.0,0.0
2024-06-04 13:20:00-04:00,13.390000343322754,13.40999984741211,13.390000343322754,13.40999984741211,973,0.0,0.0
2024-06-04 13:25:00-04:00,13.395000457763672,13.399999618530273,13.395000457763672,13.399999618530273,1924,0.0,0.0
2024-06-04 13:30:00-04:00,13.40999984741211,13.40999984741211,13.329999923706055,13.369799613952637,3363,0.0,0.0
2024-06-04 13:35:00-04:00,13.34000015258789,13.380000114440918,13.34000015258789,13.380000114440918,3183,0.0,0.0
2024-06-04 13:40:00-04:00,13.390000343322754,13.390000343322754,13.390000343322754,13.390000343322754,1190,0.0,0.0
2024-06-04 13:45:00-04:00,13.369999885559082,13.369999885559082,13.369999885559082,13.369999885559082,693,0.0,0.0
2024-06-04 13:50:00-04:00,13.350000381469727,13.380000114440918,13.350000381469727,13.359999656677246,2405,0.0,0.0
2024-06-04 13:55:00-04:00,13.329999923706055,13.329999923706055,13.3100004196167,13.3149995803833,6119,0.0,0.0
2024-06-04 14:00:00-04:00,13.324999809265137,13.34000015258789,13.324999809265137,13.34000015258789,1152,0.0,0.0
2024-06-04 14:05:00-04:00,13.3100004196167,13.3100004196167,13.289999961853027,13.289999961853027,7565,0.0,0.0
2024-06-04 14:10:00-04:00,13.255000114440918,13.270000457763672,13.229999542236328,13.229999542236328,2271,0.0,0.0
2024-06-04 14:15:00-04:00,13.1899995803833,13.21500015258789,13.175000190734863,13.175000190734863,1938,0.0,0.0
2024-06-04 14:20:00-04:00,13.1899995803833,13.199999809265137,13.1899995803833,13.199999809265137,1141,0.0,0.0
2024-06-04 14:25:00-04:00,13.180000305175781,13.220000267028809,13.180000305175781,13.220000267028809,2194,0.0,0.0
2024-06-04 14:30:00-04:00,13.204999923706055,13.239999771118164,13.204999923706055,13.239999771118164,2345,0.0,0.0
2024-06-04 14:35:00-04:00,13.239999771118164,13.260000228881836,13.239999771118164,13.260000228881836,2207,0.0,0.0
2024-06-04 14:40:00-04:00,13.270000457763672,13.270000457763672,13.270000457763672,13.270000457763672,1182,0.0,0.0
2024-06-04 14:45:00-04:00,13.25,13.25,13.25,13.25,1661,0.0,0.0
2024-06-04 14:50:00-04:00,13.229999542236328,13.229999542236328,13.229999542236328,13.229999542236328,485,0.0,0.0
2024-06-04 14:55:00-04:00,13.229999542236328,13.229999542236328,13.15999984741211,13.170000076293945,6885,0.0,0.0
2024-06-04 15:00:00-04:00,13.130000114440918,13.130000114440918,13.079999923706055,13.079999923706055,1333,0.0,0.0
2024-06-04 15:05:00-04:00,13.09000015258789,13.130000114440918,13.09000015258789,13.109999656677246,3315,0.0,0.0
2024-06-04 15:10:00-04:00,13.09000015258789,13.109999656677246,13.074999809265137,13.074999809265137,3328,0.0,0.0
2024-06-04 15:15:00-04:00,13.074999809265137,13.119999885559082,13.074999809265137,13.09000015258789,5362,0.0,0.0
2024-06-04 15:20:00-04:00,13.079999923706055,13.119999885559082,13.069999694824219,13.069999694824219,4594,0.0,0.0
2024-06-04 15:25:00-04:00,13.074999809265137,13.140000343322754,13.069999694824219,13.130000114440918,5205,0.0,0.0
2024-06-04 15:30:00-04:00,13.119999885559082,13.170000076293945,13.104999542236328,13.154999732971191,4597,0.0,0.0
2024-06-04 15:35:00-04:00,13.149999618530273,13.170000076293945,13.149999618530273,13.170000076293945,2699,0.0,0.0
2024-06-04 15:40:00-04:00,13.149999618530273,13.220000267028809,13.149999618530273,13.220000267028809,7664,0.0,0.0
2024-06-04 15:45:00-04:00,13.210000038146973,13.210000038146973,13.1899995803833,13.199999809265137,7134,0.0,0.0
2024-06-04 15:50:00-04:00,13.199999809265137,13.279999732971191,13.199999809265137,13.279999732971191,13310,0.0,0.0
2024-06-04 15:55:00-04:00,13.270000457763672,13.270000457763672,13.210000038146973,13.239999771118164,25760,0.0,0.0
2024-06-05 09:30:00-04:00,13.130000114440918,13.1899995803833,13.041000366210938,13.1899995803833,16798,0.0,0.0
2024-06-05 09:35:00-04:00,13.085000038146973,13.085000038146973,12.649999618530273,12.649999618530273,4726,0.0,0.0
2024-06-05 09:40:00-04:00,12.645000457763672,12.871800422668457,12.645000457763672,12.73550033569336,2249,0.0,0.0
2024-06-05 09:45:00-04:00,12.75,12.90999984741211,12.75,12.90999984741211,6409,0.0,0.0
2024-06-05 09:50:00-04:00,12.859999656677246,12.859999656677246,12.835000038146973,12.835000038146973,1846,0.0,0.0
2024-06-05 09:55:00-04:00,12.880000114440918,12.979700088500977,12.880000114440918,12.979700088500977,2368,0.0,0.0
2024-06-05 10:00:00-04:00,12.920000076293945,12.970000267028809,12.90999984741211,12.970000267028809,2528,0.0,0.0
2024-06-05 10:05:00-04:00,12.949999809265137,12.970999717712402,12.949999809265137,12.970999717712402,2668,0.0,0.0
2024-06-05 10:10:00-04:00,12.979999542236328,13.029999732971191,12.979999542236328,13.0,3478,0.0,0.0
2024-06-05 10:15:00-04:00,12.994999885559082,13.020000457763672,12.994999885559082,13.020000457763672,1628,0.0,0.0
2024-06-05 10:20:00-04:00,12.970000267028809,13.0,12.970000267028809,13.0,497,0.0,0.0
2024-06-05 10:25:00-04:00,12.994999885559082,12.994999885559082,12.9399995803833,12.9399995803833,1355,0.0,0.0
2024-06-05 10:30:00-04:00,12.960000038146973,12.970999717712402,12.920000076293945,12.920000076293945,1959,0.0,0.0
2024-06-05 10:35:00-04:00,12.899999618530273,12.899999618530273,12.890000343322754,12.899999618530273,1745,0.0,0.0
2024-06-05 10:40:00-04:00,12.890000343322754,12.890000343322754,12.649999618530273,12.649999618530273,24940,0.0,0.0
2024-06-05 10:45:00-04:00,12.619999885559082,12.619999885559082,12.5600004196167,12.585000038146973,3436,0.0,0.0
2024-06-05 10:55:00-04:00,12.550000190734863,12.550000190734863,12.460000038146973,12.460000038146973,3246,0.0,0.0
2024-06-05 11:00:00-04:00,12.489999771118164,12.529999732971191,12.489999771118164,12.529999732971191,5266,0.0,0.0
2024-06-05 11:05:00-04:00,12.511300086975098,12.511300086975098,12.456299781799316,12.456299781799316,1200,0.0,0.0
2024-06-05 11:10:00-04:00,12.484999656677246,12.529999732971191,12.484999656677246,12.510000228881836,3624,0.0,0.0
2024-06-05 11:15:00-04:00,12.5,12.5,12.5,12.5,1571,0.0,0.0
2024-06-05 11:20:00-04:00,12.479999542236328,12.529999732971191,12.479999542236328,12.529999732971191,2153,0.0,0.0
2024-06-05 11:25:00-04:00,12.5600004196167,12.600000381469727,12.545000076293945,12.587200164794922,2033,0.0,0.0
2024-06-05 11:30:00-04:00,12.581899642944336,12.581899642944336,12.539999961853027,12.539999961853027,1694,0.0,0.0
2024-06-05 11:40:00-04:00,12.5600004196167,12.5600004196167,12.5600004196167,12.5600004196167,798,0.0,0.0
2024-06-05 11:45:00-04:00,12.545000076293945,12.569999694824219,12.539999961853027,12.5649995803833,4847,0.0,0.0
2024-06-05 11:50:00-04:00,12.579999923706055,12.579999923706055,12.569999694824219,12.569999694824219,546,0.0,0.0
2024-06-05 11:55:00-04:00,12.579999923706055,12.59000015258789,12.579999923706055,12.579999923706055,1276,0.0,0.0
2024-06-05 12:00:00-04:00,12.579999923706055,12.579999923706055,12.579999923706055,12.579999923706055,964,0.0,0.0
2024-06-05 12:05:00-04:00,12.529999732971191,12.5600004196167,12.529999732971191,12.556500434875488,3225,0.0,0.0
2024-06-05 12:20:00-04:00,12.550000190734863,12.550000190734863,12.510000228881836,12.520000457763672,2952,0.0,0.0
2024-06-05 12:25:00-04:00,12.539999961853027,12.539999961853027,12.539999961853027,12.539999961853027,944,0.0,0.0
2024-06-05 12:30:00-04:00,12.5600004196167,12.59000015258789,12.5600004196167,12.579999923706055,5697,0.0,0.0
2024-06-05 12:35:00-04:00,12.5600004196167,12.619600296020508,12.5600004196167,12.604999542236328,1603,0.0,0.0
2024-06-05 12:40:00-04:00,12.617799758911133,12.680000305175781,12.617799758911133,12.680000305175781,8367,0.0,0.0
2024-06-05 12:45:00-04:00,12.6899995803833,12.736100196838379,12.6899995803833,12.710000038146973,7657,0.0,0.0
2024-06-05 12:50:00-04:00,12.720000267028809,12.729999542236328,12.710000038146973,12.729999542236328,1407,0.0,0.0
2024-06-05 12:55:00-04:00,12.710000038146973,12.710000038146973,12.710000038146973,12.710000038146973,1225,0.0,0.0
2024-06-05 13:00:00-04:00,12.699999809265137,12.699999809265137,12.699999809265137,12.699999809265137,2010,0.0,0.0
2024-06-05 13:15:00-04:00,12.6899995803833,12.6899995803833,12.640000343322754,12.6899995803833,2909,0.0,0.0
2024-06-05 13:20:00-04:00,12.649999618530273,12.649999618530273,12.649999618530273,12.649999618530273,420,0.0,0.0
2024-06-05 13:25:00-04:00,12.65999984741211,12.65999984741211,12.654999732971191,12.654999732971191,737,0.0,0.0
2024-06-05 13:30:00-04:00,12.630000114440918,12.630000114440918,12.630000114440918,12.630000114440918,750,0.0,0.0
2024-06-05 13:35:00-04:00,12.619999885559082,12.619999885559082,12.614999771118164,12.614999771118164,1059,0.0,0.0
2024-06-05 13:40:00-04:00,12.635000228881836,12.635000228881836,12.635000228881836,12.635000228881836,764,0.0,0.0
2024-06-05 13:45:00-04:00,12.640000343322754,12.640000343322754,12.640000343322754,12.640000343322754,1964,0.0,0.0
2024-06-05 13:50:00-04:00,12.649999618530273,12.670000076293945,12.649999618530273,12.654999732971191,1487,0.0,0.0
2024-06-05 13:55:00-04:00,12.649999618530273,12.649999618530273,12.625,12.625,3719,0.0,0.0
2024-06-05 14:00:00-04:00,12.562000274658203,12.562000274658203,12.562000274658203,12.562000274658203,1837,0.0,0.0
2024-06-05 14:05:00-04:00,12.569999694824219,12.579999923706055,12.5649995803833,12.569999694824219,3562,0.0,0.0
2024-06-05 14:15:00-04:00,12.609999656677246,12.609999656677246,12.600000381469727,12.600000381469727,1518,0.0,0.0
2024-06-05 14:20:00-04:00,12.609999656677246,12.609999656677246,12.600000381469727,12.600000381469727,927,0.0,0.0
2024-06-05 14:25:00-04:00,12.609999656677246,12.670999526977539,12.609999656677246,12.670999526977539,2531,0.0,0.0
2024-06-05 14:30:00-04:00,12.649999618530273,12.649999618530273,12.619999885559082,12.649999618530273,3306,0.0,0.0
2024-06-05 14:40:00-04:00,12.645000457763672,12.670000076293945,12.645000457763672,12.670000076293945,1340,0.0,0.0
2024-06-05 14:45:00-04:00,12.670000076293945,12.680000305175781,12.670000076293945,12.680000305175781,1224,0.0,0.0
2024-06-05 14:50:00-04:00,12.6899995803833,12.729999542236328,12.6899995803833,12.71500015258789,4621,0.0,0.0
2024-06-05 14:55:00-04:00,12.739999771118164,12.739999771118164,12.739999771118164,12.739999771118164,1025,0.0,0.0
2024-06-05 15:05:00-04:00,12.723600387573242,12.723600387573242,12.710000038146973,12.710000038146973,1919,0.0,0.0
2024-06-05 15:10:00-04:00,12.710000038146973,12.710000038146973,12.680000305175781,12.680000305175781,2666,0.0,0.0
2024-06-05 15:20:00-04:00,12.65999984741211,12.720000267028809,12.65999984741211,12.720000267028809,3025,0.0,0.0
2024-06-05 15:25:00-04:00,12.710000038146973,12.710000038146973,12.649999618530273,12.649999618530273,3697,0.0,0.0
2024-06-05 15:30:00-04:00,12.630000114440918,12.630000114440918,12.59000015258789,12.59000015258789,3080,0.0,0.0
2024-06-05 15:35:00-04:00,12.59000015258789,12.609999656677246,12.59000015258789,12.600000381469727,5271,0.0,0.0
2024-06-05 15:40:00-04:00,12.609999656677246,12.609999656677246,12.569999694824219,12.569999694824219,3602,0.0,0.0
2024-06-05 15:45:00-04:00,12.5600004196167,12.630000114440918,12.5600004196167,12.630000114440918,8541,0.0,0.0
2024-06-05 15:50:00-04:00,12.619999885559082,12.640000343322754,12.5600004196167,12.609999656677246,12498,0.0,0.0
2024-06-05 15:55:00-04:00,12.619999885559082,12.630000114440918,12.5600004196167,12.5600004196167,20503,0.0,0.0
2024-06-06 09:30:00-04:00,12.579999923706055,12.579999923706055,12.449999809265137,12.489999771118164,13450,0.0,0.0
2024-06-06 09:35:00-04:00,12.420000076293945,12.539999961853027,12.420000076293945,12.53499984741211,2172,0.0,0.0
2024-06-06 09:40:00-04:00,12.5600004196167,12.569999694824219,12.5600004196167,12.569999694824219,879,0.0,0.0
2024-06-06 09:45:00-04:00,12.710000038146973,12.710000038146973,12.670000076293945,12.6899995803833,6041,0.0,0.0
2024-06-06 09:50:00-04:00,12.699999809265137,12.739999771118164,12.699999809265137,12.739999771118164,6145,0.0,0.0
2024-06-06 09:55:00-04:00,12.710000038146973,12.779999732971191,12.699999809265137,12.779999732971191,3769,0.0,0.0
2024-06-06 10:00:00-04:00,12.78499984741211,12.829999923706055,12.734999656677246,12.774999618530273,2588,0.0,0.0
2024-06-06 10:05:00-04:00,12.78499984741211,12.8100004196167,12.774999618530273,12.774999618530273,1484,0.0,0.0
2024-06-06 10:10:00-04:00,12.8100004196167,12.8100004196167,12.8100004196167,12.8100004196167,1106,0.0,0.0
2024-06-06 10:15:00-04:00,12.649999618530273,12.649999618530273,12.649999618530273,12.649999618530273,577,0.0,0.0
2024-06-06 10:20:00-04:00,12.569999694824219,12.619999885559082,12.569999694824219,12.619999885559082,611,0.0,0.0
2024-06-06 10:30:00-04:00,12.590999603271484,12.600000381469727,12.590999603271484,12.600000381469727,1395,0.0,0.0
2024-06-06 10:35:00-04:00,12.619999885559082,12.619999885559082,12.619999885559082,12.619999885559082,532,0.0,0.0
2024-06-06 10:40:00-04:00,12.609999656677246,12.609999656677246,12.609999656677246,12.609999656677246,802,0.0,0.0
2024-06-06 10:45:00-04:00,12.595000267028809,12.640000343322754,12.595000267028809,12.640000343322754,1270,0.0,0.0
2024-06-06 10:50:00-04:00,12.630000114440918,12.640000343322754,12.619999885559082,12.619999885559082,1867,0.0,0.0
2024-06-06 10:55:00-04:00,12.600000381469727,12.600000381469727,12.600000381469727,12.600000381469727,426,0.0,0.0
2024-06-06 11:05:00-04:00,12.569999694824219,12.600000381469727,12.569999694824219,12.59000015258789,1796,0.0,0.0
2024-06-06 11:10:00-04:00,12.607799530029297,12.607799530029297,12.607799530029297,12.607799530029297,387,0.0,0.0
2024-06-06 11:15:00-04:00,12.619999885559082,12.65999984741211,12.614999771118164,12.65999984741211,1115,0.0,0.0
2024-06-06 11:20:00-04:00,12.65999984741211,12.710000038146973,12.65999984741211,12.710000038146973,1287,0.0,0.0
2024-06-06 11:25:00-04:00,12.6899995803833,12.8100004196167,12.6899995803833,12.795000076293945,5275,0.0,0.0
2024-06-06 11:30:00-04:00,12.8100004196167,12.8100004196167,12.805000305175781,12.805000305175781,1222,0.0,0.0
2024-06-06 11:35:00-04:00,12.84000015258789,12.84000015258789,12.84000015258789,12.84000015258789,566,0.0,0.0
2024-06-06 11:40:00-04:00,12.819999694824219,12.845000267028809,12.819999694824219,12.845000267028809,2106,0.0,0.0
2024-06-06 11:45:00-04:00,12.859999656677246,12.859999656677246,12.789999961853027,12.789999961853027,3183,0.0,0.0
2024-06-06 11:50:00-04:00,12.782099723815918,12.809800148010254,12.782099723815918,12.809700012207031,1183,0.0,0.0
2024-06-06 11:55:00-04:00,12.800000190734863,12.824999809265137,12.789999961853027,12.824999809265137,3559,0.0,0.0
2024-06-06 12:00:00-04:00,12.829999923706055,12.86989974975586,12.829999923706055,12.859999656677246,3513,0.0,0.0
2024-06-06 12:05:00-04:00,12.859999656677246,12.859999656677246,12.789999961853027,12.789999961853027,3257,0.0,0.0
2024-06-06 12:10:00-04:00,12.789999961853027,12.789999961853027,12.789999961853027,12.789999961853027,653,0.0,0.0
2024-06-06 12:15:00-04:00,12.791000366210938,12.859999656677246,12.791000366210938,12.8100004196167,3373,0.0,0.0
2024-06-06 12:20:00-04:00,12.789999961853027,12.789999961853027,12.770000457763672,12.78499984741211,1480,0.0,0.0
2024-06-06 12:25:00-04:00,12.765000343322754,12.8100004196167,12.765000343322754,12.8100004196167,1799,0.0,0.0
2024-06-06 12:30:00-04:00,12.829999923706055,12.829999923706055,12.8100004196167,12.824999809265137,1564,0.0,0.0
2024-06-06 12:35:00-04:00,12.8100004196167,12.829999923706055,12.8100004196167,12.829999923706055,1252,0.0,0.0
2024-06-06 12:40:00-04:00,12.819999694824219,12.824999809265137,12.819999694824219,12.824999809265137,1695,0.0,0.0
2024-06-06 12:45:00-04:00,12.8100004196167,12.8100004196167,12.770000457763672,12.789999961853027,6540,0.0,0.0
2024-06-06 12:50:00-04:00,12.739999771118164,12.770000457763672,12.729999542236328,12.760000228881836,11846,0.0,0.0
2024-06-06 12:55:00-04:00,12.739999771118164,12.739999771118164,12.6899995803833,12.699999809265137,1893,0.0,0.0
2024-06-06 13:00:00-04:00,12.720000267028809,12.720000267028809,12.620599746704102,12.620599746704102,4198,0.0,0.0
2024-06-06 13:05:00-04:00,12.670000076293945,12.680000305175781,12.670000076293945,12.680000305175781,978,0.0,0.0
2024-06-06 13:10:00-04:00,12.680000305175781,12.720000267028809,12.680000305175781,12.710000038146973,1358,0.0,0.0
2024-06-06 13:20:00-04:00,12.6899995803833,12.699999809265137,12.6899995803833,12.699999809265137,1428,0.0,0.0
2024-06-06 13:25:00-04:00,12.720000267028809,12.760000228881836,12.720000267028809,12.760000228881836,2683,0.0,0.0
2024-06-06 13:30:00-04:00,12.755000114440918,12.779999732971191,12.755000114440918,12.779999732971191,476,0.0,0.0
2024-06-06 13:35:00-04:00,12.779999732971191,12.789999961853027,12.779999732971191,12.787199974060059,1910,0.0,0.0
2024-06-06 13:45:00-04:00,12.770000457763672,12.770000457763672,12.760000228881836,12.760000228881836,1032,0.0,0.0
2024-06-06 13:50:00-04:00,12.765000343322754,12.765000343322754,12.75,12.755000114440918,1207,0.0,0.0
2024-06-06 13:55:00-04:00,12.739999771118164,12.75,12.680000305175781,12.680000305175781,3865,0.0,0.0
2024-06-06 14:00:00-04:00,12.6899995803833,12.720000267028809,12.6899995803833,12.720000267028809,2333,0.0,0.0
2024-06-06 14:05:00-04:00,12.6899995803833,12.710000038146973,12.649999618530273,12.65999984741211,2561,0.0,0.0
2024-06-06 14:10:00-04:00,12.664999961853027,12.670000076293945,12.65999984741211,12.670000076293945,3611,0.0,0.0
2024-06-06 14:15:00-04:00,12.670000076293945,12.670000076293945,12.670000076293945,12.670000076293945,1274,0.0,0.0
2024-06-06 14:25:00-04:00,12.680000305175781,12.680000305175781,12.670000076293945,12.670000076293945,2779,0.0,0.0
2024-06-06 14:35:00-04:00,12.670000076293945,12.670000076293945,12.670000076293945,12.670000076293945,796,0.0,0.0
2024-06-06 14:40:00-04:00,12.670000076293945,12.6899995803833,12.670000076293945,12.670000076293945,2911,0.0,0.0
2024-06-06 14:45:00-04:00,12.680000305175781,12.680000305175781,12.649999618530273,12.649999618530273,2264,0.0,0.0
2024-06-06 14:50:00-04:00,12.654999732971191,12.680000305175781,12.650400161743164,12.680000305175781,1991,0.0,0.0
2024-06-06 14:55:00-04:00,12.670000076293945,12.670000076293945,12.640000343322754,12.640000343322754,3451,0.0,0.0
2024-06-06 15:05:00-04:00,12.600000381469727,12.614999771118164,12.600000381469727,12.614999771118164,1675,0.0,0.0
2024-06-06 15:10:00-04:00,12.629899978637695,12.629899978637695,12.579999923706055,12.59000015258789,3776,0.0,0.0
2024-06-06 15:15:00-04:00,12.579999923706055,12.600000381469727,12.579999923706055,12.600000381469727,2973,0.0,0.0
2024-06-06 15:20:00-04:00,12.604999542236328,12.640000343322754,12.600000381469727,12.640000343322754,1844,0.0,0.0
2024-06-06 15:25:00-04:00,12.640000343322754,12.649999618530273,12.640000343322754,12.640000343322754,1693,0.0,0.0
2024-06-06 15:30:00-04:00,12.630000114440918,12.640000343322754,12.606599807739258,12.630000114440918,4444,0.0,0.0
2024-06-06 15:35:00-04:00,12.640000343322754,12.649999618530273,12.59000015258789,12.600000381469727,6374,0.0,0.0
2024-06-06 15:40:00-04:00,12.609999656677246,12.630000114440918,12.600000381469727,12.600000381469727,4405,0.0,0.0
2024-06-06 15:45:00-04:00,12.600000381469727,12.609999656677246,12.579999923706055,12.600000381469727,6070,0.0,0.0
2024-06-06 15:50:00-04:00,12.609999656677246,12.670000076293945,12.600000381469727,12.670000076293945,12229,0.0,0.0
2024-06-06 15:55:00-04:00,12.680000305175781,12.710000038146973,12.670000076293945,12.680000305175781,29226,0.0,0.0
2024-06-07 09:30:00-04:00,12.359999656677246,12.489999771118164,12.359999656677246,12.489999771118164,5644,0.0,0.0
2024-06-07 09:35:00-04:00,12.588600158691406,12.588600158691406,12.550000190734863,12.550000190734863,613,0.0,0.0
2024-06-07 09:40:00-04:00,12.59000015258789,12.680000305175781,12.59000015258789,12.680000305175781,851,0.0,0.0
2024-06-07 09:50:00-04:00,12.75,12.75,12.75,12.75,543,0.0,0.0
2024-06-07 09:55:00-04:00,12.579999923706055,12.579999923706055,12.5600004196167,12.5600004196167,1794,0.0,0.0
2024-06-07 10:00:00-04:00,12.5600004196167,12.579999923706055,12.520000457763672,12.520000457763672,5324,0.0,0.0
2024-06-07 10:05:00-04:00,12.539999961853027,12.555000305175781,12.515000343322754,12.555000305175781,1325,0.0,0.0
2024-06-07 10:10:00-04:00,12.545000076293945,12.5600004196167,12.545000076293945,12.5600004196167,233,0.0,0.0
2024-06-07 10:15:00-04:00,12.569999694824219,12.579999923706055,12.569999694824219,12.579999923706055,2027,0.0,0.0
2024-06-07 10:20:00-04:00,12.555000305175781,12.555000305175781,12.555000305175781,12.555000305175781,545,0.0,0.0
2024-06-07 10:25:00-04:00,12.579999923706055,12.579999923706055,12.579999923706055,12.579999923706055,1072,0.0,0.0
2024-06-07 10:30:00-04:00,12.616999626159668,12.616999626159668,12.600000381469727,12.600000381469727,1308,0.0,0.0
2024-06-07 10:35:00-04:00,12.520000457763672,12.550000190734863,12.520000457763672,12.520000457763672,1358,0.0,0.0
2024-06-07 10:45:00-04:00,12.579999923706055,12.579999923706055,12.579999923706055,12.579999923706055,556,0.0,0.0
2024-06-07 10:50:00-04:00,12.555999755859375,12.555999755859375,12.494999885559082,12.520000457763672,7659,0.0,0.0
2024-06-07 10:55:00-04:00,12.420000076293945,12.440999984741211,12.420000076293945,12.440999984741211,1639,0.0,0.0
2024-06-07 11:10:00-04:00,12.399999618530273,12.399999618530273,12.364999771118164,12.364999771118164,1534,0.0,0.0
2024-06-07 11:15:00-04:00,12.345000267028809,12.345000267028809,12.289999961853027,12.3100004196167,3412,0.0,0.0
2024-06-07 11:20:00-04:00,12.279999732971191,12.319999694824219,12.270000457763672,12.319999694824219,2589,0.0,0.0
2024-06-07 11:25:00-04:00,12.34000015258789,12.359600067138672,12.3100004196167,12.3100004196167,1979,0.0,0.0
2024-06-07 11:30:00-04:00,12.3100004196167,12.319999694824219,12.199999809265137,12.239999771118164,14657,0.0,0.0
2024-06-07 11:35:00-04:00,12.240300178527832,12.279999732971191,12.240300178527832,12.279999732971191,1342,0.0,0.0
2024-06-07 11:40:00-04:00,12.289999961853027,12.289999961853027,12.289999961853027,12.289999961853027,1289,0.0,0.0
2024-06-07 11:45:00-04:00,12.303999900817871,12.303999900817871,12.300000190734863,12.300000190734863,1440,0.0,0.0
2024-06-07 11:50:00-04:00,12.284099578857422,12.3100004196167,12.284099578857422,12.3100004196167,2873,0.0,0.0
2024-06-07 11:55:00-04:00,12.319999694824219,12.329999923706055,12.3100004196167,12.3100004196167,1859,0.0,0.0
2024-06-07 12:05:00-04:00,12.300999641418457,12.300999641418457,12.300999641418457,12.300999641418457,2931,0.0,0.0
2024-06-07 12:10:00-04:00,12.279999732971191,12.279999732971191,12.279999732971191,12.279999732971191,616,0.0,0.0
2024-06-07 12:15:00-04:00,12.289999961853027,12.307999610900879,12.289999961853027,12.289999961853027,5294,0.0,0.0
2024-06-07 12:20:00-04:00,12.300000190734863,12.3100004196167,12.300000190734863,12.3100004196167,2824,0.0,0.0
2024-06-07 12:25:00-04:00,12.3149995803833,12.316699981689453,12.3149995803833,12.316699981689453,3027,0.0,0.0
2024-06-07 12:30:00-04:00,12.260000228881836,12.260000228881836,12.260000228881836,12.260000228881836,1271,0.0,0.0
2024-06-07 12:35:00-04:00,12.220000267028809,12.25,12.220000267028809,12.25,2565,0.0,0.0
2024-06-07 12:40:00-04:00,12.244999885559082,12.244999885559082,12.239999771118164,12.239999771118164,1097,0.0,0.0
2024-06-07 12:45:00-04:00,12.244999885559082,12.244999885559082,12.210000038146973,12.210000038146973,1316,0.0,0.0
2024-06-07 12:50:00-04:00,12.239999771118164,12.25,12.239999771118164,12.25,1825,0.0,0.0
2024-06-07 12:55:00-04:00,12.260000228881836,12.270000457763672,12.260000228881836,12.270000457763672,815,0.0,0.0
2024-06-07 13:00:00-04:00,12.25,12.25,12.220000267028809,12.220000267028809,992,0.0,0.0
2024-06-07 13:10:00-04:00,12.220000267028809,12.220000267028809,12.199999809265137,12.199999809265137,1737,0.0,0.0
2024-06-07 13:20:00-04:00,12.229999542236328,12.34000015258789,12.225000381469727,12.255000114440918,8268,0.0,0.0
2024-06-07 13:25:00-04:00,12.335000038146973,12.335000038146973,12.300000190734863,12.329999923706055,9289,0.0,0.0
2024-06-07 13:30:00-04:00,12.329999923706055,12.329999923706055,12.329999923706055,12.329999923706055,993,0.0,0.0
2024-06-07 13:45:00-04:00,12.329999923706055,12.359999656677246,12.329999923706055,12.359999656677246,2640,0.0,0.0
2024-06-07 13:50:00-04:00,12.350000381469727,12.350000381469727,12.319999694824219,12.319999694824219,1896,0.0,0.0
2024-06-07 13:55:00-04:00,12.310999870300293,12.34000015258789,12.289999961853027,12.335800170898438,9213,0.0,0.0
2024-06-07 14:00:00-04:00,12.319999694824219,12.319999694824219,12.300000190734863,12.310500144958496,3951,0.0,0.0
2024-06-07 14:10:00-04:00,12.319999694824219,12.319999694824219,12.319999694824219,12.319999694824219,649,0.0,0.0
2024-06-07 14:15:00-04:00,12.319499969482422,12.319499969482422,12.3100004196167,12.3100004196167,2025,0.0,0.0
2024-06-07 14:20:00-04:00,12.3100004196167,12.319999694824219,12.300000190734863,12.300000190734863,2129,0.0,0.0
2024-06-07 14:25:00-04:00,12.3100004196167,12.319999694824219,12.300000190734863,12.319999694824219,4354,0.0,0.0
2024-06-07 14:30:00-04:00,12.337400436401367,12.359999656677246,12.335000038146973,12.359999656677246,3857,0.0,0.0
2024-06-07 14:45:00-04:00,12.420000076293945,12.420000076293945,12.420000076293945,12.420000076293945,1162,0.0,0.0
2024-06-07 14:50:00-04:00,12.380000114440918,12.390000343322754,12.380000114440918,12.380999565124512,1158,0.0,0.0
2024-06-07 14:55:00-04:00,12.380000114440918,12.380000114440918,12.380000114440918,12.380000114440918,589,0.0,0.0
2024-06-07 15:00:00-04:00,12.331999778747559,12.331999778747559,12.3100004196167,12.3100004196167,3626,0.0,0.0
2024-06-07 15:05:00-04:00,12.324999809265137,12.324999809265137,12.324999809265137,12.324999809265137,200,0.0,0.0
2024-06-07 15:10:00-04:00,12.34000015258789,12.354999542236328,12.335000038146973,12.354999542236328,3602,0.0,0.0
2024-06-07 15:15:00-04:00,12.359999656677246,12.369999885559082,12.359999656677246,12.364999771118164,1808,0.0,0.0
2024-06-07 15:20:00-04:00,12.390000343322754,12.399900436401367,12.390000343322754,12.390000343322754,2536,0.0,0.0
2024-06-07 15:25:00-04:00,12.390000343322754,12.420000076293945,12.390000343322754,12.420000076293945,1790,0.0,0.0
2024-06-07 15:30:00-04:00,12.40999984741211,12.420000076293945,12.40999984741211,12.40999984741211,1685,0.0,0.0
2024-06-07 15:35:00-04:00,12.430000305175781,12.430000305175781,12.420000076293945,12.430000305175781,3053,0.0,0.0
2024-06-07 15:40:00-04:00,12.414999961853027,12.430000305175781,12.40999984741211,12.430000305175781,4371,0.0,0.0
2024-06-07 15:45:00-04:00,12.4399995803833,12.460000038146973,12.430000305175781,12.460000038146973,4183,0.0,0.0
2024-06-07 15:50:00-04:00,12.460000038146973,12.529999732971191,12.460000038146973,12.529999732971191,8742,0.0,0.0
2024-06-07 15:55:00-04:00,12.529999732971191,12.529999732971191,12.460000038146973,12.470000267028809,16981,0.0,0.0
2024-06-10 09:30:00-04:00,12.270000457763672,12.319999694824219,12.0,12.0,12380,0.0,0.0
2024-06-10 09:40:00-04:00,12.010000228881836,12.130000114440918,12.010000228881836,12.130000114440918,1199,0.0,0.0
2024-06-10 09:45:00-04:00,12.160300254821777,12.189900398254395,12.15999984741211,12.15999984741211,2200,0.0,0.0
2024-06-10 09:50:00-04:00,12.130000114440918,12.229999542236328,12.130000114440918,12.229999542236328,2544,0.0,0.0
2024-06-10 09:55:00-04:00,12.1899995803833,12.220000267028809,12.170000076293945,12.21500015258789,2102,0.0,0.0
2024-06-10 10:00:00-04:00,12.175000190734863,12.210000038146973,12.175000190734863,12.210000038146973,1415,0.0,0.0
2024-06-10 10:05:00-04:00,12.220000267028809,12.220000267028809,12.210000038146973,12.21500015258789,1022,0.0,0.0
2024-06-10 10:10:00-04:00,12.15999984741211,12.180000305175781,12.130000114440918,12.180000305175781,1785,0.0,0.0
2024-06-10 10:15:00-04:00,12.140000343322754,12.175000190734863,12.140000343322754,12.175000190734863,742,0.0,0.0
2024-06-10 10:20:00-04:00,12.140000343322754,12.220000267028809,12.140000343322754,12.220000267028809,2652,0.0,0.0
2024-06-10 10:25:00-04:00,12.225000381469727,12.225000381469727,12.225000381469727,12.225000381469727,1068,0.0,0.0
2024-06-10 10:30:00-04:00,12.239999771118164,12.239999771118164,12.225000381469727,12.225000381469727,1009,0.0,0.0
2024-06-10 10:35:00-04:00,12.255999565124512,12.260000228881836,12.229999542236328,12.239999771118164,3666,0.0,0.0
2024-06-10 10:40:00-04:00,12.25,12.270000457763672,12.25,12.270000457763672,2045,0.0,0.0
2024-06-10 10:45:00-04:00,12.270000457763672,12.270000457763672,12.25,12.26930046081543,2686,0.0,0.0
2024-06-10 10:50:00-04:00,12.270000457763672,12.300000190734863,12.265000343322754,12.278499603271484,3088,0.0,0.0
2024-06-10 10:55:00-04:00,12.270000457763672,12.289999961853027,12.270000457763672,12.279999732971191,1875,0.0,0.0
2024-06-10 11:00:00-04:00,12.28499984741211,12.28499984741211,12.28499984741211,12.28499984741211,751,0.0,0.0
2024-06-10 11:05:00-04:00,12.335000038146973,12.335000038146973,12.319999694824219,12.335000038146973,468,0.0,0.0
2024-06-10 11:10:00-04:00,12.34000015258789,12.350000381469727,12.329999923706055,12.329999923706055,4302,0.0,0.0
2024-06-10 11:15:00-04:00,12.3100004196167,12.3100004196167,12.3100004196167,12.3100004196167,187,0.0,0.0
2024-06-10 11:20:00-04:00,12.300000190734863,12.319999694824219,12.270000457763672,12.319999694824219,1991,0.0,0.0
2024-06-10 11:25:00-04:00,12.34000015258789,12.359999656677246,12.34000015258789,12.350000381469727,1372,0.0,0.0
2024-06-10 11:30:00-04:00,12.319999694824219,12.390000343322754,12.319999694824219,12.390000343322754,1518,0.0,0.0
2024-06-10 11:35:00-04:00,12.359999656677246,12.364999771118164,12.359999656677246,12.364999771118164,972,0.0,0.0
2024-06-10 11:40:00-04:00,12.369999885559082,12.369999885559082,12.329999923706055,12.329999923706055,2968,0.0,0.0
2024-06-10 11:50:00-04:00,12.359999656677246,12.359999656677246,12.359999656677246,12.359999656677246,2539,0.0,0.0
2024-06-10 11:55:00-04:00,12.399999618530273,12.399999618530273,12.385000228881836,12.399999618530273,652,0.0,0.0
2024-06-10 12:00:00-04:00,12.380000114440918,12.380000114440918,12.380000114440918,12.380000114440918,1300,0.0,0.0
2024-06-10 12:05:00-04:00,12.359999656677246,12.359999656677246,12.359999656677246,12.359999656677246,793,0.0,0.0
2024-06-10 12:10:00-04:00,12.345000267028809,12.350000381469727,12.300000190734863,12.300000190734863,2672,0.0,0.0
2024-06-10 12:15:00-04:00,12.289999961853027,12.304300308227539,12.289999961853027,12.304300308227539,1155,0.0,0.0
2024-06-10 12:20:00-04:00,12.279999732971191,12.305500030517578,12.279999732971191,12.300000190734863,3022,0.0,0.0
2024-06-10 12:25:00-04:00,12.300000190734863,12.300000190734863,12.300000190734863,12.300000190734863,1525,0.0,0.0
2024-06-10 12:30:00-04:00,12.260000228881836,12.260000228881836,12.260000228881836,12.260000228881836,790,0.0,0.0
2024-06-10 12:35:00-04:00,12.221500396728516,12.229999542236328,12.170000076293945,12.220000267028809,17556,0.0,0.0
2024-06-10 12:40:00-04:00,12.229999542236328,12.270000457763672,12.229999542236328,12.25,4042,0.0,0.0
2024-06-10 12:45:00-04:00,12.25,12.25,12.21500015258789,12.21500015258789,1847,0.0,0.0
2024-06-10 12:50:00-04:00,12.149999618530273,12.149999618530273,12.130000114440918,12.130000114440918,2146,0.0,0.0
2024-06-10 12:55:00-04:00,12.079999923706055,12.130000114440918,12.079999923706055,12.09000015258789,3108,0.0,0.0
2024-06-10 13:10:00-04:00,12.039999961853027,12.09000015258789,12.039999961853027,12.0649995803833,3345,0.0,0.0
2024-06-10 13:15:00-04:00,12.050000190734863,12.085000038146973,12.050000190734863,12.085000038146973,1493,0.0,0.0
2024-06-10 13:20:00-04:00,12.100000381469727,12.149999618530273,12.100000381469727,12.149999618530273,2858,0.0,0.0
2024-06-10 13:25:00-04:00,12.149999618530273,12.170000076293945,12.149999618530273,12.170000076293945,1052,0.0,0.0
2024-06-10 13:30:00-04:00,12.156000137329102,12.156000137329102,12.156000137329102,12.156000137329102,678,0.0,0.0
2024-06-10 13:35:00-04:00,12.140000343322754,12.170000076293945,12.140000343322754,12.170000076293945,1170,0.0,0.0
2024-06-10 13:40:00-04:00,12.15999984741211,12.1899995803833,12.15999984741211,12.1899995803833,3401,0.0,0.0
2024-06-10 13:45:00-04:00,12.210000038146973,12.210000038146973,12.210000038146973,12.210000038146973,290,0.0,0.0
2024-06-10 13:50:00-04:00,12.204999923706055,12.204999923706055,12.204999923706055,12.204999923706055,1160,0.0,0.0
2024-06-10 13:55:00-04:00,12.199999809265137,12.219499588012695,12.1899995803833,12.219499588012695,3421,0.0,0.0
2024-06-10 14:10:00-04:00,12.180999755859375,12.220000267028809,12.149999618530273,12.211000442504883,4330,0.0,0.0
2024-06-10 14:15:00-04:00,12.229999542236328,12.229999542236328,12.229999542236328,12.229999542236328,372,0.0,0.0
2024-06-10 14:20:00-04:00,12.234999656677246,12.239999771118164,12.210000038146973,12.239999771118164,915,0.0,0.0
2024-06-10 14:25:00-04:00,12.199999809265137,12.220000267028809,12.199999809265137,12.204000473022461,2927,0.0,0.0
2024-06-10 14:30:00-04:00,12.220000267028809,12.239999771118164,12.220000267028809,12.239999771118164,3167,0.0,0.0
2024-06-10 14:35:00-04:00,12.229999542236328,12.270000457763672,12.220000267028809,12.220000267028809,6784,0.0,0.0
2024-06-10 14:40:00-04:00,12.210000038146973,12.25,12.210000038146973,12.25,2781,0.0,0.0
2024-06-10 14:50:00-04:00,12.229999542236328,12.279899597167969,12.229999542236328,12.232500076293945,3145,0.0,0.0
2024-06-10 14:55:00-04:00,12.244999885559082,12.244999885559082,12.229999542236328,12.229999542236328,803,0.0,0.0
2024-06-10 15:00:00-04:00,12.244000434875488,12.260000228881836,12.21500015258789,12.21500015258789,5852,0.0,0.0
2024-06-10 15:05:00-04:00,12.220000267028809,12.239999771118164,12.21500015258789,12.239999771118164,2486,0.0,0.0
2024-06-10 15:10:00-04:00,12.229999542236328,12.265000343322754,12.229999542236328,12.265000343322754,3042,0.0,0.0
2024-06-10 15:20:00-04:00,12.265000343322754,12.300000190734863,12.265000343322754,12.279999732971191,6487,0.0,0.0
2024-06-10 15:25:00-04:00,12.289999961853027,12.3100004196167,12.279999732971191,12.279999732971191,1671,0.0,0.0
2024-06-10 15:30:00-04:00,12.270000457763672,12.279999732971191,12.25,12.279999732971191,3194,0.0,0.0
2024-06-10 15:35:00-04:00,12.270000457763672,12.270000457763672,12.244999885559082,12.244999885559082,4638,0.0,0.0
2024-06-10 15:40:00-04:00,12.220000267028809,12.239999771118164,12.220000267028809,12.239999771118164,4787,0.0,0.0
2024-06-10 15:45:00-04:00,12.220000267028809,12.239999771118164,12.210000038146973,12.210000038146973,4719,0.0,0.0
2024-06-10 15:50:00-04:00,12.220000267028809,12.234999656677246,12.199999809265137,12.199999809265137,10723,0.0,0.0
2024-06-10 15:55:00-04:00,12.194999694824219,12.210000038146973,12.180000305175781,12.210000038146973,11391,0.0,0.0
2024-06-11 09:30:00-04:00,12.180000305175781,12.279999732971191,12.149999618530273,12.170000076293945,9336,0.0,0.0
2024-06-11 09:35:00-04:00,12.145000457763672,12.239999771118164,12.145000457763672,12.239999771118164,2208,0.0,0.0
2024-06-11 09:40:00-04:00,12.289999961853027,12.289999961853027,12.289999961853027,12.289999961853027,512,0.0,0.0
2024-06-11 09:50:00-04:00,12.260000228881836,12.260000228881836,12.260000228881836,12.260000228881836,549,0.0,0.0
2024-06-11 09:55:00-04:00,12.25,12.25,12.244999885559082,12.244999885559082,1050,0.0,0.0
2024-06-11 10:05:00-04:00,12.278800010681152,12.300000190734863,12.25,12.25,1866,0.0,0.0
2024-06-11 10:10:00-04:00,12.199999809265137,12.199999809265137,12.1899995803833,12.1899995803833,928,0.0,0.0
2024-06-11 10:15:00-04:00,12.239999771118164,12.239999771118164,12.239999771118164,12.239999771118164,1190,0.0,0.0
2024-06-11 10:25:00-04:00,12.1899995803833,12.239999771118164,12.180000305175781,12.239999771118164,4645,0.0,0.0
2024-06-11 10:30:00-04:00,12.230999946594238,12.230999946594238,12.230999946594238,12.230999946594238,922,0.0,0.0
2024-06-11 10:35:00-04:00,12.229999542236328,12.229999542236328,12.1899995803833,12.220000267028809,5216,0.0,0.0
2024-06-11 10:40:00-04:00,12.244999885559082,12.244999885559082,12.244999885559082,12.244999885559082,2946,0.0,0.0
2024-06-11 10:55:00-04:00,12.210000038146973,12.210000038146973,12.210000038146973,12.210000038146973,662,0.0,0.0
2024-06-11 11:00:00-04:00,12.1899995803833,12.239999771118164,12.1899995803833,12.229999542236328,4095,0.0,0.0
2024-06-11 11:05:00-04:00,12.23009967803955,12.270000457763672,12.23009967803955,12.270000457763672,3285,0.0,0.0
2024-06-11 11:15:00-04:00,12.300000190734863,12.369999885559082,12.300000190734863,12.369999885559082,3374,0.0,0.0
2024-06-11 11:25:00-04:00,12.350000381469727,12.350000381469727,12.319999694824219,12.319999694824219,1319,0.0,0.0
2024-06-11 11:30:00-04:00,12.3100004196167,12.3100004196167,12.279999732971191,12.279999732971191,1239,0.0,0.0
2024-06-11 11:40:00-04:00,12.3100004196167,12.359999656677246,12.3100004196167,12.359999656677246,4969,0.0,0.0
2024-06-11 11:45:00-04:00,12.350000381469727,12.359999656677246,12.350000381469727,12.359999656677246,1598,0.0,0.0
2024-06-11 11:50:00-04:00,12.329999923706055,12.329999923706055,12.319999694824219,12.319999694824219,563,0.0,0.0
2024-06-11 11:55:00-04:00,12.319999694824219,12.359999656677246,12.319999694824219,12.359999656677246,3366,0.0,0.0
2024-06-11 12:00:00-04:00,12.369999885559082,12.369999885559082,12.324999809265137,12.324999809265137,2412,0.0,0.0
2024-06-11 12:15:00-04:00,12.289999961853027,12.319999694824219,12.289999961853027,12.3100004196167,1562,0.0,0.0
2024-06-11 12:20:00-04:00,12.319999694824219,12.34000015258789,12.319999694824219,12.34000015258789,2173,0.0,0.0
2024-06-11 12:25:00-04:00,12.366000175476074,12.390000343322754,12.366000175476074,12.390000343322754,1828,0.0,0.0
2024-06-11 12:30:00-04:00,12.40999984741211,12.40999984741211,12.40999984741211,12.40999984741211,1542,0.0,0.0
2024-06-11 12:40:00-04:00,12.395000457763672,12.409899711608887,12.395000457763672,12.399999618530273,6513,0.0,0.0
2024-06-11 12:45:00-04:00,12.395000457763672,12.399999618530273,12.34000015258789,12.350000381469727,5291,0.0,0.0
2024-06-11 12:50:00-04:00,12.34000015258789,12.34000015258789,12.3100004196167,12.3100004196167,1873,0.0,0.0
2024-06-11 12:55:00-04:00,12.329999923706055,12.329999923706055,12.324999809265137,12.324999809265137,1926,0.0,0.0
2024-06-11 13:00:00-04:00,12.34000015258789,12.34000015258789,12.34000015258789,12.34000015258789,1133,0.0,0.0
2024-06-11 13:05:00-04:00,12.350000381469727,12.359999656677246,12.345000267028809,12.345000267028809,2021,0.0,0.0
2024-06-11 13:25:00-04:00,12.329999923706055,12.329999923706055,12.329999923706055,12.329999923706055,279,0.0,0.0
2024-06-11 13:30:00-04:00,12.350000381469727,12.350000381469727,12.350000381469727,12.350000381469727,1499,0.0,0.0
2024-06-11 13:35:00-04:00,12.350000381469727,12.375,12.350000381469727,12.375,2177,0.0,0.0
2024-06-11 13:40:00-04:00,12.390000343322754,12.390000343322754,12.369999885559082,12.390000343322754,1346,0.0,0.0
2024-06-11 13:45:00-04:00,12.380499839782715,12.380499839782715,12.34000015258789,12.34000015258789,3652,0.0,0.0
2024-06-11 13:50:00-04:00,12.3100004196167,12.329999923706055,12.3100004196167,12.329999923706055,953,0.0,0.0
2024-06-11 13:55:00-04:00,12.332500457763672,12.332500457763672,12.315299987792969,12.315299987792969,4554,0.0,0.0
2024-06-11 14:00:00-04:00,12.300000190734863,12.300000190734863,12.270000457763672,12.270000457763672,3953,0.0,0.0
2024-06-11 14:05:00-04:00,12.25,12.260000228881836,12.220000267028809,12.25,3098,0.0,0.0
2024-06-11 14:10:00-04:00,12.260000228881836,12.260000228881836,12.244999885559082,12.244999885559082,2373,0.0,0.0
2024-06-11 14:15:00-04:00,12.25,12.270000457763672,12.25,12.270000457763672,1363,0.0,0.0
2024-06-11 14:20:00-04:00,12.270000457763672,12.3100004196167,12.270000457763672,12.279999732971191,6574,0.0,0.0
2024-06-11 14:25:00-04:00,12.260000228881836,12.300000190734863,12.260000228881836,12.289999961853027,2644,0.0,0.0
2024-06-11 14:30:00-04:00,12.279999732971191,12.279999732971191,12.279999732971191,12.279999732971191,542,0.0,0.0
2024-06-11 14:35:00-04:00,12.270000457763672,12.270000457763672,12.270000457763672,12.270000457763672,1264,0.0,0.0
2024-06-11 14:40:00-04:00,12.270000457763672,12.279999732971191,12.270000457763672,12.279999732971191,2194,0.0,0.0
2024-06-11 14:45:00-04:00,12.281000137329102,12.281000137329102,12.281000137329102,12.281000137329102,1258,0.0,0.0
2024-06-11 14:50:00-04:00,12.260000228881836,12.260000228881836,12.260000228881836,12.260000228881836,433,0.0,0.0
2024-06-11 14:55:00-04:00,12.255000114440918,12.260000228881836,12.239999771118164,12.25,4104,0.0,0.0
2024-06-11 15:00:00-04:00,12.220000267028809,12.25,12.220000267028809,12.25,4605,0.0,0.0
2024-06-11 15:05:00-04:00,12.25,12.300000190734863,12.25,12.300000190734863,3058,0.0,0.0
2024-06-11 15:10:00-04:00,12.300000190734863,12.300000190734863,12.300000190734863,12.300000190734863,1647,0.0,0.0
2024-06-11 15:15:00-04:00,12.300000190734863,12.300000190734863,12.289999961853027,12.289999961853027,1081,0.0,0.0
2024-06-11 15:20:00-04:00,12.28499984741211,12.28499984741211,12.270000457763672,12.270000457763672,1744,0.0,0.0
2024-06-11 15:25:00-04:00,12.270000457763672,12.289999961853027,12.270000457763672,12.289999961853027,6037,0.0,0.0
2024-06-11 15:30:00-04:00,12.260000228881836,12.260000228881836,12.069999694824219,12.079999923706055,11428,0.0,0.0
2024-06-11 15:35:00-04:00,12.079999923706055,12.089900016784668,12.03499984741211,12.039999961853027,6942,0.0,0.0
2024-06-11 15:40:00-04:00,12.020000457763672,12.020000457763672,11.989999771118164,11.989999771118164,11149,0.0,0.0
2024-06-11 15:45:00-04:00,11.979999542236328,12.020000457763672,11.960000038146973,12.010000228881836,11166,0.0,0.0
2024-06-11 15:50:00-04:00,12.020000457763672,12.079999923706055,12.020000457763672,12.079999923706055,19592,0.0,0.0
2024-06-11 15:55:00-04:00,12.0600004196167,12.100000381469727,12.029999732971191,12.039999961853027,32078,0.0,0.0
2024-06-12 09:30:00-04:00,12.5,12.73490047454834,12.5,12.555000305175781,8047,0.0,0.0
2024-06-12 09:35:00-04:00,12.539999961853027,12.550000190734863,12.441800117492676,12.441800117492676,4513,0.0,0.0
2024-06-12 09:45:00-04:00,12.550000190734863,12.550000190734863,12.470000267028809,12.470000267028809,1709,0.0,0.0
2024-06-12 09:50:00-04:00,12.40999984741211,12.40999984741211,12.40999984741211,12.40999984741211,816,0.0,0.0
2024-06-12 09:55:00-04:00,12.4399995803833,12.475000381469727,12.4399995803833,12.475000381469727,1254,0.0,0.0
2024-06-12 10:00:00-04:00,12.380000114440918,12.380000114440918,12.369500160217285,12.369500160217285,1639,0.0,0.0
2024-06-12 10:10:00-04:00,12.390000343322754,12.489999771118164,12.390000343322754,12.489999771118164,3810,0.0,0.0
2024-06-12 10:15:00-04:00,12.539999961853027,12.569999694824219,12.539999961853027,12.569999694824219,1746,0.0,0.0
2024-06-12 10:20:00-04:00,12.625,12.670000076293945,12.619999885559082,12.670000076293945,3243,0.0,0.0
2024-06-12 10:25:00-04:00,12.65999984741211,12.6850004196167,12.65999984741211,12.6850004196167,3003,0.0,0.0
2024-06-12 10:35:00-04:00,12.716899871826172,12.760000228881836,12.716899871826172,12.760000228881836,2506,0.0,0.0
2024-06-12 10:40:00-04:00,12.729999542236328,12.729999542236328,12.680000305175781,12.680000305175781,2006,0.0,0.0
2024-06-12 10:45:00-04:00,12.699999809265137,12.75,12.681099891662598,12.75,5632,0.0,0.0
2024-06-12 10:50:00-04:00,12.720000267028809,12.760000228881836,12.710000038146973,12.760000228881836,2030,0.0,0.0
2024-06-12 10:55:00-04:00,12.789999961853027,12.846500396728516,12.789999961853027,12.832599639892578,6011,0.0,0.0
2024-06-12 11:00:00-04:00,12.829999923706055,12.829999923706055,12.800000190734863,12.800000190734863,6794,0.0,0.0
2024-06-12 11:05:00-04:00,12.779999732971191,12.869999885559082,12.779999732971191,12.850000381469727,3454,0.0,0.0
2024-06-12 11:10:00-04:00,12.8100004196167,12.819999694824219,12.770999908447266,12.770999908447266,3809,0.0,0.0
2024-06-12 11:15:00-04:00,12.800000190734863,12.800000190734863,12.779999732971191,12.779999732971191,7656,0.0,0.0
2024-06-12 11:20:00-04:00,12.741000175476074,12.742899894714355,12.72130012512207,12.742899894714355,3058,0.0,0.0
2024-06-12 11:25:00-04:00,12.720000267028809,12.737600326538086,12.720000267028809,12.737600326538086,1029,0.0,0.0
2024-06-12 11:30:00-04:00,12.710000038146973,12.729999542236328,12.6899995803833,12.725799560546875,1926,0.0,0.0
2024-06-12 11:35:00-04:00,12.70009994506836,12.70009994506836,12.699999809265137,12.699999809265137,1400,0.0,0.0
2024-06-12 11:40:00-04:00,12.666099548339844,12.666099548339844,12.666099548339844,12.666099548339844,389,0.0,0.0
2024-06-12 11:45:00-04:00,12.675000190734863,12.675000190734863,12.675000190734863,12.675000190734863,1768,0.0,0.0
2024-06-12 11:50:00-04:00,12.630000114440918,12.630000114440918,12.630000114440918,12.630000114440918,731,0.0,0.0
2024-06-12 11:55:00-04:00,12.638999938964844,12.638999938964844,12.619999885559082,12.630000114440918,2481,0.0,0.0
2024-06-12 12:00:00-04:00,12.640000343322754,12.640000343322754,12.640000343322754,12.640000343322754,710,0.0,0.0
2024-06-12 12:05:00-04:00,12.600000381469727,12.619999885559082,12.600000381469727,12.619999885559082,1535,0.0,0.0
2024-06-12 12:10:00-04:00,12.600000381469727,12.600000381469727,12.600000381469727,12.600000381469727,1232,0.0,0.0
2024-06-12 12:15:00-04:00,12.529999732971191,12.539999961853027,12.510000228881836,12.510000228881836,1477,0.0,0.0
2024-06-12 12:20:00-04:00,12.550000190734863,12.550000190734863,12.539999961853027,12.539999961853027,1449,0.0,0.0
2024-06-12 12:25:00-04:00,12.539999961853027,12.539999961853027,12.539999961853027,12.539999961853027,705,0.0,0.0
2024-06-12 12:30:00-04:00,12.520000457763672,12.520000457763672,12.510000228881836,12.510000228881836,1224,0.0,0.0
2024-06-12 12:35:00-04:00,12.479999542236328,12.479999542236328,12.470000267028809,12.470000267028809,1399,0.0,0.0
2024-06-12 12:40:00-04:00,12.479999542236328,12.479999542236328,12.479999542236328,12.479999542236328,940,0.0,0.0
2024-06-12 12:45:00-04:00,12.489999771118164,12.489999771118164,12.475000381469727,12.475000381469727,2411,0.0,0.0
2024-06-12 12:50:00-04:00,12.449999809265137,12.460000038146973,12.449999809265137,12.460000038146973,2103,0.0,0.0
2024-06-12 12:55:00-04:00,12.440999984741211,12.440999984741211,12.431900024414062,12.431900024414062,721,0.0,0.0
2024-06-12 13:00:00-04:00,12.449999809265137,12.449999809265137,12.449999809265137,12.449999809265137,1317,0.0,0.0
2024-06-12 13:05:00-04:00,12.449999809265137,12.449999809265137,12.430000305175781,12.430000305175781,1922,0.0,0.0
2024-06-12 13:10:00-04:00,12.40060043334961,12.40060043334961,12.320300102233887,12.320300102233887,10539,0.0,0.0
2024-06-12 13:15:00-04:00,12.319999694824219,12.347999572753906,12.319999694824219,12.319999694824219,1054,0.0,0.0
2024-06-12 13:20:00-04:00,12.319999694824219,12.329999923706055,12.289999961853027,12.319999694824219,3210,0.0,0.0
2024-06-12 13:25:00-04:00,12.265000343322754,12.265000343322754,12.265000343322754,12.265000343322754,306,0.0,0.0
2024-06-12 13:30:00-04:00,12.239999771118164,12.279999732971191,12.239999771118164,12.279999732971191,1808,0.0,0.0
2024-06-12 13:35:00-04:00,12.289999961853027,12.460000038146973,12.289999961853027,12.460000038146973,6534,0.0,0.0
2024-06-12 13:40:00-04:00,12.430000305175781,12.449999809265137,12.420000076293945,12.449999809265137,4031,0.0,0.0
2024-06-12 13:45:00-04:00,12.470000267028809,12.470000267028809,12.449999809265137,12.470000267028809,2808,0.0,0.0
2024-06-12 13:50:00-04:00,12.470000267028809,12.550000190734863,12.470000267028809,12.5,5416,0.0,0.0
2024-06-12 13:55:00-04:00,12.529999732971191,12.529999732971191,12.470000267028809,12.510000228881836,5108,0.0,0.0
2024-06-12 14:00:00-04:00,12.449999809265137,12.470000267028809,12.420000076293945,12.470000267028809,2640,0.0,0.0
2024-06-12 14:05:00-04:00,12.390000343322754,12.390000343322754,12.380000114440918,12.380000114440918,1822,0.0,0.0
2024-06-12 14:10:00-04:00,12.399999618530273,12.399999618530273,12.329999923706055,12.390000343322754,1353,0.0,0.0
2024-06-12 14:15:00-04:00,12.390000343322754,12.420000076293945,12.390000343322754,12.420000076293945,1787,0.0,0.0
2024-06-12 14:20:00-04:00,12.369999885559082,12.369999885559082,12.329999923706055,12.359999656677246,2119,0.0,0.0
2024-06-12 14:25:00-04:00,12.359999656677246,12.390000343322754,12.359999656677246,12.390000343322754,2328,0.0,0.0
2024-06-12 14:30:00-04:00,12.359999656677246,12.380000114440918,12.3100004196167,12.380000114440918,2617,0.0,0.0
2024-06-12 14:35:00-04:00,12.369999885559082,12.380000114440918,12.329999923706055,12.380000114440918,3472,0.0,0.0
2024-06-12 14:40:00-04:00,12.380000114440918,12.380000114440918,12.270000457763672,12.300000190734863,3873,0.0,0.0
2024-06-12 14:45:00-04:00,12.3100004196167,12.319999694824219,12.300000190734863,12.319999694824219,1613,0.0,0.0
2024-06-12 14:50:00-04:00,12.319999694824219,12.329999923706055,12.289999961853027,12.329999923706055,3514,0.0,0.0
2024-06-12 14:55:00-04:00,12.329999923706055,12.350000381469727,12.329999923706055,12.329999923706055,2144,0.0,0.0
2024-06-12 15:00:00-04:00,12.34000015258789,12.390000343322754,12.312999725341797,12.312999725341797,3276,0.0,0.0
2024-06-12 15:05:00-04:00,12.300000190734863,12.305000305175781,12.300000190734863,12.305000305175781,889,0.0,0.0
2024-06-12 15:10:00-04:00,12.260000228881836,12.300000190734863,12.255000114440918,12.255000114440918,4441,0.0,0.0
2024-06-12 15:15:00-04:00,12.229999542236328,12.289999961853027,12.229999542236328,12.274999618530273,3271,0.0,0.0
2024-06-12 15:20:00-04:00,12.279999732971191,12.279999732971191,12.210000038146973,12.210000038146973,2454,0.0,0.0
2024-06-12 15:25:00-04:00,12.194999694824219,12.194999694824219,12.140000343322754,12.140000343322754,4341,0.0,0.0
2024-06-12 15:30:00-04:00,12.119999885559082,12.210000038146973,12.109999656677246,12.210000038146973,8012,0.0,0.0
2024-06-12 15:35:00-04:00,12.220000267028809,12.239999771118164,12.210000038146973,12.239999771118164,4850,0.0,0.0
2024-06-12 15:40:00-04:00,12.220000267028809,12.234999656677246,12.204999923706055,12.21500015258789,5628,0.0,0.0
2024-06-12 15:45:00-04:00,12.21500015258789,12.270000457763672,12.210000038146973,12.255000114440918,9931,0.0,0.0
2024-06-12 15:50:00-04:00,12.244999885559082,12.270000457763672,12.210000038146973,12.270000457763672,16995,0.0,0.0
2024-06-12 15:55:00-04:00,12.260000228881836,12.265000343322754,12.210000038146973,12.229999542236328,26368,0.0,0.0
2024-06-13 09:30:00-04:00,12.329999923706055,12.329999923706055,12.149999618530273,12.15999984741211,7104,0.0,0.0
2024-06-13 09:35:00-04:00,12.170000076293945,12.170000076293945,12.149999618530273,12.149999618530273,622,0.0,0.0
2024-06-13 09:40:00-04:00,12.180000305175781,12.210000038146973,12.180000305175781,12.210000038146973,727,0.0,0.0
2024-06-13 09:45:00-04:00,12.1850004196167,12.1850004196167,12.074999809265137,12.074999809265137,4804,0.0,0.0
2024-06-13 09:50:00-04:00,12.069999694824219,12.069999694824219,12.069999694824219,12.069999694824219,789,0.0,0.0
2024-06-13 09:55:00-04:00,12.069999694824219,12.069999694824219,12.069999694824219,12.069999694824219,482,0.0,0.0
2024-06-13 10:00:00-04:00,12.020000457763672,12.020000457763672,11.970000267028809,12.010000228881836,6477,0.0,0.0
2024-06-13 10:05:00-04:00,12.005000114440918,12.005000114440918,12.005000114440918,12.005000114440918,163,0.0,0.0
2024-06-13 10:10:00-04:00,12.020000457763672,12.029999732971191,12.017999649047852,12.020000457763672,6495,0.0,0.0
2024-06-13 10:15:00-04:00,12.039999961853027,12.0600004196167,12.039999961853027,12.0600004196167,1369,0.0,0.0
2024-06-13 10:20:00-04:00,12.079000473022461,12.079999923706055,12.050000190734863,12.050000190734863,2915,0.0,0.0
2024-06-13 10:25:00-04:00,12.020000457763672,12.020000457763672,11.970000267028809,11.970000267028809,9598,0.0,0.0
2024-06-13 10:30:00-04:00,11.970000267028809,12.0,11.970000267028809,12.0,4824,0.0,0.0
2024-06-13 10:35:00-04:00,11.960000038146973,11.970000267028809,11.960000038146973,11.970000267028809,1165,0.0,0.0
2024-06-13 10:40:00-04:00,11.970000267028809,11.989999771118164,11.970000267028809,11.989999771118164,1709,0.0,0.0
2024-06-13 10:45:00-04:00,12.029999732971191,12.0600004196167,12.020099639892578,12.0600004196167,6130,0.0,0.0
2024-06-13 10:50:00-04:00,12.050000190734863,12.050000190734863,12.029999732971191,12.029999732971191,6344,0.0,0.0
2024-06-13 10:55:00-04:00,12.039999961853027,12.050000190734863,12.039999961853027,12.039999961853027,3835,0.0,0.0
2024-06-13 11:00:00-04:00,12.050700187683105,12.069999694824219,12.010000228881836,12.010000228881836,3558,0.0,0.0
2024-06-13 11:05:00-04:00,12.059900283813477,12.059900283813477,12.059900283813477,12.059900283813477,3889,0.0,0.0
2024-06-13 11:10:00-04:00,12.020000457763672,12.020000457763672,11.920000076293945,11.920000076293945,3515,0.0,0.0
2024-06-13 11:20:00-04:00,11.900400161743164,11.900400161743164,11.899999618530273,11.899999618530273,1034,0.0,0.0
2024-06-13 11:25:00-04:00,11.895000457763672,11.9399995803833,11.895000457763672,11.9399995803833,3701,0.0,0.0
2024-06-13 11:30:00-04:00,11.952400207519531,11.952400207519531,11.925000190734863,11.925000190734863,1035,0.0,0.0
2024-06-13 11:35:00-04:00,11.920000076293945,11.920000076293945,11.859999656677246,11.859999656677246,4387,0.0,0.0
2024-06-13 11:40:00-04:00,11.845000267028809,11.859999656677246,11.845000267028809,11.859999656677246,2245,0.0,0.0
2024-06-13 11:50:00-04:00,11.819999694824219,11.829999923706055,11.819999694824219,11.829999923706055,551,0.0,0.0
2024-06-13 11:55:00-04:00,11.8100004196167,11.829999923706055,11.789999961853027,11.829999923706055,4317,0.0,0.0
2024-06-13 12:00:00-04:00,11.819999694824219,11.819999694824219,11.819999694824219,11.819999694824219,2294,0.0,0.0
2024-06-13 12:05:00-04:00,11.800000190734863,11.829999923706055,11.800000190734863,11.829999923706055,1758,0.0,0.0
2024-06-13 12:10:00-04:00,11.829999923706055,11.829999923706055,11.829999923706055,11.829999923706055,699,0.0,0.0
2024-06-13 12:15:00-04:00,11.819999694824219,11.859999656677246,11.8100004196167,11.8149995803833,6038,0.0,0.0
2024-06-13 12:20:00-04:00,11.800000190734863,11.819600105285645,11.800000190734863,11.8100004196167,1202,0.0,0.0
2024-06-13 12:25:00-04:00,11.770000457763672,11.8100004196167,11.750399589538574,11.770000457763672,5595,0.0,0.0
2024-06-13 12:30:00-04:00,11.75,11.770000457763672,11.720000267028809,11.720000267028809,4853,0.0,0.0
2024-06-13 12:35:00-04:00,11.720000267028809,11.729999542236328,11.699999809265137,11.729999542236328,3688,0.0,0.0
2024-06-13 12:40:00-04:00,11.739999771118164,11.75,11.739999771118164,11.75,3185,0.0,0.0
2024-06-13 12:45:00-04:00,11.75,11.760000228881836,11.75,11.75,2294,0.0,0.0
2024-06-13 12:50:00-04:00,11.736300468444824,11.736300468444824,11.736300468444824,11.736300468444824,196,0.0,0.0
2024-06-13 12:55:00-04:00,11.720000267028809,11.729999542236328,11.720000267028809,11.729999542236328,848,0.0,0.0
2024-06-13 13:00:00-04:00,11.729999542236328,11.729999542236328,11.729999542236328,11.729999542236328,1446,0.0,0.0
2024-06-13 13:05:00-04:00,11.699999809265137,11.699999809265137,11.699999809265137,11.699999809265137,194,0.0,0.0
2024-06-13 13:10:00-04:00,11.72700023651123,11.72700023651123,11.72700023651123,11.72700023651123,1213,0.0,0.0
2024-06-13 13:15:00-04:00,11.710000038146973,11.720000267028809,11.699999809265137,11.699999809265137,8282,0.0,0.0
2024-06-13 13:20:00-04:00,11.699999809265137,11.717700004577637,11.699999809265137,11.717700004577637,1747,0.0,0.0
2024-06-13 13:25:00-04:00,11.720000267028809,11.739999771118164,11.720000267028809,11.720000267028809,3784,0.0,0.0
2024-06-13 13:30:00-04:00,11.75,11.75,11.720000267028809,11.720000267028809,300,0.0,0.0
2024-06-13 13:35:00-04:00,11.720000267028809,11.72599983215332,11.71619987487793,11.725000381469727,918,0.0,0.0
2024-06-13 13:40:00-04:00,11.725000381469727,11.760000228881836,11.725000381469727,11.760000228881836,1972,0.0,0.0
2024-06-13 13:45:00-04:00,11.765000343322754,11.770000457763672,11.755000114440918,11.770000457763672,11366,0.0,0.0
2024-06-13 13:50:00-04:00,11.770000457763672,11.770000457763672,11.739999771118164,11.739999771118164,3532,0.0,0.0
2024-06-13 13:55:00-04:00,11.734999656677246,11.734999656677246,11.734999656677246,11.734999656677246,529,0.0,0.0
2024-06-13 14:00:00-04:00,11.710000038146973,11.720000267028809,11.6899995803833,11.704999923706055,3176,0.0,0.0
2024-06-13 14:05:00-04:00,11.6899995803833,11.720000267028809,11.6899995803833,11.718999862670898,2750,0.0,0.0
2024-06-13 14:10:00-04:00,11.7121000289917,11.7121000289917,11.7121000289917,11.7121000289917,1452,0.0,0.0
2024-06-13 14:15:00-04:00,11.6899995803833,11.720000267028809,11.6899995803833,11.720000267028809,1449,0.0,0.0
2024-06-13 14:20:00-04:00,11.699999809265137,11.774999618530273,11.699999809265137,11.774999618530273,11850,0.0,0.0
2024-06-13 14:25:00-04:00,11.774999618530273,11.829999923706055,11.774999618530273,11.8100004196167,7707,0.0,0.0
2024-06-13 14:30:00-04:00,11.800000190734863,11.829899787902832,11.800000190734863,11.800000190734863,5901,0.0,0.0
2024-06-13 14:35:00-04:00,11.800000190734863,11.800000190734863,11.789999961853027,11.789999961853027,1488,0.0,0.0
2024-06-13 14:40:00-04:00,11.800000190734863,11.800000190734863,11.789999961853027,11.789999961853027,1661,0.0,0.0
2024-06-13 14:45:00-04:00,11.79990005493164,11.8100004196167,11.789999961853027,11.789999961853027,4371,0.0,0.0
2024-06-13 14:50:00-04:00,11.805000305175781,11.8125,11.800000190734863,11.805000305175781,1321,0.0,0.0
2024-06-13 14:55:00-04:00,11.805000305175781,11.805000305175781,11.789999961853027,11.800000190734863,1883,0.0,0.0
2024-06-13 15:00:00-04:00,11.789999961853027,11.8100004196167,11.789999961853027,11.789999961853027,4126,0.0,0.0
2024-06-13 15:05:00-04:00,11.779999732971191,11.779999732971191,11.770000457763672,11.770000457763672,2044,0.0,0.0
2024-06-13 15:10:00-04:00,11.770000457763672,11.770000457763672,11.770000457763672,11.770000457763672,1782,0.0,0.0
2024-06-13 15:15:00-04:00,11.779999732971191,11.779999732971191,11.770000457763672,11.770000457763672,999,0.0,0.0
2024-06-13 15:20:00-04:00,11.770000457763672,11.839699745178223,11.770000457763672,11.839699745178223,7655,0.0,0.0
2024-06-13 15:25:00-04:00,11.84000015258789,11.84000015258789,11.800000190734863,11.800000190734863,8245,0.0,0.0
2024-06-13 15:30:00-04:00,11.795000076293945,11.800000190734863,11.779999732971191,11.779999732971191,5027,0.0,0.0
2024-06-13 15:35:00-04:00,11.78499984741211,11.819999694824219,11.779999732971191,11.779999732971191,5485,0.0,0.0
2024-06-13 15:40:00-04:00,11.789999961853027,11.800000190734863,11.789999961853027,11.800000190734863,6393,0.0,0.0
2024-06-13 15:45:00-04:00,11.795000076293945,11.805000305175781,11.795000076293945,11.800000190734863,7063,0.0,0.0
2024-06-13 15:50:00-04:00,11.800000190734863,11.914999961853027,11.800000190734863,11.819999694824219,34333,0.0,0.0
2024-06-13 15:55:00-04:00,11.8100004196167,11.8100004196167,11.6899995803833,11.699999809265137,71969,0.0,0.0
2024-06-14 09:30:00-04:00,11.600000381469727,11.800000190734863,11.550000190734863,11.800000190734863,21453,0.0,0.0
2024-06-14 09:35:00-04:00,11.800000190734863,11.84220027923584,11.770000457763672,11.819999694824219,4885,0.0,0.0
2024-06-14 09:40:00-04:00,11.889699935913086,11.890000343322754,11.6899995803833,11.6899995803833,8307,0.0,0.0
2024-06-14 09:45:00-04:00,11.670000076293945,11.670000076293945,11.585000038146973,11.585000038146973,5651,0.0,0.0
2024-06-14 09:50:00-04:00,11.550000190734863,11.550000190734863,11.4399995803833,11.4399995803833,7863,0.0,0.0
2024-06-14 09:55:00-04:00,11.4399995803833,11.449999809265137,11.369999885559082,11.369999885559082,5729,0.0,0.0
2024-06-14 10:00:00-04:00,11.319999694824219,11.319999694824219,11.279999732971191,11.295000076293945,2847,0.0,0.0
2024-06-14 10:05:00-04:00,11.279999732971191,11.350000381469727,11.279999732971191,11.289999961853027,6740,0.0,0.0
2024-06-14 10:10:00-04:00,11.279999732971191,11.369999885559082,11.279999732971191,11.369999885559082,3502,0.0,0.0
2024-06-14 10:15:00-04:00,11.350000381469727,11.350000381469727,11.324999809265137,11.324999809265137,936,0.0,0.0
2024-06-14 10:20:00-04:00,11.3100004196167,11.319999694824219,11.279999732971191,11.319999694824219,7841,0.0,0.0
2024-06-14 10:25:00-04:00,11.300000190734863,11.300000190734863,11.300000190734863,11.300000190734863,1585,0.0,0.0
2024-06-14 10:30:00-04:00,11.324999809265137,11.324999809265137,11.324999809265137,11.324999809265137,406,0.0,0.0
2024-06-14 10:35:00-04:00,11.339900016784668,11.34000015258789,11.3100004196167,11.3100004196167,6728,0.0,0.0
2024-06-14 10:40:00-04:00,11.300000190734863,11.300000190734863,11.265000343322754,11.279999732971191,7900,0.0,0.0
2024-06-14 10:45:00-04:00,11.260000228881836,11.300000190734863,11.260000228881836,11.279999732971191,3702,0.0,0.0
2024-06-14 10:50:00-04:00,11.260000228881836,11.319999694824219,11.260000228881836,11.319999694824219,2671,0.0,0.0
2024-06-14 10:55:00-04:00,11.350000381469727,11.359999656677246,11.350000381469727,11.359999656677246,1721,0.0,0.0
2024-06-14 11:00:00-04:00,11.380000114440918,11.380000114440918,11.350000381469727,11.350000381469727,4309,0.0,0.0
2024-06-14 11:05:00-04:00,11.3100004196167,11.3100004196167,11.279999732971191,11.279999732971191,499,0.0,0.0
2024-06-14 11:10:00-04:00,11.289999961853027,11.289999961853027,11.260000228881836,11.260000228881836,1356,0.0,0.0
2024-06-14 11:15:00-04:00,11.270000457763672,11.279999732971191,11.260000228881836,11.260000228881836,3007,0.0,0.0
2024-06-14 11:20:00-04:00,11.255000114440918,11.270000457763672,11.229999542236328,11.229999542236328,5537,0.0,0.0
2024-06-14 11:25:00-04:00,11.229999542236328,11.239999771118164,11.220000267028809,11.220000267028809,965,0.0,0.0
2024-06-14 11:30:00-04:00,11.239999771118164,11.260000228881836,11.229999542236328,11.239999771118164,4370,0.0,0.0
2024-06-14 11:35:00-04:00,11.239999771118164,11.260000228881836,11.229999542236328,11.255000114440918,4832,0.0,0.0
2024-06-14 11:40:00-04:00,11.25,11.25,11.15999984741211,11.1899995803833,9823,0.0,0.0
2024-06-14 11:45:00-04:00,11.170000076293945,11.239899635314941,11.149999618530273,11.229999542236328,9846,0.0,0.0
2024-06-14 11:50:00-04:00,11.229999542236328,11.299699783325195,11.229999542236328,11.260000228881836,11828,0.0,0.0
2024-06-14 11:55:00-04:00,11.279999732971191,11.300000190734863,11.229999542236328,11.300000190734863,6998,0.0,0.0
2024-06-14 12:00:00-04:00,11.289999961853027,11.324199676513672,11.289999961853027,11.324199676513672,2745,0.0,0.0
2024-06-14 12:05:00-04:00,11.324999809265137,11.399999618530273,11.324999809265137,11.399999618530273,6362,0.0,0.0
2024-06-14 12:10:00-04:00,11.404899597167969,11.404899597167969,11.380000114440918,11.380000114440918,1765,0.0,0.0
2024-06-14 12:15:00-04:00,11.399999618530273,11.399999618530273,11.369999885559082,11.369999885559082,1860,0.0,0.0
2024-06-14 12:20:00-04:00,11.354999542236328,11.369999885559082,11.354999542236328,11.369999885559082,703,0.0,0.0
2024-06-14 12:25:00-04:00,11.34000015258789,11.350000381469727,11.3100004196167,11.319999694824219,9296,0.0,0.0
2024-06-14 12:30:00-04:00,11.329999923706055,11.354999542236328,11.321200370788574,11.354999542236328,2343,0.0,0.0
2024-06-14 12:35:00-04:00,11.359999656677246,11.359999656677246,11.350000381469727,11.354999542236328,1635,0.0,0.0
2024-06-14 12:40:00-04:00,11.354999542236328,11.354999542236328,11.354999542236328,11.354999542236328,989,0.0,0.0
2024-06-14 12:45:00-04:00,11.369999885559082,11.369999885559082,11.34000015258789,11.34000015258789,5385,0.0,0.0
2024-06-14 12:50:00-04:00,11.34000015258789,11.34000015258789,11.3100004196167,11.3100004196167,1349,0.0,0.0
2024-06-14 12:55:00-04:00,11.3100004196167,11.34000015258789,11.3100004196167,11.335000038146973,4066,0.0,0.0
2024-06-14 13:00:00-04:00,11.329999923706055,11.329999923706055,11.319999694824219,11.319999694824219,1668,0.0,0.0
2024-06-14 13:05:00-04:00,11.319999694824219,11.331000328063965,11.319999694824219,11.331000328063965,4114,0.0,0.0
2024-06-14 13:10:00-04:00,11.329999923706055,11.390000343322754,11.329999923706055,11.390000343322754,2707,0.0,0.0
2024-06-14 13:15:00-04:00,11.380000114440918,11.380000114440918,11.380000114440918,11.380000114440918,1865,0.0,0.0
2024-06-14 13:20:00-04:00,11.359999656677246,11.359999656677246,11.335000038146973,11.350000381469727,3510,0.0,0.0
2024-06-14 13:25:00-04:00,11.354999542236328,11.354999542236328,11.354999542236328,11.354999542236328,661,0.0,0.0
2024-06-14 13:30:00-04:00,11.329999923706055,11.364999771118164,11.329999923706055,11.364999771118164,3973,0.0,0.0
2024-06-14 13:35:00-04:00,11.359999656677246,11.359999656677246,11.359999656677246,11.359999656677246,340,0.0,0.0
2024-06-14 13:40:00-04:00,11.34000015258789,11.34000015258789,11.300399780273438,11.305000305175781,5792,0.0,0.0
2024-06-14 13:45:00-04:00,11.3100004196167,11.329899787902832,11.305000305175781,11.329899787902832,1579,0.0,0.0
2024-06-14 13:50:00-04:00,11.3100004196167,11.350000381469727,11.3100004196167,11.350000381469727,3048,0.0,0.0
2024-06-14 13:55:00-04:00,11.319999694824219,11.319999694824219,11.239999771118164,11.239999771118164,8021,0.0,0.0
2024-06-14 14:00:00-04:00,11.244999885559082,11.25,11.239999771118164,11.25,8691,0.0,0.0
2024-06-14 14:05:00-04:00,11.255000114440918,11.260000228881836,11.255000114440918,11.260000228881836,1785,0.0,0.0
2024-06-14 14:10:00-04:00,11.239999771118164,11.239999771118164,11.239999771118164,11.239999771118164,983,0.0,0.0
2024-06-14 14:15:00-04:00,11.220100402832031,11.270000457763672,11.220100402832031,11.260100364685059,10839,0.0,0.0
2024-06-14 14:20:00-04:00,11.265000343322754,11.265000343322754,11.265000343322754,11.265000343322754,370,0.0,0.0
2024-06-14 14:25:00-04:00,11.25,11.25,11.239999771118164,11.239999771118164,3009,0.0,0.0
2024-06-14 14:30:00-04:00,11.229999542236328,11.239999771118164,11.229999542236328,11.239999771118164,5589,0.0,0.0
2024-06-14 14:35:00-04:00,11.286600112915039,11.286600112915039,11.286600112915039,11.286600112915039,609,0.0,0.0
2024-06-14 14:40:00-04:00,11.274999618530273,11.274999618530273,11.260000228881836,11.260000228881836,2618,0.0,0.0
2024-06-14 14:45:00-04:00,11.260000228881836,11.270000457763672,11.25,11.25,4967,0.0,0.0
2024-06-14 14:50:00-04:00,11.248900413513184,11.255000114440918,11.244999885559082,11.255000114440918,3276,0.0,0.0
2024-06-14 14:55:00-04:00,11.270000457763672,11.319999694824219,11.270000457763672,11.3100004196167,8751,0.0,0.0
2024-06-14 15:00:00-04:00,11.3100004196167,11.3100004196167,11.300000190734863,11.3100004196167,4603,0.0,0.0
2024-06-14 15:05:00-04:00,11.3100004196167,11.4399995803833,11.3100004196167,11.4399995803833,6976,0.0,0.0
2024-06-14 15:10:00-04:00,11.449999809265137,11.539999961853027,11.449999809265137,11.524999618530273,6803,0.0,0.0
2024-06-14 15:15:00-04:00,11.515000343322754,11.550000190734863,11.510000228881836,11.550000190734863,8974,0.0,0.0
2024-06-14 15:20:00-04:00,11.539999961853027,11.549099922180176,11.484999656677246,11.484999656677246,6493,0.0,0.0
2024-06-14 15:25:00-04:00,11.46500015258789,11.46500015258789,11.390000343322754,11.399999618530273,4323,0.0,0.0
2024-06-14 15:30:00-04:00,11.380000114440918,11.385000228881836,11.369999885559082,11.375,5851,0.0,0.0
2024-06-14 15:35:00-04:00,11.380000114440918,11.404999732971191,11.380000114440918,11.380000114440918,6927,0.0,0.0
2024-06-14 15:40:00-04:00,11.390000343322754,11.420000076293945,11.359999656677246,11.40999984741211,10362,0.0,0.0
2024-06-14 15:45:00-04:00,11.414999961853027,11.420000076293945,11.380000114440918,11.40999984741211,10743,0.0,0.0
2024-06-14 15:50:00-04:00,11.40999984741211,11.460000038146973,11.40999984741211,11.4399995803833,21889,0.0,0.0
2024-06-14 15:55:00-04:00,11.449999809265137,11.460000038146973,11.399999618530273,11.399999618530273,47444,0.0,0.0
2024-06-17 09:30:00-04:00,11.359999656677246,11.395000457763672,11.3100004196167,11.380000114440918,35952,0.0,0.0
2024-06-17 09:35:00-04:00,11.375,11.375,11.25,11.260000228881836,5433,0.0,0.0
2024-06-17 09:40:00-04:00,11.260000228881836,11.34000015258789,11.260000228881836,11.34000015258789,5013,0.0,0.0
2024-06-17 09:45:00-04:00,11.310799598693848,11.310799598693848,11.310799598693848,11.310799598693848,423,0.0,0.0
2024-06-17 09:50:00-04:00,11.350000381469727,11.46969985961914,11.350000381469727,11.46969985961914,4581,0.0,0.0
2024-06-17 09:55:00-04:00,11.40999984741211,11.420000076293945,11.399999618530273,11.420000076293945,843,0.0,0.0
2024-06-17 10:00:00-04:00,11.40999984741211,11.442500114440918,11.40999984741211,11.442500114440918,2635,0.0,0.0
2024-06-17 10:10:00-04:00,11.40999984741211,11.40999984741211,11.40999984741211,11.40999984741211,5181,0.0,0.0
2024-06-17 10:15:00-04:00,11.390000343322754,11.402199745178223,11.369999885559082,11.402199745178223,9212,0.0,0.0
2024-06-17 10:20:00-04:00,11.4399995803833,11.529999732971191,11.40999984741211,11.474200248718262,8637,0.0,0.0
2024-06-17 10:25:00-04:00,11.350000381469727,11.350000381469727,11.350000381469727,11.350000381469727,179,0.0,0.0
2024-06-17 10:30:00-04:00,11.359999656677246,11.390000343322754,11.359999656677246,11.371000289916992,1868,0.0,0.0
2024-06-17 10:35:00-04:00,11.350000381469727,11.350000381469727,11.329999923706055,11.350000381469727,2113,0.0,0.0
2024-06-17 10:40:00-04:00,11.329999923706055,11.329999923706055,11.289999961853027,11.289999961853027,1562,0.0,0.0
2024-06-17 10:45:00-04:00,11.260000228881836,11.260000228881836,11.25,11.25,2133,0.0,0.0
2024-06-17 10:50:00-04:00,11.239999771118164,11.25,11.239999771118164,11.25,1032,0.0,0.0
2024-06-17 10:55:00-04:00,11.25,11.25,11.232999801635742,11.232999801635742,707,0.0,0.0
2024-06-17 11:00:00-04:00,11.220100402832031,11.220199584960938,11.220100402832031,11.220199584960938,2069,0.0,0.0
2024-06-17 11:05:00-04:00,11.210000038146973,11.220000267028809,11.199999809265137,11.220000267028809,2908,0.0,0.0
2024-06-17 11:10:00-04:00,11.220000267028809,11.300000190734863,11.220000267028809,11.279999732971191,6617,0.0,0.0
2024-06-17 11:20:00-04:00,11.34000015258789,11.34000015258789,11.335000038146973,11.335000038146973,544,0.0,0.0
2024-06-17 11:25:00-04:00,11.300000190734863,11.300000190734863,11.300000190734863,11.300000190734863,353,0.0,0.0
2024-06-17 11:30:00-04:00,11.329999923706055,11.34000015258789,11.329999923706055,11.329999923706055,1071,0.0,0.0
2024-06-17 11:35:00-04:00,11.3100004196167,11.3100004196167,11.300000190734863,11.3100004196167,3327,0.0,0.0
2024-06-17 11:40:00-04:00,11.335000038146973,11.335000038146973,11.335000038146973,11.335000038146973,265,0.0,0.0
2024-06-17 11:45:00-04:00,11.3100004196167,11.3100004196167,11.300000190734863,11.3100004196167,1223,0.0,0.0
2024-06-17 11:55:00-04:00,11.279999732971191,11.279999732971191,11.279999732971191,11.279999732971191,513,0.0,0.0
2024-06-17 12:00:00-04:00,11.260000228881836,11.270000457763672,11.260000228881836,11.260000228881836,6541,0.0,0.0
2024-06-17 12:10:00-04:00,11.265000343322754,11.268199920654297,11.25,11.25,1531,0.0,0.0
2024-06-17 12:15:00-04:00,11.240099906921387,11.240099906921387,11.240099906921387,11.240099906921387,5304,0.0,0.0
2024-06-17 12:20:00-04:00,11.25,11.319999694824219,11.25,11.289999961853027,8000,0.0,0.0
2024-06-17 12:30:00-04:00,11.300000190734863,11.379899978637695,11.300000190734863,11.379899978637695,1489,0.0,0.0
2024-06-17 12:35:00-04:00,11.380000114440918,11.380000114440918,11.380000114440918,11.380000114440918,303,0.0,0.0
2024-06-17 12:40:00-04:00,11.378999710083008,11.380000114440918,11.359999656677246,11.359999656677246,1889,0.0,0.0
2024-06-17 12:45:00-04:00,11.380000114440918,11.380000114440918,11.380000114440918,11.380000114440918,486,0.0,0.0
2024-06-17 12:50:00-04:00,11.375,11.388999938964844,11.375,11.388999938964844,1530,0.0,0.0
2024-06-17 12:55:00-04:00,11.390000343322754,11.390000343322754,11.390000343322754,11.390000343322754,808,0.0,0.0
2024-06-17 13:00:00-04:00,11.399999618530273,11.399999618530273,11.38599967956543,11.38599967956543,847,0.0,0.0
2024-06-17 13:05:00-04:00,11.399999618530273,11.420000076293945,11.399999618530273,11.420000076293945,574,0.0,0.0
2024-06-17 13:10:00-04:00,11.404999732971191,11.404999732971191,11.390000343322754,11.390000343322754,988,0.0,0.0
2024-06-17 13:15:00-04:00,11.420000076293945,11.420000076293945,11.390000343322754,11.39900016784668,1047,0.0,0.0
2024-06-17 13:20:00-04:00,11.399999618530273,11.520000457763672,11.399999618530273,11.520000457763672,12964,0.0,0.0
2024-06-17 13:25:00-04:00,11.49899959564209,11.5,11.496999740600586,11.5,1226,0.0,0.0
2024-06-17 13:30:00-04:00,11.539999961853027,11.539999961853027,11.510000228881836,11.520000457763672,2357,0.0,0.0
2024-06-17 13:35:00-04:00,11.529999732971191,11.539999961853027,11.529999732971191,11.539999961853027,1182,0.0,0.0
2024-06-17 13:40:00-04:00,11.524999618530273,11.59000015258789,11.524999618530273,11.59000015258789,2276,0.0,0.0
2024-06-17 13:45:00-04:00,11.609999656677246,11.609999656677246,11.609999656677246,11.609999656677246,982,0.0,0.0
2024-06-17 13:50:00-04:00,11.579899787902832,11.65999984741211,11.579899787902832,11.65999984741211,2405,0.0,0.0
2024-06-17 13:55:00-04:00,11.654999732971191,11.670000076293945,11.649999618530273,11.65060043334961,1284,0.0,0.0
2024-06-17 14:00:00-04:00,11.670000076293945,11.710000038146973,11.645000457763672,11.668999671936035,4474,0.0,0.0
2024-06-17 14:05:00-04:00,11.670000076293945,11.699999809265137,11.670000076293945,11.699999809265137,1148,0.0,0.0
2024-06-17 14:10:00-04:00,11.680000305175781,11.729999542236328,11.680000305175781,11.71500015258789,3367,0.0,0.0
2024-06-17 14:15:00-04:00,11.710000038146973,11.710000038146973,11.664999961853027,11.664999961853027,3807,0.0,0.0
2024-06-17 14:20:00-04:00,11.649999618530273,11.670000076293945,11.619999885559082,11.651000022888184,9279,0.0,0.0
2024-06-17 14:25:00-04:00,11.670000076293945,11.729999542236328,11.670000076293945,11.6899995803833,3930,0.0,0.0
2024-06-17 14:30:00-04:00,11.699999809265137,11.710000038146973,11.614999771118164,11.630000114440918,3714,0.0,0.0
2024-06-17 14:35:00-04:00,11.604999542236328,11.619999885559082,11.600000381469727,11.619999885559082,2048,0.0,0.0
2024-06-17 14:40:00-04:00,11.619999885559082,11.619999885559082,11.619999885559082,11.619999885559082,1008,0.0,0.0
2024-06-17 14:45:00-04:00,11.600000381469727,11.625,11.600000381469727,11.619999885559082,3755,0.0,0.0
2024-06-17 14:50:00-04:00,11.640000343322754,11.680000305175781,11.630000114440918,11.680000305175781,3587,0.0,0.0
2024-06-17 14:55:00-04:00,11.675000190734863,11.71399974822998,11.65999984741211,11.65999984741211,6314,0.0,0.0
2024-06-17 15:00:00-04:00,11.670000076293945,11.670000076293945,11.649999618530273,11.649999618530273,3076,0.0,0.0
2024-06-17 15:05:00-04:00,11.649999618530273,11.734999656677246,11.649999618530273,11.729999542236328,4557,0.0,0.0
2024-06-17 15:10:00-04:00,11.739899635314941,11.770000457763672,11.729999542236328,11.760000228881836,7253,0.0,0.0
2024-06-17 15:15:00-04:00,11.755000114440918,11.755000114440918,11.720000267028809,11.73900032043457,5754,0.0,0.0
2024-06-17 15:20:00-04:00,11.729999542236328,11.739999771118164,11.704999923706055,11.704999923706055,3979,0.0,0.0
2024-06-17 15:25:00-04:00,11.699999809265137,11.729999542236328,11.6899995803833,11.729999542236328,5865,0.0,0.0
2024-06-17 15:30:00-04:00,11.739999771118164,11.755000114440918,11.670000076293945,11.694999694824219,38118,0.0,0.0
2024-06-17 15:35:00-04:00,11.699999809265137,11.739999771118164,11.680000305175781,11.729999542236328,15534,0.0,0.0
2024-06-17 15:40:00-04:00,11.720000267028809,11.729999542236328,11.711000442504883,11.71500015258789,3857,0.0,0.0
2024-06-17 15:45:00-04:00,11.71500015258789,11.71500015258789,11.694999694824219,11.699999809265137,6825,0.0,0.0
2024-06-17 15:50:00-04:00,11.699999809265137,11.75,11.699999809265137,11.734999656677246,13186,0.0,0.0
2024-06-17 15:55:00-04:00,11.739999771118164,11.75,11.710000038146973,11.71500015258789,19514,0.0,0.0
2024-06-18 09:30:00-04:00,11.670000076293945,11.739999771118164,11.670000076293945,11.699999809265137,6252,0.0,0.0
2024-06-18 09:35:00-04:00,11.699999809265137,11.699999809265137,11.699999809265137,11.699999809265137,361,0.0,0.0
2024-06-18 09:40:00-04:00,11.739999771118164,11.739999771118164,11.739999771118164,11.739999771118164,844,0.0,0.0
2024-06-18 09:45:00-04:00,11.560400009155273,11.560400009155273,11.560400009155273,11.560400009155273,734,0.0,0.0
2024-06-18 09:50:00-04:00,11.550000190734863,11.550000190734863,11.5,11.539999961853027,877,0.0,0.0
2024-06-18 09:55:00-04:00,11.545000076293945,11.59000015258789,11.470000267028809,11.470000267028809,1447,0.0,0.0
2024-06-18 10:00:00-04:00,11.470000267028809,11.529999732971191,11.470000267028809,11.529999732971191,1268,0.0,0.0
2024-06-18 10:05:00-04:00,11.5,11.509900093078613,11.479999542236328,11.5,1767,0.0,0.0
2024-06-18 10:10:00-04:00,11.529999732971191,11.529999732971191,11.5,11.5,1623,0.0,0.0
2024-06-18 10:15:00-04:00,11.5,11.550000190734863,11.5,11.550000190734863,1726,0.0,0.0
2024-06-18 10:20:00-04:00,11.59000015258789,11.59000015258789,11.539999961853027,11.539999961853027,921,0.0,0.0
2024-06-18 10:25:00-04:00,11.569999694824219,11.569999694824219,11.550000190734863,11.550000190734863,3636,0.0,0.0
2024-06-18 10:30:00-04:00,11.550999641418457,11.579999923706055,11.550999641418457,11.5600004196167,5803,0.0,0.0
2024-06-18 10:35:00-04:00,11.5600004196167,11.5600004196167,11.5600004196167,11.5600004196167,2435,0.0,0.0
2024-06-18 10:40:00-04:00,11.579999923706055,11.600000381469727,11.579999923706055,11.600000381469727,946,0.0,0.0
2024-06-18 10:45:00-04:00,11.579999923706055,11.598799705505371,11.579999923706055,11.598799705505371,1474,0.0,0.0
2024-06-18 10:50:00-04:00,11.619999885559082,11.619999885559082,11.579999923706055,11.579999923706055,3019,0.0,0.0
2024-06-18 10:55:00-04:00,11.579999923706055,11.596599578857422,11.564800262451172,11.564800262451172,2705,0.0,0.0
2024-06-18 11:05:00-04:00,11.600000381469727,11.609999656677246,11.59000015258789,11.609999656677246,2110,0.0,0.0
2024-06-18 11:10:00-04:00,11.670000076293945,11.6850004196167,11.664999961853027,11.680000305175781,4557,0.0,0.0
2024-06-18 11:15:00-04:00,11.682999610900879,11.682999610900879,11.670000076293945,11.680000305175781,975,0.0,0.0
2024-06-18 11:20:00-04:00,11.663700103759766,11.710000038146973,11.663700103759766,11.710000038146973,2109,0.0,0.0
2024-06-18 11:25:00-04:00,11.680000305175781,11.680000305175781,11.640000343322754,11.640000343322754,3077,0.0,0.0
2024-06-18 11:30:00-04:00,11.630000114440918,11.630000114440918,11.630000114440918,11.630000114440918,1214,0.0,0.0
2024-06-18 11:35:00-04:00,11.65999984741211,11.65999984741211,11.65999984741211,11.65999984741211,460,0.0,0.0
2024-06-18 11:40:00-04:00,11.68239974975586,11.684499740600586,11.670000076293945,11.670000076293945,3237,0.0,0.0
2024-06-18 11:45:00-04:00,11.649999618530273,11.649999618530273,11.649999618530273,11.649999618530273,2358,0.0,0.0
2024-06-18 11:50:00-04:00,11.630000114440918,11.630000114440918,11.585000038146973,11.585000038146973,2641,0.0,0.0
2024-06-18 11:55:00-04:00,11.5600004196167,11.5600004196167,11.5600004196167,11.5600004196167,734,0.0,0.0
2024-06-18 12:00:00-04:00,11.569999694824219,11.59000015258789,11.569999694824219,11.579999923706055,1934,0.0,0.0
2024-06-18 12:05:00-04:00,11.579999923706055,11.579999923706055,11.579999923706055,11.579999923706055,1273,0.0,0.0
2024-06-18 12:15:00-04:00,11.579999923706055,11.600000381469727,11.5600004196167,11.600000381469727,3168,0.0,0.0
2024-06-18 12:20:00-04:00,11.609999656677246,11.609999656677246,11.59000015258789,11.59000015258789,2684,0.0,0.0
2024-06-18 12:25:00-04:00,11.600000381469727,11.600000381469727,11.520000457763672,11.520000457763672,4031,0.0,0.0
2024-06-18 12:30:00-04:00,11.489999771118164,11.489999771118164,11.430000305175781,11.430000305175781,4490,0.0,0.0
2024-06-18 12:40:00-04:00,11.430000305175781,11.505000114440918,11.430000305175781,11.505000114440918,2746,0.0,0.0
2024-06-18 12:45:00-04:00,11.510000228881836,11.510000228881836,11.460000038146973,11.460000038146973,3937,0.0,0.0
2024-06-18 12:50:00-04:00,11.449999809265137,11.449999809265137,11.449999809265137,11.449999809265137,959,0.0,0.0
2024-06-18 12:55:00-04:00,11.4399995803833,11.489999771118164,11.4399995803833,11.489999771118164,4778,0.0,0.0
2024-06-18 13:00:00-04:00,11.480999946594238,11.510000228881836,11.480999946594238,11.510000228881836,2066,0.0,0.0
2024-06-18 13:10:00-04:00,11.515000343322754,11.515000343322754,11.48009967803955,11.5,4374,0.0,0.0
2024-06-18 13:15:00-04:00,11.510000228881836,11.520000457763672,11.510000228881836,11.520000457763672,2246,0.0,0.0
2024-06-18 13:20:00-04:00,11.51099967956543,11.51099967956543,11.5,11.5,1549,0.0,0.0
2024-06-18 13:25:00-04:00,11.479999542236328,11.491999626159668,11.479999542236328,11.489999771118164,1954,0.0,0.0
2024-06-18 13:30:00-04:00,11.5,11.5,11.489999771118164,11.489999771118164,656,0.0,0.0
2024-06-18 13:35:00-04:00,11.510000228881836,11.510000228881836,11.5,11.5,1810,0.0,0.0
2024-06-18 13:40:00-04:00,11.510000228881836,11.510000228881836,11.510000228881836,11.510000228881836,442,0.0,0.0
2024-06-18 13:45:00-04:00,11.520000457763672,11.520000457763672,11.5,11.5,3437,0.0,0.0
2024-06-18 13:50:00-04:00,11.489999771118164,11.490099906921387,11.489999771118164,11.489999771118164,444,0.0,0.0
2024-06-18 13:55:00-04:00,11.489999771118164,11.489999771118164,11.489999771118164,11.489999771118164,1236,0.0,0.0
2024-06-18 14:00:00-04:00,11.494999885559082,11.5,11.494999885559082,11.5,2204,0.0,0.0
2024-06-18 14:05:00-04:00,11.5,11.5,11.5,11.5,1796,0.0,0.0
2024-06-18 14:15:00-04:00,11.539999961853027,11.539999961853027,11.537199974060059,11.537199974060059,1794,0.0,0.0
2024-06-18 14:25:00-04:00,11.545000076293945,11.569999694824219,11.545000076293945,11.569999694824219,1455,0.0,0.0
2024-06-18 14:30:00-04:00,11.569999694824219,11.569999694824219,11.569999694824219,11.569999694824219,743,0.0,0.0
2024-06-18 14:35:00-04:00,11.579999923706055,11.579999923706055,11.572600364685059,11.572600364685059,2075,0.0,0.0
2024-06-18 14:40:00-04:00,11.569999694824219,11.569999694824219,11.5,11.5,2754,0.0,0.0
2024-06-18 14:45:00-04:00,11.489999771118164,11.510000228881836,11.489999771118164,11.510000228881836,1300,0.0,0.0
2024-06-18 14:50:00-04:00,11.510000228881836,11.510000228881836,11.5,11.5,1964,0.0,0.0
2024-06-18 14:55:00-04:00,11.489999771118164,11.489999771118164,11.489999771118164,11.489999771118164,1554,0.0,0.0
2024-06-18 15:00:00-04:00,11.5,11.5,11.475000381469727,11.499899864196777,7165,0.0,0.0
2024-06-18 15:05:00-04:00,11.484999656677246,11.489999771118164,11.484999656677246,11.489999771118164,2380,0.0,0.0
2024-06-18 15:15:00-04:00,11.5,11.510000228881836,11.489999771118164,11.489999771118164,1737,0.0,0.0
2024-06-18 15:20:00-04:00,11.489999771118164,11.5,11.489999771118164,11.489999771118164,4149,0.0,0.0
2024-06-18 15:25:00-04:00,11.449999809265137,11.470000267028809,11.449999809265137,11.470000267028809,3941,0.0,0.0
2024-06-18 15:30:00-04:00,11.470000267028809,11.470000267028809,11.449999809265137,11.460000038146973,4571,0.0,0.0
2024-06-18 15:35:00-04:00,11.460000038146973,11.489999771118164,11.430000305175781,11.4399995803833,7573,0.0,0.0
2024-06-18 15:40:00-04:00,11.430000305175781,11.4399995803833,11.380000114440918,11.4399995803833,7195,0.0,0.0
2024-06-18 15:45:00-04:00,11.4399995803833,11.4399995803833,11.40999984741211,11.420000076293945,5489,0.0,0.0
2024-06-18 15:50:00-04:00,11.420000076293945,11.425000190734863,11.369999885559082,11.369999885559082,7712,0.0,0.0
2024-06-18 15:55:00-04:00,11.369999885559082,11.369999885559082,11.289999961853027,11.300000190734863,30526,0.0,0.0
2024-06-20 09:30:00-04:00,11.1850004196167,11.3149995803833,11.1850004196167,11.300000190734863,15794,0.0,0.0
2024-06-20 09:35:00-04:00,11.399999618530273,11.466099739074707,11.380000114440918,11.449999809265137,6211,0.0,0.0
2024-06-20 09:40:00-04:00,11.489999771118164,11.520000457763672,11.449999809265137,11.520000457763672,1210,0.0,0.0
2024-06-20 09:45:00-04:00,11.510000228881836,11.520000457763672,11.460000038146973,11.484999656677246,3269,0.0,0.0
2024-06-20 09:50:00-04:00,11.5,11.614999771118164,11.5,11.614999771118164,3000,0.0,0.0
2024-06-20 09:55:00-04:00,11.625,11.630000114440918,11.569999694824219,11.569999694824219,2317,0.0,0.0
2024-06-20 10:00:00-04:00,11.555000305175781,11.579999923706055,11.539999961853027,11.545000076293945,961,0.0,0.0
2024-06-20 10:05:00-04:00,11.545000076293945,11.579999923706055,11.545000076293945,11.5600004196167,1671,0.0,0.0
2024-06-20 10:10:00-04:00,11.569999694824219,11.569999694824219,11.550000190734863,11.550000190734863,2013,0.0,0.0
2024-06-20 10:15:00-04:00,11.5600004196167,11.5600004196167,11.520000457763672,11.520000457763672,4317,0.0,0.0
2024-06-20 10:20:00-04:00,11.529999732971191,11.59000015258789,11.494999885559082,11.59000015258789,4509,0.0,0.0
2024-06-20 10:25:00-04:00,11.569999694824219,11.59000015258789,11.5600004196167,11.5600004196167,1764,0.0,0.0
2024-06-20 10:30:00-04:00,11.5649995803833,11.645000457763672,11.5649995803833,11.645000457763672,2272,0.0,0.0
2024-06-20 10:35:00-04:00,11.65999984741211,11.680000305175781,11.640000343322754,11.640000343322754,2278,0.0,0.0
2024-06-20 10:40:00-04:00,11.609999656677246,11.609999656677246,11.609999656677246,11.609999656677246,614,0.0,0.0
2024-06-20 10:45:00-04:00,11.569999694824219,11.600000381469727,11.569999694824219,11.579999923706055,2226,0.0,0.0
2024-06-20 10:50:00-04:00,11.600000381469727,11.600000381469727,11.569999694824219,11.569999694824219,4103,0.0,0.0
2024-06-20 10:55:00-04:00,11.609999656677246,11.609999656677246,11.593299865722656,11.609999656677246,967,0.0,0.0
2024-06-20 11:00:00-04:00,11.630000114440918,11.630000114440918,11.579999923706055,11.579999923706055,2849,0.0,0.0
2024-06-20 11:05:00-04:00,11.604999542236328,11.604999542236328,11.5600004196167,11.5600004196167,939,0.0,0.0
2024-06-20 11:10:00-04:00,11.586899757385254,11.600000381469727,11.5600004196167,11.600000381469727,4257,0.0,0.0
2024-06-20 11:15:00-04:00,11.600000381469727,11.670000076293945,11.595000267028809,11.664999961853027,12561,0.0,0.0
2024-06-20 11:20:00-04:00,11.670000076293945,11.670000076293945,11.635000228881836,11.640000343322754,4384,0.0,0.0
2024-06-20 11:25:00-04:00,11.619999885559082,11.619999885559082,11.600000381469727,11.600000381469727,2137,0.0,0.0
2024-06-20 11:30:00-04:00,11.569999694824219,11.569999694824219,11.550000190734863,11.550000190734863,1772,0.0,0.0
2024-06-20 11:35:00-04:00,11.545000076293945,11.569999694824219,11.545000076293945,11.569999694824219,2327,0.0,0.0
2024-06-20 11:40:00-04:00,11.569999694824219,11.585000038146973,11.569999694824219,11.569999694824219,2058,0.0,0.0
2024-06-20 11:45:00-04:00,11.563899993896484,11.5649995803833,11.515000343322754,11.515000343322754,2550,0.0,0.0
2024-06-20 11:50:00-04:00,11.520000457763672,11.550000190734863,11.496700286865234,11.550000190734863,4559,0.0,0.0
2024-06-20 11:55:00-04:00,11.550000190734863,11.649999618530273,11.550000190734863,11.649999618530273,8134,0.0,0.0
2024-06-20 12:00:00-04:00,11.635000228881836,11.635000228881836,11.630000114440918,11.630000114440918,1013,0.0,0.0
2024-06-20 12:05:00-04:00,11.649900436401367,11.670000076293945,11.635000228881836,11.670000076293945,5244,0.0,0.0
2024-06-20 12:10:00-04:00,11.670000076293945,11.670000076293945,11.670000076293945,11.670000076293945,332,0.0,0.0
2024-06-20 12:15:00-04:00,11.660099983215332,11.660099983215332,11.619999885559082,11.625,3098,0.0,0.0
2024-06-20 12:20:00-04:00,11.630000114440918,11.654999732971191,11.630000114440918,11.649999618530273,2265,0.0,0.0
2024-06-20 12:25:00-04:00,11.609999656677246,11.640000343322754,11.609999656677246,11.640000343322754,1302,0.0,0.0
2024-06-20 12:30:00-04:00,11.649999618530273,11.65999984741211,11.635000228881836,11.65999984741211,902,0.0,0.0
2024-06-20 12:35:00-04:00,11.640000343322754,11.649999618530273,11.603599548339844,11.603599548339844,1930,0.0,0.0
2024-06-20 12:40:00-04:00,11.566200256347656,11.600000381469727,11.566200256347656,11.600000381469727,1809,0.0,0.0
2024-06-20 12:45:00-04:00,11.619999885559082,11.619999885559082,11.619999885559082,11.619999885559082,657,0.0,0.0
2024-06-20 12:50:00-04:00,11.619999885559082,11.630000114440918,11.619999885559082,11.630000114440918,1015,0.0,0.0
2024-06-20 12:55:00-04:00,11.65999984741211,11.65999984741211,11.65999984741211,11.65999984741211,2057,0.0,0.0
2024-06-20 13:05:00-04:00,11.667499542236328,11.770000457763672,11.667499542236328,11.75,8125,0.0,0.0
2024-06-20 13:10:00-04:00,11.75,11.760000228881836,11.739999771118164,11.739999771118164,5274,0.0,0.0
2024-06-20 13:15:00-04:00,11.670000076293945,11.680000305175781,11.670000076293945,11.680000305175781,1296,0.0,0.0
2024-06-20 13:20:00-04:00,11.6850004196167,11.739999771118164,11.6850004196167,11.739999771118164,3547,0.0,0.0
2024-06-20 13:25:00-04:00,11.739999771118164,11.739999771118164,11.725000381469727,11.725000381469727,2342,0.0,0.0
2024-06-20 13:30:00-04:00,11.699999809265137,11.739999771118164,11.699999809265137,11.729999542236328,1074,0.0,0.0
2024-06-20 13:35:00-04:00,11.75,11.789999961853027,11.75,11.789999961853027,1829,0.0,0.0
2024-06-20 13:40:00-04:00,11.789999961853027,11.789999961853027,11.770000457763672,11.770000457763672,3069,0.0,0.0
2024-06-20 13:45:00-04:00,11.754500389099121,11.754500389099121,11.75,11.75,594,0.0,0.0
2024-06-20 13:50:00-04:00,11.777799606323242,11.777799606323242,11.760000228881836,11.760000228881836,1924,0.0,0.0
2024-06-20 13:55:00-04:00,11.779999732971191,11.779999732971191,11.779999732971191,11.779999732971191,1701,0.0,0.0
2024-06-20 14:00:00-04:00,11.78499984741211,11.800000190734863,11.78499984741211,11.800000190734863,296,0.0,0.0
2024-06-20 14:05:00-04:00,11.781999588012695,11.781999588012695,11.760000228881836,11.760000228881836,2137,0.0,0.0
2024-06-20 14:10:00-04:00,11.760000228881836,11.765000343322754,11.744999885559082,11.744999885559082,1424,0.0,0.0
2024-06-20 14:15:00-04:00,11.739999771118164,11.739999771118164,11.720000267028809,11.729999542236328,2134,0.0,0.0
2024-06-20 14:20:00-04:00,11.739999771118164,11.770000457763672,11.739999771118164,11.760000228881836,3965,0.0,0.0
2024-06-20 14:30:00-04:00,11.770000457763672,11.770000457763672,11.739999771118164,11.739999771118164,2747,0.0,0.0
2024-06-20 14:35:00-04:00,11.75,11.774999618530273,11.75,11.774999618530273,4519,0.0,0.0
2024-06-20 14:40:00-04:00,11.760000228881836,11.760000228881836,11.729999542236328,11.729999542236328,2431,0.0,0.0
2024-06-20 14:45:00-04:00,11.749899864196777,11.760000228881836,11.734999656677246,11.760000228881836,1129,0.0,0.0
2024-06-20 14:50:00-04:00,11.760000228881836,11.760000228881836,11.739999771118164,11.739999771118164,1716,0.0,0.0
2024-06-20 14:55:00-04:00,11.71500015258789,11.730999946594238,11.699999809265137,11.710000038146973,7640,0.0,0.0
2024-06-20 15:00:00-04:00,11.729999542236328,11.729999542236328,11.720000267028809,11.729900360107422,2082,0.0,0.0
2024-06-20 15:05:00-04:00,11.729999542236328,11.739999771118164,11.729999542236328,11.729999542236328,3546,0.0,0.0
2024-06-20 15:10:00-04:00,11.720000267028809,11.795999526977539,11.699999809265137,11.795999526977539,8264,0.0,0.0
2024-06-20 15:15:00-04:00,11.819999694824219,11.84000015258789,11.819999694824219,11.84000015258789,1768,0.0,0.0
2024-06-20 15:20:00-04:00,11.829999923706055,11.829999923706055,11.770899772644043,11.770899772644043,5928,0.0,0.0
2024-06-20 15:25:00-04:00,11.779999732971191,11.800000190734863,11.770000457763672,11.800000190734863,4450,0.0,0.0
2024-06-20 15:30:00-04:00,11.8100004196167,11.829999923706055,11.760000228881836,11.760000228881836,8234,0.0,0.0
2024-06-20 15:35:00-04:00,11.779999732971191,11.920000076293945,11.779999732971191,11.920000076293945,10627,0.0,0.0
2024-06-20 15:40:00-04:00,11.90999984741211,11.90999984741211,11.78499984741211,11.800000190734863,6883,0.0,0.0
2024-06-20 15:45:00-04:00,11.803500175476074,11.829999923706055,11.789999961853027,11.789999961853027,8006,0.0,0.0
2024-06-20 15:50:00-04:00,11.789999961853027,11.850000381469727,11.789999961853027,11.84000015258789,19908,0.0,0.0
2024-06-20 15:55:00-04:00,11.819999694824219,11.829999923706055,11.774999618530273,11.779999732971191,29759,0.0,0.0
2024-06-21 09:30:00-04:00,11.899999618530273,12.017800331115723,11.850000381469727,12.017800331115723,72215,0.0,0.0
2024-06-21 09:35:00-04:00,12.039999961853027,12.140000343322754,12.039999961853027,12.140000343322754,3281,0.0,0.0
2024-06-21 09:40:00-04:00,12.09000015258789,12.164999961853027,12.069999694824219,12.069999694824219,5537,0.0,0.0
2024-06-21 09:45:00-04:00,11.890000343322754,12.09000015258789,11.890000343322754,12.09000015258789,2373,0.0,0.0
2024-06-21 09:50:00-04:00,12.130000114440918,12.199999809265137,12.109999656677246,12.199999809265137,4382,0.0,0.0
2024-06-21 09:55:00-04:00,12.140000343322754,12.210000038146973,12.100000381469727,12.100000381469727,2534,0.0,0.0
2024-06-21 10:00:00-04:00,12.050000190734863,12.050000190734863,12.010000228881836,12.010000228881836,1299,0.0,0.0
2024-06-21 10:05:00-04:00,11.970000267028809,12.069999694824219,11.960000038146973,12.069999694824219,2374,0.0,0.0
2024-06-21 10:10:00-04:00,12.0600004196167,12.0600004196167,12.029999732971191,12.029999732971191,2552,0.0,0.0
2024-06-21 10:15:00-04:00,12.010000228881836,12.020000457763672,11.979999542236328,11.979999542236328,1913,0.0,0.0
2024-06-21 10:20:00-04:00,12.010000228881836,12.03499984741211,12.010000228881836,12.03499984741211,705,0.0,0.0
2024-06-21 10:25:00-04:00,12.079999923706055,12.140000343322754,12.079999923706055,12.140000343322754,4588,0.0,0.0
2024-06-21 10:30:00-04:00,12.140000343322754,12.140000343322754,12.114999771118164,12.119999885559082,2608,0.0,0.0
2024-06-21 10:35:00-04:00,12.109999656677246,12.119999885559082,12.0600004196167,12.0600004196167,2447,0.0,0.0
2024-06-21 10:40:00-04:00,12.079999923706055,12.119999885559082,12.079999923706055,12.119999885559082,1103,0.0,0.0
2024-06-21 10:45:00-04:00,12.130000114440918,12.130000114440918,12.079999923706055,12.079999923706055,2242,0.0,0.0
2024-06-21 10:50:00-04:00,12.105500221252441,12.164999961853027,12.105500221252441,12.164999961853027,3905,0.0,0.0
2024-06-21 10:55:00-04:00,12.125,12.125,12.125,12.125,749,0.0,0.0
2024-06-21 11:00:00-04:00,12.039999961853027,12.039999961853027,12.015000343322754,12.015000343322754,451,0.0,0.0
2024-06-21 11:05:00-04:00,11.989999771118164,12.010000228881836,11.989999771118164,12.010000228881836,670,0.0,0.0
2024-06-21 11:10:00-04:00,11.990099906921387,12.010000228881836,11.990099906921387,12.010000228881836,3391,0.0,0.0
2024-06-21 11:15:00-04:00,12.010000228881836,12.010000228881836,11.90999984741211,11.920000076293945,2164,0.0,0.0
2024-06-21 11:20:00-04:00,11.90999984741211,11.90999984741211,11.904999732971191,11.904999732971191,726,0.0,0.0
2024-06-21 11:25:00-04:00,11.899999618530273,11.899999618530273,11.850000381469727,11.850000381469727,1570,0.0,0.0
2024-06-21 11:30:00-04:00,11.899999618530273,11.920000076293945,11.899999618530273,11.920000076293945,1191,0.0,0.0
2024-06-21 11:35:00-04:00,11.890000343322754,11.890000343322754,11.869999885559082,11.871000289916992,1983,0.0,0.0
2024-06-21 11:40:00-04:00,11.869999885559082,11.869999885559082,11.850000381469727,11.850000381469727,903,0.0,0.0
2024-06-21 11:45:00-04:00,11.824999809265137,11.824999809265137,11.789999961853027,11.789999961853027,5079,0.0,0.0
2024-06-21 11:50:00-04:00,11.800000190734863,11.829999923706055,11.800000190734863,11.829999923706055,3141,0.0,0.0
2024-06-21 11:55:00-04:00,11.78499984741211,11.78499984741211,11.78499984741211,11.78499984741211,384,0.0,0.0
2024-06-21 12:00:00-04:00,11.774999618530273,11.801600456237793,11.774999618530273,11.800000190734863,7539,0.0,0.0
2024-06-21 12:05:00-04:00,11.84000015258789,11.84000015258789,11.84000015258789,11.84000015258789,1073,0.0,0.0
2024-06-21 12:10:00-04:00,11.84000015258789,11.84000015258789,11.829999923706055,11.829999923706055,2757,0.0,0.0
2024-06-21 12:15:00-04:00,11.829999923706055,11.829999923706055,11.829999923706055,11.829999923706055,1021,0.0,0.0
2024-06-21 12:20:00-04:00,11.84000015258789,11.84000015258789,11.829999923706055,11.829999923706055,1213,0.0,0.0
2024-06-21 12:25:00-04:00,11.850000381469727,11.864999771118164,11.850000381469727,11.864999771118164,1230,0.0,0.0
2024-06-21 12:30:00-04:00,11.869999885559082,11.869999885559082,11.850000381469727,11.850000381469727,2468,0.0,0.0
2024-06-21 12:35:00-04:00,11.869999885559082,11.890000343322754,11.869999885559082,11.890000343322754,1469,0.0,0.0
2024-06-21 12:40:00-04:00,11.914999961853027,11.914999961853027,11.904999732971191,11.904999732971191,704,0.0,0.0
2024-06-21 12:45:00-04:00,11.904999732971191,11.930000305175781,11.904999732971191,11.930000305175781,1467,0.0,0.0
2024-06-21 12:50:00-04:00,11.9350004196167,11.9399995803833,11.920000076293945,11.9399995803833,3939,0.0,0.0
2024-06-21 13:00:00-04:00,11.994999885559082,12.0,11.970000267028809,11.970000267028809,1946,0.0,0.0
2024-06-21 13:05:00-04:00,11.979999542236328,12.010000228881836,11.979999542236328,11.989999771118164,3156,0.0,0.0
2024-06-21 13:10:00-04:00,12.010600090026855,12.020000457763672,12.010000228881836,12.01990032196045,1270,0.0,0.0
2024-06-21 13:15:00-04:00,12.020000457763672,12.0649995803833,12.020000457763672,12.0600004196167,2972,0.0,0.0
2024-06-21 13:20:00-04:00,12.0649995803833,12.0649995803833,12.0649995803833,12.0649995803833,662,0.0,0.0
2024-06-21 13:25:00-04:00,12.0649995803833,12.0649995803833,12.015000343322754,12.015000343322754,3067,0.0,0.0
2024-06-21 13:30:00-04:00,12.0,12.102999687194824,11.980799674987793,12.102999687194824,16541,0.0,0.0
2024-06-21 13:35:00-04:00,12.095000267028809,12.095000267028809,12.095000267028809,12.095000267028809,412,0.0,0.0
2024-06-21 13:40:00-04:00,12.109999656677246,12.130000114440918,12.100000381469727,12.109999656677246,4563,0.0,0.0
2024-06-21 13:45:00-04:00,12.119999885559082,12.119999885559082,12.119999885559082,12.119999885559082,1471,0.0,0.0
2024-06-21 13:50:00-04:00,12.104999542236328,12.109999656677246,12.104999542236328,12.104999542236328,1301,0.0,0.0
2024-06-21 13:55:00-04:00,12.125,12.130000114440918,12.100000381469727,12.100000381469727,3357,0.0,0.0
2024-06-21 14:00:00-04:00,12.069999694824219,12.069999694824219,12.0649995803833,12.069999694824219,1863,0.0,0.0
2024-06-21 14:10:00-04:00,12.09000015258789,12.100000381469727,12.09000015258789,12.100000381469727,1158,0.0,0.0
2024-06-21 14:15:00-04:00,12.100000381469727,12.100000381469727,12.079999923706055,12.085399627685547,3179,0.0,0.0
2024-06-21 14:20:00-04:00,12.100000381469727,12.140000343322754,12.100000381469727,12.140000343322754,1536,0.0,0.0
2024-06-21 14:25:00-04:00,12.130000114440918,12.149999618530273,12.130000114440918,12.149999618530273,1963,0.0,0.0
2024-06-21 14:30:00-04:00,12.140000343322754,12.140000343322754,12.09000015258789,12.09000015258789,2852,0.0,0.0
2024-06-21 14:35:00-04:00,12.085000038146973,12.085000038146973,12.079999923706055,12.079999923706055,623,0.0,0.0
2024-06-21 14:40:00-04:00,12.079999923706055,12.079999923706055,12.069999694824219,12.079999923706055,2071,0.0,0.0
2024-06-21 14:45:00-04:00,12.079999923706055,12.079999923706055,12.079999923706055,12.079999923706055,782,0.0,0.0
2024-06-21 14:50:00-04:00,12.100000381469727,12.119999885559082,12.09000015258789,12.119999885559082,2311,0.0,0.0
2024-06-21 14:55:00-04:00,12.119999885559082,12.119999885559082,12.109999656677246,12.109999656677246,4398,0.0,0.0
2024-06-21 15:00:00-04:00,12.130000114440918,12.149999618530273,12.130000114440918,12.149999618530273,666,0.0,0.0
2024-06-21 15:05:00-04:00,12.140000343322754,12.175000190734863,12.140000343322754,12.15999984741211,3819,0.0,0.0
2024-06-21 15:10:00-04:00,12.170000076293945,12.1899995803833,12.170000076293945,12.1899995803833,3239,0.0,0.0
2024-06-21 15:15:00-04:00,12.1899995803833,12.1899995803833,12.1899995803833,12.1899995803833,1877,0.0,0.0
2024-06-21 15:20:00-04:00,12.199999809265137,12.255000114440918,12.199999809265137,12.239999771118164,7405,0.0,0.0
2024-06-21 15:25:00-04:00,12.239999771118164,12.270000457763672,12.229999542236328,12.239999771118164,10717,0.0,0.0
2024-06-21 15:30:00-04:00,12.239999771118164,12.260000228881836,12.199999809265137,12.260000228881836,5547,0.0,0.0
2024-06-21 15:35:00-04:00,12.265000343322754,12.299300193786621,12.25,12.25,8965,0.0,0.0
2024-06-21 15:40:00-04:00,12.255000114440918,12.255000114440918,12.194999694824219,12.199999809265137,6721,0.0,0.0
2024-06-21 15:45:00-04:00,12.199999809265137,12.199999809265137,12.180000305175781,12.180000305175781,8099,0.0,0.0
2024-06-21 15:50:00-04:00,12.170000076293945,12.170000076293945,11.90999984741211,11.944999694824219,67410,0.0,0.0
2024-06-21 15:55:00-04:00,11.920000076293945,11.920000076293945,11.829999923706055,11.829999923706055,74045,0.0,0.0
