Datetime,Open,High,Low,Close,Volume,Dividends,Stock Splits
2024-05-23 09:30:00-04:00,37.88999938964844,37.88999938964844,37.88999938964844,37.88999938964844,0,0.0,0.0
2024-05-23 09:45:00-04:00,37.65999984741211,37.65999984741211,37.65999984741211,37.65999984741211,855,0.0,0.0
2024-05-23 09:50:00-04:00,37.400001525878906,37.400001525878906,37.400001525878906,37.400001525878906,880,0.0,0.0
2024-05-23 10:00:00-04:00,37.439998626708984,37.459999084472656,37.439998626708984,37.459999084472656,682,0.0,0.0
2024-05-23 10:10:00-04:00,37.529998779296875,37.529998779296875,37.529998779296875,37.529998779296875,791,0.0,0.0
2024-05-23 10:20:00-04:00,37.52000045776367,37.52000045776367,37.38999938964844,37.38999938964844,838,0.0,0.0
2024-05-23 10:25:00-04:00,37.380001068115234,37.380001068115234,37.380001068115234,37.380001068115234,712,0.0,0.0
2024-05-23 10:30:00-04:00,37.380001068115234,37.380001068115234,37.380001068115234,37.380001068115234,771,0.0,0.0
2024-05-23 10:50:00-04:00,37.5,37.5,37.5,37.5,915,0.0,0.0
2024-05-23 11:00:00-04:00,37.380001068115234,37.380001068115234,37.380001068115234,37.380001068115234,325,0.0,0.0
2024-05-23 11:10:00-04:00,37.459999084472656,37.470001220703125,37.45000076293945,37.470001220703125,1797,0.0,0.0
2024-05-23 11:15:00-04:00,37.43000030517578,37.43000030517578,37.43000030517578,37.43000030517578,101,0.0,0.0
2024-05-23 11:20:00-04:00,37.4900016784668,37.5,37.4900016784668,37.4900016784668,2776,0.0,0.0
2024-05-23 11:30:00-04:00,37.54499816894531,37.54499816894531,37.54249954223633,37.54249954223633,1070,0.0,0.0
2024-05-23 11:55:00-04:00,37.599998474121094,37.689998626708984,37.599998474121094,37.689998626708984,1989,0.0,0.0
2024-05-23 12:00:00-04:00,37.69499969482422,37.69499969482422,37.69499969482422,37.69499969482422,548,0.0,0.0
2024-05-23 12:05:00-04:00,37.619998931884766,37.68000030517578,37.59000015258789,37.68000030517578,2330,0.0,0.0
2024-05-23 12:20:00-04:00,37.689998626708984,37.689998626708984,37.689998626708984,37.689998626708984,1065,0.0,0.0
2024-05-23 12:35:00-04:00,37.86000061035156,37.86000061035156,37.7599983215332,37.7599983215332,987,0.0,0.0
2024-05-23 12:40:00-04:00,37.68000030517578,37.689998626708984,37.68000030517578,37.689998626708984,1306,0.0,0.0
2024-05-23 12:45:00-04:00,37.599998474121094,37.599998474121094,37.599998474121094,37.599998474121094,575,0.0,0.0
2024-05-23 12:50:00-04:00,37.60499954223633,37.619998931884766,37.60499954223633,37.619998931884766,1907,0.0,0.0
2024-05-23 13:05:00-04:00,37.5625,37.5625,37.50239944458008,37.50239944458008,6142,0.0,0.0
2024-05-23 13:10:00-04:00,37.564998626708984,37.564998626708984,37.564998626708984,37.564998626708984,154,0.0,0.0
2024-05-23 13:15:00-04:00,37.564998626708984,37.564998626708984,37.4900016784668,37.4900016784668,2213,0.0,0.0
2024-05-23 13:20:00-04:00,37.5,37.5,37.5,37.5,629,0.0,0.0
2024-05-23 13:25:00-04:00,37.5,37.529998779296875,37.5,37.529998779296875,1042,0.0,0.0
2024-05-23 13:35:00-04:00,37.5099983215332,37.5099983215332,37.5099983215332,37.5099983215332,328,0.0,0.0
2024-05-23 13:40:00-04:00,37.34000015258789,37.34000015258789,37.34000015258789,37.34000015258789,607,0.0,0.0
2024-05-23 13:45:00-04:00,37.30059814453125,37.30059814453125,37.30059814453125,37.30059814453125,472,0.0,0.0
2024-05-23 13:55:00-04:00,37.275001525878906,37.279998779296875,37.275001525878906,37.279998779296875,1192,0.0,0.0
2024-05-23 14:00:00-04:00,37.08000183105469,37.150001525878906,37.060001373291016,37.11000061035156,1282,0.0,0.0
2024-05-23 14:10:00-04:00,37.099998474121094,37.189998626708984,37.09000015258789,37.189998626708984,2092,0.0,0.0
2024-05-23 14:15:00-04:00,37.099998474121094,37.17499923706055,37.099998474121094,37.16999816894531,2239,0.0,0.0
2024-05-23 14:20:00-04:00,37.16999816894531,37.16999816894531,37.16999816894531,37.16999816894531,1097,0.0,0.0
2024-05-23 14:30:00-04:00,37.189998626708984,37.189998626708984,37.18000030517578,37.18000030517578,1360,0.0,0.0
2024-05-23 14:40:00-04:00,37.34000015258789,37.345001220703125,37.34000015258789,37.345001220703125,984,0.0,0.0
2024-05-23 14:50:00-04:00,37.30289840698242,37.30289840698242,37.20000076293945,37.20000076293945,2127,0.0,0.0
2024-05-23 14:55:00-04:00,37.2400016784668,37.2400016784668,37.20000076293945,37.209999084472656,1835,0.0,0.0
2024-05-23 15:00:00-04:00,37.2599983215332,37.2599983215332,37.189998626708984,37.189998626708984,527,0.0,0.0
2024-05-23 15:05:00-04:00,37.2599983215332,37.2599983215332,37.2599983215332,37.2599983215332,1250,0.0,0.0
2024-05-23 15:10:00-04:00,37.27000045776367,37.27000045776367,37.27000045776367,37.27000045776367,337,0.0,0.0
2024-05-23 15:15:00-04:00,37.25040054321289,37.25040054321289,37.18000030517578,37.18000030517578,2616,0.0,0.0
2024-05-23 15:20:00-04:00,37.220001220703125,37.220001220703125,37.15999984741211,37.15999984741211,3480,0.0,0.0
2024-05-23 15:25:00-04:00,37.22999954223633,37.275001525878906,37.22999954223633,37.275001525878906,1534,0.0,0.0
2024-05-23 15:30:00-04:00,37.279998779296875,37.279998779296875,37.25,37.26499938964844,3956,0.0,0.0
2024-05-23 15:35:00-04:00,37.33000183105469,37.33000183105469,37.29999923706055,37.29999923706055,5041,0.0,0.0
2024-05-23 15:40:00-04:00,37.310001373291016,37.310001373291016,37.25,37.28499984741211,9084,0.0,0.0
2024-05-23 15:45:00-04:00,37.290000915527344,37.310001373291016,37.25,37.30500030517578,4967,0.0,0.0
2024-05-23 15:50:00-04:00,37.244998931884766,37.244998931884766,37.16999816894531,37.16999816894531,3394,0.0,0.0
2024-05-23 15:55:00-04:00,37.154998779296875,37.220001220703125,37.13999938964844,37.220001220703125,6292,0.0,0.0
2024-05-24 09:30:00-04:00,37.54999923706055,37.68000030517578,37.099998474121094,37.099998474121094,2927,0.0,0.0
2024-05-24 09:40:00-04:00,37.59000015258789,37.599998474121094,37.314998626708984,37.314998626708984,2801,0.0,0.0
2024-05-24 09:45:00-04:00,37.45000076293945,37.4900016784668,37.45000076293945,37.459999084472656,1600,0.0,0.0
2024-05-24 09:50:00-04:00,37.2599983215332,37.2599983215332,37.2599983215332,37.2599983215332,842,0.0,0.0
2024-05-24 09:55:00-04:00,37.349998474121094,37.349998474121094,37.349998474121094,37.349998474121094,1005,0.0,0.0
2024-05-24 10:10:00-04:00,37.415000915527344,37.43000030517578,37.38999938964844,37.43000030517578,1894,0.0,0.0
2024-05-24 10:15:00-04:00,37.38999938964844,37.38999938964844,37.38999938964844,37.38999938964844,1272,0.0,0.0
2024-05-24 10:30:00-04:00,37.41999816894531,37.41999816894531,37.41999816894531,37.41999816894531,482,0.0,0.0
2024-05-24 10:35:00-04:00,37.40999984741211,37.45000076293945,37.400001525878906,37.45000076293945,1370,0.0,0.0
2024-05-24 10:40:00-04:00,37.369998931884766,37.369998931884766,37.369998931884766,37.369998931884766,370,0.0,0.0
2024-05-24 10:45:00-04:00,37.349998474121094,37.349998474121094,37.349998474121094,37.349998474121094,1031,0.0,0.0
2024-05-24 10:50:00-04:00,37.40999984741211,37.43000030517578,37.40999984741211,37.43000030517578,371,0.0,0.0
2024-05-24 10:55:00-04:00,37.529998779296875,37.540000915527344,37.529998779296875,37.540000915527344,591,0.0,0.0
2024-05-24 11:00:00-04:00,37.47999954223633,37.47999954223633,37.47999954223633,37.47999954223633,328,0.0,0.0
2024-05-24 11:05:00-04:00,37.52000045776367,37.52000045776367,37.52000045776367,37.52000045776367,453,0.0,0.0
2024-05-24 11:10:00-04:00,37.599998474121094,37.599998474121094,37.599998474121094,37.599998474121094,538,0.0,0.0
2024-05-24 11:15:00-04:00,37.61000061035156,37.61000061035156,37.61000061035156,37.61000061035156,142,0.0,0.0
2024-05-24 11:20:00-04:00,37.689998626708984,37.689998626708984,37.689998626708984,37.689998626708984,460,0.0,0.0
2024-05-24 11:25:00-04:00,37.59000015258789,37.59000015258789,37.59000015258789,37.59000015258789,242,0.0,0.0
2024-05-24 11:35:00-04:00,37.63999938964844,37.63999938964844,37.63999938964844,37.63999938964844,505,0.0,0.0
2024-05-24 11:40:00-04:00,37.630001068115234,37.630001068115234,37.560001373291016,37.560001373291016,787,0.0,0.0
2024-05-24 11:45:00-04:00,37.51499938964844,37.51499938964844,37.51499938964844,37.51499938964844,633,0.0,0.0
2024-05-24 11:50:00-04:00,37.56999969482422,37.56999969482422,37.54499816894531,37.54499816894531,1078,0.0,0.0
2024-05-24 12:00:00-04:00,37.63999938964844,37.63999938964844,37.63999938964844,37.63999938964844,519,0.0,0.0
2024-05-24 12:10:00-04:00,37.779998779296875,37.779998779296875,37.779998779296875,37.779998779296875,972,0.0,0.0
2024-05-24 12:25:00-04:00,37.7400016784668,37.7400016784668,37.73500061035156,37.73500061035156,442,0.0,0.0
2024-05-24 12:30:00-04:00,37.744998931884766,37.744998931884766,37.744998931884766,37.744998931884766,789,0.0,0.0
2024-05-24 12:40:00-04:00,37.650001525878906,37.650001525878906,37.650001525878906,37.650001525878906,1059,0.0,0.0
2024-05-24 12:45:00-04:00,37.53499984741211,37.53499984741211,37.53499984741211,37.53499984741211,490,0.0,0.0
2024-05-24 12:55:00-04:00,37.51499938964844,37.51499938964844,37.51499938964844,37.51499938964844,400,0.0,0.0
2024-05-24 13:00:00-04:00,37.529998779296875,37.564998626708984,37.529998779296875,37.564998626708984,462,0.0,0.0
2024-05-24 13:05:00-04:00,37.58000183105469,37.58000183105469,37.58000183105469,37.58000183105469,353,0.0,0.0
2024-05-24 13:10:00-04:00,37.5,37.5,37.5,37.5,581,0.0,0.0
2024-05-24 13:15:00-04:00,37.595001220703125,37.599998474121094,37.595001220703125,37.599998474121094,756,0.0,0.0
2024-05-24 13:25:00-04:00,37.560001373291016,37.560001373291016,37.55500030517578,37.55500030517578,878,0.0,0.0
2024-05-24 13:30:00-04:00,37.5099983215332,37.529998779296875,37.4900016784668,37.5,4194,0.0,0.0
2024-05-24 13:35:00-04:00,37.5,37.55500030517578,37.5,37.55500030517578,1216,0.0,0.0
2024-05-24 13:45:00-04:00,37.54499816894531,37.54499816894531,37.54499816894531,37.54499816894531,586,0.0,0.0
2024-05-24 13:55:00-04:00,37.5,37.5,37.5,37.5,1163,0.0,0.0
2024-05-24 14:00:00-04:00,37.540000915527344,37.540000915527344,37.52000045776367,37.52000045776367,402,0.0,0.0
2024-05-24 14:05:00-04:00,37.52000045776367,37.52000045776367,37.52000045776367,37.52000045776367,207,0.0,0.0
2024-05-24 14:10:00-04:00,37.52000045776367,37.560001373291016,37.52000045776367,37.560001373291016,1470,0.0,0.0
2024-05-24 14:15:00-04:00,37.584999084472656,37.584999084472656,37.567501068115234,37.567501068115234,844,0.0,0.0
2024-05-24 14:20:00-04:00,37.4900016784668,37.4900016784668,37.4900016784668,37.4900016784668,173,0.0,0.0
2024-05-24 14:25:00-04:00,37.4900016784668,37.4900016784668,37.4900016784668,37.4900016784668,766,0.0,0.0
2024-05-24 14:30:00-04:00,37.4900016784668,37.4900016784668,37.4900016784668,37.4900016784668,2568,0.0,0.0
2024-05-24 14:35:00-04:00,37.540000915527344,37.650001525878906,37.540000915527344,37.650001525878906,2720,0.0,0.0
2024-05-24 14:40:00-04:00,37.69499969482422,37.69499969482422,37.69499969482422,37.69499969482422,127,0.0,0.0
2024-05-24 14:45:00-04:00,37.70000076293945,37.70000076293945,37.70000076293945,37.70000076293945,440,0.0,0.0
2024-05-24 14:50:00-04:00,37.70000076293945,37.70000076293945,37.665000915527344,37.665000915527344,338,0.0,0.0
2024-05-24 14:55:00-04:00,37.665000915527344,37.70500183105469,37.665000915527344,37.68000030517578,1039,0.0,0.0
2024-05-24 15:00:00-04:00,37.564998626708984,37.564998626708984,37.564998626708984,37.564998626708984,1160,0.0,0.0
2024-05-24 15:15:00-04:00,37.650001525878906,37.650001525878906,37.650001525878906,37.650001525878906,1582,0.0,0.0
2024-05-24 15:35:00-04:00,37.709999084472656,37.709999084472656,37.709999084472656,37.709999084472656,410,0.0,0.0
2024-05-24 15:40:00-04:00,37.66999816894531,37.68000030517578,37.65999984741211,37.65999984741211,4763,0.0,0.0
2024-05-24 15:45:00-04:00,37.65999984741211,37.70000076293945,37.65999984741211,37.70000076293945,8319,0.0,0.0
2024-05-24 15:50:00-04:00,37.68000030517578,37.68000030517578,37.65999984741211,37.65999984741211,955,0.0,0.0
2024-05-24 15:55:00-04:00,37.65999984741211,37.720001220703125,37.65999984741211,37.720001220703125,6619,0.0,0.0
2024-05-28 09:30:00-04:00,37.970001220703125,37.970001220703125,37.970001220703125,37.970001220703125,1218,0.0,0.0
2024-05-28 09:45:00-04:00,37.97999954223633,38.02000045776367,37.97999954223633,38.02000045776367,703,0.0,0.0
2024-05-28 10:00:00-04:00,37.84870147705078,37.84870147705078,37.84870147705078,37.84870147705078,501,0.0,0.0
2024-05-28 10:05:00-04:00,37.974998474121094,37.974998474121094,37.974998474121094,37.974998474121094,204,0.0,0.0
2024-05-28 10:10:00-04:00,37.869998931884766,37.869998931884766,37.79499816894531,37.79499816894531,2765,0.0,0.0
2024-05-28 10:15:00-04:00,37.79499816894531,37.904998779296875,37.79499816894531,37.904998779296875,1463,0.0,0.0
2024-05-28 10:30:00-04:00,37.84700012207031,37.84700012207031,37.84700012207031,37.84700012207031,284,0.0,0.0
2024-05-28 10:35:00-04:00,37.79999923706055,37.900001525878906,37.79999923706055,37.900001525878906,3371,0.0,0.0
2024-05-28 10:50:00-04:00,38.06999969482422,38.06999969482422,38.06999969482422,38.06999969482422,156,0.0,0.0
2024-05-28 10:55:00-04:00,37.94499969482422,37.94499969482422,37.94499969482422,37.94499969482422,312,0.0,0.0
2024-05-28 11:10:00-04:00,37.959999084472656,37.959999084472656,37.959999084472656,37.959999084472656,487,0.0,0.0
2024-05-28 11:20:00-04:00,38.20000076293945,38.20000076293945,38.20000076293945,38.20000076293945,636,0.0,0.0
2024-05-28 11:35:00-04:00,37.97999954223633,37.97999954223633,37.97999954223633,37.97999954223633,308,0.0,0.0
2024-05-28 11:50:00-04:00,37.939998626708984,37.939998626708984,37.939998626708984,37.939998626708984,372,0.0,0.0
2024-05-28 12:00:00-04:00,38.02000045776367,38.02000045776367,38.02000045776367,38.02000045776367,162,0.0,0.0
2024-05-28 12:10:00-04:00,37.91999816894531,38.060001373291016,37.91999816894531,38.005001068115234,1322,0.0,0.0
2024-05-28 12:15:00-04:00,37.98500061035156,37.98500061035156,37.98500061035156,37.98500061035156,829,0.0,0.0
2024-05-28 12:30:00-04:00,37.975799560546875,37.97589874267578,37.900001525878906,37.915000915527344,1016,0.0,0.0
2024-05-28 12:35:00-04:00,37.90999984741211,37.959999084472656,37.900001525878906,37.904998779296875,2855,0.0,0.0
2024-05-28 12:40:00-04:00,37.939998626708984,37.939998626708984,37.939998626708984,37.939998626708984,517,0.0,0.0
2024-05-28 12:55:00-04:00,37.88999938964844,37.88999938964844,37.88999938964844,37.88999938964844,179,0.0,0.0
2024-05-28 13:00:00-04:00,37.88999938964844,37.88999938964844,37.79499816894531,37.79499816894531,1955,0.0,0.0
2024-05-28 13:05:00-04:00,37.88999938964844,37.90999984741211,37.88999938964844,37.90999984741211,926,0.0,0.0
2024-05-28 13:20:00-04:00,37.83000183105469,37.869998931884766,37.83000183105469,37.869998931884766,1739,0.0,0.0
2024-05-28 13:30:00-04:00,37.880001068115234,37.880001068115234,37.880001068115234,37.880001068115234,761,0.0,0.0
2024-05-28 13:40:00-04:00,37.790000915527344,37.81999969482422,37.790000915527344,37.81999969482422,1482,0.0,0.0
2024-05-28 13:50:00-04:00,37.720001220703125,37.7400016784668,37.685001373291016,37.685001373291016,1402,0.0,0.0
2024-05-28 14:00:00-04:00,37.665000915527344,37.70000076293945,37.665000915527344,37.70000076293945,1758,0.0,0.0
2024-05-28 14:10:00-04:00,37.630001068115234,37.630001068115234,37.6150016784668,37.6150016784668,1240,0.0,0.0
2024-05-28 14:15:00-04:00,37.709999084472656,37.709999084472656,37.709999084472656,37.709999084472656,1675,0.0,0.0
2024-05-28 14:25:00-04:00,37.630001068115234,37.63999938964844,37.619998931884766,37.63999938964844,2180,0.0,0.0
2024-05-28 14:30:00-04:00,37.54999923706055,37.54999923706055,37.54999923706055,37.54999923706055,879,0.0,0.0
2024-05-28 14:35:00-04:00,37.56999969482422,37.56999969482422,37.56999969482422,37.56999969482422,789,0.0,0.0
2024-05-28 14:40:00-04:00,37.70000076293945,37.709999084472656,37.630001068115234,37.709999084472656,1974,0.0,0.0
2024-05-28 14:45:00-04:00,37.665000915527344,37.665000915527344,37.665000915527344,37.665000915527344,313,0.0,0.0
2024-05-28 14:50:00-04:00,37.70000076293945,37.709999084472656,37.69499969482422,37.709999084472656,2159,0.0,0.0
2024-05-28 14:55:00-04:00,37.650001525878906,37.650001525878906,37.63999938964844,37.63999938964844,704,0.0,0.0
2024-05-28 15:00:00-04:00,37.60499954223633,37.60499954223633,37.60499954223633,37.60499954223633,902,0.0,0.0
2024-05-28 15:10:00-04:00,37.560001373291016,37.560001373291016,37.5,37.5,1624,0.0,0.0
2024-05-28 15:20:00-04:00,37.40999984741211,37.40999984741211,37.40999984741211,37.40999984741211,1318,0.0,0.0
2024-05-28 15:25:00-04:00,37.53499984741211,37.53499984741211,37.5,37.5,1498,0.0,0.0
2024-05-28 15:35:00-04:00,37.5099983215332,37.540000915527344,37.5099983215332,37.52000045776367,4175,0.0,0.0
2024-05-28 15:40:00-04:00,37.529998779296875,37.564998626708984,37.529998779296875,37.564998626708984,1403,0.0,0.0
2024-05-28 15:45:00-04:00,37.56999969482422,37.66999816894531,37.56999969482422,37.654998779296875,2578,0.0,0.0
2024-05-28 15:50:00-04:00,37.6349983215332,37.65700149536133,37.619998931884766,37.619998931884766,1802,0.0,0.0
2024-05-28 15:55:00-04:00,37.529998779296875,37.599998474121094,37.494998931884766,37.560001373291016,12293,0.0,0.0
2024-05-29 09:30:00-04:00,36.91999816894531,36.91999816894531,36.58000183105469,36.58000183105469,3548,0.0,0.0
2024-05-29 09:40:00-04:00,36.7599983215332,36.7599983215332,36.7599983215332,36.7599983215332,554,0.0,0.0
2024-05-29 10:30:00-04:00,36.630001068115234,36.779998779296875,36.61000061035156,36.61000061035156,1119,0.0,0.0
2024-05-29 10:45:00-04:00,36.4900016784668,36.5,36.43000030517578,36.43000030517578,891,0.0,0.0
2024-05-29 10:50:00-04:00,36.540000915527344,36.54999923706055,36.540000915527344,36.54999923706055,943,0.0,0.0
2024-05-29 10:55:00-04:00,36.51499938964844,36.540000915527344,36.51499938964844,36.540000915527344,746,0.0,0.0
2024-05-29 11:10:00-04:00,36.540000915527344,36.540000915527344,36.540000915527344,36.540000915527344,738,0.0,0.0
2024-05-29 11:30:00-04:00,36.41999816894531,36.4900016784668,36.41999816894531,36.4900016784668,1698,0.0,0.0
2024-05-29 11:35:00-04:00,36.4900016784668,36.4900016784668,36.4900016784668,36.4900016784668,407,0.0,0.0
2024-05-29 11:40:00-04:00,36.43000030517578,36.43000030517578,36.43000030517578,36.43000030517578,171,0.0,0.0
2024-05-29 11:55:00-04:00,36.40999984741211,36.40999984741211,36.369998931884766,36.40999984741211,1126,0.0,0.0
2024-05-29 12:05:00-04:00,36.38520050048828,36.38520050048828,36.3849983215332,36.3849983215332,267,0.0,0.0
2024-05-29 12:10:00-04:00,36.43000030517578,36.439998626708984,36.43000030517578,36.439998626708984,1836,0.0,0.0
2024-05-29 12:20:00-04:00,36.529998779296875,36.529998779296875,36.529998779296875,36.529998779296875,200,0.0,0.0
2024-05-29 12:30:00-04:00,36.470001220703125,36.48500061035156,36.470001220703125,36.48500061035156,896,0.0,0.0
2024-05-29 12:35:00-04:00,36.4900016784668,36.4900016784668,36.4900016784668,36.4900016784668,101,0.0,0.0
2024-05-29 12:40:00-04:00,36.4900016784668,36.4900016784668,36.46500015258789,36.46500015258789,1049,0.0,0.0
2024-05-29 12:50:00-04:00,36.529998779296875,36.529998779296875,36.529998779296875,36.529998779296875,304,0.0,0.0
2024-05-29 13:00:00-04:00,36.51250076293945,36.51250076293945,36.51250076293945,36.51250076293945,124,0.0,0.0
2024-05-29 13:05:00-04:00,36.58000183105469,36.58000183105469,36.5099983215332,36.54999923706055,2591,0.0,0.0
2024-05-29 13:15:00-04:00,36.52000045776367,36.52000045776367,36.52000045776367,36.52000045776367,213,0.0,0.0
2024-05-29 13:20:00-04:00,36.584999084472656,36.584999084472656,36.584999084472656,36.584999084472656,164,0.0,0.0
2024-05-29 13:25:00-04:00,36.65999984741211,36.65999984741211,36.65999984741211,36.65999984741211,661,0.0,0.0
2024-05-29 13:30:00-04:00,36.65999984741211,36.689998626708984,36.65999984741211,36.689998626708984,321,0.0,0.0
2024-05-29 13:40:00-04:00,36.630001068115234,36.630001068115234,36.630001068115234,36.630001068115234,808,0.0,0.0
2024-05-29 13:45:00-04:00,36.61000061035156,36.61000061035156,36.61000061035156,36.61000061035156,427,0.0,0.0
2024-05-29 13:50:00-04:00,36.68000030517578,36.685001373291016,36.68000030517578,36.685001373291016,421,0.0,0.0
2024-05-29 14:05:00-04:00,36.709999084472656,36.7400016784668,36.65999984741211,36.65999984741211,999,0.0,0.0
2024-05-29 14:10:00-04:00,36.70500183105469,36.70500183105469,36.68000030517578,36.68000030517578,1517,0.0,0.0
2024-05-29 14:15:00-04:00,36.650001525878906,36.665000915527344,36.650001525878906,36.650001525878906,1324,0.0,0.0
2024-05-29 14:25:00-04:00,36.63999938964844,36.63999938964844,36.61000061035156,36.61000061035156,681,0.0,0.0
2024-05-29 14:30:00-04:00,36.6349983215332,36.650001525878906,36.58000183105469,36.6150016784668,3807,0.0,0.0
2024-05-29 14:40:00-04:00,36.657100677490234,36.657100677490234,36.619998931884766,36.619998931884766,804,0.0,0.0
2024-05-29 14:45:00-04:00,36.61000061035156,36.61000061035156,36.599998474121094,36.61000061035156,2135,0.0,0.0
2024-05-29 14:50:00-04:00,36.58000183105469,36.58000183105469,36.52000045776367,36.52000045776367,1333,0.0,0.0
2024-05-29 14:55:00-04:00,36.560001373291016,36.560001373291016,36.560001373291016,36.560001373291016,316,0.0,0.0
2024-05-29 15:05:00-04:00,36.540000915527344,36.540000915527344,36.540000915527344,36.540000915527344,466,0.0,0.0
2024-05-29 15:10:00-04:00,36.529998779296875,36.57500076293945,36.5099983215332,36.54499816894531,2082,0.0,0.0
2024-05-29 15:15:00-04:00,36.540000915527344,36.540000915527344,36.529998779296875,36.529998779296875,614,0.0,0.0
2024-05-29 15:20:00-04:00,36.505001068115234,36.505001068115234,36.505001068115234,36.505001068115234,524,0.0,0.0
2024-05-29 15:25:00-04:00,36.4900016784668,36.4900016784668,36.4900016784668,36.4900016784668,263,0.0,0.0
2024-05-29 15:30:00-04:00,36.4900016784668,36.55500030517578,36.4900016784668,36.55500030517578,4358,0.0,0.0
2024-05-29 15:35:00-04:00,36.55580139160156,36.55580139160156,36.52000045776367,36.52000045776367,1616,0.0,0.0
2024-05-29 15:40:00-04:00,36.54999923706055,36.54999923706055,36.52000045776367,36.540000915527344,3660,0.0,0.0
2024-05-29 15:45:00-04:00,36.540000915527344,36.59000015258789,36.540000915527344,36.560001373291016,3091,0.0,0.0
2024-05-29 15:50:00-04:00,36.540000915527344,36.540000915527344,36.380001068115234,36.380001068115234,4391,0.0,0.0
2024-05-29 15:55:00-04:00,36.380001068115234,36.400001525878906,36.31999969482422,36.400001525878906,8123,0.0,0.0
2024-05-30 09:30:00-04:00,36.81999969482422,36.81999969482422,36.81999969482422,36.81999969482422,1201,0.0,0.0
2024-05-30 09:40:00-04:00,36.88999938964844,36.88999938964844,36.88999938964844,36.88999938964844,839,0.0,0.0
2024-05-30 09:50:00-04:00,36.880001068115234,36.880001068115234,36.880001068115234,36.880001068115234,344,0.0,0.0
2024-05-30 10:10:00-04:00,36.900001525878906,36.900001525878906,36.900001525878906,36.900001525878906,133,0.0,0.0
2024-05-30 10:15:00-04:00,36.8224983215332,36.8224983215332,36.81999969482422,36.81999969482422,320,0.0,0.0
2024-05-30 10:20:00-04:00,36.814998626708984,36.814998626708984,36.685001373291016,36.685001373291016,1307,0.0,0.0
2024-05-30 10:25:00-04:00,36.849998474121094,36.849998474121094,36.849998474121094,36.849998474121094,851,0.0,0.0
2024-05-30 10:30:00-04:00,36.84000015258789,36.84000015258789,36.84000015258789,36.84000015258789,705,0.0,0.0
2024-05-30 10:40:00-04:00,36.900001525878906,36.900001525878906,36.900001525878906,36.900001525878906,425,0.0,0.0
2024-05-30 10:55:00-04:00,36.9900016784668,36.9900016784668,36.9900016784668,36.9900016784668,573,0.0,0.0
2024-05-30 11:15:00-04:00,37.150001525878906,37.150001525878906,37.150001525878906,37.150001525878906,161,0.0,0.0
2024-05-30 11:20:00-04:00,37.01499938964844,37.06999969482422,37.0099983215332,37.0099983215332,859,0.0,0.0
2024-05-30 11:25:00-04:00,37.06999969482422,37.06999969482422,37.06999969482422,37.06999969482422,560,0.0,0.0
2024-05-30 11:50:00-04:00,37.130001068115234,37.15999984741211,37.130001068115234,37.15999984741211,878,0.0,0.0
2024-05-30 11:55:00-04:00,37.2599983215332,37.2599983215332,37.2599983215332,37.2599983215332,1319,0.0,0.0
2024-05-30 12:25:00-04:00,37.34000015258789,37.34000015258789,37.34000015258789,37.34000015258789,154,0.0,0.0
2024-05-30 12:30:00-04:00,37.330299377441406,37.330299377441406,37.330299377441406,37.330299377441406,489,0.0,0.0
2024-05-30 12:35:00-04:00,37.290000915527344,37.290000915527344,37.247501373291016,37.247501373291016,670,0.0,0.0
2024-05-30 12:40:00-04:00,37.290000915527344,37.290000915527344,37.290000915527344,37.290000915527344,274,0.0,0.0
2024-05-30 12:45:00-04:00,37.290000915527344,37.290000915527344,37.290000915527344,37.290000915527344,736,0.0,0.0
2024-05-30 12:50:00-04:00,37.32500076293945,37.32500076293945,37.279998779296875,37.279998779296875,932,0.0,0.0
2024-05-30 13:00:00-04:00,37.27000045776367,37.27000045776367,37.27000045776367,37.27000045776367,1458,0.0,0.0
2024-05-30 13:20:00-04:00,37.189998626708984,37.189998626708984,37.189998626708984,37.189998626708984,812,0.0,0.0
2024-05-30 13:45:00-04:00,37.18000030517578,37.18000030517578,37.18000030517578,37.18000030517578,350,0.0,0.0
2024-05-30 13:50:00-04:00,37.16999816894531,37.16999816894531,37.16999816894531,37.16999816894531,209,0.0,0.0
2024-05-30 13:55:00-04:00,37.16999816894531,37.22999954223633,37.16999816894531,37.17499923706055,1296,0.0,0.0
2024-05-30 14:00:00-04:00,37.20000076293945,37.20000076293945,37.20000076293945,37.20000076293945,832,0.0,0.0
2024-05-30 14:10:00-04:00,37.2400016784668,37.2400016784668,37.2400016784668,37.2400016784668,1493,0.0,0.0
2024-05-30 14:20:00-04:00,37.220001220703125,37.220001220703125,37.220001220703125,37.220001220703125,452,0.0,0.0
2024-05-30 14:35:00-04:00,37.209999084472656,37.209999084472656,37.209999084472656,37.209999084472656,1291,0.0,0.0
2024-05-30 14:40:00-04:00,37.255001068115234,37.255001068115234,37.255001068115234,37.255001068115234,357,0.0,0.0
2024-05-30 14:45:00-04:00,37.2599983215332,37.310001373291016,37.2599983215332,37.310001373291016,1633,0.0,0.0
2024-05-30 14:50:00-04:00,37.400001525878906,37.48059844970703,37.36899948120117,37.47999954223633,3775,0.0,0.0
2024-05-30 14:55:00-04:00,37.47999954223633,37.47999954223633,37.47999954223633,37.47999954223633,468,0.0,0.0
2024-05-30 15:00:00-04:00,37.40999984741211,37.40999984741211,37.40999984741211,37.40999984741211,337,0.0,0.0
2024-05-30 15:05:00-04:00,37.439998626708984,37.439998626708984,37.400001525878906,37.400001525878906,2090,0.0,0.0
2024-05-30 15:10:00-04:00,37.459999084472656,37.459999084472656,37.459999084472656,37.459999084472656,581,0.0,0.0
2024-05-30 15:25:00-04:00,37.43000030517578,37.45000076293945,37.43000030517578,37.45000076293945,316,0.0,0.0
2024-05-30 15:30:00-04:00,37.5,37.5,37.380001068115234,37.380001068115234,3086,0.0,0.0
2024-05-30 15:35:00-04:00,37.369998931884766,37.369998931884766,37.369998931884766,37.369998931884766,135,0.0,0.0
2024-05-30 15:40:00-04:00,37.369998931884766,37.369998931884766,37.33000183105469,37.33000183105469,1356,0.0,0.0
2024-05-30 15:45:00-04:00,37.31999969482422,37.36000061035156,37.290000915527344,37.310001373291016,3733,0.0,0.0
2024-05-30 15:50:00-04:00,37.310001373291016,37.349998474121094,37.310001373291016,37.349998474121094,1366,0.0,0.0
2024-05-30 15:55:00-04:00,37.33000183105469,37.33000183105469,37.20000076293945,37.22999954223633,4321,0.0,0.0
2024-05-31 09:30:00-04:00,37.470001220703125,37.62990188598633,37.470001220703125,37.62990188598633,622,0.0,0.0
2024-05-31 09:40:00-04:00,37.619998931884766,38.0,37.619998931884766,37.939998626708984,825,0.0,0.0
2024-05-31 09:50:00-04:00,37.7400016784668,37.7400016784668,37.7400016784668,37.7400016784668,219,0.0,0.0
2024-05-31 09:55:00-04:00,37.7599983215332,37.7599983215332,37.7599983215332,37.7599983215332,289,0.0,0.0
2024-05-31 10:00:00-04:00,37.849998474121094,37.86000061035156,37.849998474121094,37.86000061035156,533,0.0,0.0
2024-05-31 10:10:00-04:00,37.72999954223633,37.72999954223633,37.61000061035156,37.61000061035156,961,0.0,0.0
2024-05-31 10:20:00-04:00,37.709999084472656,37.709999084472656,37.709999084472656,37.709999084472656,470,0.0,0.0
2024-05-31 10:35:00-04:00,37.66999816894531,37.66999816894531,37.66999816894531,37.66999816894531,316,0.0,0.0
2024-05-31 10:45:00-04:00,37.68000030517578,37.68000030517578,37.68000030517578,37.68000030517578,526,0.0,0.0
2024-05-31 11:10:00-04:00,37.709999084472656,37.709999084472656,37.709999084472656,37.709999084472656,1070,0.0,0.0
2024-05-31 11:20:00-04:00,37.73500061035156,37.73500061035156,37.73500061035156,37.73500061035156,1039,0.0,0.0
2024-05-31 11:35:00-04:00,37.849998474121094,37.849998474121094,37.849998474121094,37.849998474121094,112,0.0,0.0
2024-05-31 11:40:00-04:00,37.83000183105469,37.83000183105469,37.83000183105469,37.83000183105469,304,0.0,0.0
2024-05-31 11:50:00-04:00,37.869998931884766,37.869998931884766,37.869998931884766,37.869998931884766,146,0.0,0.0
2024-05-31 11:55:00-04:00,37.77000045776367,37.77000045776367,37.77000045776367,37.77000045776367,1222,0.0,0.0
2024-05-31 12:00:00-04:00,37.65999984741211,37.65999984741211,37.65999984741211,37.65999984741211,259,0.0,0.0
2024-05-31 12:10:00-04:00,37.65999984741211,37.65999984741211,37.64500045776367,37.64500045776367,3651,0.0,0.0
2024-05-31 12:35:00-04:00,37.70000076293945,37.70000076293945,37.70000076293945,37.70000076293945,614,0.0,0.0
2024-05-31 12:50:00-04:00,37.58000183105469,37.58000183105469,37.58000183105469,37.58000183105469,116,0.0,0.0
2024-05-31 13:00:00-04:00,37.689998626708984,37.689998626708984,37.630001068115234,37.630001068115234,802,0.0,0.0
2024-05-31 13:25:00-04:00,37.660099029541016,37.660099029541016,37.660099029541016,37.660099029541016,1693,0.0,0.0
2024-05-31 13:30:00-04:00,37.7400016784668,37.7400016784668,37.72999954223633,37.72999954223633,359,0.0,0.0
2024-05-31 13:35:00-04:00,37.724998474121094,37.724998474121094,37.630001068115234,37.724998474121094,6804,0.0,0.0
2024-05-31 13:40:00-04:00,37.67499923706055,37.67499923706055,37.67499923706055,37.67499923706055,370,0.0,0.0
2024-05-31 13:45:00-04:00,37.720001220703125,37.720001220703125,37.720001220703125,37.720001220703125,533,0.0,0.0
2024-05-31 13:50:00-04:00,37.709999084472656,37.709999084472656,37.709999084472656,37.709999084472656,190,0.0,0.0
2024-05-31 14:00:00-04:00,37.752498626708984,37.752498626708984,37.70000076293945,37.70000076293945,800,0.0,0.0
2024-05-31 14:10:00-04:00,37.68000030517578,37.68000030517578,37.68000030517578,37.68000030517578,624,0.0,0.0
2024-05-31 14:20:00-04:00,37.709999084472656,37.709999084472656,37.709999084472656,37.709999084472656,451,0.0,0.0
2024-05-31 14:25:00-04:00,37.68000030517578,37.68000030517578,37.68000030517578,37.68000030517578,1551,0.0,0.0
2024-05-31 14:30:00-04:00,37.68000030517578,37.68000030517578,37.68000030517578,37.68000030517578,3716,0.0,0.0
2024-05-31 14:35:00-04:00,37.689998626708984,37.689998626708984,37.68000030517578,37.68000030517578,6057,0.0,0.0
2024-05-31 14:40:00-04:00,37.68000030517578,37.68000030517578,37.59000015258789,37.59000015258789,7915,0.0,0.0
2024-05-31 14:45:00-04:00,37.56999969482422,37.56999969482422,37.529998779296875,37.529998779296875,552,0.0,0.0
2024-05-31 14:50:00-04:00,37.529998779296875,37.54999923706055,37.529998779296875,37.54999923706055,1536,0.0,0.0
2024-05-31 14:55:00-04:00,37.560001373291016,37.560001373291016,37.560001373291016,37.560001373291016,655,0.0,0.0
2024-05-31 15:10:00-04:00,37.619998931884766,37.630001068115234,37.619998931884766,37.630001068115234,945,0.0,0.0
2024-05-31 15:20:00-04:00,37.59000015258789,37.61000061035156,37.59000015258789,37.61000061035156,2318,0.0,0.0
2024-05-31 15:25:00-04:00,37.6150016784668,37.630001068115234,37.61000061035156,37.61000061035156,2392,0.0,0.0
2024-05-31 15:35:00-04:00,37.71900177001953,37.71900177001953,37.650001525878906,37.650001525878906,1684,0.0,0.0
2024-05-31 15:40:00-04:00,37.68000030517578,37.790000915527344,37.68000030517578,37.790000915527344,2666,0.0,0.0
2024-05-31 15:45:00-04:00,37.79999923706055,37.869998931884766,37.79999923706055,37.869998931884766,4103,0.0,0.0
2024-05-31 15:50:00-04:00,37.810001373291016,37.88999938964844,37.810001373291016,37.88999938964844,3623,0.0,0.0
2024-05-31 15:55:00-04:00,37.849998474121094,38.08000183105469,37.849998474121094,38.08000183105469,9030,0.0,0.0
2024-06-03 09:30:00-04:00,38.45000076293945,38.45000076293945,38.45000076293945,38.45000076293945,872,0.0,0.0
2024-06-03 09:40:00-04:00,38.06999969482422,38.06999969482422,38.06999969482422,38.06999969482422,283,0.0,0.0
2024-06-03 09:45:00-04:00,37.84000015258789,37.84000015258789,37.84000015258789,37.84000015258789,447,0.0,0.0
2024-06-03 09:55:00-04:00,37.779998779296875,37.779998779296875,37.779998779296875,37.779998779296875,2714,0.0,0.0
2024-06-03 10:30:00-04:00,37.696998596191406,37.78499984741211,37.696998596191406,37.78499984741211,1024,0.0,0.0
2024-06-03 10:40:00-04:00,37.775001525878906,37.775001525878906,37.775001525878906,37.775001525878906,426,0.0,0.0
2024-06-03 10:55:00-04:00,37.709999084472656,37.709999084472656,37.70000076293945,37.70000076293945,2878,0.0,0.0
2024-06-03 11:40:00-04:00,37.61000061035156,37.61000061035156,37.61000061035156,37.61000061035156,1043,0.0,0.0
2024-06-03 11:55:00-04:00,37.56999969482422,37.58000183105469,37.56999969482422,37.58000183105469,881,0.0,0.0
2024-06-03 12:00:00-04:00,37.54999923706055,37.54999923706055,37.529998779296875,37.529998779296875,1597,0.0,0.0
2024-06-03 12:05:00-04:00,37.380001068115234,37.41999816894531,37.369998931884766,37.41999816894531,1225,0.0,0.0
2024-06-03 12:10:00-04:00,37.45000076293945,37.45000076293945,37.45000076293945,37.45000076293945,579,0.0,0.0
2024-06-03 12:15:00-04:00,37.369998931884766,37.369998931884766,37.369998931884766,37.369998931884766,1097,0.0,0.0
2024-06-03 12:25:00-04:00,37.43000030517578,37.5099983215332,37.43000030517578,37.459999084472656,2304,0.0,0.0
2024-06-03 12:35:00-04:00,37.43000030517578,37.43000030517578,37.43000030517578,37.43000030517578,802,0.0,0.0
2024-06-03 12:45:00-04:00,37.4900016784668,37.4900016784668,37.4900016784668,37.4900016784668,266,0.0,0.0
2024-06-03 12:55:00-04:00,37.5,37.5,37.5,37.5,625,0.0,0.0
2024-06-03 13:00:00-04:00,37.4900016784668,37.58000183105469,37.4900016784668,37.58000183105469,422,0.0,0.0
2024-06-03 13:05:00-04:00,37.56999969482422,37.61000061035156,37.56999969482422,37.61000061035156,1240,0.0,0.0
2024-06-03 13:15:00-04:00,37.66999816894531,37.74700164794922,37.560001373291016,37.599998474121094,6116,0.0,0.0
2024-06-03 13:20:00-04:00,37.56999969482422,37.599998474121094,37.56999969482422,37.599998474121094,497,0.0,0.0
2024-06-03 13:25:00-04:00,37.560001373291016,37.60100173950195,37.560001373291016,37.60100173950195,1603,0.0,0.0
2024-06-03 13:30:00-04:00,37.599998474121094,37.6150016784668,37.560001373291016,37.560001373291016,1289,0.0,0.0
2024-06-03 13:35:00-04:00,37.560001373291016,37.560001373291016,37.560001373291016,37.560001373291016,471,0.0,0.0
2024-06-03 13:40:00-04:00,37.5,37.5,37.5,37.5,738,0.0,0.0
2024-06-03 13:45:00-04:00,37.43000030517578,37.47999954223633,37.41999816894531,37.41999816894531,498,0.0,0.0
2024-06-03 13:50:00-04:00,37.4119987487793,37.4370002746582,37.40999984741211,37.40999984741211,613,0.0,0.0
2024-06-03 13:55:00-04:00,37.40999984741211,37.470001220703125,37.40999984741211,37.42399978637695,2203,0.0,0.0
2024-06-03 14:00:00-04:00,37.42399978637695,37.42399978637695,37.42399978637695,37.42399978637695,423,0.0,0.0
2024-06-03 14:05:00-04:00,37.42399978637695,37.52000045776367,37.42399978637695,37.48500061035156,1655,0.0,0.0
2024-06-03 14:10:00-04:00,37.47999954223633,37.56999969482422,37.47999954223633,37.54499816894531,1808,0.0,0.0
2024-06-03 14:15:00-04:00,37.5099983215332,37.54999923706055,37.5099983215332,37.5099983215332,844,0.0,0.0
2024-06-03 14:20:00-04:00,37.58000183105469,37.58000183105469,37.58000183105469,37.58000183105469,204,0.0,0.0
2024-06-03 14:25:00-04:00,37.599998474121094,37.599998474121094,37.58000183105469,37.59000015258789,760,0.0,0.0
2024-06-03 14:30:00-04:00,37.63999938964844,37.709999084472656,37.63999938964844,37.709999084472656,596,0.0,0.0
2024-06-03 14:40:00-04:00,37.665000915527344,37.665000915527344,37.61000061035156,37.61000061035156,3308,0.0,0.0
2024-06-03 15:05:00-04:00,37.51499938964844,37.540000915527344,37.51499938964844,37.540000915527344,1563,0.0,0.0
2024-06-03 15:15:00-04:00,37.61000061035156,37.61000061035156,37.61000061035156,37.61000061035156,572,0.0,0.0
2024-06-03 15:25:00-04:00,37.63999938964844,37.63999938964844,37.63999938964844,37.63999938964844,536,0.0,0.0
2024-06-03 15:30:00-04:00,37.625,37.689998626708984,37.625,37.689998626708984,2802,0.0,0.0
2024-06-03 15:35:00-04:00,37.65999984741211,37.709999084472656,37.65999984741211,37.709999084472656,3245,0.0,0.0
2024-06-03 15:40:00-04:00,37.709999084472656,37.72999954223633,37.709999084472656,37.72999954223633,1522,0.0,0.0
2024-06-03 15:45:00-04:00,37.709999084472656,37.7400016784668,37.595001220703125,37.595001220703125,3803,0.0,0.0
2024-06-03 15:50:00-04:00,37.505001068115234,37.59000015258789,37.505001068115234,37.560001373291016,4734,0.0,0.0
2024-06-03 15:55:00-04:00,37.525001525878906,37.525001525878906,37.34000015258789,37.38999938964844,9447,0.0,0.0
2024-06-04 09:30:00-04:00,37.060001373291016,37.060001373291016,37.060001373291016,37.060001373291016,633,0.0,0.0
2024-06-04 09:35:00-04:00,37.0099983215332,37.0099983215332,37.0099983215332,37.0099983215332,365,0.0,0.0
2024-06-04 09:50:00-04:00,37.029998779296875,37.029998779296875,37.029998779296875,37.029998779296875,369,0.0,0.0
2024-06-04 10:00:00-04:00,37.209999084472656,37.36000061035156,37.095001220703125,37.095001220703125,552,0.0,0.0
2024-06-04 10:10:00-04:00,37.084999084472656,37.084999084472656,37.0099983215332,37.0099983215332,601,0.0,0.0
2024-06-04 10:20:00-04:00,36.92499923706055,36.92499923706055,36.92499923706055,36.92499923706055,1763,0.0,0.0
2024-06-04 10:45:00-04:00,36.779998779296875,36.779998779296875,36.779998779296875,36.779998779296875,1795,0.0,0.0
2024-06-04 10:55:00-04:00,36.779998779296875,36.81999969482422,36.779998779296875,36.81999969482422,1939,0.0,0.0
2024-06-04 11:10:00-04:00,36.80500030517578,36.900001525878906,36.80500030517578,36.900001525878906,713,0.0,0.0
2024-06-04 11:20:00-04:00,36.849998474121094,36.86000061035156,36.83000183105469,36.83000183105469,1284,0.0,0.0
2024-06-04 11:25:00-04:00,36.78499984741211,36.78499984741211,36.77000045776367,36.77000045776367,837,0.0,0.0
2024-06-04 11:35:00-04:00,36.77000045776367,36.77000045776367,36.7599983215332,36.7599983215332,1349,0.0,0.0
2024-06-04 11:50:00-04:00,36.68000030517578,36.68000030517578,36.68000030517578,36.68000030517578,196,0.0,0.0
2024-06-04 11:55:00-04:00,36.68000030517578,36.720001220703125,36.68000030517578,36.70000076293945,2282,0.0,0.0
2024-06-04 12:00:00-04:00,36.720001220703125,36.724998474121094,36.720001220703125,36.724998474121094,1110,0.0,0.0
2024-06-04 12:10:00-04:00,36.75,36.75,36.75,36.75,848,0.0,0.0
2024-06-04 12:15:00-04:00,36.84000015258789,36.84000015258789,36.84000015258789,36.84000015258789,1522,0.0,0.0
2024-06-04 12:40:00-04:00,36.775001525878906,36.775001525878906,36.775001525878906,36.775001525878906,1013,0.0,0.0
2024-06-04 13:00:00-04:00,36.85499954223633,36.85499954223633,36.85499954223633,36.85499954223633,1221,0.0,0.0
2024-06-04 13:20:00-04:00,36.93000030517578,36.93000030517578,36.880001068115234,36.880001068115234,2742,0.0,0.0
2024-06-04 13:40:00-04:00,36.8849983215332,36.8849983215332,36.8849983215332,36.8849983215332,697,0.0,0.0
2024-06-04 14:05:00-04:00,36.880001068115234,36.880001068115234,36.82500076293945,36.82500076293945,446,0.0,0.0
2024-06-04 14:10:00-04:00,36.755001068115234,36.755001068115234,36.755001068115234,36.755001068115234,160,0.0,0.0
2024-06-04 14:15:00-04:00,36.72999954223633,36.72999954223633,36.72999954223633,36.72999954223633,660,0.0,0.0
2024-06-04 14:20:00-04:00,36.790000915527344,36.810001373291016,36.790000915527344,36.810001373291016,1502,0.0,0.0
2024-06-04 14:35:00-04:00,36.810001373291016,36.810001373291016,36.810001373291016,36.810001373291016,1027,0.0,0.0
2024-06-04 14:50:00-04:00,36.7599983215332,36.7599983215332,36.7599983215332,36.7599983215332,576,0.0,0.0
2024-06-04 15:00:00-04:00,36.685001373291016,36.744998931884766,36.685001373291016,36.744998931884766,1762,0.0,0.0
2024-06-04 15:05:00-04:00,36.75,36.79999923706055,36.7400016784668,36.79999923706055,1776,0.0,0.0
2024-06-04 15:20:00-04:00,36.83000183105469,36.849998474121094,36.810001373291016,36.83000183105469,1422,0.0,0.0
2024-06-04 15:25:00-04:00,36.83000183105469,36.834999084472656,36.79999923706055,36.834999084472656,2602,0.0,0.0
2024-06-04 15:30:00-04:00,36.83000183105469,36.83000183105469,36.810001373291016,36.810001373291016,2641,0.0,0.0
2024-06-04 15:35:00-04:00,36.81999969482422,36.84000015258789,36.81999969482422,36.823001861572266,3820,0.0,0.0
2024-06-04 15:40:00-04:00,36.81999969482422,36.83000183105469,36.81999969482422,36.81999969482422,5466,0.0,0.0
2024-06-04 15:45:00-04:00,36.82500076293945,36.83000183105469,36.81999969482422,36.81999969482422,3560,0.0,0.0
2024-06-04 15:50:00-04:00,36.81999969482422,36.84000015258789,36.619998931884766,36.630001068115234,7309,0.0,0.0
2024-06-04 15:55:00-04:00,36.560001373291016,36.61000061035156,36.54999923706055,36.54999923706055,8549,0.0,0.0
2024-06-05 09:30:00-04:00,36.81999969482422,36.81999969482422,36.81999969482422,36.81999969482422,997,0.0,0.0
2024-06-05 09:40:00-04:00,36.470001220703125,36.56999969482422,36.41999816894531,36.41999816894531,2320,0.0,0.0
2024-06-05 09:45:00-04:00,36.4900016784668,36.54999923706055,36.31999969482422,36.31999969482422,1490,0.0,0.0
2024-06-05 10:05:00-04:00,36.38999938964844,36.52000045776367,36.380001068115234,36.380001068115234,1391,0.0,0.0
2024-06-05 10:35:00-04:00,36.84000015258789,36.84000015258789,36.84000015258789,36.84000015258789,1448,0.0,0.0
2024-06-05 11:00:00-04:00,36.939998626708984,36.939998626708984,36.93000030517578,36.93000030517578,1371,0.0,0.0
2024-06-05 11:10:00-04:00,36.939998626708984,36.939998626708984,36.939998626708984,36.939998626708984,534,0.0,0.0
2024-06-05 11:20:00-04:00,37.040000915527344,37.040000915527344,37.040000915527344,37.040000915527344,491,0.0,0.0
2024-06-05 11:25:00-04:00,37.029998779296875,37.029998779296875,37.029998779296875,37.029998779296875,518,0.0,0.0
2024-06-05 11:35:00-04:00,37.029998779296875,37.029998779296875,37.029998779296875,37.029998779296875,2439,0.0,0.0
2024-06-05 12:45:00-04:00,36.88999938964844,36.88999938964844,36.88999938964844,36.88999938964844,2103,0.0,0.0
2024-06-05 12:55:00-04:00,36.880001068115234,36.880001068115234,36.880001068115234,36.880001068115234,1262,0.0,0.0
2024-06-05 13:05:00-04:00,36.90999984741211,36.90999984741211,36.900001525878906,36.900001525878906,1516,0.0,0.0
2024-06-05 13:40:00-04:00,36.935001373291016,36.935001373291016,36.70000076293945,36.70880126953125,15397,0.0,0.0
2024-06-05 13:50:00-04:00,36.76390075683594,36.76390075683594,36.76390075683594,36.76390075683594,224,0.0,0.0
2024-06-05 13:55:00-04:00,36.86000061035156,36.86000061035156,36.86000061035156,36.86000061035156,3606,0.0,0.0
2024-06-05 15:00:00-04:00,37.099998474121094,37.099998474121094,37.099998474121094,37.099998474121094,233,0.0,0.0
2024-06-05 15:05:00-04:00,37.02000045776367,37.02000045776367,37.0099983215332,37.0099983215332,2037,0.0,0.0
2024-06-05 15:10:00-04:00,37.005001068115234,37.02899932861328,37.0,37.02899932861328,1455,0.0,0.0
2024-06-05 15:15:00-04:00,37.029998779296875,37.029998779296875,37.029998779296875,37.029998779296875,601,0.0,0.0
2024-06-05 15:25:00-04:00,37.0099983215332,37.0099983215332,37.0099983215332,37.0099983215332,776,0.0,0.0
2024-06-05 15:30:00-04:00,37.0099983215332,37.09000015258789,37.005001068115234,37.09000015258789,2620,0.0,0.0
2024-06-05 15:35:00-04:00,37.13999938964844,37.13999938964844,37.13999938964844,37.13999938964844,652,0.0,0.0
2024-06-05 15:40:00-04:00,37.10499954223633,37.15999984741211,37.10499954223633,37.15999984741211,2525,0.0,0.0
2024-06-05 15:45:00-04:00,37.150001525878906,37.2400016784668,37.150001525878906,37.23500061035156,2302,0.0,0.0
2024-06-05 15:50:00-04:00,37.25,37.33000183105469,37.22999954223633,37.29499816894531,4920,0.0,0.0
2024-06-05 15:55:00-04:00,37.32500076293945,37.380001068115234,37.290000915527344,37.349998474121094,6928,0.0,0.0
2024-06-06 09:30:00-04:00,37.20000076293945,37.20000076293945,37.20000076293945,37.20000076293945,2097,0.0,0.0
2024-06-06 09:35:00-04:00,36.380001068115234,37.45000076293945,36.380001068115234,37.43000030517578,3332,0.0,0.0
2024-06-06 09:40:00-04:00,37.43000030517578,37.45000076293945,36.9900016784668,36.9900016784668,1760,0.0,0.0
2024-06-06 10:00:00-04:00,37.349998474121094,37.349998474121094,37.29999923706055,37.34000015258789,1178,0.0,0.0
2024-06-06 10:05:00-04:00,37.17499923706055,37.17499923706055,37.17499923706055,37.17499923706055,383,0.0,0.0
2024-06-06 10:20:00-04:00,37.16999816894531,37.16999816894531,37.16999816894531,37.16999816894531,972,0.0,0.0
2024-06-06 10:25:00-04:00,36.994998931884766,36.994998931884766,36.994998931884766,36.994998931884766,247,0.0,0.0
2024-06-06 10:35:00-04:00,36.930999755859375,36.930999755859375,36.930999755859375,36.930999755859375,1040,0.0,0.0
2024-06-06 11:00:00-04:00,37.0,37.0,37.0,37.0,205,0.0,0.0
2024-06-06 11:05:00-04:00,36.939998626708984,36.939998626708984,36.935001373291016,36.935001373291016,965,0.0,0.0
2024-06-06 11:10:00-04:00,36.93000030517578,36.93000030517578,36.93000030517578,36.93000030517578,1112,0.0,0.0
2024-06-06 11:25:00-04:00,36.83000183105469,36.83000183105469,36.79999923706055,36.79999923706055,924,0.0,0.0
2024-06-06 11:50:00-04:00,36.845001220703125,36.845001220703125,36.779998779296875,36.779998779296875,2536,0.0,0.0
2024-06-06 12:05:00-04:00,36.689998626708984,36.689998626708984,36.61000061035156,36.61000061035156,1434,0.0,0.0
2024-06-06 12:10:00-04:00,36.61000061035156,36.61000061035156,36.61000061035156,36.61000061035156,646,0.0,0.0
2024-06-06 12:25:00-04:00,36.57469940185547,36.57469940185547,36.57469940185547,36.57469940185547,1310,0.0,0.0
2024-06-06 12:40:00-04:00,36.630001068115234,36.70000076293945,36.625,36.70000076293945,3075,0.0,0.0
2024-06-06 13:10:00-04:00,36.709999084472656,36.77000045776367,36.709999084472656,36.77000045776367,3369,0.0,0.0
2024-06-06 13:15:00-04:00,36.82080078125,36.82080078125,36.82080078125,36.82080078125,464,0.0,0.0
2024-06-06 13:20:00-04:00,36.790000915527344,36.790000915527344,36.779998779296875,36.779998779296875,1278,0.0,0.0
2024-06-06 13:25:00-04:00,36.7400016784668,36.7400016784668,36.7400016784668,36.7400016784668,1084,0.0,0.0
2024-06-06 13:45:00-04:00,36.779998779296875,36.779998779296875,36.7599983215332,36.7599983215332,523,0.0,0.0
2024-06-06 13:50:00-04:00,36.7599983215332,36.7599983215332,36.70000076293945,36.70000076293945,1382,0.0,0.0
2024-06-06 13:55:00-04:00,36.75,36.779998779296875,36.709999084472656,36.72999954223633,5009,0.0,0.0
2024-06-06 14:00:00-04:00,36.72999954223633,36.72999954223633,36.65999984741211,36.689998626708984,4271,0.0,0.0
2024-06-06 14:10:00-04:00,36.665000915527344,36.66999816894531,36.63999938964844,36.66999816894531,2211,0.0,0.0
2024-06-06 14:15:00-04:00,36.67499923706055,36.70000076293945,36.67499923706055,36.69499969482422,2272,0.0,0.0
2024-06-06 14:20:00-04:00,36.720001220703125,36.720001220703125,36.720001220703125,36.720001220703125,739,0.0,0.0
2024-06-06 14:25:00-04:00,36.75,36.75,36.75,36.75,904,0.0,0.0
2024-06-06 14:45:00-04:00,36.810001373291016,36.869998931884766,36.810001373291016,36.810001373291016,1663,0.0,0.0
2024-06-06 14:50:00-04:00,36.869998931884766,36.959999084472656,36.869998931884766,36.959999084472656,1133,0.0,0.0
2024-06-06 15:00:00-04:00,36.93000030517578,36.93000030517578,36.93000030517578,36.93000030517578,1456,0.0,0.0
2024-06-06 15:05:00-04:00,36.91999816894531,36.91999816894531,36.91999816894531,36.91999816894531,727,0.0,0.0
2024-06-06 15:10:00-04:00,37.04999923706055,37.060001373291016,37.04999923706055,37.060001373291016,705,0.0,0.0
2024-06-06 15:25:00-04:00,37.0099983215332,37.060001373291016,37.0099983215332,37.060001373291016,2277,0.0,0.0
2024-06-06 15:30:00-04:00,37.029998779296875,37.040000915527344,37.029998779296875,37.040000915527344,2568,0.0,0.0
2024-06-06 15:40:00-04:00,37.040000915527344,37.040000915527344,37.03499984741211,37.03499984741211,1364,0.0,0.0
2024-06-06 15:45:00-04:00,37.0099983215332,37.0099983215332,36.9900016784668,36.9900016784668,1772,0.0,0.0
2024-06-06 15:50:00-04:00,37.02000045776367,37.04999923706055,37.0099983215332,37.04999923706055,1276,0.0,0.0
2024-06-06 15:55:00-04:00,37.04499816894531,37.13999938964844,37.04499816894531,37.130001068115234,7192,0.0,0.0
2024-06-07 09:30:00-04:00,36.52000045776367,36.7599983215332,35.994998931884766,36.7599983215332,1455,0.0,0.0
2024-06-07 09:35:00-04:00,36.68000030517578,36.68000030517578,36.68000030517578,36.68000030517578,966,0.0,0.0
2024-06-07 09:55:00-04:00,36.5099983215332,36.5099983215332,36.5099983215332,36.5099983215332,747,0.0,0.0
2024-06-07 10:20:00-04:00,36.630001068115234,36.630001068115234,36.630001068115234,36.630001068115234,968,0.0,0.0
2024-06-07 10:30:00-04:00,36.70600128173828,36.70600128173828,36.70600128173828,36.70600128173828,378,0.0,0.0
2024-06-07 10:50:00-04:00,36.63999938964844,36.63999938964844,36.63999938964844,36.63999938964844,1061,0.0,0.0
2024-06-07 10:55:00-04:00,36.435001373291016,36.435001373291016,36.435001373291016,36.435001373291016,830,0.0,0.0
2024-06-07 11:15:00-04:00,36.41999816894531,36.41999816894531,36.41999816894531,36.41999816894531,536,0.0,0.0
2024-06-07 11:25:00-04:00,36.439998626708984,36.439998626708984,36.439998626708984,36.439998626708984,297,0.0,0.0
2024-06-07 11:30:00-04:00,36.54990005493164,36.54990005493164,36.54990005493164,36.54990005493164,520,0.0,0.0
2024-06-07 11:45:00-04:00,36.54999923706055,36.54999923706055,36.54999923706055,36.54999923706055,472,0.0,0.0
2024-06-07 11:50:00-04:00,36.56999969482422,36.56999969482422,36.5099983215332,36.5099983215332,1991,0.0,0.0
2024-06-07 12:20:00-04:00,36.4900016784668,36.4900016784668,36.4900016784668,36.4900016784668,1156,0.0,0.0
2024-06-07 13:00:00-04:00,36.439998626708984,36.439998626708984,36.400001525878906,36.400001525878906,1744,0.0,0.0
2024-06-07 13:10:00-04:00,36.333499908447266,36.333499908447266,36.333499908447266,36.333499908447266,623,0.0,0.0
2024-06-07 13:25:00-04:00,36.380001068115234,36.380001068115234,36.380001068115234,36.380001068115234,237,0.0,0.0
2024-06-07 13:45:00-04:00,36.45500183105469,36.45500183105469,36.45500183105469,36.45500183105469,141,0.0,0.0
2024-06-07 13:55:00-04:00,36.45500183105469,36.45500183105469,36.45500183105469,36.45500183105469,1666,0.0,0.0
2024-06-07 14:05:00-04:00,36.40999984741211,36.40999984741211,36.369998931884766,36.400001525878906,1572,0.0,0.0
2024-06-07 14:25:00-04:00,36.44499969482422,36.470001220703125,36.44499969482422,36.470001220703125,1049,0.0,0.0
2024-06-07 14:40:00-04:00,36.400001525878906,36.400001525878906,36.380001068115234,36.380001068115234,2343,0.0,0.0
2024-06-07 14:50:00-04:00,36.38999938964844,36.38999938964844,36.38999938964844,36.38999938964844,1498,0.0,0.0
2024-06-07 15:00:00-04:00,36.34000015258789,36.34000015258789,36.310001373291016,36.310001373291016,1452,0.0,0.0
2024-06-07 15:05:00-04:00,36.310001373291016,36.310001373291016,36.310001373291016,36.310001373291016,2305,0.0,0.0
2024-06-07 15:10:00-04:00,36.31999969482422,36.31999969482422,36.31999969482422,36.31999969482422,683,0.0,0.0
2024-06-07 15:15:00-04:00,36.32500076293945,36.32500076293945,36.32500076293945,36.32500076293945,400,0.0,0.0
2024-06-07 15:25:00-04:00,36.349998474121094,36.349998474121094,36.349998474121094,36.349998474121094,753,0.0,0.0
2024-06-07 15:30:00-04:00,36.38999938964844,36.459999084472656,36.38999938964844,36.459999084472656,1592,0.0,0.0
2024-06-07 15:35:00-04:00,36.474998474121094,36.474998474121094,36.470001220703125,36.470001220703125,1187,0.0,0.0
2024-06-07 15:40:00-04:00,36.439998626708984,36.5099983215332,36.439998626708984,36.499000549316406,3187,0.0,0.0
2024-06-07 15:45:00-04:00,36.459999084472656,36.5099983215332,36.459999084472656,36.5,3987,0.0,0.0
2024-06-07 15:50:00-04:00,36.459999084472656,36.53300094604492,36.459999084472656,36.53300094604492,4520,0.0,0.0
2024-06-07 15:55:00-04:00,36.529998779296875,36.63999938964844,36.529998779296875,36.63999938964844,6935,0.0,0.0
2024-06-10 09:30:00-04:00,36.20000076293945,36.20000076293945,36.20000076293945,36.20000076293945,673,0.0,0.0
2024-06-10 09:35:00-04:00,35.849998474121094,35.849998474121094,35.849998474121094,35.849998474121094,208,0.0,0.0
2024-06-10 09:40:00-04:00,35.70000076293945,35.75,35.630001068115234,35.75,2972,0.0,0.0
2024-06-10 09:55:00-04:00,35.75,35.75,35.75,35.75,461,0.0,0.0
2024-06-10 10:15:00-04:00,35.810001373291016,35.810001373291016,35.810001373291016,35.810001373291016,752,0.0,0.0
2024-06-10 10:25:00-04:00,35.849998474121094,35.849998474121094,35.849998474121094,35.849998474121094,278,0.0,0.0
2024-06-10 10:30:00-04:00,35.84000015258789,35.84000015258789,35.84000015258789,35.84000015258789,526,0.0,0.0
2024-06-10 10:35:00-04:00,35.810001373291016,35.8849983215332,35.810001373291016,35.83000183105469,692,0.0,0.0
2024-06-10 10:40:00-04:00,35.83000183105469,35.83000183105469,35.72999954223633,35.72999954223633,1812,0.0,0.0
2024-06-10 10:45:00-04:00,35.84000015258789,35.84000015258789,35.84000015258789,35.84000015258789,302,0.0,0.0
2024-06-10 10:50:00-04:00,35.779998779296875,35.779998779296875,35.779998779296875,35.779998779296875,729,0.0,0.0
2024-06-10 11:10:00-04:00,35.810001373291016,35.81999969482422,35.810001373291016,35.81999969482422,636,0.0,0.0
2024-06-10 11:15:00-04:00,35.875,35.875,35.875,35.875,1102,0.0,0.0
2024-06-10 11:20:00-04:00,36.0099983215332,36.0099983215332,36.0099983215332,36.0099983215332,295,0.0,0.0
2024-06-10 11:25:00-04:00,36.04999923706055,36.04999923706055,36.0099983215332,36.0099983215332,933,0.0,0.0
2024-06-10 11:30:00-04:00,35.974998474121094,35.974998474121094,35.91999816894531,35.91999816894531,242,0.0,0.0
2024-06-10 11:35:00-04:00,35.97999954223633,35.97999954223633,35.97999954223633,35.97999954223633,861,0.0,0.0
2024-06-10 11:45:00-04:00,35.904998779296875,35.91999816894531,35.880001068115234,35.91999816894531,1293,0.0,0.0
2024-06-10 11:50:00-04:00,35.869998931884766,35.959999084472656,35.869998931884766,35.959999084472656,710,0.0,0.0
2024-06-10 12:05:00-04:00,35.97999954223633,35.97999954223633,35.97999954223633,35.97999954223633,246,0.0,0.0
2024-06-10 12:10:00-04:00,35.939998626708984,35.939998626708984,35.939998626708984,35.939998626708984,236,0.0,0.0
2024-06-10 12:20:00-04:00,35.98500061035156,35.98500061035156,35.98500061035156,35.98500061035156,295,0.0,0.0
2024-06-10 12:40:00-04:00,35.959999084472656,35.96500015258789,35.88999938964844,35.88999938964844,994,0.0,0.0
2024-06-10 12:50:00-04:00,35.88999938964844,35.88999938964844,35.86000061035156,35.88999938964844,1725,0.0,0.0
2024-06-10 13:00:00-04:00,35.904998779296875,35.904998779296875,35.904998779296875,35.904998779296875,355,0.0,0.0
2024-06-10 13:05:00-04:00,35.84000015258789,35.84000015258789,35.814998626708984,35.814998626708984,1101,0.0,0.0
2024-06-10 13:10:00-04:00,35.77000045776367,35.77000045776367,35.7599983215332,35.7599983215332,817,0.0,0.0
2024-06-10 13:20:00-04:00,35.91999816894531,35.91999816894531,35.91999816894531,35.91999816894531,322,0.0,0.0
2024-06-10 13:25:00-04:00,35.81999969482422,35.81999969482422,35.81999969482422,35.81999969482422,750,0.0,0.0
2024-06-10 13:40:00-04:00,35.91999816894531,35.91999816894531,35.86000061035156,35.86000061035156,1390,0.0,0.0
2024-06-10 13:45:00-04:00,35.93000030517578,35.93000030517578,35.93000030517578,35.93000030517578,304,0.0,0.0
2024-06-10 13:50:00-04:00,35.904998779296875,35.904998779296875,35.904998779296875,35.904998779296875,1202,0.0,0.0
2024-06-10 13:55:00-04:00,35.880001068115234,35.91749954223633,35.845001220703125,35.900001525878906,3236,0.0,0.0
2024-06-10 14:05:00-04:00,35.96500015258789,35.96500015258789,35.904998779296875,35.904998779296875,469,0.0,0.0
2024-06-10 14:10:00-04:00,35.959999084472656,36.02000045776367,35.959999084472656,36.01499938964844,1002,0.0,0.0
2024-06-10 14:15:00-04:00,36.0,36.07500076293945,36.0,36.07500076293945,1196,0.0,0.0
2024-06-10 14:20:00-04:00,36.040000915527344,36.040000915527344,36.040000915527344,36.040000915527344,711,0.0,0.0
2024-06-10 14:35:00-04:00,36.09000015258789,36.09000015258789,36.08000183105469,36.09000015258789,1897,0.0,0.0
2024-06-10 14:40:00-04:00,36.08000183105469,36.130001068115234,36.08000183105469,36.119998931884766,1200,0.0,0.0
2024-06-10 14:45:00-04:00,36.130001068115234,36.130001068115234,36.130001068115234,36.130001068115234,393,0.0,0.0
2024-06-10 14:50:00-04:00,36.08000183105469,36.08000183105469,36.08000183105469,36.08000183105469,1708,0.0,0.0
2024-06-10 14:55:00-04:00,36.10499954223633,36.10499954223633,36.10499954223633,36.10499954223633,431,0.0,0.0
2024-06-10 15:00:00-04:00,36.095001220703125,36.11000061035156,36.095001220703125,36.10499954223633,1894,0.0,0.0
2024-06-10 15:15:00-04:00,36.099998474121094,36.10499954223633,36.099998474121094,36.10499954223633,1469,0.0,0.0
2024-06-10 15:20:00-04:00,36.09000015258789,36.11000061035156,36.09000015258789,36.11000061035156,400,0.0,0.0
2024-06-10 15:25:00-04:00,36.11000061035156,36.13999938964844,36.11000061035156,36.13999938964844,970,0.0,0.0
2024-06-10 15:35:00-04:00,36.08000183105469,36.08000183105469,36.067501068115234,36.067501068115234,2181,0.0,0.0
2024-06-10 15:40:00-04:00,36.04999923706055,36.04999923706055,35.880001068115234,35.95000076293945,3810,0.0,0.0
2024-06-10 15:45:00-04:00,35.959999084472656,36.0099983215332,35.959999084472656,35.959999084472656,2586,0.0,0.0
2024-06-10 15:50:00-04:00,35.91999816894531,35.91999816894531,35.8849983215332,35.8849983215332,1213,0.0,0.0
2024-06-10 15:55:00-04:00,35.849998474121094,36.0,35.779998779296875,35.9900016784668,11661,0.0,0.0
2024-06-11 09:30:00-04:00,35.290000915527344,35.290000915527344,35.290000915527344,35.290000915527344,1156,0.0,0.0
2024-06-11 09:35:00-04:00,35.43000030517578,35.45000076293945,35.43000030517578,35.45000076293945,563,0.0,0.0
2024-06-11 09:45:00-04:00,35.52000045776367,35.63999938964844,35.52000045776367,35.63999938964844,1755,0.0,0.0
2024-06-11 09:55:00-04:00,35.56999969482422,35.56999969482422,35.56999969482422,35.56999969482422,183,0.0,0.0
2024-06-11 10:00:00-04:00,35.56999969482422,35.56999969482422,35.56999969482422,35.56999969482422,207,0.0,0.0
2024-06-11 10:05:00-04:00,35.56999969482422,35.56999969482422,35.56999969482422,35.56999969482422,515,0.0,0.0
2024-06-11 10:10:00-04:00,35.564998626708984,35.564998626708984,35.564998626708984,35.564998626708984,1284,0.0,0.0
2024-06-11 10:30:00-04:00,35.630001068115234,35.665000915527344,35.630001068115234,35.665000915527344,842,0.0,0.0
2024-06-11 10:45:00-04:00,35.4900016784668,35.4900016784668,35.470001220703125,35.470001220703125,917,0.0,0.0
2024-06-11 10:50:00-04:00,35.54999923706055,35.54999923706055,35.540000915527344,35.540000915527344,1227,0.0,0.0
2024-06-11 11:10:00-04:00,35.59000015258789,35.59000015258789,35.59000015258789,35.59000015258789,977,0.0,0.0
2024-06-11 11:20:00-04:00,35.650001525878906,35.650001525878906,35.650001525878906,35.650001525878906,357,0.0,0.0
2024-06-11 11:30:00-04:00,35.720001220703125,35.720001220703125,35.720001220703125,35.720001220703125,178,0.0,0.0
2024-06-11 11:45:00-04:00,35.79999923706055,35.79999923706055,35.79999923706055,35.79999923706055,626,0.0,0.0
2024-06-11 12:00:00-04:00,35.78499984741211,35.79999923706055,35.78499984741211,35.79999923706055,412,0.0,0.0
2024-06-11 12:05:00-04:00,35.7599983215332,35.76499938964844,35.7599983215332,35.76499938964844,900,0.0,0.0
2024-06-11 12:20:00-04:00,35.72999954223633,35.72999954223633,35.72999954223633,35.72999954223633,221,0.0,0.0
2024-06-11 12:25:00-04:00,35.79999923706055,35.869998931884766,35.79999923706055,35.869998931884766,2188,0.0,0.0
2024-06-11 12:30:00-04:00,35.95000076293945,35.95000076293945,35.904998779296875,35.904998779296875,690,0.0,0.0
2024-06-11 12:35:00-04:00,35.970001220703125,36.060001373291016,35.970001220703125,36.0,2256,0.0,0.0
2024-06-11 13:00:00-04:00,35.90999984741211,35.90999984741211,35.90999984741211,35.90999984741211,543,0.0,0.0
2024-06-11 13:05:00-04:00,35.880001068115234,35.880001068115234,35.880001068115234,35.880001068115234,682,0.0,0.0
2024-06-11 13:20:00-04:00,35.904998779296875,35.904998779296875,35.904998779296875,35.904998779296875,334,0.0,0.0
2024-06-11 13:25:00-04:00,35.939998626708984,35.939998626708984,35.939998626708984,35.939998626708984,112,0.0,0.0
2024-06-11 13:30:00-04:00,35.90850067138672,35.91999816894531,35.90850067138672,35.91999816894531,999,0.0,0.0
2024-06-11 13:45:00-04:00,35.97999954223633,35.97999954223633,35.97999954223633,35.97999954223633,1430,0.0,0.0
2024-06-11 13:55:00-04:00,36.119998931884766,36.15999984741211,36.119998931884766,36.15999984741211,1747,0.0,0.0
2024-06-11 14:00:00-04:00,36.12099838256836,36.12099838256836,36.12099838256836,36.12099838256836,272,0.0,0.0
2024-06-11 14:05:00-04:00,36.125,36.125,36.01499938964844,36.01499938964844,637,0.0,0.0
2024-06-11 14:30:00-04:00,36.084999084472656,36.084999084472656,36.084999084472656,36.084999084472656,410,0.0,0.0
2024-06-11 14:35:00-04:00,36.220001220703125,36.220001220703125,36.220001220703125,36.220001220703125,520,0.0,0.0
2024-06-11 14:45:00-04:00,36.08000183105469,36.08000183105469,36.08000183105469,36.08000183105469,489,0.0,0.0
2024-06-11 14:50:00-04:00,36.07500076293945,36.07500076293945,36.0099983215332,36.06999969482422,1860,0.0,0.0
2024-06-11 15:20:00-04:00,36.05500030517578,36.05500030517578,36.05500030517578,36.05500030517578,1042,0.0,0.0
2024-06-11 15:25:00-04:00,36.18000030517578,36.18000030517578,36.16999816894531,36.16999816894531,1058,0.0,0.0
2024-06-11 15:30:00-04:00,36.130001068115234,36.130001068115234,36.130001068115234,36.130001068115234,2098,0.0,0.0
2024-06-11 15:35:00-04:00,36.150001525878906,36.182498931884766,36.13999938964844,36.13999938964844,1938,0.0,0.0
2024-06-11 15:40:00-04:00,36.04999923706055,36.06999969482422,36.040000915527344,36.06999969482422,1293,0.0,0.0
2024-06-11 15:45:00-04:00,36.08000183105469,36.099998474121094,36.08000183105469,36.099998474121094,983,0.0,0.0
2024-06-11 15:50:00-04:00,36.06999969482422,36.06999969482422,35.9900016784668,35.9900016784668,3140,0.0,0.0
2024-06-11 15:55:00-04:00,35.93000030517578,35.93000030517578,35.81999969482422,35.869998931884766,12387,0.0,0.0
2024-06-12 09:30:00-04:00,37.2400016784668,37.38999938964844,37.2400016784668,37.36000061035156,2465,0.0,0.0
2024-06-12 09:35:00-04:00,36.97999954223633,37.3650016784668,36.97999954223633,37.3650016784668,1248,0.0,0.0
2024-06-12 09:40:00-04:00,37.34000015258789,37.34000015258789,37.31999969482422,37.31999969482422,2579,0.0,0.0
2024-06-12 09:45:00-04:00,37.30500030517578,37.30500030517578,37.30500030517578,37.30500030517578,4309,0.0,0.0
2024-06-12 09:55:00-04:00,37.34000015258789,37.34000015258789,37.34000015258789,37.34000015258789,741,0.0,0.0
2024-06-12 10:00:00-04:00,37.2400016784668,37.2599983215332,37.209999084472656,37.2599983215332,1039,0.0,0.0
2024-06-12 10:05:00-04:00,37.130001068115234,37.130001068115234,37.130001068115234,37.130001068115234,919,0.0,0.0
2024-06-12 10:10:00-04:00,37.15999984741211,37.36000061035156,37.15999984741211,37.36000061035156,1942,0.0,0.0
2024-06-12 10:20:00-04:00,37.349998474121094,37.36000061035156,37.349998474121094,37.36000061035156,2569,0.0,0.0
2024-06-12 10:25:00-04:00,37.505001068115234,37.505001068115234,37.505001068115234,37.505001068115234,893,0.0,0.0
2024-06-12 10:30:00-04:00,37.47999954223633,37.47999954223633,37.47999954223633,37.47999954223633,1228,0.0,0.0
2024-06-12 10:35:00-04:00,37.834999084472656,37.834999084472656,37.834999084472656,37.834999084472656,296,0.0,0.0
2024-06-12 10:40:00-04:00,37.83000183105469,37.869998931884766,37.68000030517578,37.68000030517578,1321,0.0,0.0
2024-06-12 10:45:00-04:00,37.68000030517578,37.68000030517578,37.68000030517578,37.68000030517578,129,0.0,0.0
2024-06-12 10:50:00-04:00,37.900001525878906,37.900001525878906,37.900001525878906,37.900001525878906,548,0.0,0.0
2024-06-12 11:00:00-04:00,37.869998931884766,38.06999969482422,37.84000015258789,38.0,10260,0.0,0.0
2024-06-12 11:05:00-04:00,37.91999816894531,37.91999816894531,37.86000061035156,37.86000061035156,582,0.0,0.0
2024-06-12 11:10:00-04:00,37.650001525878906,37.650001525878906,37.650001525878906,37.650001525878906,781,0.0,0.0
2024-06-12 11:25:00-04:00,37.625,37.625,37.61000061035156,37.625,335,0.0,0.0
2024-06-12 11:30:00-04:00,37.630001068115234,37.709999084472656,37.630001068115234,37.650001525878906,2065,0.0,0.0
2024-06-12 11:35:00-04:00,37.69499969482422,37.7599983215332,37.69499969482422,37.7599983215332,1384,0.0,0.0
2024-06-12 11:45:00-04:00,37.790000915527344,37.80500030517578,37.790000915527344,37.80500030517578,311,0.0,0.0
2024-06-12 11:50:00-04:00,37.72999954223633,37.72999954223633,37.72999954223633,37.72999954223633,541,0.0,0.0
2024-06-12 11:55:00-04:00,37.720001220703125,37.720001220703125,37.720001220703125,37.720001220703125,200,0.0,0.0
2024-06-12 12:00:00-04:00,37.720001220703125,37.779998779296875,37.720001220703125,37.779998779296875,1624,0.0,0.0
2024-06-12 12:05:00-04:00,37.724998474121094,37.790000915527344,37.724998474121094,37.779998779296875,751,0.0,0.0
2024-06-12 12:10:00-04:00,37.810001373291016,37.880001068115234,37.810001373291016,37.880001068115234,1070,0.0,0.0
2024-06-12 12:15:00-04:00,37.915000915527344,37.91999816894531,37.915000915527344,37.91999816894531,1047,0.0,0.0
2024-06-12 12:20:00-04:00,38.01499938964844,38.01499938964844,38.01499938964844,38.01499938964844,319,0.0,0.0
2024-06-12 12:25:00-04:00,38.02000045776367,38.02000045776367,37.91999816894531,37.91999816894531,1820,0.0,0.0
2024-06-12 12:30:00-04:00,37.869998931884766,37.869998931884766,37.869998931884766,37.869998931884766,382,0.0,0.0
2024-06-12 12:35:00-04:00,37.95000076293945,37.95000076293945,37.95000076293945,37.95000076293945,211,0.0,0.0
2024-06-12 12:40:00-04:00,37.939998626708984,37.95000076293945,37.88999938964844,37.900001525878906,1031,0.0,0.0
2024-06-12 12:45:00-04:00,37.875,38.005001068115234,37.875,37.904998779296875,5466,0.0,0.0
2024-06-12 12:50:00-04:00,37.994998931884766,38.01499938964844,37.994998931884766,38.01499938964844,655,0.0,0.0
2024-06-12 12:55:00-04:00,38.025001525878906,38.060001373291016,38.025001525878906,38.060001373291016,1526,0.0,0.0
2024-06-12 13:00:00-04:00,38.099998474121094,38.099998474121094,38.03499984741211,38.09000015258789,894,0.0,0.0
2024-06-12 13:05:00-04:00,38.08000183105469,38.165000915527344,38.04999923706055,38.095001220703125,1778,0.0,0.0
2024-06-12 13:10:00-04:00,38.11000061035156,38.17499923706055,38.11000061035156,38.150001525878906,836,0.0,0.0
2024-06-12 13:15:00-04:00,38.25,38.310001373291016,38.22999954223633,38.310001373291016,1156,0.0,0.0
2024-06-12 13:20:00-04:00,38.2400016784668,38.279998779296875,38.2400016784668,38.279998779296875,1477,0.0,0.0
2024-06-12 13:25:00-04:00,38.349998474121094,38.36000061035156,38.349998474121094,38.36000061035156,657,0.0,0.0
2024-06-12 13:30:00-04:00,38.40999984741211,38.4900016784668,38.31999969482422,38.4900016784668,1839,0.0,0.0
2024-06-12 13:35:00-04:00,38.380001068115234,38.4900016784668,38.279998779296875,38.345001220703125,3187,0.0,0.0
2024-06-12 13:40:00-04:00,38.279998779296875,38.279998779296875,38.119998931884766,38.119998931884766,2247,0.0,0.0
2024-06-12 13:50:00-04:00,38.22999954223633,38.27000045776367,38.22999954223633,38.2400016784668,950,0.0,0.0
2024-06-12 13:55:00-04:00,38.334999084472656,38.3849983215332,38.25,38.2599983215332,1946,0.0,0.0
2024-06-12 14:00:00-04:00,38.130001068115234,38.130001068115234,37.92499923706055,37.92499923706055,1717,0.0,0.0
2024-06-12 14:05:00-04:00,37.959999084472656,37.959999084472656,37.849998474121094,37.849998474121094,2395,0.0,0.0
2024-06-12 14:10:00-04:00,37.9900016784668,38.060001373291016,37.9900016784668,37.9900016784668,2518,0.0,0.0
2024-06-12 14:15:00-04:00,37.98500061035156,38.03499984741211,37.98500061035156,38.03499984741211,597,0.0,0.0
2024-06-12 14:20:00-04:00,38.03499984741211,38.040000915527344,37.935001373291016,37.935001373291016,1115,0.0,0.0
2024-06-12 14:25:00-04:00,37.935001373291016,37.94499969482422,37.86000061035156,37.89500045776367,6557,0.0,0.0
2024-06-12 14:30:00-04:00,38.0,38.07500076293945,37.959999084472656,38.06999969482422,2865,0.0,0.0
2024-06-12 14:35:00-04:00,38.060001373291016,38.060001373291016,37.86000061035156,37.95000076293945,2788,0.0,0.0
2024-06-12 14:40:00-04:00,37.97999954223633,37.97999954223633,37.86000061035156,37.95000076293945,10736,0.0,0.0
2024-06-12 14:45:00-04:00,37.88999938964844,37.96500015258789,37.86000061035156,37.86000061035156,5156,0.0,0.0
2024-06-12 14:50:00-04:00,37.59000015258789,37.59000015258789,37.59000015258789,37.59000015258789,297,0.0,0.0
2024-06-12 14:55:00-04:00,37.665000915527344,37.85499954223633,37.665000915527344,37.85499954223633,1926,0.0,0.0
2024-06-12 15:00:00-04:00,37.779998779296875,37.779998779296875,37.779998779296875,37.779998779296875,473,0.0,0.0
2024-06-12 15:05:00-04:00,37.73500061035156,37.7400016784668,37.689998626708984,37.7400016784668,911,0.0,0.0
2024-06-12 15:10:00-04:00,37.7400016784668,37.849998474121094,37.7400016784668,37.849998474121094,2890,0.0,0.0
2024-06-12 15:15:00-04:00,37.790000915527344,37.790000915527344,37.790000915527344,37.790000915527344,1194,0.0,0.0
2024-06-12 15:20:00-04:00,37.72999954223633,37.72999954223633,37.61000061035156,37.61000061035156,4803,0.0,0.0
2024-06-12 15:25:00-04:00,37.525001525878906,37.525001525878906,37.43000030517578,37.43000030517578,2333,0.0,0.0
2024-06-12 15:30:00-04:00,37.43000030517578,37.47999954223633,37.43000030517578,37.439998626708984,3565,0.0,0.0
2024-06-12 15:35:00-04:00,37.61000061035156,37.61000061035156,37.45500183105469,37.59000015258789,7895,0.0,0.0
2024-06-12 15:40:00-04:00,37.59000015258789,37.65999984741211,37.59000015258789,37.59000015258789,3906,0.0,0.0
2024-06-12 15:45:00-04:00,37.619998931884766,37.7599983215332,37.619998931884766,37.7599983215332,3302,0.0,0.0
2024-06-12 15:50:00-04:00,37.72999954223633,37.79999923706055,37.72999954223633,37.79999923706055,3520,0.0,0.0
2024-06-12 15:55:00-04:00,37.77000045776367,37.849998474121094,37.66999816894531,37.849998474121094,12096,0.0,0.0
2024-06-13 09:30:00-04:00,37.619998931884766,37.619998931884766,37.619998931884766,37.619998931884766,1112,0.0,0.0
2024-06-13 09:40:00-04:00,37.34000015258789,37.34000015258789,37.34000015258789,37.34000015258789,411,0.0,0.0
2024-06-13 09:45:00-04:00,37.255001068115234,37.255001068115234,37.255001068115234,37.255001068115234,446,0.0,0.0
2024-06-13 10:05:00-04:00,37.189998626708984,37.189998626708984,37.189998626708984,37.189998626708984,671,0.0,0.0
2024-06-13 10:15:00-04:00,37.275001525878906,37.275001525878906,37.275001525878906,37.275001525878906,163,0.0,0.0
2024-06-13 10:20:00-04:00,37.119998931884766,37.13999938964844,37.119998931884766,37.13999938964844,982,0.0,0.0
2024-06-13 10:25:00-04:00,36.959999084472656,36.959999084472656,36.959999084472656,36.959999084472656,1456,0.0,0.0
2024-06-13 10:50:00-04:00,36.540000915527344,36.540000915527344,36.540000915527344,36.540000915527344,261,0.0,0.0
2024-06-13 11:00:00-04:00,36.68000030517578,36.68000030517578,36.665000915527344,36.665000915527344,2503,0.0,0.0
2024-06-13 11:10:00-04:00,36.66999816894531,36.66999816894531,36.66999816894531,36.66999816894531,633,0.0,0.0
2024-06-13 11:15:00-04:00,36.540000915527344,36.540000915527344,36.529998779296875,36.529998779296875,1268,0.0,0.0
2024-06-13 11:20:00-04:00,36.47999954223633,36.47999954223633,36.47999954223633,36.47999954223633,1492,0.0,0.0
2024-06-13 11:30:00-04:00,36.529998779296875,36.66999816894531,36.529998779296875,36.66999816894531,3400,0.0,0.0
2024-06-13 11:35:00-04:00,36.63999938964844,36.63999938964844,36.59000015258789,36.59000015258789,526,0.0,0.0
2024-06-13 11:45:00-04:00,36.5900993347168,36.5900993347168,36.5900993347168,36.5900993347168,963,0.0,0.0
2024-06-13 11:50:00-04:00,36.7400016784668,36.7400016784668,36.7400016784668,36.7400016784668,1027,0.0,0.0
2024-06-13 11:55:00-04:00,36.7599983215332,36.7599983215332,36.75,36.75,936,0.0,0.0
2024-06-13 12:00:00-04:00,36.75,36.810001373291016,36.720001220703125,36.810001373291016,3218,0.0,0.0
2024-06-13 12:05:00-04:00,36.790000915527344,36.790000915527344,36.790000915527344,36.790000915527344,483,0.0,0.0
2024-06-13 12:15:00-04:00,36.720001220703125,36.720001220703125,36.68000030517578,36.68000030517578,1519,0.0,0.0
2024-06-13 12:35:00-04:00,36.70000076293945,36.70000076293945,36.70000076293945,36.70000076293945,278,0.0,0.0
2024-06-13 12:40:00-04:00,36.755001068115234,36.83000183105469,36.755001068115234,36.83000183105469,1769,0.0,0.0
2024-06-13 12:50:00-04:00,36.869998931884766,36.869998931884766,36.869998931884766,36.869998931884766,1123,0.0,0.0
2024-06-13 12:55:00-04:00,36.83000183105469,36.83000183105469,36.83000183105469,36.83000183105469,362,0.0,0.0
2024-06-13 13:05:00-04:00,36.959999084472656,36.97999954223633,36.959999084472656,36.97999954223633,866,0.0,0.0
2024-06-13 13:15:00-04:00,36.88999938964844,36.88999938964844,36.88999938964844,36.88999938964844,271,0.0,0.0
2024-06-13 13:25:00-04:00,36.96120071411133,36.96120071411133,36.96120071411133,36.96120071411133,767,0.0,0.0
2024-06-13 13:35:00-04:00,36.89500045776367,36.959999084472656,36.89500045776367,36.91999816894531,1450,0.0,0.0
2024-06-13 13:55:00-04:00,36.93000030517578,36.93000030517578,36.93000030517578,36.93000030517578,113,0.0,0.0
2024-06-13 14:00:00-04:00,36.93000030517578,36.93000030517578,36.93000030517578,36.93000030517578,853,0.0,0.0
2024-06-13 14:20:00-04:00,36.84000015258789,36.84000015258789,36.84000015258789,36.84000015258789,496,0.0,0.0
2024-06-13 14:30:00-04:00,36.80500030517578,36.80500030517578,36.80500030517578,36.80500030517578,370,0.0,0.0
2024-06-13 14:40:00-04:00,36.83000183105469,36.83000183105469,36.83000183105469,36.83000183105469,296,0.0,0.0
2024-06-13 14:45:00-04:00,36.84000015258789,36.84000015258789,36.84000015258789,36.84000015258789,496,0.0,0.0
2024-06-13 14:50:00-04:00,36.869998931884766,36.880001068115234,36.869998931884766,36.880001068115234,709,0.0,0.0
2024-06-13 15:00:00-04:00,36.86000061035156,36.86000061035156,36.86000061035156,36.86000061035156,832,0.0,0.0
2024-06-13 15:15:00-04:00,36.935001373291016,36.959999084472656,36.935001373291016,36.959999084472656,507,0.0,0.0
2024-06-13 15:20:00-04:00,36.96500015258789,36.96500015258789,36.96500015258789,36.96500015258789,269,0.0,0.0
2024-06-13 15:25:00-04:00,36.96500015258789,36.970001220703125,36.96500015258789,36.970001220703125,662,0.0,0.0
2024-06-13 15:30:00-04:00,36.959999084472656,36.959999084472656,36.959999084472656,36.959999084472656,721,0.0,0.0
2024-06-13 15:35:00-04:00,37.0,37.10499954223633,36.9900016784668,37.10499954223633,2551,0.0,0.0
2024-06-13 15:40:00-04:00,37.06999969482422,37.06999969482422,37.04999923706055,37.06999969482422,2901,0.0,0.0
2024-06-13 15:50:00-04:00,37.04999923706055,37.04999923706055,36.9900016784668,37.040000915527344,3732,0.0,0.0
2024-06-13 15:55:00-04:00,36.90999984741211,37.03499984741211,36.849998474121094,37.02000045776367,13951,0.0,0.0
2024-06-14 09:30:00-04:00,36.56999969482422,36.56999969482422,36.56999969482422,36.56999969482422,1382,0.0,0.0
2024-06-14 09:55:00-04:00,36.40999984741211,36.40999984741211,36.40999984741211,36.40999984741211,142,0.0,0.0
2024-06-14 10:00:00-04:00,36.439998626708984,36.525001525878906,36.439998626708984,36.45000076293945,2121,0.0,0.0
2024-06-14 10:10:00-04:00,36.48500061035156,36.48500061035156,36.380001068115234,36.43000030517578,3257,0.0,0.0
2024-06-14 10:15:00-04:00,36.45000076293945,36.45000076293945,36.435001373291016,36.435001373291016,1197,0.0,0.0
2024-06-14 11:25:00-04:00,36.470001220703125,36.470001220703125,36.470001220703125,36.470001220703125,2394,0.0,0.0
2024-06-14 12:00:00-04:00,36.36000061035156,36.36000061035156,36.36000061035156,36.36000061035156,1281,0.0,0.0
2024-06-14 12:40:00-04:00,36.345001220703125,36.345001220703125,36.345001220703125,36.345001220703125,194,0.0,0.0
2024-06-14 12:45:00-04:00,36.279998779296875,36.279998779296875,36.279998779296875,36.279998779296875,661,0.0,0.0
2024-06-14 13:15:00-04:00,36.31999969482422,36.31999969482422,36.29999923706055,36.310001373291016,1941,0.0,0.0
2024-06-14 13:25:00-04:00,36.29499816894531,36.29999923706055,36.279998779296875,36.279998779296875,932,0.0,0.0
2024-06-14 13:30:00-04:00,36.28499984741211,36.28499984741211,36.28499984741211,36.28499984741211,499,0.0,0.0
2024-06-14 13:45:00-04:00,36.16999816894531,36.16999816894531,36.16999816894531,36.16999816894531,284,0.0,0.0
2024-06-14 13:55:00-04:00,36.16999816894531,36.20000076293945,36.16999816894531,36.20000076293945,748,0.0,0.0
2024-06-14 14:00:00-04:00,36.220001220703125,36.22999954223633,36.20000076293945,36.20000076293945,3278,0.0,0.0
2024-06-14 14:15:00-04:00,36.29999923706055,36.29999923706055,36.29999923706055,36.29999923706055,629,0.0,0.0
2024-06-14 14:30:00-04:00,36.310001373291016,36.310001373291016,36.310001373291016,36.310001373291016,484,0.0,0.0
2024-06-14 14:45:00-04:00,36.369998931884766,36.369998931884766,36.369998931884766,36.369998931884766,594,0.0,0.0
2024-06-14 14:55:00-04:00,36.400001525878906,36.400001525878906,36.400001525878906,36.400001525878906,875,0.0,0.0
2024-06-14 15:05:00-04:00,36.41999816894531,36.41999816894531,36.41999816894531,36.41999816894531,210,0.0,0.0
2024-06-14 15:10:00-04:00,36.400001525878906,36.400001525878906,36.349998474121094,36.349998474121094,2828,0.0,0.0
2024-06-14 15:25:00-04:00,36.33000183105469,36.33000183105469,36.33000183105469,36.33000183105469,289,0.0,0.0
2024-06-14 15:30:00-04:00,36.349998474121094,36.349998474121094,36.349998474121094,36.349998474121094,1323,0.0,0.0
2024-06-14 15:35:00-04:00,36.380001068115234,36.400001525878906,36.310001373291016,36.380001068115234,2727,0.0,0.0
2024-06-14 15:40:00-04:00,36.349998474121094,36.375,36.349998474121094,36.375,2011,0.0,0.0
2024-06-14 15:45:00-04:00,36.38999938964844,36.38999938964844,36.369998931884766,36.380001068115234,3955,0.0,0.0
2024-06-14 15:50:00-04:00,36.400001525878906,36.439998626708984,36.349998474121094,36.349998474121094,1488,0.0,0.0
2024-06-14 15:55:00-04:00,36.31999969482422,36.345001220703125,36.27000045776367,36.310001373291016,8959,0.0,0.0
2024-06-17 09:30:00-04:00,36.13999938964844,36.13999938964844,36.13999938964844,36.13999938964844,894,0.0,0.0
2024-06-17 10:05:00-04:00,36.16999816894531,36.16999816894531,36.10499954223633,36.10499954223633,449,0.0,0.0
2024-06-17 10:15:00-04:00,36.07500076293945,36.220001220703125,36.07500076293945,36.220001220703125,1546,0.0,0.0
2024-06-17 10:45:00-04:00,36.25,36.31999969482422,36.25,36.31999969482422,458,0.0,0.0
2024-06-17 11:15:00-04:00,36.400001525878906,36.400001525878906,36.36000061035156,36.36000061035156,803,0.0,0.0
2024-06-17 11:25:00-04:00,36.400001525878906,36.400001525878906,36.400001525878906,36.400001525878906,548,0.0,0.0
2024-06-17 11:30:00-04:00,36.5,36.5,36.5,36.5,577,0.0,0.0
2024-06-17 11:45:00-04:00,36.40999984741211,36.40999984741211,36.380001068115234,36.400001525878906,1346,0.0,0.0
2024-06-17 12:05:00-04:00,36.43000030517578,36.43000030517578,36.43000030517578,36.43000030517578,1770,0.0,0.0
2024-06-17 12:50:00-04:00,36.599998474121094,36.602500915527344,36.5,36.5,2675,0.0,0.0
2024-06-17 13:15:00-04:00,36.599998474121094,36.599998474121094,36.54999923706055,36.54999923706055,1284,0.0,0.0
2024-06-17 13:20:00-04:00,36.608299255371094,36.608299255371094,36.608299255371094,36.608299255371094,1280,0.0,0.0
2024-06-17 13:45:00-04:00,36.775001525878906,36.775001525878906,36.775001525878906,36.775001525878906,598,0.0,0.0
2024-06-17 13:50:00-04:00,36.80500030517578,36.80500030517578,36.70000076293945,36.70000076293945,1561,0.0,0.0
2024-06-17 14:00:00-04:00,36.720001220703125,36.720001220703125,36.70000076293945,36.70000076293945,1491,0.0,0.0
2024-06-17 14:10:00-04:00,36.93000030517578,36.982200622558594,36.88999938964844,36.982200622558594,2054,0.0,0.0
2024-06-17 14:15:00-04:00,36.95500183105469,37.0,36.869998931884766,36.880001068115234,1986,0.0,0.0
2024-06-17 14:30:00-04:00,36.85820007324219,36.85820007324219,36.85820007324219,36.85820007324219,880,0.0,0.0
2024-06-17 14:35:00-04:00,36.880001068115234,36.880001068115234,36.880001068115234,36.880001068115234,1081,0.0,0.0
2024-06-17 14:45:00-04:00,36.93000030517578,36.939998626708984,36.93000030517578,36.939998626708984,988,0.0,0.0
2024-06-17 15:00:00-04:00,36.90999984741211,36.939998626708984,36.90999984741211,36.939998626708984,1096,0.0,0.0
2024-06-17 15:05:00-04:00,36.88999938964844,36.900001525878906,36.88999938964844,36.900001525878906,2915,0.0,0.0
2024-06-17 15:25:00-04:00,36.92499923706055,36.92499923706055,36.92499923706055,36.92499923706055,451,0.0,0.0
2024-06-17 15:30:00-04:00,36.9900016784668,37.05500030517578,36.9900016784668,37.0099983215332,1767,0.0,0.0
2024-06-17 15:35:00-04:00,37.0,37.0,36.970001220703125,36.97999954223633,2949,0.0,0.0
2024-06-17 15:45:00-04:00,36.994998931884766,36.994998931884766,36.97100067138672,36.97100067138672,755,0.0,0.0
2024-06-17 15:50:00-04:00,37.00749969482422,37.125,37.00749969482422,37.11000061035156,3606,0.0,0.0
2024-06-17 15:55:00-04:00,37.19540023803711,37.34000015258789,37.19540023803711,37.34000015258789,6342,0.0,0.0
2024-06-18 09:30:00-04:00,37.29999923706055,37.29999923706055,37.2599983215332,37.2599983215332,556,0.0,0.0
2024-06-18 09:35:00-04:00,37.29999923706055,37.29999923706055,37.29999923706055,37.29999923706055,1318,0.0,0.0
2024-06-18 09:40:00-04:00,37.75,37.75,37.75,37.75,1193,0.0,0.0
2024-06-18 09:50:00-04:00,37.400001525878906,37.4900016784668,37.400001525878906,37.4900016784668,1286,0.0,0.0
2024-06-18 09:55:00-04:00,37.29999923706055,37.29999923706055,37.29999923706055,37.29999923706055,1341,0.0,0.0
2024-06-18 10:05:00-04:00,37.310001373291016,37.310001373291016,37.290000915527344,37.290000915527344,1072,0.0,0.0
2024-06-18 10:10:00-04:00,37.2400016784668,37.2400016784668,37.2400016784668,37.2400016784668,587,0.0,0.0
2024-06-18 10:20:00-04:00,37.32500076293945,37.32500076293945,37.32500076293945,37.32500076293945,167,0.0,0.0
2024-06-18 10:25:00-04:00,37.25,37.25,37.25,37.25,348,0.0,0.0
2024-06-18 10:30:00-04:00,37.36000061035156,37.36000061035156,37.36000061035156,37.36000061035156,3841,0.0,0.0
2024-06-18 11:15:00-04:00,37.45000076293945,37.4900016784668,37.45000076293945,37.4900016784668,1138,0.0,0.0
2024-06-18 11:20:00-04:00,37.47999954223633,37.4900016784668,37.380001068115234,37.45000076293945,2070,0.0,0.0
2024-06-18 12:05:00-04:00,37.529998779296875,37.56999969482422,37.529998779296875,37.56999969482422,795,0.0,0.0
2024-06-18 12:15:00-04:00,37.54999923706055,37.560001373291016,37.54999923706055,37.560001373291016,310,0.0,0.0
2024-06-18 12:25:00-04:00,37.52000045776367,37.52000045776367,37.47999954223633,37.4900016784668,961,0.0,0.0
2024-06-18 12:30:00-04:00,37.38010025024414,37.38169860839844,37.369998931884766,37.38169860839844,1091,0.0,0.0
2024-06-18 12:35:00-04:00,37.349998474121094,37.349998474121094,37.349998474121094,37.349998474121094,278,0.0,0.0
2024-06-18 12:45:00-04:00,37.349998474121094,37.349998474121094,37.349998474121094,37.349998474121094,1077,0.0,0.0
2024-06-18 13:00:00-04:00,37.279998779296875,37.279998779296875,37.275001525878906,37.275001525878906,372,0.0,0.0
2024-06-18 13:10:00-04:00,37.20500183105469,37.20500183105469,37.20500183105469,37.20500183105469,131,0.0,0.0
2024-06-18 13:15:00-04:00,37.220001220703125,37.220001220703125,37.060001373291016,37.08000183105469,3253,0.0,0.0
2024-06-18 13:40:00-04:00,37.08000183105469,37.08000183105469,37.08000183105469,37.08000183105469,112,0.0,0.0
2024-06-18 13:45:00-04:00,37.18000030517578,37.310001373291016,37.18000030517578,37.310001373291016,1956,0.0,0.0
2024-06-18 13:50:00-04:00,37.19139862060547,37.19139862060547,37.19139862060547,37.19139862060547,895,0.0,0.0
2024-06-18 14:15:00-04:00,37.349998474121094,37.349998474121094,37.349998474121094,37.349998474121094,1355,0.0,0.0
2024-06-18 14:55:00-04:00,37.380001068115234,37.380001068115234,37.380001068115234,37.380001068115234,443,0.0,0.0
2024-06-18 15:00:00-04:00,37.38999938964844,37.38999938964844,37.3849983215332,37.3849983215332,689,0.0,0.0
2024-06-18 15:05:00-04:00,37.38999938964844,37.38999938964844,37.25,37.2599983215332,2508,0.0,0.0
2024-06-18 15:25:00-04:00,37.18000030517578,37.18000030517578,37.17499923706055,37.17499923706055,534,0.0,0.0
2024-06-18 15:30:00-04:00,37.16999816894531,37.16999816894531,37.16999816894531,37.16999816894531,181,0.0,0.0
2024-06-18 15:35:00-04:00,37.16999816894531,37.16999816894531,37.150001525878906,37.150001525878906,656,0.0,0.0
2024-06-18 15:40:00-04:00,37.08000183105469,37.14500045776367,37.08000183105469,37.14500045776367,1675,0.0,0.0
2024-06-18 15:45:00-04:00,37.185001373291016,37.20000076293945,37.18000030517578,37.18000030517578,3343,0.0,0.0
2024-06-18 15:50:00-04:00,37.150001525878906,37.18000030517578,37.150001525878906,37.15999984741211,1219,0.0,0.0
2024-06-18 15:55:00-04:00,37.130001068115234,37.20000076293945,37.11000061035156,37.189998626708984,6123,0.0,0.0
2024-06-20 09:30:00-04:00,36.810001373291016,36.810001373291016,36.810001373291016,36.810001373291016,1346,0.0,0.0
2024-06-20 09:35:00-04:00,37.30189895629883,37.30189895629883,36.9370002746582,36.9370002746582,2685,0.0,0.0
2024-06-20 09:50:00-04:00,37.41999816894531,37.41999816894531,37.41999816894531,37.41999816894531,321,0.0,0.0
2024-06-20 09:55:00-04:00,37.349998474121094,37.349998474121094,37.349998474121094,37.349998474121094,478,0.0,0.0
2024-06-20 10:05:00-04:00,37.20000076293945,37.30500030517578,37.20000076293945,37.30500030517578,799,0.0,0.0
2024-06-20 10:10:00-04:00,37.16999816894531,37.25,37.13999938964844,37.25,534,0.0,0.0
2024-06-20 10:15:00-04:00,37.25,37.26499938964844,37.25,37.26499938964844,547,0.0,0.0
2024-06-20 10:25:00-04:00,37.22999954223633,37.22999954223633,37.22999954223633,37.22999954223633,231,0.0,0.0
2024-06-20 10:30:00-04:00,37.29999923706055,37.29999923706055,37.279998779296875,37.279998779296875,1121,0.0,0.0
2024-06-20 10:40:00-04:00,37.25,37.25,37.25,37.25,769,0.0,0.0
2024-06-20 10:50:00-04:00,37.209999084472656,37.209999084472656,37.209999084472656,37.209999084472656,3340,0.0,0.0
2024-06-20 11:40:00-04:00,37.130001068115234,37.130001068115234,37.130001068115234,37.130001068115234,342,0.0,0.0
2024-06-20 11:50:00-04:00,37.11000061035156,37.11000061035156,37.11000061035156,37.11000061035156,538,0.0,0.0
2024-06-20 11:55:00-04:00,37.099998474121094,37.099998474121094,37.099998474121094,37.099998474121094,285,0.0,0.0
2024-06-20 12:00:00-04:00,37.040000915527344,37.040000915527344,37.040000915527344,37.040000915527344,1022,0.0,0.0
2024-06-20 12:25:00-04:00,37.040000915527344,37.040000915527344,37.040000915527344,37.040000915527344,133,0.0,0.0
2024-06-20 12:30:00-04:00,37.178199768066406,37.178199768066406,37.178199768066406,37.178199768066406,664,0.0,0.0
2024-06-20 12:50:00-04:00,37.19499969482422,37.19499969482422,37.19499969482422,37.19499969482422,368,0.0,0.0
2024-06-20 12:55:00-04:00,37.27000045776367,37.29499816894531,37.27000045776367,37.29499816894531,835,0.0,0.0
2024-06-20 13:00:00-04:00,37.29499816894531,37.29499816894531,37.29499816894531,37.29499816894531,889,0.0,0.0
2024-06-20 13:15:00-04:00,37.20000076293945,37.20000076293945,37.185001373291016,37.185001373291016,2784,0.0,0.0
2024-06-20 13:45:00-04:00,37.220001220703125,37.220001220703125,37.220001220703125,37.220001220703125,1124,0.0,0.0
2024-06-20 14:05:00-04:00,37.29499816894531,37.29499816894531,37.29499816894531,37.29499816894531,469,0.0,0.0
2024-06-20 14:10:00-04:00,37.277801513671875,37.277801513671875,37.277801513671875,37.277801513671875,386,0.0,0.0
2024-06-20 14:15:00-04:00,37.293399810791016,37.293399810791016,37.293399810791016,37.293399810791016,478,0.0,0.0
2024-06-20 14:20:00-04:00,37.2400016784668,37.2400016784668,37.2400016784668,37.2400016784668,819,0.0,0.0
2024-06-20 14:30:00-04:00,37.150001525878906,37.150001525878906,37.150001525878906,37.150001525878906,835,0.0,0.0
2024-06-20 14:40:00-04:00,37.04999923706055,37.10900115966797,37.04999923706055,37.10900115966797,10786,0.0,0.0
2024-06-20 14:45:00-04:00,37.119998931884766,37.279998779296875,37.119998931884766,37.279998779296875,3592,0.0,0.0
2024-06-20 14:55:00-04:00,37.29999923706055,37.29999923706055,37.2599983215332,37.2599983215332,1968,0.0,0.0
2024-06-20 15:00:00-04:00,37.209999084472656,37.209999084472656,37.209999084472656,37.209999084472656,808,0.0,0.0
2024-06-20 15:10:00-04:00,37.2400016784668,37.2400016784668,37.183998107910156,37.183998107910156,453,0.0,0.0
2024-06-20 15:15:00-04:00,37.18000030517578,37.20000076293945,37.18000030517578,37.20000076293945,2478,0.0,0.0
2024-06-20 15:20:00-04:00,37.04499816894531,37.04499816894531,37.04499816894531,37.04499816894531,595,0.0,0.0
2024-06-20 15:25:00-04:00,37.09000015258789,37.16999816894531,37.09000015258789,37.1057014465332,1878,0.0,0.0
2024-06-20 15:30:00-04:00,37.209999084472656,37.209999084472656,37.192501068115234,37.192501068115234,2654,0.0,0.0
2024-06-20 15:35:00-04:00,37.150001525878906,37.150001525878906,37.150001525878906,37.150001525878906,570,0.0,0.0
2024-06-20 15:40:00-04:00,37.06999969482422,37.06999969482422,37.06999969482422,37.06999969482422,1269,0.0,0.0
2024-06-20 15:45:00-04:00,37.05099868774414,37.06999969482422,37.05099868774414,37.06999969482422,2164,0.0,0.0
2024-06-20 15:50:00-04:00,37.18000030517578,37.18000030517578,37.18000030517578,37.18000030517578,481,0.0,0.0
2024-06-20 15:55:00-04:00,37.09000015258789,37.11000061035156,37.02009963989258,37.11000061035156,8489,0.0,0.0
2024-06-21 09:30:00-04:00,37.38999938964844,37.43989944458008,36.939998626708984,36.939998626708984,66268,0.0,0.0
2024-06-21 09:35:00-04:00,37.29999923706055,37.40999984741211,37.29999923706055,37.40999984741211,1703,0.0,0.0
2024-06-21 09:40:00-04:00,37.040000915527344,37.040000915527344,37.040000915527344,37.040000915527344,1780,0.0,0.0
2024-06-21 09:55:00-04:00,37.185001373291016,37.290000915527344,37.185001373291016,37.290000915527344,456,0.0,0.0
2024-06-21 10:00:00-04:00,37.279998779296875,37.540000915527344,37.22999954223633,37.22999954223633,2742,0.0,0.0
2024-06-21 10:05:00-04:00,37.2599983215332,37.349998474121094,37.2599983215332,37.349998474121094,613,0.0,0.0
2024-06-21 10:10:00-04:00,37.220001220703125,37.34000015258789,37.220001220703125,37.279998779296875,1100,0.0,0.0
2024-06-21 10:15:00-04:00,37.290000915527344,37.599998474121094,37.290000915527344,37.56999969482422,2445,0.0,0.0
2024-06-21 10:20:00-04:00,37.40999984741211,37.47999954223633,37.310001373291016,37.470001220703125,2815,0.0,0.0
2024-06-21 10:25:00-04:00,37.459999084472656,37.599998474121094,37.45500183105469,37.45500183105469,1634,0.0,0.0
2024-06-21 10:30:00-04:00,37.439998626708984,37.439998626708984,37.439998626708984,37.439998626708984,306,0.0,0.0
2024-06-21 10:35:00-04:00,37.529998779296875,37.529998779296875,37.529998779296875,37.529998779296875,1180,0.0,0.0
2024-06-21 10:40:00-04:00,37.29499816894531,37.29499816894531,37.29499816894531,37.29499816894531,697,0.0,0.0
2024-06-21 10:45:00-04:00,37.4099006652832,37.4099006652832,37.2400016784668,37.282501220703125,1936,0.0,0.0
2024-06-21 10:50:00-04:00,37.400001525878906,37.400001525878906,37.400001525878906,37.400001525878906,274,0.0,0.0
2024-06-21 11:00:00-04:00,37.31999969482422,37.349998474121094,37.31999969482422,37.349998474121094,719,0.0,0.0
2024-06-21 11:05:00-04:00,37.31999969482422,37.31999969482422,37.31999969482422,37.31999969482422,221,0.0,0.0
2024-06-21 11:10:00-04:00,37.310001373291016,37.38999938964844,37.310001373291016,37.310001373291016,882,0.0,0.0
2024-06-21 11:15:00-04:00,37.380001068115234,37.380001068115234,37.279998779296875,37.3025016784668,1560,0.0,0.0
2024-06-21 11:20:00-04:00,37.34000015258789,37.34000015258789,37.26499938964844,37.34000015258789,645,0.0,0.0
2024-06-21 11:30:00-04:00,37.22999954223633,37.34000015258789,37.22999954223633,37.27000045776367,1500,0.0,0.0
2024-06-21 11:35:00-04:00,37.34000015258789,37.34000015258789,37.34000015258789,37.34000015258789,351,0.0,0.0
2024-06-21 11:40:00-04:00,37.33000183105469,37.36000061035156,37.29499816894531,37.36000061035156,2188,0.0,0.0
2024-06-21 11:50:00-04:00,37.349998474121094,37.38999938964844,37.32500076293945,37.38999938964844,899,0.0,0.0
2024-06-21 11:55:00-04:00,37.33000183105469,37.33000183105469,37.33000183105469,37.33000183105469,389,0.0,0.0
2024-06-21 12:00:00-04:00,37.30500030517578,37.31999969482422,37.130001068115234,37.189998626708984,2890,0.0,0.0
2024-06-21 12:20:00-04:00,37.095001220703125,37.095001220703125,37.095001220703125,37.095001220703125,549,0.0,0.0
2024-06-21 12:25:00-04:00,37.125,37.125,37.11000061035156,37.11000061035156,1013,0.0,0.0
2024-06-21 12:35:00-04:00,37.09000015258789,37.130001068115234,37.060001373291016,37.130001068115234,1864,0.0,0.0
2024-06-21 12:40:00-04:00,37.06999969482422,37.09000015258789,37.06999969482422,37.09000015258789,377,0.0,0.0
2024-06-21 12:50:00-04:00,37.10499954223633,37.10499954223633,37.10499954223633,37.10499954223633,437,0.0,0.0
2024-06-21 12:55:00-04:00,37.095001220703125,37.095001220703125,37.092498779296875,37.092498779296875,832,0.0,0.0
2024-06-21 13:00:00-04:00,37.149898529052734,37.149898529052734,37.06999969482422,37.06999969482422,1135,0.0,0.0
2024-06-21 13:05:00-04:00,37.13999938964844,37.13999938964844,37.04999923706055,37.04999923706055,451,0.0,0.0
2024-06-21 13:10:00-04:00,37.04999923706055,37.04999923706055,37.04999923706055,37.04999923706055,309,0.0,0.0
2024-06-21 13:15:00-04:00,37.119998931884766,37.119998931884766,37.04999923706055,37.04999923706055,1211,0.0,0.0
2024-06-21 13:20:00-04:00,36.97999954223633,36.97999954223633,36.900001525878906,36.900001525878906,1353,0.0,0.0
2024-06-21 13:25:00-04:00,36.869998931884766,36.869998931884766,36.86000061035156,36.86000061035156,510,0.0,0.0
2024-06-21 13:30:00-04:00,36.83000183105469,36.84000015258789,36.83000183105469,36.84000015258789,632,0.0,0.0
2024-06-21 13:35:00-04:00,36.810001373291016,36.810001373291016,36.79999923706055,36.79999923706055,857,0.0,0.0
2024-06-21 13:40:00-04:00,36.869998931884766,37.0099983215332,36.869998931884766,37.0099983215332,1164,0.0,0.0
2024-06-21 13:45:00-04:00,36.97999954223633,36.97999954223633,36.97999954223633,36.97999954223633,213,0.0,0.0
2024-06-21 13:50:00-04:00,37.02000045776367,37.02000045776367,37.02000045776367,37.02000045776367,324,0.0,0.0
2024-06-21 13:55:00-04:00,37.01499938964844,37.01499938964844,37.01499938964844,37.01499938964844,636,0.0,0.0
2024-06-21 14:00:00-04:00,36.900001525878906,36.900001525878906,36.900001525878906,36.900001525878906,298,0.0,0.0
2024-06-21 14:05:00-04:00,36.81999969482422,36.81999969482422,36.81999969482422,36.81999969482422,639,0.0,0.0
2024-06-21 14:15:00-04:00,36.91999816894531,37.029998779296875,36.91999816894531,37.029998779296875,904,0.0,0.0
2024-06-21 14:20:00-04:00,37.04999923706055,37.130001068115234,37.04999923706055,37.04999923706055,1600,0.0,0.0
2024-06-21 14:30:00-04:00,37.02000045776367,37.02000045776367,37.02000045776367,37.02000045776367,421,0.0,0.0
2024-06-21 14:40:00-04:00,37.04999923706055,37.04999923706055,36.869998931884766,36.880001068115234,1622,0.0,0.0
2024-06-21 14:50:00-04:00,36.90999984741211,36.90999984741211,36.869998931884766,36.869998931884766,944,0.0,0.0
2024-06-21 14:55:00-04:00,36.959999084472656,36.959999084472656,36.93000030517578,36.95000076293945,731,0.0,0.0
2024-06-21 15:00:00-04:00,36.97999954223633,37.0,36.97999954223633,36.97999954223633,645,0.0,0.0
2024-06-21 15:05:00-04:00,37.032501220703125,37.03499984741211,37.032501220703125,37.03499984741211,359,0.0,0.0
2024-06-21 15:10:00-04:00,37.025001525878906,37.025001525878906,36.939998626708984,36.939998626708984,613,0.0,0.0
2024-06-21 15:15:00-04:00,36.95000076293945,36.95000076293945,36.90010070800781,36.90010070800781,1050,0.0,0.0
2024-06-21 15:20:00-04:00,36.9010009765625,36.9010009765625,36.9010009765625,36.9010009765625,643,0.0,0.0
2024-06-21 15:25:00-04:00,36.900001525878906,36.900001525878906,36.83000183105469,36.83000183105469,742,0.0,0.0
2024-06-21 15:30:00-04:00,36.939998626708984,36.939998626708984,36.939998626708984,36.939998626708984,321,0.0,0.0
2024-06-21 15:35:00-04:00,36.88999938964844,36.97999954223633,36.88999938964844,36.97999954223633,1671,0.0,0.0
2024-06-21 15:40:00-04:00,36.97999954223633,36.97999954223633,36.880001068115234,36.880001068115234,2526,0.0,0.0
2024-06-21 15:45:00-04:00,36.810001373291016,36.880001068115234,36.79999923706055,36.81999969482422,2752,0.0,0.0
2024-06-21 15:50:00-04:00,36.810001373291016,36.900001525878906,36.810001373291016,36.900001525878906,2105,0.0,0.0
2024-06-21 15:55:00-04:00,36.810001373291016,36.849998474121094,36.75,36.79999923706055,7688,0.0,0.0
