Datetime,Open,High,Low,Close,Volume,Dividends,Stock Splits
2022-11-09 09:00:00+09:00,5710.0,5720.0,5640.0,5690.0,0,0.0,0.0
2022-11-09 10:00:00+09:00,5690.0,5690.0,5650.0,5660.0,113504,0.0,0.0
2022-11-09 11:00:00+09:00,5660.0,5680.0,5650.0,5660.0,76054,0.0,0.0
2022-11-09 12:00:00+09:00,5660.0,5670.0,5640.0,5650.0,71392,0.0,0.0
2022-11-09 13:00:00+09:00,5650.0,5680.0,5640.0,5670.0,57259,0.0,0.0
2022-11-09 14:00:00+09:00,5680.0,5690.0,5650.0,5670.0,105493,0.0,0.0
2022-11-10 09:00:00+09:00,5640.0,5710.0,5530.0,5650.0,0,0.0,0.0
2022-11-10 10:00:00+09:00,5650.0,5760.0,5630.0,5680.0,334204,0.0,0.0
2022-11-10 11:00:00+09:00,5680.0,5710.0,5640.0,5700.0,120823,0.0,0.0
2022-11-10 12:00:00+09:00,5700.0,5700.0,5670.0,5680.0,67335,0.0,0.0
2022-11-10 13:00:00+09:00,5680.0,5780.0,5670.0,5710.0,393331,0.0,0.0
2022-11-10 14:00:00+09:00,5710.0,5800.0,5700.0,5790.0,459617,0.0,0.0
2022-11-11 09:00:00+09:00,5820.0,5860.0,5550.0,5710.0,0,0.0,0.0
2022-11-11 10:00:00+09:00,5710.0,5750.0,5710.0,5720.0,168272,0.0,0.0
2022-11-11 11:00:00+09:00,5720.0,5730.0,5710.0,5730.0,91893,0.0,0.0
2022-11-11 12:00:00+09:00,5730.0,5730.0,5640.0,5680.0,248375,0.0,0.0
2022-11-11 13:00:00+09:00,5680.0,5720.0,5660.0,5680.0,136565,0.0,0.0
2022-11-11 14:00:00+09:00,5680.0,5710.0,5670.0,5700.0,160664,0.0,0.0
2022-11-14 09:00:00+09:00,5750.0,5750.0,5590.0,5630.0,0,0.0,0.0
2022-11-14 10:00:00+09:00,5630.0,5640.0,5580.0,5620.0,223399,0.0,0.0
2022-11-14 11:00:00+09:00,5610.0,5630.0,5610.0,5630.0,62894,0.0,0.0
2022-11-14 12:00:00+09:00,5630.0,5650.0,5610.0,5640.0,59792,0.0,0.0
2022-11-14 13:00:00+09:00,5640.0,5650.0,5590.0,5590.0,151553,0.0,0.0
2022-11-14 14:00:00+09:00,5590.0,5610.0,5570.0,5570.0,290652,0.0,0.0
2022-11-15 09:00:00+09:00,5570.0,5580.0,5490.0,5580.0,0,0.0,0.0
2022-11-15 10:00:00+09:00,5570.0,5590.0,5530.0,5550.0,99972,0.0,0.0
2022-11-15 11:00:00+09:00,5550.0,5600.0,5530.0,5590.0,72716,0.0,0.0
2022-11-15 12:00:00+09:00,5590.0,5600.0,5580.0,5600.0,59849,0.0,0.0
2022-11-15 13:00:00+09:00,5590.0,5640.0,5580.0,5620.0,104109,0.0,0.0
2022-11-15 14:00:00+09:00,5620.0,5720.0,5620.0,5720.0,350823,0.0,0.0
2022-11-16 09:00:00+09:00,5820.0,6450.0,5790.0,6380.0,8142428,0.0,0.0
2022-11-16 10:00:00+09:00,6380.0,6400.0,6020.0,6030.0,3471718,0.0,0.0
2022-11-16 11:00:00+09:00,6030.0,6040.0,5940.0,6030.0,1153062,0.0,0.0
2022-11-16 12:00:00+09:00,6030.0,6060.0,5960.0,5960.0,366634,0.0,0.0
2022-11-16 13:00:00+09:00,5970.0,6000.0,5910.0,5950.0,510241,0.0,0.0
2022-11-16 14:00:00+09:00,5940.0,6000.0,5850.0,5900.0,516300,0.0,0.0
2022-11-17 10:00:00+09:00,5890.0,5890.0,5650.0,5690.0,777493,0.0,0.0
2022-11-17 11:00:00+09:00,5680.0,5710.0,5660.0,5690.0,192020,0.0,0.0
2022-11-17 12:00:00+09:00,5690.0,5700.0,5670.0,5670.0,141905,0.0,0.0
2022-11-17 13:00:00+09:00,5680.0,5700.0,5670.0,5670.0,70525,0.0,0.0
2022-11-17 14:00:00+09:00,5670.0,5710.0,5660.0,5710.0,99647,0.0,0.0
2022-11-18 09:00:00+09:00,5610.0,5720.0,5580.0,5710.0,0,0.0,0.0
2022-11-18 10:00:00+09:00,5720.0,5720.0,5630.0,5650.0,210996,0.0,0.0
2022-11-18 11:00:00+09:00,5650.0,5710.0,5620.0,5690.0,162130,0.0,0.0
2022-11-18 12:00:00+09:00,5690.0,5690.0,5640.0,5650.0,74194,0.0,0.0
2022-11-18 13:00:00+09:00,5660.0,5670.0,5640.0,5640.0,48524,0.0,0.0
2022-11-18 14:00:00+09:00,5640.0,5650.0,5600.0,5610.0,116587,0.0,0.0
2022-11-21 09:00:00+09:00,5550.0,5610.0,5530.0,5560.0,0,0.0,0.0
2022-11-21 10:00:00+09:00,5570.0,5610.0,5540.0,5590.0,77622,0.0,0.0
2022-11-21 11:00:00+09:00,5580.0,5580.0,5530.0,5550.0,78512,0.0,0.0
2022-11-21 12:00:00+09:00,5550.0,5590.0,5540.0,5580.0,46121,0.0,0.0
2022-11-21 13:00:00+09:00,5580.0,5600.0,5560.0,5580.0,49000,0.0,0.0
2022-11-21 14:00:00+09:00,5580.0,5600.0,5550.0,5580.0,76345,0.0,0.0
2022-11-22 09:00:00+09:00,5480.0,5590.0,5480.0,5540.0,0,0.0,0.0
2022-11-22 10:00:00+09:00,5530.0,5580.0,5520.0,5540.0,44196,0.0,0.0
2022-11-22 11:00:00+09:00,5540.0,5560.0,5510.0,5530.0,46832,0.0,0.0
2022-11-22 12:00:00+09:00,5530.0,5550.0,5510.0,5520.0,68054,0.0,0.0
2022-11-22 13:00:00+09:00,5520.0,5530.0,5500.0,5520.0,60218,0.0,0.0
2022-11-22 14:00:00+09:00,5520.0,5530.0,5490.0,5500.0,59164,0.0,0.0
2022-11-23 09:00:00+09:00,5510.0,5550.0,5510.0,5540.0,0,0.0,0.0
2022-11-23 10:00:00+09:00,5540.0,5540.0,5500.0,5530.0,50103,0.0,0.0
2022-11-23 11:00:00+09:00,5530.0,5540.0,5510.0,5520.0,67943,0.0,0.0
2022-11-23 12:00:00+09:00,5520.0,5530.0,5510.0,5520.0,42071,0.0,0.0
2022-11-23 13:00:00+09:00,5530.0,5610.0,5520.0,5580.0,113674,0.0,0.0
2022-11-23 14:00:00+09:00,5570.0,5580.0,5540.0,5550.0,85156,0.0,0.0
2022-11-24 09:00:00+09:00,5570.0,5600.0,5550.0,5580.0,0,0.0,0.0
2022-11-24 10:00:00+09:00,5580.0,5600.0,5570.0,5580.0,44002,0.0,0.0
2022-11-24 11:00:00+09:00,5580.0,5590.0,5560.0,5580.0,52637,0.0,0.0
2022-11-24 12:00:00+09:00,5580.0,5590.0,5570.0,5590.0,23237,0.0,0.0
2022-11-24 13:00:00+09:00,5590.0,5590.0,5550.0,5560.0,119112,0.0,0.0
2022-11-24 14:00:00+09:00,5560.0,5570.0,5550.0,5570.0,34364,0.0,0.0
2022-11-25 09:00:00+09:00,5560.0,5570.0,5490.0,5520.0,0,0.0,0.0
2022-11-25 10:00:00+09:00,5520.0,5530.0,5500.0,5520.0,58893,0.0,0.0
2022-11-25 11:00:00+09:00,5520.0,5530.0,5490.0,5530.0,57076,0.0,0.0
2022-11-25 12:00:00+09:00,5510.0,5540.0,5510.0,5520.0,21537,0.0,0.0
2022-11-25 13:00:00+09:00,5520.0,5520.0,5500.0,5520.0,22471,0.0,0.0
2022-11-25 14:00:00+09:00,5520.0,5530.0,5500.0,5520.0,21934,0.0,0.0
2022-11-28 09:00:00+09:00,5600.0,5610.0,5500.0,5530.0,0,0.0,0.0
2022-11-28 10:00:00+09:00,5530.0,5580.0,5500.0,5540.0,89116,0.0,0.0
2022-11-28 11:00:00+09:00,5550.0,5550.0,5510.0,5510.0,26888,0.0,0.0
2022-11-28 12:00:00+09:00,5510.0,5550.0,5510.0,5530.0,19278,0.0,0.0
2022-11-28 13:00:00+09:00,5530.0,5540.0,5510.0,5520.0,18105,0.0,0.0
2022-11-28 14:00:00+09:00,5520.0,5530.0,5480.0,5480.0,89468,0.0,0.0
2022-11-29 09:00:00+09:00,5430.0,5500.0,5420.0,5460.0,0,0.0,0.0
2022-11-29 10:00:00+09:00,5460.0,5490.0,5450.0,5470.0,33851,0.0,0.0
2022-11-29 11:00:00+09:00,5470.0,5490.0,5460.0,5460.0,28560,0.0,0.0
2022-11-29 12:00:00+09:00,5460.0,5480.0,5450.0,5470.0,19012,0.0,0.0
2022-11-29 13:00:00+09:00,5480.0,5480.0,5450.0,5470.0,54403,0.0,0.0
2022-11-29 14:00:00+09:00,5470.0,5500.0,5460.0,5480.0,71129,0.0,0.0
2022-11-30 09:00:00+09:00,5480.0,5530.0,5460.0,5490.0,0,0.0,0.0
2022-11-30 10:00:00+09:00,5490.0,5510.0,5480.0,5500.0,54631,0.0,0.0
2022-11-30 11:00:00+09:00,5500.0,5510.0,5490.0,5510.0,31835,0.0,0.0
2022-11-30 12:00:00+09:00,5510.0,5520.0,5480.0,5490.0,48126,0.0,0.0
2022-11-30 13:00:00+09:00,5500.0,5510.0,5480.0,5490.0,57041,0.0,0.0
2022-11-30 14:00:00+09:00,5490.0,5510.0,5490.0,5490.0,68060,0.0,0.0
2022-12-01 09:00:00+09:00,5550.0,5570.0,5490.0,5500.0,0,0.0,0.0
2022-12-01 10:00:00+09:00,5510.0,5570.0,5500.0,5550.0,145860,0.0,0.0
2022-12-01 11:00:00+09:00,5540.0,5560.0,5540.0,5540.0,33174,0.0,0.0
2022-12-01 12:00:00+09:00,5550.0,5560.0,5540.0,5550.0,18568,0.0,0.0
2022-12-01 13:00:00+09:00,5550.0,5550.0,5520.0,5530.0,32363,0.0,0.0
2022-12-01 14:00:00+09:00,5530.0,5550.0,5510.0,5530.0,42898,0.0,0.0
2022-12-02 09:00:00+09:00,5520.0,5550.0,5450.0,5480.0,0,0.0,0.0
2022-12-02 10:00:00+09:00,5480.0,5500.0,5470.0,5500.0,25811,0.0,0.0
2022-12-02 11:00:00+09:00,5500.0,5510.0,5470.0,5470.0,33089,0.0,0.0
2022-12-02 12:00:00+09:00,5480.0,5490.0,5460.0,5490.0,37232,0.0,0.0
2022-12-02 13:00:00+09:00,5490.0,5490.0,5460.0,5480.0,32286,0.0,0.0
2022-12-02 14:00:00+09:00,5470.0,5480.0,5450.0,5460.0,51549,0.0,0.0
2022-12-05 09:00:00+09:00,5440.0,5520.0,5420.0,5440.0,0,0.0,0.0
2022-12-05 10:00:00+09:00,5440.0,5450.0,5420.0,5430.0,57832,0.0,0.0
2022-12-05 11:00:00+09:00,5430.0,5440.0,5420.0,5420.0,39987,0.0,0.0
2022-12-05 12:00:00+09:00,5430.0,5440.0,5420.0,5430.0,30485,0.0,0.0
2022-12-05 13:00:00+09:00,5430.0,5440.0,5400.0,5410.0,71073,0.0,0.0
2022-12-05 14:00:00+09:00,5410.0,5410.0,5370.0,5390.0,64781,0.0,0.0
2022-12-06 09:00:00+09:00,5330.0,5360.0,5160.0,5170.0,0,0.0,0.0
2022-12-06 10:00:00+09:00,5180.0,5210.0,5160.0,5180.0,70601,0.0,0.0
2022-12-06 11:00:00+09:00,5180.0,5200.0,5160.0,5190.0,59508,0.0,0.0
2022-12-06 12:00:00+09:00,5170.0,5190.0,5160.0,5160.0,40286,0.0,0.0
2022-12-06 13:00:00+09:00,5160.0,5180.0,5160.0,5180.0,61240,0.0,0.0
2022-12-06 14:00:00+09:00,5180.0,5180.0,5150.0,5160.0,81666,0.0,0.0
2022-12-07 09:00:00+09:00,5270.0,5640.0,5270.0,5450.0,2674695,0.0,0.0
2022-12-07 10:00:00+09:00,5440.0,5460.0,5300.0,5330.0,427537,0.0,0.0
2022-12-07 11:00:00+09:00,5330.0,5360.0,5320.0,5320.0,109400,0.0,0.0
2022-12-07 12:00:00+09:00,5330.0,5330.0,5300.0,5320.0,62729,0.0,0.0
2022-12-07 13:00:00+09:00,5310.0,5340.0,5300.0,5310.0,73004,0.0,0.0
2022-12-07 14:00:00+09:00,5310.0,5330.0,5260.0,5290.0,141478,0.0,0.0
2022-12-08 09:00:00+09:00,5400.0,5550.0,5350.0,5390.0,0,0.0,0.0
2022-12-08 10:00:00+09:00,5400.0,5410.0,5280.0,5360.0,214576,0.0,0.0
2022-12-08 11:00:00+09:00,5360.0,5370.0,5320.0,5360.0,56520,0.0,0.0
2022-12-08 12:00:00+09:00,5360.0,5360.0,5290.0,5300.0,98426,0.0,0.0
2022-12-08 13:00:00+09:00,5310.0,5330.0,5290.0,5310.0,44571,0.0,0.0
2022-12-08 14:00:00+09:00,5310.0,5320.0,5290.0,5310.0,49826,0.0,0.0
2022-12-09 09:00:00+09:00,5300.0,5300.0,5120.0,5140.0,0,0.0,0.0
2022-12-09 10:00:00+09:00,5140.0,5180.0,5120.0,5180.0,88512,0.0,0.0
2022-12-09 11:00:00+09:00,5180.0,5200.0,5160.0,5180.0,40310,0.0,0.0
2022-12-09 12:00:00+09:00,5180.0,5200.0,5160.0,5180.0,27892,0.0,0.0
2022-12-09 13:00:00+09:00,5180.0,5210.0,5180.0,5190.0,41826,0.0,0.0
2022-12-09 14:00:00+09:00,5190.0,5200.0,5140.0,5160.0,156270,0.0,0.0
2022-12-12 09:00:00+09:00,5180.0,5220.0,5160.0,5190.0,0,0.0,0.0
2022-12-12 10:00:00+09:00,5180.0,5230.0,5170.0,5230.0,67647,0.0,0.0
2022-12-12 11:00:00+09:00,5230.0,5230.0,5180.0,5180.0,30928,0.0,0.0
2022-12-12 12:00:00+09:00,5190.0,5220.0,5190.0,5210.0,35769,0.0,0.0
2022-12-12 13:00:00+09:00,5210.0,5220.0,5180.0,5210.0,31517,0.0,0.0
2022-12-12 14:00:00+09:00,5200.0,5210.0,5180.0,5180.0,34756,0.0,0.0
2022-12-13 09:00:00+09:00,5160.0,5210.0,5160.0,5190.0,0,0.0,0.0
2022-12-13 10:00:00+09:00,5190.0,5200.0,5170.0,5180.0,61535,0.0,0.0
2022-12-13 11:00:00+09:00,5180.0,5200.0,5170.0,5180.0,20128,0.0,0.0
2022-12-13 12:00:00+09:00,5180.0,5180.0,5160.0,5170.0,39631,0.0,0.0
2022-12-13 13:00:00+09:00,5170.0,5170.0,5150.0,5170.0,32812,0.0,0.0
2022-12-13 14:00:00+09:00,5170.0,5170.0,5140.0,5150.0,69225,0.0,0.0
2022-12-14 09:00:00+09:00,5180.0,5190.0,5140.0,5170.0,0,0.0,0.0
2022-12-14 10:00:00+09:00,5170.0,5200.0,5150.0,5190.0,73879,0.0,0.0
2022-12-14 11:00:00+09:00,5190.0,5200.0,5160.0,5170.0,47349,0.0,0.0
2022-12-14 12:00:00+09:00,5170.0,5190.0,5160.0,5180.0,26581,0.0,0.0
2022-12-14 13:00:00+09:00,5180.0,5190.0,5160.0,5180.0,43445,0.0,0.0
2022-12-14 14:00:00+09:00,5180.0,5180.0,5160.0,5170.0,51886,0.0,0.0
2022-12-15 09:00:00+09:00,5150.0,5180.0,5130.0,5170.0,0,0.0,0.0
2022-12-15 10:00:00+09:00,5170.0,5180.0,5150.0,5160.0,36086,0.0,0.0
2022-12-15 11:00:00+09:00,5160.0,5170.0,5150.0,5160.0,38203,0.0,0.0
2022-12-15 12:00:00+09:00,5160.0,5160.0,5140.0,5150.0,31074,0.0,0.0
2022-12-15 13:00:00+09:00,5160.0,5160.0,5130.0,5140.0,62243,0.0,0.0
2022-12-15 14:00:00+09:00,5140.0,5150.0,5130.0,5140.0,25125,0.0,0.0
2022-12-16 09:00:00+09:00,5090.0,5130.0,5060.0,5090.0,0,0.0,0.0
2022-12-16 10:00:00+09:00,5090.0,5090.0,5070.0,5080.0,50657,0.0,0.0
2022-12-16 11:00:00+09:00,5080.0,5090.0,5070.0,5090.0,27226,0.0,0.0
2022-12-16 12:00:00+09:00,5090.0,5090.0,5070.0,5080.0,37576,0.0,0.0
2022-12-16 13:00:00+09:00,5080.0,5080.0,5060.0,5080.0,37418,0.0,0.0
2022-12-16 14:00:00+09:00,5080.0,5080.0,5030.0,5050.0,95223,0.0,0.0
2022-12-19 09:00:00+09:00,4985.0,5030.0,4715.0,4855.0,301134,0.0,0.0
2022-12-19 10:00:00+09:00,4855.0,4945.0,4855.0,4940.0,119345,0.0,0.0
2022-12-19 11:00:00+09:00,4945.0,4960.0,4900.0,4905.0,54401,0.0,0.0
2022-12-19 12:00:00+09:00,4905.0,4930.0,4895.0,4900.0,39234,0.0,0.0
2022-12-19 13:00:00+09:00,4900.0,4900.0,4850.0,4870.0,82117,0.0,0.0
2022-12-19 14:00:00+09:00,4870.0,4885.0,4850.0,4860.0,41511,0.0,0.0
2022-12-20 09:00:00+09:00,4920.0,5410.0,4920.0,5140.0,3560989,0.0,0.0
2022-12-20 10:00:00+09:00,5140.0,5160.0,5040.0,5050.0,649674,0.0,0.0
2022-12-20 11:00:00+09:00,5050.0,5070.0,4995.0,5030.0,219993,0.0,0.0
2022-12-20 12:00:00+09:00,5030.0,5040.0,5000.0,5040.0,104102,0.0,0.0
2022-12-20 13:00:00+09:00,5040.0,5040.0,4995.0,5040.0,103800,0.0,0.0
2022-12-20 14:00:00+09:00,5040.0,5050.0,4995.0,5030.0,125299,0.0,0.0
2022-12-21 09:00:00+09:00,5040.0,5060.0,4965.0,5050.0,0,0.0,0.0
2022-12-21 10:00:00+09:00,5050.0,5050.0,4990.0,5010.0,116245,0.0,0.0
2022-12-21 11:00:00+09:00,5010.0,5020.0,4995.0,5020.0,44387,0.0,0.0
2022-12-21 12:00:00+09:00,5010.0,5030.0,4990.0,5020.0,55381,0.0,0.0
2022-12-21 13:00:00+09:00,5020.0,5030.0,4995.0,4995.0,63409,0.0,0.0
2022-12-21 14:00:00+09:00,4995.0,5000.0,4980.0,4985.0,77974,0.0,0.0
2022-12-22 09:00:00+09:00,5040.0,5070.0,4965.0,5010.0,0,0.0,0.0
2022-12-22 10:00:00+09:00,5010.0,5010.0,4970.0,4970.0,87282,0.0,0.0
2022-12-22 11:00:00+09:00,4970.0,4980.0,4955.0,4970.0,72566,0.0,0.0
2022-12-22 12:00:00+09:00,4970.0,4970.0,4955.0,4965.0,46366,0.0,0.0
2022-12-22 13:00:00+09:00,4960.0,4970.0,4955.0,4960.0,38213,0.0,0.0
2022-12-22 14:00:00+09:00,4960.0,4960.0,4930.0,4935.0,99980,0.0,0.0
2022-12-23 09:00:00+09:00,4810.0,4860.0,4755.0,4775.0,0,0.0,0.0
2022-12-23 10:00:00+09:00,4780.0,4780.0,4735.0,4775.0,127646,0.0,0.0
2022-12-23 11:00:00+09:00,4775.0,4780.0,4740.0,4745.0,62345,0.0,0.0
2022-12-23 12:00:00+09:00,4740.0,4740.0,4710.0,4730.0,71271,0.0,0.0
2022-12-23 13:00:00+09:00,4730.0,4730.0,4715.0,4720.0,27592,0.0,0.0
2022-12-23 14:00:00+09:00,4720.0,4720.0,4680.0,4685.0,102071,0.0,0.0
2022-12-26 09:00:00+09:00,4700.0,4700.0,4480.0,4505.0,0,0.0,0.0
2022-12-26 10:00:00+09:00,4505.0,4525.0,4475.0,4520.0,179268,0.0,0.0
2022-12-26 11:00:00+09:00,4525.0,4530.0,4495.0,4500.0,61831,0.0,0.0
2022-12-26 12:00:00+09:00,4500.0,4525.0,4500.0,4515.0,24601,0.0,0.0
2022-12-26 13:00:00+09:00,4520.0,4520.0,4485.0,4490.0,72316,0.0,0.0
2022-12-26 14:00:00+09:00,4495.0,4500.0,4485.0,4485.0,70865,0.0,0.0
2022-12-27 09:00:00+09:00,4415.0,4520.0,4415.0,4490.0,0,0.0,0.0
2022-12-27 10:00:00+09:00,4490.0,4500.0,4475.0,4495.0,44378,0.0,0.0
2022-12-27 11:00:00+09:00,4495.0,4500.0,4470.0,4480.0,36178,0.0,0.0
2022-12-27 12:00:00+09:00,4480.0,4495.0,4470.0,4485.0,50124,0.0,0.0
2022-12-27 13:00:00+09:00,4480.0,4490.0,4450.0,4450.0,60457,0.0,0.0
2022-12-27 14:00:00+09:00,4450.0,4480.0,4440.0,4465.0,43331,0.0,0.0
2022-12-28 09:00:00+09:00,4450.0,4530.0,4445.0,4485.0,0,25.0,0.0
2022-12-28 10:00:00+09:00,4485.0,4540.0,4470.0,4515.0,104529,0.0,0.0
2022-12-28 11:00:00+09:00,4520.0,4525.0,4480.0,4495.0,56965,0.0,0.0
2022-12-28 12:00:00+09:00,4495.0,4505.0,4460.0,4460.0,45389,0.0,0.0
2022-12-28 13:00:00+09:00,4460.0,4465.0,4445.0,4460.0,41330,0.0,0.0
2022-12-28 14:00:00+09:00,4460.0,4470.0,4440.0,4445.0,43632,0.0,0.0
2022-12-29 09:00:00+09:00,4480.0,4480.0,4275.0,4315.0,0,0.0,0.0
2022-12-29 10:00:00+09:00,4320.0,4335.0,4215.0,4240.0,115888,0.0,0.0
2022-12-29 11:00:00+09:00,4240.0,4250.0,4200.0,4220.0,105924,0.0,0.0
2022-12-29 12:00:00+09:00,4220.0,4225.0,4170.0,4200.0,95233,0.0,0.0
2022-12-29 13:00:00+09:00,4195.0,4255.0,4185.0,4255.0,45186,0.0,0.0
2022-12-29 14:00:00+09:00,4260.0,4280.0,4200.0,4210.0,51067,0.0,0.0
2023-01-02 10:00:00+09:00,4190.0,4290.0,4190.0,4265.0,106094,0.0,0.0
2023-01-02 11:00:00+09:00,4265.0,4300.0,4225.0,4240.0,50352,0.0,0.0
2023-01-02 12:00:00+09:00,4240.0,4245.0,4130.0,4155.0,64651,0.0,0.0
2023-01-02 13:00:00+09:00,4155.0,4200.0,4145.0,4180.0,28740,0.0,0.0
2023-01-02 14:00:00+09:00,4175.0,4180.0,4100.0,4140.0,66506,0.0,0.0
2023-01-03 09:00:00+09:00,4100.0,4150.0,4020.0,4105.0,0,0.0,0.0
2023-01-03 10:00:00+09:00,4100.0,4130.0,4030.0,4080.0,97473,0.0,0.0
2023-01-03 11:00:00+09:00,4080.0,4170.0,4080.0,4170.0,59718,0.0,0.0
2023-01-03 12:00:00+09:00,4165.0,4915.0,4150.0,4570.0,4718343,0.0,0.0
2023-01-03 13:00:00+09:00,4575.0,4645.0,4290.0,4350.0,1902900,0.0,0.0
2023-01-03 14:00:00+09:00,4350.0,4600.0,4340.0,4430.0,2105962,0.0,0.0
2023-01-04 09:00:00+09:00,4350.0,4415.0,4290.0,4320.0,0,0.0,0.0
2023-01-04 10:00:00+09:00,4320.0,4370.0,4300.0,4365.0,0,0.0,0.0
2023-01-04 11:00:00+09:00,4365.0,4395.0,4350.0,4375.0,933087,0.0,0.0
2023-01-04 12:00:00+09:00,4375.0,4425.0,4360.0,4415.0,98064,0.0,0.0
2023-01-04 13:00:00+09:00,4415.0,4415.0,4360.0,4380.0,94822,0.0,0.0
2023-01-04 14:00:00+09:00,4380.0,4420.0,4360.0,4400.0,116522,0.0,0.0
2023-01-05 09:00:00+09:00,4360.0,4440.0,4345.0,4390.0,0,0.0,0.0
2023-01-05 10:00:00+09:00,4390.0,4410.0,4355.0,4410.0,91242,0.0,0.0
2023-01-05 11:00:00+09:00,4410.0,4410.0,4380.0,4400.0,68353,0.0,0.0
2023-01-05 12:00:00+09:00,4400.0,4405.0,4375.0,4385.0,52005,0.0,0.0
2023-01-05 13:00:00+09:00,4385.0,4390.0,4310.0,4335.0,163358,0.0,0.0
2023-01-05 14:00:00+09:00,4335.0,4355.0,4315.0,4325.0,141780,0.0,0.0
2023-01-06 09:00:00+09:00,4260.0,4330.0,4220.0,4310.0,0,0.0,0.0
2023-01-06 10:00:00+09:00,4310.0,4340.0,4305.0,4325.0,68157,0.0,0.0
2023-01-06 11:00:00+09:00,4325.0,4350.0,4320.0,4340.0,46954,0.0,0.0
2023-01-06 12:00:00+09:00,4340.0,4370.0,4315.0,4365.0,73336,0.0,0.0
2023-01-06 13:00:00+09:00,4365.0,4425.0,4350.0,4375.0,177482,0.0,0.0
2023-01-06 14:00:00+09:00,4380.0,4380.0,4335.0,4350.0,112695,0.0,0.0
2023-01-09 09:00:00+09:00,4350.0,4415.0,4330.0,4395.0,0,0.0,0.0
2023-01-09 10:00:00+09:00,4395.0,4415.0,4390.0,4405.0,58348,0.0,0.0
2023-01-09 11:00:00+09:00,4405.0,4410.0,4385.0,4395.0,66185,0.0,0.0
2023-01-09 12:00:00+09:00,4400.0,4415.0,4390.0,4410.0,67775,0.0,0.0
2023-01-09 13:00:00+09:00,4410.0,4415.0,4400.0,4400.0,40107,0.0,0.0
2023-01-09 14:00:00+09:00,4400.0,4410.0,4395.0,4395.0,35538,0.0,0.0
2023-01-10 09:00:00+09:00,4475.0,4475.0,4380.0,4430.0,0,0.0,0.0
2023-01-10 10:00:00+09:00,4435.0,4455.0,4410.0,4430.0,76177,0.0,0.0
2023-01-10 11:00:00+09:00,4430.0,4435.0,4410.0,4420.0,39880,0.0,0.0
2023-01-10 12:00:00+09:00,4420.0,4455.0,4405.0,4450.0,60946,0.0,0.0
2023-01-10 13:00:00+09:00,4450.0,4455.0,4410.0,4410.0,51983,0.0,0.0
2023-01-10 14:00:00+09:00,4410.0,4440.0,4410.0,4435.0,40475,0.0,0.0
2023-01-11 09:00:00+09:00,4475.0,4530.0,4415.0,4515.0,0,0.0,0.0
2023-01-11 10:00:00+09:00,4510.0,4515.0,4470.0,4505.0,95208,0.0,0.0
2023-01-11 11:00:00+09:00,4505.0,4510.0,4485.0,4495.0,32515,0.0,0.0
2023-01-11 12:00:00+09:00,4495.0,4515.0,4490.0,4500.0,43043,0.0,0.0
2023-01-11 13:00:00+09:00,4500.0,4525.0,4495.0,4520.0,52426,0.0,0.0
2023-01-11 14:00:00+09:00,4520.0,4535.0,4495.0,4515.0,145616,0.0,0.0
2023-01-12 09:00:00+09:00,4545.0,4565.0,4500.0,4530.0,0,0.0,0.0
2023-01-12 10:00:00+09:00,4525.0,4560.0,4510.0,4550.0,90387,0.0,0.0
2023-01-12 11:00:00+09:00,4560.0,4870.0,4540.0,4730.0,899447,0.0,0.0
2023-01-12 12:00:00+09:00,4730.0,4795.0,4580.0,4600.0,643476,0.0,0.0
2023-01-12 13:00:00+09:00,4600.0,4610.0,4580.0,4590.0,73273,0.0,0.0
2023-01-12 14:00:00+09:00,4590.0,4620.0,4580.0,4580.0,93109,0.0,0.0
2023-01-13 09:00:00+09:00,4590.0,4590.0,4525.0,4555.0,0,0.0,0.0
2023-01-13 10:00:00+09:00,4555.0,4580.0,4550.0,4570.0,61766,0.0,0.0
2023-01-13 11:00:00+09:00,4565.0,4600.0,4555.0,4585.0,77992,0.0,0.0
2023-01-13 12:00:00+09:00,4585.0,4595.0,4560.0,4565.0,47490,0.0,0.0
2023-01-13 13:00:00+09:00,4565.0,4590.0,4560.0,4590.0,31777,0.0,0.0
2023-01-13 14:00:00+09:00,4585.0,4590.0,4565.0,4575.0,86213,0.0,0.0
2023-01-16 09:00:00+09:00,4590.0,4610.0,4560.0,4565.0,0,0.0,0.0
2023-01-16 10:00:00+09:00,4565.0,4565.0,4530.0,4545.0,122746,0.0,0.0
2023-01-16 11:00:00+09:00,4540.0,4550.0,4510.0,4510.0,134275,0.0,0.0
2023-01-16 12:00:00+09:00,4515.0,4525.0,4490.0,4500.0,178434,0.0,0.0
2023-01-16 13:00:00+09:00,4495.0,4500.0,4460.0,4465.0,138380,0.0,0.0
2023-01-16 14:00:00+09:00,4470.0,4485.0,4430.0,4455.0,147073,0.0,0.0
2023-01-17 09:00:00+09:00,4455.0,4595.0,4440.0,4485.0,0,0.0,0.0
2023-01-17 10:00:00+09:00,4485.0,4495.0,4465.0,4480.0,78887,0.0,0.0
2023-01-17 11:00:00+09:00,4480.0,4485.0,4430.0,4435.0,98889,0.0,0.0
2023-01-17 12:00:00+09:00,4435.0,4445.0,4425.0,4430.0,33520,0.0,0.0
2023-01-17 13:00:00+09:00,4430.0,4435.0,4415.0,4415.0,53527,0.0,0.0
2023-01-17 14:00:00+09:00,4420.0,4420.0,4390.0,4405.0,85775,0.0,0.0
2023-01-18 09:00:00+09:00,4445.0,4515.0,4385.0,4410.0,0,0.0,0.0
2023-01-18 10:00:00+09:00,4410.0,4445.0,4395.0,4395.0,70354,0.0,0.0
2023-01-18 11:00:00+09:00,4395.0,4405.0,4385.0,4395.0,40629,0.0,0.0
2023-01-18 12:00:00+09:00,4395.0,4410.0,4385.0,4390.0,30047,0.0,0.0
2023-01-18 13:00:00+09:00,4390.0,4395.0,4370.0,4375.0,54323,0.0,0.0
2023-01-18 14:00:00+09:00,4375.0,4385.0,4360.0,4365.0,59447,0.0,0.0
2023-01-19 09:00:00+09:00,4330.0,4380.0,4300.0,4325.0,0,0.0,0.0
2023-01-19 10:00:00+09:00,4330.0,4400.0,4325.0,4345.0,49721,0.0,0.0
2023-01-19 11:00:00+09:00,4345.0,4355.0,4325.0,4350.0,23271,0.0,0.0
2023-01-19 12:00:00+09:00,4350.0,4350.0,4325.0,4350.0,38205,0.0,0.0
2023-01-19 13:00:00+09:00,4345.0,4350.0,4330.0,4335.0,17554,0.0,0.0
2023-01-19 14:00:00+09:00,4335.0,4350.0,4305.0,4315.0,61387,0.0,0.0
2023-01-20 09:00:00+09:00,4320.0,4345.0,4305.0,4320.0,0,0.0,0.0
2023-01-20 10:00:00+09:00,4315.0,4360.0,4310.0,4355.0,65096,0.0,0.0
2023-01-20 11:00:00+09:00,4340.0,4345.0,4320.0,4325.0,13551,0.0,0.0
2023-01-20 12:00:00+09:00,4325.0,4345.0,4325.0,4340.0,15909,0.0,0.0
2023-01-20 13:00:00+09:00,4340.0,4350.0,4335.0,4340.0,27352,0.0,0.0
2023-01-20 14:00:00+09:00,4340.0,4345.0,4320.0,4325.0,30222,0.0,0.0
2023-01-25 09:00:00+09:00,4340.0,4380.0,4325.0,4360.0,0,0.0,0.0
2023-01-25 10:00:00+09:00,4360.0,4365.0,4335.0,4335.0,41961,0.0,0.0
2023-01-25 11:00:00+09:00,4350.0,4360.0,4335.0,4355.0,18114,0.0,0.0
2023-01-25 12:00:00+09:00,4350.0,4350.0,4335.0,4350.0,47789,0.0,0.0
2023-01-25 13:00:00+09:00,4345.0,4350.0,4335.0,4335.0,28235,0.0,0.0
2023-01-25 14:00:00+09:00,4335.0,4345.0,4330.0,4345.0,47286,0.0,0.0
2023-01-26 09:00:00+09:00,4375.0,4560.0,4365.0,4465.0,728502,0.0,0.0
2023-01-26 10:00:00+09:00,4465.0,4490.0,4455.0,4470.0,74983,0.0,0.0
2023-01-26 11:00:00+09:00,4470.0,4495.0,4465.0,4480.0,60949,0.0,0.0
2023-01-26 12:00:00+09:00,4480.0,4520.0,4480.0,4490.0,107606,0.0,0.0
2023-01-26 13:00:00+09:00,4490.0,4515.0,4480.0,4480.0,72104,0.0,0.0
2023-01-26 14:00:00+09:00,4480.0,4520.0,4465.0,4515.0,148377,0.0,0.0
2023-01-27 09:00:00+09:00,4890.0,5050.0,4695.0,4700.0,3611502,0.0,0.0
2023-01-27 10:00:00+09:00,4695.0,4705.0,4660.0,4685.0,321495,0.0,0.0
2023-01-27 11:00:00+09:00,4680.0,4700.0,4660.0,4680.0,132207,0.0,0.0
2023-01-27 12:00:00+09:00,4680.0,4695.0,4655.0,4665.0,104351,0.0,0.0
2023-01-27 13:00:00+09:00,4665.0,4670.0,4580.0,4600.0,256925,0.0,0.0
2023-01-27 14:00:00+09:00,4595.0,4640.0,4580.0,4600.0,135988,0.0,0.0
2023-01-30 09:00:00+09:00,4615.0,5300.0,4605.0,5090.0,0,0.0,0.0
2023-01-30 10:00:00+09:00,5100.0,5220.0,4935.0,4990.0,2814161,0.0,0.0
2023-01-30 11:00:00+09:00,4990.0,5050.0,4940.0,4950.0,574563,0.0,0.0
2023-01-30 12:00:00+09:00,4945.0,5030.0,4875.0,4925.0,771522,0.0,0.0
2023-01-30 13:00:00+09:00,4915.0,4945.0,4865.0,4900.0,363531,0.0,0.0
2023-01-30 14:00:00+09:00,4900.0,4985.0,4880.0,4945.0,420745,0.0,0.0
2023-01-31 09:00:00+09:00,4930.0,5030.0,4800.0,4850.0,0,0.0,0.0
2023-01-31 10:00:00+09:00,4870.0,4895.0,4835.0,4850.0,204686,0.0,0.0
2023-01-31 11:00:00+09:00,4850.0,4875.0,4840.0,4840.0,157120,0.0,0.0
2023-01-31 12:00:00+09:00,4840.0,4865.0,4830.0,4850.0,135364,0.0,0.0
2023-01-31 13:00:00+09:00,4850.0,4850.0,4815.0,4820.0,118613,0.0,0.0
2023-01-31 14:00:00+09:00,4820.0,4825.0,4795.0,4795.0,219474,0.0,0.0
2023-02-01 09:00:00+09:00,4815.0,4855.0,4760.0,4845.0,310590,0.0,0.0
2023-02-01 10:00:00+09:00,4840.0,4890.0,4790.0,4820.0,278698,0.0,0.0
2023-02-01 11:00:00+09:00,4820.0,4840.0,4805.0,4820.0,65066,0.0,0.0
2023-02-01 12:00:00+09:00,4820.0,4825.0,4805.0,4820.0,60070,0.0,0.0
2023-02-01 13:00:00+09:00,4825.0,4845.0,4810.0,4845.0,81970,0.0,0.0
2023-02-01 14:00:00+09:00,4845.0,4845.0,4805.0,4815.0,105967,0.0,0.0
2023-02-02 09:00:00+09:00,4800.0,4845.0,4795.0,4835.0,0,0.0,0.0
2023-02-02 10:00:00+09:00,4835.0,4870.0,4810.0,4860.0,196171,0.0,0.0
2023-02-02 11:00:00+09:00,4860.0,4875.0,4830.0,4860.0,84441,0.0,0.0
2023-02-02 12:00:00+09:00,4860.0,4880.0,4855.0,4875.0,64778,0.0,0.0
2023-02-02 13:00:00+09:00,4875.0,4885.0,4840.0,4840.0,98656,0.0,0.0
2023-02-02 14:00:00+09:00,4840.0,4865.0,4835.0,4860.0,78574,0.0,0.0
2023-02-03 09:00:00+09:00,4815.0,4835.0,4745.0,4820.0,330264,0.0,0.0
2023-02-03 10:00:00+09:00,4820.0,4900.0,4815.0,4850.0,184967,0.0,0.0
2023-02-03 11:00:00+09:00,4850.0,4890.0,4825.0,4875.0,90763,0.0,0.0
2023-02-03 12:00:00+09:00,4885.0,4930.0,4865.0,4890.0,195186,0.0,0.0
2023-02-03 13:00:00+09:00,4890.0,4920.0,4865.0,4900.0,106578,0.0,0.0
2023-02-03 14:00:00+09:00,4900.0,4920.0,4870.0,4890.0,127118,0.0,0.0
2023-02-06 09:00:00+09:00,4875.0,4985.0,4865.0,4905.0,0,0.0,0.0
2023-02-06 10:00:00+09:00,4910.0,4925.0,4850.0,4880.0,212041,0.0,0.0
2023-02-06 11:00:00+09:00,4880.0,4885.0,4850.0,4875.0,92890,0.0,0.0
2023-02-06 12:00:00+09:00,4880.0,4920.0,4860.0,4900.0,85218,0.0,0.0
2023-02-06 13:00:00+09:00,4895.0,4920.0,4875.0,4880.0,57794,0.0,0.0
2023-02-06 14:00:00+09:00,4880.0,4895.0,4855.0,4880.0,70993,0.0,0.0
2023-02-07 09:00:00+09:00,4925.0,4930.0,4840.0,4860.0,225355,0.0,0.0
2023-02-07 10:00:00+09:00,4860.0,4880.0,4845.0,4845.0,59100,0.0,0.0
2023-02-07 11:00:00+09:00,4845.0,4860.0,4840.0,4860.0,66212,0.0,0.0
2023-02-07 12:00:00+09:00,4860.0,4875.0,4845.0,4860.0,73722,0.0,0.0
2023-02-07 13:00:00+09:00,4860.0,4900.0,4840.0,4880.0,99112,0.0,0.0
2023-02-07 14:00:00+09:00,4890.0,4890.0,4840.0,4855.0,72611,0.0,0.0
2023-02-08 09:00:00+09:00,4845.0,4885.0,4815.0,4865.0,0,0.0,0.0
2023-02-08 10:00:00+09:00,4865.0,4870.0,4825.0,4845.0,57730,0.0,0.0
2023-02-08 11:00:00+09:00,4845.0,4860.0,4840.0,4845.0,37169,0.0,0.0
2023-02-08 12:00:00+09:00,4850.0,4885.0,4845.0,4885.0,79402,0.0,0.0
2023-02-08 13:00:00+09:00,4885.0,4895.0,4875.0,4875.0,122258,0.0,0.0
2023-02-08 14:00:00+09:00,4875.0,4890.0,4855.0,4870.0,66017,0.0,0.0
2023-02-09 09:00:00+09:00,4870.0,4885.0,4815.0,4830.0,199562,0.0,0.0
2023-02-09 10:00:00+09:00,4830.0,4845.0,4825.0,4830.0,52525,0.0,0.0
2023-02-09 11:00:00+09:00,4830.0,4835.0,4815.0,4825.0,90784,0.0,0.0
2023-02-09 12:00:00+09:00,4825.0,4830.0,4815.0,4820.0,54415,0.0,0.0
2023-02-09 13:00:00+09:00,4820.0,4825.0,4800.0,4805.0,93636,0.0,0.0
2023-02-09 14:00:00+09:00,4810.0,4820.0,4800.0,4800.0,53075,0.0,0.0
2023-02-10 09:00:00+09:00,4825.0,4825.0,4715.0,4715.0,0,0.0,0.0
2023-02-10 10:00:00+09:00,4720.0,4735.0,4705.0,4735.0,78899,0.0,0.0
2023-02-10 11:00:00+09:00,4730.0,4745.0,4705.0,4710.0,42647,0.0,0.0
2023-02-10 12:00:00+09:00,4710.0,4735.0,4690.0,4735.0,65139,0.0,0.0
2023-02-10 13:00:00+09:00,4735.0,4775.0,4720.0,4775.0,50060,0.0,0.0
2023-02-10 14:00:00+09:00,4780.0,4810.0,4755.0,4785.0,42176,0.0,0.0
2023-02-13 09:00:00+09:00,5160.0,5400.0,5110.0,5180.0,2212326,0.0,0.0
2023-02-13 10:00:00+09:00,5170.0,5180.0,5050.0,5080.0,584308,0.0,0.0
2023-02-13 11:00:00+09:00,5090.0,5110.0,5060.0,5100.0,161651,0.0,0.0
2023-02-13 12:00:00+09:00,5090.0,5110.0,5070.0,5080.0,105135,0.0,0.0
2023-02-13 13:00:00+09:00,5080.0,5100.0,5040.0,5040.0,146116,0.0,0.0
2023-02-13 14:00:00+09:00,5040.0,5050.0,4990.0,5030.0,258309,0.0,0.0
2023-02-14 09:00:00+09:00,4985.0,5170.0,4920.0,5150.0,720299,0.0,0.0
2023-02-14 10:00:00+09:00,5150.0,5200.0,5120.0,5130.0,462336,0.0,0.0
2023-02-14 11:00:00+09:00,5130.0,5140.0,5070.0,5100.0,163439,0.0,0.0
2023-02-14 12:00:00+09:00,5100.0,5150.0,5100.0,5110.0,91142,0.0,0.0
2023-02-14 13:00:00+09:00,5110.0,5120.0,5090.0,5100.0,66115,0.0,0.0
2023-02-14 14:00:00+09:00,5100.0,5110.0,5070.0,5100.0,124476,0.0,0.0
2023-02-15 09:00:00+09:00,5080.0,5130.0,5020.0,5030.0,0,0.0,0.0
2023-02-15 10:00:00+09:00,5030.0,5030.0,4985.0,4995.0,214963,0.0,0.0
2023-02-15 11:00:00+09:00,4995.0,5000.0,4955.0,4960.0,149868,0.0,0.0
2023-02-15 12:00:00+09:00,4960.0,5000.0,4950.0,4960.0,67182,0.0,0.0
2023-02-15 13:00:00+09:00,4960.0,4965.0,4940.0,4965.0,71753,0.0,0.0
2023-02-15 14:00:00+09:00,4960.0,4965.0,4915.0,4925.0,171729,0.0,0.0
2023-02-16 09:00:00+09:00,4950.0,5040.0,4935.0,5010.0,0,0.0,0.0
2023-02-16 10:00:00+09:00,5010.0,5060.0,5010.0,5020.0,157946,0.0,0.0
2023-02-16 11:00:00+09:00,5030.0,5040.0,4995.0,5010.0,66992,0.0,0.0
2023-02-16 12:00:00+09:00,5000.0,5030.0,4985.0,4990.0,59534,0.0,0.0
2023-02-16 13:00:00+09:00,4990.0,5000.0,4960.0,4980.0,57736,0.0,0.0
2023-02-16 14:00:00+09:00,4985.0,4990.0,4965.0,4990.0,74588,0.0,0.0
2023-02-17 09:00:00+09:00,4935.0,5060.0,4905.0,5030.0,283194,0.0,0.0
2023-02-17 10:00:00+09:00,5030.0,5060.0,5010.0,5050.0,100506,0.0,0.0
2023-02-17 11:00:00+09:00,5040.0,5070.0,5010.0,5050.0,72166,0.0,0.0
2023-02-17 12:00:00+09:00,5040.0,5100.0,5020.0,5080.0,117107,0.0,0.0
2023-02-17 13:00:00+09:00,5080.0,5100.0,5050.0,5080.0,70683,0.0,0.0
2023-02-17 14:00:00+09:00,5080.0,5080.0,5040.0,5050.0,86860,0.0,0.0
2023-02-20 09:00:00+09:00,5110.0,5180.0,5070.0,5150.0,0,0.0,0.0
2023-02-20 10:00:00+09:00,5150.0,5230.0,5140.0,5160.0,226034,0.0,0.0
2023-02-20 11:00:00+09:00,5160.0,5260.0,5160.0,5220.0,338554,0.0,0.0
2023-02-20 12:00:00+09:00,5220.0,5230.0,5180.0,5210.0,195004,0.0,0.0
2023-02-20 13:00:00+09:00,5210.0,5250.0,5180.0,5200.0,201982,0.0,0.0
2023-02-20 14:00:00+09:00,5200.0,5260.0,5200.0,5210.0,216649,0.0,0.0
2023-02-21 09:00:00+09:00,5230.0,5300.0,5190.0,5210.0,0,0.0,0.0
2023-02-21 10:00:00+09:00,5210.0,5210.0,5150.0,5180.0,162890,0.0,0.0
2023-02-21 11:00:00+09:00,5180.0,5200.0,5160.0,5180.0,109559,0.0,0.0
2023-02-21 12:00:00+09:00,5170.0,5180.0,5130.0,5170.0,93169,0.0,0.0
2023-02-21 13:00:00+09:00,5160.0,5190.0,5140.0,5180.0,56743,0.0,0.0
2023-02-21 14:00:00+09:00,5170.0,5200.0,5150.0,5200.0,80768,0.0,0.0
2023-02-22 09:00:00+09:00,5690.0,5870.0,5380.0,5470.0,6138122,0.0,0.0
2023-02-22 10:00:00+09:00,5480.0,5480.0,5340.0,5360.0,642594,0.0,0.0
2023-02-22 11:00:00+09:00,5360.0,5410.0,5290.0,5310.0,445156,0.0,0.0
2023-02-22 12:00:00+09:00,5310.0,5430.0,5290.0,5410.0,271514,0.0,0.0
2023-02-22 13:00:00+09:00,5410.0,5420.0,5290.0,5310.0,320061,0.0,0.0
2023-02-22 14:00:00+09:00,5310.0,5490.0,5260.0,5430.0,1390347,0.0,0.0
2023-02-23 09:00:00+09:00,5290.0,5300.0,5110.0,5150.0,983248,0.0,0.0
2023-02-23 10:00:00+09:00,5150.0,5190.0,5140.0,5160.0,213505,0.0,0.0
2023-02-23 11:00:00+09:00,5160.0,5200.0,5120.0,5170.0,166083,0.0,0.0
2023-02-23 12:00:00+09:00,5170.0,5170.0,5130.0,5150.0,95048,0.0,0.0
2023-02-23 13:00:00+09:00,5150.0,5160.0,5130.0,5150.0,100024,0.0,0.0
2023-02-23 14:00:00+09:00,5150.0,5170.0,5130.0,5170.0,119873,0.0,0.0
2023-02-24 09:00:00+09:00,5000.0,5070.0,4955.0,5030.0,584756,0.0,0.0
2023-02-24 10:00:00+09:00,5030.0,5040.0,4975.0,4980.0,283840,0.0,0.0
2023-02-24 11:00:00+09:00,4980.0,5010.0,4975.0,4990.0,83814,0.0,0.0
2023-02-24 12:00:00+09:00,4990.0,4990.0,4970.0,4975.0,107598,0.0,0.0
2023-02-24 13:00:00+09:00,4975.0,4985.0,4960.0,4965.0,111111,0.0,0.0
2023-02-24 14:00:00+09:00,4970.0,5000.0,4965.0,4975.0,78043,0.0,0.0
2023-02-27 09:00:00+09:00,4950.0,4950.0,4855.0,4880.0,0,0.0,0.0
2023-02-27 10:00:00+09:00,4890.0,4925.0,4885.0,4910.0,74106,0.0,0.0
2023-02-27 11:00:00+09:00,4915.0,4930.0,4900.0,4900.0,66038,0.0,0.0
2023-02-27 12:00:00+09:00,4905.0,4920.0,4900.0,4915.0,29632,0.0,0.0
2023-02-27 13:00:00+09:00,4915.0,4915.0,4875.0,4890.0,62529,0.0,0.0
2023-02-27 14:00:00+09:00,4890.0,4910.0,4875.0,4900.0,63782,0.0,0.0
2023-02-28 09:00:00+09:00,4910.0,4925.0,4860.0,4920.0,0,0.0,0.0
2023-02-28 10:00:00+09:00,4920.0,4930.0,4895.0,4920.0,75113,0.0,0.0
2023-02-28 11:00:00+09:00,4920.0,4920.0,4900.0,4910.0,38283,0.0,0.0
2023-02-28 12:00:00+09:00,4910.0,4920.0,4900.0,4905.0,31856,0.0,0.0
2023-02-28 13:00:00+09:00,4905.0,4920.0,4900.0,4905.0,39183,0.0,0.0
2023-02-28 14:00:00+09:00,4905.0,4920.0,4900.0,4910.0,60817,0.0,0.0
2023-03-02 09:00:00+09:00,4975.0,4990.0,4900.0,4980.0,0,0.0,0.0
2023-03-02 10:00:00+09:00,4980.0,5010.0,4950.0,4985.0,111242,0.0,0.0
2023-03-02 11:00:00+09:00,4985.0,5040.0,4975.0,5010.0,130406,0.0,0.0
2023-03-02 12:00:00+09:00,5010.0,5030.0,4990.0,5000.0,83414,0.0,0.0
2023-03-02 13:00:00+09:00,5000.0,5020.0,4995.0,5000.0,49891,0.0,0.0
2023-03-02 14:00:00+09:00,5000.0,5020.0,4965.0,4990.0,77463,0.0,0.0
2023-03-03 09:00:00+09:00,4960.0,4995.0,4915.0,4920.0,208174,0.0,0.0
2023-03-03 10:00:00+09:00,4920.0,4950.0,4910.0,4930.0,50038,0.0,0.0
2023-03-03 11:00:00+09:00,4930.0,4940.0,4910.0,4920.0,33937,0.0,0.0
2023-03-03 12:00:00+09:00,4930.0,4930.0,4910.0,4915.0,45496,0.0,0.0
2023-03-03 13:00:00+09:00,4915.0,4925.0,4900.0,4920.0,97573,0.0,0.0
2023-03-03 14:00:00+09:00,4920.0,4935.0,4910.0,4915.0,56445,0.0,0.0
2023-03-06 09:00:00+09:00,4935.0,4945.0,4750.0,4830.0,0,0.0,0.0
2023-03-06 10:00:00+09:00,4830.0,4900.0,4820.0,4895.0,97435,0.0,0.0
2023-03-06 11:00:00+09:00,4895.0,5040.0,4880.0,4915.0,297070,0.0,0.0
2023-03-06 12:00:00+09:00,4915.0,4950.0,4910.0,4945.0,45981,0.0,0.0
2023-03-06 13:00:00+09:00,4945.0,4960.0,4925.0,4925.0,63703,0.0,0.0
2023-03-06 14:00:00+09:00,4925.0,4955.0,4910.0,4945.0,92720,0.0,0.0
2023-03-07 09:00:00+09:00,4990.0,5020.0,4905.0,4955.0,251929,0.0,0.0
2023-03-07 10:00:00+09:00,4960.0,4960.0,4920.0,4930.0,81389,0.0,0.0
2023-03-07 11:00:00+09:00,4930.0,4960.0,4920.0,4935.0,80806,0.0,0.0
2023-03-07 12:00:00+09:00,4935.0,4940.0,4900.0,4915.0,117939,0.0,0.0
2023-03-07 13:00:00+09:00,4915.0,4980.0,4915.0,4960.0,99087,0.0,0.0
2023-03-07 14:00:00+09:00,4960.0,4985.0,4930.0,4970.0,92821,0.0,0.0
2023-03-08 09:00:00+09:00,4965.0,5120.0,4940.0,5070.0,15709,0.0,0.0
2023-03-08 10:00:00+09:00,5070.0,5150.0,5050.0,5120.0,365205,0.0,0.0
2023-03-08 11:00:00+09:00,5120.0,5270.0,5080.0,5150.0,993534,0.0,0.0
2023-03-08 12:00:00+09:00,5160.0,5200.0,5100.0,5180.0,499479,0.0,0.0
2023-03-08 13:00:00+09:00,5180.0,5200.0,5080.0,5090.0,238715,0.0,0.0
2023-03-08 14:00:00+09:00,5090.0,5160.0,5080.0,5120.0,171710,0.0,0.0
2023-03-09 09:00:00+09:00,5080.0,5100.0,4925.0,4925.0,620114,0.0,0.0
2023-03-09 10:00:00+09:00,4930.0,4930.0,4860.0,4880.0,276189,0.0,0.0
2023-03-09 11:00:00+09:00,4880.0,4930.0,4880.0,4900.0,60545,0.0,0.0
2023-03-09 12:00:00+09:00,4915.0,4915.0,4885.0,4890.0,58581,0.0,0.0
2023-03-09 13:00:00+09:00,4890.0,4915.0,4885.0,4890.0,62999,0.0,0.0
2023-03-09 14:00:00+09:00,4895.0,5250.0,4890.0,5050.0,701956,0.0,0.0
2023-03-10 09:00:00+09:00,5070.0,5110.0,4995.0,5000.0,0,0.0,0.0
2023-03-10 10:00:00+09:00,5000.0,5000.0,4945.0,4980.0,192931,0.0,0.0
2023-03-10 11:00:00+09:00,4980.0,5050.0,4975.0,5000.0,63773,0.0,0.0
2023-03-10 12:00:00+09:00,5000.0,5020.0,4980.0,4985.0,36514,0.0,0.0
2023-03-10 13:00:00+09:00,4990.0,4995.0,4940.0,4940.0,106720,0.0,0.0
2023-03-10 14:00:00+09:00,4950.0,4970.0,4920.0,4940.0,87024,0.0,0.0
2023-03-13 09:00:00+09:00,4845.0,4945.0,4665.0,4685.0,0,0.0,0.0
2023-03-13 10:00:00+09:00,4685.0,4725.0,4605.0,4715.0,150818,0.0,0.0
2023-03-13 11:00:00+09:00,4710.0,4755.0,4700.0,4750.0,49875,0.0,0.0
2023-03-13 12:00:00+09:00,4750.0,4785.0,4735.0,4750.0,39176,0.0,0.0
2023-03-13 13:00:00+09:00,4765.0,4765.0,4725.0,4750.0,37749,0.0,0.0
2023-03-13 14:00:00+09:00,4750.0,4785.0,4750.0,4770.0,47094,0.0,0.0
2023-03-14 09:00:00+09:00,4450.0,4500.0,4165.0,4205.0,1081169,0.0,0.0
2023-03-14 10:00:00+09:00,4210.0,4295.0,4200.0,4255.0,176673,0.0,0.0
2023-03-14 11:00:00+09:00,4255.0,4315.0,4250.0,4305.0,64601,0.0,0.0
2023-03-14 12:00:00+09:00,4305.0,4315.0,4265.0,4280.0,80582,0.0,0.0
2023-03-14 13:00:00+09:00,4280.0,4295.0,4220.0,4225.0,116248,0.0,0.0
2023-03-14 14:00:00+09:00,4220.0,4260.0,4215.0,4235.0,57474,0.0,0.0
2023-03-15 09:00:00+09:00,4320.0,4385.0,4260.0,4315.0,0,0.0,0.0
2023-03-15 10:00:00+09:00,4325.0,4355.0,4310.0,4325.0,73747,0.0,0.0
2023-03-15 11:00:00+09:00,4325.0,4335.0,4305.0,4335.0,48305,0.0,0.0
2023-03-15 12:00:00+09:00,4335.0,4340.0,4315.0,4330.0,32264,0.0,0.0
2023-03-15 13:00:00+09:00,4330.0,4360.0,4325.0,4350.0,57760,0.0,0.0
2023-03-15 14:00:00+09:00,4350.0,4360.0,4330.0,4350.0,58865,0.0,0.0
2023-03-16 09:00:00+09:00,4285.0,4315.0,4165.0,4220.0,0,0.0,0.0
2023-03-16 10:00:00+09:00,4240.0,4270.0,4220.0,4255.0,47159,0.0,0.0
2023-03-16 11:00:00+09:00,4255.0,4300.0,4250.0,4285.0,38751,0.0,0.0
2023-03-16 12:00:00+09:00,4285.0,4285.0,4225.0,4240.0,53497,0.0,0.0
2023-03-16 13:00:00+09:00,4240.0,4255.0,4220.0,4245.0,70023,0.0,0.0
2023-03-16 14:00:00+09:00,4245.0,4260.0,4235.0,4255.0,26180,0.0,0.0
2023-03-17 09:00:00+09:00,4295.0,4330.0,4250.0,4315.0,0,0.0,0.0
2023-03-17 10:00:00+09:00,4315.0,4325.0,4290.0,4320.0,73213,0.0,0.0
2023-03-17 11:00:00+09:00,4320.0,4350.0,4310.0,4340.0,59059,0.0,0.0
2023-03-17 12:00:00+09:00,4340.0,4355.0,4310.0,4330.0,35839,0.0,0.0
2023-03-17 13:00:00+09:00,4330.0,4345.0,4325.0,4335.0,20600,0.0,0.0
2023-03-17 14:00:00+09:00,4335.0,4350.0,4335.0,4345.0,43128,0.0,0.0
2023-03-20 09:00:00+09:00,4320.0,4400.0,4220.0,4400.0,0,0.0,0.0
2023-03-20 10:00:00+09:00,4400.0,4430.0,4380.0,4400.0,105200,0.0,0.0
2023-03-20 11:00:00+09:00,4395.0,4420.0,4395.0,4420.0,41655,0.0,0.0
2023-03-20 12:00:00+09:00,4420.0,4420.0,4360.0,4400.0,40146,0.0,0.0
2023-03-20 13:00:00+09:00,4400.0,4400.0,4370.0,4380.0,34210,0.0,0.0
2023-03-20 14:00:00+09:00,4380.0,4400.0,4370.0,4395.0,19954,0.0,0.0
2023-03-21 09:00:00+09:00,4395.0,4430.0,4380.0,4400.0,0,0.0,0.0
2023-03-21 10:00:00+09:00,4400.0,4440.0,4385.0,4410.0,48110,0.0,0.0
2023-03-21 11:00:00+09:00,4410.0,4410.0,4390.0,4400.0,38617,0.0,0.0
2023-03-21 12:00:00+09:00,4395.0,4400.0,4390.0,4395.0,20065,0.0,0.0
2023-03-21 13:00:00+09:00,4395.0,4410.0,4390.0,4400.0,29271,0.0,0.0
2023-03-21 14:00:00+09:00,4400.0,4405.0,4380.0,4390.0,61118,0.0,0.0
2023-03-22 09:00:00+09:00,4385.0,4400.0,4320.0,4330.0,149021,0.0,0.0
2023-03-22 10:00:00+09:00,4330.0,4345.0,4305.0,4320.0,67541,0.0,0.0
2023-03-22 11:00:00+09:00,4320.0,4330.0,4305.0,4305.0,54748,0.0,0.0
2023-03-22 12:00:00+09:00,4305.0,4330.0,4300.0,4315.0,39135,0.0,0.0
2023-03-22 13:00:00+09:00,4315.0,4320.0,4295.0,4310.0,78433,0.0,0.0
2023-03-22 14:00:00+09:00,4305.0,4320.0,4300.0,4315.0,40027,0.0,0.0
2023-03-23 09:00:00+09:00,4315.0,4320.0,4200.0,4215.0,261349,0.0,0.0
2023-03-23 10:00:00+09:00,4215.0,4220.0,4200.0,4205.0,92318,0.0,0.0
2023-03-23 11:00:00+09:00,4205.0,4235.0,4200.0,4235.0,56605,0.0,0.0
2023-03-23 12:00:00+09:00,4230.0,4245.0,4220.0,4220.0,30487,0.0,0.0
2023-03-23 13:00:00+09:00,4220.0,4230.0,4210.0,4215.0,21638,0.0,0.0
2023-03-23 14:00:00+09:00,4215.0,4225.0,4195.0,4195.0,110529,0.0,0.0
2023-03-24 09:00:00+09:00,4195.0,4230.0,4100.0,4175.0,0,0.0,0.0
2023-03-24 10:00:00+09:00,4180.0,4195.0,4160.0,4165.0,57291,0.0,0.0
2023-03-24 11:00:00+09:00,4165.0,4220.0,4160.0,4215.0,48219,0.0,0.0
2023-03-24 12:00:00+09:00,4215.0,4215.0,4195.0,4200.0,32010,0.0,0.0
2023-03-24 13:00:00+09:00,4200.0,4215.0,4190.0,4200.0,20744,0.0,0.0
2023-03-24 14:00:00+09:00,4200.0,4205.0,4180.0,4195.0,66779,0.0,0.0
2023-03-27 09:00:00+09:00,4250.0,4315.0,4150.0,4180.0,0,0.0,0.0
2023-03-27 10:00:00+09:00,4180.0,4185.0,4145.0,4160.0,37374,0.0,0.0
2023-03-27 11:00:00+09:00,4160.0,4180.0,4150.0,4170.0,30762,0.0,0.0
2023-03-27 12:00:00+09:00,4170.0,4180.0,4160.0,4180.0,27006,0.0,0.0
2023-03-27 13:00:00+09:00,4180.0,4195.0,4165.0,4170.0,35726,0.0,0.0
2023-03-27 14:00:00+09:00,4170.0,4185.0,4160.0,4180.0,35167,0.0,0.0
2023-03-28 09:00:00+09:00,4140.0,4240.0,4140.0,4240.0,0,0.0,0.0
2023-03-28 10:00:00+09:00,4240.0,4255.0,4215.0,4240.0,74602,0.0,0.0
2023-03-28 11:00:00+09:00,4230.0,4245.0,4215.0,4230.0,39583,0.0,0.0
2023-03-28 12:00:00+09:00,4230.0,4275.0,4230.0,4265.0,51659,0.0,0.0
2023-03-28 13:00:00+09:00,4265.0,4270.0,4245.0,4250.0,34624,0.0,0.0
2023-03-28 14:00:00+09:00,4250.0,4265.0,4245.0,4255.0,26701,0.0,0.0
2023-03-29 09:00:00+09:00,4270.0,4290.0,4220.0,4275.0,127901,0.0,0.0
2023-03-29 10:00:00+09:00,4290.0,4290.0,4250.0,4250.0,46449,0.0,0.0
2023-03-29 11:00:00+09:00,4250.0,4270.0,4245.0,4250.0,31169,0.0,0.0
2023-03-29 12:00:00+09:00,4250.0,4260.0,4240.0,4260.0,19927,0.0,0.0
2023-03-29 13:00:00+09:00,4260.0,4285.0,4245.0,4280.0,33221,0.0,0.0
2023-03-29 14:00:00+09:00,4280.0,4285.0,4270.0,4275.0,39620,0.0,0.0
2023-03-30 09:00:00+09:00,4285.0,4370.0,4275.0,4345.0,218681,0.0,0.0
2023-03-30 10:00:00+09:00,4340.0,4365.0,4335.0,4360.0,85745,0.0,0.0
2023-03-30 11:00:00+09:00,4360.0,4425.0,4350.0,4380.0,147895,0.0,0.0
2023-03-30 12:00:00+09:00,4380.0,4415.0,4360.0,4410.0,109039,0.0,0.0
2023-03-30 13:00:00+09:00,4410.0,4415.0,4385.0,4400.0,60000,0.0,0.0
2023-03-30 14:00:00+09:00,4395.0,4400.0,4360.0,4375.0,68346,0.0,0.0
2023-03-31 09:00:00+09:00,4415.0,4415.0,4305.0,4310.0,0,0.0,0.0
2023-03-31 10:00:00+09:00,4305.0,4325.0,4300.0,4315.0,62107,0.0,0.0
2023-03-31 11:00:00+09:00,4315.0,4350.0,4305.0,4315.0,43760,0.0,0.0
2023-03-31 12:00:00+09:00,4320.0,4345.0,4305.0,4330.0,30280,0.0,0.0
2023-03-31 13:00:00+09:00,4330.0,4335.0,4315.0,4315.0,19612,0.0,0.0
2023-03-31 14:00:00+09:00,4320.0,4320.0,4280.0,4290.0,127544,0.0,0.0
2023-04-03 09:00:00+09:00,4300.0,4345.0,4195.0,4265.0,0,0.0,0.0
2023-04-03 10:00:00+09:00,4260.0,4270.0,4225.0,4260.0,48342,0.0,0.0
2023-04-03 11:00:00+09:00,4260.0,4300.0,4240.0,4290.0,43674,0.0,0.0
2023-04-03 12:00:00+09:00,4290.0,4325.0,4280.0,4315.0,49927,0.0,0.0
2023-04-03 13:00:00+09:00,4310.0,4315.0,4285.0,4300.0,31323,0.0,0.0
2023-04-03 14:00:00+09:00,4310.0,4345.0,4300.0,4330.0,114103,0.0,0.0
2023-04-04 09:00:00+09:00,4300.0,4400.0,4300.0,4360.0,155565,0.0,0.0
2023-04-04 10:00:00+09:00,4350.0,4405.0,4345.0,4405.0,117000,0.0,0.0
2023-04-04 11:00:00+09:00,4405.0,4450.0,4380.0,4395.0,94020,0.0,0.0
2023-04-04 12:00:00+09:00,4395.0,4395.0,4375.0,4380.0,35750,0.0,0.0
2023-04-04 13:00:00+09:00,4380.0,4390.0,4360.0,4365.0,46080,0.0,0.0
2023-04-04 14:00:00+09:00,4370.0,4375.0,4330.0,4345.0,74893,0.0,0.0
2023-04-05 09:00:00+09:00,4355.0,4365.0,4305.0,4330.0,0,0.0,0.0
2023-04-05 10:00:00+09:00,4330.0,4355.0,4310.0,4335.0,60382,0.0,0.0
2023-04-05 11:00:00+09:00,4335.0,4350.0,4320.0,4345.0,40426,0.0,0.0
2023-04-05 12:00:00+09:00,4345.0,4370.0,4320.0,4340.0,30658,0.0,0.0
2023-04-05 13:00:00+09:00,4350.0,4370.0,4340.0,4355.0,27873,0.0,0.0
2023-04-05 14:00:00+09:00,4360.0,4370.0,4350.0,4355.0,49607,0.0,0.0
2023-04-06 09:00:00+09:00,4355.0,4355.0,4245.0,4280.0,127596,0.0,0.0
2023-04-06 10:00:00+09:00,4280.0,4290.0,4260.0,4285.0,54267,0.0,0.0
2023-04-06 11:00:00+09:00,4290.0,4300.0,4265.0,4270.0,45963,0.0,0.0
2023-04-06 12:00:00+09:00,4270.0,4275.0,4240.0,4245.0,67714,0.0,0.0
2023-04-06 13:00:00+09:00,4245.0,4255.0,4225.0,4245.0,53922,0.0,0.0
2023-04-06 14:00:00+09:00,4245.0,4255.0,4230.0,4240.0,27018,0.0,0.0
2023-04-07 09:00:00+09:00,4230.0,4275.0,4175.0,4195.0,0,0.0,0.0
2023-04-07 10:00:00+09:00,4195.0,4235.0,4195.0,4210.0,47684,0.0,0.0
2023-04-07 11:00:00+09:00,4235.0,4235.0,4190.0,4190.0,48988,0.0,0.0
2023-04-07 12:00:00+09:00,4190.0,4250.0,4185.0,4200.0,61456,0.0,0.0
2023-04-07 13:00:00+09:00,4220.0,4220.0,4190.0,4195.0,16037,0.0,0.0
2023-04-07 14:00:00+09:00,4195.0,4240.0,4185.0,4205.0,43756,0.0,0.0
2023-04-10 09:00:00+09:00,4190.0,4195.0,4065.0,4085.0,0,0.0,0.0
2023-04-10 10:00:00+09:00,4080.0,4115.0,4080.0,4110.0,65869,0.0,0.0
2023-04-10 11:00:00+09:00,4100.0,4115.0,4080.0,4080.0,54733,0.0,0.0
2023-04-10 12:00:00+09:00,4085.0,4090.0,4075.0,4090.0,48234,0.0,0.0
2023-04-10 13:00:00+09:00,4090.0,4090.0,4075.0,4080.0,34740,0.0,0.0
2023-04-10 14:00:00+09:00,4080.0,4090.0,4075.0,4085.0,35233,0.0,0.0
2023-04-11 09:00:00+09:00,4050.0,4100.0,4015.0,4015.0,163023,0.0,0.0
2023-04-11 10:00:00+09:00,4020.0,4065.0,4020.0,4060.0,51757,0.0,0.0
2023-04-11 11:00:00+09:00,4065.0,4085.0,4055.0,4060.0,27037,0.0,0.0
2023-04-11 12:00:00+09:00,4065.0,4090.0,4040.0,4085.0,32773,0.0,0.0
2023-04-11 13:00:00+09:00,4085.0,4095.0,4060.0,4095.0,34149,0.0,0.0
2023-04-11 14:00:00+09:00,4090.0,4100.0,4085.0,4100.0,29593,0.0,0.0
2023-04-12 09:00:00+09:00,4090.0,4180.0,4085.0,4135.0,158376,0.0,0.0
2023-04-12 10:00:00+09:00,4140.0,4175.0,4120.0,4140.0,75795,0.0,0.0
2023-04-12 11:00:00+09:00,4140.0,4175.0,4125.0,4175.0,30530,0.0,0.0
2023-04-12 12:00:00+09:00,4170.0,4175.0,4150.0,4155.0,18831,0.0,0.0
2023-04-12 13:00:00+09:00,4155.0,4175.0,4155.0,4155.0,32384,0.0,0.0
2023-04-12 14:00:00+09:00,4160.0,4175.0,4120.0,4130.0,47892,0.0,0.0
2023-04-13 09:00:00+09:00,4140.0,4145.0,4010.0,4035.0,0,0.0,0.0
2023-04-13 10:00:00+09:00,4035.0,4050.0,4020.0,4040.0,73294,0.0,0.0
2023-04-13 11:00:00+09:00,4040.0,4070.0,4035.0,4065.0,23787,0.0,0.0
2023-04-13 12:00:00+09:00,4065.0,4100.0,4055.0,4100.0,30953,0.0,0.0
2023-04-13 13:00:00+09:00,4100.0,4115.0,4090.0,4100.0,33601,0.0,0.0
2023-04-13 14:00:00+09:00,4100.0,4105.0,4075.0,4080.0,39717,0.0,0.0
2023-04-14 09:00:00+09:00,4145.0,4170.0,4115.0,4150.0,0,0.0,0.0
2023-04-14 10:00:00+09:00,4150.0,4185.0,4130.0,4160.0,79606,0.0,0.0
2023-04-14 11:00:00+09:00,4160.0,4175.0,4140.0,4160.0,46130,0.0,0.0
2023-04-14 12:00:00+09:00,4160.0,4165.0,4150.0,4150.0,24916,0.0,0.0
2023-04-14 13:00:00+09:00,4155.0,4165.0,4140.0,4140.0,25148,0.0,0.0
2023-04-14 14:00:00+09:00,4140.0,4165.0,4140.0,4145.0,36721,0.0,0.0
2023-04-17 09:00:00+09:00,4145.0,4195.0,4130.0,4195.0,0,0.0,0.0
2023-04-17 10:00:00+09:00,4200.0,4245.0,4185.0,4225.0,212182,0.0,0.0
2023-04-17 11:00:00+09:00,4230.0,4290.0,4225.0,4265.0,181626,0.0,0.0
2023-04-17 12:00:00+09:00,4270.0,4295.0,4260.0,4270.0,88564,0.0,0.0
2023-04-17 13:00:00+09:00,4270.0,4280.0,4245.0,4265.0,52251,0.0,0.0
2023-04-17 14:00:00+09:00,4260.0,4290.0,4255.0,4270.0,65407,0.0,0.0
2023-04-18 09:00:00+09:00,4385.0,4385.0,4205.0,4220.0,353294,0.0,0.0
2023-04-18 10:00:00+09:00,4220.0,4225.0,4170.0,4190.0,150289,0.0,0.0
2023-04-18 11:00:00+09:00,4190.0,4200.0,4160.0,4185.0,97909,0.0,0.0
2023-04-18 12:00:00+09:00,4180.0,4185.0,4170.0,4180.0,43991,0.0,0.0
2023-04-18 13:00:00+09:00,4180.0,4190.0,4175.0,4190.0,21528,0.0,0.0
2023-04-18 14:00:00+09:00,4190.0,4190.0,4155.0,4160.0,115078,0.0,0.0
2023-04-19 09:00:00+09:00,4180.0,4210.0,4070.0,4125.0,170481,0.0,0.0
2023-04-19 10:00:00+09:00,4125.0,4180.0,4115.0,4175.0,85889,0.0,0.0
2023-04-19 11:00:00+09:00,4175.0,4180.0,4155.0,4170.0,34944,0.0,0.0
2023-04-19 12:00:00+09:00,4170.0,4190.0,4170.0,4180.0,35989,0.0,0.0
2023-04-19 13:00:00+09:00,4175.0,4230.0,4175.0,4190.0,88254,0.0,0.0
2023-04-19 14:00:00+09:00,4190.0,4300.0,4180.0,4220.0,132867,0.0,0.0
2023-04-20 09:00:00+09:00,4365.0,4675.0,4215.0,4385.0,2502708,0.0,0.0
2023-04-20 10:00:00+09:00,4385.0,4445.0,4330.0,4400.0,599363,0.0,0.0
2023-04-20 11:00:00+09:00,4395.0,4675.0,4365.0,4460.0,2731492,0.0,0.0
2023-04-20 12:00:00+09:00,4465.0,5100.0,4465.0,4775.0,12178151,0.0,0.0
2023-04-20 13:00:00+09:00,4780.0,5080.0,4710.0,4750.0,7016301,0.0,0.0
2023-04-20 14:00:00+09:00,4755.0,5020.0,4620.0,4900.0,5079096,0.0,0.0
2023-04-21 09:00:00+09:00,4555.0,5910.0,4480.0,5750.0,20173348,0.0,0.0
2023-04-21 10:00:00+09:00,5750.0,6100.0,5300.0,5460.0,14184895,0.0,0.0
2023-04-21 11:00:00+09:00,5460.0,5660.0,5340.0,5630.0,3955882,0.0,0.0
2023-04-21 12:00:00+09:00,5630.0,5760.0,5370.0,5440.0,4463201,0.0,0.0
2023-04-21 13:00:00+09:00,5440.0,5820.0,5430.0,5530.0,5618388,0.0,0.0
2023-04-21 14:00:00+09:00,5530.0,5740.0,5420.0,5470.0,3110383,0.0,0.0
2023-04-24 09:00:00+09:00,6330.0,6690.0,5850.0,6120.0,0,0.0,0.0
2023-04-24 10:00:00+09:00,6120.0,6240.0,5950.0,6070.0,3333250,0.0,0.0
2023-04-24 11:00:00+09:00,6070.0,6170.0,6010.0,6100.0,1146421,0.0,0.0
2023-04-24 12:00:00+09:00,6090.0,6100.0,5680.0,5680.0,2127550,0.0,0.0
2023-04-24 13:00:00+09:00,5690.0,5820.0,5510.0,5700.0,2232259,0.0,0.0
2023-04-24 14:00:00+09:00,5730.0,6480.0,5600.0,6150.0,15249312,0.0,0.0
2023-04-25 09:00:00+09:00,5900.0,5900.0,5500.0,5550.0,0,0.0,0.0
2023-04-25 10:00:00+09:00,5560.0,6470.0,5530.0,6230.0,10118917,0.0,0.0
2023-04-25 11:00:00+09:00,6230.0,6580.0,5960.0,6270.0,12057039,0.0,0.0
2023-04-25 12:00:00+09:00,6270.0,6340.0,6080.0,6170.0,2921396,0.0,0.0
2023-04-25 13:00:00+09:00,6170.0,6190.0,5800.0,6010.0,2629272,0.0,0.0
2023-04-25 14:00:00+09:00,6010.0,6110.0,5810.0,5820.0,1374916,0.0,0.0
2023-04-26 09:00:00+09:00,5590.0,6380.0,5580.0,6070.0,0,0.0,0.0
2023-04-26 10:00:00+09:00,6080.0,6120.0,5890.0,6030.0,1887205,0.0,0.0
2023-04-26 11:00:00+09:00,6010.0,6100.0,5970.0,6070.0,821214,0.0,0.0
2023-04-26 12:00:00+09:00,6060.0,6140.0,5980.0,6070.0,1044773,0.0,0.0
2023-04-26 13:00:00+09:00,6080.0,6220.0,6010.0,6180.0,2596297,0.0,0.0
2023-04-26 14:00:00+09:00,6170.0,7060.0,6140.0,6780.0,25151746,0.0,0.0
2023-04-27 09:00:00+09:00,6070.0,7080.0,6000.0,6430.0,13383453,0.0,0.0
2023-04-27 10:00:00+09:00,6430.0,6620.0,6290.0,6330.0,2198510,0.0,0.0
2023-04-27 11:00:00+09:00,6320.0,6420.0,6220.0,6300.0,1138137,0.0,0.0
2023-04-27 12:00:00+09:00,6300.0,6500.0,6210.0,6380.0,1662980,0.0,0.0
2023-04-27 13:00:00+09:00,6380.0,6470.0,6200.0,6200.0,1269412,0.0,0.0
2023-04-27 14:00:00+09:00,6210.0,6260.0,5750.0,5810.0,2250722,0.0,0.0
2023-04-28 09:00:00+09:00,5940.0,6240.0,5770.0,5800.0,3590655,0.0,0.0
2023-04-28 10:00:00+09:00,5790.0,5970.0,5700.0,5840.0,956823,0.0,0.0
2023-04-28 11:00:00+09:00,5840.0,6210.0,5770.0,6120.0,2981124,0.0,0.0
2023-04-28 12:00:00+09:00,6100.0,6390.0,5860.0,6050.0,6311316,0.0,0.0
2023-04-28 13:00:00+09:00,6040.0,6060.0,5910.0,5920.0,943622,0.0,0.0
2023-04-28 14:00:00+09:00,5910.0,5980.0,5710.0,5740.0,943274,0.0,0.0
2023-05-02 09:00:00+09:00,5580.0,5830.0,5570.0,5740.0,0,0.0,0.0
2023-05-02 10:00:00+09:00,5710.0,5720.0,5600.0,5660.0,386922,0.0,0.0
2023-05-02 11:00:00+09:00,5650.0,5760.0,5640.0,5680.0,363671,0.0,0.0
2023-05-02 12:00:00+09:00,5680.0,5710.0,5650.0,5650.0,251032,0.0,0.0
2023-05-02 13:00:00+09:00,5660.0,5830.0,5650.0,5720.0,999819,0.0,0.0
2023-05-02 14:00:00+09:00,5730.0,5770.0,5660.0,5690.0,402269,0.0,0.0
2023-05-03 09:00:00+09:00,5800.0,6200.0,5800.0,6110.0,6573721,0.0,0.0
2023-05-03 10:00:00+09:00,6100.0,6160.0,5980.0,5990.0,1373638,0.0,0.0
2023-05-03 11:00:00+09:00,5990.0,6020.0,5900.0,5970.0,486596,0.0,0.0
2023-05-03 12:00:00+09:00,5950.0,6030.0,5900.0,5920.0,581603,0.0,0.0
2023-05-03 13:00:00+09:00,5920.0,5960.0,5800.0,5850.0,746267,0.0,0.0
2023-05-03 14:00:00+09:00,5850.0,5990.0,5830.0,5970.0,580213,0.0,0.0
2023-05-04 09:00:00+09:00,6280.0,6340.0,5710.0,5820.0,0,0.0,0.0
2023-05-04 10:00:00+09:00,5820.0,5830.0,5680.0,5720.0,526568,0.0,0.0
2023-05-04 11:00:00+09:00,5710.0,5750.0,5650.0,5740.0,326445,0.0,0.0
2023-05-04 12:00:00+09:00,5740.0,5740.0,5670.0,5690.0,175285,0.0,0.0
2023-05-04 13:00:00+09:00,5690.0,5740.0,5670.0,5700.0,209903,0.0,0.0
2023-05-04 14:00:00+09:00,5700.0,5710.0,5610.0,5640.0,394975,0.0,0.0
2023-05-08 09:00:00+09:00,5820.0,6790.0,5750.0,6500.0,10390620,0.0,0.0
2023-05-08 10:00:00+09:00,6500.0,6850.0,6480.0,6810.0,8861661,0.0,0.0
2023-05-08 11:00:00+09:00,6800.0,6960.0,6750.0,6870.0,6367014,0.0,0.0
2023-05-08 12:00:00+09:00,6870.0,6940.0,6740.0,6830.0,2751310,0.0,0.0
2023-05-08 13:00:00+09:00,6830.0,6850.0,6660.0,6750.0,1911528,0.0,0.0
2023-05-08 14:00:00+09:00,6750.0,6870.0,6560.0,6640.0,3729832,0.0,0.0
2023-05-09 09:00:00+09:00,7350.0,7520.0,6480.0,6800.0,15931460,0.0,0.0
2023-05-09 10:00:00+09:00,6800.0,6970.0,6690.0,6690.0,2448552,0.0,0.0
2023-05-09 11:00:00+09:00,6700.0,6890.0,6570.0,6750.0,1512604,0.0,0.0
2023-05-09 12:00:00+09:00,6760.0,6870.0,6660.0,6680.0,1089808,0.0,0.0
2023-05-09 13:00:00+09:00,6680.0,6730.0,6330.0,6330.0,1792581,0.0,0.0
2023-05-09 14:00:00+09:00,6330.0,6470.0,6120.0,6240.0,1337092,0.0,0.0
2023-05-10 09:00:00+09:00,7150.0,7200.0,6570.0,6640.0,10371820,0.0,0.0
2023-05-10 10:00:00+09:00,6650.0,6840.0,6600.0,6830.0,1692138,0.0,0.0
2023-05-10 11:00:00+09:00,6830.0,6840.0,6520.0,6580.0,1369471,0.0,0.0
2023-05-10 12:00:00+09:00,6590.0,6690.0,6530.0,6680.0,787680,0.0,0.0
2023-05-10 13:00:00+09:00,6680.0,6720.0,6610.0,6640.0,676354,0.0,0.0
2023-05-10 14:00:00+09:00,6640.0,6650.0,6430.0,6510.0,1261211,0.0,0.0
2023-05-11 09:00:00+09:00,6470.0,6540.0,6240.0,6310.0,0,0.0,0.0
2023-05-11 10:00:00+09:00,6310.0,6340.0,6210.0,6230.0,591169,0.0,0.0
2023-05-11 11:00:00+09:00,6230.0,6330.0,6220.0,6250.0,306024,0.0,0.0
2023-05-11 12:00:00+09:00,6240.0,6240.0,6070.0,6180.0,838152,0.0,0.0
2023-05-11 13:00:00+09:00,6180.0,6190.0,6100.0,6120.0,325338,0.0,0.0
2023-05-11 14:00:00+09:00,6120.0,6350.0,6090.0,6280.0,635264,0.0,0.0
2023-05-12 09:00:00+09:00,6250.0,6310.0,5880.0,5920.0,0,0.0,0.0
2023-05-12 10:00:00+09:00,5910.0,5950.0,5840.0,5870.0,796522,0.0,0.0
2023-05-12 11:00:00+09:00,5870.0,5900.0,5790.0,5880.0,497201,0.0,0.0
2023-05-12 12:00:00+09:00,5880.0,5880.0,5800.0,5830.0,311779,0.0,0.0
2023-05-12 13:00:00+09:00,5840.0,5850.0,5800.0,5820.0,326227,0.0,0.0
2023-05-12 14:00:00+09:00,5820.0,5880.0,5810.0,5860.0,243199,0.0,0.0
2023-05-15 09:00:00+09:00,5820.0,6200.0,5700.0,6070.0,0,0.0,0.0
2023-05-15 10:00:00+09:00,6070.0,6100.0,5870.0,5880.0,576755,0.0,0.0
2023-05-15 11:00:00+09:00,5880.0,5970.0,5840.0,5860.0,356422,0.0,0.0
2023-05-15 12:00:00+09:00,5870.0,5930.0,5850.0,5910.0,177697,0.0,0.0
2023-05-15 13:00:00+09:00,5910.0,6140.0,5890.0,6130.0,472496,0.0,0.0
2023-05-15 14:00:00+09:00,6130.0,6170.0,5960.0,5960.0,1170592,0.0,0.0
2023-05-16 09:00:00+09:00,6040.0,6590.0,5920.0,6330.0,5138274,0.0,0.0
2023-05-16 10:00:00+09:00,6320.0,6530.0,6270.0,6330.0,2802682,0.0,0.0
2023-05-16 11:00:00+09:00,6330.0,6500.0,6290.0,6450.0,998797,0.0,0.0
2023-05-16 12:00:00+09:00,6450.0,6840.0,6430.0,6810.0,11692525,0.0,0.0
2023-05-16 13:00:00+09:00,6810.0,6830.0,6480.0,6610.0,5037898,0.0,0.0
2023-05-16 14:00:00+09:00,6600.0,7150.0,6370.0,7150.0,8780261,0.0,0.0
2023-05-17 09:00:00+09:00,6700.0,7000.0,6510.0,6680.0,5350396,0.0,0.0
2023-05-17 10:00:00+09:00,6680.0,6910.0,6650.0,6780.0,2101545,0.0,0.0
2023-05-17 11:00:00+09:00,6770.0,6850.0,6670.0,6710.0,873779,0.0,0.0
2023-05-17 12:00:00+09:00,6720.0,6760.0,6660.0,6680.0,440870,0.0,0.0
2023-05-17 13:00:00+09:00,6680.0,6740.0,6610.0,6640.0,634510,0.0,0.0
2023-05-17 14:00:00+09:00,6650.0,6740.0,6630.0,6680.0,484401,0.0,0.0
2023-05-18 09:00:00+09:00,5850.0,6070.0,5710.0,5980.0,4331599,0.0,0.0
2023-05-18 10:00:00+09:00,5980.0,5990.0,5860.0,5930.0,1010886,0.0,0.0
2023-05-18 11:00:00+09:00,5930.0,6150.0,5930.0,6000.0,1065284,0.0,0.0
2023-05-18 12:00:00+09:00,6000.0,6070.0,5990.0,6010.0,321984,0.0,0.0
2023-05-18 13:00:00+09:00,6010.0,6340.0,5980.0,6310.0,1587043,0.0,0.0
2023-05-18 14:00:00+09:00,6310.0,6340.0,5980.0,6050.0,2409806,0.0,0.0
2023-05-19 09:00:00+09:00,5960.0,6000.0,5800.0,5830.0,1651302,0.0,0.0
2023-05-19 10:00:00+09:00,5840.0,6000.0,5810.0,5950.0,1156908,0.0,0.0
2023-05-19 11:00:00+09:00,5950.0,6420.0,5930.0,6310.0,5965335,0.0,0.0
2023-05-19 12:00:00+09:00,6310.0,6480.0,6020.0,6060.0,4299979,0.0,0.0
2023-05-19 13:00:00+09:00,6050.0,6130.0,5990.0,6120.0,984229,0.0,0.0
2023-05-19 14:00:00+09:00,6120.0,6130.0,6050.0,6060.0,548087,0.0,0.0
2023-05-22 09:00:00+09:00,6150.0,6620.0,6140.0,6440.0,0,0.0,0.0
2023-05-22 10:00:00+09:00,6430.0,6510.0,6360.0,6400.0,1609770,0.0,0.0
2023-05-22 11:00:00+09:00,6400.0,6500.0,6390.0,6470.0,737769,0.0,0.0
2023-05-22 12:00:00+09:00,6460.0,6480.0,6340.0,6350.0,814843,0.0,0.0
2023-05-22 13:00:00+09:00,6350.0,6430.0,6340.0,6360.0,435373,0.0,0.0
2023-05-22 14:00:00+09:00,6360.0,6390.0,6310.0,6310.0,417700,0.0,0.0
2023-05-23 09:00:00+09:00,6350.0,6370.0,6160.0,6350.0,1254810,0.0,0.0
2023-05-23 10:00:00+09:00,6340.0,6350.0,6250.0,6280.0,386629,0.0,0.0
2023-05-23 11:00:00+09:00,6280.0,6300.0,6230.0,6250.0,209554,0.0,0.0
2023-05-23 12:00:00+09:00,6250.0,6270.0,6210.0,6250.0,185182,0.0,0.0
2023-05-23 13:00:00+09:00,6250.0,6350.0,6250.0,6310.0,296733,0.0,0.0
2023-05-23 14:00:00+09:00,6300.0,6320.0,6250.0,6260.0,203958,0.0,0.0
2023-05-24 09:00:00+09:00,6380.0,6750.0,6320.0,6500.0,5823694,0.0,0.0
2023-05-24 10:00:00+09:00,6490.0,6550.0,6420.0,6510.0,1485558,0.0,0.0
2023-05-24 11:00:00+09:00,6520.0,6770.0,6520.0,6610.0,5366378,0.0,0.0
2023-05-24 12:00:00+09:00,6620.0,6700.0,6550.0,6610.0,1260568,0.0,0.0
2023-05-24 13:00:00+09:00,6620.0,6680.0,6430.0,6480.0,1356927,0.0,0.0
2023-05-24 14:00:00+09:00,6470.0,6490.0,6400.0,6420.0,616976,0.0,0.0
2023-05-25 09:00:00+09:00,6370.0,6590.0,6300.0,6470.0,2209463,0.0,0.0
2023-05-25 10:00:00+09:00,6460.0,6480.0,6370.0,6410.0,570161,0.0,0.0
2023-05-25 11:00:00+09:00,6410.0,6630.0,6400.0,6590.0,2120765,0.0,0.0
2023-05-25 12:00:00+09:00,6590.0,6630.0,6450.0,6590.0,872906,0.0,0.0
2023-05-25 13:00:00+09:00,6590.0,6720.0,6470.0,6470.0,1677789,0.0,0.0
2023-05-25 14:00:00+09:00,6470.0,6500.0,6330.0,6340.0,913738,0.0,0.0
2023-05-26 09:00:00+09:00,6280.0,6400.0,6130.0,6150.0,0,0.0,0.0
2023-05-26 10:00:00+09:00,6140.0,6370.0,6140.0,6280.0,720010,0.0,0.0
2023-05-26 11:00:00+09:00,6280.0,6360.0,6250.0,6280.0,387428,0.0,0.0
2023-05-26 12:00:00+09:00,6280.0,6320.0,6140.0,6180.0,348980,0.0,0.0
2023-05-26 13:00:00+09:00,6180.0,6210.0,6120.0,6150.0,245803,0.0,0.0
2023-05-26 14:00:00+09:00,6150.0,6190.0,6130.0,6130.0,184711,0.0,0.0
2023-05-30 09:00:00+09:00,6140.0,6190.0,5990.0,6060.0,0,0.0,0.0
2023-05-30 10:00:00+09:00,6060.0,6080.0,6010.0,6030.0,136284,0.0,0.0
2023-05-30 11:00:00+09:00,6030.0,6040.0,6000.0,6010.0,116176,0.0,0.0
2023-05-30 12:00:00+09:00,6010.0,6040.0,6000.0,6010.0,97033,0.0,0.0
2023-05-30 13:00:00+09:00,6010.0,6020.0,5990.0,6000.0,150325,0.0,0.0
2023-05-30 14:00:00+09:00,6000.0,6020.0,5910.0,5920.0,330459,0.0,0.0
2023-05-31 09:00:00+09:00,5920.0,6170.0,5890.0,6090.0,978057,0.0,0.0
2023-05-31 10:00:00+09:00,6100.0,6220.0,6090.0,6120.0,676116,0.0,0.0
2023-05-31 11:00:00+09:00,6120.0,6150.0,6090.0,6110.0,140382,0.0,0.0
2023-05-31 12:00:00+09:00,6110.0,6130.0,6080.0,6090.0,93663,0.0,0.0
2023-05-31 13:00:00+09:00,6090.0,6100.0,6020.0,6060.0,119328,0.0,0.0
2023-05-31 14:00:00+09:00,6060.0,6100.0,6050.0,6080.0,116857,0.0,0.0
2023-06-01 09:00:00+09:00,6050.0,6100.0,5990.0,6010.0,0,0.0,0.0
2023-06-01 10:00:00+09:00,6010.0,6030.0,5960.0,5990.0,216118,0.0,0.0
2023-06-01 11:00:00+09:00,5990.0,5990.0,5960.0,5980.0,94254,0.0,0.0
2023-06-01 12:00:00+09:00,5970.0,5990.0,5950.0,5960.0,115320,0.0,0.0
2023-06-01 13:00:00+09:00,5960.0,5970.0,5910.0,5930.0,191218,0.0,0.0
2023-06-01 14:00:00+09:00,5930.0,5970.0,5930.0,5940.0,110939,0.0,0.0
2023-06-02 09:00:00+09:00,6010.0,6120.0,5960.0,6090.0,656398,0.0,0.0
2023-06-02 10:00:00+09:00,6100.0,6130.0,6050.0,6080.0,202415,0.0,0.0
2023-06-02 11:00:00+09:00,6070.0,6090.0,6040.0,6070.0,104759,0.0,0.0
2023-06-02 12:00:00+09:00,6070.0,6070.0,6030.0,6050.0,81447,0.0,0.0
2023-06-02 13:00:00+09:00,6050.0,6070.0,6040.0,6040.0,78271,0.0,0.0
2023-06-02 14:00:00+09:00,6050.0,6120.0,6030.0,6100.0,319208,0.0,0.0
2023-06-05 09:00:00+09:00,6160.0,6250.0,6100.0,6200.0,0,0.0,0.0
2023-06-05 10:00:00+09:00,6190.0,6240.0,6150.0,6190.0,300606,0.0,0.0
2023-06-05 11:00:00+09:00,6190.0,6220.0,6150.0,6210.0,190232,0.0,0.0
2023-06-05 12:00:00+09:00,6210.0,6230.0,6160.0,6180.0,207612,0.0,0.0
2023-06-05 13:00:00+09:00,6180.0,6210.0,6170.0,6180.0,91322,0.0,0.0
2023-06-05 14:00:00+09:00,6170.0,6180.0,6130.0,6170.0,142347,0.0,0.0
2023-06-07 09:00:00+09:00,6290.0,6310.0,6170.0,6200.0,0,0.0,0.0
2023-06-07 10:00:00+09:00,6200.0,6420.0,6200.0,6300.0,1277757,0.0,0.0
2023-06-07 11:00:00+09:00,6300.0,6370.0,6280.0,6330.0,261090,0.0,0.0
2023-06-07 12:00:00+09:00,6330.0,6350.0,6280.0,6280.0,174319,0.0,0.0
2023-06-07 13:00:00+09:00,6290.0,6310.0,6230.0,6250.0,177714,0.0,0.0
2023-06-07 14:00:00+09:00,6250.0,6270.0,6210.0,6240.0,158987,0.0,0.0
2023-06-08 09:00:00+09:00,7120.0,7120.0,6720.0,6760.0,5905317,0.0,0.0
2023-06-08 10:00:00+09:00,6760.0,6800.0,6600.0,6610.0,1603860,0.0,0.0
2023-06-08 11:00:00+09:00,6610.0,6680.0,6500.0,6560.0,1178771,0.0,0.0
2023-06-08 12:00:00+09:00,6570.0,6630.0,6520.0,6580.0,461405,0.0,0.0
2023-06-08 13:00:00+09:00,6580.0,6700.0,6530.0,6580.0,719009,0.0,0.0
2023-06-08 14:00:00+09:00,6580.0,6650.0,6450.0,6490.0,706039,0.0,0.0
2023-06-09 09:00:00+09:00,6600.0,7420.0,6570.0,7090.0,19559572,0.0,0.0
2023-06-09 10:00:00+09:00,7090.0,7190.0,7010.0,7070.0,3733773,0.0,0.0
2023-06-09 11:00:00+09:00,7070.0,7080.0,6860.0,6900.0,2521458,0.0,0.0
2023-06-09 12:00:00+09:00,6890.0,6980.0,6850.0,6960.0,1040146,0.0,0.0
2023-06-09 13:00:00+09:00,6960.0,6980.0,6880.0,6920.0,569976,0.0,0.0
2023-06-09 14:00:00+09:00,6920.0,6990.0,6850.0,6980.0,1084483,0.0,0.0
2023-06-12 09:00:00+09:00,7160.0,7670.0,7080.0,7160.0,0,0.0,0.0
2023-06-12 10:00:00+09:00,7160.0,7290.0,7130.0,7200.0,1308091,0.0,0.0
2023-06-12 11:00:00+09:00,7200.0,7230.0,7110.0,7130.0,558113,0.0,0.0
2023-06-12 12:00:00+09:00,7150.0,7190.0,7110.0,7180.0,424902,0.0,0.0
2023-06-12 13:00:00+09:00,7190.0,7190.0,7110.0,7150.0,312526,0.0,0.0
2023-06-12 14:00:00+09:00,7140.0,7160.0,7070.0,7080.0,565441,0.0,0.0
2023-06-13 09:00:00+09:00,6990.0,7010.0,6750.0,6840.0,0,0.0,0.0
2023-06-13 10:00:00+09:00,6850.0,6970.0,6840.0,6950.0,536925,0.0,0.0
2023-06-13 11:00:00+09:00,6950.0,7010.0,6880.0,6910.0,415287,0.0,0.0
2023-06-13 12:00:00+09:00,6910.0,6930.0,6860.0,6890.0,307805,0.0,0.0
2023-06-13 13:00:00+09:00,6890.0,6910.0,6840.0,6880.0,279585,0.0,0.0
2023-06-13 14:00:00+09:00,6870.0,6920.0,6850.0,6860.0,255133,0.0,0.0
2023-06-14 09:00:00+09:00,7110.0,7120.0,6790.0,6920.0,2014247,0.0,0.0
2023-06-14 10:00:00+09:00,6920.0,6950.0,6820.0,6880.0,450282,0.0,0.0
2023-06-14 11:00:00+09:00,6890.0,6920.0,6810.0,6820.0,241574,0.0,0.0
2023-06-14 12:00:00+09:00,6810.0,6960.0,6800.0,6920.0,557561,0.0,0.0
2023-06-14 13:00:00+09:00,6920.0,7060.0,6840.0,6920.0,1419030,0.0,0.0
2023-06-14 14:00:00+09:00,6910.0,6960.0,6840.0,6900.0,485602,0.0,0.0
2023-06-15 09:00:00+09:00,6880.0,6940.0,6680.0,6770.0,0,0.0,0.0
2023-06-15 10:00:00+09:00,6770.0,6920.0,6720.0,6870.0,659310,0.0,0.0
2023-06-15 11:00:00+09:00,6870.0,6890.0,6750.0,6800.0,303015,0.0,0.0
2023-06-15 12:00:00+09:00,6800.0,6820.0,6760.0,6790.0,121568,0.0,0.0
2023-06-15 13:00:00+09:00,6790.0,6800.0,6740.0,6780.0,205469,0.0,0.0
2023-06-15 14:00:00+09:00,6790.0,6790.0,6730.0,6770.0,175789,0.0,0.0
2023-06-16 09:00:00+09:00,6750.0,6850.0,6640.0,6660.0,725337,0.0,0.0
2023-06-16 10:00:00+09:00,6660.0,6790.0,6590.0,6780.0,468981,0.0,0.0
2023-06-16 11:00:00+09:00,6780.0,6790.0,6690.0,6730.0,161077,0.0,0.0
2023-06-16 12:00:00+09:00,6740.0,6750.0,6680.0,6720.0,109625,0.0,0.0
2023-06-16 13:00:00+09:00,6720.0,6720.0,6660.0,6670.0,108858,0.0,0.0
2023-06-16 14:00:00+09:00,6670.0,6710.0,6630.0,6650.0,183165,0.0,0.0
2023-06-19 09:00:00+09:00,6970.0,7090.0,6850.0,6900.0,1440262,0.0,0.0
2023-06-19 10:00:00+09:00,6890.0,6900.0,6810.0,6860.0,478552,0.0,0.0
2023-06-19 11:00:00+09:00,6870.0,6900.0,6840.0,6850.0,207410,0.0,0.0
2023-06-19 12:00:00+09:00,6850.0,6860.0,6820.0,6860.0,177060,0.0,0.0
2023-06-19 13:00:00+09:00,6860.0,6860.0,6770.0,6790.0,228590,0.0,0.0
2023-06-19 14:00:00+09:00,6790.0,6850.0,6790.0,6820.0,155408,0.0,0.0
2023-06-20 09:00:00+09:00,6810.0,6900.0,6650.0,6680.0,832637,0.0,0.0
2023-06-20 10:00:00+09:00,6680.0,6730.0,6660.0,6730.0,237241,0.0,0.0
2023-06-20 11:00:00+09:00,6690.0,6730.0,6610.0,6620.0,252178,0.0,0.0
2023-06-20 12:00:00+09:00,6620.0,6640.0,6570.0,6610.0,215497,0.0,0.0
2023-06-20 13:00:00+09:00,6610.0,6620.0,6560.0,6600.0,148695,0.0,0.0
2023-06-20 14:00:00+09:00,6600.0,6620.0,6570.0,6590.0,123323,0.0,0.0
2023-06-21 09:00:00+09:00,6620.0,6650.0,6460.0,6470.0,0,0.0,0.0
2023-06-21 10:00:00+09:00,6470.0,6660.0,6470.0,6590.0,495657,0.0,0.0
2023-06-21 11:00:00+09:00,6590.0,6680.0,6560.0,6640.0,225221,0.0,0.0
2023-06-21 12:00:00+09:00,6640.0,6670.0,6620.0,6650.0,140889,0.0,0.0
2023-06-21 13:00:00+09:00,6650.0,6690.0,6570.0,6620.0,202430,0.0,0.0
2023-06-21 14:00:00+09:00,6620.0,6720.0,6590.0,6650.0,260917,0.0,0.0
2023-06-22 09:00:00+09:00,6880.0,6930.0,6710.0,6800.0,2043033,0.0,0.0
2023-06-22 10:00:00+09:00,6800.0,6840.0,6690.0,6740.0,467786,0.0,0.0
2023-06-22 11:00:00+09:00,6730.0,6750.0,6700.0,6740.0,115768,0.0,0.0
2023-06-22 12:00:00+09:00,6730.0,6740.0,6700.0,6720.0,77383,0.0,0.0
2023-06-22 13:00:00+09:00,6720.0,6720.0,6650.0,6690.0,162238,0.0,0.0
2023-06-22 14:00:00+09:00,6690.0,6710.0,6630.0,6640.0,130797,0.0,0.0
2023-06-23 09:00:00+09:00,6620.0,6620.0,6270.0,6420.0,0,0.0,0.0
2023-06-23 10:00:00+09:00,6420.0,6430.0,6320.0,6340.0,163011,0.0,0.0
2023-06-23 11:00:00+09:00,6330.0,6370.0,6300.0,6300.0,97160,0.0,0.0
2023-06-23 12:00:00+09:00,6310.0,6350.0,6270.0,6270.0,162313,0.0,0.0
2023-06-23 13:00:00+09:00,6280.0,6330.0,6270.0,6310.0,91748,0.0,0.0
2023-06-23 14:00:00+09:00,6310.0,6410.0,6300.0,6370.0,108862,0.0,0.0
2023-06-26 09:00:00+09:00,6330.0,6350.0,6050.0,6120.0,0,0.0,0.0
2023-06-26 10:00:00+09:00,6120.0,6170.0,6080.0,6130.0,222316,0.0,0.0
2023-06-26 11:00:00+09:00,6130.0,6170.0,6120.0,6170.0,75299,0.0,0.0
2023-06-26 12:00:00+09:00,6160.0,6180.0,6120.0,6140.0,63686,0.0,0.0
2023-06-26 13:00:00+09:00,6140.0,6160.0,6120.0,6140.0,49093,0.0,0.0
2023-06-26 14:00:00+09:00,6140.0,6150.0,6120.0,6140.0,106064,0.0,0.0
2023-06-27 09:00:00+09:00,6150.0,6180.0,6060.0,6080.0,317644,0.0,0.0
2023-06-27 10:00:00+09:00,6090.0,6090.0,5950.0,5980.0,304325,0.0,0.0
2023-06-27 11:00:00+09:00,5980.0,5990.0,5910.0,5940.0,192040,0.0,0.0
2023-06-27 12:00:00+09:00,5940.0,5960.0,5910.0,5950.0,93128,0.0,0.0
2023-06-27 13:00:00+09:00,5940.0,5950.0,5930.0,5950.0,56053,0.0,0.0
2023-06-27 14:00:00+09:00,5940.0,5960.0,5940.0,5950.0,71844,0.0,0.0
2023-06-28 09:00:00+09:00,5890.0,6190.0,5890.0,6120.0,992244,0.0,0.0
2023-06-28 10:00:00+09:00,6130.0,6130.0,6000.0,6060.0,210862,0.0,0.0
2023-06-28 11:00:00+09:00,6050.0,6180.0,6000.0,6070.0,311502,0.0,0.0
2023-06-28 12:00:00+09:00,6070.0,6130.0,6040.0,6110.0,158310,0.0,0.0
2023-06-28 13:00:00+09:00,6100.0,6110.0,6030.0,6050.0,134765,0.0,0.0
2023-06-28 14:00:00+09:00,6050.0,6060.0,6000.0,6040.0,111215,0.0,0.0
2023-06-29 09:00:00+09:00,6110.0,6120.0,5970.0,6030.0,347569,0.0,0.0
2023-06-29 10:00:00+09:00,6040.0,6090.0,6010.0,6040.0,245505,0.0,0.0
2023-06-29 11:00:00+09:00,6040.0,6050.0,6020.0,6040.0,82267,0.0,0.0
2023-06-29 12:00:00+09:00,6040.0,6040.0,6010.0,6010.0,52207,0.0,0.0
2023-06-29 13:00:00+09:00,6010.0,6030.0,6010.0,6030.0,38757,0.0,0.0
2023-06-29 14:00:00+09:00,6020.0,6020.0,5950.0,5970.0,137653,0.0,0.0
2023-06-30 09:00:00+09:00,6000.0,6220.0,5990.0,6110.0,681079,0.0,0.0
2023-06-30 10:00:00+09:00,6110.0,6170.0,6070.0,6100.0,191219,0.0,0.0
2023-06-30 11:00:00+09:00,6100.0,6160.0,6070.0,6130.0,152024,0.0,0.0
2023-06-30 12:00:00+09:00,6120.0,6140.0,6090.0,6100.0,67824,0.0,0.0
2023-06-30 13:00:00+09:00,6110.0,6110.0,6070.0,6090.0,51226,0.0,0.0
2023-06-30 14:00:00+09:00,6090.0,6110.0,6060.0,6080.0,88841,0.0,0.0
2023-07-03 09:00:00+09:00,6140.0,6200.0,6100.0,6150.0,0,0.0,0.0
2023-07-03 10:00:00+09:00,6160.0,6190.0,6140.0,6180.0,113206,0.0,0.0
2023-07-03 11:00:00+09:00,6180.0,6230.0,6170.0,6210.0,120977,0.0,0.0
2023-07-03 12:00:00+09:00,6210.0,6290.0,6170.0,6180.0,516082,0.0,0.0
2023-07-03 13:00:00+09:00,6180.0,6220.0,6160.0,6170.0,87858,0.0,0.0
2023-07-03 14:00:00+09:00,6170.0,6220.0,6160.0,6200.0,105597,0.0,0.0
2023-07-04 09:00:00+09:00,6150.0,6150.0,6010.0,6020.0,437592,0.0,0.0
2023-07-04 10:00:00+09:00,6020.0,6030.0,6000.0,6020.0,117137,0.0,0.0
2023-07-04 11:00:00+09:00,6020.0,6040.0,6010.0,6030.0,38483,0.0,0.0
2023-07-04 12:00:00+09:00,6030.0,6050.0,6030.0,6050.0,31787,0.0,0.0
2023-07-04 13:00:00+09:00,6050.0,6070.0,6030.0,6060.0,45786,0.0,0.0
2023-07-04 14:00:00+09:00,6060.0,6060.0,6030.0,6030.0,48951,0.0,0.0
2023-07-05 09:00:00+09:00,6150.0,6180.0,6060.0,6070.0,0,0.0,0.0
2023-07-05 10:00:00+09:00,6070.0,6110.0,6030.0,6030.0,272116,0.0,0.0
2023-07-05 11:00:00+09:00,6030.0,6050.0,6000.0,6000.0,124330,0.0,0.0
2023-07-05 12:00:00+09:00,6000.0,6020.0,5990.0,6020.0,56657,0.0,0.0
2023-07-05 13:00:00+09:00,6010.0,6030.0,6000.0,6010.0,50422,0.0,0.0
2023-07-05 14:00:00+09:00,6010.0,6100.0,6000.0,6090.0,118786,0.0,0.0
2023-07-06 09:00:00+09:00,6130.0,6130.0,5950.0,6030.0,0,0.0,0.0
2023-07-06 10:00:00+09:00,6030.0,6050.0,6000.0,6030.0,57720,0.0,0.0
2023-07-06 11:00:00+09:00,6040.0,6060.0,6020.0,6020.0,45403,0.0,0.0
2023-07-06 12:00:00+09:00,6030.0,6070.0,6010.0,6060.0,61041,0.0,0.0
2023-07-06 13:00:00+09:00,6060.0,6110.0,6010.0,6040.0,109727,0.0,0.0
2023-07-06 14:00:00+09:00,6040.0,6050.0,6010.0,6020.0,45251,0.0,0.0
2023-07-07 09:00:00+09:00,5960.0,6010.0,5770.0,5800.0,0,0.0,0.0
2023-07-07 10:00:00+09:00,5800.0,5820.0,5730.0,5750.0,229687,0.0,0.0
2023-07-07 11:00:00+09:00,5750.0,5780.0,5740.0,5770.0,53490,0.0,0.0
2023-07-07 12:00:00+09:00,5770.0,5800.0,5760.0,5770.0,45259,0.0,0.0
2023-07-07 13:00:00+09:00,5770.0,5780.0,5690.0,5720.0,246947,0.0,0.0
2023-07-07 14:00:00+09:00,5720.0,5750.0,5690.0,5720.0,100968,0.0,0.0
2023-07-10 09:00:00+09:00,5680.0,5710.0,5540.0,5680.0,0,0.0,0.0
2023-07-10 10:00:00+09:00,5680.0,5690.0,5620.0,5640.0,91501,0.0,0.0
2023-07-10 11:00:00+09:00,5640.0,5670.0,5620.0,5650.0,45039,0.0,0.0
2023-07-10 12:00:00+09:00,5670.0,5710.0,5660.0,5690.0,80055,0.0,0.0
2023-07-10 13:00:00+09:00,5700.0,5760.0,5670.0,5740.0,76427,0.0,0.0
2023-07-10 14:00:00+09:00,5740.0,5760.0,5700.0,5720.0,68926,0.0,0.0
2023-07-11 09:00:00+09:00,5600.0,5730.0,5600.0,5710.0,0,0.0,0.0
2023-07-11 10:00:00+09:00,5710.0,5720.0,5660.0,5670.0,98275,0.0,0.0
2023-07-11 11:00:00+09:00,5670.0,5680.0,5660.0,5660.0,53729,0.0,0.0
2023-07-11 12:00:00+09:00,5670.0,5680.0,5650.0,5660.0,66043,0.0,0.0
2023-07-11 13:00:00+09:00,5670.0,5670.0,5600.0,5650.0,72752,0.0,0.0
2023-07-11 14:00:00+09:00,5650.0,5650.0,5620.0,5630.0,41783,0.0,0.0
2023-07-12 09:00:00+09:00,5720.0,5720.0,5620.0,5670.0,133114,0.0,0.0
2023-07-12 10:00:00+09:00,5670.0,5670.0,5640.0,5650.0,51476,0.0,0.0
2023-07-12 11:00:00+09:00,5650.0,5660.0,5630.0,5640.0,35772,0.0,0.0
2023-07-12 12:00:00+09:00,5630.0,5650.0,5630.0,5640.0,33461,0.0,0.0
2023-07-12 13:00:00+09:00,5650.0,5660.0,5630.0,5640.0,49336,0.0,0.0
2023-07-12 14:00:00+09:00,5640.0,5650.0,5620.0,5630.0,61192,0.0,0.0
2023-07-13 09:00:00+09:00,5600.0,5720.0,5590.0,5700.0,0,0.0,0.0
2023-07-13 10:00:00+09:00,5700.0,5860.0,5690.0,5740.0,640243,0.0,0.0
2023-07-13 11:00:00+09:00,5750.0,5760.0,5700.0,5710.0,85786,0.0,0.0
2023-07-13 12:00:00+09:00,5710.0,5750.0,5710.0,5720.0,64802,0.0,0.0
2023-07-13 13:00:00+09:00,5720.0,5720.0,5660.0,5690.0,78020,0.0,0.0
2023-07-13 14:00:00+09:00,5680.0,5720.0,5680.0,5690.0,47377,0.0,0.0
2023-07-14 09:00:00+09:00,5890.0,6000.0,5810.0,5840.0,0,0.0,0.0
2023-07-14 10:00:00+09:00,5840.0,5890.0,5820.0,5870.0,142833,0.0,0.0
2023-07-14 11:00:00+09:00,5880.0,6110.0,5860.0,6030.0,1008252,0.0,0.0
2023-07-14 12:00:00+09:00,6020.0,6070.0,5950.0,5970.0,304389,0.0,0.0
2023-07-14 13:00:00+09:00,5970.0,6480.0,5960.0,6250.0,4981226,0.0,0.0
2023-07-14 14:00:00+09:00,6250.0,6760.0,6210.0,6370.0,9944629,0.0,0.0
2023-07-17 09:00:00+09:00,6370.0,6470.0,6190.0,6230.0,0,0.0,0.0
2023-07-17 10:00:00+09:00,6230.0,6270.0,6100.0,6230.0,588184,0.0,0.0
2023-07-17 11:00:00+09:00,6230.0,6310.0,6190.0,6220.0,288791,0.0,0.0
2023-07-17 12:00:00+09:00,6220.0,6250.0,6180.0,6200.0,147962,0.0,0.0
2023-07-17 13:00:00+09:00,6200.0,6260.0,6150.0,6260.0,184350,0.0,0.0
2023-07-17 14:00:00+09:00,6250.0,6340.0,6250.0,6330.0,323331,0.0,0.0
2023-07-18 09:00:00+09:00,7050.0,7200.0,6530.0,6550.0,7490253,0.0,0.0
2023-07-18 10:00:00+09:00,6550.0,6580.0,6420.0,6560.0,1199992,0.0,0.0
2023-07-18 11:00:00+09:00,6560.0,6590.0,6460.0,6520.0,452651,0.0,0.0
2023-07-18 12:00:00+09:00,6520.0,6570.0,6420.0,6460.0,408113,0.0,0.0
2023-07-18 13:00:00+09:00,6450.0,6500.0,6360.0,6430.0,489552,0.0,0.0
2023-07-18 14:00:00+09:00,6430.0,6450.0,6350.0,6380.0,429787,0.0,0.0
2023-07-19 09:00:00+09:00,6730.0,6950.0,6510.0,6510.0,4438096,0.0,0.0
2023-07-19 10:00:00+09:00,6520.0,6630.0,6470.0,6600.0,584331,0.0,0.0
2023-07-19 11:00:00+09:00,6590.0,6830.0,6540.0,6660.0,1636908,0.0,0.0
2023-07-19 12:00:00+09:00,6660.0,6690.0,6600.0,6640.0,335565,0.0,0.0
2023-07-19 13:00:00+09:00,6660.0,6670.0,6580.0,6650.0,399454,0.0,0.0
2023-07-19 14:00:00+09:00,6650.0,6690.0,6580.0,6670.0,365250,0.0,0.0
2023-07-20 09:00:00+09:00,6930.0,6940.0,6610.0,6620.0,2587023,0.0,0.0
2023-07-20 10:00:00+09:00,6620.0,6690.0,6490.0,6560.0,643601,0.0,0.0
2023-07-20 11:00:00+09:00,6550.0,6620.0,6520.0,6600.0,299192,0.0,0.0
2023-07-20 12:00:00+09:00,6600.0,6600.0,6530.0,6540.0,157117,0.0,0.0
2023-07-20 13:00:00+09:00,6540.0,6570.0,6520.0,6560.0,182831,0.0,0.0
2023-07-20 14:00:00+09:00,6560.0,6580.0,6520.0,6560.0,189636,0.0,0.0
2023-07-21 09:00:00+09:00,6660.0,6730.0,6320.0,6390.0,1702463,0.0,0.0
2023-07-21 10:00:00+09:00,6370.0,6390.0,6300.0,6320.0,321905,0.0,0.0
2023-07-21 11:00:00+09:00,6320.0,6330.0,6280.0,6290.0,214843,0.0,0.0
2023-07-21 12:00:00+09:00,6290.0,6330.0,6270.0,6280.0,161144,0.0,0.0
2023-07-21 13:00:00+09:00,6280.0,6310.0,6220.0,6300.0,256644,0.0,0.0
2023-07-21 14:00:00+09:00,6300.0,6310.0,6240.0,6260.0,257522,0.0,0.0
2023-07-24 09:00:00+09:00,6260.0,6290.0,6000.0,6060.0,0,0.0,0.0
2023-07-24 10:00:00+09:00,6050.0,6060.0,5920.0,5950.0,413507,0.0,0.0
2023-07-24 11:00:00+09:00,5950.0,5960.0,5860.0,5890.0,296929,0.0,0.0
2023-07-24 12:00:00+09:00,5890.0,5940.0,5860.0,5900.0,155862,0.0,0.0
2023-07-24 13:00:00+09:00,5900.0,5990.0,5880.0,5960.0,170266,0.0,0.0
2023-07-24 14:00:00+09:00,5960.0,5980.0,5910.0,5920.0,153010,0.0,0.0
2023-07-25 09:00:00+09:00,6090.0,6280.0,6020.0,6080.0,1310360,0.0,0.0
2023-07-25 10:00:00+09:00,6090.0,6260.0,6070.0,6090.0,694601,0.0,0.0
2023-07-25 11:00:00+09:00,6090.0,6120.0,6030.0,6060.0,168571,0.0,0.0
2023-07-25 12:00:00+09:00,6060.0,6060.0,6000.0,6010.0,168698,0.0,0.0
2023-07-25 13:00:00+09:00,6020.0,6080.0,5970.0,5980.0,189362,0.0,0.0
2023-07-25 14:00:00+09:00,5970.0,6000.0,5880.0,5910.0,251159,0.0,0.0
2023-07-26 09:00:00+09:00,5890.0,6060.0,5650.0,5670.0,966876,0.0,0.0
2023-07-26 10:00:00+09:00,5670.0,5710.0,5520.0,5630.0,552059,0.0,0.0
2023-07-26 11:00:00+09:00,5620.0,5650.0,5560.0,5620.0,161890,0.0,0.0
2023-07-26 12:00:00+09:00,5620.0,5640.0,5540.0,5550.0,190516,0.0,0.0
2023-07-26 13:00:00+09:00,5560.0,5640.0,5520.0,5520.0,291376,0.0,0.0
2023-07-26 14:00:00+09:00,5520.0,5680.0,5510.0,5670.0,281649,0.0,0.0
2023-07-27 09:00:00+09:00,5670.0,5850.0,5650.0,5840.0,671366,0.0,0.0
2023-07-27 10:00:00+09:00,5850.0,5890.0,5740.0,5860.0,500618,0.0,0.0
2023-07-27 11:00:00+09:00,5860.0,5860.0,5740.0,5750.0,210415,0.0,0.0
2023-07-27 12:00:00+09:00,5750.0,5780.0,5700.0,5700.0,188238,0.0,0.0
2023-07-27 13:00:00+09:00,5700.0,5720.0,5670.0,5700.0,110446,0.0,0.0
2023-07-27 14:00:00+09:00,5700.0,5720.0,5670.0,5720.0,103412,0.0,0.0
2023-07-28 09:00:00+09:00,5670.0,5670.0,5470.0,5520.0,367151,0.0,0.0
2023-07-28 10:00:00+09:00,5520.0,5640.0,5510.0,5640.0,107390,0.0,0.0
2023-07-28 11:00:00+09:00,5640.0,5720.0,5600.0,5650.0,226299,0.0,0.0
2023-07-28 12:00:00+09:00,5650.0,5660.0,5610.0,5640.0,71086,0.0,0.0
2023-07-28 13:00:00+09:00,5640.0,5650.0,5600.0,5640.0,62725,0.0,0.0
2023-07-28 14:00:00+09:00,5640.0,5660.0,5610.0,5640.0,94100,0.0,0.0
2023-07-31 09:00:00+09:00,5650.0,5730.0,5610.0,5670.0,0,0.0,0.0
2023-07-31 10:00:00+09:00,5670.0,5730.0,5650.0,5710.0,188126,0.0,0.0
2023-07-31 11:00:00+09:00,5710.0,5740.0,5700.0,5730.0,109947,0.0,0.0
2023-07-31 12:00:00+09:00,5720.0,5740.0,5700.0,5730.0,66071,0.0,0.0
2023-07-31 13:00:00+09:00,5730.0,5730.0,5710.0,5720.0,62080,0.0,0.0
2023-07-31 14:00:00+09:00,5720.0,5730.0,5710.0,5710.0,78011,0.0,0.0
2023-08-01 09:00:00+09:00,5760.0,5760.0,5610.0,5710.0,367077,0.0,0.0
2023-08-01 10:00:00+09:00,5710.0,5830.0,5690.0,5790.0,304077,0.0,0.0
2023-08-01 11:00:00+09:00,5790.0,5970.0,5760.0,5870.0,866480,0.0,0.0
2023-08-01 12:00:00+09:00,5860.0,5870.0,5790.0,5810.0,190496,0.0,0.0
2023-08-01 13:00:00+09:00,5800.0,5810.0,5680.0,5710.0,239107,0.0,0.0
2023-08-01 14:00:00+09:00,5710.0,5760.0,5700.0,5750.0,65162,0.0,0.0
2023-08-02 09:00:00+09:00,5720.0,5920.0,5710.0,5850.0,698574,0.0,0.0
2023-08-02 10:00:00+09:00,5840.0,6030.0,5830.0,5840.0,793892,0.0,0.0
2023-08-02 11:00:00+09:00,5830.0,5860.0,5770.0,5840.0,182804,0.0,0.0
2023-08-02 12:00:00+09:00,5820.0,5840.0,5790.0,5830.0,59784,0.0,0.0
2023-08-02 13:00:00+09:00,5830.0,5830.0,5760.0,5790.0,115606,0.0,0.0
2023-08-02 14:00:00+09:00,5790.0,5830.0,5760.0,5770.0,88218,0.0,0.0
2023-08-03 09:00:00+09:00,5770.0,5810.0,5580.0,5690.0,481870,0.0,0.0
2023-08-03 10:00:00+09:00,5680.0,5700.0,5560.0,5580.0,317697,0.0,0.0
2023-08-03 11:00:00+09:00,5570.0,5620.0,5500.0,5520.0,227332,0.0,0.0
2023-08-03 12:00:00+09:00,5520.0,5580.0,5510.0,5560.0,96823,0.0,0.0
2023-08-03 13:00:00+09:00,5560.0,5600.0,5550.0,5580.0,43968,0.0,0.0
2023-08-03 14:00:00+09:00,5580.0,5600.0,5550.0,5550.0,80862,0.0,0.0
2023-08-04 09:00:00+09:00,5530.0,5780.0,5520.0,5760.0,633749,0.0,0.0
2023-08-04 10:00:00+09:00,5770.0,5840.0,5650.0,5670.0,489075,0.0,0.0
2023-08-04 11:00:00+09:00,5670.0,5700.0,5630.0,5640.0,103186,0.0,0.0
2023-08-04 12:00:00+09:00,5640.0,5650.0,5570.0,5590.0,124379,0.0,0.0
2023-08-04 13:00:00+09:00,5590.0,5660.0,5590.0,5630.0,60702,0.0,0.0
2023-08-04 14:00:00+09:00,5630.0,5690.0,5610.0,5620.0,82385,0.0,0.0
2023-08-07 09:00:00+09:00,5850.0,6100.0,5720.0,5750.0,0,0.0,0.0
2023-08-07 10:00:00+09:00,5750.0,5910.0,5720.0,5900.0,309197,0.0,0.0
2023-08-07 11:00:00+09:00,5900.0,6150.0,5870.0,5960.0,1411228,0.0,0.0
2023-08-07 12:00:00+09:00,5970.0,6040.0,5910.0,5930.0,344912,0.0,0.0
2023-08-07 13:00:00+09:00,5920.0,5990.0,5860.0,5930.0,213572,0.0,0.0
2023-08-07 14:00:00+09:00,5930.0,6060.0,5930.0,6040.0,593142,0.0,0.0
2023-08-08 09:00:00+09:00,6050.0,6170.0,5720.0,5800.0,1672751,0.0,0.0
2023-08-08 10:00:00+09:00,5800.0,5840.0,5780.0,5800.0,251997,0.0,0.0
2023-08-08 11:00:00+09:00,5790.0,5880.0,5770.0,5840.0,238792,0.0,0.0
2023-08-08 12:00:00+09:00,5840.0,5860.0,5810.0,5840.0,73621,0.0,0.0
2023-08-08 13:00:00+09:00,5840.0,5890.0,5820.0,5820.0,126067,0.0,0.0
2023-08-08 14:00:00+09:00,5830.0,5850.0,5760.0,5790.0,200287,0.0,0.0
2023-08-09 09:00:00+09:00,5760.0,5880.0,5630.0,5860.0,472222,0.0,0.0
2023-08-09 10:00:00+09:00,5870.0,5940.0,5810.0,5820.0,444838,0.0,0.0
2023-08-09 11:00:00+09:00,5820.0,5850.0,5800.0,5820.0,77641,0.0,0.0
2023-08-09 12:00:00+09:00,5820.0,5830.0,5760.0,5800.0,64186,0.0,0.0
2023-08-09 13:00:00+09:00,5810.0,5830.0,5760.0,5810.0,78498,0.0,0.0
2023-08-09 14:00:00+09:00,5810.0,5850.0,5800.0,5820.0,73452,0.0,0.0
2023-08-10 09:00:00+09:00,5820.0,5920.0,5750.0,5800.0,410343,0.0,0.0
2023-08-10 10:00:00+09:00,5800.0,5820.0,5760.0,5810.0,121565,0.0,0.0
2023-08-10 11:00:00+09:00,5810.0,5840.0,5780.0,5810.0,48323,0.0,0.0
2023-08-10 12:00:00+09:00,5800.0,5820.0,5790.0,5800.0,36259,0.0,0.0
2023-08-10 13:00:00+09:00,5790.0,5800.0,5780.0,5790.0,45658,0.0,0.0
2023-08-10 14:00:00+09:00,5780.0,5790.0,5760.0,5770.0,92690,0.0,0.0
2023-08-11 09:00:00+09:00,5740.0,5870.0,5710.0,5830.0,0,0.0,0.0
2023-08-11 10:00:00+09:00,5820.0,5850.0,5720.0,5780.0,314614,0.0,0.0
2023-08-11 11:00:00+09:00,5780.0,5810.0,5750.0,5770.0,59600,0.0,0.0
2023-08-11 12:00:00+09:00,5770.0,5800.0,5750.0,5760.0,79886,0.0,0.0
2023-08-11 13:00:00+09:00,5760.0,5780.0,5750.0,5760.0,59088,0.0,0.0
2023-08-11 14:00:00+09:00,5760.0,5770.0,5750.0,5760.0,68740,0.0,0.0
2023-08-14 09:00:00+09:00,5780.0,5780.0,5590.0,5640.0,0,0.0,0.0
2023-08-14 10:00:00+09:00,5640.0,5660.0,5600.0,5640.0,111673,0.0,0.0
2023-08-14 11:00:00+09:00,5640.0,5640.0,5600.0,5610.0,72508,0.0,0.0
2023-08-14 12:00:00+09:00,5610.0,5640.0,5600.0,5610.0,41758,0.0,0.0
2023-08-14 13:00:00+09:00,5610.0,5630.0,5610.0,5610.0,28559,0.0,0.0
2023-08-14 14:00:00+09:00,5620.0,5630.0,5610.0,5630.0,51587,0.0,0.0
2023-08-16 09:00:00+09:00,5580.0,5580.0,5330.0,5370.0,0,0.0,0.0
2023-08-16 10:00:00+09:00,5370.0,5420.0,5360.0,5410.0,76259,0.0,0.0
2023-08-16 11:00:00+09:00,5400.0,5410.0,5350.0,5370.0,97587,0.0,0.0
2023-08-16 12:00:00+09:00,5350.0,5380.0,5340.0,5360.0,66872,0.0,0.0
2023-08-16 13:00:00+09:00,5360.0,5370.0,5340.0,5340.0,83445,0.0,0.0
2023-08-16 14:00:00+09:00,5340.0,5350.0,5300.0,5320.0,154930,0.0,0.0
2023-08-17 09:00:00+09:00,5300.0,5300.0,5050.0,5150.0,355694,0.0,0.0
2023-08-17 10:00:00+09:00,5150.0,5170.0,5080.0,5120.0,111781,0.0,0.0
2023-08-17 11:00:00+09:00,5130.0,5180.0,5120.0,5180.0,52681,0.0,0.0
2023-08-17 12:00:00+09:00,5180.0,5210.0,5160.0,5200.0,49083,0.0,0.0
2023-08-17 13:00:00+09:00,5190.0,5260.0,5170.0,5240.0,89807,0.0,0.0
2023-08-17 14:00:00+09:00,5230.0,5240.0,5170.0,5200.0,54209,0.0,0.0
2023-08-18 09:00:00+09:00,5060.0,5150.0,5010.0,5060.0,163489,0.0,0.0
2023-08-18 10:00:00+09:00,5060.0,5120.0,5040.0,5090.0,71004,0.0,0.0
2023-08-18 11:00:00+09:00,5090.0,5170.0,5080.0,5130.0,40864,0.0,0.0
2023-08-18 12:00:00+09:00,5120.0,5140.0,5110.0,5110.0,29675,0.0,0.0
2023-08-18 13:00:00+09:00,5130.0,5130.0,5050.0,5080.0,51374,0.0,0.0
2023-08-18 14:00:00+09:00,5070.0,5130.0,5070.0,5130.0,51447,0.0,0.0
2023-08-21 09:00:00+09:00,5120.0,5280.0,5100.0,5270.0,0,0.0,0.0
2023-08-21 10:00:00+09:00,5260.0,5320.0,5160.0,5190.0,273992,0.0,0.0
2023-08-21 11:00:00+09:00,5190.0,5200.0,5150.0,5160.0,72210,0.0,0.0
2023-08-21 12:00:00+09:00,5160.0,5190.0,5150.0,5170.0,32968,0.0,0.0
2023-08-21 13:00:00+09:00,5170.0,5170.0,5130.0,5160.0,51592,0.0,0.0
2023-08-21 14:00:00+09:00,5150.0,5160.0,5140.0,5160.0,55236,0.0,0.0
2023-08-22 09:00:00+09:00,5150.0,5270.0,5100.0,5260.0,244989,0.0,0.0
2023-08-22 10:00:00+09:00,5260.0,5340.0,5180.0,5290.0,326118,0.0,0.0
2023-08-22 11:00:00+09:00,5290.0,5550.0,5240.0,5340.0,1103652,0.0,0.0
2023-08-22 12:00:00+09:00,5340.0,5390.0,5270.0,5370.0,181071,0.0,0.0
2023-08-22 13:00:00+09:00,5370.0,5430.0,5340.0,5350.0,154262,0.0,0.0
2023-08-22 14:00:00+09:00,5350.0,5380.0,5310.0,5310.0,129185,0.0,0.0
2023-08-23 09:00:00+09:00,5320.0,5320.0,5120.0,5170.0,0,0.0,0.0
2023-08-23 10:00:00+09:00,5190.0,5290.0,5150.0,5250.0,130932,0.0,0.0
2023-08-23 11:00:00+09:00,5250.0,5260.0,5170.0,5200.0,49813,0.0,0.0
2023-08-23 12:00:00+09:00,5200.0,5200.0,5160.0,5170.0,35415,0.0,0.0
2023-08-23 13:00:00+09:00,5160.0,5170.0,5130.0,5140.0,89927,0.0,0.0
2023-08-23 14:00:00+09:00,5140.0,5180.0,5120.0,5160.0,79342,0.0,0.0
2023-08-24 09:00:00+09:00,5140.0,5300.0,5130.0,5210.0,500794,0.0,0.0
2023-08-24 10:00:00+09:00,5210.0,5220.0,5170.0,5200.0,115287,0.0,0.0
2023-08-24 11:00:00+09:00,5210.0,5220.0,5180.0,5200.0,45248,0.0,0.0
2023-08-24 12:00:00+09:00,5210.0,5210.0,5180.0,5190.0,44093,0.0,0.0
2023-08-24 13:00:00+09:00,5190.0,5200.0,5160.0,5160.0,81293,0.0,0.0
2023-08-24 14:00:00+09:00,5150.0,5180.0,5140.0,5150.0,94212,0.0,0.0
2023-08-25 09:00:00+09:00,5250.0,5430.0,5250.0,5280.0,888901,0.0,0.0
2023-08-25 10:00:00+09:00,5280.0,5310.0,5210.0,5250.0,144292,0.0,0.0
2023-08-25 11:00:00+09:00,5230.0,5330.0,5220.0,5290.0,128327,0.0,0.0
2023-08-25 12:00:00+09:00,5310.0,5330.0,5260.0,5260.0,80099,0.0,0.0
2023-08-25 13:00:00+09:00,5270.0,5290.0,5250.0,5260.0,32537,0.0,0.0
2023-08-25 14:00:00+09:00,5260.0,5270.0,5220.0,5250.0,50604,0.0,0.0
2023-08-28 09:00:00+09:00,5400.0,5400.0,5280.0,5350.0,0,0.0,0.0
2023-08-28 10:00:00+09:00,5350.0,5380.0,5320.0,5350.0,106881,0.0,0.0
2023-08-28 11:00:00+09:00,5360.0,5370.0,5340.0,5350.0,43620,0.0,0.0
2023-08-28 12:00:00+09:00,5350.0,5350.0,5320.0,5330.0,37951,0.0,0.0
2023-08-28 13:00:00+09:00,5330.0,5360.0,5310.0,5340.0,58218,0.0,0.0
2023-08-28 14:00:00+09:00,5330.0,5410.0,5310.0,5370.0,147413,0.0,0.0
2023-08-29 09:00:00+09:00,5380.0,5420.0,5270.0,5410.0,246046,0.0,0.0
2023-08-29 10:00:00+09:00,5410.0,5420.0,5380.0,5380.0,79796,0.0,0.0
2023-08-29 11:00:00+09:00,5380.0,5390.0,5360.0,5380.0,38702,0.0,0.0
2023-08-29 12:00:00+09:00,5370.0,5380.0,5340.0,5360.0,33760,0.0,0.0
2023-08-29 13:00:00+09:00,5360.0,5370.0,5320.0,5350.0,60197,0.0,0.0
2023-08-29 14:00:00+09:00,5350.0,5360.0,5330.0,5350.0,38064,0.0,0.0
2023-08-30 09:00:00+09:00,5350.0,5410.0,5310.0,5350.0,351191,0.0,0.0
2023-08-30 10:00:00+09:00,5350.0,5360.0,5310.0,5320.0,70159,0.0,0.0
2023-08-30 11:00:00+09:00,5320.0,5330.0,5290.0,5310.0,76616,0.0,0.0
2023-08-30 12:00:00+09:00,5310.0,5310.0,5290.0,5310.0,36480,0.0,0.0
2023-08-30 13:00:00+09:00,5310.0,5320.0,5280.0,5290.0,33391,0.0,0.0
2023-08-30 14:00:00+09:00,5290.0,5310.0,5280.0,5290.0,31594,0.0,0.0
2023-08-31 09:00:00+09:00,5310.0,5330.0,5270.0,5280.0,77314,0.0,0.0
2023-08-31 10:00:00+09:00,5290.0,5350.0,5270.0,5330.0,107128,0.0,0.0
2023-08-31 11:00:00+09:00,5340.0,5370.0,5310.0,5320.0,251643,0.0,0.0
2023-08-31 12:00:00+09:00,5320.0,5320.0,5280.0,5290.0,38736,0.0,0.0
2023-08-31 13:00:00+09:00,5290.0,5300.0,5270.0,5280.0,38403,0.0,0.0
2023-08-31 14:00:00+09:00,5280.0,5290.0,5270.0,5280.0,44914,0.0,0.0
2023-09-01 09:00:00+09:00,5270.0,5280.0,5180.0,5180.0,169060,0.0,0.0
2023-09-01 10:00:00+09:00,5200.0,5210.0,5160.0,5180.0,65606,0.0,0.0
2023-09-01 11:00:00+09:00,5180.0,5180.0,5160.0,5170.0,41563,0.0,0.0
2023-09-01 12:00:00+09:00,5170.0,5180.0,5160.0,5160.0,34644,0.0,0.0
2023-09-01 13:00:00+09:00,5160.0,5180.0,5150.0,5160.0,50282,0.0,0.0
2023-09-01 14:00:00+09:00,5150.0,5170.0,5150.0,5160.0,44963,0.0,0.0
2023-09-04 09:00:00+09:00,5170.0,5190.0,5100.0,5160.0,0,0.0,0.0
2023-09-04 10:00:00+09:00,5160.0,5160.0,5100.0,5130.0,101705,0.0,0.0
2023-09-04 11:00:00+09:00,5130.0,5150.0,5120.0,5130.0,31446,0.0,0.0
2023-09-04 12:00:00+09:00,5130.0,5140.0,5110.0,5140.0,25584,0.0,0.0
2023-09-04 13:00:00+09:00,5140.0,5150.0,5120.0,5130.0,23402,0.0,0.0
2023-09-04 14:00:00+09:00,5130.0,5140.0,5120.0,5120.0,32317,0.0,0.0
2023-09-05 09:00:00+09:00,5150.0,5300.0,5140.0,5200.0,488676,0.0,0.0
2023-09-05 10:00:00+09:00,5200.0,5210.0,5150.0,5190.0,79468,0.0,0.0
2023-09-05 11:00:00+09:00,5180.0,5200.0,5150.0,5180.0,40936,0.0,0.0
2023-09-05 12:00:00+09:00,5190.0,5190.0,5150.0,5150.0,41948,0.0,0.0
2023-09-05 13:00:00+09:00,5150.0,5180.0,5150.0,5170.0,12486,0.0,0.0
2023-09-05 14:00:00+09:00,5170.0,5180.0,5150.0,5180.0,54127,0.0,0.0
2023-09-06 09:00:00+09:00,5190.0,5220.0,5150.0,5210.0,123207,0.0,0.0
2023-09-06 10:00:00+09:00,5200.0,5210.0,5180.0,5190.0,30231,0.0,0.0
2023-09-06 11:00:00+09:00,5190.0,5200.0,5180.0,5180.0,25560,0.0,0.0
2023-09-06 12:00:00+09:00,5180.0,5200.0,5170.0,5180.0,35994,0.0,0.0
2023-09-06 13:00:00+09:00,5180.0,5180.0,5120.0,5170.0,89697,0.0,0.0
2023-09-06 14:00:00+09:00,5150.0,5170.0,5110.0,5130.0,56885,0.0,0.0
2023-09-07 09:00:00+09:00,5120.0,5190.0,5030.0,5040.0,201062,0.0,0.0
2023-09-07 10:00:00+09:00,5040.0,5050.0,5000.0,5020.0,123768,0.0,0.0
2023-09-07 11:00:00+09:00,5020.0,5100.0,5020.0,5090.0,55137,0.0,0.0
2023-09-07 12:00:00+09:00,5080.0,5080.0,5060.0,5070.0,14412,0.0,0.0
2023-09-07 13:00:00+09:00,5070.0,5120.0,5040.0,5060.0,147940,0.0,0.0
2023-09-07 14:00:00+09:00,5070.0,5100.0,5040.0,5040.0,43995,0.0,0.0
2023-09-08 09:00:00+09:00,5540.0,5940.0,5470.0,5550.0,6790181,0.0,0.0
2023-09-08 10:00:00+09:00,5540.0,5640.0,5320.0,5440.0,1675964,0.0,0.0
2023-09-08 11:00:00+09:00,5440.0,5480.0,5340.0,5370.0,460321,0.0,0.0
2023-09-08 12:00:00+09:00,5370.0,5400.0,5250.0,5280.0,462793,0.0,0.0
2023-09-08 13:00:00+09:00,5290.0,5320.0,5210.0,5240.0,198267,0.0,0.0
2023-09-08 14:00:00+09:00,5250.0,5250.0,5150.0,5180.0,283238,0.0,0.0
2023-09-11 09:00:00+09:00,5160.0,5170.0,5090.0,5090.0,0,0.0,0.0
2023-09-11 10:00:00+09:00,5090.0,5190.0,5090.0,5180.0,114428,0.0,0.0
2023-09-11 11:00:00+09:00,5170.0,5180.0,5130.0,5160.0,52997,0.0,0.0
2023-09-11 12:00:00+09:00,5160.0,5160.0,5130.0,5130.0,29061,0.0,0.0
2023-09-11 13:00:00+09:00,5130.0,5150.0,5130.0,5150.0,26793,0.0,0.0
2023-09-11 14:00:00+09:00,5150.0,5160.0,5130.0,5140.0,79624,0.0,0.0
2023-09-12 09:00:00+09:00,5140.0,5260.0,5100.0,5160.0,452999,0.0,0.0
2023-09-12 10:00:00+09:00,5160.0,5180.0,5140.0,5150.0,86104,0.0,0.0
2023-09-12 11:00:00+09:00,5150.0,5150.0,5120.0,5140.0,57903,0.0,0.0
2023-09-12 12:00:00+09:00,5140.0,5140.0,5110.0,5140.0,71005,0.0,0.0
2023-09-12 13:00:00+09:00,5140.0,5150.0,5100.0,5120.0,69735,0.0,0.0
2023-09-12 14:00:00+09:00,5120.0,5130.0,5100.0,5110.0,76103,0.0,0.0
2023-09-13 09:00:00+09:00,5060.0,5300.0,5060.0,5170.0,476646,0.0,0.0
2023-09-13 10:00:00+09:00,5160.0,5180.0,5140.0,5150.0,70221,0.0,0.0
2023-09-13 11:00:00+09:00,5150.0,5190.0,5130.0,5160.0,75256,0.0,0.0
2023-09-13 12:00:00+09:00,5180.0,5240.0,5160.0,5190.0,96568,0.0,0.0
2023-09-13 13:00:00+09:00,5180.0,5190.0,5150.0,5190.0,51723,0.0,0.0
2023-09-13 14:00:00+09:00,5190.0,5190.0,5120.0,5130.0,75998,0.0,0.0
2023-09-14 09:00:00+09:00,5130.0,5160.0,5080.0,5120.0,153374,0.0,0.0
2023-09-14 10:00:00+09:00,5110.0,5150.0,5080.0,5110.0,72126,0.0,0.0
2023-09-14 11:00:00+09:00,5110.0,5130.0,5100.0,5120.0,32200,0.0,0.0
2023-09-14 12:00:00+09:00,5120.0,5130.0,5110.0,5130.0,19307,0.0,0.0
2023-09-14 13:00:00+09:00,5130.0,5130.0,5100.0,5110.0,34485,0.0,0.0
2023-09-14 14:00:00+09:00,5110.0,5120.0,5100.0,5110.0,42702,0.0,0.0
2023-09-15 09:00:00+09:00,5110.0,5160.0,5100.0,5130.0,109414,0.0,0.0
2023-09-15 10:00:00+09:00,5130.0,5160.0,5120.0,5150.0,46871,0.0,0.0
2023-09-15 11:00:00+09:00,5150.0,5180.0,5140.0,5160.0,43754,0.0,0.0
2023-09-15 12:00:00+09:00,5150.0,5180.0,5140.0,5180.0,41659,0.0,0.0
2023-09-15 13:00:00+09:00,5180.0,5190.0,5160.0,5160.0,41517,0.0,0.0
2023-09-15 14:00:00+09:00,5160.0,5180.0,5160.0,5180.0,29704,0.0,0.0
2023-09-18 09:00:00+09:00,5160.0,5220.0,5130.0,5160.0,0,0.0,0.0
2023-09-18 10:00:00+09:00,5170.0,5180.0,5110.0,5140.0,65229,0.0,0.0
2023-09-18 11:00:00+09:00,5140.0,5150.0,5120.0,5130.0,17903,0.0,0.0
2023-09-18 12:00:00+09:00,5130.0,5150.0,5120.0,5140.0,28329,0.0,0.0
2023-09-18 13:00:00+09:00,5130.0,5140.0,5120.0,5140.0,53484,0.0,0.0
2023-09-18 14:00:00+09:00,5130.0,5140.0,5110.0,5120.0,34145,0.0,0.0
2023-09-19 09:00:00+09:00,5080.0,5130.0,5050.0,5070.0,116446,0.0,0.0
2023-09-19 10:00:00+09:00,5070.0,5070.0,5040.0,5060.0,84820,0.0,0.0
2023-09-19 11:00:00+09:00,5060.0,5060.0,5040.0,5050.0,29768,0.0,0.0
2023-09-19 12:00:00+09:00,5050.0,5060.0,5040.0,5060.0,25812,0.0,0.0
2023-09-19 13:00:00+09:00,5040.0,5060.0,5040.0,5040.0,25762,0.0,0.0
2023-09-19 14:00:00+09:00,5050.0,5060.0,5040.0,5040.0,22433,0.0,0.0
2023-09-20 09:00:00+09:00,5050.0,5060.0,5000.0,5010.0,106233,0.0,0.0
2023-09-20 10:00:00+09:00,5000.0,5020.0,4995.0,5000.0,82087,0.0,0.0
2023-09-20 11:00:00+09:00,5000.0,5010.0,4995.0,5000.0,28648,0.0,0.0
2023-09-20 12:00:00+09:00,5000.0,5000.0,4985.0,4990.0,46399,0.0,0.0
2023-09-20 13:00:00+09:00,4990.0,4995.0,4985.0,4990.0,42320,0.0,0.0
2023-09-20 14:00:00+09:00,4990.0,5000.0,4985.0,4995.0,25923,0.0,0.0
2023-09-21 09:00:00+09:00,4975.0,4975.0,4885.0,4890.0,119225,0.0,0.0
2023-09-21 10:00:00+09:00,4890.0,4895.0,4875.0,4880.0,49162,0.0,0.0
2023-09-21 11:00:00+09:00,4880.0,4880.0,4860.0,4865.0,40529,0.0,0.0
2023-09-21 12:00:00+09:00,4860.0,4865.0,4830.0,4835.0,56882,0.0,0.0
2023-09-21 13:00:00+09:00,4835.0,4835.0,4770.0,4800.0,96422,0.0,0.0
2023-09-21 14:00:00+09:00,4795.0,4820.0,4785.0,4810.0,29057,0.0,0.0
2023-09-22 09:00:00+09:00,4740.0,4775.0,4710.0,4755.0,64978,0.0,0.0
2023-09-22 10:00:00+09:00,4755.0,4845.0,4730.0,4835.0,46873,0.0,0.0
2023-09-22 11:00:00+09:00,4840.0,4950.0,4830.0,4845.0,74537,0.0,0.0
2023-09-22 12:00:00+09:00,4830.0,4835.0,4810.0,4810.0,12700,0.0,0.0
2023-09-22 13:00:00+09:00,4815.0,4815.0,4785.0,4795.0,17723,0.0,0.0
2023-09-22 14:00:00+09:00,4795.0,4805.0,4775.0,4805.0,24279,0.0,0.0
2023-09-25 09:00:00+09:00,4810.0,4880.0,4810.0,4865.0,0,0.0,0.0
2023-09-25 10:00:00+09:00,4865.0,4880.0,4810.0,4820.0,28436,0.0,0.0
2023-09-25 11:00:00+09:00,4820.0,4845.0,4805.0,4845.0,23842,0.0,0.0
2023-09-25 12:00:00+09:00,4850.0,4850.0,4800.0,4815.0,24735,0.0,0.0
2023-09-25 13:00:00+09:00,4815.0,4815.0,4765.0,4795.0,30942,0.0,0.0
2023-09-25 14:00:00+09:00,4795.0,4825.0,4775.0,4785.0,27552,0.0,0.0
2023-09-26 09:00:00+09:00,4735.0,4820.0,4720.0,4720.0,69702,0.0,0.0
2023-09-26 10:00:00+09:00,4720.0,4725.0,4625.0,4655.0,60221,0.0,0.0
2023-09-26 11:00:00+09:00,4650.0,4650.0,4625.0,4630.0,28365,0.0,0.0
2023-09-26 12:00:00+09:00,4630.0,4645.0,4625.0,4645.0,7440,0.0,0.0
2023-09-26 13:00:00+09:00,4640.0,4650.0,4620.0,4630.0,26895,0.0,0.0
2023-09-26 14:00:00+09:00,4630.0,4630.0,4610.0,4615.0,25085,0.0,0.0
2023-09-27 09:00:00+09:00,4520.0,4625.0,4515.0,4595.0,47226,0.0,0.0
2023-09-27 10:00:00+09:00,4590.0,4665.0,4580.0,4665.0,33841,0.0,0.0
2023-09-27 11:00:00+09:00,4650.0,4670.0,4615.0,4615.0,11267,0.0,0.0
2023-09-27 12:00:00+09:00,4620.0,4645.0,4610.0,4640.0,7423,0.0,0.0
2023-09-27 13:00:00+09:00,4640.0,4690.0,4610.0,4675.0,22996,0.0,0.0
2023-09-27 14:00:00+09:00,4675.0,4710.0,4665.0,4695.0,32853,0.0,0.0
2023-10-04 09:00:00+09:00,4675.0,4675.0,4525.0,4530.0,0,0.0,0.0
2023-10-04 10:00:00+09:00,4530.0,4550.0,4525.0,4535.0,28996,0.0,0.0
2023-10-04 11:00:00+09:00,4535.0,4550.0,4530.0,4535.0,18771,0.0,0.0
2023-10-04 12:00:00+09:00,4540.0,4550.0,4530.0,4535.0,10537,0.0,0.0
2023-10-04 13:00:00+09:00,4530.0,4540.0,4515.0,4530.0,23978,0.0,0.0
2023-10-04 14:00:00+09:00,4530.0,4530.0,4490.0,4490.0,42525,0.0,0.0
2023-10-05 09:00:00+09:00,4480.0,4535.0,4390.0,4435.0,98887,0.0,0.0
2023-10-05 10:00:00+09:00,4430.0,4470.0,4415.0,4430.0,16153,0.0,0.0
2023-10-05 11:00:00+09:00,4475.0,4480.0,4450.0,4475.0,6885,0.0,0.0
2023-10-05 12:00:00+09:00,4475.0,4485.0,4450.0,4475.0,18373,0.0,0.0
2023-10-05 13:00:00+09:00,4475.0,4485.0,4455.0,4455.0,18190,0.0,0.0
2023-10-05 14:00:00+09:00,4470.0,4470.0,4430.0,4460.0,33203,0.0,0.0
2023-10-06 09:00:00+09:00,4315.0,4525.0,4315.0,4525.0,103372,0.0,0.0
2023-10-06 10:00:00+09:00,4520.0,4550.0,4500.0,4515.0,30063,0.0,0.0
2023-10-06 11:00:00+09:00,4515.0,4515.0,4415.0,4460.0,20681,0.0,0.0
2023-10-06 12:00:00+09:00,4475.0,4490.0,4460.0,4460.0,6345,0.0,0.0
2023-10-06 13:00:00+09:00,4470.0,4485.0,4450.0,4465.0,2855,0.0,0.0
2023-10-06 14:00:00+09:00,4470.0,4515.0,4450.0,4480.0,30733,0.0,0.0
2023-10-10 09:00:00+09:00,4520.0,4875.0,4510.0,4730.0,331231,0.0,0.0
2023-10-10 10:00:00+09:00,4730.0,4780.0,4725.0,4740.0,76295,0.0,0.0
2023-10-10 11:00:00+09:00,4740.0,4770.0,4735.0,4760.0,29834,0.0,0.0
2023-10-10 12:00:00+09:00,4760.0,4765.0,4680.0,4700.0,66108,0.0,0.0
2023-10-10 13:00:00+09:00,4700.0,4740.0,4665.0,4735.0,71593,0.0,0.0
2023-10-10 14:00:00+09:00,4735.0,5230.0,4725.0,4910.0,4396470,0.0,0.0
2023-10-11 09:00:00+09:00,4705.0,4890.0,4660.0,4820.0,594734,0.0,0.0
2023-10-11 10:00:00+09:00,4820.0,4835.0,4745.0,4765.0,175307,0.0,0.0
2023-10-11 11:00:00+09:00,4765.0,4780.0,4750.0,4760.0,40371,0.0,0.0
2023-10-11 12:00:00+09:00,4755.0,4785.0,4755.0,4765.0,39796,0.0,0.0
2023-10-11 13:00:00+09:00,4765.0,4790.0,4760.0,4790.0,67971,0.0,0.0
2023-10-11 14:00:00+09:00,4790.0,4835.0,4775.0,4815.0,92981,0.0,0.0
2023-10-12 09:00:00+09:00,4810.0,4885.0,4735.0,4830.0,425363,0.0,0.0
2023-10-12 10:00:00+09:00,4835.0,4840.0,4800.0,4815.0,100333,0.0,0.0
2023-10-12 11:00:00+09:00,4810.0,4820.0,4785.0,4810.0,71328,0.0,0.0
2023-10-12 12:00:00+09:00,4810.0,4815.0,4785.0,4800.0,29274,0.0,0.0
2023-10-12 13:00:00+09:00,4800.0,4815.0,4790.0,4810.0,38530,0.0,0.0
2023-10-12 14:00:00+09:00,4815.0,4815.0,4790.0,4800.0,37894,0.0,0.0
2023-10-13 09:00:00+09:00,4790.0,5750.0,4790.0,5500.0,12217019,0.0,0.0
2023-10-13 10:00:00+09:00,5500.0,5590.0,5310.0,5340.0,1958957,0.0,0.0
2023-10-13 11:00:00+09:00,5350.0,5460.0,5330.0,5430.0,614456,0.0,0.0
2023-10-13 12:00:00+09:00,5420.0,5480.0,5360.0,5410.0,772120,0.0,0.0
2023-10-13 13:00:00+09:00,5400.0,5410.0,5100.0,5240.0,1488853,0.0,0.0
2023-10-13 14:00:00+09:00,5230.0,5320.0,5200.0,5220.0,585848,0.0,0.0
2023-10-16 09:00:00+09:00,5340.0,5630.0,5340.0,5420.0,0,0.0,0.0
2023-10-16 10:00:00+09:00,5420.0,5450.0,5360.0,5370.0,432404,0.0,0.0
2023-10-16 11:00:00+09:00,5380.0,5570.0,5370.0,5540.0,724932,0.0,0.0
2023-10-16 12:00:00+09:00,5500.0,5580.0,5380.0,5380.0,1179490,0.0,0.0
2023-10-16 13:00:00+09:00,5380.0,5430.0,5300.0,5360.0,483010,0.0,0.0
2023-10-16 14:00:00+09:00,5360.0,5380.0,5100.0,5100.0,589483,0.0,0.0
2023-10-17 09:00:00+09:00,4995.0,5220.0,4950.0,5110.0,538691,0.0,0.0
2023-10-17 10:00:00+09:00,5120.0,5170.0,5060.0,5130.0,313812,0.0,0.0
2023-10-17 11:00:00+09:00,5110.0,5170.0,5100.0,5150.0,77871,0.0,0.0
2023-10-17 12:00:00+09:00,5140.0,5200.0,5120.0,5160.0,138560,0.0,0.0
2023-10-17 13:00:00+09:00,5160.0,5180.0,5090.0,5100.0,123928,0.0,0.0
2023-10-17 14:00:00+09:00,5100.0,5130.0,5040.0,5090.0,118276,0.0,0.0
2023-10-18 09:00:00+09:00,5000.0,5350.0,4985.0,5140.0,1988282,0.0,0.0
2023-10-18 10:00:00+09:00,5140.0,5160.0,5040.0,5070.0,322320,0.0,0.0
2023-10-18 11:00:00+09:00,5060.0,5120.0,5050.0,5090.0,144460,0.0,0.0
2023-10-18 12:00:00+09:00,5080.0,5100.0,5020.0,5050.0,118009,0.0,0.0
2023-10-18 13:00:00+09:00,5060.0,5060.0,5010.0,5040.0,95064,0.0,0.0
2023-10-18 14:00:00+09:00,5040.0,5120.0,5020.0,5050.0,189429,0.0,0.0
2023-10-19 09:00:00+09:00,5050.0,5220.0,4955.0,4985.0,538212,0.0,0.0
2023-10-19 10:00:00+09:00,4990.0,5000.0,4890.0,4950.0,198538,0.0,0.0
2023-10-19 11:00:00+09:00,4950.0,4960.0,4885.0,4885.0,98393,0.0,0.0
2023-10-19 12:00:00+09:00,4885.0,4905.0,4865.0,4880.0,60034,0.0,0.0
2023-10-19 13:00:00+09:00,4875.0,4890.0,4865.0,4890.0,56191,0.0,0.0
2023-10-19 14:00:00+09:00,4885.0,4895.0,4850.0,4855.0,95015,0.0,0.0
2023-10-20 09:00:00+09:00,4915.0,5090.0,4875.0,4955.0,836095,0.0,0.0
2023-10-20 10:00:00+09:00,4955.0,4960.0,4835.0,4850.0,153749,0.0,0.0
2023-10-20 11:00:00+09:00,4845.0,4850.0,4715.0,4720.0,148160,0.0,0.0
2023-10-20 12:00:00+09:00,4725.0,4785.0,4705.0,4725.0,95215,0.0,0.0
2023-10-20 13:00:00+09:00,4725.0,4770.0,4720.0,4755.0,57997,0.0,0.0
2023-10-20 14:00:00+09:00,4755.0,4760.0,4710.0,4720.0,107299,0.0,0.0
2023-10-23 09:00:00+09:00,4800.0,4950.0,4785.0,4860.0,0,0.0,0.0
2023-10-23 10:00:00+09:00,4860.0,4960.0,4835.0,4875.0,262689,0.0,0.0
2023-10-23 11:00:00+09:00,4875.0,4945.0,4865.0,4910.0,109758,0.0,0.0
2023-10-23 12:00:00+09:00,4915.0,5240.0,4880.0,5110.0,1762135,0.0,0.0
2023-10-23 13:00:00+09:00,5090.0,5210.0,4940.0,5020.0,812662,0.0,0.0
2023-10-23 14:00:00+09:00,5030.0,5040.0,4960.0,5010.0,238677,0.0,0.0
2023-10-24 09:00:00+09:00,4905.0,4920.0,4635.0,4640.0,754544,0.0,0.0
2023-10-24 10:00:00+09:00,4640.0,4680.0,4640.0,4655.0,152421,0.0,0.0
2023-10-24 11:00:00+09:00,4655.0,4700.0,4645.0,4695.0,50750,0.0,0.0
2023-10-24 12:00:00+09:00,4695.0,4700.0,4655.0,4670.0,67851,0.0,0.0
2023-10-24 13:00:00+09:00,4670.0,4700.0,4650.0,4680.0,64440,0.0,0.0
2023-10-24 14:00:00+09:00,4675.0,4745.0,4655.0,4730.0,106322,0.0,0.0
2023-10-25 09:00:00+09:00,4755.0,4935.0,4720.0,4920.0,508412,0.0,0.0
2023-10-25 10:00:00+09:00,4920.0,5070.0,4855.0,4975.0,702955,0.0,0.0
2023-10-25 11:00:00+09:00,4980.0,5030.0,4935.0,4960.0,180964,0.0,0.0
2023-10-25 12:00:00+09:00,4960.0,5010.0,4910.0,4925.0,158820,0.0,0.0
2023-10-25 13:00:00+09:00,4925.0,5000.0,4895.0,4960.0,143606,0.0,0.0
2023-10-25 14:00:00+09:00,4960.0,4960.0,4900.0,4910.0,103004,0.0,0.0
2023-10-26 09:00:00+09:00,4855.0,4975.0,4740.0,4765.0,594191,0.0,0.0
2023-10-26 10:00:00+09:00,4760.0,4780.0,4725.0,4780.0,121087,0.0,0.0
2023-10-26 11:00:00+09:00,4780.0,4795.0,4755.0,4755.0,51905,0.0,0.0
2023-10-26 12:00:00+09:00,4755.0,4785.0,4740.0,4785.0,35998,0.0,0.0
2023-10-26 13:00:00+09:00,4785.0,4795.0,4700.0,4715.0,103007,0.0,0.0
2023-10-26 14:00:00+09:00,4715.0,4730.0,4680.0,4705.0,88629,0.0,0.0
2023-10-27 09:00:00+09:00,4690.0,4720.0,4560.0,4585.0,183484,0.0,0.0
2023-10-27 10:00:00+09:00,4585.0,4650.0,4520.0,4640.0,107478,0.0,0.0
2023-10-27 11:00:00+09:00,4640.0,4660.0,4625.0,4650.0,33152,0.0,0.0
2023-10-27 12:00:00+09:00,4655.0,4655.0,4595.0,4600.0,49419,0.0,0.0
2023-10-27 13:00:00+09:00,4600.0,4615.0,4585.0,4600.0,34323,0.0,0.0
2023-10-27 14:00:00+09:00,4600.0,4640.0,4585.0,4590.0,26833,0.0,0.0
2023-10-30 09:00:00+09:00,4500.0,4585.0,4415.0,4495.0,0,0.0,0.0
2023-10-30 10:00:00+09:00,4495.0,4580.0,4495.0,4580.0,57749,0.0,0.0
2023-10-30 11:00:00+09:00,4580.0,4605.0,4550.0,4595.0,62549,0.0,0.0
2023-10-30 12:00:00+09:00,4600.0,4625.0,4575.0,4580.0,49125,0.0,0.0
2023-10-30 13:00:00+09:00,4595.0,4610.0,4570.0,4595.0,32903,0.0,0.0
2023-10-30 14:00:00+09:00,4605.0,4625.0,4585.0,4625.0,45353,0.0,0.0
2023-10-31 09:00:00+09:00,4615.0,4695.0,4595.0,4635.0,150362,0.0,0.0
2023-10-31 10:00:00+09:00,4645.0,4770.0,4620.0,4735.0,472278,0.0,0.0
2023-10-31 11:00:00+09:00,4740.0,4755.0,4620.0,4625.0,171994,0.0,0.0
2023-10-31 12:00:00+09:00,4625.0,4645.0,4585.0,4595.0,74453,0.0,0.0
2023-10-31 13:00:00+09:00,4595.0,4610.0,4550.0,4550.0,77754,0.0,0.0
2023-10-31 14:00:00+09:00,4560.0,4600.0,4510.0,4545.0,85190,0.0,0.0
2023-11-01 09:00:00+09:00,4520.0,4645.0,4520.0,4590.0,180934,0.0,0.0
2023-11-01 10:00:00+09:00,4600.0,4610.0,4550.0,4550.0,33783,0.0,0.0
2023-11-01 11:00:00+09:00,4550.0,4580.0,4545.0,4575.0,25491,0.0,0.0
2023-11-01 12:00:00+09:00,4575.0,4575.0,4550.0,4570.0,25269,0.0,0.0
2023-11-01 13:00:00+09:00,4565.0,4570.0,4550.0,4565.0,27641,0.0,0.0
2023-11-01 14:00:00+09:00,4560.0,4565.0,4540.0,4540.0,47493,0.0,0.0
2023-11-02 09:00:00+09:00,4560.0,4635.0,4555.0,4605.0,131129,0.0,0.0
2023-11-02 10:00:00+09:00,4605.0,4640.0,4590.0,4625.0,54076,0.0,0.0
2023-11-02 11:00:00+09:00,4620.0,4630.0,4610.0,4615.0,21810,0.0,0.0
2023-11-02 12:00:00+09:00,4615.0,4645.0,4615.0,4635.0,30864,0.0,0.0
2023-11-02 13:00:00+09:00,4635.0,4650.0,4620.0,4620.0,26707,0.0,0.0
2023-11-02 14:00:00+09:00,4625.0,4645.0,4615.0,4640.0,35549,0.0,0.0
2023-11-03 09:00:00+09:00,4710.0,4740.0,4660.0,4715.0,171145,0.0,0.0
2023-11-03 10:00:00+09:00,4720.0,4755.0,4705.0,4735.0,100079,0.0,0.0
2023-11-03 11:00:00+09:00,4735.0,4835.0,4735.0,4775.0,124757,0.0,0.0
2023-11-03 12:00:00+09:00,4775.0,4790.0,4740.0,4785.0,40567,0.0,0.0
2023-11-03 13:00:00+09:00,4780.0,4780.0,4760.0,4760.0,43811,0.0,0.0
2023-11-03 14:00:00+09:00,4760.0,4770.0,4730.0,4750.0,36612,0.0,0.0
2023-11-06 09:00:00+09:00,4740.0,4770.0,4665.0,4750.0,0,0.0,0.0
2023-11-06 10:00:00+09:00,4750.0,4780.0,4730.0,4745.0,78292,0.0,0.0
2023-11-06 11:00:00+09:00,4740.0,4750.0,4715.0,4750.0,74244,0.0,0.0
2023-11-06 12:00:00+09:00,4755.0,4765.0,4740.0,4755.0,30854,0.0,0.0
2023-11-06 13:00:00+09:00,4750.0,4760.0,4735.0,4740.0,49671,0.0,0.0
2023-11-06 14:00:00+09:00,4745.0,4750.0,4730.0,4750.0,58014,0.0,0.0
2023-11-07 09:00:00+09:00,4745.0,4745.0,4660.0,4690.0,197304,0.0,0.0
2023-11-07 10:00:00+09:00,4690.0,4785.0,4670.0,4760.0,329526,0.0,0.0
2023-11-07 11:00:00+09:00,4765.0,4775.0,4660.0,4660.0,158863,0.0,0.0
2023-11-07 12:00:00+09:00,4665.0,4680.0,4660.0,4670.0,49358,0.0,0.0
2023-11-07 13:00:00+09:00,4670.0,4675.0,4625.0,4660.0,75293,0.0,0.0
2023-11-07 14:00:00+09:00,4660.0,4665.0,4635.0,4650.0,23133,0.0,0.0
2023-11-08 09:00:00+09:00,4695.0,4705.0,4660.0,4660.0,70918,0.0,0.0
2023-11-08 10:00:00+09:00,4660.0,4685.0,4655.0,4685.0,29844,0.0,0.0
2023-11-08 11:00:00+09:00,4680.0,4685.0,4670.0,4675.0,24568,0.0,0.0
2023-11-08 12:00:00+09:00,4685.0,4685.0,4665.0,4670.0,15985,0.0,0.0
2023-11-08 13:00:00+09:00,4670.0,4670.0,4650.0,4665.0,25404,0.0,0.0
2023-11-08 14:00:00+09:00,4665.0,4670.0,4640.0,4645.0,44945,0.0,0.0
2023-11-09 09:00:00+09:00,4650.0,4685.0,4530.0,4585.0,83421,0.0,0.0
2023-11-09 10:00:00+09:00,4580.0,4665.0,4555.0,4615.0,21672,0.0,0.0
2023-11-09 11:00:00+09:00,4610.0,4615.0,4580.0,4605.0,20793,0.0,0.0
2023-11-09 12:00:00+09:00,4605.0,4610.0,4580.0,4585.0,18025,0.0,0.0
2023-11-09 13:00:00+09:00,4585.0,4600.0,4585.0,4590.0,10091,0.0,0.0
2023-11-09 14:00:00+09:00,4585.0,4665.0,4580.0,4625.0,41680,0.0,0.0
2023-11-10 09:00:00+09:00,4680.0,4700.0,4500.0,4535.0,250002,0.0,0.0
2023-11-10 10:00:00+09:00,4545.0,4545.0,4515.0,4520.0,37154,0.0,0.0
2023-11-10 11:00:00+09:00,4520.0,4525.0,4510.0,4515.0,19967,0.0,0.0
2023-11-10 12:00:00+09:00,4515.0,4520.0,4505.0,4515.0,32290,0.0,0.0
2023-11-10 13:00:00+09:00,4515.0,4580.0,4500.0,4530.0,94130,0.0,0.0
2023-11-10 14:00:00+09:00,4535.0,4550.0,4510.0,4520.0,39436,0.0,0.0
2023-11-13 09:00:00+09:00,4510.0,4530.0,4450.0,4475.0,0,0.0,0.0
2023-11-13 10:00:00+09:00,4470.0,4495.0,4460.0,4465.0,16722,0.0,0.0
2023-11-13 11:00:00+09:00,4465.0,4470.0,4420.0,4425.0,55940,0.0,0.0
2023-11-13 12:00:00+09:00,4425.0,4435.0,4420.0,4435.0,18205,0.0,0.0
2023-11-13 13:00:00+09:00,4435.0,4435.0,4415.0,4430.0,29266,0.0,0.0
2023-11-13 14:00:00+09:00,4430.0,4430.0,4405.0,4405.0,40630,0.0,0.0
2023-11-14 09:00:00+09:00,4400.0,4510.0,4400.0,4505.0,71540,0.0,0.0
2023-11-14 10:00:00+09:00,4500.0,4510.0,4490.0,4495.0,24383,0.0,0.0
2023-11-14 11:00:00+09:00,4490.0,4500.0,4480.0,4500.0,13089,0.0,0.0
2023-11-14 12:00:00+09:00,4495.0,4515.0,4495.0,4500.0,44522,0.0,0.0
2023-11-14 13:00:00+09:00,4510.0,4510.0,4495.0,4510.0,12125,0.0,0.0
2023-11-14 14:00:00+09:00,4510.0,4520.0,4510.0,4520.0,24610,0.0,0.0
2023-11-15 09:00:00+09:00,4560.0,4620.0,4500.0,4590.0,135259,0.0,0.0
2023-11-15 10:00:00+09:00,4590.0,4595.0,4560.0,4595.0,32568,0.0,0.0
2023-11-15 11:00:00+09:00,4590.0,4620.0,4575.0,4605.0,43273,0.0,0.0
2023-11-15 12:00:00+09:00,4595.0,4615.0,4585.0,4610.0,32785,0.0,0.0
2023-11-15 13:00:00+09:00,4610.0,4610.0,4595.0,4605.0,9896,0.0,0.0
2023-11-15 14:00:00+09:00,4605.0,4605.0,4565.0,4580.0,28493,0.0,0.0
2023-11-16 10:00:00+09:00,4640.0,4640.0,4545.0,4580.0,44041,0.0,0.0
2023-11-16 11:00:00+09:00,4580.0,4610.0,4555.0,4595.0,40994,0.0,0.0
2023-11-16 12:00:00+09:00,4590.0,4600.0,4565.0,4590.0,15949,0.0,0.0
2023-11-16 13:00:00+09:00,4595.0,4595.0,4585.0,4590.0,9921,0.0,0.0
2023-11-16 14:00:00+09:00,4585.0,4595.0,4570.0,4580.0,20579,0.0,0.0
2023-11-17 09:00:00+09:00,4590.0,4590.0,4500.0,4540.0,67717,0.0,0.0
2023-11-17 10:00:00+09:00,4530.0,4540.0,4485.0,4485.0,69411,0.0,0.0
2023-11-17 11:00:00+09:00,4485.0,4505.0,4485.0,4500.0,18358,0.0,0.0
2023-11-17 12:00:00+09:00,4495.0,4505.0,4490.0,4495.0,8172,0.0,0.0
2023-11-17 13:00:00+09:00,4495.0,4510.0,4495.0,4510.0,9547,0.0,0.0
2023-11-17 14:00:00+09:00,4500.0,4510.0,4490.0,4490.0,15773,0.0,0.0
2023-11-20 09:00:00+09:00,4490.0,4540.0,4480.0,4535.0,0,0.0,0.0
2023-11-20 10:00:00+09:00,4530.0,4540.0,4520.0,4535.0,17104,0.0,0.0
2023-11-20 11:00:00+09:00,4535.0,4555.0,4535.0,4545.0,26271,0.0,0.0
2023-11-20 12:00:00+09:00,4545.0,4555.0,4540.0,4545.0,16825,0.0,0.0
2023-11-20 13:00:00+09:00,4545.0,4545.0,4530.0,4535.0,17213,0.0,0.0
2023-11-20 14:00:00+09:00,4535.0,4545.0,4530.0,4540.0,16278,0.0,0.0
2023-11-21 09:00:00+09:00,4515.0,4570.0,4515.0,4530.0,50623,0.0,0.0
2023-11-21 10:00:00+09:00,4530.0,4580.0,4530.0,4575.0,43319,0.0,0.0
2023-11-21 11:00:00+09:00,4575.0,4575.0,4550.0,4550.0,7565,0.0,0.0
2023-11-21 12:00:00+09:00,4550.0,4565.0,4550.0,4555.0,11730,0.0,0.0
2023-11-21 13:00:00+09:00,4555.0,4560.0,4545.0,4555.0,12926,0.0,0.0
2023-11-21 14:00:00+09:00,4550.0,4555.0,4535.0,4540.0,13281,0.0,0.0
2023-11-22 09:00:00+09:00,4540.0,4550.0,4500.0,4505.0,52948,0.0,0.0
2023-11-22 10:00:00+09:00,4510.0,4520.0,4500.0,4510.0,17091,0.0,0.0
2023-11-22 11:00:00+09:00,4510.0,4520.0,4505.0,4510.0,16418,0.0,0.0
2023-11-22 12:00:00+09:00,4510.0,4520.0,4500.0,4520.0,26202,0.0,0.0
2023-11-22 13:00:00+09:00,4515.0,4520.0,4505.0,4515.0,15967,0.0,0.0
2023-11-22 14:00:00+09:00,4515.0,4520.0,4505.0,4515.0,21782,0.0,0.0
2023-11-23 09:00:00+09:00,4540.0,4540.0,4495.0,4520.0,33229,0.0,0.0
2023-11-23 10:00:00+09:00,4515.0,4540.0,4505.0,4510.0,11908,0.0,0.0
2023-11-23 11:00:00+09:00,4515.0,4525.0,4510.0,4520.0,6649,0.0,0.0
2023-11-23 12:00:00+09:00,4520.0,4525.0,4510.0,4520.0,7094,0.0,0.0
2023-11-23 13:00:00+09:00,4520.0,4520.0,4500.0,4510.0,28140,0.0,0.0
2023-11-23 14:00:00+09:00,4510.0,4520.0,4500.0,4505.0,30095,0.0,0.0
2023-11-24 09:00:00+09:00,4500.0,4520.0,4480.0,4500.0,36841,0.0,0.0
2023-11-24 10:00:00+09:00,4500.0,4505.0,4485.0,4490.0,15347,0.0,0.0
2023-11-24 11:00:00+09:00,4500.0,4500.0,4485.0,4490.0,9293,0.0,0.0
2023-11-24 12:00:00+09:00,4495.0,4495.0,4485.0,4490.0,6620,0.0,0.0
2023-11-24 13:00:00+09:00,4485.0,4490.0,4480.0,4480.0,18071,0.0,0.0
2023-11-24 14:00:00+09:00,4490.0,4490.0,4450.0,4455.0,69635,0.0,0.0
2023-11-27 09:00:00+09:00,4485.0,4485.0,4420.0,4430.0,0,0.0,0.0
2023-11-27 10:00:00+09:00,4430.0,4445.0,4405.0,4440.0,29062,0.0,0.0
2023-11-27 11:00:00+09:00,4440.0,4445.0,4405.0,4420.0,20863,0.0,0.0
2023-11-27 12:00:00+09:00,4420.0,4425.0,4405.0,4420.0,24601,0.0,0.0
2023-11-27 13:00:00+09:00,4415.0,4420.0,4400.0,4410.0,31361,0.0,0.0
2023-11-27 14:00:00+09:00,4410.0,4415.0,4390.0,4390.0,83782,0.0,0.0
2023-11-28 09:00:00+09:00,4375.0,4400.0,4360.0,4370.0,60137,0.0,0.0
2023-11-28 10:00:00+09:00,4370.0,4375.0,4355.0,4375.0,27639,0.0,0.0
2023-11-28 11:00:00+09:00,4375.0,4380.0,4360.0,4360.0,18195,0.0,0.0
2023-11-28 12:00:00+09:00,4370.0,4380.0,4360.0,4365.0,15540,0.0,0.0
2023-11-28 13:00:00+09:00,4365.0,4375.0,4360.0,4365.0,0,0.0,0.0
2023-11-28 14:00:00+09:00,4365.0,4375.0,4360.0,4365.0,162114,0.0,0.0
2023-11-29 09:00:00+09:00,4380.0,4380.0,4340.0,4365.0,32544,0.0,0.0
2023-11-29 10:00:00+09:00,4365.0,4370.0,4355.0,4370.0,15093,0.0,0.0
2023-11-29 11:00:00+09:00,4370.0,4375.0,4360.0,4360.0,11064,0.0,0.0
2023-11-29 12:00:00+09:00,4360.0,4365.0,4355.0,4360.0,12410,0.0,0.0
2023-11-29 13:00:00+09:00,4360.0,4365.0,4350.0,4355.0,16733,0.0,0.0
2023-11-29 14:00:00+09:00,4355.0,4360.0,4345.0,4355.0,26908,0.0,0.0
2023-11-30 09:00:00+09:00,4335.0,4380.0,4320.0,4380.0,63584,0.0,0.0
2023-11-30 10:00:00+09:00,4380.0,4380.0,4360.0,4360.0,29127,0.0,0.0
2023-11-30 11:00:00+09:00,4355.0,4375.0,4355.0,4365.0,10032,0.0,0.0
2023-11-30 12:00:00+09:00,4365.0,4375.0,4360.0,4375.0,12195,0.0,0.0
2023-11-30 13:00:00+09:00,4370.0,4380.0,4365.0,4370.0,12406,0.0,0.0
2023-11-30 14:00:00+09:00,4370.0,4380.0,4365.0,4375.0,24014,0.0,0.0
2023-12-01 09:00:00+09:00,4370.0,4400.0,4345.0,4375.0,40269,0.0,0.0
2023-12-01 10:00:00+09:00,4375.0,4380.0,4365.0,4370.0,12209,0.0,0.0
2023-12-01 11:00:00+09:00,4375.0,4385.0,4370.0,4375.0,7257,0.0,0.0
2023-12-01 12:00:00+09:00,4380.0,4390.0,4375.0,4380.0,14719,0.0,0.0
2023-12-01 13:00:00+09:00,4385.0,4390.0,4370.0,4380.0,14375,0.0,0.0
2023-12-01 14:00:00+09:00,4375.0,4385.0,4365.0,4380.0,11853,0.0,0.0
2023-12-04 09:00:00+09:00,4420.0,4425.0,4350.0,4395.0,0,0.0,0.0
2023-12-04 10:00:00+09:00,4395.0,4395.0,4360.0,4375.0,16297,0.0,0.0
2023-12-04 11:00:00+09:00,4375.0,4380.0,4370.0,4375.0,8635,0.0,0.0
2023-12-04 12:00:00+09:00,4375.0,4395.0,4375.0,4390.0,11279,0.0,0.0
2023-12-04 13:00:00+09:00,4390.0,4400.0,4380.0,4380.0,17380,0.0,0.0
2023-12-04 14:00:00+09:00,4380.0,4380.0,4365.0,4370.0,14250,0.0,0.0
2023-12-05 09:00:00+09:00,4395.0,4475.0,4370.0,4385.0,114387,0.0,0.0
2023-12-05 10:00:00+09:00,4390.0,4395.0,4375.0,4385.0,23403,0.0,0.0
2023-12-05 11:00:00+09:00,4385.0,4385.0,4370.0,4375.0,8337,0.0,0.0
2023-12-05 12:00:00+09:00,4375.0,4385.0,4370.0,4375.0,19782,0.0,0.0
2023-12-05 13:00:00+09:00,4385.0,4390.0,4370.0,4375.0,36113,0.0,0.0
2023-12-05 14:00:00+09:00,4375.0,4375.0,4365.0,4370.0,22102,0.0,0.0
2023-12-06 09:00:00+09:00,4360.0,4470.0,4350.0,4450.0,168085,0.0,0.0
2023-12-06 10:00:00+09:00,4460.0,4460.0,4375.0,4410.0,95456,0.0,0.0
2023-12-06 11:00:00+09:00,4405.0,4410.0,4385.0,4400.0,14827,0.0,0.0
2023-12-06 12:00:00+09:00,4400.0,4405.0,4385.0,4395.0,15026,0.0,0.0
2023-12-06 13:00:00+09:00,4395.0,4405.0,4390.0,4395.0,18674,0.0,0.0
2023-12-06 14:00:00+09:00,4395.0,4415.0,4395.0,4415.0,15804,0.0,0.0
2023-12-07 09:00:00+09:00,4400.0,4415.0,4370.0,4385.0,34264,0.0,0.0
2023-12-07 10:00:00+09:00,4385.0,4395.0,4360.0,4370.0,42321,0.0,0.0
2023-12-07 11:00:00+09:00,4370.0,4370.0,4360.0,4370.0,13805,0.0,0.0
2023-12-07 12:00:00+09:00,4370.0,4380.0,4360.0,4370.0,16329,0.0,0.0
2023-12-07 13:00:00+09:00,4370.0,4375.0,4355.0,4360.0,35279,0.0,0.0
2023-12-07 14:00:00+09:00,4360.0,4365.0,4355.0,4360.0,18726,0.0,0.0
2023-12-08 09:00:00+09:00,4385.0,4580.0,4360.0,4440.0,481923,0.0,0.0
2023-12-08 10:00:00+09:00,4450.0,4450.0,4410.0,4410.0,61351,0.0,0.0
2023-12-08 11:00:00+09:00,4410.0,4415.0,4390.0,4400.0,47370,0.0,0.0
2023-12-08 12:00:00+09:00,4395.0,4400.0,4385.0,4400.0,17036,0.0,0.0
2023-12-08 13:00:00+09:00,4400.0,4410.0,4385.0,4390.0,22950,0.0,0.0
2023-12-08 14:00:00+09:00,4390.0,4400.0,4370.0,4375.0,58971,0.0,0.0
2023-12-11 09:00:00+09:00,4395.0,4415.0,4375.0,4405.0,0,0.0,0.0
2023-12-11 10:00:00+09:00,4405.0,4470.0,4400.0,4415.0,213800,0.0,0.0
2023-12-11 11:00:00+09:00,4420.0,4420.0,4395.0,4410.0,37532,0.0,0.0
2023-12-11 12:00:00+09:00,4405.0,4415.0,4395.0,4415.0,20069,0.0,0.0
2023-12-11 13:00:00+09:00,4415.0,4420.0,4395.0,4400.0,18861,0.0,0.0
2023-12-11 14:00:00+09:00,4400.0,4420.0,4400.0,4410.0,14206,0.0,0.0
2023-12-12 09:00:00+09:00,4410.0,4435.0,4395.0,4405.0,36241,0.0,0.0
2023-12-12 10:00:00+09:00,4405.0,4420.0,4400.0,4410.0,20015,0.0,0.0
2023-12-12 11:00:00+09:00,4410.0,4425.0,4400.0,4400.0,28021,0.0,0.0
2023-12-12 12:00:00+09:00,4410.0,4410.0,4400.0,4405.0,14071,0.0,0.0
2023-12-12 13:00:00+09:00,4405.0,4410.0,4395.0,4405.0,21298,0.0,0.0
2023-12-12 14:00:00+09:00,4405.0,4410.0,4395.0,4400.0,18373,0.0,0.0
2023-12-13 09:00:00+09:00,4385.0,4445.0,4385.0,4430.0,109039,0.0,0.0
2023-12-13 10:00:00+09:00,4440.0,4445.0,4385.0,4395.0,100564,0.0,0.0
2023-12-13 11:00:00+09:00,4390.0,4405.0,4390.0,4400.0,15362,0.0,0.0
2023-12-13 12:00:00+09:00,4395.0,4400.0,4375.0,4385.0,26573,0.0,0.0
2023-12-13 13:00:00+09:00,4385.0,4400.0,4370.0,4385.0,21237,0.0,0.0
2023-12-13 14:00:00+09:00,4385.0,4385.0,4350.0,4360.0,51976,0.0,0.0
2023-12-14 09:00:00+09:00,4400.0,4400.0,4350.0,4365.0,39459,0.0,0.0
2023-12-14 10:00:00+09:00,4370.0,4380.0,4350.0,4360.0,21077,0.0,0.0
2023-12-14 11:00:00+09:00,4360.0,4365.0,4350.0,4350.0,16097,0.0,0.0
2023-12-14 12:00:00+09:00,4350.0,4355.0,4340.0,4340.0,21145,0.0,0.0
2023-12-14 13:00:00+09:00,4345.0,4355.0,4340.0,4350.0,15012,0.0,0.0
2023-12-14 14:00:00+09:00,4350.0,4355.0,4345.0,4355.0,19217,0.0,0.0
2023-12-15 09:00:00+09:00,4350.0,4390.0,4340.0,4375.0,70371,0.0,0.0
2023-12-15 10:00:00+09:00,4380.0,4385.0,4355.0,4370.0,34573,0.0,0.0
2023-12-15 11:00:00+09:00,4375.0,4375.0,4350.0,4355.0,18153,0.0,0.0
2023-12-15 12:00:00+09:00,4355.0,4360.0,4355.0,4360.0,9249,0.0,0.0
2023-12-15 13:00:00+09:00,4360.0,4370.0,4345.0,4345.0,32627,0.0,0.0
2023-12-15 14:00:00+09:00,4350.0,4360.0,4340.0,4360.0,21412,0.0,0.0
2023-12-18 09:00:00+09:00,4345.0,4390.0,4345.0,4370.0,0,0.0,0.0
2023-12-18 10:00:00+09:00,4370.0,4380.0,4360.0,4370.0,9838,0.0,0.0
2023-12-18 11:00:00+09:00,4370.0,4375.0,4370.0,4375.0,6457,0.0,0.0
2023-12-18 12:00:00+09:00,4370.0,4370.0,4360.0,4365.0,9079,0.0,0.0
2023-12-18 13:00:00+09:00,4365.0,4365.0,4355.0,4360.0,7901,0.0,0.0
2023-12-18 14:00:00+09:00,4365.0,4365.0,4345.0,4355.0,24670,0.0,0.0
2023-12-19 09:00:00+09:00,4350.0,4405.0,4350.0,4395.0,78238,0.0,0.0
2023-12-19 10:00:00+09:00,4390.0,4430.0,4385.0,4415.0,63866,0.0,0.0
2023-12-19 11:00:00+09:00,4415.0,4435.0,4410.0,4410.0,62553,0.0,0.0
2023-12-19 12:00:00+09:00,4410.0,4415.0,4380.0,4390.0,20663,0.0,0.0
2023-12-19 13:00:00+09:00,4390.0,4410.0,4385.0,4405.0,16394,0.0,0.0
2023-12-19 14:00:00+09:00,4400.0,4405.0,4395.0,4400.0,24663,0.0,0.0
2023-12-20 09:00:00+09:00,4435.0,4435.0,4395.0,4410.0,50426,0.0,0.0
2023-12-20 10:00:00+09:00,4410.0,4430.0,4405.0,4425.0,35839,0.0,0.0
2023-12-20 11:00:00+09:00,4425.0,4450.0,4420.0,4425.0,55589,0.0,0.0
2023-12-20 12:00:00+09:00,4425.0,4440.0,4415.0,4420.0,22558,0.0,0.0
2023-12-20 13:00:00+09:00,4415.0,4430.0,4415.0,4420.0,21113,0.0,0.0
2023-12-20 14:00:00+09:00,4420.0,4425.0,4410.0,4415.0,23471,0.0,0.0
2023-12-21 09:00:00+09:00,4420.0,4420.0,4365.0,4390.0,46873,0.0,0.0
2023-12-21 10:00:00+09:00,4390.0,4395.0,4335.0,4340.0,79217,0.0,0.0
2023-12-21 11:00:00+09:00,4340.0,4355.0,4325.0,4335.0,44154,0.0,0.0
2023-12-21 12:00:00+09:00,4340.0,4355.0,4335.0,4350.0,17785,0.0,0.0
2023-12-21 13:00:00+09:00,4345.0,4355.0,4340.0,4340.0,23658,0.0,0.0
2023-12-21 14:00:00+09:00,4345.0,4345.0,4330.0,4340.0,51089,0.0,0.0
2023-12-22 09:00:00+09:00,4350.0,4365.0,4335.0,4345.0,62605,0.0,0.0
2023-12-22 10:00:00+09:00,4340.0,4365.0,4340.0,4350.0,38580,0.0,0.0
2023-12-22 11:00:00+09:00,4355.0,4365.0,4350.0,4360.0,5543,0.0,0.0
2023-12-22 12:00:00+09:00,4360.0,4365.0,4350.0,4355.0,17200,0.0,0.0
2023-12-22 13:00:00+09:00,4355.0,4525.0,4350.0,4415.0,176274,0.0,0.0
2023-12-22 14:00:00+09:00,4415.0,4425.0,4350.0,4355.0,89718,0.0,0.0
2023-12-26 09:00:00+09:00,4365.0,4395.0,4350.0,4390.0,0,0.0,0.0
2023-12-26 10:00:00+09:00,4390.0,4430.0,4375.0,4380.0,195365,0.0,0.0
2023-12-26 11:00:00+09:00,4375.0,4385.0,4365.0,4370.0,40101,0.0,0.0
2023-12-26 12:00:00+09:00,4370.0,4370.0,4350.0,4355.0,40118,0.0,0.0
2023-12-26 13:00:00+09:00,4355.0,4355.0,4340.0,4345.0,19466,0.0,0.0
2023-12-26 14:00:00+09:00,4345.0,4365.0,4340.0,4355.0,22556,0.0,0.0
2023-12-27 09:00:00+09:00,4345.0,4365.0,4315.0,4325.0,80562,0.0,0.0
2023-12-27 10:00:00+09:00,4325.0,4345.0,4325.0,4340.0,22348,0.0,0.0
2023-12-27 11:00:00+09:00,4340.0,4345.0,4330.0,4335.0,20672,0.0,0.0
2023-12-27 12:00:00+09:00,4335.0,4340.0,4330.0,4335.0,10746,0.0,0.0
2023-12-27 13:00:00+09:00,4335.0,4340.0,4330.0,4340.0,25614,0.0,0.0
2023-12-27 14:00:00+09:00,4335.0,4345.0,4335.0,4345.0,15096,0.0,0.0
2023-12-28 09:00:00+09:00,4345.0,4365.0,4340.0,4350.0,63069,0.0,0.0
2023-12-28 10:00:00+09:00,4355.0,4360.0,4350.0,4355.0,12946,0.0,0.0
2023-12-28 11:00:00+09:00,4355.0,4355.0,4345.0,4345.0,19322,0.0,0.0
2023-12-28 12:00:00+09:00,4345.0,4370.0,4345.0,4370.0,29671,0.0,0.0
2023-12-28 13:00:00+09:00,4370.0,4380.0,4365.0,4370.0,18220,0.0,0.0
2023-12-28 14:00:00+09:00,4370.0,4390.0,4365.0,4380.0,44099,0.0,0.0
2024-01-02 10:00:00+09:00,4395.0,4435.0,4390.0,4395.0,85813,0.0,0.0
2024-01-02 11:00:00+09:00,4395.0,4405.0,4390.0,4400.0,35807,0.0,0.0
2024-01-02 12:00:00+09:00,4405.0,4415.0,4395.0,4400.0,20501,0.0,0.0
2024-01-02 13:00:00+09:00,4405.0,4415.0,4400.0,4410.0,29853,0.0,0.0
2024-01-02 14:00:00+09:00,4415.0,4435.0,4405.0,4430.0,85425,0.0,0.0
2024-01-03 09:00:00+09:00,4430.0,4435.0,4400.0,4410.0,37452,0.0,0.0
2024-01-03 10:00:00+09:00,4410.0,4415.0,4385.0,4385.0,63263,0.0,0.0
2024-01-03 11:00:00+09:00,4390.0,4405.0,4385.0,4395.0,14001,0.0,0.0
2024-01-03 12:00:00+09:00,4400.0,4405.0,4385.0,4400.0,18683,0.0,0.0
2024-01-03 13:00:00+09:00,4390.0,4405.0,4385.0,4390.0,21672,0.0,0.0
2024-01-03 14:00:00+09:00,4390.0,4410.0,4385.0,4395.0,9839,0.0,0.0
2024-01-04 09:00:00+09:00,4375.0,4465.0,4345.0,4430.0,153079,0.0,0.0
2024-01-04 10:00:00+09:00,4430.0,4540.0,4420.0,4510.0,557941,0.0,0.0
2024-01-04 11:00:00+09:00,4505.0,4980.0,4505.0,4690.0,7193406,0.0,0.0
2024-01-04 12:00:00+09:00,4690.0,4785.0,4600.0,4645.0,792651,0.0,0.0
2024-01-04 13:00:00+09:00,4650.0,4665.0,4590.0,4595.0,301594,0.0,0.0
2024-01-04 14:00:00+09:00,4605.0,4650.0,4550.0,4595.0,371961,0.0,0.0
2024-01-05 09:00:00+09:00,4520.0,4565.0,4465.0,4525.0,282767,0.0,0.0
2024-01-05 10:00:00+09:00,4525.0,4575.0,4515.0,4570.0,116723,0.0,0.0
2024-01-05 11:00:00+09:00,4575.0,4575.0,4530.0,4550.0,56861,0.0,0.0
2024-01-05 12:00:00+09:00,4550.0,4550.0,4505.0,4540.0,45884,0.0,0.0
2024-01-05 13:00:00+09:00,4535.0,4545.0,4515.0,4515.0,36678,0.0,0.0
2024-01-05 14:00:00+09:00,4515.0,4530.0,4495.0,4495.0,79327,0.0,0.0
2024-01-08 09:00:00+09:00,4525.0,4630.0,4520.0,4610.0,0,0.0,0.0
2024-01-08 10:00:00+09:00,4610.0,4630.0,4575.0,4615.0,140536,0.0,0.0
2024-01-08 11:00:00+09:00,4615.0,4615.0,4580.0,4590.0,43142,0.0,0.0
2024-01-08 12:00:00+09:00,4600.0,4610.0,4565.0,4585.0,48884,0.0,0.0
2024-01-08 13:00:00+09:00,4580.0,4585.0,4560.0,4575.0,30707,0.0,0.0
2024-01-08 14:00:00+09:00,4580.0,4590.0,4570.0,4580.0,37768,0.0,0.0
2024-01-09 09:00:00+09:00,4555.0,4595.0,4520.0,4580.0,111975,0.0,0.0
2024-01-09 10:00:00+09:00,4580.0,4615.0,4560.0,4580.0,52005,0.0,0.0
2024-01-09 11:00:00+09:00,4580.0,4595.0,4565.0,4585.0,26864,0.0,0.0
2024-01-09 12:00:00+09:00,4590.0,4670.0,4575.0,4655.0,219797,0.0,0.0
2024-01-09 13:00:00+09:00,4655.0,4705.0,4610.0,4620.0,230294,0.0,0.0
2024-01-09 14:00:00+09:00,4640.0,4650.0,4605.0,4635.0,55927,0.0,0.0
2024-01-10 09:00:00+09:00,4635.0,4700.0,4595.0,4640.0,193965,0.0,0.0
2024-01-10 10:00:00+09:00,4635.0,4660.0,4625.0,4655.0,57186,0.0,0.0
2024-01-10 11:00:00+09:00,4650.0,4660.0,4640.0,4645.0,41350,0.0,0.0
2024-01-10 12:00:00+09:00,4645.0,4670.0,4640.0,4660.0,44502,0.0,0.0
2024-01-10 13:00:00+09:00,4665.0,4670.0,4610.0,4620.0,72456,0.0,0.0
2024-01-10 14:00:00+09:00,4620.0,4635.0,4600.0,4610.0,45933,0.0,0.0
2024-01-11 09:00:00+09:00,4635.0,4635.0,4560.0,4565.0,122983,0.0,0.0
2024-01-11 10:00:00+09:00,4570.0,4610.0,4560.0,4610.0,45691,0.0,0.0
2024-01-11 11:00:00+09:00,4610.0,4640.0,4600.0,4620.0,48046,0.0,0.0
2024-01-11 12:00:00+09:00,4620.0,4650.0,4620.0,4630.0,61861,0.0,0.0
2024-01-11 13:00:00+09:00,4630.0,4650.0,4625.0,4630.0,25697,0.0,0.0
2024-01-11 14:00:00+09:00,4630.0,4650.0,4625.0,4640.0,42651,0.0,0.0
2024-01-12 09:00:00+09:00,4720.0,4800.0,4605.0,4800.0,505957,0.0,0.0
2024-01-12 10:00:00+09:00,4795.0,4990.0,4685.0,4755.0,3279737,0.0,0.0
2024-01-12 11:00:00+09:00,4745.0,4795.0,4730.0,4785.0,196919,0.0,0.0
2024-01-12 12:00:00+09:00,4780.0,4850.0,4760.0,4780.0,537705,0.0,0.0
2024-01-12 13:00:00+09:00,4780.0,4780.0,4720.0,4735.0,230218,0.0,0.0
2024-01-12 14:00:00+09:00,4730.0,4795.0,4710.0,4715.0,172702,0.0,0.0
2024-01-15 09:00:00+09:00,4710.0,4805.0,4700.0,4705.0,0,0.0,0.0
2024-01-15 10:00:00+09:00,4705.0,4890.0,4705.0,4835.0,386679,0.0,0.0
2024-01-15 11:00:00+09:00,4835.0,4950.0,4805.0,4820.0,1118454,0.0,0.0
2024-01-15 12:00:00+09:00,4820.0,4825.0,4765.0,4815.0,148588,0.0,0.0
2024-01-15 13:00:00+09:00,4820.0,4950.0,4775.0,4825.0,596883,0.0,0.0
2024-01-15 14:00:00+09:00,4830.0,4855.0,4805.0,4835.0,172436,0.0,0.0
2024-01-16 09:00:00+09:00,4730.0,4800.0,4625.0,4710.0,411261,0.0,0.0
2024-01-16 10:00:00+09:00,4710.0,4770.0,4660.0,4680.0,226856,0.0,0.0
2024-01-16 11:00:00+09:00,4685.0,4690.0,4650.0,4670.0,49491,0.0,0.0
2024-01-16 12:00:00+09:00,4670.0,4670.0,4640.0,4640.0,38738,0.0,0.0
2024-01-16 13:00:00+09:00,4640.0,4650.0,4595.0,4600.0,143282,0.0,0.0
2024-01-16 14:00:00+09:00,4600.0,4615.0,4595.0,4605.0,72393,0.0,0.0
2024-01-17 09:00:00+09:00,4615.0,5000.0,4600.0,4870.0,1900725,0.0,0.0
2024-01-17 10:00:00+09:00,4870.0,4895.0,4755.0,4805.0,555863,0.0,0.0
2024-01-17 11:00:00+09:00,4805.0,4830.0,4765.0,4780.0,182571,0.0,0.0
2024-01-17 12:00:00+09:00,4780.0,4820.0,4710.0,4735.0,184734,0.0,0.0
2024-01-17 13:00:00+09:00,4720.0,4990.0,4705.0,4915.0,1433025,0.0,0.0
2024-01-17 14:00:00+09:00,4910.0,5600.0,4865.0,5360.0,13351471,0.0,0.0
2024-01-18 09:00:00+09:00,6120.0,6360.0,5490.0,5570.0,12494066,0.0,0.0
2024-01-18 10:00:00+09:00,5560.0,5670.0,5540.0,5570.0,1291766,0.0,0.0
2024-01-18 11:00:00+09:00,5570.0,5580.0,5370.0,5560.0,1186395,0.0,0.0
2024-01-18 12:00:00+09:00,5560.0,5580.0,5430.0,5450.0,546462,0.0,0.0
2024-01-18 13:00:00+09:00,5440.0,5870.0,5440.0,5840.0,4205920,0.0,0.0
2024-01-18 14:00:00+09:00,5850.0,5860.0,5410.0,5440.0,2397592,0.0,0.0
2024-01-19 09:00:00+09:00,5200.0,5360.0,5190.0,5300.0,1224575,0.0,0.0
2024-01-19 10:00:00+09:00,5300.0,5620.0,5270.0,5560.0,2569639,0.0,0.0
2024-01-19 11:00:00+09:00,5570.0,5580.0,5260.0,5370.0,1174767,0.0,0.0
2024-01-19 12:00:00+09:00,5370.0,5420.0,5250.0,5280.0,346711,0.0,0.0
2024-01-19 13:00:00+09:00,5280.0,5370.0,5260.0,5370.0,210569,0.0,0.0
2024-01-19 14:00:00+09:00,5370.0,5540.0,5320.0,5360.0,1229166,0.0,0.0
2024-01-22 09:00:00+09:00,5170.0,5190.0,4930.0,5020.0,0,0.0,0.0
2024-01-22 10:00:00+09:00,5020.0,5070.0,4985.0,5020.0,237003,0.0,0.0
2024-01-22 11:00:00+09:00,5030.0,5120.0,5010.0,5030.0,229187,0.0,0.0
2024-01-22 12:00:00+09:00,5020.0,5080.0,4995.0,5050.0,169015,0.0,0.0
2024-01-22 13:00:00+09:00,5050.0,5070.0,4995.0,5010.0,119460,0.0,0.0
2024-01-22 14:00:00+09:00,5010.0,5020.0,4975.0,4990.0,204829,0.0,0.0
2024-01-23 09:00:00+09:00,4930.0,5060.0,4890.0,5050.0,541210,0.0,0.0
2024-01-23 10:00:00+09:00,5040.0,5090.0,4995.0,5030.0,187680,0.0,0.0
2024-01-23 11:00:00+09:00,5020.0,5040.0,4955.0,4980.0,0,0.0,0.0
2024-01-23 12:00:00+09:00,4975.0,4990.0,4955.0,4980.0,958202,0.0,0.0
2024-01-23 13:00:00+09:00,4980.0,4985.0,4890.0,4900.0,207095,0.0,0.0
2024-01-23 14:00:00+09:00,4910.0,4925.0,4865.0,4890.0,202923,0.0,0.0
2024-01-24 09:00:00+09:00,4910.0,4990.0,4870.0,4875.0,343492,0.0,0.0
2024-01-24 10:00:00+09:00,4875.0,4915.0,4805.0,4820.0,239449,0.0,0.0
2024-01-24 11:00:00+09:00,4820.0,4820.0,4770.0,4815.0,155874,0.0,0.0
2024-01-24 12:00:00+09:00,4810.0,4810.0,4750.0,4750.0,123809,0.0,0.0
2024-01-24 13:00:00+09:00,4750.0,4775.0,4745.0,4755.0,69452,0.0,0.0
2024-01-24 14:00:00+09:00,4755.0,4765.0,4730.0,4755.0,115575,0.0,0.0
2024-01-25 09:00:00+09:00,4810.0,4830.0,4615.0,4645.0,310100,0.0,0.0
2024-01-25 10:00:00+09:00,4640.0,4720.0,4640.0,4675.0,82717,0.0,0.0
2024-01-25 11:00:00+09:00,4675.0,4685.0,4645.0,4655.0,69881,0.0,0.0
2024-01-25 12:00:00+09:00,4650.0,4690.0,4650.0,4680.0,40485,0.0,0.0
2024-01-25 13:00:00+09:00,4680.0,4720.0,4670.0,4715.0,76982,0.0,0.0
2024-01-25 14:00:00+09:00,4715.0,4740.0,4690.0,4715.0,67480,0.0,0.0
2024-01-26 09:00:00+09:00,4655.0,4735.0,4655.0,4710.0,162153,0.0,0.0
2024-01-26 10:00:00+09:00,4710.0,4745.0,4690.0,4740.0,79710,0.0,0.0
2024-01-26 11:00:00+09:00,4740.0,4750.0,4725.0,4740.0,46487,0.0,0.0
2024-01-26 12:00:00+09:00,4735.0,4740.0,4705.0,4725.0,43951,0.0,0.0
2024-01-26 13:00:00+09:00,4725.0,4730.0,4685.0,4700.0,91580,0.0,0.0
2024-01-26 14:00:00+09:00,4700.0,4700.0,4655.0,4690.0,63162,0.0,0.0
2024-01-29 09:00:00+09:00,4705.0,4950.0,4690.0,4740.0,340998,0.0,0.0
2024-01-29 10:00:00+09:00,4740.0,4775.0,4730.0,4775.0,110130,0.0,0.0
2024-01-29 11:00:00+09:00,4770.0,4815.0,4740.0,4750.0,72716,0.0,0.0
2024-01-29 12:00:00+09:00,4750.0,4770.0,4745.0,4750.0,44578,0.0,0.0
2024-01-29 13:00:00+09:00,4755.0,4760.0,4660.0,4665.0,201245,0.0,0.0
2024-01-29 14:00:00+09:00,4680.0,4910.0,4680.0,4770.0,976621,0.0,0.0
2024-01-30 09:00:00+09:00,4675.0,4770.0,4675.0,4735.0,319695,0.0,0.0
2024-01-30 10:00:00+09:00,4735.0,4765.0,4715.0,4740.0,79079,0.0,0.0
2024-01-30 11:00:00+09:00,4740.0,4750.0,4690.0,4700.0,108587,0.0,0.0
2024-01-30 12:00:00+09:00,4700.0,4730.0,4665.0,4700.0,144155,0.0,0.0
2024-01-30 13:00:00+09:00,4700.0,4715.0,4685.0,4690.0,41983,0.0,0.0
2024-01-30 14:00:00+09:00,4690.0,4700.0,4680.0,4680.0,45936,0.0,0.0
2024-01-31 09:00:00+09:00,4685.0,4755.0,4680.0,4715.0,144732,0.0,0.0
2024-01-31 10:00:00+09:00,4715.0,4725.0,4635.0,4660.0,96446,0.0,0.0
2024-01-31 11:00:00+09:00,4660.0,4680.0,4640.0,4655.0,35439,0.0,0.0
2024-01-31 12:00:00+09:00,4650.0,4655.0,4640.0,4655.0,31803,0.0,0.0
2024-01-31 13:00:00+09:00,4650.0,4650.0,4570.0,4595.0,200344,0.0,0.0
2024-01-31 14:00:00+09:00,4590.0,4610.0,4565.0,4590.0,78006,0.0,0.0
2024-02-01 09:00:00+09:00,4515.0,4610.0,4495.0,4585.0,131552,0.0,0.0
2024-02-01 10:00:00+09:00,4580.0,4600.0,4540.0,4550.0,59144,0.0,0.0
2024-02-01 11:00:00+09:00,4570.0,4600.0,4545.0,4595.0,51808,0.0,0.0
2024-02-01 12:00:00+09:00,4590.0,4610.0,4565.0,4590.0,36866,0.0,0.0
2024-02-01 13:00:00+09:00,4590.0,4595.0,4560.0,4565.0,24983,0.0,0.0
2024-02-01 14:00:00+09:00,4560.0,4575.0,4505.0,4505.0,73098,0.0,0.0
2024-02-02 09:00:00+09:00,4555.0,4610.0,4505.0,4595.0,97975,0.0,0.0
2024-02-02 10:00:00+09:00,4580.0,4595.0,4570.0,4585.0,35836,0.0,0.0
2024-02-02 11:00:00+09:00,4590.0,4595.0,4560.0,4585.0,35284,0.0,0.0
2024-02-02 12:00:00+09:00,4585.0,4610.0,4580.0,4610.0,52413,0.0,0.0
2024-02-02 13:00:00+09:00,4605.0,4625.0,4580.0,4600.0,45073,0.0,0.0
2024-02-02 14:00:00+09:00,4600.0,4605.0,4580.0,4595.0,32046,0.0,0.0
2024-02-05 09:00:00+09:00,4610.0,4665.0,4600.0,4655.0,0,0.0,0.0
2024-02-05 10:00:00+09:00,4655.0,4660.0,4605.0,4605.0,55198,0.0,0.0
2024-02-05 11:00:00+09:00,4610.0,4635.0,4590.0,4630.0,43555,0.0,0.0
2024-02-05 12:00:00+09:00,4630.0,4655.0,4630.0,4635.0,41993,0.0,0.0
2024-02-05 13:00:00+09:00,4635.0,4645.0,4620.0,4630.0,19015,0.0,0.0
2024-02-05 14:00:00+09:00,4630.0,4635.0,4625.0,4630.0,24652,0.0,0.0
2024-02-06 09:00:00+09:00,4630.0,4635.0,4485.0,4485.0,180707,0.0,0.0
2024-02-06 10:00:00+09:00,4485.0,4525.0,4485.0,4525.0,38383,0.0,0.0
2024-02-06 11:00:00+09:00,4515.0,4535.0,4510.0,4525.0,19350,0.0,0.0
2024-02-06 12:00:00+09:00,4520.0,4585.0,4505.0,4540.0,40428,0.0,0.0
2024-02-06 13:00:00+09:00,4540.0,4570.0,4520.0,4540.0,13212,0.0,0.0
2024-02-06 14:00:00+09:00,4540.0,4560.0,4515.0,4535.0,53492,0.0,0.0
2024-02-07 09:00:00+09:00,4525.0,4580.0,4505.0,4565.0,57877,0.0,0.0
2024-02-07 10:00:00+09:00,4565.0,4565.0,4535.0,4545.0,34182,0.0,0.0
2024-02-07 11:00:00+09:00,4540.0,4545.0,4525.0,4535.0,32396,0.0,0.0
2024-02-07 12:00:00+09:00,4535.0,4545.0,4525.0,4525.0,14294,0.0,0.0
2024-02-07 13:00:00+09:00,4525.0,4530.0,4515.0,4515.0,26512,0.0,0.0
2024-02-07 14:00:00+09:00,4515.0,4535.0,4515.0,4530.0,20633,0.0,0.0
2024-02-08 09:00:00+09:00,4550.0,4605.0,4530.0,4570.0,63554,0.0,0.0
2024-02-08 10:00:00+09:00,4570.0,4580.0,4550.0,4565.0,41602,0.0,0.0
2024-02-08 11:00:00+09:00,4560.0,4565.0,4545.0,4560.0,19374,0.0,0.0
2024-02-08 12:00:00+09:00,4565.0,4565.0,4540.0,4555.0,17938,0.0,0.0
2024-02-08 13:00:00+09:00,4550.0,4565.0,4540.0,4550.0,26592,0.0,0.0
2024-02-08 14:00:00+09:00,4545.0,4545.0,4525.0,4535.0,35498,0.0,0.0
2024-02-13 09:00:00+09:00,4545.0,4580.0,4535.0,4570.0,0,0.0,0.0
2024-02-13 10:00:00+09:00,4570.0,4575.0,4560.0,4565.0,24656,0.0,0.0
2024-02-13 11:00:00+09:00,4570.0,4585.0,4560.0,4585.0,45281,0.0,0.0
2024-02-13 12:00:00+09:00,4580.0,4600.0,4580.0,4590.0,35095,0.0,0.0
2024-02-13 13:00:00+09:00,4590.0,4620.0,4590.0,4610.0,46028,0.0,0.0
2024-02-13 14:00:00+09:00,4610.0,4615.0,4575.0,4590.0,42282,0.0,0.0
2024-02-14 09:00:00+09:00,4760.0,4890.0,4655.0,4780.0,1303533,0.0,0.0
2024-02-14 10:00:00+09:00,4780.0,4820.0,4700.0,4720.0,243438,0.0,0.0
2024-02-14 11:00:00+09:00,4725.0,4725.0,4695.0,4710.0,80270,0.0,0.0
2024-02-14 12:00:00+09:00,4705.0,4720.0,4695.0,4710.0,61722,0.0,0.0
2024-02-14 13:00:00+09:00,4715.0,4715.0,4675.0,4675.0,77955,0.0,0.0
2024-02-14 14:00:00+09:00,4675.0,4700.0,4670.0,4680.0,67113,0.0,0.0
2024-02-15 09:00:00+09:00,4655.0,4705.0,4625.0,4670.0,161156,0.0,0.0
2024-02-15 10:00:00+09:00,4670.0,4690.0,4655.0,4685.0,57978,0.0,0.0
2024-02-15 11:00:00+09:00,4685.0,4690.0,4670.0,4680.0,36261,0.0,0.0
2024-02-15 12:00:00+09:00,4680.0,4685.0,4665.0,4675.0,26210,0.0,0.0
2024-02-15 13:00:00+09:00,4670.0,4680.0,4660.0,4665.0,46870,0.0,0.0
2024-02-15 14:00:00+09:00,4665.0,4670.0,4655.0,4670.0,36588,0.0,0.0
2024-02-16 09:00:00+09:00,4665.0,4675.0,4610.0,4650.0,116240,0.0,0.0
2024-02-16 10:00:00+09:00,4645.0,4680.0,4645.0,4670.0,50527,0.0,0.0
2024-02-16 11:00:00+09:00,4670.0,4675.0,4650.0,4650.0,35410,0.0,0.0
2024-02-16 12:00:00+09:00,4645.0,4665.0,4640.0,4665.0,50776,0.0,0.0
2024-02-16 13:00:00+09:00,4660.0,4680.0,4655.0,4670.0,21172,0.0,0.0
2024-02-16 14:00:00+09:00,4670.0,4700.0,4660.0,4695.0,57025,0.0,0.0
2024-02-19 09:00:00+09:00,4695.0,4760.0,4685.0,4750.0,0,0.0,0.0
2024-02-19 10:00:00+09:00,4755.0,4765.0,4725.0,4725.0,194063,0.0,0.0
2024-02-19 11:00:00+09:00,4725.0,4725.0,4705.0,4720.0,36414,0.0,0.0
2024-02-19 12:00:00+09:00,4720.0,4725.0,4715.0,4720.0,29807,0.0,0.0
2024-02-19 13:00:00+09:00,4720.0,4725.0,4710.0,4710.0,16818,0.0,0.0
2024-02-19 14:00:00+09:00,4710.0,4720.0,4705.0,4715.0,20344,0.0,0.0
2024-02-20 09:00:00+09:00,4705.0,4730.0,4660.0,4685.0,120075,0.0,0.0
2024-02-20 10:00:00+09:00,4685.0,4720.0,4670.0,4720.0,53111,0.0,0.0
2024-02-20 11:00:00+09:00,4715.0,4720.0,4665.0,4690.0,59598,0.0,0.0
2024-02-20 12:00:00+09:00,4705.0,4705.0,4665.0,4675.0,42403,0.0,0.0
2024-02-20 13:00:00+09:00,4675.0,4685.0,4660.0,4670.0,25560,0.0,0.0
2024-02-20 14:00:00+09:00,4670.0,4670.0,4655.0,4665.0,52928,0.0,0.0
2024-02-21 09:00:00+09:00,4675.0,4690.0,4630.0,4650.0,98189,0.0,0.0
2024-02-21 10:00:00+09:00,4655.0,4660.0,4640.0,4645.0,26845,0.0,0.0
2024-02-21 11:00:00+09:00,4640.0,4650.0,4625.0,4635.0,47836,0.0,0.0
2024-02-21 12:00:00+09:00,4635.0,4640.0,4615.0,4620.0,26500,0.0,0.0
2024-02-21 13:00:00+09:00,4625.0,4625.0,4615.0,4625.0,29117,0.0,0.0
2024-02-21 14:00:00+09:00,4625.0,4630.0,4605.0,4605.0,52835,0.0,0.0
2024-02-22 09:00:00+09:00,4610.0,4630.0,4590.0,4615.0,0,0.0,0.0
2024-02-22 10:00:00+09:00,4615.0,4640.0,4605.0,4630.0,125415,0.0,0.0
2024-02-22 11:00:00+09:00,4615.0,4630.0,4610.0,4615.0,10502,0.0,0.0
2024-02-22 12:00:00+09:00,4615.0,4620.0,4605.0,4615.0,14638,0.0,0.0
2024-02-22 13:00:00+09:00,4610.0,4620.0,4600.0,4605.0,11623,0.0,0.0
2024-02-22 14:00:00+09:00,4605.0,4615.0,4605.0,4610.0,20312,0.0,0.0
2024-02-23 09:00:00+09:00,4625.0,4640.0,4580.0,4590.0,78261,0.0,0.0
2024-02-23 10:00:00+09:00,4585.0,4600.0,4580.0,4590.0,59636,0.0,0.0
2024-02-23 11:00:00+09:00,4585.0,4590.0,4570.0,4580.0,33229,0.0,0.0
2024-02-23 12:00:00+09:00,4580.0,4585.0,4570.0,4575.0,21160,0.0,0.0
2024-02-23 13:00:00+09:00,4585.0,4585.0,4565.0,4570.0,19015,0.0,0.0
2024-02-23 14:00:00+09:00,4570.0,4580.0,4560.0,4565.0,38675,0.0,0.0
2024-02-26 09:00:00+09:00,4530.0,4570.0,4510.0,4520.0,0,0.0,0.0
2024-02-26 10:00:00+09:00,4520.0,4565.0,4510.0,4540.0,31127,0.0,0.0
2024-02-26 11:00:00+09:00,4560.0,4560.0,4540.0,4555.0,7851,0.0,0.0
2024-02-26 12:00:00+09:00,4560.0,4570.0,4540.0,4565.0,10019,0.0,0.0
2024-02-26 13:00:00+09:00,4565.0,4565.0,4540.0,4550.0,26409,0.0,0.0
2024-02-26 14:00:00+09:00,4540.0,4570.0,4540.0,4560.0,21482,0.0,0.0
2024-02-27 09:00:00+09:00,4545.0,4570.0,4500.0,4525.0,125518,0.0,0.0
2024-02-27 10:00:00+09:00,4520.0,4540.0,4520.0,4520.0,21099,0.0,0.0
2024-02-27 11:00:00+09:00,4520.0,4530.0,4505.0,4510.0,23768,0.0,0.0
2024-02-27 12:00:00+09:00,4510.0,4515.0,4495.0,4500.0,55085,0.0,0.0
2024-02-27 13:00:00+09:00,4500.0,4505.0,4485.0,4495.0,35895,0.0,0.0
2024-02-27 14:00:00+09:00,4500.0,4505.0,4490.0,4490.0,32522,0.0,0.0
2024-02-28 09:00:00+09:00,4475.0,4520.0,4465.0,4485.0,67706,0.0,0.0
2024-02-28 10:00:00+09:00,4485.0,4485.0,4470.0,4485.0,15387,0.0,0.0
2024-02-28 11:00:00+09:00,4480.0,4485.0,4460.0,4475.0,23561,0.0,0.0
2024-02-28 12:00:00+09:00,4470.0,4480.0,4455.0,4460.0,26647,0.0,0.0
2024-02-28 13:00:00+09:00,4460.0,4470.0,4455.0,4465.0,13514,0.0,0.0
2024-02-28 14:00:00+09:00,4465.0,4475.0,4450.0,4455.0,44362,0.0,0.0
2024-02-29 09:00:00+09:00,4455.0,4535.0,4450.0,4510.0,108423,0.0,0.0
2024-02-29 10:00:00+09:00,4505.0,4515.0,4500.0,4500.0,27433,0.0,0.0
2024-02-29 11:00:00+09:00,4500.0,4510.0,4485.0,4490.0,20259,0.0,0.0
2024-02-29 12:00:00+09:00,4490.0,4500.0,4475.0,4500.0,25662,0.0,0.0
2024-02-29 13:00:00+09:00,4500.0,4500.0,4470.0,4480.0,16307,0.0,0.0
2024-02-29 14:00:00+09:00,4480.0,4485.0,4445.0,4445.0,35558,0.0,0.0
2024-03-04 09:00:00+09:00,4445.0,4545.0,4440.0,4480.0,0,0.0,0.0
2024-03-04 10:00:00+09:00,4485.0,4490.0,4470.0,4490.0,15557,0.0,0.0
2024-03-04 11:00:00+09:00,4495.0,4505.0,4480.0,4505.0,20144,0.0,0.0
2024-03-04 12:00:00+09:00,4500.0,4505.0,4485.0,4495.0,16529,0.0,0.0
2024-03-04 13:00:00+09:00,4495.0,4500.0,4475.0,4485.0,19331,0.0,0.0
2024-03-04 14:00:00+09:00,4485.0,4490.0,4475.0,4480.0,13367,0.0,0.0
2024-03-05 09:00:00+09:00,4460.0,4495.0,4450.0,4450.0,40656,0.0,0.0
2024-03-05 10:00:00+09:00,4455.0,4460.0,4420.0,4420.0,62589,0.0,0.0
2024-03-05 11:00:00+09:00,4420.0,4435.0,4420.0,4425.0,29677,0.0,0.0
2024-03-05 12:00:00+09:00,4420.0,4430.0,4415.0,4420.0,41107,0.0,0.0
2024-03-05 13:00:00+09:00,4415.0,4425.0,4405.0,4410.0,39799,0.0,0.0
2024-03-05 14:00:00+09:00,4415.0,4415.0,4405.0,4415.0,34807,0.0,0.0
2024-03-06 09:00:00+09:00,4410.0,4420.0,4400.0,4400.0,50590,0.0,0.0
2024-03-06 10:00:00+09:00,4405.0,4420.0,4400.0,4410.0,25751,0.0,0.0
2024-03-06 11:00:00+09:00,4415.0,4415.0,4400.0,4400.0,21198,0.0,0.0
2024-03-06 12:00:00+09:00,4405.0,4405.0,4400.0,4400.0,13663,0.0,0.0
2024-03-06 13:00:00+09:00,4405.0,4410.0,4400.0,4405.0,19221,0.0,0.0
2024-03-06 14:00:00+09:00,4410.0,4410.0,4400.0,4405.0,22708,0.0,0.0
2024-03-07 09:00:00+09:00,4420.0,4440.0,4395.0,4395.0,40267,0.0,0.0
2024-03-07 10:00:00+09:00,4400.0,4405.0,4365.0,4380.0,45995,0.0,0.0
2024-03-07 11:00:00+09:00,4380.0,4385.0,4370.0,4370.0,38519,0.0,0.0
2024-03-07 12:00:00+09:00,4370.0,4380.0,4355.0,4365.0,36454,0.0,0.0
2024-03-07 13:00:00+09:00,4365.0,4370.0,4355.0,4360.0,31100,0.0,0.0
2024-03-07 14:00:00+09:00,4360.0,4370.0,4340.0,4365.0,45098,0.0,0.0
2024-03-08 09:00:00+09:00,4355.0,4370.0,4335.0,4355.0,50794,0.0,0.0
2024-03-08 10:00:00+09:00,4355.0,4375.0,4345.0,4345.0,35972,0.0,0.0
2024-03-08 11:00:00+09:00,4345.0,4360.0,4340.0,4345.0,14934,0.0,0.0
2024-03-08 12:00:00+09:00,4350.0,4350.0,4335.0,4345.0,20335,0.0,0.0
2024-03-08 13:00:00+09:00,4340.0,4345.0,4330.0,4335.0,27474,0.0,0.0
2024-03-08 14:00:00+09:00,4335.0,4340.0,4305.0,4320.0,94748,0.0,0.0
2024-03-11 09:00:00+09:00,4310.0,4330.0,4280.0,4325.0,0,0.0,0.0
2024-03-11 10:00:00+09:00,4325.0,4345.0,4320.0,4320.0,20590,0.0,0.0
2024-03-11 11:00:00+09:00,4320.0,4330.0,4315.0,4330.0,13662,0.0,0.0
2024-03-11 12:00:00+09:00,4330.0,4330.0,4300.0,4310.0,30267,0.0,0.0
2024-03-11 13:00:00+09:00,4310.0,4320.0,4305.0,4310.0,7842,0.0,0.0
2024-03-11 14:00:00+09:00,4310.0,4320.0,4310.0,4320.0,10937,0.0,0.0
2024-03-12 09:00:00+09:00,4325.0,4355.0,4320.0,4350.0,45894,0.0,0.0
2024-03-12 10:00:00+09:00,4350.0,4390.0,4345.0,4385.0,54626,0.0,0.0
2024-03-12 11:00:00+09:00,4385.0,4385.0,4370.0,4380.0,19802,0.0,0.0
2024-03-12 12:00:00+09:00,4380.0,4390.0,4370.0,4390.0,15341,0.0,0.0
2024-03-12 13:00:00+09:00,4390.0,4390.0,4355.0,4355.0,20949,0.0,0.0
2024-03-12 14:00:00+09:00,4360.0,4375.0,4355.0,4365.0,8695,0.0,0.0
2024-03-13 09:00:00+09:00,4370.0,4370.0,4345.0,4370.0,30755,0.0,0.0
2024-03-13 10:00:00+09:00,4370.0,4435.0,4365.0,4400.0,82636,0.0,0.0
2024-03-13 11:00:00+09:00,4400.0,4425.0,4400.0,4420.0,16448,0.0,0.0
2024-03-13 12:00:00+09:00,4420.0,4470.0,4410.0,4450.0,70981,0.0,0.0
2024-03-13 13:00:00+09:00,4455.0,4480.0,4405.0,4455.0,82455,0.0,0.0
2024-03-13 14:00:00+09:00,4450.0,4680.0,4430.0,4500.0,848793,0.0,0.0
2024-03-14 09:00:00+09:00,4505.0,4530.0,4465.0,4530.0,95011,0.0,0.0
2024-03-14 10:00:00+09:00,4525.0,4540.0,4480.0,4485.0,47265,0.0,0.0
2024-03-14 11:00:00+09:00,4485.0,4525.0,4485.0,4520.0,33852,0.0,0.0
2024-03-14 12:00:00+09:00,4515.0,4550.0,4500.0,4540.0,42659,0.0,0.0
2024-03-14 13:00:00+09:00,4540.0,4540.0,4515.0,4520.0,15052,0.0,0.0
2024-03-14 14:00:00+09:00,4520.0,4535.0,4515.0,4520.0,17662,0.0,0.0
2024-03-15 09:00:00+09:00,4540.0,4575.0,4510.0,4560.0,98445,0.0,0.0
2024-03-15 10:00:00+09:00,4560.0,4560.0,4530.0,4535.0,28493,0.0,0.0
2024-03-15 11:00:00+09:00,4535.0,4545.0,4525.0,4535.0,17886,0.0,0.0
2024-03-15 12:00:00+09:00,4525.0,4540.0,4525.0,4535.0,6564,0.0,0.0
2024-03-15 13:00:00+09:00,4540.0,4540.0,4505.0,4505.0,41004,0.0,0.0
2024-03-15 14:00:00+09:00,4505.0,4520.0,4490.0,4510.0,28208,0.0,0.0
2024-03-18 09:00:00+09:00,4490.0,4585.0,4490.0,4530.0,0,0.0,0.0
2024-03-18 10:00:00+09:00,4540.0,4545.0,4500.0,4515.0,20041,0.0,0.0
2024-03-18 11:00:00+09:00,4515.0,4515.0,4500.0,4510.0,12914,0.0,0.0
2024-03-18 12:00:00+09:00,4510.0,4510.0,4490.0,4500.0,20087,0.0,0.0
2024-03-18 13:00:00+09:00,4500.0,4500.0,4490.0,4495.0,11328,0.0,0.0
2024-03-18 14:00:00+09:00,4495.0,4510.0,4485.0,4505.0,16135,0.0,0.0
2024-03-19 09:00:00+09:00,4485.0,4650.0,4485.0,4580.0,325243,0.0,0.0
2024-03-19 10:00:00+09:00,4575.0,4745.0,4570.0,4685.0,584873,0.0,0.0
2024-03-19 11:00:00+09:00,4685.0,4770.0,4615.0,4655.0,568593,0.0,0.0
2024-03-19 12:00:00+09:00,4655.0,4675.0,4640.0,4655.0,93199,0.0,0.0
2024-03-19 13:00:00+09:00,4655.0,4680.0,4635.0,4645.0,81977,0.0,0.0
2024-03-19 14:00:00+09:00,4640.0,4730.0,4610.0,4645.0,212418,0.0,0.0
2024-03-20 09:00:00+09:00,4660.0,4685.0,4620.0,4640.0,139849,0.0,0.0
2024-03-20 10:00:00+09:00,4650.0,4695.0,4635.0,4650.0,202542,0.0,0.0
2024-03-20 11:00:00+09:00,4650.0,4670.0,4625.0,4635.0,74505,0.0,0.0
2024-03-20 12:00:00+09:00,4635.0,4660.0,4635.0,4655.0,34468,0.0,0.0
2024-03-20 13:00:00+09:00,4650.0,4655.0,4630.0,4640.0,28201,0.0,0.0
2024-03-20 14:00:00+09:00,4635.0,4665.0,4625.0,4655.0,62557,0.0,0.0
2024-03-21 09:00:00+09:00,4790.0,4860.0,4645.0,4675.0,713072,0.0,0.0
2024-03-21 10:00:00+09:00,4670.0,4700.0,4665.0,4675.0,111477,0.0,0.0
2024-03-21 11:00:00+09:00,4675.0,4685.0,4640.0,4645.0,89341,0.0,0.0
2024-03-21 12:00:00+09:00,4645.0,4665.0,4620.0,4655.0,52997,0.0,0.0
2024-03-21 13:00:00+09:00,4655.0,4685.0,4635.0,4645.0,76017,0.0,0.0
2024-03-21 14:00:00+09:00,4645.0,4660.0,4630.0,4635.0,73709,0.0,0.0
2024-03-22 09:00:00+09:00,4635.0,4680.0,4545.0,4670.0,249967,0.0,0.0
2024-03-22 10:00:00+09:00,4670.0,4670.0,4630.0,4645.0,82231,0.0,0.0
2024-03-22 11:00:00+09:00,4645.0,4650.0,4625.0,4630.0,38617,0.0,0.0
2024-03-22 12:00:00+09:00,4640.0,4650.0,4625.0,4635.0,57123,0.0,0.0
2024-03-22 13:00:00+09:00,4635.0,4640.0,4615.0,4635.0,42126,0.0,0.0
2024-03-22 14:00:00+09:00,4640.0,4645.0,4625.0,4640.0,33014,0.0,0.0
2024-03-25 09:00:00+09:00,4695.0,4805.0,4695.0,4795.0,324680,0.0,0.0
2024-03-25 10:00:00+09:00,4785.0,4800.0,4735.0,4760.0,191182,0.0,0.0
2024-03-25 11:00:00+09:00,4760.0,4780.0,4740.0,4755.0,84399,0.0,0.0
2024-03-25 12:00:00+09:00,4755.0,5360.0,4755.0,5250.0,6938040,0.0,0.0
2024-03-25 13:00:00+09:00,5250.0,5630.0,5190.0,5530.0,14104819,0.0,0.0
2024-03-25 14:00:00+09:00,5530.0,5620.0,5350.0,5420.0,6249016,0.0,0.0
2024-03-26 09:00:00+09:00,5620.0,5720.0,5480.0,5520.0,4841211,0.0,0.0
2024-03-26 10:00:00+09:00,5520.0,5670.0,5510.0,5550.0,1589280,0.0,0.0
2024-03-26 11:00:00+09:00,5550.0,5600.0,5520.0,5520.0,492747,0.0,0.0
2024-03-26 12:00:00+09:00,5530.0,5770.0,5520.0,5630.0,2998500,0.0,0.0
2024-03-26 13:00:00+09:00,5630.0,5860.0,5580.0,5610.0,3881293,0.0,0.0
2024-03-26 14:00:00+09:00,5620.0,5630.0,5460.0,5500.0,1444876,0.0,0.0
2024-03-27 09:00:00+09:00,5410.0,5520.0,5340.0,5390.0,1727175,0.0,0.0
2024-03-27 10:00:00+09:00,5390.0,5410.0,5280.0,5320.0,700950,0.0,0.0
2024-03-27 11:00:00+09:00,5310.0,5390.0,5210.0,5220.0,679617,0.0,0.0
2024-03-27 12:00:00+09:00,5230.0,5300.0,5200.0,5270.0,349841,0.0,0.0
2024-03-27 13:00:00+09:00,5270.0,5280.0,5160.0,5200.0,330848,0.0,0.0
2024-03-27 14:00:00+09:00,5190.0,5260.0,5160.0,5240.0,322455,0.0,0.0
2024-03-28 09:00:00+09:00,5200.0,5230.0,5040.0,5040.0,1195082,0.0,0.0
2024-03-28 10:00:00+09:00,5050.0,5050.0,4975.0,4990.0,571126,0.0,0.0
2024-03-28 11:00:00+09:00,4990.0,4990.0,4915.0,4945.0,513897,0.0,0.0
2024-03-28 12:00:00+09:00,4935.0,5000.0,4910.0,4970.0,279018,0.0,0.0
2024-03-28 13:00:00+09:00,4970.0,4975.0,4925.0,4945.0,169310,0.0,0.0
2024-03-28 14:00:00+09:00,4945.0,4945.0,4850.0,4880.0,486007,0.0,0.0
2024-03-29 09:00:00+09:00,4955.0,5050.0,4900.0,4940.0,1604599,0.0,0.0
2024-03-29 10:00:00+09:00,4935.0,4955.0,4885.0,4890.0,253476,0.0,0.0
2024-03-29 11:00:00+09:00,4890.0,4925.0,4885.0,4900.0,115234,0.0,0.0
2024-03-29 12:00:00+09:00,4905.0,5460.0,4890.0,5350.0,6943454,0.0,0.0
2024-03-29 13:00:00+09:00,5350.0,5350.0,4985.0,5020.0,3791255,0.0,0.0
2024-03-29 14:00:00+09:00,5010.0,5040.0,4955.0,4975.0,769745,0.0,0.0
2024-04-01 09:00:00+09:00,4885.0,4935.0,4850.0,4925.0,0,0.0,0.0
2024-04-01 10:00:00+09:00,4925.0,4935.0,4890.0,4935.0,144411,0.0,0.0
2024-04-01 11:00:00+09:00,4935.0,5000.0,4920.0,4975.0,244581,0.0,0.0
2024-04-01 12:00:00+09:00,4980.0,5010.0,4970.0,4985.0,152165,0.0,0.0
2024-04-01 13:00:00+09:00,4990.0,4990.0,4920.0,4950.0,136072,0.0,0.0
2024-04-01 14:00:00+09:00,4950.0,4975.0,4940.0,4970.0,70182,0.0,0.0
2024-04-02 09:00:00+09:00,4930.0,5050.0,4860.0,5010.0,693455,0.0,0.0
2024-04-02 10:00:00+09:00,5000.0,5220.0,5000.0,5150.0,2046947,0.0,0.0
2024-04-02 11:00:00+09:00,5160.0,5170.0,5030.0,5090.0,319486,0.0,0.0
2024-04-02 12:00:00+09:00,5090.0,5160.0,5080.0,5080.0,292204,0.0,0.0
2024-04-02 13:00:00+09:00,5090.0,5150.0,5070.0,5140.0,211783,0.0,0.0
2024-04-02 14:00:00+09:00,5140.0,5330.0,5110.0,5190.0,3427312,0.0,0.0
2024-04-03 09:00:00+09:00,5130.0,5550.0,5120.0,5170.0,5054046,0.0,0.0
2024-04-03 10:00:00+09:00,5160.0,5290.0,5110.0,5260.0,749450,0.0,0.0
2024-04-03 11:00:00+09:00,5250.0,5300.0,5150.0,5160.0,502273,0.0,0.0
2024-04-03 12:00:00+09:00,5170.0,5460.0,5150.0,5330.0,2042271,0.0,0.0
2024-04-03 13:00:00+09:00,5310.0,5330.0,5210.0,5230.0,611514,0.0,0.0
2024-04-03 14:00:00+09:00,5240.0,5300.0,5220.0,5290.0,279116,0.0,0.0
2024-04-04 09:00:00+09:00,5220.0,5300.0,5150.0,5190.0,664638,0.0,0.0
2024-04-04 10:00:00+09:00,5190.0,5370.0,5190.0,5290.0,813263,0.0,0.0
2024-04-04 11:00:00+09:00,5290.0,5340.0,5240.0,5270.0,160395,0.0,0.0
2024-04-04 12:00:00+09:00,5270.0,5320.0,5230.0,5260.0,169289,0.0,0.0
2024-04-04 13:00:00+09:00,5270.0,5280.0,5200.0,5220.0,165708,0.0,0.0
2024-04-04 14:00:00+09:00,5210.0,5220.0,5150.0,5200.0,244274,0.0,0.0
2024-04-05 09:00:00+09:00,5340.0,5460.0,5240.0,5360.0,1928487,0.0,0.0
2024-04-05 10:00:00+09:00,5350.0,5500.0,5270.0,5420.0,1629956,0.0,0.0
2024-04-05 11:00:00+09:00,5420.0,5500.0,5370.0,5410.0,1103255,0.0,0.0
2024-04-05 12:00:00+09:00,5420.0,5490.0,5360.0,5370.0,619605,0.0,0.0
2024-04-05 13:00:00+09:00,5370.0,5410.0,5290.0,5310.0,440954,0.0,0.0
2024-04-05 14:00:00+09:00,5320.0,5330.0,5270.0,5290.0,277405,0.0,0.0
2024-04-08 09:00:00+09:00,5290.0,5460.0,5060.0,5380.0,0,0.0,0.0
2024-04-08 10:00:00+09:00,5380.0,5420.0,5290.0,5400.0,426664,0.0,0.0
2024-04-08 11:00:00+09:00,5400.0,5420.0,5340.0,5410.0,237699,0.0,0.0
2024-04-08 12:00:00+09:00,5400.0,5530.0,5360.0,5400.0,1398023,0.0,0.0
2024-04-08 13:00:00+09:00,5380.0,5410.0,5350.0,5360.0,177626,0.0,0.0
2024-04-08 14:00:00+09:00,5360.0,5370.0,5280.0,5300.0,261999,0.0,0.0
2024-04-09 09:00:00+09:00,5280.0,5290.0,5150.0,5210.0,615465,0.0,0.0
2024-04-09 10:00:00+09:00,5210.0,5330.0,5200.0,5260.0,384165,0.0,0.0
2024-04-09 11:00:00+09:00,5260.0,5270.0,5140.0,5160.0,228138,0.0,0.0
2024-04-09 12:00:00+09:00,5160.0,5190.0,5130.0,5180.0,82791,0.0,0.0
2024-04-09 13:00:00+09:00,5170.0,5190.0,5130.0,5140.0,86797,0.0,0.0
2024-04-09 14:00:00+09:00,5140.0,5180.0,5120.0,5130.0,128770,0.0,0.0
2024-04-11 09:00:00+09:00,5140.0,5270.0,5120.0,5160.0,0,0.0,0.0
2024-04-11 10:00:00+09:00,5150.0,5180.0,5120.0,5130.0,97028,0.0,0.0
2024-04-11 11:00:00+09:00,5130.0,5200.0,5120.0,5180.0,63291,0.0,0.0
2024-04-11 12:00:00+09:00,5180.0,5180.0,5140.0,5150.0,62530,0.0,0.0
2024-04-11 13:00:00+09:00,5150.0,5170.0,5130.0,5150.0,61160,0.0,0.0
2024-04-11 14:00:00+09:00,5150.0,5170.0,5090.0,5090.0,152001,0.0,0.0
2024-04-12 09:00:00+09:00,5010.0,5010.0,4925.0,4940.0,502915,0.0,0.0
2024-04-12 10:00:00+09:00,4940.0,5010.0,4910.0,4980.0,239682,0.0,0.0
2024-04-12 11:00:00+09:00,4980.0,5140.0,4950.0,5070.0,246017,0.0,0.0
2024-04-12 12:00:00+09:00,5070.0,5100.0,4990.0,5050.0,142547,0.0,0.0
2024-04-12 13:00:00+09:00,5050.0,5140.0,5050.0,5130.0,121303,0.0,0.0
2024-04-12 14:00:00+09:00,5130.0,5200.0,5110.0,5180.0,282493,0.0,0.0
2024-04-15 09:00:00+09:00,5200.0,5500.0,5190.0,5350.0,1419451,0.0,0.0
2024-04-15 10:00:00+09:00,5350.0,5420.0,5290.0,5370.0,521292,0.0,0.0
2024-04-15 11:00:00+09:00,5370.0,5390.0,5250.0,5350.0,431982,0.0,0.0
2024-04-15 12:00:00+09:00,5350.0,5390.0,5300.0,5310.0,168829,0.0,0.0
2024-04-15 13:00:00+09:00,5310.0,5360.0,5270.0,5270.0,200364,0.0,0.0
2024-04-15 14:00:00+09:00,5280.0,5350.0,5270.0,5310.0,182672,0.0,0.0
2024-04-16 09:00:00+09:00,5420.0,5620.0,5290.0,5480.0,2769712,0.0,0.0
2024-04-16 10:00:00+09:00,5480.0,5690.0,5330.0,5510.0,3035122,0.0,0.0
2024-04-16 11:00:00+09:00,5510.0,5640.0,5380.0,5430.0,1762350,0.0,0.0
2024-04-16 12:00:00+09:00,5440.0,5510.0,5420.0,5460.0,278464,0.0,0.0
2024-04-16 13:00:00+09:00,5470.0,5480.0,5410.0,5430.0,262232,0.0,0.0
2024-04-16 14:00:00+09:00,5430.0,5440.0,5330.0,5340.0,430422,0.0,0.0
2024-04-17 09:00:00+09:00,5150.0,5180.0,5010.0,5170.0,712086,0.0,0.0
2024-04-17 10:00:00+09:00,5170.0,5780.0,5150.0,5370.0,5296980,0.0,0.0
2024-04-17 11:00:00+09:00,5380.0,5470.0,5370.0,5470.0,432908,0.0,0.0
2024-04-17 12:00:00+09:00,5460.0,5520.0,5380.0,5400.0,341428,0.0,0.0
2024-04-17 13:00:00+09:00,5400.0,5400.0,5320.0,5360.0,362855,0.0,0.0
2024-04-17 14:00:00+09:00,5360.0,5400.0,5300.0,5400.0,291681,0.0,0.0
2024-04-18 09:00:00+09:00,5300.0,5410.0,5220.0,5390.0,500250,0.0,0.0
2024-04-18 10:00:00+09:00,5380.0,5400.0,5320.0,5360.0,172621,0.0,0.0
2024-04-18 11:00:00+09:00,5360.0,5360.0,5310.0,5310.0,104296,0.0,0.0
2024-04-18 12:00:00+09:00,5310.0,5390.0,5290.0,5380.0,137237,0.0,0.0
2024-04-18 13:00:00+09:00,5380.0,5430.0,5350.0,5360.0,190793,0.0,0.0
2024-04-18 14:00:00+09:00,5360.0,5410.0,5310.0,5380.0,241087,0.0,0.0
2024-04-19 09:00:00+09:00,5430.0,5570.0,5370.0,5480.0,1423754,0.0,0.0
2024-04-19 10:00:00+09:00,5480.0,5830.0,5450.0,5760.0,3965134,0.0,0.0
2024-04-19 11:00:00+09:00,5760.0,6180.0,5640.0,5960.0,11325970,0.0,0.0
2024-04-19 12:00:00+09:00,5960.0,6040.0,5520.0,5560.0,4054572,0.0,0.0
2024-04-19 13:00:00+09:00,5570.0,5620.0,5450.0,5530.0,1208125,0.0,0.0
2024-04-19 14:00:00+09:00,5520.0,5700.0,5470.0,5630.0,1095161,0.0,0.0
2024-04-22 09:00:00+09:00,5500.0,5740.0,5340.0,5580.0,0,0.0,0.0
2024-04-22 10:00:00+09:00,5580.0,5660.0,5470.0,5490.0,447847,0.0,0.0
2024-04-22 11:00:00+09:00,5490.0,5560.0,5470.0,5490.0,127559,0.0,0.0
2024-04-22 12:00:00+09:00,5500.0,5510.0,5430.0,5480.0,299707,0.0,0.0
2024-04-22 13:00:00+09:00,5470.0,5500.0,5420.0,5430.0,185671,0.0,0.0
2024-04-22 14:00:00+09:00,5430.0,5470.0,5360.0,5360.0,304747,0.0,0.0
2024-04-23 09:00:00+09:00,5280.0,5470.0,5270.0,5370.0,837410,0.0,0.0
2024-04-23 10:00:00+09:00,5370.0,5390.0,5250.0,5390.0,399115,0.0,0.0
2024-04-23 11:00:00+09:00,5390.0,5430.0,5300.0,5320.0,236286,0.0,0.0
2024-04-23 12:00:00+09:00,5320.0,5340.0,5270.0,5280.0,121687,0.0,0.0
2024-04-23 13:00:00+09:00,5280.0,5280.0,5130.0,5140.0,535908,0.0,0.0
2024-04-23 14:00:00+09:00,5150.0,5190.0,5110.0,5130.0,271330,0.0,0.0
2024-04-24 09:00:00+09:00,5070.0,5210.0,5030.0,5190.0,704936,0.0,0.0
2024-04-24 10:00:00+09:00,5180.0,5270.0,5130.0,5140.0,557966,0.0,0.0
2024-04-24 11:00:00+09:00,5140.0,5150.0,5080.0,5080.0,174661,0.0,0.0
2024-04-24 12:00:00+09:00,5080.0,5120.0,5080.0,5090.0,93843,0.0,0.0
2024-04-24 13:00:00+09:00,5100.0,5130.0,5080.0,5110.0,63445,0.0,0.0
2024-04-24 14:00:00+09:00,5100.0,5130.0,5080.0,5090.0,95541,0.0,0.0
2024-04-25 09:00:00+09:00,5120.0,5320.0,5100.0,5160.0,680697,0.0,0.0
2024-04-25 10:00:00+09:00,5170.0,5290.0,5160.0,5230.0,236964,0.0,0.0
2024-04-25 11:00:00+09:00,5240.0,5240.0,5190.0,5190.0,96908,0.0,0.0
2024-04-25 12:00:00+09:00,5200.0,5210.0,5170.0,5200.0,32247,0.0,0.0
2024-04-25 13:00:00+09:00,5200.0,5210.0,5150.0,5170.0,126722,0.0,0.0
2024-04-25 14:00:00+09:00,5170.0,5180.0,5140.0,5150.0,82052,0.0,0.0
2024-04-26 09:00:00+09:00,5130.0,5160.0,5040.0,5070.0,260569,0.0,0.0
2024-04-26 10:00:00+09:00,5070.0,5080.0,5010.0,5050.0,176268,0.0,0.0
2024-04-26 11:00:00+09:00,5050.0,5090.0,5030.0,5090.0,102122,0.0,0.0
2024-04-26 12:00:00+09:00,5090.0,5100.0,5060.0,5080.0,62080,0.0,0.0
2024-04-26 13:00:00+09:00,5090.0,5120.0,5080.0,5110.0,57797,0.0,0.0
2024-04-26 14:00:00+09:00,5110.0,5110.0,5060.0,5090.0,85559,0.0,0.0
2024-04-29 09:00:00+09:00,5050.0,5110.0,5050.0,5100.0,0,0.0,0.0
2024-04-29 10:00:00+09:00,5100.0,5120.0,5070.0,5080.0,77257,0.0,0.0
2024-04-29 11:00:00+09:00,5080.0,5090.0,5040.0,5080.0,89749,0.0,0.0
2024-04-29 12:00:00+09:00,5090.0,5110.0,5070.0,5090.0,39861,0.0,0.0
2024-04-29 13:00:00+09:00,5090.0,5100.0,5030.0,5090.0,149079,0.0,0.0
2024-04-29 14:00:00+09:00,5090.0,5090.0,5060.0,5080.0,85419,0.0,0.0
2024-04-30 09:00:00+09:00,5070.0,5090.0,5030.0,5060.0,220963,0.0,0.0
2024-04-30 10:00:00+09:00,5060.0,5090.0,5040.0,5040.0,99043,0.0,0.0
2024-04-30 11:00:00+09:00,5050.0,5060.0,4985.0,4995.0,213822,0.0,0.0
2024-04-30 12:00:00+09:00,4995.0,5020.0,4985.0,4995.0,81852,0.0,0.0
2024-04-30 13:00:00+09:00,4995.0,5020.0,4985.0,4990.0,86257,0.0,0.0
2024-04-30 14:00:00+09:00,4990.0,5020.0,4980.0,4985.0,139876,0.0,0.0
2024-05-02 09:00:00+09:00,4950.0,4995.0,4920.0,4965.0,0,0.0,0.0
2024-05-02 10:00:00+09:00,4965.0,4980.0,4955.0,4960.0,77302,0.0,0.0
2024-05-02 11:00:00+09:00,4960.0,4965.0,4950.0,4965.0,38714,0.0,0.0
2024-05-02 12:00:00+09:00,4965.0,4970.0,4935.0,4940.0,54136,0.0,0.0
2024-05-02 13:00:00+09:00,4940.0,4945.0,4910.0,4925.0,107298,0.0,0.0
2024-05-02 14:00:00+09:00,4925.0,4935.0,4915.0,4925.0,51744,0.0,0.0
2024-05-03 09:00:00+09:00,4975.0,5110.0,4960.0,5040.0,641972,0.0,0.0
2024-05-03 10:00:00+09:00,5040.0,5050.0,4995.0,5040.0,97555,0.0,0.0
2024-05-03 11:00:00+09:00,5040.0,5040.0,4995.0,5000.0,54799,0.0,0.0
2024-05-03 12:00:00+09:00,5000.0,5020.0,4980.0,5000.0,65705,0.0,0.0
2024-05-03 13:00:00+09:00,5000.0,5020.0,4990.0,4995.0,37869,0.0,0.0
2024-05-03 14:00:00+09:00,4990.0,5030.0,4990.0,5010.0,37107,0.0,0.0
2024-05-07 09:00:00+09:00,5100.0,5140.0,5020.0,5050.0,0,0.0,0.0
2024-05-07 10:00:00+09:00,5060.0,5080.0,5030.0,5080.0,77369,0.0,0.0
2024-05-07 11:00:00+09:00,5080.0,5080.0,5050.0,5070.0,31377,0.0,0.0
2024-05-07 12:00:00+09:00,5070.0,5090.0,5060.0,5080.0,42993,0.0,0.0
2024-05-07 13:00:00+09:00,5080.0,5080.0,5040.0,5080.0,65584,0.0,0.0
2024-05-07 14:00:00+09:00,5080.0,5110.0,5070.0,5100.0,143430,0.0,0.0
2024-05-08 09:00:00+09:00,5450.0,5560.0,5250.0,5420.0,5349888,0.0,0.0
2024-05-08 10:00:00+09:00,5420.0,5460.0,5300.0,5300.0,798160,0.0,0.0
2024-05-08 11:00:00+09:00,5320.0,5360.0,5300.0,5320.0,269707,0.0,0.0
2024-05-08 12:00:00+09:00,5340.0,5340.0,5270.0,5290.0,178753,0.0,0.0
2024-05-08 13:00:00+09:00,5290.0,5310.0,5200.0,5250.0,280510,0.0,0.0
2024-05-08 14:00:00+09:00,5260.0,5280.0,5210.0,5260.0,177030,0.0,0.0
2024-05-09 09:00:00+09:00,5210.0,5270.0,5120.0,5180.0,403573,0.0,0.0
2024-05-09 10:00:00+09:00,5190.0,5200.0,5130.0,5150.0,162433,0.0,0.0
2024-05-09 11:00:00+09:00,5160.0,5190.0,5140.0,5190.0,42726,0.0,0.0
2024-05-09 12:00:00+09:00,5190.0,5190.0,5130.0,5150.0,59476,0.0,0.0
2024-05-09 13:00:00+09:00,5160.0,5210.0,5150.0,5210.0,53740,0.0,0.0
2024-05-09 14:00:00+09:00,5210.0,5280.0,5150.0,5240.0,223634,0.0,0.0
2024-05-10 09:00:00+09:00,5740.0,5770.0,5460.0,5520.0,4287136,0.0,0.0
2024-05-10 10:00:00+09:00,5520.0,5530.0,5410.0,5460.0,617566,0.0,0.0
2024-05-10 11:00:00+09:00,5480.0,5490.0,5420.0,5460.0,185444,0.0,0.0
2024-05-10 12:00:00+09:00,5460.0,5510.0,5420.0,5450.0,341663,0.0,0.0
2024-05-10 13:00:00+09:00,5450.0,5470.0,5420.0,5460.0,164368,0.0,0.0
2024-05-10 14:00:00+09:00,5460.0,5500.0,5410.0,5440.0,326914,0.0,0.0
2024-05-13 09:00:00+09:00,5480.0,5530.0,5420.0,5480.0,0,0.0,0.0
2024-05-13 10:00:00+09:00,5480.0,5480.0,5380.0,5380.0,244765,0.0,0.0
2024-05-13 11:00:00+09:00,5380.0,5420.0,5370.0,5390.0,101282,0.0,0.0
2024-05-13 12:00:00+09:00,5390.0,5420.0,5380.0,5380.0,79536,0.0,0.0
2024-05-13 13:00:00+09:00,5390.0,5390.0,5350.0,5350.0,139806,0.0,0.0
2024-05-13 14:00:00+09:00,5360.0,5370.0,5330.0,5340.0,108568,0.0,0.0
2024-05-14 09:00:00+09:00,5370.0,5430.0,5330.0,5390.0,315542,0.0,0.0
2024-05-14 10:00:00+09:00,5380.0,5410.0,5350.0,5360.0,102665,0.0,0.0
2024-05-14 11:00:00+09:00,5350.0,5390.0,5340.0,5390.0,0,0.0,0.0
2024-05-14 12:00:00+09:00,5370.0,5380.0,5340.0,5350.0,550121,0.0,0.0
2024-05-14 13:00:00+09:00,5350.0,5370.0,5280.0,5300.0,112264,0.0,0.0
2024-05-14 14:00:00+09:00,5300.0,5320.0,5260.0,5300.0,124319,0.0,0.0
2024-05-16 09:00:00+09:00,5170.0,5270.0,5170.0,5230.0,0,0.0,0.0
2024-05-16 10:00:00+09:00,5240.0,5290.0,5210.0,5240.0,114484,0.0,0.0
2024-05-16 11:00:00+09:00,5240.0,5250.0,5220.0,5240.0,41394,0.0,0.0
2024-05-16 12:00:00+09:00,5230.0,5280.0,5230.0,5250.0,55346,0.0,0.0
2024-05-16 13:00:00+09:00,5260.0,5260.0,5230.0,5240.0,37621,0.0,0.0
2024-05-16 14:00:00+09:00,5240.0,5280.0,5230.0,5270.0,97051,0.0,0.0
2024-05-17 09:00:00+09:00,5260.0,5600.0,5230.0,5440.0,1907288,0.0,0.0
2024-05-17 10:00:00+09:00,5440.0,5590.0,5410.0,5550.0,851158,0.0,0.0
2024-05-17 11:00:00+09:00,5550.0,5560.0,5480.0,5530.0,405257,0.0,0.0
2024-05-17 12:00:00+09:00,5530.0,5540.0,5470.0,5500.0,180489,0.0,0.0
2024-05-17 13:00:00+09:00,5490.0,5490.0,5440.0,5470.0,235935,0.0,0.0
2024-05-17 14:00:00+09:00,5470.0,5490.0,5430.0,5430.0,173187,0.0,0.0
2024-05-20 09:00:00+09:00,5480.0,5500.0,5380.0,5460.0,0,0.0,0.0
2024-05-20 10:00:00+09:00,5460.0,5500.0,5410.0,5420.0,180864,0.0,0.0
2024-05-20 11:00:00+09:00,5420.0,5430.0,5380.0,5400.0,90278,0.0,0.0
2024-05-20 12:00:00+09:00,5400.0,5420.0,5380.0,5410.0,81193,0.0,0.0
2024-05-20 13:00:00+09:00,5410.0,5410.0,5390.0,5400.0,61715,0.0,0.0
2024-05-20 14:00:00+09:00,5400.0,5420.0,5370.0,5400.0,104080,0.0,0.0
2024-05-21 09:00:00+09:00,5490.0,5540.0,5410.0,5490.0,706242,0.0,0.0
2024-05-21 10:00:00+09:00,5470.0,5490.0,5410.0,5430.0,178217,0.0,0.0
2024-05-21 11:00:00+09:00,5430.0,5440.0,5360.0,5380.0,171059,0.0,0.0
2024-05-21 12:00:00+09:00,5380.0,5390.0,5360.0,5380.0,65850,0.0,0.0
2024-05-21 13:00:00+09:00,5380.0,5520.0,5350.0,5440.0,705196,0.0,0.0
2024-05-21 14:00:00+09:00,5440.0,5460.0,5420.0,5420.0,145349,0.0,0.0
2024-05-22 09:00:00+09:00,5420.0,5420.0,5300.0,5330.0,358194,0.0,0.0
2024-05-22 10:00:00+09:00,5340.0,5350.0,5290.0,5350.0,97149,0.0,0.0
2024-05-22 11:00:00+09:00,5340.0,5350.0,5290.0,5330.0,62179,0.0,0.0
2024-05-22 12:00:00+09:00,5330.0,5340.0,5280.0,5300.0,74026,0.0,0.0
2024-05-22 13:00:00+09:00,5290.0,5310.0,5260.0,5270.0,115564,0.0,0.0
2024-05-22 14:00:00+09:00,5270.0,5320.0,5250.0,5290.0,110319,0.0,0.0
2024-05-23 09:00:00+09:00,5310.0,5330.0,5230.0,5240.0,302153,0.0,0.0
2024-05-23 10:00:00+09:00,5250.0,5280.0,5220.0,5260.0,126821,0.0,0.0
2024-05-23 11:00:00+09:00,5260.0,5280.0,5240.0,5240.0,56050,0.0,0.0
2024-05-23 12:00:00+09:00,5250.0,5260.0,5230.0,5250.0,48897,0.0,0.0
2024-05-23 13:00:00+09:00,5240.0,5250.0,5210.0,5220.0,133068,0.0,0.0
2024-05-23 14:00:00+09:00,5210.0,5240.0,5190.0,5200.0,111906,0.0,0.0
2024-05-24 09:00:00+09:00,5090.0,5280.0,5090.0,5210.0,221286,0.0,0.0
2024-05-24 10:00:00+09:00,5210.0,5240.0,5190.0,5190.0,93480,0.0,0.0
2024-05-24 11:00:00+09:00,5190.0,5270.0,5170.0,5220.0,129620,0.0,0.0
2024-05-24 12:00:00+09:00,5220.0,5240.0,5170.0,5170.0,48909,0.0,0.0
2024-05-24 13:00:00+09:00,5170.0,5200.0,5170.0,5200.0,37762,0.0,0.0
2024-05-24 14:00:00+09:00,5200.0,5200.0,5160.0,5180.0,57009,0.0,0.0
2024-05-27 09:00:00+09:00,5140.0,5190.0,5100.0,5180.0,0,0.0,0.0
2024-05-27 10:00:00+09:00,5180.0,5190.0,5110.0,5140.0,90798,0.0,0.0
2024-05-27 11:00:00+09:00,5140.0,5150.0,5100.0,5110.0,55257,0.0,0.0
2024-05-27 12:00:00+09:00,5120.0,5130.0,5090.0,5100.0,65796,0.0,0.0
2024-05-27 13:00:00+09:00,5100.0,5120.0,5040.0,5080.0,121116,0.0,0.0
2024-05-27 14:00:00+09:00,5070.0,5110.0,5060.0,5110.0,40377,0.0,0.0
2024-05-28 09:00:00+09:00,5120.0,5200.0,5110.0,5180.0,149478,0.0,0.0
2024-05-28 10:00:00+09:00,5180.0,5190.0,5150.0,5170.0,44774,0.0,0.0
2024-05-28 11:00:00+09:00,5180.0,5180.0,5140.0,5150.0,33573,0.0,0.0
2024-05-28 12:00:00+09:00,5160.0,5170.0,5140.0,5170.0,22809,0.0,0.0
2024-05-28 13:00:00+09:00,5170.0,5180.0,5140.0,5150.0,33955,0.0,0.0
2024-05-28 14:00:00+09:00,5150.0,5230.0,5150.0,5230.0,100838,0.0,0.0
2024-05-29 09:00:00+09:00,5200.0,5250.0,5130.0,5180.0,195752,0.0,0.0
2024-05-29 10:00:00+09:00,5180.0,5260.0,5180.0,5210.0,118512,0.0,0.0
2024-05-29 11:00:00+09:00,5210.0,5230.0,5170.0,5180.0,32387,0.0,0.0
2024-05-29 12:00:00+09:00,5190.0,5190.0,5140.0,5160.0,42774,0.0,0.0
2024-05-29 13:00:00+09:00,5150.0,5170.0,5120.0,5130.0,82846,0.0,0.0
2024-05-29 14:00:00+09:00,5130.0,5150.0,5090.0,5100.0,99193,0.0,0.0
2024-05-30 09:00:00+09:00,5120.0,5220.0,5080.0,5110.0,210537,0.0,0.0
2024-05-30 10:00:00+09:00,5130.0,5140.0,5090.0,5090.0,47548,0.0,0.0
2024-05-30 11:00:00+09:00,5100.0,5120.0,5080.0,5110.0,37455,0.0,0.0
2024-05-30 12:00:00+09:00,5110.0,5120.0,5060.0,5060.0,53831,0.0,0.0
2024-05-30 13:00:00+09:00,5070.0,5180.0,5070.0,5080.0,102897,0.0,0.0
2024-05-30 14:00:00+09:00,5080.0,5110.0,5030.0,5050.0,91517,0.0,0.0
2024-05-31 09:00:00+09:00,5030.0,5170.0,5030.0,5150.0,224263,0.0,0.0
2024-05-31 10:00:00+09:00,5150.0,5160.0,5100.0,5110.0,78358,0.0,0.0
2024-05-31 11:00:00+09:00,5110.0,5120.0,5050.0,5110.0,58448,0.0,0.0
2024-05-31 12:00:00+09:00,5120.0,5120.0,5060.0,5090.0,18421,0.0,0.0
2024-05-31 13:00:00+09:00,5090.0,5090.0,5020.0,5080.0,21071,0.0,0.0
2024-05-31 14:00:00+09:00,5080.0,5110.0,5070.0,5100.0,30347,0.0,0.0
2024-06-03 09:00:00+09:00,5070.0,5190.0,5070.0,5180.0,0,0.0,0.0
2024-06-03 10:00:00+09:00,5180.0,5280.0,5160.0,5270.0,373832,0.0,0.0
2024-06-03 11:00:00+09:00,5270.0,5330.0,5250.0,5280.0,281911,0.0,0.0
2024-06-03 12:00:00+09:00,5260.0,5290.0,5190.0,5260.0,91025,0.0,0.0
2024-06-03 13:00:00+09:00,5260.0,5280.0,5230.0,5260.0,48948,0.0,0.0
2024-06-03 14:00:00+09:00,5270.0,5300.0,5260.0,5300.0,115231,0.0,0.0
2024-06-04 09:00:00+09:00,5260.0,5290.0,5140.0,5170.0,314314,0.0,0.0
2024-06-04 10:00:00+09:00,5170.0,5210.0,5150.0,5190.0,73934,0.0,0.0
2024-06-04 11:00:00+09:00,5180.0,5210.0,5160.0,5180.0,33775,0.0,0.0
2024-06-04 12:00:00+09:00,5180.0,5190.0,5150.0,5180.0,41514,0.0,0.0
2024-06-04 13:00:00+09:00,5180.0,5180.0,5150.0,5150.0,61363,0.0,0.0
2024-06-04 14:00:00+09:00,5150.0,5160.0,5120.0,5150.0,94541,0.0,0.0
2024-06-05 09:00:00+09:00,5180.0,5240.0,5140.0,5140.0,200709,0.0,0.0
2024-06-05 10:00:00+09:00,5140.0,5160.0,5110.0,5150.0,63426,0.0,0.0
2024-06-05 11:00:00+09:00,5140.0,5160.0,5120.0,5130.0,54461,0.0,0.0
2024-06-05 12:00:00+09:00,5130.0,5140.0,5100.0,5100.0,59706,0.0,0.0
2024-06-05 13:00:00+09:00,5110.0,5130.0,5090.0,5130.0,73479,0.0,0.0
2024-06-05 14:00:00+09:00,5120.0,5130.0,5090.0,5100.0,60914,0.0,0.0
2024-06-07 09:00:00+09:00,5120.0,5270.0,5120.0,5230.0,0,0.0,0.0
2024-06-07 10:00:00+09:00,5230.0,5250.0,5160.0,5180.0,109690,0.0,0.0
2024-06-07 11:00:00+09:00,5180.0,5210.0,5160.0,5170.0,39421,0.0,0.0
2024-06-07 12:00:00+09:00,5170.0,5220.0,5160.0,5210.0,40740,0.0,0.0
2024-06-07 13:00:00+09:00,5210.0,5220.0,5190.0,5210.0,56549,0.0,0.0
2024-06-07 14:00:00+09:00,5220.0,5220.0,5180.0,5200.0,36341,0.0,0.0
2024-06-10 09:00:00+09:00,5230.0,5280.0,5170.0,5260.0,0,0.0,0.0
2024-06-10 10:00:00+09:00,5270.0,5300.0,5220.0,5280.0,286984,0.0,0.0
2024-06-10 11:00:00+09:00,5280.0,5290.0,5240.0,5260.0,66490,0.0,0.0
2024-06-10 12:00:00+09:00,5260.0,5270.0,5230.0,5250.0,42514,0.0,0.0
2024-06-10 13:00:00+09:00,5250.0,5290.0,5230.0,5260.0,62289,0.0,0.0
2024-06-10 14:00:00+09:00,5260.0,5300.0,5230.0,5290.0,106846,0.0,0.0
2024-06-11 09:00:00+09:00,5250.0,5340.0,5230.0,5270.0,244836,0.0,0.0
2024-06-11 10:00:00+09:00,5270.0,5280.0,5240.0,5250.0,64666,0.0,0.0
2024-06-11 11:00:00+09:00,5250.0,5260.0,5220.0,5220.0,69285,0.0,0.0
2024-06-11 12:00:00+09:00,5220.0,5270.0,5220.0,5270.0,51491,0.0,0.0
2024-06-11 13:00:00+09:00,5260.0,5270.0,5200.0,5230.0,80525,0.0,0.0
2024-06-11 14:00:00+09:00,5240.0,5250.0,5180.0,5200.0,112312,0.0,0.0
2024-06-12 09:00:00+09:00,5190.0,5250.0,5160.0,5230.0,125173,0.0,0.0
2024-06-12 10:00:00+09:00,5220.0,5250.0,5210.0,5240.0,63260,0.0,0.0
2024-06-12 11:00:00+09:00,5240.0,5370.0,5230.0,5310.0,409248,0.0,0.0
2024-06-12 12:00:00+09:00,5310.0,5340.0,5260.0,5330.0,218638,0.0,0.0
2024-06-12 13:00:00+09:00,5320.0,5340.0,5290.0,5340.0,152524,0.0,0.0
2024-06-12 14:00:00+09:00,5340.0,5380.0,5310.0,5380.0,252061,0.0,0.0
2024-06-13 09:00:00+09:00,5330.0,5340.0,5280.0,5340.0,243738,0.0,0.0
2024-06-13 10:00:00+09:00,5340.0,5360.0,5300.0,5320.0,129188,0.0,0.0
2024-06-13 11:00:00+09:00,5310.0,5320.0,5290.0,5310.0,65443,0.0,0.0
2024-06-13 12:00:00+09:00,5310.0,5330.0,5300.0,5310.0,80487,0.0,0.0
2024-06-13 13:00:00+09:00,5320.0,5320.0,5280.0,5290.0,65780,0.0,0.0
2024-06-13 14:00:00+09:00,5290.0,5310.0,5280.0,5290.0,60613,0.0,0.0
2024-06-14 09:00:00+09:00,5270.0,5300.0,5210.0,5240.0,192368,0.0,0.0
2024-06-14 10:00:00+09:00,5230.0,5440.0,5230.0,5370.0,498572,0.0,0.0
2024-06-14 11:00:00+09:00,5360.0,5400.0,5350.0,5400.0,129978,0.0,0.0
2024-06-14 12:00:00+09:00,5390.0,5430.0,5360.0,5430.0,213726,0.0,0.0
2024-06-14 13:00:00+09:00,5430.0,5440.0,5380.0,5390.0,197122,0.0,0.0
2024-06-14 14:00:00+09:00,5390.0,5400.0,5330.0,5340.0,164531,0.0,0.0
2024-06-17 09:00:00+09:00,5430.0,5640.0,5410.0,5490.0,725257,0.0,0.0
2024-06-17 10:00:00+09:00,5490.0,5520.0,5420.0,5460.0,279412,0.0,0.0
2024-06-17 11:00:00+09:00,5460.0,5470.0,5410.0,5420.0,180760,0.0,0.0
2024-06-17 12:00:00+09:00,5440.0,5550.0,5420.0,5460.0,269708,0.0,0.0
2024-06-17 13:00:00+09:00,5460.0,5480.0,5430.0,5450.0,125267,0.0,0.0
2024-06-17 14:00:00+09:00,5450.0,5460.0,5390.0,5400.0,188699,0.0,0.0
2024-06-18 09:00:00+09:00,5490.0,5490.0,5330.0,5380.0,418580,0.0,0.0
2024-06-18 10:00:00+09:00,5370.0,5390.0,5330.0,5360.0,146122,0.0,0.0
2024-06-18 11:00:00+09:00,5360.0,5390.0,5330.0,5340.0,92249,0.0,0.0
2024-06-18 12:00:00+09:00,5340.0,5370.0,5320.0,5360.0,59350,0.0,0.0
2024-06-18 13:00:00+09:00,5360.0,5470.0,5350.0,5450.0,145969,0.0,0.0
2024-06-18 14:00:00+09:00,5450.0,5500.0,5420.0,5450.0,257948,0.0,0.0
2024-06-19 09:00:00+09:00,5460.0,5470.0,5350.0,5370.0,331552,0.0,0.0
2024-06-19 10:00:00+09:00,5370.0,5380.0,5330.0,5340.0,203032,0.0,0.0
2024-06-19 11:00:00+09:00,5340.0,5360.0,5320.0,5320.0,92238,0.0,0.0
2024-06-19 12:00:00+09:00,5330.0,5340.0,5260.0,5300.0,186609,0.0,0.0
2024-06-19 13:00:00+09:00,5300.0,5320.0,5290.0,5300.0,63444,0.0,0.0
2024-06-19 14:00:00+09:00,5300.0,5300.0,5220.0,5240.0,262829,0.0,0.0
2024-06-20 09:00:00+09:00,5260.0,5350.0,5240.0,5350.0,222252,0.0,0.0
2024-06-20 10:00:00+09:00,5350.0,5380.0,5320.0,5350.0,145880,0.0,0.0
2024-06-20 11:00:00+09:00,5350.0,5400.0,5340.0,5350.0,151788,0.0,0.0
2024-06-20 12:00:00+09:00,5350.0,5410.0,5340.0,5400.0,141343,0.0,0.0
2024-06-20 13:00:00+09:00,5410.0,5410.0,5370.0,5390.0,77014,0.0,0.0
2024-06-20 14:00:00+09:00,5380.0,5430.0,5350.0,5370.0,127635,0.0,0.0
2024-06-21 09:00:00+09:00,5320.0,5370.0,5260.0,5340.0,241005,0.0,0.0
2024-06-21 10:00:00+09:00,5340.0,5360.0,5290.0,5300.0,67678,0.0,0.0
2024-06-21 11:00:00+09:00,5300.0,5310.0,5280.0,5300.0,53129,0.0,0.0
2024-06-21 12:00:00+09:00,5310.0,5310.0,5290.0,5300.0,15879,0.0,0.0
2024-06-21 13:00:00+09:00,5300.0,5310.0,5260.0,5260.0,65032,0.0,0.0
2024-06-21 14:00:00+09:00,5260.0,5280.0,5250.0,5260.0,77798,0.0,0.0
2024-06-24 09:00:00+09:00,5190.0,5220.0,5060.0,5060.0,0,0.0,0.0
2024-06-24 10:00:00+09:00,5060.0,5080.0,5020.0,5050.0,230644,0.0,0.0
2024-06-24 11:00:00+09:00,5040.0,5070.0,5030.0,5050.0,84583,0.0,0.0
2024-06-24 12:00:00+09:00,5050.0,5080.0,5040.0,5060.0,82240,0.0,0.0
2024-06-24 13:00:00+09:00,5050.0,5080.0,5030.0,5050.0,79323,0.0,0.0
2024-06-24 14:00:00+09:00,5050.0,5070.0,5040.0,5050.0,45897,0.0,0.0
2024-06-25 09:00:00+09:00,5050.0,5110.0,5050.0,5100.0,112878,0.0,0.0
2024-06-25 10:00:00+09:00,5100.0,5100.0,5050.0,5060.0,32754,0.0,0.0
2024-06-25 11:00:00+09:00,5070.0,5080.0,5050.0,5080.0,28210,0.0,0.0
2024-06-25 12:00:00+09:00,5080.0,5080.0,5060.0,5080.0,15563,0.0,0.0
2024-06-25 13:00:00+09:00,5080.0,5140.0,5060.0,5120.0,61992,0.0,0.0
2024-06-25 14:00:00+09:00,5120.0,5160.0,5110.0,5120.0,55037,0.0,0.0
2024-06-26 09:00:00+09:00,5120.0,5150.0,5100.0,5130.0,87299,0.0,0.0
2024-06-26 10:00:00+09:00,5130.0,5150.0,5110.0,5130.0,32345,0.0,0.0
2024-06-26 11:00:00+09:00,5130.0,5160.0,5110.0,5160.0,25454,0.0,0.0
2024-06-26 12:00:00+09:00,5160.0,5160.0,5130.0,5150.0,18438,0.0,0.0
2024-06-26 13:00:00+09:00,5140.0,5160.0,5130.0,5130.0,24974,0.0,0.0
2024-06-26 14:00:00+09:00,5130.0,5150.0,5110.0,5110.0,25696,0.0,0.0
2024-06-27 09:00:00+09:00,5110.0,5210.0,5050.0,5160.0,145833,0.0,0.0
2024-06-27 10:00:00+09:00,5160.0,5180.0,5130.0,5150.0,52847,0.0,0.0
2024-06-27 11:00:00+09:00,5150.0,5190.0,5150.0,5180.0,39476,0.0,0.0
2024-06-27 12:00:00+09:00,5190.0,5200.0,5160.0,5190.0,30095,0.0,0.0
2024-06-27 13:00:00+09:00,5190.0,5200.0,5170.0,5180.0,21387,0.0,0.0
2024-06-27 14:00:00+09:00,5180.0,5200.0,5120.0,5200.0,54674,0.0,0.0
2024-06-28 09:00:00+09:00,5150.0,5200.0,5110.0,5190.0,111534,0.0,0.0
2024-06-28 10:00:00+09:00,5190.0,5250.0,5180.0,5220.0,151482,0.0,0.0
2024-06-28 11:00:00+09:00,5210.0,5220.0,5180.0,5180.0,77307,0.0,0.0
2024-06-28 12:00:00+09:00,5190.0,5210.0,5170.0,5200.0,38810,0.0,0.0
2024-06-28 13:00:00+09:00,5200.0,5240.0,5180.0,5230.0,85632,0.0,0.0
2024-06-28 14:00:00+09:00,5220.0,5240.0,5200.0,5220.0,60794,0.0,0.0
2024-07-01 09:00:00+09:00,5220.0,5230.0,5160.0,5170.0,0,0.0,0.0
2024-07-01 10:00:00+09:00,5180.0,5190.0,5150.0,5180.0,49940,0.0,0.0
2024-07-01 11:00:00+09:00,5180.0,5180.0,5120.0,5150.0,54510,0.0,0.0
2024-07-01 12:00:00+09:00,5150.0,5150.0,5120.0,5140.0,51941,0.0,0.0
2024-07-01 13:00:00+09:00,5130.0,5150.0,5110.0,5120.0,37874,0.0,0.0
2024-07-01 14:00:00+09:00,5130.0,5140.0,5120.0,5130.0,31120,0.0,0.0
2024-07-02 09:00:00+09:00,5080.0,5190.0,5080.0,5120.0,103897,0.0,0.0
2024-07-02 10:00:00+09:00,5120.0,5130.0,5080.0,5120.0,38881,0.0,0.0
2024-07-02 11:00:00+09:00,5120.0,5140.0,5090.0,5110.0,27084,0.0,0.0
2024-07-02 12:00:00+09:00,5100.0,5110.0,5060.0,5060.0,37460,0.0,0.0
2024-07-02 13:00:00+09:00,5070.0,5110.0,5060.0,5110.0,19606,0.0,0.0
2024-07-02 14:00:00+09:00,5110.0,5130.0,5090.0,5130.0,39295,0.0,0.0
2024-07-03 09:00:00+09:00,5120.0,5130.0,5070.0,5080.0,77590,0.0,0.0
2024-07-03 10:00:00+09:00,5080.0,5080.0,5030.0,5070.0,126982,0.0,0.0
2024-07-03 11:00:00+09:00,5040.0,5120.0,5040.0,5080.0,48669,0.0,0.0
2024-07-03 12:00:00+09:00,5080.0,5100.0,5060.0,5060.0,25937,0.0,0.0
2024-07-03 13:00:00+09:00,5060.0,5090.0,5060.0,5080.0,15713,0.0,0.0
2024-07-03 14:00:00+09:00,5080.0,5080.0,5050.0,5060.0,32984,0.0,0.0
2024-07-04 09:00:00+09:00,5020.0,5070.0,4870.0,4940.0,309467,0.0,0.0
2024-07-04 10:00:00+09:00,4940.0,4995.0,4915.0,4945.0,59336,0.0,0.0
2024-07-04 11:00:00+09:00,4945.0,4970.0,4940.0,4970.0,22981,0.0,0.0
2024-07-04 12:00:00+09:00,4970.0,4975.0,4950.0,4955.0,17007,0.0,0.0
2024-07-04 13:00:00+09:00,4955.0,4955.0,4890.0,4910.0,94852,0.0,0.0
2024-07-04 14:00:00+09:00,4910.0,4935.0,4875.0,4885.0,82504,0.0,0.0
2024-07-05 09:00:00+09:00,4840.0,4885.0,4775.0,4855.0,164892,0.0,0.0
2024-07-05 10:00:00+09:00,4845.0,4845.0,4805.0,4825.0,53785,0.0,0.0
2024-07-05 11:00:00+09:00,4825.0,4825.0,4805.0,4820.0,26420,0.0,0.0
2024-07-05 12:00:00+09:00,4825.0,4825.0,4805.0,4815.0,27275,0.0,0.0
2024-07-05 13:00:00+09:00,4820.0,4830.0,4810.0,4820.0,19529,0.0,0.0
2024-07-05 14:00:00+09:00,4815.0,4825.0,4815.0,4815.0,25067,0.0,0.0
2024-07-08 09:00:00+09:00,4805.0,5000.0,4805.0,4965.0,0,0.0,0.0
2024-07-08 10:00:00+09:00,4965.0,4980.0,4930.0,4950.0,67268,0.0,0.0
2024-07-08 11:00:00+09:00,4950.0,4950.0,4915.0,4920.0,23716,0.0,0.0
2024-07-08 12:00:00+09:00,4925.0,4935.0,4915.0,4920.0,11422,0.0,0.0
2024-07-08 13:00:00+09:00,4920.0,4950.0,4920.0,4950.0,18785,0.0,0.0
2024-07-08 14:00:00+09:00,4950.0,4960.0,4935.0,4950.0,29003,0.0,0.0
2024-07-09 09:00:00+09:00,4945.0,4955.0,4890.0,4935.0,84175,0.0,0.0
2024-07-09 10:00:00+09:00,4930.0,4950.0,4910.0,4920.0,25723,0.0,0.0
2024-07-09 11:00:00+09:00,4920.0,4920.0,4905.0,4920.0,12455,0.0,0.0
2024-07-09 12:00:00+09:00,4920.0,4920.0,4900.0,4915.0,28660,0.0,0.0
2024-07-09 13:00:00+09:00,4915.0,4920.0,4905.0,4910.0,17168,0.0,0.0
2024-07-09 14:00:00+09:00,4920.0,4940.0,4900.0,4920.0,27691,0.0,0.0
2024-07-10 09:00:00+09:00,4910.0,4940.0,4840.0,4855.0,89233,0.0,0.0
2024-07-10 10:00:00+09:00,4855.0,4865.0,4840.0,4855.0,47235,0.0,0.0
2024-07-10 11:00:00+09:00,4850.0,4855.0,4830.0,4840.0,35049,0.0,0.0
2024-07-10 12:00:00+09:00,4835.0,4860.0,4835.0,4860.0,17586,0.0,0.0
2024-07-10 13:00:00+09:00,4860.0,4860.0,4835.0,4845.0,34006,0.0,0.0
2024-07-10 14:00:00+09:00,4845.0,4855.0,4840.0,4845.0,24334,0.0,0.0
2024-07-11 09:00:00+09:00,4855.0,4890.0,4850.0,4865.0,36831,0.0,0.0
2024-07-11 10:00:00+09:00,4865.0,4870.0,4840.0,4855.0,43756,0.0,0.0
2024-07-11 11:00:00+09:00,4855.0,4890.0,4840.0,4865.0,39112,0.0,0.0
2024-07-11 12:00:00+09:00,4865.0,4870.0,4850.0,4865.0,15594,0.0,0.0
2024-07-11 13:00:00+09:00,4865.0,4885.0,4860.0,4865.0,34814,0.0,0.0
2024-07-11 14:00:00+09:00,4865.0,4885.0,4855.0,4875.0,25369,0.0,0.0
2024-07-12 09:00:00+09:00,4915.0,4945.0,4875.0,4910.0,88544,0.0,0.0
2024-07-12 10:00:00+09:00,4915.0,4975.0,4905.0,4955.0,52751,0.0,0.0
2024-07-12 11:00:00+09:00,4950.0,4950.0,4920.0,4925.0,13934,0.0,0.0
2024-07-12 12:00:00+09:00,4925.0,4940.0,4920.0,4940.0,10125,0.0,0.0
2024-07-12 13:00:00+09:00,4930.0,4940.0,4915.0,4925.0,43657,0.0,0.0
2024-07-12 14:00:00+09:00,4920.0,4920.0,4890.0,4905.0,34234,0.0,0.0
2024-07-15 09:00:00+09:00,4870.0,4880.0,4825.0,4860.0,0,0.0,0.0
2024-07-15 10:00:00+09:00,4860.0,4860.0,4835.0,4840.0,27445,0.0,0.0
2024-07-15 11:00:00+09:00,4840.0,4850.0,4835.0,4840.0,8077,0.0,0.0
2024-07-15 12:00:00+09:00,4840.0,4850.0,4830.0,4850.0,35898,0.0,0.0
2024-07-15 13:00:00+09:00,4850.0,4850.0,4830.0,4830.0,18506,0.0,0.0
2024-07-15 14:00:00+09:00,4830.0,4850.0,4825.0,4850.0,28248,0.0,0.0
2024-07-16 09:00:00+09:00,4835.0,4870.0,4820.0,4840.0,53392,0.0,0.0
2024-07-16 10:00:00+09:00,4840.0,4840.0,4815.0,4830.0,30872,0.0,0.0
2024-07-16 11:00:00+09:00,4830.0,4835.0,4800.0,4810.0,43367,0.0,0.0
2024-07-16 12:00:00+09:00,4815.0,4825.0,4800.0,4820.0,9434,0.0,0.0
2024-07-16 13:00:00+09:00,4820.0,4825.0,4800.0,4810.0,24768,0.0,0.0
2024-07-16 14:00:00+09:00,4810.0,4810.0,4790.0,4800.0,36973,0.0,0.0
2024-07-17 09:00:00+09:00,4800.0,4805.0,4695.0,4730.0,169151,0.0,0.0
2024-07-17 10:00:00+09:00,4735.0,4760.0,4685.0,4700.0,100154,0.0,0.0
2024-07-17 11:00:00+09:00,4700.0,4720.0,4690.0,4710.0,32975,0.0,0.0
2024-07-17 12:00:00+09:00,4710.0,4735.0,4710.0,4730.0,13259,0.0,0.0
2024-07-17 13:00:00+09:00,4730.0,4735.0,4690.0,4715.0,41911,0.0,0.0
2024-07-17 14:00:00+09:00,4710.0,4715.0,4680.0,4685.0,73883,0.0,0.0
2024-07-18 09:00:00+09:00,4605.0,4645.0,4555.0,4620.0,136587,0.0,0.0
2024-07-18 10:00:00+09:00,4620.0,4685.0,4600.0,4660.0,51919,0.0,0.0
2024-07-18 11:00:00+09:00,4660.0,4680.0,4635.0,4670.0,18087,0.0,0.0
2024-07-18 12:00:00+09:00,4660.0,4660.0,4630.0,4650.0,21044,0.0,0.0
2024-07-18 13:00:00+09:00,4650.0,4650.0,4610.0,4630.0,35052,0.0,0.0
2024-07-18 14:00:00+09:00,4630.0,4650.0,4610.0,4625.0,52627,0.0,0.0
2024-07-19 09:00:00+09:00,4625.0,4650.0,4600.0,4630.0,48694,0.0,0.0
2024-07-19 10:00:00+09:00,4630.0,4700.0,4605.0,4625.0,169247,0.0,0.0
2024-07-19 11:00:00+09:00,4630.0,4645.0,4615.0,4625.0,24892,0.0,0.0
2024-07-19 12:00:00+09:00,4625.0,4625.0,4585.0,4600.0,50444,0.0,0.0
2024-07-19 13:00:00+09:00,4600.0,4615.0,4590.0,4610.0,28251,0.0,0.0
2024-07-19 14:00:00+09:00,4590.0,4630.0,4590.0,4625.0,23028,0.0,0.0
2024-07-22 09:00:00+09:00,4600.0,4645.0,4555.0,4580.0,0,0.0,0.0
2024-07-22 10:00:00+09:00,4580.0,4595.0,4560.0,4565.0,21982,0.0,0.0
2024-07-22 11:00:00+09:00,4565.0,4565.0,4510.0,4545.0,87856,0.0,0.0
2024-07-22 12:00:00+09:00,4545.0,4550.0,4525.0,4535.0,44063,0.0,0.0
2024-07-22 13:00:00+09:00,4535.0,4560.0,4525.0,4560.0,44179,0.0,0.0
2024-07-22 14:00:00+09:00,4560.0,4595.0,4540.0,4595.0,22223,0.0,0.0
2024-07-23 09:00:00+09:00,4565.0,4635.0,4550.0,4620.0,58309,0.0,0.0
2024-07-23 10:00:00+09:00,4610.0,4620.0,4565.0,4585.0,30967,0.0,0.0
2024-07-23 11:00:00+09:00,4585.0,4610.0,4575.0,4590.0,22359,0.0,0.0
2024-07-23 12:00:00+09:00,4585.0,4595.0,4580.0,4590.0,12501,0.0,0.0
2024-07-23 13:00:00+09:00,4595.0,4650.0,4590.0,4640.0,73506,0.0,0.0
2024-07-23 14:00:00+09:00,4640.0,4650.0,4625.0,4625.0,41282,0.0,0.0
2024-07-24 09:00:00+09:00,4625.0,4635.0,4600.0,4625.0,41697,0.0,0.0
2024-07-24 10:00:00+09:00,4625.0,4625.0,4585.0,4610.0,41208,0.0,0.0
2024-07-24 11:00:00+09:00,4605.0,4620.0,4575.0,4575.0,25587,0.0,0.0
2024-07-24 12:00:00+09:00,4580.0,4585.0,4565.0,4565.0,22870,0.0,0.0
2024-07-24 13:00:00+09:00,4565.0,4565.0,4530.0,4540.0,53078,0.0,0.0
2024-07-24 14:00:00+09:00,4540.0,4540.0,4515.0,4525.0,50460,0.0,0.0
2024-07-25 09:00:00+09:00,4440.0,4500.0,4355.0,4390.0,193090,0.0,0.0
2024-07-25 10:00:00+09:00,4395.0,4400.0,4365.0,4395.0,57271,0.0,0.0
2024-07-25 11:00:00+09:00,4395.0,4430.0,4385.0,4400.0,32158,0.0,0.0
2024-07-25 12:00:00+09:00,4425.0,4435.0,4410.0,4435.0,12011,0.0,0.0
2024-07-25 13:00:00+09:00,4435.0,4445.0,4415.0,4425.0,10206,0.0,0.0
2024-07-25 14:00:00+09:00,4425.0,4435.0,4405.0,4420.0,29455,0.0,0.0
2024-07-26 09:00:00+09:00,4400.0,4505.0,4400.0,4450.0,90784,0.0,0.0
2024-07-26 10:00:00+09:00,4450.0,4465.0,4420.0,4450.0,14617,0.0,0.0
2024-07-26 11:00:00+09:00,4450.0,4470.0,4435.0,4470.0,10467,0.0,0.0
2024-07-26 12:00:00+09:00,4475.0,4480.0,4445.0,4455.0,5892,0.0,0.0
2024-07-26 13:00:00+09:00,4460.0,4460.0,4445.0,4460.0,11770,0.0,0.0
2024-07-26 14:00:00+09:00,4460.0,4460.0,4435.0,4445.0,15693,0.0,0.0
2024-07-29 09:00:00+09:00,4435.0,4500.0,4415.0,4480.0,0,0.0,0.0
2024-07-29 10:00:00+09:00,4480.0,4495.0,4460.0,4480.0,14404,0.0,0.0
2024-07-29 11:00:00+09:00,4480.0,4485.0,4455.0,4460.0,16759,0.0,0.0
2024-07-29 12:00:00+09:00,4455.0,4475.0,4445.0,4470.0,9629,0.0,0.0
2024-07-29 13:00:00+09:00,4465.0,4495.0,4465.0,4495.0,20259,0.0,0.0
2024-07-29 14:00:00+09:00,4495.0,4500.0,4470.0,4495.0,22286,0.0,0.0
2024-07-30 09:00:00+09:00,4470.0,4520.0,4430.0,4435.0,65142,0.0,0.0
2024-07-30 10:00:00+09:00,4435.0,4450.0,4430.0,4440.0,10897,0.0,0.0
2024-07-30 11:00:00+09:00,4440.0,4445.0,4435.0,4440.0,8200,0.0,0.0
2024-07-30 12:00:00+09:00,4435.0,4445.0,4420.0,4430.0,33294,0.0,0.0
2024-07-30 13:00:00+09:00,4430.0,4430.0,4400.0,4410.0,67491,0.0,0.0
2024-07-30 14:00:00+09:00,4405.0,4410.0,4375.0,4400.0,43531,0.0,0.0
2024-07-31 09:00:00+09:00,4405.0,4420.0,4380.0,4405.0,24777,0.0,0.0
2024-07-31 10:00:00+09:00,4405.0,4410.0,4380.0,4400.0,28442,0.0,0.0
2024-07-31 11:00:00+09:00,4400.0,4415.0,4385.0,4410.0,9415,0.0,0.0
2024-07-31 12:00:00+09:00,4410.0,4465.0,4385.0,4440.0,25636,0.0,0.0
2024-07-31 13:00:00+09:00,4440.0,4520.0,4435.0,4505.0,36435,0.0,0.0
2024-07-31 14:00:00+09:00,4495.0,4635.0,4480.0,4565.0,295127,0.0,0.0
2024-08-01 09:00:00+09:00,4520.0,4620.0,4520.0,4590.0,94194,0.0,0.0
2024-08-01 10:00:00+09:00,4580.0,4590.0,4540.0,4575.0,17320,0.0,0.0
2024-08-01 11:00:00+09:00,4575.0,4590.0,4555.0,4580.0,17392,0.0,0.0
2024-08-01 12:00:00+09:00,4580.0,4625.0,4565.0,4620.0,23290,0.0,0.0
2024-08-01 13:00:00+09:00,4615.0,4620.0,4575.0,4575.0,10221,0.0,0.0
2024-08-01 14:00:00+09:00,4575.0,4595.0,4565.0,4580.0,22620,0.0,0.0
2024-08-02 09:00:00+09:00,4565.0,4810.0,4535.0,4690.0,764808,0.0,0.0
2024-08-02 10:00:00+09:00,4690.0,4705.0,4635.0,4640.0,121602,0.0,0.0
2024-08-02 11:00:00+09:00,4650.0,4660.0,4555.0,4610.0,89919,0.0,0.0
2024-08-02 12:00:00+09:00,4610.0,4890.0,4600.0,4890.0,354996,0.0,0.0
2024-08-02 13:00:00+09:00,4885.0,4960.0,4755.0,4830.0,2331820,0.0,0.0
2024-08-02 14:00:00+09:00,4830.0,4855.0,4660.0,4715.0,496291,0.0,0.0
2024-08-05 09:00:00+09:00,4770.0,4855.0,4650.0,4690.0,0,0.0,0.0
2024-08-05 10:00:00+09:00,4685.0,4765.0,4680.0,4695.0,153036,0.0,0.0
2024-08-05 11:00:00+09:00,4695.0,4930.0,4690.0,4725.0,795297,0.0,0.0
2024-08-05 12:00:00+09:00,4730.0,4825.0,4690.0,4805.0,243357,0.0,0.0
2024-08-05 13:00:00+09:00,4805.0,4820.0,4710.0,4710.0,246748,0.0,0.0
2024-08-05 14:00:00+09:00,4695.0,4705.0,3990.0,4285.0,669932,0.0,0.0
2024-08-06 09:00:00+09:00,4105.0,4550.0,4105.0,4525.0,432521,0.0,0.0
2024-08-06 10:00:00+09:00,4535.0,4685.0,4485.0,4515.0,320153,0.0,0.0
2024-08-06 11:00:00+09:00,4515.0,4580.0,4500.0,4560.0,61548,0.0,0.0
2024-08-06 12:00:00+09:00,4560.0,4560.0,4505.0,4540.0,40291,0.0,0.0
2024-08-06 13:00:00+09:00,4535.0,4575.0,4515.0,4520.0,40567,0.0,0.0
2024-08-06 14:00:00+09:00,4515.0,4535.0,4480.0,4525.0,80360,0.0,0.0
2024-08-07 09:00:00+09:00,4550.0,4650.0,4505.0,4620.0,170460,0.0,0.0
2024-08-07 10:00:00+09:00,4620.0,4645.0,4600.0,4635.0,65393,0.0,0.0
2024-08-07 11:00:00+09:00,4630.0,4665.0,4610.0,4660.0,67900,0.0,0.0
2024-08-07 12:00:00+09:00,4660.0,4675.0,4645.0,4660.0,44326,0.0,0.0
2024-08-07 13:00:00+09:00,4660.0,4660.0,4630.0,4650.0,50552,0.0,0.0
2024-08-07 14:00:00+09:00,4645.0,4745.0,4645.0,4695.0,110952,0.0,0.0
2024-08-08 09:00:00+09:00,4640.0,4700.0,4460.0,4495.0,246088,0.0,0.0
2024-08-08 10:00:00+09:00,4495.0,4520.0,4430.0,4460.0,110381,0.0,0.0
2024-08-08 11:00:00+09:00,4470.0,4485.0,4440.0,4460.0,65310,0.0,0.0
2024-08-08 12:00:00+09:00,4460.0,4525.0,4455.0,4525.0,58243,0.0,0.0
2024-08-08 13:00:00+09:00,4525.0,4535.0,4485.0,4525.0,54929,0.0,0.0
2024-08-08 14:00:00+09:00,4520.0,4535.0,4495.0,4495.0,42367,0.0,0.0
2024-08-09 09:00:00+09:00,4500.0,4585.0,4500.0,4570.0,192663,0.0,0.0
2024-08-09 10:00:00+09:00,4570.0,4580.0,4490.0,4525.0,151246,0.0,0.0
2024-08-09 11:00:00+09:00,4525.0,4535.0,4500.0,4525.0,41924,0.0,0.0
2024-08-09 12:00:00+09:00,4530.0,4530.0,4495.0,4495.0,14549,0.0,0.0
2024-08-09 13:00:00+09:00,4500.0,4500.0,4460.0,4470.0,83922,0.0,0.0
2024-08-09 14:00:00+09:00,4470.0,4495.0,4465.0,4490.0,55692,0.0,0.0
2024-08-12 09:00:00+09:00,4480.0,4525.0,4480.0,4505.0,0,0.0,0.0
2024-08-12 10:00:00+09:00,4515.0,4515.0,4500.0,4510.0,23754,0.0,0.0
2024-08-12 11:00:00+09:00,4510.0,4530.0,4505.0,4520.0,42354,0.0,0.0
2024-08-12 12:00:00+09:00,4520.0,4540.0,4515.0,4520.0,29260,0.0,0.0
2024-08-12 13:00:00+09:00,4520.0,4520.0,4500.0,4520.0,16729,0.0,0.0
2024-08-12 14:00:00+09:00,4520.0,4545.0,4510.0,4545.0,43376,0.0,0.0
2024-08-13 09:00:00+09:00,4560.0,4785.0,4560.0,4735.0,714631,0.0,0.0
2024-08-13 10:00:00+09:00,4735.0,4965.0,4735.0,4830.0,1503075,0.0,0.0
2024-08-13 11:00:00+09:00,4830.0,4855.0,4690.0,4820.0,424176,0.0,0.0
2024-08-13 12:00:00+09:00,4820.0,4980.0,4785.0,4860.0,988585,0.0,0.0
2024-08-13 13:00:00+09:00,4855.0,4925.0,4755.0,4820.0,581084,0.0,0.0
2024-08-13 14:00:00+09:00,4810.0,4840.0,4750.0,4805.0,223167,0.0,0.0
2024-08-14 09:00:00+09:00,4690.0,4765.0,4625.0,4745.0,405757,0.0,0.0
2024-08-14 10:00:00+09:00,4730.0,4765.0,4715.0,4725.0,85956,0.0,0.0
2024-08-14 11:00:00+09:00,4730.0,4755.0,4725.0,4745.0,33531,0.0,0.0
2024-08-14 12:00:00+09:00,4745.0,4760.0,4695.0,4705.0,100074,0.0,0.0
2024-08-14 13:00:00+09:00,4705.0,4730.0,4685.0,4730.0,79676,0.0,0.0
2024-08-14 14:00:00+09:00,4725.0,4745.0,4705.0,4725.0,47249,0.0,0.0
2024-08-16 09:00:00+09:00,4675.0,4695.0,4530.0,4560.0,0,0.0,0.0
2024-08-16 10:00:00+09:00,4565.0,4585.0,4560.0,4570.0,70319,0.0,0.0
2024-08-16 11:00:00+09:00,4570.0,4570.0,4535.0,4570.0,77407,0.0,0.0
2024-08-16 12:00:00+09:00,4570.0,4570.0,4545.0,4555.0,32713,0.0,0.0
2024-08-16 13:00:00+09:00,4555.0,4570.0,4555.0,4560.0,27906,0.0,0.0
2024-08-16 14:00:00+09:00,4555.0,4560.0,4545.0,4560.0,49421,0.0,0.0
2024-08-19 09:00:00+09:00,4565.0,4595.0,4480.0,4500.0,0,0.0,0.0
2024-08-19 10:00:00+09:00,4500.0,4525.0,4455.0,4465.0,113129,0.0,0.0
2024-08-19 11:00:00+09:00,4460.0,4475.0,4460.0,4465.0,25435,0.0,0.0
2024-08-19 12:00:00+09:00,4465.0,4475.0,4455.0,4470.0,35436,0.0,0.0
2024-08-19 13:00:00+09:00,4475.0,4475.0,4460.0,4460.0,39304,0.0,0.0
2024-08-19 14:00:00+09:00,4460.0,4470.0,4450.0,4455.0,38654,0.0,0.0
2024-08-20 09:00:00+09:00,4415.0,4495.0,4415.0,4445.0,79607,0.0,0.0
2024-08-20 10:00:00+09:00,4450.0,4475.0,4425.0,4435.0,73175,0.0,0.0
2024-08-20 11:00:00+09:00,4435.0,4465.0,4435.0,4460.0,17057,0.0,0.0
2024-08-20 12:00:00+09:00,4460.0,4475.0,4455.0,4470.0,18606,0.0,0.0
2024-08-20 13:00:00+09:00,4470.0,4480.0,4465.0,4470.0,15334,0.0,0.0
2024-08-20 14:00:00+09:00,4470.0,4480.0,4460.0,4470.0,16910,0.0,0.0
2024-08-21 09:00:00+09:00,4460.0,4465.0,4425.0,4440.0,51412,0.0,0.0
2024-08-21 10:00:00+09:00,4440.0,4450.0,4420.0,4430.0,51571,0.0,0.0
2024-08-21 11:00:00+09:00,4425.0,4430.0,4405.0,4415.0,41960,0.0,0.0
2024-08-21 12:00:00+09:00,4415.0,4475.0,4395.0,4400.0,73883,0.0,0.0
2024-08-21 13:00:00+09:00,4400.0,4410.0,4395.0,4405.0,30344,0.0,0.0
2024-08-21 14:00:00+09:00,4405.0,4415.0,4400.0,4410.0,16380,0.0,0.0
2024-08-22 09:00:00+09:00,4425.0,4430.0,4360.0,4365.0,105516,0.0,0.0
2024-08-22 10:00:00+09:00,4370.0,4370.0,4335.0,4355.0,61482,0.0,0.0
2024-08-22 11:00:00+09:00,4350.0,4350.0,4315.0,4325.0,47407,0.0,0.0
2024-08-22 12:00:00+09:00,4325.0,4335.0,4315.0,4335.0,26297,0.0,0.0
2024-08-22 13:00:00+09:00,4330.0,4350.0,4320.0,4340.0,13852,0.0,0.0
2024-08-22 14:00:00+09:00,4335.0,4350.0,4325.0,4340.0,29644,0.0,0.0
2024-08-23 09:00:00+09:00,4300.0,4325.0,4270.0,4315.0,58661,0.0,0.0
2024-08-23 10:00:00+09:00,4315.0,4320.0,4275.0,4295.0,41255,0.0,0.0
2024-08-23 11:00:00+09:00,4300.0,4310.0,4285.0,4310.0,13414,0.0,0.0
2024-08-23 12:00:00+09:00,4310.0,4315.0,4300.0,4305.0,9908,0.0,0.0
2024-08-23 13:00:00+09:00,4305.0,4335.0,4300.0,4315.0,21093,0.0,0.0
2024-08-23 14:00:00+09:00,4315.0,4340.0,4315.0,4340.0,14934,0.0,0.0
2024-08-26 09:00:00+09:00,4345.0,4385.0,4310.0,4340.0,0,0.0,0.0
2024-08-26 10:00:00+09:00,4335.0,4340.0,4310.0,4320.0,22219,0.0,0.0
2024-08-26 11:00:00+09:00,4325.0,4360.0,4325.0,4335.0,30896,0.0,0.0
2024-08-26 12:00:00+09:00,4350.0,4350.0,4315.0,4320.0,14129,0.0,0.0
2024-08-26 13:00:00+09:00,4315.0,4320.0,4310.0,4315.0,19422,0.0,0.0
2024-08-26 14:00:00+09:00,4315.0,4325.0,4305.0,4310.0,33729,0.0,0.0
2024-08-27 09:00:00+09:00,4345.0,4350.0,4290.0,4315.0,52126,0.0,0.0
2024-08-27 10:00:00+09:00,4315.0,4340.0,4305.0,4330.0,30802,0.0,0.0
2024-08-27 11:00:00+09:00,4315.0,4335.0,4305.0,4330.0,18657,0.0,0.0
2024-08-27 12:00:00+09:00,4325.0,4340.0,4320.0,4320.0,15883,0.0,0.0
2024-08-27 13:00:00+09:00,4320.0,4335.0,4315.0,4335.0,12163,0.0,0.0
2024-08-27 14:00:00+09:00,4335.0,4335.0,4315.0,4330.0,17647,0.0,0.0
2024-08-28 09:00:00+09:00,4305.0,4335.0,4305.0,4325.0,36084,0.0,0.0
2024-08-28 10:00:00+09:00,4325.0,4465.0,4320.0,4400.0,252084,0.0,0.0
2024-08-28 11:00:00+09:00,4400.0,4405.0,4335.0,4355.0,62228,0.0,0.0
2024-08-28 12:00:00+09:00,4355.0,4400.0,4340.0,4355.0,19776,0.0,0.0
2024-08-28 13:00:00+09:00,4360.0,4365.0,4335.0,4345.0,15321,0.0,0.0
2024-08-28 14:00:00+09:00,4345.0,4345.0,4330.0,4340.0,16924,0.0,0.0
2024-08-29 09:00:00+09:00,4295.0,4345.0,4290.0,4295.0,65680,0.0,0.0
2024-08-29 10:00:00+09:00,4295.0,4325.0,4295.0,4320.0,11624,0.0,0.0
2024-08-29 11:00:00+09:00,4320.0,4320.0,4290.0,4290.0,30578,0.0,0.0
2024-08-29 12:00:00+09:00,4295.0,4310.0,4295.0,4295.0,6907,0.0,0.0
2024-08-29 13:00:00+09:00,4295.0,4300.0,4290.0,4295.0,15884,0.0,0.0
2024-08-29 14:00:00+09:00,4295.0,4295.0,4270.0,4285.0,25353,0.0,0.0
2024-08-30 09:00:00+09:00,4280.0,4335.0,4275.0,4320.0,35628,0.0,0.0
2024-08-30 10:00:00+09:00,4320.0,4320.0,4285.0,4290.0,21904,0.0,0.0
2024-08-30 11:00:00+09:00,4290.0,4310.0,4285.0,4295.0,8932,0.0,0.0
2024-08-30 12:00:00+09:00,4290.0,4305.0,4280.0,4285.0,14074,0.0,0.0
2024-08-30 13:00:00+09:00,4305.0,4305.0,4270.0,4270.0,23869,0.0,0.0
2024-08-30 14:00:00+09:00,4270.0,4290.0,4265.0,4285.0,19267,0.0,0.0
2024-09-02 09:00:00+09:00,4330.0,4330.0,4290.0,4315.0,0,0.0,0.0
2024-09-02 10:00:00+09:00,4315.0,4315.0,4285.0,4285.0,19020,0.0,0.0
2024-09-02 11:00:00+09:00,4285.0,4295.0,4280.0,4285.0,13484,0.0,0.0
2024-09-02 12:00:00+09:00,4280.0,4300.0,4280.0,4295.0,9576,0.0,0.0
2024-09-02 13:00:00+09:00,4295.0,4300.0,4280.0,4290.0,9722,0.0,0.0
2024-09-02 14:00:00+09:00,4290.0,4305.0,4280.0,4300.0,21500,0.0,0.0
2024-09-03 09:00:00+09:00,4300.0,4380.0,4280.0,4345.0,166765,0.0,0.0
2024-09-03 10:00:00+09:00,4340.0,4340.0,4300.0,4315.0,29876,0.0,0.0
2024-09-03 11:00:00+09:00,4325.0,4330.0,4300.0,4315.0,19413,0.0,0.0
2024-09-03 12:00:00+09:00,4315.0,4315.0,4300.0,4305.0,10976,0.0,0.0
2024-09-03 13:00:00+09:00,4305.0,4310.0,4285.0,4290.0,15009,0.0,0.0
2024-09-03 14:00:00+09:00,4290.0,4300.0,4285.0,4295.0,14152,0.0,0.0
2024-09-04 09:00:00+09:00,4200.0,4280.0,4130.0,4145.0,97300,0.0,0.0
2024-09-04 10:00:00+09:00,4140.0,4145.0,4100.0,4135.0,55279,0.0,0.0
2024-09-04 11:00:00+09:00,4135.0,4170.0,4115.0,4115.0,20531,0.0,0.0
2024-09-04 12:00:00+09:00,4115.0,4125.0,4110.0,4120.0,32289,0.0,0.0
2024-09-04 13:00:00+09:00,4115.0,4120.0,4100.0,4100.0,56199,0.0,0.0
2024-09-04 14:00:00+09:00,4105.0,4105.0,4055.0,4095.0,53259,0.0,0.0
2024-09-05 09:00:00+09:00,4075.0,4135.0,4075.0,4105.0,57798,0.0,0.0
2024-09-05 10:00:00+09:00,4105.0,4120.0,4090.0,4095.0,12414,0.0,0.0
2024-09-05 11:00:00+09:00,4090.0,4105.0,4000.0,4025.0,32884,0.0,0.0
2024-09-05 12:00:00+09:00,4030.0,4030.0,4000.0,4010.0,29097,0.0,0.0
2024-09-05 13:00:00+09:00,4010.0,4035.0,4005.0,4020.0,27383,0.0,0.0
2024-09-05 14:00:00+09:00,4025.0,4095.0,4025.0,4070.0,38371,0.0,0.0
2024-09-06 09:00:00+09:00,4010.0,4045.0,3955.0,3975.0,81379,0.0,0.0
2024-09-06 10:00:00+09:00,3975.0,3975.0,3930.0,3945.0,42227,0.0,0.0
2024-09-06 11:00:00+09:00,3945.0,3965.0,3930.0,3945.0,24874,0.0,0.0
2024-09-06 12:00:00+09:00,3945.0,3965.0,3940.0,3945.0,16743,0.0,0.0
2024-09-06 13:00:00+09:00,3955.0,3970.0,3935.0,3945.0,19187,0.0,0.0
2024-09-06 14:00:00+09:00,3940.0,3955.0,3935.0,3945.0,20936,0.0,0.0
2024-09-09 09:00:00+09:00,3840.0,3920.0,3830.0,3895.0,0,0.0,0.0
2024-09-09 10:00:00+09:00,3895.0,3910.0,3850.0,3910.0,32851,0.0,0.0
2024-09-09 11:00:00+09:00,3910.0,3950.0,3910.0,3950.0,18838,0.0,0.0
2024-09-09 12:00:00+09:00,3950.0,3960.0,3940.0,3960.0,7070,0.0,0.0
2024-09-09 13:00:00+09:00,3955.0,3980.0,3950.0,3955.0,30132,0.0,0.0
2024-09-09 14:00:00+09:00,3955.0,3995.0,3955.0,3985.0,31368,0.0,0.0
2024-09-10 09:00:00+09:00,3965.0,4005.0,3930.0,4000.0,36777,0.0,0.0
2024-09-10 10:00:00+09:00,4000.0,4000.0,3970.0,3975.0,13837,0.0,0.0
2024-09-10 11:00:00+09:00,3975.0,3985.0,3930.0,3960.0,17065,0.0,0.0
2024-09-10 12:00:00+09:00,3960.0,3960.0,3940.0,3940.0,9148,0.0,0.0
2024-09-10 13:00:00+09:00,3945.0,3950.0,3920.0,3930.0,17782,0.0,0.0
2024-09-10 14:00:00+09:00,3940.0,3950.0,3925.0,3935.0,30793,0.0,0.0
2024-09-11 09:00:00+09:00,3925.0,4010.0,3925.0,4000.0,42155,0.0,0.0
2024-09-11 10:00:00+09:00,4000.0,4000.0,3965.0,3965.0,11039,0.0,0.0
2024-09-11 11:00:00+09:00,3970.0,3970.0,3935.0,3940.0,10513,0.0,0.0
2024-09-11 12:00:00+09:00,3950.0,3965.0,3940.0,3960.0,5292,0.0,0.0
2024-09-11 13:00:00+09:00,3960.0,3965.0,3945.0,3950.0,12374,0.0,0.0
2024-09-11 14:00:00+09:00,3950.0,3955.0,3915.0,3915.0,22950,0.0,0.0
2024-09-12 09:00:00+09:00,3940.0,4025.0,3930.0,4010.0,44135,0.0,0.0
2024-09-12 10:00:00+09:00,4010.0,4015.0,3990.0,4000.0,15378,0.0,0.0
2024-09-12 11:00:00+09:00,4000.0,4555.0,3995.0,4085.0,2069403,0.0,0.0
2024-09-12 12:00:00+09:00,4085.0,4095.0,4060.0,4085.0,104800,0.0,0.0
2024-09-12 13:00:00+09:00,4085.0,4100.0,4055.0,4075.0,89972,0.0,0.0
2024-09-12 14:00:00+09:00,4080.0,4085.0,4050.0,4075.0,49313,0.0,0.0
2024-09-13 09:00:00+09:00,4090.0,4285.0,4070.0,4160.0,606055,0.0,0.0
2024-09-13 10:00:00+09:00,4160.0,4165.0,4125.0,4140.0,136341,0.0,0.0
2024-09-13 11:00:00+09:00,4140.0,4160.0,4100.0,4115.0,65400,0.0,0.0
2024-09-13 12:00:00+09:00,4105.0,4125.0,4095.0,4110.0,26595,0.0,0.0
2024-09-13 13:00:00+09:00,4110.0,4125.0,4100.0,4125.0,29757,0.0,0.0
2024-09-13 14:00:00+09:00,4115.0,4140.0,4110.0,4125.0,29452,0.0,0.0
2024-09-19 09:00:00+09:00,4110.0,4145.0,4080.0,4100.0,0,0.0,0.0
2024-09-19 10:00:00+09:00,4100.0,4120.0,4055.0,4075.0,34245,0.0,0.0
2024-09-19 11:00:00+09:00,4075.0,4080.0,4055.0,4075.0,9022,0.0,0.0
2024-09-19 12:00:00+09:00,4070.0,4125.0,4065.0,4075.0,25834,0.0,0.0
2024-09-19 13:00:00+09:00,4080.0,4115.0,4075.0,4095.0,15653,0.0,0.0
2024-09-19 14:00:00+09:00,4095.0,4095.0,4070.0,4075.0,13483,0.0,0.0
2024-09-20 09:00:00+09:00,4075.0,4145.0,4075.0,4125.0,68458,0.0,0.0
2024-09-20 10:00:00+09:00,4125.0,4150.0,4115.0,4140.0,81021,0.0,0.0
2024-09-20 11:00:00+09:00,4135.0,4150.0,4125.0,4140.0,41972,0.0,0.0
2024-09-20 12:00:00+09:00,4140.0,4165.0,4135.0,4160.0,42553,0.0,0.0
2024-09-20 13:00:00+09:00,4160.0,4170.0,4145.0,4160.0,32964,0.0,0.0
2024-09-20 14:00:00+09:00,4155.0,4160.0,4145.0,4150.0,26173,0.0,0.0
2024-09-23 09:00:00+09:00,4185.0,4200.0,4145.0,4175.0,0,0.0,0.0
2024-09-23 10:00:00+09:00,4170.0,4200.0,4155.0,4200.0,47112,0.0,0.0
2024-09-23 11:00:00+09:00,4200.0,4205.0,4185.0,4190.0,24244,0.0,0.0
2024-09-23 12:00:00+09:00,4190.0,4205.0,4175.0,4175.0,17722,0.0,0.0
2024-09-23 13:00:00+09:00,4175.0,4185.0,4160.0,4180.0,25370,0.0,0.0
2024-09-23 14:00:00+09:00,4180.0,4300.0,4160.0,4215.0,138468,0.0,0.0
2024-09-24 09:00:00+09:00,4320.0,4375.0,4245.0,4325.0,395973,0.0,0.0
2024-09-24 10:00:00+09:00,4320.0,4325.0,4250.0,4250.0,77749,0.0,0.0
2024-09-24 11:00:00+09:00,4260.0,4260.0,4215.0,4240.0,49576,0.0,0.0
2024-09-24 12:00:00+09:00,4245.0,4270.0,4215.0,4270.0,21748,0.0,0.0
2024-09-24 13:00:00+09:00,4260.0,4260.0,4215.0,4230.0,20234,0.0,0.0
2024-09-24 14:00:00+09:00,4240.0,4265.0,4225.0,4245.0,20476,0.0,0.0
2024-09-25 09:00:00+09:00,4250.0,4375.0,4230.0,4265.0,112073,0.0,0.0
2024-09-25 10:00:00+09:00,4270.0,4300.0,4230.0,4270.0,76218,0.0,0.0
2024-09-25 11:00:00+09:00,4270.0,4285.0,4260.0,4275.0,20237,0.0,0.0
2024-09-25 12:00:00+09:00,4265.0,4315.0,4250.0,4295.0,49753,0.0,0.0
2024-09-25 13:00:00+09:00,4295.0,4300.0,4270.0,4280.0,20690,0.0,0.0
2024-09-25 14:00:00+09:00,4275.0,4285.0,4265.0,4285.0,38484,0.0,0.0
2024-09-26 09:00:00+09:00,4245.0,4270.0,4240.0,4270.0,53375,0.0,0.0
2024-09-26 10:00:00+09:00,4270.0,4285.0,4260.0,4280.0,19805,0.0,0.0
2024-09-26 11:00:00+09:00,4280.0,4280.0,4245.0,4265.0,19752,0.0,0.0
2024-09-26 12:00:00+09:00,4265.0,4270.0,4260.0,4270.0,5234,0.0,0.0
2024-09-26 13:00:00+09:00,4270.0,4290.0,4265.0,4290.0,21301,0.0,0.0
2024-09-26 14:00:00+09:00,4290.0,4295.0,4270.0,4290.0,35991,0.0,0.0
2024-09-27 09:00:00+09:00,4400.0,4480.0,4345.0,4395.0,448563,0.0,0.0
2024-09-27 10:00:00+09:00,4400.0,4630.0,4370.0,4565.0,1639323,0.0,0.0
2024-09-27 11:00:00+09:00,4580.0,4620.0,4430.0,4445.0,1444781,0.0,0.0
2024-09-27 12:00:00+09:00,4445.0,4445.0,4390.0,4400.0,206041,0.0,0.0
2024-09-27 13:00:00+09:00,4395.0,4570.0,4395.0,4480.0,804166,0.0,0.0
2024-09-27 14:00:00+09:00,4480.0,4690.0,4470.0,4550.0,2886145,0.0,0.0
2024-09-30 09:00:00+09:00,4485.0,4675.0,4410.0,4600.0,0,0.0,0.0
2024-09-30 10:00:00+09:00,4600.0,4640.0,4545.0,4625.0,419813,0.0,0.0
2024-09-30 11:00:00+09:00,4625.0,4750.0,4545.0,4570.0,1007713,0.0,0.0
2024-09-30 12:00:00+09:00,4575.0,4585.0,4505.0,4515.0,162745,0.0,0.0
2024-09-30 13:00:00+09:00,4530.0,4555.0,4420.0,4465.0,208721,0.0,0.0
2024-09-30 14:00:00+09:00,4465.0,4485.0,4435.0,4465.0,91158,0.0,0.0
2024-10-02 09:00:00+09:00,4495.0,4625.0,4480.0,4560.0,0,0.0,0.0
2024-10-02 10:00:00+09:00,4560.0,4565.0,4465.0,4495.0,100900,0.0,0.0
2024-10-02 11:00:00+09:00,4495.0,4495.0,4470.0,4480.0,31003,0.0,0.0
2024-10-02 12:00:00+09:00,4480.0,4485.0,4430.0,4440.0,68521,0.0,0.0
2024-10-02 13:00:00+09:00,4440.0,4470.0,4400.0,4430.0,92759,0.0,0.0
2024-10-02 14:00:00+09:00,4420.0,4425.0,4380.0,4385.0,68644,0.0,0.0
2024-10-04 09:00:00+09:00,4260.0,4360.0,4260.0,4310.0,0,0.0,0.0
2024-10-04 10:00:00+09:00,4310.0,4345.0,4300.0,4310.0,50182,0.0,0.0
2024-10-04 11:00:00+09:00,4315.0,4350.0,4300.0,4325.0,34251,0.0,0.0
2024-10-04 12:00:00+09:00,4325.0,4330.0,4305.0,4310.0,25123,0.0,0.0
2024-10-04 13:00:00+09:00,4310.0,4320.0,4300.0,4320.0,49102,0.0,0.0
2024-10-04 14:00:00+09:00,4320.0,4325.0,4280.0,4290.0,50845,0.0,0.0
2024-10-07 09:00:00+09:00,4280.0,4320.0,4265.0,4280.0,0,0.0,0.0
2024-10-07 10:00:00+09:00,4275.0,4300.0,4265.0,4280.0,31558,0.0,0.0
2024-10-07 11:00:00+09:00,4280.0,4285.0,4265.0,4270.0,17210,0.0,0.0
2024-10-07 12:00:00+09:00,4270.0,4280.0,4260.0,4270.0,22696,0.0,0.0
2024-10-07 13:00:00+09:00,4270.0,4285.0,4265.0,4275.0,10963,0.0,0.0
2024-10-07 14:00:00+09:00,4280.0,4305.0,4275.0,4295.0,38335,0.0,0.0
2024-10-08 09:00:00+09:00,4250.0,4295.0,4250.0,4290.0,93205,0.0,0.0
2024-10-08 10:00:00+09:00,4290.0,4305.0,4285.0,4295.0,26424,0.0,0.0
2024-10-08 11:00:00+09:00,4300.0,4300.0,4245.0,4255.0,41246,0.0,0.0
2024-10-08 12:00:00+09:00,4255.0,4260.0,4245.0,4245.0,24197,0.0,0.0
2024-10-08 13:00:00+09:00,4250.0,4260.0,4245.0,4255.0,5666,0.0,0.0
2024-10-08 14:00:00+09:00,4255.0,4255.0,4220.0,4230.0,40828,0.0,0.0
2024-10-10 09:00:00+09:00,4205.0,4260.0,4190.0,4200.0,0,0.0,0.0
2024-10-10 10:00:00+09:00,4200.0,4200.0,4165.0,4185.0,39807,0.0,0.0
2024-10-10 11:00:00+09:00,4185.0,4205.0,4170.0,4200.0,19889,0.0,0.0
2024-10-10 12:00:00+09:00,4200.0,4205.0,4185.0,4200.0,3343,0.0,0.0
2024-10-10 13:00:00+09:00,4200.0,4200.0,4180.0,4195.0,9543,0.0,0.0
2024-10-10 14:00:00+09:00,4190.0,4200.0,4175.0,4190.0,45836,0.0,0.0
2024-10-11 09:00:00+09:00,4190.0,4210.0,4150.0,4175.0,61631,0.0,0.0
2024-10-11 10:00:00+09:00,4170.0,4180.0,4160.0,4165.0,42853,0.0,0.0
2024-10-11 11:00:00+09:00,4165.0,4185.0,4165.0,4175.0,23446,0.0,0.0
2024-10-11 12:00:00+09:00,4175.0,4175.0,4160.0,4160.0,17415,0.0,0.0
2024-10-11 13:00:00+09:00,4160.0,4185.0,4155.0,4180.0,27641,0.0,0.0
2024-10-11 14:00:00+09:00,4170.0,4180.0,4155.0,4165.0,25260,0.0,0.0
2024-10-14 09:00:00+09:00,4260.0,4300.0,4160.0,4240.0,64333,0.0,0.0
2024-10-14 10:00:00+09:00,4235.0,4280.0,4220.0,4235.0,102843,0.0,0.0
2024-10-14 11:00:00+09:00,4235.0,4255.0,4215.0,4230.0,27528,0.0,0.0
2024-10-14 12:00:00+09:00,4230.0,4235.0,4205.0,4230.0,12422,0.0,0.0
2024-10-14 13:00:00+09:00,4225.0,4230.0,4205.0,4210.0,17526,0.0,0.0
2024-10-14 14:00:00+09:00,4210.0,4275.0,4205.0,4265.0,90469,0.0,0.0
2024-10-15 09:00:00+09:00,4450.0,5220.0,4410.0,5040.0,9720721,0.0,0.0
2024-10-15 10:00:00+09:00,5040.0,5090.0,4915.0,4985.0,2638251,0.0,0.0
2024-10-15 11:00:00+09:00,4980.0,5000.0,4835.0,4920.0,1454955,0.0,0.0
2024-10-15 12:00:00+09:00,4910.0,4930.0,4825.0,4880.0,654780,0.0,0.0
2024-10-15 13:00:00+09:00,4880.0,4980.0,4835.0,4950.0,1017253,0.0,0.0
2024-10-15 14:00:00+09:00,4940.0,4955.0,4810.0,4810.0,1003384,0.0,0.0
2024-10-16 09:00:00+09:00,4625.0,4700.0,4535.0,4560.0,1286270,0.0,0.0
2024-10-16 10:00:00+09:00,4560.0,4575.0,4485.0,4485.0,361181,0.0,0.0
2024-10-16 11:00:00+09:00,4485.0,4490.0,4445.0,4460.0,233244,0.0,0.0
2024-10-16 12:00:00+09:00,4460.0,4470.0,4430.0,4445.0,129142,0.0,0.0
2024-10-16 13:00:00+09:00,4440.0,4465.0,4420.0,4430.0,121101,0.0,0.0
2024-10-16 14:00:00+09:00,4425.0,4435.0,4395.0,4405.0,200769,0.0,0.0
2024-10-17 09:00:00+09:00,4350.0,4380.0,4285.0,4285.0,432812,0.0,0.0
2024-10-17 10:00:00+09:00,4285.0,4290.0,4240.0,4270.0,137353,0.0,0.0
2024-10-17 11:00:00+09:00,4270.0,4310.0,4265.0,4300.0,38789,0.0,0.0
2024-10-17 12:00:00+09:00,4300.0,4315.0,4280.0,4285.0,43524,0.0,0.0
2024-10-17 13:00:00+09:00,4285.0,4300.0,4265.0,4275.0,71145,0.0,0.0
2024-10-17 14:00:00+09:00,4270.0,4275.0,4245.0,4250.0,78777,0.0,0.0
2024-10-18 09:00:00+09:00,4205.0,4280.0,4205.0,4250.0,145588,0.0,0.0
2024-10-18 10:00:00+09:00,4250.0,4265.0,4225.0,4230.0,48385,0.0,0.0
2024-10-18 11:00:00+09:00,4235.0,4240.0,4220.0,4235.0,54780,0.0,0.0
2024-10-18 12:00:00+09:00,4230.0,4235.0,4195.0,4205.0,66326,0.0,0.0
2024-10-18 13:00:00+09:00,4205.0,4215.0,4190.0,4200.0,50544,0.0,0.0
2024-10-18 14:00:00+09:00,4200.0,4205.0,4190.0,4190.0,34385,0.0,0.0
2024-10-21 09:00:00+09:00,4155.0,4255.0,4155.0,4215.0,0,0.0,0.0
2024-10-21 10:00:00+09:00,4220.0,4230.0,4205.0,4225.0,36324,0.0,0.0
2024-10-21 11:00:00+09:00,4220.0,4250.0,4215.0,4240.0,34129,0.0,0.0
2024-10-21 12:00:00+09:00,4240.0,4240.0,4205.0,4215.0,24879,0.0,0.0
2024-10-21 13:00:00+09:00,4215.0,4230.0,4200.0,4215.0,17911,0.0,0.0
2024-10-21 14:00:00+09:00,4215.0,4230.0,4215.0,4215.0,27640,0.0,0.0
2024-10-22 09:00:00+09:00,4210.0,4245.0,4140.0,4170.0,169075,0.0,0.0
2024-10-22 10:00:00+09:00,4170.0,4280.0,4155.0,4180.0,213158,0.0,0.0
2024-10-22 11:00:00+09:00,4175.0,4185.0,4155.0,4155.0,43927,0.0,0.0
2024-10-22 12:00:00+09:00,4155.0,4180.0,4150.0,4170.0,31018,0.0,0.0
2024-10-22 13:00:00+09:00,4165.0,4180.0,4155.0,4155.0,26844,0.0,0.0
2024-10-22 14:00:00+09:00,4155.0,4195.0,4155.0,4170.0,38727,0.0,0.0
2024-10-23 09:00:00+09:00,4170.0,4200.0,4115.0,4150.0,109930,0.0,0.0
2024-10-23 10:00:00+09:00,4150.0,4185.0,4130.0,4160.0,64841,0.0,0.0
2024-10-23 11:00:00+09:00,4160.0,4180.0,4145.0,4150.0,20376,0.0,0.0
2024-10-23 12:00:00+09:00,4150.0,4165.0,4140.0,4145.0,21934,0.0,0.0
2024-10-23 13:00:00+09:00,4145.0,4150.0,4135.0,4135.0,21477,0.0,0.0
2024-10-23 14:00:00+09:00,4135.0,4150.0,4110.0,4140.0,76846,0.0,0.0
2024-10-24 09:00:00+09:00,4175.0,4390.0,4175.0,4255.0,1665096,0.0,0.0
2024-10-24 10:00:00+09:00,4255.0,4300.0,4220.0,4225.0,170778,0.0,0.0
2024-10-24 11:00:00+09:00,4225.0,4245.0,4190.0,4210.0,102232,0.0,0.0
2024-10-24 12:00:00+09:00,4205.0,4215.0,4200.0,4210.0,50916,0.0,0.0
2024-10-24 13:00:00+09:00,4210.0,4210.0,4175.0,4185.0,72050,0.0,0.0
2024-10-24 14:00:00+09:00,4185.0,4185.0,4115.0,4130.0,117084,0.0,0.0
2024-10-25 09:00:00+09:00,4120.0,4145.0,4050.0,4060.0,184448,0.0,0.0
2024-10-25 10:00:00+09:00,4060.0,4065.0,4005.0,4025.0,124605,0.0,0.0
2024-10-25 11:00:00+09:00,4020.0,4045.0,4010.0,4035.0,25448,0.0,0.0
2024-10-25 12:00:00+09:00,4035.0,4070.0,4035.0,4045.0,27318,0.0,0.0
2024-10-25 13:00:00+09:00,4035.0,4100.0,4030.0,4100.0,65765,0.0,0.0
2024-10-25 14:00:00+09:00,4090.0,4215.0,4040.0,4055.0,383404,0.0,0.0
2024-10-28 09:00:00+09:00,4095.0,4100.0,4050.0,4070.0,0,0.0,0.0
2024-10-28 10:00:00+09:00,4070.0,4080.0,4045.0,4060.0,37140,0.0,0.0
2024-10-28 11:00:00+09:00,4065.0,4075.0,4050.0,4075.0,39841,0.0,0.0
2024-10-28 12:00:00+09:00,4075.0,4080.0,4065.0,4075.0,11626,0.0,0.0
2024-10-28 13:00:00+09:00,4070.0,4075.0,4060.0,4075.0,43071,0.0,0.0
2024-10-28 14:00:00+09:00,4065.0,4100.0,4065.0,4090.0,64450,0.0,0.0
2024-10-29 09:00:00+09:00,4110.0,4110.0,4065.0,4075.0,59671,0.0,0.0
2024-10-29 10:00:00+09:00,4075.0,4090.0,4070.0,4090.0,20517,0.0,0.0
2024-10-29 11:00:00+09:00,4090.0,4100.0,4080.0,4090.0,14919,0.0,0.0
2024-10-29 12:00:00+09:00,4090.0,4095.0,4075.0,4080.0,17141,0.0,0.0
2024-10-29 13:00:00+09:00,4085.0,4085.0,4075.0,4075.0,10311,0.0,0.0
2024-10-29 14:00:00+09:00,4080.0,4090.0,4075.0,4090.0,27919,0.0,0.0
2024-10-30 09:00:00+09:00,4095.0,4110.0,4035.0,4095.0,134777,0.0,0.0
2024-10-30 10:00:00+09:00,4095.0,4115.0,4085.0,4115.0,40510,0.0,0.0
2024-10-30 11:00:00+09:00,4115.0,4120.0,4095.0,4100.0,20420,0.0,0.0
2024-10-30 12:00:00+09:00,4100.0,4150.0,4095.0,4120.0,34362,0.0,0.0
2024-10-30 13:00:00+09:00,4115.0,4120.0,4100.0,4105.0,14829,0.0,0.0
2024-10-30 14:00:00+09:00,4105.0,4110.0,4080.0,4090.0,19076,0.0,0.0
2024-10-31 09:00:00+09:00,4115.0,4135.0,4075.0,4085.0,193745,0.0,0.0
2024-10-31 10:00:00+09:00,4085.0,4100.0,4070.0,4085.0,56167,0.0,0.0
2024-10-31 11:00:00+09:00,4085.0,4105.0,4075.0,4090.0,24325,0.0,0.0
2024-10-31 12:00:00+09:00,4090.0,4100.0,4085.0,4095.0,9848,0.0,0.0
2024-10-31 13:00:00+09:00,4095.0,4120.0,4080.0,4100.0,32952,0.0,0.0
2024-10-31 14:00:00+09:00,4105.0,4150.0,4085.0,4110.0,81061,0.0,0.0
2024-11-01 09:00:00+09:00,4065.0,4080.0,4025.0,4065.0,88393,0.0,0.0
2024-11-01 10:00:00+09:00,4065.0,4065.0,4030.0,4050.0,47733,0.0,0.0
2024-11-01 11:00:00+09:00,4045.0,4060.0,4035.0,4055.0,16229,0.0,0.0
2024-11-01 12:00:00+09:00,4055.0,4065.0,4055.0,4065.0,10017,0.0,0.0
2024-11-01 13:00:00+09:00,4060.0,4090.0,4050.0,4065.0,32863,0.0,0.0
2024-11-01 14:00:00+09:00,4065.0,4065.0,4040.0,4060.0,38842,0.0,0.0
2024-11-04 09:00:00+09:00,4040.0,4060.0,4025.0,4055.0,0,0.0,0.0
2024-11-04 10:00:00+09:00,4055.0,4080.0,4050.0,4060.0,37332,0.0,0.0
2024-11-04 11:00:00+09:00,4060.0,4070.0,4055.0,4055.0,12482,0.0,0.0
2024-11-04 12:00:00+09:00,4055.0,4070.0,4050.0,4065.0,6416,0.0,0.0
2024-11-04 13:00:00+09:00,4065.0,4070.0,4055.0,4065.0,30481,0.0,0.0
2024-11-04 14:00:00+09:00,4065.0,4070.0,4060.0,4065.0,11403,0.0,0.0
2024-11-05 09:00:00+09:00,4075.0,4155.0,4050.0,4120.0,129155,0.0,0.0
2024-11-05 10:00:00+09:00,4130.0,4140.0,4080.0,4090.0,85554,0.0,0.0
2024-11-05 11:00:00+09:00,4090.0,4100.0,4085.0,4090.0,16828,0.0,0.0
2024-11-05 12:00:00+09:00,4090.0,4095.0,4075.0,4085.0,27199,0.0,0.0
2024-11-05 13:00:00+09:00,4095.0,4095.0,4065.0,4075.0,24551,0.0,0.0
2024-11-05 14:00:00+09:00,4075.0,4075.0,4065.0,4065.0,24139,0.0,0.0
2024-11-06 09:00:00+09:00,4070.0,4120.0,4060.0,4080.0,49338,0.0,0.0
2024-11-06 10:00:00+09:00,4075.0,4085.0,4070.0,4080.0,14421,0.0,0.0
2024-11-06 11:00:00+09:00,4080.0,4085.0,4055.0,4060.0,36561,0.0,0.0
2024-11-06 12:00:00+09:00,4060.0,4060.0,4010.0,4010.0,81871,0.0,0.0
2024-11-06 13:00:00+09:00,4010.0,4025.0,4005.0,4020.0,35063,0.0,0.0
2024-11-06 14:00:00+09:00,4020.0,4025.0,4010.0,4020.0,32430,0.0,0.0
2024-11-07 09:00:00+09:00,4005.0,4005.0,3935.0,3945.0,132615,0.0,0.0
2024-11-07 10:00:00+09:00,3940.0,3965.0,3930.0,3960.0,37104,0.0,0.0
2024-11-07 11:00:00+09:00,3950.0,4000.0,3945.0,3995.0,29141,0.0,0.0
2024-11-07 12:00:00+09:00,3995.0,4010.0,3990.0,4000.0,17471,0.0,0.0
2024-11-07 13:00:00+09:00,4000.0,4005.0,3990.0,4000.0,6430,0.0,0.0
2024-11-07 14:00:00+09:00,4000.0,4005.0,3990.0,3990.0,13874,0.0,0.0
2024-11-08 09:00:00+09:00,3995.0,4045.0,3995.0,4025.0,50852,0.0,0.0
2024-11-08 10:00:00+09:00,4025.0,4030.0,4010.0,4015.0,21093,0.0,0.0
2024-11-08 11:00:00+09:00,4015.0,4020.0,4010.0,4015.0,7837,0.0,0.0
2024-11-08 12:00:00+09:00,4015.0,4020.0,4005.0,4020.0,10443,0.0,0.0
2024-11-08 13:00:00+09:00,4020.0,4020.0,4005.0,4005.0,13304,0.0,0.0
2024-11-08 14:00:00+09:00,4005.0,4010.0,3995.0,4010.0,18801,0.0,0.0
