Datetime,Open,High,Low,Close,Volume,Dividends,Stock Splits
2024-07-29 09:30:00-04:00,6.400000095367432,6.489999771118164,6.400000095367432,6.480000019073486,308342,0.0,0.0
2024-07-29 09:31:00-04:00,6.474999904632568,6.53000020980835,6.449999809265137,6.485000133514404,99979,0.0,0.0
2024-07-29 09:32:00-04:00,6.48799991607666,6.48799991607666,6.414999961853027,6.414999961853027,26498,0.0,0.0
2024-07-29 09:33:00-04:00,6.420000076293945,6.434999942779541,6.380000114440918,6.400000095367432,60219,0.0,0.0
2024-07-29 09:34:00-04:00,6.400000095367432,6.420000076293945,6.383500099182129,6.383500099182129,32060,0.0,0.0
2024-07-29 09:35:00-04:00,6.385000228881836,6.445000171661377,6.380000114440918,6.409999847412109,34987,0.0,0.0
2024-07-29 09:36:00-04:00,6.409999847412109,6.409999847412109,6.364999771118164,6.380000114440918,38606,0.0,0.0
2024-07-29 09:37:00-04:00,6.380000114440918,6.385000228881836,6.369999885559082,6.375,39988,0.0,0.0
2024-07-29 09:38:00-04:00,6.380000114440918,6.389999866485596,6.340000152587891,6.34499979019165,86309,0.0,0.0
2024-07-29 09:39:00-04:00,6.349999904632568,6.360000133514404,6.340099811553955,6.355000019073486,40528,0.0,0.0
2024-07-29 09:40:00-04:00,6.349999904632568,6.369999885559082,6.3414998054504395,6.360099792480469,17953,0.0,0.0
2024-07-29 09:41:00-04:00,6.369999885559082,6.440000057220459,6.369999885559082,6.440000057220459,25251,0.0,0.0
2024-07-29 09:42:00-04:00,6.440000057220459,6.454999923706055,6.400000095367432,6.400000095367432,28181,0.0,0.0
2024-07-29 09:43:00-04:00,6.400000095367432,6.400000095367432,6.389999866485596,6.400000095367432,5844,0.0,0.0
2024-07-29 09:44:00-04:00,6.390999794006348,6.400000095367432,6.369999885559082,6.369999885559082,9231,0.0,0.0
2024-07-29 09:45:00-04:00,6.369999885559082,6.385000228881836,6.364999771118164,6.364999771118164,19292,0.0,0.0
2024-07-29 09:46:00-04:00,6.364999771118164,6.369200229644775,6.360000133514404,6.360000133514404,9241,0.0,0.0
2024-07-29 09:47:00-04:00,6.360000133514404,6.40500020980835,6.360000133514404,6.400000095367432,36701,0.0,0.0
2024-07-29 09:48:00-04:00,6.40500020980835,6.40500020980835,6.380000114440918,6.385000228881836,8387,0.0,0.0
2024-07-29 09:49:00-04:00,6.385000228881836,6.385000228881836,6.364999771118164,6.364999771118164,10227,0.0,0.0
2024-07-29 09:50:00-04:00,6.369999885559082,6.369999885559082,6.320000171661377,6.329999923706055,11583,0.0,0.0
2024-07-29 09:51:00-04:00,6.340000152587891,6.375,6.340000152587891,6.375,26592,0.0,0.0
2024-07-29 09:52:00-04:00,6.380000114440918,6.380000114440918,6.355000019073486,6.369900226593018,17107,0.0,0.0
2024-07-29 09:53:00-04:00,6.360000133514404,6.369999885559082,6.360000133514404,6.364999771118164,1716,0.0,0.0
2024-07-29 09:54:00-04:00,6.369999885559082,6.369999885559082,6.355000019073486,6.362299919128418,7910,0.0,0.0
2024-07-29 09:55:00-04:00,6.369900226593018,6.369999885559082,6.355000019073486,6.364999771118164,12708,0.0,0.0
2024-07-29 09:56:00-04:00,6.365799903869629,6.380000114440918,6.364999771118164,6.369999885559082,14377,0.0,0.0
2024-07-29 09:57:00-04:00,6.369999885559082,6.380000114440918,6.369999885559082,6.370100021362305,1599,0.0,0.0
2024-07-29 09:58:00-04:00,6.370100021362305,6.389999866485596,6.370100021362305,6.389999866485596,4442,0.0,0.0
2024-07-29 09:59:00-04:00,6.385000228881836,6.389900207519531,6.380000114440918,6.387599945068359,2990,0.0,0.0
2024-07-29 10:00:00-04:00,6.389999866485596,6.40500020980835,6.385000228881836,6.389999866485596,32084,0.0,0.0
2024-07-29 10:01:00-04:00,6.389999866485596,6.409999847412109,6.389999866485596,6.409999847412109,7487,0.0,0.0
2024-07-29 10:02:00-04:00,6.414999961853027,6.425000190734863,6.40500020980835,6.414999961853027,10558,0.0,0.0
2024-07-29 10:03:00-04:00,6.420000076293945,6.429999828338623,6.420000076293945,6.429999828338623,10173,0.0,0.0
2024-07-29 10:04:00-04:00,6.429999828338623,6.429999828338623,6.409999847412109,6.4197998046875,6344,0.0,0.0
2024-07-29 10:05:00-04:00,6.419099807739258,6.419099807739258,6.394999980926514,6.400000095367432,12152,0.0,0.0
2024-07-29 10:06:00-04:00,6.409999847412109,6.420000076293945,6.409900188446045,6.420000076293945,11576,0.0,0.0
2024-07-29 10:07:00-04:00,6.419899940490723,6.419899940490723,6.380000114440918,6.382199764251709,11626,0.0,0.0
2024-07-29 10:08:00-04:00,6.385000228881836,6.389999866485596,6.364999771118164,6.380000114440918,9172,0.0,0.0
2024-07-29 10:09:00-04:00,6.389999866485596,6.389999866485596,6.380000114440918,6.380000114440918,3889,0.0,0.0
2024-07-29 10:10:00-04:00,6.380000114440918,6.385000228881836,6.375199794769287,6.375199794769287,4886,0.0,0.0
2024-07-29 10:11:00-04:00,6.369999885559082,6.369999885559082,6.349999904632568,6.360000133514404,16886,0.0,0.0
2024-07-29 10:12:00-04:00,6.355000019073486,6.355999946594238,6.340000152587891,6.340000152587891,9876,0.0,0.0
2024-07-29 10:13:00-04:00,6.339900016784668,6.339900016784668,6.320000171661377,6.324999809265137,11372,0.0,0.0
2024-07-29 10:14:00-04:00,6.32390022277832,6.329999923706055,6.320000171661377,6.324999809265137,7411,0.0,0.0
2024-07-29 10:15:00-04:00,6.320000171661377,6.320000171661377,6.300000190734863,6.300099849700928,26900,0.0,0.0
2024-07-29 10:16:00-04:00,6.300000190734863,6.309999942779541,6.300000190734863,6.304999828338623,18057,0.0,0.0
2024-07-29 10:17:00-04:00,6.304999828338623,6.324999809265137,6.289999961853027,6.320000171661377,54919,0.0,0.0
2024-07-29 10:18:00-04:00,6.320000171661377,6.320000171661377,6.300000190734863,6.309999942779541,10369,0.0,0.0
2024-07-29 10:19:00-04:00,6.302499771118164,6.315999984741211,6.295000076293945,6.295000076293945,16702,0.0,0.0
2024-07-29 10:20:00-04:00,6.295000076293945,6.300000190734863,6.289999961853027,6.2957000732421875,9312,0.0,0.0
2024-07-29 10:21:00-04:00,6.291399955749512,6.309999942779541,6.289999961853027,6.300000190734863,31675,0.0,0.0
2024-07-29 10:22:00-04:00,6.300000190734863,6.300000190734863,6.28000020980835,6.289999961853027,25005,0.0,0.0
2024-07-29 10:23:00-04:00,6.300000190734863,6.300000190734863,6.289999961853027,6.295000076293945,9236,0.0,0.0
2024-07-29 10:24:00-04:00,6.295000076293945,6.300000190734863,6.295000076293945,6.295000076293945,7725,0.0,0.0
2024-07-29 10:25:00-04:00,6.289999961853027,6.300000190734863,6.289999961853027,6.300000190734863,9917,0.0,0.0
2024-07-29 10:26:00-04:00,6.289999961853027,6.300000190734863,6.289999961853027,6.299900054931641,4570,0.0,0.0
2024-07-29 10:27:00-04:00,6.289999961853027,6.300000190734863,6.284999847412109,6.284999847412109,6058,0.0,0.0
2024-07-29 10:28:00-04:00,6.282199859619141,6.289999961853027,6.28000020980835,6.284999847412109,3911,0.0,0.0
2024-07-29 10:29:00-04:00,6.284999847412109,6.289999961853027,6.28000020980835,6.288099765777588,3418,0.0,0.0
2024-07-29 10:30:00-04:00,6.28000020980835,6.284999847412109,6.271299839019775,6.271299839019775,22857,0.0,0.0
2024-07-29 10:31:00-04:00,6.269999980926514,6.28000020980835,6.260000228881836,6.264999866485596,13580,0.0,0.0
2024-07-29 10:32:00-04:00,6.260000228881836,6.260000228881836,6.239999771118164,6.239999771118164,38023,0.0,0.0
2024-07-29 10:33:00-04:00,6.239999771118164,6.25,6.2368998527526855,6.2368998527526855,13343,0.0,0.0
2024-07-29 10:34:00-04:00,6.230000019073486,6.255000114440918,6.230000019073486,6.232999801635742,17812,0.0,0.0
2024-07-29 10:35:00-04:00,6.239999771118164,6.239999771118164,6.21999979019165,6.23769998550415,65076,0.0,0.0
2024-07-29 10:36:00-04:00,6.235000133514404,6.25,6.235000133514404,6.25,3234,0.0,0.0
2024-07-29 10:37:00-04:00,6.25,6.264999866485596,6.25,6.263999938964844,12221,0.0,0.0
2024-07-29 10:38:00-04:00,6.269999980926514,6.269999980926514,6.25,6.260000228881836,19720,0.0,0.0
2024-07-29 10:39:00-04:00,6.269999980926514,6.28000020980835,6.264999866485596,6.28000020980835,8882,0.0,0.0
2024-07-29 10:40:00-04:00,6.28000020980835,6.289999961853027,6.28000020980835,6.283899784088135,4296,0.0,0.0
2024-07-29 10:41:00-04:00,6.284999847412109,6.289999961853027,6.284999847412109,6.284999847412109,2167,0.0,0.0
2024-07-29 10:42:00-04:00,6.284999847412109,6.284999847412109,6.282299995422363,6.284999847412109,931,0.0,0.0
2024-07-29 10:43:00-04:00,6.289999961853027,6.295000076293945,6.289999961853027,6.289999961853027,9158,0.0,0.0
2024-07-29 10:44:00-04:00,6.295000076293945,6.300000190734863,6.291399955749512,6.300000190734863,3529,0.0,0.0
2024-07-29 10:45:00-04:00,6.295000076293945,6.300000190734863,6.289999961853027,6.295000076293945,4340,0.0,0.0
2024-07-29 10:46:00-04:00,6.299900054931641,6.309999942779541,6.295000076293945,6.309899806976318,16589,0.0,0.0
2024-07-29 10:47:00-04:00,6.3094000816345215,6.309999942779541,6.300000190734863,6.304999828338623,7708,0.0,0.0
2024-07-29 10:48:00-04:00,6.304999828338623,6.308800220489502,6.300000190734863,6.304999828338623,2548,0.0,0.0
2024-07-29 10:49:00-04:00,6.304999828338623,6.309999942779541,6.300000190734863,6.304999828338623,40844,0.0,0.0
2024-07-29 10:50:00-04:00,6.304999828338623,6.309999942779541,6.300000190734863,6.309999942779541,8680,0.0,0.0
2024-07-29 10:51:00-04:00,6.304999828338623,6.320000171661377,6.304999828338623,6.315000057220459,28656,0.0,0.0
2024-07-29 10:52:00-04:00,6.320000171661377,6.329999923706055,6.309999942779541,6.309999942779541,13449,0.0,0.0
2024-07-29 10:53:00-04:00,6.304999828338623,6.309999942779541,6.28000020980835,6.284999847412109,15661,0.0,0.0
2024-07-29 10:54:00-04:00,6.288000106811523,6.289999961853027,6.28000020980835,6.28000020980835,15392,0.0,0.0
2024-07-29 10:55:00-04:00,6.284999847412109,6.284999847412109,6.28000020980835,6.28000020980835,1620,0.0,0.0
2024-07-29 10:56:00-04:00,6.28000020980835,6.295000076293945,6.28000020980835,6.295000076293945,8972,0.0,0.0
2024-07-29 10:57:00-04:00,6.295000076293945,6.300000190734863,6.295000076293945,6.299900054931641,1369,0.0,0.0
2024-07-29 10:58:00-04:00,6.300000190734863,6.304999828338623,6.300000190734863,6.300000190734863,6288,0.0,0.0
2024-07-29 10:59:00-04:00,6.304999828338623,6.309999942779541,6.300000190734863,6.304999828338623,12532,0.0,0.0
2024-07-29 11:00:00-04:00,6.300000190734863,6.309999942779541,6.289999961853027,6.290200233459473,38194,0.0,0.0
2024-07-29 11:01:00-04:00,6.289999961853027,6.300000190734863,6.289999961853027,6.300000190734863,23414,0.0,0.0
2024-07-29 11:02:00-04:00,6.304999828338623,6.309999942779541,6.300000190734863,6.309999942779541,12937,0.0,0.0
2024-07-29 11:03:00-04:00,6.300000190734863,6.309899806976318,6.300000190734863,6.309800148010254,4273,0.0,0.0
2024-07-29 11:04:00-04:00,6.309999942779541,6.309999942779541,6.300000190734863,6.305500030517578,2055,0.0,0.0
2024-07-29 11:05:00-04:00,6.304999828338623,6.304999828338623,6.300000190734863,6.304999828338623,15782,0.0,0.0
2024-07-29 11:06:00-04:00,6.304999828338623,6.304999828338623,6.302499771118164,6.304999828338623,3487,0.0,0.0
2024-07-29 11:07:00-04:00,6.304999828338623,6.304999828338623,6.304999828338623,6.304999828338623,1054,0.0,0.0
2024-07-29 11:08:00-04:00,6.304999828338623,6.309999942779541,6.300000190734863,6.300000190734863,15996,0.0,0.0
2024-07-29 11:09:00-04:00,6.300000190734863,6.309999942779541,6.300000190734863,6.300000190734863,11882,0.0,0.0
2024-07-29 11:10:00-04:00,6.295000076293945,6.299900054931641,6.295000076293945,6.295000076293945,2961,0.0,0.0
2024-07-29 11:11:00-04:00,6.295000076293945,6.304999828338623,6.29010009765625,6.304999828338623,10008,0.0,0.0
2024-07-29 11:12:00-04:00,6.305600166320801,6.305600166320801,6.28000020980835,6.284999847412109,12027,0.0,0.0
2024-07-29 11:13:00-04:00,6.28000020980835,6.28000020980835,6.260000228881836,6.260000228881836,13154,0.0,0.0
2024-07-29 11:14:00-04:00,6.269999980926514,6.284999847412109,6.269999980926514,6.284999847412109,7074,0.0,0.0
2024-07-29 11:15:00-04:00,6.28000020980835,6.284999847412109,6.269999980926514,6.275000095367432,5038,0.0,0.0
2024-07-29 11:16:00-04:00,6.269999980926514,6.275000095367432,6.269999980926514,6.275000095367432,513,0.0,0.0
2024-07-29 11:17:00-04:00,6.269999980926514,6.275000095367432,6.260000228881836,6.275000095367432,5633,0.0,0.0
2024-07-29 11:18:00-04:00,6.269999980926514,6.269999980926514,6.25,6.25,5462,0.0,0.0
2024-07-29 11:19:00-04:00,6.255000114440918,6.260000228881836,6.251999855041504,6.255000114440918,4485,0.0,0.0
2024-07-29 11:20:00-04:00,6.255000114440918,6.28000020980835,6.255000114440918,6.275000095367432,7147,0.0,0.0
2024-07-29 11:21:00-04:00,6.275000095367432,6.275000095367432,6.260900020599365,6.269999980926514,15242,0.0,0.0
2024-07-29 11:22:00-04:00,6.270299911499023,6.270299911499023,6.269999980926514,6.269999980926514,1928,0.0,0.0
2024-07-29 11:23:00-04:00,6.260000228881836,6.264999866485596,6.260000228881836,6.264999866485596,1472,0.0,0.0
2024-07-29 11:24:00-04:00,6.264999866485596,6.275000095367432,6.264999866485596,6.275000095367432,3983,0.0,0.0
2024-07-29 11:25:00-04:00,6.275000095367432,6.284200191497803,6.275000095367432,6.284200191497803,7987,0.0,0.0
2024-07-29 11:26:00-04:00,6.28000020980835,6.284999847412109,6.28000020980835,6.284999847412109,1812,0.0,0.0
2024-07-29 11:27:00-04:00,6.289899826049805,6.289999961853027,6.28000020980835,6.28879976272583,8625,0.0,0.0
2024-07-29 11:28:00-04:00,6.289999961853027,6.289999961853027,6.284999847412109,6.284999847412109,1037,0.0,0.0
2024-07-29 11:29:00-04:00,6.28000020980835,6.284999847412109,6.275000095367432,6.28000020980835,9213,0.0,0.0
2024-07-29 11:30:00-04:00,6.282400131225586,6.282400131225586,6.264999866485596,6.264999866485596,4056,0.0,0.0
2024-07-29 11:31:00-04:00,6.264999866485596,6.264999866485596,6.264999866485596,6.264999866485596,642,0.0,0.0
2024-07-29 11:32:00-04:00,6.260000228881836,6.260000228881836,6.260000228881836,6.260000228881836,4449,0.0,0.0
2024-07-29 11:33:00-04:00,6.264999866485596,6.269999980926514,6.264999866485596,6.264999866485596,3602,0.0,0.0
2024-07-29 11:34:00-04:00,6.269999980926514,6.269999980926514,6.253699779510498,6.259699821472168,47420,0.0,0.0
2024-07-29 11:35:00-04:00,6.260000228881836,6.264999866485596,6.25,6.255000114440918,30622,0.0,0.0
2024-07-29 11:36:00-04:00,6.2530999183654785,6.265100002288818,6.2530999183654785,6.260000228881836,12896,0.0,0.0
2024-07-29 11:37:00-04:00,6.260000228881836,6.275000095367432,6.260000228881836,6.269999980926514,6155,0.0,0.0
2024-07-29 11:38:00-04:00,6.275000095367432,6.295000076293945,6.275000095367432,6.289999961853027,12960,0.0,0.0
2024-07-29 11:39:00-04:00,6.284999847412109,6.295000076293945,6.284999847412109,6.289999961853027,4881,0.0,0.0
2024-07-29 11:40:00-04:00,6.289999961853027,6.295000076293945,6.289999961853027,6.295000076293945,3849,0.0,0.0
2024-07-29 11:41:00-04:00,6.295000076293945,6.309999942779541,6.289999961853027,6.304999828338623,7576,0.0,0.0
2024-07-29 11:42:00-04:00,6.309999942779541,6.309999942779541,6.309999942779541,6.309999942779541,740,0.0,0.0
2024-07-29 11:43:00-04:00,6.309999942779541,6.315000057220459,6.300000190734863,6.300000190734863,5707,0.0,0.0
2024-07-29 11:44:00-04:00,6.300000190734863,6.304999828338623,6.300000190734863,6.304999828338623,2948,0.0,0.0
2024-07-29 11:45:00-04:00,6.304999828338623,6.309999942779541,6.295000076293945,6.295000076293945,33184,0.0,0.0
2024-07-29 11:46:00-04:00,6.300000190734863,6.309999942779541,6.300000190734863,6.304999828338623,9831,0.0,0.0
2024-07-29 11:47:00-04:00,6.304999828338623,6.309899806976318,6.304999828338623,6.309899806976318,11086,0.0,0.0
2024-07-29 11:48:00-04:00,6.309999942779541,6.309999942779541,6.309999942779541,6.309999942779541,1887,0.0,0.0
2024-07-29 11:49:00-04:00,6.315000057220459,6.320000171661377,6.315000057220459,6.320000171661377,10441,0.0,0.0
2024-07-29 11:50:00-04:00,6.320000171661377,6.324999809265137,6.315000057220459,6.315000057220459,4798,0.0,0.0
2024-07-29 11:51:00-04:00,6.320000171661377,6.320000171661377,6.315000057220459,6.317999839782715,3506,0.0,0.0
2024-07-29 11:52:00-04:00,6.315000057220459,6.320000171661377,6.300000190734863,6.304999828338623,15605,0.0,0.0
2024-07-29 11:53:00-04:00,6.304999828338623,6.304999828338623,6.300000190734863,6.300000190734863,2880,0.0,0.0
2024-07-29 11:54:00-04:00,6.300000190734863,6.300000190734863,6.28000020980835,6.28000020980835,6881,0.0,0.0
2024-07-29 11:55:00-04:00,6.28000020980835,6.289999961853027,6.269999980926514,6.275000095367432,9988,0.0,0.0
2024-07-29 11:56:00-04:00,6.269999980926514,6.275000095367432,6.264999866485596,6.264999866485596,6903,0.0,0.0
2024-07-29 11:57:00-04:00,6.264999866485596,6.264999866485596,6.264999866485596,6.264999866485596,3821,0.0,0.0
2024-07-29 11:58:00-04:00,6.269999980926514,6.269999980926514,6.264999866485596,6.264999866485596,1055,0.0,0.0
2024-07-29 11:59:00-04:00,6.264999866485596,6.267300128936768,6.260000228881836,6.266600131988525,6362,0.0,0.0
2024-07-29 12:00:00-04:00,6.264999866485596,6.264999866485596,6.260000228881836,6.260000228881836,2861,0.0,0.0
2024-07-29 12:01:00-04:00,6.264999866485596,6.264999866485596,6.264999866485596,6.264999866485596,529,0.0,0.0
2024-07-29 12:02:00-04:00,6.264999866485596,6.269999980926514,6.264999866485596,6.269999980926514,516,0.0,0.0
2024-07-29 12:03:00-04:00,6.269999980926514,6.284999847412109,6.269999980926514,6.279900074005127,11830,0.0,0.0
2024-07-29 12:04:00-04:00,6.275000095367432,6.28000020980835,6.275000095367432,6.28000020980835,1963,0.0,0.0
2024-07-29 12:05:00-04:00,6.279900074005127,6.284999847412109,6.279399871826172,6.281400203704834,6330,0.0,0.0
2024-07-29 12:06:00-04:00,6.284999847412109,6.295000076293945,6.284999847412109,6.284999847412109,7926,0.0,0.0
2024-07-29 12:07:00-04:00,6.284999847412109,6.289999961853027,6.284999847412109,6.289999961853027,1285,0.0,0.0
2024-07-29 12:08:00-04:00,6.289999961853027,6.295000076293945,6.289999961853027,6.295000076293945,2971,0.0,0.0
2024-07-29 12:09:00-04:00,6.295000076293945,6.295000076293945,6.289999961853027,6.295000076293945,2589,0.0,0.0
2024-07-29 12:10:00-04:00,6.289999961853027,6.295000076293945,6.284999847412109,6.289999961853027,5038,0.0,0.0
2024-07-29 12:11:00-04:00,6.289999961853027,6.289999961853027,6.289999961853027,6.289999961853027,332,0.0,0.0
2024-07-29 12:12:00-04:00,6.295000076293945,6.295000076293945,6.295000076293945,6.295000076293945,2098,0.0,0.0
2024-07-29 12:13:00-04:00,6.289999961853027,6.298399925231934,6.289999961853027,6.289999961853027,7717,0.0,0.0
2024-07-29 12:14:00-04:00,6.2916998863220215,6.2916998863220215,6.28000020980835,6.289999961853027,8069,0.0,0.0
2024-07-29 12:15:00-04:00,6.289999961853027,6.289999961853027,6.2829999923706055,6.284999847412109,2755,0.0,0.0
2024-07-29 12:16:00-04:00,6.284999847412109,6.295000076293945,6.28000020980835,6.28000020980835,5958,0.0,0.0
2024-07-29 12:17:00-04:00,6.284999847412109,6.289999961853027,6.284999847412109,6.289599895477295,1281,0.0,0.0
2024-07-29 12:18:00-04:00,6.281000137329102,6.284999847412109,6.28000020980835,6.284999847412109,1772,0.0,0.0
2024-07-29 12:19:00-04:00,6.284999847412109,6.289999961853027,6.284999847412109,6.289999961853027,876,0.0,0.0
2024-07-29 12:20:00-04:00,6.284999847412109,6.289999961853027,6.275000095367432,6.28000020980835,5878,0.0,0.0
2024-07-29 12:21:00-04:00,6.28000020980835,6.28000020980835,6.275000095367432,6.275000095367432,3604,0.0,0.0
2024-07-29 12:22:00-04:00,6.275000095367432,6.279900074005127,6.275000095367432,6.275000095367432,4440,0.0,0.0
2024-07-29 12:23:00-04:00,6.28000020980835,6.28000020980835,6.269999980926514,6.275000095367432,1576,0.0,0.0
2024-07-29 12:24:00-04:00,6.275000095367432,6.28000020980835,6.275000095367432,6.275000095367432,810,0.0,0.0
2024-07-29 12:25:00-04:00,6.269999980926514,6.271200180053711,6.260000228881836,6.260000228881836,12183,0.0,0.0
2024-07-29 12:26:00-04:00,6.260000228881836,6.269999980926514,6.260000228881836,6.260000228881836,2917,0.0,0.0
2024-07-29 12:27:00-04:00,6.260000228881836,6.269999980926514,6.260000228881836,6.264999866485596,1976,0.0,0.0
2024-07-29 12:28:00-04:00,6.264999866485596,6.264999866485596,6.260000228881836,6.264999866485596,4141,0.0,0.0
2024-07-29 12:29:00-04:00,6.260000228881836,6.269999980926514,6.260000228881836,6.269999980926514,4676,0.0,0.0
2024-07-29 12:30:00-04:00,6.264999866485596,6.264999866485596,6.260000228881836,6.264999866485596,1959,0.0,0.0
2024-07-29 12:31:00-04:00,6.269999980926514,6.275000095367432,6.269999980926514,6.269999980926514,3215,0.0,0.0
2024-07-29 12:32:00-04:00,6.269999980926514,6.269999980926514,6.260000228881836,6.264999866485596,9430,0.0,0.0
2024-07-29 12:33:00-04:00,6.269899845123291,6.269999980926514,6.260000228881836,6.260000228881836,1316,0.0,0.0
2024-07-29 12:34:00-04:00,6.269899845123291,6.269899845123291,6.260000228881836,6.260000228881836,3343,0.0,0.0
2024-07-29 12:36:00-04:00,6.260000228881836,6.260000228881836,6.255000114440918,6.260000228881836,5499,0.0,0.0
2024-07-29 12:37:00-04:00,6.264800071716309,6.269999980926514,6.264800071716309,6.269999980926514,1989,0.0,0.0
2024-07-29 12:38:00-04:00,6.260000228881836,6.263800144195557,6.260000228881836,6.263800144195557,1863,0.0,0.0
2024-07-29 12:39:00-04:00,6.260000228881836,6.264999866485596,6.260000228881836,6.264999866485596,1066,0.0,0.0
2024-07-29 12:40:00-04:00,6.264999866485596,6.269800186157227,6.255000114440918,6.255000114440918,15379,0.0,0.0
2024-07-29 12:41:00-04:00,6.255000114440918,6.260000228881836,6.255000114440918,6.260000228881836,629,0.0,0.0
2024-07-29 12:42:00-04:00,6.260000228881836,6.260000228881836,6.255000114440918,6.259699821472168,3599,0.0,0.0
2024-07-29 12:43:00-04:00,6.260000228881836,6.260000228881836,6.25,6.25,3934,0.0,0.0
2024-07-29 12:44:00-04:00,6.255000114440918,6.255000114440918,6.239999771118164,6.239999771118164,26536,0.0,0.0
2024-07-29 12:45:00-04:00,6.25,6.25,6.244999885559082,6.244999885559082,494,0.0,0.0
2024-07-29 12:46:00-04:00,6.244999885559082,6.25,6.244999885559082,6.25,2606,0.0,0.0
2024-07-29 12:47:00-04:00,6.25,6.255000114440918,6.244999885559082,6.25,11874,0.0,0.0
2024-07-29 12:48:00-04:00,6.255000114440918,6.255000114440918,6.244999885559082,6.244999885559082,4977,0.0,0.0
2024-07-29 12:49:00-04:00,6.244999885559082,6.244999885559082,6.241000175476074,6.241000175476074,1019,0.0,0.0
2024-07-29 12:50:00-04:00,6.239999771118164,6.239999771118164,6.239999771118164,6.239999771118164,482,0.0,0.0
2024-07-29 12:51:00-04:00,6.239999771118164,6.239999771118164,6.215000152587891,6.215000152587891,19859,0.0,0.0
2024-07-29 12:52:00-04:00,6.21999979019165,6.21999979019165,6.210000038146973,6.2104997634887695,9358,0.0,0.0
2024-07-29 12:53:00-04:00,6.210000038146973,6.210100173950195,6.210000038146973,6.210100173950195,1163,0.0,0.0
2024-07-29 12:54:00-04:00,6.218299865722656,6.224999904632568,6.218299865722656,6.224999904632568,7310,0.0,0.0
2024-07-29 12:55:00-04:00,6.228700160980225,6.230000019073486,6.21999979019165,6.224999904632568,5889,0.0,0.0
2024-07-29 12:56:00-04:00,6.224999904632568,6.230000019073486,6.224999904632568,6.230000019073486,1466,0.0,0.0
2024-07-29 12:57:00-04:00,6.224999904632568,6.224999904632568,6.224999904632568,6.224999904632568,614,0.0,0.0
2024-07-29 12:58:00-04:00,6.230000019073486,6.230000019073486,6.229899883270264,6.230000019073486,3198,0.0,0.0
2024-07-29 12:59:00-04:00,6.227499961853027,6.227499961853027,6.21999979019165,6.224999904632568,7199,0.0,0.0
2024-07-29 13:00:00-04:00,6.21999979019165,6.228799819946289,6.21999979019165,6.224999904632568,1675,0.0,0.0
2024-07-29 13:01:00-04:00,6.21999979019165,6.21999979019165,6.210000038146973,6.210000038146973,3756,0.0,0.0
2024-07-29 13:02:00-04:00,6.215000152587891,6.21999979019165,6.210000038146973,6.215000152587891,2787,0.0,0.0
2024-07-29 13:03:00-04:00,6.210000038146973,6.215000152587891,6.210000038146973,6.210000038146973,2005,0.0,0.0
2024-07-29 13:04:00-04:00,6.210000038146973,6.21999979019165,6.210000038146973,6.210000038146973,1297,0.0,0.0
2024-07-29 13:05:00-04:00,6.214300155639648,6.215000152587891,6.210000038146973,6.210000038146973,3859,0.0,0.0
2024-07-29 13:06:00-04:00,6.210000038146973,6.215000152587891,6.210000038146973,6.210000038146973,2050,0.0,0.0
2024-07-29 13:07:00-04:00,6.210000038146973,6.210000038146973,6.210000038146973,6.210000038146973,655,0.0,0.0
2024-07-29 13:08:00-04:00,6.210000038146973,6.21999979019165,6.210000038146973,6.210000038146973,1334,0.0,0.0
2024-07-29 13:09:00-04:00,6.215000152587891,6.215000152587891,6.215000152587891,6.215000152587891,795,0.0,0.0
2024-07-29 13:10:00-04:00,6.210000038146973,6.215000152587891,6.210000038146973,6.215000152587891,1088,0.0,0.0
2024-07-29 13:11:00-04:00,6.210000038146973,6.21999979019165,6.210000038146973,6.210000038146973,691,0.0,0.0
2024-07-29 13:12:00-04:00,6.21999979019165,6.21999979019165,6.210000038146973,6.210100173950195,2051,0.0,0.0
2024-07-29 13:13:00-04:00,6.215000152587891,6.21999979019165,6.210100173950195,6.215000152587891,2017,0.0,0.0
2024-07-29 13:14:00-04:00,6.215000152587891,6.218800067901611,6.210000038146973,6.218800067901611,3716,0.0,0.0
2024-07-29 13:15:00-04:00,6.21999979019165,6.21999979019165,6.204999923706055,6.204999923706055,10304,0.0,0.0
2024-07-29 13:16:00-04:00,6.204999923706055,6.205399990081787,6.190000057220459,6.196100234985352,53146,0.0,0.0
2024-07-29 13:17:00-04:00,6.195000171661377,6.199999809265137,6.190000057220459,6.197000026702881,2163,0.0,0.0
2024-07-29 13:18:00-04:00,6.195000171661377,6.204999923706055,6.190000057220459,6.204999923706055,6523,0.0,0.0
2024-07-29 13:19:00-04:00,6.204999923706055,6.20989990234375,6.199999809265137,6.203999996185303,5556,0.0,0.0
2024-07-29 13:20:00-04:00,6.199999809265137,6.199999809265137,6.190100193023682,6.190100193023682,2705,0.0,0.0
2024-07-29 13:21:00-04:00,6.193999767303467,6.195000171661377,6.180099964141846,6.180099964141846,5865,0.0,0.0
2024-07-29 13:22:00-04:00,6.180099964141846,6.184999942779541,6.179999828338623,6.184999942779541,4104,0.0,0.0
2024-07-29 13:23:00-04:00,6.184999942779541,6.190000057220459,6.184999942779541,6.190000057220459,669,0.0,0.0
2024-07-29 13:24:00-04:00,6.184999942779541,6.190000057220459,6.184100151062012,6.184999942779541,2306,0.0,0.0
2024-07-29 13:25:00-04:00,6.184999942779541,6.184999942779541,6.179999828338623,6.179999828338623,2847,0.0,0.0
2024-07-29 13:26:00-04:00,6.184999942779541,6.189899921417236,6.179999828338623,6.184999942779541,2538,0.0,0.0
2024-07-29 13:27:00-04:00,6.179999828338623,6.190000057220459,6.179999828338623,6.184999942779541,2032,0.0,0.0
2024-07-29 13:28:00-04:00,6.179999828338623,6.184999942779541,6.179999828338623,6.179999828338623,2383,0.0,0.0
2024-07-29 13:29:00-04:00,6.184999942779541,6.184999942779541,6.171800136566162,6.173999786376953,6064,0.0,0.0
2024-07-29 13:30:00-04:00,6.170300006866455,6.175000190734863,6.170000076293945,6.170000076293945,4703,0.0,0.0
2024-07-29 13:31:00-04:00,6.175000190734863,6.179999828338623,6.170000076293945,6.170000076293945,6712,0.0,0.0
2024-07-29 13:32:00-04:00,6.170100212097168,6.184999942779541,6.170000076293945,6.184999942779541,8323,0.0,0.0
2024-07-29 13:34:00-04:00,6.184999942779541,6.184999942779541,6.184999942779541,6.184999942779541,2542,0.0,0.0
2024-07-29 13:35:00-04:00,6.184999942779541,6.190000057220459,6.180099964141846,6.184999942779541,21748,0.0,0.0
2024-07-29 13:36:00-04:00,6.190000057220459,6.190000057220459,6.180500030517578,6.184999942779541,2015,0.0,0.0
2024-07-29 13:37:00-04:00,6.189899921417236,6.189899921417236,6.179999828338623,6.184999942779541,2198,0.0,0.0
2024-07-29 13:38:00-04:00,6.189899921417236,6.189899921417236,6.184999942779541,6.189899921417236,879,0.0,0.0
2024-07-29 13:39:00-04:00,6.189899921417236,6.199999809265137,6.189899921417236,6.195000171661377,6593,0.0,0.0
2024-07-29 13:40:00-04:00,6.195000171661377,6.199999809265137,6.190000057220459,6.193999767303467,8425,0.0,0.0
2024-07-29 13:41:00-04:00,6.195000171661377,6.195000171661377,6.190000057220459,6.190000057220459,430,0.0,0.0
2024-07-29 13:42:00-04:00,6.199999809265137,6.199999809265137,6.190000057220459,6.195000171661377,9992,0.0,0.0
2024-07-29 13:43:00-04:00,6.195000171661377,6.195000171661377,6.190000057220459,6.190000057220459,1359,0.0,0.0
2024-07-29 13:44:00-04:00,6.195000171661377,6.195000171661377,6.190000057220459,6.190000057220459,9285,0.0,0.0
2024-07-29 13:45:00-04:00,6.190000057220459,6.195000171661377,6.190000057220459,6.195000171661377,2430,0.0,0.0
2024-07-29 13:46:00-04:00,6.190000057220459,6.195000171661377,6.190000057220459,6.195000171661377,1017,0.0,0.0
2024-07-29 13:47:00-04:00,6.191999912261963,6.195000171661377,6.170000076293945,6.176000118255615,17485,0.0,0.0
2024-07-29 13:48:00-04:00,6.175000190734863,6.179999828338623,6.170000076293945,6.175000190734863,4795,0.0,0.0
2024-07-29 13:49:00-04:00,6.175000190734863,6.175000190734863,6.175000190734863,6.175000190734863,253,0.0,0.0
2024-07-29 13:50:00-04:00,6.175000190734863,6.179999828338623,6.173999786376953,6.179999828338623,2994,0.0,0.0
2024-07-29 13:51:00-04:00,6.175600051879883,6.175600051879883,6.175000190734863,6.175000190734863,474,0.0,0.0
2024-07-29 13:52:00-04:00,6.170000076293945,6.184999942779541,6.170000076293945,6.184999942779541,8900,0.0,0.0
2024-07-29 13:53:00-04:00,6.184999942779541,6.190000057220459,6.179999828338623,6.184999942779541,4793,0.0,0.0
2024-07-29 13:54:00-04:00,6.184999942779541,6.189899921417236,6.179999828338623,6.184999942779541,5189,0.0,0.0
2024-07-29 13:55:00-04:00,6.179999828338623,6.184999942779541,6.179999828338623,6.184999942779541,1619,0.0,0.0
2024-07-29 13:56:00-04:00,6.190000057220459,6.190000057220459,6.184999942779541,6.190000057220459,1715,0.0,0.0
2024-07-29 13:57:00-04:00,6.190000057220459,6.195000171661377,6.190000057220459,6.195000171661377,2600,0.0,0.0
2024-07-29 13:58:00-04:00,6.190000057220459,6.195000171661377,6.190000057220459,6.195000171661377,532,0.0,0.0
2024-07-29 13:59:00-04:00,6.194300174713135,6.195000171661377,6.190000057220459,6.190000057220459,1496,0.0,0.0
2024-07-29 14:00:00-04:00,6.195000171661377,6.195000171661377,6.190000057220459,6.190000057220459,3875,0.0,0.0
2024-07-29 14:01:00-04:00,6.190000057220459,6.190000057220459,6.190000057220459,6.190000057220459,453,0.0,0.0
2024-07-29 14:02:00-04:00,6.180099964141846,6.189899921417236,6.180099964141846,6.184999942779541,887,0.0,0.0
2024-07-29 14:03:00-04:00,6.190000057220459,6.190000057220459,6.190000057220459,6.190000057220459,653,0.0,0.0
2024-07-29 14:06:00-04:00,6.216100215911865,6.219900131225586,6.213699817657471,6.215000152587891,30405,0.0,0.0
2024-07-29 14:07:00-04:00,6.21999979019165,6.21999979019165,6.212500095367432,6.214099884033203,1581,0.0,0.0
2024-07-29 14:08:00-04:00,6.210000038146973,6.21999979019165,6.210000038146973,6.215000152587891,5524,0.0,0.0
2024-07-29 14:09:00-04:00,6.216000080108643,6.216000080108643,6.215000152587891,6.215000152587891,699,0.0,0.0
2024-07-29 14:10:00-04:00,6.21999979019165,6.21999979019165,6.21999979019165,6.21999979019165,1394,0.0,0.0
2024-07-29 14:11:00-04:00,6.21999979019165,6.230000019073486,6.21999979019165,6.21999979019165,4246,0.0,0.0
2024-07-29 14:12:00-04:00,6.224999904632568,6.224999904632568,6.224999904632568,6.224999904632568,368,0.0,0.0
2024-07-29 14:13:00-04:00,6.224999904632568,6.230000019073486,6.21999979019165,6.224999904632568,1363,0.0,0.0
2024-07-29 14:14:00-04:00,6.224999904632568,6.230000019073486,6.224999904632568,6.230000019073486,2963,0.0,0.0
2024-07-29 14:15:00-04:00,6.22599983215332,6.230000019073486,6.21999979019165,6.21999979019165,5472,0.0,0.0
2024-07-29 14:16:00-04:00,6.21999979019165,6.21999979019165,6.21999979019165,6.21999979019165,5287,0.0,0.0
2024-07-29 14:17:00-04:00,6.224999904632568,6.224999904632568,6.224999904632568,6.224999904632568,1909,0.0,0.0
2024-07-29 14:18:00-04:00,6.224100112915039,6.224999904632568,6.21999979019165,6.21999979019165,643,0.0,0.0
2024-07-29 14:19:00-04:00,6.230000019073486,6.230000019073486,6.223599910736084,6.230000019073486,4717,0.0,0.0
2024-07-29 14:20:00-04:00,6.224999904632568,6.224999904632568,6.21999979019165,6.224999904632568,5818,0.0,0.0
2024-07-29 14:21:00-04:00,6.224999904632568,6.224999904632568,6.215000152587891,6.215000152587891,9349,0.0,0.0
2024-07-29 14:22:00-04:00,6.210000038146973,6.215199947357178,6.210000038146973,6.2144999504089355,4247,0.0,0.0
2024-07-29 14:23:00-04:00,6.215000152587891,6.215000152587891,6.210000038146973,6.215000152587891,1312,0.0,0.0
2024-07-29 14:24:00-04:00,6.215000152587891,6.215000152587891,6.210000038146973,6.215000152587891,3304,0.0,0.0
2024-07-29 14:25:00-04:00,6.210000038146973,6.21999979019165,6.210000038146973,6.215000152587891,1413,0.0,0.0
2024-07-29 14:26:00-04:00,6.215000152587891,6.215000152587891,6.215000152587891,6.215000152587891,7240,0.0,0.0
2024-07-29 14:27:00-04:00,6.215000152587891,6.215000152587891,6.210000038146973,6.211299896240234,2813,0.0,0.0
2024-07-29 14:28:00-04:00,6.215000152587891,6.215000152587891,6.215000152587891,6.215000152587891,1417,0.0,0.0
2024-07-29 14:29:00-04:00,6.215000152587891,6.215000152587891,6.210000038146973,6.210000038146973,1644,0.0,0.0
2024-07-29 14:30:00-04:00,6.215000152587891,6.215000152587891,6.210000038146973,6.215000152587891,7202,0.0,0.0
2024-07-29 14:31:00-04:00,6.215000152587891,6.215000152587891,6.199999809265137,6.210000038146973,7788,0.0,0.0
2024-07-29 14:33:00-04:00,6.204999923706055,6.210000038146973,6.203800201416016,6.204999923706055,3545,0.0,0.0
2024-07-29 14:34:00-04:00,6.199999809265137,6.210000038146973,6.199999809265137,6.204999923706055,10048,0.0,0.0
2024-07-29 14:35:00-04:00,6.203800201416016,6.204999923706055,6.199999809265137,6.204999923706055,11511,0.0,0.0
2024-07-29 14:36:00-04:00,6.204999923706055,6.204999923706055,6.190000057220459,6.190000057220459,9585,0.0,0.0
2024-07-29 14:37:00-04:00,6.195000171661377,6.195000171661377,6.190000057220459,6.195000171661377,659,0.0,0.0
2024-07-29 14:38:00-04:00,6.195000171661377,6.199999809265137,6.190000057220459,6.199999809265137,7368,0.0,0.0
2024-07-29 14:39:00-04:00,6.190000057220459,6.199999809265137,6.190000057220459,6.195000171661377,2417,0.0,0.0
2024-07-29 14:40:00-04:00,6.196800231933594,6.210000038146973,6.193999767303467,6.204999923706055,20501,0.0,0.0
2024-07-29 14:41:00-04:00,6.204999923706055,6.210000038146973,6.204999923706055,6.210000038146973,431,0.0,0.0
2024-07-29 14:42:00-04:00,6.204999923706055,6.204999923706055,6.199999809265137,6.199999809265137,2543,0.0,0.0
2024-07-29 14:43:00-04:00,6.204999923706055,6.204999923706055,6.199999809265137,6.199999809265137,687,0.0,0.0
2024-07-29 14:44:00-04:00,6.199999809265137,6.208000183105469,6.190100193023682,6.195000171661377,13094,0.0,0.0
2024-07-29 14:45:00-04:00,6.195000171661377,6.195000171661377,6.190000057220459,6.190000057220459,646,0.0,0.0
2024-07-29 14:46:00-04:00,6.195000171661377,6.195000171661377,6.190000057220459,6.190000057220459,2541,0.0,0.0
2024-07-29 14:47:00-04:00,6.190100193023682,6.195000171661377,6.190000057220459,6.190000057220459,8288,0.0,0.0
2024-07-29 14:48:00-04:00,6.179999828338623,6.184999942779541,6.179999828338623,6.184999942779541,1840,0.0,0.0
2024-07-29 14:49:00-04:00,6.184999942779541,6.184999942779541,6.184999942779541,6.184999942779541,455,0.0,0.0
2024-07-29 14:50:00-04:00,6.184999942779541,6.184999942779541,6.184999942779541,6.184999942779541,1972,0.0,0.0
2024-07-29 14:51:00-04:00,6.184999942779541,6.184999942779541,6.184999942779541,6.184999942779541,732,0.0,0.0
2024-07-29 14:52:00-04:00,6.179999828338623,6.190000057220459,6.179999828338623,6.184999942779541,2897,0.0,0.0
2024-07-29 14:53:00-04:00,6.180099964141846,6.185500144958496,6.179999828338623,6.184999942779541,1856,0.0,0.0
2024-07-29 14:54:00-04:00,6.179999828338623,6.184999942779541,6.179999828338623,6.184999942779541,1069,0.0,0.0
2024-07-29 14:55:00-04:00,6.184999942779541,6.184999942779541,6.184999942779541,6.184999942779541,805,0.0,0.0
2024-07-29 14:56:00-04:00,6.184999942779541,6.189899921417236,6.179999828338623,6.189899921417236,1595,0.0,0.0
2024-07-29 14:57:00-04:00,6.184999942779541,6.184999942779541,6.179999828338623,6.179999828338623,1378,0.0,0.0
2024-07-29 14:58:00-04:00,6.184999942779541,6.190000057220459,6.180099964141846,6.180099964141846,1165,0.0,0.0
2024-07-29 14:59:00-04:00,6.184999942779541,6.190000057220459,6.184999942779541,6.190000057220459,1701,0.0,0.0
2024-07-29 15:00:00-04:00,6.184999942779541,6.184999942779541,6.179999828338623,6.179999828338623,8120,0.0,0.0
2024-07-29 15:01:00-04:00,6.184999942779541,6.190000057220459,6.184999942779541,6.184999942779541,2353,0.0,0.0
2024-07-29 15:02:00-04:00,6.1834001541137695,6.199999809265137,6.1834001541137695,6.195000171661377,12780,0.0,0.0
2024-07-29 15:03:00-04:00,6.195000171661377,6.199999809265137,6.195000171661377,6.199999809265137,510,0.0,0.0
2024-07-29 15:04:00-04:00,6.190100193023682,6.195000171661377,6.190100193023682,6.195000171661377,1679,0.0,0.0
2024-07-29 15:05:00-04:00,6.195000171661377,6.209799766540527,6.195000171661377,6.209799766540527,26709,0.0,0.0
2024-07-29 15:06:00-04:00,6.204999923706055,6.204999923706055,6.199999809265137,6.199999809265137,14457,0.0,0.0
2024-07-29 15:07:00-04:00,6.200099945068359,6.204999923706055,6.200099945068359,6.204999923706055,1110,0.0,0.0
2024-07-29 15:08:00-04:00,6.206099987030029,6.206099987030029,6.195000171661377,6.195000171661377,7514,0.0,0.0
2024-07-29 15:09:00-04:00,6.195000171661377,6.198200225830078,6.195000171661377,6.198200225830078,1077,0.0,0.0
2024-07-29 15:10:00-04:00,6.199999809265137,6.199999809265137,6.190000057220459,6.195000171661377,572,0.0,0.0
2024-07-29 15:11:00-04:00,6.195000171661377,6.199999809265137,6.190000057220459,6.195000171661377,3551,0.0,0.0
2024-07-29 15:12:00-04:00,6.195000171661377,6.195000171661377,6.190000057220459,6.195000171661377,1647,0.0,0.0
2024-07-29 15:13:00-04:00,6.199900150299072,6.199900150299072,6.190000057220459,6.195000171661377,1921,0.0,0.0
2024-07-29 15:14:00-04:00,6.190000057220459,6.190000057220459,6.179999828338623,6.184999942779541,6042,0.0,0.0
2024-07-29 15:15:00-04:00,6.184999942779541,6.184999942779541,6.184999942779541,6.184999942779541,124,0.0,0.0
2024-07-29 15:16:00-04:00,6.184999942779541,6.184999942779541,6.179999828338623,6.179999828338623,1719,0.0,0.0
2024-07-29 15:17:00-04:00,6.179999828338623,6.184999942779541,6.179999828338623,6.184999942779541,1089,0.0,0.0
2024-07-29 15:18:00-04:00,6.184999942779541,6.184999942779541,6.179999828338623,6.180200099945068,1820,0.0,0.0
2024-07-29 15:19:00-04:00,6.184999942779541,6.184999942779541,6.182700157165527,6.184999942779541,1295,0.0,0.0
2024-07-29 15:20:00-04:00,6.184999942779541,6.184999942779541,6.179999828338623,6.180799961090088,5273,0.0,0.0
2024-07-29 15:21:00-04:00,6.184999942779541,6.190000057220459,6.179999828338623,6.184999942779541,19879,0.0,0.0
2024-07-29 15:22:00-04:00,6.184999942779541,6.184999942779541,6.179999828338623,6.184999942779541,22902,0.0,0.0
2024-07-29 15:23:00-04:00,6.184999942779541,6.190000057220459,6.179999828338623,6.184999942779541,5603,0.0,0.0
2024-07-29 15:24:00-04:00,6.179999828338623,6.185999870300293,6.179999828338623,6.184999942779541,7818,0.0,0.0
2024-07-29 15:25:00-04:00,6.184999942779541,6.185999870300293,6.179999828338623,6.184999942779541,6409,0.0,0.0
2024-07-29 15:26:00-04:00,6.184999942779541,6.199999809265137,6.179999828338623,6.195000171661377,38671,0.0,0.0
2024-07-29 15:27:00-04:00,6.195000171661377,6.199999809265137,6.190000057220459,6.190000057220459,40552,0.0,0.0
2024-07-29 15:28:00-04:00,6.195000171661377,6.216100215911865,6.190000057220459,6.215000152587891,50471,0.0,0.0
2024-07-29 15:29:00-04:00,6.215000152587891,6.21999979019165,6.210000038146973,6.210000038146973,7813,0.0,0.0
2024-07-29 15:30:00-04:00,6.210000038146973,6.215000152587891,6.210000038146973,6.215000152587891,4171,0.0,0.0
2024-07-29 15:31:00-04:00,6.215000152587891,6.21999979019165,6.210000038146973,6.215000152587891,12773,0.0,0.0
2024-07-29 15:32:00-04:00,6.215000152587891,6.235000133514404,6.215000152587891,6.224999904632568,23761,0.0,0.0
2024-07-29 15:33:00-04:00,6.224999904632568,6.230000019073486,6.224999904632568,6.22599983215332,12180,0.0,0.0
2024-07-29 15:34:00-04:00,6.230000019073486,6.239999771118164,6.230000019073486,6.234499931335449,7089,0.0,0.0
2024-07-29 15:35:00-04:00,6.235000133514404,6.236999988555908,6.230000019073486,6.230000019073486,4211,0.0,0.0
2024-07-29 15:36:00-04:00,6.230000019073486,6.239999771118164,6.230000019073486,6.235000133514404,25611,0.0,0.0
2024-07-29 15:37:00-04:00,6.235000133514404,6.235000133514404,6.230100154876709,6.230100154876709,2978,0.0,0.0
2024-07-29 15:38:00-04:00,6.230000019073486,6.235000133514404,6.230000019073486,6.235000133514404,4852,0.0,0.0
2024-07-29 15:39:00-04:00,6.235000133514404,6.239999771118164,6.235000133514404,6.235000133514404,5987,0.0,0.0
2024-07-29 15:40:00-04:00,6.235000133514404,6.235000133514404,6.230000019073486,6.230000019073486,3691,0.0,0.0
2024-07-29 15:41:00-04:00,6.235000133514404,6.235000133514404,6.230000019073486,6.235000133514404,5898,0.0,0.0
2024-07-29 15:42:00-04:00,6.235000133514404,6.235000133514404,6.230000019073486,6.230000019073486,3898,0.0,0.0
2024-07-29 15:43:00-04:00,6.230000019073486,6.239999771118164,6.230000019073486,6.235000133514404,84285,0.0,0.0
2024-07-29 15:44:00-04:00,6.235000133514404,6.235000133514404,6.235000133514404,6.235000133514404,2407,0.0,0.0
2024-07-29 15:45:00-04:00,6.235000133514404,6.235000133514404,6.21999979019165,6.224999904632568,41942,0.0,0.0
2024-07-29 15:46:00-04:00,6.224999904632568,6.224999904632568,6.21999979019165,6.21999979019165,3240,0.0,0.0
2024-07-29 15:47:00-04:00,6.224999904632568,6.224999904632568,6.21999979019165,6.21999979019165,5398,0.0,0.0
2024-07-29 15:48:00-04:00,6.224999904632568,6.230000019073486,6.21999979019165,6.224999904632568,129038,0.0,0.0
2024-07-29 15:49:00-04:00,6.224999904632568,6.224999904632568,6.21999979019165,6.224999904632568,17163,0.0,0.0
2024-07-29 15:50:00-04:00,6.224999904632568,6.239999771118164,6.223100185394287,6.235000133514404,152793,0.0,0.0
2024-07-29 15:51:00-04:00,6.235000133514404,6.239999771118164,6.232500076293945,6.235000133514404,12240,0.0,0.0
2024-07-29 15:52:00-04:00,6.235000133514404,6.235000133514404,6.235000133514404,6.235000133514404,10715,0.0,0.0
2024-07-29 15:53:00-04:00,6.235000133514404,6.239999771118164,6.230000019073486,6.230000019073486,9800,0.0,0.0
2024-07-29 15:54:00-04:00,6.235000133514404,6.235000133514404,6.230000019073486,6.235000133514404,14463,0.0,0.0
2024-07-29 15:55:00-04:00,6.235000133514404,6.235000133514404,6.21999979019165,6.224999904632568,94648,0.0,0.0
2024-07-29 15:56:00-04:00,6.21999979019165,6.225100040435791,6.21999979019165,6.224999904632568,25223,0.0,0.0
2024-07-29 15:57:00-04:00,6.224999904632568,6.229899883270264,6.210000038146973,6.210000038146973,68478,0.0,0.0
2024-07-29 15:58:00-04:00,6.210000038146973,6.215000152587891,6.210000038146973,6.215000152587891,23602,0.0,0.0
2024-07-29 15:59:00-04:00,6.210000038146973,6.21999979019165,6.210000038146973,6.214000225067139,94180,0.0,0.0
2024-07-30 09:30:00-04:00,6.230000019073486,6.264999866485596,6.21999979019165,6.248799800872803,195112,0.0,0.0
2024-07-30 09:31:00-04:00,6.244999885559082,6.244999885559082,6.2058000564575195,6.215000152587891,23517,0.0,0.0
2024-07-30 09:32:00-04:00,6.21999979019165,6.235000133514404,6.21999979019165,6.21999979019165,20129,0.0,0.0
2024-07-30 09:33:00-04:00,6.21999979019165,6.250100135803223,6.21999979019165,6.239999771118164,28158,0.0,0.0
2024-07-30 09:34:00-04:00,6.249100208282471,6.25,6.224999904632568,6.239999771118164,5378,0.0,0.0
2024-07-30 09:35:00-04:00,6.21999979019165,6.230000019073486,6.210000038146973,6.21999979019165,5711,0.0,0.0
2024-07-30 09:36:00-04:00,6.214000225067139,6.21999979019165,6.190000057220459,6.21999979019165,13388,0.0,0.0
2024-07-30 09:37:00-04:00,6.210100173950195,6.215000152587891,6.190199851989746,6.199999809265137,11019,0.0,0.0
2024-07-30 09:38:00-04:00,6.210000038146973,6.210000038146973,6.190100193023682,6.210000038146973,7834,0.0,0.0
2024-07-30 09:39:00-04:00,6.210000038146973,6.25,6.210000038146973,6.25,25621,0.0,0.0
2024-07-30 09:40:00-04:00,6.25,6.264999866485596,6.239999771118164,6.250100135803223,53592,0.0,0.0
2024-07-30 09:41:00-04:00,6.25,6.25,6.224400043487549,6.224999904632568,17966,0.0,0.0
2024-07-30 09:42:00-04:00,6.230000019073486,6.230000019073486,6.21999979019165,6.224999904632568,13160,0.0,0.0
2024-07-30 09:43:00-04:00,6.21999979019165,6.244999885559082,6.210000038146973,6.244999885559082,21987,0.0,0.0
2024-07-30 09:44:00-04:00,6.244999885559082,6.244999885559082,6.230000019073486,6.235000133514404,8826,0.0,0.0
2024-07-30 09:45:00-04:00,6.230000019073486,6.239999771118164,6.199999809265137,6.199999809265137,15192,0.0,0.0
2024-07-30 09:46:00-04:00,6.204999923706055,6.21999979019165,6.204999923706055,6.21999979019165,10613,0.0,0.0
2024-07-30 09:47:00-04:00,6.21999979019165,6.239999771118164,6.21999979019165,6.239999771118164,16568,0.0,0.0
2024-07-30 09:48:00-04:00,6.239999771118164,6.255000114440918,6.235000133514404,6.24970006942749,30536,0.0,0.0
2024-07-30 09:49:00-04:00,6.239999771118164,6.246300220489502,6.224999904632568,6.224999904632568,17494,0.0,0.0
2024-07-30 09:50:00-04:00,6.230000019073486,6.230000019073486,6.224999904632568,6.224999904632568,3784,0.0,0.0
2024-07-30 09:51:00-04:00,6.220200061798096,6.230000019073486,6.220200061798096,6.224999904632568,4813,0.0,0.0
2024-07-30 09:52:00-04:00,6.230000019073486,6.239999771118164,6.21999979019165,6.230000019073486,13542,0.0,0.0
2024-07-30 09:53:00-04:00,6.224999904632568,6.240099906921387,6.224999904632568,6.235000133514404,5166,0.0,0.0
2024-07-30 09:54:00-04:00,6.230000019073486,6.244999885559082,6.224999904632568,6.230000019073486,3297,0.0,0.0
2024-07-30 09:55:00-04:00,6.235000133514404,6.235000133514404,6.224999904632568,6.224999904632568,4470,0.0,0.0
2024-07-30 09:56:00-04:00,6.224999904632568,6.224999904632568,6.224800109863281,6.224800109863281,1171,0.0,0.0
2024-07-30 09:57:00-04:00,6.224999904632568,6.230299949645996,6.21999979019165,6.230000019073486,9915,0.0,0.0
2024-07-30 09:58:00-04:00,6.230000019073486,6.235000133514404,6.230000019073486,6.230000019073486,6487,0.0,0.0
2024-07-30 09:59:00-04:00,6.224999904632568,6.224999904632568,6.21999979019165,6.224999904632568,12007,0.0,0.0
2024-07-30 10:00:00-04:00,6.224999904632568,6.224999904632568,6.184999942779541,6.187300205230713,29483,0.0,0.0
2024-07-30 10:01:00-04:00,6.184999942779541,6.199999809265137,6.179999828338623,6.190000057220459,18698,0.0,0.0
2024-07-30 10:02:00-04:00,6.190000057220459,6.190000057220459,6.179999828338623,6.180099964141846,5399,0.0,0.0
2024-07-30 10:03:00-04:00,6.184999942779541,6.2052998542785645,6.184999942779541,6.190000057220459,8843,0.0,0.0
2024-07-30 10:04:00-04:00,6.190000057220459,6.195000171661377,6.179999828338623,6.190000057220459,11107,0.0,0.0
2024-07-30 10:05:00-04:00,6.199999809265137,6.210000038146973,6.199999809265137,6.210000038146973,19786,0.0,0.0
2024-07-30 10:06:00-04:00,6.211299896240234,6.216800212860107,6.204999923706055,6.204999923706055,2820,0.0,0.0
2024-07-30 10:07:00-04:00,6.215000152587891,6.230000019073486,6.210000038146973,6.21999979019165,12586,0.0,0.0
2024-07-30 10:08:00-04:00,6.224999904632568,6.230000019073486,6.210000038146973,6.210000038146973,3200,0.0,0.0
2024-07-30 10:09:00-04:00,6.204999923706055,6.210000038146973,6.199999809265137,6.199999809265137,1868,0.0,0.0
2024-07-30 10:10:00-04:00,6.199999809265137,6.204999923706055,6.195000171661377,6.195000171661377,8777,0.0,0.0
2024-07-30 10:11:00-04:00,6.196000099182129,6.199999809265137,6.190000057220459,6.190199851989746,18491,0.0,0.0
2024-07-30 10:12:00-04:00,6.190000057220459,6.204999923706055,6.190000057220459,6.204999923706055,20211,0.0,0.0
2024-07-30 10:13:00-04:00,6.199999809265137,6.199999809265137,6.195000171661377,6.195000171661377,11775,0.0,0.0
2024-07-30 10:14:00-04:00,6.199999809265137,6.200200080871582,6.195000171661377,6.200200080871582,9433,0.0,0.0
2024-07-30 10:15:00-04:00,6.204999923706055,6.21999979019165,6.195000171661377,6.210000038146973,17517,0.0,0.0
2024-07-30 10:16:00-04:00,6.210000038146973,6.224999904632568,6.204999923706055,6.224999904632568,9818,0.0,0.0
2024-07-30 10:17:00-04:00,6.229800224304199,6.230000019073486,6.21999979019165,6.2245001792907715,6608,0.0,0.0
2024-07-30 10:18:00-04:00,6.224999904632568,6.224999904632568,6.219900131225586,6.21999979019165,8554,0.0,0.0
2024-07-30 10:19:00-04:00,6.21999979019165,6.21999979019165,6.210000038146973,6.210000038146973,1481,0.0,0.0
2024-07-30 10:20:00-04:00,6.215000152587891,6.21999979019165,6.215000152587891,6.215000152587891,1953,0.0,0.0
2024-07-30 10:21:00-04:00,6.21999979019165,6.21999979019165,6.204999923706055,6.204999923706055,3191,0.0,0.0
2024-07-30 10:22:00-04:00,6.204999923706055,6.210000038146973,6.199999809265137,6.204999923706055,6275,0.0,0.0
2024-07-30 10:23:00-04:00,6.204999923706055,6.21999979019165,6.204999923706055,6.21999979019165,2998,0.0,0.0
2024-07-30 10:24:00-04:00,6.215000152587891,6.224999904632568,6.215000152587891,6.21999979019165,10107,0.0,0.0
2024-07-30 10:25:00-04:00,6.215000152587891,6.21999979019165,6.215000152587891,6.215000152587891,4069,0.0,0.0
2024-07-30 10:26:00-04:00,6.215000152587891,6.224999904632568,6.215000152587891,6.21999979019165,22934,0.0,0.0
2024-07-30 10:27:00-04:00,6.21999979019165,6.224999904632568,6.210000038146973,6.210000038146973,7751,0.0,0.0
2024-07-30 10:28:00-04:00,6.200200080871582,6.204999923706055,6.199999809265137,6.199999809265137,1809,0.0,0.0
2024-07-30 10:29:00-04:00,6.199999809265137,6.210000038146973,6.199999809265137,6.199999809265137,7987,0.0,0.0
2024-07-30 10:30:00-04:00,6.204999923706055,6.204999923706055,6.199999809265137,6.199999809265137,6507,0.0,0.0
2024-07-30 10:31:00-04:00,6.199999809265137,6.2006001472473145,6.190000057220459,6.190000057220459,18426,0.0,0.0
2024-07-30 10:32:00-04:00,6.190000057220459,6.190000057220459,6.179999828338623,6.184999942779541,7987,0.0,0.0
2024-07-30 10:33:00-04:00,6.180200099945068,6.184999942779541,6.175000190734863,6.175000190734863,11792,0.0,0.0
2024-07-30 10:34:00-04:00,6.179999828338623,6.179999828338623,6.170000076293945,6.170000076293945,3759,0.0,0.0
2024-07-30 10:35:00-04:00,6.170000076293945,6.175000190734863,6.159999847412109,6.159999847412109,20828,0.0,0.0
2024-07-30 10:36:00-04:00,6.159999847412109,6.164999961853027,6.150000095367432,6.159999847412109,27404,0.0,0.0
2024-07-30 10:37:00-04:00,6.15500020980835,6.159999847412109,6.150000095367432,6.15500020980835,16586,0.0,0.0
2024-07-30 10:38:00-04:00,6.15500020980835,6.156300067901611,6.139999866485596,6.139999866485596,25354,0.0,0.0
2024-07-30 10:39:00-04:00,6.150000095367432,6.195000171661377,6.139999866485596,6.195000171661377,14949,0.0,0.0
2024-07-30 10:40:00-04:00,6.195000171661377,6.195000171661377,6.190000057220459,6.190000057220459,3502,0.0,0.0
2024-07-30 10:41:00-04:00,6.190000057220459,6.199999809265137,6.190000057220459,6.195000171661377,9575,0.0,0.0
2024-07-30 10:42:00-04:00,6.190000057220459,6.190000057220459,6.184999942779541,6.184999942779541,2299,0.0,0.0
2024-07-30 10:43:00-04:00,6.184999942779541,6.190000057220459,6.180099964141846,6.184999942779541,4590,0.0,0.0
2024-07-30 10:44:00-04:00,6.190000057220459,6.195000171661377,6.184999942779541,6.190000057220459,9350,0.0,0.0
2024-07-30 10:45:00-04:00,6.190000057220459,6.195000171661377,6.190000057220459,6.195000171661377,7061,0.0,0.0
2024-07-30 10:46:00-04:00,6.195000171661377,6.210000038146973,6.195000171661377,6.199999809265137,20770,0.0,0.0
2024-07-30 10:47:00-04:00,6.199999809265137,6.210000038146973,6.199999809265137,6.204999923706055,13556,0.0,0.0
2024-07-30 10:48:00-04:00,6.199999809265137,6.199999809265137,6.195000171661377,6.199999809265137,5944,0.0,0.0
2024-07-30 10:49:00-04:00,6.190000057220459,6.190000057220459,6.159999847412109,6.164999961853027,8075,0.0,0.0
2024-07-30 10:50:00-04:00,6.164999961853027,6.175000190734863,6.159999847412109,6.159999847412109,12233,0.0,0.0
2024-07-30 10:51:00-04:00,6.159999847412109,6.160099983215332,6.159999847412109,6.159999847412109,2857,0.0,0.0
2024-07-30 10:52:00-04:00,6.15500020980835,6.15500020980835,6.139999866485596,6.148600101470947,13197,0.0,0.0
2024-07-30 10:53:00-04:00,6.139999866485596,6.139999866485596,6.139999866485596,6.139999866485596,1131,0.0,0.0
2024-07-30 10:54:00-04:00,6.139999866485596,6.144400119781494,6.130000114440918,6.139999866485596,25405,0.0,0.0
2024-07-30 10:55:00-04:00,6.139999866485596,6.149700164794922,6.130000114440918,6.135000228881836,16167,0.0,0.0
2024-07-30 10:56:00-04:00,6.135000228881836,6.139900207519531,6.130000114440918,6.135000228881836,8581,0.0,0.0
2024-07-30 10:57:00-04:00,6.130000114440918,6.135000228881836,6.099999904632568,6.099999904632568,35404,0.0,0.0
2024-07-30 10:58:00-04:00,6.100299835205078,6.100299835205078,6.090000152587891,6.090000152587891,28959,0.0,0.0
2024-07-30 10:59:00-04:00,6.090000152587891,6.090000152587891,6.070000171661377,6.090000152587891,39257,0.0,0.0
2024-07-30 11:00:00-04:00,6.079999923706055,6.090000152587891,6.059999942779541,6.059999942779541,24870,0.0,0.0
2024-07-30 11:01:00-04:00,6.065000057220459,6.065000057220459,6.039999961853027,6.044000148773193,37011,0.0,0.0
2024-07-30 11:02:00-04:00,6.044099807739258,6.049900054931641,6.03000020980835,6.039899826049805,22346,0.0,0.0
2024-07-30 11:03:00-04:00,6.03000020980835,6.050000190734863,6.03000020980835,6.039999961853027,29016,0.0,0.0
2024-07-30 11:04:00-04:00,6.045000076293945,6.050000190734863,6.039999961853027,6.04010009765625,11492,0.0,0.0
2024-07-30 11:05:00-04:00,6.045000076293945,6.045000076293945,6.039999961853027,6.039999961853027,5739,0.0,0.0
2024-07-30 11:06:00-04:00,6.040500164031982,6.054999828338623,6.039999961853027,6.050000190734863,20394,0.0,0.0
2024-07-30 11:07:00-04:00,6.050000190734863,6.050000190734863,6.039999961853027,6.043399810791016,24795,0.0,0.0
2024-07-30 11:08:00-04:00,6.045000076293945,6.050000190734863,6.039999961853027,6.039999961853027,25673,0.0,0.0
2024-07-30 11:09:00-04:00,6.039999961853027,6.050000190734863,6.03000020980835,6.034999847412109,34466,0.0,0.0
2024-07-30 11:10:00-04:00,6.03000020980835,6.050000190734863,6.03000020980835,6.045000076293945,25721,0.0,0.0
2024-07-30 11:11:00-04:00,6.045000076293945,6.050000190734863,6.039999961853027,6.045000076293945,34694,0.0,0.0
2024-07-30 11:12:00-04:00,6.039999961853027,6.050000190734863,6.039999961853027,6.045000076293945,11958,0.0,0.0
2024-07-30 11:13:00-04:00,6.039999961853027,6.050000190734863,6.039999961853027,6.039999961853027,20210,0.0,0.0
2024-07-30 11:14:00-04:00,6.045000076293945,6.050000190734863,6.039999961853027,6.04010009765625,37991,0.0,0.0
2024-07-30 11:15:00-04:00,6.045000076293945,6.059999942779541,6.039999961853027,6.050000190734863,48897,0.0,0.0
2024-07-30 11:16:00-04:00,6.054999828338623,6.059999942779541,6.050000190734863,6.054999828338623,18477,0.0,0.0
2024-07-30 11:17:00-04:00,6.054999828338623,6.065000057220459,6.054999828338623,6.065000057220459,21800,0.0,0.0
2024-07-30 11:18:00-04:00,6.065000057220459,6.065000057220459,6.059999942779541,6.065000057220459,2288,0.0,0.0
2024-07-30 11:19:00-04:00,6.060100078582764,6.070000171661377,6.054999828338623,6.065000057220459,38060,0.0,0.0
2024-07-30 11:20:00-04:00,6.0655999183654785,6.079999923706055,6.065000057220459,6.079999923706055,16363,0.0,0.0
2024-07-30 11:21:00-04:00,6.080100059509277,6.090000152587891,6.079999923706055,6.085000038146973,8413,0.0,0.0
2024-07-30 11:22:00-04:00,6.08489990234375,6.085999965667725,6.079999923706055,6.085000038146973,2203,0.0,0.0
2024-07-30 11:23:00-04:00,6.079999923706055,6.085000038146973,6.079999923706055,6.085000038146973,6014,0.0,0.0
2024-07-30 11:24:00-04:00,6.079999923706055,6.099999904632568,6.079999923706055,6.090000152587891,8381,0.0,0.0
2024-07-30 11:25:00-04:00,6.0970001220703125,6.099999904632568,6.079999923706055,6.085000038146973,11821,0.0,0.0
2024-07-30 11:26:00-04:00,6.0808000564575195,6.088500022888184,6.074999809265137,6.074999809265137,18077,0.0,0.0
2024-07-30 11:27:00-04:00,6.074999809265137,6.090000152587891,6.074999809265137,6.090000152587891,9562,0.0,0.0
2024-07-30 11:28:00-04:00,6.089099884033203,6.090000152587891,6.080100059509277,6.089900016784668,5791,0.0,0.0
2024-07-30 11:29:00-04:00,6.090000152587891,6.090000152587891,6.070000171661377,6.070000171661377,14936,0.0,0.0
2024-07-30 11:30:00-04:00,6.079999923706055,6.090000152587891,6.079999923706055,6.090000152587891,3268,0.0,0.0
2024-07-30 11:31:00-04:00,6.090000152587891,6.090000152587891,6.070000171661377,6.070000171661377,22522,0.0,0.0
2024-07-30 11:32:00-04:00,6.070000171661377,6.070000171661377,6.059999942779541,6.060100078582764,10012,0.0,0.0
2024-07-30 11:33:00-04:00,6.070000171661377,6.090000152587891,6.065000057220459,6.079999923706055,12714,0.0,0.0
2024-07-30 11:34:00-04:00,6.085000038146973,6.085999965667725,6.079999923706055,6.085999965667725,3000,0.0,0.0
2024-07-30 11:35:00-04:00,6.079999923706055,6.090000152587891,6.079999923706055,6.090000152587891,1070,0.0,0.0
2024-07-30 11:36:00-04:00,6.085000038146973,6.085000038146973,6.070000171661377,6.070000171661377,10994,0.0,0.0
2024-07-30 11:37:00-04:00,6.074999809265137,6.074999809265137,6.065000057220459,6.065000057220459,2846,0.0,0.0
2024-07-30 11:38:00-04:00,6.070000171661377,6.079999923706055,6.070000171661377,6.070000171661377,1503,0.0,0.0
2024-07-30 11:39:00-04:00,6.070000171661377,6.070000171661377,6.050000190734863,6.054999828338623,15820,0.0,0.0
2024-07-30 11:40:00-04:00,6.054999828338623,6.065800189971924,6.050000190734863,6.065000057220459,4204,0.0,0.0
2024-07-30 11:41:00-04:00,6.065000057220459,6.06879997253418,6.059999942779541,6.059999942779541,4825,0.0,0.0
2024-07-30 11:42:00-04:00,6.059999942779541,6.065999984741211,6.050000190734863,6.065999984741211,6748,0.0,0.0
2024-07-30 11:43:00-04:00,6.065000057220459,6.070000171661377,6.059999942779541,6.070000171661377,6677,0.0,0.0
2024-07-30 11:44:00-04:00,6.070000171661377,6.074999809265137,6.070000171661377,6.070000171661377,7467,0.0,0.0
2024-07-30 11:45:00-04:00,6.074999809265137,6.079999923706055,6.070000171661377,6.074999809265137,3545,0.0,0.0
2024-07-30 11:46:00-04:00,6.074999809265137,6.078000068664551,6.070000171661377,6.070000171661377,1150,0.0,0.0
2024-07-30 11:47:00-04:00,6.074999809265137,6.074999809265137,6.074999809265137,6.074999809265137,1451,0.0,0.0
2024-07-30 11:48:00-04:00,6.079999923706055,6.09499979019165,6.074999809265137,6.093699932098389,13875,0.0,0.0
2024-07-30 11:49:00-04:00,6.099999904632568,6.099999904632568,6.09499979019165,6.09499979019165,1483,0.0,0.0
2024-07-30 11:50:00-04:00,6.09499979019165,6.096700191497803,6.090000152587891,6.090000152587891,3883,0.0,0.0
2024-07-30 11:51:00-04:00,6.085000038146973,6.088500022888184,6.070000171661377,6.070000171661377,28963,0.0,0.0
2024-07-30 11:52:00-04:00,6.070000171661377,6.079999923706055,6.070000171661377,6.070099830627441,2215,0.0,0.0
2024-07-30 11:53:00-04:00,6.079999923706055,6.079999923706055,6.074999809265137,6.079999923706055,5482,0.0,0.0
2024-07-30 11:54:00-04:00,6.079999923706055,6.090000152587891,6.076099872589111,6.090000152587891,2722,0.0,0.0
2024-07-30 11:55:00-04:00,6.090000152587891,6.09499979019165,6.090000152587891,6.090199947357178,2628,0.0,0.0
2024-07-30 11:56:00-04:00,6.090000152587891,6.090000152587891,6.074999809265137,6.075500011444092,4341,0.0,0.0
2024-07-30 11:57:00-04:00,6.070000171661377,6.075699806213379,6.070000171661377,6.070000171661377,815,0.0,0.0
2024-07-30 11:58:00-04:00,6.079999923706055,6.079999923706055,6.070000171661377,6.070000171661377,4048,0.0,0.0
2024-07-30 11:59:00-04:00,6.077199935913086,6.079999923706055,6.073999881744385,6.079999923706055,5452,0.0,0.0
2024-07-30 12:00:00-04:00,6.079999923706055,6.086900234222412,6.079999923706055,6.085000038146973,3122,0.0,0.0
2024-07-30 12:01:00-04:00,6.085000038146973,6.090000152587891,6.079999923706055,6.085000038146973,5903,0.0,0.0
2024-07-30 12:02:00-04:00,6.085000038146973,6.085999965667725,6.079999923706055,6.079999923706055,3463,0.0,0.0
2024-07-30 12:03:00-04:00,6.086900234222412,6.086900234222412,6.074999809265137,6.074999809265137,2987,0.0,0.0
2024-07-30 12:04:00-04:00,6.070000171661377,6.079999923706055,6.070000171661377,6.079999923706055,5875,0.0,0.0
2024-07-30 12:05:00-04:00,6.079999923706055,6.099999904632568,6.079999923706055,6.099999904632568,10327,0.0,0.0
2024-07-30 12:06:00-04:00,6.099999904632568,6.099999904632568,6.09499979019165,6.09499979019165,3074,0.0,0.0
2024-07-30 12:07:00-04:00,6.093999862670898,6.105000019073486,6.093999862670898,6.105000019073486,24497,0.0,0.0
2024-07-30 12:08:00-04:00,6.105000019073486,6.105000019073486,6.099999904632568,6.099999904632568,1636,0.0,0.0
2024-07-30 12:09:00-04:00,6.105000019073486,6.105000019073486,6.090000152587891,6.09499979019165,5602,0.0,0.0
2024-07-30 12:10:00-04:00,6.09499979019165,6.0960001945495605,6.090000152587891,6.090000152587891,4953,0.0,0.0
2024-07-30 12:11:00-04:00,6.09499979019165,6.09499979019165,6.09499979019165,6.09499979019165,226,0.0,0.0
2024-07-30 12:12:00-04:00,6.09499979019165,6.099999904632568,6.090000152587891,6.099999904632568,2856,0.0,0.0
2024-07-30 12:13:00-04:00,6.099999904632568,6.099999904632568,6.09499979019165,6.099999904632568,3268,0.0,0.0
2024-07-30 12:14:00-04:00,6.099999904632568,6.099999904632568,6.09499979019165,6.099999904632568,2145,0.0,0.0
2024-07-30 12:15:00-04:00,6.0914998054504395,6.099999904632568,6.090000152587891,6.090000152587891,6677,0.0,0.0
2024-07-30 12:16:00-04:00,6.099999904632568,6.099999904632568,6.090000152587891,6.090000152587891,2763,0.0,0.0
2024-07-30 12:17:00-04:00,6.09499979019165,6.099999904632568,6.090000152587891,6.09499979019165,2060,0.0,0.0
2024-07-30 12:18:00-04:00,6.090000152587891,6.099999904632568,6.086599826812744,6.099999904632568,12680,0.0,0.0
2024-07-30 12:19:00-04:00,6.09499979019165,6.099999904632568,6.09499979019165,6.099899768829346,595,0.0,0.0
2024-07-30 12:20:00-04:00,6.099999904632568,6.099999904632568,6.090000152587891,6.090000152587891,6353,0.0,0.0
2024-07-30 12:21:00-04:00,6.090000152587891,6.09499979019165,6.079999923706055,6.085000038146973,4529,0.0,0.0
2024-07-30 12:22:00-04:00,6.079999923706055,6.085000038146973,6.079999923706055,6.083600044250488,661,0.0,0.0
2024-07-30 12:23:00-04:00,6.085000038146973,6.090000152587891,6.080100059509277,6.090000152587891,4291,0.0,0.0
2024-07-30 12:24:00-04:00,6.085000038146973,6.090000152587891,6.085000038146973,6.085000038146973,1046,0.0,0.0
2024-07-30 12:25:00-04:00,6.090000152587891,6.099999904632568,6.090000152587891,6.09499979019165,2305,0.0,0.0
2024-07-30 12:26:00-04:00,6.090000152587891,6.09499979019165,6.090000152587891,6.09499979019165,692,0.0,0.0
2024-07-30 12:27:00-04:00,6.099999904632568,6.099999904632568,6.09499979019165,6.099999904632568,506,0.0,0.0
2024-07-30 12:28:00-04:00,6.099999904632568,6.105000019073486,6.099999904632568,6.105000019073486,12371,0.0,0.0
2024-07-30 12:29:00-04:00,6.106100082397461,6.106200218200684,6.105000019073486,6.106200218200684,1641,0.0,0.0
2024-07-30 12:30:00-04:00,6.105000019073486,6.109099864959717,6.099999904632568,6.099999904632568,12551,0.0,0.0
2024-07-30 12:31:00-04:00,6.099999904632568,6.105000019073486,6.099999904632568,6.099999904632568,8317,0.0,0.0
2024-07-30 12:32:00-04:00,6.099999904632568,6.099999904632568,6.09499979019165,6.09499979019165,2888,0.0,0.0
2024-07-30 12:33:00-04:00,6.099999904632568,6.099999904632568,6.099999904632568,6.099999904632568,279,0.0,0.0
2024-07-30 12:34:00-04:00,6.099999904632568,6.099999904632568,6.09499979019165,6.09499979019165,580,0.0,0.0
2024-07-30 12:35:00-04:00,6.099999904632568,6.107999801635742,6.099999904632568,6.105000019073486,17229,0.0,0.0
2024-07-30 12:36:00-04:00,6.105000019073486,6.105000019073486,6.09499979019165,6.099999904632568,2584,0.0,0.0
2024-07-30 12:37:00-04:00,6.09499979019165,6.105000019073486,6.0920000076293945,6.100100040435791,10754,0.0,0.0
2024-07-30 12:38:00-04:00,6.105000019073486,6.105000019073486,6.099999904632568,6.105000019073486,7054,0.0,0.0
2024-07-30 12:39:00-04:00,6.110000133514404,6.110000133514404,6.105000019073486,6.105000019073486,17824,0.0,0.0
2024-07-30 12:40:00-04:00,6.110000133514404,6.119999885559082,6.1072001457214355,6.119999885559082,24373,0.0,0.0
2024-07-30 12:41:00-04:00,6.119999885559082,6.125,6.119999885559082,6.123799800872803,4626,0.0,0.0
2024-07-30 12:42:00-04:00,6.125,6.144999980926514,6.124199867248535,6.144999980926514,5924,0.0,0.0
2024-07-30 12:43:00-04:00,6.144999980926514,6.150000095367432,6.125,6.125,17773,0.0,0.0
2024-07-30 12:44:00-04:00,6.129700183868408,6.135000228881836,6.125,6.135000228881836,2089,0.0,0.0
2024-07-30 12:45:00-04:00,6.130000114440918,6.139999866485596,6.130000114440918,6.135000228881836,2472,0.0,0.0
2024-07-30 12:46:00-04:00,6.135000228881836,6.150000095367432,6.135000228881836,6.139999866485596,20699,0.0,0.0
2024-07-30 12:47:00-04:00,6.139999866485596,6.139999866485596,6.130000114440918,6.133999824523926,10135,0.0,0.0
2024-07-30 12:48:00-04:00,6.135000228881836,6.135000228881836,6.110000133514404,6.110000133514404,8366,0.0,0.0
2024-07-30 12:49:00-04:00,6.105000019073486,6.110000133514404,6.105000019073486,6.105000019073486,1517,0.0,0.0
2024-07-30 12:50:00-04:00,6.110000133514404,6.110000133514404,6.106400012969971,6.106400012969971,2656,0.0,0.0
2024-07-30 12:51:00-04:00,6.105000019073486,6.108500003814697,6.099999904632568,6.099999904632568,5600,0.0,0.0
2024-07-30 12:52:00-04:00,6.09499979019165,6.09499979019165,6.085000038146973,6.085000038146973,7713,0.0,0.0
2024-07-30 12:53:00-04:00,6.085100173950195,6.085100173950195,6.079999923706055,6.079999923706055,892,0.0,0.0
2024-07-30 12:54:00-04:00,6.079999923706055,6.079999923706055,6.070000171661377,6.070000171661377,2079,0.0,0.0
2024-07-30 12:55:00-04:00,6.074999809265137,6.074999809265137,6.065000057220459,6.065000057220459,8966,0.0,0.0
2024-07-30 12:56:00-04:00,6.070000171661377,6.079999923706055,6.070000171661377,6.074999809265137,5707,0.0,0.0
2024-07-30 12:57:00-04:00,6.070000171661377,6.074999809265137,6.062699794769287,6.065000057220459,1941,0.0,0.0
2024-07-30 12:58:00-04:00,6.065000057220459,6.066199779510498,6.065000057220459,6.066199779510498,2062,0.0,0.0
2024-07-30 12:59:00-04:00,6.066999912261963,6.066999912261963,6.059999942779541,6.059999942779541,4716,0.0,0.0
2024-07-30 13:00:00-04:00,6.059999942779541,6.070000171661377,6.050000190734863,6.054999828338623,15628,0.0,0.0
2024-07-30 13:01:00-04:00,6.059899806976318,6.059899806976318,6.050000190734863,6.057499885559082,4303,0.0,0.0
2024-07-30 13:02:00-04:00,6.050000190734863,6.059999942779541,6.050000190734863,6.054999828338623,1824,0.0,0.0
2024-07-30 13:03:00-04:00,6.054999828338623,6.054999828338623,6.050000190734863,6.054999828338623,4105,0.0,0.0
2024-07-30 13:04:00-04:00,6.054999828338623,6.065000057220459,6.04010009765625,6.060100078582764,18880,0.0,0.0
2024-07-30 13:05:00-04:00,6.059999942779541,6.059999942779541,6.042500019073486,6.050000190734863,7527,0.0,0.0
2024-07-30 13:06:00-04:00,6.049799919128418,6.065000057220459,6.049799919128418,6.065000057220459,8183,0.0,0.0
2024-07-30 13:07:00-04:00,6.065000057220459,6.070000171661377,6.059999942779541,6.070000171661377,2604,0.0,0.0
2024-07-30 13:08:00-04:00,6.070000171661377,6.070000171661377,6.070000171661377,6.070000171661377,2227,0.0,0.0
2024-07-30 13:09:00-04:00,6.079999923706055,6.079999923706055,6.070000171661377,6.074999809265137,8401,0.0,0.0
2024-07-30 13:10:00-04:00,6.074999809265137,6.074999809265137,6.070000171661377,6.074999809265137,3136,0.0,0.0
2024-07-30 13:11:00-04:00,6.076099872589111,6.076099872589111,6.070000171661377,6.074999809265137,2573,0.0,0.0
2024-07-30 13:12:00-04:00,6.070000171661377,6.079999923706055,6.070000171661377,6.074999809265137,6821,0.0,0.0
2024-07-30 13:13:00-04:00,6.074999809265137,6.085000038146973,6.074999809265137,6.074999809265137,33524,0.0,0.0
2024-07-30 13:14:00-04:00,6.079999923706055,6.079999923706055,6.070000171661377,6.074999809265137,45292,0.0,0.0
2024-07-30 13:15:00-04:00,6.074999809265137,6.079999923706055,6.071199893951416,6.074999809265137,2530,0.0,0.0
2024-07-30 13:16:00-04:00,6.074999809265137,6.079999923706055,6.070000171661377,6.070000171661377,9172,0.0,0.0
2024-07-30 13:17:00-04:00,6.069900035858154,6.070000171661377,6.059999942779541,6.059999942779541,8877,0.0,0.0
2024-07-30 13:18:00-04:00,6.054999828338623,6.054999828338623,6.053699970245361,6.054999828338623,2122,0.0,0.0
2024-07-30 13:19:00-04:00,6.054999828338623,6.059999942779541,6.052199840545654,6.054999828338623,6642,0.0,0.0
2024-07-30 13:20:00-04:00,6.054999828338623,6.059999942779541,6.050000190734863,6.059999942779541,12566,0.0,0.0
2024-07-30 13:21:00-04:00,6.054999828338623,6.059999942779541,6.050000190734863,6.054999828338623,11208,0.0,0.0
2024-07-30 13:22:00-04:00,6.054999828338623,6.074999809265137,6.054999828338623,6.070000171661377,35090,0.0,0.0
2024-07-30 13:23:00-04:00,6.075500011444092,6.079999923706055,6.070000171661377,6.074999809265137,24886,0.0,0.0
2024-07-30 13:24:00-04:00,6.079999923706055,6.090000152587891,6.074999809265137,6.090000152587891,4635,0.0,0.0
2024-07-30 13:25:00-04:00,6.090000152587891,6.090000152587891,6.079999923706055,6.079999923706055,1252,0.0,0.0
2024-07-30 13:26:00-04:00,6.085000038146973,6.085000038146973,6.074999809265137,6.074999809265137,5277,0.0,0.0
2024-07-30 13:27:00-04:00,6.070000171661377,6.070000171661377,6.065000057220459,6.065000057220459,4358,0.0,0.0
2024-07-30 13:28:00-04:00,6.069900035858154,6.079999923706055,6.069900035858154,6.079999923706055,2844,0.0,0.0
2024-07-30 13:29:00-04:00,6.078199863433838,6.085000038146973,6.074999809265137,6.085000038146973,2856,0.0,0.0
2024-07-30 13:30:00-04:00,6.079999923706055,6.079999923706055,6.070000171661377,6.070000171661377,2570,0.0,0.0
2024-07-30 13:31:00-04:00,6.074999809265137,6.079999923706055,6.070000171661377,6.070000171661377,8112,0.0,0.0
2024-07-30 13:32:00-04:00,6.065000057220459,6.069900035858154,6.059999942779541,6.069900035858154,840,0.0,0.0
2024-07-30 13:33:00-04:00,6.070000171661377,6.079999923706055,6.070000171661377,6.079999923706055,11549,0.0,0.0
2024-07-30 13:34:00-04:00,6.074999809265137,6.079999923706055,6.070000171661377,6.079999923706055,7153,0.0,0.0
2024-07-30 13:35:00-04:00,6.074999809265137,6.079999923706055,6.074999809265137,6.079999923706055,4405,0.0,0.0
2024-07-30 13:36:00-04:00,6.074999809265137,6.0858001708984375,6.074999809265137,6.085000038146973,5405,0.0,0.0
2024-07-30 13:37:00-04:00,6.085000038146973,6.09499979019165,6.079999923706055,6.09499979019165,3694,0.0,0.0
2024-07-30 13:38:00-04:00,6.099999904632568,6.110000133514404,6.09119987487793,6.105000019073486,4722,0.0,0.0
2024-07-30 13:39:00-04:00,6.105000019073486,6.110000133514404,6.105000019073486,6.109899997711182,5403,0.0,0.0
2024-07-30 13:40:00-04:00,6.110000133514404,6.110000133514404,6.105000019073486,6.1066999435424805,2123,0.0,0.0
2024-07-30 13:41:00-04:00,6.110000133514404,6.114999771118164,6.105000019073486,6.114999771118164,8183,0.0,0.0
2024-07-30 13:42:00-04:00,6.114999771118164,6.119999885559082,6.110000133514404,6.114999771118164,5064,0.0,0.0
2024-07-30 13:43:00-04:00,6.119999885559082,6.119999885559082,6.110000133514404,6.110000133514404,3831,0.0,0.0
2024-07-30 13:44:00-04:00,6.114999771118164,6.119999885559082,6.114999771118164,6.119999885559082,2035,0.0,0.0
2024-07-30 13:45:00-04:00,6.119999885559082,6.130000114440918,6.119999885559082,6.125,2739,0.0,0.0
2024-07-30 13:46:00-04:00,6.130000114440918,6.130000114440918,6.119999885559082,6.125,1636,0.0,0.0
2024-07-30 13:47:00-04:00,6.125,6.125,6.110000133514404,6.114999771118164,9593,0.0,0.0
2024-07-30 13:48:00-04:00,6.110000133514404,6.119999885559082,6.110000133514404,6.119999885559082,1349,0.0,0.0
2024-07-30 13:49:00-04:00,6.119999885559082,6.130000114440918,6.119999885559082,6.130000114440918,1692,0.0,0.0
2024-07-30 13:50:00-04:00,6.125,6.130000114440918,6.125,6.130000114440918,1447,0.0,0.0
2024-07-30 13:51:00-04:00,6.130000114440918,6.139999866485596,6.129899978637695,6.139999866485596,5683,0.0,0.0
2024-07-30 13:52:00-04:00,6.135000228881836,6.139900207519531,6.124000072479248,6.125,10287,0.0,0.0
2024-07-30 13:53:00-04:00,6.125,6.130000114440918,6.125,6.130000114440918,3571,0.0,0.0
2024-07-30 13:54:00-04:00,6.125,6.130000114440918,6.119999885559082,6.122399806976318,5049,0.0,0.0
2024-07-30 13:55:00-04:00,6.127500057220459,6.130000114440918,6.120100021362305,6.130000114440918,5217,0.0,0.0
2024-07-30 13:56:00-04:00,6.130000114440918,6.139999866485596,6.130000114440918,6.135000228881836,8517,0.0,0.0
2024-07-30 13:57:00-04:00,6.135000228881836,6.135000228881836,6.119999885559082,6.119999885559082,9819,0.0,0.0
2024-07-30 13:58:00-04:00,6.125,6.125,6.119999885559082,6.119999885559082,1079,0.0,0.0
2024-07-30 13:59:00-04:00,6.125,6.125,6.119999885559082,6.125,2131,0.0,0.0
2024-07-30 14:00:00-04:00,6.119999885559082,6.125,6.114999771118164,6.114999771118164,52933,0.0,0.0
2024-07-30 14:01:00-04:00,6.114999771118164,6.119999885559082,6.105000019073486,6.105000019073486,13157,0.0,0.0
2024-07-30 14:02:00-04:00,6.105000019073486,6.105000019073486,6.099999904632568,6.099999904632568,6003,0.0,0.0
2024-07-30 14:03:00-04:00,6.099999904632568,6.099999904632568,6.090000152587891,6.0970001220703125,5167,0.0,0.0
2024-07-30 14:04:00-04:00,6.099999904632568,6.099999904632568,6.09499979019165,6.099999904632568,4831,0.0,0.0
2024-07-30 14:05:00-04:00,6.099999904632568,6.110000133514404,6.099999904632568,6.105000019073486,8120,0.0,0.0
2024-07-30 14:06:00-04:00,6.105000019073486,6.109899997711182,6.105000019073486,6.105000019073486,1784,0.0,0.0
2024-07-30 14:07:00-04:00,6.105000019073486,6.105000019073486,6.105000019073486,6.105000019073486,101,0.0,0.0
2024-07-30 14:08:00-04:00,6.105000019073486,6.105000019073486,6.105000019073486,6.105000019073486,1460,0.0,0.0
2024-07-30 14:09:00-04:00,6.105000019073486,6.105000019073486,6.09499979019165,6.098800182342529,25983,0.0,0.0
2024-07-30 14:10:00-04:00,6.09499979019165,6.105000019073486,6.09499979019165,6.105000019073486,3614,0.0,0.0
2024-07-30 14:11:00-04:00,6.1041998863220215,6.105000019073486,6.099999904632568,6.099999904632568,10038,0.0,0.0
2024-07-30 14:12:00-04:00,6.105000019073486,6.105000019073486,6.105000019073486,6.105000019073486,852,0.0,0.0
2024-07-30 14:13:00-04:00,6.105000019073486,6.105000019073486,6.105000019073486,6.105000019073486,2050,0.0,0.0
2024-07-30 14:14:00-04:00,6.105000019073486,6.105000019073486,6.099999904632568,6.099999904632568,12049,0.0,0.0
2024-07-30 14:15:00-04:00,6.105000019073486,6.110000133514404,6.105000019073486,6.105000019073486,14059,0.0,0.0
2024-07-30 14:16:00-04:00,6.105000019073486,6.114999771118164,6.105000019073486,6.114999771118164,38625,0.0,0.0
2024-07-30 14:17:00-04:00,6.110000133514404,6.114999771118164,6.110000133514404,6.114999771118164,4124,0.0,0.0
2024-07-30 14:18:00-04:00,6.110000133514404,6.119999885559082,6.105000019073486,6.114999771118164,53992,0.0,0.0
2024-07-30 14:19:00-04:00,6.114999771118164,6.119999885559082,6.114999771118164,6.114999771118164,3407,0.0,0.0
2024-07-30 14:20:00-04:00,6.119999885559082,6.119999885559082,6.110000133514404,6.114999771118164,28480,0.0,0.0
2024-07-30 14:21:00-04:00,6.114999771118164,6.119999885559082,6.114999771118164,6.114999771118164,20025,0.0,0.0
2024-07-30 14:22:00-04:00,6.119999885559082,6.119999885559082,6.114999771118164,6.119999885559082,7706,0.0,0.0
2024-07-30 14:23:00-04:00,6.114999771118164,6.119999885559082,6.110000133514404,6.110000133514404,4597,0.0,0.0
2024-07-30 14:24:00-04:00,6.114999771118164,6.119999885559082,6.110000133514404,6.110000133514404,2685,0.0,0.0
2024-07-30 14:25:00-04:00,6.110000133514404,6.114999771118164,6.110000133514404,6.114999771118164,1901,0.0,0.0
2024-07-30 14:26:00-04:00,6.110000133514404,6.110000133514404,6.099999904632568,6.105000019073486,10014,0.0,0.0
2024-07-30 14:27:00-04:00,6.099999904632568,6.099999904632568,6.085000038146973,6.085000038146973,10086,0.0,0.0
2024-07-30 14:28:00-04:00,6.085000038146973,6.090000152587891,6.082499980926514,6.090000152587891,7635,0.0,0.0
2024-07-30 14:29:00-04:00,6.09499979019165,6.099999904632568,6.09499979019165,6.09499979019165,1322,0.0,0.0
2024-07-30 14:30:00-04:00,6.09499979019165,6.09499979019165,6.074999809265137,6.079999923706055,19619,0.0,0.0
2024-07-30 14:31:00-04:00,6.074999809265137,6.079999923706055,6.074999809265137,6.079999923706055,1990,0.0,0.0
2024-07-30 14:32:00-04:00,6.079899787902832,6.079999923706055,6.074999809265137,6.079999923706055,983,0.0,0.0
2024-07-30 14:33:00-04:00,6.070000171661377,6.07889986038208,6.070000171661377,6.07889986038208,1746,0.0,0.0
2024-07-30 14:34:00-04:00,6.079999923706055,6.079999923706055,6.057499885559082,6.065000057220459,24173,0.0,0.0
2024-07-30 14:35:00-04:00,6.069900035858154,6.069900035858154,6.065000057220459,6.069699764251709,900,0.0,0.0
2024-07-30 14:36:00-04:00,6.065000057220459,6.070000171661377,6.060100078582764,6.070000171661377,2942,0.0,0.0
2024-07-30 14:37:00-04:00,6.065000057220459,6.065000057220459,6.059999942779541,6.060100078582764,9664,0.0,0.0
2024-07-30 14:38:00-04:00,6.059999942779541,6.070000171661377,6.059999942779541,6.0655999183654785,2088,0.0,0.0
2024-07-30 14:39:00-04:00,6.059999942779541,6.065000057220459,6.059999942779541,6.065000057220459,6593,0.0,0.0
2024-07-30 14:40:00-04:00,6.065000057220459,6.067800045013428,6.059999942779541,6.065000057220459,1948,0.0,0.0
2024-07-30 14:41:00-04:00,6.065000057220459,6.070000171661377,6.054999828338623,6.070000171661377,16369,0.0,0.0
2024-07-30 14:42:00-04:00,6.065000057220459,6.070000171661377,6.056600093841553,6.056600093841553,4369,0.0,0.0
2024-07-30 14:43:00-04:00,6.059999942779541,6.059999942779541,6.054999828338623,6.059999942779541,1800,0.0,0.0
2024-07-30 14:44:00-04:00,6.054999828338623,6.059999942779541,6.050000190734863,6.054999828338623,4732,0.0,0.0
2024-07-30 14:45:00-04:00,6.054999828338623,6.059999942779541,6.050000190734863,6.054999828338623,3850,0.0,0.0
2024-07-30 14:46:00-04:00,6.054999828338623,6.054999828338623,6.050000190734863,6.054999828338623,1723,0.0,0.0
2024-07-30 14:47:00-04:00,6.054999828338623,6.054999828338623,6.050000190734863,6.054999828338623,3594,0.0,0.0
2024-07-30 14:48:00-04:00,6.054999828338623,6.054999828338623,6.050000190734863,6.054999828338623,5342,0.0,0.0
2024-07-30 14:49:00-04:00,6.054999828338623,6.054999828338623,6.045000076293945,6.052999973297119,19542,0.0,0.0
2024-07-30 14:50:00-04:00,6.054999828338623,6.058499813079834,6.050000190734863,6.058199882507324,4432,0.0,0.0
2024-07-30 14:51:00-04:00,6.054999828338623,6.054999828338623,6.050000190734863,6.050000190734863,634,0.0,0.0
2024-07-30 14:52:00-04:00,6.059999942779541,6.059999942779541,6.050000190734863,6.054999828338623,1197,0.0,0.0
2024-07-30 14:53:00-04:00,6.054999828338623,6.054999828338623,6.050000190734863,6.054999828338623,1395,0.0,0.0
2024-07-30 14:54:00-04:00,6.054999828338623,6.065000057220459,6.054999828338623,6.059999942779541,22663,0.0,0.0
2024-07-30 14:55:00-04:00,6.059999942779541,6.059999942779541,6.054999828338623,6.054999828338623,920,0.0,0.0
2024-07-30 14:56:00-04:00,6.05019998550415,6.054999828338623,6.045000076293945,6.0467000007629395,13871,0.0,0.0
2024-07-30 14:57:00-04:00,6.046800136566162,6.050000190734863,6.039999961853027,6.045000076293945,25695,0.0,0.0
2024-07-30 14:58:00-04:00,6.045000076293945,6.050000190734863,6.039999961853027,6.050000190734863,1292,0.0,0.0
2024-07-30 14:59:00-04:00,6.050000190734863,6.059999942779541,6.045000076293945,6.054999828338623,5936,0.0,0.0
2024-07-30 15:00:00-04:00,6.054999828338623,6.054999828338623,6.054999828338623,6.054999828338623,2296,0.0,0.0
2024-07-30 15:01:00-04:00,6.050000190734863,6.050000190734863,6.045000076293945,6.050000190734863,25748,0.0,0.0
2024-07-30 15:02:00-04:00,6.050000190734863,6.065000057220459,6.045000076293945,6.065000057220459,11141,0.0,0.0
2024-07-30 15:03:00-04:00,6.070000171661377,6.070000171661377,6.065000057220459,6.065000057220459,2289,0.0,0.0
2024-07-30 15:04:00-04:00,6.070000171661377,6.070000171661377,6.065000057220459,6.065000057220459,3556,0.0,0.0
2024-07-30 15:05:00-04:00,6.065000057220459,6.070000171661377,6.065000057220459,6.070000171661377,3544,0.0,0.0
2024-07-30 15:06:00-04:00,6.070000171661377,6.070000171661377,6.060299873352051,6.065000057220459,3090,0.0,0.0
2024-07-30 15:07:00-04:00,6.059999942779541,6.070000171661377,6.059999942779541,6.070000171661377,4858,0.0,0.0
2024-07-30 15:08:00-04:00,6.065000057220459,6.070000171661377,6.059999942779541,6.059999942779541,7284,0.0,0.0
2024-07-30 15:09:00-04:00,6.065000057220459,6.065000057220459,6.050000190734863,6.050000190734863,25783,0.0,0.0
2024-07-30 15:10:00-04:00,6.054999828338623,6.059999942779541,6.050000190734863,6.054999828338623,48465,0.0,0.0
2024-07-30 15:11:00-04:00,6.059999942779541,6.059999942779541,6.054999828338623,6.054999828338623,10550,0.0,0.0
2024-07-30 15:12:00-04:00,6.054999828338623,6.059999942779541,6.054999828338623,6.054999828338623,4146,0.0,0.0
2024-07-30 15:13:00-04:00,6.054999828338623,6.059899806976318,6.050000190734863,6.056700229644775,3998,0.0,0.0
2024-07-30 15:14:00-04:00,6.050000190734863,6.05620002746582,6.050000190734863,6.050000190734863,3545,0.0,0.0
2024-07-30 15:15:00-04:00,6.054999828338623,6.059999942779541,6.050000190734863,6.054999828338623,10405,0.0,0.0
2024-07-30 15:16:00-04:00,6.054999828338623,6.054999828338623,6.050000190734863,6.054999828338623,3201,0.0,0.0
2024-07-30 15:17:00-04:00,6.054999828338623,6.059999942779541,6.050000190734863,6.054999828338623,7447,0.0,0.0
2024-07-30 15:18:00-04:00,6.054999828338623,6.059999942779541,6.054999828338623,6.054999828338623,4220,0.0,0.0
2024-07-30 15:19:00-04:00,6.054999828338623,6.059999942779541,6.053199768066406,6.053199768066406,7696,0.0,0.0
2024-07-30 15:20:00-04:00,6.054999828338623,6.079999923706055,6.054999828338623,6.074999809265137,28783,0.0,0.0
2024-07-30 15:21:00-04:00,6.079999923706055,6.079999923706055,6.074999809265137,6.079999923706055,3262,0.0,0.0
2024-07-30 15:22:00-04:00,6.079999923706055,6.090000152587891,6.079999923706055,6.090000152587891,7261,0.0,0.0
2024-07-30 15:23:00-04:00,6.089900016784668,6.110000133514404,6.085000038146973,6.110000133514404,21906,0.0,0.0
2024-07-30 15:24:00-04:00,6.110000133514404,6.110000133514404,6.105000019073486,6.105000019073486,3160,0.0,0.0
2024-07-30 15:25:00-04:00,6.105000019073486,6.110000133514404,6.09499979019165,6.099999904632568,26614,0.0,0.0
2024-07-30 15:26:00-04:00,6.099999904632568,6.105000019073486,6.099899768829346,6.105000019073486,28222,0.0,0.0
2024-07-30 15:27:00-04:00,6.105000019073486,6.110000133514404,6.100100040435791,6.110000133514404,2781,0.0,0.0
2024-07-30 15:28:00-04:00,6.105000019073486,6.110000133514404,6.105000019073486,6.105000019073486,1534,0.0,0.0
2024-07-30 15:29:00-04:00,6.105000019073486,6.110000133514404,6.105000019073486,6.105000019073486,3637,0.0,0.0
2024-07-30 15:30:00-04:00,6.099999904632568,6.110000133514404,6.099999904632568,6.105000019073486,13321,0.0,0.0
2024-07-30 15:31:00-04:00,6.105000019073486,6.105000019073486,6.099999904632568,6.104499816894531,4469,0.0,0.0
2024-07-30 15:32:00-04:00,6.105000019073486,6.105000019073486,6.090000152587891,6.099999904632568,20440,0.0,0.0
2024-07-30 15:33:00-04:00,6.097099781036377,6.099999904632568,6.090000152587891,6.090099811553955,2267,0.0,0.0
2024-07-30 15:34:00-04:00,6.095699787139893,6.110000133514404,6.09499979019165,6.105000019073486,6364,0.0,0.0
2024-07-30 15:35:00-04:00,6.105000019073486,6.105000019073486,6.099999904632568,6.105000019073486,8195,0.0,0.0
2024-07-30 15:36:00-04:00,6.105000019073486,6.110000133514404,6.105000019073486,6.105000019073486,2301,0.0,0.0
2024-07-30 15:37:00-04:00,6.110000133514404,6.119999885559082,6.105000019073486,6.114999771118164,9633,0.0,0.0
2024-07-30 15:38:00-04:00,6.114999771118164,6.119999885559082,6.110000133514404,6.110000133514404,7253,0.0,0.0
2024-07-30 15:39:00-04:00,6.110000133514404,6.114999771118164,6.090000152587891,6.09499979019165,60314,0.0,0.0
2024-07-30 15:40:00-04:00,6.09499979019165,6.09499979019165,6.090000152587891,6.090000152587891,1636,0.0,0.0
2024-07-30 15:41:00-04:00,6.094799995422363,6.09499979019165,6.094799995422363,6.09499979019165,1023,0.0,0.0
2024-07-30 15:42:00-04:00,6.09499979019165,6.09499979019165,6.09499979019165,6.09499979019165,4326,0.0,0.0
2024-07-30 15:43:00-04:00,6.09499979019165,6.099999904632568,6.090000152587891,6.099999904632568,3764,0.0,0.0
2024-07-30 15:44:00-04:00,6.099999904632568,6.099999904632568,6.09499979019165,6.09499979019165,19941,0.0,0.0
2024-07-30 15:45:00-04:00,6.099999904632568,6.099999904632568,6.090000152587891,6.099999904632568,7390,0.0,0.0
2024-07-30 15:46:00-04:00,6.099999904632568,6.099999904632568,6.09499979019165,6.099999904632568,4414,0.0,0.0
2024-07-30 15:47:00-04:00,6.099999904632568,6.105000019073486,6.09499979019165,6.099999904632568,76464,0.0,0.0
2024-07-30 15:48:00-04:00,6.099999904632568,6.119999885559082,6.09499979019165,6.114999771118164,109001,0.0,0.0
2024-07-30 15:49:00-04:00,6.110000133514404,6.110000133514404,6.099999904632568,6.105000019073486,61967,0.0,0.0
2024-07-30 15:50:00-04:00,6.110000133514404,6.119999885559082,6.105000019073486,6.114999771118164,39331,0.0,0.0
2024-07-30 15:51:00-04:00,6.114999771118164,6.119999885559082,6.110000133514404,6.110000133514404,66593,0.0,0.0
2024-07-30 15:52:00-04:00,6.110000133514404,6.110000133514404,6.090000152587891,6.090000152587891,54984,0.0,0.0
2024-07-30 15:53:00-04:00,6.09660005569458,6.099999904632568,6.094200134277344,6.09499979019165,11752,0.0,0.0
2024-07-30 15:54:00-04:00,6.09499979019165,6.099999904632568,6.090000152587891,6.09499979019165,15600,0.0,0.0
2024-07-30 15:55:00-04:00,6.09499979019165,6.099999904632568,6.090000152587891,6.09499979019165,32304,0.0,0.0
2024-07-30 15:56:00-04:00,6.099999904632568,6.099999904632568,6.090000152587891,6.099999904632568,28597,0.0,0.0
2024-07-30 15:57:00-04:00,6.09499979019165,6.099999904632568,6.090000152587891,6.09499979019165,40063,0.0,0.0
2024-07-30 15:58:00-04:00,6.090000152587891,6.099999904632568,6.090000152587891,6.09499979019165,67517,0.0,0.0
2024-07-30 15:59:00-04:00,6.099999904632568,6.105000019073486,6.079999923706055,6.099999904632568,296845,0.0,0.0
2024-07-31 09:30:00-04:00,6.090000152587891,6.125,6.074999809265137,6.125,207067,0.0,0.0
2024-07-31 09:31:00-04:00,6.130000114440918,6.135000228881836,6.130000114440918,6.135000228881836,2345,0.0,0.0
2024-07-31 09:32:00-04:00,6.090000152587891,6.130000114440918,6.090000152587891,6.124899864196777,28209,0.0,0.0
2024-07-31 09:33:00-04:00,6.129899978637695,6.130000114440918,6.12470006942749,6.125,6856,0.0,0.0
2024-07-31 09:34:00-04:00,6.125,6.130000114440918,6.119999885559082,6.119999885559082,4774,0.0,0.0
2024-07-31 09:35:00-04:00,6.114999771118164,6.125,6.110000133514404,6.114999771118164,20734,0.0,0.0
2024-07-31 09:36:00-04:00,6.115099906921387,6.130000114440918,6.112800121307373,6.119999885559082,10871,0.0,0.0
2024-07-31 09:37:00-04:00,6.119999885559082,6.119999885559082,6.098899841308594,6.099999904632568,14731,0.0,0.0
2024-07-31 09:38:00-04:00,6.091700077056885,6.130000114440918,6.091700077056885,6.100100040435791,12968,0.0,0.0
2024-07-31 09:39:00-04:00,6.099999904632568,6.099999904632568,6.074999809265137,6.085000038146973,12263,0.0,0.0
2024-07-31 09:40:00-04:00,6.090000152587891,6.09499979019165,6.079999923706055,6.085000038146973,9200,0.0,0.0
2024-07-31 09:41:00-04:00,6.090000152587891,6.090000152587891,6.074999809265137,6.079999923706055,15226,0.0,0.0
2024-07-31 09:42:00-04:00,6.074999809265137,6.076000213623047,6.034999847412109,6.034999847412109,49976,0.0,0.0
2024-07-31 09:43:00-04:00,6.035999774932861,6.049900054931641,6.025199890136719,6.049900054931641,11695,0.0,0.0
2024-07-31 09:44:00-04:00,6.050000190734863,6.059999942779541,6.034999847412109,6.034999847412109,6117,0.0,0.0
2024-07-31 09:45:00-04:00,6.039999961853027,6.057799816131592,6.039999961853027,6.054999828338623,12229,0.0,0.0
2024-07-31 09:46:00-04:00,6.050000190734863,6.0767998695373535,6.050000190734863,6.0767998695373535,12053,0.0,0.0
2024-07-31 09:47:00-04:00,6.074999809265137,6.079999923706055,6.059999942779541,6.060100078582764,4910,0.0,0.0
2024-07-31 09:48:00-04:00,6.067999839782715,6.074999809265137,6.059999942779541,6.065000057220459,16378,0.0,0.0
2024-07-31 09:49:00-04:00,6.065000057220459,6.065000057220459,6.040999889373779,6.045000076293945,22767,0.0,0.0
2024-07-31 09:50:00-04:00,6.039999961853027,6.043499946594238,6.03000020980835,6.034999847412109,9490,0.0,0.0
2024-07-31 09:51:00-04:00,6.034999847412109,6.050000190734863,6.034999847412109,6.045000076293945,28234,0.0,0.0
2024-07-31 09:52:00-04:00,6.045000076293945,6.049900054931641,6.039999961853027,6.045000076293945,2919,0.0,0.0
2024-07-31 09:53:00-04:00,6.045000076293945,6.050000190734863,6.019999980926514,6.025000095367432,17697,0.0,0.0
2024-07-31 09:54:00-04:00,6.025000095367432,6.03000020980835,6.019999980926514,6.025000095367432,8181,0.0,0.0
2024-07-31 09:55:00-04:00,6.025000095367432,6.034999847412109,6.022900104522705,6.02400016784668,11637,0.0,0.0
2024-07-31 09:56:00-04:00,6.025000095367432,6.03000020980835,6.014999866485596,6.014999866485596,12003,0.0,0.0
2024-07-31 09:57:00-04:00,6.014999866485596,6.029900074005127,5.989999771118164,5.994999885559082,89031,0.0,0.0
2024-07-31 09:58:00-04:00,6.0,6.010000228881836,5.989999771118164,6.005000114440918,16560,0.0,0.0
2024-07-31 09:59:00-04:00,6.005000114440918,6.014999866485596,5.994999885559082,6.014999866485596,35384,0.0,0.0
2024-07-31 10:00:00-04:00,6.010000228881836,6.065000057220459,6.010000228881836,6.065000057220459,22735,0.0,0.0
2024-07-31 10:01:00-04:00,6.070000171661377,6.074999809265137,6.050000190734863,6.050000190734863,30714,0.0,0.0
2024-07-31 10:02:00-04:00,6.050099849700928,6.070000171661377,6.050099849700928,6.069900035858154,10829,0.0,0.0
2024-07-31 10:03:00-04:00,6.070000171661377,6.070000171661377,6.059999942779541,6.065000057220459,8325,0.0,0.0
2024-07-31 10:04:00-04:00,6.069900035858154,6.087900161743164,6.065000057220459,6.085000038146973,11996,0.0,0.0
2024-07-31 10:05:00-04:00,6.090000152587891,6.09499979019165,6.0802998542785645,6.09499979019165,7726,0.0,0.0
2024-07-31 10:06:00-04:00,6.099899768829346,6.099899768829346,6.056600093841553,6.069900035858154,8483,0.0,0.0
2024-07-31 10:07:00-04:00,6.059999942779541,6.069900035858154,6.050000190734863,6.059999942779541,29165,0.0,0.0
2024-07-31 10:08:00-04:00,6.065000057220459,6.079899787902832,6.059999942779541,6.065000057220459,12673,0.0,0.0
2024-07-31 10:09:00-04:00,6.065000057220459,6.074999809265137,6.059999942779541,6.074999809265137,4690,0.0,0.0
2024-07-31 10:10:00-04:00,6.079999923706055,6.085000038146973,6.079899787902832,6.081399917602539,10166,0.0,0.0
2024-07-31 10:11:00-04:00,6.080100059509277,6.085000038146973,6.080100059509277,6.085000038146973,4422,0.0,0.0
2024-07-31 10:12:00-04:00,6.083199977874756,6.085000038146973,6.080100059509277,6.085000038146973,9635,0.0,0.0
2024-07-31 10:13:00-04:00,6.085000038146973,6.09499979019165,6.085000038146973,6.09499979019165,11974,0.0,0.0
2024-07-31 10:14:00-04:00,6.09499979019165,6.099999904632568,6.090000152587891,6.099899768829346,3924,0.0,0.0
2024-07-31 10:15:00-04:00,6.09499979019165,6.109300136566162,6.09499979019165,6.106900215148926,9215,0.0,0.0
2024-07-31 10:16:00-04:00,6.110000133514404,6.110000133514404,6.09499979019165,6.09499979019165,8309,0.0,0.0
2024-07-31 10:17:00-04:00,6.099999904632568,6.110000133514404,6.093999862670898,6.093999862670898,19171,0.0,0.0
2024-07-31 10:18:00-04:00,6.090000152587891,6.090000152587891,6.084000110626221,6.084000110626221,2477,0.0,0.0
2024-07-31 10:19:00-04:00,6.085000038146973,6.090000152587891,6.070000171661377,6.070000171661377,5422,0.0,0.0
2024-07-31 10:20:00-04:00,6.070000171661377,6.070000171661377,6.050000190734863,6.059999942779541,10657,0.0,0.0
2024-07-31 10:21:00-04:00,6.059999942779541,6.059999942779541,6.039999961853027,6.039999961853027,10034,0.0,0.0
2024-07-31 10:22:00-04:00,6.039999961853027,6.045000076293945,6.03000020980835,6.039999961853027,8745,0.0,0.0
2024-07-31 10:23:00-04:00,6.039899826049805,6.039899826049805,6.03000020980835,6.03000020980835,1258,0.0,0.0
2024-07-31 10:24:00-04:00,6.034999847412109,6.045000076293945,6.032899856567383,6.039999961853027,16095,0.0,0.0
2024-07-31 10:25:00-04:00,6.039999961853027,6.039999961853027,6.019999980926514,6.025000095367432,17178,0.0,0.0
2024-07-31 10:26:00-04:00,6.03000020980835,6.03000020980835,6.019999980926514,6.03000020980835,881,0.0,0.0
2024-07-31 10:27:00-04:00,6.03000020980835,6.03000020980835,6.005000114440918,6.005000114440918,27072,0.0,0.0
2024-07-31 10:28:00-04:00,6.0,6.005000114440918,5.994999885559082,6.0,37271,0.0,0.0
2024-07-31 10:29:00-04:00,6.0,6.010000228881836,5.989999771118164,6.0,32703,0.0,0.0
2024-07-31 10:30:00-04:00,5.998499870300293,6.009900093078613,5.998499870300293,6.005000114440918,7507,0.0,0.0
2024-07-31 10:31:00-04:00,6.010000228881836,6.010000228881836,6.0,6.000100135803223,17374,0.0,0.0
2024-07-31 10:32:00-04:00,6.005000114440918,6.03000020980835,6.005000114440918,6.029900074005127,31110,0.0,0.0
2024-07-31 10:33:00-04:00,6.03000020980835,6.039999961853027,6.023600101470947,6.039999961853027,6761,0.0,0.0
2024-07-31 10:34:00-04:00,6.034999847412109,6.050000190734863,6.031000137329102,6.045000076293945,8548,0.0,0.0
2024-07-31 10:35:00-04:00,6.045000076293945,6.045000076293945,6.039899826049805,6.039899826049805,3085,0.0,0.0
2024-07-31 10:36:00-04:00,6.039899826049805,6.059999942779541,6.03000020980835,6.059899806976318,10305,0.0,0.0
2024-07-31 10:37:00-04:00,6.059999942779541,6.070000171661377,6.054999828338623,6.065000057220459,14671,0.0,0.0
2024-07-31 10:38:00-04:00,6.070000171661377,6.074999809265137,6.070000171661377,6.070000171661377,18088,0.0,0.0
2024-07-31 10:39:00-04:00,6.059999942779541,6.065000057220459,6.050000190734863,6.065000057220459,2398,0.0,0.0
2024-07-31 10:40:00-04:00,6.059999942779541,6.065000057220459,6.039999961853027,6.039999961853027,7240,0.0,0.0
2024-07-31 10:41:00-04:00,6.039999961853027,6.050000190734863,6.034999847412109,6.045300006866455,8565,0.0,0.0
2024-07-31 10:42:00-04:00,6.045000076293945,6.045000076293945,6.039999961853027,6.045000076293945,2038,0.0,0.0
2024-07-31 10:43:00-04:00,6.050000190734863,6.054999828338623,6.050000190734863,6.054999828338623,2777,0.0,0.0
2024-07-31 10:44:00-04:00,6.050000190734863,6.070000171661377,6.050000190734863,6.059999942779541,6853,0.0,0.0
2024-07-31 10:45:00-04:00,6.059999942779541,6.070000171661377,6.059999942779541,6.065000057220459,6857,0.0,0.0
2024-07-31 10:46:00-04:00,6.065000057220459,6.065000057220459,6.060100078582764,6.060100078582764,1269,0.0,0.0
2024-07-31 10:47:00-04:00,6.065000057220459,6.06689977645874,6.059800148010254,6.065000057220459,6591,0.0,0.0
2024-07-31 10:48:00-04:00,6.059999942779541,6.069900035858154,6.059999942779541,6.069900035858154,1519,0.0,0.0
2024-07-31 10:49:00-04:00,6.065000057220459,6.065000057220459,6.060100078582764,6.065000057220459,1131,0.0,0.0
2024-07-31 10:50:00-04:00,6.060100078582764,6.065000057220459,6.060100078582764,6.065000057220459,2045,0.0,0.0
2024-07-31 10:51:00-04:00,6.065000057220459,6.065000057220459,6.050000190734863,6.054999828338623,30741,0.0,0.0
2024-07-31 10:52:00-04:00,6.050000190734863,6.05620002746582,6.050000190734863,6.054999828338623,2190,0.0,0.0
2024-07-31 10:53:00-04:00,6.054999828338623,6.054999828338623,6.039999961853027,6.039999961853027,10369,0.0,0.0
2024-07-31 10:54:00-04:00,6.045000076293945,6.045000076293945,6.03000020980835,6.034999847412109,12765,0.0,0.0
2024-07-31 10:55:00-04:00,6.034999847412109,6.045000076293945,6.03000020980835,6.034999847412109,34249,0.0,0.0
2024-07-31 10:56:00-04:00,6.034999847412109,6.045000076293945,6.033699989318848,6.045000076293945,11299,0.0,0.0
2024-07-31 10:57:00-04:00,6.039999961853027,6.045000076293945,6.034999847412109,6.039999961853027,16399,0.0,0.0
2024-07-31 10:58:00-04:00,6.039999961853027,6.050000190734863,6.039999961853027,6.045000076293945,10998,0.0,0.0
2024-07-31 10:59:00-04:00,6.050000190734863,6.059999942779541,6.050000190734863,6.050000190734863,7363,0.0,0.0
2024-07-31 11:00:00-04:00,6.050000190734863,6.059000015258789,6.050000190734863,6.050000190734863,1559,0.0,0.0
2024-07-31 11:01:00-04:00,6.054999828338623,6.054999828338623,6.050099849700928,6.050099849700928,211,0.0,0.0
2024-07-31 11:02:00-04:00,6.050000190734863,6.050000190734863,6.034999847412109,6.034999847412109,25918,0.0,0.0
2024-07-31 11:03:00-04:00,6.039999961853027,6.050000190734863,6.034999847412109,6.045000076293945,35752,0.0,0.0
2024-07-31 11:04:00-04:00,6.045000076293945,6.050000190734863,6.03000020980835,6.034999847412109,18757,0.0,0.0
2024-07-31 11:05:00-04:00,6.03000020980835,6.03000020980835,6.019999980926514,6.025000095367432,6368,0.0,0.0
2024-07-31 11:06:00-04:00,6.019999980926514,6.029900074005127,6.019999980926514,6.025000095367432,24605,0.0,0.0
2024-07-31 11:07:00-04:00,6.025000095367432,6.025000095367432,6.019999980926514,6.021500110626221,3679,0.0,0.0
2024-07-31 11:08:00-04:00,6.025000095367432,6.025000095367432,6.019999980926514,6.024799823760986,3909,0.0,0.0
2024-07-31 11:09:00-04:00,6.019999980926514,6.027500152587891,6.019999980926514,6.019999980926514,5278,0.0,0.0
2024-07-31 11:10:00-04:00,6.019999980926514,6.025000095367432,6.019999980926514,6.025000095367432,1144,0.0,0.0
2024-07-31 11:11:00-04:00,6.019999980926514,6.025000095367432,6.010000228881836,6.019999980926514,20958,0.0,0.0
2024-07-31 11:12:00-04:00,6.014999866485596,6.019999980926514,6.010000228881836,6.010000228881836,21183,0.0,0.0
2024-07-31 11:13:00-04:00,6.014999866485596,6.025000095367432,6.010000228881836,6.025000095367432,9021,0.0,0.0
2024-07-31 11:14:00-04:00,6.019999980926514,6.026599884033203,6.019999980926514,6.019999980926514,3742,0.0,0.0
2024-07-31 11:15:00-04:00,6.02370023727417,6.025000095367432,6.014999866485596,6.019999980926514,4180,0.0,0.0
2024-07-31 11:16:00-04:00,6.010000228881836,6.019999980926514,6.010000228881836,6.014999866485596,8287,0.0,0.0
2024-07-31 11:17:00-04:00,6.019700050354004,6.029900074005127,6.014999866485596,6.022500038146973,18987,0.0,0.0
2024-07-31 11:18:00-04:00,6.03000020980835,6.034999847412109,6.019999980926514,6.03000020980835,9806,0.0,0.0
2024-07-31 11:19:00-04:00,6.034999847412109,6.034999847412109,6.03000020980835,6.034999847412109,968,0.0,0.0
2024-07-31 11:20:00-04:00,6.03000020980835,6.03000020980835,6.03000020980835,6.03000020980835,483,0.0,0.0
2024-07-31 11:21:00-04:00,6.034999847412109,6.039999961853027,6.03000020980835,6.034999847412109,3553,0.0,0.0
2024-07-31 11:22:00-04:00,6.03000020980835,6.03000020980835,6.03000020980835,6.03000020980835,819,0.0,0.0
2024-07-31 11:23:00-04:00,6.03000020980835,6.039899826049805,6.020100116729736,6.025000095367432,21037,0.0,0.0
2024-07-31 11:24:00-04:00,6.025000095367432,6.034999847412109,6.019999980926514,6.034999847412109,6680,0.0,0.0
2024-07-31 11:25:00-04:00,6.039999961853027,6.045000076293945,6.034999847412109,6.045000076293945,11805,0.0,0.0
2024-07-31 11:26:00-04:00,6.050000190734863,6.050000190734863,6.039999961853027,6.039999961853027,18705,0.0,0.0
2024-07-31 11:27:00-04:00,6.045000076293945,6.045000076293945,6.039999961853027,6.045000076293945,1093,0.0,0.0
2024-07-31 11:28:00-04:00,6.045000076293945,6.045000076293945,6.039999961853027,6.039999961853027,998,0.0,0.0
2024-07-31 11:29:00-04:00,6.039999961853027,6.04640007019043,6.039999961853027,6.04640007019043,1468,0.0,0.0
2024-07-31 11:30:00-04:00,6.045000076293945,6.050000190734863,6.044400215148926,6.050000190734863,9444,0.0,0.0
2024-07-31 11:31:00-04:00,6.059999942779541,6.059999942779541,6.054999828338623,6.059999942779541,2880,0.0,0.0
2024-07-31 11:32:00-04:00,6.059899806976318,6.059899806976318,6.036900043487549,6.036900043487549,16465,0.0,0.0
2024-07-31 11:33:00-04:00,6.039999961853027,6.045000076293945,6.034999847412109,6.045000076293945,6199,0.0,0.0
2024-07-31 11:34:00-04:00,6.045000076293945,6.050000190734863,6.03000020980835,6.039999961853027,98157,0.0,0.0
2024-07-31 11:35:00-04:00,6.04010009765625,6.050000190734863,6.034999847412109,6.034999847412109,14787,0.0,0.0
2024-07-31 11:36:00-04:00,6.039899826049805,6.054999828338623,6.039899826049805,6.054999828338623,7546,0.0,0.0
2024-07-31 11:37:00-04:00,6.054999828338623,6.055799961090088,6.050000190734863,6.050000190734863,14313,0.0,0.0
2024-07-31 11:38:00-04:00,6.059899806976318,6.059999942779541,6.050000190734863,6.054999828338623,4097,0.0,0.0
2024-07-31 11:39:00-04:00,6.054999828338623,6.070000171661377,6.050000190734863,6.059999942779541,27219,0.0,0.0
2024-07-31 11:40:00-04:00,6.059999942779541,6.0690999031066895,6.054999828338623,6.054999828338623,12639,0.0,0.0
2024-07-31 11:41:00-04:00,6.059999942779541,6.065700054168701,6.050000190734863,6.065700054168701,10405,0.0,0.0
2024-07-31 11:42:00-04:00,6.065000057220459,6.079999923706055,6.065000057220459,6.070000171661377,7888,0.0,0.0
2024-07-31 11:43:00-04:00,6.074999809265137,6.074999809265137,6.070000171661377,6.070000171661377,1982,0.0,0.0
2024-07-31 11:44:00-04:00,6.070000171661377,6.085000038146973,6.070000171661377,6.085000038146973,23991,0.0,0.0
2024-07-31 11:45:00-04:00,6.090000152587891,6.09499979019165,6.080100059509277,6.090000152587891,12392,0.0,0.0
2024-07-31 11:46:00-04:00,6.090000152587891,6.09499979019165,6.075099945068359,6.075099945068359,5312,0.0,0.0
2024-07-31 11:47:00-04:00,6.074999809265137,6.079999923706055,6.070000171661377,6.074999809265137,5039,0.0,0.0
2024-07-31 11:48:00-04:00,6.074999809265137,6.079999923706055,6.060100078582764,6.065000057220459,8910,0.0,0.0
2024-07-31 11:49:00-04:00,6.059999942779541,6.070000171661377,6.059999942779541,6.065000057220459,2131,0.0,0.0
2024-07-31 11:50:00-04:00,6.070000171661377,6.070000171661377,6.059999942779541,6.069900035858154,2536,0.0,0.0
2024-07-31 11:51:00-04:00,6.069900035858154,6.069900035858154,6.059999942779541,6.059999942779541,2944,0.0,0.0
2024-07-31 11:52:00-04:00,6.065000057220459,6.065000057220459,6.050000190734863,6.054999828338623,3168,0.0,0.0
2024-07-31 11:53:00-04:00,6.054999828338623,6.059999942779541,6.050000190734863,6.055699825286865,24666,0.0,0.0
2024-07-31 11:54:00-04:00,6.05679988861084,6.065000057220459,6.054999828338623,6.065000057220459,14343,0.0,0.0
2024-07-31 11:55:00-04:00,6.065000057220459,6.070000171661377,6.059999942779541,6.065000057220459,10454,0.0,0.0
2024-07-31 11:56:00-04:00,6.065000057220459,6.070000171661377,6.059999942779541,6.065000057220459,10855,0.0,0.0
2024-07-31 11:57:00-04:00,6.065899848937988,6.065899848937988,6.059999942779541,6.059999942779541,2147,0.0,0.0
2024-07-31 11:58:00-04:00,6.065000057220459,6.079999923706055,6.054999828338623,6.074999809265137,6806,0.0,0.0
2024-07-31 11:59:00-04:00,6.074999809265137,6.079999923706055,6.066699981689453,6.074999809265137,9330,0.0,0.0
2024-07-31 12:00:00-04:00,6.079999923706055,6.09499979019165,6.079999923706055,6.09499979019165,4922,0.0,0.0
2024-07-31 12:01:00-04:00,6.09499979019165,6.09499979019165,6.09499979019165,6.09499979019165,1335,0.0,0.0
2024-07-31 12:02:00-04:00,6.099800109863281,6.105000019073486,6.09499979019165,6.105000019073486,9894,0.0,0.0
2024-07-31 12:03:00-04:00,6.105000019073486,6.105000019073486,6.090099811553955,6.090099811553955,4173,0.0,0.0
2024-07-31 12:04:00-04:00,6.09499979019165,6.09499979019165,6.090000152587891,6.090000152587891,2773,0.0,0.0
2024-07-31 12:05:00-04:00,6.09499979019165,6.09499979019165,6.085000038146973,6.090000152587891,8552,0.0,0.0
2024-07-31 12:06:00-04:00,6.09499979019165,6.09499979019165,6.090000152587891,6.090099811553955,795,0.0,0.0
2024-07-31 12:07:00-04:00,6.099999904632568,6.105000019073486,6.099999904632568,6.105000019073486,3201,0.0,0.0
2024-07-31 12:08:00-04:00,6.110000133514404,6.130000114440918,6.110000133514404,6.125,25410,0.0,0.0
2024-07-31 12:09:00-04:00,6.125,6.135000228881836,6.125,6.135000228881836,7175,0.0,0.0
2024-07-31 12:10:00-04:00,6.130000114440918,6.135000228881836,6.125,6.130000114440918,25225,0.0,0.0
2024-07-31 12:11:00-04:00,6.130000114440918,6.139999866485596,6.125,6.139999866485596,13227,0.0,0.0
2024-07-31 12:12:00-04:00,6.130000114440918,6.139999866485596,6.130000114440918,6.139999866485596,1457,0.0,0.0
2024-07-31 12:13:00-04:00,6.139999866485596,6.139999866485596,6.135000228881836,6.135000228881836,3799,0.0,0.0
2024-07-31 12:14:00-04:00,6.135000228881836,6.139999866485596,6.135000228881836,6.139999866485596,858,0.0,0.0
2024-07-31 12:15:00-04:00,6.139999866485596,6.139999866485596,6.130000114440918,6.138500213623047,3668,0.0,0.0
2024-07-31 12:16:00-04:00,6.135000228881836,6.139999866485596,6.130000114440918,6.130000114440918,2736,0.0,0.0
2024-07-31 12:17:00-04:00,6.136000156402588,6.136099815368652,6.130000114440918,6.130000114440918,4328,0.0,0.0
2024-07-31 12:18:00-04:00,6.135000228881836,6.135000228881836,6.130000114440918,6.130000114440918,1624,0.0,0.0
2024-07-31 12:19:00-04:00,6.135000228881836,6.139999866485596,6.130000114440918,6.130000114440918,2584,0.0,0.0
2024-07-31 12:20:00-04:00,6.130000114440918,6.150000095367432,6.130000114440918,6.144999980926514,11267,0.0,0.0
2024-07-31 12:21:00-04:00,6.139999866485596,6.150000095367432,6.139999866485596,6.144999980926514,2501,0.0,0.0
2024-07-31 12:22:00-04:00,6.150000095367432,6.150000095367432,6.144999980926514,6.144999980926514,1670,0.0,0.0
2024-07-31 12:23:00-04:00,6.144999980926514,6.150000095367432,6.144999980926514,6.144999980926514,4609,0.0,0.0
2024-07-31 12:24:00-04:00,6.144999980926514,6.150000095367432,6.144999980926514,6.144999980926514,1610,0.0,0.0
2024-07-31 12:25:00-04:00,6.144999980926514,6.150000095367432,6.135000228881836,6.150000095367432,18448,0.0,0.0
2024-07-31 12:26:00-04:00,6.144999980926514,6.144999980926514,6.139999866485596,6.139999866485596,1043,0.0,0.0
2024-07-31 12:27:00-04:00,6.144999980926514,6.145999908447266,6.135000228881836,6.139999866485596,13598,0.0,0.0
2024-07-31 12:29:00-04:00,6.144999980926514,6.150000095367432,6.144999980926514,6.144999980926514,3172,0.0,0.0
2024-07-31 12:30:00-04:00,6.144999980926514,6.15500020980835,6.144999980926514,6.15500020980835,13629,0.0,0.0
2024-07-31 12:31:00-04:00,6.150000095367432,6.158999919891357,6.150000095367432,6.15500020980835,3982,0.0,0.0
2024-07-31 12:32:00-04:00,6.159900188446045,6.159900188446045,6.150000095367432,6.15500020980835,3739,0.0,0.0
2024-07-31 12:33:00-04:00,6.15500020980835,6.15500020980835,6.15500020980835,6.15500020980835,4280,0.0,0.0
2024-07-31 12:34:00-04:00,6.15500020980835,6.15500020980835,6.15500020980835,6.15500020980835,233,0.0,0.0
2024-07-31 12:35:00-04:00,6.15500020980835,6.158999919891357,6.150000095367432,6.158999919891357,4961,0.0,0.0
2024-07-31 12:36:00-04:00,6.15500020980835,6.159999847412109,6.15500020980835,6.15500020980835,1891,0.0,0.0
2024-07-31 12:37:00-04:00,6.159999847412109,6.159999847412109,6.15500020980835,6.159999847412109,3696,0.0,0.0
2024-07-31 12:38:00-04:00,6.15500020980835,6.1697001457214355,6.15500020980835,6.164999961853027,9348,0.0,0.0
2024-07-31 12:39:00-04:00,6.164999961853027,6.170000076293945,6.159999847412109,6.170000076293945,5434,0.0,0.0
2024-07-31 12:40:00-04:00,6.170000076293945,6.170000076293945,6.159999847412109,6.164999961853027,2774,0.0,0.0
2024-07-31 12:41:00-04:00,6.160099983215332,6.164999961853027,6.159999847412109,6.164999961853027,6955,0.0,0.0
2024-07-31 12:42:00-04:00,6.159999847412109,6.159999847412109,6.144999980926514,6.145699977874756,32843,0.0,0.0
2024-07-31 12:43:00-04:00,6.139999866485596,6.144999980926514,6.139999866485596,6.144999980926514,2025,0.0,0.0
2024-07-31 12:44:00-04:00,6.146699905395508,6.150000095367432,6.140100002288818,6.150000095367432,6759,0.0,0.0
2024-07-31 12:45:00-04:00,6.154099941253662,6.15500020980835,6.150000095367432,6.150000095367432,5250,0.0,0.0
2024-07-31 12:46:00-04:00,6.150000095367432,6.15500020980835,6.144999980926514,6.150000095367432,22854,0.0,0.0
2024-07-31 12:47:00-04:00,6.150000095367432,6.159999847412109,6.150000095367432,6.159999847412109,12274,0.0,0.0
2024-07-31 12:48:00-04:00,6.159900188446045,6.164999961853027,6.159900188446045,6.164999961853027,7374,0.0,0.0
2024-07-31 12:49:00-04:00,6.170000076293945,6.170000076293945,6.166800022125244,6.16949987411499,869,0.0,0.0
2024-07-31 12:50:00-04:00,6.170000076293945,6.175000190734863,6.170000076293945,6.175000190734863,6636,0.0,0.0
2024-07-31 12:51:00-04:00,6.179100036621094,6.179100036621094,6.170000076293945,6.170000076293945,19995,0.0,0.0
2024-07-31 12:52:00-04:00,6.170000076293945,6.170000076293945,6.162899971008301,6.162899971008301,4077,0.0,0.0
2024-07-31 12:53:00-04:00,6.170000076293945,6.170000076293945,6.170000076293945,6.170000076293945,771,0.0,0.0
2024-07-31 12:54:00-04:00,6.1697001457214355,6.175000190734863,6.1697001457214355,6.175000190734863,6014,0.0,0.0
2024-07-31 12:55:00-04:00,6.170000076293945,6.175000190734863,6.170000076293945,6.175000190734863,1026,0.0,0.0
2024-07-31 12:56:00-04:00,6.170000076293945,6.175000190734863,6.170000076293945,6.175000190734863,3097,0.0,0.0
2024-07-31 12:57:00-04:00,6.175000190734863,6.175000190734863,6.170000076293945,6.175000190734863,965,0.0,0.0
2024-07-31 12:58:00-04:00,6.170000076293945,6.170000076293945,6.164999961853027,6.164999961853027,4829,0.0,0.0
2024-07-31 12:59:00-04:00,6.164999961853027,6.164999961853027,6.150000095367432,6.15500020980835,12546,0.0,0.0
2024-07-31 13:00:00-04:00,6.150000095367432,6.159999847412109,6.144999980926514,6.144999980926514,18452,0.0,0.0
2024-07-31 13:01:00-04:00,6.144999980926514,6.15500020980835,6.139999866485596,6.15500020980835,4215,0.0,0.0
2024-07-31 13:02:00-04:00,6.15500020980835,6.160699844360352,6.15500020980835,6.160699844360352,14982,0.0,0.0
2024-07-31 13:03:00-04:00,6.164999961853027,6.170000076293945,6.15500020980835,6.15500020980835,27072,0.0,0.0
2024-07-31 13:04:00-04:00,6.159999847412109,6.170000076293945,6.15500020980835,6.16379976272583,12526,0.0,0.0
2024-07-31 13:05:00-04:00,6.170000076293945,6.175000190734863,6.170000076293945,6.173299789428711,7156,0.0,0.0
2024-07-31 13:06:00-04:00,6.170000076293945,6.179999828338623,6.170000076293945,6.179999828338623,6455,0.0,0.0
2024-07-31 13:07:00-04:00,6.179999828338623,6.179999828338623,6.170000076293945,6.170000076293945,19836,0.0,0.0
2024-07-31 13:08:00-04:00,6.175000190734863,6.175000190734863,6.164999961853027,6.170000076293945,14185,0.0,0.0
2024-07-31 13:09:00-04:00,6.170000076293945,6.170000076293945,6.159999847412109,6.159999847412109,6675,0.0,0.0
2024-07-31 13:10:00-04:00,6.15500020980835,6.155600070953369,6.15500020980835,6.155600070953369,625,0.0,0.0
2024-07-31 13:11:00-04:00,6.159999847412109,6.159999847412109,6.150000095367432,6.150000095367432,517,0.0,0.0
2024-07-31 13:12:00-04:00,6.15500020980835,6.159999847412109,6.153500080108643,6.15500020980835,1138,0.0,0.0
2024-07-31 13:13:00-04:00,6.151700019836426,6.156000137329102,6.150000095367432,6.150000095367432,3314,0.0,0.0
2024-07-31 13:14:00-04:00,6.150000095367432,6.15500020980835,6.150000095367432,6.15500020980835,2487,0.0,0.0
2024-07-31 13:15:00-04:00,6.15500020980835,6.15500020980835,6.150000095367432,6.150000095367432,1555,0.0,0.0
2024-07-31 13:16:00-04:00,6.150000095367432,6.15500020980835,6.150000095367432,6.15500020980835,540,0.0,0.0
2024-07-31 13:17:00-04:00,6.15500020980835,6.15500020980835,6.15500020980835,6.15500020980835,4060,0.0,0.0
2024-07-31 13:18:00-04:00,6.15500020980835,6.159999847412109,6.15500020980835,6.15500020980835,1110,0.0,0.0
2024-07-31 13:19:00-04:00,6.15500020980835,6.15500020980835,6.15500020980835,6.15500020980835,1982,0.0,0.0
2024-07-31 13:20:00-04:00,6.15500020980835,6.15500020980835,6.144999980926514,6.144999980926514,5075,0.0,0.0
2024-07-31 13:21:00-04:00,6.144999980926514,6.144999980926514,6.139999866485596,6.139999866485596,7374,0.0,0.0
2024-07-31 13:22:00-04:00,6.139999866485596,6.139999866485596,6.135000228881836,6.139900207519531,13326,0.0,0.0
2024-07-31 13:23:00-04:00,6.135000228881836,6.135000228881836,6.135000228881836,6.135000228881836,395,0.0,0.0
2024-07-31 13:24:00-04:00,6.135000228881836,6.139999866485596,6.130000114440918,6.139999866485596,8145,0.0,0.0
2024-07-31 13:25:00-04:00,6.130000114440918,6.130000114440918,6.119999885559082,6.125,10182,0.0,0.0
2024-07-31 13:26:00-04:00,6.125,6.125,6.114999771118164,6.114999771118164,8484,0.0,0.0
2024-07-31 13:27:00-04:00,6.11329984664917,6.114999771118164,6.110000133514404,6.114999771118164,551,0.0,0.0
2024-07-31 13:28:00-04:00,6.114999771118164,6.114999771118164,6.099999904632568,6.110000133514404,21160,0.0,0.0
2024-07-31 13:29:00-04:00,6.114999771118164,6.114999771118164,6.110000133514404,6.110000133514404,549,0.0,0.0
2024-07-31 13:30:00-04:00,6.114999771118164,6.114999771118164,6.105000019073486,6.105000019073486,1942,0.0,0.0
2024-07-31 13:31:00-04:00,6.105000019073486,6.105000019073486,6.090000152587891,6.090000152587891,9419,0.0,0.0
2024-07-31 13:32:00-04:00,6.099800109863281,6.105000019073486,6.0914998054504395,6.105000019073486,7114,0.0,0.0
2024-07-31 13:33:00-04:00,6.110000133514404,6.110000133514404,6.099999904632568,6.099999904632568,2033,0.0,0.0
2024-07-31 13:34:00-04:00,6.099999904632568,6.105000019073486,6.099999904632568,6.105000019073486,7024,0.0,0.0
2024-07-31 13:35:00-04:00,6.105000019073486,6.110000133514404,6.105000019073486,6.109799861907959,3352,0.0,0.0
2024-07-31 13:36:00-04:00,6.105000019073486,6.110000133514404,6.105000019073486,6.105000019073486,2501,0.0,0.0
2024-07-31 13:37:00-04:00,6.105000019073486,6.105000019073486,6.105000019073486,6.105000019073486,4178,0.0,0.0
2024-07-31 13:38:00-04:00,6.099999904632568,6.105000019073486,6.099999904632568,6.099999904632568,3294,0.0,0.0
2024-07-31 13:39:00-04:00,6.099999904632568,6.099999904632568,6.09499979019165,6.09499979019165,4415,0.0,0.0
2024-07-31 13:40:00-04:00,6.09499979019165,6.105000019073486,6.09499979019165,6.105000019073486,5057,0.0,0.0
2024-07-31 13:41:00-04:00,6.099999904632568,6.099999904632568,6.090000152587891,6.090000152587891,11918,0.0,0.0
2024-07-31 13:42:00-04:00,6.090000152587891,6.09499979019165,6.085000038146973,6.085000038146973,18729,0.0,0.0
2024-07-31 13:43:00-04:00,6.089900016784668,6.099999904632568,6.085000038146973,6.099999904632568,5152,0.0,0.0
2024-07-31 13:44:00-04:00,6.095300197601318,6.110000133514404,6.095300197601318,6.110000133514404,3301,0.0,0.0
2024-07-31 13:45:00-04:00,6.105000019073486,6.105000019073486,6.099999904632568,6.099999904632568,3656,0.0,0.0
2024-07-31 13:46:00-04:00,6.093100070953369,6.09499979019165,6.074999809265137,6.079999923706055,131173,0.0,0.0
2024-07-31 13:47:00-04:00,6.074999809265137,6.079999923706055,6.065000057220459,6.079999923706055,112847,0.0,0.0
2024-07-31 13:48:00-04:00,6.079999923706055,6.090000152587891,6.079999923706055,6.086900234222412,2817,0.0,0.0
2024-07-31 13:49:00-04:00,6.079999923706055,6.090000152587891,6.079999923706055,6.085000038146973,9012,0.0,0.0
2024-07-31 13:50:00-04:00,6.079999923706055,6.090000152587891,6.079999923706055,6.085000038146973,3922,0.0,0.0
2024-07-31 13:51:00-04:00,6.090000152587891,6.090000152587891,6.081399917602539,6.085000038146973,2019,0.0,0.0
2024-07-31 13:52:00-04:00,6.085000038146973,6.090000152587891,6.079999923706055,6.085000038146973,12832,0.0,0.0
2024-07-31 13:53:00-04:00,6.086299896240234,6.086299896240234,6.079999923706055,6.085000038146973,2727,0.0,0.0
2024-07-31 13:54:00-04:00,6.085000038146973,6.090000152587891,6.079999923706055,6.085000038146973,1770,0.0,0.0
2024-07-31 13:55:00-04:00,6.085000038146973,6.090000152587891,6.079999923706055,6.085000038146973,17972,0.0,0.0
2024-07-31 13:56:00-04:00,6.085000038146973,6.090000152587891,6.085000038146973,6.085000038146973,3970,0.0,0.0
2024-07-31 13:57:00-04:00,6.079999923706055,6.085000038146973,6.079999923706055,6.079999923706055,6727,0.0,0.0
2024-07-31 13:58:00-04:00,6.070099830627441,6.079999923706055,6.070099830627441,6.074999809265137,4218,0.0,0.0
2024-07-31 13:59:00-04:00,6.074999809265137,6.075799942016602,6.070000171661377,6.070000171661377,2319,0.0,0.0
2024-07-31 14:00:00-04:00,6.074999809265137,6.074999809265137,6.03000020980835,6.059999942779541,34805,0.0,0.0
2024-07-31 14:01:00-04:00,6.059999942779541,6.074999809265137,6.059999942779541,6.074999809265137,8951,0.0,0.0
2024-07-31 14:02:00-04:00,6.070000171661377,6.079100131988525,6.070000171661377,6.074999809265137,10363,0.0,0.0
2024-07-31 14:03:00-04:00,6.074999809265137,6.074999809265137,6.070000171661377,6.070000171661377,3140,0.0,0.0
2024-07-31 14:04:00-04:00,6.079899787902832,6.079899787902832,6.059999942779541,6.064899921417236,5969,0.0,0.0
2024-07-31 14:05:00-04:00,6.065000057220459,6.069900035858154,6.059999942779541,6.059999942779541,3155,0.0,0.0
2024-07-31 14:06:00-04:00,6.065499782562256,6.069900035858154,6.059999942779541,6.059999942779541,2153,0.0,0.0
2024-07-31 14:07:00-04:00,6.065000057220459,6.065000057220459,6.059999942779541,6.065000057220459,1124,0.0,0.0
2024-07-31 14:08:00-04:00,6.059999942779541,6.065000057220459,6.059999942779541,6.059999942779541,1391,0.0,0.0
2024-07-31 14:09:00-04:00,6.059999942779541,6.070000171661377,6.059999942779541,6.059999942779541,1160,0.0,0.0
2024-07-31 14:10:00-04:00,6.059999942779541,6.059999942779541,6.050000190734863,6.050000190734863,3367,0.0,0.0
2024-07-31 14:11:00-04:00,6.050300121307373,6.057600021362305,6.050000190734863,6.054999828338623,1336,0.0,0.0
2024-07-31 14:12:00-04:00,6.054999828338623,6.054999828338623,6.045000076293945,6.045000076293945,4450,0.0,0.0
2024-07-31 14:13:00-04:00,6.045000076293945,6.050000190734863,6.034999847412109,6.039999961853027,12556,0.0,0.0
2024-07-31 14:14:00-04:00,6.045000076293945,6.050000190734863,6.045000076293945,6.045000076293945,1081,0.0,0.0
2024-07-31 14:15:00-04:00,6.050000190734863,6.050000190734863,6.045000076293945,6.046000003814697,971,0.0,0.0
2024-07-31 14:16:00-04:00,6.050000190734863,6.050000190734863,6.034999847412109,6.034999847412109,7862,0.0,0.0
2024-07-31 14:17:00-04:00,6.039999961853027,6.045000076293945,6.034999847412109,6.045000076293945,2677,0.0,0.0
2024-07-31 14:18:00-04:00,6.045000076293945,6.046800136566162,6.039999961853027,6.045000076293945,3767,0.0,0.0
2024-07-31 14:19:00-04:00,6.049900054931641,6.049900054931641,6.039999961853027,6.039999961853027,1739,0.0,0.0
2024-07-31 14:20:00-04:00,6.039999961853027,6.039999961853027,6.034999847412109,6.034999847412109,3526,0.0,0.0
2024-07-31 14:21:00-04:00,6.034999847412109,6.039999961853027,6.03000020980835,6.039999961853027,1644,0.0,0.0
2024-07-31 14:22:00-04:00,6.03980016708374,6.039999961853027,6.034999847412109,6.034999847412109,1054,0.0,0.0
2024-07-31 14:23:00-04:00,6.03000020980835,6.0391998291015625,6.03000020980835,6.034999847412109,17706,0.0,0.0
2024-07-31 14:24:00-04:00,6.034999847412109,6.034999847412109,6.03000020980835,6.03000020980835,1673,0.0,0.0
2024-07-31 14:25:00-04:00,6.03000020980835,6.03000020980835,6.019999980926514,6.019999980926514,13539,0.0,0.0
2024-07-31 14:26:00-04:00,6.019999980926514,6.03000020980835,6.019999980926514,6.026000022888184,6892,0.0,0.0
2024-07-31 14:27:00-04:00,6.025000095367432,6.025000095367432,6.020100116729736,6.02400016784668,2783,0.0,0.0
2024-07-31 14:28:00-04:00,6.025000095367432,6.025000095367432,6.019999980926514,6.025000095367432,1415,0.0,0.0
2024-07-31 14:29:00-04:00,6.025000095367432,6.03000020980835,6.019999980926514,6.03000020980835,2373,0.0,0.0
2024-07-31 14:30:00-04:00,6.025000095367432,6.039999961853027,6.025000095367432,6.039999961853027,8722,0.0,0.0
2024-07-31 14:31:00-04:00,6.039999961853027,6.045000076293945,6.03000020980835,6.045000076293945,12124,0.0,0.0
2024-07-31 14:32:00-04:00,6.045000076293945,6.065000057220459,6.045000076293945,6.059999942779541,16337,0.0,0.0
2024-07-31 14:33:00-04:00,6.065000057220459,6.070000171661377,6.039999961853027,6.054999828338623,26963,0.0,0.0
2024-07-31 14:34:00-04:00,6.054999828338623,6.059999942779541,6.050000190734863,6.054999828338623,2026,0.0,0.0
2024-07-31 14:35:00-04:00,6.050000190734863,6.050000190734863,6.03000020980835,6.039999961853027,5123,0.0,0.0
2024-07-31 14:36:00-04:00,6.039999961853027,6.050000190734863,6.034999847412109,6.050000190734863,20315,0.0,0.0
2024-07-31 14:37:00-04:00,6.0457000732421875,6.059999942779541,6.039999961853027,6.039999961853027,18646,0.0,0.0
2024-07-31 14:38:00-04:00,6.039999961853027,6.045000076293945,6.034599781036377,6.039999961853027,9604,0.0,0.0
2024-07-31 14:39:00-04:00,6.039999961853027,6.050000190734863,6.039999961853027,6.039999961853027,9086,0.0,0.0
2024-07-31 14:40:00-04:00,6.050000190734863,6.059999942779541,6.034999847412109,6.054999828338623,11199,0.0,0.0
2024-07-31 14:41:00-04:00,6.054999828338623,6.09499979019165,6.053599834442139,6.09499979019165,43759,0.0,0.0
2024-07-31 14:42:00-04:00,6.09499979019165,6.09499979019165,6.070000171661377,6.090000152587891,10137,0.0,0.0
2024-07-31 14:43:00-04:00,6.090000152587891,6.110000133514404,6.090000152587891,6.110000133514404,15241,0.0,0.0
2024-07-31 14:44:00-04:00,6.110000133514404,6.129499912261963,6.110000133514404,6.129499912261963,12296,0.0,0.0
2024-07-31 14:45:00-04:00,6.119999885559082,6.130000114440918,6.119999885559082,6.125,4185,0.0,0.0
2024-07-31 14:46:00-04:00,6.125,6.130000114440918,6.114999771118164,6.125,17139,0.0,0.0
2024-07-31 14:47:00-04:00,6.119999885559082,6.125,6.119999885559082,6.125,565,0.0,0.0
2024-07-31 14:48:00-04:00,6.130000114440918,6.170000076293945,6.130000114440918,6.170000076293945,14600,0.0,0.0
2024-07-31 14:49:00-04:00,6.170000076293945,6.20419979095459,6.159999847412109,6.20419979095459,36891,0.0,0.0
2024-07-31 14:50:00-04:00,6.199999809265137,6.20989990234375,6.199999809265137,6.204999923706055,18112,0.0,0.0
2024-07-31 14:51:00-04:00,6.199999809265137,6.229899883270264,6.190000057220459,6.229899883270264,51507,0.0,0.0
2024-07-31 14:52:00-04:00,6.224999904632568,6.224999904632568,6.199999809265137,6.21999979019165,24001,0.0,0.0
2024-07-31 14:53:00-04:00,6.21999979019165,6.230000019073486,6.210000038146973,6.224999904632568,17704,0.0,0.0
2024-07-31 14:54:00-04:00,6.230000019073486,6.235000133514404,6.21999979019165,6.230000019073486,12628,0.0,0.0
2024-07-31 14:55:00-04:00,6.230000019073486,6.239999771118164,6.230000019073486,6.230000019073486,8051,0.0,0.0
2024-07-31 14:56:00-04:00,6.230000019073486,6.25,6.230000019073486,6.245800018310547,10617,0.0,0.0
2024-07-31 14:57:00-04:00,6.25,6.255000114440918,6.239999771118164,6.239999771118164,24297,0.0,0.0
2024-07-31 14:58:00-04:00,6.240699768066406,6.25,6.240099906921387,6.240099906921387,15305,0.0,0.0
2024-07-31 14:59:00-04:00,6.25,6.260000228881836,6.25,6.260000228881836,11000,0.0,0.0
2024-07-31 15:00:00-04:00,6.255000114440918,6.28000020980835,6.240099906921387,6.28000020980835,24718,0.0,0.0
2024-07-31 15:01:00-04:00,6.28000020980835,6.289999961853027,6.264999866485596,6.277599811553955,31380,0.0,0.0
2024-07-31 15:02:00-04:00,6.275000095367432,6.309999942779541,6.275000095367432,6.29610013961792,38199,0.0,0.0
2024-07-31 15:03:00-04:00,6.300000190734863,6.324999809265137,6.289999961853027,6.289999961853027,48390,0.0,0.0
2024-07-31 15:04:00-04:00,6.289999961853027,6.289999961853027,6.255000114440918,6.269999980926514,14509,0.0,0.0
2024-07-31 15:05:00-04:00,6.269999980926514,6.28000020980835,6.269999980926514,6.269999980926514,22941,0.0,0.0
2024-07-31 15:06:00-04:00,6.269999980926514,6.284999847412109,6.269999980926514,6.28000020980835,10057,0.0,0.0
2024-07-31 15:07:00-04:00,6.284999847412109,6.289999961853027,6.264999866485596,6.275000095367432,3690,0.0,0.0
2024-07-31 15:08:00-04:00,6.269999980926514,6.269999980926514,6.244999885559082,6.244999885559082,8069,0.0,0.0
2024-07-31 15:09:00-04:00,6.239999771118164,6.239999771118164,6.21999979019165,6.21999979019165,6916,0.0,0.0
2024-07-31 15:10:00-04:00,6.230000019073486,6.230000019073486,6.210000038146973,6.224999904632568,7243,0.0,0.0
2024-07-31 15:11:00-04:00,6.21999979019165,6.235000133514404,6.210000038146973,6.219299793243408,17313,0.0,0.0
2024-07-31 15:12:00-04:00,6.210000038146973,6.215000152587891,6.195000171661377,6.204999923706055,38626,0.0,0.0
2024-07-31 15:13:00-04:00,6.210000038146973,6.210000038146973,6.199999809265137,6.201000213623047,4328,0.0,0.0
2024-07-31 15:14:00-04:00,6.199999809265137,6.204999923706055,6.199999809265137,6.199999809265137,11101,0.0,0.0
2024-07-31 15:15:00-04:00,6.204999923706055,6.210000038146973,6.199999809265137,6.204999923706055,2562,0.0,0.0
2024-07-31 15:16:00-04:00,6.210000038146973,6.21999979019165,6.204999923706055,6.210000038146973,12389,0.0,0.0
2024-07-31 15:17:00-04:00,6.210000038146973,6.224999904632568,6.204999923706055,6.220099925994873,12323,0.0,0.0
2024-07-31 15:18:00-04:00,6.230000019073486,6.230000019073486,6.184999942779541,6.184999942779541,24401,0.0,0.0
2024-07-31 15:19:00-04:00,6.183199882507324,6.210000038146973,6.179999828338623,6.190000057220459,21561,0.0,0.0
2024-07-31 15:20:00-04:00,6.190000057220459,6.204999923706055,6.184999942779541,6.204999923706055,4370,0.0,0.0
2024-07-31 15:21:00-04:00,6.210000038146973,6.21999979019165,6.210000038146973,6.210000038146973,3705,0.0,0.0
2024-07-31 15:22:00-04:00,6.21999979019165,6.21999979019165,6.204999923706055,6.204999923706055,3892,0.0,0.0
2024-07-31 15:23:00-04:00,6.204999923706055,6.204999923706055,6.190000057220459,6.190000057220459,4746,0.0,0.0
2024-07-31 15:24:00-04:00,6.179999828338623,6.179999828338623,6.150000095367432,6.150000095367432,29190,0.0,0.0
2024-07-31 15:25:00-04:00,6.150000095367432,6.15500020980835,6.139999866485596,6.150000095367432,12814,0.0,0.0
2024-07-31 15:26:00-04:00,6.150000095367432,6.15500020980835,6.139999866485596,6.150000095367432,11211,0.0,0.0
2024-07-31 15:27:00-04:00,6.150000095367432,6.150000095367432,6.125,6.125,12434,0.0,0.0
2024-07-31 15:28:00-04:00,6.130000114440918,6.130000114440918,6.114999771118164,6.125,12715,0.0,0.0
2024-07-31 15:29:00-04:00,6.125,6.130000114440918,6.114999771118164,6.114999771118164,19681,0.0,0.0
2024-07-31 15:30:00-04:00,6.110000133514404,6.110000133514404,6.099999904632568,6.099999904632568,11715,0.0,0.0
2024-07-31 15:31:00-04:00,6.09499979019165,6.108099937438965,6.09499979019165,6.099999904632568,23155,0.0,0.0
2024-07-31 15:32:00-04:00,6.105000019073486,6.114999771118164,6.105000019073486,6.110000133514404,4736,0.0,0.0
2024-07-31 15:33:00-04:00,6.117800235748291,6.117800235748291,6.074999809265137,6.074999809265137,11786,0.0,0.0
2024-07-31 15:34:00-04:00,6.074999809265137,6.089900016784668,6.070000171661377,6.079999923706055,14570,0.0,0.0
2024-07-31 15:35:00-04:00,6.079999923706055,6.099999904632568,6.079999923706055,6.099999904632568,22535,0.0,0.0
2024-07-31 15:36:00-04:00,6.099999904632568,6.105000019073486,6.090000152587891,6.090000152587891,14529,0.0,0.0
2024-07-31 15:37:00-04:00,6.090000152587891,6.099999904632568,6.090000152587891,6.090000152587891,4012,0.0,0.0
2024-07-31 15:38:00-04:00,6.090000152587891,6.090000152587891,6.054999828338623,6.069900035858154,24329,0.0,0.0
2024-07-31 15:39:00-04:00,6.070000171661377,6.074999809265137,6.059999942779541,6.065000057220459,16154,0.0,0.0
2024-07-31 15:40:00-04:00,6.065000057220459,6.070000171661377,6.059999942779541,6.065000057220459,15597,0.0,0.0
2024-07-31 15:41:00-04:00,6.065000057220459,6.070000171661377,6.054999828338623,6.054999828338623,7693,0.0,0.0
2024-07-31 15:42:00-04:00,6.054999828338623,6.054999828338623,6.050000190734863,6.054999828338623,16932,0.0,0.0
2024-07-31 15:43:00-04:00,6.054299831390381,6.065000057220459,6.050000190734863,6.059899806976318,19494,0.0,0.0
2024-07-31 15:44:00-04:00,6.054999828338623,6.059999942779541,6.039999961853027,6.059999942779541,14687,0.0,0.0
2024-07-31 15:45:00-04:00,6.050000190734863,6.059999942779541,6.050000190734863,6.054999828338623,24283,0.0,0.0
2024-07-31 15:46:00-04:00,6.054999828338623,6.070000171661377,6.050000190734863,6.059899806976318,97616,0.0,0.0
2024-07-31 15:47:00-04:00,6.054999828338623,6.054999828338623,6.039999961853027,6.039999961853027,24037,0.0,0.0
2024-07-31 15:48:00-04:00,6.03000020980835,6.039899826049805,6.03000020980835,6.034999847412109,5438,0.0,0.0
2024-07-31 15:49:00-04:00,6.03000020980835,6.034999847412109,6.03000020980835,6.034999847412109,21872,0.0,0.0
2024-07-31 15:50:00-04:00,6.034999847412109,6.039999961853027,6.03000020980835,6.034999847412109,15609,0.0,0.0
2024-07-31 15:51:00-04:00,6.034999847412109,6.039000034332275,6.010000228881836,6.014999866485596,18095,0.0,0.0
2024-07-31 15:52:00-04:00,6.010000228881836,6.019899845123291,5.980000019073486,5.984600067138672,86532,0.0,0.0
2024-07-31 15:53:00-04:00,5.985000133514404,5.989999771118164,5.980000019073486,5.980000019073486,22050,0.0,0.0
2024-07-31 15:54:00-04:00,5.985000133514404,5.989999771118164,5.980000019073486,5.980000019073486,38286,0.0,0.0
2024-07-31 15:55:00-04:00,5.9899001121521,5.994999885559082,5.980000019073486,5.985000133514404,100478,0.0,0.0
2024-07-31 15:56:00-04:00,5.980000019073486,5.989999771118164,5.980000019073486,5.980000019073486,29956,0.0,0.0
2024-07-31 15:57:00-04:00,5.980000019073486,5.985000133514404,5.960000038146973,5.960000038146973,88640,0.0,0.0
2024-07-31 15:58:00-04:00,5.965000152587891,5.96999979019165,5.954999923706055,5.965000152587891,274533,0.0,0.0
2024-07-31 15:59:00-04:00,5.965000152587891,5.989999771118164,5.960000038146973,5.989999771118164,156953,0.0,0.0
2024-08-01 09:30:00-04:00,5.960000038146973,5.980000019073486,5.929999828338623,5.929999828338623,257982,0.0,0.0
2024-08-01 09:31:00-04:00,5.920400142669678,5.940000057220459,5.900000095367432,5.900100231170654,37884,0.0,0.0
2024-08-01 09:32:00-04:00,5.900000095367432,5.909999847412109,5.889999866485596,5.909999847412109,34714,0.0,0.0
2024-08-01 09:33:00-04:00,5.914999961853027,5.914999961853027,5.90500020980835,5.90500020980835,9685,0.0,0.0
2024-08-01 09:34:00-04:00,5.900199890136719,5.909999847412109,5.88129997253418,5.885000228881836,23984,0.0,0.0
2024-08-01 09:35:00-04:00,5.889999866485596,5.889999866485596,5.869999885559082,5.875,35018,0.0,0.0
2024-08-01 09:36:00-04:00,5.869999885559082,5.885000228881836,5.860000133514404,5.869900226593018,53139,0.0,0.0
2024-08-01 09:37:00-04:00,5.869999885559082,5.880000114440918,5.860000133514404,5.869999885559082,43137,0.0,0.0
2024-08-01 09:38:00-04:00,5.869999885559082,5.879799842834473,5.855000019073486,5.859899997711182,12456,0.0,0.0
2024-08-01 09:39:00-04:00,5.851200103759766,5.872900009155273,5.840000152587891,5.872900009155273,113187,0.0,0.0
2024-08-01 09:40:00-04:00,5.875,5.879899978637695,5.840000152587891,5.84499979019165,25315,0.0,0.0
2024-08-01 09:41:00-04:00,5.84499979019165,5.849999904632568,5.820000171661377,5.824999809265137,109116,0.0,0.0
2024-08-01 09:42:00-04:00,5.824999809265137,5.824999809265137,5.800000190734863,5.815000057220459,46577,0.0,0.0
2024-08-01 09:43:00-04:00,5.819900035858154,5.860000133514404,5.815000057220459,5.860000133514404,45129,0.0,0.0
2024-08-01 09:44:00-04:00,5.860000133514404,5.869900226593018,5.860000133514404,5.864999771118164,3194,0.0,0.0
2024-08-01 09:45:00-04:00,5.864999771118164,5.869999885559082,5.860000133514404,5.860000133514404,13709,0.0,0.0
2024-08-01 09:46:00-04:00,5.850100040435791,5.869999885559082,5.850100040435791,5.864999771118164,11829,0.0,0.0
2024-08-01 09:47:00-04:00,5.864999771118164,5.880000114440918,5.8649001121521,5.875,43467,0.0,0.0
2024-08-01 09:48:00-04:00,5.880000114440918,5.885000228881836,5.855000019073486,5.855000019073486,37669,0.0,0.0
2024-08-01 09:49:00-04:00,5.859899997711182,5.869999885559082,5.849999904632568,5.859799861907959,25939,0.0,0.0
2024-08-01 09:50:00-04:00,5.860000133514404,5.860000133514404,5.849999904632568,5.859899997711182,11172,0.0,0.0
2024-08-01 09:51:00-04:00,5.855000019073486,5.864999771118164,5.849999904632568,5.864999771118164,12030,0.0,0.0
2024-08-01 09:52:00-04:00,5.860000133514404,5.860000133514404,5.849999904632568,5.849999904632568,11696,0.0,0.0
2024-08-01 09:53:00-04:00,5.849999904632568,5.859899997711182,5.829999923706055,5.829999923706055,13832,0.0,0.0
2024-08-01 09:54:00-04:00,5.840000152587891,5.840000152587891,5.829999923706055,5.829999923706055,20127,0.0,0.0
2024-08-01 09:55:00-04:00,5.8256001472473145,5.829999923706055,5.820000171661377,5.824999809265137,26474,0.0,0.0
2024-08-01 09:56:00-04:00,5.824999809265137,5.829899787902832,5.809999942779541,5.824999809265137,30905,0.0,0.0
2024-08-01 09:57:00-04:00,5.820000171661377,5.829899787902832,5.809999942779541,5.815000057220459,16653,0.0,0.0
2024-08-01 09:58:00-04:00,5.815000057220459,5.820000171661377,5.804999828338623,5.804999828338623,43596,0.0,0.0
2024-08-01 09:59:00-04:00,5.804999828338623,5.820000171661377,5.804999828338623,5.809999942779541,20218,0.0,0.0
2024-08-01 10:00:00-04:00,5.815000057220459,5.829999923706055,5.800000190734863,5.829999923706055,43293,0.0,0.0
2024-08-01 10:01:00-04:00,5.824999809265137,5.840000152587891,5.820000171661377,5.840000152587891,19335,0.0,0.0
2024-08-01 10:02:00-04:00,5.8379998207092285,5.860000133514404,5.829999923706055,5.859799861907959,31194,0.0,0.0
2024-08-01 10:03:00-04:00,5.860000133514404,5.869999885559082,5.840000152587891,5.840000152587891,29885,0.0,0.0
2024-08-01 10:04:00-04:00,5.840000152587891,5.840000152587891,5.824999809265137,5.830100059509277,31411,0.0,0.0
2024-08-01 10:05:00-04:00,5.840000152587891,5.840000152587891,5.823699951171875,5.8246002197265625,14469,0.0,0.0
2024-08-01 10:06:00-04:00,5.824999809265137,5.824999809265137,5.810999870300293,5.814700126647949,6292,0.0,0.0
2024-08-01 10:07:00-04:00,5.819900035858154,5.819900035858154,5.800000190734863,5.804999828338623,23346,0.0,0.0
2024-08-01 10:08:00-04:00,5.804999828338623,5.809999942779541,5.789999961853027,5.792600154876709,122981,0.0,0.0
2024-08-01 10:09:00-04:00,5.795000076293945,5.799900054931641,5.784999847412109,5.784999847412109,26341,0.0,0.0
2024-08-01 10:10:00-04:00,5.784999847412109,5.79610013961792,5.78000020980835,5.790299892425537,44655,0.0,0.0
2024-08-01 10:11:00-04:00,5.795000076293945,5.800000190734863,5.789999961853027,5.795000076293945,9404,0.0,0.0
2024-08-01 10:12:00-04:00,5.795000076293945,5.799900054931641,5.789999961853027,5.795000076293945,12238,0.0,0.0
2024-08-01 10:13:00-04:00,5.795000076293945,5.809999942779541,5.789999961853027,5.809999942779541,35017,0.0,0.0
2024-08-01 10:14:00-04:00,5.810299873352051,5.820000171661377,5.809999942779541,5.815000057220459,32908,0.0,0.0
2024-08-01 10:15:00-04:00,5.815000057220459,5.820000171661377,5.800000190734863,5.809999942779541,17401,0.0,0.0
2024-08-01 10:16:00-04:00,5.820000171661377,5.824999809265137,5.804999828338623,5.804999828338623,16453,0.0,0.0
2024-08-01 10:17:00-04:00,5.804999828338623,5.809899806976318,5.800000190734863,5.804999828338623,7992,0.0,0.0
2024-08-01 10:18:00-04:00,5.809899806976318,5.809899806976318,5.789999961853027,5.789999961853027,18671,0.0,0.0
2024-08-01 10:19:00-04:00,5.795000076293945,5.79580020904541,5.789999961853027,5.795000076293945,11721,0.0,0.0
2024-08-01 10:20:00-04:00,5.790200233459473,5.795000076293945,5.78000020980835,5.7820000648498535,34004,0.0,0.0
2024-08-01 10:21:00-04:00,5.784999847412109,5.785799980163574,5.75,5.760000228881836,69047,0.0,0.0
2024-08-01 10:22:00-04:00,5.769999980926514,5.769999980926514,5.755000114440918,5.755000114440918,27298,0.0,0.0
2024-08-01 10:23:00-04:00,5.755000114440918,5.760000228881836,5.75,5.75,34391,0.0,0.0
2024-08-01 10:24:00-04:00,5.749800205230713,5.75,5.739999771118164,5.739999771118164,12535,0.0,0.0
2024-08-01 10:25:00-04:00,5.739999771118164,5.749899864196777,5.71999979019165,5.724999904632568,66470,0.0,0.0
2024-08-01 10:26:00-04:00,5.720099925994873,5.730000019073486,5.71999979019165,5.724999904632568,10820,0.0,0.0
2024-08-01 10:27:00-04:00,5.720099925994873,5.735000133514404,5.71999979019165,5.731500148773193,30686,0.0,0.0
2024-08-01 10:28:00-04:00,5.735000133514404,5.7399001121521,5.730000019073486,5.735000133514404,6847,0.0,0.0
2024-08-01 10:29:00-04:00,5.735000133514404,5.7399001121521,5.724999904632568,5.724999904632568,23079,0.0,0.0
2024-08-01 10:30:00-04:00,5.724999904632568,5.729899883270264,5.71999979019165,5.724999904632568,16512,0.0,0.0
2024-08-01 10:31:00-04:00,5.724999904632568,5.729899883270264,5.710000038146973,5.710000038146973,24855,0.0,0.0
2024-08-01 10:32:00-04:00,5.710000038146973,5.719900131225586,5.699999809265137,5.704999923706055,25945,0.0,0.0
2024-08-01 10:33:00-04:00,5.704999923706055,5.71999979019165,5.699999809265137,5.710000038146973,34161,0.0,0.0
2024-08-01 10:34:00-04:00,5.71999979019165,5.730000019073486,5.715000152587891,5.724999904632568,20492,0.0,0.0
2024-08-01 10:35:00-04:00,5.723599910736084,5.724999904632568,5.71999979019165,5.724999904632568,15868,0.0,0.0
2024-08-01 10:36:00-04:00,5.724999904632568,5.724999904632568,5.699999809265137,5.699999809265137,25623,0.0,0.0
2024-08-01 10:37:00-04:00,5.699999809265137,5.706299781799316,5.695000171661377,5.695000171661377,23435,0.0,0.0
2024-08-01 10:38:00-04:00,5.699999809265137,5.749899864196777,5.699999809265137,5.749899864196777,41695,0.0,0.0
2024-08-01 10:39:00-04:00,5.739999771118164,5.744999885559082,5.730100154876709,5.735899925231934,15585,0.0,0.0
2024-08-01 10:40:00-04:00,5.730000019073486,5.739999771118164,5.730000019073486,5.735000133514404,7923,0.0,0.0
2024-08-01 10:41:00-04:00,5.739999771118164,5.739999771118164,5.730000019073486,5.735000133514404,11072,0.0,0.0
2024-08-01 10:42:00-04:00,5.730000019073486,5.735000133514404,5.730000019073486,5.735000133514404,7745,0.0,0.0
2024-08-01 10:43:00-04:00,5.730000019073486,5.730000019073486,5.710000038146973,5.710000038146973,9309,0.0,0.0
2024-08-01 10:44:00-04:00,5.719900131225586,5.71999979019165,5.710000038146973,5.710000038146973,13445,0.0,0.0
2024-08-01 10:45:00-04:00,5.704999923706055,5.70989990234375,5.699999809265137,5.704999923706055,7197,0.0,0.0
2024-08-01 10:46:00-04:00,5.699999809265137,5.710000038146973,5.699999809265137,5.704999923706055,5756,0.0,0.0
2024-08-01 10:47:00-04:00,5.699999809265137,5.704999923706055,5.690000057220459,5.695000171661377,20329,0.0,0.0
2024-08-01 10:48:00-04:00,5.695000171661377,5.695000171661377,5.670000076293945,5.670000076293945,24238,0.0,0.0
2024-08-01 10:49:00-04:00,5.670000076293945,5.679800033569336,5.670000076293945,5.670100212097168,17789,0.0,0.0
2024-08-01 10:50:00-04:00,5.670000076293945,5.709799766540527,5.670000076293945,5.704999923706055,49523,0.0,0.0
2024-08-01 10:51:00-04:00,5.699999809265137,5.704999923706055,5.670000076293945,5.675000190734863,30084,0.0,0.0
2024-08-01 10:52:00-04:00,5.675000190734863,5.679900169372559,5.659999847412109,5.670000076293945,24376,0.0,0.0
2024-08-01 10:53:00-04:00,5.670000076293945,5.684999942779541,5.659999847412109,5.679999828338623,42416,0.0,0.0
2024-08-01 10:54:00-04:00,5.670000076293945,5.679999828338623,5.670000076293945,5.670100212097168,17502,0.0,0.0
2024-08-01 10:55:00-04:00,5.679999828338623,5.679999828338623,5.659999847412109,5.664999961853027,10749,0.0,0.0
2024-08-01 10:56:00-04:00,5.659999847412109,5.679999828338623,5.659999847412109,5.675000190734863,31897,0.0,0.0
2024-08-01 10:57:00-04:00,5.679900169372559,5.679900169372559,5.659999847412109,5.660099983215332,12143,0.0,0.0
2024-08-01 10:58:00-04:00,5.666800022125244,5.666800022125244,5.659999847412109,5.6616997718811035,5761,0.0,0.0
2024-08-01 10:59:00-04:00,5.664999961853027,5.664999961853027,5.65500020980835,5.659999847412109,15574,0.0,0.0
2024-08-01 11:00:00-04:00,5.65500020980835,5.65500020980835,5.639999866485596,5.650000095367432,45390,0.0,0.0
2024-08-01 11:01:00-04:00,5.659999847412109,5.659999847412109,5.650000095367432,5.650000095367432,9297,0.0,0.0
2024-08-01 11:02:00-04:00,5.659999847412109,5.659999847412109,5.639999866485596,5.650000095367432,27340,0.0,0.0
2024-08-01 11:03:00-04:00,5.650000095367432,5.657899856567383,5.650000095367432,5.650000095367432,6495,0.0,0.0
2024-08-01 11:04:00-04:00,5.65500020980835,5.65500020980835,5.644999980926514,5.644999980926514,10406,0.0,0.0
2024-08-01 11:05:00-04:00,5.649899959564209,5.649899959564209,5.630000114440918,5.630000114440918,21739,0.0,0.0
2024-08-01 11:06:00-04:00,5.630000114440918,5.635000228881836,5.619999885559082,5.619999885559082,59187,0.0,0.0
2024-08-01 11:07:00-04:00,5.625,5.630000114440918,5.619999885559082,5.625,11339,0.0,0.0
2024-08-01 11:08:00-04:00,5.630000114440918,5.635000228881836,5.619999885559082,5.619999885559082,25233,0.0,0.0
2024-08-01 11:09:00-04:00,5.619999885559082,5.630000114440918,5.619999885559082,5.625,7354,0.0,0.0
2024-08-01 11:10:00-04:00,5.619999885559082,5.629899978637695,5.619999885559082,5.625,22458,0.0,0.0
2024-08-01 11:11:00-04:00,5.625,5.625,5.619999885559082,5.625,17472,0.0,0.0
2024-08-01 11:12:00-04:00,5.625,5.625,5.610000133514404,5.610000133514404,14137,0.0,0.0
2024-08-01 11:13:00-04:00,5.610000133514404,5.619900226593018,5.610000133514404,5.610000133514404,7975,0.0,0.0
2024-08-01 11:14:00-04:00,5.610000133514404,5.619999885559082,5.610000133514404,5.610000133514404,6278,0.0,0.0
2024-08-01 11:15:00-04:00,5.619900226593018,5.619900226593018,5.610000133514404,5.614999771118164,7566,0.0,0.0
2024-08-01 11:16:00-04:00,5.610099792480469,5.629899978637695,5.610000133514404,5.629899978637695,30156,0.0,0.0
2024-08-01 11:17:00-04:00,5.619999885559082,5.619999885559082,5.610000133514404,5.619999885559082,37914,0.0,0.0
2024-08-01 11:18:00-04:00,5.6132001876831055,5.618599891662598,5.610000133514404,5.610000133514404,6303,0.0,0.0
2024-08-01 11:19:00-04:00,5.614999771118164,5.618500232696533,5.610000133514404,5.614999771118164,7013,0.0,0.0
2024-08-01 11:20:00-04:00,5.619900226593018,5.619999885559082,5.610000133514404,5.614999771118164,7195,0.0,0.0
2024-08-01 11:21:00-04:00,5.610000133514404,5.619999885559082,5.610000133514404,5.619999885559082,5817,0.0,0.0
2024-08-01 11:22:00-04:00,5.614999771118164,5.614999771118164,5.599999904632568,5.609899997711182,31641,0.0,0.0
2024-08-01 11:23:00-04:00,5.60890007019043,5.610000133514404,5.599999904632568,5.605000019073486,13394,0.0,0.0
2024-08-01 11:24:00-04:00,5.605000019073486,5.619999885559082,5.599999904632568,5.605000019073486,31857,0.0,0.0
2024-08-01 11:25:00-04:00,5.605000019073486,5.639900207519531,5.605000019073486,5.630000114440918,81233,0.0,0.0
2024-08-01 11:26:00-04:00,5.635000228881836,5.637499809265137,5.625,5.625,7375,0.0,0.0
2024-08-01 11:27:00-04:00,5.625400066375732,5.638599872589111,5.625,5.638599872589111,7720,0.0,0.0
2024-08-01 11:28:00-04:00,5.630000114440918,5.636099815368652,5.630000114440918,5.630000114440918,8030,0.0,0.0
2024-08-01 11:29:00-04:00,5.639900207519531,5.639900207519531,5.610000133514404,5.611299991607666,54102,0.0,0.0
2024-08-01 11:30:00-04:00,5.614999771118164,5.619999885559082,5.610000133514404,5.619999885559082,7162,0.0,0.0
2024-08-01 11:31:00-04:00,5.619999885559082,5.619999885559082,5.610000133514404,5.619900226593018,14646,0.0,0.0
2024-08-01 11:32:00-04:00,5.619999885559082,5.625,5.610000133514404,5.625,15333,0.0,0.0
2024-08-01 11:33:00-04:00,5.625,5.625,5.614999771118164,5.614999771118164,3199,0.0,0.0
2024-08-01 11:34:00-04:00,5.619999885559082,5.619999885559082,5.599999904632568,5.600100040435791,10578,0.0,0.0
2024-08-01 11:35:00-04:00,5.605000019073486,5.610000133514404,5.599999904632568,5.599999904632568,16770,0.0,0.0
2024-08-01 11:36:00-04:00,5.600100040435791,5.605000019073486,5.599999904632568,5.599999904632568,13849,0.0,0.0
2024-08-01 11:37:00-04:00,5.599999904632568,5.599999904632568,5.590000152587891,5.59499979019165,53206,0.0,0.0
2024-08-01 11:38:00-04:00,5.59499979019165,5.599999904632568,5.590000152587891,5.599999904632568,4418,0.0,0.0
2024-08-01 11:39:00-04:00,5.59499979019165,5.599899768829346,5.590000152587891,5.59499979019165,9263,0.0,0.0
2024-08-01 11:40:00-04:00,5.590000152587891,5.59499979019165,5.579999923706055,5.585000038146973,18561,0.0,0.0
2024-08-01 11:41:00-04:00,5.585000038146973,5.589900016784668,5.579999923706055,5.579999923706055,16582,0.0,0.0
2024-08-01 11:42:00-04:00,5.579999923706055,5.579999923706055,5.570000171661377,5.570000171661377,21913,0.0,0.0
2024-08-01 11:43:00-04:00,5.574999809265137,5.578000068664551,5.570000171661377,5.570000171661377,8490,0.0,0.0
2024-08-01 11:44:00-04:00,5.574999809265137,5.579999923706055,5.570000171661377,5.579999923706055,30078,0.0,0.0
2024-08-01 11:45:00-04:00,5.574999809265137,5.574999809265137,5.570000171661377,5.570000171661377,3571,0.0,0.0
2024-08-01 11:46:00-04:00,5.574999809265137,5.579999923706055,5.570000171661377,5.579899787902832,6085,0.0,0.0
2024-08-01 11:47:00-04:00,5.570000171661377,5.570000171661377,5.559999942779541,5.559999942779541,11050,0.0,0.0
2024-08-01 11:48:00-04:00,5.568900108337402,5.579999923706055,5.559999942779541,5.579999923706055,41642,0.0,0.0
2024-08-01 11:49:00-04:00,5.570000171661377,5.579999923706055,5.570000171661377,5.579999923706055,9662,0.0,0.0
2024-08-01 11:50:00-04:00,5.574999809265137,5.579899787902832,5.570000171661377,5.574999809265137,5468,0.0,0.0
2024-08-01 11:51:00-04:00,5.574999809265137,5.587299823760986,5.570000171661377,5.579999923706055,15057,0.0,0.0
2024-08-01 11:52:00-04:00,5.585000038146973,5.590000152587891,5.585000038146973,5.585000038146973,2197,0.0,0.0
2024-08-01 11:53:00-04:00,5.579999923706055,5.590000152587891,5.579999923706055,5.585000038146973,17797,0.0,0.0
2024-08-01 11:54:00-04:00,5.594900131225586,5.609799861907959,5.590000152587891,5.599999904632568,37354,0.0,0.0
2024-08-01 11:55:00-04:00,5.59499979019165,5.599999904632568,5.59499979019165,5.59499979019165,6165,0.0,0.0
2024-08-01 11:56:00-04:00,5.605000019073486,5.605000019073486,5.605000019073486,5.605000019073486,315,0.0,0.0
2024-08-01 11:57:00-04:00,5.605000019073486,5.610000133514404,5.601600170135498,5.610000133514404,5695,0.0,0.0
2024-08-01 11:58:00-04:00,5.605000019073486,5.614999771118164,5.599999904632568,5.610000133514404,22397,0.0,0.0
2024-08-01 11:59:00-04:00,5.619999885559082,5.619999885559082,5.605000019073486,5.605000019073486,28748,0.0,0.0
2024-08-01 12:00:00-04:00,5.605000019073486,5.610000133514404,5.600100040435791,5.605000019073486,4759,0.0,0.0
2024-08-01 12:01:00-04:00,5.605000019073486,5.619999885559082,5.605000019073486,5.616700172424316,21463,0.0,0.0
2024-08-01 12:02:00-04:00,5.610000133514404,5.619500160217285,5.610000133514404,5.614999771118164,5108,0.0,0.0
2024-08-01 12:03:00-04:00,5.610000133514404,5.614999771118164,5.610000133514404,5.614999771118164,2001,0.0,0.0
2024-08-01 12:04:00-04:00,5.614999771118164,5.619999885559082,5.610000133514404,5.614999771118164,17146,0.0,0.0
2024-08-01 12:05:00-04:00,5.619999885559082,5.619999885559082,5.605000019073486,5.610000133514404,64952,0.0,0.0
2024-08-01 12:06:00-04:00,5.619999885559082,5.619999885559082,5.610000133514404,5.614999771118164,7664,0.0,0.0
2024-08-01 12:07:00-04:00,5.614999771118164,5.635000228881836,5.614999771118164,5.630000114440918,39002,0.0,0.0
2024-08-01 12:08:00-04:00,5.630000114440918,5.630000114440918,5.614999771118164,5.614999771118164,19289,0.0,0.0
2024-08-01 12:09:00-04:00,5.610000133514404,5.614999771118164,5.610000133514404,5.610000133514404,13856,0.0,0.0
2024-08-01 12:10:00-04:00,5.599999904632568,5.6066999435424805,5.590000152587891,5.590000152587891,21078,0.0,0.0
2024-08-01 12:11:00-04:00,5.590000152587891,5.598499774932861,5.579999923706055,5.579999923706055,6929,0.0,0.0
2024-08-01 12:12:00-04:00,5.585000038146973,5.589300155639648,5.579999923706055,5.584499835968018,6303,0.0,0.0
2024-08-01 12:13:00-04:00,5.585000038146973,5.585000038146973,5.579999923706055,5.579999923706055,1274,0.0,0.0
2024-08-01 12:14:00-04:00,5.579999923706055,5.588600158691406,5.579999923706055,5.579999923706055,5449,0.0,0.0
2024-08-01 12:15:00-04:00,5.590000152587891,5.599999904632568,5.585000038146973,5.599999904632568,20947,0.0,0.0
2024-08-01 12:16:00-04:00,5.599999904632568,5.609899997711182,5.599999904632568,5.605000019073486,14188,0.0,0.0
2024-08-01 12:17:00-04:00,5.605000019073486,5.610000133514404,5.599999904632568,5.599999904632568,2158,0.0,0.0
2024-08-01 12:18:00-04:00,5.610000133514404,5.610000133514404,5.590000152587891,5.594099998474121,11742,0.0,0.0
2024-08-01 12:19:00-04:00,5.598499774932861,5.599899768829346,5.585000038146973,5.585000038146973,3912,0.0,0.0
2024-08-01 12:20:00-04:00,5.585000038146973,5.585000038146973,5.579999923706055,5.579999923706055,1819,0.0,0.0
2024-08-01 12:21:00-04:00,5.579999923706055,5.580100059509277,5.579999923706055,5.579999923706055,6642,0.0,0.0
2024-08-01 12:22:00-04:00,5.579999923706055,5.579999923706055,5.559999942779541,5.559999942779541,6026,0.0,0.0
2024-08-01 12:23:00-04:00,5.559999942779541,5.570000171661377,5.559999942779541,5.559999942779541,5430,0.0,0.0
2024-08-01 12:24:00-04:00,5.559999942779541,5.567800045013428,5.554999828338623,5.554999828338623,12624,0.0,0.0
2024-08-01 12:25:00-04:00,5.550000190734863,5.559999942779541,5.550000190734863,5.554999828338623,7819,0.0,0.0
2024-08-01 12:26:00-04:00,5.554999828338623,5.559899806976318,5.550000190734863,5.554800033569336,3296,0.0,0.0
2024-08-01 12:27:00-04:00,5.554999828338623,5.559999942779541,5.550000190734863,5.559500217437744,12113,0.0,0.0
2024-08-01 12:28:00-04:00,5.550099849700928,5.559899806976318,5.550000190734863,5.550000190734863,6824,0.0,0.0
2024-08-01 12:29:00-04:00,5.554999828338623,5.559999942779541,5.550000190734863,5.550000190734863,8070,0.0,0.0
2024-08-01 12:30:00-04:00,5.550000190734863,5.559899806976318,5.550000190734863,5.554999828338623,3613,0.0,0.0
2024-08-01 12:31:00-04:00,5.554999828338623,5.554999828338623,5.539999961853027,5.545000076293945,40857,0.0,0.0
2024-08-01 12:32:00-04:00,5.539999961853027,5.550000190734863,5.539999961853027,5.545000076293945,5594,0.0,0.0
2024-08-01 12:33:00-04:00,5.545000076293945,5.548500061035156,5.539999961853027,5.545000076293945,3957,0.0,0.0
2024-08-01 12:34:00-04:00,5.539999961853027,5.545899868011475,5.539999961853027,5.539999961853027,16597,0.0,0.0
2024-08-01 12:35:00-04:00,5.534999847412109,5.539999961853027,5.53000020980835,5.534999847412109,11677,0.0,0.0
2024-08-01 12:36:00-04:00,5.534999847412109,5.545000076293945,5.53000020980835,5.545000076293945,21559,0.0,0.0
2024-08-01 12:37:00-04:00,5.545000076293945,5.549900054931641,5.539999961853027,5.539999961853027,2377,0.0,0.0
2024-08-01 12:38:00-04:00,5.539999961853027,5.549900054931641,5.539999961853027,5.544600009918213,4962,0.0,0.0
2024-08-01 12:39:00-04:00,5.545000076293945,5.545000076293945,5.53000020980835,5.539999961853027,7660,0.0,0.0
2024-08-01 12:40:00-04:00,5.534999847412109,5.539899826049805,5.53000020980835,5.530099868774414,4157,0.0,0.0
2024-08-01 12:41:00-04:00,5.53000020980835,5.534999847412109,5.53000020980835,5.53000020980835,3960,0.0,0.0
2024-08-01 12:42:00-04:00,5.53000020980835,5.534999847412109,5.524199962615967,5.524199962615967,10250,0.0,0.0
2024-08-01 12:43:00-04:00,5.521500110626221,5.534999847412109,5.521500110626221,5.53000020980835,31666,0.0,0.0
2024-08-01 12:44:00-04:00,5.525000095367432,5.535699844360352,5.519999980926514,5.533999919891357,14616,0.0,0.0
2024-08-01 12:45:00-04:00,5.534900188446045,5.539999961853027,5.53000020980835,5.53849983215332,14602,0.0,0.0
2024-08-01 12:46:00-04:00,5.534999847412109,5.539899826049805,5.53000020980835,5.53000020980835,7987,0.0,0.0
2024-08-01 12:47:00-04:00,5.531000137329102,5.534999847412109,5.53000020980835,5.534999847412109,2915,0.0,0.0
2024-08-01 12:48:00-04:00,5.534999847412109,5.534999847412109,5.525000095367432,5.525000095367432,8208,0.0,0.0
2024-08-01 12:49:00-04:00,5.525000095367432,5.525000095367432,5.519999980926514,5.525000095367432,3131,0.0,0.0
2024-08-01 12:50:00-04:00,5.525300025939941,5.525300025939941,5.519999980926514,5.519999980926514,1516,0.0,0.0
2024-08-01 12:51:00-04:00,5.520100116729736,5.525000095367432,5.510000228881836,5.519700050354004,9815,0.0,0.0
2024-08-01 12:52:00-04:00,5.510000228881836,5.519999980926514,5.510000228881836,5.519999980926514,16974,0.0,0.0
2024-08-01 12:53:00-04:00,5.510000228881836,5.536200046539307,5.510000228881836,5.534999847412109,91493,0.0,0.0
2024-08-01 12:54:00-04:00,5.534999847412109,5.534999847412109,5.519999980926514,5.52400016784668,29097,0.0,0.0
2024-08-01 12:55:00-04:00,5.525000095367432,5.53000020980835,5.519999980926514,5.525000095367432,2865,0.0,0.0
2024-08-01 12:56:00-04:00,5.525000095367432,5.525000095367432,5.519999980926514,5.519999980926514,4345,0.0,0.0
2024-08-01 12:57:00-04:00,5.525000095367432,5.53000020980835,5.519999980926514,5.525000095367432,6950,0.0,0.0
2024-08-01 12:58:00-04:00,5.525000095367432,5.525100231170654,5.519999980926514,5.519999980926514,10963,0.0,0.0
2024-08-01 12:59:00-04:00,5.519999980926514,5.519999980926514,5.5100998878479,5.5100998878479,3402,0.0,0.0
2024-08-01 13:00:00-04:00,5.514999866485596,5.514999866485596,5.510000228881836,5.510000228881836,2916,0.0,0.0
2024-08-01 13:01:00-04:00,5.510000228881836,5.510000228881836,5.480000019073486,5.489999771118164,224402,0.0,0.0
2024-08-01 13:02:00-04:00,5.480000019073486,5.485000133514404,5.480000019073486,5.480000019073486,13431,0.0,0.0
2024-08-01 13:03:00-04:00,5.480000019073486,5.489699840545654,5.480000019073486,5.486400127410889,7872,0.0,0.0
2024-08-01 13:04:00-04:00,5.489699840545654,5.489999771118164,5.480000019073486,5.489999771118164,25262,0.0,0.0
2024-08-01 13:05:00-04:00,5.489999771118164,5.489999771118164,5.480000019073486,5.4899001121521,5601,0.0,0.0
2024-08-01 13:06:00-04:00,5.480000019073486,5.489999771118164,5.46999979019165,5.46999979019165,11351,0.0,0.0
2024-08-01 13:07:00-04:00,5.46999979019165,5.479899883270264,5.46999979019165,5.46999979019165,4025,0.0,0.0
2024-08-01 13:08:00-04:00,5.46999979019165,5.479899883270264,5.46999979019165,5.474999904632568,5228,0.0,0.0
2024-08-01 13:09:00-04:00,5.474999904632568,5.474999904632568,5.465000152587891,5.46999979019165,21283,0.0,0.0
2024-08-01 13:10:00-04:00,5.46019983291626,5.46999979019165,5.460000038146973,5.46150016784668,8417,0.0,0.0
2024-08-01 13:11:00-04:00,5.465000152587891,5.46999979019165,5.460000038146973,5.465000152587891,19801,0.0,0.0
2024-08-01 13:12:00-04:00,5.464200019836426,5.469900131225586,5.460000038146973,5.460000038146973,10926,0.0,0.0
2024-08-01 13:13:00-04:00,5.465000152587891,5.46999979019165,5.460000038146973,5.460000038146973,7193,0.0,0.0
2024-08-01 13:14:00-04:00,5.460000038146973,5.469900131225586,5.460000038146973,5.460000038146973,23668,0.0,0.0
2024-08-01 13:15:00-04:00,5.460000038146973,5.465000152587891,5.460000038146973,5.465000152587891,10926,0.0,0.0
2024-08-01 13:16:00-04:00,5.465000152587891,5.469900131225586,5.460000038146973,5.465000152587891,3314,0.0,0.0
2024-08-01 13:17:00-04:00,5.461999893188477,5.46999979019165,5.454999923706055,5.465000152587891,49620,0.0,0.0
2024-08-01 13:18:00-04:00,5.460000038146973,5.479899883270264,5.460000038146973,5.479899883270264,22883,0.0,0.0
2024-08-01 13:19:00-04:00,5.46999979019165,5.474999904632568,5.460000038146973,5.46120023727417,9785,0.0,0.0
2024-08-01 13:20:00-04:00,5.460000038146973,5.460000038146973,5.449999809265137,5.449999809265137,6425,0.0,0.0
2024-08-01 13:21:00-04:00,5.454999923706055,5.45989990234375,5.449999809265137,5.454999923706055,6421,0.0,0.0
2024-08-01 13:22:00-04:00,5.454800128936768,5.460000038146973,5.449999809265137,5.455999851226807,6287,0.0,0.0
2024-08-01 13:23:00-04:00,5.449999809265137,5.454999923706055,5.445000171661377,5.445000171661377,9328,0.0,0.0
2024-08-01 13:24:00-04:00,5.445000171661377,5.445000171661377,5.440100193023682,5.445000171661377,14883,0.0,0.0
2024-08-01 13:25:00-04:00,5.445000171661377,5.445000171661377,5.440000057220459,5.445000171661377,2396,0.0,0.0
2024-08-01 13:26:00-04:00,5.445000171661377,5.449999809265137,5.440000057220459,5.440000057220459,24502,0.0,0.0
2024-08-01 13:27:00-04:00,5.440000057220459,5.449999809265137,5.440000057220459,5.445000171661377,10982,0.0,0.0
2024-08-01 13:28:00-04:00,5.449999809265137,5.460000038146973,5.445000171661377,5.454999923706055,53079,0.0,0.0
2024-08-01 13:29:00-04:00,5.454999923706055,5.46999979019165,5.454999923706055,5.46999979019165,15054,0.0,0.0
2024-08-01 13:30:00-04:00,5.468500137329102,5.46999979019165,5.460000038146973,5.460000038146973,32435,0.0,0.0
2024-08-01 13:31:00-04:00,5.464900016784668,5.469900131225586,5.460000038146973,5.465000152587891,11966,0.0,0.0
2024-08-01 13:32:00-04:00,5.464200019836426,5.469900131225586,5.460000038146973,5.460000038146973,6409,0.0,0.0
2024-08-01 13:33:00-04:00,5.465000152587891,5.465000152587891,5.460000038146973,5.464099884033203,9706,0.0,0.0
2024-08-01 13:34:00-04:00,5.462100028991699,5.469799995422363,5.460000038146973,5.460000038146973,2798,0.0,0.0
2024-08-01 13:35:00-04:00,5.460000038146973,5.462600231170654,5.454999923706055,5.454999923706055,7566,0.0,0.0
2024-08-01 13:36:00-04:00,5.454999923706055,5.480000019073486,5.454999923706055,5.46999979019165,69242,0.0,0.0
2024-08-01 13:37:00-04:00,5.46999979019165,5.46999979019165,5.460000038146973,5.460000038146973,3211,0.0,0.0
2024-08-01 13:38:00-04:00,5.460000038146973,5.46999979019165,5.460000038146973,5.460100173950195,12749,0.0,0.0
2024-08-01 13:39:00-04:00,5.46999979019165,5.46999979019165,5.454999923706055,5.454999923706055,4905,0.0,0.0
2024-08-01 13:40:00-04:00,5.454999923706055,5.460000038146973,5.449999809265137,5.45989990234375,4645,0.0,0.0
2024-08-01 13:41:00-04:00,5.449999809265137,5.46999979019165,5.449999809265137,5.46999979019165,10188,0.0,0.0
2024-08-01 13:42:00-04:00,5.460000038146973,5.469900131225586,5.460000038146973,5.460000038146973,12778,0.0,0.0
2024-08-01 13:43:00-04:00,5.465000152587891,5.465000152587891,5.460000038146973,5.460100173950195,3162,0.0,0.0
2024-08-01 13:44:00-04:00,5.460000038146973,5.46120023727417,5.449999809265137,5.449999809265137,27304,0.0,0.0
2024-08-01 13:45:00-04:00,5.449999809265137,5.460000038146973,5.449999809265137,5.449999809265137,10340,0.0,0.0
2024-08-01 13:46:00-04:00,5.454999923706055,5.460000038146973,5.449999809265137,5.450099945068359,7214,0.0,0.0
2024-08-01 13:47:00-04:00,5.45989990234375,5.46999979019165,5.451300144195557,5.465000152587891,22868,0.0,0.0
2024-08-01 13:48:00-04:00,5.465000152587891,5.466300010681152,5.460000038146973,5.460000038146973,10630,0.0,0.0
2024-08-01 13:49:00-04:00,5.465000152587891,5.465000152587891,5.460000038146973,5.465000152587891,4101,0.0,0.0
2024-08-01 13:50:00-04:00,5.465000152587891,5.469900131225586,5.460100173950195,5.46560001373291,8654,0.0,0.0
2024-08-01 13:51:00-04:00,5.469900131225586,5.47599983215332,5.465000152587891,5.47599983215332,14301,0.0,0.0
2024-08-01 13:52:00-04:00,5.480000019073486,5.489999771118164,5.480000019073486,5.489999771118164,24803,0.0,0.0
2024-08-01 13:53:00-04:00,5.5,5.505000114440918,5.489999771118164,5.505000114440918,28497,0.0,0.0
2024-08-01 13:54:00-04:00,5.5,5.514999866485596,5.5,5.514999866485596,11672,0.0,0.0
2024-08-01 13:55:00-04:00,5.519800186157227,5.519999980926514,5.510000228881836,5.514599800109863,3914,0.0,0.0
2024-08-01 13:56:00-04:00,5.514999866485596,5.514999866485596,5.489999771118164,5.489999771118164,12995,0.0,0.0
2024-08-01 13:57:00-04:00,5.5,5.5,5.493599891662598,5.5,2062,0.0,0.0
2024-08-01 13:58:00-04:00,5.5,5.5,5.489999771118164,5.493000030517578,28581,0.0,0.0
2024-08-01 13:59:00-04:00,5.489999771118164,5.5,5.489999771118164,5.494999885559082,1805,0.0,0.0
2024-08-01 14:00:00-04:00,5.5,5.5,5.46999979019165,5.46999979019165,15133,0.0,0.0
2024-08-01 14:01:00-04:00,5.474999904632568,5.480000019073486,5.46999979019165,5.479700088500977,8442,0.0,0.0
2024-08-01 14:02:00-04:00,5.474999904632568,5.47629976272583,5.46999979019165,5.46999979019165,3335,0.0,0.0
2024-08-01 14:03:00-04:00,5.46999979019165,5.480000019073486,5.46999979019165,5.474999904632568,20423,0.0,0.0
2024-08-01 14:04:00-04:00,5.474999904632568,5.480000019073486,5.46999979019165,5.46999979019165,36457,0.0,0.0
2024-08-01 14:05:00-04:00,5.474999904632568,5.480000019073486,5.46999979019165,5.4720001220703125,7903,0.0,0.0
2024-08-01 14:06:00-04:00,5.474999904632568,5.480000019073486,5.46999979019165,5.46999979019165,10625,0.0,0.0
2024-08-01 14:07:00-04:00,5.46999979019165,5.485000133514404,5.46999979019165,5.485000133514404,25452,0.0,0.0
2024-08-01 14:08:00-04:00,5.480000019073486,5.480000019073486,5.461999893188477,5.465000152587891,20634,0.0,0.0
2024-08-01 14:09:00-04:00,5.461999893188477,5.469900131225586,5.454999923706055,5.454999923706055,10132,0.0,0.0
2024-08-01 14:10:00-04:00,5.457699775695801,5.460000038146973,5.449999809265137,5.452000141143799,25453,0.0,0.0
2024-08-01 14:11:00-04:00,5.45989990234375,5.460000038146973,5.452000141143799,5.452000141143799,28855,0.0,0.0
2024-08-01 14:12:00-04:00,5.452000141143799,5.454999923706055,5.440000057220459,5.445000171661377,167120,0.0,0.0
2024-08-01 14:13:00-04:00,5.440000057220459,5.440000057220459,5.429999828338623,5.429999828338623,106280,0.0,0.0
2024-08-01 14:14:00-04:00,5.434999942779541,5.437699794769287,5.420000076293945,5.420000076293945,26917,0.0,0.0
2024-08-01 14:15:00-04:00,5.425899982452393,5.425899982452393,5.420000076293945,5.425000190734863,10549,0.0,0.0
2024-08-01 14:16:00-04:00,5.425000190734863,5.429999828338623,5.420000076293945,5.420000076293945,26326,0.0,0.0
2024-08-01 14:17:00-04:00,5.420000076293945,5.429999828338623,5.420000076293945,5.420000076293945,36274,0.0,0.0
2024-08-01 14:18:00-04:00,5.420000076293945,5.429699897766113,5.414999961853027,5.420000076293945,53367,0.0,0.0
2024-08-01 14:19:00-04:00,5.425000190734863,5.425000190734863,5.409999847412109,5.414999961853027,15937,0.0,0.0
2024-08-01 14:20:00-04:00,5.416900157928467,5.425000190734863,5.409999847412109,5.420000076293945,15765,0.0,0.0
2024-08-01 14:21:00-04:00,5.429999828338623,5.429999828338623,5.420000076293945,5.420000076293945,647,0.0,0.0
2024-08-01 14:22:00-04:00,5.425000190734863,5.445000171661377,5.425000190734863,5.440000057220459,16157,0.0,0.0
2024-08-01 14:23:00-04:00,5.446700096130371,5.446700096130371,5.440000057220459,5.440000057220459,2974,0.0,0.0
2024-08-01 14:24:00-04:00,5.440000057220459,5.445000171661377,5.429999828338623,5.429999828338623,8170,0.0,0.0
2024-08-01 14:25:00-04:00,5.429999828338623,5.434999942779541,5.420000076293945,5.420000076293945,4974,0.0,0.0
2024-08-01 14:26:00-04:00,5.425000190734863,5.429999828338623,5.414999961853027,5.420000076293945,14669,0.0,0.0
2024-08-01 14:27:00-04:00,5.418499946594238,5.420000076293945,5.409999847412109,5.410299777984619,18116,0.0,0.0
2024-08-01 14:28:00-04:00,5.414999961853027,5.420000076293945,5.400000095367432,5.414999961853027,32167,0.0,0.0
2024-08-01 14:29:00-04:00,5.414999961853027,5.429999828338623,5.414999961853027,5.429999828338623,44540,0.0,0.0
2024-08-01 14:30:00-04:00,5.429999828338623,5.429999828338623,5.420000076293945,5.425000190734863,5092,0.0,0.0
2024-08-01 14:31:00-04:00,5.420000076293945,5.425000190734863,5.420000076293945,5.420000076293945,3921,0.0,0.0
2024-08-01 14:32:00-04:00,5.42579984664917,5.42579984664917,5.414999961853027,5.414999961853027,15393,0.0,0.0
2024-08-01 14:33:00-04:00,5.420000076293945,5.420000076293945,5.414999961853027,5.414999961853027,3904,0.0,0.0
2024-08-01 14:34:00-04:00,5.414999961853027,5.414999961853027,5.409999847412109,5.409999847412109,1181,0.0,0.0
2024-08-01 14:35:00-04:00,5.409999847412109,5.425000190734863,5.409999847412109,5.425000190734863,12518,0.0,0.0
2024-08-01 14:36:00-04:00,5.425000190734863,5.425000190734863,5.414999961853027,5.414999961853027,5229,0.0,0.0
2024-08-01 14:37:00-04:00,5.420000076293945,5.420000076293945,5.414999961853027,5.414999961853027,5080,0.0,0.0
2024-08-01 14:38:00-04:00,5.419899940490723,5.419899940490723,5.414999961853027,5.414999961853027,2115,0.0,0.0
2024-08-01 14:39:00-04:00,5.420000076293945,5.420000076293945,5.414999961853027,5.414999961853027,17273,0.0,0.0
2024-08-01 14:40:00-04:00,5.414999961853027,5.420000076293945,5.409999847412109,5.414999961853027,8107,0.0,0.0
2024-08-01 14:41:00-04:00,5.414999961853027,5.425000190734863,5.414999961853027,5.420100212097168,22660,0.0,0.0
2024-08-01 14:42:00-04:00,5.420000076293945,5.4232001304626465,5.409999847412109,5.414999961853027,16313,0.0,0.0
2024-08-01 14:43:00-04:00,5.409999847412109,5.420000076293945,5.409999847412109,5.414999961853027,9114,0.0,0.0
2024-08-01 14:44:00-04:00,5.410099983215332,5.414999961853027,5.400000095367432,5.40500020980835,32820,0.0,0.0
2024-08-01 14:45:00-04:00,5.402500152587891,5.409999847412109,5.400000095367432,5.400000095367432,9512,0.0,0.0
2024-08-01 14:46:00-04:00,5.40500020980835,5.409999847412109,5.402500152587891,5.40500020980835,4938,0.0,0.0
2024-08-01 14:47:00-04:00,5.40500020980835,5.409999847412109,5.400000095367432,5.409999847412109,3055,0.0,0.0
2024-08-01 14:48:00-04:00,5.402500152587891,5.409999847412109,5.400000095367432,5.400000095367432,12803,0.0,0.0
2024-08-01 14:49:00-04:00,5.40500020980835,5.40880012512207,5.400000095367432,5.40880012512207,8708,0.0,0.0
2024-08-01 14:50:00-04:00,5.40500020980835,5.414999961853027,5.400100231170654,5.4141998291015625,29608,0.0,0.0
2024-08-01 14:52:00-04:00,5.414999961853027,5.414999961853027,5.409999847412109,5.414999961853027,5345,0.0,0.0
2024-08-01 14:53:00-04:00,5.409999847412109,5.420000076293945,5.400000095367432,5.400000095367432,36274,0.0,0.0
2024-08-01 14:54:00-04:00,5.40500020980835,5.409999847412109,5.389999866485596,5.399899959564209,142611,0.0,0.0
2024-08-01 14:55:00-04:00,5.400000095367432,5.400000095367432,5.389999866485596,5.394999980926514,22937,0.0,0.0
2024-08-01 14:56:00-04:00,5.394999980926514,5.409999847412109,5.389999866485596,5.40500020980835,19545,0.0,0.0
2024-08-01 14:57:00-04:00,5.40500020980835,5.420000076293945,5.40369987487793,5.420000076293945,12501,0.0,0.0
2024-08-01 14:58:00-04:00,5.414999961853027,5.415900230407715,5.394999980926514,5.394999980926514,9684,0.0,0.0
2024-08-01 14:59:00-04:00,5.394999980926514,5.3958001136779785,5.389999866485596,5.389999866485596,37764,0.0,0.0
2024-08-01 15:00:00-04:00,5.389999866485596,5.400000095367432,5.384200096130371,5.389999866485596,66487,0.0,0.0
2024-08-01 15:01:00-04:00,5.394999980926514,5.409999847412109,5.394999980926514,5.409200191497803,50208,0.0,0.0
2024-08-01 15:02:00-04:00,5.409900188446045,5.415500164031982,5.409900188446045,5.414999961853027,10701,0.0,0.0
2024-08-01 15:03:00-04:00,5.414999961853027,5.414999961853027,5.409999847412109,5.409999847412109,5155,0.0,0.0
2024-08-01 15:04:00-04:00,5.410099983215332,5.414999961853027,5.409999847412109,5.414999961853027,1038,0.0,0.0
2024-08-01 15:05:00-04:00,5.409999847412109,5.415599822998047,5.409999847412109,5.409999847412109,5150,0.0,0.0
2024-08-01 15:06:00-04:00,5.409999847412109,5.420000076293945,5.40500020980835,5.420000076293945,62725,0.0,0.0
2024-08-01 15:07:00-04:00,5.414999961853027,5.420000076293945,5.409999847412109,5.420000076293945,5683,0.0,0.0
2024-08-01 15:08:00-04:00,5.414999961853027,5.420000076293945,5.409999847412109,5.409999847412109,3816,0.0,0.0
2024-08-01 15:09:00-04:00,5.409999847412109,5.4197998046875,5.409999847412109,5.414999961853027,5658,0.0,0.0
2024-08-01 15:10:00-04:00,5.414999961853027,5.420000076293945,5.409999847412109,5.420000076293945,5781,0.0,0.0
2024-08-01 15:11:00-04:00,5.420000076293945,5.420000076293945,5.410099983215332,5.420000076293945,4874,0.0,0.0
2024-08-01 15:12:00-04:00,5.414999961853027,5.429999828338623,5.414999961853027,5.425000190734863,26229,0.0,0.0
2024-08-01 15:13:00-04:00,5.425000190734863,5.425000190734863,5.414999961853027,5.414999961853027,12028,0.0,0.0
2024-08-01 15:14:00-04:00,5.414999961853027,5.414999961853027,5.409999847412109,5.414999961853027,4538,0.0,0.0
2024-08-01 15:15:00-04:00,5.414999961853027,5.420000076293945,5.409999847412109,5.409999847412109,7812,0.0,0.0
2024-08-01 15:16:00-04:00,5.409999847412109,5.409999847412109,5.400000095367432,5.40500020980835,12157,0.0,0.0
2024-08-01 15:17:00-04:00,5.40500020980835,5.409999847412109,5.400000095367432,5.40500020980835,4476,0.0,0.0
2024-08-01 15:18:00-04:00,5.40500020980835,5.414999961853027,5.40500020980835,5.414999961853027,24356,0.0,0.0
2024-08-01 15:19:00-04:00,5.417799949645996,5.417799949645996,5.409999847412109,5.411499977111816,3534,0.0,0.0
2024-08-01 15:20:00-04:00,5.414999961853027,5.420000076293945,5.409999847412109,5.409999847412109,4700,0.0,0.0
2024-08-01 15:21:00-04:00,5.420000076293945,5.420000076293945,5.40500020980835,5.40500020980835,21584,0.0,0.0
2024-08-01 15:22:00-04:00,5.4054999351501465,5.420000076293945,5.40500020980835,5.414999961853027,15598,0.0,0.0
2024-08-01 15:23:00-04:00,5.414999961853027,5.420000076293945,5.414999961853027,5.414999961853027,8184,0.0,0.0
2024-08-01 15:24:00-04:00,5.414999961853027,5.429999828338623,5.414999961853027,5.420000076293945,68292,0.0,0.0
2024-08-01 15:25:00-04:00,5.420000076293945,5.429900169372559,5.420000076293945,5.420000076293945,10508,0.0,0.0
2024-08-01 15:26:00-04:00,5.421999931335449,5.429999828338623,5.421199798583984,5.425000190734863,4351,0.0,0.0
2024-08-01 15:27:00-04:00,5.429999828338623,5.429999828338623,5.425000190734863,5.425000190734863,4814,0.0,0.0
2024-08-01 15:28:00-04:00,5.425000190734863,5.429999828338623,5.409999847412109,5.414999961853027,19550,0.0,0.0
2024-08-01 15:29:00-04:00,5.420000076293945,5.420000076293945,5.409999847412109,5.420000076293945,18037,0.0,0.0
2024-08-01 15:30:00-04:00,5.429999828338623,5.434999942779541,5.429999828338623,5.434999942779541,8277,0.0,0.0
2024-08-01 15:31:00-04:00,5.434999942779541,5.445000171661377,5.431600093841553,5.434999942779541,28361,0.0,0.0
2024-08-01 15:32:00-04:00,5.434999942779541,5.440000057220459,5.429999828338623,5.434999942779541,9769,0.0,0.0
2024-08-01 15:33:00-04:00,5.434999942779541,5.440000057220459,5.429999828338623,5.434999942779541,7168,0.0,0.0
2024-08-01 15:34:00-04:00,5.434999942779541,5.434999942779541,5.420000076293945,5.425899982452393,19608,0.0,0.0
2024-08-01 15:35:00-04:00,5.425000190734863,5.434999942779541,5.425000190734863,5.425000190734863,27371,0.0,0.0
2024-08-01 15:36:00-04:00,5.425000190734863,5.429999828338623,5.409999847412109,5.409999847412109,18536,0.0,0.0
2024-08-01 15:37:00-04:00,5.409999847412109,5.409999847412109,5.400000095367432,5.40500020980835,24163,0.0,0.0
2024-08-01 15:38:00-04:00,5.400000095367432,5.409999847412109,5.400000095367432,5.40500020980835,8894,0.0,0.0
2024-08-01 15:39:00-04:00,5.40500020980835,5.409999847412109,5.400000095367432,5.40500020980835,12777,0.0,0.0
2024-08-01 15:40:00-04:00,5.40500020980835,5.409999847412109,5.400000095367432,5.40500020980835,42173,0.0,0.0
2024-08-01 15:41:00-04:00,5.40500020980835,5.409999847412109,5.40500020980835,5.40500020980835,4656,0.0,0.0
2024-08-01 15:42:00-04:00,5.40500020980835,5.409999847412109,5.400000095367432,5.400000095367432,7337,0.0,0.0
2024-08-01 15:43:00-04:00,5.409999847412109,5.409999847412109,5.400000095367432,5.40500020980835,19860,0.0,0.0
2024-08-01 15:44:00-04:00,5.40500020980835,5.405099868774414,5.400000095367432,5.400000095367432,37688,0.0,0.0
2024-08-01 15:45:00-04:00,5.400000095367432,5.409999847412109,5.389999866485596,5.389999866485596,88848,0.0,0.0
2024-08-01 15:46:00-04:00,5.400000095367432,5.409999847412109,5.394999980926514,5.409999847412109,37478,0.0,0.0
2024-08-01 15:47:00-04:00,5.400000095367432,5.409999847412109,5.400000095367432,5.40500020980835,11132,0.0,0.0
2024-08-01 15:48:00-04:00,5.40500020980835,5.414999961853027,5.40369987487793,5.414999961853027,28317,0.0,0.0
2024-08-01 15:49:00-04:00,5.414999961853027,5.4197998046875,5.409999847412109,5.414999961853027,17258,0.0,0.0
2024-08-01 15:50:00-04:00,5.409999847412109,5.420000076293945,5.409999847412109,5.414999961853027,21937,0.0,0.0
2024-08-01 15:51:00-04:00,5.414999961853027,5.429999828338623,5.414400100708008,5.425000190734863,45718,0.0,0.0
2024-08-01 15:52:00-04:00,5.429999828338623,5.429999828338623,5.420000076293945,5.420000076293945,18725,0.0,0.0
2024-08-01 15:53:00-04:00,5.425000190734863,5.429900169372559,5.414999961853027,5.414999961853027,37645,0.0,0.0
2024-08-01 15:54:00-04:00,5.414999961853027,5.420000076293945,5.400000095367432,5.414999961853027,132181,0.0,0.0
2024-08-01 15:55:00-04:00,5.417799949645996,5.429999828338623,5.417799949645996,5.420000076293945,64185,0.0,0.0
2024-08-01 15:56:00-04:00,5.425000190734863,5.425600051879883,5.409999847412109,5.414999961853027,46617,0.0,0.0
2024-08-01 15:57:00-04:00,5.409999847412109,5.420000076293945,5.409999847412109,5.414999961853027,81941,0.0,0.0
2024-08-01 15:58:00-04:00,5.414999961853027,5.420000076293945,5.409999847412109,5.420000076293945,228490,0.0,0.0
2024-08-01 15:59:00-04:00,5.420000076293945,5.429999828338623,5.409999847412109,5.425000190734863,160584,0.0,0.0
2024-08-02 09:30:00-04:00,5.170000076293945,5.179999828338623,5.090000152587891,5.09499979019165,727613,0.0,0.0
2024-08-02 09:31:00-04:00,5.090000152587891,5.090000152587891,5.050000190734863,5.074999809265137,75845,0.0,0.0
2024-08-02 09:32:00-04:00,5.070000171661377,5.0894999504089355,5.039999961853027,5.059999942779541,99524,0.0,0.0
2024-08-02 09:33:00-04:00,5.065000057220459,5.070000171661377,5.054999828338623,5.059999942779541,39734,0.0,0.0
2024-08-02 09:34:00-04:00,5.064799785614014,5.070000171661377,5.045000076293945,5.065000057220459,47338,0.0,0.0
2024-08-02 09:35:00-04:00,5.070000171661377,5.107600212097168,5.065000057220459,5.1016998291015625,37047,0.0,0.0
2024-08-02 09:36:00-04:00,5.105000019073486,5.110000133514404,5.097799777984619,5.099999904632568,51702,0.0,0.0
2024-08-02 09:37:00-04:00,5.099899768829346,5.139999866485596,5.09499979019165,5.139999866485596,89561,0.0,0.0
2024-08-02 09:38:00-04:00,5.135000228881836,5.139999866485596,5.119999885559082,5.135000228881836,41551,0.0,0.0
2024-08-02 09:39:00-04:00,5.138700008392334,5.150000095367432,5.133299827575684,5.150000095367432,22790,0.0,0.0
2024-08-02 09:40:00-04:00,5.149899959564209,5.15500020980835,5.125,5.125,62257,0.0,0.0
2024-08-02 09:41:00-04:00,5.130000114440918,5.139999866485596,5.128499984741211,5.138700008392334,28004,0.0,0.0
2024-08-02 09:42:00-04:00,5.135000228881836,5.139999866485596,5.119999885559082,5.125400066375732,18601,0.0,0.0
2024-08-02 09:43:00-04:00,5.122000217437744,5.130000114440918,5.099999904632568,5.109899997711182,30074,0.0,0.0
2024-08-02 09:44:00-04:00,5.103899955749512,5.125,5.103899955749512,5.114999771118164,29581,0.0,0.0
2024-08-02 09:45:00-04:00,5.110000133514404,5.119999885559082,5.099999904632568,5.116000175476074,48080,0.0,0.0
2024-08-02 09:46:00-04:00,5.114999771118164,5.119999885559082,5.099999904632568,5.105000019073486,21448,0.0,0.0
2024-08-02 09:47:00-04:00,5.110000133514404,5.110000133514404,5.090000152587891,5.099999904632568,42114,0.0,0.0
2024-08-02 09:48:00-04:00,5.105000019073486,5.119999885559082,5.099999904632568,5.105000019073486,22011,0.0,0.0
2024-08-02 09:49:00-04:00,5.099999904632568,5.130000114440918,5.099999904632568,5.125,24949,0.0,0.0
2024-08-02 09:50:00-04:00,5.125,5.150000095367432,5.120100021362305,5.146200180053711,19422,0.0,0.0
2024-08-02 09:51:00-04:00,5.150000095367432,5.159999847412109,5.144999980926514,5.144999980926514,9803,0.0,0.0
2024-08-02 09:52:00-04:00,5.150000095367432,5.159999847412109,5.130000114440918,5.137800216674805,29519,0.0,0.0
2024-08-02 09:53:00-04:00,5.130000114440918,5.130000114440918,5.105000019073486,5.105000019073486,15013,0.0,0.0
2024-08-02 09:54:00-04:00,5.105000019073486,5.110000133514404,5.090000152587891,5.099999904632568,47589,0.0,0.0
2024-08-02 09:55:00-04:00,5.099999904632568,5.110000133514404,5.085000038146973,5.090000152587891,71427,0.0,0.0
2024-08-02 09:56:00-04:00,5.085999965667725,5.090000152587891,5.079999923706055,5.089300155639648,36649,0.0,0.0
2024-08-02 09:57:00-04:00,5.085000038146973,5.090000152587891,5.080100059509277,5.089799880981445,11950,0.0,0.0
2024-08-02 09:58:00-04:00,5.085000038146973,5.114999771118164,5.085000038146973,5.109899997711182,20390,0.0,0.0
2024-08-02 09:59:00-04:00,5.110000133514404,5.110000133514404,5.092899799346924,5.099999904632568,18245,0.0,0.0
2024-08-02 10:00:00-04:00,5.105000019073486,5.110000133514404,5.090000152587891,5.099999904632568,25906,0.0,0.0
2024-08-02 10:01:00-04:00,5.105000019073486,5.114999771118164,5.09499979019165,5.114999771118164,22440,0.0,0.0
2024-08-02 10:02:00-04:00,5.1128997802734375,5.119999885559082,5.099999904632568,5.110000133514404,12290,0.0,0.0
2024-08-02 10:03:00-04:00,5.114999771118164,5.119999885559082,5.099999904632568,5.099999904632568,6628,0.0,0.0
2024-08-02 10:04:00-04:00,5.105000019073486,5.119900226593018,5.099999904632568,5.099999904632568,16665,0.0,0.0
2024-08-02 10:05:00-04:00,5.099999904632568,5.099999904632568,5.085000038146973,5.089900016784668,17411,0.0,0.0
2024-08-02 10:06:00-04:00,5.085000038146973,5.085000038146973,5.059999942779541,5.059999942779541,27682,0.0,0.0
2024-08-02 10:07:00-04:00,5.059999942779541,5.070000171661377,5.054999828338623,5.059999942779541,19205,0.0,0.0
2024-08-02 10:08:00-04:00,5.050000190734863,5.067399978637695,5.050000190734863,5.059999942779541,26079,0.0,0.0
2024-08-02 10:09:00-04:00,5.059999942779541,5.070000171661377,5.054999828338623,5.060100078582764,29434,0.0,0.0
2024-08-02 10:10:00-04:00,5.059999942779541,5.070000171661377,5.059999942779541,5.059999942779541,13771,0.0,0.0
2024-08-02 10:11:00-04:00,5.065000057220459,5.079999923706055,5.059999942779541,5.074999809265137,32283,0.0,0.0
2024-08-02 10:12:00-04:00,5.079800128936768,5.085000038146973,5.070000171661377,5.070000171661377,23541,0.0,0.0
2024-08-02 10:13:00-04:00,5.079999923706055,5.079999923706055,5.054999828338623,5.054999828338623,19251,0.0,0.0
2024-08-02 10:14:00-04:00,5.054999828338623,5.059999942779541,5.050000190734863,5.056600093841553,15958,0.0,0.0
2024-08-02 10:15:00-04:00,5.059999942779541,5.059999942779541,5.050000190734863,5.054999828338623,36029,0.0,0.0
2024-08-02 10:16:00-04:00,5.059899806976318,5.065000057220459,5.050000190734863,5.059999942779541,22135,0.0,0.0
2024-08-02 10:17:00-04:00,5.059999942779541,5.070000171661377,5.054999828338623,5.069900035858154,16227,0.0,0.0
2024-08-02 10:18:00-04:00,5.059999942779541,5.070000171661377,5.050000190734863,5.059999942779541,27338,0.0,0.0
2024-08-02 10:19:00-04:00,5.054999828338623,5.059100151062012,5.050000190734863,5.054999828338623,14543,0.0,0.0
2024-08-02 10:20:00-04:00,5.059700012207031,5.059700012207031,5.039999961853027,5.0416998863220215,34640,0.0,0.0
2024-08-02 10:21:00-04:00,5.045000076293945,5.045000076293945,5.03000020980835,5.03000020980835,24004,0.0,0.0
2024-08-02 10:22:00-04:00,5.030099868774414,5.039999961853027,5.030099868774414,5.034999847412109,11642,0.0,0.0
2024-08-02 10:23:00-04:00,5.039999961853027,5.039999961853027,5.03000020980835,5.039999961853027,6835,0.0,0.0
2024-08-02 10:24:00-04:00,5.034999847412109,5.039999961853027,5.03000020980835,5.034999847412109,16765,0.0,0.0
2024-08-02 10:25:00-04:00,5.039999961853027,5.050000190734863,5.03000020980835,5.045000076293945,26313,0.0,0.0
2024-08-02 10:26:00-04:00,5.050000190734863,5.059999942779541,5.039999961853027,5.059999942779541,21087,0.0,0.0
2024-08-02 10:27:00-04:00,5.059999942779541,5.079999923706055,5.059999942779541,5.079999923706055,28848,0.0,0.0
2024-08-02 10:28:00-04:00,5.070099830627441,5.079999923706055,5.070000171661377,5.079899787902832,15803,0.0,0.0
2024-08-02 10:29:00-04:00,5.074999809265137,5.090000152587891,5.070000171661377,5.090000152587891,31545,0.0,0.0
2024-08-02 10:30:00-04:00,5.079999923706055,5.099999904632568,5.079999923706055,5.09499979019165,9466,0.0,0.0
2024-08-02 10:31:00-04:00,5.09499979019165,5.099999904632568,5.090000152587891,5.099999904632568,24983,0.0,0.0
2024-08-02 10:32:00-04:00,5.09499979019165,5.099999904632568,5.079999923706055,5.085000038146973,19489,0.0,0.0
2024-08-02 10:33:00-04:00,5.083799839019775,5.090000152587891,5.070000171661377,5.070000171661377,15959,0.0,0.0
2024-08-02 10:34:00-04:00,5.074999809265137,5.085000038146973,5.070000171661377,5.079999923706055,29283,0.0,0.0
2024-08-02 10:35:00-04:00,5.079999923706055,5.079999923706055,5.070000171661377,5.074999809265137,10256,0.0,0.0
2024-08-02 10:36:00-04:00,5.070000171661377,5.070000171661377,5.059999942779541,5.065000057220459,19208,0.0,0.0
2024-08-02 10:37:00-04:00,5.059999942779541,5.065000057220459,5.050000190734863,5.059999942779541,19505,0.0,0.0
2024-08-02 10:38:00-04:00,5.065000057220459,5.065000057220459,5.050000190734863,5.0594000816345215,7126,0.0,0.0
2024-08-02 10:39:00-04:00,5.054999828338623,5.059999942779541,5.05019998550415,5.054999828338623,11688,0.0,0.0
2024-08-02 10:40:00-04:00,5.050000190734863,5.070000171661377,5.050000190734863,5.065000057220459,15235,0.0,0.0
2024-08-02 10:41:00-04:00,5.059999942779541,5.065000057220459,5.050000190734863,5.059999942779541,14501,0.0,0.0
2024-08-02 10:42:00-04:00,5.059999942779541,5.074999809265137,5.059999942779541,5.074999809265137,14162,0.0,0.0
2024-08-02 10:43:00-04:00,5.074999809265137,5.0777997970581055,5.059999942779541,5.065000057220459,10589,0.0,0.0
2024-08-02 10:44:00-04:00,5.065000057220459,5.070000171661377,5.064300060272217,5.064300060272217,11910,0.0,0.0
2024-08-02 10:45:00-04:00,5.070000171661377,5.070000171661377,5.059999942779541,5.070000171661377,6840,0.0,0.0
2024-08-02 10:46:00-04:00,5.070000171661377,5.078499794006348,5.070000171661377,5.074999809265137,13919,0.0,0.0
2024-08-02 10:47:00-04:00,5.070000171661377,5.079999923706055,5.065000057220459,5.074999809265137,16080,0.0,0.0
2024-08-02 10:48:00-04:00,5.070000171661377,5.070000171661377,5.059999942779541,5.065000057220459,9137,0.0,0.0
2024-08-02 10:49:00-04:00,5.065000057220459,5.070099830627441,5.059999942779541,5.070099830627441,14453,0.0,0.0
2024-08-02 10:50:00-04:00,5.0742998123168945,5.085000038146973,5.070099830627441,5.085000038146973,54741,0.0,0.0
2024-08-02 10:51:00-04:00,5.079999923706055,5.079999923706055,5.070000171661377,5.074999809265137,12829,0.0,0.0
2024-08-02 10:52:00-04:00,5.070099830627441,5.079999923706055,5.065000057220459,5.065000057220459,9069,0.0,0.0
2024-08-02 10:53:00-04:00,5.065000057220459,5.070000171661377,5.059999942779541,5.059999942779541,14871,0.0,0.0
2024-08-02 10:54:00-04:00,5.06850004196167,5.070000171661377,5.059999942779541,5.065000057220459,8501,0.0,0.0
2024-08-02 10:55:00-04:00,5.065000057220459,5.070000171661377,5.050000190734863,5.059899806976318,19656,0.0,0.0
2024-08-02 10:56:00-04:00,5.054999828338623,5.054999828338623,5.045000076293945,5.046299934387207,15780,0.0,0.0
2024-08-02 10:57:00-04:00,5.050000190734863,5.054999828338623,5.039999961853027,5.045000076293945,13720,0.0,0.0
2024-08-02 10:58:00-04:00,5.045000076293945,5.050000190734863,5.039999961853027,5.045000076293945,18151,0.0,0.0
2024-08-02 10:59:00-04:00,5.050000190734863,5.050000190734863,5.04010009765625,5.045000076293945,15795,0.0,0.0
2024-08-02 11:00:00-04:00,5.045000076293945,5.050000190734863,5.039999961853027,5.050000190734863,6442,0.0,0.0
2024-08-02 11:01:00-04:00,5.045000076293945,5.050000190734863,5.04010009765625,5.045000076293945,5442,0.0,0.0
2024-08-02 11:02:00-04:00,5.045000076293945,5.059999942779541,5.045000076293945,5.059999942779541,17985,0.0,0.0
2024-08-02 11:03:00-04:00,5.050000190734863,5.059999942779541,5.045000076293945,5.05109977722168,40669,0.0,0.0
2024-08-02 11:04:00-04:00,5.054999828338623,5.059899806976318,5.050000190734863,5.050099849700928,4116,0.0,0.0
2024-08-02 11:05:00-04:00,5.054999828338623,5.057499885559082,5.050000190734863,5.054999828338623,5524,0.0,0.0
2024-08-02 11:06:00-04:00,5.055600166320801,5.059999942779541,5.050000190734863,5.054999828338623,7852,0.0,0.0
2024-08-02 11:07:00-04:00,5.054999828338623,5.070000171661377,5.050000190734863,5.065000057220459,21528,0.0,0.0
2024-08-02 11:08:00-04:00,5.069900035858154,5.070000171661377,5.059999942779541,5.060100078582764,2470,0.0,0.0
2024-08-02 11:09:00-04:00,5.065000057220459,5.070000171661377,5.059999942779541,5.070000171661377,6972,0.0,0.0
2024-08-02 11:10:00-04:00,5.065000057220459,5.079999923706055,5.065000057220459,5.079999923706055,26613,0.0,0.0
2024-08-02 11:11:00-04:00,5.079899787902832,5.090000152587891,5.074999809265137,5.090000152587891,16150,0.0,0.0
2024-08-02 11:12:00-04:00,5.085000038146973,5.090000152587891,5.079999923706055,5.085000038146973,9465,0.0,0.0
2024-08-02 11:13:00-04:00,5.085299968719482,5.090000152587891,5.079999923706055,5.079999923706055,10783,0.0,0.0
2024-08-02 11:14:00-04:00,5.074999809265137,5.079999923706055,5.07289981842041,5.074999809265137,5478,0.0,0.0
2024-08-02 11:15:00-04:00,5.073699951171875,5.079999923706055,5.073699951171875,5.079999923706055,5379,0.0,0.0
2024-08-02 11:16:00-04:00,5.079999923706055,5.079999923706055,5.074999809265137,5.074999809265137,2520,0.0,0.0
2024-08-02 11:17:00-04:00,5.078499794006348,5.079999923706055,5.070000171661377,5.074999809265137,7445,0.0,0.0
2024-08-02 11:18:00-04:00,5.074999809265137,5.079999923706055,5.074999809265137,5.079899787902832,8751,0.0,0.0
2024-08-02 11:19:00-04:00,5.074999809265137,5.079999923706055,5.0746002197265625,5.0746002197265625,10486,0.0,0.0
2024-08-02 11:20:00-04:00,5.073400020599365,5.079999923706055,5.073400020599365,5.076099872589111,7583,0.0,0.0
2024-08-02 11:21:00-04:00,5.071199893951416,5.079999923706055,5.070899963378906,5.070899963378906,3274,0.0,0.0
2024-08-02 11:22:00-04:00,5.079899787902832,5.079999923706055,5.074999809265137,5.074999809265137,5887,0.0,0.0
2024-08-02 11:23:00-04:00,5.079999923706055,5.099999904632568,5.074399948120117,5.090000152587891,22731,0.0,0.0
2024-08-02 11:24:00-04:00,5.09499979019165,5.099699974060059,5.085000038146973,5.085000038146973,27869,0.0,0.0
2024-08-02 11:25:00-04:00,5.090000152587891,5.09499979019165,5.085000038146973,5.091599941253662,13555,0.0,0.0
2024-08-02 11:26:00-04:00,5.090000152587891,5.090000152587891,5.080100059509277,5.080100059509277,8341,0.0,0.0
2024-08-02 11:27:00-04:00,5.079999923706055,5.090000152587891,5.079999923706055,5.085000038146973,4493,0.0,0.0
2024-08-02 11:28:00-04:00,5.085000038146973,5.099999904632568,5.085000038146973,5.096799850463867,8196,0.0,0.0
2024-08-02 11:29:00-04:00,5.09499979019165,5.099999904632568,5.090000152587891,5.099999904632568,2829,0.0,0.0
2024-08-02 11:30:00-04:00,5.098599910736084,5.110000133514404,5.09499979019165,5.108799934387207,20639,0.0,0.0
2024-08-02 11:31:00-04:00,5.110000133514404,5.116000175476074,5.099999904632568,5.116000175476074,11080,0.0,0.0
2024-08-02 11:32:00-04:00,5.110000133514404,5.116000175476074,5.110000133514404,5.116000175476074,9497,0.0,0.0
2024-08-02 11:33:00-04:00,5.110000133514404,5.119999885559082,5.110000133514404,5.119900226593018,18074,0.0,0.0
2024-08-02 11:34:00-04:00,5.113699913024902,5.119999885559082,5.110000133514404,5.119999885559082,1650,0.0,0.0
2024-08-02 11:35:00-04:00,5.118800163269043,5.125999927520752,5.118800163269043,5.120100021362305,5139,0.0,0.0
2024-08-02 11:36:00-04:00,5.130000114440918,5.139999866485596,5.130000114440918,5.135000228881836,7493,0.0,0.0
2024-08-02 11:37:00-04:00,5.139999866485596,5.139999866485596,5.123799800872803,5.129799842834473,18476,0.0,0.0
2024-08-02 11:38:00-04:00,5.125,5.135700225830078,5.119999885559082,5.119999885559082,13625,0.0,0.0
2024-08-02 11:39:00-04:00,5.125,5.130000114440918,5.119999885559082,5.125,22961,0.0,0.0
2024-08-02 11:40:00-04:00,5.125,5.139999866485596,5.125,5.138899803161621,17389,0.0,0.0
2024-08-02 11:41:00-04:00,5.135000228881836,5.150000095367432,5.135000228881836,5.145299911499023,11382,0.0,0.0
2024-08-02 11:42:00-04:00,5.149700164794922,5.149799823760986,5.139999866485596,5.144999980926514,5193,0.0,0.0
2024-08-02 11:43:00-04:00,5.146500110626221,5.156099796295166,5.146500110626221,5.15500020980835,16124,0.0,0.0
2024-08-02 11:44:00-04:00,5.155900001525879,5.159999847412109,5.15500020980835,5.157599925994873,4981,0.0,0.0
2024-08-02 11:45:00-04:00,5.159999847412109,5.170000076293945,5.159900188446045,5.170000076293945,4557,0.0,0.0
2024-08-02 11:46:00-04:00,5.170000076293945,5.179999828338623,5.164999961853027,5.170000076293945,14464,0.0,0.0
2024-08-02 11:47:00-04:00,5.175000190734863,5.178999900817871,5.170000076293945,5.170000076293945,23742,0.0,0.0
2024-08-02 11:48:00-04:00,5.170000076293945,5.170000076293945,5.150000095367432,5.155200004577637,14660,0.0,0.0
2024-08-02 11:49:00-04:00,5.150300025939941,5.159900188446045,5.150300025939941,5.156000137329102,1917,0.0,0.0
2024-08-02 11:50:00-04:00,5.15500020980835,5.159999847412109,5.150000095367432,5.150000095367432,3894,0.0,0.0
2024-08-02 11:51:00-04:00,5.15500020980835,5.155399799346924,5.150000095367432,5.155399799346924,3819,0.0,0.0
2024-08-02 11:52:00-04:00,5.15500020980835,5.164999961853027,5.150000095367432,5.164999961853027,29498,0.0,0.0
2024-08-02 11:53:00-04:00,5.164999961853027,5.169899940490723,5.159999847412109,5.164999961853027,1757,0.0,0.0
2024-08-02 11:54:00-04:00,5.159999847412109,5.164999961853027,5.1545000076293945,5.159999847412109,7176,0.0,0.0
2024-08-02 11:55:00-04:00,5.159999847412109,5.164999961853027,5.159999847412109,5.159999847412109,16793,0.0,0.0
2024-08-02 11:56:00-04:00,5.164999961853027,5.164999961853027,5.151000022888184,5.151000022888184,16807,0.0,0.0
2024-08-02 11:57:00-04:00,5.159999847412109,5.179699897766113,5.159900188446045,5.179699897766113,22026,0.0,0.0
2024-08-02 11:58:00-04:00,5.179900169372559,5.179999828338623,5.170000076293945,5.175000190734863,10248,0.0,0.0
2024-08-02 11:59:00-04:00,5.170000076293945,5.175000190734863,5.159999847412109,5.169899940490723,7878,0.0,0.0
2024-08-02 12:00:00-04:00,5.164999961853027,5.170000076293945,5.159999847412109,5.169899940490723,1905,0.0,0.0
2024-08-02 12:01:00-04:00,5.168900012969971,5.170000076293945,5.159999847412109,5.170000076293945,7552,0.0,0.0
2024-08-02 12:02:00-04:00,5.170000076293945,5.17609977722168,5.164999961853027,5.170000076293945,27805,0.0,0.0
2024-08-02 12:03:00-04:00,5.170000076293945,5.170000076293945,5.164999961853027,5.164999961853027,12152,0.0,0.0
2024-08-02 12:04:00-04:00,5.170000076293945,5.175000190734863,5.170000076293945,5.175000190734863,7093,0.0,0.0
2024-08-02 12:05:00-04:00,5.175099849700928,5.179999828338623,5.173600196838379,5.176300048828125,3273,0.0,0.0
2024-08-02 12:06:00-04:00,5.179999828338623,5.179999828338623,5.175000190734863,5.179999828338623,2192,0.0,0.0
2024-08-02 12:07:00-04:00,5.179999828338623,5.179999828338623,5.170000076293945,5.179999828338623,6678,0.0,0.0
2024-08-02 12:08:00-04:00,5.175000190734863,5.179999828338623,5.170000076293945,5.170000076293945,4150,0.0,0.0
2024-08-02 12:09:00-04:00,5.175000190734863,5.179900169372559,5.170000076293945,5.175000190734863,5355,0.0,0.0
2024-08-02 12:10:00-04:00,5.175000190734863,5.175000190734863,5.15500020980835,5.159999847412109,32926,0.0,0.0
2024-08-02 12:11:00-04:00,5.15500020980835,5.159999847412109,5.15500020980835,5.156000137329102,4603,0.0,0.0
2024-08-02 12:12:00-04:00,5.150000095367432,5.156099796295166,5.150000095367432,5.15500020980835,4367,0.0,0.0
2024-08-02 12:13:00-04:00,5.15500020980835,5.156400203704834,5.150000095367432,5.150100231170654,11702,0.0,0.0
2024-08-02 12:14:00-04:00,5.150000095367432,5.159999847412109,5.150000095367432,5.15500020980835,2101,0.0,0.0
2024-08-02 12:15:00-04:00,5.15500020980835,5.170000076293945,5.15500020980835,5.164999961853027,16397,0.0,0.0
2024-08-02 12:16:00-04:00,5.168499946594238,5.169000148773193,5.159999847412109,5.159999847412109,21466,0.0,0.0
2024-08-02 12:17:00-04:00,5.159999847412109,5.159999847412109,5.15500020980835,5.157599925994873,3816,0.0,0.0
2024-08-02 12:18:00-04:00,5.159900188446045,5.159999847412109,5.15500020980835,5.159999847412109,9291,0.0,0.0
2024-08-02 12:19:00-04:00,5.15500020980835,5.170000076293945,5.15500020980835,5.170000076293945,8117,0.0,0.0
2024-08-02 12:20:00-04:00,5.170000076293945,5.179999828338623,5.170000076293945,5.175000190734863,15142,0.0,0.0
2024-08-02 12:21:00-04:00,5.179999828338623,5.190000057220459,5.175000190734863,5.190000057220459,17811,0.0,0.0
2024-08-02 12:22:00-04:00,5.190000057220459,5.190000057220459,5.179999828338623,5.190000057220459,7289,0.0,0.0
2024-08-02 12:23:00-04:00,5.180300235748291,5.190000057220459,5.179999828338623,5.189700126647949,7603,0.0,0.0
2024-08-02 12:24:00-04:00,5.184999942779541,5.210000038146973,5.184999942779541,5.199999809265137,17834,0.0,0.0
2024-08-02 12:25:00-04:00,5.20989990234375,5.210000038146973,5.199999809265137,5.204999923706055,15320,0.0,0.0
2024-08-02 12:26:00-04:00,5.204999923706055,5.218400001525879,5.203700065612793,5.215000152587891,13212,0.0,0.0
2024-08-02 12:27:00-04:00,5.21999979019165,5.21999979019165,5.215000152587891,5.21999979019165,8771,0.0,0.0
2024-08-02 12:28:00-04:00,5.224999904632568,5.230000019073486,5.210000038146973,5.21999979019165,15007,0.0,0.0
2024-08-02 12:29:00-04:00,5.21999979019165,5.21999979019165,5.204999923706055,5.218100070953369,13068,0.0,0.0
2024-08-02 12:30:00-04:00,5.210000038146973,5.219900131225586,5.204999923706055,5.204999923706055,1736,0.0,0.0
2024-08-02 12:31:00-04:00,5.200099945068359,5.210000038146973,5.199999809265137,5.204999923706055,3213,0.0,0.0
2024-08-02 12:32:00-04:00,5.204999923706055,5.210000038146973,5.199999809265137,5.204999923706055,11685,0.0,0.0
2024-08-02 12:33:00-04:00,5.210000038146973,5.216100215911865,5.204999923706055,5.215000152587891,16538,0.0,0.0
2024-08-02 12:34:00-04:00,5.215000152587891,5.227200031280518,5.215000152587891,5.224999904632568,16247,0.0,0.0
2024-08-02 12:35:00-04:00,5.224999904632568,5.226500034332275,5.21999979019165,5.226500034332275,1210,0.0,0.0
2024-08-02 12:36:00-04:00,5.224999904632568,5.230000019073486,5.21999979019165,5.230000019073486,6811,0.0,0.0
2024-08-02 12:37:00-04:00,5.230000019073486,5.230000019073486,5.223599910736084,5.223599910736084,11644,0.0,0.0
2024-08-02 12:38:00-04:00,5.220099925994873,5.230000019073486,5.21999979019165,5.226799964904785,1996,0.0,0.0
2024-08-02 12:39:00-04:00,5.225599765777588,5.230000019073486,5.224999904632568,5.230000019073486,3251,0.0,0.0
2024-08-02 12:40:00-04:00,5.224999904632568,5.235000133514404,5.224999904632568,5.230000019073486,9491,0.0,0.0
2024-08-02 12:41:00-04:00,5.230000019073486,5.239999771118164,5.230000019073486,5.239999771118164,13679,0.0,0.0
2024-08-02 12:42:00-04:00,5.234300136566162,5.239999771118164,5.221399784088135,5.224999904632568,14141,0.0,0.0
2024-08-02 12:43:00-04:00,5.224999904632568,5.229899883270264,5.224999904632568,5.229899883270264,1479,0.0,0.0
2024-08-02 12:44:00-04:00,5.224999904632568,5.229800224304199,5.21999979019165,5.21999979019165,7664,0.0,0.0
2024-08-02 12:45:00-04:00,5.220099925994873,5.224999904632568,5.195000171661377,5.199999809265137,15057,0.0,0.0
2024-08-02 12:46:00-04:00,5.195000171661377,5.199999809265137,5.195000171661377,5.195000171661377,669,0.0,0.0
2024-08-02 12:47:00-04:00,5.199999809265137,5.199999809265137,5.190000057220459,5.190000057220459,4277,0.0,0.0
2024-08-02 12:48:00-04:00,5.190000057220459,5.190000057220459,5.179999828338623,5.184999942779541,3317,0.0,0.0
2024-08-02 12:49:00-04:00,5.184999942779541,5.190000057220459,5.179999828338623,5.180099964141846,7184,0.0,0.0
2024-08-02 12:50:00-04:00,5.179999828338623,5.184999942779541,5.179999828338623,5.179999828338623,6056,0.0,0.0
2024-08-02 12:51:00-04:00,5.170000076293945,5.170000076293945,5.164000034332275,5.16540002822876,1969,0.0,0.0
2024-08-02 12:52:00-04:00,5.159999847412109,5.159999847412109,5.150000095367432,5.15500020980835,29360,0.0,0.0
2024-08-02 12:53:00-04:00,5.15500020980835,5.15500020980835,5.139999866485596,5.139999866485596,21984,0.0,0.0
2024-08-02 12:54:00-04:00,5.135000228881836,5.139999866485596,5.130000114440918,5.132199764251709,3386,0.0,0.0
2024-08-02 12:55:00-04:00,5.135000228881836,5.139999866485596,5.130000114440918,5.135000228881836,4474,0.0,0.0
2024-08-02 12:56:00-04:00,5.139999866485596,5.144999980926514,5.135000228881836,5.139800071716309,11872,0.0,0.0
2024-08-02 12:57:00-04:00,5.139900207519531,5.144999980926514,5.132500171661377,5.144999980926514,4295,0.0,0.0
2024-08-02 12:58:00-04:00,5.144999980926514,5.150000095367432,5.144999980926514,5.150000095367432,8296,0.0,0.0
2024-08-02 12:59:00-04:00,5.15500020980835,5.159900188446045,5.150000095367432,5.152500152587891,6394,0.0,0.0
2024-08-02 13:00:00-04:00,5.15500020980835,5.170000076293945,5.15500020980835,5.159999847412109,20443,0.0,0.0
2024-08-02 13:01:00-04:00,5.159999847412109,5.159999847412109,5.150000095367432,5.150000095367432,3242,0.0,0.0
2024-08-02 13:02:00-04:00,5.150000095367432,5.150000095367432,5.139999866485596,5.144999980926514,6133,0.0,0.0
2024-08-02 13:03:00-04:00,5.149899959564209,5.149899959564209,5.139999866485596,5.139999866485596,3230,0.0,0.0
2024-08-02 13:04:00-04:00,5.139999866485596,5.150000095367432,5.139999866485596,5.141200065612793,7021,0.0,0.0
2024-08-02 13:05:00-04:00,5.139999866485596,5.150000095367432,5.139999866485596,5.149899959564209,1156,0.0,0.0
2024-08-02 13:06:00-04:00,5.144999980926514,5.150000095367432,5.139999866485596,5.144999980926514,2443,0.0,0.0
2024-08-02 13:07:00-04:00,5.144999980926514,5.14739990234375,5.144999980926514,5.14739990234375,1640,0.0,0.0
2024-08-02 13:08:00-04:00,5.149899959564209,5.150000095367432,5.144999980926514,5.150000095367432,8843,0.0,0.0
2024-08-02 13:09:00-04:00,5.159999847412109,5.159999847412109,5.15500020980835,5.159999847412109,2572,0.0,0.0
2024-08-02 13:10:00-04:00,5.15500020980835,5.15500020980835,5.15500020980835,5.15500020980835,760,0.0,0.0
2024-08-02 13:11:00-04:00,5.1539998054504395,5.15500020980835,5.151599884033203,5.15500020980835,1503,0.0,0.0
2024-08-02 13:12:00-04:00,5.159999847412109,5.159999847412109,5.150000095367432,5.151299953460693,4335,0.0,0.0
2024-08-02 13:13:00-04:00,5.150100231170654,5.164999961853027,5.150100231170654,5.159999847412109,8695,0.0,0.0
2024-08-02 13:14:00-04:00,5.164999961853027,5.170000076293945,5.159999847412109,5.159999847412109,10120,0.0,0.0
2024-08-02 13:15:00-04:00,5.164999961853027,5.164999961853027,5.15500020980835,5.15500020980835,7476,0.0,0.0
2024-08-02 13:16:00-04:00,5.159999847412109,5.159999847412109,5.150000095367432,5.150000095367432,5591,0.0,0.0
2024-08-02 13:17:00-04:00,5.140100002288818,5.149899959564209,5.139999866485596,5.139999866485596,3190,0.0,0.0
2024-08-02 13:18:00-04:00,5.144999980926514,5.1468000411987305,5.144000053405762,5.1468000411987305,1687,0.0,0.0
2024-08-02 13:19:00-04:00,5.144999980926514,5.15500020980835,5.144999980926514,5.148600101470947,19078,0.0,0.0
2024-08-02 13:20:00-04:00,5.145999908447266,5.145999908447266,5.144999980926514,5.144999980926514,1566,0.0,0.0
2024-08-02 13:21:00-04:00,5.144999980926514,5.144999980926514,5.135000228881836,5.139999866485596,3930,0.0,0.0
2024-08-02 13:22:00-04:00,5.139900207519531,5.139999866485596,5.133500099182129,5.135000228881836,6006,0.0,0.0
2024-08-02 13:23:00-04:00,5.138000011444092,5.139999866485596,5.130000114440918,5.139999866485596,4784,0.0,0.0
2024-08-02 13:24:00-04:00,5.136300086975098,5.136600017547607,5.130000114440918,5.135000228881836,3018,0.0,0.0
2024-08-02 13:25:00-04:00,5.135000228881836,5.139999866485596,5.132500171661377,5.135000228881836,3228,0.0,0.0
2024-08-02 13:26:00-04:00,5.139999866485596,5.139999866485596,5.130000114440918,5.135000228881836,6603,0.0,0.0
2024-08-02 13:27:00-04:00,5.135000228881836,5.150000095367432,5.131999969482422,5.136000156402588,14472,0.0,0.0
2024-08-02 13:28:00-04:00,5.135000228881836,5.139999866485596,5.135000228881836,5.135000228881836,4329,0.0,0.0
2024-08-02 13:29:00-04:00,5.138400077819824,5.144999980926514,5.135000228881836,5.135000228881836,13327,0.0,0.0
2024-08-02 13:30:00-04:00,5.135000228881836,5.137499809265137,5.135000228881836,5.137499809265137,1262,0.0,0.0
2024-08-02 13:31:00-04:00,5.135000228881836,5.139800071716309,5.135000228881836,5.139800071716309,484,0.0,0.0
2024-08-02 13:32:00-04:00,5.135000228881836,5.135000228881836,5.135000228881836,5.135000228881836,2126,0.0,0.0
2024-08-02 13:33:00-04:00,5.135000228881836,5.135000228881836,5.130000114440918,5.135000228881836,3620,0.0,0.0
2024-08-02 13:34:00-04:00,5.135000228881836,5.135000228881836,5.130000114440918,5.135000228881836,2098,0.0,0.0
2024-08-02 13:35:00-04:00,5.135000228881836,5.135000228881836,5.135000228881836,5.135000228881836,3398,0.0,0.0
2024-08-02 13:36:00-04:00,5.135000228881836,5.150000095367432,5.135000228881836,5.135000228881836,16658,0.0,0.0
2024-08-02 13:37:00-04:00,5.135000228881836,5.136000156402588,5.130000114440918,5.133800029754639,2856,0.0,0.0
2024-08-02 13:38:00-04:00,5.135000228881836,5.138299942016602,5.130000114440918,5.130000114440918,1448,0.0,0.0
2024-08-02 13:39:00-04:00,5.130000114440918,5.135000228881836,5.130000114440918,5.135000228881836,1426,0.0,0.0
2024-08-02 13:40:00-04:00,5.130000114440918,5.139999866485596,5.130000114440918,5.135000228881836,21242,0.0,0.0
2024-08-02 13:41:00-04:00,5.130000114440918,5.135000228881836,5.119999885559082,5.125,40919,0.0,0.0
2024-08-02 13:42:00-04:00,5.119999885559082,5.135000228881836,5.119999885559082,5.135000228881836,30414,0.0,0.0
2024-08-02 13:43:00-04:00,5.135000228881836,5.139999866485596,5.135000228881836,5.135000228881836,1702,0.0,0.0
2024-08-02 13:44:00-04:00,5.139699935913086,5.139699935913086,5.135000228881836,5.135000228881836,610,0.0,0.0
2024-08-02 13:45:00-04:00,5.135000228881836,5.139999866485596,5.135000228881836,5.135000228881836,2210,0.0,0.0
2024-08-02 13:46:00-04:00,5.136000156402588,5.136000156402588,5.135000228881836,5.135000228881836,4663,0.0,0.0
2024-08-02 13:47:00-04:00,5.130300045013428,5.139999866485596,5.130300045013428,5.13670015335083,5641,0.0,0.0
2024-08-02 13:48:00-04:00,5.135000228881836,5.144999980926514,5.135000228881836,5.144999980926514,16323,0.0,0.0
2024-08-02 13:49:00-04:00,5.146900177001953,5.150000095367432,5.144000053405762,5.144000053405762,5253,0.0,0.0
2024-08-02 13:50:00-04:00,5.144999980926514,5.144999980926514,5.135000228881836,5.135000228881836,8045,0.0,0.0
2024-08-02 13:51:00-04:00,5.135000228881836,5.135000228881836,5.119999885559082,5.119999885559082,39636,0.0,0.0
2024-08-02 13:52:00-04:00,5.125,5.129899978637695,5.119999885559082,5.119999885559082,1664,0.0,0.0
2024-08-02 13:53:00-04:00,5.125999927520752,5.125999927520752,5.125,5.125100135803223,1016,0.0,0.0
2024-08-02 13:54:00-04:00,5.119999885559082,5.127299785614014,5.114999771118164,5.114999771118164,4846,0.0,0.0
2024-08-02 13:55:00-04:00,5.114999771118164,5.119999885559082,5.114999771118164,5.119999885559082,16112,0.0,0.0
2024-08-02 13:56:00-04:00,5.119999885559082,5.130000114440918,5.119999885559082,5.120100021362305,3919,0.0,0.0
2024-08-02 13:57:00-04:00,5.119999885559082,5.130000114440918,5.119999885559082,5.124100208282471,1695,0.0,0.0
2024-08-02 13:58:00-04:00,5.125,5.130000114440918,5.119999885559082,5.125,1719,0.0,0.0
2024-08-02 13:59:00-04:00,5.125,5.130000114440918,5.119999885559082,5.129899978637695,4101,0.0,0.0
2024-08-02 14:00:00-04:00,5.125,5.129899978637695,5.119999885559082,5.129899978637695,3431,0.0,0.0
2024-08-02 14:01:00-04:00,5.120200157165527,5.125899791717529,5.119999885559082,5.119999885559082,1952,0.0,0.0
2024-08-02 14:02:00-04:00,5.121099948883057,5.130000114440918,5.119999885559082,5.119999885559082,4384,0.0,0.0
2024-08-02 14:03:00-04:00,5.125,5.130000114440918,5.119999885559082,5.130000114440918,22821,0.0,0.0
2024-08-02 14:04:00-04:00,5.119999885559082,5.135000228881836,5.119999885559082,5.130000114440918,15078,0.0,0.0
2024-08-02 14:05:00-04:00,5.130000114440918,5.130000114440918,5.125899791717529,5.130000114440918,7875,0.0,0.0
2024-08-02 14:06:00-04:00,5.130000114440918,5.130000114440918,5.119999885559082,5.119999885559082,11364,0.0,0.0
2024-08-02 14:07:00-04:00,5.130000114440918,5.130000114440918,5.126500129699707,5.126500129699707,2610,0.0,0.0
2024-08-02 14:08:00-04:00,5.125,5.128499984741211,5.125,5.125,943,0.0,0.0
2024-08-02 14:09:00-04:00,5.125,5.125,5.119999885559082,5.125,9994,0.0,0.0
2024-08-02 14:10:00-04:00,5.114999771118164,5.114999771118164,5.110000133514404,5.110000133514404,1195,0.0,0.0
2024-08-02 14:11:00-04:00,5.110000133514404,5.118199825286865,5.110000133514404,5.110000133514404,3882,0.0,0.0
2024-08-02 14:12:00-04:00,5.114999771118164,5.114999771118164,5.1143999099731445,5.114999771118164,1321,0.0,0.0
2024-08-02 14:13:00-04:00,5.110000133514404,5.117700099945068,5.110000133514404,5.110000133514404,4946,0.0,0.0
2024-08-02 14:14:00-04:00,5.110000133514404,5.115499973297119,5.110000133514404,5.114999771118164,4526,0.0,0.0
2024-08-02 14:15:00-04:00,5.11460018157959,5.114999771118164,5.110000133514404,5.110000133514404,1717,0.0,0.0
2024-08-02 14:16:00-04:00,5.114999771118164,5.119999885559082,5.110000133514404,5.119999885559082,20080,0.0,0.0
2024-08-02 14:17:00-04:00,5.119999885559082,5.119999885559082,5.112500190734863,5.114999771118164,3797,0.0,0.0
2024-08-02 14:18:00-04:00,5.114999771118164,5.119999885559082,5.110000133514404,5.114999771118164,4097,0.0,0.0
2024-08-02 14:19:00-04:00,5.114999771118164,5.130000114440918,5.114999771118164,5.130000114440918,11256,0.0,0.0
2024-08-02 14:20:00-04:00,5.130000114440918,5.139699935913086,5.1244001388549805,5.139699935913086,1771,0.0,0.0
2024-08-02 14:21:00-04:00,5.135000228881836,5.14900016784668,5.135000228881836,5.139999866485596,22463,0.0,0.0
2024-08-02 14:22:00-04:00,5.148799896240234,5.148799896240234,5.144999980926514,5.144999980926514,10448,0.0,0.0
2024-08-02 14:23:00-04:00,5.150000095367432,5.150000095367432,5.139999866485596,5.144999980926514,13959,0.0,0.0
2024-08-02 14:24:00-04:00,5.144999980926514,5.148799896240234,5.139999866485596,5.139999866485596,11591,0.0,0.0
2024-08-02 14:25:00-04:00,5.142000198364258,5.150000095367432,5.140900135040283,5.144999980926514,13770,0.0,0.0
2024-08-02 14:26:00-04:00,5.150000095367432,5.150000095367432,5.139999866485596,5.146599769592285,2749,0.0,0.0
2024-08-02 14:27:00-04:00,5.150000095367432,5.150000095367432,5.144999980926514,5.150000095367432,2143,0.0,0.0
2024-08-02 14:28:00-04:00,5.150000095367432,5.15500020980835,5.139999866485596,5.139999866485596,48344,0.0,0.0
2024-08-02 14:29:00-04:00,5.130000114440918,5.139999866485596,5.130000114440918,5.139999866485596,3229,0.0,0.0
2024-08-02 14:30:00-04:00,5.139999866485596,5.144999980926514,5.134799957275391,5.144999980926514,13429,0.0,0.0
2024-08-02 14:31:00-04:00,5.14139986038208,5.150000095367432,5.14139986038208,5.146399974822998,3731,0.0,0.0
2024-08-02 14:32:00-04:00,5.150000095367432,5.159999847412109,5.144999980926514,5.144999980926514,18664,0.0,0.0
2024-08-02 14:33:00-04:00,5.139999866485596,5.15500020980835,5.139999866485596,5.1519999504089355,14396,0.0,0.0
2024-08-02 14:34:00-04:00,5.150000095367432,5.159999847412109,5.139999866485596,5.144999980926514,29313,0.0,0.0
2024-08-02 14:35:00-04:00,5.139999866485596,5.150000095367432,5.135000228881836,5.135000228881836,34436,0.0,0.0
2024-08-02 14:36:00-04:00,5.139999866485596,5.139999866485596,5.131499767303467,5.139999866485596,5003,0.0,0.0
2024-08-02 14:37:00-04:00,5.137700080871582,5.139999866485596,5.130000114440918,5.136000156402588,35936,0.0,0.0
2024-08-02 14:38:00-04:00,5.135000228881836,5.139800071716309,5.132500171661377,5.132500171661377,2973,0.0,0.0
2024-08-02 14:39:00-04:00,5.135000228881836,5.139999866485596,5.130000114440918,5.135000228881836,1877,0.0,0.0
2024-08-02 14:40:00-04:00,5.135000228881836,5.139999866485596,5.130000114440918,5.130000114440918,5318,0.0,0.0
2024-08-02 14:41:00-04:00,5.130000114440918,5.139999866485596,5.130000114440918,5.139900207519531,1888,0.0,0.0
2024-08-02 14:42:00-04:00,5.139999866485596,5.139999866485596,5.130000114440918,5.130099773406982,19876,0.0,0.0
2024-08-02 14:43:00-04:00,5.130000114440918,5.135000228881836,5.119999885559082,5.125,10466,0.0,0.0
2024-08-02 14:44:00-04:00,5.125,5.125,5.119999885559082,5.125,2782,0.0,0.0
2024-08-02 14:45:00-04:00,5.121099948883057,5.129899978637695,5.119999885559082,5.125,6334,0.0,0.0
2024-08-02 14:46:00-04:00,5.119999885559082,5.125,5.114999771118164,5.114999771118164,7671,0.0,0.0
2024-08-02 14:47:00-04:00,5.117099761962891,5.119999885559082,5.110000133514404,5.114999771118164,4342,0.0,0.0
2024-08-02 14:48:00-04:00,5.119900226593018,5.119999885559082,5.110000133514404,5.114999771118164,4676,0.0,0.0
2024-08-02 14:49:00-04:00,5.114999771118164,5.119999885559082,5.112500190734863,5.114999771118164,6018,0.0,0.0
2024-08-02 14:50:00-04:00,5.114999771118164,5.116700172424316,5.114999771118164,5.116700172424316,5662,0.0,0.0
2024-08-02 14:51:00-04:00,5.110000133514404,5.114999771118164,5.105000019073486,5.105000019073486,34403,0.0,0.0
2024-08-02 14:52:00-04:00,5.105000019073486,5.105000019073486,5.105000019073486,5.105000019073486,1231,0.0,0.0
2024-08-02 14:53:00-04:00,5.105000019073486,5.107500076293945,5.099999904632568,5.105000019073486,1404,0.0,0.0
2024-08-02 14:54:00-04:00,5.105000019073486,5.105000019073486,5.099999904632568,5.099999904632568,14220,0.0,0.0
2024-08-02 14:55:00-04:00,5.105000019073486,5.106500148773193,5.099999904632568,5.103700160980225,2666,0.0,0.0
2024-08-02 14:56:00-04:00,5.105000019073486,5.105000019073486,5.099999904632568,5.099999904632568,5333,0.0,0.0
2024-08-02 14:57:00-04:00,5.110000133514404,5.110000133514404,5.099999904632568,5.099999904632568,9001,0.0,0.0
2024-08-02 14:58:00-04:00,5.099999904632568,5.105000019073486,5.090000152587891,5.090000152587891,28031,0.0,0.0
2024-08-02 14:59:00-04:00,5.090000152587891,5.09499979019165,5.090000152587891,5.090000152587891,5227,0.0,0.0
2024-08-02 15:00:00-04:00,5.093900203704834,5.099999904632568,5.09119987487793,5.099999904632568,11067,0.0,0.0
2024-08-02 15:01:00-04:00,5.09499979019165,5.105000019073486,5.09499979019165,5.105000019073486,16277,0.0,0.0
2024-08-02 15:02:00-04:00,5.100299835205078,5.105000019073486,5.09499979019165,5.09499979019165,9878,0.0,0.0
2024-08-02 15:03:00-04:00,5.09499979019165,5.099999904632568,5.09499979019165,5.09499979019165,1675,0.0,0.0
2024-08-02 15:04:00-04:00,5.09499979019165,5.0954999923706055,5.090000152587891,5.09499979019165,6192,0.0,0.0
2024-08-02 15:05:00-04:00,5.09499979019165,5.099800109863281,5.079999923706055,5.082699775695801,28532,0.0,0.0
2024-08-02 15:06:00-04:00,5.079999923706055,5.089900016784668,5.079999923706055,5.079999923706055,5771,0.0,0.0
2024-08-02 15:07:00-04:00,5.079999923706055,5.085000038146973,5.079999923706055,5.079999923706055,11435,0.0,0.0
2024-08-02 15:08:00-04:00,5.085000038146973,5.090000152587891,5.079999923706055,5.090000152587891,5114,0.0,0.0
2024-08-02 15:09:00-04:00,5.088799953460693,5.088799953460693,5.070000171661377,5.070000171661377,22931,0.0,0.0
2024-08-02 15:10:00-04:00,5.074999809265137,5.079899787902832,5.070000171661377,5.074999809265137,9940,0.0,0.0
2024-08-02 15:11:00-04:00,5.070000171661377,5.079999923706055,5.070000171661377,5.070000171661377,27906,0.0,0.0
2024-08-02 15:12:00-04:00,5.074999809265137,5.079999923706055,5.070000171661377,5.074999809265137,3656,0.0,0.0
2024-08-02 15:13:00-04:00,5.074999809265137,5.085599899291992,5.070000171661377,5.079999923706055,49792,0.0,0.0
2024-08-02 15:14:00-04:00,5.074999809265137,5.079999923706055,5.074999809265137,5.077400207519531,4160,0.0,0.0
2024-08-02 15:15:00-04:00,5.074999809265137,5.085000038146973,5.074999809265137,5.074999809265137,34959,0.0,0.0
2024-08-02 15:16:00-04:00,5.073999881744385,5.089900016784668,5.070000171661377,5.079999923706055,21410,0.0,0.0
2024-08-02 15:17:00-04:00,5.079999923706055,5.079999923706055,5.070000171661377,5.074999809265137,21299,0.0,0.0
2024-08-02 15:18:00-04:00,5.070000171661377,5.070000171661377,5.070000171661377,5.070000171661377,711,0.0,0.0
2024-08-02 15:19:00-04:00,5.074999809265137,5.074999809265137,5.070000171661377,5.070000171661377,7034,0.0,0.0
2024-08-02 15:20:00-04:00,5.075099945068359,5.075099945068359,5.059999942779541,5.065000057220459,32059,0.0,0.0
2024-08-02 15:21:00-04:00,5.070000171661377,5.070000171661377,5.059999942779541,5.065000057220459,6860,0.0,0.0
2024-08-02 15:22:00-04:00,5.059999942779541,5.065000057220459,5.059999942779541,5.059999942779541,2915,0.0,0.0
2024-08-02 15:23:00-04:00,5.060100078582764,5.070000171661377,5.059999942779541,5.059999942779541,17975,0.0,0.0
2024-08-02 15:24:00-04:00,5.059999942779541,5.070000171661377,5.059999942779541,5.065000057220459,34326,0.0,0.0
2024-08-02 15:25:00-04:00,5.065000057220459,5.070000171661377,5.059999942779541,5.059999942779541,4101,0.0,0.0
2024-08-02 15:26:00-04:00,5.065000057220459,5.069900035858154,5.059999942779541,5.065000057220459,8783,0.0,0.0
2024-08-02 15:27:00-04:00,5.065000057220459,5.070000171661377,5.059999942779541,5.065000057220459,10051,0.0,0.0
2024-08-02 15:28:00-04:00,5.065000057220459,5.070000171661377,5.059999942779541,5.065000057220459,5574,0.0,0.0
2024-08-02 15:29:00-04:00,5.065000057220459,5.070000171661377,5.059999942779541,5.065000057220459,20890,0.0,0.0
2024-08-02 15:30:00-04:00,5.065000057220459,5.070000171661377,5.059999942779541,5.059999942779541,4674,0.0,0.0
2024-08-02 15:31:00-04:00,5.065000057220459,5.065000057220459,5.059999942779541,5.065000057220459,4592,0.0,0.0
2024-08-02 15:32:00-04:00,5.065000057220459,5.070000171661377,5.059999942779541,5.059999942779541,7320,0.0,0.0
2024-08-02 15:33:00-04:00,5.065000057220459,5.074999809265137,5.065000057220459,5.074999809265137,33708,0.0,0.0
2024-08-02 15:34:00-04:00,5.074999809265137,5.074999809265137,5.065000057220459,5.065000057220459,18758,0.0,0.0
2024-08-02 15:35:00-04:00,5.065000057220459,5.070000171661377,5.065000057220459,5.065000057220459,4862,0.0,0.0
2024-08-02 15:36:00-04:00,5.065000057220459,5.068999767303467,5.059999942779541,5.066999912261963,4214,0.0,0.0
2024-08-02 15:37:00-04:00,5.065000057220459,5.070000171661377,5.054999828338623,5.059700012207031,53146,0.0,0.0
2024-08-02 15:38:00-04:00,5.054999828338623,5.058599948883057,5.050000190734863,5.054999828338623,15860,0.0,0.0
2024-08-02 15:39:00-04:00,5.054999828338623,5.059999942779541,5.050000190734863,5.054999828338623,10019,0.0,0.0
2024-08-02 15:40:00-04:00,5.050000190734863,5.059999942779541,5.050000190734863,5.054999828338623,7469,0.0,0.0
2024-08-02 15:41:00-04:00,5.054999828338623,5.059999942779541,5.050000190734863,5.054699897766113,21055,0.0,0.0
2024-08-02 15:42:00-04:00,5.054999828338623,5.059999942779541,5.054999828338623,5.054999828338623,14332,0.0,0.0
2024-08-02 15:43:00-04:00,5.054999828338623,5.070000171661377,5.054999828338623,5.065800189971924,43834,0.0,0.0
2024-08-02 15:44:00-04:00,5.065000057220459,5.070000171661377,5.065000057220459,5.070000171661377,10215,0.0,0.0
2024-08-02 15:45:00-04:00,5.070000171661377,5.079999923706055,5.059999942779541,5.074999809265137,36732,0.0,0.0
2024-08-02 15:46:00-04:00,5.074999809265137,5.079999923706055,5.070000171661377,5.070099830627441,43353,0.0,0.0
2024-08-02 15:47:00-04:00,5.070000171661377,5.076099872589111,5.070000171661377,5.076000213623047,9030,0.0,0.0
2024-08-02 15:48:00-04:00,5.074999809265137,5.079999923706055,5.070000171661377,5.074999809265137,15127,0.0,0.0
2024-08-02 15:49:00-04:00,5.074999809265137,5.074999809265137,5.070000171661377,5.074999809265137,6879,0.0,0.0
2024-08-02 15:50:00-04:00,5.070000171661377,5.070000171661377,5.050000190734863,5.054999828338623,81309,0.0,0.0
2024-08-02 15:51:00-04:00,5.054999828338623,5.059999942779541,5.050000190734863,5.054999828338623,18385,0.0,0.0
2024-08-02 15:52:00-04:00,5.054999828338623,5.059999942779541,5.051000118255615,5.059999942779541,39945,0.0,0.0
2024-08-02 15:53:00-04:00,5.059999942779541,5.059999942779541,5.050000190734863,5.054999828338623,22809,0.0,0.0
2024-08-02 15:54:00-04:00,5.052599906921387,5.059999942779541,5.039999961853027,5.045000076293945,102484,0.0,0.0
2024-08-02 15:55:00-04:00,5.045000076293945,5.050000190734863,5.039999961853027,5.045000076293945,28275,0.0,0.0
2024-08-02 15:56:00-04:00,5.045000076293945,5.059999942779541,5.039999961853027,5.054999828338623,114161,0.0,0.0
2024-08-02 15:57:00-04:00,5.050000190734863,5.059999942779541,5.050000190734863,5.054999828338623,48252,0.0,0.0
2024-08-02 15:58:00-04:00,5.054999828338623,5.056300163269043,5.050000190734863,5.054999828338623,42085,0.0,0.0
2024-08-02 15:59:00-04:00,5.050000190734863,5.050000190734863,5.039999961853027,5.039999961853027,268143,0.0,0.0
