Datetime,Open,High,Low,Close,Volume,Dividends,Stock Splits
2024-07-29 09:30:00-04:00,164.7899932861328,164.7899932861328,164.7899932861328,164.7899932861328,4886,0.0,0.0
2024-07-29 09:31:00-04:00,164.77999877929688,164.99000549316406,164.77999877929688,164.99000549316406,1016,0.0,0.0
2024-07-29 09:32:00-04:00,164.0800018310547,164.0800018310547,164.0800018310547,164.0800018310547,1379,0.0,0.0
2024-07-29 09:35:00-04:00,163.27999877929688,163.27999877929688,163.27999877929688,163.27999877929688,315,0.0,0.0
2024-07-29 09:36:00-04:00,163.27999877929688,163.97000122070312,163.27999877929688,163.35079956054688,4197,0.0,0.0
2024-07-29 09:37:00-04:00,163.3699951171875,164.3000030517578,163.3699951171875,164.05499267578125,2654,0.0,0.0
2024-07-29 09:38:00-04:00,164.2449951171875,164.2449951171875,164.2449951171875,164.2449951171875,340,0.0,0.0
2024-07-29 09:40:00-04:00,164.27960205078125,164.27960205078125,164.27960205078125,164.27960205078125,1162,0.0,0.0
2024-07-29 09:41:00-04:00,165.0,165.0,165.0,165.0,660,0.0,0.0
2024-07-29 09:42:00-04:00,164.49000549316406,164.49000549316406,164.49000549316406,164.49000549316406,171,0.0,0.0
2024-07-29 09:43:00-04:00,164.41000366210938,164.4600067138672,163.72999572753906,164.4600067138672,2623,0.0,0.0
2024-07-29 09:45:00-04:00,164.5,164.5,164.5,164.5,381,0.0,0.0
2024-07-29 09:46:00-04:00,164.51499938964844,164.64500427246094,164.51499938964844,164.63999938964844,1669,0.0,0.0
2024-07-29 09:47:00-04:00,164.99000549316406,164.99000549316406,164.97999572753906,164.97999572753906,840,0.0,0.0
2024-07-29 09:48:00-04:00,164.85499572753906,165.0,164.8175048828125,165.0,1386,0.0,0.0
2024-07-29 09:49:00-04:00,164.64999389648438,164.96499633789062,164.64999389648438,164.96499633789062,922,0.0,0.0
2024-07-29 09:50:00-04:00,164.85000610351562,164.85000610351562,164.84500122070312,164.84500122070312,544,0.0,0.0
2024-07-29 09:51:00-04:00,165.13999938964844,165.3699951171875,165.1300048828125,165.3699951171875,553,0.0,0.0
2024-07-29 09:52:00-04:00,165.30999755859375,165.5,165.28500366210938,165.5,2177,0.0,0.0
2024-07-29 09:53:00-04:00,165.6199951171875,165.6300048828125,165.6199951171875,165.6300048828125,990,0.0,0.0
2024-07-29 09:56:00-04:00,165.7899932861328,165.97999572753906,165.7899932861328,165.97000122070312,1958,0.0,0.0
2024-07-29 09:57:00-04:00,166.16000366210938,166.44000244140625,165.89500427246094,166.38999938964844,1373,0.0,0.0
2024-07-29 09:58:00-04:00,166.61000061035156,166.61000061035156,166.5050048828125,166.5050048828125,372,0.0,0.0
2024-07-29 09:59:00-04:00,166.53500366210938,166.64999389648438,166.53500366210938,166.64999389648438,408,0.0,0.0
2024-07-29 10:00:00-04:00,166.52999877929688,166.5399932861328,166.1699981689453,166.3000030517578,4029,0.0,0.0
2024-07-29 10:01:00-04:00,166.22000122070312,166.61000061035156,166.22000122070312,166.61000061035156,1262,0.0,0.0
2024-07-29 10:03:00-04:00,166.77000427246094,166.99000549316406,166.25999450683594,166.7100067138672,1070,0.0,0.0
2024-07-29 10:04:00-04:00,166.9199981689453,166.9199981689453,166.69500732421875,166.69500732421875,758,0.0,0.0
2024-07-29 10:05:00-04:00,166.42999267578125,166.42999267578125,166.42999267578125,166.42999267578125,1097,0.0,0.0
2024-07-29 10:07:00-04:00,166.60000610351562,166.77000427246094,166.60000610351562,166.77000427246094,2216,0.0,0.0
2024-07-29 10:08:00-04:00,166.77499389648438,166.77499389648438,166.4300994873047,166.4300994873047,2876,0.0,0.0
2024-07-29 10:09:00-04:00,166.7899932861328,166.7899932861328,166.58999633789062,166.7100067138672,1387,0.0,0.0
2024-07-29 10:10:00-04:00,166.6199951171875,166.6999969482422,166.4149932861328,166.6999969482422,1451,0.0,0.0
2024-07-29 10:11:00-04:00,166.64999389648438,166.7100067138672,166.64999389648438,166.7100067138672,451,0.0,0.0
2024-07-29 10:12:00-04:00,166.42999267578125,166.6199951171875,166.42999267578125,166.42999267578125,558,0.0,0.0
2024-07-29 10:13:00-04:00,166.34500122070312,166.34500122070312,166.34500122070312,166.34500122070312,626,0.0,0.0
2024-07-29 10:15:00-04:00,166.05499267578125,166.3300018310547,165.94000244140625,166.3300018310547,4866,0.0,0.0
2024-07-29 10:16:00-04:00,166.42999267578125,166.75,166.42999267578125,166.75,1064,0.0,0.0
2024-07-29 10:17:00-04:00,166.74000549316406,166.74000549316406,166.74000549316406,166.74000549316406,280,0.0,0.0
2024-07-29 10:18:00-04:00,166.85000610351562,166.88999938964844,166.85000610351562,166.88999938964844,724,0.0,0.0
2024-07-29 10:19:00-04:00,166.5800018310547,166.5800018310547,166.4499969482422,166.4499969482422,1128,0.0,0.0
2024-07-29 10:20:00-04:00,166.36000061035156,166.5800018310547,166.36000061035156,166.47999572753906,1681,0.0,0.0
2024-07-29 10:22:00-04:00,166.64500427246094,166.6750030517578,166.64500427246094,166.6750030517578,714,0.0,0.0
2024-07-29 10:23:00-04:00,166.91000366210938,166.91000366210938,166.91000366210938,166.91000366210938,263,0.0,0.0
2024-07-29 10:24:00-04:00,166.77999877929688,166.77999877929688,166.22000122070312,166.22000122070312,1669,0.0,0.0
2024-07-29 10:25:00-04:00,166.03860473632812,166.41000366210938,166.0,166.1649932861328,2832,0.0,0.0
2024-07-29 10:26:00-04:00,166.38999938964844,166.41000366210938,166.38499450683594,166.41000366210938,595,0.0,0.0
2024-07-29 10:27:00-04:00,166.08999633789062,166.08999633789062,165.8699951171875,165.8699951171875,1738,0.0,0.0
2024-07-29 10:28:00-04:00,165.86000061035156,165.86000061035156,165.80499267578125,165.80499267578125,1239,0.0,0.0
2024-07-29 10:29:00-04:00,165.77999877929688,165.89999389648438,165.60000610351562,165.77999877929688,3427,0.0,0.0
2024-07-29 10:30:00-04:00,165.77999877929688,165.9499969482422,165.76499938964844,165.77499389648438,2838,0.0,0.0
2024-07-29 10:31:00-04:00,165.63999938964844,165.80999755859375,165.63499450683594,165.80999755859375,333,0.0,0.0
2024-07-29 10:32:00-04:00,165.85000610351562,165.85000610351562,165.05499267578125,165.05499267578125,4542,0.0,0.0
2024-07-29 10:33:00-04:00,165.0,165.1999969482422,164.75250244140625,165.1999969482422,4881,0.0,0.0
2024-07-29 10:35:00-04:00,165.0,165.2100067138672,165.0,165.2100067138672,930,0.0,0.0
2024-07-29 10:36:00-04:00,165.22000122070312,165.22000122070312,165.13499450683594,165.13499450683594,1227,0.0,0.0
2024-07-29 10:37:00-04:00,165.3699951171875,165.61000061035156,165.3699951171875,165.61000061035156,1009,0.0,0.0
2024-07-29 10:38:00-04:00,165.6199951171875,165.6199951171875,165.6199951171875,165.6199951171875,564,0.0,0.0
2024-07-29 10:39:00-04:00,165.5399932861328,165.69000244140625,165.5399932861328,165.69000244140625,1069,0.0,0.0
2024-07-29 10:40:00-04:00,165.6999969482422,165.6999969482422,165.6999969482422,165.6999969482422,554,0.0,0.0
2024-07-29 10:41:00-04:00,165.6999969482422,165.8000030517578,165.67999267578125,165.8000030517578,1415,0.0,0.0
2024-07-29 10:42:00-04:00,165.64999389648438,165.8800048828125,165.47999572753906,165.8699951171875,9681,0.0,0.0
2024-07-29 10:43:00-04:00,165.83999633789062,165.8800048828125,165.47000122070312,165.69500732421875,6366,0.0,0.0
2024-07-29 10:45:00-04:00,165.49000549316406,165.5500030517578,165.33999633789062,165.3800048828125,2286,0.0,0.0
2024-07-29 10:46:00-04:00,165.33999633789062,165.6300048828125,165.33999633789062,165.6300048828125,2505,0.0,0.0
2024-07-29 10:47:00-04:00,165.4550018310547,165.4550018310547,165.4550018310547,165.4550018310547,1559,0.0,0.0
2024-07-29 10:48:00-04:00,165.3000030517578,165.4199981689453,165.0399932861328,165.14500427246094,2777,0.0,0.0
2024-07-29 10:49:00-04:00,165.09500122070312,165.09500122070312,164.92349243164062,165.02000427246094,2230,0.0,0.0
2024-07-29 10:50:00-04:00,165.33999633789062,165.60000610351562,165.33999633789062,165.60000610351562,1575,0.0,0.0
2024-07-29 10:51:00-04:00,165.6300048828125,165.77999877929688,165.5800018310547,165.77999877929688,652,0.0,0.0
2024-07-29 10:52:00-04:00,165.57000732421875,165.8000030517578,165.50999450683594,165.77000427246094,1422,0.0,0.0
2024-07-29 10:53:00-04:00,165.2100067138672,165.36500549316406,164.95770263671875,164.95770263671875,2566,0.0,0.0
2024-07-29 10:54:00-04:00,165.17999267578125,165.17999267578125,165.17999267578125,165.17999267578125,661,0.0,0.0
2024-07-29 10:55:00-04:00,165.1750030517578,165.1750030517578,165.1750030517578,165.1750030517578,134,0.0,0.0
2024-07-29 10:56:00-04:00,165.1699981689453,165.1699981689453,164.98399353027344,164.98399353027344,1117,0.0,0.0
2024-07-29 10:57:00-04:00,164.9199981689453,165.22000122070312,164.8000030517578,165.22000122070312,1175,0.0,0.0
2024-07-29 10:58:00-04:00,165.16000366210938,165.22000122070312,165.16000366210938,165.22000122070312,897,0.0,0.0
2024-07-29 10:59:00-04:00,165.33999633789062,165.33999633789062,165.33999633789062,165.33999633789062,423,0.0,0.0
2024-07-29 11:00:00-04:00,164.91600036621094,164.91600036621094,164.91600036621094,164.91600036621094,280,0.0,0.0
2024-07-29 11:01:00-04:00,165.06500244140625,165.3000030517578,165.0500030517578,165.0500030517578,5124,0.0,0.0
2024-07-29 11:02:00-04:00,165.0399932861328,165.63999938964844,165.0399932861328,165.3699951171875,3994,0.0,0.0
2024-07-29 11:03:00-04:00,165.58999633789062,165.58999633789062,165.58999633789062,165.58999633789062,527,0.0,0.0
2024-07-29 11:04:00-04:00,165.93499755859375,165.93499755859375,165.93499755859375,165.93499755859375,229,0.0,0.0
2024-07-29 11:06:00-04:00,165.75,165.75,165.75,165.75,611,0.0,0.0
2024-07-29 11:07:00-04:00,165.9499969482422,165.9499969482422,165.9499969482422,165.9499969482422,888,0.0,0.0
2024-07-29 11:08:00-04:00,165.7899932861328,166.1199951171875,165.7899932861328,165.97999572753906,6568,0.0,0.0
2024-07-29 11:09:00-04:00,166.02000427246094,166.02999877929688,166.02000427246094,166.02999877929688,613,0.0,0.0
2024-07-29 11:10:00-04:00,166.0800018310547,166.25999450683594,166.0800018310547,166.25999450683594,1008,0.0,0.0
2024-07-29 11:11:00-04:00,166.2187957763672,166.35000610351562,166.2187957763672,166.35000610351562,1246,0.0,0.0
2024-07-29 11:12:00-04:00,166.47000122070312,166.47000122070312,166.47000122070312,166.47000122070312,461,0.0,0.0
2024-07-29 11:13:00-04:00,166.47000122070312,166.91000366210938,166.4199981689453,166.80999755859375,7123,0.0,0.0
2024-07-29 11:14:00-04:00,166.9199981689453,167.25,166.9199981689453,167.25,1908,0.0,0.0
2024-07-29 11:15:00-04:00,167.13999938964844,167.27999877929688,167.13999938964844,167.27999877929688,1116,0.0,0.0
2024-07-29 11:16:00-04:00,167.3000030517578,167.3000030517578,167.3000030517578,167.3000030517578,834,0.0,0.0
2024-07-29 11:17:00-04:00,167.26499938964844,167.26499938964844,167.26499938964844,167.26499938964844,477,0.0,0.0
2024-07-29 11:18:00-04:00,167.17999267578125,167.36000061035156,166.77000427246094,166.8350067138672,9760,0.0,0.0
2024-07-29 11:19:00-04:00,166.88999938964844,166.88999938964844,166.84609985351562,166.84609985351562,751,0.0,0.0
2024-07-29 11:20:00-04:00,167.0500030517578,167.0500030517578,167.0500030517578,167.0500030517578,225,0.0,0.0
2024-07-29 11:21:00-04:00,166.97000122070312,166.97000122070312,166.89320373535156,166.9550018310547,1246,0.0,0.0
2024-07-29 11:22:00-04:00,166.90499877929688,166.90499877929688,166.81500244140625,166.81500244140625,2069,0.0,0.0
2024-07-29 11:24:00-04:00,166.67999267578125,166.86000061035156,166.67999267578125,166.86000061035156,1452,0.0,0.0
2024-07-29 11:26:00-04:00,166.85000610351562,166.8699951171875,166.85000610351562,166.86000061035156,616,0.0,0.0
2024-07-29 11:27:00-04:00,167.02000427246094,167.02000427246094,166.97500610351562,166.97500610351562,1100,0.0,0.0
2024-07-29 11:28:00-04:00,166.90499877929688,166.9149932861328,166.875,166.89500427246094,1394,0.0,0.0
2024-07-29 11:29:00-04:00,166.89500427246094,166.89500427246094,166.5800018310547,166.7550048828125,1277,0.0,0.0
2024-07-29 11:30:00-04:00,166.7550048828125,166.7550048828125,166.5,166.5,4568,0.0,0.0
2024-07-29 11:31:00-04:00,166.49000549316406,166.49000549316406,166.49000549316406,166.49000549316406,432,0.0,0.0
2024-07-29 11:32:00-04:00,166.4600067138672,166.5800018310547,166.4600067138672,166.5800018310547,418,0.0,0.0
2024-07-29 11:33:00-04:00,166.4949951171875,166.4949951171875,166.3000030517578,166.38499450683594,4802,0.0,0.0
2024-07-29 11:34:00-04:00,166.35000610351562,166.50999450683594,166.22000122070312,166.50999450683594,3397,0.0,0.0
2024-07-29 11:35:00-04:00,166.47500610351562,166.47500610351562,166.47500610351562,166.47500610351562,203,0.0,0.0
2024-07-29 11:36:00-04:00,166.46499633789062,166.46499633789062,166.46499633789062,166.46499633789062,517,0.0,0.0
2024-07-29 11:37:00-04:00,166.6300048828125,166.69000244140625,166.6300048828125,166.69000244140625,912,0.0,0.0
2024-07-29 11:38:00-04:00,166.6999969482422,166.86000061035156,166.6999969482422,166.86000061035156,957,0.0,0.0
2024-07-29 11:40:00-04:00,166.92999267578125,166.92999267578125,166.91700744628906,166.91700744628906,569,0.0,0.0
2024-07-29 11:42:00-04:00,166.76499938964844,166.76499938964844,166.76499938964844,166.76499938964844,399,0.0,0.0
2024-07-29 11:43:00-04:00,166.8300018310547,166.91000366210938,166.8300018310547,166.84840393066406,1179,0.0,0.0
2024-07-29 11:44:00-04:00,166.8800048828125,166.9199981689453,166.85000610351562,166.85000610351562,734,0.0,0.0
2024-07-29 11:45:00-04:00,166.74000549316406,166.9199981689453,166.74000549316406,166.9199981689453,279,0.0,0.0
2024-07-29 11:46:00-04:00,166.9199981689453,167.0,166.9199981689453,167.0,1791,0.0,0.0
2024-07-29 11:47:00-04:00,167.25,167.2550048828125,167.25,167.2550048828125,462,0.0,0.0
2024-07-29 11:48:00-04:00,167.2449951171875,167.2899932861328,167.22000122070312,167.2899932861328,2173,0.0,0.0
2024-07-29 11:49:00-04:00,167.08999633789062,167.08999633789062,167.08999633789062,167.08999633789062,273,0.0,0.0
2024-07-29 11:50:00-04:00,167.3350067138672,167.3350067138672,167.3350067138672,167.3350067138672,658,0.0,0.0
2024-07-29 11:51:00-04:00,167.55999755859375,167.55999755859375,167.55999755859375,167.55999755859375,730,0.0,0.0
2024-07-29 11:53:00-04:00,167.48500061035156,167.48500061035156,167.48500061035156,167.48500061035156,377,0.0,0.0
2024-07-29 11:54:00-04:00,167.4949951171875,167.63999938964844,167.4949951171875,167.63999938964844,727,0.0,0.0
2024-07-29 11:55:00-04:00,167.6199951171875,167.64999389648438,167.47000122070312,167.47000122070312,2967,0.0,0.0
2024-07-29 11:57:00-04:00,167.44500732421875,167.6699981689453,167.42300415039062,167.6649932861328,2966,0.0,0.0
2024-07-29 11:58:00-04:00,167.77499389648438,167.77499389648438,167.64999389648438,167.75999450683594,2766,0.0,0.0
2024-07-29 11:59:00-04:00,167.75,167.75,167.6199951171875,167.6199951171875,762,0.0,0.0
2024-07-29 12:00:00-04:00,167.61000061035156,167.61000061035156,167.39999389648438,167.47999572753906,3755,0.0,0.0
2024-07-29 12:01:00-04:00,167.4499969482422,167.4499969482422,167.1750030517578,167.2449951171875,4912,0.0,0.0
2024-07-29 12:02:00-04:00,167.08999633789062,167.08999633789062,167.08999633789062,167.08999633789062,829,0.0,0.0
2024-07-29 12:05:00-04:00,167.1300048828125,167.2100067138672,167.11500549316406,167.1300048828125,2528,0.0,0.0
2024-07-29 12:06:00-04:00,167.1300048828125,167.1300048828125,167.1300048828125,167.1300048828125,198,0.0,0.0
2024-07-29 12:07:00-04:00,167.17999267578125,167.33999633789062,167.17999267578125,167.3000030517578,1291,0.0,0.0
2024-07-29 12:08:00-04:00,167.2100067138672,167.35000610351562,167.2100067138672,167.35000610351562,950,0.0,0.0
2024-07-29 12:09:00-04:00,167.3000030517578,167.30999755859375,167.22999572753906,167.22999572753906,892,0.0,0.0
2024-07-29 12:10:00-04:00,167.22999572753906,167.22999572753906,167.22999572753906,167.22999572753906,276,0.0,0.0
2024-07-29 12:11:00-04:00,167.22999572753906,167.22999572753906,167.22999572753906,167.22999572753906,304,0.0,0.0
2024-07-29 12:12:00-04:00,167.41000366210938,167.44000244140625,167.41000366210938,167.4199981689453,1404,0.0,0.0
2024-07-29 12:13:00-04:00,167.4600067138672,167.5800018310547,167.4600067138672,167.5800018310547,464,0.0,0.0
2024-07-29 12:15:00-04:00,167.58999633789062,167.58999633789062,167.5399932861328,167.5399932861328,1004,0.0,0.0
2024-07-29 12:16:00-04:00,167.67999267578125,167.67999267578125,167.67999267578125,167.67999267578125,552,0.0,0.0
2024-07-29 12:17:00-04:00,167.72000122070312,167.77999877929688,167.72000122070312,167.77999877929688,668,0.0,0.0
2024-07-29 12:19:00-04:00,167.72999572753906,167.72999572753906,167.72999572753906,167.72999572753906,225,0.0,0.0
2024-07-29 12:20:00-04:00,167.74000549316406,167.74000549316406,167.5800018310547,167.7050018310547,1464,0.0,0.0
2024-07-29 12:21:00-04:00,167.8699951171875,167.8699951171875,167.7050018310547,167.7050018310547,544,0.0,0.0
2024-07-29 12:22:00-04:00,167.52999877929688,167.7050018310547,167.52000427246094,167.6649932861328,1850,0.0,0.0
2024-07-29 12:23:00-04:00,167.64999389648438,167.64999389648438,167.5399932861328,167.5850067138672,1566,0.0,0.0
2024-07-29 12:24:00-04:00,167.61000061035156,167.61000061035156,167.60499572753906,167.60499572753906,682,0.0,0.0
2024-07-29 12:25:00-04:00,167.58999633789062,167.6300048828125,167.5449981689453,167.5449981689453,1401,0.0,0.0
2024-07-29 12:26:00-04:00,167.5500030517578,167.58999633789062,167.5399932861328,167.58999633789062,1322,0.0,0.0
2024-07-29 12:27:00-04:00,167.5500030517578,167.5500030517578,167.39999389648438,167.5050048828125,2518,0.0,0.0
2024-07-29 12:29:00-04:00,167.49000549316406,167.49000549316406,167.49000549316406,167.49000549316406,282,0.0,0.0
2024-07-29 12:30:00-04:00,167.49000549316406,167.5,167.46499633789062,167.46499633789062,888,0.0,0.0
2024-07-29 12:31:00-04:00,167.46499633789062,167.50999450683594,167.3800048828125,167.50999450683594,1741,0.0,0.0
2024-07-29 12:33:00-04:00,167.46499633789062,167.67999267578125,167.44000244140625,167.67999267578125,2851,0.0,0.0
2024-07-29 12:34:00-04:00,167.61000061035156,167.61000061035156,167.61000061035156,167.61000061035156,374,0.0,0.0
2024-07-29 12:35:00-04:00,167.77999877929688,167.77999877929688,167.77999877929688,167.77999877929688,539,0.0,0.0
2024-07-29 12:36:00-04:00,167.75999450683594,167.75999450683594,167.7550048828125,167.7550048828125,235,0.0,0.0
2024-07-29 12:37:00-04:00,167.77999877929688,167.77999877929688,167.69000244140625,167.69000244140625,454,0.0,0.0
2024-07-29 12:38:00-04:00,167.68499755859375,167.68499755859375,167.49000549316406,167.58999633789062,2570,0.0,0.0
2024-07-29 12:39:00-04:00,167.2899932861328,167.40499877929688,167.2899932861328,167.3800048828125,563,0.0,0.0
2024-07-29 12:40:00-04:00,167.375,167.375,167.2595977783203,167.375,939,0.0,0.0
2024-07-29 12:41:00-04:00,167.25999450683594,167.30999755859375,167.25999450683594,167.30999755859375,963,0.0,0.0
2024-07-29 12:42:00-04:00,167.27999877929688,167.27999877929688,167.27999877929688,167.27999877929688,425,0.0,0.0
2024-07-29 12:43:00-04:00,167.14999389648438,167.25,167.14999389648438,167.16000366210938,708,0.0,0.0
2024-07-29 12:44:00-04:00,167.1999969482422,167.1999969482422,167.1999969482422,167.1999969482422,1009,0.0,0.0
2024-07-29 12:46:00-04:00,167.24000549316406,167.41000366210938,167.24000549316406,167.41000366210938,2235,0.0,0.0
2024-07-29 12:48:00-04:00,167.31500244140625,167.31500244140625,167.2449951171875,167.30499267578125,1323,0.0,0.0
2024-07-29 12:49:00-04:00,167.3000030517578,167.3000030517578,167.3000030517578,167.3000030517578,803,0.0,0.0
2024-07-29 12:50:00-04:00,167.27999877929688,167.27999877929688,167.1199951171875,167.22999572753906,2489,0.0,0.0
2024-07-29 12:51:00-04:00,167.18499755859375,167.3300018310547,167.14500427246094,167.14500427246094,750,0.0,0.0
2024-07-29 12:52:00-04:00,167.0131072998047,167.19000244140625,167.0131072998047,167.19000244140625,1064,0.0,0.0
2024-07-29 12:54:00-04:00,167.24000549316406,167.24000549316406,167.24000549316406,167.24000549316406,882,0.0,0.0
2024-07-29 12:55:00-04:00,167.30499267578125,167.36000061035156,167.30499267578125,167.36000061035156,598,0.0,0.0
2024-07-29 12:56:00-04:00,167.2899932861328,167.2899932861328,167.2899932861328,167.2899932861328,384,0.0,0.0
2024-07-29 12:57:00-04:00,167.27499389648438,167.30999755859375,167.07000732421875,167.0850067138672,4163,0.0,0.0
2024-07-29 12:58:00-04:00,167.05999755859375,167.27000427246094,167.05999755859375,167.25999450683594,1509,0.0,0.0
2024-07-29 12:59:00-04:00,167.27999877929688,167.47000122070312,167.25999450683594,167.3350067138672,1621,0.0,0.0
2024-07-29 13:00:00-04:00,167.1699981689453,167.3000030517578,167.125,167.17999267578125,1671,0.0,0.0
2024-07-29 13:03:00-04:00,167.18499755859375,167.18499755859375,167.16000366210938,167.16000366210938,761,0.0,0.0
2024-07-29 13:04:00-04:00,167.16000366210938,167.1999969482422,166.88999938964844,166.98500061035156,3018,0.0,0.0
2024-07-29 13:05:00-04:00,166.97999572753906,166.97999572753906,166.77000427246094,166.77000427246094,1334,0.0,0.0
2024-07-29 13:06:00-04:00,166.9199981689453,166.9199981689453,166.9199981689453,166.9199981689453,607,0.0,0.0
2024-07-29 13:08:00-04:00,166.9149932861328,166.9149932861328,166.9149932861328,166.9149932861328,278,0.0,0.0
2024-07-29 13:09:00-04:00,166.89500427246094,166.9250030517578,166.80999755859375,166.9250030517578,1188,0.0,0.0
2024-07-29 13:10:00-04:00,166.97000122070312,166.97000122070312,166.97000122070312,166.97000122070312,1080,0.0,0.0
2024-07-29 13:12:00-04:00,166.8000030517578,166.8000030517578,166.58999633789062,166.77999877929688,2572,0.0,0.0
2024-07-29 13:13:00-04:00,166.7449951171875,166.7449951171875,166.64500427246094,166.64500427246094,1673,0.0,0.0
2024-07-29 13:14:00-04:00,166.69000244140625,166.81500244140625,166.69000244140625,166.81500244140625,387,0.0,0.0
2024-07-29 13:15:00-04:00,166.66000366210938,166.6649932861328,166.60000610351562,166.60000610351562,1126,0.0,0.0
2024-07-29 13:18:00-04:00,166.64390563964844,166.64390563964844,166.5399932861328,166.60499572753906,1207,0.0,0.0
2024-07-29 13:19:00-04:00,166.58999633789062,166.58999633789062,166.58999633789062,166.58999633789062,555,0.0,0.0
2024-07-29 13:20:00-04:00,166.4600067138672,166.47500610351562,166.13999938964844,166.26499938964844,2165,0.0,0.0
2024-07-29 13:21:00-04:00,166.07000732421875,166.14999389648438,166.0399932861328,166.14999389648438,1463,0.0,0.0
2024-07-29 13:22:00-04:00,166.0,166.0,166.0,166.0,279,0.0,0.0
2024-07-29 13:23:00-04:00,166.01499938964844,166.01499938964844,166.01499938964844,166.01499938964844,231,0.0,0.0
2024-07-29 13:24:00-04:00,166.0399932861328,166.0399932861328,165.99000549316406,165.99000549316406,619,0.0,0.0
2024-07-29 13:25:00-04:00,165.88999938964844,165.88999938964844,165.54640197753906,165.54640197753906,1683,0.0,0.0
2024-07-29 13:26:00-04:00,165.69000244140625,165.69000244140625,165.61000061035156,165.68499755859375,1139,0.0,0.0
2024-07-29 13:27:00-04:00,165.68499755859375,165.68499755859375,165.68499755859375,165.68499755859375,560,0.0,0.0
2024-07-29 13:28:00-04:00,165.6699981689453,165.6699981689453,165.5,165.63499450683594,4372,0.0,0.0
2024-07-29 13:29:00-04:00,165.6300048828125,165.63499450683594,165.6300048828125,165.63499450683594,1117,0.0,0.0
2024-07-29 13:30:00-04:00,165.5,165.5,165.22999572753906,165.27499389648438,2174,0.0,0.0
2024-07-29 13:31:00-04:00,165.44000244140625,165.55999755859375,165.4199981689453,165.4199981689453,2641,0.0,0.0
2024-07-29 13:32:00-04:00,165.64999389648438,165.74000549316406,165.64999389648438,165.65499877929688,1554,0.0,0.0
2024-07-29 13:34:00-04:00,165.63999938964844,165.83999633789062,165.63999938964844,165.83999633789062,1397,0.0,0.0
2024-07-29 13:35:00-04:00,165.6699981689453,165.6699981689453,165.0,165.19500732421875,4232,0.0,0.0
2024-07-29 13:36:00-04:00,165.05499267578125,165.08999633789062,165.05499267578125,165.08999633789062,474,0.0,0.0
2024-07-29 13:37:00-04:00,164.8300018310547,164.8300018310547,164.8300018310547,164.8300018310547,864,0.0,0.0
2024-07-29 13:38:00-04:00,164.8739013671875,165.02999877929688,164.86500549316406,165.02999877929688,933,0.0,0.0
2024-07-29 13:40:00-04:00,165.08999633789062,165.08999633789062,164.9477996826172,164.9477996826172,788,0.0,0.0
2024-07-29 13:41:00-04:00,164.94000244140625,164.94000244140625,164.94000244140625,164.94000244140625,227,0.0,0.0
2024-07-29 13:42:00-04:00,165.11000061035156,165.11000061035156,165.11000061035156,165.11000061035156,115,0.0,0.0
2024-07-29 13:43:00-04:00,164.94000244140625,164.94000244140625,164.94000244140625,164.94000244140625,539,0.0,0.0
2024-07-29 13:44:00-04:00,164.55499267578125,164.55499267578125,164.55499267578125,164.55499267578125,1084,0.0,0.0
2024-07-29 13:49:00-04:00,164.8699951171875,164.8699951171875,164.74000549316406,164.8699951171875,938,0.0,0.0
2024-07-29 13:50:00-04:00,164.7550048828125,164.7550048828125,164.72000122070312,164.72000122070312,962,0.0,0.0
2024-07-29 13:52:00-04:00,164.57000732421875,164.6300048828125,164.52999877929688,164.52999877929688,1589,0.0,0.0
2024-07-29 13:54:00-04:00,164.30999755859375,164.36000061035156,164.30999755859375,164.36000061035156,534,0.0,0.0
2024-07-29 13:55:00-04:00,164.07460021972656,164.07460021972656,164.07460021972656,164.07460021972656,1631,0.0,0.0
2024-07-29 13:57:00-04:00,164.47999572753906,164.49000549316406,164.33999633789062,164.3699951171875,3651,0.0,0.0
2024-07-29 14:00:00-04:00,164.32000732421875,164.3300018310547,164.30999755859375,164.30999755859375,879,0.0,0.0
2024-07-29 14:01:00-04:00,164.2949981689453,164.2949981689453,164.2949981689453,164.2949981689453,859,0.0,0.0
2024-07-29 14:03:00-04:00,164.2949981689453,164.2949981689453,164.2949981689453,164.2949981689453,309,0.0,0.0
2024-07-29 14:06:00-04:00,164.5800018310547,164.5800018310547,164.4456024169922,164.4456024169922,1621,0.0,0.0
2024-07-29 14:08:00-04:00,164.47999572753906,164.57000732421875,164.47999572753906,164.55499267578125,1942,0.0,0.0
2024-07-29 14:09:00-04:00,164.2899932861328,164.2899932861328,164.2899932861328,164.2899932861328,411,0.0,0.0
2024-07-29 14:10:00-04:00,164.39500427246094,164.39500427246094,164.39500427246094,164.39500427246094,100,0.0,0.0
2024-07-29 14:11:00-04:00,164.38499450683594,164.58999633789062,164.38499450683594,164.58999633789062,1701,0.0,0.0
2024-07-29 14:12:00-04:00,164.4949951171875,164.60000610351562,164.4031982421875,164.4031982421875,2596,0.0,0.0
2024-07-29 14:13:00-04:00,164.38999938964844,164.5500030517578,164.38999938964844,164.5500030517578,614,0.0,0.0
2024-07-29 14:14:00-04:00,164.3000946044922,164.3000946044922,164.3000946044922,164.3000946044922,1306,0.0,0.0
2024-07-29 14:15:00-04:00,164.24000549316406,164.24000549316406,164.24000549316406,164.24000549316406,100,0.0,0.0
2024-07-29 14:16:00-04:00,164.13999938964844,164.23500061035156,164.13999938964844,164.23500061035156,1028,0.0,0.0
2024-07-29 14:20:00-04:00,164.2050018310547,164.2050018310547,164.2050018310547,164.2050018310547,291,0.0,0.0
2024-07-29 14:21:00-04:00,164.11000061035156,164.11000061035156,164.11000061035156,164.11000061035156,202,0.0,0.0
2024-07-29 14:22:00-04:00,164.1999969482422,164.1999969482422,164.0,164.0,5380,0.0,0.0
2024-07-29 14:23:00-04:00,164.08999633789062,164.08999633789062,163.9499969482422,163.9499969482422,1784,0.0,0.0
2024-07-29 14:27:00-04:00,163.72000122070312,163.72000122070312,163.72000122070312,163.72000122070312,533,0.0,0.0
2024-07-29 14:28:00-04:00,163.7949981689453,163.7949981689453,163.7949981689453,163.7949981689453,158,0.0,0.0
2024-07-29 14:29:00-04:00,163.89999389648438,164.16000366210938,163.89999389648438,164.10499572753906,6067,0.0,0.0
2024-07-29 14:31:00-04:00,163.97000122070312,163.97000122070312,163.97000122070312,163.97000122070312,121,0.0,0.0
2024-07-29 14:32:00-04:00,164.13560485839844,164.13560485839844,164.0050048828125,164.0050048828125,476,0.0,0.0
2024-07-29 14:33:00-04:00,163.8699951171875,164.0,163.86000061035156,164.0,2141,0.0,0.0
2024-07-29 14:34:00-04:00,164.16000366210938,164.38999938964844,164.16000366210938,164.26499938964844,2720,0.0,0.0
2024-07-29 14:35:00-04:00,164.2550048828125,164.25999450683594,164.13999938964844,164.13999938964844,1275,0.0,0.0
2024-07-29 14:36:00-04:00,164.32000732421875,164.4600067138672,164.32000732421875,164.4600067138672,576,0.0,0.0
2024-07-29 14:37:00-04:00,164.36000061035156,164.36000061035156,164.30999755859375,164.30999755859375,976,0.0,0.0
2024-07-29 14:38:00-04:00,164.30499267578125,164.30499267578125,164.1300048828125,164.22999572753906,2216,0.0,0.0
2024-07-29 14:40:00-04:00,164.17999267578125,164.17999267578125,164.17999267578125,164.17999267578125,154,0.0,0.0
2024-07-29 14:41:00-04:00,164.36000061035156,164.52999877929688,164.36000061035156,164.52999877929688,1621,0.0,0.0
2024-07-29 14:42:00-04:00,164.60000610351562,164.60000610351562,164.60000610351562,164.60000610351562,560,0.0,0.0
2024-07-29 14:43:00-04:00,164.6199951171875,164.6199951171875,164.6199951171875,164.6199951171875,1361,0.0,0.0
2024-07-29 14:45:00-04:00,164.3800048828125,164.4600067138672,164.32000732421875,164.32000732421875,3385,0.0,0.0
2024-07-29 14:48:00-04:00,164.27000427246094,164.47999572753906,164.27000427246094,164.3000030517578,2654,0.0,0.0
2024-07-29 14:49:00-04:00,164.5800018310547,164.5800018310547,164.5800018310547,164.5800018310547,1588,0.0,0.0
2024-07-29 14:50:00-04:00,164.5399932861328,164.5399932861328,164.5,164.53500366210938,2010,0.0,0.0
2024-07-29 14:54:00-04:00,164.66000366210938,164.66000366210938,164.66000366210938,164.66000366210938,1291,0.0,0.0
2024-07-29 14:57:00-04:00,164.5800018310547,164.5800018310547,164.5800018310547,164.5800018310547,659,0.0,0.0
2024-07-29 14:59:00-04:00,164.69000244140625,164.69000244140625,164.49000549316406,164.59500122070312,2634,0.0,0.0
2024-07-29 15:00:00-04:00,164.47999572753906,164.69000244140625,164.4600067138672,164.69000244140625,1477,0.0,0.0
2024-07-29 15:01:00-04:00,164.69000244140625,164.6999969482422,164.69000244140625,164.6999969482422,1748,0.0,0.0
2024-07-29 15:03:00-04:00,164.6300048828125,164.6649932861328,164.6300048828125,164.6649932861328,1297,0.0,0.0
2024-07-29 15:05:00-04:00,164.85000610351562,164.85000610351562,164.85000610351562,164.85000610351562,1727,0.0,0.0
2024-07-29 15:07:00-04:00,165.0,165.0,164.8800048828125,164.8800048828125,1192,0.0,0.0
2024-07-29 15:08:00-04:00,164.8800048828125,164.8800048828125,164.8300018310547,164.8300018310547,1227,0.0,0.0
2024-07-29 15:12:00-04:00,164.8800048828125,164.8800048828125,164.8000030517578,164.8000030517578,1474,0.0,0.0
2024-07-29 15:13:00-04:00,164.72999572753906,164.72999572753906,164.72999572753906,164.72999572753906,749,0.0,0.0
2024-07-29 15:15:00-04:00,164.75,164.75,164.75,164.75,468,0.0,0.0
2024-07-29 15:16:00-04:00,164.64999389648438,164.64999389648438,164.63999938964844,164.63999938964844,534,0.0,0.0
2024-07-29 15:17:00-04:00,164.6699981689453,164.6699981689453,164.5800018310547,164.5800018310547,1278,0.0,0.0
2024-07-29 15:18:00-04:00,164.50999450683594,164.50999450683594,164.50999450683594,164.50999450683594,485,0.0,0.0
2024-07-29 15:19:00-04:00,164.41000366210938,164.41000366210938,164.39500427246094,164.39500427246094,449,0.0,0.0
2024-07-29 15:20:00-04:00,164.52000427246094,164.5500030517578,164.39999389648438,164.39999389648438,2014,0.0,0.0
2024-07-29 15:21:00-04:00,164.58999633789062,164.66000366210938,164.58999633789062,164.66000366210938,1081,0.0,0.0
2024-07-29 15:22:00-04:00,164.7100067138672,164.74000549316406,164.6199951171875,164.6199951171875,1849,0.0,0.0
2024-07-29 15:24:00-04:00,164.9600067138672,164.9600067138672,164.9149932861328,164.9149932861328,1226,0.0,0.0
2024-07-29 15:25:00-04:00,164.6999969482422,164.77999877929688,164.47999572753906,164.47999572753906,1926,0.0,0.0
2024-07-29 15:26:00-04:00,164.5800018310547,164.5800018310547,164.5800018310547,164.5800018310547,206,0.0,0.0
2024-07-29 15:27:00-04:00,164.7100067138672,164.7100067138672,164.7100067138672,164.7100067138672,208,0.0,0.0
2024-07-29 15:28:00-04:00,164.63070678710938,164.63070678710938,164.6199951171875,164.6199951171875,1595,0.0,0.0
2024-07-29 15:29:00-04:00,164.8000030517578,164.8000030517578,164.75,164.75,257,0.0,0.0
2024-07-29 15:30:00-04:00,164.7899932861328,164.7899932861328,164.75999450683594,164.75999450683594,979,0.0,0.0
2024-07-29 15:32:00-04:00,164.78500366210938,164.86000061035156,164.78500366210938,164.86000061035156,1015,0.0,0.0
2024-07-29 15:33:00-04:00,164.7899932861328,164.7899932861328,164.6999969482422,164.72999572753906,1304,0.0,0.0
2024-07-29 15:34:00-04:00,164.83999633789062,164.83999633789062,164.83999633789062,164.83999633789062,115,0.0,0.0
2024-07-29 15:35:00-04:00,164.8800048828125,164.97000122070312,164.8000030517578,164.96499633789062,2450,0.0,0.0
2024-07-29 15:36:00-04:00,165.0399932861328,165.11000061035156,165.0399932861328,165.11000061035156,2033,0.0,0.0
2024-07-29 15:37:00-04:00,165.17999267578125,165.17999267578125,165.00999450683594,165.00999450683594,2526,0.0,0.0
2024-07-29 15:38:00-04:00,164.97999572753906,164.97999572753906,164.97999572753906,164.97999572753906,163,0.0,0.0
2024-07-29 15:40:00-04:00,164.91000366210938,164.94500732421875,164.82000732421875,164.94500732421875,992,0.0,0.0
2024-07-29 15:41:00-04:00,164.88999938964844,164.88999938964844,164.74000549316406,164.74000549316406,1736,0.0,0.0
2024-07-29 15:42:00-04:00,164.69400024414062,164.69400024414062,164.69400024414062,164.69400024414062,314,0.0,0.0
2024-07-29 15:43:00-04:00,164.7899932861328,164.83999633789062,164.77999877929688,164.77999877929688,1658,0.0,0.0
2024-07-29 15:45:00-04:00,164.8300018310547,164.8300018310547,164.7716064453125,164.7716064453125,333,0.0,0.0
2024-07-29 15:46:00-04:00,164.8300018310547,164.9080047607422,164.8300018310547,164.89500427246094,2405,0.0,0.0
2024-07-29 15:47:00-04:00,164.89999389648438,164.89999389648438,164.74600219726562,164.8000030517578,3827,0.0,0.0
2024-07-29 15:48:00-04:00,164.75,164.82000732421875,164.67599487304688,164.8074951171875,3829,0.0,0.0
2024-07-29 15:49:00-04:00,164.80499267578125,164.84500122070312,164.6999969482422,164.84500122070312,1200,0.0,0.0
2024-07-29 15:50:00-04:00,164.75999450683594,164.94000244140625,164.7100067138672,164.91000366210938,4209,0.0,0.0
2024-07-29 15:51:00-04:00,164.83999633789062,164.83999633789062,164.77000427246094,164.77000427246094,1249,0.0,0.0
2024-07-29 15:52:00-04:00,164.86000061035156,164.86000061035156,164.69000244140625,164.85000610351562,5655,0.0,0.0
2024-07-29 15:53:00-04:00,164.73500061035156,164.74000549316406,164.61959838867188,164.74000549316406,3170,0.0,0.0
2024-07-29 15:54:00-04:00,164.69500732421875,164.69500732421875,164.49000549316406,164.49000549316406,3723,0.0,0.0
2024-07-29 15:55:00-04:00,164.47000122070312,164.52000427246094,164.4199981689453,164.49000549316406,3661,0.0,0.0
2024-07-29 15:56:00-04:00,164.4759979248047,164.4759979248047,164.33999633789062,164.33999633789062,3333,0.0,0.0
2024-07-29 15:57:00-04:00,164.3300018310547,164.4600067138672,164.3300018310547,164.36000061035156,9215,0.0,0.0
2024-07-29 15:58:00-04:00,164.32000732421875,164.3800048828125,164.25,164.25,8527,0.0,0.0
2024-07-29 15:59:00-04:00,164.25999450683594,164.2899932861328,164.10000610351562,164.22999572753906,19384,0.0,0.0
2024-07-30 09:30:00-04:00,164.24000549316406,164.24000549316406,164.24000549316406,164.24000549316406,5590,0.0,0.0
2024-07-30 09:31:00-04:00,165.72000122070312,165.72000122070312,164.98379516601562,164.98379516601562,725,0.0,0.0
2024-07-30 09:32:00-04:00,164.97000122070312,164.97000122070312,164.97000122070312,164.97000122070312,196,0.0,0.0
2024-07-30 09:33:00-04:00,165.1199951171875,165.1199951171875,165.1199951171875,165.1199951171875,750,0.0,0.0
2024-07-30 09:35:00-04:00,165.4409942626953,165.97999572753906,164.5,165.97999572753906,1125,0.0,0.0
2024-07-30 09:38:00-04:00,165.33380126953125,165.33380126953125,165.24000549316406,165.24000549316406,771,0.0,0.0
2024-07-30 09:41:00-04:00,164.88499450683594,164.9199981689453,164.88499450683594,164.9199981689453,450,0.0,0.0
2024-07-30 09:42:00-04:00,165.42999267578125,165.4600067138672,165.35499572753906,165.35499572753906,1549,0.0,0.0
2024-07-30 09:43:00-04:00,165.53500366210938,165.53500366210938,165.53500366210938,165.53500366210938,232,0.0,0.0
2024-07-30 09:44:00-04:00,165.57000732421875,166.24000549316406,165.57000732421875,166.24000549316406,5456,0.0,0.0
2024-07-30 09:45:00-04:00,166.19000244140625,166.25999450683594,166.14500427246094,166.19000244140625,1280,0.0,0.0
2024-07-30 09:47:00-04:00,166.10000610351562,166.82000732421875,166.10000610351562,166.60000610351562,2204,0.0,0.0
2024-07-30 09:49:00-04:00,166.7899932861328,167.2100067138672,166.75999450683594,166.8699951171875,2140,0.0,0.0
2024-07-30 09:50:00-04:00,167.0,167.0,167.0,167.0,584,0.0,0.0
2024-07-30 09:51:00-04:00,166.62240600585938,166.62240600585938,166.17999267578125,166.3699951171875,3033,0.0,0.0
2024-07-30 09:53:00-04:00,166.13999938964844,166.19000244140625,166.02999877929688,166.11000061035156,1423,0.0,0.0
2024-07-30 09:54:00-04:00,166.19000244140625,166.19000244140625,166.14999389648438,166.14999389648438,591,0.0,0.0
2024-07-30 09:55:00-04:00,165.97999572753906,166.11309814453125,165.7010955810547,165.7010955810547,2662,0.0,0.0
2024-07-30 09:56:00-04:00,165.72000122070312,166.0,165.72000122070312,166.0,841,0.0,0.0
2024-07-30 09:58:00-04:00,166.13999938964844,166.1699981689453,165.9499969482422,165.9499969482422,739,0.0,0.0
2024-07-30 09:59:00-04:00,165.8531951904297,165.8531951904297,165.8531951904297,165.8531951904297,395,0.0,0.0
2024-07-30 10:00:00-04:00,165.8699951171875,165.8699951171875,165.6699981689453,165.77000427246094,1513,0.0,0.0
2024-07-30 10:01:00-04:00,165.3800048828125,165.3800048828125,164.0850067138672,164.0850067138672,8912,0.0,0.0
2024-07-30 10:02:00-04:00,164.0124053955078,164.07000732421875,163.71009826660156,163.71009826660156,4632,0.0,0.0
2024-07-30 10:03:00-04:00,163.88999938964844,164.4199981689453,163.88999938964844,164.25,1882,0.0,0.0
2024-07-30 10:04:00-04:00,164.55999755859375,164.5800018310547,164.55999755859375,164.5800018310547,891,0.0,0.0
2024-07-30 10:06:00-04:00,164.7949981689453,164.7949981689453,164.42999267578125,164.42999267578125,1455,0.0,0.0
2024-07-30 10:07:00-04:00,164.96499633789062,164.96499633789062,164.96499633789062,164.96499633789062,180,0.0,0.0
2024-07-30 10:08:00-04:00,165.2449951171875,165.2449951171875,164.5,164.5,1029,0.0,0.0
2024-07-30 10:10:00-04:00,164.22500610351562,164.22500610351562,164.22500610351562,164.22500610351562,664,0.0,0.0
2024-07-30 10:12:00-04:00,164.14390563964844,164.14390563964844,164.14390563964844,164.14390563964844,803,0.0,0.0
2024-07-30 10:13:00-04:00,163.69749450683594,163.69749450683594,163.69749450683594,163.69749450683594,1524,0.0,0.0
2024-07-30 10:14:00-04:00,163.60000610351562,163.65499877929688,163.60000610351562,163.60000610351562,675,0.0,0.0
2024-07-30 10:15:00-04:00,163.6199951171875,163.97999572753906,163.6199951171875,163.97999572753906,1797,0.0,0.0
2024-07-30 10:16:00-04:00,164.1300048828125,164.1999969482422,164.1300048828125,164.1999969482422,608,0.0,0.0
2024-07-30 10:17:00-04:00,164.27999877929688,164.35000610351562,164.27999877929688,164.35000610351562,819,0.0,0.0
2024-07-30 10:18:00-04:00,163.89999389648438,163.89999389648438,163.89999389648438,163.89999389648438,991,0.0,0.0
2024-07-30 10:19:00-04:00,163.6699981689453,163.69000244140625,163.6699981689453,163.69000244140625,890,0.0,0.0
2024-07-30 10:21:00-04:00,163.77999877929688,163.77999877929688,163.3300018310547,163.5500030517578,1625,0.0,0.0
2024-07-30 10:22:00-04:00,163.50999450683594,163.50999450683594,163.50999450683594,163.50999450683594,398,0.0,0.0
2024-07-30 10:24:00-04:00,163.77999877929688,163.77999877929688,163.77999877929688,163.77999877929688,662,0.0,0.0
2024-07-30 10:25:00-04:00,163.58999633789062,163.58999633789062,163.58999633789062,163.58999633789062,408,0.0,0.0
2024-07-30 10:26:00-04:00,164.0,164.0,164.0,164.0,729,0.0,0.0
2024-07-30 10:28:00-04:00,163.89500427246094,163.89500427246094,163.89500427246094,163.89500427246094,640,0.0,0.0
2024-07-30 10:29:00-04:00,163.88499450683594,163.88499450683594,163.88499450683594,163.88499450683594,126,0.0,0.0
2024-07-30 10:30:00-04:00,163.6699981689453,163.6699981689453,163.6699981689453,163.6699981689453,429,0.0,0.0
2024-07-30 10:31:00-04:00,163.48770141601562,163.48770141601562,163.48770141601562,163.48770141601562,471,0.0,0.0
2024-07-30 10:32:00-04:00,163.44000244140625,163.44000244140625,163.44000244140625,163.44000244140625,796,0.0,0.0
2024-07-30 10:33:00-04:00,163.22329711914062,163.22329711914062,163.22329711914062,163.22329711914062,430,0.0,0.0
2024-07-30 10:34:00-04:00,163.3800048828125,163.3800048828125,163.3800048828125,163.3800048828125,1019,0.0,0.0
2024-07-30 10:37:00-04:00,163.32000732421875,163.32000732421875,163.32000732421875,163.32000732421875,387,0.0,0.0
2024-07-30 10:38:00-04:00,163.3300018310547,163.3300018310547,163.3300018310547,163.3300018310547,507,0.0,0.0
2024-07-30 10:39:00-04:00,163.52000427246094,163.6999969482422,163.52000427246094,163.5399932861328,2918,0.0,0.0
2024-07-30 10:40:00-04:00,163.6999969482422,163.6999969482422,163.35789489746094,163.35789489746094,974,0.0,0.0
2024-07-30 10:41:00-04:00,163.59500122070312,163.59500122070312,163.59500122070312,163.59500122070312,430,0.0,0.0
2024-07-30 10:42:00-04:00,163.5749969482422,163.5749969482422,163.5749969482422,163.5749969482422,1258,0.0,0.0
2024-07-30 10:43:00-04:00,163.77999877929688,163.85000610351562,163.61000061035156,163.67999267578125,1583,0.0,0.0
2024-07-30 10:44:00-04:00,163.61000061035156,163.61000061035156,163.61000061035156,163.61000061035156,529,0.0,0.0
2024-07-30 10:45:00-04:00,163.57000732421875,163.74000549316406,163.57000732421875,163.74000549316406,617,0.0,0.0
2024-07-30 10:46:00-04:00,163.74000549316406,163.85000610351562,163.60499572753906,163.60499572753906,1160,0.0,0.0
2024-07-30 10:47:00-04:00,163.625,163.625,163.625,163.625,359,0.0,0.0
2024-07-30 10:48:00-04:00,163.625,163.625,163.4517059326172,163.4517059326172,755,0.0,0.0
2024-07-30 10:49:00-04:00,163.4553985595703,163.60499572753906,163.3800048828125,163.60499572753906,1128,0.0,0.0
2024-07-30 10:50:00-04:00,163.5800018310547,163.9499969482422,163.50999450683594,163.9499969482422,2985,0.0,0.0
2024-07-30 10:51:00-04:00,163.97000122070312,163.97000122070312,163.91000366210938,163.91000366210938,560,0.0,0.0
2024-07-30 10:53:00-04:00,163.91000366210938,164.0850067138672,163.91000366210938,164.0850067138672,1016,0.0,0.0
2024-07-30 10:54:00-04:00,164.0399932861328,164.0399932861328,163.8800048828125,163.8800048828125,1022,0.0,0.0
2024-07-30 10:55:00-04:00,164.00999450683594,164.00999450683594,164.00999450683594,164.00999450683594,331,0.0,0.0
2024-07-30 10:56:00-04:00,164.00999450683594,164.38499450683594,164.00999450683594,164.38499450683594,1784,0.0,0.0
2024-07-30 10:57:00-04:00,164.44500732421875,164.44500732421875,164.44500732421875,164.44500732421875,611,0.0,0.0
2024-07-30 10:58:00-04:00,163.9600067138672,164.0,163.9600067138672,163.97999572753906,1621,0.0,0.0
2024-07-30 10:59:00-04:00,163.94000244140625,163.9600067138672,163.93499755859375,163.9600067138672,815,0.0,0.0
2024-07-30 11:00:00-04:00,163.9600067138672,163.9600067138672,163.75999450683594,163.7899932861328,1253,0.0,0.0
2024-07-30 11:01:00-04:00,163.7050018310547,163.7100067138672,163.6800994873047,163.7100067138672,1500,0.0,0.0
2024-07-30 11:02:00-04:00,163.7100067138672,163.91000366210938,163.6649932861328,163.6649932861328,2037,0.0,0.0
2024-07-30 11:03:00-04:00,163.65499877929688,163.65499877929688,163.38999938964844,163.38999938964844,1062,0.0,0.0
2024-07-30 11:04:00-04:00,163.2899932861328,163.41000366210938,163.2899932861328,163.40499877929688,1042,0.0,0.0
2024-07-30 11:05:00-04:00,163.4499969482422,163.4499969482422,163.08999633789062,163.22999572753906,1702,0.0,0.0
2024-07-30 11:06:00-04:00,163.22500610351562,163.22500610351562,163.22500610351562,163.22500610351562,622,0.0,0.0
2024-07-30 11:07:00-04:00,163.36000061035156,163.7449951171875,163.30499267578125,163.74000549316406,3662,0.0,0.0
2024-07-30 11:09:00-04:00,163.7949981689453,163.80999755859375,163.75,163.75,1895,0.0,0.0
2024-07-30 11:10:00-04:00,163.80999755859375,163.80999755859375,163.27000427246094,163.4499969482422,1494,0.0,0.0
2024-07-30 11:11:00-04:00,163.38999938964844,163.39999389648438,163.33999633789062,163.33999633789062,673,0.0,0.0
2024-07-30 11:12:00-04:00,163.4149932861328,163.4149932861328,163.4149932861328,163.4149932861328,1500,0.0,0.0
2024-07-30 11:13:00-04:00,163.4250030517578,163.4250030517578,163.4250030517578,163.4250030517578,606,0.0,0.0
2024-07-30 11:15:00-04:00,163.44000244140625,163.44000244140625,163.44000244140625,163.44000244140625,298,0.0,0.0
2024-07-30 11:16:00-04:00,163.44000244140625,163.44000244140625,163.27999877929688,163.3000030517578,1074,0.0,0.0
2024-07-30 11:17:00-04:00,163.4250030517578,163.4250030517578,163.4250030517578,163.4250030517578,358,0.0,0.0
2024-07-30 11:18:00-04:00,163.4600067138672,163.6649932861328,163.4600067138672,163.6649932861328,2542,0.0,0.0
2024-07-30 11:19:00-04:00,163.56500244140625,163.56500244140625,163.56500244140625,163.56500244140625,879,0.0,0.0
2024-07-30 11:22:00-04:00,163.42999267578125,163.47999572753906,163.3000030517578,163.375,2100,0.0,0.0
2024-07-30 11:23:00-04:00,163.3800048828125,163.3800048828125,163.13999938964844,163.23500061035156,1304,0.0,0.0
2024-07-30 11:24:00-04:00,163.2949981689453,163.34249877929688,163.2949981689453,163.34249877929688,678,0.0,0.0
2024-07-30 11:25:00-04:00,163.41000366210938,163.47999572753906,163.41000366210938,163.47999572753906,1137,0.0,0.0
2024-07-30 11:27:00-04:00,163.46499633789062,163.60000610351562,163.46499633789062,163.60000610351562,2167,0.0,0.0
2024-07-30 11:28:00-04:00,163.4499969482422,163.4499969482422,163.1999969482422,163.26499938964844,2083,0.0,0.0
2024-07-30 11:29:00-04:00,163.00999450683594,163.1999053955078,162.85000610351562,162.85000610351562,728,0.0,0.0
2024-07-30 11:30:00-04:00,162.89500427246094,162.89500427246094,162.88999938964844,162.88999938964844,338,0.0,0.0
2024-07-30 11:31:00-04:00,162.9149932861328,162.9499969482422,162.9149932861328,162.9499969482422,789,0.0,0.0
2024-07-30 11:32:00-04:00,162.89500427246094,162.89500427246094,162.89500427246094,162.89500427246094,572,0.0,0.0
2024-07-30 11:33:00-04:00,163.05999755859375,163.32000732421875,163.0500030517578,163.32000732421875,3407,0.0,0.0
2024-07-30 11:34:00-04:00,163.32000732421875,163.32000732421875,163.32000732421875,163.32000732421875,118,0.0,0.0
2024-07-30 11:35:00-04:00,163.1750030517578,163.1750030517578,163.1750030517578,163.1750030517578,436,0.0,0.0
2024-07-30 11:36:00-04:00,163.1750030517578,163.1750030517578,163.1750030517578,163.1750030517578,323,0.0,0.0
2024-07-30 11:37:00-04:00,163.02000427246094,163.10499572753906,163.02000427246094,163.10499572753906,1322,0.0,0.0
2024-07-30 11:38:00-04:00,163.00999450683594,163.00999450683594,163.00999450683594,163.00999450683594,488,0.0,0.0
2024-07-30 11:41:00-04:00,162.94000244140625,162.94000244140625,162.94000244140625,162.94000244140625,338,0.0,0.0
2024-07-30 11:42:00-04:00,162.86000061035156,162.86000061035156,162.86000061035156,162.86000061035156,505,0.0,0.0
2024-07-30 11:44:00-04:00,162.52000427246094,162.52000427246094,162.49000549316406,162.4949951171875,690,0.0,0.0
2024-07-30 11:45:00-04:00,162.4600067138672,162.4600067138672,162.18870544433594,162.18870544433594,2683,0.0,0.0
2024-07-30 11:46:00-04:00,162.20889282226562,162.20889282226562,162.20889282226562,162.20889282226562,298,0.0,0.0
2024-07-30 11:48:00-04:00,162.2949981689453,162.2949981689453,162.2949981689453,162.2949981689453,307,0.0,0.0
2024-07-30 11:49:00-04:00,162.2949981689453,162.2949981689453,162.2949981689453,162.2949981689453,268,0.0,0.0
2024-07-30 11:50:00-04:00,162.4199981689453,162.4499969482422,162.2899932861328,162.35499572753906,4165,0.0,0.0
2024-07-30 11:51:00-04:00,162.35499572753906,162.35499572753906,162.35499572753906,162.35499572753906,664,0.0,0.0
2024-07-30 11:52:00-04:00,162.1300048828125,162.1300048828125,162.1199951171875,162.1199951171875,1057,0.0,0.0
2024-07-30 11:53:00-04:00,162.2100067138672,162.2100067138672,162.2100067138672,162.2100067138672,1224,0.0,0.0
2024-07-30 11:55:00-04:00,162.3000030517578,162.3000030517578,162.3000030517578,162.3000030517578,625,0.0,0.0
2024-07-30 11:56:00-04:00,162.2550048828125,162.2550048828125,162.2550048828125,162.2550048828125,252,0.0,0.0
2024-07-30 11:57:00-04:00,162.10000610351562,162.17999267578125,162.10000610351562,162.17999267578125,489,0.0,0.0
2024-07-30 11:58:00-04:00,162.34629821777344,162.34629821777344,162.34629821777344,162.34629821777344,1333,0.0,0.0
2024-07-30 11:59:00-04:00,162.38999938964844,162.4499969482422,162.38999938964844,162.4499969482422,1262,0.0,0.0
2024-07-30 12:00:00-04:00,162.6699981689453,162.6699981689453,162.6699981689453,162.6699981689453,585,0.0,0.0
2024-07-30 12:01:00-04:00,163.05999755859375,163.05999755859375,162.99000549316406,162.99000549316406,381,0.0,0.0
2024-07-30 12:02:00-04:00,162.99000549316406,162.99000549316406,162.85000610351562,162.89999389648438,1309,0.0,0.0
2024-07-30 12:04:00-04:00,162.977294921875,162.977294921875,162.977294921875,162.977294921875,263,0.0,0.0
2024-07-30 12:06:00-04:00,163.00999450683594,163.05999755859375,162.99000549316406,163.02000427246094,1205,0.0,0.0
2024-07-30 12:07:00-04:00,162.99000549316406,162.99000549316406,162.99000549316406,162.99000549316406,483,0.0,0.0
2024-07-30 12:08:00-04:00,163.1300048828125,163.17999267578125,163.1300048828125,163.16000366210938,784,0.0,0.0
2024-07-30 12:09:00-04:00,163.23500061035156,163.3000030517578,163.23500061035156,163.3000030517578,597,0.0,0.0
2024-07-30 12:10:00-04:00,163.27499389648438,163.27499389648438,163.27000427246094,163.27000427246094,503,0.0,0.0
2024-07-30 12:11:00-04:00,163.38999938964844,163.38999938964844,163.16000366210938,163.16000366210938,1452,0.0,0.0
2024-07-30 12:13:00-04:00,163.11500549316406,163.28500366210938,163.11500549316406,163.28500366210938,2256,0.0,0.0
2024-07-30 12:14:00-04:00,163.22000122070312,163.22000122070312,163.22000122070312,163.22000122070312,408,0.0,0.0
2024-07-30 12:15:00-04:00,163.02000427246094,163.02000427246094,163.02000427246094,163.02000427246094,509,0.0,0.0
2024-07-30 12:16:00-04:00,163.0800018310547,163.3300018310547,163.0800018310547,163.0800018310547,1414,0.0,0.0
2024-07-30 12:17:00-04:00,163.32989501953125,163.32989501953125,163.0800018310547,163.0800018310547,1640,0.0,0.0
2024-07-30 12:18:00-04:00,163.02000427246094,163.0850067138672,162.91000366210938,163.0850067138672,1557,0.0,0.0
2024-07-30 12:19:00-04:00,163.09500122070312,163.09500122070312,163.09500122070312,163.09500122070312,165,0.0,0.0
2024-07-30 12:20:00-04:00,163.05999755859375,163.05999755859375,163.05999755859375,163.05999755859375,717,0.0,0.0
2024-07-30 12:21:00-04:00,163.16000366210938,163.3699951171875,163.14999389648438,163.3699951171875,1876,0.0,0.0
2024-07-30 12:23:00-04:00,163.58999633789062,163.58999633789062,163.13999938964844,163.25,2917,0.0,0.0
2024-07-30 12:24:00-04:00,163.19500732421875,163.19500732421875,163.19500732421875,163.19500732421875,123,0.0,0.0
2024-07-30 12:25:00-04:00,163.19500732421875,163.19500732421875,163.07000732421875,163.11000061035156,1733,0.0,0.0
2024-07-30 12:26:00-04:00,163.11000061035156,163.32000732421875,163.11000061035156,163.1699981689453,1886,0.0,0.0
2024-07-30 12:27:00-04:00,163.13999938964844,163.2449951171875,163.13999938964844,163.2449951171875,793,0.0,0.0
2024-07-30 12:28:00-04:00,163.3350067138672,163.3350067138672,163.3300018310547,163.3350067138672,767,0.0,0.0
2024-07-30 12:29:00-04:00,163.24000549316406,163.24000549316406,163.24000549316406,163.24000549316406,484,0.0,0.0
2024-07-30 12:30:00-04:00,163.2100067138672,163.2100067138672,163.2100067138672,163.2100067138672,537,0.0,0.0
2024-07-30 12:31:00-04:00,163.16000366210938,163.16000366210938,163.16000366210938,163.16000366210938,205,0.0,0.0
2024-07-30 12:32:00-04:00,163.24000549316406,163.24679565429688,163.24000549316406,163.24679565429688,642,0.0,0.0
2024-07-30 12:33:00-04:00,163.24000549316406,163.24000549316406,163.23500061035156,163.24000549316406,920,0.0,0.0
2024-07-30 12:34:00-04:00,163.24000549316406,163.24000549316406,163.24000549316406,163.24000549316406,3672,0.0,0.0
2024-07-30 12:35:00-04:00,163.35000610351562,163.64999389648438,163.35000610351562,163.52999877929688,3044,0.0,0.0
2024-07-30 12:36:00-04:00,163.72999572753906,163.7550048828125,163.72999572753906,163.73500061035156,1089,0.0,0.0
2024-07-30 12:37:00-04:00,163.6063995361328,163.86000061035156,163.6063995361328,163.86000061035156,650,0.0,0.0
2024-07-30 12:38:00-04:00,163.66000366210938,164.13999938964844,163.66000366210938,164.13999938964844,1311,0.0,0.0
2024-07-30 12:41:00-04:00,164.10000610351562,164.10000610351562,164.10000610351562,164.10000610351562,274,0.0,0.0
2024-07-30 12:42:00-04:00,164.14999389648438,164.17999267578125,164.14999389648438,164.17999267578125,834,0.0,0.0
2024-07-30 12:43:00-04:00,164.38999938964844,164.38999938964844,164.14999389648438,164.14999389648438,1511,0.0,0.0
2024-07-30 12:44:00-04:00,164.28500366210938,164.28500366210938,164.28500366210938,164.28500366210938,132,0.0,0.0
2024-07-30 12:45:00-04:00,164.40499877929688,164.5,164.36000061035156,164.5,2083,0.0,0.0
2024-07-30 12:47:00-04:00,164.36000061035156,164.4199981689453,164.0800018310547,164.19000244140625,3797,0.0,0.0
2024-07-30 12:49:00-04:00,164.05999755859375,164.14500427246094,164.05999755859375,164.14500427246094,778,0.0,0.0
2024-07-30 12:50:00-04:00,164.10000610351562,164.10000610351562,164.0749969482422,164.0749969482422,433,0.0,0.0
2024-07-30 12:51:00-04:00,164.0800018310547,164.0800018310547,164.0749969482422,164.0749969482422,507,0.0,0.0
2024-07-30 12:52:00-04:00,163.91000366210938,163.91000366210938,163.86500549316406,163.89999389648438,2250,0.0,0.0
2024-07-30 12:54:00-04:00,163.69000244140625,163.69000244140625,163.6199951171875,163.6199951171875,1017,0.0,0.0
2024-07-30 12:55:00-04:00,163.6300048828125,163.64999389648438,163.6300048828125,163.64999389648438,563,0.0,0.0
2024-07-30 12:56:00-04:00,163.6999969482422,163.8000030517578,163.6999969482422,163.8000030517578,773,0.0,0.0
2024-07-30 12:57:00-04:00,163.63999938964844,163.73500061035156,163.61000061035156,163.66000366210938,1171,0.0,0.0
2024-07-30 12:58:00-04:00,163.66000366210938,163.66000366210938,163.66000366210938,163.66000366210938,342,0.0,0.0
2024-07-30 12:59:00-04:00,163.50999450683594,163.50999450683594,163.50999450683594,163.50999450683594,493,0.0,0.0
2024-07-30 13:00:00-04:00,163.39999389648438,163.39999389648438,163.24009704589844,163.24009704589844,775,0.0,0.0
2024-07-30 13:01:00-04:00,163.24000549316406,163.24000549316406,163.24000549316406,163.24000549316406,425,0.0,0.0
2024-07-30 13:02:00-04:00,163.25,163.2899932861328,163.25,163.2899932861328,415,0.0,0.0
2024-07-30 13:03:00-04:00,163.22000122070312,163.22000122070312,163.22000122070312,163.22000122070312,367,0.0,0.0
2024-07-30 13:04:00-04:00,163.2899932861328,163.41000366210938,163.2899932861328,163.41000366210938,1510,0.0,0.0
2024-07-30 13:05:00-04:00,163.41000366210938,163.4199981689453,163.39999389648438,163.4199981689453,1508,0.0,0.0
2024-07-30 13:08:00-04:00,163.5399932861328,163.5399932861328,163.5399932861328,163.5399932861328,496,0.0,0.0
2024-07-30 13:09:00-04:00,163.5,163.8300018310547,163.5,163.8300018310547,1730,0.0,0.0
2024-07-30 13:10:00-04:00,163.86000061035156,163.875,163.86000061035156,163.875,1072,0.0,0.0
2024-07-30 13:11:00-04:00,163.85000610351562,163.85000610351562,163.6199951171875,163.6199951171875,1263,0.0,0.0
2024-07-30 13:12:00-04:00,163.76499938964844,163.88999938964844,163.61500549316406,163.8699951171875,1421,0.0,0.0
2024-07-30 13:13:00-04:00,163.8000030517578,163.8000030517578,163.52999877929688,163.6649932861328,1865,0.0,0.0
2024-07-30 13:14:00-04:00,163.56500244140625,163.56500244140625,163.56500244140625,163.56500244140625,243,0.0,0.0
2024-07-30 13:15:00-04:00,163.57000732421875,163.57000732421875,163.2100067138672,163.33999633789062,4918,0.0,0.0
2024-07-30 13:16:00-04:00,163.3300018310547,163.36500549316406,163.3300018310547,163.36500549316406,335,0.0,0.0
2024-07-30 13:17:00-04:00,163.36000061035156,163.36000061035156,163.36000061035156,163.36000061035156,556,0.0,0.0
2024-07-30 13:18:00-04:00,163.14999389648438,163.27000427246094,163.07000732421875,163.07000732421875,1008,0.0,0.0
2024-07-30 13:19:00-04:00,163.1999969482422,163.5399932861328,163.11720275878906,163.5399932861328,2975,0.0,0.0
2024-07-30 13:20:00-04:00,163.53500366210938,163.67999267578125,163.3300018310547,163.52999877929688,12966,0.0,0.0
2024-07-30 13:21:00-04:00,163.6300048828125,163.6300048828125,163.47000122070312,163.47500610351562,2057,0.0,0.0
2024-07-30 13:22:00-04:00,163.47500610351562,163.47500610351562,163.47500610351562,163.47500610351562,202,0.0,0.0
2024-07-30 13:23:00-04:00,163.52999877929688,163.53500366210938,163.52999877929688,163.53500366210938,1366,0.0,0.0
2024-07-30 13:24:00-04:00,163.42999267578125,163.42999267578125,163.4199981689453,163.4199981689453,1092,0.0,0.0
2024-07-30 13:25:00-04:00,163.53500366210938,163.54209899902344,163.53500366210938,163.54209899902344,1192,0.0,0.0
2024-07-30 13:26:00-04:00,163.53500366210938,163.53500366210938,163.4199981689453,163.5050048828125,545,0.0,0.0
2024-07-30 13:27:00-04:00,163.52000427246094,163.52000427246094,163.1999969482422,163.2100067138672,2683,0.0,0.0
2024-07-30 13:28:00-04:00,163.22999572753906,163.2805938720703,163.22999572753906,163.22999572753906,2135,0.0,0.0
2024-07-30 13:29:00-04:00,163.27499389648438,163.27499389648438,163.27499389648438,163.27499389648438,513,0.0,0.0
2024-07-30 13:31:00-04:00,163.41000366210938,163.52999877929688,163.39999389648438,163.4250030517578,3979,0.0,0.0
2024-07-30 13:32:00-04:00,163.4149932861328,163.4149932861328,163.41000366210938,163.41000366210938,403,0.0,0.0
2024-07-30 13:33:00-04:00,163.4250030517578,163.4250030517578,163.4250030517578,163.4250030517578,431,0.0,0.0
2024-07-30 13:34:00-04:00,163.52999877929688,163.5399932861328,163.5050048828125,163.5050048828125,2545,0.0,0.0
2024-07-30 13:35:00-04:00,163.39999389648438,163.39999389648438,163.1999969482422,163.2100067138672,2425,0.0,0.0
2024-07-30 13:36:00-04:00,163.23500061035156,163.23500061035156,163.23500061035156,163.23500061035156,560,0.0,0.0
2024-07-30 13:37:00-04:00,163.2949981689453,163.2949981689453,163.2949981689453,163.2949981689453,208,0.0,0.0
2024-07-30 13:38:00-04:00,163.52999877929688,163.6999969482422,163.52999877929688,163.5800018310547,1497,0.0,0.0
2024-07-30 13:39:00-04:00,163.5800018310547,163.5800018310547,163.5800018310547,163.5800018310547,361,0.0,0.0
2024-07-30 13:40:00-04:00,163.57000732421875,163.57000732421875,163.57000732421875,163.57000732421875,322,0.0,0.0
2024-07-30 13:41:00-04:00,163.4199981689453,163.43499755859375,163.30999755859375,163.30999755859375,658,0.0,0.0
2024-07-30 13:42:00-04:00,163.4199981689453,163.4199981689453,163.4199981689453,163.4199981689453,229,0.0,0.0
2024-07-30 13:43:00-04:00,163.35000610351562,163.52000427246094,163.35000610351562,163.52000427246094,1394,0.0,0.0
2024-07-30 13:44:00-04:00,163.36500549316406,163.36500549316406,163.36500549316406,163.36500549316406,388,0.0,0.0
2024-07-30 13:45:00-04:00,163.50999450683594,163.52000427246094,163.3699951171875,163.52000427246094,6077,0.0,0.0
2024-07-30 13:46:00-04:00,163.5,163.6699981689453,163.5,163.6699981689453,1571,0.0,0.0
2024-07-30 13:47:00-04:00,163.48500061035156,163.57000732421875,163.36000061035156,163.36000061035156,1370,0.0,0.0
2024-07-30 13:48:00-04:00,163.22000122070312,163.3300018310547,163.22000122070312,163.2949981689453,1215,0.0,0.0
2024-07-30 13:49:00-04:00,163.3000030517578,163.33999633789062,163.3000030517578,163.33999633789062,739,0.0,0.0
2024-07-30 13:50:00-04:00,163.42999267578125,163.4600067138672,163.39999389648438,163.4600067138672,4383,0.0,0.0
2024-07-30 13:52:00-04:00,163.47999572753906,163.47999572753906,163.47999572753906,163.47999572753906,560,0.0,0.0
2024-07-30 13:53:00-04:00,163.44000244140625,163.49000549316406,163.44000244140625,163.49000549316406,927,0.0,0.0
2024-07-30 13:54:00-04:00,163.47999572753906,163.5800018310547,163.47999572753906,163.5800018310547,1457,0.0,0.0
2024-07-30 13:56:00-04:00,163.72999572753906,163.72999572753906,163.72999572753906,163.72999572753906,1787,0.0,0.0
2024-07-30 13:57:00-04:00,163.6750030517578,163.6750030517578,163.59500122070312,163.59500122070312,2156,0.0,0.0
2024-07-30 13:59:00-04:00,163.47999572753906,163.57000732421875,163.47999572753906,163.47999572753906,2502,0.0,0.0
2024-07-30 14:01:00-04:00,163.64999389648438,163.64999389648438,162.99000549316406,163.03500366210938,14892,0.0,0.0
2024-07-30 14:02:00-04:00,163.03500366210938,163.03500366210938,162.75,162.92999267578125,1989,0.0,0.0
2024-07-30 14:04:00-04:00,162.9149932861328,162.9149932861328,162.8300018310547,162.8300018310547,409,0.0,0.0
2024-07-30 14:06:00-04:00,162.6844940185547,162.6844940185547,162.6844940185547,162.6844940185547,867,0.0,0.0
2024-07-30 14:07:00-04:00,162.875,162.875,162.875,162.875,141,0.0,0.0
2024-07-30 14:08:00-04:00,163.00999450683594,163.00999450683594,162.88999938964844,162.88999938964844,2204,0.0,0.0
2024-07-30 14:11:00-04:00,162.85000610351562,162.88999938964844,162.83999633789062,162.88999938964844,853,0.0,0.0
2024-07-30 14:12:00-04:00,162.88999938964844,162.88999938964844,162.88999938964844,162.88999938964844,455,0.0,0.0
2024-07-30 14:13:00-04:00,162.88499450683594,162.88499450683594,162.88499450683594,162.88499450683594,548,0.0,0.0
2024-07-30 14:14:00-04:00,163.00999450683594,163.02000427246094,162.97999572753906,163.02000427246094,1160,0.0,0.0
2024-07-30 14:15:00-04:00,162.9600067138672,163.11000061035156,162.9600067138672,163.11000061035156,834,0.0,0.0
2024-07-30 14:16:00-04:00,163.03199768066406,163.03199768066406,163.03199768066406,163.03199768066406,621,0.0,0.0
2024-07-30 14:20:00-04:00,163.13999938964844,163.2899932861328,163.13999938964844,163.1750030517578,1957,0.0,0.0
2024-07-30 14:21:00-04:00,163.2449951171875,163.2449951171875,163.2449951171875,163.2449951171875,666,0.0,0.0
2024-07-30 14:23:00-04:00,163.28500366210938,163.39999389648438,163.28500366210938,163.39999389648438,10046,0.0,0.0
2024-07-30 14:24:00-04:00,163.5,163.5050048828125,163.38999938964844,163.49400329589844,2490,0.0,0.0
2024-07-30 14:25:00-04:00,163.3800048828125,163.4499969482422,163.3000030517578,163.4499969482422,1860,0.0,0.0
2024-07-30 14:26:00-04:00,163.43499755859375,163.43499755859375,163.2899932861328,163.2899932861328,871,0.0,0.0
2024-07-30 14:27:00-04:00,163.27000427246094,163.30499267578125,163.0399932861328,163.16000366210938,2185,0.0,0.0
2024-07-30 14:30:00-04:00,163.13999938964844,163.13999938964844,163.13999938964844,163.13999938964844,430,0.0,0.0
2024-07-30 14:31:00-04:00,163.13499450683594,163.18499755859375,163.13499450683594,163.18499755859375,406,0.0,0.0
2024-07-30 14:32:00-04:00,163.0200958251953,163.0200958251953,163.0200958251953,163.0200958251953,1247,0.0,0.0
2024-07-30 14:35:00-04:00,163.24000549316406,163.24000549316406,163.24000549316406,163.24000549316406,338,0.0,0.0
2024-07-30 14:36:00-04:00,163.17999267578125,163.39999389648438,163.1300048828125,163.39999389648438,3654,0.0,0.0
2024-07-30 14:37:00-04:00,163.33999633789062,163.33999633789062,163.33999633789062,163.33999633789062,337,0.0,0.0
2024-07-30 14:38:00-04:00,163.38999938964844,163.38999938964844,163.38999938964844,163.38999938964844,138,0.0,0.0
2024-07-30 14:39:00-04:00,163.38999938964844,163.38999938964844,163.38999938964844,163.38999938964844,672,0.0,0.0
2024-07-30 14:40:00-04:00,163.25999450683594,163.47999572753906,163.25999450683594,163.47999572753906,1017,0.0,0.0
2024-07-30 14:41:00-04:00,163.3350067138672,163.36000061035156,163.3350067138672,163.36000061035156,859,0.0,0.0
2024-07-30 14:42:00-04:00,163.27000427246094,163.31500244140625,163.27000427246094,163.31500244140625,592,0.0,0.0
2024-07-30 14:43:00-04:00,163.47999572753906,163.50999450683594,163.47000122070312,163.50999450683594,2373,0.0,0.0
2024-07-30 14:44:00-04:00,163.5,163.57000732421875,163.32000732421875,163.32000732421875,2155,0.0,0.0
2024-07-30 14:45:00-04:00,163.3699951171875,163.38600158691406,163.3699951171875,163.38600158691406,2764,0.0,0.0
2024-07-30 14:48:00-04:00,163.375,163.375,163.375,163.375,730,0.0,0.0
2024-07-30 14:49:00-04:00,163.22500610351562,163.24000549316406,163.1824951171875,163.2100067138672,1372,0.0,0.0
2024-07-30 14:50:00-04:00,163.21499633789062,163.4600067138672,163.21499633789062,163.4600067138672,2794,0.0,0.0
2024-07-30 14:51:00-04:00,163.5,163.82000732421875,163.4199981689453,163.74000549316406,13633,0.0,0.0
2024-07-30 14:54:00-04:00,163.9499969482422,163.9499969482422,163.6300048828125,163.6300048828125,2903,0.0,0.0
2024-07-30 14:55:00-04:00,163.80499267578125,164.00999450683594,163.8000030517578,163.9199981689453,1676,0.0,0.0
2024-07-30 14:57:00-04:00,163.80999755859375,163.9250030517578,163.80999755859375,163.81500244140625,2297,0.0,0.0
2024-07-30 14:58:00-04:00,164.02999877929688,164.02999877929688,164.02999877929688,164.02999877929688,217,0.0,0.0
2024-07-30 14:59:00-04:00,164.13999938964844,164.13999938964844,164.11500549316406,164.11500549316406,1491,0.0,0.0
2024-07-30 15:00:00-04:00,164.2050018310547,164.2050018310547,164.16000366210938,164.16000366210938,469,0.0,0.0
2024-07-30 15:01:00-04:00,164.1649932861328,164.1649932861328,163.85000610351562,163.85000610351562,3044,0.0,0.0
2024-07-30 15:02:00-04:00,163.81500244140625,163.86000061035156,163.77000427246094,163.81500244140625,1298,0.0,0.0
2024-07-30 15:03:00-04:00,163.81500244140625,163.81500244140625,163.77000427246094,163.77000427246094,494,0.0,0.0
2024-07-30 15:04:00-04:00,163.7899932861328,164.11000061035156,163.7899932861328,164.10000610351562,2914,0.0,0.0
2024-07-30 15:06:00-04:00,164.14500427246094,164.14500427246094,164.14500427246094,164.14500427246094,462,0.0,0.0
2024-07-30 15:07:00-04:00,164.16000366210938,164.16000366210938,164.11000061035156,164.11000061035156,551,0.0,0.0
2024-07-30 15:09:00-04:00,164.15499877929688,164.16000366210938,164.15499877929688,164.16000366210938,814,0.0,0.0
2024-07-30 15:10:00-04:00,164.1300048828125,164.13499450683594,164.02000427246094,164.08999633789062,1310,0.0,0.0
2024-07-30 15:11:00-04:00,164.0814971923828,164.0814971923828,164.0,164.00999450683594,1115,0.0,0.0
2024-07-30 15:12:00-04:00,163.97000122070312,164.05999755859375,163.9600067138672,164.0500030517578,3799,0.0,0.0
2024-07-30 15:13:00-04:00,164.0449981689453,164.0449981689453,164.0449981689453,164.0449981689453,311,0.0,0.0
2024-07-30 15:14:00-04:00,164.0449981689453,164.125,164.0449981689453,164.0449981689453,771,0.0,0.0
2024-07-30 15:15:00-04:00,164.13999938964844,164.36000061035156,164.13999938964844,164.36000061035156,2433,0.0,0.0
2024-07-30 15:16:00-04:00,164.25999450683594,164.3699951171875,164.25999450683594,164.3699951171875,2364,0.0,0.0
2024-07-30 15:17:00-04:00,164.22000122070312,164.2949981689453,164.1699981689453,164.27000427246094,2092,0.0,0.0
2024-07-30 15:19:00-04:00,164.40499877929688,164.42999267578125,164.38999938964844,164.38999938964844,1427,0.0,0.0
2024-07-30 15:20:00-04:00,164.5800018310547,164.5800018310547,164.5050048828125,164.5050048828125,877,0.0,0.0
2024-07-30 15:21:00-04:00,164.6300048828125,164.77000427246094,164.55999755859375,164.6750030517578,3805,0.0,0.0
2024-07-30 15:23:00-04:00,164.77000427246094,164.77000427246094,164.77000427246094,164.77000427246094,210,0.0,0.0
2024-07-30 15:24:00-04:00,164.7449951171875,164.7449951171875,164.7449951171875,164.7449951171875,825,0.0,0.0
2024-07-30 15:25:00-04:00,164.75999450683594,164.75999450683594,164.75999450683594,164.75999450683594,1283,0.0,0.0
2024-07-30 15:27:00-04:00,164.81500244140625,164.81500244140625,164.81500244140625,164.81500244140625,288,0.0,0.0
2024-07-30 15:28:00-04:00,164.72500610351562,164.8300018310547,164.72500610351562,164.8300018310547,1535,0.0,0.0
2024-07-30 15:29:00-04:00,164.7899932861328,164.7949981689453,164.7899932861328,164.7949981689453,1588,0.0,0.0
2024-07-30 15:30:00-04:00,164.7949981689453,164.875,164.7949981689453,164.7949981689453,1041,0.0,0.0
2024-07-30 15:31:00-04:00,164.6999969482422,164.75,164.6999969482422,164.7100067138672,2910,0.0,0.0
2024-07-30 15:32:00-04:00,164.80999755859375,165.0800018310547,164.8000030517578,165.0800018310547,3147,0.0,0.0
2024-07-30 15:33:00-04:00,165.0500030517578,165.16000366210938,165.0500030517578,165.16000366210938,1244,0.0,0.0
2024-07-30 15:34:00-04:00,165.05999755859375,165.05999755859375,165.05999755859375,165.05999755859375,724,0.0,0.0
2024-07-30 15:35:00-04:00,165.14999389648438,165.14999389648438,165.05999755859375,165.11000061035156,2138,0.0,0.0
2024-07-30 15:36:00-04:00,165.13499450683594,165.13499450683594,165.0399932861328,165.11500549316406,4231,0.0,0.0
2024-07-30 15:37:00-04:00,165.22000122070312,165.36000061035156,165.22000122070312,165.30999755859375,1843,0.0,0.0
2024-07-30 15:38:00-04:00,165.25999450683594,165.30999755859375,165.19000244140625,165.30999755859375,2292,0.0,0.0
2024-07-30 15:39:00-04:00,165.1479949951172,165.30999755859375,165.1479949951172,165.30999755859375,1762,0.0,0.0
2024-07-30 15:40:00-04:00,165.33999633789062,165.36000061035156,165.25,165.25999450683594,1953,0.0,0.0
2024-07-30 15:41:00-04:00,165.3300018310547,165.35000610351562,165.10000610351562,165.1999969482422,4845,0.0,0.0
2024-07-30 15:42:00-04:00,165.3000030517578,165.3000030517578,165.14500427246094,165.14500427246094,1126,0.0,0.0
2024-07-30 15:43:00-04:00,165.14500427246094,165.22000122070312,165.14500427246094,165.22000122070312,1900,0.0,0.0
2024-07-30 15:44:00-04:00,165.32000732421875,165.32000732421875,165.32000732421875,165.32000732421875,306,0.0,0.0
2024-07-30 15:45:00-04:00,165.3498992919922,165.35000610351562,165.3498992919922,165.35000610351562,806,0.0,0.0
2024-07-30 15:46:00-04:00,165.50999450683594,165.5399932861328,165.50999450683594,165.5399932861328,2100,0.0,0.0
2024-07-30 15:47:00-04:00,165.53500366210938,165.63999938964844,165.53500366210938,165.60499572753906,2368,0.0,0.0
2024-07-30 15:48:00-04:00,165.69000244140625,165.72000122070312,165.6699981689453,165.72000122070312,2338,0.0,0.0
2024-07-30 15:49:00-04:00,165.75999450683594,165.8800048828125,165.75999450683594,165.8800048828125,1507,0.0,0.0
2024-07-30 15:50:00-04:00,165.88999938964844,166.2899932861328,165.85000610351562,166.2899932861328,2970,0.0,0.0
2024-07-30 15:51:00-04:00,166.2899932861328,166.3000030517578,166.02000427246094,166.16000366210938,7769,0.0,0.0
2024-07-30 15:52:00-04:00,166.0749969482422,166.09500122070312,166.00999450683594,166.0625,3838,0.0,0.0
2024-07-30 15:53:00-04:00,166.02000427246094,166.02000427246094,165.8699951171875,165.9499969482422,4458,0.0,0.0
2024-07-30 15:54:00-04:00,166.08999633789062,166.08999633789062,165.83999633789062,165.8699951171875,5492,0.0,0.0
2024-07-30 15:55:00-04:00,165.9600067138672,166.0,165.88999938964844,165.9499969482422,5062,0.0,0.0
2024-07-30 15:56:00-04:00,165.9499969482422,165.9499969482422,165.7050018310547,165.7899932861328,8472,0.0,0.0
2024-07-30 15:57:00-04:00,165.86000061035156,165.9199981689453,165.77000427246094,165.77000427246094,7983,0.0,0.0
2024-07-30 15:58:00-04:00,165.8300018310547,165.97999572753906,165.77000427246094,165.94000244140625,18395,0.0,0.0
2024-07-30 15:59:00-04:00,165.89999389648438,165.89999389648438,165.42999267578125,165.4499969482422,21774,0.0,0.0
2024-07-31 09:30:00-04:00,167.6300048828125,167.6300048828125,166.99000549316406,166.99000549316406,8682,0.0,0.0
2024-07-31 09:33:00-04:00,166.7100067138672,167.39999389648438,166.7100067138672,167.0749969482422,3838,0.0,0.0
2024-07-31 09:34:00-04:00,166.9949951171875,167.33999633789062,166.42999267578125,166.42999267578125,2808,0.0,0.0
2024-07-31 09:35:00-04:00,166.14500427246094,166.8800048828125,166.14500427246094,166.83999633789062,1126,0.0,0.0
2024-07-31 09:36:00-04:00,166.75999450683594,166.75999450683594,166.75999450683594,166.75999450683594,486,0.0,0.0
2024-07-31 09:37:00-04:00,166.42999267578125,167.14999389648438,166.42999267578125,167.14999389648438,5023,0.0,0.0
2024-07-31 09:38:00-04:00,167.0854034423828,167.47000122070312,167.0854034423828,167.3699951171875,1248,0.0,0.0
2024-07-31 09:39:00-04:00,167.10000610351562,167.10000610351562,166.39999389648438,166.56500244140625,2766,0.0,0.0
2024-07-31 09:40:00-04:00,166.60000610351562,166.60000610351562,166.60000610351562,166.60000610351562,382,0.0,0.0
2024-07-31 09:41:00-04:00,166.9600067138672,167.05999755859375,166.5449981689453,166.6999969482422,1550,0.0,0.0
2024-07-31 09:42:00-04:00,166.3699951171875,166.56500244140625,166.3699951171875,166.56500244140625,712,0.0,0.0
2024-07-31 09:43:00-04:00,166.08999633789062,166.08999633789062,166.08999633789062,166.08999633789062,268,0.0,0.0
2024-07-31 09:44:00-04:00,166.66000366210938,166.66000366210938,166.66000366210938,166.66000366210938,402,0.0,0.0
2024-07-31 09:45:00-04:00,166.61000061035156,166.80999755859375,166.56500244140625,166.56500244140625,1459,0.0,0.0
2024-07-31 09:46:00-04:00,167.0,167.36000061035156,167.0,167.16000366210938,5988,0.0,0.0
2024-07-31 09:47:00-04:00,167.27000427246094,168.2799072265625,167.10000610351562,167.9199981689453,10742,0.0,0.0
2024-07-31 09:48:00-04:00,168.27999877929688,168.75,168.25999450683594,168.5,2882,0.0,0.0
2024-07-31 09:49:00-04:00,168.64999389648438,168.64999389648438,168.44500732421875,168.47000122070312,1203,0.0,0.0
2024-07-31 09:50:00-04:00,168.47000122070312,168.77000427246094,168.40499877929688,168.40499877929688,1628,0.0,0.0
2024-07-31 09:51:00-04:00,168.7100067138672,168.8000030517578,168.7100067138672,168.8000030517578,736,0.0,0.0
2024-07-31 09:52:00-04:00,168.58999633789062,168.83380126953125,168.44000244140625,168.61000061035156,3541,0.0,0.0
2024-07-31 09:53:00-04:00,168.9199981689453,169.30999755859375,168.58999633789062,168.58999633789062,2860,0.0,0.0
2024-07-31 09:54:00-04:00,168.58999633789062,168.58999633789062,168.58999633789062,168.58999633789062,478,0.0,0.0
2024-07-31 09:55:00-04:00,168.60000610351562,168.8000030517578,168.24000549316406,168.4550018310547,7943,0.0,0.0
2024-07-31 09:56:00-04:00,168.61000061035156,168.61000061035156,168.61000061035156,168.61000061035156,810,0.0,0.0
2024-07-31 09:57:00-04:00,168.66000366210938,168.97000122070312,168.07009887695312,168.07009887695312,3559,0.0,0.0
2024-07-31 09:59:00-04:00,169.0399932861328,169.13999938964844,168.80999755859375,168.88999938964844,2100,0.0,0.0
2024-07-31 10:00:00-04:00,168.8000030517578,169.22999572753906,168.8000030517578,169.22999572753906,634,0.0,0.0
2024-07-31 10:01:00-04:00,169.22999572753906,169.66000366210938,169.22999572753906,169.66000366210938,1942,0.0,0.0
2024-07-31 10:03:00-04:00,169.0,170.1999969482422,168.9199981689453,170.1999969482422,10750,0.0,0.0
2024-07-31 10:04:00-04:00,170.0,170.52999877929688,170.0,170.35000610351562,8600,0.0,0.0
2024-07-31 10:05:00-04:00,170.52000427246094,170.52000427246094,170.30999755859375,170.30999755859375,647,0.0,0.0
2024-07-31 10:06:00-04:00,170.3000030517578,170.3000030517578,169.19000244140625,169.41000366210938,5728,0.0,0.0
2024-07-31 10:07:00-04:00,169.0800018310547,169.0800018310547,169.0800018310547,169.0800018310547,217,0.0,0.0
2024-07-31 10:08:00-04:00,169.2550048828125,169.2550048828125,168.24000549316406,168.2449951171875,3319,0.0,0.0
2024-07-31 10:09:00-04:00,168.0,168.57000732421875,167.96499633789062,168.57000732421875,7479,0.0,0.0
2024-07-31 10:10:00-04:00,168.6300048828125,168.6300048828125,168.17999267578125,168.27000427246094,1788,0.0,0.0
2024-07-31 10:11:00-04:00,168.6300048828125,168.6300048828125,168.4600067138672,168.4600067138672,1005,0.0,0.0
2024-07-31 10:12:00-04:00,168.52999877929688,168.52999877929688,167.78799438476562,167.78799438476562,1998,0.0,0.0
2024-07-31 10:14:00-04:00,167.74000549316406,168.0399932861328,167.74000549316406,168.02000427246094,2105,0.0,0.0
2024-07-31 10:15:00-04:00,167.94000244140625,168.47000122070312,167.83009338378906,168.47000122070312,3072,0.0,0.0
2024-07-31 10:16:00-04:00,168.55999755859375,168.6699981689453,168.2899932861328,168.6699981689453,764,0.0,0.0
2024-07-31 10:17:00-04:00,168.4250030517578,168.4250030517578,168.36000061035156,168.36000061035156,964,0.0,0.0
2024-07-31 10:19:00-04:00,168.32000732421875,168.52000427246094,168.32000732421875,168.3350067138672,1398,0.0,0.0
2024-07-31 10:20:00-04:00,168.3350067138672,168.33999633789062,168.22999572753906,168.33999633789062,984,0.0,0.0
2024-07-31 10:21:00-04:00,168.24000549316406,168.24000549316406,168.02000427246094,168.11000061035156,1868,0.0,0.0
2024-07-31 10:22:00-04:00,167.89500427246094,167.89500427246094,167.89500427246094,167.89500427246094,387,0.0,0.0
2024-07-31 10:23:00-04:00,167.7100067138672,168.24000549316406,167.7100067138672,168.24000549316406,2724,0.0,0.0
2024-07-31 10:24:00-04:00,168.25999450683594,168.35000610351562,168.25999450683594,168.35000610351562,1451,0.0,0.0
2024-07-31 10:25:00-04:00,168.60000610351562,168.60000610351562,168.5399932861328,168.5399932861328,422,0.0,0.0
2024-07-31 10:26:00-04:00,168.6199951171875,168.7899932861328,168.5800018310547,168.7050018310547,1494,0.0,0.0
2024-07-31 10:27:00-04:00,168.6199951171875,168.8000030517578,168.44000244140625,168.8000030517578,5142,0.0,0.0
2024-07-31 10:28:00-04:00,169.1199951171875,169.14999389648438,168.97999572753906,169.13999938964844,1911,0.0,0.0
2024-07-31 10:29:00-04:00,168.9600067138672,168.9600067138672,168.9250030517578,168.9250030517578,729,0.0,0.0
2024-07-31 10:30:00-04:00,168.77999877929688,168.78500366210938,168.42999267578125,168.65499877929688,3066,0.0,0.0
2024-07-31 10:32:00-04:00,168.5,168.64999389648438,168.4199981689453,168.4199981689453,1165,0.0,0.0
2024-07-31 10:33:00-04:00,168.25,168.25,168.0,168.10000610351562,4401,0.0,0.0
2024-07-31 10:34:00-04:00,168.30999755859375,168.30999755859375,168.22000122070312,168.30999755859375,1679,0.0,0.0
2024-07-31 10:35:00-04:00,168.11000061035156,168.3800048828125,168.08749389648438,168.1699981689453,3490,0.0,0.0
2024-07-31 10:36:00-04:00,168.08999633789062,168.08999633789062,167.8000030517578,167.8000030517578,953,0.0,0.0
2024-07-31 10:37:00-04:00,168.3699951171875,168.38999938964844,168.35000610351562,168.38999938964844,1348,0.0,0.0
2024-07-31 10:38:00-04:00,168.16000366210938,168.58999633789062,168.16000366210938,168.30499267578125,2895,0.0,0.0
2024-07-31 10:39:00-04:00,168.50570678710938,168.50570678710938,168.0399932861328,168.2050018310547,4005,0.0,0.0
2024-07-31 10:40:00-04:00,168.2050018310547,168.2050018310547,167.92999267578125,168.19500732421875,1596,0.0,0.0
2024-07-31 10:42:00-04:00,167.94000244140625,168.03500366210938,167.78500366210938,167.78500366210938,6442,0.0,0.0
2024-07-31 10:44:00-04:00,167.83999633789062,167.83999633789062,167.4199981689453,167.53500366210938,1876,0.0,0.0
2024-07-31 10:45:00-04:00,167.5449981689453,167.8000030517578,167.3699951171875,167.5749969482422,5053,0.0,0.0
2024-07-31 10:46:00-04:00,167.55999755859375,167.58999633789062,167.52999877929688,167.58999633789062,2631,0.0,0.0
2024-07-31 10:47:00-04:00,167.75999450683594,167.9199981689453,167.69000244140625,167.72000122070312,3383,0.0,0.0
2024-07-31 10:48:00-04:00,167.71499633789062,167.71499633789062,167.7100067138672,167.7100067138672,1104,0.0,0.0
2024-07-31 10:49:00-04:00,167.9600067138672,167.9600067138672,167.30999755859375,167.44500732421875,2588,0.0,0.0
2024-07-31 10:50:00-04:00,167.13999938964844,167.13999938964844,167.0,167.0749969482422,1077,0.0,0.0
2024-07-31 10:51:00-04:00,166.88999938964844,166.88999938964844,166.75999450683594,166.75999450683594,1143,0.0,0.0
2024-07-31 10:52:00-04:00,166.47000122070312,166.47000122070312,166.11000061035156,166.11000061035156,385,0.0,0.0
2024-07-31 10:53:00-04:00,166.34500122070312,166.92999267578125,166.34500122070312,166.89999389648438,4698,0.0,0.0
2024-07-31 10:54:00-04:00,166.92999267578125,166.92999267578125,166.92999267578125,166.92999267578125,280,0.0,0.0
2024-07-31 10:55:00-04:00,167.0500030517578,167.0500030517578,166.9600067138672,166.9600067138672,1448,0.0,0.0
2024-07-31 10:56:00-04:00,167.22000122070312,167.49000549316406,166.85000610351562,166.85000610351562,2139,0.0,0.0
2024-07-31 10:57:00-04:00,167.3699951171875,167.6199951171875,167.3699951171875,167.6199951171875,759,0.0,0.0
2024-07-31 10:58:00-04:00,167.67999267578125,167.67999267578125,167.67999267578125,167.67999267578125,424,0.0,0.0
2024-07-31 10:59:00-04:00,167.61000061035156,167.73500061035156,167.47000122070312,167.47000122070312,1896,0.0,0.0
2024-07-31 11:00:00-04:00,167.6750030517578,167.6750030517578,167.4199981689453,167.4199981689453,773,0.0,0.0
2024-07-31 11:01:00-04:00,167.4600067138672,167.53909301757812,167.4600067138672,167.53909301757812,1250,0.0,0.0
2024-07-31 11:02:00-04:00,167.4499969482422,167.52000427246094,167.44000244140625,167.52000427246094,645,0.0,0.0
2024-07-31 11:03:00-04:00,167.17999267578125,167.6060028076172,167.17999267578125,167.6060028076172,559,0.0,0.0
2024-07-31 11:04:00-04:00,167.61000061035156,167.72000122070312,167.58999633789062,167.72000122070312,1334,0.0,0.0
2024-07-31 11:05:00-04:00,167.35000610351562,167.35000610351562,167.35000610351562,167.35000610351562,102,0.0,0.0
2024-07-31 11:06:00-04:00,167.39999389648438,167.39999389648438,167.24000549316406,167.38999938964844,507,0.0,0.0
2024-07-31 11:07:00-04:00,167.38499450683594,167.38499450683594,167.38499450683594,167.38499450683594,364,0.0,0.0
2024-07-31 11:08:00-04:00,167.42999267578125,167.60000610351562,167.42999267578125,167.60000610351562,226,0.0,0.0
2024-07-31 11:09:00-04:00,167.24000549316406,167.24000549316406,167.24000549316406,167.24000549316406,318,0.0,0.0
2024-07-31 11:10:00-04:00,167.3800048828125,167.38999938964844,167.34750366210938,167.38999938964844,909,0.0,0.0
2024-07-31 11:12:00-04:00,167.375,167.375,167.375,167.375,529,0.0,0.0
2024-07-31 11:13:00-04:00,167.3800048828125,167.3800048828125,166.8800048828125,166.9199981689453,3381,0.0,0.0
2024-07-31 11:14:00-04:00,166.8800048828125,166.88499450683594,166.8800048828125,166.88499450683594,657,0.0,0.0
2024-07-31 11:15:00-04:00,166.75999450683594,166.75999450683594,166.75999450683594,166.75999450683594,418,0.0,0.0
2024-07-31 11:16:00-04:00,166.78500366210938,166.80499267578125,166.78500366210938,166.80499267578125,608,0.0,0.0
2024-07-31 11:17:00-04:00,166.72999572753906,166.9499969482422,166.72999572753906,166.9499969482422,2200,0.0,0.0
2024-07-31 11:18:00-04:00,167.11000061035156,167.30999755859375,167.0,167.30999755859375,2186,0.0,0.0
2024-07-31 11:19:00-04:00,167.42999267578125,167.6699981689453,167.1501007080078,167.6699981689453,1508,0.0,0.0
2024-07-31 11:20:00-04:00,167.53500366210938,167.53500366210938,167.24000549316406,167.4149932861328,1468,0.0,0.0
2024-07-31 11:21:00-04:00,167.4149932861328,167.4149932861328,167.4149932861328,167.4149932861328,246,0.0,0.0
2024-07-31 11:22:00-04:00,167.52999877929688,167.52999877929688,167.52999877929688,167.52999877929688,662,0.0,0.0
2024-07-31 11:24:00-04:00,167.35499572753906,167.5399932861328,167.35499572753906,167.45750427246094,2057,0.0,0.0
2024-07-31 11:25:00-04:00,167.52999877929688,167.5800018310547,167.52999877929688,167.5800018310547,319,0.0,0.0
2024-07-31 11:26:00-04:00,167.58999633789062,167.72000122070312,167.52000427246094,167.66000366210938,5842,0.0,0.0
2024-07-31 11:27:00-04:00,167.48809814453125,167.66000366210938,167.48809814453125,167.66000366210938,988,0.0,0.0
2024-07-31 11:28:00-04:00,167.6300048828125,167.6300048828125,167.25999450683594,167.33999633789062,2887,0.0,0.0
2024-07-31 11:29:00-04:00,167.2100067138672,167.2100067138672,167.2100067138672,167.2100067138672,363,0.0,0.0
2024-07-31 11:30:00-04:00,167.32000732421875,167.55999755859375,167.32000732421875,167.55999755859375,1918,0.0,0.0
2024-07-31 11:31:00-04:00,167.4499969482422,167.4499969482422,167.4499969482422,167.4499969482422,416,0.0,0.0
2024-07-31 11:33:00-04:00,167.4600067138672,167.4600067138672,167.4600067138672,167.4600067138672,391,0.0,0.0
2024-07-31 11:34:00-04:00,167.49000549316406,167.49000549316406,167.49000549316406,167.49000549316406,124,0.0,0.0
2024-07-31 11:35:00-04:00,167.4949951171875,167.5,167.4199981689453,167.4199981689453,716,0.0,0.0
2024-07-31 11:36:00-04:00,167.52000427246094,167.52000427246094,167.27999877929688,167.27999877929688,583,0.0,0.0
2024-07-31 11:37:00-04:00,167.44000244140625,167.57000732421875,167.42999267578125,167.42999267578125,621,0.0,0.0
2024-07-31 11:38:00-04:00,167.1699981689453,167.39500427246094,167.1699981689453,167.39500427246094,439,0.0,0.0
2024-07-31 11:39:00-04:00,167.1199951171875,167.47000122070312,167.11000061035156,167.4600067138672,3429,0.0,0.0
2024-07-31 11:42:00-04:00,167.24000549316406,167.24000549316406,166.97999572753906,166.97999572753906,3534,0.0,0.0
2024-07-31 11:43:00-04:00,167.25999450683594,167.49000549316406,167.16000366210938,167.49000549316406,3637,0.0,0.0
2024-07-31 11:44:00-04:00,167.72000122070312,167.72000122070312,167.57000732421875,167.57000732421875,823,0.0,0.0
2024-07-31 11:45:00-04:00,167.50999450683594,167.58999633789062,167.4600067138672,167.58999633789062,1414,0.0,0.0
2024-07-31 11:46:00-04:00,167.61500549316406,167.625,167.61500549316406,167.625,772,0.0,0.0
2024-07-31 11:47:00-04:00,167.63499450683594,167.7899932861328,167.49000549316406,167.60499572753906,2242,0.0,0.0
2024-07-31 11:49:00-04:00,167.6199951171875,167.6300048828125,167.41000366210938,167.42999267578125,3959,0.0,0.0
2024-07-31 11:50:00-04:00,167.42999267578125,167.5800018310547,167.4199981689453,167.4199981689453,2614,0.0,0.0
2024-07-31 11:51:00-04:00,167.3699951171875,167.3800048828125,167.2449951171875,167.2449951171875,1580,0.0,0.0
2024-07-31 11:52:00-04:00,167.2449951171875,167.2449951171875,167.10000610351562,167.2449951171875,1870,0.0,0.0
2024-07-31 11:53:00-04:00,167.2449951171875,167.2449951171875,167.2449951171875,167.2449951171875,291,0.0,0.0
2024-07-31 11:54:00-04:00,167.22000122070312,167.23500061035156,166.8800048828125,167.02000427246094,4027,0.0,0.0
2024-07-31 11:56:00-04:00,167.0,167.0,167.0,167.0,758,0.0,0.0
2024-07-31 11:57:00-04:00,166.75999450683594,166.75999450683594,166.72999572753906,166.72999572753906,1442,0.0,0.0
2024-07-31 11:58:00-04:00,166.67999267578125,166.67999267578125,166.67999267578125,166.67999267578125,894,0.0,0.0
2024-07-31 12:00:00-04:00,166.91000366210938,167.3800048828125,166.91000366210938,167.3800048828125,6074,0.0,0.0
2024-07-31 12:01:00-04:00,167.42999267578125,167.42999267578125,167.42999267578125,167.42999267578125,1167,0.0,0.0
2024-07-31 12:02:00-04:00,167.3699951171875,167.3699951171875,167.0800018310547,167.0800018310547,2480,0.0,0.0
2024-07-31 12:03:00-04:00,166.97999572753906,167.2449951171875,166.8699951171875,167.0800018310547,806,0.0,0.0
2024-07-31 12:04:00-04:00,167.07000732421875,167.07000732421875,167.07000732421875,167.07000732421875,200,0.0,0.0
2024-07-31 12:05:00-04:00,166.94000244140625,166.94000244140625,166.75,166.75,1488,0.0,0.0
2024-07-31 12:06:00-04:00,167.0399932861328,167.0399932861328,166.89999389648438,166.89999389648438,843,0.0,0.0
2024-07-31 12:07:00-04:00,166.9499969482422,166.9499969482422,166.9499969482422,166.9499969482422,825,0.0,0.0
2024-07-31 12:08:00-04:00,167.11000061035156,167.32000732421875,167.0,167.32000732421875,3304,0.0,0.0
2024-07-31 12:09:00-04:00,167.32000732421875,167.32000732421875,167.14999389648438,167.14999389648438,1431,0.0,0.0
2024-07-31 12:10:00-04:00,167.10000610351562,167.25,166.9499969482422,167.25,1667,0.0,0.0
2024-07-31 12:11:00-04:00,167.18499755859375,167.18499755859375,167.18499755859375,167.18499755859375,2239,0.0,0.0
2024-07-31 12:13:00-04:00,167.1999969482422,167.1999969482422,167.1999969482422,167.1999969482422,805,0.0,0.0
2024-07-31 12:15:00-04:00,167.22000122070312,167.22000122070312,167.05999755859375,167.05999755859375,549,0.0,0.0
2024-07-31 12:16:00-04:00,166.9600067138672,166.97000122070312,166.94000244140625,166.97000122070312,1670,0.0,0.0
2024-07-31 12:18:00-04:00,166.67999267578125,166.8800048828125,166.6699981689453,166.82000732421875,1477,0.0,0.0
2024-07-31 12:19:00-04:00,167.0,167.0,166.82000732421875,166.85499572753906,592,0.0,0.0
2024-07-31 12:20:00-04:00,166.94000244140625,167.02000427246094,166.94000244140625,167.02000427246094,1016,0.0,0.0
2024-07-31 12:23:00-04:00,166.80999755859375,167.05999755859375,166.80999755859375,166.9600067138672,3089,0.0,0.0
2024-07-31 12:24:00-04:00,166.8300018310547,167.1300048828125,166.8300018310547,167.1300048828125,869,0.0,0.0
2024-07-31 12:25:00-04:00,167.02000427246094,167.14999389648438,167.02000427246094,167.14999389648438,4369,0.0,0.0
2024-07-31 12:26:00-04:00,167.0449981689453,167.1699981689453,167.0449981689453,167.1699981689453,585,0.0,0.0
2024-07-31 12:27:00-04:00,167.0800018310547,167.13999938964844,167.0800018310547,167.13999938964844,1530,0.0,0.0
2024-07-31 12:28:00-04:00,167.1999969482422,167.1999969482422,166.7100067138672,166.92999267578125,7460,0.0,0.0
2024-07-31 12:29:00-04:00,166.8800048828125,166.8800048828125,166.75999450683594,166.75999450683594,1012,0.0,0.0
2024-07-31 12:30:00-04:00,166.80999755859375,166.80999755859375,166.80999755859375,166.80999755859375,913,0.0,0.0
2024-07-31 12:32:00-04:00,166.97999572753906,166.97999572753906,166.85000610351562,166.85499572753906,1125,0.0,0.0
2024-07-31 12:33:00-04:00,167.0,167.02000427246094,166.9600067138672,167.02000427246094,1336,0.0,0.0
2024-07-31 12:35:00-04:00,167.13999938964844,167.17999267578125,167.02499389648438,167.05999755859375,1301,0.0,0.0
2024-07-31 12:37:00-04:00,167.0500030517578,167.0500030517578,167.0500030517578,167.0500030517578,414,0.0,0.0
2024-07-31 12:39:00-04:00,167.0500030517578,167.1300048828125,167.0500030517578,167.1300048828125,203,0.0,0.0
2024-07-31 12:40:00-04:00,167.0500030517578,167.0500030517578,167.0500030517578,167.0500030517578,254,0.0,0.0
2024-07-31 12:41:00-04:00,167.05999755859375,167.3000030517578,167.05999755859375,167.3000030517578,1509,0.0,0.0
2024-07-31 12:42:00-04:00,167.3800048828125,167.38999938964844,167.32000732421875,167.32000732421875,958,0.0,0.0
2024-07-31 12:43:00-04:00,167.13999938964844,167.13999938964844,167.08999633789062,167.1300048828125,1063,0.0,0.0
2024-07-31 12:44:00-04:00,167.19000244140625,167.19000244140625,167.19000244140625,167.19000244140625,125,0.0,0.0
2024-07-31 12:45:00-04:00,167.19500732421875,167.19500732421875,167.19500732421875,167.19500732421875,547,0.0,0.0
2024-07-31 12:49:00-04:00,167.1300048828125,167.22500610351562,167.07620239257812,167.07620239257812,1506,0.0,0.0
2024-07-31 12:51:00-04:00,167.1199951171875,167.1199951171875,166.97999572753906,166.97999572753906,1396,0.0,0.0
2024-07-31 12:52:00-04:00,166.97999572753906,167.0050048828125,166.97999572753906,167.0050048828125,734,0.0,0.0
2024-07-31 12:53:00-04:00,166.8800048828125,166.98500061035156,166.8800048828125,166.98500061035156,1024,0.0,0.0
2024-07-31 12:54:00-04:00,166.80999755859375,166.98500061035156,166.80999755859375,166.91299438476562,2187,0.0,0.0
2024-07-31 12:56:00-04:00,166.89999389648438,166.89999389648438,166.89999389648438,166.89999389648438,601,0.0,0.0
2024-07-31 12:57:00-04:00,167.01499938964844,167.0800018310547,166.75999450683594,166.9499969482422,5620,0.0,0.0
2024-07-31 12:58:00-04:00,166.93499755859375,167.07000732421875,166.8350067138672,166.85000610351562,1319,0.0,0.0
2024-07-31 12:59:00-04:00,166.76499938964844,167.35000610351562,166.76499938964844,167.1999969482422,4824,0.0,0.0
2024-07-31 13:00:00-04:00,167.19500732421875,167.22000122070312,167.19000244140625,167.19000244140625,1979,0.0,0.0
2024-07-31 13:01:00-04:00,167.3300018310547,167.4600067138672,167.3300018310547,167.35000610351562,1024,0.0,0.0
2024-07-31 13:02:00-04:00,167.63999938964844,167.8000030517578,167.63999938964844,167.8000030517578,1357,0.0,0.0
2024-07-31 13:03:00-04:00,167.5850067138672,167.8000030517578,167.5850067138672,167.8000030517578,820,0.0,0.0
2024-07-31 13:04:00-04:00,167.72999572753906,168.0500030517578,167.72000122070312,167.8000030517578,4525,0.0,0.0
2024-07-31 13:05:00-04:00,167.99000549316406,167.99000549316406,167.72999572753906,167.97999572753906,785,0.0,0.0
2024-07-31 13:06:00-04:00,167.8300018310547,168.0800018310547,167.8249969482422,167.99000549316406,2432,0.0,0.0
2024-07-31 13:07:00-04:00,168.19000244140625,168.19000244140625,168.02499389648438,168.02499389648438,747,0.0,0.0
2024-07-31 13:08:00-04:00,168.03500366210938,168.17999267578125,168.03500366210938,168.03500366210938,1050,0.0,0.0
2024-07-31 13:09:00-04:00,168.0399932861328,168.0399932861328,167.66000366210938,167.83999633789062,4125,0.0,0.0
2024-07-31 13:10:00-04:00,167.82000732421875,168.0399932861328,167.82000732421875,168.0399932861328,2370,0.0,0.0
2024-07-31 13:11:00-04:00,167.8699951171875,167.8699951171875,167.7100067138672,167.85499572753906,651,0.0,0.0
2024-07-31 13:12:00-04:00,167.85499572753906,167.85499572753906,167.5800018310547,167.76499938964844,1560,0.0,0.0
2024-07-31 13:13:00-04:00,167.76499938964844,167.76499938964844,167.75999450683594,167.75999450683594,857,0.0,0.0
2024-07-31 13:14:00-04:00,167.94000244140625,168.3000030517578,167.94000244140625,168.3000030517578,4209,0.0,0.0
2024-07-31 13:15:00-04:00,168.55999755859375,168.55999755859375,168.55999755859375,168.55999755859375,247,0.0,0.0
2024-07-31 13:16:00-04:00,168.2344970703125,168.41000366210938,168.2344970703125,168.38999938964844,1077,0.0,0.0
2024-07-31 13:17:00-04:00,168.3699951171875,168.375,168.1999969482422,168.30999755859375,2681,0.0,0.0
2024-07-31 13:18:00-04:00,168.1199951171875,168.28500366210938,168.0500030517578,168.0500030517578,1857,0.0,0.0
2024-07-31 13:19:00-04:00,168.0800018310547,168.0800018310547,168.0800018310547,168.0800018310547,347,0.0,0.0
2024-07-31 13:20:00-04:00,168.11000061035156,168.11000061035156,168.11000061035156,168.11000061035156,1669,0.0,0.0
2024-07-31 13:25:00-04:00,168.1199951171875,168.16000366210938,168.1199951171875,168.16000366210938,487,0.0,0.0
2024-07-31 13:26:00-04:00,168.16000366210938,168.2899932861328,168.04660034179688,168.2899932861328,2016,0.0,0.0
2024-07-31 13:27:00-04:00,168.1199951171875,168.49000549316406,168.1199951171875,168.3300018310547,5893,0.0,0.0
2024-07-31 13:28:00-04:00,168.3300018310547,168.6300048828125,168.2100067138672,168.6300048828125,2478,0.0,0.0
2024-07-31 13:29:00-04:00,168.61000061035156,168.61000061035156,168.57000732421875,168.57000732421875,901,0.0,0.0
2024-07-31 13:30:00-04:00,168.6199951171875,168.6699981689453,168.1999969482422,168.2550048828125,9408,0.0,0.0
2024-07-31 13:31:00-04:00,168.2550048828125,168.27000427246094,167.83999633789062,167.97000122070312,4447,0.0,0.0
2024-07-31 13:33:00-04:00,167.97000122070312,167.97000122070312,167.5800018310547,167.7899932861328,3414,0.0,0.0
2024-07-31 13:34:00-04:00,167.9600067138672,167.9600067138672,167.9499969482422,167.9499969482422,5324,0.0,0.0
2024-07-31 13:36:00-04:00,168.05999755859375,168.33999633789062,168.0500030517578,168.27499389648438,3522,0.0,0.0
2024-07-31 13:37:00-04:00,168.24000549316406,168.4499969482422,168.22000122070312,168.4499969482422,3136,0.0,0.0
2024-07-31 13:38:00-04:00,168.0800018310547,168.27000427246094,168.0800018310547,168.27000427246094,525,0.0,0.0
2024-07-31 13:39:00-04:00,168.16000366210938,168.2550048828125,168.07000732421875,168.14999389648438,2836,0.0,0.0
2024-07-31 13:40:00-04:00,168.16000366210938,168.33999633789062,168.16000366210938,168.33999633789062,354,0.0,0.0
2024-07-31 13:41:00-04:00,168.1750030517578,168.19500732421875,168.1699981689453,168.1699981689453,898,0.0,0.0
2024-07-31 13:42:00-04:00,168.13999938964844,168.14500427246094,167.9499969482422,168.00999450683594,2733,0.0,0.0
2024-07-31 13:43:00-04:00,168.10499572753906,168.10499572753906,168.10499572753906,168.10499572753906,600,0.0,0.0
2024-07-31 13:44:00-04:00,168.24000549316406,168.28500366210938,168.17999267578125,168.17999267578125,1712,0.0,0.0
2024-07-31 13:45:00-04:00,168.19500732421875,168.30870056152344,168.19500732421875,168.30870056152344,1109,0.0,0.0
2024-07-31 13:46:00-04:00,168.27000427246094,168.27000427246094,168.1649932861328,168.27000427246094,729,0.0,0.0
2024-07-31 13:47:00-04:00,168.27000427246094,168.4499969482422,168.24749755859375,168.4499969482422,1501,0.0,0.0
2024-07-31 13:48:00-04:00,168.3000030517578,168.35000610351562,167.9600067138672,167.9600067138672,5589,0.0,0.0
2024-07-31 13:49:00-04:00,168.08999633789062,168.14500427246094,168.02499389648438,168.14500427246094,958,0.0,0.0
2024-07-31 13:50:00-04:00,168.02999877929688,168.02999877929688,168.0050048828125,168.0050048828125,421,0.0,0.0
2024-07-31 13:51:00-04:00,168.02499389648438,168.02499389648438,168.02499389648438,168.02499389648438,365,0.0,0.0
2024-07-31 13:52:00-04:00,168.02999877929688,168.39999389648438,168.02999877929688,168.3350067138672,5072,0.0,0.0
2024-07-31 13:53:00-04:00,168.38999938964844,168.47500610351562,168.24000549316406,168.47000122070312,3310,0.0,0.0
2024-07-31 13:54:00-04:00,168.63999938964844,168.63999938964844,168.57000732421875,168.57000732421875,621,0.0,0.0
2024-07-31 13:55:00-04:00,168.7050018310547,168.7100067138672,168.41000366210938,168.55999755859375,2939,0.0,0.0
2024-07-31 13:56:00-04:00,168.55499267578125,168.55999755859375,168.24000549316406,168.3800048828125,7090,0.0,0.0
2024-07-31 13:57:00-04:00,168.39500427246094,168.39500427246094,168.39500427246094,168.39500427246094,235,0.0,0.0
2024-07-31 13:58:00-04:00,168.39999389648438,168.50999450683594,168.27999877929688,168.34500122070312,4647,0.0,0.0
2024-07-31 13:59:00-04:00,168.1699981689453,168.35499572753906,168.0800018310547,168.35499572753906,3572,0.0,0.0
2024-07-31 14:00:00-04:00,168.35499572753906,168.35499572753906,167.5800018310547,167.69000244140625,4508,0.0,0.0
2024-07-31 14:01:00-04:00,167.89999389648438,168.2449951171875,167.89999389648438,168.2449951171875,5246,0.0,0.0
2024-07-31 14:02:00-04:00,168.27000427246094,168.27000427246094,168.0,168.0500030517578,5880,0.0,0.0
2024-07-31 14:03:00-04:00,168.00999450683594,168.1750030517578,168.00999450683594,168.1750030517578,787,0.0,0.0
2024-07-31 14:04:00-04:00,168.05499267578125,168.05499267578125,167.82000732421875,167.8300018310547,2720,0.0,0.0
2024-07-31 14:05:00-04:00,167.9499969482422,168.0800018310547,167.9499969482422,167.99000549316406,2237,0.0,0.0
2024-07-31 14:06:00-04:00,167.91000366210938,168.0,167.86000061035156,167.97500610351562,5000,0.0,0.0
2024-07-31 14:07:00-04:00,167.85000610351562,167.85000610351562,167.77999877929688,167.77999877929688,1458,0.0,0.0
2024-07-31 14:08:00-04:00,167.8699951171875,167.8699951171875,167.77999877929688,167.78500366210938,1671,0.0,0.0
2024-07-31 14:09:00-04:00,167.7550048828125,168.00999450683594,167.52000427246094,167.53500366210938,45313,0.0,0.0
2024-07-31 14:10:00-04:00,167.66000366210938,167.7100067138672,167.55499267578125,167.55499267578125,5138,0.0,0.0
2024-07-31 14:11:00-04:00,167.6688995361328,168.10000610351562,167.6688995361328,168.00999450683594,4148,0.0,0.0
2024-07-31 14:12:00-04:00,167.95750427246094,167.96499633789062,167.72000122070312,167.86500549316406,2813,0.0,0.0
2024-07-31 14:13:00-04:00,167.83999633789062,167.94000244140625,167.74249267578125,167.86000061035156,2526,0.0,0.0
2024-07-31 14:14:00-04:00,167.80999755859375,167.80999755859375,167.80999755859375,167.80999755859375,679,0.0,0.0
2024-07-31 14:15:00-04:00,167.9600067138672,167.9600067138672,167.75999450683594,167.9600067138672,742,0.0,0.0
2024-07-31 14:16:00-04:00,167.9600067138672,168.61000061035156,167.92999267578125,168.5305938720703,8352,0.0,0.0
2024-07-31 14:17:00-04:00,168.64549255371094,168.64999389648438,168.60000610351562,168.60000610351562,1278,0.0,0.0
2024-07-31 14:18:00-04:00,168.72999572753906,168.72999572753906,168.5399932861328,168.5399932861328,666,0.0,0.0
2024-07-31 14:19:00-04:00,168.49000549316406,168.9149932861328,168.49000549316406,168.75999450683594,3168,0.0,0.0
2024-07-31 14:20:00-04:00,169.05999755859375,169.24000549316406,169.0399932861328,169.24000549316406,1245,0.0,0.0
2024-07-31 14:21:00-04:00,169.06500244140625,169.22999572753906,168.88999938964844,169.22000122070312,7498,0.0,0.0
2024-07-31 14:22:00-04:00,169.25,169.25,169.25,169.25,514,0.0,0.0
2024-07-31 14:23:00-04:00,168.97999572753906,169.3000030517578,168.97999572753906,169.3000030517578,5735,0.0,0.0
2024-07-31 14:25:00-04:00,169.11000061035156,169.2899932861328,169.11000061035156,169.2899932861328,674,0.0,0.0
2024-07-31 14:26:00-04:00,169.27000427246094,169.5399932861328,169.27000427246094,169.44000244140625,5148,0.0,0.0
2024-07-31 14:27:00-04:00,169.39500427246094,169.6199951171875,169.38999938964844,169.6199951171875,1754,0.0,0.0
2024-07-31 14:28:00-04:00,169.57000732421875,169.62989807128906,168.89999389648438,169.00999450683594,17508,0.0,0.0
2024-07-31 14:29:00-04:00,168.89999389648438,168.89999389648438,168.89999389648438,168.89999389648438,1456,0.0,0.0
2024-07-31 14:31:00-04:00,169.19000244140625,169.3699951171875,169.19000244140625,169.36500549316406,3065,0.0,0.0
2024-07-31 14:32:00-04:00,169.5500030517578,169.77000427246094,169.49000549316406,169.6199951171875,4224,0.0,0.0
2024-07-31 14:33:00-04:00,169.6199951171875,169.80990600585938,169.6199951171875,169.6300048828125,1504,0.0,0.0
2024-07-31 14:34:00-04:00,169.67999267578125,169.80999755859375,169.64500427246094,169.72999572753906,1562,0.0,0.0
2024-07-31 14:35:00-04:00,169.47999572753906,169.5500030517578,168.52999877929688,168.65499877929688,10865,0.0,0.0
2024-07-31 14:36:00-04:00,168.64999389648438,168.64999389648438,168.63999938964844,168.64999389648438,1661,0.0,0.0
2024-07-31 14:37:00-04:00,168.63999938964844,169.0500030517578,168.63999938964844,168.9499969482422,5681,0.0,0.0
2024-07-31 14:38:00-04:00,168.97999572753906,168.97999572753906,168.7899932861328,168.86000061035156,2183,0.0,0.0
2024-07-31 14:39:00-04:00,168.94000244140625,168.94000244140625,168.92999267578125,168.92999267578125,915,0.0,0.0
2024-07-31 14:40:00-04:00,168.96499633789062,168.96499633789062,168.07000732421875,168.07000732421875,3964,0.0,0.0
2024-07-31 14:41:00-04:00,168.07000732421875,168.6999969482422,168.07000732421875,168.66000366210938,4969,0.0,0.0
2024-07-31 14:42:00-04:00,168.99070739746094,168.99070739746094,168.47000122070312,168.47000122070312,2226,0.0,0.0
2024-07-31 14:43:00-04:00,168.39999389648438,168.39999389648438,168.39999389648438,168.39999389648438,310,0.0,0.0
2024-07-31 14:44:00-04:00,168.72999572753906,168.75999450683594,168.61000061035156,168.75,1562,0.0,0.0
2024-07-31 14:45:00-04:00,168.75,168.94000244140625,168.74000549316406,168.8000030517578,1727,0.0,0.0
2024-07-31 14:46:00-04:00,168.76480102539062,168.80999755859375,168.76480102539062,168.80999755859375,514,0.0,0.0
2024-07-31 14:47:00-04:00,168.82000732421875,168.82000732421875,168.7550048828125,168.7550048828125,1033,0.0,0.0
2024-07-31 14:48:00-04:00,168.7449951171875,169.00999450683594,168.67999267578125,168.81500244140625,2942,0.0,0.0
2024-07-31 14:49:00-04:00,169.0399932861328,169.1300048828125,169.0399932861328,169.11500549316406,1545,0.0,0.0
2024-07-31 14:50:00-04:00,169.02999877929688,169.3800048828125,168.97999572753906,169.3800048828125,7101,0.0,0.0
2024-07-31 14:51:00-04:00,169.15499877929688,169.1699981689453,169.05999755859375,169.1699981689453,1064,0.0,0.0
2024-07-31 14:52:00-04:00,169.16000366210938,169.3800048828125,169.16000366210938,169.16000366210938,1529,0.0,0.0
2024-07-31 14:53:00-04:00,169.3699951171875,169.49000549316406,169.33999633789062,169.49000549316406,2156,0.0,0.0
2024-07-31 14:54:00-04:00,169.38999938964844,169.38999938964844,169.2949981689453,169.35499572753906,767,0.0,0.0
2024-07-31 14:55:00-04:00,169.36000061035156,169.3699951171875,169.11000061035156,169.25,2503,0.0,0.0
2024-07-31 14:57:00-04:00,169.4600067138672,169.63999938964844,169.4499969482422,169.59500122070312,4143,0.0,0.0
2024-07-31 14:58:00-04:00,169.52000427246094,169.72999572753906,169.52000427246094,169.72999572753906,1313,0.0,0.0
2024-07-31 14:59:00-04:00,169.6199951171875,169.625,169.61500549316406,169.625,881,0.0,0.0
2024-07-31 15:00:00-04:00,169.69000244140625,169.72999572753906,169.0399932861328,169.13999938964844,6857,0.0,0.0
2024-07-31 15:01:00-04:00,169.07000732421875,169.3699951171875,169.00999450683594,169.27999877929688,6045,0.0,0.0
2024-07-31 15:02:00-04:00,169.44000244140625,169.58999633789062,169.44000244140625,169.58999633789062,1340,0.0,0.0
2024-07-31 15:03:00-04:00,169.56500244140625,169.63999938964844,169.33999633789062,169.39500427246094,3274,0.0,0.0
2024-07-31 15:04:00-04:00,169.3800048828125,169.3800048828125,168.88999938964844,169.04249572753906,3382,0.0,0.0
2024-07-31 15:05:00-04:00,169.02499389648438,169.08999633789062,169.02000427246094,169.02000427246094,1064,0.0,0.0
2024-07-31 15:06:00-04:00,169.0175018310547,169.0175018310547,168.9499969482422,168.9499969482422,1244,0.0,0.0
2024-07-31 15:07:00-04:00,169.01499938964844,169.01499938964844,168.7899932861328,168.91000366210938,2004,0.0,0.0
2024-07-31 15:08:00-04:00,168.9149932861328,169.0399932861328,168.9149932861328,169.01499938964844,3360,0.0,0.0
2024-07-31 15:09:00-04:00,168.96249389648438,169.10000610351562,168.91250610351562,168.9149932861328,4366,0.0,0.0
2024-07-31 15:10:00-04:00,168.8000030517578,168.8000030517578,168.55499267578125,168.55499267578125,2977,0.0,0.0
2024-07-31 15:11:00-04:00,168.7100067138672,168.76950073242188,168.49000549316406,168.63999938964844,2804,0.0,0.0
2024-07-31 15:12:00-04:00,168.5,168.5,168.4499969482422,168.4499969482422,692,0.0,0.0
2024-07-31 15:13:00-04:00,168.5050048828125,168.5050048828125,168.5050048828125,168.5050048828125,272,0.0,0.0
2024-07-31 15:14:00-04:00,168.44000244140625,168.7899932861328,168.44000244140625,168.58999633789062,3608,0.0,0.0
2024-07-31 15:15:00-04:00,168.60000610351562,168.69000244140625,168.60000610351562,168.69000244140625,614,0.0,0.0
2024-07-31 15:16:00-04:00,168.6999969482422,168.7899932861328,168.42999267578125,168.50999450683594,4428,0.0,0.0
2024-07-31 15:17:00-04:00,168.3800048828125,168.69000244140625,168.3000030517578,168.64999389648438,3036,0.0,0.0
2024-07-31 15:18:00-04:00,168.66000366210938,168.66000366210938,168.36000061035156,168.4425048828125,3571,0.0,0.0
2024-07-31 15:19:00-04:00,168.44500732421875,168.44500732421875,168.14999389648438,168.25,3802,0.0,0.0
2024-07-31 15:20:00-04:00,168.30999755859375,168.75999450683594,168.27999877929688,168.7100067138672,6109,0.0,0.0
2024-07-31 15:21:00-04:00,168.82000732421875,169.10000610351562,168.6999969482422,169.0399932861328,11494,0.0,0.0
2024-07-31 15:22:00-04:00,169.03250122070312,169.2100067138672,168.49000549316406,168.74000549316406,8713,0.0,0.0
2024-07-31 15:23:00-04:00,168.7050018310547,168.80999755859375,168.60000610351562,168.72999572753906,3600,0.0,0.0
2024-07-31 15:24:00-04:00,168.83999633789062,168.83999633789062,168.30999755859375,168.41000366210938,6248,0.0,0.0
2024-07-31 15:25:00-04:00,168.36500549316406,168.3800048828125,168.24000549316406,168.375,2795,0.0,0.0
2024-07-31 15:26:00-04:00,168.39999389648438,168.39999389648438,168.27999877929688,168.3800048828125,3483,0.0,0.0
2024-07-31 15:27:00-04:00,168.30999755859375,168.35499572753906,167.86000061035156,167.94000244140625,8777,0.0,0.0
2024-07-31 15:28:00-04:00,167.89999389648438,167.98500061035156,167.8800048828125,167.8800048828125,3028,0.0,0.0
2024-07-31 15:29:00-04:00,167.8800048828125,168.10000610351562,167.8800048828125,167.99000549316406,7649,0.0,0.0
2024-07-31 15:30:00-04:00,167.8800048828125,167.8800048828125,167.5800018310547,167.82989501953125,7890,0.0,0.0
2024-07-31 15:31:00-04:00,167.69500732421875,167.72999572753906,167.5800018310547,167.66000366210938,7030,0.0,0.0
2024-07-31 15:32:00-04:00,167.63499450683594,167.89999389648438,167.53500366210938,167.81500244140625,11954,0.0,0.0
2024-07-31 15:33:00-04:00,167.91000366210938,167.97000122070312,167.57000732421875,167.61500549316406,6874,0.0,0.0
2024-07-31 15:34:00-04:00,167.58999633789062,167.88999938964844,167.58999633789062,167.88999938964844,2880,0.0,0.0
2024-07-31 15:35:00-04:00,167.875,168.16000366210938,167.82000732421875,168.16000366210938,6820,0.0,0.0
2024-07-31 15:36:00-04:00,168.125,168.22999572753906,168.00999450683594,168.00999450683594,8544,0.0,0.0
2024-07-31 15:37:00-04:00,168.0500030517578,168.14999389648438,167.92999267578125,167.98500061035156,7996,0.0,0.0
2024-07-31 15:38:00-04:00,167.92999267578125,167.97999572753906,167.75999450683594,167.86500549316406,7443,0.0,0.0
2024-07-31 15:39:00-04:00,167.86000061035156,167.86000061035156,167.75999450683594,167.75999450683594,7281,0.0,0.0
2024-07-31 15:40:00-04:00,167.78500366210938,167.8000030517578,167.69500732421875,167.69500732421875,2990,0.0,0.0
2024-07-31 15:41:00-04:00,167.8000030517578,168.25,167.8000030517578,168.11000061035156,10015,0.0,0.0
2024-07-31 15:42:00-04:00,168.00999450683594,168.17999267578125,167.9199981689453,168.17999267578125,8510,0.0,0.0
2024-07-31 15:43:00-04:00,168.19000244140625,168.24000549316406,168.02000427246094,168.02000427246094,8819,0.0,0.0
2024-07-31 15:44:00-04:00,168.0,168.0,167.77000427246094,167.9199981689453,6832,0.0,0.0
2024-07-31 15:45:00-04:00,167.8800048828125,168.05999755859375,167.86000061035156,168.05999755859375,11673,0.0,0.0
2024-07-31 15:46:00-04:00,168.13999938964844,168.3000030517578,168.07000732421875,168.16000366210938,13691,0.0,0.0
2024-07-31 15:47:00-04:00,168.1699981689453,168.24000549316406,167.99000549316406,168.02999877929688,8905,0.0,0.0
2024-07-31 15:48:00-04:00,167.99000549316406,168.10000610351562,167.97000122070312,168.02499389648438,4107,0.0,0.0
2024-07-31 15:49:00-04:00,168.10000610351562,168.16000366210938,167.9949951171875,168.1300048828125,8119,0.0,0.0
2024-07-31 15:50:00-04:00,167.9499969482422,168.19000244140625,167.92999267578125,168.1199951171875,12289,0.0,0.0
2024-07-31 15:51:00-04:00,168.10000610351562,168.2949981689453,167.5,167.5050048828125,14136,0.0,0.0
2024-07-31 15:52:00-04:00,167.4499969482422,167.4499969482422,166.9199981689453,166.96499633789062,9932,0.0,0.0
2024-07-31 15:53:00-04:00,166.94000244140625,167.16000366210938,166.82000732421875,167.125,8404,0.0,0.0
2024-07-31 15:54:00-04:00,167.13999938964844,167.24000549316406,166.75,166.75,17315,0.0,0.0
2024-07-31 15:55:00-04:00,166.66000366210938,166.74000549316406,166.38999938964844,166.6300048828125,18347,0.0,0.0
2024-07-31 15:56:00-04:00,166.6300048828125,167.05999755859375,166.60000610351562,166.8300018310547,20201,0.0,0.0
2024-07-31 15:57:00-04:00,166.72999572753906,166.83999633789062,166.52999877929688,166.83999633789062,18085,0.0,0.0
2024-07-31 15:58:00-04:00,166.83999633789062,166.90499877929688,166.44000244140625,166.61000061035156,26695,0.0,0.0
2024-07-31 15:59:00-04:00,166.57000732421875,166.97000122070312,166.52999877929688,166.85000610351562,40277,0.0,0.0
2024-08-01 09:30:00-04:00,174.02000427246094,174.02000427246094,174.02000427246094,174.02000427246094,9579,0.0,0.0
2024-08-01 09:33:00-04:00,173.41000366210938,173.41000366210938,173.41000366210938,173.41000366210938,667,0.0,0.0
2024-08-01 09:34:00-04:00,173.99000549316406,174.1999969482422,172.3300018310547,172.67999267578125,42192,0.0,0.0
2024-08-01 09:35:00-04:00,173.3800048828125,177.02999877929688,173.375,177.02999877929688,11370,0.0,0.0
2024-08-01 09:36:00-04:00,177.02999877929688,178.89999389648438,175.4149932861328,177.4250030517578,10519,0.0,0.0
2024-08-01 09:37:00-04:00,177.4250030517578,178.88999938964844,175.94000244140625,176.9550018310547,12871,0.0,0.0
2024-08-01 09:38:00-04:00,176.9550018310547,178.89999389648438,176.9550018310547,177.09750366210938,24974,0.0,0.0
2024-08-01 09:39:00-04:00,178.6199951171875,178.6199951171875,175.72999572753906,176.4250030517578,8477,0.0,0.0
2024-08-01 09:40:00-04:00,176.6750030517578,177.75,176.6750030517578,176.9499969482422,8458,0.0,0.0
2024-08-01 09:41:00-04:00,176.4250030517578,177.60000610351562,174.90499877929688,175.41000366210938,14828,0.0,0.0
2024-08-01 09:42:00-04:00,175.0,175.41000366210938,175.0,175.0,14567,0.0,0.0
2024-08-01 09:43:00-04:00,175.0,175.39500427246094,175.0,175.0,7352,0.0,0.0
2024-08-01 09:44:00-04:00,175.0,175.35000610351562,174.0,174.6649932861328,3731,0.0,0.0
2024-08-01 09:45:00-04:00,174.6649932861328,175.3000030517578,171.68099975585938,173.60000610351562,21966,0.0,0.0
2024-08-01 09:46:00-04:00,173.65499877929688,174.18310546875,173.4550018310547,173.90499877929688,3643,0.0,0.0
2024-08-01 09:47:00-04:00,173.8800048828125,174.47000122070312,173.0,173.47000122070312,17476,0.0,0.0
2024-08-01 09:48:00-04:00,173.2449951171875,173.44500732421875,171.49000549316406,172.2050018310547,2822,0.0,0.0
2024-08-01 09:49:00-04:00,171.7801055908203,172.61000061035156,170.0500030517578,171.63499450683594,14087,0.0,0.0
2024-08-01 09:50:00-04:00,171.63499450683594,174.27999877929688,171.63499450683594,173.97500610351562,10618,0.0,0.0
2024-08-01 09:51:00-04:00,175.02999877929688,175.30999755859375,174.2899932861328,174.52999877929688,2664,0.0,0.0
2024-08-01 09:52:00-04:00,175.49000549316406,175.49000549316406,174.00999450683594,174.00999450683594,11240,0.0,0.0
2024-08-01 09:53:00-04:00,173.60499572753906,173.60499572753906,173.60499572753906,173.60499572753906,608,0.0,0.0
2024-08-01 09:54:00-04:00,172.85000610351562,173.3800048828125,172.82000732421875,173.3800048828125,2284,0.0,0.0
2024-08-01 09:55:00-04:00,172.4600067138672,172.4600067138672,171.375,172.07000732421875,2800,0.0,0.0
2024-08-01 09:56:00-04:00,171.71499633789062,171.7949981689453,171.71499633789062,171.7949981689453,622,0.0,0.0
2024-08-01 09:57:00-04:00,172.19000244140625,173.41000366210938,172.19000244140625,173.19679260253906,3534,0.0,0.0
2024-08-01 09:58:00-04:00,173.25999450683594,174.3000030517578,173.25999450683594,174.3000030517578,1992,0.0,0.0
2024-08-01 09:59:00-04:00,174.3000030517578,174.3000030517578,173.41000366210938,174.25,3642,0.0,0.0
2024-08-01 10:00:00-04:00,173.35000610351562,173.35000610351562,172.91000366210938,173.10000610351562,3076,0.0,0.0
2024-08-01 10:01:00-04:00,172.67999267578125,172.83999633789062,171.72999572753906,171.84500122070312,3248,0.0,0.0
2024-08-01 10:02:00-04:00,171.9199981689453,172.75999450683594,171.9199981689453,172.75,4069,0.0,0.0
2024-08-01 10:03:00-04:00,172.5500030517578,174.3000030517578,172.5500030517578,173.6750030517578,5773,0.0,0.0
2024-08-01 10:04:00-04:00,173.75999450683594,175.6699981689453,173.75999450683594,174.625,11655,0.0,0.0
2024-08-01 10:05:00-04:00,174.9600067138672,176.1300048828125,174.81500244140625,175.84249877929688,20435,0.0,0.0
2024-08-01 10:06:00-04:00,175.91000366210938,175.9149932861328,174.97000122070312,174.97000122070312,11523,0.0,0.0
2024-08-01 10:07:00-04:00,175.4199981689453,175.44110107421875,173.97000122070312,174.16000366210938,4336,0.0,0.0
2024-08-01 10:08:00-04:00,174.23500061035156,174.23500061035156,173.32000732421875,173.75999450683594,8235,0.0,0.0
2024-08-01 10:09:00-04:00,173.89999389648438,173.97999572753906,173.89999389648438,173.97999572753906,935,0.0,0.0
2024-08-01 10:10:00-04:00,174.1300048828125,174.51499938964844,173.9149932861328,174.27000427246094,4047,0.0,0.0
2024-08-01 10:11:00-04:00,174.63499450683594,174.63499450683594,174.38760375976562,174.4149932861328,1501,0.0,0.0
2024-08-01 10:12:00-04:00,174.27999877929688,174.92999267578125,174.1199951171875,174.92999267578125,2406,0.0,0.0
2024-08-01 10:13:00-04:00,174.6999969482422,175.0,174.6999969482422,175.0,1939,0.0,0.0
2024-08-01 10:14:00-04:00,174.91000366210938,174.9199981689453,174.41000366210938,174.9199981689453,4269,0.0,0.0
2024-08-01 10:15:00-04:00,174.6699981689453,174.6699981689453,173.9499969482422,173.9499969482422,3261,0.0,0.0
2024-08-01 10:16:00-04:00,173.9499969482422,174.16000366210938,173.8300018310547,173.8300018310547,1816,0.0,0.0
2024-08-01 10:17:00-04:00,174.02000427246094,174.82000732421875,174.02000427246094,174.72999572753906,3999,0.0,0.0
2024-08-01 10:18:00-04:00,174.8800048828125,174.8800048828125,173.94000244140625,173.94000244140625,4519,0.0,0.0
2024-08-01 10:19:00-04:00,173.94000244140625,174.14999389648438,173.77000427246094,174.13999938964844,2742,0.0,0.0
2024-08-01 10:20:00-04:00,174.02000427246094,174.02000427246094,173.52999877929688,173.77000427246094,1870,0.0,0.0
2024-08-01 10:21:00-04:00,173.6300048828125,173.9857940673828,173.50999450683594,173.6699981689453,3633,0.0,0.0
2024-08-01 10:22:00-04:00,173.80999755859375,174.07000732421875,173.80999755859375,173.88999938964844,2837,0.0,0.0
2024-08-01 10:23:00-04:00,174.1367950439453,174.1367950439453,173.75,173.91000366210938,4561,0.0,0.0
2024-08-01 10:24:00-04:00,173.94000244140625,174.13999938964844,173.47999572753906,173.5850067138672,4936,0.0,0.0
2024-08-01 10:25:00-04:00,173.5800018310547,173.8300018310547,173.52999877929688,173.57000732421875,2231,0.0,0.0
2024-08-01 10:26:00-04:00,173.74000549316406,174.14999389648438,173.5749969482422,173.9149932861328,4755,0.0,0.0
2024-08-01 10:27:00-04:00,173.80499267578125,174.1699981689453,173.7449951171875,174.1300048828125,5584,0.0,0.0
2024-08-01 10:28:00-04:00,174.34219360351562,174.34219360351562,173.5500030517578,173.7899932861328,8095,0.0,0.0
2024-08-01 10:29:00-04:00,173.77999877929688,174.0399932861328,173.1999969482422,173.72500610351562,10193,0.0,0.0
2024-08-01 10:30:00-04:00,173.58999633789062,174.0,173.58999633789062,173.80999755859375,4484,0.0,0.0
2024-08-01 10:31:00-04:00,173.69000244140625,173.72000122070312,171.6800994873047,172.23500061035156,7245,0.0,0.0
2024-08-01 10:32:00-04:00,172.14999389648438,172.14999389648438,171.5500030517578,171.7550048828125,1808,0.0,0.0
2024-08-01 10:33:00-04:00,171.3000030517578,171.59500122070312,171.0,171.27499389648438,9108,0.0,0.0
2024-08-01 10:34:00-04:00,171.26010131835938,172.61000061035156,171.26010131835938,172.61000061035156,3670,0.0,0.0
2024-08-01 10:35:00-04:00,172.61000061035156,172.77999877929688,172.5,172.5,9294,0.0,0.0
2024-08-01 10:36:00-04:00,172.5399932861328,173.8800048828125,172.5399932861328,173.30499267578125,5234,0.0,0.0
2024-08-01 10:37:00-04:00,173.4499969482422,173.4499969482422,173.4499969482422,173.4499969482422,254,0.0,0.0
2024-08-01 10:38:00-04:00,173.53610229492188,174.0,173.39500427246094,174.0,4151,0.0,0.0
2024-08-01 10:39:00-04:00,173.69000244140625,173.69000244140625,172.94000244140625,173.17999267578125,10685,0.0,0.0
2024-08-01 10:40:00-04:00,173.6199951171875,173.75,173.6199951171875,173.75,1066,0.0,0.0
2024-08-01 10:41:00-04:00,173.63999938964844,173.88999938964844,173.63999938964844,173.88999938964844,3861,0.0,0.0
2024-08-01 10:42:00-04:00,173.94000244140625,174.0,173.80499267578125,174.0,2478,0.0,0.0
2024-08-01 10:43:00-04:00,174.0,174.07000732421875,173.46499633789062,173.5800018310547,4638,0.0,0.0
2024-08-01 10:44:00-04:00,173.5449981689453,173.5449981689453,172.86000061035156,172.9499969482422,7865,0.0,0.0
2024-08-01 10:45:00-04:00,172.98500061035156,172.9949951171875,172.98500061035156,172.9949951171875,2823,0.0,0.0
2024-08-01 10:46:00-04:00,172.9949951171875,173.57000732421875,172.69000244140625,173.57000732421875,12202,0.0,0.0
2024-08-01 10:47:00-04:00,173.58999633789062,174.10000610351562,173.21009826660156,173.42999267578125,9376,0.0,0.0
2024-08-01 10:48:00-04:00,173.7100067138672,173.7100067138672,173.14999389648438,173.39500427246094,4667,0.0,0.0
2024-08-01 10:49:00-04:00,173.1300048828125,173.22000122070312,172.9199981689453,173.14999389648438,8773,0.0,0.0
2024-08-01 10:50:00-04:00,173.16000366210938,173.2100067138672,172.9499969482422,172.9600067138672,3865,0.0,0.0
2024-08-01 10:51:00-04:00,173.1300048828125,173.1300048828125,172.05999755859375,172.05999755859375,7243,0.0,0.0
2024-08-01 10:52:00-04:00,172.0500030517578,172.2050018310547,171.39999389648438,171.66000366210938,18403,0.0,0.0
2024-08-01 10:53:00-04:00,171.72500610351562,171.8000030517578,171.72500610351562,171.8000030517578,611,0.0,0.0
2024-08-01 10:54:00-04:00,172.10000610351562,172.1199951171875,171.32000732421875,171.32000732421875,8124,0.0,0.0
2024-08-01 10:55:00-04:00,171.16000366210938,171.38499450683594,170.5800018310547,170.5800018310547,5157,0.0,0.0
2024-08-01 10:56:00-04:00,170.96499633789062,171.17999267578125,170.6300048828125,171.0800018310547,2297,0.0,0.0
2024-08-01 10:57:00-04:00,171.16000366210938,171.35000610351562,171.16000366210938,171.1699981689453,1746,0.0,0.0
2024-08-01 10:58:00-04:00,170.85000610351562,171.5399932861328,170.75999450683594,171.0449981689453,11538,0.0,0.0
2024-08-01 10:59:00-04:00,171.05499267578125,171.05499267578125,170.7899932861328,170.7899932861328,945,0.0,0.0
2024-08-01 11:00:00-04:00,171.0500030517578,171.0500030517578,170.3300018310547,170.3350067138672,2624,0.0,0.0
2024-08-01 11:01:00-04:00,170.30999755859375,170.3800048828125,169.24000549316406,170.34500122070312,12915,0.0,0.0
2024-08-01 11:02:00-04:00,170.36000061035156,170.3699951171875,170.05999755859375,170.3699951171875,5129,0.0,0.0
2024-08-01 11:03:00-04:00,170.375,170.38499450683594,170.08999633789062,170.38499450683594,1584,0.0,0.0
2024-08-01 11:04:00-04:00,170.38499450683594,170.38999938964844,170.05999755859375,170.38999938964844,1695,0.0,0.0
2024-08-01 11:05:00-04:00,170.39999389648438,170.65240478515625,168.8699951171875,169.23500061035156,8648,0.0,0.0
2024-08-01 11:06:00-04:00,169.39999389648438,169.83999633789062,169.39999389648438,169.83999633789062,1964,0.0,0.0
2024-08-01 11:07:00-04:00,169.7100067138672,170.0800018310547,169.5399932861328,169.5399932861328,5804,0.0,0.0
2024-08-01 11:08:00-04:00,169.50999450683594,169.50999450683594,169.00999450683594,169.05999755859375,2676,0.0,0.0
2024-08-01 11:09:00-04:00,169.19000244140625,169.92999267578125,169.19000244140625,169.91000366210938,2781,0.0,0.0
2024-08-01 11:10:00-04:00,170.13999938964844,170.13999938964844,169.58999633789062,169.61000061035156,3686,0.0,0.0
2024-08-01 11:11:00-04:00,169.88999938964844,169.89500427246094,169.88999938964844,169.88999938964844,858,0.0,0.0
2024-08-01 11:12:00-04:00,169.99000549316406,170.39999389648438,169.6300048828125,169.77999877929688,14216,0.0,0.0
2024-08-01 11:13:00-04:00,169.8699951171875,169.8699951171875,169.05999755859375,169.05999755859375,2943,0.0,0.0
2024-08-01 11:14:00-04:00,168.9199981689453,169.375,168.89999389648438,169.375,3801,0.0,0.0
2024-08-01 11:15:00-04:00,169.48500061035156,170.02999877929688,169.48500061035156,169.97999572753906,2500,0.0,0.0
2024-08-01 11:16:00-04:00,170.07000732421875,170.07000732421875,169.86500549316406,169.8699951171875,2702,0.0,0.0
2024-08-01 11:17:00-04:00,169.47999572753906,169.47999572753906,169.1300048828125,169.1300048828125,2194,0.0,0.0
2024-08-01 11:18:00-04:00,169.1199951171875,169.30499267578125,168.88999938964844,169.29519653320312,2217,0.0,0.0
2024-08-01 11:19:00-04:00,169.30499267578125,170.0800018310547,169.30499267578125,169.9499969482422,5266,0.0,0.0
2024-08-01 11:20:00-04:00,169.9499969482422,170.10000610351562,169.7100067138672,170.10000610351562,848,0.0,0.0
2024-08-01 11:21:00-04:00,170.1300048828125,170.24000549316406,169.64999389648438,169.94500732421875,2833,0.0,0.0
2024-08-01 11:22:00-04:00,169.75,170.24000549316406,169.63999938964844,170.22000122070312,6780,0.0,0.0
2024-08-01 11:23:00-04:00,169.86000061035156,170.22000122070312,169.42999267578125,169.52000427246094,3894,0.0,0.0
2024-08-01 11:24:00-04:00,169.42999267578125,169.7949981689453,169.17999267578125,169.49070739746094,4110,0.0,0.0
2024-08-01 11:25:00-04:00,169.99000549316406,170.0399932861328,169.99000549316406,170.0,659,0.0,0.0
2024-08-01 11:26:00-04:00,170.52000427246094,170.52000427246094,169.86000061035156,170.13499450683594,600,0.0,0.0
2024-08-01 11:27:00-04:00,170.13999938964844,170.14999389648438,169.72999572753906,169.8300018310547,2887,0.0,0.0
2024-08-01 11:28:00-04:00,169.8000030517578,169.9149932861328,169.6999969482422,169.9149932861328,2351,0.0,0.0
2024-08-01 11:29:00-04:00,169.13999938964844,169.58999633789062,169.13999938964844,169.58999633789062,207,0.0,0.0
2024-08-01 11:30:00-04:00,169.36000061035156,169.77000427246094,169.36000061035156,169.6750030517578,2805,0.0,0.0
2024-08-01 11:31:00-04:00,169.69000244140625,169.69000244140625,169.52999877929688,169.6750030517578,814,0.0,0.0
2024-08-01 11:32:00-04:00,169.6750030517578,169.6750030517578,169.6750030517578,169.6750030517578,1171,0.0,0.0
2024-08-01 11:33:00-04:00,169.6699981689453,169.6699981689453,169.6699981689453,169.6699981689453,238,0.0,0.0
2024-08-01 11:34:00-04:00,169.66000366210938,169.66000366210938,169.65499877929688,169.65499877929688,1040,0.0,0.0
2024-08-01 11:35:00-04:00,169.39999389648438,169.56500244140625,169.30999755859375,169.41000366210938,3207,0.0,0.0
2024-08-01 11:36:00-04:00,169.72000122070312,169.72000122070312,168.99000549316406,168.99000549316406,3173,0.0,0.0
2024-08-01 11:37:00-04:00,169.0500030517578,169.0500030517578,168.6699981689453,168.6699981689453,2546,0.0,0.0
2024-08-01 11:38:00-04:00,168.6699981689453,168.88999938964844,168.6699981689453,168.88999938964844,1537,0.0,0.0
2024-08-01 11:39:00-04:00,168.6999969482422,169.2100067138672,168.6999969482422,169.19000244140625,2206,0.0,0.0
2024-08-01 11:40:00-04:00,169.11000061035156,169.7100067138672,169.11000061035156,169.57000732421875,1115,0.0,0.0
2024-08-01 11:41:00-04:00,169.85000610351562,169.85000610351562,169.85000610351562,169.85000610351562,677,0.0,0.0
2024-08-01 11:42:00-04:00,169.94000244140625,169.9499969482422,169.64999389648438,169.64999389648438,449,0.0,0.0
2024-08-01 11:43:00-04:00,169.5399932861328,169.97999572753906,169.5399932861328,169.63999938964844,1010,0.0,0.0
2024-08-01 11:44:00-04:00,169.8699951171875,169.8699951171875,168.86000061035156,169.02000427246094,7626,0.0,0.0
2024-08-01 11:45:00-04:00,168.9949951171875,168.9949951171875,168.6199951171875,168.91000366210938,4112,0.0,0.0
2024-08-01 11:46:00-04:00,168.6300048828125,168.8249969482422,168.6300048828125,168.8249969482422,983,0.0,0.0
2024-08-01 11:47:00-04:00,168.6300048828125,168.81500244140625,168.52999877929688,168.81500244140625,2830,0.0,0.0
2024-08-01 11:49:00-04:00,168.85000610351562,169.27999877929688,168.85000610351562,169.0,3340,0.0,0.0
2024-08-01 11:50:00-04:00,169.0050048828125,169.0399932861328,168.8800048828125,169.0399932861328,1766,0.0,0.0
2024-08-01 11:51:00-04:00,169.10000610351562,169.41000366210938,168.80999755859375,169.39500427246094,3992,0.0,0.0
2024-08-01 11:52:00-04:00,169.3800048828125,169.58999633789062,169.3800048828125,169.58999633789062,2837,0.0,0.0
2024-08-01 11:53:00-04:00,169.0500030517578,169.30999755859375,169.0500030517578,169.24000549316406,902,0.0,0.0
2024-08-01 11:54:00-04:00,169.5500030517578,169.8800048828125,169.1999969482422,169.1999969482422,4895,0.0,0.0
2024-08-01 11:55:00-04:00,169.60499572753906,169.7100067138672,169.47999572753906,169.63499450683594,2645,0.0,0.0
2024-08-01 11:56:00-04:00,169.6300048828125,169.85000610351562,169.22999572753906,169.64590454101562,6253,0.0,0.0
2024-08-01 11:57:00-04:00,169.85000610351562,170.07000732421875,169.80999755859375,170.07000732421875,2747,0.0,0.0
2024-08-01 11:58:00-04:00,170.0,170.0,169.24000549316406,169.24000549316406,7796,0.0,0.0
2024-08-01 11:59:00-04:00,169.1999969482422,169.52000427246094,169.14999389648438,169.14999389648438,1627,0.0,0.0
2024-08-01 12:00:00-04:00,169.10000610351562,169.19000244140625,168.99000549316406,168.99000549316406,850,0.0,0.0
2024-08-01 12:01:00-04:00,169.25,169.41000366210938,168.91000366210938,169.10499572753906,5788,0.0,0.0
2024-08-01 12:02:00-04:00,169.1300048828125,169.57000732421875,168.86000061035156,169.57000732421875,2342,0.0,0.0
2024-08-01 12:03:00-04:00,169.38999938964844,169.60499572753906,169.07000732421875,169.3000030517578,11227,0.0,0.0
2024-08-01 12:04:00-04:00,169.0399932861328,169.0399932861328,169.0399932861328,169.0399932861328,1470,0.0,0.0
2024-08-01 12:05:00-04:00,169.25999450683594,170.1699981689453,169.25999450683594,169.55999755859375,6948,0.0,0.0
2024-08-01 12:06:00-04:00,169.74000549316406,170.88999938964844,169.71620178222656,170.88999938964844,6089,0.0,0.0
2024-08-01 12:07:00-04:00,171.08999633789062,171.08999633789062,171.08999633789062,171.08999633789062,469,0.0,0.0
2024-08-01 12:08:00-04:00,171.39999389648438,172.13999938964844,171.16000366210938,172.13999938964844,3365,0.0,0.0
2024-08-01 12:09:00-04:00,172.13999938964844,172.13999938964844,172.125,172.13999938964844,1315,0.0,0.0
2024-08-01 12:10:00-04:00,172.5,172.5800018310547,172.47999572753906,172.5800018310547,1742,0.0,0.0
2024-08-01 12:11:00-04:00,172.6199951171875,172.6199951171875,172.11000061035156,172.2100067138672,4498,0.0,0.0
2024-08-01 12:12:00-04:00,172.24000549316406,172.2449951171875,171.99000549316406,172.23500061035156,1919,0.0,0.0
2024-08-01 12:13:00-04:00,172.2071075439453,172.2071075439453,172.0800018310547,172.10000610351562,1588,0.0,0.0
2024-08-01 12:14:00-04:00,172.1199951171875,172.3300018310547,172.0850067138672,172.3300018310547,653,0.0,0.0
2024-08-01 12:15:00-04:00,172.3300018310547,172.58999633789062,172.05999755859375,172.05999755859375,5505,0.0,0.0
2024-08-01 12:16:00-04:00,172.22999572753906,172.22999572753906,172.22999572753906,172.22999572753906,324,0.0,0.0
2024-08-01 12:17:00-04:00,172.33999633789062,172.58999633789062,172.33999633789062,172.5050048828125,1358,0.0,0.0
2024-08-01 12:18:00-04:00,172.52999877929688,172.52999877929688,172.33999633789062,172.47999572753906,1530,0.0,0.0
2024-08-01 12:19:00-04:00,172.6759033203125,172.6759033203125,172.6759033203125,172.6759033203125,184,0.0,0.0
2024-08-01 12:20:00-04:00,172.7100067138672,172.94000244140625,172.6999969482422,172.94000244140625,2676,0.0,0.0
2024-08-01 12:21:00-04:00,172.9499969482422,172.9499969482422,172.01499938964844,172.01499938964844,3948,0.0,0.0
2024-08-01 12:22:00-04:00,172.0399932861328,172.0399932861328,171.50999450683594,171.7241973876953,2194,0.0,0.0
2024-08-01 12:23:00-04:00,171.41000366210938,171.41000366210938,171.16000366210938,171.16000366210938,783,0.0,0.0
2024-08-01 12:24:00-04:00,171.27000427246094,171.27000427246094,171.27000427246094,171.27000427246094,658,0.0,0.0
2024-08-01 12:25:00-04:00,171.3000030517578,171.36000061035156,171.14999389648438,171.25999450683594,3436,0.0,0.0
2024-08-01 12:26:00-04:00,171.3000030517578,171.6999969482422,171.3000030517578,171.6999969482422,2189,0.0,0.0
2024-08-01 12:27:00-04:00,171.69500732421875,171.6999969482422,171.4199981689453,171.58999633789062,5106,0.0,0.0
2024-08-01 12:28:00-04:00,171.58999633789062,171.77999877929688,171.58999633789062,171.77999877929688,1238,0.0,0.0
2024-08-01 12:29:00-04:00,171.97000122070312,171.97999572753906,171.97000122070312,171.97500610351562,1212,0.0,0.0
2024-08-01 12:30:00-04:00,171.97500610351562,172.1199951171875,171.97000122070312,172.1199951171875,1150,0.0,0.0
2024-08-01 12:31:00-04:00,172.13999938964844,172.17999267578125,172.02000427246094,172.02000427246094,729,0.0,0.0
2024-08-01 12:32:00-04:00,171.91000366210938,171.9250030517578,171.7050018310547,171.7050018310547,2449,0.0,0.0
2024-08-01 12:33:00-04:00,171.67999267578125,171.67999267578125,171.11000061035156,171.52499389648438,3296,0.0,0.0
2024-08-01 12:34:00-04:00,171.1300048828125,171.4149932861328,171.1300048828125,171.4149932861328,1258,0.0,0.0
2024-08-01 12:36:00-04:00,171.66000366210938,171.77999877929688,171.66000366210938,171.77999877929688,1881,0.0,0.0
2024-08-01 12:37:00-04:00,171.8350067138672,172.08999633789062,171.73500061035156,172.08999633789062,1321,0.0,0.0
2024-08-01 12:38:00-04:00,171.8249969482422,171.8719940185547,171.3300018310547,171.3350067138672,3332,0.0,0.0
2024-08-01 12:39:00-04:00,171.32000732421875,171.32000732421875,171.32000732421875,171.32000732421875,1064,0.0,0.0
2024-08-01 12:40:00-04:00,171.10000610351562,171.21499633789062,170.88999938964844,170.88999938964844,1362,0.0,0.0
2024-08-01 12:41:00-04:00,170.85000610351562,171.11000061035156,170.3800048828125,170.3800048828125,2754,0.0,0.0
2024-08-01 12:42:00-04:00,170.35499572753906,170.35499572753906,170.17880249023438,170.17880249023438,452,0.0,0.0
2024-08-01 12:43:00-04:00,170.0500030517578,170.6300048828125,170.0500030517578,170.6300048828125,8152,0.0,0.0
2024-08-01 12:44:00-04:00,170.21189880371094,170.6300048828125,170.21189880371094,170.6199951171875,1472,0.0,0.0
2024-08-01 12:45:00-04:00,170.38999938964844,170.6300048828125,170.38999938964844,170.6300048828125,4093,0.0,0.0
2024-08-01 12:47:00-04:00,170.5500030517578,170.5998992919922,170.3000030517578,170.4199981689453,3255,0.0,0.0
2024-08-01 12:48:00-04:00,170.2711944580078,170.2711944580078,170.24000549316406,170.25779724121094,1311,0.0,0.0
2024-08-01 12:49:00-04:00,170.3350067138672,170.3350067138672,170.14549255371094,170.14549255371094,1189,0.0,0.0
2024-08-01 12:51:00-04:00,170.35000610351562,170.35000610351562,170.35000610351562,170.35000610351562,200,0.0,0.0
2024-08-01 12:52:00-04:00,170.27000427246094,170.41000366210938,170.11000061035156,170.27000427246094,1141,0.0,0.0
2024-08-01 12:53:00-04:00,170.27000427246094,170.3979949951172,169.63499450683594,169.63499450683594,9884,0.0,0.0
2024-08-01 12:54:00-04:00,169.39999389648438,169.72000122070312,169.07000732421875,169.07000732421875,3833,0.0,0.0
2024-08-01 12:55:00-04:00,169.56930541992188,169.56930541992188,169.56930541992188,169.56930541992188,160,0.0,0.0
2024-08-01 12:56:00-04:00,169.5684051513672,169.5684051513672,169.05999755859375,169.06500244140625,1345,0.0,0.0
2024-08-01 12:57:00-04:00,169.23289489746094,169.23289489746094,169.06500244140625,169.06500244140625,889,0.0,0.0
2024-08-01 12:58:00-04:00,169.06500244140625,169.06500244140625,169.06500244140625,169.06500244140625,949,0.0,0.0
2024-08-01 12:59:00-04:00,169.1300048828125,169.5399932861328,169.1300048828125,169.43499755859375,6237,0.0,0.0
2024-08-01 13:00:00-04:00,169.3000030517578,169.77499389648438,169.3000030517578,169.77499389648438,2449,0.0,0.0
2024-08-01 13:01:00-04:00,169.77000427246094,169.7873992919922,169.56500244140625,169.7873992919922,1155,0.0,0.0
2024-08-01 13:02:00-04:00,169.6199951171875,169.6699981689453,169.6199951171875,169.6699981689453,375,0.0,0.0
2024-08-01 13:03:00-04:00,169.706298828125,170.02000427246094,169.706298828125,170.02000427246094,2631,0.0,0.0
2024-08-01 13:04:00-04:00,170.02000427246094,170.02000427246094,169.80499267578125,169.80499267578125,685,0.0,0.0
2024-08-01 13:05:00-04:00,169.99000549316406,170.0500030517578,169.88720703125,170.02999877929688,1944,0.0,0.0
2024-08-01 13:06:00-04:00,169.97999572753906,170.0500030517578,169.97999572753906,170.0500030517578,914,0.0,0.0
2024-08-01 13:07:00-04:00,170.16209411621094,170.2299041748047,169.9199981689453,169.97999572753906,1323,0.0,0.0
2024-08-01 13:08:00-04:00,170.16690063476562,170.16690063476562,169.61000061035156,169.61000061035156,3323,0.0,0.0
2024-08-01 13:09:00-04:00,169.4499969482422,169.6300048828125,169.44000244140625,169.44000244140625,615,0.0,0.0
2024-08-01 13:10:00-04:00,169.47999572753906,169.6199951171875,169.4199981689453,169.61500549316406,607,0.0,0.0
2024-08-01 13:11:00-04:00,169.8000030517578,169.8000030517578,169.60000610351562,169.60000610351562,468,0.0,0.0
2024-08-01 13:12:00-04:00,169.5,169.60000610351562,169.5,169.60000610351562,899,0.0,0.0
2024-08-01 13:13:00-04:00,169.55999755859375,169.60000610351562,169.55999755859375,169.60000610351562,1208,0.0,0.0
2024-08-01 13:14:00-04:00,169.4199981689453,169.4199981689453,169.2100067138672,169.25999450683594,2632,0.0,0.0
2024-08-01 13:15:00-04:00,169.27999877929688,169.27999877929688,169.11000061035156,169.1649932861328,3139,0.0,0.0
2024-08-01 13:16:00-04:00,169.0800018310547,169.09500122070312,169.0,169.07000732421875,1784,0.0,0.0
2024-08-01 13:17:00-04:00,169.0,169.0,169.0,169.0,752,0.0,0.0
2024-08-01 13:18:00-04:00,168.875,168.875,168.77000427246094,168.85499572753906,1261,0.0,0.0
2024-08-01 13:19:00-04:00,168.72000122070312,168.72000122070312,168.3000030517578,168.44000244140625,2211,0.0,0.0
2024-08-01 13:20:00-04:00,168.39999389648438,168.39999389648438,168.39999389648438,168.39999389648438,287,0.0,0.0
2024-08-01 13:21:00-04:00,168.19500732421875,168.19500732421875,167.49000549316406,167.49000549316406,3301,0.0,0.0
2024-08-01 13:22:00-04:00,167.72999572753906,168.0800018310547,167.54249572753906,167.72500610351562,4483,0.0,0.0
2024-08-01 13:23:00-04:00,167.80999755859375,168.36000061035156,167.80999755859375,168.0850067138672,40283,0.0,0.0
2024-08-01 13:24:00-04:00,168.16000366210938,168.42999267578125,168.16000366210938,168.42999267578125,1243,0.0,0.0
2024-08-01 13:25:00-04:00,168.27499389648438,168.27499389648438,167.57000732421875,167.57000732421875,2654,0.0,0.0
2024-08-01 13:26:00-04:00,167.77999877929688,167.77999877929688,167.77999877929688,167.77999877929688,281,0.0,0.0
2024-08-01 13:27:00-04:00,167.50999450683594,168.27999877929688,167.50999450683594,168.27999877929688,2668,0.0,0.0
2024-08-01 13:28:00-04:00,168.27000427246094,168.49000549316406,168.27000427246094,168.4250030517578,1274,0.0,0.0
2024-08-01 13:29:00-04:00,168.52000427246094,168.52000427246094,168.08999633789062,168.375,4315,0.0,0.0
2024-08-01 13:30:00-04:00,168.32000732421875,168.32000732421875,168.32000732421875,168.32000732421875,101,0.0,0.0
2024-08-01 13:31:00-04:00,168.07000732421875,168.0850067138672,168.07000732421875,168.0850067138672,1309,0.0,0.0
2024-08-01 13:32:00-04:00,167.97999572753906,167.97999572753906,167.89999389648438,167.89999389648438,555,0.0,0.0
2024-08-01 13:33:00-04:00,168.1699981689453,168.17999267578125,167.91000366210938,167.91000366210938,2071,0.0,0.0
2024-08-01 13:34:00-04:00,168.08999633789062,168.08999633789062,167.85000610351562,167.92999267578125,1411,0.0,0.0
2024-08-01 13:35:00-04:00,168.0,168.0,167.92999267578125,167.98500061035156,1860,0.0,0.0
2024-08-01 13:36:00-04:00,167.88999938964844,167.9600067138672,167.88999938964844,167.9600067138672,714,0.0,0.0
2024-08-01 13:37:00-04:00,168.19000244140625,168.22999572753906,167.375,167.375,3813,0.0,0.0
2024-08-01 13:38:00-04:00,167.38499450683594,168.0,167.38499450683594,167.9600067138672,3065,0.0,0.0
2024-08-01 13:39:00-04:00,167.77999877929688,167.77999877929688,167.77999877929688,167.77999877929688,117,0.0,0.0
2024-08-01 13:40:00-04:00,167.80499267578125,167.80499267578125,167.80499267578125,167.80499267578125,1111,0.0,0.0
2024-08-01 13:42:00-04:00,167.94000244140625,167.94000244140625,167.94000244140625,167.94000244140625,190,0.0,0.0
2024-08-01 13:43:00-04:00,168.0,168.0800018310547,168.0,168.02000427246094,1874,0.0,0.0
2024-08-01 13:44:00-04:00,167.80999755859375,167.80999755859375,167.4499969482422,167.4499969482422,2397,0.0,0.0
2024-08-01 13:45:00-04:00,167.27999877929688,167.27999877929688,167.07000732421875,167.0800018310547,976,0.0,0.0
2024-08-01 13:46:00-04:00,167.02999877929688,167.02999877929688,166.85000610351562,166.85000610351562,1547,0.0,0.0
2024-08-01 13:47:00-04:00,166.8800048828125,166.8800048828125,166.6999969482422,166.80999755859375,645,0.0,0.0
2024-08-01 13:48:00-04:00,166.9250030517578,166.9250030517578,166.7949981689453,166.7949981689453,1877,0.0,0.0
2024-08-01 13:49:00-04:00,167.02999877929688,167.0399932861328,166.9149932861328,166.9250030517578,1411,0.0,0.0
2024-08-01 13:50:00-04:00,166.94000244140625,166.96499633789062,166.94000244140625,166.96499633789062,539,0.0,0.0
2024-08-01 13:51:00-04:00,166.9550018310547,166.9550018310547,166.74000549316406,166.9550018310547,435,0.0,0.0
2024-08-01 13:52:00-04:00,166.9550018310547,167.1699981689453,166.93890380859375,167.07000732421875,3345,0.0,0.0
2024-08-01 13:53:00-04:00,167.13999938964844,167.4199981689453,167.13999938964844,167.4199981689453,1554,0.0,0.0
2024-08-01 13:54:00-04:00,167.41000366210938,167.41000366210938,167.40499877929688,167.40499877929688,1730,0.0,0.0
2024-08-01 13:55:00-04:00,167.41000366210938,167.4949951171875,167.41000366210938,167.4949951171875,805,0.0,0.0
2024-08-01 13:56:00-04:00,167.6999969482422,167.6999969482422,167.16000366210938,167.19000244140625,4589,0.0,0.0
2024-08-01 13:57:00-04:00,167.19500732421875,167.41000366210938,167.19500732421875,167.33999633789062,1648,0.0,0.0
2024-08-01 13:58:00-04:00,167.3300018310547,167.33999633789062,167.20010375976562,167.33999633789062,932,0.0,0.0
2024-08-01 13:59:00-04:00,167.47999572753906,168.45989990234375,167.47999572753906,168.45989990234375,4191,0.0,0.0
2024-08-01 14:00:00-04:00,168.14500427246094,168.14500427246094,167.85000610351562,167.9250030517578,949,0.0,0.0
2024-08-01 14:01:00-04:00,167.9199981689453,167.9199981689453,167.6699981689453,167.6999969482422,2502,0.0,0.0
2024-08-01 14:03:00-04:00,167.42999267578125,167.60499572753906,167.30999755859375,167.30999755859375,1542,0.0,0.0
2024-08-01 14:04:00-04:00,167.22000122070312,167.22999572753906,167.22000122070312,167.22000122070312,605,0.0,0.0
2024-08-01 14:05:00-04:00,167.24000549316406,167.40699768066406,167.11000061035156,167.40699768066406,1454,0.0,0.0
2024-08-01 14:06:00-04:00,167.41000366210938,167.6699981689453,167.41000366210938,167.63499450683594,3817,0.0,0.0
2024-08-01 14:08:00-04:00,167.55999755859375,167.55999755859375,167.52499389648438,167.52499389648438,505,0.0,0.0
2024-08-01 14:09:00-04:00,167.42999267578125,167.42999267578125,167.36000061035156,167.36000061035156,1478,0.0,0.0
2024-08-01 14:10:00-04:00,167.47000122070312,167.47000122070312,167.27000427246094,167.27000427246094,610,0.0,0.0
2024-08-01 14:11:00-04:00,167.44500732421875,167.44500732421875,167.22999572753906,167.22999572753906,635,0.0,0.0
2024-08-01 14:12:00-04:00,167.22000122070312,167.25,167.13999938964844,167.13999938964844,1480,0.0,0.0
2024-08-01 14:13:00-04:00,167.1300048828125,167.1300048828125,166.91000366210938,166.91000366210938,1704,0.0,0.0
2024-08-01 14:14:00-04:00,166.91000366210938,166.91000366210938,166.91000366210938,166.91000366210938,690,0.0,0.0
2024-08-01 14:15:00-04:00,166.7200927734375,166.7200927734375,166.7200927734375,166.7200927734375,581,0.0,0.0
2024-08-01 14:16:00-04:00,166.88999938964844,166.92999267578125,166.88999938964844,166.92999267578125,1415,0.0,0.0
2024-08-01 14:17:00-04:00,166.8000030517578,166.85499572753906,166.8000030517578,166.80499267578125,1204,0.0,0.0
2024-08-01 14:18:00-04:00,166.8300018310547,166.8300018310547,166.22999572753906,166.4199981689453,4045,0.0,0.0
2024-08-01 14:19:00-04:00,166.36500549316406,166.36500549316406,166.36500549316406,166.36500549316406,922,0.0,0.0
2024-08-01 14:20:00-04:00,166.52999877929688,166.61000061035156,166.52000427246094,166.58999633789062,3092,0.0,0.0
2024-08-01 14:21:00-04:00,166.72999572753906,166.80999755859375,166.50169372558594,166.50169372558594,1957,0.0,0.0
2024-08-01 14:23:00-04:00,166.89999389648438,166.94000244140625,166.67999267578125,166.67999267578125,2092,0.0,0.0
2024-08-01 14:24:00-04:00,166.8300018310547,166.8300018310547,166.5,166.5,1902,0.0,0.0
2024-08-01 14:25:00-04:00,166.25999450683594,166.33999633789062,166.25999450683594,166.33999633789062,893,0.0,0.0
2024-08-01 14:26:00-04:00,166.47000122070312,166.47000122070312,166.47000122070312,166.47000122070312,659,0.0,0.0
2024-08-01 14:28:00-04:00,166.41000366210938,166.5500030517578,166.35499572753906,166.5500030517578,1606,0.0,0.0
2024-08-01 14:29:00-04:00,166.64999389648438,166.6750030517578,166.5500030517578,166.6750030517578,837,0.0,0.0
2024-08-01 14:30:00-04:00,166.47000122070312,166.47000122070312,166.32000732421875,166.32000732421875,1192,0.0,0.0
2024-08-01 14:31:00-04:00,166.39500427246094,166.5,166.39500427246094,166.44749450683594,607,0.0,0.0
2024-08-01 14:32:00-04:00,166.55999755859375,166.58999633789062,166.5399932861328,166.58999633789062,1259,0.0,0.0
2024-08-01 14:33:00-04:00,166.58999633789062,166.6300048828125,166.58999633789062,166.6300048828125,745,0.0,0.0
2024-08-01 14:34:00-04:00,166.6300048828125,166.6300048828125,166.6300048828125,166.6300048828125,254,0.0,0.0
2024-08-01 14:35:00-04:00,166.77999877929688,166.8000030517578,166.63999938964844,166.63999938964844,2763,0.0,0.0
2024-08-01 14:36:00-04:00,166.72500610351562,166.72500610351562,166.6999969482422,166.6999969482422,810,0.0,0.0
2024-08-01 14:37:00-04:00,166.8300018310547,166.8300018310547,166.6300048828125,166.6300048828125,1578,0.0,0.0
2024-08-01 14:38:00-04:00,166.6300048828125,166.6300048828125,166.55999755859375,166.55999755859375,37106,0.0,0.0
2024-08-01 14:39:00-04:00,166.6699981689453,166.67999267578125,166.52999877929688,166.52999877929688,2023,0.0,0.0
2024-08-01 14:40:00-04:00,166.60000610351562,166.6199951171875,166.60000610351562,166.6199951171875,1648,0.0,0.0
2024-08-01 14:42:00-04:00,166.50999450683594,166.50999450683594,166.50999450683594,166.50999450683594,410,0.0,0.0
2024-08-01 14:43:00-04:00,166.35000610351562,166.52000427246094,166.35000610351562,166.47500610351562,3284,0.0,0.0
2024-08-01 14:45:00-04:00,166.4550018310547,166.4550018310547,166.44000244140625,166.44000244140625,989,0.0,0.0
2024-08-01 14:46:00-04:00,166.4459991455078,166.4459991455078,166.4459991455078,166.4459991455078,230,0.0,0.0
2024-08-01 14:47:00-04:00,166.4199981689453,166.74000549316406,166.4199981689453,166.74000549316406,4773,0.0,0.0
2024-08-01 14:48:00-04:00,166.52000427246094,166.52999877929688,166.11000061035156,166.24000549316406,2889,0.0,0.0
2024-08-01 14:49:00-04:00,166.42999267578125,166.42999267578125,166.25,166.38499450683594,1016,0.0,0.0
2024-08-01 14:50:00-04:00,166.38499450683594,166.38499450683594,166.38499450683594,166.38499450683594,116,0.0,0.0
2024-08-01 14:51:00-04:00,166.4600067138672,166.4600067138672,165.75999450683594,166.0,8371,0.0,0.0
2024-08-01 14:52:00-04:00,165.8699951171875,166.3000030517578,165.8699951171875,166.14999389648438,4636,0.0,0.0
2024-08-01 14:53:00-04:00,166.1300048828125,166.1699981689453,165.92999267578125,166.1699981689453,2314,0.0,0.0
2024-08-01 14:54:00-04:00,166.07000732421875,166.1750030517578,166.0,166.0,1765,0.0,0.0
2024-08-01 14:55:00-04:00,166.0,166.05499267578125,165.8300018310547,165.8300018310547,1964,0.0,0.0
2024-08-01 14:56:00-04:00,165.77999877929688,165.77999877929688,165.77999877929688,165.77999877929688,462,0.0,0.0
2024-08-01 14:57:00-04:00,165.80499267578125,166.10000610351562,165.52999877929688,166.03500366210938,3479,0.0,0.0
2024-08-01 14:58:00-04:00,165.8300018310547,165.97000122070312,165.8300018310547,165.8300018310547,935,0.0,0.0
2024-08-01 14:59:00-04:00,165.8300018310547,165.8300018310547,165.8300018310547,165.8300018310547,899,0.0,0.0
2024-08-01 15:00:00-04:00,166.2100067138672,166.22999572753906,166.03500366210938,166.125,2433,0.0,0.0
2024-08-01 15:01:00-04:00,166.13499450683594,166.13499450683594,165.99000549316406,166.1300048828125,529,0.0,0.0
2024-08-01 15:02:00-04:00,165.97000122070312,165.9989013671875,165.94000244140625,165.9989013671875,692,0.0,0.0
2024-08-01 15:03:00-04:00,166.125,166.25,166.10499572753906,166.10499572753906,1020,0.0,0.0
2024-08-01 15:04:00-04:00,166.10499572753906,166.32000732421875,166.10499572753906,166.32000732421875,4340,0.0,0.0
2024-08-01 15:05:00-04:00,166.0800018310547,166.22500610351562,166.0800018310547,166.21499633789062,1538,0.0,0.0
2024-08-01 15:06:00-04:00,166.17999267578125,166.35000610351562,166.17999267578125,166.35000610351562,1125,0.0,0.0
2024-08-01 15:07:00-04:00,166.2050018310547,166.2050018310547,166.2050018310547,166.2050018310547,103,0.0,0.0
2024-08-01 15:08:00-04:00,166.2050018310547,166.2050018310547,166.07000732421875,166.19500732421875,1211,0.0,0.0
2024-08-01 15:09:00-04:00,166.07000732421875,166.32000732421875,166.07000732421875,166.27499389648438,3617,0.0,0.0
2024-08-01 15:10:00-04:00,166.27499389648438,166.2899932861328,166.0800018310547,166.2100067138672,5514,0.0,0.0
2024-08-01 15:14:00-04:00,166.05999755859375,166.1199951171875,166.02000427246094,166.02000427246094,2133,0.0,0.0
2024-08-01 15:15:00-04:00,166.02000427246094,166.1300048828125,165.77999877929688,165.77999877929688,2482,0.0,0.0
2024-08-01 15:16:00-04:00,165.52999877929688,165.76499938964844,165.52999877929688,165.76499938964844,558,0.0,0.0
2024-08-01 15:17:00-04:00,165.5800018310547,165.5800018310547,165.5800018310547,165.5800018310547,1218,0.0,0.0
2024-08-01 15:18:00-04:00,165.59500122070312,165.69000244140625,165.42999267578125,165.42999267578125,4491,0.0,0.0
2024-08-01 15:19:00-04:00,165.63499450683594,165.63999938964844,165.63499450683594,165.63999938964844,1106,0.0,0.0
2024-08-01 15:20:00-04:00,165.63999938964844,165.66000366210938,165.63999938964844,165.66000366210938,514,0.0,0.0
2024-08-01 15:21:00-04:00,165.66000366210938,165.8800048828125,165.60000610351562,165.60000610351562,6058,0.0,0.0
2024-08-01 15:22:00-04:00,165.74000549316406,165.74000549316406,165.74000549316406,165.74000549316406,734,0.0,0.0
2024-08-01 15:23:00-04:00,165.55999755859375,165.55999755859375,165.55999755859375,165.55999755859375,113,0.0,0.0
2024-08-01 15:24:00-04:00,165.72500610351562,165.72999572753906,165.60000610351562,165.60000610351562,1498,0.0,0.0
2024-08-01 15:25:00-04:00,165.55999755859375,165.55999755859375,165.55999755859375,165.55999755859375,335,0.0,0.0
2024-08-01 15:26:00-04:00,165.55999755859375,166.13999938964844,165.55999755859375,166.07000732421875,5875,0.0,0.0
2024-08-01 15:27:00-04:00,165.97000122070312,166.0800018310547,165.9499969482422,166.06500244140625,1505,0.0,0.0
2024-08-01 15:28:00-04:00,166.06500244140625,166.1999969482422,166.00999450683594,166.15499877929688,3115,0.0,0.0
2024-08-01 15:29:00-04:00,166.02000427246094,166.06500244140625,165.92999267578125,166.06500244140625,1933,0.0,0.0
2024-08-01 15:30:00-04:00,166.06500244140625,166.27000427246094,166.06500244140625,166.1300048828125,5419,0.0,0.0
2024-08-01 15:31:00-04:00,166.27999877929688,166.74000549316406,166.27999877929688,166.49000549316406,3571,0.0,0.0
2024-08-01 15:32:00-04:00,166.5500030517578,166.63999938964844,166.49000549316406,166.57000732421875,2348,0.0,0.0
2024-08-01 15:33:00-04:00,166.4199981689453,166.49000549316406,166.0800018310547,166.10499572753906,5351,0.0,0.0
2024-08-01 15:34:00-04:00,166.10499572753906,166.10499572753906,165.97999572753906,165.97999572753906,2928,0.0,0.0
2024-08-01 15:35:00-04:00,165.9949951171875,166.01499938964844,165.86000061035156,165.94000244140625,1053,0.0,0.0
2024-08-01 15:36:00-04:00,165.98089599609375,166.1699981689453,165.7899932861328,165.86000061035156,11888,0.0,0.0
2024-08-01 15:38:00-04:00,166.05999755859375,166.22000122070312,166.02999877929688,166.0377960205078,4600,0.0,0.0
2024-08-01 15:39:00-04:00,166.10499572753906,166.1199951171875,166.02000427246094,166.02000427246094,1974,0.0,0.0
2024-08-01 15:40:00-04:00,165.97999572753906,165.99000549316406,165.9499969482422,165.97500610351562,1737,0.0,0.0
2024-08-01 15:41:00-04:00,165.7899932861328,165.9550018310547,165.6300048828125,165.9550018310547,7681,0.0,0.0
2024-08-01 15:42:00-04:00,165.9550018310547,165.9550018310547,165.8800048828125,165.88999938964844,4031,0.0,0.0
2024-08-01 15:43:00-04:00,165.8800048828125,166.1300048828125,165.83999633789062,166.0800018310547,15017,0.0,0.0
2024-08-01 15:44:00-04:00,166.06500244140625,166.08999633789062,166.0500030517578,166.0500030517578,1615,0.0,0.0
2024-08-01 15:45:00-04:00,166.0,166.10000610351562,165.8300018310547,165.89500427246094,13069,0.0,0.0
2024-08-01 15:46:00-04:00,165.8699951171875,166.00999450683594,165.8699951171875,165.97999572753906,1538,0.0,0.0
2024-08-01 15:47:00-04:00,165.97000122070312,166.08999633789062,165.9600067138672,166.07760620117188,6075,0.0,0.0
2024-08-01 15:48:00-04:00,166.06500244140625,166.14999389648438,166.0449981689453,166.05999755859375,3848,0.0,0.0
2024-08-01 15:49:00-04:00,166.1300048828125,166.39999389648438,166.0850067138672,166.2100067138672,8718,0.0,0.0
2024-08-01 15:50:00-04:00,166.27999877929688,166.8874969482422,166.27999877929688,166.83999633789062,6711,0.0,0.0
2024-08-01 15:51:00-04:00,166.84500122070312,167.02999877929688,166.84500122070312,166.97000122070312,7512,0.0,0.0
2024-08-01 15:52:00-04:00,166.92999267578125,166.92999267578125,166.33999633789062,166.33999633789062,8567,0.0,0.0
2024-08-01 15:53:00-04:00,166.27000427246094,166.36500549316406,165.9600067138672,165.9600067138672,6452,0.0,0.0
2024-08-01 15:54:00-04:00,165.9600067138672,166.02000427246094,165.75999450683594,165.8800048828125,11740,0.0,0.0
2024-08-01 15:55:00-04:00,165.9499969482422,166.4149932861328,165.8800048828125,166.3699951171875,22831,0.0,0.0
2024-08-01 15:56:00-04:00,166.3699951171875,166.77999877929688,166.33999633789062,166.75,17809,0.0,0.0
2024-08-01 15:57:00-04:00,166.78500366210938,166.9550018310547,166.72999572753906,166.8300018310547,32288,0.0,0.0
2024-08-01 15:58:00-04:00,166.8699951171875,167.1999969482422,166.8699951171875,167.13999938964844,38398,0.0,0.0
2024-08-01 15:59:00-04:00,167.1300048828125,167.38999938964844,167.05499267578125,167.3800048828125,69570,0.0,0.0
2024-08-02 09:30:00-04:00,164.92999267578125,164.92999267578125,162.77000427246094,162.82000732421875,7864,0.0,0.0
2024-08-02 09:31:00-04:00,162.72999572753906,163.17999267578125,161.22999572753906,161.3300018310547,3258,0.0,0.0
2024-08-02 09:33:00-04:00,160.92999267578125,161.36000061035156,160.5800018310547,160.5800018310547,1622,0.0,0.0
2024-08-02 09:34:00-04:00,160.5500030517578,160.89999389648438,158.66000366210938,159.60000610351562,6611,0.0,0.0
2024-08-02 09:35:00-04:00,159.59979248046875,159.60000610351562,159.59979248046875,159.60000610351562,305,0.0,0.0
2024-08-02 09:36:00-04:00,159.6300048828125,161.1199951171875,159.6300048828125,160.5800018310547,1685,0.0,0.0
2024-08-02 09:38:00-04:00,161.1649932861328,161.1649932861328,161.1649932861328,161.1649932861328,343,0.0,0.0
2024-08-02 09:39:00-04:00,161.0399932861328,161.0399932861328,161.0399932861328,161.0399932861328,686,0.0,0.0
2024-08-02 09:40:00-04:00,161.2899932861328,161.2899932861328,160.72000122070312,160.72000122070312,237,0.0,0.0
2024-08-02 09:41:00-04:00,161.2082061767578,162.0,160.55999755859375,161.27999877929688,6564,0.0,0.0
2024-08-02 09:42:00-04:00,161.90350341796875,161.90350341796875,161.14500427246094,161.14500427246094,6271,0.0,0.0
2024-08-02 09:43:00-04:00,161.2274932861328,161.72999572753906,161.00999450683594,161.02000427246094,2702,0.0,0.0
2024-08-02 09:44:00-04:00,161.3249969482422,161.6699981689453,161.30499267578125,161.30499267578125,1873,0.0,0.0
2024-08-02 09:46:00-04:00,161.2324981689453,161.2324981689453,161.2324981689453,161.2324981689453,470,0.0,0.0
2024-08-02 09:47:00-04:00,160.2100067138672,160.2100067138672,159.1300048828125,159.6699981689453,2430,0.0,0.0
2024-08-02 09:48:00-04:00,159.2949981689453,160.3300018310547,159.2949981689453,160.3300018310547,3214,0.0,0.0
2024-08-02 09:49:00-04:00,160.3300018310547,160.42999267578125,159.85000610351562,160.0800018310547,8111,0.0,0.0
2024-08-02 09:50:00-04:00,160.0800018310547,160.0800018310547,160.0749969482422,160.0749969482422,770,0.0,0.0
2024-08-02 09:51:00-04:00,159.52999877929688,160.0,159.44000244140625,159.6699981689453,14822,0.0,0.0
2024-08-02 09:52:00-04:00,159.5,160.0998992919922,159.4199981689453,159.4199981689453,1269,0.0,0.0
2024-08-02 09:53:00-04:00,159.3000030517578,159.3000030517578,159.3000030517578,159.3000030517578,608,0.0,0.0
2024-08-02 09:54:00-04:00,159.08999633789062,159.08999633789062,159.08999633789062,159.08999633789062,517,0.0,0.0
2024-08-02 09:55:00-04:00,158.67010498046875,159.02999877929688,158.67010498046875,159.02499389648438,1337,0.0,0.0
2024-08-02 09:56:00-04:00,159.02499389648438,160.02000427246094,159.02499389648438,160.02000427246094,8195,0.0,0.0
2024-08-02 09:57:00-04:00,160.0,160.0,159.6699981689453,159.6699981689453,1686,0.0,0.0
2024-08-02 09:58:00-04:00,159.7899932861328,160.22999572753906,159.7899932861328,159.98500061035156,2095,0.0,0.0
2024-08-02 09:59:00-04:00,159.92999267578125,160.30999755859375,159.74000549316406,159.74000549316406,2701,0.0,0.0
2024-08-02 10:00:00-04:00,159.85499572753906,160.72500610351562,159.85499572753906,160.72500610351562,1694,0.0,0.0
2024-08-02 10:01:00-04:00,161.4499969482422,162.51499938964844,161.44000244140625,162.47000122070312,4446,0.0,0.0
2024-08-02 10:02:00-04:00,162.6300048828125,163.0,162.14999389648438,162.7449951171875,2898,0.0,0.0
2024-08-02 10:03:00-04:00,162.86000061035156,163.6300048828125,162.86000061035156,163.6300048828125,1798,0.0,0.0
2024-08-02 10:04:00-04:00,163.25,163.53500366210938,163.2100067138672,163.39999389648438,3909,0.0,0.0
2024-08-02 10:05:00-04:00,163.44000244140625,163.44000244140625,163.02000427246094,163.24000549316406,1814,0.0,0.0
2024-08-02 10:06:00-04:00,162.47999572753906,162.88999938964844,162.47000122070312,162.77499389648438,1033,0.0,0.0
2024-08-02 10:07:00-04:00,162.2899932861328,162.2899932861328,162.2899932861328,162.2899932861328,346,0.0,0.0
2024-08-02 10:08:00-04:00,162.1199951171875,162.5500030517578,162.09010314941406,162.3699951171875,1384,0.0,0.0
2024-08-02 10:09:00-04:00,162.6300048828125,162.86000061035156,162.51499938964844,162.51499938964844,1578,0.0,0.0
2024-08-02 10:10:00-04:00,162.6300048828125,162.6300048828125,162.00999450683594,162.32000732421875,2484,0.0,0.0
2024-08-02 10:11:00-04:00,161.89999389648438,162.32000732421875,161.66000366210938,162.16000366210938,2685,0.0,0.0
2024-08-02 10:12:00-04:00,161.75999450683594,161.80499267578125,161.6199951171875,161.80499267578125,1612,0.0,0.0
2024-08-02 10:13:00-04:00,161.3300018310547,161.35499572753906,161.3300018310547,161.35499572753906,796,0.0,0.0
2024-08-02 10:14:00-04:00,161.5399932861328,161.60000610351562,161.5399932861328,161.60000610351562,296,0.0,0.0
2024-08-02 10:15:00-04:00,161.8800048828125,162.17999267578125,161.53500366210938,162.17999267578125,2940,0.0,0.0
2024-08-02 10:16:00-04:00,162.14999389648438,162.49000549316406,162.14999389648438,162.40499877929688,806,0.0,0.0
2024-08-02 10:17:00-04:00,162.41000366210938,162.41000366210938,162.41000366210938,162.41000366210938,434,0.0,0.0
2024-08-02 10:18:00-04:00,162.5500030517578,162.5500030517578,162.5500030517578,162.5500030517578,336,0.0,0.0
2024-08-02 10:19:00-04:00,162.38499450683594,162.5,161.8800048828125,161.97999572753906,2729,0.0,0.0
2024-08-02 10:21:00-04:00,161.47000122070312,161.52999877929688,161.4149932861328,161.4149932861328,673,0.0,0.0
2024-08-02 10:22:00-04:00,161.4149932861328,161.4149932861328,160.8800048828125,160.8800048828125,3153,0.0,0.0
2024-08-02 10:23:00-04:00,161.5399932861328,161.60000610351562,160.52999877929688,160.5301055908203,2687,0.0,0.0
2024-08-02 10:24:00-04:00,161.0749969482422,161.0749969482422,160.75,160.75,733,0.0,0.0
2024-08-02 10:25:00-04:00,161.30999755859375,161.50999450683594,161.18499755859375,161.18499755859375,707,0.0,0.0
2024-08-02 10:26:00-04:00,161.52999877929688,162.27999877929688,161.19500732421875,162.27999877929688,5382,0.0,0.0
2024-08-02 10:27:00-04:00,161.8300018310547,162.16000366210938,161.47000122070312,161.64999389648438,2708,0.0,0.0
2024-08-02 10:28:00-04:00,161.44000244140625,161.44000244140625,161.44000244140625,161.44000244140625,226,0.0,0.0
2024-08-02 10:29:00-04:00,161.7386932373047,161.7386932373047,161.7386932373047,161.7386932373047,744,0.0,0.0
2024-08-02 10:30:00-04:00,161.64999389648438,161.92999267578125,161.64999389648438,161.86000061035156,1382,0.0,0.0
2024-08-02 10:31:00-04:00,161.9499969482422,162.47000122070312,161.9499969482422,162.47000122070312,821,0.0,0.0
2024-08-02 10:32:00-04:00,162.8300018310547,162.88999938964844,162.8300018310547,162.84500122070312,1481,0.0,0.0
2024-08-02 10:33:00-04:00,162.75,163.08999633789062,162.74000549316406,163.08999633789062,1638,0.0,0.0
2024-08-02 10:34:00-04:00,162.97999572753906,162.97999572753906,162.97999572753906,162.97999572753906,276,0.0,0.0
2024-08-02 10:35:00-04:00,162.9149932861328,163.35000610351562,162.9149932861328,163.35000610351562,1320,0.0,0.0
2024-08-02 10:36:00-04:00,163.15499877929688,163.15499877929688,163.05999755859375,163.05999755859375,1247,0.0,0.0
2024-08-02 10:37:00-04:00,163.13499450683594,163.27000427246094,163.13499450683594,163.27000427246094,771,0.0,0.0
2024-08-02 10:38:00-04:00,163.27000427246094,163.27000427246094,163.22500610351562,163.22500610351562,1197,0.0,0.0
2024-08-02 10:39:00-04:00,162.97000122070312,162.97000122070312,162.97000122070312,162.97000122070312,460,0.0,0.0
2024-08-02 10:40:00-04:00,163.22999572753906,163.4199981689453,163.11000061035156,163.11500549316406,1958,0.0,0.0
2024-08-02 10:42:00-04:00,162.91000366210938,163.90499877929688,162.91000366210938,163.90499877929688,3807,0.0,0.0
2024-08-02 10:43:00-04:00,163.3699951171875,163.3699951171875,162.77000427246094,162.77000427246094,5359,0.0,0.0
2024-08-02 10:44:00-04:00,162.50999450683594,162.50999450683594,162.50999450683594,162.50999450683594,482,0.0,0.0
2024-08-02 10:45:00-04:00,162.24000549316406,162.6300048828125,162.24000549316406,162.6300048828125,797,0.0,0.0
2024-08-02 10:46:00-04:00,162.625,162.6999969482422,162.625,162.6999969482422,358,0.0,0.0
2024-08-02 10:47:00-04:00,162.3300018310547,162.3300018310547,162.14999389648438,162.14999389648438,1653,0.0,0.0
2024-08-02 10:48:00-04:00,162.0399932861328,162.13499450683594,162.0399932861328,162.13499450683594,829,0.0,0.0
2024-08-02 10:49:00-04:00,162.10079956054688,162.22999572753906,162.10079956054688,162.13499450683594,902,0.0,0.0
2024-08-02 10:50:00-04:00,162.14500427246094,162.75999450683594,162.14500427246094,162.4320068359375,4066,0.0,0.0
2024-08-02 10:51:00-04:00,162.52999877929688,163.3000030517578,162.52999877929688,162.9799041748047,3980,0.0,0.0
2024-08-02 10:52:00-04:00,163.49000549316406,163.49000549316406,163.13999938964844,163.24000549316406,2862,0.0,0.0
2024-08-02 10:53:00-04:00,163.30999755859375,163.30999755859375,162.9199981689453,162.9199981689453,2303,0.0,0.0
2024-08-02 10:54:00-04:00,163.0749969482422,163.0749969482422,162.75999450683594,162.75999450683594,1138,0.0,0.0
2024-08-02 10:55:00-04:00,162.6999969482422,162.94500732421875,162.35000610351562,162.35000610351562,2885,0.0,0.0
2024-08-02 10:56:00-04:00,162.35279846191406,162.35279846191406,162.35279846191406,162.35279846191406,802,0.0,0.0
2024-08-02 10:57:00-04:00,162.08999633789062,162.08999633789062,161.69000244140625,161.69000244140625,1432,0.0,0.0
2024-08-02 10:58:00-04:00,161.77499389648438,162.10000610351562,161.77499389648438,162.0,1667,0.0,0.0
2024-08-02 10:59:00-04:00,161.96499633789062,162.02499389648438,161.96499633789062,162.02499389648438,1071,0.0,0.0
2024-08-02 11:00:00-04:00,161.69000244140625,161.8800048828125,161.69000244140625,161.8800048828125,877,0.0,0.0
2024-08-02 11:01:00-04:00,161.59500122070312,161.61000061035156,161.57000732421875,161.57000732421875,1393,0.0,0.0
2024-08-02 11:02:00-04:00,161.61000061035156,161.61000061035156,161.61000061035156,161.61000061035156,669,0.0,0.0
2024-08-02 11:03:00-04:00,161.6925048828125,161.6925048828125,161.6925048828125,161.6925048828125,873,0.0,0.0
2024-08-02 11:04:00-04:00,161.46499633789062,161.47999572753906,161.46499633789062,161.47999572753906,646,0.0,0.0
2024-08-02 11:05:00-04:00,161.52000427246094,161.6199951171875,161.52000427246094,161.6199951171875,481,0.0,0.0
2024-08-02 11:06:00-04:00,161.43499755859375,161.48500061035156,161.19000244140625,161.4499969482422,3467,0.0,0.0
2024-08-02 11:07:00-04:00,161.1699981689453,161.6300048828125,161.13999938964844,161.50999450683594,2696,0.0,0.0
2024-08-02 11:08:00-04:00,161.25,161.25,160.92999267578125,160.92999267578125,1285,0.0,0.0
2024-08-02 11:09:00-04:00,160.9499969482422,161.15499877929688,160.89999389648438,161.15499877929688,1442,0.0,0.0
2024-08-02 11:10:00-04:00,161.16000366210938,161.27000427246094,160.83999633789062,161.27000427246094,4133,0.0,0.0
2024-08-02 11:11:00-04:00,161.61000061035156,161.77000427246094,161.49000549316406,161.6999969482422,3648,0.0,0.0
2024-08-02 11:12:00-04:00,161.6020050048828,162.02000427246094,161.5500030517578,161.9550018310547,4075,0.0,0.0
2024-08-02 11:13:00-04:00,161.9832000732422,161.9832000732422,161.9832000732422,161.9832000732422,393,0.0,0.0
2024-08-02 11:14:00-04:00,161.67999267578125,161.67999267578125,161.46009826660156,161.46009826660156,1426,0.0,0.0
2024-08-02 11:15:00-04:00,161.30999755859375,161.47999572753906,161.30999755859375,161.47999572753906,827,0.0,0.0
2024-08-02 11:16:00-04:00,161.6199951171875,162.1999969482422,161.6199951171875,162.14999389648438,1971,0.0,0.0
2024-08-02 11:17:00-04:00,162.1999969482422,162.22000122070312,162.1999969482422,162.22000122070312,615,0.0,0.0
2024-08-02 11:18:00-04:00,162.22000122070312,162.32000732421875,162.22000122070312,162.32000732421875,533,0.0,0.0
2024-08-02 11:19:00-04:00,162.35719299316406,162.35719299316406,162.22500610351562,162.22500610351562,2931,0.0,0.0
2024-08-02 11:20:00-04:00,162.22500610351562,162.27999877929688,161.75,161.7899932861328,1307,0.0,0.0
2024-08-02 11:21:00-04:00,162.31430053710938,162.31430053710938,161.6699981689453,161.6699981689453,2601,0.0,0.0
2024-08-02 11:22:00-04:00,161.57000732421875,162.0500030517578,161.52999877929688,161.91000366210938,5109,0.0,0.0
2024-08-02 11:23:00-04:00,161.77679443359375,162.36000061035156,161.77679443359375,162.22999572753906,939,0.0,0.0
2024-08-02 11:24:00-04:00,162.23500061035156,162.3800048828125,161.9199981689453,161.9199981689453,1850,0.0,0.0
2024-08-02 11:25:00-04:00,161.94000244140625,161.94000244140625,161.94000244140625,161.94000244140625,650,0.0,0.0
2024-08-02 11:26:00-04:00,161.48500061035156,161.91000366210938,161.48500061035156,161.58999633789062,1070,0.0,0.0
2024-08-02 11:27:00-04:00,161.8000030517578,161.8000030517578,161.8000030517578,161.8000030517578,371,0.0,0.0
2024-08-02 11:28:00-04:00,161.88999938964844,161.88999938964844,161.88999938964844,161.88999938964844,387,0.0,0.0
2024-08-02 11:29:00-04:00,161.64500427246094,161.64500427246094,161.64500427246094,161.64500427246094,280,0.0,0.0
2024-08-02 11:30:00-04:00,162.13999938964844,162.41000366210938,162.10000610351562,162.41000366210938,2493,0.0,0.0
2024-08-02 11:32:00-04:00,162.25010681152344,162.64999389648438,162.25010681152344,162.57000732421875,718,0.0,0.0
2024-08-02 11:33:00-04:00,162.77999877929688,162.8000030517578,162.55999755859375,162.55999755859375,1431,0.0,0.0
2024-08-02 11:34:00-04:00,162.75999450683594,162.75999450683594,162.75999450683594,162.75999450683594,292,0.0,0.0
2024-08-02 11:35:00-04:00,162.91000366210938,163.07000732421875,162.91000366210938,163.07000732421875,1059,0.0,0.0
2024-08-02 11:36:00-04:00,163.08999633789062,163.5343017578125,163.08999633789062,163.5343017578125,966,0.0,0.0
2024-08-02 11:37:00-04:00,163.36000061035156,163.39999389648438,163.36000061035156,163.39999389648438,573,0.0,0.0
2024-08-02 11:39:00-04:00,163.39999389648438,163.5399932861328,163.3800048828125,163.44000244140625,2176,0.0,0.0
2024-08-02 11:40:00-04:00,163.4600067138672,163.4600067138672,163.33999633789062,163.33999633789062,996,0.0,0.0
2024-08-02 11:41:00-04:00,163.6999969482422,163.6999969482422,163.6999969482422,163.6999969482422,358,0.0,0.0
2024-08-02 11:42:00-04:00,163.6199951171875,163.75,163.5399932861328,163.5449981689453,771,0.0,0.0
2024-08-02 11:43:00-04:00,163.75,163.94000244140625,163.73500061035156,163.94000244140625,2027,0.0,0.0
2024-08-02 11:44:00-04:00,164.22000122070312,164.32000732421875,164.22000122070312,164.32000732421875,1087,0.0,0.0
2024-08-02 11:45:00-04:00,164.46499633789062,164.59500122070312,164.33670043945312,164.4499969482422,1323,0.0,0.0
2024-08-02 11:46:00-04:00,164.53500366210938,165.13499450683594,164.50999450683594,165.10000610351562,7174,0.0,0.0
2024-08-02 11:47:00-04:00,165.0800018310547,165.0800018310547,164.92999267578125,164.97999572753906,1836,0.0,0.0
2024-08-02 11:48:00-04:00,164.92999267578125,164.92999267578125,164.92999267578125,164.92999267578125,505,0.0,0.0
2024-08-02 11:49:00-04:00,164.94790649414062,164.94790649414062,164.94790649414062,164.94790649414062,477,0.0,0.0
2024-08-02 11:50:00-04:00,165.02999877929688,165.02999877929688,164.67999267578125,164.67999267578125,2770,0.0,0.0
2024-08-02 11:51:00-04:00,164.36500549316406,164.36500549316406,164.10000610351562,164.10000610351562,1414,0.0,0.0
2024-08-02 11:52:00-04:00,164.14999389648438,164.30999755859375,164.08999633789062,164.13999938964844,1555,0.0,0.0
2024-08-02 11:53:00-04:00,164.16000366210938,164.4600067138672,164.16000366210938,164.32000732421875,1856,0.0,0.0
2024-08-02 11:54:00-04:00,164.05999755859375,164.05999755859375,163.33999633789062,163.33999633789062,2198,0.0,0.0
2024-08-02 11:55:00-04:00,163.47500610351562,163.72000122070312,163.4300994873047,163.4300994873047,2208,0.0,0.0
2024-08-02 11:56:00-04:00,163.4199981689453,163.99000549316406,163.20030212402344,163.8300018310547,1384,0.0,0.0
2024-08-02 11:57:00-04:00,164.02000427246094,164.17999267578125,164.02000427246094,164.17999267578125,939,0.0,0.0
2024-08-02 11:58:00-04:00,164.28500366210938,164.28500366210938,164.28500366210938,164.28500366210938,180,0.0,0.0
2024-08-02 11:59:00-04:00,164.1300048828125,164.25999450683594,164.10000610351562,164.1999969482422,2120,0.0,0.0
2024-08-02 12:00:00-04:00,164.3000030517578,164.3000030517578,164.2449951171875,164.2449951171875,1370,0.0,0.0
2024-08-02 12:01:00-04:00,164.49000549316406,164.49000549316406,164.3300018310547,164.3300018310547,827,0.0,0.0
2024-08-02 12:02:00-04:00,164.60000610351562,164.60000610351562,164.57000732421875,164.57000732421875,689,0.0,0.0
2024-08-02 12:03:00-04:00,164.4199981689453,164.60000610351562,164.4199981689453,164.60000610351562,1290,0.0,0.0
2024-08-02 12:04:00-04:00,164.50999450683594,164.50999450683594,164.50999450683594,164.50999450683594,333,0.0,0.0
2024-08-02 12:05:00-04:00,164.50999450683594,164.50999450683594,164.50999450683594,164.50999450683594,439,0.0,0.0
2024-08-02 12:06:00-04:00,164.63999938964844,164.63999938964844,164.5749969482422,164.5749969482422,1308,0.0,0.0
2024-08-02 12:07:00-04:00,164.3699951171875,164.5749969482422,164.3699951171875,164.47999572753906,1292,0.0,0.0
2024-08-02 12:09:00-04:00,164.58999633789062,164.7100067138672,164.58999633789062,164.7100067138672,818,0.0,0.0
2024-08-02 12:10:00-04:00,164.57000732421875,164.74000549316406,164.57000732421875,164.58999633789062,2307,0.0,0.0
2024-08-02 12:11:00-04:00,164.58999633789062,164.58999633789062,164.58999633789062,164.58999633789062,567,0.0,0.0
2024-08-02 12:12:00-04:00,164.44000244140625,164.47500610351562,164.38999938964844,164.38999938964844,1634,0.0,0.0
2024-08-02 12:13:00-04:00,164.38999938964844,164.52999877929688,164.38999938964844,164.38999938964844,492,0.0,0.0
2024-08-02 12:14:00-04:00,164.55999755859375,164.60000610351562,164.48500061035156,164.48500061035156,979,0.0,0.0
2024-08-02 12:15:00-04:00,164.64999389648438,164.85000610351562,164.64999389648438,164.77999877929688,1991,0.0,0.0
2024-08-02 12:16:00-04:00,164.6699981689453,164.6699981689453,164.33999633789062,164.33999633789062,1453,0.0,0.0
2024-08-02 12:17:00-04:00,164.4949951171875,164.66000366210938,164.4949951171875,164.56500244140625,986,0.0,0.0
2024-08-02 12:18:00-04:00,164.77000427246094,164.8000030517578,164.53480529785156,164.8000030517578,1909,0.0,0.0
2024-08-02 12:19:00-04:00,164.85000610351562,164.88999938964844,164.57009887695312,164.75,902,0.0,0.0
2024-08-02 12:20:00-04:00,164.75,164.75,164.61000061035156,164.61000061035156,1677,0.0,0.0
2024-08-02 12:21:00-04:00,164.6199951171875,164.6199951171875,164.47000122070312,164.47000122070312,559,0.0,0.0
2024-08-02 12:22:00-04:00,164.6300048828125,164.6300048828125,164.50999450683594,164.50999450683594,412,0.0,0.0
2024-08-02 12:23:00-04:00,164.72000122070312,164.72000122070312,164.50999450683594,164.67999267578125,933,0.0,0.0
2024-08-02 12:24:00-04:00,164.7100067138672,164.72000122070312,164.47999572753906,164.47999572753906,1952,0.0,0.0
2024-08-02 12:25:00-04:00,164.4600067138672,164.4600067138672,164.1999969482422,164.1999969482422,1531,0.0,0.0
2024-08-02 12:26:00-04:00,164.38999938964844,164.38999938964844,164.38999938964844,164.38999938964844,331,0.0,0.0
2024-08-02 12:27:00-04:00,164.24000549316406,164.50999450683594,164.24000549316406,164.2949981689453,1921,0.0,0.0
2024-08-02 12:29:00-04:00,164.27000427246094,164.61000061035156,164.27000427246094,164.49000549316406,3125,0.0,0.0
2024-08-02 12:30:00-04:00,164.4949951171875,164.4949951171875,164.24000549316406,164.39999389648438,2649,0.0,0.0
2024-08-02 12:31:00-04:00,164.38999938964844,164.67999267578125,164.38999938964844,164.5500030517578,1483,0.0,0.0
2024-08-02 12:32:00-04:00,164.5225067138672,164.6199951171875,164.47999572753906,164.52999877929688,961,0.0,0.0
2024-08-02 12:33:00-04:00,164.52999877929688,164.72999572753906,164.52999877929688,164.68499755859375,1052,0.0,0.0
2024-08-02 12:34:00-04:00,164.77999877929688,165.00990295410156,164.72999572753906,164.91000366210938,4735,0.0,0.0
2024-08-02 12:36:00-04:00,164.77999877929688,165.07000732421875,164.77999877929688,164.91000366210938,1720,0.0,0.0
2024-08-02 12:37:00-04:00,164.88999938964844,164.9499969482422,164.88999938964844,164.9499969482422,809,0.0,0.0
2024-08-02 12:38:00-04:00,164.9199981689453,164.9199981689453,164.9199981689453,164.9199981689453,157,0.0,0.0
2024-08-02 12:39:00-04:00,165.05999755859375,165.1699981689453,164.97999572753906,165.1699981689453,1361,0.0,0.0
2024-08-02 12:40:00-04:00,165.21499633789062,165.21499633789062,165.14999389648438,165.14999389648438,861,0.0,0.0
2024-08-02 12:41:00-04:00,165.4499969482422,165.4499969482422,165.23500061035156,165.25999450683594,947,0.0,0.0
2024-08-02 12:42:00-04:00,165.34500122070312,165.34500122070312,165.27999877929688,165.27999877929688,583,0.0,0.0
2024-08-02 12:43:00-04:00,165.47000122070312,165.47000122070312,165.47000122070312,165.47000122070312,330,0.0,0.0
2024-08-02 12:44:00-04:00,165.3300018310547,165.3300018310547,165.22000122070312,165.22000122070312,735,0.0,0.0
2024-08-02 12:45:00-04:00,165.08999633789062,165.42379760742188,164.97000122070312,165.42379760742188,1393,0.0,0.0
2024-08-02 12:46:00-04:00,164.91000366210938,164.97000122070312,164.7899932861328,164.7899932861328,1254,0.0,0.0
2024-08-02 12:48:00-04:00,164.67999267578125,165.0050048828125,164.67999267578125,164.8000030517578,576,0.0,0.0
2024-08-02 12:50:00-04:00,165.0399932861328,165.0399932861328,165.0399932861328,165.0399932861328,186,0.0,0.0
2024-08-02 12:51:00-04:00,164.9199981689453,164.97999572753906,164.9199981689453,164.97999572753906,408,0.0,0.0
2024-08-02 12:53:00-04:00,164.81500244140625,164.81500244140625,164.6300048828125,164.75,1815,0.0,0.0
2024-08-02 12:55:00-04:00,164.6300048828125,164.6300048828125,164.5,164.5,874,0.0,0.0
2024-08-02 12:56:00-04:00,164.89999389648438,164.97999572753906,164.76499938964844,164.83999633789062,2239,0.0,0.0
2024-08-02 12:57:00-04:00,164.83999633789062,164.97000122070312,164.83999633789062,164.97000122070312,480,0.0,0.0
2024-08-02 12:58:00-04:00,165.02000427246094,165.3000030517578,164.98500061035156,165.2899932861328,2697,0.0,0.0
2024-08-02 12:59:00-04:00,165.15499877929688,165.15499877929688,165.14500427246094,165.14500427246094,945,0.0,0.0
2024-08-02 13:00:00-04:00,165.13999938964844,165.13999938964844,165.10000610351562,165.1300048828125,1303,0.0,0.0
2024-08-02 13:01:00-04:00,165.1300048828125,165.36500549316406,164.72000122070312,164.72000122070312,2562,0.0,0.0
2024-08-02 13:02:00-04:00,164.76199340820312,164.76199340820312,164.76199340820312,164.76199340820312,952,0.0,0.0
2024-08-02 13:03:00-04:00,164.61000061035156,164.69000244140625,164.55999755859375,164.55999755859375,1153,0.0,0.0
2024-08-02 13:04:00-04:00,164.35000610351562,164.42999267578125,164.35000610351562,164.42999267578125,471,0.0,0.0
2024-08-02 13:05:00-04:00,164.19000244140625,164.19000244140625,164.10000610351562,164.10000610351562,308,0.0,0.0
2024-08-02 13:06:00-04:00,164.11000061035156,164.11000061035156,164.11000061035156,164.11000061035156,124,0.0,0.0
2024-08-02 13:07:00-04:00,164.4499969482422,164.4600067138672,164.1300048828125,164.1300048828125,1604,0.0,0.0
2024-08-02 13:08:00-04:00,164.27000427246094,164.27000427246094,164.27000427246094,164.27000427246094,877,0.0,0.0
2024-08-02 13:09:00-04:00,164.4600067138672,164.64999389648438,164.4250030517578,164.64999389648438,2294,0.0,0.0
2024-08-02 13:11:00-04:00,164.32000732421875,164.82330322265625,164.32000732421875,164.82330322265625,331,0.0,0.0
2024-08-02 13:12:00-04:00,164.33999633789062,164.5800018310547,164.33999633789062,164.5800018310547,709,0.0,0.0
2024-08-02 13:13:00-04:00,164.47000122070312,164.58999633789062,164.47000122070312,164.58999633789062,581,0.0,0.0
2024-08-02 13:14:00-04:00,164.58999633789062,164.82000732421875,164.58999633789062,164.63499450683594,1924,0.0,0.0
2024-08-02 13:16:00-04:00,164.4499969482422,164.47000122070312,164.38999938964844,164.38999938964844,1085,0.0,0.0
2024-08-02 13:18:00-04:00,164.60499572753906,164.60499572753906,164.55999755859375,164.55999755859375,733,0.0,0.0
2024-08-02 13:19:00-04:00,164.42999267578125,164.42999267578125,164.42999267578125,164.42999267578125,303,0.0,0.0
2024-08-02 13:20:00-04:00,164.7899932861328,164.7899932861328,164.7899932861328,164.7899932861328,415,0.0,0.0
2024-08-02 13:21:00-04:00,164.25999450683594,164.25999450683594,164.25999450683594,164.25999450683594,629,0.0,0.0
2024-08-02 13:22:00-04:00,164.4499969482422,164.4499969482422,164.22000122070312,164.3300018310547,596,0.0,0.0
2024-08-02 13:23:00-04:00,164.3300018310547,164.4199981689453,164.25,164.25,1701,0.0,0.0
2024-08-02 13:24:00-04:00,164.2100067138672,164.4499969482422,164.2100067138672,164.3300018310547,2267,0.0,0.0
2024-08-02 13:25:00-04:00,164.39500427246094,164.72999572753906,164.39500427246094,164.72000122070312,2500,0.0,0.0
2024-08-02 13:26:00-04:00,164.7899932861328,164.99000549316406,164.7899932861328,164.9499969482422,2735,0.0,0.0
2024-08-02 13:27:00-04:00,164.8354949951172,165.11000061035156,164.8354949951172,164.97999572753906,1696,0.0,0.0
2024-08-02 13:28:00-04:00,165.0800018310547,165.14999389648438,165.0,165.14999389648438,5100,0.0,0.0
2024-08-02 13:29:00-04:00,165.19000244140625,165.19000244140625,164.7100067138672,164.88499450683594,3179,0.0,0.0
2024-08-02 13:30:00-04:00,164.7100067138672,164.7100067138672,164.5800018310547,164.61000061035156,975,0.0,0.0
2024-08-02 13:32:00-04:00,164.4550018310547,164.6300048828125,164.4550018310547,164.6300048828125,2399,0.0,0.0
2024-08-02 13:33:00-04:00,164.50999450683594,164.50999450683594,164.50999450683594,164.50999450683594,102,0.0,0.0
2024-08-02 13:34:00-04:00,164.63999938964844,164.63999938964844,164.52000427246094,164.5399932861328,731,0.0,0.0
2024-08-02 13:35:00-04:00,164.44000244140625,164.44000244140625,164.2899932861328,164.2899932861328,1108,0.0,0.0
2024-08-02 13:37:00-04:00,164.2899932861328,164.4199981689453,164.2899932861328,164.39500427246094,2089,0.0,0.0
2024-08-02 13:38:00-04:00,164.22999572753906,164.22999572753906,164.22999572753906,164.22999572753906,574,0.0,0.0
2024-08-02 13:40:00-04:00,164.14999389648438,164.14999389648438,163.92999267578125,163.98959350585938,2154,0.0,0.0
2024-08-02 13:42:00-04:00,164.0749969482422,164.09500122070312,164.02000427246094,164.08999633789062,833,0.0,0.0
2024-08-02 13:44:00-04:00,163.9199981689453,163.9199981689453,163.9199981689453,163.9199981689453,333,0.0,0.0
2024-08-02 13:45:00-04:00,164.09500122070312,164.09500122070312,164.09500122070312,164.09500122070312,254,0.0,0.0
2024-08-02 13:46:00-04:00,164.10000610351562,164.44000244140625,164.10000610351562,164.2899932861328,5174,0.0,0.0
2024-08-02 13:47:00-04:00,164.50999450683594,164.64999389648438,164.1457977294922,164.22500610351562,2980,0.0,0.0
2024-08-02 13:48:00-04:00,164.2100067138672,164.2100067138672,164.2100067138672,164.2100067138672,652,0.0,0.0
2024-08-02 13:49:00-04:00,164.14999389648438,164.14999389648438,164.14999389648438,164.14999389648438,455,0.0,0.0
2024-08-02 13:52:00-04:00,164.14500427246094,164.14500427246094,164.14500427246094,164.14500427246094,797,0.0,0.0
2024-08-02 13:54:00-04:00,164.00999450683594,164.00999450683594,164.00999450683594,164.00999450683594,501,0.0,0.0
2024-08-02 13:57:00-04:00,164.08999633789062,164.08999633789062,163.98500061035156,163.98500061035156,2029,0.0,0.0
2024-08-02 13:59:00-04:00,164.08999633789062,164.08999633789062,164.08999633789062,164.08999633789062,616,0.0,0.0
2024-08-02 14:00:00-04:00,164.11500549316406,164.11500549316406,163.94000244140625,163.94000244140625,917,0.0,0.0
2024-08-02 14:03:00-04:00,164.11000061035156,164.11000061035156,163.9600067138672,163.9600067138672,947,0.0,0.0
2024-08-02 14:04:00-04:00,164.0800018310547,164.0800018310547,164.0800018310547,164.0800018310547,146,0.0,0.0
2024-08-02 14:05:00-04:00,164.1300048828125,164.25,163.99000549316406,163.99000549316406,4887,0.0,0.0
2024-08-02 14:06:00-04:00,164.25,164.2899932861328,164.1199951171875,164.2899932861328,4047,0.0,0.0
2024-08-02 14:07:00-04:00,164.3300018310547,164.3300018310547,164.2550048828125,164.2550048828125,679,0.0,0.0
2024-08-02 14:09:00-04:00,164.11000061035156,164.13999938964844,163.8000030517578,163.8000030517578,4686,0.0,0.0
2024-08-02 14:10:00-04:00,163.69000244140625,163.69000244140625,163.61000061035156,163.61000061035156,461,0.0,0.0
2024-08-02 14:11:00-04:00,163.60499572753906,163.60499572753906,163.58999633789062,163.58999633789062,4467,0.0,0.0
2024-08-02 14:12:00-04:00,163.51499938964844,163.6699981689453,163.49000549316406,163.58999633789062,4858,0.0,0.0
2024-08-02 14:16:00-04:00,163.77000427246094,163.8800048828125,163.77000427246094,163.8800048828125,938,0.0,0.0
2024-08-02 14:17:00-04:00,163.7949981689453,163.7949981689453,163.7949981689453,163.7949981689453,555,0.0,0.0
2024-08-02 14:18:00-04:00,163.7949981689453,164.22999572753906,163.7949981689453,164.22999572753906,4461,0.0,0.0
2024-08-02 14:19:00-04:00,164.19000244140625,164.1999969482422,164.14999389648438,164.1999969482422,826,0.0,0.0
2024-08-02 14:20:00-04:00,164.2899932861328,164.2899932861328,164.2899932861328,164.2899932861328,372,0.0,0.0
2024-08-02 14:21:00-04:00,164.36000061035156,164.4600067138672,164.36000061035156,164.4600067138672,983,0.0,0.0
2024-08-02 14:22:00-04:00,164.35499572753906,164.35499572753906,164.35499572753906,164.35499572753906,933,0.0,0.0
2024-08-02 14:24:00-04:00,164.32000732421875,164.39500427246094,164.32000732421875,164.39500427246094,1029,0.0,0.0
2024-08-02 14:25:00-04:00,164.47999572753906,164.8699951171875,164.47000122070312,164.8699951171875,2274,0.0,0.0
2024-08-02 14:26:00-04:00,165.0850067138672,165.0850067138672,165.0850067138672,165.0850067138672,910,0.0,0.0
2024-08-02 14:27:00-04:00,165.1699981689453,165.17999267578125,165.1699981689453,165.17999267578125,542,0.0,0.0
2024-08-02 14:28:00-04:00,165.38999938964844,165.38999938964844,165.2100067138672,165.3000030517578,2621,0.0,0.0
2024-08-02 14:29:00-04:00,165.47999572753906,165.63999938964844,165.3699951171875,165.63999938964844,2424,0.0,0.0
2024-08-02 14:30:00-04:00,165.72000122070312,165.9199981689453,165.72000122070312,165.9199981689453,1064,0.0,0.0
2024-08-02 14:31:00-04:00,165.85000610351562,165.85000610351562,165.80499267578125,165.80499267578125,949,0.0,0.0
2024-08-02 14:32:00-04:00,165.77000427246094,165.92999267578125,165.5500030517578,165.5800018310547,2801,0.0,0.0
2024-08-02 14:33:00-04:00,165.38999938964844,165.47000122070312,165.38999938964844,165.47000122070312,951,0.0,0.0
2024-08-02 14:34:00-04:00,165.35000610351562,165.35000610351562,165.35000610351562,165.35000610351562,179,0.0,0.0
2024-08-02 14:35:00-04:00,165.2100067138672,165.2100067138672,165.1300048828125,165.1300048828125,675,0.0,0.0
2024-08-02 14:36:00-04:00,165.15870666503906,165.15870666503906,165.15870666503906,165.15870666503906,211,0.0,0.0
2024-08-02 14:37:00-04:00,165.22500610351562,165.25,165.02000427246094,165.25,1599,0.0,0.0
2024-08-02 14:38:00-04:00,165.10000610351562,165.10000610351562,164.97000122070312,164.97000122070312,467,0.0,0.0
2024-08-02 14:39:00-04:00,165.24000549316406,165.24000549316406,165.0399932861328,165.0399932861328,999,0.0,0.0
2024-08-02 14:40:00-04:00,164.8000030517578,164.8000030517578,164.8000030517578,164.8000030517578,104,0.0,0.0
2024-08-02 14:41:00-04:00,164.77999877929688,165.0500030517578,164.77999877929688,165.0500030517578,1084,0.0,0.0
2024-08-02 14:42:00-04:00,164.92999267578125,164.92999267578125,164.85000610351562,164.85000610351562,331,0.0,0.0
2024-08-02 14:43:00-04:00,164.72000122070312,164.91110229492188,164.72000122070312,164.75,556,0.0,0.0
2024-08-02 14:45:00-04:00,164.91000366210938,164.91000366210938,164.8372039794922,164.8372039794922,1349,0.0,0.0
2024-08-02 14:46:00-04:00,164.64999389648438,164.86000061035156,164.64999389648438,164.6999969482422,537,0.0,0.0
2024-08-02 14:47:00-04:00,164.82000732421875,164.92999267578125,164.72999572753906,164.72999572753906,1307,0.0,0.0
2024-08-02 14:48:00-04:00,164.75,164.75,164.75,164.75,682,0.0,0.0
2024-08-02 14:49:00-04:00,164.66000366210938,164.66000366210938,164.66000366210938,164.66000366210938,608,0.0,0.0
2024-08-02 14:51:00-04:00,164.74000549316406,164.9499969482422,164.74000549316406,164.9499969482422,3620,0.0,0.0
2024-08-02 14:53:00-04:00,164.8365936279297,164.88499450683594,164.8365936279297,164.88499450683594,367,0.0,0.0
2024-08-02 14:54:00-04:00,164.94290161132812,164.94290161132812,164.94290161132812,164.94290161132812,430,0.0,0.0
2024-08-02 14:55:00-04:00,165.0500030517578,165.07000732421875,165.00999450683594,165.00999450683594,2812,0.0,0.0
2024-08-02 14:58:00-04:00,164.89999389648438,164.89999389648438,164.89999389648438,164.89999389648438,396,0.0,0.0
2024-08-02 14:59:00-04:00,164.83999633789062,164.83999633789062,164.83999633789062,164.83999633789062,281,0.0,0.0
2024-08-02 15:00:00-04:00,164.9499969482422,165.27000427246094,164.9499969482422,165.25,4036,0.0,0.0
2024-08-02 15:01:00-04:00,165.07000732421875,165.3000030517578,165.07000732421875,165.3000030517578,1317,0.0,0.0
2024-08-02 15:03:00-04:00,165.3000030517578,165.3000030517578,165.3000030517578,165.3000030517578,325,0.0,0.0
2024-08-02 15:05:00-04:00,165.2550048828125,165.2550048828125,165.22999572753906,165.22999572753906,641,0.0,0.0
2024-08-02 15:06:00-04:00,165.2449951171875,165.3800048828125,165.2449951171875,165.25,1501,0.0,0.0
2024-08-02 15:07:00-04:00,165.39999389648438,165.52000427246094,165.30999755859375,165.52000427246094,2235,0.0,0.0
2024-08-02 15:08:00-04:00,165.41000366210938,165.52000427246094,165.41000366210938,165.52000427246094,1021,0.0,0.0
2024-08-02 15:09:00-04:00,165.61500549316406,165.61500549316406,165.3300018310547,165.3699951171875,1762,0.0,0.0
2024-08-02 15:10:00-04:00,165.27999877929688,165.32000732421875,165.22999572753906,165.32000732421875,942,0.0,0.0
2024-08-02 15:11:00-04:00,165.35499572753906,165.72000122070312,165.35499572753906,165.72000122070312,2868,0.0,0.0
2024-08-02 15:13:00-04:00,165.75999450683594,165.8000030517578,165.75999450683594,165.8000030517578,921,0.0,0.0
2024-08-02 15:14:00-04:00,165.8000030517578,166.0,165.8000030517578,166.0,1260,0.0,0.0
2024-08-02 15:15:00-04:00,166.10000610351562,166.10000610351562,166.10000610351562,166.10000610351562,508,0.0,0.0
2024-08-02 15:17:00-04:00,166.06500244140625,166.06500244140625,166.06500244140625,166.06500244140625,873,0.0,0.0
2024-08-02 15:19:00-04:00,166.06500244140625,166.06500244140625,166.06500244140625,166.06500244140625,423,0.0,0.0
2024-08-02 15:20:00-04:00,165.91000366210938,166.07000732421875,165.8800048828125,166.0,3755,0.0,0.0
2024-08-02 15:21:00-04:00,165.96499633789062,166.0500030517578,165.96499633789062,166.0500030517578,309,0.0,0.0
2024-08-02 15:22:00-04:00,165.96499633789062,166.08999633789062,165.96499633789062,166.08999633789062,1468,0.0,0.0
2024-08-02 15:23:00-04:00,166.0500030517578,166.17999267578125,166.0500030517578,166.13999938964844,3441,0.0,0.0
2024-08-02 15:24:00-04:00,166.05999755859375,166.05999755859375,165.83999633789062,165.97999572753906,2627,0.0,0.0
2024-08-02 15:25:00-04:00,166.19000244140625,166.1999969482422,166.1750030517578,166.1750030517578,653,0.0,0.0
2024-08-02 15:26:00-04:00,166.25,166.25,166.17999267578125,166.17999267578125,938,0.0,0.0
2024-08-02 15:27:00-04:00,166.1699981689453,166.1699981689453,166.1699981689453,166.1699981689453,420,0.0,0.0
2024-08-02 15:28:00-04:00,166.30999755859375,166.30999755859375,166.19000244140625,166.2899932861328,2327,0.0,0.0
2024-08-02 15:29:00-04:00,166.19000244140625,166.27000427246094,166.19000244140625,166.27000427246094,453,0.0,0.0
2024-08-02 15:30:00-04:00,166.2899932861328,166.39999389648438,166.24000549316406,166.27999877929688,4302,0.0,0.0
2024-08-02 15:31:00-04:00,166.28500366210938,166.63999938964844,166.28500366210938,166.63499450683594,4856,0.0,0.0
2024-08-02 15:32:00-04:00,166.77999877929688,166.8000030517578,166.7550048828125,166.8000030517578,2498,0.0,0.0
2024-08-02 15:33:00-04:00,166.80999755859375,166.80999755859375,166.72000122070312,166.72000122070312,1843,0.0,0.0
2024-08-02 15:34:00-04:00,166.83999633789062,166.83999633789062,166.3300018310547,166.60499572753906,6897,0.0,0.0
2024-08-02 15:35:00-04:00,166.63999938964844,166.63999938964844,165.97999572753906,165.97999572753906,2720,0.0,0.0
2024-08-02 15:36:00-04:00,165.85000610351562,166.0800018310547,165.85000610351562,166.0,2614,0.0,0.0
2024-08-02 15:37:00-04:00,165.86000061035156,165.86500549316406,165.7899932861328,165.7899932861328,1156,0.0,0.0
2024-08-02 15:38:00-04:00,165.74000549316406,165.77499389648438,165.5850067138672,165.77499389648438,889,0.0,0.0
2024-08-02 15:39:00-04:00,165.64999389648438,165.75999450683594,165.47999572753906,165.60000610351562,4155,0.0,0.0
2024-08-02 15:40:00-04:00,165.5500030517578,165.67750549316406,165.38999938964844,165.50540161132812,1133,0.0,0.0
2024-08-02 15:41:00-04:00,165.53500366210938,165.53500366210938,165.32000732421875,165.3249969482422,4049,0.0,0.0
2024-08-02 15:42:00-04:00,165.25999450683594,165.32000732421875,165.1699981689453,165.30999755859375,7420,0.0,0.0
2024-08-02 15:43:00-04:00,165.19500732421875,165.19500732421875,165.19500732421875,165.19500732421875,101,0.0,0.0
2024-08-02 15:44:00-04:00,165.12660217285156,165.27999877929688,165.10000610351562,165.19000244140625,4825,0.0,0.0
2024-08-02 15:45:00-04:00,165.2899932861328,165.3000030517578,164.9199981689453,164.9199981689453,5739,0.0,0.0
2024-08-02 15:46:00-04:00,164.97000122070312,164.97000122070312,164.6699981689453,164.67999267578125,3181,0.0,0.0
2024-08-02 15:47:00-04:00,164.6300048828125,164.6300048828125,164.2899932861328,164.35000610351562,8059,0.0,0.0
2024-08-02 15:48:00-04:00,164.4600067138672,164.7100067138672,164.3699951171875,164.6300048828125,6867,0.0,0.0
2024-08-02 15:49:00-04:00,164.49000549316406,164.49000549316406,164.33999633789062,164.33999633789062,2050,0.0,0.0
2024-08-02 15:50:00-04:00,164.33999633789062,164.33999633789062,163.86000061035156,164.00999450683594,5608,0.0,0.0
2024-08-02 15:51:00-04:00,164.1300048828125,164.44000244140625,164.02499389648438,164.44000244140625,9966,0.0,0.0
2024-08-02 15:52:00-04:00,164.4499969482422,164.5800018310547,164.38999938964844,164.5800018310547,6069,0.0,0.0
2024-08-02 15:53:00-04:00,164.60000610351562,164.69000244140625,164.41000366210938,164.52499389648438,9467,0.0,0.0
2024-08-02 15:54:00-04:00,164.3800048828125,164.41000366210938,164.32000732421875,164.41000366210938,1683,0.0,0.0
2024-08-02 15:55:00-04:00,164.41000366210938,164.58999633789062,164.17999267578125,164.58999633789062,20513,0.0,0.0
2024-08-02 15:56:00-04:00,164.5850067138672,164.58999633789062,164.41000366210938,164.4499969482422,6324,0.0,0.0
2024-08-02 15:57:00-04:00,164.52999877929688,164.83999633789062,164.52999877929688,164.5800018310547,15069,0.0,0.0
2024-08-02 15:58:00-04:00,164.60000610351562,164.7899932861328,164.5500030517578,164.7899932861328,21016,0.0,0.0
2024-08-02 15:59:00-04:00,164.72500610351562,164.72999572753906,164.2100067138672,164.22999572753906,41846,0.0,0.0
