Datetime,Open,High,Low,Close,Volume,Dividends,Stock Splits
2024-07-29 09:30:00-04:00,81.69999694824219,81.69999694824219,81.48999786376953,81.48999786376953,16036,0.0,0.0
2024-07-29 09:31:00-04:00,81.5,81.5,81.31580352783203,81.31580352783203,485,0.0,0.0
2024-07-29 09:32:00-04:00,81.41000366210938,81.41000366210938,81.1500015258789,81.1500015258789,508,0.0,0.0
2024-07-29 09:33:00-04:00,81.01000213623047,81.125,80.94999694824219,81.08000183105469,4161,0.0,0.0
2024-07-29 09:34:00-04:00,80.80000305175781,80.89600372314453,80.76000213623047,80.81999969482422,2351,0.0,0.0
2024-07-29 09:35:00-04:00,80.91580200195312,81.2699966430664,80.91580200195312,81.2699966430664,1890,0.0,0.0
2024-07-29 09:36:00-04:00,81.05999755859375,81.05999755859375,81.02629852294922,81.05999755859375,2056,0.0,0.0
2024-07-29 09:37:00-04:00,81.13999938964844,81.1500015258789,81.06999969482422,81.06999969482422,661,0.0,0.0
2024-07-29 09:38:00-04:00,81.12000274658203,81.32499694824219,81.04499816894531,81.32499694824219,7194,0.0,0.0
2024-07-29 09:39:00-04:00,81.31999969482422,81.31999969482422,81.31999969482422,81.31999969482422,379,0.0,0.0
2024-07-29 09:40:00-04:00,81.33000183105469,81.33000183105469,81.28359985351562,81.28359985351562,971,0.0,0.0
2024-07-29 09:41:00-04:00,81.47000122070312,81.51000213623047,81.44000244140625,81.51000213623047,1914,0.0,0.0
2024-07-29 09:42:00-04:00,81.48999786376953,81.5,81.47000122070312,81.47000122070312,2129,0.0,0.0
2024-07-29 09:43:00-04:00,81.47000122070312,81.50740051269531,81.33000183105469,81.50740051269531,6966,0.0,0.0
2024-07-29 09:44:00-04:00,81.51000213623047,81.51000213623047,81.45999908447266,81.5,2136,0.0,0.0
2024-07-29 09:46:00-04:00,81.57499694824219,81.5999984741211,81.54000091552734,81.56500244140625,5152,0.0,0.0
2024-07-29 09:47:00-04:00,81.6050033569336,81.68000030517578,81.59600067138672,81.62999725341797,6375,0.0,0.0
2024-07-29 09:48:00-04:00,81.61000061035156,81.61000061035156,81.52999877929688,81.52999877929688,1153,0.0,0.0
2024-07-29 09:49:00-04:00,81.52999877929688,81.52999877929688,81.46499633789062,81.52999877929688,4212,0.0,0.0
2024-07-29 09:50:00-04:00,81.48999786376953,81.58000183105469,81.48999786376953,81.55000305175781,5601,0.0,0.0
2024-07-29 09:51:00-04:00,81.52999877929688,81.52999877929688,81.42610168457031,81.49500274658203,2045,0.0,0.0
2024-07-29 09:52:00-04:00,81.56999969482422,81.62999725341797,81.56999969482422,81.62999725341797,1708,0.0,0.0
2024-07-29 09:53:00-04:00,81.6500015258789,81.6500015258789,81.60070037841797,81.60070037841797,1126,0.0,0.0
2024-07-29 09:54:00-04:00,81.68000030517578,81.68000030517578,81.63500213623047,81.66699981689453,2259,0.0,0.0
2024-07-29 09:55:00-04:00,81.625,81.625,81.625,81.625,212,0.0,0.0
2024-07-29 09:56:00-04:00,81.66999816894531,81.71499633789062,81.66999816894531,81.70600128173828,2732,0.0,0.0
2024-07-29 09:57:00-04:00,81.70999908447266,81.76000213623047,81.67500305175781,81.76000213623047,2642,0.0,0.0
2024-07-29 09:58:00-04:00,81.73500061035156,81.75499725341797,81.70999908447266,81.70999908447266,6320,0.0,0.0
2024-07-29 09:59:00-04:00,81.67500305175781,81.67500305175781,81.66429901123047,81.66429901123047,705,0.0,0.0
2024-07-29 10:00:00-04:00,81.65499877929688,81.73999786376953,81.65499877929688,81.73999786376953,2321,0.0,0.0
2024-07-29 10:01:00-04:00,81.71070098876953,81.71070098876953,81.62750244140625,81.62750244140625,3692,0.0,0.0
2024-07-29 10:02:00-04:00,81.631103515625,81.68000030517578,81.62039947509766,81.66190338134766,2988,0.0,0.0
2024-07-29 10:03:00-04:00,81.70999908447266,81.7300033569336,81.7072982788086,81.7072982788086,2151,0.0,0.0
2024-07-29 10:04:00-04:00,81.76000213623047,81.76000213623047,81.7300033569336,81.7300033569336,1604,0.0,0.0
2024-07-29 10:05:00-04:00,81.69000244140625,81.70330047607422,81.68000030517578,81.68000030517578,949,0.0,0.0
2024-07-29 10:06:00-04:00,81.70999908447266,81.74500274658203,81.68509674072266,81.70999908447266,3692,0.0,0.0
2024-07-29 10:07:00-04:00,81.76000213623047,81.76000213623047,81.69999694824219,81.69999694824219,719,0.0,0.0
2024-07-29 10:08:00-04:00,81.70999908447266,81.70999908447266,81.70999908447266,81.70999908447266,479,0.0,0.0
2024-07-29 10:09:00-04:00,81.69999694824219,81.70999908447266,81.68000030517578,81.69000244140625,2138,0.0,0.0
2024-07-29 10:10:00-04:00,81.6500015258789,81.66000366210938,81.6500015258789,81.65360260009766,1335,0.0,0.0
2024-07-29 10:11:00-04:00,81.69000244140625,81.69000244140625,81.6500015258789,81.66000366210938,561,0.0,0.0
2024-07-29 10:12:00-04:00,81.66999816894531,81.66999816894531,81.58000183105469,81.58000183105469,2847,0.0,0.0
2024-07-29 10:13:00-04:00,81.57499694824219,81.57499694824219,81.57499694824219,81.57499694824219,797,0.0,0.0
2024-07-29 10:14:00-04:00,81.55000305175781,81.55000305175781,81.52999877929688,81.54000091552734,5536,0.0,0.0
2024-07-29 10:15:00-04:00,81.55999755859375,81.55999755859375,81.5199966430664,81.5199966430664,1285,0.0,0.0
2024-07-29 10:16:00-04:00,81.58000183105469,81.6500015258789,81.58000183105469,81.6500015258789,7359,0.0,0.0
2024-07-29 10:17:00-04:00,81.61000061035156,81.63999938964844,81.61000061035156,81.61000061035156,1907,0.0,0.0
2024-07-29 10:19:00-04:00,81.58000183105469,81.58000183105469,81.58000183105469,81.58000183105469,388,0.0,0.0
2024-07-29 10:20:00-04:00,81.55999755859375,81.55999755859375,81.54239654541016,81.55500030517578,1135,0.0,0.0
2024-07-29 10:21:00-04:00,81.55169677734375,81.70999908447266,81.55169677734375,81.70960235595703,4434,0.0,0.0
2024-07-29 10:22:00-04:00,81.69000244140625,81.79309844970703,81.68000030517578,81.78820037841797,3209,0.0,0.0
2024-07-29 10:23:00-04:00,81.80000305175781,81.8499984741211,81.79499816894531,81.79499816894531,2514,0.0,0.0
2024-07-29 10:24:00-04:00,81.8499984741211,81.91000366210938,81.8499984741211,81.88099670410156,2302,0.0,0.0
2024-07-29 10:25:00-04:00,81.8759994506836,81.91999816894531,81.8759994506836,81.87999725341797,1535,0.0,0.0
2024-07-29 10:26:00-04:00,81.88999938964844,81.88999938964844,81.8499984741211,81.8499984741211,1177,0.0,0.0
2024-07-29 10:27:00-04:00,81.91999816894531,81.93000030517578,81.91999816894531,81.93000030517578,911,0.0,0.0
2024-07-29 10:28:00-04:00,81.91000366210938,81.94000244140625,81.91000366210938,81.94000244140625,923,0.0,0.0
2024-07-29 10:29:00-04:00,81.95999908447266,82.01000213623047,81.95999908447266,82.01000213623047,8793,0.0,0.0
2024-07-29 10:30:00-04:00,82.01000213623047,82.08000183105469,81.94000244140625,81.94000244140625,3903,0.0,0.0
2024-07-29 10:31:00-04:00,81.8499984741211,81.91999816894531,81.81999969482422,81.87000274658203,1949,0.0,0.0
2024-07-29 10:32:00-04:00,81.83999633789062,81.8499984741211,81.76000213623047,81.76000213623047,1163,0.0,0.0
2024-07-29 10:33:00-04:00,81.76000213623047,81.76000213623047,81.76000213623047,81.76000213623047,465,0.0,0.0
2024-07-29 10:34:00-04:00,81.73750305175781,81.76000213623047,81.73750305175781,81.76000213623047,5796,0.0,0.0
2024-07-29 10:35:00-04:00,81.7300033569336,81.7698974609375,81.7300033569336,81.7698974609375,3692,0.0,0.0
2024-07-29 10:36:00-04:00,81.79000091552734,81.86000061035156,81.79000091552734,81.80000305175781,2700,0.0,0.0
2024-07-29 10:37:00-04:00,81.83999633789062,81.87000274658203,81.83999633789062,81.87000274658203,623,0.0,0.0
2024-07-29 10:38:00-04:00,81.88999938964844,81.94000244140625,81.88500213623047,81.94000244140625,3866,0.0,0.0
2024-07-29 10:39:00-04:00,81.94000244140625,82.0199966430664,81.94000244140625,82.0199966430664,2372,0.0,0.0
2024-07-29 10:40:00-04:00,82.0199966430664,82.0199966430664,82.01000213623047,82.01000213623047,515,0.0,0.0
2024-07-29 10:41:00-04:00,82.0,82.0199966430664,81.9800033569336,82.0199966430664,1921,0.0,0.0
2024-07-29 10:42:00-04:00,81.97000122070312,81.98999786376953,81.96499633789062,81.9800033569336,1330,0.0,0.0
2024-07-29 10:43:00-04:00,81.93000030517578,81.94999694824219,81.93000030517578,81.94999694824219,452,0.0,0.0
2024-07-29 10:44:00-04:00,81.9375991821289,81.95999908447266,81.91999816894531,81.91999816894531,973,0.0,0.0
2024-07-29 10:45:00-04:00,81.94999694824219,81.94999694824219,81.8550033569336,81.8550033569336,1709,0.0,0.0
2024-07-29 10:46:00-04:00,81.80000305175781,81.81500244140625,81.77999877929688,81.77999877929688,1190,0.0,0.0
2024-07-29 10:47:00-04:00,81.80000305175781,81.81999969482422,81.80000305175781,81.81999969482422,571,0.0,0.0
2024-07-29 10:48:00-04:00,81.81999969482422,81.83999633789062,81.77999877929688,81.83999633789062,2028,0.0,0.0
2024-07-29 10:49:00-04:00,81.86000061035156,81.86000061035156,81.8499984741211,81.85169982910156,1185,0.0,0.0
2024-07-29 10:50:00-04:00,81.9000015258789,81.91000366210938,81.79000091552734,81.81999969482422,4017,0.0,0.0
2024-07-29 10:51:00-04:00,81.83999633789062,81.9000015258789,81.83999633789062,81.9000015258789,1532,0.0,0.0
2024-07-29 10:52:00-04:00,81.8949966430664,81.9000015258789,81.79499816894531,81.79499816894531,1337,0.0,0.0
2024-07-29 10:53:00-04:00,81.79499816894531,81.87000274658203,81.79499816894531,81.86000061035156,1781,0.0,0.0
2024-07-29 10:54:00-04:00,81.88999938964844,81.93000030517578,81.83999633789062,81.83999633789062,3342,0.0,0.0
2024-07-29 10:55:00-04:00,81.8499984741211,81.86000061035156,81.8499984741211,81.86000061035156,1760,0.0,0.0
2024-07-29 10:56:00-04:00,81.88500213623047,81.94999694824219,81.88500213623047,81.94999694824219,1389,0.0,0.0
2024-07-29 10:57:00-04:00,81.95999908447266,82.01000213623047,81.93669891357422,82.01000213623047,2310,0.0,0.0
2024-07-29 10:58:00-04:00,82.00499725341797,82.00499725341797,81.9749984741211,82.0,1197,0.0,0.0
2024-07-29 10:59:00-04:00,82.00499725341797,82.00499725341797,81.94999694824219,81.94999694824219,1562,0.0,0.0
2024-07-29 11:00:00-04:00,81.95999908447266,81.98999786376953,81.93000030517578,81.93000030517578,1569,0.0,0.0
2024-07-29 11:01:00-04:00,81.93000030517578,82.0,81.93000030517578,82.0,16491,0.0,0.0
2024-07-29 11:02:00-04:00,81.97679901123047,81.98999786376953,81.93000030517578,81.98989868164062,4871,0.0,0.0
2024-07-29 11:03:00-04:00,81.95999908447266,81.97000122070312,81.95999908447266,81.97000122070312,105,0.0,0.0
2024-07-29 11:04:00-04:00,81.94000244140625,81.94000244140625,81.9000015258789,81.9000015258789,1264,0.0,0.0
2024-07-29 11:05:00-04:00,81.9000015258789,81.91000366210938,81.86000061035156,81.86000061035156,1007,0.0,0.0
2024-07-29 11:06:00-04:00,81.87999725341797,81.87999725341797,81.86000061035156,81.87999725341797,973,0.0,0.0
2024-07-29 11:07:00-04:00,81.88999938964844,81.88999938964844,81.86000061035156,81.87000274658203,2192,0.0,0.0
2024-07-29 11:08:00-04:00,81.87999725341797,81.87999725341797,81.85900115966797,81.85900115966797,2034,0.0,0.0
2024-07-29 11:09:00-04:00,81.86000061035156,81.86000061035156,81.83000183105469,81.84500122070312,5990,0.0,0.0
2024-07-29 11:10:00-04:00,81.87000274658203,81.87000274658203,81.80000305175781,81.83999633789062,3032,0.0,0.0
2024-07-29 11:11:00-04:00,81.88999938964844,81.90899658203125,81.88999938964844,81.90899658203125,588,0.0,0.0
2024-07-29 11:12:00-04:00,81.90499877929688,81.91999816894531,81.8550033569336,81.8550033569336,3346,0.0,0.0
2024-07-29 11:13:00-04:00,81.87999725341797,81.88999938964844,81.87999725341797,81.88999938964844,1067,0.0,0.0
2024-07-29 11:14:00-04:00,81.84500122070312,81.84500122070312,81.84500122070312,81.84500122070312,167,0.0,0.0
2024-07-29 11:15:00-04:00,81.86830139160156,81.86830139160156,81.86000061035156,81.86000061035156,673,0.0,0.0
2024-07-29 11:16:00-04:00,81.84500122070312,81.9000015258789,81.84500122070312,81.88999938964844,6564,0.0,0.0
2024-07-29 11:17:00-04:00,81.88500213623047,81.95999908447266,81.88500213623047,81.95999908447266,5568,0.0,0.0
2024-07-29 11:18:00-04:00,81.94000244140625,81.9800033569336,81.94000244140625,81.9800033569336,2933,0.0,0.0
2024-07-29 11:19:00-04:00,81.98999786376953,81.98999786376953,81.98999786376953,81.98999786376953,928,0.0,0.0
2024-07-29 11:20:00-04:00,82.0,82.0199966430664,81.97750091552734,81.99500274658203,1963,0.0,0.0
2024-07-29 11:21:00-04:00,82.01010131835938,82.01010131835938,81.95999908447266,81.97100067138672,4813,0.0,0.0
2024-07-29 11:22:00-04:00,81.9800033569336,82.01000213623047,81.95999908447266,82.01000213623047,2605,0.0,0.0
2024-07-29 11:23:00-04:00,82.0,82.0,82.0,82.0,646,0.0,0.0
2024-07-29 11:24:00-04:00,82.0,82.01000213623047,81.91000366210938,81.91000366210938,5557,0.0,0.0
2024-07-29 11:25:00-04:00,81.91000366210938,82.01000213623047,81.91000366210938,82.01000213623047,3383,0.0,0.0
2024-07-29 11:26:00-04:00,82.05999755859375,82.06999969482422,82.05999755859375,82.06999969482422,869,0.0,0.0
2024-07-29 11:27:00-04:00,82.06410217285156,82.06500244140625,82.03500366210938,82.03500366210938,1212,0.0,0.0
2024-07-29 11:28:00-04:00,82.05999755859375,82.05999755859375,82.01000213623047,82.05999755859375,2903,0.0,0.0
2024-07-29 11:29:00-04:00,82.02999877929688,82.08000183105469,82.02999877929688,82.08000183105469,1021,0.0,0.0
2024-07-29 11:30:00-04:00,82.05999755859375,82.05999755859375,82.0,82.0,829,0.0,0.0
2024-07-29 11:31:00-04:00,82.01000213623047,82.05000305175781,82.0,82.0,2474,0.0,0.0
2024-07-29 11:32:00-04:00,82.0,82.0,81.91999816894531,81.94000244140625,2286,0.0,0.0
2024-07-29 11:33:00-04:00,81.91999816894531,81.94499969482422,81.89009857177734,81.89009857177734,4986,0.0,0.0
2024-07-29 11:34:00-04:00,81.94999694824219,81.97000122070312,81.86000061035156,81.88999938964844,6705,0.0,0.0
2024-07-29 11:35:00-04:00,81.88999938964844,81.9800033569336,81.87000274658203,81.9800033569336,2807,0.0,0.0
2024-07-29 11:36:00-04:00,81.93000030517578,81.94999694824219,81.88999938964844,81.91000366210938,1881,0.0,0.0
2024-07-29 11:37:00-04:00,81.88500213623047,81.88500213623047,81.86000061035156,81.86000061035156,717,0.0,0.0
2024-07-29 11:38:00-04:00,81.91000366210938,81.91000366210938,81.81999969482422,81.83999633789062,2146,0.0,0.0
2024-07-29 11:39:00-04:00,81.8550033569336,81.91999816894531,81.8499984741211,81.91999816894531,2648,0.0,0.0
2024-07-29 11:40:00-04:00,81.91999816894531,81.94999694824219,81.91999816894531,81.94999694824219,1004,0.0,0.0
2024-07-29 11:41:00-04:00,81.93000030517578,81.9800033569336,81.93000030517578,81.9800033569336,2422,0.0,0.0
2024-07-29 11:42:00-04:00,81.98999786376953,82.04000091552734,81.97000122070312,82.04000091552734,4246,0.0,0.0
2024-07-29 11:43:00-04:00,82.0,82.0,82.0,82.0,1604,0.0,0.0
2024-07-29 11:44:00-04:00,82.0,82.04000091552734,81.98999786376953,82.01480102539062,2949,0.0,0.0
2024-07-29 11:45:00-04:00,82.0199966430664,82.0199966430664,82.01000213623047,82.01000213623047,662,0.0,0.0
2024-07-29 11:46:00-04:00,82.01499938964844,82.08000183105469,82.01499938964844,82.08000183105469,2146,0.0,0.0
2024-07-29 11:47:00-04:00,82.05999755859375,82.05999755859375,82.05999755859375,82.05999755859375,1233,0.0,0.0
2024-07-29 11:48:00-04:00,82.12000274658203,82.1500015258789,82.12000274658203,82.1500015258789,1236,0.0,0.0
2024-07-29 11:49:00-04:00,82.16459655761719,82.19000244140625,82.16459655761719,82.19000244140625,1624,0.0,0.0
2024-07-29 11:50:00-04:00,82.18000030517578,82.19999694824219,82.18000030517578,82.19999694824219,1504,0.0,0.0
2024-07-29 11:51:00-04:00,82.20999908447266,82.22000122070312,82.20999908447266,82.22000122070312,1553,0.0,0.0
2024-07-29 11:52:00-04:00,82.19999694824219,82.20999908447266,82.19000244140625,82.19999694824219,2326,0.0,0.0
2024-07-29 11:54:00-04:00,82.18099975585938,82.19999694824219,82.18000030517578,82.18000030517578,791,0.0,0.0
2024-07-29 11:55:00-04:00,82.20999908447266,82.20999908447266,82.16999816894531,82.19499969482422,1247,0.0,0.0
2024-07-29 11:56:00-04:00,82.19499969482422,82.20999908447266,82.16000366210938,82.20999908447266,1766,0.0,0.0
2024-07-29 11:57:00-04:00,82.22000122070312,82.22000122070312,82.22000122070312,82.22000122070312,667,0.0,0.0
2024-07-29 11:58:00-04:00,82.23999786376953,82.23999786376953,82.23500061035156,82.23999786376953,1868,0.0,0.0
2024-07-29 11:59:00-04:00,82.22000122070312,82.22000122070312,82.22000122070312,82.22000122070312,334,0.0,0.0
2024-07-29 12:00:00-04:00,82.2249984741211,82.2699966430664,82.2249984741211,82.23999786376953,1817,0.0,0.0
2024-07-29 12:01:00-04:00,82.2699966430664,82.2699966430664,82.2699966430664,82.2699966430664,169,0.0,0.0
2024-07-29 12:02:00-04:00,82.27999877929688,82.31999969482422,82.27999877929688,82.31999969482422,2492,0.0,0.0
2024-07-29 12:03:00-04:00,82.30500030517578,82.33300018310547,82.30500030517578,82.33300018310547,2543,0.0,0.0
2024-07-29 12:04:00-04:00,82.37000274658203,82.37000274658203,82.37000274658203,82.37000274658203,548,0.0,0.0
2024-07-29 12:05:00-04:00,82.37000274658203,82.37000274658203,82.37000274658203,82.37000274658203,355,0.0,0.0
2024-07-29 12:06:00-04:00,82.38999938964844,82.427001953125,82.38999938964844,82.42579650878906,1245,0.0,0.0
2024-07-29 12:07:00-04:00,82.4000015258789,82.4000015258789,82.37999725341797,82.37999725341797,3321,0.0,0.0
2024-07-29 12:08:00-04:00,82.3550033569336,82.3550033569336,82.3550033569336,82.3550033569336,427,0.0,0.0
2024-07-29 12:09:00-04:00,82.3550033569336,82.5,82.31999969482422,82.48999786376953,10937,0.0,0.0
2024-07-29 12:10:00-04:00,82.47000122070312,82.47000122070312,82.375,82.4000015258789,2287,0.0,0.0
2024-07-29 12:11:00-04:00,82.37239837646484,82.37239837646484,82.37239837646484,82.37239837646484,287,0.0,0.0
2024-07-29 12:12:00-04:00,82.33000183105469,82.33000183105469,82.33000183105469,82.33000183105469,540,0.0,0.0
2024-07-29 12:14:00-04:00,82.33689880371094,82.3499984741211,82.33689880371094,82.3499984741211,1259,0.0,0.0
2024-07-29 12:15:00-04:00,82.37000274658203,82.37000274658203,82.37000274658203,82.37000274658203,549,0.0,0.0
2024-07-29 12:16:00-04:00,82.37000274658203,82.38999938964844,82.36000061035156,82.36000061035156,2285,0.0,0.0
2024-07-29 12:17:00-04:00,82.36000061035156,82.36000061035156,82.36000061035156,82.36000061035156,599,0.0,0.0
2024-07-29 12:18:00-04:00,82.30999755859375,82.38960266113281,82.30999755859375,82.3729019165039,3830,0.0,0.0
2024-07-29 12:19:00-04:00,82.36000061035156,82.38999938964844,82.36000061035156,82.38999938964844,1862,0.0,0.0
2024-07-29 12:20:00-04:00,82.37999725341797,82.41000366210938,82.37999725341797,82.41000366210938,810,0.0,0.0
2024-07-29 12:21:00-04:00,82.40740203857422,82.40740203857422,82.33999633789062,82.33999633789062,5654,0.0,0.0
2024-07-29 12:22:00-04:00,82.31999969482422,82.33999633789062,82.31999969482422,82.33999633789062,715,0.0,0.0
2024-07-29 12:23:00-04:00,82.36000061035156,82.36000061035156,82.30999755859375,82.30999755859375,1245,0.0,0.0
2024-07-29 12:24:00-04:00,82.33499908447266,82.33499908447266,82.33499908447266,82.33499908447266,686,0.0,0.0
2024-07-29 12:26:00-04:00,82.30000305175781,82.30000305175781,82.27999877929688,82.27999877929688,3026,0.0,0.0
2024-07-29 12:27:00-04:00,82.27890014648438,82.27890014648438,82.23999786376953,82.2699966430664,2197,0.0,0.0
2024-07-29 12:28:00-04:00,82.2699966430664,82.2699966430664,82.26000213623047,82.2699966430664,1715,0.0,0.0
2024-07-29 12:29:00-04:00,82.29000091552734,82.3290023803711,82.29000091552734,82.3290023803711,1511,0.0,0.0
2024-07-29 12:30:00-04:00,82.33999633789062,82.41000366210938,82.33999633789062,82.41000366210938,10138,0.0,0.0
2024-07-29 12:31:00-04:00,82.41999816894531,82.48899841308594,82.41999816894531,82.44000244140625,3735,0.0,0.0
2024-07-29 12:32:00-04:00,82.44000244140625,82.44000244140625,82.44000244140625,82.44000244140625,294,0.0,0.0
2024-07-29 12:33:00-04:00,82.43000030517578,82.43000030517578,82.43000030517578,82.43000030517578,476,0.0,0.0
2024-07-29 12:34:00-04:00,82.38999938964844,82.38999938964844,82.33000183105469,82.33000183105469,1673,0.0,0.0
2024-07-29 12:35:00-04:00,82.30000305175781,82.30000305175781,82.30000305175781,82.30000305175781,743,0.0,0.0
2024-07-29 12:36:00-04:00,82.33499908447266,82.3499984741211,82.33499908447266,82.3499984741211,1944,0.0,0.0
2024-07-29 12:37:00-04:00,82.34500122070312,82.3499984741211,82.34500122070312,82.3499984741211,316,0.0,0.0
2024-07-29 12:38:00-04:00,82.33000183105469,82.35700225830078,82.33000183105469,82.35700225830078,1784,0.0,0.0
2024-07-29 12:39:00-04:00,82.3301010131836,82.3301010131836,82.33000183105469,82.33000183105469,798,0.0,0.0
2024-07-29 12:40:00-04:00,82.33999633789062,82.33999633789062,82.31999969482422,82.31999969482422,431,0.0,0.0
2024-07-29 12:41:00-04:00,82.36000061035156,82.39900207519531,82.3499984741211,82.39700317382812,2786,0.0,0.0
2024-07-29 12:42:00-04:00,82.4000015258789,82.44999694824219,82.4000015258789,82.44000244140625,2410,0.0,0.0
2024-07-29 12:43:00-04:00,82.41000366210938,82.41000366210938,82.34500122070312,82.34500122070312,2017,0.0,0.0
2024-07-29 12:44:00-04:00,82.34500122070312,82.3499984741211,82.33000183105469,82.33000183105469,978,0.0,0.0
2024-07-29 12:45:00-04:00,82.33999633789062,82.3499984741211,82.33999633789062,82.3499984741211,1534,0.0,0.0
2024-07-29 12:46:00-04:00,82.31999969482422,82.31999969482422,82.31999969482422,82.31999969482422,172,0.0,0.0
2024-07-29 12:47:00-04:00,82.33000183105469,82.33000183105469,82.33000183105469,82.33000183105469,406,0.0,0.0
2024-07-29 12:48:00-04:00,82.31999969482422,82.31999969482422,82.30000305175781,82.30000305175781,1751,0.0,0.0
2024-07-29 12:49:00-04:00,82.2699966430664,82.2699966430664,82.23999786376953,82.25499725341797,1243,0.0,0.0
2024-07-29 12:50:00-04:00,82.25499725341797,82.26000213623047,82.23999786376953,82.24500274658203,3415,0.0,0.0
2024-07-29 12:51:00-04:00,82.23999786376953,82.25,82.19999694824219,82.19999694824219,2992,0.0,0.0
2024-07-29 12:52:00-04:00,82.22000122070312,82.30999755859375,82.22000122070312,82.30999755859375,3740,0.0,0.0
2024-07-29 12:53:00-04:00,82.27999877929688,82.27999877929688,82.26000213623047,82.27999877929688,1261,0.0,0.0
2024-07-29 12:54:00-04:00,82.28600311279297,82.31700134277344,82.28600311279297,82.31700134277344,1935,0.0,0.0
2024-07-29 12:55:00-04:00,82.33999633789062,82.36000061035156,82.33499908447266,82.3499984741211,1775,0.0,0.0
2024-07-29 12:56:00-04:00,82.33999633789062,82.3499984741211,82.33000183105469,82.33000183105469,1323,0.0,0.0
2024-07-29 12:57:00-04:00,82.3499984741211,82.3499984741211,82.2750015258789,82.2750015258789,2051,0.0,0.0
2024-07-29 12:58:00-04:00,82.2699966430664,82.2699966430664,82.2699966430664,82.2699966430664,241,0.0,0.0
2024-07-29 12:59:00-04:00,82.29000091552734,82.29000091552734,82.24939727783203,82.29000091552734,5447,0.0,0.0
2024-07-29 13:00:00-04:00,82.27999877929688,82.27999877929688,82.27999877929688,82.27999877929688,410,0.0,0.0
2024-07-29 13:01:00-04:00,82.29000091552734,82.3198013305664,82.29000091552734,82.3198013305664,2993,0.0,0.0
2024-07-29 13:02:00-04:00,82.31999969482422,82.33000183105469,82.31999969482422,82.31999969482422,1461,0.0,0.0
2024-07-29 13:03:00-04:00,82.32499694824219,82.34539794921875,82.30000305175781,82.32499694824219,3890,0.0,0.0
2024-07-29 13:04:00-04:00,82.27999877929688,82.33000183105469,82.27999877929688,82.30999755859375,1955,0.0,0.0
2024-07-29 13:05:00-04:00,82.37000274658203,82.37000274658203,82.37000274658203,82.37000274658203,336,0.0,0.0
2024-07-29 13:06:00-04:00,82.38279724121094,82.38999938964844,82.37000274658203,82.37999725341797,6430,0.0,0.0
2024-07-29 13:07:00-04:00,82.3949966430664,82.41000366210938,82.36499786376953,82.36499786376953,1689,0.0,0.0
2024-07-29 13:09:00-04:00,82.36499786376953,82.41999816894531,82.36499786376953,82.41999816894531,2034,0.0,0.0
2024-07-29 13:10:00-04:00,82.44999694824219,82.44999694824219,82.44999694824219,82.44999694824219,417,0.0,0.0
2024-07-29 13:11:00-04:00,82.4800033569336,82.4800033569336,82.46499633789062,82.4655990600586,835,0.0,0.0
2024-07-29 13:12:00-04:00,82.4749984741211,82.51499938964844,82.4749984741211,82.5,3147,0.0,0.0
2024-07-29 13:13:00-04:00,82.52999877929688,82.55000305175781,82.48999786376953,82.48999786376953,3318,0.0,0.0
2024-07-29 13:14:00-04:00,82.4800033569336,82.4800033569336,82.4800033569336,82.4800033569336,619,0.0,0.0
2024-07-29 13:15:00-04:00,82.54000091552734,82.55999755859375,82.52999877929688,82.55000305175781,4488,0.0,0.0
2024-07-29 13:16:00-04:00,82.5199966430664,82.5199966430664,82.44000244140625,82.4800033569336,6023,0.0,0.0
2024-07-29 13:17:00-04:00,82.4800033569336,82.49500274658203,82.4800033569336,82.49500274658203,3414,0.0,0.0
2024-07-29 13:18:00-04:00,82.48999786376953,82.52999877929688,82.4800033569336,82.52999877929688,4239,0.0,0.0
2024-07-29 13:19:00-04:00,82.54000091552734,82.58429718017578,82.5199966430664,82.58429718017578,2673,0.0,0.0
2024-07-29 13:20:00-04:00,82.55000305175781,82.55000305175781,82.51000213623047,82.51000213623047,1446,0.0,0.0
2024-07-29 13:21:00-04:00,82.51000213623047,82.55999755859375,82.49500274658203,82.55999755859375,4092,0.0,0.0
2024-07-29 13:22:00-04:00,82.61000061035156,82.61000061035156,82.58999633789062,82.61000061035156,2543,0.0,0.0
2024-07-29 13:23:00-04:00,82.62000274658203,82.62000274658203,82.61499786376953,82.61499786376953,1052,0.0,0.0
2024-07-29 13:25:00-04:00,82.62000274658203,82.62000274658203,82.56999969482422,82.58499908447266,1861,0.0,0.0
2024-07-29 13:26:00-04:00,82.58499908447266,82.5999984741211,82.56999969482422,82.5999984741211,2122,0.0,0.0
2024-07-29 13:27:00-04:00,82.58999633789062,82.5999984741211,82.58999633789062,82.5999984741211,2054,0.0,0.0
2024-07-29 13:28:00-04:00,82.5999984741211,82.5999984741211,82.55999755859375,82.56999969482422,2677,0.0,0.0
2024-07-29 13:29:00-04:00,82.58689880371094,82.58999633789062,82.5199966430664,82.5199966430664,2484,0.0,0.0
2024-07-29 13:30:00-04:00,82.5,82.5,82.48059844970703,82.48059844970703,699,0.0,0.0
2024-07-29 13:31:00-04:00,82.5,82.5,82.5,82.5,807,0.0,0.0
2024-07-29 13:32:00-04:00,82.48650360107422,82.5199966430664,82.48650360107422,82.5,1728,0.0,0.0
2024-07-29 13:33:00-04:00,82.5,82.55000305175781,82.5,82.55000305175781,4100,0.0,0.0
2024-07-29 13:35:00-04:00,82.54000091552734,82.54000091552734,82.5199966430664,82.5199966430664,1251,0.0,0.0
2024-07-29 13:36:00-04:00,82.51000213623047,82.5199966430664,82.48999786376953,82.5,2539,0.0,0.0
2024-07-29 13:37:00-04:00,82.51000213623047,82.52999877929688,82.51000213623047,82.52999877929688,1423,0.0,0.0
2024-07-29 13:38:00-04:00,82.52999877929688,82.54499816894531,82.52999877929688,82.54000091552734,748,0.0,0.0
2024-07-29 13:39:00-04:00,82.52999877929688,82.52999877929688,82.51000213623047,82.52999877929688,1179,0.0,0.0
2024-07-29 13:40:00-04:00,82.54000091552734,82.54000091552734,82.5,82.5,2427,0.0,0.0
2024-07-29 13:41:00-04:00,82.5,82.54499816894531,82.4800033569336,82.54499816894531,5002,0.0,0.0
2024-07-29 13:42:00-04:00,82.54000091552734,82.54000091552734,82.53500366210938,82.53500366210938,663,0.0,0.0
2024-07-29 13:43:00-04:00,82.53250122070312,82.53500366210938,82.5199966430664,82.52999877929688,1728,0.0,0.0
2024-07-29 13:44:00-04:00,82.52999877929688,82.54000091552734,82.5250015258789,82.54000091552734,2177,0.0,0.0
2024-07-29 13:45:00-04:00,82.54499816894531,82.58999633789062,82.54499816894531,82.58999633789062,843,0.0,0.0
2024-07-29 13:46:00-04:00,82.57499694824219,82.58999633789062,82.57499694824219,82.58999633789062,1645,0.0,0.0
2024-07-29 13:47:00-04:00,82.55999755859375,82.55999755859375,82.54000091552734,82.54000091552734,2095,0.0,0.0
2024-07-29 13:50:00-04:00,82.55000305175781,82.61000061035156,82.5199966430664,82.61000061035156,7294,0.0,0.0
2024-07-29 13:51:00-04:00,82.62000274658203,82.62000274658203,82.61000061035156,82.61000061035156,467,0.0,0.0
2024-07-29 13:52:00-04:00,82.63999938964844,82.63999938964844,82.62740325927734,82.62740325927734,1538,0.0,0.0
2024-07-29 13:53:00-04:00,82.62999725341797,82.62999725341797,82.62999725341797,82.62999725341797,1184,0.0,0.0
2024-07-29 13:54:00-04:00,82.60919952392578,82.62999725341797,82.60919952392578,82.62999725341797,493,0.0,0.0
2024-07-29 13:55:00-04:00,82.61000061035156,82.61000061035156,82.58999633789062,82.58999633789062,1621,0.0,0.0
2024-07-29 13:57:00-04:00,82.62229919433594,82.62229919433594,82.62229919433594,82.62229919433594,1514,0.0,0.0
2024-07-29 13:58:00-04:00,82.61000061035156,82.62000274658203,82.61000061035156,82.62000274658203,474,0.0,0.0
2024-07-29 13:59:00-04:00,82.63999938964844,82.66000366210938,82.63999938964844,82.66000366210938,1190,0.0,0.0
2024-07-29 14:00:00-04:00,82.6500015258789,82.65499877929688,82.58999633789062,82.58999633789062,4200,0.0,0.0
2024-07-29 14:01:00-04:00,82.61000061035156,82.61000061035156,82.61000061035156,82.61000061035156,1705,0.0,0.0
2024-07-29 14:02:00-04:00,82.62999725341797,82.62999725341797,82.62000274658203,82.62000274658203,533,0.0,0.0
2024-07-29 14:03:00-04:00,82.58999633789062,82.58999633789062,82.58999633789062,82.58999633789062,466,0.0,0.0
2024-07-29 14:04:00-04:00,82.62999725341797,82.62999725341797,82.62999725341797,82.62999725341797,470,0.0,0.0
2024-07-29 14:05:00-04:00,82.61000061035156,82.6698989868164,82.61000061035156,82.64009857177734,1641,0.0,0.0
2024-07-29 14:06:00-04:00,82.66999816894531,82.69499969482422,82.66999816894531,82.68000030517578,6233,0.0,0.0
2024-07-29 14:07:00-04:00,82.70999908447266,82.74310302734375,82.70999908447266,82.71499633789062,3043,0.0,0.0
2024-07-29 14:08:00-04:00,82.70999908447266,82.7300033569336,82.69000244140625,82.69000244140625,3130,0.0,0.0
2024-07-29 14:09:00-04:00,82.69419860839844,82.69999694824219,82.68499755859375,82.69999694824219,1750,0.0,0.0
2024-07-29 14:10:00-04:00,82.70999908447266,82.70999908447266,82.69000244140625,82.70050048828125,2146,0.0,0.0
2024-07-29 14:11:00-04:00,82.69999694824219,82.70999908447266,82.69499969482422,82.70999908447266,1841,0.0,0.0
2024-07-29 14:12:00-04:00,82.70999908447266,82.7301025390625,82.70999908447266,82.7301025390625,4332,0.0,0.0
2024-07-29 14:14:00-04:00,82.7301025390625,82.75,82.7301025390625,82.75,3286,0.0,0.0
2024-07-29 14:15:00-04:00,82.75,82.7699966430664,82.72000122070312,82.75,9770,0.0,0.0
2024-07-29 14:16:00-04:00,82.75,82.75,82.75,82.75,3036,0.0,0.0
2024-07-29 14:17:00-04:00,82.75379943847656,82.75379943847656,82.7300033569336,82.73999786376953,4589,0.0,0.0
2024-07-29 14:18:00-04:00,82.7300033569336,82.73500061035156,82.7300033569336,82.73500061035156,1249,0.0,0.0
2024-07-29 14:21:00-04:00,82.7300033569336,82.73500061035156,82.72000122070312,82.73500061035156,2428,0.0,0.0
2024-07-29 14:22:00-04:00,82.7300033569336,82.7300033569336,82.63999938964844,82.63999938964844,8935,0.0,0.0
2024-07-29 14:23:00-04:00,82.58000183105469,82.58000183105469,82.58000183105469,82.58000183105469,456,0.0,0.0
2024-07-29 14:24:00-04:00,82.5999984741211,82.62999725341797,82.5999984741211,82.62999725341797,3759,0.0,0.0
2024-07-29 14:25:00-04:00,82.61000061035156,82.625,82.61000061035156,82.62000274658203,1758,0.0,0.0
2024-07-29 14:26:00-04:00,82.5999984741211,82.5999984741211,82.5999984741211,82.5999984741211,241,0.0,0.0
2024-07-29 14:27:00-04:00,82.61000061035156,82.61000061035156,82.59500122070312,82.59500122070312,389,0.0,0.0
2024-07-29 14:28:00-04:00,82.61000061035156,82.62000274658203,82.5999984741211,82.5999984741211,2742,0.0,0.0
2024-07-29 14:29:00-04:00,82.62999725341797,82.6500015258789,82.62999725341797,82.6500015258789,2227,0.0,0.0
2024-07-29 14:30:00-04:00,82.66999816894531,82.69000244140625,82.62000274658203,82.62999725341797,3852,0.0,0.0
2024-07-29 14:31:00-04:00,82.62999725341797,82.63890075683594,82.61000061035156,82.61000061035156,964,0.0,0.0
2024-07-29 14:32:00-04:00,82.62999725341797,82.62999725341797,82.5999984741211,82.5999984741211,1429,0.0,0.0
2024-07-29 14:33:00-04:00,82.62000274658203,82.62000274658203,82.62000274658203,82.62000274658203,1259,0.0,0.0
2024-07-29 14:35:00-04:00,82.61000061035156,82.61499786376953,82.61000061035156,82.61129760742188,3552,0.0,0.0
2024-07-29 14:36:00-04:00,82.60009765625,82.61499786376953,82.60009765625,82.61009979248047,3690,0.0,0.0
2024-07-29 14:37:00-04:00,82.62000274658203,82.62999725341797,82.61000061035156,82.62999725341797,1736,0.0,0.0
2024-07-29 14:38:00-04:00,82.61000061035156,82.62000274658203,82.61000061035156,82.62000274658203,699,0.0,0.0
2024-07-29 14:39:00-04:00,82.61399841308594,82.61930084228516,82.61399841308594,82.61930084228516,854,0.0,0.0
2024-07-29 14:40:00-04:00,82.62000274658203,82.63999938964844,82.61750030517578,82.63500213623047,1413,0.0,0.0
2024-07-29 14:41:00-04:00,82.63999938964844,82.63999938964844,82.63999938964844,82.63999938964844,137,0.0,0.0
2024-07-29 14:42:00-04:00,82.63999938964844,82.68000030517578,82.63999938964844,82.68000030517578,4421,0.0,0.0
2024-07-29 14:43:00-04:00,82.69000244140625,82.69999694824219,82.69000244140625,82.69000244140625,4305,0.0,0.0
2024-07-29 14:44:00-04:00,82.69999694824219,82.69999694824219,82.64749908447266,82.64749908447266,2784,0.0,0.0
2024-07-29 14:45:00-04:00,82.64749908447266,82.64749908447266,82.64749908447266,82.64749908447266,431,0.0,0.0
2024-07-29 14:46:00-04:00,82.63999938964844,82.6500015258789,82.63999938964844,82.6500015258789,3618,0.0,0.0
2024-07-29 14:47:00-04:00,82.63999938964844,82.6500015258789,82.62000274658203,82.62000274658203,1596,0.0,0.0
2024-07-29 14:48:00-04:00,82.62000274658203,82.62000274658203,82.58000183105469,82.58000183105469,1643,0.0,0.0
2024-07-29 14:49:00-04:00,82.56749725341797,82.58000183105469,82.56009674072266,82.58000183105469,2815,0.0,0.0
2024-07-29 14:50:00-04:00,82.57499694824219,82.57499694824219,82.55999755859375,82.55999755859375,1883,0.0,0.0
2024-07-29 14:51:00-04:00,82.56500244140625,82.62000274658203,82.56500244140625,82.62000274658203,6929,0.0,0.0
2024-07-29 14:52:00-04:00,82.63999938964844,82.6500015258789,82.61000061035156,82.61499786376953,3668,0.0,0.0
2024-07-29 14:53:00-04:00,82.5999984741211,82.5999984741211,82.58499908447266,82.58499908447266,1839,0.0,0.0
2024-07-29 14:54:00-04:00,82.5999984741211,82.5999984741211,82.5875015258789,82.58999633789062,1806,0.0,0.0
2024-07-29 14:55:00-04:00,82.5999984741211,82.62000274658203,82.5999984741211,82.62000274658203,1812,0.0,0.0
2024-07-29 14:56:00-04:00,82.61499786376953,82.61499786376953,82.58999633789062,82.58999633789062,1699,0.0,0.0
2024-07-29 14:57:00-04:00,82.61000061035156,82.61000061035156,82.61000061035156,82.61000061035156,294,0.0,0.0
2024-07-29 14:58:00-04:00,82.58999633789062,82.6500015258789,82.56999969482422,82.6500015258789,5383,0.0,0.0
2024-07-29 14:59:00-04:00,82.63999938964844,82.66999816894531,82.62999725341797,82.63999938964844,4702,0.0,0.0
2024-07-29 15:00:00-04:00,82.62000274658203,82.63999938964844,82.58999633789062,82.6050033569336,5591,0.0,0.0
2024-07-29 15:01:00-04:00,82.62999725341797,82.62999725341797,82.62000274658203,82.62000274658203,1005,0.0,0.0
2024-07-29 15:02:00-04:00,82.62779998779297,82.62999725341797,82.62000274658203,82.62999725341797,1532,0.0,0.0
2024-07-29 15:03:00-04:00,82.5999984741211,82.5999984741211,82.5999984741211,82.5999984741211,1301,0.0,0.0
2024-07-29 15:04:00-04:00,82.61000061035156,82.63999938964844,82.61000061035156,82.63999938964844,1231,0.0,0.0
2024-07-29 15:05:00-04:00,82.63500213623047,82.6500015258789,82.63500213623047,82.6500015258789,1825,0.0,0.0
2024-07-29 15:06:00-04:00,82.6500015258789,82.66999816894531,82.6500015258789,82.66999816894531,429,0.0,0.0
2024-07-29 15:07:00-04:00,82.63999938964844,82.63999938964844,82.61000061035156,82.61000061035156,2068,0.0,0.0
2024-07-29 15:08:00-04:00,82.61000061035156,82.62999725341797,82.61000061035156,82.62000274658203,1296,0.0,0.0
2024-07-29 15:09:00-04:00,82.63999938964844,82.6500015258789,82.63999938964844,82.6500015258789,811,0.0,0.0
2024-07-29 15:10:00-04:00,82.6500015258789,82.6500015258789,82.6449966430664,82.6449966430664,1358,0.0,0.0
2024-07-29 15:11:00-04:00,82.63999938964844,82.68000030517578,82.63999938964844,82.68000030517578,3540,0.0,0.0
2024-07-29 15:12:00-04:00,82.66999816894531,82.66999816894531,82.58000183105469,82.58000183105469,4590,0.0,0.0
2024-07-29 15:13:00-04:00,82.55999755859375,82.55999755859375,82.55999755859375,82.55999755859375,360,0.0,0.0
2024-07-29 15:14:00-04:00,82.55999755859375,82.61000061035156,82.55000305175781,82.58999633789062,7906,0.0,0.0
2024-07-29 15:15:00-04:00,82.58999633789062,82.5999984741211,82.58999633789062,82.59500122070312,2156,0.0,0.0
2024-07-29 15:16:00-04:00,82.58999633789062,82.59500122070312,82.56999969482422,82.58000183105469,2677,0.0,0.0
2024-07-29 15:17:00-04:00,82.56999969482422,82.58000183105469,82.56999969482422,82.56999969482422,1638,0.0,0.0
2024-07-29 15:18:00-04:00,82.55000305175781,82.56999969482422,82.55000305175781,82.56500244140625,1283,0.0,0.0
2024-07-29 15:19:00-04:00,82.58000183105469,82.61000061035156,82.58000183105469,82.61000061035156,2193,0.0,0.0
2024-07-29 15:20:00-04:00,82.62000274658203,82.62000274658203,82.5999984741211,82.62000274658203,2003,0.0,0.0
2024-07-29 15:21:00-04:00,82.62999725341797,82.65499877929688,82.62000274658203,82.64900207519531,6059,0.0,0.0
2024-07-29 15:22:00-04:00,82.64669799804688,82.64669799804688,82.64669799804688,82.64669799804688,609,0.0,0.0
2024-07-29 15:23:00-04:00,82.66999816894531,82.68000030517578,82.66999816894531,82.68000030517578,1466,0.0,0.0
2024-07-29 15:24:00-04:00,82.68000030517578,82.69000244140625,82.68000030517578,82.69000244140625,1373,0.0,0.0
2024-07-29 15:25:00-04:00,82.68000030517578,82.75,82.66999816894531,82.71499633789062,18760,0.0,0.0
2024-07-29 15:26:00-04:00,82.72000122070312,82.76000213623047,82.71499633789062,82.75,9269,0.0,0.0
2024-07-29 15:27:00-04:00,82.7300033569336,82.75990295410156,82.7300033569336,82.74500274658203,2429,0.0,0.0
2024-07-29 15:28:00-04:00,82.75,82.75,82.7125015258789,82.73999786376953,4449,0.0,0.0
2024-07-29 15:29:00-04:00,82.73999786376953,82.73999786376953,82.62999725341797,82.63999938964844,7377,0.0,0.0
2024-07-29 15:30:00-04:00,82.62999725341797,82.62999725341797,82.56999969482422,82.58999633789062,9054,0.0,0.0
2024-07-29 15:31:00-04:00,82.5999984741211,82.625,82.58499908447266,82.58499908447266,5025,0.0,0.0
2024-07-29 15:32:00-04:00,82.55999755859375,82.58999633789062,82.55999755859375,82.58000183105469,3698,0.0,0.0
2024-07-29 15:33:00-04:00,82.57499694824219,82.57499694824219,82.46499633789062,82.4800033569336,9047,0.0,0.0
2024-07-29 15:34:00-04:00,82.5,82.5,82.4800033569336,82.48999786376953,2622,0.0,0.0
2024-07-29 15:35:00-04:00,82.48999786376953,82.52999877929688,82.4800033569336,82.50499725341797,5598,0.0,0.0
2024-07-29 15:36:00-04:00,82.5198974609375,82.56999969482422,82.5198974609375,82.56999969482422,4958,0.0,0.0
2024-07-29 15:37:00-04:00,82.55999755859375,82.55999755859375,82.54000091552734,82.55500030517578,779,0.0,0.0
2024-07-29 15:38:00-04:00,82.56500244140625,82.56500244140625,82.46499633789062,82.46499633789062,6745,0.0,0.0
2024-07-29 15:39:00-04:00,82.44999694824219,82.55999755859375,82.44999694824219,82.55999755859375,8016,0.0,0.0
2024-07-29 15:40:00-04:00,82.55999755859375,82.56999969482422,82.5199966430664,82.5199966430664,3584,0.0,0.0
2024-07-29 15:41:00-04:00,82.54000091552734,82.54000091552734,82.5199966430664,82.54000091552734,4353,0.0,0.0
2024-07-29 15:42:00-04:00,82.54000091552734,82.55000305175781,82.53500366210938,82.55000305175781,2779,0.0,0.0
2024-07-29 15:43:00-04:00,82.55999755859375,82.55999755859375,82.55000305175781,82.55999755859375,3013,0.0,0.0
2024-07-29 15:44:00-04:00,82.56999969482422,82.56999969482422,82.55999755859375,82.56999969482422,4058,0.0,0.0
2024-07-29 15:45:00-04:00,82.56999969482422,82.58000183105469,82.55999755859375,82.55999755859375,7548,0.0,0.0
2024-07-29 15:46:00-04:00,82.55999755859375,82.56999969482422,82.53500366210938,82.56999969482422,4652,0.0,0.0
2024-07-29 15:47:00-04:00,82.5792007446289,82.5792007446289,82.5199966430664,82.57119750976562,8889,0.0,0.0
2024-07-29 15:48:00-04:00,82.54000091552734,82.55000305175781,82.4800033569336,82.5,7169,0.0,0.0
2024-07-29 15:49:00-04:00,82.5,82.54499816894531,82.49500274658203,82.5199966430664,7721,0.0,0.0
2024-07-29 15:50:00-04:00,82.51000213623047,82.54000091552734,82.44000244140625,82.49500274658203,18552,0.0,0.0
2024-07-29 15:51:00-04:00,82.5,82.52999877929688,82.4800033569336,82.5,13855,0.0,0.0
2024-07-29 15:52:00-04:00,82.5199966430664,82.52999877929688,82.45999908447266,82.5,17260,0.0,0.0
2024-07-29 15:53:00-04:00,82.5,82.52999877929688,82.47000122070312,82.51499938964844,13723,0.0,0.0
2024-07-29 15:54:00-04:00,82.52999877929688,82.52999877929688,82.33499908447266,82.33499908447266,22560,0.0,0.0
2024-07-29 15:55:00-04:00,82.33999633789062,82.4000015258789,82.30000305175781,82.37000274658203,30340,0.0,0.0
2024-07-29 15:56:00-04:00,82.36000061035156,82.37000274658203,82.30000305175781,82.3499984741211,16698,0.0,0.0
2024-07-29 15:57:00-04:00,82.3499984741211,82.4000015258789,82.31999969482422,82.38999938964844,30157,0.0,0.0
2024-07-29 15:58:00-04:00,82.38999938964844,82.51000213623047,82.38999938964844,82.5,34245,0.0,0.0
2024-07-29 15:59:00-04:00,82.50499725341797,82.54000091552734,82.4800033569336,82.5,66676,0.0,0.0
2024-07-30 09:30:00-04:00,82.16000366210938,82.2699966430664,82.13999938964844,82.2699966430664,17459,0.0,0.0
2024-07-30 09:31:00-04:00,82.62449645996094,82.75499725341797,82.62449645996094,82.75,2191,0.0,0.0
2024-07-30 09:32:00-04:00,82.73999786376953,82.73999786376953,82.65499877929688,82.65499877929688,931,0.0,0.0
2024-07-30 09:33:00-04:00,82.77999877929688,82.86000061035156,82.63999938964844,82.63999938964844,3847,0.0,0.0
2024-07-30 09:34:00-04:00,82.68000030517578,82.88710021972656,82.68000030517578,82.69999694824219,12715,0.0,0.0
2024-07-30 09:35:00-04:00,82.79730224609375,82.79730224609375,82.7698974609375,82.7698974609375,655,0.0,0.0
2024-07-30 09:36:00-04:00,82.73909759521484,82.73999786376953,82.63500213623047,82.63500213623047,3466,0.0,0.0
2024-07-30 09:37:00-04:00,82.63999938964844,82.63999938964844,82.5,82.5,1850,0.0,0.0
2024-07-30 09:38:00-04:00,82.57830047607422,82.65799713134766,82.57830047607422,82.65799713134766,932,0.0,0.0
2024-07-30 09:39:00-04:00,82.63999938964844,82.66999816894531,82.58000183105469,82.58000183105469,2642,0.0,0.0
2024-07-30 09:40:00-04:00,82.54499816894531,82.68000030517578,82.54499816894531,82.58000183105469,2559,0.0,0.0
2024-07-30 09:41:00-04:00,82.56500244140625,82.56500244140625,82.55899810791016,82.55899810791016,1103,0.0,0.0
2024-07-30 09:42:00-04:00,82.44999694824219,82.56999969482422,82.44999694824219,82.56999969482422,1987,0.0,0.0
2024-07-30 09:43:00-04:00,82.61000061035156,82.63999938964844,82.5999984741211,82.62000274658203,2045,0.0,0.0
2024-07-30 09:44:00-04:00,82.61499786376953,82.61499786376953,82.55999755859375,82.56999969482422,357,0.0,0.0
2024-07-30 09:45:00-04:00,82.56999969482422,82.6449966430664,82.56999969482422,82.61000061035156,1302,0.0,0.0
2024-07-30 09:46:00-04:00,82.62000274658203,82.69999694824219,82.62000274658203,82.68499755859375,8763,0.0,0.0
2024-07-30 09:47:00-04:00,82.69499969482422,82.69499969482422,82.62999725341797,82.62999725341797,2584,0.0,0.0
2024-07-30 09:48:00-04:00,82.76000213623047,82.76000213623047,82.63500213623047,82.69000244140625,5254,0.0,0.0
2024-07-30 09:49:00-04:00,82.69999694824219,82.75,82.58999633789062,82.58999633789062,3844,0.0,0.0
2024-07-30 09:50:00-04:00,82.58000183105469,82.58000183105469,82.52999877929688,82.52999877929688,1382,0.0,0.0
2024-07-30 09:51:00-04:00,82.53500366210938,82.63999938964844,82.53500366210938,82.62000274658203,4375,0.0,0.0
2024-07-30 09:52:00-04:00,82.66000366210938,82.72000122070312,82.63500213623047,82.72000122070312,3591,0.0,0.0
2024-07-30 09:53:00-04:00,82.74500274658203,82.80000305175781,82.68000030517578,82.68000030517578,6620,0.0,0.0
2024-07-30 09:54:00-04:00,82.6500015258789,82.6500015258789,82.6500015258789,82.6500015258789,614,0.0,0.0
2024-07-30 09:55:00-04:00,82.5199966430664,82.53929901123047,82.48500061035156,82.53929901123047,725,0.0,0.0
2024-07-30 09:56:00-04:00,82.52999877929688,82.55999755859375,82.48999786376953,82.55000305175781,2462,0.0,0.0
2024-07-30 09:57:00-04:00,82.53500366210938,82.5999984741211,82.52999877929688,82.5999984741211,1053,0.0,0.0
2024-07-30 09:58:00-04:00,82.52999877929688,82.5625,82.51000213623047,82.54499816894531,4905,0.0,0.0
2024-07-30 09:59:00-04:00,82.51000213623047,82.54000091552734,82.48999786376953,82.54000091552734,1809,0.0,0.0
2024-07-30 10:00:00-04:00,82.51000213623047,82.55999755859375,82.4800033569336,82.55000305175781,2452,0.0,0.0
2024-07-30 10:01:00-04:00,82.54000091552734,82.58000183105469,82.4000015258789,82.42500305175781,7417,0.0,0.0
2024-07-30 10:02:00-04:00,82.43000030517578,82.43000030517578,82.27999877929688,82.29000091552734,8704,0.0,0.0
2024-07-30 10:03:00-04:00,82.29499816894531,82.37999725341797,82.2699966430664,82.29000091552734,8384,0.0,0.0
2024-07-30 10:04:00-04:00,82.28500366210938,82.44000244140625,82.28500366210938,82.44000244140625,12332,0.0,0.0
2024-07-30 10:05:00-04:00,82.3301010131836,82.41999816894531,82.3301010131836,82.41999816894531,1759,0.0,0.0
2024-07-30 10:06:00-04:00,82.4000015258789,82.41999816894531,82.30000305175781,82.41500091552734,12686,0.0,0.0
2024-07-30 10:07:00-04:00,82.41999816894531,82.44999694824219,82.41500091552734,82.41500091552734,1561,0.0,0.0
2024-07-30 10:08:00-04:00,82.43000030517578,82.47000122070312,82.40499877929688,82.44499969482422,5162,0.0,0.0
2024-07-30 10:09:00-04:00,82.44999694824219,82.44999694824219,82.36000061035156,82.37000274658203,5475,0.0,0.0
2024-07-30 10:10:00-04:00,82.33499908447266,82.41000366210938,82.33499908447266,82.4000015258789,1955,0.0,0.0
2024-07-30 10:11:00-04:00,82.41000366210938,82.41000366210938,82.30999755859375,82.30999755859375,4074,0.0,0.0
2024-07-30 10:12:00-04:00,82.29000091552734,82.29000091552734,82.19000244140625,82.19000244140625,6021,0.0,0.0
2024-07-30 10:13:00-04:00,82.08999633789062,82.08999633789062,82.06500244140625,82.06500244140625,516,0.0,0.0
2024-07-30 10:14:00-04:00,82.0199966430664,82.05000305175781,81.94999694824219,82.03500366210938,7315,0.0,0.0
2024-07-30 10:15:00-04:00,82.05000305175781,82.0999984741211,82.0199966430664,82.0999984741211,7045,0.0,0.0
2024-07-30 10:16:00-04:00,82.06999969482422,82.18000030517578,82.06999969482422,82.18000030517578,2516,0.0,0.0
2024-07-30 10:17:00-04:00,82.16000366210938,82.19000244140625,82.15499877929688,82.19000244140625,2505,0.0,0.0
2024-07-30 10:18:00-04:00,82.19999694824219,82.19999694824219,82.13999938964844,82.13999938964844,914,0.0,0.0
2024-07-30 10:19:00-04:00,82.1500015258789,82.16999816894531,82.1500015258789,82.16999816894531,1275,0.0,0.0
2024-07-30 10:20:00-04:00,82.16999816894531,82.22000122070312,82.16999816894531,82.22000122070312,1630,0.0,0.0
2024-07-30 10:21:00-04:00,82.2300033569336,82.29000091552734,82.20999908447266,82.29000091552734,3616,0.0,0.0
2024-07-30 10:22:00-04:00,82.32499694824219,82.3499984741211,82.32499694824219,82.3499984741211,1081,0.0,0.0
2024-07-30 10:23:00-04:00,82.30999755859375,82.36000061035156,82.30999755859375,82.33999633789062,2047,0.0,0.0
2024-07-30 10:24:00-04:00,82.32489776611328,82.3499984741211,82.293701171875,82.30000305175781,1925,0.0,0.0
2024-07-30 10:25:00-04:00,82.29499816894531,82.30500030517578,82.29499816894531,82.30500030517578,1883,0.0,0.0
2024-07-30 10:26:00-04:00,82.30500030517578,82.33999633789062,82.30500030517578,82.33999633789062,1558,0.0,0.0
2024-07-30 10:27:00-04:00,82.36000061035156,82.41000366210938,82.33000183105469,82.3499984741211,2666,0.0,0.0
2024-07-30 10:28:00-04:00,82.37999725341797,82.44000244140625,82.37000274658203,82.44000244140625,4046,0.0,0.0
2024-07-30 10:29:00-04:00,82.41999816894531,82.41999816894531,82.41999816894531,82.41999816894531,531,0.0,0.0
2024-07-30 10:30:00-04:00,82.38999938964844,82.4000015258789,82.33000183105469,82.33499908447266,14361,0.0,0.0
2024-07-30 10:31:00-04:00,82.31999969482422,82.38999938964844,82.25,82.38999938964844,6734,0.0,0.0
2024-07-30 10:32:00-04:00,82.38999938964844,82.45999908447266,82.38999938964844,82.45999908447266,1794,0.0,0.0
2024-07-30 10:33:00-04:00,82.54000091552734,82.54000091552734,82.4800033569336,82.4800033569336,1733,0.0,0.0
2024-07-30 10:34:00-04:00,82.4000015258789,82.44000244140625,82.36000061035156,82.36000061035156,1080,0.0,0.0
2024-07-30 10:35:00-04:00,82.30000305175781,82.30000305175781,82.30000305175781,82.30000305175781,259,0.0,0.0
2024-07-30 10:36:00-04:00,82.25499725341797,82.29000091552734,82.2249984741211,82.28600311279297,3431,0.0,0.0
2024-07-30 10:37:00-04:00,82.29000091552734,82.33999633789062,82.28900146484375,82.31999969482422,4368,0.0,0.0
2024-07-30 10:39:00-04:00,82.31999969482422,82.38999938964844,82.31999969482422,82.38999938964844,1662,0.0,0.0
2024-07-30 10:40:00-04:00,82.33899688720703,82.4000015258789,82.33899688720703,82.4000015258789,1192,0.0,0.0
2024-07-30 10:41:00-04:00,82.41000366210938,82.41000366210938,82.37000274658203,82.37000274658203,1049,0.0,0.0
2024-07-30 10:42:00-04:00,82.37999725341797,82.37999725341797,82.37000274658203,82.375,1330,0.0,0.0
2024-07-30 10:44:00-04:00,82.41000366210938,82.41000366210938,82.37999725341797,82.41000366210938,2691,0.0,0.0
2024-07-30 10:45:00-04:00,82.41000366210938,82.48999786376953,82.41000366210938,82.48999786376953,2760,0.0,0.0
2024-07-30 10:46:00-04:00,82.4800033569336,82.4800033569336,82.4800033569336,82.4800033569336,233,0.0,0.0
2024-07-30 10:47:00-04:00,82.4800033569336,82.5199966430664,82.4749984741211,82.5199966430664,2333,0.0,0.0
2024-07-30 10:48:00-04:00,82.54000091552734,82.54000091552734,82.51000213623047,82.51499938964844,2516,0.0,0.0
2024-07-30 10:49:00-04:00,82.54000091552734,82.55999755859375,82.5199966430664,82.52999877929688,5866,0.0,0.0
2024-07-30 10:51:00-04:00,82.54000091552734,82.55000305175781,82.52010345458984,82.52999877929688,1824,0.0,0.0
2024-07-30 10:52:00-04:00,82.51000213623047,82.53369903564453,82.47000122070312,82.47000122070312,2221,0.0,0.0
2024-07-30 10:53:00-04:00,82.47000122070312,82.4800033569336,82.47000122070312,82.4800033569336,654,0.0,0.0
2024-07-30 10:55:00-04:00,82.44999694824219,82.45999908447266,82.44000244140625,82.44000244140625,3334,0.0,0.0
2024-07-30 10:56:00-04:00,82.41999816894531,82.41999816894531,82.41999816894531,82.41999816894531,748,0.0,0.0
2024-07-30 10:58:00-04:00,82.41000366210938,82.44000244140625,82.41000366210938,82.44000244140625,8297,0.0,0.0
2024-07-30 10:59:00-04:00,82.41999816894531,82.4271011352539,82.40499877929688,82.40499877929688,1860,0.0,0.0
2024-07-30 11:00:00-04:00,82.39749908447266,82.40499877929688,82.39749908447266,82.40499877929688,524,0.0,0.0
2024-07-30 11:01:00-04:00,82.37999725341797,82.37999725341797,82.37999725341797,82.37999725341797,1958,0.0,0.0
2024-07-30 11:02:00-04:00,82.3499984741211,82.3499984741211,82.33000183105469,82.33000183105469,810,0.0,0.0
2024-07-30 11:03:00-04:00,82.33999633789062,82.33999633789062,82.33499908447266,82.33499908447266,2897,0.0,0.0
2024-07-30 11:04:00-04:00,82.33999633789062,82.36000061035156,82.30000305175781,82.31999969482422,3588,0.0,0.0
2024-07-30 11:05:00-04:00,82.30999755859375,82.3207015991211,82.27999877929688,82.27999877929688,3567,0.0,0.0
2024-07-30 11:06:00-04:00,82.30000305175781,82.33999633789062,82.29100036621094,82.33999633789062,5215,0.0,0.0
2024-07-30 11:07:00-04:00,82.33999633789062,82.41999816894531,82.33999633789062,82.36000061035156,3635,0.0,0.0
2024-07-30 11:08:00-04:00,82.36000061035156,82.42500305175781,82.36000061035156,82.41999816894531,5752,0.0,0.0
2024-07-30 11:09:00-04:00,82.4000015258789,82.4000015258789,82.38999938964844,82.4000015258789,1484,0.0,0.0
2024-07-30 11:10:00-04:00,82.30500030517578,82.30500030517578,82.30500030517578,82.30500030517578,1255,0.0,0.0
2024-07-30 11:11:00-04:00,82.37000274658203,82.43499755859375,82.3499984741211,82.43000030517578,9841,0.0,0.0
2024-07-30 11:12:00-04:00,82.40499877929688,82.41999816894531,82.40499877929688,82.41500091552734,2533,0.0,0.0
2024-07-30 11:13:00-04:00,82.41999816894531,82.44000244140625,82.4000015258789,82.44000244140625,2702,0.0,0.0
2024-07-30 11:15:00-04:00,82.43000030517578,82.43000030517578,82.41000366210938,82.4219970703125,667,0.0,0.0
2024-07-30 11:16:00-04:00,82.41000366210938,82.41000366210938,82.36499786376953,82.36499786376953,1642,0.0,0.0
2024-07-30 11:17:00-04:00,82.37999725341797,82.37999725341797,82.37999725341797,82.37999725341797,175,0.0,0.0
2024-07-30 11:18:00-04:00,82.4000015258789,82.43000030517578,82.4000015258789,82.42500305175781,1724,0.0,0.0
2024-07-30 11:19:00-04:00,82.41999816894531,82.4219970703125,82.4000015258789,82.4000015258789,2617,0.0,0.0
2024-07-30 11:21:00-04:00,82.41999816894531,82.43000030517578,82.38999938964844,82.43000030517578,2565,0.0,0.0
2024-07-30 11:22:00-04:00,82.33000183105469,82.33000183105469,82.33000183105469,82.33000183105469,357,0.0,0.0
2024-07-30 11:23:00-04:00,82.27010345458984,82.33999633789062,82.27010345458984,82.33999633789062,735,0.0,0.0
2024-07-30 11:24:00-04:00,82.33999633789062,82.33999633789062,82.33999633789062,82.33999633789062,426,0.0,0.0
2024-07-30 11:25:00-04:00,82.33999633789062,82.36000061035156,82.33999633789062,82.36000061035156,1510,0.0,0.0
2024-07-30 11:26:00-04:00,82.31999969482422,82.33999633789062,82.31999969482422,82.33999633789062,941,0.0,0.0
2024-07-30 11:27:00-04:00,82.31999969482422,82.31999969482422,82.31999969482422,82.31999969482422,180,0.0,0.0
2024-07-30 11:28:00-04:00,82.30000305175781,82.30000305175781,82.29000091552734,82.29000091552734,2080,0.0,0.0
2024-07-30 11:29:00-04:00,82.31999969482422,82.31999969482422,82.25,82.25,1365,0.0,0.0
2024-07-30 11:30:00-04:00,82.2300033569336,82.2300033569336,82.19999694824219,82.19999694824219,2425,0.0,0.0
2024-07-30 11:31:00-04:00,82.20999908447266,82.30000305175781,82.20999908447266,82.30000305175781,4898,0.0,0.0
2024-07-30 11:33:00-04:00,82.29000091552734,82.29000091552734,82.29000091552734,82.29000091552734,678,0.0,0.0
2024-07-30 11:34:00-04:00,82.27999877929688,82.29000091552734,82.26000213623047,82.29000091552734,1808,0.0,0.0
2024-07-30 11:35:00-04:00,82.27999877929688,82.27999877929688,82.27999877929688,82.27999877929688,791,0.0,0.0
2024-07-30 11:36:00-04:00,82.25499725341797,82.25499725341797,82.25499725341797,82.25499725341797,622,0.0,0.0
2024-07-30 11:37:00-04:00,82.2249984741211,82.23500061035156,82.1897964477539,82.1897964477539,4793,0.0,0.0
2024-07-30 11:38:00-04:00,82.19000244140625,82.19000244140625,82.13999938964844,82.15979766845703,2580,0.0,0.0
2024-07-30 11:39:00-04:00,82.12000274658203,82.12000274658203,82.11000061035156,82.11000061035156,1199,0.0,0.0
2024-07-30 11:40:00-04:00,82.08999633789062,82.12000274658203,82.08000183105469,82.08000183105469,975,0.0,0.0
2024-07-30 11:41:00-04:00,82.10790252685547,82.10790252685547,82.05999755859375,82.08000183105469,2042,0.0,0.0
2024-07-30 11:42:00-04:00,82.07009887695312,82.07009887695312,82.0199966430664,82.05000305175781,2097,0.0,0.0
2024-07-30 11:43:00-04:00,82.06220245361328,82.06999969482422,82.06220245361328,82.06999969482422,2606,0.0,0.0
2024-07-30 11:44:00-04:00,81.95999908447266,81.96710205078125,81.95999908447266,81.96710205078125,455,0.0,0.0
2024-07-30 11:45:00-04:00,81.98989868164062,82.03500366210938,81.97000122070312,82.03500366210938,2317,0.0,0.0
2024-07-30 11:46:00-04:00,82.04000091552734,82.04000091552734,82.04000091552734,82.04000091552734,534,0.0,0.0
2024-07-30 11:47:00-04:00,82.08000183105469,82.11000061035156,82.08000183105469,82.08000183105469,2112,0.0,0.0
2024-07-30 11:48:00-04:00,82.08000183105469,82.08000183105469,82.08000183105469,82.08000183105469,495,0.0,0.0
2024-07-30 11:49:00-04:00,82.0999984741211,82.12000274658203,82.08000183105469,82.08000183105469,2007,0.0,0.0
2024-07-30 11:50:00-04:00,82.0801010131836,82.09500122070312,82.06999969482422,82.06999969482422,2255,0.0,0.0
2024-07-30 11:51:00-04:00,82.11000061035156,82.11000061035156,82.11000061035156,82.11000061035156,1166,0.0,0.0
2024-07-30 11:52:00-04:00,82.08999633789062,82.1449966430664,82.08999633789062,82.1449966430664,7273,0.0,0.0
2024-07-30 11:53:00-04:00,82.12999725341797,82.12999725341797,82.04000091552734,82.05999755859375,3925,0.0,0.0
2024-07-30 11:54:00-04:00,82.05000305175781,82.08000183105469,82.05000305175781,82.08000183105469,1917,0.0,0.0
2024-07-30 11:56:00-04:00,82.06929779052734,82.06929779052734,82.06929779052734,82.06929779052734,401,0.0,0.0
2024-07-30 11:57:00-04:00,82.05999755859375,82.06999969482422,82.05999755859375,82.06999969482422,545,0.0,0.0
2024-07-30 11:58:00-04:00,82.08000183105469,82.08000183105469,82.08000183105469,82.08000183105469,1222,0.0,0.0
2024-07-30 11:59:00-04:00,82.0780029296875,82.0780029296875,82.05000305175781,82.05000305175781,1438,0.0,0.0
2024-07-30 12:00:00-04:00,82.08000183105469,82.08000183105469,82.04000091552734,82.04000091552734,2679,0.0,0.0
2024-07-30 12:01:00-04:00,82.09989929199219,82.09989929199219,82.09989929199219,82.09989929199219,1040,0.0,0.0
2024-07-30 12:02:00-04:00,81.97000122070312,81.9800033569336,81.95999908447266,81.9800033569336,849,0.0,0.0
2024-07-30 12:03:00-04:00,81.97000122070312,81.97000122070312,81.86000061035156,81.86000061035156,3122,0.0,0.0
2024-07-30 12:04:00-04:00,81.8499984741211,81.87999725341797,81.8499984741211,81.87999725341797,2396,0.0,0.0
2024-07-30 12:05:00-04:00,81.86000061035156,81.86000061035156,81.86000061035156,81.86000061035156,400,0.0,0.0
2024-07-30 12:06:00-04:00,81.87999725341797,81.93000030517578,81.87010192871094,81.87010192871094,4477,0.0,0.0
2024-07-30 12:07:00-04:00,81.87000274658203,81.87000274658203,81.87000274658203,81.87000274658203,558,0.0,0.0
2024-07-30 12:08:00-04:00,81.91999816894531,82.0,81.91000366210938,82.0,6090,0.0,0.0
2024-07-30 12:09:00-04:00,82.0,82.05000305175781,82.0,82.05000305175781,8416,0.0,0.0
2024-07-30 12:10:00-04:00,82.05000305175781,82.05000305175781,82.0250015258789,82.05000305175781,5034,0.0,0.0
2024-07-30 12:11:00-04:00,82.05000305175781,82.05000305175781,82.04499816894531,82.04499816894531,851,0.0,0.0
2024-07-30 12:12:00-04:00,82.05999755859375,82.05999755859375,82.04499816894531,82.05000305175781,3735,0.0,0.0
2024-07-30 12:13:00-04:00,82.08000183105469,82.08000183105469,81.99500274658203,81.99500274658203,12019,0.0,0.0
2024-07-30 12:14:00-04:00,82.02999877929688,82.05000305175781,82.01499938964844,82.04879760742188,3593,0.0,0.0
2024-07-30 12:15:00-04:00,82.05000305175781,82.11000061035156,82.05000305175781,82.11000061035156,2817,0.0,0.0
2024-07-30 12:16:00-04:00,82.13999938964844,82.25250244140625,82.13999938964844,82.25250244140625,4907,0.0,0.0
2024-07-30 12:17:00-04:00,82.2300033569336,82.2300033569336,82.16000366210938,82.16000366210938,4068,0.0,0.0
2024-07-30 12:18:00-04:00,82.12999725341797,82.12999725341797,82.12999725341797,82.12999725341797,2391,0.0,0.0
2024-07-30 12:20:00-04:00,82.12000274658203,82.12000274658203,82.11000061035156,82.11000061035156,658,0.0,0.0
2024-07-30 12:21:00-04:00,82.12000274658203,82.12999725341797,82.12000274658203,82.12999725341797,564,0.0,0.0
2024-07-30 12:22:00-04:00,82.13580322265625,82.16410064697266,82.13580322265625,82.16410064697266,1781,0.0,0.0
2024-07-30 12:23:00-04:00,82.16999816894531,82.16999816894531,82.11000061035156,82.11000061035156,2329,0.0,0.0
2024-07-30 12:25:00-04:00,82.12999725341797,82.16000366210938,82.11000061035156,82.11000061035156,12222,0.0,0.0
2024-07-30 12:26:00-04:00,82.11000061035156,82.11000061035156,82.11000061035156,82.11000061035156,1857,0.0,0.0
2024-07-30 12:27:00-04:00,82.13500213623047,82.1449966430664,82.13500213623047,82.1449966430664,1383,0.0,0.0
2024-07-30 12:28:00-04:00,82.1500015258789,82.15499877929688,82.1500015258789,82.15499877929688,1129,0.0,0.0
2024-07-30 12:29:00-04:00,82.16000366210938,82.16999816894531,82.16000366210938,82.16999816894531,1000,0.0,0.0
2024-07-30 12:30:00-04:00,82.18000030517578,82.19999694824219,82.12920379638672,82.12920379638672,2434,0.0,0.0
2024-07-30 12:31:00-04:00,82.14820098876953,82.14820098876953,82.08000183105469,82.08000183105469,2675,0.0,0.0
2024-07-30 12:32:00-04:00,82.08000183105469,82.08999633789062,82.08000183105469,82.08999633789062,494,0.0,0.0
2024-07-30 12:33:00-04:00,82.06999969482422,82.06999969482422,82.06999969482422,82.06999969482422,1255,0.0,0.0
2024-07-30 12:34:00-04:00,82.12000274658203,82.12000274658203,82.11990356445312,82.11990356445312,667,0.0,0.0
2024-07-30 12:35:00-04:00,82.12000274658203,82.13999938964844,82.12000274658203,82.13999938964844,1251,0.0,0.0
2024-07-30 12:36:00-04:00,82.11000061035156,82.16999816894531,82.11000061035156,82.16999816894531,2454,0.0,0.0
2024-07-30 12:37:00-04:00,82.16000366210938,82.1781997680664,82.16000366210938,82.1781997680664,1134,0.0,0.0
2024-07-30 12:38:00-04:00,82.19000244140625,82.19999694824219,82.19000244140625,82.19999694824219,888,0.0,0.0
2024-07-30 12:40:00-04:00,82.19499969482422,82.22000122070312,82.19499969482422,82.22000122070312,1627,0.0,0.0
2024-07-30 12:41:00-04:00,82.21499633789062,82.2300033569336,82.20999908447266,82.2300033569336,2105,0.0,0.0
2024-07-30 12:42:00-04:00,82.25,82.27999877929688,82.25,82.27999877929688,898,0.0,0.0
2024-07-30 12:43:00-04:00,82.2750015258789,82.2750015258789,82.25499725341797,82.25749969482422,1862,0.0,0.0
2024-07-30 12:44:00-04:00,82.25980377197266,82.25980377197266,82.25980377197266,82.25980377197266,416,0.0,0.0
2024-07-30 12:45:00-04:00,82.27999877929688,82.29000091552734,82.27050018310547,82.29000091552734,2604,0.0,0.0
2024-07-30 12:46:00-04:00,82.30000305175781,82.30999755859375,82.2300033569336,82.26000213623047,5848,0.0,0.0
2024-07-30 12:47:00-04:00,82.26000213623047,82.29000091552734,82.25,82.29000091552734,6031,0.0,0.0
2024-07-30 12:48:00-04:00,82.26000213623047,82.26000213623047,82.2300033569336,82.2300033569336,786,0.0,0.0
2024-07-30 12:49:00-04:00,82.19999694824219,82.23999786376953,82.19999694824219,82.23999786376953,268,0.0,0.0
2024-07-30 12:50:00-04:00,82.13999938964844,82.19000244140625,82.13999938964844,82.19000244140625,1018,0.0,0.0
2024-07-30 12:51:00-04:00,82.16999816894531,82.16999816894531,82.13500213623047,82.13500213623047,561,0.0,0.0
2024-07-30 12:52:00-04:00,82.12000274658203,82.1500015258789,82.08000183105469,82.08000183105469,1251,0.0,0.0
2024-07-30 12:53:00-04:00,82.08000183105469,82.08000183105469,82.05000305175781,82.05000305175781,1237,0.0,0.0
2024-07-30 12:54:00-04:00,82.03500366210938,82.03500366210938,81.94999694824219,81.94999694824219,1875,0.0,0.0
2024-07-30 12:55:00-04:00,81.94000244140625,81.95999908447266,81.93000030517578,81.94999694824219,3577,0.0,0.0
2024-07-30 12:56:00-04:00,81.95999908447266,81.98999786376953,81.95999908447266,81.97989654541016,2621,0.0,0.0
2024-07-30 12:57:00-04:00,81.98999786376953,82.05500030517578,81.98999786376953,82.05500030517578,10887,0.0,0.0
2024-07-30 12:58:00-04:00,81.9800033569336,82.0,81.9800033569336,81.98999786376953,9139,0.0,0.0
2024-07-30 12:59:00-04:00,81.9800033569336,81.9800033569336,81.94999694824219,81.97000122070312,1829,0.0,0.0
2024-07-30 13:00:00-04:00,81.94000244140625,82.04000091552734,81.93000030517578,82.01000213623047,5013,0.0,0.0
2024-07-30 13:01:00-04:00,81.97000122070312,82.01000213623047,81.97000122070312,82.00700378417969,2719,0.0,0.0
2024-07-30 13:02:00-04:00,82.00499725341797,82.01000213623047,81.9800033569336,82.0,3351,0.0,0.0
2024-07-30 13:03:00-04:00,82.0199966430664,82.05899810791016,82.0199966430664,82.02999877929688,8661,0.0,0.0
2024-07-30 13:04:00-04:00,82.02999877929688,82.0999984741211,82.02999877929688,82.0999984741211,3035,0.0,0.0
2024-07-30 13:05:00-04:00,82.08999633789062,82.09030151367188,82.08999633789062,82.09030151367188,366,0.0,0.0
2024-07-30 13:06:00-04:00,82.12000274658203,82.16000366210938,82.12000274658203,82.16000366210938,853,0.0,0.0
2024-07-30 13:07:00-04:00,82.16709899902344,82.16999816894531,82.16709899902344,82.16999816894531,676,0.0,0.0
2024-07-30 13:08:00-04:00,82.18000030517578,82.18000030517578,82.18000030517578,82.18000030517578,1141,0.0,0.0
2024-07-30 13:09:00-04:00,82.15010070800781,82.20999908447266,82.15010070800781,82.20999908447266,2308,0.0,0.0
2024-07-30 13:10:00-04:00,82.20999908447266,82.20999908447266,82.20999908447266,82.20999908447266,984,0.0,0.0
2024-07-30 13:11:00-04:00,82.21990203857422,82.21990203857422,82.21990203857422,82.21990203857422,166,0.0,0.0
2024-07-30 13:12:00-04:00,82.20999908447266,82.22000122070312,82.19499969482422,82.19999694824219,3622,0.0,0.0
2024-07-30 13:14:00-04:00,82.13999938964844,82.13999938964844,82.13999938964844,82.13999938964844,687,0.0,0.0
2024-07-30 13:15:00-04:00,82.13999938964844,82.14009857177734,82.13999938964844,82.13999938964844,3696,0.0,0.0
2024-07-30 13:16:00-04:00,82.16999816894531,82.19999694824219,82.16999816894531,82.19999694824219,7287,0.0,0.0
2024-07-30 13:17:00-04:00,82.18000030517578,82.19999694824219,82.16999816894531,82.18000030517578,11236,0.0,0.0
2024-07-30 13:18:00-04:00,82.16999816894531,82.19999694824219,82.16000366210938,82.19999694824219,3696,0.0,0.0
2024-07-30 13:19:00-04:00,82.19999694824219,82.2300033569336,82.19999694824219,82.2300033569336,8423,0.0,0.0
2024-07-30 13:20:00-04:00,82.1958999633789,82.25,82.1958999633789,82.23999786376953,5311,0.0,0.0
2024-07-30 13:21:00-04:00,82.2249984741211,82.23999786376953,82.20999908447266,82.21499633789062,4568,0.0,0.0
2024-07-30 13:22:00-04:00,82.20999908447266,82.25,82.20999908447266,82.23999786376953,3753,0.0,0.0
2024-07-30 13:23:00-04:00,82.24500274658203,82.25,82.2300033569336,82.25,3659,0.0,0.0
2024-07-30 13:24:00-04:00,82.25,82.26000213623047,82.25,82.26000213623047,1495,0.0,0.0
2024-07-30 13:25:00-04:00,82.27999877929688,82.27999877929688,82.25,82.26000213623047,1884,0.0,0.0
2024-07-30 13:26:00-04:00,82.25,82.2699966430664,82.23999786376953,82.2699966430664,6882,0.0,0.0
2024-07-30 13:27:00-04:00,82.25,82.2699966430664,82.19999694824219,82.19999694824219,7311,0.0,0.0
2024-07-30 13:28:00-04:00,82.19499969482422,82.2300033569336,82.19000244140625,82.2300033569336,5134,0.0,0.0
2024-07-30 13:29:00-04:00,82.2300033569336,82.2300033569336,82.22000122070312,82.2249984741211,2863,0.0,0.0
2024-07-30 13:30:00-04:00,82.20999908447266,82.22000122070312,82.19000244140625,82.19999694824219,5561,0.0,0.0
2024-07-30 13:31:00-04:00,82.22000122070312,82.22000122070312,82.16999816894531,82.19000244140625,7414,0.0,0.0
2024-07-30 13:32:00-04:00,82.16999816894531,82.19999694824219,82.1500015258789,82.19999694824219,2977,0.0,0.0
2024-07-30 13:33:00-04:00,82.19999694824219,82.22000122070312,82.19999694824219,82.20999908447266,4645,0.0,0.0
2024-07-30 13:34:00-04:00,82.20500183105469,82.2300033569336,82.20500183105469,82.22000122070312,2483,0.0,0.0
2024-07-30 13:35:00-04:00,82.19000244140625,82.22000122070312,82.19000244140625,82.22000122070312,3529,0.0,0.0
2024-07-30 13:36:00-04:00,82.22000122070312,82.26000213623047,82.22000122070312,82.26000213623047,5191,0.0,0.0
2024-07-30 13:37:00-04:00,82.2699966430664,82.30500030517578,82.26000213623047,82.30500030517578,3512,0.0,0.0
2024-07-30 13:38:00-04:00,82.3499984741211,82.37999725341797,82.3499984741211,82.36000061035156,2287,0.0,0.0
2024-07-30 13:39:00-04:00,82.37999725341797,82.4000015258789,82.37999725341797,82.4000015258789,1488,0.0,0.0
2024-07-30 13:40:00-04:00,82.37999725341797,82.37999725341797,82.3550033569336,82.3550033569336,1203,0.0,0.0
2024-07-30 13:41:00-04:00,82.30000305175781,82.33999633789062,82.27999877929688,82.33999633789062,3979,0.0,0.0
2024-07-30 13:42:00-04:00,82.31999969482422,82.31999969482422,82.31999969482422,82.31999969482422,235,0.0,0.0
2024-07-30 13:44:00-04:00,82.31999969482422,82.3550033569336,82.31999969482422,82.3550033569336,2517,0.0,0.0
2024-07-30 13:45:00-04:00,82.37000274658203,82.37000274658203,82.3499984741211,82.36000061035156,1323,0.0,0.0
2024-07-30 13:46:00-04:00,82.36000061035156,82.36000061035156,82.36000061035156,82.36000061035156,462,0.0,0.0
2024-07-30 13:47:00-04:00,82.3550033569336,82.3550033569336,82.31500244140625,82.31999969482422,1289,0.0,0.0
2024-07-30 13:48:00-04:00,82.30500030517578,82.33000183105469,82.30500030517578,82.33000183105469,781,0.0,0.0
2024-07-30 13:49:00-04:00,82.33999633789062,82.33999633789062,82.33999633789062,82.33999633789062,923,0.0,0.0
2024-07-30 13:50:00-04:00,82.33499908447266,82.33499908447266,82.33499908447266,82.33499908447266,686,0.0,0.0
2024-07-30 13:51:00-04:00,82.33499908447266,82.33499908447266,82.33499908447266,82.33499908447266,509,0.0,0.0
2024-07-30 13:52:00-04:00,82.31999969482422,82.31999969482422,82.30000305175781,82.30999755859375,2791,0.0,0.0
2024-07-30 13:53:00-04:00,82.36000061035156,82.36000061035156,82.36000061035156,82.36000061035156,479,0.0,0.0
2024-07-30 13:55:00-04:00,82.33999633789062,82.3499984741211,82.33999633789062,82.34500122070312,754,0.0,0.0
2024-07-30 13:56:00-04:00,82.35700225830078,82.36000061035156,82.35700225830078,82.36000061035156,1401,0.0,0.0
2024-07-30 13:57:00-04:00,82.3499984741211,82.35880279541016,82.3499984741211,82.35880279541016,1150,0.0,0.0
2024-07-30 14:00:00-04:00,82.37000274658203,82.37000274658203,82.36000061035156,82.36000061035156,4870,0.0,0.0
2024-07-30 14:01:00-04:00,82.30999755859375,82.30999755859375,82.26000213623047,82.30000305175781,1113,0.0,0.0
2024-07-30 14:02:00-04:00,82.30000305175781,82.30000305175781,82.29499816894531,82.29499816894531,930,0.0,0.0
2024-07-30 14:03:00-04:00,82.31990051269531,82.31999969482422,82.31990051269531,82.31999969482422,345,0.0,0.0
2024-07-30 14:04:00-04:00,82.31050109863281,82.31050109863281,82.30999755859375,82.30999755859375,639,0.0,0.0
2024-07-30 14:05:00-04:00,82.31999969482422,82.33999633789062,82.31999969482422,82.33999633789062,1893,0.0,0.0
2024-07-30 14:07:00-04:00,82.33000183105469,82.33000183105469,82.31999969482422,82.3218994140625,1305,0.0,0.0
2024-07-30 14:08:00-04:00,82.32499694824219,82.3499984741211,82.32499694824219,82.33999633789062,2469,0.0,0.0
2024-07-30 14:09:00-04:00,82.31999969482422,82.31999969482422,82.29750061035156,82.29750061035156,1193,0.0,0.0
2024-07-30 14:11:00-04:00,82.30999755859375,82.33999633789062,82.30000305175781,82.30000305175781,6743,0.0,0.0
2024-07-30 14:12:00-04:00,82.29499816894531,82.29499816894531,82.29499816894531,82.29499816894531,458,0.0,0.0
2024-07-30 14:13:00-04:00,82.30999755859375,82.30999755859375,82.30999755859375,82.30999755859375,200,0.0,0.0
2024-07-30 14:14:00-04:00,82.30999755859375,82.30999755859375,82.30999755859375,82.30999755859375,689,0.0,0.0
2024-07-30 14:16:00-04:00,82.33999633789062,82.33999633789062,82.30999755859375,82.30999755859375,5063,0.0,0.0
2024-07-30 14:18:00-04:00,82.31500244140625,82.33999633789062,82.30000305175781,82.33000183105469,4944,0.0,0.0
2024-07-30 14:19:00-04:00,82.33000183105469,82.33000183105469,82.29010009765625,82.29010009765625,1762,0.0,0.0
2024-07-30 14:20:00-04:00,82.29499816894531,82.31999969482422,82.29499816894531,82.30000305175781,992,0.0,0.0
2024-07-30 14:21:00-04:00,82.30000305175781,82.30000305175781,82.29000091552734,82.30000305175781,1952,0.0,0.0
2024-07-30 14:22:00-04:00,82.29000091552734,82.29000091552734,82.22000122070312,82.23999786376953,2309,0.0,0.0
2024-07-30 14:23:00-04:00,82.22720336914062,82.25,82.22720336914062,82.25,1245,0.0,0.0
2024-07-30 14:24:00-04:00,82.25,82.26000213623047,82.25,82.25479888916016,1965,0.0,0.0
2024-07-30 14:25:00-04:00,82.25,82.25,82.23999786376953,82.25,620,0.0,0.0
2024-07-30 14:26:00-04:00,82.2300033569336,82.25,82.20999908447266,82.20999908447266,2923,0.0,0.0
2024-07-30 14:27:00-04:00,82.20500183105469,82.22000122070312,82.16500091552734,82.22000122070312,8628,0.0,0.0
2024-07-30 14:28:00-04:00,82.22000122070312,82.22000122070312,82.22000122070312,82.22000122070312,686,0.0,0.0
2024-07-30 14:29:00-04:00,82.22000122070312,82.2300033569336,82.22000122070312,82.2300033569336,1645,0.0,0.0
2024-07-30 14:30:00-04:00,82.2300033569336,82.25,82.22000122070312,82.2300033569336,7693,0.0,0.0
2024-07-30 14:31:00-04:00,82.22010040283203,82.23999786376953,82.18000030517578,82.18000030517578,2075,0.0,0.0
2024-07-30 14:32:00-04:00,82.15499877929688,82.15499877929688,82.12000274658203,82.12000274658203,2426,0.0,0.0
2024-07-30 14:33:00-04:00,82.0999984741211,82.0999984741211,82.08999633789062,82.08999633789062,1918,0.0,0.0
2024-07-30 14:36:00-04:00,82.05999755859375,82.05999755859375,82.05999755859375,82.05999755859375,267,0.0,0.0
2024-07-30 14:37:00-04:00,82.05999755859375,82.08000183105469,82.05999755859375,82.08000183105469,2161,0.0,0.0
2024-07-30 14:38:00-04:00,82.08170318603516,82.08999633789062,82.06999969482422,82.08499908447266,1657,0.0,0.0
2024-07-30 14:39:00-04:00,82.08499908447266,82.08999633789062,82.08499908447266,82.08999633789062,531,0.0,0.0
2024-07-30 14:40:00-04:00,82.0999984741211,82.1500015258789,82.0999984741211,82.1500015258789,3561,0.0,0.0
2024-07-30 14:41:00-04:00,82.16500091552734,82.16500091552734,82.16500091552734,82.16500091552734,433,0.0,0.0
2024-07-30 14:42:00-04:00,82.15499877929688,82.2300033569336,82.15499877929688,82.2300033569336,4269,0.0,0.0
2024-07-30 14:43:00-04:00,82.25,82.25,82.22000122070312,82.2300033569336,5025,0.0,0.0
2024-07-30 14:44:00-04:00,82.2300033569336,82.2300033569336,82.19000244140625,82.2300033569336,7366,0.0,0.0
2024-07-30 14:45:00-04:00,82.22000122070312,82.2300033569336,82.20999908447266,82.22000122070312,6590,0.0,0.0
2024-07-30 14:46:00-04:00,82.2300033569336,82.2300033569336,82.19000244140625,82.20999908447266,7164,0.0,0.0
2024-07-30 14:47:00-04:00,82.19999694824219,82.20999908447266,82.16999816894531,82.16999816894531,2195,0.0,0.0
2024-07-30 14:48:00-04:00,82.18000030517578,82.18000030517578,82.16999816894531,82.16999816894531,852,0.0,0.0
2024-07-30 14:49:00-04:00,82.18000030517578,82.18000030517578,82.16000366210938,82.16999816894531,2131,0.0,0.0
2024-07-30 14:50:00-04:00,82.16999816894531,82.20999908447266,82.16999816894531,82.19000244140625,4860,0.0,0.0
2024-07-30 14:51:00-04:00,82.17500305175781,82.19000244140625,82.17500305175781,82.19000244140625,904,0.0,0.0
2024-07-30 14:52:00-04:00,82.17500305175781,82.17500305175781,82.17500305175781,82.17500305175781,608,0.0,0.0
2024-07-30 14:53:00-04:00,82.19000244140625,82.22000122070312,82.19000244140625,82.22000122070312,3632,0.0,0.0
2024-07-30 14:54:00-04:00,82.22000122070312,82.2300033569336,82.22000122070312,82.22000122070312,2498,0.0,0.0
2024-07-30 14:55:00-04:00,82.2300033569336,82.2300033569336,82.2300033569336,82.2300033569336,220,0.0,0.0
2024-07-30 14:56:00-04:00,82.22000122070312,82.22000122070312,82.19000244140625,82.19000244140625,1905,0.0,0.0
2024-07-30 14:57:00-04:00,82.18000030517578,82.19000244140625,82.18000030517578,82.18000030517578,2078,0.0,0.0
2024-07-30 14:59:00-04:00,82.16999816894531,82.18499755859375,82.16000366210938,82.16000366210938,4181,0.0,0.0
2024-07-30 15:00:00-04:00,82.13760375976562,82.13999938964844,82.10099792480469,82.10099792480469,1215,0.0,0.0
2024-07-30 15:01:00-04:00,82.0999984741211,82.16999816894531,82.09500122070312,82.13469696044922,7161,0.0,0.0
2024-07-30 15:02:00-04:00,82.13999938964844,82.16000366210938,82.13999938964844,82.16000366210938,977,0.0,0.0
2024-07-30 15:03:00-04:00,82.16000366210938,82.16000366210938,82.16000366210938,82.16000366210938,576,0.0,0.0
2024-07-30 15:04:00-04:00,82.16999816894531,82.19000244140625,82.16500091552734,82.19000244140625,4747,0.0,0.0
2024-07-30 15:05:00-04:00,82.19000244140625,82.19000244140625,82.17500305175781,82.18000030517578,732,0.0,0.0
2024-07-30 15:06:00-04:00,82.18000030517578,82.19999694824219,82.18000030517578,82.19000244140625,2177,0.0,0.0
2024-07-30 15:07:00-04:00,82.19000244140625,82.19999694824219,82.18000030517578,82.19000244140625,1112,0.0,0.0
2024-07-30 15:08:00-04:00,82.16999816894531,82.17500305175781,82.16999816894531,82.17500305175781,1516,0.0,0.0
2024-07-30 15:09:00-04:00,82.18000030517578,82.21499633789062,82.18000030517578,82.20999908447266,3174,0.0,0.0
2024-07-30 15:10:00-04:00,82.20500183105469,82.25,82.20500183105469,82.25,1376,0.0,0.0
2024-07-30 15:11:00-04:00,82.25,82.30999755859375,82.25,82.30999755859375,2858,0.0,0.0
2024-07-30 15:12:00-04:00,82.30000305175781,82.30000305175781,82.2699966430664,82.2699966430664,1105,0.0,0.0
2024-07-30 15:13:00-04:00,82.26380157470703,82.26380157470703,82.26380157470703,82.26380157470703,378,0.0,0.0
2024-07-30 15:14:00-04:00,82.26000213623047,82.26000213623047,82.25,82.25,2277,0.0,0.0
2024-07-30 15:15:00-04:00,82.2699966430664,82.27999877929688,82.25,82.26000213623047,2741,0.0,0.0
2024-07-30 15:16:00-04:00,82.25499725341797,82.25499725341797,82.25499725341797,82.25499725341797,448,0.0,0.0
2024-07-30 15:17:00-04:00,82.26000213623047,82.28500366210938,82.23999786376953,82.25,3873,0.0,0.0
2024-07-30 15:18:00-04:00,82.24500274658203,82.26000213623047,82.2385025024414,82.2385025024414,3390,0.0,0.0
2024-07-30 15:19:00-04:00,82.23999786376953,82.25990295410156,82.23500061035156,82.24500274658203,2511,0.0,0.0
2024-07-30 15:20:00-04:00,82.26000213623047,82.26000213623047,82.25,82.25,666,0.0,0.0
2024-07-30 15:21:00-04:00,82.25,82.25,82.2300033569336,82.2300033569336,830,0.0,0.0
2024-07-30 15:22:00-04:00,82.25,82.2699966430664,82.25,82.2699966430664,2713,0.0,0.0
2024-07-30 15:23:00-04:00,82.2699966430664,82.29000091552734,82.26830291748047,82.29000091552734,4047,0.0,0.0
2024-07-30 15:24:00-04:00,82.29000091552734,82.29000091552734,82.2750015258789,82.29000091552734,2913,0.0,0.0
2024-07-30 15:25:00-04:00,82.30000305175781,82.33499908447266,82.27999877929688,82.29620361328125,13572,0.0,0.0
2024-07-30 15:26:00-04:00,82.30000305175781,82.35179901123047,82.30000305175781,82.34500122070312,1835,0.0,0.0
2024-07-30 15:27:00-04:00,82.33000183105469,82.33000183105469,82.31999969482422,82.31999969482422,1135,0.0,0.0
2024-07-30 15:29:00-04:00,82.30000305175781,82.30000305175781,82.27999877929688,82.29000091552734,1225,0.0,0.0
2024-07-30 15:30:00-04:00,82.27999877929688,82.33000183105469,82.27999877929688,82.31999969482422,5018,0.0,0.0
2024-07-30 15:31:00-04:00,82.33999633789062,82.37000274658203,82.33999633789062,82.36499786376953,2817,0.0,0.0
2024-07-30 15:32:00-04:00,82.37000274658203,82.4000015258789,82.37000274658203,82.4000015258789,2855,0.0,0.0
2024-07-30 15:33:00-04:00,82.4000015258789,82.4000015258789,82.31999969482422,82.31999969482422,3743,0.0,0.0
2024-07-30 15:34:00-04:00,82.33499908447266,82.3499984741211,82.31999969482422,82.3499984741211,2201,0.0,0.0
2024-07-30 15:35:00-04:00,82.33000183105469,82.33499908447266,82.31999969482422,82.33499908447266,788,0.0,0.0
2024-07-30 15:36:00-04:00,82.31999969482422,82.3499984741211,82.31999969482422,82.33000183105469,2286,0.0,0.0
2024-07-30 15:37:00-04:00,82.33000183105469,82.33000183105469,82.30000305175781,82.33000183105469,3178,0.0,0.0
2024-07-30 15:38:00-04:00,82.3113021850586,82.3113021850586,82.30500030517578,82.30500030517578,940,0.0,0.0
2024-07-30 15:39:00-04:00,82.31999969482422,82.34500122070312,82.31999969482422,82.33999633789062,4730,0.0,0.0
2024-07-30 15:40:00-04:00,82.33000183105469,82.33000183105469,82.30999755859375,82.31999969482422,3528,0.0,0.0
2024-07-30 15:41:00-04:00,82.30500030517578,82.30500030517578,82.26499938964844,82.26499938964844,3603,0.0,0.0
2024-07-30 15:42:00-04:00,82.2699966430664,82.2699966430664,82.2300033569336,82.26000213623047,9775,0.0,0.0
2024-07-30 15:43:00-04:00,82.2699966430664,82.2699966430664,82.26000213623047,82.2699966430664,3172,0.0,0.0
2024-07-30 15:44:00-04:00,82.29000091552734,82.30999755859375,82.28500366210938,82.30999755859375,3731,0.0,0.0
2024-07-30 15:45:00-04:00,82.31500244140625,82.31500244140625,82.29000091552734,82.30000305175781,4110,0.0,0.0
2024-07-30 15:46:00-04:00,82.30000305175781,82.30999755859375,82.27999877929688,82.30000305175781,5122,0.0,0.0
2024-07-30 15:47:00-04:00,82.30999755859375,82.44989776611328,82.30999755859375,82.44000244140625,14727,0.0,0.0
2024-07-30 15:48:00-04:00,82.44999694824219,82.4800033569336,82.44000244140625,82.4800033569336,3772,0.0,0.0
2024-07-30 15:49:00-04:00,82.4800033569336,82.54000091552734,82.47000122070312,82.5199966430664,7907,0.0,0.0
2024-07-30 15:50:00-04:00,82.51000213623047,82.54000091552734,82.4800033569336,82.51000213623047,8304,0.0,0.0
2024-07-30 15:51:00-04:00,82.48999786376953,82.51000213623047,82.4800033569336,82.48999786376953,7178,0.0,0.0
2024-07-30 15:52:00-04:00,82.48999786376953,82.5,82.44750213623047,82.44750213623047,18875,0.0,0.0
2024-07-30 15:53:00-04:00,82.44999694824219,82.45999908447266,82.4000015258789,82.44999694824219,16871,0.0,0.0
2024-07-30 15:54:00-04:00,82.44000244140625,82.44000244140625,82.29000091552734,82.30999755859375,12705,0.0,0.0
2024-07-30 15:55:00-04:00,82.31999969482422,82.51499938964844,82.31999969482422,82.50499725341797,24619,0.0,0.0
2024-07-30 15:56:00-04:00,82.5,82.5,82.47000122070312,82.4800033569336,24274,0.0,0.0
2024-07-30 15:57:00-04:00,82.4800033569336,82.5,82.45500183105469,82.4749984741211,18812,0.0,0.0
2024-07-30 15:58:00-04:00,82.4800033569336,82.52999877929688,82.44999694824219,82.5199966430664,31077,0.0,0.0
2024-07-30 15:59:00-04:00,82.51000213623047,82.5199966430664,82.47000122070312,82.5199966430664,58427,0.0,0.0
2024-07-31 09:30:00-04:00,82.87000274658203,82.91999816894531,82.76000213623047,82.76000213623047,15708,0.0,0.0
2024-07-31 09:31:00-04:00,82.81999969482422,83.12999725341797,82.81999969482422,83.12999725341797,3565,0.0,0.0
2024-07-31 09:32:00-04:00,83.0,83.34010314941406,83.0,83.34010314941406,12155,0.0,0.0
2024-07-31 09:33:00-04:00,83.5,83.78160095214844,83.45999908447266,83.78160095214844,22649,0.0,0.0
2024-07-31 09:34:00-04:00,83.61499786376953,83.61499786376953,83.4000015258789,83.4000015258789,7397,0.0,0.0
2024-07-31 09:35:00-04:00,83.45999908447266,83.48999786376953,83.0199966430664,83.4000015258789,14169,0.0,0.0
2024-07-31 09:36:00-04:00,83.43000030517578,83.63999938964844,83.2300033569336,83.61519622802734,6398,0.0,0.0
2024-07-31 09:37:00-04:00,83.46499633789062,83.46499633789062,83.33999633789062,83.43000030517578,2813,0.0,0.0
2024-07-31 09:38:00-04:00,83.41000366210938,83.41000366210938,83.28500366210938,83.33000183105469,4205,0.0,0.0
2024-07-31 09:39:00-04:00,83.1500015258789,83.44999694824219,83.05999755859375,83.44999694824219,17536,0.0,0.0
2024-07-31 09:41:00-04:00,83.41999816894531,83.6500015258789,83.33209991455078,83.6500015258789,5948,0.0,0.0
2024-07-31 09:42:00-04:00,83.6500015258789,83.6500015258789,83.47000122070312,83.48500061035156,1837,0.0,0.0
2024-07-31 09:43:00-04:00,83.51000213623047,83.81500244140625,83.51000213623047,83.80000305175781,9286,0.0,0.0
2024-07-31 09:44:00-04:00,83.80000305175781,83.80000305175781,83.58000183105469,83.69000244140625,9626,0.0,0.0
2024-07-31 09:45:00-04:00,83.70670318603516,83.7750015258789,83.70670318603516,83.7699966430664,1952,0.0,0.0
2024-07-31 09:47:00-04:00,83.69110107421875,83.7699966430664,83.69110107421875,83.7699966430664,4858,0.0,0.0
2024-07-31 09:48:00-04:00,83.69499969482422,83.7750015258789,83.69249725341797,83.7750015258789,2589,0.0,0.0
2024-07-31 09:49:00-04:00,83.75,83.83999633789062,83.75,83.79499816894531,3942,0.0,0.0
2024-07-31 09:50:00-04:00,83.76000213623047,83.80999755859375,83.73999786376953,83.80999755859375,1966,0.0,0.0
2024-07-31 09:51:00-04:00,83.83000183105469,83.83000183105469,83.7699966430664,83.81999969482422,5519,0.0,0.0
2024-07-31 09:52:00-04:00,83.76210021972656,83.77999877929688,83.63999938964844,83.66000366210938,8633,0.0,0.0
2024-07-31 09:53:00-04:00,83.6614990234375,83.70999908447266,83.62999725341797,83.62999725341797,3456,0.0,0.0
2024-07-31 09:54:00-04:00,83.625,83.625,83.41999816894531,83.5,4722,0.0,0.0
2024-07-31 09:55:00-04:00,83.58000183105469,83.62999725341797,83.55500030517578,83.58999633789062,2219,0.0,0.0
2024-07-31 09:56:00-04:00,83.59339904785156,83.59339904785156,83.51000213623047,83.51000213623047,2730,0.0,0.0
2024-07-31 09:57:00-04:00,83.56999969482422,83.56999969482422,83.4800033569336,83.55000305175781,6459,0.0,0.0
2024-07-31 09:58:00-04:00,83.54000091552734,83.54499816894531,83.41999816894531,83.41999816894531,5268,0.0,0.0
2024-07-31 09:59:00-04:00,83.5,83.58000183105469,83.5,83.55000305175781,3710,0.0,0.0
2024-07-31 10:00:00-04:00,83.66999816894531,83.73999786376953,83.5,83.62999725341797,35309,0.0,0.0
2024-07-31 10:01:00-04:00,83.66000366210938,83.66000366210938,82.99500274658203,83.04000091552734,84420,0.0,0.0
2024-07-31 10:02:00-04:00,83.04000091552734,83.10449981689453,82.91999816894531,83.01000213623047,9153,0.0,0.0
2024-07-31 10:03:00-04:00,83.0199966430664,83.02999877929688,82.91000366210938,82.98500061035156,5107,0.0,0.0
2024-07-31 10:04:00-04:00,82.9800033569336,83.08499908447266,82.95249938964844,82.96499633789062,10580,0.0,0.0
2024-07-31 10:05:00-04:00,82.94999694824219,83.04000091552734,82.94999694824219,83.04000091552734,2632,0.0,0.0
2024-07-31 10:06:00-04:00,83.06999969482422,83.06999969482422,82.83999633789062,82.91999816894531,4734,0.0,0.0
2024-07-31 10:07:00-04:00,82.91999816894531,82.96499633789062,82.91999816894531,82.96499633789062,814,0.0,0.0
2024-07-31 10:08:00-04:00,83.02999877929688,83.04000091552734,83.01499938964844,83.04000091552734,2139,0.0,0.0
2024-07-31 10:09:00-04:00,83.05999755859375,83.05999755859375,82.98999786376953,82.98999786376953,2713,0.0,0.0
2024-07-31 10:10:00-04:00,83.0999984741211,83.18000030517578,83.08000183105469,83.18000030517578,2514,0.0,0.0
2024-07-31 10:11:00-04:00,83.25,83.2699966430664,83.13999938964844,83.2300033569336,2649,0.0,0.0
2024-07-31 10:12:00-04:00,83.25,83.38999938964844,83.25,83.38999938964844,2423,0.0,0.0
2024-07-31 10:13:00-04:00,83.34500122070312,83.44999694824219,83.34500122070312,83.37999725341797,4819,0.0,0.0
2024-07-31 10:14:00-04:00,83.38999938964844,83.45999908447266,83.38999938964844,83.44000244140625,3322,0.0,0.0
2024-07-31 10:15:00-04:00,83.45999908447266,83.45999908447266,83.45999908447266,83.45999908447266,811,0.0,0.0
2024-07-31 10:16:00-04:00,83.5,83.61000061035156,83.45999908447266,83.5199966430664,14731,0.0,0.0
2024-07-31 10:17:00-04:00,83.4800033569336,83.5199966430664,83.4800033569336,83.5199966430664,2143,0.0,0.0
2024-07-31 10:18:00-04:00,83.54000091552734,83.55999755859375,83.50499725341797,83.55999755859375,2775,0.0,0.0
2024-07-31 10:19:00-04:00,83.5199966430664,83.55000305175781,83.33999633789062,83.37000274658203,8535,0.0,0.0
2024-07-31 10:20:00-04:00,83.4000015258789,83.41000366210938,83.29750061035156,83.3550033569336,4660,0.0,0.0
2024-07-31 10:21:00-04:00,83.31999969482422,83.31999969482422,83.31999969482422,83.31999969482422,560,0.0,0.0
2024-07-31 10:22:00-04:00,83.2300033569336,83.2300033569336,83.14749908447266,83.2300033569336,4356,0.0,0.0
2024-07-31 10:23:00-04:00,83.2300033569336,83.26000213623047,83.18000030517578,83.25,2459,0.0,0.0
2024-07-31 10:24:00-04:00,83.27999877929688,83.36000061035156,83.27999877929688,83.33000183105469,1157,0.0,0.0
2024-07-31 10:25:00-04:00,83.28500366210938,83.30000305175781,83.26000213623047,83.29499816894531,3320,0.0,0.0
2024-07-31 10:26:00-04:00,83.4000015258789,83.4000015258789,83.4000015258789,83.4000015258789,101,0.0,0.0
2024-07-31 10:27:00-04:00,83.3499984741211,83.38999938964844,83.30999755859375,83.30999755859375,2960,0.0,0.0
2024-07-31 10:28:00-04:00,83.4000015258789,83.4800033569336,83.4000015258789,83.4800033569336,763,0.0,0.0
2024-07-31 10:29:00-04:00,83.42410278320312,83.45999908447266,83.38500213623047,83.45999908447266,1764,0.0,0.0
2024-07-31 10:30:00-04:00,83.44499969482422,83.5,83.44499969482422,83.48999786376953,1638,0.0,0.0
2024-07-31 10:31:00-04:00,83.50559997558594,83.54000091552734,83.50559997558594,83.54000091552734,1366,0.0,0.0
2024-07-31 10:32:00-04:00,83.52999877929688,83.54000091552734,83.5,83.54000091552734,1350,0.0,0.0
2024-07-31 10:33:00-04:00,83.54000091552734,83.55500030517578,83.4000015258789,83.41000366210938,3961,0.0,0.0
2024-07-31 10:34:00-04:00,83.41999816894531,83.49500274658203,83.41999816894531,83.47000122070312,3914,0.0,0.0
2024-07-31 10:35:00-04:00,83.54000091552734,83.55000305175781,83.4800033569336,83.54000091552734,2821,0.0,0.0
2024-07-31 10:36:00-04:00,83.47000122070312,83.47000122070312,83.27999877929688,83.27999877929688,3850,0.0,0.0
2024-07-31 10:37:00-04:00,83.2699966430664,83.4000015258789,83.2699966430664,83.4000015258789,1670,0.0,0.0
2024-07-31 10:38:00-04:00,83.41999816894531,83.44999694824219,83.41999816894531,83.44000244140625,1471,0.0,0.0
2024-07-31 10:39:00-04:00,83.4000015258789,83.4000015258789,83.36009979248047,83.36009979248047,1092,0.0,0.0
2024-07-31 10:40:00-04:00,83.4000015258789,83.4000015258789,83.33000183105469,83.33000183105469,997,0.0,0.0
2024-07-31 10:41:00-04:00,83.32039642333984,83.32039642333984,83.2699966430664,83.2699966430664,562,0.0,0.0
2024-07-31 10:42:00-04:00,83.2249984741211,83.27999877929688,83.18000030517578,83.27999877929688,4621,0.0,0.0
2024-07-31 10:43:00-04:00,83.29000091552734,83.29000091552734,83.20500183105469,83.20500183105469,1447,0.0,0.0
2024-07-31 10:44:00-04:00,83.23999786376953,83.23999786376953,83.21279907226562,83.2300033569336,1674,0.0,0.0
2024-07-31 10:45:00-04:00,83.22000122070312,83.25,83.22000122070312,83.25,1248,0.0,0.0
2024-07-31 10:46:00-04:00,83.26000213623047,83.27999877929688,83.25,83.25,1523,0.0,0.0
2024-07-31 10:47:00-04:00,83.26000213623047,83.30000305175781,83.26000213623047,83.30000305175781,837,0.0,0.0
2024-07-31 10:48:00-04:00,83.30999755859375,83.30999755859375,83.27999877929688,83.29000091552734,1803,0.0,0.0
2024-07-31 10:49:00-04:00,83.27999877929688,83.37000274658203,83.27999877929688,83.37000274658203,763,0.0,0.0
2024-07-31 10:50:00-04:00,83.30999755859375,83.30999755859375,83.29000091552734,83.29000091552734,1231,0.0,0.0
2024-07-31 10:51:00-04:00,83.20999908447266,83.29000091552734,83.20999908447266,83.2699966430664,4004,0.0,0.0
2024-07-31 10:52:00-04:00,83.26499938964844,83.26499938964844,83.16000366210938,83.17500305175781,5445,0.0,0.0
2024-07-31 10:53:00-04:00,83.1500015258789,83.1500015258789,83.0999984741211,83.0999984741211,900,0.0,0.0
2024-07-31 10:54:00-04:00,83.12999725341797,83.12999725341797,83.12999725341797,83.12999725341797,1803,0.0,0.0
2024-07-31 10:55:00-04:00,83.13999938964844,83.16000366210938,83.13999938964844,83.16000366210938,1864,0.0,0.0
2024-07-31 10:56:00-04:00,83.19000244140625,83.19000244140625,83.19000244140625,83.19000244140625,248,0.0,0.0
2024-07-31 10:57:00-04:00,83.19999694824219,83.22899627685547,83.18000030517578,83.18499755859375,2040,0.0,0.0
2024-07-31 10:58:00-04:00,83.19999694824219,83.26000213623047,83.19999694824219,83.26000213623047,1327,0.0,0.0
2024-07-31 10:59:00-04:00,83.24600219726562,83.24600219726562,83.16000366210938,83.18000030517578,1443,0.0,0.0
2024-07-31 11:00:00-04:00,83.18000030517578,83.25,83.18000030517578,83.25,1893,0.0,0.0
2024-07-31 11:01:00-04:00,83.23500061035156,83.33999633789062,83.23500061035156,83.33999633789062,1756,0.0,0.0
2024-07-31 11:03:00-04:00,83.29499816894531,83.36000061035156,83.29499816894531,83.36000061035156,994,0.0,0.0
2024-07-31 11:04:00-04:00,83.375,83.38999938964844,83.33999633789062,83.38999938964844,14002,0.0,0.0
2024-07-31 11:05:00-04:00,83.38500213623047,83.4000015258789,83.37000274658203,83.37000274658203,656,0.0,0.0
2024-07-31 11:06:00-04:00,83.37999725341797,83.3949966430664,83.37999725341797,83.3949966430664,756,0.0,0.0
2024-07-31 11:07:00-04:00,83.33000183105469,83.3499984741211,83.33000183105469,83.3499984741211,520,0.0,0.0
2024-07-31 11:08:00-04:00,83.37000274658203,83.41000366210938,83.36499786376953,83.41000366210938,3648,0.0,0.0
2024-07-31 11:09:00-04:00,83.36000061035156,83.37000274658203,83.3499984741211,83.3499984741211,976,0.0,0.0
2024-07-31 11:10:00-04:00,83.3499984741211,83.37000274658203,83.2699966430664,83.30999755859375,13389,0.0,0.0
2024-07-31 11:11:00-04:00,83.2750015258789,83.30999755859375,83.26000213623047,83.27069854736328,1581,0.0,0.0
2024-07-31 11:12:00-04:00,83.26000213623047,83.26499938964844,83.2300033569336,83.26499938964844,937,0.0,0.0
2024-07-31 11:13:00-04:00,83.30000305175781,83.30000305175781,83.30000305175781,83.30000305175781,1580,0.0,0.0
2024-07-31 11:14:00-04:00,83.33999633789062,83.37000274658203,83.33999633789062,83.37000274658203,1014,0.0,0.0
2024-07-31 11:15:00-04:00,83.33999633789062,83.33999633789062,83.33999633789062,83.33999633789062,710,0.0,0.0
2024-07-31 11:16:00-04:00,83.31999969482422,83.33000183105469,83.31999969482422,83.33000183105469,1223,0.0,0.0
2024-07-31 11:18:00-04:00,83.31999969482422,83.37999725341797,83.31999969482422,83.37999725341797,1625,0.0,0.0
2024-07-31 11:19:00-04:00,83.38999938964844,83.41999816894531,83.38500213623047,83.38500213623047,2306,0.0,0.0
2024-07-31 11:21:00-04:00,83.44000244140625,83.48999786376953,83.44000244140625,83.48999786376953,2086,0.0,0.0
2024-07-31 11:22:00-04:00,83.44999694824219,83.44999694824219,83.44000244140625,83.44000244140625,938,0.0,0.0
2024-07-31 11:23:00-04:00,83.44499969482422,83.44499969482422,83.44000244140625,83.44000244140625,766,0.0,0.0
2024-07-31 11:24:00-04:00,83.4800033569336,83.50499725341797,83.4800033569336,83.50499725341797,2532,0.0,0.0
2024-07-31 11:25:00-04:00,83.4800033569336,83.48999786376953,83.4749984741211,83.4749984741211,1242,0.0,0.0
2024-07-31 11:26:00-04:00,83.43499755859375,83.4374008178711,83.43499755859375,83.4374008178711,1095,0.0,0.0
2024-07-31 11:27:00-04:00,83.45999908447266,83.45999908447266,83.44000244140625,83.44999694824219,1587,0.0,0.0
2024-07-31 11:28:00-04:00,83.4000015258789,83.4000015258789,83.4000015258789,83.4000015258789,877,0.0,0.0
2024-07-31 11:29:00-04:00,83.44000244140625,83.44000244140625,83.33999633789062,83.37999725341797,2330,0.0,0.0
2024-07-31 11:30:00-04:00,83.36000061035156,83.36000061035156,83.36000061035156,83.36000061035156,744,0.0,0.0
2024-07-31 11:31:00-04:00,83.33000183105469,83.40499877929688,83.33000183105469,83.40499877929688,2026,0.0,0.0
2024-07-31 11:32:00-04:00,83.37000274658203,83.38999938964844,83.34100341796875,83.34100341796875,2577,0.0,0.0
2024-07-31 11:33:00-04:00,83.36000061035156,83.36000061035156,83.29000091552734,83.33999633789062,2817,0.0,0.0
2024-07-31 11:34:00-04:00,83.31500244140625,83.31999969482422,83.30999755859375,83.31999969482422,959,0.0,0.0
2024-07-31 11:35:00-04:00,83.33000183105469,83.33000183105469,83.2699966430664,83.2699966430664,1728,0.0,0.0
2024-07-31 11:36:00-04:00,83.25,83.27999877929688,83.25,83.27999877929688,732,0.0,0.0
2024-07-31 11:37:00-04:00,83.23999786376953,83.23999786376953,83.16999816894531,83.23999786376953,7814,0.0,0.0
2024-07-31 11:38:00-04:00,83.19010162353516,83.19010162353516,83.18000030517578,83.18000030517578,1583,0.0,0.0
2024-07-31 11:39:00-04:00,83.22000122070312,83.2699966430664,83.19999694824219,83.2699966430664,5548,0.0,0.0
2024-07-31 11:40:00-04:00,83.23690032958984,83.23690032958984,83.20500183105469,83.20500183105469,1267,0.0,0.0
2024-07-31 11:41:00-04:00,83.16000366210938,83.16000366210938,82.9800033569336,83.01499938964844,65816,0.0,0.0
2024-07-31 11:42:00-04:00,82.98999786376953,83.06500244140625,82.98999786376953,83.06500244140625,2236,0.0,0.0
2024-07-31 11:43:00-04:00,83.04000091552734,83.06999969482422,83.03500366210938,83.06999969482422,2738,0.0,0.0
2024-07-31 11:44:00-04:00,83.12999725341797,83.1500015258789,83.0999984741211,83.13500213623047,4968,0.0,0.0
2024-07-31 11:46:00-04:00,83.20359802246094,83.20359802246094,83.20359802246094,83.20359802246094,529,0.0,0.0
2024-07-31 11:47:00-04:00,83.19000244140625,83.23999786376953,83.18000030517578,83.19499969482422,1654,0.0,0.0
2024-07-31 11:48:00-04:00,83.15499877929688,83.16500091552734,83.15499877929688,83.16000366210938,756,0.0,0.0
2024-07-31 11:49:00-04:00,83.16999816894531,83.19499969482422,83.16999816894531,83.19499969482422,1265,0.0,0.0
2024-07-31 11:50:00-04:00,83.23999786376953,83.23999786376953,83.23999786376953,83.23999786376953,972,0.0,0.0
2024-07-31 11:51:00-04:00,83.18000030517578,83.18000030517578,83.16000366210938,83.16000366210938,1697,0.0,0.0
2024-07-31 11:52:00-04:00,83.08999633789062,83.12999725341797,83.06999969482422,83.06999969482422,1609,0.0,0.0
2024-07-31 11:53:00-04:00,83.06999969482422,83.16999816894531,83.06999969482422,83.13999938964844,6406,0.0,0.0
2024-07-31 11:54:00-04:00,83.19499969482422,83.19499969482422,83.12999725341797,83.18000030517578,4359,0.0,0.0
2024-07-31 11:55:00-04:00,83.16000366210938,83.16000366210938,83.10009765625,83.10009765625,2245,0.0,0.0
2024-07-31 11:57:00-04:00,83.0999984741211,83.12999725341797,83.0999984741211,83.12000274658203,1300,0.0,0.0
2024-07-31 11:58:00-04:00,83.12999725341797,83.16000366210938,83.12999725341797,83.16000366210938,1026,0.0,0.0
2024-07-31 11:59:00-04:00,83.19000244140625,83.19000244140625,83.15010070800781,83.15010070800781,791,0.0,0.0
2024-07-31 12:00:00-04:00,83.16999816894531,83.16999816894531,83.16999816894531,83.16999816894531,4470,0.0,0.0
2024-07-31 12:01:00-04:00,83.18000030517578,83.25,83.18000030517578,83.25,2423,0.0,0.0
2024-07-31 12:02:00-04:00,83.26000213623047,83.26000213623047,83.19000244140625,83.19000244140625,1700,0.0,0.0
2024-07-31 12:04:00-04:00,83.19000244140625,83.19000244140625,83.19000244140625,83.19000244140625,1546,0.0,0.0
2024-07-31 12:06:00-04:00,83.25,83.26000213623047,83.2300033569336,83.24500274658203,7637,0.0,0.0
2024-07-31 12:07:00-04:00,83.25,83.27619934082031,83.25,83.25469970703125,2931,0.0,0.0
2024-07-31 12:08:00-04:00,83.34500122070312,83.36499786376953,83.34500122070312,83.36499786376953,930,0.0,0.0
2024-07-31 12:09:00-04:00,83.4000015258789,83.43499755859375,83.37999725341797,83.43000030517578,4129,0.0,0.0
2024-07-31 12:10:00-04:00,83.42500305175781,83.44999694824219,83.39759826660156,83.39759826660156,2975,0.0,0.0
2024-07-31 12:11:00-04:00,83.4000015258789,83.46600341796875,83.4000015258789,83.43000030517578,1171,0.0,0.0
2024-07-31 12:12:00-04:00,83.44999694824219,83.51000213623047,83.44999694824219,83.44999694824219,8330,0.0,0.0
2024-07-31 12:13:00-04:00,83.45999908447266,83.45999908447266,83.43000030517578,83.43000030517578,1249,0.0,0.0
2024-07-31 12:14:00-04:00,83.44999694824219,83.44999694824219,83.44999694824219,83.44999694824219,665,0.0,0.0
2024-07-31 12:15:00-04:00,83.5,83.5,83.45999908447266,83.47000122070312,1875,0.0,0.0
2024-07-31 12:17:00-04:00,83.43000030517578,83.44999694824219,83.43000030517578,83.44999694824219,2330,0.0,0.0
2024-07-31 12:18:00-04:00,83.45999908447266,83.45999908447266,83.4000015258789,83.41000366210938,1715,0.0,0.0
2024-07-31 12:19:00-04:00,83.3949966430664,83.40599822998047,83.3865966796875,83.40599822998047,1375,0.0,0.0
2024-07-31 12:20:00-04:00,83.41999816894531,83.41999816894531,83.41999816894531,83.41999816894531,352,0.0,0.0
2024-07-31 12:21:00-04:00,83.4000015258789,83.4000015258789,83.4000015258789,83.4000015258789,420,0.0,0.0
2024-07-31 12:22:00-04:00,83.44499969482422,83.44499969482422,83.44499969482422,83.44499969482422,778,0.0,0.0
2024-07-31 12:24:00-04:00,83.44000244140625,83.44000244140625,83.42500305175781,83.42500305175781,3358,0.0,0.0
2024-07-31 12:27:00-04:00,83.44999694824219,83.44999694824219,83.43000030517578,83.44999694824219,1458,0.0,0.0
2024-07-31 12:28:00-04:00,83.43900299072266,83.44999694824219,83.43900299072266,83.44999694824219,1151,0.0,0.0
2024-07-31 12:29:00-04:00,83.41999816894531,83.45999908447266,83.41999816894531,83.44180297851562,2522,0.0,0.0
2024-07-31 12:30:00-04:00,83.43000030517578,83.43000030517578,83.43000030517578,83.43000030517578,1152,0.0,0.0
2024-07-31 12:31:00-04:00,83.45469665527344,83.51000213623047,83.44999694824219,83.51000213623047,6657,0.0,0.0
2024-07-31 12:33:00-04:00,83.5199966430664,83.54000091552734,83.51000213623047,83.54000091552734,3069,0.0,0.0
2024-07-31 12:34:00-04:00,83.5250015258789,83.5250015258789,83.5199966430664,83.5199966430664,1231,0.0,0.0
2024-07-31 12:35:00-04:00,83.51000213623047,83.54000091552734,83.51000213623047,83.54000091552734,717,0.0,0.0
2024-07-31 12:36:00-04:00,83.54000091552734,83.54000091552734,83.45999908447266,83.45999908447266,5290,0.0,0.0
2024-07-31 12:37:00-04:00,83.4800033569336,83.48999786376953,83.4656982421875,83.48999786376953,1973,0.0,0.0
2024-07-31 12:38:00-04:00,83.45999908447266,83.47000122070312,83.43000030517578,83.47000122070312,912,0.0,0.0
2024-07-31 12:39:00-04:00,83.44999694824219,83.48999786376953,83.44999694824219,83.48999786376953,4599,0.0,0.0
2024-07-31 12:41:00-04:00,83.48999786376953,83.52999877929688,83.48999786376953,83.52999877929688,3075,0.0,0.0
2024-07-31 12:42:00-04:00,83.5,83.52999877929688,83.48999786376953,83.5,2058,0.0,0.0
2024-07-31 12:43:00-04:00,83.49500274658203,83.5,83.48590087890625,83.48590087890625,603,0.0,0.0
2024-07-31 12:44:00-04:00,83.4990005493164,83.5,83.46499633789062,83.5,5627,0.0,0.0
2024-07-31 12:45:00-04:00,83.50499725341797,83.51000213623047,83.49500274658203,83.5,6800,0.0,0.0
2024-07-31 12:46:00-04:00,83.51000213623047,83.5199966430664,83.48999786376953,83.502197265625,3361,0.0,0.0
2024-07-31 12:47:00-04:00,83.5,83.51000213623047,83.4800033569336,83.4800033569336,1317,0.0,0.0
2024-07-31 12:48:00-04:00,83.5,83.51499938964844,83.5,83.51000213623047,1437,0.0,0.0
2024-07-31 12:49:00-04:00,83.5,83.5,83.5,83.5,409,0.0,0.0
2024-07-31 12:50:00-04:00,83.51010131835938,83.52999877929688,83.51000213623047,83.5199966430664,1971,0.0,0.0
2024-07-31 12:51:00-04:00,83.51000213623047,83.52100372314453,83.48999786376953,83.52100372314453,2555,0.0,0.0
2024-07-31 12:52:00-04:00,83.51000213623047,83.51000213623047,83.48999786376953,83.48999786376953,673,0.0,0.0
2024-07-31 12:53:00-04:00,83.49500274658203,83.49500274658203,83.49500274658203,83.49500274658203,128,0.0,0.0
2024-07-31 12:54:00-04:00,83.49320220947266,83.49320220947266,83.47000122070312,83.47000122070312,1182,0.0,0.0
2024-07-31 12:55:00-04:00,83.4800033569336,83.4800033569336,83.4800033569336,83.4800033569336,637,0.0,0.0
2024-07-31 12:56:00-04:00,83.5199966430664,83.53800201416016,83.5199966430664,83.53800201416016,1015,0.0,0.0
2024-07-31 12:57:00-04:00,83.5199966430664,83.5199966430664,83.51000213623047,83.51000213623047,830,0.0,0.0
2024-07-31 12:58:00-04:00,83.5,83.5,83.45999908447266,83.45999908447266,2082,0.0,0.0
2024-07-31 13:00:00-04:00,83.44999694824219,83.48999786376953,83.44999694824219,83.48999786376953,1255,0.0,0.0
2024-07-31 13:02:00-04:00,83.5199966430664,83.53500366210938,83.5199966430664,83.53500366210938,466,0.0,0.0
2024-07-31 13:03:00-04:00,83.5000991821289,83.5000991821289,83.49500274658203,83.49500274658203,1268,0.0,0.0
2024-07-31 13:05:00-04:00,83.54000091552734,83.62000274658203,83.54000091552734,83.61000061035156,16687,0.0,0.0
2024-07-31 13:06:00-04:00,83.58999633789062,83.59989929199219,83.5719985961914,83.58000183105469,1611,0.0,0.0
2024-07-31 13:07:00-04:00,83.58000183105469,83.62699890136719,83.55999755859375,83.5999984741211,2347,0.0,0.0
2024-07-31 13:08:00-04:00,83.58000183105469,83.5802001953125,83.55000305175781,83.57499694824219,3056,0.0,0.0
2024-07-31 13:09:00-04:00,83.55000305175781,83.55000305175781,83.48999786376953,83.48999786376953,2220,0.0,0.0
2024-07-31 13:10:00-04:00,83.48999786376953,83.5199966430664,83.48999786376953,83.5199966430664,1375,0.0,0.0
2024-07-31 13:11:00-04:00,83.51000213623047,83.5199966430664,83.51000213623047,83.51000213623047,1961,0.0,0.0
2024-07-31 13:13:00-04:00,83.54000091552734,83.57990264892578,83.54000091552734,83.56700134277344,903,0.0,0.0
2024-07-31 13:14:00-04:00,83.55000305175781,83.56999969482422,83.55000305175781,83.56999969482422,689,0.0,0.0
2024-07-31 13:15:00-04:00,83.55999755859375,83.55999755859375,83.55999755859375,83.55999755859375,1004,0.0,0.0
2024-07-31 13:17:00-04:00,83.51000213623047,83.51000213623047,83.4800033569336,83.4800033569336,2857,0.0,0.0
2024-07-31 13:18:00-04:00,83.4800033569336,83.4800033569336,83.41000366210938,83.41000366210938,1350,0.0,0.0
2024-07-31 13:19:00-04:00,83.41000366210938,83.41999816894531,83.36000061035156,83.36000061035156,1351,0.0,0.0
2024-07-31 13:20:00-04:00,83.36000061035156,83.41899871826172,83.36000061035156,83.3949966430664,1875,0.0,0.0
2024-07-31 13:21:00-04:00,83.4000015258789,83.41000366210938,83.4000015258789,83.41000366210938,959,0.0,0.0
2024-07-31 13:23:00-04:00,83.41790008544922,83.42900085449219,83.41790008544922,83.42900085449219,481,0.0,0.0
2024-07-31 13:24:00-04:00,83.4000015258789,83.43000030517578,83.38999938964844,83.43000030517578,8631,0.0,0.0
2024-07-31 13:25:00-04:00,83.38780212402344,83.38780212402344,83.38780212402344,83.38780212402344,656,0.0,0.0
2024-07-31 13:26:00-04:00,83.37999725341797,83.38999938964844,83.37999725341797,83.38999938964844,421,0.0,0.0
2024-07-31 13:27:00-04:00,83.36000061035156,83.37000274658203,83.36000061035156,83.37000274658203,1799,0.0,0.0
2024-07-31 13:28:00-04:00,83.3499984741211,83.37000274658203,83.3499984741211,83.37000274658203,655,0.0,0.0
2024-07-31 13:29:00-04:00,83.4000015258789,83.40699768066406,83.4000015258789,83.40699768066406,532,0.0,0.0
2024-07-31 13:30:00-04:00,83.41999816894531,83.41999816894531,83.30000305175781,83.30000305175781,2190,0.0,0.0
2024-07-31 13:31:00-04:00,83.2699966430664,83.27999877929688,83.2699966430664,83.27999877929688,859,0.0,0.0
2024-07-31 13:32:00-04:00,83.20999908447266,83.2699966430664,83.20999908447266,83.26499938964844,2921,0.0,0.0
2024-07-31 13:33:00-04:00,83.23400115966797,83.23400115966797,83.23400115966797,83.23400115966797,935,0.0,0.0
2024-07-31 13:34:00-04:00,83.2300033569336,83.23999786376953,83.2300033569336,83.23999786376953,1432,0.0,0.0
2024-07-31 13:35:00-04:00,83.23999786376953,83.26000213623047,83.23999786376953,83.26000213623047,1822,0.0,0.0
2024-07-31 13:36:00-04:00,83.24500274658203,83.2699966430664,83.24500274658203,83.2699966430664,1047,0.0,0.0
2024-07-31 13:37:00-04:00,83.2699966430664,83.30000305175781,83.25,83.2699966430664,2892,0.0,0.0
2024-07-31 13:39:00-04:00,83.22000122070312,83.22000122070312,83.1884994506836,83.19499969482422,1081,0.0,0.0
2024-07-31 13:40:00-04:00,83.19999694824219,83.23999786376953,83.19999694824219,83.2300033569336,1423,0.0,0.0
2024-07-31 13:41:00-04:00,83.18000030517578,83.18000030517578,83.16000366210938,83.16000366210938,474,0.0,0.0
2024-07-31 13:42:00-04:00,83.1500015258789,83.1500015258789,83.12999725341797,83.12999725341797,1560,0.0,0.0
2024-07-31 13:43:00-04:00,83.1500015258789,83.16000366210938,83.1500015258789,83.16000366210938,754,0.0,0.0
2024-07-31 13:44:00-04:00,83.19000244140625,83.19999694824219,83.18499755859375,83.19999694824219,1879,0.0,0.0
2024-07-31 13:46:00-04:00,83.20999908447266,83.22000122070312,83.19999694824219,83.22000122070312,1298,0.0,0.0
2024-07-31 13:47:00-04:00,83.20999908447266,83.2300033569336,83.12999725341797,83.16000366210938,8611,0.0,0.0
2024-07-31 13:48:00-04:00,83.16500091552734,83.16500091552734,83.16500091552734,83.16500091552734,742,0.0,0.0
2024-07-31 13:49:00-04:00,83.19499969482422,83.20999908447266,83.19499969482422,83.20999908447266,601,0.0,0.0
2024-07-31 13:50:00-04:00,83.23999786376953,83.30000305175781,83.23999786376953,83.30000305175781,774,0.0,0.0
2024-07-31 13:51:00-04:00,83.33999633789062,83.5199966430664,83.33999633789062,83.47000122070312,52556,0.0,0.0
2024-07-31 13:52:00-04:00,83.48999786376953,83.48999786376953,83.47000122070312,83.47000122070312,2789,0.0,0.0
2024-07-31 13:53:00-04:00,83.45500183105469,83.4749984741211,83.45050048828125,83.4749984741211,461,0.0,0.0
2024-07-31 13:54:00-04:00,83.5,83.6500015258789,83.4749984741211,83.63500213623047,32619,0.0,0.0
2024-07-31 13:55:00-04:00,83.55999755859375,83.65509796142578,83.55999755859375,83.65509796142578,2763,0.0,0.0
2024-07-31 13:56:00-04:00,83.64749908447266,83.66999816894531,83.60099792480469,83.61000061035156,3444,0.0,0.0
2024-07-31 13:57:00-04:00,83.61000061035156,83.63999938964844,83.56999969482422,83.63999938964844,2496,0.0,0.0
2024-07-31 13:58:00-04:00,83.6500015258789,83.6500015258789,83.61000061035156,83.61000061035156,1799,0.0,0.0
2024-07-31 13:59:00-04:00,83.6500015258789,83.6500015258789,83.55000305175781,83.55000305175781,4054,0.0,0.0
2024-07-31 14:00:00-04:00,83.51000213623047,83.54499816894531,83.45999908447266,83.54499816894531,2979,0.0,0.0
2024-07-31 14:01:00-04:00,83.46499633789062,83.52999877929688,83.46499633789062,83.51180267333984,1784,0.0,0.0
2024-07-31 14:02:00-04:00,83.55000305175781,83.55000305175781,83.52999877929688,83.52999877929688,2021,0.0,0.0
2024-07-31 14:03:00-04:00,83.5199966430664,83.55000305175781,83.5199966430664,83.55000305175781,1482,0.0,0.0
2024-07-31 14:04:00-04:00,83.5999984741211,83.5999984741211,83.5999984741211,83.5999984741211,137,0.0,0.0
2024-07-31 14:05:00-04:00,83.5999984741211,83.62740325927734,83.56999969482422,83.62740325927734,2702,0.0,0.0
2024-07-31 14:06:00-04:00,83.56999969482422,83.5999984741211,83.56999969482422,83.5999984741211,1006,0.0,0.0
2024-07-31 14:07:00-04:00,83.54000091552734,83.5999984741211,83.54000091552734,83.58000183105469,1639,0.0,0.0
2024-07-31 14:08:00-04:00,83.51000213623047,83.5999984741211,83.51000213623047,83.5999984741211,3263,0.0,0.0
2024-07-31 14:09:00-04:00,83.55999755859375,83.58999633789062,83.54000091552734,83.58999633789062,2770,0.0,0.0
2024-07-31 14:10:00-04:00,83.5999984741211,83.61000061035156,83.5999984741211,83.61000061035156,804,0.0,0.0
2024-07-31 14:11:00-04:00,83.62999725341797,83.62999725341797,83.61840057373047,83.61840057373047,1509,0.0,0.0
2024-07-31 14:12:00-04:00,83.5999984741211,83.62999725341797,83.5801010131836,83.62999725341797,1283,0.0,0.0
2024-07-31 14:13:00-04:00,83.6449966430664,83.6449966430664,83.56999969482422,83.56999969482422,1197,0.0,0.0
2024-07-31 14:14:00-04:00,83.61000061035156,83.62000274658203,83.61000061035156,83.62000274658203,1346,0.0,0.0
2024-07-31 14:15:00-04:00,83.625,83.66999816894531,83.625,83.66999816894531,2418,0.0,0.0
2024-07-31 14:16:00-04:00,83.6449966430664,83.68000030517578,83.6449966430664,83.6500015258789,1685,0.0,0.0
2024-07-31 14:17:00-04:00,83.65899658203125,83.66000366210938,83.63379669189453,83.6500015258789,2888,0.0,0.0
2024-07-31 14:18:00-04:00,83.69000244140625,83.69000244140625,83.61000061035156,83.63099670410156,2711,0.0,0.0
2024-07-31 14:19:00-04:00,83.62999725341797,83.62999725341797,83.62999725341797,83.62999725341797,416,0.0,0.0
2024-07-31 14:20:00-04:00,83.5999984741211,83.5999984741211,83.5999984741211,83.5999984741211,165,0.0,0.0
2024-07-31 14:21:00-04:00,83.62000274658203,83.66999816894531,83.58999633789062,83.58999633789062,5221,0.0,0.0
2024-07-31 14:22:00-04:00,83.58999633789062,83.62000274658203,83.58000183105469,83.62000274658203,2364,0.0,0.0
2024-07-31 14:23:00-04:00,83.61000061035156,83.61900329589844,83.55000305175781,83.5802001953125,11196,0.0,0.0
2024-07-31 14:24:00-04:00,83.62000274658203,83.62000274658203,83.62000274658203,83.62000274658203,1418,0.0,0.0
2024-07-31 14:26:00-04:00,83.5999984741211,83.5999984741211,83.5999984741211,83.5999984741211,540,0.0,0.0
2024-07-31 14:27:00-04:00,83.59500122070312,83.6500015258789,83.59500122070312,83.6500015258789,2645,0.0,0.0
2024-07-31 14:28:00-04:00,83.6500015258789,83.66999816894531,83.6500015258789,83.66999816894531,535,0.0,0.0
2024-07-31 14:29:00-04:00,83.66000366210938,83.69000244140625,83.66000366210938,83.69000244140625,1649,0.0,0.0
2024-07-31 14:30:00-04:00,83.69999694824219,83.70999908447266,83.66999816894531,83.66999816894531,3729,0.0,0.0
2024-07-31 14:31:00-04:00,83.71019744873047,83.76000213623047,83.71019744873047,83.76000213623047,4733,0.0,0.0
2024-07-31 14:32:00-04:00,83.75,83.7699966430664,83.75,83.7699966430664,1924,0.0,0.0
2024-07-31 14:33:00-04:00,83.80000305175781,83.80000305175781,83.73999786376953,83.73999786376953,2071,0.0,0.0
2024-07-31 14:34:00-04:00,83.76000213623047,83.76499938964844,83.75,83.75,1298,0.0,0.0
2024-07-31 14:35:00-04:00,83.72000122070312,83.72000122070312,83.62999725341797,83.62999725341797,2917,0.0,0.0
2024-07-31 14:36:00-04:00,83.66000366210938,83.66000366210938,83.5999984741211,83.6500015258789,2699,0.0,0.0
2024-07-31 14:37:00-04:00,83.6449966430664,83.68000030517578,83.62000274658203,83.62000274658203,2556,0.0,0.0
2024-07-31 14:38:00-04:00,83.58999633789062,83.5999984741211,83.58999633789062,83.58999633789062,655,0.0,0.0
2024-07-31 14:39:00-04:00,83.60749816894531,83.6500015258789,83.60749816894531,83.63999938964844,2747,0.0,0.0
2024-07-31 14:40:00-04:00,83.66000366210938,83.70999908447266,83.6449966430664,83.69499969482422,4899,0.0,0.0
2024-07-31 14:41:00-04:00,83.69999694824219,83.72000122070312,83.69000244140625,83.70500183105469,3830,0.0,0.0
2024-07-31 14:42:00-04:00,83.73500061035156,83.75,83.68000030517578,83.70600128173828,2752,0.0,0.0
2024-07-31 14:43:00-04:00,83.69000244140625,83.69999694824219,83.66000366210938,83.69000244140625,2282,0.0,0.0
2024-07-31 14:44:00-04:00,83.70999908447266,83.79000091552734,83.69000244140625,83.79000091552734,3590,0.0,0.0
2024-07-31 14:45:00-04:00,83.78099822998047,83.78099822998047,83.77999877929688,83.77999877929688,1252,0.0,0.0
2024-07-31 14:46:00-04:00,83.76000213623047,83.77999877929688,83.68000030517578,83.7300033569336,10949,0.0,0.0
2024-07-31 14:47:00-04:00,83.7300033569336,83.7300033569336,83.63999938964844,83.66500091552734,10761,0.0,0.0
2024-07-31 14:48:00-04:00,83.66500091552734,83.7300033569336,83.63999938964844,83.66000366210938,4878,0.0,0.0
2024-07-31 14:49:00-04:00,83.66999816894531,83.87000274658203,83.66999816894531,83.84500122070312,11196,0.0,0.0
2024-07-31 14:50:00-04:00,83.80500030517578,83.81999969482422,83.75,83.7699966430664,3434,0.0,0.0
2024-07-31 14:51:00-04:00,83.77999877929688,83.87999725341797,83.77999877929688,83.8499984741211,7242,0.0,0.0
2024-07-31 14:52:00-04:00,83.79000091552734,83.9000015258789,83.79000091552734,83.88999938964844,13132,0.0,0.0
2024-07-31 14:53:00-04:00,83.8499984741211,83.88999938964844,83.83000183105469,83.88999938964844,2466,0.0,0.0
2024-07-31 14:54:00-04:00,83.87999725341797,83.91999816894531,83.87999725341797,83.91999816894531,1136,0.0,0.0
2024-07-31 14:55:00-04:00,83.9000015258789,83.93000030517578,83.81999969482422,83.81999969482422,9828,0.0,0.0
2024-07-31 14:56:00-04:00,83.875,83.9000015258789,83.83999633789062,83.86000061035156,5567,0.0,0.0
2024-07-31 14:57:00-04:00,83.8499984741211,83.91999816894531,83.8499984741211,83.87999725341797,4778,0.0,0.0
2024-07-31 14:58:00-04:00,83.91000366210938,83.91000366210938,83.86000061035156,83.86000061035156,918,0.0,0.0
2024-07-31 14:59:00-04:00,83.9000015258789,83.97000122070312,83.9000015258789,83.97000122070312,2309,0.0,0.0
2024-07-31 15:00:00-04:00,83.94000244140625,83.97000122070312,83.91999816894531,83.97000122070312,5966,0.0,0.0
2024-07-31 15:01:00-04:00,83.97000122070312,83.97000122070312,83.87000274658203,83.875,6463,0.0,0.0
2024-07-31 15:02:00-04:00,83.87000274658203,83.91000366210938,83.87000274658203,83.91000366210938,2000,0.0,0.0
2024-07-31 15:03:00-04:00,83.91000366210938,83.91000366210938,83.86100006103516,83.86100006103516,1641,0.0,0.0
2024-07-31 15:04:00-04:00,83.80999755859375,83.80999755859375,83.70999908447266,83.731201171875,1802,0.0,0.0
2024-07-31 15:05:00-04:00,83.73999786376953,83.80000305175781,83.73999786376953,83.75,2203,0.0,0.0
2024-07-31 15:06:00-04:00,83.73500061035156,83.77999877929688,83.69000244140625,83.72000122070312,3341,0.0,0.0
2024-07-31 15:07:00-04:00,83.76000213623047,83.7699966430664,83.70999908447266,83.70999908447266,2990,0.0,0.0
2024-07-31 15:08:00-04:00,83.7300033569336,83.7699966430664,83.7300033569336,83.7699966430664,2564,0.0,0.0
2024-07-31 15:09:00-04:00,83.7699966430664,83.7699966430664,83.70999908447266,83.7249984741211,2186,0.0,0.0
2024-07-31 15:10:00-04:00,83.7300033569336,83.73999786376953,83.66500091552734,83.73999786376953,7695,0.0,0.0
2024-07-31 15:11:00-04:00,83.74500274658203,83.7699966430664,83.68000030517578,83.72000122070312,5172,0.0,0.0
2024-07-31 15:12:00-04:00,83.7300033569336,83.7300033569336,83.66000366210938,83.69999694824219,1659,0.0,0.0
2024-07-31 15:13:00-04:00,83.68000030517578,83.69999694824219,83.68000030517578,83.69999694824219,5346,0.0,0.0
2024-07-31 15:14:00-04:00,83.75,83.75,83.70099639892578,83.73999786376953,2748,0.0,0.0
2024-07-31 15:15:00-04:00,83.79000091552734,83.79000091552734,83.79000091552734,83.79000091552734,586,0.0,0.0
2024-07-31 15:16:00-04:00,83.79000091552734,83.79000091552734,83.76300048828125,83.77999877929688,2804,0.0,0.0
2024-07-31 15:18:00-04:00,83.79000091552734,83.79000091552734,83.72000122070312,83.75,7808,0.0,0.0
2024-07-31 15:19:00-04:00,83.66999816894531,83.66999816894531,83.5999984741211,83.61000061035156,10408,0.0,0.0
2024-07-31 15:20:00-04:00,83.63999938964844,83.68000030517578,83.62999725341797,83.68000030517578,2000,0.0,0.0
2024-07-31 15:21:00-04:00,83.72000122070312,83.73999786376953,83.69000244140625,83.69000244140625,1885,0.0,0.0
2024-07-31 15:22:00-04:00,83.69000244140625,83.73999786376953,83.6500015258789,83.7300033569336,24706,0.0,0.0
2024-07-31 15:23:00-04:00,83.72000122070312,83.7699966430664,83.62999725341797,83.66999816894531,13738,0.0,0.0
2024-07-31 15:24:00-04:00,83.63999938964844,83.63999938964844,83.5009994506836,83.5250015258789,7537,0.0,0.0
2024-07-31 15:25:00-04:00,83.5250015258789,83.5250015258789,83.45999908447266,83.51000213623047,8637,0.0,0.0
2024-07-31 15:26:00-04:00,83.5,83.5,83.45999908447266,83.4800033569336,3819,0.0,0.0
2024-07-31 15:27:00-04:00,83.45999908447266,83.45999908447266,83.38999938964844,83.41999816894531,3780,0.0,0.0
2024-07-31 15:28:00-04:00,83.41999816894531,83.43000030517578,83.33999633789062,83.33999633789062,3527,0.0,0.0
2024-07-31 15:29:00-04:00,83.36000061035156,83.41000366210938,83.36000061035156,83.37000274658203,3315,0.0,0.0
2024-07-31 15:30:00-04:00,83.33000183105469,83.33000183105469,83.16000366210938,83.16000366210938,5043,0.0,0.0
2024-07-31 15:31:00-04:00,83.12999725341797,83.13999938964844,83.11000061035156,83.13999938964844,1579,0.0,0.0
2024-07-31 15:32:00-04:00,83.12159729003906,83.25,83.12159729003906,83.23500061035156,6406,0.0,0.0
2024-07-31 15:33:00-04:00,83.31999969482422,83.33999633789062,83.25,83.27999877929688,6155,0.0,0.0
2024-07-31 15:34:00-04:00,83.23500061035156,83.2699966430664,83.22000122070312,83.25,5982,0.0,0.0
2024-07-31 15:35:00-04:00,83.25,83.38999938964844,83.22000122070312,83.38999938964844,7499,0.0,0.0
2024-07-31 15:36:00-04:00,83.41999816894531,83.44000244140625,83.33000183105469,83.33000183105469,5427,0.0,0.0
2024-07-31 15:37:00-04:00,83.30999755859375,83.3499984741211,83.28009796142578,83.31999969482422,5375,0.0,0.0
2024-07-31 15:38:00-04:00,83.33000183105469,83.33000183105469,83.19000244140625,83.23999786376953,8846,0.0,0.0
2024-07-31 15:39:00-04:00,83.22000122070312,83.2249984741211,83.13500213623047,83.15499877929688,10709,0.0,0.0
2024-07-31 15:40:00-04:00,83.15499877929688,83.26000213623047,83.15499877929688,83.25499725341797,3219,0.0,0.0
2024-07-31 15:41:00-04:00,83.27999877929688,83.30999755859375,83.2300033569336,83.27999877929688,3534,0.0,0.0
2024-07-31 15:42:00-04:00,83.27999877929688,83.30000305175781,83.26000213623047,83.29000091552734,2597,0.0,0.0
2024-07-31 15:43:00-04:00,83.29000091552734,83.37999725341797,83.29000091552734,83.36000061035156,6776,0.0,0.0
2024-07-31 15:44:00-04:00,83.3550033569336,83.36000061035156,83.33999633789062,83.36000061035156,5552,0.0,0.0
2024-07-31 15:45:00-04:00,83.30999755859375,83.36000061035156,83.30999755859375,83.36000061035156,4234,0.0,0.0
2024-07-31 15:46:00-04:00,83.37000274658203,83.41999816894531,83.3550033569336,83.375,4124,0.0,0.0
2024-07-31 15:47:00-04:00,83.37999725341797,83.37999725341797,83.22270202636719,83.22599792480469,6505,0.0,0.0
2024-07-31 15:48:00-04:00,83.19000244140625,83.25,83.18499755859375,83.23999786376953,5253,0.0,0.0
2024-07-31 15:49:00-04:00,83.2300033569336,83.25,83.22000122070312,83.25,4071,0.0,0.0
2024-07-31 15:50:00-04:00,83.20999908447266,83.2300033569336,83.11000061035156,83.19999694824219,11053,0.0,0.0
2024-07-31 15:51:00-04:00,83.19999694824219,83.19999694824219,82.87999725341797,82.87999725341797,18289,0.0,0.0
2024-07-31 15:52:00-04:00,82.86000061035156,82.91999816894531,82.81999969482422,82.8499984741211,9483,0.0,0.0
2024-07-31 15:53:00-04:00,82.81999969482422,82.83999633789062,82.68000030517578,82.69000244140625,14116,0.0,0.0
2024-07-31 15:54:00-04:00,82.72000122070312,82.80000305175781,82.69999694824219,82.79000091552734,16945,0.0,0.0
2024-07-31 15:55:00-04:00,82.69000244140625,82.81999969482422,82.61000061035156,82.81999969482422,54794,0.0,0.0
2024-07-31 15:56:00-04:00,82.79000091552734,82.87000274658203,82.77999877929688,82.79499816894531,21754,0.0,0.0
2024-07-31 15:57:00-04:00,82.80000305175781,82.88999938964844,82.76000213623047,82.77999877929688,28760,0.0,0.0
2024-07-31 15:58:00-04:00,82.80999755859375,82.88999938964844,82.80000305175781,82.87000274658203,35856,0.0,0.0
2024-07-31 15:59:00-04:00,82.86000061035156,82.88999938964844,82.81999969482422,82.81999969482422,51350,0.0,0.0
2024-08-01 09:30:00-04:00,82.41000366210938,82.41000366210938,82.41000366210938,82.41000366210938,17275,0.0,0.0
2024-08-01 09:31:00-04:00,82.41000366210938,82.56999969482422,82.33999633789062,82.43000030517578,5020,0.0,0.0
2024-08-01 09:32:00-04:00,82.37000274658203,82.43499755859375,82.12000274658203,82.16999816894531,7300,0.0,0.0
2024-08-01 09:33:00-04:00,82.23500061035156,82.41000366210938,82.0,82.11000061035156,6461,0.0,0.0
2024-08-01 09:34:00-04:00,82.18000030517578,82.18000030517578,81.94999694824219,81.95999908447266,6718,0.0,0.0
2024-08-01 09:35:00-04:00,81.86000061035156,82.05000305175781,81.79000091552734,81.97000122070312,13548,0.0,0.0
2024-08-01 09:36:00-04:00,81.98500061035156,82.16500091552734,81.98500061035156,82.1500015258789,6204,0.0,0.0
2024-08-01 09:37:00-04:00,82.11000061035156,82.20760345458984,82.05000305175781,82.06999969482422,11755,0.0,0.0
2024-08-01 09:38:00-04:00,82.13999938964844,82.13999938964844,81.94000244140625,82.0250015258789,21695,0.0,0.0
2024-08-01 09:39:00-04:00,82.0250015258789,82.0250015258789,81.88500213623047,81.93000030517578,8433,0.0,0.0
2024-08-01 09:40:00-04:00,82.04000091552734,82.10919952392578,81.91999816894531,81.96499633789062,6693,0.0,0.0
2024-08-01 09:41:00-04:00,82.05999755859375,82.25,82.05999755859375,82.25,5200,0.0,0.0
2024-08-01 09:42:00-04:00,82.24720001220703,82.38999938964844,82.24720001220703,82.38999938964844,4740,0.0,0.0
2024-08-01 09:43:00-04:00,82.36000061035156,82.52999877929688,82.21800231933594,82.41000366210938,23124,0.0,0.0
2024-08-01 09:44:00-04:00,82.4000015258789,82.4000015258789,82.28500366210938,82.28500366210938,4628,0.0,0.0
2024-08-01 09:45:00-04:00,82.22000122070312,82.22000122070312,82.05000305175781,82.06999969482422,3901,0.0,0.0
2024-08-01 09:46:00-04:00,82.06500244140625,82.08000183105469,81.9000015258789,81.9000015258789,105813,0.0,0.0
2024-08-01 09:47:00-04:00,81.94000244140625,82.06999969482422,81.91000366210938,81.98999786376953,34297,0.0,0.0
2024-08-01 09:48:00-04:00,82.01499938964844,82.01499938964844,81.87000274658203,81.87000274658203,7978,0.0,0.0
2024-08-01 09:49:00-04:00,81.84500122070312,81.9000015258789,81.01000213623047,81.02999877929688,90576,0.0,0.0
2024-08-01 09:50:00-04:00,81.125,81.2699966430664,81.01000213623047,81.2083969116211,9540,0.0,0.0
2024-08-01 09:51:00-04:00,81.24500274658203,81.26000213623047,81.11000061035156,81.26000213623047,29042,0.0,0.0
2024-08-01 09:52:00-04:00,81.30000305175781,81.30999755859375,81.17320251464844,81.17320251464844,9855,0.0,0.0
2024-08-01 09:53:00-04:00,81.26000213623047,81.33999633789062,81.12999725341797,81.30999755859375,4442,0.0,0.0
2024-08-01 09:54:00-04:00,81.32279968261719,81.35099792480469,81.23999786376953,81.23999786376953,1386,0.0,0.0
2024-08-01 09:55:00-04:00,81.18000030517578,81.20999908447266,81.15360260009766,81.18000030517578,3058,0.0,0.0
2024-08-01 09:56:00-04:00,81.16999816894531,81.2300033569336,81.02999877929688,81.04000091552734,15735,0.0,0.0
2024-08-01 09:57:00-04:00,81.06199645996094,81.19999694824219,81.04000091552734,81.17500305175781,6611,0.0,0.0
2024-08-01 09:58:00-04:00,81.08000183105469,81.13999938964844,81.01820373535156,81.01820373535156,4165,0.0,0.0
2024-08-01 09:59:00-04:00,81.02999877929688,81.06999969482422,80.98999786376953,81.04000091552734,11735,0.0,0.0
2024-08-01 10:00:00-04:00,81.0,81.06999969482422,80.90070343017578,81.04000091552734,13524,0.0,0.0
2024-08-01 10:01:00-04:00,81.0,81.01499938964844,80.75,80.75,20077,0.0,0.0
2024-08-01 10:02:00-04:00,80.73999786376953,80.87999725341797,80.69999694824219,80.73999786376953,23149,0.0,0.0
2024-08-01 10:03:00-04:00,80.77999877929688,80.80000305175781,80.66000366210938,80.66999816894531,15550,0.0,0.0
2024-08-01 10:04:00-04:00,80.6500015258789,80.65499877929688,80.5199966430664,80.55999755859375,8616,0.0,0.0
2024-08-01 10:05:00-04:00,80.53459930419922,80.55069732666016,80.37999725341797,80.41000366210938,17789,0.0,0.0
2024-08-01 10:06:00-04:00,80.45999908447266,80.48999786376953,80.37000274658203,80.4000015258789,7306,0.0,0.0
2024-08-01 10:07:00-04:00,80.41500091552734,80.44999694824219,80.15010070800781,80.21499633789062,14508,0.0,0.0
2024-08-01 10:08:00-04:00,80.18499755859375,80.22000122070312,80.12999725341797,80.13999938964844,15132,0.0,0.0
2024-08-01 10:09:00-04:00,80.13500213623047,80.13500213623047,80.02999877929688,80.05000305175781,9487,0.0,0.0
2024-08-01 10:10:00-04:00,80.06500244140625,80.0999984741211,79.94999694824219,79.98999786376953,37644,0.0,0.0
2024-08-01 10:11:00-04:00,79.99500274658203,80.12000274658203,79.99500274658203,80.05000305175781,11779,0.0,0.0
2024-08-01 10:12:00-04:00,80.05000305175781,80.2300033569336,80.01000213623047,80.22000122070312,15404,0.0,0.0
2024-08-01 10:13:00-04:00,80.19499969482422,80.42990112304688,80.19499969482422,80.37999725341797,18423,0.0,0.0
2024-08-01 10:14:00-04:00,80.41000366210938,80.41000366210938,80.25,80.25,5578,0.0,0.0
2024-08-01 10:15:00-04:00,80.20999908447266,80.22000122070312,80.1449966430664,80.20500183105469,6780,0.0,0.0
2024-08-01 10:16:00-04:00,80.22000122070312,80.2761001586914,80.08999633789062,80.14969635009766,16893,0.0,0.0
2024-08-01 10:17:00-04:00,80.1259994506836,80.1500015258789,79.98999786376953,80.00499725341797,31159,0.0,0.0
2024-08-01 10:18:00-04:00,80.00499725341797,80.02970123291016,79.8844985961914,79.8949966430664,13573,0.0,0.0
2024-08-01 10:19:00-04:00,79.87999725341797,79.91999816894531,79.8499984741211,79.91000366210938,17778,0.0,0.0
2024-08-01 10:20:00-04:00,79.88999938964844,79.91999816894531,79.86499786376953,79.875,4435,0.0,0.0
2024-08-01 10:21:00-04:00,79.875,79.98999786376953,79.875,79.94499969482422,16555,0.0,0.0
2024-08-01 10:22:00-04:00,79.97000122070312,79.97000122070312,79.8499984741211,79.86000061035156,20569,0.0,0.0
2024-08-01 10:23:00-04:00,79.84500122070312,79.9000015258789,79.81999969482422,79.87000274658203,15700,0.0,0.0
2024-08-01 10:24:00-04:00,79.88919830322266,79.96440124511719,79.84500122070312,79.91000366210938,10125,0.0,0.0
2024-08-01 10:25:00-04:00,79.90979766845703,79.96990203857422,79.87000274658203,79.96990203857422,6707,0.0,0.0
2024-08-01 10:26:00-04:00,79.92500305175781,80.002197265625,79.92500305175781,80.002197265625,9252,0.0,0.0
2024-08-01 10:27:00-04:00,79.99500274658203,80.11000061035156,79.98999786376953,80.0824966430664,15999,0.0,0.0
2024-08-01 10:28:00-04:00,80.08499908447266,80.08499908447266,79.93499755859375,79.97000122070312,12336,0.0,0.0
2024-08-01 10:29:00-04:00,79.91999816894531,79.94989776611328,79.87999725341797,79.94000244140625,5713,0.0,0.0
2024-08-01 10:30:00-04:00,79.83999633789062,79.93830108642578,79.83999633789062,79.93830108642578,3491,0.0,0.0
2024-08-01 10:31:00-04:00,79.9000015258789,79.93000030517578,79.81999969482422,79.81999969482422,3247,0.0,0.0
2024-08-01 10:32:00-04:00,79.80000305175781,79.83100128173828,79.77999877929688,79.80000305175781,10353,0.0,0.0
2024-08-01 10:33:00-04:00,79.80000305175781,79.8499984741211,79.80000305175781,79.8499984741211,4610,0.0,0.0
2024-08-01 10:34:00-04:00,79.82499694824219,80.03230285644531,79.82499694824219,79.97000122070312,18167,0.0,0.0
2024-08-01 10:35:00-04:00,80.01000213623047,80.04820251464844,79.93000030517578,80.02300262451172,14807,0.0,0.0
2024-08-01 10:36:00-04:00,79.9800033569336,79.98999786376953,79.92500305175781,79.94000244140625,6734,0.0,0.0
2024-08-01 10:37:00-04:00,79.94000244140625,79.96499633789062,79.93499755859375,79.93499755859375,4246,0.0,0.0
2024-08-01 10:38:00-04:00,79.93499755859375,80.06999969482422,79.93499755859375,80.05999755859375,8064,0.0,0.0
2024-08-01 10:39:00-04:00,80.0250015258789,80.0250015258789,79.93000030517578,79.94999694824219,13617,0.0,0.0
2024-08-01 10:40:00-04:00,79.96499633789062,80.0,79.96240234375,80.0,3024,0.0,0.0
2024-08-01 10:41:00-04:00,80.00499725341797,80.00499725341797,79.95999908447266,79.96499633789062,3295,0.0,0.0
2024-08-01 10:42:00-04:00,79.9666976928711,79.9666976928711,79.93000030517578,79.93000030517578,357,0.0,0.0
2024-08-01 10:43:00-04:00,79.97000122070312,79.97000122070312,79.76000213623047,79.80999755859375,34229,0.0,0.0
2024-08-01 10:44:00-04:00,79.79499816894531,79.86000061035156,79.79499816894531,79.86000061035156,5720,0.0,0.0
2024-08-01 10:45:00-04:00,79.86900329589844,79.86900329589844,79.7699966430664,79.8499984741211,7125,0.0,0.0
2024-08-01 10:46:00-04:00,79.85530090332031,79.91000366210938,79.81999969482422,79.91000366210938,2956,0.0,0.0
2024-08-01 10:47:00-04:00,79.94999694824219,79.95999908447266,79.88999938964844,79.91999816894531,4061,0.0,0.0
2024-08-01 10:48:00-04:00,79.93499755859375,79.93499755859375,79.84500122070312,79.9000015258789,32434,0.0,0.0
2024-08-01 10:49:00-04:00,79.88999938964844,79.93260192871094,79.88999938964844,79.93260192871094,3437,0.0,0.0
2024-08-01 10:50:00-04:00,79.96990203857422,80.0,79.9000015258789,79.9000015258789,7061,0.0,0.0
2024-08-01 10:51:00-04:00,79.8499984741211,79.86000061035156,79.72339630126953,79.75499725341797,31436,0.0,0.0
2024-08-01 10:52:00-04:00,79.7698974609375,79.7698974609375,79.61000061035156,79.61000061035156,7059,0.0,0.0
2024-08-01 10:53:00-04:00,79.55999755859375,79.58999633789062,79.52999877929688,79.55000305175781,4197,0.0,0.0
2024-08-01 10:54:00-04:00,79.55000305175781,79.5509033203125,79.55000305175781,79.55000305175781,871,0.0,0.0
2024-08-01 10:55:00-04:00,79.54000091552734,79.54000091552734,79.43409729003906,79.44999694824219,21029,0.0,0.0
2024-08-01 10:56:00-04:00,79.44000244140625,79.56999969482422,79.41999816894531,79.5250015258789,10377,0.0,0.0
2024-08-01 10:57:00-04:00,79.5,79.5,79.44999694824219,79.48999786376953,4529,0.0,0.0
2024-08-01 10:58:00-04:00,79.5,79.55000305175781,79.44999694824219,79.5,27493,0.0,0.0
2024-08-01 10:59:00-04:00,79.51000213623047,79.5199966430664,79.4800033569336,79.5,15161,0.0,0.0
2024-08-01 11:00:00-04:00,79.5199966430664,79.56999969482422,79.48999786376953,79.55000305175781,9778,0.0,0.0
2024-08-01 11:01:00-04:00,79.55000305175781,79.56999969482422,79.45500183105469,79.4749984741211,8383,0.0,0.0
2024-08-01 11:02:00-04:00,79.44999694824219,79.5199966430664,79.34500122070312,79.38999938964844,35995,0.0,0.0
2024-08-01 11:03:00-04:00,79.4000015258789,79.4000015258789,79.31999969482422,79.3499984741211,12465,0.0,0.0
2024-08-01 11:04:00-04:00,79.3499984741211,79.3499984741211,79.20999908447266,79.22100067138672,7871,0.0,0.0
2024-08-01 11:05:00-04:00,79.2249984741211,79.23999786376953,79.13999938964844,79.13999938964844,8025,0.0,0.0
2024-08-01 11:06:00-04:00,79.11000061035156,79.22000122070312,79.11000061035156,79.16000366210938,9405,0.0,0.0
2024-08-01 11:07:00-04:00,79.1500015258789,79.33000183105469,79.11000061035156,79.31999969482422,19068,0.0,0.0
2024-08-01 11:08:00-04:00,79.33999633789062,79.33999633789062,79.2699966430664,79.30000305175781,6721,0.0,0.0
2024-08-01 11:09:00-04:00,79.29000091552734,79.45999908447266,79.27999877929688,79.41000366210938,29970,0.0,0.0
2024-08-01 11:10:00-04:00,79.41000366210938,79.42379760742188,79.21499633789062,79.21499633789062,8515,0.0,0.0
2024-08-01 11:11:00-04:00,79.21499633789062,79.25,79.18000030517578,79.23500061035156,5587,0.0,0.0
2024-08-01 11:12:00-04:00,79.25,79.29989624023438,79.18000030517578,79.20999908447266,6318,0.0,0.0
2024-08-01 11:13:00-04:00,79.19999694824219,79.19999694824219,79.08000183105469,79.1500015258789,8339,0.0,0.0
2024-08-01 11:14:00-04:00,79.16999816894531,79.19999694824219,79.08499908447266,79.11499786376953,9521,0.0,0.0
2024-08-01 11:15:00-04:00,79.11499786376953,79.33000183105469,79.08000183105469,79.33000183105469,10994,0.0,0.0
2024-08-01 11:16:00-04:00,79.26000213623047,79.30500030517578,79.22010040283203,79.25,16098,0.0,0.0
2024-08-01 11:17:00-04:00,79.2300033569336,79.29499816894531,79.2249984741211,79.27999877929688,8346,0.0,0.0
2024-08-01 11:18:00-04:00,79.25499725341797,79.30899810791016,79.21499633789062,79.21499633789062,6160,0.0,0.0
2024-08-01 11:19:00-04:00,79.21499633789062,79.24500274658203,79.19000244140625,79.2249984741211,6471,0.0,0.0
2024-08-01 11:20:00-04:00,79.19000244140625,79.2750015258789,79.19000244140625,79.2249984741211,9714,0.0,0.0
2024-08-01 11:21:00-04:00,79.2300033569336,79.25,79.18000030517578,79.22000122070312,8669,0.0,0.0
2024-08-01 11:22:00-04:00,79.18000030517578,79.19000244140625,79.13999938964844,79.19000244140625,3394,0.0,0.0
2024-08-01 11:23:00-04:00,79.16999816894531,79.19999694824219,79.16999816894531,79.18000030517578,1764,0.0,0.0
2024-08-01 11:24:00-04:00,79.22000122070312,79.24500274658203,79.2074966430664,79.2074966430664,3758,0.0,0.0
2024-08-01 11:25:00-04:00,79.19999694824219,79.34500122070312,79.19000244140625,79.2699966430664,8439,0.0,0.0
2024-08-01 11:26:00-04:00,79.26000213623047,79.26000213623047,79.19999694824219,79.19999694824219,2256,0.0,0.0
2024-08-01 11:27:00-04:00,79.20999908447266,79.25,79.19999694824219,79.25,5388,0.0,0.0
2024-08-01 11:28:00-04:00,79.2699966430664,79.2699966430664,79.23999786376953,79.23999786376953,2401,0.0,0.0
2024-08-01 11:29:00-04:00,79.29499816894531,79.29499816894531,79.16999816894531,79.20500183105469,4423,0.0,0.0
2024-08-01 11:30:00-04:00,79.19999694824219,79.2300033569336,79.16000366210938,79.2300033569336,5115,0.0,0.0
2024-08-01 11:31:00-04:00,79.22350311279297,79.31999969482422,79.22350311279297,79.31999969482422,7021,0.0,0.0
2024-08-01 11:32:00-04:00,79.30000305175781,79.31999969482422,79.2300033569336,79.25,5334,0.0,0.0
2024-08-01 11:33:00-04:00,79.25,79.2699966430664,79.16999816894531,79.23500061035156,3072,0.0,0.0
2024-08-01 11:34:00-04:00,79.23999786376953,79.27999877929688,79.21769714355469,79.27999877929688,4831,0.0,0.0
2024-08-01 11:35:00-04:00,79.2699966430664,79.31999969482422,79.2300033569336,79.25,3654,0.0,0.0
2024-08-01 11:36:00-04:00,79.2300033569336,79.31999969482422,79.2300033569336,79.31999969482422,5612,0.0,0.0
2024-08-01 11:37:00-04:00,79.30999755859375,79.30999755859375,79.2699966430664,79.29959869384766,3377,0.0,0.0
2024-08-01 11:38:00-04:00,79.29000091552734,79.37989807128906,79.29000091552734,79.37000274658203,6963,0.0,0.0
2024-08-01 11:39:00-04:00,79.375,79.48999786376953,79.3499984741211,79.41999816894531,23283,0.0,0.0
2024-08-01 11:40:00-04:00,79.44999694824219,79.44999694824219,79.4000015258789,79.41999816894531,5934,0.0,0.0
2024-08-01 11:41:00-04:00,79.41999816894531,79.44000244140625,79.39600372314453,79.41999816894531,2530,0.0,0.0
2024-08-01 11:42:00-04:00,79.44000244140625,79.45999908447266,79.38999938964844,79.45999908447266,6263,0.0,0.0
2024-08-01 11:43:00-04:00,79.47339630126953,79.51000213623047,79.44000244140625,79.51000213623047,6088,0.0,0.0
2024-08-01 11:44:00-04:00,79.55999755859375,79.66000366210938,79.54000091552734,79.55000305175781,9277,0.0,0.0
2024-08-01 11:45:00-04:00,79.54000091552734,79.55999755859375,79.46009826660156,79.50759887695312,13432,0.0,0.0
2024-08-01 11:46:00-04:00,79.4749984741211,79.51000213623047,79.4000015258789,79.44000244140625,9853,0.0,0.0
2024-08-01 11:47:00-04:00,79.41999816894531,79.43499755859375,79.36000061035156,79.38999938964844,18683,0.0,0.0
2024-08-01 11:48:00-04:00,79.38999938964844,79.38999938964844,79.2750015258789,79.30000305175781,12468,0.0,0.0
2024-08-01 11:49:00-04:00,79.2925033569336,79.3499984741211,79.2925033569336,79.29530334472656,3589,0.0,0.0
2024-08-01 11:50:00-04:00,79.31500244140625,79.31500244140625,79.2249984741211,79.2249984741211,9687,0.0,0.0
2024-08-01 11:51:00-04:00,79.2249984741211,79.30999755859375,79.2249984741211,79.30999755859375,4485,0.0,0.0
2024-08-01 11:52:00-04:00,79.30000305175781,79.37909698486328,79.27999877929688,79.37909698486328,3443,0.0,0.0
2024-08-01 11:53:00-04:00,79.29000091552734,79.37000274658203,79.29000091552734,79.33999633789062,7489,0.0,0.0
2024-08-01 11:54:00-04:00,79.36499786376953,79.4000015258789,79.3550033569336,79.4000015258789,4797,0.0,0.0
2024-08-01 11:55:00-04:00,79.43000030517578,79.5,79.43000030517578,79.5,1149,0.0,0.0
2024-08-01 11:56:00-04:00,79.45140075683594,79.45140075683594,79.38999938964844,79.38999938964844,4076,0.0,0.0
2024-08-01 11:57:00-04:00,79.375,79.375,79.26000213623047,79.26000213623047,2399,0.0,0.0
2024-08-01 11:58:00-04:00,79.27999877929688,79.28500366210938,79.19999694824219,79.23999786376953,7887,0.0,0.0
2024-08-01 11:59:00-04:00,79.25,79.26820373535156,79.2300033569336,79.26820373535156,1722,0.0,0.0
2024-08-01 12:00:00-04:00,79.23999786376953,79.27999877929688,79.20999908447266,79.23500061035156,4786,0.0,0.0
2024-08-01 12:01:00-04:00,79.23500061035156,79.23500061035156,79.16000366210938,79.16000366210938,8145,0.0,0.0
2024-08-01 12:02:00-04:00,79.16000366210938,79.22720336914062,79.12000274658203,79.22000122070312,4902,0.0,0.0
2024-08-01 12:03:00-04:00,79.22000122070312,79.2699966430664,79.22000122070312,79.25,4036,0.0,0.0
2024-08-01 12:04:00-04:00,79.22000122070312,79.26499938964844,79.22000122070312,79.25,1658,0.0,0.0
2024-08-01 12:05:00-04:00,79.25,79.25,79.19529724121094,79.20999908447266,3818,0.0,0.0
2024-08-01 12:06:00-04:00,79.23999786376953,79.25,79.2300033569336,79.2300033569336,2829,0.0,0.0
2024-08-01 12:07:00-04:00,79.23999786376953,79.26000213623047,79.23999786376953,79.26000213623047,1004,0.0,0.0
2024-08-01 12:08:00-04:00,79.30000305175781,79.33999633789062,79.27999877929688,79.3219985961914,2894,0.0,0.0
2024-08-01 12:09:00-04:00,79.31999969482422,79.33999633789062,79.30999755859375,79.33999633789062,6538,0.0,0.0
2024-08-01 12:10:00-04:00,79.33999633789062,79.33999633789062,79.30000305175781,79.30000305175781,2529,0.0,0.0
2024-08-01 12:11:00-04:00,79.27999877929688,79.29229736328125,79.25,79.25,5180,0.0,0.0
2024-08-01 12:12:00-04:00,79.27999877929688,79.27999877929688,79.18000030517578,79.18000030517578,2051,0.0,0.0
2024-08-01 12:13:00-04:00,79.19000244140625,79.20999908447266,79.18000030517578,79.18000030517578,2419,0.0,0.0
2024-08-01 12:14:00-04:00,79.22000122070312,79.22000122070312,79.22000122070312,79.22000122070312,548,0.0,0.0
2024-08-01 12:15:00-04:00,79.25,79.26000213623047,79.22000122070312,79.2300033569336,2229,0.0,0.0
2024-08-01 12:16:00-04:00,79.25,79.30999755859375,79.23999786376953,79.26000213623047,7169,0.0,0.0
2024-08-01 12:17:00-04:00,79.25,79.2699966430664,79.24530029296875,79.24530029296875,3174,0.0,0.0
2024-08-01 12:18:00-04:00,79.23999786376953,79.25499725341797,79.23999786376953,79.25499725341797,3366,0.0,0.0
2024-08-01 12:19:00-04:00,79.20999908447266,79.22000122070312,79.16999816894531,79.16999816894531,5702,0.0,0.0
2024-08-01 12:20:00-04:00,79.1500015258789,79.16999816894531,79.14959716796875,79.16999816894531,2707,0.0,0.0
2024-08-01 12:21:00-04:00,79.1500015258789,79.1500015258789,79.05999755859375,79.05999755859375,5092,0.0,0.0
2024-08-01 12:22:00-04:00,79.05999755859375,79.0999984741211,79.04000091552734,79.05000305175781,5289,0.0,0.0
2024-08-01 12:23:00-04:00,79.05719757080078,79.06950378417969,79.05000305175781,79.06950378417969,3994,0.0,0.0
2024-08-01 12:24:00-04:00,79.05999755859375,79.06999969482422,79.01000213623047,79.02999877929688,4966,0.0,0.0
2024-08-01 12:25:00-04:00,79.02999877929688,79.02999877929688,78.98999786376953,79.0,18453,0.0,0.0
2024-08-01 12:26:00-04:00,78.98650360107422,79.06999969482422,78.98650360107422,79.04499816894531,5975,0.0,0.0
2024-08-01 12:27:00-04:00,79.02999877929688,79.05000305175781,79.01000213623047,79.04000091552734,3092,0.0,0.0
2024-08-01 12:28:00-04:00,79.00029754638672,79.04000091552734,79.00029754638672,79.01000213623047,3269,0.0,0.0
2024-08-01 12:29:00-04:00,79.01000213623047,79.05000305175781,78.9800033569336,79.05000305175781,4771,0.0,0.0
2024-08-01 12:30:00-04:00,79.04499816894531,79.05169677734375,79.04499816894531,79.05169677734375,10064,0.0,0.0
2024-08-01 12:31:00-04:00,79.02100372314453,79.16000366210938,78.98500061035156,79.1500015258789,35246,0.0,0.0
2024-08-01 12:32:00-04:00,79.0999984741211,79.0999984741211,79.05000305175781,79.05999755859375,5096,0.0,0.0
2024-08-01 12:33:00-04:00,79.01000213623047,79.08000183105469,78.99040222167969,79.0199966430664,6693,0.0,0.0
2024-08-01 12:34:00-04:00,78.98500061035156,79.0,78.97000122070312,79.0,3138,0.0,0.0
2024-08-01 12:35:00-04:00,79.00499725341797,79.00499725341797,78.93000030517578,78.93000030517578,3985,0.0,0.0
2024-08-01 12:36:00-04:00,78.91999816894531,78.98999786376953,78.9000015258789,78.9800033569336,6262,0.0,0.0
2024-08-01 12:37:00-04:00,78.98999786376953,79.0999984741211,78.9800033569336,79.0999984741211,11425,0.0,0.0
2024-08-01 12:38:00-04:00,79.08999633789062,79.08999633789062,78.98999786376953,78.98999786376953,2803,0.0,0.0
2024-08-01 12:39:00-04:00,79.01000213623047,79.01499938964844,78.94999694824219,78.94999694824219,2821,0.0,0.0
2024-08-01 12:40:00-04:00,78.9749984741211,78.9749984741211,78.94000244140625,78.94000244140625,4717,0.0,0.0
2024-08-01 12:41:00-04:00,78.94000244140625,78.94000244140625,78.87999725341797,78.87999725341797,11036,0.0,0.0
2024-08-01 12:42:00-04:00,78.87999725341797,78.9000015258789,78.86000061035156,78.88999938964844,5731,0.0,0.0
2024-08-01 12:43:00-04:00,78.8949966430664,78.91999816894531,78.87000274658203,78.87000274658203,1734,0.0,0.0
2024-08-01 12:44:00-04:00,78.88999938964844,78.99500274658203,78.88999938964844,78.99500274658203,10600,0.0,0.0
2024-08-01 12:45:00-04:00,79.0199966430664,79.0199966430664,78.94999694824219,78.97000122070312,15794,0.0,0.0
2024-08-01 12:46:00-04:00,78.98999786376953,79.0,78.95999908447266,78.95999908447266,4164,0.0,0.0
2024-08-01 12:47:00-04:00,78.94989776611328,78.98259735107422,78.93000030517578,78.9749984741211,3060,0.0,0.0
2024-08-01 12:48:00-04:00,78.94499969482422,78.94499969482422,78.92500305175781,78.92500305175781,3832,0.0,0.0
2024-08-01 12:49:00-04:00,78.91000366210938,78.91999816894531,78.83000183105469,78.91999816894531,12146,0.0,0.0
2024-08-01 12:50:00-04:00,78.94000244140625,78.94000244140625,78.9000015258789,78.9000015258789,8061,0.0,0.0
2024-08-01 12:51:00-04:00,78.9000015258789,78.91500091552734,78.8761978149414,78.9000015258789,10590,0.0,0.0
2024-08-01 12:52:00-04:00,78.88999938964844,78.9800033569336,78.87000274658203,78.97000122070312,7473,0.0,0.0
2024-08-01 12:53:00-04:00,78.96990203857422,79.05000305175781,78.94999694824219,79.0250015258789,10156,0.0,0.0
2024-08-01 12:54:00-04:00,79.04000091552734,79.1050033569336,79.02999877929688,79.06999969482422,4949,0.0,0.0
2024-08-01 12:55:00-04:00,79.08000183105469,79.08999633789062,79.03500366210938,79.06990051269531,4273,0.0,0.0
2024-08-01 12:56:00-04:00,79.06500244140625,79.08000183105469,79.06500244140625,79.08000183105469,447,0.0,0.0
2024-08-01 12:57:00-04:00,79.08999633789062,79.0999984741211,79.05999755859375,79.06999969482422,3358,0.0,0.0
2024-08-01 12:58:00-04:00,79.02999877929688,79.05000305175781,79.0,79.0,2391,0.0,0.0
2024-08-01 12:59:00-04:00,79.00499725341797,79.05999755859375,78.99500274658203,79.05999755859375,2137,0.0,0.0
2024-08-01 13:01:00-04:00,79.03500366210938,79.03500366210938,79.0199966430664,79.03500366210938,1441,0.0,0.0
2024-08-01 13:02:00-04:00,78.98999786376953,79.0,78.98999786376953,79.0,3264,0.0,0.0
2024-08-01 13:03:00-04:00,78.98999786376953,79.01000213623047,78.98999786376953,78.99669647216797,5396,0.0,0.0
2024-08-01 13:04:00-04:00,79.0,79.12909698486328,78.98999786376953,79.0999984741211,24548,0.0,0.0
2024-08-01 13:05:00-04:00,79.08999633789062,79.08999633789062,79.01000213623047,79.01000213623047,13495,0.0,0.0
2024-08-01 13:06:00-04:00,79.03500366210938,79.08999633789062,79.01000213623047,79.01000213623047,20181,0.0,0.0
2024-08-01 13:07:00-04:00,79.0199966430664,79.04000091552734,79.0199966430664,79.0199966430664,6061,0.0,0.0
2024-08-01 13:08:00-04:00,79.02999877929688,79.07009887695312,79.02999877929688,79.05999755859375,4729,0.0,0.0
2024-08-01 13:09:00-04:00,79.01000213623047,79.08000183105469,79.01000213623047,79.05999755859375,2168,0.0,0.0
2024-08-01 13:10:00-04:00,79.03500366210938,79.08989715576172,79.0,79.04000091552734,10951,0.0,0.0
2024-08-01 13:11:00-04:00,79.05000305175781,79.1500015258789,79.05000305175781,79.1500015258789,5785,0.0,0.0
2024-08-01 13:12:00-04:00,79.16500091552734,79.19000244140625,79.15499877929688,79.16000366210938,4851,0.0,0.0
2024-08-01 13:13:00-04:00,79.16999816894531,79.19999694824219,79.12000274658203,79.12000274658203,10498,0.0,0.0
2024-08-01 13:14:00-04:00,79.13999938964844,79.13999938964844,79.03009796142578,79.05999755859375,3160,0.0,0.0
2024-08-01 13:15:00-04:00,79.0,79.02999877929688,78.99500274658203,79.02999877929688,5180,0.0,0.0
2024-08-01 13:16:00-04:00,79.08499908447266,79.08499908447266,79.08499908447266,79.08499908447266,616,0.0,0.0
2024-08-01 13:17:00-04:00,79.12000274658203,79.1500015258789,79.0999984741211,79.0999984741211,3474,0.0,0.0
2024-08-01 13:18:00-04:00,79.125,79.13500213623047,79.07499694824219,79.0999984741211,3377,0.0,0.0
2024-08-01 13:19:00-04:00,79.06999969482422,79.06999969482422,78.98999786376953,78.98999786376953,1631,0.0,0.0
2024-08-01 13:20:00-04:00,78.99500274658203,79.0199966430664,78.99500274658203,79.0199966430664,989,0.0,0.0
2024-08-01 13:21:00-04:00,79.0,79.01570129394531,79.0,79.01000213623047,2787,0.0,0.0
2024-08-01 13:22:00-04:00,79.0199966430664,79.0199966430664,78.99250030517578,79.0,4530,0.0,0.0
2024-08-01 13:23:00-04:00,79.0,79.0,78.96499633789062,78.96499633789062,3938,0.0,0.0
2024-08-01 13:24:00-04:00,78.96499633789062,79.0,78.9625015258789,78.98999786376953,2462,0.0,0.0
2024-08-01 13:25:00-04:00,78.98999786376953,79.0250015258789,78.98999786376953,79.0,3470,0.0,0.0
2024-08-01 13:26:00-04:00,78.98999786376953,79.01000213623047,78.9800033569336,79.0,3895,0.0,0.0
2024-08-01 13:27:00-04:00,79.0199966430664,79.11000061035156,79.0199966430664,79.09590148925781,4747,0.0,0.0
2024-08-01 13:28:00-04:00,79.09619903564453,79.12999725341797,79.09619903564453,79.12999725341797,11267,0.0,0.0
2024-08-01 13:29:00-04:00,79.14089965820312,79.14089965820312,79.05999755859375,79.05999755859375,5245,0.0,0.0
2024-08-01 13:30:00-04:00,79.04000091552734,79.1095962524414,79.04000091552734,79.1095962524414,4948,0.0,0.0
2024-08-01 13:31:00-04:00,79.02999877929688,79.05000305175781,78.99500274658203,79.0,4387,0.0,0.0
2024-08-01 13:32:00-04:00,79.0199966430664,79.04000091552734,78.98999786376953,78.99500274658203,9242,0.0,0.0
2024-08-01 13:33:00-04:00,79.0,79.01000213623047,78.9800033569336,79.01000213623047,6859,0.0,0.0
2024-08-01 13:34:00-04:00,79.00530242919922,79.00530242919922,78.96009826660156,78.96009826660156,2735,0.0,0.0
2024-08-01 13:35:00-04:00,78.9749984741211,78.9800033569336,78.94999694824219,78.96859741210938,9261,0.0,0.0
2024-08-01 13:36:00-04:00,78.94999694824219,78.99500274658203,78.94999694824219,78.97000122070312,4636,0.0,0.0
2024-08-01 13:37:00-04:00,78.95999908447266,78.98999786376953,78.95999908447266,78.98999786376953,2756,0.0,0.0
2024-08-01 13:38:00-04:00,78.97000122070312,79.03900146484375,78.94999694824219,79.02999877929688,10237,0.0,0.0
2024-08-01 13:39:00-04:00,79.01499938964844,79.01499938964844,78.95999908447266,78.9800033569336,3894,0.0,0.0
2024-08-01 13:40:00-04:00,78.97920227050781,78.9800033569336,78.80999755859375,78.8499984741211,72967,0.0,0.0
2024-08-01 13:41:00-04:00,78.86000061035156,78.9000015258789,78.81999969482422,78.84529876708984,5551,0.0,0.0
2024-08-01 13:42:00-04:00,78.83999633789062,78.83999633789062,78.69999694824219,78.70010375976562,13375,0.0,0.0
2024-08-01 13:43:00-04:00,78.72000122070312,78.72000122070312,78.62999725341797,78.68000030517578,25240,0.0,0.0
2024-08-01 13:44:00-04:00,78.6500015258789,78.70999908447266,78.62000274658203,78.69000244140625,7264,0.0,0.0
2024-08-01 13:45:00-04:00,78.72000122070312,78.72000122070312,78.61329650878906,78.6415023803711,6815,0.0,0.0
2024-08-01 13:46:00-04:00,78.62999725341797,78.63999938964844,78.55000305175781,78.59500122070312,12916,0.0,0.0
2024-08-01 13:47:00-04:00,78.58999633789062,78.58999633789062,78.52999877929688,78.58000183105469,4384,0.0,0.0
2024-08-01 13:48:00-04:00,78.58999633789062,78.6698989868164,78.58999633789062,78.5999984741211,7872,0.0,0.0
2024-08-01 13:49:00-04:00,78.625,78.6500015258789,78.62000274658203,78.6500015258789,6332,0.0,0.0
2024-08-01 13:50:00-04:00,78.6500015258789,78.66999816894531,78.5999984741211,78.6572036743164,12216,0.0,0.0
2024-08-01 13:51:00-04:00,78.6500015258789,78.7300033569336,78.6500015258789,78.7300033569336,8022,0.0,0.0
2024-08-01 13:52:00-04:00,78.73989868164062,78.76000213623047,78.70999908447266,78.70999908447266,4587,0.0,0.0
2024-08-01 13:53:00-04:00,78.70999908447266,78.73999786376953,78.70999908447266,78.72000122070312,2436,0.0,0.0
2024-08-01 13:54:00-04:00,78.7300033569336,78.7300033569336,78.70999908447266,78.70999908447266,1773,0.0,0.0
2024-08-01 13:55:00-04:00,78.7249984741211,78.73999786376953,78.71540069580078,78.72000122070312,4724,0.0,0.0
2024-08-01 13:56:00-04:00,78.72000122070312,78.73999786376953,78.69000244140625,78.69000244140625,5233,0.0,0.0
2024-08-01 13:57:00-04:00,78.68000030517578,78.70999908447266,78.68000030517578,78.69999694824219,4518,0.0,0.0
2024-08-01 13:58:00-04:00,78.68000030517578,78.70559692382812,78.68000030517578,78.68009948730469,3375,0.0,0.0
2024-08-01 13:59:00-04:00,78.69999694824219,78.83999633789062,78.69999694824219,78.82499694824219,4032,0.0,0.0
2024-08-01 14:00:00-04:00,78.80999755859375,78.83999633789062,78.76000213623047,78.76000213623047,3413,0.0,0.0
2024-08-01 14:01:00-04:00,78.7699966430664,78.7699966430664,78.68000030517578,78.69999694824219,2795,0.0,0.0
2024-08-01 14:02:00-04:00,78.69499969482422,78.73999786376953,78.69499969482422,78.70999908447266,3237,0.0,0.0
2024-08-01 14:03:00-04:00,78.71499633789062,78.73999786376953,78.71499633789062,78.73320007324219,1967,0.0,0.0
2024-08-01 14:04:00-04:00,78.69000244140625,78.69000244140625,78.6500015258789,78.66999816894531,1274,0.0,0.0
2024-08-01 14:05:00-04:00,78.6500015258789,78.69999694824219,78.6500015258789,78.69000244140625,2797,0.0,0.0
2024-08-01 14:06:00-04:00,78.69999694824219,78.7300033569336,78.67500305175781,78.7300033569336,4509,0.0,0.0
2024-08-01 14:07:00-04:00,78.76000213623047,78.7979965209961,78.76000213623047,78.7979965209961,1145,0.0,0.0
2024-08-01 14:08:00-04:00,78.77999877929688,78.77999877929688,78.7300033569336,78.7300033569336,2491,0.0,0.0
2024-08-01 14:09:00-04:00,78.75,78.7699966430664,78.70999908447266,78.70999908447266,3622,0.0,0.0
2024-08-01 14:10:00-04:00,78.72000122070312,78.73999786376953,78.72000122070312,78.7300033569336,3840,0.0,0.0
2024-08-01 14:11:00-04:00,78.76000213623047,78.76000213623047,78.7300033569336,78.75499725341797,4158,0.0,0.0
2024-08-01 14:12:00-04:00,78.76000213623047,78.76499938964844,78.72000122070312,78.7300033569336,3136,0.0,0.0
2024-08-01 14:13:00-04:00,78.72000122070312,78.7300033569336,78.70999908447266,78.72000122070312,3366,0.0,0.0
2024-08-01 14:14:00-04:00,78.72959899902344,78.7300033569336,78.70500183105469,78.7300033569336,3671,0.0,0.0
2024-08-01 14:15:00-04:00,78.7300033569336,78.7300033569336,78.69999694824219,78.69999694824219,3612,0.0,0.0
2024-08-01 14:16:00-04:00,78.70999908447266,78.73999786376953,78.70999908447266,78.72000122070312,4901,0.0,0.0
2024-08-01 14:17:00-04:00,78.69999694824219,78.69999694824219,78.6500015258789,78.6500015258789,2930,0.0,0.0
2024-08-01 14:18:00-04:00,78.66999816894531,78.69999694824219,78.66000366210938,78.69000244140625,5355,0.0,0.0
2024-08-01 14:19:00-04:00,78.66580200195312,78.6875,78.66000366210938,78.68499755859375,4612,0.0,0.0
2024-08-01 14:20:00-04:00,78.69000244140625,78.7300033569336,78.68499755859375,78.7300033569336,2361,0.0,0.0
2024-08-01 14:21:00-04:00,78.75,78.75,78.7385025024414,78.747802734375,2333,0.0,0.0
2024-08-01 14:22:00-04:00,78.74040222167969,78.7750015258789,78.71980285644531,78.71980285644531,4403,0.0,0.0
2024-08-01 14:23:00-04:00,78.69999694824219,78.73999786376953,78.69999694824219,78.73989868164062,5395,0.0,0.0
2024-08-01 14:24:00-04:00,78.72000122070312,78.72000122070312,78.69999694824219,78.69999694824219,2623,0.0,0.0
2024-08-01 14:25:00-04:00,78.69999694824219,78.70999908447266,78.6500015258789,78.6500015258789,3837,0.0,0.0
2024-08-01 14:26:00-04:00,78.66000366210938,78.66999816894531,78.6500015258789,78.66000366210938,5062,0.0,0.0
2024-08-01 14:27:00-04:00,78.6500015258789,78.66000366210938,78.6500015258789,78.6500015258789,4458,0.0,0.0
2024-08-01 14:28:00-04:00,78.66000366210938,78.66000366210938,78.55000305175781,78.62000274658203,17888,0.0,0.0
2024-08-01 14:29:00-04:00,78.62000274658203,78.63999938964844,78.61000061035156,78.61000061035156,2795,0.0,0.0
2024-08-01 14:30:00-04:00,78.5999984741211,78.5999984741211,78.52999877929688,78.52999877929688,4739,0.0,0.0
2024-08-01 14:31:00-04:00,78.52999877929688,78.55500030517578,78.52999877929688,78.52999877929688,1967,0.0,0.0
2024-08-01 14:32:00-04:00,78.54000091552734,78.54000091552734,78.54000091552734,78.54000091552734,1343,0.0,0.0
2024-08-01 14:33:00-04:00,78.54889678955078,78.55999755859375,78.51000213623047,78.55999755859375,7915,0.0,0.0
2024-08-01 14:34:00-04:00,78.56919860839844,78.56999969482422,78.54000091552734,78.55999755859375,8066,0.0,0.0
2024-08-01 14:35:00-04:00,78.56500244140625,78.62000274658203,78.55000305175781,78.62000274658203,3649,0.0,0.0
2024-08-01 14:36:00-04:00,78.66000366210938,78.66000366210938,78.63999938964844,78.63999938964844,3100,0.0,0.0
2024-08-01 14:37:00-04:00,78.6500015258789,78.68499755859375,78.6449966430664,78.67500305175781,7228,0.0,0.0
2024-08-01 14:38:00-04:00,78.68000030517578,78.77999877929688,78.68000030517578,78.71499633789062,9940,0.0,0.0
2024-08-01 14:39:00-04:00,78.73829650878906,78.73829650878906,78.7300033569336,78.73500061035156,2983,0.0,0.0
2024-08-01 14:40:00-04:00,78.72599792480469,78.73500061035156,78.72599792480469,78.7300033569336,1980,0.0,0.0
2024-08-01 14:41:00-04:00,78.7300033569336,78.76000213623047,78.72000122070312,78.76000213623047,5636,0.0,0.0
2024-08-01 14:42:00-04:00,78.73999786376953,78.73999786376953,78.63999938964844,78.63999938964844,18713,0.0,0.0
2024-08-01 14:43:00-04:00,78.66999816894531,78.68000030517578,78.62999725341797,78.6500015258789,3786,0.0,0.0
2024-08-01 14:44:00-04:00,78.61000061035156,78.65499877929688,78.5999984741211,78.64099884033203,6700,0.0,0.0
2024-08-01 14:45:00-04:00,78.66999816894531,78.68000030517578,78.66000366210938,78.68000030517578,2922,0.0,0.0
2024-08-01 14:46:00-04:00,78.63999938964844,78.63999938964844,78.63500213623047,78.63500213623047,1428,0.0,0.0
2024-08-01 14:47:00-04:00,78.625,78.625,78.58999633789062,78.58999633789062,3059,0.0,0.0
2024-08-01 14:48:00-04:00,78.60250091552734,78.61000061035156,78.52999877929688,78.53500366210938,17229,0.0,0.0
2024-08-01 14:49:00-04:00,78.55989837646484,78.55999755859375,78.53340148925781,78.54499816894531,5637,0.0,0.0
2024-08-01 14:50:00-04:00,78.55000305175781,78.61750030517578,78.54499816894531,78.61750030517578,5176,0.0,0.0
2024-08-01 14:51:00-04:00,78.59010314941406,78.69000244140625,78.59010314941406,78.68070220947266,11112,0.0,0.0
2024-08-01 14:52:00-04:00,78.66999816894531,78.66999816894531,78.62999725341797,78.62999725341797,1942,0.0,0.0
2024-08-01 14:53:00-04:00,78.61000061035156,78.66000366210938,78.5999984741211,78.66000366210938,3196,0.0,0.0
2024-08-01 14:54:00-04:00,78.68000030517578,78.73989868164062,78.5999984741211,78.5999984741211,7168,0.0,0.0
2024-08-01 14:55:00-04:00,78.61000061035156,78.62000274658203,78.52999877929688,78.52999877929688,5717,0.0,0.0
2024-08-01 14:56:00-04:00,78.56999969482422,78.56999969482422,78.54100036621094,78.54100036621094,1423,0.0,0.0
2024-08-01 14:57:00-04:00,78.52999877929688,78.55999755859375,78.51750183105469,78.51750183105469,5276,0.0,0.0
2024-08-01 14:58:00-04:00,78.51000213623047,78.5199966430664,78.5,78.51000213623047,13622,0.0,0.0
2024-08-01 14:59:00-04:00,78.5199966430664,78.56999969482422,78.49009704589844,78.55000305175781,7198,0.0,0.0
2024-08-01 15:00:00-04:00,78.5364990234375,78.57499694824219,78.5199966430664,78.55999755859375,5781,0.0,0.0
2024-08-01 15:01:00-04:00,78.57499694824219,78.57499694824219,78.54900360107422,78.56999969482422,5999,0.0,0.0
2024-08-01 15:02:00-04:00,78.58000183105469,78.62000274658203,78.56999969482422,78.61000061035156,5327,0.0,0.0
2024-08-01 15:03:00-04:00,78.61000061035156,78.61000061035156,78.55999755859375,78.56500244140625,3851,0.0,0.0
2024-08-01 15:04:00-04:00,78.55000305175781,78.5999984741211,78.54000091552734,78.58000183105469,9092,0.0,0.0
2024-08-01 15:05:00-04:00,78.56999969482422,78.58000183105469,78.55000305175781,78.55000305175781,3683,0.0,0.0
2024-08-01 15:06:00-04:00,78.55000305175781,78.56999969482422,78.5199966430664,78.56999969482422,5969,0.0,0.0
2024-08-01 15:07:00-04:00,78.55000305175781,78.55999755859375,78.48999786376953,78.5094985961914,8848,0.0,0.0
2024-08-01 15:08:00-04:00,78.5,78.5,78.47000122070312,78.4800033569336,5094,0.0,0.0
2024-08-01 15:09:00-04:00,78.48500061035156,78.5250015258789,78.47000122070312,78.5,28721,0.0,0.0
2024-08-01 15:10:00-04:00,78.5,78.52999877929688,78.4801025390625,78.52999877929688,18815,0.0,0.0
2024-08-01 15:11:00-04:00,78.55000305175781,78.55000305175781,78.5,78.51499938964844,5744,0.0,0.0
2024-08-01 15:12:00-04:00,78.5,78.52960205078125,78.49500274658203,78.5,5005,0.0,0.0
2024-08-01 15:13:00-04:00,78.5,78.51000213623047,78.48370361328125,78.5,10475,0.0,0.0
2024-08-01 15:14:00-04:00,78.49009704589844,78.54000091552734,78.49009704589844,78.54000091552734,4699,0.0,0.0
2024-08-01 15:15:00-04:00,78.5199966430664,78.5199966430664,78.4800033569336,78.5,7603,0.0,0.0
2024-08-01 15:16:00-04:00,78.5,78.5199966430664,78.5,78.5199966430664,8366,0.0,0.0
2024-08-01 15:17:00-04:00,78.529296875,78.529296875,78.4749984741211,78.5,12763,0.0,0.0
2024-08-01 15:18:00-04:00,78.50499725341797,78.51000213623047,78.3499984741211,78.36000061035156,33055,0.0,0.0
2024-08-01 15:19:00-04:00,78.36000061035156,78.4000015258789,78.36000061035156,78.36000061035156,12610,0.0,0.0
2024-08-01 15:20:00-04:00,78.33999633789062,78.33999633789062,78.20500183105469,78.2300033569336,14941,0.0,0.0
2024-08-01 15:21:00-04:00,78.2500991821289,78.30999755859375,78.22000122070312,78.30999755859375,10515,0.0,0.0
2024-08-01 15:22:00-04:00,78.31999969482422,78.36000061035156,78.30999755859375,78.36000061035156,6227,0.0,0.0
2024-08-01 15:23:00-04:00,78.38999938964844,78.40499877929688,78.37000274658203,78.375,8245,0.0,0.0
2024-08-01 15:24:00-04:00,78.38999938964844,78.40470123291016,78.38500213623047,78.38999938964844,6272,0.0,0.0
2024-08-01 15:25:00-04:00,78.38999938964844,78.4800033569336,78.38999938964844,78.47000122070312,38343,0.0,0.0
2024-08-01 15:26:00-04:00,78.4800033569336,78.4800033569336,78.41000366210938,78.42500305175781,13486,0.0,0.0
2024-08-01 15:27:00-04:00,78.38999938964844,78.38999938964844,78.33999633789062,78.3499984741211,4889,0.0,0.0
2024-08-01 15:28:00-04:00,78.36000061035156,78.37999725341797,78.35749816894531,78.36840057373047,5635,0.0,0.0
2024-08-01 15:29:00-04:00,78.36499786376953,78.38999938964844,78.3499984741211,78.37999725341797,7128,0.0,0.0
2024-08-01 15:30:00-04:00,78.38999938964844,78.41000366210938,78.37999725341797,78.38999938964844,11569,0.0,0.0
2024-08-01 15:31:00-04:00,78.4000015258789,78.45800018310547,78.38500213623047,78.39179992675781,12731,0.0,0.0
2024-08-01 15:32:00-04:00,78.3949966430664,78.47000122070312,78.3949966430664,78.45999908447266,8886,0.0,0.0
2024-08-01 15:33:00-04:00,78.46499633789062,78.4937973022461,78.45999908447266,78.48999786376953,7451,0.0,0.0
2024-08-01 15:34:00-04:00,78.48999786376953,78.48999786376953,78.4000015258789,78.41000366210938,7994,0.0,0.0
2024-08-01 15:35:00-04:00,78.40499877929688,78.43000030517578,78.37000274658203,78.37840270996094,12788,0.0,0.0
2024-08-01 15:36:00-04:00,78.37000274658203,78.375,78.31999969482422,78.33000183105469,13250,0.0,0.0
2024-08-01 15:37:00-04:00,78.3219985961914,78.3219985961914,78.26010131835938,78.26010131835938,10403,0.0,0.0
2024-08-01 15:38:00-04:00,78.26010131835938,78.31999969482422,78.26000213623047,78.31999969482422,20150,0.0,0.0
2024-08-01 15:39:00-04:00,78.31439971923828,78.38999938964844,78.31439971923828,78.38999938964844,7270,0.0,0.0
2024-08-01 15:40:00-04:00,78.37999725341797,78.44000244140625,78.37000274658203,78.44000244140625,12815,0.0,0.0
2024-08-01 15:41:00-04:00,78.41000366210938,78.41999816894531,78.38999938964844,78.41999816894531,5270,0.0,0.0
2024-08-01 15:42:00-04:00,78.41999816894531,78.44999694824219,78.33999633789062,78.3499984741211,22748,0.0,0.0
2024-08-01 15:43:00-04:00,78.37000274658203,78.45500183105469,78.37000274658203,78.43000030517578,8666,0.0,0.0
2024-08-01 15:44:00-04:00,78.44499969482422,78.4800033569336,78.43499755859375,78.4800033569336,9244,0.0,0.0
2024-08-01 15:45:00-04:00,78.48999786376953,78.5199966430664,78.44000244140625,78.44000244140625,8352,0.0,0.0
2024-08-01 15:46:00-04:00,78.45999908447266,78.45999908447266,78.41999816894531,78.41999816894531,11757,0.0,0.0
2024-08-01 15:47:00-04:00,78.41000366210938,78.44999694824219,78.41000366210938,78.43499755859375,8973,0.0,0.0
2024-08-01 15:48:00-04:00,78.41999816894531,78.4800033569336,78.4000015258789,78.47779846191406,10152,0.0,0.0
2024-08-01 15:49:00-04:00,78.51000213623047,78.54000091552734,78.48999786376953,78.50499725341797,8988,0.0,0.0
2024-08-01 15:50:00-04:00,78.5,78.6759033203125,78.5,78.6050033569336,21221,0.0,0.0
2024-08-01 15:51:00-04:00,78.58999633789062,78.61000061035156,78.51000213623047,78.52999877929688,21422,0.0,0.0
2024-08-01 15:52:00-04:00,78.52999877929688,78.55000305175781,78.44000244140625,78.44999694824219,32006,0.0,0.0
2024-08-01 15:53:00-04:00,78.47000122070312,78.50990295410156,78.3949966430664,78.4000015258789,18686,0.0,0.0
2024-08-01 15:54:00-04:00,78.38999938964844,78.56999969482422,78.34500122070312,78.55999755859375,59664,0.0,0.0
2024-08-01 15:55:00-04:00,78.56999969482422,78.75,78.56999969482422,78.61000061035156,45464,0.0,0.0
2024-08-01 15:56:00-04:00,78.61499786376953,78.66000366210938,78.59500122070312,78.5999984741211,40544,0.0,0.0
2024-08-01 15:57:00-04:00,78.5999984741211,78.7300033569336,78.5999984741211,78.72000122070312,43388,0.0,0.0
2024-08-01 15:58:00-04:00,78.7300033569336,78.7300033569336,78.66999816894531,78.66999816894531,59209,0.0,0.0
2024-08-01 15:59:00-04:00,78.67500305175781,78.69999694824219,78.63999938964844,78.69999694824219,101698,0.0,0.0
2024-08-02 09:30:00-04:00,77.4800033569336,77.88999938964844,76.80000305175781,76.80000305175781,54192,0.0,0.0
2024-08-02 09:31:00-04:00,76.72000122070312,76.93000030517578,76.6500015258789,76.6500015258789,11413,0.0,0.0
2024-08-02 09:32:00-04:00,76.73999786376953,76.88990020751953,76.67179870605469,76.88990020751953,12975,0.0,0.0
2024-08-02 09:33:00-04:00,76.76000213623047,76.76000213623047,76.63999938964844,76.6500015258789,6750,0.0,0.0
2024-08-02 09:34:00-04:00,76.55000305175781,76.56700134277344,76.2699966430664,76.30999755859375,11516,0.0,0.0
2024-08-02 09:35:00-04:00,76.25,76.25,76.11000061035156,76.22000122070312,8939,0.0,0.0
2024-08-02 09:36:00-04:00,76.07499694824219,76.07499694824219,75.7938003540039,75.80000305175781,16919,0.0,0.0
2024-08-02 09:37:00-04:00,75.91999816894531,76.20999908447266,75.88999938964844,76.20999908447266,37116,0.0,0.0
2024-08-02 09:38:00-04:00,76.19000244140625,76.44999694824219,76.08999633789062,76.44999694824219,27116,0.0,0.0
2024-08-02 09:39:00-04:00,76.41000366210938,76.63500213623047,76.41000366210938,76.54000091552734,5114,0.0,0.0
2024-08-02 09:40:00-04:00,76.54000091552734,76.5999984741211,76.13999938964844,76.13999938964844,24105,0.0,0.0
2024-08-02 09:41:00-04:00,76.16500091552734,76.16500091552734,76.08499908447266,76.08999633789062,3831,0.0,0.0
2024-08-02 09:42:00-04:00,76.30000305175781,76.30000305175781,76.25499725341797,76.25499725341797,14952,0.0,0.0
2024-08-02 09:43:00-04:00,76.4000015258789,76.51000213623047,76.30999755859375,76.30999755859375,12122,0.0,0.0
2024-08-02 09:44:00-04:00,76.33000183105469,76.5199966430664,76.30999755859375,76.5,24513,0.0,0.0
2024-08-02 09:45:00-04:00,76.44000244140625,76.49500274658203,76.19000244140625,76.22000122070312,24181,0.0,0.0
2024-08-02 09:46:00-04:00,76.29000091552734,76.30439758300781,75.9800033569336,76.05999755859375,8052,0.0,0.0
2024-08-02 09:47:00-04:00,75.9800033569336,76.06999969482422,75.97000122070312,76.02999877929688,5123,0.0,0.0
2024-08-02 09:48:00-04:00,76.1050033569336,76.37000274658203,76.08999633789062,76.34500122070312,21306,0.0,0.0
2024-08-02 09:49:00-04:00,76.4000015258789,76.63780212402344,76.37000274658203,76.63500213623047,24018,0.0,0.0
2024-08-02 09:50:00-04:00,76.5999984741211,76.81999969482422,76.59500122070312,76.76499938964844,18866,0.0,0.0
2024-08-02 09:51:00-04:00,76.73999786376953,76.81999969482422,76.66999816894531,76.81500244140625,18339,0.0,0.0
2024-08-02 09:52:00-04:00,76.81999969482422,76.94999694824219,76.81999969482422,76.83999633789062,14895,0.0,0.0
2024-08-02 09:53:00-04:00,76.80500030517578,76.91999816894531,76.79499816894531,76.9093017578125,11350,0.0,0.0
2024-08-02 09:54:00-04:00,76.88500213623047,76.8948974609375,76.68000030517578,76.68810272216797,6637,0.0,0.0
2024-08-02 09:55:00-04:00,76.70999908447266,76.76000213623047,76.55999755859375,76.58499908447266,11745,0.0,0.0
2024-08-02 09:56:00-04:00,76.58499908447266,76.625,76.55999755859375,76.58999633789062,5484,0.0,0.0
2024-08-02 09:57:00-04:00,76.5999984741211,76.69000244140625,76.55999755859375,76.66000366210938,31269,0.0,0.0
2024-08-02 09:58:00-04:00,76.68000030517578,76.79000091552734,76.66999816894531,76.7699966430664,13845,0.0,0.0
2024-08-02 09:59:00-04:00,76.77999877929688,76.91000366210938,76.77999877929688,76.82499694824219,29071,0.0,0.0
2024-08-02 10:00:00-04:00,76.86499786376953,76.91000366210938,76.83999633789062,76.91000366210938,12689,0.0,0.0
2024-08-02 10:01:00-04:00,76.88500213623047,76.94000244140625,76.8499984741211,76.94000244140625,9176,0.0,0.0
2024-08-02 10:02:00-04:00,76.94999694824219,77.02999877929688,76.92500305175781,76.98500061035156,15986,0.0,0.0
2024-08-02 10:03:00-04:00,76.98500061035156,77.12000274658203,76.98500061035156,77.08499908447266,8640,0.0,0.0
2024-08-02 10:04:00-04:00,77.05999755859375,77.1500015258789,76.95999908447266,76.95999908447266,6542,0.0,0.0
2024-08-02 10:05:00-04:00,76.87999725341797,76.87999725341797,76.45999908447266,76.45999908447266,14275,0.0,0.0
2024-08-02 10:06:00-04:00,76.49500274658203,76.55999755859375,76.44000244140625,76.45999908447266,5566,0.0,0.0
2024-08-02 10:07:00-04:00,76.44000244140625,76.52999877929688,76.35009765625,76.375,10030,0.0,0.0
2024-08-02 10:08:00-04:00,76.36000061035156,76.45999908447266,76.33000183105469,76.43499755859375,8309,0.0,0.0
2024-08-02 10:09:00-04:00,76.43000030517578,76.45999908447266,76.3499984741211,76.44499969482422,5302,0.0,0.0
2024-08-02 10:10:00-04:00,76.4800033569336,76.55999755859375,76.4800033569336,76.5,8185,0.0,0.0
2024-08-02 10:11:00-04:00,76.27999877929688,76.32499694824219,76.16999816894531,76.21499633789062,7633,0.0,0.0
2024-08-02 10:12:00-04:00,76.23999786376953,76.26499938964844,76.11000061035156,76.12000274658203,9412,0.0,0.0
2024-08-02 10:13:00-04:00,76.0999984741211,76.16999816894531,76.01000213623047,76.16999816894531,11284,0.0,0.0
2024-08-02 10:14:00-04:00,76.16000366210938,76.26000213623047,76.16000366210938,76.16999816894531,7913,0.0,0.0
2024-08-02 10:15:00-04:00,76.19999694824219,76.2300033569336,76.1500015258789,76.16000366210938,8690,0.0,0.0
2024-08-02 10:16:00-04:00,76.18000030517578,76.22000122070312,76.091796875,76.18000030517578,25927,0.0,0.0
2024-08-02 10:17:00-04:00,76.21499633789062,76.30999755859375,76.19000244140625,76.30999755859375,17720,0.0,0.0
2024-08-02 10:18:00-04:00,76.30500030517578,76.33930206298828,76.23999786376953,76.25,23115,0.0,0.0
2024-08-02 10:19:00-04:00,76.2300033569336,76.33999633789062,76.2300033569336,76.33000183105469,5030,0.0,0.0
2024-08-02 10:20:00-04:00,76.30000305175781,76.30000305175781,76.2300033569336,76.30000305175781,11112,0.0,0.0
2024-08-02 10:21:00-04:00,76.2699966430664,76.2699966430664,76.16999816894531,76.18000030517578,5834,0.0,0.0
2024-08-02 10:22:00-04:00,76.18049621582031,76.30000305175781,76.18049621582031,76.23500061035156,7369,0.0,0.0
2024-08-02 10:23:00-04:00,76.20999908447266,76.27559661865234,76.19999694824219,76.23999786376953,7246,0.0,0.0
2024-08-02 10:24:00-04:00,76.27999877929688,76.29000091552734,76.16000366210938,76.16000366210938,7073,0.0,0.0
2024-08-02 10:25:00-04:00,76.17500305175781,76.19000244140625,76.05999755859375,76.17500305175781,9372,0.0,0.0
2024-08-02 10:26:00-04:00,76.15010070800781,76.20999908447266,76.125,76.125,4657,0.0,0.0
2024-08-02 10:27:00-04:00,76.12000274658203,76.20999908447266,76.05000305175781,76.05590057373047,9296,0.0,0.0
2024-08-02 10:28:00-04:00,76.05000305175781,76.18000030517578,76.04000091552734,76.16000366210938,15350,0.0,0.0
2024-08-02 10:29:00-04:00,76.11000061035156,76.11000061035156,75.97000122070312,76.0,19608,0.0,0.0
2024-08-02 10:30:00-04:00,76.0,76.16000366210938,76.0,76.16000366210938,14434,0.0,0.0
2024-08-02 10:31:00-04:00,76.14240264892578,76.16999816894531,76.12000274658203,76.12999725341797,7676,0.0,0.0
2024-08-02 10:32:00-04:00,76.1500015258789,76.25,76.14019775390625,76.23500061035156,28580,0.0,0.0
2024-08-02 10:33:00-04:00,76.25,76.31500244140625,76.23999786376953,76.29000091552734,13861,0.0,0.0
2024-08-02 10:34:00-04:00,76.27999877929688,76.27999877929688,76.19999694824219,76.22000122070312,12344,0.0,0.0
2024-08-02 10:35:00-04:00,76.22000122070312,76.2300033569336,76.16000366210938,76.16500091552734,8307,0.0,0.0
2024-08-02 10:36:00-04:00,76.16500091552734,76.16999816894531,76.04000091552734,76.08000183105469,11471,0.0,0.0
2024-08-02 10:37:00-04:00,76.11900329589844,76.11900329589844,75.9800033569336,76.0199966430664,12415,0.0,0.0
2024-08-02 10:38:00-04:00,76.05000305175781,76.05999755859375,75.98999786376953,76.01000213623047,6721,0.0,0.0
2024-08-02 10:39:00-04:00,75.98500061035156,76.05000305175781,75.96489715576172,76.0,17549,0.0,0.0
2024-08-02 10:40:00-04:00,75.99749755859375,76.08999633789062,75.9823989868164,76.01000213623047,17785,0.0,0.0
2024-08-02 10:41:00-04:00,76.0,76.06500244140625,75.9800033569336,75.98999786376953,27990,0.0,0.0
2024-08-02 10:42:00-04:00,75.98999786376953,76.25,75.98999786376953,76.20999908447266,44673,0.0,0.0
2024-08-02 10:43:00-04:00,76.2699966430664,76.30000305175781,76.19999694824219,76.19999694824219,8223,0.0,0.0
2024-08-02 10:44:00-04:00,76.20500183105469,76.20500183105469,76.11000061035156,76.19000244140625,3761,0.0,0.0
2024-08-02 10:45:00-04:00,76.16999816894531,76.18000030517578,76.12999725341797,76.16999816894531,7060,0.0,0.0
2024-08-02 10:46:00-04:00,76.17500305175781,76.17500305175781,76.10060119628906,76.12000274658203,3692,0.0,0.0
2024-08-02 10:47:00-04:00,76.16000366210938,76.2300033569336,76.1500015258789,76.2300033569336,4481,0.0,0.0
2024-08-02 10:48:00-04:00,76.19000244140625,76.20999908447266,76.13999938964844,76.18000030517578,4277,0.0,0.0
2024-08-02 10:49:00-04:00,76.16000366210938,76.23500061035156,76.12000274658203,76.19999694824219,3688,0.0,0.0
2024-08-02 10:50:00-04:00,76.20999908447266,76.30999755859375,76.20999908447266,76.25,9833,0.0,0.0
2024-08-02 10:51:00-04:00,76.2300033569336,76.30000305175781,76.19999694824219,76.30000305175781,7401,0.0,0.0
2024-08-02 10:52:00-04:00,76.26000213623047,76.27999877929688,76.16000366210938,76.18000030517578,5994,0.0,0.0
2024-08-02 10:53:00-04:00,76.18000030517578,76.18000030517578,76.0,76.01499938964844,12119,0.0,0.0
2024-08-02 10:54:00-04:00,76.02999877929688,76.04499816894531,76.0,76.04499816894531,2004,0.0,0.0
2024-08-02 10:55:00-04:00,76.04499816894531,76.0999984741211,76.0,76.05000305175781,4968,0.0,0.0
2024-08-02 10:56:00-04:00,76.0,76.02999877929688,75.9800033569336,76.0199966430664,24711,0.0,0.0
2024-08-02 10:57:00-04:00,76.01000213623047,76.04000091552734,75.98999786376953,76.04000091552734,30037,0.0,0.0
2024-08-02 10:58:00-04:00,76.01899719238281,76.05999755859375,75.98500061035156,76.0,25416,0.0,0.0
2024-08-02 10:59:00-04:00,76.0199966430664,76.0999984741211,75.98999786376953,76.0999984741211,49155,0.0,0.0
2024-08-02 11:00:00-04:00,76.1050033569336,76.1050033569336,76.02999877929688,76.02999877929688,9602,0.0,0.0
2024-08-02 11:01:00-04:00,76.02239990234375,76.08000183105469,75.9800033569336,75.9800033569336,10503,0.0,0.0
2024-08-02 11:02:00-04:00,75.95999908447266,75.98989868164062,75.9000015258789,75.9000015258789,11544,0.0,0.0
2024-08-02 11:03:00-04:00,75.91000366210938,75.99500274658203,75.9000015258789,75.99500274658203,8635,0.0,0.0
2024-08-02 11:04:00-04:00,75.92500305175781,75.93000030517578,75.9000015258789,75.93000030517578,3813,0.0,0.0
2024-08-02 11:05:00-04:00,75.93000030517578,75.94000244140625,75.9000015258789,75.91000366210938,7692,0.0,0.0
2024-08-02 11:06:00-04:00,75.9000015258789,75.97000122070312,75.9000015258789,75.97000122070312,19847,0.0,0.0
2024-08-02 11:07:00-04:00,75.9749984741211,75.9749984741211,75.9000015258789,75.935302734375,5393,0.0,0.0
2024-08-02 11:08:00-04:00,75.90039825439453,75.9198989868164,75.72000122070312,75.75499725341797,25681,0.0,0.0
2024-08-02 11:09:00-04:00,75.75469970703125,75.75469970703125,75.66999816894531,75.68000030517578,7548,0.0,0.0
2024-08-02 11:10:00-04:00,75.66999816894531,75.71499633789062,75.63999938964844,75.71499633789062,11525,0.0,0.0
2024-08-02 11:11:00-04:00,75.73999786376953,75.7699966430664,75.72000122070312,75.73999786376953,7874,0.0,0.0
2024-08-02 11:12:00-04:00,75.70999908447266,75.80000305175781,75.67009735107422,75.7699966430664,4919,0.0,0.0
2024-08-02 11:13:00-04:00,75.75,75.75,75.69999694824219,75.7300033569336,1924,0.0,0.0
2024-08-02 11:14:00-04:00,75.69000244140625,75.73999786376953,75.68000030517578,75.68250274658203,10349,0.0,0.0
2024-08-02 11:15:00-04:00,75.7229995727539,75.7229995727539,75.6500015258789,75.67500305175781,2861,0.0,0.0
2024-08-02 11:16:00-04:00,75.6449966430664,75.7300033569336,75.63500213623047,75.7249984741211,8372,0.0,0.0
2024-08-02 11:17:00-04:00,75.7300033569336,75.91999816894531,75.7300033569336,75.87999725341797,6571,0.0,0.0
2024-08-02 11:18:00-04:00,75.88500213623047,75.88680267333984,75.85469818115234,75.85469818115234,1854,0.0,0.0
2024-08-02 11:19:00-04:00,75.83999633789062,75.8550033569336,75.75,75.7699966430664,4294,0.0,0.0
2024-08-02 11:20:00-04:00,75.72000122070312,75.7300033569336,75.55000305175781,75.55000305175781,11271,0.0,0.0
2024-08-02 11:21:00-04:00,75.52999877929688,75.58999633789062,75.52999877929688,75.58999633789062,4750,0.0,0.0
2024-08-02 11:22:00-04:00,75.57499694824219,75.5999984741211,75.55999755859375,75.5999984741211,11408,0.0,0.0
2024-08-02 11:23:00-04:00,75.58999633789062,75.6500015258789,75.5,75.5999984741211,24881,0.0,0.0
2024-08-02 11:24:00-04:00,75.62999725341797,75.7300033569336,75.62999725341797,75.7300033569336,3569,0.0,0.0
2024-08-02 11:25:00-04:00,75.69000244140625,75.69000244140625,75.55999755859375,75.58499908447266,4716,0.0,0.0
2024-08-02 11:26:00-04:00,75.55999755859375,75.55999755859375,75.5,75.5,2332,0.0,0.0
2024-08-02 11:27:00-04:00,75.5250015258789,75.62999725341797,75.5250015258789,75.62999725341797,4622,0.0,0.0
2024-08-02 11:28:00-04:00,75.63999938964844,75.72000122070312,75.62000274658203,75.72000122070312,5249,0.0,0.0
2024-08-02 11:29:00-04:00,75.66999816894531,75.66999816894531,75.62000274658203,75.63500213623047,8612,0.0,0.0
2024-08-02 11:30:00-04:00,75.63999938964844,75.66000366210938,75.62999725341797,75.6500015258789,9574,0.0,0.0
2024-08-02 11:31:00-04:00,75.6500015258789,75.70999908447266,75.6449966430664,75.70999908447266,8698,0.0,0.0
2024-08-02 11:32:00-04:00,75.75,75.76080322265625,75.70999908447266,75.7300033569336,6766,0.0,0.0
2024-08-02 11:33:00-04:00,75.73999786376953,75.79000091552734,75.73999786376953,75.79000091552734,8494,0.0,0.0
2024-08-02 11:34:00-04:00,75.80000305175781,75.91000366210938,75.80000305175781,75.91000366210938,6225,0.0,0.0
2024-08-02 11:35:00-04:00,75.87000274658203,75.9800033569336,75.87000274658203,75.95999908447266,4021,0.0,0.0
2024-08-02 11:36:00-04:00,75.97000122070312,76.04000091552734,75.95500183105469,76.02999877929688,19589,0.0,0.0
2024-08-02 11:37:00-04:00,76.00599670410156,76.05999755859375,75.93000030517578,75.93000030517578,7996,0.0,0.0
2024-08-02 11:38:00-04:00,75.9000015258789,75.93499755859375,75.87000274658203,75.87000274658203,8929,0.0,0.0
2024-08-02 11:39:00-04:00,75.83999633789062,75.88999938964844,75.76000213623047,75.79000091552734,10780,0.0,0.0
2024-08-02 11:40:00-04:00,75.7699966430664,75.77999877929688,75.72000122070312,75.73200225830078,9747,0.0,0.0
2024-08-02 11:41:00-04:00,75.75499725341797,75.91000366210938,75.72000122070312,75.8949966430664,8676,0.0,0.0
2024-08-02 11:42:00-04:00,75.93000030517578,75.95999908447266,75.87210083007812,75.90499877929688,11092,0.0,0.0
2024-08-02 11:43:00-04:00,75.91999816894531,76.01499938964844,75.91999816894531,75.94989776611328,3844,0.0,0.0
2024-08-02 11:44:00-04:00,75.92500305175781,76.0,75.92500305175781,75.97000122070312,4924,0.0,0.0
2024-08-02 11:45:00-04:00,75.98999786376953,76.11000061035156,75.98999786376953,76.06999969482422,8283,0.0,0.0
2024-08-02 11:46:00-04:00,76.08999633789062,76.33650207519531,76.08999633789062,76.33650207519531,7707,0.0,0.0
2024-08-02 11:47:00-04:00,76.36990356445312,76.38999938964844,76.33000183105469,76.37000274658203,116807,0.0,0.0
2024-08-02 11:48:00-04:00,76.4000015258789,76.48739624023438,76.37000274658203,76.45999908447266,3921,0.0,0.0
2024-08-02 11:49:00-04:00,76.48999786376953,76.65499877929688,76.48999786376953,76.63999938964844,15665,0.0,0.0
2024-08-02 11:50:00-04:00,76.6500015258789,76.6500015258789,76.55999755859375,76.5698013305664,15817,0.0,0.0
2024-08-02 11:51:00-04:00,76.54000091552734,76.56999969482422,76.31999969482422,76.33999633789062,29492,0.0,0.0
2024-08-02 11:52:00-04:00,76.33999633789062,76.47339630126953,76.33999633789062,76.44000244140625,9293,0.0,0.0
2024-08-02 11:53:00-04:00,76.4800033569336,76.57990264892578,76.4541015625,76.45500183105469,4500,0.0,0.0
2024-08-02 11:54:00-04:00,76.44000244140625,76.51000213623047,76.29499816894531,76.29499816894531,11079,0.0,0.0
2024-08-02 11:55:00-04:00,76.35189819335938,76.47000122070312,76.31999969482422,76.47000122070312,12784,0.0,0.0
2024-08-02 11:56:00-04:00,76.45500183105469,76.4999008178711,76.42500305175781,76.4999008178711,3828,0.0,0.0
2024-08-02 11:57:00-04:00,76.48999786376953,76.56500244140625,76.45999908447266,76.51000213623047,8796,0.0,0.0
2024-08-02 11:58:00-04:00,76.51000213623047,76.58999633789062,76.50499725341797,76.50499725341797,9804,0.0,0.0
2024-08-02 11:59:00-04:00,76.48999786376953,76.48999786376953,76.37000274658203,76.37999725341797,5867,0.0,0.0
2024-08-02 12:00:00-04:00,76.38500213623047,76.45989990234375,76.38500213623047,76.45989990234375,3955,0.0,0.0
2024-08-02 12:01:00-04:00,76.42500305175781,76.48999786376953,76.42500305175781,76.47989654541016,8494,0.0,0.0
2024-08-02 12:02:00-04:00,76.44999694824219,76.47989654541016,76.41999816894531,76.41999816894531,5172,0.0,0.0
2024-08-02 12:03:00-04:00,76.38999938964844,76.46730041503906,76.37999725341797,76.42500305175781,7924,0.0,0.0
2024-08-02 12:04:00-04:00,76.44989776611328,76.44999694824219,76.38999938964844,76.44999694824219,2493,0.0,0.0
2024-08-02 12:05:00-04:00,76.43499755859375,76.5,76.36000061035156,76.37999725341797,6604,0.0,0.0
2024-08-02 12:06:00-04:00,76.3499984741211,76.43000030517578,76.3499984741211,76.375,1822,0.0,0.0
2024-08-02 12:07:00-04:00,76.375,76.47000122070312,76.36499786376953,76.47000122070312,8906,0.0,0.0
2024-08-02 12:08:00-04:00,76.47000122070312,76.47000122070312,76.37999725341797,76.41000366210938,5526,0.0,0.0
2024-08-02 12:09:00-04:00,76.41500091552734,76.41500091552734,76.4000015258789,76.41000366210938,1811,0.0,0.0
2024-08-02 12:10:00-04:00,76.41000366210938,76.47000122070312,76.375,76.45500183105469,7522,0.0,0.0
2024-08-02 12:11:00-04:00,76.44000244140625,76.44000244140625,76.41999816894531,76.43000030517578,2820,0.0,0.0
2024-08-02 12:12:00-04:00,76.41999816894531,76.51000213623047,76.4000015258789,76.48999786376953,8564,0.0,0.0
2024-08-02 12:13:00-04:00,76.45999908447266,76.5,76.45999908447266,76.5,2170,0.0,0.0
2024-08-02 12:14:00-04:00,76.5,76.56999969482422,76.4800033569336,76.56500244140625,5024,0.0,0.0
2024-08-02 12:15:00-04:00,76.56500244140625,76.69000244140625,76.56500244140625,76.69000244140625,3794,0.0,0.0
2024-08-02 12:16:00-04:00,76.66000366210938,76.66500091552734,76.58999633789062,76.66500091552734,5942,0.0,0.0
2024-08-02 12:17:00-04:00,76.69000244140625,76.73919677734375,76.69000244140625,76.73919677734375,5510,0.0,0.0
2024-08-02 12:18:00-04:00,76.68000030517578,76.69000244140625,76.62999725341797,76.6500015258789,5435,0.0,0.0
2024-08-02 12:19:00-04:00,76.62999725341797,76.72000122070312,76.61499786376953,76.72000122070312,3391,0.0,0.0
2024-08-02 12:20:00-04:00,76.72000122070312,76.79000091552734,76.72000122070312,76.77999877929688,3977,0.0,0.0
2024-08-02 12:21:00-04:00,76.77999877929688,76.77999877929688,76.68000030517578,76.68000030517578,7055,0.0,0.0
2024-08-02 12:22:00-04:00,76.69499969482422,76.69999694824219,76.66999816894531,76.68000030517578,2533,0.0,0.0
2024-08-02 12:23:00-04:00,76.62999725341797,76.69999694824219,76.60009765625,76.66999816894531,3512,0.0,0.0
2024-08-02 12:24:00-04:00,76.6500015258789,76.6500015258789,76.5999984741211,76.5999984741211,1473,0.0,0.0
2024-08-02 12:25:00-04:00,76.5999984741211,76.62000274658203,76.52999877929688,76.55000305175781,5781,0.0,0.0
2024-08-02 12:26:00-04:00,76.54000091552734,76.62000274658203,76.52999877929688,76.61000061035156,5422,0.0,0.0
2024-08-02 12:27:00-04:00,76.61000061035156,76.61499786376953,76.58000183105469,76.61499786376953,4038,0.0,0.0
2024-08-02 12:28:00-04:00,76.63999938964844,76.6500015258789,76.58789825439453,76.62000274658203,4514,0.0,0.0
2024-08-02 12:29:00-04:00,76.62000274658203,76.63999938964844,76.62000274658203,76.63500213623047,699,0.0,0.0
2024-08-02 12:30:00-04:00,76.62999725341797,76.66000366210938,76.62999725341797,76.66000366210938,1106,0.0,0.0
2024-08-02 12:31:00-04:00,76.68000030517578,76.68000030517578,76.63999938964844,76.65750122070312,2997,0.0,0.0
2024-08-02 12:32:00-04:00,76.62999725341797,76.66000366210938,76.6050033569336,76.63999938964844,5911,0.0,0.0
2024-08-02 12:33:00-04:00,76.6500015258789,76.6500015258789,76.6500015258789,76.6500015258789,984,0.0,0.0
2024-08-02 12:34:00-04:00,76.6449966430664,76.69999694824219,76.62000274658203,76.68000030517578,9403,0.0,0.0
2024-08-02 12:35:00-04:00,76.68000030517578,76.68000030517578,76.61000061035156,76.63999938964844,7151,0.0,0.0
2024-08-02 12:36:00-04:00,76.62000274658203,76.69499969482422,76.60189819335938,76.69499969482422,8428,0.0,0.0
2024-08-02 12:37:00-04:00,76.69499969482422,76.69499969482422,76.6500015258789,76.67500305175781,3392,0.0,0.0
2024-08-02 12:38:00-04:00,76.67500305175781,76.69999694824219,76.67500305175781,76.69499969482422,2561,0.0,0.0
2024-08-02 12:39:00-04:00,76.72000122070312,76.77999877929688,76.72000122070312,76.77999877929688,5914,0.0,0.0
2024-08-02 12:40:00-04:00,76.80000305175781,76.83000183105469,76.79450225830078,76.81999969482422,2674,0.0,0.0
2024-08-02 12:41:00-04:00,76.83999633789062,76.87000274658203,76.83999633789062,76.87000274658203,4259,0.0,0.0
2024-08-02 12:42:00-04:00,76.87000274658203,76.87000274658203,76.83999633789062,76.8550033569336,5637,0.0,0.0
2024-08-02 12:43:00-04:00,76.83999633789062,76.8550033569336,76.80999755859375,76.81500244140625,3371,0.0,0.0
2024-08-02 12:44:00-04:00,76.8030014038086,76.95989990234375,76.80000305175781,76.95989990234375,12473,0.0,0.0
2024-08-02 12:45:00-04:00,76.95999908447266,76.95999908447266,76.88990020751953,76.90499877929688,11436,0.0,0.0
2024-08-02 12:46:00-04:00,76.90499877929688,76.90499877929688,76.83999633789062,76.872802734375,6772,0.0,0.0
2024-08-02 12:47:00-04:00,76.87999725341797,76.9000015258789,76.84500122070312,76.84500122070312,2712,0.0,0.0
2024-08-02 12:48:00-04:00,76.86499786376953,76.9000015258789,76.83999633789062,76.83999633789062,5399,0.0,0.0
2024-08-02 12:49:00-04:00,76.83999633789062,76.91999816894531,76.83999633789062,76.9000015258789,5306,0.0,0.0
2024-08-02 12:50:00-04:00,76.8949966430664,76.91999816894531,76.86000061035156,76.86000061035156,6905,0.0,0.0
2024-08-02 12:51:00-04:00,76.8499984741211,76.87999725341797,76.84500122070312,76.87999725341797,2707,0.0,0.0
2024-08-02 12:52:00-04:00,76.8499984741211,76.8499984741211,76.75,76.84500122070312,29823,0.0,0.0
2024-08-02 12:53:00-04:00,76.81999969482422,76.81999969482422,76.75,76.75,2356,0.0,0.0
2024-08-02 12:54:00-04:00,76.75499725341797,76.76000213623047,76.69999694824219,76.69999694824219,4855,0.0,0.0
2024-08-02 12:55:00-04:00,76.7029037475586,76.75,76.66999816894531,76.75,6786,0.0,0.0
2024-08-02 12:56:00-04:00,76.77999877929688,76.77999877929688,76.72000122070312,76.75,6365,0.0,0.0
2024-08-02 12:57:00-04:00,76.80000305175781,76.91000366210938,76.77999877929688,76.88999938964844,2768,0.0,0.0
2024-08-02 12:58:00-04:00,76.91000366210938,76.97000122070312,76.90499877929688,76.95999908447266,5348,0.0,0.0
2024-08-02 12:59:00-04:00,76.94999694824219,76.96499633789062,76.93000030517578,76.93000030517578,4093,0.0,0.0
2024-08-02 13:00:00-04:00,76.94170379638672,76.9800033569336,76.93000030517578,76.93499755859375,4884,0.0,0.0
2024-08-02 13:01:00-04:00,76.91999816894531,76.91999816894531,76.87419891357422,76.87419891357422,4429,0.0,0.0
2024-08-02 13:02:00-04:00,76.9000015258789,76.91000366210938,76.83499908447266,76.83499908447266,5913,0.0,0.0
2024-08-02 13:03:00-04:00,76.80999755859375,76.80999755859375,76.72000122070312,76.7300033569336,6515,0.0,0.0
2024-08-02 13:04:00-04:00,76.7249984741211,76.83000183105469,76.70999908447266,76.75,7840,0.0,0.0
2024-08-02 13:05:00-04:00,76.79000091552734,76.80999755859375,76.75,76.75,3474,0.0,0.0
2024-08-02 13:06:00-04:00,76.75499725341797,76.81999969482422,76.75499725341797,76.80999755859375,6596,0.0,0.0
2024-08-02 13:07:00-04:00,76.80000305175781,76.8499984741211,76.80000305175781,76.83999633789062,2972,0.0,0.0
2024-08-02 13:08:00-04:00,76.8499984741211,76.91000366210938,76.83999633789062,76.91000366210938,10759,0.0,0.0
2024-08-02 13:09:00-04:00,76.90499877929688,76.94999694824219,76.90499877929688,76.93499755859375,4092,0.0,0.0
2024-08-02 13:10:00-04:00,76.94499969482422,76.94499969482422,76.9000015258789,76.91000366210938,10007,0.0,0.0
2024-08-02 13:11:00-04:00,76.9000015258789,76.91000366210938,76.88999938964844,76.9000015258789,3414,0.0,0.0
2024-08-02 13:12:00-04:00,76.88999938964844,76.88999938964844,76.8499984741211,76.88999938964844,3913,0.0,0.0
2024-08-02 13:13:00-04:00,76.88500213623047,76.9000015258789,76.87000274658203,76.9000015258789,5672,0.0,0.0
2024-08-02 13:14:00-04:00,76.9000015258789,76.9000015258789,76.87000274658203,76.9000015258789,4121,0.0,0.0
2024-08-02 13:15:00-04:00,76.90499877929688,76.94999694824219,76.88999938964844,76.94999694824219,5015,0.0,0.0
2024-08-02 13:16:00-04:00,76.96499633789062,76.98999786376953,76.94000244140625,76.95999908447266,4396,0.0,0.0
2024-08-02 13:17:00-04:00,76.94000244140625,76.95989990234375,76.9343032836914,76.94999694824219,3625,0.0,0.0
2024-08-02 13:18:00-04:00,76.94499969482422,76.95999908447266,76.93000030517578,76.93710327148438,2846,0.0,0.0
2024-08-02 13:19:00-04:00,76.95999908447266,76.98999786376953,76.94000244140625,76.94999694824219,5705,0.0,0.0
2024-08-02 13:20:00-04:00,76.95999908447266,76.95999908447266,76.87999725341797,76.87999725341797,6066,0.0,0.0
2024-08-02 13:21:00-04:00,76.91000366210938,76.94989776611328,76.80000305175781,76.83000183105469,8672,0.0,0.0
2024-08-02 13:22:00-04:00,76.81999969482422,76.83000183105469,76.70999908447266,76.70999908447266,8798,0.0,0.0
2024-08-02 13:23:00-04:00,76.69999694824219,76.73999786376953,76.66999816894531,76.69000244140625,9119,0.0,0.0
2024-08-02 13:24:00-04:00,76.70999908447266,76.72000122070312,76.66000366210938,76.72000122070312,10230,0.0,0.0
2024-08-02 13:25:00-04:00,76.72000122070312,76.87999725341797,76.68000030517578,76.8468017578125,3420,0.0,0.0
2024-08-02 13:26:00-04:00,76.83999633789062,76.86499786376953,76.80000305175781,76.84500122070312,4228,0.0,0.0
2024-08-02 13:27:00-04:00,76.84500122070312,76.88999938964844,76.84500122070312,76.88999938964844,4011,0.0,0.0
2024-08-02 13:28:00-04:00,76.91999816894531,76.97000122070312,76.88999938964844,76.97000122070312,3770,0.0,0.0
2024-08-02 13:29:00-04:00,76.97000122070312,76.9800033569336,76.87999725341797,76.89990234375,5895,0.0,0.0
2024-08-02 13:30:00-04:00,76.87000274658203,76.87000274658203,76.80000305175781,76.81500244140625,9334,0.0,0.0
2024-08-02 13:31:00-04:00,76.81999969482422,76.81999969482422,76.7750015258789,76.77999877929688,3594,0.0,0.0
2024-08-02 13:32:00-04:00,76.76000213623047,76.7699966430664,76.69000244140625,76.76499938964844,8212,0.0,0.0
2024-08-02 13:33:00-04:00,76.75379943847656,76.75379943847656,76.66000366210938,76.66999816894531,9574,0.0,0.0
2024-08-02 13:34:00-04:00,76.6500015258789,76.68000030517578,76.6500015258789,76.66999816894531,2874,0.0,0.0
2024-08-02 13:35:00-04:00,76.66999816894531,76.66999816894531,76.5999984741211,76.61499786376953,5287,0.0,0.0
2024-08-02 13:36:00-04:00,76.61000061035156,76.69999694824219,76.58999633789062,76.68000030517578,2535,0.0,0.0
2024-08-02 13:37:00-04:00,76.69000244140625,76.75499725341797,76.69000244140625,76.73999786376953,2568,0.0,0.0
2024-08-02 13:38:00-04:00,76.75,76.79000091552734,76.73999786376953,76.7699966430664,4616,0.0,0.0
2024-08-02 13:39:00-04:00,76.76499938964844,76.77030181884766,76.73999786376953,76.75,5804,0.0,0.0
2024-08-02 13:40:00-04:00,76.73999786376953,76.7750015258789,76.7300033569336,76.73500061035156,9348,0.0,0.0
2024-08-02 13:41:00-04:00,76.74500274658203,76.75499725341797,76.66000366210938,76.72000122070312,7387,0.0,0.0
2024-08-02 13:42:00-04:00,76.70999908447266,76.77999877929688,76.69999694824219,76.76000213623047,3769,0.0,0.0
2024-08-02 13:43:00-04:00,76.7750015258789,76.7750015258789,76.73999786376953,76.74500274658203,2975,0.0,0.0
2024-08-02 13:44:00-04:00,76.77999877929688,76.79000091552734,76.76499938964844,76.7750015258789,5242,0.0,0.0
2024-08-02 13:45:00-04:00,76.7750015258789,76.875,76.7750015258789,76.87000274658203,37290,0.0,0.0
2024-08-02 13:46:00-04:00,76.87999725341797,76.87999725341797,76.87000274658203,76.87000274658203,1455,0.0,0.0
2024-08-02 13:47:00-04:00,76.81500244140625,76.83000183105469,76.80000305175781,76.81590270996094,12998,0.0,0.0
2024-08-02 13:48:00-04:00,76.83999633789062,76.86000061035156,76.81999969482422,76.86000061035156,3117,0.0,0.0
2024-08-02 13:49:00-04:00,76.87999725341797,76.87999725341797,76.80999755859375,76.80999755859375,5009,0.0,0.0
2024-08-02 13:50:00-04:00,76.83000183105469,76.83000183105469,76.79000091552734,76.80500030517578,3240,0.0,0.0
2024-08-02 13:51:00-04:00,76.81999969482422,76.84500122070312,76.81999969482422,76.84500122070312,2754,0.0,0.0
2024-08-02 13:52:00-04:00,76.87000274658203,76.87000274658203,76.83999633789062,76.83999633789062,3552,0.0,0.0
2024-08-02 13:53:00-04:00,76.83000183105469,76.83499908447266,76.80999755859375,76.80999755859375,5475,0.0,0.0
2024-08-02 13:54:00-04:00,76.80000305175781,76.80000305175781,76.76000213623047,76.76000213623047,8857,0.0,0.0
2024-08-02 13:55:00-04:00,76.73999786376953,76.7750015258789,76.7300033569336,76.7300033569336,5430,0.0,0.0
2024-08-02 13:56:00-04:00,76.72000122070312,76.72000122070312,76.70999908447266,76.72000122070312,1645,0.0,0.0
2024-08-02 13:57:00-04:00,76.72000122070312,76.7300033569336,76.72000122070312,76.7300033569336,3635,0.0,0.0
2024-08-02 13:58:00-04:00,76.72000122070312,76.7300033569336,76.68000030517578,76.70999908447266,6355,0.0,0.0
2024-08-02 13:59:00-04:00,76.72000122070312,76.7300033569336,76.69999694824219,76.72000122070312,3727,0.0,0.0
2024-08-02 14:00:00-04:00,76.70999908447266,76.71499633789062,76.69000244140625,76.69000244140625,3315,0.0,0.0
2024-08-02 14:01:00-04:00,76.69000244140625,76.77999877929688,76.68000030517578,76.77999877929688,7404,0.0,0.0
2024-08-02 14:02:00-04:00,76.78500366210938,76.83000183105469,76.77999877929688,76.83000183105469,2715,0.0,0.0
2024-08-02 14:03:00-04:00,76.8499984741211,76.8499984741211,76.80999755859375,76.83999633789062,6915,0.0,0.0
2024-08-02 14:04:00-04:00,76.83000183105469,76.87999725341797,76.83000183105469,76.86000061035156,7167,0.0,0.0
2024-08-02 14:05:00-04:00,76.875,76.91999816894531,76.86000061035156,76.87999725341797,8400,0.0,0.0
2024-08-02 14:06:00-04:00,76.87000274658203,76.87000274658203,76.82160186767578,76.82160186767578,10038,0.0,0.0
2024-08-02 14:07:00-04:00,76.81999969482422,76.86000061035156,76.81999969482422,76.83999633789062,6330,0.0,0.0
2024-08-02 14:08:00-04:00,76.86000061035156,76.86000061035156,76.81999969482422,76.81999969482422,5223,0.0,0.0
2024-08-02 14:09:00-04:00,76.80000305175781,76.8499984741211,76.80000305175781,76.81999969482422,8613,0.0,0.0
2024-08-02 14:10:00-04:00,76.80999755859375,76.81999969482422,76.76000213623047,76.77999877929688,4255,0.0,0.0
2024-08-02 14:11:00-04:00,76.78500366210938,76.80000305175781,76.78500366210938,76.80000305175781,1121,0.0,0.0
2024-08-02 14:12:00-04:00,76.80500030517578,76.8499984741211,76.80500030517578,76.83000183105469,12750,0.0,0.0
2024-08-02 14:13:00-04:00,76.82499694824219,76.82499694824219,76.80999755859375,76.80999755859375,3206,0.0,0.0
2024-08-02 14:14:00-04:00,76.81500244140625,76.8499984741211,76.79000091552734,76.83999633789062,6807,0.0,0.0
2024-08-02 14:15:00-04:00,76.87000274658203,76.87999725341797,76.87000274658203,76.87999725341797,2464,0.0,0.0
2024-08-02 14:16:00-04:00,76.9000015258789,76.96499633789062,76.88999938964844,76.96499633789062,13696,0.0,0.0
2024-08-02 14:17:00-04:00,76.98999786376953,76.98999786376953,76.9000015258789,76.9000015258789,5873,0.0,0.0
2024-08-02 14:18:00-04:00,76.88999938964844,76.9000015258789,76.87999725341797,76.88999938964844,2969,0.0,0.0
2024-08-02 14:19:00-04:00,76.9000015258789,76.94000244140625,76.9000015258789,76.91999816894531,4766,0.0,0.0
2024-08-02 14:20:00-04:00,76.91000366210938,76.93000030517578,76.87000274658203,76.91500091552734,10102,0.0,0.0
2024-08-02 14:21:00-04:00,76.93000030517578,76.97100067138672,76.91999816894531,76.97100067138672,5692,0.0,0.0
2024-08-02 14:22:00-04:00,76.94999694824219,76.95999908447266,76.93000030517578,76.95999908447266,4107,0.0,0.0
2024-08-02 14:23:00-04:00,76.94000244140625,77.0,76.93499755859375,77.0,7343,0.0,0.0
2024-08-02 14:24:00-04:00,76.98999786376953,77.0,76.91000366210938,76.94999694824219,6685,0.0,0.0
2024-08-02 14:25:00-04:00,76.98999786376953,76.98999786376953,76.94999694824219,76.97000122070312,2503,0.0,0.0
2024-08-02 14:26:00-04:00,76.98999786376953,77.02999877929688,76.98999786376953,77.0199966430664,2583,0.0,0.0
2024-08-02 14:27:00-04:00,77.04000091552734,77.05999755859375,77.04000091552734,77.05999755859375,2895,0.0,0.0
2024-08-02 14:28:00-04:00,77.06500244140625,77.08000183105469,77.03500366210938,77.05000305175781,13010,0.0,0.0
2024-08-02 14:29:00-04:00,77.05000305175781,77.1500015258789,77.05000305175781,77.1500015258789,4959,0.0,0.0
2024-08-02 14:30:00-04:00,77.13999938964844,77.13999938964844,77.08499908447266,77.13999938964844,8472,0.0,0.0
2024-08-02 14:31:00-04:00,77.12000274658203,77.20500183105469,77.12000274658203,77.20500183105469,5065,0.0,0.0
2024-08-02 14:32:00-04:00,77.22000122070312,77.22000122070312,77.19000244140625,77.20500183105469,10091,0.0,0.0
2024-08-02 14:33:00-04:00,77.19999694824219,77.19999694824219,77.13999938964844,77.16999816894531,3528,0.0,0.0
2024-08-02 14:34:00-04:00,77.16999816894531,77.16999816894531,77.08999633789062,77.08999633789062,9548,0.0,0.0
2024-08-02 14:35:00-04:00,77.08999633789062,77.08999633789062,76.9800033569336,77.0,6727,0.0,0.0
2024-08-02 14:36:00-04:00,77.0,77.02999877929688,77.0,77.0250015258789,7127,0.0,0.0
2024-08-02 14:37:00-04:00,77.04000091552734,77.08999633789062,77.04000091552734,77.08999633789062,5752,0.0,0.0
2024-08-02 14:38:00-04:00,77.08499908447266,77.12999725341797,77.08499908447266,77.11499786376953,4280,0.0,0.0
2024-08-02 14:39:00-04:00,77.13999938964844,77.13999938964844,77.11000061035156,77.12999725341797,7924,0.0,0.0
2024-08-02 14:40:00-04:00,77.125,77.13999938964844,77.08999633789062,77.1050033569336,8208,0.0,0.0
2024-08-02 14:41:00-04:00,77.0999984741211,77.0999984741211,77.08000183105469,77.0999984741211,3659,0.0,0.0
2024-08-02 14:42:00-04:00,77.0999984741211,77.12960052490234,77.05000305175781,77.05000305175781,8396,0.0,0.0
2024-08-02 14:43:00-04:00,77.04000091552734,77.04000091552734,77.01000213623047,77.04000091552734,5337,0.0,0.0
2024-08-02 14:44:00-04:00,77.02999877929688,77.02999877929688,76.9802017211914,77.0,6001,0.0,0.0
2024-08-02 14:45:00-04:00,77.0,77.01000213623047,76.94999694824219,76.94999694824219,3253,0.0,0.0
2024-08-02 14:46:00-04:00,76.94499969482422,76.95999908447266,76.93000030517578,76.95999908447266,4854,0.0,0.0
2024-08-02 14:47:00-04:00,76.95999908447266,76.95999908447266,76.9000015258789,76.9000015258789,9420,0.0,0.0
2024-08-02 14:48:00-04:00,76.9000015258789,76.97000122070312,76.9000015258789,76.94499969482422,7732,0.0,0.0
2024-08-02 14:49:00-04:00,76.94499969482422,76.94499969482422,76.86499786376953,76.86499786376953,5729,0.0,0.0
2024-08-02 14:50:00-04:00,76.86000061035156,76.86499786376953,76.80999755859375,76.86499786376953,7046,0.0,0.0
2024-08-02 14:51:00-04:00,76.86000061035156,76.9000015258789,76.86000061035156,76.87000274658203,4456,0.0,0.0
2024-08-02 14:52:00-04:00,76.86499786376953,76.9000015258789,76.86000061035156,76.87999725341797,8470,0.0,0.0
2024-08-02 14:53:00-04:00,76.88999938964844,76.9000015258789,76.86000061035156,76.86000061035156,5135,0.0,0.0
2024-08-02 14:54:00-04:00,76.87999725341797,76.88999938964844,76.86000061035156,76.88500213623047,3234,0.0,0.0
2024-08-02 14:55:00-04:00,76.8906021118164,76.91999816894531,76.8499984741211,76.86499786376953,8735,0.0,0.0
2024-08-02 14:56:00-04:00,76.86499786376953,76.86499786376953,76.80000305175781,76.83499908447266,5816,0.0,0.0
2024-08-02 14:57:00-04:00,76.83000183105469,76.83000183105469,76.83000183105469,76.83000183105469,1181,0.0,0.0
2024-08-02 14:58:00-04:00,76.81999969482422,76.83000183105469,76.77999877929688,76.77999877929688,5345,0.0,0.0
2024-08-02 14:59:00-04:00,76.77999877929688,76.77999877929688,76.66000366210938,76.7249984741211,10756,0.0,0.0
2024-08-02 15:00:00-04:00,76.73999786376953,76.80999755859375,76.70999908447266,76.80999755859375,7102,0.0,0.0
2024-08-02 15:01:00-04:00,76.80999755859375,76.84500122070312,76.78500366210938,76.84500122070312,8079,0.0,0.0
2024-08-02 15:02:00-04:00,76.80999755859375,76.83999633789062,76.80999755859375,76.82499694824219,1439,0.0,0.0
2024-08-02 15:03:00-04:00,76.82499694824219,76.8550033569336,76.81999969482422,76.8550033569336,7036,0.0,0.0
2024-08-02 15:04:00-04:00,76.8550033569336,76.8550033569336,76.83499908447266,76.84500122070312,2626,0.0,0.0
2024-08-02 15:05:00-04:00,76.85350036621094,76.86000061035156,76.81999969482422,76.83000183105469,4466,0.0,0.0
2024-08-02 15:06:00-04:00,76.81999969482422,76.83000183105469,76.77999877929688,76.78500366210938,15018,0.0,0.0
2024-08-02 15:07:00-04:00,76.78500366210938,76.80000305175781,76.78500366210938,76.79000091552734,9751,0.0,0.0
2024-08-02 15:08:00-04:00,76.79499816894531,76.9000015258789,76.79499816894531,76.87999725341797,12729,0.0,0.0
2024-08-02 15:09:00-04:00,76.8949966430664,76.91999816894531,76.87000274658203,76.88999938964844,7722,0.0,0.0
2024-08-02 15:10:00-04:00,76.88639831542969,76.88639831542969,76.80500030517578,76.80999755859375,5868,0.0,0.0
2024-08-02 15:11:00-04:00,76.83000183105469,76.84500122070312,76.80999755859375,76.83000183105469,5167,0.0,0.0
2024-08-02 15:12:00-04:00,76.83000183105469,76.8550033569336,76.80500030517578,76.80500030517578,5261,0.0,0.0
2024-08-02 15:13:00-04:00,76.80999755859375,76.83000183105469,76.7699966430664,76.7822036743164,6025,0.0,0.0
2024-08-02 15:14:00-04:00,76.77999877929688,76.81999969482422,76.73999786376953,76.80999755859375,66967,0.0,0.0
2024-08-02 15:15:00-04:00,76.81500244140625,76.86499786376953,76.80999755859375,76.8499984741211,2710,0.0,0.0
2024-08-02 15:16:00-04:00,76.8499984741211,76.94999694824219,76.8499984741211,76.93000030517578,12401,0.0,0.0
2024-08-02 15:17:00-04:00,76.91999816894531,76.94000244140625,76.86000061035156,76.87000274658203,7162,0.0,0.0
2024-08-02 15:18:00-04:00,76.9000015258789,76.91000366210938,76.88999938964844,76.9000015258789,3463,0.0,0.0
2024-08-02 15:19:00-04:00,76.93000030517578,76.95999908447266,76.93000030517578,76.94499969482422,6976,0.0,0.0
2024-08-02 15:20:00-04:00,76.93000030517578,76.96499633789062,76.91999816894531,76.96499633789062,8790,0.0,0.0
2024-08-02 15:21:00-04:00,76.98999786376953,76.98999786376953,76.87999725341797,76.8949966430664,6431,0.0,0.0
2024-08-02 15:22:00-04:00,76.8949966430664,76.90190124511719,76.87000274658203,76.87000274658203,4971,0.0,0.0
2024-08-02 15:23:00-04:00,76.86000061035156,76.87999725341797,76.8499984741211,76.86000061035156,7646,0.0,0.0
2024-08-02 15:24:00-04:00,76.83999633789062,76.8499984741211,76.81999969482422,76.83000183105469,4110,0.0,0.0
2024-08-02 15:25:00-04:00,76.81999969482422,76.86000061035156,76.81999969482422,76.86000061035156,6266,0.0,0.0
2024-08-02 15:26:00-04:00,76.84500122070312,76.93499755859375,76.84500122070312,76.93499755859375,1714,0.0,0.0
2024-08-02 15:27:00-04:00,76.94000244140625,77.0,76.91999816894531,76.98999786376953,22066,0.0,0.0
2024-08-02 15:28:00-04:00,76.98999786376953,77.0,76.97000122070312,76.98500061035156,3089,0.0,0.0
2024-08-02 15:29:00-04:00,76.97000122070312,76.9749984741211,76.93000030517578,76.94999694824219,6550,0.0,0.0
2024-08-02 15:30:00-04:00,76.94999694824219,76.95999908447266,76.92500305175781,76.92500305175781,6957,0.0,0.0
2024-08-02 15:31:00-04:00,76.92749786376953,76.95999908447266,76.87999725341797,76.93000030517578,6189,0.0,0.0
2024-08-02 15:32:00-04:00,76.91000366210938,76.9749984741211,76.91000366210938,76.97000122070312,4698,0.0,0.0
2024-08-02 15:33:00-04:00,76.96499633789062,77.04000091552734,76.96499633789062,77.02999877929688,6686,0.0,0.0
2024-08-02 15:34:00-04:00,77.0,77.0,76.87999725341797,76.94999694824219,8558,0.0,0.0
2024-08-02 15:35:00-04:00,76.93000030517578,76.97100067138672,76.92500305175781,76.96499633789062,8760,0.0,0.0
2024-08-02 15:36:00-04:00,76.96499633789062,76.96499633789062,76.91000366210938,76.93000030517578,9455,0.0,0.0
2024-08-02 15:37:00-04:00,76.91000366210938,76.91999816894531,76.83999633789062,76.8499984741211,6658,0.0,0.0
2024-08-02 15:38:00-04:00,76.8499984741211,76.87000274658203,76.79000091552734,76.80000305175781,5727,0.0,0.0
2024-08-02 15:39:00-04:00,76.77999877929688,76.79499816894531,76.69000244140625,76.69000244140625,8245,0.0,0.0
2024-08-02 15:40:00-04:00,76.68000030517578,76.7249984741211,76.66999816894531,76.70999908447266,6915,0.0,0.0
2024-08-02 15:41:00-04:00,76.72000122070312,76.76000213623047,76.69000244140625,76.73500061035156,7873,0.0,0.0
2024-08-02 15:42:00-04:00,76.73999786376953,76.78500366210938,76.7300033569336,76.75499725341797,12481,0.0,0.0
2024-08-02 15:43:00-04:00,76.76000213623047,76.76000213623047,76.69999694824219,76.69999694824219,11911,0.0,0.0
2024-08-02 15:44:00-04:00,76.73999786376953,76.75499725341797,76.7300033569336,76.75,7999,0.0,0.0
2024-08-02 15:45:00-04:00,76.73999786376953,76.75,76.70999908447266,76.72000122070312,9169,0.0,0.0
2024-08-02 15:46:00-04:00,76.7300033569336,76.80000305175781,76.70999908447266,76.72000122070312,15941,0.0,0.0
2024-08-02 15:47:00-04:00,76.72000122070312,76.72000122070312,76.63999938964844,76.66000366210938,15545,0.0,0.0
2024-08-02 15:48:00-04:00,76.66999816894531,76.69000244140625,76.66000366210938,76.68499755859375,8379,0.0,0.0
2024-08-02 15:49:00-04:00,76.68000030517578,76.68000030517578,76.6500015258789,76.65499877929688,9044,0.0,0.0
2024-08-02 15:50:00-04:00,76.66000366210938,76.72000122070312,76.62000274658203,76.69000244140625,21005,0.0,0.0
2024-08-02 15:51:00-04:00,76.66999816894531,76.66999816894531,76.56999969482422,76.62000274658203,16861,0.0,0.0
2024-08-02 15:52:00-04:00,76.62999725341797,76.69999694824219,76.58999633789062,76.68000030517578,21743,0.0,0.0
2024-08-02 15:53:00-04:00,76.69999694824219,76.73999786376953,76.66000366210938,76.66999816894531,21810,0.0,0.0
2024-08-02 15:54:00-04:00,76.68000030517578,76.81999969482422,76.66000366210938,76.80999755859375,25925,0.0,0.0
2024-08-02 15:55:00-04:00,76.83000183105469,76.83000183105469,76.7300033569336,76.73500061035156,38650,0.0,0.0
2024-08-02 15:56:00-04:00,76.73500061035156,76.80999755859375,76.73500061035156,76.79000091552734,44403,0.0,0.0
2024-08-02 15:57:00-04:00,76.77999877929688,76.8499984741211,76.7699966430664,76.80999755859375,45001,0.0,0.0
2024-08-02 15:58:00-04:00,76.81500244140625,76.81999969482422,76.7300033569336,76.75,54328,0.0,0.0
2024-08-02 15:59:00-04:00,76.75,76.81999969482422,76.7300033569336,76.80999755859375,85849,0.0,0.0
