Datetime,Open,High,Low,Close,Volume,Dividends,Stock Splits
2024-07-04 09:00:00+09:00,2120.0,2225.0,2120.0,2215.0,0,0.0,0.0
2024-07-04 09:05:00+09:00,2155.0,2210.0,2155.0,2210.0,435,0.0,0.0
2024-07-04 09:10:00+09:00,2145.0,2175.0,2145.0,2175.0,1146,0.0,0.0
2024-07-04 09:20:00+09:00,2175.0,2175.0,2135.0,2135.0,83,0.0,0.0
2024-07-04 09:25:00+09:00,2155.0,2155.0,2125.0,2150.0,302,0.0,0.0
2024-07-04 09:30:00+09:00,2125.0,2125.0,2125.0,2125.0,186,0.0,0.0
2024-07-04 09:35:00+09:00,2125.0,2150.0,2125.0,2150.0,1141,0.0,0.0
2024-07-04 09:45:00+09:00,2130.0,2140.0,2120.0,2140.0,1605,0.0,0.0
2024-07-04 10:00:00+09:00,2140.0,2140.0,2140.0,2140.0,6,0.0,0.0
2024-07-04 10:10:00+09:00,2140.0,2140.0,2120.0,2120.0,794,0.0,0.0
2024-07-04 10:15:00+09:00,2120.0,2120.0,2120.0,2120.0,0,0.0,0.0
2024-07-04 10:20:00+09:00,2120.0,2120.0,2120.0,2120.0,626,0.0,0.0
2024-07-04 10:25:00+09:00,2120.0,2120.0,2120.0,2120.0,174,0.0,0.0
2024-07-04 10:30:00+09:00,2115.0,2120.0,2115.0,2120.0,0,0.0,0.0
2024-07-04 10:40:00+09:00,2120.0,2120.0,2120.0,2120.0,291,0.0,0.0
2024-07-04 10:45:00+09:00,2120.0,2120.0,2110.0,2120.0,426,0.0,0.0
2024-07-04 10:50:00+09:00,2110.0,2120.0,2105.0,2120.0,2762,0.0,0.0
2024-07-04 10:55:00+09:00,2120.0,2120.0,2120.0,2120.0,0,0.0,0.0
2024-07-04 11:05:00+09:00,2110.0,2120.0,2110.0,2120.0,226,0.0,0.0
2024-07-04 11:10:00+09:00,2115.0,2120.0,2110.0,2120.0,0,0.0,0.0
2024-07-04 11:15:00+09:00,2110.0,2120.0,2110.0,2120.0,968,0.0,0.0
2024-07-04 11:30:00+09:00,2120.0,2120.0,2120.0,2120.0,1,0.0,0.0
2024-07-04 11:35:00+09:00,2120.0,2120.0,2120.0,2120.0,500,0.0,0.0
2024-07-04 11:40:00+09:00,2110.0,2120.0,2110.0,2120.0,6,0.0,0.0
2024-07-04 11:45:00+09:00,2110.0,2110.0,2110.0,2110.0,197,0.0,0.0
2024-07-04 11:50:00+09:00,2110.0,2120.0,2105.0,2120.0,0,0.0,0.0
2024-07-04 12:05:00+09:00,2110.0,2110.0,2110.0,2110.0,8,0.0,0.0
2024-07-04 12:10:00+09:00,2110.0,2110.0,2100.0,2110.0,1237,0.0,0.0
2024-07-04 12:20:00+09:00,2110.0,2110.0,2110.0,2110.0,10,0.0,0.0
2024-07-04 12:30:00+09:00,2120.0,2120.0,2120.0,2120.0,2,0.0,0.0
2024-07-04 12:40:00+09:00,2115.0,2120.0,2110.0,2120.0,6,0.0,0.0
2024-07-04 13:15:00+09:00,2115.0,2115.0,2115.0,2115.0,169,0.0,0.0
2024-07-04 13:30:00+09:00,2115.0,2120.0,2100.0,2120.0,1012,0.0,0.0
2024-07-04 13:40:00+09:00,2105.0,2105.0,2105.0,2105.0,100,0.0,0.0
2024-07-04 13:45:00+09:00,2105.0,2120.0,2105.0,2105.0,0,0.0,0.0
2024-07-04 13:50:00+09:00,2115.0,2115.0,2105.0,2105.0,3,0.0,0.0
2024-07-04 14:05:00+09:00,2105.0,2105.0,2105.0,2105.0,13,0.0,0.0
2024-07-04 14:25:00+09:00,2105.0,2105.0,2105.0,2105.0,62,0.0,0.0
2024-07-04 14:30:00+09:00,2105.0,2105.0,2100.0,2105.0,1670,0.0,0.0
2024-07-04 14:35:00+09:00,2100.0,2105.0,2100.0,2105.0,58,0.0,0.0
2024-07-04 14:40:00+09:00,2105.0,2105.0,2100.0,2100.0,64,0.0,0.0
2024-07-04 14:45:00+09:00,2100.0,2100.0,2090.0,2090.0,1175,0.0,0.0
2024-07-04 14:50:00+09:00,2090.0,2090.0,2085.0,2090.0,0,0.0,0.0
2024-07-04 14:55:00+09:00,2090.0,2090.0,2085.0,2085.0,519,0.0,0.0
2024-07-05 09:00:00+09:00,2110.0,2140.0,2110.0,2140.0,123,0.0,0.0
2024-07-05 09:05:00+09:00,2130.0,2130.0,2130.0,2130.0,2,0.0,0.0
2024-07-05 09:15:00+09:00,2130.0,2130.0,2125.0,2130.0,109,0.0,0.0
2024-07-05 09:20:00+09:00,2130.0,2130.0,2110.0,2110.0,222,0.0,0.0
2024-07-05 09:25:00+09:00,2130.0,2130.0,2130.0,2130.0,3,0.0,0.0
2024-07-05 09:30:00+09:00,2130.0,2130.0,2125.0,2125.0,10,0.0,0.0
2024-07-05 09:35:00+09:00,2130.0,2130.0,2130.0,2130.0,3,0.0,0.0
2024-07-05 09:40:00+09:00,2130.0,2130.0,2130.0,2130.0,2,0.0,0.0
2024-07-05 09:45:00+09:00,2130.0,2130.0,2130.0,2130.0,30,0.0,0.0
2024-07-05 09:50:00+09:00,2130.0,2130.0,2130.0,2130.0,5,0.0,0.0
2024-07-05 10:00:00+09:00,2130.0,2130.0,2130.0,2130.0,8,0.0,0.0
2024-07-05 10:05:00+09:00,2125.0,2130.0,2125.0,2125.0,993,0.0,0.0
2024-07-05 10:10:00+09:00,2120.0,2130.0,2120.0,2130.0,0,0.0,0.0
2024-07-05 10:25:00+09:00,2120.0,2130.0,2120.0,2130.0,72,0.0,0.0
2024-07-05 10:40:00+09:00,2120.0,2130.0,2120.0,2130.0,1004,0.0,0.0
2024-07-05 10:55:00+09:00,2130.0,2130.0,2130.0,2130.0,93,0.0,0.0
2024-07-05 11:05:00+09:00,2130.0,2145.0,2130.0,2145.0,1002,0.0,0.0
2024-07-05 11:10:00+09:00,2150.0,2200.0,2150.0,2200.0,1610,0.0,0.0
2024-07-05 11:15:00+09:00,2195.0,2195.0,2195.0,2195.0,199,0.0,0.0
2024-07-05 11:25:00+09:00,2195.0,2195.0,2195.0,2195.0,509,0.0,0.0
2024-07-05 11:30:00+09:00,2195.0,2195.0,2195.0,2195.0,0,0.0,0.0
2024-07-05 11:35:00+09:00,2155.0,2180.0,2155.0,2180.0,6,0.0,0.0
2024-07-05 11:40:00+09:00,2180.0,2180.0,2180.0,2180.0,0,0.0,0.0
2024-07-05 12:05:00+09:00,2175.0,2180.0,2175.0,2180.0,1912,0.0,0.0
2024-07-05 12:15:00+09:00,2185.0,2185.0,2185.0,2185.0,0,0.0,0.0
2024-07-05 12:20:00+09:00,2155.0,2155.0,2155.0,2155.0,24,0.0,0.0
2024-07-05 12:25:00+09:00,2175.0,2175.0,2175.0,2175.0,91,0.0,0.0
2024-07-05 12:30:00+09:00,2175.0,2175.0,2175.0,2175.0,45,0.0,0.0
2024-07-05 12:40:00+09:00,2155.0,2175.0,2150.0,2175.0,82,0.0,0.0
2024-07-05 13:10:00+09:00,2150.0,2170.0,2120.0,2160.0,1772,0.0,0.0
2024-07-05 13:15:00+09:00,2160.0,2160.0,2160.0,2160.0,1,0.0,0.0
2024-07-05 13:25:00+09:00,2150.0,2155.0,2130.0,2150.0,2734,0.0,0.0
2024-07-05 13:30:00+09:00,2145.0,2155.0,2145.0,2155.0,650,0.0,0.0
2024-07-05 13:35:00+09:00,2155.0,2155.0,2155.0,2155.0,207,0.0,0.0
2024-07-05 13:40:00+09:00,2160.0,2160.0,2160.0,2160.0,0,0.0,0.0
2024-07-05 13:50:00+09:00,2150.0,2160.0,2150.0,2160.0,101,0.0,0.0
2024-07-05 14:00:00+09:00,2140.0,2160.0,2135.0,2160.0,7,0.0,0.0
2024-07-05 14:05:00+09:00,2135.0,2140.0,2125.0,2125.0,565,0.0,0.0
2024-07-05 14:10:00+09:00,2125.0,2155.0,2125.0,2155.0,6,0.0,0.0
2024-07-05 14:15:00+09:00,2130.0,2155.0,2130.0,2155.0,329,0.0,0.0
2024-07-05 14:20:00+09:00,2125.0,2135.0,2125.0,2135.0,2,0.0,0.0
2024-07-05 14:25:00+09:00,2125.0,2155.0,2120.0,2155.0,51,0.0,0.0
2024-07-05 14:30:00+09:00,2155.0,2155.0,2155.0,2155.0,101,0.0,0.0
2024-07-05 14:35:00+09:00,2140.0,2155.0,2140.0,2155.0,3,0.0,0.0
2024-07-05 14:40:00+09:00,2150.0,2155.0,2150.0,2155.0,295,0.0,0.0
2024-07-05 14:45:00+09:00,2160.0,2180.0,2150.0,2180.0,395,0.0,0.0
2024-07-05 14:50:00+09:00,2180.0,2180.0,2150.0,2155.0,621,0.0,0.0
2024-07-05 14:55:00+09:00,2175.0,2175.0,2145.0,2175.0,33,0.0,0.0
2024-07-08 09:00:00+09:00,2150.0,2200.0,2150.0,2200.0,0,0.0,0.0
2024-07-08 09:05:00+09:00,2200.0,2200.0,2200.0,2200.0,0,0.0,0.0
2024-07-08 09:10:00+09:00,2200.0,2200.0,2155.0,2195.0,767,0.0,0.0
2024-07-08 09:25:00+09:00,2195.0,2195.0,2195.0,2195.0,200,0.0,0.0
2024-07-08 09:30:00+09:00,2195.0,2195.0,2185.0,2185.0,285,0.0,0.0
2024-07-08 09:35:00+09:00,2185.0,2195.0,2185.0,2195.0,3,0.0,0.0
2024-07-08 10:05:00+09:00,2190.0,2190.0,2190.0,2190.0,66,0.0,0.0
2024-07-08 10:10:00+09:00,2165.0,2165.0,2140.0,2140.0,2247,0.0,0.0
2024-07-08 10:15:00+09:00,2190.0,2190.0,2145.0,2145.0,793,0.0,0.0
2024-07-08 10:20:00+09:00,2190.0,2190.0,2190.0,2190.0,0,0.0,0.0
2024-07-08 10:35:00+09:00,2150.0,2155.0,2150.0,2155.0,206,0.0,0.0
2024-07-08 10:40:00+09:00,2155.0,2175.0,2155.0,2175.0,154,0.0,0.0
2024-07-08 11:05:00+09:00,2165.0,2165.0,2165.0,2165.0,24,0.0,0.0
2024-07-08 11:30:00+09:00,2165.0,2170.0,2165.0,2170.0,122,0.0,0.0
2024-07-08 11:35:00+09:00,2170.0,2170.0,2170.0,2170.0,270,0.0,0.0
2024-07-08 11:40:00+09:00,2175.0,2195.0,2175.0,2195.0,285,0.0,0.0
2024-07-08 12:00:00+09:00,2190.0,2190.0,2190.0,2190.0,5,0.0,0.0
2024-07-08 12:15:00+09:00,2170.0,2170.0,2165.0,2170.0,768,0.0,0.0
2024-07-08 12:20:00+09:00,2170.0,2170.0,2170.0,2170.0,616,0.0,0.0
2024-07-08 12:25:00+09:00,2190.0,2190.0,2190.0,2190.0,0,0.0,0.0
2024-07-08 12:30:00+09:00,2170.0,2170.0,2165.0,2165.0,265,0.0,0.0
2024-07-08 12:35:00+09:00,2165.0,2165.0,2150.0,2150.0,705,0.0,0.0
2024-07-08 12:40:00+09:00,2170.0,2170.0,2170.0,2170.0,0,0.0,0.0
2024-07-08 13:00:00+09:00,2170.0,2170.0,2170.0,2170.0,139,0.0,0.0
2024-07-08 13:05:00+09:00,2170.0,2170.0,2170.0,2170.0,30,0.0,0.0
2024-07-08 13:10:00+09:00,2170.0,2170.0,2160.0,2160.0,0,0.0,0.0
2024-07-08 13:15:00+09:00,2160.0,2160.0,2160.0,2160.0,23,0.0,0.0
2024-07-08 13:20:00+09:00,2160.0,2160.0,2160.0,2160.0,19,0.0,0.0
2024-07-08 13:25:00+09:00,2160.0,2160.0,2160.0,2160.0,420,0.0,0.0
2024-07-08 13:30:00+09:00,2170.0,2180.0,2170.0,2180.0,1602,0.0,0.0
2024-07-08 13:35:00+09:00,2180.0,2190.0,2180.0,2190.0,0,0.0,0.0
2024-07-08 13:45:00+09:00,2190.0,2190.0,2155.0,2155.0,499,0.0,0.0
2024-07-08 13:50:00+09:00,2170.0,2170.0,2170.0,2170.0,1,0.0,0.0
2024-07-08 14:05:00+09:00,2170.0,2170.0,2155.0,2155.0,12,0.0,0.0
2024-07-08 14:10:00+09:00,2170.0,2170.0,2170.0,2170.0,3,0.0,0.0
2024-07-08 14:15:00+09:00,2170.0,2185.0,2170.0,2185.0,60,0.0,0.0
2024-07-08 14:20:00+09:00,2180.0,2180.0,2180.0,2180.0,807,0.0,0.0
2024-07-08 14:25:00+09:00,2185.0,2185.0,2185.0,2185.0,0,0.0,0.0
2024-07-08 14:30:00+09:00,2165.0,2175.0,2165.0,2175.0,390,0.0,0.0
2024-07-08 14:35:00+09:00,2165.0,2165.0,2165.0,2165.0,215,0.0,0.0
2024-07-08 14:40:00+09:00,2160.0,2160.0,2160.0,2160.0,11,0.0,0.0
2024-07-08 14:45:00+09:00,2155.0,2155.0,2155.0,2155.0,253,0.0,0.0
2024-07-08 14:50:00+09:00,2150.0,2185.0,2150.0,2185.0,670,0.0,0.0
2024-07-08 14:55:00+09:00,2170.0,2170.0,2170.0,2170.0,198,0.0,0.0
2024-07-09 09:00:00+09:00,2170.0,2195.0,2170.0,2195.0,187,0.0,0.0
2024-07-09 09:05:00+09:00,2195.0,2195.0,2170.0,2170.0,1211,0.0,0.0
2024-07-09 09:15:00+09:00,2190.0,2190.0,2190.0,2190.0,20,0.0,0.0
2024-07-09 09:25:00+09:00,2175.0,2185.0,2175.0,2175.0,0,0.0,0.0
2024-07-09 09:30:00+09:00,2170.0,2170.0,2170.0,2170.0,308,0.0,0.0
2024-07-09 09:35:00+09:00,2170.0,2170.0,2150.0,2165.0,290,0.0,0.0
2024-07-09 09:40:00+09:00,2165.0,2185.0,2165.0,2185.0,20,0.0,0.0
2024-07-09 09:55:00+09:00,2180.0,2180.0,2180.0,2180.0,113,0.0,0.0
2024-07-09 10:00:00+09:00,2155.0,2180.0,2155.0,2180.0,0,0.0,0.0
2024-07-09 10:05:00+09:00,2150.0,2150.0,2135.0,2135.0,1841,0.0,0.0
2024-07-09 10:10:00+09:00,2135.0,2135.0,2110.0,2130.0,4157,0.0,0.0
2024-07-09 10:15:00+09:00,2130.0,2165.0,2125.0,2135.0,6545,0.0,0.0
2024-07-09 10:25:00+09:00,2160.0,2165.0,2150.0,2165.0,0,0.0,0.0
2024-07-09 10:30:00+09:00,2165.0,2165.0,2155.0,2165.0,52,0.0,0.0
2024-07-09 10:40:00+09:00,2165.0,2165.0,2165.0,2165.0,20,0.0,0.0
2024-07-09 10:45:00+09:00,2155.0,2155.0,2155.0,2155.0,298,0.0,0.0
2024-07-09 10:50:00+09:00,2160.0,2160.0,2145.0,2145.0,63,0.0,0.0
2024-07-09 10:55:00+09:00,2160.0,2160.0,2160.0,2160.0,0,0.0,0.0
2024-07-09 11:00:00+09:00,2160.0,2160.0,2160.0,2160.0,1,0.0,0.0
2024-07-09 11:05:00+09:00,2160.0,2160.0,2160.0,2160.0,2,0.0,0.0
2024-07-09 11:10:00+09:00,2145.0,2145.0,2130.0,2130.0,275,0.0,0.0
2024-07-09 11:15:00+09:00,2155.0,2165.0,2155.0,2165.0,1282,0.0,0.0
2024-07-09 12:05:00+09:00,2140.0,2160.0,2140.0,2160.0,610,0.0,0.0
2024-07-09 12:25:00+09:00,2160.0,2160.0,2160.0,2160.0,2,0.0,0.0
2024-07-09 12:55:00+09:00,2160.0,2160.0,2160.0,2160.0,157,0.0,0.0
2024-07-09 13:00:00+09:00,2160.0,2160.0,2160.0,2160.0,0,0.0,0.0
2024-07-09 13:15:00+09:00,2160.0,2160.0,2160.0,2160.0,1290,0.0,0.0
2024-07-09 13:25:00+09:00,2160.0,2160.0,2160.0,2160.0,642,0.0,0.0
2024-07-09 13:35:00+09:00,2160.0,2160.0,2160.0,2160.0,0,0.0,0.0
2024-07-09 13:40:00+09:00,2160.0,2160.0,2160.0,2160.0,96,0.0,0.0
2024-07-09 13:45:00+09:00,2160.0,2160.0,2160.0,2160.0,0,0.0,0.0
2024-07-09 13:50:00+09:00,2160.0,2160.0,2160.0,2160.0,492,0.0,0.0
2024-07-09 13:55:00+09:00,2160.0,2160.0,2160.0,2160.0,228,0.0,0.0
2024-07-09 14:00:00+09:00,2160.0,2160.0,2160.0,2160.0,0,0.0,0.0
2024-07-09 14:05:00+09:00,2160.0,2160.0,2160.0,2160.0,839,0.0,0.0
2024-07-09 14:10:00+09:00,2160.0,2160.0,2160.0,2160.0,783,0.0,0.0
2024-07-09 14:15:00+09:00,2160.0,2160.0,2160.0,2160.0,0,0.0,0.0
2024-07-09 14:25:00+09:00,2160.0,2160.0,2160.0,2160.0,771,0.0,0.0
2024-07-09 14:35:00+09:00,2150.0,2160.0,2150.0,2160.0,3,0.0,0.0
2024-07-09 14:45:00+09:00,2150.0,2150.0,2150.0,2150.0,2,0.0,0.0
2024-07-09 14:50:00+09:00,2150.0,2150.0,2150.0,2150.0,5,0.0,0.0
2024-07-09 14:55:00+09:00,2150.0,2150.0,2150.0,2150.0,8,0.0,0.0
2024-07-10 09:00:00+09:00,2150.0,2180.0,2150.0,2160.0,2128,0.0,0.0
2024-07-10 09:05:00+09:00,2180.0,2180.0,2160.0,2180.0,430,0.0,0.0
2024-07-10 09:10:00+09:00,2180.0,2180.0,2180.0,2180.0,2989,0.0,0.0
2024-07-10 09:15:00+09:00,2165.0,2180.0,2160.0,2160.0,0,0.0,0.0
2024-07-10 09:20:00+09:00,2180.0,2180.0,2180.0,2180.0,1,0.0,0.0
2024-07-10 09:30:00+09:00,2165.0,2170.0,2160.0,2170.0,12,0.0,0.0
2024-07-10 09:35:00+09:00,2160.0,2170.0,2160.0,2170.0,186,0.0,0.0
2024-07-10 09:45:00+09:00,2155.0,2160.0,2155.0,2160.0,2,0.0,0.0
2024-07-10 09:50:00+09:00,2155.0,2165.0,2155.0,2165.0,870,0.0,0.0
2024-07-10 10:00:00+09:00,2160.0,2165.0,2155.0,2165.0,121,0.0,0.0
2024-07-10 10:15:00+09:00,2155.0,2155.0,2150.0,2155.0,688,0.0,0.0
2024-07-10 10:25:00+09:00,2155.0,2165.0,2155.0,2165.0,4051,0.0,0.0
2024-07-10 10:45:00+09:00,2170.0,2180.0,2170.0,2180.0,2914,0.0,0.0
2024-07-10 10:50:00+09:00,2195.0,2210.0,2195.0,2210.0,6853,0.0,0.0
2024-07-10 10:55:00+09:00,2205.0,2265.0,2205.0,2230.0,5613,0.0,0.0
2024-07-10 11:00:00+09:00,2230.0,2230.0,2225.0,2225.0,1023,0.0,0.0
2024-07-10 11:10:00+09:00,2245.0,2255.0,2225.0,2235.0,0,0.0,0.0
2024-07-10 11:15:00+09:00,2235.0,2235.0,2225.0,2225.0,612,0.0,0.0
2024-07-10 11:20:00+09:00,2225.0,2225.0,2220.0,2220.0,427,0.0,0.0
2024-07-10 11:30:00+09:00,2235.0,2235.0,2230.0,2230.0,183,0.0,0.0
2024-07-10 11:35:00+09:00,2230.0,2250.0,2230.0,2250.0,800,0.0,0.0
2024-07-10 11:40:00+09:00,2245.0,2250.0,2245.0,2250.0,664,0.0,0.0
2024-07-10 11:45:00+09:00,2235.0,2265.0,2235.0,2265.0,1703,0.0,0.0
2024-07-10 11:50:00+09:00,2250.0,2315.0,2250.0,2305.0,18404,0.0,0.0
2024-07-10 11:55:00+09:00,2295.0,2455.0,2290.0,2440.0,40617,0.0,0.0
2024-07-10 12:00:00+09:00,2410.0,2425.0,2315.0,2330.0,31090,0.0,0.0
2024-07-10 12:05:00+09:00,2340.0,2380.0,2310.0,2360.0,15330,0.0,0.0
2024-07-10 12:10:00+09:00,2355.0,2380.0,2340.0,2365.0,9675,0.0,0.0
2024-07-10 12:15:00+09:00,2360.0,2455.0,2360.0,2440.0,14238,0.0,0.0
2024-07-10 12:20:00+09:00,2490.0,2600.0,2450.0,2535.0,89455,0.0,0.0
2024-07-10 12:25:00+09:00,2535.0,2600.0,2415.0,2505.0,40854,0.0,0.0
2024-07-10 12:30:00+09:00,2525.0,2525.0,2420.0,2450.0,27386,0.0,0.0
2024-07-10 12:35:00+09:00,2450.0,2460.0,2415.0,2425.0,6993,0.0,0.0
2024-07-10 12:40:00+09:00,2425.0,2450.0,2410.0,2420.0,6044,0.0,0.0
2024-07-10 12:45:00+09:00,2420.0,2470.0,2415.0,2440.0,9408,0.0,0.0
2024-07-10 12:50:00+09:00,2440.0,2550.0,2440.0,2530.0,49630,0.0,0.0
2024-07-10 12:55:00+09:00,2520.0,2545.0,2490.0,2515.0,12346,0.0,0.0
2024-07-10 13:00:00+09:00,2515.0,2520.0,2480.0,2500.0,6233,0.0,0.0
2024-07-10 13:05:00+09:00,2505.0,2530.0,2490.0,2510.0,2628,0.0,0.0
2024-07-10 13:10:00+09:00,2505.0,2560.0,2475.0,2540.0,16726,0.0,0.0
2024-07-10 13:15:00+09:00,2540.0,2545.0,2510.0,2535.0,14005,0.0,0.0
2024-07-10 13:20:00+09:00,2525.0,2525.0,2475.0,2485.0,22764,0.0,0.0
2024-07-10 13:25:00+09:00,2475.0,2505.0,2450.0,2470.0,2545,0.0,0.0
2024-07-10 13:30:00+09:00,2465.0,2495.0,2465.0,2495.0,2362,0.0,0.0
2024-07-10 13:35:00+09:00,2475.0,2485.0,2435.0,2435.0,2824,0.0,0.0
2024-07-10 13:40:00+09:00,2435.0,2460.0,2435.0,2460.0,7497,0.0,0.0
2024-07-10 13:45:00+09:00,2440.0,2470.0,2425.0,2470.0,4667,0.0,0.0
2024-07-10 13:50:00+09:00,2450.0,2460.0,2395.0,2410.0,24819,0.0,0.0
2024-07-10 13:55:00+09:00,2420.0,2425.0,2400.0,2400.0,17233,0.0,0.0
2024-07-10 14:00:00+09:00,2420.0,2465.0,2400.0,2465.0,14274,0.0,0.0
2024-07-10 14:05:00+09:00,2465.0,2470.0,2455.0,2470.0,7125,0.0,0.0
2024-07-10 14:10:00+09:00,2470.0,2490.0,2405.0,2470.0,7141,0.0,0.0
2024-07-10 14:15:00+09:00,2470.0,2490.0,2455.0,2485.0,6263,0.0,0.0
2024-07-10 14:20:00+09:00,2485.0,2485.0,2435.0,2440.0,1531,0.0,0.0
2024-07-10 14:25:00+09:00,2440.0,2440.0,2400.0,2425.0,7641,0.0,0.0
2024-07-10 14:30:00+09:00,2425.0,2425.0,2420.0,2425.0,172,0.0,0.0
2024-07-10 14:35:00+09:00,2415.0,2425.0,2385.0,2425.0,6771,0.0,0.0
2024-07-10 14:40:00+09:00,2425.0,2425.0,2405.0,2420.0,0,0.0,0.0
2024-07-10 14:45:00+09:00,2410.0,2415.0,2405.0,2415.0,1733,0.0,0.0
2024-07-10 14:50:00+09:00,2415.0,2420.0,2415.0,2420.0,1279,0.0,0.0
2024-07-10 14:55:00+09:00,2415.0,2460.0,2415.0,2430.0,8260,0.0,0.0
2024-07-11 09:00:00+09:00,2410.0,2480.0,2410.0,2480.0,5200,0.0,0.0
2024-07-11 09:05:00+09:00,2465.0,2475.0,2425.0,2440.0,3648,0.0,0.0
2024-07-11 09:10:00+09:00,2440.0,2555.0,2440.0,2525.0,7412,0.0,0.0
2024-07-11 09:15:00+09:00,2550.0,2555.0,2430.0,2455.0,23864,0.0,0.0
2024-07-11 09:20:00+09:00,2455.0,2455.0,2360.0,2405.0,4856,0.0,0.0
2024-07-11 09:25:00+09:00,2405.0,2405.0,2370.0,2405.0,915,0.0,0.0
2024-07-11 09:30:00+09:00,2405.0,2405.0,2385.0,2400.0,865,0.0,0.0
2024-07-11 09:35:00+09:00,2385.0,2395.0,2365.0,2370.0,1404,0.0,0.0
2024-07-11 09:40:00+09:00,2390.0,2400.0,2370.0,2375.0,449,0.0,0.0
2024-07-11 09:45:00+09:00,2375.0,2385.0,2365.0,2385.0,1371,0.0,0.0
2024-07-11 09:50:00+09:00,2385.0,2400.0,2365.0,2395.0,429,0.0,0.0
2024-07-11 09:55:00+09:00,2390.0,2410.0,2365.0,2365.0,1193,0.0,0.0
2024-07-11 10:00:00+09:00,2370.0,2385.0,2350.0,2385.0,3142,0.0,0.0
2024-07-11 10:05:00+09:00,2380.0,2380.0,2350.0,2365.0,510,0.0,0.0
2024-07-11 10:10:00+09:00,2360.0,2375.0,2360.0,2375.0,536,0.0,0.0
2024-07-11 10:20:00+09:00,2365.0,2380.0,2365.0,2375.0,6,0.0,0.0
2024-07-11 10:25:00+09:00,2375.0,2380.0,2365.0,2380.0,116,0.0,0.0
2024-07-11 10:30:00+09:00,2375.0,2380.0,2375.0,2380.0,2,0.0,0.0
2024-07-11 10:35:00+09:00,2375.0,2375.0,2375.0,2375.0,58,0.0,0.0
2024-07-11 10:40:00+09:00,2380.0,2380.0,2375.0,2375.0,5,0.0,0.0
2024-07-11 10:45:00+09:00,2375.0,2380.0,2365.0,2375.0,30,0.0,0.0
2024-07-11 10:50:00+09:00,2375.0,2380.0,2375.0,2375.0,150,0.0,0.0
2024-07-11 10:55:00+09:00,2370.0,2375.0,2365.0,2375.0,711,0.0,0.0
2024-07-11 11:00:00+09:00,2375.0,2405.0,2375.0,2405.0,5818,0.0,0.0
2024-07-11 11:10:00+09:00,2400.0,2400.0,2400.0,2400.0,24,0.0,0.0
2024-07-11 11:15:00+09:00,2405.0,2405.0,2385.0,2385.0,1183,0.0,0.0
2024-07-11 11:20:00+09:00,2390.0,2390.0,2365.0,2365.0,1835,0.0,0.0
2024-07-11 11:25:00+09:00,2395.0,2395.0,2395.0,2395.0,0,0.0,0.0
2024-07-11 11:30:00+09:00,2380.0,2380.0,2380.0,2380.0,0,0.0,0.0
2024-07-11 11:35:00+09:00,2395.0,2395.0,2395.0,2395.0,1,0.0,0.0
2024-07-11 11:40:00+09:00,2375.0,2380.0,2375.0,2380.0,3,0.0,0.0
2024-07-11 11:45:00+09:00,2390.0,2395.0,2390.0,2395.0,3,0.0,0.0
2024-07-11 11:55:00+09:00,2385.0,2385.0,2355.0,2370.0,4765,0.0,0.0
2024-07-11 12:00:00+09:00,2370.0,2395.0,2370.0,2395.0,0,0.0,0.0
2024-07-11 12:05:00+09:00,2375.0,2395.0,2375.0,2375.0,15,0.0,0.0
2024-07-11 12:10:00+09:00,2375.0,2390.0,2355.0,2370.0,2442,0.0,0.0
2024-07-11 12:15:00+09:00,2370.0,2380.0,2370.0,2375.0,7,0.0,0.0
2024-07-11 12:20:00+09:00,2375.0,2380.0,2375.0,2380.0,410,0.0,0.0
2024-07-11 12:25:00+09:00,2380.0,2400.0,2380.0,2400.0,14,0.0,0.0
2024-07-11 12:35:00+09:00,2385.0,2385.0,2385.0,2385.0,24,0.0,0.0
2024-07-11 12:40:00+09:00,2385.0,2385.0,2385.0,2385.0,52,0.0,0.0
2024-07-11 12:45:00+09:00,2380.0,2380.0,2370.0,2370.0,32,0.0,0.0
2024-07-11 12:50:00+09:00,2380.0,2380.0,2370.0,2370.0,300,0.0,0.0
2024-07-11 13:00:00+09:00,2380.0,2385.0,2380.0,2385.0,87,0.0,0.0
2024-07-11 13:05:00+09:00,2375.0,2375.0,2375.0,2375.0,21,0.0,0.0
2024-07-11 13:10:00+09:00,2380.0,2385.0,2380.0,2385.0,11,0.0,0.0
2024-07-11 13:15:00+09:00,2380.0,2380.0,2380.0,2380.0,3,0.0,0.0
2024-07-11 13:20:00+09:00,2375.0,2385.0,2375.0,2385.0,2,0.0,0.0
2024-07-11 13:25:00+09:00,2385.0,2385.0,2385.0,2385.0,6,0.0,0.0
2024-07-11 13:30:00+09:00,2385.0,2385.0,2385.0,2385.0,58,0.0,0.0
2024-07-11 13:40:00+09:00,2380.0,2385.0,2370.0,2370.0,611,0.0,0.0
2024-07-11 13:45:00+09:00,2380.0,2380.0,2380.0,2380.0,0,0.0,0.0
2024-07-11 13:50:00+09:00,2375.0,2380.0,2370.0,2375.0,917,0.0,0.0
2024-07-11 14:00:00+09:00,2365.0,2380.0,2360.0,2380.0,8075,0.0,0.0
2024-07-11 14:05:00+09:00,2380.0,2380.0,2380.0,2380.0,0,0.0,0.0
2024-07-11 14:10:00+09:00,2380.0,2380.0,2380.0,2380.0,2,0.0,0.0
2024-07-11 14:15:00+09:00,2380.0,2385.0,2380.0,2385.0,155,0.0,0.0
2024-07-11 14:25:00+09:00,2380.0,2385.0,2380.0,2385.0,85,0.0,0.0
2024-07-11 14:30:00+09:00,2380.0,2380.0,2375.0,2375.0,39,0.0,0.0
2024-07-11 14:35:00+09:00,2380.0,2380.0,2380.0,2380.0,0,0.0,0.0
2024-07-11 14:40:00+09:00,2375.0,2380.0,2375.0,2380.0,3,0.0,0.0
2024-07-11 14:45:00+09:00,2380.0,2380.0,2380.0,2380.0,1,0.0,0.0
2024-07-11 14:50:00+09:00,2380.0,2380.0,2375.0,2375.0,13,0.0,0.0
2024-07-11 14:55:00+09:00,2375.0,2380.0,2375.0,2380.0,92,0.0,0.0
2024-07-12 09:00:00+09:00,2480.0,2480.0,2390.0,2435.0,1840,0.0,0.0
2024-07-12 09:05:00+09:00,2430.0,2430.0,2400.0,2420.0,567,0.0,0.0
2024-07-12 09:10:00+09:00,2405.0,2425.0,2400.0,2420.0,528,0.0,0.0
2024-07-12 09:15:00+09:00,2395.0,2395.0,2395.0,2395.0,3,0.0,0.0
2024-07-12 09:20:00+09:00,2395.0,2395.0,2390.0,2390.0,124,0.0,0.0
2024-07-12 09:25:00+09:00,2385.0,2420.0,2385.0,2420.0,1104,0.0,0.0
2024-07-12 09:30:00+09:00,2385.0,2395.0,2380.0,2395.0,106,0.0,0.0
2024-07-12 09:35:00+09:00,2380.0,2380.0,2335.0,2365.0,16558,0.0,0.0
2024-07-12 09:40:00+09:00,2345.0,2365.0,2340.0,2355.0,90,0.0,0.0
2024-07-12 09:45:00+09:00,2345.0,2355.0,2345.0,2355.0,0,0.0,0.0
2024-07-12 09:50:00+09:00,2355.0,2355.0,2340.0,2340.0,334,0.0,0.0
2024-07-12 09:55:00+09:00,2340.0,2345.0,2325.0,2345.0,3041,0.0,0.0
2024-07-12 10:00:00+09:00,2335.0,2345.0,2335.0,2345.0,5,0.0,0.0
2024-07-12 10:05:00+09:00,2340.0,2350.0,2340.0,2350.0,18,0.0,0.0
2024-07-12 10:10:00+09:00,2340.0,2345.0,2330.0,2345.0,912,0.0,0.0
2024-07-12 10:15:00+09:00,2340.0,2365.0,2340.0,2365.0,1144,0.0,0.0
2024-07-12 10:25:00+09:00,2345.0,2365.0,2345.0,2365.0,26,0.0,0.0
2024-07-12 10:35:00+09:00,2345.0,2360.0,2345.0,2360.0,510,0.0,0.0
2024-07-12 10:40:00+09:00,2340.0,2360.0,2330.0,2360.0,931,0.0,0.0
2024-07-12 10:45:00+09:00,2335.0,2360.0,2330.0,2360.0,130,0.0,0.0
2024-07-12 10:55:00+09:00,2355.0,2360.0,2355.0,2360.0,394,0.0,0.0
2024-07-12 11:05:00+09:00,2340.0,2345.0,2340.0,2345.0,7,0.0,0.0
2024-07-12 11:10:00+09:00,2345.0,2345.0,2345.0,2345.0,3,0.0,0.0
2024-07-12 11:15:00+09:00,2345.0,2345.0,2345.0,2345.0,2,0.0,0.0
2024-07-12 11:20:00+09:00,2345.0,2345.0,2345.0,2345.0,49,0.0,0.0
2024-07-12 11:25:00+09:00,2345.0,2345.0,2335.0,2335.0,618,0.0,0.0
2024-07-12 11:30:00+09:00,2340.0,2345.0,2330.0,2345.0,424,0.0,0.0
2024-07-12 11:40:00+09:00,2345.0,2350.0,2345.0,2350.0,5,0.0,0.0
2024-07-12 11:50:00+09:00,2340.0,2340.0,2340.0,2340.0,0,0.0,0.0
2024-07-12 11:55:00+09:00,2340.0,2365.0,2340.0,2365.0,56,0.0,0.0
2024-07-12 12:00:00+09:00,2345.0,2365.0,2340.0,2340.0,86,0.0,0.0
2024-07-12 12:05:00+09:00,2340.0,2340.0,2340.0,2340.0,0,0.0,0.0
2024-07-12 12:10:00+09:00,2345.0,2345.0,2345.0,2345.0,26,0.0,0.0
2024-07-12 12:25:00+09:00,2345.0,2345.0,2345.0,2345.0,0,0.0,0.0
2024-07-12 12:35:00+09:00,2345.0,2355.0,2345.0,2355.0,822,0.0,0.0
2024-07-12 12:40:00+09:00,2345.0,2345.0,2345.0,2345.0,0,0.0,0.0
2024-07-12 12:50:00+09:00,2345.0,2345.0,2345.0,2345.0,1,0.0,0.0
2024-07-12 12:55:00+09:00,2350.0,2360.0,2350.0,2360.0,24,0.0,0.0
2024-07-12 13:00:00+09:00,2355.0,2360.0,2355.0,2360.0,13,0.0,0.0
2024-07-12 13:05:00+09:00,2355.0,2355.0,2355.0,2355.0,3,0.0,0.0
2024-07-12 13:10:00+09:00,2355.0,2355.0,2345.0,2345.0,732,0.0,0.0
2024-07-12 13:15:00+09:00,2355.0,2365.0,2350.0,2365.0,206,0.0,0.0
2024-07-12 13:25:00+09:00,2350.0,2355.0,2350.0,2355.0,107,0.0,0.0
2024-07-12 13:30:00+09:00,2355.0,2375.0,2355.0,2375.0,117,0.0,0.0
2024-07-12 13:45:00+09:00,2355.0,2375.0,2355.0,2355.0,86,0.0,0.0
2024-07-12 13:50:00+09:00,2355.0,2375.0,2355.0,2375.0,135,0.0,0.0
2024-07-12 13:55:00+09:00,2355.0,2360.0,2355.0,2360.0,2,0.0,0.0
2024-07-12 14:00:00+09:00,2360.0,2375.0,2360.0,2375.0,41,0.0,0.0
2024-07-12 14:05:00+09:00,2365.0,2365.0,2365.0,2365.0,0,0.0,0.0
2024-07-12 14:10:00+09:00,2360.0,2360.0,2330.0,2350.0,4342,0.0,0.0
2024-07-12 14:15:00+09:00,2345.0,2355.0,2345.0,2355.0,37,0.0,0.0
2024-07-12 14:20:00+09:00,2350.0,2350.0,2345.0,2350.0,186,0.0,0.0
2024-07-12 14:25:00+09:00,2350.0,2355.0,2350.0,2355.0,65,0.0,0.0
2024-07-12 14:30:00+09:00,2335.0,2350.0,2335.0,2350.0,0,0.0,0.0
2024-07-12 14:35:00+09:00,2350.0,2355.0,2340.0,2355.0,47,0.0,0.0
2024-07-12 14:40:00+09:00,2350.0,2355.0,2350.0,2355.0,2,0.0,0.0
2024-07-12 14:45:00+09:00,2350.0,2355.0,2350.0,2355.0,3,0.0,0.0
2024-07-12 14:55:00+09:00,2345.0,2350.0,2345.0,2350.0,1,0.0,0.0
2024-07-15 09:00:00+09:00,2350.0,2360.0,2350.0,2360.0,0,0.0,0.0
2024-07-15 09:05:00+09:00,2350.0,2350.0,2340.0,2350.0,272,0.0,0.0
2024-07-15 09:10:00+09:00,2350.0,2375.0,2350.0,2375.0,560,0.0,0.0
2024-07-15 09:15:00+09:00,2395.0,2395.0,2395.0,2395.0,0,0.0,0.0
2024-07-15 09:20:00+09:00,2395.0,2395.0,2390.0,2390.0,17,0.0,0.0
2024-07-15 09:25:00+09:00,2390.0,2395.0,2390.0,2395.0,202,0.0,0.0
2024-07-15 09:40:00+09:00,2390.0,2395.0,2350.0,2395.0,236,0.0,0.0
2024-07-15 09:45:00+09:00,2390.0,2395.0,2350.0,2350.0,337,0.0,0.0
2024-07-15 09:50:00+09:00,2350.0,2370.0,2330.0,2360.0,9355,0.0,0.0
2024-07-15 10:00:00+09:00,2375.0,2480.0,2360.0,2380.0,5257,0.0,0.0
2024-07-15 10:05:00+09:00,2380.0,2380.0,2335.0,2375.0,714,0.0,0.0
2024-07-15 10:10:00+09:00,2370.0,2375.0,2355.0,2355.0,273,0.0,0.0
2024-07-15 10:20:00+09:00,2365.0,2365.0,2365.0,2365.0,0,0.0,0.0
2024-07-15 10:30:00+09:00,2355.0,2355.0,2350.0,2350.0,4,0.0,0.0
2024-07-15 10:40:00+09:00,2340.0,2350.0,2325.0,2350.0,237,0.0,0.0
2024-07-15 10:50:00+09:00,2340.0,2340.0,2340.0,2340.0,12,0.0,0.0
2024-07-15 10:55:00+09:00,2335.0,2345.0,2335.0,2345.0,178,0.0,0.0
2024-07-15 11:05:00+09:00,2340.0,2350.0,2340.0,2350.0,409,0.0,0.0
2024-07-15 11:10:00+09:00,2360.0,2365.0,2360.0,2365.0,0,0.0,0.0
2024-07-15 11:20:00+09:00,2355.0,2355.0,2355.0,2355.0,1,0.0,0.0
2024-07-15 11:30:00+09:00,2355.0,2355.0,2355.0,2355.0,3,0.0,0.0
2024-07-15 11:35:00+09:00,2355.0,2365.0,2355.0,2365.0,88,0.0,0.0
2024-07-15 11:40:00+09:00,2365.0,2365.0,2365.0,2365.0,0,0.0,0.0
2024-07-15 11:45:00+09:00,2365.0,2365.0,2360.0,2360.0,49,0.0,0.0
2024-07-15 11:55:00+09:00,2360.0,2360.0,2360.0,2360.0,18,0.0,0.0
2024-07-15 12:10:00+09:00,2360.0,2360.0,2360.0,2360.0,521,0.0,0.0
2024-07-15 12:30:00+09:00,2360.0,2360.0,2360.0,2360.0,0,0.0,0.0
2024-07-15 12:35:00+09:00,2365.0,2385.0,2365.0,2385.0,345,0.0,0.0
2024-07-15 12:40:00+09:00,2380.0,2385.0,2380.0,2385.0,108,0.0,0.0
2024-07-15 12:45:00+09:00,2380.0,2380.0,2380.0,2380.0,4,0.0,0.0
2024-07-15 12:50:00+09:00,2385.0,2385.0,2380.0,2385.0,2510,0.0,0.0
2024-07-15 13:05:00+09:00,2380.0,2465.0,2365.0,2460.0,2544,0.0,0.0
2024-07-15 13:10:00+09:00,2460.0,2635.0,2405.0,2515.0,59446,0.0,0.0
2024-07-15 13:15:00+09:00,2520.0,2700.0,2500.0,2560.0,178250,0.0,0.0
2024-07-15 13:20:00+09:00,2545.0,2550.0,2425.0,2435.0,40399,0.0,0.0
2024-07-15 13:25:00+09:00,2435.0,2460.0,2410.0,2445.0,19168,0.0,0.0
2024-07-15 13:30:00+09:00,2440.0,2460.0,2410.0,2410.0,8743,0.0,0.0
2024-07-15 13:35:00+09:00,2410.0,2420.0,2400.0,2420.0,4800,0.0,0.0
2024-07-15 13:40:00+09:00,2400.0,2420.0,2375.0,2410.0,6375,0.0,0.0
2024-07-15 13:45:00+09:00,2410.0,2450.0,2410.0,2450.0,4665,0.0,0.0
2024-07-15 13:50:00+09:00,2450.0,2535.0,2450.0,2490.0,25326,0.0,0.0
2024-07-15 13:55:00+09:00,2495.0,2535.0,2490.0,2490.0,6760,0.0,0.0
2024-07-15 14:00:00+09:00,2490.0,2570.0,2485.0,2550.0,5498,0.0,0.0
2024-07-15 14:05:00+09:00,2530.0,2565.0,2525.0,2560.0,4236,0.0,0.0
2024-07-15 14:10:00+09:00,2560.0,2640.0,2545.0,2610.0,10014,0.0,0.0
2024-07-15 14:15:00+09:00,2575.0,2650.0,2570.0,2575.0,8561,0.0,0.0
2024-07-15 14:20:00+09:00,2590.0,2605.0,2530.0,2530.0,8851,0.0,0.0
2024-07-15 14:25:00+09:00,2530.0,2600.0,2515.0,2585.0,8604,0.0,0.0
2024-07-15 14:30:00+09:00,2605.0,2630.0,2580.0,2585.0,10923,0.0,0.0
2024-07-15 14:35:00+09:00,2600.0,2640.0,2565.0,2580.0,11946,0.0,0.0
2024-07-15 14:40:00+09:00,2585.0,2640.0,2585.0,2620.0,31869,0.0,0.0
2024-07-15 14:45:00+09:00,2615.0,2630.0,2575.0,2600.0,27627,0.0,0.0
2024-07-15 14:50:00+09:00,2600.0,2655.0,2600.0,2650.0,14874,0.0,0.0
2024-07-15 14:55:00+09:00,2640.0,2660.0,2620.0,2640.0,6211,0.0,0.0
2024-07-16 09:00:00+09:00,2725.0,2725.0,2610.0,2670.0,16910,0.0,0.0
2024-07-16 09:05:00+09:00,2675.0,2760.0,2655.0,2710.0,36074,0.0,0.0
2024-07-16 09:10:00+09:00,2715.0,2760.0,2660.0,2670.0,32280,0.0,0.0
2024-07-16 09:15:00+09:00,2670.0,2675.0,2635.0,2675.0,12422,0.0,0.0
2024-07-16 09:20:00+09:00,2685.0,2700.0,2660.0,2685.0,8310,0.0,0.0
2024-07-16 09:25:00+09:00,2685.0,2735.0,2685.0,2730.0,8471,0.0,0.0
2024-07-16 09:30:00+09:00,2730.0,2730.0,2685.0,2685.0,3233,0.0,0.0
2024-07-16 09:35:00+09:00,2685.0,2690.0,2685.0,2690.0,84,0.0,0.0
2024-07-16 09:40:00+09:00,2690.0,2700.0,2685.0,2685.0,5258,0.0,0.0
2024-07-16 09:45:00+09:00,2680.0,2680.0,2665.0,2665.0,703,0.0,0.0
2024-07-16 09:50:00+09:00,2665.0,2695.0,2665.0,2695.0,167,0.0,0.0
2024-07-16 09:55:00+09:00,2690.0,2695.0,2690.0,2695.0,1841,0.0,0.0
2024-07-16 10:00:00+09:00,2700.0,2715.0,2695.0,2715.0,5057,0.0,0.0
2024-07-16 10:05:00+09:00,2705.0,2705.0,2705.0,2705.0,380,0.0,0.0
2024-07-16 10:10:00+09:00,2705.0,2745.0,2705.0,2745.0,7958,0.0,0.0
2024-07-16 10:15:00+09:00,2750.0,2785.0,2750.0,2770.0,12973,0.0,0.0
2024-07-16 10:20:00+09:00,2770.0,2790.0,2765.0,2790.0,8564,0.0,0.0
2024-07-16 10:25:00+09:00,2790.0,2830.0,2780.0,2780.0,34813,0.0,0.0
2024-07-16 10:30:00+09:00,2780.0,2800.0,2770.0,2795.0,4809,0.0,0.0
2024-07-16 10:35:00+09:00,2795.0,2805.0,2780.0,2795.0,1663,0.0,0.0
2024-07-16 10:40:00+09:00,2780.0,2780.0,2770.0,2770.0,672,0.0,0.0
2024-07-16 10:45:00+09:00,2770.0,2785.0,2770.0,2785.0,999,0.0,0.0
2024-07-16 10:50:00+09:00,2780.0,2780.0,2780.0,2780.0,1673,0.0,0.0
2024-07-16 10:55:00+09:00,2780.0,2790.0,2770.0,2790.0,1377,0.0,0.0
2024-07-16 11:00:00+09:00,2790.0,2800.0,2775.0,2775.0,1034,0.0,0.0
2024-07-16 11:05:00+09:00,2780.0,2805.0,2775.0,2780.0,9900,0.0,0.0
2024-07-16 11:10:00+09:00,2775.0,2800.0,2720.0,2720.0,4853,0.0,0.0
2024-07-16 11:15:00+09:00,2715.0,2715.0,2670.0,2700.0,5542,0.0,0.0
2024-07-16 11:20:00+09:00,2685.0,2720.0,2675.0,2720.0,5778,0.0,0.0
2024-07-16 11:25:00+09:00,2720.0,2720.0,2685.0,2690.0,8290,0.0,0.0
2024-07-16 11:30:00+09:00,2680.0,2680.0,2665.0,2670.0,2791,0.0,0.0
2024-07-16 11:35:00+09:00,2670.0,2670.0,2670.0,2670.0,62,0.0,0.0
2024-07-16 11:45:00+09:00,2670.0,2670.0,2665.0,2665.0,406,0.0,0.0
2024-07-16 11:50:00+09:00,2675.0,2675.0,2675.0,2675.0,185,0.0,0.0
2024-07-16 11:55:00+09:00,2675.0,2690.0,2670.0,2690.0,1503,0.0,0.0
2024-07-16 12:00:00+09:00,2680.0,2680.0,2670.0,2675.0,223,0.0,0.0
2024-07-16 12:05:00+09:00,2675.0,2675.0,2675.0,2675.0,0,0.0,0.0
2024-07-16 12:10:00+09:00,2690.0,2690.0,2690.0,2690.0,2,0.0,0.0
2024-07-16 12:15:00+09:00,2680.0,2680.0,2675.0,2675.0,234,0.0,0.0
2024-07-16 12:20:00+09:00,2680.0,2680.0,2680.0,2680.0,25,0.0,0.0
2024-07-16 12:25:00+09:00,2675.0,2675.0,2670.0,2670.0,97,0.0,0.0
2024-07-16 12:30:00+09:00,2670.0,2670.0,2670.0,2670.0,297,0.0,0.0
2024-07-16 12:35:00+09:00,2665.0,2665.0,2645.0,2650.0,2610,0.0,0.0
2024-07-16 12:40:00+09:00,2650.0,2650.0,2650.0,2650.0,0,0.0,0.0
2024-07-16 12:45:00+09:00,2650.0,2660.0,2650.0,2660.0,271,0.0,0.0
2024-07-16 12:50:00+09:00,2665.0,2685.0,2665.0,2685.0,0,0.0,0.0
2024-07-16 13:00:00+09:00,2685.0,2685.0,2685.0,2685.0,168,0.0,0.0
2024-07-16 13:05:00+09:00,2685.0,2685.0,2675.0,2675.0,95,0.0,0.0
2024-07-16 13:10:00+09:00,2685.0,2685.0,2685.0,2685.0,0,0.0,0.0
2024-07-16 13:15:00+09:00,2670.0,2670.0,2670.0,2670.0,146,0.0,0.0
2024-07-16 13:20:00+09:00,2685.0,2710.0,2685.0,2710.0,11048,0.0,0.0
2024-07-16 13:25:00+09:00,2700.0,2700.0,2695.0,2695.0,0,0.0,0.0
2024-07-16 13:30:00+09:00,2710.0,2710.0,2700.0,2700.0,44,0.0,0.0
2024-07-16 13:35:00+09:00,2710.0,2710.0,2710.0,2710.0,45,0.0,0.0
2024-07-16 13:40:00+09:00,2705.0,2705.0,2705.0,2705.0,32,0.0,0.0
2024-07-16 13:45:00+09:00,2710.0,2710.0,2710.0,2710.0,0,0.0,0.0
2024-07-16 13:55:00+09:00,2705.0,2705.0,2705.0,2705.0,46,0.0,0.0
2024-07-16 14:00:00+09:00,2700.0,2700.0,2700.0,2700.0,1495,0.0,0.0
2024-07-16 14:05:00+09:00,2690.0,2700.0,2690.0,2690.0,136,0.0,0.0
2024-07-16 14:10:00+09:00,2700.0,2700.0,2700.0,2700.0,171,0.0,0.0
2024-07-16 14:15:00+09:00,2700.0,2700.0,2690.0,2690.0,87,0.0,0.0
2024-07-16 14:20:00+09:00,2690.0,2725.0,2690.0,2710.0,4258,0.0,0.0
2024-07-16 14:30:00+09:00,2710.0,2710.0,2710.0,2710.0,24,0.0,0.0
2024-07-16 14:35:00+09:00,2705.0,2710.0,2705.0,2710.0,30,0.0,0.0
2024-07-16 14:45:00+09:00,2705.0,2705.0,2670.0,2690.0,1790,0.0,0.0
2024-07-16 14:50:00+09:00,2690.0,2690.0,2690.0,2690.0,1,0.0,0.0
2024-07-16 14:55:00+09:00,2690.0,2690.0,2685.0,2685.0,42,0.0,0.0
2024-07-17 09:00:00+09:00,2700.0,2835.0,2680.0,2810.0,32949,0.0,0.0
2024-07-17 09:05:00+09:00,2825.0,2875.0,2775.0,2780.0,39085,0.0,0.0
2024-07-17 09:10:00+09:00,2780.0,2845.0,2780.0,2815.0,25266,0.0,0.0
2024-07-17 09:15:00+09:00,2815.0,2860.0,2800.0,2860.0,13067,0.0,0.0
2024-07-17 09:20:00+09:00,2860.0,2860.0,2835.0,2840.0,939,0.0,0.0
2024-07-17 09:25:00+09:00,2845.0,2860.0,2840.0,2860.0,8127,0.0,0.0
2024-07-17 09:30:00+09:00,2855.0,2860.0,2840.0,2840.0,4938,0.0,0.0
2024-07-17 09:35:00+09:00,2845.0,2875.0,2825.0,2875.0,15806,0.0,0.0
2024-07-17 09:40:00+09:00,2850.0,2870.0,2850.0,2865.0,2637,0.0,0.0
2024-07-17 09:45:00+09:00,2865.0,2870.0,2845.0,2845.0,2341,0.0,0.0
2024-07-17 09:50:00+09:00,2845.0,2845.0,2820.0,2835.0,6328,0.0,0.0
2024-07-17 09:55:00+09:00,2825.0,2850.0,2820.0,2850.0,4056,0.0,0.0
2024-07-17 10:00:00+09:00,2855.0,2855.0,2845.0,2845.0,2418,0.0,0.0
2024-07-17 10:05:00+09:00,2840.0,2840.0,2830.0,2830.0,1007,0.0,0.0
2024-07-17 10:10:00+09:00,2830.0,2830.0,2810.0,2825.0,4186,0.0,0.0
2024-07-17 10:15:00+09:00,2825.0,2825.0,2770.0,2780.0,15870,0.0,0.0
2024-07-17 10:20:00+09:00,2775.0,2775.0,2765.0,2765.0,752,0.0,0.0
2024-07-17 10:25:00+09:00,2765.0,2780.0,2765.0,2770.0,1315,0.0,0.0
2024-07-17 10:30:00+09:00,2770.0,2770.0,2730.0,2750.0,13253,0.0,0.0
2024-07-17 10:35:00+09:00,2755.0,2760.0,2740.0,2740.0,2,0.0,0.0
2024-07-17 10:40:00+09:00,2760.0,2760.0,2760.0,2760.0,0,0.0,0.0
2024-07-17 10:45:00+09:00,2745.0,2760.0,2740.0,2760.0,599,0.0,0.0
2024-07-17 10:50:00+09:00,2760.0,2760.0,2760.0,2760.0,118,0.0,0.0
2024-07-17 10:55:00+09:00,2760.0,2760.0,2760.0,2760.0,404,0.0,0.0
2024-07-17 11:00:00+09:00,2765.0,2780.0,2765.0,2780.0,2133,0.0,0.0
2024-07-17 11:05:00+09:00,2780.0,2790.0,2780.0,2790.0,1433,0.0,0.0
2024-07-17 11:10:00+09:00,2780.0,2810.0,2780.0,2810.0,5353,0.0,0.0
2024-07-17 11:15:00+09:00,2810.0,2810.0,2795.0,2795.0,1651,0.0,0.0
2024-07-17 11:20:00+09:00,2810.0,2810.0,2795.0,2795.0,928,0.0,0.0
2024-07-17 11:25:00+09:00,2805.0,2805.0,2785.0,2800.0,408,0.0,0.0
2024-07-17 11:30:00+09:00,2795.0,2795.0,2795.0,2795.0,32,0.0,0.0
2024-07-17 11:40:00+09:00,2795.0,2795.0,2795.0,2795.0,4,0.0,0.0
2024-07-17 11:45:00+09:00,2795.0,2795.0,2770.0,2790.0,104,0.0,0.0
2024-07-17 11:50:00+09:00,2770.0,2790.0,2770.0,2790.0,0,0.0,0.0
2024-07-17 11:55:00+09:00,2790.0,2810.0,2790.0,2810.0,13600,0.0,0.0
2024-07-17 12:00:00+09:00,2810.0,2835.0,2810.0,2835.0,1715,0.0,0.0
2024-07-17 12:05:00+09:00,2810.0,2825.0,2810.0,2810.0,851,0.0,0.0
2024-07-17 12:10:00+09:00,2810.0,2810.0,2780.0,2785.0,0,0.0,0.0
2024-07-17 12:20:00+09:00,2790.0,2790.0,2780.0,2780.0,3244,0.0,0.0
2024-07-17 12:25:00+09:00,2780.0,2785.0,2780.0,2785.0,1047,0.0,0.0
2024-07-17 12:30:00+09:00,2785.0,2785.0,2770.0,2770.0,879,0.0,0.0
2024-07-17 12:35:00+09:00,2770.0,2770.0,2740.0,2740.0,5276,0.0,0.0
2024-07-17 12:40:00+09:00,2740.0,2740.0,2740.0,2740.0,0,0.0,0.0
2024-07-17 12:50:00+09:00,2740.0,2750.0,2725.0,2750.0,1032,0.0,0.0
2024-07-17 12:55:00+09:00,2735.0,2735.0,2735.0,2735.0,100,0.0,0.0
2024-07-17 13:00:00+09:00,2730.0,2730.0,2730.0,2730.0,53,0.0,0.0
2024-07-17 13:05:00+09:00,2745.0,2745.0,2725.0,2725.0,156,0.0,0.0
2024-07-17 13:10:00+09:00,2725.0,2725.0,2725.0,2725.0,204,0.0,0.0
2024-07-17 13:15:00+09:00,2725.0,2750.0,2725.0,2750.0,289,0.0,0.0
2024-07-17 13:20:00+09:00,2750.0,2805.0,2740.0,2800.0,2521,0.0,0.0
2024-07-17 13:25:00+09:00,2785.0,2785.0,2785.0,2785.0,1,0.0,0.0
2024-07-17 13:30:00+09:00,2785.0,2785.0,2770.0,2785.0,3,0.0,0.0
2024-07-17 13:35:00+09:00,2770.0,2785.0,2770.0,2785.0,90,0.0,0.0
2024-07-17 13:40:00+09:00,2785.0,2800.0,2785.0,2785.0,581,0.0,0.0
2024-07-17 13:45:00+09:00,2785.0,2785.0,2780.0,2780.0,510,0.0,0.0
2024-07-17 13:50:00+09:00,2780.0,2785.0,2750.0,2785.0,1806,0.0,0.0
2024-07-17 14:00:00+09:00,2780.0,2780.0,2780.0,2780.0,0,0.0,0.0
2024-07-17 14:05:00+09:00,2770.0,2780.0,2760.0,2780.0,2552,0.0,0.0
2024-07-17 14:10:00+09:00,2760.0,2760.0,2755.0,2760.0,1977,0.0,0.0
2024-07-17 14:15:00+09:00,2775.0,2780.0,2775.0,2780.0,381,0.0,0.0
2024-07-17 14:20:00+09:00,2780.0,2780.0,2780.0,2780.0,38,0.0,0.0
2024-07-17 14:25:00+09:00,2780.0,2795.0,2770.0,2770.0,1663,0.0,0.0
2024-07-17 14:30:00+09:00,2780.0,2780.0,2760.0,2775.0,0,0.0,0.0
2024-07-17 14:35:00+09:00,2775.0,2785.0,2775.0,2780.0,187,0.0,0.0
2024-07-17 14:40:00+09:00,2775.0,2780.0,2760.0,2775.0,3324,0.0,0.0
2024-07-17 14:45:00+09:00,2780.0,2780.0,2780.0,2780.0,395,0.0,0.0
2024-07-17 14:50:00+09:00,2780.0,2780.0,2780.0,2780.0,670,0.0,0.0
2024-07-17 14:55:00+09:00,2780.0,2780.0,2775.0,2775.0,246,0.0,0.0
2024-07-18 09:00:00+09:00,2800.0,2870.0,2730.0,2770.0,16553,0.0,0.0
2024-07-18 09:05:00+09:00,2735.0,2770.0,2670.0,2750.0,7233,0.0,0.0
2024-07-18 09:10:00+09:00,2750.0,2750.0,2675.0,2710.0,3779,0.0,0.0
2024-07-18 09:15:00+09:00,2705.0,2745.0,2670.0,2730.0,2381,0.0,0.0
2024-07-18 09:20:00+09:00,2745.0,2745.0,2735.0,2735.0,79,0.0,0.0
2024-07-18 09:25:00+09:00,2730.0,2730.0,2690.0,2690.0,5744,0.0,0.0
2024-07-18 09:30:00+09:00,2690.0,2720.0,2690.0,2720.0,26,0.0,0.0
2024-07-18 09:35:00+09:00,2715.0,2725.0,2715.0,2720.0,879,0.0,0.0
2024-07-18 09:40:00+09:00,2715.0,2715.0,2695.0,2710.0,190,0.0,0.0
2024-07-18 09:45:00+09:00,2705.0,2760.0,2705.0,2760.0,0,0.0,0.0
2024-07-18 09:50:00+09:00,2760.0,2850.0,2760.0,2830.0,12835,0.0,0.0
2024-07-18 09:55:00+09:00,2820.0,2840.0,2820.0,2840.0,3143,0.0,0.0
2024-07-18 10:00:00+09:00,2840.0,2875.0,2815.0,2840.0,10395,0.0,0.0
2024-07-18 10:05:00+09:00,2870.0,2885.0,2825.0,2845.0,10705,0.0,0.0
2024-07-18 10:10:00+09:00,2845.0,2870.0,2845.0,2870.0,3224,0.0,0.0
2024-07-18 10:15:00+09:00,2870.0,2870.0,2870.0,2870.0,0,0.0,0.0
2024-07-18 10:20:00+09:00,2850.0,2850.0,2815.0,2815.0,3749,0.0,0.0
2024-07-18 10:25:00+09:00,2800.0,2815.0,2800.0,2815.0,534,0.0,0.0
2024-07-18 10:30:00+09:00,2805.0,2810.0,2790.0,2810.0,1555,0.0,0.0
2024-07-18 10:35:00+09:00,2810.0,2810.0,2810.0,2810.0,2,0.0,0.0
2024-07-18 10:40:00+09:00,2805.0,2805.0,2805.0,2805.0,340,0.0,0.0
2024-07-18 10:45:00+09:00,2805.0,2805.0,2770.0,2805.0,668,0.0,0.0
2024-07-18 10:50:00+09:00,2750.0,2795.0,2730.0,2740.0,1434,0.0,0.0
2024-07-18 10:55:00+09:00,2750.0,2750.0,2740.0,2745.0,338,0.0,0.0
2024-07-18 11:00:00+09:00,2745.0,2760.0,2740.0,2740.0,4552,0.0,0.0
2024-07-18 11:05:00+09:00,2740.0,2770.0,2740.0,2770.0,0,0.0,0.0
2024-07-18 11:10:00+09:00,2755.0,2760.0,2755.0,2760.0,1230,0.0,0.0
2024-07-18 11:15:00+09:00,2760.0,2760.0,2760.0,2760.0,0,0.0,0.0
2024-07-18 11:20:00+09:00,2745.0,2745.0,2740.0,2740.0,431,0.0,0.0
2024-07-18 11:25:00+09:00,2740.0,2740.0,2720.0,2720.0,1647,0.0,0.0
2024-07-18 11:30:00+09:00,2725.0,2725.0,2720.0,2720.0,496,0.0,0.0
2024-07-18 11:35:00+09:00,2720.0,2720.0,2715.0,2715.0,1690,0.0,0.0
2024-07-18 11:40:00+09:00,2715.0,2715.0,2710.0,2710.0,1009,0.0,0.0
2024-07-18 11:45:00+09:00,2705.0,2705.0,2680.0,2705.0,1808,0.0,0.0
2024-07-18 11:50:00+09:00,2700.0,2700.0,2680.0,2685.0,120,0.0,0.0
2024-07-18 11:55:00+09:00,2700.0,2710.0,2700.0,2710.0,1146,0.0,0.0
2024-07-18 12:00:00+09:00,2710.0,2725.0,2710.0,2725.0,1524,0.0,0.0
2024-07-18 12:05:00+09:00,2725.0,2725.0,2695.0,2700.0,379,0.0,0.0
2024-07-18 12:10:00+09:00,2700.0,2725.0,2700.0,2725.0,408,0.0,0.0
2024-07-18 12:15:00+09:00,2725.0,2730.0,2725.0,2730.0,1199,0.0,0.0
2024-07-18 12:20:00+09:00,2715.0,2715.0,2715.0,2715.0,0,0.0,0.0
2024-07-18 12:25:00+09:00,2730.0,2730.0,2730.0,2730.0,1127,0.0,0.0
2024-07-18 12:30:00+09:00,2730.0,2730.0,2730.0,2730.0,638,0.0,0.0
2024-07-18 12:35:00+09:00,2730.0,2740.0,2730.0,2740.0,5567,0.0,0.0
2024-07-18 12:40:00+09:00,2760.0,2780.0,2760.0,2765.0,743,0.0,0.0
2024-07-18 12:45:00+09:00,2780.0,2790.0,2740.0,2790.0,1394,0.0,0.0
2024-07-18 12:50:00+09:00,2770.0,2770.0,2730.0,2750.0,2465,0.0,0.0
2024-07-18 12:55:00+09:00,2750.0,2760.0,2750.0,2760.0,310,0.0,0.0
2024-07-18 13:00:00+09:00,2760.0,2760.0,2760.0,2760.0,44,0.0,0.0
2024-07-18 13:05:00+09:00,2760.0,2790.0,2745.0,2745.0,2406,0.0,0.0
2024-07-18 13:10:00+09:00,2785.0,2785.0,2720.0,2740.0,686,0.0,0.0
2024-07-18 13:15:00+09:00,2740.0,2740.0,2690.0,2735.0,2026,0.0,0.0
2024-07-18 13:20:00+09:00,2710.0,2710.0,2690.0,2690.0,478,0.0,0.0
2024-07-18 13:25:00+09:00,2685.0,2695.0,2680.0,2680.0,2610,0.0,0.0
2024-07-18 13:30:00+09:00,2690.0,2690.0,2690.0,2690.0,68,0.0,0.0
2024-07-18 13:35:00+09:00,2685.0,2700.0,2680.0,2700.0,521,0.0,0.0
2024-07-18 13:45:00+09:00,2700.0,2700.0,2700.0,2700.0,30,0.0,0.0
2024-07-18 13:55:00+09:00,2700.0,2700.0,2700.0,2700.0,384,0.0,0.0
2024-07-18 14:00:00+09:00,2700.0,2700.0,2690.0,2690.0,788,0.0,0.0
2024-07-18 14:05:00+09:00,2690.0,2700.0,2670.0,2700.0,6651,0.0,0.0
2024-07-18 14:10:00+09:00,2710.0,2740.0,2690.0,2735.0,324,0.0,0.0
2024-07-18 14:15:00+09:00,2720.0,2730.0,2675.0,2730.0,8536,0.0,0.0
2024-07-18 14:30:00+09:00,2690.0,2720.0,2650.0,2720.0,5936,0.0,0.0
2024-07-18 14:35:00+09:00,2675.0,2700.0,2665.0,2700.0,610,0.0,0.0
2024-07-18 14:40:00+09:00,2695.0,2695.0,2695.0,2695.0,0,0.0,0.0
2024-07-18 14:50:00+09:00,2695.0,2695.0,2665.0,2695.0,602,0.0,0.0
2024-07-18 14:55:00+09:00,2695.0,2695.0,2695.0,2695.0,2,0.0,0.0
2024-07-19 09:00:00+09:00,2715.0,2830.0,2655.0,2700.0,6678,0.0,0.0
2024-07-19 09:05:00+09:00,2700.0,2700.0,2670.0,2670.0,2074,0.0,0.0
2024-07-19 09:10:00+09:00,2670.0,2700.0,2670.0,2700.0,0,0.0,0.0
2024-07-19 09:15:00+09:00,2700.0,2715.0,2675.0,2715.0,1041,0.0,0.0
2024-07-19 09:20:00+09:00,2715.0,2715.0,2715.0,2715.0,247,0.0,0.0
2024-07-19 09:25:00+09:00,2700.0,2715.0,2695.0,2710.0,1166,0.0,0.0
2024-07-19 09:30:00+09:00,2710.0,2735.0,2700.0,2735.0,342,0.0,0.0
2024-07-19 09:35:00+09:00,2710.0,2735.0,2710.0,2735.0,99,0.0,0.0
2024-07-19 09:45:00+09:00,2725.0,2750.0,2710.0,2750.0,2516,0.0,0.0
2024-07-19 09:50:00+09:00,2750.0,2750.0,2745.0,2745.0,928,0.0,0.0
2024-07-19 09:55:00+09:00,2750.0,2750.0,2750.0,2750.0,150,0.0,0.0
2024-07-19 10:00:00+09:00,2745.0,2745.0,2680.0,2745.0,3279,0.0,0.0
2024-07-19 10:05:00+09:00,2695.0,2735.0,2690.0,2735.0,271,0.0,0.0
2024-07-19 10:20:00+09:00,2720.0,2720.0,2685.0,2710.0,2010,0.0,0.0
2024-07-19 10:25:00+09:00,2705.0,2705.0,2695.0,2705.0,88,0.0,0.0
2024-07-19 10:30:00+09:00,2705.0,2705.0,2665.0,2700.0,2118,0.0,0.0
2024-07-19 10:35:00+09:00,2695.0,2710.0,2695.0,2710.0,3850,0.0,0.0
2024-07-19 10:40:00+09:00,2690.0,2760.0,2690.0,2760.0,2798,0.0,0.0
2024-07-19 10:45:00+09:00,2725.0,2725.0,2720.0,2720.0,1105,0.0,0.0
2024-07-19 10:50:00+09:00,2720.0,2730.0,2705.0,2730.0,497,0.0,0.0
2024-07-19 11:00:00+09:00,2705.0,2705.0,2705.0,2705.0,2,0.0,0.0
2024-07-19 11:10:00+09:00,2705.0,2710.0,2705.0,2710.0,102,0.0,0.0
2024-07-19 11:30:00+09:00,2695.0,2700.0,2690.0,2700.0,100,0.0,0.0
2024-07-19 11:45:00+09:00,2690.0,2700.0,2675.0,2695.0,195,0.0,0.0
2024-07-19 11:55:00+09:00,2690.0,2695.0,2690.0,2695.0,6,0.0,0.0
2024-07-19 12:00:00+09:00,2695.0,2695.0,2690.0,2690.0,252,0.0,0.0
2024-07-19 12:05:00+09:00,2675.0,2690.0,2670.0,2690.0,871,0.0,0.0
2024-07-19 12:10:00+09:00,2670.0,2670.0,2670.0,2670.0,1,0.0,0.0
2024-07-19 12:15:00+09:00,2690.0,2690.0,2690.0,2690.0,0,0.0,0.0
2024-07-19 12:20:00+09:00,2690.0,2690.0,2660.0,2685.0,2211,0.0,0.0
2024-07-19 12:25:00+09:00,2665.0,2665.0,2660.0,2660.0,356,0.0,0.0
2024-07-19 12:30:00+09:00,2675.0,2675.0,2660.0,2670.0,769,0.0,0.0
2024-07-19 12:35:00+09:00,2670.0,2690.0,2655.0,2685.0,1597,0.0,0.0
2024-07-19 12:40:00+09:00,2655.0,2680.0,2650.0,2680.0,500,0.0,0.0
2024-07-19 12:50:00+09:00,2665.0,2665.0,2620.0,2635.0,3757,0.0,0.0
2024-07-19 12:55:00+09:00,2620.0,2635.0,2580.0,2630.0,3399,0.0,0.0
2024-07-19 13:00:00+09:00,2620.0,2630.0,2620.0,2630.0,15,0.0,0.0
2024-07-19 13:05:00+09:00,2625.0,2630.0,2620.0,2620.0,316,0.0,0.0
2024-07-19 13:10:00+09:00,2615.0,2635.0,2610.0,2630.0,2790,0.0,0.0
2024-07-19 13:15:00+09:00,2620.0,2620.0,2600.0,2605.0,15215,0.0,0.0
2024-07-19 13:20:00+09:00,2600.0,2630.0,2600.0,2630.0,0,0.0,0.0
2024-07-19 13:25:00+09:00,2615.0,2630.0,2615.0,2630.0,4,0.0,0.0
2024-07-19 13:45:00+09:00,2610.0,2625.0,2580.0,2620.0,4056,0.0,0.0
2024-07-19 13:50:00+09:00,2600.0,2615.0,2600.0,2615.0,8,0.0,0.0
2024-07-19 13:55:00+09:00,2615.0,2615.0,2590.0,2600.0,7402,0.0,0.0
2024-07-19 14:05:00+09:00,2595.0,2620.0,2590.0,2620.0,7468,0.0,0.0
2024-07-19 14:10:00+09:00,2620.0,2620.0,2590.0,2605.0,9611,0.0,0.0
2024-07-19 14:15:00+09:00,2595.0,2600.0,2575.0,2575.0,20454,0.0,0.0
2024-07-19 14:20:00+09:00,2575.0,2590.0,2575.0,2590.0,0,0.0,0.0
2024-07-19 14:25:00+09:00,2590.0,2625.0,2590.0,2620.0,981,0.0,0.0
2024-07-19 14:45:00+09:00,2615.0,2615.0,2600.0,2615.0,335,0.0,0.0
2024-07-19 14:50:00+09:00,2605.0,2610.0,2605.0,2610.0,395,0.0,0.0
2024-07-19 14:55:00+09:00,2610.0,2610.0,2610.0,2610.0,0,0.0,0.0
2024-07-22 09:00:00+09:00,2620.0,2620.0,2560.0,2610.0,0,0.0,0.0
2024-07-22 09:15:00+09:00,2600.0,2600.0,2590.0,2590.0,0,0.0,0.0
2024-07-22 09:20:00+09:00,2590.0,2590.0,2555.0,2555.0,2533,0.0,0.0
2024-07-22 09:25:00+09:00,2575.0,2585.0,2550.0,2580.0,2870,0.0,0.0
2024-07-22 09:30:00+09:00,2575.0,2580.0,2525.0,2565.0,3527,0.0,0.0
2024-07-22 09:35:00+09:00,2560.0,2565.0,2560.0,2560.0,15,0.0,0.0
2024-07-22 09:40:00+09:00,2555.0,2555.0,2530.0,2530.0,5570,0.0,0.0
2024-07-22 09:45:00+09:00,2540.0,2545.0,2515.0,2515.0,1344,0.0,0.0
2024-07-22 09:50:00+09:00,2515.0,2525.0,2470.0,2470.0,1661,0.0,0.0
2024-07-22 09:55:00+09:00,2490.0,2495.0,2480.0,2495.0,415,0.0,0.0
2024-07-22 10:00:00+09:00,2495.0,2520.0,2495.0,2520.0,744,0.0,0.0
2024-07-22 10:05:00+09:00,2520.0,2520.0,2520.0,2520.0,102,0.0,0.0
2024-07-22 10:10:00+09:00,2520.0,2520.0,2520.0,2520.0,220,0.0,0.0
2024-07-22 10:15:00+09:00,2515.0,2520.0,2510.0,2520.0,0,0.0,0.0
2024-07-22 10:20:00+09:00,2520.0,2520.0,2520.0,2520.0,1,0.0,0.0
2024-07-22 10:25:00+09:00,2520.0,2520.0,2520.0,2520.0,6,0.0,0.0
2024-07-22 10:30:00+09:00,2520.0,2520.0,2520.0,2520.0,4,0.0,0.0
2024-07-22 10:35:00+09:00,2520.0,2520.0,2520.0,2520.0,5,0.0,0.0
2024-07-22 10:40:00+09:00,2520.0,2520.0,2520.0,2520.0,6,0.0,0.0
2024-07-22 10:45:00+09:00,2520.0,2520.0,2500.0,2510.0,324,0.0,0.0
2024-07-22 10:50:00+09:00,2505.0,2505.0,2470.0,2475.0,5127,0.0,0.0
2024-07-22 10:55:00+09:00,2480.0,2495.0,2480.0,2495.0,2619,0.0,0.0
2024-07-22 11:00:00+09:00,2495.0,2495.0,2470.0,2495.0,560,0.0,0.0
2024-07-22 11:05:00+09:00,2495.0,2495.0,2495.0,2495.0,2,0.0,0.0
2024-07-22 11:15:00+09:00,2495.0,2495.0,2495.0,2495.0,2,0.0,0.0
2024-07-22 11:20:00+09:00,2495.0,2495.0,2495.0,2495.0,14,0.0,0.0
2024-07-22 11:25:00+09:00,2495.0,2495.0,2495.0,2495.0,4,0.0,0.0
2024-07-22 11:40:00+09:00,2495.0,2495.0,2470.0,2470.0,796,0.0,0.0
2024-07-22 11:45:00+09:00,2485.0,2485.0,2485.0,2485.0,0,0.0,0.0
2024-07-22 11:50:00+09:00,2470.0,2470.0,2450.0,2450.0,2227,0.0,0.0
2024-07-22 11:55:00+09:00,2450.0,2450.0,2450.0,2450.0,588,0.0,0.0
2024-07-22 12:00:00+09:00,2450.0,2450.0,2435.0,2440.0,952,0.0,0.0
2024-07-22 12:05:00+09:00,2440.0,2440.0,2440.0,2440.0,12,0.0,0.0
2024-07-22 12:10:00+09:00,2435.0,2440.0,2435.0,2440.0,12,0.0,0.0
2024-07-22 12:15:00+09:00,2440.0,2445.0,2435.0,2445.0,2096,0.0,0.0
2024-07-22 12:20:00+09:00,2450.0,2450.0,2450.0,2450.0,66,0.0,0.0
2024-07-22 12:25:00+09:00,2450.0,2450.0,2450.0,2450.0,4,0.0,0.0
2024-07-22 12:35:00+09:00,2445.0,2450.0,2445.0,2450.0,0,0.0,0.0
2024-07-22 12:40:00+09:00,2450.0,2450.0,2450.0,2450.0,2,0.0,0.0
2024-07-22 12:50:00+09:00,2450.0,2570.0,2450.0,2560.0,12491,0.0,0.0
2024-07-22 12:55:00+09:00,2550.0,2550.0,2550.0,2550.0,2,0.0,0.0
2024-07-22 13:00:00+09:00,2545.0,2655.0,2545.0,2620.0,34507,0.0,0.0
2024-07-22 13:05:00+09:00,2620.0,2880.0,2620.0,2880.0,36899,0.0,0.0
2024-07-22 13:10:00+09:00,2880.0,2880.0,2700.0,2720.0,82551,0.0,0.0
2024-07-22 13:15:00+09:00,2720.0,2745.0,2705.0,2710.0,9723,0.0,0.0
2024-07-22 13:20:00+09:00,2720.0,2745.0,2710.0,2740.0,3463,0.0,0.0
2024-07-22 13:25:00+09:00,2715.0,2725.0,2705.0,2705.0,6285,0.0,0.0
2024-07-22 13:30:00+09:00,2720.0,2770.0,2715.0,2770.0,4891,0.0,0.0
2024-07-22 13:35:00+09:00,2760.0,2760.0,2750.0,2755.0,0,0.0,0.0
2024-07-22 13:40:00+09:00,2750.0,2760.0,2735.0,2760.0,899,0.0,0.0
2024-07-22 13:45:00+09:00,2740.0,2740.0,2720.0,2730.0,359,0.0,0.0
2024-07-22 13:50:00+09:00,2715.0,2725.0,2705.0,2720.0,4714,0.0,0.0
2024-07-22 13:55:00+09:00,2705.0,2805.0,2705.0,2795.0,77149,0.0,0.0
2024-07-22 14:00:00+09:00,2795.0,2825.0,2755.0,2755.0,14093,0.0,0.0
2024-07-22 14:05:00+09:00,2750.0,2760.0,2725.0,2750.0,2793,0.0,0.0
2024-07-22 14:10:00+09:00,2750.0,2750.0,2725.0,2750.0,36,0.0,0.0
2024-07-22 14:15:00+09:00,2725.0,2750.0,2720.0,2750.0,70,0.0,0.0
2024-07-22 14:20:00+09:00,2720.0,2750.0,2710.0,2740.0,1275,0.0,0.0
2024-07-22 14:25:00+09:00,2710.0,2710.0,2690.0,2710.0,457,0.0,0.0
2024-07-22 14:30:00+09:00,2690.0,2710.0,2690.0,2710.0,12,0.0,0.0
2024-07-22 14:35:00+09:00,2690.0,2745.0,2690.0,2745.0,4474,0.0,0.0
2024-07-22 14:40:00+09:00,2745.0,2745.0,2715.0,2720.0,1233,0.0,0.0
2024-07-22 14:45:00+09:00,2715.0,2750.0,2705.0,2750.0,10092,0.0,0.0
2024-07-22 14:50:00+09:00,2750.0,2775.0,2750.0,2775.0,0,0.0,0.0
2024-07-22 14:55:00+09:00,2730.0,2775.0,2720.0,2770.0,10,0.0,0.0
2024-07-23 09:00:00+09:00,2700.0,2820.0,2700.0,2820.0,56175,0.0,0.0
2024-07-23 09:05:00+09:00,2820.0,2820.0,2750.0,2800.0,1367,0.0,0.0
2024-07-23 09:10:00+09:00,2780.0,2800.0,2770.0,2800.0,6572,0.0,0.0
2024-07-23 09:15:00+09:00,2790.0,2795.0,2760.0,2780.0,0,0.0,0.0
2024-07-23 09:20:00+09:00,2770.0,2770.0,2690.0,2725.0,2429,0.0,0.0
2024-07-23 09:25:00+09:00,2725.0,2750.0,2705.0,2735.0,303,0.0,0.0
2024-07-23 09:30:00+09:00,2700.0,2770.0,2700.0,2770.0,817,0.0,0.0
2024-07-23 09:35:00+09:00,2750.0,2750.0,2750.0,2750.0,8,0.0,0.0
2024-07-23 09:40:00+09:00,2745.0,2765.0,2745.0,2765.0,40,0.0,0.0
2024-07-23 09:50:00+09:00,2765.0,2770.0,2765.0,2770.0,215,0.0,0.0
2024-07-23 10:00:00+09:00,2740.0,2740.0,2650.0,2705.0,3819,0.0,0.0
2024-07-23 10:05:00+09:00,2695.0,2765.0,2695.0,2760.0,1566,0.0,0.0
2024-07-23 10:10:00+09:00,2715.0,2755.0,2715.0,2755.0,1,0.0,0.0
2024-07-23 10:15:00+09:00,2755.0,2755.0,2755.0,2755.0,300,0.0,0.0
2024-07-23 10:25:00+09:00,2745.0,2755.0,2745.0,2755.0,27,0.0,0.0
2024-07-23 10:30:00+09:00,2755.0,2755.0,2755.0,2755.0,0,0.0,0.0
2024-07-23 10:35:00+09:00,2750.0,2750.0,2680.0,2680.0,1830,0.0,0.0
2024-07-23 10:40:00+09:00,2745.0,2745.0,2700.0,2700.0,1949,0.0,0.0
2024-07-23 10:45:00+09:00,2730.0,2745.0,2710.0,2745.0,20,0.0,0.0
2024-07-23 10:50:00+09:00,2745.0,2745.0,2745.0,2745.0,2,0.0,0.0
2024-07-23 10:55:00+09:00,2700.0,2745.0,2690.0,2745.0,8,0.0,0.0
2024-07-23 11:00:00+09:00,2715.0,2715.0,2680.0,2700.0,2310,0.0,0.0
2024-07-23 11:05:00+09:00,2700.0,2700.0,2690.0,2700.0,132,0.0,0.0
2024-07-23 11:10:00+09:00,2700.0,2700.0,2695.0,2700.0,47,0.0,0.0
2024-07-23 11:20:00+09:00,2690.0,2690.0,2685.0,2690.0,220,0.0,0.0
2024-07-23 11:25:00+09:00,2700.0,2700.0,2700.0,2700.0,0,0.0,0.0
2024-07-23 11:30:00+09:00,2690.0,2690.0,2685.0,2685.0,143,0.0,0.0
2024-07-23 11:35:00+09:00,2675.0,2675.0,2660.0,2660.0,11957,0.0,0.0
2024-07-23 11:45:00+09:00,2660.0,2660.0,2660.0,2660.0,45,0.0,0.0
2024-07-23 11:50:00+09:00,2660.0,2665.0,2660.0,2665.0,46,0.0,0.0
2024-07-23 11:55:00+09:00,2660.0,2670.0,2660.0,2670.0,571,0.0,0.0
2024-07-23 12:00:00+09:00,2670.0,2670.0,2670.0,2670.0,205,0.0,0.0
2024-07-23 12:05:00+09:00,2665.0,2665.0,2660.0,2660.0,703,0.0,0.0
2024-07-23 12:10:00+09:00,2660.0,2660.0,2660.0,2660.0,0,0.0,0.0
2024-07-23 12:15:00+09:00,2670.0,2670.0,2670.0,2670.0,0,0.0,0.0
2024-07-23 12:20:00+09:00,2690.0,2695.0,2690.0,2695.0,48,0.0,0.0
2024-07-23 12:35:00+09:00,2695.0,2695.0,2695.0,2695.0,438,0.0,0.0
2024-07-23 12:40:00+09:00,2695.0,2695.0,2695.0,2695.0,0,0.0,0.0
2024-07-23 12:45:00+09:00,2695.0,2730.0,2695.0,2730.0,2270,0.0,0.0
2024-07-23 12:50:00+09:00,2725.0,2745.0,2700.0,2745.0,2052,0.0,0.0
2024-07-23 12:55:00+09:00,2710.0,2740.0,2710.0,2740.0,65,0.0,0.0
2024-07-23 13:00:00+09:00,2740.0,2745.0,2740.0,2745.0,2041,0.0,0.0
2024-07-23 13:05:00+09:00,2745.0,2745.0,2745.0,2745.0,462,0.0,0.0
2024-07-23 13:10:00+09:00,2745.0,2745.0,2710.0,2745.0,0,0.0,0.0
2024-07-23 13:20:00+09:00,2745.0,2745.0,2745.0,2745.0,1,0.0,0.0
2024-07-23 13:25:00+09:00,2720.0,2740.0,2710.0,2740.0,4972,0.0,0.0
2024-07-23 13:30:00+09:00,2730.0,2740.0,2730.0,2740.0,309,0.0,0.0
2024-07-23 13:35:00+09:00,2735.0,2775.0,2735.0,2735.0,4048,0.0,0.0
2024-07-23 13:40:00+09:00,2770.0,2770.0,2735.0,2735.0,4,0.0,0.0
2024-07-23 13:45:00+09:00,2770.0,2770.0,2770.0,2770.0,400,0.0,0.0
2024-07-23 13:50:00+09:00,2735.0,2770.0,2700.0,2700.0,609,0.0,0.0
2024-07-23 13:55:00+09:00,2710.0,2765.0,2710.0,2765.0,211,0.0,0.0
2024-07-23 14:00:00+09:00,2765.0,2765.0,2720.0,2755.0,75,0.0,0.0
2024-07-23 14:05:00+09:00,2745.0,2765.0,2720.0,2765.0,2615,0.0,0.0
2024-07-23 14:10:00+09:00,2760.0,2765.0,2755.0,2765.0,0,0.0,0.0
2024-07-23 14:15:00+09:00,2765.0,2765.0,2765.0,2765.0,1,0.0,0.0
2024-07-23 14:30:00+09:00,2750.0,2755.0,2715.0,2740.0,1138,0.0,0.0
2024-07-23 14:35:00+09:00,2735.0,2735.0,2715.0,2735.0,4294,0.0,0.0
2024-07-23 14:40:00+09:00,2735.0,2735.0,2710.0,2735.0,1334,0.0,0.0
2024-07-23 14:50:00+09:00,2710.0,2740.0,2705.0,2705.0,6008,0.0,0.0
2024-07-23 14:55:00+09:00,2700.0,2720.0,2700.0,2720.0,0,0.0,0.0
2024-07-24 09:00:00+09:00,2685.0,2710.0,2650.0,2650.0,2761,0.0,0.0
2024-07-24 09:05:00+09:00,2690.0,2690.0,2690.0,2690.0,16,0.0,0.0
2024-07-24 09:10:00+09:00,2650.0,2690.0,2645.0,2645.0,1382,0.0,0.0
2024-07-24 09:15:00+09:00,2685.0,2685.0,2630.0,2670.0,201,0.0,0.0
2024-07-24 09:20:00+09:00,2655.0,2670.0,2630.0,2670.0,6495,0.0,0.0
2024-07-24 09:25:00+09:00,2640.0,2670.0,2640.0,2650.0,3126,0.0,0.0
2024-07-24 09:30:00+09:00,2645.0,2665.0,2645.0,2665.0,260,0.0,0.0
2024-07-24 09:35:00+09:00,2665.0,2665.0,2635.0,2665.0,873,0.0,0.0
2024-07-24 09:40:00+09:00,2665.0,2665.0,2665.0,2665.0,0,0.0,0.0
2024-07-24 09:45:00+09:00,2655.0,2665.0,2635.0,2665.0,2248,0.0,0.0
2024-07-24 09:50:00+09:00,2645.0,2665.0,2645.0,2665.0,47,0.0,0.0
2024-07-24 09:55:00+09:00,2650.0,2665.0,2650.0,2665.0,7,0.0,0.0
2024-07-24 10:00:00+09:00,2655.0,2665.0,2620.0,2620.0,2578,0.0,0.0
2024-07-24 10:05:00+09:00,2650.0,2650.0,2635.0,2635.0,132,0.0,0.0
2024-07-24 10:10:00+09:00,2645.0,2645.0,2630.0,2640.0,313,0.0,0.0
2024-07-24 10:15:00+09:00,2630.0,2645.0,2620.0,2645.0,866,0.0,0.0
2024-07-24 10:20:00+09:00,2645.0,2660.0,2600.0,2615.0,3470,0.0,0.0
2024-07-24 10:25:00+09:00,2610.0,2610.0,2610.0,2610.0,640,0.0,0.0
2024-07-24 10:30:00+09:00,2610.0,2655.0,2610.0,2640.0,1012,0.0,0.0
2024-07-24 10:35:00+09:00,2620.0,2635.0,2620.0,2630.0,60,0.0,0.0
2024-07-24 10:40:00+09:00,2620.0,2630.0,2620.0,2630.0,1408,0.0,0.0
2024-07-24 10:45:00+09:00,2630.0,2635.0,2610.0,2635.0,0,0.0,0.0
2024-07-24 10:50:00+09:00,2610.0,2630.0,2590.0,2615.0,3629,0.0,0.0
2024-07-24 10:55:00+09:00,2600.0,2600.0,2595.0,2600.0,0,0.0,0.0
2024-07-24 11:00:00+09:00,2600.0,2600.0,2600.0,2600.0,0,0.0,0.0
2024-07-24 11:05:00+09:00,2600.0,2605.0,2600.0,2600.0,1057,0.0,0.0
2024-07-24 11:10:00+09:00,2600.0,2600.0,2590.0,2590.0,2450,0.0,0.0
2024-07-24 11:15:00+09:00,2595.0,2605.0,2570.0,2605.0,3321,0.0,0.0
2024-07-24 11:20:00+09:00,2605.0,2605.0,2605.0,2605.0,3,0.0,0.0
2024-07-24 11:25:00+09:00,2590.0,2605.0,2590.0,2605.0,61,0.0,0.0
2024-07-24 11:30:00+09:00,2595.0,2605.0,2595.0,2605.0,3,0.0,0.0
2024-07-24 11:35:00+09:00,2605.0,2605.0,2595.0,2595.0,111,0.0,0.0
2024-07-24 11:40:00+09:00,2595.0,2595.0,2590.0,2590.0,1639,0.0,0.0
2024-07-24 11:45:00+09:00,2600.0,2600.0,2600.0,2600.0,0,0.0,0.0
2024-07-24 11:50:00+09:00,2600.0,2600.0,2600.0,2600.0,13,0.0,0.0
2024-07-24 11:55:00+09:00,2590.0,2600.0,2585.0,2600.0,526,0.0,0.0
2024-07-24 12:00:00+09:00,2595.0,2600.0,2595.0,2595.0,40,0.0,0.0
2024-07-24 12:05:00+09:00,2600.0,2600.0,2590.0,2590.0,48,0.0,0.0
2024-07-24 12:10:00+09:00,2590.0,2600.0,2590.0,2590.0,616,0.0,0.0
2024-07-24 12:15:00+09:00,2600.0,2600.0,2600.0,2600.0,0,0.0,0.0
2024-07-24 12:20:00+09:00,2600.0,2600.0,2600.0,2600.0,35,0.0,0.0
2024-07-24 12:25:00+09:00,2600.0,2600.0,2600.0,2600.0,201,0.0,0.0
2024-07-24 12:35:00+09:00,2600.0,2600.0,2595.0,2600.0,38,0.0,0.0
2024-07-24 12:40:00+09:00,2590.0,2600.0,2575.0,2600.0,1001,0.0,0.0
2024-07-24 12:45:00+09:00,2600.0,2600.0,2595.0,2595.0,105,0.0,0.0
2024-07-24 12:50:00+09:00,2600.0,2600.0,2600.0,2600.0,0,0.0,0.0
2024-07-24 12:55:00+09:00,2600.0,2600.0,2575.0,2575.0,1443,0.0,0.0
2024-07-24 13:00:00+09:00,2580.0,2580.0,2570.0,2575.0,3085,0.0,0.0
2024-07-24 13:15:00+09:00,2575.0,2575.0,2575.0,2575.0,899,0.0,0.0
2024-07-24 13:20:00+09:00,2570.0,2600.0,2560.0,2600.0,1086,0.0,0.0
2024-07-24 13:25:00+09:00,2600.0,2600.0,2600.0,2600.0,584,0.0,0.0
2024-07-24 13:30:00+09:00,2605.0,2605.0,2605.0,2605.0,0,0.0,0.0
2024-07-24 13:35:00+09:00,2595.0,2595.0,2595.0,2595.0,5,0.0,0.0
2024-07-24 13:40:00+09:00,2605.0,2605.0,2605.0,2605.0,0,0.0,0.0
2024-07-24 13:45:00+09:00,2605.0,2605.0,2605.0,2605.0,3,0.0,0.0
2024-07-24 13:50:00+09:00,2605.0,2605.0,2605.0,2605.0,101,0.0,0.0
2024-07-24 14:10:00+09:00,2590.0,2590.0,2590.0,2590.0,6,0.0,0.0
2024-07-24 14:15:00+09:00,2600.0,2605.0,2600.0,2605.0,379,0.0,0.0
2024-07-24 14:20:00+09:00,2605.0,2605.0,2600.0,2605.0,25,0.0,0.0
2024-07-24 14:25:00+09:00,2605.0,2605.0,2605.0,2605.0,76,0.0,0.0
2024-07-24 14:30:00+09:00,2595.0,2600.0,2595.0,2600.0,142,0.0,0.0
2024-07-24 14:40:00+09:00,2590.0,2600.0,2590.0,2595.0,0,0.0,0.0
2024-07-24 14:45:00+09:00,2595.0,2595.0,2595.0,2595.0,1,0.0,0.0
2024-07-24 14:50:00+09:00,2590.0,2595.0,2590.0,2595.0,4,0.0,0.0
2024-07-24 14:55:00+09:00,2595.0,2600.0,2595.0,2600.0,218,0.0,0.0
2024-07-25 09:00:00+09:00,2440.0,2605.0,2440.0,2540.0,1228,0.0,0.0
2024-07-25 09:05:00+09:00,2555.0,2555.0,2525.0,2525.0,2126,0.0,0.0
2024-07-25 09:10:00+09:00,2525.0,2555.0,2440.0,2510.0,324,0.0,0.0
2024-07-25 09:15:00+09:00,2535.0,2535.0,2510.0,2535.0,446,0.0,0.0
2024-07-25 09:20:00+09:00,2510.0,2535.0,2505.0,2535.0,0,0.0,0.0
2024-07-25 09:25:00+09:00,2535.0,2550.0,2535.0,2550.0,423,0.0,0.0
2024-07-25 09:30:00+09:00,2530.0,2550.0,2510.0,2550.0,1998,0.0,0.0
2024-07-25 09:35:00+09:00,2540.0,2550.0,2540.0,2550.0,202,0.0,0.0
2024-07-25 09:40:00+09:00,2540.0,2550.0,2540.0,2550.0,6,0.0,0.0
2024-07-25 09:50:00+09:00,2550.0,2555.0,2530.0,2555.0,1516,0.0,0.0
2024-07-25 09:55:00+09:00,2555.0,2555.0,2555.0,2555.0,29,0.0,0.0
2024-07-25 10:05:00+09:00,2550.0,2550.0,2550.0,2550.0,1598,0.0,0.0
2024-07-25 10:10:00+09:00,2555.0,2555.0,2460.0,2555.0,694,0.0,0.0
2024-07-25 10:15:00+09:00,2520.0,2555.0,2520.0,2555.0,1179,0.0,0.0
2024-07-25 10:35:00+09:00,2555.0,2555.0,2555.0,2555.0,300,0.0,0.0
2024-07-25 10:40:00+09:00,2550.0,2550.0,2540.0,2550.0,9,0.0,0.0
2024-07-25 11:05:00+09:00,2520.0,2535.0,2500.0,2535.0,509,0.0,0.0
2024-07-25 11:10:00+09:00,2510.0,2525.0,2500.0,2525.0,195,0.0,0.0
2024-07-25 11:15:00+09:00,2510.0,2510.0,2490.0,2495.0,1667,0.0,0.0
2024-07-25 11:20:00+09:00,2495.0,2505.0,2470.0,2470.0,1971,0.0,0.0
2024-07-25 11:25:00+09:00,2500.0,2500.0,2475.0,2475.0,4,0.0,0.0
2024-07-25 11:30:00+09:00,2500.0,2510.0,2475.0,2510.0,780,0.0,0.0
2024-07-25 11:35:00+09:00,2480.0,2500.0,2480.0,2485.0,3,0.0,0.0
2024-07-25 11:40:00+09:00,2495.0,2500.0,2475.0,2495.0,111,0.0,0.0
2024-07-25 11:45:00+09:00,2475.0,2500.0,2475.0,2500.0,14,0.0,0.0
2024-07-25 11:50:00+09:00,2495.0,2500.0,2495.0,2500.0,4,0.0,0.0
2024-07-25 11:55:00+09:00,2500.0,2500.0,2490.0,2500.0,21,0.0,0.0
2024-07-25 12:00:00+09:00,2490.0,2490.0,2490.0,2490.0,1,0.0,0.0
2024-07-25 12:05:00+09:00,2490.0,2500.0,2485.0,2500.0,13,0.0,0.0
2024-07-25 12:10:00+09:00,2490.0,2490.0,2475.0,2475.0,2664,0.0,0.0
2024-07-25 12:15:00+09:00,2500.0,2500.0,2475.0,2475.0,5,0.0,0.0
2024-07-25 12:20:00+09:00,2480.0,2495.0,2475.0,2495.0,75,0.0,0.0
2024-07-25 12:25:00+09:00,2475.0,2495.0,2475.0,2495.0,4,0.0,0.0
2024-07-25 12:30:00+09:00,2475.0,2475.0,2475.0,2475.0,0,0.0,0.0
2024-07-25 12:35:00+09:00,2495.0,2495.0,2475.0,2475.0,39,0.0,0.0
2024-07-25 12:40:00+09:00,2500.0,2500.0,2475.0,2475.0,27,0.0,0.0
2024-07-25 12:45:00+09:00,2500.0,2500.0,2500.0,2500.0,0,0.0,0.0
2024-07-25 12:50:00+09:00,2495.0,2495.0,2475.0,2475.0,14,0.0,0.0
2024-07-25 12:55:00+09:00,2500.0,2500.0,2475.0,2495.0,8,0.0,0.0
2024-07-25 13:00:00+09:00,2490.0,2495.0,2475.0,2475.0,9,0.0,0.0
2024-07-25 13:10:00+09:00,2475.0,2495.0,2475.0,2475.0,6,0.0,0.0
2024-07-25 13:15:00+09:00,2475.0,2495.0,2470.0,2490.0,2399,0.0,0.0
2024-07-25 13:20:00+09:00,2485.0,2495.0,2485.0,2495.0,0,0.0,0.0
2024-07-25 13:25:00+09:00,2495.0,2495.0,2485.0,2485.0,16,0.0,0.0
2024-07-25 13:30:00+09:00,2485.0,2485.0,2480.0,2480.0,597,0.0,0.0
2024-07-25 13:35:00+09:00,2490.0,2500.0,2490.0,2500.0,14,0.0,0.0
2024-07-25 13:40:00+09:00,2500.0,2500.0,2500.0,2500.0,2,0.0,0.0
2024-07-25 13:45:00+09:00,2495.0,2495.0,2495.0,2495.0,2,0.0,0.0
2024-07-25 13:50:00+09:00,2495.0,2495.0,2475.0,2480.0,112,0.0,0.0
2024-07-25 13:55:00+09:00,2485.0,2495.0,2455.0,2465.0,2605,0.0,0.0
2024-07-25 14:00:00+09:00,2475.0,2490.0,2470.0,2470.0,0,0.0,0.0
2024-07-25 14:05:00+09:00,2475.0,2480.0,2475.0,2480.0,19,0.0,0.0
2024-07-25 14:10:00+09:00,2480.0,2480.0,2480.0,2480.0,2,0.0,0.0
2024-07-25 14:15:00+09:00,2475.0,2475.0,2475.0,2475.0,2,0.0,0.0
2024-07-25 14:20:00+09:00,2475.0,2475.0,2455.0,2475.0,2094,0.0,0.0
2024-07-25 14:25:00+09:00,2475.0,2475.0,2475.0,2475.0,109,0.0,0.0
2024-07-25 14:30:00+09:00,2470.0,2500.0,2470.0,2500.0,452,0.0,0.0
2024-07-25 14:35:00+09:00,2490.0,2490.0,2490.0,2490.0,3,0.0,0.0
2024-07-25 14:40:00+09:00,2495.0,2495.0,2495.0,2495.0,4,0.0,0.0
2024-07-25 14:45:00+09:00,2490.0,2490.0,2475.0,2480.0,65,0.0,0.0
2024-07-25 14:50:00+09:00,2480.0,2500.0,2475.0,2495.0,322,0.0,0.0
2024-07-25 14:55:00+09:00,2500.0,2500.0,2475.0,2475.0,29,0.0,0.0
2024-07-26 09:00:00+09:00,2520.0,2550.0,2500.0,2500.0,1296,0.0,0.0
2024-07-26 09:05:00+09:00,2520.0,2520.0,2520.0,2520.0,0,0.0,0.0
2024-07-26 09:10:00+09:00,2520.0,2550.0,2510.0,2535.0,186,0.0,0.0
2024-07-26 09:15:00+09:00,2525.0,2525.0,2525.0,2525.0,25,0.0,0.0
2024-07-26 09:25:00+09:00,2525.0,2545.0,2525.0,2545.0,118,0.0,0.0
2024-07-26 09:30:00+09:00,2530.0,2545.0,2525.0,2545.0,174,0.0,0.0
2024-07-26 09:40:00+09:00,2525.0,2525.0,2525.0,2525.0,20,0.0,0.0
2024-07-26 09:45:00+09:00,2540.0,2540.0,2540.0,2540.0,0,0.0,0.0
2024-07-26 09:50:00+09:00,2520.0,2520.0,2500.0,2520.0,86,0.0,0.0
2024-07-26 10:00:00+09:00,2510.0,2520.0,2500.0,2520.0,2143,0.0,0.0
2024-07-26 10:05:00+09:00,2520.0,2520.0,2510.0,2510.0,0,0.0,0.0
2024-07-26 10:10:00+09:00,2520.0,2520.0,2510.0,2510.0,4,0.0,0.0
2024-07-26 10:15:00+09:00,2520.0,2520.0,2520.0,2520.0,0,0.0,0.0
2024-07-26 10:20:00+09:00,2515.0,2515.0,2430.0,2430.0,7119,0.0,0.0
2024-07-26 10:25:00+09:00,2460.0,2470.0,2430.0,2465.0,479,0.0,0.0
2024-07-26 10:30:00+09:00,2440.0,2440.0,2425.0,2425.0,595,0.0,0.0
2024-07-26 10:35:00+09:00,2425.0,2545.0,2395.0,2545.0,9667,0.0,0.0
2024-07-26 10:40:00+09:00,2490.0,2530.0,2490.0,2530.0,1157,0.0,0.0
2024-07-26 10:45:00+09:00,2530.0,2530.0,2525.0,2530.0,258,0.0,0.0
2024-07-26 10:50:00+09:00,2530.0,2530.0,2505.0,2525.0,5,0.0,0.0
2024-07-26 10:55:00+09:00,2520.0,2525.0,2450.0,2525.0,3734,0.0,0.0
2024-07-26 11:00:00+09:00,2480.0,2525.0,2480.0,2520.0,1294,0.0,0.0
2024-07-26 11:05:00+09:00,2520.0,2520.0,2520.0,2520.0,0,0.0,0.0
2024-07-26 11:10:00+09:00,2485.0,2485.0,2480.0,2480.0,282,0.0,0.0
2024-07-26 11:15:00+09:00,2515.0,2515.0,2485.0,2490.0,0,0.0,0.0
2024-07-26 11:20:00+09:00,2480.0,2480.0,2480.0,2480.0,6,0.0,0.0
2024-07-26 11:25:00+09:00,2485.0,2485.0,2485.0,2485.0,0,0.0,0.0
2024-07-26 11:30:00+09:00,2480.0,2480.0,2475.0,2475.0,35,0.0,0.0
2024-07-26 11:35:00+09:00,2485.0,2485.0,2480.0,2485.0,0,0.0,0.0
2024-07-26 11:40:00+09:00,2485.0,2495.0,2485.0,2495.0,24,0.0,0.0
2024-07-26 11:45:00+09:00,2485.0,2495.0,2485.0,2495.0,6,0.0,0.0
2024-07-26 11:50:00+09:00,2490.0,2490.0,2490.0,2490.0,12,0.0,0.0
2024-07-26 11:55:00+09:00,2485.0,2490.0,2475.0,2490.0,2821,0.0,0.0
2024-07-26 12:00:00+09:00,2490.0,2490.0,2480.0,2480.0,3,0.0,0.0
2024-07-26 12:05:00+09:00,2490.0,2490.0,2490.0,2490.0,2,0.0,0.0
2024-07-26 12:15:00+09:00,2475.0,2480.0,2470.0,2470.0,366,0.0,0.0
2024-07-26 12:20:00+09:00,2470.0,2480.0,2450.0,2450.0,499,0.0,0.0
2024-07-26 12:25:00+09:00,2450.0,2475.0,2440.0,2445.0,631,0.0,0.0
2024-07-26 12:30:00+09:00,2450.0,2455.0,2445.0,2455.0,1324,0.0,0.0
2024-07-26 12:35:00+09:00,2490.0,2490.0,2480.0,2480.0,1596,0.0,0.0
2024-07-26 12:40:00+09:00,2490.0,2500.0,2475.0,2500.0,2561,0.0,0.0
2024-07-26 12:45:00+09:00,2500.0,2520.0,2485.0,2485.0,2735,0.0,0.0
2024-07-26 12:50:00+09:00,2520.0,2525.0,2495.0,2495.0,4041,0.0,0.0
2024-07-26 12:55:00+09:00,2495.0,2495.0,2465.0,2485.0,2009,0.0,0.0
2024-07-26 13:00:00+09:00,2475.0,2485.0,2465.0,2485.0,22,0.0,0.0
2024-07-26 13:05:00+09:00,2485.0,2485.0,2470.0,2485.0,27,0.0,0.0
2024-07-26 13:10:00+09:00,2480.0,2480.0,2480.0,2480.0,2,0.0,0.0
2024-07-26 13:20:00+09:00,2480.0,2480.0,2480.0,2480.0,3,0.0,0.0
2024-07-26 13:25:00+09:00,2480.0,2480.0,2480.0,2480.0,0,0.0,0.0
2024-07-26 13:30:00+09:00,2480.0,2480.0,2480.0,2480.0,7,0.0,0.0
2024-07-26 13:35:00+09:00,2475.0,2475.0,2465.0,2465.0,8,0.0,0.0
2024-07-26 13:40:00+09:00,2460.0,2460.0,2440.0,2440.0,1176,0.0,0.0
2024-07-26 13:45:00+09:00,2460.0,2460.0,2450.0,2450.0,37,0.0,0.0
2024-07-26 13:50:00+09:00,2450.0,2450.0,2415.0,2415.0,1941,0.0,0.0
2024-07-26 13:55:00+09:00,2410.0,2450.0,2395.0,2450.0,7789,0.0,0.0
2024-07-26 14:00:00+09:00,2440.0,2440.0,2440.0,2440.0,13,0.0,0.0
2024-07-26 14:05:00+09:00,2450.0,2450.0,2435.0,2435.0,11,0.0,0.0
2024-07-26 14:10:00+09:00,2435.0,2440.0,2415.0,2415.0,341,0.0,0.0
2024-07-26 14:15:00+09:00,2415.0,2440.0,2400.0,2435.0,1184,0.0,0.0
2024-07-26 14:20:00+09:00,2430.0,2440.0,2430.0,2440.0,10,0.0,0.0
2024-07-26 14:25:00+09:00,2435.0,2440.0,2430.0,2440.0,15,0.0,0.0
2024-07-26 14:30:00+09:00,2425.0,2440.0,2425.0,2430.0,392,0.0,0.0
2024-07-26 14:35:00+09:00,2430.0,2440.0,2425.0,2430.0,28,0.0,0.0
2024-07-26 14:40:00+09:00,2430.0,2430.0,2430.0,2430.0,9,0.0,0.0
2024-07-26 14:45:00+09:00,2430.0,2440.0,2430.0,2440.0,200,0.0,0.0
2024-07-26 14:50:00+09:00,2440.0,2440.0,2440.0,2440.0,12,0.0,0.0
2024-07-26 14:55:00+09:00,2440.0,2440.0,2400.0,2440.0,312,0.0,0.0
2024-07-29 09:00:00+09:00,2490.0,2500.0,2480.0,2500.0,0,0.0,0.0
2024-07-29 09:05:00+09:00,2500.0,2500.0,2490.0,2490.0,2702,0.0,0.0
2024-07-29 09:10:00+09:00,2500.0,2500.0,2495.0,2495.0,998,0.0,0.0
2024-07-29 09:15:00+09:00,2495.0,2520.0,2495.0,2520.0,2708,0.0,0.0
2024-07-29 09:20:00+09:00,2515.0,2520.0,2515.0,2520.0,301,0.0,0.0
2024-07-29 09:25:00+09:00,2515.0,2520.0,2510.0,2520.0,804,0.0,0.0
2024-07-29 09:30:00+09:00,2520.0,2520.0,2515.0,2515.0,84,0.0,0.0
2024-07-29 09:35:00+09:00,2515.0,2515.0,2495.0,2495.0,270,0.0,0.0
2024-07-29 09:40:00+09:00,2520.0,2520.0,2510.0,2510.0,26,0.0,0.0
2024-07-29 09:55:00+09:00,2520.0,2570.0,2520.0,2570.0,8249,0.0,0.0
2024-07-29 10:00:00+09:00,2580.0,2590.0,2525.0,2525.0,1860,0.0,0.0
2024-07-29 10:05:00+09:00,2515.0,2540.0,2510.0,2540.0,167,0.0,0.0
2024-07-29 10:30:00+09:00,2540.0,2540.0,2540.0,2540.0,2,0.0,0.0
2024-07-29 10:40:00+09:00,2505.0,2540.0,2505.0,2540.0,154,0.0,0.0
2024-07-29 10:45:00+09:00,2540.0,2540.0,2495.0,2495.0,531,0.0,0.0
2024-07-29 10:55:00+09:00,2490.0,2500.0,2480.0,2480.0,0,0.0,0.0
2024-07-29 11:00:00+09:00,2475.0,2485.0,2440.0,2440.0,6563,0.0,0.0
2024-07-29 11:10:00+09:00,2440.0,2455.0,2405.0,2440.0,4884,0.0,0.0
2024-07-29 11:15:00+09:00,2445.0,2445.0,2435.0,2435.0,615,0.0,0.0
2024-07-29 11:20:00+09:00,2435.0,2435.0,2435.0,2435.0,0,0.0,0.0
2024-07-29 11:25:00+09:00,2435.0,2435.0,2430.0,2430.0,106,0.0,0.0
2024-07-29 11:30:00+09:00,2435.0,2435.0,2350.0,2420.0,5923,0.0,0.0
2024-07-29 11:35:00+09:00,2415.0,2420.0,2415.0,2415.0,191,0.0,0.0
2024-07-29 11:45:00+09:00,2415.0,2415.0,2400.0,2410.0,729,0.0,0.0
2024-07-29 11:55:00+09:00,2410.0,2410.0,2410.0,2410.0,0,0.0,0.0
2024-07-29 12:00:00+09:00,2410.0,2410.0,2410.0,2410.0,14,0.0,0.0
2024-07-29 12:05:00+09:00,2410.0,2475.0,2410.0,2440.0,3022,0.0,0.0
2024-07-29 12:15:00+09:00,2445.0,2445.0,2435.0,2435.0,62,0.0,0.0
2024-07-29 12:20:00+09:00,2435.0,2435.0,2410.0,2410.0,319,0.0,0.0
2024-07-29 12:25:00+09:00,2410.0,2410.0,2400.0,2400.0,0,0.0,0.0
2024-07-29 12:30:00+09:00,2400.0,2400.0,2400.0,2400.0,401,0.0,0.0
2024-07-29 12:35:00+09:00,2400.0,2400.0,2400.0,2400.0,0,0.0,0.0
2024-07-29 12:40:00+09:00,2420.0,2420.0,2420.0,2420.0,0,0.0,0.0
2024-07-29 12:45:00+09:00,2415.0,2415.0,2415.0,2415.0,12,0.0,0.0
2024-07-29 12:50:00+09:00,2415.0,2415.0,2415.0,2415.0,77,0.0,0.0
2024-07-29 13:05:00+09:00,2410.0,2410.0,2395.0,2395.0,3939,0.0,0.0
2024-07-29 13:10:00+09:00,2395.0,2395.0,2385.0,2385.0,2530,0.0,0.0
2024-07-29 13:15:00+09:00,2390.0,2390.0,2350.0,2350.0,3072,0.0,0.0
2024-07-29 13:20:00+09:00,2365.0,2370.0,2350.0,2350.0,13264,0.0,0.0
2024-07-29 13:25:00+09:00,2345.0,2365.0,2345.0,2365.0,0,0.0,0.0
2024-07-29 13:30:00+09:00,2360.0,2365.0,2360.0,2365.0,11,0.0,0.0
2024-07-29 13:35:00+09:00,2365.0,2400.0,2365.0,2400.0,6182,0.0,0.0
2024-07-29 13:40:00+09:00,2400.0,2445.0,2400.0,2445.0,1686,0.0,0.0
2024-07-29 13:45:00+09:00,2405.0,2405.0,2405.0,2405.0,10,0.0,0.0
2024-07-29 13:50:00+09:00,2405.0,2405.0,2405.0,2405.0,21,0.0,0.0
2024-07-29 13:55:00+09:00,2405.0,2405.0,2405.0,2405.0,28,0.0,0.0
2024-07-29 14:00:00+09:00,2400.0,2400.0,2370.0,2370.0,276,0.0,0.0
2024-07-29 14:10:00+09:00,2385.0,2400.0,2385.0,2400.0,642,0.0,0.0
2024-07-29 14:15:00+09:00,2400.0,2430.0,2400.0,2400.0,472,0.0,0.0
2024-07-29 14:25:00+09:00,2400.0,2400.0,2400.0,2400.0,212,0.0,0.0
2024-07-29 14:30:00+09:00,2410.0,2445.0,2410.0,2445.0,1982,0.0,0.0
2024-07-29 14:35:00+09:00,2445.0,2445.0,2445.0,2445.0,0,0.0,0.0
2024-07-29 14:40:00+09:00,2420.0,2420.0,2330.0,2330.0,11641,0.0,0.0
2024-07-29 14:45:00+09:00,2325.0,2360.0,2320.0,2360.0,1356,0.0,0.0
2024-07-29 14:50:00+09:00,2360.0,2385.0,2360.0,2375.0,2676,0.0,0.0
2024-07-29 14:55:00+09:00,2375.0,2450.0,2335.0,2450.0,1994,0.0,0.0
2024-07-30 09:00:00+09:00,2550.0,2600.0,2550.0,2595.0,1382,0.0,0.0
2024-07-30 09:05:00+09:00,2550.0,2590.0,2545.0,2590.0,534,0.0,0.0
2024-07-30 09:15:00+09:00,2580.0,2585.0,2550.0,2585.0,72,0.0,0.0
2024-07-30 09:20:00+09:00,2545.0,2585.0,2540.0,2540.0,206,0.0,0.0
2024-07-30 09:25:00+09:00,2530.0,2540.0,2530.0,2540.0,11,0.0,0.0
2024-07-30 09:35:00+09:00,2540.0,2540.0,2540.0,2540.0,1,0.0,0.0
2024-07-30 09:40:00+09:00,2530.0,2530.0,2520.0,2520.0,1798,0.0,0.0
2024-07-30 09:45:00+09:00,2520.0,2525.0,2500.0,2525.0,894,0.0,0.0
2024-07-30 09:50:00+09:00,2500.0,2500.0,2495.0,2500.0,343,0.0,0.0
2024-07-30 09:55:00+09:00,2500.0,2515.0,2485.0,2485.0,308,0.0,0.0
2024-07-30 10:00:00+09:00,2485.0,2485.0,2480.0,2480.0,479,0.0,0.0
2024-07-30 10:05:00+09:00,2470.0,2510.0,2465.0,2510.0,192,0.0,0.0
2024-07-30 10:10:00+09:00,2470.0,2470.0,2460.0,2460.0,500,0.0,0.0
2024-07-30 10:15:00+09:00,2490.0,2495.0,2490.0,2495.0,27,0.0,0.0
2024-07-30 10:20:00+09:00,2495.0,2495.0,2495.0,2495.0,3,0.0,0.0
2024-07-30 10:25:00+09:00,2495.0,2495.0,2460.0,2495.0,160,0.0,0.0
2024-07-30 10:30:00+09:00,2495.0,2495.0,2495.0,2495.0,10,0.0,0.0
2024-07-30 10:35:00+09:00,2470.0,2470.0,2450.0,2450.0,1995,0.0,0.0
2024-07-30 10:45:00+09:00,2480.0,2485.0,2450.0,2450.0,70,0.0,0.0
2024-07-30 10:50:00+09:00,2450.0,2485.0,2450.0,2450.0,230,0.0,0.0
2024-07-30 10:55:00+09:00,2480.0,2480.0,2480.0,2480.0,0,0.0,0.0
2024-07-30 11:00:00+09:00,2480.0,2480.0,2480.0,2480.0,24,0.0,0.0
2024-07-30 11:05:00+09:00,2455.0,2485.0,2450.0,2485.0,904,0.0,0.0
2024-07-30 11:20:00+09:00,2485.0,2485.0,2485.0,2485.0,9,0.0,0.0
2024-07-30 11:30:00+09:00,2485.0,2495.0,2485.0,2495.0,1360,0.0,0.0
2024-07-30 11:35:00+09:00,2495.0,2495.0,2495.0,2495.0,742,0.0,0.0
2024-07-30 11:40:00+09:00,2510.0,2545.0,2495.0,2545.0,1413,0.0,0.0
2024-07-30 11:45:00+09:00,2540.0,2540.0,2540.0,2540.0,0,0.0,0.0
2024-07-30 11:50:00+09:00,2495.0,2495.0,2495.0,2495.0,340,0.0,0.0
2024-07-30 11:55:00+09:00,2500.0,2500.0,2495.0,2495.0,1033,0.0,0.0
2024-07-30 12:00:00+09:00,2520.0,2520.0,2520.0,2520.0,0,0.0,0.0
2024-07-30 12:05:00+09:00,2495.0,2525.0,2495.0,2525.0,429,0.0,0.0
2024-07-30 12:10:00+09:00,2525.0,2525.0,2525.0,2525.0,0,0.0,0.0
2024-07-30 12:15:00+09:00,2500.0,2520.0,2495.0,2520.0,420,0.0,0.0
2024-07-30 12:30:00+09:00,2460.0,2500.0,2455.0,2485.0,5635,0.0,0.0
2024-07-30 12:35:00+09:00,2465.0,2485.0,2465.0,2485.0,70,0.0,0.0
2024-07-30 12:40:00+09:00,2460.0,2485.0,2450.0,2450.0,5507,0.0,0.0
2024-07-30 12:45:00+09:00,2450.0,2475.0,2450.0,2455.0,288,0.0,0.0
2024-07-30 12:50:00+09:00,2470.0,2470.0,2455.0,2455.0,1,0.0,0.0
2024-07-30 12:55:00+09:00,2455.0,2475.0,2435.0,2455.0,7180,0.0,0.0
2024-07-30 13:05:00+09:00,2450.0,2450.0,2450.0,2450.0,73,0.0,0.0
2024-07-30 13:10:00+09:00,2450.0,2455.0,2405.0,2445.0,7426,0.0,0.0
2024-07-30 13:15:00+09:00,2415.0,2450.0,2415.0,2450.0,83,0.0,0.0
2024-07-30 13:20:00+09:00,2420.0,2450.0,2395.0,2410.0,3032,0.0,0.0
2024-07-30 13:25:00+09:00,2410.0,2450.0,2410.0,2450.0,3033,0.0,0.0
2024-07-30 13:30:00+09:00,2430.0,2450.0,2425.0,2440.0,203,0.0,0.0
2024-07-30 13:35:00+09:00,2440.0,2445.0,2440.0,2445.0,595,0.0,0.0
2024-07-30 13:40:00+09:00,2445.0,2445.0,2400.0,2425.0,2111,0.0,0.0
2024-07-30 13:45:00+09:00,2420.0,2420.0,2405.0,2405.0,359,0.0,0.0
2024-07-30 13:50:00+09:00,2405.0,2415.0,2405.0,2415.0,112,0.0,0.0
2024-07-30 13:55:00+09:00,2415.0,2425.0,2415.0,2425.0,91,0.0,0.0
2024-07-30 14:00:00+09:00,2405.0,2425.0,2400.0,2425.0,122,0.0,0.0
2024-07-30 14:05:00+09:00,2425.0,2435.0,2425.0,2435.0,486,0.0,0.0
2024-07-30 14:15:00+09:00,2435.0,2435.0,2435.0,2435.0,0,0.0,0.0
2024-07-30 14:20:00+09:00,2435.0,2435.0,2435.0,2435.0,0,0.0,0.0
2024-07-30 14:35:00+09:00,2430.0,2435.0,2430.0,2435.0,5,0.0,0.0
2024-07-30 14:40:00+09:00,2435.0,2435.0,2400.0,2400.0,1911,0.0,0.0
2024-07-30 14:45:00+09:00,2420.0,2435.0,2420.0,2435.0,113,0.0,0.0
2024-07-30 14:50:00+09:00,2430.0,2435.0,2430.0,2435.0,441,0.0,0.0
2024-07-30 14:55:00+09:00,2435.0,2435.0,2435.0,2435.0,0,0.0,0.0
2024-07-31 09:00:00+09:00,2420.0,2480.0,2420.0,2425.0,49,0.0,0.0
2024-07-31 09:05:00+09:00,2420.0,2450.0,2410.0,2440.0,244,0.0,0.0
2024-07-31 09:10:00+09:00,2405.0,2435.0,2405.0,2435.0,6,0.0,0.0
2024-07-31 09:15:00+09:00,2410.0,2425.0,2400.0,2410.0,4485,0.0,0.0
2024-07-31 09:20:00+09:00,2410.0,2410.0,2400.0,2400.0,109,0.0,0.0
2024-07-31 09:25:00+09:00,2400.0,2405.0,2375.0,2395.0,709,0.0,0.0
2024-07-31 09:30:00+09:00,2395.0,2395.0,2395.0,2395.0,299,0.0,0.0
2024-07-31 09:35:00+09:00,2395.0,2395.0,2380.0,2380.0,366,0.0,0.0
2024-07-31 09:40:00+09:00,2380.0,2400.0,2380.0,2400.0,2445,0.0,0.0
2024-07-31 09:45:00+09:00,2400.0,2400.0,2390.0,2390.0,25,0.0,0.0
2024-07-31 09:50:00+09:00,2385.0,2385.0,2375.0,2375.0,53,0.0,0.0
2024-07-31 09:55:00+09:00,2375.0,2375.0,2375.0,2375.0,3769,0.0,0.0
2024-07-31 10:00:00+09:00,2395.0,2395.0,2395.0,2395.0,0,0.0,0.0
2024-07-31 10:10:00+09:00,2370.0,2395.0,2365.0,2395.0,537,0.0,0.0
2024-07-31 10:15:00+09:00,2390.0,2390.0,2385.0,2385.0,0,0.0,0.0
2024-07-31 10:20:00+09:00,2385.0,2385.0,2380.0,2380.0,71,0.0,0.0
2024-07-31 10:25:00+09:00,2385.0,2385.0,2385.0,2385.0,35,0.0,0.0
2024-07-31 10:35:00+09:00,2380.0,2385.0,2365.0,2385.0,272,0.0,0.0
2024-07-31 10:40:00+09:00,2380.0,2385.0,2380.0,2385.0,31,0.0,0.0
2024-07-31 10:45:00+09:00,2380.0,2380.0,2380.0,2380.0,74,0.0,0.0
2024-07-31 10:50:00+09:00,2380.0,2380.0,2380.0,2380.0,15,0.0,0.0
2024-07-31 10:55:00+09:00,2380.0,2380.0,2375.0,2380.0,1708,0.0,0.0
2024-07-31 11:10:00+09:00,2380.0,2380.0,2380.0,2380.0,0,0.0,0.0
2024-07-31 11:15:00+09:00,2370.0,2380.0,2370.0,2380.0,0,0.0,0.0
2024-07-31 11:25:00+09:00,2380.0,2380.0,2380.0,2380.0,5,0.0,0.0
2024-07-31 11:30:00+09:00,2375.0,2375.0,2375.0,2375.0,39,0.0,0.0
2024-07-31 11:35:00+09:00,2375.0,2375.0,2375.0,2375.0,2,0.0,0.0
2024-07-31 11:45:00+09:00,2370.0,2370.0,2350.0,2350.0,2020,0.0,0.0
2024-07-31 11:50:00+09:00,2350.0,2370.0,2335.0,2335.0,1704,0.0,0.0
2024-07-31 11:55:00+09:00,2355.0,2360.0,2290.0,2350.0,0,0.0,0.0
2024-07-31 12:00:00+09:00,2335.0,2335.0,2335.0,2335.0,21467,0.0,0.0
2024-07-31 12:05:00+09:00,2340.0,2340.0,2330.0,2340.0,169,0.0,0.0
2024-07-31 12:10:00+09:00,2340.0,2340.0,2340.0,2340.0,21,0.0,0.0
2024-07-31 12:15:00+09:00,2340.0,2340.0,2330.0,2330.0,14,0.0,0.0
2024-07-31 12:20:00+09:00,2320.0,2320.0,2315.0,2315.0,18,0.0,0.0
2024-07-31 12:25:00+09:00,2330.0,2330.0,2330.0,2330.0,1,0.0,0.0
2024-07-31 12:30:00+09:00,2330.0,2330.0,2295.0,2295.0,718,0.0,0.0
2024-07-31 12:35:00+09:00,2295.0,2310.0,2280.0,2310.0,2112,0.0,0.0
2024-07-31 12:45:00+09:00,2305.0,2325.0,2305.0,2325.0,490,0.0,0.0
2024-07-31 12:50:00+09:00,2325.0,2325.0,2325.0,2325.0,22,0.0,0.0
2024-07-31 12:55:00+09:00,2325.0,2325.0,2325.0,2325.0,20,0.0,0.0
2024-07-31 13:00:00+09:00,2325.0,2360.0,2325.0,2325.0,653,0.0,0.0
2024-07-31 13:05:00+09:00,2355.0,2360.0,2345.0,2345.0,20,0.0,0.0
2024-07-31 13:10:00+09:00,2360.0,2360.0,2360.0,2360.0,166,0.0,0.0
2024-07-31 13:15:00+09:00,2340.0,2360.0,2340.0,2360.0,0,0.0,0.0
2024-07-31 13:20:00+09:00,2360.0,2360.0,2360.0,2360.0,211,0.0,0.0
2024-07-31 13:25:00+09:00,2355.0,2360.0,2355.0,2360.0,12,0.0,0.0
2024-07-31 13:30:00+09:00,2350.0,2350.0,2340.0,2345.0,634,0.0,0.0
2024-07-31 13:40:00+09:00,2335.0,2345.0,2335.0,2345.0,3,0.0,0.0
2024-07-31 13:45:00+09:00,2345.0,2360.0,2345.0,2360.0,593,0.0,0.0
2024-07-31 13:55:00+09:00,2355.0,2360.0,2350.0,2360.0,465,0.0,0.0
2024-07-31 14:00:00+09:00,2350.0,2360.0,2350.0,2360.0,507,0.0,0.0
2024-07-31 14:05:00+09:00,2350.0,2350.0,2345.0,2350.0,46,0.0,0.0
2024-07-31 14:10:00+09:00,2340.0,2340.0,2320.0,2320.0,888,0.0,0.0
2024-07-31 14:15:00+09:00,2320.0,2325.0,2315.0,2315.0,398,0.0,0.0
2024-07-31 14:20:00+09:00,2315.0,2315.0,2315.0,2315.0,302,0.0,0.0
2024-07-31 14:25:00+09:00,2315.0,2330.0,2310.0,2330.0,1584,0.0,0.0
2024-07-31 14:30:00+09:00,2315.0,2325.0,2315.0,2325.0,448,0.0,0.0
2024-07-31 14:35:00+09:00,2320.0,2320.0,2320.0,2320.0,19,0.0,0.0
2024-07-31 14:40:00+09:00,2320.0,2320.0,2320.0,2320.0,3,0.0,0.0
2024-07-31 14:45:00+09:00,2320.0,2430.0,2320.0,2420.0,35357,0.0,0.0
2024-07-31 14:50:00+09:00,2420.0,2420.0,2360.0,2365.0,6615,0.0,0.0
2024-07-31 14:55:00+09:00,2355.0,2370.0,2355.0,2360.0,1276,0.0,0.0
2024-08-01 09:00:00+09:00,2425.0,2425.0,2370.0,2370.0,117,0.0,0.0
2024-08-01 09:05:00+09:00,2400.0,2400.0,2375.0,2375.0,23,0.0,0.0
2024-08-01 09:10:00+09:00,2385.0,2390.0,2370.0,2390.0,1078,0.0,0.0
2024-08-01 09:15:00+09:00,2390.0,2390.0,2375.0,2385.0,0,0.0,0.0
2024-08-01 09:20:00+09:00,2375.0,2380.0,2370.0,2375.0,0,0.0,0.0
2024-08-01 09:25:00+09:00,2380.0,2380.0,2380.0,2380.0,41,0.0,0.0
2024-08-01 09:30:00+09:00,2385.0,2385.0,2370.0,2370.0,421,0.0,0.0
2024-08-01 09:35:00+09:00,2375.0,2385.0,2350.0,2385.0,2547,0.0,0.0
2024-08-01 09:40:00+09:00,2370.0,2370.0,2370.0,2370.0,7,0.0,0.0
2024-08-01 09:45:00+09:00,2375.0,2385.0,2370.0,2375.0,69,0.0,0.0
2024-08-01 09:50:00+09:00,2380.0,2380.0,2350.0,2350.0,2066,0.0,0.0
2024-08-01 09:55:00+09:00,2380.0,2380.0,2380.0,2380.0,0,0.0,0.0
2024-08-01 10:00:00+09:00,2375.0,2425.0,2350.0,2385.0,2840,0.0,0.0
2024-08-01 10:05:00+09:00,2365.0,2380.0,2365.0,2380.0,5,0.0,0.0
2024-08-01 10:20:00+09:00,2350.0,2380.0,2350.0,2380.0,13,0.0,0.0
2024-08-01 10:25:00+09:00,2350.0,2380.0,2350.0,2380.0,167,0.0,0.0
2024-08-01 10:40:00+09:00,2375.0,2375.0,2375.0,2375.0,3,0.0,0.0
2024-08-01 10:50:00+09:00,2365.0,2365.0,2350.0,2350.0,32,0.0,0.0
2024-08-01 10:55:00+09:00,2375.0,2375.0,2375.0,2375.0,0,0.0,0.0
2024-08-01 11:00:00+09:00,2360.0,2375.0,2350.0,2375.0,15,0.0,0.0
2024-08-01 11:05:00+09:00,2350.0,2350.0,2350.0,2350.0,1050,0.0,0.0
2024-08-01 11:10:00+09:00,2365.0,2365.0,2345.0,2365.0,0,0.0,0.0
2024-08-01 11:15:00+09:00,2345.0,2395.0,2345.0,2360.0,1340,0.0,0.0
2024-08-01 11:20:00+09:00,2355.0,2360.0,2340.0,2355.0,3336,0.0,0.0
2024-08-01 11:25:00+09:00,2355.0,2355.0,2355.0,2355.0,1,0.0,0.0
2024-08-01 11:30:00+09:00,2355.0,2355.0,2355.0,2355.0,73,0.0,0.0
2024-08-01 11:35:00+09:00,2355.0,2355.0,2355.0,2355.0,968,0.0,0.0
2024-08-01 11:40:00+09:00,2355.0,2370.0,2355.0,2370.0,0,0.0,0.0
2024-08-01 11:50:00+09:00,2370.0,2370.0,2370.0,2370.0,8,0.0,0.0
2024-08-01 11:55:00+09:00,2370.0,2370.0,2370.0,2370.0,0,0.0,0.0
2024-08-01 12:00:00+09:00,2365.0,2365.0,2365.0,2365.0,59,0.0,0.0
2024-08-01 12:05:00+09:00,2360.0,2365.0,2335.0,2345.0,2313,0.0,0.0
2024-08-01 12:10:00+09:00,2345.0,2355.0,2345.0,2355.0,5,0.0,0.0
2024-08-01 12:15:00+09:00,2340.0,2355.0,2330.0,2355.0,126,0.0,0.0
2024-08-01 12:20:00+09:00,2340.0,2340.0,2330.0,2335.0,2328,0.0,0.0
2024-08-01 12:30:00+09:00,2350.0,2355.0,2340.0,2340.0,0,0.0,0.0
2024-08-01 12:35:00+09:00,2340.0,2355.0,2330.0,2355.0,1089,0.0,0.0
2024-08-01 12:40:00+09:00,2340.0,2355.0,2340.0,2355.0,8,0.0,0.0
2024-08-01 12:45:00+09:00,2340.0,2355.0,2340.0,2340.0,15,0.0,0.0
2024-08-01 12:50:00+09:00,2350.0,2355.0,2340.0,2355.0,20,0.0,0.0
2024-08-01 12:55:00+09:00,2340.0,2355.0,2340.0,2350.0,17,0.0,0.0
2024-08-01 13:05:00+09:00,2350.0,2350.0,2350.0,2350.0,1,0.0,0.0
2024-08-01 13:10:00+09:00,2350.0,2350.0,2350.0,2350.0,3,0.0,0.0
2024-08-01 13:15:00+09:00,2345.0,2350.0,2345.0,2345.0,846,0.0,0.0
2024-08-01 13:20:00+09:00,2350.0,2350.0,2350.0,2350.0,2,0.0,0.0
2024-08-01 13:30:00+09:00,2345.0,2345.0,2335.0,2335.0,2165,0.0,0.0
2024-08-01 13:35:00+09:00,2335.0,2340.0,2335.0,2340.0,0,0.0,0.0
2024-08-01 13:45:00+09:00,2340.0,2345.0,2340.0,2345.0,76,0.0,0.0
2024-08-01 13:50:00+09:00,2345.0,2345.0,2345.0,2345.0,2,0.0,0.0
2024-08-01 13:55:00+09:00,2345.0,2425.0,2345.0,2425.0,28128,0.0,0.0
2024-08-01 14:00:00+09:00,2420.0,2425.0,2405.0,2405.0,10034,0.0,0.0
2024-08-01 14:05:00+09:00,2420.0,2420.0,2405.0,2415.0,144,0.0,0.0
2024-08-01 14:10:00+09:00,2410.0,2420.0,2375.0,2390.0,6067,0.0,0.0
2024-08-01 14:15:00+09:00,2395.0,2395.0,2390.0,2395.0,242,0.0,0.0
2024-08-01 14:20:00+09:00,2395.0,2400.0,2395.0,2400.0,173,0.0,0.0
2024-08-01 14:25:00+09:00,2400.0,2410.0,2400.0,2410.0,0,0.0,0.0
2024-08-01 14:30:00+09:00,2410.0,2425.0,2410.0,2425.0,2402,0.0,0.0
2024-08-01 14:35:00+09:00,2435.0,2435.0,2415.0,2415.0,605,0.0,0.0
2024-08-01 14:40:00+09:00,2435.0,2435.0,2410.0,2435.0,2499,0.0,0.0
2024-08-01 14:45:00+09:00,2405.0,2435.0,2405.0,2430.0,818,0.0,0.0
2024-08-02 09:00:00+09:00,2340.0,2385.0,2340.0,2385.0,124,0.0,0.0
2024-08-02 09:10:00+09:00,2380.0,2380.0,2350.0,2380.0,161,0.0,0.0
2024-08-02 09:15:00+09:00,2360.0,2380.0,2360.0,2375.0,178,0.0,0.0
2024-08-02 09:20:00+09:00,2355.0,2365.0,2340.0,2365.0,121,0.0,0.0
2024-08-02 09:25:00+09:00,2365.0,2370.0,2340.0,2370.0,30,0.0,0.0
2024-08-02 09:30:00+09:00,2370.0,2370.0,2360.0,2370.0,848,0.0,0.0
2024-08-02 09:35:00+09:00,2370.0,2370.0,2370.0,2370.0,20,0.0,0.0
2024-08-02 09:50:00+09:00,2370.0,2370.0,2370.0,2370.0,590,0.0,0.0
2024-08-02 10:00:00+09:00,2360.0,2370.0,2360.0,2370.0,0,0.0,0.0
2024-08-02 10:05:00+09:00,2350.0,2370.0,2350.0,2370.0,10,0.0,0.0
2024-08-02 10:10:00+09:00,2360.0,2360.0,2340.0,2360.0,394,0.0,0.0
2024-08-02 10:15:00+09:00,2355.0,2355.0,2355.0,2355.0,96,0.0,0.0
2024-08-02 10:20:00+09:00,2350.0,2355.0,2350.0,2355.0,11,0.0,0.0
2024-08-02 10:25:00+09:00,2355.0,2355.0,2350.0,2350.0,77,0.0,0.0
2024-08-02 10:30:00+09:00,2340.0,2350.0,2340.0,2350.0,0,0.0,0.0
2024-08-02 10:35:00+09:00,2350.0,2350.0,2350.0,2350.0,1,0.0,0.0
2024-08-02 10:40:00+09:00,2345.0,2345.0,2330.0,2330.0,1299,0.0,0.0
2024-08-02 10:45:00+09:00,2330.0,2345.0,2320.0,2320.0,74,0.0,0.0
2024-08-02 10:50:00+09:00,2345.0,2350.0,2320.0,2345.0,498,0.0,0.0
2024-08-02 10:55:00+09:00,2330.0,2345.0,2310.0,2345.0,760,0.0,0.0
2024-08-02 11:05:00+09:00,2315.0,2315.0,2310.0,2310.0,1191,0.0,0.0
2024-08-02 11:10:00+09:00,2320.0,2320.0,2310.0,2320.0,0,0.0,0.0
2024-08-02 11:15:00+09:00,2320.0,2325.0,2320.0,2325.0,56,0.0,0.0
2024-08-02 11:30:00+09:00,2325.0,2325.0,2325.0,2325.0,34,0.0,0.0
2024-08-02 11:35:00+09:00,2325.0,2325.0,2325.0,2325.0,3,0.0,0.0
2024-08-02 11:40:00+09:00,2325.0,2325.0,2325.0,2325.0,7,0.0,0.0
2024-08-02 11:50:00+09:00,2320.0,2325.0,2300.0,2300.0,1833,0.0,0.0
2024-08-02 11:55:00+09:00,2325.0,2325.0,2300.0,2320.0,253,0.0,0.0
2024-08-02 12:15:00+09:00,2305.0,2320.0,2305.0,2320.0,4,0.0,0.0
2024-08-02 12:20:00+09:00,2320.0,2320.0,2320.0,2320.0,1,0.0,0.0
2024-08-02 12:30:00+09:00,2310.0,2310.0,2300.0,2300.0,1995,0.0,0.0
2024-08-02 12:35:00+09:00,2320.0,2320.0,2320.0,2320.0,0,0.0,0.0
2024-08-02 13:00:00+09:00,2310.0,2320.0,2310.0,2320.0,11,0.0,0.0
2024-08-02 13:05:00+09:00,2305.0,2305.0,2305.0,2305.0,2,0.0,0.0
2024-08-02 13:10:00+09:00,2320.0,2320.0,2320.0,2320.0,1,0.0,0.0
2024-08-02 13:25:00+09:00,2310.0,2320.0,2300.0,2300.0,1186,0.0,0.0
2024-08-02 13:30:00+09:00,2320.0,2320.0,2320.0,2320.0,0,0.0,0.0
2024-08-02 13:35:00+09:00,2320.0,2320.0,2320.0,2320.0,2,0.0,0.0
2024-08-02 13:50:00+09:00,2305.0,2320.0,2305.0,2320.0,5,0.0,0.0
2024-08-02 14:00:00+09:00,2320.0,2320.0,2320.0,2320.0,280,0.0,0.0
2024-08-02 14:10:00+09:00,2320.0,2320.0,2320.0,2320.0,0,0.0,0.0
2024-08-02 14:15:00+09:00,2320.0,2340.0,2320.0,2340.0,552,0.0,0.0
2024-08-02 14:25:00+09:00,2340.0,2340.0,2320.0,2320.0,301,0.0,0.0
2024-08-02 14:30:00+09:00,2315.0,2315.0,2300.0,2300.0,1907,0.0,0.0
2024-08-02 14:35:00+09:00,2335.0,2335.0,2305.0,2305.0,120,0.0,0.0
2024-08-02 14:40:00+09:00,2330.0,2335.0,2300.0,2325.0,341,0.0,0.0
2024-08-02 14:50:00+09:00,2325.0,2335.0,2300.0,2335.0,218,0.0,0.0
2024-08-02 14:55:00+09:00,2305.0,2325.0,2300.0,2325.0,261,0.0,0.0
