Datetime,Open,High,Low,Close,Volume,Dividends,Stock Splits
2024-06-10 09:30:00-04:00,3.9000000953674316,3.930000066757202,3.9000000953674316,3.930000066757202,3046,0.0,0.0
2024-06-10 09:31:00-04:00,3.950000047683716,4.090000152587891,3.9045000076293945,4.090000152587891,1236,0.0,0.0
2024-06-10 09:33:00-04:00,4.050000190734863,4.119999885559082,4.050000190734863,4.119999885559082,17123,0.0,0.0
2024-06-10 09:34:00-04:00,4.119999885559082,4.199900150299072,4.119999885559082,4.199900150299072,1358,0.0,0.0
2024-06-10 09:35:00-04:00,4.119999885559082,4.184100151062012,4.099999904632568,4.184100151062012,2201,0.0,0.0
2024-06-10 09:36:00-04:00,4.159999847412109,4.199900150299072,4.159999847412109,4.199900150299072,387,0.0,0.0
2024-06-10 09:37:00-04:00,4.119999885559082,4.199999809265137,4.119999885559082,4.170000076293945,2786,0.0,0.0
2024-06-10 09:38:00-04:00,4.198999881744385,4.198999881744385,4.197999954223633,4.197999954223633,271,0.0,0.0
2024-06-10 09:39:00-04:00,4.179999828338623,4.179999828338623,4.179999828338623,4.179999828338623,175,0.0,0.0
2024-06-10 09:41:00-04:00,4.150000095367432,4.150000095367432,4.150000095367432,4.150000095367432,200,0.0,0.0
2024-06-10 09:42:00-04:00,4.139999866485596,4.139999866485596,4.119999885559082,4.119999885559082,1715,0.0,0.0
2024-06-10 09:43:00-04:00,4.119999885559082,4.130000114440918,4.119999885559082,4.130000114440918,5674,0.0,0.0
2024-06-10 09:44:00-04:00,4.119999885559082,4.119999885559082,4.119999885559082,4.119999885559082,7500,0.0,0.0
2024-06-10 09:45:00-04:00,4.170000076293945,4.170000076293945,4.1296000480651855,4.1296000480651855,2288,0.0,0.0
2024-06-10 09:47:00-04:00,4.169899940490723,4.169899940490723,4.130000114440918,4.130000114440918,2766,0.0,0.0
2024-06-10 09:48:00-04:00,4.153800010681152,4.153800010681152,4.153800010681152,4.153800010681152,38,0.0,0.0
2024-06-10 09:49:00-04:00,4.130000114440918,4.130000114440918,4.119999885559082,4.119999885559082,310,0.0,0.0
2024-06-10 09:51:00-04:00,4.130000114440918,4.130000114440918,4.130000114440918,4.130000114440918,300,0.0,0.0
2024-06-10 09:52:00-04:00,4.179999828338623,4.179999828338623,4.170000076293945,4.170000076293945,325,0.0,0.0
2024-06-10 09:53:00-04:00,4.179900169372559,4.179999828338623,4.179900169372559,4.179999828338623,800,0.0,0.0
2024-06-10 09:54:00-04:00,4.179999828338623,4.260000228881836,4.170000076293945,4.260000228881836,7765,0.0,0.0
2024-06-10 09:55:00-04:00,4.26639986038208,4.380000114440918,4.260000228881836,4.320000171661377,4833,0.0,0.0
2024-06-10 09:56:00-04:00,4.399899959564209,4.399899959564209,4.260000228881836,4.361800193786621,3724,0.0,0.0
2024-06-10 09:57:00-04:00,4.398900032043457,4.398900032043457,4.199999809265137,4.199999809265137,2028,0.0,0.0
2024-06-10 10:01:00-04:00,4.269999980926514,4.269999980926514,4.269999980926514,4.269999980926514,234,0.0,0.0
2024-06-10 10:02:00-04:00,4.269999980926514,4.269999980926514,4.269999980926514,4.269999980926514,2096,0.0,0.0
2024-06-10 10:03:00-04:00,4.28000020980835,4.28000020980835,4.28000020980835,4.28000020980835,599,0.0,0.0
2024-06-10 10:07:00-04:00,4.269800186157227,4.269800186157227,4.269800186157227,4.269800186157227,244,0.0,0.0
2024-06-10 10:11:00-04:00,4.239999771118164,4.239999771118164,4.239999771118164,4.239999771118164,6109,0.0,0.0
2024-06-10 10:13:00-04:00,4.184999942779541,4.184999942779541,4.184999942779541,4.184999942779541,212,0.0,0.0
2024-06-10 10:18:00-04:00,4.200099945068359,4.200099945068359,4.150000095367432,4.150000095367432,2272,0.0,0.0
2024-06-10 10:19:00-04:00,4.2230000495910645,4.2230000495910645,4.2230000495910645,4.2230000495910645,3300,0.0,0.0
2024-06-10 10:21:00-04:00,4.16949987411499,4.16949987411499,4.16949987411499,4.16949987411499,0,0.0,0.0
2024-06-10 10:25:00-04:00,4.226399898529053,4.226399898529053,4.226399898529053,4.226399898529053,212,0.0,0.0
2024-06-10 10:29:00-04:00,4.229000091552734,4.230000019073486,4.229000091552734,4.230000019073486,800,0.0,0.0
2024-06-10 10:30:00-04:00,4.239999771118164,4.276400089263916,4.239999771118164,4.276400089263916,2487,0.0,0.0
2024-06-10 10:33:00-04:00,4.269999980926514,4.300000190734863,4.255000114440918,4.255000114440918,5261,0.0,0.0
2024-06-10 10:34:00-04:00,4.232600212097168,4.292799949645996,4.232600212097168,4.292799949645996,3320,0.0,0.0
2024-06-10 10:36:00-04:00,4.28000020980835,4.28000020980835,4.230100154876709,4.230100154876709,2342,0.0,0.0
2024-06-10 10:38:00-04:00,4.239999771118164,4.239999771118164,4.230000019073486,4.230100154876709,1110,0.0,0.0
2024-06-10 10:39:00-04:00,4.264999866485596,4.264999866485596,4.264999866485596,4.264999866485596,567,0.0,0.0
2024-06-10 10:40:00-04:00,4.230000019073486,4.230000019073486,4.170000076293945,4.170000076293945,2184,0.0,0.0
2024-06-10 10:42:00-04:00,4.260000228881836,4.260000228881836,4.260000228881836,4.260000228881836,200,0.0,0.0
2024-06-10 10:43:00-04:00,4.2881999015808105,4.2881999015808105,4.2881999015808105,4.2881999015808105,372,0.0,0.0
2024-06-10 10:44:00-04:00,4.260000228881836,4.260000228881836,4.260000228881836,4.260000228881836,192,0.0,0.0
2024-06-10 10:48:00-04:00,4.257999897003174,4.257999897003174,4.257999897003174,4.257999897003174,424,0.0,0.0
2024-06-10 10:50:00-04:00,4.210000038146973,4.270100116729736,4.210000038146973,4.210000038146973,1847,0.0,0.0
2024-06-10 11:02:00-04:00,4.288000106811523,4.288000106811523,4.288000106811523,4.288000106811523,2871,0.0,0.0
2024-06-10 11:05:00-04:00,4.284999847412109,4.284999847412109,4.284999847412109,4.284999847412109,1267,0.0,0.0
2024-06-10 11:09:00-04:00,4.377699851989746,4.380000114440918,4.314199924468994,4.314199924468994,1320,0.0,0.0
2024-06-10 11:12:00-04:00,4.34499979019165,4.34499979019165,4.34499979019165,4.34499979019165,200,0.0,0.0
2024-06-10 11:13:00-04:00,4.340000152587891,4.340000152587891,4.340000152587891,4.340000152587891,1175,0.0,0.0
2024-06-10 11:14:00-04:00,4.380000114440918,4.400700092315674,4.380000114440918,4.400000095367432,1757,0.0,0.0
2024-06-10 11:15:00-04:00,4.4096999168396,4.409800052642822,4.355000019073486,4.355000019073486,4557,0.0,0.0
2024-06-10 11:16:00-04:00,4.40500020980835,4.40500020980835,4.300099849700928,4.400000095367432,977,0.0,0.0
2024-06-10 11:17:00-04:00,4.409999847412109,4.409999847412109,4.409999847412109,4.409999847412109,64,0.0,0.0
2024-06-10 11:18:00-04:00,4.465000152587891,4.46999979019165,4.309999942779541,4.309999942779541,2068,0.0,0.0
2024-06-10 11:20:00-04:00,4.320000171661377,4.320000171661377,4.320000171661377,4.320000171661377,222,0.0,0.0
2024-06-10 11:22:00-04:00,4.34499979019165,4.34499979019165,4.34499979019165,4.34499979019165,1798,0.0,0.0
2024-06-10 11:25:00-04:00,4.314300060272217,4.314300060272217,4.314300060272217,4.314300060272217,0,0.0,0.0
2024-06-10 11:27:00-04:00,4.389900207519531,4.389900207519531,4.389900207519531,4.389900207519531,101,0.0,0.0
2024-06-10 11:29:00-04:00,4.3850998878479,4.3850998878479,4.3850998878479,4.3850998878479,433,0.0,0.0
2024-06-10 11:30:00-04:00,4.389999866485596,4.389999866485596,4.389999866485596,4.389999866485596,374,0.0,0.0
2024-06-10 11:35:00-04:00,4.429900169372559,4.429900169372559,4.370100021362305,4.370100021362305,1439,0.0,0.0
2024-06-10 11:37:00-04:00,4.29010009765625,4.29010009765625,4.29010009765625,4.29010009765625,2601,0.0,0.0
2024-06-10 11:39:00-04:00,4.320000171661377,4.369900226593018,4.320000171661377,4.369900226593018,1182,0.0,0.0
2024-06-10 11:45:00-04:00,4.323800086975098,4.335000038146973,4.323800086975098,4.323800086975098,2137,0.0,0.0
2024-06-10 11:49:00-04:00,4.369200229644775,4.369200229644775,4.369200229644775,4.369200229644775,6015,0.0,0.0
2024-06-10 11:51:00-04:00,4.360000133514404,4.369999885559082,4.349999904632568,4.360000133514404,18393,0.0,0.0
2024-06-10 11:52:00-04:00,4.400000095367432,4.422500133514404,4.373700141906738,4.373700141906738,1842,0.0,0.0
2024-06-10 11:56:00-04:00,4.404699802398682,4.420000076293945,4.404699802398682,4.420000076293945,3000,0.0,0.0
2024-06-10 11:57:00-04:00,4.419899940490723,4.419899940490723,4.403600215911865,4.403600215911865,6000,0.0,0.0
2024-06-10 11:58:00-04:00,4.409999847412109,4.409999847412109,4.4096999168396,4.4096999168396,0,0.0,0.0
2024-06-10 11:59:00-04:00,4.409999847412109,4.409999847412109,4.409999847412109,4.409999847412109,700,0.0,0.0
2024-06-10 12:01:00-04:00,4.425000190734863,4.429999828338623,4.425000190734863,4.429999828338623,1926,0.0,0.0
2024-06-10 12:02:00-04:00,4.429999828338623,4.429999828338623,4.429999828338623,4.429999828338623,198,0.0,0.0
2024-06-10 12:05:00-04:00,4.420100212097168,4.420100212097168,4.369999885559082,4.369999885559082,2625,0.0,0.0
2024-06-10 12:06:00-04:00,4.369999885559082,4.369999885559082,4.349999904632568,4.349999904632568,1498,0.0,0.0
2024-06-10 12:07:00-04:00,4.349999904632568,4.349999904632568,4.349999904632568,4.349999904632568,103,0.0,0.0
2024-06-10 12:08:00-04:00,4.349999904632568,4.349999904632568,4.230000019073486,4.230000019073486,6290,0.0,0.0
2024-06-10 12:11:00-04:00,4.210599899291992,4.21999979019165,4.210599899291992,4.21999979019165,1900,0.0,0.0
2024-06-10 12:13:00-04:00,4.260000228881836,4.269999980926514,4.260000228881836,4.269999980926514,404,0.0,0.0
2024-06-10 12:14:00-04:00,4.317200183868408,4.317200183868408,4.317200183868408,4.317200183868408,642,0.0,0.0
2024-06-10 12:15:00-04:00,4.349800109863281,4.349800109863281,4.349800109863281,4.349800109863281,0,0.0,0.0
2024-06-10 12:39:00-04:00,4.418600082397461,4.418600082397461,4.418600082397461,4.418600082397461,1029,0.0,0.0
2024-06-10 12:44:00-04:00,4.355000019073486,4.355000019073486,4.355000019073486,4.355000019073486,262,0.0,0.0
2024-06-10 12:51:00-04:00,4.409900188446045,4.409900188446045,4.409900188446045,4.409900188446045,629,0.0,0.0
2024-06-10 12:54:00-04:00,4.380000114440918,4.3856000900268555,4.380000114440918,4.3856000900268555,1006,0.0,0.0
2024-06-10 12:55:00-04:00,4.385000228881836,4.389900207519531,4.385000228881836,4.389900207519531,3300,0.0,0.0
2024-06-10 12:56:00-04:00,4.385000228881836,4.385000228881836,4.385000228881836,4.385000228881836,0,0.0,0.0
2024-06-10 13:06:00-04:00,4.380099773406982,4.380099773406982,4.380099773406982,4.380099773406982,1426,0.0,0.0
2024-06-10 13:07:00-04:00,4.300000190734863,4.300099849700928,4.300000190734863,4.300000190734863,588,0.0,0.0
2024-06-10 13:19:00-04:00,4.289999961853027,4.289999961853027,4.289999961853027,4.289999961853027,158,0.0,0.0
2024-06-10 13:23:00-04:00,4.29010009765625,4.29010009765625,4.29010009765625,4.29010009765625,200,0.0,0.0
2024-06-10 13:24:00-04:00,4.300000190734863,4.300000190734863,4.295000076293945,4.295000076293945,1249,0.0,0.0
2024-06-10 13:51:00-04:00,4.289899826049805,4.289899826049805,4.289899826049805,4.289899826049805,3210,0.0,0.0
2024-06-10 13:59:00-04:00,4.281099796295166,4.281099796295166,4.281099796295166,4.281099796295166,200,0.0,0.0
2024-06-10 14:00:00-04:00,4.289000034332275,4.289000034332275,4.289000034332275,4.289000034332275,55,0.0,0.0
2024-06-10 14:07:00-04:00,4.284999847412109,4.284999847412109,4.199999809265137,4.199999809265137,4525,0.0,0.0
2024-06-10 14:08:00-04:00,4.139999866485596,4.139999866485596,4.03000020980835,4.03000020980835,1678,0.0,0.0
2024-06-10 14:09:00-04:00,4.079999923706055,4.079999923706055,4.079999923706055,4.079999923706055,297,0.0,0.0
2024-06-10 14:11:00-04:00,4.036600112915039,4.036600112915039,4.036600112915039,4.036600112915039,234,0.0,0.0
2024-06-10 14:12:00-04:00,4.105000019073486,4.179999828338623,4.105000019073486,4.139999866485596,1793,0.0,0.0
2024-06-10 14:14:00-04:00,4.279300212860107,4.28879976272583,4.279300212860107,4.28879976272583,696,0.0,0.0
2024-06-10 14:17:00-04:00,4.241300106048584,4.241300106048584,4.227399826049805,4.227399826049805,1908,0.0,0.0
2024-06-10 14:22:00-04:00,4.182199954986572,4.210000038146973,4.182199954986572,4.210000038146973,869,0.0,0.0
2024-06-10 14:44:00-04:00,4.244999885559082,4.27839994430542,4.244999885559082,4.27839994430542,2005,0.0,0.0
2024-06-10 14:49:00-04:00,4.265200138092041,4.265200138092041,4.265200138092041,4.265200138092041,402,0.0,0.0
2024-06-10 14:50:00-04:00,4.232500076293945,4.232500076293945,4.232500076293945,4.232500076293945,256,0.0,0.0
2024-06-10 14:54:00-04:00,4.217299938201904,4.259200096130371,4.217299938201904,4.259200096130371,317,0.0,0.0
2024-06-10 15:02:00-04:00,4.256499767303467,4.256499767303467,4.256499767303467,4.256499767303467,685,0.0,0.0
2024-06-10 15:04:00-04:00,4.235000133514404,4.235000133514404,4.235000133514404,4.235000133514404,200,0.0,0.0
2024-06-10 15:06:00-04:00,4.257999897003174,4.28000020980835,4.235000133514404,4.260000228881836,2600,0.0,0.0
2024-06-10 15:10:00-04:00,4.25,4.25,4.25,4.25,60,0.0,0.0
2024-06-10 15:18:00-04:00,4.210100173950195,4.210100173950195,4.210100173950195,4.210100173950195,6140,0.0,0.0
2024-06-10 15:20:00-04:00,4.235499858856201,4.235499858856201,4.210000038146973,4.210000038146973,0,0.0,0.0
2024-06-10 15:23:00-04:00,4.20989990234375,4.20989990234375,4.20989990234375,4.20989990234375,161,0.0,0.0
2024-06-10 15:24:00-04:00,4.119999885559082,4.119999885559082,4.111199855804443,4.111199855804443,600,0.0,0.0
2024-06-10 15:25:00-04:00,4.15910005569458,4.15910005569458,4.15910005569458,4.15910005569458,0,0.0,0.0
2024-06-10 15:31:00-04:00,4.128699779510498,4.128699779510498,4.079999923706055,4.079999923706055,365,0.0,0.0
2024-06-10 15:36:00-04:00,4.125,4.125,4.110000133514404,4.110000133514404,543,0.0,0.0
2024-06-10 15:38:00-04:00,4.130300045013428,4.130300045013428,4.130300045013428,4.130300045013428,150,0.0,0.0
2024-06-10 15:42:00-04:00,4.079999923706055,4.079999923706055,4.079999923706055,4.079999923706055,400,0.0,0.0
2024-06-10 15:43:00-04:00,4.139900207519531,4.139900207519531,4.139900207519531,4.139900207519531,1734,0.0,0.0
2024-06-10 15:45:00-04:00,4.110099792480469,4.139999866485596,4.110099792480469,4.139999866485596,1564,0.0,0.0
2024-06-10 15:50:00-04:00,4.134099960327148,4.134099960327148,4.134099960327148,4.134099960327148,277,0.0,0.0
2024-06-10 15:54:00-04:00,4.13730001449585,4.13730001449585,4.13730001449585,4.13730001449585,1284,0.0,0.0
2024-06-10 15:56:00-04:00,4.128600120544434,4.130000114440918,4.128600120544434,4.130000114440918,894,0.0,0.0
2024-06-10 15:58:00-04:00,4.159999847412109,4.199999809265137,4.150000095367432,4.199999809265137,1170,0.0,0.0
2024-06-10 15:59:00-04:00,4.199999809265137,4.199999809265137,4.179999828338623,4.190000057220459,893,0.0,0.0
2024-06-11 09:30:00-04:00,4.179999828338623,4.190000057220459,4.100100040435791,4.111999988555908,4741,0.0,0.0
2024-06-11 09:31:00-04:00,4.168600082397461,4.168600082397461,4.168600082397461,4.168600082397461,0,0.0,0.0
2024-06-11 09:35:00-04:00,4.159999847412109,4.199999809265137,4.159999847412109,4.199999809265137,1480,0.0,0.0
2024-06-11 09:36:00-04:00,4.25,4.25,4.25,4.25,223,0.0,0.0
2024-06-11 09:37:00-04:00,4.215000152587891,4.215000152587891,4.215000152587891,4.215000152587891,980,0.0,0.0
2024-06-11 09:41:00-04:00,4.239999771118164,4.239999771118164,4.239999771118164,4.239999771118164,200,0.0,0.0
2024-06-11 09:43:00-04:00,4.289999961853027,4.289999961853027,4.289999961853027,4.289999961853027,582,0.0,0.0
2024-06-11 09:44:00-04:00,4.300000190734863,4.300000190734863,4.300000190734863,4.300000190734863,0,0.0,0.0
2024-06-11 09:51:00-04:00,4.264999866485596,4.300000190734863,4.264999866485596,4.266200065612793,2300,0.0,0.0
2024-06-11 09:54:00-04:00,4.28000020980835,4.28000020980835,4.277299880981445,4.277299880981445,1900,0.0,0.0
2024-06-11 09:56:00-04:00,4.286499977111816,4.286499977111816,4.25,4.25,0,0.0,0.0
2024-06-11 09:57:00-04:00,4.239999771118164,4.239999771118164,4.239999771118164,4.239999771118164,55,0.0,0.0
2024-06-11 10:01:00-04:00,4.25,4.25,4.25,4.25,121,0.0,0.0
2024-06-11 10:02:00-04:00,4.25,4.25,4.25,4.25,2152,0.0,0.0
2024-06-11 10:06:00-04:00,4.199999809265137,4.199999809265137,4.199999809265137,4.199999809265137,2000,0.0,0.0
2024-06-11 10:07:00-04:00,4.264999866485596,4.289999961853027,4.264999866485596,4.289700031280518,223,0.0,0.0
2024-06-11 10:08:00-04:00,4.26800012588501,4.26800012588501,4.26800012588501,4.26800012588501,3900,0.0,0.0
2024-06-11 10:10:00-04:00,4.235000133514404,4.235000133514404,4.199999809265137,4.199999809265137,0,0.0,0.0
2024-06-11 10:11:00-04:00,4.199999809265137,4.199999809265137,4.199999809265137,4.199999809265137,332,0.0,0.0
2024-06-11 10:17:00-04:00,4.269999980926514,4.28000020980835,4.269999980926514,4.28000020980835,2009,0.0,0.0
2024-06-11 10:20:00-04:00,4.25,4.25,4.25,4.25,194,0.0,0.0
2024-06-11 10:26:00-04:00,4.28000020980835,4.28000020980835,4.28000020980835,4.28000020980835,230,0.0,0.0
2024-06-11 10:31:00-04:00,4.279900074005127,4.279900074005127,4.279900074005127,4.279900074005127,1381,0.0,0.0
2024-06-11 10:33:00-04:00,4.28000020980835,4.28000020980835,4.28000020980835,4.28000020980835,204,0.0,0.0
2024-06-11 10:34:00-04:00,4.28000020980835,4.300000190734863,4.28000020980835,4.300000190734863,7984,0.0,0.0
2024-06-11 10:35:00-04:00,4.400000095367432,4.400000095367432,4.400000095367432,4.400000095367432,1700,0.0,0.0
2024-06-11 10:36:00-04:00,4.429999828338623,4.449999809265137,4.400000095367432,4.400000095367432,1210,0.0,0.0
2024-06-11 10:37:00-04:00,4.440000057220459,4.5,4.440000057220459,4.489999771118164,5086,0.0,0.0
2024-06-11 10:39:00-04:00,4.489999771118164,4.489999771118164,4.489999771118164,4.489999771118164,517,0.0,0.0
2024-06-11 10:41:00-04:00,4.489999771118164,4.489999771118164,4.489999771118164,4.489999771118164,1445,0.0,0.0
2024-06-11 10:42:00-04:00,4.480500221252441,4.480500221252441,4.480500221252441,4.480500221252441,3217,0.0,0.0
2024-06-11 10:44:00-04:00,4.425000190734863,4.425000190734863,4.369999885559082,4.369999885559082,1473,0.0,0.0
2024-06-11 10:46:00-04:00,4.370100021362305,4.3730998039245605,4.370100021362305,4.3730998039245605,814,0.0,0.0
2024-06-11 10:54:00-04:00,4.360000133514404,4.360000133514404,4.360000133514404,4.360000133514404,4407,0.0,0.0
2024-06-11 10:56:00-04:00,4.269199848175049,4.269199848175049,4.269199848175049,4.269199848175049,210,0.0,0.0
2024-06-11 10:58:00-04:00,4.304999828338623,4.304999828338623,4.304999828338623,4.304999828338623,3845,0.0,0.0
2024-06-11 11:00:00-04:00,4.304999828338623,4.304999828338623,4.304999828338623,4.304999828338623,0,0.0,0.0
2024-06-11 11:02:00-04:00,4.269999980926514,4.269999980926514,4.269999980926514,4.269999980926514,0,0.0,0.0
2024-06-11 11:05:00-04:00,4.316100120544434,4.360000133514404,4.304999828338623,4.360000133514404,836,0.0,0.0
2024-06-11 11:12:00-04:00,4.34089994430542,4.34089994430542,4.34089994430542,4.34089994430542,643,0.0,0.0
2024-06-11 11:13:00-04:00,4.349999904632568,4.349999904632568,4.349999904632568,4.349999904632568,927,0.0,0.0
2024-06-11 11:23:00-04:00,4.331500053405762,4.331500053405762,4.331500053405762,4.331500053405762,1400,0.0,0.0
2024-06-11 11:33:00-04:00,4.275000095367432,4.275000095367432,4.275000095367432,4.275000095367432,0,0.0,0.0
2024-06-11 11:50:00-04:00,4.299900054931641,4.300000190734863,4.299900054931641,4.300000190734863,1150,0.0,0.0
2024-06-11 11:57:00-04:00,4.355500221252441,4.355500221252441,4.355500221252441,4.355500221252441,1825,0.0,0.0
2024-06-11 12:00:00-04:00,4.320000171661377,4.329999923706055,4.320000171661377,4.329999923706055,803,0.0,0.0
2024-06-11 12:01:00-04:00,4.307700157165527,4.329999923706055,4.307700157165527,4.329999923706055,1941,0.0,0.0
2024-06-11 12:02:00-04:00,4.335899829864502,4.349100112915039,4.335899829864502,4.349100112915039,1339,0.0,0.0
2024-06-11 12:05:00-04:00,4.340000152587891,4.340000152587891,4.340000152587891,4.340000152587891,1428,0.0,0.0
2024-06-11 12:06:00-04:00,4.369100093841553,4.369100093841553,4.369100093841553,4.369100093841553,246,0.0,0.0
2024-06-11 12:13:00-04:00,4.360000133514404,4.360000133514404,4.360000133514404,4.360000133514404,1502,0.0,0.0
2024-06-11 12:20:00-04:00,4.369999885559082,4.369999885559082,4.369999885559082,4.369999885559082,800,0.0,0.0
2024-06-11 12:21:00-04:00,4.389100074768066,4.389100074768066,4.389100074768066,4.389100074768066,0,0.0,0.0
2024-06-11 12:22:00-04:00,4.3968000411987305,4.3968000411987305,4.3968000411987305,4.3968000411987305,2601,0.0,0.0
2024-06-11 12:41:00-04:00,4.429999828338623,4.429999828338623,4.420000076293945,4.420000076293945,840,0.0,0.0
2024-06-11 12:46:00-04:00,4.454999923706055,4.460000038146973,4.454999923706055,4.460000038146973,1050,0.0,0.0
2024-06-11 12:47:00-04:00,4.4899001121521,4.4899001121521,4.4899001121521,4.4899001121521,3360,0.0,0.0
2024-06-11 12:50:00-04:00,4.454999923706055,4.454999923706055,4.454999923706055,4.454999923706055,1000,0.0,0.0
2024-06-11 12:52:00-04:00,4.454999923706055,4.454999923706055,4.454999923706055,4.454999923706055,2009,0.0,0.0
2024-06-11 12:53:00-04:00,4.420000076293945,4.420000076293945,4.420000076293945,4.420000076293945,105,0.0,0.0
2024-06-11 12:54:00-04:00,4.400000095367432,4.400000095367432,4.389999866485596,4.389999866485596,826,0.0,0.0
2024-06-11 12:56:00-04:00,4.419899940490723,4.419899940490723,4.419899940490723,4.419899940490723,399,0.0,0.0
2024-06-11 13:02:00-04:00,4.418900012969971,4.418900012969971,4.418900012969971,4.418900012969971,1232,0.0,0.0
2024-06-11 13:07:00-04:00,4.40500020980835,4.40500020980835,4.40500020980835,4.40500020980835,774,0.0,0.0
2024-06-11 13:10:00-04:00,4.400000095367432,4.400000095367432,4.400000095367432,4.400000095367432,688,0.0,0.0
2024-06-11 13:11:00-04:00,4.390100002288818,4.390100002288818,4.390100002288818,4.390100002288818,1201,0.0,0.0
2024-06-11 13:21:00-04:00,4.320000171661377,4.320000171661377,4.269999980926514,4.289999961853027,3342,0.0,0.0
2024-06-11 13:43:00-04:00,4.4019999504089355,4.4019999504089355,4.4019999504089355,4.4019999504089355,585,0.0,0.0
2024-06-11 13:54:00-04:00,4.360000133514404,4.388599872589111,4.360000133514404,4.388599872589111,1156,0.0,0.0
2024-06-11 14:00:00-04:00,4.389999866485596,4.400000095367432,4.349999904632568,4.394999980926514,5810,0.0,0.0
2024-06-11 14:01:00-04:00,4.413099765777588,4.413099765777588,4.413099765777588,4.413099765777588,2710,0.0,0.0
2024-06-11 14:04:00-04:00,4.489999771118164,4.5,4.489999771118164,4.4944000244140625,4931,0.0,0.0
2024-06-11 14:06:00-04:00,4.460100173950195,4.460100173950195,4.460100173950195,4.460100173950195,268,0.0,0.0
2024-06-11 14:09:00-04:00,4.474999904632568,4.5,4.394999980926514,4.5,8287,0.0,0.0
2024-06-11 14:10:00-04:00,4.400000095367432,4.400000095367432,4.400000095367432,4.400000095367432,318,0.0,0.0
2024-06-11 14:32:00-04:00,4.48799991607666,4.5,4.48799991607666,4.489999771118164,1023,0.0,0.0
2024-06-11 14:33:00-04:00,4.498600006103516,4.499000072479248,4.498600006103516,4.499000072479248,3462,0.0,0.0
2024-06-11 14:34:00-04:00,4.539999961853027,4.539999961853027,4.539999961853027,4.539999961853027,1427,0.0,0.0
2024-06-11 14:40:00-04:00,4.489999771118164,4.5,4.489999771118164,4.5,1585,0.0,0.0
2024-06-11 14:43:00-04:00,4.467400074005127,4.467400074005127,4.467400074005127,4.467400074005127,3287,0.0,0.0
2024-06-11 14:47:00-04:00,4.460000038146973,4.460000038146973,4.460000038146973,4.460000038146973,400,0.0,0.0
2024-06-11 14:50:00-04:00,4.460999965667725,4.460999965667725,4.460100173950195,4.460100173950195,546,0.0,0.0
2024-06-11 14:59:00-04:00,4.4319000244140625,4.4319000244140625,4.4319000244140625,4.4319000244140625,568,0.0,0.0
2024-06-11 15:01:00-04:00,4.389999866485596,4.389999866485596,4.389999866485596,4.389999866485596,400,0.0,0.0
2024-06-11 15:02:00-04:00,4.435200214385986,4.435200214385986,4.435200214385986,4.435200214385986,0,0.0,0.0
2024-06-11 15:14:00-04:00,4.429999828338623,4.429999828338623,4.429999828338623,4.429999828338623,1561,0.0,0.0
2024-06-11 15:36:00-04:00,4.45989990234375,4.45989990234375,4.45989990234375,4.45989990234375,410,0.0,0.0
2024-06-11 15:46:00-04:00,4.425000190734863,4.429999828338623,4.425000190734863,4.429999828338623,1251,0.0,0.0
2024-06-11 15:48:00-04:00,4.460000038146973,4.460000038146973,4.459700107574463,4.45989990234375,2631,0.0,0.0
2024-06-11 15:49:00-04:00,4.489999771118164,4.5,4.489999771118164,4.5,15524,0.0,0.0
2024-06-11 15:51:00-04:00,4.539999961853027,4.539999961853027,4.539999961853027,4.539999961853027,790,0.0,0.0
2024-06-11 15:52:00-04:00,4.539999961853027,4.539999961853027,4.5,4.5,1112,0.0,0.0
2024-06-11 15:53:00-04:00,4.519999980926514,4.519999980926514,4.519999980926514,4.519999980926514,125,0.0,0.0
2024-06-11 15:55:00-04:00,4.539899826049805,4.539899826049805,4.539899826049805,4.539899826049805,264,0.0,0.0
2024-06-11 15:56:00-04:00,4.520899772644043,4.520899772644043,4.520899772644043,4.520899772644043,284,0.0,0.0
2024-06-11 15:57:00-04:00,4.536900043487549,4.539899826049805,4.536900043487549,4.539899826049805,2166,0.0,0.0
2024-06-11 15:58:00-04:00,4.539899826049805,4.539899826049805,4.538300037384033,4.538300037384033,0,0.0,0.0
2024-06-11 15:59:00-04:00,4.5,4.514999866485596,4.425000190734863,4.489999771118164,3640,0.0,0.0
2024-06-12 09:30:00-04:00,4.849999904632568,4.849999904632568,4.849999904632568,4.849999904632568,7064,0.0,0.0
2024-06-12 09:31:00-04:00,4.7444000244140625,4.7444000244140625,4.7444000244140625,4.7444000244140625,279,0.0,0.0
2024-06-12 09:33:00-04:00,4.820000171661377,4.820000171661377,4.820000171661377,4.820000171661377,330,0.0,0.0
2024-06-12 09:34:00-04:00,4.820000171661377,4.820000171661377,4.800000190734863,4.800000190734863,380,0.0,0.0
2024-06-12 09:35:00-04:00,4.699999809265137,4.710000038146973,4.53000020980835,4.53000020980835,3152,0.0,0.0
2024-06-12 09:36:00-04:00,4.739999771118164,4.739999771118164,4.739999771118164,4.739999771118164,107,0.0,0.0
2024-06-12 09:37:00-04:00,4.53000020980835,4.769999980926514,4.53000020980835,4.530099868774414,1330,0.0,0.0
2024-06-12 09:39:00-04:00,4.7916998863220215,4.7916998863220215,4.7916998863220215,4.7916998863220215,601,0.0,0.0
2024-06-12 09:40:00-04:00,4.69189977645874,4.789999961853027,4.69189977645874,4.789999961853027,1544,0.0,0.0
2024-06-12 09:42:00-04:00,4.691500186920166,4.691500186920166,4.691500186920166,4.691500186920166,2146,0.0,0.0
2024-06-12 09:43:00-04:00,4.630000114440918,4.630000114440918,4.630000114440918,4.630000114440918,0,0.0,0.0
2024-06-12 09:44:00-04:00,4.590000152587891,4.610000133514404,4.590000152587891,4.599999904632568,885,0.0,0.0
2024-06-12 09:45:00-04:00,4.644999980926514,4.644999980926514,4.644999980926514,4.644999980926514,112,0.0,0.0
2024-06-12 09:48:00-04:00,4.541500091552734,4.541500091552734,4.541500091552734,4.541500091552734,1361,0.0,0.0
2024-06-12 09:54:00-04:00,4.610000133514404,4.610000133514404,4.610000133514404,4.610000133514404,1451,0.0,0.0
2024-06-12 09:56:00-04:00,4.689000129699707,4.689000129699707,4.689000129699707,4.689000129699707,179,0.0,0.0
2024-06-12 10:00:00-04:00,4.689799785614014,4.689799785614014,4.689799785614014,4.689799785614014,314,0.0,0.0
2024-06-12 10:05:00-04:00,4.679999828338623,4.690000057220459,4.679999828338623,4.690000057220459,203,0.0,0.0
2024-06-12 10:09:00-04:00,4.679999828338623,4.679999828338623,4.679999828338623,4.679999828338623,102,0.0,0.0
2024-06-12 10:11:00-04:00,4.619999885559082,4.619999885559082,4.619999885559082,4.619999885559082,1000,0.0,0.0
2024-06-12 10:12:00-04:00,4.670000076293945,4.670000076293945,4.670000076293945,4.670000076293945,360,0.0,0.0
2024-06-12 10:14:00-04:00,4.605500221252441,4.605500221252441,4.605500221252441,4.605500221252441,0,0.0,0.0
2024-06-12 10:20:00-04:00,4.550000190734863,4.550099849700928,4.550000190734863,4.550099849700928,715,0.0,0.0
2024-06-12 10:21:00-04:00,4.550600051879883,4.550600051879883,4.550600051879883,4.550600051879883,245,0.0,0.0
2024-06-12 10:22:00-04:00,4.59499979019165,4.614999771118164,4.550099849700928,4.59499979019165,3003,0.0,0.0
2024-06-12 10:24:00-04:00,4.604499816894531,4.604499816894531,4.604499816894531,4.604499816894531,1014,0.0,0.0
2024-06-12 10:25:00-04:00,4.679999828338623,4.679999828338623,4.679999828338623,4.679999828338623,504,0.0,0.0
2024-06-12 10:29:00-04:00,4.651800155639648,4.651800155639648,4.651800155639648,4.651800155639648,508,0.0,0.0
2024-06-12 10:31:00-04:00,4.570000171661377,4.570000171661377,4.570000171661377,4.570000171661377,390,0.0,0.0
2024-06-12 10:38:00-04:00,4.690000057220459,4.690000057220459,4.690000057220459,4.690000057220459,200,0.0,0.0
2024-06-12 10:40:00-04:00,4.688499927520752,4.688499927520752,4.688499927520752,4.688499927520752,1000,0.0,0.0
2024-06-12 10:41:00-04:00,4.6620001792907715,4.6620001792907715,4.6620001792907715,4.6620001792907715,243,0.0,0.0
2024-06-12 10:48:00-04:00,4.664700031280518,4.664700031280518,4.664700031280518,4.664700031280518,220,0.0,0.0
2024-06-12 10:49:00-04:00,4.664999961853027,4.664999961853027,4.664999961853027,4.664999961853027,1,0.0,0.0
2024-06-12 10:58:00-04:00,4.670000076293945,4.679900169372559,4.670000076293945,4.679900169372559,1654,0.0,0.0
2024-06-12 11:03:00-04:00,4.619999885559082,4.619999885559082,4.619999885559082,4.619999885559082,424,0.0,0.0
2024-06-12 11:35:00-04:00,4.625100135803223,4.625100135803223,4.625100135803223,4.625100135803223,3200,0.0,0.0
2024-06-12 11:36:00-04:00,4.550000190734863,4.550000190734863,4.550000190734863,4.550000190734863,392,0.0,0.0
2024-06-12 11:42:00-04:00,4.605000019073486,4.605000019073486,4.605000019073486,4.605000019073486,550,0.0,0.0
2024-06-12 11:45:00-04:00,4.669899940490723,4.669899940490723,4.669899940490723,4.669899940490723,500,0.0,0.0
2024-06-12 11:46:00-04:00,4.670000076293945,4.670000076293945,4.6554999351501465,4.6554999351501465,292,0.0,0.0
2024-06-12 11:51:00-04:00,4.550600051879883,4.550600051879883,4.550600051879883,4.550600051879883,360,0.0,0.0
2024-06-12 11:56:00-04:00,4.679900169372559,4.679900169372559,4.679900169372559,4.679900169372559,867,0.0,0.0
2024-06-12 12:38:00-04:00,4.599999904632568,4.599999904632568,4.599999904632568,4.599999904632568,1610,0.0,0.0
2024-06-12 12:39:00-04:00,4.599999904632568,4.599999904632568,4.599999904632568,4.599999904632568,2330,0.0,0.0
2024-06-12 12:43:00-04:00,4.552599906921387,4.552599906921387,4.552599906921387,4.552599906921387,1209,0.0,0.0
2024-06-12 12:57:00-04:00,4.605000019073486,4.605000019073486,4.605000019073486,4.605000019073486,400,0.0,0.0
2024-06-12 13:17:00-04:00,4.605000019073486,4.605000019073486,4.605000019073486,4.605000019073486,1184,0.0,0.0
2024-06-12 13:34:00-04:00,4.614999771118164,4.614999771118164,4.614999771118164,4.614999771118164,228,0.0,0.0
2024-06-12 13:44:00-04:00,4.639999866485596,4.639999866485596,4.639999866485596,4.639999866485596,600,0.0,0.0
2024-06-12 13:46:00-04:00,4.659900188446045,4.659900188446045,4.659900188446045,4.659900188446045,814,0.0,0.0
2024-06-12 13:55:00-04:00,4.670000076293945,4.670000076293945,4.670000076293945,4.670000076293945,1135,0.0,0.0
2024-06-12 13:57:00-04:00,4.699999809265137,4.699999809265137,4.699999809265137,4.699999809265137,2895,0.0,0.0
2024-06-12 14:01:00-04:00,4.699999809265137,4.699999809265137,4.699999809265137,4.699999809265137,151,0.0,0.0
2024-06-12 14:07:00-04:00,4.650000095367432,4.650000095367432,4.650000095367432,4.650000095367432,1833,0.0,0.0
2024-06-12 14:15:00-04:00,4.719200134277344,4.719200134277344,4.719200134277344,4.719200134277344,1048,0.0,0.0
2024-06-12 14:21:00-04:00,4.702000141143799,4.7027997970581055,4.699999809265137,4.699999809265137,1444,0.0,0.0
2024-06-12 14:24:00-04:00,4.699999809265137,4.699999809265137,4.699999809265137,4.699999809265137,2060,0.0,0.0
2024-06-12 14:32:00-04:00,4.679999828338623,4.679999828338623,4.679999828338623,4.679999828338623,164,0.0,0.0
2024-06-12 14:35:00-04:00,4.644999980926514,4.644999980926514,4.644999980926514,4.644999980926514,2333,0.0,0.0
2024-06-12 14:43:00-04:00,4.679999828338623,4.699999809265137,4.679999828338623,4.699999809265137,2988,0.0,0.0
2024-06-12 14:44:00-04:00,4.730000019073486,4.730000019073486,4.730000019073486,4.730000019073486,3159,0.0,0.0
2024-06-12 14:47:00-04:00,4.71999979019165,4.71999979019165,4.71999979019165,4.71999979019165,608,0.0,0.0
2024-06-12 14:48:00-04:00,4.670000076293945,4.670000076293945,4.670000076293945,4.670000076293945,2309,0.0,0.0
2024-06-12 14:55:00-04:00,4.679999828338623,4.679999828338623,4.679999828338623,4.679999828338623,133,0.0,0.0
2024-06-12 15:00:00-04:00,4.641900062561035,4.641900062561035,4.641900062561035,4.641900062561035,1291,0.0,0.0
2024-06-12 15:07:00-04:00,4.639999866485596,4.639999866485596,4.639999866485596,4.639999866485596,575,0.0,0.0
2024-06-12 15:17:00-04:00,4.659999847412109,4.659999847412109,4.599999904632568,4.610000133514404,5710,0.0,0.0
2024-06-12 15:36:00-04:00,4.699999809265137,4.699999809265137,4.699999809265137,4.699999809265137,612,0.0,0.0
2024-06-12 15:50:00-04:00,4.769999980926514,4.769999980926514,4.760000228881836,4.769999980926514,2681,0.0,0.0
2024-06-12 15:52:00-04:00,4.764999866485596,4.764999866485596,4.764999866485596,4.764999866485596,1998,0.0,0.0
2024-06-12 15:54:00-04:00,4.744999885559082,4.744999885559082,4.730000019073486,4.730000019073486,0,0.0,0.0
2024-06-12 15:55:00-04:00,4.729300022125244,4.729300022125244,4.729300022125244,4.729300022125244,4954,0.0,0.0
2024-06-12 15:58:00-04:00,4.722300052642822,4.722300052642822,4.679999828338623,4.680799961090088,9565,0.0,0.0
2024-06-12 15:59:00-04:00,4.690000057220459,4.695000171661377,4.659999847412109,4.659999847412109,3096,0.0,0.0
2024-06-13 09:30:00-04:00,4.75,4.75,4.75,4.75,2866,0.0,0.0
2024-06-13 09:31:00-04:00,4.699999809265137,4.699999809265137,4.699999809265137,4.699999809265137,0,0.0,0.0
2024-06-13 09:32:00-04:00,4.670100212097168,4.670100212097168,4.670000076293945,4.670000076293945,4102,0.0,0.0
2024-06-13 09:36:00-04:00,4.584000110626221,4.584000110626221,4.584000110626221,4.584000110626221,378,0.0,0.0
2024-06-13 09:40:00-04:00,4.636499881744385,4.636499881744385,4.636499881744385,4.636499881744385,423,0.0,0.0
2024-06-13 09:42:00-04:00,4.650000095367432,4.650000095367432,4.650000095367432,4.650000095367432,2892,0.0,0.0
2024-06-13 09:43:00-04:00,4.650000095367432,4.650000095367432,4.639999866485596,4.639999866485596,2848,0.0,0.0
2024-06-13 09:48:00-04:00,4.639999866485596,4.639999866485596,4.639999866485596,4.639999866485596,60,0.0,0.0
2024-06-13 09:49:00-04:00,4.619999885559082,4.619999885559082,4.619999885559082,4.619999885559082,337,0.0,0.0
2024-06-13 09:52:00-04:00,4.649899959564209,4.649899959564209,4.649899959564209,4.649899959564209,205,0.0,0.0
2024-06-13 09:53:00-04:00,4.630000114440918,4.630000114440918,4.630000114440918,4.630000114440918,100,0.0,0.0
2024-06-13 09:54:00-04:00,4.650000095367432,4.650000095367432,4.639999866485596,4.639999866485596,3309,0.0,0.0
2024-06-13 09:56:00-04:00,4.650000095367432,4.650000095367432,4.650000095367432,4.650000095367432,0,0.0,0.0
2024-06-13 10:00:00-04:00,4.614999771118164,4.614999771118164,4.614999771118164,4.614999771118164,337,0.0,0.0
2024-06-13 10:06:00-04:00,4.650000095367432,4.650000095367432,4.650000095367432,4.650000095367432,480,0.0,0.0
2024-06-13 10:29:00-04:00,4.625,4.625,4.625,4.625,107,0.0,0.0
2024-06-13 10:42:00-04:00,4.639999866485596,4.650000095367432,4.639999866485596,4.650000095367432,2078,0.0,0.0
2024-06-13 10:53:00-04:00,4.630000114440918,4.630000114440918,4.630000114440918,4.630000114440918,2570,0.0,0.0
2024-06-13 11:02:00-04:00,4.650000095367432,4.650000095367432,4.639999866485596,4.639999866485596,600,0.0,0.0
2024-06-13 11:03:00-04:00,4.619999885559082,4.630000114440918,4.619999885559082,4.630000114440918,301,0.0,0.0
2024-06-13 11:09:00-04:00,4.65500020980835,4.65500020980835,4.650000095367432,4.650000095367432,1500,0.0,0.0
2024-06-13 11:19:00-04:00,4.659999847412109,4.659999847412109,4.659999847412109,4.659999847412109,1081,0.0,0.0
2024-06-13 11:33:00-04:00,4.639999866485596,4.639999866485596,4.639999866485596,4.639999866485596,515,0.0,0.0
2024-06-13 11:57:00-04:00,4.630000114440918,4.630000114440918,4.630000114440918,4.630000114440918,121,0.0,0.0
2024-06-13 11:58:00-04:00,4.659599781036377,4.659599781036377,4.659599781036377,4.659599781036377,135,0.0,0.0
2024-06-13 12:25:00-04:00,4.639999866485596,4.760000228881836,4.630000114440918,4.760000228881836,3792,0.0,0.0
2024-06-13 12:28:00-04:00,4.731299877166748,4.739999771118164,4.731299877166748,4.739999771118164,1200,0.0,0.0
2024-06-13 12:30:00-04:00,4.739999771118164,4.789999961853027,4.739999771118164,4.789999961853027,5929,0.0,0.0
2024-06-13 12:32:00-04:00,4.766200065612793,4.766200065612793,4.766200065612793,4.766200065612793,200,0.0,0.0
2024-06-13 12:33:00-04:00,4.75,4.760000228881836,4.75,4.755000114440918,4100,0.0,0.0
2024-06-13 12:34:00-04:00,4.730000019073486,4.730000019073486,4.730000019073486,4.730000019073486,1866,0.0,0.0
2024-06-13 12:49:00-04:00,4.71999979019165,4.71999979019165,4.71999979019165,4.71999979019165,1321,0.0,0.0
2024-06-13 13:06:00-04:00,4.769999980926514,4.769999980926514,4.769999980926514,4.769999980926514,246,0.0,0.0
2024-06-13 13:30:00-04:00,4.779699802398682,4.779699802398682,4.779699802398682,4.779699802398682,2046,0.0,0.0
2024-06-13 13:32:00-04:00,4.789899826049805,4.789899826049805,4.789899826049805,4.789899826049805,176,0.0,0.0
2024-06-13 13:35:00-04:00,4.789999961853027,4.820000171661377,4.760000228881836,4.760000228881836,12094,0.0,0.0
2024-06-13 13:38:00-04:00,4.849999904632568,4.849999904632568,4.849999904632568,4.849999904632568,0,0.0,0.0
2024-06-13 13:40:00-04:00,4.79449987411499,4.840000152587891,4.79449987411499,4.840000152587891,1560,0.0,0.0
2024-06-13 14:05:00-04:00,4.840000152587891,4.840000152587891,4.840000152587891,4.840000152587891,1020,0.0,0.0
2024-06-13 14:07:00-04:00,4.800000190734863,4.800000190734863,4.800000190734863,4.800000190734863,322,0.0,0.0
2024-06-13 14:10:00-04:00,4.839000225067139,4.849999904632568,4.829999923706055,4.849999904632568,1539,0.0,0.0
2024-06-13 14:11:00-04:00,4.858799934387207,4.858799934387207,4.858799934387207,4.858799934387207,0,0.0,0.0
2024-06-13 14:15:00-04:00,4.800000190734863,4.800000190734863,4.760000228881836,4.78000020980835,5783,0.0,0.0
2024-06-13 14:50:00-04:00,4.800000190734863,4.800000190734863,4.800000190734863,4.800000190734863,0,0.0,0.0
2024-06-13 14:58:00-04:00,4.760000228881836,4.795000076293945,4.760000228881836,4.795000076293945,1100,0.0,0.0
2024-06-13 15:00:00-04:00,4.794099807739258,4.794099807739258,4.794099807739258,4.794099807739258,2,0.0,0.0
2024-06-13 15:11:00-04:00,4.789999961853027,4.789999961853027,4.789999961853027,4.789999961853027,5598,0.0,0.0
2024-06-13 15:23:00-04:00,4.741300106048584,4.741300106048584,4.741300106048584,4.741300106048584,4000,0.0,0.0
2024-06-13 15:24:00-04:00,4.724999904632568,4.724999904632568,4.724999904632568,4.724999904632568,34,0.0,0.0
2024-06-13 15:31:00-04:00,4.739999771118164,4.739999771118164,4.739999771118164,4.739999771118164,510,0.0,0.0
2024-06-13 15:50:00-04:00,4.75,4.755000114440918,4.75,4.755000114440918,1644,0.0,0.0
2024-06-13 15:55:00-04:00,4.769999980926514,4.769999980926514,4.769999980926514,4.769999980926514,2656,0.0,0.0
2024-06-13 15:56:00-04:00,4.772500038146973,4.772500038146973,4.772500038146973,4.772500038146973,111,0.0,0.0
2024-06-13 15:58:00-04:00,4.760000228881836,4.760000228881836,4.760000228881836,4.760000228881836,638,0.0,0.0
2024-06-13 15:59:00-04:00,4.789999961853027,4.800000190734863,4.789999961853027,4.800000190734863,442,0.0,0.0
2024-06-14 09:30:00-04:00,4.699999809265137,4.699999809265137,4.699999809265137,4.699999809265137,7302,0.0,0.0
2024-06-14 09:42:00-04:00,4.66349983215332,4.66349983215332,4.66349983215332,4.66349983215332,2673,0.0,0.0
2024-06-14 09:53:00-04:00,4.635000228881836,4.650000095367432,4.519999980926514,4.605000019073486,7728,0.0,0.0
2024-06-14 10:00:00-04:00,4.590000152587891,4.590000152587891,4.590000152587891,4.590000152587891,125,0.0,0.0
2024-06-14 10:03:00-04:00,4.590000152587891,4.590000152587891,4.590000152587891,4.590000152587891,200,0.0,0.0
2024-06-14 10:04:00-04:00,4.590000152587891,4.590000152587891,4.5,4.519999980926514,3766,0.0,0.0
2024-06-14 10:09:00-04:00,4.559999942779541,4.559999942779541,4.507500171661377,4.507500171661377,862,0.0,0.0
2024-06-14 10:10:00-04:00,4.506999969482422,4.506999969482422,4.5,4.5,4137,0.0,0.0
2024-06-14 10:11:00-04:00,4.494999885559082,4.494999885559082,4.494999885559082,4.494999885559082,103,0.0,0.0
2024-06-14 10:14:00-04:00,4.373700141906738,4.373700141906738,4.349999904632568,4.349999904632568,1262,0.0,0.0
2024-06-14 10:15:00-04:00,4.400000095367432,4.5,4.400000095367432,4.5,6003,0.0,0.0
2024-06-14 10:17:00-04:00,4.449999809265137,4.449999809265137,4.449999809265137,4.449999809265137,1095,0.0,0.0
2024-06-14 10:24:00-04:00,4.454500198364258,4.454500198364258,4.454500198364258,4.454500198364258,846,0.0,0.0
2024-06-14 10:25:00-04:00,4.5,4.5,4.489999771118164,4.489999771118164,7104,0.0,0.0
2024-06-14 10:34:00-04:00,4.489999771118164,4.489999771118164,4.489200115203857,4.489200115203857,2397,0.0,0.0
2024-06-14 10:35:00-04:00,4.559999942779541,4.559999942779541,4.559999942779541,4.559999942779541,452,0.0,0.0
2024-06-14 10:39:00-04:00,4.525000095367432,4.525000095367432,4.525000095367432,4.525000095367432,173,0.0,0.0
2024-06-14 10:49:00-04:00,4.53000020980835,4.53000020980835,4.53000020980835,4.53000020980835,159,0.0,0.0
2024-06-14 10:53:00-04:00,4.560100078582764,4.560100078582764,4.560100078582764,4.560100078582764,402,0.0,0.0
2024-06-14 10:57:00-04:00,4.587200164794922,4.587200164794922,4.587200164794922,4.587200164794922,400,0.0,0.0
2024-06-14 11:03:00-04:00,4.589900016784668,4.589900016784668,4.589900016784668,4.589900016784668,355,0.0,0.0
2024-06-14 11:07:00-04:00,4.579999923706055,4.579999923706055,4.579999923706055,4.579999923706055,784,0.0,0.0
2024-06-14 11:28:00-04:00,4.590000152587891,4.590000152587891,4.590000152587891,4.590000152587891,5402,0.0,0.0
2024-06-14 11:37:00-04:00,4.579999923706055,4.639999866485596,4.579999923706055,4.639999866485596,1279,0.0,0.0
2024-06-14 11:48:00-04:00,4.610000133514404,4.610099792480469,4.610000133514404,4.610099792480469,532,0.0,0.0
2024-06-14 11:50:00-04:00,4.647600173950195,4.647600173950195,4.647600173950195,4.647600173950195,237,0.0,0.0
2024-06-14 12:07:00-04:00,4.625,4.625,4.625,4.625,837,0.0,0.0
2024-06-14 12:11:00-04:00,4.559999942779541,4.559999942779541,4.559999942779541,4.559999942779541,522,0.0,0.0
2024-06-14 12:42:00-04:00,4.5366997718811035,4.5366997718811035,4.5366997718811035,4.5366997718811035,492,0.0,0.0
2024-06-14 12:43:00-04:00,4.559999942779541,4.559999942779541,4.559999942779541,4.559999942779541,650,0.0,0.0
2024-06-14 12:46:00-04:00,4.570000171661377,4.570000171661377,4.570000171661377,4.570000171661377,2858,0.0,0.0
2024-06-14 12:47:00-04:00,4.532199859619141,4.532199859619141,4.532199859619141,4.532199859619141,0,0.0,0.0
2024-06-14 12:52:00-04:00,4.580399990081787,4.580399990081787,4.580399990081787,4.580399990081787,210,0.0,0.0
2024-06-14 13:07:00-04:00,4.565000057220459,4.565000057220459,4.565000057220459,4.565000057220459,616,0.0,0.0
2024-06-14 13:16:00-04:00,4.570000171661377,4.590000152587891,4.570000171661377,4.590000152587891,160,0.0,0.0
2024-06-14 13:56:00-04:00,4.545000076293945,4.545000076293945,4.545000076293945,4.545000076293945,588,0.0,0.0
2024-06-14 14:01:00-04:00,4.539999961853027,4.539999961853027,4.539999961853027,4.539999961853027,353,0.0,0.0
2024-06-14 14:09:00-04:00,4.569900035858154,4.569900035858154,4.569900035858154,4.569900035858154,497,0.0,0.0
2024-06-14 14:23:00-04:00,4.545000076293945,4.545000076293945,4.545000076293945,4.545000076293945,1000,0.0,0.0
2024-06-14 14:24:00-04:00,4.545000076293945,4.545000076293945,4.545000076293945,4.545000076293945,0,0.0,0.0
2024-06-14 14:26:00-04:00,4.534999847412109,4.534999847412109,4.5,4.5,3638,0.0,0.0
2024-06-14 14:32:00-04:00,4.515200138092041,4.515200138092041,4.515200138092041,4.515200138092041,1311,0.0,0.0
2024-06-14 14:37:00-04:00,4.545000076293945,4.545000076293945,4.545000076293945,4.545000076293945,1121,0.0,0.0
2024-06-14 14:47:00-04:00,4.53000020980835,4.53000020980835,4.53000020980835,4.53000020980835,4800,0.0,0.0
2024-06-14 14:49:00-04:00,4.53000020980835,4.53000020980835,4.53000020980835,4.53000020980835,50,0.0,0.0
2024-06-14 14:51:00-04:00,4.519999980926514,4.519999980926514,4.519999980926514,4.519999980926514,927,0.0,0.0
2024-06-14 14:59:00-04:00,4.485499858856201,4.485499858856201,4.485499858856201,4.485499858856201,481,0.0,0.0
2024-06-14 15:10:00-04:00,4.453100204467773,4.453100204467773,4.453100204467773,4.453100204467773,500,0.0,0.0
2024-06-14 15:12:00-04:00,4.480000019073486,4.480000019073486,4.480000019073486,4.480000019073486,106,0.0,0.0
2024-06-14 15:26:00-04:00,4.465000152587891,4.465000152587891,4.465000152587891,4.465000152587891,2000,0.0,0.0
2024-06-14 15:29:00-04:00,4.465000152587891,4.465000152587891,4.465000152587891,4.465000152587891,110,0.0,0.0
2024-06-14 15:36:00-04:00,4.46619987487793,4.46619987487793,4.46619987487793,4.46619987487793,500,0.0,0.0
2024-06-14 15:37:00-04:00,4.489999771118164,4.489999771118164,4.489999771118164,4.489999771118164,819,0.0,0.0
2024-06-14 15:43:00-04:00,4.489999771118164,4.489999771118164,4.46999979019165,4.46999979019165,18449,0.0,0.0
