Datetime,Open,High,Low,Close,Volume,Dividends,Stock Splits,Capital Gains
2024-06-10 09:30:00-04:00,39.09000015258789,39.099998474121094,39.04999923706055,39.099998474121094,54848,0.0,0.0,0.0
2024-06-10 09:31:00-04:00,39.0,39.0,39.0,39.0,2850,0.0,0.0,0.0
2024-06-10 09:32:00-04:00,38.9900016784668,39.029998779296875,38.970001220703125,39.029998779296875,4594,0.0,0.0,0.0
2024-06-10 09:33:00-04:00,39.0,39.0,38.970001220703125,38.9900016784668,1540,0.0,0.0,0.0
2024-06-10 09:34:00-04:00,39.0,39.04999923706055,38.97999954223633,39.04999923706055,844,0.0,0.0,0.0
2024-06-10 09:35:00-04:00,39.0,39.0,39.0,39.0,179,0.0,0.0,0.0
2024-06-10 09:36:00-04:00,39.010799407958984,39.02000045776367,39.0099983215332,39.0099983215332,1108,0.0,0.0,0.0
2024-06-10 09:37:00-04:00,39.0,39.0099983215332,38.9900016784668,38.9900016784668,407,0.0,0.0,0.0
2024-06-10 09:38:00-04:00,39.015201568603516,39.02000045776367,39.015201568603516,39.02000045776367,912,0.0,0.0,0.0
2024-06-10 09:39:00-04:00,39.0,39.0,38.9900016784668,38.9900016784668,229,0.0,0.0,0.0
2024-06-10 09:40:00-04:00,39.0,39.0,38.96500015258789,38.96500015258789,733,0.0,0.0,0.0
2024-06-10 09:41:00-04:00,38.939998626708984,38.940101623535156,38.939998626708984,38.940101623535156,602,0.0,0.0,0.0
2024-06-10 09:42:00-04:00,38.959999084472656,39.000099182128906,38.959999084472656,39.000099182128906,650,0.0,0.0,0.0
2024-06-10 09:43:00-04:00,39.02000045776367,39.02000045776367,39.02000045776367,39.02000045776367,361,0.0,0.0,0.0
2024-06-10 09:44:00-04:00,39.02000045776367,39.02000045776367,39.02000045776367,39.02000045776367,265,0.0,0.0,0.0
2024-06-10 09:45:00-04:00,38.9900016784668,38.9900016784668,38.970001220703125,38.970001220703125,3785,0.0,0.0,0.0
2024-06-10 09:46:00-04:00,38.970001220703125,38.970001220703125,38.970001220703125,38.970001220703125,145,0.0,0.0,0.0
2024-06-10 09:47:00-04:00,38.91999816894531,38.94990158081055,38.91999816894531,38.92509841918945,608,0.0,0.0,0.0
2024-06-10 09:48:00-04:00,38.939998626708984,38.939998626708984,38.939998626708984,38.939998626708984,140,0.0,0.0,0.0
2024-06-10 09:49:00-04:00,38.939998626708984,38.939998626708984,38.91999816894531,38.93000030517578,975,0.0,0.0,0.0
2024-06-10 09:50:00-04:00,38.970001220703125,38.970001220703125,38.95000076293945,38.95000076293945,506,0.0,0.0,0.0
2024-06-10 09:51:00-04:00,38.974998474121094,38.974998474121094,38.96670150756836,38.96670150756836,248,0.0,0.0,0.0
2024-06-10 09:53:00-04:00,38.992000579833984,38.992000579833984,38.95000076293945,38.95949935913086,1424,0.0,0.0,0.0
2024-06-10 09:55:00-04:00,38.97999954223633,38.989898681640625,38.97999954223633,38.989898681640625,752,0.0,0.0,0.0
2024-06-10 09:56:00-04:00,38.994998931884766,39.0099983215332,38.994998931884766,39.0099983215332,856,0.0,0.0,0.0
2024-06-10 09:57:00-04:00,39.06100082397461,39.06100082397461,39.04999923706055,39.04999923706055,700,0.0,0.0,0.0
2024-06-10 09:59:00-04:00,39.060001373291016,39.08000183105469,39.05670166015625,39.05670166015625,2230,0.0,0.0,0.0
2024-06-10 10:00:00-04:00,39.06999969482422,39.06999969482422,39.040000915527344,39.060001373291016,640,0.0,0.0,0.0
2024-06-10 10:01:00-04:00,39.08000183105469,39.0900993347168,39.08000183105469,39.0900993347168,776,0.0,0.0,0.0
2024-06-10 10:02:00-04:00,39.09000015258789,39.11000061035156,39.09000015258789,39.11000061035156,370,0.0,0.0,0.0
2024-06-10 10:03:00-04:00,39.08000183105469,39.08000183105469,39.06480026245117,39.06480026245117,962,0.0,0.0,0.0
2024-06-10 10:04:00-04:00,39.09000015258789,39.09000015258789,39.09000015258789,39.09000015258789,203,0.0,0.0,0.0
2024-06-10 10:05:00-04:00,39.099998474121094,39.11000061035156,39.099998474121094,39.11000061035156,4113,0.0,0.0,0.0
2024-06-10 10:06:00-04:00,39.10459899902344,39.18000030517578,39.10459899902344,39.18000030517578,2102,0.0,0.0,0.0
2024-06-10 10:07:00-04:00,39.130001068115234,39.16999816894531,39.130001068115234,39.16999816894531,501,0.0,0.0,0.0
2024-06-10 10:08:00-04:00,39.150001525878906,39.150001525878906,39.150001525878906,39.150001525878906,1011,0.0,0.0,0.0
2024-06-10 10:10:00-04:00,39.18000030517578,39.18000030517578,39.18000030517578,39.18000030517578,455,0.0,0.0,0.0
2024-06-10 10:12:00-04:00,39.119998931884766,39.13999938964844,39.11309814453125,39.13999938964844,852,0.0,0.0,0.0
2024-06-10 10:13:00-04:00,39.06999969482422,39.119998931884766,39.06999969482422,39.119998931884766,647,0.0,0.0,0.0
2024-06-10 10:14:00-04:00,39.119998931884766,39.119998931884766,39.099998474121094,39.099998474121094,686,0.0,0.0,0.0
2024-06-10 10:15:00-04:00,39.099998474121094,39.11000061035156,39.099998474121094,39.11000061035156,315,0.0,0.0,0.0
2024-06-10 10:17:00-04:00,39.130001068115234,39.130001068115234,39.130001068115234,39.130001068115234,100,0.0,0.0,0.0
2024-06-10 10:18:00-04:00,39.119998931884766,39.13999938964844,39.11000061035156,39.119998931884766,1006,0.0,0.0,0.0
2024-06-10 10:19:00-04:00,39.130001068115234,39.130001068115234,39.11000061035156,39.11000061035156,274,0.0,0.0,0.0
2024-06-10 10:20:00-04:00,39.130001068115234,39.13999938964844,39.130001068115234,39.13999938964844,383,0.0,0.0,0.0
2024-06-10 10:21:00-04:00,39.16999816894531,39.16999816894531,39.150001525878906,39.16999816894531,98905,0.0,0.0,0.0
2024-06-10 10:22:00-04:00,39.15999984741211,39.189998626708984,39.15999984741211,39.18000030517578,836,0.0,0.0,0.0
2024-06-10 10:23:00-04:00,39.18000030517578,39.18000030517578,39.150001525878906,39.15999984741211,754,0.0,0.0,0.0
2024-06-10 10:24:00-04:00,39.15999984741211,39.15999984741211,39.15999984741211,39.15999984741211,345,0.0,0.0,0.0
2024-06-10 10:25:00-04:00,39.189998626708984,39.189998626708984,39.189998626708984,39.189998626708984,167,0.0,0.0,0.0
2024-06-10 10:28:00-04:00,39.189998626708984,39.189998626708984,39.189998626708984,39.189998626708984,215,0.0,0.0,0.0
2024-06-10 10:30:00-04:00,39.19240188598633,39.19240188598633,39.19240188598633,39.19240188598633,361,0.0,0.0,0.0
2024-06-10 10:32:00-04:00,39.222801208496094,39.222801208496094,39.222801208496094,39.222801208496094,152,0.0,0.0,0.0
2024-06-10 10:33:00-04:00,39.20000076293945,39.20000076293945,39.20000076293945,39.20000076293945,310,0.0,0.0,0.0
2024-06-10 10:36:00-04:00,39.209999084472656,39.220001220703125,39.209999084472656,39.220001220703125,2650,0.0,0.0,0.0
2024-06-10 10:37:00-04:00,39.22010040283203,39.22010040283203,39.22010040283203,39.22010040283203,332,0.0,0.0,0.0
2024-06-10 10:38:00-04:00,39.22999954223633,39.22999954223633,39.22999954223633,39.22999954223633,1207,0.0,0.0,0.0
2024-06-10 10:43:00-04:00,39.21099853515625,39.21099853515625,39.21099853515625,39.21099853515625,1103,0.0,0.0,0.0
2024-06-10 10:47:00-04:00,39.215999603271484,39.215999603271484,39.215999603271484,39.215999603271484,127,0.0,0.0,0.0
2024-06-10 10:49:00-04:00,39.27000045776367,39.27000045776367,39.2598991394043,39.2598991394043,742,0.0,0.0,0.0
2024-06-10 10:51:00-04:00,39.279998779296875,39.279998779296875,39.279998779296875,39.279998779296875,327,0.0,0.0,0.0
2024-06-10 10:52:00-04:00,39.273799896240234,39.273799896240234,39.273799896240234,39.273799896240234,267,0.0,0.0,0.0
2024-06-10 10:54:00-04:00,39.2599983215332,39.2599983215332,39.2599983215332,39.2599983215332,595,0.0,0.0,0.0
2024-06-10 11:00:00-04:00,39.279998779296875,39.279998779296875,39.279998779296875,39.279998779296875,255,0.0,0.0,0.0
2024-06-10 11:01:00-04:00,39.25,39.25,39.25,39.25,136,0.0,0.0,0.0
2024-06-10 11:02:00-04:00,39.25,39.25,39.25,39.25,216,0.0,0.0,0.0
2024-06-10 11:03:00-04:00,39.2599983215332,39.2599983215332,39.2599983215332,39.2599983215332,309,0.0,0.0,0.0
2024-06-10 11:04:00-04:00,39.279998779296875,39.279998779296875,39.279998779296875,39.279998779296875,207,0.0,0.0,0.0
2024-06-10 11:05:00-04:00,39.290000915527344,39.290000915527344,39.290000915527344,39.290000915527344,1023,0.0,0.0,0.0
2024-06-10 11:06:00-04:00,39.28010177612305,39.28010177612305,39.28010177612305,39.28010177612305,276,0.0,0.0,0.0
2024-06-10 11:07:00-04:00,39.310001373291016,39.31999969482422,39.310001373291016,39.31999969482422,1158,0.0,0.0,0.0
2024-06-10 11:08:00-04:00,39.339900970458984,39.339900970458984,39.33000183105469,39.33000183105469,2010,0.0,0.0,0.0
2024-06-10 11:09:00-04:00,39.34189987182617,39.34189987182617,39.34189987182617,39.34189987182617,101,0.0,0.0,0.0
2024-06-10 11:10:00-04:00,39.349998474121094,39.349998474121094,39.349998474121094,39.349998474121094,359,0.0,0.0,0.0
2024-06-10 11:11:00-04:00,39.29499816894531,39.29499816894531,39.29499816894531,39.29499816894531,147,0.0,0.0,0.0
2024-06-10 11:12:00-04:00,39.260101318359375,39.260101318359375,39.260101318359375,39.260101318359375,2050,0.0,0.0,0.0
2024-06-10 11:16:00-04:00,39.279998779296875,39.279998779296875,39.27000045776367,39.27000045776367,428,0.0,0.0,0.0
2024-06-10 11:20:00-04:00,39.31999969482422,39.349998474121094,39.31999969482422,39.349998474121094,1572,0.0,0.0,0.0
2024-06-10 11:23:00-04:00,39.380001068115234,39.380001068115234,39.380001068115234,39.380001068115234,377,0.0,0.0,0.0
2024-06-10 11:26:00-04:00,39.40999984741211,39.40999984741211,39.40999984741211,39.40999984741211,1795,0.0,0.0,0.0
2024-06-10 11:30:00-04:00,39.48870086669922,39.5,39.470001220703125,39.5,1097,0.0,0.0,0.0
2024-06-10 11:31:00-04:00,39.5099983215332,39.5099983215332,39.4900016784668,39.4900016784668,674,0.0,0.0,0.0
2024-06-10 11:32:00-04:00,39.51499938964844,39.51499938964844,39.51499938964844,39.51499938964844,575,0.0,0.0,0.0
2024-06-10 11:33:00-04:00,39.50740051269531,39.50740051269531,39.47999954223633,39.489498138427734,4803,0.0,0.0,0.0
2024-06-10 11:34:00-04:00,39.48310089111328,39.493499755859375,39.480499267578125,39.480499267578125,2325,0.0,0.0,0.0
2024-06-10 11:35:00-04:00,39.47909927368164,39.47909927368164,39.4650993347168,39.4650993347168,341,0.0,0.0,0.0
2024-06-10 11:40:00-04:00,39.5,39.5,39.5,39.5,251,0.0,0.0,0.0
2024-06-10 11:42:00-04:00,39.5,39.5,39.5,39.5,128,0.0,0.0,0.0
2024-06-10 11:44:00-04:00,39.52000045776367,39.52000045776367,39.52000045776367,39.52000045776367,147,0.0,0.0,0.0
2024-06-10 11:45:00-04:00,39.5099983215332,39.5099983215332,39.5099983215332,39.5099983215332,144,0.0,0.0,0.0
2024-06-10 11:46:00-04:00,39.470001220703125,39.470001220703125,39.470001220703125,39.470001220703125,100,0.0,0.0,0.0
2024-06-10 11:47:00-04:00,39.46039962768555,39.46039962768555,39.46039962768555,39.46039962768555,409,0.0,0.0,0.0
2024-06-10 11:50:00-04:00,39.52000045776367,39.540000915527344,39.52000045776367,39.540000915527344,3094,0.0,0.0,0.0
2024-06-10 11:53:00-04:00,39.56999969482422,39.56999969482422,39.56999969482422,39.56999969482422,108,0.0,0.0,0.0
2024-06-10 11:54:00-04:00,39.589698791503906,39.599998474121094,39.589698791503906,39.599998474121094,1200,0.0,0.0,0.0
2024-06-10 11:55:00-04:00,39.609901428222656,39.609901428222656,39.609901428222656,39.609901428222656,784,0.0,0.0,0.0
2024-06-10 11:56:00-04:00,39.61000061035156,39.630001068115234,39.61000061035156,39.630001068115234,777,0.0,0.0,0.0
2024-06-10 11:57:00-04:00,39.59000015258789,39.59000015258789,39.564998626708984,39.564998626708984,2677,0.0,0.0,0.0
2024-06-10 11:58:00-04:00,39.54999923706055,39.54999923706055,39.529998779296875,39.529998779296875,715,0.0,0.0,0.0
2024-06-10 11:59:00-04:00,39.5,39.5099983215332,39.4900016784668,39.4900016784668,437,0.0,0.0,0.0
2024-06-10 12:01:00-04:00,39.5099983215332,39.5099983215332,39.5099983215332,39.5099983215332,220,0.0,0.0,0.0
2024-06-10 12:03:00-04:00,39.527099609375,39.529998779296875,39.527099609375,39.529998779296875,378,0.0,0.0,0.0
2024-06-10 12:04:00-04:00,39.549800872802734,39.549800872802734,39.540000915527344,39.540000915527344,268,0.0,0.0,0.0
2024-06-10 12:06:00-04:00,39.560001373291016,39.560001373291016,39.529998779296875,39.529998779296875,362,0.0,0.0,0.0
2024-06-10 12:07:00-04:00,39.529998779296875,39.529998779296875,39.529998779296875,39.529998779296875,139,0.0,0.0,0.0
2024-06-10 12:10:00-04:00,39.55659866333008,39.560001373291016,39.540000915527344,39.540000915527344,909,0.0,0.0,0.0
2024-06-10 12:12:00-04:00,39.57490158081055,39.57490158081055,39.560001373291016,39.564701080322266,2228,0.0,0.0,0.0
2024-06-10 12:13:00-04:00,39.560001373291016,39.560001373291016,39.540000915527344,39.54999923706055,4040,0.0,0.0,0.0
2024-06-10 12:15:00-04:00,39.58000183105469,39.58000183105469,39.58000183105469,39.58000183105469,100,0.0,0.0,0.0
2024-06-10 12:16:00-04:00,39.61000061035156,39.63999938964844,39.61000061035156,39.63999938964844,1003,0.0,0.0,0.0
2024-06-10 12:17:00-04:00,39.63999938964844,39.6510009765625,39.63999938964844,39.6510009765625,279,0.0,0.0,0.0
2024-06-10 12:18:00-04:00,39.650001525878906,39.650001525878906,39.63999938964844,39.63999938964844,200,0.0,0.0,0.0
2024-06-10 12:19:00-04:00,39.599998474121094,39.599998474121094,39.59000015258789,39.59000015258789,503,0.0,0.0,0.0
2024-06-10 12:20:00-04:00,39.619998931884766,39.619998931884766,39.619998931884766,39.619998931884766,181,0.0,0.0,0.0
2024-06-10 12:22:00-04:00,39.619998931884766,39.619998931884766,39.619998931884766,39.619998931884766,326,0.0,0.0,0.0
2024-06-10 12:23:00-04:00,39.619998931884766,39.619998931884766,39.619998931884766,39.619998931884766,314,0.0,0.0,0.0
2024-06-10 12:24:00-04:00,39.59000015258789,39.59000015258789,39.58000183105469,39.58000183105469,407,0.0,0.0,0.0
2024-06-10 12:26:00-04:00,39.560001373291016,39.560001373291016,39.560001373291016,39.560001373291016,103,0.0,0.0,0.0
2024-06-10 12:27:00-04:00,39.560001373291016,39.560001373291016,39.560001373291016,39.560001373291016,101,0.0,0.0,0.0
2024-06-10 12:28:00-04:00,39.560001373291016,39.560001373291016,39.560001373291016,39.560001373291016,100,0.0,0.0,0.0
2024-06-10 12:29:00-04:00,39.59000015258789,39.59000015258789,39.58000183105469,39.58000183105469,1003,0.0,0.0,0.0
2024-06-10 12:31:00-04:00,39.56999969482422,39.58000183105469,39.56999969482422,39.58000183105469,2201,0.0,0.0,0.0
2024-06-10 12:32:00-04:00,39.529998779296875,39.529998779296875,39.52000045776367,39.52000045776367,460,0.0,0.0,0.0
2024-06-10 12:37:00-04:00,39.56999969482422,39.56999969482422,39.56999969482422,39.56999969482422,250,0.0,0.0,0.0
2024-06-10 12:38:00-04:00,39.59000015258789,39.59000015258789,39.58000183105469,39.58000183105469,200,0.0,0.0,0.0
2024-06-10 12:39:00-04:00,39.59000015258789,39.59000015258789,39.59000015258789,39.59000015258789,175,0.0,0.0,0.0
2024-06-10 12:40:00-04:00,39.58000183105469,39.58000183105469,39.58000183105469,39.58000183105469,402,0.0,0.0,0.0
2024-06-10 12:41:00-04:00,39.599998474121094,39.599998474121094,39.599998474121094,39.599998474121094,415,0.0,0.0,0.0
2024-06-10 12:42:00-04:00,39.619998931884766,39.619998931884766,39.5973014831543,39.5973014831543,508,0.0,0.0,0.0
2024-06-10 12:46:00-04:00,39.59000015258789,39.59000015258789,39.59000015258789,39.59000015258789,101,0.0,0.0,0.0
2024-06-10 12:48:00-04:00,39.56999969482422,39.56999969482422,39.56999969482422,39.56999969482422,200,0.0,0.0,0.0
2024-06-10 12:49:00-04:00,39.560001373291016,39.560001373291016,39.560001373291016,39.560001373291016,301,0.0,0.0,0.0
2024-06-10 12:50:00-04:00,39.560001373291016,39.59000015258789,39.560001373291016,39.59000015258789,458,0.0,0.0,0.0
2024-06-10 13:00:00-04:00,39.52000045776367,39.52000045776367,39.52000045776367,39.52000045776367,5179,0.0,0.0,0.0
2024-06-10 13:01:00-04:00,39.5099983215332,39.5099983215332,39.5099983215332,39.5099983215332,101,0.0,0.0,0.0
2024-06-10 13:02:00-04:00,39.470001220703125,39.470001220703125,39.459999084472656,39.470001220703125,1884,0.0,0.0,0.0
2024-06-10 13:05:00-04:00,39.560001373291016,39.56999969482422,39.560001373291016,39.56100082397461,1007,0.0,0.0,0.0
2024-06-10 13:06:00-04:00,39.54999923706055,39.54999923706055,39.54999923706055,39.54999923706055,255,0.0,0.0,0.0
2024-06-10 13:09:00-04:00,39.5,39.5099983215332,39.47999954223633,39.5099983215332,2258,0.0,0.0,0.0
2024-06-10 13:11:00-04:00,39.5099983215332,39.5099983215332,39.5099983215332,39.5099983215332,317,0.0,0.0,0.0
2024-06-10 13:13:00-04:00,39.41999816894531,39.41999816894531,39.41999816894531,39.41999816894531,127,0.0,0.0,0.0
2024-06-10 13:14:00-04:00,39.45000076293945,39.45000076293945,39.45000076293945,39.45000076293945,200,0.0,0.0,0.0
2024-06-10 13:15:00-04:00,39.470001220703125,39.470001220703125,39.439998626708984,39.439998626708984,507,0.0,0.0,0.0
2024-06-10 13:16:00-04:00,39.43000030517578,39.439701080322266,39.43000030517578,39.439701080322266,635,0.0,0.0,0.0
2024-06-10 13:18:00-04:00,39.41999816894531,39.41999816894531,39.41999816894531,39.41999816894531,472,0.0,0.0,0.0
2024-06-10 13:22:00-04:00,39.5099983215332,39.5099983215332,39.5099983215332,39.5099983215332,102,0.0,0.0,0.0
2024-06-10 13:23:00-04:00,39.510101318359375,39.510101318359375,39.510101318359375,39.510101318359375,129,0.0,0.0,0.0
2024-06-10 13:24:00-04:00,39.47999954223633,39.47999954223633,39.47999954223633,39.47999954223633,100,0.0,0.0,0.0
2024-06-10 13:25:00-04:00,39.4900016784668,39.5,39.4900016784668,39.5,559,0.0,0.0,0.0
2024-06-10 13:27:00-04:00,39.43000030517578,39.43000030517578,39.43000030517578,39.43000030517578,252,0.0,0.0,0.0
2024-06-10 13:30:00-04:00,39.40999984741211,39.43000030517578,39.40999984741211,39.43000030517578,376,0.0,0.0,0.0
2024-06-10 13:31:00-04:00,39.400001525878906,39.400001525878906,39.400001525878906,39.400001525878906,265,0.0,0.0,0.0
2024-06-10 13:33:00-04:00,39.459999084472656,39.477699279785156,39.459999084472656,39.477699279785156,335,0.0,0.0,0.0
2024-06-10 13:38:00-04:00,39.43000030517578,39.43000030517578,39.43000030517578,39.43000030517578,379,0.0,0.0,0.0
2024-06-10 13:39:00-04:00,39.41999816894531,39.41999816894531,39.41999816894531,39.41999816894531,202,0.0,0.0,0.0
2024-06-10 13:40:00-04:00,39.43000030517578,39.43000030517578,39.43000030517578,39.43000030517578,100,0.0,0.0,0.0
2024-06-10 13:41:00-04:00,39.41999816894531,39.41999816894531,39.41999816894531,39.41999816894531,100,0.0,0.0,0.0
2024-06-10 13:42:00-04:00,39.459999084472656,39.47999954223633,39.459999084472656,39.47999954223633,455,0.0,0.0,0.0
2024-06-10 13:44:00-04:00,39.54999923706055,39.54999923706055,39.54999923706055,39.54999923706055,311,0.0,0.0,0.0
2024-06-10 13:46:00-04:00,39.619998931884766,39.63999938964844,39.619998931884766,39.630001068115234,3577,0.0,0.0,0.0
2024-06-10 13:47:00-04:00,39.630001068115234,39.630001068115234,39.630001068115234,39.630001068115234,100,0.0,0.0,0.0
2024-06-10 13:48:00-04:00,39.650001525878906,39.7400016784668,39.650001525878906,39.7400016784668,3169,0.0,0.0,0.0
2024-06-10 13:49:00-04:00,39.79999923706055,39.810001373291016,39.77000045776367,39.779998779296875,9630,0.0,0.0,0.0
2024-06-10 13:50:00-04:00,39.739898681640625,39.739898681640625,39.739898681640625,39.739898681640625,375,0.0,0.0,0.0
2024-06-10 13:51:00-04:00,39.72999954223633,39.72999954223633,39.715999603271484,39.720001220703125,888,0.0,0.0,0.0
2024-06-10 13:55:00-04:00,39.72999954223633,39.72999954223633,39.72999954223633,39.72999954223633,214,0.0,0.0,0.0
2024-06-10 13:56:00-04:00,39.7400016784668,39.744998931884766,39.7400016784668,39.744998931884766,468,0.0,0.0,0.0
2024-06-10 13:57:00-04:00,39.709999084472656,39.709999084472656,39.709999084472656,39.709999084472656,104,0.0,0.0,0.0
2024-06-10 13:58:00-04:00,39.70719909667969,39.70719909667969,39.70500183105469,39.70500183105469,2512,0.0,0.0,0.0
2024-06-10 13:59:00-04:00,39.70000076293945,39.70000076293945,39.70000076293945,39.70000076293945,307,0.0,0.0,0.0
2024-06-10 14:00:00-04:00,39.68000030517578,39.68000030517578,39.68000030517578,39.68000030517578,202,0.0,0.0,0.0
2024-06-10 14:02:00-04:00,39.619998931884766,39.619998931884766,39.619998931884766,39.619998931884766,175,0.0,0.0,0.0
2024-06-10 14:04:00-04:00,39.68000030517578,39.68000030517578,39.68000030517578,39.68000030517578,360,0.0,0.0,0.0
2024-06-10 14:07:00-04:00,39.75120162963867,39.755001068115234,39.75120162963867,39.755001068115234,416,0.0,0.0,0.0
2024-06-10 14:08:00-04:00,39.779998779296875,39.779998779296875,39.779998779296875,39.779998779296875,200,0.0,0.0,0.0
2024-06-10 14:09:00-04:00,39.720001220703125,39.720001220703125,39.630001068115234,39.630001068115234,2393,0.0,0.0,0.0
2024-06-10 14:10:00-04:00,39.619998931884766,39.63999938964844,39.619998931884766,39.63999938964844,354,0.0,0.0,0.0
2024-06-10 14:12:00-04:00,39.69499969482422,39.69499969482422,39.63199996948242,39.63199996948242,600,0.0,0.0,0.0
2024-06-10 14:13:00-04:00,39.630001068115234,39.630001068115234,39.630001068115234,39.630001068115234,175,0.0,0.0,0.0
2024-06-10 14:14:00-04:00,39.630001068115234,39.630001068115234,39.630001068115234,39.630001068115234,1457,0.0,0.0,0.0
2024-06-10 14:15:00-04:00,39.63999938964844,39.63999938964844,39.63999938964844,39.63999938964844,100,0.0,0.0,0.0
2024-06-10 14:16:00-04:00,39.69839859008789,39.69839859008789,39.66999816894531,39.66999816894531,619,0.0,0.0,0.0
2024-06-10 14:17:00-04:00,39.66999816894531,39.68000030517578,39.65999984741211,39.65999984741211,300,0.0,0.0,0.0
2024-06-10 14:18:00-04:00,39.63999938964844,39.63999938964844,39.619998931884766,39.619998931884766,1694,0.0,0.0,0.0
2024-06-10 14:19:00-04:00,39.56999969482422,39.56999969482422,39.56999969482422,39.56999969482422,735,0.0,0.0,0.0
2024-06-10 14:20:00-04:00,39.5099983215332,39.540000915527344,39.5099983215332,39.540000915527344,557,0.0,0.0,0.0
2024-06-10 14:21:00-04:00,39.54999923706055,39.54999923706055,39.54999923706055,39.54999923706055,150,0.0,0.0,0.0
2024-06-10 14:23:00-04:00,39.53860092163086,39.53860092163086,39.53860092163086,39.53860092163086,325,0.0,0.0,0.0
2024-06-10 14:25:00-04:00,39.540000915527344,39.58000183105469,39.540000915527344,39.58000183105469,419,0.0,0.0,0.0
2024-06-10 14:28:00-04:00,39.5099983215332,39.5099983215332,39.43000030517578,39.441001892089844,2735,0.0,0.0,0.0
2024-06-10 14:29:00-04:00,39.4900016784668,39.4900016784668,39.47999954223633,39.47999954223633,576,0.0,0.0,0.0
2024-06-10 14:30:00-04:00,39.46500015258789,39.46500015258789,39.46500015258789,39.46500015258789,100,0.0,0.0,0.0
2024-06-10 14:31:00-04:00,39.439998626708984,39.439998626708984,39.439998626708984,39.439998626708984,166,0.0,0.0,0.0
2024-06-10 14:32:00-04:00,39.43000030517578,39.4379997253418,39.43000030517578,39.4364013671875,500,0.0,0.0,0.0
2024-06-10 14:34:00-04:00,39.459999084472656,39.459999084472656,39.459999084472656,39.459999084472656,180,0.0,0.0,0.0
2024-06-10 14:35:00-04:00,39.47999954223633,39.47999954223633,39.47999954223633,39.47999954223633,259,0.0,0.0,0.0
2024-06-10 14:37:00-04:00,39.630001068115234,39.630001068115234,39.630001068115234,39.630001068115234,654,0.0,0.0,0.0
2024-06-10 14:39:00-04:00,39.599998474121094,39.599998474121094,39.59000015258789,39.59000015258789,351,0.0,0.0,0.0
2024-06-10 14:40:00-04:00,39.60689926147461,39.650001525878906,39.60689926147461,39.650001525878906,542,0.0,0.0,0.0
2024-06-10 14:41:00-04:00,39.65999984741211,39.665000915527344,39.65999984741211,39.65999984741211,1902,0.0,0.0,0.0
2024-06-10 14:42:00-04:00,39.68199920654297,39.68989944458008,39.600101470947266,39.630001068115234,4475,0.0,0.0,0.0
2024-06-10 14:43:00-04:00,39.630001068115234,39.630001068115234,39.630001068115234,39.630001068115234,175,0.0,0.0,0.0
2024-06-10 14:44:00-04:00,39.650001525878906,39.650001525878906,39.63999938964844,39.63999938964844,357,0.0,0.0,0.0
2024-06-10 14:46:00-04:00,39.66999816894531,39.66999816894531,39.66999816894531,39.66999816894531,100,0.0,0.0,0.0
2024-06-10 14:47:00-04:00,39.650001525878906,39.650001525878906,39.630001068115234,39.630001068115234,212,0.0,0.0,0.0
2024-06-10 14:48:00-04:00,39.665000915527344,39.665000915527344,39.665000915527344,39.665000915527344,100,0.0,0.0,0.0
2024-06-10 14:49:00-04:00,39.66400146484375,39.66400146484375,39.65999984741211,39.65999984741211,234,0.0,0.0,0.0
2024-06-10 14:50:00-04:00,39.65999984741211,39.68000030517578,39.65999984741211,39.68000030517578,1100,0.0,0.0,0.0
2024-06-10 14:51:00-04:00,39.68000030517578,39.68000030517578,39.68000030517578,39.68000030517578,125,0.0,0.0,0.0
2024-06-10 14:54:00-04:00,39.650001525878906,39.650001525878906,39.63999938964844,39.63999938964844,239,0.0,0.0,0.0
2024-06-10 14:56:00-04:00,39.65999984741211,39.65999984741211,39.65999984741211,39.65999984741211,201,0.0,0.0,0.0
2024-06-10 14:59:00-04:00,39.630001068115234,39.630001068115234,39.630001068115234,39.630001068115234,125,0.0,0.0,0.0
2024-06-10 15:01:00-04:00,39.69919967651367,39.70000076293945,39.69919967651367,39.70000076293945,1650,0.0,0.0,0.0
2024-06-10 15:02:00-04:00,39.720001220703125,39.72999954223633,39.720001220703125,39.72999954223633,300,0.0,0.0,0.0
2024-06-10 15:05:00-04:00,39.72999954223633,39.72999954223633,39.720001220703125,39.720001220703125,200,0.0,0.0,0.0
2024-06-10 15:06:00-04:00,39.720001220703125,39.720001220703125,39.720001220703125,39.720001220703125,100,0.0,0.0,0.0
2024-06-10 15:07:00-04:00,39.73149871826172,39.73149871826172,39.73149871826172,39.73149871826172,1979,0.0,0.0,0.0
2024-06-10 15:12:00-04:00,39.70119857788086,39.70899963378906,39.70119857788086,39.70899963378906,200,0.0,0.0,0.0
2024-06-10 15:13:00-04:00,39.709999084472656,39.709999084472656,39.709999084472656,39.709999084472656,200,0.0,0.0,0.0
2024-06-10 15:14:00-04:00,39.739898681640625,39.79999923706055,39.739898681640625,39.79999923706055,461,0.0,0.0,0.0
2024-06-10 15:15:00-04:00,39.869998931884766,39.91939926147461,39.77000045776367,39.77000045776367,2611,0.0,0.0,0.0
2024-06-10 15:16:00-04:00,39.77000045776367,39.77000045776367,39.77000045776367,39.77000045776367,110,0.0,0.0,0.0
2024-06-10 15:18:00-04:00,39.75,39.75,39.75,39.75,100,0.0,0.0,0.0
2024-06-10 15:19:00-04:00,39.7599983215332,39.7599983215332,39.7599983215332,39.7599983215332,579,0.0,0.0,0.0
2024-06-10 15:23:00-04:00,39.79999923706055,39.80099868774414,39.790000915527344,39.79999923706055,1843,0.0,0.0,0.0
2024-06-10 15:25:00-04:00,39.7599983215332,39.7599983215332,39.7599983215332,39.7599983215332,100,0.0,0.0,0.0
2024-06-10 15:26:00-04:00,39.75790023803711,39.75790023803711,39.75790023803711,39.75790023803711,202,0.0,0.0,0.0
2024-06-10 15:27:00-04:00,39.74509811401367,39.75,39.74509811401367,39.75,854,0.0,0.0,0.0
2024-06-10 15:28:00-04:00,39.79999923706055,39.79999923706055,39.79999923706055,39.79999923706055,148,0.0,0.0,0.0
2024-06-10 15:29:00-04:00,39.790000915527344,39.790000915527344,39.790000915527344,39.790000915527344,300,0.0,0.0,0.0
2024-06-10 15:30:00-04:00,39.77000045776367,39.77000045776367,39.77000045776367,39.77000045776367,165,0.0,0.0,0.0
2024-06-10 15:31:00-04:00,39.72999954223633,39.72999954223633,39.72999954223633,39.72999954223633,152,0.0,0.0,0.0
2024-06-10 15:32:00-04:00,39.670101165771484,39.670101165771484,39.66999816894531,39.66999816894531,1651,0.0,0.0,0.0
2024-06-10 15:34:00-04:00,39.659698486328125,39.659698486328125,39.659698486328125,39.659698486328125,100,0.0,0.0,0.0
2024-06-10 15:36:00-04:00,39.68989944458008,39.689998626708984,39.68989944458008,39.689998626708984,237,0.0,0.0,0.0
2024-06-10 15:38:00-04:00,39.66999816894531,39.66999816894531,39.66999816894531,39.66999816894531,200,0.0,0.0,0.0
2024-06-10 15:39:00-04:00,39.66999816894531,39.66999816894531,39.66999816894531,39.66999816894531,426,0.0,0.0,0.0
2024-06-10 15:40:00-04:00,39.679298400878906,39.70989990234375,39.650001525878906,39.70989990234375,5570,0.0,0.0,0.0
2024-06-10 15:42:00-04:00,39.7400016784668,39.7400016784668,39.7400016784668,39.7400016784668,107,0.0,0.0,0.0
2024-06-10 15:44:00-04:00,39.68000030517578,39.68000030517578,39.66999816894531,39.66999816894531,600,0.0,0.0,0.0
2024-06-10 15:45:00-04:00,39.63010025024414,39.63010025024414,39.630001068115234,39.630001068115234,2750,0.0,0.0,0.0
2024-06-10 15:46:00-04:00,39.630001068115234,39.630001068115234,39.630001068115234,39.630001068115234,200,0.0,0.0,0.0
2024-06-10 15:48:00-04:00,39.619998931884766,39.619998931884766,39.619998931884766,39.619998931884766,205,0.0,0.0,0.0
2024-06-10 15:49:00-04:00,39.630001068115234,39.630001068115234,39.630001068115234,39.630001068115234,101,0.0,0.0,0.0
2024-06-10 15:50:00-04:00,39.58000183105469,39.630001068115234,39.58000183105469,39.630001068115234,1852,0.0,0.0,0.0
2024-06-10 15:51:00-04:00,39.650001525878906,39.65010070800781,39.650001525878906,39.65010070800781,377,0.0,0.0,0.0
2024-06-10 15:52:00-04:00,39.65999984741211,39.65999984741211,39.65999984741211,39.65999984741211,1191,0.0,0.0,0.0
2024-06-10 15:53:00-04:00,39.65999984741211,39.65999984741211,39.65999984741211,39.65999984741211,670,0.0,0.0,0.0
2024-06-10 15:54:00-04:00,39.73970031738281,39.75,39.72999954223633,39.72999954223633,3085,0.0,0.0,0.0
2024-06-10 15:55:00-04:00,39.70000076293945,39.70000076293945,39.66999816894531,39.689998626708984,501,0.0,0.0,0.0
2024-06-10 15:57:00-04:00,39.71770095825195,39.71770095825195,39.71770095825195,39.71770095825195,1058,0.0,0.0,0.0
2024-06-10 15:58:00-04:00,39.733699798583984,39.733699798583984,39.720001220703125,39.720001220703125,1061,0.0,0.0,0.0
2024-06-10 15:59:00-04:00,39.672000885009766,39.79999923706055,39.672000885009766,39.7400016784668,1692,0.0,0.0,0.0
2024-06-11 09:30:00-04:00,39.29999923706055,39.31999969482422,39.20000076293945,39.20000076293945,68335,0.0,0.0,0.0
2024-06-11 09:31:00-04:00,39.220001220703125,39.220001220703125,39.150001525878906,39.150001525878906,1165,0.0,0.0,0.0
2024-06-11 09:33:00-04:00,39.150001525878906,39.150001525878906,39.150001525878906,39.150001525878906,918,0.0,0.0,0.0
2024-06-11 09:34:00-04:00,39.1879997253418,39.189998626708984,39.18000030517578,39.18000030517578,2409,0.0,0.0,0.0
2024-06-11 09:35:00-04:00,39.119998931884766,39.119998931884766,39.119998931884766,39.119998931884766,100,0.0,0.0,0.0
2024-06-11 09:36:00-04:00,39.13999938964844,39.13999938964844,39.13999938964844,39.13999938964844,364,0.0,0.0,0.0
2024-06-11 09:37:00-04:00,39.14039993286133,39.14630126953125,39.14039993286133,39.14630126953125,336,0.0,0.0,0.0
2024-06-11 09:39:00-04:00,39.130001068115234,39.130001068115234,39.130001068115234,39.130001068115234,785,0.0,0.0,0.0
2024-06-11 09:41:00-04:00,39.11000061035156,39.11000061035156,39.1068000793457,39.10689926147461,360,0.0,0.0,0.0
2024-06-11 09:42:00-04:00,39.13999938964844,39.13999938964844,39.099998474121094,39.099998474121094,1476,0.0,0.0,0.0
2024-06-11 09:43:00-04:00,39.06999969482422,39.06999969482422,39.06999969482422,39.06999969482422,202,0.0,0.0,0.0
2024-06-11 09:44:00-04:00,39.04999923706055,39.04999923706055,39.04999923706055,39.04999923706055,674,0.0,0.0,0.0
2024-06-11 09:46:00-04:00,39.0,39.0,38.95000076293945,38.95000076293945,12882,0.0,0.0,0.0
2024-06-11 09:47:00-04:00,38.95000076293945,38.95000076293945,38.76900100708008,38.76900100708008,1864,0.0,0.0,0.0
2024-06-11 09:48:00-04:00,38.73899841308594,38.7400016784668,38.73899841308594,38.7400016784668,40010,0.0,0.0,0.0
2024-06-11 09:50:00-04:00,38.75149917602539,38.79999923706055,38.75,38.79999923706055,11716,0.0,0.0,0.0
2024-06-11 09:51:00-04:00,38.808998107910156,38.849998474121094,38.808998107910156,38.849998474121094,867,0.0,0.0,0.0
2024-06-11 09:52:00-04:00,38.888999938964844,38.88999938964844,38.849998474121094,38.849998474121094,2333,0.0,0.0,0.0
2024-06-11 09:53:00-04:00,38.849998474121094,38.849998474121094,38.849998474121094,38.849998474121094,288,0.0,0.0,0.0
2024-06-11 09:54:00-04:00,38.79999923706055,38.79999923706055,38.75,38.75,599,0.0,0.0,0.0
2024-06-11 09:55:00-04:00,38.75,38.75,38.75,38.75,249,0.0,0.0,0.0
2024-06-11 09:56:00-04:00,38.779998779296875,38.790000915527344,38.779998779296875,38.790000915527344,294,0.0,0.0,0.0
2024-06-11 09:57:00-04:00,38.79499816894531,38.79999923706055,38.79499816894531,38.79999923706055,317,0.0,0.0,0.0
2024-06-11 09:58:00-04:00,38.86989974975586,38.869998931884766,38.86989974975586,38.86989974975586,590,0.0,0.0,0.0
2024-06-11 09:59:00-04:00,38.91999816894531,38.91999816894531,38.900001525878906,38.900001525878906,422,0.0,0.0,0.0
2024-06-11 10:00:00-04:00,38.93000030517578,38.93000030517578,38.93000030517578,38.93000030517578,255,0.0,0.0,0.0
2024-06-11 10:01:00-04:00,39.00640106201172,39.00640106201172,38.970001220703125,38.970001220703125,965,0.0,0.0,0.0
2024-06-11 10:02:00-04:00,38.88999938964844,38.900001525878906,38.88999938964844,38.900001525878906,403,0.0,0.0,0.0
2024-06-11 10:03:00-04:00,38.88999938964844,38.88999938964844,38.88999938964844,38.88999938964844,281,0.0,0.0,0.0
2024-06-11 10:05:00-04:00,38.95500183105469,39.009700775146484,38.95500183105469,39.009700775146484,981,0.0,0.0,0.0
2024-06-11 10:06:00-04:00,39.02000045776367,39.029998779296875,39.0,39.0015983581543,2812,0.0,0.0,0.0
2024-06-11 10:07:00-04:00,39.0099983215332,39.01020050048828,38.97999954223633,39.0099983215332,2003,0.0,0.0,0.0
2024-06-11 10:08:00-04:00,39.0099983215332,39.01499938964844,39.0,39.0,10276,0.0,0.0,0.0
2024-06-11 10:09:00-04:00,39.005001068115234,39.019901275634766,39.005001068115234,39.019901275634766,399,0.0,0.0,0.0
2024-06-11 10:10:00-04:00,39.029998779296875,39.029998779296875,39.02000045776367,39.02000045776367,300,0.0,0.0,0.0
2024-06-11 10:11:00-04:00,39.04999923706055,39.060001373291016,39.040000915527344,39.060001373291016,704,0.0,0.0,0.0
2024-06-11 10:12:00-04:00,39.07600021362305,39.07600021362305,39.07600021362305,39.07600021362305,1257,0.0,0.0,0.0
2024-06-11 10:13:00-04:00,39.06610107421875,39.11000061035156,39.06610107421875,39.11000061035156,1491,0.0,0.0,0.0
2024-06-11 10:14:00-04:00,39.099998474121094,39.099998474121094,39.09000015258789,39.09000015258789,1667,0.0,0.0,0.0
2024-06-11 10:16:00-04:00,39.130001068115234,39.130001068115234,39.130001068115234,39.130001068115234,100,0.0,0.0,0.0
2024-06-11 10:17:00-04:00,39.11000061035156,39.11000061035156,39.099998474121094,39.11000061035156,341,0.0,0.0,0.0
2024-06-11 10:18:00-04:00,39.060001373291016,39.060001373291016,39.060001373291016,39.060001373291016,183,0.0,0.0,0.0
2024-06-11 10:19:00-04:00,39.099998474121094,39.099998474121094,39.099998474121094,39.099998474121094,100,0.0,0.0,0.0
2024-06-11 10:20:00-04:00,39.1254997253418,39.13999938964844,39.11000061035156,39.11000061035156,842,0.0,0.0,0.0
2024-06-11 10:23:00-04:00,39.130001068115234,39.130001068115234,39.130001068115234,39.130001068115234,175042,0.0,0.0,0.0
2024-06-11 10:24:00-04:00,39.15999984741211,39.15999984741211,39.150001525878906,39.150001525878906,251,0.0,0.0,0.0
2024-06-11 10:25:00-04:00,39.19060134887695,39.209999084472656,39.1797981262207,39.1797981262207,443,0.0,0.0,0.0
2024-06-11 10:27:00-04:00,39.209999084472656,39.209999084472656,39.209999084472656,39.209999084472656,127,0.0,0.0,0.0
2024-06-11 10:28:00-04:00,39.20000076293945,39.20000076293945,39.20000076293945,39.20000076293945,360,0.0,0.0,0.0
2024-06-11 10:29:00-04:00,39.207401275634766,39.209999084472656,39.17729949951172,39.17729949951172,4675,0.0,0.0,0.0
2024-06-11 10:30:00-04:00,39.17250061035156,39.17250061035156,39.17250061035156,39.17250061035156,320,0.0,0.0,0.0
2024-06-11 10:31:00-04:00,39.18510055541992,39.18960189819336,39.16999816894531,39.16999816894531,777,0.0,0.0,0.0
2024-06-11 10:32:00-04:00,39.189998626708984,39.209999084472656,39.189998626708984,39.209999084472656,794,0.0,0.0,0.0
2024-06-11 10:34:00-04:00,39.209999084472656,39.209999084472656,39.209999084472656,39.209999084472656,135,0.0,0.0,0.0
2024-06-11 10:35:00-04:00,39.220001220703125,39.25,39.220001220703125,39.25,662,0.0,0.0,0.0
2024-06-11 10:36:00-04:00,39.249900817871094,39.249900817871094,39.249900817871094,39.249900817871094,1862,0.0,0.0,0.0
2024-06-11 10:38:00-04:00,39.23899841308594,39.23899841308594,39.23899841308594,39.23899841308594,654,0.0,0.0,0.0
2024-06-11 10:40:00-04:00,39.279998779296875,39.279998779296875,39.279998779296875,39.279998779296875,305,0.0,0.0,0.0
2024-06-11 10:41:00-04:00,39.29999923706055,39.29999923706055,39.29999923706055,39.29999923706055,382,0.0,0.0,0.0
2024-06-11 10:43:00-04:00,39.38999938964844,39.38999938964844,39.369998931884766,39.369998931884766,439,0.0,0.0,0.0
2024-06-11 10:45:00-04:00,39.350101470947266,39.350101470947266,39.32830047607422,39.32830047607422,2200,0.0,0.0,0.0
2024-06-11 10:46:00-04:00,39.334999084472656,39.334999084472656,39.31449890136719,39.31449890136719,326,0.0,0.0,0.0
2024-06-11 10:49:00-04:00,39.36000061035156,39.36000061035156,39.36000061035156,39.36000061035156,100,0.0,0.0,0.0
2024-06-11 10:50:00-04:00,39.380001068115234,39.380001068115234,39.380001068115234,39.380001068115234,2082,0.0,0.0,0.0
2024-06-11 10:51:00-04:00,39.369998931884766,39.370601654052734,39.369998931884766,39.370601654052734,834,0.0,0.0,0.0
2024-06-11 10:52:00-04:00,39.39099884033203,39.40999984741211,39.39099884033203,39.40999984741211,2005,0.0,0.0,0.0
2024-06-11 10:55:00-04:00,39.459999084472656,39.459999084472656,39.459999084472656,39.459999084472656,104,0.0,0.0,0.0
2024-06-11 10:56:00-04:00,39.45009994506836,39.45009994506836,39.45009994506836,39.45009994506836,2003,0.0,0.0,0.0
2024-06-11 10:57:00-04:00,39.45560073852539,39.45560073852539,39.45000076293945,39.45000076293945,417,0.0,0.0,0.0
2024-06-11 10:58:00-04:00,39.47990036010742,39.47990036010742,39.47990036010742,39.47990036010742,2335,0.0,0.0,0.0
2024-06-11 11:00:00-04:00,39.4900016784668,39.4900016784668,39.4900016784668,39.4900016784668,111,0.0,0.0,0.0
2024-06-11 11:01:00-04:00,39.470001220703125,39.470001220703125,39.470001220703125,39.470001220703125,2000,0.0,0.0,0.0
2024-06-11 11:02:00-04:00,39.47999954223633,39.5,39.47999954223633,39.4900016784668,400,0.0,0.0,0.0
2024-06-11 11:03:00-04:00,39.4900016784668,39.4900016784668,39.4900016784668,39.4900016784668,381,0.0,0.0,0.0
2024-06-11 11:04:00-04:00,39.40999984741211,39.43000030517578,39.395301818847656,39.395301818847656,1172,0.0,0.0,0.0
2024-06-11 11:05:00-04:00,39.400001525878906,39.400001525878906,39.400001525878906,39.400001525878906,251,0.0,0.0,0.0
2024-06-11 11:08:00-04:00,39.33000183105469,39.349998474121094,39.33000183105469,39.349998474121094,301,0.0,0.0,0.0
2024-06-11 11:09:00-04:00,39.3390007019043,39.3390007019043,39.3390007019043,39.3390007019043,1000,0.0,0.0,0.0
2024-06-11 11:10:00-04:00,39.355098724365234,39.36000061035156,39.355098724365234,39.36000061035156,525,0.0,0.0,0.0
2024-06-11 11:11:00-04:00,39.369998931884766,39.380001068115234,39.35070037841797,39.380001068115234,700,0.0,0.0,0.0
2024-06-11 11:13:00-04:00,39.35499954223633,39.35499954223633,39.35499954223633,39.35499954223633,1158,0.0,0.0,0.0
2024-06-11 11:17:00-04:00,39.290000915527344,39.290000915527344,39.290000915527344,39.290000915527344,458,0.0,0.0,0.0
2024-06-11 11:18:00-04:00,39.347198486328125,39.380001068115234,39.347198486328125,39.380001068115234,756,0.0,0.0,0.0
2024-06-11 11:20:00-04:00,39.40999984741211,39.40999984741211,39.40999984741211,39.40999984741211,140,0.0,0.0,0.0
2024-06-11 11:21:00-04:00,39.40639877319336,39.40999984741211,39.40639877319336,39.40999984741211,211,0.0,0.0,0.0
2024-06-11 11:22:00-04:00,39.400001525878906,39.400001525878906,39.400001525878906,39.400001525878906,195,0.0,0.0,0.0
2024-06-11 11:24:00-04:00,39.40999984741211,39.40999984741211,39.40999984741211,39.40999984741211,161,0.0,0.0,0.0
2024-06-11 11:26:00-04:00,39.41999816894531,39.41999816894531,39.41999816894531,39.41999816894531,104,0.0,0.0,0.0
2024-06-11 11:27:00-04:00,39.439998626708984,39.439998626708984,39.439998626708984,39.439998626708984,247,0.0,0.0,0.0
2024-06-11 11:28:00-04:00,39.415000915527344,39.415000915527344,39.415000915527344,39.415000915527344,326,0.0,0.0,0.0
2024-06-11 11:30:00-04:00,39.4119987487793,39.4119987487793,39.40999984741211,39.40999984741211,3898,0.0,0.0,0.0
2024-06-11 11:32:00-04:00,39.489498138427734,39.489498138427734,39.489498138427734,39.489498138427734,177,0.0,0.0,0.0
2024-06-11 11:33:00-04:00,39.4900016784668,39.4900016784668,39.4900016784668,39.4900016784668,110,0.0,0.0,0.0
2024-06-11 11:34:00-04:00,39.4900016784668,39.4900016784668,39.4900016784668,39.4900016784668,652,0.0,0.0,0.0
2024-06-11 11:35:00-04:00,39.45000076293945,39.45000076293945,39.40999984741211,39.40999984741211,1019,0.0,0.0,0.0
2024-06-11 11:39:00-04:00,39.41999816894531,39.41999816894531,39.41999816894531,39.41999816894531,713,0.0,0.0,0.0
2024-06-11 11:41:00-04:00,39.369998931884766,39.369998931884766,39.36000061035156,39.36000061035156,361,0.0,0.0,0.0
2024-06-11 11:42:00-04:00,39.380001068115234,39.380001068115234,39.349998474121094,39.349998474121094,2321,0.0,0.0,0.0
2024-06-11 11:43:00-04:00,39.349998474121094,39.349998474121094,39.2400016784668,39.2400016784668,3320,0.0,0.0,0.0
2024-06-11 11:44:00-04:00,39.2400016784668,39.2599983215332,39.2400016784668,39.2599983215332,551,0.0,0.0,0.0
2024-06-11 11:45:00-04:00,39.275001525878906,39.33000183105469,39.275001525878906,39.33000183105469,300,0.0,0.0,0.0
2024-06-11 11:46:00-04:00,39.34000015258789,39.34000015258789,39.34000015258789,39.34000015258789,110,0.0,0.0,0.0
2024-06-11 11:48:00-04:00,39.29999923706055,39.29999923706055,39.29999923706055,39.29999923706055,276,0.0,0.0,0.0
2024-06-11 11:50:00-04:00,39.25899887084961,39.25899887084961,39.25899887084961,39.25899887084961,968,0.0,0.0,0.0
2024-06-11 11:53:00-04:00,39.242000579833984,39.279998779296875,39.242000579833984,39.279998779296875,453,0.0,0.0,0.0
2024-06-11 11:54:00-04:00,39.28010177612305,39.28010177612305,39.28010177612305,39.28010177612305,100,0.0,0.0,0.0
2024-06-11 11:55:00-04:00,39.27000045776367,39.27000045776367,39.27000045776367,39.27000045776367,261,0.0,0.0,0.0
2024-06-11 11:56:00-04:00,39.2599983215332,39.27000045776367,39.25,39.25,576,0.0,0.0,0.0
2024-06-11 11:58:00-04:00,39.2599983215332,39.2599983215332,39.2599983215332,39.2599983215332,176,0.0,0.0,0.0
2024-06-11 11:59:00-04:00,39.25,39.25,39.25,39.25,375,0.0,0.0,0.0
2024-06-11 12:00:00-04:00,39.2400016784668,39.2400016784668,39.2400016784668,39.2400016784668,253,0.0,0.0,0.0
2024-06-11 12:01:00-04:00,39.20000076293945,39.209999084472656,39.20000076293945,39.209999084472656,923,0.0,0.0,0.0
2024-06-11 12:02:00-04:00,39.209999084472656,39.27000045776367,39.20000076293945,39.27000045776367,1627,0.0,0.0,0.0
2024-06-11 12:03:00-04:00,39.25,39.25,39.25,39.25,401,0.0,0.0,0.0
2024-06-11 12:05:00-04:00,39.27000045776367,39.27000045776367,39.27000045776367,39.27000045776367,350,0.0,0.0,0.0
2024-06-11 12:08:00-04:00,39.2599983215332,39.2599983215332,39.2599983215332,39.2599983215332,836,0.0,0.0,0.0
2024-06-11 12:14:00-04:00,39.290000915527344,39.29999923706055,39.290000915527344,39.29520034790039,1114,0.0,0.0,0.0
2024-06-11 12:16:00-04:00,39.27000045776367,39.27000045776367,39.27000045776367,39.27000045776367,301,0.0,0.0,0.0
2024-06-11 12:17:00-04:00,39.29999923706055,39.29999923706055,39.29499816894531,39.29499816894531,600,0.0,0.0,0.0
2024-06-11 12:18:00-04:00,39.27000045776367,39.27000045776367,39.27000045776367,39.27000045776367,226,0.0,0.0,0.0
2024-06-11 12:19:00-04:00,39.27830123901367,39.27830123901367,39.220001220703125,39.220001220703125,424,0.0,0.0,0.0
2024-06-11 12:22:00-04:00,39.22999954223633,39.22999954223633,39.220001220703125,39.220001220703125,200,0.0,0.0,0.0
2024-06-11 12:23:00-04:00,39.18000030517578,39.18000030517578,39.16999816894531,39.16999816894531,202,0.0,0.0,0.0
2024-06-11 12:26:00-04:00,39.239601135253906,39.239601135253906,39.239601135253906,39.239601135253906,111,0.0,0.0,0.0
2024-06-11 12:29:00-04:00,39.22999954223633,39.22999954223633,39.22999954223633,39.22999954223633,104,0.0,0.0,0.0
2024-06-11 12:33:00-04:00,39.25,39.25,39.2400016784668,39.2400016784668,351,0.0,0.0,0.0
2024-06-11 12:35:00-04:00,39.29999923706055,39.31999969482422,39.29999923706055,39.31999969482422,382,0.0,0.0,0.0
2024-06-11 12:36:00-04:00,39.290000915527344,39.290000915527344,39.290000915527344,39.290000915527344,176,0.0,0.0,0.0
2024-06-11 12:37:00-04:00,39.31999969482422,39.31999969482422,39.31999969482422,39.31999969482422,101,0.0,0.0,0.0
2024-06-11 12:38:00-04:00,39.279998779296875,39.279998779296875,39.279998779296875,39.279998779296875,100,0.0,0.0,0.0
2024-06-11 12:39:00-04:00,39.29800033569336,39.29800033569336,39.290000915527344,39.290000915527344,490,0.0,0.0,0.0
2024-06-11 12:40:00-04:00,39.310001373291016,39.310001373291016,39.310001373291016,39.310001373291016,209,0.0,0.0,0.0
2024-06-11 12:44:00-04:00,39.36000061035156,39.36000061035156,39.35100173950195,39.35100173950195,512,0.0,0.0,0.0
2024-06-11 12:46:00-04:00,39.34000015258789,39.34000015258789,39.34000015258789,39.34000015258789,106,0.0,0.0,0.0
2024-06-11 12:47:00-04:00,39.301998138427734,39.301998138427734,39.290000915527344,39.290000915527344,1175,0.0,0.0,0.0
2024-06-11 12:50:00-04:00,39.290000915527344,39.290000915527344,39.27000045776367,39.285099029541016,501,0.0,0.0,0.0
2024-06-11 12:51:00-04:00,39.29999923706055,39.29999923706055,39.279998779296875,39.279998779296875,201,0.0,0.0,0.0
2024-06-11 12:52:00-04:00,39.3046989440918,39.3046989440918,39.3046989440918,39.3046989440918,501,0.0,0.0,0.0
2024-06-11 12:53:00-04:00,39.29999923706055,39.29999923706055,39.29999923706055,39.29999923706055,101,0.0,0.0,0.0
2024-06-11 12:54:00-04:00,39.279998779296875,39.279998779296875,39.27000045776367,39.27000045776367,484,0.0,0.0,0.0
2024-06-11 12:55:00-04:00,39.310001373291016,39.310001373291016,39.310001373291016,39.310001373291016,250,0.0,0.0,0.0
2024-06-11 12:56:00-04:00,39.34000015258789,39.34000015258789,39.33000183105469,39.33000183105469,200,0.0,0.0,0.0
2024-06-11 12:57:00-04:00,39.31999969482422,39.31999969482422,39.31999969482422,39.31999969482422,338,0.0,0.0,0.0
2024-06-11 13:00:00-04:00,39.31999969482422,39.34000015258789,39.31999969482422,39.34000015258789,1428,0.0,0.0,0.0
2024-06-11 13:02:00-04:00,39.310001373291016,39.380001068115234,39.310001373291016,39.380001068115234,553,0.0,0.0,0.0
2024-06-11 13:03:00-04:00,39.43000030517578,39.43000030517578,39.43000030517578,39.43000030517578,501,0.0,0.0,0.0
2024-06-11 13:04:00-04:00,39.5,39.5,39.459999084472656,39.459999084472656,538,0.0,0.0,0.0
2024-06-11 13:06:00-04:00,39.470001220703125,39.470001220703125,39.470001220703125,39.470001220703125,602,0.0,0.0,0.0
2024-06-11 13:09:00-04:00,39.40999984741211,39.40999984741211,39.40999984741211,39.40999984741211,100,0.0,0.0,0.0
2024-06-11 13:10:00-04:00,39.40999984741211,39.45000076293945,39.40999984741211,39.45000076293945,648,0.0,0.0,0.0
2024-06-11 13:12:00-04:00,39.5,39.5,39.5,39.5,1194,0.0,0.0,0.0
2024-06-11 13:13:00-04:00,39.5,39.5,39.5,39.5,210,0.0,0.0,0.0
2024-06-11 13:15:00-04:00,39.5,39.5,39.47999954223633,39.47999954223633,252,0.0,0.0,0.0
2024-06-11 13:16:00-04:00,39.500999450683594,39.500999450683594,39.470001220703125,39.470001220703125,785,0.0,0.0,0.0
2024-06-11 13:18:00-04:00,39.41999816894531,39.45000076293945,39.41999816894531,39.41999816894531,350,0.0,0.0,0.0
2024-06-11 13:20:00-04:00,39.43000030517578,39.43000030517578,39.43000030517578,39.43000030517578,350,0.0,0.0,0.0
2024-06-11 13:22:00-04:00,39.33000183105469,39.33000183105469,39.33000183105469,39.33000183105469,325,0.0,0.0,0.0
2024-06-11 13:24:00-04:00,39.279998779296875,39.279998779296875,39.279998779296875,39.279998779296875,400,0.0,0.0,0.0
2024-06-11 13:25:00-04:00,39.29999923706055,39.29999923706055,39.29999923706055,39.29999923706055,421,0.0,0.0,0.0
2024-06-11 13:27:00-04:00,39.359901428222656,39.359901428222656,39.349998474121094,39.349998474121094,500,0.0,0.0,0.0
2024-06-11 13:28:00-04:00,39.33000183105469,39.349998474121094,39.33000183105469,39.349998474121094,200,0.0,0.0,0.0
2024-06-11 13:29:00-04:00,39.36000061035156,39.36000061035156,39.36000061035156,39.36000061035156,200,0.0,0.0,0.0
2024-06-11 13:30:00-04:00,39.369998931884766,39.40999984741211,39.369998931884766,39.40999984741211,262,0.0,0.0,0.0
2024-06-11 13:31:00-04:00,39.38999938964844,39.38999938964844,39.38999938964844,39.38999938964844,400,0.0,0.0,0.0
2024-06-11 13:32:00-04:00,39.41999816894531,39.41999816894531,39.41999816894531,39.41999816894531,100,0.0,0.0,0.0
2024-06-11 13:33:00-04:00,39.41999816894531,39.41999816894531,39.380001068115234,39.380001068115234,682,0.0,0.0,0.0
2024-06-11 13:39:00-04:00,39.5,39.5,39.5,39.5,102,0.0,0.0,0.0
2024-06-11 13:41:00-04:00,39.43000030517578,39.43000030517578,39.43000030517578,39.43000030517578,174,0.0,0.0,0.0
2024-06-11 13:42:00-04:00,39.459999084472656,39.459999084472656,39.459999084472656,39.459999084472656,125,0.0,0.0,0.0
2024-06-11 13:43:00-04:00,39.4900016784668,39.4900016784668,39.4900016784668,39.4900016784668,101,0.0,0.0,0.0
2024-06-11 13:46:00-04:00,39.529998779296875,39.529998779296875,39.529998779296875,39.529998779296875,100,0.0,0.0,0.0
2024-06-11 13:47:00-04:00,39.5,39.5,39.5,39.5,125,0.0,0.0,0.0
2024-06-11 13:49:00-04:00,39.5,39.5099983215332,39.4900016784668,39.5099983215332,1900,0.0,0.0,0.0
2024-06-11 13:50:00-04:00,39.5,39.5,39.5,39.5,312,0.0,0.0,0.0
2024-06-11 13:53:00-04:00,39.58000183105469,39.58000183105469,39.58000183105469,39.58000183105469,150,0.0,0.0,0.0
2024-06-11 13:54:00-04:00,39.619998931884766,39.654998779296875,39.619998931884766,39.65439987182617,1355,0.0,0.0,0.0
2024-06-11 13:56:00-04:00,39.630001068115234,39.630001068115234,39.630001068115234,39.630001068115234,117,0.0,0.0,0.0
2024-06-11 13:57:00-04:00,39.63999938964844,39.63999938964844,39.63999938964844,39.63999938964844,100,0.0,0.0,0.0
2024-06-11 13:58:00-04:00,39.63999938964844,39.63999938964844,39.63999938964844,39.63999938964844,100,0.0,0.0,0.0
2024-06-11 13:59:00-04:00,39.63999938964844,39.63999938964844,39.63999938964844,39.63999938964844,287,0.0,0.0,0.0
2024-06-11 14:03:00-04:00,39.65999984741211,39.65999984741211,39.65999984741211,39.65999984741211,214,0.0,0.0,0.0
2024-06-11 14:04:00-04:00,39.70000076293945,39.7400016784668,39.70000076293945,39.7400016784668,926,0.0,0.0,0.0
2024-06-11 14:05:00-04:00,39.727500915527344,39.727500915527344,39.727500915527344,39.727500915527344,433,0.0,0.0,0.0
2024-06-11 14:06:00-04:00,39.689998626708984,39.689998626708984,39.689998626708984,39.689998626708984,475,0.0,0.0,0.0
2024-06-11 14:07:00-04:00,39.619998931884766,39.619998931884766,39.619998931884766,39.619998931884766,428,0.0,0.0,0.0
2024-06-11 14:09:00-04:00,39.599998474121094,39.599998474121094,39.59000015258789,39.59000015258789,223,0.0,0.0,0.0
2024-06-11 14:10:00-04:00,39.58000183105469,39.58000183105469,39.58000183105469,39.58000183105469,326,0.0,0.0,0.0
2024-06-11 14:13:00-04:00,39.70140075683594,39.70140075683594,39.70140075683594,39.70140075683594,100,0.0,0.0,0.0
2024-06-11 14:14:00-04:00,39.72999954223633,39.72999954223633,39.72999954223633,39.72999954223633,200,0.0,0.0,0.0
2024-06-11 14:15:00-04:00,39.720001220703125,39.720001220703125,39.720001220703125,39.720001220703125,412,0.0,0.0,0.0
2024-06-11 14:16:00-04:00,39.75,39.810001373291016,39.75,39.810001373291016,14012,0.0,0.0,0.0
2024-06-11 14:17:00-04:00,39.77000045776367,39.78219985961914,39.77000045776367,39.779998779296875,382,0.0,0.0,0.0
2024-06-11 14:19:00-04:00,39.779998779296875,39.779998779296875,39.779998779296875,39.779998779296875,155,0.0,0.0,0.0
2024-06-11 14:21:00-04:00,39.849998474121094,39.849998474121094,39.849998474121094,39.849998474121094,1060,0.0,0.0,0.0
2024-06-11 14:22:00-04:00,39.86000061035156,39.86000061035156,39.849998474121094,39.849998474121094,1016,0.0,0.0,0.0
2024-06-11 14:24:00-04:00,39.86000061035156,39.8650016784668,39.86000061035156,39.8650016784668,210,0.0,0.0,0.0
2024-06-11 14:25:00-04:00,39.84000015258789,39.84000015258789,39.839900970458984,39.839900970458984,314,0.0,0.0,0.0
2024-06-11 14:28:00-04:00,39.86000061035156,39.87009811401367,39.86000061035156,39.87009811401367,374,0.0,0.0,0.0
2024-06-11 14:29:00-04:00,39.95000076293945,39.95000076293945,39.95000076293945,39.95000076293945,201,0.0,0.0,0.0
2024-06-11 14:30:00-04:00,39.95000076293945,39.95000076293945,39.95000076293945,39.95000076293945,297,0.0,0.0,0.0
2024-06-11 14:31:00-04:00,39.97999954223633,39.97999954223633,39.97999954223633,39.97999954223633,3255,0.0,0.0,0.0
2024-06-11 14:32:00-04:00,40.0,40.02000045776367,40.0,40.0099983215332,6374,0.0,0.0,0.0
2024-06-11 14:33:00-04:00,40.060001373291016,40.060001373291016,40.040000915527344,40.04999923706055,1208,0.0,0.0,0.0
2024-06-11 14:34:00-04:00,40.0099983215332,40.019901275634766,40.0,40.0,4703,0.0,0.0,0.0
2024-06-11 14:35:00-04:00,40.0,40.0099983215332,40.0,40.0,887,0.0,0.0,0.0
2024-06-11 14:36:00-04:00,39.9989013671875,39.9989013671875,39.937599182128906,39.937599182128906,1668,0.0,0.0,0.0
2024-06-11 14:37:00-04:00,39.939998626708984,39.959999084472656,39.90999984741211,39.93000030517578,2301,0.0,0.0,0.0
2024-06-11 14:38:00-04:00,39.939998626708984,39.939998626708984,39.93000030517578,39.93000030517578,200,0.0,0.0,0.0
2024-06-11 14:39:00-04:00,39.92559814453125,39.93000030517578,39.92559814453125,39.93000030517578,402,0.0,0.0,0.0
2024-06-11 14:40:00-04:00,39.939998626708984,40.0,39.939998626708984,40.0,500,0.0,0.0,0.0
2024-06-11 14:41:00-04:00,40.0099983215332,40.04999923706055,40.0099983215332,40.04999923706055,481,0.0,0.0,0.0
2024-06-11 14:42:00-04:00,40.0099983215332,40.0099983215332,39.97999954223633,39.97999954223633,554,0.0,0.0,0.0
2024-06-11 14:43:00-04:00,39.96030044555664,39.96030044555664,39.96030044555664,39.96030044555664,292,0.0,0.0,0.0
2024-06-11 14:44:00-04:00,39.96989822387695,39.96989822387695,39.90950012207031,39.90950012207031,675,0.0,0.0,0.0
2024-06-11 14:45:00-04:00,39.900001525878906,39.95000076293945,39.900001525878906,39.95000076293945,3399,0.0,0.0,0.0
2024-06-11 14:46:00-04:00,39.95000076293945,39.959999084472656,39.95000076293945,39.959999084472656,201,0.0,0.0,0.0
2024-06-11 14:47:00-04:00,39.95000076293945,40.0,39.95000076293945,40.0,2735,0.0,0.0,0.0
2024-06-11 14:49:00-04:00,39.97999954223633,39.9900016784668,39.97999954223633,39.9900016784668,402,0.0,0.0,0.0
2024-06-11 14:50:00-04:00,39.97999954223633,39.992698669433594,39.970001220703125,39.992698669433594,414,0.0,0.0,0.0
2024-06-11 14:52:00-04:00,39.95000076293945,39.95000076293945,39.90999984741211,39.90999984741211,451,0.0,0.0,0.0
2024-06-11 14:53:00-04:00,39.900001525878906,39.91999816894531,39.900001525878906,39.91999816894531,205,0.0,0.0,0.0
2024-06-11 14:54:00-04:00,39.880001068115234,39.89820098876953,39.869998931884766,39.8848991394043,7798,0.0,0.0,0.0
2024-06-11 14:58:00-04:00,39.900001525878906,39.900001525878906,39.900001525878906,39.900001525878906,231,0.0,0.0,0.0
2024-06-11 15:00:00-04:00,39.97999954223633,39.97999954223633,39.97999954223633,39.97999954223633,250,0.0,0.0,0.0
2024-06-11 15:01:00-04:00,40.0,40.0,39.98550033569336,39.98550033569336,5398,0.0,0.0,0.0
2024-06-11 15:02:00-04:00,39.9900016784668,39.9900016784668,39.9900016784668,39.9900016784668,917,0.0,0.0,0.0
2024-06-11 15:03:00-04:00,40.0099983215332,40.0099983215332,40.0099983215332,40.0099983215332,837,0.0,0.0,0.0
2024-06-11 15:04:00-04:00,39.97999954223633,40.040000915527344,39.97999954223633,40.040000915527344,1856,0.0,0.0,0.0
2024-06-11 15:06:00-04:00,40.00019836425781,40.029998779296875,40.0,40.029998779296875,1295,0.0,0.0,0.0
2024-06-11 15:07:00-04:00,40.02000045776367,40.02000045776367,40.02000045776367,40.02000045776367,700,0.0,0.0,0.0
2024-06-11 15:08:00-04:00,40.0,40.0,39.994998931884766,39.994998931884766,251,0.0,0.0,0.0
2024-06-11 15:09:00-04:00,39.95000076293945,39.95000076293945,39.95000076293945,39.95000076293945,1902,0.0,0.0,0.0
2024-06-11 15:10:00-04:00,39.939998626708984,39.939998626708984,39.939998626708984,39.939998626708984,200,0.0,0.0,0.0
2024-06-11 15:11:00-04:00,39.88999938964844,39.900001525878906,39.88999938964844,39.900001525878906,300,0.0,0.0,0.0
2024-06-11 15:12:00-04:00,39.900001525878906,39.900001525878906,39.86000061035156,39.86000061035156,3160,0.0,0.0,0.0
2024-06-11 15:14:00-04:00,39.869998931884766,39.869998931884766,39.869998931884766,39.869998931884766,3198,0.0,0.0,0.0
2024-06-11 15:16:00-04:00,39.93000030517578,39.93000030517578,39.93000030517578,39.93000030517578,500,0.0,0.0,0.0
2024-06-11 15:17:00-04:00,39.900001525878906,39.91239929199219,39.900001525878906,39.91239929199219,585,0.0,0.0,0.0
2024-06-11 15:20:00-04:00,39.849998474121094,39.849998474121094,39.849998474121094,39.849998474121094,100,0.0,0.0,0.0
2024-06-11 15:22:00-04:00,39.880001068115234,39.88999938964844,39.880001068115234,39.88999938964844,1028,0.0,0.0,0.0
2024-06-11 15:25:00-04:00,39.88999938964844,39.88999938964844,39.88999938964844,39.88999938964844,195,0.0,0.0,0.0
2024-06-11 15:26:00-04:00,39.880001068115234,39.880001068115234,39.880001068115234,39.880001068115234,671,0.0,0.0,0.0
2024-06-11 15:27:00-04:00,39.869998931884766,39.869998931884766,39.869998931884766,39.869998931884766,329,0.0,0.0,0.0
2024-06-11 15:29:00-04:00,39.86000061035156,39.86000061035156,39.849998474121094,39.849998474121094,599,0.0,0.0,0.0
2024-06-11 15:30:00-04:00,39.79999923706055,39.84000015258789,39.79999923706055,39.84000015258789,2029,0.0,0.0,0.0
2024-06-11 15:31:00-04:00,39.83000183105469,39.849998474121094,39.83000183105469,39.849998474121094,296,0.0,0.0,0.0
2024-06-11 15:34:00-04:00,39.849998474121094,39.849998474121094,39.84000015258789,39.84000015258789,610,0.0,0.0,0.0
2024-06-11 15:37:00-04:00,39.880001068115234,39.880001068115234,39.880001068115234,39.880001068115234,155,0.0,0.0,0.0
2024-06-11 15:38:00-04:00,39.90999984741211,39.90999984741211,39.90999984741211,39.90999984741211,129,0.0,0.0,0.0
2024-06-11 15:39:00-04:00,39.96979904174805,39.96979904174805,39.96979904174805,39.96979904174805,101,0.0,0.0,0.0
2024-06-11 15:40:00-04:00,39.91999816894531,39.91999816894531,39.91999816894531,39.91999816894531,254,0.0,0.0,0.0
2024-06-11 15:41:00-04:00,39.90999984741211,39.95000076293945,39.90999984741211,39.94029998779297,713,0.0,0.0,0.0
2024-06-11 15:42:00-04:00,39.93000030517578,39.93000030517578,39.93000030517578,39.93000030517578,210,0.0,0.0,0.0
2024-06-11 15:43:00-04:00,39.90999984741211,39.90999984741211,39.90999984741211,39.90999984741211,477,0.0,0.0,0.0
2024-06-11 15:45:00-04:00,39.94960021972656,39.94960021972656,39.93159866333008,39.93159866333008,6005,0.0,0.0,0.0
2024-06-11 15:46:00-04:00,39.95000076293945,39.95000076293945,39.939998626708984,39.939998626708984,541,0.0,0.0,0.0
2024-06-11 15:47:00-04:00,39.90999984741211,39.919898986816406,39.90999984741211,39.919898986816406,3870,0.0,0.0,0.0
2024-06-11 15:49:00-04:00,39.87200164794922,39.87200164794922,39.861000061035156,39.861000061035156,1252,0.0,0.0,0.0
2024-06-11 15:50:00-04:00,39.84989929199219,39.855098724365234,39.84989929199219,39.855098724365234,2301,0.0,0.0,0.0
2024-06-11 15:51:00-04:00,39.88359832763672,39.88359832763672,39.88359832763672,39.88359832763672,172,0.0,0.0,0.0
2024-06-11 15:52:00-04:00,39.90999984741211,39.90999984741211,39.880001068115234,39.90999984741211,4381,0.0,0.0,0.0
2024-06-11 15:53:00-04:00,39.97999954223633,39.97999954223633,39.97420120239258,39.97999954223633,2632,0.0,0.0,0.0
2024-06-11 15:54:00-04:00,39.97999954223633,40.029998779296875,39.95610046386719,39.95610046386719,3569,0.0,0.0,0.0
2024-06-11 15:55:00-04:00,39.9900016784668,40.075801849365234,39.9900016784668,40.075801849365234,3649,0.0,0.0,0.0
2024-06-11 15:56:00-04:00,40.060001373291016,40.060001373291016,40.040000915527344,40.040000915527344,1783,0.0,0.0,0.0
2024-06-11 15:57:00-04:00,40.04999923706055,40.04999923706055,40.029998779296875,40.040000915527344,1134,0.0,0.0,0.0
2024-06-11 15:58:00-04:00,40.08000183105469,40.100101470947266,40.08000183105469,40.09000015258789,1345,0.0,0.0,0.0
2024-06-11 15:59:00-04:00,40.099998474121094,40.150001525878906,40.09000015258789,40.150001525878906,1251,0.0,0.0,0.0
2024-06-12 09:30:00-04:00,41.52000045776367,41.52000045776367,41.43000030517578,41.43000030517578,154994,0.0,0.0,0.0
2024-06-12 09:31:00-04:00,41.470001220703125,41.529998779296875,41.470001220703125,41.52899932861328,6714,0.0,0.0,0.0
2024-06-12 09:32:00-04:00,41.5265998840332,41.54999923706055,41.5099983215332,41.5099983215332,1377,0.0,0.0,0.0
2024-06-12 09:33:00-04:00,41.44900131225586,41.459999084472656,41.44900131225586,41.459999084472656,1990,0.0,0.0,0.0
2024-06-12 09:34:00-04:00,41.43000030517578,41.44900131225586,41.41999816894531,41.444000244140625,17843,0.0,0.0,0.0
2024-06-12 09:35:00-04:00,41.45000076293945,41.459999084472656,41.45000076293945,41.459999084472656,3153,0.0,0.0,0.0
2024-06-12 09:36:00-04:00,41.51810073852539,41.51810073852539,41.459999084472656,41.459999084472656,794,0.0,0.0,0.0
2024-06-12 09:37:00-04:00,41.439998626708984,41.439998626708984,41.439998626708984,41.439998626708984,154,0.0,0.0,0.0
2024-06-12 09:38:00-04:00,41.47999954223633,41.560001373291016,41.47999954223633,41.560001373291016,2524,0.0,0.0,0.0
2024-06-12 09:39:00-04:00,41.57500076293945,41.57500076293945,41.56999969482422,41.57500076293945,1928,0.0,0.0,0.0
2024-06-12 09:40:00-04:00,41.59000015258789,41.599998474121094,41.56999969482422,41.59000015258789,6673,0.0,0.0,0.0
2024-06-12 09:41:00-04:00,41.619998931884766,41.619998931884766,41.61000061035156,41.61000061035156,699,0.0,0.0,0.0
2024-06-12 09:42:00-04:00,41.63999938964844,41.66239929199219,41.63999938964844,41.66239929199219,1534,0.0,0.0,0.0
2024-06-12 09:43:00-04:00,41.755001068115234,41.755001068115234,41.755001068115234,41.755001068115234,1252,0.0,0.0,0.0
2024-06-12 09:44:00-04:00,41.810001373291016,41.81999969482422,41.810001373291016,41.81999969482422,299,0.0,0.0,0.0
2024-06-12 09:45:00-04:00,41.849998474121094,41.865501403808594,41.81999969482422,41.863800048828125,1322,0.0,0.0,0.0
2024-06-12 09:46:00-04:00,41.80649948120117,41.84000015258789,41.80649948120117,41.84000015258789,4051,0.0,0.0,0.0
2024-06-12 09:47:00-04:00,41.83000183105469,41.869998931884766,41.83000183105469,41.849998474121094,12284,0.0,0.0,0.0
2024-06-12 09:48:00-04:00,41.849998474121094,41.849998474121094,41.849998474121094,41.849998474121094,935,0.0,0.0,0.0
2024-06-12 09:49:00-04:00,41.90950012207031,41.90950012207031,41.899200439453125,41.899200439453125,327,0.0,0.0,0.0
2024-06-12 09:50:00-04:00,41.9010009765625,41.9010009765625,41.880001068115234,41.880001068115234,3997,0.0,0.0,0.0
2024-06-12 09:52:00-04:00,41.880001068115234,41.880001068115234,41.880001068115234,41.880001068115234,352,0.0,0.0,0.0
2024-06-12 09:53:00-04:00,41.81999969482422,41.83000183105469,41.81999969482422,41.83000183105469,1222,0.0,0.0,0.0
2024-06-12 09:54:00-04:00,41.79999923706055,41.79999923706055,41.79999923706055,41.79999923706055,948,0.0,0.0,0.0
2024-06-12 09:55:00-04:00,41.790000915527344,41.849998474121094,41.790000915527344,41.849998474121094,537,0.0,0.0,0.0
2024-06-12 09:56:00-04:00,41.880001068115234,41.9286003112793,41.880001068115234,41.91999816894531,1026,0.0,0.0,0.0
2024-06-12 09:57:00-04:00,41.89099884033203,41.89099884033203,41.88999938964844,41.890098571777344,721,0.0,0.0,0.0
2024-06-12 09:58:00-04:00,41.880001068115234,41.880001068115234,41.864498138427734,41.864498138427734,420,0.0,0.0,0.0
2024-06-12 09:59:00-04:00,41.84000015258789,41.84000015258789,41.84000015258789,41.84000015258789,206,0.0,0.0,0.0
2024-06-12 10:00:00-04:00,41.83000183105469,41.83000183105469,41.810001373291016,41.810001373291016,360,0.0,0.0,0.0
2024-06-12 10:01:00-04:00,41.86009979248047,41.86009979248047,41.86009979248047,41.86009979248047,111,0.0,0.0,0.0
2024-06-12 10:03:00-04:00,41.88999938964844,41.88999938964844,41.88999938964844,41.88999938964844,226,0.0,0.0,0.0
2024-06-12 10:04:00-04:00,41.88999938964844,41.90999984741211,41.88999938964844,41.90999984741211,895,0.0,0.0,0.0
2024-06-12 10:05:00-04:00,41.90999984741211,41.90999984741211,41.880001068115234,41.880001068115234,3750,0.0,0.0,0.0
2024-06-12 10:06:00-04:00,41.900001525878906,41.900001525878906,41.900001525878906,41.900001525878906,222,0.0,0.0,0.0
2024-06-12 10:08:00-04:00,41.849998474121094,41.849998474121094,41.849998474121094,41.849998474121094,1925,0.0,0.0,0.0
2024-06-12 10:09:00-04:00,41.849998474121094,41.85649871826172,41.84989929199219,41.85649871826172,550,0.0,0.0,0.0
2024-06-12 10:10:00-04:00,41.84000015258789,41.8400993347168,41.84000015258789,41.84000015258789,625,0.0,0.0,0.0
2024-06-12 10:12:00-04:00,41.85449981689453,41.869998931884766,41.85300064086914,41.869998931884766,633,0.0,0.0,0.0
2024-06-12 10:13:00-04:00,41.92580032348633,41.92580032348633,41.90999984741211,41.90999984741211,828,0.0,0.0,0.0
2024-06-12 10:14:00-04:00,41.95000076293945,41.97999954223633,41.95000076293945,41.97999954223633,6286,0.0,0.0,0.0
2024-06-12 10:15:00-04:00,41.97999954223633,42.0,41.97999954223633,42.0,2459,0.0,0.0,0.0
2024-06-12 10:16:00-04:00,42.05500030517578,42.05500030517578,42.02000045776367,42.025001525878906,610,0.0,0.0,0.0
2024-06-12 10:17:00-04:00,42.040000915527344,42.04999923706055,42.02000045776367,42.04999923706055,1791,0.0,0.0,0.0
2024-06-12 10:18:00-04:00,42.04999923706055,42.04999923706055,42.040000915527344,42.04999923706055,415,0.0,0.0,0.0
2024-06-12 10:20:00-04:00,42.04999923706055,42.04999923706055,42.04999923706055,42.04999923706055,130,0.0,0.0,0.0
2024-06-12 10:21:00-04:00,42.060001373291016,42.060001373291016,42.060001373291016,42.060001373291016,126,0.0,0.0,0.0
2024-06-12 10:22:00-04:00,42.04999923706055,42.04999923706055,42.04999923706055,42.04999923706055,447,0.0,0.0,0.0
2024-06-12 10:23:00-04:00,42.06549835205078,42.06549835205078,42.060001373291016,42.060001373291016,426,0.0,0.0,0.0
2024-06-12 10:24:00-04:00,42.099998474121094,42.099998474121094,42.08000183105469,42.099998474121094,1034,0.0,0.0,0.0
2024-06-12 10:25:00-04:00,42.11000061035156,42.119998931884766,42.099998474121094,42.119998931884766,1121,0.0,0.0,0.0
2024-06-12 10:26:00-04:00,42.150001525878906,42.150001525878906,42.150001525878906,42.150001525878906,115,0.0,0.0,0.0
2024-06-12 10:27:00-04:00,42.15999984741211,42.15999984741211,42.15999984741211,42.15999984741211,307,0.0,0.0,0.0
2024-06-12 10:28:00-04:00,42.20000076293945,42.20000076293945,42.20000076293945,42.20000076293945,128,0.0,0.0,0.0
2024-06-12 10:29:00-04:00,42.18000030517578,42.20000076293945,42.18000030517578,42.20000076293945,414,0.0,0.0,0.0
2024-06-12 10:30:00-04:00,42.18000030517578,42.18000030517578,42.18000030517578,42.18000030517578,418,0.0,0.0,0.0
2024-06-12 10:31:00-04:00,42.130001068115234,42.189998626708984,42.130001068115234,42.189998626708984,2288,0.0,0.0,0.0
2024-06-12 10:33:00-04:00,42.189701080322266,42.20000076293945,42.189701080322266,42.20000076293945,1310,0.0,0.0,0.0
2024-06-12 10:35:00-04:00,42.209999084472656,42.209999084472656,42.209999084472656,42.209999084472656,461,0.0,0.0,0.0
2024-06-12 10:39:00-04:00,42.119998931884766,42.119998931884766,42.119998931884766,42.119998931884766,787,0.0,0.0,0.0
2024-06-12 10:41:00-04:00,42.099998474121094,42.099998474121094,42.099998474121094,42.099998474121094,1094,0.0,0.0,0.0
2024-06-12 10:45:00-04:00,41.96659851074219,41.96659851074219,41.96659851074219,41.96659851074219,202,0.0,0.0,0.0
2024-06-12 10:46:00-04:00,42.02000045776367,42.02000045776367,42.0,42.0099983215332,343,0.0,0.0,0.0
2024-06-12 10:47:00-04:00,42.06060028076172,42.06060028076172,42.06060028076172,42.06060028076172,564,0.0,0.0,0.0
2024-06-12 10:48:00-04:00,42.13359832763672,42.13359832763672,42.13359832763672,42.13359832763672,380,0.0,0.0,0.0
2024-06-12 10:52:00-04:00,41.95000076293945,41.95000076293945,41.95000076293945,41.95000076293945,155,0.0,0.0,0.0
2024-06-12 10:53:00-04:00,41.97999954223633,41.97999954223633,41.95000076293945,41.959999084472656,856,0.0,0.0,0.0
2024-06-12 10:54:00-04:00,41.94419860839844,41.94419860839844,41.939998626708984,41.939998626708984,1249,0.0,0.0,0.0
2024-06-12 10:55:00-04:00,41.9109992980957,41.941001892089844,41.9109992980957,41.941001892089844,454,0.0,0.0,0.0
2024-06-12 10:56:00-04:00,41.92559814453125,41.92559814453125,41.92559814453125,41.92559814453125,191,0.0,0.0,0.0
2024-06-12 10:57:00-04:00,41.90999984741211,41.90999984741211,41.90999984741211,41.90999984741211,2210,0.0,0.0,0.0
2024-06-12 10:58:00-04:00,41.890201568603516,41.939998626708984,41.890201568603516,41.939998626708984,3124,0.0,0.0,0.0
2024-06-12 10:59:00-04:00,41.90999984741211,41.959999084472656,41.90999984741211,41.959999084472656,3295,0.0,0.0,0.0
2024-06-12 11:00:00-04:00,41.959999084472656,41.974998474121094,41.959999084472656,41.974998474121094,536,0.0,0.0,0.0
2024-06-12 11:03:00-04:00,41.970001220703125,41.970001220703125,41.970001220703125,41.970001220703125,127,0.0,0.0,0.0
2024-06-12 11:04:00-04:00,41.996700286865234,41.996700286865234,41.9900016784668,41.9900016784668,356,0.0,0.0,0.0
2024-06-12 11:05:00-04:00,41.994998931884766,41.994998931884766,41.994998931884766,41.994998931884766,225,0.0,0.0,0.0
2024-06-12 11:06:00-04:00,41.9900016784668,42.0099983215332,41.9900016784668,42.0099983215332,255,0.0,0.0,0.0
2024-06-12 11:07:00-04:00,42.0099983215332,42.0099983215332,42.0099983215332,42.0099983215332,2841,0.0,0.0,0.0
2024-06-12 11:09:00-04:00,42.03129959106445,42.03129959106445,42.03129959106445,42.03129959106445,187,0.0,0.0,0.0
2024-06-12 11:10:00-04:00,41.97169876098633,41.97169876098633,41.97169876098633,41.97169876098633,133,0.0,0.0,0.0
2024-06-12 11:11:00-04:00,41.959999084472656,41.959999084472656,41.959999084472656,41.959999084472656,241,0.0,0.0,0.0
2024-06-12 11:13:00-04:00,41.939998626708984,41.939998626708984,41.935001373291016,41.935001373291016,821,0.0,0.0,0.0
2024-06-12 11:15:00-04:00,41.82500076293945,41.82500076293945,41.82500076293945,41.82500076293945,346,0.0,0.0,0.0
2024-06-12 11:17:00-04:00,41.90760040283203,41.90760040283203,41.89500045776367,41.89500045776367,200,0.0,0.0,0.0
2024-06-12 11:18:00-04:00,41.93000030517578,41.93000030517578,41.93000030517578,41.93000030517578,739,0.0,0.0,0.0
2024-06-12 11:21:00-04:00,42.03499984741211,42.03499984741211,42.03499984741211,42.03499984741211,264,0.0,0.0,0.0
2024-06-12 11:23:00-04:00,42.02000045776367,42.02000045776367,42.02000045776367,42.02000045776367,580,0.0,0.0,0.0
2024-06-12 11:25:00-04:00,41.97999954223633,41.97999954223633,41.97999954223633,41.97999954223633,291,0.0,0.0,0.0
2024-06-12 11:28:00-04:00,41.9900016784668,41.9900016784668,41.970001220703125,41.970001220703125,816,0.0,0.0,0.0
2024-06-12 11:31:00-04:00,41.97999954223633,41.97999954223633,41.97999954223633,41.97999954223633,200,0.0,0.0,0.0
2024-06-12 11:32:00-04:00,41.959999084472656,41.959999084472656,41.959999084472656,41.959999084472656,177,0.0,0.0,0.0
2024-06-12 11:33:00-04:00,41.959999084472656,41.959999084472656,41.959999084472656,41.959999084472656,379,0.0,0.0,0.0
2024-06-12 11:34:00-04:00,41.959999084472656,41.959999084472656,41.959999084472656,41.959999084472656,9427,0.0,0.0,0.0
2024-06-12 11:35:00-04:00,41.9203987121582,41.9203987121582,41.9203987121582,41.9203987121582,2227,0.0,0.0,0.0
2024-06-12 11:37:00-04:00,41.91999816894531,41.91999816894531,41.91999816894531,41.91999816894531,3280,0.0,0.0,0.0
2024-06-12 11:38:00-04:00,41.90999984741211,41.91999816894531,41.90999984741211,41.91999816894531,429,0.0,0.0,0.0
2024-06-12 11:40:00-04:00,41.939998626708984,41.95000076293945,41.939998626708984,41.95000076293945,216,0.0,0.0,0.0
2024-06-12 11:41:00-04:00,41.94900131225586,41.94900131225586,41.94900131225586,41.94900131225586,157,0.0,0.0,0.0
2024-06-12 11:42:00-04:00,41.95000076293945,41.95000076293945,41.95000076293945,41.95000076293945,293,0.0,0.0,0.0
2024-06-12 11:44:00-04:00,41.939998626708984,41.939998626708984,41.939998626708984,41.939998626708984,300,0.0,0.0,0.0
2024-06-12 11:45:00-04:00,41.880001068115234,41.880001068115234,41.849998474121094,41.849998474121094,957,0.0,0.0,0.0
2024-06-12 11:46:00-04:00,41.86000061035156,41.86000061035156,41.86000061035156,41.86000061035156,251,0.0,0.0,0.0
2024-06-12 11:47:00-04:00,41.849998474121094,41.849998474121094,41.849998474121094,41.849998474121094,388,0.0,0.0,0.0
2024-06-12 11:50:00-04:00,41.83000183105469,41.83000183105469,41.83000183105469,41.83000183105469,235,0.0,0.0,0.0
2024-06-12 11:51:00-04:00,41.810001373291016,41.810001373291016,41.810001373291016,41.810001373291016,261,0.0,0.0,0.0
2024-06-12 11:52:00-04:00,41.849998474121094,41.86000061035156,41.849998474121094,41.86000061035156,937,0.0,0.0,0.0
2024-06-12 11:53:00-04:00,41.900001525878906,41.9099006652832,41.900001525878906,41.9099006652832,3498,0.0,0.0,0.0
2024-06-12 11:55:00-04:00,41.91999816894531,41.91999816894531,41.91999816894531,41.91999816894531,358,0.0,0.0,0.0
2024-06-12 12:00:00-04:00,41.869998931884766,41.869998931884766,41.869998931884766,41.869998931884766,280,0.0,0.0,0.0
2024-06-12 12:05:00-04:00,41.910099029541016,41.910099029541016,41.910099029541016,41.910099029541016,456,0.0,0.0,0.0
2024-06-12 12:06:00-04:00,41.90010070800781,41.90010070800781,41.90010070800781,41.90010070800781,3694,0.0,0.0,0.0
2024-06-12 12:07:00-04:00,41.91999816894531,41.95500183105469,41.91999816894531,41.95500183105469,343,0.0,0.0,0.0
2024-06-12 12:08:00-04:00,41.96500015258789,41.96500015258789,41.96500015258789,41.96500015258789,1033,0.0,0.0,0.0
2024-06-12 12:10:00-04:00,41.94499969482422,41.94499969482422,41.94499969482422,41.94499969482422,199,0.0,0.0,0.0
2024-06-12 12:11:00-04:00,41.900001525878906,41.900001525878906,41.900001525878906,41.900001525878906,100,0.0,0.0,0.0
2024-06-12 12:12:00-04:00,41.900001525878906,41.90999984741211,41.88999938964844,41.90999984741211,4552,0.0,0.0,0.0
2024-06-12 12:14:00-04:00,41.869998931884766,41.869998931884766,41.869998931884766,41.869998931884766,266,0.0,0.0,0.0
2024-06-12 12:17:00-04:00,41.88999938964844,41.891998291015625,41.88999938964844,41.891998291015625,518,0.0,0.0,0.0
2024-06-12 12:20:00-04:00,41.900001525878906,41.90999984741211,41.900001525878906,41.90999984741211,702,0.0,0.0,0.0
2024-06-12 12:21:00-04:00,41.88999938964844,41.88999938964844,41.86000061035156,41.86000061035156,651,0.0,0.0,0.0
2024-06-12 12:22:00-04:00,41.832000732421875,41.832000732421875,41.832000732421875,41.832000732421875,1640,0.0,0.0,0.0
2024-06-12 12:28:00-04:00,41.81999969482422,41.81999969482422,41.81999969482422,41.81999969482422,632,0.0,0.0,0.0
2024-06-12 12:29:00-04:00,41.81999969482422,41.81999969482422,41.81999969482422,41.81999969482422,305,0.0,0.0,0.0
2024-06-12 12:30:00-04:00,41.790000915527344,41.810001373291016,41.77000045776367,41.810001373291016,1017,0.0,0.0,0.0
2024-06-12 12:31:00-04:00,41.81999969482422,41.86000061035156,41.81999969482422,41.86000061035156,506,0.0,0.0,0.0
2024-06-12 12:34:00-04:00,41.81999969482422,41.81999969482422,41.81999969482422,41.81999969482422,475,0.0,0.0,0.0
2024-06-12 12:35:00-04:00,41.80950164794922,41.80950164794922,41.80950164794922,41.80950164794922,100,0.0,0.0,0.0
2024-06-12 12:36:00-04:00,41.790000915527344,41.790000915527344,41.790000915527344,41.790000915527344,271,0.0,0.0,0.0
2024-06-12 12:37:00-04:00,41.790000915527344,41.790000915527344,41.790000915527344,41.790000915527344,214,0.0,0.0,0.0
2024-06-12 12:39:00-04:00,41.79999923706055,41.810001373291016,41.79999923706055,41.810001373291016,890,0.0,0.0,0.0
2024-06-12 12:40:00-04:00,41.79999923706055,41.79999923706055,41.79999923706055,41.79999923706055,461,0.0,0.0,0.0
2024-06-12 12:42:00-04:00,41.81999969482422,41.81999969482422,41.81999969482422,41.81999969482422,233,0.0,0.0,0.0
2024-06-12 12:45:00-04:00,41.88999938964844,41.88999938964844,41.88999938964844,41.88999938964844,500,0.0,0.0,0.0
2024-06-12 12:47:00-04:00,41.900001525878906,41.900001525878906,41.900001525878906,41.900001525878906,259,0.0,0.0,0.0
2024-06-12 12:49:00-04:00,41.900001525878906,41.900001525878906,41.880001068115234,41.880001068115234,427,0.0,0.0,0.0
2024-06-12 12:51:00-04:00,41.86000061035156,41.86000061035156,41.86000061035156,41.86000061035156,100,0.0,0.0,0.0
2024-06-12 12:52:00-04:00,41.849998474121094,41.849998474121094,41.849998474121094,41.849998474121094,408,0.0,0.0,0.0
2024-06-12 12:53:00-04:00,41.83000183105469,41.83000183105469,41.83000183105469,41.83000183105469,301,0.0,0.0,0.0
2024-06-12 12:57:00-04:00,41.849998474121094,41.849998474121094,41.849998474121094,41.849998474121094,793,0.0,0.0,0.0
2024-06-12 13:04:00-04:00,41.95000076293945,41.95000076293945,41.95000076293945,41.95000076293945,0,0.0,0.0,0.0
2024-06-12 13:06:00-04:00,41.93000030517578,41.93000030517578,41.93000030517578,41.93000030517578,331503,0.0,0.0,0.0
2024-06-12 13:12:00-04:00,41.91999816894531,41.91999816894531,41.91999816894531,41.91999816894531,144,0.0,0.0,0.0
2024-06-12 13:16:00-04:00,41.959999084472656,41.959999084472656,41.940101623535156,41.959999084472656,1233,0.0,0.0,0.0
2024-06-12 13:18:00-04:00,42.0,42.0,41.9900016784668,41.9900016784668,14551,0.0,0.0,0.0
2024-06-12 13:20:00-04:00,41.970001220703125,41.970001220703125,41.970001220703125,41.970001220703125,123,0.0,0.0,0.0
2024-06-12 13:22:00-04:00,42.0,42.0,42.0,42.0,3125,0.0,0.0,0.0
2024-06-12 13:26:00-04:00,42.04999923706055,42.04999923706055,42.029998779296875,42.029998779296875,527,0.0,0.0,0.0
2024-06-12 13:27:00-04:00,41.994998931884766,41.994998931884766,41.994998931884766,41.994998931884766,398,0.0,0.0,0.0
2024-06-12 13:28:00-04:00,41.97999954223633,41.97999954223633,41.97999954223633,41.97999954223633,113,0.0,0.0,0.0
2024-06-12 13:29:00-04:00,41.95000076293945,41.95000076293945,41.93000030517578,41.93000030517578,457,0.0,0.0,0.0
2024-06-12 13:30:00-04:00,41.91999816894531,41.91999816894531,41.849998474121094,41.849998474121094,781,0.0,0.0,0.0
2024-06-12 13:31:00-04:00,41.810001373291016,41.81999969482422,41.79999923706055,41.807098388671875,759,0.0,0.0,0.0
2024-06-12 13:32:00-04:00,41.7400016784668,41.75,41.720001220703125,41.72010040283203,11233,0.0,0.0,0.0
2024-06-12 13:33:00-04:00,41.74100112915039,41.75,41.72999954223633,41.72999954223633,9192,0.0,0.0,0.0
2024-06-12 13:35:00-04:00,41.84000015258789,41.88999938964844,41.84000015258789,41.88999938964844,376,0.0,0.0,0.0
2024-06-12 13:36:00-04:00,41.893699645996094,41.893699645996094,41.893699645996094,41.893699645996094,202,0.0,0.0,0.0
2024-06-12 13:38:00-04:00,41.85459899902344,41.85459899902344,41.85459899902344,41.85459899902344,576,0.0,0.0,0.0
2024-06-12 13:39:00-04:00,41.84000015258789,41.84000015258789,41.84000015258789,41.84000015258789,150,0.0,0.0,0.0
2024-06-12 13:40:00-04:00,41.849998474121094,41.849998474121094,41.849998474121094,41.849998474121094,100,0.0,0.0,0.0
2024-06-12 13:41:00-04:00,41.85499954223633,41.85499954223633,41.85499954223633,41.85499954223633,197,0.0,0.0,0.0
2024-06-12 13:44:00-04:00,41.72999954223633,41.72999954223633,41.72999954223633,41.72999954223633,100,0.0,0.0,0.0
2024-06-12 13:45:00-04:00,41.7400016784668,41.779998779296875,41.7400016784668,41.779998779296875,1275,0.0,0.0,0.0
2024-06-12 13:46:00-04:00,41.7599983215332,41.7599983215332,41.7599983215332,41.7599983215332,326,0.0,0.0,0.0
2024-06-12 13:47:00-04:00,41.75,41.75,41.75,41.75,182,0.0,0.0,0.0
2024-06-12 13:48:00-04:00,41.72999954223633,41.72999954223633,41.72999954223633,41.72999954223633,298,0.0,0.0,0.0
2024-06-12 13:49:00-04:00,41.77989959716797,41.77989959716797,41.77989959716797,41.77989959716797,300,0.0,0.0,0.0
2024-06-12 13:50:00-04:00,41.775001525878906,41.775001525878906,41.7599983215332,41.7599983215332,426,0.0,0.0,0.0
2024-06-12 13:51:00-04:00,41.7588996887207,41.7588996887207,41.75,41.75,908,0.0,0.0,0.0
2024-06-12 13:53:00-04:00,41.83369827270508,41.83369827270508,41.83369827270508,41.83369827270508,323,0.0,0.0,0.0
2024-06-12 13:55:00-04:00,41.81999969482422,41.81999969482422,41.810001373291016,41.810001373291016,565,0.0,0.0,0.0
2024-06-12 13:58:00-04:00,41.81999969482422,41.81999969482422,41.81999969482422,41.81999969482422,510,0.0,0.0,0.0
2024-06-12 13:59:00-04:00,41.84000015258789,41.84000015258789,41.84000015258789,41.84000015258789,225,0.0,0.0,0.0
2024-06-12 14:00:00-04:00,41.58000183105469,41.58000183105469,41.349998474121094,41.54690170288086,23055,0.0,0.0,0.0
2024-06-12 14:02:00-04:00,41.7958984375,41.7958984375,41.600101470947266,41.600101470947266,2112,0.0,0.0,0.0
2024-06-12 14:03:00-04:00,41.619998931884766,41.720001220703125,41.59510040283203,41.66999816894531,6670,0.0,0.0,0.0
2024-06-12 14:06:00-04:00,41.61000061035156,41.650001525878906,41.61000061035156,41.650001525878906,422,0.0,0.0,0.0
2024-06-12 14:07:00-04:00,41.5,41.5,41.5,41.5,565,0.0,0.0,0.0
2024-06-12 14:08:00-04:00,41.54140090942383,41.59000015258789,41.54140090942383,41.59000015258789,551,0.0,0.0,0.0
2024-06-12 14:09:00-04:00,41.63840103149414,41.63840103149414,41.63840103149414,41.63840103149414,2410,0.0,0.0,0.0
2024-06-12 14:10:00-04:00,41.61000061035156,41.61000061035156,41.61000061035156,41.61000061035156,225,0.0,0.0,0.0
2024-06-12 14:11:00-04:00,41.619998931884766,41.619998931884766,41.619998931884766,41.619998931884766,186,0.0,0.0,0.0
2024-06-12 14:13:00-04:00,41.630001068115234,41.630001068115234,41.59000015258789,41.59000015258789,205,0.0,0.0,0.0
2024-06-12 14:14:00-04:00,41.63999938964844,41.63999938964844,41.63999938964844,41.63999938964844,200,0.0,0.0,0.0
2024-06-12 14:15:00-04:00,41.67100143432617,41.67100143432617,41.65999984741211,41.65999984741211,1698,0.0,0.0,0.0
2024-06-12 14:16:00-04:00,41.75910186767578,41.75910186767578,41.7400016784668,41.74829864501953,2916,0.0,0.0,0.0
2024-06-12 14:17:00-04:00,41.77000045776367,41.77000045776367,41.77000045776367,41.77000045776367,175,0.0,0.0,0.0
2024-06-12 14:20:00-04:00,41.79999923706055,41.79999923706055,41.790000915527344,41.790000915527344,1900,0.0,0.0,0.0
2024-06-12 14:21:00-04:00,41.77000045776367,41.77000045776367,41.77000045776367,41.77000045776367,2066,0.0,0.0,0.0
2024-06-12 14:25:00-04:00,41.7400016784668,41.7400016784668,41.7400016784668,41.7400016784668,125,0.0,0.0,0.0
2024-06-12 14:26:00-04:00,41.72999954223633,41.72999954223633,41.72999954223633,41.72999954223633,1016,0.0,0.0,0.0
2024-06-12 14:27:00-04:00,41.810001373291016,41.810001373291016,41.810001373291016,41.810001373291016,1736,0.0,0.0,0.0
2024-06-12 14:28:00-04:00,41.84000015258789,41.84000015258789,41.84000015258789,41.84000015258789,361,0.0,0.0,0.0
2024-06-12 14:31:00-04:00,41.790000915527344,41.810001373291016,41.790000915527344,41.810001373291016,488,0.0,0.0,0.0
2024-06-12 14:35:00-04:00,41.779998779296875,41.779998779296875,41.779998779296875,41.779998779296875,476,0.0,0.0,0.0
2024-06-12 14:37:00-04:00,41.790000915527344,41.790000915527344,41.790000915527344,41.790000915527344,1800,0.0,0.0,0.0
2024-06-12 14:38:00-04:00,41.80500030517578,41.80500030517578,41.80500030517578,41.80500030517578,270,0.0,0.0,0.0
2024-06-12 14:39:00-04:00,41.88999938964844,41.88999938964844,41.88999938964844,41.88999938964844,270,0.0,0.0,0.0
2024-06-12 14:40:00-04:00,41.91999816894531,41.91999816894531,41.91999816894531,41.91999816894531,162,0.0,0.0,0.0
2024-06-12 14:41:00-04:00,41.810001373291016,41.810001373291016,41.810001373291016,41.810001373291016,580,0.0,0.0,0.0
2024-06-12 14:44:00-04:00,41.650001525878906,41.650001525878906,41.650001525878906,41.650001525878906,325,0.0,0.0,0.0
2024-06-12 14:45:00-04:00,41.56999969482422,41.56999969482422,41.56999969482422,41.56999969482422,173,0.0,0.0,0.0
2024-06-12 14:48:00-04:00,41.689998626708984,41.689998626708984,41.689998626708984,41.689998626708984,306,0.0,0.0,0.0
2024-06-12 14:52:00-04:00,41.56999969482422,41.56999969482422,41.54999923706055,41.54999923706055,850,0.0,0.0,0.0
2024-06-12 14:53:00-04:00,41.43000030517578,41.43000030517578,41.40999984741211,41.40999984741211,755,0.0,0.0,0.0
2024-06-12 14:54:00-04:00,41.5,41.5,41.5,41.5,367,0.0,0.0,0.0
2024-06-12 14:55:00-04:00,41.59000015258789,41.68040084838867,41.59000015258789,41.68040084838867,360,0.0,0.0,0.0
2024-06-12 14:56:00-04:00,41.78150177001953,41.78150177001953,41.78150177001953,41.78150177001953,480,0.0,0.0,0.0
2024-06-12 14:57:00-04:00,41.70000076293945,41.79999923706055,41.70000076293945,41.75,2616,0.0,0.0,0.0
2024-06-12 14:59:00-04:00,41.79999923706055,41.79999923706055,41.79999923706055,41.79999923706055,102,0.0,0.0,0.0
2024-06-12 15:01:00-04:00,41.81999969482422,41.900001525878906,41.81999969482422,41.900001525878906,3826,0.0,0.0,0.0
2024-06-12 15:02:00-04:00,42.0,42.029998779296875,41.939998626708984,41.939998626708984,2193,0.0,0.0,0.0
2024-06-12 15:03:00-04:00,41.91999816894531,41.91999816894531,41.91999816894531,41.91999816894531,611,0.0,0.0,0.0
2024-06-12 15:08:00-04:00,41.97740173339844,41.97740173339844,41.97740173339844,41.97740173339844,5000,0.0,0.0,0.0
2024-06-12 15:09:00-04:00,41.97999954223633,41.97999954223633,41.97999954223633,41.97999954223633,1799,0.0,0.0,0.0
2024-06-12 15:10:00-04:00,41.91999816894531,41.91999816894531,41.91999816894531,41.91999816894531,438,0.0,0.0,0.0
2024-06-12 15:12:00-04:00,42.04999923706055,42.04999923706055,42.04999923706055,42.04999923706055,4500,0.0,0.0,0.0
2024-06-12 15:13:00-04:00,41.959999084472656,41.959999084472656,41.959999084472656,41.959999084472656,498,0.0,0.0,0.0
2024-06-12 15:15:00-04:00,42.060001373291016,42.060001373291016,42.060001373291016,42.060001373291016,329,0.0,0.0,0.0
2024-06-12 15:18:00-04:00,42.11000061035156,42.11000061035156,42.06999969482422,42.11000061035156,226,0.0,0.0,0.0
2024-06-12 15:19:00-04:00,42.15999984741211,42.15999984741211,42.15999984741211,42.15999984741211,523,0.0,0.0,0.0
2024-06-12 15:21:00-04:00,42.189998626708984,42.209999084472656,42.189998626708984,42.209999084472656,784,0.0,0.0,0.0
2024-06-12 15:22:00-04:00,42.257999420166016,42.257999420166016,42.029998779296875,42.029998779296875,7015,0.0,0.0,0.0
2024-06-12 15:23:00-04:00,41.959999084472656,41.96200180053711,41.941001892089844,41.95000076293945,4092,0.0,0.0,0.0
2024-06-12 15:24:00-04:00,41.79999923706055,41.79999923706055,41.79999923706055,41.79999923706055,485,0.0,0.0,0.0
2024-06-12 15:25:00-04:00,41.68000030517578,41.68000030517578,41.58000183105469,41.58000183105469,7865,0.0,0.0,0.0
2024-06-12 15:26:00-04:00,41.5,41.58000183105469,41.5,41.58000183105469,13646,0.0,0.0,0.0
2024-06-12 15:27:00-04:00,41.52000045776367,41.52000045776367,41.52000045776367,41.52000045776367,768,0.0,0.0,0.0
2024-06-12 15:28:00-04:00,41.400001525878906,41.400001525878906,41.29999923706055,41.29999923706055,2992,0.0,0.0,0.0
2024-06-12 15:29:00-04:00,41.31949996948242,41.380001068115234,41.31949996948242,41.380001068115234,2735,0.0,0.0,0.0
2024-06-12 15:30:00-04:00,41.310001373291016,41.39899826049805,41.310001373291016,41.39720153808594,3035,0.0,0.0,0.0
2024-06-12 15:31:00-04:00,41.31999969482422,41.31999969482422,41.280399322509766,41.280399322509766,4010,0.0,0.0,0.0
2024-06-12 15:32:00-04:00,41.369998931884766,41.369998931884766,41.310001373291016,41.310001373291016,2500,0.0,0.0,0.0
2024-06-12 15:33:00-04:00,41.35020065307617,41.35020065307617,41.28950119018555,41.28950119018555,983,0.0,0.0,0.0
2024-06-12 15:34:00-04:00,41.31999969482422,41.34000015258789,41.31999969482422,41.34000015258789,913,0.0,0.0,0.0
2024-06-12 15:35:00-04:00,41.310001373291016,41.310001373291016,41.25,41.27000045776367,630,0.0,0.0,0.0
2024-06-12 15:36:00-04:00,41.4900016784668,41.52640151977539,41.470001220703125,41.52640151977539,1593,0.0,0.0,0.0
2024-06-12 15:37:00-04:00,41.5099983215332,41.56999969482422,41.4900016784668,41.4900016784668,18960,0.0,0.0,0.0
2024-06-12 15:38:00-04:00,41.459999084472656,41.459999084472656,41.459999084472656,41.459999084472656,402,0.0,0.0,0.0
2024-06-12 15:39:00-04:00,41.400001525878906,41.400001525878906,41.310001373291016,41.310001373291016,1015,0.0,0.0,0.0
2024-06-12 15:40:00-04:00,41.27000045776367,41.30730056762695,41.220001220703125,41.30730056762695,2028,0.0,0.0,0.0
2024-06-12 15:42:00-04:00,41.310001373291016,41.310001373291016,41.2599983215332,41.310001373291016,2536,0.0,0.0,0.0
2024-06-12 15:44:00-04:00,41.29999923706055,41.29999923706055,41.29999923706055,41.29999923706055,3569,0.0,0.0,0.0
2024-06-12 15:45:00-04:00,41.31999969482422,41.31999969482422,41.207698822021484,41.207698822021484,8491,0.0,0.0,0.0
2024-06-12 15:46:00-04:00,41.25,41.27000045776367,41.25,41.27000045776367,2056,0.0,0.0,0.0
2024-06-12 15:49:00-04:00,41.529998779296875,41.55070114135742,41.47999954223633,41.47999954223633,16120,0.0,0.0,0.0
2024-06-12 15:51:00-04:00,41.45000076293945,41.52619934082031,41.41999816894531,41.52619934082031,3288,0.0,0.0,0.0
2024-06-12 15:52:00-04:00,41.599998474121094,41.65250015258789,41.599998474121094,41.619998931884766,5942,0.0,0.0,0.0
2024-06-12 15:53:00-04:00,41.66999816894531,41.68000030517578,41.66999816894531,41.66999816894531,986,0.0,0.0,0.0
2024-06-12 15:54:00-04:00,41.58000183105469,41.58000183105469,41.54999923706055,41.572200775146484,14204,0.0,0.0,0.0
2024-06-12 15:55:00-04:00,41.4900016784668,41.619998931884766,41.4900016784668,41.619998931884766,2141,0.0,0.0,0.0
2024-06-12 15:56:00-04:00,41.709999084472656,41.7400016784668,41.70000076293945,41.71900177001953,1941,0.0,0.0,0.0
2024-06-12 15:57:00-04:00,41.66999816894531,41.66999816894531,41.66999816894531,41.66999816894531,304,0.0,0.0,0.0
2024-06-12 15:58:00-04:00,41.682098388671875,41.730899810791016,41.619998931884766,41.619998931884766,1245,0.0,0.0,0.0
2024-06-12 15:59:00-04:00,41.560001373291016,41.61000061035156,41.439998626708984,41.439998626708984,37660,0.0,0.0,0.0
2024-06-13 09:30:00-04:00,41.97999954223633,41.97999954223633,41.880001068115234,41.88999938964844,55252,0.0,0.0,0.0
2024-06-13 09:32:00-04:00,41.83000183105469,41.83000183105469,41.83000183105469,41.83000183105469,2968,0.0,0.0,0.0
2024-06-13 09:34:00-04:00,41.770999908447266,41.770999908447266,41.75,41.754798889160156,1939,0.0,0.0,0.0
2024-06-13 09:35:00-04:00,41.7599983215332,41.7599983215332,41.72999954223633,41.72999954223633,1819,0.0,0.0,0.0
2024-06-13 09:36:00-04:00,41.75,41.75,41.75,41.75,100,0.0,0.0,0.0
2024-06-13 09:37:00-04:00,41.790000915527344,41.849998474121094,41.790000915527344,41.849998474121094,1364,0.0,0.0,0.0
2024-06-13 09:38:00-04:00,41.900001525878906,41.900001525878906,41.88999938964844,41.88999938964844,598,0.0,0.0,0.0
2024-06-13 09:39:00-04:00,41.849998474121094,41.849998474121094,41.849998474121094,41.849998474121094,300,0.0,0.0,0.0
2024-06-13 09:40:00-04:00,41.880001068115234,41.88029861450195,41.880001068115234,41.880001068115234,65009,0.0,0.0,0.0
2024-06-13 09:42:00-04:00,41.79999923706055,41.79999923706055,41.79999923706055,41.79999923706055,201,0.0,0.0,0.0
2024-06-13 09:43:00-04:00,41.83000183105469,41.849998474121094,41.83000183105469,41.83000183105469,1277,0.0,0.0,0.0
2024-06-13 09:44:00-04:00,41.83000183105469,41.83000183105469,41.83000183105469,41.83000183105469,307,0.0,0.0,0.0
2024-06-13 09:45:00-04:00,41.75,41.75,41.7400016784668,41.7400016784668,4349,0.0,0.0,0.0
2024-06-13 09:46:00-04:00,41.75,41.75,41.689998626708984,41.689998626708984,9208,0.0,0.0,0.0
2024-06-13 09:47:00-04:00,41.689998626708984,41.689998626708984,41.66999816894531,41.66999816894531,1400,0.0,0.0,0.0
2024-06-13 09:48:00-04:00,41.720001220703125,41.720001220703125,41.720001220703125,41.720001220703125,3355,0.0,0.0,0.0
2024-06-13 09:50:00-04:00,41.79999923706055,41.79999923706055,41.75,41.75,509,0.0,0.0,0.0
2024-06-13 09:51:00-04:00,41.75400161743164,41.75400161743164,41.75400161743164,41.75400161743164,361,0.0,0.0,0.0
2024-06-13 09:53:00-04:00,41.69240188598633,41.69240188598633,41.670799255371094,41.670799255371094,574,0.0,0.0,0.0
2024-06-13 09:54:00-04:00,41.690101623535156,41.690101623535156,41.690101623535156,41.690101623535156,198,0.0,0.0,0.0
2024-06-13 09:55:00-04:00,41.66999816894531,41.68000030517578,41.66999816894531,41.68000030517578,2000,0.0,0.0,0.0
2024-06-13 09:56:00-04:00,41.650001525878906,41.650001525878906,41.6349983215332,41.63629913330078,2400,0.0,0.0,0.0
2024-06-13 09:57:00-04:00,41.599998474121094,41.599998474121094,41.599998474121094,41.599998474121094,302,0.0,0.0,0.0
2024-06-13 09:58:00-04:00,41.56999969482422,41.56999969482422,41.56999969482422,41.56999969482422,201,0.0,0.0,0.0
2024-06-13 09:59:00-04:00,41.56999969482422,41.56999969482422,41.56999969482422,41.56999969482422,102,0.0,0.0,0.0
2024-06-13 10:01:00-04:00,41.67900085449219,41.67900085449219,41.67900085449219,41.67900085449219,770,0.0,0.0,0.0
2024-06-13 10:02:00-04:00,41.619998931884766,41.619998931884766,41.619998931884766,41.619998931884766,1600,0.0,0.0,0.0
2024-06-13 10:03:00-04:00,41.599998474121094,41.599998474121094,41.59000015258789,41.599998474121094,1801,0.0,0.0,0.0
2024-06-13 10:04:00-04:00,41.59000015258789,41.59000015258789,41.540000915527344,41.540000915527344,1200,0.0,0.0,0.0
2024-06-13 10:05:00-04:00,41.54999923706055,41.54999923706055,41.54999923706055,41.54999923706055,120,0.0,0.0,0.0
2024-06-13 10:06:00-04:00,41.56999969482422,41.58330154418945,41.56999969482422,41.58330154418945,314,0.0,0.0,0.0
2024-06-13 10:07:00-04:00,41.62730026245117,41.650001525878906,41.62730026245117,41.650001525878906,1699,0.0,0.0,0.0
2024-06-13 10:08:00-04:00,41.65999984741211,41.65999984741211,41.654998779296875,41.654998779296875,300,0.0,0.0,0.0
2024-06-13 10:09:00-04:00,41.66999816894531,41.66999816894531,41.66999816894531,41.66999816894531,2701,0.0,0.0,0.0
2024-06-13 10:10:00-04:00,41.619998931884766,41.630001068115234,41.619998931884766,41.630001068115234,413,0.0,0.0,0.0
2024-06-13 10:11:00-04:00,41.54800033569336,41.54800033569336,41.54800033569336,41.54800033569336,153,0.0,0.0,0.0
2024-06-13 10:12:00-04:00,41.5,41.5,41.45000076293945,41.470001220703125,3549,0.0,0.0,0.0
2024-06-13 10:13:00-04:00,41.5,41.5,41.4900016784668,41.4900016784668,697,0.0,0.0,0.0
2024-06-13 10:14:00-04:00,41.43000030517578,41.439998626708984,41.41999816894531,41.41999816894531,786,0.0,0.0,0.0
2024-06-13 10:15:00-04:00,41.43000030517578,41.439998626708984,41.42530059814453,41.439998626708984,742,0.0,0.0,0.0
2024-06-13 10:16:00-04:00,41.45000076293945,41.45000076293945,41.43000030517578,41.43000030517578,407,0.0,0.0,0.0
2024-06-13 10:17:00-04:00,41.41999816894531,41.47999954223633,41.41999816894531,41.47999954223633,1302,0.0,0.0,0.0
2024-06-13 10:18:00-04:00,41.459999084472656,41.459999084472656,41.45000076293945,41.459999084472656,854,0.0,0.0,0.0
2024-06-13 10:20:00-04:00,41.400001525878906,41.43000030517578,41.400001525878906,41.43000030517578,556,0.0,0.0,0.0
2024-06-13 10:21:00-04:00,41.43000030517578,41.43000030517578,41.43000030517578,41.43000030517578,263,0.0,0.0,0.0
2024-06-13 10:22:00-04:00,41.439998626708984,41.459999084472656,41.35490036010742,41.369998931884766,500,0.0,0.0,0.0
2024-06-13 10:23:00-04:00,41.369998931884766,41.369998931884766,41.27000045776367,41.27000045776367,8343,0.0,0.0,0.0
2024-06-13 10:24:00-04:00,41.25809860229492,41.2599983215332,41.224998474121094,41.224998474121094,465,0.0,0.0,0.0
2024-06-13 10:25:00-04:00,41.22050094604492,41.2400016784668,41.22050094604492,41.2400016784668,301,0.0,0.0,0.0
2024-06-13 10:26:00-04:00,41.2400016784668,41.2400016784668,41.20000076293945,41.20000076293945,607,0.0,0.0,0.0
2024-06-13 10:27:00-04:00,41.154998779296875,41.20940017700195,41.13999938964844,41.15010070800781,1943,0.0,0.0,0.0
2024-06-13 10:28:00-04:00,41.15999984741211,41.220001220703125,41.15999984741211,41.220001220703125,1793,0.0,0.0,0.0
2024-06-13 10:29:00-04:00,41.209999084472656,41.3390007019043,41.209999084472656,41.3390007019043,7834,0.0,0.0,0.0
2024-06-13 10:30:00-04:00,41.31999969482422,41.400001525878906,41.31999969482422,41.380001068115234,1619,0.0,0.0,0.0
2024-06-13 10:31:00-04:00,41.369998931884766,41.369998931884766,41.334800720214844,41.334800720214844,403,0.0,0.0,0.0
2024-06-13 10:32:00-04:00,41.349998474121094,41.349998474121094,41.310001373291016,41.310001373291016,6662,0.0,0.0,0.0
2024-06-13 10:33:00-04:00,41.31999969482422,41.31999969482422,41.189998626708984,41.189998626708984,2443,0.0,0.0,0.0
2024-06-13 10:34:00-04:00,41.20000076293945,41.22999954223633,41.20000076293945,41.220001220703125,3300,0.0,0.0,0.0
2024-06-13 10:35:00-04:00,41.2599983215332,41.2599983215332,41.15999984741211,41.18000030517578,1134,0.0,0.0,0.0
2024-06-13 10:37:00-04:00,41.310001373291016,41.349998474121094,41.310001373291016,41.349998474121094,461,0.0,0.0,0.0
2024-06-13 10:38:00-04:00,41.34000015258789,41.380001068115234,41.34000015258789,41.380001068115234,1012,0.0,0.0,0.0
2024-06-13 10:40:00-04:00,41.37269973754883,41.37269973754883,41.34000015258789,41.34000015258789,762,0.0,0.0,0.0
2024-06-13 10:41:00-04:00,41.33000183105469,41.34000015258789,41.33000183105469,41.34000015258789,376,0.0,0.0,0.0
2024-06-13 10:42:00-04:00,41.338600158691406,41.338600158691406,41.31999969482422,41.31999969482422,442,0.0,0.0,0.0
2024-06-13 10:43:00-04:00,41.27000045776367,41.27000045776367,41.2599983215332,41.2599983215332,402,0.0,0.0,0.0
2024-06-13 10:44:00-04:00,41.290000915527344,41.290000915527344,41.290000915527344,41.290000915527344,622,0.0,0.0,0.0
2024-06-13 10:47:00-04:00,41.26900100708008,41.26900100708008,41.26900100708008,41.26900100708008,1100,0.0,0.0,0.0
2024-06-13 10:48:00-04:00,41.20000076293945,41.20000076293945,41.20000076293945,41.20000076293945,399,0.0,0.0,0.0
2024-06-13 10:49:00-04:00,41.271400451660156,41.310001373291016,41.271400451660156,41.310001373291016,764,0.0,0.0,0.0
2024-06-13 10:50:00-04:00,41.310001373291016,41.310001373291016,41.310001373291016,41.310001373291016,109,0.0,0.0,0.0
2024-06-13 10:51:00-04:00,41.29999923706055,41.29999923706055,41.2599983215332,41.2599983215332,358,0.0,0.0,0.0
2024-06-13 10:52:00-04:00,41.25,41.25,41.209999084472656,41.25,1493,0.0,0.0,0.0
2024-06-13 10:53:00-04:00,41.27000045776367,41.310001373291016,41.27000045776367,41.310001373291016,696,0.0,0.0,0.0
2024-06-13 10:54:00-04:00,41.29999923706055,41.29999923706055,41.26599884033203,41.27000045776367,2534,0.0,0.0,0.0
2024-06-13 10:55:00-04:00,41.279998779296875,41.279998779296875,41.279998779296875,41.279998779296875,100,0.0,0.0,0.0
2024-06-13 10:56:00-04:00,41.279998779296875,41.279998779296875,41.279998779296875,41.279998779296875,101,0.0,0.0,0.0
2024-06-13 10:57:00-04:00,41.279998779296875,41.279998779296875,41.279998779296875,41.279998779296875,191,0.0,0.0,0.0
2024-06-13 10:59:00-04:00,41.189998626708984,41.21649932861328,41.189998626708984,41.21649932861328,955,0.0,0.0,0.0
2024-06-13 11:00:00-04:00,41.189998626708984,41.189998626708984,41.13999938964844,41.18000030517578,2801,0.0,0.0,0.0
2024-06-13 11:01:00-04:00,41.18000030517578,41.19499969482422,41.170101165771484,41.19499969482422,2736,0.0,0.0,0.0
2024-06-13 11:02:00-04:00,41.09510040283203,41.09510040283203,41.09510040283203,41.09510040283203,252,0.0,0.0,0.0
2024-06-13 11:03:00-04:00,41.090999603271484,41.090999603271484,41.09000015258789,41.09000015258789,3534,0.0,0.0,0.0
2024-06-13 11:05:00-04:00,41.150001525878906,41.150001525878906,41.150001525878906,41.150001525878906,201,0.0,0.0,0.0
2024-06-13 11:06:00-04:00,41.18899917602539,41.209999084472656,41.18899917602539,41.209999084472656,537,0.0,0.0,0.0
2024-06-13 11:07:00-04:00,41.22999954223633,41.27000045776367,41.220001220703125,41.27000045776367,3735,0.0,0.0,0.0
2024-06-13 11:08:00-04:00,41.30950164794922,41.30950164794922,41.2864990234375,41.2864990234375,2782,0.0,0.0,0.0
2024-06-13 11:09:00-04:00,41.2593994140625,41.290000915527344,41.2593994140625,41.290000915527344,3100,0.0,0.0,0.0
2024-06-13 11:10:00-04:00,41.27989959716797,41.3489990234375,41.27989959716797,41.3489990234375,3282,0.0,0.0,0.0
2024-06-13 11:11:00-04:00,41.310001373291016,41.31999969482422,41.310001373291016,41.31999969482422,604,0.0,0.0,0.0
2024-06-13 11:14:00-04:00,41.220001220703125,41.220001220703125,41.220001220703125,41.220001220703125,303,0.0,0.0,0.0
2024-06-13 11:15:00-04:00,41.209999084472656,41.209999084472656,41.209999084472656,41.209999084472656,213,0.0,0.0,0.0
2024-06-13 11:16:00-04:00,41.18000030517578,41.20000076293945,41.18000030517578,41.20000076293945,2870,0.0,0.0,0.0
2024-06-13 11:17:00-04:00,41.209999084472656,41.209999084472656,41.209999084472656,41.209999084472656,871,0.0,0.0,0.0
2024-06-13 11:21:00-04:00,41.18000030517578,41.18000030517578,41.16400146484375,41.16899871826172,18365,0.0,0.0,0.0
2024-06-13 11:22:00-04:00,41.150001525878906,41.150001525878906,41.150001525878906,41.150001525878906,293,0.0,0.0,0.0
2024-06-13 11:23:00-04:00,41.15999984741211,41.16999816894531,41.15999984741211,41.16999816894531,450,0.0,0.0,0.0
2024-06-13 11:24:00-04:00,41.189998626708984,41.25400161743164,41.189998626708984,41.25,1590,0.0,0.0,0.0
2024-06-13 11:25:00-04:00,41.2599983215332,41.279998779296875,41.2599983215332,41.279998779296875,1281,0.0,0.0,0.0
2024-06-13 11:26:00-04:00,41.310001373291016,41.310001373291016,41.310001373291016,41.310001373291016,212216,0.0,0.0,0.0
2024-06-13 11:27:00-04:00,41.31999969482422,41.33000183105469,41.31999969482422,41.33000183105469,230,0.0,0.0,0.0
2024-06-13 11:28:00-04:00,41.34000015258789,41.34000015258789,41.33000183105469,41.34000015258789,552,0.0,0.0,0.0
2024-06-13 11:29:00-04:00,41.33000183105469,41.369998931884766,41.33000183105469,41.369998931884766,1114,0.0,0.0,0.0
2024-06-13 11:30:00-04:00,41.349998474121094,41.380001068115234,41.349998474121094,41.380001068115234,348,0.0,0.0,0.0
2024-06-13 11:31:00-04:00,41.390201568603516,41.390201568603516,41.38999938964844,41.38999938964844,569,0.0,0.0,0.0
2024-06-13 11:32:00-04:00,41.38999938964844,41.400001525878906,41.38999938964844,41.400001525878906,747,0.0,0.0,0.0
2024-06-13 11:33:00-04:00,41.439998626708984,41.439998626708984,41.439998626708984,41.439998626708984,344,0.0,0.0,0.0
2024-06-13 11:34:00-04:00,41.41999816894531,41.439998626708984,41.41999816894531,41.4379997253418,3005,0.0,0.0,0.0
2024-06-13 11:35:00-04:00,41.45000076293945,41.459999084472656,41.45000076293945,41.459999084472656,334,0.0,0.0,0.0
2024-06-13 11:36:00-04:00,41.439998626708984,41.439998626708984,41.439998626708984,41.439998626708984,131,0.0,0.0,0.0
2024-06-13 11:37:00-04:00,41.385501861572266,41.400001525878906,41.385501861572266,41.38999938964844,2212,0.0,0.0,0.0
2024-06-13 11:39:00-04:00,41.41999816894531,41.43000030517578,41.41999816894531,41.43000030517578,300,0.0,0.0,0.0
2024-06-13 11:41:00-04:00,41.45000076293945,41.45000076293945,41.45000076293945,41.45000076293945,252,0.0,0.0,0.0
2024-06-13 11:42:00-04:00,41.439998626708984,41.45000076293945,41.439998626708984,41.45000076293945,280,0.0,0.0,0.0
2024-06-13 11:43:00-04:00,41.45000076293945,41.45000076293945,41.45000076293945,41.45000076293945,389,0.0,0.0,0.0
2024-06-13 11:44:00-04:00,41.45000076293945,41.4900016784668,41.45000076293945,41.4900016784668,448,0.0,0.0,0.0
2024-06-13 11:45:00-04:00,41.41999816894531,41.439998626708984,41.41999816894531,41.439998626708984,350,0.0,0.0,0.0
2024-06-13 11:46:00-04:00,41.45000076293945,41.45000076293945,41.439998626708984,41.439998626708984,3800,0.0,0.0,0.0
2024-06-13 11:47:00-04:00,41.47999954223633,41.47999954223633,41.470001220703125,41.470001220703125,2279,0.0,0.0,0.0
2024-06-13 11:48:00-04:00,41.439701080322266,41.439998626708984,41.439701080322266,41.439998626708984,500,0.0,0.0,0.0
2024-06-13 11:49:00-04:00,41.470001220703125,41.47999954223633,41.470001220703125,41.47999954223633,216,0.0,0.0,0.0
2024-06-13 11:50:00-04:00,41.459999084472656,41.470001220703125,41.459999084472656,41.470001220703125,400,0.0,0.0,0.0
2024-06-13 11:51:00-04:00,41.439998626708984,41.439998626708984,41.439998626708984,41.439998626708984,107,0.0,0.0,0.0
2024-06-13 11:52:00-04:00,41.47169876098633,41.47169876098633,41.47169876098633,41.47169876098633,105,0.0,0.0,0.0
2024-06-13 11:53:00-04:00,41.470001220703125,41.470001220703125,41.40999984741211,41.40999984741211,1601,0.0,0.0,0.0
2024-06-13 11:54:00-04:00,41.40999984741211,41.40999984741211,41.40999984741211,41.40999984741211,3275,0.0,0.0,0.0
2024-06-13 11:55:00-04:00,41.439998626708984,41.439998626708984,41.439998626708984,41.439998626708984,156,0.0,0.0,0.0
2024-06-13 11:58:00-04:00,41.400001525878906,41.400001525878906,41.400001525878906,41.400001525878906,300,0.0,0.0,0.0
2024-06-13 12:00:00-04:00,41.29999923706055,41.29999923706055,41.2599983215332,41.2599983215332,1501,0.0,0.0,0.0
2024-06-13 12:01:00-04:00,41.22999954223633,41.22999954223633,41.22999954223633,41.22999954223633,358,0.0,0.0,0.0
2024-06-13 12:02:00-04:00,41.189998626708984,41.189998626708984,41.15999984741211,41.16999816894531,743,0.0,0.0,0.0
2024-06-13 12:03:00-04:00,41.15999984741211,41.15999984741211,41.15999984741211,41.15999984741211,407,0.0,0.0,0.0
2024-06-13 12:04:00-04:00,41.19049835205078,41.19990158081055,41.19049835205078,41.19990158081055,2501,0.0,0.0,0.0
2024-06-13 12:05:00-04:00,41.25,41.25,41.25,41.25,301,0.0,0.0,0.0
2024-06-13 12:06:00-04:00,41.279998779296875,41.290000915527344,41.279998779296875,41.290000915527344,355,0.0,0.0,0.0
2024-06-13 12:07:00-04:00,41.279998779296875,41.290000915527344,41.25,41.25,1991,0.0,0.0,0.0
2024-06-13 12:08:00-04:00,41.22999954223633,41.25,41.22010040283203,41.2400016784668,2038,0.0,0.0,0.0
2024-06-13 12:09:00-04:00,41.20000076293945,41.20000076293945,41.20000076293945,41.20000076293945,159,0.0,0.0,0.0
2024-06-13 12:10:00-04:00,41.20000076293945,41.209999084472656,41.20000076293945,41.209999084472656,1502,0.0,0.0,0.0
2024-06-13 12:11:00-04:00,41.22999954223633,41.2400016784668,41.22999954223633,41.2400016784668,375,0.0,0.0,0.0
2024-06-13 12:12:00-04:00,41.189998626708984,41.220001220703125,41.189998626708984,41.209999084472656,4173,0.0,0.0,0.0
2024-06-13 12:13:00-04:00,41.16999816894531,41.22999954223633,41.16999816894531,41.22999954223633,726,0.0,0.0,0.0
2024-06-13 12:14:00-04:00,41.22999954223633,41.25419998168945,41.22999954223633,41.25419998168945,1912,0.0,0.0,0.0
2024-06-13 12:15:00-04:00,41.2400016784668,41.2400016784668,41.22999954223633,41.22999954223633,214,0.0,0.0,0.0
2024-06-13 12:16:00-04:00,41.13999938964844,41.150001525878906,41.099998474121094,41.099998474121094,6290,0.0,0.0,0.0
2024-06-13 12:17:00-04:00,41.099998474121094,41.11000061035156,41.09000015258789,41.09000015258789,1085,0.0,0.0,0.0
2024-06-13 12:18:00-04:00,41.18000030517578,41.18000030517578,41.11000061035156,41.18000030517578,265516,0.0,0.0,0.0
2024-06-13 12:19:00-04:00,41.11000061035156,41.11000061035156,41.095001220703125,41.095001220703125,1854,0.0,0.0,0.0
2024-06-13 12:20:00-04:00,41.150001525878906,41.15999984741211,41.150001525878906,41.15999984741211,894,0.0,0.0,0.0
2024-06-13 12:21:00-04:00,41.11000061035156,41.119998931884766,41.11000061035156,41.11000061035156,310,0.0,0.0,0.0
2024-06-13 12:22:00-04:00,41.02000045776367,41.029998779296875,41.02000045776367,41.02000045776367,1799,0.0,0.0,0.0
2024-06-13 12:23:00-04:00,41.029998779296875,41.04999923706055,41.029998779296875,41.04999923706055,1225,0.0,0.0,0.0
2024-06-13 12:24:00-04:00,41.029998779296875,41.060001373291016,41.0099983215332,41.060001373291016,862,0.0,0.0,0.0
2024-06-13 12:25:00-04:00,41.0099983215332,41.02000045776367,41.0,41.02000045776367,2297,0.0,0.0,0.0
2024-06-13 12:26:00-04:00,40.97999954223633,40.97999954223633,40.939998626708984,40.939998626708984,1618,0.0,0.0,0.0
2024-06-13 12:27:00-04:00,40.959999084472656,40.959999084472656,40.95000076293945,40.95000076293945,581,0.0,0.0,0.0
2024-06-13 12:28:00-04:00,40.939998626708984,40.959999084472656,40.91999816894531,40.92729949951172,961,0.0,0.0,0.0
2024-06-13 12:29:00-04:00,40.93000030517578,40.93000030517578,40.880001068115234,40.90010070800781,7827,0.0,0.0,0.0
2024-06-13 12:30:00-04:00,40.91999816894531,40.93000030517578,40.88999938964844,40.91999816894531,291434,0.0,0.0,0.0
2024-06-13 12:31:00-04:00,41.0,41.02000045776367,41.0,41.02000045776367,1260,0.0,0.0,0.0
2024-06-13 12:32:00-04:00,41.040000915527344,41.08000183105469,41.040000915527344,41.07500076293945,1914,0.0,0.0,0.0
2024-06-13 12:33:00-04:00,41.11000061035156,41.11000061035156,41.11000061035156,41.11000061035156,187,0.0,0.0,0.0
2024-06-13 12:35:00-04:00,41.130001068115234,41.13669967651367,41.130001068115234,41.13669967651367,746,0.0,0.0,0.0
2024-06-13 12:36:00-04:00,41.12139892578125,41.12139892578125,41.12139892578125,41.12139892578125,251,0.0,0.0,0.0
2024-06-13 12:37:00-04:00,41.11000061035156,41.119998931884766,41.11000061035156,41.119998931884766,720,0.0,0.0,0.0
2024-06-13 12:38:00-04:00,41.185001373291016,41.185001373291016,41.185001373291016,41.185001373291016,297187,0.0,0.0,0.0
2024-06-13 12:45:00-04:00,41.20000076293945,41.22999954223633,41.20000076293945,41.22999954223633,3275,0.0,0.0,0.0
2024-06-13 12:47:00-04:00,41.06930160522461,41.09000015258789,41.06930160522461,41.08000183105469,3712,0.0,0.0,0.0
2024-06-13 12:48:00-04:00,41.08000183105469,41.08000183105469,41.08000183105469,41.08000183105469,388,0.0,0.0,0.0
2024-06-13 12:49:00-04:00,41.09000015258789,41.09000015258789,41.09000015258789,41.09000015258789,100,0.0,0.0,0.0
2024-06-13 12:50:00-04:00,41.11000061035156,41.11000061035156,41.11000061035156,41.11000061035156,2493,0.0,0.0,0.0
2024-06-13 12:52:00-04:00,41.20000076293945,41.22999954223633,41.20000076293945,41.22999954223633,2981,0.0,0.0,0.0
2024-06-13 12:53:00-04:00,41.23360061645508,41.25,41.23360061645508,41.2400016784668,567,0.0,0.0,0.0
2024-06-13 12:59:00-04:00,41.27000045776367,41.27000045776367,41.249000549316406,41.249000549316406,4082,0.0,0.0,0.0
2024-06-13 13:00:00-04:00,41.2599983215332,41.2599983215332,41.2599983215332,41.2599983215332,100,0.0,0.0,0.0
2024-06-13 13:01:00-04:00,41.220001220703125,41.290000915527344,41.220001220703125,41.290000915527344,1428,0.0,0.0,0.0
2024-06-13 13:02:00-04:00,41.349998474121094,41.349998474121094,41.349998474121094,41.349998474121094,1026,0.0,0.0,0.0
2024-06-13 13:05:00-04:00,41.39899826049805,41.400001525878906,41.39899826049805,41.400001525878906,948,0.0,0.0,0.0
2024-06-13 13:06:00-04:00,41.35929870605469,41.35929870605469,41.35929870605469,41.35929870605469,261,0.0,0.0,0.0
2024-06-13 13:08:00-04:00,41.380001068115234,41.419700622558594,41.380001068115234,41.419700622558594,1282,0.0,0.0,0.0
2024-06-13 13:09:00-04:00,41.369998931884766,41.369998931884766,41.369998931884766,41.369998931884766,200,0.0,0.0,0.0
2024-06-13 13:10:00-04:00,41.40999984741211,41.40999984741211,41.40999984741211,41.40999984741211,125,0.0,0.0,0.0
2024-06-13 13:11:00-04:00,41.39500045776367,41.39500045776367,41.39500045776367,41.39500045776367,154,0.0,0.0,0.0
2024-06-13 13:13:00-04:00,41.470001220703125,41.470001220703125,41.470001220703125,41.470001220703125,156,0.0,0.0,0.0
2024-06-13 13:15:00-04:00,41.400001525878906,41.400001525878906,41.400001525878906,41.400001525878906,1900,0.0,0.0,0.0
2024-06-13 13:17:00-04:00,41.45000076293945,41.45000076293945,41.43000030517578,41.43000030517578,395,0.0,0.0,0.0
2024-06-13 13:21:00-04:00,41.439998626708984,41.439998626708984,41.439998626708984,41.439998626708984,334,0.0,0.0,0.0
2024-06-13 13:23:00-04:00,41.400001525878906,41.41999816894531,41.400001525878906,41.41999816894531,511,0.0,0.0,0.0
2024-06-13 13:26:00-04:00,41.5,41.5,41.5,41.5,1065,0.0,0.0,0.0
2024-06-13 13:28:00-04:00,41.57500076293945,41.58639907836914,41.57500076293945,41.58639907836914,1951,0.0,0.0,0.0
2024-06-13 13:29:00-04:00,41.564998626708984,41.564998626708984,41.52000045776367,41.52000045776367,513,0.0,0.0,0.0
2024-06-13 13:30:00-04:00,41.529998779296875,41.529998779296875,41.529998779296875,41.529998779296875,215,0.0,0.0,0.0
2024-06-13 13:31:00-04:00,41.513999938964844,41.519500732421875,41.513999938964844,41.519500732421875,525,0.0,0.0,0.0
2024-06-13 13:34:00-04:00,41.5,41.5,41.5,41.5,199,0.0,0.0,0.0
2024-06-13 13:35:00-04:00,41.459999084472656,41.459999084472656,41.459999084472656,41.459999084472656,317,0.0,0.0,0.0
2024-06-13 13:38:00-04:00,41.38999938964844,41.38999938964844,41.38999938964844,41.38999938964844,542,0.0,0.0,0.0
2024-06-13 13:41:00-04:00,41.540000915527344,41.540000915527344,41.540000915527344,41.540000915527344,123,0.0,0.0,0.0
2024-06-13 13:42:00-04:00,41.560001373291016,41.560001373291016,41.560001373291016,41.560001373291016,276,0.0,0.0,0.0
2024-06-13 13:46:00-04:00,41.52000045776367,41.52000045776367,41.52000045776367,41.52000045776367,1825,0.0,0.0,0.0
2024-06-13 13:48:00-04:00,41.518798828125,41.518798828125,41.518798828125,41.518798828125,480,0.0,0.0,0.0
2024-06-13 13:51:00-04:00,41.55979919433594,41.55979919433594,41.55979919433594,41.55979919433594,590,0.0,0.0,0.0
2024-06-13 13:54:00-04:00,41.560001373291016,41.56999969482422,41.560001373291016,41.56999969482422,361,0.0,0.0,0.0
2024-06-13 13:55:00-04:00,41.56999969482422,41.56999969482422,41.56999969482422,41.56999969482422,299,0.0,0.0,0.0
2024-06-13 13:56:00-04:00,41.560001373291016,41.560001373291016,41.560001373291016,41.560001373291016,100,0.0,0.0,0.0
2024-06-13 13:57:00-04:00,41.540000915527344,41.540000915527344,41.5099983215332,41.5099983215332,515,0.0,0.0,0.0
2024-06-13 14:01:00-04:00,41.5099983215332,41.5099983215332,41.5099983215332,41.5099983215332,300,0.0,0.0,0.0
2024-06-13 14:02:00-04:00,41.5,41.5,41.5,41.5,121,0.0,0.0,0.0
2024-06-13 14:03:00-04:00,41.5099983215332,41.5099983215332,41.5099983215332,41.5099983215332,100,0.0,0.0,0.0
2024-06-13 14:04:00-04:00,41.400001525878906,41.400001525878906,41.38999938964844,41.38999938964844,701,0.0,0.0,0.0
2024-06-13 14:05:00-04:00,41.45000076293945,41.45000076293945,41.45000076293945,41.45000076293945,154,0.0,0.0,0.0
2024-06-13 14:06:00-04:00,41.5099983215332,41.5099983215332,41.5099983215332,41.5099983215332,287,0.0,0.0,0.0
2024-06-13 14:07:00-04:00,41.59000015258789,41.61000061035156,41.59000015258789,41.61000061035156,461,0.0,0.0,0.0
2024-06-13 14:08:00-04:00,41.61000061035156,41.630001068115234,41.61000061035156,41.619998931884766,2278,0.0,0.0,0.0
2024-06-13 14:09:00-04:00,41.617801666259766,41.630001068115234,41.617801666259766,41.630001068115234,352,0.0,0.0,0.0
2024-06-13 14:10:00-04:00,41.647300720214844,41.647300720214844,41.647300720214844,41.647300720214844,304,0.0,0.0,0.0
2024-06-13 14:11:00-04:00,41.650001525878906,41.65999984741211,41.63999938964844,41.650001525878906,906,0.0,0.0,0.0
2024-06-13 14:12:00-04:00,41.650001525878906,41.650001525878906,41.650001525878906,41.650001525878906,105,0.0,0.0,0.0
2024-06-13 14:14:00-04:00,41.599998474121094,41.602500915527344,41.599998474121094,41.602500915527344,201,0.0,0.0,0.0
2024-06-13 14:15:00-04:00,41.619998931884766,41.619998931884766,41.599998474121094,41.619998931884766,2800,0.0,0.0,0.0
2024-06-13 14:16:00-04:00,41.630001068115234,41.63999938964844,41.630001068115234,41.63999938964844,422,0.0,0.0,0.0
2024-06-13 14:18:00-04:00,41.63999938964844,41.63999938964844,41.63999938964844,41.63999938964844,301,0.0,0.0,0.0
2024-06-13 14:22:00-04:00,41.63999938964844,41.650001525878906,41.630001068115234,41.63999938964844,575,0.0,0.0,0.0
2024-06-13 14:23:00-04:00,41.63399887084961,41.63399887084961,41.63399887084961,41.63399887084961,1565,0.0,0.0,0.0
2024-06-13 14:28:00-04:00,41.630001068115234,41.630001068115234,41.630001068115234,41.630001068115234,375,0.0,0.0,0.0
2024-06-13 14:29:00-04:00,41.63650131225586,41.63650131225586,41.63650131225586,41.63650131225586,102,0.0,0.0,0.0
2024-06-13 14:30:00-04:00,41.66999816894531,41.66999816894531,41.66999816894531,41.66999816894531,105,0.0,0.0,0.0
2024-06-13 14:32:00-04:00,41.66999816894531,41.66999816894531,41.66999816894531,41.66999816894531,499,0.0,0.0,0.0
2024-06-13 14:33:00-04:00,41.689998626708984,41.689998626708984,41.689998626708984,41.689998626708984,100,0.0,0.0,0.0
2024-06-13 14:34:00-04:00,41.68000030517578,41.689998626708984,41.68000030517578,41.689998626708984,559,0.0,0.0,0.0
2024-06-13 14:35:00-04:00,41.66999816894531,41.66999816894531,41.66999816894531,41.66999816894531,149,0.0,0.0,0.0
2024-06-13 14:36:00-04:00,41.68000030517578,41.689998626708984,41.68000030517578,41.689998626708984,451,0.0,0.0,0.0
2024-06-13 14:37:00-04:00,41.650001525878906,41.65999984741211,41.650001525878906,41.65999984741211,431,0.0,0.0,0.0
2024-06-13 14:38:00-04:00,41.62110137939453,41.65999984741211,41.62110137939453,41.630001068115234,917,0.0,0.0,0.0
2024-06-13 14:39:00-04:00,41.61000061035156,41.619998931884766,41.599998474121094,41.61000061035156,105165,0.0,0.0,0.0
2024-06-13 14:40:00-04:00,41.599998474121094,41.650001525878906,41.595001220703125,41.630001068115234,29888,0.0,0.0,0.0
2024-06-13 14:41:00-04:00,41.689998626708984,41.689998626708984,41.66999816894531,41.689998626708984,2100,0.0,0.0,0.0
2024-06-13 14:42:00-04:00,41.689998626708984,41.689998626708984,41.66999816894531,41.66999816894531,1546,0.0,0.0,0.0
2024-06-13 14:44:00-04:00,41.69499969482422,41.71889877319336,41.69499969482422,41.71889877319336,3340,0.0,0.0,0.0
2024-06-13 14:46:00-04:00,41.720001220703125,41.720001220703125,41.720001220703125,41.720001220703125,308,0.0,0.0,0.0
2024-06-13 14:49:00-04:00,41.66999816894531,41.66999816894531,41.66999816894531,41.66999816894531,175,0.0,0.0,0.0
2024-06-13 14:51:00-04:00,41.67839813232422,41.67839813232422,41.67839813232422,41.67839813232422,467,0.0,0.0,0.0
2024-06-13 14:59:00-04:00,41.76940155029297,41.76940155029297,41.76940155029297,41.76940155029297,241,0.0,0.0,0.0
2024-06-13 15:01:00-04:00,41.79899978637695,41.79999923706055,41.77000045776367,41.79899978637695,1735,0.0,0.0,0.0
2024-06-13 15:03:00-04:00,41.810001373291016,41.810001373291016,41.810001373291016,41.810001373291016,110,0.0,0.0,0.0
2024-06-13 15:04:00-04:00,41.849998474121094,41.88999938964844,41.849998474121094,41.88999938964844,535,0.0,0.0,0.0
2024-06-13 15:05:00-04:00,41.90999984741211,41.90999984741211,41.90999984741211,41.90999984741211,328,0.0,0.0,0.0
2024-06-13 15:08:00-04:00,41.869998931884766,41.869998931884766,41.869998931884766,41.869998931884766,1057,0.0,0.0,0.0
2024-06-13 15:11:00-04:00,41.790000915527344,41.790000915527344,41.790000915527344,41.790000915527344,131,0.0,0.0,0.0
2024-06-13 15:12:00-04:00,41.82929992675781,41.829898834228516,41.8026008605957,41.829898834228516,1864,0.0,0.0,0.0
2024-06-13 15:16:00-04:00,41.71110153198242,41.71110153198242,41.71110153198242,41.71110153198242,311,0.0,0.0,0.0
2024-06-13 15:22:00-04:00,41.82500076293945,41.82500076293945,41.82500076293945,41.82500076293945,958,0.0,0.0,0.0
2024-06-13 15:26:00-04:00,41.79999923706055,41.79999923706055,41.79999923706055,41.79999923706055,346,0.0,0.0,0.0
2024-06-13 15:29:00-04:00,41.790000915527344,41.790000915527344,41.790000915527344,41.790000915527344,399,0.0,0.0,0.0
2024-06-13 15:32:00-04:00,41.69919967651367,41.720001220703125,41.69919967651367,41.720001220703125,878,0.0,0.0,0.0
2024-06-13 15:40:00-04:00,41.810001373291016,41.814998626708984,41.810001373291016,41.814998626708984,453,0.0,0.0,0.0
2024-06-13 15:42:00-04:00,41.820098876953125,41.820098876953125,41.820098876953125,41.820098876953125,676,0.0,0.0,0.0
2024-06-13 15:44:00-04:00,41.810001373291016,41.81880187988281,41.810001373291016,41.81880187988281,565,0.0,0.0,0.0
2024-06-13 15:45:00-04:00,41.82099914550781,41.83000183105469,41.82099914550781,41.83000183105469,421,0.0,0.0,0.0
2024-06-13 15:46:00-04:00,41.8578987121582,41.8578987121582,41.8578987121582,41.8578987121582,106,0.0,0.0,0.0
2024-06-13 15:47:00-04:00,41.86000061035156,41.86000061035156,41.86000061035156,41.86000061035156,3561,0.0,0.0,0.0
2024-06-13 15:49:00-04:00,41.83000183105469,41.83000183105469,41.83000183105469,41.83000183105469,104,0.0,0.0,0.0
2024-06-13 15:50:00-04:00,41.83000183105469,41.83000183105469,41.83000183105469,41.83000183105469,242,0.0,0.0,0.0
2024-06-13 15:51:00-04:00,41.845001220703125,41.845001220703125,41.845001220703125,41.845001220703125,199,0.0,0.0,0.0
2024-06-13 15:54:00-04:00,41.84000015258789,41.84000015258789,41.81010055541992,41.81010055541992,612,0.0,0.0,0.0
2024-06-13 15:55:00-04:00,41.840301513671875,41.840301513671875,41.840301513671875,41.840301513671875,514,0.0,0.0,0.0
2024-06-13 15:56:00-04:00,41.869998931884766,41.880001068115234,41.869998931884766,41.880001068115234,200,0.0,0.0,0.0
2024-06-13 15:57:00-04:00,41.93000030517578,41.93000030517578,41.93000030517578,41.93000030517578,647,0.0,0.0,0.0
2024-06-13 15:58:00-04:00,41.93000030517578,41.93000030517578,41.93000030517578,41.93000030517578,331,0.0,0.0,0.0
2024-06-13 15:59:00-04:00,41.95000076293945,41.97999954223633,41.790000915527344,41.790000915527344,7829,0.0,0.0,0.0
2024-06-14 09:30:00-04:00,41.13999938964844,41.209999084472656,41.13999938964844,41.209999084472656,60700,0.0,0.0,0.0
2024-06-14 09:31:00-04:00,41.13999938964844,41.15999984741211,41.13999938964844,41.15999984741211,750,0.0,0.0,0.0
2024-06-14 09:32:00-04:00,41.209999084472656,41.209999084472656,41.18000030517578,41.183998107910156,8238,0.0,0.0,0.0
2024-06-14 09:33:00-04:00,41.20640182495117,41.20640182495117,41.20640182495117,41.20640182495117,426,0.0,0.0,0.0
2024-06-14 09:34:00-04:00,41.2400016784668,41.2400016784668,41.2400016784668,41.2400016784668,162,0.0,0.0,0.0
2024-06-14 09:35:00-04:00,41.220001220703125,41.220001220703125,41.220001220703125,41.220001220703125,157,0.0,0.0,0.0
2024-06-14 09:36:00-04:00,41.22100067138672,41.22100067138672,41.22100067138672,41.22100067138672,259,0.0,0.0,0.0
2024-06-14 09:37:00-04:00,41.25,41.290000915527344,41.25,41.290000915527344,2095,0.0,0.0,0.0
2024-06-14 09:38:00-04:00,41.29059982299805,41.31999969482422,41.29059982299805,41.31999969482422,1500,0.0,0.0,0.0
2024-06-14 09:39:00-04:00,41.334999084472656,41.369998931884766,41.334999084472656,41.369998931884766,604,0.0,0.0,0.0
2024-06-14 09:40:00-04:00,41.349998474121094,41.349998474121094,41.349998474121094,41.349998474121094,231,0.0,0.0,0.0
2024-06-14 09:41:00-04:00,41.3400993347168,41.3400993347168,41.3400993347168,41.3400993347168,948,0.0,0.0,0.0
2024-06-14 09:44:00-04:00,41.31990051269531,41.31990051269531,41.290000915527344,41.290000915527344,368,0.0,0.0,0.0
2024-06-14 09:45:00-04:00,41.29999923706055,41.304500579833984,41.29999923706055,41.304500579833984,4968,0.0,0.0,0.0
2024-06-14 09:46:00-04:00,41.31999969482422,41.349998474121094,41.31999969482422,41.349998474121094,549,0.0,0.0,0.0
2024-06-14 09:47:00-04:00,41.380001068115234,41.380001068115234,41.380001068115234,41.380001068115234,505,0.0,0.0,0.0
2024-06-14 09:48:00-04:00,41.33000183105469,41.33000183105469,41.310001373291016,41.310001373291016,251,0.0,0.0,0.0
2024-06-14 09:49:00-04:00,41.31999969482422,41.33039855957031,41.31999969482422,41.33039855957031,856,0.0,0.0,0.0
2024-06-14 09:50:00-04:00,41.29999923706055,41.29999923706055,41.29999923706055,41.29999923706055,121,0.0,0.0,0.0
2024-06-14 09:51:00-04:00,41.26900100708008,41.26900100708008,41.26900100708008,41.26900100708008,206,0.0,0.0,0.0
2024-06-14 09:53:00-04:00,41.290000915527344,41.290000915527344,41.290000915527344,41.290000915527344,110,0.0,0.0,0.0
2024-06-14 09:54:00-04:00,41.29999923706055,41.29999923706055,41.290000915527344,41.290000915527344,1011,0.0,0.0,0.0
2024-06-14 09:55:00-04:00,41.290000915527344,41.290000915527344,41.290000915527344,41.290000915527344,1142,0.0,0.0,0.0
2024-06-14 09:57:00-04:00,41.31999969482422,41.31999969482422,41.31999969482422,41.31999969482422,135,0.0,0.0,0.0
2024-06-14 09:59:00-04:00,41.34000015258789,41.34000015258789,41.34000015258789,41.34000015258789,288,0.0,0.0,0.0
2024-06-14 10:00:00-04:00,41.33000183105469,41.33000183105469,41.18000030517578,41.189998626708984,2381,0.0,0.0,0.0
2024-06-14 10:01:00-04:00,41.150001525878906,41.189998626708984,41.150001525878906,41.150001525878906,4881,0.0,0.0,0.0
2024-06-14 10:02:00-04:00,41.13999938964844,41.13999938964844,41.119998931884766,41.119998931884766,1275,0.0,0.0,0.0
2024-06-14 10:03:00-04:00,41.099998474121094,41.099998474121094,41.02000045776367,41.02000045776367,918,0.0,0.0,0.0
2024-06-14 10:04:00-04:00,41.04999923706055,41.04999923706055,41.04999923706055,41.04999923706055,1801,0.0,0.0,0.0
2024-06-14 10:05:00-04:00,41.060001373291016,41.07400131225586,41.060001373291016,41.07400131225586,1235,0.0,0.0,0.0
2024-06-14 10:07:00-04:00,41.060001373291016,41.15999984741211,41.060001373291016,41.1599006652832,3095,0.0,0.0,0.0
2024-06-14 10:08:00-04:00,41.06999969482422,41.10049819946289,41.06999969482422,41.06999969482422,1987,0.0,0.0,0.0
2024-06-14 10:09:00-04:00,41.02000045776367,41.02000045776367,40.9900016784668,41.02000045776367,452,0.0,0.0,0.0
2024-06-14 10:10:00-04:00,41.02000045776367,41.040000915527344,41.02000045776367,41.02000045776367,1253,0.0,0.0,0.0
2024-06-14 10:11:00-04:00,41.02000045776367,41.02000045776367,41.0099983215332,41.02000045776367,1501,0.0,0.0,0.0
2024-06-14 10:12:00-04:00,40.95000076293945,40.95000076293945,40.93989944458008,40.93989944458008,108355,0.0,0.0,0.0
2024-06-14 10:14:00-04:00,40.96989822387695,40.96989822387695,40.917999267578125,40.917999267578125,639,0.0,0.0,0.0
2024-06-14 10:15:00-04:00,40.91999816894531,40.98979949951172,40.91999816894531,40.98979949951172,635,0.0,0.0,0.0
2024-06-14 10:16:00-04:00,40.9900016784668,41.029998779296875,40.97999954223633,41.02000045776367,2181,0.0,0.0,0.0
2024-06-14 10:17:00-04:00,41.09000015258789,41.09000015258789,41.09000015258789,41.09000015258789,155,0.0,0.0,0.0
2024-06-14 10:18:00-04:00,41.119998931884766,41.13999938964844,41.119998931884766,41.13999938964844,1839,0.0,0.0,0.0
2024-06-14 10:19:00-04:00,41.13999938964844,41.13999938964844,41.13999938964844,41.13999938964844,225,0.0,0.0,0.0
2024-06-14 10:20:00-04:00,41.11000061035156,41.119998931884766,41.11000061035156,41.119998931884766,2700,0.0,0.0,0.0
2024-06-14 10:21:00-04:00,41.13999938964844,41.209999084472656,41.130699157714844,41.209999084472656,613,0.0,0.0,0.0
2024-06-14 10:22:00-04:00,41.189998626708984,41.189998626708984,41.189998626708984,41.189998626708984,189,0.0,0.0,0.0
2024-06-14 10:23:00-04:00,41.15999984741211,41.189998626708984,41.15999984741211,41.189998626708984,241,0.0,0.0,0.0
2024-06-14 10:24:00-04:00,41.25979995727539,41.25979995727539,41.2510986328125,41.2510986328125,2400,0.0,0.0,0.0
2024-06-14 10:25:00-04:00,41.209999084472656,41.209999084472656,41.209999084472656,41.209999084472656,285,0.0,0.0,0.0
2024-06-14 10:26:00-04:00,41.1150016784668,41.16999816894531,41.1150016784668,41.16999816894531,1851,0.0,0.0,0.0
2024-06-14 10:27:00-04:00,41.18000030517578,41.209999084472656,41.18000030517578,41.209999084472656,1530,0.0,0.0,0.0
2024-06-14 10:28:00-04:00,41.20000076293945,41.209999084472656,41.16999816894531,41.16999816894531,2707,0.0,0.0,0.0
2024-06-14 10:29:00-04:00,41.130001068115234,41.15999984741211,41.130001068115234,41.15999984741211,902,0.0,0.0,0.0
2024-06-14 10:31:00-04:00,41.040000915527344,41.040000915527344,41.040000915527344,41.040000915527344,266,0.0,0.0,0.0
2024-06-14 10:32:00-04:00,40.9900016784668,40.9900016784668,40.989898681640625,40.989898681640625,659,0.0,0.0,0.0
2024-06-14 10:33:00-04:00,41.0099983215332,41.02000045776367,41.0,41.0,3034,0.0,0.0,0.0
2024-06-14 10:34:00-04:00,41.029998779296875,41.029998779296875,41.02000045776367,41.02000045776367,523,0.0,0.0,0.0
2024-06-14 10:35:00-04:00,40.97999954223633,40.97999954223633,40.97999954223633,40.97999954223633,1006,0.0,0.0,0.0
2024-06-14 10:36:00-04:00,40.93989944458008,40.93989944458008,40.93989944458008,40.93989944458008,1075,0.0,0.0,0.0
2024-06-14 10:37:00-04:00,40.90999984741211,40.90999984741211,40.880001068115234,40.880001068115234,650,0.0,0.0,0.0
2024-06-14 10:38:00-04:00,40.869998931884766,40.90999984741211,40.869998931884766,40.90999984741211,276,0.0,0.0,0.0
2024-06-14 10:39:00-04:00,40.9296989440918,40.9296989440918,40.88999938964844,40.88999938964844,1375,0.0,0.0,0.0
2024-06-14 10:40:00-04:00,40.869998931884766,40.91999816894531,40.869998931884766,40.90999984741211,2121,0.0,0.0,0.0
2024-06-14 10:41:00-04:00,40.900001525878906,40.900001525878906,40.88999938964844,40.88999938964844,892,0.0,0.0,0.0
2024-06-14 10:42:00-04:00,40.970001220703125,40.970001220703125,40.95009994506836,40.970001220703125,502,0.0,0.0,0.0
2024-06-14 10:43:00-04:00,41.0099983215332,41.02000045776367,41.0099983215332,41.02000045776367,675,0.0,0.0,0.0
2024-06-14 10:44:00-04:00,41.04999923706055,41.04999923706055,41.04999923706055,41.04999923706055,175,0.0,0.0,0.0
2024-06-14 10:45:00-04:00,41.029998779296875,41.029998779296875,41.0099983215332,41.0099983215332,616,0.0,0.0,0.0
2024-06-14 10:46:00-04:00,41.0099983215332,41.11000061035156,41.0099983215332,41.099998474121094,2778,0.0,0.0,0.0
2024-06-14 10:47:00-04:00,41.099998474121094,41.099998474121094,41.099998474121094,41.099998474121094,200,0.0,0.0,0.0
2024-06-14 10:48:00-04:00,41.11000061035156,41.119998931884766,41.11000061035156,41.119998931884766,400,0.0,0.0,0.0
2024-06-14 10:49:00-04:00,41.130001068115234,41.130001068115234,41.130001068115234,41.130001068115234,120,0.0,0.0,0.0
2024-06-14 10:50:00-04:00,41.119998931884766,41.119998931884766,41.119998931884766,41.119998931884766,200,0.0,0.0,0.0
2024-06-14 10:51:00-04:00,41.159000396728516,41.159000396728516,41.159000396728516,41.159000396728516,457,0.0,0.0,0.0
2024-06-14 10:52:00-04:00,41.16999816894531,41.16999816894531,41.15999984741211,41.15999984741211,661,0.0,0.0,0.0
2024-06-14 10:53:00-04:00,41.19150161743164,41.2599983215332,41.19150161743164,41.2599983215332,1477,0.0,0.0,0.0
2024-06-14 10:54:00-04:00,41.279998779296875,41.279998779296875,41.25,41.25,260,0.0,0.0,0.0
2024-06-14 10:55:00-04:00,41.27000045776367,41.27000045776367,41.27000045776367,41.27000045776367,201,0.0,0.0,0.0
2024-06-14 10:56:00-04:00,41.279998779296875,41.279998779296875,41.260101318359375,41.260101318359375,3269,0.0,0.0,0.0
2024-06-14 11:00:00-04:00,41.250099182128906,41.250099182128906,41.250099182128906,41.250099182128906,2152,0.0,0.0,0.0
2024-06-14 11:01:00-04:00,41.25239944458008,41.25239944458008,41.25239944458008,41.25239944458008,3083,0.0,0.0,0.0
2024-06-14 11:03:00-04:00,41.29999923706055,41.29999923706055,41.29999923706055,41.29999923706055,506,0.0,0.0,0.0
2024-06-14 11:05:00-04:00,41.27980041503906,41.27980041503906,41.27980041503906,41.27980041503906,1077,0.0,0.0,0.0
2024-06-14 11:06:00-04:00,41.244998931884766,41.244998931884766,41.220001220703125,41.23099899291992,805,0.0,0.0,0.0
2024-06-14 11:07:00-04:00,41.22999954223633,41.22999954223633,41.22999954223633,41.22999954223633,506,0.0,0.0,0.0
2024-06-14 11:09:00-04:00,41.150001525878906,41.150001525878906,41.150001525878906,41.150001525878906,250,0.0,0.0,0.0
2024-06-14 11:10:00-04:00,41.150001525878906,41.150001525878906,41.150001525878906,41.150001525878906,430,0.0,0.0,0.0
2024-06-14 11:13:00-04:00,41.290000915527344,41.29999923706055,41.279998779296875,41.29999923706055,1679,0.0,0.0,0.0
2024-06-14 11:15:00-04:00,41.279998779296875,41.279998779296875,41.27000045776367,41.27000045776367,682,0.0,0.0,0.0
2024-06-14 11:17:00-04:00,41.18000030517578,41.18000030517578,41.18000030517578,41.18000030517578,125,0.0,0.0,0.0
2024-06-14 11:18:00-04:00,41.18000030517578,41.18000030517578,41.18000030517578,41.18000030517578,100,0.0,0.0,0.0
2024-06-14 11:19:00-04:00,41.290000915527344,41.290000915527344,41.290000915527344,41.290000915527344,2750,0.0,0.0,0.0
2024-06-14 11:20:00-04:00,41.29999923706055,41.35499954223633,41.2843017578125,41.35499954223633,1339,0.0,0.0,0.0
2024-06-14 11:21:00-04:00,41.36000061035156,41.36000061035156,41.36000061035156,41.36000061035156,651,0.0,0.0,0.0
2024-06-14 11:22:00-04:00,41.279998779296875,41.279998779296875,41.279998779296875,41.279998779296875,850,0.0,0.0,0.0
2024-06-14 11:23:00-04:00,41.310001373291016,41.310001373291016,41.310001373291016,41.310001373291016,491,0.0,0.0,0.0
2024-06-14 11:25:00-04:00,41.33000183105469,41.33000183105469,41.33000183105469,41.33000183105469,365,0.0,0.0,0.0
2024-06-14 11:28:00-04:00,41.36000061035156,41.36000061035156,41.34000015258789,41.34000015258789,2896,0.0,0.0,0.0
2024-06-14 11:30:00-04:00,41.400001525878906,41.400001525878906,41.369998931884766,41.369998931884766,2751,0.0,0.0,0.0
2024-06-14 11:31:00-04:00,41.410301208496094,41.419898986816406,41.410301208496094,41.419898986816406,5363,0.0,0.0,0.0
2024-06-14 11:33:00-04:00,41.380001068115234,41.380001068115234,41.380001068115234,41.380001068115234,424,0.0,0.0,0.0
2024-06-14 11:35:00-04:00,41.36989974975586,41.36989974975586,41.36989974975586,41.36989974975586,282,0.0,0.0,0.0
2024-06-14 11:37:00-04:00,41.345001220703125,41.345001220703125,41.345001220703125,41.345001220703125,109,0.0,0.0,0.0
2024-06-14 11:38:00-04:00,41.349998474121094,41.349998474121094,41.310001373291016,41.33000183105469,1448,0.0,0.0,0.0
2024-06-14 11:39:00-04:00,41.31999969482422,41.31999969482422,41.31999969482422,41.31999969482422,338,0.0,0.0,0.0
2024-06-14 11:42:00-04:00,41.20000076293945,41.20000076293945,41.20000076293945,41.20000076293945,378,0.0,0.0,0.0
2024-06-14 11:43:00-04:00,41.13999938964844,41.13999938964844,41.13999938964844,41.13999938964844,200,0.0,0.0,0.0
2024-06-14 11:44:00-04:00,41.13999938964844,41.13999938964844,41.130001068115234,41.130001068115234,927,0.0,0.0,0.0
2024-06-14 11:45:00-04:00,41.11000061035156,41.15999984741211,41.11000061035156,41.11000061035156,1248,0.0,0.0,0.0
2024-06-14 11:46:00-04:00,41.09000015258789,41.09000015258789,41.09000015258789,41.09000015258789,1105,0.0,0.0,0.0
2024-06-14 11:47:00-04:00,41.06999969482422,41.06999969482422,41.06999969482422,41.06999969482422,234,0.0,0.0,0.0
2024-06-14 11:49:00-04:00,41.060001373291016,41.060001373291016,41.060001373291016,41.060001373291016,508,0.0,0.0,0.0
2024-06-14 11:50:00-04:00,41.0,41.0,41.0,41.0,2654,0.0,0.0,0.0
2024-06-14 11:51:00-04:00,41.0099983215332,41.04999923706055,41.0099983215332,41.04999923706055,1363,0.0,0.0,0.0
2024-06-14 11:53:00-04:00,41.099998474121094,41.099998474121094,41.099998474121094,41.099998474121094,250,0.0,0.0,0.0
2024-06-14 11:54:00-04:00,41.130001068115234,41.130001068115234,41.130001068115234,41.130001068115234,459,0.0,0.0,0.0
2024-06-14 11:59:00-04:00,41.270599365234375,41.279998779296875,41.270599365234375,41.279998779296875,5117,0.0,0.0,0.0
2024-06-14 12:00:00-04:00,41.29100036621094,41.30009841918945,41.290000915527344,41.290000915527344,1586,0.0,0.0,0.0
2024-06-14 12:01:00-04:00,41.2400016784668,41.2400016784668,41.2400016784668,41.2400016784668,101,0.0,0.0,0.0
2024-06-14 12:03:00-04:00,41.209999084472656,41.244998931884766,41.209999084472656,41.244998931884766,2744,0.0,0.0,0.0
2024-06-14 12:04:00-04:00,41.279998779296875,41.279998779296875,41.279998779296875,41.279998779296875,4170,0.0,0.0,0.0
2024-06-14 12:07:00-04:00,41.290000915527344,41.290000915527344,41.290000915527344,41.290000915527344,9609,0.0,0.0,0.0
2024-06-14 12:08:00-04:00,41.310001373291016,41.310001373291016,41.310001373291016,41.310001373291016,2277,0.0,0.0,0.0
2024-06-14 12:09:00-04:00,41.33000183105469,41.33000183105469,41.33000183105469,41.33000183105469,100,0.0,0.0,0.0
2024-06-14 12:10:00-04:00,41.369998931884766,41.369998931884766,41.369998931884766,41.369998931884766,110,0.0,0.0,0.0
2024-06-14 12:11:00-04:00,41.380001068115234,41.41999816894531,41.380001068115234,41.41999816894531,979,0.0,0.0,0.0
2024-06-14 12:12:00-04:00,41.43579864501953,41.43579864501953,41.43579864501953,41.43579864501953,2089,0.0,0.0,0.0
2024-06-14 12:14:00-04:00,41.40999984741211,41.40999984741211,41.38999938964844,41.38999938964844,725,0.0,0.0,0.0
2024-06-14 12:15:00-04:00,41.42499923706055,41.42499923706055,41.41999816894531,41.41999816894531,1171,0.0,0.0,0.0
2024-06-14 12:16:00-04:00,41.415000915527344,41.415000915527344,41.40999984741211,41.40999984741211,1325,0.0,0.0,0.0
2024-06-14 12:19:00-04:00,41.2599983215332,41.2599983215332,41.2599983215332,41.2599983215332,579,0.0,0.0,0.0
2024-06-14 12:24:00-04:00,41.33000183105469,41.33000183105469,41.310001373291016,41.31999969482422,720,0.0,0.0,0.0
2024-06-14 12:26:00-04:00,41.2599983215332,41.2599983215332,41.2599983215332,41.2599983215332,388,0.0,0.0,0.0
2024-06-14 12:28:00-04:00,41.290000915527344,41.290000915527344,41.279998779296875,41.279998779296875,737,0.0,0.0,0.0
2024-06-14 12:32:00-04:00,41.16999816894531,41.220001220703125,41.16999816894531,41.189998626708984,550,0.0,0.0,0.0
2024-06-14 12:33:00-04:00,41.18000030517578,41.18000030517578,41.18000030517578,41.18000030517578,138,0.0,0.0,0.0
2024-06-14 12:35:00-04:00,41.27000045776367,41.27000045776367,41.27000045776367,41.27000045776367,150,0.0,0.0,0.0
2024-06-14 12:36:00-04:00,41.29999923706055,41.29999923706055,41.29999923706055,41.29999923706055,101,0.0,0.0,0.0
2024-06-14 12:37:00-04:00,41.290000915527344,41.303199768066406,41.290000915527344,41.303199768066406,500,0.0,0.0,0.0
2024-06-14 12:38:00-04:00,41.369998931884766,41.369998931884766,41.36989974975586,41.36989974975586,277,0.0,0.0,0.0
2024-06-14 12:39:00-04:00,41.369998931884766,41.369998931884766,41.369998931884766,41.369998931884766,206,0.0,0.0,0.0
2024-06-14 12:40:00-04:00,41.40999984741211,41.40999984741211,41.36000061035156,41.36000061035156,574,0.0,0.0,0.0
2024-06-14 12:41:00-04:00,41.349998474121094,41.349998474121094,41.349998474121094,41.349998474121094,226,0.0,0.0,0.0
2024-06-14 12:42:00-04:00,41.33000183105469,41.33000183105469,41.33000183105469,41.33000183105469,350,0.0,0.0,0.0
2024-06-14 12:43:00-04:00,41.380001068115234,41.380001068115234,41.380001068115234,41.380001068115234,124,0.0,0.0,0.0
2024-06-14 12:44:00-04:00,41.400001525878906,41.400001525878906,41.400001525878906,41.400001525878906,100,0.0,0.0,0.0
2024-06-14 12:45:00-04:00,41.43000030517578,41.439998626708984,41.43000030517578,41.439998626708984,1598,0.0,0.0,0.0
2024-06-14 12:48:00-04:00,41.36000061035156,41.36000061035156,41.36000061035156,41.36000061035156,101,0.0,0.0,0.0
2024-06-14 12:49:00-04:00,41.34000015258789,41.38999938964844,41.34000015258789,41.38999938964844,1144,0.0,0.0,0.0
2024-06-14 12:50:00-04:00,41.43000030517578,41.43000030517578,41.43000030517578,41.43000030517578,100,0.0,0.0,0.0
2024-06-14 12:52:00-04:00,41.470001220703125,41.470001220703125,41.459999084472656,41.459999084472656,259,0.0,0.0,0.0
2024-06-14 12:53:00-04:00,41.439998626708984,41.439998626708984,41.38999938964844,41.38999938964844,2266,0.0,0.0,0.0
2024-06-14 12:54:00-04:00,41.31999969482422,41.380001068115234,41.31999969482422,41.375,3805,0.0,0.0,0.0
2024-06-14 12:55:00-04:00,41.3650016784668,41.3650016784668,41.3650016784668,41.3650016784668,1087,0.0,0.0,0.0
2024-06-14 12:58:00-04:00,41.439998626708984,41.439998626708984,41.412601470947266,41.412601470947266,355,0.0,0.0,0.0
2024-06-14 12:59:00-04:00,41.43090057373047,41.43090057373047,41.43090057373047,41.43090057373047,131,0.0,0.0,0.0
2024-06-14 13:00:00-04:00,41.45000076293945,41.470001220703125,41.439998626708984,41.439998626708984,654,0.0,0.0,0.0
2024-06-14 13:01:00-04:00,41.45000076293945,41.45000076293945,41.45000076293945,41.45000076293945,312,0.0,0.0,0.0
2024-06-14 13:03:00-04:00,41.4900016784668,41.4900016784668,41.4900016784668,41.4900016784668,100,0.0,0.0,0.0
2024-06-14 13:04:00-04:00,41.43000030517578,41.43000030517578,41.43000030517578,41.43000030517578,416,0.0,0.0,0.0
2024-06-14 13:06:00-04:00,41.459999084472656,41.459999084472656,41.459999084472656,41.459999084472656,184,0.0,0.0,0.0
2024-06-14 13:07:00-04:00,41.47999954223633,41.47999954223633,41.470001220703125,41.470001220703125,500,0.0,0.0,0.0
2024-06-14 13:08:00-04:00,41.4900016784668,41.4900016784668,41.4900016784668,41.4900016784668,386,0.0,0.0,0.0
2024-06-14 13:11:00-04:00,41.5099983215332,41.5099983215332,41.5,41.5,579,0.0,0.0,0.0
2024-06-14 13:13:00-04:00,41.540000915527344,41.540000915527344,41.540000915527344,41.540000915527344,1172,0.0,0.0,0.0
2024-06-14 13:14:00-04:00,41.567901611328125,41.567901611328125,41.54999923706055,41.54999923706055,311,0.0,0.0,0.0
2024-06-14 13:15:00-04:00,41.54999923706055,41.54999923706055,41.54999923706055,41.54999923706055,327,0.0,0.0,0.0
2024-06-14 13:16:00-04:00,41.619998931884766,41.630001068115234,41.56999969482422,41.56999969482422,1330,0.0,0.0,0.0
2024-06-14 13:17:00-04:00,41.52949905395508,41.52949905395508,41.52949905395508,41.52949905395508,1563,0.0,0.0,0.0
2024-06-14 13:18:00-04:00,41.53499984741211,41.53499984741211,41.53499984741211,41.53499984741211,371,0.0,0.0,0.0
2024-06-14 13:19:00-04:00,41.52000045776367,41.52000045776367,41.51070022583008,41.51070022583008,5332,0.0,0.0,0.0
2024-06-14 13:20:00-04:00,41.529998779296875,41.58000183105469,41.529998779296875,41.58000183105469,354,0.0,0.0,0.0
2024-06-14 13:21:00-04:00,41.619998931884766,41.619998931884766,41.619998931884766,41.619998931884766,126,0.0,0.0,0.0
2024-06-14 13:23:00-04:00,41.53499984741211,41.53499984741211,41.53499984741211,41.53499984741211,1151,0.0,0.0,0.0
2024-06-14 13:24:00-04:00,41.47999954223633,41.47999954223633,41.47999954223633,41.47999954223633,890,0.0,0.0,0.0
2024-06-14 13:25:00-04:00,41.5,41.5,41.5,41.5,100,0.0,0.0,0.0
2024-06-14 13:26:00-04:00,41.49399948120117,41.49399948120117,41.4900016784668,41.4900016784668,475,0.0,0.0,0.0
2024-06-14 13:29:00-04:00,41.52000045776367,41.52000045776367,41.52000045776367,41.52000045776367,450,0.0,0.0,0.0
2024-06-14 13:32:00-04:00,41.560001373291016,41.560001373291016,41.560001373291016,41.560001373291016,125,0.0,0.0,0.0
2024-06-14 13:33:00-04:00,41.55009841918945,41.55009841918945,41.55009841918945,41.55009841918945,1021,0.0,0.0,0.0
2024-06-14 13:34:00-04:00,41.56010055541992,41.59000015258789,41.56010055541992,41.59000015258789,1676,0.0,0.0,0.0
2024-06-14 13:35:00-04:00,41.59000015258789,41.599998474121094,41.59000015258789,41.599998474121094,469,0.0,0.0,0.0
2024-06-14 13:37:00-04:00,41.56999969482422,41.56999969482422,41.56999969482422,41.56999969482422,107,0.0,0.0,0.0
2024-06-14 13:38:00-04:00,41.58000183105469,41.58000183105469,41.58000183105469,41.58000183105469,418,0.0,0.0,0.0
2024-06-14 13:42:00-04:00,41.5,41.5,41.470001220703125,41.470001220703125,4330,0.0,0.0,0.0
2024-06-14 13:43:00-04:00,41.52000045776367,41.52000045776367,41.47999954223633,41.47999954223633,3405,0.0,0.0,0.0
2024-06-14 13:44:00-04:00,41.47999954223633,41.47999954223633,41.47999954223633,41.47999954223633,3366,0.0,0.0,0.0
2024-06-14 13:49:00-04:00,41.5,41.5,41.5,41.5,295,0.0,0.0,0.0
2024-06-14 13:51:00-04:00,41.470001220703125,41.470001220703125,41.470001220703125,41.470001220703125,202,0.0,0.0,0.0
2024-06-14 13:54:00-04:00,41.54800033569336,41.54999923706055,41.54800033569336,41.54999923706055,910,0.0,0.0,0.0
2024-06-14 13:56:00-04:00,41.439998626708984,41.439998626708984,41.43000030517578,41.435001373291016,3564,0.0,0.0,0.0
2024-06-14 13:57:00-04:00,41.439998626708984,41.439998626708984,41.41999816894531,41.41999816894531,949,0.0,0.0,0.0
2024-06-14 13:58:00-04:00,41.369998931884766,41.4099006652832,41.369998931884766,41.4099006652832,1325,0.0,0.0,0.0
2024-06-14 13:59:00-04:00,41.410099029541016,41.410099029541016,41.410099029541016,41.410099029541016,476,0.0,0.0,0.0
2024-06-14 14:01:00-04:00,41.290000915527344,41.33000183105469,41.290000915527344,41.33000183105469,931,0.0,0.0,0.0
2024-06-14 14:04:00-04:00,41.40999984741211,41.40999984741211,41.40999984741211,41.40999984741211,300,0.0,0.0,0.0
2024-06-14 14:05:00-04:00,41.459999084472656,41.459999084472656,41.459999084472656,41.459999084472656,522,0.0,0.0,0.0
2024-06-14 14:06:00-04:00,41.48899841308594,41.4900016784668,41.47999954223633,41.47999954223633,4137,0.0,0.0,0.0
2024-06-14 14:07:00-04:00,41.45000076293945,41.45000076293945,41.45000076293945,41.45000076293945,604,0.0,0.0,0.0
2024-06-14 14:14:00-04:00,41.349998474121094,41.349998474121094,41.349998474121094,41.349998474121094,301,0.0,0.0,0.0
2024-06-14 14:15:00-04:00,41.34000015258789,41.34000015258789,41.34000015258789,41.34000015258789,1400,0.0,0.0,0.0
2024-06-14 14:16:00-04:00,41.29999923706055,41.29999923706055,41.27000045776367,41.27000045776367,616,0.0,0.0,0.0
2024-06-14 14:17:00-04:00,41.31999969482422,41.31999969482422,41.31999969482422,41.31999969482422,160,0.0,0.0,0.0
2024-06-14 14:18:00-04:00,41.369998931884766,41.369998931884766,41.369998931884766,41.369998931884766,265,0.0,0.0,0.0
2024-06-14 14:19:00-04:00,41.43000030517578,41.43000030517578,41.43000030517578,41.43000030517578,100,0.0,0.0,0.0
2024-06-14 14:20:00-04:00,41.40999984741211,41.40999984741211,41.40999984741211,41.40999984741211,274,0.0,0.0,0.0
2024-06-14 14:22:00-04:00,41.41999816894531,41.41999816894531,41.41999816894531,41.41999816894531,198,0.0,0.0,0.0
2024-06-14 14:23:00-04:00,41.5,41.5,41.47999954223633,41.47999954223633,610,0.0,0.0,0.0
2024-06-14 14:24:00-04:00,41.5,41.5099983215332,41.5,41.5099983215332,4850,0.0,0.0,0.0
2024-06-14 14:25:00-04:00,41.52000045776367,41.540000915527344,41.52000045776367,41.540000915527344,1215,0.0,0.0,0.0
2024-06-14 14:26:00-04:00,41.56999969482422,41.56999969482422,41.56999969482422,41.56999969482422,115,0.0,0.0,0.0
2024-06-14 14:27:00-04:00,41.529998779296875,41.529998779296875,41.529998779296875,41.529998779296875,185,0.0,0.0,0.0
2024-06-14 14:28:00-04:00,41.5,41.5,41.46269989013672,41.470001220703125,800,0.0,0.0,0.0
2024-06-14 14:29:00-04:00,41.474998474121094,41.474998474121094,41.474998474121094,41.474998474121094,1038,0.0,0.0,0.0
2024-06-14 14:31:00-04:00,41.43000030517578,41.43000030517578,41.43000030517578,41.43000030517578,298,0.0,0.0,0.0
2024-06-14 14:38:00-04:00,41.400001525878906,41.400001525878906,41.38999938964844,41.38999938964844,2242,0.0,0.0,0.0
2024-06-14 14:40:00-04:00,41.38199996948242,41.38199996948242,41.380001068115234,41.380001068115234,1131,0.0,0.0,0.0
2024-06-14 14:42:00-04:00,41.369998931884766,41.369998931884766,41.36000061035156,41.36000061035156,2635,0.0,0.0,0.0
2024-06-14 14:44:00-04:00,41.400001525878906,41.4379997253418,41.400001525878906,41.4379997253418,1213,0.0,0.0,0.0
2024-06-14 14:48:00-04:00,41.4119987487793,41.41400146484375,41.410499572753906,41.410499572753906,885,0.0,0.0,0.0
2024-06-14 14:49:00-04:00,41.45000076293945,41.45000076293945,41.45000076293945,41.45000076293945,356,0.0,0.0,0.0
2024-06-14 14:53:00-04:00,41.529998779296875,41.54999923706055,41.529998779296875,41.540000915527344,561,0.0,0.0,0.0
2024-06-14 14:54:00-04:00,41.55500030517578,41.560001373291016,41.55500030517578,41.560001373291016,2790,0.0,0.0,0.0
2024-06-14 14:55:00-04:00,41.56999969482422,41.56999969482422,41.56999969482422,41.56999969482422,207,0.0,0.0,0.0
2024-06-14 14:57:00-04:00,41.41999816894531,41.5099983215332,41.41999816894531,41.5099983215332,1025,0.0,0.0,0.0
2024-06-14 14:58:00-04:00,41.4900016784668,41.4900016784668,41.4900016784668,41.4900016784668,175,0.0,0.0,0.0
2024-06-14 15:02:00-04:00,41.540000915527344,41.540000915527344,41.540000915527344,41.540000915527344,625,0.0,0.0,0.0
2024-06-14 15:05:00-04:00,41.579898834228516,41.58000183105469,41.579898834228516,41.58000183105469,956,0.0,0.0,0.0
2024-06-14 15:06:00-04:00,41.589900970458984,41.589900970458984,41.589900970458984,41.589900970458984,385,0.0,0.0,0.0
2024-06-14 15:07:00-04:00,41.55929946899414,41.55929946899414,41.55929946899414,41.55929946899414,261,0.0,0.0,0.0
2024-06-14 15:08:00-04:00,41.56999969482422,41.56999969482422,41.54999923706055,41.54999923706055,2441,0.0,0.0,0.0
2024-06-14 15:11:00-04:00,41.58000183105469,41.58000183105469,41.560001373291016,41.560001373291016,887,0.0,0.0,0.0
2024-06-14 15:14:00-04:00,41.540000915527344,41.540000915527344,41.529998779296875,41.529998779296875,760,0.0,0.0,0.0
2024-06-14 15:18:00-04:00,41.570098876953125,41.570098876953125,41.570098876953125,41.570098876953125,135,0.0,0.0,0.0
2024-06-14 15:21:00-04:00,41.56999969482422,41.56999969482422,41.565101623535156,41.565101623535156,1600,0.0,0.0,0.0
2024-06-14 15:24:00-04:00,41.599998474121094,41.630001068115234,41.599998474121094,41.617401123046875,2316,0.0,0.0,0.0
2024-06-14 15:26:00-04:00,41.61000061035156,41.61000061035156,41.61000061035156,41.61000061035156,345,0.0,0.0,0.0
2024-06-14 15:27:00-04:00,41.5797004699707,41.5797004699707,41.54909896850586,41.54909896850586,401,0.0,0.0,0.0
2024-06-14 15:31:00-04:00,41.560001373291016,41.56999969482422,41.560001373291016,41.56999969482422,2156,0.0,0.0,0.0
2024-06-14 15:33:00-04:00,41.560001373291016,41.560001373291016,41.560001373291016,41.560001373291016,2085,0.0,0.0,0.0
2024-06-14 15:34:00-04:00,41.564998626708984,41.599998474121094,41.564998626708984,41.59000015258789,1900,0.0,0.0,0.0
2024-06-14 15:35:00-04:00,41.630001068115234,41.630001068115234,41.62910079956055,41.62910079956055,1841,0.0,0.0,0.0
2024-06-14 15:38:00-04:00,41.61000061035156,41.61000061035156,41.61000061035156,41.61000061035156,148,0.0,0.0,0.0
2024-06-14 15:39:00-04:00,41.61000061035156,41.61000061035156,41.61000061035156,41.61000061035156,189,0.0,0.0,0.0
2024-06-14 15:40:00-04:00,41.59000015258789,41.59000015258789,41.59000015258789,41.59000015258789,304,0.0,0.0,0.0
2024-06-14 15:42:00-04:00,41.540000915527344,41.540000915527344,41.540000915527344,41.540000915527344,1000,0.0,0.0,0.0
2024-06-14 15:43:00-04:00,41.50299835205078,41.529998779296875,41.50299835205078,41.529998779296875,1320,0.0,0.0,0.0
2024-06-14 15:45:00-04:00,41.47010040283203,41.47010040283203,41.47010040283203,41.47010040283203,500,0.0,0.0,0.0
2024-06-14 15:46:00-04:00,41.5099983215332,41.529998779296875,41.5099983215332,41.529998779296875,635,0.0,0.0,0.0
2024-06-14 15:47:00-04:00,41.53350067138672,41.53350067138672,41.53350067138672,41.53350067138672,950,0.0,0.0,0.0
2024-06-14 15:48:00-04:00,41.52000045776367,41.52000045776367,41.5099983215332,41.5099983215332,237,0.0,0.0,0.0
2024-06-14 15:49:00-04:00,41.5099983215332,41.5099983215332,41.5,41.5099983215332,7885,0.0,0.0,0.0
2024-06-14 15:50:00-04:00,41.5099983215332,41.5099983215332,41.5099983215332,41.5099983215332,4201,0.0,0.0,0.0
2024-06-14 15:51:00-04:00,41.5099983215332,41.5099983215332,41.5099983215332,41.5099983215332,100,0.0,0.0,0.0
2024-06-14 15:54:00-04:00,41.5,41.5,41.47999954223633,41.47999954223633,2474,0.0,0.0,0.0
2024-06-14 15:55:00-04:00,41.4900016784668,41.52000045776367,41.4900016784668,41.52000045776367,795,0.0,0.0,0.0
2024-06-14 15:56:00-04:00,41.53450012207031,41.58000183105469,41.53450012207031,41.560001373291016,15824,0.0,0.0,0.0
2024-06-14 15:57:00-04:00,41.560001373291016,41.560001373291016,41.560001373291016,41.560001373291016,101,0.0,0.0,0.0
2024-06-14 15:58:00-04:00,41.599998474121094,41.63999938964844,41.599998474121094,41.630001068115234,14266,0.0,0.0,0.0
2024-06-14 15:59:00-04:00,41.641998291015625,41.755001068115234,41.641998291015625,41.7400016784668,49541,0.0,0.0,0.0
