Datetime,Open,High,Low,Close,Volume,Dividends,Stock Splits
2024-06-07 09:00:00+09:00,3660.0,3680.0,3565.0,3625.0,0,0.0,0.0
2024-06-07 09:05:00+09:00,3620.0,3695.0,3610.0,3640.0,129138,0.0,0.0
2024-06-07 09:10:00+09:00,3645.0,3670.0,3640.0,3665.0,80198,0.0,0.0
2024-06-07 09:15:00+09:00,3655.0,3695.0,3650.0,3695.0,53134,0.0,0.0
2024-06-07 09:20:00+09:00,3695.0,3725.0,3690.0,3705.0,58698,0.0,0.0
2024-06-07 09:25:00+09:00,3700.0,3750.0,3695.0,3750.0,40886,0.0,0.0
2024-06-07 09:30:00+09:00,3750.0,3770.0,3720.0,3740.0,32448,0.0,0.0
2024-06-07 09:35:00+09:00,3745.0,3745.0,3725.0,3740.0,20595,0.0,0.0
2024-06-07 09:40:00+09:00,3740.0,3765.0,3740.0,3755.0,13076,0.0,0.0
2024-06-07 09:45:00+09:00,3760.0,3765.0,3750.0,3765.0,26938,0.0,0.0
2024-06-07 09:50:00+09:00,3760.0,3765.0,3740.0,3755.0,8480,0.0,0.0
2024-06-07 09:55:00+09:00,3755.0,3820.0,3750.0,3815.0,47020,0.0,0.0
2024-06-07 10:00:00+09:00,3815.0,3830.0,3790.0,3805.0,83937,0.0,0.0
2024-06-07 10:05:00+09:00,3800.0,3800.0,3770.0,3780.0,15197,0.0,0.0
2024-06-07 10:10:00+09:00,3805.0,3815.0,3795.0,3805.0,29661,0.0,0.0
2024-06-07 10:15:00+09:00,3805.0,3805.0,3795.0,3800.0,9488,0.0,0.0
2024-06-07 10:20:00+09:00,3800.0,3805.0,3795.0,3800.0,9242,0.0,0.0
2024-06-07 10:25:00+09:00,3795.0,3805.0,3795.0,3795.0,3281,0.0,0.0
2024-06-07 10:30:00+09:00,3795.0,3800.0,3785.0,3785.0,5880,0.0,0.0
2024-06-07 10:35:00+09:00,3785.0,3790.0,3775.0,3775.0,9529,0.0,0.0
2024-06-07 10:40:00+09:00,3775.0,3790.0,3775.0,3790.0,11007,0.0,0.0
2024-06-07 10:45:00+09:00,3790.0,3795.0,3780.0,3790.0,5163,0.0,0.0
2024-06-07 10:50:00+09:00,3790.0,3805.0,3780.0,3805.0,7716,0.0,0.0
2024-06-07 10:55:00+09:00,3805.0,3805.0,3790.0,3800.0,5942,0.0,0.0
2024-06-07 11:00:00+09:00,3800.0,3800.0,3780.0,3790.0,3025,0.0,0.0
2024-06-07 11:05:00+09:00,3790.0,3790.0,3770.0,3770.0,10690,0.0,0.0
2024-06-07 11:10:00+09:00,3770.0,3775.0,3765.0,3770.0,27064,0.0,0.0
2024-06-07 11:15:00+09:00,3770.0,3775.0,3765.0,3775.0,2390,0.0,0.0
2024-06-07 11:20:00+09:00,3775.0,3780.0,3770.0,3780.0,6655,0.0,0.0
2024-06-07 11:25:00+09:00,3780.0,3795.0,3780.0,3795.0,5607,0.0,0.0
2024-06-07 11:30:00+09:00,3795.0,3800.0,3790.0,3800.0,9563,0.0,0.0
2024-06-07 11:35:00+09:00,3795.0,3795.0,3785.0,3795.0,4478,0.0,0.0
2024-06-07 11:40:00+09:00,3795.0,3795.0,3780.0,3785.0,3125,0.0,0.0
2024-06-07 11:45:00+09:00,3785.0,3790.0,3785.0,3785.0,4626,0.0,0.0
2024-06-07 11:50:00+09:00,3785.0,3790.0,3780.0,3780.0,7026,0.0,0.0
2024-06-07 11:55:00+09:00,3780.0,3785.0,3755.0,3760.0,16647,0.0,0.0
2024-06-07 12:00:00+09:00,3760.0,3770.0,3735.0,3760.0,20493,0.0,0.0
2024-06-07 12:05:00+09:00,3760.0,3760.0,3750.0,3750.0,1794,0.0,0.0
2024-06-07 12:10:00+09:00,3750.0,3760.0,3735.0,3760.0,8169,0.0,0.0
2024-06-07 12:15:00+09:00,3760.0,3760.0,3750.0,3755.0,3808,0.0,0.0
2024-06-07 12:20:00+09:00,3755.0,3755.0,3750.0,3750.0,4819,0.0,0.0
2024-06-07 12:25:00+09:00,3750.0,3750.0,3735.0,3750.0,16722,0.0,0.0
2024-06-07 12:30:00+09:00,3740.0,3750.0,3735.0,3740.0,3090,0.0,0.0
2024-06-07 12:35:00+09:00,3750.0,3750.0,3735.0,3750.0,3947,0.0,0.0
2024-06-07 12:40:00+09:00,3750.0,3755.0,3745.0,3750.0,270,0.0,0.0
2024-06-07 12:45:00+09:00,3750.0,3760.0,3750.0,3760.0,3275,0.0,0.0
2024-06-07 12:50:00+09:00,3760.0,3775.0,3755.0,3775.0,4630,0.0,0.0
2024-06-07 12:55:00+09:00,3775.0,3775.0,3755.0,3760.0,3955,0.0,0.0
2024-06-07 13:00:00+09:00,3760.0,3765.0,3760.0,3765.0,4771,0.0,0.0
2024-06-07 13:05:00+09:00,3765.0,3780.0,3755.0,3770.0,12043,0.0,0.0
2024-06-07 13:10:00+09:00,3770.0,3775.0,3765.0,3770.0,4261,0.0,0.0
2024-06-07 13:15:00+09:00,3770.0,3780.0,3765.0,3780.0,5349,0.0,0.0
2024-06-07 13:20:00+09:00,3780.0,3785.0,3775.0,3775.0,2040,0.0,0.0
2024-06-07 13:25:00+09:00,3775.0,3775.0,3765.0,3765.0,3921,0.0,0.0
2024-06-07 13:30:00+09:00,3770.0,3795.0,3770.0,3785.0,28444,0.0,0.0
2024-06-07 13:35:00+09:00,3785.0,3795.0,3785.0,3795.0,5324,0.0,0.0
2024-06-07 13:40:00+09:00,3800.0,3810.0,3780.0,3800.0,37436,0.0,0.0
2024-06-07 13:45:00+09:00,3800.0,3800.0,3785.0,3785.0,3118,0.0,0.0
2024-06-07 13:50:00+09:00,3785.0,3790.0,3780.0,3790.0,16581,0.0,0.0
2024-06-07 13:55:00+09:00,3790.0,3790.0,3770.0,3775.0,24595,0.0,0.0
2024-06-07 14:00:00+09:00,3780.0,3795.0,3775.0,3795.0,7013,0.0,0.0
2024-06-07 14:05:00+09:00,3790.0,3790.0,3775.0,3785.0,3197,0.0,0.0
2024-06-07 14:10:00+09:00,3785.0,3790.0,3780.0,3785.0,4234,0.0,0.0
2024-06-07 14:15:00+09:00,3785.0,3790.0,3780.0,3785.0,1087,0.0,0.0
2024-06-07 14:20:00+09:00,3785.0,3805.0,3780.0,3800.0,21209,0.0,0.0
2024-06-07 14:25:00+09:00,3800.0,3815.0,3800.0,3815.0,29475,0.0,0.0
2024-06-07 14:30:00+09:00,3810.0,3815.0,3775.0,3800.0,15478,0.0,0.0
2024-06-07 14:35:00+09:00,3800.0,3800.0,3790.0,3795.0,4407,0.0,0.0
2024-06-07 14:40:00+09:00,3795.0,3795.0,3775.0,3790.0,13256,0.0,0.0
2024-06-07 14:45:00+09:00,3790.0,3805.0,3785.0,3805.0,7412,0.0,0.0
2024-06-07 14:50:00+09:00,3805.0,3805.0,3795.0,3795.0,5871,0.0,0.0
2024-06-07 14:55:00+09:00,3795.0,3800.0,3790.0,3795.0,5400,0.0,0.0
2024-06-10 09:00:00+09:00,3790.0,3810.0,3760.0,3810.0,0,0.0,0.0
2024-06-10 09:05:00+09:00,3810.0,3815.0,3780.0,3790.0,23587,0.0,0.0
2024-06-10 09:10:00+09:00,3790.0,3800.0,3775.0,3785.0,16936,0.0,0.0
2024-06-10 09:15:00+09:00,3780.0,3785.0,3755.0,3755.0,37145,0.0,0.0
2024-06-10 09:20:00+09:00,3760.0,3775.0,3750.0,3755.0,33228,0.0,0.0
2024-06-10 09:25:00+09:00,3755.0,3775.0,3750.0,3770.0,20261,0.0,0.0
2024-06-10 09:30:00+09:00,3770.0,3770.0,3755.0,3760.0,9438,0.0,0.0
2024-06-10 09:35:00+09:00,3760.0,3785.0,3760.0,3785.0,8475,0.0,0.0
2024-06-10 09:40:00+09:00,3785.0,3830.0,3770.0,3825.0,56048,0.0,0.0
2024-06-10 09:45:00+09:00,3830.0,3850.0,3830.0,3840.0,43112,0.0,0.0
2024-06-10 09:50:00+09:00,3840.0,3845.0,3820.0,3830.0,25233,0.0,0.0
2024-06-10 09:55:00+09:00,3830.0,3860.0,3820.0,3860.0,32124,0.0,0.0
2024-06-10 10:00:00+09:00,3865.0,3880.0,3850.0,3880.0,29818,0.0,0.0
2024-06-10 10:05:00+09:00,3875.0,3890.0,3875.0,3885.0,28174,0.0,0.0
2024-06-10 10:10:00+09:00,3880.0,3885.0,3850.0,3860.0,22081,0.0,0.0
2024-06-10 10:15:00+09:00,3860.0,3860.0,3840.0,3840.0,20308,0.0,0.0
2024-06-10 10:20:00+09:00,3845.0,3875.0,3840.0,3875.0,5283,0.0,0.0
2024-06-10 10:25:00+09:00,3875.0,3875.0,3860.0,3870.0,14794,0.0,0.0
2024-06-10 10:30:00+09:00,3865.0,3865.0,3860.0,3860.0,4783,0.0,0.0
2024-06-10 10:35:00+09:00,3855.0,3855.0,3850.0,3850.0,4910,0.0,0.0
2024-06-10 10:40:00+09:00,3850.0,3855.0,3850.0,3855.0,5999,0.0,0.0
2024-06-10 10:45:00+09:00,3855.0,3860.0,3855.0,3860.0,2045,0.0,0.0
2024-06-10 10:50:00+09:00,3860.0,3865.0,3855.0,3860.0,2432,0.0,0.0
2024-06-10 10:55:00+09:00,3860.0,3860.0,3850.0,3850.0,2976,0.0,0.0
2024-06-10 11:00:00+09:00,3850.0,3850.0,3840.0,3840.0,12576,0.0,0.0
2024-06-10 11:05:00+09:00,3840.0,3850.0,3840.0,3850.0,3857,0.0,0.0
2024-06-10 11:10:00+09:00,3855.0,3855.0,3845.0,3850.0,6247,0.0,0.0
2024-06-10 11:15:00+09:00,3855.0,3870.0,3850.0,3865.0,14606,0.0,0.0
2024-06-10 11:20:00+09:00,3865.0,3870.0,3865.0,3865.0,31300,0.0,0.0
2024-06-10 11:25:00+09:00,3865.0,3875.0,3865.0,3870.0,2591,0.0,0.0
2024-06-10 11:30:00+09:00,3870.0,3870.0,3865.0,3870.0,7274,0.0,0.0
2024-06-10 11:35:00+09:00,3870.0,3885.0,3870.0,3885.0,12825,0.0,0.0
2024-06-10 11:40:00+09:00,3885.0,3885.0,3875.0,3880.0,7397,0.0,0.0
2024-06-10 11:45:00+09:00,3880.0,3880.0,3870.0,3870.0,5180,0.0,0.0
2024-06-10 11:50:00+09:00,3875.0,3880.0,3870.0,3870.0,4995,0.0,0.0
2024-06-10 11:55:00+09:00,3865.0,3870.0,3865.0,3865.0,4214,0.0,0.0
2024-06-10 12:00:00+09:00,3865.0,3865.0,3855.0,3860.0,5981,0.0,0.0
2024-06-10 12:05:00+09:00,3860.0,3860.0,3850.0,3855.0,9219,0.0,0.0
2024-06-10 12:10:00+09:00,3855.0,3865.0,3855.0,3865.0,2717,0.0,0.0
2024-06-10 12:15:00+09:00,3860.0,3870.0,3860.0,3860.0,7287,0.0,0.0
2024-06-10 12:20:00+09:00,3860.0,3870.0,3860.0,3870.0,647,0.0,0.0
2024-06-10 12:25:00+09:00,3870.0,3870.0,3865.0,3870.0,3803,0.0,0.0
2024-06-10 12:30:00+09:00,3870.0,3870.0,3865.0,3865.0,3253,0.0,0.0
2024-06-10 12:35:00+09:00,3865.0,3870.0,3860.0,3870.0,13077,0.0,0.0
2024-06-10 12:40:00+09:00,3870.0,3870.0,3860.0,3870.0,3036,0.0,0.0
2024-06-10 12:45:00+09:00,3865.0,3870.0,3855.0,3855.0,3129,0.0,0.0
2024-06-10 12:50:00+09:00,3860.0,3860.0,3850.0,3850.0,8194,0.0,0.0
2024-06-10 12:55:00+09:00,3855.0,3865.0,3855.0,3860.0,38,0.0,0.0
2024-06-10 13:00:00+09:00,3860.0,3870.0,3855.0,3870.0,11006,0.0,0.0
2024-06-10 13:05:00+09:00,3860.0,3865.0,3855.0,3865.0,2212,0.0,0.0
2024-06-10 13:10:00+09:00,3860.0,3870.0,3850.0,3860.0,9739,0.0,0.0
2024-06-10 13:15:00+09:00,3860.0,3865.0,3855.0,3860.0,9110,0.0,0.0
2024-06-10 13:20:00+09:00,3870.0,3875.0,3870.0,3870.0,6290,0.0,0.0
2024-06-10 13:25:00+09:00,3870.0,3875.0,3860.0,3875.0,19760,0.0,0.0
2024-06-10 13:30:00+09:00,3875.0,3875.0,3865.0,3865.0,6112,0.0,0.0
2024-06-10 13:35:00+09:00,3870.0,3870.0,3865.0,3865.0,274,0.0,0.0
2024-06-10 13:40:00+09:00,3865.0,3870.0,3850.0,3860.0,6618,0.0,0.0
2024-06-10 13:45:00+09:00,3860.0,3870.0,3850.0,3860.0,8314,0.0,0.0
2024-06-10 13:50:00+09:00,3860.0,3860.0,3850.0,3855.0,5152,0.0,0.0
2024-06-10 13:55:00+09:00,3855.0,3860.0,3855.0,3855.0,3046,0.0,0.0
2024-06-10 14:00:00+09:00,3850.0,3855.0,3845.0,3845.0,11049,0.0,0.0
2024-06-10 14:05:00+09:00,3845.0,3845.0,3835.0,3845.0,21946,0.0,0.0
2024-06-10 14:10:00+09:00,3835.0,3845.0,3830.0,3845.0,4487,0.0,0.0
2024-06-10 14:15:00+09:00,3845.0,3850.0,3840.0,3845.0,4010,0.0,0.0
2024-06-10 14:20:00+09:00,3845.0,3845.0,3825.0,3825.0,14421,0.0,0.0
2024-06-10 14:25:00+09:00,3825.0,3835.0,3800.0,3820.0,32040,0.0,0.0
2024-06-10 14:30:00+09:00,3820.0,3825.0,3810.0,3815.0,4566,0.0,0.0
2024-06-10 14:35:00+09:00,3815.0,3815.0,3790.0,3790.0,35194,0.0,0.0
2024-06-10 14:40:00+09:00,3790.0,3800.0,3780.0,3790.0,22340,0.0,0.0
2024-06-10 14:45:00+09:00,3800.0,3810.0,3785.0,3805.0,12570,0.0,0.0
2024-06-10 14:50:00+09:00,3805.0,3810.0,3790.0,3790.0,6087,0.0,0.0
2024-06-10 14:55:00+09:00,3800.0,3805.0,3790.0,3800.0,13205,0.0,0.0
2024-06-11 09:00:00+09:00,3830.0,3920.0,3830.0,3890.0,92291,0.0,0.0
2024-06-11 09:05:00+09:00,3890.0,3900.0,3875.0,3890.0,34797,0.0,0.0
2024-06-11 09:10:00+09:00,3890.0,3890.0,3835.0,3840.0,48070,0.0,0.0
2024-06-11 09:15:00+09:00,3840.0,3860.0,3835.0,3860.0,12796,0.0,0.0
2024-06-11 09:20:00+09:00,3860.0,3870.0,3845.0,3850.0,14665,0.0,0.0
2024-06-11 09:25:00+09:00,3850.0,3855.0,3835.0,3840.0,27053,0.0,0.0
2024-06-11 09:30:00+09:00,3845.0,3860.0,3840.0,3855.0,5866,0.0,0.0
2024-06-11 09:35:00+09:00,3855.0,3875.0,3835.0,3835.0,32647,0.0,0.0
2024-06-11 09:40:00+09:00,3845.0,3860.0,3830.0,3830.0,6645,0.0,0.0
2024-06-11 09:45:00+09:00,3830.0,3850.0,3810.0,3810.0,32005,0.0,0.0
2024-06-11 09:50:00+09:00,3810.0,3815.0,3790.0,3795.0,20745,0.0,0.0
2024-06-11 09:55:00+09:00,3790.0,3805.0,3785.0,3800.0,15863,0.0,0.0
2024-06-11 10:00:00+09:00,3800.0,3830.0,3790.0,3815.0,7714,0.0,0.0
2024-06-11 10:05:00+09:00,3820.0,3825.0,3785.0,3825.0,51532,0.0,0.0
2024-06-11 10:10:00+09:00,3825.0,3825.0,3810.0,3820.0,2640,0.0,0.0
2024-06-11 10:15:00+09:00,3825.0,3835.0,3810.0,3835.0,10686,0.0,0.0
2024-06-11 10:20:00+09:00,3835.0,3850.0,3830.0,3845.0,7597,0.0,0.0
2024-06-11 10:25:00+09:00,3835.0,3835.0,3825.0,3830.0,4415,0.0,0.0
2024-06-11 10:30:00+09:00,3830.0,3830.0,3810.0,3830.0,5193,0.0,0.0
2024-06-11 10:35:00+09:00,3815.0,3825.0,3815.0,3815.0,650,0.0,0.0
2024-06-11 10:40:00+09:00,3810.0,3820.0,3800.0,3815.0,13125,0.0,0.0
2024-06-11 10:45:00+09:00,3805.0,3815.0,3795.0,3800.0,5545,0.0,0.0
2024-06-11 10:50:00+09:00,3795.0,3805.0,3795.0,3800.0,7625,0.0,0.0
2024-06-11 10:55:00+09:00,3800.0,3815.0,3795.0,3815.0,7137,0.0,0.0
2024-06-11 11:00:00+09:00,3810.0,3815.0,3800.0,3805.0,4595,0.0,0.0
2024-06-11 11:05:00+09:00,3805.0,3815.0,3800.0,3810.0,4212,0.0,0.0
2024-06-11 11:10:00+09:00,3810.0,3815.0,3800.0,3810.0,2565,0.0,0.0
2024-06-11 11:15:00+09:00,3805.0,3815.0,3805.0,3815.0,1453,0.0,0.0
2024-06-11 11:20:00+09:00,3815.0,3815.0,3810.0,3810.0,1024,0.0,0.0
2024-06-11 11:25:00+09:00,3810.0,3815.0,3810.0,3810.0,1889,0.0,0.0
2024-06-11 11:30:00+09:00,3810.0,3815.0,3805.0,3805.0,8849,0.0,0.0
2024-06-11 11:35:00+09:00,3805.0,3810.0,3805.0,3810.0,723,0.0,0.0
2024-06-11 11:40:00+09:00,3810.0,3810.0,3800.0,3805.0,9323,0.0,0.0
2024-06-11 11:45:00+09:00,3805.0,3810.0,3805.0,3810.0,1281,0.0,0.0
2024-06-11 11:50:00+09:00,3810.0,3810.0,3800.0,3810.0,8469,0.0,0.0
2024-06-11 11:55:00+09:00,3800.0,3810.0,3800.0,3810.0,1927,0.0,0.0
2024-06-11 12:00:00+09:00,3805.0,3810.0,3805.0,3810.0,8125,0.0,0.0
2024-06-11 12:05:00+09:00,3810.0,3820.0,3810.0,3820.0,3605,0.0,0.0
2024-06-11 12:10:00+09:00,3820.0,3835.0,3815.0,3835.0,3822,0.0,0.0
2024-06-11 12:15:00+09:00,3835.0,3875.0,3830.0,3875.0,43771,0.0,0.0
2024-06-11 12:20:00+09:00,3875.0,3890.0,3850.0,3890.0,53052,0.0,0.0
2024-06-11 12:25:00+09:00,3885.0,3895.0,3865.0,3875.0,17496,0.0,0.0
2024-06-11 12:30:00+09:00,3880.0,3895.0,3870.0,3895.0,37607,0.0,0.0
2024-06-11 12:35:00+09:00,3890.0,3930.0,3890.0,3910.0,105483,0.0,0.0
2024-06-11 12:40:00+09:00,3910.0,3915.0,3885.0,3885.0,22174,0.0,0.0
2024-06-11 12:45:00+09:00,3885.0,3905.0,3885.0,3895.0,9898,0.0,0.0
2024-06-11 12:50:00+09:00,3890.0,3895.0,3875.0,3890.0,23711,0.0,0.0
2024-06-11 12:55:00+09:00,3890.0,3890.0,3880.0,3885.0,7231,0.0,0.0
2024-06-11 13:00:00+09:00,3890.0,3890.0,3880.0,3890.0,1798,0.0,0.0
2024-06-11 13:05:00+09:00,3890.0,3890.0,3885.0,3890.0,2656,0.0,0.0
2024-06-11 13:10:00+09:00,3890.0,3895.0,3885.0,3895.0,11981,0.0,0.0
2024-06-11 13:15:00+09:00,3890.0,3895.0,3885.0,3885.0,7413,0.0,0.0
2024-06-11 13:20:00+09:00,3885.0,3890.0,3880.0,3890.0,6636,0.0,0.0
2024-06-11 13:25:00+09:00,3890.0,3890.0,3870.0,3870.0,15540,0.0,0.0
2024-06-11 13:30:00+09:00,3875.0,3875.0,3870.0,3875.0,1656,0.0,0.0
2024-06-11 13:35:00+09:00,3870.0,3885.0,3865.0,3885.0,7270,0.0,0.0
2024-06-11 13:40:00+09:00,3885.0,3885.0,3870.0,3880.0,1787,0.0,0.0
2024-06-11 13:45:00+09:00,3880.0,3880.0,3870.0,3875.0,4833,0.0,0.0
2024-06-11 13:50:00+09:00,3870.0,3875.0,3865.0,3875.0,3253,0.0,0.0
2024-06-11 13:55:00+09:00,3875.0,3875.0,3860.0,3875.0,8488,0.0,0.0
2024-06-11 14:00:00+09:00,3875.0,3880.0,3860.0,3870.0,6579,0.0,0.0
2024-06-11 14:05:00+09:00,3865.0,3870.0,3850.0,3860.0,12597,0.0,0.0
2024-06-11 14:10:00+09:00,3850.0,3855.0,3840.0,3840.0,7741,0.0,0.0
2024-06-11 14:15:00+09:00,3845.0,3850.0,3840.0,3840.0,6035,0.0,0.0
2024-06-11 14:20:00+09:00,3835.0,3845.0,3835.0,3835.0,2685,0.0,0.0
2024-06-11 14:25:00+09:00,3835.0,3840.0,3830.0,3835.0,6679,0.0,0.0
2024-06-11 14:30:00+09:00,3830.0,3850.0,3830.0,3845.0,3257,0.0,0.0
2024-06-11 14:35:00+09:00,3845.0,3845.0,3835.0,3835.0,4065,0.0,0.0
2024-06-11 14:40:00+09:00,3845.0,3845.0,3835.0,3835.0,1931,0.0,0.0
2024-06-11 14:45:00+09:00,3840.0,3840.0,3835.0,3840.0,2110,0.0,0.0
2024-06-11 14:50:00+09:00,3840.0,3840.0,3830.0,3840.0,15423,0.0,0.0
2024-06-11 14:55:00+09:00,3840.0,3840.0,3830.0,3830.0,919,0.0,0.0
2024-06-12 09:00:00+09:00,3830.0,3865.0,3790.0,3810.0,40777,0.0,0.0
2024-06-12 09:05:00+09:00,3810.0,3820.0,3785.0,3820.0,26093,0.0,0.0
2024-06-12 09:10:00+09:00,3820.0,3820.0,3810.0,3815.0,7591,0.0,0.0
2024-06-12 09:15:00+09:00,3820.0,3825.0,3805.0,3810.0,11914,0.0,0.0
2024-06-12 09:20:00+09:00,3820.0,3825.0,3810.0,3810.0,13303,0.0,0.0
2024-06-12 09:25:00+09:00,3810.0,3810.0,3780.0,3790.0,56645,0.0,0.0
2024-06-12 09:30:00+09:00,3800.0,3805.0,3790.0,3790.0,14352,0.0,0.0
2024-06-12 09:35:00+09:00,3795.0,3800.0,3780.0,3800.0,38304,0.0,0.0
2024-06-12 09:40:00+09:00,3795.0,3800.0,3785.0,3790.0,11372,0.0,0.0
2024-06-12 09:45:00+09:00,3790.0,3795.0,3785.0,3795.0,7979,0.0,0.0
2024-06-12 09:50:00+09:00,3790.0,3790.0,3785.0,3790.0,9190,0.0,0.0
2024-06-12 09:55:00+09:00,3790.0,3795.0,3780.0,3795.0,17188,0.0,0.0
2024-06-12 10:00:00+09:00,3790.0,3795.0,3780.0,3785.0,6186,0.0,0.0
2024-06-12 10:05:00+09:00,3780.0,3785.0,3760.0,3760.0,81976,0.0,0.0
2024-06-12 10:10:00+09:00,3760.0,3780.0,3760.0,3775.0,13789,0.0,0.0
2024-06-12 10:15:00+09:00,3770.0,3775.0,3760.0,3770.0,15440,0.0,0.0
2024-06-12 10:20:00+09:00,3770.0,3775.0,3760.0,3765.0,9175,0.0,0.0
2024-06-12 10:25:00+09:00,3770.0,3775.0,3760.0,3765.0,7838,0.0,0.0
2024-06-12 10:30:00+09:00,3770.0,3785.0,3765.0,3780.0,11642,0.0,0.0
2024-06-12 10:35:00+09:00,3780.0,3780.0,3770.0,3770.0,12740,0.0,0.0
2024-06-12 10:40:00+09:00,3770.0,3775.0,3765.0,3770.0,11864,0.0,0.0
2024-06-12 10:45:00+09:00,3770.0,3770.0,3765.0,3765.0,18418,0.0,0.0
2024-06-12 10:50:00+09:00,3765.0,3770.0,3755.0,3760.0,62607,0.0,0.0
2024-06-12 10:55:00+09:00,3755.0,3760.0,3740.0,3745.0,50366,0.0,0.0
2024-06-12 11:00:00+09:00,3745.0,3750.0,3725.0,3730.0,50754,0.0,0.0
2024-06-12 11:05:00+09:00,3730.0,3735.0,3725.0,3735.0,12235,0.0,0.0
2024-06-12 11:10:00+09:00,3730.0,3730.0,3725.0,3725.0,22716,0.0,0.0
2024-06-12 11:15:00+09:00,3720.0,3735.0,3720.0,3735.0,11276,0.0,0.0
2024-06-12 11:20:00+09:00,3735.0,3735.0,3730.0,3735.0,9189,0.0,0.0
2024-06-12 11:25:00+09:00,3730.0,3730.0,3725.0,3730.0,8756,0.0,0.0
2024-06-12 11:30:00+09:00,3725.0,3730.0,3720.0,3725.0,12252,0.0,0.0
2024-06-12 11:35:00+09:00,3730.0,3730.0,3720.0,3720.0,3425,0.0,0.0
2024-06-12 11:40:00+09:00,3720.0,3735.0,3720.0,3720.0,17612,0.0,0.0
2024-06-12 11:45:00+09:00,3735.0,3735.0,3720.0,3720.0,13706,0.0,0.0
2024-06-12 11:50:00+09:00,3725.0,3730.0,3720.0,3725.0,7018,0.0,0.0
2024-06-12 11:55:00+09:00,3725.0,3730.0,3720.0,3725.0,4659,0.0,0.0
2024-06-12 12:00:00+09:00,3730.0,3730.0,3720.0,3725.0,8801,0.0,0.0
2024-06-12 12:05:00+09:00,3720.0,3725.0,3720.0,3725.0,4015,0.0,0.0
2024-06-12 12:10:00+09:00,3725.0,3725.0,3720.0,3725.0,8041,0.0,0.0
2024-06-12 12:15:00+09:00,3725.0,3730.0,3725.0,3725.0,6055,0.0,0.0
2024-06-12 12:20:00+09:00,3725.0,3735.0,3725.0,3730.0,7147,0.0,0.0
2024-06-12 12:25:00+09:00,3730.0,3730.0,3725.0,3730.0,11552,0.0,0.0
2024-06-12 12:30:00+09:00,3730.0,3730.0,3725.0,3730.0,6052,0.0,0.0
2024-06-12 12:35:00+09:00,3730.0,3735.0,3725.0,3735.0,5558,0.0,0.0
2024-06-12 12:40:00+09:00,3735.0,3750.0,3730.0,3750.0,12700,0.0,0.0
2024-06-12 12:45:00+09:00,3750.0,3755.0,3735.0,3750.0,8173,0.0,0.0
2024-06-12 12:50:00+09:00,3745.0,3745.0,3735.0,3740.0,5053,0.0,0.0
2024-06-12 12:55:00+09:00,3735.0,3745.0,3735.0,3735.0,1065,0.0,0.0
2024-06-12 13:00:00+09:00,3745.0,3745.0,3735.0,3735.0,2713,0.0,0.0
2024-06-12 13:05:00+09:00,3735.0,3735.0,3725.0,3730.0,11039,0.0,0.0
2024-06-12 13:10:00+09:00,3730.0,3740.0,3725.0,3740.0,3419,0.0,0.0
2024-06-12 13:15:00+09:00,3740.0,3740.0,3730.0,3730.0,2977,0.0,0.0
2024-06-12 13:20:00+09:00,3735.0,3740.0,3730.0,3735.0,5374,0.0,0.0
2024-06-12 13:25:00+09:00,3735.0,3735.0,3730.0,3735.0,3253,0.0,0.0
2024-06-12 13:30:00+09:00,3730.0,3735.0,3730.0,3735.0,968,0.0,0.0
2024-06-12 13:35:00+09:00,3735.0,3740.0,3735.0,3740.0,2730,0.0,0.0
2024-06-12 13:40:00+09:00,3740.0,3740.0,3730.0,3735.0,4016,0.0,0.0
2024-06-12 13:45:00+09:00,3735.0,3735.0,3730.0,3735.0,1015,0.0,0.0
2024-06-12 13:50:00+09:00,3735.0,3735.0,3730.0,3735.0,5804,0.0,0.0
2024-06-12 13:55:00+09:00,3735.0,3735.0,3730.0,3735.0,7348,0.0,0.0
2024-06-12 14:00:00+09:00,3735.0,3740.0,3730.0,3735.0,4423,0.0,0.0
2024-06-12 14:05:00+09:00,3740.0,3740.0,3730.0,3735.0,5479,0.0,0.0
2024-06-12 14:10:00+09:00,3730.0,3730.0,3720.0,3725.0,21009,0.0,0.0
2024-06-12 14:15:00+09:00,3725.0,3730.0,3720.0,3725.0,5383,0.0,0.0
2024-06-12 14:20:00+09:00,3725.0,3725.0,3715.0,3720.0,25821,0.0,0.0
2024-06-12 14:25:00+09:00,3720.0,3720.0,3715.0,3720.0,4880,0.0,0.0
2024-06-12 14:30:00+09:00,3720.0,3725.0,3715.0,3720.0,4625,0.0,0.0
2024-06-12 14:35:00+09:00,3720.0,3725.0,3720.0,3725.0,1548,0.0,0.0
2024-06-12 14:40:00+09:00,3725.0,3725.0,3720.0,3720.0,7809,0.0,0.0
2024-06-12 14:45:00+09:00,3720.0,3725.0,3720.0,3725.0,5807,0.0,0.0
2024-06-12 14:50:00+09:00,3725.0,3725.0,3715.0,3720.0,17922,0.0,0.0
2024-06-12 14:55:00+09:00,3715.0,3725.0,3710.0,3720.0,21188,0.0,0.0
2024-06-13 09:00:00+09:00,3725.0,3745.0,3710.0,3730.0,31778,0.0,0.0
2024-06-13 09:05:00+09:00,3730.0,3730.0,3710.0,3715.0,22909,0.0,0.0
2024-06-13 09:10:00+09:00,3710.0,3715.0,3700.0,3700.0,14777,0.0,0.0
2024-06-13 09:15:00+09:00,3700.0,3705.0,3690.0,3700.0,37582,0.0,0.0
2024-06-13 09:20:00+09:00,3690.0,3690.0,3645.0,3660.0,124844,0.0,0.0
2024-06-13 09:25:00+09:00,3665.0,3680.0,3660.0,3675.0,18672,0.0,0.0
2024-06-13 09:30:00+09:00,3675.0,3710.0,3670.0,3705.0,29215,0.0,0.0
2024-06-13 09:35:00+09:00,3705.0,3725.0,3680.0,3725.0,32289,0.0,0.0
2024-06-13 09:40:00+09:00,3715.0,3725.0,3710.0,3715.0,13436,0.0,0.0
2024-06-13 09:45:00+09:00,3710.0,3715.0,3705.0,3705.0,15269,0.0,0.0
2024-06-13 09:50:00+09:00,3705.0,3705.0,3690.0,3695.0,8722,0.0,0.0
2024-06-13 09:55:00+09:00,3690.0,3700.0,3690.0,3695.0,18322,0.0,0.0
2024-06-13 10:00:00+09:00,3695.0,3705.0,3690.0,3700.0,9093,0.0,0.0
2024-06-13 10:05:00+09:00,3700.0,3705.0,3695.0,3705.0,3416,0.0,0.0
2024-06-13 10:10:00+09:00,3715.0,3725.0,3710.0,3725.0,8685,0.0,0.0
2024-06-13 10:15:00+09:00,3720.0,3725.0,3700.0,3700.0,18144,0.0,0.0
2024-06-13 10:20:00+09:00,3700.0,3700.0,3690.0,3690.0,3338,0.0,0.0
2024-06-13 10:25:00+09:00,3695.0,3700.0,3685.0,3685.0,14505,0.0,0.0
2024-06-13 10:30:00+09:00,3690.0,3690.0,3680.0,3690.0,9396,0.0,0.0
2024-06-13 10:35:00+09:00,3690.0,3700.0,3680.0,3680.0,17925,0.0,0.0
2024-06-13 10:40:00+09:00,3685.0,3700.0,3680.0,3700.0,6053,0.0,0.0
2024-06-13 10:45:00+09:00,3700.0,3700.0,3690.0,3700.0,6938,0.0,0.0
2024-06-13 10:50:00+09:00,3695.0,3695.0,3690.0,3690.0,3238,0.0,0.0
2024-06-13 10:55:00+09:00,3690.0,3700.0,3690.0,3700.0,1740,0.0,0.0
2024-06-13 11:00:00+09:00,3700.0,3700.0,3690.0,3690.0,1388,0.0,0.0
2024-06-13 11:05:00+09:00,3695.0,3700.0,3690.0,3700.0,2605,0.0,0.0
2024-06-13 11:10:00+09:00,3700.0,3700.0,3690.0,3695.0,4922,0.0,0.0
2024-06-13 11:15:00+09:00,3695.0,3695.0,3690.0,3695.0,4455,0.0,0.0
2024-06-13 11:20:00+09:00,3695.0,3695.0,3685.0,3690.0,2293,0.0,0.0
2024-06-13 11:25:00+09:00,3685.0,3685.0,3680.0,3680.0,12699,0.0,0.0
2024-06-13 11:30:00+09:00,3680.0,3680.0,3675.0,3680.0,6609,0.0,0.0
2024-06-13 11:35:00+09:00,3680.0,3680.0,3670.0,3675.0,10862,0.0,0.0
2024-06-13 11:40:00+09:00,3675.0,3675.0,3665.0,3670.0,17715,0.0,0.0
2024-06-13 11:45:00+09:00,3670.0,3680.0,3670.0,3670.0,4996,0.0,0.0
2024-06-13 11:50:00+09:00,3670.0,3690.0,3670.0,3690.0,7763,0.0,0.0
2024-06-13 11:55:00+09:00,3690.0,3690.0,3680.0,3685.0,664,0.0,0.0
2024-06-13 12:00:00+09:00,3685.0,3685.0,3680.0,3685.0,2769,0.0,0.0
2024-06-13 12:05:00+09:00,3680.0,3685.0,3680.0,3680.0,3096,0.0,0.0
2024-06-13 12:10:00+09:00,3685.0,3685.0,3675.0,3675.0,4896,0.0,0.0
2024-06-13 12:15:00+09:00,3680.0,3685.0,3675.0,3680.0,7278,0.0,0.0
2024-06-13 12:20:00+09:00,3680.0,3680.0,3675.0,3675.0,1269,0.0,0.0
2024-06-13 12:25:00+09:00,3675.0,3680.0,3675.0,3680.0,2717,0.0,0.0
2024-06-13 12:30:00+09:00,3675.0,3680.0,3660.0,3680.0,47701,0.0,0.0
2024-06-13 12:35:00+09:00,3665.0,3680.0,3665.0,3675.0,2743,0.0,0.0
2024-06-13 12:40:00+09:00,3675.0,3675.0,3670.0,3675.0,7698,0.0,0.0
2024-06-13 12:45:00+09:00,3675.0,3675.0,3670.0,3675.0,6782,0.0,0.0
2024-06-13 12:50:00+09:00,3670.0,3695.0,3670.0,3695.0,27614,0.0,0.0
2024-06-13 12:55:00+09:00,3695.0,3695.0,3670.0,3690.0,19026,0.0,0.0
2024-06-13 13:00:00+09:00,3695.0,3695.0,3690.0,3695.0,622,0.0,0.0
2024-06-13 13:05:00+09:00,3695.0,3715.0,3695.0,3700.0,17950,0.0,0.0
2024-06-13 13:10:00+09:00,3700.0,3700.0,3695.0,3700.0,2081,0.0,0.0
2024-06-13 13:15:00+09:00,3695.0,3700.0,3695.0,3700.0,6277,0.0,0.0
2024-06-13 13:20:00+09:00,3700.0,3705.0,3695.0,3705.0,5964,0.0,0.0
2024-06-13 13:25:00+09:00,3700.0,3710.0,3695.0,3700.0,14240,0.0,0.0
2024-06-13 13:30:00+09:00,3700.0,3700.0,3685.0,3685.0,20187,0.0,0.0
2024-06-13 13:35:00+09:00,3685.0,3685.0,3680.0,3680.0,8762,0.0,0.0
2024-06-13 13:40:00+09:00,3680.0,3680.0,3670.0,3675.0,11884,0.0,0.0
2024-06-13 13:45:00+09:00,3670.0,3680.0,3670.0,3675.0,7401,0.0,0.0
2024-06-13 13:50:00+09:00,3670.0,3680.0,3665.0,3670.0,4912,0.0,0.0
2024-06-13 13:55:00+09:00,3670.0,3680.0,3665.0,3665.0,8354,0.0,0.0
2024-06-13 14:00:00+09:00,3665.0,3675.0,3665.0,3665.0,5907,0.0,0.0
2024-06-13 14:05:00+09:00,3665.0,3675.0,3660.0,3665.0,12732,0.0,0.0
2024-06-13 14:10:00+09:00,3665.0,3670.0,3660.0,3660.0,13739,0.0,0.0
2024-06-13 14:15:00+09:00,3665.0,3695.0,3660.0,3690.0,27978,0.0,0.0
2024-06-13 14:20:00+09:00,3690.0,3695.0,3675.0,3695.0,15224,0.0,0.0
2024-06-13 14:25:00+09:00,3685.0,3695.0,3675.0,3695.0,13998,0.0,0.0
2024-06-13 14:30:00+09:00,3675.0,3695.0,3675.0,3675.0,3793,0.0,0.0
2024-06-13 14:35:00+09:00,3675.0,3690.0,3670.0,3675.0,4468,0.0,0.0
2024-06-13 14:40:00+09:00,3675.0,3685.0,3670.0,3675.0,3946,0.0,0.0
2024-06-13 14:45:00+09:00,3675.0,3675.0,3665.0,3670.0,9063,0.0,0.0
2024-06-13 14:50:00+09:00,3670.0,3695.0,3670.0,3690.0,22453,0.0,0.0
2024-06-13 14:55:00+09:00,3695.0,3695.0,3680.0,3695.0,12761,0.0,0.0
2024-06-14 09:00:00+09:00,3655.0,3670.0,3640.0,3650.0,79832,0.0,0.0
2024-06-14 09:05:00+09:00,3650.0,3660.0,3615.0,3625.0,63677,0.0,0.0
2024-06-14 09:10:00+09:00,3620.0,3625.0,3590.0,3600.0,100614,0.0,0.0
2024-06-14 09:15:00+09:00,3600.0,3600.0,3510.0,3580.0,173859,0.0,0.0
2024-06-14 09:20:00+09:00,3570.0,3590.0,3570.0,3575.0,32305,0.0,0.0
2024-06-14 09:25:00+09:00,3580.0,3585.0,3535.0,3540.0,65385,0.0,0.0
2024-06-14 09:30:00+09:00,3540.0,3565.0,3530.0,3550.0,55871,0.0,0.0
2024-06-14 09:35:00+09:00,3550.0,3555.0,3535.0,3550.0,28466,0.0,0.0
2024-06-14 09:40:00+09:00,3550.0,3550.0,3530.0,3545.0,52990,0.0,0.0
2024-06-14 09:45:00+09:00,3545.0,3550.0,3535.0,3535.0,29396,0.0,0.0
2024-06-14 09:50:00+09:00,3540.0,3540.0,3520.0,3520.0,52856,0.0,0.0
2024-06-14 09:55:00+09:00,3520.0,3530.0,3510.0,3520.0,62489,0.0,0.0
2024-06-14 10:00:00+09:00,3520.0,3525.0,3510.0,3510.0,65004,0.0,0.0
2024-06-14 10:05:00+09:00,3510.0,3520.0,3505.0,3505.0,42430,0.0,0.0
2024-06-14 10:10:00+09:00,3505.0,3545.0,3500.0,3525.0,62025,0.0,0.0
2024-06-14 10:15:00+09:00,3525.0,3525.0,3510.0,3510.0,41070,0.0,0.0
2024-06-14 10:20:00+09:00,3510.0,3520.0,3505.0,3520.0,11340,0.0,0.0
2024-06-14 10:25:00+09:00,3520.0,3535.0,3515.0,3530.0,9375,0.0,0.0
2024-06-14 10:30:00+09:00,3530.0,3530.0,3525.0,3530.0,22658,0.0,0.0
2024-06-14 10:35:00+09:00,3530.0,3535.0,3525.0,3530.0,5205,0.0,0.0
2024-06-14 10:40:00+09:00,3530.0,3530.0,3505.0,3525.0,27283,0.0,0.0
2024-06-14 10:45:00+09:00,3530.0,3555.0,3530.0,3555.0,20712,0.0,0.0
2024-06-14 10:50:00+09:00,3555.0,3585.0,3550.0,3580.0,23517,0.0,0.0
2024-06-14 10:55:00+09:00,3580.0,3585.0,3555.0,3570.0,8936,0.0,0.0
2024-06-14 11:00:00+09:00,3565.0,3580.0,3545.0,3580.0,19532,0.0,0.0
2024-06-14 11:05:00+09:00,3570.0,3585.0,3570.0,3580.0,12476,0.0,0.0
2024-06-14 11:10:00+09:00,3585.0,3590.0,3580.0,3585.0,10413,0.0,0.0
2024-06-14 11:15:00+09:00,3585.0,3595.0,3580.0,3595.0,10980,0.0,0.0
2024-06-14 11:20:00+09:00,3595.0,3615.0,3590.0,3610.0,16426,0.0,0.0
2024-06-14 11:25:00+09:00,3600.0,3610.0,3580.0,3580.0,10820,0.0,0.0
2024-06-14 11:30:00+09:00,3585.0,3590.0,3580.0,3585.0,44,0.0,0.0
2024-06-14 11:35:00+09:00,3590.0,3590.0,3580.0,3580.0,15197,0.0,0.0
2024-06-14 11:40:00+09:00,3580.0,3600.0,3580.0,3600.0,7092,0.0,0.0
2024-06-14 11:45:00+09:00,3595.0,3605.0,3580.0,3600.0,6876,0.0,0.0
2024-06-14 11:50:00+09:00,3600.0,3600.0,3590.0,3595.0,812,0.0,0.0
2024-06-14 11:55:00+09:00,3595.0,3600.0,3590.0,3590.0,5230,0.0,0.0
2024-06-14 12:00:00+09:00,3590.0,3605.0,3585.0,3600.0,4596,0.0,0.0
2024-06-14 12:05:00+09:00,3600.0,3600.0,3590.0,3595.0,2348,0.0,0.0
2024-06-14 12:10:00+09:00,3595.0,3595.0,3585.0,3585.0,8259,0.0,0.0
2024-06-14 12:15:00+09:00,3590.0,3590.0,3585.0,3590.0,2775,0.0,0.0
2024-06-14 12:20:00+09:00,3590.0,3590.0,3585.0,3585.0,3191,0.0,0.0
2024-06-14 12:25:00+09:00,3585.0,3590.0,3585.0,3590.0,3759,0.0,0.0
2024-06-14 12:30:00+09:00,3595.0,3600.0,3595.0,3600.0,4669,0.0,0.0
2024-06-14 12:35:00+09:00,3600.0,3605.0,3590.0,3605.0,7283,0.0,0.0
2024-06-14 12:40:00+09:00,3600.0,3605.0,3595.0,3595.0,7623,0.0,0.0
2024-06-14 12:45:00+09:00,3590.0,3605.0,3580.0,3580.0,9630,0.0,0.0
2024-06-14 12:50:00+09:00,3580.0,3585.0,3580.0,3585.0,6698,0.0,0.0
2024-06-14 12:55:00+09:00,3580.0,3600.0,3580.0,3580.0,5857,0.0,0.0
2024-06-14 13:00:00+09:00,3585.0,3605.0,3585.0,3590.0,4472,0.0,0.0
2024-06-14 13:05:00+09:00,3585.0,3595.0,3580.0,3580.0,7824,0.0,0.0
2024-06-14 13:10:00+09:00,3580.0,3585.0,3575.0,3580.0,4366,0.0,0.0
2024-06-14 13:15:00+09:00,3580.0,3590.0,3575.0,3585.0,5256,0.0,0.0
2024-06-14 13:20:00+09:00,3590.0,3595.0,3585.0,3595.0,7132,0.0,0.0
2024-06-14 13:25:00+09:00,3590.0,3600.0,3590.0,3595.0,4084,0.0,0.0
2024-06-14 13:30:00+09:00,3600.0,3600.0,3585.0,3595.0,10488,0.0,0.0
2024-06-14 13:35:00+09:00,3585.0,3595.0,3585.0,3590.0,985,0.0,0.0
2024-06-14 13:40:00+09:00,3595.0,3595.0,3585.0,3590.0,1471,0.0,0.0
2024-06-14 13:45:00+09:00,3600.0,3605.0,3590.0,3595.0,20764,0.0,0.0
2024-06-14 13:50:00+09:00,3595.0,3600.0,3570.0,3575.0,13140,0.0,0.0
2024-06-14 13:55:00+09:00,3575.0,3600.0,3575.0,3585.0,3108,0.0,0.0
2024-06-14 14:00:00+09:00,3585.0,3585.0,3555.0,3570.0,28475,0.0,0.0
2024-06-14 14:05:00+09:00,3575.0,3575.0,3560.0,3570.0,4559,0.0,0.0
2024-06-14 14:10:00+09:00,3575.0,3580.0,3570.0,3580.0,735,0.0,0.0
2024-06-14 14:15:00+09:00,3580.0,3580.0,3570.0,3580.0,4433,0.0,0.0
2024-06-14 14:20:00+09:00,3575.0,3575.0,3555.0,3575.0,23075,0.0,0.0
2024-06-14 14:25:00+09:00,3570.0,3605.0,3565.0,3585.0,31778,0.0,0.0
2024-06-14 14:30:00+09:00,3590.0,3590.0,3570.0,3570.0,10314,0.0,0.0
2024-06-14 14:35:00+09:00,3575.0,3585.0,3570.0,3575.0,15142,0.0,0.0
2024-06-14 14:40:00+09:00,3575.0,3590.0,3560.0,3585.0,22792,0.0,0.0
2024-06-14 14:45:00+09:00,3580.0,3590.0,3580.0,3580.0,11879,0.0,0.0
2024-06-14 14:50:00+09:00,3580.0,3585.0,3570.0,3570.0,13406,0.0,0.0
2024-06-14 14:55:00+09:00,3575.0,3575.0,3560.0,3565.0,10813,0.0,0.0
2024-06-17 09:00:00+09:00,3500.0,3510.0,3450.0,3495.0,0,0.0,0.0
2024-06-17 09:05:00+09:00,3500.0,3500.0,3455.0,3485.0,41140,0.0,0.0
2024-06-17 09:10:00+09:00,3480.0,3500.0,3480.0,3500.0,29839,0.0,0.0
2024-06-17 09:15:00+09:00,3500.0,3520.0,3500.0,3520.0,20218,0.0,0.0
2024-06-17 09:20:00+09:00,3520.0,3520.0,3495.0,3505.0,24452,0.0,0.0
2024-06-17 09:25:00+09:00,3500.0,3510.0,3470.0,3480.0,56057,0.0,0.0
2024-06-17 09:30:00+09:00,3495.0,3515.0,3480.0,3495.0,48138,0.0,0.0
2024-06-17 09:35:00+09:00,3485.0,3495.0,3470.0,3480.0,26682,0.0,0.0
2024-06-17 09:40:00+09:00,3480.0,3485.0,3470.0,3480.0,12956,0.0,0.0
2024-06-17 09:45:00+09:00,3475.0,3490.0,3470.0,3475.0,29516,0.0,0.0
2024-06-17 09:50:00+09:00,3480.0,3485.0,3455.0,3460.0,67380,0.0,0.0
2024-06-17 09:55:00+09:00,3470.0,3475.0,3465.0,3470.0,17417,0.0,0.0
2024-06-17 10:00:00+09:00,3475.0,3475.0,3470.0,3470.0,6942,0.0,0.0
2024-06-17 10:05:00+09:00,3470.0,3500.0,3465.0,3500.0,22447,0.0,0.0
2024-06-17 10:10:00+09:00,3495.0,3500.0,3480.0,3480.0,9973,0.0,0.0
2024-06-17 10:15:00+09:00,3480.0,3480.0,3455.0,3475.0,39043,0.0,0.0
2024-06-17 10:20:00+09:00,3470.0,3470.0,3460.0,3470.0,6752,0.0,0.0
2024-06-17 10:25:00+09:00,3470.0,3475.0,3465.0,3470.0,4728,0.0,0.0
2024-06-17 10:30:00+09:00,3465.0,3465.0,3450.0,3450.0,60319,0.0,0.0
2024-06-17 10:35:00+09:00,3450.0,3455.0,3445.0,3455.0,21426,0.0,0.0
2024-06-17 10:40:00+09:00,3455.0,3460.0,3455.0,3455.0,4244,0.0,0.0
2024-06-17 10:45:00+09:00,3455.0,3460.0,3445.0,3455.0,19507,0.0,0.0
2024-06-17 10:50:00+09:00,3450.0,3450.0,3445.0,3450.0,6345,0.0,0.0
2024-06-17 10:55:00+09:00,3450.0,3455.0,3445.0,3450.0,11908,0.0,0.0
2024-06-17 11:00:00+09:00,3445.0,3455.0,3445.0,3450.0,13729,0.0,0.0
2024-06-17 11:05:00+09:00,3450.0,3460.0,3450.0,3450.0,6769,0.0,0.0
2024-06-17 11:10:00+09:00,3455.0,3455.0,3445.0,3450.0,10659,0.0,0.0
2024-06-17 11:15:00+09:00,3445.0,3450.0,3425.0,3425.0,63335,0.0,0.0
2024-06-17 11:20:00+09:00,3430.0,3440.0,3430.0,3435.0,13224,0.0,0.0
2024-06-17 11:25:00+09:00,3435.0,3435.0,3415.0,3415.0,37631,0.0,0.0
2024-06-17 11:30:00+09:00,3425.0,3425.0,3410.0,3415.0,33401,0.0,0.0
2024-06-17 11:35:00+09:00,3415.0,3420.0,3410.0,3415.0,7641,0.0,0.0
2024-06-17 11:40:00+09:00,3415.0,3425.0,3415.0,3420.0,5666,0.0,0.0
2024-06-17 11:45:00+09:00,3420.0,3425.0,3410.0,3415.0,23383,0.0,0.0
2024-06-17 11:50:00+09:00,3420.0,3420.0,3405.0,3410.0,27837,0.0,0.0
2024-06-17 11:55:00+09:00,3410.0,3415.0,3405.0,3410.0,10953,0.0,0.0
2024-06-17 12:00:00+09:00,3410.0,3420.0,3410.0,3415.0,4040,0.0,0.0
2024-06-17 12:05:00+09:00,3420.0,3425.0,3415.0,3420.0,2195,0.0,0.0
2024-06-17 12:10:00+09:00,3420.0,3420.0,3415.0,3420.0,4106,0.0,0.0
2024-06-17 12:15:00+09:00,3420.0,3420.0,3415.0,3420.0,4857,0.0,0.0
2024-06-17 12:20:00+09:00,3425.0,3425.0,3420.0,3420.0,9326,0.0,0.0
2024-06-17 12:25:00+09:00,3425.0,3425.0,3420.0,3425.0,7516,0.0,0.0
2024-06-17 12:30:00+09:00,3425.0,3425.0,3410.0,3410.0,20549,0.0,0.0
2024-06-17 12:35:00+09:00,3415.0,3425.0,3410.0,3425.0,4509,0.0,0.0
2024-06-17 12:40:00+09:00,3425.0,3425.0,3415.0,3415.0,3765,0.0,0.0
2024-06-17 12:45:00+09:00,3415.0,3430.0,3415.0,3420.0,3728,0.0,0.0
2024-06-17 12:50:00+09:00,3425.0,3430.0,3420.0,3430.0,7296,0.0,0.0
2024-06-17 12:55:00+09:00,3430.0,3435.0,3425.0,3430.0,5989,0.0,0.0
2024-06-17 13:00:00+09:00,3430.0,3450.0,3430.0,3445.0,13498,0.0,0.0
2024-06-17 13:05:00+09:00,3440.0,3440.0,3430.0,3430.0,2273,0.0,0.0
2024-06-17 13:10:00+09:00,3430.0,3435.0,3425.0,3425.0,3439,0.0,0.0
2024-06-17 13:15:00+09:00,3430.0,3430.0,3420.0,3420.0,4983,0.0,0.0
2024-06-17 13:20:00+09:00,3425.0,3430.0,3420.0,3420.0,3038,0.0,0.0
2024-06-17 13:25:00+09:00,3420.0,3430.0,3415.0,3425.0,5280,0.0,0.0
2024-06-17 13:30:00+09:00,3430.0,3435.0,3425.0,3435.0,5760,0.0,0.0
2024-06-17 13:35:00+09:00,3440.0,3440.0,3430.0,3430.0,5490,0.0,0.0
2024-06-17 13:40:00+09:00,3435.0,3440.0,3430.0,3430.0,4401,0.0,0.0
2024-06-17 13:45:00+09:00,3435.0,3440.0,3430.0,3435.0,3295,0.0,0.0
2024-06-17 13:50:00+09:00,3435.0,3435.0,3425.0,3425.0,9857,0.0,0.0
2024-06-17 13:55:00+09:00,3425.0,3430.0,3425.0,3425.0,1702,0.0,0.0
2024-06-17 14:00:00+09:00,3425.0,3430.0,3415.0,3415.0,8681,0.0,0.0
2024-06-17 14:05:00+09:00,3415.0,3415.0,3405.0,3415.0,32741,0.0,0.0
2024-06-17 14:10:00+09:00,3410.0,3415.0,3410.0,3410.0,4064,0.0,0.0
2024-06-17 14:15:00+09:00,3415.0,3415.0,3410.0,3410.0,4353,0.0,0.0
2024-06-17 14:20:00+09:00,3415.0,3415.0,3410.0,3415.0,1626,0.0,0.0
2024-06-17 14:25:00+09:00,3410.0,3415.0,3410.0,3415.0,14283,0.0,0.0
2024-06-17 14:30:00+09:00,3410.0,3420.0,3410.0,3415.0,9984,0.0,0.0
2024-06-17 14:35:00+09:00,3415.0,3420.0,3415.0,3415.0,2146,0.0,0.0
2024-06-17 14:40:00+09:00,3415.0,3415.0,3405.0,3410.0,11796,0.0,0.0
2024-06-17 14:45:00+09:00,3410.0,3410.0,3405.0,3405.0,13671,0.0,0.0
2024-06-17 14:50:00+09:00,3410.0,3415.0,3405.0,3405.0,28879,0.0,0.0
2024-06-17 14:55:00+09:00,3410.0,3415.0,3410.0,3415.0,2755,0.0,0.0
2024-06-18 09:00:00+09:00,3395.0,3405.0,3365.0,3375.0,55631,0.0,0.0
2024-06-18 09:05:00+09:00,3375.0,3375.0,3355.0,3355.0,60224,0.0,0.0
2024-06-18 09:10:00+09:00,3355.0,3365.0,3355.0,3355.0,28753,0.0,0.0
2024-06-18 09:15:00+09:00,3355.0,3375.0,3350.0,3375.0,31722,0.0,0.0
2024-06-18 09:20:00+09:00,3375.0,3380.0,3350.0,3350.0,42352,0.0,0.0
2024-06-18 09:25:00+09:00,3350.0,3370.0,3345.0,3360.0,9654,0.0,0.0
2024-06-18 09:30:00+09:00,3360.0,3365.0,3345.0,3360.0,46570,0.0,0.0
2024-06-18 09:35:00+09:00,3360.0,3400.0,3355.0,3400.0,35201,0.0,0.0
2024-06-18 09:40:00+09:00,3395.0,3400.0,3375.0,3380.0,9664,0.0,0.0
2024-06-18 09:45:00+09:00,3385.0,3385.0,3365.0,3370.0,12387,0.0,0.0
2024-06-18 09:50:00+09:00,3370.0,3370.0,3355.0,3360.0,14668,0.0,0.0
2024-06-18 09:55:00+09:00,3360.0,3375.0,3355.0,3360.0,15496,0.0,0.0
2024-06-18 10:00:00+09:00,3360.0,3370.0,3355.0,3360.0,10788,0.0,0.0
2024-06-18 10:05:00+09:00,3365.0,3370.0,3365.0,3370.0,11283,0.0,0.0
2024-06-18 10:10:00+09:00,3370.0,3370.0,3355.0,3360.0,17482,0.0,0.0
2024-06-18 10:15:00+09:00,3355.0,3365.0,3345.0,3365.0,59958,0.0,0.0
2024-06-18 10:20:00+09:00,3365.0,3370.0,3360.0,3365.0,6299,0.0,0.0
2024-06-18 10:25:00+09:00,3370.0,3375.0,3370.0,3375.0,5828,0.0,0.0
2024-06-18 10:30:00+09:00,3375.0,3375.0,3370.0,3370.0,2586,0.0,0.0
2024-06-18 10:35:00+09:00,3370.0,3375.0,3370.0,3375.0,2330,0.0,0.0
2024-06-18 10:40:00+09:00,3375.0,3390.0,3375.0,3390.0,8306,0.0,0.0
2024-06-18 10:45:00+09:00,3390.0,3390.0,3390.0,3390.0,4632,0.0,0.0
2024-06-18 10:50:00+09:00,3390.0,3390.0,3375.0,3380.0,8123,0.0,0.0
2024-06-18 10:55:00+09:00,3380.0,3390.0,3375.0,3385.0,10850,0.0,0.0
2024-06-18 11:00:00+09:00,3385.0,3395.0,3385.0,3390.0,10418,0.0,0.0
2024-06-18 11:05:00+09:00,3390.0,3415.0,3385.0,3415.0,18175,0.0,0.0
2024-06-18 11:10:00+09:00,3420.0,3440.0,3400.0,3415.0,26856,0.0,0.0
2024-06-18 11:15:00+09:00,3415.0,3425.0,3405.0,3420.0,19769,0.0,0.0
2024-06-18 11:20:00+09:00,3420.0,3425.0,3400.0,3405.0,22160,0.0,0.0
2024-06-18 11:25:00+09:00,3405.0,3410.0,3405.0,3405.0,5111,0.0,0.0
2024-06-18 11:30:00+09:00,3410.0,3420.0,3410.0,3415.0,4966,0.0,0.0
2024-06-18 11:35:00+09:00,3420.0,3435.0,3415.0,3430.0,26700,0.0,0.0
2024-06-18 11:40:00+09:00,3430.0,3525.0,3430.0,3520.0,93898,0.0,0.0
2024-06-18 11:45:00+09:00,3505.0,3525.0,3465.0,3490.0,86685,0.0,0.0
2024-06-18 11:50:00+09:00,3490.0,3505.0,3485.0,3490.0,15179,0.0,0.0
2024-06-18 11:55:00+09:00,3485.0,3490.0,3460.0,3460.0,15330,0.0,0.0
2024-06-18 12:00:00+09:00,3465.0,3475.0,3450.0,3450.0,14768,0.0,0.0
2024-06-18 12:05:00+09:00,3450.0,3460.0,3445.0,3455.0,8411,0.0,0.0
2024-06-18 12:10:00+09:00,3450.0,3475.0,3445.0,3460.0,18766,0.0,0.0
2024-06-18 12:15:00+09:00,3460.0,3460.0,3445.0,3450.0,4959,0.0,0.0
2024-06-18 12:20:00+09:00,3450.0,3470.0,3450.0,3455.0,7091,0.0,0.0
2024-06-18 12:25:00+09:00,3450.0,3470.0,3450.0,3450.0,23304,0.0,0.0
2024-06-18 12:30:00+09:00,3455.0,3460.0,3455.0,3460.0,8854,0.0,0.0
2024-06-18 12:35:00+09:00,3460.0,3470.0,3455.0,3460.0,1433,0.0,0.0
2024-06-18 12:40:00+09:00,3460.0,3465.0,3455.0,3455.0,9979,0.0,0.0
2024-06-18 12:45:00+09:00,3455.0,3460.0,3455.0,3455.0,609,0.0,0.0
2024-06-18 12:50:00+09:00,3455.0,3460.0,3450.0,3455.0,9147,0.0,0.0
2024-06-18 12:55:00+09:00,3450.0,3455.0,3450.0,3455.0,4884,0.0,0.0
2024-06-18 13:00:00+09:00,3455.0,3455.0,3440.0,3450.0,17341,0.0,0.0
2024-06-18 13:05:00+09:00,3445.0,3450.0,3440.0,3450.0,1828,0.0,0.0
2024-06-18 13:10:00+09:00,3450.0,3455.0,3450.0,3455.0,7729,0.0,0.0
2024-06-18 13:15:00+09:00,3455.0,3465.0,3455.0,3465.0,5056,0.0,0.0
2024-06-18 13:20:00+09:00,3465.0,3470.0,3460.0,3460.0,5334,0.0,0.0
2024-06-18 13:25:00+09:00,3455.0,3470.0,3450.0,3460.0,8643,0.0,0.0
2024-06-18 13:30:00+09:00,3465.0,3470.0,3435.0,3455.0,13339,0.0,0.0
2024-06-18 13:35:00+09:00,3455.0,3455.0,3450.0,3455.0,1038,0.0,0.0
2024-06-18 13:40:00+09:00,3450.0,3465.0,3440.0,3465.0,9995,0.0,0.0
2024-06-18 13:45:00+09:00,3460.0,3460.0,3450.0,3450.0,1837,0.0,0.0
2024-06-18 13:50:00+09:00,3450.0,3450.0,3440.0,3440.0,4472,0.0,0.0
2024-06-18 13:55:00+09:00,3440.0,3445.0,3440.0,3445.0,1125,0.0,0.0
2024-06-18 14:00:00+09:00,3445.0,3445.0,3445.0,3445.0,1923,0.0,0.0
2024-06-18 14:05:00+09:00,3445.0,3450.0,3445.0,3450.0,4858,0.0,0.0
2024-06-18 14:10:00+09:00,3445.0,3455.0,3445.0,3450.0,3724,0.0,0.0
2024-06-18 14:15:00+09:00,3450.0,3450.0,3445.0,3450.0,0,0.0,0.0
2024-06-18 14:20:00+09:00,3450.0,3450.0,3445.0,3450.0,1848,0.0,0.0
2024-06-18 14:25:00+09:00,3450.0,3455.0,3450.0,3455.0,4076,0.0,0.0
2024-06-18 14:30:00+09:00,3450.0,3450.0,3445.0,3450.0,5127,0.0,0.0
2024-06-18 14:35:00+09:00,3445.0,3445.0,3425.0,3425.0,18090,0.0,0.0
2024-06-18 14:40:00+09:00,3425.0,3450.0,3415.0,3450.0,16652,0.0,0.0
2024-06-18 14:45:00+09:00,3455.0,3465.0,3450.0,3465.0,13581,0.0,0.0
2024-06-18 14:50:00+09:00,3470.0,3470.0,3460.0,3465.0,5302,0.0,0.0
2024-06-18 14:55:00+09:00,3465.0,3465.0,3455.0,3460.0,2850,0.0,0.0
2024-06-19 09:00:00+09:00,3475.0,3500.0,3455.0,3500.0,45750,0.0,0.0
2024-06-19 09:05:00+09:00,3500.0,3510.0,3480.0,3480.0,21232,0.0,0.0
2024-06-19 09:10:00+09:00,3480.0,3500.0,3470.0,3500.0,20103,0.0,0.0
2024-06-19 09:15:00+09:00,3490.0,3525.0,3485.0,3515.0,37064,0.0,0.0
2024-06-19 09:20:00+09:00,3515.0,3555.0,3515.0,3550.0,53334,0.0,0.0
2024-06-19 09:25:00+09:00,3550.0,3600.0,3545.0,3585.0,62115,0.0,0.0
2024-06-19 09:30:00+09:00,3580.0,3715.0,3570.0,3715.0,293514,0.0,0.0
2024-06-19 09:35:00+09:00,3710.0,3720.0,3655.0,3655.0,271094,0.0,0.0
2024-06-19 09:40:00+09:00,3660.0,3700.0,3615.0,3615.0,116772,0.0,0.0
2024-06-19 09:45:00+09:00,3625.0,3650.0,3610.0,3645.0,54398,0.0,0.0
2024-06-19 09:50:00+09:00,3645.0,3645.0,3630.0,3630.0,11993,0.0,0.0
2024-06-19 09:55:00+09:00,3630.0,3665.0,3615.0,3660.0,30418,0.0,0.0
2024-06-19 10:00:00+09:00,3660.0,3665.0,3630.0,3645.0,12845,0.0,0.0
2024-06-19 10:05:00+09:00,3645.0,3660.0,3645.0,3650.0,20149,0.0,0.0
2024-06-19 10:10:00+09:00,3650.0,3650.0,3620.0,3630.0,20147,0.0,0.0
2024-06-19 10:15:00+09:00,3630.0,3630.0,3605.0,3605.0,54471,0.0,0.0
2024-06-19 10:20:00+09:00,3605.0,3610.0,3590.0,3590.0,44119,0.0,0.0
2024-06-19 10:25:00+09:00,3590.0,3605.0,3585.0,3605.0,16999,0.0,0.0
2024-06-19 10:30:00+09:00,3605.0,3610.0,3590.0,3610.0,22092,0.0,0.0
2024-06-19 10:35:00+09:00,3610.0,3620.0,3600.0,3600.0,15563,0.0,0.0
2024-06-19 10:40:00+09:00,3600.0,3610.0,3595.0,3610.0,4753,0.0,0.0
2024-06-19 10:45:00+09:00,3610.0,3610.0,3585.0,3595.0,34948,0.0,0.0
2024-06-19 10:50:00+09:00,3590.0,3595.0,3590.0,3590.0,12203,0.0,0.0
2024-06-19 10:55:00+09:00,3590.0,3590.0,3575.0,3585.0,25306,0.0,0.0
2024-06-19 11:00:00+09:00,3585.0,3585.0,3570.0,3585.0,24887,0.0,0.0
2024-06-19 11:05:00+09:00,3590.0,3600.0,3580.0,3600.0,1931,0.0,0.0
2024-06-19 11:10:00+09:00,3595.0,3605.0,3595.0,3605.0,5693,0.0,0.0
2024-06-19 11:15:00+09:00,3605.0,3610.0,3590.0,3590.0,4663,0.0,0.0
2024-06-19 11:20:00+09:00,3600.0,3600.0,3585.0,3585.0,6853,0.0,0.0
2024-06-19 11:25:00+09:00,3585.0,3590.0,3580.0,3585.0,9622,0.0,0.0
2024-06-19 11:30:00+09:00,3585.0,3585.0,3575.0,3575.0,6421,0.0,0.0
2024-06-19 11:35:00+09:00,3575.0,3580.0,3555.0,3560.0,39373,0.0,0.0
2024-06-19 11:40:00+09:00,3560.0,3565.0,3555.0,3565.0,1561,0.0,0.0
2024-06-19 11:45:00+09:00,3565.0,3580.0,3565.0,3580.0,18493,0.0,0.0
2024-06-19 11:50:00+09:00,3575.0,3580.0,3565.0,3580.0,6482,0.0,0.0
2024-06-19 11:55:00+09:00,3575.0,3580.0,3570.0,3570.0,3297,0.0,0.0
2024-06-19 12:00:00+09:00,3570.0,3580.0,3570.0,3570.0,5727,0.0,0.0
2024-06-19 12:05:00+09:00,3570.0,3585.0,3570.0,3575.0,4899,0.0,0.0
2024-06-19 12:10:00+09:00,3570.0,3570.0,3565.0,3565.0,3480,0.0,0.0
2024-06-19 12:15:00+09:00,3570.0,3570.0,3560.0,3570.0,3615,0.0,0.0
2024-06-19 12:20:00+09:00,3570.0,3575.0,3565.0,3570.0,4240,0.0,0.0
2024-06-19 12:25:00+09:00,3570.0,3580.0,3565.0,3570.0,3771,0.0,0.0
2024-06-19 12:30:00+09:00,3570.0,3575.0,3570.0,3575.0,2533,0.0,0.0
2024-06-19 12:35:00+09:00,3575.0,3575.0,3570.0,3570.0,4056,0.0,0.0
2024-06-19 12:40:00+09:00,3570.0,3580.0,3565.0,3575.0,2316,0.0,0.0
2024-06-19 12:45:00+09:00,3575.0,3575.0,3560.0,3560.0,5222,0.0,0.0
2024-06-19 12:50:00+09:00,3570.0,3570.0,3560.0,3565.0,5806,0.0,0.0
2024-06-19 12:55:00+09:00,3565.0,3570.0,3560.0,3560.0,15711,0.0,0.0
2024-06-19 13:00:00+09:00,3555.0,3565.0,3555.0,3565.0,0,0.0,0.0
2024-06-19 13:05:00+09:00,3565.0,3580.0,3560.0,3580.0,7861,0.0,0.0
2024-06-19 13:10:00+09:00,3580.0,3585.0,3575.0,3575.0,3372,0.0,0.0
2024-06-19 13:15:00+09:00,3580.0,3580.0,3560.0,3560.0,11705,0.0,0.0
2024-06-19 13:20:00+09:00,3560.0,3565.0,3555.0,3565.0,4671,0.0,0.0
2024-06-19 13:25:00+09:00,3565.0,3570.0,3565.0,3570.0,1581,0.0,0.0
2024-06-19 13:30:00+09:00,3565.0,3575.0,3565.0,3575.0,5809,0.0,0.0
2024-06-19 13:35:00+09:00,3570.0,3570.0,3555.0,3555.0,7199,0.0,0.0
2024-06-19 13:40:00+09:00,3555.0,3560.0,3550.0,3555.0,10235,0.0,0.0
2024-06-19 13:45:00+09:00,3555.0,3555.0,3540.0,3545.0,13245,0.0,0.0
2024-06-19 13:50:00+09:00,3545.0,3545.0,3535.0,3535.0,8452,0.0,0.0
2024-06-19 13:55:00+09:00,3535.0,3550.0,3535.0,3550.0,8549,0.0,0.0
2024-06-19 14:00:00+09:00,3540.0,3550.0,3540.0,3540.0,5471,0.0,0.0
2024-06-19 14:05:00+09:00,3540.0,3540.0,3525.0,3535.0,22016,0.0,0.0
2024-06-19 14:10:00+09:00,3535.0,3540.0,3520.0,3530.0,8477,0.0,0.0
2024-06-19 14:15:00+09:00,3530.0,3530.0,3520.0,3520.0,13783,0.0,0.0
2024-06-19 14:20:00+09:00,3520.0,3530.0,3515.0,3530.0,6870,0.0,0.0
2024-06-19 14:25:00+09:00,3525.0,3540.0,3520.0,3530.0,5404,0.0,0.0
2024-06-19 14:30:00+09:00,3525.0,3530.0,3510.0,3530.0,8853,0.0,0.0
2024-06-19 14:35:00+09:00,3525.0,3535.0,3525.0,3530.0,4009,0.0,0.0
2024-06-19 14:40:00+09:00,3530.0,3530.0,3520.0,3520.0,4515,0.0,0.0
2024-06-19 14:45:00+09:00,3525.0,3530.0,3520.0,3530.0,6843,0.0,0.0
2024-06-19 14:50:00+09:00,3530.0,3540.0,3525.0,3540.0,3111,0.0,0.0
2024-06-19 14:55:00+09:00,3535.0,3540.0,3530.0,3530.0,1842,0.0,0.0
2024-06-20 09:00:00+09:00,3575.0,3670.0,3540.0,3635.0,143430,0.0,0.0
2024-06-20 09:05:00+09:00,3630.0,3635.0,3585.0,3595.0,67967,0.0,0.0
2024-06-20 09:10:00+09:00,3595.0,3595.0,3565.0,3565.0,31836,0.0,0.0
2024-06-20 09:15:00+09:00,3565.0,3585.0,3555.0,3565.0,15710,0.0,0.0
2024-06-20 09:20:00+09:00,3565.0,3570.0,3560.0,3570.0,11260,0.0,0.0
2024-06-20 09:25:00+09:00,3555.0,3565.0,3555.0,3555.0,4212,0.0,0.0
2024-06-20 09:30:00+09:00,3565.0,3565.0,3535.0,3540.0,12733,0.0,0.0
2024-06-20 09:35:00+09:00,3545.0,3555.0,3535.0,3540.0,8537,0.0,0.0
2024-06-20 09:40:00+09:00,3540.0,3540.0,3520.0,3535.0,27305,0.0,0.0
2024-06-20 09:45:00+09:00,3535.0,3560.0,3530.0,3560.0,7500,0.0,0.0
2024-06-20 09:50:00+09:00,3560.0,3565.0,3550.0,3565.0,5443,0.0,0.0
2024-06-20 09:55:00+09:00,3565.0,3565.0,3545.0,3555.0,2229,0.0,0.0
2024-06-20 10:00:00+09:00,3545.0,3555.0,3535.0,3535.0,7455,0.0,0.0
2024-06-20 10:05:00+09:00,3555.0,3555.0,3535.0,3540.0,778,0.0,0.0
2024-06-20 10:10:00+09:00,3545.0,3545.0,3530.0,3530.0,18356,0.0,0.0
2024-06-20 10:15:00+09:00,3530.0,3540.0,3525.0,3525.0,3776,0.0,0.0
2024-06-20 10:20:00+09:00,3540.0,3540.0,3510.0,3535.0,18898,0.0,0.0
2024-06-20 10:25:00+09:00,3535.0,3535.0,3520.0,3525.0,3779,0.0,0.0
2024-06-20 10:30:00+09:00,3525.0,3525.0,3520.0,3525.0,6158,0.0,0.0
2024-06-20 10:35:00+09:00,3525.0,3525.0,3520.0,3520.0,2828,0.0,0.0
2024-06-20 10:40:00+09:00,3520.0,3525.0,3515.0,3515.0,6046,0.0,0.0
2024-06-20 10:45:00+09:00,3515.0,3520.0,3515.0,3515.0,7228,0.0,0.0
2024-06-20 10:50:00+09:00,3515.0,3520.0,3515.0,3520.0,2438,0.0,0.0
2024-06-20 10:55:00+09:00,3520.0,3520.0,3510.0,3515.0,12004,0.0,0.0
2024-06-20 11:00:00+09:00,3515.0,3520.0,3515.0,3520.0,4610,0.0,0.0
2024-06-20 11:05:00+09:00,3520.0,3520.0,3515.0,3515.0,4871,0.0,0.0
2024-06-20 11:10:00+09:00,3515.0,3520.0,3510.0,3515.0,2421,0.0,0.0
2024-06-20 11:15:00+09:00,3515.0,3520.0,3510.0,3515.0,924,0.0,0.0
2024-06-20 11:20:00+09:00,3520.0,3520.0,3520.0,3520.0,2265,0.0,0.0
2024-06-20 11:25:00+09:00,3515.0,3520.0,3515.0,3520.0,4071,0.0,0.0
2024-06-20 11:30:00+09:00,3520.0,3520.0,3510.0,3510.0,2570,0.0,0.0
2024-06-20 11:35:00+09:00,3510.0,3515.0,3510.0,3515.0,2804,0.0,0.0
2024-06-20 11:40:00+09:00,3515.0,3525.0,3515.0,3525.0,353,0.0,0.0
2024-06-20 11:45:00+09:00,3525.0,3535.0,3520.0,3520.0,1585,0.0,0.0
2024-06-20 11:50:00+09:00,3520.0,3535.0,3520.0,3525.0,4758,0.0,0.0
2024-06-20 11:55:00+09:00,3525.0,3535.0,3525.0,3530.0,2466,0.0,0.0
2024-06-20 12:00:00+09:00,3530.0,3530.0,3520.0,3525.0,6848,0.0,0.0
2024-06-20 12:05:00+09:00,3525.0,3535.0,3510.0,3535.0,23583,0.0,0.0
2024-06-20 12:10:00+09:00,3535.0,3535.0,3525.0,3525.0,2077,0.0,0.0
2024-06-20 12:15:00+09:00,3525.0,3525.0,3510.0,3515.0,4434,0.0,0.0
2024-06-20 12:20:00+09:00,3515.0,3515.0,3510.0,3515.0,1007,0.0,0.0
2024-06-20 12:25:00+09:00,3515.0,3515.0,3500.0,3500.0,21930,0.0,0.0
2024-06-20 12:30:00+09:00,3505.0,3510.0,3500.0,3510.0,11097,0.0,0.0
2024-06-20 12:35:00+09:00,3510.0,3520.0,3510.0,3510.0,2484,0.0,0.0
2024-06-20 12:40:00+09:00,3515.0,3515.0,3510.0,3510.0,1709,0.0,0.0
2024-06-20 12:45:00+09:00,3510.0,3510.0,3505.0,3510.0,5660,0.0,0.0
2024-06-20 12:50:00+09:00,3510.0,3510.0,3505.0,3510.0,2255,0.0,0.0
2024-06-20 12:55:00+09:00,3510.0,3515.0,3510.0,3510.0,5800,0.0,0.0
2024-06-20 13:00:00+09:00,3510.0,3510.0,3510.0,3510.0,4190,0.0,0.0
2024-06-20 13:05:00+09:00,3510.0,3510.0,3505.0,3505.0,7021,0.0,0.0
2024-06-20 13:10:00+09:00,3505.0,3515.0,3505.0,3510.0,385,0.0,0.0
2024-06-20 13:15:00+09:00,3510.0,3510.0,3500.0,3510.0,7093,0.0,0.0
2024-06-20 13:20:00+09:00,3510.0,3510.0,3510.0,3510.0,1557,0.0,0.0
2024-06-20 13:25:00+09:00,3505.0,3515.0,3505.0,3515.0,1912,0.0,0.0
2024-06-20 13:30:00+09:00,3515.0,3515.0,3515.0,3515.0,715,0.0,0.0
2024-06-20 13:35:00+09:00,3515.0,3515.0,3515.0,3515.0,339,0.0,0.0
2024-06-20 13:40:00+09:00,3515.0,3515.0,3510.0,3515.0,1792,0.0,0.0
2024-06-20 13:45:00+09:00,3515.0,3515.0,3505.0,3505.0,5569,0.0,0.0
2024-06-20 13:50:00+09:00,3505.0,3510.0,3505.0,3505.0,5315,0.0,0.0
2024-06-20 13:55:00+09:00,3505.0,3505.0,3495.0,3500.0,30580,0.0,0.0
2024-06-20 14:00:00+09:00,3495.0,3500.0,3495.0,3500.0,4287,0.0,0.0
2024-06-20 14:05:00+09:00,3500.0,3500.0,3490.0,3490.0,7721,0.0,0.0
2024-06-20 14:10:00+09:00,3495.0,3495.0,3485.0,3485.0,5510,0.0,0.0
2024-06-20 14:15:00+09:00,3490.0,3495.0,3485.0,3490.0,1838,0.0,0.0
2024-06-20 14:20:00+09:00,3490.0,3490.0,3485.0,3485.0,7186,0.0,0.0
2024-06-20 14:25:00+09:00,3490.0,3490.0,3480.0,3480.0,14422,0.0,0.0
2024-06-20 14:30:00+09:00,3480.0,3485.0,3475.0,3485.0,5097,0.0,0.0
2024-06-20 14:35:00+09:00,3480.0,3485.0,3480.0,3485.0,8949,0.0,0.0
2024-06-20 14:40:00+09:00,3485.0,3485.0,3480.0,3485.0,3934,0.0,0.0
2024-06-20 14:45:00+09:00,3485.0,3485.0,3475.0,3480.0,3430,0.0,0.0
2024-06-20 14:50:00+09:00,3490.0,3495.0,3485.0,3495.0,7293,0.0,0.0
2024-06-20 14:55:00+09:00,3495.0,3495.0,3485.0,3495.0,3878,0.0,0.0
2024-06-21 09:00:00+09:00,3460.0,3475.0,3425.0,3445.0,28693,0.0,0.0
2024-06-21 09:05:00+09:00,3450.0,3450.0,3415.0,3415.0,28412,0.0,0.0
2024-06-21 09:10:00+09:00,3415.0,3430.0,3400.0,3405.0,40797,0.0,0.0
2024-06-21 09:15:00+09:00,3405.0,3415.0,3395.0,3415.0,14248,0.0,0.0
2024-06-21 09:20:00+09:00,3415.0,3415.0,3400.0,3400.0,13197,0.0,0.0
2024-06-21 09:25:00+09:00,3410.0,3430.0,3400.0,3430.0,10403,0.0,0.0
2024-06-21 09:30:00+09:00,3430.0,3430.0,3390.0,3390.0,18196,0.0,0.0
2024-06-21 09:35:00+09:00,3395.0,3395.0,3305.0,3380.0,69427,0.0,0.0
2024-06-21 09:40:00+09:00,3385.0,3400.0,3375.0,3400.0,20872,0.0,0.0
2024-06-21 09:45:00+09:00,3390.0,3390.0,3380.0,3385.0,4194,0.0,0.0
2024-06-21 09:50:00+09:00,3385.0,3385.0,3375.0,3385.0,7176,0.0,0.0
2024-06-21 09:55:00+09:00,3385.0,3400.0,3370.0,3390.0,9768,0.0,0.0
2024-06-21 10:00:00+09:00,3390.0,3395.0,3380.0,3390.0,8112,0.0,0.0
2024-06-21 10:05:00+09:00,3395.0,3405.0,3385.0,3400.0,7160,0.0,0.0
2024-06-21 10:10:00+09:00,3400.0,3400.0,3385.0,3390.0,12764,0.0,0.0
2024-06-21 10:15:00+09:00,3390.0,3395.0,3385.0,3390.0,7552,0.0,0.0
2024-06-21 10:20:00+09:00,3390.0,3415.0,3390.0,3415.0,26155,0.0,0.0
2024-06-21 10:25:00+09:00,3415.0,3485.0,3415.0,3470.0,31366,0.0,0.0
2024-06-21 10:30:00+09:00,3470.0,3480.0,3435.0,3460.0,11118,0.0,0.0
2024-06-21 10:35:00+09:00,3460.0,3465.0,3425.0,3455.0,8604,0.0,0.0
2024-06-21 10:40:00+09:00,3450.0,3450.0,3430.0,3450.0,4782,0.0,0.0
2024-06-21 10:45:00+09:00,3430.0,3450.0,3410.0,3425.0,6313,0.0,0.0
2024-06-21 10:50:00+09:00,3420.0,3430.0,3410.0,3430.0,5603,0.0,0.0
2024-06-21 10:55:00+09:00,3435.0,3435.0,3425.0,3435.0,2748,0.0,0.0
2024-06-21 11:00:00+09:00,3435.0,3440.0,3425.0,3440.0,3062,0.0,0.0
2024-06-21 11:05:00+09:00,3440.0,3440.0,3420.0,3420.0,793,0.0,0.0
2024-06-21 11:10:00+09:00,3420.0,3430.0,3400.0,3430.0,12606,0.0,0.0
2024-06-21 11:15:00+09:00,3430.0,3430.0,3405.0,3425.0,4733,0.0,0.0
2024-06-21 11:20:00+09:00,3425.0,3440.0,3415.0,3440.0,3224,0.0,0.0
2024-06-21 11:25:00+09:00,3440.0,3440.0,3420.0,3420.0,1610,0.0,0.0
2024-06-21 11:30:00+09:00,3420.0,3440.0,3405.0,3435.0,7485,0.0,0.0
2024-06-21 11:35:00+09:00,3430.0,3435.0,3430.0,3435.0,386,0.0,0.0
2024-06-21 11:40:00+09:00,3430.0,3430.0,3410.0,3410.0,6286,0.0,0.0
2024-06-21 11:45:00+09:00,3430.0,3430.0,3405.0,3405.0,3575,0.0,0.0
2024-06-21 11:50:00+09:00,3425.0,3430.0,3410.0,3415.0,235,0.0,0.0
2024-06-21 11:55:00+09:00,3410.0,3425.0,3405.0,3425.0,3656,0.0,0.0
2024-06-21 12:00:00+09:00,3425.0,3430.0,3415.0,3420.0,3614,0.0,0.0
2024-06-21 12:05:00+09:00,3425.0,3425.0,3420.0,3420.0,1075,0.0,0.0
2024-06-21 12:10:00+09:00,3420.0,3420.0,3410.0,3420.0,3116,0.0,0.0
2024-06-21 12:15:00+09:00,3410.0,3420.0,3410.0,3410.0,2846,0.0,0.0
2024-06-21 12:20:00+09:00,3415.0,3420.0,3410.0,3410.0,1885,0.0,0.0
2024-06-21 12:25:00+09:00,3410.0,3420.0,3405.0,3410.0,3894,0.0,0.0
2024-06-21 12:30:00+09:00,3410.0,3420.0,3410.0,3415.0,1669,0.0,0.0
2024-06-21 12:35:00+09:00,3415.0,3420.0,3415.0,3420.0,902,0.0,0.0
2024-06-21 12:40:00+09:00,3420.0,3420.0,3415.0,3415.0,1590,0.0,0.0
2024-06-21 12:45:00+09:00,3420.0,3420.0,3415.0,3420.0,2034,0.0,0.0
2024-06-21 12:50:00+09:00,3415.0,3420.0,3415.0,3415.0,1935,0.0,0.0
2024-06-21 12:55:00+09:00,3415.0,3415.0,3405.0,3410.0,3228,0.0,0.0
2024-06-21 13:00:00+09:00,3410.0,3410.0,3405.0,3410.0,7630,0.0,0.0
2024-06-21 13:05:00+09:00,3410.0,3425.0,3405.0,3425.0,18876,0.0,0.0
2024-06-21 13:10:00+09:00,3430.0,3430.0,3415.0,3415.0,2846,0.0,0.0
2024-06-21 13:15:00+09:00,3415.0,3415.0,3415.0,3415.0,1225,0.0,0.0
2024-06-21 13:20:00+09:00,3415.0,3430.0,3415.0,3425.0,781,0.0,0.0
2024-06-21 13:25:00+09:00,3425.0,3430.0,3420.0,3420.0,2566,0.0,0.0
2024-06-21 13:30:00+09:00,3420.0,3420.0,3410.0,3410.0,1499,0.0,0.0
2024-06-21 13:35:00+09:00,3410.0,3420.0,3410.0,3420.0,3650,0.0,0.0
2024-06-21 13:40:00+09:00,3425.0,3430.0,3425.0,3430.0,5209,0.0,0.0
2024-06-21 13:45:00+09:00,3420.0,3430.0,3420.0,3425.0,103,0.0,0.0
2024-06-21 13:50:00+09:00,3425.0,3425.0,3415.0,3425.0,2724,0.0,0.0
2024-06-21 13:55:00+09:00,3425.0,3425.0,3415.0,3425.0,3620,0.0,0.0
2024-06-21 14:00:00+09:00,3425.0,3425.0,3420.0,3425.0,3471,0.0,0.0
2024-06-21 14:05:00+09:00,3425.0,3430.0,3405.0,3405.0,13504,0.0,0.0
2024-06-21 14:10:00+09:00,3420.0,3450.0,3415.0,3420.0,24488,0.0,0.0
2024-06-21 14:15:00+09:00,3420.0,3435.0,3420.0,3435.0,866,0.0,0.0
2024-06-21 14:20:00+09:00,3435.0,3445.0,3435.0,3435.0,10367,0.0,0.0
2024-06-21 14:25:00+09:00,3435.0,3460.0,3435.0,3460.0,26224,0.0,0.0
2024-06-21 14:30:00+09:00,3455.0,3465.0,3455.0,3460.0,3417,0.0,0.0
2024-06-21 14:35:00+09:00,3460.0,3465.0,3460.0,3460.0,4324,0.0,0.0
2024-06-21 14:40:00+09:00,3460.0,3475.0,3455.0,3475.0,16329,0.0,0.0
2024-06-21 14:45:00+09:00,3475.0,3475.0,3465.0,3470.0,9514,0.0,0.0
2024-06-21 14:50:00+09:00,3470.0,3475.0,3465.0,3475.0,3403,0.0,0.0
2024-06-21 14:55:00+09:00,3475.0,3485.0,3470.0,3485.0,8786,0.0,0.0
2024-06-24 09:00:00+09:00,3840.0,4080.0,3780.0,3980.0,1275201,0.0,0.0
2024-06-24 09:05:00+09:00,3980.0,4050.0,3930.0,3950.0,952680,0.0,0.0
2024-06-24 09:10:00+09:00,3950.0,3970.0,3880.0,3940.0,579086,0.0,0.0
2024-06-24 09:15:00+09:00,3940.0,3950.0,3855.0,3870.0,349500,0.0,0.0
2024-06-24 09:20:00+09:00,3865.0,3895.0,3835.0,3850.0,284206,0.0,0.0
2024-06-24 09:25:00+09:00,3850.0,3855.0,3805.0,3825.0,242674,0.0,0.0
2024-06-24 09:30:00+09:00,3820.0,3840.0,3770.0,3840.0,232020,0.0,0.0
2024-06-24 09:35:00+09:00,3840.0,3840.0,3775.0,3780.0,125407,0.0,0.0
2024-06-24 09:40:00+09:00,3780.0,3835.0,3780.0,3835.0,120942,0.0,0.0
2024-06-24 09:45:00+09:00,3830.0,3880.0,3810.0,3880.0,134670,0.0,0.0
2024-06-24 09:50:00+09:00,3875.0,3890.0,3815.0,3820.0,208465,0.0,0.0
2024-06-24 09:55:00+09:00,3820.0,3840.0,3805.0,3835.0,68273,0.0,0.0
2024-06-24 10:00:00+09:00,3830.0,3830.0,3780.0,3795.0,94757,0.0,0.0
2024-06-24 10:05:00+09:00,3795.0,3845.0,3790.0,3830.0,59342,0.0,0.0
2024-06-24 10:10:00+09:00,3825.0,3830.0,3795.0,3800.0,40724,0.0,0.0
2024-06-24 10:15:00+09:00,3800.0,3815.0,3790.0,3795.0,39750,0.0,0.0
2024-06-24 10:20:00+09:00,3795.0,3835.0,3790.0,3830.0,52377,0.0,0.0
2024-06-24 10:25:00+09:00,3835.0,3835.0,3815.0,3830.0,64982,0.0,0.0
2024-06-24 10:30:00+09:00,3830.0,3835.0,3800.0,3800.0,30120,0.0,0.0
2024-06-24 10:35:00+09:00,3800.0,3825.0,3790.0,3825.0,37772,0.0,0.0
2024-06-24 10:40:00+09:00,3810.0,3825.0,3805.0,3820.0,22147,0.0,0.0
2024-06-24 10:45:00+09:00,3805.0,3820.0,3800.0,3800.0,25353,0.0,0.0
2024-06-24 10:50:00+09:00,3805.0,3810.0,3795.0,3810.0,19894,0.0,0.0
2024-06-24 10:55:00+09:00,3810.0,3810.0,3800.0,3800.0,16709,0.0,0.0
2024-06-24 11:00:00+09:00,3800.0,3810.0,3790.0,3790.0,36062,0.0,0.0
2024-06-24 11:05:00+09:00,3790.0,3795.0,3770.0,3770.0,74854,0.0,0.0
2024-06-24 11:10:00+09:00,3770.0,3775.0,3730.0,3760.0,106651,0.0,0.0
2024-06-24 11:15:00+09:00,3760.0,3790.0,3745.0,3755.0,27427,0.0,0.0
2024-06-24 11:20:00+09:00,3760.0,3795.0,3750.0,3785.0,50574,0.0,0.0
2024-06-24 11:25:00+09:00,3785.0,3785.0,3775.0,3785.0,11140,0.0,0.0
2024-06-24 11:30:00+09:00,3785.0,3785.0,3755.0,3755.0,14599,0.0,0.0
2024-06-24 11:35:00+09:00,3755.0,3790.0,3745.0,3775.0,22760,0.0,0.0
2024-06-24 11:40:00+09:00,3775.0,3775.0,3750.0,3765.0,11931,0.0,0.0
2024-06-24 11:45:00+09:00,3750.0,3765.0,3730.0,3735.0,44611,0.0,0.0
2024-06-24 11:50:00+09:00,3735.0,3760.0,3730.0,3755.0,19911,0.0,0.0
2024-06-24 11:55:00+09:00,3760.0,3780.0,3755.0,3770.0,21048,0.0,0.0
2024-06-24 12:00:00+09:00,3775.0,3820.0,3770.0,3820.0,75451,0.0,0.0
2024-06-24 12:05:00+09:00,3815.0,3835.0,3770.0,3805.0,136085,0.0,0.0
2024-06-24 12:10:00+09:00,3810.0,3825.0,3790.0,3815.0,38819,0.0,0.0
2024-06-24 12:15:00+09:00,3820.0,3830.0,3800.0,3805.0,33667,0.0,0.0
2024-06-24 12:20:00+09:00,3805.0,3810.0,3800.0,3810.0,10597,0.0,0.0
2024-06-24 12:25:00+09:00,3810.0,3810.0,3790.0,3795.0,8842,0.0,0.0
2024-06-24 12:30:00+09:00,3795.0,3795.0,3785.0,3790.0,10849,0.0,0.0
2024-06-24 12:35:00+09:00,3785.0,3820.0,3765.0,3815.0,33349,0.0,0.0
2024-06-24 12:40:00+09:00,3815.0,3815.0,3790.0,3795.0,11915,0.0,0.0
2024-06-24 12:45:00+09:00,3795.0,3810.0,3785.0,3790.0,10382,0.0,0.0
2024-06-24 12:50:00+09:00,3790.0,3800.0,3790.0,3800.0,2149,0.0,0.0
2024-06-24 12:55:00+09:00,3795.0,3810.0,3795.0,3810.0,7867,0.0,0.0
2024-06-24 13:00:00+09:00,3805.0,3805.0,3785.0,3795.0,8509,0.0,0.0
2024-06-24 13:05:00+09:00,3790.0,3795.0,3775.0,3775.0,21163,0.0,0.0
2024-06-24 13:10:00+09:00,3775.0,3790.0,3775.0,3785.0,14442,0.0,0.0
2024-06-24 13:15:00+09:00,3785.0,3815.0,3780.0,3810.0,49288,0.0,0.0
2024-06-24 13:20:00+09:00,3810.0,3830.0,3790.0,3815.0,45200,0.0,0.0
2024-06-24 13:25:00+09:00,3815.0,3825.0,3800.0,3810.0,11187,0.0,0.0
2024-06-24 13:30:00+09:00,3800.0,3815.0,3790.0,3790.0,37539,0.0,0.0
2024-06-24 13:35:00+09:00,3790.0,3790.0,3775.0,3790.0,26737,0.0,0.0
2024-06-24 13:40:00+09:00,3775.0,3790.0,3775.0,3785.0,10141,0.0,0.0
2024-06-24 13:45:00+09:00,3785.0,3790.0,3770.0,3770.0,15838,0.0,0.0
2024-06-24 13:50:00+09:00,3790.0,3790.0,3770.0,3775.0,14494,0.0,0.0
2024-06-24 13:55:00+09:00,3775.0,3785.0,3770.0,3780.0,7463,0.0,0.0
2024-06-24 14:00:00+09:00,3775.0,3790.0,3770.0,3790.0,26137,0.0,0.0
2024-06-24 14:05:00+09:00,3785.0,3815.0,3785.0,3795.0,33642,0.0,0.0
2024-06-24 14:10:00+09:00,3795.0,3800.0,3780.0,3780.0,13761,0.0,0.0
2024-06-24 14:15:00+09:00,3780.0,3805.0,3780.0,3795.0,18868,0.0,0.0
2024-06-24 14:20:00+09:00,3790.0,3795.0,3770.0,3770.0,37847,0.0,0.0
2024-06-24 14:25:00+09:00,3770.0,3785.0,3770.0,3770.0,15016,0.0,0.0
2024-06-24 14:30:00+09:00,3770.0,3780.0,3765.0,3775.0,13744,0.0,0.0
2024-06-24 14:35:00+09:00,3780.0,3785.0,3770.0,3785.0,8960,0.0,0.0
2024-06-24 14:40:00+09:00,3785.0,3795.0,3760.0,3760.0,26232,0.0,0.0
2024-06-24 14:45:00+09:00,3765.0,3770.0,3760.0,3770.0,38702,0.0,0.0
2024-06-24 14:50:00+09:00,3770.0,3770.0,3735.0,3740.0,42880,0.0,0.0
2024-06-24 14:55:00+09:00,3735.0,3745.0,3700.0,3705.0,79767,0.0,0.0
2024-06-25 09:00:00+09:00,3635.0,3715.0,3595.0,3655.0,102118,0.0,0.0
2024-06-25 09:05:00+09:00,3660.0,3715.0,3655.0,3710.0,45421,0.0,0.0
2024-06-25 09:10:00+09:00,3710.0,3750.0,3695.0,3700.0,62685,0.0,0.0
2024-06-25 09:15:00+09:00,3710.0,3760.0,3695.0,3755.0,75284,0.0,0.0
2024-06-25 09:20:00+09:00,3750.0,3765.0,3735.0,3745.0,74364,0.0,0.0
2024-06-25 09:25:00+09:00,3745.0,3745.0,3705.0,3710.0,23570,0.0,0.0
2024-06-25 09:30:00+09:00,3715.0,3730.0,3685.0,3685.0,37645,0.0,0.0
2024-06-25 09:35:00+09:00,3685.0,3690.0,3635.0,3680.0,50407,0.0,0.0
2024-06-25 09:40:00+09:00,3680.0,3695.0,3680.0,3685.0,13653,0.0,0.0
2024-06-25 09:45:00+09:00,3680.0,3700.0,3670.0,3695.0,31676,0.0,0.0
2024-06-25 09:50:00+09:00,3695.0,3700.0,3685.0,3695.0,36952,0.0,0.0
2024-06-25 09:55:00+09:00,3690.0,3695.0,3685.0,3690.0,15964,0.0,0.0
2024-06-25 10:00:00+09:00,3690.0,3700.0,3685.0,3695.0,28512,0.0,0.0
2024-06-25 10:05:00+09:00,3690.0,3700.0,3685.0,3690.0,30128,0.0,0.0
2024-06-25 10:10:00+09:00,3690.0,3690.0,3680.0,3680.0,13934,0.0,0.0
2024-06-25 10:15:00+09:00,3680.0,3685.0,3650.0,3685.0,20365,0.0,0.0
2024-06-25 10:20:00+09:00,3685.0,3685.0,3675.0,3680.0,7767,0.0,0.0
2024-06-25 10:25:00+09:00,3675.0,3680.0,3655.0,3670.0,23831,0.0,0.0
2024-06-25 10:30:00+09:00,3675.0,3675.0,3655.0,3655.0,20455,0.0,0.0
2024-06-25 10:35:00+09:00,3655.0,3665.0,3655.0,3660.0,10033,0.0,0.0
2024-06-25 10:40:00+09:00,3660.0,3675.0,3655.0,3660.0,9099,0.0,0.0
2024-06-25 10:45:00+09:00,3675.0,3685.0,3675.0,3685.0,1621,0.0,0.0
2024-06-25 10:50:00+09:00,3680.0,3685.0,3670.0,3670.0,8314,0.0,0.0
2024-06-25 10:55:00+09:00,3675.0,3695.0,3670.0,3695.0,9486,0.0,0.0
2024-06-25 11:00:00+09:00,3695.0,3735.0,3690.0,3715.0,31606,0.0,0.0
2024-06-25 11:05:00+09:00,3730.0,3755.0,3715.0,3725.0,116971,0.0,0.0
2024-06-25 11:10:00+09:00,3730.0,3730.0,3710.0,3715.0,33304,0.0,0.0
2024-06-25 11:15:00+09:00,3715.0,3730.0,3710.0,3720.0,12063,0.0,0.0
2024-06-25 11:20:00+09:00,3720.0,3725.0,3690.0,3715.0,31421,0.0,0.0
2024-06-25 11:25:00+09:00,3715.0,3715.0,3690.0,3705.0,6278,0.0,0.0
2024-06-25 11:30:00+09:00,3705.0,3705.0,3685.0,3690.0,12019,0.0,0.0
2024-06-25 11:35:00+09:00,3690.0,3720.0,3690.0,3720.0,23446,0.0,0.0
2024-06-25 11:40:00+09:00,3720.0,3735.0,3720.0,3725.0,9344,0.0,0.0
2024-06-25 11:45:00+09:00,3720.0,3725.0,3715.0,3715.0,2800,0.0,0.0
2024-06-25 11:50:00+09:00,3715.0,3725.0,3715.0,3725.0,2846,0.0,0.0
2024-06-25 11:55:00+09:00,3725.0,3740.0,3720.0,3735.0,9624,0.0,0.0
2024-06-25 12:00:00+09:00,3735.0,3750.0,3735.0,3745.0,23246,0.0,0.0
2024-06-25 12:05:00+09:00,3750.0,3755.0,3745.0,3755.0,8097,0.0,0.0
2024-06-25 12:10:00+09:00,3750.0,3755.0,3740.0,3740.0,7348,0.0,0.0
2024-06-25 12:15:00+09:00,3740.0,3755.0,3730.0,3750.0,17967,0.0,0.0
2024-06-25 12:20:00+09:00,3755.0,3755.0,3740.0,3750.0,3969,0.0,0.0
2024-06-25 12:25:00+09:00,3745.0,3745.0,3725.0,3725.0,9974,0.0,0.0
2024-06-25 12:30:00+09:00,3725.0,3745.0,3725.0,3745.0,19874,0.0,0.0
2024-06-25 12:35:00+09:00,3745.0,3745.0,3740.0,3740.0,3345,0.0,0.0
2024-06-25 12:40:00+09:00,3740.0,3745.0,3720.0,3720.0,6754,0.0,0.0
2024-06-25 12:45:00+09:00,3720.0,3730.0,3715.0,3730.0,1488,0.0,0.0
2024-06-25 12:50:00+09:00,3725.0,3730.0,3725.0,3725.0,3301,0.0,0.0
2024-06-25 12:55:00+09:00,3730.0,3735.0,3725.0,3730.0,2282,0.0,0.0
2024-06-25 13:00:00+09:00,3735.0,3745.0,3725.0,3745.0,5616,0.0,0.0
2024-06-25 13:05:00+09:00,3745.0,3795.0,3745.0,3795.0,82336,0.0,0.0
2024-06-25 13:10:00+09:00,3795.0,3810.0,3780.0,3790.0,100690,0.0,0.0
2024-06-25 13:15:00+09:00,3785.0,3795.0,3760.0,3785.0,25236,0.0,0.0
2024-06-25 13:20:00+09:00,3785.0,3795.0,3785.0,3795.0,12146,0.0,0.0
2024-06-25 13:25:00+09:00,3790.0,3795.0,3780.0,3785.0,8804,0.0,0.0
2024-06-25 13:30:00+09:00,3785.0,3785.0,3765.0,3770.0,8482,0.0,0.0
2024-06-25 13:35:00+09:00,3770.0,3785.0,3760.0,3775.0,8463,0.0,0.0
2024-06-25 13:40:00+09:00,3775.0,3780.0,3775.0,3780.0,11191,0.0,0.0
2024-06-25 13:45:00+09:00,3785.0,3785.0,3770.0,3770.0,11626,0.0,0.0
2024-06-25 13:50:00+09:00,3775.0,3775.0,3760.0,3765.0,11060,0.0,0.0
2024-06-25 13:55:00+09:00,3765.0,3770.0,3760.0,3760.0,6763,0.0,0.0
2024-06-25 14:00:00+09:00,3765.0,3765.0,3745.0,3755.0,19542,0.0,0.0
2024-06-25 14:05:00+09:00,3755.0,3760.0,3740.0,3750.0,14415,0.0,0.0
2024-06-25 14:10:00+09:00,3760.0,3760.0,3750.0,3755.0,6622,0.0,0.0
2024-06-25 14:15:00+09:00,3755.0,3760.0,3740.0,3740.0,10098,0.0,0.0
2024-06-25 14:20:00+09:00,3745.0,3755.0,3740.0,3750.0,5196,0.0,0.0
2024-06-25 14:25:00+09:00,3745.0,3750.0,3745.0,3745.0,3653,0.0,0.0
2024-06-25 14:30:00+09:00,3745.0,3750.0,3735.0,3740.0,18814,0.0,0.0
2024-06-25 14:35:00+09:00,3740.0,3740.0,3735.0,3735.0,7050,0.0,0.0
2024-06-25 14:40:00+09:00,3735.0,3740.0,3730.0,3735.0,10242,0.0,0.0
2024-06-25 14:45:00+09:00,3735.0,3735.0,3695.0,3700.0,50636,0.0,0.0
2024-06-25 14:50:00+09:00,3700.0,3720.0,3695.0,3720.0,12000,0.0,0.0
2024-06-25 14:55:00+09:00,3720.0,3720.0,3710.0,3715.0,7715,0.0,0.0
2024-06-26 09:00:00+09:00,3725.0,3750.0,3705.0,3730.0,47205,0.0,0.0
2024-06-26 09:05:00+09:00,3725.0,3750.0,3720.0,3735.0,50347,0.0,0.0
2024-06-26 09:10:00+09:00,3720.0,3735.0,3705.0,3715.0,50734,0.0,0.0
2024-06-26 09:15:00+09:00,3715.0,3735.0,3715.0,3730.0,16848,0.0,0.0
2024-06-26 09:20:00+09:00,3735.0,3735.0,3720.0,3735.0,10409,0.0,0.0
2024-06-26 09:25:00+09:00,3730.0,3745.0,3710.0,3740.0,32729,0.0,0.0
2024-06-26 09:30:00+09:00,3735.0,3770.0,3730.0,3770.0,35471,0.0,0.0
2024-06-26 09:35:00+09:00,3775.0,3780.0,3755.0,3755.0,30177,0.0,0.0
2024-06-26 09:40:00+09:00,3755.0,3765.0,3755.0,3765.0,12676,0.0,0.0
2024-06-26 09:45:00+09:00,3765.0,3770.0,3755.0,3755.0,14840,0.0,0.0
2024-06-26 09:50:00+09:00,3755.0,3755.0,3745.0,3745.0,10395,0.0,0.0
2024-06-26 09:55:00+09:00,3745.0,3755.0,3735.0,3745.0,14563,0.0,0.0
2024-06-26 10:00:00+09:00,3745.0,3745.0,3715.0,3740.0,24398,0.0,0.0
2024-06-26 10:05:00+09:00,3730.0,3740.0,3725.0,3730.0,11107,0.0,0.0
2024-06-26 10:10:00+09:00,3735.0,3750.0,3735.0,3750.0,9239,0.0,0.0
2024-06-26 10:15:00+09:00,3745.0,3745.0,3715.0,3715.0,35252,0.0,0.0
2024-06-26 10:20:00+09:00,3715.0,3730.0,3710.0,3725.0,4557,0.0,0.0
2024-06-26 10:25:00+09:00,3720.0,3725.0,3715.0,3725.0,3350,0.0,0.0
2024-06-26 10:30:00+09:00,3720.0,3730.0,3720.0,3730.0,2502,0.0,0.0
2024-06-26 10:35:00+09:00,3720.0,3725.0,3715.0,3720.0,5289,0.0,0.0
2024-06-26 10:40:00+09:00,3720.0,3725.0,3720.0,3725.0,8937,0.0,0.0
2024-06-26 10:45:00+09:00,3730.0,3730.0,3720.0,3720.0,1523,0.0,0.0
2024-06-26 10:50:00+09:00,3720.0,3765.0,3720.0,3760.0,28691,0.0,0.0
2024-06-26 10:55:00+09:00,3760.0,3760.0,3745.0,3750.0,11683,0.0,0.0
2024-06-26 11:00:00+09:00,3750.0,3765.0,3750.0,3760.0,7263,0.0,0.0
2024-06-26 11:05:00+09:00,3760.0,3770.0,3755.0,3770.0,7323,0.0,0.0
2024-06-26 11:10:00+09:00,3770.0,3780.0,3765.0,3770.0,17778,0.0,0.0
2024-06-26 11:15:00+09:00,3775.0,3775.0,3745.0,3765.0,19161,0.0,0.0
2024-06-26 11:20:00+09:00,3765.0,3770.0,3750.0,3770.0,8240,0.0,0.0
2024-06-26 11:25:00+09:00,3770.0,3770.0,3745.0,3755.0,2806,0.0,0.0
2024-06-26 11:30:00+09:00,3750.0,3765.0,3750.0,3765.0,2794,0.0,0.0
2024-06-26 11:35:00+09:00,3765.0,3765.0,3750.0,3750.0,8329,0.0,0.0
2024-06-26 11:40:00+09:00,3750.0,3755.0,3740.0,3745.0,4857,0.0,0.0
2024-06-26 11:45:00+09:00,3745.0,3745.0,3735.0,3740.0,6637,0.0,0.0
2024-06-26 11:50:00+09:00,3740.0,3745.0,3735.0,3740.0,3273,0.0,0.0
2024-06-26 11:55:00+09:00,3740.0,3740.0,3730.0,3730.0,3930,0.0,0.0
2024-06-26 12:00:00+09:00,3735.0,3750.0,3730.0,3750.0,2179,0.0,0.0
2024-06-26 12:05:00+09:00,3750.0,3750.0,3725.0,3730.0,7504,0.0,0.0
2024-06-26 12:10:00+09:00,3730.0,3735.0,3725.0,3735.0,7126,0.0,0.0
2024-06-26 12:15:00+09:00,3735.0,3735.0,3720.0,3720.0,7286,0.0,0.0
2024-06-26 12:20:00+09:00,3730.0,3735.0,3725.0,3735.0,3509,0.0,0.0
2024-06-26 12:25:00+09:00,3725.0,3735.0,3725.0,3735.0,1561,0.0,0.0
2024-06-26 12:30:00+09:00,3735.0,3735.0,3725.0,3730.0,14234,0.0,0.0
2024-06-26 12:35:00+09:00,3735.0,3750.0,3725.0,3750.0,4228,0.0,0.0
2024-06-26 12:40:00+09:00,3750.0,3750.0,3730.0,3735.0,2093,0.0,0.0
2024-06-26 12:45:00+09:00,3735.0,3745.0,3730.0,3735.0,3153,0.0,0.0
2024-06-26 12:50:00+09:00,3735.0,3735.0,3725.0,3730.0,13151,0.0,0.0
2024-06-26 12:55:00+09:00,3730.0,3745.0,3725.0,3745.0,3381,0.0,0.0
2024-06-26 13:00:00+09:00,3740.0,3745.0,3735.0,3740.0,3002,0.0,0.0
2024-06-26 13:05:00+09:00,3740.0,3745.0,3735.0,3745.0,1338,0.0,0.0
2024-06-26 13:10:00+09:00,3745.0,3755.0,3740.0,3755.0,7450,0.0,0.0
2024-06-26 13:15:00+09:00,3755.0,3770.0,3750.0,3755.0,7176,0.0,0.0
2024-06-26 13:20:00+09:00,3750.0,3765.0,3750.0,3765.0,7365,0.0,0.0
2024-06-26 13:25:00+09:00,3760.0,3765.0,3750.0,3750.0,6292,0.0,0.0
2024-06-26 13:30:00+09:00,3750.0,3755.0,3750.0,3755.0,2819,0.0,0.0
2024-06-26 13:35:00+09:00,3750.0,3755.0,3750.0,3755.0,5409,0.0,0.0
2024-06-26 13:40:00+09:00,3745.0,3750.0,3745.0,3750.0,1358,0.0,0.0
2024-06-26 13:45:00+09:00,3750.0,3750.0,3745.0,3750.0,5843,0.0,0.0
2024-06-26 13:50:00+09:00,3750.0,3750.0,3745.0,3745.0,982,0.0,0.0
2024-06-26 13:55:00+09:00,3745.0,3765.0,3745.0,3765.0,5016,0.0,0.0
2024-06-26 14:00:00+09:00,3765.0,3780.0,3765.0,3770.0,23707,0.0,0.0
2024-06-26 14:05:00+09:00,3770.0,3775.0,3765.0,3770.0,3778,0.0,0.0
2024-06-26 14:10:00+09:00,3770.0,3775.0,3755.0,3770.0,9835,0.0,0.0
2024-06-26 14:15:00+09:00,3770.0,3775.0,3755.0,3775.0,10501,0.0,0.0
2024-06-26 14:20:00+09:00,3770.0,3775.0,3765.0,3775.0,7944,0.0,0.0
2024-06-26 14:25:00+09:00,3770.0,3770.0,3755.0,3765.0,8275,0.0,0.0
2024-06-26 14:30:00+09:00,3765.0,3795.0,3755.0,3795.0,79995,0.0,0.0
2024-06-26 14:35:00+09:00,3795.0,3795.0,3755.0,3770.0,35072,0.0,0.0
2024-06-26 14:40:00+09:00,3770.0,3780.0,3755.0,3770.0,13032,0.0,0.0
2024-06-26 14:45:00+09:00,3770.0,3775.0,3760.0,3760.0,8956,0.0,0.0
2024-06-26 14:50:00+09:00,3760.0,3770.0,3755.0,3770.0,8121,0.0,0.0
2024-06-26 14:55:00+09:00,3770.0,3775.0,3755.0,3765.0,7733,0.0,0.0
2024-06-27 09:00:00+09:00,3700.0,3700.0,3680.0,3695.0,39343,0.0,0.0
2024-06-27 09:05:00+09:00,3695.0,3710.0,3675.0,3680.0,29259,0.0,0.0
2024-06-27 09:10:00+09:00,3685.0,3690.0,3670.0,3685.0,12478,0.0,0.0
2024-06-27 09:15:00+09:00,3685.0,3695.0,3670.0,3670.0,22959,0.0,0.0
2024-06-27 09:20:00+09:00,3670.0,3670.0,3660.0,3670.0,18653,0.0,0.0
2024-06-27 09:25:00+09:00,3670.0,3670.0,3655.0,3655.0,14366,0.0,0.0
2024-06-27 09:30:00+09:00,3655.0,3675.0,3645.0,3675.0,58903,0.0,0.0
2024-06-27 09:35:00+09:00,3670.0,3670.0,3650.0,3650.0,17339,0.0,0.0
2024-06-27 09:40:00+09:00,3650.0,3665.0,3650.0,3655.0,12656,0.0,0.0
2024-06-27 09:45:00+09:00,3660.0,3685.0,3650.0,3680.0,29705,0.0,0.0
2024-06-27 09:50:00+09:00,3680.0,3695.0,3675.0,3695.0,17454,0.0,0.0
2024-06-27 09:55:00+09:00,3690.0,3705.0,3685.0,3695.0,7916,0.0,0.0
2024-06-27 10:00:00+09:00,3695.0,3695.0,3685.0,3690.0,3955,0.0,0.0
2024-06-27 10:05:00+09:00,3690.0,3690.0,3665.0,3670.0,10878,0.0,0.0
2024-06-27 10:10:00+09:00,3685.0,3695.0,3675.0,3690.0,3708,0.0,0.0
2024-06-27 10:15:00+09:00,3690.0,3695.0,3680.0,3685.0,13236,0.0,0.0
2024-06-27 10:20:00+09:00,3685.0,3690.0,3675.0,3690.0,22433,0.0,0.0
2024-06-27 10:25:00+09:00,3690.0,3690.0,3675.0,3680.0,2712,0.0,0.0
2024-06-27 10:30:00+09:00,3685.0,3685.0,3675.0,3675.0,4239,0.0,0.0
2024-06-27 10:35:00+09:00,3685.0,3685.0,3670.0,3670.0,2178,0.0,0.0
2024-06-27 10:40:00+09:00,3675.0,3680.0,3660.0,3665.0,13734,0.0,0.0
2024-06-27 10:45:00+09:00,3665.0,3675.0,3660.0,3660.0,7550,0.0,0.0
2024-06-27 10:50:00+09:00,3665.0,3665.0,3635.0,3645.0,32928,0.0,0.0
2024-06-27 10:55:00+09:00,3645.0,3645.0,3630.0,3630.0,25818,0.0,0.0
2024-06-27 11:00:00+09:00,3630.0,3640.0,3615.0,3640.0,21636,0.0,0.0
2024-06-27 11:05:00+09:00,3650.0,3760.0,3650.0,3745.0,158157,0.0,0.0
2024-06-27 11:10:00+09:00,3745.0,3745.0,3705.0,3740.0,51657,0.0,0.0
2024-06-27 11:15:00+09:00,3735.0,3745.0,3725.0,3735.0,14570,0.0,0.0
2024-06-27 11:20:00+09:00,3730.0,3735.0,3710.0,3715.0,10958,0.0,0.0
2024-06-27 11:25:00+09:00,3720.0,3720.0,3710.0,3715.0,4696,0.0,0.0
2024-06-27 11:30:00+09:00,3720.0,3730.0,3715.0,3730.0,6111,0.0,0.0
2024-06-27 11:35:00+09:00,3725.0,3730.0,3720.0,3725.0,6788,0.0,0.0
2024-06-27 11:40:00+09:00,3725.0,3725.0,3720.0,3725.0,5306,0.0,0.0
2024-06-27 11:45:00+09:00,3720.0,3720.0,3715.0,3715.0,4489,0.0,0.0
2024-06-27 11:50:00+09:00,3715.0,3720.0,3715.0,3715.0,3170,0.0,0.0
2024-06-27 11:55:00+09:00,3715.0,3725.0,3710.0,3725.0,4040,0.0,0.0
2024-06-27 12:00:00+09:00,3725.0,3730.0,3715.0,3730.0,5648,0.0,0.0
2024-06-27 12:05:00+09:00,3730.0,3735.0,3720.0,3720.0,7358,0.0,0.0
2024-06-27 12:10:00+09:00,3725.0,3735.0,3725.0,3730.0,3010,0.0,0.0
2024-06-27 12:15:00+09:00,3735.0,3735.0,3725.0,3735.0,4120,0.0,0.0
2024-06-27 12:20:00+09:00,3735.0,3735.0,3725.0,3725.0,2375,0.0,0.0
2024-06-27 12:25:00+09:00,3730.0,3730.0,3725.0,3725.0,2811,0.0,0.0
2024-06-27 12:30:00+09:00,3725.0,3725.0,3720.0,3720.0,3945,0.0,0.0
2024-06-27 12:35:00+09:00,3725.0,3730.0,3720.0,3730.0,7107,0.0,0.0
2024-06-27 12:40:00+09:00,3730.0,3760.0,3725.0,3750.0,38481,0.0,0.0
2024-06-27 12:45:00+09:00,3750.0,3760.0,3745.0,3750.0,11504,0.0,0.0
2024-06-27 12:50:00+09:00,3750.0,3770.0,3750.0,3750.0,19550,0.0,0.0
2024-06-27 12:55:00+09:00,3745.0,3750.0,3740.0,3745.0,4012,0.0,0.0
2024-06-27 13:00:00+09:00,3750.0,3750.0,3735.0,3735.0,5731,0.0,0.0
2024-06-27 13:05:00+09:00,3740.0,3740.0,3735.0,3740.0,2930,0.0,0.0
2024-06-27 13:10:00+09:00,3740.0,3740.0,3730.0,3735.0,2467,0.0,0.0
2024-06-27 13:15:00+09:00,3735.0,3735.0,3730.0,3735.0,13605,0.0,0.0
2024-06-27 13:20:00+09:00,3735.0,3750.0,3730.0,3750.0,12770,0.0,0.0
2024-06-27 13:25:00+09:00,3745.0,3745.0,3735.0,3735.0,3767,0.0,0.0
2024-06-27 13:30:00+09:00,3730.0,3740.0,3730.0,3735.0,2677,0.0,0.0
2024-06-27 13:35:00+09:00,3740.0,3740.0,3725.0,3730.0,38010,0.0,0.0
2024-06-27 13:40:00+09:00,3730.0,3735.0,3725.0,3725.0,2089,0.0,0.0
2024-06-27 13:45:00+09:00,3725.0,3730.0,3725.0,3730.0,1255,0.0,0.0
2024-06-27 13:50:00+09:00,3730.0,3735.0,3725.0,3730.0,2094,0.0,0.0
2024-06-27 13:55:00+09:00,3725.0,3730.0,3725.0,3725.0,11104,0.0,0.0
2024-06-27 14:00:00+09:00,3725.0,3730.0,3720.0,3730.0,13457,0.0,0.0
2024-06-27 14:05:00+09:00,3725.0,3730.0,3715.0,3715.0,13097,0.0,0.0
2024-06-27 14:10:00+09:00,3715.0,3715.0,3690.0,3695.0,38560,0.0,0.0
2024-06-27 14:15:00+09:00,3695.0,3695.0,3665.0,3670.0,17834,0.0,0.0
2024-06-27 14:20:00+09:00,3670.0,3675.0,3665.0,3670.0,4061,0.0,0.0
2024-06-27 14:25:00+09:00,3665.0,3675.0,3665.0,3675.0,4609,0.0,0.0
2024-06-27 14:30:00+09:00,3675.0,3690.0,3670.0,3690.0,9538,0.0,0.0
2024-06-27 14:35:00+09:00,3685.0,3695.0,3675.0,3695.0,3067,0.0,0.0
2024-06-27 14:40:00+09:00,3695.0,3695.0,3675.0,3680.0,9752,0.0,0.0
2024-06-27 14:45:00+09:00,3680.0,3700.0,3670.0,3685.0,12059,0.0,0.0
2024-06-27 14:50:00+09:00,3675.0,3685.0,3665.0,3675.0,17191,0.0,0.0
2024-06-27 14:55:00+09:00,3675.0,3675.0,3660.0,3670.0,8262,0.0,0.0
2024-06-28 09:00:00+09:00,3740.0,3895.0,3725.0,3840.0,479653,0.0,0.0
2024-06-28 09:05:00+09:00,3840.0,3940.0,3815.0,3930.0,414549,0.0,0.0
2024-06-28 09:10:00+09:00,3935.0,3940.0,3860.0,3870.0,165511,0.0,0.0
2024-06-28 09:15:00+09:00,3870.0,3870.0,3815.0,3840.0,169570,0.0,0.0
2024-06-28 09:20:00+09:00,3845.0,3870.0,3840.0,3855.0,54716,0.0,0.0
2024-06-28 09:25:00+09:00,3855.0,3875.0,3850.0,3870.0,32972,0.0,0.0
2024-06-28 09:30:00+09:00,3870.0,3895.0,3855.0,3870.0,96440,0.0,0.0
2024-06-28 09:35:00+09:00,3860.0,3880.0,3835.0,3850.0,96670,0.0,0.0
2024-06-28 09:40:00+09:00,3855.0,3880.0,3845.0,3860.0,49400,0.0,0.0
2024-06-28 09:45:00+09:00,3855.0,3895.0,3850.0,3875.0,91517,0.0,0.0
2024-06-28 09:50:00+09:00,3880.0,3880.0,3855.0,3865.0,50196,0.0,0.0
2024-06-28 09:55:00+09:00,3860.0,3905.0,3860.0,3905.0,97304,0.0,0.0
2024-06-28 10:00:00+09:00,3905.0,3915.0,3885.0,3885.0,54591,0.0,0.0
2024-06-28 10:05:00+09:00,3885.0,3890.0,3870.0,3880.0,25667,0.0,0.0
2024-06-28 10:10:00+09:00,3875.0,3895.0,3830.0,3840.0,120635,0.0,0.0
2024-06-28 10:15:00+09:00,3840.0,3845.0,3830.0,3830.0,39149,0.0,0.0
2024-06-28 10:20:00+09:00,3835.0,3845.0,3825.0,3840.0,25940,0.0,0.0
2024-06-28 10:25:00+09:00,3840.0,3845.0,3830.0,3830.0,11633,0.0,0.0
2024-06-28 10:30:00+09:00,3830.0,3830.0,3810.0,3820.0,80851,0.0,0.0
2024-06-28 10:35:00+09:00,3825.0,3850.0,3815.0,3850.0,28905,0.0,0.0
2024-06-28 10:40:00+09:00,3850.0,3860.0,3840.0,3860.0,24555,0.0,0.0
2024-06-28 10:45:00+09:00,3860.0,3860.0,3840.0,3845.0,14521,0.0,0.0
2024-06-28 10:50:00+09:00,3845.0,3850.0,3825.0,3825.0,23917,0.0,0.0
2024-06-28 10:55:00+09:00,3825.0,3845.0,3825.0,3830.0,5600,0.0,0.0
2024-06-28 11:00:00+09:00,3830.0,3835.0,3815.0,3820.0,22918,0.0,0.0
2024-06-28 11:05:00+09:00,3820.0,3820.0,3800.0,3800.0,60498,0.0,0.0
2024-06-28 11:10:00+09:00,3810.0,3825.0,3800.0,3820.0,11997,0.0,0.0
2024-06-28 11:15:00+09:00,3805.0,3820.0,3775.0,3775.0,44901,0.0,0.0
2024-06-28 11:20:00+09:00,3775.0,3790.0,3775.0,3780.0,25589,0.0,0.0
2024-06-28 11:25:00+09:00,3780.0,3800.0,3775.0,3800.0,21934,0.0,0.0
2024-06-28 11:30:00+09:00,3795.0,3805.0,3790.0,3795.0,8454,0.0,0.0
2024-06-28 11:35:00+09:00,3795.0,3810.0,3790.0,3810.0,16295,0.0,0.0
2024-06-28 11:40:00+09:00,3810.0,3810.0,3775.0,3790.0,40330,0.0,0.0
2024-06-28 11:45:00+09:00,3790.0,3795.0,3780.0,3790.0,4868,0.0,0.0
2024-06-28 11:50:00+09:00,3790.0,3800.0,3785.0,3800.0,3153,0.0,0.0
2024-06-28 11:55:00+09:00,3800.0,3805.0,3795.0,3800.0,6377,0.0,0.0
2024-06-28 12:00:00+09:00,3800.0,3820.0,3795.0,3815.0,16370,0.0,0.0
2024-06-28 12:05:00+09:00,3810.0,3815.0,3805.0,3815.0,6758,0.0,0.0
2024-06-28 12:10:00+09:00,3815.0,3815.0,3805.0,3810.0,1693,0.0,0.0
2024-06-28 12:15:00+09:00,3805.0,3825.0,3805.0,3825.0,10182,0.0,0.0
2024-06-28 12:20:00+09:00,3825.0,3835.0,3815.0,3825.0,13570,0.0,0.0
2024-06-28 12:25:00+09:00,3825.0,3825.0,3810.0,3810.0,5712,0.0,0.0
2024-06-28 12:30:00+09:00,3815.0,3820.0,3815.0,3815.0,5248,0.0,0.0
2024-06-28 12:35:00+09:00,3815.0,3820.0,3800.0,3815.0,17931,0.0,0.0
2024-06-28 12:40:00+09:00,3815.0,3815.0,3800.0,3815.0,1978,0.0,0.0
2024-06-28 12:45:00+09:00,3810.0,3815.0,3795.0,3795.0,13188,0.0,0.0
2024-06-28 12:50:00+09:00,3800.0,3805.0,3790.0,3795.0,10820,0.0,0.0
2024-06-28 12:55:00+09:00,3800.0,3805.0,3795.0,3800.0,21855,0.0,0.0
2024-06-28 13:00:00+09:00,3800.0,3805.0,3790.0,3800.0,9308,0.0,0.0
2024-06-28 13:05:00+09:00,3800.0,3800.0,3785.0,3795.0,15902,0.0,0.0
2024-06-28 13:10:00+09:00,3795.0,3795.0,3775.0,3775.0,30186,0.0,0.0
2024-06-28 13:15:00+09:00,3775.0,3785.0,3770.0,3780.0,21811,0.0,0.0
2024-06-28 13:20:00+09:00,3780.0,3785.0,3770.0,3785.0,8097,0.0,0.0
2024-06-28 13:25:00+09:00,3780.0,3780.0,3770.0,3780.0,5850,0.0,0.0
2024-06-28 13:30:00+09:00,3770.0,3785.0,3745.0,3760.0,74303,0.0,0.0
2024-06-28 13:35:00+09:00,3765.0,3775.0,3750.0,3775.0,10055,0.0,0.0
2024-06-28 13:40:00+09:00,3775.0,3785.0,3775.0,3780.0,5081,0.0,0.0
2024-06-28 13:45:00+09:00,3770.0,3780.0,3755.0,3770.0,11487,0.0,0.0
2024-06-28 13:50:00+09:00,3770.0,3775.0,3755.0,3765.0,6906,0.0,0.0
2024-06-28 13:55:00+09:00,3765.0,3770.0,3750.0,3765.0,10001,0.0,0.0
2024-06-28 14:00:00+09:00,3760.0,3765.0,3745.0,3750.0,16121,0.0,0.0
2024-06-28 14:05:00+09:00,3745.0,3760.0,3745.0,3760.0,10601,0.0,0.0
2024-06-28 14:10:00+09:00,3760.0,3765.0,3755.0,3755.0,9820,0.0,0.0
2024-06-28 14:15:00+09:00,3755.0,3765.0,3750.0,3755.0,6837,0.0,0.0
2024-06-28 14:20:00+09:00,3755.0,3765.0,3755.0,3765.0,4982,0.0,0.0
2024-06-28 14:25:00+09:00,3760.0,3765.0,3755.0,3760.0,4110,0.0,0.0
2024-06-28 14:30:00+09:00,3765.0,3765.0,3760.0,3765.0,3438,0.0,0.0
2024-06-28 14:35:00+09:00,3765.0,3765.0,3745.0,3745.0,9434,0.0,0.0
2024-06-28 14:40:00+09:00,3750.0,3755.0,3745.0,3745.0,12038,0.0,0.0
2024-06-28 14:45:00+09:00,3755.0,3755.0,3745.0,3750.0,3570,0.0,0.0
2024-06-28 14:50:00+09:00,3750.0,3760.0,3750.0,3760.0,6861,0.0,0.0
2024-06-28 14:55:00+09:00,3760.0,3770.0,3755.0,3765.0,16518,0.0,0.0
2024-07-01 09:00:00+09:00,3750.0,3755.0,3655.0,3680.0,0,0.0,0.0
2024-07-01 09:05:00+09:00,3680.0,3760.0,3680.0,3715.0,68411,0.0,0.0
2024-07-01 09:10:00+09:00,3715.0,3730.0,3690.0,3715.0,33211,0.0,0.0
2024-07-01 09:15:00+09:00,3715.0,3720.0,3695.0,3715.0,38183,0.0,0.0
2024-07-01 09:20:00+09:00,3715.0,3720.0,3695.0,3700.0,27274,0.0,0.0
2024-07-01 09:25:00+09:00,3700.0,3705.0,3695.0,3700.0,22933,0.0,0.0
2024-07-01 09:30:00+09:00,3700.0,3700.0,3680.0,3685.0,18312,0.0,0.0
2024-07-01 09:35:00+09:00,3690.0,3700.0,3685.0,3695.0,16296,0.0,0.0
2024-07-01 09:40:00+09:00,3695.0,3705.0,3690.0,3700.0,15393,0.0,0.0
2024-07-01 09:45:00+09:00,3700.0,3715.0,3695.0,3695.0,13893,0.0,0.0
2024-07-01 09:50:00+09:00,3695.0,3700.0,3695.0,3695.0,9397,0.0,0.0
2024-07-01 09:55:00+09:00,3695.0,3700.0,3690.0,3700.0,20315,0.0,0.0
2024-07-01 10:00:00+09:00,3700.0,3710.0,3685.0,3690.0,30093,0.0,0.0
2024-07-01 10:05:00+09:00,3690.0,3690.0,3680.0,3685.0,8558,0.0,0.0
2024-07-01 10:10:00+09:00,3700.0,3715.0,3695.0,3710.0,8924,0.0,0.0
2024-07-01 10:15:00+09:00,3710.0,3710.0,3700.0,3705.0,1958,0.0,0.0
2024-07-01 10:20:00+09:00,3705.0,3720.0,3700.0,3710.0,6056,0.0,0.0
2024-07-01 10:25:00+09:00,3715.0,3715.0,3700.0,3710.0,2175,0.0,0.0
2024-07-01 10:30:00+09:00,3710.0,3710.0,3700.0,3710.0,3671,0.0,0.0
2024-07-01 10:35:00+09:00,3710.0,3720.0,3710.0,3720.0,5956,0.0,0.0
2024-07-01 10:40:00+09:00,3720.0,3730.0,3715.0,3715.0,4051,0.0,0.0
2024-07-01 10:45:00+09:00,3715.0,3725.0,3705.0,3705.0,13828,0.0,0.0
2024-07-01 10:50:00+09:00,3705.0,3735.0,3700.0,3735.0,7163,0.0,0.0
2024-07-01 10:55:00+09:00,3720.0,3735.0,3715.0,3720.0,1967,0.0,0.0
2024-07-01 11:00:00+09:00,3720.0,3720.0,3710.0,3720.0,1378,0.0,0.0
2024-07-01 11:05:00+09:00,3715.0,3715.0,3705.0,3705.0,2752,0.0,0.0
2024-07-01 11:10:00+09:00,3705.0,3715.0,3700.0,3700.0,8260,0.0,0.0
2024-07-01 11:15:00+09:00,3695.0,3710.0,3695.0,3710.0,10506,0.0,0.0
2024-07-01 11:20:00+09:00,3710.0,3715.0,3700.0,3700.0,2108,0.0,0.0
2024-07-01 11:25:00+09:00,3705.0,3710.0,3700.0,3700.0,4344,0.0,0.0
2024-07-01 11:30:00+09:00,3700.0,3700.0,3695.0,3700.0,6663,0.0,0.0
2024-07-01 11:35:00+09:00,3700.0,3710.0,3695.0,3710.0,3929,0.0,0.0
2024-07-01 11:40:00+09:00,3710.0,3710.0,3695.0,3695.0,6415,0.0,0.0
2024-07-01 11:45:00+09:00,3695.0,3700.0,3695.0,3695.0,991,0.0,0.0
2024-07-01 11:50:00+09:00,3695.0,3705.0,3690.0,3695.0,4750,0.0,0.0
2024-07-01 11:55:00+09:00,3695.0,3705.0,3690.0,3700.0,11226,0.0,0.0
2024-07-01 12:00:00+09:00,3700.0,3705.0,3695.0,3700.0,1570,0.0,0.0
2024-07-01 12:05:00+09:00,3695.0,3695.0,3690.0,3690.0,9402,0.0,0.0
2024-07-01 12:10:00+09:00,3690.0,3700.0,3690.0,3700.0,1692,0.0,0.0
2024-07-01 12:15:00+09:00,3700.0,3700.0,3685.0,3695.0,1881,0.0,0.0
2024-07-01 12:20:00+09:00,3695.0,3700.0,3685.0,3690.0,3331,0.0,0.0
2024-07-01 12:25:00+09:00,3690.0,3700.0,3685.0,3700.0,3938,0.0,0.0
2024-07-01 12:30:00+09:00,3695.0,3705.0,3690.0,3705.0,3191,0.0,0.0
2024-07-01 12:35:00+09:00,3695.0,3705.0,3695.0,3700.0,2329,0.0,0.0
2024-07-01 12:40:00+09:00,3695.0,3705.0,3695.0,3705.0,3752,0.0,0.0
2024-07-01 12:45:00+09:00,3705.0,3730.0,3700.0,3725.0,6019,0.0,0.0
2024-07-01 12:50:00+09:00,3720.0,3750.0,3715.0,3745.0,26026,0.0,0.0
2024-07-01 12:55:00+09:00,3745.0,3745.0,3720.0,3740.0,8615,0.0,0.0
2024-07-01 13:00:00+09:00,3735.0,3755.0,3730.0,3745.0,25103,0.0,0.0
2024-07-01 13:05:00+09:00,3745.0,3750.0,3740.0,3740.0,4229,0.0,0.0
2024-07-01 13:10:00+09:00,3740.0,3775.0,3730.0,3765.0,24593,0.0,0.0
2024-07-01 13:15:00+09:00,3765.0,3780.0,3750.0,3775.0,37513,0.0,0.0
2024-07-01 13:20:00+09:00,3775.0,3850.0,3765.0,3810.0,127563,0.0,0.0
2024-07-01 13:25:00+09:00,3810.0,3820.0,3790.0,3790.0,48080,0.0,0.0
2024-07-01 13:30:00+09:00,3790.0,3805.0,3775.0,3790.0,13466,0.0,0.0
2024-07-01 13:35:00+09:00,3790.0,3790.0,3770.0,3780.0,17728,0.0,0.0
2024-07-01 13:40:00+09:00,3780.0,3780.0,3760.0,3760.0,10634,0.0,0.0
2024-07-01 13:45:00+09:00,3760.0,3770.0,3760.0,3765.0,4314,0.0,0.0
2024-07-01 13:50:00+09:00,3765.0,3770.0,3760.0,3765.0,4511,0.0,0.0
2024-07-01 13:55:00+09:00,3765.0,3770.0,3755.0,3755.0,7243,0.0,0.0
2024-07-01 14:00:00+09:00,3770.0,3780.0,3760.0,3775.0,12569,0.0,0.0
2024-07-01 14:05:00+09:00,3775.0,3780.0,3770.0,3775.0,3673,0.0,0.0
2024-07-01 14:10:00+09:00,3775.0,3775.0,3765.0,3775.0,6731,0.0,0.0
2024-07-01 14:15:00+09:00,3775.0,3780.0,3775.0,3780.0,4045,0.0,0.0
2024-07-01 14:20:00+09:00,3780.0,3780.0,3775.0,3775.0,2824,0.0,0.0
2024-07-01 14:25:00+09:00,3775.0,3795.0,3770.0,3790.0,25645,0.0,0.0
2024-07-01 14:30:00+09:00,3785.0,3790.0,3780.0,3790.0,3850,0.0,0.0
2024-07-01 14:35:00+09:00,3790.0,3805.0,3790.0,3800.0,17560,0.0,0.0
2024-07-01 14:40:00+09:00,3800.0,3800.0,3785.0,3795.0,4938,0.0,0.0
2024-07-01 14:45:00+09:00,3800.0,3800.0,3790.0,3795.0,2739,0.0,0.0
2024-07-01 14:50:00+09:00,3795.0,3795.0,3775.0,3785.0,24659,0.0,0.0
2024-07-01 14:55:00+09:00,3785.0,3785.0,3775.0,3780.0,4743,0.0,0.0
2024-07-02 09:00:00+09:00,3850.0,3855.0,3815.0,3830.0,55766,0.0,0.0
2024-07-02 09:05:00+09:00,3830.0,3840.0,3800.0,3815.0,47252,0.0,0.0
2024-07-02 09:10:00+09:00,3815.0,3830.0,3805.0,3815.0,26522,0.0,0.0
2024-07-02 09:15:00+09:00,3815.0,3825.0,3800.0,3815.0,37514,0.0,0.0
2024-07-02 09:20:00+09:00,3815.0,3830.0,3810.0,3815.0,16266,0.0,0.0
2024-07-02 09:25:00+09:00,3815.0,3840.0,3810.0,3830.0,30548,0.0,0.0
2024-07-02 09:30:00+09:00,3820.0,3830.0,3790.0,3790.0,32365,0.0,0.0
2024-07-02 09:35:00+09:00,3795.0,3805.0,3790.0,3790.0,36587,0.0,0.0
2024-07-02 09:40:00+09:00,3790.0,3790.0,3765.0,3770.0,43171,0.0,0.0
2024-07-02 09:45:00+09:00,3770.0,3790.0,3765.0,3790.0,21971,0.0,0.0
2024-07-02 09:50:00+09:00,3780.0,3790.0,3765.0,3765.0,41992,0.0,0.0
2024-07-02 09:55:00+09:00,3770.0,3785.0,3765.0,3785.0,13825,0.0,0.0
2024-07-02 10:00:00+09:00,3785.0,3785.0,3765.0,3765.0,20828,0.0,0.0
2024-07-02 10:05:00+09:00,3770.0,3790.0,3770.0,3785.0,6179,0.0,0.0
2024-07-02 10:10:00+09:00,3790.0,3790.0,3770.0,3785.0,6929,0.0,0.0
2024-07-02 10:15:00+09:00,3780.0,3785.0,3775.0,3780.0,15574,0.0,0.0
2024-07-02 10:20:00+09:00,3780.0,3790.0,3780.0,3785.0,3650,0.0,0.0
2024-07-02 10:25:00+09:00,3785.0,3795.0,3780.0,3790.0,14161,0.0,0.0
2024-07-02 10:30:00+09:00,3790.0,3800.0,3790.0,3800.0,5792,0.0,0.0
2024-07-02 10:35:00+09:00,3800.0,3800.0,3790.0,3790.0,9824,0.0,0.0
2024-07-02 10:40:00+09:00,3790.0,3800.0,3780.0,3785.0,12338,0.0,0.0
2024-07-02 10:45:00+09:00,3785.0,3795.0,3775.0,3775.0,5611,0.0,0.0
2024-07-02 10:50:00+09:00,3790.0,3790.0,3775.0,3775.0,11263,0.0,0.0
2024-07-02 10:55:00+09:00,3780.0,3785.0,3765.0,3775.0,11365,0.0,0.0
2024-07-02 11:00:00+09:00,3775.0,3775.0,3765.0,3775.0,3147,0.0,0.0
2024-07-02 11:05:00+09:00,3775.0,3780.0,3765.0,3780.0,9875,0.0,0.0
2024-07-02 11:10:00+09:00,3780.0,3785.0,3770.0,3780.0,2704,0.0,0.0
2024-07-02 11:15:00+09:00,3780.0,3785.0,3770.0,3775.0,6072,0.0,0.0
2024-07-02 11:20:00+09:00,3775.0,3785.0,3770.0,3785.0,4144,0.0,0.0
2024-07-02 11:25:00+09:00,3785.0,3785.0,3775.0,3775.0,877,0.0,0.0
2024-07-02 11:30:00+09:00,3780.0,3785.0,3770.0,3785.0,2575,0.0,0.0
2024-07-02 11:35:00+09:00,3780.0,3785.0,3770.0,3785.0,6371,0.0,0.0
2024-07-02 11:40:00+09:00,3785.0,3790.0,3775.0,3775.0,372,0.0,0.0
2024-07-02 11:45:00+09:00,3775.0,3785.0,3775.0,3780.0,445,0.0,0.0
2024-07-02 11:50:00+09:00,3780.0,3785.0,3775.0,3780.0,547,0.0,0.0
2024-07-02 11:55:00+09:00,3775.0,3780.0,3775.0,3780.0,4910,0.0,0.0
2024-07-02 12:00:00+09:00,3780.0,3780.0,3770.0,3770.0,14111,0.0,0.0
2024-07-02 12:05:00+09:00,3775.0,3775.0,3755.0,3760.0,48376,0.0,0.0
2024-07-02 12:10:00+09:00,3755.0,3760.0,3750.0,3755.0,12014,0.0,0.0
2024-07-02 12:15:00+09:00,3755.0,3770.0,3750.0,3770.0,7709,0.0,0.0
2024-07-02 12:20:00+09:00,3770.0,3770.0,3750.0,3755.0,11717,0.0,0.0
2024-07-02 12:25:00+09:00,3755.0,3770.0,3750.0,3765.0,3824,0.0,0.0
2024-07-02 12:30:00+09:00,3755.0,3770.0,3745.0,3745.0,29494,0.0,0.0
2024-07-02 12:35:00+09:00,3745.0,3770.0,3740.0,3750.0,19288,0.0,0.0
2024-07-02 12:40:00+09:00,3750.0,3765.0,3740.0,3750.0,3878,0.0,0.0
2024-07-02 12:45:00+09:00,3745.0,3765.0,3745.0,3760.0,938,0.0,0.0
2024-07-02 12:50:00+09:00,3760.0,3765.0,3750.0,3760.0,3886,0.0,0.0
2024-07-02 12:55:00+09:00,3750.0,3760.0,3750.0,3760.0,3427,0.0,0.0
2024-07-02 13:00:00+09:00,3760.0,3760.0,3750.0,3760.0,1181,0.0,0.0
2024-07-02 13:05:00+09:00,3760.0,3765.0,3755.0,3765.0,4956,0.0,0.0
2024-07-02 13:10:00+09:00,3755.0,3760.0,3730.0,3730.0,21457,0.0,0.0
2024-07-02 13:15:00+09:00,3740.0,3760.0,3730.0,3745.0,5236,0.0,0.0
2024-07-02 13:20:00+09:00,3745.0,3755.0,3735.0,3740.0,5238,0.0,0.0
2024-07-02 13:25:00+09:00,3740.0,3740.0,3730.0,3740.0,2873,0.0,0.0
2024-07-02 13:30:00+09:00,3740.0,3755.0,3740.0,3745.0,1306,0.0,0.0
2024-07-02 13:35:00+09:00,3750.0,3750.0,3745.0,3745.0,4885,0.0,0.0
2024-07-02 13:40:00+09:00,3745.0,3750.0,3740.0,3740.0,6368,0.0,0.0
2024-07-02 13:45:00+09:00,3745.0,3760.0,3745.0,3760.0,6150,0.0,0.0
2024-07-02 13:50:00+09:00,3755.0,3770.0,3755.0,3765.0,11350,0.0,0.0
2024-07-02 13:55:00+09:00,3765.0,3775.0,3765.0,3770.0,6286,0.0,0.0
2024-07-02 14:00:00+09:00,3765.0,3775.0,3765.0,3775.0,2086,0.0,0.0
2024-07-02 14:05:00+09:00,3775.0,3775.0,3760.0,3760.0,7908,0.0,0.0
2024-07-02 14:10:00+09:00,3760.0,3775.0,3745.0,3765.0,12848,0.0,0.0
2024-07-02 14:15:00+09:00,3760.0,3765.0,3740.0,3760.0,3207,0.0,0.0
2024-07-02 14:20:00+09:00,3760.0,3765.0,3745.0,3750.0,3118,0.0,0.0
2024-07-02 14:25:00+09:00,3750.0,3760.0,3740.0,3745.0,10863,0.0,0.0
2024-07-02 14:30:00+09:00,3760.0,3765.0,3750.0,3765.0,4074,0.0,0.0
2024-07-02 14:35:00+09:00,3760.0,3765.0,3755.0,3760.0,3508,0.0,0.0
2024-07-02 14:40:00+09:00,3755.0,3765.0,3755.0,3760.0,9687,0.0,0.0
2024-07-02 14:45:00+09:00,3760.0,3760.0,3755.0,3760.0,5084,0.0,0.0
2024-07-02 14:50:00+09:00,3760.0,3780.0,3740.0,3775.0,32014,0.0,0.0
2024-07-02 14:55:00+09:00,3775.0,3775.0,3765.0,3765.0,1196,0.0,0.0
2024-07-03 09:00:00+09:00,3805.0,3830.0,3790.0,3825.0,71300,0.0,0.0
2024-07-03 09:05:00+09:00,3825.0,3835.0,3805.0,3815.0,30607,0.0,0.0
2024-07-03 09:10:00+09:00,3810.0,3810.0,3785.0,3800.0,44280,0.0,0.0
2024-07-03 09:15:00+09:00,3785.0,3805.0,3765.0,3795.0,23936,0.0,0.0
2024-07-03 09:20:00+09:00,3790.0,3800.0,3770.0,3780.0,27952,0.0,0.0
2024-07-03 09:25:00+09:00,3780.0,3785.0,3765.0,3775.0,6671,0.0,0.0
2024-07-03 09:30:00+09:00,3775.0,3780.0,3745.0,3750.0,21017,0.0,0.0
2024-07-03 09:35:00+09:00,3750.0,3780.0,3735.0,3735.0,13323,0.0,0.0
2024-07-03 09:40:00+09:00,3745.0,3745.0,3730.0,3740.0,15936,0.0,0.0
2024-07-03 09:45:00+09:00,3735.0,3735.0,3710.0,3715.0,28665,0.0,0.0
2024-07-03 09:50:00+09:00,3715.0,3715.0,3675.0,3695.0,59284,0.0,0.0
2024-07-03 09:55:00+09:00,3700.0,3730.0,3695.0,3715.0,25145,0.0,0.0
2024-07-03 10:00:00+09:00,3730.0,3730.0,3700.0,3705.0,19108,0.0,0.0
2024-07-03 10:05:00+09:00,3710.0,3750.0,3705.0,3725.0,17089,0.0,0.0
2024-07-03 10:10:00+09:00,3750.0,3750.0,3710.0,3720.0,21658,0.0,0.0
2024-07-03 10:15:00+09:00,3710.0,3730.0,3705.0,3720.0,5808,0.0,0.0
2024-07-03 10:20:00+09:00,3710.0,3720.0,3705.0,3720.0,3751,0.0,0.0
2024-07-03 10:25:00+09:00,3720.0,3720.0,3695.0,3705.0,6996,0.0,0.0
2024-07-03 10:30:00+09:00,3710.0,3710.0,3695.0,3700.0,13209,0.0,0.0
2024-07-03 10:35:00+09:00,3695.0,3715.0,3695.0,3715.0,3203,0.0,0.0
2024-07-03 10:40:00+09:00,3710.0,3715.0,3700.0,3715.0,3254,0.0,0.0
2024-07-03 10:45:00+09:00,3715.0,3725.0,3715.0,3720.0,1083,0.0,0.0
2024-07-03 10:50:00+09:00,3720.0,3720.0,3695.0,3705.0,10908,0.0,0.0
2024-07-03 10:55:00+09:00,3700.0,3710.0,3680.0,3685.0,28247,0.0,0.0
2024-07-03 11:00:00+09:00,3705.0,3720.0,3695.0,3720.0,1612,0.0,0.0
2024-07-03 11:05:00+09:00,3720.0,3720.0,3680.0,3705.0,22742,0.0,0.0
2024-07-03 11:10:00+09:00,3705.0,3715.0,3695.0,3700.0,1949,0.0,0.0
2024-07-03 11:15:00+09:00,3695.0,3700.0,3690.0,3690.0,3571,0.0,0.0
2024-07-03 11:20:00+09:00,3690.0,3720.0,3690.0,3720.0,3448,0.0,0.0
2024-07-03 11:25:00+09:00,3720.0,3725.0,3705.0,3720.0,743,0.0,0.0
2024-07-03 11:30:00+09:00,3720.0,3725.0,3705.0,3725.0,1884,0.0,0.0
2024-07-03 11:35:00+09:00,3725.0,3725.0,3710.0,3720.0,1618,0.0,0.0
2024-07-03 11:40:00+09:00,3710.0,3720.0,3710.0,3710.0,1216,0.0,0.0
2024-07-03 11:45:00+09:00,3715.0,3715.0,3705.0,3705.0,3034,0.0,0.0
2024-07-03 11:50:00+09:00,3710.0,3715.0,3705.0,3710.0,707,0.0,0.0
2024-07-03 11:55:00+09:00,3710.0,3710.0,3705.0,3710.0,2099,0.0,0.0
2024-07-03 12:00:00+09:00,3705.0,3710.0,3705.0,3705.0,1016,0.0,0.0
2024-07-03 12:05:00+09:00,3710.0,3710.0,3710.0,3710.0,1441,0.0,0.0
2024-07-03 12:10:00+09:00,3710.0,3710.0,3710.0,3710.0,151,0.0,0.0
2024-07-03 12:15:00+09:00,3710.0,3710.0,3700.0,3710.0,1869,0.0,0.0
2024-07-03 12:20:00+09:00,3710.0,3715.0,3705.0,3710.0,871,0.0,0.0
2024-07-03 12:25:00+09:00,3710.0,3710.0,3700.0,3700.0,7728,0.0,0.0
2024-07-03 12:30:00+09:00,3700.0,3705.0,3700.0,3700.0,1699,0.0,0.0
2024-07-03 12:35:00+09:00,3705.0,3705.0,3695.0,3700.0,4785,0.0,0.0
2024-07-03 12:40:00+09:00,3700.0,3705.0,3690.0,3705.0,6493,0.0,0.0
2024-07-03 12:45:00+09:00,3705.0,3710.0,3690.0,3700.0,2903,0.0,0.0
2024-07-03 12:50:00+09:00,3700.0,3700.0,3690.0,3695.0,1718,0.0,0.0
2024-07-03 12:55:00+09:00,3700.0,3700.0,3695.0,3695.0,2105,0.0,0.0
2024-07-03 13:00:00+09:00,3700.0,3705.0,3695.0,3695.0,6529,0.0,0.0
2024-07-03 13:05:00+09:00,3705.0,3705.0,3695.0,3695.0,387,0.0,0.0
2024-07-03 13:10:00+09:00,3700.0,3700.0,3695.0,3700.0,1932,0.0,0.0
2024-07-03 13:15:00+09:00,3700.0,3700.0,3690.0,3700.0,4416,0.0,0.0
2024-07-03 13:20:00+09:00,3700.0,3700.0,3695.0,3700.0,824,0.0,0.0
2024-07-03 13:25:00+09:00,3700.0,3705.0,3685.0,3685.0,17921,0.0,0.0
2024-07-03 13:30:00+09:00,3700.0,3700.0,3690.0,3690.0,4339,0.0,0.0
2024-07-03 13:35:00+09:00,3700.0,3700.0,3685.0,3700.0,7184,0.0,0.0
2024-07-03 13:40:00+09:00,3700.0,3700.0,3680.0,3695.0,4456,0.0,0.0
2024-07-03 13:45:00+09:00,3695.0,3695.0,3685.0,3695.0,1389,0.0,0.0
2024-07-03 13:50:00+09:00,3690.0,3695.0,3690.0,3695.0,6250,0.0,0.0
2024-07-03 13:55:00+09:00,3690.0,3700.0,3690.0,3700.0,9922,0.0,0.0
2024-07-03 14:00:00+09:00,3695.0,3755.0,3695.0,3745.0,48215,0.0,0.0
2024-07-03 14:05:00+09:00,3730.0,3755.0,3725.0,3755.0,23639,0.0,0.0
2024-07-03 14:10:00+09:00,3750.0,3755.0,3730.0,3730.0,4365,0.0,0.0
2024-07-03 14:15:00+09:00,3735.0,3750.0,3730.0,3730.0,8433,0.0,0.0
2024-07-03 14:20:00+09:00,3730.0,3745.0,3715.0,3715.0,8072,0.0,0.0
2024-07-03 14:25:00+09:00,3725.0,3745.0,3710.0,3720.0,10708,0.0,0.0
2024-07-03 14:30:00+09:00,3720.0,3740.0,3720.0,3740.0,6856,0.0,0.0
2024-07-03 14:35:00+09:00,3735.0,3760.0,3725.0,3745.0,33237,0.0,0.0
2024-07-03 14:40:00+09:00,3740.0,3815.0,3735.0,3770.0,74497,0.0,0.0
2024-07-03 14:45:00+09:00,3770.0,3780.0,3750.0,3750.0,16417,0.0,0.0
2024-07-03 14:50:00+09:00,3760.0,3760.0,3745.0,3750.0,11256,0.0,0.0
2024-07-03 14:55:00+09:00,3750.0,3780.0,3735.0,3760.0,14637,0.0,0.0
2024-07-04 09:00:00+09:00,3715.0,3750.0,3700.0,3735.0,34356,0.0,0.0
2024-07-04 09:05:00+09:00,3735.0,3745.0,3705.0,3705.0,15098,0.0,0.0
2024-07-04 09:10:00+09:00,3705.0,3720.0,3690.0,3700.0,25190,0.0,0.0
2024-07-04 09:15:00+09:00,3710.0,3715.0,3685.0,3690.0,33383,0.0,0.0
2024-07-04 09:20:00+09:00,3685.0,3695.0,3680.0,3695.0,34722,0.0,0.0
2024-07-04 09:25:00+09:00,3695.0,3720.0,3685.0,3710.0,17827,0.0,0.0
2024-07-04 09:30:00+09:00,3705.0,3705.0,3685.0,3705.0,10310,0.0,0.0
2024-07-04 09:35:00+09:00,3705.0,3705.0,3690.0,3700.0,6116,0.0,0.0
2024-07-04 09:40:00+09:00,3700.0,3700.0,3685.0,3695.0,16413,0.0,0.0
2024-07-04 09:45:00+09:00,3695.0,3695.0,3690.0,3690.0,8518,0.0,0.0
2024-07-04 09:50:00+09:00,3690.0,3695.0,3685.0,3690.0,8347,0.0,0.0
2024-07-04 09:55:00+09:00,3690.0,3695.0,3680.0,3685.0,34741,0.0,0.0
2024-07-04 10:00:00+09:00,3685.0,3690.0,3680.0,3685.0,5949,0.0,0.0
2024-07-04 10:05:00+09:00,3685.0,3685.0,3680.0,3685.0,2873,0.0,0.0
2024-07-04 10:10:00+09:00,3680.0,3690.0,3675.0,3690.0,16676,0.0,0.0
2024-07-04 10:15:00+09:00,3685.0,3685.0,3670.0,3675.0,14747,0.0,0.0
2024-07-04 10:20:00+09:00,3680.0,3680.0,3665.0,3675.0,13747,0.0,0.0
2024-07-04 10:25:00+09:00,3680.0,3680.0,3670.0,3680.0,917,0.0,0.0
2024-07-04 10:30:00+09:00,3680.0,3680.0,3670.0,3675.0,9738,0.0,0.0
2024-07-04 10:35:00+09:00,3675.0,3675.0,3665.0,3665.0,15513,0.0,0.0
2024-07-04 10:40:00+09:00,3675.0,3675.0,3665.0,3670.0,3021,0.0,0.0
2024-07-04 10:45:00+09:00,3670.0,3675.0,3670.0,3675.0,7214,0.0,0.0
2024-07-04 10:50:00+09:00,3670.0,3675.0,3665.0,3665.0,17316,0.0,0.0
2024-07-04 10:55:00+09:00,3665.0,3680.0,3665.0,3680.0,2662,0.0,0.0
2024-07-04 11:00:00+09:00,3675.0,3680.0,3665.0,3675.0,11808,0.0,0.0
2024-07-04 11:05:00+09:00,3675.0,3680.0,3665.0,3675.0,1571,0.0,0.0
2024-07-04 11:10:00+09:00,3670.0,3675.0,3665.0,3670.0,1057,0.0,0.0
2024-07-04 11:15:00+09:00,3665.0,3675.0,3665.0,3670.0,2926,0.0,0.0
2024-07-04 11:20:00+09:00,3665.0,3675.0,3660.0,3670.0,15473,0.0,0.0
2024-07-04 11:25:00+09:00,3665.0,3670.0,3655.0,3660.0,19519,0.0,0.0
2024-07-04 11:30:00+09:00,3665.0,3675.0,3660.0,3675.0,12026,0.0,0.0
2024-07-04 11:35:00+09:00,3670.0,3680.0,3660.0,3675.0,8878,0.0,0.0
2024-07-04 11:40:00+09:00,3670.0,3680.0,3660.0,3665.0,4329,0.0,0.0
2024-07-04 11:45:00+09:00,3665.0,3670.0,3660.0,3660.0,7287,0.0,0.0
2024-07-04 11:50:00+09:00,3660.0,3665.0,3650.0,3665.0,33267,0.0,0.0
2024-07-04 11:55:00+09:00,3650.0,3660.0,3645.0,3660.0,7493,0.0,0.0
2024-07-04 12:00:00+09:00,3660.0,3665.0,3655.0,3665.0,1361,0.0,0.0
2024-07-04 12:05:00+09:00,3665.0,3665.0,3660.0,3665.0,320,0.0,0.0
2024-07-04 12:10:00+09:00,3665.0,3665.0,3655.0,3655.0,3112,0.0,0.0
2024-07-04 12:15:00+09:00,3665.0,3665.0,3655.0,3655.0,1520,0.0,0.0
2024-07-04 12:20:00+09:00,3655.0,3665.0,3655.0,3665.0,2631,0.0,0.0
2024-07-04 12:25:00+09:00,3660.0,3665.0,3660.0,3660.0,1915,0.0,0.0
2024-07-04 12:30:00+09:00,3655.0,3660.0,3650.0,3650.0,15929,0.0,0.0
2024-07-04 12:35:00+09:00,3650.0,3665.0,3650.0,3665.0,6629,0.0,0.0
2024-07-04 12:40:00+09:00,3660.0,3670.0,3660.0,3670.0,948,0.0,0.0
2024-07-04 12:45:00+09:00,3660.0,3660.0,3650.0,3650.0,10551,0.0,0.0
2024-07-04 12:50:00+09:00,3660.0,3665.0,3650.0,3665.0,6277,0.0,0.0
2024-07-04 12:55:00+09:00,3660.0,3660.0,3655.0,3660.0,0,0.0,0.0
2024-07-04 13:00:00+09:00,3660.0,3660.0,3655.0,3660.0,174,0.0,0.0
2024-07-04 13:05:00+09:00,3655.0,3660.0,3650.0,3655.0,6788,0.0,0.0
2024-07-04 13:10:00+09:00,3650.0,3655.0,3650.0,3655.0,1604,0.0,0.0
2024-07-04 13:15:00+09:00,3650.0,3650.0,3645.0,3650.0,14695,0.0,0.0
2024-07-04 13:20:00+09:00,3645.0,3655.0,3640.0,3645.0,8928,0.0,0.0
2024-07-04 13:25:00+09:00,3645.0,3655.0,3645.0,3650.0,3745,0.0,0.0
2024-07-04 13:30:00+09:00,3655.0,3660.0,3650.0,3660.0,5278,0.0,0.0
2024-07-04 13:35:00+09:00,3660.0,3670.0,3660.0,3670.0,3812,0.0,0.0
2024-07-04 13:40:00+09:00,3660.0,3670.0,3660.0,3660.0,1750,0.0,0.0
2024-07-04 13:45:00+09:00,3660.0,3660.0,3650.0,3660.0,8494,0.0,0.0
2024-07-04 13:50:00+09:00,3660.0,3660.0,3650.0,3660.0,51,0.0,0.0
2024-07-04 13:55:00+09:00,3660.0,3670.0,3655.0,3660.0,5510,0.0,0.0
2024-07-04 14:00:00+09:00,3655.0,3660.0,3650.0,3650.0,8693,0.0,0.0
2024-07-04 14:05:00+09:00,3650.0,3655.0,3645.0,3650.0,15340,0.0,0.0
2024-07-04 14:10:00+09:00,3650.0,3650.0,3645.0,3650.0,2505,0.0,0.0
2024-07-04 14:15:00+09:00,3645.0,3665.0,3645.0,3660.0,5178,0.0,0.0
2024-07-04 14:20:00+09:00,3660.0,3660.0,3650.0,3655.0,3164,0.0,0.0
2024-07-04 14:25:00+09:00,3655.0,3655.0,3645.0,3650.0,6123,0.0,0.0
2024-07-04 14:30:00+09:00,3650.0,3655.0,3645.0,3650.0,12529,0.0,0.0
2024-07-04 14:35:00+09:00,3650.0,3655.0,3645.0,3655.0,6300,0.0,0.0
2024-07-04 14:40:00+09:00,3655.0,3660.0,3645.0,3650.0,11469,0.0,0.0
2024-07-04 14:45:00+09:00,3645.0,3650.0,3640.0,3645.0,12700,0.0,0.0
2024-07-04 14:50:00+09:00,3640.0,3655.0,3640.0,3650.0,9805,0.0,0.0
2024-07-04 14:55:00+09:00,3645.0,3650.0,3640.0,3640.0,23626,0.0,0.0
2024-07-05 09:00:00+09:00,3585.0,3585.0,3525.0,3525.0,94328,0.0,0.0
2024-07-05 09:05:00+09:00,3530.0,3570.0,3525.0,3550.0,70583,0.0,0.0
2024-07-05 09:10:00+09:00,3545.0,3555.0,3525.0,3545.0,13988,0.0,0.0
2024-07-05 09:15:00+09:00,3545.0,3545.0,3530.0,3540.0,23313,0.0,0.0
2024-07-05 09:20:00+09:00,3535.0,3545.0,3525.0,3535.0,33740,0.0,0.0
2024-07-05 09:25:00+09:00,3550.0,3555.0,3535.0,3555.0,11208,0.0,0.0
2024-07-05 09:30:00+09:00,3550.0,3555.0,3540.0,3540.0,17869,0.0,0.0
2024-07-05 09:35:00+09:00,3550.0,3555.0,3535.0,3540.0,15458,0.0,0.0
2024-07-05 09:40:00+09:00,3540.0,3555.0,3530.0,3550.0,26861,0.0,0.0
2024-07-05 09:45:00+09:00,3555.0,3565.0,3555.0,3555.0,12211,0.0,0.0
2024-07-05 09:50:00+09:00,3555.0,3560.0,3535.0,3535.0,9815,0.0,0.0
2024-07-05 09:55:00+09:00,3525.0,3545.0,3525.0,3545.0,16235,0.0,0.0
2024-07-05 10:00:00+09:00,3545.0,3545.0,3520.0,3535.0,34719,0.0,0.0
2024-07-05 10:05:00+09:00,3535.0,3535.0,3510.0,3510.0,42293,0.0,0.0
2024-07-05 10:10:00+09:00,3530.0,3530.0,3505.0,3520.0,22854,0.0,0.0
2024-07-05 10:15:00+09:00,3520.0,3525.0,3510.0,3515.0,23038,0.0,0.0
2024-07-05 10:20:00+09:00,3510.0,3520.0,3505.0,3505.0,37817,0.0,0.0
2024-07-05 10:25:00+09:00,3505.0,3505.0,3495.0,3500.0,48800,0.0,0.0
2024-07-05 10:30:00+09:00,3500.0,3505.0,3490.0,3500.0,20038,0.0,0.0
2024-07-05 10:35:00+09:00,3500.0,3505.0,3485.0,3490.0,20687,0.0,0.0
2024-07-05 10:40:00+09:00,3490.0,3505.0,3480.0,3505.0,18340,0.0,0.0
2024-07-05 10:45:00+09:00,3505.0,3510.0,3500.0,3510.0,2532,0.0,0.0
2024-07-05 10:50:00+09:00,3505.0,3510.0,3495.0,3500.0,8263,0.0,0.0
2024-07-05 10:55:00+09:00,3500.0,3510.0,3495.0,3500.0,4898,0.0,0.0
2024-07-05 11:00:00+09:00,3500.0,3505.0,3500.0,3505.0,2467,0.0,0.0
2024-07-05 11:05:00+09:00,3505.0,3505.0,3490.0,3500.0,15293,0.0,0.0
2024-07-05 11:10:00+09:00,3500.0,3505.0,3495.0,3505.0,5409,0.0,0.0
2024-07-05 11:15:00+09:00,3505.0,3510.0,3495.0,3495.0,7975,0.0,0.0
2024-07-05 11:20:00+09:00,3510.0,3510.0,3495.0,3510.0,4608,0.0,0.0
2024-07-05 11:25:00+09:00,3505.0,3505.0,3495.0,3505.0,1258,0.0,0.0
2024-07-05 11:30:00+09:00,3500.0,3505.0,3495.0,3495.0,8941,0.0,0.0
2024-07-05 11:35:00+09:00,3500.0,3505.0,3490.0,3505.0,17537,0.0,0.0
2024-07-05 11:40:00+09:00,3505.0,3510.0,3500.0,3510.0,12271,0.0,0.0
2024-07-05 11:45:00+09:00,3505.0,3510.0,3505.0,3505.0,4448,0.0,0.0
2024-07-05 11:50:00+09:00,3510.0,3520.0,3505.0,3515.0,2900,0.0,0.0
2024-07-05 11:55:00+09:00,3515.0,3515.0,3510.0,3515.0,1867,0.0,0.0
2024-07-05 12:00:00+09:00,3515.0,3515.0,3510.0,3510.0,5680,0.0,0.0
2024-07-05 12:05:00+09:00,3510.0,3515.0,3510.0,3515.0,922,0.0,0.0
2024-07-05 12:10:00+09:00,3510.0,3515.0,3510.0,3510.0,4086,0.0,0.0
2024-07-05 12:15:00+09:00,3510.0,3515.0,3510.0,3515.0,0,0.0,0.0
2024-07-05 12:20:00+09:00,3505.0,3505.0,3505.0,3505.0,38637,0.0,0.0
2024-07-05 12:25:00+09:00,3505.0,3515.0,3505.0,3505.0,7013,0.0,0.0
2024-07-05 12:30:00+09:00,3505.0,3505.0,3495.0,3495.0,5627,0.0,0.0
2024-07-05 12:35:00+09:00,3505.0,3505.0,3495.0,3500.0,2868,0.0,0.0
2024-07-05 12:40:00+09:00,3500.0,3505.0,3495.0,3495.0,10585,0.0,0.0
2024-07-05 12:45:00+09:00,3495.0,3500.0,3480.0,3495.0,54776,0.0,0.0
2024-07-05 12:50:00+09:00,3495.0,3500.0,3485.0,3490.0,4933,0.0,0.0
2024-07-05 12:55:00+09:00,3500.0,3500.0,3490.0,3495.0,3403,0.0,0.0
2024-07-05 13:00:00+09:00,3495.0,3495.0,3485.0,3495.0,3661,0.0,0.0
2024-07-05 13:05:00+09:00,3495.0,3495.0,3485.0,3485.0,898,0.0,0.0
2024-07-05 13:10:00+09:00,3490.0,3500.0,3490.0,3495.0,6992,0.0,0.0
2024-07-05 13:15:00+09:00,3495.0,3500.0,3485.0,3490.0,4240,0.0,0.0
2024-07-05 13:20:00+09:00,3500.0,3505.0,3490.0,3500.0,7393,0.0,0.0
2024-07-05 13:25:00+09:00,3495.0,3505.0,3495.0,3505.0,4921,0.0,0.0
2024-07-05 13:30:00+09:00,3495.0,3505.0,3495.0,3505.0,2582,0.0,0.0
2024-07-05 13:35:00+09:00,3505.0,3505.0,3495.0,3500.0,6817,0.0,0.0
2024-07-05 13:40:00+09:00,3500.0,3505.0,3500.0,3505.0,618,0.0,0.0
2024-07-05 13:45:00+09:00,3500.0,3500.0,3495.0,3500.0,7501,0.0,0.0
2024-07-05 13:50:00+09:00,3495.0,3500.0,3495.0,3495.0,3922,0.0,0.0
2024-07-05 13:55:00+09:00,3495.0,3500.0,3490.0,3495.0,4085,0.0,0.0
2024-07-05 14:00:00+09:00,3495.0,3500.0,3490.0,3490.0,19385,0.0,0.0
2024-07-05 14:05:00+09:00,3490.0,3495.0,3490.0,3490.0,3917,0.0,0.0
2024-07-05 14:10:00+09:00,3490.0,3495.0,3485.0,3490.0,2597,0.0,0.0
2024-07-05 14:15:00+09:00,3485.0,3490.0,3485.0,3490.0,9079,0.0,0.0
2024-07-05 14:20:00+09:00,3490.0,3490.0,3485.0,3485.0,11596,0.0,0.0
2024-07-05 14:25:00+09:00,3485.0,3485.0,3480.0,3485.0,7310,0.0,0.0
2024-07-05 14:30:00+09:00,3485.0,3490.0,3485.0,3490.0,2857,0.0,0.0
2024-07-05 14:35:00+09:00,3485.0,3490.0,3485.0,3485.0,6556,0.0,0.0
2024-07-05 14:40:00+09:00,3490.0,3490.0,3485.0,3485.0,2111,0.0,0.0
2024-07-05 14:45:00+09:00,3490.0,3500.0,3485.0,3500.0,13423,0.0,0.0
2024-07-05 14:50:00+09:00,3490.0,3500.0,3490.0,3490.0,5127,0.0,0.0
2024-07-05 14:55:00+09:00,3500.0,3500.0,3490.0,3495.0,6454,0.0,0.0
