Datetime,Open,High,Low,Close,Volume,Dividends,Stock Splits
2024-06-07 09:00:00+09:00,2995.0,2995.0,2995.0,2995.0,0,0.0,0.0
2024-06-07 09:05:00+09:00,2995.0,2995.0,2995.0,2995.0,140,0.0,0.0
2024-06-07 09:10:00+09:00,2995.0,2995.0,2990.0,2990.0,34,0.0,0.0
2024-06-07 09:15:00+09:00,2995.0,2995.0,2990.0,2990.0,45,0.0,0.0
2024-06-07 09:20:00+09:00,2990.0,2990.0,2990.0,2990.0,314,0.0,0.0
2024-06-07 09:35:00+09:00,2990.0,2990.0,2990.0,2990.0,3,0.0,0.0
2024-06-07 09:40:00+09:00,2990.0,2990.0,2990.0,2990.0,38,0.0,0.0
2024-06-07 09:45:00+09:00,2985.0,2985.0,2985.0,2985.0,184,0.0,0.0
2024-06-07 09:50:00+09:00,2985.0,2985.0,2985.0,2985.0,0,0.0,0.0
2024-06-07 09:55:00+09:00,2985.0,2985.0,2985.0,2985.0,116,0.0,0.0
2024-06-07 10:00:00+09:00,2985.0,2985.0,2985.0,2985.0,134,0.0,0.0
2024-06-07 10:05:00+09:00,2985.0,2985.0,2985.0,2985.0,4,0.0,0.0
2024-06-07 10:10:00+09:00,2980.0,2980.0,2980.0,2980.0,364,0.0,0.0
2024-06-07 10:30:00+09:00,2985.0,2985.0,2985.0,2985.0,199,0.0,0.0
2024-06-07 10:35:00+09:00,2985.0,2990.0,2985.0,2990.0,126,0.0,0.0
2024-06-07 10:45:00+09:00,2985.0,2990.0,2985.0,2990.0,40,0.0,0.0
2024-06-07 10:50:00+09:00,2995.0,2995.0,2985.0,2990.0,70,0.0,0.0
2024-06-07 11:05:00+09:00,2985.0,2990.0,2985.0,2985.0,15,0.0,0.0
2024-06-07 11:40:00+09:00,2985.0,2990.0,2985.0,2990.0,65,0.0,0.0
2024-06-07 11:50:00+09:00,2980.0,2980.0,2980.0,2980.0,132,0.0,0.0
2024-06-07 12:05:00+09:00,2980.0,2980.0,2980.0,2980.0,0,0.0,0.0
2024-06-07 12:30:00+09:00,2980.0,2980.0,2970.0,2970.0,1286,0.0,0.0
2024-06-07 12:35:00+09:00,2970.0,2970.0,2970.0,2970.0,0,0.0,0.0
2024-06-07 12:55:00+09:00,2970.0,2970.0,2965.0,2965.0,1276,0.0,0.0
2024-06-07 13:00:00+09:00,2965.0,2965.0,2965.0,2965.0,0,0.0,0.0
2024-06-07 13:10:00+09:00,2965.0,2965.0,2965.0,2965.0,0,0.0,0.0
2024-06-07 13:20:00+09:00,2970.0,2970.0,2965.0,2965.0,88,0.0,0.0
2024-06-07 13:30:00+09:00,2965.0,2965.0,2965.0,2965.0,20,0.0,0.0
2024-06-07 13:35:00+09:00,2965.0,2965.0,2965.0,2965.0,0,0.0,0.0
2024-06-07 13:45:00+09:00,2965.0,2965.0,2965.0,2965.0,2265,0.0,0.0
2024-06-07 13:50:00+09:00,2965.0,2975.0,2960.0,2975.0,0,0.0,0.0
2024-06-07 14:00:00+09:00,2980.0,2980.0,2980.0,2980.0,0,0.0,0.0
2024-06-07 14:15:00+09:00,2975.0,2975.0,2975.0,2975.0,19,0.0,0.0
2024-06-07 14:25:00+09:00,2970.0,2975.0,2970.0,2975.0,270,0.0,0.0
2024-06-07 14:30:00+09:00,2975.0,2975.0,2975.0,2975.0,35,0.0,0.0
2024-06-07 14:45:00+09:00,2970.0,2970.0,2970.0,2970.0,0,0.0,0.0
2024-06-07 14:50:00+09:00,2970.0,2970.0,2970.0,2970.0,2,0.0,0.0
2024-06-10 09:00:00+09:00,2960.0,2960.0,2945.0,2945.0,0,0.0,0.0
2024-06-10 09:05:00+09:00,2945.0,2960.0,2945.0,2960.0,209,0.0,0.0
2024-06-10 09:10:00+09:00,2960.0,2960.0,2955.0,2955.0,3,0.0,0.0
2024-06-10 09:20:00+09:00,2950.0,2950.0,2950.0,2950.0,19,0.0,0.0
2024-06-10 09:25:00+09:00,2955.0,2955.0,2955.0,2955.0,11,0.0,0.0
2024-06-10 09:30:00+09:00,2950.0,2955.0,2950.0,2955.0,473,0.0,0.0
2024-06-10 09:35:00+09:00,2955.0,2955.0,2955.0,2955.0,0,0.0,0.0
2024-06-10 09:50:00+09:00,2950.0,2955.0,2950.0,2955.0,0,0.0,0.0
2024-06-10 09:55:00+09:00,2955.0,2955.0,2950.0,2950.0,180,0.0,0.0
2024-06-10 10:00:00+09:00,2955.0,2960.0,2955.0,2960.0,0,0.0,0.0
2024-06-10 10:05:00+09:00,2960.0,2960.0,2960.0,2960.0,41,0.0,0.0
2024-06-10 10:10:00+09:00,2960.0,2960.0,2960.0,2960.0,7,0.0,0.0
2024-06-10 10:15:00+09:00,2960.0,2960.0,2955.0,2955.0,117,0.0,0.0
2024-06-10 10:20:00+09:00,2955.0,2955.0,2950.0,2950.0,2936,0.0,0.0
2024-06-10 10:25:00+09:00,2950.0,2950.0,2950.0,2950.0,289,0.0,0.0
2024-06-10 10:30:00+09:00,2955.0,2955.0,2955.0,2955.0,0,0.0,0.0
2024-06-10 10:35:00+09:00,2955.0,2955.0,2955.0,2955.0,5,0.0,0.0
2024-06-10 10:40:00+09:00,2955.0,2955.0,2955.0,2955.0,6,0.0,0.0
2024-06-10 10:45:00+09:00,2955.0,2955.0,2955.0,2955.0,0,0.0,0.0
2024-06-10 10:55:00+09:00,2950.0,2965.0,2950.0,2965.0,15107,0.0,0.0
2024-06-10 11:00:00+09:00,2965.0,2980.0,2965.0,2980.0,16844,0.0,0.0
2024-06-10 11:15:00+09:00,2965.0,2965.0,2965.0,2965.0,7,0.0,0.0
2024-06-10 11:30:00+09:00,2970.0,2970.0,2970.0,2970.0,0,0.0,0.0
2024-06-10 11:35:00+09:00,2970.0,2990.0,2970.0,2990.0,368,0.0,0.0
2024-06-10 11:40:00+09:00,2980.0,2985.0,2980.0,2985.0,2,0.0,0.0
2024-06-10 11:45:00+09:00,2980.0,2990.0,2980.0,2990.0,53,0.0,0.0
2024-06-10 11:50:00+09:00,2975.0,2975.0,2970.0,2975.0,2,0.0,0.0
2024-06-10 12:00:00+09:00,2975.0,2975.0,2965.0,2965.0,814,0.0,0.0
2024-06-10 12:15:00+09:00,2970.0,2970.0,2955.0,2955.0,12692,0.0,0.0
2024-06-10 12:35:00+09:00,2955.0,2955.0,2940.0,2945.0,1191,0.0,0.0
2024-06-10 12:40:00+09:00,2955.0,2965.0,2955.0,2965.0,0,0.0,0.0
2024-06-10 12:50:00+09:00,2955.0,2965.0,2955.0,2965.0,9,0.0,0.0
2024-06-10 13:05:00+09:00,2955.0,2955.0,2955.0,2955.0,5,0.0,0.0
2024-06-10 13:20:00+09:00,2960.0,2965.0,2960.0,2960.0,47,0.0,0.0
2024-06-10 13:25:00+09:00,2960.0,2960.0,2960.0,2960.0,59,0.0,0.0
2024-06-10 13:40:00+09:00,2960.0,2960.0,2960.0,2960.0,79,0.0,0.0
2024-06-10 13:55:00+09:00,2960.0,2960.0,2960.0,2960.0,44,0.0,0.0
2024-06-10 14:00:00+09:00,2960.0,2960.0,2960.0,2960.0,1991,0.0,0.0
2024-06-10 14:05:00+09:00,2960.0,2960.0,2960.0,2960.0,1009,0.0,0.0
2024-06-10 14:10:00+09:00,2965.0,2965.0,2965.0,2965.0,0,0.0,0.0
2024-06-10 14:45:00+09:00,2975.0,2975.0,2970.0,2970.0,0,0.0,0.0
2024-06-10 14:55:00+09:00,2970.0,2970.0,2965.0,2965.0,105,0.0,0.0
2024-06-11 09:00:00+09:00,2990.0,2990.0,2975.0,2990.0,627,0.0,0.0
2024-06-11 09:05:00+09:00,2975.0,2990.0,2975.0,2990.0,113,0.0,0.0
2024-06-11 09:10:00+09:00,2985.0,2990.0,2985.0,2990.0,303,0.0,0.0
2024-06-11 09:15:00+09:00,2980.0,2980.0,2980.0,2980.0,2,0.0,0.0
2024-06-11 09:25:00+09:00,2980.0,2980.0,2975.0,2980.0,0,0.0,0.0
2024-06-11 09:30:00+09:00,2975.0,2975.0,2975.0,2975.0,246,0.0,0.0
2024-06-11 09:35:00+09:00,2980.0,2980.0,2980.0,2980.0,0,0.0,0.0
2024-06-11 09:40:00+09:00,2970.0,2970.0,2970.0,2970.0,123,0.0,0.0
2024-06-11 09:50:00+09:00,2980.0,2980.0,2980.0,2980.0,244,0.0,0.0
2024-06-11 09:55:00+09:00,2980.0,2980.0,2980.0,2980.0,5,0.0,0.0
2024-06-11 10:00:00+09:00,2980.0,2980.0,2980.0,2980.0,33,0.0,0.0
2024-06-11 10:05:00+09:00,2975.0,2975.0,2975.0,2975.0,1,0.0,0.0
2024-06-11 10:10:00+09:00,2980.0,2980.0,2980.0,2980.0,1,0.0,0.0
2024-06-11 10:20:00+09:00,2975.0,2975.0,2970.0,2970.0,247,0.0,0.0
2024-06-11 10:25:00+09:00,2975.0,3000.0,2975.0,3000.0,1777,0.0,0.0
2024-06-11 10:30:00+09:00,2980.0,2980.0,2980.0,2980.0,0,0.0,0.0
2024-06-11 10:35:00+09:00,2980.0,2995.0,2980.0,2995.0,12,0.0,0.0
2024-06-11 10:55:00+09:00,2975.0,2975.0,2975.0,2975.0,0,0.0,0.0
2024-06-11 11:05:00+09:00,2975.0,2975.0,2975.0,2975.0,959,0.0,0.0
2024-06-11 11:15:00+09:00,2975.0,2975.0,2975.0,2975.0,0,0.0,0.0
2024-06-11 11:20:00+09:00,2970.0,2970.0,2970.0,2970.0,430,0.0,0.0
2024-06-11 11:25:00+09:00,2975.0,2975.0,2975.0,2975.0,8,0.0,0.0
2024-06-11 11:30:00+09:00,2975.0,2975.0,2975.0,2975.0,96,0.0,0.0
2024-06-11 11:40:00+09:00,2970.0,2970.0,2970.0,2970.0,150,0.0,0.0
2024-06-11 11:55:00+09:00,2970.0,2970.0,2970.0,2970.0,0,0.0,0.0
2024-06-11 12:00:00+09:00,2970.0,2970.0,2970.0,2970.0,373,0.0,0.0
2024-06-11 12:40:00+09:00,2970.0,2970.0,2970.0,2970.0,12,0.0,0.0
2024-06-11 12:45:00+09:00,2970.0,2970.0,2965.0,2965.0,661,0.0,0.0
2024-06-11 12:50:00+09:00,2970.0,2970.0,2970.0,2970.0,17,0.0,0.0
2024-06-11 12:55:00+09:00,2965.0,2965.0,2965.0,2965.0,590,0.0,0.0
2024-06-11 13:00:00+09:00,2970.0,2970.0,2970.0,2970.0,0,0.0,0.0
2024-06-11 13:15:00+09:00,2965.0,2965.0,2955.0,2955.0,3423,0.0,0.0
2024-06-11 13:25:00+09:00,2955.0,2955.0,2955.0,2955.0,0,0.0,0.0
2024-06-11 13:35:00+09:00,2955.0,2960.0,2945.0,2960.0,2359,0.0,0.0
2024-06-11 13:40:00+09:00,2945.0,2945.0,2945.0,2945.0,3,0.0,0.0
2024-06-11 13:45:00+09:00,2955.0,2955.0,2955.0,2955.0,156,0.0,0.0
2024-06-11 13:55:00+09:00,2960.0,2970.0,2960.0,2970.0,1376,0.0,0.0
2024-06-11 14:00:00+09:00,2965.0,2965.0,2965.0,2965.0,5,0.0,0.0
2024-06-12 09:00:00+09:00,2960.0,2965.0,2960.0,2965.0,106,0.0,0.0
2024-06-12 09:05:00+09:00,2965.0,2965.0,2965.0,2965.0,1,0.0,0.0
2024-06-12 09:10:00+09:00,2965.0,2965.0,2960.0,2965.0,4,0.0,0.0
2024-06-12 09:15:00+09:00,2965.0,2970.0,2955.0,2965.0,571,0.0,0.0
2024-06-12 09:40:00+09:00,2965.0,2970.0,2965.0,2970.0,173,0.0,0.0
2024-06-12 09:45:00+09:00,2970.0,2975.0,2965.0,2965.0,218,0.0,0.0
2024-06-12 09:50:00+09:00,2965.0,2965.0,2965.0,2965.0,0,0.0,0.0
2024-06-12 09:55:00+09:00,2965.0,2970.0,2965.0,2970.0,151,0.0,0.0
2024-06-12 10:00:00+09:00,2970.0,2970.0,2970.0,2970.0,1,0.0,0.0
2024-06-12 10:15:00+09:00,2970.0,2970.0,2970.0,2970.0,14,0.0,0.0
2024-06-12 10:25:00+09:00,2970.0,2970.0,2970.0,2970.0,3,0.0,0.0
2024-06-12 10:35:00+09:00,2970.0,2970.0,2970.0,2970.0,998,0.0,0.0
2024-06-12 10:45:00+09:00,2965.0,2965.0,2965.0,2965.0,0,0.0,0.0
2024-06-12 10:55:00+09:00,2965.0,2965.0,2965.0,2965.0,8,0.0,0.0
2024-06-12 11:00:00+09:00,2965.0,2965.0,2965.0,2965.0,1371,0.0,0.0
2024-06-12 11:20:00+09:00,2970.0,2970.0,2960.0,2960.0,202,0.0,0.0
2024-06-12 11:25:00+09:00,2970.0,2970.0,2970.0,2970.0,51,0.0,0.0
2024-06-12 11:30:00+09:00,2960.0,2960.0,2945.0,2945.0,5405,0.0,0.0
2024-06-12 11:35:00+09:00,2950.0,2950.0,2950.0,2950.0,0,0.0,0.0
2024-06-12 11:40:00+09:00,2950.0,2950.0,2950.0,2950.0,26,0.0,0.0
2024-06-12 11:45:00+09:00,2950.0,2950.0,2945.0,2945.0,0,0.0,0.0
2024-06-12 11:50:00+09:00,2950.0,2960.0,2950.0,2960.0,227,0.0,0.0
2024-06-12 11:55:00+09:00,2950.0,2950.0,2950.0,2950.0,0,0.0,0.0
2024-06-12 12:00:00+09:00,2950.0,2950.0,2950.0,2950.0,315,0.0,0.0
2024-06-12 12:05:00+09:00,2955.0,2955.0,2955.0,2955.0,0,0.0,0.0
2024-06-12 12:10:00+09:00,2955.0,2955.0,2955.0,2955.0,38,0.0,0.0
2024-06-12 12:20:00+09:00,2955.0,2955.0,2955.0,2955.0,0,0.0,0.0
2024-06-12 12:25:00+09:00,2955.0,2955.0,2955.0,2955.0,199,0.0,0.0
2024-06-12 12:30:00+09:00,2955.0,2955.0,2955.0,2955.0,111,0.0,0.0
2024-06-12 12:35:00+09:00,2955.0,2960.0,2955.0,2960.0,110,0.0,0.0
2024-06-12 12:40:00+09:00,2960.0,2960.0,2960.0,2960.0,10,0.0,0.0
2024-06-12 13:05:00+09:00,2960.0,2960.0,2960.0,2960.0,30,0.0,0.0
2024-06-12 13:20:00+09:00,2960.0,2960.0,2960.0,2960.0,180,0.0,0.0
2024-06-12 13:25:00+09:00,2955.0,2960.0,2955.0,2960.0,22,0.0,0.0
2024-06-12 13:30:00+09:00,2960.0,2960.0,2960.0,2960.0,155,0.0,0.0
2024-06-12 13:45:00+09:00,2950.0,2955.0,2950.0,2950.0,0,0.0,0.0
2024-06-12 13:50:00+09:00,2950.0,2955.0,2950.0,2950.0,52,0.0,0.0
2024-06-12 14:00:00+09:00,2950.0,2955.0,2945.0,2945.0,1307,0.0,0.0
2024-06-12 14:05:00+09:00,2945.0,2955.0,2945.0,2945.0,46,0.0,0.0
2024-06-12 14:10:00+09:00,2955.0,2955.0,2945.0,2945.0,41,0.0,0.0
2024-06-12 14:15:00+09:00,2955.0,2955.0,2945.0,2945.0,58,0.0,0.0
2024-06-12 14:25:00+09:00,2945.0,2945.0,2945.0,2945.0,671,0.0,0.0
2024-06-12 14:35:00+09:00,2950.0,2950.0,2950.0,2950.0,0,0.0,0.0
2024-06-12 14:45:00+09:00,2950.0,2950.0,2950.0,2950.0,499,0.0,0.0
2024-06-13 09:00:00+09:00,2970.0,2970.0,2970.0,2970.0,29,0.0,0.0
2024-06-13 09:10:00+09:00,2965.0,2970.0,2965.0,2970.0,12,0.0,0.0
2024-06-13 09:15:00+09:00,2970.0,2980.0,2970.0,2980.0,325,0.0,0.0
2024-06-13 09:20:00+09:00,2975.0,2975.0,2975.0,2975.0,0,0.0,0.0
2024-06-13 09:25:00+09:00,2970.0,2970.0,2960.0,2965.0,43,0.0,0.0
2024-06-13 09:30:00+09:00,2965.0,2965.0,2965.0,2965.0,216,0.0,0.0
2024-06-13 09:35:00+09:00,2975.0,2975.0,2965.0,2975.0,12,0.0,0.0
2024-06-13 09:40:00+09:00,2965.0,2970.0,2965.0,2970.0,99,0.0,0.0
2024-06-13 09:50:00+09:00,2970.0,2970.0,2970.0,2970.0,5,0.0,0.0
2024-06-13 09:55:00+09:00,2970.0,2970.0,2960.0,2965.0,473,0.0,0.0
2024-06-13 10:00:00+09:00,2965.0,2965.0,2960.0,2960.0,0,0.0,0.0
2024-06-13 10:05:00+09:00,2965.0,2965.0,2965.0,2965.0,1,0.0,0.0
2024-06-13 10:10:00+09:00,2965.0,2970.0,2965.0,2965.0,324,0.0,0.0
2024-06-13 10:15:00+09:00,2970.0,2970.0,2960.0,2965.0,917,0.0,0.0
2024-06-13 10:25:00+09:00,2960.0,2960.0,2960.0,2960.0,17,0.0,0.0
2024-06-13 10:30:00+09:00,2965.0,2965.0,2965.0,2965.0,0,0.0,0.0
2024-06-13 10:40:00+09:00,2965.0,2970.0,2965.0,2970.0,192,0.0,0.0
2024-06-13 10:50:00+09:00,2970.0,2970.0,2970.0,2970.0,4,0.0,0.0
2024-06-13 10:55:00+09:00,2970.0,2970.0,2965.0,2965.0,1005,0.0,0.0
2024-06-13 11:40:00+09:00,2970.0,2970.0,2940.0,2940.0,9963,0.0,0.0
2024-06-13 11:45:00+09:00,2945.0,2945.0,2940.0,2940.0,3596,0.0,0.0
2024-06-13 11:50:00+09:00,2945.0,2945.0,2940.0,2940.0,94,0.0,0.0
2024-06-13 12:05:00+09:00,2945.0,2945.0,2945.0,2945.0,411,0.0,0.0
2024-06-13 12:10:00+09:00,2945.0,2945.0,2940.0,2940.0,267,0.0,0.0
2024-06-13 12:20:00+09:00,2940.0,2940.0,2940.0,2940.0,0,0.0,0.0
2024-06-13 12:25:00+09:00,2940.0,2940.0,2940.0,2940.0,0,0.0,0.0
2024-06-13 12:30:00+09:00,2945.0,2945.0,2945.0,2945.0,428,0.0,0.0
2024-06-13 12:35:00+09:00,2940.0,2940.0,2940.0,2940.0,181,0.0,0.0
2024-06-13 12:40:00+09:00,2940.0,2945.0,2940.0,2945.0,10,0.0,0.0
2024-06-13 12:45:00+09:00,2940.0,2940.0,2940.0,2940.0,44,0.0,0.0
2024-06-13 12:50:00+09:00,2945.0,2945.0,2945.0,2945.0,25,0.0,0.0
2024-06-13 12:55:00+09:00,2945.0,2945.0,2945.0,2945.0,9,0.0,0.0
2024-06-13 13:10:00+09:00,2940.0,2945.0,2940.0,2945.0,12,0.0,0.0
2024-06-13 13:15:00+09:00,2940.0,2945.0,2940.0,2945.0,22,0.0,0.0
2024-06-13 13:20:00+09:00,2945.0,2945.0,2945.0,2945.0,10,0.0,0.0
2024-06-13 13:25:00+09:00,2945.0,2945.0,2945.0,2945.0,194,0.0,0.0
2024-06-13 13:35:00+09:00,2945.0,2945.0,2945.0,2945.0,898,0.0,0.0
2024-06-13 13:45:00+09:00,2945.0,2945.0,2945.0,2945.0,0,0.0,0.0
2024-06-13 13:50:00+09:00,2950.0,2950.0,2950.0,2950.0,0,0.0,0.0
2024-06-13 13:55:00+09:00,2950.0,2955.0,2950.0,2955.0,206,0.0,0.0
2024-06-13 14:00:00+09:00,2955.0,2955.0,2955.0,2955.0,1999,0.0,0.0
2024-06-13 14:05:00+09:00,2955.0,2955.0,2955.0,2955.0,0,0.0,0.0
2024-06-13 14:55:00+09:00,2955.0,2955.0,2955.0,2955.0,203,0.0,0.0
2024-06-14 09:00:00+09:00,2950.0,2955.0,2950.0,2955.0,166,0.0,0.0
2024-06-14 09:05:00+09:00,2955.0,2955.0,2950.0,2955.0,11,0.0,0.0
2024-06-14 09:15:00+09:00,2945.0,2955.0,2945.0,2955.0,13,0.0,0.0
2024-06-14 09:25:00+09:00,2950.0,2955.0,2945.0,2955.0,90,0.0,0.0
2024-06-14 09:35:00+09:00,2955.0,2955.0,2955.0,2955.0,19,0.0,0.0
2024-06-14 09:40:00+09:00,2950.0,2950.0,2950.0,2950.0,0,0.0,0.0
2024-06-14 09:45:00+09:00,2955.0,2955.0,2955.0,2955.0,1,0.0,0.0
2024-06-14 09:50:00+09:00,2955.0,2955.0,2955.0,2955.0,1,0.0,0.0
2024-06-14 09:55:00+09:00,2955.0,2955.0,2955.0,2955.0,67,0.0,0.0
2024-06-14 10:00:00+09:00,2955.0,2955.0,2955.0,2955.0,28,0.0,0.0
2024-06-14 10:15:00+09:00,2955.0,2955.0,2955.0,2955.0,119,0.0,0.0
2024-06-14 10:20:00+09:00,2955.0,2955.0,2955.0,2955.0,187,0.0,0.0
2024-06-14 10:30:00+09:00,2950.0,2955.0,2950.0,2955.0,1254,0.0,0.0
2024-06-14 10:40:00+09:00,2950.0,2950.0,2945.0,2945.0,92,0.0,0.0
2024-06-14 10:45:00+09:00,2945.0,2945.0,2945.0,2945.0,35,0.0,0.0
2024-06-14 10:50:00+09:00,2950.0,2955.0,2950.0,2955.0,207,0.0,0.0
2024-06-14 10:55:00+09:00,2955.0,2955.0,2950.0,2950.0,109,0.0,0.0
2024-06-14 11:05:00+09:00,2960.0,2960.0,2960.0,2960.0,0,0.0,0.0
2024-06-14 11:10:00+09:00,2950.0,2950.0,2925.0,2945.0,18237,0.0,0.0
2024-06-14 11:15:00+09:00,2935.0,2935.0,2935.0,2935.0,1,0.0,0.0
2024-06-14 11:20:00+09:00,2945.0,2945.0,2935.0,2935.0,734,0.0,0.0
2024-06-14 11:25:00+09:00,2945.0,2960.0,2945.0,2960.0,2,0.0,0.0
2024-06-14 11:55:00+09:00,2955.0,2955.0,2955.0,2955.0,1,0.0,0.0
2024-06-14 12:05:00+09:00,2950.0,2950.0,2950.0,2950.0,19,0.0,0.0
2024-06-14 12:10:00+09:00,2955.0,2955.0,2955.0,2955.0,0,0.0,0.0
2024-06-14 12:15:00+09:00,2955.0,2955.0,2925.0,2925.0,23284,0.0,0.0
2024-06-14 12:20:00+09:00,2940.0,2940.0,2930.0,2940.0,0,0.0,0.0
2024-06-14 12:25:00+09:00,2940.0,2940.0,2940.0,2940.0,183,0.0,0.0
2024-06-14 12:30:00+09:00,2945.0,2945.0,2925.0,2940.0,11002,0.0,0.0
2024-06-14 12:35:00+09:00,2940.0,2940.0,2915.0,2935.0,14273,0.0,0.0
2024-06-14 12:40:00+09:00,2940.0,2945.0,2940.0,2945.0,3,0.0,0.0
2024-06-14 12:50:00+09:00,2940.0,2940.0,2940.0,2940.0,199,0.0,0.0
2024-06-14 12:55:00+09:00,2935.0,2935.0,2915.0,2935.0,13888,0.0,0.0
2024-06-14 13:00:00+09:00,2935.0,2940.0,2935.0,2940.0,5,0.0,0.0
2024-06-14 13:10:00+09:00,2935.0,2940.0,2935.0,2935.0,11,0.0,0.0
2024-06-14 13:20:00+09:00,2935.0,2940.0,2915.0,2930.0,637,0.0,0.0
2024-06-14 13:25:00+09:00,2930.0,2935.0,2930.0,2930.0,95,0.0,0.0
2024-06-14 13:30:00+09:00,2930.0,2935.0,2930.0,2935.0,6,0.0,0.0
2024-06-14 13:35:00+09:00,2930.0,2940.0,2930.0,2935.0,31,0.0,0.0
2024-06-14 13:40:00+09:00,2940.0,2940.0,2940.0,2940.0,12,0.0,0.0
2024-06-14 13:55:00+09:00,2935.0,2940.0,2935.0,2940.0,146,0.0,0.0
2024-06-14 14:05:00+09:00,2930.0,2930.0,2930.0,2930.0,0,0.0,0.0
2024-06-14 14:10:00+09:00,2930.0,2935.0,2930.0,2935.0,107,0.0,0.0
2024-06-14 14:30:00+09:00,2930.0,2930.0,2920.0,2920.0,181,0.0,0.0
2024-06-14 14:35:00+09:00,2920.0,2925.0,2920.0,2920.0,0,0.0,0.0
2024-06-14 14:40:00+09:00,2920.0,2920.0,2920.0,2920.0,232,0.0,0.0
2024-06-14 14:45:00+09:00,2930.0,2930.0,2930.0,2930.0,0,0.0,0.0
2024-06-14 14:55:00+09:00,2930.0,2955.0,2930.0,2955.0,1876,0.0,0.0
2024-06-17 09:00:00+09:00,3150.0,3150.0,3075.0,3130.0,0,0.0,0.0
2024-06-17 09:05:00+09:00,3140.0,3140.0,3070.0,3075.0,32205,0.0,0.0
2024-06-17 09:10:00+09:00,3070.0,3100.0,3065.0,3080.0,3633,0.0,0.0
2024-06-17 09:15:00+09:00,3075.0,3115.0,3070.0,3100.0,9480,0.0,0.0
2024-06-17 09:20:00+09:00,3095.0,3150.0,3090.0,3135.0,6973,0.0,0.0
2024-06-17 09:25:00+09:00,3135.0,3180.0,3115.0,3155.0,19032,0.0,0.0
2024-06-17 09:30:00+09:00,3165.0,3185.0,3140.0,3150.0,16344,0.0,0.0
2024-06-17 09:35:00+09:00,3150.0,3160.0,3145.0,3155.0,9073,0.0,0.0
2024-06-17 09:40:00+09:00,3155.0,3155.0,3135.0,3135.0,3743,0.0,0.0
2024-06-17 09:45:00+09:00,3135.0,3145.0,3130.0,3140.0,319,0.0,0.0
2024-06-17 09:50:00+09:00,3135.0,3150.0,3135.0,3150.0,1328,0.0,0.0
2024-06-17 09:55:00+09:00,3150.0,3165.0,3145.0,3150.0,5574,0.0,0.0
2024-06-17 10:00:00+09:00,3150.0,3160.0,3110.0,3150.0,5054,0.0,0.0
2024-06-17 10:05:00+09:00,3150.0,3155.0,3130.0,3155.0,1370,0.0,0.0
2024-06-17 10:10:00+09:00,3155.0,3155.0,3135.0,3145.0,1201,0.0,0.0
2024-06-17 10:15:00+09:00,3145.0,3170.0,3145.0,3170.0,4726,0.0,0.0
2024-06-17 10:20:00+09:00,3170.0,3185.0,3155.0,3180.0,6730,0.0,0.0
2024-06-17 10:25:00+09:00,3180.0,3180.0,3125.0,3165.0,4150,0.0,0.0
2024-06-17 10:30:00+09:00,3160.0,3165.0,3160.0,3165.0,170,0.0,0.0
2024-06-17 10:35:00+09:00,3165.0,3175.0,3165.0,3175.0,2088,0.0,0.0
2024-06-17 10:40:00+09:00,3170.0,3175.0,3160.0,3165.0,901,0.0,0.0
2024-06-17 10:45:00+09:00,3170.0,3330.0,3160.0,3240.0,110363,0.0,0.0
2024-06-17 10:50:00+09:00,3240.0,3240.0,3140.0,3190.0,29412,0.0,0.0
2024-06-17 10:55:00+09:00,3180.0,3190.0,3115.0,3165.0,10478,0.0,0.0
2024-06-17 11:00:00+09:00,3165.0,3220.0,3135.0,3165.0,16282,0.0,0.0
2024-06-17 11:05:00+09:00,3200.0,3215.0,3155.0,3190.0,4301,0.0,0.0
2024-06-17 11:10:00+09:00,3160.0,3185.0,3150.0,3180.0,3975,0.0,0.0
2024-06-17 11:15:00+09:00,3175.0,3205.0,3150.0,3200.0,2996,0.0,0.0
2024-06-17 11:20:00+09:00,3195.0,3210.0,3170.0,3200.0,383,0.0,0.0
2024-06-17 11:25:00+09:00,3200.0,3200.0,3180.0,3190.0,865,0.0,0.0
2024-06-17 11:30:00+09:00,3190.0,3190.0,3155.0,3175.0,2181,0.0,0.0
2024-06-17 11:35:00+09:00,3170.0,3190.0,3150.0,3150.0,3842,0.0,0.0
2024-06-17 11:40:00+09:00,3155.0,3175.0,3150.0,3170.0,3736,0.0,0.0
2024-06-17 11:45:00+09:00,3175.0,3190.0,3175.0,3190.0,197,0.0,0.0
2024-06-17 11:50:00+09:00,3190.0,3210.0,3190.0,3210.0,5109,0.0,0.0
2024-06-17 11:55:00+09:00,3210.0,3215.0,3200.0,3205.0,1155,0.0,0.0
2024-06-17 12:00:00+09:00,3200.0,3205.0,3195.0,3200.0,1570,0.0,0.0
2024-06-17 12:05:00+09:00,3200.0,3210.0,3200.0,3200.0,5920,0.0,0.0
2024-06-17 12:10:00+09:00,3205.0,3215.0,3205.0,3215.0,1611,0.0,0.0
2024-06-17 12:15:00+09:00,3210.0,3220.0,3205.0,3215.0,261,0.0,0.0
2024-06-17 12:20:00+09:00,3210.0,3295.0,3205.0,3255.0,23247,0.0,0.0
2024-06-17 12:25:00+09:00,3240.0,3265.0,3215.0,3245.0,8075,0.0,0.0
2024-06-17 12:30:00+09:00,3240.0,3255.0,3220.0,3250.0,2265,0.0,0.0
2024-06-17 12:35:00+09:00,3250.0,3300.0,3245.0,3280.0,15169,0.0,0.0
2024-06-17 12:40:00+09:00,3275.0,3300.0,3230.0,3260.0,21981,0.0,0.0
2024-06-17 12:45:00+09:00,3260.0,3285.0,3180.0,3210.0,12853,0.0,0.0
2024-06-17 12:50:00+09:00,3210.0,3215.0,3185.0,3210.0,2345,0.0,0.0
2024-06-17 12:55:00+09:00,3210.0,3210.0,3175.0,3190.0,3302,0.0,0.0
2024-06-17 13:00:00+09:00,3190.0,3200.0,3170.0,3200.0,953,0.0,0.0
2024-06-17 13:05:00+09:00,3195.0,3215.0,3195.0,3215.0,888,0.0,0.0
2024-06-17 13:10:00+09:00,3210.0,3210.0,3180.0,3185.0,4155,0.0,0.0
2024-06-17 13:15:00+09:00,3200.0,3200.0,3190.0,3190.0,634,0.0,0.0
2024-06-17 13:20:00+09:00,3195.0,3195.0,3190.0,3190.0,319,0.0,0.0
2024-06-17 13:25:00+09:00,3185.0,3190.0,3175.0,3190.0,1534,0.0,0.0
2024-06-17 13:30:00+09:00,3190.0,3195.0,3170.0,3180.0,1587,0.0,0.0
2024-06-17 13:35:00+09:00,3180.0,3185.0,3180.0,3185.0,7405,0.0,0.0
2024-06-17 13:40:00+09:00,3185.0,3185.0,3175.0,3180.0,337,0.0,0.0
2024-06-17 13:45:00+09:00,3185.0,3185.0,3135.0,3140.0,5322,0.0,0.0
2024-06-17 13:50:00+09:00,3150.0,3175.0,3130.0,3155.0,6593,0.0,0.0
2024-06-17 13:55:00+09:00,3150.0,3150.0,3100.0,3110.0,14956,0.0,0.0
2024-06-17 14:00:00+09:00,3110.0,3125.0,3100.0,3125.0,6324,0.0,0.0
2024-06-17 14:05:00+09:00,3130.0,3135.0,3105.0,3105.0,988,0.0,0.0
2024-06-17 14:10:00+09:00,3100.0,3110.0,3085.0,3085.0,9136,0.0,0.0
2024-06-17 14:15:00+09:00,3085.0,3100.0,3080.0,3085.0,291,0.0,0.0
2024-06-17 14:20:00+09:00,3090.0,3100.0,3090.0,3100.0,474,0.0,0.0
2024-06-17 14:25:00+09:00,3100.0,3110.0,3100.0,3100.0,10839,0.0,0.0
2024-06-17 14:30:00+09:00,3095.0,3100.0,3075.0,3100.0,3585,0.0,0.0
2024-06-17 14:35:00+09:00,3100.0,3100.0,3075.0,3100.0,2302,0.0,0.0
2024-06-17 14:40:00+09:00,3100.0,3100.0,3085.0,3085.0,750,0.0,0.0
2024-06-17 14:45:00+09:00,3100.0,3100.0,3090.0,3100.0,180,0.0,0.0
2024-06-17 14:50:00+09:00,3100.0,3100.0,3090.0,3090.0,2826,0.0,0.0
2024-06-17 14:55:00+09:00,3085.0,3090.0,3070.0,3090.0,8675,0.0,0.0
2024-06-18 09:00:00+09:00,3100.0,3100.0,3015.0,3035.0,13481,0.0,0.0
2024-06-18 09:05:00+09:00,3045.0,3045.0,3020.0,3040.0,3246,0.0,0.0
2024-06-18 09:10:00+09:00,3040.0,3040.0,3020.0,3030.0,1536,0.0,0.0
2024-06-18 09:15:00+09:00,3035.0,3035.0,3025.0,3025.0,332,0.0,0.0
2024-06-18 09:20:00+09:00,3035.0,3035.0,3000.0,3005.0,11420,0.0,0.0
2024-06-18 09:25:00+09:00,3005.0,3010.0,3000.0,3010.0,6641,0.0,0.0
2024-06-18 09:30:00+09:00,3010.0,3010.0,3000.0,3010.0,3836,0.0,0.0
2024-06-18 09:35:00+09:00,3005.0,3015.0,3000.0,3015.0,3921,0.0,0.0
2024-06-18 09:40:00+09:00,3025.0,3025.0,3025.0,3025.0,0,0.0,0.0
2024-06-18 09:45:00+09:00,3030.0,3030.0,3030.0,3030.0,3,0.0,0.0
2024-06-18 09:50:00+09:00,3030.0,3030.0,3000.0,3020.0,2905,0.0,0.0
2024-06-18 09:55:00+09:00,3015.0,3035.0,3015.0,3035.0,143,0.0,0.0
2024-06-18 10:00:00+09:00,3025.0,3030.0,3010.0,3010.0,1145,0.0,0.0
2024-06-18 10:05:00+09:00,3010.0,3020.0,3010.0,3020.0,1699,0.0,0.0
2024-06-18 10:10:00+09:00,3020.0,3020.0,3015.0,3020.0,1127,0.0,0.0
2024-06-18 10:15:00+09:00,3020.0,3020.0,3020.0,3020.0,301,0.0,0.0
2024-06-18 10:20:00+09:00,3020.0,3020.0,3020.0,3020.0,128,0.0,0.0
2024-06-18 10:30:00+09:00,3020.0,3020.0,3005.0,3020.0,5538,0.0,0.0
2024-06-18 10:35:00+09:00,3010.0,3010.0,3005.0,3005.0,275,0.0,0.0
2024-06-18 10:40:00+09:00,3010.0,3010.0,3005.0,3005.0,2408,0.0,0.0
2024-06-18 10:45:00+09:00,3005.0,3005.0,3005.0,3005.0,0,0.0,0.0
2024-06-18 10:50:00+09:00,3005.0,3005.0,2990.0,2990.0,5011,0.0,0.0
2024-06-18 10:55:00+09:00,2995.0,2995.0,2985.0,2990.0,2522,0.0,0.0
2024-06-18 11:00:00+09:00,2985.0,3010.0,2980.0,2985.0,7857,0.0,0.0
2024-06-18 11:05:00+09:00,2980.0,2990.0,2980.0,2980.0,383,0.0,0.0
2024-06-18 11:10:00+09:00,2990.0,2995.0,2990.0,2995.0,399,0.0,0.0
2024-06-18 11:15:00+09:00,2995.0,2995.0,2995.0,2995.0,13,0.0,0.0
2024-06-18 11:20:00+09:00,2995.0,3000.0,2995.0,3000.0,248,0.0,0.0
2024-06-18 11:25:00+09:00,3000.0,3000.0,3000.0,3000.0,134,0.0,0.0
2024-06-18 11:30:00+09:00,3000.0,3000.0,2990.0,2990.0,2322,0.0,0.0
2024-06-18 11:35:00+09:00,2990.0,3000.0,2990.0,3000.0,1098,0.0,0.0
2024-06-18 11:40:00+09:00,2995.0,3000.0,2995.0,2995.0,155,0.0,0.0
2024-06-18 11:45:00+09:00,3000.0,3000.0,2990.0,2990.0,100,0.0,0.0
2024-06-18 11:50:00+09:00,2990.0,2995.0,2985.0,2990.0,1883,0.0,0.0
2024-06-18 11:55:00+09:00,2990.0,2990.0,2970.0,2975.0,2140,0.0,0.0
2024-06-18 12:00:00+09:00,2975.0,2975.0,2975.0,2975.0,0,0.0,0.0
2024-06-18 12:05:00+09:00,2980.0,2980.0,2980.0,2980.0,102,0.0,0.0
2024-06-18 12:10:00+09:00,2980.0,2980.0,2975.0,2980.0,467,0.0,0.0
2024-06-18 12:15:00+09:00,2980.0,2980.0,2980.0,2980.0,0,0.0,0.0
2024-06-18 12:20:00+09:00,2985.0,2985.0,2985.0,2985.0,272,0.0,0.0
2024-06-18 12:30:00+09:00,2990.0,2990.0,2990.0,2990.0,314,0.0,0.0
2024-06-18 12:35:00+09:00,2990.0,2990.0,2990.0,2990.0,671,0.0,0.0
2024-06-18 12:40:00+09:00,2995.0,2995.0,2995.0,2995.0,45,0.0,0.0
2024-06-18 12:45:00+09:00,2995.0,3000.0,2995.0,3000.0,0,0.0,0.0
2024-06-18 12:50:00+09:00,2995.0,3000.0,2990.0,2995.0,775,0.0,0.0
2024-06-18 12:55:00+09:00,2995.0,3000.0,2990.0,3000.0,314,0.0,0.0
2024-06-18 13:00:00+09:00,2995.0,2995.0,2995.0,2995.0,6,0.0,0.0
2024-06-18 13:05:00+09:00,3000.0,3000.0,3000.0,3000.0,53,0.0,0.0
2024-06-18 13:10:00+09:00,2995.0,3005.0,2995.0,3000.0,603,0.0,0.0
2024-06-18 13:15:00+09:00,2995.0,3000.0,2995.0,3000.0,620,0.0,0.0
2024-06-18 13:25:00+09:00,3000.0,3000.0,3000.0,3000.0,0,0.0,0.0
2024-06-18 13:30:00+09:00,3000.0,3000.0,2970.0,2970.0,27111,0.0,0.0
2024-06-18 13:35:00+09:00,2975.0,2975.0,2965.0,2965.0,245,0.0,0.0
2024-06-18 13:40:00+09:00,2965.0,2970.0,2960.0,2960.0,2545,0.0,0.0
2024-06-18 13:45:00+09:00,2960.0,2960.0,2955.0,2960.0,1192,0.0,0.0
2024-06-18 13:50:00+09:00,2960.0,2970.0,2960.0,2970.0,1595,0.0,0.0
2024-06-18 13:55:00+09:00,2965.0,2975.0,2965.0,2970.0,513,0.0,0.0
2024-06-18 14:00:00+09:00,2970.0,2970.0,2970.0,2970.0,3,0.0,0.0
2024-06-18 14:05:00+09:00,2965.0,2970.0,2965.0,2965.0,1167,0.0,0.0
2024-06-18 14:10:00+09:00,2965.0,2970.0,2965.0,2970.0,36,0.0,0.0
2024-06-18 14:15:00+09:00,2970.0,2970.0,2970.0,2970.0,223,0.0,0.0
2024-06-18 14:20:00+09:00,2975.0,2975.0,2975.0,2975.0,914,0.0,0.0
2024-06-18 14:25:00+09:00,2980.0,2980.0,2980.0,2980.0,22,0.0,0.0
2024-06-18 14:30:00+09:00,2980.0,2980.0,2980.0,2980.0,516,0.0,0.0
2024-06-18 14:35:00+09:00,2980.0,2980.0,2975.0,2980.0,205,0.0,0.0
2024-06-18 14:40:00+09:00,2980.0,2980.0,2965.0,2965.0,1825,0.0,0.0
2024-06-18 14:45:00+09:00,2965.0,3000.0,2960.0,2975.0,3408,0.0,0.0
2024-06-18 14:50:00+09:00,2970.0,2980.0,2970.0,2980.0,124,0.0,0.0
2024-06-18 14:55:00+09:00,2980.0,2980.0,2980.0,2980.0,1188,0.0,0.0
2024-06-19 09:00:00+09:00,3000.0,3000.0,2995.0,3000.0,2236,0.0,0.0
2024-06-19 09:05:00+09:00,3000.0,3000.0,3000.0,3000.0,140,0.0,0.0
2024-06-19 09:10:00+09:00,3000.0,3005.0,2965.0,2975.0,5944,0.0,0.0
2024-06-19 09:15:00+09:00,2985.0,2995.0,2985.0,2995.0,102,0.0,0.0
2024-06-19 09:20:00+09:00,2985.0,3005.0,2985.0,3005.0,2842,0.0,0.0
2024-06-19 09:25:00+09:00,3010.0,3010.0,3005.0,3005.0,0,0.0,0.0
2024-06-19 09:30:00+09:00,3005.0,3010.0,3005.0,3010.0,56,0.0,0.0
2024-06-19 09:35:00+09:00,3010.0,3025.0,3005.0,3010.0,1220,0.0,0.0
2024-06-19 09:40:00+09:00,3010.0,3010.0,3010.0,3010.0,767,0.0,0.0
2024-06-19 09:55:00+09:00,3010.0,3010.0,3000.0,3000.0,1392,0.0,0.0
2024-06-19 10:00:00+09:00,3005.0,3010.0,3005.0,3010.0,0,0.0,0.0
2024-06-19 10:05:00+09:00,3005.0,3010.0,3005.0,3010.0,105,0.0,0.0
2024-06-19 10:10:00+09:00,3010.0,3010.0,3010.0,3010.0,14,0.0,0.0
2024-06-19 10:15:00+09:00,3010.0,3010.0,3010.0,3010.0,0,0.0,0.0
2024-06-19 10:20:00+09:00,3005.0,3010.0,3005.0,3010.0,24,0.0,0.0
2024-06-19 10:25:00+09:00,3010.0,3010.0,3005.0,3005.0,306,0.0,0.0
2024-06-19 10:30:00+09:00,3005.0,3005.0,3000.0,3000.0,922,0.0,0.0
2024-06-19 10:35:00+09:00,3000.0,3000.0,3000.0,3000.0,1200,0.0,0.0
2024-06-19 10:40:00+09:00,3000.0,3000.0,3000.0,3000.0,20,0.0,0.0
2024-06-19 10:45:00+09:00,3000.0,3010.0,3000.0,3010.0,1992,0.0,0.0
2024-06-19 10:50:00+09:00,2995.0,2995.0,2995.0,2995.0,6,0.0,0.0
2024-06-19 11:05:00+09:00,3000.0,3000.0,2995.0,2995.0,77,0.0,0.0
2024-06-19 11:10:00+09:00,3000.0,3000.0,3000.0,3000.0,152,0.0,0.0
2024-06-19 11:25:00+09:00,2995.0,2995.0,2995.0,2995.0,150,0.0,0.0
2024-06-19 11:30:00+09:00,2995.0,2995.0,2995.0,2995.0,0,0.0,0.0
2024-06-19 11:35:00+09:00,3000.0,3000.0,2995.0,2995.0,557,0.0,0.0
2024-06-19 11:40:00+09:00,2995.0,3000.0,2995.0,3000.0,415,0.0,0.0
2024-06-19 11:50:00+09:00,3000.0,3000.0,2995.0,3000.0,0,0.0,0.0
2024-06-19 11:55:00+09:00,2995.0,2995.0,2995.0,2995.0,16,0.0,0.0
2024-06-19 12:05:00+09:00,3000.0,3000.0,3000.0,3000.0,0,0.0,0.0
2024-06-19 12:15:00+09:00,3000.0,3000.0,3000.0,3000.0,115,0.0,0.0
2024-06-19 12:20:00+09:00,2995.0,2995.0,2995.0,2995.0,262,0.0,0.0
2024-06-19 12:25:00+09:00,2995.0,2995.0,2995.0,2995.0,0,0.0,0.0
2024-06-19 12:30:00+09:00,3000.0,3000.0,3000.0,3000.0,0,0.0,0.0
2024-06-19 12:35:00+09:00,2995.0,3000.0,2990.0,3000.0,343,0.0,0.0
2024-06-19 12:40:00+09:00,3000.0,3000.0,2990.0,3000.0,29,0.0,0.0
2024-06-19 12:55:00+09:00,2990.0,2990.0,2990.0,2990.0,1,0.0,0.0
2024-06-19 13:00:00+09:00,2990.0,2990.0,2990.0,2990.0,21,0.0,0.0
2024-06-19 13:05:00+09:00,3000.0,3000.0,3000.0,3000.0,0,0.0,0.0
2024-06-19 13:15:00+09:00,2990.0,3000.0,2980.0,3000.0,9882,0.0,0.0
2024-06-19 13:20:00+09:00,2995.0,2995.0,2995.0,2995.0,79,0.0,0.0
2024-06-19 13:25:00+09:00,2995.0,2995.0,2990.0,2995.0,42,0.0,0.0
2024-06-19 13:30:00+09:00,2990.0,2995.0,2975.0,2995.0,1008,0.0,0.0
2024-06-19 13:35:00+09:00,2990.0,2990.0,2970.0,2970.0,2256,0.0,0.0
2024-06-19 13:40:00+09:00,2975.0,3000.0,2975.0,3000.0,0,0.0,0.0
2024-06-19 13:45:00+09:00,2995.0,3000.0,2995.0,3000.0,717,0.0,0.0
2024-06-19 13:50:00+09:00,2995.0,3000.0,2995.0,3000.0,0,0.0,0.0
2024-06-19 14:00:00+09:00,2995.0,2995.0,2995.0,2995.0,33881,0.0,0.0
2024-06-19 14:05:00+09:00,2995.0,3000.0,2995.0,3000.0,84,0.0,0.0
2024-06-19 14:10:00+09:00,2995.0,3000.0,2995.0,3000.0,90,0.0,0.0
2024-06-19 14:20:00+09:00,3000.0,3000.0,3000.0,3000.0,0,0.0,0.0
2024-06-19 14:25:00+09:00,2985.0,3000.0,2985.0,3000.0,505,0.0,0.0
2024-06-19 14:30:00+09:00,2990.0,2990.0,2990.0,2990.0,427,0.0,0.0
2024-06-19 14:35:00+09:00,2990.0,2990.0,2990.0,2990.0,0,0.0,0.0
2024-06-19 14:40:00+09:00,2990.0,2990.0,2990.0,2990.0,1288,0.0,0.0
2024-06-19 14:45:00+09:00,2985.0,2985.0,2980.0,2980.0,5192,0.0,0.0
2024-06-19 14:55:00+09:00,2980.0,2980.0,2980.0,2980.0,584,0.0,0.0
2024-06-20 09:00:00+09:00,3000.0,3000.0,2990.0,2990.0,69,0.0,0.0
2024-06-20 09:05:00+09:00,2990.0,2990.0,2990.0,2990.0,67,0.0,0.0
2024-06-20 09:15:00+09:00,2985.0,2985.0,2965.0,2965.0,3766,0.0,0.0
2024-06-20 09:20:00+09:00,2965.0,2990.0,2965.0,2990.0,4555,0.0,0.0
2024-06-20 09:25:00+09:00,2980.0,2980.0,2975.0,2975.0,1938,0.0,0.0
2024-06-20 09:30:00+09:00,2985.0,2985.0,2985.0,2985.0,0,0.0,0.0
2024-06-20 09:35:00+09:00,2990.0,3000.0,2985.0,3000.0,3167,0.0,0.0
2024-06-20 09:40:00+09:00,3005.0,3005.0,3000.0,3005.0,991,0.0,0.0
2024-06-20 09:45:00+09:00,3005.0,3010.0,3005.0,3005.0,848,0.0,0.0
2024-06-20 09:50:00+09:00,3005.0,3030.0,3005.0,3030.0,5888,0.0,0.0
2024-06-20 09:55:00+09:00,3015.0,3025.0,3015.0,3020.0,236,0.0,0.0
2024-06-20 10:00:00+09:00,3015.0,3020.0,3015.0,3015.0,170,0.0,0.0
2024-06-20 10:05:00+09:00,3020.0,3020.0,3020.0,3020.0,418,0.0,0.0
2024-06-20 10:10:00+09:00,3015.0,3015.0,3015.0,3015.0,0,0.0,0.0
2024-06-20 10:15:00+09:00,3015.0,3015.0,3000.0,3000.0,7248,0.0,0.0
2024-06-20 10:20:00+09:00,3005.0,3005.0,3005.0,3005.0,0,0.0,0.0
2024-06-20 10:25:00+09:00,3005.0,3005.0,3005.0,3005.0,16,0.0,0.0
2024-06-20 10:30:00+09:00,3005.0,3005.0,3000.0,3000.0,330,0.0,0.0
2024-06-20 10:35:00+09:00,3015.0,3015.0,3015.0,3015.0,119,0.0,0.0
2024-06-20 10:45:00+09:00,3015.0,3020.0,3015.0,3020.0,116,0.0,0.0
2024-06-20 10:50:00+09:00,3015.0,3020.0,3010.0,3010.0,504,0.0,0.0
2024-06-20 10:55:00+09:00,3010.0,3015.0,3010.0,3015.0,40,0.0,0.0
2024-06-20 11:00:00+09:00,3020.0,3020.0,3020.0,3020.0,0,0.0,0.0
2024-06-20 11:05:00+09:00,3015.0,3025.0,3015.0,3025.0,258,0.0,0.0
2024-06-20 11:30:00+09:00,3025.0,3025.0,3015.0,3015.0,51,0.0,0.0
2024-06-20 11:35:00+09:00,3015.0,3015.0,3015.0,3015.0,367,0.0,0.0
2024-06-20 11:40:00+09:00,3010.0,3010.0,3010.0,3010.0,58,0.0,0.0
2024-06-20 11:45:00+09:00,3015.0,3020.0,3015.0,3015.0,671,0.0,0.0
2024-06-20 11:50:00+09:00,3020.0,3020.0,3020.0,3020.0,62,0.0,0.0
2024-06-20 11:55:00+09:00,3020.0,3020.0,3020.0,3020.0,162,0.0,0.0
2024-06-20 12:00:00+09:00,3020.0,3020.0,3020.0,3020.0,0,0.0,0.0
2024-06-20 12:05:00+09:00,3020.0,3025.0,3020.0,3025.0,193,0.0,0.0
2024-06-20 12:10:00+09:00,3020.0,3025.0,3020.0,3025.0,10,0.0,0.0
2024-06-20 12:15:00+09:00,3025.0,3025.0,3025.0,3025.0,164,0.0,0.0
2024-06-20 12:20:00+09:00,3020.0,3020.0,3020.0,3020.0,118,0.0,0.0
2024-06-20 12:25:00+09:00,3020.0,3020.0,3020.0,3020.0,18,0.0,0.0
2024-06-20 12:40:00+09:00,3020.0,3020.0,3020.0,3020.0,130,0.0,0.0
2024-06-20 12:45:00+09:00,3020.0,3020.0,3015.0,3020.0,240,0.0,0.0
2024-06-20 12:50:00+09:00,3020.0,3020.0,3020.0,3020.0,58,0.0,0.0
2024-06-20 12:55:00+09:00,3020.0,3020.0,3020.0,3020.0,116,0.0,0.0
2024-06-20 13:05:00+09:00,3015.0,3015.0,3010.0,3010.0,6018,0.0,0.0
2024-06-20 13:10:00+09:00,3010.0,3010.0,3010.0,3010.0,0,0.0,0.0
2024-06-20 13:20:00+09:00,3025.0,3030.0,3025.0,3030.0,2867,0.0,0.0
2024-06-20 13:25:00+09:00,3030.0,3035.0,3030.0,3035.0,2,0.0,0.0
2024-06-20 13:30:00+09:00,3030.0,3030.0,3030.0,3030.0,575,0.0,0.0
2024-06-20 13:35:00+09:00,3030.0,3030.0,3030.0,3030.0,520,0.0,0.0
2024-06-20 13:40:00+09:00,3030.0,3035.0,3030.0,3035.0,0,0.0,0.0
2024-06-20 13:45:00+09:00,3035.0,3035.0,3035.0,3035.0,526,0.0,0.0
2024-06-20 13:50:00+09:00,3035.0,3035.0,3035.0,3035.0,65,0.0,0.0
2024-06-20 13:55:00+09:00,3035.0,3040.0,3035.0,3035.0,882,0.0,0.0
2024-06-20 14:00:00+09:00,3035.0,3040.0,3035.0,3040.0,63,0.0,0.0
2024-06-20 14:05:00+09:00,3040.0,3040.0,3040.0,3040.0,216,0.0,0.0
2024-06-20 14:15:00+09:00,3035.0,3035.0,3035.0,3035.0,0,0.0,0.0
2024-06-20 14:20:00+09:00,3035.0,3035.0,3035.0,3035.0,294,0.0,0.0
2024-06-20 14:25:00+09:00,3035.0,3035.0,3035.0,3035.0,0,0.0,0.0
2024-06-20 14:35:00+09:00,3030.0,3040.0,3030.0,3040.0,62,0.0,0.0
2024-06-20 14:40:00+09:00,3040.0,3040.0,3040.0,3040.0,0,0.0,0.0
2024-06-20 14:45:00+09:00,3030.0,3040.0,3030.0,3040.0,5,0.0,0.0
2024-06-20 14:55:00+09:00,3030.0,3040.0,3030.0,3040.0,19,0.0,0.0
2024-06-21 09:00:00+09:00,3045.0,3045.0,3025.0,3035.0,496,0.0,0.0
2024-06-21 09:05:00+09:00,3035.0,3035.0,3035.0,3035.0,93,0.0,0.0
2024-06-21 09:10:00+09:00,3025.0,3035.0,3015.0,3015.0,289,0.0,0.0
2024-06-21 09:15:00+09:00,3030.0,3030.0,3030.0,3030.0,0,0.0,0.0
2024-06-21 09:20:00+09:00,3015.0,3015.0,3000.0,3000.0,2822,0.0,0.0
2024-06-21 09:25:00+09:00,3000.0,3000.0,3000.0,3000.0,48,0.0,0.0
2024-06-21 09:30:00+09:00,2995.0,3005.0,2995.0,2995.0,606,0.0,0.0
2024-06-21 09:35:00+09:00,3000.0,3000.0,3000.0,3000.0,4,0.0,0.0
2024-06-21 09:40:00+09:00,2995.0,3000.0,2995.0,3000.0,21,0.0,0.0
2024-06-21 09:50:00+09:00,3000.0,3000.0,2990.0,2990.0,2846,0.0,0.0
2024-06-21 09:55:00+09:00,3000.0,3000.0,2990.0,3000.0,0,0.0,0.0
2024-06-21 10:00:00+09:00,2995.0,2995.0,2995.0,2995.0,182,0.0,0.0
2024-06-21 10:05:00+09:00,2995.0,3000.0,2990.0,3000.0,163,0.0,0.0
2024-06-21 10:10:00+09:00,3000.0,3000.0,3000.0,3000.0,1488,0.0,0.0
2024-06-21 10:15:00+09:00,3000.0,3000.0,2990.0,2990.0,722,0.0,0.0
2024-06-21 10:20:00+09:00,3000.0,3000.0,3000.0,3000.0,0,0.0,0.0
2024-06-21 10:25:00+09:00,2995.0,2995.0,2985.0,2985.0,5138,0.0,0.0
2024-06-21 10:30:00+09:00,2990.0,3000.0,2990.0,3000.0,0,0.0,0.0
2024-06-21 10:35:00+09:00,3000.0,3000.0,3000.0,3000.0,1,0.0,0.0
2024-06-21 10:45:00+09:00,3000.0,3000.0,3000.0,3000.0,292,0.0,0.0
2024-06-21 10:50:00+09:00,3000.0,3005.0,3000.0,3005.0,1175,0.0,0.0
2024-06-21 10:55:00+09:00,3000.0,3000.0,3000.0,3000.0,0,0.0,0.0
2024-06-21 11:15:00+09:00,3015.0,3015.0,3015.0,3015.0,0,0.0,0.0
2024-06-21 11:20:00+09:00,3010.0,3015.0,3010.0,3015.0,585,0.0,0.0
2024-06-21 11:40:00+09:00,3015.0,3015.0,3015.0,3015.0,18,0.0,0.0
2024-06-21 11:45:00+09:00,3015.0,3015.0,3015.0,3015.0,1130,0.0,0.0
2024-06-21 12:00:00+09:00,3015.0,3015.0,3015.0,3015.0,0,0.0,0.0
2024-06-21 12:05:00+09:00,3015.0,3015.0,3015.0,3015.0,0,0.0,0.0
2024-06-21 12:10:00+09:00,3020.0,3030.0,3020.0,3030.0,919,0.0,0.0
2024-06-21 12:15:00+09:00,3030.0,3040.0,3030.0,3040.0,592,0.0,0.0
2024-06-21 12:20:00+09:00,3030.0,3035.0,3030.0,3035.0,6,0.0,0.0
2024-06-21 12:25:00+09:00,3030.0,3035.0,3030.0,3035.0,101,0.0,0.0
2024-06-21 12:35:00+09:00,3035.0,3035.0,3035.0,3035.0,208,0.0,0.0
2024-06-21 12:40:00+09:00,3030.0,3035.0,3020.0,3020.0,513,0.0,0.0
2024-06-21 12:45:00+09:00,3035.0,3035.0,3035.0,3035.0,0,0.0,0.0
2024-06-21 13:30:00+09:00,3035.0,3035.0,3035.0,3035.0,9,0.0,0.0
2024-06-21 13:40:00+09:00,3035.0,3035.0,3035.0,3035.0,2,0.0,0.0
2024-06-21 13:50:00+09:00,3035.0,3035.0,3035.0,3035.0,9,0.0,0.0
2024-06-21 13:55:00+09:00,3030.0,3040.0,3030.0,3040.0,890,0.0,0.0
2024-06-21 14:00:00+09:00,3035.0,3035.0,3035.0,3035.0,65,0.0,0.0
2024-06-21 14:05:00+09:00,3035.0,3035.0,3035.0,3035.0,167,0.0,0.0
2024-06-21 14:10:00+09:00,3040.0,3040.0,3035.0,3035.0,195,0.0,0.0
2024-06-21 14:15:00+09:00,3040.0,3050.0,3040.0,3050.0,2606,0.0,0.0
2024-06-21 14:20:00+09:00,3045.0,3055.0,3045.0,3055.0,1078,0.0,0.0
2024-06-21 14:25:00+09:00,3045.0,3050.0,3040.0,3040.0,705,0.0,0.0
2024-06-21 14:30:00+09:00,3050.0,3075.0,3045.0,3075.0,2420,0.0,0.0
2024-06-21 14:35:00+09:00,3055.0,3090.0,3055.0,3090.0,8560,0.0,0.0
2024-06-21 14:40:00+09:00,3075.0,3090.0,3060.0,3060.0,304,0.0,0.0
2024-06-21 14:45:00+09:00,3065.0,3065.0,3065.0,3065.0,0,0.0,0.0
2024-06-21 14:50:00+09:00,3060.0,3060.0,3055.0,3055.0,1338,0.0,0.0
2024-06-21 14:55:00+09:00,3060.0,3060.0,3060.0,3060.0,0,0.0,0.0
2024-06-24 09:00:00+09:00,3085.0,3085.0,3060.0,3075.0,0,0.0,0.0
2024-06-24 09:05:00+09:00,3060.0,3060.0,3060.0,3060.0,954,0.0,0.0
2024-06-24 09:10:00+09:00,3055.0,3055.0,3045.0,3050.0,680,0.0,0.0
2024-06-24 09:15:00+09:00,3050.0,3050.0,3050.0,3050.0,7,0.0,0.0
2024-06-24 09:20:00+09:00,3050.0,3050.0,3050.0,3050.0,113,0.0,0.0
2024-06-24 09:30:00+09:00,3050.0,3050.0,3050.0,3050.0,725,0.0,0.0
2024-06-24 09:35:00+09:00,3045.0,3045.0,3045.0,3045.0,0,0.0,0.0
2024-06-24 09:40:00+09:00,3045.0,3045.0,3040.0,3040.0,654,0.0,0.0
2024-06-24 09:45:00+09:00,3040.0,3040.0,3040.0,3040.0,0,0.0,0.0
2024-06-24 09:55:00+09:00,3045.0,3045.0,3040.0,3040.0,12,0.0,0.0
2024-06-24 10:00:00+09:00,3040.0,3045.0,3040.0,3045.0,83,0.0,0.0
2024-06-24 10:05:00+09:00,3045.0,3050.0,3045.0,3050.0,166,0.0,0.0
2024-06-24 10:10:00+09:00,3050.0,3050.0,3050.0,3050.0,0,0.0,0.0
2024-06-24 10:15:00+09:00,3040.0,3040.0,3035.0,3035.0,603,0.0,0.0
2024-06-24 10:20:00+09:00,3035.0,3060.0,3030.0,3040.0,517,0.0,0.0
2024-06-24 10:25:00+09:00,3040.0,3040.0,3040.0,3040.0,1,0.0,0.0
2024-06-24 10:55:00+09:00,3040.0,3040.0,3035.0,3035.0,1014,0.0,0.0
2024-06-24 11:00:00+09:00,3035.0,3040.0,3035.0,3040.0,1299,0.0,0.0
2024-06-24 11:05:00+09:00,3035.0,3035.0,3035.0,3035.0,963,0.0,0.0
2024-06-24 11:10:00+09:00,3035.0,3035.0,3035.0,3035.0,0,0.0,0.0
2024-06-24 11:20:00+09:00,3035.0,3035.0,3035.0,3035.0,1473,0.0,0.0
2024-06-24 11:25:00+09:00,3035.0,3075.0,3035.0,3050.0,1740,0.0,0.0
2024-06-24 11:30:00+09:00,3065.0,3065.0,3040.0,3040.0,22,0.0,0.0
2024-06-24 11:35:00+09:00,3040.0,3040.0,3040.0,3040.0,70,0.0,0.0
2024-06-24 11:40:00+09:00,3040.0,3040.0,3040.0,3040.0,14,0.0,0.0
2024-06-24 11:55:00+09:00,3040.0,3040.0,3035.0,3035.0,1036,0.0,0.0
2024-06-24 12:00:00+09:00,3035.0,3035.0,3035.0,3035.0,0,0.0,0.0
2024-06-24 12:05:00+09:00,3040.0,3040.0,3040.0,3040.0,213,0.0,0.0
2024-06-24 12:15:00+09:00,3040.0,3045.0,3040.0,3045.0,0,0.0,0.0
2024-06-24 12:25:00+09:00,3045.0,3045.0,3045.0,3045.0,16,0.0,0.0
2024-06-24 12:30:00+09:00,3045.0,3045.0,3040.0,3040.0,150,0.0,0.0
2024-06-24 12:35:00+09:00,3040.0,3040.0,3035.0,3035.0,412,0.0,0.0
2024-06-24 12:45:00+09:00,3040.0,3040.0,3040.0,3040.0,0,0.0,0.0
2024-06-24 12:50:00+09:00,3050.0,3050.0,3050.0,3050.0,2,0.0,0.0
2024-06-24 13:30:00+09:00,3050.0,3050.0,3050.0,3050.0,130,0.0,0.0
2024-06-24 13:35:00+09:00,3050.0,3050.0,3050.0,3050.0,0,0.0,0.0
2024-06-24 13:40:00+09:00,3045.0,3045.0,3045.0,3045.0,192,0.0,0.0
2024-06-24 13:45:00+09:00,3045.0,3045.0,3045.0,3045.0,200,0.0,0.0
2024-06-24 13:50:00+09:00,3045.0,3045.0,3040.0,3040.0,962,0.0,0.0
2024-06-24 13:55:00+09:00,3040.0,3040.0,3040.0,3040.0,0,0.0,0.0
2024-06-24 14:05:00+09:00,3040.0,3040.0,3040.0,3040.0,6,0.0,0.0
2024-06-24 14:15:00+09:00,3040.0,3040.0,3040.0,3040.0,599,0.0,0.0
2024-06-24 14:30:00+09:00,3040.0,3040.0,3035.0,3040.0,1873,0.0,0.0
2024-06-24 14:35:00+09:00,3040.0,3070.0,3035.0,3070.0,1509,0.0,0.0
2024-06-24 14:40:00+09:00,3050.0,3070.0,3050.0,3050.0,17,0.0,0.0
2024-06-24 14:45:00+09:00,3045.0,3045.0,3045.0,3045.0,523,0.0,0.0
2024-06-24 14:50:00+09:00,3050.0,3070.0,3035.0,3035.0,1625,0.0,0.0
2024-06-24 14:55:00+09:00,3050.0,3050.0,3050.0,3050.0,0,0.0,0.0
2024-06-25 09:00:00+09:00,3060.0,3060.0,3040.0,3060.0,1504,0.0,0.0
2024-06-25 09:05:00+09:00,3045.0,3055.0,3045.0,3055.0,330,0.0,0.0
2024-06-25 09:10:00+09:00,3040.0,3060.0,3040.0,3060.0,29,0.0,0.0
2024-06-25 09:20:00+09:00,3050.0,3060.0,3040.0,3040.0,156,0.0,0.0
2024-06-25 09:25:00+09:00,3040.0,3040.0,3010.0,3020.0,1097,0.0,0.0
2024-06-25 09:30:00+09:00,3015.0,3015.0,3015.0,3015.0,650,0.0,0.0
2024-06-25 09:45:00+09:00,3040.0,3060.0,3015.0,3015.0,5012,0.0,0.0
2024-06-25 09:50:00+09:00,3015.0,3020.0,3015.0,3020.0,130,0.0,0.0
2024-06-25 09:55:00+09:00,3025.0,3025.0,3025.0,3025.0,0,0.0,0.0
2024-06-25 10:00:00+09:00,3025.0,3025.0,3020.0,3020.0,181,0.0,0.0
2024-06-25 10:05:00+09:00,3025.0,3025.0,3025.0,3025.0,792,0.0,0.0
2024-06-25 10:10:00+09:00,3030.0,3030.0,3030.0,3030.0,0,0.0,0.0
2024-06-25 10:15:00+09:00,3040.0,3050.0,3030.0,3050.0,584,0.0,0.0
2024-06-25 10:20:00+09:00,3035.0,3050.0,3030.0,3030.0,19,0.0,0.0
2024-06-25 10:25:00+09:00,3030.0,3050.0,3030.0,3045.0,494,0.0,0.0
2024-06-25 10:30:00+09:00,3045.0,3050.0,3045.0,3045.0,410,0.0,0.0
2024-06-25 10:35:00+09:00,3040.0,3040.0,3040.0,3040.0,0,0.0,0.0
2024-06-25 10:40:00+09:00,3035.0,3040.0,3035.0,3035.0,125,0.0,0.0
2024-06-25 10:45:00+09:00,3035.0,3040.0,3035.0,3040.0,87,0.0,0.0
2024-06-25 10:50:00+09:00,3035.0,3035.0,3035.0,3035.0,11,0.0,0.0
2024-06-25 10:55:00+09:00,3035.0,3035.0,3035.0,3035.0,0,0.0,0.0
2024-06-25 11:10:00+09:00,3040.0,3040.0,3040.0,3040.0,103,0.0,0.0
2024-06-25 11:45:00+09:00,3040.0,3040.0,3040.0,3040.0,0,0.0,0.0
2024-06-25 11:50:00+09:00,3035.0,3040.0,3035.0,3040.0,1263,0.0,0.0
2024-06-25 12:00:00+09:00,3040.0,3040.0,3040.0,3040.0,845,0.0,0.0
2024-06-25 12:05:00+09:00,3045.0,3045.0,3045.0,3045.0,120,0.0,0.0
2024-06-25 12:10:00+09:00,3045.0,3045.0,3045.0,3045.0,0,0.0,0.0
2024-06-25 12:15:00+09:00,3045.0,3045.0,3045.0,3045.0,1082,0.0,0.0
2024-06-25 12:20:00+09:00,3045.0,3045.0,3045.0,3045.0,0,0.0,0.0
2024-06-25 12:40:00+09:00,3045.0,3045.0,3045.0,3045.0,0,0.0,0.0
2024-06-25 12:50:00+09:00,3045.0,3050.0,3045.0,3050.0,174,0.0,0.0
2024-06-25 13:00:00+09:00,3045.0,3045.0,3045.0,3045.0,2,0.0,0.0
2024-06-25 13:05:00+09:00,3040.0,3040.0,3040.0,3040.0,3,0.0,0.0
2024-06-25 13:15:00+09:00,3050.0,3050.0,3050.0,3050.0,0,0.0,0.0
2024-06-25 13:20:00+09:00,3050.0,3055.0,3045.0,3055.0,3153,0.0,0.0
2024-06-25 13:35:00+09:00,3055.0,3055.0,3055.0,3055.0,24,0.0,0.0
2024-06-25 13:40:00+09:00,3040.0,3055.0,3040.0,3055.0,1626,0.0,0.0
2024-06-25 13:45:00+09:00,3055.0,3055.0,3040.0,3040.0,1035,0.0,0.0
2024-06-25 13:50:00+09:00,3050.0,3055.0,3050.0,3055.0,0,0.0,0.0
2024-06-25 14:00:00+09:00,3045.0,3045.0,3045.0,3045.0,4,0.0,0.0
2024-06-25 14:10:00+09:00,3045.0,3045.0,3045.0,3045.0,52,0.0,0.0
2024-06-25 14:15:00+09:00,3045.0,3045.0,3045.0,3045.0,0,0.0,0.0
2024-06-25 14:20:00+09:00,3045.0,3045.0,3040.0,3040.0,865,0.0,0.0
2024-06-25 14:25:00+09:00,3040.0,3050.0,3040.0,3050.0,1249,0.0,0.0
2024-06-25 14:30:00+09:00,3055.0,3055.0,3055.0,3055.0,29,0.0,0.0
2024-06-25 14:40:00+09:00,3050.0,3050.0,3050.0,3050.0,0,0.0,0.0
2024-06-25 14:50:00+09:00,3045.0,3055.0,3045.0,3055.0,472,0.0,0.0
2024-06-25 14:55:00+09:00,3055.0,3055.0,3055.0,3055.0,303,0.0,0.0
2024-06-26 09:00:00+09:00,3065.0,3065.0,3050.0,3050.0,70,0.0,0.0
2024-06-26 09:10:00+09:00,3060.0,3070.0,3060.0,3070.0,261,0.0,0.0
2024-06-26 09:15:00+09:00,3065.0,3070.0,3065.0,3070.0,89,0.0,0.0
2024-06-26 09:20:00+09:00,3065.0,3065.0,3065.0,3065.0,2,0.0,0.0
2024-06-26 09:25:00+09:00,3075.0,3075.0,3060.0,3060.0,1024,0.0,0.0
2024-06-26 09:30:00+09:00,3060.0,3065.0,3060.0,3065.0,69,0.0,0.0
2024-06-26 09:35:00+09:00,3065.0,3065.0,3065.0,3065.0,0,0.0,0.0
2024-06-26 09:40:00+09:00,3065.0,3065.0,3060.0,3060.0,4,0.0,0.0
2024-06-26 09:55:00+09:00,3065.0,3065.0,3065.0,3065.0,835,0.0,0.0
2024-06-26 10:00:00+09:00,3065.0,3065.0,3065.0,3065.0,0,0.0,0.0
2024-06-26 10:05:00+09:00,3065.0,3065.0,3065.0,3065.0,50,0.0,0.0
2024-06-26 10:10:00+09:00,3055.0,3055.0,3055.0,3055.0,506,0.0,0.0
2024-06-26 10:15:00+09:00,3050.0,3055.0,3050.0,3055.0,664,0.0,0.0
2024-06-26 10:20:00+09:00,3055.0,3055.0,3055.0,3055.0,65,0.0,0.0
2024-06-26 10:25:00+09:00,3050.0,3065.0,3050.0,3065.0,1210,0.0,0.0
2024-06-26 10:30:00+09:00,3050.0,3050.0,3050.0,3050.0,59,0.0,0.0
2024-06-26 10:45:00+09:00,3050.0,3050.0,3050.0,3050.0,208,0.0,0.0
2024-06-26 10:50:00+09:00,3060.0,3060.0,3060.0,3060.0,3,0.0,0.0
2024-06-26 10:55:00+09:00,3050.0,3050.0,3050.0,3050.0,0,0.0,0.0
2024-06-26 11:05:00+09:00,3065.0,3065.0,3065.0,3065.0,1,0.0,0.0
2024-06-26 11:30:00+09:00,3065.0,3065.0,3065.0,3065.0,1179,0.0,0.0
2024-06-26 11:35:00+09:00,3065.0,3065.0,3065.0,3065.0,0,0.0,0.0
2024-06-26 11:40:00+09:00,3060.0,3065.0,3060.0,3065.0,0,0.0,0.0
2024-06-26 11:45:00+09:00,3060.0,3060.0,3060.0,3060.0,9,0.0,0.0
2024-06-26 11:55:00+09:00,3055.0,3055.0,3055.0,3055.0,443,0.0,0.0
2024-06-26 12:20:00+09:00,3060.0,3060.0,3060.0,3060.0,1510,0.0,0.0
2024-06-26 12:25:00+09:00,3055.0,3055.0,3055.0,3055.0,444,0.0,0.0
2024-06-26 12:35:00+09:00,3055.0,3055.0,3050.0,3055.0,4928,0.0,0.0
2024-06-26 12:40:00+09:00,3055.0,3055.0,3055.0,3055.0,991,0.0,0.0
2024-06-26 12:45:00+09:00,3060.0,3060.0,3060.0,3060.0,702,0.0,0.0
2024-06-26 12:50:00+09:00,3060.0,3070.0,3060.0,3070.0,2992,0.0,0.0
2024-06-26 12:55:00+09:00,3075.0,3075.0,3060.0,3065.0,281,0.0,0.0
2024-06-26 13:00:00+09:00,3065.0,3070.0,3065.0,3070.0,0,0.0,0.0
2024-06-26 13:05:00+09:00,3065.0,3065.0,3065.0,3065.0,511,0.0,0.0
2024-06-26 13:10:00+09:00,3060.0,3060.0,3060.0,3060.0,2544,0.0,0.0
2024-06-26 13:15:00+09:00,3065.0,3065.0,3065.0,3065.0,62,0.0,0.0
2024-06-26 13:20:00+09:00,3065.0,3075.0,3065.0,3075.0,380,0.0,0.0
2024-06-26 13:25:00+09:00,3075.0,3075.0,3065.0,3065.0,674,0.0,0.0
2024-06-26 13:30:00+09:00,3070.0,3070.0,3070.0,3070.0,0,0.0,0.0
2024-06-26 13:35:00+09:00,3065.0,3065.0,3060.0,3060.0,6906,0.0,0.0
2024-06-26 13:40:00+09:00,3060.0,3060.0,3060.0,3060.0,1122,0.0,0.0
2024-06-26 13:45:00+09:00,3070.0,3075.0,3070.0,3075.0,179,0.0,0.0
2024-06-26 13:50:00+09:00,3060.0,3060.0,3050.0,3050.0,11708,0.0,0.0
2024-06-26 13:55:00+09:00,3060.0,3075.0,3060.0,3060.0,197,0.0,0.0
2024-06-26 14:00:00+09:00,3055.0,3075.0,3035.0,3040.0,10557,0.0,0.0
2024-06-26 14:05:00+09:00,3040.0,3055.0,3035.0,3050.0,1996,0.0,0.0
2024-06-26 14:10:00+09:00,3050.0,3050.0,3020.0,3025.0,9263,0.0,0.0
2024-06-26 14:15:00+09:00,3035.0,3035.0,3035.0,3035.0,0,0.0,0.0
2024-06-26 14:20:00+09:00,3035.0,3045.0,3035.0,3045.0,1160,0.0,0.0
2024-06-26 14:25:00+09:00,3045.0,3055.0,3045.0,3055.0,708,0.0,0.0
2024-06-26 14:30:00+09:00,3055.0,3055.0,3055.0,3055.0,46,0.0,0.0
2024-06-26 14:35:00+09:00,3050.0,3055.0,3050.0,3055.0,208,0.0,0.0
2024-06-26 14:40:00+09:00,3055.0,3070.0,3055.0,3070.0,4484,0.0,0.0
2024-06-26 14:45:00+09:00,3065.0,3070.0,3060.0,3065.0,787,0.0,0.0
2024-06-26 14:50:00+09:00,3065.0,3065.0,3045.0,3050.0,1957,0.0,0.0
2024-06-26 14:55:00+09:00,3060.0,3065.0,3060.0,3060.0,860,0.0,0.0
2024-06-27 09:00:00+09:00,3075.0,3075.0,3055.0,3070.0,173,0.0,0.0
2024-06-27 09:05:00+09:00,3070.0,3070.0,3070.0,3070.0,11,0.0,0.0
2024-06-27 09:25:00+09:00,3070.0,3070.0,3055.0,3055.0,49,0.0,0.0
2024-06-27 09:30:00+09:00,3060.0,3060.0,3050.0,3050.0,72,0.0,0.0
2024-06-27 09:35:00+09:00,3050.0,3050.0,3050.0,3050.0,134,0.0,0.0
2024-06-27 09:40:00+09:00,3045.0,3045.0,3045.0,3045.0,108,0.0,0.0
2024-06-27 09:45:00+09:00,3045.0,3050.0,3025.0,3040.0,834,0.0,0.0
2024-06-27 09:55:00+09:00,3045.0,3045.0,3035.0,3035.0,4352,0.0,0.0
2024-06-27 10:00:00+09:00,3040.0,3055.0,3040.0,3055.0,750,0.0,0.0
2024-06-27 10:10:00+09:00,3050.0,3055.0,3040.0,3040.0,952,0.0,0.0
2024-06-27 10:15:00+09:00,3055.0,3055.0,3040.0,3040.0,387,0.0,0.0
2024-06-27 10:20:00+09:00,3055.0,3055.0,3055.0,3055.0,0,0.0,0.0
2024-06-27 10:25:00+09:00,3045.0,3050.0,3045.0,3050.0,12,0.0,0.0
2024-06-27 10:30:00+09:00,3040.0,3040.0,3040.0,3040.0,29,0.0,0.0
2024-06-27 10:35:00+09:00,3040.0,3050.0,3040.0,3050.0,487,0.0,0.0
2024-06-27 10:40:00+09:00,3050.0,3050.0,3050.0,3050.0,4,0.0,0.0
2024-06-27 10:45:00+09:00,3050.0,3050.0,3045.0,3045.0,204,0.0,0.0
2024-06-27 10:50:00+09:00,3040.0,3040.0,3040.0,3040.0,1628,0.0,0.0
2024-06-27 10:55:00+09:00,3040.0,3040.0,3040.0,3040.0,0,0.0,0.0
2024-06-27 11:00:00+09:00,3040.0,3040.0,3040.0,3040.0,977,0.0,0.0
2024-06-27 11:05:00+09:00,3040.0,3040.0,3035.0,3035.0,512,0.0,0.0
2024-06-27 11:10:00+09:00,3035.0,3050.0,3035.0,3050.0,6147,0.0,0.0
2024-06-27 11:15:00+09:00,3045.0,3055.0,3045.0,3055.0,0,0.0,0.0
2024-06-27 11:20:00+09:00,3045.0,3055.0,3045.0,3055.0,9,0.0,0.0
2024-06-27 11:25:00+09:00,3035.0,3035.0,3030.0,3030.0,666,0.0,0.0
2024-06-27 11:40:00+09:00,3045.0,3045.0,3045.0,3045.0,0,0.0,0.0
2024-06-27 11:45:00+09:00,3045.0,3045.0,3045.0,3045.0,31,0.0,0.0
2024-06-27 11:50:00+09:00,3035.0,3045.0,3035.0,3045.0,11,0.0,0.0
2024-06-27 12:00:00+09:00,3045.0,3045.0,3045.0,3045.0,4,0.0,0.0
2024-06-27 12:10:00+09:00,3045.0,3045.0,3045.0,3045.0,1,0.0,0.0
2024-06-27 12:25:00+09:00,3040.0,3045.0,3040.0,3040.0,35,0.0,0.0
2024-06-27 12:30:00+09:00,3040.0,3045.0,3040.0,3045.0,150,0.0,0.0
2024-06-27 12:35:00+09:00,3045.0,3045.0,3045.0,3045.0,2,0.0,0.0
2024-06-27 12:40:00+09:00,3045.0,3055.0,3040.0,3055.0,194,0.0,0.0
2024-06-27 12:45:00+09:00,3045.0,3050.0,3040.0,3050.0,986,0.0,0.0
2024-06-27 12:50:00+09:00,3050.0,3055.0,3040.0,3040.0,7,0.0,0.0
2024-06-27 12:55:00+09:00,3050.0,3055.0,3050.0,3055.0,8,0.0,0.0
2024-06-27 13:00:00+09:00,3040.0,3040.0,3040.0,3040.0,8,0.0,0.0
2024-06-27 13:15:00+09:00,3050.0,3050.0,3040.0,3040.0,2,0.0,0.0
2024-06-27 13:20:00+09:00,3050.0,3055.0,3050.0,3055.0,207,0.0,0.0
2024-06-27 13:40:00+09:00,3055.0,3055.0,3055.0,3055.0,19,0.0,0.0
2024-06-27 13:50:00+09:00,3055.0,3055.0,3055.0,3055.0,0,0.0,0.0
2024-06-27 13:55:00+09:00,3055.0,3055.0,3055.0,3055.0,2,0.0,0.0
2024-06-27 14:00:00+09:00,3055.0,3055.0,3055.0,3055.0,1,0.0,0.0
2024-06-27 14:05:00+09:00,3055.0,3055.0,3055.0,3055.0,305,0.0,0.0
2024-06-27 14:10:00+09:00,3055.0,3055.0,3055.0,3055.0,0,0.0,0.0
2024-06-27 14:15:00+09:00,3050.0,3050.0,3050.0,3050.0,201,0.0,0.0
2024-06-27 14:20:00+09:00,3055.0,3055.0,3055.0,3055.0,0,0.0,0.0
2024-06-27 14:40:00+09:00,3050.0,3055.0,3050.0,3055.0,3,0.0,0.0
2024-06-27 14:45:00+09:00,3055.0,3055.0,3055.0,3055.0,34,0.0,0.0
2024-06-27 14:50:00+09:00,3055.0,3055.0,3055.0,3055.0,1,0.0,0.0
2024-06-27 14:55:00+09:00,3055.0,3055.0,3050.0,3050.0,17,0.0,0.0
2024-06-28 09:00:00+09:00,3070.0,3070.0,3060.0,3060.0,142,0.0,0.0
2024-06-28 09:05:00+09:00,3060.0,3060.0,3060.0,3060.0,158,0.0,0.0
2024-06-28 09:10:00+09:00,3065.0,3070.0,3065.0,3065.0,0,0.0,0.0
2024-06-28 09:15:00+09:00,3060.0,3090.0,3045.0,3090.0,965,0.0,0.0
2024-06-28 09:20:00+09:00,3085.0,3085.0,3070.0,3070.0,57,0.0,0.0
2024-06-28 09:25:00+09:00,3070.0,3070.0,3055.0,3065.0,1722,0.0,0.0
2024-06-28 09:30:00+09:00,3055.0,3055.0,3050.0,3050.0,664,0.0,0.0
2024-06-28 09:40:00+09:00,3050.0,3060.0,3050.0,3055.0,686,0.0,0.0
2024-06-28 09:45:00+09:00,3060.0,3060.0,3055.0,3055.0,4,0.0,0.0
2024-06-28 09:50:00+09:00,3055.0,3060.0,3055.0,3060.0,4,0.0,0.0
2024-06-28 09:55:00+09:00,3055.0,3060.0,3055.0,3060.0,6,0.0,0.0
2024-06-28 10:00:00+09:00,3060.0,3060.0,3060.0,3060.0,6,0.0,0.0
2024-06-28 10:05:00+09:00,3060.0,3060.0,3045.0,3055.0,93,0.0,0.0
2024-06-28 10:10:00+09:00,3055.0,3055.0,3055.0,3055.0,23,0.0,0.0
2024-06-28 10:15:00+09:00,3055.0,3055.0,3055.0,3055.0,2,0.0,0.0
2024-06-28 10:50:00+09:00,3050.0,3050.0,3035.0,3035.0,3912,0.0,0.0
2024-06-28 10:55:00+09:00,3035.0,3060.0,3035.0,3050.0,0,0.0,0.0
2024-06-28 11:00:00+09:00,3050.0,3060.0,3050.0,3055.0,217,0.0,0.0
2024-06-28 11:05:00+09:00,3045.0,3045.0,3045.0,3045.0,7,0.0,0.0
2024-06-28 11:10:00+09:00,3055.0,3055.0,3055.0,3055.0,1,0.0,0.0
2024-06-28 11:35:00+09:00,3045.0,3060.0,3045.0,3060.0,86,0.0,0.0
2024-06-28 11:50:00+09:00,3055.0,3055.0,3055.0,3055.0,51,0.0,0.0
2024-06-28 11:55:00+09:00,3045.0,3055.0,3045.0,3055.0,0,0.0,0.0
2024-06-28 12:05:00+09:00,3050.0,3050.0,3050.0,3050.0,4,0.0,0.0
2024-06-28 12:10:00+09:00,3050.0,3050.0,3050.0,3050.0,10,0.0,0.0
2024-06-28 12:15:00+09:00,3050.0,3050.0,3050.0,3050.0,0,0.0,0.0
2024-06-28 12:20:00+09:00,3050.0,3050.0,3050.0,3050.0,30,0.0,0.0
2024-06-28 12:30:00+09:00,3045.0,3045.0,3045.0,3045.0,78,0.0,0.0
2024-06-28 12:35:00+09:00,3050.0,3050.0,3050.0,3050.0,82,0.0,0.0
2024-06-28 12:50:00+09:00,3050.0,3050.0,3050.0,3050.0,6,0.0,0.0
2024-06-28 13:05:00+09:00,3050.0,3050.0,3050.0,3050.0,7,0.0,0.0
2024-06-28 13:10:00+09:00,3050.0,3050.0,3050.0,3050.0,14,0.0,0.0
2024-06-28 13:15:00+09:00,3045.0,3050.0,3045.0,3050.0,91,0.0,0.0
2024-06-28 13:20:00+09:00,3050.0,3050.0,3040.0,3050.0,169,0.0,0.0
2024-06-28 13:30:00+09:00,3045.0,3050.0,3040.0,3050.0,823,0.0,0.0
2024-06-28 13:35:00+09:00,3045.0,3045.0,3045.0,3045.0,29,0.0,0.0
2024-06-28 13:40:00+09:00,3040.0,3040.0,3040.0,3040.0,8,0.0,0.0
2024-06-28 13:45:00+09:00,3040.0,3040.0,3040.0,3040.0,2712,0.0,0.0
2024-06-28 13:50:00+09:00,3045.0,3045.0,3045.0,3045.0,0,0.0,0.0
2024-06-28 14:05:00+09:00,3040.0,3040.0,3040.0,3040.0,594,0.0,0.0
2024-06-28 14:10:00+09:00,3040.0,3045.0,3040.0,3045.0,0,0.0,0.0
2024-06-28 14:20:00+09:00,3040.0,3045.0,3040.0,3045.0,51,0.0,0.0
2024-06-28 14:25:00+09:00,3040.0,3045.0,3040.0,3045.0,2469,0.0,0.0
2024-06-28 14:30:00+09:00,3045.0,3045.0,3040.0,3045.0,1888,0.0,0.0
2024-06-28 14:35:00+09:00,3045.0,3045.0,3040.0,3045.0,154,0.0,0.0
2024-07-01 09:00:00+09:00,3070.0,3070.0,3060.0,3070.0,0,0.0,0.0
2024-07-01 09:05:00+09:00,3070.0,3070.0,3070.0,3070.0,59,0.0,0.0
2024-07-01 09:15:00+09:00,3070.0,3080.0,3055.0,3080.0,300,0.0,0.0
2024-07-01 09:20:00+09:00,3060.0,3060.0,3035.0,3035.0,1738,0.0,0.0
2024-07-01 09:25:00+09:00,3035.0,3050.0,3035.0,3050.0,11,0.0,0.0
2024-07-01 09:45:00+09:00,3040.0,3045.0,3040.0,3045.0,13,0.0,0.0
2024-07-01 09:50:00+09:00,3040.0,3040.0,3040.0,3040.0,272,0.0,0.0
2024-07-01 09:55:00+09:00,3035.0,3045.0,3035.0,3045.0,271,0.0,0.0
2024-07-01 10:00:00+09:00,3045.0,3050.0,3040.0,3040.0,0,0.0,0.0
2024-07-01 10:05:00+09:00,3040.0,3040.0,3035.0,3035.0,532,0.0,0.0
2024-07-01 10:10:00+09:00,3040.0,3040.0,3035.0,3035.0,252,0.0,0.0
2024-07-01 10:15:00+09:00,3035.0,3035.0,3025.0,3025.0,1501,0.0,0.0
2024-07-01 10:20:00+09:00,3030.0,3030.0,3030.0,3030.0,0,0.0,0.0
2024-07-01 10:30:00+09:00,3025.0,3025.0,3025.0,3025.0,239,0.0,0.0
2024-07-01 10:35:00+09:00,3025.0,3030.0,3015.0,3030.0,2929,0.0,0.0
2024-07-01 10:55:00+09:00,3030.0,3035.0,3030.0,3035.0,0,0.0,0.0
2024-07-01 11:00:00+09:00,3040.0,3040.0,3030.0,3030.0,1616,0.0,0.0
2024-07-01 11:05:00+09:00,3035.0,3035.0,3035.0,3035.0,0,0.0,0.0
2024-07-01 11:10:00+09:00,3035.0,3035.0,3035.0,3035.0,0,0.0,0.0
2024-07-01 11:15:00+09:00,3040.0,3040.0,3040.0,3040.0,0,0.0,0.0
2024-07-01 11:30:00+09:00,3035.0,3035.0,3035.0,3035.0,379,0.0,0.0
2024-07-01 11:40:00+09:00,3035.0,3035.0,3035.0,3035.0,0,0.0,0.0
2024-07-01 11:45:00+09:00,3035.0,3035.0,3035.0,3035.0,190,0.0,0.0
2024-07-01 11:55:00+09:00,3030.0,3030.0,3025.0,3025.0,5019,0.0,0.0
2024-07-01 12:00:00+09:00,3025.0,3035.0,3015.0,3025.0,89246,0.0,0.0
2024-07-01 12:05:00+09:00,3030.0,3035.0,3030.0,3030.0,52,0.0,0.0
2024-07-01 12:15:00+09:00,3030.0,3030.0,3030.0,3030.0,5,0.0,0.0
2024-07-01 12:20:00+09:00,3030.0,3035.0,3030.0,3035.0,34,0.0,0.0
2024-07-01 12:25:00+09:00,3030.0,3030.0,3030.0,3030.0,0,0.0,0.0
2024-07-01 12:30:00+09:00,3035.0,3035.0,3035.0,3035.0,396,0.0,0.0
2024-07-01 13:10:00+09:00,3030.0,3030.0,3030.0,3030.0,0,0.0,0.0
2024-07-01 13:15:00+09:00,3035.0,3035.0,3035.0,3035.0,2,0.0,0.0
2024-07-01 13:20:00+09:00,3030.0,3030.0,3030.0,3030.0,593,0.0,0.0
2024-07-01 13:25:00+09:00,3035.0,3035.0,3035.0,3035.0,3703,0.0,0.0
2024-07-01 13:30:00+09:00,3035.0,3035.0,3035.0,3035.0,0,0.0,0.0
2024-07-01 13:35:00+09:00,3040.0,3040.0,3040.0,3040.0,9,0.0,0.0
2024-07-01 13:40:00+09:00,3040.0,3040.0,3040.0,3040.0,141,0.0,0.0
2024-07-01 13:50:00+09:00,3040.0,3040.0,3040.0,3040.0,0,0.0,0.0
2024-07-01 13:55:00+09:00,3040.0,3040.0,3040.0,3040.0,6,0.0,0.0
2024-07-01 14:05:00+09:00,3035.0,3035.0,3030.0,3030.0,2790,0.0,0.0
2024-07-01 14:10:00+09:00,3035.0,3040.0,3035.0,3035.0,3213,0.0,0.0
2024-07-01 14:15:00+09:00,3040.0,3040.0,3035.0,3040.0,101,0.0,0.0
2024-07-01 14:20:00+09:00,3040.0,3045.0,3040.0,3045.0,318,0.0,0.0
2024-07-01 14:25:00+09:00,3045.0,3050.0,3045.0,3050.0,16,0.0,0.0
2024-07-01 14:30:00+09:00,3050.0,3050.0,3050.0,3050.0,70,0.0,0.0
2024-07-01 14:35:00+09:00,3045.0,3050.0,3045.0,3050.0,474,0.0,0.0
2024-07-01 14:40:00+09:00,3050.0,3055.0,3050.0,3055.0,302,0.0,0.0
2024-07-01 14:45:00+09:00,3055.0,3055.0,3050.0,3055.0,1113,0.0,0.0
2024-07-01 14:55:00+09:00,3055.0,3055.0,3055.0,3055.0,251,0.0,0.0
2024-07-02 09:00:00+09:00,3070.0,3070.0,3045.0,3070.0,1422,0.0,0.0
2024-07-02 09:05:00+09:00,3055.0,3070.0,3050.0,3070.0,1099,0.0,0.0
2024-07-02 09:10:00+09:00,3065.0,3070.0,3060.0,3060.0,26,0.0,0.0
2024-07-02 09:15:00+09:00,3060.0,3060.0,3060.0,3060.0,354,0.0,0.0
2024-07-02 09:20:00+09:00,3055.0,3055.0,3055.0,3055.0,0,0.0,0.0
2024-07-02 09:25:00+09:00,3060.0,3060.0,3060.0,3060.0,0,0.0,0.0
2024-07-02 09:30:00+09:00,3055.0,3060.0,3045.0,3045.0,1664,0.0,0.0
2024-07-02 09:35:00+09:00,3050.0,3065.0,3050.0,3050.0,1926,0.0,0.0
2024-07-02 09:45:00+09:00,3050.0,3050.0,3050.0,3050.0,1996,0.0,0.0
2024-07-02 09:50:00+09:00,3055.0,3055.0,3055.0,3055.0,0,0.0,0.0
2024-07-02 09:55:00+09:00,3050.0,3055.0,3050.0,3055.0,295,0.0,0.0
2024-07-02 10:00:00+09:00,3055.0,3055.0,3055.0,3055.0,104,0.0,0.0
2024-07-02 10:15:00+09:00,3050.0,3070.0,3045.0,3050.0,1058,0.0,0.0
2024-07-02 10:20:00+09:00,3055.0,3055.0,3055.0,3055.0,0,0.0,0.0
2024-07-02 10:30:00+09:00,3055.0,3070.0,3055.0,3070.0,16,0.0,0.0
2024-07-02 10:40:00+09:00,3050.0,3050.0,3050.0,3050.0,395,0.0,0.0
2024-07-02 10:45:00+09:00,3055.0,3070.0,3050.0,3050.0,18,0.0,0.0
2024-07-02 10:55:00+09:00,3050.0,3065.0,3050.0,3065.0,50,0.0,0.0
2024-07-02 11:25:00+09:00,3055.0,3065.0,3055.0,3065.0,28,0.0,0.0
2024-07-02 11:45:00+09:00,3050.0,3055.0,3050.0,3055.0,68,0.0,0.0
2024-07-02 12:00:00+09:00,3055.0,3065.0,3055.0,3065.0,14,0.0,0.0
2024-07-02 12:15:00+09:00,3050.0,3055.0,3050.0,3055.0,916,0.0,0.0
2024-07-02 12:25:00+09:00,3050.0,3050.0,3050.0,3050.0,1150,0.0,0.0
2024-07-02 12:30:00+09:00,3050.0,3050.0,3050.0,3050.0,599,0.0,0.0
2024-07-02 12:35:00+09:00,3050.0,3050.0,3050.0,3050.0,0,0.0,0.0
2024-07-02 12:40:00+09:00,3050.0,3050.0,3050.0,3050.0,0,0.0,0.0
2024-07-02 12:55:00+09:00,3055.0,3055.0,3055.0,3055.0,0,0.0,0.0
2024-07-02 13:00:00+09:00,3055.0,3060.0,3055.0,3055.0,66,0.0,0.0
2024-07-02 13:05:00+09:00,3055.0,3060.0,3055.0,3055.0,48,0.0,0.0
2024-07-02 13:15:00+09:00,3055.0,3055.0,3055.0,3055.0,94,0.0,0.0
2024-07-02 13:20:00+09:00,3055.0,3060.0,3050.0,3055.0,3070,0.0,0.0
2024-07-02 13:25:00+09:00,3055.0,3055.0,3050.0,3050.0,3381,0.0,0.0
2024-07-02 13:30:00+09:00,3055.0,3055.0,3055.0,3055.0,0,0.0,0.0
2024-07-02 13:55:00+09:00,3060.0,3060.0,3060.0,3060.0,1,0.0,0.0
2024-07-02 14:00:00+09:00,3055.0,3055.0,3055.0,3055.0,599,0.0,0.0
2024-07-02 14:05:00+09:00,3060.0,3060.0,3060.0,3060.0,0,0.0,0.0
2024-07-02 14:10:00+09:00,3060.0,3060.0,3060.0,3060.0,17,0.0,0.0
2024-07-02 14:20:00+09:00,3060.0,3060.0,3055.0,3060.0,243,0.0,0.0
2024-07-02 14:25:00+09:00,3060.0,3060.0,3060.0,3060.0,21,0.0,0.0
2024-07-02 14:40:00+09:00,3055.0,3055.0,3055.0,3055.0,389,0.0,0.0
2024-07-02 14:45:00+09:00,3060.0,3060.0,3055.0,3060.0,305,0.0,0.0
2024-07-02 14:50:00+09:00,3060.0,3060.0,3060.0,3060.0,820,0.0,0.0
2024-07-02 14:55:00+09:00,3055.0,3060.0,3055.0,3060.0,3600,0.0,0.0
2024-07-03 09:00:00+09:00,3060.0,3080.0,3050.0,3080.0,165,0.0,0.0
2024-07-03 09:05:00+09:00,3050.0,3065.0,3050.0,3050.0,120,0.0,0.0
2024-07-03 09:10:00+09:00,3050.0,3060.0,3040.0,3045.0,2149,0.0,0.0
2024-07-03 09:20:00+09:00,3045.0,3045.0,3045.0,3045.0,87,0.0,0.0
2024-07-03 09:25:00+09:00,3050.0,3065.0,3050.0,3065.0,124,0.0,0.0
2024-07-03 09:30:00+09:00,3065.0,3065.0,3055.0,3055.0,110,0.0,0.0
2024-07-03 09:35:00+09:00,3050.0,3055.0,3050.0,3055.0,100,0.0,0.0
2024-07-03 09:45:00+09:00,3055.0,3065.0,3055.0,3055.0,104,0.0,0.0
2024-07-03 09:50:00+09:00,3055.0,3065.0,3055.0,3055.0,166,0.0,0.0
2024-07-03 09:55:00+09:00,3055.0,3055.0,3055.0,3055.0,0,0.0,0.0
2024-07-03 10:00:00+09:00,3055.0,3060.0,3050.0,3060.0,723,0.0,0.0
2024-07-03 10:05:00+09:00,3050.0,3050.0,3050.0,3050.0,80,0.0,0.0
2024-07-03 10:15:00+09:00,3055.0,3055.0,3055.0,3055.0,261,0.0,0.0
2024-07-03 10:30:00+09:00,3050.0,3055.0,3045.0,3055.0,1401,0.0,0.0
2024-07-03 10:40:00+09:00,3045.0,3045.0,3045.0,3045.0,1488,0.0,0.0
2024-07-03 10:55:00+09:00,3045.0,3050.0,3045.0,3050.0,2,0.0,0.0
2024-07-03 11:05:00+09:00,3045.0,3045.0,3045.0,3045.0,3999,0.0,0.0
2024-07-03 11:10:00+09:00,3050.0,3050.0,3050.0,3050.0,0,0.0,0.0
2024-07-03 11:15:00+09:00,3045.0,3045.0,3040.0,3040.0,5130,0.0,0.0
2024-07-03 11:20:00+09:00,3040.0,3040.0,3035.0,3040.0,0,0.0,0.0
2024-07-03 11:30:00+09:00,3040.0,3040.0,3035.0,3035.0,1619,0.0,0.0
2024-07-03 11:35:00+09:00,3035.0,3040.0,3030.0,3040.0,104,0.0,0.0
2024-07-03 11:50:00+09:00,3035.0,3040.0,3025.0,3025.0,601,0.0,0.0
2024-07-03 11:55:00+09:00,3025.0,3025.0,3020.0,3020.0,1512,0.0,0.0
2024-07-03 12:00:00+09:00,3025.0,3040.0,3025.0,3040.0,2,0.0,0.0
2024-07-03 12:05:00+09:00,3030.0,3030.0,3030.0,3030.0,4,0.0,0.0
2024-07-03 12:10:00+09:00,3030.0,3030.0,3030.0,3030.0,16,0.0,0.0
2024-07-03 12:20:00+09:00,3035.0,3035.0,3035.0,3035.0,0,0.0,0.0
2024-07-03 12:25:00+09:00,3035.0,3040.0,3035.0,3040.0,137,0.0,0.0
2024-07-03 12:30:00+09:00,3045.0,3050.0,3045.0,3050.0,5,0.0,0.0
2024-07-03 12:35:00+09:00,3045.0,3050.0,3045.0,3050.0,2000,0.0,0.0
2024-07-03 12:40:00+09:00,3045.0,3050.0,3045.0,3050.0,328,0.0,0.0
2024-07-03 12:45:00+09:00,3050.0,3050.0,3050.0,3050.0,3,0.0,0.0
2024-07-03 12:50:00+09:00,3045.0,3045.0,3040.0,3045.0,2811,0.0,0.0
2024-07-03 12:55:00+09:00,3040.0,3045.0,3040.0,3045.0,13,0.0,0.0
2024-07-03 13:00:00+09:00,3040.0,3045.0,3040.0,3045.0,3,0.0,0.0
2024-07-03 13:05:00+09:00,3040.0,3045.0,3040.0,3045.0,1,0.0,0.0
2024-07-03 13:10:00+09:00,3045.0,3045.0,3045.0,3045.0,1,0.0,0.0
2024-07-03 13:20:00+09:00,3040.0,3045.0,3040.0,3045.0,311,0.0,0.0
2024-07-03 13:30:00+09:00,3040.0,3040.0,3040.0,3040.0,9999,0.0,0.0
2024-07-03 13:35:00+09:00,3045.0,3045.0,3045.0,3045.0,0,0.0,0.0
2024-07-03 13:40:00+09:00,3040.0,3040.0,3040.0,3040.0,19,0.0,0.0
2024-07-03 13:55:00+09:00,3040.0,3040.0,3040.0,3040.0,80,0.0,0.0
2024-07-03 14:05:00+09:00,3045.0,3045.0,3045.0,3045.0,1,0.0,0.0
2024-07-03 14:25:00+09:00,3040.0,3045.0,3040.0,3045.0,6044,0.0,0.0
2024-07-03 14:30:00+09:00,3045.0,3045.0,3045.0,3045.0,90,0.0,0.0
2024-07-03 14:35:00+09:00,3045.0,3045.0,3045.0,3045.0,821,0.0,0.0
2024-07-03 14:40:00+09:00,3045.0,3055.0,3045.0,3050.0,3822,0.0,0.0
2024-07-03 14:45:00+09:00,3050.0,3050.0,3050.0,3050.0,0,0.0,0.0
2024-07-03 14:50:00+09:00,3050.0,3055.0,3030.0,3055.0,13261,0.0,0.0
2024-07-03 14:55:00+09:00,3035.0,3050.0,3035.0,3045.0,14,0.0,0.0
2024-07-04 09:00:00+09:00,3060.0,3060.0,3045.0,3045.0,90,0.0,0.0
2024-07-04 09:05:00+09:00,3050.0,3060.0,3050.0,3050.0,842,0.0,0.0
2024-07-04 09:10:00+09:00,3060.0,3060.0,3055.0,3060.0,2,0.0,0.0
2024-07-04 09:15:00+09:00,3060.0,3060.0,3055.0,3055.0,619,0.0,0.0
2024-07-04 09:20:00+09:00,3060.0,3060.0,3050.0,3055.0,639,0.0,0.0
2024-07-04 09:25:00+09:00,3045.0,3045.0,3045.0,3045.0,715,0.0,0.0
2024-07-04 09:35:00+09:00,3040.0,3040.0,3040.0,3040.0,147,0.0,0.0
2024-07-04 09:40:00+09:00,3040.0,3040.0,3040.0,3040.0,0,0.0,0.0
2024-07-04 09:45:00+09:00,3035.0,3035.0,3035.0,3035.0,1520,0.0,0.0
2024-07-04 09:50:00+09:00,3035.0,3045.0,3035.0,3045.0,697,0.0,0.0
2024-07-04 09:55:00+09:00,3050.0,3050.0,3045.0,3045.0,219,0.0,0.0
2024-07-04 10:00:00+09:00,3045.0,3060.0,3045.0,3060.0,51,0.0,0.0
2024-07-04 10:05:00+09:00,3045.0,3060.0,3045.0,3060.0,72,0.0,0.0
2024-07-04 10:10:00+09:00,3055.0,3060.0,3055.0,3055.0,43,0.0,0.0
2024-07-04 10:15:00+09:00,3060.0,3060.0,3055.0,3055.0,79,0.0,0.0
2024-07-04 10:20:00+09:00,3055.0,3055.0,3055.0,3055.0,0,0.0,0.0
2024-07-04 10:25:00+09:00,3055.0,3060.0,3055.0,3060.0,228,0.0,0.0
2024-07-04 10:35:00+09:00,3050.0,3050.0,3050.0,3050.0,0,0.0,0.0
2024-07-04 10:40:00+09:00,3050.0,3050.0,3050.0,3050.0,199,0.0,0.0
2024-07-04 10:45:00+09:00,3050.0,3050.0,3050.0,3050.0,300,0.0,0.0
2024-07-04 10:55:00+09:00,3050.0,3050.0,3050.0,3050.0,0,0.0,0.0
2024-07-04 11:15:00+09:00,3050.0,3050.0,3050.0,3050.0,0,0.0,0.0
2024-07-04 11:35:00+09:00,3050.0,3050.0,3050.0,3050.0,2,0.0,0.0
2024-07-04 11:45:00+09:00,3050.0,3050.0,3050.0,3050.0,636,0.0,0.0
2024-07-04 11:50:00+09:00,3045.0,3045.0,3005.0,3020.0,21524,0.0,0.0
2024-07-04 11:55:00+09:00,3020.0,3035.0,3020.0,3035.0,30,0.0,0.0
2024-07-04 12:00:00+09:00,3040.0,3045.0,3040.0,3045.0,157,0.0,0.0
2024-07-04 12:05:00+09:00,3045.0,3045.0,3045.0,3045.0,1259,0.0,0.0
2024-07-04 12:10:00+09:00,3040.0,3040.0,3040.0,3040.0,3370,0.0,0.0
2024-07-04 12:30:00+09:00,3045.0,3045.0,3045.0,3045.0,0,0.0,0.0
2024-07-04 12:45:00+09:00,3045.0,3045.0,3045.0,3045.0,0,0.0,0.0
2024-07-04 12:55:00+09:00,3045.0,3045.0,3045.0,3045.0,655,0.0,0.0
2024-07-04 13:00:00+09:00,3040.0,3045.0,3040.0,3045.0,0,0.0,0.0
2024-07-04 13:05:00+09:00,3040.0,3045.0,3040.0,3045.0,102,0.0,0.0
2024-07-04 13:10:00+09:00,3045.0,3045.0,3040.0,3045.0,4599,0.0,0.0
2024-07-04 13:15:00+09:00,3040.0,3045.0,3040.0,3045.0,396,0.0,0.0
2024-07-04 13:30:00+09:00,3040.0,3040.0,3040.0,3040.0,139,0.0,0.0
2024-07-04 13:45:00+09:00,3045.0,3045.0,3040.0,3040.0,0,0.0,0.0
2024-07-04 13:50:00+09:00,3045.0,3045.0,3045.0,3045.0,0,0.0,0.0
2024-07-04 14:05:00+09:00,3045.0,3045.0,3045.0,3045.0,200,0.0,0.0
2024-07-04 14:10:00+09:00,3045.0,3045.0,3045.0,3045.0,100,0.0,0.0
2024-07-04 14:25:00+09:00,3045.0,3045.0,3045.0,3045.0,0,0.0,0.0
2024-07-04 14:30:00+09:00,3045.0,3045.0,3045.0,3045.0,125,0.0,0.0
2024-07-04 14:40:00+09:00,3045.0,3045.0,3045.0,3045.0,135,0.0,0.0
2024-07-04 14:50:00+09:00,3045.0,3045.0,3040.0,3040.0,1113,0.0,0.0
2024-07-04 14:55:00+09:00,3045.0,3050.0,3045.0,3050.0,0,0.0,0.0
2024-07-05 09:00:00+09:00,3060.0,3060.0,3060.0,3060.0,44,0.0,0.0
2024-07-05 09:10:00+09:00,3060.0,3060.0,3060.0,3060.0,0,0.0,0.0
2024-07-05 09:15:00+09:00,3060.0,3060.0,3060.0,3060.0,651,0.0,0.0
2024-07-05 09:20:00+09:00,3055.0,3055.0,3035.0,3045.0,1276,0.0,0.0
2024-07-05 09:25:00+09:00,3050.0,3050.0,3040.0,3040.0,6,0.0,0.0
2024-07-05 09:30:00+09:00,3045.0,3050.0,3045.0,3050.0,1,0.0,0.0
2024-07-05 09:35:00+09:00,3040.0,3040.0,3040.0,3040.0,645,0.0,0.0
2024-07-05 09:40:00+09:00,3040.0,3040.0,3040.0,3040.0,0,0.0,0.0
2024-07-05 09:45:00+09:00,3045.0,3045.0,3040.0,3040.0,0,0.0,0.0
2024-07-05 09:50:00+09:00,3045.0,3045.0,3040.0,3040.0,1054,0.0,0.0
2024-07-05 09:55:00+09:00,3040.0,3040.0,3040.0,3040.0,474,0.0,0.0
2024-07-05 10:00:00+09:00,3040.0,3040.0,3040.0,3040.0,17,0.0,0.0
2024-07-05 10:05:00+09:00,3040.0,3045.0,3040.0,3045.0,98,0.0,0.0
2024-07-05 10:10:00+09:00,3040.0,3040.0,3035.0,3040.0,0,0.0,0.0
2024-07-05 10:15:00+09:00,3040.0,3045.0,3040.0,3045.0,8,0.0,0.0
2024-07-05 10:25:00+09:00,3040.0,3040.0,3035.0,3035.0,3323,0.0,0.0
2024-07-05 10:30:00+09:00,3035.0,3035.0,3035.0,3035.0,0,0.0,0.0
2024-07-05 10:35:00+09:00,3040.0,3040.0,3040.0,3040.0,1,0.0,0.0
2024-07-05 10:45:00+09:00,3040.0,3040.0,3040.0,3040.0,1,0.0,0.0
2024-07-05 10:50:00+09:00,3040.0,3040.0,3040.0,3040.0,497,0.0,0.0
2024-07-05 10:55:00+09:00,3035.0,3035.0,3035.0,3035.0,0,0.0,0.0
2024-07-05 11:10:00+09:00,3035.0,3035.0,3035.0,3035.0,5,0.0,0.0
2024-07-05 11:15:00+09:00,3035.0,3035.0,3035.0,3035.0,0,0.0,0.0
2024-07-05 11:35:00+09:00,3035.0,3035.0,3035.0,3035.0,539,0.0,0.0
2024-07-05 11:40:00+09:00,3040.0,3040.0,3040.0,3040.0,4248,0.0,0.0
2024-07-05 11:55:00+09:00,3045.0,3045.0,3045.0,3045.0,0,0.0,0.0
2024-07-05 12:00:00+09:00,3045.0,3045.0,3040.0,3040.0,92,0.0,0.0
2024-07-05 12:15:00+09:00,3045.0,3045.0,3045.0,3045.0,0,0.0,0.0
2024-07-05 12:20:00+09:00,3040.0,3040.0,3040.0,3040.0,1364,0.0,0.0
2024-07-05 12:35:00+09:00,3045.0,3060.0,3045.0,3060.0,321,0.0,0.0
2024-07-05 12:40:00+09:00,3045.0,3045.0,3045.0,3045.0,19,0.0,0.0
2024-07-05 12:45:00+09:00,3040.0,3045.0,3040.0,3045.0,592,0.0,0.0
2024-07-05 12:50:00+09:00,3045.0,3060.0,3045.0,3060.0,491,0.0,0.0
2024-07-05 12:55:00+09:00,3045.0,3060.0,3045.0,3060.0,10,0.0,0.0
2024-07-05 13:00:00+09:00,3045.0,3060.0,3045.0,3060.0,14,0.0,0.0
2024-07-05 13:05:00+09:00,3040.0,3040.0,3040.0,3040.0,0,0.0,0.0
2024-07-05 13:10:00+09:00,3040.0,3040.0,3040.0,3040.0,191,0.0,0.0
2024-07-05 13:15:00+09:00,3045.0,3045.0,3045.0,3045.0,0,0.0,0.0
2024-07-05 13:25:00+09:00,3045.0,3045.0,3045.0,3045.0,39,0.0,0.0
2024-07-05 13:30:00+09:00,3040.0,3040.0,3040.0,3040.0,1036,0.0,0.0
2024-07-05 13:40:00+09:00,3045.0,3045.0,3045.0,3045.0,0,0.0,0.0
2024-07-05 13:50:00+09:00,3045.0,3045.0,3045.0,3045.0,0,0.0,0.0
2024-07-05 14:05:00+09:00,3050.0,3050.0,3045.0,3050.0,31,0.0,0.0
2024-07-05 14:20:00+09:00,3050.0,3050.0,3050.0,3050.0,1,0.0,0.0
2024-07-05 14:25:00+09:00,3050.0,3050.0,3050.0,3050.0,103,0.0,0.0
2024-07-05 14:30:00+09:00,3050.0,3065.0,3050.0,3065.0,286,0.0,0.0
2024-07-05 14:35:00+09:00,3055.0,3065.0,3055.0,3065.0,15,0.0,0.0
2024-07-05 14:40:00+09:00,3055.0,3055.0,3055.0,3055.0,0,0.0,0.0
2024-07-05 14:50:00+09:00,3055.0,3055.0,3055.0,3055.0,5,0.0,0.0
2024-07-05 14:55:00+09:00,3050.0,3050.0,3045.0,3050.0,10462,0.0,0.0
