Datetime,Open,High,Low,Close,Volume,Dividends,Stock Splits
2024-09-27 09:00:00+09:00,5000.0,5040.0,4945.0,5020.0,0,0.0,0.0
2024-09-27 09:05:00+09:00,5010.0,5110.0,5010.0,5100.0,15075,0.0,0.0
2024-09-27 09:10:00+09:00,5080.0,5180.0,5080.0,5140.0,16733,0.0,0.0
2024-09-27 09:15:00+09:00,5160.0,5250.0,5160.0,5200.0,18553,0.0,0.0
2024-09-27 09:20:00+09:00,5200.0,5270.0,5200.0,5220.0,14831,0.0,0.0
2024-09-27 09:25:00+09:00,5210.0,5310.0,5200.0,5310.0,27171,0.0,0.0
2024-09-27 09:30:00+09:00,5310.0,5330.0,5250.0,5250.0,7525,0.0,0.0
2024-09-27 09:35:00+09:00,5250.0,5320.0,5240.0,5310.0,12416,0.0,0.0
2024-09-27 09:40:00+09:00,5310.0,5390.0,5310.0,5390.0,34047,0.0,0.0
2024-09-27 09:45:00+09:00,5390.0,5430.0,5370.0,5430.0,25200,0.0,0.0
2024-09-27 09:50:00+09:00,5420.0,5430.0,5330.0,5330.0,19311,0.0,0.0
2024-09-27 09:55:00+09:00,5330.0,5380.0,5300.0,5380.0,11219,0.0,0.0
2024-09-27 10:00:00+09:00,5380.0,5400.0,5350.0,5400.0,32300,0.0,0.0
2024-09-27 10:05:00+09:00,5400.0,5400.0,5340.0,5370.0,8438,0.0,0.0
2024-09-27 10:10:00+09:00,5360.0,5360.0,5340.0,5340.0,2446,0.0,0.0
2024-09-27 10:15:00+09:00,5340.0,5350.0,5320.0,5320.0,1576,0.0,0.0
2024-09-27 10:20:00+09:00,5320.0,5330.0,5320.0,5320.0,2629,0.0,0.0
2024-09-27 10:25:00+09:00,5320.0,5320.0,5280.0,5290.0,3806,0.0,0.0
2024-09-27 10:30:00+09:00,5290.0,5290.0,5260.0,5260.0,947,0.0,0.0
2024-09-27 10:35:00+09:00,5270.0,5280.0,5240.0,5280.0,6384,0.0,0.0
2024-09-27 10:40:00+09:00,5270.0,5320.0,5270.0,5320.0,2979,0.0,0.0
2024-09-27 10:45:00+09:00,5310.0,5320.0,5290.0,5290.0,972,0.0,0.0
2024-09-27 10:50:00+09:00,5270.0,5270.0,5240.0,5240.0,2027,0.0,0.0
2024-09-27 10:55:00+09:00,5240.0,5270.0,5240.0,5270.0,556,0.0,0.0
2024-09-27 11:00:00+09:00,5240.0,5330.0,5230.0,5330.0,5742,0.0,0.0
2024-09-27 11:05:00+09:00,5330.0,5330.0,5280.0,5320.0,274,0.0,0.0
2024-09-27 11:10:00+09:00,5300.0,5300.0,5260.0,5260.0,396,0.0,0.0
2024-09-27 11:15:00+09:00,5260.0,5260.0,5260.0,5260.0,20,0.0,0.0
2024-09-27 11:20:00+09:00,5290.0,5290.0,5260.0,5260.0,3,0.0,0.0
2024-09-27 11:25:00+09:00,5260.0,5260.0,5260.0,5260.0,497,0.0,0.0
2024-09-27 11:30:00+09:00,5250.0,5270.0,5250.0,5270.0,74,0.0,0.0
2024-09-27 11:35:00+09:00,5270.0,5270.0,5260.0,5260.0,129,0.0,0.0
2024-09-27 11:40:00+09:00,5280.0,5300.0,5270.0,5270.0,1999,0.0,0.0
2024-09-27 11:45:00+09:00,5270.0,5270.0,5270.0,5270.0,541,0.0,0.0
2024-09-27 11:50:00+09:00,5270.0,5280.0,5260.0,5280.0,696,0.0,0.0
2024-09-27 11:55:00+09:00,5260.0,5260.0,5230.0,5230.0,1010,0.0,0.0
2024-09-27 12:00:00+09:00,5210.0,5290.0,5210.0,5280.0,1510,0.0,0.0
2024-09-27 12:05:00+09:00,5270.0,5280.0,5270.0,5270.0,0,0.0,0.0
2024-09-27 12:10:00+09:00,5250.0,5250.0,5250.0,5250.0,1558,0.0,0.0
2024-09-27 12:15:00+09:00,5250.0,5250.0,5250.0,5250.0,0,0.0,0.0
2024-09-27 12:20:00+09:00,5250.0,5250.0,5250.0,5250.0,538,0.0,0.0
2024-09-27 12:25:00+09:00,5250.0,5260.0,5250.0,5260.0,386,0.0,0.0
2024-09-27 12:30:00+09:00,5260.0,5270.0,5260.0,5270.0,151,0.0,0.0
2024-09-27 12:35:00+09:00,5270.0,5270.0,5260.0,5260.0,214,0.0,0.0
2024-09-27 12:40:00+09:00,5260.0,5280.0,5260.0,5270.0,754,0.0,0.0
2024-09-27 12:45:00+09:00,5280.0,5280.0,5250.0,5280.0,6221,0.0,0.0
2024-09-27 12:50:00+09:00,5280.0,5280.0,5250.0,5250.0,12,0.0,0.0
2024-09-27 12:55:00+09:00,5270.0,5270.0,5260.0,5260.0,866,0.0,0.0
2024-09-27 13:00:00+09:00,5260.0,5270.0,5250.0,5270.0,459,0.0,0.0
2024-09-27 13:05:00+09:00,5270.0,5320.0,5250.0,5320.0,4124,0.0,0.0
2024-09-27 13:10:00+09:00,5320.0,5340.0,5320.0,5320.0,415,0.0,0.0
2024-09-27 13:15:00+09:00,5320.0,5320.0,5310.0,5320.0,117,0.0,0.0
2024-09-27 13:20:00+09:00,5310.0,5320.0,5290.0,5290.0,1581,0.0,0.0
2024-09-27 13:25:00+09:00,5290.0,5290.0,5290.0,5290.0,215,0.0,0.0
2024-09-27 13:30:00+09:00,5300.0,5320.0,5300.0,5320.0,1173,0.0,0.0
2024-09-27 13:35:00+09:00,5320.0,5320.0,5310.0,5320.0,1260,0.0,0.0
2024-09-27 13:40:00+09:00,5320.0,5320.0,5310.0,5310.0,1056,0.0,0.0
2024-09-27 13:45:00+09:00,5310.0,5310.0,5290.0,5290.0,1191,0.0,0.0
2024-09-27 13:55:00+09:00,5290.0,5300.0,5290.0,5290.0,180,0.0,0.0
2024-09-27 14:00:00+09:00,5290.0,5290.0,5290.0,5290.0,798,0.0,0.0
2024-09-27 14:05:00+09:00,5290.0,5300.0,5290.0,5300.0,749,0.0,0.0
2024-09-27 14:10:00+09:00,5300.0,5300.0,5300.0,5300.0,197,0.0,0.0
2024-09-27 14:15:00+09:00,5300.0,5300.0,5300.0,5300.0,385,0.0,0.0
2024-09-27 14:20:00+09:00,5300.0,5300.0,5280.0,5280.0,1359,0.0,0.0
2024-09-27 14:25:00+09:00,5300.0,5340.0,5280.0,5290.0,8669,0.0,0.0
2024-09-27 14:30:00+09:00,5290.0,5300.0,5290.0,5290.0,392,0.0,0.0
2024-09-27 14:35:00+09:00,5290.0,5290.0,5270.0,5270.0,946,0.0,0.0
2024-09-27 14:40:00+09:00,5280.0,5280.0,5270.0,5270.0,152,0.0,0.0
2024-09-27 14:45:00+09:00,5260.0,5260.0,5160.0,5170.0,8328,0.0,0.0
2024-09-27 14:50:00+09:00,5220.0,5240.0,5220.0,5220.0,832,0.0,0.0
2024-09-27 14:55:00+09:00,5220.0,5230.0,5220.0,5230.0,0,0.0,0.0
2024-09-30 09:00:00+09:00,5280.0,5280.0,5190.0,5190.0,0,0.0,0.0
2024-09-30 09:05:00+09:00,5190.0,5240.0,5170.0,5240.0,2726,0.0,0.0
2024-09-30 09:10:00+09:00,5240.0,5240.0,5200.0,5200.0,4235,0.0,0.0
2024-09-30 09:15:00+09:00,5200.0,5210.0,5160.0,5160.0,0,0.0,0.0
2024-09-30 09:20:00+09:00,5200.0,5200.0,5150.0,5150.0,522,0.0,0.0
2024-09-30 09:25:00+09:00,5150.0,5160.0,5130.0,5130.0,1066,0.0,0.0
2024-09-30 09:30:00+09:00,5130.0,5150.0,5130.0,5130.0,616,0.0,0.0
2024-09-30 09:35:00+09:00,5130.0,5140.0,5130.0,5140.0,172,0.0,0.0
2024-09-30 09:40:00+09:00,5140.0,5160.0,5140.0,5160.0,2009,0.0,0.0
2024-09-30 09:45:00+09:00,5170.0,5170.0,5160.0,5160.0,229,0.0,0.0
2024-09-30 09:50:00+09:00,5150.0,5150.0,5150.0,5150.0,239,0.0,0.0
2024-09-30 09:55:00+09:00,5150.0,5160.0,5150.0,5160.0,227,0.0,0.0
2024-09-30 10:00:00+09:00,5170.0,5190.0,5170.0,5180.0,2028,0.0,0.0
2024-09-30 10:05:00+09:00,5180.0,5200.0,5150.0,5190.0,4410,0.0,0.0
2024-09-30 10:10:00+09:00,5180.0,5180.0,5160.0,5160.0,659,0.0,0.0
2024-09-30 10:15:00+09:00,5150.0,5170.0,5150.0,5170.0,45,0.0,0.0
2024-09-30 10:20:00+09:00,5150.0,5170.0,5150.0,5160.0,1277,0.0,0.0
2024-09-30 10:25:00+09:00,5160.0,5180.0,5160.0,5180.0,364,0.0,0.0
2024-09-30 10:30:00+09:00,5160.0,5190.0,5160.0,5190.0,1926,0.0,0.0
2024-09-30 10:35:00+09:00,5170.0,5190.0,5160.0,5190.0,872,0.0,0.0
2024-09-30 10:40:00+09:00,5190.0,5200.0,5180.0,5180.0,0,0.0,0.0
2024-09-30 10:45:00+09:00,5180.0,5200.0,5180.0,5200.0,262,0.0,0.0
2024-09-30 10:50:00+09:00,5200.0,5230.0,5200.0,5230.0,184,0.0,0.0
2024-09-30 10:55:00+09:00,5220.0,5220.0,5210.0,5210.0,443,0.0,0.0
2024-09-30 11:00:00+09:00,5210.0,5210.0,5200.0,5200.0,789,0.0,0.0
2024-09-30 11:05:00+09:00,5190.0,5190.0,5190.0,5190.0,157,0.0,0.0
2024-09-30 11:10:00+09:00,5190.0,5190.0,5170.0,5170.0,4950,0.0,0.0
2024-09-30 11:15:00+09:00,5170.0,5170.0,5160.0,5160.0,497,0.0,0.0
2024-09-30 11:20:00+09:00,5160.0,5170.0,5160.0,5160.0,725,0.0,0.0
2024-09-30 11:25:00+09:00,5160.0,5170.0,5160.0,5170.0,362,0.0,0.0
2024-09-30 11:30:00+09:00,5170.0,5180.0,5170.0,5170.0,137,0.0,0.0
2024-09-30 11:35:00+09:00,5170.0,5180.0,5170.0,5170.0,2333,0.0,0.0
2024-09-30 11:40:00+09:00,5170.0,5190.0,5170.0,5180.0,1466,0.0,0.0
2024-09-30 11:45:00+09:00,5180.0,5190.0,5180.0,5190.0,129,0.0,0.0
2024-09-30 11:50:00+09:00,5180.0,5180.0,5180.0,5180.0,83,0.0,0.0
2024-09-30 11:55:00+09:00,5180.0,5190.0,5180.0,5190.0,334,0.0,0.0
2024-09-30 12:00:00+09:00,5180.0,5180.0,5180.0,5180.0,98,0.0,0.0
2024-09-30 12:05:00+09:00,5180.0,5180.0,5180.0,5180.0,60,0.0,0.0
2024-09-30 12:10:00+09:00,5190.0,5200.0,5180.0,5200.0,159,0.0,0.0
2024-09-30 12:15:00+09:00,5200.0,5210.0,5200.0,5210.0,176,0.0,0.0
2024-09-30 12:20:00+09:00,5200.0,5200.0,5200.0,5200.0,85,0.0,0.0
2024-09-30 12:25:00+09:00,5200.0,5220.0,5190.0,5220.0,303,0.0,0.0
2024-09-30 12:30:00+09:00,5220.0,5220.0,5220.0,5220.0,6,0.0,0.0
2024-09-30 12:40:00+09:00,5220.0,5220.0,5220.0,5220.0,47,0.0,0.0
2024-09-30 12:45:00+09:00,5220.0,5220.0,5220.0,5220.0,100,0.0,0.0
2024-09-30 12:50:00+09:00,5220.0,5220.0,5220.0,5220.0,2,0.0,0.0
2024-09-30 12:55:00+09:00,5220.0,5230.0,5200.0,5230.0,2030,0.0,0.0
2024-09-30 13:00:00+09:00,5210.0,5210.0,5210.0,5210.0,301,0.0,0.0
2024-09-30 13:05:00+09:00,5220.0,5250.0,5220.0,5250.0,1190,0.0,0.0
2024-09-30 13:10:00+09:00,5250.0,5260.0,5250.0,5260.0,4790,0.0,0.0
2024-09-30 13:15:00+09:00,5260.0,5270.0,5260.0,5270.0,1036,0.0,0.0
2024-09-30 13:20:00+09:00,5270.0,5270.0,5270.0,5270.0,289,0.0,0.0
2024-09-30 13:25:00+09:00,5270.0,5280.0,5270.0,5280.0,3981,0.0,0.0
2024-09-30 13:30:00+09:00,5280.0,5300.0,5280.0,5280.0,2064,0.0,0.0
2024-09-30 13:35:00+09:00,5280.0,5290.0,5280.0,5290.0,1097,0.0,0.0
2024-09-30 13:40:00+09:00,5290.0,5300.0,5290.0,5290.0,1879,0.0,0.0
2024-09-30 13:45:00+09:00,5300.0,5300.0,5290.0,5300.0,1848,0.0,0.0
2024-09-30 13:50:00+09:00,5300.0,5300.0,5270.0,5300.0,2178,0.0,0.0
2024-09-30 13:55:00+09:00,5280.0,5280.0,5260.0,5260.0,1422,0.0,0.0
2024-09-30 14:00:00+09:00,5260.0,5260.0,5210.0,5210.0,3436,0.0,0.0
2024-09-30 14:05:00+09:00,5210.0,5230.0,5200.0,5230.0,384,0.0,0.0
2024-09-30 14:10:00+09:00,5200.0,5230.0,5200.0,5230.0,34,0.0,0.0
2024-09-30 14:15:00+09:00,5200.0,5200.0,5180.0,5180.0,1520,0.0,0.0
2024-09-30 14:20:00+09:00,5170.0,5170.0,5150.0,5150.0,1005,0.0,0.0
2024-09-30 14:25:00+09:00,5160.0,5180.0,5160.0,5160.0,1125,0.0,0.0
2024-09-30 14:30:00+09:00,5150.0,5200.0,5140.0,5200.0,2972,0.0,0.0
2024-09-30 14:35:00+09:00,5160.0,5160.0,5160.0,5160.0,411,0.0,0.0
2024-09-30 14:40:00+09:00,5180.0,5180.0,5160.0,5180.0,16,0.0,0.0
2024-09-30 14:45:00+09:00,5170.0,5180.0,5140.0,5170.0,2013,0.0,0.0
2024-09-30 14:55:00+09:00,5170.0,5170.0,5170.0,5170.0,1088,0.0,0.0
2024-10-02 09:00:00+09:00,5170.0,5180.0,5050.0,5110.0,0,0.0,0.0
2024-10-02 09:05:00+09:00,5120.0,5150.0,5120.0,5130.0,999,0.0,0.0
2024-10-02 09:10:00+09:00,5140.0,5180.0,5130.0,5160.0,583,0.0,0.0
2024-10-02 09:15:00+09:00,5160.0,5160.0,5160.0,5160.0,196,0.0,0.0
2024-10-02 09:20:00+09:00,5140.0,5140.0,5120.0,5120.0,1145,0.0,0.0
2024-10-02 09:25:00+09:00,5120.0,5140.0,5110.0,5140.0,951,0.0,0.0
2024-10-02 09:30:00+09:00,5120.0,5120.0,5120.0,5120.0,984,0.0,0.0
2024-10-02 09:35:00+09:00,5130.0,5130.0,5130.0,5130.0,0,0.0,0.0
2024-10-02 09:40:00+09:00,5130.0,5130.0,5120.0,5120.0,195,0.0,0.0
2024-10-02 09:45:00+09:00,5140.0,5140.0,5120.0,5120.0,472,0.0,0.0
2024-10-02 09:50:00+09:00,5120.0,5130.0,5110.0,5130.0,1213,0.0,0.0
2024-10-02 09:55:00+09:00,5130.0,5130.0,5130.0,5130.0,9,0.0,0.0
2024-10-02 10:00:00+09:00,5100.0,5100.0,5090.0,5090.0,512,0.0,0.0
2024-10-02 10:05:00+09:00,5110.0,5110.0,5090.0,5110.0,276,0.0,0.0
2024-10-02 10:10:00+09:00,5100.0,5110.0,5100.0,5110.0,1643,0.0,0.0
2024-10-02 10:15:00+09:00,5110.0,5120.0,5110.0,5120.0,0,0.0,0.0
2024-10-02 10:20:00+09:00,5110.0,5110.0,5110.0,5110.0,226,0.0,0.0
2024-10-02 10:35:00+09:00,5110.0,5110.0,5110.0,5110.0,10,0.0,0.0
2024-10-02 10:40:00+09:00,5110.0,5110.0,5110.0,5110.0,94,0.0,0.0
2024-10-02 10:45:00+09:00,5110.0,5110.0,5100.0,5100.0,2358,0.0,0.0
2024-10-02 10:50:00+09:00,5080.0,5080.0,5070.0,5070.0,302,0.0,0.0
2024-10-02 10:55:00+09:00,5070.0,5090.0,5070.0,5090.0,603,0.0,0.0
2024-10-02 11:05:00+09:00,5090.0,5090.0,5090.0,5090.0,67,0.0,0.0
2024-10-02 11:10:00+09:00,5090.0,5090.0,5090.0,5090.0,17,0.0,0.0
2024-10-02 11:15:00+09:00,5100.0,5120.0,5100.0,5120.0,364,0.0,0.0
2024-10-02 11:20:00+09:00,5120.0,5120.0,5120.0,5120.0,1650,0.0,0.0
2024-10-02 11:25:00+09:00,5120.0,5140.0,5120.0,5140.0,405,0.0,0.0
2024-10-02 11:30:00+09:00,5150.0,5150.0,5150.0,5150.0,146,0.0,0.0
2024-10-02 11:35:00+09:00,5120.0,5150.0,5120.0,5120.0,322,0.0,0.0
2024-10-02 11:40:00+09:00,5120.0,5120.0,5120.0,5120.0,0,0.0,0.0
2024-10-02 11:50:00+09:00,5120.0,5150.0,5120.0,5150.0,0,0.0,0.0
2024-10-02 12:20:00+09:00,5130.0,5130.0,5130.0,5130.0,20,0.0,0.0
2024-10-02 12:25:00+09:00,5140.0,5150.0,5140.0,5150.0,1995,0.0,0.0
2024-10-02 12:45:00+09:00,5150.0,5160.0,5150.0,5160.0,452,0.0,0.0
2024-10-02 12:50:00+09:00,5160.0,5170.0,5160.0,5170.0,4456,0.0,0.0
2024-10-02 12:55:00+09:00,5150.0,5170.0,5130.0,5170.0,1235,0.0,0.0
2024-10-02 13:00:00+09:00,5170.0,5170.0,5170.0,5170.0,0,0.0,0.0
2024-10-02 13:05:00+09:00,5150.0,5160.0,5140.0,5160.0,104,0.0,0.0
2024-10-02 13:10:00+09:00,5160.0,5160.0,5160.0,5160.0,49,0.0,0.0
2024-10-02 13:15:00+09:00,5160.0,5160.0,5150.0,5150.0,254,0.0,0.0
2024-10-02 13:20:00+09:00,5150.0,5160.0,5150.0,5160.0,97,0.0,0.0
2024-10-02 13:25:00+09:00,5150.0,5150.0,5150.0,5150.0,0,0.0,0.0
2024-10-02 13:30:00+09:00,5150.0,5150.0,5150.0,5150.0,40,0.0,0.0
2024-10-02 13:35:00+09:00,5150.0,5160.0,5150.0,5160.0,361,0.0,0.0
2024-10-02 13:50:00+09:00,5160.0,5160.0,5160.0,5160.0,85,0.0,0.0
2024-10-02 13:55:00+09:00,5160.0,5170.0,5160.0,5170.0,176,0.0,0.0
2024-10-02 14:00:00+09:00,5170.0,5180.0,5170.0,5180.0,4,0.0,0.0
2024-10-02 14:05:00+09:00,5190.0,5280.0,5190.0,5260.0,1650,0.0,0.0
2024-10-02 14:10:00+09:00,5250.0,5250.0,5240.0,5250.0,275,0.0,0.0
2024-10-02 14:15:00+09:00,5240.0,5250.0,5230.0,5250.0,329,0.0,0.0
2024-10-02 14:20:00+09:00,5250.0,5320.0,5250.0,5320.0,4173,0.0,0.0
2024-10-02 14:25:00+09:00,5320.0,5320.0,5280.0,5280.0,762,0.0,0.0
2024-10-02 14:30:00+09:00,5270.0,5270.0,5270.0,5270.0,2,0.0,0.0
2024-10-02 14:35:00+09:00,5250.0,5250.0,5250.0,5250.0,28,0.0,0.0
2024-10-02 14:40:00+09:00,5260.0,5260.0,5250.0,5250.0,231,0.0,0.0
2024-10-02 14:45:00+09:00,5250.0,5250.0,5240.0,5240.0,0,0.0,0.0
2024-10-02 14:50:00+09:00,5240.0,5240.0,5230.0,5230.0,3708,0.0,0.0
2024-10-02 14:55:00+09:00,5230.0,5240.0,5230.0,5240.0,211,0.0,0.0
2024-10-04 09:00:00+09:00,5250.0,5470.0,5230.0,5340.0,0,0.0,0.0
2024-10-04 09:05:00+09:00,5380.0,5420.0,5350.0,5370.0,12279,0.0,0.0
2024-10-04 09:10:00+09:00,5350.0,5380.0,5330.0,5370.0,4397,0.0,0.0
2024-10-04 09:15:00+09:00,5340.0,5370.0,5340.0,5370.0,1957,0.0,0.0
2024-10-04 09:20:00+09:00,5360.0,5410.0,5360.0,5410.0,3501,0.0,0.0
2024-10-04 09:25:00+09:00,5400.0,5520.0,5400.0,5500.0,31442,0.0,0.0
2024-10-04 09:30:00+09:00,5500.0,5500.0,5450.0,5470.0,2420,0.0,0.0
2024-10-04 09:35:00+09:00,5460.0,5490.0,5450.0,5490.0,3914,0.0,0.0
2024-10-04 09:40:00+09:00,5490.0,5490.0,5470.0,5470.0,1819,0.0,0.0
2024-10-04 09:45:00+09:00,5470.0,5550.0,5470.0,5520.0,14779,0.0,0.0
2024-10-04 09:50:00+09:00,5510.0,5520.0,5490.0,5500.0,4217,0.0,0.0
2024-10-04 09:55:00+09:00,5500.0,5500.0,5490.0,5490.0,808,0.0,0.0
2024-10-04 10:00:00+09:00,5510.0,5510.0,5500.0,5500.0,3320,0.0,0.0
2024-10-04 10:05:00+09:00,5500.0,5510.0,5490.0,5500.0,1377,0.0,0.0
2024-10-04 10:10:00+09:00,5500.0,5510.0,5490.0,5490.0,3056,0.0,0.0
2024-10-04 10:15:00+09:00,5490.0,5490.0,5480.0,5490.0,726,0.0,0.0
2024-10-04 10:20:00+09:00,5480.0,5480.0,5460.0,5460.0,2552,0.0,0.0
2024-10-04 10:25:00+09:00,5460.0,5460.0,5440.0,5460.0,3239,0.0,0.0
2024-10-04 10:30:00+09:00,5440.0,5440.0,5420.0,5420.0,755,0.0,0.0
2024-10-04 10:35:00+09:00,5430.0,5450.0,5430.0,5450.0,3155,0.0,0.0
2024-10-04 10:40:00+09:00,5460.0,5500.0,5460.0,5500.0,1212,0.0,0.0
2024-10-04 10:45:00+09:00,5460.0,5500.0,5460.0,5460.0,1097,0.0,0.0
2024-10-04 10:50:00+09:00,5460.0,5460.0,5450.0,5450.0,1570,0.0,0.0
2024-10-04 10:55:00+09:00,5440.0,5470.0,5430.0,5470.0,6005,0.0,0.0
2024-10-04 11:00:00+09:00,5470.0,5470.0,5450.0,5450.0,2245,0.0,0.0
2024-10-04 11:05:00+09:00,5450.0,5460.0,5440.0,5440.0,4296,0.0,0.0
2024-10-04 11:10:00+09:00,5440.0,5460.0,5420.0,5420.0,16252,0.0,0.0
2024-10-04 11:15:00+09:00,5420.0,5430.0,5420.0,5420.0,760,0.0,0.0
2024-10-04 11:20:00+09:00,5420.0,5430.0,5420.0,5430.0,1723,0.0,0.0
2024-10-04 11:25:00+09:00,5430.0,5430.0,5410.0,5420.0,2318,0.0,0.0
2024-10-04 11:30:00+09:00,5420.0,5420.0,5420.0,5420.0,2,0.0,0.0
2024-10-04 11:35:00+09:00,5420.0,5460.0,5420.0,5460.0,5266,0.0,0.0
2024-10-04 11:40:00+09:00,5430.0,5460.0,5430.0,5460.0,0,0.0,0.0
2024-10-04 11:45:00+09:00,5440.0,5440.0,5430.0,5440.0,430,0.0,0.0
2024-10-04 11:50:00+09:00,5430.0,5440.0,5420.0,5440.0,349,0.0,0.0
2024-10-04 11:55:00+09:00,5440.0,5450.0,5440.0,5450.0,2202,0.0,0.0
2024-10-04 12:00:00+09:00,5420.0,5430.0,5420.0,5430.0,96,0.0,0.0
2024-10-04 12:05:00+09:00,5440.0,5440.0,5440.0,5440.0,39,0.0,0.0
2024-10-04 12:10:00+09:00,5430.0,5430.0,5430.0,5430.0,140,0.0,0.0
2024-10-04 12:15:00+09:00,5430.0,5430.0,5430.0,5430.0,745,0.0,0.0
2024-10-04 12:20:00+09:00,5420.0,5450.0,5420.0,5450.0,7130,0.0,0.0
2024-10-04 12:25:00+09:00,5460.0,5460.0,5430.0,5440.0,970,0.0,0.0
2024-10-04 12:30:00+09:00,5430.0,5440.0,5430.0,5440.0,5,0.0,0.0
2024-10-04 12:35:00+09:00,5430.0,5430.0,5430.0,5430.0,471,0.0,0.0
2024-10-04 12:40:00+09:00,5430.0,5430.0,5430.0,5430.0,0,0.0,0.0
2024-10-04 12:45:00+09:00,5440.0,5440.0,5430.0,5430.0,787,0.0,0.0
2024-10-04 12:50:00+09:00,5440.0,5440.0,5410.0,5430.0,2845,0.0,0.0
2024-10-04 12:55:00+09:00,5430.0,5440.0,5430.0,5430.0,1111,0.0,0.0
2024-10-04 13:00:00+09:00,5430.0,5500.0,5430.0,5500.0,14941,0.0,0.0
2024-10-04 13:05:00+09:00,5500.0,5660.0,5500.0,5640.0,69055,0.0,0.0
2024-10-04 13:10:00+09:00,5640.0,5710.0,5590.0,5680.0,39799,0.0,0.0
2024-10-04 13:15:00+09:00,5680.0,5720.0,5640.0,5720.0,17098,0.0,0.0
2024-10-04 13:20:00+09:00,5720.0,5720.0,5670.0,5680.0,7148,0.0,0.0
2024-10-04 13:25:00+09:00,5670.0,5680.0,5650.0,5650.0,3565,0.0,0.0
2024-10-04 13:30:00+09:00,5650.0,5670.0,5610.0,5670.0,5575,0.0,0.0
2024-10-04 13:35:00+09:00,5640.0,5700.0,5640.0,5670.0,3796,0.0,0.0
2024-10-04 13:40:00+09:00,5650.0,5660.0,5650.0,5650.0,925,0.0,0.0
2024-10-04 13:45:00+09:00,5640.0,5640.0,5620.0,5630.0,5139,0.0,0.0
2024-10-04 13:50:00+09:00,5630.0,5630.0,5570.0,5630.0,8807,0.0,0.0
2024-10-04 13:55:00+09:00,5650.0,5650.0,5610.0,5610.0,1633,0.0,0.0
2024-10-04 14:00:00+09:00,5610.0,5630.0,5610.0,5620.0,630,0.0,0.0
2024-10-04 14:05:00+09:00,5630.0,5670.0,5630.0,5670.0,2755,0.0,0.0
2024-10-04 14:10:00+09:00,5670.0,5670.0,5650.0,5650.0,418,0.0,0.0
2024-10-04 14:15:00+09:00,5650.0,5700.0,5640.0,5700.0,20866,0.0,0.0
2024-10-04 14:20:00+09:00,5700.0,5700.0,5670.0,5690.0,0,0.0,0.0
2024-10-04 14:25:00+09:00,5690.0,5730.0,5680.0,5680.0,11968,0.0,0.0
2024-10-04 14:30:00+09:00,5680.0,5730.0,5680.0,5730.0,7757,0.0,0.0
2024-10-04 14:35:00+09:00,5720.0,5740.0,5710.0,5730.0,17791,0.0,0.0
2024-10-04 14:40:00+09:00,5730.0,5740.0,5710.0,5710.0,3415,0.0,0.0
2024-10-04 14:45:00+09:00,5710.0,5720.0,5690.0,5720.0,2359,0.0,0.0
2024-10-04 14:50:00+09:00,5700.0,5720.0,5680.0,5680.0,7021,0.0,0.0
2024-10-04 14:55:00+09:00,5680.0,5710.0,5670.0,5700.0,5933,0.0,0.0
2024-10-07 09:00:00+09:00,5740.0,5790.0,5450.0,5670.0,0,0.0,0.0
2024-10-07 09:05:00+09:00,5670.0,5670.0,5600.0,5640.0,1956,0.0,0.0
2024-10-07 09:10:00+09:00,5630.0,5680.0,5610.0,5650.0,5708,0.0,0.0
2024-10-07 09:15:00+09:00,5650.0,5860.0,5650.0,5760.0,22841,0.0,0.0
2024-10-07 09:20:00+09:00,5760.0,5800.0,5720.0,5760.0,4625,0.0,0.0
2024-10-07 09:25:00+09:00,5760.0,5770.0,5750.0,5750.0,744,0.0,0.0
2024-10-07 09:30:00+09:00,5760.0,5780.0,5720.0,5730.0,11756,0.0,0.0
2024-10-07 09:35:00+09:00,5730.0,5770.0,5700.0,5700.0,4960,0.0,0.0
2024-10-07 09:40:00+09:00,5710.0,5780.0,5710.0,5780.0,4139,0.0,0.0
2024-10-07 09:45:00+09:00,5770.0,5800.0,5750.0,5790.0,3643,0.0,0.0
2024-10-07 09:50:00+09:00,5790.0,5800.0,5770.0,5780.0,2755,0.0,0.0
2024-10-07 09:55:00+09:00,5780.0,5820.0,5780.0,5820.0,5445,0.0,0.0
2024-10-07 10:00:00+09:00,5820.0,5860.0,5800.0,5800.0,5080,0.0,0.0
2024-10-07 10:05:00+09:00,5800.0,5830.0,5780.0,5800.0,2454,0.0,0.0
2024-10-07 10:10:00+09:00,5800.0,5830.0,5800.0,5800.0,1860,0.0,0.0
2024-10-07 10:15:00+09:00,5810.0,5830.0,5790.0,5790.0,1397,0.0,0.0
2024-10-07 10:20:00+09:00,5810.0,5820.0,5770.0,5770.0,2188,0.0,0.0
2024-10-07 10:25:00+09:00,5790.0,5810.0,5770.0,5800.0,757,0.0,0.0
2024-10-07 10:30:00+09:00,5800.0,5810.0,5750.0,5750.0,3012,0.0,0.0
2024-10-07 10:35:00+09:00,5750.0,5860.0,5720.0,5740.0,8003,0.0,0.0
2024-10-07 10:40:00+09:00,5800.0,5810.0,5800.0,5810.0,1469,0.0,0.0
2024-10-07 10:45:00+09:00,5800.0,5810.0,5770.0,5780.0,1367,0.0,0.0
2024-10-07 10:50:00+09:00,5780.0,5810.0,5770.0,5790.0,1097,0.0,0.0
2024-10-07 10:55:00+09:00,5770.0,5810.0,5770.0,5770.0,1241,0.0,0.0
2024-10-07 11:00:00+09:00,5770.0,5810.0,5770.0,5790.0,827,0.0,0.0
2024-10-07 11:05:00+09:00,5790.0,5800.0,5770.0,5770.0,675,0.0,0.0
2024-10-07 11:10:00+09:00,5770.0,5810.0,5770.0,5780.0,1130,0.0,0.0
2024-10-07 11:15:00+09:00,5780.0,5810.0,5780.0,5800.0,1265,0.0,0.0
2024-10-07 11:20:00+09:00,5800.0,5800.0,5790.0,5800.0,1216,0.0,0.0
2024-10-07 11:25:00+09:00,5800.0,5810.0,5800.0,5800.0,366,0.0,0.0
2024-10-07 11:30:00+09:00,5800.0,5810.0,5780.0,5800.0,1685,0.0,0.0
2024-10-07 11:35:00+09:00,5790.0,5810.0,5780.0,5780.0,1165,0.0,0.0
2024-10-07 11:40:00+09:00,5790.0,5820.0,5790.0,5800.0,4884,0.0,0.0
2024-10-07 11:45:00+09:00,5810.0,5830.0,5810.0,5820.0,451,0.0,0.0
2024-10-07 11:50:00+09:00,5820.0,5850.0,5800.0,5820.0,1434,0.0,0.0
2024-10-07 11:55:00+09:00,5820.0,5860.0,5810.0,5860.0,6257,0.0,0.0
2024-10-07 12:00:00+09:00,5850.0,5860.0,5820.0,5840.0,1928,0.0,0.0
2024-10-07 12:05:00+09:00,5850.0,5850.0,5840.0,5840.0,40,0.0,0.0
2024-10-07 12:10:00+09:00,5840.0,5860.0,5780.0,5780.0,2463,0.0,0.0
2024-10-07 12:15:00+09:00,5800.0,5820.0,5800.0,5820.0,1604,0.0,0.0
2024-10-07 12:20:00+09:00,5820.0,5840.0,5740.0,5760.0,1500,0.0,0.0
2024-10-07 12:25:00+09:00,5800.0,5800.0,5740.0,5740.0,842,0.0,0.0
2024-10-07 12:30:00+09:00,5790.0,5810.0,5790.0,5800.0,1302,0.0,0.0
2024-10-07 12:35:00+09:00,5810.0,5840.0,5810.0,5820.0,1546,0.0,0.0
2024-10-07 12:40:00+09:00,5820.0,5830.0,5790.0,5790.0,1687,0.0,0.0
2024-10-07 12:45:00+09:00,5790.0,5790.0,5760.0,5760.0,333,0.0,0.0
2024-10-07 12:50:00+09:00,5780.0,5790.0,5760.0,5760.0,1319,0.0,0.0
2024-10-07 12:55:00+09:00,5780.0,5800.0,5780.0,5800.0,2323,0.0,0.0
2024-10-07 13:00:00+09:00,5790.0,5830.0,5790.0,5790.0,821,0.0,0.0
2024-10-07 13:05:00+09:00,5820.0,5830.0,5820.0,5830.0,393,0.0,0.0
2024-10-07 13:10:00+09:00,5830.0,5840.0,5810.0,5810.0,1940,0.0,0.0
2024-10-07 13:15:00+09:00,5840.0,5850.0,5810.0,5850.0,9945,0.0,0.0
2024-10-07 13:20:00+09:00,5850.0,5860.0,5840.0,5840.0,4438,0.0,0.0
2024-10-07 13:25:00+09:00,5840.0,5850.0,5830.0,5840.0,1286,0.0,0.0
2024-10-07 13:30:00+09:00,5850.0,5880.0,5830.0,5870.0,1864,0.0,0.0
2024-10-07 13:35:00+09:00,5860.0,5870.0,5860.0,5870.0,1719,0.0,0.0
2024-10-07 13:40:00+09:00,5870.0,5880.0,5850.0,5850.0,1621,0.0,0.0
2024-10-07 13:45:00+09:00,5850.0,5850.0,5850.0,5850.0,1123,0.0,0.0
2024-10-07 13:50:00+09:00,5860.0,5870.0,5840.0,5840.0,1693,0.0,0.0
2024-10-07 13:55:00+09:00,5860.0,5870.0,5840.0,5840.0,1185,0.0,0.0
2024-10-07 14:00:00+09:00,5860.0,5870.0,5840.0,5860.0,2882,0.0,0.0
2024-10-07 14:05:00+09:00,5860.0,5870.0,5860.0,5870.0,1376,0.0,0.0
2024-10-07 14:10:00+09:00,5870.0,5870.0,5830.0,5830.0,1240,0.0,0.0
2024-10-07 14:15:00+09:00,5850.0,5870.0,5810.0,5810.0,3659,0.0,0.0
2024-10-07 14:20:00+09:00,5840.0,5860.0,5780.0,5860.0,7389,0.0,0.0
2024-10-07 14:25:00+09:00,5860.0,5860.0,5780.0,5780.0,2326,0.0,0.0
2024-10-07 14:30:00+09:00,5780.0,5780.0,5760.0,5760.0,969,0.0,0.0
2024-10-07 14:35:00+09:00,5780.0,5780.0,5760.0,5760.0,459,0.0,0.0
2024-10-07 14:40:00+09:00,5780.0,5790.0,5780.0,5790.0,999,0.0,0.0
2024-10-07 14:45:00+09:00,5780.0,5780.0,5780.0,5780.0,10,0.0,0.0
2024-10-07 14:50:00+09:00,5790.0,5790.0,5780.0,5790.0,476,0.0,0.0
2024-10-07 14:55:00+09:00,5790.0,5800.0,5790.0,5800.0,802,0.0,0.0
2024-10-08 09:00:00+09:00,5720.0,5720.0,5700.0,5720.0,1001,0.0,0.0
2024-10-08 09:05:00+09:00,5730.0,5750.0,5720.0,5750.0,315,0.0,0.0
2024-10-08 09:10:00+09:00,5750.0,5750.0,5700.0,5700.0,4117,0.0,0.0
2024-10-08 09:15:00+09:00,5710.0,5730.0,5700.0,5730.0,0,0.0,0.0
2024-10-08 09:20:00+09:00,5760.0,5760.0,5710.0,5740.0,0,0.0,0.0
2024-10-08 09:25:00+09:00,5710.0,5720.0,5710.0,5720.0,129,0.0,0.0
2024-10-08 09:30:00+09:00,5720.0,5730.0,5710.0,5710.0,754,0.0,0.0
2024-10-08 09:35:00+09:00,5710.0,5710.0,5700.0,5700.0,44,0.0,0.0
2024-10-08 09:40:00+09:00,5710.0,5710.0,5690.0,5690.0,5817,0.0,0.0
2024-10-08 09:45:00+09:00,5690.0,5720.0,5690.0,5710.0,125,0.0,0.0
2024-10-08 09:50:00+09:00,5730.0,5730.0,5730.0,5730.0,1886,0.0,0.0
2024-10-08 09:55:00+09:00,5720.0,5730.0,5670.0,5670.0,7149,0.0,0.0
2024-10-08 10:00:00+09:00,5670.0,5670.0,5620.0,5650.0,3350,0.0,0.0
2024-10-08 10:05:00+09:00,5650.0,5650.0,5630.0,5630.0,0,0.0,0.0
2024-10-08 10:10:00+09:00,5650.0,5650.0,5600.0,5600.0,2998,0.0,0.0
2024-10-08 10:15:00+09:00,5610.0,5630.0,5580.0,5580.0,1358,0.0,0.0
2024-10-08 10:20:00+09:00,5580.0,5590.0,5580.0,5590.0,1096,0.0,0.0
2024-10-08 10:25:00+09:00,5590.0,5590.0,5560.0,5570.0,389,0.0,0.0
2024-10-08 10:30:00+09:00,5570.0,5600.0,5560.0,5600.0,3466,0.0,0.0
2024-10-08 10:35:00+09:00,5600.0,5600.0,5590.0,5590.0,37,0.0,0.0
2024-10-08 10:40:00+09:00,5600.0,5600.0,5600.0,5600.0,0,0.0,0.0
2024-10-08 10:45:00+09:00,5600.0,5600.0,5600.0,5600.0,538,0.0,0.0
2024-10-08 10:50:00+09:00,5600.0,5600.0,5600.0,5600.0,568,0.0,0.0
2024-10-08 10:55:00+09:00,5590.0,5590.0,5560.0,5560.0,432,0.0,0.0
2024-10-08 11:00:00+09:00,5560.0,5560.0,5530.0,5560.0,4999,0.0,0.0
2024-10-08 11:05:00+09:00,5550.0,5580.0,5540.0,5580.0,1080,0.0,0.0
2024-10-08 11:10:00+09:00,5580.0,5590.0,5470.0,5520.0,10278,0.0,0.0
2024-10-08 11:15:00+09:00,5520.0,5520.0,5500.0,5500.0,491,0.0,0.0
2024-10-08 11:20:00+09:00,5500.0,5500.0,5450.0,5470.0,8784,0.0,0.0
2024-10-08 11:25:00+09:00,5480.0,5500.0,5480.0,5500.0,387,0.0,0.0
2024-10-08 11:30:00+09:00,5480.0,5480.0,5460.0,5460.0,3634,0.0,0.0
2024-10-08 11:35:00+09:00,5460.0,5480.0,5460.0,5480.0,4525,0.0,0.0
2024-10-08 11:40:00+09:00,5480.0,5480.0,5480.0,5480.0,18,0.0,0.0
2024-10-08 11:45:00+09:00,5480.0,5490.0,5470.0,5470.0,196,0.0,0.0
2024-10-08 11:50:00+09:00,5460.0,5480.0,5460.0,5460.0,68,0.0,0.0
2024-10-08 11:55:00+09:00,5480.0,5480.0,5400.0,5400.0,7787,0.0,0.0
2024-10-08 12:00:00+09:00,5400.0,5400.0,5350.0,5370.0,16927,0.0,0.0
2024-10-08 12:05:00+09:00,5370.0,5500.0,5370.0,5490.0,11181,0.0,0.0
2024-10-08 12:10:00+09:00,5460.0,5500.0,5460.0,5500.0,2857,0.0,0.0
2024-10-08 12:15:00+09:00,5470.0,5500.0,5440.0,5440.0,2802,0.0,0.0
2024-10-08 12:20:00+09:00,5440.0,5440.0,5420.0,5440.0,1715,0.0,0.0
2024-10-08 12:25:00+09:00,5430.0,5430.0,5390.0,5390.0,4596,0.0,0.0
2024-10-08 12:30:00+09:00,5390.0,5390.0,5380.0,5380.0,136,0.0,0.0
2024-10-08 12:35:00+09:00,5380.0,5390.0,5380.0,5390.0,454,0.0,0.0
2024-10-08 12:40:00+09:00,5370.0,5390.0,5370.0,5370.0,2341,0.0,0.0
2024-10-08 12:45:00+09:00,5360.0,5360.0,5330.0,5360.0,9225,0.0,0.0
2024-10-08 12:50:00+09:00,5340.0,5340.0,5270.0,5280.0,13724,0.0,0.0
2024-10-08 12:55:00+09:00,5280.0,5320.0,5280.0,5320.0,2847,0.0,0.0
2024-10-08 13:00:00+09:00,5310.0,5320.0,5170.0,5220.0,19820,0.0,0.0
2024-10-08 13:05:00+09:00,5220.0,5350.0,5220.0,5350.0,14468,0.0,0.0
2024-10-08 13:10:00+09:00,5350.0,5390.0,5330.0,5390.0,1587,0.0,0.0
2024-10-08 13:15:00+09:00,5400.0,5430.0,5390.0,5420.0,2061,0.0,0.0
2024-10-08 13:20:00+09:00,5400.0,5420.0,5400.0,5420.0,1030,0.0,0.0
2024-10-08 13:25:00+09:00,5420.0,5440.0,5360.0,5370.0,988,0.0,0.0
2024-10-08 13:30:00+09:00,5370.0,5380.0,5330.0,5330.0,1470,0.0,0.0
2024-10-08 13:35:00+09:00,5370.0,5370.0,5350.0,5350.0,277,0.0,0.0
2024-10-08 13:40:00+09:00,5370.0,5370.0,5360.0,5360.0,178,0.0,0.0
2024-10-08 13:45:00+09:00,5370.0,5400.0,5370.0,5400.0,243,0.0,0.0
2024-10-08 13:50:00+09:00,5410.0,5460.0,5410.0,5460.0,4831,0.0,0.0
2024-10-08 13:55:00+09:00,5450.0,5450.0,5450.0,5450.0,36,0.0,0.0
2024-10-08 14:00:00+09:00,5440.0,5450.0,5420.0,5420.0,532,0.0,0.0
2024-10-08 14:10:00+09:00,5420.0,5440.0,5410.0,5410.0,291,0.0,0.0
2024-10-08 14:20:00+09:00,5410.0,5430.0,5410.0,5430.0,0,0.0,0.0
2024-10-08 14:25:00+09:00,5430.0,5430.0,5430.0,5430.0,0,0.0,0.0
2024-10-08 14:30:00+09:00,5420.0,5420.0,5420.0,5420.0,194,0.0,0.0
2024-10-08 14:35:00+09:00,5420.0,5420.0,5420.0,5420.0,239,0.0,0.0
2024-10-08 14:40:00+09:00,5420.0,5420.0,5410.0,5410.0,70,0.0,0.0
2024-10-08 14:45:00+09:00,5420.0,5420.0,5420.0,5420.0,199,0.0,0.0
2024-10-08 14:50:00+09:00,5420.0,5430.0,5410.0,5410.0,66,0.0,0.0
2024-10-08 14:55:00+09:00,5410.0,5410.0,5400.0,5410.0,588,0.0,0.0
2024-10-10 09:00:00+09:00,5310.0,5360.0,5240.0,5360.0,0,0.0,0.0
2024-10-10 09:05:00+09:00,5330.0,5350.0,5280.0,5300.0,8807,0.0,0.0
2024-10-10 09:10:00+09:00,5300.0,5300.0,5180.0,5200.0,3151,0.0,0.0
2024-10-10 09:15:00+09:00,5180.0,5250.0,5180.0,5240.0,15341,0.0,0.0
2024-10-10 09:20:00+09:00,5240.0,5270.0,5240.0,5260.0,334,0.0,0.0
2024-10-10 09:25:00+09:00,5260.0,5270.0,5260.0,5270.0,1078,0.0,0.0
2024-10-10 09:30:00+09:00,5250.0,5270.0,5250.0,5260.0,65,0.0,0.0
2024-10-10 09:35:00+09:00,5260.0,5310.0,5260.0,5310.0,1240,0.0,0.0
2024-10-10 09:40:00+09:00,5300.0,5310.0,5270.0,5270.0,512,0.0,0.0
2024-10-10 09:45:00+09:00,5270.0,5280.0,5260.0,5260.0,348,0.0,0.0
2024-10-10 09:50:00+09:00,5270.0,5270.0,5240.0,5240.0,1664,0.0,0.0
2024-10-10 09:55:00+09:00,5240.0,5250.0,5240.0,5240.0,1111,0.0,0.0
2024-10-10 10:00:00+09:00,5240.0,5270.0,5220.0,5270.0,593,0.0,0.0
2024-10-10 10:05:00+09:00,5280.0,5290.0,5280.0,5290.0,176,0.0,0.0
2024-10-10 10:10:00+09:00,5290.0,5310.0,5290.0,5300.0,514,0.0,0.0
2024-10-10 10:15:00+09:00,5270.0,5270.0,5270.0,5270.0,280,0.0,0.0
2024-10-10 10:25:00+09:00,5280.0,5280.0,5280.0,5280.0,0,0.0,0.0
2024-10-10 10:30:00+09:00,5280.0,5280.0,5280.0,5280.0,39,0.0,0.0
2024-10-10 10:35:00+09:00,5280.0,5280.0,5250.0,5250.0,568,0.0,0.0
2024-10-10 10:40:00+09:00,5250.0,5250.0,5230.0,5250.0,591,0.0,0.0
2024-10-10 10:45:00+09:00,5250.0,5250.0,5220.0,5230.0,2242,0.0,0.0
2024-10-10 10:50:00+09:00,5230.0,5260.0,5230.0,5260.0,1061,0.0,0.0
2024-10-10 10:55:00+09:00,5260.0,5310.0,5260.0,5310.0,5621,0.0,0.0
2024-10-10 11:05:00+09:00,5290.0,5300.0,5290.0,5300.0,0,0.0,0.0
2024-10-10 11:10:00+09:00,5300.0,5300.0,5290.0,5290.0,489,0.0,0.0
2024-10-10 11:15:00+09:00,5280.0,5280.0,5280.0,5280.0,371,0.0,0.0
2024-10-10 11:20:00+09:00,5290.0,5300.0,5290.0,5300.0,616,0.0,0.0
2024-10-10 11:25:00+09:00,5290.0,5300.0,5290.0,5290.0,596,0.0,0.0
2024-10-10 11:35:00+09:00,5290.0,5290.0,5290.0,5290.0,16,0.0,0.0
2024-10-10 11:40:00+09:00,5290.0,5290.0,5280.0,5280.0,1115,0.0,0.0
2024-10-10 11:45:00+09:00,5280.0,5280.0,5280.0,5280.0,0,0.0,0.0
2024-10-10 11:50:00+09:00,5280.0,5290.0,5280.0,5280.0,95,0.0,0.0
2024-10-10 11:55:00+09:00,5280.0,5280.0,5280.0,5280.0,0,0.0,0.0
2024-10-10 12:00:00+09:00,5290.0,5290.0,5290.0,5290.0,2,0.0,0.0
2024-10-10 12:10:00+09:00,5290.0,5290.0,5290.0,5290.0,2,0.0,0.0
2024-10-10 12:15:00+09:00,5280.0,5280.0,5280.0,5280.0,132,0.0,0.0
2024-10-10 12:20:00+09:00,5290.0,5290.0,5280.0,5280.0,0,0.0,0.0
2024-10-10 12:25:00+09:00,5280.0,5280.0,5270.0,5270.0,1216,0.0,0.0
2024-10-10 12:30:00+09:00,5270.0,5270.0,5240.0,5260.0,432,0.0,0.0
2024-10-10 12:35:00+09:00,5260.0,5260.0,5260.0,5260.0,13,0.0,0.0
2024-10-10 12:40:00+09:00,5260.0,5260.0,5260.0,5260.0,4,0.0,0.0
2024-10-10 12:55:00+09:00,5250.0,5250.0,5250.0,5250.0,154,0.0,0.0
2024-10-10 13:05:00+09:00,5250.0,5250.0,5250.0,5250.0,54,0.0,0.0
2024-10-10 13:10:00+09:00,5250.0,5250.0,5240.0,5240.0,242,0.0,0.0
2024-10-10 13:15:00+09:00,5250.0,5250.0,5240.0,5240.0,41,0.0,0.0
2024-10-10 13:20:00+09:00,5240.0,5240.0,5240.0,5240.0,2686,0.0,0.0
2024-10-10 13:25:00+09:00,5250.0,5250.0,5240.0,5240.0,119,0.0,0.0
2024-10-10 13:30:00+09:00,5240.0,5250.0,5240.0,5250.0,666,0.0,0.0
2024-10-10 13:35:00+09:00,5260.0,5260.0,5260.0,5260.0,0,0.0,0.0
2024-10-10 13:40:00+09:00,5270.0,5270.0,5270.0,5270.0,3,0.0,0.0
2024-10-10 13:45:00+09:00,5270.0,5290.0,5270.0,5290.0,1368,0.0,0.0
2024-10-10 13:50:00+09:00,5290.0,5300.0,5290.0,5300.0,539,0.0,0.0
2024-10-10 13:55:00+09:00,5300.0,5320.0,5300.0,5320.0,1583,0.0,0.0
2024-10-10 14:00:00+09:00,5320.0,5330.0,5310.0,5320.0,76,0.0,0.0
2024-10-10 14:05:00+09:00,5310.0,5330.0,5310.0,5330.0,77,0.0,0.0
2024-10-10 14:10:00+09:00,5310.0,5330.0,5310.0,5330.0,66,0.0,0.0
2024-10-10 14:15:00+09:00,5310.0,5310.0,5290.0,5290.0,1822,0.0,0.0
2024-10-10 14:20:00+09:00,5290.0,5290.0,5270.0,5270.0,3996,0.0,0.0
2024-10-10 14:25:00+09:00,5260.0,5280.0,5260.0,5280.0,94,0.0,0.0
2024-10-10 14:30:00+09:00,5280.0,5300.0,5280.0,5300.0,4783,0.0,0.0
2024-10-10 14:35:00+09:00,5280.0,5280.0,5280.0,5280.0,2,0.0,0.0
2024-10-10 14:40:00+09:00,5290.0,5290.0,5260.0,5260.0,6205,0.0,0.0
2024-10-10 14:50:00+09:00,5280.0,5280.0,5280.0,5280.0,0,0.0,0.0
2024-10-10 14:55:00+09:00,5290.0,5290.0,5270.0,5270.0,61,0.0,0.0
2024-10-11 09:00:00+09:00,5200.0,5260.0,5190.0,5230.0,10108,0.0,0.0
2024-10-11 09:05:00+09:00,5230.0,5230.0,5220.0,5220.0,332,0.0,0.0
2024-10-11 09:10:00+09:00,5230.0,5230.0,5190.0,5190.0,660,0.0,0.0
2024-10-11 09:15:00+09:00,5220.0,5230.0,5200.0,5230.0,578,0.0,0.0
2024-10-11 09:20:00+09:00,5200.0,5200.0,5200.0,5200.0,176,0.0,0.0
2024-10-11 09:25:00+09:00,5220.0,5230.0,5220.0,5220.0,723,0.0,0.0
2024-10-11 09:30:00+09:00,5220.0,5220.0,5220.0,5220.0,0,0.0,0.0
2024-10-11 09:35:00+09:00,5210.0,5220.0,5170.0,5220.0,3728,0.0,0.0
2024-10-11 09:40:00+09:00,5210.0,5220.0,5210.0,5220.0,1,0.0,0.0
2024-10-11 09:50:00+09:00,5220.0,5310.0,5220.0,5310.0,8924,0.0,0.0
2024-10-11 09:55:00+09:00,5270.0,5290.0,5260.0,5280.0,2225,0.0,0.0
2024-10-11 10:00:00+09:00,5270.0,5300.0,5270.0,5300.0,541,0.0,0.0
2024-10-11 10:05:00+09:00,5300.0,5310.0,5280.0,5290.0,1298,0.0,0.0
2024-10-11 10:10:00+09:00,5300.0,5310.0,5290.0,5300.0,2004,0.0,0.0
2024-10-11 10:15:00+09:00,5300.0,5300.0,5300.0,5300.0,48,0.0,0.0
2024-10-11 10:20:00+09:00,5300.0,5300.0,5300.0,5300.0,199,0.0,0.0
2024-10-11 10:25:00+09:00,5290.0,5290.0,5280.0,5280.0,0,0.0,0.0
2024-10-11 10:30:00+09:00,5280.0,5280.0,5240.0,5240.0,2755,0.0,0.0
2024-10-11 10:35:00+09:00,5230.0,5240.0,5230.0,5240.0,71,0.0,0.0
2024-10-11 10:40:00+09:00,5250.0,5280.0,5250.0,5250.0,3125,0.0,0.0
2024-10-11 10:45:00+09:00,5270.0,5280.0,5270.0,5280.0,956,0.0,0.0
2024-10-11 10:50:00+09:00,5280.0,5350.0,5260.0,5300.0,2682,0.0,0.0
2024-10-11 11:00:00+09:00,5290.0,5290.0,5260.0,5260.0,67,0.0,0.0
2024-10-11 11:05:00+09:00,5260.0,5280.0,5240.0,5280.0,5562,0.0,0.0
2024-10-11 11:10:00+09:00,5280.0,5280.0,5280.0,5280.0,1244,0.0,0.0
2024-10-11 11:15:00+09:00,5280.0,5280.0,5280.0,5280.0,0,0.0,0.0
2024-10-11 11:20:00+09:00,5240.0,5240.0,5240.0,5240.0,2,0.0,0.0
2024-10-11 11:25:00+09:00,5250.0,5250.0,5250.0,5250.0,97,0.0,0.0
2024-10-11 11:30:00+09:00,5260.0,5260.0,5260.0,5260.0,0,0.0,0.0
2024-10-11 11:35:00+09:00,5230.0,5230.0,5230.0,5230.0,1468,0.0,0.0
2024-10-11 11:40:00+09:00,5230.0,5230.0,5220.0,5220.0,636,0.0,0.0
2024-10-11 11:50:00+09:00,5220.0,5250.0,5220.0,5250.0,0,0.0,0.0
2024-10-11 12:05:00+09:00,5230.0,5230.0,5230.0,5230.0,20,0.0,0.0
2024-10-11 12:15:00+09:00,5230.0,5230.0,5230.0,5230.0,0,0.0,0.0
2024-10-11 12:25:00+09:00,5230.0,5230.0,5190.0,5200.0,22225,0.0,0.0
2024-10-11 12:30:00+09:00,5180.0,5180.0,5170.0,5170.0,6493,0.0,0.0
2024-10-11 12:35:00+09:00,5180.0,5190.0,5170.0,5170.0,7917,0.0,0.0
2024-10-11 12:40:00+09:00,5170.0,5170.0,5150.0,5150.0,5665,0.0,0.0
2024-10-11 12:45:00+09:00,5140.0,5150.0,5130.0,5130.0,3958,0.0,0.0
2024-10-11 12:50:00+09:00,5130.0,5140.0,5080.0,5080.0,44131,0.0,0.0
2024-10-11 12:55:00+09:00,5080.0,5120.0,5070.0,5110.0,6287,0.0,0.0
2024-10-11 13:00:00+09:00,5110.0,5110.0,5090.0,5090.0,3261,0.0,0.0
2024-10-11 13:05:00+09:00,5080.0,5100.0,5070.0,5100.0,4769,0.0,0.0
2024-10-11 13:10:00+09:00,5100.0,5100.0,5060.0,5070.0,1179,0.0,0.0
2024-10-11 13:15:00+09:00,5060.0,5080.0,5050.0,5070.0,5260,0.0,0.0
2024-10-11 13:20:00+09:00,5070.0,5080.0,5070.0,5080.0,2192,0.0,0.0
2024-10-11 13:25:00+09:00,5080.0,5080.0,5060.0,5060.0,1511,0.0,0.0
2024-10-11 13:30:00+09:00,5060.0,5060.0,5040.0,5050.0,2371,0.0,0.0
2024-10-11 13:35:00+09:00,5060.0,5070.0,5040.0,5070.0,6510,0.0,0.0
2024-10-11 13:40:00+09:00,5070.0,5070.0,5030.0,5030.0,3309,0.0,0.0
2024-10-11 13:45:00+09:00,5050.0,5050.0,5020.0,5040.0,4398,0.0,0.0
2024-10-11 13:50:00+09:00,5050.0,5050.0,5030.0,5050.0,5950,0.0,0.0
2024-10-11 13:55:00+09:00,5050.0,5050.0,5020.0,5040.0,6699,0.0,0.0
2024-10-11 14:00:00+09:00,5040.0,5050.0,5040.0,5050.0,334,0.0,0.0
2024-10-11 14:05:00+09:00,5050.0,5050.0,5030.0,5030.0,555,0.0,0.0
2024-10-11 14:10:00+09:00,5050.0,5050.0,5040.0,5040.0,0,0.0,0.0
2024-10-11 14:15:00+09:00,5030.0,5050.0,5010.0,5040.0,3771,0.0,0.0
2024-10-11 14:20:00+09:00,5050.0,5050.0,5030.0,5030.0,4530,0.0,0.0
2024-10-11 14:25:00+09:00,5050.0,5050.0,5050.0,5050.0,0,0.0,0.0
2024-10-11 14:30:00+09:00,5050.0,5050.0,5050.0,5050.0,309,0.0,0.0
2024-10-11 14:35:00+09:00,5040.0,5040.0,5000.0,5030.0,7245,0.0,0.0
2024-10-11 14:40:00+09:00,5040.0,5100.0,5040.0,5050.0,1254,0.0,0.0
2024-10-11 14:45:00+09:00,5050.0,5050.0,5020.0,5030.0,1251,0.0,0.0
2024-10-11 14:50:00+09:00,5030.0,5040.0,4990.0,5010.0,22405,0.0,0.0
2024-10-11 14:55:00+09:00,5000.0,5040.0,4955.0,4990.0,39085,0.0,0.0
2024-10-14 09:00:00+09:00,4965.0,5020.0,4965.0,5020.0,0,0.0,0.0
2024-10-14 09:05:00+09:00,5020.0,5020.0,4990.0,4990.0,915,0.0,0.0
2024-10-14 09:10:00+09:00,5000.0,5010.0,4955.0,4955.0,2091,0.0,0.0
2024-10-14 09:15:00+09:00,4970.0,5000.0,4970.0,5000.0,1394,0.0,0.0
2024-10-14 09:20:00+09:00,5000.0,5000.0,4985.0,4985.0,251,0.0,0.0
2024-10-14 09:25:00+09:00,4990.0,5000.0,4990.0,5000.0,156,0.0,0.0
2024-10-14 09:30:00+09:00,4995.0,5000.0,4990.0,5000.0,75,0.0,0.0
2024-10-14 09:35:00+09:00,5000.0,5000.0,4980.0,4980.0,2304,0.0,0.0
2024-10-14 09:40:00+09:00,4975.0,4980.0,4970.0,4975.0,1668,0.0,0.0
2024-10-14 09:45:00+09:00,4970.0,4975.0,4970.0,4975.0,831,0.0,0.0
2024-10-14 09:50:00+09:00,4975.0,4975.0,4960.0,4960.0,1561,0.0,0.0
2024-10-14 09:55:00+09:00,4965.0,4970.0,4905.0,4905.0,5561,0.0,0.0
2024-10-14 10:00:00+09:00,4910.0,4975.0,4900.0,4900.0,8878,0.0,0.0
2024-10-14 10:05:00+09:00,4910.0,4910.0,4865.0,4865.0,9737,0.0,0.0
2024-10-14 10:10:00+09:00,4880.0,4880.0,4870.0,4875.0,2373,0.0,0.0
2024-10-14 10:15:00+09:00,4875.0,4875.0,4860.0,4870.0,3074,0.0,0.0
2024-10-14 10:20:00+09:00,4865.0,4880.0,4850.0,4870.0,3430,0.0,0.0
2024-10-14 10:25:00+09:00,4870.0,4925.0,4870.0,4925.0,1063,0.0,0.0
2024-10-14 10:30:00+09:00,4915.0,4915.0,4900.0,4900.0,129,0.0,0.0
2024-10-14 10:35:00+09:00,4890.0,4890.0,4885.0,4890.0,484,0.0,0.0
2024-10-14 10:40:00+09:00,4895.0,4895.0,4880.0,4880.0,463,0.0,0.0
2024-10-14 10:45:00+09:00,4890.0,4890.0,4880.0,4880.0,262,0.0,0.0
2024-10-14 10:50:00+09:00,4880.0,4880.0,4880.0,4880.0,1658,0.0,0.0
2024-10-14 10:55:00+09:00,4875.0,4905.0,4875.0,4890.0,1123,0.0,0.0
2024-10-14 11:00:00+09:00,4895.0,4910.0,4895.0,4910.0,381,0.0,0.0
2024-10-14 11:05:00+09:00,4910.0,4995.0,4900.0,4920.0,2418,0.0,0.0
2024-10-14 11:10:00+09:00,4930.0,4930.0,4915.0,4915.0,785,0.0,0.0
2024-10-14 11:15:00+09:00,4920.0,4925.0,4920.0,4920.0,1236,0.0,0.0
2024-10-14 11:20:00+09:00,4920.0,4935.0,4920.0,4935.0,493,0.0,0.0
2024-10-14 11:25:00+09:00,4935.0,4935.0,4930.0,4930.0,48,0.0,0.0
2024-10-14 11:30:00+09:00,4930.0,4930.0,4930.0,4930.0,0,0.0,0.0
2024-10-14 11:35:00+09:00,4930.0,4940.0,4930.0,4940.0,681,0.0,0.0
2024-10-14 11:40:00+09:00,4935.0,5000.0,4935.0,4935.0,1992,0.0,0.0
2024-10-14 11:45:00+09:00,4945.0,5090.0,4945.0,4960.0,6521,0.0,0.0
2024-10-14 11:50:00+09:00,5000.0,5100.0,4935.0,4935.0,13923,0.0,0.0
2024-10-14 11:55:00+09:00,4955.0,5100.0,4955.0,4970.0,20986,0.0,0.0
2024-10-14 12:00:00+09:00,4995.0,5090.0,4980.0,5080.0,9829,0.0,0.0
2024-10-14 12:05:00+09:00,5010.0,5100.0,4995.0,5090.0,7362,0.0,0.0
2024-10-14 12:10:00+09:00,5010.0,5040.0,4980.0,5040.0,2100,0.0,0.0
2024-10-14 12:15:00+09:00,5040.0,5040.0,4990.0,5030.0,737,0.0,0.0
2024-10-14 12:20:00+09:00,5030.0,5030.0,4990.0,5020.0,1453,0.0,0.0
2024-10-14 12:25:00+09:00,5020.0,5020.0,4985.0,4995.0,196,0.0,0.0
2024-10-14 12:30:00+09:00,4990.0,5000.0,4990.0,4990.0,46,0.0,0.0
2024-10-14 12:35:00+09:00,4995.0,4995.0,4995.0,4995.0,1,0.0,0.0
2024-10-14 12:45:00+09:00,4995.0,5040.0,4995.0,5010.0,2745,0.0,0.0
2024-10-14 12:50:00+09:00,5010.0,5090.0,5000.0,5070.0,16063,0.0,0.0
2024-10-14 12:55:00+09:00,5010.0,5010.0,5000.0,5000.0,125,0.0,0.0
2024-10-14 13:05:00+09:00,5000.0,5000.0,4990.0,4990.0,0,0.0,0.0
2024-10-14 13:10:00+09:00,4995.0,5030.0,4995.0,5000.0,1539,0.0,0.0
2024-10-14 13:15:00+09:00,5000.0,5000.0,5000.0,5000.0,0,0.0,0.0
2024-10-14 13:25:00+09:00,5000.0,5000.0,4995.0,4995.0,4,0.0,0.0
2024-10-14 13:30:00+09:00,4995.0,4995.0,4985.0,4985.0,305,0.0,0.0
2024-10-14 13:35:00+09:00,4985.0,4985.0,4975.0,4975.0,1081,0.0,0.0
2024-10-14 13:40:00+09:00,4975.0,4975.0,4975.0,4975.0,0,0.0,0.0
2024-10-14 13:45:00+09:00,4980.0,4980.0,4980.0,4980.0,795,0.0,0.0
2024-10-14 13:50:00+09:00,4980.0,4980.0,4980.0,4980.0,0,0.0,0.0
2024-10-14 13:55:00+09:00,4980.0,4980.0,4980.0,4980.0,169,0.0,0.0
2024-10-14 14:00:00+09:00,4985.0,5000.0,4985.0,5000.0,123,0.0,0.0
2024-10-14 14:05:00+09:00,5000.0,5000.0,5000.0,5000.0,0,0.0,0.0
2024-10-14 14:10:00+09:00,5010.0,5010.0,4985.0,4985.0,973,0.0,0.0
2024-10-14 14:15:00+09:00,5010.0,5010.0,4990.0,4990.0,430,0.0,0.0
2024-10-14 14:20:00+09:00,4995.0,4995.0,4980.0,4980.0,1536,0.0,0.0
2024-10-14 14:25:00+09:00,4985.0,4985.0,4985.0,4985.0,0,0.0,0.0
2024-10-14 14:30:00+09:00,4985.0,4985.0,4985.0,4985.0,33,0.0,0.0
2024-10-14 14:35:00+09:00,4985.0,4985.0,4970.0,4975.0,617,0.0,0.0
2024-10-14 14:40:00+09:00,4975.0,4980.0,4975.0,4980.0,1,0.0,0.0
2024-10-14 14:45:00+09:00,4980.0,4990.0,4980.0,4990.0,181,0.0,0.0
2024-10-14 14:50:00+09:00,4990.0,4990.0,4980.0,4980.0,2352,0.0,0.0
2024-10-14 14:55:00+09:00,4980.0,4990.0,4975.0,4990.0,26,0.0,0.0
2024-10-15 09:00:00+09:00,5020.0,5040.0,5020.0,5020.0,1374,0.0,0.0
2024-10-15 09:05:00+09:00,5030.0,5070.0,5030.0,5040.0,4042,0.0,0.0
2024-10-15 09:10:00+09:00,5040.0,5060.0,5040.0,5050.0,800,0.0,0.0
2024-10-15 09:15:00+09:00,5050.0,5060.0,5050.0,5060.0,1355,0.0,0.0
2024-10-15 09:20:00+09:00,5070.0,5070.0,5040.0,5040.0,0,0.0,0.0
2024-10-15 09:25:00+09:00,5040.0,5050.0,5040.0,5040.0,401,0.0,0.0
2024-10-15 09:30:00+09:00,5040.0,5040.0,5000.0,5020.0,6788,0.0,0.0
2024-10-15 09:35:00+09:00,5000.0,5000.0,5000.0,5000.0,100,0.0,0.0
2024-10-15 09:40:00+09:00,5020.0,5050.0,5020.0,5050.0,420,0.0,0.0
2024-10-15 09:45:00+09:00,5020.0,5020.0,5000.0,5000.0,306,0.0,0.0
2024-10-15 09:50:00+09:00,5030.0,5070.0,5030.0,5070.0,1812,0.0,0.0
2024-10-15 09:55:00+09:00,5050.0,5060.0,5050.0,5060.0,966,0.0,0.0
2024-10-15 10:00:00+09:00,5060.0,5080.0,5050.0,5080.0,1583,0.0,0.0
2024-10-15 10:05:00+09:00,5060.0,5070.0,5060.0,5060.0,1596,0.0,0.0
2024-10-15 10:10:00+09:00,5060.0,5070.0,5060.0,5070.0,0,0.0,0.0
2024-10-15 10:15:00+09:00,5060.0,5070.0,5030.0,5030.0,6066,0.0,0.0
2024-10-15 10:20:00+09:00,5020.0,5050.0,4995.0,5050.0,9978,0.0,0.0
2024-10-15 10:25:00+09:00,5040.0,5040.0,5040.0,5040.0,13,0.0,0.0
2024-10-15 10:30:00+09:00,5010.0,5010.0,4995.0,4995.0,3459,0.0,0.0
2024-10-15 10:35:00+09:00,5020.0,5020.0,5020.0,5020.0,0,0.0,0.0
2024-10-15 10:40:00+09:00,4990.0,4990.0,4990.0,4990.0,1638,0.0,0.0
2024-10-15 10:45:00+09:00,5010.0,5020.0,4990.0,5020.0,623,0.0,0.0
2024-10-15 10:50:00+09:00,5010.0,5020.0,5010.0,5020.0,201,0.0,0.0
2024-10-15 10:55:00+09:00,5010.0,5010.0,5000.0,5000.0,6,0.0,0.0
2024-10-15 11:00:00+09:00,5000.0,5020.0,4995.0,5020.0,571,0.0,0.0
2024-10-15 11:05:00+09:00,5020.0,5020.0,5020.0,5020.0,2490,0.0,0.0
2024-10-15 11:10:00+09:00,5020.0,5020.0,5020.0,5020.0,232,0.0,0.0
2024-10-15 11:15:00+09:00,5020.0,5020.0,4950.0,4950.0,10093,0.0,0.0
2024-10-15 11:20:00+09:00,4990.0,4990.0,4980.0,4980.0,0,0.0,0.0
2024-10-15 11:25:00+09:00,4985.0,4985.0,4985.0,4985.0,2,0.0,0.0
2024-10-15 11:30:00+09:00,4985.0,4985.0,4985.0,4985.0,28,0.0,0.0
2024-10-15 11:35:00+09:00,4985.0,4985.0,4980.0,4985.0,1659,0.0,0.0
2024-10-15 11:40:00+09:00,4985.0,4985.0,4980.0,4980.0,3431,0.0,0.0
2024-10-15 11:50:00+09:00,4985.0,4985.0,4985.0,4985.0,12,0.0,0.0
2024-10-15 11:55:00+09:00,4985.0,4985.0,4980.0,4980.0,411,0.0,0.0
2024-10-15 12:00:00+09:00,4980.0,4980.0,4970.0,4970.0,74,0.0,0.0
2024-10-15 12:05:00+09:00,4970.0,4970.0,4970.0,4970.0,221,0.0,0.0
2024-10-15 12:10:00+09:00,4970.0,4970.0,4970.0,4970.0,332,0.0,0.0
2024-10-15 12:15:00+09:00,4970.0,4970.0,4970.0,4970.0,36,0.0,0.0
2024-10-15 12:20:00+09:00,4970.0,4970.0,4970.0,4970.0,2,0.0,0.0
2024-10-15 12:25:00+09:00,4965.0,4970.0,4960.0,4970.0,204,0.0,0.0
2024-10-15 12:30:00+09:00,4970.0,4970.0,4970.0,4970.0,158,0.0,0.0
2024-10-15 12:35:00+09:00,4970.0,4970.0,4970.0,4970.0,0,0.0,0.0
2024-10-15 12:40:00+09:00,4970.0,4975.0,4970.0,4975.0,295,0.0,0.0
2024-10-15 12:45:00+09:00,4970.0,4970.0,4965.0,4965.0,46,0.0,0.0
2024-10-15 12:50:00+09:00,4980.0,4980.0,4980.0,4980.0,3,0.0,0.0
2024-10-15 13:05:00+09:00,4980.0,4980.0,4975.0,4980.0,2230,0.0,0.0
2024-10-15 13:10:00+09:00,4980.0,4995.0,4970.0,4995.0,1706,0.0,0.0
2024-10-15 13:15:00+09:00,4970.0,4970.0,4970.0,4970.0,283,0.0,0.0
2024-10-15 13:30:00+09:00,4990.0,4990.0,4990.0,4990.0,100,0.0,0.0
2024-10-15 13:35:00+09:00,4990.0,4990.0,4985.0,4985.0,500,0.0,0.0
2024-10-15 13:45:00+09:00,4985.0,4990.0,4985.0,4990.0,2100,0.0,0.0
2024-10-15 13:50:00+09:00,4990.0,4995.0,4975.0,4975.0,405,0.0,0.0
2024-10-15 13:55:00+09:00,4990.0,5010.0,4985.0,4985.0,2899,0.0,0.0
2024-10-15 14:00:00+09:00,4990.0,5050.0,4990.0,5050.0,2219,0.0,0.0
2024-10-15 14:05:00+09:00,5020.0,5020.0,5020.0,5020.0,0,0.0,0.0
2024-10-15 14:10:00+09:00,5000.0,5010.0,5000.0,5000.0,123,0.0,0.0
2024-10-15 14:15:00+09:00,5000.0,5000.0,5000.0,5000.0,168,0.0,0.0
2024-10-15 14:20:00+09:00,5000.0,5000.0,4960.0,4970.0,12208,0.0,0.0
2024-10-15 14:25:00+09:00,4975.0,4980.0,4975.0,4980.0,83,0.0,0.0
2024-10-15 14:30:00+09:00,4975.0,4975.0,4960.0,4975.0,1000,0.0,0.0
2024-10-15 14:35:00+09:00,4975.0,4975.0,4970.0,4970.0,893,0.0,0.0
2024-10-15 14:40:00+09:00,4970.0,5000.0,4970.0,5000.0,159,0.0,0.0
2024-10-15 14:45:00+09:00,4985.0,5000.0,4985.0,4990.0,1196,0.0,0.0
2024-10-15 14:50:00+09:00,4995.0,5050.0,4995.0,5020.0,1848,0.0,0.0
2024-10-15 14:55:00+09:00,5030.0,5030.0,4995.0,5010.0,4310,0.0,0.0
2024-10-16 09:00:00+09:00,4960.0,4960.0,4900.0,4900.0,3134,0.0,0.0
2024-10-16 09:05:00+09:00,4900.0,4900.0,4860.0,4880.0,5648,0.0,0.0
2024-10-16 09:10:00+09:00,4875.0,4875.0,4830.0,4830.0,3896,0.0,0.0
2024-10-16 09:15:00+09:00,4835.0,4955.0,4835.0,4840.0,1663,0.0,0.0
2024-10-16 09:20:00+09:00,4870.0,4870.0,4855.0,4870.0,1087,0.0,0.0
2024-10-16 09:25:00+09:00,4870.0,4870.0,4850.0,4870.0,202,0.0,0.0
2024-10-16 09:30:00+09:00,4875.0,4885.0,4875.0,4885.0,431,0.0,0.0
2024-10-16 09:35:00+09:00,4885.0,4885.0,4885.0,4885.0,9,0.0,0.0
2024-10-16 09:40:00+09:00,4885.0,4885.0,4885.0,4885.0,28,0.0,0.0
2024-10-16 09:45:00+09:00,4880.0,4895.0,4845.0,4895.0,5107,0.0,0.0
2024-10-16 09:50:00+09:00,4875.0,4875.0,4875.0,4875.0,21,0.0,0.0
2024-10-16 09:55:00+09:00,4875.0,4875.0,4870.0,4870.0,12,0.0,0.0
2024-10-16 10:00:00+09:00,4870.0,4870.0,4870.0,4870.0,3,0.0,0.0
2024-10-16 10:05:00+09:00,4870.0,4870.0,4870.0,4870.0,499,0.0,0.0
2024-10-16 10:10:00+09:00,4870.0,4870.0,4870.0,4870.0,204,0.0,0.0
2024-10-16 10:20:00+09:00,4870.0,4875.0,4870.0,4875.0,33,0.0,0.0
2024-10-16 10:25:00+09:00,4865.0,4865.0,4865.0,4865.0,733,0.0,0.0
2024-10-16 10:30:00+09:00,4870.0,4870.0,4870.0,4870.0,12,0.0,0.0
2024-10-16 10:35:00+09:00,4870.0,4875.0,4860.0,4860.0,3128,0.0,0.0
2024-10-16 10:40:00+09:00,4855.0,4860.0,4845.0,4860.0,0,0.0,0.0
2024-10-16 10:45:00+09:00,4860.0,4860.0,4860.0,4860.0,395,0.0,0.0
2024-10-16 10:50:00+09:00,4860.0,4860.0,4860.0,4860.0,844,0.0,0.0
2024-10-16 10:55:00+09:00,4895.0,4895.0,4895.0,4895.0,0,0.0,0.0
2024-10-16 11:00:00+09:00,4895.0,4895.0,4880.0,4895.0,254,0.0,0.0
2024-10-16 11:05:00+09:00,4895.0,4895.0,4895.0,4895.0,4,0.0,0.0
2024-10-16 11:10:00+09:00,4895.0,4895.0,4895.0,4895.0,0,0.0,0.0
2024-10-16 11:20:00+09:00,4895.0,4895.0,4895.0,4895.0,2,0.0,0.0
2024-10-16 11:25:00+09:00,4895.0,4895.0,4895.0,4895.0,1,0.0,0.0
2024-10-16 11:35:00+09:00,4895.0,4895.0,4895.0,4895.0,14,0.0,0.0
2024-10-16 11:45:00+09:00,4880.0,4880.0,4875.0,4875.0,1605,0.0,0.0
2024-10-16 11:50:00+09:00,4890.0,4890.0,4890.0,4890.0,2,0.0,0.0
2024-10-16 12:00:00+09:00,4880.0,4885.0,4880.0,4885.0,60,0.0,0.0
2024-10-16 12:05:00+09:00,4885.0,4885.0,4885.0,4885.0,24,0.0,0.0
2024-10-16 12:10:00+09:00,4880.0,4880.0,4880.0,4880.0,395,0.0,0.0
2024-10-16 12:15:00+09:00,4875.0,4875.0,4875.0,4875.0,53,0.0,0.0
2024-10-16 12:25:00+09:00,4875.0,4875.0,4875.0,4875.0,20,0.0,0.0
2024-10-16 12:30:00+09:00,4870.0,4875.0,4870.0,4875.0,657,0.0,0.0
2024-10-16 12:40:00+09:00,4875.0,4875.0,4870.0,4875.0,125,0.0,0.0
2024-10-16 12:45:00+09:00,4875.0,4875.0,4865.0,4865.0,6082,0.0,0.0
2024-10-16 12:50:00+09:00,4870.0,4880.0,4870.0,4880.0,4486,0.0,0.0
2024-10-16 12:55:00+09:00,4875.0,4875.0,4870.0,4870.0,7996,0.0,0.0
2024-10-16 13:00:00+09:00,4865.0,4865.0,4835.0,4835.0,5896,0.0,0.0
2024-10-16 13:05:00+09:00,4860.0,4860.0,4855.0,4855.0,22,0.0,0.0
2024-10-16 13:10:00+09:00,4860.0,4860.0,4840.0,4840.0,498,0.0,0.0
2024-10-16 13:15:00+09:00,4840.0,4840.0,4840.0,4840.0,0,0.0,0.0
2024-10-16 13:20:00+09:00,4840.0,4840.0,4840.0,4840.0,253,0.0,0.0
2024-10-16 13:25:00+09:00,4845.0,4845.0,4845.0,4845.0,18,0.0,0.0
2024-10-16 13:30:00+09:00,4845.0,4845.0,4835.0,4835.0,836,0.0,0.0
2024-10-16 13:35:00+09:00,4835.0,4835.0,4795.0,4795.0,10241,0.0,0.0
2024-10-16 13:40:00+09:00,4795.0,4815.0,4795.0,4815.0,407,0.0,0.0
2024-10-16 13:50:00+09:00,4805.0,4805.0,4800.0,4805.0,2006,0.0,0.0
2024-10-16 13:55:00+09:00,4810.0,4810.0,4810.0,4810.0,0,0.0,0.0
2024-10-16 14:00:00+09:00,4810.0,4810.0,4795.0,4795.0,1671,0.0,0.0
2024-10-16 14:10:00+09:00,4810.0,4835.0,4810.0,4835.0,2227,0.0,0.0
2024-10-16 14:15:00+09:00,4835.0,4890.0,4835.0,4880.0,12161,0.0,0.0
2024-10-16 14:20:00+09:00,4880.0,4880.0,4880.0,4880.0,117,0.0,0.0
2024-10-16 14:30:00+09:00,4870.0,4870.0,4805.0,4810.0,4432,0.0,0.0
2024-10-16 14:35:00+09:00,4800.0,4805.0,4800.0,4805.0,252,0.0,0.0
2024-10-16 14:40:00+09:00,4815.0,4830.0,4805.0,4810.0,1762,0.0,0.0
2024-10-16 14:45:00+09:00,4810.0,4810.0,4810.0,4810.0,80,0.0,0.0
2024-10-16 14:50:00+09:00,4805.0,4805.0,4790.0,4790.0,9330,0.0,0.0
2024-10-16 14:55:00+09:00,4810.0,4810.0,4810.0,4810.0,0,0.0,0.0
2024-10-17 09:00:00+09:00,4780.0,4845.0,4780.0,4845.0,687,0.0,0.0
2024-10-17 09:05:00+09:00,4860.0,4885.0,4860.0,4880.0,468,0.0,0.0
2024-10-17 09:10:00+09:00,4875.0,4875.0,4860.0,4860.0,599,0.0,0.0
2024-10-17 09:15:00+09:00,4870.0,4875.0,4870.0,4875.0,141,0.0,0.0
2024-10-17 09:20:00+09:00,4875.0,4875.0,4865.0,4865.0,292,0.0,0.0
2024-10-17 09:30:00+09:00,4865.0,4865.0,4775.0,4800.0,4404,0.0,0.0
2024-10-17 09:35:00+09:00,4785.0,4785.0,4775.0,4775.0,2676,0.0,0.0
2024-10-17 09:40:00+09:00,4755.0,4760.0,4755.0,4760.0,0,0.0,0.0
2024-10-17 09:45:00+09:00,4760.0,4760.0,4750.0,4750.0,9872,0.0,0.0
2024-10-17 09:50:00+09:00,4750.0,4930.0,4730.0,4790.0,10564,0.0,0.0
2024-10-17 09:55:00+09:00,4770.0,4770.0,4710.0,4755.0,3441,0.0,0.0
2024-10-17 10:00:00+09:00,4755.0,4755.0,4755.0,4755.0,206,0.0,0.0
2024-10-17 10:05:00+09:00,4780.0,4790.0,4780.0,4790.0,8,0.0,0.0
2024-10-17 10:10:00+09:00,4820.0,4870.0,4815.0,4830.0,120,0.0,0.0
2024-10-17 10:15:00+09:00,4860.0,4860.0,4750.0,4810.0,4163,0.0,0.0
2024-10-17 10:20:00+09:00,4815.0,4815.0,4795.0,4795.0,1091,0.0,0.0
2024-10-17 10:25:00+09:00,4810.0,4820.0,4810.0,4820.0,50,0.0,0.0
2024-10-17 10:30:00+09:00,4820.0,4820.0,4815.0,4815.0,262,0.0,0.0
2024-10-17 10:35:00+09:00,4820.0,4850.0,4820.0,4850.0,1620,0.0,0.0
2024-10-17 10:40:00+09:00,4850.0,4850.0,4830.0,4835.0,1529,0.0,0.0
2024-10-17 10:45:00+09:00,4835.0,4835.0,4825.0,4825.0,0,0.0,0.0
2024-10-17 10:50:00+09:00,4830.0,4830.0,4805.0,4815.0,2466,0.0,0.0
2024-10-17 10:55:00+09:00,4835.0,4840.0,4785.0,4835.0,5232,0.0,0.0
2024-10-17 11:00:00+09:00,4830.0,4830.0,4830.0,4830.0,81,0.0,0.0
2024-10-17 11:05:00+09:00,4830.0,4830.0,4820.0,4820.0,122,0.0,0.0
2024-10-17 11:10:00+09:00,4810.0,4830.0,4800.0,4830.0,2597,0.0,0.0
2024-10-17 11:15:00+09:00,4830.0,4835.0,4800.0,4800.0,33,0.0,0.0
2024-10-17 11:20:00+09:00,4805.0,4830.0,4805.0,4830.0,52,0.0,0.0
2024-10-17 11:25:00+09:00,4830.0,4830.0,4825.0,4830.0,200,0.0,0.0
2024-10-17 11:30:00+09:00,4835.0,4835.0,4830.0,4835.0,38,0.0,0.0
2024-10-17 11:35:00+09:00,4835.0,4835.0,4835.0,4835.0,1919,0.0,0.0
2024-10-17 11:40:00+09:00,4855.0,4855.0,4830.0,4850.0,240,0.0,0.0
2024-10-17 11:45:00+09:00,4855.0,4860.0,4855.0,4860.0,230,0.0,0.0
2024-10-17 11:50:00+09:00,4860.0,4860.0,4840.0,4855.0,99,0.0,0.0
2024-10-17 11:55:00+09:00,4855.0,4880.0,4840.0,4880.0,911,0.0,0.0
2024-10-17 12:00:00+09:00,4855.0,4890.0,4855.0,4890.0,2022,0.0,0.0
2024-10-17 12:05:00+09:00,4890.0,4900.0,4870.0,4875.0,1575,0.0,0.0
2024-10-17 12:10:00+09:00,4880.0,4880.0,4870.0,4880.0,49,0.0,0.0
2024-10-17 12:15:00+09:00,4880.0,4890.0,4875.0,4890.0,1962,0.0,0.0
2024-10-17 12:20:00+09:00,4885.0,4920.0,4885.0,4910.0,2857,0.0,0.0
2024-10-17 12:25:00+09:00,4910.0,4915.0,4910.0,4910.0,574,0.0,0.0
2024-10-17 12:30:00+09:00,4910.0,4910.0,4905.0,4905.0,118,0.0,0.0
2024-10-17 12:35:00+09:00,4910.0,4910.0,4895.0,4895.0,134,0.0,0.0
2024-10-17 12:40:00+09:00,4895.0,4895.0,4885.0,4885.0,814,0.0,0.0
2024-10-17 12:45:00+09:00,4885.0,4890.0,4885.0,4885.0,108,0.0,0.0
2024-10-17 12:50:00+09:00,4890.0,4890.0,4880.0,4880.0,1192,0.0,0.0
2024-10-17 12:55:00+09:00,4875.0,4875.0,4865.0,4870.0,206,0.0,0.0
2024-10-17 13:00:00+09:00,4870.0,4870.0,4870.0,4870.0,141,0.0,0.0
2024-10-17 13:05:00+09:00,4875.0,4885.0,4875.0,4885.0,285,0.0,0.0
2024-10-17 13:10:00+09:00,4885.0,4885.0,4835.0,4835.0,2740,0.0,0.0
2024-10-17 13:15:00+09:00,4845.0,4870.0,4825.0,4825.0,909,0.0,0.0
2024-10-17 13:20:00+09:00,4860.0,4860.0,4835.0,4835.0,724,0.0,0.0
2024-10-17 13:25:00+09:00,4835.0,4835.0,4830.0,4830.0,2438,0.0,0.0
2024-10-17 13:30:00+09:00,4825.0,4835.0,4820.0,4835.0,2730,0.0,0.0
2024-10-17 13:35:00+09:00,4835.0,4855.0,4835.0,4835.0,2009,0.0,0.0
2024-10-17 13:40:00+09:00,4835.0,4870.0,4800.0,4870.0,3334,0.0,0.0
2024-10-17 13:45:00+09:00,4870.0,4870.0,4820.0,4850.0,1288,0.0,0.0
2024-10-17 13:50:00+09:00,4845.0,4845.0,4840.0,4840.0,202,0.0,0.0
2024-10-17 13:55:00+09:00,4845.0,4845.0,4845.0,4845.0,43,0.0,0.0
2024-10-17 14:00:00+09:00,4845.0,4845.0,4835.0,4840.0,233,0.0,0.0
2024-10-17 14:05:00+09:00,4840.0,4845.0,4840.0,4845.0,83,0.0,0.0
2024-10-17 14:10:00+09:00,4845.0,4860.0,4845.0,4860.0,1169,0.0,0.0
2024-10-17 14:15:00+09:00,4860.0,4880.0,4860.0,4880.0,1078,0.0,0.0
2024-10-17 14:20:00+09:00,4880.0,4880.0,4870.0,4870.0,230,0.0,0.0
2024-10-17 14:25:00+09:00,4870.0,4875.0,4870.0,4875.0,162,0.0,0.0
2024-10-17 14:30:00+09:00,4875.0,4880.0,4875.0,4875.0,287,0.0,0.0
2024-10-17 14:35:00+09:00,4875.0,4880.0,4870.0,4880.0,131,0.0,0.0
2024-10-17 14:40:00+09:00,4880.0,4890.0,4880.0,4890.0,176,0.0,0.0
2024-10-17 14:45:00+09:00,4890.0,4890.0,4885.0,4890.0,144,0.0,0.0
2024-10-17 14:50:00+09:00,4890.0,4915.0,4890.0,4910.0,2227,0.0,0.0
2024-10-17 14:55:00+09:00,4910.0,4915.0,4905.0,4905.0,416,0.0,0.0
2024-10-18 09:00:00+09:00,4880.0,4960.0,4880.0,4960.0,431,0.0,0.0
2024-10-18 09:05:00+09:00,4935.0,4935.0,4900.0,4900.0,158,0.0,0.0
2024-10-18 09:10:00+09:00,4900.0,4900.0,4900.0,4900.0,0,0.0,0.0
2024-10-18 09:15:00+09:00,4900.0,4900.0,4895.0,4895.0,690,0.0,0.0
2024-10-18 09:20:00+09:00,4885.0,4885.0,4850.0,4870.0,878,0.0,0.0
2024-10-18 09:25:00+09:00,4885.0,4885.0,4860.0,4860.0,782,0.0,0.0
2024-10-18 09:30:00+09:00,4885.0,4935.0,4885.0,4930.0,0,0.0,0.0
2024-10-18 09:35:00+09:00,4910.0,4910.0,4890.0,4890.0,329,0.0,0.0
2024-10-18 09:40:00+09:00,4905.0,4905.0,4885.0,4905.0,114,0.0,0.0
2024-10-18 09:45:00+09:00,4910.0,4915.0,4900.0,4915.0,75,0.0,0.0
2024-10-18 09:50:00+09:00,4910.0,4910.0,4900.0,4900.0,7,0.0,0.0
2024-10-18 09:55:00+09:00,4900.0,4900.0,4900.0,4900.0,13,0.0,0.0
2024-10-18 10:00:00+09:00,4910.0,4910.0,4900.0,4910.0,62,0.0,0.0
2024-10-18 10:05:00+09:00,4915.0,4920.0,4910.0,4920.0,1,0.0,0.0
2024-10-18 10:10:00+09:00,4910.0,4910.0,4910.0,4910.0,61,0.0,0.0
2024-10-18 10:15:00+09:00,4920.0,4920.0,4915.0,4915.0,16,0.0,0.0
2024-10-18 10:20:00+09:00,4930.0,4940.0,4915.0,4920.0,526,0.0,0.0
2024-10-18 10:25:00+09:00,4920.0,4920.0,4900.0,4900.0,2912,0.0,0.0
2024-10-18 10:30:00+09:00,4900.0,4900.0,4875.0,4875.0,1355,0.0,0.0
2024-10-18 10:35:00+09:00,4870.0,4870.0,4865.0,4870.0,0,0.0,0.0
2024-10-18 10:40:00+09:00,4860.0,4860.0,4860.0,4860.0,22,0.0,0.0
2024-10-18 10:45:00+09:00,4865.0,4875.0,4860.0,4860.0,18,0.0,0.0
2024-10-18 10:50:00+09:00,4860.0,4860.0,4860.0,4860.0,16,0.0,0.0
2024-10-18 10:55:00+09:00,4860.0,4860.0,4850.0,4850.0,521,0.0,0.0
2024-10-18 11:00:00+09:00,4850.0,4850.0,4830.0,4830.0,347,0.0,0.0
2024-10-18 11:05:00+09:00,4835.0,4840.0,4830.0,4830.0,37,0.0,0.0
2024-10-18 11:10:00+09:00,4835.0,4930.0,4835.0,4840.0,1155,0.0,0.0
2024-10-18 11:15:00+09:00,4840.0,4840.0,4835.0,4840.0,826,0.0,0.0
2024-10-18 11:20:00+09:00,4840.0,4845.0,4835.0,4845.0,711,0.0,0.0
2024-10-18 11:25:00+09:00,4845.0,4845.0,4840.0,4840.0,792,0.0,0.0
2024-10-18 11:30:00+09:00,4850.0,4875.0,4850.0,4870.0,455,0.0,0.0
2024-10-18 11:35:00+09:00,4850.0,4850.0,4850.0,4850.0,28,0.0,0.0
2024-10-18 11:40:00+09:00,4850.0,4855.0,4850.0,4855.0,29,0.0,0.0
2024-10-18 11:45:00+09:00,4855.0,4855.0,4850.0,4850.0,40,0.0,0.0
2024-10-18 11:50:00+09:00,4850.0,4860.0,4850.0,4860.0,168,0.0,0.0
2024-10-18 11:55:00+09:00,4850.0,4855.0,4825.0,4855.0,3624,0.0,0.0
2024-10-18 12:00:00+09:00,4855.0,4910.0,4855.0,4910.0,31,0.0,0.0
2024-10-18 12:10:00+09:00,4860.0,4895.0,4845.0,4895.0,615,0.0,0.0
2024-10-18 12:15:00+09:00,4880.0,4880.0,4875.0,4875.0,0,0.0,0.0
2024-10-18 12:20:00+09:00,4875.0,4880.0,4875.0,4880.0,156,0.0,0.0
2024-10-18 12:25:00+09:00,4885.0,4895.0,4885.0,4895.0,15,0.0,0.0
2024-10-18 12:30:00+09:00,4890.0,4895.0,4890.0,4895.0,504,0.0,0.0
2024-10-18 12:35:00+09:00,4895.0,4895.0,4895.0,4895.0,8,0.0,0.0
2024-10-18 12:40:00+09:00,4890.0,4895.0,4890.0,4895.0,187,0.0,0.0
2024-10-18 12:45:00+09:00,4895.0,4895.0,4895.0,4895.0,1,0.0,0.0
2024-10-18 12:50:00+09:00,4880.0,4880.0,4870.0,4870.0,382,0.0,0.0
2024-10-18 12:55:00+09:00,4870.0,4870.0,4870.0,4870.0,7,0.0,0.0
2024-10-18 13:00:00+09:00,4870.0,4885.0,4865.0,4885.0,524,0.0,0.0
2024-10-18 13:05:00+09:00,4895.0,4895.0,4875.0,4895.0,175,0.0,0.0
2024-10-18 13:10:00+09:00,4885.0,4885.0,4875.0,4885.0,83,0.0,0.0
2024-10-18 13:15:00+09:00,4880.0,4880.0,4880.0,4880.0,2022,0.0,0.0
2024-10-18 13:25:00+09:00,4880.0,4880.0,4850.0,4850.0,850,0.0,0.0
2024-10-18 13:30:00+09:00,4845.0,4855.0,4845.0,4855.0,1028,0.0,0.0
2024-10-18 13:35:00+09:00,4860.0,4865.0,4860.0,4865.0,20,0.0,0.0
2024-10-18 13:40:00+09:00,4865.0,4895.0,4855.0,4895.0,97,0.0,0.0
2024-10-18 13:45:00+09:00,4865.0,4895.0,4865.0,4895.0,84,0.0,0.0
2024-10-18 13:50:00+09:00,4890.0,4895.0,4890.0,4895.0,14,0.0,0.0
2024-10-18 14:00:00+09:00,4870.0,4895.0,4870.0,4895.0,106,0.0,0.0
2024-10-18 14:05:00+09:00,4875.0,4895.0,4875.0,4895.0,29,0.0,0.0
2024-10-18 14:10:00+09:00,4895.0,4940.0,4895.0,4930.0,1094,0.0,0.0
2024-10-18 14:15:00+09:00,4930.0,5050.0,4885.0,4915.0,2914,0.0,0.0
2024-10-18 14:20:00+09:00,4895.0,4895.0,4885.0,4885.0,239,0.0,0.0
2024-10-18 14:25:00+09:00,4890.0,4920.0,4890.0,4920.0,888,0.0,0.0
2024-10-18 14:30:00+09:00,4920.0,4920.0,4920.0,4920.0,35,0.0,0.0
2024-10-18 14:40:00+09:00,4915.0,4915.0,4915.0,4915.0,9,0.0,0.0
2024-10-18 14:45:00+09:00,4915.0,4945.0,4905.0,4905.0,382,0.0,0.0
2024-10-18 14:50:00+09:00,4905.0,4920.0,4895.0,4920.0,793,0.0,0.0
2024-10-18 14:55:00+09:00,4920.0,4920.0,4900.0,4900.0,1320,0.0,0.0
2024-10-21 09:00:00+09:00,5000.0,5000.0,4935.0,4950.0,0,0.0,0.0
2024-10-21 09:05:00+09:00,4920.0,4970.0,4920.0,4970.0,2603,0.0,0.0
2024-10-21 09:10:00+09:00,4995.0,4995.0,4955.0,4960.0,981,0.0,0.0
2024-10-21 09:15:00+09:00,4990.0,4990.0,4955.0,4955.0,599,0.0,0.0
2024-10-21 09:20:00+09:00,4960.0,4965.0,4935.0,4935.0,2521,0.0,0.0
2024-10-21 09:25:00+09:00,4960.0,4990.0,4960.0,4990.0,91,0.0,0.0
2024-10-21 09:30:00+09:00,4965.0,4980.0,4935.0,4970.0,2265,0.0,0.0
2024-10-21 09:35:00+09:00,4965.0,4980.0,4965.0,4980.0,28,0.0,0.0
2024-10-21 09:40:00+09:00,4980.0,5030.0,4980.0,5000.0,2178,0.0,0.0
2024-10-21 09:45:00+09:00,5000.0,5000.0,4995.0,5000.0,461,0.0,0.0
2024-10-21 09:50:00+09:00,5010.0,5020.0,5010.0,5020.0,249,0.0,0.0
2024-10-21 09:55:00+09:00,5010.0,5020.0,5000.0,5010.0,1307,0.0,0.0
2024-10-21 10:00:00+09:00,5020.0,5020.0,5010.0,5010.0,3,0.0,0.0
2024-10-21 10:05:00+09:00,5020.0,5020.0,5010.0,5020.0,295,0.0,0.0
2024-10-21 10:10:00+09:00,5010.0,5010.0,4985.0,4985.0,2437,0.0,0.0
2024-10-21 10:20:00+09:00,4985.0,4995.0,4985.0,4995.0,96,0.0,0.0
2024-10-21 10:25:00+09:00,5000.0,5010.0,5000.0,5010.0,346,0.0,0.0
2024-10-21 10:30:00+09:00,5010.0,5010.0,5010.0,5010.0,81,0.0,0.0
2024-10-21 10:35:00+09:00,5020.0,5020.0,5000.0,5010.0,554,0.0,0.0
2024-10-21 10:40:00+09:00,5010.0,5100.0,5010.0,5100.0,6594,0.0,0.0
2024-10-21 10:45:00+09:00,5090.0,5100.0,5080.0,5090.0,3378,0.0,0.0
2024-10-21 10:50:00+09:00,5090.0,5100.0,5090.0,5100.0,2109,0.0,0.0
2024-10-21 10:55:00+09:00,5080.0,5080.0,4990.0,5020.0,8944,0.0,0.0
2024-10-21 11:00:00+09:00,5020.0,5030.0,5020.0,5030.0,1223,0.0,0.0
2024-10-21 11:05:00+09:00,5020.0,5020.0,5020.0,5020.0,1021,0.0,0.0
2024-10-21 11:15:00+09:00,5020.0,5020.0,5020.0,5020.0,0,0.0,0.0
2024-10-21 11:20:00+09:00,5030.0,5030.0,5020.0,5020.0,102,0.0,0.0
2024-10-21 11:35:00+09:00,5020.0,5020.0,5020.0,5020.0,507,0.0,0.0
2024-10-21 11:40:00+09:00,5020.0,5020.0,5020.0,5020.0,0,0.0,0.0
2024-10-21 11:45:00+09:00,5020.0,5020.0,5020.0,5020.0,8,0.0,0.0
2024-10-21 11:50:00+09:00,5020.0,5020.0,5020.0,5020.0,25,0.0,0.0
2024-10-21 11:55:00+09:00,5010.0,5020.0,5010.0,5020.0,20,0.0,0.0
2024-10-21 12:05:00+09:00,5020.0,5020.0,5010.0,5010.0,103,0.0,0.0
2024-10-21 12:10:00+09:00,5010.0,5020.0,5010.0,5020.0,234,0.0,0.0
2024-10-21 12:15:00+09:00,5020.0,5030.0,5020.0,5030.0,1833,0.0,0.0
2024-10-21 12:20:00+09:00,5040.0,5130.0,5040.0,5130.0,8414,0.0,0.0
2024-10-21 12:25:00+09:00,5110.0,5110.0,5090.0,5100.0,6513,0.0,0.0
2024-10-21 12:30:00+09:00,5100.0,5100.0,5060.0,5060.0,0,0.0,0.0
2024-10-21 12:35:00+09:00,5070.0,5080.0,5060.0,5060.0,1555,0.0,0.0
2024-10-21 12:40:00+09:00,5060.0,5090.0,5060.0,5090.0,187,0.0,0.0
2024-10-21 12:45:00+09:00,5080.0,5090.0,5080.0,5090.0,19,0.0,0.0
2024-10-21 12:50:00+09:00,5090.0,5090.0,5070.0,5080.0,152,0.0,0.0
2024-10-21 12:55:00+09:00,5070.0,5080.0,5060.0,5070.0,56,0.0,0.0
2024-10-21 13:00:00+09:00,5060.0,5060.0,5060.0,5060.0,30,0.0,0.0
2024-10-21 13:05:00+09:00,5060.0,5070.0,5060.0,5070.0,107,0.0,0.0
2024-10-21 13:15:00+09:00,5060.0,5070.0,5060.0,5060.0,0,0.0,0.0
2024-10-21 13:20:00+09:00,5070.0,5070.0,5060.0,5070.0,233,0.0,0.0
2024-10-21 13:25:00+09:00,5080.0,5080.0,5080.0,5080.0,0,0.0,0.0
2024-10-21 13:30:00+09:00,5080.0,5080.0,5070.0,5080.0,351,0.0,0.0
2024-10-21 13:35:00+09:00,5080.0,5090.0,5080.0,5090.0,479,0.0,0.0
2024-10-21 13:40:00+09:00,5080.0,5080.0,5070.0,5070.0,128,0.0,0.0
2024-10-21 13:50:00+09:00,5090.0,5090.0,5070.0,5070.0,23,0.0,0.0
2024-10-21 13:55:00+09:00,5070.0,5070.0,5070.0,5070.0,71,0.0,0.0
2024-10-21 14:00:00+09:00,5080.0,5080.0,5020.0,5020.0,12997,0.0,0.0
2024-10-21 14:05:00+09:00,5060.0,5060.0,5030.0,5030.0,19,0.0,0.0
2024-10-21 14:10:00+09:00,5040.0,5040.0,5040.0,5040.0,1,0.0,0.0
2024-10-21 14:20:00+09:00,5040.0,5040.0,5040.0,5040.0,37,0.0,0.0
2024-10-21 14:25:00+09:00,5030.0,5030.0,5020.0,5020.0,22,0.0,0.0
2024-10-21 14:30:00+09:00,5020.0,5040.0,5020.0,5040.0,322,0.0,0.0
2024-10-21 14:35:00+09:00,5040.0,5040.0,5040.0,5040.0,150,0.0,0.0
2024-10-21 14:40:00+09:00,5040.0,5040.0,5040.0,5040.0,50,0.0,0.0
2024-10-21 14:50:00+09:00,5030.0,5030.0,5020.0,5020.0,409,0.0,0.0
2024-10-21 14:55:00+09:00,5020.0,5020.0,5020.0,5020.0,0,0.0,0.0
2024-10-22 09:00:00+09:00,5000.0,5010.0,4990.0,5010.0,1980,0.0,0.0
2024-10-22 09:05:00+09:00,5000.0,5000.0,4980.0,4980.0,4778,0.0,0.0
2024-10-22 09:10:00+09:00,4995.0,5000.0,4980.0,5000.0,492,0.0,0.0
2024-10-22 09:15:00+09:00,5040.0,5050.0,5000.0,5020.0,547,0.0,0.0
2024-10-22 09:20:00+09:00,5020.0,5020.0,5000.0,5010.0,361,0.0,0.0
2024-10-22 09:25:00+09:00,5010.0,5020.0,4990.0,5020.0,2002,0.0,0.0
2024-10-22 09:30:00+09:00,5020.0,5020.0,5020.0,5020.0,26,0.0,0.0
2024-10-22 09:35:00+09:00,5020.0,5020.0,4990.0,4990.0,137,0.0,0.0
2024-10-22 09:40:00+09:00,4990.0,5020.0,4990.0,5020.0,25,0.0,0.0
2024-10-22 09:45:00+09:00,4990.0,4990.0,4915.0,4950.0,18464,0.0,0.0
2024-10-22 09:50:00+09:00,4950.0,4950.0,4920.0,4920.0,1052,0.0,0.0
2024-10-22 09:55:00+09:00,4920.0,4925.0,4905.0,4915.0,1889,0.0,0.0
2024-10-22 10:00:00+09:00,4915.0,4920.0,4905.0,4920.0,1356,0.0,0.0
2024-10-22 10:05:00+09:00,4920.0,4940.0,4920.0,4925.0,5326,0.0,0.0
2024-10-22 10:10:00+09:00,4930.0,4935.0,4920.0,4935.0,0,0.0,0.0
2024-10-22 10:15:00+09:00,4920.0,4935.0,4905.0,4935.0,2615,0.0,0.0
2024-10-22 10:20:00+09:00,4905.0,4915.0,4905.0,4915.0,4,0.0,0.0
2024-10-22 10:25:00+09:00,4910.0,4910.0,4910.0,4910.0,117,0.0,0.0
2024-10-22 10:30:00+09:00,4915.0,4915.0,4905.0,4915.0,904,0.0,0.0
2024-10-22 10:35:00+09:00,4915.0,4915.0,4910.0,4910.0,418,0.0,0.0
2024-10-22 10:40:00+09:00,4910.0,4910.0,4895.0,4910.0,349,0.0,0.0
2024-10-22 10:45:00+09:00,4910.0,4920.0,4910.0,4920.0,1623,0.0,0.0
2024-10-22 10:50:00+09:00,4920.0,4930.0,4910.0,4910.0,194,0.0,0.0
2024-10-22 10:55:00+09:00,4930.0,4930.0,4920.0,4920.0,0,0.0,0.0
2024-10-22 11:00:00+09:00,4915.0,4915.0,4915.0,4915.0,31,0.0,0.0
2024-10-22 11:05:00+09:00,4920.0,4920.0,4920.0,4920.0,1839,0.0,0.0
2024-10-22 11:10:00+09:00,4920.0,4935.0,4920.0,4935.0,0,0.0,0.0
2024-10-22 11:15:00+09:00,4930.0,4930.0,4930.0,4930.0,7,0.0,0.0
2024-10-22 11:20:00+09:00,4920.0,4935.0,4915.0,4925.0,757,0.0,0.0
2024-10-22 11:25:00+09:00,4925.0,4925.0,4920.0,4920.0,2,0.0,0.0
2024-10-22 11:30:00+09:00,4920.0,4920.0,4910.0,4910.0,436,0.0,0.0
2024-10-22 11:35:00+09:00,4920.0,4925.0,4910.0,4925.0,0,0.0,0.0
2024-10-22 11:40:00+09:00,4930.0,4930.0,4930.0,4930.0,85,0.0,0.0
2024-10-22 11:45:00+09:00,4930.0,4935.0,4930.0,4935.0,80,0.0,0.0
2024-10-22 11:50:00+09:00,4935.0,4940.0,4935.0,4935.0,0,0.0,0.0
2024-10-22 11:55:00+09:00,4935.0,4935.0,4935.0,4935.0,6,0.0,0.0
2024-10-22 12:00:00+09:00,4935.0,4940.0,4935.0,4940.0,175,0.0,0.0
2024-10-22 12:05:00+09:00,4940.0,4940.0,4940.0,4940.0,34,0.0,0.0
2024-10-22 12:10:00+09:00,4945.0,4965.0,4945.0,4965.0,399,0.0,0.0
2024-10-22 12:15:00+09:00,4960.0,4965.0,4955.0,4960.0,51,0.0,0.0
2024-10-22 12:20:00+09:00,4955.0,4955.0,4945.0,4955.0,853,0.0,0.0
2024-10-22 12:25:00+09:00,4950.0,4950.0,4950.0,4950.0,20,0.0,0.0
2024-10-22 12:30:00+09:00,4945.0,4945.0,4945.0,4945.0,0,0.0,0.0
2024-10-22 12:35:00+09:00,4945.0,4945.0,4945.0,4945.0,404,0.0,0.0
2024-10-22 12:40:00+09:00,4940.0,4940.0,4935.0,4935.0,79,0.0,0.0
2024-10-22 12:50:00+09:00,4940.0,4940.0,4935.0,4935.0,211,0.0,0.0
2024-10-22 13:00:00+09:00,4935.0,4935.0,4925.0,4925.0,519,0.0,0.0
2024-10-22 13:10:00+09:00,4925.0,4925.0,4920.0,4920.0,72,0.0,0.0
2024-10-22 13:15:00+09:00,4915.0,4920.0,4915.0,4915.0,258,0.0,0.0
2024-10-22 13:20:00+09:00,4925.0,4935.0,4920.0,4935.0,86,0.0,0.0
2024-10-22 13:35:00+09:00,4950.0,4950.0,4950.0,4950.0,22,0.0,0.0
2024-10-22 13:40:00+09:00,4950.0,4970.0,4950.0,4970.0,948,0.0,0.0
2024-10-22 13:45:00+09:00,4955.0,4955.0,4955.0,4955.0,27,0.0,0.0
2024-10-22 13:50:00+09:00,4955.0,4955.0,4950.0,4950.0,1175,0.0,0.0
2024-10-22 13:55:00+09:00,4955.0,4955.0,4945.0,4945.0,738,0.0,0.0
2024-10-22 14:00:00+09:00,4945.0,4945.0,4945.0,4945.0,0,0.0,0.0
2024-10-22 14:05:00+09:00,4945.0,4950.0,4945.0,4950.0,21,0.0,0.0
2024-10-22 14:10:00+09:00,4945.0,4945.0,4945.0,4945.0,0,0.0,0.0
2024-10-22 14:15:00+09:00,4945.0,4945.0,4945.0,4945.0,0,0.0,0.0
2024-10-22 14:20:00+09:00,4945.0,4945.0,4945.0,4945.0,4,0.0,0.0
2024-10-22 14:25:00+09:00,4945.0,4945.0,4935.0,4935.0,717,0.0,0.0
2024-10-22 14:35:00+09:00,4940.0,4940.0,4940.0,4940.0,0,0.0,0.0
2024-10-22 14:40:00+09:00,4940.0,4940.0,4920.0,4920.0,307,0.0,0.0
2024-10-22 14:45:00+09:00,4920.0,4940.0,4920.0,4920.0,2015,0.0,0.0
2024-10-22 14:50:00+09:00,4930.0,4935.0,4930.0,4935.0,98,0.0,0.0
2024-10-22 14:55:00+09:00,4925.0,4935.0,4915.0,4915.0,674,0.0,0.0
2024-10-23 09:00:00+09:00,4960.0,4960.0,4910.0,4910.0,1438,0.0,0.0
2024-10-23 09:05:00+09:00,4905.0,4905.0,4900.0,4900.0,165,0.0,0.0
2024-10-23 09:10:00+09:00,4900.0,4900.0,4810.0,4810.0,11510,0.0,0.0
2024-10-23 09:15:00+09:00,4825.0,4830.0,4825.0,4825.0,1783,0.0,0.0
2024-10-23 09:20:00+09:00,4810.0,4810.0,4740.0,4740.0,5762,0.0,0.0
2024-10-23 09:25:00+09:00,4780.0,4835.0,4780.0,4830.0,80,0.0,0.0
2024-10-23 09:30:00+09:00,4830.0,4830.0,4820.0,4820.0,200,0.0,0.0
2024-10-23 09:35:00+09:00,4830.0,4850.0,4830.0,4850.0,984,0.0,0.0
2024-10-23 09:40:00+09:00,4850.0,4890.0,4850.0,4890.0,1053,0.0,0.0
2024-10-23 09:45:00+09:00,4890.0,4930.0,4845.0,4930.0,1568,0.0,0.0
2024-10-23 09:50:00+09:00,4880.0,4880.0,4880.0,4880.0,29,0.0,0.0
2024-10-23 09:55:00+09:00,4865.0,4865.0,4865.0,4865.0,528,0.0,0.0
2024-10-23 10:00:00+09:00,4870.0,4870.0,4865.0,4865.0,51,0.0,0.0
2024-10-23 10:05:00+09:00,4845.0,4845.0,4845.0,4845.0,0,0.0,0.0
2024-10-23 10:10:00+09:00,4845.0,4845.0,4840.0,4840.0,143,0.0,0.0
2024-10-23 10:15:00+09:00,4840.0,4840.0,4830.0,4830.0,38,0.0,0.0
2024-10-23 10:20:00+09:00,4835.0,4835.0,4835.0,4835.0,29,0.0,0.0
2024-10-23 10:25:00+09:00,4835.0,4835.0,4835.0,4835.0,195,0.0,0.0
2024-10-23 10:30:00+09:00,4835.0,4835.0,4810.0,4810.0,1344,0.0,0.0
2024-10-23 10:40:00+09:00,4810.0,4840.0,4810.0,4840.0,1834,0.0,0.0
2024-10-23 10:55:00+09:00,4835.0,4835.0,4835.0,4835.0,124,0.0,0.0
2024-10-23 11:05:00+09:00,4850.0,4850.0,4850.0,4850.0,2,0.0,0.0
2024-10-23 11:20:00+09:00,4850.0,4900.0,4850.0,4890.0,997,0.0,0.0
2024-10-23 11:25:00+09:00,4880.0,4880.0,4850.0,4850.0,663,0.0,0.0
2024-10-23 11:45:00+09:00,4860.0,4860.0,4860.0,4860.0,0,0.0,0.0
2024-10-23 11:50:00+09:00,4860.0,4860.0,4860.0,4860.0,1,0.0,0.0
2024-10-23 11:55:00+09:00,4865.0,4865.0,4860.0,4860.0,11,0.0,0.0
2024-10-23 12:00:00+09:00,4865.0,4870.0,4865.0,4870.0,555,0.0,0.0
2024-10-23 12:05:00+09:00,4875.0,4875.0,4875.0,4875.0,0,0.0,0.0
2024-10-23 12:10:00+09:00,4870.0,4875.0,4870.0,4875.0,29,0.0,0.0
2024-10-23 12:15:00+09:00,4870.0,4870.0,4865.0,4865.0,624,0.0,0.0
2024-10-23 12:30:00+09:00,4865.0,4865.0,4855.0,4855.0,451,0.0,0.0
2024-10-23 12:40:00+09:00,4855.0,4860.0,4855.0,4860.0,17,0.0,0.0
2024-10-23 12:45:00+09:00,4855.0,4865.0,4850.0,4865.0,995,0.0,0.0
2024-10-23 13:00:00+09:00,4870.0,4870.0,4870.0,4870.0,0,0.0,0.0
2024-10-23 13:05:00+09:00,4870.0,4870.0,4870.0,4870.0,0,0.0,0.0
2024-10-23 13:10:00+09:00,4865.0,4865.0,4865.0,4865.0,112,0.0,0.0
2024-10-23 13:15:00+09:00,4870.0,4870.0,4870.0,4870.0,0,0.0,0.0
2024-10-23 13:20:00+09:00,4870.0,4875.0,4870.0,4870.0,1523,0.0,0.0
2024-10-23 13:25:00+09:00,4870.0,4870.0,4870.0,4870.0,56,0.0,0.0
2024-10-23 13:30:00+09:00,4875.0,4875.0,4875.0,4875.0,75,0.0,0.0
2024-10-23 13:35:00+09:00,4875.0,4875.0,4875.0,4875.0,10,0.0,0.0
2024-10-23 13:40:00+09:00,4875.0,4890.0,4875.0,4890.0,969,0.0,0.0
2024-10-23 13:45:00+09:00,4890.0,4910.0,4890.0,4910.0,898,0.0,0.0
2024-10-23 13:50:00+09:00,4905.0,4920.0,4900.0,4920.0,2387,0.0,0.0
2024-10-23 13:55:00+09:00,4900.0,4920.0,4900.0,4910.0,778,0.0,0.0
2024-10-23 14:00:00+09:00,4920.0,4920.0,4920.0,4920.0,44,0.0,0.0
2024-10-23 14:05:00+09:00,4910.0,4920.0,4910.0,4920.0,41,0.0,0.0
2024-10-23 14:10:00+09:00,4920.0,4920.0,4920.0,4920.0,1706,0.0,0.0
2024-10-23 14:15:00+09:00,4925.0,4930.0,4925.0,4930.0,40,0.0,0.0
2024-10-23 14:20:00+09:00,4930.0,4940.0,4925.0,4925.0,86,0.0,0.0
2024-10-23 14:25:00+09:00,4925.0,4940.0,4920.0,4940.0,322,0.0,0.0
2024-10-23 14:30:00+09:00,4945.0,4945.0,4940.0,4945.0,0,0.0,0.0
2024-10-23 14:35:00+09:00,4935.0,4935.0,4935.0,4935.0,6,0.0,0.0
2024-10-23 14:45:00+09:00,4940.0,4940.0,4920.0,4935.0,682,0.0,0.0
2024-10-23 14:50:00+09:00,4935.0,4935.0,4935.0,4935.0,70,0.0,0.0
2024-10-24 09:00:00+09:00,4850.0,4855.0,4850.0,4855.0,1330,0.0,0.0
2024-10-24 09:05:00+09:00,4850.0,4850.0,4830.0,4830.0,1407,0.0,0.0
2024-10-24 09:10:00+09:00,4830.0,4830.0,4810.0,4810.0,1495,0.0,0.0
2024-10-24 09:15:00+09:00,4825.0,4825.0,4785.0,4795.0,3606,0.0,0.0
2024-10-24 09:20:00+09:00,4795.0,4835.0,4795.0,4805.0,2153,0.0,0.0
2024-10-24 09:25:00+09:00,4825.0,4825.0,4790.0,4790.0,0,0.0,0.0
2024-10-24 09:30:00+09:00,4800.0,4810.0,4780.0,4780.0,441,0.0,0.0
2024-10-24 09:35:00+09:00,4790.0,4820.0,4790.0,4810.0,816,0.0,0.0
2024-10-24 09:40:00+09:00,4830.0,4830.0,4810.0,4810.0,614,0.0,0.0
2024-10-24 09:45:00+09:00,4805.0,4820.0,4805.0,4820.0,1055,0.0,0.0
2024-10-24 09:50:00+09:00,4820.0,4820.0,4810.0,4810.0,242,0.0,0.0
2024-10-24 09:55:00+09:00,4825.0,4830.0,4815.0,4815.0,141,0.0,0.0
2024-10-24 10:00:00+09:00,4815.0,4815.0,4800.0,4800.0,366,0.0,0.0
2024-10-24 10:05:00+09:00,4800.0,4800.0,4790.0,4790.0,1836,0.0,0.0
2024-10-24 10:10:00+09:00,4785.0,4795.0,4775.0,4785.0,467,0.0,0.0
2024-10-24 10:15:00+09:00,4775.0,4795.0,4775.0,4795.0,1020,0.0,0.0
2024-10-24 10:20:00+09:00,4800.0,4800.0,4800.0,4800.0,74,0.0,0.0
2024-10-24 10:25:00+09:00,4800.0,4800.0,4800.0,4800.0,342,0.0,0.0
2024-10-24 10:35:00+09:00,4800.0,4800.0,4785.0,4785.0,147,0.0,0.0
2024-10-24 10:40:00+09:00,4785.0,4795.0,4785.0,4795.0,200,0.0,0.0
2024-10-24 10:45:00+09:00,4790.0,4790.0,4790.0,4790.0,110,0.0,0.0
2024-10-24 10:50:00+09:00,4795.0,4800.0,4795.0,4795.0,251,0.0,0.0
2024-10-24 10:55:00+09:00,4800.0,4800.0,4790.0,4790.0,67,0.0,0.0
2024-10-24 11:00:00+09:00,4790.0,4790.0,4790.0,4790.0,18,0.0,0.0
2024-10-24 11:05:00+09:00,4790.0,4800.0,4790.0,4800.0,95,0.0,0.0
2024-10-24 11:10:00+09:00,4800.0,4800.0,4795.0,4800.0,482,0.0,0.0
2024-10-24 11:15:00+09:00,4790.0,4790.0,4790.0,4790.0,36,0.0,0.0
2024-10-24 11:20:00+09:00,4800.0,4800.0,4800.0,4800.0,1776,0.0,0.0
2024-10-24 11:25:00+09:00,4805.0,4805.0,4805.0,4805.0,0,0.0,0.0
2024-10-24 11:30:00+09:00,4805.0,4810.0,4805.0,4810.0,388,0.0,0.0
2024-10-24 11:35:00+09:00,4810.0,4810.0,4810.0,4810.0,57,0.0,0.0
2024-10-24 11:40:00+09:00,4810.0,4810.0,4800.0,4810.0,79,0.0,0.0
2024-10-24 11:45:00+09:00,4820.0,4825.0,4820.0,4825.0,334,0.0,0.0
2024-10-24 11:50:00+09:00,4815.0,4815.0,4815.0,4815.0,36,0.0,0.0
2024-10-24 11:55:00+09:00,4815.0,4815.0,4815.0,4815.0,36,0.0,0.0
2024-10-24 12:00:00+09:00,4825.0,4825.0,4815.0,4815.0,38,0.0,0.0
2024-10-24 12:05:00+09:00,4815.0,4815.0,4815.0,4815.0,36,0.0,0.0
2024-10-24 12:10:00+09:00,4815.0,4815.0,4810.0,4810.0,91,0.0,0.0
2024-10-24 12:15:00+09:00,4810.0,4810.0,4800.0,4800.0,149,0.0,0.0
2024-10-24 12:20:00+09:00,4800.0,4805.0,4800.0,4800.0,167,0.0,0.0
2024-10-24 12:25:00+09:00,4800.0,4800.0,4800.0,4800.0,247,0.0,0.0
2024-10-24 12:30:00+09:00,4800.0,4800.0,4800.0,4800.0,56,0.0,0.0
2024-10-24 12:35:00+09:00,4800.0,4800.0,4800.0,4800.0,14,0.0,0.0
2024-10-24 12:40:00+09:00,4805.0,4805.0,4805.0,4805.0,0,0.0,0.0
2024-10-24 12:45:00+09:00,4800.0,4805.0,4795.0,4795.0,554,0.0,0.0
2024-10-24 12:50:00+09:00,4795.0,4795.0,4790.0,4790.0,1186,0.0,0.0
2024-10-24 12:55:00+09:00,4785.0,4790.0,4785.0,4785.0,0,0.0,0.0
2024-10-24 13:00:00+09:00,4795.0,4795.0,4795.0,4795.0,4,0.0,0.0
2024-10-24 13:10:00+09:00,4785.0,4785.0,4780.0,4780.0,108,0.0,0.0
2024-10-24 13:15:00+09:00,4785.0,4785.0,4780.0,4780.0,273,0.0,0.0
2024-10-24 13:20:00+09:00,4780.0,4785.0,4780.0,4785.0,173,0.0,0.0
2024-10-24 13:25:00+09:00,4785.0,4785.0,4785.0,4785.0,0,0.0,0.0
2024-10-24 13:30:00+09:00,4785.0,4785.0,4775.0,4775.0,881,0.0,0.0
2024-10-24 13:35:00+09:00,4780.0,4780.0,4775.0,4775.0,6,0.0,0.0
2024-10-24 13:40:00+09:00,4780.0,4780.0,4775.0,4775.0,14,0.0,0.0
2024-10-24 13:45:00+09:00,4775.0,4775.0,4775.0,4775.0,14,0.0,0.0
2024-10-24 13:50:00+09:00,4780.0,4780.0,4775.0,4775.0,101,0.0,0.0
2024-10-24 13:55:00+09:00,4775.0,4775.0,4775.0,4775.0,416,0.0,0.0
2024-10-24 14:00:00+09:00,4775.0,4775.0,4775.0,4775.0,40,0.0,0.0
2024-10-24 14:05:00+09:00,4775.0,4780.0,4775.0,4780.0,14,0.0,0.0
2024-10-24 14:10:00+09:00,4775.0,4775.0,4775.0,4775.0,23,0.0,0.0
2024-10-24 14:15:00+09:00,4775.0,4775.0,4775.0,4775.0,85,0.0,0.0
2024-10-24 14:20:00+09:00,4775.0,4785.0,4775.0,4780.0,55,0.0,0.0
2024-10-24 14:25:00+09:00,4785.0,4785.0,4780.0,4780.0,112,0.0,0.0
2024-10-24 14:30:00+09:00,4785.0,4795.0,4785.0,4795.0,454,0.0,0.0
2024-10-24 14:40:00+09:00,4785.0,4790.0,4785.0,4790.0,55,0.0,0.0
2024-10-24 14:45:00+09:00,4785.0,4785.0,4785.0,4785.0,35,0.0,0.0
2024-10-24 14:50:00+09:00,4785.0,4785.0,4780.0,4780.0,225,0.0,0.0
2024-10-24 14:55:00+09:00,4780.0,4780.0,4780.0,4780.0,12,0.0,0.0
2024-10-25 09:00:00+09:00,4825.0,4825.0,4825.0,4825.0,50,0.0,0.0
2024-10-25 09:05:00+09:00,4820.0,4820.0,4820.0,4820.0,4,0.0,0.0
2024-10-25 09:10:00+09:00,4820.0,4820.0,4820.0,4820.0,1,0.0,0.0
2024-10-25 09:15:00+09:00,4785.0,4785.0,4775.0,4775.0,8849,0.0,0.0
2024-10-25 09:20:00+09:00,4780.0,4805.0,4780.0,4805.0,0,0.0,0.0
2024-10-25 09:25:00+09:00,4810.0,4825.0,4810.0,4825.0,25,0.0,0.0
2024-10-25 09:30:00+09:00,4820.0,4820.0,4820.0,4820.0,0,0.0,0.0
2024-10-25 09:35:00+09:00,4800.0,4800.0,4800.0,4800.0,11,0.0,0.0
2024-10-25 09:40:00+09:00,4820.0,4830.0,4820.0,4830.0,164,0.0,0.0
2024-10-25 09:45:00+09:00,4830.0,4830.0,4830.0,4830.0,0,0.0,0.0
2024-10-25 09:50:00+09:00,4825.0,4825.0,4810.0,4810.0,15,0.0,0.0
2024-10-25 09:55:00+09:00,4820.0,4820.0,4800.0,4800.0,83,0.0,0.0
2024-10-25 10:00:00+09:00,4815.0,4815.0,4815.0,4815.0,3,0.0,0.0
2024-10-25 10:05:00+09:00,4815.0,4815.0,4815.0,4815.0,1,0.0,0.0
2024-10-25 10:15:00+09:00,4815.0,4815.0,4815.0,4815.0,3,0.0,0.0
2024-10-25 10:20:00+09:00,4815.0,4815.0,4815.0,4815.0,10,0.0,0.0
2024-10-25 10:25:00+09:00,4815.0,4825.0,4815.0,4815.0,2972,0.0,0.0
2024-10-25 10:30:00+09:00,4800.0,4800.0,4800.0,4800.0,104,0.0,0.0
2024-10-25 10:35:00+09:00,4785.0,4785.0,4760.0,4760.0,4329,0.0,0.0
2024-10-25 10:40:00+09:00,4770.0,4770.0,4765.0,4765.0,1069,0.0,0.0
2024-10-25 11:00:00+09:00,4765.0,4765.0,4765.0,4765.0,11,0.0,0.0
2024-10-25 11:05:00+09:00,4770.0,4770.0,4770.0,4770.0,63,0.0,0.0
2024-10-25 11:10:00+09:00,4785.0,4785.0,4785.0,4785.0,300,0.0,0.0
2024-10-25 11:15:00+09:00,4770.0,4770.0,4770.0,4770.0,1404,0.0,0.0
2024-10-25 11:45:00+09:00,4780.0,4780.0,4780.0,4780.0,2000,0.0,0.0
2024-10-25 12:00:00+09:00,4780.0,4780.0,4780.0,4780.0,0,0.0,0.0
2024-10-25 12:05:00+09:00,4780.0,4780.0,4780.0,4780.0,40,0.0,0.0
2024-10-25 12:45:00+09:00,4785.0,4785.0,4780.0,4780.0,54,0.0,0.0
2024-10-25 12:50:00+09:00,4780.0,4780.0,4780.0,4780.0,26,0.0,0.0
2024-10-25 13:00:00+09:00,4775.0,4780.0,4770.0,4780.0,728,0.0,0.0
2024-10-25 13:05:00+09:00,4780.0,4780.0,4780.0,4780.0,200,0.0,0.0
2024-10-25 13:10:00+09:00,4780.0,4780.0,4780.0,4780.0,0,0.0,0.0
2024-10-25 13:15:00+09:00,4775.0,4775.0,4770.0,4770.0,18,0.0,0.0
2024-10-25 13:20:00+09:00,4780.0,4780.0,4780.0,4780.0,1,0.0,0.0
2024-10-25 13:25:00+09:00,4780.0,4780.0,4780.0,4780.0,20,0.0,0.0
2024-10-25 13:30:00+09:00,4770.0,4770.0,4770.0,4770.0,0,0.0,0.0
2024-10-25 13:40:00+09:00,4770.0,4770.0,4770.0,4770.0,795,0.0,0.0
2024-10-25 13:45:00+09:00,4765.0,4765.0,4765.0,4765.0,415,0.0,0.0
2024-10-25 13:55:00+09:00,4760.0,4760.0,4760.0,4760.0,0,0.0,0.0
2024-10-25 14:00:00+09:00,4755.0,4755.0,4730.0,4730.0,26364,0.0,0.0
2024-10-25 14:05:00+09:00,4735.0,4745.0,4735.0,4745.0,392,0.0,0.0
2024-10-25 14:10:00+09:00,4740.0,4740.0,4740.0,4740.0,928,0.0,0.0
2024-10-25 14:15:00+09:00,4760.0,4760.0,4760.0,4760.0,0,0.0,0.0
2024-10-25 14:25:00+09:00,4740.0,4740.0,4730.0,4730.0,892,0.0,0.0
2024-10-25 14:40:00+09:00,4735.0,4735.0,4725.0,4725.0,6,0.0,0.0
2024-10-25 14:45:00+09:00,4730.0,4730.0,4725.0,4725.0,10904,0.0,0.0
2024-10-25 14:50:00+09:00,4725.0,4725.0,4720.0,4720.0,0,0.0,0.0
2024-10-25 14:55:00+09:00,4720.0,4720.0,4720.0,4720.0,747,0.0,0.0
