Datetime,Open,High,Low,Close,Volume,Dividends,Stock Splits
2022-10-13 09:00:00+09:00,698.0,732.0,682.0,727.0,325200,0.0,0.0
2022-10-13 10:00:00+09:00,726.0,729.0,719.0,724.0,35000,0.0,0.0
2022-10-13 11:00:00+09:00,723.0,723.0,716.0,717.0,0,0.0,0.0
2022-10-13 12:00:00+09:00,714.0,725.0,713.0,721.0,396500,0.0,0.0
2022-10-13 13:00:00+09:00,722.0,729.0,717.0,719.0,34900,0.0,0.0
2022-10-13 14:00:00+09:00,718.0,723.0,712.0,722.0,43000,0.0,0.0
2022-10-14 09:00:00+09:00,721.0,727.0,715.0,723.0,44000,0.0,0.0
2022-10-14 10:00:00+09:00,722.0,727.0,720.0,725.0,20700,0.0,0.0
2022-10-14 11:00:00+09:00,725.0,726.0,724.0,724.0,0,0.0,0.0
2022-10-14 12:00:00+09:00,722.0,728.0,722.0,724.0,87900,0.0,0.0
2022-10-14 13:00:00+09:00,723.0,726.0,722.0,722.0,13900,0.0,0.0
2022-10-14 14:00:00+09:00,721.0,725.0,719.0,723.0,23300,0.0,0.0
2022-10-17 09:00:00+09:00,716.0,779.0,715.0,773.0,122500,0.0,0.0
2022-10-17 10:00:00+09:00,773.0,775.0,759.0,769.0,89400,0.0,0.0
2022-10-17 11:00:00+09:00,769.0,770.0,763.0,768.0,0,0.0,0.0
2022-10-17 12:00:00+09:00,765.0,766.0,751.0,756.0,427600,0.0,0.0
2022-10-17 13:00:00+09:00,754.0,760.0,749.0,758.0,35700,0.0,0.0
2022-10-17 14:00:00+09:00,758.0,767.0,756.0,765.0,75400,0.0,0.0
2022-10-18 09:00:00+09:00,752.0,760.0,731.0,746.0,318900,0.0,0.0
2022-10-18 10:00:00+09:00,747.0,755.0,743.0,754.0,38300,0.0,0.0
2022-10-18 11:00:00+09:00,753.0,762.0,751.0,755.0,0,0.0,0.0
2022-10-18 12:00:00+09:00,760.0,760.0,746.0,747.0,475400,0.0,0.0
2022-10-18 13:00:00+09:00,749.0,749.0,741.0,747.0,36000,0.0,0.0
2022-10-18 14:00:00+09:00,746.0,747.0,734.0,737.0,60900,0.0,0.0
2022-10-19 09:00:00+09:00,736.0,743.0,714.0,714.0,110100,0.0,0.0
2022-10-19 10:00:00+09:00,715.0,738.0,698.0,722.0,278300,0.0,0.0
2022-10-19 11:00:00+09:00,722.0,725.0,718.0,721.0,0,0.0,0.0
2022-10-19 12:00:00+09:00,721.0,722.0,716.0,716.0,442700,0.0,0.0
2022-10-19 13:00:00+09:00,716.0,733.0,714.0,733.0,87500,0.0,0.0
2022-10-19 14:00:00+09:00,734.0,742.0,733.0,739.0,101300,0.0,0.0
2022-10-20 09:00:00+09:00,740.0,819.0,738.0,803.0,1210700,0.0,0.0
2022-10-20 10:00:00+09:00,802.0,804.0,755.0,773.0,835100,0.0,0.0
2022-10-20 11:00:00+09:00,773.0,783.0,763.0,765.0,0,0.0,0.0
2022-10-20 12:00:00+09:00,763.0,763.0,742.0,745.0,2394800,0.0,0.0
2022-10-20 13:00:00+09:00,746.0,747.0,709.0,710.0,342900,0.0,0.0
2022-10-20 14:00:00+09:00,710.0,716.0,705.0,712.0,205000,0.0,0.0
2022-10-21 09:00:00+09:00,702.0,713.0,677.0,681.0,317100,0.0,0.0
2022-10-21 10:00:00+09:00,682.0,688.0,677.0,688.0,107100,0.0,0.0
2022-10-21 11:00:00+09:00,688.0,691.0,679.0,679.0,0,0.0,0.0
2022-10-21 12:00:00+09:00,681.0,688.0,681.0,686.0,483200,0.0,0.0
2022-10-21 13:00:00+09:00,685.0,693.0,681.0,687.0,67900,0.0,0.0
2022-10-21 14:00:00+09:00,687.0,694.0,682.0,683.0,76100,0.0,0.0
2022-10-24 09:00:00+09:00,681.0,694.0,678.0,691.0,116600,0.0,0.0
2022-10-24 10:00:00+09:00,690.0,694.0,682.0,694.0,47800,0.0,0.0
2022-10-24 11:00:00+09:00,693.0,694.0,688.0,688.0,0,0.0,0.0
2022-10-24 12:00:00+09:00,688.0,690.0,686.0,690.0,207900,0.0,0.0
2022-10-24 13:00:00+09:00,691.0,691.0,686.0,689.0,16000,0.0,0.0
2022-10-24 14:00:00+09:00,689.0,691.0,686.0,688.0,24500,0.0,0.0
2022-10-25 09:00:00+09:00,692.0,716.0,686.0,715.0,149000,0.0,0.0
2022-10-25 10:00:00+09:00,715.0,718.0,709.0,716.0,63800,0.0,0.0
2022-10-25 11:00:00+09:00,716.0,717.0,712.0,714.0,0,0.0,0.0
2022-10-25 12:00:00+09:00,720.0,722.0,716.0,722.0,260400,0.0,0.0
2022-10-25 13:00:00+09:00,722.0,723.0,712.0,715.0,35400,0.0,0.0
2022-10-25 14:00:00+09:00,715.0,722.0,714.0,721.0,49200,0.0,0.0
2022-10-26 09:00:00+09:00,729.0,737.0,719.0,736.0,139800,0.0,0.0
2022-10-26 10:00:00+09:00,734.0,741.0,730.0,736.0,64100,0.0,0.0
2022-10-26 11:00:00+09:00,739.0,751.0,737.0,748.0,0,0.0,0.0
2022-10-26 12:00:00+09:00,745.0,750.0,739.0,747.0,290400,0.0,0.0
2022-10-26 13:00:00+09:00,742.0,751.0,739.0,743.0,52500,0.0,0.0
2022-10-26 14:00:00+09:00,744.0,745.0,738.0,745.0,31100,0.0,0.0
2022-10-27 09:00:00+09:00,731.0,757.0,720.0,750.0,117400,0.0,0.0
2022-10-27 10:00:00+09:00,749.0,756.0,748.0,751.0,20400,0.0,0.0
2022-10-27 11:00:00+09:00,751.0,759.0,750.0,752.0,0,0.0,0.0
2022-10-27 12:00:00+09:00,752.0,756.0,749.0,756.0,175100,0.0,0.0
2022-10-27 13:00:00+09:00,757.0,768.0,756.0,766.0,39600,0.0,0.0
2022-10-27 14:00:00+09:00,764.0,780.0,764.0,780.0,77500,0.0,0.0
2022-10-28 09:00:00+09:00,778.0,804.0,770.0,776.0,162700,0.0,0.0
2022-10-28 10:00:00+09:00,776.0,785.0,774.0,781.0,46000,0.0,0.0
2022-10-28 11:00:00+09:00,781.0,781.0,774.0,774.0,0,0.0,0.0
2022-10-28 12:00:00+09:00,773.0,781.0,770.0,776.0,258100,0.0,0.0
2022-10-28 13:00:00+09:00,775.0,777.0,771.0,776.0,13200,0.0,0.0
2022-10-28 14:00:00+09:00,775.0,778.0,771.0,775.0,34000,0.0,0.0
2022-10-31 09:00:00+09:00,785.0,795.0,773.0,793.0,0,0.0,0.0
2022-10-31 10:00:00+09:00,793.0,831.0,793.0,829.0,126800,0.0,0.0
2022-10-31 11:00:00+09:00,828.0,834.0,824.0,827.0,0,0.0,0.0
2022-10-31 12:00:00+09:00,823.0,829.0,812.0,827.0,267000,0.0,0.0
2022-10-31 13:00:00+09:00,827.0,834.0,826.0,831.0,52800,0.0,0.0
2022-10-31 14:00:00+09:00,831.0,831.0,824.0,827.0,40100,0.0,0.0
2022-11-01 09:00:00+09:00,818.0,834.0,815.0,823.0,115000,0.0,0.0
2022-11-01 10:00:00+09:00,825.0,825.0,817.0,824.0,23300,0.0,0.0
2022-11-01 11:00:00+09:00,824.0,826.0,808.0,815.0,0,0.0,0.0
2022-11-01 12:00:00+09:00,812.0,813.0,800.0,810.0,224200,0.0,0.0
2022-11-01 13:00:00+09:00,810.0,818.0,810.0,813.0,27100,0.0,0.0
2022-11-01 14:00:00+09:00,812.0,817.0,810.0,813.0,39000,0.0,0.0
2022-11-02 09:00:00+09:00,799.0,802.0,776.0,782.0,100200,0.0,0.0
2022-11-02 10:00:00+09:00,781.0,782.0,774.0,782.0,39000,0.0,0.0
2022-11-02 11:00:00+09:00,782.0,784.0,777.0,779.0,0,0.0,0.0
2022-11-02 12:00:00+09:00,782.0,789.0,777.0,777.0,191200,0.0,0.0
2022-11-02 13:00:00+09:00,781.0,783.0,775.0,776.0,20000,0.0,0.0
2022-11-02 14:00:00+09:00,776.0,782.0,773.0,780.0,33900,0.0,0.0
2022-11-04 09:00:00+09:00,766.0,782.0,762.0,782.0,0,0.0,0.0
2022-11-04 10:00:00+09:00,782.0,785.0,776.0,782.0,15300,0.0,0.0
2022-11-04 11:00:00+09:00,781.0,782.0,777.0,777.0,0,0.0,0.0
2022-11-04 12:00:00+09:00,777.0,785.0,777.0,785.0,103500,0.0,0.0
2022-11-04 13:00:00+09:00,785.0,794.0,784.0,790.0,35900,0.0,0.0
2022-11-04 14:00:00+09:00,793.0,796.0,790.0,794.0,33000,0.0,0.0
2022-11-07 09:00:00+09:00,797.0,829.0,795.0,829.0,0,0.0,0.0
2022-11-07 10:00:00+09:00,829.0,840.0,822.0,839.0,61600,0.0,0.0
2022-11-07 11:00:00+09:00,838.0,840.0,833.0,833.0,0,0.0,0.0
2022-11-07 12:00:00+09:00,831.0,842.0,831.0,838.0,229700,0.0,0.0
2022-11-07 13:00:00+09:00,838.0,845.0,837.0,843.0,43400,0.0,0.0
2022-11-07 14:00:00+09:00,843.0,843.0,831.0,834.0,33900,0.0,0.0
2022-11-08 09:00:00+09:00,826.0,839.0,813.0,816.0,74700,0.0,0.0
2022-11-08 10:00:00+09:00,816.0,821.0,810.0,813.0,23100,0.0,0.0
2022-11-08 11:00:00+09:00,814.0,817.0,811.0,811.0,0,0.0,0.0
2022-11-08 12:00:00+09:00,810.0,825.0,810.0,822.0,119600,0.0,0.0
2022-11-08 13:00:00+09:00,824.0,841.0,822.0,841.0,29600,0.0,0.0
2022-11-08 14:00:00+09:00,841.0,848.0,839.0,848.0,40600,0.0,0.0
2022-11-09 09:00:00+09:00,845.0,864.0,831.0,842.0,80400,0.0,0.0
2022-11-09 10:00:00+09:00,840.0,840.0,830.0,834.0,37200,0.0,0.0
2022-11-09 11:00:00+09:00,833.0,837.0,829.0,835.0,0,0.0,0.0
2022-11-09 12:00:00+09:00,835.0,837.0,827.0,829.0,167200,0.0,0.0
2022-11-09 13:00:00+09:00,828.0,831.0,816.0,824.0,66200,0.0,0.0
2022-11-09 14:00:00+09:00,822.0,824.0,819.0,821.0,24100,0.0,0.0
2022-11-10 09:00:00+09:00,810.0,836.0,807.0,835.0,95200,0.0,0.0
2022-11-10 10:00:00+09:00,837.0,840.0,823.0,826.0,31600,0.0,0.0
2022-11-10 11:00:00+09:00,824.0,829.0,822.0,824.0,0,0.0,0.0
2022-11-10 12:00:00+09:00,823.0,831.0,822.0,823.0,142000,0.0,0.0
2022-11-10 13:00:00+09:00,823.0,826.0,809.0,813.0,51900,0.0,0.0
2022-11-10 14:00:00+09:00,813.0,814.0,809.0,809.0,21700,0.0,0.0
2022-11-11 09:00:00+09:00,828.0,828.0,808.0,814.0,90400,0.0,0.0
2022-11-11 10:00:00+09:00,813.0,816.0,803.0,807.0,34200,0.0,0.0
2022-11-11 11:00:00+09:00,806.0,807.0,803.0,807.0,0,0.0,0.0
2022-11-11 12:00:00+09:00,805.0,811.0,800.0,808.0,158600,0.0,0.0
2022-11-11 13:00:00+09:00,806.0,807.0,800.0,801.0,25300,0.0,0.0
2022-11-11 14:00:00+09:00,801.0,802.0,793.0,798.0,63500,0.0,0.0
2022-11-14 09:00:00+09:00,778.0,781.0,760.0,778.0,91600,0.0,0.0
2022-11-14 10:00:00+09:00,777.0,782.0,775.0,776.0,19500,0.0,0.0
2022-11-14 11:00:00+09:00,777.0,780.0,775.0,778.0,0,0.0,0.0
2022-11-14 12:00:00+09:00,775.0,777.0,770.0,770.0,141900,0.0,0.0
2022-11-14 13:00:00+09:00,771.0,776.0,770.0,776.0,13500,0.0,0.0
2022-11-14 14:00:00+09:00,776.0,786.0,776.0,782.0,28800,0.0,0.0
2022-11-15 09:00:00+09:00,785.0,789.0,772.0,784.0,25700,0.0,0.0
2022-11-15 10:00:00+09:00,782.0,795.0,782.0,789.0,24700,0.0,0.0
2022-11-15 11:00:00+09:00,790.0,795.0,788.0,794.0,0,0.0,0.0
2022-11-15 12:00:00+09:00,800.0,800.0,796.0,800.0,70400,0.0,0.0
2022-11-15 13:00:00+09:00,800.0,800.0,796.0,799.0,0,0.0,0.0
2022-11-15 14:00:00+09:00,799.0,802.0,796.0,800.0,99000,0.0,0.0
2022-11-16 09:00:00+09:00,804.0,804.0,786.0,795.0,35500,0.0,0.0
2022-11-16 10:00:00+09:00,795.0,795.0,790.0,795.0,12700,0.0,0.0
2022-11-16 11:00:00+09:00,793.0,798.0,792.0,798.0,0,0.0,0.0
2022-11-16 12:00:00+09:00,798.0,820.0,796.0,819.0,133700,0.0,0.0
2022-11-16 13:00:00+09:00,820.0,838.0,818.0,829.0,70400,0.0,0.0
2022-11-16 14:00:00+09:00,829.0,831.0,824.0,828.0,23200,0.0,0.0
2022-11-17 09:00:00+09:00,966.0,970.0,877.0,899.0,1696700,0.0,0.0
2022-11-17 10:00:00+09:00,900.0,907.0,855.0,856.0,677400,0.0,0.0
2022-11-17 11:00:00+09:00,857.0,866.0,848.0,857.0,0,0.0,0.0
2022-11-17 12:00:00+09:00,859.0,864.0,838.0,847.0,2980100,0.0,0.0
2022-11-17 13:00:00+09:00,847.0,852.0,835.0,841.0,211200,0.0,0.0
2022-11-17 14:00:00+09:00,842.0,845.0,822.0,829.0,285900,0.0,0.0
2022-11-18 09:00:00+09:00,818.0,823.0,791.0,804.0,346300,0.0,0.0
2022-11-18 10:00:00+09:00,804.0,815.0,803.0,812.0,93400,0.0,0.0
2022-11-18 11:00:00+09:00,813.0,817.0,803.0,806.0,0,0.0,0.0
2022-11-18 12:00:00+09:00,807.0,810.0,800.0,806.0,526900,0.0,0.0
2022-11-18 13:00:00+09:00,805.0,806.0,791.0,792.0,103700,0.0,0.0
2022-11-18 14:00:00+09:00,792.0,793.0,774.0,775.0,261100,0.0,0.0
2022-11-21 09:00:00+09:00,765.0,767.0,747.0,761.0,0,0.0,0.0
2022-11-21 10:00:00+09:00,761.0,769.0,759.0,759.0,40600,0.0,0.0
2022-11-21 11:00:00+09:00,760.0,761.0,756.0,757.0,0,0.0,0.0
2022-11-21 12:00:00+09:00,757.0,760.0,750.0,760.0,352500,0.0,0.0
2022-11-21 13:00:00+09:00,762.0,769.0,759.0,765.0,63400,0.0,0.0
2022-11-21 14:00:00+09:00,766.0,767.0,761.0,764.0,47500,0.0,0.0
2022-11-22 09:00:00+09:00,774.0,785.0,763.0,785.0,100400,0.0,0.0
2022-11-22 10:00:00+09:00,784.0,791.0,779.0,790.0,70400,0.0,0.0
2022-11-22 11:00:00+09:00,790.0,799.0,790.0,798.0,0,0.0,0.0
2022-11-22 12:00:00+09:00,798.0,810.0,796.0,809.0,387100,0.0,0.0
2022-11-22 13:00:00+09:00,807.0,816.0,807.0,815.0,125300,0.0,0.0
2022-11-22 14:00:00+09:00,815.0,818.0,804.0,814.0,121200,0.0,0.0
2022-11-24 09:00:00+09:00,825.0,831.0,801.0,802.0,215500,0.0,0.0
2022-11-24 10:00:00+09:00,803.0,810.0,800.0,801.0,51700,0.0,0.0
2022-11-24 11:00:00+09:00,802.0,807.0,799.0,806.0,0,0.0,0.0
2022-11-24 12:00:00+09:00,807.0,814.0,800.0,811.0,350200,0.0,0.0
2022-11-24 13:00:00+09:00,812.0,813.0,806.0,809.0,24600,0.0,0.0
2022-11-24 14:00:00+09:00,808.0,816.0,808.0,813.0,76600,0.0,0.0
2022-11-25 09:00:00+09:00,820.0,834.0,811.0,830.0,167500,0.0,0.0
2022-11-25 10:00:00+09:00,830.0,842.0,816.0,838.0,102400,0.0,0.0
2022-11-25 11:00:00+09:00,837.0,838.0,824.0,829.0,0,0.0,0.0
2022-11-25 12:00:00+09:00,831.0,835.0,816.0,818.0,356400,0.0,0.0
2022-11-25 13:00:00+09:00,817.0,817.0,807.0,813.0,54000,0.0,0.0
2022-11-25 14:00:00+09:00,813.0,814.0,807.0,814.0,64800,0.0,0.0
2022-11-28 09:00:00+09:00,809.0,821.0,803.0,815.0,65400,0.0,0.0
2022-11-28 10:00:00+09:00,815.0,821.0,810.0,810.0,29800,0.0,0.0
2022-11-28 11:00:00+09:00,810.0,813.0,808.0,813.0,0,0.0,0.0
2022-11-28 12:00:00+09:00,811.0,815.0,808.0,815.0,115800,0.0,0.0
2022-11-28 13:00:00+09:00,816.0,823.0,810.0,822.0,40500,0.0,0.0
2022-11-28 14:00:00+09:00,821.0,823.0,815.0,815.0,51100,0.0,0.0
2022-11-29 09:00:00+09:00,807.0,826.0,806.0,818.0,51600,0.0,0.0
2022-11-29 10:00:00+09:00,820.0,833.0,820.0,833.0,47400,0.0,0.0
2022-11-29 11:00:00+09:00,833.0,835.0,826.0,826.0,0,0.0,0.0
2022-11-29 12:00:00+09:00,825.0,827.0,822.0,824.0,137100,0.0,0.0
2022-11-29 13:00:00+09:00,824.0,828.0,823.0,823.0,16300,0.0,0.0
2022-11-29 14:00:00+09:00,823.0,831.0,819.0,831.0,56800,0.0,0.0
2022-11-30 09:00:00+09:00,837.0,841.0,815.0,817.0,179300,0.0,0.0
2022-11-30 10:00:00+09:00,817.0,817.0,787.0,789.0,169400,0.0,0.0
2022-11-30 11:00:00+09:00,790.0,801.0,784.0,801.0,0,0.0,0.0
2022-11-30 12:00:00+09:00,806.0,813.0,802.0,806.0,560400,0.0,0.0
2022-11-30 13:00:00+09:00,806.0,817.0,805.0,817.0,88900,0.0,0.0
2022-11-30 14:00:00+09:00,817.0,823.0,812.0,820.0,99700,0.0,0.0
2022-12-01 09:00:00+09:00,830.0,830.0,811.0,824.0,122900,0.0,0.0
2022-12-01 10:00:00+09:00,823.0,833.0,820.0,827.0,35100,0.0,0.0
2022-12-01 11:00:00+09:00,827.0,830.0,822.0,830.0,0,0.0,0.0
2022-12-01 12:00:00+09:00,829.0,835.0,824.0,827.0,222600,0.0,0.0
2022-12-01 13:00:00+09:00,827.0,827.0,815.0,817.0,35800,0.0,0.0
2022-12-01 14:00:00+09:00,816.0,816.0,801.0,806.0,101800,0.0,0.0
2022-12-02 09:00:00+09:00,803.0,820.0,795.0,802.0,155300,0.0,0.0
2022-12-02 10:00:00+09:00,802.0,811.0,801.0,802.0,60500,0.0,0.0
2022-12-02 11:00:00+09:00,804.0,806.0,801.0,805.0,0,0.0,0.0
2022-12-02 12:00:00+09:00,805.0,807.0,798.0,803.0,246200,0.0,0.0
2022-12-02 13:00:00+09:00,801.0,803.0,798.0,800.0,19500,0.0,0.0
2022-12-02 14:00:00+09:00,800.0,805.0,798.0,802.0,47500,0.0,0.0
2022-12-05 09:00:00+09:00,793.0,795.0,780.0,791.0,83100,0.0,0.0
2022-12-05 10:00:00+09:00,789.0,790.0,785.0,788.0,21800,0.0,0.0
2022-12-05 11:00:00+09:00,786.0,793.0,783.0,793.0,0,0.0,0.0
2022-12-05 12:00:00+09:00,792.0,795.0,788.0,791.0,137100,0.0,0.0
2022-12-05 13:00:00+09:00,790.0,798.0,787.0,796.0,49200,0.0,0.0
2022-12-05 14:00:00+09:00,794.0,795.0,788.0,789.0,20600,0.0,0.0
2022-12-06 09:00:00+09:00,781.0,785.0,773.0,775.0,63900,0.0,0.0
2022-12-06 10:00:00+09:00,775.0,785.0,774.0,782.0,29900,0.0,0.0
2022-12-06 11:00:00+09:00,781.0,784.0,780.0,784.0,0,0.0,0.0
2022-12-06 12:00:00+09:00,784.0,786.0,782.0,783.0,109800,0.0,0.0
2022-12-06 13:00:00+09:00,782.0,790.0,779.0,790.0,38400,0.0,0.0
2022-12-06 14:00:00+09:00,790.0,798.0,790.0,796.0,54400,0.0,0.0
2022-12-07 09:00:00+09:00,787.0,794.0,783.0,787.0,45600,0.0,0.0
2022-12-07 10:00:00+09:00,788.0,795.0,787.0,795.0,23300,0.0,0.0
2022-12-07 11:00:00+09:00,795.0,795.0,791.0,792.0,0,0.0,0.0
2022-12-07 12:00:00+09:00,792.0,799.0,792.0,799.0,102600,0.0,0.0
2022-12-07 13:00:00+09:00,798.0,801.0,796.0,798.0,21700,0.0,0.0
2022-12-07 14:00:00+09:00,798.0,807.0,797.0,803.0,45600,0.0,0.0
2022-12-08 09:00:00+09:00,801.0,814.0,800.0,807.0,67700,0.0,0.0
2022-12-08 10:00:00+09:00,808.0,817.0,807.0,809.0,56300,0.0,0.0
2022-12-08 11:00:00+09:00,808.0,809.0,803.0,805.0,0,0.0,0.0
2022-12-08 12:00:00+09:00,807.0,812.0,807.0,808.0,163200,0.0,0.0
2022-12-08 13:00:00+09:00,807.0,808.0,797.0,797.0,43900,0.0,0.0
2022-12-08 14:00:00+09:00,797.0,799.0,793.0,798.0,35800,0.0,0.0
2022-12-09 09:00:00+09:00,799.0,805.0,794.0,800.0,33600,0.0,0.0
2022-12-09 10:00:00+09:00,800.0,800.0,795.0,796.0,17900,0.0,0.0
2022-12-09 11:00:00+09:00,797.0,803.0,796.0,803.0,0,0.0,0.0
2022-12-09 12:00:00+09:00,803.0,804.0,800.0,802.0,74400,0.0,0.0
2022-12-09 13:00:00+09:00,803.0,810.0,802.0,807.0,41800,0.0,0.0
2022-12-09 14:00:00+09:00,808.0,815.0,805.0,812.0,52000,0.0,0.0
2022-12-12 09:00:00+09:00,804.0,817.0,801.0,811.0,0,0.0,0.0
2022-12-12 10:00:00+09:00,810.0,820.0,807.0,819.0,34500,0.0,0.0
2022-12-12 11:00:00+09:00,818.0,821.0,816.0,819.0,0,0.0,0.0
2022-12-12 12:00:00+09:00,818.0,819.0,812.0,812.0,101800,0.0,0.0
2022-12-12 13:00:00+09:00,812.0,813.0,800.0,803.0,42200,0.0,0.0
2022-12-12 14:00:00+09:00,801.0,803.0,793.0,794.0,86500,0.0,0.0
2022-12-13 09:00:00+09:00,787.0,799.0,785.0,794.0,58000,0.0,0.0
2022-12-13 10:00:00+09:00,794.0,796.0,781.0,787.0,44400,0.0,0.0
2022-12-13 11:00:00+09:00,787.0,787.0,783.0,784.0,0,0.0,0.0
2022-12-13 12:00:00+09:00,783.0,784.0,773.0,775.0,150900,0.0,0.0
2022-12-13 13:00:00+09:00,777.0,777.0,736.0,752.0,268000,0.0,0.0
2022-12-13 14:00:00+09:00,753.0,754.0,745.0,747.0,89100,0.0,0.0
2022-12-14 09:00:00+09:00,752.0,758.0,742.0,748.0,57800,0.0,0.0
2022-12-14 10:00:00+09:00,748.0,757.0,742.0,756.0,49900,0.0,0.0
2022-12-14 11:00:00+09:00,757.0,760.0,755.0,759.0,0,0.0,0.0
2022-12-14 12:00:00+09:00,758.0,758.0,748.0,756.0,138100,0.0,0.0
2022-12-14 13:00:00+09:00,755.0,766.0,751.0,760.0,47300,0.0,0.0
2022-12-14 14:00:00+09:00,758.0,765.0,758.0,764.0,38300,0.0,0.0
2022-12-15 09:00:00+09:00,754.0,757.0,748.0,752.0,35600,0.0,0.0
2022-12-15 10:00:00+09:00,752.0,755.0,749.0,749.0,14700,0.0,0.0
2022-12-15 11:00:00+09:00,748.0,749.0,746.0,748.0,0,0.0,0.0
2022-12-15 12:00:00+09:00,749.0,749.0,745.0,745.0,81700,0.0,0.0
2022-12-15 13:00:00+09:00,745.0,748.0,743.0,747.0,17300,0.0,0.0
2022-12-15 14:00:00+09:00,746.0,750.0,743.0,745.0,28400,0.0,0.0
2022-12-16 09:00:00+09:00,730.0,739.0,722.0,733.0,66100,0.0,0.0
2022-12-16 10:00:00+09:00,733.0,733.0,728.0,733.0,21600,0.0,0.0
2022-12-16 11:00:00+09:00,733.0,737.0,733.0,737.0,0,0.0,0.0
2022-12-16 12:00:00+09:00,737.0,737.0,731.0,731.0,97600,0.0,0.0
2022-12-16 13:00:00+09:00,732.0,742.0,730.0,730.0,33600,0.0,0.0
2022-12-16 14:00:00+09:00,729.0,738.0,727.0,737.0,29800,0.0,0.0
2022-12-19 09:00:00+09:00,726.0,728.0,715.0,726.0,93100,0.0,0.0
2022-12-19 10:00:00+09:00,724.0,727.0,721.0,724.0,16700,0.0,0.0
2022-12-19 11:00:00+09:00,724.0,726.0,720.0,726.0,0,0.0,0.0
2022-12-19 12:00:00+09:00,726.0,727.0,723.0,726.0,147500,0.0,0.0
2022-12-19 13:00:00+09:00,725.0,727.0,722.0,724.0,15300,0.0,0.0
2022-12-19 14:00:00+09:00,724.0,731.0,723.0,730.0,17400,0.0,0.0
2022-12-20 09:00:00+09:00,732.0,743.0,727.0,733.0,50500,0.0,0.0
2022-12-20 10:00:00+09:00,732.0,735.0,731.0,735.0,8000,0.0,0.0
2022-12-20 11:00:00+09:00,733.0,736.0,731.0,733.0,0,0.0,0.0
2022-12-20 12:00:00+09:00,725.0,725.0,693.0,694.0,176100,0.0,0.0
2022-12-20 13:00:00+09:00,695.0,696.0,668.0,671.0,214700,0.0,0.0
2022-12-20 14:00:00+09:00,671.0,692.0,665.0,689.0,155400,0.0,0.0
2022-12-21 09:00:00+09:00,689.0,689.0,670.0,678.0,97200,0.0,0.0
2022-12-21 10:00:00+09:00,679.0,693.0,679.0,686.0,50500,0.0,0.0
2022-12-21 11:00:00+09:00,687.0,687.0,683.0,684.0,0,0.0,0.0
2022-12-21 12:00:00+09:00,680.0,683.0,677.0,679.0,163400,0.0,0.0
2022-12-21 13:00:00+09:00,678.0,690.0,633.0,662.0,317700,0.0,0.0
2022-12-21 14:00:00+09:00,659.0,660.0,604.0,605.0,886100,0.0,0.0
2022-12-22 09:00:00+09:00,600.0,605.0,572.0,597.0,653200,0.0,0.0
2022-12-22 10:00:00+09:00,596.0,609.0,587.0,591.0,158800,0.0,0.0
2022-12-22 11:00:00+09:00,590.0,599.0,585.0,595.0,0,0.0,0.0
2022-12-22 12:00:00+09:00,595.0,605.0,595.0,605.0,886200,0.0,0.0
2022-12-22 13:00:00+09:00,605.0,619.0,605.0,614.0,99100,0.0,0.0
2022-12-22 14:00:00+09:00,613.0,634.0,612.0,621.0,194600,0.0,0.0
2022-12-23 09:00:00+09:00,614.0,625.0,597.0,619.0,127100,0.0,0.0
2022-12-23 10:00:00+09:00,620.0,633.0,619.0,631.0,44100,0.0,0.0
2022-12-23 11:00:00+09:00,631.0,632.0,608.0,627.0,0,0.0,0.0
2022-12-23 12:00:00+09:00,621.0,625.0,621.0,624.0,278700,0.0,0.0
2022-12-23 13:00:00+09:00,624.0,627.0,623.0,626.0,20100,0.0,0.0
2022-12-23 14:00:00+09:00,626.0,626.0,600.0,611.0,91600,0.0,0.0
2022-12-26 09:00:00+09:00,613.0,613.0,591.0,594.0,0,0.0,0.0
2022-12-26 10:00:00+09:00,594.0,599.0,588.0,597.0,45600,0.0,0.0
2022-12-26 11:00:00+09:00,597.0,607.0,596.0,599.0,0,0.0,0.0
2022-12-26 12:00:00+09:00,599.0,607.0,597.0,599.0,174900,0.0,0.0
2022-12-26 13:00:00+09:00,599.0,599.0,591.0,594.0,34800,0.0,0.0
2022-12-26 14:00:00+09:00,595.0,596.0,592.0,594.0,42300,0.0,0.0
2022-12-27 09:00:00+09:00,606.0,623.0,604.0,615.0,127800,0.0,0.0
2022-12-27 10:00:00+09:00,614.0,620.0,610.0,620.0,35100,0.0,0.0
2022-12-27 11:00:00+09:00,619.0,621.0,618.0,619.0,0,0.0,0.0
2022-12-27 12:00:00+09:00,619.0,625.0,619.0,619.0,231400,0.0,0.0
2022-12-27 13:00:00+09:00,619.0,619.0,613.0,617.0,34200,0.0,0.0
2022-12-27 14:00:00+09:00,615.0,616.0,611.0,615.0,38000,0.0,0.0
2022-12-28 09:00:00+09:00,610.0,617.0,600.0,603.0,59500,0.0,0.0
2022-12-28 10:00:00+09:00,602.0,606.0,600.0,604.0,30300,0.0,0.0
2022-12-28 11:00:00+09:00,603.0,604.0,599.0,602.0,0,0.0,0.0
2022-12-28 12:00:00+09:00,601.0,606.0,601.0,603.0,124700,0.0,0.0
2022-12-28 13:00:00+09:00,604.0,608.0,602.0,608.0,9800,0.0,0.0
2022-12-28 14:00:00+09:00,606.0,612.0,605.0,610.0,29800,0.0,0.0
2022-12-29 09:00:00+09:00,606.0,615.0,603.0,612.0,54400,0.0,0.0
2022-12-29 10:00:00+09:00,612.0,615.0,608.0,608.0,20300,0.0,0.0
2022-12-29 11:00:00+09:00,608.0,614.0,608.0,614.0,0,0.0,0.0
2022-12-29 12:00:00+09:00,612.0,619.0,612.0,619.0,103000,0.0,0.0
2022-12-29 13:00:00+09:00,619.0,619.0,613.0,615.0,30500,0.0,0.0
2022-12-29 14:00:00+09:00,615.0,616.0,608.0,608.0,30700,0.0,0.0
2022-12-30 09:00:00+09:00,614.0,625.0,611.0,621.0,80000,0.0,0.0
2022-12-30 10:00:00+09:00,619.0,630.0,616.0,619.0,48600,0.0,0.0
2022-12-30 11:00:00+09:00,619.0,623.0,618.0,623.0,0,0.0,0.0
2022-12-30 12:00:00+09:00,623.0,626.0,618.0,626.0,153600,0.0,0.0
2022-12-30 13:00:00+09:00,624.0,630.0,622.0,624.0,24600,0.0,0.0
2022-12-30 14:00:00+09:00,622.0,628.0,622.0,624.0,25700,0.0,0.0
2023-01-04 09:00:00+09:00,618.0,623.0,610.0,621.0,0,0.0,0.0
2023-01-04 10:00:00+09:00,621.0,624.0,618.0,619.0,19200,0.0,0.0
2023-01-04 11:00:00+09:00,620.0,620.0,618.0,619.0,0,0.0,0.0
2023-01-04 12:00:00+09:00,619.0,620.0,615.0,617.0,81800,0.0,0.0
2023-01-04 13:00:00+09:00,616.0,618.0,616.0,616.0,7500,0.0,0.0
2023-01-04 14:00:00+09:00,617.0,620.0,612.0,614.0,20400,0.0,0.0
2023-01-05 09:00:00+09:00,610.0,614.0,604.0,608.0,28000,0.0,0.0
2023-01-05 10:00:00+09:00,608.0,617.0,608.0,614.0,15100,0.0,0.0
2023-01-05 11:00:00+09:00,614.0,614.0,608.0,608.0,0,0.0,0.0
2023-01-05 12:00:00+09:00,610.0,610.0,606.0,610.0,59700,0.0,0.0
2023-01-05 13:00:00+09:00,610.0,610.0,607.0,610.0,2300,0.0,0.0
2023-01-05 14:00:00+09:00,610.0,611.0,605.0,608.0,8000,0.0,0.0
2023-01-06 09:00:00+09:00,605.0,618.0,605.0,610.0,53300,0.0,0.0
2023-01-06 10:00:00+09:00,608.0,610.0,606.0,608.0,9800,0.0,0.0
2023-01-06 11:00:00+09:00,607.0,608.0,601.0,606.0,0,0.0,0.0
2023-01-06 12:00:00+09:00,608.0,616.0,608.0,613.0,106400,0.0,0.0
2023-01-06 13:00:00+09:00,614.0,618.0,613.0,617.0,9800,0.0,0.0
2023-01-06 14:00:00+09:00,616.0,629.0,615.0,629.0,83200,0.0,0.0
2023-01-10 09:00:00+09:00,641.0,673.0,635.0,657.0,57100,0.0,0.0
2023-01-10 10:00:00+09:00,657.0,670.0,653.0,666.0,44500,0.0,0.0
2023-01-10 11:00:00+09:00,666.0,673.0,665.0,671.0,0,0.0,0.0
2023-01-10 12:00:00+09:00,672.0,681.0,672.0,679.0,387200,0.0,0.0
2023-01-10 13:00:00+09:00,680.0,683.0,673.0,676.0,29700,0.0,0.0
2023-01-10 14:00:00+09:00,676.0,681.0,667.0,681.0,74000,0.0,0.0
2023-01-11 09:00:00+09:00,672.0,699.0,665.0,682.0,179200,0.0,0.0
2023-01-11 10:00:00+09:00,682.0,716.0,678.0,709.0,131700,0.0,0.0
2023-01-11 11:00:00+09:00,709.0,715.0,700.0,704.0,0,0.0,0.0
2023-01-11 12:00:00+09:00,704.0,704.0,679.0,682.0,492900,0.0,0.0
2023-01-11 13:00:00+09:00,682.0,682.0,657.0,664.0,178300,0.0,0.0
2023-01-11 14:00:00+09:00,664.0,675.0,661.0,675.0,114400,0.0,0.0
2023-01-12 09:00:00+09:00,670.0,683.0,661.0,673.0,155800,0.0,0.0
2023-01-12 10:00:00+09:00,674.0,679.0,665.0,666.0,71100,0.0,0.0
2023-01-12 11:00:00+09:00,667.0,677.0,667.0,669.0,0,0.0,0.0
2023-01-12 12:00:00+09:00,668.0,669.0,645.0,649.0,350700,0.0,0.0
2023-01-12 13:00:00+09:00,650.0,652.0,647.0,649.0,30400,0.0,0.0
2023-01-12 14:00:00+09:00,649.0,671.0,645.0,653.0,260600,0.0,0.0
2023-01-13 09:00:00+09:00,659.0,683.0,651.0,677.0,194000,0.0,0.0
2023-01-13 10:00:00+09:00,677.0,690.0,670.0,675.0,101300,0.0,0.0
2023-01-13 11:00:00+09:00,675.0,691.0,674.0,686.0,0,0.0,0.0
2023-01-13 12:00:00+09:00,686.0,686.0,672.0,678.0,434800,0.0,0.0
2023-01-13 13:00:00+09:00,677.0,681.0,672.0,680.0,49900,0.0,0.0
2023-01-13 14:00:00+09:00,680.0,685.0,672.0,682.0,116300,0.0,0.0
2023-01-16 09:00:00+09:00,709.0,723.0,633.0,634.0,368100,0.0,0.0
2023-01-16 10:00:00+09:00,635.0,639.0,615.0,628.0,410000,0.0,0.0
2023-01-16 11:00:00+09:00,628.0,632.0,622.0,630.0,0,0.0,0.0
2023-01-16 12:00:00+09:00,629.0,643.0,628.0,642.0,1600200,0.0,0.0
2023-01-16 13:00:00+09:00,641.0,641.0,622.0,624.0,164500,0.0,0.0
2023-01-16 14:00:00+09:00,624.0,631.0,620.0,622.0,150200,0.0,0.0
2023-01-17 09:00:00+09:00,626.0,686.0,626.0,684.0,659500,0.0,0.0
2023-01-17 10:00:00+09:00,684.0,703.0,679.0,698.0,700300,0.0,0.0
2023-01-17 11:00:00+09:00,697.0,710.0,697.0,705.0,0,0.0,0.0
2023-01-17 12:00:00+09:00,705.0,708.0,690.0,696.0,1736300,0.0,0.0
2023-01-17 13:00:00+09:00,696.0,700.0,686.0,692.0,169200,0.0,0.0
2023-01-17 14:00:00+09:00,692.0,705.0,673.0,700.0,321900,0.0,0.0
2023-01-18 09:00:00+09:00,688.0,689.0,640.0,641.0,572400,0.0,0.0
2023-01-18 10:00:00+09:00,641.0,645.0,635.0,640.0,208100,0.0,0.0
2023-01-18 11:00:00+09:00,641.0,642.0,636.0,637.0,0,0.0,0.0
2023-01-18 12:00:00+09:00,647.0,659.0,643.0,645.0,1032600,0.0,0.0
2023-01-18 13:00:00+09:00,646.0,655.0,646.0,651.0,120900,0.0,0.0
2023-01-18 14:00:00+09:00,651.0,663.0,648.0,657.0,132300,0.0,0.0
2023-01-19 09:00:00+09:00,650.0,686.0,647.0,683.0,248700,0.0,0.0
2023-01-19 10:00:00+09:00,683.0,685.0,663.0,670.0,155800,0.0,0.0
2023-01-19 11:00:00+09:00,668.0,674.0,668.0,668.0,0,0.0,0.0
2023-01-19 12:00:00+09:00,668.0,674.0,662.0,667.0,471100,0.0,0.0
2023-01-19 13:00:00+09:00,666.0,667.0,660.0,660.0,35100,0.0,0.0
2023-01-19 14:00:00+09:00,660.0,663.0,655.0,655.0,56800,0.0,0.0
2023-01-20 09:00:00+09:00,653.0,667.0,643.0,644.0,175800,0.0,0.0
2023-01-20 10:00:00+09:00,645.0,650.0,626.0,627.0,139800,0.0,0.0
2023-01-20 11:00:00+09:00,627.0,632.0,625.0,630.0,0,0.0,0.0
2023-01-20 12:00:00+09:00,630.0,636.0,630.0,636.0,402900,0.0,0.0
2023-01-20 13:00:00+09:00,636.0,644.0,636.0,640.0,32600,0.0,0.0
2023-01-20 14:00:00+09:00,640.0,640.0,635.0,635.0,44900,0.0,0.0
2023-01-23 09:00:00+09:00,640.0,645.0,635.0,636.0,86300,0.0,0.0
2023-01-23 10:00:00+09:00,635.0,635.0,619.0,627.0,138700,0.0,0.0
2023-01-23 11:00:00+09:00,626.0,630.0,624.0,630.0,0,0.0,0.0
2023-01-23 12:00:00+09:00,631.0,642.0,631.0,637.0,285500,0.0,0.0
2023-01-23 13:00:00+09:00,637.0,645.0,635.0,643.0,43200,0.0,0.0
2023-01-23 14:00:00+09:00,643.0,644.0,635.0,637.0,40400,0.0,0.0
2023-01-24 09:00:00+09:00,638.0,640.0,620.0,621.0,120100,0.0,0.0
2023-01-24 10:00:00+09:00,620.0,626.0,619.0,624.0,67200,0.0,0.0
2023-01-24 11:00:00+09:00,624.0,626.0,621.0,621.0,0,0.0,0.0
2023-01-24 12:00:00+09:00,625.0,628.0,625.0,625.0,236400,0.0,0.0
2023-01-24 13:00:00+09:00,626.0,627.0,622.0,622.0,12000,0.0,0.0
2023-01-24 14:00:00+09:00,623.0,623.0,621.0,623.0,38200,0.0,0.0
2023-01-25 09:00:00+09:00,627.0,635.0,626.0,631.0,64700,0.0,0.0
2023-01-25 10:00:00+09:00,631.0,639.0,627.0,634.0,49200,0.0,0.0
2023-01-25 11:00:00+09:00,635.0,635.0,632.0,634.0,0,0.0,0.0
2023-01-25 12:00:00+09:00,634.0,635.0,631.0,633.0,141600,0.0,0.0
2023-01-25 13:00:00+09:00,632.0,638.0,631.0,636.0,14100,0.0,0.0
2023-01-25 14:00:00+09:00,636.0,638.0,631.0,633.0,25100,0.0,0.0
2023-01-26 09:00:00+09:00,630.0,635.0,621.0,623.0,55400,0.0,0.0
2023-01-26 10:00:00+09:00,622.0,626.0,620.0,623.0,27300,0.0,0.0
2023-01-26 11:00:00+09:00,625.0,625.0,623.0,623.0,0,0.0,0.0
2023-01-26 12:00:00+09:00,623.0,628.0,623.0,625.0,98100,0.0,0.0
2023-01-26 13:00:00+09:00,626.0,636.0,626.0,632.0,43900,0.0,0.0
2023-01-26 14:00:00+09:00,632.0,635.0,630.0,630.0,31700,0.0,0.0
2023-01-27 09:00:00+09:00,626.0,628.0,621.0,623.0,67700,0.0,0.0
2023-01-27 10:00:00+09:00,622.0,622.0,616.0,620.0,45400,0.0,0.0
2023-01-27 11:00:00+09:00,620.0,625.0,620.0,622.0,0,0.0,0.0
2023-01-27 12:00:00+09:00,619.0,623.0,619.0,620.0,149000,0.0,0.0
2023-01-27 13:00:00+09:00,620.0,622.0,619.0,619.0,20300,0.0,0.0
2023-01-27 14:00:00+09:00,619.0,620.0,615.0,617.0,48200,0.0,0.0
2023-01-30 09:00:00+09:00,623.0,642.0,622.0,632.0,104400,0.0,0.0
2023-01-30 10:00:00+09:00,633.0,633.0,619.0,621.0,28300,0.0,0.0
2023-01-30 11:00:00+09:00,621.0,621.0,619.0,621.0,0,0.0,0.0
2023-01-30 12:00:00+09:00,621.0,624.0,620.0,621.0,153000,0.0,0.0
2023-01-30 13:00:00+09:00,620.0,622.0,617.0,619.0,23800,0.0,0.0
2023-01-30 14:00:00+09:00,619.0,624.0,616.0,624.0,32900,0.0,0.0
2023-01-31 09:00:00+09:00,618.0,625.0,616.0,621.0,35100,0.0,0.0
2023-01-31 10:00:00+09:00,621.0,621.0,617.0,620.0,14000,0.0,0.0
2023-01-31 11:00:00+09:00,620.0,624.0,619.0,624.0,0,0.0,0.0
2023-01-31 12:00:00+09:00,624.0,627.0,622.0,622.0,81800,0.0,0.0
2023-01-31 13:00:00+09:00,620.0,622.0,620.0,622.0,4700,0.0,0.0
2023-01-31 14:00:00+09:00,622.0,630.0,622.0,625.0,24800,0.0,0.0
2023-02-01 09:00:00+09:00,623.0,632.0,623.0,624.0,41200,0.0,0.0
2023-02-01 10:00:00+09:00,624.0,631.0,623.0,629.0,24000,0.0,0.0
2023-02-01 11:00:00+09:00,629.0,633.0,627.0,627.0,0,0.0,0.0
2023-02-01 12:00:00+09:00,629.0,630.0,627.0,629.0,81500,0.0,0.0
2023-02-01 13:00:00+09:00,628.0,628.0,624.0,626.0,12300,0.0,0.0
2023-02-01 14:00:00+09:00,626.0,628.0,619.0,619.0,19400,0.0,0.0
2023-02-02 09:00:00+09:00,623.0,629.0,620.0,622.0,35800,0.0,0.0
2023-02-02 10:00:00+09:00,621.0,621.0,617.0,618.0,37200,0.0,0.0
2023-02-02 11:00:00+09:00,618.0,622.0,616.0,619.0,0,0.0,0.0
2023-02-02 12:00:00+09:00,620.0,623.0,620.0,621.0,102300,0.0,0.0
2023-02-02 13:00:00+09:00,622.0,623.0,619.0,621.0,11500,0.0,0.0
2023-02-02 14:00:00+09:00,619.0,621.0,619.0,620.0,7600,0.0,0.0
2023-02-03 09:00:00+09:00,625.0,629.0,618.0,621.0,27600,0.0,0.0
2023-02-03 10:00:00+09:00,620.0,620.0,617.0,619.0,18700,0.0,0.0
2023-02-03 11:00:00+09:00,619.0,619.0,615.0,615.0,0,0.0,0.0
2023-02-03 12:00:00+09:00,617.0,624.0,615.0,619.0,114900,0.0,0.0
2023-02-03 13:00:00+09:00,619.0,624.0,617.0,622.0,32900,0.0,0.0
2023-02-03 14:00:00+09:00,621.0,627.0,621.0,623.0,37500,0.0,0.0
2023-02-06 09:00:00+09:00,625.0,627.0,618.0,619.0,54200,0.0,0.0
2023-02-06 10:00:00+09:00,619.0,620.0,615.0,618.0,40300,0.0,0.0
2023-02-06 11:00:00+09:00,617.0,619.0,617.0,617.0,0,0.0,0.0
2023-02-06 12:00:00+09:00,616.0,618.0,611.0,612.0,147000,0.0,0.0
2023-02-06 13:00:00+09:00,613.0,614.0,612.0,614.0,8700,0.0,0.0
2023-02-06 14:00:00+09:00,614.0,614.0,611.0,612.0,15700,0.0,0.0
2023-02-07 09:00:00+09:00,611.0,614.0,606.0,610.0,37600,0.0,0.0
2023-02-07 10:00:00+09:00,609.0,611.0,608.0,611.0,16700,0.0,0.0
2023-02-07 11:00:00+09:00,611.0,611.0,610.0,611.0,0,0.0,0.0
2023-02-07 12:00:00+09:00,609.0,610.0,604.0,605.0,96300,0.0,0.0
2023-02-07 13:00:00+09:00,604.0,606.0,599.0,600.0,39300,0.0,0.0
2023-02-07 14:00:00+09:00,600.0,600.0,594.0,598.0,78100,0.0,0.0
2023-02-08 09:00:00+09:00,593.0,597.0,585.0,589.0,0,0.0,0.0
2023-02-08 10:00:00+09:00,590.0,590.0,587.0,588.0,120700,0.0,0.0
2023-02-08 11:00:00+09:00,588.0,589.0,585.0,585.0,0,0.0,0.0
2023-02-08 12:00:00+09:00,585.0,593.0,585.0,591.0,178400,0.0,0.0
2023-02-08 13:00:00+09:00,591.0,592.0,588.0,588.0,12800,0.0,0.0
2023-02-08 14:00:00+09:00,589.0,590.0,587.0,588.0,28100,0.0,0.0
2023-02-09 09:00:00+09:00,580.0,592.0,574.0,576.0,142000,0.0,0.0
2023-02-09 10:00:00+09:00,576.0,579.0,575.0,576.0,13800,0.0,0.0
2023-02-09 11:00:00+09:00,576.0,581.0,574.0,578.0,0,0.0,0.0
2023-02-09 12:00:00+09:00,576.0,586.0,576.0,585.0,204300,0.0,0.0
2023-02-09 13:00:00+09:00,584.0,588.0,584.0,586.0,9700,0.0,0.0
2023-02-09 14:00:00+09:00,587.0,589.0,585.0,587.0,24400,0.0,0.0
2023-02-10 09:00:00+09:00,581.0,582.0,563.0,574.0,147100,0.0,0.0
2023-02-10 10:00:00+09:00,573.0,574.0,569.0,570.0,18400,0.0,0.0
2023-02-10 11:00:00+09:00,570.0,572.0,568.0,571.0,0,0.0,0.0
2023-02-10 12:00:00+09:00,571.0,577.0,571.0,574.0,187800,0.0,0.0
2023-02-10 13:00:00+09:00,574.0,576.0,574.0,575.0,8700,0.0,0.0
2023-02-10 14:00:00+09:00,575.0,579.0,574.0,575.0,26400,0.0,0.0
2023-02-13 09:00:00+09:00,583.0,584.0,560.0,560.0,38600,0.0,0.0
2023-02-13 10:00:00+09:00,563.0,566.0,560.0,563.0,24800,0.0,0.0
2023-02-13 11:00:00+09:00,562.0,564.0,562.0,562.0,0,0.0,0.0
2023-02-13 12:00:00+09:00,565.0,565.0,562.0,565.0,73000,0.0,0.0
2023-02-13 13:00:00+09:00,564.0,564.0,554.0,556.0,38700,0.0,0.0
2023-02-13 14:00:00+09:00,557.0,561.0,557.0,560.0,18600,0.0,0.0
2023-02-14 09:00:00+09:00,564.0,570.0,564.0,566.0,38100,0.0,0.0
2023-02-14 10:00:00+09:00,568.0,570.0,567.0,570.0,18500,0.0,0.0
2023-02-14 11:00:00+09:00,569.0,574.0,569.0,571.0,0,0.0,0.0
2023-02-14 12:00:00+09:00,571.0,572.0,569.0,572.0,70000,0.0,0.0
2023-02-14 13:00:00+09:00,572.0,579.0,572.0,576.0,23100,0.0,0.0
2023-02-14 14:00:00+09:00,575.0,576.0,569.0,569.0,15000,0.0,0.0
2023-02-15 09:00:00+09:00,569.0,573.0,558.0,559.0,30400,0.0,0.0
2023-02-15 10:00:00+09:00,558.0,560.0,557.0,557.0,9400,0.0,0.0
2023-02-15 11:00:00+09:00,557.0,559.0,556.0,556.0,0,0.0,0.0
2023-02-15 12:00:00+09:00,556.0,560.0,556.0,558.0,53600,0.0,0.0
2023-02-15 13:00:00+09:00,559.0,560.0,558.0,559.0,4200,0.0,0.0
2023-02-15 14:00:00+09:00,560.0,563.0,558.0,560.0,10900,0.0,0.0
2023-02-16 09:00:00+09:00,561.0,569.0,560.0,566.0,32300,0.0,0.0
2023-02-16 10:00:00+09:00,566.0,569.0,564.0,565.0,17400,0.0,0.0
2023-02-16 11:00:00+09:00,566.0,567.0,565.0,567.0,0,0.0,0.0
2023-02-16 12:00:00+09:00,568.0,568.0,565.0,566.0,58400,0.0,0.0
2023-02-16 13:00:00+09:00,566.0,571.0,564.0,571.0,17400,0.0,0.0
2023-02-16 14:00:00+09:00,569.0,570.0,568.0,568.0,6200,0.0,0.0
2023-02-17 09:00:00+09:00,560.0,567.0,560.0,562.0,22100,0.0,0.0
2023-02-17 10:00:00+09:00,563.0,571.0,563.0,566.0,15700,0.0,0.0
2023-02-17 11:00:00+09:00,567.0,567.0,561.0,561.0,0,0.0,0.0
2023-02-17 12:00:00+09:00,559.0,560.0,557.0,560.0,55300,0.0,0.0
2023-02-17 13:00:00+09:00,560.0,561.0,560.0,560.0,2700,0.0,0.0
2023-02-17 14:00:00+09:00,560.0,569.0,559.0,566.0,20600,0.0,0.0
2023-02-20 09:00:00+09:00,563.0,580.0,562.0,579.0,50600,0.0,0.0
2023-02-20 10:00:00+09:00,579.0,592.0,579.0,588.0,67400,0.0,0.0
2023-02-20 11:00:00+09:00,586.0,588.0,583.0,585.0,0,0.0,0.0
2023-02-20 12:00:00+09:00,585.0,586.0,581.0,582.0,143700,0.0,0.0
2023-02-20 13:00:00+09:00,582.0,588.0,580.0,588.0,17000,0.0,0.0
2023-02-20 14:00:00+09:00,587.0,594.0,586.0,592.0,41800,0.0,0.0
2023-02-21 09:00:00+09:00,595.0,603.0,582.0,599.0,115400,0.0,0.0
2023-02-21 10:00:00+09:00,600.0,602.0,596.0,602.0,22200,0.0,0.0
2023-02-21 11:00:00+09:00,603.0,603.0,597.0,598.0,0,0.0,0.0
2023-02-21 12:00:00+09:00,596.0,598.0,595.0,597.0,159700,0.0,0.0
2023-02-21 13:00:00+09:00,597.0,597.0,594.0,594.0,4100,0.0,0.0
2023-02-21 14:00:00+09:00,596.0,606.0,596.0,603.0,56600,0.0,0.0
2023-02-22 09:00:00+09:00,595.0,601.0,586.0,601.0,0,0.0,0.0
2023-02-22 10:00:00+09:00,601.0,601.0,586.0,586.0,103400,0.0,0.0
2023-02-22 11:00:00+09:00,586.0,587.0,583.0,587.0,0,0.0,0.0
2023-02-22 12:00:00+09:00,587.0,598.0,586.0,598.0,146100,0.0,0.0
2023-02-22 13:00:00+09:00,596.0,597.0,587.0,592.0,21600,0.0,0.0
2023-02-22 14:00:00+09:00,592.0,597.0,591.0,596.0,17900,0.0,0.0
2023-02-24 09:00:00+09:00,587.0,621.0,581.0,584.0,195100,0.0,0.0
2023-02-24 10:00:00+09:00,585.0,598.0,585.0,596.0,60700,0.0,0.0
2023-02-24 11:00:00+09:00,596.0,597.0,589.0,592.0,0,0.0,0.0
2023-02-24 12:00:00+09:00,589.0,592.0,587.0,590.0,481200,0.0,0.0
2023-02-24 13:00:00+09:00,589.0,592.0,587.0,590.0,16900,0.0,0.0
2023-02-24 14:00:00+09:00,591.0,592.0,588.0,589.0,24400,0.0,0.0
2023-02-27 09:00:00+09:00,588.0,602.0,584.0,594.0,0,0.0,0.0
2023-02-27 10:00:00+09:00,594.0,601.0,592.0,600.0,21800,0.0,0.0
2023-02-27 11:00:00+09:00,599.0,602.0,595.0,602.0,0,0.0,0.0
2023-02-27 12:00:00+09:00,601.0,601.0,597.0,598.0,129500,0.0,0.0
2023-02-27 13:00:00+09:00,598.0,602.0,596.0,602.0,8600,0.0,0.0
2023-02-27 14:00:00+09:00,602.0,610.0,602.0,607.0,47600,0.0,0.0
2023-02-28 09:00:00+09:00,606.0,619.0,602.0,618.0,52100,0.0,0.0
2023-02-28 10:00:00+09:00,619.0,623.0,614.0,616.0,25900,0.0,0.0
2023-02-28 11:00:00+09:00,616.0,616.0,613.0,614.0,0,0.0,0.0
2023-02-28 12:00:00+09:00,618.0,618.0,611.0,612.0,99400,0.0,0.0
2023-02-28 13:00:00+09:00,613.0,613.0,607.0,608.0,11900,0.0,0.0
2023-02-28 14:00:00+09:00,608.0,611.0,608.0,611.0,11000,0.0,0.0
2023-03-01 09:00:00+09:00,600.0,615.0,599.0,609.0,37600,0.0,0.0
2023-03-01 10:00:00+09:00,607.0,610.0,605.0,609.0,10300,0.0,0.0
2023-03-01 11:00:00+09:00,610.0,616.0,607.0,607.0,0,0.0,0.0
2023-03-01 12:00:00+09:00,611.0,622.0,609.0,618.0,118400,0.0,0.0
2023-03-01 13:00:00+09:00,616.0,618.0,613.0,615.0,20900,0.0,0.0
2023-03-01 14:00:00+09:00,615.0,617.0,609.0,612.0,38000,0.0,0.0
2023-03-02 09:00:00+09:00,612.0,619.0,606.0,606.0,78900,0.0,0.0
2023-03-02 10:00:00+09:00,605.0,606.0,591.0,595.0,54400,0.0,0.0
2023-03-02 11:00:00+09:00,597.0,597.0,593.0,593.0,0,0.0,0.0
2023-03-02 12:00:00+09:00,591.0,592.0,586.0,589.0,159900,0.0,0.0
2023-03-02 13:00:00+09:00,588.0,590.0,587.0,590.0,9500,0.0,0.0
2023-03-02 14:00:00+09:00,590.0,591.0,587.0,590.0,23700,0.0,0.0
2023-03-03 09:00:00+09:00,593.0,608.0,593.0,601.0,57000,0.0,0.0
2023-03-03 10:00:00+09:00,602.0,606.0,601.0,605.0,16700,0.0,0.0
2023-03-03 11:00:00+09:00,603.0,608.0,603.0,607.0,0,0.0,0.0
2023-03-03 12:00:00+09:00,607.0,610.0,605.0,608.0,103400,0.0,0.0
2023-03-03 13:00:00+09:00,607.0,611.0,606.0,610.0,14100,0.0,0.0
2023-03-03 14:00:00+09:00,607.0,612.0,607.0,612.0,20000,0.0,0.0
2023-03-06 09:00:00+09:00,610.0,613.0,604.0,606.0,0,0.0,0.0
2023-03-06 10:00:00+09:00,606.0,606.0,600.0,603.0,51300,0.0,0.0
2023-03-06 11:00:00+09:00,603.0,603.0,602.0,602.0,0,0.0,0.0
2023-03-06 12:00:00+09:00,602.0,603.0,600.0,601.0,59800,0.0,0.0
2023-03-06 13:00:00+09:00,600.0,600.0,593.0,595.0,29600,0.0,0.0
2023-03-06 14:00:00+09:00,595.0,601.0,594.0,597.0,21700,0.0,0.0
2023-03-07 09:00:00+09:00,595.0,620.0,592.0,616.0,97400,0.0,0.0
2023-03-07 10:00:00+09:00,616.0,619.0,614.0,615.0,17400,0.0,0.0
2023-03-07 11:00:00+09:00,615.0,617.0,613.0,617.0,0,0.0,0.0
2023-03-07 12:00:00+09:00,618.0,621.0,615.0,617.0,148600,0.0,0.0
2023-03-07 13:00:00+09:00,617.0,635.0,614.0,634.0,136700,0.0,0.0
2023-03-07 14:00:00+09:00,633.0,633.0,622.0,627.0,68900,0.0,0.0
2023-03-08 09:00:00+09:00,636.0,649.0,623.0,640.0,277000,0.0,0.0
2023-03-08 10:00:00+09:00,640.0,640.0,630.0,633.0,40900,0.0,0.0
2023-03-08 11:00:00+09:00,631.0,639.0,630.0,638.0,0,0.0,0.0
2023-03-08 12:00:00+09:00,638.0,642.0,629.0,630.0,375600,0.0,0.0
2023-03-08 13:00:00+09:00,630.0,631.0,622.0,622.0,25100,0.0,0.0
2023-03-08 14:00:00+09:00,622.0,626.0,616.0,621.0,38000,0.0,0.0
2023-03-09 09:00:00+09:00,618.0,618.0,606.0,610.0,49800,0.0,0.0
2023-03-09 10:00:00+09:00,610.0,610.0,606.0,607.0,18200,0.0,0.0
2023-03-09 11:00:00+09:00,607.0,609.0,605.0,607.0,0,0.0,0.0
2023-03-09 12:00:00+09:00,607.0,610.0,606.0,608.0,90500,0.0,0.0
2023-03-09 13:00:00+09:00,608.0,610.0,601.0,602.0,24900,0.0,0.0
2023-03-09 14:00:00+09:00,602.0,604.0,601.0,604.0,13200,0.0,0.0
2023-03-10 09:00:00+09:00,599.0,608.0,592.0,605.0,52400,0.0,0.0
2023-03-10 10:00:00+09:00,605.0,606.0,598.0,600.0,8500,0.0,0.0
2023-03-10 11:00:00+09:00,601.0,601.0,592.0,595.0,0,0.0,0.0
2023-03-10 12:00:00+09:00,591.0,599.0,591.0,593.0,104300,0.0,0.0
2023-03-10 13:00:00+09:00,593.0,594.0,578.0,580.0,79300,0.0,0.0
2023-03-10 14:00:00+09:00,581.0,581.0,574.0,578.0,28800,0.0,0.0
2023-03-13 09:00:00+09:00,566.0,571.0,545.0,560.0,0,0.0,0.0
2023-03-13 10:00:00+09:00,560.0,561.0,551.0,558.0,129900,0.0,0.0
2023-03-13 11:00:00+09:00,558.0,560.0,554.0,557.0,0,0.0,0.0
2023-03-13 12:00:00+09:00,551.0,562.0,551.0,560.0,170800,0.0,0.0
2023-03-13 13:00:00+09:00,558.0,558.0,555.0,556.0,14300,0.0,0.0
2023-03-13 14:00:00+09:00,557.0,565.0,557.0,565.0,29100,0.0,0.0
2023-03-14 09:00:00+09:00,554.0,560.0,540.0,540.0,68700,0.0,0.0
2023-03-14 10:00:00+09:00,540.0,543.0,529.0,534.0,94800,0.0,0.0
2023-03-14 11:00:00+09:00,535.0,541.0,532.0,535.0,0,0.0,0.0
2023-03-14 12:00:00+09:00,533.0,539.0,533.0,535.0,226400,0.0,0.0
2023-03-14 13:00:00+09:00,535.0,535.0,529.0,531.0,38400,0.0,0.0
2023-03-14 14:00:00+09:00,531.0,536.0,527.0,534.0,56900,0.0,0.0
2023-03-15 09:00:00+09:00,544.0,556.0,544.0,550.0,44400,0.0,0.0
2023-03-15 10:00:00+09:00,550.0,555.0,549.0,555.0,21500,0.0,0.0
2023-03-15 11:00:00+09:00,555.0,555.0,553.0,553.0,0,0.0,0.0
2023-03-15 12:00:00+09:00,554.0,554.0,552.0,552.0,75600,0.0,0.0
2023-03-15 13:00:00+09:00,552.0,552.0,548.0,551.0,6700,0.0,0.0
2023-03-15 14:00:00+09:00,550.0,551.0,543.0,551.0,24900,0.0,0.0
2023-03-16 09:00:00+09:00,532.0,541.0,527.0,539.0,52900,0.0,0.0
2023-03-16 10:00:00+09:00,539.0,540.0,535.0,536.0,12200,0.0,0.0
2023-03-16 11:00:00+09:00,536.0,540.0,531.0,540.0,0,0.0,0.0
2023-03-16 12:00:00+09:00,540.0,540.0,531.0,535.0,99300,0.0,0.0
2023-03-16 13:00:00+09:00,534.0,540.0,534.0,539.0,12100,0.0,0.0
2023-03-16 14:00:00+09:00,538.0,545.0,537.0,543.0,25700,0.0,0.0
2023-03-17 09:00:00+09:00,545.0,562.0,545.0,561.0,54000,0.0,0.0
2023-03-17 10:00:00+09:00,561.0,564.0,559.0,562.0,14800,0.0,0.0
2023-03-17 11:00:00+09:00,562.0,565.0,552.0,558.0,0,0.0,0.0
2023-03-17 12:00:00+09:00,556.0,559.0,554.0,555.0,134700,0.0,0.0
2023-03-17 13:00:00+09:00,554.0,555.0,550.0,553.0,18600,0.0,0.0
2023-03-17 14:00:00+09:00,552.0,554.0,551.0,552.0,19100,0.0,0.0
2023-03-20 09:00:00+09:00,549.0,565.0,548.0,559.0,77400,0.0,0.0
2023-03-20 10:00:00+09:00,558.0,560.0,548.0,555.0,20500,0.0,0.0
2023-03-20 11:00:00+09:00,553.0,555.0,549.0,549.0,0,0.0,0.0
2023-03-20 12:00:00+09:00,549.0,549.0,547.0,547.0,104200,0.0,0.0
2023-03-20 13:00:00+09:00,546.0,549.0,539.0,545.0,24500,0.0,0.0
2023-03-20 14:00:00+09:00,546.0,548.0,545.0,548.0,11500,0.0,0.0
2023-03-22 09:00:00+09:00,555.0,571.0,555.0,566.0,0,0.0,0.0
2023-03-22 10:00:00+09:00,565.0,567.0,559.0,562.0,12400,0.0,0.0
2023-03-22 11:00:00+09:00,563.0,563.0,560.0,560.0,0,0.0,0.0
2023-03-22 12:00:00+09:00,559.0,564.0,558.0,562.0,149800,0.0,0.0
2023-03-22 13:00:00+09:00,562.0,568.0,560.0,560.0,17200,0.0,0.0
2023-03-22 14:00:00+09:00,561.0,561.0,552.0,555.0,23400,0.0,0.0
2023-03-23 09:00:00+09:00,544.0,554.0,542.0,546.0,25800,0.0,0.0
2023-03-23 10:00:00+09:00,548.0,548.0,545.0,546.0,3800,0.0,0.0
2023-03-23 11:00:00+09:00,546.0,546.0,545.0,545.0,0,0.0,0.0
2023-03-23 12:00:00+09:00,548.0,548.0,545.0,548.0,36000,0.0,0.0
2023-03-23 13:00:00+09:00,546.0,546.0,535.0,541.0,0,0.0,0.0
2023-03-23 14:00:00+09:00,541.0,546.0,537.0,546.0,101100,0.0,0.0
2023-03-24 09:00:00+09:00,542.0,544.0,531.0,533.0,47700,0.0,0.0
2023-03-24 10:00:00+09:00,533.0,540.0,533.0,539.0,9500,0.0,0.0
2023-03-24 11:00:00+09:00,539.0,541.0,536.0,538.0,0,0.0,0.0
2023-03-24 12:00:00+09:00,538.0,539.0,536.0,536.0,67900,0.0,0.0
2023-03-24 13:00:00+09:00,535.0,537.0,532.0,536.0,22100,0.0,0.0
2023-03-24 14:00:00+09:00,536.0,541.0,536.0,539.0,8800,0.0,0.0
2023-03-27 09:00:00+09:00,542.0,542.0,533.0,534.0,18100,0.0,0.0
2023-03-27 10:00:00+09:00,535.0,536.0,534.0,534.0,4200,0.0,0.0
2023-03-27 11:00:00+09:00,534.0,534.0,529.0,529.0,0,0.0,0.0
2023-03-27 12:00:00+09:00,531.0,532.0,531.0,531.0,43300,0.0,0.0
2023-03-27 13:00:00+09:00,531.0,531.0,527.0,528.0,14100,0.0,0.0
2023-03-27 14:00:00+09:00,529.0,531.0,528.0,530.0,6400,0.0,0.0
2023-03-28 09:00:00+09:00,529.0,531.0,521.0,522.0,23100,0.0,0.0
2023-03-28 10:00:00+09:00,522.0,524.0,521.0,523.0,4500,0.0,0.0
2023-03-28 11:00:00+09:00,523.0,526.0,521.0,524.0,0,0.0,0.0
2023-03-28 12:00:00+09:00,526.0,529.0,525.0,527.0,38900,0.0,0.0
2023-03-28 13:00:00+09:00,525.0,525.0,521.0,522.0,9500,0.0,0.0
2023-03-28 14:00:00+09:00,522.0,522.0,516.0,518.0,48400,0.0,0.0
2023-03-29 09:00:00+09:00,517.0,531.0,517.0,529.0,31600,0.0,0.0
2023-03-29 10:00:00+09:00,529.0,531.0,528.0,530.0,10200,0.0,0.0
2023-03-29 11:00:00+09:00,529.0,529.0,526.0,526.0,0,0.0,0.0
2023-03-29 12:00:00+09:00,529.0,533.0,526.0,530.0,57300,0.0,0.0
2023-03-29 13:00:00+09:00,529.0,529.0,527.0,527.0,2500,0.0,0.0
2023-03-29 14:00:00+09:00,527.0,530.0,527.0,528.0,6500,0.0,0.0
2023-03-30 09:00:00+09:00,531.0,544.0,531.0,540.0,25500,0.0,0.0
2023-03-30 10:00:00+09:00,538.0,539.0,536.0,537.0,8200,0.0,0.0
2023-03-30 11:00:00+09:00,536.0,537.0,533.0,536.0,0,0.0,0.0
2023-03-30 12:00:00+09:00,536.0,542.0,532.0,538.0,52800,0.0,0.0
2023-03-30 13:00:00+09:00,538.0,538.0,537.0,537.0,1800,0.0,0.0
2023-03-30 14:00:00+09:00,537.0,539.0,536.0,537.0,9700,0.0,0.0
2023-03-31 09:00:00+09:00,535.0,544.0,532.0,532.0,24600,0.0,0.0
2023-03-31 10:00:00+09:00,531.0,535.0,530.0,535.0,6900,0.0,0.0
2023-03-31 11:00:00+09:00,535.0,536.0,533.0,533.0,0,0.0,0.0
2023-03-31 12:00:00+09:00,532.0,536.0,531.0,535.0,40800,0.0,0.0
2023-03-31 13:00:00+09:00,535.0,535.0,533.0,533.0,1100,0.0,0.0
2023-03-31 14:00:00+09:00,533.0,539.0,531.0,532.0,14900,0.0,0.0
2023-04-03 09:00:00+09:00,536.0,542.0,534.0,539.0,25400,0.0,0.0
2023-04-03 10:00:00+09:00,539.0,542.0,537.0,540.0,12100,0.0,0.0
2023-04-03 11:00:00+09:00,539.0,539.0,535.0,536.0,0,0.0,0.0
2023-04-03 12:00:00+09:00,540.0,540.0,538.0,538.0,56900,0.0,0.0
2023-04-03 13:00:00+09:00,538.0,541.0,538.0,540.0,7400,0.0,0.0
2023-04-03 14:00:00+09:00,539.0,540.0,538.0,539.0,4100,0.0,0.0
2023-04-04 09:00:00+09:00,540.0,540.0,529.0,530.0,16700,0.0,0.0
2023-04-04 10:00:00+09:00,530.0,535.0,529.0,532.0,7500,0.0,0.0
2023-04-04 11:00:00+09:00,531.0,532.0,530.0,532.0,0,0.0,0.0
2023-04-04 12:00:00+09:00,533.0,533.0,529.0,531.0,31200,0.0,0.0
2023-04-04 13:00:00+09:00,531.0,531.0,527.0,528.0,9200,0.0,0.0
2023-04-04 14:00:00+09:00,528.0,528.0,521.0,525.0,73400,0.0,0.0
2023-04-05 09:00:00+09:00,521.0,521.0,513.0,517.0,31000,0.0,0.0
2023-04-05 10:00:00+09:00,516.0,516.0,512.0,513.0,8900,0.0,0.0
2023-04-05 11:00:00+09:00,513.0,517.0,513.0,515.0,0,0.0,0.0
2023-04-05 12:00:00+09:00,516.0,516.0,510.0,510.0,63600,0.0,0.0
2023-04-05 13:00:00+09:00,510.0,513.0,508.0,511.0,35200,0.0,0.0
2023-04-05 14:00:00+09:00,511.0,513.0,509.0,513.0,10400,0.0,0.0
2023-04-06 09:00:00+09:00,508.0,512.0,504.0,506.0,28000,0.0,0.0
2023-04-06 10:00:00+09:00,507.0,508.0,502.0,504.0,20700,0.0,0.0
2023-04-06 11:00:00+09:00,503.0,504.0,497.0,500.0,0,0.0,0.0
2023-04-06 12:00:00+09:00,500.0,501.0,495.0,498.0,98300,0.0,0.0
2023-04-06 13:00:00+09:00,497.0,499.0,496.0,498.0,11100,0.0,0.0
2023-04-06 14:00:00+09:00,499.0,500.0,497.0,500.0,16600,0.0,0.0
2023-04-07 09:00:00+09:00,503.0,507.0,501.0,505.0,18800,0.0,0.0
2023-04-07 10:00:00+09:00,506.0,507.0,501.0,503.0,6300,0.0,0.0
2023-04-07 11:00:00+09:00,503.0,503.0,501.0,501.0,0,0.0,0.0
2023-04-07 12:00:00+09:00,502.0,503.0,498.0,501.0,43500,0.0,0.0
2023-04-07 13:00:00+09:00,500.0,502.0,499.0,502.0,9300,0.0,0.0
2023-04-07 14:00:00+09:00,501.0,504.0,501.0,501.0,15100,0.0,0.0
2023-04-10 09:00:00+09:00,501.0,508.0,500.0,505.0,0,0.0,0.0
2023-04-10 10:00:00+09:00,506.0,507.0,502.0,506.0,4700,0.0,0.0
2023-04-10 11:00:00+09:00,506.0,507.0,503.0,503.0,0,0.0,0.0
2023-04-10 12:00:00+09:00,503.0,506.0,503.0,506.0,27000,0.0,0.0
2023-04-10 13:00:00+09:00,506.0,507.0,505.0,505.0,1300,0.0,0.0
2023-04-10 14:00:00+09:00,505.0,506.0,503.0,504.0,7100,0.0,0.0
2023-04-11 09:00:00+09:00,503.0,510.0,503.0,507.0,15600,0.0,0.0
2023-04-11 10:00:00+09:00,507.0,507.0,503.0,507.0,12200,0.0,0.0
2023-04-11 11:00:00+09:00,507.0,508.0,503.0,506.0,0,0.0,0.0
2023-04-11 12:00:00+09:00,508.0,508.0,505.0,506.0,32500,0.0,0.0
2023-04-11 13:00:00+09:00,507.0,514.0,507.0,514.0,17100,0.0,0.0
2023-04-11 14:00:00+09:00,513.0,513.0,507.0,508.0,12000,0.0,0.0
2023-04-12 09:00:00+09:00,514.0,514.0,508.0,511.0,0,0.0,0.0
2023-04-12 10:00:00+09:00,513.0,513.0,511.0,511.0,0,0.0,0.0
2023-04-12 11:00:00+09:00,511.0,511.0,507.0,509.0,0,0.0,0.0
2023-04-12 12:00:00+09:00,509.0,512.0,507.0,510.0,82000,0.0,0.0
2023-04-12 13:00:00+09:00,510.0,510.0,505.0,507.0,9800,0.0,0.0
2023-04-12 14:00:00+09:00,506.0,515.0,505.0,513.0,40500,0.0,0.0
2023-04-13 09:00:00+09:00,510.0,512.0,506.0,507.0,24300,0.0,0.0
2023-04-13 10:00:00+09:00,508.0,514.0,508.0,513.0,10500,0.0,0.0
2023-04-13 11:00:00+09:00,513.0,515.0,512.0,514.0,0,0.0,0.0
2023-04-13 12:00:00+09:00,514.0,515.0,511.0,513.0,41500,0.0,0.0
2023-04-13 13:00:00+09:00,514.0,514.0,512.0,514.0,4500,0.0,0.0
2023-04-13 14:00:00+09:00,514.0,516.0,511.0,516.0,18000,0.0,0.0
2023-04-14 09:00:00+09:00,520.0,522.0,513.0,513.0,49900,0.0,0.0
2023-04-14 10:00:00+09:00,513.0,518.0,511.0,517.0,17700,0.0,0.0
2023-04-14 11:00:00+09:00,517.0,518.0,515.0,516.0,0,0.0,0.0
2023-04-14 12:00:00+09:00,518.0,519.0,516.0,516.0,100400,0.0,0.0
2023-04-14 13:00:00+09:00,517.0,525.0,516.0,519.0,49100,0.0,0.0
2023-04-14 14:00:00+09:00,520.0,525.0,518.0,521.0,63700,0.0,0.0
2023-04-17 09:00:00+09:00,520.0,528.0,500.0,501.0,262400,0.0,0.0
2023-04-17 10:00:00+09:00,501.0,513.0,499.0,508.0,49400,0.0,0.0
2023-04-17 11:00:00+09:00,508.0,513.0,507.0,508.0,0,0.0,0.0
2023-04-17 12:00:00+09:00,505.0,514.0,504.0,509.0,358000,0.0,0.0
2023-04-17 13:00:00+09:00,509.0,513.0,508.0,510.0,0,0.0,0.0
2023-04-17 14:00:00+09:00,509.0,513.0,508.0,510.0,410900,0.0,0.0
2023-04-18 09:00:00+09:00,508.0,511.0,496.0,504.0,0,0.0,0.0
2023-04-18 10:00:00+09:00,504.0,514.0,504.0,513.0,111500,0.0,0.0
2023-04-18 11:00:00+09:00,512.0,521.0,512.0,519.0,0,0.0,0.0
2023-04-18 12:00:00+09:00,520.0,523.0,513.0,513.0,159700,0.0,0.0
2023-04-18 13:00:00+09:00,515.0,515.0,510.0,513.0,14900,0.0,0.0
2023-04-18 14:00:00+09:00,511.0,513.0,507.0,509.0,20500,0.0,0.0
2023-04-19 09:00:00+09:00,511.0,517.0,501.0,503.0,39800,0.0,0.0
2023-04-19 10:00:00+09:00,503.0,505.0,501.0,504.0,13600,0.0,0.0
2023-04-19 11:00:00+09:00,504.0,504.0,502.0,503.0,0,0.0,0.0
2023-04-19 12:00:00+09:00,503.0,503.0,501.0,502.0,86600,0.0,0.0
2023-04-19 13:00:00+09:00,502.0,502.0,498.0,498.0,27800,0.0,0.0
2023-04-19 14:00:00+09:00,498.0,501.0,497.0,499.0,16300,0.0,0.0
2023-04-20 09:00:00+09:00,501.0,507.0,499.0,503.0,21600,0.0,0.0
2023-04-20 10:00:00+09:00,502.0,502.0,500.0,502.0,5200,0.0,0.0
2023-04-20 11:00:00+09:00,502.0,504.0,502.0,503.0,0,0.0,0.0
2023-04-20 12:00:00+09:00,504.0,511.0,504.0,508.0,44900,0.0,0.0
2023-04-20 13:00:00+09:00,508.0,508.0,505.0,506.0,5000,0.0,0.0
2023-04-20 14:00:00+09:00,506.0,507.0,500.0,501.0,17000,0.0,0.0
2023-04-21 09:00:00+09:00,499.0,500.0,476.0,492.0,138300,0.0,0.0
2023-04-21 10:00:00+09:00,493.0,494.0,488.0,491.0,12700,0.0,0.0
2023-04-21 11:00:00+09:00,491.0,491.0,488.0,489.0,0,0.0,0.0
2023-04-21 12:00:00+09:00,489.0,491.0,487.0,490.0,160900,0.0,0.0
2023-04-21 13:00:00+09:00,489.0,489.0,482.0,485.0,22300,0.0,0.0
2023-04-21 14:00:00+09:00,485.0,487.0,482.0,485.0,23000,0.0,0.0
2023-04-24 09:00:00+09:00,482.0,490.0,480.0,487.0,36900,0.0,0.0
2023-04-24 10:00:00+09:00,487.0,488.0,485.0,485.0,7600,0.0,0.0
2023-04-24 11:00:00+09:00,486.0,486.0,484.0,484.0,0,0.0,0.0
2023-04-24 12:00:00+09:00,483.0,486.0,482.0,485.0,58800,0.0,0.0
2023-04-24 13:00:00+09:00,483.0,483.0,478.0,480.0,12200,0.0,0.0
2023-04-24 14:00:00+09:00,479.0,480.0,477.0,478.0,15600,0.0,0.0
2023-04-25 09:00:00+09:00,478.0,482.0,474.0,477.0,21600,0.0,0.0
2023-04-25 10:00:00+09:00,477.0,477.0,475.0,477.0,7400,0.0,0.0
2023-04-25 11:00:00+09:00,475.0,477.0,475.0,477.0,0,0.0,0.0
2023-04-25 12:00:00+09:00,472.0,473.0,468.0,470.0,80500,0.0,0.0
2023-04-25 13:00:00+09:00,472.0,472.0,468.0,470.0,10800,0.0,0.0
2023-04-25 14:00:00+09:00,469.0,475.0,468.0,475.0,18400,0.0,0.0
2023-04-26 09:00:00+09:00,474.0,474.0,468.0,474.0,19700,0.0,0.0
2023-04-26 10:00:00+09:00,473.0,473.0,468.0,469.0,6900,0.0,0.0
2023-04-26 11:00:00+09:00,469.0,471.0,467.0,469.0,0,0.0,0.0
2023-04-26 12:00:00+09:00,469.0,469.0,461.0,463.0,55300,0.0,0.0
2023-04-26 13:00:00+09:00,464.0,465.0,462.0,464.0,0,0.0,0.0
2023-04-26 14:00:00+09:00,464.0,469.0,464.0,467.0,73500,0.0,0.0
2023-04-27 09:00:00+09:00,465.0,469.0,462.0,469.0,14000,0.0,0.0
2023-04-27 10:00:00+09:00,469.0,469.0,464.0,467.0,8600,0.0,0.0
2023-04-27 11:00:00+09:00,468.0,468.0,468.0,468.0,0,0.0,0.0
2023-04-27 12:00:00+09:00,468.0,468.0,466.0,466.0,28900,0.0,0.0
2023-04-27 13:00:00+09:00,467.0,472.0,467.0,471.0,5600,0.0,0.0
2023-04-27 14:00:00+09:00,473.0,476.0,470.0,471.0,10000,0.0,0.0
2023-04-28 09:00:00+09:00,470.0,483.0,470.0,482.0,33900,0.0,0.0
2023-04-28 10:00:00+09:00,482.0,482.0,476.0,476.0,17400,0.0,0.0
2023-04-28 11:00:00+09:00,480.0,480.0,479.0,480.0,0,0.0,0.0
2023-04-28 12:00:00+09:00,477.0,479.0,477.0,479.0,58900,0.0,0.0
2023-04-28 13:00:00+09:00,479.0,483.0,477.0,481.0,23100,0.0,0.0
2023-04-28 14:00:00+09:00,482.0,485.0,477.0,483.0,34800,0.0,0.0
2023-05-01 09:00:00+09:00,494.0,503.0,491.0,494.0,85400,0.0,0.0
2023-05-01 10:00:00+09:00,496.0,498.0,494.0,496.0,15100,0.0,0.0
2023-05-01 11:00:00+09:00,496.0,496.0,495.0,496.0,0,0.0,0.0
2023-05-01 12:00:00+09:00,497.0,499.0,497.0,499.0,109400,0.0,0.0
2023-05-01 13:00:00+09:00,498.0,500.0,497.0,499.0,8800,0.0,0.0
2023-05-01 14:00:00+09:00,499.0,500.0,497.0,499.0,12500,0.0,0.0
2023-05-02 09:00:00+09:00,493.0,505.0,492.0,505.0,63500,0.0,0.0
2023-05-02 10:00:00+09:00,503.0,511.0,502.0,507.0,34200,0.0,0.0
2023-05-02 11:00:00+09:00,507.0,508.0,505.0,507.0,0,0.0,0.0
2023-05-02 12:00:00+09:00,507.0,512.0,505.0,510.0,125600,0.0,0.0
2023-05-02 13:00:00+09:00,510.0,515.0,509.0,512.0,14300,0.0,0.0
2023-05-02 14:00:00+09:00,514.0,520.0,513.0,519.0,48800,0.0,0.0
2023-05-08 09:00:00+09:00,515.0,517.0,513.0,513.0,18400,0.0,0.0
2023-05-08 10:00:00+09:00,512.0,516.0,511.0,513.0,6700,0.0,0.0
2023-05-08 11:00:00+09:00,512.0,514.0,511.0,513.0,0,0.0,0.0
2023-05-08 12:00:00+09:00,511.0,511.0,505.0,507.0,49500,0.0,0.0
2023-05-08 13:00:00+09:00,507.0,507.0,506.0,507.0,3600,0.0,0.0
2023-05-08 14:00:00+09:00,507.0,508.0,506.0,508.0,6600,0.0,0.0
2023-05-09 09:00:00+09:00,507.0,523.0,506.0,515.0,0,0.0,0.0
2023-05-09 10:00:00+09:00,515.0,515.0,512.0,515.0,55100,0.0,0.0
2023-05-09 11:00:00+09:00,515.0,516.0,512.0,512.0,0,0.0,0.0
2023-05-09 12:00:00+09:00,514.0,514.0,510.0,513.0,64100,0.0,0.0
2023-05-09 13:00:00+09:00,514.0,529.0,514.0,522.0,98500,0.0,0.0
2023-05-09 14:00:00+09:00,521.0,522.0,515.0,520.0,34800,0.0,0.0
2023-05-10 09:00:00+09:00,517.0,521.0,513.0,513.0,19300,0.0,0.0
2023-05-10 10:00:00+09:00,513.0,514.0,511.0,512.0,9900,0.0,0.0
2023-05-10 11:00:00+09:00,513.0,513.0,511.0,512.0,0,0.0,0.0
2023-05-10 12:00:00+09:00,512.0,513.0,510.0,511.0,39100,0.0,0.0
2023-05-10 13:00:00+09:00,510.0,513.0,508.0,513.0,20800,0.0,0.0
2023-05-10 14:00:00+09:00,513.0,523.0,513.0,516.0,36700,0.0,0.0
2023-05-11 09:00:00+09:00,515.0,515.0,507.0,511.0,18100,0.0,0.0
2023-05-11 10:00:00+09:00,511.0,513.0,510.0,510.0,4500,0.0,0.0
2023-05-11 11:00:00+09:00,509.0,510.0,508.0,508.0,0,0.0,0.0
2023-05-11 12:00:00+09:00,508.0,509.0,508.0,509.0,27100,0.0,0.0
2023-05-11 13:00:00+09:00,508.0,508.0,506.0,507.0,7500,0.0,0.0
2023-05-11 14:00:00+09:00,506.0,506.0,501.0,506.0,42200,0.0,0.0
2023-05-12 09:00:00+09:00,505.0,507.0,498.0,499.0,24800,0.0,0.0
2023-05-12 10:00:00+09:00,500.0,505.0,500.0,505.0,7500,0.0,0.0
2023-05-12 11:00:00+09:00,504.0,504.0,500.0,501.0,0,0.0,0.0
2023-05-12 12:00:00+09:00,504.0,504.0,502.0,502.0,39700,0.0,0.0
2023-05-12 13:00:00+09:00,502.0,502.0,499.0,499.0,5800,0.0,0.0
2023-05-12 14:00:00+09:00,499.0,504.0,496.0,503.0,21600,0.0,0.0
2023-05-15 09:00:00+09:00,497.0,498.0,491.0,495.0,0,0.0,0.0
2023-05-15 10:00:00+09:00,495.0,499.0,492.0,499.0,11900,0.0,0.0
2023-05-15 11:00:00+09:00,498.0,498.0,496.0,496.0,0,0.0,0.0
2023-05-15 12:00:00+09:00,496.0,498.0,494.0,497.0,42800,0.0,0.0
2023-05-15 13:00:00+09:00,497.0,503.0,496.0,501.0,13900,0.0,0.0
2023-05-15 14:00:00+09:00,500.0,503.0,499.0,501.0,16300,0.0,0.0
2023-05-16 09:00:00+09:00,502.0,502.0,497.0,498.0,7500,0.0,0.0
2023-05-16 10:00:00+09:00,500.0,501.0,494.0,497.0,11500,0.0,0.0
2023-05-16 11:00:00+09:00,496.0,496.0,495.0,495.0,0,0.0,0.0
2023-05-16 12:00:00+09:00,493.0,494.0,488.0,489.0,59200,0.0,0.0
2023-05-16 13:00:00+09:00,491.0,491.0,486.0,486.0,19200,0.0,0.0
2023-05-16 14:00:00+09:00,486.0,490.0,484.0,485.0,42000,0.0,0.0
2023-05-17 09:00:00+09:00,480.0,490.0,479.0,489.0,29000,0.0,0.0
2023-05-17 10:00:00+09:00,489.0,491.0,486.0,489.0,9800,0.0,0.0
2023-05-17 11:00:00+09:00,488.0,489.0,487.0,487.0,0,0.0,0.0
2023-05-17 12:00:00+09:00,486.0,488.0,484.0,484.0,47400,0.0,0.0
2023-05-17 13:00:00+09:00,485.0,486.0,483.0,486.0,4700,0.0,0.0
2023-05-17 14:00:00+09:00,486.0,494.0,486.0,494.0,33100,0.0,0.0
2023-05-18 09:00:00+09:00,493.0,503.0,489.0,500.0,33400,0.0,0.0
2023-05-18 10:00:00+09:00,500.0,500.0,497.0,498.0,4300,0.0,0.0
2023-05-18 11:00:00+09:00,499.0,506.0,499.0,506.0,0,0.0,0.0
2023-05-18 12:00:00+09:00,506.0,528.0,506.0,527.0,105900,0.0,0.0
2023-05-18 13:00:00+09:00,527.0,536.0,521.0,536.0,63500,0.0,0.0
2023-05-18 14:00:00+09:00,536.0,540.0,529.0,538.0,115400,0.0,0.0
2023-05-19 09:00:00+09:00,532.0,554.0,528.0,546.0,153600,0.0,0.0
2023-05-19 10:00:00+09:00,548.0,554.0,541.0,548.0,66600,0.0,0.0
2023-05-19 11:00:00+09:00,548.0,599.0,546.0,595.0,0,0.0,0.0
2023-05-19 12:00:00+09:00,605.0,618.0,564.0,575.0,1039500,0.0,0.0
2023-05-19 13:00:00+09:00,574.0,596.0,570.0,589.0,309400,0.0,0.0
2023-05-19 14:00:00+09:00,589.0,612.0,586.0,602.0,414900,0.0,0.0
2023-05-22 09:00:00+09:00,613.0,656.0,598.0,652.0,895600,0.0,0.0
2023-05-22 10:00:00+09:00,651.0,663.0,638.0,651.0,417000,0.0,0.0
2023-05-22 11:00:00+09:00,652.0,660.0,652.0,660.0,0,0.0,0.0
2023-05-22 12:00:00+09:00,657.0,658.0,636.0,643.0,1560700,0.0,0.0
2023-05-22 13:00:00+09:00,644.0,646.0,623.0,626.0,199800,0.0,0.0
2023-05-22 14:00:00+09:00,625.0,642.0,624.0,633.0,165200,0.0,0.0
2023-05-23 09:00:00+09:00,639.0,645.0,605.0,609.0,317300,0.0,0.0
2023-05-23 10:00:00+09:00,609.0,614.0,602.0,604.0,77400,0.0,0.0
2023-05-23 11:00:00+09:00,604.0,605.0,594.0,596.0,0,0.0,0.0
2023-05-23 12:00:00+09:00,594.0,613.0,585.0,602.0,643900,0.0,0.0
2023-05-23 13:00:00+09:00,603.0,610.0,588.0,590.0,94500,0.0,0.0
2023-05-23 14:00:00+09:00,591.0,604.0,591.0,595.0,106900,0.0,0.0
2023-05-24 09:00:00+09:00,599.0,616.0,594.0,611.0,163000,0.0,0.0
2023-05-24 10:00:00+09:00,612.0,617.0,603.0,607.0,56500,0.0,0.0
2023-05-24 11:00:00+09:00,607.0,607.0,595.0,597.0,0,0.0,0.0
2023-05-24 12:00:00+09:00,597.0,602.0,589.0,599.0,299400,0.0,0.0
2023-05-24 13:00:00+09:00,601.0,614.0,597.0,610.0,44200,0.0,0.0
2023-05-24 14:00:00+09:00,610.0,619.0,607.0,609.0,98300,0.0,0.0
2023-05-25 09:00:00+09:00,611.0,611.0,590.0,595.0,145200,0.0,0.0
2023-05-25 10:00:00+09:00,595.0,596.0,577.0,579.0,159500,0.0,0.0
2023-05-25 11:00:00+09:00,580.0,582.0,577.0,579.0,0,0.0,0.0
2023-05-25 12:00:00+09:00,579.0,580.0,576.0,577.0,356500,0.0,0.0
2023-05-25 13:00:00+09:00,578.0,584.0,572.0,580.0,117500,0.0,0.0
2023-05-25 14:00:00+09:00,579.0,586.0,578.0,582.0,86600,0.0,0.0
2023-05-26 09:00:00+09:00,584.0,588.0,576.0,583.0,75700,0.0,0.0
2023-05-26 10:00:00+09:00,583.0,587.0,580.0,581.0,18000,0.0,0.0
2023-05-26 11:00:00+09:00,581.0,582.0,576.0,579.0,0,0.0,0.0
2023-05-26 12:00:00+09:00,580.0,587.0,577.0,581.0,190600,0.0,0.0
2023-05-26 13:00:00+09:00,581.0,581.0,569.0,572.0,57100,0.0,0.0
2023-05-26 14:00:00+09:00,573.0,576.0,570.0,573.0,30900,0.0,0.0
2023-05-29 09:00:00+09:00,579.0,583.0,558.0,579.0,144100,0.0,0.0
2023-05-29 10:00:00+09:00,579.0,579.0,567.0,567.0,27500,0.0,0.0
2023-05-29 11:00:00+09:00,568.0,569.0,564.0,569.0,0,0.0,0.0
2023-05-29 12:00:00+09:00,569.0,569.0,559.0,562.0,252200,0.0,0.0
2023-05-29 13:00:00+09:00,564.0,568.0,559.0,565.0,45000,0.0,0.0
2023-05-29 14:00:00+09:00,565.0,572.0,564.0,571.0,61100,0.0,0.0
2023-05-30 09:00:00+09:00,568.0,582.0,550.0,552.0,171300,0.0,0.0
2023-05-30 10:00:00+09:00,552.0,557.0,547.0,550.0,45100,0.0,0.0
2023-05-30 11:00:00+09:00,552.0,556.0,551.0,551.0,0,0.0,0.0
2023-05-30 12:00:00+09:00,551.0,562.0,551.0,558.0,259200,0.0,0.0
2023-05-30 13:00:00+09:00,559.0,562.0,553.0,554.0,21700,0.0,0.0
2023-05-30 14:00:00+09:00,555.0,559.0,555.0,558.0,20200,0.0,0.0
2023-05-31 09:00:00+09:00,557.0,557.0,532.0,549.0,103700,0.0,0.0
2023-05-31 10:00:00+09:00,549.0,552.0,545.0,545.0,22100,0.0,0.0
2023-05-31 11:00:00+09:00,545.0,545.0,541.0,544.0,0,0.0,0.0
2023-05-31 12:00:00+09:00,544.0,557.0,544.0,553.0,171800,0.0,0.0
2023-05-31 13:00:00+09:00,553.0,553.0,543.0,549.0,24100,0.0,0.0
2023-05-31 14:00:00+09:00,549.0,550.0,545.0,546.0,31500,0.0,0.0
2023-06-01 09:00:00+09:00,542.0,574.0,537.0,563.0,146900,0.0,0.0
2023-06-01 10:00:00+09:00,562.0,564.0,554.0,559.0,54300,0.0,0.0
2023-06-01 11:00:00+09:00,559.0,567.0,559.0,562.0,0,0.0,0.0
2023-06-01 12:00:00+09:00,564.0,568.0,560.0,563.0,245300,0.0,0.0
2023-06-01 13:00:00+09:00,563.0,563.0,558.0,561.0,14300,0.0,0.0
2023-06-01 14:00:00+09:00,562.0,565.0,559.0,559.0,37400,0.0,0.0
2023-06-02 09:00:00+09:00,560.0,571.0,557.0,565.0,64600,0.0,0.0
2023-06-02 10:00:00+09:00,565.0,580.0,563.0,578.0,37100,0.0,0.0
2023-06-02 11:00:00+09:00,578.0,578.0,572.0,572.0,0,0.0,0.0
2023-06-02 12:00:00+09:00,573.0,577.0,566.0,567.0,121300,0.0,0.0
2023-06-02 13:00:00+09:00,567.0,568.0,561.0,563.0,27000,0.0,0.0
2023-06-02 14:00:00+09:00,563.0,567.0,561.0,566.0,28200,0.0,0.0
2023-06-05 09:00:00+09:00,574.0,594.0,570.0,590.0,135000,0.0,0.0
2023-06-05 10:00:00+09:00,589.0,602.0,589.0,591.0,97200,0.0,0.0
2023-06-05 11:00:00+09:00,592.0,592.0,586.0,587.0,0,0.0,0.0
2023-06-05 12:00:00+09:00,593.0,593.0,584.0,584.0,285400,0.0,0.0
2023-06-05 13:00:00+09:00,586.0,600.0,586.0,596.0,27800,0.0,0.0
2023-06-05 14:00:00+09:00,596.0,601.0,593.0,600.0,86300,0.0,0.0
2023-06-06 09:00:00+09:00,603.0,614.0,594.0,602.0,333300,0.0,0.0
2023-06-06 10:00:00+09:00,601.0,610.0,598.0,604.0,74400,0.0,0.0
2023-06-06 11:00:00+09:00,605.0,607.0,598.0,600.0,0,0.0,0.0
2023-06-06 12:00:00+09:00,599.0,613.0,595.0,608.0,519100,0.0,0.0
2023-06-06 13:00:00+09:00,606.0,611.0,598.0,599.0,43400,0.0,0.0
2023-06-06 14:00:00+09:00,600.0,606.0,598.0,599.0,59100,0.0,0.0
2023-06-07 09:00:00+09:00,603.0,603.0,584.0,585.0,109200,0.0,0.0
2023-06-07 10:00:00+09:00,585.0,586.0,566.0,586.0,119200,0.0,0.0
2023-06-07 11:00:00+09:00,586.0,588.0,584.0,588.0,0,0.0,0.0
2023-06-07 12:00:00+09:00,589.0,592.0,586.0,587.0,267200,0.0,0.0
2023-06-07 13:00:00+09:00,589.0,590.0,580.0,586.0,24700,0.0,0.0
2023-06-07 14:00:00+09:00,584.0,588.0,581.0,581.0,26500,0.0,0.0
2023-06-08 09:00:00+09:00,580.0,595.0,580.0,588.0,74900,0.0,0.0
2023-06-08 10:00:00+09:00,588.0,588.0,584.0,585.0,18400,0.0,0.0
2023-06-08 11:00:00+09:00,586.0,586.0,581.0,582.0,0,0.0,0.0
2023-06-08 12:00:00+09:00,582.0,582.0,576.0,577.0,127500,0.0,0.0
2023-06-08 13:00:00+09:00,578.0,579.0,573.0,578.0,30500,0.0,0.0
2023-06-08 14:00:00+09:00,578.0,587.0,576.0,585.0,28800,0.0,0.0
2023-06-09 09:00:00+09:00,596.0,603.0,588.0,591.0,94600,0.0,0.0
2023-06-09 10:00:00+09:00,591.0,592.0,585.0,590.0,30500,0.0,0.0
2023-06-09 11:00:00+09:00,590.0,591.0,588.0,588.0,0,0.0,0.0
2023-06-09 12:00:00+09:00,590.0,595.0,588.0,592.0,149500,0.0,0.0
2023-06-09 13:00:00+09:00,593.0,593.0,589.0,590.0,16100,0.0,0.0
2023-06-09 14:00:00+09:00,590.0,590.0,586.0,586.0,20000,0.0,0.0
2023-06-12 09:00:00+09:00,590.0,614.0,585.0,603.0,139800,0.0,0.0
2023-06-12 10:00:00+09:00,602.0,608.0,601.0,607.0,17500,0.0,0.0
2023-06-12 11:00:00+09:00,606.0,607.0,602.0,602.0,0,0.0,0.0
2023-06-12 12:00:00+09:00,601.0,603.0,595.0,599.0,201400,0.0,0.0
2023-06-12 13:00:00+09:00,598.0,598.0,593.0,596.0,24000,0.0,0.0
2023-06-12 14:00:00+09:00,595.0,603.0,595.0,599.0,34200,0.0,0.0
2023-06-13 09:00:00+09:00,598.0,603.0,591.0,594.0,84800,0.0,0.0
2023-06-13 10:00:00+09:00,594.0,595.0,591.0,595.0,20400,0.0,0.0
2023-06-13 11:00:00+09:00,595.0,595.0,593.0,593.0,0,0.0,0.0
2023-06-13 12:00:00+09:00,593.0,596.0,592.0,592.0,125400,0.0,0.0
2023-06-13 13:00:00+09:00,592.0,592.0,584.0,587.0,52400,0.0,0.0
2023-06-13 14:00:00+09:00,588.0,589.0,586.0,588.0,29700,0.0,0.0
2023-06-14 09:00:00+09:00,597.0,602.0,589.0,598.0,86800,0.0,0.0
2023-06-14 10:00:00+09:00,598.0,606.0,596.0,604.0,89700,0.0,0.0
2023-06-14 11:00:00+09:00,604.0,604.0,595.0,597.0,0,0.0,0.0
2023-06-14 12:00:00+09:00,597.0,601.0,594.0,600.0,220700,0.0,0.0
2023-06-14 13:00:00+09:00,601.0,606.0,600.0,603.0,27500,0.0,0.0
2023-06-14 14:00:00+09:00,602.0,605.0,600.0,601.0,41700,0.0,0.0
2023-06-15 09:00:00+09:00,601.0,601.0,593.0,596.0,51000,0.0,0.0
2023-06-15 10:00:00+09:00,597.0,598.0,595.0,597.0,32900,0.0,0.0
2023-06-15 11:00:00+09:00,597.0,617.0,597.0,617.0,0,0.0,0.0
2023-06-15 12:00:00+09:00,616.0,616.0,602.0,603.0,193200,0.0,0.0
2023-06-15 13:00:00+09:00,603.0,605.0,598.0,598.0,47600,0.0,0.0
2023-06-15 14:00:00+09:00,598.0,600.0,597.0,598.0,39200,0.0,0.0
2023-06-16 09:00:00+09:00,602.0,614.0,600.0,613.0,107000,0.0,0.0
2023-06-16 10:00:00+09:00,613.0,615.0,608.0,613.0,44500,0.0,0.0
2023-06-16 11:00:00+09:00,615.0,615.0,608.0,608.0,0,0.0,0.0
2023-06-16 12:00:00+09:00,610.0,619.0,608.0,616.0,221600,0.0,0.0
2023-06-16 13:00:00+09:00,618.0,618.0,609.0,610.0,31700,0.0,0.0
2023-06-16 14:00:00+09:00,610.0,617.0,610.0,615.0,17800,0.0,0.0
2023-06-19 09:00:00+09:00,629.0,637.0,620.0,627.0,111600,0.0,0.0
2023-06-19 10:00:00+09:00,629.0,634.0,625.0,626.0,34400,0.0,0.0
2023-06-19 11:00:00+09:00,626.0,630.0,626.0,630.0,0,0.0,0.0
2023-06-19 12:00:00+09:00,630.0,637.0,626.0,634.0,180000,0.0,0.0
2023-06-19 13:00:00+09:00,634.0,635.0,623.0,628.0,0,0.0,0.0
2023-06-19 14:00:00+09:00,629.0,630.0,625.0,630.0,219600,0.0,0.0
2023-06-20 09:00:00+09:00,633.0,679.0,632.0,658.0,575300,0.0,0.0
2023-06-20 10:00:00+09:00,659.0,675.0,654.0,669.0,121800,0.0,0.0
2023-06-20 11:00:00+09:00,668.0,688.0,668.0,685.0,0,0.0,0.0
2023-06-20 12:00:00+09:00,685.0,687.0,672.0,676.0,958500,0.0,0.0
2023-06-20 13:00:00+09:00,676.0,685.0,675.0,684.0,95400,0.0,0.0
2023-06-20 14:00:00+09:00,684.0,696.0,684.0,695.0,143200,0.0,0.0
2023-06-21 09:00:00+09:00,683.0,685.0,648.0,685.0,537600,0.0,0.0
2023-06-21 10:00:00+09:00,682.0,692.0,660.0,674.0,253800,0.0,0.0
2023-06-21 11:00:00+09:00,673.0,687.0,672.0,687.0,0,0.0,0.0
2023-06-21 12:00:00+09:00,684.0,685.0,670.0,670.0,930500,0.0,0.0
2023-06-21 13:00:00+09:00,673.0,678.0,658.0,658.0,118000,0.0,0.0
2023-06-21 14:00:00+09:00,658.0,659.0,646.0,649.0,205000,0.0,0.0
2023-06-22 09:00:00+09:00,647.0,665.0,640.0,656.0,175600,0.0,0.0
2023-06-22 10:00:00+09:00,658.0,667.0,653.0,662.0,96000,0.0,0.0
2023-06-22 11:00:00+09:00,662.0,663.0,654.0,659.0,0,0.0,0.0
2023-06-22 12:00:00+09:00,657.0,667.0,657.0,662.0,369400,0.0,0.0
2023-06-22 13:00:00+09:00,662.0,664.0,643.0,646.0,130700,0.0,0.0
2023-06-22 14:00:00+09:00,645.0,650.0,640.0,648.0,137900,0.0,0.0
2023-06-23 09:00:00+09:00,653.0,654.0,616.0,623.0,314200,0.0,0.0
2023-06-23 10:00:00+09:00,623.0,623.0,602.0,611.0,179100,0.0,0.0
2023-06-23 11:00:00+09:00,611.0,614.0,609.0,609.0,0,0.0,0.0
2023-06-23 12:00:00+09:00,609.0,615.0,605.0,614.0,545800,0.0,0.0
2023-06-23 13:00:00+09:00,614.0,614.0,608.0,609.0,45300,0.0,0.0
2023-06-23 14:00:00+09:00,610.0,616.0,608.0,614.0,59000,0.0,0.0
2023-06-26 09:00:00+09:00,621.0,635.0,619.0,629.0,0,0.0,0.0
2023-06-26 10:00:00+09:00,628.0,641.0,623.0,628.0,105300,0.0,0.0
2023-06-26 11:00:00+09:00,628.0,628.0,622.0,626.0,0,0.0,0.0
2023-06-26 12:00:00+09:00,630.0,630.0,621.0,623.0,321800,0.0,0.0
2023-06-26 13:00:00+09:00,624.0,633.0,624.0,630.0,45200,0.0,0.0
2023-06-26 14:00:00+09:00,628.0,634.0,627.0,634.0,44900,0.0,0.0
2023-06-27 09:00:00+09:00,629.0,646.0,623.0,635.0,110600,0.0,0.0
2023-06-27 10:00:00+09:00,637.0,639.0,629.0,632.0,32500,0.0,0.0
2023-06-27 11:00:00+09:00,631.0,635.0,628.0,629.0,0,0.0,0.0
2023-06-27 12:00:00+09:00,630.0,642.0,629.0,636.0,191600,0.0,0.0
2023-06-27 13:00:00+09:00,636.0,641.0,634.0,637.0,24700,0.0,0.0
2023-06-27 14:00:00+09:00,638.0,658.0,637.0,657.0,153600,0.0,0.0
2023-06-28 09:00:00+09:00,664.0,665.0,647.0,655.0,96100,0.0,0.0
2023-06-28 10:00:00+09:00,653.0,653.0,637.0,640.0,76000,0.0,0.0
2023-06-28 11:00:00+09:00,640.0,642.0,637.0,637.0,0,0.0,0.0
2023-06-28 12:00:00+09:00,640.0,658.0,640.0,648.0,279600,0.0,0.0
2023-06-28 13:00:00+09:00,649.0,656.0,644.0,653.0,44100,0.0,0.0
2023-06-28 14:00:00+09:00,654.0,654.0,646.0,652.0,73200,0.0,0.0
2023-06-29 09:00:00+09:00,653.0,670.0,650.0,667.0,0,0.0,0.0
2023-06-29 10:00:00+09:00,667.0,673.0,659.0,660.0,90000,0.0,0.0
2023-06-29 11:00:00+09:00,659.0,663.0,654.0,658.0,0,0.0,0.0
2023-06-29 12:00:00+09:00,659.0,665.0,654.0,661.0,354200,0.0,0.0
2023-06-29 13:00:00+09:00,661.0,676.0,660.0,676.0,70100,0.0,0.0
2023-06-29 14:00:00+09:00,677.0,683.0,665.0,668.0,126300,0.0,0.0
2023-06-30 09:00:00+09:00,666.0,666.0,645.0,654.0,212400,0.0,0.0
2023-06-30 10:00:00+09:00,655.0,666.0,655.0,660.0,56200,0.0,0.0
2023-06-30 11:00:00+09:00,660.0,660.0,655.0,657.0,0,0.0,0.0
2023-06-30 12:00:00+09:00,659.0,659.0,651.0,651.0,369200,0.0,0.0
2023-06-30 13:00:00+09:00,652.0,655.0,646.0,654.0,99600,0.0,0.0
2023-06-30 14:00:00+09:00,655.0,663.0,654.0,663.0,91900,0.0,0.0
2023-07-03 09:00:00+09:00,666.0,680.0,653.0,660.0,0,0.0,0.0
2023-07-03 10:00:00+09:00,660.0,669.0,657.0,667.0,81700,0.0,0.0
2023-07-03 11:00:00+09:00,665.0,666.0,663.0,664.0,0,0.0,0.0
2023-07-03 12:00:00+09:00,664.0,675.0,664.0,669.0,471300,0.0,0.0
2023-07-03 13:00:00+09:00,668.0,673.0,663.0,665.0,62200,0.0,0.0
2023-07-03 14:00:00+09:00,665.0,669.0,664.0,667.0,30200,0.0,0.0
2023-07-04 09:00:00+09:00,670.0,677.0,662.0,669.0,90900,0.0,0.0
2023-07-04 10:00:00+09:00,670.0,686.0,668.0,677.0,231600,0.0,0.0
2023-07-04 11:00:00+09:00,679.0,683.0,678.0,680.0,0,0.0,0.0
2023-07-04 12:00:00+09:00,680.0,690.0,677.0,686.0,478300,0.0,0.0
2023-07-04 13:00:00+09:00,686.0,693.0,678.0,682.0,88000,0.0,0.0
2023-07-04 14:00:00+09:00,681.0,690.0,676.0,684.0,128800,0.0,0.0
2023-07-05 09:00:00+09:00,678.0,687.0,676.0,684.0,149700,0.0,0.0
2023-07-05 10:00:00+09:00,684.0,686.0,677.0,683.0,46400,0.0,0.0
2023-07-05 11:00:00+09:00,684.0,687.0,681.0,683.0,0,0.0,0.0
2023-07-05 12:00:00+09:00,683.0,688.0,678.0,680.0,271100,0.0,0.0
2023-07-05 13:00:00+09:00,680.0,690.0,676.0,690.0,149300,0.0,0.0
2023-07-05 14:00:00+09:00,689.0,691.0,684.0,687.0,75500,0.0,0.0
2023-07-06 09:00:00+09:00,684.0,691.0,670.0,677.0,253700,0.0,0.0
2023-07-06 10:00:00+09:00,679.0,683.0,668.0,683.0,137800,0.0,0.0
2023-07-06 11:00:00+09:00,681.0,685.0,674.0,675.0,0,0.0,0.0
2023-07-06 12:00:00+09:00,674.0,675.0,667.0,671.0,527900,0.0,0.0
2023-07-06 13:00:00+09:00,670.0,681.0,662.0,678.0,111000,0.0,0.0
2023-07-06 14:00:00+09:00,678.0,687.0,675.0,687.0,135700,0.0,0.0
2023-07-07 09:00:00+09:00,678.0,685.0,670.0,677.0,134400,0.0,0.0
2023-07-07 10:00:00+09:00,678.0,688.0,676.0,680.0,90300,0.0,0.0
2023-07-07 11:00:00+09:00,681.0,685.0,680.0,685.0,0,0.0,0.0
2023-07-07 12:00:00+09:00,685.0,686.0,678.0,681.0,300100,0.0,0.0
2023-07-07 13:00:00+09:00,679.0,682.0,673.0,678.0,65200,0.0,0.0
2023-07-07 14:00:00+09:00,678.0,684.0,675.0,676.0,87300,0.0,0.0
2023-07-10 09:00:00+09:00,674.0,674.0,637.0,662.0,0,0.0,0.0
2023-07-10 10:00:00+09:00,663.0,664.0,644.0,646.0,105900,0.0,0.0
2023-07-10 11:00:00+09:00,645.0,652.0,645.0,651.0,0,0.0,0.0
2023-07-10 12:00:00+09:00,649.0,650.0,642.0,644.0,482300,0.0,0.0
2023-07-10 13:00:00+09:00,644.0,654.0,639.0,654.0,84600,0.0,0.0
2023-07-10 14:00:00+09:00,654.0,659.0,650.0,654.0,53000,0.0,0.0
2023-07-11 09:00:00+09:00,660.0,669.0,654.0,658.0,194000,0.0,0.0
2023-07-11 10:00:00+09:00,657.0,661.0,649.0,661.0,85200,0.0,0.0
2023-07-11 11:00:00+09:00,660.0,661.0,656.0,657.0,0,0.0,0.0
2023-07-11 12:00:00+09:00,658.0,665.0,654.0,664.0,326200,0.0,0.0
2023-07-11 13:00:00+09:00,664.0,665.0,656.0,657.0,42600,0.0,0.0
2023-07-11 14:00:00+09:00,658.0,661.0,653.0,655.0,55800,0.0,0.0
2023-07-12 09:00:00+09:00,654.0,666.0,645.0,661.0,180000,0.0,0.0
2023-07-12 10:00:00+09:00,661.0,666.0,656.0,659.0,38500,0.0,0.0
2023-07-12 11:00:00+09:00,658.0,662.0,657.0,659.0,0,0.0,0.0
2023-07-12 12:00:00+09:00,659.0,665.0,658.0,661.0,295100,0.0,0.0
2023-07-12 13:00:00+09:00,659.0,660.0,654.0,659.0,31300,0.0,0.0
2023-07-12 14:00:00+09:00,658.0,663.0,657.0,660.0,65300,0.0,0.0
2023-07-13 09:00:00+09:00,656.0,661.0,644.0,650.0,150400,0.0,0.0
2023-07-13 10:00:00+09:00,650.0,650.0,631.0,639.0,156000,0.0,0.0
2023-07-13 11:00:00+09:00,639.0,643.0,637.0,643.0,0,0.0,0.0
2023-07-13 12:00:00+09:00,644.0,646.0,633.0,637.0,379900,0.0,0.0
2023-07-13 13:00:00+09:00,637.0,643.0,634.0,641.0,37800,0.0,0.0
2023-07-13 14:00:00+09:00,641.0,641.0,635.0,639.0,64800,0.0,0.0
2023-07-14 09:00:00+09:00,642.0,644.0,619.0,624.0,184000,0.0,0.0
2023-07-14 10:00:00+09:00,623.0,630.0,620.0,627.0,63000,0.0,0.0
2023-07-14 11:00:00+09:00,628.0,630.0,620.0,620.0,0,0.0,0.0
2023-07-14 12:00:00+09:00,622.0,628.0,620.0,624.0,335500,0.0,0.0
2023-07-14 13:00:00+09:00,625.0,700.0,625.0,671.0,1445800,0.0,0.0
2023-07-14 14:00:00+09:00,671.0,724.0,658.0,685.0,2803800,0.0,0.0
2023-07-18 09:00:00+09:00,694.0,695.0,661.0,678.0,1451600,0.0,0.0
2023-07-18 10:00:00+09:00,678.0,692.0,665.0,692.0,467300,0.0,0.0
2023-07-18 11:00:00+09:00,692.0,696.0,678.0,681.0,0,0.0,0.0
2023-07-18 12:00:00+09:00,679.0,697.0,674.0,694.0,2434500,0.0,0.0
2023-07-18 13:00:00+09:00,693.0,702.0,685.0,695.0,514500,0.0,0.0
2023-07-18 14:00:00+09:00,696.0,702.0,661.0,673.0,1103800,0.0,0.0
2023-07-19 09:00:00+09:00,675.0,762.0,674.0,755.0,2170700,0.0,0.0
2023-07-19 10:00:00+09:00,755.0,765.0,735.0,737.0,1007600,0.0,0.0
2023-07-19 11:00:00+09:00,737.0,751.0,730.0,740.0,0,0.0,0.0
2023-07-19 12:00:00+09:00,735.0,738.0,722.0,734.0,3882300,0.0,0.0
2023-07-19 13:00:00+09:00,733.0,757.0,733.0,749.0,391800,0.0,0.0
2023-07-19 14:00:00+09:00,748.0,773.0,744.0,773.0,727700,0.0,0.0
2023-07-20 09:00:00+09:00,761.0,843.0,757.0,792.0,3387000,0.0,0.0
2023-07-20 10:00:00+09:00,792.0,832.0,786.0,808.0,1603400,0.0,0.0
2023-07-20 11:00:00+09:00,808.0,817.0,793.0,800.0,0,0.0,0.0
2023-07-20 12:00:00+09:00,803.0,818.0,784.0,789.0,5837600,0.0,0.0
2023-07-20 13:00:00+09:00,790.0,802.0,745.0,767.0,1065800,0.0,0.0
2023-07-20 14:00:00+09:00,767.0,794.0,758.0,777.0,1140000,0.0,0.0
2023-07-21 09:00:00+09:00,760.0,763.0,721.0,739.0,1081100,0.0,0.0
2023-07-21 10:00:00+09:00,738.0,738.0,711.0,715.0,467700,0.0,0.0
2023-07-21 11:00:00+09:00,714.0,724.0,709.0,719.0,0,0.0,0.0
2023-07-21 12:00:00+09:00,723.0,730.0,717.0,719.0,1846000,0.0,0.0
2023-07-21 13:00:00+09:00,718.0,734.0,711.0,730.0,231200,0.0,0.0
2023-07-21 14:00:00+09:00,731.0,747.0,720.0,725.0,520600,0.0,0.0
2023-07-24 09:00:00+09:00,715.0,740.0,711.0,736.0,433100,0.0,0.0
2023-07-24 10:00:00+09:00,737.0,746.0,725.0,738.0,251000,0.0,0.0
2023-07-24 11:00:00+09:00,740.0,740.0,718.0,718.0,0,0.0,0.0
2023-07-24 12:00:00+09:00,718.0,730.0,715.0,724.0,1055800,0.0,0.0
2023-07-24 13:00:00+09:00,724.0,725.0,712.0,717.0,300300,0.0,0.0
2023-07-24 14:00:00+09:00,716.0,721.0,705.0,715.0,254100,0.0,0.0
2023-07-25 09:00:00+09:00,713.0,752.0,710.0,730.0,381800,0.0,0.0
2023-07-25 10:00:00+09:00,731.0,752.0,731.0,750.0,231500,0.0,0.0
2023-07-25 11:00:00+09:00,750.0,753.0,745.0,752.0,0,0.0,0.0
2023-07-25 12:00:00+09:00,752.0,757.0,740.0,749.0,852900,0.0,0.0
2023-07-25 13:00:00+09:00,748.0,753.0,741.0,752.0,72400,0.0,0.0
2023-07-25 14:00:00+09:00,751.0,751.0,736.0,738.0,124100,0.0,0.0
2023-07-26 09:00:00+09:00,730.0,754.0,727.0,749.0,236900,0.0,0.0
2023-07-26 10:00:00+09:00,750.0,769.0,747.0,769.0,277200,0.0,0.0
2023-07-26 11:00:00+09:00,769.0,771.0,744.0,747.0,0,0.0,0.0
2023-07-26 12:00:00+09:00,747.0,752.0,738.0,748.0,806100,0.0,0.0
2023-07-26 13:00:00+09:00,748.0,754.0,742.0,749.0,72900,0.0,0.0
2023-07-26 14:00:00+09:00,748.0,752.0,739.0,740.0,90000,0.0,0.0
2023-07-27 09:00:00+09:00,738.0,761.0,735.0,752.0,159100,0.0,0.0
2023-07-27 10:00:00+09:00,753.0,754.0,737.0,739.0,82200,0.0,0.0
2023-07-27 11:00:00+09:00,739.0,745.0,729.0,731.0,0,0.0,0.0
2023-07-27 12:00:00+09:00,734.0,737.0,726.0,731.0,480400,0.0,0.0
2023-07-27 13:00:00+09:00,731.0,732.0,724.0,730.0,72200,0.0,0.0
2023-07-27 14:00:00+09:00,730.0,734.0,721.0,731.0,159500,0.0,0.0
2023-07-28 09:00:00+09:00,726.0,752.0,722.0,735.0,353400,0.0,0.0
2023-07-28 10:00:00+09:00,735.0,744.0,730.0,731.0,72000,0.0,0.0
2023-07-28 11:00:00+09:00,732.0,732.0,715.0,718.0,0,0.0,0.0
2023-07-28 12:00:00+09:00,715.0,731.0,715.0,716.0,587000,0.0,0.0
2023-07-28 13:00:00+09:00,716.0,716.0,690.0,700.0,336000,0.0,0.0
2023-07-28 14:00:00+09:00,699.0,716.0,698.0,713.0,143500,0.0,0.0
2023-07-31 09:00:00+09:00,731.0,739.0,717.0,723.0,257500,0.0,0.0
2023-07-31 10:00:00+09:00,723.0,730.0,716.0,726.0,61700,0.0,0.0
2023-07-31 11:00:00+09:00,725.0,725.0,720.0,720.0,0,0.0,0.0
2023-07-31 12:00:00+09:00,720.0,728.0,719.0,723.0,399200,0.0,0.0
2023-07-31 13:00:00+09:00,723.0,728.0,723.0,728.0,29700,0.0,0.0
2023-07-31 14:00:00+09:00,729.0,733.0,727.0,730.0,53200,0.0,0.0
2023-08-01 09:00:00+09:00,729.0,746.0,724.0,735.0,266900,0.0,0.0
2023-08-01 10:00:00+09:00,736.0,755.0,731.0,755.0,239700,0.0,0.0
2023-08-01 11:00:00+09:00,756.0,757.0,747.0,747.0,0,0.0,0.0
2023-08-01 12:00:00+09:00,747.0,753.0,744.0,744.0,620200,0.0,0.0
2023-08-01 13:00:00+09:00,745.0,751.0,743.0,749.0,37500,0.0,0.0
2023-08-01 14:00:00+09:00,749.0,753.0,744.0,745.0,104100,0.0,0.0
2023-08-02 09:00:00+09:00,741.0,765.0,738.0,744.0,187900,0.0,0.0
2023-08-02 10:00:00+09:00,744.0,744.0,731.0,738.0,176500,0.0,0.0
2023-08-02 11:00:00+09:00,739.0,744.0,735.0,735.0,0,0.0,0.0
2023-08-02 12:00:00+09:00,733.0,740.0,730.0,733.0,464100,0.0,0.0
2023-08-02 13:00:00+09:00,735.0,747.0,735.0,745.0,29200,0.0,0.0
2023-08-02 14:00:00+09:00,745.0,753.0,744.0,748.0,145800,0.0,0.0
2023-08-03 09:00:00+09:00,736.0,747.0,728.0,737.0,81200,0.0,0.0
2023-08-03 10:00:00+09:00,736.0,744.0,735.0,744.0,20500,0.0,0.0
2023-08-03 11:00:00+09:00,744.0,745.0,743.0,743.0,0,0.0,0.0
2023-08-03 12:00:00+09:00,741.0,741.0,733.0,738.0,129300,0.0,0.0
2023-08-03 13:00:00+09:00,738.0,743.0,737.0,737.0,19600,0.0,0.0
2023-08-03 14:00:00+09:00,738.0,745.0,736.0,744.0,53700,0.0,0.0
2023-08-04 09:00:00+09:00,738.0,749.0,735.0,739.0,60500,0.0,0.0
2023-08-04 10:00:00+09:00,738.0,740.0,736.0,737.0,32900,0.0,0.0
2023-08-04 11:00:00+09:00,736.0,736.0,725.0,729.0,0,0.0,0.0
2023-08-04 12:00:00+09:00,729.0,732.0,727.0,728.0,180700,0.0,0.0
2023-08-04 13:00:00+09:00,728.0,732.0,726.0,729.0,32300,0.0,0.0
2023-08-04 14:00:00+09:00,729.0,730.0,725.0,725.0,36900,0.0,0.0
2023-08-07 09:00:00+09:00,713.0,722.0,706.0,722.0,116200,0.0,0.0
2023-08-07 10:00:00+09:00,722.0,726.0,719.0,721.0,22600,0.0,0.0
2023-08-07 11:00:00+09:00,722.0,722.0,720.0,721.0,0,0.0,0.0
2023-08-07 12:00:00+09:00,721.0,729.0,721.0,723.0,164200,0.0,0.0
2023-08-07 13:00:00+09:00,725.0,734.0,725.0,729.0,34600,0.0,0.0
2023-08-07 14:00:00+09:00,729.0,732.0,728.0,728.0,26400,0.0,0.0
2023-08-08 09:00:00+09:00,731.0,736.0,724.0,725.0,54300,0.0,0.0
2023-08-08 10:00:00+09:00,724.0,724.0,714.0,719.0,57100,0.0,0.0
2023-08-08 11:00:00+09:00,718.0,718.0,715.0,718.0,0,0.0,0.0
2023-08-08 12:00:00+09:00,720.0,720.0,710.0,711.0,186400,0.0,0.0
2023-08-08 13:00:00+09:00,711.0,712.0,697.0,706.0,128200,0.0,0.0
2023-08-08 14:00:00+09:00,706.0,706.0,692.0,693.0,88700,0.0,0.0
2023-08-09 09:00:00+09:00,684.0,699.0,683.0,691.0,0,0.0,0.0
2023-08-09 10:00:00+09:00,690.0,694.0,687.0,694.0,0,0.0,0.0
2023-08-09 11:00:00+09:00,692.0,692.0,687.0,687.0,0,0.0,0.0
2023-08-09 12:00:00+09:00,686.0,688.0,685.0,685.0,177600,0.0,0.0
2023-08-09 13:00:00+09:00,686.0,688.0,681.0,682.0,43800,0.0,0.0
2023-08-09 14:00:00+09:00,682.0,682.0,668.0,674.0,152500,0.0,0.0
2023-08-10 09:00:00+09:00,666.0,681.0,661.0,666.0,187200,0.0,0.0
2023-08-10 10:00:00+09:00,666.0,669.0,661.0,666.0,33500,0.0,0.0
2023-08-10 11:00:00+09:00,666.0,669.0,662.0,666.0,0,0.0,0.0
2023-08-10 12:00:00+09:00,667.0,678.0,667.0,675.0,261500,0.0,0.0
2023-08-10 13:00:00+09:00,674.0,679.0,671.0,671.0,40000,0.0,0.0
2023-08-10 14:00:00+09:00,672.0,680.0,671.0,680.0,26200,0.0,0.0
2023-08-14 09:00:00+09:00,670.0,674.0,656.0,658.0,81500,0.0,0.0
2023-08-14 10:00:00+09:00,658.0,663.0,655.0,658.0,54200,0.0,0.0
2023-08-14 11:00:00+09:00,658.0,658.0,648.0,648.0,0,0.0,0.0
2023-08-14 12:00:00+09:00,644.0,647.0,637.0,644.0,417300,0.0,0.0
2023-08-14 13:00:00+09:00,644.0,648.0,642.0,647.0,28000,0.0,0.0
2023-08-14 14:00:00+09:00,646.0,646.0,641.0,645.0,48100,0.0,0.0
2023-08-15 09:00:00+09:00,649.0,655.0,639.0,640.0,65900,0.0,0.0
2023-08-15 10:00:00+09:00,640.0,645.0,637.0,639.0,29900,0.0,0.0
2023-08-15 11:00:00+09:00,638.0,643.0,636.0,643.0,0,0.0,0.0
2023-08-15 12:00:00+09:00,647.0,648.0,641.0,644.0,135800,0.0,0.0
2023-08-15 13:00:00+09:00,645.0,646.0,640.0,641.0,13800,0.0,0.0
2023-08-15 14:00:00+09:00,641.0,645.0,640.0,641.0,37200,0.0,0.0
2023-08-16 09:00:00+09:00,633.0,633.0,614.0,619.0,0,0.0,0.0
2023-08-16 10:00:00+09:00,620.0,622.0,615.0,616.0,179400,0.0,0.0
2023-08-16 11:00:00+09:00,617.0,622.0,617.0,619.0,0,0.0,0.0
2023-08-16 12:00:00+09:00,619.0,623.0,614.0,615.0,242400,0.0,0.0
2023-08-16 13:00:00+09:00,615.0,616.0,605.0,610.0,115800,0.0,0.0
2023-08-16 14:00:00+09:00,610.0,610.0,603.0,604.0,78700,0.0,0.0
2023-08-17 09:00:00+09:00,606.0,607.0,593.0,596.0,82800,0.0,0.0
2023-08-17 10:00:00+09:00,596.0,599.0,591.0,596.0,27300,0.0,0.0
2023-08-17 11:00:00+09:00,596.0,599.0,594.0,596.0,0,0.0,0.0
2023-08-17 12:00:00+09:00,594.0,601.0,594.0,599.0,138300,0.0,0.0
2023-08-17 13:00:00+09:00,599.0,601.0,594.0,594.0,15700,0.0,0.0
2023-08-17 14:00:00+09:00,594.0,597.0,591.0,591.0,29800,0.0,0.0
2023-08-18 09:00:00+09:00,598.0,598.0,578.0,581.0,83300,0.0,0.0
2023-08-18 10:00:00+09:00,581.0,586.0,578.0,586.0,38100,0.0,0.0
2023-08-18 11:00:00+09:00,587.0,590.0,585.0,585.0,0,0.0,0.0
2023-08-18 12:00:00+09:00,580.0,582.0,575.0,578.0,185400,0.0,0.0
2023-08-18 13:00:00+09:00,579.0,580.0,572.0,577.0,26200,0.0,0.0
2023-08-18 14:00:00+09:00,574.0,576.0,570.0,570.0,35700,0.0,0.0
2023-08-21 09:00:00+09:00,565.0,575.0,562.0,573.0,72200,0.0,0.0
2023-08-21 10:00:00+09:00,572.0,577.0,565.0,577.0,41000,0.0,0.0
2023-08-21 11:00:00+09:00,576.0,576.0,574.0,574.0,0,0.0,0.0
2023-08-21 12:00:00+09:00,575.0,578.0,572.0,575.0,127900,0.0,0.0
2023-08-21 13:00:00+09:00,573.0,575.0,572.0,573.0,7700,0.0,0.0
2023-08-21 14:00:00+09:00,573.0,574.0,570.0,573.0,27000,0.0,0.0
2023-08-22 09:00:00+09:00,581.0,598.0,577.0,597.0,150100,0.0,0.0
2023-08-22 10:00:00+09:00,597.0,601.0,591.0,601.0,83100,0.0,0.0
2023-08-22 11:00:00+09:00,601.0,607.0,599.0,607.0,0,0.0,0.0
2023-08-22 12:00:00+09:00,610.0,613.0,605.0,608.0,315700,0.0,0.0
2023-08-22 13:00:00+09:00,606.0,606.0,600.0,601.0,57900,0.0,0.0
2023-08-22 14:00:00+09:00,601.0,607.0,597.0,607.0,47200,0.0,0.0
2023-08-23 09:00:00+09:00,605.0,612.0,600.0,610.0,77000,0.0,0.0
2023-08-23 10:00:00+09:00,610.0,618.0,610.0,613.0,37300,0.0,0.0
2023-08-23 11:00:00+09:00,614.0,619.0,613.0,617.0,0,0.0,0.0
2023-08-23 12:00:00+09:00,617.0,617.0,613.0,616.0,147900,0.0,0.0
2023-08-23 13:00:00+09:00,617.0,626.0,616.0,626.0,44000,0.0,0.0
2023-08-23 14:00:00+09:00,626.0,629.0,624.0,629.0,37200,0.0,0.0
2023-08-24 09:00:00+09:00,621.0,627.0,616.0,625.0,70100,0.0,0.0
2023-08-24 10:00:00+09:00,622.0,622.0,618.0,619.0,9700,0.0,0.0
2023-08-24 11:00:00+09:00,618.0,618.0,611.0,613.0,0,0.0,0.0
2023-08-24 12:00:00+09:00,613.0,615.0,611.0,614.0,127500,0.0,0.0
2023-08-24 13:00:00+09:00,614.0,619.0,613.0,616.0,14300,0.0,0.0
2023-08-24 14:00:00+09:00,615.0,617.0,614.0,616.0,26400,0.0,0.0
2023-08-25 09:00:00+09:00,607.0,631.0,607.0,630.0,92800,0.0,0.0
2023-08-25 10:00:00+09:00,630.0,632.0,624.0,628.0,45100,0.0,0.0
2023-08-25 11:00:00+09:00,628.0,631.0,620.0,622.0,0,0.0,0.0
2023-08-25 12:00:00+09:00,620.0,623.0,620.0,622.0,171500,0.0,0.0
2023-08-25 13:00:00+09:00,623.0,623.0,620.0,623.0,6900,0.0,0.0
2023-08-25 14:00:00+09:00,623.0,623.0,618.0,623.0,22600,0.0,0.0
2023-08-28 09:00:00+09:00,621.0,630.0,617.0,619.0,31200,0.0,0.0
2023-08-28 10:00:00+09:00,619.0,626.0,617.0,624.0,34300,0.0,0.0
2023-08-28 11:00:00+09:00,624.0,626.0,624.0,624.0,0,0.0,0.0
2023-08-28 12:00:00+09:00,624.0,624.0,620.0,621.0,80900,0.0,0.0
2023-08-28 13:00:00+09:00,622.0,622.0,618.0,619.0,12100,0.0,0.0
2023-08-28 14:00:00+09:00,619.0,623.0,618.0,622.0,18400,0.0,0.0
2023-08-29 09:00:00+09:00,625.0,662.0,625.0,661.0,264500,0.0,0.0
2023-08-29 10:00:00+09:00,660.0,667.0,656.0,663.0,104900,0.0,0.0
2023-08-29 11:00:00+09:00,662.0,663.0,653.0,654.0,0,0.0,0.0
2023-08-29 12:00:00+09:00,654.0,663.0,654.0,662.0,450100,0.0,0.0
2023-08-29 13:00:00+09:00,661.0,662.0,653.0,657.0,24800,0.0,0.0
2023-08-29 14:00:00+09:00,655.0,662.0,654.0,662.0,47500,0.0,0.0
2023-08-30 09:00:00+09:00,653.0,661.0,648.0,650.0,72300,0.0,0.0
2023-08-30 10:00:00+09:00,652.0,659.0,647.0,649.0,104300,0.0,0.0
2023-08-30 11:00:00+09:00,648.0,652.0,646.0,646.0,0,0.0,0.0
2023-08-30 12:00:00+09:00,648.0,648.0,644.0,647.0,203700,0.0,0.0
2023-08-30 13:00:00+09:00,646.0,650.0,646.0,648.0,16800,0.0,0.0
2023-08-30 14:00:00+09:00,647.0,649.0,644.0,646.0,30600,0.0,0.0
2023-08-31 09:00:00+09:00,646.0,649.0,640.0,642.0,41700,0.0,0.0
2023-08-31 10:00:00+09:00,643.0,643.0,635.0,638.0,29000,0.0,0.0
2023-08-31 11:00:00+09:00,638.0,641.0,635.0,639.0,0,0.0,0.0
2023-08-31 12:00:00+09:00,639.0,641.0,638.0,640.0,94700,0.0,0.0
2023-08-31 13:00:00+09:00,640.0,649.0,640.0,645.0,31300,0.0,0.0
2023-08-31 14:00:00+09:00,645.0,654.0,645.0,651.0,29200,0.0,0.0
2023-09-01 09:00:00+09:00,648.0,666.0,643.0,664.0,116100,0.0,0.0
2023-09-01 10:00:00+09:00,662.0,662.0,654.0,658.0,23500,0.0,0.0
2023-09-01 11:00:00+09:00,658.0,660.0,655.0,656.0,0,0.0,0.0
2023-09-01 12:00:00+09:00,656.0,667.0,655.0,667.0,182400,0.0,0.0
2023-09-01 13:00:00+09:00,666.0,679.0,666.0,674.0,70600,0.0,0.0
2023-09-01 14:00:00+09:00,676.0,678.0,671.0,674.0,69100,0.0,0.0
2023-09-04 09:00:00+09:00,669.0,684.0,669.0,684.0,76400,0.0,0.0
2023-09-04 10:00:00+09:00,685.0,685.0,673.0,674.0,28800,0.0,0.0
2023-09-04 11:00:00+09:00,674.0,675.0,673.0,675.0,0,0.0,0.0
2023-09-04 12:00:00+09:00,673.0,698.0,673.0,694.0,220100,0.0,0.0
2023-09-04 13:00:00+09:00,695.0,699.0,687.0,689.0,37300,0.0,0.0
2023-09-04 14:00:00+09:00,688.0,692.0,685.0,687.0,50400,0.0,0.0
2023-09-05 09:00:00+09:00,683.0,697.0,682.0,693.0,67200,0.0,0.0
2023-09-05 10:00:00+09:00,692.0,695.0,689.0,691.0,12000,0.0,0.0
2023-09-05 11:00:00+09:00,690.0,693.0,689.0,689.0,0,0.0,0.0
2023-09-05 12:00:00+09:00,690.0,690.0,683.0,685.0,107100,0.0,0.0
2023-09-05 13:00:00+09:00,685.0,685.0,678.0,682.0,26600,0.0,0.0
2023-09-05 14:00:00+09:00,682.0,682.0,678.0,682.0,24100,0.0,0.0
2023-09-06 09:00:00+09:00,681.0,683.0,671.0,671.0,59100,0.0,0.0
2023-09-06 10:00:00+09:00,672.0,677.0,669.0,674.0,32100,0.0,0.0
2023-09-06 11:00:00+09:00,672.0,673.0,671.0,673.0,0,0.0,0.0
2023-09-06 12:00:00+09:00,673.0,678.0,670.0,676.0,129100,0.0,0.0
2023-09-06 13:00:00+09:00,676.0,676.0,672.0,672.0,6700,0.0,0.0
2023-09-06 14:00:00+09:00,672.0,673.0,670.0,672.0,10800,0.0,0.0
2023-09-07 09:00:00+09:00,669.0,672.0,662.0,667.0,45700,0.0,0.0
2023-09-07 10:00:00+09:00,666.0,667.0,661.0,665.0,0,0.0,0.0
2023-09-07 11:00:00+09:00,665.0,666.0,663.0,665.0,0,0.0,0.0
2023-09-07 12:00:00+09:00,661.0,669.0,660.0,667.0,98300,0.0,0.0
2023-09-07 13:00:00+09:00,667.0,669.0,665.0,665.0,12900,0.0,0.0
2023-09-07 14:00:00+09:00,666.0,669.0,665.0,665.0,24600,0.0,0.0
2023-09-08 09:00:00+09:00,660.0,666.0,658.0,665.0,23800,0.0,0.0
2023-09-08 10:00:00+09:00,665.0,669.0,659.0,660.0,19400,0.0,0.0
2023-09-08 11:00:00+09:00,660.0,662.0,659.0,662.0,0,0.0,0.0
2023-09-08 12:00:00+09:00,665.0,693.0,662.0,682.0,467000,0.0,0.0
2023-09-08 13:00:00+09:00,682.0,705.0,681.0,692.0,321900,0.0,0.0
2023-09-08 14:00:00+09:00,692.0,693.0,683.0,690.0,117400,0.0,0.0
2023-09-11 09:00:00+09:00,702.0,708.0,678.0,682.0,0,0.0,0.0
2023-09-11 10:00:00+09:00,681.0,683.0,670.0,674.0,206900,0.0,0.0
2023-09-11 11:00:00+09:00,673.0,673.0,669.0,670.0,0,0.0,0.0
2023-09-11 12:00:00+09:00,665.0,669.0,663.0,667.0,275400,0.0,0.0
2023-09-11 13:00:00+09:00,667.0,669.0,663.0,665.0,19600,0.0,0.0
2023-09-11 14:00:00+09:00,665.0,676.0,663.0,670.0,62300,0.0,0.0
2023-09-12 09:00:00+09:00,672.0,686.0,672.0,679.0,45900,0.0,0.0
2023-09-12 10:00:00+09:00,679.0,679.0,673.0,675.0,33500,0.0,0.0
2023-09-12 11:00:00+09:00,677.0,679.0,676.0,679.0,0,0.0,0.0
2023-09-12 12:00:00+09:00,680.0,680.0,674.0,674.0,93400,0.0,0.0
2023-09-12 13:00:00+09:00,674.0,674.0,669.0,670.0,15500,0.0,0.0
2023-09-12 14:00:00+09:00,669.0,674.0,669.0,671.0,19100,0.0,0.0
2023-09-13 09:00:00+09:00,666.0,669.0,660.0,665.0,65700,0.0,0.0
2023-09-13 10:00:00+09:00,665.0,669.0,661.0,661.0,0,0.0,0.0
2023-09-13 11:00:00+09:00,661.0,666.0,661.0,666.0,0,0.0,0.0
2023-09-13 12:00:00+09:00,667.0,675.0,667.0,672.0,100900,0.0,0.0
2023-09-13 13:00:00+09:00,672.0,675.0,669.0,671.0,12900,0.0,0.0
2023-09-13 14:00:00+09:00,673.0,673.0,669.0,672.0,14900,0.0,0.0
2023-09-14 09:00:00+09:00,667.0,672.0,651.0,655.0,0,0.0,0.0
2023-09-14 10:00:00+09:00,656.0,659.0,648.0,655.0,195100,0.0,0.0
2023-09-14 11:00:00+09:00,655.0,655.0,652.0,652.0,0,0.0,0.0
2023-09-14 12:00:00+09:00,655.0,656.0,651.0,652.0,223400,0.0,0.0
2023-09-14 13:00:00+09:00,653.0,653.0,649.0,649.0,20100,0.0,0.0
2023-09-14 14:00:00+09:00,649.0,660.0,649.0,656.0,45500,0.0,0.0
2023-09-15 09:00:00+09:00,652.0,654.0,643.0,648.0,51700,0.0,0.0
2023-09-15 10:00:00+09:00,649.0,649.0,645.0,646.0,31000,0.0,0.0
2023-09-15 11:00:00+09:00,647.0,648.0,640.0,642.0,0,0.0,0.0
2023-09-15 12:00:00+09:00,641.0,641.0,631.0,637.0,207500,0.0,0.0
2023-09-15 13:00:00+09:00,638.0,642.0,636.0,639.0,44400,0.0,0.0
2023-09-15 14:00:00+09:00,638.0,641.0,633.0,637.0,81300,0.0,0.0
2023-09-19 09:00:00+09:00,641.0,647.0,639.0,639.0,37900,0.0,0.0
2023-09-19 10:00:00+09:00,638.0,638.0,629.0,630.0,41400,0.0,0.0
2023-09-19 11:00:00+09:00,631.0,631.0,629.0,629.0,0,0.0,0.0
2023-09-19 12:00:00+09:00,631.0,638.0,631.0,634.0,97300,0.0,0.0
2023-09-19 13:00:00+09:00,634.0,634.0,632.0,632.0,3200,0.0,0.0
2023-09-19 14:00:00+09:00,631.0,631.0,629.0,631.0,15600,0.0,0.0
2023-09-20 09:00:00+09:00,625.0,635.0,625.0,629.0,23300,0.0,0.0
2023-09-20 10:00:00+09:00,629.0,630.0,627.0,627.0,13100,0.0,0.0
2023-09-20 11:00:00+09:00,629.0,636.0,629.0,633.0,0,0.0,0.0
2023-09-20 12:00:00+09:00,632.0,638.0,631.0,638.0,52700,0.0,0.0
2023-09-20 13:00:00+09:00,638.0,640.0,635.0,635.0,12500,0.0,0.0
2023-09-20 14:00:00+09:00,637.0,637.0,632.0,633.0,11800,0.0,0.0
2023-09-21 09:00:00+09:00,638.0,646.0,630.0,640.0,19700,0.0,0.0
2023-09-21 10:00:00+09:00,640.0,640.0,634.0,635.0,11000,0.0,0.0
2023-09-21 11:00:00+09:00,634.0,637.0,633.0,637.0,0,0.0,0.0
2023-09-21 12:00:00+09:00,637.0,638.0,636.0,637.0,35300,0.0,0.0
2023-09-21 13:00:00+09:00,638.0,639.0,634.0,638.0,6500,0.0,0.0
2023-09-21 14:00:00+09:00,637.0,640.0,637.0,639.0,8000,0.0,0.0
2023-09-22 09:00:00+09:00,630.0,636.0,620.0,635.0,64200,0.0,0.0
2023-09-22 10:00:00+09:00,633.0,643.0,633.0,643.0,16200,0.0,0.0
2023-09-22 11:00:00+09:00,643.0,647.0,642.0,646.0,0,0.0,0.0
2023-09-22 12:00:00+09:00,649.0,653.0,648.0,650.0,159500,0.0,0.0
2023-09-22 13:00:00+09:00,648.0,650.0,647.0,650.0,10400,0.0,0.0
2023-09-22 14:00:00+09:00,649.0,652.0,646.0,649.0,36600,0.0,0.0
2023-09-25 09:00:00+09:00,646.0,655.0,646.0,650.0,27200,0.0,0.0
2023-09-25 10:00:00+09:00,650.0,656.0,650.0,653.0,24400,0.0,0.0
2023-09-25 11:00:00+09:00,652.0,652.0,648.0,650.0,0,0.0,0.0
2023-09-25 12:00:00+09:00,650.0,650.0,648.0,648.0,59400,0.0,0.0
2023-09-25 13:00:00+09:00,648.0,649.0,647.0,648.0,7000,0.0,0.0
2023-09-25 14:00:00+09:00,648.0,648.0,642.0,646.0,29600,0.0,0.0
2023-09-26 09:00:00+09:00,648.0,648.0,635.0,635.0,24400,0.0,0.0
2023-09-26 10:00:00+09:00,634.0,635.0,632.0,633.0,7000,0.0,0.0
2023-09-26 11:00:00+09:00,634.0,635.0,632.0,634.0,0,0.0,0.0
2023-09-26 12:00:00+09:00,634.0,634.0,631.0,632.0,37400,0.0,0.0
2023-09-26 13:00:00+09:00,631.0,631.0,629.0,630.0,10300,0.0,0.0
2023-09-26 14:00:00+09:00,630.0,639.0,630.0,639.0,34200,0.0,0.0
2023-09-27 09:00:00+09:00,634.0,643.0,634.0,639.0,0,0.0,0.0
2023-09-27 10:00:00+09:00,640.0,645.0,640.0,645.0,38300,0.0,0.0
2023-09-27 11:00:00+09:00,645.0,645.0,643.0,643.0,0,0.0,0.0
2023-09-27 12:00:00+09:00,642.0,646.0,642.0,642.0,43400,0.0,0.0
2023-09-27 13:00:00+09:00,642.0,648.0,642.0,648.0,0,0.0,0.0
2023-09-27 14:00:00+09:00,648.0,649.0,642.0,645.0,65200,0.0,0.0
2023-09-28 09:00:00+09:00,648.0,650.0,641.0,645.0,33000,0.0,0.0
2023-09-28 10:00:00+09:00,645.0,650.0,645.0,650.0,12400,0.0,0.0
2023-09-28 11:00:00+09:00,650.0,650.0,645.0,645.0,0,0.0,0.0
2023-09-28 12:00:00+09:00,644.0,644.0,640.0,642.0,53300,0.0,0.0
2023-09-28 13:00:00+09:00,642.0,642.0,640.0,640.0,3600,0.0,0.0
2023-09-28 14:00:00+09:00,641.0,643.0,639.0,641.0,15500,0.0,0.0
2023-09-29 09:00:00+09:00,640.0,661.0,640.0,656.0,67000,0.0,0.0
2023-09-29 10:00:00+09:00,655.0,655.0,647.0,648.0,38600,0.0,0.0
2023-09-29 11:00:00+09:00,648.0,651.0,648.0,649.0,0,0.0,0.0
2023-09-29 12:00:00+09:00,652.0,653.0,651.0,652.0,112700,0.0,0.0
2023-09-29 13:00:00+09:00,652.0,654.0,647.0,647.0,10700,0.0,0.0
2023-09-29 14:00:00+09:00,647.0,647.0,642.0,643.0,36700,0.0,0.0
2023-10-02 09:00:00+09:00,642.0,657.0,642.0,654.0,47000,0.0,0.0
2023-10-02 10:00:00+09:00,654.0,658.0,652.0,656.0,21900,0.0,0.0
2023-10-02 11:00:00+09:00,657.0,657.0,652.0,652.0,0,0.0,0.0
2023-10-02 12:00:00+09:00,651.0,651.0,646.0,648.0,84000,0.0,0.0
2023-10-02 13:00:00+09:00,648.0,650.0,645.0,648.0,11400,0.0,0.0
2023-10-02 14:00:00+09:00,647.0,648.0,639.0,639.0,53400,0.0,0.0
2023-10-03 09:00:00+09:00,637.0,638.0,626.0,634.0,47400,0.0,0.0
2023-10-03 10:00:00+09:00,632.0,632.0,627.0,629.0,9800,0.0,0.0
2023-10-03 11:00:00+09:00,628.0,628.0,626.0,626.0,0,0.0,0.0
2023-10-03 12:00:00+09:00,626.0,628.0,622.0,624.0,89000,0.0,0.0
2023-10-03 13:00:00+09:00,624.0,624.0,620.0,620.0,12500,0.0,0.0
2023-10-03 14:00:00+09:00,620.0,621.0,616.0,619.0,21200,0.0,0.0
2023-10-04 09:00:00+09:00,603.0,617.0,603.0,617.0,57600,0.0,0.0
2023-10-04 10:00:00+09:00,617.0,617.0,608.0,609.0,12400,0.0,0.0
2023-10-04 11:00:00+09:00,611.0,614.0,610.0,611.0,0,0.0,0.0
2023-10-04 12:00:00+09:00,607.0,613.0,603.0,604.0,122200,0.0,0.0
2023-10-04 13:00:00+09:00,606.0,615.0,604.0,611.0,25400,0.0,0.0
2023-10-04 14:00:00+09:00,612.0,614.0,607.0,607.0,25400,0.0,0.0
2023-10-05 09:00:00+09:00,609.0,627.0,609.0,625.0,0,0.0,0.0
2023-10-05 10:00:00+09:00,625.0,629.0,621.0,626.0,67700,0.0,0.0
2023-10-05 11:00:00+09:00,625.0,628.0,625.0,626.0,0,0.0,0.0
2023-10-05 12:00:00+09:00,625.0,627.0,625.0,627.0,76400,0.0,0.0
2023-10-05 13:00:00+09:00,628.0,628.0,626.0,627.0,3700,0.0,0.0
2023-10-05 14:00:00+09:00,626.0,628.0,623.0,627.0,28700,0.0,0.0
2023-10-06 09:00:00+09:00,625.0,628.0,617.0,620.0,19800,0.0,0.0
2023-10-06 10:00:00+09:00,620.0,624.0,620.0,620.0,13900,0.0,0.0
2023-10-06 11:00:00+09:00,619.0,619.0,616.0,617.0,0,0.0,0.0
2023-10-06 12:00:00+09:00,617.0,620.0,617.0,620.0,44000,0.0,0.0
2023-10-06 13:00:00+09:00,620.0,623.0,620.0,622.0,4000,0.0,0.0
2023-10-06 14:00:00+09:00,621.0,623.0,620.0,622.0,7100,0.0,0.0
2023-10-10 09:00:00+09:00,625.0,631.0,624.0,629.0,21000,0.0,0.0
2023-10-10 10:00:00+09:00,628.0,639.0,628.0,634.0,32300,0.0,0.0
2023-10-10 11:00:00+09:00,636.0,637.0,634.0,634.0,0,0.0,0.0
2023-10-10 12:00:00+09:00,635.0,635.0,631.0,633.0,61800,0.0,0.0
2023-10-10 13:00:00+09:00,632.0,634.0,632.0,634.0,1000,0.0,0.0
2023-10-10 14:00:00+09:00,633.0,635.0,631.0,631.0,15000,0.0,0.0
2023-10-11 09:00:00+09:00,631.0,632.0,620.0,620.0,23700,0.0,0.0
2023-10-11 10:00:00+09:00,619.0,619.0,614.0,616.0,12900,0.0,0.0
2023-10-11 11:00:00+09:00,616.0,616.0,614.0,615.0,0,0.0,0.0
2023-10-11 12:00:00+09:00,614.0,616.0,613.0,613.0,51700,0.0,0.0
2023-10-11 13:00:00+09:00,615.0,615.0,613.0,615.0,8000,0.0,0.0
2023-10-11 14:00:00+09:00,616.0,616.0,610.0,611.0,33200,0.0,0.0
2023-10-12 09:00:00+09:00,611.0,611.0,603.0,606.0,53900,0.0,0.0
2023-10-12 10:00:00+09:00,606.0,607.0,604.0,607.0,8100,0.0,0.0
2023-10-12 11:00:00+09:00,605.0,612.0,604.0,609.0,0,0.0,0.0
2023-10-12 12:00:00+09:00,610.0,617.0,610.0,616.0,82000,0.0,0.0
2023-10-12 13:00:00+09:00,616.0,616.0,612.0,612.0,5300,0.0,0.0
2023-10-12 14:00:00+09:00,613.0,616.0,610.0,613.0,15100,0.0,0.0
2023-10-13 09:00:00+09:00,605.0,613.0,584.0,586.0,0,0.0,0.0
2023-10-13 10:00:00+09:00,586.0,589.0,579.0,587.0,190100,0.0,0.0
2023-10-13 11:00:00+09:00,586.0,589.0,585.0,585.0,0,0.0,0.0
2023-10-13 12:00:00+09:00,586.0,586.0,582.0,583.0,213700,0.0,0.0
2023-10-13 13:00:00+09:00,582.0,584.0,578.0,578.0,31300,0.0,0.0
2023-10-13 14:00:00+09:00,578.0,580.0,574.0,576.0,41900,0.0,0.0
2023-10-16 09:00:00+09:00,550.0,567.0,541.0,556.0,125800,0.0,0.0
2023-10-16 10:00:00+09:00,560.0,560.0,554.0,558.0,18100,0.0,0.0
2023-10-16 11:00:00+09:00,557.0,560.0,554.0,557.0,0,0.0,0.0
2023-10-16 12:00:00+09:00,558.0,558.0,553.0,556.0,175600,0.0,0.0
2023-10-16 13:00:00+09:00,556.0,556.0,551.0,551.0,10900,0.0,0.0
2023-10-16 14:00:00+09:00,554.0,555.0,549.0,551.0,35700,0.0,0.0
2023-10-17 09:00:00+09:00,560.0,561.0,537.0,539.0,57700,0.0,0.0
2023-10-17 10:00:00+09:00,543.0,548.0,537.0,542.0,33100,0.0,0.0
2023-10-17 11:00:00+09:00,541.0,541.0,538.0,538.0,0,0.0,0.0
2023-10-17 12:00:00+09:00,538.0,543.0,538.0,543.0,110200,0.0,0.0
2023-10-17 13:00:00+09:00,543.0,544.0,539.0,539.0,6300,0.0,0.0
2023-10-17 14:00:00+09:00,539.0,544.0,537.0,542.0,23900,0.0,0.0
2023-10-18 09:00:00+09:00,540.0,547.0,533.0,533.0,36100,0.0,0.0
2023-10-18 10:00:00+09:00,534.0,539.0,529.0,533.0,25300,0.0,0.0
2023-10-18 11:00:00+09:00,534.0,537.0,533.0,533.0,0,0.0,0.0
2023-10-18 12:00:00+09:00,531.0,534.0,526.0,533.0,82200,0.0,0.0
2023-10-18 13:00:00+09:00,533.0,538.0,533.0,538.0,9400,0.0,0.0
2023-10-18 14:00:00+09:00,536.0,542.0,535.0,541.0,12800,0.0,0.0
2023-10-19 09:00:00+09:00,538.0,538.0,530.0,537.0,0,0.0,0.0
2023-10-19 10:00:00+09:00,537.0,545.0,537.0,538.0,51900,0.0,0.0
2023-10-19 11:00:00+09:00,538.0,538.0,536.0,536.0,0,0.0,0.0
2023-10-19 12:00:00+09:00,536.0,542.0,535.0,541.0,60700,0.0,0.0
2023-10-19 13:00:00+09:00,540.0,546.0,540.0,544.0,6300,0.0,0.0
2023-10-19 14:00:00+09:00,543.0,544.0,541.0,542.0,12500,0.0,0.0
2023-10-20 09:00:00+09:00,534.0,555.0,532.0,552.0,37500,0.0,0.0
2023-10-20 10:00:00+09:00,551.0,555.0,549.0,555.0,15800,0.0,0.0
2023-10-20 11:00:00+09:00,555.0,558.0,554.0,556.0,0,0.0,0.0
2023-10-20 12:00:00+09:00,554.0,559.0,554.0,559.0,67300,0.0,0.0
2023-10-20 13:00:00+09:00,559.0,566.0,557.0,565.0,23000,0.0,0.0
2023-10-20 14:00:00+09:00,564.0,572.0,564.0,572.0,24800,0.0,0.0
2023-10-23 09:00:00+09:00,564.0,585.0,564.0,581.0,64600,0.0,0.0
2023-10-23 10:00:00+09:00,582.0,585.0,576.0,578.0,18400,0.0,0.0
2023-10-23 11:00:00+09:00,578.0,579.0,570.0,570.0,0,0.0,0.0
2023-10-23 12:00:00+09:00,570.0,574.0,565.0,565.0,110300,0.0,0.0
2023-10-23 13:00:00+09:00,565.0,568.0,564.0,567.0,14300,0.0,0.0
2023-10-23 14:00:00+09:00,567.0,571.0,566.0,566.0,18800,0.0,0.0
2023-10-24 09:00:00+09:00,563.0,591.0,563.0,574.0,80200,0.0,0.0
2023-10-24 10:00:00+09:00,575.0,577.0,564.0,571.0,15000,0.0,0.0
2023-10-24 11:00:00+09:00,572.0,584.0,572.0,581.0,0,0.0,0.0
2023-10-24 12:00:00+09:00,583.0,586.0,578.0,583.0,122600,0.0,0.0
2023-10-24 13:00:00+09:00,584.0,591.0,584.0,591.0,0,0.0,0.0
2023-10-24 14:00:00+09:00,591.0,595.0,591.0,592.0,171200,0.0,0.0
2023-10-25 09:00:00+09:00,590.0,590.0,576.0,578.0,43400,0.0,0.0
2023-10-25 10:00:00+09:00,578.0,583.0,577.0,577.0,12000,0.0,0.0
2023-10-25 11:00:00+09:00,579.0,579.0,577.0,577.0,0,0.0,0.0
2023-10-25 12:00:00+09:00,577.0,577.0,570.0,572.0,80900,0.0,0.0
2023-10-25 13:00:00+09:00,574.0,575.0,573.0,575.0,4800,0.0,0.0
2023-10-25 14:00:00+09:00,574.0,574.0,568.0,568.0,11700,0.0,0.0
2023-10-26 09:00:00+09:00,563.0,565.0,558.0,563.0,16900,0.0,0.0
2023-10-26 10:00:00+09:00,565.0,566.0,564.0,566.0,4000,0.0,0.0
2023-10-26 11:00:00+09:00,565.0,565.0,560.0,560.0,0,0.0,0.0
2023-10-26 12:00:00+09:00,561.0,563.0,558.0,558.0,33400,0.0,0.0
2023-10-26 13:00:00+09:00,561.0,563.0,558.0,563.0,7300,0.0,0.0
2023-10-26 14:00:00+09:00,561.0,563.0,558.0,561.0,9800,0.0,0.0
2023-10-27 09:00:00+09:00,560.0,565.0,555.0,565.0,9800,0.0,0.0
2023-10-27 10:00:00+09:00,565.0,569.0,562.0,562.0,5600,0.0,0.0
2023-10-27 11:00:00+09:00,565.0,569.0,565.0,565.0,0,0.0,0.0
2023-10-27 12:00:00+09:00,565.0,565.0,559.0,563.0,26300,0.0,0.0
2023-10-27 13:00:00+09:00,566.0,566.0,565.0,565.0,200,0.0,0.0
2023-10-27 14:00:00+09:00,565.0,566.0,560.0,560.0,16500,0.0,0.0
2023-10-30 09:00:00+09:00,552.0,557.0,552.0,556.0,0,0.0,0.0
2023-10-30 10:00:00+09:00,557.0,560.0,552.0,560.0,4900,0.0,0.0
2023-10-30 11:00:00+09:00,557.0,557.0,554.0,554.0,0,0.0,0.0
2023-10-30 12:00:00+09:00,557.0,557.0,554.0,554.0,18500,0.0,0.0
2023-10-30 13:00:00+09:00,554.0,554.0,551.0,551.0,5100,0.0,0.0
2023-10-30 14:00:00+09:00,552.0,558.0,552.0,558.0,6800,0.0,0.0
2023-10-31 09:00:00+09:00,558.0,558.0,548.0,556.0,19600,0.0,0.0
2023-10-31 10:00:00+09:00,555.0,556.0,552.0,556.0,4200,0.0,0.0
2023-10-31 11:00:00+09:00,555.0,556.0,552.0,552.0,0,0.0,0.0
2023-10-31 12:00:00+09:00,555.0,566.0,555.0,565.0,39800,0.0,0.0
2023-10-31 13:00:00+09:00,566.0,571.0,566.0,569.0,11900,0.0,0.0
2023-10-31 14:00:00+09:00,568.0,577.0,568.0,576.0,14100,0.0,0.0
2023-11-01 09:00:00+09:00,575.0,577.0,566.0,566.0,25200,0.0,0.0
2023-11-01 10:00:00+09:00,569.0,569.0,562.0,563.0,11000,0.0,0.0
2023-11-01 11:00:00+09:00,562.0,568.0,561.0,567.0,0,0.0,0.0
2023-11-01 12:00:00+09:00,571.0,576.0,571.0,573.0,44500,0.0,0.0
2023-11-01 13:00:00+09:00,573.0,574.0,572.0,573.0,0,0.0,0.0
2023-11-01 14:00:00+09:00,573.0,574.0,570.0,570.0,57100,0.0,0.0
2023-11-02 09:00:00+09:00,575.0,579.0,571.0,577.0,12400,0.0,0.0
2023-11-02 10:00:00+09:00,576.0,578.0,573.0,578.0,12300,0.0,0.0
2023-11-02 11:00:00+09:00,576.0,576.0,575.0,575.0,0,0.0,0.0
2023-11-02 12:00:00+09:00,574.0,574.0,571.0,574.0,28200,0.0,0.0
2023-11-02 13:00:00+09:00,573.0,573.0,567.0,572.0,9100,0.0,0.0
2023-11-02 14:00:00+09:00,570.0,572.0,567.0,567.0,12100,0.0,0.0
2023-11-06 09:00:00+09:00,566.0,579.0,566.0,573.0,27900,0.0,0.0
2023-11-06 10:00:00+09:00,574.0,575.0,571.0,575.0,8400,0.0,0.0
2023-11-06 11:00:00+09:00,576.0,576.0,574.0,575.0,0,0.0,0.0
2023-11-06 12:00:00+09:00,575.0,577.0,573.0,573.0,50400,0.0,0.0
2023-11-06 13:00:00+09:00,575.0,577.0,572.0,575.0,14000,0.0,0.0
2023-11-06 14:00:00+09:00,575.0,578.0,575.0,577.0,6900,0.0,0.0
2023-11-07 09:00:00+09:00,577.0,577.0,561.0,576.0,44600,0.0,0.0
2023-11-07 10:00:00+09:00,575.0,577.0,574.0,575.0,9800,0.0,0.0
2023-11-07 11:00:00+09:00,574.0,576.0,572.0,576.0,0,0.0,0.0
2023-11-07 12:00:00+09:00,570.0,574.0,570.0,572.0,58900,0.0,0.0
2023-11-07 13:00:00+09:00,573.0,575.0,566.0,568.0,10500,0.0,0.0
2023-11-07 14:00:00+09:00,570.0,571.0,564.0,564.0,8700,0.0,0.0
2023-11-08 09:00:00+09:00,573.0,576.0,565.0,571.0,18300,0.0,0.0
2023-11-08 10:00:00+09:00,568.0,569.0,561.0,562.0,12600,0.0,0.0
2023-11-08 11:00:00+09:00,561.0,563.0,561.0,563.0,0,0.0,0.0
2023-11-08 12:00:00+09:00,568.0,568.0,554.0,554.0,43100,0.0,0.0
2023-11-08 13:00:00+09:00,558.0,563.0,557.0,562.0,7100,0.0,0.0
2023-11-08 14:00:00+09:00,563.0,566.0,560.0,563.0,10900,0.0,0.0
2023-11-09 09:00:00+09:00,568.0,571.0,559.0,559.0,14600,0.0,0.0
2023-11-09 10:00:00+09:00,559.0,561.0,543.0,555.0,49900,0.0,0.0
2023-11-09 11:00:00+09:00,556.0,557.0,555.0,556.0,0,0.0,0.0
2023-11-09 12:00:00+09:00,557.0,558.0,555.0,558.0,68600,0.0,0.0
2023-11-09 13:00:00+09:00,559.0,559.0,556.0,556.0,3200,0.0,0.0
2023-11-09 14:00:00+09:00,557.0,558.0,552.0,552.0,13100,0.0,0.0
2023-11-10 09:00:00+09:00,553.0,555.0,545.0,552.0,17700,0.0,0.0
2023-11-10 10:00:00+09:00,551.0,555.0,550.0,550.0,5900,0.0,0.0
2023-11-10 11:00:00+09:00,549.0,553.0,549.0,551.0,0,0.0,0.0
2023-11-10 12:00:00+09:00,551.0,551.0,549.0,549.0,27600,0.0,0.0
2023-11-10 13:00:00+09:00,550.0,561.0,550.0,559.0,17000,0.0,0.0
2023-11-10 14:00:00+09:00,559.0,563.0,559.0,561.0,10100,0.0,0.0
2023-11-13 09:00:00+09:00,559.0,562.0,552.0,552.0,30200,0.0,0.0
2023-11-13 10:00:00+09:00,552.0,562.0,552.0,559.0,13500,0.0,0.0
2023-11-13 11:00:00+09:00,560.0,560.0,554.0,554.0,0,0.0,0.0
2023-11-13 12:00:00+09:00,555.0,555.0,552.0,554.0,53100,0.0,0.0
2023-11-13 13:00:00+09:00,552.0,553.0,551.0,552.0,1300,0.0,0.0
2023-11-13 14:00:00+09:00,552.0,556.0,548.0,549.0,29900,0.0,0.0
2023-11-14 09:00:00+09:00,555.0,562.0,553.0,556.0,13200,0.0,0.0
2023-11-14 10:00:00+09:00,558.0,563.0,557.0,563.0,4800,0.0,0.0
2023-11-14 11:00:00+09:00,564.0,564.0,555.0,555.0,0,0.0,0.0
2023-11-14 12:00:00+09:00,555.0,561.0,555.0,560.0,26700,0.0,0.0
2023-11-14 13:00:00+09:00,559.0,561.0,559.0,560.0,2300,0.0,0.0
2023-11-14 14:00:00+09:00,560.0,565.0,560.0,565.0,14500,0.0,0.0
2023-11-15 09:00:00+09:00,561.0,572.0,560.0,560.0,23400,0.0,0.0
2023-11-15 10:00:00+09:00,560.0,567.0,556.0,565.0,10200,0.0,0.0
2023-11-15 11:00:00+09:00,564.0,564.0,560.0,560.0,0,0.0,0.0
2023-11-15 12:00:00+09:00,560.0,561.0,556.0,559.0,43500,0.0,0.0
2023-11-15 13:00:00+09:00,559.0,559.0,556.0,559.0,4400,0.0,0.0
2023-11-15 14:00:00+09:00,557.0,561.0,555.0,555.0,12900,0.0,0.0
2023-11-16 09:00:00+09:00,552.0,559.0,550.0,557.0,21700,0.0,0.0
2023-11-16 10:00:00+09:00,558.0,561.0,558.0,560.0,9700,0.0,0.0
2023-11-16 11:00:00+09:00,558.0,563.0,557.0,560.0,0,0.0,0.0
2023-11-16 12:00:00+09:00,561.0,561.0,558.0,558.0,37300,0.0,0.0
2023-11-16 13:00:00+09:00,558.0,558.0,558.0,558.0,1700,0.0,0.0
2023-11-16 14:00:00+09:00,559.0,560.0,555.0,555.0,6400,0.0,0.0
2023-11-17 09:00:00+09:00,550.0,556.0,546.0,551.0,19700,0.0,0.0
2023-11-17 10:00:00+09:00,550.0,558.0,548.0,554.0,20200,0.0,0.0
2023-11-17 11:00:00+09:00,553.0,558.0,553.0,558.0,0,0.0,0.0
2023-11-17 12:00:00+09:00,560.0,560.0,555.0,557.0,51000,0.0,0.0
2023-11-17 13:00:00+09:00,557.0,560.0,556.0,560.0,2900,0.0,0.0
2023-11-17 14:00:00+09:00,560.0,561.0,554.0,557.0,18600,0.0,0.0
2023-11-20 09:00:00+09:00,553.0,568.0,553.0,568.0,27600,0.0,0.0
2023-11-20 10:00:00+09:00,568.0,572.0,565.0,570.0,25600,0.0,0.0
2023-11-20 11:00:00+09:00,570.0,570.0,567.0,567.0,0,0.0,0.0
2023-11-20 12:00:00+09:00,567.0,567.0,563.0,563.0,58800,0.0,0.0
2023-11-20 13:00:00+09:00,561.0,565.0,560.0,563.0,7300,0.0,0.0
2023-11-20 14:00:00+09:00,563.0,566.0,558.0,558.0,18000,0.0,0.0
2023-11-21 09:00:00+09:00,563.0,566.0,560.0,565.0,12900,0.0,0.0
2023-11-21 10:00:00+09:00,565.0,568.0,564.0,568.0,4200,0.0,0.0
2023-11-21 11:00:00+09:00,572.0,573.0,568.0,568.0,0,0.0,0.0
2023-11-21 12:00:00+09:00,568.0,571.0,567.0,569.0,34900,0.0,0.0
2023-11-21 13:00:00+09:00,570.0,571.0,568.0,568.0,5100,0.0,0.0
2023-11-21 14:00:00+09:00,568.0,573.0,566.0,570.0,18200,0.0,0.0
2023-11-22 09:00:00+09:00,574.0,574.0,563.0,569.0,13600,0.0,0.0
2023-11-22 10:00:00+09:00,570.0,575.0,568.0,575.0,10200,0.0,0.0
2023-11-22 11:00:00+09:00,574.0,574.0,574.0,574.0,0,0.0,0.0
2023-11-22 12:00:00+09:00,574.0,574.0,571.0,571.0,28200,0.0,0.0
2023-11-22 13:00:00+09:00,572.0,575.0,572.0,575.0,4400,0.0,0.0
2023-11-22 14:00:00+09:00,576.0,577.0,567.0,571.0,37700,0.0,0.0
2023-11-24 09:00:00+09:00,573.0,573.0,561.0,562.0,39800,0.0,0.0
2023-11-24 10:00:00+09:00,562.0,564.0,562.0,563.0,6300,0.0,0.0
2023-11-24 11:00:00+09:00,562.0,563.0,558.0,558.0,0,0.0,0.0
2023-11-24 12:00:00+09:00,558.0,558.0,555.0,556.0,66900,0.0,0.0
2023-11-24 13:00:00+09:00,556.0,559.0,555.0,555.0,15100,0.0,0.0
2023-11-24 14:00:00+09:00,555.0,560.0,550.0,554.0,61000,0.0,0.0
2023-11-27 09:00:00+09:00,556.0,571.0,555.0,559.0,34800,0.0,0.0
2023-11-27 10:00:00+09:00,560.0,560.0,554.0,555.0,12300,0.0,0.0
2023-11-27 11:00:00+09:00,555.0,558.0,554.0,557.0,0,0.0,0.0
2023-11-27 12:00:00+09:00,559.0,559.0,554.0,555.0,55300,0.0,0.0
2023-11-27 13:00:00+09:00,554.0,555.0,551.0,553.0,8700,0.0,0.0
2023-11-27 14:00:00+09:00,554.0,554.0,549.0,554.0,14500,0.0,0.0
2023-11-28 09:00:00+09:00,557.0,557.0,546.0,548.0,15900,0.0,0.0
2023-11-28 10:00:00+09:00,548.0,549.0,543.0,543.0,8800,0.0,0.0
2023-11-28 11:00:00+09:00,545.0,546.0,543.0,543.0,0,0.0,0.0
2023-11-28 12:00:00+09:00,545.0,545.0,542.0,544.0,38200,0.0,0.0
2023-11-28 13:00:00+09:00,545.0,545.0,541.0,544.0,5700,0.0,0.0
2023-11-28 14:00:00+09:00,543.0,543.0,540.0,541.0,13000,0.0,0.0
2023-11-29 09:00:00+09:00,540.0,551.0,540.0,545.0,32900,0.0,0.0
2023-11-29 10:00:00+09:00,545.0,548.0,544.0,547.0,3800,0.0,0.0
2023-11-29 11:00:00+09:00,547.0,548.0,546.0,546.0,0,0.0,0.0
2023-11-29 12:00:00+09:00,548.0,549.0,547.0,547.0,40600,0.0,0.0
2023-11-29 13:00:00+09:00,547.0,552.0,547.0,548.0,6900,0.0,0.0
2023-11-29 14:00:00+09:00,548.0,548.0,542.0,542.0,13100,0.0,0.0
2023-11-30 09:00:00+09:00,542.0,551.0,542.0,549.0,13900,0.0,0.0
2023-11-30 10:00:00+09:00,549.0,549.0,546.0,546.0,3900,0.0,0.0
2023-11-30 11:00:00+09:00,546.0,547.0,545.0,545.0,0,0.0,0.0
2023-11-30 12:00:00+09:00,545.0,547.0,545.0,546.0,27200,0.0,0.0
2023-11-30 13:00:00+09:00,545.0,549.0,544.0,545.0,12500,0.0,0.0
2023-11-30 14:00:00+09:00,547.0,549.0,546.0,548.0,6700,0.0,0.0
2023-12-01 09:00:00+09:00,551.0,552.0,544.0,546.0,36400,0.0,0.0
2023-12-01 10:00:00+09:00,546.0,549.0,546.0,548.0,4100,0.0,0.0
2023-12-01 11:00:00+09:00,546.0,546.0,544.0,544.0,0,0.0,0.0
2023-12-01 12:00:00+09:00,545.0,549.0,544.0,549.0,56600,0.0,0.0
2023-12-01 13:00:00+09:00,547.0,548.0,546.0,548.0,900,0.0,0.0
2023-12-01 14:00:00+09:00,547.0,570.0,547.0,564.0,60200,0.0,0.0
2023-12-04 09:00:00+09:00,568.0,596.0,557.0,584.0,0,0.0,0.0
2023-12-04 10:00:00+09:00,584.0,593.0,580.0,587.0,41400,0.0,0.0
2023-12-04 11:00:00+09:00,589.0,594.0,587.0,593.0,0,0.0,0.0
2023-12-04 12:00:00+09:00,589.0,592.0,585.0,591.0,174900,0.0,0.0
2023-12-04 13:00:00+09:00,591.0,591.0,587.0,588.0,13100,0.0,0.0
2023-12-04 14:00:00+09:00,587.0,590.0,584.0,587.0,12000,0.0,0.0
2023-12-05 09:00:00+09:00,582.0,607.0,573.0,602.0,55200,0.0,0.0
2023-12-05 10:00:00+09:00,601.0,610.0,598.0,604.0,47000,0.0,0.0
2023-12-05 11:00:00+09:00,604.0,607.0,601.0,602.0,0,0.0,0.0
2023-12-05 12:00:00+09:00,601.0,603.0,593.0,603.0,137900,0.0,0.0
2023-12-05 13:00:00+09:00,602.0,603.0,598.0,598.0,0,0.0,0.0
2023-12-05 14:00:00+09:00,599.0,600.0,592.0,596.0,172800,0.0,0.0
2023-12-06 09:00:00+09:00,595.0,599.0,588.0,589.0,56500,0.0,0.0
2023-12-06 10:00:00+09:00,591.0,595.0,590.0,592.0,7000,0.0,0.0
2023-12-06 11:00:00+09:00,591.0,591.0,589.0,589.0,0,0.0,0.0
2023-12-06 12:00:00+09:00,588.0,588.0,583.0,584.0,82200,0.0,0.0
2023-12-06 13:00:00+09:00,584.0,591.0,583.0,587.0,25500,0.0,0.0
2023-12-06 14:00:00+09:00,588.0,592.0,588.0,591.0,16300,0.0,0.0
2023-12-07 09:00:00+09:00,588.0,613.0,585.0,605.0,52600,0.0,0.0
2023-12-07 10:00:00+09:00,604.0,608.0,602.0,604.0,14000,0.0,0.0
2023-12-07 11:00:00+09:00,604.0,604.0,599.0,600.0,0,0.0,0.0
2023-12-07 12:00:00+09:00,602.0,604.0,597.0,601.0,90500,0.0,0.0
2023-12-07 13:00:00+09:00,602.0,608.0,601.0,602.0,15100,0.0,0.0
2023-12-07 14:00:00+09:00,601.0,603.0,599.0,599.0,9900,0.0,0.0
2023-12-08 09:00:00+09:00,595.0,610.0,594.0,596.0,0,0.0,0.0
2023-12-08 10:00:00+09:00,596.0,598.0,594.0,598.0,66900,0.0,0.0
2023-12-08 11:00:00+09:00,599.0,603.0,599.0,599.0,0,0.0,0.0
2023-12-08 12:00:00+09:00,599.0,601.0,596.0,598.0,87400,0.0,0.0
2023-12-08 13:00:00+09:00,599.0,599.0,595.0,596.0,34800,0.0,0.0
2023-12-08 14:00:00+09:00,597.0,597.0,577.0,584.0,148500,0.0,0.0
2023-12-11 09:00:00+09:00,587.0,615.0,587.0,608.0,95700,0.0,0.0
2023-12-11 10:00:00+09:00,610.0,612.0,604.0,608.0,28300,0.0,0.0
2023-12-11 11:00:00+09:00,608.0,615.0,604.0,611.0,0,0.0,0.0
2023-12-11 12:00:00+09:00,611.0,612.0,600.0,601.0,206500,0.0,0.0
2023-12-11 13:00:00+09:00,603.0,603.0,596.0,600.0,64200,0.0,0.0
2023-12-11 14:00:00+09:00,600.0,609.0,599.0,607.0,41000,0.0,0.0
2023-12-12 09:00:00+09:00,617.0,663.0,617.0,632.0,678900,0.0,0.0
2023-12-12 10:00:00+09:00,632.0,651.0,629.0,650.0,162400,0.0,0.0
2023-12-12 11:00:00+09:00,649.0,649.0,631.0,635.0,0,0.0,0.0
2023-12-12 12:00:00+09:00,630.0,634.0,625.0,628.0,977900,0.0,0.0
2023-12-12 13:00:00+09:00,627.0,629.0,612.0,615.0,145200,0.0,0.0
2023-12-12 14:00:00+09:00,615.0,616.0,606.0,608.0,65900,0.0,0.0
2023-12-13 09:00:00+09:00,600.0,622.0,586.0,616.0,0,0.0,0.0
2023-12-13 10:00:00+09:00,617.0,621.0,605.0,611.0,45100,0.0,0.0
2023-12-13 11:00:00+09:00,611.0,620.0,611.0,613.0,0,0.0,0.0
2023-12-13 12:00:00+09:00,615.0,615.0,611.0,613.0,280200,0.0,0.0
2023-12-13 13:00:00+09:00,611.0,615.0,604.0,606.0,29700,0.0,0.0
2023-12-13 14:00:00+09:00,606.0,611.0,604.0,605.0,44300,0.0,0.0
2023-12-14 09:00:00+09:00,610.0,611.0,594.0,595.0,111800,0.0,0.0
2023-12-14 10:00:00+09:00,595.0,599.0,592.0,595.0,24900,0.0,0.0
2023-12-14 11:00:00+09:00,595.0,597.0,592.0,596.0,0,0.0,0.0
2023-12-14 12:00:00+09:00,596.0,596.0,587.0,589.0,207500,0.0,0.0
2023-12-14 13:00:00+09:00,588.0,592.0,583.0,590.0,27500,0.0,0.0
2023-12-14 14:00:00+09:00,589.0,589.0,583.0,584.0,29600,0.0,0.0
2023-12-15 09:00:00+09:00,584.0,595.0,576.0,585.0,81300,0.0,0.0
2023-12-15 10:00:00+09:00,585.0,587.0,580.0,585.0,27400,0.0,0.0
2023-12-15 11:00:00+09:00,588.0,590.0,586.0,586.0,0,0.0,0.0
2023-12-15 12:00:00+09:00,586.0,594.0,586.0,594.0,127600,0.0,0.0
2023-12-15 13:00:00+09:00,593.0,602.0,590.0,590.0,50900,0.0,0.0
2023-12-15 14:00:00+09:00,589.0,598.0,589.0,598.0,21200,0.0,0.0
2023-12-18 09:00:00+09:00,591.0,593.0,580.0,583.0,67300,0.0,0.0
2023-12-18 10:00:00+09:00,583.0,583.0,577.0,580.0,27000,0.0,0.0
2023-12-18 11:00:00+09:00,580.0,582.0,579.0,581.0,0,0.0,0.0
2023-12-18 12:00:00+09:00,578.0,581.0,578.0,581.0,108200,0.0,0.0
2023-12-18 13:00:00+09:00,581.0,581.0,573.0,574.0,19600,0.0,0.0
2023-12-18 14:00:00+09:00,573.0,580.0,572.0,578.0,34000,0.0,0.0
2023-12-19 09:00:00+09:00,578.0,583.0,574.0,580.0,45100,0.0,0.0
2023-12-19 10:00:00+09:00,581.0,584.0,580.0,584.0,9900,0.0,0.0
2023-12-19 11:00:00+09:00,584.0,584.0,576.0,577.0,0,0.0,0.0
2023-12-19 12:00:00+09:00,582.0,590.0,579.0,588.0,93800,0.0,0.0
2023-12-19 13:00:00+09:00,588.0,588.0,580.0,588.0,6200,0.0,0.0
2023-12-19 14:00:00+09:00,588.0,593.0,587.0,590.0,22400,0.0,0.0
2023-12-20 09:00:00+09:00,590.0,594.0,583.0,592.0,36600,0.0,0.0
2023-12-20 10:00:00+09:00,591.0,591.0,590.0,590.0,4800,0.0,0.0
2023-12-20 11:00:00+09:00,590.0,590.0,583.0,588.0,0,0.0,0.0
2023-12-20 12:00:00+09:00,585.0,586.0,581.0,581.0,70500,0.0,0.0
2023-12-20 13:00:00+09:00,581.0,582.0,580.0,581.0,5400,0.0,0.0
2023-12-20 14:00:00+09:00,582.0,583.0,580.0,581.0,15200,0.0,0.0
2023-12-21 09:00:00+09:00,571.0,573.0,561.0,561.0,32200,0.0,0.0
2023-12-21 10:00:00+09:00,561.0,565.0,555.0,556.0,29100,0.0,0.0
2023-12-21 11:00:00+09:00,558.0,559.0,553.0,553.0,0,0.0,0.0
2023-12-21 12:00:00+09:00,554.0,562.0,553.0,557.0,105100,0.0,0.0
2023-12-21 13:00:00+09:00,558.0,563.0,557.0,560.0,11500,0.0,0.0
2023-12-21 14:00:00+09:00,560.0,561.0,557.0,559.0,12800,0.0,0.0
2023-12-22 09:00:00+09:00,569.0,575.0,561.0,563.0,57600,0.0,0.0
2023-12-22 10:00:00+09:00,562.0,566.0,561.0,564.0,8200,0.0,0.0
2023-12-22 11:00:00+09:00,564.0,570.0,564.0,567.0,0,0.0,0.0
2023-12-22 12:00:00+09:00,569.0,569.0,561.0,562.0,86900,0.0,0.0
2023-12-22 13:00:00+09:00,561.0,561.0,556.0,556.0,8400,0.0,0.0
2023-12-22 14:00:00+09:00,556.0,562.0,556.0,562.0,7700,0.0,0.0
2023-12-25 09:00:00+09:00,570.0,570.0,554.0,555.0,28100,0.0,0.0
2023-12-25 10:00:00+09:00,557.0,559.0,549.0,553.0,34600,0.0,0.0
2023-12-25 11:00:00+09:00,552.0,555.0,552.0,553.0,0,0.0,0.0
2023-12-25 12:00:00+09:00,552.0,558.0,552.0,558.0,78600,0.0,0.0
2023-12-25 13:00:00+09:00,558.0,558.0,556.0,556.0,5200,0.0,0.0
2023-12-25 14:00:00+09:00,557.0,564.0,557.0,557.0,16300,0.0,0.0
2023-12-26 09:00:00+09:00,559.0,569.0,558.0,562.0,36300,0.0,0.0
2023-12-26 10:00:00+09:00,561.0,565.0,561.0,561.0,6300,0.0,0.0
2023-12-26 11:00:00+09:00,561.0,561.0,558.0,560.0,0,0.0,0.0
2023-12-26 12:00:00+09:00,559.0,561.0,556.0,559.0,65500,0.0,0.0
2023-12-26 13:00:00+09:00,559.0,559.0,555.0,558.0,7200,0.0,0.0
2023-12-26 14:00:00+09:00,558.0,560.0,549.0,558.0,60300,0.0,0.0
2023-12-27 09:00:00+09:00,552.0,554.0,543.0,549.0,44500,0.0,0.0
2023-12-27 10:00:00+09:00,548.0,549.0,546.0,548.0,24100,0.0,0.0
2023-12-27 11:00:00+09:00,548.0,550.0,544.0,548.0,0,0.0,0.0
2023-12-27 12:00:00+09:00,550.0,552.0,550.0,552.0,124000,0.0,0.0
2023-12-27 13:00:00+09:00,551.0,551.0,542.0,545.0,33400,0.0,0.0
2023-12-27 14:00:00+09:00,546.0,549.0,544.0,544.0,24600,0.0,0.0
2023-12-28 09:00:00+09:00,537.0,551.0,533.0,549.0,63200,0.0,0.0
2023-12-28 10:00:00+09:00,550.0,553.0,548.0,551.0,18800,0.0,0.0
2023-12-28 11:00:00+09:00,550.0,550.0,548.0,550.0,0,0.0,0.0
2023-12-28 12:00:00+09:00,550.0,553.0,548.0,553.0,92600,0.0,0.0
2023-12-28 13:00:00+09:00,553.0,557.0,551.0,557.0,12400,0.0,0.0
2023-12-28 14:00:00+09:00,557.0,560.0,554.0,554.0,8500,0.0,0.0
2023-12-29 09:00:00+09:00,552.0,567.0,552.0,565.0,31200,0.0,0.0
2023-12-29 10:00:00+09:00,564.0,572.0,563.0,570.0,15600,0.0,0.0
2023-12-29 11:00:00+09:00,570.0,571.0,570.0,571.0,0,0.0,0.0
2023-12-29 12:00:00+09:00,571.0,572.0,568.0,570.0,58300,0.0,0.0
2023-12-29 13:00:00+09:00,570.0,572.0,568.0,572.0,12100,0.0,0.0
2023-12-29 14:00:00+09:00,572.0,574.0,566.0,569.0,16500,0.0,0.0
2024-01-04 09:00:00+09:00,558.0,565.0,556.0,565.0,14400,0.0,0.0
2024-01-04 10:00:00+09:00,565.0,570.0,563.0,570.0,7300,0.0,0.0
2024-01-04 11:00:00+09:00,571.0,572.0,569.0,572.0,0,0.0,0.0
2024-01-04 12:00:00+09:00,574.0,574.0,571.0,573.0,29600,0.0,0.0
2024-01-04 13:00:00+09:00,571.0,572.0,570.0,572.0,7700,0.0,0.0
2024-01-04 14:00:00+09:00,571.0,571.0,563.0,564.0,29700,0.0,0.0
2024-01-05 09:00:00+09:00,564.0,568.0,560.0,563.0,21900,0.0,0.0
2024-01-05 10:00:00+09:00,561.0,563.0,559.0,559.0,11100,0.0,0.0
2024-01-05 11:00:00+09:00,558.0,558.0,555.0,555.0,0,0.0,0.0
2024-01-05 12:00:00+09:00,557.0,558.0,555.0,555.0,46200,0.0,0.0
2024-01-05 13:00:00+09:00,555.0,558.0,555.0,555.0,7600,0.0,0.0
2024-01-05 14:00:00+09:00,557.0,560.0,557.0,560.0,13500,0.0,0.0
2024-01-09 09:00:00+09:00,569.0,573.0,565.0,565.0,26900,0.0,0.0
2024-01-09 10:00:00+09:00,566.0,567.0,563.0,563.0,14000,0.0,0.0
2024-01-09 11:00:00+09:00,563.0,566.0,559.0,565.0,0,0.0,0.0
2024-01-09 12:00:00+09:00,565.0,568.0,565.0,566.0,61700,0.0,0.0
2024-01-09 13:00:00+09:00,566.0,569.0,562.0,568.0,9500,0.0,0.0
2024-01-09 14:00:00+09:00,568.0,570.0,567.0,569.0,11900,0.0,0.0
2024-01-10 09:00:00+09:00,565.0,569.0,561.0,561.0,27400,0.0,0.0
2024-01-10 10:00:00+09:00,563.0,566.0,562.0,563.0,6600,0.0,0.0
2024-01-10 11:00:00+09:00,564.0,570.0,564.0,566.0,0,0.0,0.0
2024-01-10 12:00:00+09:00,564.0,566.0,564.0,566.0,54700,0.0,0.0
2024-01-10 13:00:00+09:00,566.0,568.0,565.0,567.0,7500,0.0,0.0
2024-01-10 14:00:00+09:00,567.0,568.0,564.0,564.0,10000,0.0,0.0
2024-01-11 09:00:00+09:00,563.0,564.0,556.0,562.0,39000,0.0,0.0
2024-01-11 10:00:00+09:00,561.0,563.0,560.0,563.0,8000,0.0,0.0
2024-01-11 11:00:00+09:00,563.0,568.0,562.0,565.0,0,0.0,0.0
2024-01-11 12:00:00+09:00,565.0,572.0,564.0,572.0,83700,0.0,0.0
2024-01-11 13:00:00+09:00,572.0,645.0,569.0,629.0,1004900,0.0,0.0
2024-01-11 14:00:00+09:00,627.0,663.0,616.0,661.0,3161100,0.0,0.0
2024-01-12 09:00:00+09:00,634.0,653.0,618.0,640.0,0,0.0,0.0
2024-01-12 10:00:00+09:00,640.0,656.0,632.0,646.0,275500,0.0,0.0
2024-01-12 11:00:00+09:00,647.0,675.0,642.0,662.0,0,0.0,0.0
2024-01-12 12:00:00+09:00,654.0,656.0,622.0,626.0,2592300,0.0,0.0
2024-01-12 13:00:00+09:00,627.0,641.0,614.0,638.0,469200,0.0,0.0
2024-01-12 14:00:00+09:00,637.0,649.0,632.0,637.0,263100,0.0,0.0
2024-01-15 09:00:00+09:00,632.0,644.0,617.0,633.0,707000,0.0,0.0
2024-01-15 10:00:00+09:00,634.0,639.0,617.0,621.0,214200,0.0,0.0
2024-01-15 11:00:00+09:00,621.0,633.0,619.0,630.0,0,0.0,0.0
2024-01-15 12:00:00+09:00,628.0,639.0,626.0,629.0,1067500,0.0,0.0
2024-01-15 13:00:00+09:00,628.0,628.0,617.0,626.0,113200,0.0,0.0
2024-01-15 14:00:00+09:00,626.0,630.0,622.0,623.0,83400,0.0,0.0
2024-01-16 09:00:00+09:00,610.0,611.0,582.0,586.0,307700,0.0,0.0
2024-01-16 10:00:00+09:00,585.0,591.0,582.0,587.0,74100,0.0,0.0
2024-01-16 11:00:00+09:00,586.0,592.0,585.0,590.0,0,0.0,0.0
2024-01-16 12:00:00+09:00,592.0,592.0,580.0,580.0,487600,0.0,0.0
2024-01-16 13:00:00+09:00,580.0,582.0,577.0,582.0,51900,0.0,0.0
2024-01-16 14:00:00+09:00,582.0,586.0,579.0,582.0,48200,0.0,0.0
2024-01-17 09:00:00+09:00,571.0,577.0,557.0,560.0,229200,0.0,0.0
2024-01-17 10:00:00+09:00,560.0,563.0,556.0,558.0,69800,0.0,0.0
2024-01-17 11:00:00+09:00,558.0,558.0,552.0,557.0,0,0.0,0.0
2024-01-17 12:00:00+09:00,554.0,556.0,551.0,552.0,384900,0.0,0.0
2024-01-17 13:00:00+09:00,552.0,555.0,551.0,554.0,33000,0.0,0.0
2024-01-17 14:00:00+09:00,553.0,553.0,548.0,550.0,62500,0.0,0.0
2024-01-18 09:00:00+09:00,538.0,555.0,535.0,550.0,108800,0.0,0.0
2024-01-18 10:00:00+09:00,550.0,550.0,539.0,542.0,43100,0.0,0.0
2024-01-18 11:00:00+09:00,542.0,542.0,525.0,529.0,0,0.0,0.0
2024-01-18 12:00:00+09:00,519.0,522.0,481.0,495.0,649500,0.0,0.0
2024-01-18 13:00:00+09:00,495.0,500.0,457.0,460.0,411600,0.0,0.0
2024-01-18 14:00:00+09:00,458.0,468.0,447.0,456.0,891100,0.0,0.0
2024-01-19 09:00:00+09:00,473.0,477.0,453.0,475.0,423200,0.0,0.0
2024-01-19 10:00:00+09:00,475.0,526.0,475.0,493.0,1016900,0.0,0.0
2024-01-19 11:00:00+09:00,493.0,497.0,484.0,490.0,0,0.0,0.0
2024-01-19 12:00:00+09:00,487.0,490.0,475.0,489.0,1847300,0.0,0.0
2024-01-19 13:00:00+09:00,488.0,491.0,475.0,482.0,161600,0.0,0.0
2024-01-19 14:00:00+09:00,483.0,487.0,479.0,487.0,118900,0.0,0.0
2024-01-22 09:00:00+09:00,487.0,487.0,473.0,485.0,0,0.0,0.0
2024-01-22 10:00:00+09:00,486.0,487.0,478.0,485.0,46700,0.0,0.0
2024-01-22 11:00:00+09:00,485.0,492.0,485.0,487.0,0,0.0,0.0
2024-01-22 12:00:00+09:00,489.0,494.0,489.0,492.0,225300,0.0,0.0
2024-01-22 13:00:00+09:00,492.0,498.0,487.0,496.0,86900,0.0,0.0
2024-01-22 14:00:00+09:00,497.0,508.0,497.0,504.0,118900,0.0,0.0
2024-01-23 09:00:00+09:00,505.0,512.0,495.0,496.0,85200,0.0,0.0
2024-01-23 10:00:00+09:00,496.0,506.0,493.0,505.0,42400,0.0,0.0
2024-01-23 11:00:00+09:00,505.0,505.0,501.0,503.0,0,0.0,0.0
2024-01-23 12:00:00+09:00,503.0,506.0,495.0,497.0,211700,0.0,0.0
2024-01-23 13:00:00+09:00,497.0,502.0,495.0,501.0,29300,0.0,0.0
2024-01-23 14:00:00+09:00,500.0,502.0,494.0,495.0,56900,0.0,0.0
2024-01-24 09:00:00+09:00,489.0,522.0,488.0,522.0,130500,0.0,0.0
2024-01-24 10:00:00+09:00,521.0,535.0,513.0,521.0,195800,0.0,0.0
2024-01-24 11:00:00+09:00,520.0,521.0,512.0,512.0,0,0.0,0.0
2024-01-24 12:00:00+09:00,512.0,514.0,508.0,512.0,398200,0.0,0.0
2024-01-24 13:00:00+09:00,513.0,516.0,511.0,514.0,16900,0.0,0.0
2024-01-24 14:00:00+09:00,512.0,516.0,510.0,513.0,28500,0.0,0.0
2024-01-25 09:00:00+09:00,512.0,522.0,496.0,503.0,0,0.0,0.0
2024-01-25 10:00:00+09:00,503.0,505.0,497.0,499.0,123200,0.0,0.0
2024-01-25 11:00:00+09:00,499.0,500.0,498.0,498.0,0,0.0,0.0
2024-01-25 12:00:00+09:00,498.0,505.0,496.0,504.0,165100,0.0,0.0
2024-01-25 13:00:00+09:00,505.0,530.0,505.0,524.0,166700,0.0,0.0
2024-01-25 14:00:00+09:00,524.0,524.0,517.0,522.0,41500,0.0,0.0
2024-01-26 09:00:00+09:00,513.0,521.0,508.0,518.0,53600,0.0,0.0
2024-01-26 10:00:00+09:00,518.0,518.0,510.0,512.0,44800,0.0,0.0
2024-01-26 11:00:00+09:00,514.0,514.0,510.0,510.0,0,0.0,0.0
2024-01-26 12:00:00+09:00,510.0,511.0,508.0,508.0,133500,0.0,0.0
2024-01-26 13:00:00+09:00,508.0,508.0,498.0,501.0,52000,0.0,0.0
2024-01-26 14:00:00+09:00,502.0,503.0,499.0,503.0,43700,0.0,0.0
2024-01-29 09:00:00+09:00,511.0,530.0,508.0,516.0,209600,0.0,0.0
2024-01-29 10:00:00+09:00,515.0,515.0,509.0,512.0,38100,0.0,0.0
2024-01-29 11:00:00+09:00,512.0,522.0,511.0,520.0,0,0.0,0.0
2024-01-29 12:00:00+09:00,520.0,524.0,519.0,520.0,329800,0.0,0.0
2024-01-29 13:00:00+09:00,520.0,524.0,514.0,514.0,34200,0.0,0.0
2024-01-29 14:00:00+09:00,515.0,518.0,514.0,516.0,17200,0.0,0.0
2024-01-30 09:00:00+09:00,511.0,521.0,511.0,514.0,52100,0.0,0.0
2024-01-30 10:00:00+09:00,515.0,516.0,504.0,509.0,86600,0.0,0.0
2024-01-30 11:00:00+09:00,508.0,510.0,508.0,508.0,0,0.0,0.0
2024-01-30 12:00:00+09:00,508.0,511.0,505.0,510.0,182300,0.0,0.0
2024-01-30 13:00:00+09:00,510.0,512.0,509.0,512.0,8600,0.0,0.0
2024-01-30 14:00:00+09:00,512.0,520.0,512.0,516.0,69100,0.0,0.0
2024-01-31 09:00:00+09:00,513.0,530.0,511.0,522.0,0,0.0,0.0
2024-01-31 10:00:00+09:00,522.0,522.0,516.0,517.0,180900,0.0,0.0
2024-01-31 11:00:00+09:00,518.0,523.0,516.0,516.0,0,0.0,0.0
2024-01-31 12:00:00+09:00,524.0,524.0,500.0,504.0,319100,0.0,0.0
2024-01-31 13:00:00+09:00,503.0,503.0,493.0,499.0,125700,0.0,0.0
2024-01-31 14:00:00+09:00,499.0,520.0,499.0,519.0,107100,0.0,0.0
2024-02-01 09:00:00+09:00,504.0,509.0,499.0,504.0,90900,0.0,0.0
2024-02-01 10:00:00+09:00,503.0,504.0,497.0,501.0,65700,0.0,0.0
2024-02-01 11:00:00+09:00,501.0,501.0,498.0,498.0,0,0.0,0.0
2024-02-01 12:00:00+09:00,498.0,499.0,497.0,497.0,170400,0.0,0.0
2024-02-01 13:00:00+09:00,497.0,500.0,496.0,500.0,8200,0.0,0.0
2024-02-01 14:00:00+09:00,498.0,499.0,491.0,496.0,186200,0.0,0.0
2024-02-02 09:00:00+09:00,491.0,498.0,489.0,496.0,64300,0.0,0.0
2024-02-02 10:00:00+09:00,497.0,506.0,497.0,505.0,33800,0.0,0.0
2024-02-02 11:00:00+09:00,504.0,506.0,500.0,500.0,0,0.0,0.0
2024-02-02 12:00:00+09:00,503.0,503.0,500.0,500.0,133100,0.0,0.0
2024-02-02 13:00:00+09:00,500.0,503.0,498.0,500.0,19900,0.0,0.0
2024-02-02 14:00:00+09:00,502.0,504.0,500.0,502.0,31600,0.0,0.0
2024-02-05 09:00:00+09:00,500.0,512.0,499.0,503.0,160300,0.0,0.0
2024-02-05 10:00:00+09:00,504.0,506.0,499.0,499.0,40700,0.0,0.0
2024-02-05 11:00:00+09:00,500.0,501.0,494.0,500.0,0,0.0,0.0
2024-02-05 12:00:00+09:00,500.0,500.0,498.0,499.0,239500,0.0,0.0
2024-02-05 13:00:00+09:00,499.0,501.0,497.0,501.0,15900,0.0,0.0
2024-02-05 14:00:00+09:00,501.0,502.0,500.0,500.0,13300,0.0,0.0
2024-02-06 09:00:00+09:00,502.0,507.0,500.0,504.0,50700,0.0,0.0
2024-02-06 10:00:00+09:00,505.0,505.0,499.0,502.0,19600,0.0,0.0
2024-02-06 11:00:00+09:00,502.0,504.0,502.0,502.0,0,0.0,0.0
2024-02-06 12:00:00+09:00,502.0,503.0,500.0,502.0,86800,0.0,0.0
2024-02-06 13:00:00+09:00,503.0,503.0,499.0,499.0,12600,0.0,0.0
2024-02-06 14:00:00+09:00,499.0,500.0,498.0,500.0,17600,0.0,0.0
2024-02-07 09:00:00+09:00,495.0,501.0,494.0,496.0,33300,0.0,0.0
2024-02-07 10:00:00+09:00,497.0,500.0,496.0,497.0,19200,0.0,0.0
2024-02-07 11:00:00+09:00,499.0,500.0,498.0,498.0,0,0.0,0.0
2024-02-07 12:00:00+09:00,498.0,499.0,495.0,495.0,89000,0.0,0.0
2024-02-07 13:00:00+09:00,496.0,499.0,496.0,498.0,6600,0.0,0.0
2024-02-07 14:00:00+09:00,498.0,501.0,498.0,498.0,20300,0.0,0.0
2024-02-08 09:00:00+09:00,497.0,497.0,492.0,492.0,0,0.0,0.0
2024-02-08 10:00:00+09:00,491.0,494.0,491.0,492.0,56100,0.0,0.0
2024-02-08 11:00:00+09:00,492.0,493.0,492.0,492.0,0,0.0,0.0
2024-02-08 12:00:00+09:00,492.0,504.0,492.0,501.0,89500,0.0,0.0
2024-02-08 13:00:00+09:00,501.0,503.0,500.0,501.0,6400,0.0,0.0
2024-02-08 14:00:00+09:00,500.0,502.0,498.0,498.0,15100,0.0,0.0
2024-02-09 09:00:00+09:00,494.0,503.0,494.0,501.0,32700,0.0,0.0
2024-02-09 10:00:00+09:00,500.0,503.0,499.0,499.0,14400,0.0,0.0
2024-02-09 11:00:00+09:00,501.0,501.0,500.0,500.0,0,0.0,0.0
2024-02-09 12:00:00+09:00,500.0,501.0,498.0,501.0,58000,0.0,0.0
2024-02-09 13:00:00+09:00,501.0,501.0,495.0,495.0,14400,0.0,0.0
2024-02-09 14:00:00+09:00,494.0,500.0,494.0,495.0,23300,0.0,0.0
2024-02-13 09:00:00+09:00,499.0,501.0,494.0,496.0,36000,0.0,0.0
2024-02-13 10:00:00+09:00,496.0,498.0,493.0,497.0,7700,0.0,0.0
2024-02-13 11:00:00+09:00,497.0,498.0,495.0,498.0,0,0.0,0.0
2024-02-13 12:00:00+09:00,498.0,503.0,497.0,502.0,87500,0.0,0.0
2024-02-13 13:00:00+09:00,503.0,507.0,500.0,506.0,60700,0.0,0.0
2024-02-13 14:00:00+09:00,506.0,507.0,503.0,507.0,50900,0.0,0.0
2024-02-14 09:00:00+09:00,498.0,503.0,496.0,499.0,37900,0.0,0.0
2024-02-14 10:00:00+09:00,499.0,505.0,499.0,504.0,20200,0.0,0.0
2024-02-14 11:00:00+09:00,503.0,508.0,502.0,508.0,0,0.0,0.0
2024-02-14 12:00:00+09:00,506.0,514.0,504.0,513.0,123800,0.0,0.0
2024-02-14 13:00:00+09:00,513.0,515.0,506.0,510.0,38300,0.0,0.0
2024-02-14 14:00:00+09:00,510.0,520.0,510.0,518.0,53800,0.0,0.0
2024-02-15 09:00:00+09:00,523.0,523.0,508.0,508.0,30200,0.0,0.0
2024-02-15 10:00:00+09:00,510.0,521.0,508.0,519.0,41900,0.0,0.0
2024-02-15 11:00:00+09:00,520.0,522.0,514.0,514.0,0,0.0,0.0
2024-02-15 12:00:00+09:00,513.0,518.0,510.0,515.0,89300,0.0,0.0
2024-02-15 13:00:00+09:00,515.0,515.0,510.0,514.0,38800,0.0,0.0
2024-02-15 14:00:00+09:00,514.0,514.0,505.0,505.0,19500,0.0,0.0
2024-02-16 09:00:00+09:00,507.0,524.0,507.0,518.0,84500,0.0,0.0
2024-02-16 10:00:00+09:00,518.0,522.0,513.0,514.0,11800,0.0,0.0
2024-02-16 11:00:00+09:00,513.0,520.0,513.0,517.0,0,0.0,0.0
2024-02-16 12:00:00+09:00,520.0,523.0,514.0,516.0,147300,0.0,0.0
2024-02-16 13:00:00+09:00,517.0,520.0,511.0,513.0,38400,0.0,0.0
2024-02-16 14:00:00+09:00,513.0,518.0,512.0,515.0,43000,0.0,0.0
2024-02-19 09:00:00+09:00,511.0,516.0,506.0,509.0,43600,0.0,0.0
2024-02-19 10:00:00+09:00,508.0,512.0,500.0,506.0,69200,0.0,0.0
2024-02-19 11:00:00+09:00,506.0,507.0,505.0,505.0,0,0.0,0.0
2024-02-19 12:00:00+09:00,505.0,508.0,504.0,507.0,120200,0.0,0.0
2024-02-19 13:00:00+09:00,504.0,506.0,503.0,505.0,3900,0.0,0.0
2024-02-19 14:00:00+09:00,505.0,508.0,501.0,504.0,29400,0.0,0.0
2024-02-20 09:00:00+09:00,510.0,516.0,497.0,505.0,66600,0.0,0.0
2024-02-20 10:00:00+09:00,504.0,512.0,504.0,509.0,49100,0.0,0.0
2024-02-20 11:00:00+09:00,508.0,509.0,507.0,508.0,0,0.0,0.0
2024-02-20 12:00:00+09:00,508.0,512.0,508.0,512.0,127900,0.0,0.0
2024-02-20 13:00:00+09:00,511.0,515.0,510.0,510.0,24700,0.0,0.0
2024-02-20 14:00:00+09:00,512.0,514.0,508.0,509.0,26100,0.0,0.0
2024-02-21 09:00:00+09:00,504.0,506.0,499.0,501.0,32600,0.0,0.0
2024-02-21 10:00:00+09:00,501.0,501.0,497.0,499.0,28700,0.0,0.0
2024-02-21 11:00:00+09:00,500.0,500.0,499.0,499.0,0,0.0,0.0
2024-02-21 12:00:00+09:00,499.0,502.0,497.0,500.0,81600,0.0,0.0
2024-02-21 13:00:00+09:00,501.0,503.0,500.0,500.0,14000,0.0,0.0
2024-02-21 14:00:00+09:00,501.0,501.0,499.0,500.0,6900,0.0,0.0
2024-02-22 09:00:00+09:00,502.0,504.0,493.0,498.0,82400,0.0,0.0
2024-02-22 10:00:00+09:00,497.0,500.0,495.0,497.0,10700,0.0,0.0
2024-02-22 11:00:00+09:00,497.0,500.0,497.0,497.0,0,0.0,0.0
2024-02-22 12:00:00+09:00,498.0,498.0,495.0,496.0,106200,0.0,0.0
2024-02-22 13:00:00+09:00,496.0,499.0,491.0,498.0,42600,0.0,0.0
2024-02-22 14:00:00+09:00,498.0,501.0,497.0,498.0,25900,0.0,0.0
2024-02-26 09:00:00+09:00,502.0,505.0,496.0,501.0,49700,0.0,0.0
2024-02-26 10:00:00+09:00,501.0,503.0,499.0,501.0,15300,0.0,0.0
2024-02-26 11:00:00+09:00,500.0,502.0,499.0,502.0,0,0.0,0.0
2024-02-26 12:00:00+09:00,500.0,505.0,500.0,504.0,83600,0.0,0.0
2024-02-26 13:00:00+09:00,502.0,504.0,502.0,504.0,13000,0.0,0.0
2024-02-26 14:00:00+09:00,502.0,504.0,502.0,502.0,11900,0.0,0.0
2024-02-27 09:00:00+09:00,507.0,512.0,501.0,501.0,34300,0.0,0.0
2024-02-27 10:00:00+09:00,501.0,501.0,499.0,500.0,10200,0.0,0.0
2024-02-27 11:00:00+09:00,500.0,500.0,496.0,497.0,0,0.0,0.0
2024-02-27 12:00:00+09:00,498.0,499.0,496.0,499.0,82400,0.0,0.0
2024-02-27 13:00:00+09:00,500.0,504.0,499.0,502.0,21300,0.0,0.0
2024-02-27 14:00:00+09:00,504.0,504.0,500.0,500.0,10100,0.0,0.0
2024-02-28 09:00:00+09:00,499.0,509.0,498.0,507.0,62400,0.0,0.0
2024-02-28 10:00:00+09:00,507.0,507.0,504.0,506.0,17000,0.0,0.0
2024-02-28 11:00:00+09:00,505.0,505.0,503.0,503.0,0,0.0,0.0
2024-02-28 12:00:00+09:00,503.0,505.0,500.0,503.0,94600,0.0,0.0
2024-02-28 13:00:00+09:00,502.0,502.0,501.0,502.0,1700,0.0,0.0
2024-02-28 14:00:00+09:00,503.0,506.0,502.0,502.0,13600,0.0,0.0
2024-02-29 09:00:00+09:00,516.0,517.0,506.0,509.0,76800,0.0,0.0
2024-02-29 10:00:00+09:00,510.0,516.0,505.0,515.0,47800,0.0,0.0
2024-02-29 11:00:00+09:00,516.0,534.0,516.0,532.0,0,0.0,0.0
2024-02-29 12:00:00+09:00,533.0,540.0,527.0,532.0,386000,0.0,0.0
2024-02-29 13:00:00+09:00,533.0,535.0,514.0,528.0,165500,0.0,0.0
2024-02-29 14:00:00+09:00,527.0,535.0,527.0,532.0,67000,0.0,0.0
2024-03-01 09:00:00+09:00,527.0,533.0,523.0,527.0,70600,0.0,0.0
2024-03-01 10:00:00+09:00,526.0,527.0,518.0,521.0,43800,0.0,0.0
2024-03-01 11:00:00+09:00,521.0,525.0,520.0,523.0,0,0.0,0.0
2024-03-01 12:00:00+09:00,523.0,530.0,522.0,525.0,166400,0.0,0.0
2024-03-01 13:00:00+09:00,528.0,529.0,526.0,526.0,7900,0.0,0.0
2024-03-01 14:00:00+09:00,526.0,527.0,522.0,526.0,35800,0.0,0.0
2024-03-04 09:00:00+09:00,521.0,521.0,505.0,511.0,0,0.0,0.0
2024-03-04 10:00:00+09:00,512.0,514.0,510.0,511.0,120700,0.0,0.0
2024-03-04 11:00:00+09:00,511.0,513.0,511.0,513.0,0,0.0,0.0
2024-03-04 12:00:00+09:00,512.0,512.0,508.0,508.0,162000,0.0,0.0
2024-03-04 13:00:00+09:00,508.0,509.0,499.0,504.0,89500,0.0,0.0
2024-03-04 14:00:00+09:00,505.0,506.0,503.0,503.0,11100,0.0,0.0
2024-03-05 09:00:00+09:00,535.0,547.0,514.0,516.0,324900,0.0,0.0
2024-03-05 10:00:00+09:00,516.0,525.0,514.0,518.0,108600,0.0,0.0
2024-03-05 11:00:00+09:00,518.0,519.0,517.0,518.0,0,0.0,0.0
2024-03-05 12:00:00+09:00,518.0,525.0,518.0,525.0,463500,0.0,0.0
2024-03-05 13:00:00+09:00,525.0,532.0,520.0,525.0,99600,0.0,0.0
2024-03-05 14:00:00+09:00,523.0,524.0,518.0,520.0,66900,0.0,0.0
2024-03-06 09:00:00+09:00,516.0,536.0,513.0,530.0,153900,0.0,0.0
2024-03-06 10:00:00+09:00,529.0,533.0,521.0,525.0,54100,0.0,0.0
2024-03-06 11:00:00+09:00,526.0,527.0,524.0,525.0,0,0.0,0.0
2024-03-06 12:00:00+09:00,527.0,528.0,524.0,528.0,230000,0.0,0.0
2024-03-06 13:00:00+09:00,526.0,531.0,521.0,529.0,74600,0.0,0.0
2024-03-06 14:00:00+09:00,529.0,530.0,526.0,526.0,59200,0.0,0.0
2024-03-07 09:00:00+09:00,530.0,531.0,521.0,525.0,50400,0.0,0.0
2024-03-07 10:00:00+09:00,525.0,525.0,517.0,522.0,89600,0.0,0.0
2024-03-07 11:00:00+09:00,520.0,520.0,513.0,520.0,0,0.0,0.0
2024-03-07 12:00:00+09:00,516.0,517.0,512.0,513.0,203000,0.0,0.0
2024-03-07 13:00:00+09:00,514.0,517.0,513.0,514.0,6600,0.0,0.0
2024-03-07 14:00:00+09:00,514.0,514.0,511.0,512.0,15700,0.0,0.0
2024-03-08 09:00:00+09:00,510.0,521.0,510.0,515.0,0,0.0,0.0
2024-03-08 10:00:00+09:00,515.0,515.0,513.0,514.0,53000,0.0,0.0
2024-03-08 11:00:00+09:00,514.0,515.0,512.0,515.0,0,0.0,0.0
2024-03-08 12:00:00+09:00,513.0,521.0,513.0,518.0,79500,0.0,0.0
2024-03-08 13:00:00+09:00,517.0,521.0,513.0,513.0,19100,0.0,0.0
2024-03-08 14:00:00+09:00,516.0,516.0,511.0,513.0,24200,0.0,0.0
2024-03-11 09:00:00+09:00,507.0,508.0,499.0,501.0,77400,0.0,0.0
2024-03-11 10:00:00+09:00,500.0,500.0,496.0,497.0,45100,0.0,0.0
2024-03-11 11:00:00+09:00,497.0,498.0,497.0,498.0,0,0.0,0.0
2024-03-11 12:00:00+09:00,498.0,499.0,497.0,498.0,136200,0.0,0.0
2024-03-11 13:00:00+09:00,497.0,500.0,496.0,499.0,28900,0.0,0.0
2024-03-11 14:00:00+09:00,499.0,504.0,499.0,504.0,10300,0.0,0.0
2024-03-12 09:00:00+09:00,498.0,504.0,494.0,498.0,78100,0.0,0.0
2024-03-12 10:00:00+09:00,497.0,498.0,495.0,497.0,9100,0.0,0.0
2024-03-12 11:00:00+09:00,497.0,499.0,496.0,497.0,0,0.0,0.0
2024-03-12 12:00:00+09:00,500.0,504.0,498.0,503.0,102400,0.0,0.0
2024-03-12 13:00:00+09:00,502.0,504.0,500.0,502.0,7000,0.0,0.0
2024-03-12 14:00:00+09:00,502.0,506.0,500.0,504.0,23700,0.0,0.0
2024-03-13 09:00:00+09:00,504.0,504.0,474.0,476.0,439600,0.0,0.0
2024-03-13 10:00:00+09:00,475.0,479.0,474.0,477.0,25100,0.0,0.0
2024-03-13 11:00:00+09:00,479.0,481.0,477.0,477.0,0,0.0,0.0
2024-03-13 12:00:00+09:00,476.0,477.0,471.0,473.0,543100,0.0,0.0
2024-03-13 13:00:00+09:00,473.0,475.0,472.0,475.0,31900,0.0,0.0
2024-03-13 14:00:00+09:00,474.0,477.0,472.0,474.0,60400,0.0,0.0
2024-03-14 09:00:00+09:00,472.0,478.0,465.0,466.0,0,0.0,0.0
2024-03-14 10:00:00+09:00,465.0,465.0,459.0,460.0,159400,0.0,0.0
2024-03-14 11:00:00+09:00,461.0,462.0,458.0,462.0,0,0.0,0.0
2024-03-14 12:00:00+09:00,460.0,462.0,458.0,461.0,212900,0.0,0.0
2024-03-14 13:00:00+09:00,462.0,464.0,461.0,463.0,13000,0.0,0.0
2024-03-14 14:00:00+09:00,461.0,466.0,459.0,466.0,25700,0.0,0.0
2024-03-15 09:00:00+09:00,464.0,466.0,453.0,455.0,75200,0.0,0.0
2024-03-15 10:00:00+09:00,455.0,457.0,450.0,454.0,66600,0.0,0.0
2024-03-15 11:00:00+09:00,455.0,456.0,453.0,456.0,0,0.0,0.0
2024-03-15 12:00:00+09:00,453.0,456.0,451.0,452.0,170600,0.0,0.0
2024-03-15 13:00:00+09:00,452.0,453.0,451.0,452.0,0,0.0,0.0
2024-03-15 14:00:00+09:00,452.0,455.0,451.0,452.0,208000,0.0,0.0
2024-03-18 09:00:00+09:00,450.0,456.0,450.0,452.0,0,0.0,0.0
2024-03-18 10:00:00+09:00,453.0,458.0,453.0,457.0,45000,0.0,0.0
2024-03-18 11:00:00+09:00,458.0,462.0,457.0,458.0,0,0.0,0.0
2024-03-18 12:00:00+09:00,461.0,463.0,459.0,461.0,72800,0.0,0.0
2024-03-18 13:00:00+09:00,460.0,464.0,458.0,463.0,17300,0.0,0.0
2024-03-18 14:00:00+09:00,463.0,467.0,461.0,466.0,19500,0.0,0.0
2024-03-19 09:00:00+09:00,469.0,476.0,469.0,473.0,26900,0.0,0.0
2024-03-19 10:00:00+09:00,473.0,475.0,471.0,471.0,11100,0.0,0.0
2024-03-19 11:00:00+09:00,471.0,473.0,470.0,473.0,0,0.0,0.0
2024-03-19 12:00:00+09:00,474.0,474.0,465.0,472.0,76800,0.0,0.0
2024-03-19 13:00:00+09:00,473.0,477.0,471.0,474.0,19600,0.0,0.0
2024-03-19 14:00:00+09:00,475.0,476.0,472.0,472.0,6200,0.0,0.0
2024-03-21 09:00:00+09:00,476.0,479.0,473.0,476.0,24100,0.0,0.0
2024-03-21 10:00:00+09:00,476.0,476.0,471.0,473.0,14500,0.0,0.0
2024-03-21 11:00:00+09:00,473.0,475.0,473.0,475.0,0,0.0,0.0
2024-03-21 12:00:00+09:00,473.0,473.0,469.0,471.0,47000,0.0,0.0
2024-03-21 13:00:00+09:00,472.0,475.0,471.0,472.0,4500,0.0,0.0
2024-03-21 14:00:00+09:00,474.0,474.0,472.0,472.0,4000,0.0,0.0
2024-03-22 09:00:00+09:00,477.0,477.0,463.0,468.0,27000,0.0,0.0
2024-03-22 10:00:00+09:00,469.0,470.0,466.0,467.0,8100,0.0,0.0
2024-03-22 11:00:00+09:00,467.0,467.0,463.0,464.0,0,0.0,0.0
2024-03-22 12:00:00+09:00,464.0,465.0,461.0,464.0,58700,0.0,0.0
2024-03-22 13:00:00+09:00,465.0,467.0,463.0,465.0,10900,0.0,0.0
2024-03-22 14:00:00+09:00,465.0,465.0,463.0,465.0,9200,0.0,0.0
2024-03-25 09:00:00+09:00,465.0,471.0,465.0,471.0,11800,0.0,0.0
2024-03-25 10:00:00+09:00,469.0,471.0,468.0,471.0,5700,0.0,0.0
2024-03-25 11:00:00+09:00,472.0,472.0,470.0,470.0,0,0.0,0.0
2024-03-25 12:00:00+09:00,470.0,470.0,466.0,469.0,36700,0.0,0.0
2024-03-25 13:00:00+09:00,470.0,470.0,466.0,467.0,4100,0.0,0.0
2024-03-25 14:00:00+09:00,466.0,466.0,464.0,464.0,11400,0.0,0.0
2024-03-26 09:00:00+09:00,463.0,470.0,463.0,464.0,276500,0.0,0.0
2024-03-26 10:00:00+09:00,465.0,465.0,464.0,464.0,800,0.0,0.0
2024-03-26 11:00:00+09:00,464.0,464.0,464.0,464.0,0,0.0,0.0
2024-03-26 12:00:00+09:00,463.0,465.0,463.0,464.0,286100,0.0,0.0
2024-03-26 13:00:00+09:00,465.0,466.0,463.0,466.0,3900,0.0,0.0
2024-03-26 14:00:00+09:00,465.0,465.0,462.0,463.0,8500,0.0,0.0
2024-03-27 09:00:00+09:00,462.0,465.0,459.0,465.0,22800,0.0,0.0
2024-03-27 10:00:00+09:00,464.0,466.0,464.0,466.0,1600,0.0,0.0
2024-03-27 11:00:00+09:00,466.0,467.0,466.0,467.0,0,0.0,0.0
2024-03-27 12:00:00+09:00,467.0,469.0,466.0,467.0,36500,0.0,0.0
2024-03-27 13:00:00+09:00,466.0,467.0,465.0,467.0,2900,0.0,0.0
2024-03-27 14:00:00+09:00,467.0,467.0,466.0,466.0,3400,0.0,0.0
2024-03-28 09:00:00+09:00,467.0,475.0,464.0,471.0,42600,0.0,0.0
2024-03-28 10:00:00+09:00,471.0,473.0,471.0,472.0,2300,0.0,0.0
2024-03-28 11:00:00+09:00,472.0,473.0,472.0,472.0,0,0.0,0.0
2024-03-28 12:00:00+09:00,472.0,474.0,472.0,472.0,58200,0.0,0.0
2024-03-28 13:00:00+09:00,472.0,472.0,470.0,471.0,2300,0.0,0.0
2024-03-28 14:00:00+09:00,469.0,470.0,467.0,469.0,10700,0.0,0.0
2024-03-29 09:00:00+09:00,471.0,475.0,468.0,470.0,14100,0.0,0.0
2024-03-29 10:00:00+09:00,471.0,471.0,471.0,471.0,1300,0.0,0.0
2024-03-29 11:00:00+09:00,471.0,472.0,470.0,471.0,0,0.0,0.0
2024-03-29 12:00:00+09:00,470.0,471.0,470.0,471.0,19000,0.0,0.0
2024-03-29 13:00:00+09:00,470.0,474.0,470.0,473.0,7200,0.0,0.0
2024-03-29 14:00:00+09:00,474.0,474.0,472.0,472.0,3300,0.0,0.0
2024-04-01 09:00:00+09:00,470.0,472.0,467.0,469.0,19100,0.0,0.0
2024-04-01 10:00:00+09:00,467.0,468.0,466.0,466.0,5500,0.0,0.0
2024-04-01 11:00:00+09:00,465.0,465.0,461.0,465.0,0,0.0,0.0
2024-04-01 12:00:00+09:00,464.0,465.0,461.0,462.0,50400,0.0,0.0
2024-04-01 13:00:00+09:00,465.0,465.0,463.0,464.0,6100,0.0,0.0
2024-04-01 14:00:00+09:00,462.0,464.0,461.0,461.0,4600,0.0,0.0
2024-04-02 09:00:00+09:00,461.0,463.0,457.0,459.0,33300,0.0,0.0
2024-04-02 10:00:00+09:00,458.0,462.0,454.0,460.0,19300,0.0,0.0
2024-04-02 11:00:00+09:00,457.0,457.0,456.0,456.0,0,0.0,0.0
2024-04-02 12:00:00+09:00,456.0,456.0,454.0,456.0,59000,0.0,0.0
2024-04-02 13:00:00+09:00,456.0,456.0,454.0,454.0,6600,0.0,0.0
2024-04-02 14:00:00+09:00,453.0,457.0,452.0,457.0,17600,0.0,0.0
2024-04-03 09:00:00+09:00,450.0,456.0,449.0,456.0,16600,0.0,0.0
2024-04-03 10:00:00+09:00,455.0,456.0,453.0,453.0,2500,0.0,0.0
2024-04-03 11:00:00+09:00,453.0,453.0,451.0,452.0,0,0.0,0.0
2024-04-03 12:00:00+09:00,452.0,458.0,451.0,457.0,38800,0.0,0.0
2024-04-03 13:00:00+09:00,457.0,457.0,454.0,454.0,2300,0.0,0.0
2024-04-03 14:00:00+09:00,456.0,458.0,452.0,452.0,18200,0.0,0.0
2024-04-04 09:00:00+09:00,456.0,456.0,452.0,452.0,7300,0.0,0.0
2024-04-04 10:00:00+09:00,451.0,452.0,446.0,446.0,20700,0.0,0.0
2024-04-04 11:00:00+09:00,449.0,449.0,448.0,448.0,0,0.0,0.0
2024-04-04 12:00:00+09:00,449.0,453.0,448.0,451.0,34100,0.0,0.0
2024-04-04 13:00:00+09:00,452.0,452.0,450.0,450.0,1900,0.0,0.0
2024-04-04 14:00:00+09:00,449.0,451.0,446.0,449.0,17300,0.0,0.0
2024-04-05 09:00:00+09:00,445.0,446.0,441.0,442.0,27400,0.0,0.0
2024-04-05 10:00:00+09:00,442.0,444.0,433.0,437.0,41300,0.0,0.0
2024-04-05 11:00:00+09:00,436.0,437.0,430.0,430.0,0,0.0,0.0
2024-04-05 12:00:00+09:00,430.0,437.0,430.0,436.0,112100,0.0,0.0
2024-04-05 13:00:00+09:00,436.0,440.0,433.0,438.0,11800,0.0,0.0
2024-04-05 14:00:00+09:00,437.0,441.0,435.0,441.0,7200,0.0,0.0
2024-04-08 09:00:00+09:00,434.0,437.0,433.0,436.0,18100,0.0,0.0
2024-04-08 10:00:00+09:00,435.0,437.0,433.0,435.0,3500,0.0,0.0
2024-04-08 11:00:00+09:00,434.0,439.0,434.0,435.0,0,0.0,0.0
2024-04-08 12:00:00+09:00,439.0,439.0,434.0,434.0,32900,0.0,0.0
2024-04-08 13:00:00+09:00,435.0,441.0,434.0,440.0,16800,0.0,0.0
2024-04-08 14:00:00+09:00,440.0,442.0,435.0,435.0,9000,0.0,0.0
2024-04-09 09:00:00+09:00,443.0,445.0,441.0,443.0,0,0.0,0.0
2024-04-09 10:00:00+09:00,442.0,443.0,440.0,443.0,15400,0.0,0.0
2024-04-09 11:00:00+09:00,442.0,443.0,440.0,442.0,0,0.0,0.0
2024-04-09 12:00:00+09:00,442.0,442.0,440.0,442.0,21000,0.0,0.0
2024-04-09 13:00:00+09:00,442.0,446.0,442.0,445.0,7800,0.0,0.0
2024-04-09 14:00:00+09:00,446.0,446.0,444.0,446.0,19800,0.0,0.0
2024-04-10 09:00:00+09:00,447.0,461.0,447.0,453.0,30800,0.0,0.0
2024-04-10 10:00:00+09:00,454.0,458.0,454.0,456.0,3600,0.0,0.0
2024-04-10 11:00:00+09:00,455.0,455.0,453.0,454.0,0,0.0,0.0
2024-04-10 12:00:00+09:00,456.0,456.0,454.0,454.0,46700,0.0,0.0
2024-04-10 13:00:00+09:00,454.0,458.0,453.0,456.0,5500,0.0,0.0
2024-04-10 14:00:00+09:00,456.0,458.0,454.0,457.0,7400,0.0,0.0
2024-04-11 09:00:00+09:00,449.0,451.0,446.0,449.0,0,0.0,0.0
2024-04-11 10:00:00+09:00,452.0,452.0,449.0,452.0,22100,0.0,0.0
2024-04-11 11:00:00+09:00,451.0,453.0,448.0,453.0,0,0.0,0.0
2024-04-11 12:00:00+09:00,453.0,453.0,451.0,452.0,28700,0.0,0.0
2024-04-11 13:00:00+09:00,453.0,455.0,452.0,453.0,4400,0.0,0.0
2024-04-11 14:00:00+09:00,453.0,453.0,450.0,451.0,3500,0.0,0.0
2024-04-12 09:00:00+09:00,448.0,459.0,443.0,448.0,17700,0.0,0.0
2024-04-12 10:00:00+09:00,448.0,449.0,447.0,447.0,1100,0.0,0.0
2024-04-12 11:00:00+09:00,448.0,448.0,447.0,447.0,0,0.0,0.0
2024-04-12 12:00:00+09:00,447.0,448.0,447.0,448.0,20000,0.0,0.0
2024-04-12 13:00:00+09:00,448.0,448.0,444.0,448.0,16500,0.0,0.0
2024-04-12 14:00:00+09:00,447.0,449.0,446.0,447.0,1900,0.0,0.0
2024-04-15 09:00:00+09:00,438.0,444.0,438.0,440.0,27400,0.0,0.0
2024-04-15 10:00:00+09:00,441.0,442.0,441.0,441.0,1700,0.0,0.0
2024-04-15 11:00:00+09:00,440.0,441.0,438.0,440.0,0,0.0,0.0
2024-04-15 12:00:00+09:00,440.0,441.0,440.0,441.0,32100,0.0,0.0
2024-04-15 13:00:00+09:00,441.0,441.0,440.0,440.0,1500,0.0,0.0
2024-04-15 14:00:00+09:00,440.0,444.0,439.0,439.0,6500,0.0,0.0
2024-04-16 09:00:00+09:00,434.0,438.0,427.0,430.0,37200,0.0,0.0
2024-04-16 10:00:00+09:00,430.0,433.0,430.0,433.0,9500,0.0,0.0
2024-04-16 11:00:00+09:00,432.0,432.0,432.0,432.0,0,0.0,0.0
2024-04-16 12:00:00+09:00,432.0,434.0,432.0,433.0,50700,0.0,0.0
2024-04-16 13:00:00+09:00,432.0,432.0,430.0,432.0,8800,0.0,0.0
2024-04-16 14:00:00+09:00,431.0,434.0,430.0,432.0,7900,0.0,0.0
2024-04-17 09:00:00+09:00,434.0,434.0,425.0,429.0,0,0.0,0.0
2024-04-17 10:00:00+09:00,427.0,428.0,425.0,428.0,34800,0.0,0.0
2024-04-17 11:00:00+09:00,428.0,428.0,425.0,425.0,0,0.0,0.0
2024-04-17 12:00:00+09:00,426.0,429.0,425.0,425.0,44500,0.0,0.0
2024-04-17 13:00:00+09:00,425.0,427.0,425.0,426.0,4000,0.0,0.0
2024-04-17 14:00:00+09:00,425.0,431.0,424.0,426.0,9600,0.0,0.0
2024-04-18 09:00:00+09:00,427.0,439.0,426.0,438.0,18100,0.0,0.0
2024-04-18 10:00:00+09:00,439.0,442.0,437.0,440.0,6500,0.0,0.0
2024-04-18 11:00:00+09:00,441.0,442.0,441.0,442.0,0,0.0,0.0
2024-04-18 12:00:00+09:00,442.0,447.0,442.0,443.0,30400,0.0,0.0
2024-04-18 13:00:00+09:00,444.0,444.0,440.0,442.0,3900,0.0,0.0
2024-04-18 14:00:00+09:00,440.0,444.0,440.0,443.0,6100,0.0,0.0
2024-04-19 09:00:00+09:00,440.0,441.0,435.0,435.0,4900,0.0,0.0
2024-04-19 10:00:00+09:00,436.0,436.0,430.0,431.0,2900,0.0,0.0
2024-04-19 11:00:00+09:00,431.0,431.0,429.0,430.0,0,0.0,0.0
2024-04-19 12:00:00+09:00,428.0,432.0,426.0,432.0,17600,0.0,0.0
2024-04-19 13:00:00+09:00,433.0,434.0,430.0,431.0,3200,0.0,0.0
2024-04-19 14:00:00+09:00,432.0,432.0,428.0,428.0,2900,0.0,0.0
2024-04-22 09:00:00+09:00,427.0,438.0,427.0,435.0,13200,0.0,0.0
2024-04-22 10:00:00+09:00,433.0,436.0,433.0,434.0,3000,0.0,0.0
2024-04-22 11:00:00+09:00,436.0,441.0,436.0,441.0,0,0.0,0.0
2024-04-22 12:00:00+09:00,441.0,441.0,438.0,438.0,27900,0.0,0.0
2024-04-22 13:00:00+09:00,438.0,438.0,437.0,437.0,900,0.0,0.0
2024-04-22 14:00:00+09:00,438.0,438.0,437.0,437.0,1400,0.0,0.0
2024-04-23 09:00:00+09:00,439.0,440.0,436.0,437.0,2400,0.0,0.0
2024-04-23 10:00:00+09:00,437.0,438.0,435.0,435.0,2200,0.0,0.0
2024-04-23 11:00:00+09:00,434.0,437.0,432.0,437.0,0,0.0,0.0
2024-04-23 12:00:00+09:00,433.0,436.0,433.0,436.0,14100,0.0,0.0
2024-04-23 13:00:00+09:00,436.0,436.0,436.0,436.0,1300,0.0,0.0
2024-04-23 14:00:00+09:00,435.0,439.0,435.0,437.0,3800,0.0,0.0
2024-04-24 09:00:00+09:00,436.0,444.0,436.0,443.0,10600,0.0,0.0
2024-04-24 10:00:00+09:00,443.0,450.0,441.0,446.0,9800,0.0,0.0
2024-04-24 11:00:00+09:00,447.0,448.0,447.0,448.0,0,0.0,0.0
2024-04-24 12:00:00+09:00,445.0,450.0,445.0,450.0,23900,0.0,0.0
2024-04-24 13:00:00+09:00,447.0,452.0,447.0,451.0,4700,0.0,0.0
2024-04-24 14:00:00+09:00,450.0,451.0,446.0,446.0,4100,0.0,0.0
2024-04-25 09:00:00+09:00,445.0,454.0,440.0,452.0,23100,0.0,0.0
2024-04-25 10:00:00+09:00,449.0,449.0,446.0,446.0,800,0.0,0.0
2024-04-25 11:00:00+09:00,446.0,448.0,446.0,448.0,0,0.0,0.0
2024-04-25 12:00:00+09:00,448.0,453.0,448.0,453.0,31200,0.0,0.0
2024-04-25 13:00:00+09:00,451.0,452.0,450.0,452.0,700,0.0,0.0
2024-04-25 14:00:00+09:00,450.0,451.0,449.0,451.0,10600,0.0,0.0
2024-04-26 09:00:00+09:00,450.0,455.0,450.0,452.0,0,0.0,0.0
2024-04-26 10:00:00+09:00,448.0,454.0,445.0,451.0,20100,0.0,0.0
2024-04-26 11:00:00+09:00,452.0,452.0,452.0,452.0,0,0.0,0.0
2024-04-26 12:00:00+09:00,453.0,459.0,453.0,456.0,38000,0.0,0.0
2024-04-26 13:00:00+09:00,453.0,454.0,453.0,454.0,400,0.0,0.0
2024-04-26 14:00:00+09:00,454.0,454.0,453.0,453.0,2200,0.0,0.0
2024-04-30 09:00:00+09:00,454.0,457.0,454.0,456.0,3600,0.0,0.0
2024-04-30 10:00:00+09:00,456.0,456.0,442.0,447.0,32200,0.0,0.0
2024-04-30 11:00:00+09:00,448.0,450.0,446.0,447.0,0,0.0,0.0
2024-04-30 12:00:00+09:00,447.0,450.0,447.0,449.0,57400,0.0,0.0
2024-04-30 13:00:00+09:00,453.0,453.0,451.0,451.0,600,0.0,0.0
2024-04-30 14:00:00+09:00,450.0,453.0,449.0,450.0,4800,0.0,0.0
2024-05-01 09:00:00+09:00,452.0,457.0,448.0,451.0,12500,0.0,0.0
2024-05-01 10:00:00+09:00,451.0,451.0,450.0,450.0,300,0.0,0.0
2024-05-01 11:00:00+09:00,450.0,450.0,450.0,450.0,0,0.0,0.0
2024-05-01 12:00:00+09:00,451.0,452.0,450.0,451.0,16500,0.0,0.0
2024-05-01 13:00:00+09:00,450.0,450.0,449.0,449.0,3800,0.0,0.0
2024-05-01 14:00:00+09:00,450.0,450.0,449.0,450.0,1300,0.0,0.0
2024-05-02 09:00:00+09:00,454.0,455.0,451.0,454.0,2600,0.0,0.0
2024-05-02 10:00:00+09:00,455.0,455.0,451.0,453.0,4000,0.0,0.0
2024-05-02 11:00:00+09:00,453.0,454.0,453.0,454.0,0,0.0,0.0
2024-05-02 12:00:00+09:00,454.0,454.0,452.0,452.0,8000,0.0,0.0
2024-05-02 13:00:00+09:00,454.0,459.0,454.0,458.0,6600,0.0,0.0
2024-05-02 14:00:00+09:00,457.0,458.0,455.0,458.0,2900,0.0,0.0
2024-05-07 09:00:00+09:00,458.0,468.0,458.0,463.0,17700,0.0,0.0
2024-05-07 10:00:00+09:00,464.0,468.0,463.0,468.0,10200,0.0,0.0
2024-05-07 11:00:00+09:00,468.0,470.0,467.0,468.0,0,0.0,0.0
2024-05-07 12:00:00+09:00,467.0,476.0,466.0,471.0,57100,0.0,0.0
2024-05-07 13:00:00+09:00,471.0,482.0,471.0,476.0,29800,0.0,0.0
2024-05-07 14:00:00+09:00,475.0,482.0,474.0,475.0,20900,0.0,0.0
2024-05-08 09:00:00+09:00,477.0,481.0,472.0,474.0,25700,0.0,0.0
2024-05-08 10:00:00+09:00,476.0,479.0,476.0,479.0,3600,0.0,0.0
2024-05-08 11:00:00+09:00,477.0,478.0,466.0,467.0,0,0.0,0.0
2024-05-08 12:00:00+09:00,472.0,473.0,470.0,471.0,43400,0.0,0.0
2024-05-08 13:00:00+09:00,471.0,472.0,466.0,472.0,10100,0.0,0.0
2024-05-08 14:00:00+09:00,470.0,472.0,469.0,472.0,1900,0.0,0.0
2024-05-09 09:00:00+09:00,470.0,472.0,466.0,468.0,0,0.0,0.0
2024-05-09 10:00:00+09:00,468.0,472.0,466.0,470.0,15300,0.0,0.0
2024-05-09 11:00:00+09:00,470.0,470.0,468.0,470.0,0,0.0,0.0
2024-05-09 12:00:00+09:00,470.0,470.0,469.0,469.0,18200,0.0,0.0
2024-05-09 13:00:00+09:00,472.0,479.0,472.0,476.0,16900,0.0,0.0
2024-05-09 14:00:00+09:00,476.0,479.0,475.0,477.0,10200,0.0,0.0
2024-05-10 09:00:00+09:00,483.0,487.0,479.0,487.0,28300,0.0,0.0
2024-05-10 10:00:00+09:00,488.0,498.0,485.0,495.0,38900,0.0,0.0
2024-05-10 11:00:00+09:00,495.0,497.0,491.0,491.0,0,0.0,0.0
2024-05-10 12:00:00+09:00,492.0,494.0,490.0,491.0,79900,0.0,0.0
2024-05-10 13:00:00+09:00,492.0,495.0,492.0,494.0,3600,0.0,0.0
2024-05-10 14:00:00+09:00,493.0,497.0,490.0,495.0,29100,0.0,0.0
2024-05-13 09:00:00+09:00,490.0,497.0,490.0,495.0,15500,0.0,0.0
2024-05-13 10:00:00+09:00,496.0,496.0,494.0,495.0,6500,0.0,0.0
2024-05-13 11:00:00+09:00,495.0,498.0,495.0,496.0,0,0.0,0.0
2024-05-13 12:00:00+09:00,497.0,507.0,497.0,507.0,64200,0.0,0.0
2024-05-13 13:00:00+09:00,505.0,506.0,503.0,504.0,9300,0.0,0.0
2024-05-13 14:00:00+09:00,503.0,506.0,503.0,505.0,7800,0.0,0.0
2024-05-14 09:00:00+09:00,507.0,523.0,507.0,517.0,69700,0.0,0.0
2024-05-14 10:00:00+09:00,520.0,527.0,516.0,527.0,41800,0.0,0.0
2024-05-14 11:00:00+09:00,524.0,527.0,523.0,523.0,0,0.0,0.0
2024-05-14 12:00:00+09:00,523.0,531.0,519.0,527.0,145600,0.0,0.0
2024-05-14 13:00:00+09:00,528.0,530.0,526.0,526.0,21200,0.0,0.0
2024-05-14 14:00:00+09:00,525.0,526.0,524.0,524.0,16200,0.0,0.0
2024-05-15 09:00:00+09:00,528.0,537.0,527.0,528.0,52800,0.0,0.0
2024-05-15 10:00:00+09:00,528.0,528.0,512.0,522.0,65200,0.0,0.0
2024-05-15 11:00:00+09:00,518.0,518.0,515.0,516.0,0,0.0,0.0
2024-05-15 12:00:00+09:00,516.0,516.0,508.0,508.0,144100,0.0,0.0
2024-05-15 13:00:00+09:00,511.0,518.0,511.0,515.0,12500,0.0,0.0
2024-05-15 14:00:00+09:00,516.0,517.0,515.0,515.0,5500,0.0,0.0
2024-05-16 09:00:00+09:00,514.0,518.0,506.0,508.0,43600,0.0,0.0
2024-05-16 10:00:00+09:00,511.0,513.0,506.0,509.0,14600,0.0,0.0
2024-05-16 11:00:00+09:00,511.0,514.0,510.0,513.0,0,0.0,0.0
2024-05-16 12:00:00+09:00,512.0,512.0,510.0,510.0,74600,0.0,0.0
2024-05-16 13:00:00+09:00,510.0,512.0,507.0,507.0,8900,0.0,0.0
2024-05-16 14:00:00+09:00,509.0,511.0,509.0,511.0,5000,0.0,0.0
2024-05-17 09:00:00+09:00,508.0,519.0,507.0,519.0,18600,0.0,0.0
2024-05-17 10:00:00+09:00,519.0,519.0,513.0,517.0,9200,0.0,0.0
2024-05-17 11:00:00+09:00,517.0,521.0,517.0,521.0,0,0.0,0.0
2024-05-17 12:00:00+09:00,521.0,530.0,521.0,524.0,57900,0.0,0.0
2024-05-17 13:00:00+09:00,523.0,526.0,523.0,524.0,3300,0.0,0.0
2024-05-17 14:00:00+09:00,522.0,522.0,511.0,514.0,29100,0.0,0.0
2024-05-20 09:00:00+09:00,509.0,528.0,509.0,520.0,24500,0.0,0.0
2024-05-20 10:00:00+09:00,519.0,521.0,517.0,517.0,11700,0.0,0.0
2024-05-20 11:00:00+09:00,517.0,517.0,511.0,511.0,0,0.0,0.0
2024-05-20 12:00:00+09:00,510.0,511.0,508.0,508.0,57400,0.0,0.0
2024-05-20 13:00:00+09:00,508.0,511.0,501.0,506.0,13800,0.0,0.0
2024-05-20 14:00:00+09:00,505.0,508.0,495.0,506.0,53600,0.0,0.0
2024-05-21 09:00:00+09:00,501.0,509.0,499.0,504.0,14900,0.0,0.0
2024-05-21 10:00:00+09:00,505.0,506.0,504.0,504.0,3800,0.0,0.0
2024-05-21 11:00:00+09:00,504.0,505.0,504.0,505.0,0,0.0,0.0
2024-05-21 12:00:00+09:00,506.0,506.0,504.0,504.0,20100,0.0,0.0
2024-05-21 13:00:00+09:00,506.0,507.0,501.0,507.0,35900,0.0,0.0
2024-05-21 14:00:00+09:00,505.0,506.0,503.0,505.0,4400,0.0,0.0
2024-05-22 09:00:00+09:00,498.0,505.0,496.0,502.0,39700,0.0,0.0
2024-05-22 10:00:00+09:00,501.0,501.0,495.0,498.0,8200,0.0,0.0
2024-05-22 11:00:00+09:00,496.0,496.0,490.0,493.0,0,0.0,0.0
2024-05-22 12:00:00+09:00,492.0,494.0,491.0,493.0,59600,0.0,0.0
2024-05-22 13:00:00+09:00,493.0,494.0,492.0,494.0,4500,0.0,0.0
2024-05-22 14:00:00+09:00,493.0,494.0,493.0,493.0,1600,0.0,0.0
2024-05-23 09:00:00+09:00,500.0,509.0,499.0,507.0,42400,0.0,0.0
2024-05-23 10:00:00+09:00,507.0,509.0,500.0,502.0,23300,0.0,0.0
2024-05-23 11:00:00+09:00,504.0,506.0,502.0,506.0,0,0.0,0.0
2024-05-23 12:00:00+09:00,504.0,506.0,504.0,506.0,87600,0.0,0.0
2024-05-23 13:00:00+09:00,505.0,508.0,504.0,508.0,17000,0.0,0.0
2024-05-23 14:00:00+09:00,507.0,510.0,504.0,508.0,30900,0.0,0.0
2024-05-24 09:00:00+09:00,502.0,514.0,501.0,512.0,58500,0.0,0.0
2024-05-24 10:00:00+09:00,513.0,513.0,509.0,509.0,3000,0.0,0.0
2024-05-24 11:00:00+09:00,511.0,518.0,511.0,518.0,0,0.0,0.0
2024-05-24 12:00:00+09:00,519.0,519.0,516.0,518.0,94100,0.0,0.0
2024-05-24 13:00:00+09:00,518.0,518.0,510.0,513.0,12900,0.0,0.0
2024-05-24 14:00:00+09:00,514.0,516.0,511.0,516.0,11600,0.0,0.0
2024-05-27 09:00:00+09:00,517.0,534.0,515.0,531.0,67300,0.0,0.0
2024-05-27 10:00:00+09:00,530.0,531.0,525.0,531.0,23300,0.0,0.0
2024-05-27 11:00:00+09:00,532.0,532.0,526.0,526.0,0,0.0,0.0
2024-05-27 12:00:00+09:00,527.0,527.0,521.0,522.0,110300,0.0,0.0
2024-05-27 13:00:00+09:00,522.0,527.0,521.0,526.0,12900,0.0,0.0
2024-05-27 14:00:00+09:00,527.0,528.0,523.0,525.0,12500,0.0,0.0
2024-05-28 09:00:00+09:00,523.0,523.0,518.0,519.0,30900,0.0,0.0
2024-05-28 10:00:00+09:00,518.0,519.0,515.0,517.0,20500,0.0,0.0
2024-05-28 11:00:00+09:00,517.0,519.0,516.0,516.0,0,0.0,0.0
2024-05-28 12:00:00+09:00,514.0,515.0,510.0,512.0,81100,0.0,0.0
2024-05-28 13:00:00+09:00,513.0,519.0,513.0,518.0,9100,0.0,0.0
2024-05-28 14:00:00+09:00,518.0,521.0,516.0,520.0,10500,0.0,0.0
2024-05-29 09:00:00+09:00,529.0,567.0,521.0,545.0,447900,0.0,0.0
2024-05-29 10:00:00+09:00,545.0,548.0,520.0,520.0,145400,0.0,0.0
2024-05-29 11:00:00+09:00,521.0,533.0,521.0,531.0,0,0.0,0.0
2024-05-29 12:00:00+09:00,535.0,538.0,535.0,538.0,634600,0.0,0.0
2024-05-29 13:00:00+09:00,536.0,536.0,525.0,526.0,46700,0.0,0.0
2024-05-29 14:00:00+09:00,526.0,531.0,520.0,531.0,46100,0.0,0.0
2024-05-30 09:00:00+09:00,526.0,532.0,498.0,505.0,107000,0.0,0.0
2024-05-30 10:00:00+09:00,506.0,512.0,502.0,507.0,26200,0.0,0.0
2024-05-30 11:00:00+09:00,508.0,508.0,505.0,505.0,0,0.0,0.0
2024-05-30 12:00:00+09:00,509.0,510.0,506.0,509.0,148800,0.0,0.0
2024-05-30 13:00:00+09:00,509.0,519.0,508.0,519.0,33600,0.0,0.0
2024-05-30 14:00:00+09:00,514.0,515.0,506.0,509.0,50100,0.0,0.0
2024-05-31 09:00:00+09:00,509.0,526.0,509.0,526.0,0,0.0,0.0
2024-05-31 10:00:00+09:00,527.0,543.0,525.0,543.0,61000,0.0,0.0
2024-05-31 11:00:00+09:00,540.0,543.0,527.0,535.0,0,0.0,0.0
2024-05-31 12:00:00+09:00,538.0,538.0,522.0,531.0,136500,0.0,0.0
2024-05-31 13:00:00+09:00,529.0,539.0,526.0,533.0,23200,0.0,0.0
2024-05-31 14:00:00+09:00,534.0,542.0,530.0,539.0,45300,0.0,0.0
2024-06-03 09:00:00+09:00,543.0,551.0,518.0,521.0,100900,0.0,0.0
2024-06-03 10:00:00+09:00,521.0,540.0,517.0,526.0,38200,0.0,0.0
2024-06-03 11:00:00+09:00,526.0,529.0,524.0,524.0,0,0.0,0.0
2024-06-03 12:00:00+09:00,525.0,536.0,525.0,529.0,157900,0.0,0.0
2024-06-03 13:00:00+09:00,529.0,533.0,525.0,526.0,22600,0.0,0.0
2024-06-03 14:00:00+09:00,526.0,530.0,526.0,528.0,8600,0.0,0.0
2024-06-04 09:00:00+09:00,530.0,545.0,525.0,544.0,39100,0.0,0.0
2024-06-04 10:00:00+09:00,544.0,545.0,540.0,541.0,19100,0.0,0.0
2024-06-04 11:00:00+09:00,540.0,546.0,536.0,545.0,0,0.0,0.0
2024-06-04 12:00:00+09:00,545.0,545.0,540.0,541.0,87100,0.0,0.0
2024-06-04 13:00:00+09:00,540.0,541.0,538.0,540.0,0,0.0,0.0
2024-06-04 14:00:00+09:00,540.0,540.0,528.0,535.0,111800,0.0,0.0
2024-06-05 09:00:00+09:00,526.0,530.0,518.0,518.0,31000,0.0,0.0
2024-06-05 10:00:00+09:00,519.0,520.0,516.0,517.0,6300,0.0,0.0
2024-06-05 11:00:00+09:00,516.0,518.0,516.0,518.0,0,0.0,0.0
2024-06-05 12:00:00+09:00,517.0,518.0,516.0,517.0,43200,0.0,0.0
2024-06-05 13:00:00+09:00,517.0,518.0,514.0,514.0,5800,0.0,0.0
2024-06-05 14:00:00+09:00,514.0,517.0,513.0,513.0,8600,0.0,0.0
2024-06-06 09:00:00+09:00,514.0,516.0,513.0,514.0,8100,0.0,0.0
2024-06-06 10:00:00+09:00,515.0,518.0,515.0,518.0,6100,0.0,0.0
2024-06-06 11:00:00+09:00,517.0,517.0,515.0,515.0,0,0.0,0.0
2024-06-06 12:00:00+09:00,515.0,516.0,515.0,515.0,15500,0.0,0.0
2024-06-06 13:00:00+09:00,515.0,515.0,514.0,514.0,3400,0.0,0.0
2024-06-06 14:00:00+09:00,513.0,513.0,506.0,506.0,20300,0.0,0.0
2024-06-07 09:00:00+09:00,506.0,519.0,504.0,517.0,19800,0.0,0.0
2024-06-07 10:00:00+09:00,517.0,518.0,514.0,517.0,4700,0.0,0.0
2024-06-07 11:00:00+09:00,517.0,518.0,516.0,517.0,0,0.0,0.0
2024-06-07 12:00:00+09:00,516.0,520.0,516.0,517.0,34700,0.0,0.0
2024-06-07 13:00:00+09:00,516.0,523.0,515.0,522.0,8700,0.0,0.0
2024-06-07 14:00:00+09:00,523.0,524.0,518.0,523.0,11500,0.0,0.0
2024-06-10 09:00:00+09:00,517.0,520.0,513.0,520.0,5800,0.0,0.0
2024-06-10 10:00:00+09:00,520.0,524.0,519.0,524.0,8800,0.0,0.0
2024-06-10 11:00:00+09:00,522.0,524.0,522.0,522.0,0,0.0,0.0
2024-06-10 12:00:00+09:00,521.0,522.0,518.0,518.0,23000,0.0,0.0
2024-06-10 13:00:00+09:00,518.0,518.0,512.0,514.0,10700,0.0,0.0
2024-06-10 14:00:00+09:00,515.0,517.0,515.0,517.0,4400,0.0,0.0
2024-06-11 09:00:00+09:00,518.0,518.0,515.0,516.0,2400,0.0,0.0
2024-06-11 10:00:00+09:00,516.0,517.0,513.0,515.0,4800,0.0,0.0
2024-06-11 11:00:00+09:00,515.0,515.0,513.0,513.0,0,0.0,0.0
2024-06-11 12:00:00+09:00,513.0,514.0,512.0,513.0,11500,0.0,0.0
2024-06-11 13:00:00+09:00,513.0,514.0,512.0,513.0,2400,0.0,0.0
2024-06-11 14:00:00+09:00,513.0,514.0,511.0,512.0,3500,0.0,0.0
2024-06-12 09:00:00+09:00,508.0,515.0,505.0,505.0,29900,0.0,0.0
2024-06-12 10:00:00+09:00,509.0,509.0,508.0,509.0,400,0.0,0.0
2024-06-12 11:00:00+09:00,508.0,508.0,507.0,507.0,0,0.0,0.0
2024-06-12 12:00:00+09:00,513.0,513.0,507.0,509.0,41600,0.0,0.0
2024-06-12 13:00:00+09:00,508.0,509.0,503.0,504.0,21200,0.0,0.0
2024-06-12 14:00:00+09:00,504.0,504.0,498.0,499.0,27500,0.0,0.0
2024-06-13 09:00:00+09:00,498.0,498.0,485.0,489.0,41200,0.0,0.0
2024-06-13 10:00:00+09:00,486.0,488.0,481.0,481.0,17300,0.0,0.0
2024-06-13 11:00:00+09:00,481.0,483.0,477.0,477.0,0,0.0,0.0
2024-06-13 12:00:00+09:00,477.0,480.0,477.0,478.0,81600,0.0,0.0
2024-06-13 13:00:00+09:00,478.0,478.0,475.0,478.0,15000,0.0,0.0
2024-06-13 14:00:00+09:00,477.0,478.0,473.0,476.0,24500,0.0,0.0
2024-06-14 09:00:00+09:00,470.0,473.0,465.0,467.0,21400,0.0,0.0
2024-06-14 10:00:00+09:00,467.0,468.0,465.0,466.0,9600,0.0,0.0
2024-06-14 11:00:00+09:00,468.0,470.0,468.0,469.0,0,0.0,0.0
2024-06-14 12:00:00+09:00,469.0,473.0,469.0,472.0,40700,0.0,0.0
2024-06-14 13:00:00+09:00,473.0,473.0,468.0,472.0,4900,0.0,0.0
2024-06-14 14:00:00+09:00,470.0,472.0,469.0,471.0,5500,0.0,0.0
2024-06-17 09:00:00+09:00,469.0,477.0,469.0,476.0,11400,0.0,0.0
2024-06-17 10:00:00+09:00,473.0,477.0,470.0,477.0,4400,0.0,0.0
2024-06-17 11:00:00+09:00,478.0,480.0,477.0,479.0,0,0.0,0.0
2024-06-17 12:00:00+09:00,475.0,480.0,475.0,477.0,19600,0.0,0.0
2024-06-17 13:00:00+09:00,480.0,480.0,475.0,475.0,900,0.0,0.0
2024-06-17 14:00:00+09:00,475.0,476.0,472.0,475.0,0,0.0,0.0
2024-06-18 09:00:00+09:00,477.0,477.0,466.0,466.0,0,0.0,0.0
2024-06-18 10:00:00+09:00,468.0,475.0,468.0,470.0,22100,0.0,0.0
2024-06-18 11:00:00+09:00,470.0,470.0,470.0,470.0,0,0.0,0.0
2024-06-18 12:00:00+09:00,470.0,471.0,468.0,468.0,29400,0.0,0.0
2024-06-18 13:00:00+09:00,468.0,470.0,467.0,469.0,2900,0.0,0.0
2024-06-18 14:00:00+09:00,469.0,470.0,468.0,470.0,1700,0.0,0.0
2024-06-19 09:00:00+09:00,471.0,472.0,469.0,471.0,3500,0.0,0.0
2024-06-19 10:00:00+09:00,472.0,474.0,470.0,474.0,3100,0.0,0.0
2024-06-19 11:00:00+09:00,474.0,474.0,473.0,473.0,0,0.0,0.0
2024-06-19 12:00:00+09:00,473.0,476.0,473.0,475.0,8400,0.0,0.0
2024-06-19 13:00:00+09:00,474.0,483.0,474.0,477.0,17800,0.0,0.0
2024-06-19 14:00:00+09:00,477.0,480.0,476.0,476.0,2300,0.0,0.0
2024-06-20 09:00:00+09:00,480.0,484.0,475.0,476.0,7000,0.0,0.0
2024-06-20 10:00:00+09:00,475.0,475.0,470.0,472.0,9600,0.0,0.0
2024-06-20 11:00:00+09:00,472.0,472.0,472.0,472.0,0,0.0,0.0
2024-06-20 12:00:00+09:00,470.0,470.0,469.0,470.0,20000,0.0,0.0
2024-06-20 13:00:00+09:00,469.0,470.0,469.0,470.0,1500,0.0,0.0
2024-06-20 14:00:00+09:00,471.0,473.0,469.0,471.0,7500,0.0,0.0
2024-06-21 09:00:00+09:00,472.0,475.0,471.0,474.0,3300,0.0,0.0
2024-06-21 10:00:00+09:00,472.0,474.0,471.0,473.0,3700,0.0,0.0
2024-06-21 11:00:00+09:00,474.0,476.0,474.0,476.0,0,0.0,0.0
2024-06-21 12:00:00+09:00,474.0,477.0,474.0,476.0,11200,0.0,0.0
2024-06-21 13:00:00+09:00,475.0,478.0,475.0,478.0,4600,0.0,0.0
2024-06-21 14:00:00+09:00,477.0,478.0,475.0,478.0,1700,0.0,0.0
2024-06-24 09:00:00+09:00,478.0,481.0,476.0,478.0,10700,0.0,0.0
2024-06-24 10:00:00+09:00,478.0,478.0,476.0,477.0,400,0.0,0.0
2024-06-24 11:00:00+09:00,477.0,477.0,477.0,477.0,0,0.0,0.0
2024-06-24 12:00:00+09:00,477.0,479.0,477.0,479.0,12700,0.0,0.0
2024-06-24 13:00:00+09:00,477.0,480.0,477.0,480.0,2000,0.0,0.0
2024-06-24 14:00:00+09:00,479.0,480.0,475.0,479.0,10200,0.0,0.0
2024-06-25 09:00:00+09:00,473.0,481.0,472.0,477.0,11300,0.0,0.0
2024-06-25 10:00:00+09:00,479.0,480.0,478.0,478.0,3600,0.0,0.0
2024-06-25 11:00:00+09:00,478.0,478.0,478.0,478.0,0,0.0,0.0
2024-06-25 12:00:00+09:00,478.0,479.0,478.0,479.0,19000,0.0,0.0
2024-06-25 13:00:00+09:00,478.0,480.0,477.0,480.0,900,0.0,0.0
2024-06-25 14:00:00+09:00,478.0,479.0,478.0,479.0,1500,0.0,0.0
2024-06-26 09:00:00+09:00,481.0,492.0,480.0,492.0,21100,0.0,0.0
2024-06-26 10:00:00+09:00,492.0,496.0,491.0,496.0,0,0.0,0.0
2024-06-26 11:00:00+09:00,494.0,496.0,494.0,496.0,0,0.0,0.0
2024-06-26 12:00:00+09:00,496.0,500.0,494.0,500.0,29700,0.0,0.0
2024-06-26 13:00:00+09:00,494.0,496.0,492.0,493.0,7200,0.0,0.0
2024-06-26 14:00:00+09:00,492.0,492.0,490.0,490.0,2500,0.0,0.0
2024-06-27 09:00:00+09:00,492.0,495.0,490.0,493.0,13600,0.0,0.0
2024-06-27 10:00:00+09:00,494.0,494.0,489.0,490.0,4600,0.0,0.0
2024-06-27 11:00:00+09:00,491.0,491.0,488.0,488.0,0,0.0,0.0
2024-06-27 12:00:00+09:00,488.0,488.0,486.0,488.0,31800,0.0,0.0
2024-06-27 13:00:00+09:00,487.0,487.0,487.0,487.0,800,0.0,0.0
2024-06-27 14:00:00+09:00,487.0,488.0,485.0,485.0,13000,0.0,0.0
2024-06-28 09:00:00+09:00,487.0,487.0,478.0,483.0,35500,0.0,0.0
2024-06-28 10:00:00+09:00,483.0,484.0,482.0,482.0,1500,0.0,0.0
2024-06-28 11:00:00+09:00,482.0,483.0,482.0,483.0,0,0.0,0.0
2024-06-28 12:00:00+09:00,484.0,484.0,483.0,484.0,39800,0.0,0.0
2024-06-28 13:00:00+09:00,484.0,487.0,484.0,487.0,3100,0.0,0.0
2024-06-28 14:00:00+09:00,487.0,488.0,485.0,485.0,2100,0.0,0.0
2024-07-01 09:00:00+09:00,488.0,491.0,486.0,489.0,10500,0.0,0.0
2024-07-01 10:00:00+09:00,488.0,488.0,486.0,488.0,2800,0.0,0.0
2024-07-01 11:00:00+09:00,489.0,489.0,488.0,489.0,0,0.0,0.0
2024-07-01 12:00:00+09:00,488.0,489.0,485.0,485.0,18000,0.0,0.0
2024-07-01 13:00:00+09:00,487.0,488.0,483.0,485.0,2900,0.0,0.0
2024-07-01 14:00:00+09:00,485.0,487.0,485.0,487.0,2100,0.0,0.0
2024-07-02 09:00:00+09:00,487.0,489.0,483.0,483.0,9500,0.0,0.0
2024-07-02 10:00:00+09:00,485.0,485.0,483.0,483.0,700,0.0,0.0
2024-07-02 11:00:00+09:00,483.0,484.0,482.0,482.0,0,0.0,0.0
2024-07-02 12:00:00+09:00,482.0,485.0,482.0,482.0,12600,0.0,0.0
2024-07-02 13:00:00+09:00,483.0,483.0,480.0,481.0,5600,0.0,0.0
2024-07-02 14:00:00+09:00,480.0,484.0,479.0,484.0,3500,0.0,0.0
2024-07-03 09:00:00+09:00,484.0,484.0,479.0,480.0,9900,0.0,0.0
2024-07-03 10:00:00+09:00,479.0,482.0,479.0,482.0,1900,0.0,0.0
2024-07-03 11:00:00+09:00,482.0,483.0,482.0,483.0,0,0.0,0.0
2024-07-03 12:00:00+09:00,479.0,484.0,479.0,482.0,36700,0.0,0.0
2024-07-03 13:00:00+09:00,479.0,479.0,476.0,476.0,8300,0.0,0.0
2024-07-03 14:00:00+09:00,476.0,476.0,474.0,476.0,5700,0.0,0.0
2024-07-04 09:00:00+09:00,472.0,476.0,469.0,472.0,20400,0.0,0.0
2024-07-04 10:00:00+09:00,472.0,474.0,471.0,473.0,2800,0.0,0.0
2024-07-04 11:00:00+09:00,472.0,472.0,471.0,471.0,0,0.0,0.0
2024-07-04 12:00:00+09:00,471.0,471.0,469.0,469.0,29600,0.0,0.0
2024-07-04 13:00:00+09:00,468.0,468.0,467.0,467.0,7200,0.0,0.0
2024-07-04 14:00:00+09:00,468.0,469.0,466.0,469.0,4700,0.0,0.0
2024-07-05 09:00:00+09:00,387.0,395.0,387.0,387.0,771400,0.0,0.0
2024-07-05 10:00:00+09:00,387.0,387.0,387.0,387.0,41400,0.0,0.0
2024-07-05 11:00:00+09:00,387.0,387.0,387.0,387.0,0,0.0,0.0
2024-07-05 12:00:00+09:00,387.0,398.0,387.0,398.0,1312600,0.0,0.0
2024-07-05 13:00:00+09:00,397.0,400.0,387.0,392.0,308800,0.0,0.0
2024-07-05 14:00:00+09:00,392.0,395.0,387.0,389.0,206000,0.0,0.0
2024-07-08 09:00:00+09:00,387.0,396.0,377.0,392.0,373500,0.0,0.0
2024-07-08 10:00:00+09:00,392.0,397.0,391.0,394.0,71100,0.0,0.0
2024-07-08 11:00:00+09:00,394.0,394.0,390.0,394.0,0,0.0,0.0
2024-07-08 12:00:00+09:00,394.0,396.0,394.0,395.0,506300,0.0,0.0
2024-07-08 13:00:00+09:00,395.0,396.0,393.0,396.0,22200,0.0,0.0
2024-07-08 14:00:00+09:00,396.0,396.0,391.0,391.0,52300,0.0,0.0
2024-07-09 09:00:00+09:00,390.0,414.0,390.0,406.0,156100,0.0,0.0
2024-07-09 10:00:00+09:00,406.0,409.0,403.0,407.0,37300,0.0,0.0
2024-07-09 11:00:00+09:00,407.0,408.0,400.0,400.0,0,0.0,0.0
2024-07-09 12:00:00+09:00,403.0,404.0,397.0,403.0,241300,0.0,0.0
2024-07-09 13:00:00+09:00,403.0,405.0,401.0,402.0,16800,0.0,0.0
2024-07-09 14:00:00+09:00,403.0,405.0,401.0,401.0,25800,0.0,0.0
2024-07-10 09:00:00+09:00,409.0,409.0,394.0,395.0,73300,0.0,0.0
2024-07-10 10:00:00+09:00,394.0,394.0,390.0,391.0,25800,0.0,0.0
2024-07-10 11:00:00+09:00,391.0,393.0,391.0,393.0,0,0.0,0.0
2024-07-10 12:00:00+09:00,393.0,393.0,385.0,385.0,136600,0.0,0.0
2024-07-10 13:00:00+09:00,386.0,386.0,380.0,383.0,34100,0.0,0.0
2024-07-10 14:00:00+09:00,382.0,386.0,379.0,385.0,48400,0.0,0.0
2024-07-11 09:00:00+09:00,389.0,389.0,371.0,376.0,106100,0.0,0.0
2024-07-11 10:00:00+09:00,376.0,380.0,375.0,380.0,19600,0.0,0.0
2024-07-11 11:00:00+09:00,379.0,380.0,377.0,378.0,0,0.0,0.0
2024-07-11 12:00:00+09:00,380.0,388.0,379.0,383.0,175000,0.0,0.0
2024-07-11 13:00:00+09:00,384.0,384.0,381.0,381.0,12500,0.0,0.0
2024-07-11 14:00:00+09:00,382.0,383.0,378.0,379.0,24600,0.0,0.0
2024-07-12 09:00:00+09:00,375.0,386.0,375.0,383.0,70600,0.0,0.0
2024-07-12 10:00:00+09:00,383.0,386.0,381.0,385.0,24900,0.0,0.0
2024-07-12 11:00:00+09:00,384.0,384.0,384.0,384.0,0,0.0,0.0
2024-07-12 12:00:00+09:00,384.0,384.0,381.0,383.0,101300,0.0,0.0
2024-07-12 13:00:00+09:00,383.0,384.0,382.0,384.0,9100,0.0,0.0
2024-07-12 14:00:00+09:00,384.0,389.0,384.0,388.0,13400,0.0,0.0
2024-07-16 09:00:00+09:00,387.0,387.0,381.0,384.0,35200,0.0,0.0
2024-07-16 10:00:00+09:00,384.0,385.0,383.0,383.0,5100,0.0,0.0
2024-07-16 11:00:00+09:00,384.0,384.0,383.0,383.0,0,0.0,0.0
2024-07-16 12:00:00+09:00,383.0,384.0,383.0,383.0,44400,0.0,0.0
2024-07-16 13:00:00+09:00,383.0,383.0,381.0,383.0,4900,0.0,0.0
2024-07-16 14:00:00+09:00,383.0,383.0,382.0,383.0,4200,0.0,0.0
2024-07-17 09:00:00+09:00,383.0,388.0,382.0,385.0,22600,0.0,0.0
2024-07-17 10:00:00+09:00,385.0,388.0,385.0,388.0,9100,0.0,0.0
2024-07-17 11:00:00+09:00,387.0,387.0,383.0,384.0,0,0.0,0.0
2024-07-17 12:00:00+09:00,384.0,385.0,382.0,382.0,53800,0.0,0.0
2024-07-17 13:00:00+09:00,382.0,382.0,379.0,381.0,38500,0.0,0.0
2024-07-17 14:00:00+09:00,381.0,383.0,380.0,381.0,17300,0.0,0.0
2024-07-18 09:00:00+09:00,380.0,384.0,377.0,377.0,23100,0.0,0.0
2024-07-18 10:00:00+09:00,378.0,378.0,373.0,374.0,23500,0.0,0.0
2024-07-18 11:00:00+09:00,374.0,375.0,374.0,374.0,0,0.0,0.0
2024-07-18 12:00:00+09:00,374.0,375.0,373.0,375.0,57300,0.0,0.0
2024-07-18 13:00:00+09:00,374.0,376.0,374.0,375.0,9700,0.0,0.0
2024-07-18 14:00:00+09:00,376.0,380.0,376.0,376.0,17600,0.0,0.0
2024-07-19 09:00:00+09:00,378.0,378.0,374.0,374.0,25300,0.0,0.0
2024-07-19 10:00:00+09:00,374.0,375.0,373.0,373.0,16400,0.0,0.0
2024-07-19 11:00:00+09:00,373.0,374.0,372.0,374.0,0,0.0,0.0
2024-07-19 12:00:00+09:00,375.0,375.0,373.0,374.0,50800,0.0,0.0
2024-07-19 13:00:00+09:00,374.0,375.0,373.0,374.0,3000,0.0,0.0
2024-07-19 14:00:00+09:00,375.0,376.0,370.0,370.0,35100,0.0,0.0
2024-07-22 09:00:00+09:00,375.0,375.0,366.0,367.0,28500,0.0,0.0
2024-07-22 10:00:00+09:00,367.0,377.0,367.0,374.0,20800,0.0,0.0
2024-07-22 11:00:00+09:00,373.0,376.0,373.0,376.0,0,0.0,0.0
2024-07-22 12:00:00+09:00,376.0,378.0,371.0,371.0,86000,0.0,0.0
2024-07-22 13:00:00+09:00,374.0,374.0,372.0,374.0,3700,0.0,0.0
2024-07-22 14:00:00+09:00,374.0,374.0,371.0,373.0,7400,0.0,0.0
2024-07-23 09:00:00+09:00,374.0,396.0,374.0,390.0,122400,0.0,0.0
2024-07-23 10:00:00+09:00,390.0,392.0,387.0,389.0,9600,0.0,0.0
2024-07-23 11:00:00+09:00,388.0,389.0,386.0,387.0,0,0.0,0.0
2024-07-23 12:00:00+09:00,386.0,386.0,382.0,385.0,148700,0.0,0.0
2024-07-23 13:00:00+09:00,385.0,386.0,383.0,384.0,6600,0.0,0.0
2024-07-23 14:00:00+09:00,384.0,384.0,376.0,383.0,56500,0.0,0.0
2024-07-24 09:00:00+09:00,380.0,384.0,379.0,379.0,10000,0.0,0.0
2024-07-24 10:00:00+09:00,379.0,387.0,379.0,383.0,34500,0.0,0.0
2024-07-24 11:00:00+09:00,385.0,386.0,382.0,383.0,0,0.0,0.0
2024-07-24 12:00:00+09:00,382.0,382.0,380.0,381.0,51200,0.0,0.0
2024-07-24 13:00:00+09:00,382.0,383.0,377.0,380.0,11100,0.0,0.0
2024-07-24 14:00:00+09:00,378.0,379.0,374.0,374.0,18700,0.0,0.0
2024-07-25 09:00:00+09:00,365.0,367.0,360.0,361.0,75700,0.0,0.0
2024-07-25 10:00:00+09:00,361.0,366.0,360.0,366.0,18900,0.0,0.0
2024-07-25 11:00:00+09:00,366.0,366.0,364.0,364.0,0,0.0,0.0
2024-07-25 12:00:00+09:00,364.0,367.0,363.0,365.0,114200,0.0,0.0
2024-07-25 13:00:00+09:00,365.0,366.0,364.0,365.0,12700,0.0,0.0
2024-07-25 14:00:00+09:00,363.0,365.0,362.0,363.0,13900,0.0,0.0
2024-07-26 09:00:00+09:00,363.0,371.0,363.0,366.0,26100,0.0,0.0
2024-07-26 10:00:00+09:00,366.0,370.0,365.0,368.0,18800,0.0,0.0
2024-07-26 11:00:00+09:00,368.0,369.0,368.0,369.0,0,0.0,0.0
2024-07-26 12:00:00+09:00,370.0,373.0,370.0,372.0,57100,0.0,0.0
2024-07-26 13:00:00+09:00,372.0,372.0,368.0,371.0,6700,0.0,0.0
2024-07-26 14:00:00+09:00,371.0,371.0,365.0,365.0,5300,0.0,0.0
2024-07-29 09:00:00+09:00,362.0,374.0,362.0,374.0,31600,0.0,0.0
2024-07-29 10:00:00+09:00,374.0,374.0,368.0,368.0,11800,0.0,0.0
2024-07-29 11:00:00+09:00,372.0,372.0,368.0,368.0,0,0.0,0.0
2024-07-29 12:00:00+09:00,368.0,368.0,357.0,360.0,73900,0.0,0.0
2024-07-29 13:00:00+09:00,359.0,362.0,358.0,360.0,22100,0.0,0.0
2024-07-29 14:00:00+09:00,360.0,360.0,357.0,359.0,15600,0.0,0.0
2024-07-30 09:00:00+09:00,357.0,357.0,343.0,350.0,87500,0.0,0.0
2024-07-30 10:00:00+09:00,348.0,350.0,347.0,347.0,6700,0.0,0.0
2024-07-30 11:00:00+09:00,346.0,350.0,346.0,349.0,0,0.0,0.0
2024-07-30 12:00:00+09:00,348.0,353.0,348.0,350.0,101600,0.0,0.0
2024-07-30 13:00:00+09:00,351.0,351.0,350.0,350.0,3400,0.0,0.0
2024-07-30 14:00:00+09:00,349.0,350.0,347.0,347.0,27700,0.0,0.0
2024-07-31 09:00:00+09:00,363.0,363.0,352.0,354.0,41200,0.0,0.0
2024-07-31 10:00:00+09:00,352.0,353.0,349.0,351.0,13000,0.0,0.0
2024-07-31 11:00:00+09:00,350.0,353.0,350.0,353.0,0,0.0,0.0
2024-07-31 12:00:00+09:00,353.0,353.0,350.0,350.0,68000,0.0,0.0
2024-07-31 13:00:00+09:00,351.0,356.0,350.0,355.0,16300,0.0,0.0
2024-07-31 14:00:00+09:00,355.0,356.0,349.0,356.0,25600,0.0,0.0
2024-08-01 09:00:00+09:00,356.0,356.0,344.0,346.0,21800,0.0,0.0
2024-08-01 10:00:00+09:00,346.0,346.0,340.0,340.0,22000,0.0,0.0
2024-08-01 11:00:00+09:00,342.0,342.0,340.0,341.0,0,0.0,0.0
2024-08-01 12:00:00+09:00,342.0,343.0,341.0,342.0,54400,0.0,0.0
2024-08-01 13:00:00+09:00,342.0,342.0,340.0,342.0,5500,0.0,0.0
2024-08-01 14:00:00+09:00,342.0,346.0,341.0,343.0,12200,0.0,0.0
2024-08-02 09:00:00+09:00,339.0,339.0,325.0,326.0,42300,0.0,0.0
2024-08-02 10:00:00+09:00,326.0,330.0,322.0,330.0,31600,0.0,0.0
2024-08-02 11:00:00+09:00,330.0,330.0,328.0,328.0,0,0.0,0.0
2024-08-02 12:00:00+09:00,328.0,329.0,326.0,328.0,90500,0.0,0.0
2024-08-02 13:00:00+09:00,327.0,327.0,319.0,323.0,27700,0.0,0.0
2024-08-02 14:00:00+09:00,321.0,336.0,319.0,336.0,30100,0.0,0.0
2024-08-05 09:00:00+09:00,307.0,309.0,287.0,298.0,82600,0.0,0.0
2024-08-05 10:00:00+09:00,298.0,300.0,292.0,298.0,23300,0.0,0.0
2024-08-05 11:00:00+09:00,299.0,300.0,297.0,300.0,0,0.0,0.0
2024-08-05 12:00:00+09:00,295.0,297.0,290.0,291.0,146900,0.0,0.0
2024-08-05 13:00:00+09:00,291.0,291.0,277.0,279.0,0,0.0,0.0
2024-08-05 14:00:00+09:00,278.0,287.0,258.0,287.0,236800,0.0,0.0
2024-08-06 09:00:00+09:00,266.0,296.0,266.0,295.0,118100,0.0,0.0
2024-08-06 10:00:00+09:00,295.0,295.0,255.0,267.0,182000,0.0,0.0
2024-08-06 11:00:00+09:00,267.0,270.0,265.0,270.0,0,0.0,0.0
2024-08-06 12:00:00+09:00,280.0,280.0,271.0,276.0,318500,0.0,0.0
2024-08-06 13:00:00+09:00,277.0,277.0,266.0,269.0,0,0.0,0.0
2024-08-06 14:00:00+09:00,266.0,266.0,228.0,242.0,613700,0.0,0.0
2024-08-07 09:00:00+09:00,243.0,270.0,243.0,265.0,117900,0.0,0.0
2024-08-07 10:00:00+09:00,263.0,278.0,262.0,276.0,48600,0.0,0.0
2024-08-07 11:00:00+09:00,276.0,288.0,275.0,283.0,0,0.0,0.0
2024-08-07 12:00:00+09:00,281.0,285.0,278.0,284.0,216800,0.0,0.0
2024-08-07 13:00:00+09:00,280.0,308.0,280.0,295.0,153400,0.0,0.0
2024-08-07 14:00:00+09:00,296.0,303.0,289.0,294.0,88200,0.0,0.0
2024-08-08 09:00:00+09:00,287.0,295.0,282.0,285.0,39700,0.0,0.0
2024-08-08 10:00:00+09:00,285.0,297.0,284.0,294.0,25900,0.0,0.0
2024-08-08 11:00:00+09:00,294.0,296.0,294.0,294.0,0,0.0,0.0
2024-08-08 12:00:00+09:00,294.0,297.0,294.0,294.0,82900,0.0,0.0
2024-08-08 13:00:00+09:00,295.0,297.0,293.0,294.0,10100,0.0,0.0
2024-08-08 14:00:00+09:00,294.0,299.0,293.0,294.0,45100,0.0,0.0
2024-08-09 09:00:00+09:00,305.0,305.0,289.0,291.0,35300,0.0,0.0
2024-08-09 10:00:00+09:00,292.0,292.0,287.0,291.0,16100,0.0,0.0
2024-08-09 11:00:00+09:00,291.0,291.0,289.0,290.0,0,0.0,0.0
2024-08-09 12:00:00+09:00,290.0,290.0,288.0,289.0,54500,0.0,0.0
2024-08-09 13:00:00+09:00,289.0,289.0,284.0,284.0,8800,0.0,0.0
2024-08-09 14:00:00+09:00,283.0,295.0,282.0,295.0,14600,0.0,0.0
2024-08-13 09:00:00+09:00,288.0,299.0,288.0,299.0,28800,0.0,0.0
2024-08-13 10:00:00+09:00,299.0,303.0,299.0,300.0,17700,0.0,0.0
2024-08-13 11:00:00+09:00,300.0,300.0,299.0,300.0,0,0.0,0.0
2024-08-13 12:00:00+09:00,301.0,302.0,300.0,300.0,68800,0.0,0.0
2024-08-13 13:00:00+09:00,301.0,301.0,300.0,301.0,2500,0.0,0.0
2024-08-13 14:00:00+09:00,301.0,303.0,301.0,302.0,8900,0.0,0.0
2024-08-14 09:00:00+09:00,302.0,307.0,296.0,307.0,33900,0.0,0.0
2024-08-14 10:00:00+09:00,308.0,309.0,306.0,308.0,10700,0.0,0.0
2024-08-14 11:00:00+09:00,307.0,307.0,302.0,304.0,0,0.0,0.0
2024-08-14 12:00:00+09:00,305.0,312.0,305.0,309.0,62300,0.0,0.0
2024-08-14 13:00:00+09:00,311.0,311.0,307.0,307.0,0,0.0,0.0
2024-08-14 14:00:00+09:00,309.0,309.0,307.0,308.0,67700,0.0,0.0
2024-08-15 09:00:00+09:00,304.0,310.0,304.0,310.0,10800,0.0,0.0
2024-08-15 10:00:00+09:00,309.0,330.0,309.0,325.0,65200,0.0,0.0
2024-08-15 11:00:00+09:00,324.0,327.0,322.0,323.0,0,0.0,0.0
2024-08-15 12:00:00+09:00,327.0,327.0,324.0,325.0,85100,0.0,0.0
2024-08-15 13:00:00+09:00,324.0,324.0,323.0,324.0,1900,0.0,0.0
2024-08-15 14:00:00+09:00,324.0,327.0,321.0,323.0,20600,0.0,0.0
2024-08-16 09:00:00+09:00,326.0,329.0,321.0,329.0,32900,0.0,0.0
2024-08-16 10:00:00+09:00,330.0,338.0,329.0,333.0,22700,0.0,0.0
2024-08-16 11:00:00+09:00,332.0,333.0,328.0,328.0,0,0.0,0.0
2024-08-16 12:00:00+09:00,332.0,333.0,332.0,332.0,64800,0.0,0.0
2024-08-16 13:00:00+09:00,332.0,343.0,332.0,340.0,36800,0.0,0.0
2024-08-16 14:00:00+09:00,339.0,339.0,335.0,336.0,12700,0.0,0.0
2024-08-19 09:00:00+09:00,333.0,333.0,326.0,333.0,13600,0.0,0.0
2024-08-19 10:00:00+09:00,329.0,330.0,326.0,326.0,0,0.0,0.0
2024-08-19 11:00:00+09:00,328.0,329.0,327.0,327.0,0,0.0,0.0
2024-08-19 12:00:00+09:00,328.0,328.0,323.0,324.0,35800,0.0,0.0
2024-08-19 13:00:00+09:00,324.0,324.0,318.0,321.0,8400,0.0,0.0
2024-08-19 14:00:00+09:00,320.0,323.0,313.0,318.0,19400,0.0,0.0
2024-08-20 09:00:00+09:00,317.0,327.0,317.0,323.0,11100,0.0,0.0
2024-08-20 10:00:00+09:00,323.0,323.0,322.0,322.0,5600,0.0,0.0
2024-08-20 11:00:00+09:00,323.0,323.0,323.0,323.0,0,0.0,0.0
2024-08-20 12:00:00+09:00,322.0,323.0,322.0,323.0,82300,0.0,0.0
2024-08-20 13:00:00+09:00,322.0,327.0,321.0,322.0,76100,0.0,0.0
2024-08-20 14:00:00+09:00,323.0,325.0,319.0,319.0,37400,0.0,0.0
2024-08-21 09:00:00+09:00,322.0,327.0,321.0,323.0,13100,0.0,0.0
2024-08-21 10:00:00+09:00,321.0,322.0,319.0,319.0,4200,0.0,0.0
2024-08-21 11:00:00+09:00,318.0,318.0,316.0,317.0,0,0.0,0.0
2024-08-21 12:00:00+09:00,317.0,318.0,316.0,316.0,45400,0.0,0.0
2024-08-21 13:00:00+09:00,316.0,319.0,316.0,317.0,3900,0.0,0.0
2024-08-21 14:00:00+09:00,317.0,318.0,316.0,318.0,9500,0.0,0.0
2024-08-22 09:00:00+09:00,316.0,317.0,312.0,314.0,15500,0.0,0.0
2024-08-22 10:00:00+09:00,313.0,314.0,306.0,308.0,46300,0.0,0.0
2024-08-22 11:00:00+09:00,307.0,309.0,307.0,308.0,0,0.0,0.0
2024-08-22 12:00:00+09:00,308.0,308.0,306.0,307.0,75600,0.0,0.0
2024-08-22 13:00:00+09:00,307.0,310.0,307.0,307.0,26100,0.0,0.0
2024-08-22 14:00:00+09:00,308.0,309.0,304.0,307.0,40800,0.0,0.0
2024-08-23 09:00:00+09:00,305.0,306.0,301.0,302.0,6500,0.0,0.0
2024-08-23 10:00:00+09:00,303.0,306.0,303.0,306.0,4900,0.0,0.0
2024-08-23 11:00:00+09:00,304.0,304.0,304.0,304.0,0,0.0,0.0
2024-08-23 12:00:00+09:00,305.0,305.0,304.0,305.0,16800,0.0,0.0
2024-08-23 13:00:00+09:00,305.0,309.0,304.0,306.0,13600,0.0,0.0
2024-08-23 14:00:00+09:00,305.0,307.0,303.0,305.0,11000,0.0,0.0
2024-08-26 09:00:00+09:00,305.0,310.0,305.0,310.0,4700,0.0,0.0
2024-08-26 10:00:00+09:00,309.0,310.0,308.0,308.0,1200,0.0,0.0
2024-08-26 11:00:00+09:00,308.0,308.0,308.0,308.0,0,0.0,0.0
2024-08-26 12:00:00+09:00,308.0,309.0,308.0,309.0,9900,0.0,0.0
2024-08-26 13:00:00+09:00,308.0,309.0,308.0,309.0,1800,0.0,0.0
2024-08-26 14:00:00+09:00,308.0,309.0,305.0,305.0,11000,0.0,0.0
2024-08-27 09:00:00+09:00,308.0,313.0,308.0,312.0,7000,0.0,0.0
2024-08-27 10:00:00+09:00,312.0,317.0,312.0,315.0,9600,0.0,0.0
2024-08-27 11:00:00+09:00,315.0,317.0,315.0,317.0,0,0.0,0.0
2024-08-27 12:00:00+09:00,317.0,320.0,317.0,317.0,27400,0.0,0.0
2024-08-27 13:00:00+09:00,316.0,317.0,315.0,316.0,1400,0.0,0.0
2024-08-27 14:00:00+09:00,317.0,318.0,316.0,317.0,2800,0.0,0.0
2024-08-28 09:00:00+09:00,313.0,314.0,308.0,310.0,24300,0.0,0.0
2024-08-28 10:00:00+09:00,309.0,315.0,308.0,310.0,15900,0.0,0.0
2024-08-28 11:00:00+09:00,310.0,311.0,310.0,311.0,0,0.0,0.0
2024-08-28 12:00:00+09:00,310.0,310.0,308.0,310.0,66600,0.0,0.0
2024-08-28 13:00:00+09:00,310.0,310.0,307.0,309.0,28900,0.0,0.0
2024-08-28 14:00:00+09:00,308.0,311.0,307.0,310.0,15000,0.0,0.0
2024-08-29 09:00:00+09:00,306.0,313.0,305.0,311.0,7800,0.0,0.0
2024-08-29 10:00:00+09:00,311.0,311.0,308.0,311.0,5400,0.0,0.0
2024-08-29 11:00:00+09:00,310.0,310.0,309.0,309.0,0,0.0,0.0
2024-08-29 12:00:00+09:00,309.0,310.0,307.0,308.0,25500,0.0,0.0
2024-08-29 13:00:00+09:00,308.0,308.0,306.0,306.0,5400,0.0,0.0
2024-08-29 14:00:00+09:00,306.0,306.0,303.0,303.0,9100,0.0,0.0
2024-08-30 09:00:00+09:00,302.0,310.0,302.0,308.0,20400,0.0,0.0
2024-08-30 10:00:00+09:00,307.0,310.0,307.0,310.0,3700,0.0,0.0
2024-08-30 11:00:00+09:00,312.0,318.0,312.0,312.0,0,0.0,0.0
2024-08-30 12:00:00+09:00,312.0,312.0,310.0,310.0,32700,0.0,0.0
2024-08-30 13:00:00+09:00,310.0,313.0,305.0,306.0,18400,0.0,0.0
2024-08-30 14:00:00+09:00,306.0,310.0,305.0,307.0,26700,0.0,0.0
2024-09-02 09:00:00+09:00,305.0,306.0,297.0,298.0,62300,0.0,0.0
2024-09-02 10:00:00+09:00,299.0,299.0,297.0,297.0,9300,0.0,0.0
2024-09-02 11:00:00+09:00,298.0,298.0,297.0,297.0,0,0.0,0.0
2024-09-02 12:00:00+09:00,299.0,299.0,293.0,295.0,103700,0.0,0.0
2024-09-02 13:00:00+09:00,296.0,297.0,295.0,296.0,0,0.0,0.0
2024-09-02 14:00:00+09:00,296.0,298.0,295.0,295.0,117000,0.0,0.0
2024-09-03 09:00:00+09:00,296.0,305.0,294.0,303.0,51600,0.0,0.0
2024-09-03 10:00:00+09:00,303.0,314.0,303.0,310.0,25800,0.0,0.0
2024-09-03 11:00:00+09:00,311.0,313.0,308.0,308.0,0,0.0,0.0
2024-09-03 12:00:00+09:00,309.0,309.0,305.0,307.0,88800,0.0,0.0
2024-09-03 13:00:00+09:00,306.0,307.0,306.0,307.0,2100,0.0,0.0
2024-09-03 14:00:00+09:00,306.0,310.0,304.0,309.0,17400,0.0,0.0
2024-09-04 09:00:00+09:00,301.0,304.0,299.0,301.0,32000,0.0,0.0
2024-09-04 10:00:00+09:00,301.0,305.0,299.0,302.0,24100,0.0,0.0
2024-09-04 11:00:00+09:00,302.0,302.0,299.0,299.0,0,0.0,0.0
2024-09-04 12:00:00+09:00,303.0,303.0,301.0,301.0,84300,0.0,0.0
2024-09-04 13:00:00+09:00,301.0,302.0,301.0,302.0,3100,0.0,0.0
2024-09-04 14:00:00+09:00,301.0,301.0,298.0,301.0,19000,0.0,0.0
2024-09-05 09:00:00+09:00,296.0,302.0,294.0,297.0,38300,0.0,0.0
2024-09-05 10:00:00+09:00,300.0,300.0,297.0,299.0,6700,0.0,0.0
2024-09-05 11:00:00+09:00,299.0,299.0,299.0,299.0,0,0.0,0.0
2024-09-05 12:00:00+09:00,299.0,299.0,296.0,299.0,57100,0.0,0.0
2024-09-05 13:00:00+09:00,297.0,297.0,296.0,296.0,2200,0.0,0.0
2024-09-05 14:00:00+09:00,296.0,297.0,295.0,296.0,13000,0.0,0.0
2024-09-06 09:00:00+09:00,296.0,296.0,291.0,291.0,20100,0.0,0.0
2024-09-06 10:00:00+09:00,290.0,290.0,285.0,289.0,18700,0.0,0.0
2024-09-06 11:00:00+09:00,288.0,289.0,288.0,288.0,0,0.0,0.0
2024-09-06 12:00:00+09:00,287.0,292.0,287.0,292.0,46400,0.0,0.0
2024-09-06 13:00:00+09:00,290.0,291.0,290.0,291.0,400,0.0,0.0
2024-09-06 14:00:00+09:00,289.0,292.0,287.0,291.0,4100,0.0,0.0
2024-09-09 09:00:00+09:00,276.0,283.0,276.0,279.0,53400,0.0,0.0
2024-09-09 10:00:00+09:00,280.0,287.0,280.0,287.0,7400,0.0,0.0
2024-09-09 11:00:00+09:00,286.0,287.0,285.0,285.0,0,0.0,0.0
2024-09-09 12:00:00+09:00,287.0,295.0,286.0,289.0,80200,0.0,0.0
2024-09-09 13:00:00+09:00,289.0,292.0,289.0,292.0,1600,0.0,0.0
2024-09-09 14:00:00+09:00,293.0,293.0,291.0,292.0,2400,0.0,0.0
2024-09-10 09:00:00+09:00,295.0,296.0,291.0,295.0,13900,0.0,0.0
2024-09-10 10:00:00+09:00,294.0,296.0,293.0,296.0,1100,0.0,0.0
2024-09-10 11:00:00+09:00,295.0,295.0,293.0,293.0,0,0.0,0.0
2024-09-10 12:00:00+09:00,292.0,292.0,292.0,292.0,20600,0.0,0.0
2024-09-10 13:00:00+09:00,292.0,293.0,291.0,292.0,900,0.0,0.0
2024-09-10 14:00:00+09:00,292.0,292.0,290.0,291.0,3000,0.0,0.0
2024-09-11 09:00:00+09:00,289.0,289.0,274.0,282.0,31600,0.0,0.0
2024-09-11 10:00:00+09:00,283.0,286.0,280.0,280.0,11000,0.0,0.0
2024-09-11 11:00:00+09:00,282.0,282.0,279.0,279.0,0,0.0,0.0
2024-09-11 12:00:00+09:00,284.0,284.0,277.0,278.0,60700,0.0,0.0
2024-09-11 13:00:00+09:00,277.0,280.0,275.0,275.0,12900,0.0,0.0
2024-09-11 14:00:00+09:00,276.0,279.0,274.0,278.0,18100,0.0,0.0
2024-09-12 09:00:00+09:00,281.0,288.0,281.0,288.0,23000,0.0,0.0
2024-09-12 10:00:00+09:00,286.0,287.0,286.0,287.0,2300,0.0,0.0
2024-09-12 11:00:00+09:00,287.0,287.0,287.0,287.0,0,0.0,0.0
2024-09-12 12:00:00+09:00,287.0,291.0,287.0,291.0,37600,0.0,0.0
2024-09-12 13:00:00+09:00,291.0,294.0,291.0,292.0,5900,0.0,0.0
2024-09-12 14:00:00+09:00,292.0,294.0,290.0,293.0,9100,0.0,0.0
2024-09-13 09:00:00+09:00,290.0,291.0,287.0,287.0,23000,0.0,0.0
2024-09-13 10:00:00+09:00,287.0,290.0,287.0,288.0,5700,0.0,0.0
2024-09-13 11:00:00+09:00,287.0,287.0,286.0,286.0,0,0.0,0.0
2024-09-13 12:00:00+09:00,288.0,288.0,285.0,287.0,42300,0.0,0.0
2024-09-13 13:00:00+09:00,288.0,288.0,288.0,288.0,100,0.0,0.0
2024-09-13 14:00:00+09:00,288.0,289.0,287.0,287.0,1400,0.0,0.0
2024-09-17 09:00:00+09:00,289.0,297.0,289.0,290.0,14600,0.0,0.0
2024-09-17 10:00:00+09:00,288.0,288.0,286.0,286.0,7000,0.0,0.0
2024-09-17 11:00:00+09:00,285.0,285.0,285.0,285.0,0,0.0,0.0
2024-09-17 12:00:00+09:00,285.0,288.0,285.0,288.0,22700,0.0,0.0
2024-09-17 13:00:00+09:00,288.0,288.0,286.0,287.0,1000,0.0,0.0
2024-09-17 14:00:00+09:00,287.0,292.0,287.0,289.0,9300,0.0,0.0
2024-09-18 09:00:00+09:00,286.0,295.0,286.0,292.0,17400,0.0,0.0
2024-09-18 10:00:00+09:00,290.0,290.0,289.0,289.0,1100,0.0,0.0
2024-09-18 11:00:00+09:00,291.0,291.0,291.0,291.0,0,0.0,0.0
2024-09-18 12:00:00+09:00,291.0,291.0,287.0,287.0,20400,0.0,0.0
2024-09-18 13:00:00+09:00,286.0,287.0,285.0,287.0,3100,0.0,0.0
2024-09-18 14:00:00+09:00,286.0,290.0,284.0,290.0,1300,0.0,0.0
2024-09-19 09:00:00+09:00,288.0,288.0,288.0,288.0,5500,0.0,0.0
2024-09-19 10:00:00+09:00,291.0,302.0,291.0,300.0,29400,0.0,0.0
2024-09-19 11:00:00+09:00,299.0,299.0,298.0,298.0,0,0.0,0.0
2024-09-19 12:00:00+09:00,300.0,300.0,297.0,297.0,42700,0.0,0.0
2024-09-19 13:00:00+09:00,296.0,298.0,289.0,298.0,17600,0.0,0.0
2024-09-19 14:00:00+09:00,299.0,299.0,295.0,298.0,10700,0.0,0.0
2024-09-20 09:00:00+09:00,298.0,299.0,296.0,298.0,4100,0.0,0.0
2024-09-20 10:00:00+09:00,298.0,299.0,298.0,299.0,4400,0.0,0.0
2024-09-20 11:00:00+09:00,299.0,299.0,297.0,297.0,0,0.0,0.0
2024-09-20 12:00:00+09:00,296.0,299.0,296.0,299.0,13600,0.0,0.0
2024-09-20 13:00:00+09:00,299.0,299.0,298.0,298.0,900,0.0,0.0
2024-09-20 14:00:00+09:00,298.0,300.0,297.0,297.0,3000,0.0,0.0
2024-09-24 09:00:00+09:00,298.0,298.0,295.0,297.0,4900,0.0,0.0
2024-09-24 10:00:00+09:00,296.0,296.0,295.0,295.0,1000,0.0,0.0
2024-09-24 11:00:00+09:00,294.0,294.0,293.0,293.0,0,0.0,0.0
2024-09-24 12:00:00+09:00,295.0,295.0,292.0,292.0,7100,0.0,0.0
2024-09-24 13:00:00+09:00,292.0,298.0,291.0,298.0,7800,0.0,0.0
2024-09-24 14:00:00+09:00,295.0,298.0,295.0,297.0,2700,0.0,0.0
2024-09-25 09:00:00+09:00,295.0,295.0,294.0,294.0,5600,0.0,0.0
2024-09-25 10:00:00+09:00,293.0,293.0,289.0,289.0,3800,0.0,0.0
2024-09-25 11:00:00+09:00,292.0,293.0,292.0,293.0,0,0.0,0.0
2024-09-25 12:00:00+09:00,292.0,292.0,290.0,291.0,12100,0.0,0.0
2024-09-25 14:00:00+09:00,292.0,293.0,291.0,292.0,1500,0.0,0.0
2024-09-26 09:00:00+09:00,291.0,294.0,291.0,292.0,6000,0.0,0.0
2024-09-26 10:00:00+09:00,292.0,293.0,292.0,292.0,1700,0.0,0.0
2024-09-26 11:00:00+09:00,292.0,293.0,291.0,293.0,0,0.0,0.0
2024-09-26 12:00:00+09:00,292.0,295.0,291.0,294.0,21000,0.0,0.0
2024-09-26 13:00:00+09:00,292.0,293.0,292.0,292.0,800,0.0,0.0
2024-09-26 14:00:00+09:00,292.0,293.0,291.0,292.0,2600,0.0,0.0
2024-09-27 09:00:00+09:00,292.0,294.0,291.0,291.0,2500,0.0,0.0
2024-09-27 10:00:00+09:00,293.0,294.0,293.0,293.0,700,0.0,0.0
2024-09-27 11:00:00+09:00,293.0,293.0,292.0,292.0,0,0.0,0.0
2024-09-27 12:00:00+09:00,294.0,294.0,293.0,293.0,6500,0.0,0.0
2024-09-27 13:00:00+09:00,293.0,296.0,293.0,295.0,5900,0.0,0.0
2024-09-27 14:00:00+09:00,295.0,295.0,293.0,294.0,1000,0.0,0.0
2024-09-30 09:00:00+09:00,289.0,291.0,288.0,288.0,8900,0.0,0.0
2024-09-30 10:00:00+09:00,287.0,291.0,287.0,291.0,2000,0.0,0.0
2024-09-30 11:00:00+09:00,290.0,290.0,288.0,288.0,0,0.0,0.0
2024-09-30 12:00:00+09:00,288.0,288.0,288.0,288.0,13700,0.0,0.0
2024-09-30 13:00:00+09:00,287.0,288.0,284.0,288.0,8300,0.0,0.0
2024-09-30 14:00:00+09:00,284.0,288.0,284.0,286.0,4900,0.0,0.0
2024-10-01 09:00:00+09:00,285.0,288.0,283.0,284.0,23200,0.0,0.0
2024-10-01 10:00:00+09:00,286.0,286.0,285.0,286.0,700,0.0,0.0
2024-10-01 11:00:00+09:00,286.0,286.0,286.0,286.0,0,0.0,0.0
2024-10-01 12:00:00+09:00,288.0,288.0,286.0,286.0,25000,0.0,0.0
2024-10-01 13:00:00+09:00,287.0,287.0,286.0,287.0,6000,0.0,0.0
2024-10-01 14:00:00+09:00,287.0,288.0,286.0,286.0,4500,0.0,0.0
2024-10-02 09:00:00+09:00,280.0,289.0,280.0,289.0,20600,0.0,0.0
2024-10-02 10:00:00+09:00,288.0,289.0,287.0,287.0,7100,0.0,0.0
2024-10-02 11:00:00+09:00,287.0,287.0,287.0,287.0,0,0.0,0.0
2024-10-02 12:00:00+09:00,286.0,286.0,285.0,285.0,28500,0.0,0.0
2024-10-02 13:00:00+09:00,284.0,284.0,283.0,284.0,3000,0.0,0.0
2024-10-02 14:00:00+09:00,284.0,285.0,282.0,282.0,2200,0.0,0.0
2024-10-03 09:00:00+09:00,288.0,288.0,285.0,286.0,2200,0.0,0.0
2024-10-03 10:00:00+09:00,287.0,292.0,286.0,286.0,13700,0.0,0.0
2024-10-03 11:00:00+09:00,286.0,286.0,286.0,286.0,0,0.0,0.0
2024-10-03 12:00:00+09:00,286.0,286.0,285.0,285.0,17100,0.0,0.0
2024-10-03 13:00:00+09:00,285.0,286.0,285.0,286.0,300,0.0,0.0
2024-10-03 14:00:00+09:00,285.0,285.0,281.0,282.0,7300,0.0,0.0
2024-10-04 09:00:00+09:00,282.0,285.0,282.0,283.0,3900,0.0,0.0
2024-10-04 10:00:00+09:00,284.0,285.0,282.0,282.0,4100,0.0,0.0
2024-10-04 11:00:00+09:00,282.0,282.0,281.0,281.0,0,0.0,0.0
2024-10-04 12:00:00+09:00,280.0,282.0,280.0,281.0,23600,0.0,0.0
2024-10-04 13:00:00+09:00,280.0,281.0,280.0,281.0,4300,0.0,0.0
2024-10-04 14:00:00+09:00,281.0,281.0,281.0,281.0,700,0.0,0.0
2024-10-07 09:00:00+09:00,278.0,278.0,274.0,275.0,30000,0.0,0.0
2024-10-07 10:00:00+09:00,275.0,276.0,274.0,276.0,3300,0.0,0.0
2024-10-07 11:00:00+09:00,276.0,276.0,276.0,276.0,0,0.0,0.0
2024-10-07 12:00:00+09:00,277.0,277.0,275.0,277.0,37200,0.0,0.0
2024-10-07 13:00:00+09:00,277.0,277.0,276.0,276.0,2600,0.0,0.0
2024-10-07 14:00:00+09:00,275.0,275.0,274.0,275.0,9600,0.0,0.0
2024-10-08 09:00:00+09:00,271.0,278.0,271.0,273.0,16900,0.0,0.0
2024-10-08 10:00:00+09:00,276.0,276.0,274.0,276.0,700,0.0,0.0
2024-10-08 11:00:00+09:00,274.0,274.0,274.0,274.0,0,0.0,0.0
2024-10-08 12:00:00+09:00,273.0,273.0,273.0,273.0,21700,0.0,0.0
2024-10-08 13:00:00+09:00,273.0,274.0,272.0,273.0,3200,0.0,0.0
2024-10-08 14:00:00+09:00,273.0,273.0,272.0,272.0,4200,0.0,0.0
2024-10-09 09:00:00+09:00,272.0,274.0,272.0,273.0,7500,0.0,0.0
2024-10-09 10:00:00+09:00,273.0,273.0,273.0,273.0,100,0.0,0.0
2024-10-09 11:00:00+09:00,274.0,274.0,273.0,274.0,0,0.0,0.0
2024-10-09 12:00:00+09:00,273.0,273.0,273.0,273.0,0,0.0,0.0
2024-10-09 13:00:00+09:00,272.0,272.0,272.0,272.0,15700,0.0,0.0
2024-10-09 14:00:00+09:00,272.0,273.0,272.0,273.0,300,0.0,0.0
2024-10-10 09:00:00+09:00,273.0,274.0,270.0,272.0,0,0.0,0.0
2024-10-10 10:00:00+09:00,272.0,273.0,269.0,270.0,21100,0.0,0.0
2024-10-10 11:00:00+09:00,272.0,273.0,272.0,273.0,0,0.0,0.0
2024-10-10 12:00:00+09:00,274.0,274.0,274.0,274.0,24000,0.0,0.0
2024-10-10 13:00:00+09:00,273.0,273.0,273.0,273.0,800,0.0,0.0
2024-10-10 14:00:00+09:00,272.0,272.0,270.0,271.0,1400,0.0,0.0
2024-10-11 09:00:00+09:00,268.0,272.0,268.0,269.0,9400,0.0,0.0
2024-10-11 10:00:00+09:00,269.0,269.0,269.0,269.0,1300,0.0,0.0
2024-10-11 11:00:00+09:00,269.0,269.0,269.0,269.0,0,0.0,0.0
2024-10-11 12:00:00+09:00,269.0,269.0,265.0,265.0,25500,0.0,0.0
2024-10-11 13:00:00+09:00,264.0,270.0,256.0,264.0,49400,0.0,0.0
2024-10-11 14:00:00+09:00,263.0,263.0,261.0,262.0,6500,0.0,0.0
