Datetime,Open,High,Low,Close,Volume,Dividends,Stock Splits
2024-09-09 09:00:00+09:00,23700.0,23700.0,23600.0,23700.0,0,0.0,0.0
2024-09-09 09:01:00+09:00,23700.0,23700.0,23500.0,23500.0,122,0.0,0.0
2024-09-09 09:02:00+09:00,23550.0,23550.0,23300.0,23300.0,123,0.0,0.0
2024-09-09 09:03:00+09:00,23250.0,23250.0,23100.0,23100.0,171,0.0,0.0
2024-09-09 09:04:00+09:00,23050.0,23100.0,23000.0,23100.0,941,0.0,0.0
2024-09-09 09:05:00+09:00,23150.0,23150.0,23050.0,23150.0,492,0.0,0.0
2024-09-09 09:06:00+09:00,23150.0,23150.0,23150.0,23150.0,9,0.0,0.0
2024-09-09 09:07:00+09:00,23150.0,23150.0,23150.0,23150.0,19,0.0,0.0
2024-09-09 09:08:00+09:00,23200.0,23500.0,23200.0,23500.0,924,0.0,0.0
2024-09-09 09:09:00+09:00,23450.0,23500.0,23450.0,23500.0,90,0.0,0.0
2024-09-09 09:10:00+09:00,23550.0,23550.0,23500.0,23500.0,123,0.0,0.0
2024-09-09 09:11:00+09:00,23500.0,23500.0,23350.0,23500.0,133,0.0,0.0
2024-09-09 09:12:00+09:00,23500.0,23500.0,23500.0,23500.0,133,0.0,0.0
2024-09-09 09:13:00+09:00,23500.0,23600.0,23500.0,23600.0,88,0.0,0.0
2024-09-09 09:14:00+09:00,23650.0,23700.0,23650.0,23700.0,624,0.0,0.0
2024-09-09 09:16:00+09:00,23650.0,23700.0,23650.0,23700.0,9,0.0,0.0
2024-09-09 09:17:00+09:00,23500.0,23500.0,23500.0,23500.0,380,0.0,0.0
2024-09-09 09:18:00+09:00,23500.0,23650.0,23500.0,23650.0,47,0.0,0.0
2024-09-09 09:19:00+09:00,23500.0,23500.0,23500.0,23500.0,239,0.0,0.0
2024-09-09 09:20:00+09:00,23550.0,23600.0,23550.0,23550.0,113,0.0,0.0
2024-09-09 09:21:00+09:00,23500.0,23500.0,23400.0,23500.0,235,0.0,0.0
2024-09-09 09:22:00+09:00,23450.0,23450.0,23450.0,23450.0,144,0.0,0.0
2024-09-09 09:23:00+09:00,23550.0,23550.0,23500.0,23550.0,341,0.0,0.0
2024-09-09 09:24:00+09:00,23550.0,23550.0,23550.0,23550.0,231,0.0,0.0
2024-09-09 09:25:00+09:00,23600.0,23600.0,23600.0,23600.0,0,0.0,0.0
2024-09-09 09:26:00+09:00,23650.0,23700.0,23650.0,23700.0,1035,0.0,0.0
2024-09-09 09:27:00+09:00,23700.0,23700.0,23650.0,23650.0,0,0.0,0.0
2024-09-09 09:28:00+09:00,23700.0,23900.0,23700.0,23900.0,46,0.0,0.0
2024-09-09 09:29:00+09:00,23900.0,23900.0,23750.0,23900.0,57,0.0,0.0
2024-09-09 09:30:00+09:00,23850.0,24000.0,23650.0,23650.0,630,0.0,0.0
2024-09-09 09:31:00+09:00,23950.0,24200.0,23750.0,24100.0,118,0.0,0.0
2024-09-09 09:32:00+09:00,23750.0,23800.0,23700.0,23800.0,236,0.0,0.0
2024-09-09 09:33:00+09:00,23950.0,23950.0,23950.0,23950.0,0,0.0,0.0
2024-09-09 09:34:00+09:00,23900.0,23950.0,23700.0,23950.0,79,0.0,0.0
2024-09-09 09:35:00+09:00,23950.0,23950.0,23950.0,23950.0,27,0.0,0.0
2024-09-09 09:36:00+09:00,24000.0,24000.0,24000.0,24000.0,2,0.0,0.0
2024-09-09 09:37:00+09:00,23750.0,23950.0,23750.0,23950.0,6,0.0,0.0
2024-09-09 09:38:00+09:00,23950.0,23950.0,23950.0,23950.0,38,0.0,0.0
2024-09-09 09:39:00+09:00,23900.0,23900.0,23900.0,23900.0,20,0.0,0.0
2024-09-09 09:40:00+09:00,23900.0,23900.0,23700.0,23900.0,193,0.0,0.0
2024-09-09 09:41:00+09:00,23900.0,23950.0,23900.0,23900.0,56,0.0,0.0
2024-09-09 09:42:00+09:00,23900.0,23900.0,23900.0,23900.0,74,0.0,0.0
2024-09-09 09:44:00+09:00,23750.0,23850.0,23750.0,23850.0,19,0.0,0.0
2024-09-09 09:45:00+09:00,23850.0,23850.0,23750.0,23750.0,78,0.0,0.0
2024-09-09 09:46:00+09:00,23750.0,23750.0,23750.0,23750.0,51,0.0,0.0
2024-09-09 09:47:00+09:00,23900.0,23900.0,23850.0,23850.0,66,0.0,0.0
2024-09-09 09:48:00+09:00,23850.0,23850.0,23850.0,23850.0,39,0.0,0.0
2024-09-09 09:49:00+09:00,23850.0,23850.0,23850.0,23850.0,0,0.0,0.0
2024-09-09 09:51:00+09:00,23850.0,23850.0,23800.0,23800.0,5,0.0,0.0
2024-09-09 09:52:00+09:00,23800.0,23900.0,23800.0,23900.0,234,0.0,0.0
2024-09-09 09:53:00+09:00,23950.0,23950.0,23950.0,23950.0,143,0.0,0.0
2024-09-09 09:54:00+09:00,24000.0,24000.0,24000.0,24000.0,0,0.0,0.0
2024-09-09 09:56:00+09:00,23950.0,24000.0,23900.0,23900.0,138,0.0,0.0
2024-09-09 09:58:00+09:00,24000.0,24000.0,24000.0,24000.0,29,0.0,0.0
2024-09-09 09:59:00+09:00,24000.0,24000.0,24000.0,24000.0,0,0.0,0.0
2024-09-09 10:00:00+09:00,23950.0,23950.0,23900.0,23900.0,103,0.0,0.0
2024-09-09 10:01:00+09:00,23950.0,23950.0,23950.0,23950.0,0,0.0,0.0
2024-09-09 10:02:00+09:00,23950.0,23950.0,23950.0,23950.0,73,0.0,0.0
2024-09-09 10:03:00+09:00,23950.0,23950.0,23950.0,23950.0,1,0.0,0.0
2024-09-09 10:04:00+09:00,23950.0,24100.0,23950.0,24100.0,433,0.0,0.0
2024-09-09 10:05:00+09:00,24100.0,24100.0,24100.0,24100.0,41,0.0,0.0
2024-09-09 10:06:00+09:00,24100.0,24150.0,24100.0,24150.0,22,0.0,0.0
2024-09-09 10:07:00+09:00,24150.0,24450.0,24150.0,24450.0,1541,0.0,0.0
2024-09-09 10:08:00+09:00,24450.0,24450.0,24250.0,24250.0,122,0.0,0.0
2024-09-09 10:09:00+09:00,24350.0,24400.0,24350.0,24400.0,0,0.0,0.0
2024-09-09 10:10:00+09:00,24350.0,24350.0,24300.0,24300.0,22,0.0,0.0
2024-09-09 10:11:00+09:00,24250.0,24350.0,24250.0,24350.0,33,0.0,0.0
2024-09-09 10:13:00+09:00,24300.0,24300.0,24300.0,24300.0,17,0.0,0.0
2024-09-09 10:14:00+09:00,24300.0,24350.0,24300.0,24350.0,20,0.0,0.0
2024-09-09 10:15:00+09:00,24300.0,24300.0,24250.0,24250.0,50,0.0,0.0
2024-09-09 10:16:00+09:00,24250.0,24250.0,24150.0,24150.0,32,0.0,0.0
2024-09-09 10:17:00+09:00,24150.0,24200.0,24150.0,24200.0,152,0.0,0.0
2024-09-09 10:18:00+09:00,24100.0,24100.0,24100.0,24100.0,101,0.0,0.0
2024-09-09 10:19:00+09:00,24100.0,24100.0,24100.0,24100.0,36,0.0,0.0
2024-09-09 10:22:00+09:00,24200.0,24200.0,24050.0,24050.0,87,0.0,0.0
2024-09-09 10:23:00+09:00,24100.0,24150.0,24100.0,24150.0,0,0.0,0.0
2024-09-09 10:25:00+09:00,24000.0,24000.0,24000.0,24000.0,32,0.0,0.0
2024-09-09 10:26:00+09:00,24000.0,24350.0,24000.0,24350.0,215,0.0,0.0
2024-09-09 10:28:00+09:00,24350.0,24400.0,24350.0,24400.0,401,0.0,0.0
2024-09-09 10:29:00+09:00,24450.0,24450.0,24450.0,24450.0,0,0.0,0.0
2024-09-09 10:30:00+09:00,24350.0,24450.0,24350.0,24450.0,59,0.0,0.0
2024-09-09 10:31:00+09:00,24400.0,24400.0,24400.0,24400.0,98,0.0,0.0
2024-09-09 10:32:00+09:00,24450.0,24450.0,24400.0,24400.0,109,0.0,0.0
2024-09-09 10:33:00+09:00,24450.0,24450.0,24450.0,24450.0,72,0.0,0.0
2024-09-09 10:34:00+09:00,24450.0,24500.0,24400.0,24500.0,175,0.0,0.0
2024-09-09 10:35:00+09:00,24500.0,24550.0,24450.0,24550.0,760,0.0,0.0
2024-09-09 10:36:00+09:00,24550.0,24600.0,24550.0,24600.0,98,0.0,0.0
2024-09-09 10:37:00+09:00,24550.0,24600.0,24450.0,24450.0,82,0.0,0.0
2024-09-09 10:38:00+09:00,24600.0,24650.0,24600.0,24650.0,66,0.0,0.0
2024-09-09 10:39:00+09:00,24500.0,24500.0,24500.0,24500.0,1,0.0,0.0
2024-09-09 10:40:00+09:00,24600.0,24600.0,24600.0,24600.0,47,0.0,0.0
2024-09-09 10:41:00+09:00,24600.0,24650.0,24600.0,24650.0,183,0.0,0.0
2024-09-09 10:42:00+09:00,24650.0,24650.0,24650.0,24650.0,123,0.0,0.0
2024-09-09 10:43:00+09:00,24600.0,24650.0,24600.0,24650.0,25,0.0,0.0
2024-09-09 10:44:00+09:00,24650.0,24650.0,24650.0,24650.0,33,0.0,0.0
2024-09-09 10:45:00+09:00,24650.0,24650.0,24650.0,24650.0,46,0.0,0.0
2024-09-09 10:46:00+09:00,24700.0,24700.0,24700.0,24700.0,0,0.0,0.0
2024-09-09 10:48:00+09:00,24650.0,24700.0,24650.0,24700.0,26,0.0,0.0
2024-09-09 10:49:00+09:00,24650.0,24700.0,24600.0,24700.0,99,0.0,0.0
2024-09-09 10:50:00+09:00,24650.0,24650.0,24650.0,24650.0,0,0.0,0.0
2024-09-09 10:51:00+09:00,24700.0,24950.0,24650.0,24950.0,2334,0.0,0.0
2024-09-09 10:52:00+09:00,25000.0,25500.0,24850.0,24850.0,452,0.0,0.0
2024-09-09 10:53:00+09:00,24850.0,24850.0,24850.0,24850.0,0,0.0,0.0
2024-09-09 10:54:00+09:00,24800.0,25000.0,24800.0,24950.0,243,0.0,0.0
2024-09-09 10:55:00+09:00,24950.0,24950.0,24800.0,24800.0,137,0.0,0.0
2024-09-09 10:57:00+09:00,24800.0,24950.0,24800.0,24950.0,8,0.0,0.0
2024-09-09 10:58:00+09:00,24800.0,24900.0,24750.0,24750.0,273,0.0,0.0
2024-09-09 10:59:00+09:00,24800.0,24800.0,24800.0,24800.0,0,0.0,0.0
2024-09-09 11:00:00+09:00,24850.0,24900.0,24850.0,24900.0,92,0.0,0.0
2024-09-09 11:01:00+09:00,24800.0,24800.0,24750.0,24800.0,168,0.0,0.0
2024-09-09 11:02:00+09:00,24800.0,24800.0,24750.0,24800.0,199,0.0,0.0
2024-09-09 11:03:00+09:00,24850.0,24850.0,24800.0,24800.0,30,0.0,0.0
2024-09-09 11:04:00+09:00,24750.0,24750.0,24750.0,24750.0,51,0.0,0.0
2024-09-09 11:05:00+09:00,24750.0,24750.0,24750.0,24750.0,3,0.0,0.0
2024-09-09 11:06:00+09:00,24750.0,24800.0,24750.0,24800.0,98,0.0,0.0
2024-09-09 11:09:00+09:00,24850.0,24850.0,24850.0,24850.0,76,0.0,0.0
2024-09-09 11:10:00+09:00,24900.0,24900.0,24800.0,24800.0,0,0.0,0.0
2024-09-09 11:11:00+09:00,24850.0,24850.0,24800.0,24800.0,32,0.0,0.0
2024-09-09 11:12:00+09:00,24800.0,24850.0,24800.0,24800.0,50,0.0,0.0
2024-09-09 11:13:00+09:00,24750.0,24750.0,24750.0,24750.0,26,0.0,0.0
2024-09-09 11:14:00+09:00,24800.0,24800.0,24800.0,24800.0,31,0.0,0.0
2024-09-09 11:15:00+09:00,24850.0,24850.0,24850.0,24850.0,58,0.0,0.0
2024-09-09 11:16:00+09:00,24900.0,25000.0,24900.0,25000.0,285,0.0,0.0
2024-09-09 11:17:00+09:00,24900.0,24900.0,24750.0,24750.0,516,0.0,0.0
2024-09-09 11:18:00+09:00,25000.0,25000.0,25000.0,25000.0,1,0.0,0.0
2024-09-09 11:19:00+09:00,24950.0,24950.0,24950.0,24950.0,11,0.0,0.0
2024-09-09 11:20:00+09:00,24950.0,25000.0,24950.0,25000.0,216,0.0,0.0
2024-09-09 11:21:00+09:00,25000.0,25000.0,24950.0,24950.0,0,0.0,0.0
2024-09-09 11:22:00+09:00,24950.0,25000.0,24900.0,24900.0,81,0.0,0.0
2024-09-09 11:23:00+09:00,24900.0,25000.0,24900.0,25000.0,96,0.0,0.0
2024-09-09 11:24:00+09:00,25050.0,25050.0,24850.0,24850.0,5,0.0,0.0
2024-09-09 11:25:00+09:00,24900.0,24900.0,24900.0,24900.0,50,0.0,0.0
2024-09-09 11:27:00+09:00,24950.0,25000.0,24800.0,25000.0,30,0.0,0.0
2024-09-09 11:28:00+09:00,24900.0,24900.0,24900.0,24900.0,63,0.0,0.0
2024-09-09 11:29:00+09:00,25050.0,25050.0,25050.0,25050.0,155,0.0,0.0
2024-09-09 11:30:00+09:00,24950.0,24950.0,24950.0,24950.0,28,0.0,0.0
2024-09-09 11:31:00+09:00,24950.0,24950.0,24900.0,24950.0,37,0.0,0.0
2024-09-09 11:32:00+09:00,25000.0,25000.0,25000.0,25000.0,52,0.0,0.0
2024-09-09 11:33:00+09:00,24950.0,24950.0,24950.0,24950.0,14,0.0,0.0
2024-09-09 11:34:00+09:00,25000.0,25000.0,25000.0,25000.0,6,0.0,0.0
2024-09-09 11:35:00+09:00,24950.0,24950.0,24750.0,24900.0,271,0.0,0.0
2024-09-09 11:37:00+09:00,24950.0,24950.0,24850.0,24850.0,36,0.0,0.0
2024-09-09 11:38:00+09:00,24900.0,24900.0,24850.0,24850.0,88,0.0,0.0
2024-09-09 11:39:00+09:00,24800.0,24800.0,24750.0,24750.0,403,0.0,0.0
2024-09-09 11:40:00+09:00,24800.0,24800.0,24800.0,24800.0,0,0.0,0.0
2024-09-09 11:41:00+09:00,24800.0,24800.0,24800.0,24800.0,58,0.0,0.0
2024-09-09 11:42:00+09:00,24900.0,25050.0,24900.0,25050.0,54,0.0,0.0
2024-09-09 11:43:00+09:00,25050.0,25050.0,24900.0,24900.0,102,0.0,0.0
2024-09-09 11:44:00+09:00,24900.0,25100.0,24900.0,25100.0,86,0.0,0.0
2024-09-09 11:45:00+09:00,25050.0,25100.0,24750.0,25100.0,64,0.0,0.0
2024-09-09 11:47:00+09:00,24950.0,25000.0,24950.0,25000.0,89,0.0,0.0
2024-09-09 11:48:00+09:00,25100.0,25100.0,25050.0,25100.0,597,0.0,0.0
2024-09-09 11:49:00+09:00,25100.0,25100.0,25100.0,25100.0,0,0.0,0.0
2024-09-09 11:50:00+09:00,25100.0,25100.0,25100.0,25100.0,337,0.0,0.0
2024-09-09 11:51:00+09:00,25100.0,25100.0,25050.0,25050.0,261,0.0,0.0
2024-09-09 11:52:00+09:00,25100.0,25250.0,25100.0,25200.0,246,0.0,0.0
2024-09-09 11:53:00+09:00,25200.0,25250.0,25100.0,25250.0,108,0.0,0.0
2024-09-09 11:54:00+09:00,25250.0,25250.0,25100.0,25150.0,11,0.0,0.0
2024-09-09 11:55:00+09:00,25150.0,25150.0,25100.0,25100.0,55,0.0,0.0
2024-09-09 11:57:00+09:00,25150.0,25200.0,25150.0,25200.0,198,0.0,0.0
2024-09-09 11:58:00+09:00,25200.0,25300.0,25200.0,25250.0,111,0.0,0.0
2024-09-09 11:59:00+09:00,25300.0,25300.0,25200.0,25200.0,69,0.0,0.0
2024-09-09 12:00:00+09:00,25200.0,25300.0,25200.0,25250.0,123,0.0,0.0
2024-09-09 12:01:00+09:00,25250.0,25350.0,25250.0,25350.0,167,0.0,0.0
2024-09-09 12:02:00+09:00,25350.0,25350.0,25200.0,25200.0,55,0.0,0.0
2024-09-09 12:03:00+09:00,25250.0,25250.0,25200.0,25200.0,28,0.0,0.0
2024-09-09 12:04:00+09:00,25250.0,25300.0,25200.0,25250.0,400,0.0,0.0
2024-09-09 12:05:00+09:00,25200.0,25250.0,25200.0,25250.0,23,0.0,0.0
2024-09-09 12:06:00+09:00,25300.0,25300.0,25300.0,25300.0,12,0.0,0.0
2024-09-09 12:07:00+09:00,25350.0,25350.0,25300.0,25300.0,391,0.0,0.0
2024-09-09 12:08:00+09:00,25300.0,25400.0,25300.0,25350.0,102,0.0,0.0
2024-09-09 12:09:00+09:00,25350.0,25400.0,25350.0,25400.0,139,0.0,0.0
2024-09-09 12:10:00+09:00,25350.0,25350.0,25300.0,25300.0,20,0.0,0.0
2024-09-09 12:11:00+09:00,25300.0,25400.0,25300.0,25400.0,620,0.0,0.0
2024-09-09 12:12:00+09:00,25400.0,25450.0,25400.0,25400.0,0,0.0,0.0
2024-09-09 12:13:00+09:00,25400.0,25500.0,25400.0,25500.0,515,0.0,0.0
2024-09-09 12:14:00+09:00,25500.0,25500.0,25500.0,25500.0,0,0.0,0.0
2024-09-09 12:15:00+09:00,25450.0,25450.0,25450.0,25450.0,26,0.0,0.0
2024-09-09 12:16:00+09:00,25400.0,25450.0,25400.0,25450.0,36,0.0,0.0
2024-09-09 12:17:00+09:00,25500.0,25600.0,25500.0,25600.0,173,0.0,0.0
2024-09-09 12:18:00+09:00,25600.0,25600.0,25550.0,25600.0,373,0.0,0.0
2024-09-09 12:19:00+09:00,25550.0,25550.0,25550.0,25550.0,0,0.0,0.0
2024-09-09 12:21:00+09:00,25350.0,25350.0,25350.0,25350.0,1483,0.0,0.0
2024-09-09 12:23:00+09:00,25300.0,25400.0,25300.0,25400.0,0,0.0,0.0
2024-09-09 12:24:00+09:00,25400.0,25400.0,25400.0,25400.0,20,0.0,0.0
2024-09-09 12:25:00+09:00,25350.0,25400.0,25350.0,25400.0,23,0.0,0.0
2024-09-09 12:26:00+09:00,25350.0,25350.0,25300.0,25300.0,49,0.0,0.0
2024-09-09 12:27:00+09:00,25350.0,25400.0,25350.0,25350.0,30,0.0,0.0
2024-09-09 12:28:00+09:00,25350.0,25350.0,25350.0,25350.0,9,0.0,0.0
2024-09-09 12:29:00+09:00,25300.0,25350.0,25300.0,25350.0,88,0.0,0.0
2024-09-09 12:30:00+09:00,25400.0,25400.0,25400.0,25400.0,0,0.0,0.0
2024-09-09 12:31:00+09:00,25400.0,25400.0,25350.0,25400.0,46,0.0,0.0
2024-09-09 12:32:00+09:00,25300.0,25400.0,25300.0,25400.0,64,0.0,0.0
2024-09-09 12:34:00+09:00,25350.0,25350.0,25300.0,25300.0,43,0.0,0.0
2024-09-09 12:35:00+09:00,25350.0,25350.0,25350.0,25350.0,17,0.0,0.0
2024-09-09 12:38:00+09:00,25350.0,25350.0,25350.0,25350.0,180,0.0,0.0
2024-09-09 12:40:00+09:00,25350.0,25350.0,25350.0,25350.0,56,0.0,0.0
2024-09-09 12:43:00+09:00,25400.0,25400.0,25400.0,25400.0,155,0.0,0.0
2024-09-09 12:44:00+09:00,25400.0,25400.0,25350.0,25350.0,31,0.0,0.0
2024-09-09 12:46:00+09:00,25400.0,25400.0,25350.0,25350.0,116,0.0,0.0
2024-09-09 12:47:00+09:00,25400.0,25400.0,25300.0,25300.0,47,0.0,0.0
2024-09-09 12:48:00+09:00,25300.0,25300.0,25300.0,25300.0,47,0.0,0.0
2024-09-09 12:49:00+09:00,25350.0,25350.0,25300.0,25300.0,11,0.0,0.0
2024-09-09 12:50:00+09:00,25300.0,25300.0,25300.0,25300.0,37,0.0,0.0
2024-09-09 12:52:00+09:00,25350.0,25350.0,25300.0,25300.0,152,0.0,0.0
2024-09-09 12:53:00+09:00,25400.0,25400.0,25350.0,25350.0,0,0.0,0.0
2024-09-09 12:54:00+09:00,25400.0,25400.0,25400.0,25400.0,42,0.0,0.0
2024-09-09 12:55:00+09:00,25350.0,25350.0,25300.0,25300.0,215,0.0,0.0
2024-09-09 12:57:00+09:00,25350.0,25350.0,25300.0,25300.0,0,0.0,0.0
2024-09-09 12:58:00+09:00,25350.0,25350.0,25300.0,25300.0,49,0.0,0.0
2024-09-09 12:59:00+09:00,25400.0,25400.0,25400.0,25400.0,21,0.0,0.0
2024-09-09 13:00:00+09:00,25400.0,25450.0,25400.0,25450.0,151,0.0,0.0
2024-09-09 13:01:00+09:00,25350.0,25350.0,25350.0,25350.0,21,0.0,0.0
2024-09-09 13:02:00+09:00,25400.0,25400.0,25350.0,25350.0,59,0.0,0.0
2024-09-09 13:03:00+09:00,25300.0,25300.0,25250.0,25250.0,50,0.0,0.0
2024-09-09 13:04:00+09:00,25300.0,25300.0,25300.0,25300.0,11,0.0,0.0
2024-09-09 13:05:00+09:00,25300.0,25300.0,25250.0,25250.0,86,0.0,0.0
2024-09-09 13:06:00+09:00,25250.0,25400.0,25250.0,25400.0,106,0.0,0.0
2024-09-09 13:08:00+09:00,25350.0,25350.0,25300.0,25300.0,85,0.0,0.0
2024-09-09 13:09:00+09:00,25300.0,25400.0,25300.0,25400.0,12,0.0,0.0
2024-09-09 13:10:00+09:00,25400.0,25500.0,25400.0,25500.0,140,0.0,0.0
2024-09-09 13:11:00+09:00,25450.0,25500.0,25450.0,25450.0,136,0.0,0.0
2024-09-09 13:12:00+09:00,25450.0,25450.0,25450.0,25450.0,24,0.0,0.0
2024-09-09 13:13:00+09:00,25450.0,25450.0,25450.0,25450.0,20,0.0,0.0
2024-09-09 13:14:00+09:00,25400.0,25450.0,25400.0,25450.0,38,0.0,0.0
2024-09-09 13:16:00+09:00,25450.0,25450.0,25400.0,25450.0,77,0.0,0.0
2024-09-09 13:17:00+09:00,25450.0,25500.0,25450.0,25500.0,179,0.0,0.0
2024-09-09 13:18:00+09:00,25500.0,25500.0,25500.0,25500.0,50,0.0,0.0
2024-09-09 13:19:00+09:00,25450.0,25550.0,25450.0,25550.0,26,0.0,0.0
2024-09-09 13:21:00+09:00,25500.0,25500.0,25500.0,25500.0,80,0.0,0.0
2024-09-09 13:22:00+09:00,25500.0,25500.0,25500.0,25500.0,0,0.0,0.0
2024-09-09 13:23:00+09:00,25500.0,25500.0,25500.0,25500.0,0,0.0,0.0
2024-09-09 13:24:00+09:00,25450.0,25450.0,25400.0,25450.0,165,0.0,0.0
2024-09-09 13:25:00+09:00,25450.0,25450.0,25450.0,25450.0,49,0.0,0.0
2024-09-09 13:26:00+09:00,25500.0,25500.0,25450.0,25450.0,144,0.0,0.0
2024-09-09 13:27:00+09:00,25400.0,25400.0,25400.0,25400.0,0,0.0,0.0
2024-09-09 13:28:00+09:00,25400.0,25500.0,25400.0,25500.0,106,0.0,0.0
2024-09-09 13:29:00+09:00,25500.0,25500.0,25450.0,25450.0,165,0.0,0.0
2024-09-09 13:30:00+09:00,25450.0,25450.0,25450.0,25450.0,10,0.0,0.0
2024-09-09 13:31:00+09:00,25450.0,25500.0,25450.0,25500.0,62,0.0,0.0
2024-09-09 13:32:00+09:00,25500.0,25550.0,25450.0,25450.0,674,0.0,0.0
2024-09-09 13:33:00+09:00,25450.0,25450.0,25450.0,25450.0,123,0.0,0.0
2024-09-09 13:35:00+09:00,25450.0,25500.0,25450.0,25500.0,27,0.0,0.0
2024-09-09 13:36:00+09:00,25450.0,25450.0,25450.0,25450.0,0,0.0,0.0
2024-09-09 13:37:00+09:00,25500.0,25550.0,25500.0,25550.0,383,0.0,0.0
2024-09-09 13:38:00+09:00,25600.0,25600.0,25600.0,25600.0,96,0.0,0.0
2024-09-09 13:39:00+09:00,25550.0,25600.0,25550.0,25600.0,63,0.0,0.0
2024-09-09 13:40:00+09:00,25600.0,25650.0,25600.0,25600.0,69,0.0,0.0
2024-09-09 13:42:00+09:00,25600.0,25600.0,25600.0,25600.0,583,0.0,0.0
2024-09-09 13:43:00+09:00,25600.0,25650.0,25600.0,25600.0,0,0.0,0.0
2024-09-09 13:44:00+09:00,25550.0,25650.0,25550.0,25650.0,8,0.0,0.0
2024-09-09 13:45:00+09:00,25650.0,25650.0,25550.0,25550.0,73,0.0,0.0
2024-09-09 13:46:00+09:00,25600.0,25600.0,25550.0,25600.0,94,0.0,0.0
2024-09-09 13:47:00+09:00,25550.0,25600.0,25550.0,25600.0,10,0.0,0.0
2024-09-09 13:48:00+09:00,25600.0,25600.0,25550.0,25600.0,52,0.0,0.0
2024-09-09 13:49:00+09:00,25600.0,25650.0,25600.0,25650.0,188,0.0,0.0
2024-09-09 13:50:00+09:00,25650.0,25650.0,25600.0,25600.0,14,0.0,0.0
2024-09-09 13:51:00+09:00,25650.0,25650.0,25650.0,25650.0,92,0.0,0.0
2024-09-09 13:52:00+09:00,25650.0,25650.0,25650.0,25650.0,0,0.0,0.0
2024-09-09 13:53:00+09:00,25600.0,25650.0,25600.0,25600.0,45,0.0,0.0
2024-09-09 13:54:00+09:00,25600.0,25650.0,25600.0,25600.0,55,0.0,0.0
2024-09-09 13:55:00+09:00,25650.0,25650.0,25600.0,25600.0,5,0.0,0.0
2024-09-09 13:56:00+09:00,25550.0,25550.0,25550.0,25550.0,63,0.0,0.0
2024-09-09 13:57:00+09:00,25550.0,25550.0,25550.0,25550.0,23,0.0,0.0
2024-09-09 13:58:00+09:00,25550.0,25550.0,25550.0,25550.0,43,0.0,0.0
2024-09-09 13:59:00+09:00,25600.0,25600.0,25600.0,25600.0,56,0.0,0.0
2024-09-09 14:01:00+09:00,25550.0,25550.0,25550.0,25550.0,89,0.0,0.0
2024-09-09 14:02:00+09:00,25500.0,25550.0,25500.0,25550.0,12,0.0,0.0
2024-09-09 14:03:00+09:00,25550.0,25550.0,25550.0,25550.0,24,0.0,0.0
2024-09-09 14:04:00+09:00,25500.0,25550.0,25500.0,25550.0,136,0.0,0.0
2024-09-09 14:05:00+09:00,25550.0,25600.0,25550.0,25600.0,263,0.0,0.0
2024-09-09 14:06:00+09:00,25650.0,25650.0,25650.0,25650.0,17,0.0,0.0
2024-09-09 14:07:00+09:00,25600.0,25600.0,25550.0,25600.0,66,0.0,0.0
2024-09-09 14:08:00+09:00,25600.0,25600.0,25600.0,25600.0,35,0.0,0.0
2024-09-09 14:09:00+09:00,25600.0,25600.0,25600.0,25600.0,125,0.0,0.0
2024-09-09 14:10:00+09:00,25600.0,25650.0,25600.0,25650.0,31,0.0,0.0
2024-09-09 14:11:00+09:00,25650.0,25700.0,25650.0,25700.0,228,0.0,0.0
2024-09-09 14:12:00+09:00,25650.0,25650.0,25650.0,25650.0,23,0.0,0.0
2024-09-09 14:13:00+09:00,25700.0,25700.0,25700.0,25700.0,45,0.0,0.0
2024-09-09 14:14:00+09:00,25700.0,25700.0,25650.0,25650.0,65,0.0,0.0
2024-09-09 14:15:00+09:00,25700.0,25700.0,25700.0,25700.0,22,0.0,0.0
2024-09-09 14:16:00+09:00,25700.0,25700.0,25650.0,25650.0,105,0.0,0.0
2024-09-09 14:17:00+09:00,25600.0,25600.0,25600.0,25600.0,41,0.0,0.0
2024-09-09 14:18:00+09:00,25600.0,25600.0,25600.0,25600.0,1,0.0,0.0
2024-09-09 14:19:00+09:00,25650.0,25650.0,25600.0,25600.0,84,0.0,0.0
2024-09-09 14:20:00+09:00,25600.0,25600.0,25600.0,25600.0,28,0.0,0.0
2024-09-09 14:21:00+09:00,25650.0,25650.0,25600.0,25600.0,12,0.0,0.0
2024-09-09 14:22:00+09:00,25650.0,25650.0,25650.0,25650.0,69,0.0,0.0
2024-09-09 14:23:00+09:00,25600.0,25600.0,25600.0,25600.0,0,0.0,0.0
2024-09-09 14:24:00+09:00,25650.0,25700.0,25650.0,25700.0,225,0.0,0.0
2024-09-09 14:25:00+09:00,25600.0,25600.0,25600.0,25600.0,0,0.0,0.0
2024-09-09 14:26:00+09:00,25700.0,25700.0,25700.0,25700.0,31,0.0,0.0
2024-09-09 14:27:00+09:00,25600.0,25650.0,25600.0,25650.0,26,0.0,0.0
2024-09-09 14:28:00+09:00,25650.0,25650.0,25600.0,25600.0,34,0.0,0.0
2024-09-09 14:29:00+09:00,25600.0,25600.0,25600.0,25600.0,88,0.0,0.0
2024-09-09 14:30:00+09:00,25700.0,25750.0,25700.0,25700.0,290,0.0,0.0
2024-09-09 14:31:00+09:00,25700.0,25750.0,25700.0,25700.0,609,0.0,0.0
2024-09-09 14:32:00+09:00,25700.0,25700.0,25650.0,25700.0,12,0.0,0.0
2024-09-09 14:33:00+09:00,25700.0,25700.0,25650.0,25650.0,68,0.0,0.0
2024-09-09 14:34:00+09:00,25700.0,25700.0,25700.0,25700.0,1,0.0,0.0
2024-09-09 14:35:00+09:00,25700.0,25700.0,25700.0,25700.0,61,0.0,0.0
2024-09-09 14:36:00+09:00,25650.0,25700.0,25650.0,25650.0,28,0.0,0.0
2024-09-09 14:37:00+09:00,25650.0,25700.0,25650.0,25700.0,43,0.0,0.0
2024-09-09 14:38:00+09:00,25700.0,25700.0,25650.0,25650.0,101,0.0,0.0
2024-09-09 14:39:00+09:00,25700.0,25700.0,25700.0,25700.0,116,0.0,0.0
2024-09-09 14:40:00+09:00,25700.0,25700.0,25700.0,25700.0,103,0.0,0.0
2024-09-09 14:41:00+09:00,25650.0,25700.0,25650.0,25700.0,95,0.0,0.0
2024-09-09 14:42:00+09:00,25650.0,25650.0,25650.0,25650.0,16,0.0,0.0
2024-09-09 14:43:00+09:00,25700.0,25700.0,25650.0,25650.0,86,0.0,0.0
2024-09-09 14:44:00+09:00,25650.0,25650.0,25650.0,25650.0,495,0.0,0.0
2024-09-09 14:46:00+09:00,25600.0,25600.0,25500.0,25500.0,546,0.0,0.0
2024-09-09 14:47:00+09:00,25500.0,25500.0,25450.0,25450.0,511,0.0,0.0
2024-09-09 14:49:00+09:00,25550.0,25550.0,25500.0,25500.0,0,0.0,0.0
2024-09-09 14:50:00+09:00,25500.0,25600.0,25500.0,25550.0,98,0.0,0.0
2024-09-09 14:51:00+09:00,25550.0,25600.0,25500.0,25550.0,314,0.0,0.0
2024-09-09 14:52:00+09:00,25550.0,25550.0,25550.0,25550.0,22,0.0,0.0
2024-09-09 14:54:00+09:00,25550.0,25550.0,25550.0,25550.0,24,0.0,0.0
2024-09-09 14:55:00+09:00,25500.0,25500.0,25500.0,25500.0,33,0.0,0.0
2024-09-09 14:56:00+09:00,25500.0,25500.0,25450.0,25450.0,112,0.0,0.0
2024-09-09 14:57:00+09:00,25550.0,25550.0,25500.0,25500.0,111,0.0,0.0
2024-09-09 14:58:00+09:00,25550.0,25550.0,25550.0,25550.0,2,0.0,0.0
2024-09-09 14:59:00+09:00,25550.0,25550.0,25500.0,25500.0,79,0.0,0.0
2024-09-10 09:00:00+09:00,25350.0,25600.0,25350.0,25400.0,464,0.0,0.0
2024-09-10 09:01:00+09:00,25400.0,25500.0,25350.0,25500.0,672,0.0,0.0
2024-09-10 09:02:00+09:00,25350.0,25400.0,25300.0,25350.0,379,0.0,0.0
2024-09-10 09:03:00+09:00,25350.0,25350.0,25350.0,25350.0,59,0.0,0.0
2024-09-10 09:04:00+09:00,25450.0,25450.0,25350.0,25350.0,249,0.0,0.0
2024-09-10 09:05:00+09:00,25300.0,25300.0,25250.0,25250.0,280,0.0,0.0
2024-09-10 09:06:00+09:00,25250.0,25250.0,25100.0,25100.0,568,0.0,0.0
2024-09-10 09:07:00+09:00,25050.0,25050.0,25000.0,25050.0,586,0.0,0.0
2024-09-10 09:08:00+09:00,25050.0,25050.0,25050.0,25050.0,157,0.0,0.0
2024-09-10 09:09:00+09:00,25150.0,25250.0,25050.0,25150.0,140,0.0,0.0
2024-09-10 09:10:00+09:00,25150.0,25500.0,25100.0,25500.0,267,0.0,0.0
2024-09-10 09:11:00+09:00,25500.0,25550.0,25500.0,25500.0,161,0.0,0.0
2024-09-10 09:12:00+09:00,25300.0,25300.0,25100.0,25100.0,213,0.0,0.0
2024-09-10 09:13:00+09:00,25050.0,25150.0,25000.0,25100.0,1930,0.0,0.0
2024-09-10 09:14:00+09:00,25050.0,25050.0,24900.0,24900.0,540,0.0,0.0
2024-09-10 09:15:00+09:00,24950.0,25050.0,24950.0,25050.0,43,0.0,0.0
2024-09-10 09:16:00+09:00,24950.0,25100.0,24950.0,25100.0,107,0.0,0.0
2024-09-10 09:17:00+09:00,25100.0,25100.0,25000.0,25000.0,97,0.0,0.0
2024-09-10 09:18:00+09:00,25000.0,25050.0,25000.0,25050.0,89,0.0,0.0
2024-09-10 09:19:00+09:00,25050.0,25050.0,24950.0,24950.0,89,0.0,0.0
2024-09-10 09:20:00+09:00,24950.0,25000.0,24950.0,25000.0,126,0.0,0.0
2024-09-10 09:21:00+09:00,25050.0,25250.0,25000.0,25000.0,0,0.0,0.0
2024-09-10 09:23:00+09:00,25050.0,25200.0,25050.0,25200.0,110,0.0,0.0
2024-09-10 09:24:00+09:00,25150.0,25150.0,25150.0,25150.0,0,0.0,0.0
2024-09-10 09:25:00+09:00,25250.0,25300.0,25250.0,25300.0,549,0.0,0.0
2024-09-10 09:26:00+09:00,25300.0,25300.0,25150.0,25150.0,0,0.0,0.0
2024-09-10 09:28:00+09:00,25150.0,25250.0,25150.0,25200.0,77,0.0,0.0
2024-09-10 09:30:00+09:00,25200.0,25200.0,25150.0,25200.0,634,0.0,0.0
2024-09-10 09:33:00+09:00,25200.0,25200.0,25150.0,25150.0,0,0.0,0.0
2024-09-10 09:34:00+09:00,25150.0,25150.0,25150.0,25150.0,39,0.0,0.0
2024-09-10 09:35:00+09:00,25150.0,25150.0,25150.0,25150.0,101,0.0,0.0
2024-09-10 09:36:00+09:00,25150.0,25150.0,25150.0,25150.0,36,0.0,0.0
2024-09-10 09:37:00+09:00,25150.0,25150.0,25150.0,25150.0,0,0.0,0.0
2024-09-10 09:38:00+09:00,25150.0,25150.0,25150.0,25150.0,51,0.0,0.0
2024-09-10 09:39:00+09:00,25150.0,25150.0,25150.0,25150.0,20,0.0,0.0
2024-09-10 09:40:00+09:00,25150.0,25150.0,25150.0,25150.0,40,0.0,0.0
2024-09-10 09:41:00+09:00,25250.0,25250.0,25150.0,25150.0,13,0.0,0.0
2024-09-10 09:42:00+09:00,25150.0,25150.0,25150.0,25150.0,38,0.0,0.0
2024-09-10 09:43:00+09:00,25150.0,25150.0,25100.0,25100.0,110,0.0,0.0
2024-09-10 09:44:00+09:00,25150.0,25150.0,25100.0,25100.0,57,0.0,0.0
2024-09-10 09:45:00+09:00,25150.0,25150.0,25100.0,25150.0,106,0.0,0.0
2024-09-10 09:47:00+09:00,25200.0,25200.0,25200.0,25200.0,17,0.0,0.0
2024-09-10 09:48:00+09:00,25200.0,25250.0,25200.0,25250.0,31,0.0,0.0
2024-09-10 09:49:00+09:00,25200.0,25250.0,25200.0,25250.0,131,0.0,0.0
2024-09-10 09:50:00+09:00,25250.0,25250.0,25200.0,25200.0,100,0.0,0.0
2024-09-10 09:51:00+09:00,25250.0,25300.0,25250.0,25300.0,211,0.0,0.0
2024-09-10 09:52:00+09:00,25250.0,25300.0,25100.0,25100.0,391,0.0,0.0
2024-09-10 09:53:00+09:00,25150.0,25150.0,25100.0,25100.0,33,0.0,0.0
2024-09-10 09:54:00+09:00,25100.0,25100.0,25100.0,25100.0,25,0.0,0.0
2024-09-10 09:55:00+09:00,25100.0,25100.0,25100.0,25100.0,128,0.0,0.0
2024-09-10 09:56:00+09:00,25050.0,25050.0,25050.0,25050.0,0,0.0,0.0
2024-09-10 09:57:00+09:00,25050.0,25050.0,25050.0,25050.0,16,0.0,0.0
2024-09-10 09:58:00+09:00,25000.0,25000.0,25000.0,25000.0,157,0.0,0.0
2024-09-10 09:59:00+09:00,25000.0,25000.0,25000.0,25000.0,18,0.0,0.0
2024-09-10 10:00:00+09:00,25050.0,25050.0,25000.0,25000.0,36,0.0,0.0
2024-09-10 10:01:00+09:00,25000.0,25000.0,25000.0,25000.0,539,0.0,0.0
2024-09-10 10:02:00+09:00,25050.0,25050.0,24950.0,24950.0,79,0.0,0.0
2024-09-10 10:03:00+09:00,24950.0,24950.0,24950.0,24950.0,15,0.0,0.0
2024-09-10 10:04:00+09:00,24950.0,24950.0,24850.0,24850.0,991,0.0,0.0
2024-09-10 10:05:00+09:00,24800.0,24950.0,24800.0,24850.0,0,0.0,0.0
2024-09-10 10:06:00+09:00,24800.0,24850.0,24800.0,24850.0,244,0.0,0.0
2024-09-10 10:07:00+09:00,24900.0,24900.0,24900.0,24900.0,1,0.0,0.0
2024-09-10 10:09:00+09:00,24850.0,24900.0,24850.0,24850.0,56,0.0,0.0
2024-09-10 10:10:00+09:00,24850.0,24900.0,24850.0,24850.0,23,0.0,0.0
2024-09-10 10:11:00+09:00,24950.0,24950.0,24950.0,24950.0,87,0.0,0.0
2024-09-10 10:12:00+09:00,24850.0,24850.0,24850.0,24850.0,35,0.0,0.0
2024-09-10 10:13:00+09:00,24850.0,24950.0,24850.0,24950.0,53,0.0,0.0
2024-09-10 10:14:00+09:00,24900.0,24900.0,24900.0,24900.0,42,0.0,0.0
2024-09-10 10:15:00+09:00,24900.0,24900.0,24900.0,24900.0,20,0.0,0.0
2024-09-10 10:16:00+09:00,24900.0,24900.0,24900.0,24900.0,30,0.0,0.0
2024-09-10 10:17:00+09:00,24900.0,25000.0,24900.0,25000.0,0,0.0,0.0
2024-09-10 10:18:00+09:00,24900.0,24900.0,24900.0,24900.0,34,0.0,0.0
2024-09-10 10:19:00+09:00,24900.0,24900.0,24900.0,24900.0,36,0.0,0.0
2024-09-10 10:20:00+09:00,24900.0,24900.0,24900.0,24900.0,94,0.0,0.0
2024-09-10 10:21:00+09:00,24850.0,24950.0,24850.0,24950.0,32,0.0,0.0
2024-09-10 10:23:00+09:00,24950.0,24950.0,24900.0,24900.0,53,0.0,0.0
2024-09-10 10:24:00+09:00,24900.0,24900.0,24900.0,24900.0,54,0.0,0.0
2024-09-10 10:25:00+09:00,24900.0,24900.0,24900.0,24900.0,32,0.0,0.0
2024-09-10 10:26:00+09:00,24900.0,25050.0,24900.0,25050.0,240,0.0,0.0
2024-09-10 10:27:00+09:00,25000.0,25000.0,25000.0,25000.0,69,0.0,0.0
2024-09-10 10:29:00+09:00,24950.0,24950.0,24950.0,24950.0,35,0.0,0.0
2024-09-10 10:30:00+09:00,24950.0,25100.0,24950.0,25100.0,212,0.0,0.0
2024-09-10 10:31:00+09:00,24950.0,24950.0,24950.0,24950.0,39,0.0,0.0
2024-09-10 10:32:00+09:00,24950.0,24950.0,24900.0,24900.0,14,0.0,0.0
2024-09-10 10:33:00+09:00,24900.0,24900.0,24900.0,24900.0,2,0.0,0.0
2024-09-10 10:34:00+09:00,24900.0,24950.0,24900.0,24900.0,52,0.0,0.0
2024-09-10 10:35:00+09:00,25000.0,25000.0,24900.0,24900.0,17,0.0,0.0
2024-09-10 10:36:00+09:00,24900.0,24900.0,24900.0,24900.0,15,0.0,0.0
2024-09-10 10:37:00+09:00,24950.0,24950.0,24900.0,24900.0,264,0.0,0.0
2024-09-10 10:38:00+09:00,24950.0,24950.0,24900.0,24900.0,36,0.0,0.0
2024-09-10 10:39:00+09:00,25000.0,25100.0,25000.0,25100.0,108,0.0,0.0
2024-09-10 10:41:00+09:00,25000.0,25000.0,25000.0,25000.0,16,0.0,0.0
2024-09-10 10:42:00+09:00,25100.0,25100.0,25000.0,25100.0,5,0.0,0.0
2024-09-10 10:43:00+09:00,25000.0,25000.0,24950.0,24950.0,38,0.0,0.0
2024-09-10 10:44:00+09:00,24950.0,24950.0,24950.0,24950.0,21,0.0,0.0
2024-09-10 10:45:00+09:00,24950.0,24950.0,24950.0,24950.0,14,0.0,0.0
2024-09-10 10:46:00+09:00,24950.0,25100.0,24950.0,25100.0,104,0.0,0.0
2024-09-10 10:47:00+09:00,25100.0,25150.0,25100.0,25150.0,98,0.0,0.0
2024-09-10 10:48:00+09:00,25150.0,25150.0,25150.0,25150.0,227,0.0,0.0
2024-09-10 10:49:00+09:00,25150.0,25200.0,25150.0,25200.0,71,0.0,0.0
2024-09-10 10:50:00+09:00,25200.0,25200.0,25000.0,25200.0,226,0.0,0.0
2024-09-10 10:53:00+09:00,25050.0,25050.0,25050.0,25050.0,0,0.0,0.0
2024-09-10 10:54:00+09:00,25050.0,25050.0,25050.0,25050.0,23,0.0,0.0
2024-09-10 10:55:00+09:00,25050.0,25050.0,25050.0,25050.0,14,0.0,0.0
2024-09-10 10:56:00+09:00,25050.0,25050.0,25050.0,25050.0,16,0.0,0.0
2024-09-10 10:57:00+09:00,25100.0,25100.0,25050.0,25050.0,21,0.0,0.0
2024-09-10 10:58:00+09:00,25050.0,25050.0,25050.0,25050.0,20,0.0,0.0
2024-09-10 10:59:00+09:00,25050.0,25050.0,25000.0,25000.0,25,0.0,0.0
2024-09-10 11:00:00+09:00,25000.0,25000.0,25000.0,25000.0,18,0.0,0.0
2024-09-10 11:01:00+09:00,25000.0,25000.0,25000.0,25000.0,16,0.0,0.0
2024-09-10 11:02:00+09:00,25200.0,25200.0,25000.0,25000.0,19,0.0,0.0
2024-09-10 11:03:00+09:00,25000.0,25000.0,25000.0,25000.0,0,0.0,0.0
2024-09-10 11:04:00+09:00,25200.0,25200.0,24950.0,24950.0,57,0.0,0.0
2024-09-10 11:05:00+09:00,24950.0,24950.0,24900.0,24900.0,473,0.0,0.0
2024-09-10 11:06:00+09:00,24900.0,24900.0,24900.0,24900.0,20,0.0,0.0
2024-09-10 11:07:00+09:00,25050.0,25050.0,24900.0,24900.0,3,0.0,0.0
2024-09-10 11:08:00+09:00,24900.0,24900.0,24900.0,24900.0,35,0.0,0.0
2024-09-10 11:09:00+09:00,24900.0,24900.0,24850.0,24900.0,320,0.0,0.0
2024-09-10 11:10:00+09:00,24850.0,24850.0,24850.0,24850.0,29,0.0,0.0
2024-09-10 11:11:00+09:00,24850.0,24850.0,24850.0,24850.0,50,0.0,0.0
2024-09-10 11:12:00+09:00,24850.0,24900.0,24800.0,24800.0,152,0.0,0.0
2024-09-10 11:13:00+09:00,24800.0,24800.0,24800.0,24800.0,14,0.0,0.0
2024-09-10 11:14:00+09:00,24800.0,24900.0,24800.0,24900.0,11,0.0,0.0
2024-09-10 11:15:00+09:00,24800.0,24800.0,24800.0,24800.0,46,0.0,0.0
2024-09-10 11:16:00+09:00,24850.0,24850.0,24850.0,24850.0,17,0.0,0.0
2024-09-10 11:17:00+09:00,24850.0,24900.0,24800.0,24800.0,135,0.0,0.0
2024-09-10 11:18:00+09:00,24900.0,24900.0,24850.0,24850.0,0,0.0,0.0
2024-09-10 11:19:00+09:00,24900.0,24950.0,24900.0,24950.0,363,0.0,0.0
2024-09-10 11:22:00+09:00,24950.0,24950.0,24950.0,24950.0,1,0.0,0.0
2024-09-10 11:23:00+09:00,25200.0,25200.0,24950.0,24950.0,36,0.0,0.0
2024-09-10 11:24:00+09:00,24950.0,24950.0,24950.0,24950.0,17,0.0,0.0
2024-09-10 11:25:00+09:00,24950.0,25150.0,24900.0,24900.0,42,0.0,0.0
2024-09-10 11:26:00+09:00,24900.0,24900.0,24900.0,24900.0,59,0.0,0.0
2024-09-10 11:27:00+09:00,24900.0,25150.0,24900.0,24900.0,127,0.0,0.0
2024-09-10 11:28:00+09:00,24850.0,25000.0,24850.0,25000.0,21,0.0,0.0
2024-09-10 11:29:00+09:00,24850.0,24850.0,24850.0,24850.0,24,0.0,0.0
2024-09-10 11:30:00+09:00,25000.0,25000.0,24850.0,24850.0,137,0.0,0.0
2024-09-10 11:31:00+09:00,24850.0,24850.0,24850.0,24850.0,0,0.0,0.0
2024-09-10 11:32:00+09:00,24850.0,25000.0,24850.0,25000.0,6,0.0,0.0
2024-09-10 11:33:00+09:00,25000.0,25000.0,24850.0,24850.0,20,0.0,0.0
2024-09-10 11:34:00+09:00,24850.0,24850.0,24850.0,24850.0,32,0.0,0.0
2024-09-10 11:35:00+09:00,24850.0,25000.0,24850.0,25000.0,10,0.0,0.0
2024-09-10 11:36:00+09:00,24850.0,24850.0,24850.0,24850.0,29,0.0,0.0
2024-09-10 11:37:00+09:00,24850.0,25000.0,24850.0,25000.0,3,0.0,0.0
2024-09-10 11:38:00+09:00,24850.0,24850.0,24850.0,24850.0,36,0.0,0.0
2024-09-10 11:39:00+09:00,24850.0,24850.0,24850.0,24850.0,14,0.0,0.0
2024-09-10 11:40:00+09:00,24850.0,25000.0,24850.0,24850.0,9,0.0,0.0
2024-09-10 11:41:00+09:00,24850.0,24850.0,24850.0,24850.0,33,0.0,0.0
2024-09-10 11:42:00+09:00,24850.0,24850.0,24850.0,24850.0,17,0.0,0.0
2024-09-10 11:43:00+09:00,25000.0,25000.0,24850.0,24850.0,19,0.0,0.0
2024-09-10 11:44:00+09:00,24850.0,24850.0,24850.0,24850.0,20,0.0,0.0
2024-09-10 11:45:00+09:00,25000.0,25000.0,25000.0,25000.0,0,0.0,0.0
2024-09-10 11:46:00+09:00,24900.0,24900.0,24900.0,24900.0,31,0.0,0.0
2024-09-10 11:47:00+09:00,24900.0,24900.0,24900.0,24900.0,14,0.0,0.0
2024-09-10 11:48:00+09:00,24900.0,25000.0,24900.0,25000.0,5,0.0,0.0
2024-09-10 11:49:00+09:00,24850.0,24850.0,24850.0,24850.0,34,0.0,0.0
2024-09-10 11:50:00+09:00,24850.0,25000.0,24850.0,25000.0,10,0.0,0.0
2024-09-10 11:51:00+09:00,24850.0,24850.0,24850.0,24850.0,27,0.0,0.0
2024-09-10 11:52:00+09:00,25000.0,25000.0,25000.0,25000.0,0,0.0,0.0
2024-09-10 11:53:00+09:00,25000.0,25000.0,24850.0,24850.0,36,0.0,0.0
2024-09-10 11:54:00+09:00,24850.0,24850.0,24850.0,24850.0,20,0.0,0.0
2024-09-10 11:55:00+09:00,24850.0,25000.0,24850.0,25000.0,0,0.0,0.0
2024-09-10 11:56:00+09:00,24850.0,24850.0,24850.0,24850.0,61,0.0,0.0
2024-09-10 11:57:00+09:00,24850.0,24850.0,24850.0,24850.0,17,0.0,0.0
2024-09-10 11:59:00+09:00,24850.0,24850.0,24850.0,24850.0,52,0.0,0.0
2024-09-10 12:01:00+09:00,24850.0,24850.0,24850.0,24850.0,33,0.0,0.0
2024-09-10 12:02:00+09:00,24900.0,24900.0,24900.0,24900.0,77,0.0,0.0
2024-09-10 12:03:00+09:00,24900.0,25000.0,24900.0,25000.0,29,0.0,0.0
2024-09-10 12:04:00+09:00,25000.0,25000.0,25000.0,25000.0,427,0.0,0.0
2024-09-10 12:05:00+09:00,24900.0,24900.0,24900.0,24900.0,574,0.0,0.0
2024-09-10 12:06:00+09:00,25000.0,25000.0,24900.0,24900.0,0,0.0,0.0
2024-09-10 12:07:00+09:00,25000.0,25000.0,24850.0,24900.0,0,0.0,0.0
2024-09-10 12:08:00+09:00,24900.0,25000.0,24850.0,24850.0,795,0.0,0.0
2024-09-10 12:09:00+09:00,24800.0,24800.0,24800.0,24800.0,0,0.0,0.0
2024-09-10 12:10:00+09:00,24900.0,24900.0,24800.0,24800.0,31,0.0,0.0
2024-09-10 12:11:00+09:00,24800.0,24900.0,24800.0,24900.0,13,0.0,0.0
2024-09-10 12:12:00+09:00,24800.0,24800.0,24800.0,24800.0,29,0.0,0.0
2024-09-10 12:13:00+09:00,24800.0,24900.0,24800.0,24900.0,11,0.0,0.0
2024-09-10 12:14:00+09:00,24800.0,24800.0,24800.0,24800.0,27,0.0,0.0
2024-09-10 12:15:00+09:00,24800.0,24800.0,24800.0,24800.0,174,0.0,0.0
2024-09-10 12:16:00+09:00,24800.0,24850.0,24750.0,24800.0,1388,0.0,0.0
2024-09-10 12:17:00+09:00,24750.0,24800.0,24700.0,24700.0,297,0.0,0.0
2024-09-10 12:18:00+09:00,24700.0,24800.0,24700.0,24800.0,7,0.0,0.0
2024-09-10 12:19:00+09:00,24700.0,24700.0,24700.0,24700.0,33,0.0,0.0
2024-09-10 12:20:00+09:00,24700.0,24700.0,24700.0,24700.0,19,0.0,0.0
2024-09-10 12:21:00+09:00,24800.0,24800.0,24800.0,24800.0,0,0.0,0.0
2024-09-10 12:22:00+09:00,24700.0,24700.0,24700.0,24700.0,13,0.0,0.0
2024-09-10 12:23:00+09:00,24750.0,24750.0,24700.0,24700.0,33,0.0,0.0
2024-09-10 12:24:00+09:00,24800.0,24800.0,24700.0,24700.0,1191,0.0,0.0
2024-09-10 12:25:00+09:00,24650.0,24650.0,24650.0,24650.0,0,0.0,0.0
2024-09-10 12:26:00+09:00,24650.0,24700.0,24650.0,24700.0,27,0.0,0.0
2024-09-10 12:27:00+09:00,24700.0,24700.0,24700.0,24700.0,175,0.0,0.0
2024-09-10 12:29:00+09:00,24750.0,24800.0,24750.0,24800.0,2,0.0,0.0
2024-09-10 12:30:00+09:00,24800.0,24800.0,24800.0,24800.0,169,0.0,0.0
2024-09-10 12:31:00+09:00,24800.0,24850.0,24750.0,24850.0,327,0.0,0.0
2024-09-10 12:32:00+09:00,24800.0,24850.0,24800.0,24850.0,6,0.0,0.0
2024-09-10 12:34:00+09:00,24850.0,24850.0,24850.0,24850.0,10,0.0,0.0
2024-09-10 12:35:00+09:00,24850.0,24850.0,24850.0,24850.0,0,0.0,0.0
2024-09-10 12:36:00+09:00,24850.0,24850.0,24850.0,24850.0,7,0.0,0.0
2024-09-10 12:37:00+09:00,24800.0,24850.0,24750.0,24850.0,107,0.0,0.0
2024-09-10 12:38:00+09:00,24750.0,24750.0,24700.0,24750.0,35,0.0,0.0
2024-09-10 12:39:00+09:00,24750.0,24750.0,24700.0,24750.0,271,0.0,0.0
2024-09-10 12:41:00+09:00,24800.0,24800.0,24800.0,24800.0,0,0.0,0.0
2024-09-10 12:42:00+09:00,24800.0,24800.0,24800.0,24800.0,205,0.0,0.0
2024-09-10 12:43:00+09:00,24750.0,24750.0,24700.0,24700.0,138,0.0,0.0
2024-09-10 12:44:00+09:00,24750.0,24750.0,24750.0,24750.0,2,0.0,0.0
2024-09-10 12:47:00+09:00,24750.0,24750.0,24750.0,24750.0,0,0.0,0.0
2024-09-10 12:49:00+09:00,24750.0,24750.0,24750.0,24750.0,10,0.0,0.0
2024-09-10 12:50:00+09:00,24750.0,24750.0,24750.0,24750.0,75,0.0,0.0
2024-09-10 12:51:00+09:00,24700.0,24700.0,24700.0,24700.0,15,0.0,0.0
2024-09-10 12:52:00+09:00,24750.0,24750.0,24650.0,24650.0,17,0.0,0.0
2024-09-10 12:53:00+09:00,24650.0,24750.0,24650.0,24700.0,534,0.0,0.0
2024-09-10 12:54:00+09:00,24750.0,24750.0,24750.0,24750.0,0,0.0,0.0
2024-09-10 12:56:00+09:00,24750.0,24750.0,24750.0,24750.0,5,0.0,0.0
2024-09-10 12:57:00+09:00,24750.0,24750.0,24750.0,24750.0,3,0.0,0.0
2024-09-10 12:59:00+09:00,24750.0,24750.0,24750.0,24750.0,6,0.0,0.0
2024-09-10 13:00:00+09:00,24750.0,24750.0,24750.0,24750.0,0,0.0,0.0
2024-09-10 13:01:00+09:00,24700.0,24700.0,24650.0,24650.0,171,0.0,0.0
2024-09-10 13:02:00+09:00,24650.0,24700.0,24650.0,24700.0,28,0.0,0.0
2024-09-10 13:03:00+09:00,24650.0,24650.0,24650.0,24650.0,12,0.0,0.0
2024-09-10 13:04:00+09:00,24650.0,24650.0,24650.0,24650.0,34,0.0,0.0
2024-09-10 13:05:00+09:00,24700.0,24700.0,24650.0,24650.0,24,0.0,0.0
2024-09-10 13:06:00+09:00,24650.0,24650.0,24650.0,24650.0,14,0.0,0.0
2024-09-10 13:07:00+09:00,24700.0,24700.0,24600.0,24600.0,486,0.0,0.0
2024-09-10 13:08:00+09:00,24650.0,24650.0,24550.0,24550.0,173,0.0,0.0
2024-09-10 13:10:00+09:00,24550.0,24600.0,24550.0,24600.0,284,0.0,0.0
2024-09-10 13:11:00+09:00,24600.0,24600.0,24600.0,24600.0,0,0.0,0.0
2024-09-10 13:12:00+09:00,24600.0,24600.0,24600.0,24600.0,2,0.0,0.0
2024-09-10 13:13:00+09:00,24550.0,24550.0,24550.0,24550.0,51,0.0,0.0
2024-09-10 13:14:00+09:00,24550.0,24550.0,24550.0,24550.0,16,0.0,0.0
2024-09-10 13:15:00+09:00,24600.0,24650.0,24600.0,24650.0,110,0.0,0.0
2024-09-10 13:16:00+09:00,24650.0,24650.0,24600.0,24600.0,204,0.0,0.0
2024-09-10 13:17:00+09:00,24750.0,24750.0,24750.0,24750.0,0,0.0,0.0
2024-09-10 13:20:00+09:00,24700.0,24750.0,24700.0,24750.0,9,0.0,0.0
2024-09-10 13:22:00+09:00,24600.0,24600.0,24600.0,24600.0,18,0.0,0.0
2024-09-10 13:23:00+09:00,24750.0,24750.0,24750.0,24750.0,10,0.0,0.0
2024-09-10 13:25:00+09:00,24750.0,24750.0,24750.0,24750.0,5,0.0,0.0
2024-09-10 13:26:00+09:00,24600.0,24600.0,24600.0,24600.0,29,0.0,0.0
2024-09-10 13:27:00+09:00,24600.0,24750.0,24600.0,24750.0,13,0.0,0.0
2024-09-10 13:28:00+09:00,24750.0,24750.0,24600.0,24600.0,38,0.0,0.0
2024-09-10 13:29:00+09:00,24600.0,24600.0,24600.0,24600.0,42,0.0,0.0
2024-09-10 13:30:00+09:00,24600.0,24750.0,24600.0,24750.0,23,0.0,0.0
2024-09-10 13:31:00+09:00,24600.0,24600.0,24600.0,24600.0,52,0.0,0.0
2024-09-10 13:32:00+09:00,24600.0,24600.0,24550.0,24550.0,96,0.0,0.0
2024-09-10 13:33:00+09:00,24650.0,24650.0,24650.0,24650.0,0,0.0,0.0
2024-09-10 13:34:00+09:00,24600.0,24600.0,24550.0,24600.0,38,0.0,0.0
2024-09-10 13:35:00+09:00,24550.0,24600.0,24550.0,24600.0,15,0.0,0.0
2024-09-10 13:36:00+09:00,24550.0,24550.0,24550.0,24550.0,65,0.0,0.0
2024-09-10 13:37:00+09:00,24550.0,24550.0,24500.0,24500.0,79,0.0,0.0
2024-09-10 13:38:00+09:00,24500.0,24550.0,24500.0,24550.0,228,0.0,0.0
2024-09-10 13:39:00+09:00,24500.0,24500.0,24500.0,24500.0,39,0.0,0.0
2024-09-10 13:40:00+09:00,24550.0,24550.0,24550.0,24550.0,135,0.0,0.0
2024-09-10 13:41:00+09:00,24650.0,24650.0,24650.0,24650.0,0,0.0,0.0
2024-09-10 13:43:00+09:00,24600.0,24650.0,24600.0,24650.0,117,0.0,0.0
2024-09-10 13:44:00+09:00,24650.0,24650.0,24650.0,24650.0,633,0.0,0.0
2024-09-10 13:45:00+09:00,24650.0,24650.0,24600.0,24600.0,0,0.0,0.0
2024-09-10 13:46:00+09:00,24750.0,24750.0,24750.0,24750.0,3,0.0,0.0
2024-09-10 13:47:00+09:00,24750.0,24750.0,24750.0,24750.0,96,0.0,0.0
2024-09-10 13:48:00+09:00,24750.0,24750.0,24650.0,24650.0,95,0.0,0.0
2024-09-10 13:50:00+09:00,24700.0,24700.0,24700.0,24700.0,2,0.0,0.0
2024-09-10 13:51:00+09:00,24750.0,24750.0,24750.0,24750.0,7,0.0,0.0
2024-09-10 13:52:00+09:00,24650.0,24650.0,24650.0,24650.0,0,0.0,0.0
2024-09-10 13:53:00+09:00,24750.0,24750.0,24750.0,24750.0,10,0.0,0.0
2024-09-10 13:54:00+09:00,24750.0,24750.0,24750.0,24750.0,1691,0.0,0.0
2024-09-10 13:55:00+09:00,24700.0,25000.0,24700.0,25000.0,0,0.0,0.0
2024-09-10 13:56:00+09:00,25000.0,25000.0,25000.0,25000.0,0,0.0,0.0
2024-09-10 13:58:00+09:00,24900.0,24900.0,24900.0,24900.0,8,0.0,0.0
2024-09-10 13:59:00+09:00,24950.0,24950.0,24950.0,24950.0,27,0.0,0.0
2024-09-10 14:01:00+09:00,25000.0,25000.0,25000.0,25000.0,133,0.0,0.0
2024-09-10 14:03:00+09:00,25050.0,25050.0,25050.0,25050.0,0,0.0,0.0
2024-09-10 14:04:00+09:00,25050.0,25050.0,25050.0,25050.0,43,0.0,0.0
2024-09-10 14:05:00+09:00,25000.0,25050.0,25000.0,25050.0,0,0.0,0.0
2024-09-10 14:06:00+09:00,25000.0,25050.0,25000.0,25000.0,16,0.0,0.0
2024-09-10 14:07:00+09:00,25000.0,25000.0,25000.0,25000.0,24,0.0,0.0
2024-09-10 14:08:00+09:00,25000.0,25000.0,24950.0,24950.0,46,0.0,0.0
2024-09-10 14:09:00+09:00,25000.0,25000.0,24900.0,24900.0,37,0.0,0.0
2024-09-10 14:10:00+09:00,24900.0,24900.0,24900.0,24900.0,253,0.0,0.0
2024-09-10 14:11:00+09:00,24900.0,24950.0,24900.0,24950.0,24,0.0,0.0
2024-09-10 14:12:00+09:00,24900.0,24900.0,24900.0,24900.0,29,0.0,0.0
2024-09-10 14:13:00+09:00,24900.0,25000.0,24900.0,25000.0,347,0.0,0.0
2024-09-10 14:14:00+09:00,25050.0,25050.0,25050.0,25050.0,0,0.0,0.0
2024-09-10 14:15:00+09:00,25000.0,25000.0,25000.0,25000.0,0,0.0,0.0
2024-09-10 14:16:00+09:00,24950.0,25050.0,24950.0,25050.0,12,0.0,0.0
2024-09-10 14:18:00+09:00,25050.0,25150.0,25050.0,25150.0,270,0.0,0.0
2024-09-10 14:19:00+09:00,25150.0,25150.0,24950.0,24950.0,162,0.0,0.0
2024-09-10 14:20:00+09:00,25150.0,25150.0,25150.0,25150.0,0,0.0,0.0
2024-09-10 14:22:00+09:00,25150.0,25150.0,25150.0,25150.0,4,0.0,0.0
2024-09-10 14:24:00+09:00,25100.0,25100.0,25100.0,25100.0,7,0.0,0.0
2024-09-10 14:26:00+09:00,24950.0,24950.0,24950.0,24950.0,33,0.0,0.0
2024-09-10 14:27:00+09:00,25100.0,25100.0,24950.0,24950.0,23,0.0,0.0
2024-09-10 14:28:00+09:00,25000.0,25000.0,24950.0,24950.0,163,0.0,0.0
2024-09-10 14:29:00+09:00,24950.0,25100.0,24950.0,25100.0,10,0.0,0.0
2024-09-10 14:30:00+09:00,24950.0,24950.0,24950.0,24950.0,27,0.0,0.0
2024-09-10 14:31:00+09:00,25000.0,25000.0,24950.0,24950.0,23,0.0,0.0
2024-09-10 14:32:00+09:00,24950.0,25050.0,24950.0,24950.0,34,0.0,0.0
2024-09-10 14:33:00+09:00,25050.0,25050.0,24950.0,24950.0,4,0.0,0.0
2024-09-10 14:34:00+09:00,25050.0,25050.0,25050.0,25050.0,8,0.0,0.0
2024-09-10 14:35:00+09:00,24950.0,24950.0,24950.0,24950.0,32,0.0,0.0
2024-09-10 14:36:00+09:00,25000.0,25000.0,25000.0,25000.0,24,0.0,0.0
2024-09-10 14:37:00+09:00,25050.0,25100.0,25050.0,25100.0,101,0.0,0.0
2024-09-10 14:38:00+09:00,25050.0,25100.0,25050.0,25100.0,9,0.0,0.0
2024-09-10 14:39:00+09:00,25100.0,25100.0,25100.0,25100.0,162,0.0,0.0
2024-09-10 14:40:00+09:00,25100.0,25150.0,25100.0,25150.0,351,0.0,0.0
2024-09-10 14:41:00+09:00,25150.0,25150.0,25150.0,25150.0,0,0.0,0.0
2024-09-10 14:42:00+09:00,25150.0,25150.0,25150.0,25150.0,0,0.0,0.0
2024-09-10 14:45:00+09:00,25150.0,25150.0,25150.0,25150.0,3,0.0,0.0
2024-09-10 14:46:00+09:00,25100.0,25100.0,25100.0,25100.0,0,0.0,0.0
2024-09-10 14:47:00+09:00,25150.0,25150.0,25150.0,25150.0,4,0.0,0.0
2024-09-10 14:49:00+09:00,25000.0,25000.0,25000.0,25000.0,42,0.0,0.0
2024-09-10 14:50:00+09:00,25100.0,25100.0,25100.0,25100.0,0,0.0,0.0
2024-09-10 14:51:00+09:00,25000.0,25000.0,25000.0,25000.0,27,0.0,0.0
2024-09-10 14:52:00+09:00,25000.0,25100.0,24950.0,25100.0,1200,0.0,0.0
2024-09-10 14:53:00+09:00,24950.0,24950.0,24950.0,24950.0,32,0.0,0.0
2024-09-10 14:54:00+09:00,24950.0,24950.0,24950.0,24950.0,20,0.0,0.0
2024-09-10 14:55:00+09:00,25050.0,25100.0,25050.0,25100.0,0,0.0,0.0
2024-09-10 14:56:00+09:00,24950.0,24950.0,24950.0,24950.0,41,0.0,0.0
2024-09-10 14:57:00+09:00,24950.0,25100.0,24950.0,25100.0,13,0.0,0.0
2024-09-10 14:59:00+09:00,24950.0,24950.0,24950.0,24950.0,29,0.0,0.0
2024-09-11 09:00:00+09:00,25000.0,25200.0,25000.0,25200.0,252,0.0,0.0
2024-09-11 09:01:00+09:00,25100.0,25100.0,25100.0,25100.0,41,0.0,0.0
2024-09-11 09:02:00+09:00,25200.0,25200.0,25200.0,25200.0,56,0.0,0.0
2024-09-11 09:03:00+09:00,25200.0,25200.0,25200.0,25200.0,0,0.0,0.0
2024-09-11 09:04:00+09:00,25200.0,25300.0,25200.0,25300.0,136,0.0,0.0
2024-09-11 09:05:00+09:00,25350.0,25350.0,25300.0,25300.0,97,0.0,0.0
2024-09-11 09:06:00+09:00,25300.0,25300.0,25250.0,25250.0,47,0.0,0.0
2024-09-11 09:07:00+09:00,25200.0,25250.0,25200.0,25250.0,186,0.0,0.0
2024-09-11 09:08:00+09:00,25250.0,25300.0,25250.0,25300.0,0,0.0,0.0
2024-09-11 09:09:00+09:00,25300.0,25300.0,25300.0,25300.0,128,0.0,0.0
2024-09-11 09:10:00+09:00,25300.0,25300.0,25300.0,25300.0,160,0.0,0.0
2024-09-11 09:11:00+09:00,25300.0,25300.0,25250.0,25250.0,0,0.0,0.0
2024-09-11 09:12:00+09:00,25250.0,25250.0,25150.0,25150.0,412,0.0,0.0
2024-09-11 09:13:00+09:00,25200.0,25200.0,25200.0,25200.0,0,0.0,0.0
2024-09-11 09:14:00+09:00,25300.0,25300.0,25300.0,25300.0,398,0.0,0.0
2024-09-11 09:15:00+09:00,25200.0,25200.0,25150.0,25150.0,0,0.0,0.0
2024-09-11 09:16:00+09:00,25150.0,25150.0,25050.0,25050.0,240,0.0,0.0
2024-09-11 09:18:00+09:00,25050.0,25050.0,25050.0,25050.0,175,0.0,0.0
2024-09-11 09:19:00+09:00,25050.0,25050.0,25050.0,25050.0,18,0.0,0.0
2024-09-11 09:20:00+09:00,25050.0,25050.0,25050.0,25050.0,341,0.0,0.0
2024-09-11 09:21:00+09:00,25100.0,25100.0,25050.0,25050.0,117,0.0,0.0
2024-09-11 09:22:00+09:00,25050.0,25050.0,25050.0,25050.0,232,0.0,0.0
2024-09-11 09:23:00+09:00,25000.0,25000.0,25000.0,25000.0,0,0.0,0.0
2024-09-11 09:24:00+09:00,25050.0,25050.0,25050.0,25050.0,64,0.0,0.0
2024-09-11 09:25:00+09:00,25100.0,25150.0,25100.0,25150.0,78,0.0,0.0
2024-09-11 09:27:00+09:00,25150.0,25350.0,25150.0,25350.0,363,0.0,0.0
2024-09-11 09:28:00+09:00,25350.0,25450.0,25350.0,25450.0,53,0.0,0.0
2024-09-11 09:29:00+09:00,25300.0,25500.0,25300.0,25450.0,209,0.0,0.0
2024-09-11 09:30:00+09:00,25450.0,25500.0,25400.0,25400.0,95,0.0,0.0
2024-09-11 09:32:00+09:00,25500.0,25550.0,25500.0,25550.0,8,0.0,0.0
2024-09-11 09:33:00+09:00,25550.0,25550.0,25500.0,25500.0,34,0.0,0.0
2024-09-11 09:35:00+09:00,25550.0,25600.0,25550.0,25600.0,73,0.0,0.0
2024-09-11 09:36:00+09:00,25600.0,25750.0,25600.0,25700.0,226,0.0,0.0
2024-09-11 09:37:00+09:00,25600.0,25600.0,25600.0,25600.0,153,0.0,0.0
2024-09-11 09:38:00+09:00,25600.0,25800.0,25600.0,25800.0,391,0.0,0.0
2024-09-11 09:39:00+09:00,25800.0,25800.0,25800.0,25800.0,429,0.0,0.0
2024-09-11 09:40:00+09:00,25750.0,25850.0,25700.0,25850.0,2098,0.0,0.0
2024-09-11 09:41:00+09:00,25800.0,25800.0,25800.0,25800.0,341,0.0,0.0
2024-09-11 09:42:00+09:00,25800.0,25850.0,25800.0,25800.0,278,0.0,0.0
2024-09-11 09:44:00+09:00,25750.0,25750.0,25750.0,25750.0,79,0.0,0.0
2024-09-11 09:45:00+09:00,25800.0,25850.0,25800.0,25850.0,37,0.0,0.0
2024-09-11 09:46:00+09:00,25850.0,25850.0,25750.0,25750.0,6,0.0,0.0
2024-09-11 09:47:00+09:00,25750.0,25750.0,25750.0,25750.0,5,0.0,0.0
2024-09-11 09:48:00+09:00,25850.0,25850.0,25800.0,25800.0,44,0.0,0.0
2024-09-11 09:49:00+09:00,25850.0,25850.0,25800.0,25850.0,55,0.0,0.0
2024-09-11 09:50:00+09:00,25900.0,25900.0,25850.0,25900.0,229,0.0,0.0
2024-09-11 09:51:00+09:00,25850.0,25900.0,25850.0,25900.0,465,0.0,0.0
2024-09-11 09:52:00+09:00,25850.0,25850.0,25800.0,25800.0,503,0.0,0.0
2024-09-11 09:53:00+09:00,25750.0,25900.0,25750.0,25900.0,13,0.0,0.0
2024-09-11 09:54:00+09:00,25900.0,25900.0,25900.0,25900.0,1,0.0,0.0
2024-09-11 09:55:00+09:00,25900.0,25900.0,25900.0,25900.0,137,0.0,0.0
2024-09-11 09:56:00+09:00,25950.0,25950.0,25900.0,25950.0,416,0.0,0.0
2024-09-11 09:57:00+09:00,25950.0,25950.0,25950.0,25950.0,17,0.0,0.0
2024-09-11 09:58:00+09:00,25950.0,26000.0,25900.0,25900.0,34,0.0,0.0
2024-09-11 09:59:00+09:00,25900.0,25900.0,25900.0,25900.0,0,0.0,0.0
2024-09-11 10:00:00+09:00,25900.0,25950.0,25900.0,25950.0,152,0.0,0.0
2024-09-11 10:01:00+09:00,25950.0,26000.0,25950.0,25950.0,530,0.0,0.0
2024-09-11 10:02:00+09:00,25950.0,25950.0,25950.0,25950.0,54,0.0,0.0
2024-09-11 10:03:00+09:00,26000.0,26000.0,26000.0,26000.0,87,0.0,0.0
2024-09-11 10:04:00+09:00,26000.0,26000.0,26000.0,26000.0,12,0.0,0.0
2024-09-11 10:05:00+09:00,25950.0,25950.0,25950.0,25950.0,210,0.0,0.0
2024-09-11 10:06:00+09:00,25950.0,25950.0,25950.0,25950.0,0,0.0,0.0
2024-09-11 10:08:00+09:00,25950.0,25950.0,25950.0,25950.0,99,0.0,0.0
2024-09-11 10:09:00+09:00,25950.0,26000.0,25900.0,26000.0,2264,0.0,0.0
2024-09-11 10:10:00+09:00,26000.0,26050.0,26000.0,26050.0,0,0.0,0.0
2024-09-11 10:11:00+09:00,26050.0,26150.0,25900.0,26150.0,259,0.0,0.0
2024-09-11 10:12:00+09:00,26150.0,26150.0,25950.0,25950.0,15,0.0,0.0
2024-09-11 10:13:00+09:00,26150.0,26150.0,26150.0,26150.0,6,0.0,0.0
2024-09-11 10:14:00+09:00,25950.0,26100.0,25950.0,26100.0,266,0.0,0.0
2024-09-11 10:15:00+09:00,26150.0,26150.0,26150.0,26150.0,0,0.0,0.0
2024-09-11 10:17:00+09:00,26100.0,26100.0,26100.0,26100.0,104,0.0,0.0
2024-09-11 10:19:00+09:00,26100.0,26100.0,26100.0,26100.0,2,0.0,0.0
2024-09-11 10:20:00+09:00,26100.0,26100.0,26050.0,26050.0,217,0.0,0.0
2024-09-11 10:21:00+09:00,26100.0,26100.0,26050.0,26050.0,98,0.0,0.0
2024-09-11 10:22:00+09:00,26150.0,26150.0,26150.0,26150.0,355,0.0,0.0
2024-09-11 10:23:00+09:00,26000.0,26100.0,26000.0,26100.0,23,0.0,0.0
2024-09-11 10:24:00+09:00,25950.0,26050.0,25950.0,26050.0,176,0.0,0.0
2024-09-11 10:25:00+09:00,26050.0,26050.0,26050.0,26050.0,58,0.0,0.0
2024-09-11 10:26:00+09:00,25900.0,25900.0,25900.0,25900.0,274,0.0,0.0
2024-09-11 10:27:00+09:00,26000.0,26000.0,25800.0,25800.0,132,0.0,0.0
2024-09-11 10:28:00+09:00,25800.0,25800.0,25800.0,25800.0,0,0.0,0.0
2024-09-11 10:30:00+09:00,26000.0,26000.0,26000.0,26000.0,0,0.0,0.0
2024-09-11 10:31:00+09:00,25800.0,25950.0,25800.0,25950.0,3,0.0,0.0
2024-09-11 10:32:00+09:00,25850.0,25850.0,25850.0,25850.0,80,0.0,0.0
2024-09-11 10:33:00+09:00,25800.0,25800.0,25650.0,25650.0,1200,0.0,0.0
2024-09-11 10:34:00+09:00,25700.0,25700.0,25650.0,25650.0,81,0.0,0.0
2024-09-11 10:35:00+09:00,25700.0,25700.0,25650.0,25650.0,114,0.0,0.0
2024-09-11 10:36:00+09:00,25650.0,25700.0,25650.0,25700.0,60,0.0,0.0
2024-09-11 10:37:00+09:00,25700.0,25700.0,25700.0,25700.0,0,0.0,0.0
2024-09-11 10:38:00+09:00,25700.0,25700.0,25700.0,25700.0,4,0.0,0.0
2024-09-11 10:39:00+09:00,25650.0,25700.0,25650.0,25700.0,143,0.0,0.0
2024-09-11 10:40:00+09:00,25700.0,25750.0,25700.0,25750.0,171,0.0,0.0
2024-09-11 10:42:00+09:00,25700.0,25750.0,25700.0,25750.0,180,0.0,0.0
2024-09-11 10:43:00+09:00,25750.0,25750.0,25500.0,25500.0,781,0.0,0.0
2024-09-11 10:45:00+09:00,25700.0,25750.0,25700.0,25750.0,158,0.0,0.0
2024-09-11 10:48:00+09:00,25750.0,25750.0,25700.0,25700.0,38,0.0,0.0
2024-09-11 10:50:00+09:00,25700.0,25700.0,25700.0,25700.0,120,0.0,0.0
2024-09-11 10:51:00+09:00,25650.0,25650.0,25650.0,25650.0,0,0.0,0.0
2024-09-11 10:52:00+09:00,25650.0,25650.0,25600.0,25600.0,5,0.0,0.0
2024-09-11 10:53:00+09:00,25600.0,25600.0,25600.0,25600.0,252,0.0,0.0
2024-09-11 10:54:00+09:00,25650.0,25650.0,25600.0,25600.0,38,0.0,0.0
2024-09-11 10:55:00+09:00,25600.0,25600.0,25600.0,25600.0,19,0.0,0.0
2024-09-11 11:01:00+09:00,25600.0,25600.0,25600.0,25600.0,73,0.0,0.0
2024-09-11 11:03:00+09:00,25600.0,25600.0,25600.0,25600.0,0,0.0,0.0
2024-09-11 11:06:00+09:00,25600.0,25600.0,25600.0,25600.0,6,0.0,0.0
2024-09-11 11:10:00+09:00,25700.0,25700.0,25700.0,25700.0,4,0.0,0.0
2024-09-11 11:12:00+09:00,25600.0,25600.0,25600.0,25600.0,8,0.0,0.0
2024-09-11 11:13:00+09:00,25600.0,25600.0,25600.0,25600.0,375,0.0,0.0
2024-09-11 11:15:00+09:00,25750.0,25750.0,25750.0,25750.0,0,0.0,0.0
2024-09-11 11:16:00+09:00,25600.0,25600.0,25600.0,25600.0,5,0.0,0.0
2024-09-11 11:17:00+09:00,25650.0,25750.0,25650.0,25750.0,105,0.0,0.0
2024-09-11 11:18:00+09:00,25800.0,25900.0,25800.0,25900.0,245,0.0,0.0
2024-09-11 11:19:00+09:00,26000.0,26000.0,26000.0,26000.0,0,0.0,0.0
2024-09-11 11:22:00+09:00,26000.0,26100.0,26000.0,26100.0,457,0.0,0.0
2024-09-11 11:25:00+09:00,26100.0,26100.0,26100.0,26100.0,181,0.0,0.0
2024-09-11 11:26:00+09:00,26050.0,26050.0,26050.0,26050.0,59,0.0,0.0
2024-09-11 11:28:00+09:00,26000.0,26050.0,26000.0,26050.0,0,0.0,0.0
2024-09-11 11:29:00+09:00,26050.0,26300.0,26000.0,26200.0,1340,0.0,0.0
2024-09-11 11:30:00+09:00,26250.0,26250.0,26250.0,26250.0,27,0.0,0.0
2024-09-11 11:31:00+09:00,26200.0,26200.0,26200.0,26200.0,0,0.0,0.0
2024-09-11 11:32:00+09:00,26150.0,26250.0,26150.0,26250.0,405,0.0,0.0
2024-09-11 11:33:00+09:00,26250.0,26250.0,26250.0,26250.0,70,0.0,0.0
2024-09-11 11:35:00+09:00,26250.0,26250.0,26250.0,26250.0,5,0.0,0.0
2024-09-11 11:36:00+09:00,26250.0,26250.0,26250.0,26250.0,104,0.0,0.0
2024-09-11 11:37:00+09:00,26250.0,26250.0,26250.0,26250.0,0,0.0,0.0
2024-09-11 11:38:00+09:00,26250.0,26250.0,26250.0,26250.0,278,0.0,0.0
2024-09-11 11:39:00+09:00,26250.0,26250.0,26250.0,26250.0,239,0.0,0.0
2024-09-11 11:40:00+09:00,26150.0,26150.0,26100.0,26100.0,0,0.0,0.0
2024-09-11 11:41:00+09:00,26100.0,26250.0,26100.0,26250.0,394,0.0,0.0
2024-09-11 11:45:00+09:00,26250.0,26250.0,26250.0,26250.0,0,0.0,0.0
2024-09-11 11:47:00+09:00,26200.0,26200.0,26200.0,26200.0,6,0.0,0.0
2024-09-11 11:48:00+09:00,26200.0,26200.0,26200.0,26200.0,186,0.0,0.0
2024-09-11 11:49:00+09:00,26100.0,26100.0,26100.0,26100.0,20,0.0,0.0
2024-09-11 11:50:00+09:00,26200.0,26200.0,26200.0,26200.0,13,0.0,0.0
2024-09-11 11:54:00+09:00,26150.0,26150.0,26150.0,26150.0,100,0.0,0.0
2024-09-11 11:55:00+09:00,26150.0,26150.0,26150.0,26150.0,0,0.0,0.0
2024-09-11 11:56:00+09:00,26150.0,26200.0,26150.0,26200.0,6,0.0,0.0
2024-09-11 11:58:00+09:00,26150.0,26150.0,26150.0,26150.0,54,0.0,0.0
2024-09-11 11:59:00+09:00,26100.0,26100.0,26100.0,26100.0,2,0.0,0.0
2024-09-11 12:00:00+09:00,26100.0,26100.0,26050.0,26050.0,130,0.0,0.0
2024-09-11 12:01:00+09:00,26150.0,26150.0,26150.0,26150.0,91,0.0,0.0
2024-09-11 12:02:00+09:00,26150.0,26250.0,26150.0,26250.0,361,0.0,0.0
2024-09-11 12:03:00+09:00,26200.0,26250.0,26200.0,26250.0,423,0.0,0.0
2024-09-11 12:04:00+09:00,26300.0,26300.0,26250.0,26250.0,424,0.0,0.0
2024-09-11 12:05:00+09:00,26250.0,26300.0,26250.0,26250.0,392,0.0,0.0
2024-09-11 12:06:00+09:00,26250.0,26300.0,26250.0,26300.0,64,0.0,0.0
2024-09-11 12:07:00+09:00,26350.0,26350.0,26350.0,26350.0,183,0.0,0.0
2024-09-11 12:08:00+09:00,26350.0,26350.0,26350.0,26350.0,634,0.0,0.0
2024-09-11 12:09:00+09:00,26300.0,26300.0,26300.0,26300.0,0,0.0,0.0
2024-09-11 12:10:00+09:00,26300.0,26300.0,26300.0,26300.0,23,0.0,0.0
2024-09-11 12:11:00+09:00,26250.0,26250.0,26250.0,26250.0,576,0.0,0.0
2024-09-11 12:12:00+09:00,26200.0,26250.0,26200.0,26250.0,0,0.0,0.0
2024-09-11 12:13:00+09:00,26200.0,26200.0,26200.0,26200.0,104,0.0,0.0
2024-09-11 12:14:00+09:00,26200.0,26200.0,26200.0,26200.0,8,0.0,0.0
2024-09-11 12:15:00+09:00,26150.0,26200.0,26050.0,26150.0,643,0.0,0.0
2024-09-11 12:16:00+09:00,26100.0,26100.0,26100.0,26100.0,11,0.0,0.0
2024-09-11 12:17:00+09:00,26000.0,26150.0,26000.0,26150.0,90,0.0,0.0
2024-09-11 12:18:00+09:00,26150.0,26150.0,26150.0,26150.0,37,0.0,0.0
2024-09-11 12:20:00+09:00,26050.0,26050.0,26050.0,26050.0,106,0.0,0.0
2024-09-11 12:21:00+09:00,26050.0,26050.0,26000.0,26000.0,97,0.0,0.0
2024-09-11 12:22:00+09:00,26050.0,26050.0,26050.0,26050.0,28,0.0,0.0
2024-09-11 12:23:00+09:00,26050.0,26050.0,26050.0,26050.0,32,0.0,0.0
2024-09-11 12:24:00+09:00,26050.0,26050.0,26050.0,26050.0,51,0.0,0.0
2024-09-11 12:25:00+09:00,26050.0,26100.0,26000.0,26000.0,35,0.0,0.0
2024-09-11 12:26:00+09:00,26000.0,26050.0,26000.0,26000.0,72,0.0,0.0
2024-09-11 12:27:00+09:00,26050.0,26200.0,26050.0,26200.0,34,0.0,0.0
2024-09-11 12:28:00+09:00,26000.0,26000.0,26000.0,26000.0,46,0.0,0.0
2024-09-11 12:29:00+09:00,26100.0,26100.0,26000.0,26000.0,47,0.0,0.0
2024-09-11 12:31:00+09:00,26000.0,26000.0,25950.0,26000.0,281,0.0,0.0
2024-09-11 12:32:00+09:00,26000.0,26000.0,25950.0,25950.0,588,0.0,0.0
2024-09-11 12:33:00+09:00,25950.0,25950.0,25900.0,25900.0,526,0.0,0.0
2024-09-11 12:34:00+09:00,25900.0,25950.0,25850.0,25850.0,903,0.0,0.0
2024-09-11 12:35:00+09:00,25850.0,25850.0,25850.0,25850.0,0,0.0,0.0
2024-09-11 12:36:00+09:00,25850.0,25850.0,25850.0,25850.0,0,0.0,0.0
2024-09-11 12:39:00+09:00,25850.0,25850.0,25850.0,25850.0,386,0.0,0.0
2024-09-11 12:40:00+09:00,25800.0,25800.0,25800.0,25800.0,0,0.0,0.0
2024-09-11 12:41:00+09:00,25800.0,25800.0,25800.0,25800.0,4,0.0,0.0
2024-09-11 12:44:00+09:00,25800.0,25800.0,25700.0,25700.0,41,0.0,0.0
2024-09-11 12:45:00+09:00,25700.0,25850.0,25700.0,25850.0,6,0.0,0.0
2024-09-11 12:47:00+09:00,25850.0,25850.0,25850.0,25850.0,0,0.0,0.0
2024-09-11 12:49:00+09:00,25700.0,25700.0,25700.0,25700.0,2,0.0,0.0
2024-09-11 12:57:00+09:00,25700.0,25700.0,25700.0,25700.0,10,0.0,0.0
2024-09-11 13:00:00+09:00,25700.0,25700.0,25650.0,25650.0,200,0.0,0.0
2024-09-11 13:01:00+09:00,25750.0,25750.0,25750.0,25750.0,0,0.0,0.0
2024-09-11 13:02:00+09:00,25850.0,25850.0,25850.0,25850.0,999,0.0,0.0
2024-09-11 13:03:00+09:00,25850.0,25850.0,25850.0,25850.0,0,0.0,0.0
2024-09-11 13:05:00+09:00,25800.0,25800.0,25800.0,25800.0,32,0.0,0.0
2024-09-11 13:06:00+09:00,25800.0,25800.0,25800.0,25800.0,20,0.0,0.0
2024-09-11 13:07:00+09:00,25850.0,25850.0,25850.0,25850.0,0,0.0,0.0
2024-09-11 13:09:00+09:00,25900.0,25900.0,25900.0,25900.0,32,0.0,0.0
2024-09-11 13:10:00+09:00,25950.0,25950.0,25850.0,25850.0,746,0.0,0.0
2024-09-11 13:11:00+09:00,25900.0,25900.0,25900.0,25900.0,37,0.0,0.0
2024-09-11 13:12:00+09:00,25850.0,25900.0,25850.0,25900.0,55,0.0,0.0
2024-09-11 13:13:00+09:00,25900.0,25900.0,25900.0,25900.0,13,0.0,0.0
2024-09-11 13:14:00+09:00,25850.0,25850.0,25850.0,25850.0,71,0.0,0.0
2024-09-11 13:15:00+09:00,25850.0,25900.0,25850.0,25900.0,109,0.0,0.0
2024-09-11 13:16:00+09:00,25900.0,25900.0,25800.0,25900.0,36,0.0,0.0
2024-09-11 13:17:00+09:00,25850.0,25900.0,25850.0,25850.0,92,0.0,0.0
2024-09-11 13:18:00+09:00,25900.0,25900.0,25850.0,25850.0,0,0.0,0.0
2024-09-11 13:19:00+09:00,25850.0,25900.0,25850.0,25900.0,75,0.0,0.0
2024-09-11 13:20:00+09:00,25850.0,25850.0,25850.0,25850.0,60,0.0,0.0
2024-09-11 13:21:00+09:00,25850.0,25850.0,25850.0,25850.0,99,0.0,0.0
2024-09-11 13:22:00+09:00,25850.0,25900.0,25850.0,25900.0,115,0.0,0.0
2024-09-11 13:23:00+09:00,25850.0,25850.0,25850.0,25850.0,25,0.0,0.0
2024-09-11 13:24:00+09:00,25850.0,25850.0,25850.0,25850.0,16,0.0,0.0
2024-09-11 13:25:00+09:00,25850.0,25900.0,25850.0,25850.0,155,0.0,0.0
2024-09-11 13:26:00+09:00,25850.0,25900.0,25850.0,25850.0,74,0.0,0.0
2024-09-11 13:27:00+09:00,25850.0,25900.0,25850.0,25850.0,48,0.0,0.0
2024-09-11 13:28:00+09:00,25850.0,25850.0,25850.0,25850.0,93,0.0,0.0
2024-09-11 13:29:00+09:00,25850.0,25850.0,25850.0,25850.0,34,0.0,0.0
2024-09-11 13:30:00+09:00,25850.0,25850.0,25850.0,25850.0,36,0.0,0.0
2024-09-11 13:31:00+09:00,25850.0,25850.0,25850.0,25850.0,1,0.0,0.0
2024-09-11 13:32:00+09:00,25850.0,25850.0,25850.0,25850.0,40,0.0,0.0
2024-09-11 13:33:00+09:00,25850.0,25900.0,25850.0,25850.0,63,0.0,0.0
2024-09-11 13:34:00+09:00,25850.0,25850.0,25850.0,25850.0,42,0.0,0.0
2024-09-11 13:35:00+09:00,25800.0,25850.0,25800.0,25850.0,42,0.0,0.0
2024-09-11 13:36:00+09:00,25850.0,25900.0,25850.0,25900.0,136,0.0,0.0
2024-09-11 13:37:00+09:00,25850.0,25850.0,25850.0,25850.0,28,0.0,0.0
2024-09-11 13:38:00+09:00,25850.0,25850.0,25850.0,25850.0,40,0.0,0.0
2024-09-11 13:39:00+09:00,25850.0,25850.0,25850.0,25850.0,7,0.0,0.0
2024-09-11 13:40:00+09:00,25850.0,25850.0,25850.0,25850.0,133,0.0,0.0
2024-09-11 13:41:00+09:00,25850.0,25850.0,25800.0,25800.0,767,0.0,0.0
2024-09-11 13:42:00+09:00,25850.0,25900.0,25850.0,25850.0,0,0.0,0.0
2024-09-11 13:43:00+09:00,25850.0,25850.0,25800.0,25800.0,69,0.0,0.0
2024-09-11 13:44:00+09:00,25850.0,25850.0,25850.0,25850.0,137,0.0,0.0
2024-09-11 13:45:00+09:00,25850.0,25850.0,25850.0,25850.0,33,0.0,0.0
2024-09-11 13:46:00+09:00,25850.0,25850.0,25850.0,25850.0,51,0.0,0.0
2024-09-11 13:47:00+09:00,25850.0,25850.0,25850.0,25850.0,5,0.0,0.0
2024-09-11 13:59:00+09:00,25800.0,25800.0,25800.0,25800.0,563,0.0,0.0
2024-09-11 14:00:00+09:00,25800.0,25800.0,25800.0,25800.0,310,0.0,0.0
2024-09-11 14:06:00+09:00,25750.0,25750.0,25750.0,25750.0,39,0.0,0.0
2024-09-11 14:07:00+09:00,25750.0,25750.0,25750.0,25750.0,522,0.0,0.0
2024-09-11 14:08:00+09:00,25700.0,25700.0,25700.0,25700.0,97,0.0,0.0
2024-09-11 14:09:00+09:00,25700.0,25700.0,25700.0,25700.0,0,0.0,0.0
2024-09-11 14:10:00+09:00,25750.0,25750.0,25750.0,25750.0,0,0.0,0.0
2024-09-11 14:13:00+09:00,25700.0,25700.0,25700.0,25700.0,17,0.0,0.0
2024-09-11 14:14:00+09:00,25700.0,25700.0,25700.0,25700.0,0,0.0,0.0
2024-09-11 14:18:00+09:00,25750.0,25750.0,25750.0,25750.0,1,0.0,0.0
2024-09-11 14:20:00+09:00,25700.0,25700.0,25700.0,25700.0,10,0.0,0.0
2024-09-11 14:25:00+09:00,25700.0,25700.0,25700.0,25700.0,100,0.0,0.0
2024-09-11 14:26:00+09:00,25700.0,25750.0,25700.0,25750.0,108,0.0,0.0
2024-09-11 14:28:00+09:00,25700.0,25700.0,25650.0,25650.0,1175,0.0,0.0
2024-09-11 14:29:00+09:00,25600.0,25600.0,25600.0,25600.0,339,0.0,0.0
2024-09-11 14:30:00+09:00,25550.0,25550.0,25500.0,25500.0,1512,0.0,0.0
2024-09-11 14:31:00+09:00,25550.0,25550.0,25550.0,25550.0,0,0.0,0.0
2024-09-11 14:32:00+09:00,25550.0,25600.0,25550.0,25600.0,456,0.0,0.0
2024-09-11 14:36:00+09:00,25600.0,25600.0,25550.0,25550.0,132,0.0,0.0
2024-09-11 14:37:00+09:00,25550.0,25550.0,25550.0,25550.0,34,0.0,0.0
2024-09-11 14:40:00+09:00,25500.0,25550.0,25450.0,25550.0,372,0.0,0.0
2024-09-11 14:41:00+09:00,25450.0,25450.0,25450.0,25450.0,231,0.0,0.0
2024-09-11 14:42:00+09:00,25450.0,25450.0,25400.0,25400.0,1825,0.0,0.0
2024-09-11 14:43:00+09:00,25450.0,25450.0,25400.0,25400.0,0,0.0,0.0
2024-09-11 14:44:00+09:00,25450.0,25450.0,25450.0,25450.0,0,0.0,0.0
2024-09-11 14:45:00+09:00,25450.0,25450.0,25450.0,25450.0,175,0.0,0.0
2024-09-11 14:47:00+09:00,25550.0,25550.0,25500.0,25500.0,2,0.0,0.0
2024-09-11 14:49:00+09:00,25450.0,25450.0,25450.0,25450.0,77,0.0,0.0
2024-09-11 14:55:00+09:00,25600.0,25600.0,25600.0,25600.0,36,0.0,0.0
2024-09-11 14:56:00+09:00,25500.0,25550.0,25500.0,25500.0,42,0.0,0.0
2024-09-11 14:57:00+09:00,25500.0,25600.0,25500.0,25600.0,577,0.0,0.0
2024-09-12 09:00:00+09:00,26150.0,26350.0,26050.0,26350.0,1708,0.0,0.0
2024-09-12 09:01:00+09:00,26350.0,26550.0,26150.0,26550.0,1855,0.0,0.0
2024-09-12 09:02:00+09:00,26350.0,26450.0,26350.0,26450.0,166,0.0,0.0
2024-09-12 09:03:00+09:00,26450.0,26600.0,26450.0,26550.0,1775,0.0,0.0
2024-09-12 09:04:00+09:00,26600.0,26800.0,26550.0,26700.0,776,0.0,0.0
2024-09-12 09:05:00+09:00,26700.0,26850.0,26700.0,26850.0,353,0.0,0.0
2024-09-12 09:06:00+09:00,26850.0,26850.0,26600.0,26600.0,124,0.0,0.0
2024-09-12 09:07:00+09:00,26750.0,26800.0,26600.0,26600.0,239,0.0,0.0
2024-09-12 09:08:00+09:00,26800.0,26800.0,26800.0,26800.0,64,0.0,0.0
2024-09-12 09:09:00+09:00,26750.0,26800.0,26650.0,26750.0,120,0.0,0.0
2024-09-12 09:10:00+09:00,26700.0,26750.0,26600.0,26700.0,855,0.0,0.0
2024-09-12 09:11:00+09:00,26650.0,26700.0,26550.0,26700.0,331,0.0,0.0
2024-09-12 09:12:00+09:00,26700.0,26750.0,26600.0,26750.0,152,0.0,0.0
2024-09-12 09:13:00+09:00,26600.0,26750.0,26600.0,26600.0,236,0.0,0.0
2024-09-12 09:14:00+09:00,26750.0,26750.0,26550.0,26550.0,531,0.0,0.0
2024-09-12 09:15:00+09:00,26550.0,26700.0,26500.0,26500.0,624,0.0,0.0
2024-09-12 09:16:00+09:00,26500.0,26500.0,26450.0,26500.0,154,0.0,0.0
2024-09-12 09:17:00+09:00,26500.0,26500.0,26500.0,26500.0,51,0.0,0.0
2024-09-12 09:18:00+09:00,26350.0,26600.0,26350.0,26600.0,95,0.0,0.0
2024-09-12 09:19:00+09:00,26600.0,26600.0,26600.0,26600.0,2,0.0,0.0
2024-09-12 09:20:00+09:00,26600.0,26600.0,26350.0,26500.0,113,0.0,0.0
2024-09-12 09:22:00+09:00,26400.0,26500.0,26250.0,26250.0,443,0.0,0.0
2024-09-12 09:23:00+09:00,26250.0,26450.0,26150.0,26450.0,42,0.0,0.0
2024-09-12 09:25:00+09:00,26450.0,26450.0,26250.0,26250.0,71,0.0,0.0
2024-09-12 09:27:00+09:00,26300.0,26300.0,26200.0,26200.0,35,0.0,0.0
2024-09-12 09:28:00+09:00,26300.0,26300.0,26300.0,26300.0,55,0.0,0.0
2024-09-12 09:29:00+09:00,26300.0,26400.0,26250.0,26400.0,78,0.0,0.0
2024-09-12 09:30:00+09:00,26250.0,26450.0,26250.0,26450.0,287,0.0,0.0
2024-09-12 09:31:00+09:00,26450.0,26450.0,26450.0,26450.0,0,0.0,0.0
2024-09-12 09:32:00+09:00,26450.0,26450.0,26450.0,26450.0,25,0.0,0.0
2024-09-12 09:33:00+09:00,26250.0,26450.0,26250.0,26450.0,69,0.0,0.0
2024-09-12 09:34:00+09:00,26450.0,26450.0,26300.0,26300.0,51,0.0,0.0
2024-09-12 09:35:00+09:00,26400.0,26450.0,26400.0,26450.0,128,0.0,0.0
2024-09-12 09:36:00+09:00,26450.0,26450.0,26300.0,26300.0,58,0.0,0.0
2024-09-12 09:38:00+09:00,26450.0,26450.0,26300.0,26300.0,60,0.0,0.0
2024-09-12 09:39:00+09:00,26450.0,26450.0,26450.0,26450.0,382,0.0,0.0
2024-09-12 09:40:00+09:00,26300.0,26350.0,26300.0,26350.0,0,0.0,0.0
2024-09-12 09:41:00+09:00,26350.0,26350.0,26300.0,26300.0,334,0.0,0.0
2024-09-12 09:42:00+09:00,26300.0,26300.0,26200.0,26200.0,379,0.0,0.0
2024-09-12 09:44:00+09:00,26150.0,26150.0,26100.0,26100.0,465,0.0,0.0
2024-09-12 09:45:00+09:00,26100.0,26100.0,26050.0,26050.0,180,0.0,0.0
2024-09-12 09:46:00+09:00,26050.0,26100.0,25950.0,26000.0,314,0.0,0.0
2024-09-12 09:47:00+09:00,25950.0,26100.0,25950.0,26000.0,286,0.0,0.0
2024-09-12 09:48:00+09:00,26050.0,26050.0,25950.0,25950.0,202,0.0,0.0
2024-09-12 09:49:00+09:00,25950.0,26000.0,25950.0,26000.0,136,0.0,0.0
2024-09-12 09:50:00+09:00,25950.0,26100.0,25950.0,26100.0,4,0.0,0.0
2024-09-12 09:51:00+09:00,26150.0,26150.0,25950.0,25950.0,76,0.0,0.0
2024-09-12 09:52:00+09:00,25950.0,26000.0,25950.0,26000.0,169,0.0,0.0
2024-09-12 09:53:00+09:00,26000.0,26000.0,25900.0,25900.0,327,0.0,0.0
2024-09-12 09:54:00+09:00,25900.0,25900.0,25850.0,25850.0,452,0.0,0.0
2024-09-12 09:55:00+09:00,25950.0,25950.0,25800.0,25800.0,467,0.0,0.0
2024-09-12 09:56:00+09:00,25800.0,26000.0,25800.0,25950.0,433,0.0,0.0
2024-09-12 09:57:00+09:00,26000.0,26000.0,25800.0,25950.0,36,0.0,0.0
2024-09-12 09:58:00+09:00,25800.0,25800.0,25800.0,25800.0,101,0.0,0.0
2024-09-12 09:59:00+09:00,25900.0,25900.0,25800.0,25800.0,167,0.0,0.0
2024-09-12 10:00:00+09:00,25950.0,25950.0,25800.0,25800.0,37,0.0,0.0
2024-09-12 10:01:00+09:00,25800.0,25800.0,25800.0,25800.0,64,0.0,0.0
2024-09-12 10:02:00+09:00,25750.0,25750.0,25700.0,25700.0,160,0.0,0.0
2024-09-12 10:03:00+09:00,25750.0,25750.0,25700.0,25700.0,42,0.0,0.0
2024-09-12 10:04:00+09:00,25700.0,25700.0,25700.0,25700.0,80,0.0,0.0
2024-09-12 10:05:00+09:00,25800.0,25850.0,25700.0,25700.0,162,0.0,0.0
2024-09-12 10:06:00+09:00,25750.0,25800.0,25750.0,25800.0,40,0.0,0.0
2024-09-12 10:07:00+09:00,25800.0,25800.0,25700.0,25700.0,110,0.0,0.0
2024-09-12 10:08:00+09:00,25750.0,25750.0,25700.0,25700.0,160,0.0,0.0
2024-09-12 10:09:00+09:00,25700.0,25700.0,25650.0,25650.0,616,0.0,0.0
2024-09-12 10:10:00+09:00,25650.0,25650.0,25600.0,25650.0,1109,0.0,0.0
2024-09-12 10:11:00+09:00,25600.0,25650.0,25550.0,25550.0,565,0.0,0.0
2024-09-12 10:12:00+09:00,25500.0,25500.0,25500.0,25500.0,0,0.0,0.0
2024-09-12 10:13:00+09:00,25600.0,25600.0,25600.0,25600.0,0,0.0,0.0
2024-09-12 10:14:00+09:00,25500.0,25500.0,25500.0,25500.0,239,0.0,0.0
2024-09-12 10:15:00+09:00,25500.0,25500.0,25450.0,25500.0,122,0.0,0.0
2024-09-12 10:16:00+09:00,25500.0,25500.0,25450.0,25450.0,282,0.0,0.0
2024-09-12 10:17:00+09:00,25500.0,25500.0,25450.0,25450.0,74,0.0,0.0
2024-09-12 10:18:00+09:00,25450.0,25450.0,25400.0,25400.0,57,0.0,0.0
2024-09-12 10:19:00+09:00,25400.0,25450.0,25400.0,25450.0,94,0.0,0.0
2024-09-12 10:20:00+09:00,25400.0,25500.0,25400.0,25450.0,88,0.0,0.0
2024-09-12 10:21:00+09:00,25450.0,25450.0,25400.0,25400.0,472,0.0,0.0
2024-09-12 10:22:00+09:00,25450.0,25450.0,25350.0,25350.0,87,0.0,0.0
2024-09-12 10:23:00+09:00,25350.0,25350.0,25350.0,25350.0,32,0.0,0.0
2024-09-12 10:24:00+09:00,25350.0,25450.0,25350.0,25450.0,130,0.0,0.0
2024-09-12 10:25:00+09:00,25350.0,25350.0,25350.0,25350.0,93,0.0,0.0
2024-09-12 10:26:00+09:00,25300.0,25400.0,25300.0,25300.0,117,0.0,0.0
2024-09-12 10:27:00+09:00,25400.0,25400.0,25300.0,25350.0,171,0.0,0.0
2024-09-12 10:28:00+09:00,25400.0,25400.0,25350.0,25350.0,160,0.0,0.0
2024-09-12 10:29:00+09:00,25350.0,25400.0,25350.0,25350.0,33,0.0,0.0
2024-09-12 10:30:00+09:00,25300.0,25300.0,25300.0,25300.0,127,0.0,0.0
2024-09-12 10:31:00+09:00,25350.0,25450.0,25350.0,25400.0,334,0.0,0.0
2024-09-12 10:32:00+09:00,25400.0,25400.0,25300.0,25300.0,162,0.0,0.0
2024-09-12 10:33:00+09:00,25350.0,25550.0,25350.0,25550.0,206,0.0,0.0
2024-09-12 10:34:00+09:00,25500.0,25500.0,25400.0,25400.0,96,0.0,0.0
2024-09-12 10:35:00+09:00,25400.0,25400.0,25400.0,25400.0,59,0.0,0.0
2024-09-12 10:36:00+09:00,25550.0,25550.0,25400.0,25400.0,117,0.0,0.0
2024-09-12 10:37:00+09:00,25550.0,25550.0,25400.0,25400.0,151,0.0,0.0
2024-09-12 10:38:00+09:00,25500.0,25550.0,25450.0,25450.0,154,0.0,0.0
2024-09-12 10:39:00+09:00,25500.0,25550.0,25450.0,25550.0,193,0.0,0.0
2024-09-12 10:40:00+09:00,25550.0,25550.0,25450.0,25550.0,59,0.0,0.0
2024-09-12 10:41:00+09:00,25550.0,25550.0,25450.0,25550.0,48,0.0,0.0
2024-09-12 10:42:00+09:00,25500.0,25500.0,25500.0,25500.0,154,0.0,0.0
2024-09-12 10:43:00+09:00,25500.0,25600.0,25500.0,25600.0,0,0.0,0.0
2024-09-12 10:44:00+09:00,25600.0,25600.0,25550.0,25600.0,126,0.0,0.0
2024-09-12 10:45:00+09:00,25550.0,25550.0,25500.0,25550.0,161,0.0,0.0
2024-09-12 10:46:00+09:00,25550.0,25550.0,25500.0,25500.0,110,0.0,0.0
2024-09-12 10:47:00+09:00,25550.0,25550.0,25500.0,25500.0,27,0.0,0.0
2024-09-12 10:48:00+09:00,25500.0,25500.0,25500.0,25500.0,20,0.0,0.0
2024-09-12 10:49:00+09:00,25550.0,25550.0,25500.0,25500.0,191,0.0,0.0
2024-09-12 10:50:00+09:00,25500.0,25500.0,25500.0,25500.0,63,0.0,0.0
2024-09-12 10:51:00+09:00,25500.0,25550.0,25500.0,25550.0,33,0.0,0.0
2024-09-12 10:52:00+09:00,25550.0,25550.0,25500.0,25500.0,140,0.0,0.0
2024-09-12 10:53:00+09:00,25500.0,25500.0,25500.0,25500.0,67,0.0,0.0
2024-09-12 10:54:00+09:00,25500.0,25500.0,25500.0,25500.0,97,0.0,0.0
2024-09-12 10:55:00+09:00,25500.0,25500.0,25450.0,25450.0,127,0.0,0.0
2024-09-12 10:56:00+09:00,25450.0,25500.0,25450.0,25450.0,201,0.0,0.0
2024-09-12 10:57:00+09:00,25500.0,25500.0,25500.0,25500.0,2,0.0,0.0
2024-09-12 10:58:00+09:00,25500.0,25500.0,25500.0,25500.0,58,0.0,0.0
2024-09-12 10:59:00+09:00,25450.0,25500.0,25450.0,25500.0,103,0.0,0.0
2024-09-12 11:00:00+09:00,25600.0,25600.0,25550.0,25550.0,0,0.0,0.0
2024-09-12 11:01:00+09:00,25500.0,25550.0,25500.0,25500.0,248,0.0,0.0
2024-09-12 11:02:00+09:00,25500.0,25550.0,25500.0,25550.0,25,0.0,0.0
2024-09-12 11:03:00+09:00,25550.0,25600.0,25500.0,25500.0,120,0.0,0.0
2024-09-12 11:04:00+09:00,25500.0,25500.0,25500.0,25500.0,54,0.0,0.0
2024-09-12 11:05:00+09:00,25550.0,25550.0,25500.0,25500.0,148,0.0,0.0
2024-09-12 11:06:00+09:00,25500.0,25500.0,25500.0,25500.0,12,0.0,0.0
2024-09-12 11:07:00+09:00,25500.0,25600.0,25500.0,25500.0,194,0.0,0.0
2024-09-12 11:08:00+09:00,25550.0,25600.0,25550.0,25600.0,182,0.0,0.0
2024-09-12 11:09:00+09:00,25600.0,25650.0,25600.0,25650.0,110,0.0,0.0
2024-09-12 11:10:00+09:00,25600.0,25600.0,25600.0,25600.0,53,0.0,0.0
2024-09-12 11:11:00+09:00,25650.0,25650.0,25650.0,25650.0,14,0.0,0.0
2024-09-12 11:12:00+09:00,25650.0,25700.0,25650.0,25650.0,363,0.0,0.0
2024-09-12 11:13:00+09:00,25650.0,25700.0,25650.0,25700.0,57,0.0,0.0
2024-09-12 11:14:00+09:00,25700.0,25700.0,25700.0,25700.0,71,0.0,0.0
2024-09-12 11:16:00+09:00,25600.0,25650.0,25600.0,25650.0,196,0.0,0.0
2024-09-12 11:17:00+09:00,25650.0,25650.0,25650.0,25650.0,53,0.0,0.0
2024-09-12 11:18:00+09:00,25650.0,25650.0,25650.0,25650.0,154,0.0,0.0
2024-09-12 11:19:00+09:00,25650.0,25700.0,25650.0,25700.0,174,0.0,0.0
2024-09-12 11:20:00+09:00,25700.0,25700.0,25700.0,25700.0,892,0.0,0.0
2024-09-12 11:21:00+09:00,25750.0,25800.0,25700.0,25800.0,94,0.0,0.0
2024-09-12 11:22:00+09:00,25800.0,25800.0,25800.0,25800.0,63,0.0,0.0
2024-09-12 11:23:00+09:00,25700.0,25700.0,25700.0,25700.0,154,0.0,0.0
2024-09-12 11:24:00+09:00,25650.0,25650.0,25650.0,25650.0,41,0.0,0.0
2024-09-12 11:25:00+09:00,25700.0,25800.0,25700.0,25800.0,386,0.0,0.0
2024-09-12 11:26:00+09:00,25650.0,25650.0,25650.0,25650.0,0,0.0,0.0
2024-09-12 11:27:00+09:00,25700.0,25850.0,25700.0,25850.0,312,0.0,0.0
2024-09-12 11:28:00+09:00,25800.0,25800.0,25750.0,25750.0,123,0.0,0.0
2024-09-12 11:29:00+09:00,25750.0,25800.0,25750.0,25800.0,134,0.0,0.0
2024-09-12 11:30:00+09:00,25750.0,25750.0,25750.0,25750.0,110,0.0,0.0
2024-09-12 11:31:00+09:00,25750.0,25750.0,25750.0,25750.0,57,0.0,0.0
2024-09-12 11:32:00+09:00,25750.0,25750.0,25750.0,25750.0,112,0.0,0.0
2024-09-12 11:33:00+09:00,25750.0,25750.0,25700.0,25700.0,141,0.0,0.0
2024-09-12 11:34:00+09:00,25700.0,25800.0,25700.0,25800.0,54,0.0,0.0
2024-09-12 11:35:00+09:00,25700.0,25800.0,25700.0,25800.0,171,0.0,0.0
2024-09-12 11:36:00+09:00,25700.0,25700.0,25700.0,25700.0,86,0.0,0.0
2024-09-12 11:37:00+09:00,25800.0,25800.0,25700.0,25700.0,70,0.0,0.0
2024-09-12 11:38:00+09:00,25700.0,25750.0,25700.0,25750.0,70,0.0,0.0
2024-09-12 11:39:00+09:00,25750.0,25750.0,25700.0,25700.0,70,0.0,0.0
2024-09-12 11:40:00+09:00,25700.0,25800.0,25700.0,25800.0,372,0.0,0.0
2024-09-12 11:41:00+09:00,25750.0,25800.0,25700.0,25700.0,225,0.0,0.0
2024-09-12 11:42:00+09:00,25750.0,25800.0,25750.0,25800.0,56,0.0,0.0
2024-09-12 11:43:00+09:00,25800.0,26000.0,25750.0,25750.0,637,0.0,0.0
2024-09-12 11:44:00+09:00,25800.0,25900.0,25750.0,25750.0,59,0.0,0.0
2024-09-12 11:45:00+09:00,25850.0,25850.0,25850.0,25850.0,6,0.0,0.0
2024-09-12 11:46:00+09:00,25700.0,25800.0,25700.0,25800.0,171,0.0,0.0
2024-09-12 11:47:00+09:00,25750.0,25800.0,25750.0,25800.0,88,0.0,0.0
2024-09-12 11:48:00+09:00,25800.0,25800.0,25750.0,25800.0,103,0.0,0.0
2024-09-12 11:49:00+09:00,25750.0,25850.0,25750.0,25850.0,113,0.0,0.0
2024-09-12 11:50:00+09:00,25850.0,25850.0,25750.0,25750.0,99,0.0,0.0
2024-09-12 11:51:00+09:00,25750.0,25850.0,25700.0,25850.0,146,0.0,0.0
2024-09-12 11:52:00+09:00,25850.0,25850.0,25700.0,25700.0,98,0.0,0.0
2024-09-12 11:53:00+09:00,25700.0,25800.0,25700.0,25750.0,164,0.0,0.0
2024-09-12 11:54:00+09:00,25750.0,25950.0,25750.0,25950.0,321,0.0,0.0
2024-09-12 11:55:00+09:00,25850.0,25950.0,25800.0,25950.0,108,0.0,0.0
2024-09-12 11:56:00+09:00,25900.0,25950.0,25700.0,25700.0,137,0.0,0.0
2024-09-12 11:57:00+09:00,25750.0,25850.0,25700.0,25850.0,138,0.0,0.0
2024-09-12 11:58:00+09:00,25900.0,25900.0,25850.0,25850.0,196,0.0,0.0
2024-09-12 11:59:00+09:00,25900.0,25950.0,25900.0,25950.0,138,0.0,0.0
2024-09-12 12:00:00+09:00,25850.0,26000.0,25850.0,26000.0,117,0.0,0.0
2024-09-12 12:01:00+09:00,26000.0,26050.0,25850.0,25900.0,156,0.0,0.0
2024-09-12 12:02:00+09:00,25950.0,25950.0,25850.0,25850.0,47,0.0,0.0
2024-09-12 12:03:00+09:00,25850.0,26000.0,25850.0,26000.0,192,0.0,0.0
2024-09-12 12:04:00+09:00,25950.0,26000.0,25900.0,25900.0,1753,0.0,0.0
2024-09-12 12:05:00+09:00,25900.0,26000.0,25900.0,26000.0,99,0.0,0.0
2024-09-12 12:06:00+09:00,25900.0,25900.0,25900.0,25900.0,288,0.0,0.0
2024-09-12 12:07:00+09:00,25900.0,25950.0,25850.0,25850.0,492,0.0,0.0
2024-09-12 12:08:00+09:00,25850.0,25900.0,25700.0,25700.0,140,0.0,0.0
2024-09-12 12:09:00+09:00,25700.0,25850.0,25700.0,25850.0,62,0.0,0.0
2024-09-12 12:10:00+09:00,25700.0,25700.0,25700.0,25700.0,112,0.0,0.0
2024-09-12 12:11:00+09:00,25800.0,25850.0,25650.0,25850.0,188,0.0,0.0
2024-09-12 12:12:00+09:00,25700.0,25700.0,25700.0,25700.0,32,0.0,0.0
2024-09-12 12:13:00+09:00,25700.0,25700.0,25700.0,25700.0,98,0.0,0.0
2024-09-12 12:14:00+09:00,25800.0,25850.0,25700.0,25750.0,185,0.0,0.0
2024-09-12 12:15:00+09:00,25850.0,25850.0,25750.0,25850.0,231,0.0,0.0
2024-09-12 12:16:00+09:00,25850.0,25850.0,25750.0,25750.0,51,0.0,0.0
2024-09-12 12:17:00+09:00,25750.0,25750.0,25750.0,25750.0,198,0.0,0.0
2024-09-12 12:18:00+09:00,25750.0,25750.0,25700.0,25700.0,6,0.0,0.0
2024-09-12 12:19:00+09:00,25850.0,25850.0,25750.0,25750.0,84,0.0,0.0
2024-09-12 12:20:00+09:00,25750.0,25850.0,25750.0,25800.0,144,0.0,0.0
2024-09-12 12:21:00+09:00,25800.0,25800.0,25750.0,25750.0,158,0.0,0.0
2024-09-12 12:22:00+09:00,25700.0,25850.0,25700.0,25800.0,129,0.0,0.0
2024-09-12 12:23:00+09:00,25800.0,25800.0,25700.0,25700.0,69,0.0,0.0
2024-09-12 12:24:00+09:00,25850.0,25850.0,25700.0,25850.0,544,0.0,0.0
2024-09-12 12:25:00+09:00,25800.0,25850.0,25700.0,25700.0,107,0.0,0.0
2024-09-12 12:26:00+09:00,25700.0,25800.0,25650.0,25700.0,187,0.0,0.0
2024-09-12 12:27:00+09:00,25700.0,25800.0,25700.0,25700.0,165,0.0,0.0
2024-09-12 12:28:00+09:00,25800.0,25850.0,25700.0,25850.0,74,0.0,0.0
2024-09-12 12:29:00+09:00,25700.0,25700.0,25650.0,25650.0,137,0.0,0.0
2024-09-12 12:30:00+09:00,25850.0,25850.0,25650.0,25700.0,66,0.0,0.0
2024-09-12 12:31:00+09:00,25650.0,25700.0,25650.0,25700.0,76,0.0,0.0
2024-09-12 12:32:00+09:00,25700.0,25800.0,25700.0,25700.0,195,0.0,0.0
2024-09-12 12:33:00+09:00,25700.0,25700.0,25700.0,25700.0,67,0.0,0.0
2024-09-12 12:34:00+09:00,25800.0,25800.0,25700.0,25750.0,141,0.0,0.0
2024-09-12 12:35:00+09:00,25750.0,25750.0,25650.0,25650.0,240,0.0,0.0
2024-09-12 12:36:00+09:00,25800.0,25800.0,25700.0,25700.0,59,0.0,0.0
2024-09-12 12:37:00+09:00,25650.0,25700.0,25650.0,25700.0,96,0.0,0.0
2024-09-12 12:38:00+09:00,25700.0,25800.0,25650.0,25800.0,296,0.0,0.0
2024-09-12 12:39:00+09:00,25800.0,25800.0,25650.0,25800.0,212,0.0,0.0
2024-09-12 12:40:00+09:00,25650.0,25700.0,25650.0,25650.0,94,0.0,0.0
2024-09-12 12:41:00+09:00,25650.0,25650.0,25650.0,25650.0,34,0.0,0.0
2024-09-12 12:42:00+09:00,25650.0,25650.0,25650.0,25650.0,206,0.0,0.0
2024-09-12 12:43:00+09:00,25650.0,25700.0,25600.0,25600.0,114,0.0,0.0
2024-09-12 12:44:00+09:00,25700.0,25700.0,25600.0,25600.0,169,0.0,0.0
2024-09-12 12:45:00+09:00,25650.0,25700.0,25650.0,25650.0,141,0.0,0.0
2024-09-12 12:47:00+09:00,25650.0,25650.0,25650.0,25650.0,91,0.0,0.0
2024-09-12 12:48:00+09:00,25700.0,25700.0,25600.0,25600.0,448,0.0,0.0
2024-09-12 12:49:00+09:00,25650.0,25700.0,25600.0,25600.0,159,0.0,0.0
2024-09-12 12:50:00+09:00,25600.0,25600.0,25600.0,25600.0,57,0.0,0.0
2024-09-12 12:51:00+09:00,25600.0,25600.0,25600.0,25600.0,161,0.0,0.0
2024-09-12 12:52:00+09:00,25600.0,25650.0,25600.0,25600.0,19,0.0,0.0
2024-09-12 12:53:00+09:00,25600.0,25600.0,25600.0,25600.0,89,0.0,0.0
2024-09-12 12:54:00+09:00,25600.0,25600.0,25600.0,25600.0,116,0.0,0.0
2024-09-12 12:55:00+09:00,25600.0,25600.0,25600.0,25600.0,138,0.0,0.0
2024-09-12 12:56:00+09:00,25600.0,25600.0,25600.0,25600.0,69,0.0,0.0
2024-09-12 12:57:00+09:00,25600.0,25600.0,25600.0,25600.0,70,0.0,0.0
2024-09-12 12:58:00+09:00,25600.0,25650.0,25600.0,25600.0,232,0.0,0.0
2024-09-12 12:59:00+09:00,25650.0,25700.0,25650.0,25700.0,0,0.0,0.0
2024-09-12 13:00:00+09:00,25650.0,25650.0,25550.0,25600.0,526,0.0,0.0
2024-09-12 13:01:00+09:00,25600.0,25600.0,25550.0,25550.0,89,0.0,0.0
2024-09-12 13:02:00+09:00,25550.0,25550.0,25500.0,25500.0,199,0.0,0.0
2024-09-12 13:03:00+09:00,25600.0,25600.0,25600.0,25600.0,0,0.0,0.0
2024-09-12 13:04:00+09:00,25600.0,25650.0,25600.0,25600.0,30,0.0,0.0
2024-09-12 13:05:00+09:00,25600.0,25600.0,25550.0,25600.0,345,0.0,0.0
2024-09-12 13:06:00+09:00,25550.0,25550.0,25550.0,25550.0,170,0.0,0.0
2024-09-12 13:07:00+09:00,25550.0,25550.0,25550.0,25550.0,56,0.0,0.0
2024-09-12 13:08:00+09:00,25500.0,25550.0,25500.0,25550.0,91,0.0,0.0
2024-09-12 13:09:00+09:00,25550.0,25600.0,25550.0,25600.0,121,0.0,0.0
2024-09-12 13:10:00+09:00,25550.0,25550.0,25550.0,25550.0,80,0.0,0.0
2024-09-12 13:11:00+09:00,25550.0,25600.0,25550.0,25550.0,168,0.0,0.0
2024-09-12 13:12:00+09:00,25550.0,25600.0,25500.0,25500.0,186,0.0,0.0
2024-09-12 13:13:00+09:00,25600.0,25600.0,25550.0,25550.0,0,0.0,0.0
2024-09-12 13:14:00+09:00,25550.0,25600.0,25500.0,25600.0,188,0.0,0.0
2024-09-12 13:15:00+09:00,25700.0,25700.0,25600.0,25600.0,785,0.0,0.0
2024-09-12 13:16:00+09:00,25700.0,25800.0,25600.0,25800.0,296,0.0,0.0
2024-09-12 13:17:00+09:00,25700.0,25700.0,25600.0,25700.0,519,0.0,0.0
2024-09-12 13:18:00+09:00,25650.0,25700.0,25600.0,25700.0,608,0.0,0.0
2024-09-12 13:19:00+09:00,25650.0,25650.0,25600.0,25600.0,90,0.0,0.0
2024-09-12 13:20:00+09:00,25650.0,25700.0,25650.0,25650.0,592,0.0,0.0
2024-09-12 13:21:00+09:00,25800.0,25900.0,25800.0,25850.0,732,0.0,0.0
2024-09-12 13:22:00+09:00,25850.0,25850.0,25700.0,25750.0,472,0.0,0.0
2024-09-12 13:23:00+09:00,25750.0,25750.0,25700.0,25750.0,120,0.0,0.0
2024-09-12 13:24:00+09:00,25700.0,25750.0,25700.0,25750.0,39,0.0,0.0
2024-09-12 13:25:00+09:00,25700.0,25750.0,25700.0,25750.0,481,0.0,0.0
2024-09-12 13:26:00+09:00,25750.0,25800.0,25750.0,25800.0,69,0.0,0.0
2024-09-12 13:27:00+09:00,25800.0,25900.0,25700.0,25700.0,215,0.0,0.0
2024-09-12 13:28:00+09:00,25900.0,25900.0,25700.0,25700.0,251,0.0,0.0
2024-09-12 13:29:00+09:00,25750.0,25800.0,25650.0,25750.0,129,0.0,0.0
2024-09-12 13:30:00+09:00,25800.0,25800.0,25700.0,25700.0,256,0.0,0.0
2024-09-12 13:31:00+09:00,25700.0,25750.0,25700.0,25750.0,0,0.0,0.0
2024-09-12 13:32:00+09:00,25700.0,25750.0,25650.0,25700.0,106,0.0,0.0
2024-09-12 13:33:00+09:00,25650.0,25700.0,25650.0,25700.0,44,0.0,0.0
2024-09-12 13:34:00+09:00,25650.0,25650.0,25600.0,25600.0,432,0.0,0.0
2024-09-12 13:35:00+09:00,25600.0,25700.0,25550.0,25650.0,562,0.0,0.0
2024-09-12 13:36:00+09:00,25550.0,25650.0,25550.0,25650.0,120,0.0,0.0
2024-09-12 13:37:00+09:00,25650.0,25650.0,25600.0,25650.0,149,0.0,0.0
2024-09-12 13:38:00+09:00,25600.0,25650.0,25550.0,25550.0,324,0.0,0.0
2024-09-12 13:39:00+09:00,25600.0,25600.0,25550.0,25550.0,167,0.0,0.0
2024-09-12 13:40:00+09:00,25550.0,25600.0,25500.0,25550.0,784,0.0,0.0
2024-09-12 13:41:00+09:00,25500.0,25550.0,25400.0,25400.0,1838,0.0,0.0
2024-09-12 13:42:00+09:00,25350.0,25450.0,25350.0,25400.0,130,0.0,0.0
2024-09-12 13:43:00+09:00,25350.0,25450.0,25350.0,25400.0,396,0.0,0.0
2024-09-12 13:44:00+09:00,25450.0,25450.0,25350.0,25350.0,230,0.0,0.0
2024-09-12 13:45:00+09:00,25400.0,25400.0,25300.0,25300.0,571,0.0,0.0
2024-09-12 13:46:00+09:00,25300.0,25300.0,25200.0,25200.0,1227,0.0,0.0
2024-09-12 13:47:00+09:00,25250.0,25300.0,25150.0,25150.0,844,0.0,0.0
2024-09-12 13:48:00+09:00,25150.0,25200.0,25100.0,25150.0,495,0.0,0.0
2024-09-12 13:49:00+09:00,25100.0,25100.0,24800.0,25000.0,4653,0.0,0.0
2024-09-12 13:50:00+09:00,25000.0,25100.0,24850.0,25050.0,929,0.0,0.0
2024-09-12 13:51:00+09:00,25050.0,25050.0,24900.0,24950.0,440,0.0,0.0
2024-09-12 13:52:00+09:00,25000.0,25000.0,24800.0,24800.0,561,0.0,0.0
2024-09-12 13:53:00+09:00,24800.0,24900.0,24800.0,24850.0,660,0.0,0.0
2024-09-12 13:54:00+09:00,24850.0,24850.0,24700.0,24800.0,610,0.0,0.0
2024-09-12 13:55:00+09:00,24700.0,24800.0,24650.0,24750.0,833,0.0,0.0
2024-09-12 13:56:00+09:00,24700.0,24750.0,24650.0,24700.0,752,0.0,0.0
2024-09-12 13:57:00+09:00,24750.0,24850.0,24750.0,24800.0,434,0.0,0.0
2024-09-12 13:58:00+09:00,24800.0,24800.0,24750.0,24800.0,681,0.0,0.0
2024-09-12 13:59:00+09:00,24800.0,24800.0,24750.0,24800.0,259,0.0,0.0
2024-09-12 14:00:00+09:00,24800.0,24850.0,24750.0,24800.0,357,0.0,0.0
2024-09-12 14:01:00+09:00,24800.0,24900.0,24700.0,24900.0,1313,0.0,0.0
2024-09-12 14:02:00+09:00,24900.0,24900.0,24750.0,24750.0,462,0.0,0.0
2024-09-12 14:03:00+09:00,24800.0,24800.0,24750.0,24800.0,732,0.0,0.0
2024-09-12 14:04:00+09:00,24800.0,24800.0,24750.0,24800.0,688,0.0,0.0
2024-09-12 14:05:00+09:00,24800.0,24900.0,24800.0,24850.0,430,0.0,0.0
2024-09-12 14:06:00+09:00,24850.0,25000.0,24850.0,25000.0,718,0.0,0.0
2024-09-12 14:07:00+09:00,25050.0,25050.0,24900.0,24900.0,697,0.0,0.0
2024-09-12 14:08:00+09:00,24850.0,25000.0,24850.0,24900.0,616,0.0,0.0
2024-09-12 14:09:00+09:00,24900.0,25000.0,24900.0,25000.0,477,0.0,0.0
2024-09-12 14:10:00+09:00,24950.0,25100.0,24950.0,25100.0,365,0.0,0.0
2024-09-12 14:11:00+09:00,25050.0,25050.0,25000.0,25050.0,634,0.0,0.0
2024-09-12 14:12:00+09:00,25050.0,25150.0,24950.0,24950.0,267,0.0,0.0
2024-09-12 14:13:00+09:00,24950.0,25150.0,24950.0,24950.0,299,0.0,0.0
2024-09-12 14:14:00+09:00,24950.0,24950.0,24900.0,24900.0,288,0.0,0.0
2024-09-12 14:15:00+09:00,24900.0,24950.0,24900.0,24900.0,683,0.0,0.0
2024-09-12 14:16:00+09:00,24900.0,24950.0,24900.0,24900.0,460,0.0,0.0
2024-09-12 14:17:00+09:00,24900.0,24900.0,24900.0,24900.0,343,0.0,0.0
2024-09-12 14:18:00+09:00,24900.0,24900.0,24900.0,24900.0,243,0.0,0.0
2024-09-12 14:19:00+09:00,24900.0,25000.0,24900.0,24950.0,1099,0.0,0.0
2024-09-12 14:20:00+09:00,25000.0,25000.0,24950.0,25000.0,267,0.0,0.0
2024-09-12 14:21:00+09:00,25000.0,25050.0,25000.0,25000.0,421,0.0,0.0
2024-09-12 14:22:00+09:00,25000.0,25150.0,25000.0,25100.0,739,0.0,0.0
2024-09-12 14:23:00+09:00,25100.0,25150.0,25050.0,25050.0,311,0.0,0.0
2024-09-12 14:24:00+09:00,25050.0,25100.0,25050.0,25050.0,185,0.0,0.0
2024-09-12 14:25:00+09:00,25050.0,25050.0,25000.0,25000.0,411,0.0,0.0
2024-09-12 14:26:00+09:00,25000.0,25100.0,25000.0,25050.0,799,0.0,0.0
2024-09-12 14:27:00+09:00,25050.0,25100.0,25000.0,25000.0,347,0.0,0.0
2024-09-12 14:28:00+09:00,25050.0,25050.0,25050.0,25050.0,266,0.0,0.0
2024-09-12 14:29:00+09:00,25050.0,25050.0,25000.0,25000.0,328,0.0,0.0
2024-09-12 14:30:00+09:00,25000.0,25050.0,25000.0,25050.0,686,0.0,0.0
2024-09-12 14:31:00+09:00,25050.0,25050.0,25000.0,25050.0,292,0.0,0.0
2024-09-12 14:32:00+09:00,25000.0,25050.0,25000.0,25000.0,382,0.0,0.0
2024-09-12 14:33:00+09:00,25050.0,25050.0,24950.0,24950.0,1027,0.0,0.0
2024-09-12 14:34:00+09:00,24950.0,24950.0,24850.0,24850.0,383,0.0,0.0
2024-09-12 14:35:00+09:00,24850.0,24850.0,24800.0,24800.0,483,0.0,0.0
2024-09-12 14:36:00+09:00,24800.0,24850.0,24800.0,24800.0,382,0.0,0.0
2024-09-12 14:37:00+09:00,24850.0,24850.0,24800.0,24800.0,358,0.0,0.0
2024-09-12 14:38:00+09:00,24800.0,24800.0,24750.0,24800.0,948,0.0,0.0
2024-09-12 14:39:00+09:00,24750.0,24800.0,24750.0,24750.0,273,0.0,0.0
2024-09-12 14:40:00+09:00,24750.0,24800.0,24750.0,24800.0,712,0.0,0.0
2024-09-12 14:41:00+09:00,24750.0,24850.0,24750.0,24850.0,738,0.0,0.0
2024-09-12 14:42:00+09:00,24850.0,24900.0,24800.0,24900.0,264,0.0,0.0
2024-09-12 14:43:00+09:00,24900.0,24900.0,24850.0,24850.0,646,0.0,0.0
2024-09-12 14:44:00+09:00,24850.0,24850.0,24800.0,24850.0,439,0.0,0.0
2024-09-12 14:45:00+09:00,24800.0,24800.0,24800.0,24800.0,166,0.0,0.0
2024-09-12 14:46:00+09:00,24800.0,24850.0,24800.0,24800.0,803,0.0,0.0
2024-09-12 14:47:00+09:00,24800.0,24800.0,24750.0,24750.0,476,0.0,0.0
2024-09-12 14:48:00+09:00,24750.0,24750.0,24750.0,24750.0,199,0.0,0.0
2024-09-12 14:49:00+09:00,24750.0,24800.0,24750.0,24750.0,316,0.0,0.0
2024-09-12 14:50:00+09:00,24750.0,24800.0,24750.0,24750.0,306,0.0,0.0
2024-09-12 14:51:00+09:00,24750.0,24950.0,24750.0,24800.0,2241,0.0,0.0
2024-09-12 14:52:00+09:00,24800.0,24850.0,24800.0,24850.0,426,0.0,0.0
2024-09-12 14:53:00+09:00,24800.0,24850.0,24800.0,24850.0,306,0.0,0.0
2024-09-12 14:54:00+09:00,24800.0,25000.0,24800.0,24950.0,785,0.0,0.0
2024-09-12 14:55:00+09:00,24950.0,25000.0,24900.0,25000.0,426,0.0,0.0
2024-09-12 14:56:00+09:00,25000.0,25100.0,24950.0,24950.0,861,0.0,0.0
2024-09-12 14:57:00+09:00,24950.0,25100.0,24950.0,25100.0,668,0.0,0.0
2024-09-12 14:58:00+09:00,25050.0,25100.0,24950.0,25000.0,517,0.0,0.0
2024-09-12 14:59:00+09:00,25000.0,25100.0,25000.0,25000.0,312,0.0,0.0
2024-09-13 09:00:00+09:00,24900.0,24950.0,24850.0,24850.0,604,0.0,0.0
2024-09-13 09:01:00+09:00,24850.0,24850.0,24550.0,24550.0,1066,0.0,0.0
2024-09-13 09:02:00+09:00,24550.0,24650.0,24550.0,24650.0,134,0.0,0.0
2024-09-13 09:03:00+09:00,24700.0,24700.0,24600.0,24600.0,280,0.0,0.0
2024-09-13 09:04:00+09:00,24600.0,24600.0,24500.0,24500.0,670,0.0,0.0
2024-09-13 09:05:00+09:00,24500.0,24500.0,24500.0,24500.0,136,0.0,0.0
2024-09-13 09:06:00+09:00,24500.0,24550.0,24500.0,24550.0,611,0.0,0.0
2024-09-13 09:07:00+09:00,24550.0,24550.0,24450.0,24550.0,269,0.0,0.0
2024-09-13 09:08:00+09:00,24550.0,24550.0,24500.0,24500.0,18,0.0,0.0
2024-09-13 09:09:00+09:00,24450.0,24450.0,24250.0,24250.0,885,0.0,0.0
2024-09-13 09:10:00+09:00,24300.0,24300.0,24200.0,24200.0,462,0.0,0.0
2024-09-13 09:11:00+09:00,24200.0,24200.0,24050.0,24100.0,986,0.0,0.0
2024-09-13 09:12:00+09:00,24150.0,24150.0,24000.0,24000.0,956,0.0,0.0
2024-09-13 09:13:00+09:00,24050.0,24050.0,24050.0,24050.0,143,0.0,0.0
2024-09-13 09:14:00+09:00,24100.0,24200.0,24000.0,24200.0,749,0.0,0.0
2024-09-13 09:15:00+09:00,24200.0,24200.0,24150.0,24150.0,325,0.0,0.0
2024-09-13 09:16:00+09:00,24150.0,24200.0,24150.0,24200.0,61,0.0,0.0
2024-09-13 09:17:00+09:00,24200.0,24200.0,24050.0,24050.0,995,0.0,0.0
2024-09-13 09:18:00+09:00,24000.0,24050.0,23950.0,24000.0,1208,0.0,0.0
2024-09-13 09:19:00+09:00,23950.0,23950.0,23800.0,23800.0,1028,0.0,0.0
2024-09-13 09:20:00+09:00,23800.0,23850.0,23800.0,23800.0,453,0.0,0.0
2024-09-13 09:21:00+09:00,23850.0,23850.0,23850.0,23850.0,787,0.0,0.0
2024-09-13 09:22:00+09:00,23900.0,23900.0,23850.0,23850.0,0,0.0,0.0
2024-09-13 09:23:00+09:00,23900.0,23950.0,23900.0,23950.0,1893,0.0,0.0
2024-09-13 09:24:00+09:00,23950.0,23950.0,23950.0,23950.0,170,0.0,0.0
2024-09-13 09:25:00+09:00,24000.0,24000.0,24000.0,24000.0,144,0.0,0.0
2024-09-13 09:26:00+09:00,24000.0,24000.0,24000.0,24000.0,0,0.0,0.0
2024-09-13 09:27:00+09:00,24000.0,24050.0,24000.0,24000.0,271,0.0,0.0
2024-09-13 09:28:00+09:00,24000.0,24000.0,24000.0,24000.0,0,0.0,0.0
2024-09-13 09:29:00+09:00,24000.0,24000.0,24000.0,24000.0,0,0.0,0.0
2024-09-13 09:30:00+09:00,24000.0,24050.0,24000.0,24000.0,7,0.0,0.0
2024-09-13 09:31:00+09:00,24000.0,24050.0,24000.0,24050.0,103,0.0,0.0
2024-09-13 09:32:00+09:00,24050.0,24100.0,24050.0,24100.0,204,0.0,0.0
2024-09-13 09:33:00+09:00,24100.0,24150.0,24100.0,24150.0,257,0.0,0.0
2024-09-13 09:34:00+09:00,24100.0,24100.0,24100.0,24100.0,4,0.0,0.0
2024-09-13 09:35:00+09:00,24100.0,24150.0,24100.0,24100.0,129,0.0,0.0
2024-09-13 09:36:00+09:00,24150.0,24150.0,24100.0,24100.0,15,0.0,0.0
2024-09-13 09:37:00+09:00,24150.0,24150.0,24100.0,24150.0,0,0.0,0.0
2024-09-13 09:38:00+09:00,24100.0,24150.0,24050.0,24150.0,179,0.0,0.0
2024-09-13 09:39:00+09:00,24100.0,24150.0,24050.0,24050.0,9,0.0,0.0
2024-09-13 09:40:00+09:00,24050.0,24050.0,24050.0,24050.0,27,0.0,0.0
2024-09-13 09:41:00+09:00,24050.0,24100.0,24050.0,24100.0,13,0.0,0.0
2024-09-13 09:42:00+09:00,24050.0,24100.0,24050.0,24050.0,30,0.0,0.0
2024-09-13 09:43:00+09:00,24100.0,24100.0,24100.0,24100.0,1,0.0,0.0
2024-09-13 09:44:00+09:00,24050.0,24100.0,24050.0,24100.0,46,0.0,0.0
2024-09-13 09:45:00+09:00,24050.0,24050.0,24050.0,24050.0,81,0.0,0.0
2024-09-13 09:46:00+09:00,24050.0,24050.0,24050.0,24050.0,0,0.0,0.0
2024-09-13 09:47:00+09:00,24100.0,24100.0,24050.0,24050.0,91,0.0,0.0
2024-09-13 09:48:00+09:00,24100.0,24150.0,24100.0,24150.0,421,0.0,0.0
2024-09-13 09:49:00+09:00,24200.0,24200.0,24150.0,24150.0,9,0.0,0.0
2024-09-13 09:50:00+09:00,24150.0,24200.0,24100.0,24100.0,90,0.0,0.0
2024-09-13 09:51:00+09:00,24100.0,24100.0,24100.0,24100.0,3,0.0,0.0
2024-09-13 09:52:00+09:00,24150.0,24150.0,24050.0,24050.0,199,0.0,0.0
2024-09-13 09:53:00+09:00,24050.0,24050.0,24050.0,24050.0,36,0.0,0.0
2024-09-13 09:54:00+09:00,24100.0,24100.0,24050.0,24050.0,16,0.0,0.0
2024-09-13 09:55:00+09:00,24050.0,24050.0,24050.0,24050.0,11,0.0,0.0
2024-09-13 09:56:00+09:00,24050.0,24050.0,24050.0,24050.0,31,0.0,0.0
2024-09-13 09:57:00+09:00,24050.0,24150.0,24050.0,24150.0,30,0.0,0.0
2024-09-13 09:58:00+09:00,24200.0,24200.0,24100.0,24100.0,10,0.0,0.0
2024-09-13 09:59:00+09:00,24100.0,24100.0,24100.0,24100.0,47,0.0,0.0
2024-09-13 10:00:00+09:00,24150.0,24150.0,24100.0,24100.0,10,0.0,0.0
2024-09-13 10:01:00+09:00,24100.0,24100.0,24000.0,24000.0,470,0.0,0.0
2024-09-13 10:02:00+09:00,24050.0,24050.0,23900.0,23900.0,2801,0.0,0.0
2024-09-13 10:03:00+09:00,23950.0,24050.0,23900.0,24000.0,115,0.0,0.0
2024-09-13 10:04:00+09:00,24000.0,24000.0,23950.0,23950.0,36,0.0,0.0
2024-09-13 10:05:00+09:00,23950.0,23950.0,23950.0,23950.0,2,0.0,0.0
2024-09-13 10:06:00+09:00,23950.0,24000.0,23900.0,23900.0,79,0.0,0.0
2024-09-13 10:07:00+09:00,23950.0,24050.0,23950.0,23950.0,2282,0.0,0.0
2024-09-13 10:08:00+09:00,23950.0,23950.0,23950.0,23950.0,2,0.0,0.0
2024-09-13 10:09:00+09:00,24000.0,24050.0,24000.0,24050.0,8,0.0,0.0
2024-09-13 10:10:00+09:00,24100.0,24100.0,24000.0,24000.0,409,0.0,0.0
2024-09-13 10:11:00+09:00,24050.0,24150.0,24050.0,24150.0,2,0.0,0.0
2024-09-13 10:12:00+09:00,24150.0,24150.0,24100.0,24100.0,279,0.0,0.0
2024-09-13 10:13:00+09:00,24100.0,24250.0,24100.0,24250.0,126,0.0,0.0
2024-09-13 10:14:00+09:00,24250.0,24300.0,24200.0,24300.0,783,0.0,0.0
2024-09-13 10:15:00+09:00,24250.0,24350.0,24250.0,24350.0,250,0.0,0.0
2024-09-13 10:16:00+09:00,24300.0,24550.0,24300.0,24500.0,1003,0.0,0.0
2024-09-13 10:17:00+09:00,24550.0,24550.0,24400.0,24400.0,1396,0.0,0.0
2024-09-13 10:18:00+09:00,24400.0,24500.0,24400.0,24400.0,642,0.0,0.0
2024-09-13 10:19:00+09:00,24400.0,24550.0,24400.0,24450.0,179,0.0,0.0
2024-09-13 10:20:00+09:00,24500.0,24650.0,24450.0,24650.0,464,0.0,0.0
2024-09-13 10:21:00+09:00,24600.0,24700.0,24600.0,24700.0,907,0.0,0.0
2024-09-13 10:22:00+09:00,24750.0,24800.0,24600.0,24600.0,590,0.0,0.0
2024-09-13 10:23:00+09:00,24600.0,24800.0,24600.0,24800.0,165,0.0,0.0
2024-09-13 10:24:00+09:00,24750.0,24850.0,24750.0,24850.0,1331,0.0,0.0
2024-09-13 10:25:00+09:00,24800.0,24950.0,24650.0,24950.0,362,0.0,0.0
2024-09-13 10:26:00+09:00,24800.0,24900.0,24650.0,24850.0,730,0.0,0.0
2024-09-13 10:27:00+09:00,24900.0,24950.0,24850.0,24900.0,900,0.0,0.0
2024-09-13 10:28:00+09:00,24650.0,24900.0,24650.0,24900.0,466,0.0,0.0
2024-09-13 10:29:00+09:00,24700.0,25000.0,24700.0,25000.0,530,0.0,0.0
2024-09-13 10:30:00+09:00,24800.0,24800.0,24800.0,24800.0,0,0.0,0.0
2024-09-13 10:31:00+09:00,24900.0,24950.0,24750.0,24750.0,539,0.0,0.0
2024-09-13 10:32:00+09:00,24750.0,24950.0,24700.0,24700.0,755,0.0,0.0
2024-09-13 10:34:00+09:00,24800.0,24800.0,24650.0,24800.0,14,0.0,0.0
2024-09-13 10:35:00+09:00,24650.0,24850.0,24650.0,24850.0,270,0.0,0.0
2024-09-13 10:36:00+09:00,24800.0,24950.0,24800.0,24950.0,95,0.0,0.0
2024-09-13 10:37:00+09:00,24950.0,24950.0,24900.0,24950.0,104,0.0,0.0
2024-09-13 10:38:00+09:00,24900.0,24950.0,24900.0,24900.0,439,0.0,0.0
2024-09-13 10:39:00+09:00,24900.0,24900.0,24800.0,24800.0,282,0.0,0.0
2024-09-13 10:40:00+09:00,24800.0,24800.0,24650.0,24650.0,52,0.0,0.0
2024-09-13 10:41:00+09:00,24750.0,24750.0,24750.0,24750.0,107,0.0,0.0
2024-09-13 10:42:00+09:00,24850.0,24950.0,24850.0,24950.0,734,0.0,0.0
2024-09-13 10:43:00+09:00,24850.0,24850.0,24850.0,24850.0,403,0.0,0.0
2024-09-13 10:44:00+09:00,24850.0,24850.0,24850.0,24850.0,0,0.0,0.0
2024-09-13 10:45:00+09:00,24850.0,24900.0,24750.0,24750.0,224,0.0,0.0
2024-09-13 10:46:00+09:00,24750.0,24750.0,24750.0,24750.0,0,0.0,0.0
2024-09-13 10:47:00+09:00,24750.0,24800.0,24750.0,24750.0,19,0.0,0.0
2024-09-13 10:48:00+09:00,24800.0,24900.0,24800.0,24900.0,573,0.0,0.0
2024-09-13 10:49:00+09:00,24950.0,25050.0,24900.0,24950.0,534,0.0,0.0
2024-09-13 10:50:00+09:00,24950.0,24950.0,24950.0,24950.0,20,0.0,0.0
2024-09-13 10:51:00+09:00,24950.0,25050.0,24950.0,25050.0,172,0.0,0.0
2024-09-13 10:52:00+09:00,24950.0,24950.0,24900.0,24900.0,7,0.0,0.0
2024-09-13 10:53:00+09:00,25000.0,25000.0,24900.0,25000.0,338,0.0,0.0
2024-09-13 10:55:00+09:00,25000.0,25150.0,25000.0,25050.0,193,0.0,0.0
2024-09-13 10:56:00+09:00,25150.0,25150.0,25050.0,25150.0,222,0.0,0.0
2024-09-13 10:57:00+09:00,25050.0,25050.0,25050.0,25050.0,193,0.0,0.0
2024-09-13 10:58:00+09:00,25050.0,25150.0,25050.0,25100.0,169,0.0,0.0
2024-09-13 10:59:00+09:00,25100.0,25150.0,25100.0,25100.0,6,0.0,0.0
2024-09-13 11:01:00+09:00,25100.0,25150.0,25000.0,25000.0,439,0.0,0.0
2024-09-13 11:03:00+09:00,25000.0,25000.0,25000.0,25000.0,5,0.0,0.0
2024-09-13 11:04:00+09:00,25050.0,25100.0,25000.0,25050.0,41,0.0,0.0
2024-09-13 11:05:00+09:00,25100.0,25150.0,25100.0,25150.0,337,0.0,0.0
2024-09-13 11:06:00+09:00,25200.0,25250.0,25150.0,25150.0,306,0.0,0.0
2024-09-13 11:07:00+09:00,25150.0,25150.0,25150.0,25150.0,15,0.0,0.0
2024-09-13 11:08:00+09:00,25200.0,25200.0,25200.0,25200.0,8,0.0,0.0
2024-09-13 11:09:00+09:00,25200.0,25200.0,25200.0,25200.0,16,0.0,0.0
2024-09-13 11:10:00+09:00,25200.0,25200.0,25150.0,25150.0,47,0.0,0.0
2024-09-13 11:11:00+09:00,25150.0,25150.0,25150.0,25150.0,0,0.0,0.0
2024-09-13 11:12:00+09:00,25150.0,25150.0,25150.0,25150.0,1,0.0,0.0
2024-09-13 11:13:00+09:00,25150.0,25150.0,25150.0,25150.0,216,0.0,0.0
2024-09-13 11:14:00+09:00,25200.0,25200.0,25150.0,25150.0,153,0.0,0.0
2024-09-13 11:16:00+09:00,25150.0,25250.0,25100.0,25100.0,464,0.0,0.0
2024-09-13 11:17:00+09:00,25150.0,25150.0,25100.0,25100.0,0,0.0,0.0
2024-09-13 11:18:00+09:00,25100.0,25100.0,25050.0,25050.0,341,0.0,0.0
2024-09-13 11:19:00+09:00,25050.0,25050.0,25050.0,25050.0,0,0.0,0.0
2024-09-13 11:20:00+09:00,25100.0,25100.0,25000.0,25000.0,499,0.0,0.0
2024-09-13 11:21:00+09:00,25000.0,25000.0,25000.0,25000.0,276,0.0,0.0
2024-09-13 11:22:00+09:00,25000.0,25000.0,24950.0,24950.0,114,0.0,0.0
2024-09-13 11:23:00+09:00,24950.0,25000.0,24950.0,25000.0,535,0.0,0.0
2024-09-13 11:24:00+09:00,25050.0,25050.0,25000.0,25000.0,0,0.0,0.0
2024-09-13 11:25:00+09:00,25000.0,25050.0,25000.0,25000.0,3,0.0,0.0
2024-09-13 11:26:00+09:00,25050.0,25050.0,25000.0,25000.0,342,0.0,0.0
2024-09-13 11:27:00+09:00,25000.0,25000.0,24950.0,24950.0,0,0.0,0.0
2024-09-13 11:28:00+09:00,24950.0,25000.0,24950.0,25000.0,6,0.0,0.0
2024-09-13 11:29:00+09:00,24950.0,24950.0,24950.0,24950.0,51,0.0,0.0
2024-09-13 11:30:00+09:00,24950.0,25000.0,24900.0,24900.0,0,0.0,0.0
2024-09-13 11:31:00+09:00,24900.0,24950.0,24900.0,24900.0,12,0.0,0.0
2024-09-13 11:32:00+09:00,24900.0,24900.0,24900.0,24900.0,0,0.0,0.0
2024-09-13 11:33:00+09:00,24900.0,24900.0,24900.0,24900.0,61,0.0,0.0
2024-09-13 11:34:00+09:00,24900.0,24950.0,24900.0,24950.0,5,0.0,0.0
2024-09-13 11:35:00+09:00,24950.0,24950.0,24950.0,24950.0,5,0.0,0.0
2024-09-13 11:36:00+09:00,24950.0,24950.0,24950.0,24950.0,7,0.0,0.0
2024-09-13 11:37:00+09:00,24950.0,24950.0,24950.0,24950.0,0,0.0,0.0
2024-09-13 11:38:00+09:00,24950.0,25000.0,24950.0,24950.0,189,0.0,0.0
2024-09-13 11:39:00+09:00,24950.0,24950.0,24950.0,24950.0,7,0.0,0.0
2024-09-13 11:40:00+09:00,24950.0,24950.0,24950.0,24950.0,0,0.0,0.0
2024-09-13 11:41:00+09:00,25000.0,25000.0,25000.0,25000.0,4,0.0,0.0
2024-09-13 11:42:00+09:00,25000.0,25000.0,24900.0,24900.0,708,0.0,0.0
2024-09-13 11:43:00+09:00,24900.0,24900.0,24900.0,24900.0,19,0.0,0.0
2024-09-13 11:44:00+09:00,24900.0,24900.0,24900.0,24900.0,2,0.0,0.0
2024-09-13 11:45:00+09:00,24900.0,24950.0,24900.0,24950.0,7,0.0,0.0
2024-09-13 11:46:00+09:00,24950.0,24950.0,24950.0,24950.0,4,0.0,0.0
2024-09-13 11:47:00+09:00,24950.0,24950.0,24950.0,24950.0,21,0.0,0.0
2024-09-13 11:48:00+09:00,24950.0,24950.0,24950.0,24950.0,4,0.0,0.0
2024-09-13 11:49:00+09:00,24950.0,24950.0,24950.0,24950.0,7,0.0,0.0
2024-09-13 11:50:00+09:00,24950.0,25000.0,24950.0,25000.0,814,0.0,0.0
2024-09-13 11:51:00+09:00,25000.0,25050.0,25000.0,25050.0,79,0.0,0.0
2024-09-13 11:52:00+09:00,25050.0,25050.0,25000.0,25050.0,103,0.0,0.0
2024-09-13 11:53:00+09:00,25050.0,25050.0,25050.0,25050.0,4,0.0,0.0
2024-09-13 11:54:00+09:00,25100.0,25100.0,25050.0,25050.0,178,0.0,0.0
2024-09-13 11:55:00+09:00,25050.0,25050.0,25050.0,25050.0,2,0.0,0.0
2024-09-13 11:56:00+09:00,25100.0,25300.0,25100.0,25250.0,743,0.0,0.0
2024-09-13 11:57:00+09:00,25250.0,25550.0,25250.0,25350.0,2433,0.0,0.0
2024-09-13 11:58:00+09:00,25350.0,25500.0,25350.0,25500.0,111,0.0,0.0
2024-09-13 11:59:00+09:00,25450.0,25450.0,25250.0,25250.0,1167,0.0,0.0
2024-09-13 12:00:00+09:00,25250.0,25250.0,25250.0,25250.0,8,0.0,0.0
2024-09-13 12:01:00+09:00,25300.0,25350.0,25300.0,25300.0,75,0.0,0.0
2024-09-13 12:02:00+09:00,25300.0,25300.0,25300.0,25300.0,4,0.0,0.0
2024-09-13 12:03:00+09:00,25350.0,25350.0,25250.0,25250.0,854,0.0,0.0
2024-09-13 12:04:00+09:00,25350.0,25350.0,25200.0,25200.0,582,0.0,0.0
2024-09-13 12:06:00+09:00,25200.0,25200.0,25150.0,25150.0,54,0.0,0.0
2024-09-13 12:09:00+09:00,25100.0,25150.0,25100.0,25100.0,103,0.0,0.0
2024-09-13 12:10:00+09:00,25150.0,25150.0,25150.0,25150.0,10,0.0,0.0
2024-09-13 12:12:00+09:00,25200.0,25200.0,25200.0,25200.0,90,0.0,0.0
2024-09-13 12:13:00+09:00,25250.0,25250.0,25200.0,25250.0,82,0.0,0.0
2024-09-13 12:14:00+09:00,25250.0,25250.0,25250.0,25250.0,7,0.0,0.0
2024-09-13 12:15:00+09:00,25200.0,25200.0,25200.0,25200.0,6,0.0,0.0
2024-09-13 12:16:00+09:00,25200.0,25250.0,25200.0,25250.0,275,0.0,0.0
2024-09-13 12:17:00+09:00,25300.0,25300.0,25250.0,25250.0,63,0.0,0.0
2024-09-13 12:18:00+09:00,25300.0,25300.0,25250.0,25250.0,6,0.0,0.0
2024-09-13 12:20:00+09:00,25300.0,25300.0,25200.0,25300.0,27,0.0,0.0
2024-09-13 12:21:00+09:00,25200.0,25200.0,25200.0,25200.0,7,0.0,0.0
2024-09-13 12:22:00+09:00,25200.0,25200.0,25150.0,25150.0,25,0.0,0.0
2024-09-13 12:23:00+09:00,25150.0,25200.0,25150.0,25200.0,4,0.0,0.0
2024-09-13 12:24:00+09:00,25150.0,25200.0,25150.0,25200.0,62,0.0,0.0
2024-09-13 12:25:00+09:00,25250.0,25450.0,25250.0,25300.0,511,0.0,0.0
2024-09-13 12:26:00+09:00,25300.0,25400.0,25250.0,25250.0,133,0.0,0.0
2024-09-13 12:27:00+09:00,25250.0,25250.0,25250.0,25250.0,4,0.0,0.0
2024-09-13 12:28:00+09:00,25250.0,25250.0,25250.0,25250.0,1,0.0,0.0
2024-09-13 12:29:00+09:00,25250.0,25250.0,25250.0,25250.0,1,0.0,0.0
2024-09-13 12:30:00+09:00,25250.0,25300.0,25250.0,25250.0,8,0.0,0.0
2024-09-13 12:31:00+09:00,25250.0,25250.0,25250.0,25250.0,3,0.0,0.0
2024-09-13 12:32:00+09:00,25250.0,25250.0,25200.0,25200.0,140,0.0,0.0
2024-09-13 12:35:00+09:00,25100.0,25150.0,25100.0,25150.0,684,0.0,0.0
2024-09-13 12:36:00+09:00,25100.0,25150.0,25100.0,25150.0,6,0.0,0.0
2024-09-13 12:37:00+09:00,25100.0,25150.0,25100.0,25150.0,2,0.0,0.0
2024-09-13 12:38:00+09:00,25150.0,25150.0,25100.0,25100.0,3,0.0,0.0
2024-09-13 12:39:00+09:00,25100.0,25100.0,25100.0,25100.0,5,0.0,0.0
2024-09-13 12:40:00+09:00,25100.0,25100.0,25100.0,25100.0,1,0.0,0.0
2024-09-13 12:41:00+09:00,25100.0,25100.0,25100.0,25100.0,2,0.0,0.0
2024-09-13 12:42:00+09:00,25100.0,25100.0,25100.0,25100.0,122,0.0,0.0
2024-09-13 12:43:00+09:00,25100.0,25100.0,25100.0,25100.0,547,0.0,0.0
2024-09-13 12:44:00+09:00,25100.0,25150.0,25100.0,25150.0,4,0.0,0.0
2024-09-13 12:45:00+09:00,25100.0,25100.0,25100.0,25100.0,7,0.0,0.0
2024-09-13 12:46:00+09:00,25100.0,25150.0,25100.0,25150.0,32,0.0,0.0
2024-09-13 12:47:00+09:00,25100.0,25100.0,25100.0,25100.0,2,0.0,0.0
2024-09-13 12:48:00+09:00,25100.0,25100.0,25100.0,25100.0,9,0.0,0.0
2024-09-13 12:49:00+09:00,25100.0,25100.0,25100.0,25100.0,1,0.0,0.0
2024-09-13 12:50:00+09:00,25100.0,25100.0,25050.0,25100.0,63,0.0,0.0
2024-09-13 12:51:00+09:00,25000.0,25000.0,24950.0,24950.0,109,0.0,0.0
2024-09-13 12:52:00+09:00,25000.0,25000.0,24950.0,24950.0,3,0.0,0.0
2024-09-13 12:53:00+09:00,24950.0,24950.0,24900.0,24900.0,11,0.0,0.0
2024-09-13 12:54:00+09:00,24900.0,25000.0,24900.0,24900.0,2,0.0,0.0
2024-09-13 12:55:00+09:00,24900.0,24900.0,24900.0,24900.0,40,0.0,0.0
2024-09-13 12:56:00+09:00,24900.0,24900.0,24900.0,24900.0,0,0.0,0.0
2024-09-13 12:57:00+09:00,24900.0,24900.0,24900.0,24900.0,0,0.0,0.0
2024-09-13 12:58:00+09:00,24950.0,25000.0,24950.0,24950.0,5,0.0,0.0
2024-09-13 12:59:00+09:00,24950.0,24950.0,24950.0,24950.0,11,0.0,0.0
2024-09-13 13:00:00+09:00,24950.0,24950.0,24950.0,24950.0,1,0.0,0.0
2024-09-13 13:01:00+09:00,24950.0,24950.0,24950.0,24950.0,1,0.0,0.0
2024-09-13 13:02:00+09:00,24900.0,24900.0,24900.0,24900.0,3,0.0,0.0
2024-09-13 13:05:00+09:00,24900.0,24900.0,24900.0,24900.0,8,0.0,0.0
2024-09-13 13:06:00+09:00,24900.0,24900.0,24850.0,24900.0,132,0.0,0.0
2024-09-13 13:08:00+09:00,24900.0,24900.0,24850.0,24850.0,15,0.0,0.0
2024-09-13 13:11:00+09:00,24850.0,24850.0,24850.0,24850.0,18,0.0,0.0
2024-09-13 13:13:00+09:00,24850.0,24850.0,24850.0,24850.0,96,0.0,0.0
2024-09-13 13:14:00+09:00,24850.0,24850.0,24850.0,24850.0,0,0.0,0.0
2024-09-13 13:15:00+09:00,24950.0,24950.0,24950.0,24950.0,0,0.0,0.0
2024-09-13 13:17:00+09:00,24850.0,24850.0,24850.0,24850.0,7,0.0,0.0
2024-09-13 13:18:00+09:00,24850.0,24850.0,24850.0,24850.0,1,0.0,0.0
2024-09-13 13:20:00+09:00,24850.0,24850.0,24850.0,24850.0,60,0.0,0.0
2024-09-13 13:21:00+09:00,24850.0,24850.0,24850.0,24850.0,0,0.0,0.0
2024-09-13 13:23:00+09:00,24850.0,24850.0,24850.0,24850.0,8,0.0,0.0
2024-09-13 13:26:00+09:00,24850.0,24850.0,24850.0,24850.0,4,0.0,0.0
2024-09-13 13:29:00+09:00,24850.0,24850.0,24850.0,24850.0,4,0.0,0.0
2024-09-13 13:31:00+09:00,24900.0,24900.0,24850.0,24850.0,145,0.0,0.0
2024-09-13 13:32:00+09:00,24900.0,24900.0,24850.0,24850.0,78,0.0,0.0
2024-09-13 13:34:00+09:00,24850.0,24850.0,24850.0,24850.0,42,0.0,0.0
2024-09-13 13:35:00+09:00,24850.0,24850.0,24850.0,24850.0,0,0.0,0.0
2024-09-13 13:38:00+09:00,24900.0,24900.0,24850.0,24850.0,11,0.0,0.0
2024-09-13 13:39:00+09:00,24850.0,24850.0,24850.0,24850.0,122,0.0,0.0
2024-09-13 13:41:00+09:00,24850.0,24850.0,24850.0,24850.0,0,0.0,0.0
2024-09-13 13:44:00+09:00,24850.0,24850.0,24850.0,24850.0,6,0.0,0.0
2024-09-13 13:46:00+09:00,24950.0,24950.0,24950.0,24950.0,0,0.0,0.0
2024-09-13 13:47:00+09:00,24850.0,24850.0,24850.0,24850.0,7,0.0,0.0
2024-09-13 13:48:00+09:00,24850.0,24850.0,24850.0,24850.0,0,0.0,0.0
2024-09-13 13:49:00+09:00,24850.0,24850.0,24850.0,24850.0,337,0.0,0.0
2024-09-13 13:50:00+09:00,24900.0,24900.0,24850.0,24850.0,0,0.0,0.0
2024-09-13 13:53:00+09:00,24900.0,24900.0,24850.0,24850.0,69,0.0,0.0
2024-09-13 13:56:00+09:00,24900.0,24900.0,24850.0,24850.0,0,0.0,0.0
2024-09-13 13:58:00+09:00,24900.0,24900.0,24900.0,24900.0,15,0.0,0.0
2024-09-13 13:59:00+09:00,24850.0,24900.0,24850.0,24900.0,260,0.0,0.0
2024-09-13 14:01:00+09:00,24900.0,24900.0,24900.0,24900.0,0,0.0,0.0
2024-09-13 14:02:00+09:00,24850.0,24900.0,24850.0,24900.0,4,0.0,0.0
2024-09-13 14:05:00+09:00,24850.0,24900.0,24850.0,24900.0,6,0.0,0.0
2024-09-13 14:06:00+09:00,24850.0,24850.0,24850.0,24850.0,5,0.0,0.0
2024-09-13 14:07:00+09:00,24900.0,24900.0,24900.0,24900.0,19,0.0,0.0
2024-09-13 14:08:00+09:00,24850.0,24850.0,24850.0,24850.0,10,0.0,0.0
2024-09-13 14:09:00+09:00,24900.0,24900.0,24900.0,24900.0,7,0.0,0.0
2024-09-13 14:10:00+09:00,24850.0,24850.0,24850.0,24850.0,0,0.0,0.0
2024-09-13 14:11:00+09:00,24900.0,24900.0,24800.0,24900.0,978,0.0,0.0
2024-09-13 14:12:00+09:00,24800.0,24800.0,24800.0,24800.0,1,0.0,0.0
2024-09-13 14:13:00+09:00,24800.0,24800.0,24800.0,24800.0,1,0.0,0.0
2024-09-13 14:14:00+09:00,24800.0,24900.0,24800.0,24900.0,15,0.0,0.0
2024-09-13 14:15:00+09:00,24900.0,24900.0,24900.0,24900.0,159,0.0,0.0
2024-09-13 14:16:00+09:00,24800.0,24900.0,24800.0,24900.0,0,0.0,0.0
2024-09-13 14:17:00+09:00,24800.0,24900.0,24800.0,24900.0,8,0.0,0.0
2024-09-13 14:18:00+09:00,24900.0,24900.0,24900.0,24900.0,9,0.0,0.0
2024-09-13 14:19:00+09:00,24850.0,24900.0,24800.0,24900.0,147,0.0,0.0
2024-09-13 14:20:00+09:00,24800.0,26200.0,24800.0,26000.0,25447,0.0,0.0
2024-09-13 14:21:00+09:00,26000.0,26000.0,24550.0,24700.0,17162,0.0,0.0
2024-09-13 14:22:00+09:00,24750.0,25000.0,24750.0,24950.0,5247,0.0,0.0
2024-09-13 14:23:00+09:00,24950.0,25000.0,24750.0,24950.0,4239,0.0,0.0
2024-09-13 14:24:00+09:00,25000.0,25400.0,24950.0,25300.0,4695,0.0,0.0
2024-09-13 14:25:00+09:00,25350.0,25450.0,25100.0,25100.0,6458,0.0,0.0
2024-09-13 14:26:00+09:00,25150.0,25350.0,25150.0,25350.0,1049,0.0,0.0
2024-09-13 14:27:00+09:00,25400.0,25500.0,25300.0,25350.0,2415,0.0,0.0
2024-09-13 14:28:00+09:00,25400.0,25400.0,25150.0,25200.0,1709,0.0,0.0
2024-09-13 14:29:00+09:00,25200.0,25300.0,25150.0,25150.0,340,0.0,0.0
2024-09-13 14:30:00+09:00,25200.0,25250.0,25100.0,25200.0,807,0.0,0.0
2024-09-13 14:31:00+09:00,25250.0,25250.0,24800.0,25000.0,3341,0.0,0.0
2024-09-13 14:32:00+09:00,25000.0,25050.0,24900.0,25000.0,471,0.0,0.0
2024-09-13 14:33:00+09:00,25050.0,25100.0,25000.0,25100.0,71,0.0,0.0
2024-09-13 14:34:00+09:00,25100.0,25100.0,24950.0,24950.0,503,0.0,0.0
2024-09-13 14:35:00+09:00,25000.0,25050.0,24850.0,24850.0,2521,0.0,0.0
2024-09-13 14:36:00+09:00,24850.0,25000.0,24850.0,24900.0,767,0.0,0.0
2024-09-13 14:37:00+09:00,24950.0,24950.0,24850.0,24950.0,178,0.0,0.0
2024-09-13 14:38:00+09:00,24900.0,25100.0,24900.0,24900.0,396,0.0,0.0
2024-09-13 14:39:00+09:00,25000.0,25100.0,24850.0,24850.0,232,0.0,0.0
2024-09-13 14:40:00+09:00,24950.0,25000.0,24950.0,24950.0,240,0.0,0.0
2024-09-13 14:41:00+09:00,24950.0,25000.0,24900.0,25000.0,409,0.0,0.0
2024-09-13 14:42:00+09:00,25000.0,25100.0,24950.0,25000.0,272,0.0,0.0
2024-09-13 14:43:00+09:00,25000.0,25050.0,24950.0,24950.0,806,0.0,0.0
2024-09-13 14:44:00+09:00,24950.0,25050.0,24900.0,24950.0,340,0.0,0.0
2024-09-13 14:45:00+09:00,24950.0,24950.0,24900.0,24950.0,579,0.0,0.0
2024-09-13 14:46:00+09:00,24850.0,24850.0,24850.0,24850.0,1,0.0,0.0
2024-09-13 14:47:00+09:00,24850.0,24950.0,24850.0,24950.0,303,0.0,0.0
2024-09-13 14:48:00+09:00,24950.0,25000.0,24850.0,25000.0,235,0.0,0.0
2024-09-13 14:49:00+09:00,25000.0,25050.0,25000.0,25050.0,231,0.0,0.0
2024-09-13 14:50:00+09:00,25050.0,25050.0,25000.0,25050.0,268,0.0,0.0
2024-09-13 14:51:00+09:00,25050.0,25150.0,25000.0,25000.0,610,0.0,0.0
2024-09-13 14:52:00+09:00,25050.0,25100.0,25050.0,25100.0,102,0.0,0.0
2024-09-13 14:53:00+09:00,25100.0,25100.0,25050.0,25100.0,92,0.0,0.0
2024-09-13 14:54:00+09:00,25100.0,25100.0,25000.0,25000.0,169,0.0,0.0
2024-09-13 14:55:00+09:00,24950.0,25050.0,24950.0,25050.0,523,0.0,0.0
2024-09-13 14:56:00+09:00,25100.0,25150.0,25050.0,25150.0,68,0.0,0.0
2024-09-13 14:57:00+09:00,25150.0,25150.0,25000.0,25100.0,34,0.0,0.0
2024-09-13 14:58:00+09:00,25100.0,25100.0,24950.0,25000.0,406,0.0,0.0
2024-09-13 14:59:00+09:00,25000.0,25050.0,24900.0,25050.0,445,0.0,0.0
