Datetime,Open,High,Low,Close,Volume,Dividends,Stock Splits
2022-09-08 09:00:00+09:00,2406.0,2425.0,2399.0,2425.0,8600,0.0,0.0
2022-09-08 10:00:00+09:00,2426.0,2440.0,2425.0,2435.0,6600,0.0,0.0
2022-09-08 11:00:00+09:00,2434.0,2445.0,2430.0,2438.0,0,0.0,0.0
2022-09-08 12:00:00+09:00,2442.0,2442.0,2432.0,2439.0,29000,0.0,0.0
2022-09-08 13:00:00+09:00,2438.0,2440.0,2431.0,2432.0,4100,0.0,0.0
2022-09-08 14:00:00+09:00,2430.0,2435.0,2421.0,2423.0,10900,0.0,0.0
2022-09-09 09:00:00+09:00,2424.0,2461.0,2422.0,2454.0,17900,0.0,0.0
2022-09-09 10:00:00+09:00,2450.0,2454.0,2443.0,2449.0,3800,0.0,0.0
2022-09-09 11:00:00+09:00,2448.0,2459.0,2448.0,2458.0,0,0.0,0.0
2022-09-09 12:00:00+09:00,2454.0,2457.0,2450.0,2455.0,26700,0.0,0.0
2022-09-09 13:00:00+09:00,2453.0,2465.0,2447.0,2463.0,8900,0.0,0.0
2022-09-09 14:00:00+09:00,2466.0,2467.0,2449.0,2452.0,9100,0.0,0.0
2022-09-12 09:00:00+09:00,2455.0,2478.0,2447.0,2466.0,0,0.0,0.0
2022-09-12 10:00:00+09:00,2465.0,2465.0,2442.0,2446.0,10400,0.0,0.0
2022-09-12 11:00:00+09:00,2444.0,2449.0,2444.0,2446.0,0,0.0,0.0
2022-09-12 12:00:00+09:00,2450.0,2450.0,2446.0,2446.0,22700,0.0,0.0
2022-09-12 13:00:00+09:00,2448.0,2456.0,2445.0,2455.0,3500,0.0,0.0
2022-09-12 14:00:00+09:00,2453.0,2459.0,2448.0,2459.0,8200,0.0,0.0
2022-09-13 09:00:00+09:00,2458.0,2461.0,2418.0,2425.0,9200,0.0,0.0
2022-09-13 10:00:00+09:00,2428.0,2441.0,2425.0,2441.0,2300,0.0,0.0
2022-09-13 11:00:00+09:00,2437.0,2437.0,2431.0,2434.0,0,0.0,0.0
2022-09-13 12:00:00+09:00,2431.0,2431.0,2420.0,2420.0,19300,0.0,0.0
2022-09-13 13:00:00+09:00,2420.0,2440.0,2419.0,2439.0,3600,0.0,0.0
2022-09-13 14:00:00+09:00,2439.0,2442.0,2433.0,2440.0,7600,0.0,0.0
2022-09-14 09:00:00+09:00,2415.0,2415.0,2385.0,2394.0,0,0.0,0.0
2022-09-14 10:00:00+09:00,2395.0,2404.0,2394.0,2396.0,15300,0.0,0.0
2022-09-14 11:00:00+09:00,2395.0,2399.0,2395.0,2399.0,0,0.0,0.0
2022-09-14 12:00:00+09:00,2406.0,2406.0,2397.0,2397.0,18300,0.0,0.0
2022-09-14 13:00:00+09:00,2399.0,2400.0,2393.0,2400.0,8300,0.0,0.0
2022-09-14 14:00:00+09:00,2402.0,2402.0,2393.0,2393.0,10200,0.0,0.0
2022-09-15 09:00:00+09:00,2400.0,2421.0,2396.0,2414.0,5700,0.0,0.0
2022-09-15 10:00:00+09:00,2410.0,2421.0,2406.0,2417.0,2800,0.0,0.0
2022-09-15 11:00:00+09:00,2417.0,2417.0,2412.0,2413.0,0,0.0,0.0
2022-09-15 12:00:00+09:00,2413.0,2413.0,2399.0,2404.0,15100,0.0,0.0
2022-09-15 13:00:00+09:00,2401.0,2404.0,2401.0,2401.0,1000,0.0,0.0
2022-09-15 14:00:00+09:00,2400.0,2416.0,2398.0,2412.0,6400,0.0,0.0
2022-09-16 09:00:00+09:00,2400.0,2405.0,2396.0,2399.0,5900,0.0,0.0
2022-09-16 10:00:00+09:00,2399.0,2399.0,2389.0,2391.0,5100,0.0,0.0
2022-09-16 11:00:00+09:00,2397.0,2401.0,2395.0,2397.0,0,0.0,0.0
2022-09-16 12:00:00+09:00,2396.0,2406.0,2390.0,2406.0,19800,0.0,0.0
2022-09-16 13:00:00+09:00,2412.0,2417.0,2404.0,2411.0,6600,0.0,0.0
2022-09-16 14:00:00+09:00,2412.0,2418.0,2394.0,2397.0,17600,0.0,0.0
2022-09-20 09:00:00+09:00,2412.0,2436.0,2411.0,2431.0,12800,0.0,0.0
2022-09-20 10:00:00+09:00,2435.0,2445.0,2435.0,2443.0,3500,0.0,0.0
2022-09-20 11:00:00+09:00,2444.0,2449.0,2439.0,2445.0,0,0.0,0.0
2022-09-20 12:00:00+09:00,2444.0,2444.0,2439.0,2443.0,25700,0.0,0.0
2022-09-20 13:00:00+09:00,2439.0,2447.0,2439.0,2447.0,700,0.0,0.0
2022-09-20 14:00:00+09:00,2447.0,2448.0,2431.0,2434.0,10400,0.0,0.0
2022-09-21 09:00:00+09:00,2426.0,2434.0,2424.0,2425.0,3700,0.0,0.0
2022-09-21 10:00:00+09:00,2425.0,2437.0,2404.0,2415.0,15800,0.0,0.0
2022-09-21 11:00:00+09:00,2416.0,2417.0,2415.0,2415.0,0,0.0,0.0
2022-09-21 12:00:00+09:00,2423.0,2423.0,2415.0,2421.0,23800,0.0,0.0
2022-09-21 13:00:00+09:00,2418.0,2419.0,2415.0,2418.0,1600,0.0,0.0
2022-09-21 14:00:00+09:00,2415.0,2419.0,2413.0,2413.0,6100,0.0,0.0
2022-09-22 09:00:00+09:00,2401.0,2416.0,2393.0,2409.0,8500,0.0,0.0
2022-09-22 10:00:00+09:00,2410.0,2413.0,2405.0,2411.0,2500,0.0,0.0
2022-09-22 11:00:00+09:00,2412.0,2416.0,2408.0,2416.0,0,0.0,0.0
2022-09-22 12:00:00+09:00,2416.0,2421.0,2406.0,2406.0,21000,0.0,0.0
2022-09-22 13:00:00+09:00,2406.0,2415.0,2402.0,2408.0,14200,0.0,0.0
2022-09-22 14:00:00+09:00,2408.0,2420.0,2408.0,2415.0,13700,0.0,0.0
2022-09-26 09:00:00+09:00,2412.0,2412.0,2380.0,2392.0,0,0.0,0.0
2022-09-26 10:00:00+09:00,2393.0,2397.0,2391.0,2396.0,3700,0.0,0.0
2022-09-26 11:00:00+09:00,2398.0,2404.0,2394.0,2397.0,0,0.0,0.0
2022-09-26 12:00:00+09:00,2393.0,2399.0,2392.0,2394.0,19200,0.0,0.0
2022-09-26 13:00:00+09:00,2393.0,2394.0,2379.0,2382.0,8800,0.0,0.0
2022-09-26 14:00:00+09:00,2380.0,2387.0,2378.0,2384.0,6700,0.0,0.0
2022-09-27 09:00:00+09:00,2391.0,2409.0,2374.0,2407.0,7300,0.0,0.0
2022-09-27 10:00:00+09:00,2408.0,2408.0,2399.0,2406.0,4000,0.0,0.0
2022-09-27 11:00:00+09:00,2404.0,2411.0,2403.0,2411.0,0,0.0,0.0
2022-09-27 12:00:00+09:00,2416.0,2419.0,2407.0,2418.0,15500,0.0,0.0
2022-09-27 13:00:00+09:00,2418.0,2418.0,2403.0,2413.0,7400,0.0,0.0
2022-09-27 14:00:00+09:00,2413.0,2419.0,2412.0,2419.0,8700,0.0,0.0
2022-09-28 09:00:00+09:00,2405.0,2405.0,2390.0,2405.0,6400,0.0,0.0
2022-09-28 10:00:00+09:00,2405.0,2418.0,2405.0,2408.0,8200,0.0,0.0
2022-09-28 11:00:00+09:00,2404.0,2404.0,2391.0,2394.0,0,0.0,0.0
2022-09-28 12:00:00+09:00,2394.0,2419.0,2394.0,2415.0,25000,0.0,0.0
2022-09-28 13:00:00+09:00,2415.0,2418.0,2408.0,2408.0,8100,0.0,0.0
2022-09-28 14:00:00+09:00,2407.0,2437.0,2401.0,2434.0,16600,0.0,0.0
2022-09-29 09:00:00+09:00,2418.0,2466.0,2418.0,2454.0,11400,0.0,0.0
2022-09-29 10:00:00+09:00,2455.0,2480.0,2455.0,2470.0,6900,0.0,0.0
2022-09-29 11:00:00+09:00,2472.0,2479.0,2467.0,2479.0,0,0.0,0.0
2022-09-29 12:00:00+09:00,2479.0,2483.0,2478.0,2478.0,25300,0.0,0.0
2022-09-29 13:00:00+09:00,2478.0,2486.0,2470.0,2486.0,5900,0.0,0.0
2022-09-29 14:00:00+09:00,2484.0,2485.0,2471.0,2481.0,8900,0.0,0.0
2022-09-30 09:00:00+09:00,2477.0,2506.0,2476.0,2494.0,9200,0.0,0.0
2022-09-30 10:00:00+09:00,2488.0,2498.0,2481.0,2493.0,7000,0.0,0.0
2022-09-30 11:00:00+09:00,2490.0,2490.0,2484.0,2490.0,0,0.0,0.0
2022-09-30 12:00:00+09:00,2484.0,2489.0,2479.0,2479.0,25400,0.0,0.0
2022-09-30 13:00:00+09:00,2477.0,2485.0,2472.0,2482.0,14700,0.0,0.0
2022-09-30 14:00:00+09:00,2484.0,2491.0,2480.0,2490.0,15600,0.0,0.0
2022-10-03 09:00:00+09:00,2475.0,2475.0,2456.0,2458.0,12500,0.0,0.0
2022-10-03 10:00:00+09:00,2461.0,2478.0,2461.0,2478.0,3800,0.0,0.0
2022-10-03 11:00:00+09:00,2475.0,2475.0,2472.0,2472.0,0,0.0,0.0
2022-10-03 12:00:00+09:00,2471.0,2471.0,2460.0,2460.0,21700,0.0,0.0
2022-10-03 13:00:00+09:00,2459.0,2459.0,2444.0,2448.0,6900,0.0,0.0
2022-10-03 14:00:00+09:00,2445.0,2456.0,2442.0,2456.0,6600,0.0,0.0
2022-10-04 09:00:00+09:00,2474.0,2509.0,2438.0,2499.0,8100,0.0,0.0
2022-10-04 10:00:00+09:00,2498.0,2499.0,2493.0,2494.0,3500,0.0,0.0
2022-10-04 11:00:00+09:00,2497.0,2501.0,2493.0,2501.0,0,0.0,0.0
2022-10-04 12:00:00+09:00,2503.0,2505.0,2496.0,2501.0,18800,0.0,0.0
2022-10-04 13:00:00+09:00,2502.0,2520.0,2502.0,2520.0,6800,0.0,0.0
2022-10-04 14:00:00+09:00,2519.0,2522.0,2510.0,2514.0,11000,0.0,0.0
2022-10-05 09:00:00+09:00,2531.0,2534.0,2501.0,2518.0,7600,0.0,0.0
2022-10-05 10:00:00+09:00,2515.0,2520.0,2501.0,2507.0,3700,0.0,0.0
2022-10-05 11:00:00+09:00,2508.0,2508.0,2500.0,2500.0,0,0.0,0.0
2022-10-05 12:00:00+09:00,2499.0,2513.0,2499.0,2510.0,14300,0.0,0.0
2022-10-05 13:00:00+09:00,2506.0,2510.0,2494.0,2496.0,3600,0.0,0.0
2022-10-05 14:00:00+09:00,2500.0,2503.0,2492.0,2492.0,7200,0.0,0.0
2022-10-06 09:00:00+09:00,2495.0,2520.0,2486.0,2506.0,10300,0.0,0.0
2022-10-06 10:00:00+09:00,2507.0,2512.0,2497.0,2502.0,4300,0.0,0.0
2022-10-06 11:00:00+09:00,2504.0,2504.0,2498.0,2503.0,0,0.0,0.0
2022-10-06 12:00:00+09:00,2506.0,2506.0,2497.0,2497.0,19000,0.0,0.0
2022-10-06 13:00:00+09:00,2499.0,2499.0,2495.0,2497.0,5900,0.0,0.0
2022-10-06 14:00:00+09:00,2496.0,2496.0,2484.0,2484.0,6400,0.0,0.0
2022-10-07 09:00:00+09:00,2458.0,2491.0,2450.0,2488.0,3100,0.0,0.0
2022-10-07 10:00:00+09:00,2489.0,2493.0,2479.0,2482.0,5100,0.0,0.0
2022-10-07 11:00:00+09:00,2483.0,2483.0,2479.0,2479.0,0,0.0,0.0
2022-10-07 12:00:00+09:00,2481.0,2481.0,2470.0,2474.0,10300,0.0,0.0
2022-10-07 13:00:00+09:00,2478.0,2489.0,2478.0,2487.0,5400,0.0,0.0
2022-10-07 14:00:00+09:00,2490.0,2495.0,2488.0,2490.0,6400,0.0,0.0
2022-10-11 09:00:00+09:00,2467.0,2485.0,2461.0,2465.0,0,0.0,0.0
2022-10-11 10:00:00+09:00,2468.0,2474.0,2457.0,2457.0,12600,0.0,0.0
2022-10-11 11:00:00+09:00,2456.0,2463.0,2455.0,2459.0,0,0.0,0.0
2022-10-11 12:00:00+09:00,2459.0,2459.0,2453.0,2454.0,29100,0.0,0.0
2022-10-11 13:00:00+09:00,2453.0,2463.0,2453.0,2455.0,6000,0.0,0.0
2022-10-11 14:00:00+09:00,2453.0,2459.0,2449.0,2456.0,7100,0.0,0.0
2022-10-12 09:00:00+09:00,2457.0,2472.0,2444.0,2469.0,0,0.0,0.0
2022-10-12 10:00:00+09:00,2464.0,2473.0,2462.0,2468.0,12200,0.0,0.0
2022-10-12 11:00:00+09:00,2468.0,2468.0,2466.0,2466.0,0,0.0,0.0
2022-10-12 12:00:00+09:00,2459.0,2466.0,2429.0,2433.0,31900,0.0,0.0
2022-10-12 13:00:00+09:00,2436.0,2445.0,2435.0,2437.0,4900,0.0,0.0
2022-10-12 14:00:00+09:00,2435.0,2440.0,2433.0,2437.0,8100,0.0,0.0
2022-10-13 09:00:00+09:00,2439.0,2439.0,2394.0,2418.0,12800,0.0,0.0
2022-10-13 10:00:00+09:00,2419.0,2430.0,2415.0,2427.0,4700,0.0,0.0
2022-10-13 11:00:00+09:00,2429.0,2430.0,2426.0,2426.0,0,0.0,0.0
2022-10-13 12:00:00+09:00,2426.0,2431.0,2426.0,2428.0,19200,0.0,0.0
2022-10-13 13:00:00+09:00,2427.0,2430.0,2421.0,2421.0,5600,0.0,0.0
2022-10-13 14:00:00+09:00,2422.0,2428.0,2421.0,2422.0,5700,0.0,0.0
2022-10-14 09:00:00+09:00,2452.0,2477.0,2452.0,2472.0,4400,0.0,0.0
2022-10-14 10:00:00+09:00,2474.0,2475.0,2464.0,2465.0,5400,0.0,0.0
2022-10-14 11:00:00+09:00,2468.0,2470.0,2466.0,2469.0,0,0.0,0.0
2022-10-14 12:00:00+09:00,2475.0,2477.0,2471.0,2473.0,12900,0.0,0.0
2022-10-14 13:00:00+09:00,2473.0,2473.0,2463.0,2469.0,4300,0.0,0.0
2022-10-14 14:00:00+09:00,2471.0,2471.0,2448.0,2452.0,14400,0.0,0.0
2022-10-17 09:00:00+09:00,2419.0,2430.0,2398.0,2401.0,9000,0.0,0.0
2022-10-17 10:00:00+09:00,2404.0,2404.0,2391.0,2392.0,12100,0.0,0.0
2022-10-17 11:00:00+09:00,2394.0,2394.0,2387.0,2389.0,0,0.0,0.0
2022-10-17 12:00:00+09:00,2386.0,2391.0,2385.0,2389.0,26500,0.0,0.0
2022-10-17 13:00:00+09:00,2389.0,2406.0,2387.0,2406.0,7600,0.0,0.0
2022-10-17 14:00:00+09:00,2405.0,2408.0,2398.0,2398.0,7300,0.0,0.0
2022-10-18 09:00:00+09:00,2409.0,2418.0,2393.0,2408.0,10300,0.0,0.0
2022-10-18 10:00:00+09:00,2406.0,2412.0,2402.0,2403.0,5600,0.0,0.0
2022-10-18 11:00:00+09:00,2403.0,2404.0,2401.0,2404.0,0,0.0,0.0
2022-10-18 12:00:00+09:00,2404.0,2406.0,2398.0,2398.0,20900,0.0,0.0
2022-10-18 13:00:00+09:00,2399.0,2400.0,2396.0,2397.0,5500,0.0,0.0
2022-10-18 14:00:00+09:00,2397.0,2399.0,2393.0,2394.0,7900,0.0,0.0
2022-10-19 09:00:00+09:00,2396.0,2416.0,2388.0,2412.0,7200,0.0,0.0
2022-10-19 10:00:00+09:00,2410.0,2422.0,2407.0,2419.0,4200,0.0,0.0
2022-10-19 11:00:00+09:00,2419.0,2419.0,2413.0,2413.0,0,0.0,0.0
2022-10-19 12:00:00+09:00,2413.0,2421.0,2413.0,2417.0,14200,0.0,0.0
2022-10-19 13:00:00+09:00,2419.0,2422.0,2413.0,2413.0,0,0.0,0.0
2022-10-19 14:00:00+09:00,2413.0,2421.0,2411.0,2417.0,26300,0.0,0.0
2022-10-20 09:00:00+09:00,2403.0,2410.0,2394.0,2394.0,10900,0.0,0.0
2022-10-20 10:00:00+09:00,2394.0,2399.0,2384.0,2396.0,5100,0.0,0.0
2022-10-20 11:00:00+09:00,2394.0,2406.0,2392.0,2406.0,0,0.0,0.0
2022-10-20 12:00:00+09:00,2399.0,2403.0,2397.0,2398.0,27500,0.0,0.0
2022-10-20 13:00:00+09:00,2397.0,2402.0,2388.0,2395.0,6500,0.0,0.0
2022-10-20 14:00:00+09:00,2398.0,2408.0,2395.0,2406.0,16700,0.0,0.0
2022-10-21 09:00:00+09:00,2408.0,2420.0,2390.0,2390.0,8300,0.0,0.0
2022-10-21 10:00:00+09:00,2393.0,2398.0,2383.0,2397.0,5400,0.0,0.0
2022-10-21 11:00:00+09:00,2396.0,2402.0,2395.0,2400.0,0,0.0,0.0
2022-10-21 12:00:00+09:00,2410.0,2410.0,2397.0,2397.0,18200,0.0,0.0
2022-10-21 13:00:00+09:00,2395.0,2398.0,2391.0,2396.0,3200,0.0,0.0
2022-10-21 14:00:00+09:00,2395.0,2400.0,2381.0,2381.0,10300,0.0,0.0
2022-10-24 09:00:00+09:00,2400.0,2409.0,2395.0,2400.0,11400,0.0,0.0
2022-10-24 10:00:00+09:00,2402.0,2412.0,2400.0,2412.0,7200,0.0,0.0
2022-10-24 11:00:00+09:00,2412.0,2412.0,2405.0,2406.0,0,0.0,0.0
2022-10-24 12:00:00+09:00,2402.0,2407.0,2398.0,2401.0,28200,0.0,0.0
2022-10-24 13:00:00+09:00,2402.0,2402.0,2394.0,2397.0,8400,0.0,0.0
2022-10-24 14:00:00+09:00,2399.0,2399.0,2388.0,2389.0,7800,0.0,0.0
2022-10-25 09:00:00+09:00,2410.0,2420.0,2404.0,2412.0,11200,0.0,0.0
2022-10-25 10:00:00+09:00,2411.0,2412.0,2405.0,2409.0,4400,0.0,0.0
2022-10-25 11:00:00+09:00,2411.0,2415.0,2410.0,2415.0,0,0.0,0.0
2022-10-25 12:00:00+09:00,2415.0,2416.0,2408.0,2410.0,20900,0.0,0.0
2022-10-25 13:00:00+09:00,2411.0,2414.0,2409.0,2413.0,3200,0.0,0.0
2022-10-25 14:00:00+09:00,2412.0,2415.0,2406.0,2407.0,8500,0.0,0.0
2022-10-26 09:00:00+09:00,2404.0,2429.0,2404.0,2421.0,6400,0.0,0.0
2022-10-26 10:00:00+09:00,2423.0,2438.0,2423.0,2436.0,4300,0.0,0.0
2022-10-26 11:00:00+09:00,2432.0,2436.0,2432.0,2436.0,0,0.0,0.0
2022-10-26 12:00:00+09:00,2431.0,2438.0,2431.0,2438.0,14000,0.0,0.0
2022-10-26 13:00:00+09:00,2438.0,2443.0,2434.0,2440.0,5800,0.0,0.0
2022-10-26 14:00:00+09:00,2443.0,2443.0,2424.0,2431.0,13800,0.0,0.0
2022-10-27 09:00:00+09:00,2405.0,2413.0,2390.0,2400.0,7900,0.0,0.0
2022-10-27 10:00:00+09:00,2401.0,2417.0,2401.0,2417.0,3400,0.0,0.0
2022-10-27 11:00:00+09:00,2415.0,2415.0,2411.0,2411.0,0,0.0,0.0
2022-10-27 12:00:00+09:00,2409.0,2416.0,2406.0,2416.0,17500,0.0,0.0
2022-10-27 13:00:00+09:00,2415.0,2418.0,2412.0,2412.0,4200,0.0,0.0
2022-10-27 14:00:00+09:00,2412.0,2412.0,2399.0,2399.0,8700,0.0,0.0
2022-10-28 09:00:00+09:00,2380.0,2397.0,2379.0,2391.0,9900,0.0,0.0
2022-10-28 10:00:00+09:00,2401.0,2403.0,2397.0,2399.0,4100,0.0,0.0
2022-10-28 11:00:00+09:00,2402.0,2408.0,2402.0,2406.0,0,0.0,0.0
2022-10-28 12:00:00+09:00,2409.0,2409.0,2402.0,2408.0,19900,0.0,0.0
2022-10-28 13:00:00+09:00,2410.0,2416.0,2402.0,2416.0,9300,0.0,0.0
2022-10-28 14:00:00+09:00,2415.0,2415.0,2393.0,2397.0,16400,0.0,0.0
2022-10-31 09:00:00+09:00,2419.0,2427.0,2400.0,2422.0,10000,0.0,0.0
2022-10-31 10:00:00+09:00,2424.0,2424.0,2412.0,2413.0,6500,0.0,0.0
2022-10-31 11:00:00+09:00,2413.0,2422.0,2413.0,2422.0,0,0.0,0.0
2022-10-31 12:00:00+09:00,2419.0,2424.0,2419.0,2421.0,20300,0.0,0.0
2022-10-31 13:00:00+09:00,2422.0,2437.0,2415.0,2433.0,16000,0.0,0.0
2022-10-31 14:00:00+09:00,2430.0,2436.0,2425.0,2435.0,12300,0.0,0.0
2022-11-01 09:00:00+09:00,2438.0,2444.0,2427.0,2427.0,6600,0.0,0.0
2022-11-01 10:00:00+09:00,2430.0,2433.0,2421.0,2433.0,5500,0.0,0.0
2022-11-01 11:00:00+09:00,2432.0,2432.0,2432.0,2432.0,0,0.0,0.0
2022-11-01 12:00:00+09:00,2429.0,2431.0,2427.0,2427.0,14300,0.0,0.0
2022-11-01 13:00:00+09:00,2426.0,2426.0,2415.0,2415.0,4800,0.0,0.0
2022-11-01 14:00:00+09:00,2418.0,2423.0,2416.0,2416.0,5000,0.0,0.0
2022-11-02 09:00:00+09:00,2414.0,2429.0,2414.0,2419.0,3500,0.0,0.0
2022-11-02 10:00:00+09:00,2419.0,2425.0,2419.0,2419.0,1300,0.0,0.0
2022-11-02 11:00:00+09:00,2421.0,2421.0,2418.0,2418.0,0,0.0,0.0
2022-11-02 12:00:00+09:00,2418.0,2420.0,2415.0,2416.0,6900,0.0,0.0
2022-11-02 13:00:00+09:00,2415.0,2415.0,2406.0,2406.0,4100,0.0,0.0
2022-11-02 14:00:00+09:00,2405.0,2405.0,2393.0,2393.0,5800,0.0,0.0
2022-11-04 09:00:00+09:00,2386.0,2404.0,2386.0,2392.0,5700,0.0,0.0
2022-11-04 10:00:00+09:00,2390.0,2398.0,2377.0,2395.0,18100,0.0,0.0
2022-11-04 11:00:00+09:00,2395.0,2396.0,2391.0,2392.0,0,0.0,0.0
2022-11-04 12:00:00+09:00,2392.0,2398.0,2391.0,2391.0,27600,0.0,0.0
2022-11-04 13:00:00+09:00,2392.0,2397.0,2385.0,2397.0,6300,0.0,0.0
2022-11-04 14:00:00+09:00,2395.0,2409.0,2393.0,2405.0,7200,0.0,0.0
2022-11-07 09:00:00+09:00,2405.0,2405.0,2397.0,2397.0,4900,0.0,0.0
2022-11-07 10:00:00+09:00,2397.0,2422.0,2397.0,2417.0,3600,0.0,0.0
2022-11-07 11:00:00+09:00,2416.0,2416.0,2414.0,2414.0,0,0.0,0.0
2022-11-07 12:00:00+09:00,2420.0,2420.0,2411.0,2411.0,12000,0.0,0.0
2022-11-07 13:00:00+09:00,2413.0,2424.0,2413.0,2417.0,4700,0.0,0.0
2022-11-07 14:00:00+09:00,2417.0,2417.0,2410.0,2410.0,6000,0.0,0.0
2022-11-08 09:00:00+09:00,2408.0,2455.0,2408.0,2441.0,5900,0.0,0.0
2022-11-08 10:00:00+09:00,2442.0,2447.0,2437.0,2440.0,4900,0.0,0.0
2022-11-08 11:00:00+09:00,2440.0,2443.0,2440.0,2440.0,0,0.0,0.0
2022-11-08 12:00:00+09:00,2448.0,2448.0,2441.0,2442.0,16800,0.0,0.0
2022-11-08 13:00:00+09:00,2440.0,2447.0,2440.0,2441.0,5400,0.0,0.0
2022-11-08 14:00:00+09:00,2442.0,2444.0,2437.0,2441.0,7600,0.0,0.0
2022-11-09 09:00:00+09:00,2445.0,2464.0,2445.0,2454.0,4000,0.0,0.0
2022-11-09 10:00:00+09:00,2450.0,2469.0,2450.0,2460.0,5400,0.0,0.0
2022-11-09 11:00:00+09:00,2464.0,2464.0,2458.0,2458.0,0,0.0,0.0
2022-11-09 12:00:00+09:00,2450.0,2455.0,2450.0,2452.0,12500,0.0,0.0
2022-11-09 13:00:00+09:00,2453.0,2456.0,2450.0,2452.0,4000,0.0,0.0
2022-11-09 14:00:00+09:00,2451.0,2453.0,2449.0,2451.0,5900,0.0,0.0
2022-11-10 09:00:00+09:00,2430.0,2445.0,2416.0,2419.0,13500,0.0,0.0
2022-11-10 10:00:00+09:00,2421.0,2435.0,2415.0,2416.0,21200,0.0,0.0
2022-11-10 11:00:00+09:00,2415.0,2415.0,2413.0,2413.0,0,0.0,0.0
2022-11-10 12:00:00+09:00,2412.0,2432.0,2412.0,2422.0,43700,0.0,0.0
2022-11-10 13:00:00+09:00,2423.0,2436.0,2417.0,2419.0,28000,0.0,0.0
2022-11-10 14:00:00+09:00,2418.0,2418.0,2405.0,2406.0,17300,0.0,0.0
2022-11-11 09:00:00+09:00,2379.0,2381.0,2228.0,2278.0,98700,0.0,0.0
2022-11-11 10:00:00+09:00,2280.0,2300.0,2265.0,2300.0,27000,0.0,0.0
2022-11-11 11:00:00+09:00,2300.0,2300.0,2289.0,2291.0,0,0.0,0.0
2022-11-11 12:00:00+09:00,2289.0,2290.0,2242.0,2247.0,163400,0.0,0.0
2022-11-11 13:00:00+09:00,2248.0,2267.0,2223.0,2267.0,68200,0.0,0.0
2022-11-11 14:00:00+09:00,2267.0,2269.0,2230.0,2230.0,79500,0.0,0.0
2022-11-14 09:00:00+09:00,2227.0,2227.0,2161.0,2180.0,54900,0.0,0.0
2022-11-14 10:00:00+09:00,2183.0,2183.0,2147.0,2147.0,31400,0.0,0.0
2022-11-14 11:00:00+09:00,2147.0,2147.0,2129.0,2129.0,0,0.0,0.0
2022-11-14 12:00:00+09:00,2129.0,2157.0,2124.0,2139.0,121100,0.0,0.0
2022-11-14 13:00:00+09:00,2138.0,2138.0,2127.0,2138.0,21900,0.0,0.0
2022-11-14 14:00:00+09:00,2139.0,2150.0,2128.0,2128.0,51100,0.0,0.0
2022-11-15 09:00:00+09:00,2128.0,2175.0,2120.0,2172.0,43300,0.0,0.0
2022-11-15 10:00:00+09:00,2171.0,2185.0,2164.0,2185.0,19500,0.0,0.0
2022-11-15 11:00:00+09:00,2187.0,2187.0,2168.0,2168.0,0,0.0,0.0
2022-11-15 12:00:00+09:00,2174.0,2178.0,2166.0,2173.0,84900,0.0,0.0
2022-11-15 13:00:00+09:00,2175.0,2185.0,2169.0,2172.0,12500,0.0,0.0
2022-11-15 14:00:00+09:00,2172.0,2172.0,2151.0,2151.0,23700,0.0,0.0
2022-11-16 09:00:00+09:00,2165.0,2174.0,2140.0,2172.0,14900,0.0,0.0
2022-11-16 10:00:00+09:00,2174.0,2180.0,2168.0,2174.0,11100,0.0,0.0
2022-11-16 11:00:00+09:00,2175.0,2180.0,2175.0,2175.0,0,0.0,0.0
2022-11-16 12:00:00+09:00,2180.0,2180.0,2175.0,2177.0,35000,0.0,0.0
2022-11-16 13:00:00+09:00,2177.0,2177.0,2166.0,2168.0,8700,0.0,0.0
2022-11-16 14:00:00+09:00,2167.0,2176.0,2165.0,2173.0,13100,0.0,0.0
2022-11-17 09:00:00+09:00,2172.0,2196.0,2170.0,2190.0,9700,0.0,0.0
2022-11-17 10:00:00+09:00,2189.0,2207.0,2188.0,2206.0,8700,0.0,0.0
2022-11-17 11:00:00+09:00,2205.0,2215.0,2192.0,2214.0,0,0.0,0.0
2022-11-17 12:00:00+09:00,2218.0,2236.0,2212.0,2236.0,40900,0.0,0.0
2022-11-17 13:00:00+09:00,2235.0,2242.0,2232.0,2237.0,19900,0.0,0.0
2022-11-17 14:00:00+09:00,2237.0,2243.0,2231.0,2233.0,19600,0.0,0.0
2022-11-18 09:00:00+09:00,2250.0,2313.0,2250.0,2306.0,52500,0.0,0.0
2022-11-18 10:00:00+09:00,2308.0,2320.0,2286.0,2292.0,10300,0.0,0.0
2022-11-18 11:00:00+09:00,2291.0,2291.0,2283.0,2286.0,0,0.0,0.0
2022-11-18 12:00:00+09:00,2283.0,2287.0,2280.0,2287.0,73400,0.0,0.0
2022-11-18 13:00:00+09:00,2285.0,2285.0,2273.0,2280.0,18900,0.0,0.0
2022-11-18 14:00:00+09:00,2279.0,2284.0,2266.0,2284.0,19200,0.0,0.0
2022-11-21 09:00:00+09:00,2302.0,2310.0,2283.0,2289.0,16500,0.0,0.0
2022-11-21 10:00:00+09:00,2288.0,2289.0,2281.0,2289.0,5800,0.0,0.0
2022-11-21 11:00:00+09:00,2290.0,2298.0,2290.0,2298.0,0,0.0,0.0
2022-11-21 12:00:00+09:00,2298.0,2298.0,2291.0,2293.0,32800,0.0,0.0
2022-11-21 13:00:00+09:00,2291.0,2301.0,2291.0,2292.0,8700,0.0,0.0
2022-11-21 14:00:00+09:00,2292.0,2294.0,2285.0,2292.0,6200,0.0,0.0
2022-11-22 09:00:00+09:00,2309.0,2326.0,2309.0,2319.0,10400,0.0,0.0
2022-11-22 10:00:00+09:00,2321.0,2334.0,2321.0,2334.0,5700,0.0,0.0
2022-11-22 11:00:00+09:00,2333.0,2334.0,2330.0,2332.0,0,0.0,0.0
2022-11-22 12:00:00+09:00,2332.0,2336.0,2327.0,2327.0,22500,0.0,0.0
2022-11-22 13:00:00+09:00,2325.0,2346.0,2317.0,2346.0,8000,0.0,0.0
2022-11-22 14:00:00+09:00,2347.0,2354.0,2328.0,2328.0,19000,0.0,0.0
2022-11-24 09:00:00+09:00,2355.0,2370.0,2332.0,2350.0,0,0.0,0.0
2022-11-24 10:00:00+09:00,2351.0,2353.0,2346.0,2352.0,15700,0.0,0.0
2022-11-24 11:00:00+09:00,2353.0,2370.0,2353.0,2370.0,0,0.0,0.0
2022-11-24 12:00:00+09:00,2370.0,2370.0,2359.0,2359.0,22900,0.0,0.0
2022-11-24 13:00:00+09:00,2358.0,2362.0,2349.0,2358.0,5300,0.0,0.0
2022-11-24 14:00:00+09:00,2356.0,2358.0,2345.0,2354.0,8200,0.0,0.0
2022-11-25 09:00:00+09:00,2360.0,2370.0,2339.0,2357.0,3100,0.0,0.0
2022-11-25 10:00:00+09:00,2357.0,2368.0,2356.0,2357.0,3500,0.0,0.0
2022-11-25 11:00:00+09:00,2356.0,2357.0,2352.0,2352.0,0,0.0,0.0
2022-11-25 12:00:00+09:00,2343.0,2360.0,2343.0,2357.0,12200,0.0,0.0
2022-11-25 13:00:00+09:00,2354.0,2356.0,2353.0,2355.0,900,0.0,0.0
2022-11-25 14:00:00+09:00,2353.0,2357.0,2350.0,2353.0,6100,0.0,0.0
2022-11-28 09:00:00+09:00,2360.0,2360.0,2326.0,2334.0,8000,0.0,0.0
2022-11-28 10:00:00+09:00,2339.0,2357.0,2339.0,2350.0,4000,0.0,0.0
2022-11-28 11:00:00+09:00,2352.0,2359.0,2352.0,2358.0,0,0.0,0.0
2022-11-28 12:00:00+09:00,2361.0,2365.0,2357.0,2358.0,16800,0.0,0.0
2022-11-28 13:00:00+09:00,2357.0,2358.0,2355.0,2355.0,2500,0.0,0.0
2022-11-28 14:00:00+09:00,2357.0,2358.0,2349.0,2353.0,5100,0.0,0.0
2022-11-29 09:00:00+09:00,2338.0,2361.0,2324.0,2356.0,7800,0.0,0.0
2022-11-29 10:00:00+09:00,2360.0,2370.0,2359.0,2367.0,4500,0.0,0.0
2022-11-29 11:00:00+09:00,2365.0,2369.0,2360.0,2362.0,0,0.0,0.0
2022-11-29 12:00:00+09:00,2355.0,2368.0,2355.0,2361.0,19000,0.0,0.0
2022-11-29 13:00:00+09:00,2361.0,2370.0,2361.0,2367.0,6600,0.0,0.0
2022-11-29 14:00:00+09:00,2367.0,2370.0,2355.0,2364.0,8000,0.0,0.0
2022-11-30 09:00:00+09:00,2351.0,2359.0,2350.0,2354.0,0,0.0,0.0
2022-11-30 10:00:00+09:00,2352.0,2354.0,2341.0,2350.0,15100,0.0,0.0
2022-11-30 11:00:00+09:00,2350.0,2353.0,2348.0,2351.0,0,0.0,0.0
2022-11-30 12:00:00+09:00,2351.0,2352.0,2349.0,2352.0,19200,0.0,0.0
2022-11-30 13:00:00+09:00,2353.0,2357.0,2350.0,2353.0,5600,0.0,0.0
2022-11-30 14:00:00+09:00,2350.0,2354.0,2346.0,2354.0,10400,0.0,0.0
2022-12-01 09:00:00+09:00,2347.0,2357.0,2330.0,2330.0,13300,0.0,0.0
2022-12-01 10:00:00+09:00,2329.0,2329.0,2298.0,2300.0,14600,0.0,0.0
2022-12-01 11:00:00+09:00,2302.0,2313.0,2302.0,2307.0,0,0.0,0.0
2022-12-01 12:00:00+09:00,2302.0,2312.0,2302.0,2302.0,34700,0.0,0.0
2022-12-01 13:00:00+09:00,2303.0,2311.0,2299.0,2309.0,9400,0.0,0.0
2022-12-01 14:00:00+09:00,2311.0,2311.0,2301.0,2303.0,12100,0.0,0.0
2022-12-02 09:00:00+09:00,2287.0,2287.0,2255.0,2259.0,18900,0.0,0.0
2022-12-02 10:00:00+09:00,2259.0,2275.0,2250.0,2266.0,10800,0.0,0.0
2022-12-02 11:00:00+09:00,2265.0,2273.0,2264.0,2270.0,0,0.0,0.0
2022-12-02 12:00:00+09:00,2269.0,2302.0,2269.0,2295.0,38700,0.0,0.0
2022-12-02 13:00:00+09:00,2295.0,2302.0,2290.0,2301.0,7300,0.0,0.0
2022-12-02 14:00:00+09:00,2300.0,2303.0,2292.0,2292.0,12800,0.0,0.0
2022-12-05 09:00:00+09:00,2293.0,2293.0,2267.0,2267.0,7000,0.0,0.0
2022-12-05 10:00:00+09:00,2265.0,2265.0,2248.0,2248.0,9300,0.0,0.0
2022-12-05 11:00:00+09:00,2250.0,2251.0,2245.0,2245.0,0,0.0,0.0
2022-12-05 12:00:00+09:00,2245.0,2265.0,2245.0,2265.0,25300,0.0,0.0
2022-12-05 13:00:00+09:00,2265.0,2267.0,2253.0,2258.0,5500,0.0,0.0
2022-12-05 14:00:00+09:00,2256.0,2263.0,2254.0,2263.0,6600,0.0,0.0
2022-12-06 09:00:00+09:00,2241.0,2266.0,2234.0,2265.0,10700,0.0,0.0
2022-12-06 10:00:00+09:00,2261.0,2272.0,2253.0,2255.0,9900,0.0,0.0
2022-12-06 11:00:00+09:00,2254.0,2264.0,2254.0,2258.0,0,0.0,0.0
2022-12-06 12:00:00+09:00,2258.0,2262.0,2252.0,2256.0,26600,0.0,0.0
2022-12-06 13:00:00+09:00,2257.0,2261.0,2248.0,2261.0,0,0.0,0.0
2022-12-06 14:00:00+09:00,2258.0,2269.0,2258.0,2263.0,40000,0.0,0.0
2022-12-07 09:00:00+09:00,2253.0,2283.0,2253.0,2279.0,6600,0.0,0.0
2022-12-07 10:00:00+09:00,2283.0,2285.0,2275.0,2275.0,7100,0.0,0.0
2022-12-07 11:00:00+09:00,2275.0,2275.0,2267.0,2267.0,0,0.0,0.0
2022-12-07 12:00:00+09:00,2267.0,2269.0,2265.0,2266.0,21200,0.0,0.0
2022-12-07 13:00:00+09:00,2264.0,2266.0,2261.0,2263.0,2900,0.0,0.0
2022-12-07 14:00:00+09:00,2262.0,2268.0,2259.0,2262.0,9300,0.0,0.0
2022-12-08 09:00:00+09:00,2259.0,2259.0,2232.0,2233.0,9200,0.0,0.0
2022-12-08 10:00:00+09:00,2233.0,2241.0,2233.0,2238.0,7200,0.0,0.0
2022-12-08 11:00:00+09:00,2236.0,2236.0,2233.0,2233.0,0,0.0,0.0
2022-12-08 12:00:00+09:00,2233.0,2247.0,2233.0,2244.0,20600,0.0,0.0
2022-12-08 13:00:00+09:00,2241.0,2260.0,2241.0,2250.0,5300,0.0,0.0
2022-12-08 14:00:00+09:00,2249.0,2256.0,2240.0,2240.0,12900,0.0,0.0
2022-12-09 09:00:00+09:00,2238.0,2272.0,2237.0,2270.0,21400,0.0,0.0
2022-12-09 10:00:00+09:00,2269.0,2269.0,2255.0,2266.0,6700,0.0,0.0
2022-12-09 11:00:00+09:00,2265.0,2265.0,2262.0,2262.0,0,0.0,0.0
2022-12-09 12:00:00+09:00,2262.0,2267.0,2257.0,2266.0,36400,0.0,0.0
2022-12-09 13:00:00+09:00,2266.0,2270.0,2263.0,2267.0,6600,0.0,0.0
2022-12-09 14:00:00+09:00,2267.0,2271.0,2266.0,2269.0,5500,0.0,0.0
2022-12-12 09:00:00+09:00,2264.0,2269.0,2254.0,2269.0,0,0.0,0.0
2022-12-12 10:00:00+09:00,2270.0,2271.0,2262.0,2262.0,4000,0.0,0.0
2022-12-12 11:00:00+09:00,2261.0,2261.0,2257.0,2257.0,0,0.0,0.0
2022-12-12 12:00:00+09:00,2263.0,2265.0,2258.0,2258.0,16600,0.0,0.0
2022-12-12 13:00:00+09:00,2259.0,2261.0,2257.0,2258.0,2900,0.0,0.0
2022-12-12 14:00:00+09:00,2257.0,2265.0,2255.0,2260.0,5100,0.0,0.0
2022-12-13 09:00:00+09:00,2284.0,2285.0,2274.0,2278.0,11000,0.0,0.0
2022-12-13 10:00:00+09:00,2276.0,2277.0,2269.0,2271.0,7400,0.0,0.0
2022-12-13 11:00:00+09:00,2269.0,2273.0,2268.0,2273.0,0,0.0,0.0
2022-12-13 12:00:00+09:00,2268.0,2272.0,2268.0,2272.0,22800,0.0,0.0
2022-12-13 13:00:00+09:00,2273.0,2277.0,2271.0,2271.0,5400,0.0,0.0
2022-12-13 14:00:00+09:00,2271.0,2282.0,2271.0,2278.0,7300,0.0,0.0
2022-12-14 09:00:00+09:00,2292.0,2292.0,2280.0,2286.0,3700,0.0,0.0
2022-12-14 10:00:00+09:00,2284.0,2284.0,2276.0,2277.0,2300,0.0,0.0
2022-12-14 11:00:00+09:00,2276.0,2276.0,2275.0,2275.0,0,0.0,0.0
2022-12-14 12:00:00+09:00,2271.0,2279.0,2271.0,2276.0,7800,0.0,0.0
2022-12-14 13:00:00+09:00,2276.0,2280.0,2276.0,2279.0,900,0.0,0.0
2022-12-14 14:00:00+09:00,2279.0,2281.0,2277.0,2280.0,2200,0.0,0.0
2022-12-15 09:00:00+09:00,2281.0,2300.0,2280.0,2296.0,3600,0.0,0.0
2022-12-15 10:00:00+09:00,2296.0,2296.0,2288.0,2290.0,2400,0.0,0.0
2022-12-15 11:00:00+09:00,2289.0,2290.0,2288.0,2288.0,0,0.0,0.0
2022-12-15 12:00:00+09:00,2288.0,2291.0,2287.0,2288.0,9600,0.0,0.0
2022-12-15 13:00:00+09:00,2287.0,2288.0,2284.0,2284.0,3100,0.0,0.0
2022-12-15 14:00:00+09:00,2286.0,2289.0,2286.0,2288.0,4600,0.0,0.0
2022-12-16 09:00:00+09:00,2281.0,2290.0,2280.0,2287.0,4400,0.0,0.0
2022-12-16 10:00:00+09:00,2286.0,2292.0,2285.0,2288.0,1900,0.0,0.0
2022-12-16 11:00:00+09:00,2289.0,2289.0,2288.0,2288.0,0,0.0,0.0
2022-12-16 12:00:00+09:00,2288.0,2289.0,2286.0,2289.0,8600,0.0,0.0
2022-12-16 13:00:00+09:00,2288.0,2288.0,2277.0,2278.0,4300,0.0,0.0
2022-12-16 14:00:00+09:00,2277.0,2277.0,2266.0,2274.0,10000,0.0,0.0
2022-12-19 09:00:00+09:00,2274.0,2282.0,2270.0,2280.0,7500,0.0,0.0
2022-12-19 10:00:00+09:00,2283.0,2287.0,2282.0,2284.0,2700,0.0,0.0
2022-12-19 11:00:00+09:00,2282.0,2285.0,2282.0,2284.0,0,0.0,0.0
2022-12-19 12:00:00+09:00,2285.0,2292.0,2283.0,2287.0,16100,0.0,0.0
2022-12-19 13:00:00+09:00,2285.0,2289.0,2280.0,2286.0,3600,0.0,0.0
2022-12-19 14:00:00+09:00,2284.0,2288.0,2280.0,2288.0,5600,0.0,0.0
2022-12-20 09:00:00+09:00,2305.0,2347.0,2305.0,2324.0,17600,0.0,0.0
2022-12-20 10:00:00+09:00,2319.0,2337.0,2319.0,2332.0,5700,0.0,0.0
2022-12-20 11:00:00+09:00,2334.0,2339.0,2333.0,2339.0,0,0.0,0.0
2022-12-20 12:00:00+09:00,2314.0,2332.0,2310.0,2321.0,41500,0.0,0.0
2022-12-20 13:00:00+09:00,2323.0,2323.0,2300.0,2308.0,21100,0.0,0.0
2022-12-20 14:00:00+09:00,2306.0,2313.0,2293.0,2308.0,17700,0.0,0.0
2022-12-21 09:00:00+09:00,2300.0,2300.0,2264.0,2264.0,11800,0.0,0.0
2022-12-21 10:00:00+09:00,2263.0,2292.0,2260.0,2289.0,7900,0.0,0.0
2022-12-21 11:00:00+09:00,2290.0,2290.0,2287.0,2287.0,0,0.0,0.0
2022-12-21 12:00:00+09:00,2287.0,2287.0,2277.0,2281.0,25800,0.0,0.0
2022-12-21 13:00:00+09:00,2281.0,2282.0,2275.0,2282.0,5300,0.0,0.0
2022-12-21 14:00:00+09:00,2282.0,2287.0,2275.0,2279.0,10300,0.0,0.0
2022-12-22 09:00:00+09:00,2304.0,2304.0,2284.0,2288.0,10500,0.0,0.0
2022-12-22 10:00:00+09:00,2287.0,2310.0,2287.0,2300.0,16900,0.0,0.0
2022-12-22 11:00:00+09:00,2301.0,2303.0,2299.0,2303.0,0,0.0,0.0
2022-12-22 12:00:00+09:00,2307.0,2307.0,2298.0,2301.0,31100,0.0,0.0
2022-12-22 13:00:00+09:00,2299.0,2299.0,2292.0,2294.0,5500,0.0,0.0
2022-12-22 14:00:00+09:00,2293.0,2293.0,2278.0,2286.0,19100,0.0,0.0
2022-12-23 09:00:00+09:00,2288.0,2293.0,2278.0,2284.0,11500,0.0,0.0
2022-12-23 10:00:00+09:00,2283.0,2284.0,2277.0,2278.0,5200,0.0,0.0
2022-12-23 11:00:00+09:00,2279.0,2279.0,2277.0,2279.0,0,0.0,0.0
2022-12-23 12:00:00+09:00,2280.0,2290.0,2276.0,2290.0,36700,0.0,0.0
2022-12-23 13:00:00+09:00,2290.0,2304.0,2287.0,2297.0,18900,0.0,0.0
2022-12-23 14:00:00+09:00,2298.0,2309.0,2298.0,2308.0,12100,0.0,0.0
2022-12-26 09:00:00+09:00,2311.0,2340.0,2311.0,2330.0,0,0.0,0.0
2022-12-26 10:00:00+09:00,2331.0,2331.0,2325.0,2329.0,10400,0.0,0.0
2022-12-26 11:00:00+09:00,2330.0,2330.0,2325.0,2329.0,0,0.0,0.0
2022-12-26 12:00:00+09:00,2330.0,2344.0,2328.0,2338.0,53800,0.0,0.0
2022-12-26 13:00:00+09:00,2337.0,2338.0,2328.0,2329.0,11100,0.0,0.0
2022-12-26 14:00:00+09:00,2329.0,2334.0,2320.0,2334.0,28600,0.0,0.0
2022-12-27 09:00:00+09:00,2360.0,2360.0,2349.0,2355.0,6400,0.0,0.0
2022-12-27 10:00:00+09:00,2356.0,2362.0,2352.0,2362.0,3800,0.0,0.0
2022-12-27 11:00:00+09:00,2362.0,2368.0,2361.0,2368.0,0,0.0,0.0
2022-12-27 12:00:00+09:00,2360.0,2370.0,2360.0,2370.0,13200,0.0,0.0
2022-12-27 13:00:00+09:00,2366.0,2366.0,2356.0,2356.0,3100,0.0,0.0
2022-12-27 14:00:00+09:00,2356.0,2356.0,2352.0,2356.0,1700,0.0,0.0
2022-12-28 09:00:00+09:00,2363.0,2371.0,2360.0,2364.0,6300,0.0,0.0
2022-12-28 10:00:00+09:00,2362.0,2366.0,2361.0,2364.0,1500,0.0,0.0
2022-12-28 11:00:00+09:00,2363.0,2374.0,2363.0,2374.0,0,0.0,0.0
2022-12-28 12:00:00+09:00,2377.0,2377.0,2371.0,2371.0,10400,0.0,0.0
2022-12-28 13:00:00+09:00,2371.0,2376.0,2369.0,2374.0,2400,0.0,0.0
2022-12-28 14:00:00+09:00,2373.0,2379.0,2372.0,2377.0,5300,0.0,0.0
2022-12-29 09:00:00+09:00,2369.0,2369.0,2347.0,2368.0,10400,0.0,0.0
2022-12-29 10:00:00+09:00,2367.0,2370.0,2364.0,2370.0,3700,0.0,0.0
2022-12-29 11:00:00+09:00,2367.0,2368.0,2366.0,2368.0,0,0.0,0.0
2022-12-29 12:00:00+09:00,2374.0,2380.0,2364.0,2378.0,30500,0.0,0.0
2022-12-29 13:00:00+09:00,2376.0,2385.0,2376.0,2381.0,3700,0.0,0.0
2022-12-29 14:00:00+09:00,2380.0,2382.0,2378.0,2382.0,6500,0.0,0.0
2022-12-30 09:00:00+09:00,2380.0,2387.0,2376.0,2382.0,0,0.0,0.0
2022-12-30 10:00:00+09:00,2385.0,2389.0,2385.0,2389.0,4100,0.0,0.0
2022-12-30 11:00:00+09:00,2388.0,2390.0,2373.0,2378.0,0,0.0,0.0
2022-12-30 12:00:00+09:00,2385.0,2385.0,2385.0,2385.0,9500,0.0,0.0
2022-12-30 13:00:00+09:00,2387.0,2387.0,2373.0,2384.0,5800,0.0,0.0
2022-12-30 14:00:00+09:00,2381.0,2385.0,2375.0,2375.0,9800,0.0,0.0
2023-01-04 09:00:00+09:00,2373.0,2374.0,2328.0,2353.0,0,0.0,0.0
2023-01-04 10:00:00+09:00,2359.0,2360.0,2351.0,2352.0,5300,0.0,0.0
2023-01-04 11:00:00+09:00,2351.0,2355.0,2349.0,2355.0,0,0.0,0.0
2023-01-04 12:00:00+09:00,2348.0,2348.0,2340.0,2340.0,47700,0.0,0.0
2023-01-04 13:00:00+09:00,2341.0,2343.0,2334.0,2338.0,5900,0.0,0.0
2023-01-04 14:00:00+09:00,2338.0,2338.0,2326.0,2326.0,9700,0.0,0.0
2023-01-05 09:00:00+09:00,2337.0,2348.0,2319.0,2344.0,0,0.0,0.0
2023-01-05 10:00:00+09:00,2344.0,2344.0,2340.0,2340.0,10900,0.0,0.0
2023-01-05 11:00:00+09:00,2339.0,2339.0,2333.0,2337.0,0,0.0,0.0
2023-01-05 12:00:00+09:00,2338.0,2345.0,2335.0,2343.0,18100,0.0,0.0
2023-01-05 13:00:00+09:00,2342.0,2343.0,2340.0,2343.0,1800,0.0,0.0
2023-01-05 14:00:00+09:00,2341.0,2349.0,2340.0,2343.0,7500,0.0,0.0
2023-01-06 09:00:00+09:00,2379.0,2379.0,2351.0,2364.0,9600,0.0,0.0
2023-01-06 10:00:00+09:00,2362.0,2362.0,2351.0,2353.0,3000,0.0,0.0
2023-01-06 11:00:00+09:00,2354.0,2358.0,2354.0,2358.0,0,0.0,0.0
2023-01-06 12:00:00+09:00,2365.0,2365.0,2358.0,2358.0,14400,0.0,0.0
2023-01-06 13:00:00+09:00,2355.0,2372.0,2355.0,2360.0,6600,0.0,0.0
2023-01-06 14:00:00+09:00,2360.0,2361.0,2350.0,2350.0,6400,0.0,0.0
2023-01-10 09:00:00+09:00,2347.0,2359.0,2338.0,2338.0,0,0.0,0.0
2023-01-10 10:00:00+09:00,2339.0,2340.0,2328.0,2328.0,5400,0.0,0.0
2023-01-10 11:00:00+09:00,2328.0,2329.0,2326.0,2327.0,0,0.0,0.0
2023-01-10 12:00:00+09:00,2324.0,2328.0,2322.0,2322.0,15900,0.0,0.0
2023-01-10 13:00:00+09:00,2321.0,2321.0,2316.0,2318.0,5200,0.0,0.0
2023-01-10 14:00:00+09:00,2320.0,2320.0,2303.0,2303.0,9700,0.0,0.0
2023-01-11 09:00:00+09:00,2307.0,2327.0,2307.0,2322.0,4200,0.0,0.0
2023-01-11 10:00:00+09:00,2322.0,2331.0,2322.0,2331.0,1900,0.0,0.0
2023-01-11 11:00:00+09:00,2326.0,2334.0,2326.0,2330.0,0,0.0,0.0
2023-01-11 12:00:00+09:00,2327.0,2332.0,2326.0,2332.0,10200,0.0,0.0
2023-01-11 13:00:00+09:00,2332.0,2332.0,2328.0,2331.0,3500,0.0,0.0
2023-01-11 14:00:00+09:00,2329.0,2333.0,2320.0,2325.0,9400,0.0,0.0
2023-01-12 09:00:00+09:00,2330.0,2340.0,2300.0,2309.0,6400,0.0,0.0
2023-01-12 10:00:00+09:00,2307.0,2307.0,2299.0,2301.0,3700,0.0,0.0
2023-01-12 11:00:00+09:00,2300.0,2300.0,2296.0,2296.0,0,0.0,0.0
2023-01-12 12:00:00+09:00,2307.0,2311.0,2303.0,2309.0,14900,0.0,0.0
2023-01-12 13:00:00+09:00,2310.0,2310.0,2304.0,2306.0,2300,0.0,0.0
2023-01-12 14:00:00+09:00,2309.0,2310.0,2306.0,2309.0,2600,0.0,0.0
2023-01-13 09:00:00+09:00,2312.0,2333.0,2312.0,2333.0,3100,0.0,0.0
2023-01-13 10:00:00+09:00,2333.0,2333.0,2317.0,2326.0,4300,0.0,0.0
2023-01-13 11:00:00+09:00,2330.0,2333.0,2326.0,2326.0,0,0.0,0.0
2023-01-13 12:00:00+09:00,2320.0,2326.0,2318.0,2323.0,10800,0.0,0.0
2023-01-13 13:00:00+09:00,2322.0,2327.0,2322.0,2325.0,1900,0.0,0.0
2023-01-13 14:00:00+09:00,2326.0,2330.0,2321.0,2329.0,9200,0.0,0.0
2023-01-16 09:00:00+09:00,2328.0,2331.0,2322.0,2328.0,0,0.0,0.0
2023-01-16 10:00:00+09:00,2328.0,2330.0,2327.0,2327.0,1300,0.0,0.0
2023-01-16 11:00:00+09:00,2327.0,2327.0,2323.0,2323.0,0,0.0,0.0
2023-01-16 12:00:00+09:00,2321.0,2325.0,2304.0,2304.0,15000,0.0,0.0
2023-01-16 13:00:00+09:00,2304.0,2317.0,2303.0,2314.0,1700,0.0,0.0
2023-01-16 14:00:00+09:00,2316.0,2318.0,2312.0,2316.0,4100,0.0,0.0
2023-01-17 09:00:00+09:00,2327.0,2344.0,2319.0,2342.0,3800,0.0,0.0
2023-01-17 10:00:00+09:00,2340.0,2350.0,2337.0,2345.0,0,0.0,0.0
2023-01-17 11:00:00+09:00,2348.0,2351.0,2345.0,2345.0,0,0.0,0.0
2023-01-17 12:00:00+09:00,2347.0,2349.0,2344.0,2344.0,11600,0.0,0.0
2023-01-17 13:00:00+09:00,2345.0,2353.0,2344.0,2353.0,3100,0.0,0.0
2023-01-17 14:00:00+09:00,2354.0,2360.0,2351.0,2359.0,3900,0.0,0.0
2023-01-18 09:00:00+09:00,2346.0,2352.0,2332.0,2345.0,8600,0.0,0.0
2023-01-18 10:00:00+09:00,2345.0,2352.0,2344.0,2352.0,2100,0.0,0.0
2023-01-18 11:00:00+09:00,2350.0,2350.0,2349.0,2350.0,0,0.0,0.0
2023-01-18 12:00:00+09:00,2367.0,2367.0,2357.0,2359.0,13300,0.0,0.0
2023-01-18 13:00:00+09:00,2361.0,2363.0,2343.0,2358.0,6400,0.0,0.0
2023-01-18 14:00:00+09:00,2361.0,2363.0,2351.0,2352.0,4300,0.0,0.0
2023-01-19 09:00:00+09:00,2353.0,2373.0,2353.0,2368.0,1700,0.0,0.0
2023-01-19 10:00:00+09:00,2366.0,2372.0,2365.0,2369.0,0,0.0,0.0
2023-01-19 11:00:00+09:00,2373.0,2374.0,2371.0,2374.0,0,0.0,0.0
2023-01-19 12:00:00+09:00,2370.0,2371.0,2370.0,2371.0,3500,0.0,0.0
2023-01-19 13:00:00+09:00,2370.0,2385.0,2370.0,2374.0,5500,0.0,0.0
2023-01-19 14:00:00+09:00,2373.0,2374.0,2369.0,2369.0,2300,0.0,0.0
2023-01-20 09:00:00+09:00,2388.0,2410.0,2378.0,2404.0,18500,0.0,0.0
2023-01-20 10:00:00+09:00,2408.0,2410.0,2395.0,2407.0,5600,0.0,0.0
2023-01-20 11:00:00+09:00,2408.0,2413.0,2408.0,2413.0,0,0.0,0.0
2023-01-20 12:00:00+09:00,2418.0,2418.0,2403.0,2405.0,34500,0.0,0.0
2023-01-20 13:00:00+09:00,2404.0,2405.0,2397.0,2404.0,3100,0.0,0.0
2023-01-20 14:00:00+09:00,2406.0,2412.0,2405.0,2412.0,7700,0.0,0.0
2023-01-23 09:00:00+09:00,2425.0,2435.0,2417.0,2433.0,4700,0.0,0.0
2023-01-23 10:00:00+09:00,2433.0,2442.0,2433.0,2437.0,4300,0.0,0.0
2023-01-23 11:00:00+09:00,2433.0,2433.0,2427.0,2430.0,0,0.0,0.0
2023-01-23 12:00:00+09:00,2432.0,2435.0,2430.0,2435.0,13400,0.0,0.0
2023-01-23 13:00:00+09:00,2435.0,2440.0,2432.0,2437.0,3200,0.0,0.0
2023-01-23 14:00:00+09:00,2438.0,2438.0,2433.0,2438.0,6600,0.0,0.0
2023-01-24 09:00:00+09:00,2448.0,2460.0,2438.0,2460.0,4900,0.0,0.0
2023-01-24 10:00:00+09:00,2460.0,2468.0,2460.0,2468.0,1700,0.0,0.0
2023-01-24 11:00:00+09:00,2469.0,2474.0,2469.0,2471.0,0,0.0,0.0
2023-01-24 12:00:00+09:00,2470.0,2470.0,2465.0,2465.0,8300,0.0,0.0
2023-01-24 13:00:00+09:00,2465.0,2472.0,2465.0,2471.0,1300,0.0,0.0
2023-01-24 14:00:00+09:00,2469.0,2476.0,2469.0,2470.0,6300,0.0,0.0
2023-01-25 09:00:00+09:00,2463.0,2467.0,2453.0,2463.0,5000,0.0,0.0
2023-01-25 10:00:00+09:00,2466.0,2469.0,2460.0,2466.0,2700,0.0,0.0
2023-01-25 11:00:00+09:00,2467.0,2470.0,2467.0,2470.0,0,0.0,0.0
2023-01-25 12:00:00+09:00,2468.0,2468.0,2466.0,2467.0,9000,0.0,0.0
2023-01-25 13:00:00+09:00,2467.0,2470.0,2460.0,2470.0,4100,0.0,0.0
2023-01-25 14:00:00+09:00,2470.0,2483.0,2470.0,2474.0,5600,0.0,0.0
2023-01-26 09:00:00+09:00,2495.0,2495.0,2480.0,2480.0,2900,0.0,0.0
2023-01-26 10:00:00+09:00,2479.0,2483.0,2479.0,2483.0,1500,0.0,0.0
2023-01-26 11:00:00+09:00,2484.0,2484.0,2484.0,2484.0,0,0.0,0.0
2023-01-26 12:00:00+09:00,2485.0,2485.0,2482.0,2482.0,5000,0.0,0.0
2023-01-26 13:00:00+09:00,2480.0,2480.0,2478.0,2478.0,1300,0.0,0.0
2023-01-26 14:00:00+09:00,2478.0,2487.0,2476.0,2481.0,3700,0.0,0.0
2023-01-27 09:00:00+09:00,2465.0,2465.0,2365.0,2463.0,15700,0.0,0.0
2023-01-27 10:00:00+09:00,2462.0,2463.0,2454.0,2463.0,5000,0.0,0.0
2023-01-27 11:00:00+09:00,2462.0,2462.0,2460.0,2462.0,0,0.0,0.0
2023-01-27 12:00:00+09:00,2460.0,2461.0,2453.0,2454.0,27000,0.0,0.0
2023-01-27 13:00:00+09:00,2454.0,2457.0,2452.0,2457.0,4700,0.0,0.0
2023-01-27 14:00:00+09:00,2459.0,2462.0,2456.0,2461.0,6900,0.0,0.0
2023-01-30 09:00:00+09:00,2462.0,2491.0,2462.0,2481.0,2200,0.0,0.0
2023-01-30 10:00:00+09:00,2490.0,2504.0,2490.0,2502.0,2600,0.0,0.0
2023-01-30 11:00:00+09:00,2503.0,2503.0,2496.0,2496.0,0,0.0,0.0
2023-01-30 12:00:00+09:00,2489.0,2492.0,2489.0,2490.0,8200,0.0,0.0
2023-01-30 13:00:00+09:00,2486.0,2497.0,2486.0,2497.0,2200,0.0,0.0
2023-01-30 14:00:00+09:00,2498.0,2519.0,2493.0,2514.0,14500,0.0,0.0
2023-01-31 09:00:00+09:00,2514.0,2530.0,2498.0,2519.0,6300,0.0,0.0
2023-01-31 10:00:00+09:00,2519.0,2520.0,2513.0,2516.0,3300,0.0,0.0
2023-01-31 11:00:00+09:00,2519.0,2519.0,2518.0,2518.0,0,0.0,0.0
2023-01-31 12:00:00+09:00,2515.0,2516.0,2509.0,2516.0,11400,0.0,0.0
2023-01-31 13:00:00+09:00,2516.0,2522.0,2505.0,2509.0,4400,0.0,0.0
2023-01-31 14:00:00+09:00,2510.0,2516.0,2503.0,2509.0,13800,0.0,0.0
2023-02-01 09:00:00+09:00,2535.0,2535.0,2496.0,2497.0,4800,0.0,0.0
2023-02-01 10:00:00+09:00,2499.0,2507.0,2499.0,2506.0,1000,0.0,0.0
2023-02-01 11:00:00+09:00,2504.0,2504.0,2503.0,2503.0,0,0.0,0.0
2023-02-01 12:00:00+09:00,2510.0,2510.0,2492.0,2494.0,9800,0.0,0.0
2023-02-01 13:00:00+09:00,2494.0,2496.0,2482.0,2483.0,0,0.0,0.0
2023-02-01 14:00:00+09:00,2482.0,2488.0,2473.0,2475.0,38400,0.0,0.0
2023-02-02 09:00:00+09:00,2483.0,2483.0,2470.0,2475.0,2000,0.0,0.0
2023-02-02 10:00:00+09:00,2475.0,2481.0,2475.0,2481.0,0,0.0,0.0
2023-02-02 11:00:00+09:00,2476.0,2476.0,2472.0,2473.0,0,0.0,0.0
2023-02-02 12:00:00+09:00,2471.0,2471.0,2459.0,2463.0,8800,0.0,0.0
2023-02-02 13:00:00+09:00,2464.0,2466.0,2463.0,2465.0,1100,0.0,0.0
2023-02-02 14:00:00+09:00,2465.0,2470.0,2465.0,2466.0,1500,0.0,0.0
2023-02-03 09:00:00+09:00,2458.0,2463.0,2450.0,2456.0,5400,0.0,0.0
2023-02-03 10:00:00+09:00,2455.0,2455.0,2440.0,2440.0,4500,0.0,0.0
2023-02-03 11:00:00+09:00,2443.0,2443.0,2435.0,2435.0,0,0.0,0.0
2023-02-03 12:00:00+09:00,2424.0,2426.0,2421.0,2421.0,13200,0.0,0.0
2023-02-03 13:00:00+09:00,2423.0,2426.0,2423.0,2426.0,500,0.0,0.0
2023-02-03 14:00:00+09:00,2425.0,2425.0,2422.0,2425.0,3100,0.0,0.0
2023-02-06 09:00:00+09:00,2424.0,2443.0,2423.0,2428.0,4200,0.0,0.0
2023-02-06 10:00:00+09:00,2426.0,2436.0,2425.0,2436.0,2200,0.0,0.0
2023-02-06 11:00:00+09:00,2440.0,2443.0,2440.0,2443.0,0,0.0,0.0
2023-02-06 12:00:00+09:00,2438.0,2442.0,2432.0,2440.0,11100,0.0,0.0
2023-02-06 13:00:00+09:00,2443.0,2451.0,2443.0,2448.0,4100,0.0,0.0
2023-02-06 14:00:00+09:00,2445.0,2451.0,2444.0,2450.0,5100,0.0,0.0
2023-02-07 09:00:00+09:00,2460.0,2476.0,2456.0,2476.0,800,0.0,0.0
2023-02-07 10:00:00+09:00,2472.0,2496.0,2471.0,2483.0,5300,0.0,0.0
2023-02-07 11:00:00+09:00,2479.0,2479.0,2469.0,2479.0,0,0.0,0.0
2023-02-07 12:00:00+09:00,2479.0,2481.0,2473.0,2476.0,8500,0.0,0.0
2023-02-07 13:00:00+09:00,2471.0,2478.0,2469.0,2475.0,2400,0.0,0.0
2023-02-07 14:00:00+09:00,2473.0,2479.0,2472.0,2479.0,5300,0.0,0.0
2023-02-08 09:00:00+09:00,2477.0,2479.0,2465.0,2468.0,4300,0.0,0.0
2023-02-08 10:00:00+09:00,2467.0,2469.0,2467.0,2469.0,300,0.0,0.0
2023-02-08 11:00:00+09:00,2470.0,2470.0,2465.0,2465.0,0,0.0,0.0
2023-02-08 12:00:00+09:00,2464.0,2464.0,2461.0,2462.0,8100,0.0,0.0
2023-02-08 13:00:00+09:00,2460.0,2460.0,2454.0,2456.0,2900,0.0,0.0
2023-02-08 14:00:00+09:00,2455.0,2455.0,2446.0,2453.0,11100,0.0,0.0
2023-02-09 09:00:00+09:00,2488.0,2637.0,2488.0,2596.0,57600,0.0,0.0
2023-02-09 10:00:00+09:00,2595.0,2609.0,2588.0,2609.0,17700,0.0,0.0
2023-02-09 11:00:00+09:00,2601.0,2601.0,2586.0,2593.0,0,0.0,0.0
2023-02-09 12:00:00+09:00,2595.0,2607.0,2595.0,2599.0,99200,0.0,0.0
2023-02-09 13:00:00+09:00,2596.0,2605.0,2592.0,2601.0,17900,0.0,0.0
2023-02-09 14:00:00+09:00,2600.0,2625.0,2599.0,2625.0,35500,0.0,0.0
2023-02-10 09:00:00+09:00,2584.0,2622.0,2580.0,2620.0,23600,0.0,0.0
2023-02-10 10:00:00+09:00,2619.0,2621.0,2612.0,2618.0,17100,0.0,0.0
2023-02-10 11:00:00+09:00,2616.0,2619.0,2612.0,2614.0,0,0.0,0.0
2023-02-10 12:00:00+09:00,2604.0,2610.0,2598.0,2601.0,52900,0.0,0.0
2023-02-10 13:00:00+09:00,2599.0,2609.0,2598.0,2602.0,0,0.0,0.0
2023-02-10 14:00:00+09:00,2601.0,2614.0,2598.0,2614.0,81800,0.0,0.0
2023-02-13 09:00:00+09:00,2593.0,2610.0,2574.0,2593.0,5400,0.0,0.0
2023-02-13 10:00:00+09:00,2594.0,2608.0,2581.0,2591.0,4100,0.0,0.0
2023-02-13 11:00:00+09:00,2591.0,2594.0,2590.0,2594.0,0,0.0,0.0
2023-02-13 12:00:00+09:00,2602.0,2602.0,2591.0,2591.0,11800,0.0,0.0
2023-02-13 13:00:00+09:00,2589.0,2607.0,2584.0,2586.0,10500,0.0,0.0
2023-02-13 14:00:00+09:00,2585.0,2588.0,2583.0,2584.0,4900,0.0,0.0
2023-02-14 09:00:00+09:00,2615.0,2643.0,2615.0,2643.0,20100,0.0,0.0
2023-02-14 10:00:00+09:00,2641.0,2647.0,2633.0,2636.0,5600,0.0,0.0
2023-02-14 11:00:00+09:00,2637.0,2637.0,2624.0,2630.0,0,0.0,0.0
2023-02-14 12:00:00+09:00,2630.0,2639.0,2627.0,2630.0,34600,0.0,0.0
2023-02-14 13:00:00+09:00,2627.0,2629.0,2617.0,2620.0,5400,0.0,0.0
2023-02-14 14:00:00+09:00,2621.0,2634.0,2615.0,2634.0,9900,0.0,0.0
2023-02-15 09:00:00+09:00,2645.0,2655.0,2638.0,2652.0,0,0.0,0.0
2023-02-15 10:00:00+09:00,2646.0,2650.0,2636.0,2638.0,7600,0.0,0.0
2023-02-15 11:00:00+09:00,2640.0,2643.0,2620.0,2620.0,0,0.0,0.0
2023-02-15 12:00:00+09:00,2617.0,2619.0,2615.0,2619.0,16100,0.0,0.0
2023-02-15 13:00:00+09:00,2614.0,2617.0,2609.0,2617.0,1600,0.0,0.0
2023-02-15 14:00:00+09:00,2617.0,2623.0,2614.0,2623.0,4700,0.0,0.0
2023-02-16 09:00:00+09:00,2621.0,2621.0,2604.0,2605.0,3600,0.0,0.0
2023-02-16 10:00:00+09:00,2605.0,2605.0,2599.0,2601.0,900,0.0,0.0
2023-02-16 11:00:00+09:00,2602.0,2602.0,2585.0,2585.0,0,0.0,0.0
2023-02-16 12:00:00+09:00,2578.0,2578.0,2551.0,2555.0,20600,0.0,0.0
2023-02-16 13:00:00+09:00,2554.0,2554.0,2545.0,2552.0,0,0.0,0.0
2023-02-16 14:00:00+09:00,2553.0,2567.0,2553.0,2564.0,29900,0.0,0.0
2023-02-17 09:00:00+09:00,2572.0,2590.0,2569.0,2574.0,3300,0.0,0.0
2023-02-17 10:00:00+09:00,2579.0,2592.0,2574.0,2584.0,4600,0.0,0.0
2023-02-17 11:00:00+09:00,2584.0,2584.0,2579.0,2580.0,0,0.0,0.0
2023-02-17 12:00:00+09:00,2581.0,2591.0,2581.0,2590.0,10900,0.0,0.0
2023-02-17 13:00:00+09:00,2588.0,2590.0,2582.0,2585.0,2600,0.0,0.0
2023-02-17 14:00:00+09:00,2588.0,2588.0,2580.0,2587.0,4300,0.0,0.0
2023-02-20 09:00:00+09:00,2589.0,2595.0,2577.0,2590.0,11200,0.0,0.0
2023-02-20 10:00:00+09:00,2591.0,2591.0,2584.0,2590.0,2600,0.0,0.0
2023-02-20 11:00:00+09:00,2590.0,2591.0,2584.0,2591.0,0,0.0,0.0
2023-02-20 12:00:00+09:00,2592.0,2600.0,2592.0,2596.0,30500,0.0,0.0
2023-02-20 13:00:00+09:00,2598.0,2600.0,2592.0,2594.0,5200,0.0,0.0
2023-02-20 14:00:00+09:00,2596.0,2605.0,2595.0,2602.0,15600,0.0,0.0
2023-02-21 09:00:00+09:00,2610.0,2641.0,2607.0,2629.0,10300,0.0,0.0
2023-02-21 10:00:00+09:00,2629.0,2632.0,2629.0,2631.0,1000,0.0,0.0
2023-02-21 11:00:00+09:00,2630.0,2632.0,2630.0,2632.0,0,0.0,0.0
2023-02-21 12:00:00+09:00,2632.0,2637.0,2631.0,2633.0,13500,0.0,0.0
2023-02-21 13:00:00+09:00,2637.0,2640.0,2634.0,2640.0,2400,0.0,0.0
2023-02-21 14:00:00+09:00,2636.0,2640.0,2629.0,2629.0,2000,0.0,0.0
2023-02-22 09:00:00+09:00,2634.0,2664.0,2634.0,2650.0,16900,0.0,0.0
2023-02-22 10:00:00+09:00,2646.0,2646.0,2627.0,2640.0,7700,0.0,0.0
2023-02-22 11:00:00+09:00,2640.0,2646.0,2639.0,2646.0,0,0.0,0.0
2023-02-22 12:00:00+09:00,2637.0,2648.0,2637.0,2647.0,29600,0.0,0.0
2023-02-22 13:00:00+09:00,2648.0,2651.0,2636.0,2642.0,6500,0.0,0.0
2023-02-22 14:00:00+09:00,2638.0,2647.0,2634.0,2647.0,7900,0.0,0.0
2023-02-24 09:00:00+09:00,2642.0,2663.0,2639.0,2656.0,0,0.0,0.0
2023-02-24 10:00:00+09:00,2657.0,2664.0,2653.0,2653.0,20800,0.0,0.0
2023-02-24 11:00:00+09:00,2655.0,2660.0,2655.0,2659.0,0,0.0,0.0
2023-02-24 12:00:00+09:00,2659.0,2660.0,2653.0,2659.0,27200,0.0,0.0
2023-02-24 13:00:00+09:00,2661.0,2661.0,2653.0,2653.0,5400,0.0,0.0
2023-02-24 14:00:00+09:00,2652.0,2659.0,2652.0,2659.0,10200,0.0,0.0
2023-02-27 09:00:00+09:00,2661.0,2684.0,2659.0,2682.0,19000,0.0,0.0
2023-02-27 10:00:00+09:00,2681.0,2689.0,2681.0,2686.0,5400,0.0,0.0
2023-02-27 11:00:00+09:00,2686.0,2696.0,2685.0,2696.0,0,0.0,0.0
2023-02-27 12:00:00+09:00,2698.0,2698.0,2690.0,2692.0,35700,0.0,0.0
2023-02-27 13:00:00+09:00,2691.0,2693.0,2677.0,2677.0,8800,0.0,0.0
2023-02-27 14:00:00+09:00,2677.0,2710.0,2677.0,2710.0,26700,0.0,0.0
2023-02-28 09:00:00+09:00,2687.0,2704.0,2670.0,2693.0,41500,0.0,0.0
2023-02-28 10:00:00+09:00,2690.0,2697.0,2677.0,2682.0,17000,0.0,0.0
2023-02-28 11:00:00+09:00,2680.0,2686.0,2668.0,2681.0,0,0.0,0.0
2023-02-28 12:00:00+09:00,2671.0,2673.0,2647.0,2654.0,100900,0.0,0.0
2023-02-28 13:00:00+09:00,2655.0,2658.0,2640.0,2650.0,24000,0.0,0.0
2023-02-28 14:00:00+09:00,2651.0,2663.0,2650.0,2655.0,35800,0.0,0.0
2023-03-01 09:00:00+09:00,2649.0,2686.0,2635.0,2663.0,25000,0.0,0.0
2023-03-01 10:00:00+09:00,2659.0,2671.0,2657.0,2661.0,7400,0.0,0.0
2023-03-01 11:00:00+09:00,2659.0,2665.0,2657.0,2660.0,0,0.0,0.0
2023-03-01 12:00:00+09:00,2660.0,2668.0,2651.0,2655.0,47000,0.0,0.0
2023-03-01 13:00:00+09:00,2656.0,2659.0,2649.0,2654.0,5900,0.0,0.0
2023-03-01 14:00:00+09:00,2654.0,2654.0,2643.0,2650.0,11100,0.0,0.0
2023-03-02 09:00:00+09:00,2671.0,2719.0,2661.0,2699.0,34200,0.0,0.0
2023-03-02 10:00:00+09:00,2701.0,2711.0,2690.0,2702.0,15600,0.0,0.0
2023-03-02 11:00:00+09:00,2704.0,2715.0,2699.0,2715.0,0,0.0,0.0
2023-03-02 12:00:00+09:00,2715.0,2717.0,2707.0,2711.0,70200,0.0,0.0
2023-03-02 13:00:00+09:00,2711.0,2712.0,2705.0,2708.0,9700,0.0,0.0
2023-03-02 14:00:00+09:00,2708.0,2713.0,2705.0,2710.0,16100,0.0,0.0
2023-03-03 09:00:00+09:00,2713.0,2733.0,2699.0,2720.0,0,0.0,0.0
2023-03-03 10:00:00+09:00,2719.0,2723.0,2712.0,2720.0,43400,0.0,0.0
2023-03-03 11:00:00+09:00,2720.0,2722.0,2716.0,2716.0,0,0.0,0.0
2023-03-03 12:00:00+09:00,2719.0,2719.0,2711.0,2711.0,53600,0.0,0.0
2023-03-03 13:00:00+09:00,2712.0,2713.0,2701.0,2706.0,0,0.0,0.0
2023-03-03 14:00:00+09:00,2709.0,2709.0,2698.0,2700.0,82600,0.0,0.0
2023-03-06 09:00:00+09:00,2721.0,2745.0,2709.0,2729.0,34800,0.0,0.0
2023-03-06 10:00:00+09:00,2722.0,2728.0,2705.0,2708.0,21700,0.0,0.0
2023-03-06 11:00:00+09:00,2707.0,2709.0,2703.0,2703.0,0,0.0,0.0
2023-03-06 12:00:00+09:00,2707.0,2708.0,2698.0,2700.0,65100,0.0,0.0
2023-03-06 13:00:00+09:00,2698.0,2706.0,2696.0,2696.0,0,0.0,0.0
2023-03-06 14:00:00+09:00,2695.0,2710.0,2695.0,2710.0,84800,0.0,0.0
2023-03-07 09:00:00+09:00,2719.0,2728.0,2696.0,2724.0,26800,0.0,0.0
2023-03-07 10:00:00+09:00,2724.0,2729.0,2716.0,2724.0,12100,0.0,0.0
2023-03-07 11:00:00+09:00,2725.0,2727.0,2722.0,2722.0,0,0.0,0.0
2023-03-07 12:00:00+09:00,2725.0,2725.0,2718.0,2725.0,47900,0.0,0.0
2023-03-07 13:00:00+09:00,2726.0,2744.0,2726.0,2738.0,16300,0.0,0.0
2023-03-07 14:00:00+09:00,2739.0,2751.0,2735.0,2742.0,22300,0.0,0.0
2023-03-08 09:00:00+09:00,2744.0,2799.0,2744.0,2798.0,31300,0.0,0.0
2023-03-08 10:00:00+09:00,2794.0,2798.0,2790.0,2794.0,7000,0.0,0.0
2023-03-08 11:00:00+09:00,2793.0,2799.0,2788.0,2799.0,0,0.0,0.0
2023-03-08 12:00:00+09:00,2800.0,2802.0,2788.0,2791.0,65100,0.0,0.0
2023-03-08 13:00:00+09:00,2792.0,2801.0,2792.0,2796.0,11900,0.0,0.0
2023-03-08 14:00:00+09:00,2799.0,2805.0,2797.0,2804.0,21900,0.0,0.0
2023-03-09 09:00:00+09:00,2805.0,2856.0,2800.0,2842.0,0,0.0,0.0
2023-03-09 10:00:00+09:00,2842.0,2845.0,2829.0,2831.0,35500,0.0,0.0
2023-03-09 11:00:00+09:00,2834.0,2841.0,2830.0,2840.0,0,0.0,0.0
2023-03-09 12:00:00+09:00,2840.0,2840.0,2817.0,2818.0,45000,0.0,0.0
2023-03-09 13:00:00+09:00,2817.0,2817.0,2805.0,2807.0,7300,0.0,0.0
2023-03-09 14:00:00+09:00,2808.0,2821.0,2807.0,2821.0,10700,0.0,0.0
2023-03-10 09:00:00+09:00,2800.0,2823.0,2799.0,2819.0,37900,0.0,0.0
2023-03-10 10:00:00+09:00,2816.0,2824.0,2806.0,2806.0,5900,0.0,0.0
2023-03-10 11:00:00+09:00,2810.0,2810.0,2800.0,2806.0,0,0.0,0.0
2023-03-10 12:00:00+09:00,2805.0,2805.0,2780.0,2780.0,53200,0.0,0.0
2023-03-10 13:00:00+09:00,2779.0,2802.0,2778.0,2801.0,10700,0.0,0.0
2023-03-10 14:00:00+09:00,2802.0,2804.0,2796.0,2797.0,9500,0.0,0.0
2023-03-13 09:00:00+09:00,2798.0,2819.0,2770.0,2770.0,0,0.0,0.0
2023-03-13 10:00:00+09:00,2770.0,2774.0,2752.0,2752.0,54400,0.0,0.0
2023-03-13 11:00:00+09:00,2750.0,2755.0,2746.0,2755.0,0,0.0,0.0
2023-03-13 12:00:00+09:00,2766.0,2781.0,2766.0,2779.0,66700,0.0,0.0
2023-03-13 13:00:00+09:00,2779.0,2784.0,2774.0,2782.0,8800,0.0,0.0
2023-03-13 14:00:00+09:00,2781.0,2790.0,2778.0,2787.0,16400,0.0,0.0
2023-03-14 09:00:00+09:00,2771.0,2782.0,2725.0,2727.0,41800,0.0,0.0
2023-03-14 10:00:00+09:00,2729.0,2758.0,2724.0,2728.0,30900,0.0,0.0
2023-03-14 11:00:00+09:00,2728.0,2742.0,2725.0,2742.0,0,0.0,0.0
2023-03-14 12:00:00+09:00,2752.0,2767.0,2741.0,2750.0,110700,0.0,0.0
2023-03-14 13:00:00+09:00,2751.0,2752.0,2742.0,2745.0,0,0.0,0.0
2023-03-14 14:00:00+09:00,2745.0,2748.0,2723.0,2740.0,168200,0.0,0.0
2023-03-15 09:00:00+09:00,2754.0,2792.0,2754.0,2779.0,78500,0.0,0.0
2023-03-15 10:00:00+09:00,2785.0,2797.0,2765.0,2781.0,53100,0.0,0.0
2023-03-15 11:00:00+09:00,2783.0,2798.0,2779.0,2798.0,0,0.0,0.0
2023-03-15 12:00:00+09:00,2800.0,2805.0,2789.0,2797.0,155000,0.0,0.0
2023-03-15 13:00:00+09:00,2796.0,2801.0,2785.0,2797.0,18800,0.0,0.0
2023-03-15 14:00:00+09:00,2799.0,2802.0,2766.0,2774.0,65800,0.0,0.0
2023-03-16 09:00:00+09:00,2739.0,2754.0,2695.0,2754.0,46200,0.0,0.0
2023-03-16 10:00:00+09:00,2756.0,2765.0,2726.0,2730.0,19000,0.0,0.0
2023-03-16 11:00:00+09:00,2729.0,2750.0,2729.0,2749.0,0,0.0,0.0
2023-03-16 12:00:00+09:00,2755.0,2761.0,2740.0,2740.0,84600,0.0,0.0
2023-03-16 13:00:00+09:00,2745.0,2758.0,2743.0,2754.0,8700,0.0,0.0
2023-03-16 14:00:00+09:00,2753.0,2769.0,2749.0,2760.0,34400,0.0,0.0
2023-03-17 09:00:00+09:00,2757.0,2786.0,2756.0,2762.0,16800,0.0,0.0
2023-03-17 10:00:00+09:00,2763.0,2764.0,2750.0,2759.0,9000,0.0,0.0
2023-03-17 11:00:00+09:00,2759.0,2769.0,2757.0,2769.0,0,0.0,0.0
2023-03-17 12:00:00+09:00,2775.0,2775.0,2766.0,2775.0,37100,0.0,0.0
2023-03-17 13:00:00+09:00,2775.0,2782.0,2773.0,2781.0,5900,0.0,0.0
2023-03-17 14:00:00+09:00,2782.0,2782.0,2761.0,2765.0,13000,0.0,0.0
2023-03-20 09:00:00+09:00,2726.0,2742.0,2714.0,2721.0,22200,0.0,0.0
2023-03-20 10:00:00+09:00,2723.0,2723.0,2703.0,2708.0,11200,0.0,0.0
2023-03-20 11:00:00+09:00,2708.0,2708.0,2697.0,2702.0,0,0.0,0.0
2023-03-20 12:00:00+09:00,2709.0,2726.0,2709.0,2714.0,57700,0.0,0.0
2023-03-20 13:00:00+09:00,2716.0,2718.0,2706.0,2707.0,6100,0.0,0.0
2023-03-20 14:00:00+09:00,2705.0,2722.0,2702.0,2708.0,16100,0.0,0.0
2023-03-22 09:00:00+09:00,2756.0,2776.0,2725.0,2735.0,0,0.0,0.0
2023-03-22 10:00:00+09:00,2738.0,2750.0,2733.0,2743.0,10800,0.0,0.0
2023-03-22 11:00:00+09:00,2741.0,2741.0,2738.0,2739.0,0,0.0,0.0
2023-03-22 12:00:00+09:00,2741.0,2749.0,2739.0,2749.0,38400,0.0,0.0
2023-03-22 13:00:00+09:00,2750.0,2750.0,2741.0,2746.0,8800,0.0,0.0
2023-03-22 14:00:00+09:00,2747.0,2748.0,2728.0,2735.0,15300,0.0,0.0
2023-03-23 09:00:00+09:00,2690.0,2706.0,2671.0,2690.0,14100,0.0,0.0
2023-03-23 10:00:00+09:00,2688.0,2693.0,2681.0,2688.0,6200,0.0,0.0
2023-03-23 11:00:00+09:00,2688.0,2700.0,2688.0,2697.0,0,0.0,0.0
2023-03-23 12:00:00+09:00,2690.0,2699.0,2689.0,2689.0,27200,0.0,0.0
2023-03-23 13:00:00+09:00,2689.0,2692.0,2684.0,2692.0,6700,0.0,0.0
2023-03-23 14:00:00+09:00,2692.0,2702.0,2692.0,2696.0,12400,0.0,0.0
2023-03-24 09:00:00+09:00,2694.0,2694.0,2665.0,2665.0,0,0.0,0.0
2023-03-24 10:00:00+09:00,2669.0,2684.0,2668.0,2682.0,24100,0.0,0.0
2023-03-24 11:00:00+09:00,2683.0,2691.0,2683.0,2687.0,0,0.0,0.0
2023-03-24 12:00:00+09:00,2687.0,2691.0,2682.0,2682.0,30900,0.0,0.0
2023-03-24 13:00:00+09:00,2684.0,2684.0,2673.0,2679.0,5700,0.0,0.0
2023-03-24 14:00:00+09:00,2678.0,2690.0,2678.0,2690.0,10400,0.0,0.0
2023-03-27 09:00:00+09:00,2690.0,2690.0,2657.0,2659.0,0,0.0,0.0
2023-03-27 10:00:00+09:00,2662.0,2664.0,2650.0,2653.0,19200,0.0,0.0
2023-03-27 11:00:00+09:00,2654.0,2659.0,2653.0,2653.0,0,0.0,0.0
2023-03-27 12:00:00+09:00,2653.0,2658.0,2652.0,2652.0,26100,0.0,0.0
2023-03-27 13:00:00+09:00,2651.0,2656.0,2649.0,2654.0,8700,0.0,0.0
2023-03-27 14:00:00+09:00,2654.0,2655.0,2644.0,2647.0,10200,0.0,0.0
2023-03-28 09:00:00+09:00,2657.0,2672.0,2643.0,2654.0,8200,0.0,0.0
2023-03-28 10:00:00+09:00,2655.0,2661.0,2648.0,2648.0,4800,0.0,0.0
2023-03-28 11:00:00+09:00,2648.0,2648.0,2642.0,2642.0,0,0.0,0.0
2023-03-28 12:00:00+09:00,2639.0,2648.0,2634.0,2636.0,21000,0.0,0.0
2023-03-28 13:00:00+09:00,2638.0,2642.0,2633.0,2638.0,5500,0.0,0.0
2023-03-28 14:00:00+09:00,2639.0,2640.0,2632.0,2634.0,6600,0.0,0.0
2023-03-29 09:00:00+09:00,2658.0,2678.0,2642.0,2678.0,11400,0.0,0.0
2023-03-29 10:00:00+09:00,2677.0,2686.0,2659.0,2670.0,19700,0.0,0.0
2023-03-29 11:00:00+09:00,2674.0,2682.0,2674.0,2682.0,0,0.0,0.0
2023-03-29 12:00:00+09:00,2688.0,2694.0,2665.0,2668.0,51200,0.0,0.0
2023-03-29 13:00:00+09:00,2667.0,2690.0,2667.0,2685.0,17600,0.0,0.0
2023-03-29 14:00:00+09:00,2687.0,2700.0,2682.0,2693.0,53400,0.0,0.0
2023-03-30 09:00:00+09:00,2590.0,2622.0,2574.0,2591.0,0,0.0,0.0
2023-03-30 10:00:00+09:00,2592.0,2592.0,2577.0,2581.0,16700,0.0,0.0
2023-03-30 11:00:00+09:00,2577.0,2578.0,2570.0,2570.0,0,0.0,0.0
2023-03-30 12:00:00+09:00,2564.0,2581.0,2564.0,2579.0,22800,0.0,0.0
2023-03-30 13:00:00+09:00,2579.0,2592.0,2577.0,2587.0,9500,0.0,0.0
2023-03-30 14:00:00+09:00,2584.0,2605.0,2581.0,2605.0,17600,0.0,0.0
2023-03-31 09:00:00+09:00,2620.0,2650.0,2612.0,2634.0,14100,0.0,0.0
2023-03-31 10:00:00+09:00,2632.0,2637.0,2628.0,2634.0,3000,0.0,0.0
2023-03-31 11:00:00+09:00,2635.0,2647.0,2635.0,2647.0,0,0.0,0.0
2023-03-31 12:00:00+09:00,2643.0,2662.0,2643.0,2662.0,22100,0.0,0.0
2023-03-31 13:00:00+09:00,2658.0,2664.0,2655.0,2657.0,7100,0.0,0.0
2023-03-31 14:00:00+09:00,2658.0,2660.0,2648.0,2654.0,16100,0.0,0.0
2023-04-03 09:00:00+09:00,2685.0,2724.0,2666.0,2712.0,12800,0.0,0.0
2023-04-03 10:00:00+09:00,2710.0,2712.0,2695.0,2699.0,4900,0.0,0.0
2023-04-03 11:00:00+09:00,2700.0,2700.0,2687.0,2691.0,0,0.0,0.0
2023-04-03 12:00:00+09:00,2702.0,2714.0,2693.0,2704.0,26700,0.0,0.0
2023-04-03 13:00:00+09:00,2703.0,2720.0,2703.0,2715.0,11600,0.0,0.0
2023-04-03 14:00:00+09:00,2716.0,2731.0,2714.0,2730.0,16400,0.0,0.0
2023-04-04 09:00:00+09:00,2731.0,2755.0,2718.0,2737.0,14200,0.0,0.0
2023-04-04 10:00:00+09:00,2738.0,2765.0,2734.0,2764.0,8700,0.0,0.0
2023-04-04 11:00:00+09:00,2763.0,2763.0,2759.0,2763.0,0,0.0,0.0
2023-04-04 12:00:00+09:00,2763.0,2777.0,2763.0,2766.0,29600,0.0,0.0
2023-04-04 13:00:00+09:00,2767.0,2772.0,2763.0,2769.0,6300,0.0,0.0
2023-04-04 14:00:00+09:00,2772.0,2784.0,2769.0,2784.0,10500,0.0,0.0
2023-04-05 09:00:00+09:00,2750.0,2768.0,2719.0,2729.0,10400,0.0,0.0
2023-04-05 10:00:00+09:00,2729.0,2730.0,2699.0,2708.0,9200,0.0,0.0
2023-04-05 11:00:00+09:00,2710.0,2716.0,2710.0,2716.0,0,0.0,0.0
2023-04-05 12:00:00+09:00,2715.0,2723.0,2710.0,2710.0,26400,0.0,0.0
2023-04-05 13:00:00+09:00,2710.0,2710.0,2694.0,2694.0,4500,0.0,0.0
2023-04-05 14:00:00+09:00,2693.0,2697.0,2680.0,2695.0,14600,0.0,0.0
2023-04-06 09:00:00+09:00,2680.0,2707.0,2675.0,2698.0,6700,0.0,0.0
2023-04-06 10:00:00+09:00,2697.0,2705.0,2694.0,2702.0,4600,0.0,0.0
2023-04-06 11:00:00+09:00,2703.0,2703.0,2694.0,2695.0,0,0.0,0.0
2023-04-06 12:00:00+09:00,2695.0,2695.0,2672.0,2673.0,35300,0.0,0.0
2023-04-06 13:00:00+09:00,2672.0,2692.0,2672.0,2675.0,15200,0.0,0.0
2023-04-06 14:00:00+09:00,2674.0,2683.0,2671.0,2683.0,10000,0.0,0.0
2023-04-07 09:00:00+09:00,2683.0,2722.0,2678.0,2718.0,6800,0.0,0.0
2023-04-07 10:00:00+09:00,2718.0,2721.0,2712.0,2717.0,4200,0.0,0.0
2023-04-07 11:00:00+09:00,2719.0,2719.0,2719.0,2719.0,0,0.0,0.0
2023-04-07 12:00:00+09:00,2719.0,2726.0,2716.0,2716.0,14500,0.0,0.0
2023-04-07 13:00:00+09:00,2719.0,2722.0,2712.0,2712.0,6400,0.0,0.0
2023-04-07 14:00:00+09:00,2714.0,2725.0,2714.0,2722.0,7200,0.0,0.0
2023-04-10 09:00:00+09:00,2718.0,2758.0,2717.0,2738.0,0,0.0,0.0
2023-04-10 10:00:00+09:00,2740.0,2746.0,2738.0,2743.0,4000,0.0,0.0
2023-04-10 11:00:00+09:00,2744.0,2746.0,2742.0,2742.0,0,0.0,0.0
2023-04-10 12:00:00+09:00,2742.0,2745.0,2734.0,2742.0,27200,0.0,0.0
2023-04-10 13:00:00+09:00,2741.0,2741.0,2731.0,2731.0,5300,0.0,0.0
2023-04-10 14:00:00+09:00,2732.0,2743.0,2729.0,2743.0,12900,0.0,0.0
2023-04-11 09:00:00+09:00,2773.0,2797.0,2769.0,2784.0,10100,0.0,0.0
2023-04-11 10:00:00+09:00,2783.0,2787.0,2775.0,2783.0,6300,0.0,0.0
2023-04-11 11:00:00+09:00,2780.0,2790.0,2778.0,2778.0,0,0.0,0.0
2023-04-11 12:00:00+09:00,2780.0,2794.0,2780.0,2789.0,23700,0.0,0.0
2023-04-11 13:00:00+09:00,2793.0,2797.0,2790.0,2794.0,5000,0.0,0.0
2023-04-11 14:00:00+09:00,2791.0,2796.0,2786.0,2794.0,9200,0.0,0.0
2023-04-12 09:00:00+09:00,2794.0,2820.0,2785.0,2809.0,15700,0.0,0.0
2023-04-12 10:00:00+09:00,2813.0,2832.0,2812.0,2830.0,15400,0.0,0.0
2023-04-12 11:00:00+09:00,2833.0,2837.0,2832.0,2832.0,0,0.0,0.0
2023-04-12 12:00:00+09:00,2831.0,2832.0,2822.0,2830.0,40100,0.0,0.0
2023-04-12 13:00:00+09:00,2831.0,2833.0,2827.0,2827.0,5600,0.0,0.0
2023-04-12 14:00:00+09:00,2829.0,2838.0,2828.0,2835.0,14800,0.0,0.0
2023-04-13 09:00:00+09:00,2832.0,2846.0,2814.0,2817.0,13600,0.0,0.0
2023-04-13 10:00:00+09:00,2816.0,2818.0,2804.0,2818.0,6000,0.0,0.0
2023-04-13 11:00:00+09:00,2818.0,2819.0,2815.0,2818.0,0,0.0,0.0
2023-04-13 12:00:00+09:00,2834.0,2844.0,2809.0,2814.0,24800,0.0,0.0
2023-04-13 13:00:00+09:00,2815.0,2817.0,2812.0,2817.0,4900,0.0,0.0
2023-04-13 14:00:00+09:00,2816.0,2817.0,2808.0,2814.0,10700,0.0,0.0
2023-04-14 09:00:00+09:00,2800.0,2821.0,2800.0,2813.0,6700,0.0,0.0
2023-04-14 10:00:00+09:00,2816.0,2819.0,2810.0,2814.0,4600,0.0,0.0
2023-04-14 11:00:00+09:00,2813.0,2815.0,2811.0,2815.0,0,0.0,0.0
2023-04-14 12:00:00+09:00,2815.0,2825.0,2815.0,2822.0,14700,0.0,0.0
2023-04-14 13:00:00+09:00,2821.0,2831.0,2821.0,2826.0,0,0.0,0.0
2023-04-14 14:00:00+09:00,2823.0,2833.0,2823.0,2832.0,30300,0.0,0.0
2023-04-17 09:00:00+09:00,2830.0,2860.0,2830.0,2847.0,5900,0.0,0.0
2023-04-17 10:00:00+09:00,2844.0,2848.0,2833.0,2833.0,3600,0.0,0.0
2023-04-17 11:00:00+09:00,2832.0,2839.0,2832.0,2839.0,0,0.0,0.0
2023-04-17 12:00:00+09:00,2839.0,2839.0,2820.0,2820.0,13200,0.0,0.0
2023-04-17 13:00:00+09:00,2823.0,2831.0,2823.0,2831.0,1500,0.0,0.0
2023-04-17 14:00:00+09:00,2830.0,2836.0,2826.0,2833.0,5900,0.0,0.0
2023-04-18 09:00:00+09:00,2840.0,2860.0,2839.0,2851.0,10300,0.0,0.0
2023-04-18 10:00:00+09:00,2851.0,2859.0,2849.0,2849.0,5900,0.0,0.0
2023-04-18 11:00:00+09:00,2851.0,2855.0,2851.0,2855.0,0,0.0,0.0
2023-04-18 12:00:00+09:00,2855.0,2855.0,2845.0,2847.0,18600,0.0,0.0
2023-04-18 13:00:00+09:00,2847.0,2849.0,2830.0,2833.0,11600,0.0,0.0
2023-04-18 14:00:00+09:00,2834.0,2848.0,2829.0,2846.0,13200,0.0,0.0
2023-04-19 09:00:00+09:00,2828.0,2828.0,2807.0,2814.0,3600,0.0,0.0
2023-04-19 10:00:00+09:00,2814.0,2817.0,2810.0,2813.0,0,0.0,0.0
2023-04-19 11:00:00+09:00,2814.0,2820.0,2814.0,2820.0,0,0.0,0.0
2023-04-19 12:00:00+09:00,2820.0,2829.0,2820.0,2829.0,12400,0.0,0.0
2023-04-19 13:00:00+09:00,2829.0,2830.0,2804.0,2810.0,14900,0.0,0.0
2023-04-19 14:00:00+09:00,2810.0,2814.0,2809.0,2814.0,7400,0.0,0.0
2023-04-20 09:00:00+09:00,2803.0,2835.0,2801.0,2828.0,14100,0.0,0.0
2023-04-20 10:00:00+09:00,2826.0,2828.0,2821.0,2821.0,3500,0.0,0.0
2023-04-20 11:00:00+09:00,2821.0,2822.0,2817.0,2820.0,0,0.0,0.0
2023-04-20 12:00:00+09:00,2820.0,2824.0,2818.0,2822.0,26900,0.0,0.0
2023-04-20 13:00:00+09:00,2822.0,2832.0,2822.0,2827.0,3400,0.0,0.0
2023-04-20 14:00:00+09:00,2829.0,2829.0,2815.0,2818.0,12200,0.0,0.0
2023-04-21 09:00:00+09:00,2827.0,2840.0,2815.0,2836.0,6500,0.0,0.0
2023-04-21 10:00:00+09:00,2834.0,2834.0,2811.0,2818.0,4300,0.0,0.0
2023-04-21 11:00:00+09:00,2815.0,2816.0,2814.0,2816.0,0,0.0,0.0
2023-04-21 12:00:00+09:00,2816.0,2818.0,2813.0,2814.0,17300,0.0,0.0
2023-04-21 13:00:00+09:00,2814.0,2814.0,2804.0,2809.0,4400,0.0,0.0
2023-04-21 14:00:00+09:00,2809.0,2816.0,2806.0,2807.0,17300,0.0,0.0
2023-04-24 09:00:00+09:00,2824.0,2830.0,2810.0,2824.0,7100,0.0,0.0
2023-04-24 10:00:00+09:00,2824.0,2830.0,2822.0,2827.0,4000,0.0,0.0
2023-04-24 11:00:00+09:00,2825.0,2825.0,2822.0,2824.0,0,0.0,0.0
2023-04-24 12:00:00+09:00,2830.0,2835.0,2826.0,2835.0,16800,0.0,0.0
2023-04-24 13:00:00+09:00,2835.0,2836.0,2829.0,2832.0,6100,0.0,0.0
2023-04-24 14:00:00+09:00,2830.0,2834.0,2824.0,2824.0,11800,0.0,0.0
2023-04-25 09:00:00+09:00,2850.0,2872.0,2848.0,2851.0,13300,0.0,0.0
2023-04-25 10:00:00+09:00,2851.0,2859.0,2847.0,2856.0,4000,0.0,0.0
2023-04-25 11:00:00+09:00,2856.0,2856.0,2851.0,2852.0,0,0.0,0.0
2023-04-25 12:00:00+09:00,2852.0,2853.0,2847.0,2847.0,21200,0.0,0.0
2023-04-25 13:00:00+09:00,2847.0,2847.0,2836.0,2841.0,4100,0.0,0.0
2023-04-25 14:00:00+09:00,2842.0,2842.0,2831.0,2838.0,8300,0.0,0.0
2023-04-26 09:00:00+09:00,2835.0,2836.0,2816.0,2830.0,6600,0.0,0.0
2023-04-26 10:00:00+09:00,2829.0,2838.0,2827.0,2835.0,5800,0.0,0.0
2023-04-26 11:00:00+09:00,2836.0,2838.0,2836.0,2838.0,0,0.0,0.0
2023-04-26 12:00:00+09:00,2838.0,2838.0,2813.0,2818.0,18500,0.0,0.0
2023-04-26 13:00:00+09:00,2816.0,2833.0,2815.0,2833.0,3400,0.0,0.0
2023-04-26 14:00:00+09:00,2835.0,2840.0,2825.0,2833.0,28200,0.0,0.0
2023-04-27 09:00:00+09:00,2833.0,2845.0,2829.0,2836.0,5100,0.0,0.0
2023-04-27 10:00:00+09:00,2835.0,2854.0,2833.0,2850.0,5500,0.0,0.0
2023-04-27 11:00:00+09:00,2851.0,2859.0,2849.0,2859.0,0,0.0,0.0
2023-04-27 12:00:00+09:00,2859.0,2859.0,2844.0,2851.0,19000,0.0,0.0
2023-04-27 13:00:00+09:00,2852.0,2860.0,2852.0,2858.0,8300,0.0,0.0
2023-04-27 14:00:00+09:00,2858.0,2860.0,2852.0,2857.0,7900,0.0,0.0
2023-04-28 09:00:00+09:00,2885.0,2914.0,2885.0,2906.0,15500,0.0,0.0
2023-04-28 10:00:00+09:00,2904.0,2921.0,2899.0,2917.0,10600,0.0,0.0
2023-04-28 11:00:00+09:00,2914.0,2919.0,2914.0,2919.0,0,0.0,0.0
2023-04-28 12:00:00+09:00,2921.0,2924.0,2909.0,2911.0,29600,0.0,0.0
2023-04-28 13:00:00+09:00,2909.0,2934.0,2908.0,2926.0,7500,0.0,0.0
2023-04-28 14:00:00+09:00,2924.0,2950.0,2923.0,2941.0,17700,0.0,0.0
2023-05-01 09:00:00+09:00,2968.0,2985.0,2950.0,2952.0,8100,0.0,0.0
2023-05-01 10:00:00+09:00,2955.0,2959.0,2950.0,2957.0,3000,0.0,0.0
2023-05-01 11:00:00+09:00,2957.0,2963.0,2957.0,2963.0,0,0.0,0.0
2023-05-01 12:00:00+09:00,2963.0,2963.0,2954.0,2954.0,15900,0.0,0.0
2023-05-01 13:00:00+09:00,2954.0,2963.0,2954.0,2958.0,4200,0.0,0.0
2023-05-01 14:00:00+09:00,2960.0,2968.0,2958.0,2966.0,6200,0.0,0.0
2023-05-02 09:00:00+09:00,2980.0,3005.0,2930.0,2933.0,20800,0.0,0.0
2023-05-02 10:00:00+09:00,2930.0,2935.0,2914.0,2916.0,9800,0.0,0.0
2023-05-02 11:00:00+09:00,2915.0,2921.0,2913.0,2919.0,0,0.0,0.0
2023-05-02 12:00:00+09:00,2920.0,2947.0,2916.0,2947.0,40200,0.0,0.0
2023-05-02 13:00:00+09:00,2948.0,2962.0,2942.0,2962.0,5400,0.0,0.0
2023-05-02 14:00:00+09:00,2963.0,2970.0,2949.0,2957.0,23500,0.0,0.0
2023-05-08 09:00:00+09:00,2957.0,2997.0,2952.0,2992.0,14700,0.0,0.0
2023-05-08 10:00:00+09:00,2993.0,2996.0,2985.0,2993.0,5100,0.0,0.0
2023-05-08 11:00:00+09:00,2994.0,2996.0,2988.0,2996.0,0,0.0,0.0
2023-05-08 12:00:00+09:00,2997.0,3005.0,2991.0,2991.0,28700,0.0,0.0
2023-05-08 13:00:00+09:00,2993.0,2999.0,2990.0,2992.0,6200,0.0,0.0
2023-05-08 14:00:00+09:00,2993.0,2998.0,2993.0,2997.0,7600,0.0,0.0
2023-05-09 09:00:00+09:00,3000.0,3035.0,2999.0,3015.0,0,0.0,0.0
2023-05-09 10:00:00+09:00,3015.0,3025.0,3015.0,3020.0,18900,0.0,0.0
2023-05-09 11:00:00+09:00,3025.0,3025.0,3020.0,3025.0,0,0.0,0.0
2023-05-09 12:00:00+09:00,3020.0,3030.0,3020.0,3030.0,25200,0.0,0.0
2023-05-09 13:00:00+09:00,3030.0,3030.0,3015.0,3020.0,6200,0.0,0.0
2023-05-09 14:00:00+09:00,3020.0,3030.0,3020.0,3020.0,6400,0.0,0.0
2023-05-10 09:00:00+09:00,3040.0,3060.0,3035.0,3050.0,8700,0.0,0.0
2023-05-10 10:00:00+09:00,3050.0,3050.0,3020.0,3030.0,9200,0.0,0.0
2023-05-10 11:00:00+09:00,3025.0,3025.0,3020.0,3020.0,0,0.0,0.0
2023-05-10 12:00:00+09:00,3020.0,3035.0,3015.0,3020.0,24700,0.0,0.0
2023-05-10 13:00:00+09:00,3020.0,3045.0,3020.0,3035.0,9000,0.0,0.0
2023-05-10 14:00:00+09:00,3035.0,3035.0,3020.0,3025.0,7600,0.0,0.0
2023-05-11 09:00:00+09:00,3015.0,3040.0,3010.0,3040.0,5900,0.0,0.0
2023-05-11 10:00:00+09:00,3035.0,3050.0,3030.0,3045.0,5000,0.0,0.0
2023-05-11 11:00:00+09:00,3045.0,3050.0,3040.0,3050.0,0,0.0,0.0
2023-05-11 12:00:00+09:00,3060.0,3060.0,3025.0,3025.0,16100,0.0,0.0
2023-05-11 13:00:00+09:00,3025.0,3040.0,3020.0,3030.0,7300,0.0,0.0
2023-05-11 14:00:00+09:00,3030.0,3030.0,3020.0,3020.0,9200,0.0,0.0
2023-05-12 09:00:00+09:00,3020.0,3025.0,2982.0,3005.0,7000,0.0,0.0
2023-05-12 10:00:00+09:00,3005.0,3010.0,3005.0,3005.0,4200,0.0,0.0
2023-05-12 11:00:00+09:00,3000.0,3010.0,3000.0,3010.0,0,0.0,0.0
2023-05-12 12:00:00+09:00,3030.0,3030.0,3005.0,3010.0,27700,0.0,0.0
2023-05-12 13:00:00+09:00,3005.0,3015.0,2999.0,3010.0,5800,0.0,0.0
2023-05-12 14:00:00+09:00,3015.0,3015.0,3005.0,3010.0,10100,0.0,0.0
2023-05-15 09:00:00+09:00,3235.0,3295.0,3220.0,3235.0,67600,0.0,0.0
2023-05-15 10:00:00+09:00,3240.0,3335.0,3240.0,3320.0,62800,0.0,0.0
2023-05-15 11:00:00+09:00,3320.0,3320.0,3285.0,3300.0,0,0.0,0.0
2023-05-15 12:00:00+09:00,3300.0,3315.0,3285.0,3295.0,205100,0.0,0.0
2023-05-15 13:00:00+09:00,3295.0,3330.0,3295.0,3315.0,37600,0.0,0.0
2023-05-15 14:00:00+09:00,3320.0,3345.0,3270.0,3340.0,62000,0.0,0.0
2023-05-16 09:00:00+09:00,3370.0,3380.0,3300.0,3335.0,34100,0.0,0.0
2023-05-16 10:00:00+09:00,3340.0,3355.0,3325.0,3355.0,17300,0.0,0.0
2023-05-16 11:00:00+09:00,3355.0,3360.0,3350.0,3360.0,0,0.0,0.0
2023-05-16 12:00:00+09:00,3360.0,3365.0,3355.0,3360.0,67600,0.0,0.0
2023-05-16 13:00:00+09:00,3360.0,3365.0,3335.0,3355.0,9900,0.0,0.0
2023-05-16 14:00:00+09:00,3355.0,3355.0,3325.0,3355.0,24700,0.0,0.0
2023-05-17 09:00:00+09:00,3350.0,3350.0,3310.0,3335.0,25000,0.0,0.0
2023-05-17 10:00:00+09:00,3340.0,3380.0,3320.0,3330.0,45300,0.0,0.0
2023-05-17 11:00:00+09:00,3330.0,3335.0,3320.0,3330.0,0,0.0,0.0
2023-05-17 12:00:00+09:00,3330.0,3330.0,3295.0,3310.0,85100,0.0,0.0
2023-05-17 13:00:00+09:00,3310.0,3310.0,3290.0,3300.0,12000,0.0,0.0
2023-05-17 14:00:00+09:00,3300.0,3305.0,3270.0,3275.0,21800,0.0,0.0
2023-05-18 09:00:00+09:00,3255.0,3255.0,3150.0,3160.0,48300,0.0,0.0
2023-05-18 10:00:00+09:00,3155.0,3155.0,3120.0,3125.0,25400,0.0,0.0
2023-05-18 11:00:00+09:00,3125.0,3130.0,3110.0,3120.0,0,0.0,0.0
2023-05-18 12:00:00+09:00,3120.0,3130.0,3100.0,3105.0,117800,0.0,0.0
2023-05-18 13:00:00+09:00,3105.0,3115.0,3095.0,3105.0,32900,0.0,0.0
2023-05-18 14:00:00+09:00,3105.0,3125.0,3090.0,3125.0,60500,0.0,0.0
2023-05-19 09:00:00+09:00,3095.0,3165.0,3070.0,3155.0,60400,0.0,0.0
2023-05-19 10:00:00+09:00,3155.0,3175.0,3135.0,3175.0,25900,0.0,0.0
2023-05-19 11:00:00+09:00,3175.0,3200.0,3175.0,3200.0,0,0.0,0.0
2023-05-19 12:00:00+09:00,3200.0,3210.0,3170.0,3170.0,112900,0.0,0.0
2023-05-19 13:00:00+09:00,3165.0,3180.0,3155.0,3180.0,12800,0.0,0.0
2023-05-19 14:00:00+09:00,3175.0,3185.0,3170.0,3185.0,17700,0.0,0.0
2023-05-22 09:00:00+09:00,3180.0,3180.0,3110.0,3120.0,43100,0.0,0.0
2023-05-22 10:00:00+09:00,3115.0,3125.0,3100.0,3105.0,13400,0.0,0.0
2023-05-22 11:00:00+09:00,3105.0,3110.0,3095.0,3110.0,0,0.0,0.0
2023-05-22 12:00:00+09:00,3115.0,3115.0,3090.0,3090.0,79100,0.0,0.0
2023-05-22 13:00:00+09:00,3095.0,3110.0,3090.0,3105.0,10700,0.0,0.0
2023-05-22 14:00:00+09:00,3105.0,3105.0,3085.0,3085.0,15500,0.0,0.0
2023-05-23 09:00:00+09:00,3030.0,3105.0,3020.0,3075.0,56000,0.0,0.0
2023-05-23 10:00:00+09:00,3080.0,3100.0,3075.0,3100.0,17200,0.0,0.0
2023-05-23 11:00:00+09:00,3105.0,3110.0,3095.0,3105.0,0,0.0,0.0
2023-05-23 12:00:00+09:00,3100.0,3100.0,3060.0,3075.0,97000,0.0,0.0
2023-05-23 13:00:00+09:00,3075.0,3075.0,3040.0,3055.0,19000,0.0,0.0
2023-05-23 14:00:00+09:00,3070.0,3090.0,3060.0,3085.0,15900,0.0,0.0
2023-05-24 09:00:00+09:00,3085.0,3120.0,3050.0,3095.0,0,0.0,0.0
2023-05-24 10:00:00+09:00,3100.0,3105.0,3090.0,3095.0,6000,0.0,0.0
2023-05-24 11:00:00+09:00,3100.0,3100.0,3095.0,3100.0,0,0.0,0.0
2023-05-24 12:00:00+09:00,3095.0,3100.0,3080.0,3095.0,41000,0.0,0.0
2023-05-24 13:00:00+09:00,3095.0,3100.0,3090.0,3095.0,7200,0.0,0.0
2023-05-24 14:00:00+09:00,3095.0,3095.0,3075.0,3075.0,13800,0.0,0.0
2023-05-25 09:00:00+09:00,3030.0,3110.0,3030.0,3105.0,0,0.0,0.0
2023-05-25 10:00:00+09:00,3110.0,3110.0,3095.0,3105.0,6600,0.0,0.0
2023-05-25 11:00:00+09:00,3110.0,3115.0,3110.0,3115.0,0,0.0,0.0
2023-05-25 12:00:00+09:00,3115.0,3130.0,3115.0,3125.0,29300,0.0,0.0
2023-05-25 13:00:00+09:00,3130.0,3130.0,3105.0,3110.0,6100,0.0,0.0
2023-05-25 14:00:00+09:00,3115.0,3130.0,3100.0,3120.0,9800,0.0,0.0
2023-05-26 09:00:00+09:00,3140.0,3160.0,3130.0,3150.0,12600,0.0,0.0
2023-05-26 10:00:00+09:00,3150.0,3170.0,3150.0,3170.0,5700,0.0,0.0
2023-05-26 11:00:00+09:00,3170.0,3175.0,3170.0,3170.0,0,0.0,0.0
2023-05-26 12:00:00+09:00,3170.0,3170.0,3145.0,3145.0,26800,0.0,0.0
2023-05-26 13:00:00+09:00,3145.0,3150.0,3135.0,3145.0,7900,0.0,0.0
2023-05-26 14:00:00+09:00,3140.0,3145.0,3130.0,3135.0,9800,0.0,0.0
2023-05-29 09:00:00+09:00,3145.0,3165.0,3120.0,3125.0,14700,0.0,0.0
2023-05-29 10:00:00+09:00,3125.0,3135.0,3120.0,3130.0,4000,0.0,0.0
2023-05-29 11:00:00+09:00,3130.0,3135.0,3125.0,3130.0,0,0.0,0.0
2023-05-29 12:00:00+09:00,3130.0,3130.0,3100.0,3100.0,26500,0.0,0.0
2023-05-29 13:00:00+09:00,3105.0,3110.0,3095.0,3110.0,6700,0.0,0.0
2023-05-29 14:00:00+09:00,3110.0,3110.0,3090.0,3095.0,7300,0.0,0.0
2023-05-30 09:00:00+09:00,3090.0,3105.0,3080.0,3095.0,11500,0.0,0.0
2023-05-30 10:00:00+09:00,3095.0,3095.0,3080.0,3090.0,7600,0.0,0.0
2023-05-30 11:00:00+09:00,3095.0,3095.0,3095.0,3095.0,0,0.0,0.0
2023-05-30 12:00:00+09:00,3095.0,3100.0,3090.0,3100.0,27600,0.0,0.0
2023-05-30 13:00:00+09:00,3105.0,3110.0,3100.0,3100.0,8800,0.0,0.0
2023-05-30 14:00:00+09:00,3100.0,3115.0,3100.0,3100.0,9900,0.0,0.0
2023-05-31 09:00:00+09:00,3100.0,3105.0,3085.0,3090.0,8300,0.0,0.0
2023-05-31 10:00:00+09:00,3095.0,3100.0,3080.0,3085.0,7300,0.0,0.0
2023-05-31 11:00:00+09:00,3085.0,3085.0,3080.0,3080.0,0,0.0,0.0
2023-05-31 12:00:00+09:00,3080.0,3090.0,3080.0,3090.0,21700,0.0,0.0
2023-05-31 13:00:00+09:00,3090.0,3090.0,3080.0,3080.0,7200,0.0,0.0
2023-05-31 14:00:00+09:00,3080.0,3080.0,3065.0,3070.0,14400,0.0,0.0
2023-06-01 09:00:00+09:00,3070.0,3130.0,3070.0,3130.0,14300,0.0,0.0
2023-06-01 10:00:00+09:00,3130.0,3135.0,3105.0,3115.0,7900,0.0,0.0
2023-06-01 11:00:00+09:00,3115.0,3125.0,3115.0,3120.0,0,0.0,0.0
2023-06-01 12:00:00+09:00,3115.0,3120.0,3105.0,3105.0,29300,0.0,0.0
2023-06-01 13:00:00+09:00,3105.0,3110.0,3100.0,3100.0,3200,0.0,0.0
2023-06-01 14:00:00+09:00,3105.0,3110.0,3090.0,3095.0,10800,0.0,0.0
2023-06-02 09:00:00+09:00,3100.0,3150.0,3100.0,3145.0,18900,0.0,0.0
2023-06-02 10:00:00+09:00,3150.0,3155.0,3125.0,3125.0,15700,0.0,0.0
2023-06-02 11:00:00+09:00,3130.0,3130.0,3115.0,3120.0,0,0.0,0.0
2023-06-02 12:00:00+09:00,3120.0,3130.0,3115.0,3125.0,49700,0.0,0.0
2023-06-02 13:00:00+09:00,3125.0,3130.0,3125.0,3130.0,5400,0.0,0.0
2023-06-02 14:00:00+09:00,3130.0,3130.0,3115.0,3115.0,11000,0.0,0.0
2023-06-05 09:00:00+09:00,3160.0,3165.0,3140.0,3145.0,0,0.0,0.0
2023-06-05 10:00:00+09:00,3145.0,3145.0,3140.0,3140.0,3500,0.0,0.0
2023-06-05 11:00:00+09:00,3145.0,3145.0,3135.0,3140.0,0,0.0,0.0
2023-06-05 12:00:00+09:00,3145.0,3145.0,3135.0,3140.0,24500,0.0,0.0
2023-06-05 13:00:00+09:00,3140.0,3140.0,3130.0,3135.0,2900,0.0,0.0
2023-06-05 14:00:00+09:00,3140.0,3145.0,3115.0,3125.0,18000,0.0,0.0
2023-06-06 09:00:00+09:00,3110.0,3140.0,3100.0,3125.0,13200,0.0,0.0
2023-06-06 10:00:00+09:00,3130.0,3140.0,3130.0,3140.0,6100,0.0,0.0
2023-06-06 11:00:00+09:00,3140.0,3140.0,3135.0,3135.0,0,0.0,0.0
2023-06-06 12:00:00+09:00,3140.0,3145.0,3130.0,3145.0,25500,0.0,0.0
2023-06-06 13:00:00+09:00,3145.0,3145.0,3140.0,3145.0,4200,0.0,0.0
2023-06-06 14:00:00+09:00,3145.0,3145.0,3130.0,3140.0,11700,0.0,0.0
2023-06-07 09:00:00+09:00,3145.0,3195.0,3145.0,3165.0,19400,0.0,0.0
2023-06-07 10:00:00+09:00,3155.0,3165.0,3140.0,3160.0,12300,0.0,0.0
2023-06-07 11:00:00+09:00,3160.0,3165.0,3150.0,3150.0,0,0.0,0.0
2023-06-07 12:00:00+09:00,3145.0,3165.0,3145.0,3165.0,44600,0.0,0.0
2023-06-07 13:00:00+09:00,3160.0,3165.0,3140.0,3145.0,18000,0.0,0.0
2023-06-07 14:00:00+09:00,3150.0,3150.0,3140.0,3145.0,9800,0.0,0.0
2023-06-08 09:00:00+09:00,3155.0,3180.0,3135.0,3135.0,0,0.0,0.0
2023-06-08 10:00:00+09:00,3145.0,3150.0,3120.0,3135.0,16900,0.0,0.0
2023-06-08 11:00:00+09:00,3130.0,3135.0,3130.0,3135.0,0,0.0,0.0
2023-06-08 12:00:00+09:00,3130.0,3130.0,3110.0,3110.0,38900,0.0,0.0
2023-06-08 13:00:00+09:00,3110.0,3110.0,3090.0,3090.0,9400,0.0,0.0
2023-06-08 14:00:00+09:00,3085.0,3095.0,3080.0,3095.0,12500,0.0,0.0
2023-06-09 09:00:00+09:00,3115.0,3115.0,3075.0,3095.0,64500,0.0,0.0
2023-06-09 10:00:00+09:00,3095.0,3130.0,3080.0,3110.0,26700,0.0,0.0
2023-06-09 11:00:00+09:00,3110.0,3110.0,3095.0,3100.0,0,0.0,0.0
2023-06-09 12:00:00+09:00,3105.0,3110.0,3095.0,3100.0,101400,0.0,0.0
2023-06-09 13:00:00+09:00,3100.0,3105.0,3090.0,3090.0,6400,0.0,0.0
2023-06-09 14:00:00+09:00,3095.0,3110.0,3090.0,3105.0,14000,0.0,0.0
2023-06-12 09:00:00+09:00,3105.0,3130.0,3100.0,3110.0,15000,0.0,0.0
2023-06-12 10:00:00+09:00,3115.0,3130.0,3115.0,3125.0,12500,0.0,0.0
2023-06-12 11:00:00+09:00,3130.0,3135.0,3130.0,3135.0,0,0.0,0.0
2023-06-12 12:00:00+09:00,3135.0,3140.0,3125.0,3140.0,39800,0.0,0.0
2023-06-12 13:00:00+09:00,3135.0,3145.0,3135.0,3145.0,7300,0.0,0.0
2023-06-12 14:00:00+09:00,3150.0,3160.0,3145.0,3160.0,11700,0.0,0.0
2023-06-13 09:00:00+09:00,3165.0,3185.0,3160.0,3170.0,13900,0.0,0.0
2023-06-13 10:00:00+09:00,3170.0,3175.0,3165.0,3175.0,10500,0.0,0.0
2023-06-13 11:00:00+09:00,3175.0,3175.0,3165.0,3170.0,0,0.0,0.0
2023-06-13 12:00:00+09:00,3175.0,3175.0,3165.0,3170.0,33100,0.0,0.0
2023-06-13 13:00:00+09:00,3170.0,3170.0,3120.0,3145.0,20000,0.0,0.0
2023-06-13 14:00:00+09:00,3140.0,3155.0,3140.0,3145.0,8300,0.0,0.0
2023-06-14 09:00:00+09:00,3150.0,3150.0,3075.0,3125.0,52700,0.0,0.0
2023-06-14 10:00:00+09:00,3125.0,3155.0,3125.0,3145.0,11800,0.0,0.0
2023-06-14 11:00:00+09:00,3150.0,3150.0,3135.0,3140.0,0,0.0,0.0
2023-06-14 12:00:00+09:00,3140.0,3140.0,3130.0,3130.0,77700,0.0,0.0
2023-06-14 13:00:00+09:00,3135.0,3140.0,3135.0,3140.0,7300,0.0,0.0
2023-06-14 14:00:00+09:00,3140.0,3160.0,3140.0,3150.0,17200,0.0,0.0
2023-06-15 09:00:00+09:00,3160.0,3160.0,3090.0,3105.0,41700,0.0,0.0
2023-06-15 10:00:00+09:00,3105.0,3105.0,3090.0,3095.0,6400,0.0,0.0
2023-06-15 11:00:00+09:00,3100.0,3100.0,3075.0,3085.0,0,0.0,0.0
2023-06-15 12:00:00+09:00,3085.0,3085.0,3050.0,3065.0,65300,0.0,0.0
2023-06-15 13:00:00+09:00,3070.0,3070.0,3045.0,3050.0,17300,0.0,0.0
2023-06-15 14:00:00+09:00,3050.0,3050.0,3025.0,3025.0,18700,0.0,0.0
2023-06-16 09:00:00+09:00,3050.0,3055.0,2994.0,3040.0,32200,0.0,0.0
2023-06-16 10:00:00+09:00,3040.0,3065.0,3035.0,3060.0,14700,0.0,0.0
2023-06-16 11:00:00+09:00,3060.0,3070.0,3060.0,3065.0,0,0.0,0.0
2023-06-16 12:00:00+09:00,3070.0,3075.0,3065.0,3070.0,64600,0.0,0.0
2023-06-16 13:00:00+09:00,3070.0,3080.0,3070.0,3070.0,13900,0.0,0.0
2023-06-16 14:00:00+09:00,3075.0,3090.0,3065.0,3090.0,16200,0.0,0.0
2023-06-19 09:00:00+09:00,3100.0,3120.0,3085.0,3100.0,19800,0.0,0.0
2023-06-19 10:00:00+09:00,3105.0,3115.0,3090.0,3090.0,10000,0.0,0.0
2023-06-19 11:00:00+09:00,3090.0,3090.0,3085.0,3085.0,0,0.0,0.0
2023-06-19 12:00:00+09:00,3095.0,3095.0,3080.0,3085.0,37500,0.0,0.0
2023-06-19 13:00:00+09:00,3080.0,3100.0,3080.0,3095.0,6000,0.0,0.0
2023-06-19 14:00:00+09:00,3100.0,3110.0,3090.0,3110.0,11700,0.0,0.0
2023-06-20 09:00:00+09:00,3080.0,3105.0,3080.0,3085.0,15300,0.0,0.0
2023-06-20 10:00:00+09:00,3090.0,3105.0,3090.0,3095.0,5200,0.0,0.0
2023-06-20 11:00:00+09:00,3100.0,3105.0,3095.0,3100.0,0,0.0,0.0
2023-06-20 12:00:00+09:00,3100.0,3100.0,3095.0,3095.0,28300,0.0,0.0
2023-06-20 13:00:00+09:00,3095.0,3095.0,3090.0,3090.0,4000,0.0,0.0
2023-06-20 14:00:00+09:00,3100.0,3100.0,3090.0,3090.0,7800,0.0,0.0
2023-06-21 09:00:00+09:00,3110.0,3130.0,3105.0,3115.0,19900,0.0,0.0
2023-06-21 10:00:00+09:00,3115.0,3120.0,3115.0,3120.0,6700,0.0,0.0
2023-06-21 11:00:00+09:00,3125.0,3145.0,3120.0,3145.0,0,0.0,0.0
2023-06-21 12:00:00+09:00,3145.0,3145.0,3110.0,3115.0,45000,0.0,0.0
2023-06-21 13:00:00+09:00,3115.0,3125.0,3115.0,3120.0,3700,0.0,0.0
2023-06-21 14:00:00+09:00,3120.0,3120.0,3100.0,3100.0,12500,0.0,0.0
2023-06-22 09:00:00+09:00,3115.0,3135.0,3100.0,3100.0,23200,0.0,0.0
2023-06-22 10:00:00+09:00,3105.0,3120.0,3105.0,3120.0,10100,0.0,0.0
2023-06-22 11:00:00+09:00,3120.0,3120.0,3115.0,3120.0,0,0.0,0.0
2023-06-22 12:00:00+09:00,3125.0,3145.0,3120.0,3145.0,43300,0.0,0.0
2023-06-22 13:00:00+09:00,3145.0,3155.0,3135.0,3150.0,19000,0.0,0.0
2023-06-22 14:00:00+09:00,3155.0,3160.0,3140.0,3155.0,25800,0.0,0.0
2023-06-23 09:00:00+09:00,3150.0,3155.0,3115.0,3150.0,31900,0.0,0.0
2023-06-23 10:00:00+09:00,3155.0,3155.0,3105.0,3115.0,20900,0.0,0.0
2023-06-23 11:00:00+09:00,3115.0,3115.0,3100.0,3110.0,0,0.0,0.0
2023-06-23 12:00:00+09:00,3105.0,3105.0,3090.0,3100.0,66600,0.0,0.0
2023-06-23 13:00:00+09:00,3100.0,3105.0,3090.0,3095.0,12500,0.0,0.0
2023-06-23 14:00:00+09:00,3095.0,3105.0,3090.0,3100.0,13400,0.0,0.0
2023-06-26 09:00:00+09:00,3090.0,3095.0,3060.0,3090.0,6200,0.0,0.0
2023-06-26 10:00:00+09:00,3085.0,3110.0,3080.0,3100.0,6200,0.0,0.0
2023-06-26 11:00:00+09:00,3105.0,3115.0,3100.0,3100.0,0,0.0,0.0
2023-06-26 12:00:00+09:00,3105.0,3105.0,3070.0,3070.0,20400,0.0,0.0
2023-06-26 13:00:00+09:00,3070.0,3075.0,3060.0,3065.0,7600,0.0,0.0
2023-06-26 14:00:00+09:00,3065.0,3065.0,3050.0,3050.0,12800,0.0,0.0
2023-06-27 09:00:00+09:00,3080.0,3095.0,3065.0,3090.0,17900,0.0,0.0
2023-06-27 10:00:00+09:00,3085.0,3085.0,3070.0,3075.0,4100,0.0,0.0
2023-06-27 11:00:00+09:00,3080.0,3080.0,3080.0,3080.0,0,0.0,0.0
2023-06-27 12:00:00+09:00,3085.0,3085.0,3075.0,3075.0,25500,0.0,0.0
2023-06-27 13:00:00+09:00,3075.0,3085.0,3075.0,3085.0,2900,0.0,0.0
2023-06-27 14:00:00+09:00,3085.0,3100.0,3075.0,3100.0,12500,0.0,0.0
2023-06-28 09:00:00+09:00,3100.0,3110.0,3080.0,3085.0,9600,0.0,0.0
2023-06-28 10:00:00+09:00,3090.0,3100.0,3090.0,3095.0,4300,0.0,0.0
2023-06-28 11:00:00+09:00,3095.0,3095.0,3090.0,3095.0,0,0.0,0.0
2023-06-28 12:00:00+09:00,3100.0,3105.0,3095.0,3105.0,20100,0.0,0.0
2023-06-28 13:00:00+09:00,3100.0,3105.0,3095.0,3095.0,3300,0.0,0.0
2023-06-28 14:00:00+09:00,3095.0,3110.0,3095.0,3105.0,9700,0.0,0.0
2023-06-29 09:00:00+09:00,3125.0,3130.0,3110.0,3115.0,13700,0.0,0.0
2023-06-29 10:00:00+09:00,3110.0,3110.0,3085.0,3085.0,3800,0.0,0.0
2023-06-29 11:00:00+09:00,3090.0,3090.0,3070.0,3090.0,0,0.0,0.0
2023-06-29 12:00:00+09:00,3090.0,3090.0,3075.0,3085.0,24400,0.0,0.0
2023-06-29 13:00:00+09:00,3085.0,3085.0,3065.0,3070.0,4400,0.0,0.0
2023-06-29 14:00:00+09:00,3075.0,3075.0,3060.0,3070.0,13900,0.0,0.0
2023-06-30 09:00:00+09:00,3070.0,3105.0,3070.0,3095.0,14300,0.0,0.0
2023-06-30 10:00:00+09:00,3100.0,3105.0,3095.0,3100.0,6400,0.0,0.0
2023-06-30 11:00:00+09:00,3100.0,3105.0,3095.0,3100.0,0,0.0,0.0
2023-06-30 12:00:00+09:00,3090.0,3100.0,3090.0,3095.0,28500,0.0,0.0
2023-06-30 13:00:00+09:00,3095.0,3105.0,3090.0,3105.0,5700,0.0,0.0
2023-06-30 14:00:00+09:00,3105.0,3110.0,3100.0,3100.0,15400,0.0,0.0
2023-07-03 09:00:00+09:00,3135.0,3150.0,3120.0,3120.0,0,0.0,0.0
2023-07-03 10:00:00+09:00,3120.0,3135.0,3115.0,3130.0,11700,0.0,0.0
2023-07-03 11:00:00+09:00,3130.0,3145.0,3125.0,3145.0,0,0.0,0.0
2023-07-03 12:00:00+09:00,3145.0,3145.0,3100.0,3100.0,101000,0.0,0.0
2023-07-03 13:00:00+09:00,3095.0,3105.0,3095.0,3100.0,21000,0.0,0.0
2023-07-03 14:00:00+09:00,3105.0,3110.0,3095.0,3100.0,27700,0.0,0.0
2023-07-04 09:00:00+09:00,3075.0,3100.0,3070.0,3085.0,15700,0.0,0.0
2023-07-04 10:00:00+09:00,3090.0,3105.0,3080.0,3080.0,9800,0.0,0.0
2023-07-04 11:00:00+09:00,3080.0,3085.0,3080.0,3085.0,0,0.0,0.0
2023-07-04 12:00:00+09:00,3085.0,3095.0,3085.0,3095.0,30400,0.0,0.0
2023-07-04 13:00:00+09:00,3095.0,3095.0,3080.0,3080.0,5200,0.0,0.0
2023-07-04 14:00:00+09:00,3085.0,3085.0,3065.0,3070.0,15200,0.0,0.0
2023-07-05 09:00:00+09:00,3050.0,3100.0,3040.0,3090.0,22100,0.0,0.0
2023-07-05 10:00:00+09:00,3095.0,3105.0,3095.0,3095.0,9400,0.0,0.0
2023-07-05 11:00:00+09:00,3100.0,3100.0,3095.0,3100.0,0,0.0,0.0
2023-07-05 12:00:00+09:00,3100.0,3100.0,3095.0,3095.0,40900,0.0,0.0
2023-07-05 13:00:00+09:00,3095.0,3100.0,3095.0,3100.0,4700,0.0,0.0
2023-07-05 14:00:00+09:00,3100.0,3100.0,3090.0,3090.0,8700,0.0,0.0
2023-07-06 09:00:00+09:00,3085.0,3100.0,3065.0,3100.0,15300,0.0,0.0
2023-07-06 10:00:00+09:00,3100.0,3105.0,3090.0,3095.0,6100,0.0,0.0
2023-07-06 11:00:00+09:00,3100.0,3100.0,3090.0,3090.0,0,0.0,0.0
2023-07-06 12:00:00+09:00,3070.0,3085.0,3070.0,3080.0,32200,0.0,0.0
2023-07-06 13:00:00+09:00,3080.0,3085.0,3075.0,3080.0,5400,0.0,0.0
2023-07-06 14:00:00+09:00,3085.0,3085.0,3070.0,3075.0,10800,0.0,0.0
2023-07-07 09:00:00+09:00,3070.0,3090.0,3055.0,3090.0,17700,0.0,0.0
2023-07-07 10:00:00+09:00,3090.0,3105.0,3090.0,3100.0,16100,0.0,0.0
2023-07-07 11:00:00+09:00,3105.0,3105.0,3095.0,3105.0,0,0.0,0.0
2023-07-07 12:00:00+09:00,3105.0,3115.0,3100.0,3100.0,52700,0.0,0.0
2023-07-07 13:00:00+09:00,3100.0,3110.0,3095.0,3105.0,10100,0.0,0.0
2023-07-07 14:00:00+09:00,3100.0,3100.0,3080.0,3080.0,12600,0.0,0.0
2023-07-10 09:00:00+09:00,3090.0,3135.0,3090.0,3105.0,0,0.0,0.0
2023-07-10 10:00:00+09:00,3105.0,3115.0,3095.0,3095.0,7400,0.0,0.0
2023-07-10 11:00:00+09:00,3100.0,3100.0,3100.0,3100.0,0,0.0,0.0
2023-07-10 12:00:00+09:00,3100.0,3100.0,3090.0,3090.0,49000,0.0,0.0
2023-07-10 13:00:00+09:00,3090.0,3100.0,3090.0,3100.0,6900,0.0,0.0
2023-07-10 14:00:00+09:00,3100.0,3100.0,3085.0,3095.0,14300,0.0,0.0
2023-07-11 09:00:00+09:00,3100.0,3120.0,3100.0,3110.0,15400,0.0,0.0
2023-07-11 10:00:00+09:00,3110.0,3115.0,3100.0,3105.0,5300,0.0,0.0
2023-07-11 11:00:00+09:00,3105.0,3105.0,3100.0,3100.0,0,0.0,0.0
2023-07-11 12:00:00+09:00,3090.0,3100.0,3090.0,3100.0,24900,0.0,0.0
2023-07-11 13:00:00+09:00,3095.0,3095.0,3085.0,3090.0,4700,0.0,0.0
2023-07-11 14:00:00+09:00,3090.0,3100.0,3080.0,3095.0,7200,0.0,0.0
2023-07-12 09:00:00+09:00,3105.0,3105.0,3070.0,3075.0,11700,0.0,0.0
2023-07-12 10:00:00+09:00,3080.0,3080.0,3065.0,3065.0,5100,0.0,0.0
2023-07-12 11:00:00+09:00,3065.0,3065.0,3060.0,3065.0,0,0.0,0.0
2023-07-12 12:00:00+09:00,3055.0,3060.0,3045.0,3045.0,24700,0.0,0.0
2023-07-12 13:00:00+09:00,3045.0,3050.0,3040.0,3045.0,10900,0.0,0.0
2023-07-12 14:00:00+09:00,3045.0,3055.0,3040.0,3045.0,11700,0.0,0.0
2023-07-13 09:00:00+09:00,3055.0,3085.0,3055.0,3070.0,19400,0.0,0.0
2023-07-13 10:00:00+09:00,3080.0,3090.0,3080.0,3085.0,4100,0.0,0.0
2023-07-13 11:00:00+09:00,3090.0,3095.0,3085.0,3085.0,0,0.0,0.0
2023-07-13 12:00:00+09:00,3085.0,3095.0,3080.0,3085.0,28800,0.0,0.0
2023-07-13 13:00:00+09:00,3090.0,3090.0,3080.0,3080.0,4500,0.0,0.0
2023-07-13 14:00:00+09:00,3085.0,3095.0,3080.0,3095.0,6700,0.0,0.0
2023-07-14 09:00:00+09:00,3100.0,3105.0,3070.0,3075.0,12600,0.0,0.0
2023-07-14 10:00:00+09:00,3080.0,3085.0,3075.0,3085.0,4200,0.0,0.0
2023-07-14 11:00:00+09:00,3085.0,3090.0,3085.0,3090.0,0,0.0,0.0
2023-07-14 12:00:00+09:00,3100.0,3100.0,3090.0,3095.0,19500,0.0,0.0
2023-07-14 13:00:00+09:00,3100.0,3100.0,3095.0,3095.0,6200,0.0,0.0
2023-07-14 14:00:00+09:00,3100.0,3110.0,3095.0,3100.0,11300,0.0,0.0
2023-07-18 09:00:00+09:00,3100.0,3130.0,3100.0,3115.0,19800,0.0,0.0
2023-07-18 10:00:00+09:00,3110.0,3115.0,3105.0,3105.0,5800,0.0,0.0
2023-07-18 11:00:00+09:00,3105.0,3110.0,3100.0,3105.0,0,0.0,0.0
2023-07-18 12:00:00+09:00,3105.0,3105.0,3100.0,3100.0,34500,0.0,0.0
2023-07-18 13:00:00+09:00,3105.0,3105.0,3100.0,3100.0,2700,0.0,0.0
2023-07-18 14:00:00+09:00,3105.0,3110.0,3095.0,3100.0,9900,0.0,0.0
2023-07-19 09:00:00+09:00,3120.0,3130.0,3110.0,3120.0,15100,0.0,0.0
2023-07-19 10:00:00+09:00,3125.0,3130.0,3115.0,3125.0,6000,0.0,0.0
2023-07-19 11:00:00+09:00,3125.0,3125.0,3110.0,3120.0,0,0.0,0.0
2023-07-19 12:00:00+09:00,3120.0,3120.0,3100.0,3105.0,30000,0.0,0.0
2023-07-19 13:00:00+09:00,3105.0,3115.0,3105.0,3105.0,2800,0.0,0.0
2023-07-19 14:00:00+09:00,3115.0,3125.0,3105.0,3120.0,8500,0.0,0.0
2023-07-20 09:00:00+09:00,3135.0,3150.0,3125.0,3125.0,27000,0.0,0.0
2023-07-20 10:00:00+09:00,3130.0,3130.0,3115.0,3115.0,5500,0.0,0.0
2023-07-20 11:00:00+09:00,3115.0,3115.0,3110.0,3115.0,0,0.0,0.0
2023-07-20 12:00:00+09:00,3115.0,3115.0,3100.0,3110.0,44800,0.0,0.0
2023-07-20 13:00:00+09:00,3110.0,3110.0,3095.0,3095.0,4600,0.0,0.0
2023-07-20 14:00:00+09:00,3095.0,3100.0,3090.0,3090.0,5900,0.0,0.0
2023-07-21 09:00:00+09:00,3100.0,3105.0,3090.0,3105.0,18500,0.0,0.0
2023-07-21 10:00:00+09:00,3105.0,3105.0,3095.0,3095.0,11700,0.0,0.0
2023-07-21 11:00:00+09:00,3095.0,3100.0,3095.0,3100.0,0,0.0,0.0
2023-07-21 12:00:00+09:00,3100.0,3105.0,3095.0,3095.0,36000,0.0,0.0
2023-07-21 13:00:00+09:00,3100.0,3105.0,3095.0,3100.0,4300,0.0,0.0
2023-07-21 14:00:00+09:00,3105.0,3105.0,3090.0,3095.0,18700,0.0,0.0
2023-07-24 09:00:00+09:00,3120.0,3130.0,3100.0,3110.0,23600,0.0,0.0
2023-07-24 10:00:00+09:00,3115.0,3115.0,3110.0,3115.0,6100,0.0,0.0
2023-07-24 11:00:00+09:00,3120.0,3125.0,3115.0,3125.0,0,0.0,0.0
2023-07-24 12:00:00+09:00,3125.0,3130.0,3110.0,3125.0,44300,0.0,0.0
2023-07-24 13:00:00+09:00,3130.0,3130.0,3120.0,3130.0,8000,0.0,0.0
2023-07-24 14:00:00+09:00,3130.0,3135.0,3120.0,3125.0,7700,0.0,0.0
2023-07-25 09:00:00+09:00,3155.0,3185.0,3150.0,3170.0,41400,0.0,0.0
2023-07-25 10:00:00+09:00,3170.0,3175.0,3150.0,3155.0,9100,0.0,0.0
2023-07-25 11:00:00+09:00,3155.0,3155.0,3145.0,3155.0,0,0.0,0.0
2023-07-25 12:00:00+09:00,3145.0,3155.0,3145.0,3150.0,61000,0.0,0.0
2023-07-25 13:00:00+09:00,3155.0,3155.0,3140.0,3145.0,9700,0.0,0.0
2023-07-25 14:00:00+09:00,3145.0,3160.0,3145.0,3145.0,9500,0.0,0.0
2023-07-26 09:00:00+09:00,3145.0,3145.0,3115.0,3130.0,18100,0.0,0.0
2023-07-26 10:00:00+09:00,3140.0,3155.0,3135.0,3150.0,14100,0.0,0.0
2023-07-26 11:00:00+09:00,3155.0,3160.0,3150.0,3160.0,0,0.0,0.0
2023-07-26 12:00:00+09:00,3160.0,3160.0,3150.0,3155.0,39800,0.0,0.0
2023-07-26 13:00:00+09:00,3155.0,3160.0,3150.0,3160.0,2400,0.0,0.0
2023-07-26 14:00:00+09:00,3160.0,3165.0,3155.0,3160.0,13500,0.0,0.0
2023-07-27 09:00:00+09:00,3165.0,3165.0,3145.0,3160.0,13300,0.0,0.0
2023-07-27 10:00:00+09:00,3165.0,3165.0,3150.0,3150.0,7500,0.0,0.0
2023-07-27 11:00:00+09:00,3150.0,3150.0,3145.0,3145.0,0,0.0,0.0
2023-07-27 12:00:00+09:00,3145.0,3155.0,3145.0,3155.0,26300,0.0,0.0
2023-07-27 13:00:00+09:00,3160.0,3165.0,3155.0,3165.0,8100,0.0,0.0
2023-07-27 14:00:00+09:00,3170.0,3170.0,3160.0,3170.0,8300,0.0,0.0
2023-07-28 09:00:00+09:00,3155.0,3165.0,3135.0,3165.0,16600,0.0,0.0
2023-07-28 10:00:00+09:00,3165.0,3170.0,3160.0,3170.0,6800,0.0,0.0
2023-07-28 11:00:00+09:00,3170.0,3175.0,3170.0,3175.0,0,0.0,0.0
2023-07-28 12:00:00+09:00,3175.0,3185.0,3160.0,3160.0,41700,0.0,0.0
2023-07-28 13:00:00+09:00,3155.0,3160.0,3145.0,3160.0,4900,0.0,0.0
2023-07-28 14:00:00+09:00,3160.0,3185.0,3160.0,3175.0,24000,0.0,0.0
2023-07-31 09:00:00+09:00,3200.0,3255.0,3200.0,3255.0,39100,0.0,0.0
2023-07-31 10:00:00+09:00,3250.0,3255.0,3230.0,3235.0,6300,0.0,0.0
2023-07-31 11:00:00+09:00,3235.0,3235.0,3230.0,3230.0,0,0.0,0.0
2023-07-31 12:00:00+09:00,3220.0,3230.0,3220.0,3225.0,49900,0.0,0.0
2023-07-31 13:00:00+09:00,3225.0,3230.0,3225.0,3225.0,3000,0.0,0.0
2023-07-31 14:00:00+09:00,3225.0,3245.0,3225.0,3240.0,10000,0.0,0.0
2023-08-01 09:00:00+09:00,3245.0,3255.0,3225.0,3235.0,14900,0.0,0.0
2023-08-01 10:00:00+09:00,3235.0,3245.0,3230.0,3240.0,3700,0.0,0.0
2023-08-01 11:00:00+09:00,3240.0,3245.0,3240.0,3240.0,0,0.0,0.0
2023-08-01 12:00:00+09:00,3240.0,3245.0,3240.0,3245.0,24100,0.0,0.0
2023-08-01 13:00:00+09:00,3250.0,3255.0,3245.0,3250.0,7100,0.0,0.0
2023-08-01 14:00:00+09:00,3255.0,3255.0,3245.0,3250.0,4600,0.0,0.0
2023-08-02 09:00:00+09:00,3245.0,3290.0,3220.0,3290.0,27600,0.0,0.0
2023-08-02 10:00:00+09:00,3295.0,3330.0,3290.0,3305.0,21000,0.0,0.0
2023-08-02 11:00:00+09:00,3310.0,3310.0,3300.0,3300.0,0,0.0,0.0
2023-08-02 12:00:00+09:00,3300.0,3315.0,3300.0,3300.0,57300,0.0,0.0
2023-08-02 13:00:00+09:00,3300.0,3315.0,3295.0,3295.0,12400,0.0,0.0
2023-08-02 14:00:00+09:00,3295.0,3295.0,3285.0,3285.0,12600,0.0,0.0
2023-08-03 09:00:00+09:00,3270.0,3270.0,3245.0,3255.0,11500,0.0,0.0
2023-08-03 10:00:00+09:00,3245.0,3250.0,3235.0,3235.0,5800,0.0,0.0
2023-08-03 11:00:00+09:00,3240.0,3240.0,3235.0,3235.0,0,0.0,0.0
2023-08-03 12:00:00+09:00,3225.0,3235.0,3225.0,3235.0,24100,0.0,0.0
2023-08-03 13:00:00+09:00,3240.0,3240.0,3230.0,3230.0,5300,0.0,0.0
2023-08-03 14:00:00+09:00,3235.0,3235.0,3215.0,3220.0,6200,0.0,0.0
2023-08-04 09:00:00+09:00,3215.0,3240.0,3200.0,3230.0,14000,0.0,0.0
2023-08-04 10:00:00+09:00,3230.0,3235.0,3225.0,3225.0,5700,0.0,0.0
2023-08-04 11:00:00+09:00,3225.0,3225.0,3225.0,3225.0,0,0.0,0.0
2023-08-04 12:00:00+09:00,3225.0,3225.0,3215.0,3215.0,22300,0.0,0.0
2023-08-04 13:00:00+09:00,3220.0,3220.0,3220.0,3220.0,800,0.0,0.0
2023-08-04 14:00:00+09:00,3220.0,3240.0,3220.0,3235.0,11100,0.0,0.0
2023-08-07 09:00:00+09:00,3235.0,3250.0,3200.0,3230.0,21700,0.0,0.0
2023-08-07 10:00:00+09:00,3230.0,3235.0,3225.0,3230.0,4300,0.0,0.0
2023-08-07 11:00:00+09:00,3230.0,3235.0,3230.0,3235.0,0,0.0,0.0
2023-08-07 12:00:00+09:00,3235.0,3235.0,3215.0,3230.0,35800,0.0,0.0
2023-08-07 13:00:00+09:00,3230.0,3230.0,3210.0,3210.0,3500,0.0,0.0
2023-08-07 14:00:00+09:00,3210.0,3210.0,3180.0,3185.0,34900,0.0,0.0
2023-08-08 09:00:00+09:00,3185.0,3220.0,3185.0,3215.0,28200,0.0,0.0
2023-08-08 10:00:00+09:00,3215.0,3220.0,3185.0,3190.0,8300,0.0,0.0
2023-08-08 11:00:00+09:00,3190.0,3195.0,3190.0,3190.0,0,0.0,0.0
2023-08-08 12:00:00+09:00,3190.0,3195.0,3180.0,3180.0,42200,0.0,0.0
2023-08-08 13:00:00+09:00,3185.0,3185.0,3170.0,3170.0,3300,0.0,0.0
2023-08-08 14:00:00+09:00,3170.0,3170.0,3150.0,3160.0,17100,0.0,0.0
2023-08-09 09:00:00+09:00,3165.0,3175.0,3075.0,3100.0,33700,0.0,0.0
2023-08-09 10:00:00+09:00,3095.0,3100.0,3090.0,3100.0,11100,0.0,0.0
2023-08-09 11:00:00+09:00,3095.0,3100.0,3090.0,3100.0,0,0.0,0.0
2023-08-09 12:00:00+09:00,3105.0,3105.0,3090.0,3100.0,53300,0.0,0.0
2023-08-09 13:00:00+09:00,3100.0,3100.0,3085.0,3095.0,7900,0.0,0.0
2023-08-09 14:00:00+09:00,3095.0,3105.0,3090.0,3095.0,11200,0.0,0.0
2023-08-10 09:00:00+09:00,3340.0,3490.0,3325.0,3420.0,125100,0.0,0.0
2023-08-10 10:00:00+09:00,3410.0,3480.0,3400.0,3440.0,54100,0.0,0.0
2023-08-10 11:00:00+09:00,3440.0,3455.0,3440.0,3455.0,0,0.0,0.0
2023-08-10 12:00:00+09:00,3460.0,3500.0,3460.0,3500.0,228700,0.0,0.0
2023-08-10 13:00:00+09:00,3505.0,3505.0,3450.0,3450.0,27800,0.0,0.0
2023-08-10 14:00:00+09:00,3445.0,3475.0,3445.0,3470.0,40800,0.0,0.0
2023-08-14 09:00:00+09:00,3500.0,3550.0,3435.0,3495.0,74700,0.0,0.0
2023-08-14 10:00:00+09:00,3490.0,3500.0,3430.0,3450.0,22600,0.0,0.0
2023-08-14 11:00:00+09:00,3445.0,3450.0,3435.0,3445.0,0,0.0,0.0
2023-08-14 12:00:00+09:00,3440.0,3450.0,3420.0,3430.0,127200,0.0,0.0
2023-08-14 13:00:00+09:00,3425.0,3430.0,3405.0,3425.0,17200,0.0,0.0
2023-08-14 14:00:00+09:00,3425.0,3440.0,3420.0,3435.0,18000,0.0,0.0
2023-08-15 09:00:00+09:00,3445.0,3520.0,3440.0,3515.0,36000,0.0,0.0
2023-08-15 10:00:00+09:00,3520.0,3525.0,3510.0,3515.0,7700,0.0,0.0
2023-08-15 11:00:00+09:00,3515.0,3515.0,3490.0,3495.0,0,0.0,0.0
2023-08-15 12:00:00+09:00,3495.0,3495.0,3475.0,3475.0,58600,0.0,0.0
2023-08-15 13:00:00+09:00,3475.0,3480.0,3460.0,3470.0,13000,0.0,0.0
2023-08-15 14:00:00+09:00,3475.0,3485.0,3465.0,3475.0,21000,0.0,0.0
2023-08-16 09:00:00+09:00,3480.0,3520.0,3465.0,3495.0,36500,0.0,0.0
2023-08-16 10:00:00+09:00,3500.0,3500.0,3470.0,3475.0,11800,0.0,0.0
2023-08-16 11:00:00+09:00,3475.0,3485.0,3475.0,3485.0,0,0.0,0.0
2023-08-16 12:00:00+09:00,3485.0,3490.0,3470.0,3480.0,59100,0.0,0.0
2023-08-16 13:00:00+09:00,3480.0,3510.0,3475.0,3510.0,18700,0.0,0.0
2023-08-16 14:00:00+09:00,3510.0,3515.0,3475.0,3480.0,35800,0.0,0.0
2023-08-17 09:00:00+09:00,3495.0,3535.0,3475.0,3475.0,30700,0.0,0.0
2023-08-17 10:00:00+09:00,3465.0,3470.0,3390.0,3390.0,33500,0.0,0.0
2023-08-17 11:00:00+09:00,3390.0,3420.0,3390.0,3420.0,0,0.0,0.0
2023-08-17 12:00:00+09:00,3425.0,3445.0,3425.0,3445.0,93100,0.0,0.0
2023-08-17 13:00:00+09:00,3450.0,3465.0,3450.0,3460.0,13600,0.0,0.0
2023-08-17 14:00:00+09:00,3465.0,3485.0,3460.0,3480.0,24100,0.0,0.0
2023-08-18 09:00:00+09:00,3465.0,3465.0,3390.0,3395.0,14500,0.0,0.0
2023-08-18 10:00:00+09:00,3390.0,3395.0,3380.0,3380.0,8500,0.0,0.0
2023-08-18 11:00:00+09:00,3385.0,3390.0,3385.0,3390.0,0,0.0,0.0
2023-08-18 12:00:00+09:00,3395.0,3395.0,3365.0,3385.0,33000,0.0,0.0
2023-08-18 13:00:00+09:00,3390.0,3395.0,3380.0,3380.0,5200,0.0,0.0
2023-08-18 14:00:00+09:00,3385.0,3390.0,3365.0,3385.0,17500,0.0,0.0
2023-08-21 09:00:00+09:00,3400.0,3450.0,3390.0,3430.0,33800,0.0,0.0
2023-08-21 10:00:00+09:00,3425.0,3455.0,3425.0,3445.0,15200,0.0,0.0
2023-08-21 11:00:00+09:00,3455.0,3455.0,3450.0,3450.0,0,0.0,0.0
2023-08-21 12:00:00+09:00,3455.0,3470.0,3445.0,3470.0,67000,0.0,0.0
2023-08-21 13:00:00+09:00,3470.0,3480.0,3465.0,3480.0,8500,0.0,0.0
2023-08-21 14:00:00+09:00,3480.0,3480.0,3460.0,3470.0,21700,0.0,0.0
2023-08-22 09:00:00+09:00,3465.0,3490.0,3445.0,3480.0,25000,0.0,0.0
2023-08-22 10:00:00+09:00,3475.0,3475.0,3460.0,3460.0,7600,0.0,0.0
2023-08-22 11:00:00+09:00,3460.0,3475.0,3460.0,3460.0,0,0.0,0.0
2023-08-22 12:00:00+09:00,3460.0,3465.0,3455.0,3465.0,41700,0.0,0.0
2023-08-22 13:00:00+09:00,3465.0,3470.0,3465.0,3470.0,3800,0.0,0.0
2023-08-22 14:00:00+09:00,3475.0,3515.0,3475.0,3515.0,31500,0.0,0.0
2023-08-23 09:00:00+09:00,3510.0,3560.0,3510.0,3525.0,32200,0.0,0.0
2023-08-23 10:00:00+09:00,3525.0,3530.0,3500.0,3500.0,8400,0.0,0.0
2023-08-23 11:00:00+09:00,3500.0,3500.0,3490.0,3490.0,0,0.0,0.0
2023-08-23 12:00:00+09:00,3485.0,3490.0,3485.0,3490.0,52300,0.0,0.0
2023-08-23 13:00:00+09:00,3490.0,3500.0,3490.0,3500.0,8000,0.0,0.0
2023-08-23 14:00:00+09:00,3500.0,3515.0,3500.0,3505.0,9100,0.0,0.0
2023-08-24 09:00:00+09:00,3510.0,3520.0,3475.0,3510.0,0,0.0,0.0
2023-08-24 10:00:00+09:00,3520.0,3520.0,3495.0,3495.0,30700,0.0,0.0
2023-08-24 11:00:00+09:00,3495.0,3500.0,3495.0,3500.0,0,0.0,0.0
2023-08-24 12:00:00+09:00,3505.0,3505.0,3500.0,3500.0,33400,0.0,0.0
2023-08-24 13:00:00+09:00,3500.0,3530.0,3500.0,3530.0,15500,0.0,0.0
2023-08-24 14:00:00+09:00,3535.0,3550.0,3530.0,3535.0,26600,0.0,0.0
2023-08-25 09:00:00+09:00,3490.0,3515.0,3470.0,3495.0,10300,0.0,0.0
2023-08-25 10:00:00+09:00,3490.0,3490.0,3470.0,3470.0,6700,0.0,0.0
2023-08-25 11:00:00+09:00,3470.0,3485.0,3470.0,3475.0,0,0.0,0.0
2023-08-25 12:00:00+09:00,3475.0,3485.0,3475.0,3480.0,22400,0.0,0.0
2023-08-25 13:00:00+09:00,3480.0,3495.0,3475.0,3480.0,7200,0.0,0.0
2023-08-25 14:00:00+09:00,3480.0,3490.0,3475.0,3480.0,12900,0.0,0.0
2023-08-28 09:00:00+09:00,3480.0,3540.0,3480.0,3525.0,0,0.0,0.0
2023-08-28 10:00:00+09:00,3530.0,3535.0,3525.0,3530.0,34900,0.0,0.0
2023-08-28 11:00:00+09:00,3530.0,3535.0,3530.0,3535.0,0,0.0,0.0
2023-08-28 12:00:00+09:00,3525.0,3530.0,3520.0,3530.0,40100,0.0,0.0
2023-08-28 13:00:00+09:00,3530.0,3545.0,3525.0,3540.0,6900,0.0,0.0
2023-08-28 14:00:00+09:00,3545.0,3565.0,3535.0,3560.0,13100,0.0,0.0
2023-08-29 09:00:00+09:00,3570.0,3600.0,3565.0,3600.0,15700,0.0,0.0
2023-08-29 10:00:00+09:00,3595.0,3595.0,3555.0,3560.0,36000,0.0,0.0
2023-08-29 11:00:00+09:00,3560.0,3560.0,3550.0,3550.0,0,0.0,0.0
2023-08-29 12:00:00+09:00,3560.0,3570.0,3560.0,3570.0,0,0.0,0.0
2023-08-29 13:00:00+09:00,3570.0,3580.0,3570.0,3580.0,58200,0.0,0.0
2023-08-29 14:00:00+09:00,3580.0,3595.0,3575.0,3595.0,8100,0.0,0.0
2023-08-30 09:00:00+09:00,3600.0,3600.0,3580.0,3585.0,13900,0.0,0.0
2023-08-30 10:00:00+09:00,3585.0,3585.0,3580.0,3585.0,3200,0.0,0.0
2023-08-30 11:00:00+09:00,3585.0,3585.0,3580.0,3585.0,0,0.0,0.0
2023-08-30 12:00:00+09:00,3585.0,3585.0,3570.0,3575.0,22900,0.0,0.0
2023-08-30 13:00:00+09:00,3575.0,3575.0,3560.0,3565.0,6100,0.0,0.0
2023-08-30 14:00:00+09:00,3560.0,3570.0,3560.0,3565.0,19100,0.0,0.0
2023-08-31 09:00:00+09:00,3555.0,3580.0,3555.0,3580.0,14100,0.0,0.0
2023-08-31 10:00:00+09:00,3580.0,3600.0,3580.0,3595.0,11200,0.0,0.0
2023-08-31 11:00:00+09:00,3600.0,3620.0,3600.0,3620.0,0,0.0,0.0
2023-08-31 12:00:00+09:00,3615.0,3620.0,3610.0,3615.0,44600,0.0,0.0
2023-08-31 13:00:00+09:00,3615.0,3615.0,3600.0,3600.0,6000,0.0,0.0
2023-08-31 14:00:00+09:00,3600.0,3620.0,3600.0,3610.0,19200,0.0,0.0
2023-09-01 09:00:00+09:00,3600.0,3630.0,3590.0,3630.0,14900,0.0,0.0
2023-09-01 10:00:00+09:00,3630.0,3630.0,3620.0,3625.0,7500,0.0,0.0
2023-09-01 11:00:00+09:00,3630.0,3630.0,3620.0,3620.0,0,0.0,0.0
2023-09-01 12:00:00+09:00,3620.0,3635.0,3620.0,3635.0,33400,0.0,0.0
2023-09-01 13:00:00+09:00,3635.0,3640.0,3625.0,3635.0,6700,0.0,0.0
2023-09-01 14:00:00+09:00,3640.0,3665.0,3635.0,3665.0,46300,0.0,0.0
2023-09-04 09:00:00+09:00,3670.0,3675.0,3640.0,3665.0,12000,0.0,0.0
2023-09-04 10:00:00+09:00,3665.0,3685.0,3665.0,3680.0,9100,0.0,0.0
2023-09-04 11:00:00+09:00,3685.0,3685.0,3675.0,3685.0,0,0.0,0.0
2023-09-04 12:00:00+09:00,3685.0,3685.0,3675.0,3675.0,26500,0.0,0.0
2023-09-04 13:00:00+09:00,3680.0,3680.0,3670.0,3675.0,4900,0.0,0.0
2023-09-04 14:00:00+09:00,3680.0,3695.0,3680.0,3695.0,11100,0.0,0.0
2023-09-05 09:00:00+09:00,3695.0,3745.0,3695.0,3695.0,34300,0.0,0.0
2023-09-05 10:00:00+09:00,3695.0,3700.0,3675.0,3680.0,6000,0.0,0.0
2023-09-05 11:00:00+09:00,3680.0,3685.0,3675.0,3675.0,0,0.0,0.0
2023-09-05 12:00:00+09:00,3675.0,3675.0,3655.0,3665.0,46400,0.0,0.0
2023-09-05 13:00:00+09:00,3665.0,3665.0,3665.0,3665.0,4100,0.0,0.0
2023-09-05 14:00:00+09:00,3660.0,3680.0,3660.0,3675.0,12700,0.0,0.0
2023-09-06 09:00:00+09:00,3665.0,3695.0,3660.0,3675.0,23100,0.0,0.0
2023-09-06 10:00:00+09:00,3675.0,3675.0,3655.0,3655.0,5300,0.0,0.0
2023-09-06 11:00:00+09:00,3660.0,3660.0,3645.0,3655.0,0,0.0,0.0
2023-09-06 12:00:00+09:00,3650.0,3660.0,3650.0,3655.0,33800,0.0,0.0
2023-09-06 13:00:00+09:00,3655.0,3660.0,3650.0,3650.0,4200,0.0,0.0
2023-09-06 14:00:00+09:00,3650.0,3665.0,3650.0,3655.0,8800,0.0,0.0
2023-09-07 09:00:00+09:00,3615.0,3670.0,3605.0,3670.0,18300,0.0,0.0
2023-09-07 10:00:00+09:00,3675.0,3700.0,3675.0,3680.0,16200,0.0,0.0
2023-09-07 11:00:00+09:00,3685.0,3690.0,3685.0,3690.0,0,0.0,0.0
2023-09-07 12:00:00+09:00,3695.0,3700.0,3695.0,3700.0,41100,0.0,0.0
2023-09-07 13:00:00+09:00,3700.0,3700.0,3680.0,3685.0,2900,0.0,0.0
2023-09-07 14:00:00+09:00,3685.0,3705.0,3685.0,3700.0,10600,0.0,0.0
2023-09-08 09:00:00+09:00,3695.0,3720.0,3670.0,3680.0,41500,0.0,0.0
2023-09-08 10:00:00+09:00,3680.0,3680.0,3675.0,3675.0,3200,0.0,0.0
2023-09-08 11:00:00+09:00,3675.0,3675.0,3670.0,3670.0,0,0.0,0.0
2023-09-08 12:00:00+09:00,3670.0,3670.0,3655.0,3655.0,50100,0.0,0.0
2023-09-08 13:00:00+09:00,3655.0,3660.0,3655.0,3660.0,700,0.0,0.0
2023-09-08 14:00:00+09:00,3665.0,3665.0,3655.0,3660.0,4900,0.0,0.0
2023-09-11 09:00:00+09:00,3660.0,3695.0,3660.0,3660.0,0,0.0,0.0
2023-09-11 10:00:00+09:00,3665.0,3665.0,3650.0,3650.0,16800,0.0,0.0
2023-09-11 11:00:00+09:00,3650.0,3650.0,3635.0,3640.0,0,0.0,0.0
2023-09-11 12:00:00+09:00,3640.0,3650.0,3635.0,3635.0,24700,0.0,0.0
2023-09-11 13:00:00+09:00,3630.0,3640.0,3630.0,3640.0,4400,0.0,0.0
2023-09-11 14:00:00+09:00,3645.0,3645.0,3625.0,3630.0,9100,0.0,0.0
2023-09-12 09:00:00+09:00,3645.0,3685.0,3640.0,3660.0,15500,0.0,0.0
2023-09-12 10:00:00+09:00,3655.0,3665.0,3650.0,3660.0,5200,0.0,0.0
2023-09-12 11:00:00+09:00,3665.0,3670.0,3665.0,3670.0,0,0.0,0.0
2023-09-12 12:00:00+09:00,3680.0,3685.0,3675.0,3685.0,27700,0.0,0.0
2023-09-12 13:00:00+09:00,3685.0,3685.0,3675.0,3685.0,7200,0.0,0.0
2023-09-12 14:00:00+09:00,3685.0,3695.0,3680.0,3695.0,10600,0.0,0.0
2023-09-13 09:00:00+09:00,3690.0,3695.0,3655.0,3670.0,6900,0.0,0.0
2023-09-13 10:00:00+09:00,3670.0,3670.0,3660.0,3660.0,2100,0.0,0.0
2023-09-13 11:00:00+09:00,3665.0,3665.0,3660.0,3660.0,0,0.0,0.0
2023-09-13 12:00:00+09:00,3650.0,3650.0,3640.0,3640.0,15800,0.0,0.0
2023-09-13 13:00:00+09:00,3635.0,3660.0,3635.0,3655.0,4800,0.0,0.0
2023-09-13 14:00:00+09:00,3655.0,3660.0,3650.0,3650.0,5700,0.0,0.0
2023-09-14 09:00:00+09:00,3650.0,3695.0,3650.0,3690.0,16800,0.0,0.0
2023-09-14 10:00:00+09:00,3695.0,3705.0,3695.0,3700.0,7100,0.0,0.0
2023-09-14 11:00:00+09:00,3700.0,3700.0,3690.0,3690.0,0,0.0,0.0
2023-09-14 12:00:00+09:00,3700.0,3705.0,3690.0,3690.0,33000,0.0,0.0
2023-09-14 13:00:00+09:00,3690.0,3705.0,3685.0,3705.0,5700,0.0,0.0
2023-09-14 14:00:00+09:00,3705.0,3715.0,3700.0,3705.0,14300,0.0,0.0
2023-09-15 09:00:00+09:00,3730.0,3760.0,3730.0,3750.0,16800,0.0,0.0
2023-09-15 10:00:00+09:00,3755.0,3765.0,3755.0,3760.0,7300,0.0,0.0
2023-09-15 11:00:00+09:00,3765.0,3770.0,3760.0,3765.0,0,0.0,0.0
2023-09-15 12:00:00+09:00,3770.0,3770.0,3760.0,3765.0,31100,0.0,0.0
2023-09-15 13:00:00+09:00,3760.0,3765.0,3750.0,3750.0,5900,0.0,0.0
2023-09-15 14:00:00+09:00,3755.0,3760.0,3740.0,3750.0,19900,0.0,0.0
2023-09-19 09:00:00+09:00,3745.0,3775.0,3740.0,3760.0,0,0.0,0.0
2023-09-19 10:00:00+09:00,3760.0,3775.0,3760.0,3775.0,35300,0.0,0.0
2023-09-19 11:00:00+09:00,3780.0,3780.0,3770.0,3775.0,0,0.0,0.0
2023-09-19 12:00:00+09:00,3785.0,3790.0,3780.0,3780.0,49400,0.0,0.0
2023-09-19 13:00:00+09:00,3785.0,3785.0,3775.0,3780.0,5900,0.0,0.0
2023-09-19 14:00:00+09:00,3780.0,3810.0,3780.0,3810.0,17300,0.0,0.0
2023-09-20 09:00:00+09:00,3820.0,3825.0,3765.0,3810.0,0,0.0,0.0
2023-09-20 10:00:00+09:00,3805.0,3810.0,3790.0,3795.0,34600,0.0,0.0
2023-09-20 11:00:00+09:00,3800.0,3805.0,3795.0,3800.0,0,0.0,0.0
2023-09-20 12:00:00+09:00,3795.0,3795.0,3780.0,3780.0,44300,0.0,0.0
2023-09-20 13:00:00+09:00,3785.0,3785.0,3765.0,3765.0,5700,0.0,0.0
2023-09-20 14:00:00+09:00,3770.0,3780.0,3755.0,3755.0,14000,0.0,0.0
2023-09-21 09:00:00+09:00,3760.0,3830.0,3760.0,3815.0,32600,0.0,0.0
2023-09-21 10:00:00+09:00,3820.0,3855.0,3820.0,3840.0,27600,0.0,0.0
2023-09-21 11:00:00+09:00,3850.0,3860.0,3820.0,3830.0,0,0.0,0.0
2023-09-21 12:00:00+09:00,3835.0,3840.0,3810.0,3810.0,82900,0.0,0.0
2023-09-21 13:00:00+09:00,3810.0,3810.0,3800.0,3805.0,10100,0.0,0.0
2023-09-21 14:00:00+09:00,3805.0,3810.0,3800.0,3805.0,15600,0.0,0.0
2023-09-22 09:00:00+09:00,3750.0,3800.0,3750.0,3800.0,29200,0.0,0.0
2023-09-22 10:00:00+09:00,3800.0,3820.0,3800.0,3800.0,16000,0.0,0.0
2023-09-22 11:00:00+09:00,3795.0,3795.0,3770.0,3770.0,0,0.0,0.0
2023-09-22 12:00:00+09:00,3795.0,3800.0,3780.0,3785.0,55500,0.0,0.0
2023-09-22 13:00:00+09:00,3785.0,3795.0,3780.0,3785.0,6800,0.0,0.0
2023-09-22 14:00:00+09:00,3785.0,3815.0,3785.0,3805.0,16400,0.0,0.0
2023-09-25 09:00:00+09:00,3810.0,3820.0,3780.0,3810.0,18100,0.0,0.0
2023-09-25 10:00:00+09:00,3815.0,3835.0,3815.0,3835.0,11200,0.0,0.0
2023-09-25 11:00:00+09:00,3835.0,3835.0,3815.0,3815.0,0,0.0,0.0
2023-09-25 12:00:00+09:00,3830.0,3835.0,3825.0,3825.0,37300,0.0,0.0
2023-09-25 13:00:00+09:00,3825.0,3825.0,3810.0,3815.0,2900,0.0,0.0
2023-09-25 14:00:00+09:00,3810.0,3825.0,3810.0,3820.0,7000,0.0,0.0
2023-09-26 09:00:00+09:00,3825.0,3825.0,3730.0,3760.0,12500,0.0,0.0
2023-09-26 10:00:00+09:00,3750.0,3775.0,3750.0,3765.0,9500,0.0,0.0
2023-09-26 11:00:00+09:00,3770.0,3775.0,3760.0,3760.0,0,0.0,0.0
2023-09-26 12:00:00+09:00,3760.0,3765.0,3760.0,3760.0,27300,0.0,0.0
2023-09-26 13:00:00+09:00,3755.0,3755.0,3740.0,3750.0,4600,0.0,0.0
2023-09-26 14:00:00+09:00,3745.0,3750.0,3730.0,3730.0,9800,0.0,0.0
2023-09-27 09:00:00+09:00,3705.0,3705.0,3640.0,3670.0,14900,0.0,0.0
2023-09-27 10:00:00+09:00,3675.0,3675.0,3665.0,3675.0,4900,0.0,0.0
2023-09-27 11:00:00+09:00,3680.0,3700.0,3680.0,3690.0,0,0.0,0.0
2023-09-27 12:00:00+09:00,3715.0,3720.0,3710.0,3720.0,27400,0.0,0.0
2023-09-27 13:00:00+09:00,3725.0,3725.0,3715.0,3720.0,4500,0.0,0.0
2023-09-27 14:00:00+09:00,3720.0,3750.0,3720.0,3750.0,11100,0.0,0.0
2023-09-28 09:00:00+09:00,3750.0,3810.0,3750.0,3795.0,11500,0.0,0.0
2023-09-28 10:00:00+09:00,3810.0,3810.0,3795.0,3800.0,3800,0.0,0.0
2023-09-28 11:00:00+09:00,3800.0,3800.0,3780.0,3780.0,0,0.0,0.0
2023-09-28 12:00:00+09:00,3760.0,3765.0,3755.0,3760.0,19200,0.0,0.0
2023-09-28 13:00:00+09:00,3755.0,3760.0,3750.0,3750.0,2400,0.0,0.0
2023-09-28 14:00:00+09:00,3760.0,3785.0,3760.0,3770.0,10200,0.0,0.0
2023-09-29 09:00:00+09:00,3815.0,3850.0,3795.0,3795.0,16400,0.0,0.0
2023-09-29 10:00:00+09:00,3805.0,3810.0,3770.0,3780.0,7000,0.0,0.0
2023-09-29 11:00:00+09:00,3775.0,3780.0,3770.0,3780.0,0,0.0,0.0
2023-09-29 12:00:00+09:00,3795.0,3795.0,3770.0,3770.0,30900,0.0,0.0
2023-09-29 13:00:00+09:00,3770.0,3785.0,3755.0,3765.0,11700,0.0,0.0
2023-09-29 14:00:00+09:00,3765.0,3770.0,3755.0,3755.0,9700,0.0,0.0
2023-10-02 09:00:00+09:00,3790.0,3850.0,3775.0,3845.0,26200,0.0,0.0
2023-10-02 10:00:00+09:00,3840.0,3860.0,3830.0,3860.0,7800,0.0,0.0
2023-10-02 11:00:00+09:00,3855.0,3860.0,3840.0,3845.0,0,0.0,0.0
2023-10-02 12:00:00+09:00,3845.0,3845.0,3810.0,3810.0,41000,0.0,0.0
2023-10-02 13:00:00+09:00,3815.0,3825.0,3800.0,3805.0,7200,0.0,0.0
2023-10-02 14:00:00+09:00,3805.0,3810.0,3770.0,3770.0,7900,0.0,0.0
2023-10-03 09:00:00+09:00,3775.0,3790.0,3720.0,3750.0,0,0.0,0.0
2023-10-03 10:00:00+09:00,3755.0,3770.0,3745.0,3755.0,22600,0.0,0.0
2023-10-03 11:00:00+09:00,3750.0,3755.0,3745.0,3745.0,0,0.0,0.0
2023-10-03 12:00:00+09:00,3735.0,3740.0,3725.0,3730.0,27300,0.0,0.0
2023-10-03 13:00:00+09:00,3720.0,3720.0,3690.0,3695.0,7100,0.0,0.0
2023-10-03 14:00:00+09:00,3690.0,3695.0,3670.0,3675.0,12700,0.0,0.0
2023-10-04 09:00:00+09:00,3560.0,3605.0,3560.0,3595.0,67400,0.0,0.0
2023-10-04 10:00:00+09:00,3600.0,3600.0,3570.0,3575.0,9300,0.0,0.0
2023-10-04 11:00:00+09:00,3580.0,3585.0,3575.0,3580.0,0,0.0,0.0
2023-10-04 12:00:00+09:00,3600.0,3605.0,3555.0,3565.0,118900,0.0,0.0
2023-10-04 13:00:00+09:00,3560.0,3575.0,3520.0,3565.0,18400,0.0,0.0
2023-10-04 14:00:00+09:00,3560.0,3565.0,3530.0,3530.0,17300,0.0,0.0
2023-10-05 09:00:00+09:00,3520.0,3620.0,3520.0,3565.0,0,0.0,0.0
2023-10-05 10:00:00+09:00,3560.0,3580.0,3555.0,3565.0,74800,0.0,0.0
2023-10-05 11:00:00+09:00,3565.0,3570.0,3560.0,3570.0,0,0.0,0.0
2023-10-05 12:00:00+09:00,3585.0,3605.0,3565.0,3605.0,94900,0.0,0.0
2023-10-05 13:00:00+09:00,3600.0,3605.0,3590.0,3595.0,15000,0.0,0.0
2023-10-05 14:00:00+09:00,3595.0,3595.0,3575.0,3580.0,39000,0.0,0.0
2023-10-06 09:00:00+09:00,3595.0,3655.0,3595.0,3635.0,22700,0.0,0.0
2023-10-06 10:00:00+09:00,3640.0,3695.0,3635.0,3680.0,29400,0.0,0.0
2023-10-06 11:00:00+09:00,3685.0,3690.0,3655.0,3655.0,0,0.0,0.0
2023-10-06 12:00:00+09:00,3655.0,3665.0,3625.0,3625.0,65900,0.0,0.0
2023-10-06 13:00:00+09:00,3625.0,3635.0,3615.0,3620.0,8700,0.0,0.0
2023-10-06 14:00:00+09:00,3625.0,3625.0,3610.0,3615.0,11100,0.0,0.0
2023-10-10 09:00:00+09:00,3635.0,3685.0,3635.0,3680.0,23300,0.0,0.0
2023-10-10 10:00:00+09:00,3685.0,3705.0,3675.0,3675.0,17300,0.0,0.0
2023-10-10 11:00:00+09:00,3670.0,3680.0,3670.0,3680.0,0,0.0,0.0
2023-10-10 12:00:00+09:00,3680.0,3680.0,3670.0,3675.0,49800,0.0,0.0
2023-10-10 13:00:00+09:00,3675.0,3685.0,3675.0,3685.0,10400,0.0,0.0
2023-10-10 14:00:00+09:00,3685.0,3705.0,3685.0,3705.0,18400,0.0,0.0
2023-10-11 09:00:00+09:00,3700.0,3700.0,3655.0,3675.0,20600,0.0,0.0
2023-10-11 10:00:00+09:00,3670.0,3690.0,3670.0,3690.0,7300,0.0,0.0
2023-10-11 11:00:00+09:00,3690.0,3690.0,3680.0,3685.0,0,0.0,0.0
2023-10-11 12:00:00+09:00,3695.0,3695.0,3685.0,3695.0,35000,0.0,0.0
2023-10-11 13:00:00+09:00,3695.0,3700.0,3690.0,3695.0,7100,0.0,0.0
2023-10-11 14:00:00+09:00,3695.0,3695.0,3665.0,3665.0,10300,0.0,0.0
2023-10-12 09:00:00+09:00,3665.0,3675.0,3650.0,3665.0,13300,0.0,0.0
2023-10-12 10:00:00+09:00,3665.0,3665.0,3640.0,3650.0,6700,0.0,0.0
2023-10-12 11:00:00+09:00,3650.0,3660.0,3650.0,3655.0,0,0.0,0.0
2023-10-12 12:00:00+09:00,3660.0,3660.0,3640.0,3650.0,30700,0.0,0.0
2023-10-12 13:00:00+09:00,3645.0,3655.0,3640.0,3655.0,5300,0.0,0.0
2023-10-12 14:00:00+09:00,3655.0,3660.0,3650.0,3660.0,10500,0.0,0.0
2023-10-13 09:00:00+09:00,3640.0,3650.0,3615.0,3640.0,16500,0.0,0.0
2023-10-13 10:00:00+09:00,3635.0,3645.0,3625.0,3630.0,10000,0.0,0.0
2023-10-13 11:00:00+09:00,3625.0,3630.0,3610.0,3615.0,0,0.0,0.0
2023-10-13 12:00:00+09:00,3605.0,3605.0,3590.0,3590.0,36900,0.0,0.0
2023-10-13 13:00:00+09:00,3590.0,3605.0,3590.0,3590.0,8800,0.0,0.0
2023-10-13 14:00:00+09:00,3590.0,3590.0,3575.0,3590.0,12500,0.0,0.0
2023-10-16 09:00:00+09:00,3570.0,3615.0,3570.0,3590.0,15100,0.0,0.0
2023-10-16 10:00:00+09:00,3590.0,3590.0,3565.0,3575.0,6400,0.0,0.0
2023-10-16 11:00:00+09:00,3565.0,3575.0,3560.0,3575.0,0,0.0,0.0
2023-10-16 12:00:00+09:00,3570.0,3570.0,3555.0,3560.0,29600,0.0,0.0
2023-10-16 13:00:00+09:00,3555.0,3570.0,3550.0,3560.0,6600,0.0,0.0
2023-10-16 14:00:00+09:00,3555.0,3560.0,3530.0,3555.0,16600,0.0,0.0
2023-10-17 09:00:00+09:00,3575.0,3625.0,3575.0,3610.0,11900,0.0,0.0
2023-10-17 10:00:00+09:00,3615.0,3620.0,3580.0,3580.0,7900,0.0,0.0
2023-10-17 11:00:00+09:00,3575.0,3585.0,3570.0,3585.0,0,0.0,0.0
2023-10-17 12:00:00+09:00,3585.0,3585.0,3550.0,3565.0,27000,0.0,0.0
2023-10-17 13:00:00+09:00,3565.0,3570.0,3550.0,3550.0,5500,0.0,0.0
2023-10-17 14:00:00+09:00,3555.0,3565.0,3550.0,3565.0,11400,0.0,0.0
2023-10-18 09:00:00+09:00,3600.0,3605.0,3570.0,3570.0,10900,0.0,0.0
2023-10-18 10:00:00+09:00,3570.0,3575.0,3565.0,3575.0,4700,0.0,0.0
2023-10-18 11:00:00+09:00,3580.0,3580.0,3565.0,3565.0,0,0.0,0.0
2023-10-18 12:00:00+09:00,3560.0,3565.0,3550.0,3565.0,20900,0.0,0.0
2023-10-18 13:00:00+09:00,3570.0,3580.0,3570.0,3575.0,4500,0.0,0.0
2023-10-18 14:00:00+09:00,3570.0,3590.0,3565.0,3580.0,6600,0.0,0.0
2023-10-19 09:00:00+09:00,3580.0,3605.0,3555.0,3605.0,10500,0.0,0.0
2023-10-19 10:00:00+09:00,3600.0,3605.0,3575.0,3580.0,6700,0.0,0.0
2023-10-19 11:00:00+09:00,3580.0,3585.0,3575.0,3580.0,0,0.0,0.0
2023-10-19 12:00:00+09:00,3580.0,3590.0,3580.0,3585.0,25000,0.0,0.0
2023-10-19 13:00:00+09:00,3585.0,3610.0,3585.0,3610.0,5900,0.0,0.0
2023-10-19 14:00:00+09:00,3605.0,3605.0,3595.0,3600.0,7500,0.0,0.0
2023-10-20 09:00:00+09:00,3590.0,3620.0,3580.0,3595.0,20700,0.0,0.0
2023-10-20 10:00:00+09:00,3600.0,3605.0,3590.0,3600.0,7700,0.0,0.0
2023-10-20 11:00:00+09:00,3600.0,3610.0,3600.0,3610.0,0,0.0,0.0
2023-10-20 12:00:00+09:00,3605.0,3625.0,3605.0,3625.0,43500,0.0,0.0
2023-10-20 13:00:00+09:00,3625.0,3640.0,3625.0,3625.0,11700,0.0,0.0
2023-10-20 14:00:00+09:00,3625.0,3625.0,3615.0,3615.0,10400,0.0,0.0
2023-10-23 09:00:00+09:00,3610.0,3625.0,3580.0,3610.0,0,0.0,0.0
2023-10-23 10:00:00+09:00,3610.0,3615.0,3595.0,3610.0,9800,0.0,0.0
2023-10-23 11:00:00+09:00,3605.0,3605.0,3600.0,3600.0,0,0.0,0.0
2023-10-23 12:00:00+09:00,3600.0,3610.0,3595.0,3595.0,34100,0.0,0.0
2023-10-23 13:00:00+09:00,3595.0,3610.0,3590.0,3610.0,10100,0.0,0.0
2023-10-23 14:00:00+09:00,3605.0,3610.0,3595.0,3600.0,13300,0.0,0.0
2023-10-24 09:00:00+09:00,3610.0,3650.0,3585.0,3585.0,21400,0.0,0.0
2023-10-24 10:00:00+09:00,3585.0,3590.0,3545.0,3565.0,0,0.0,0.0
2023-10-24 11:00:00+09:00,3570.0,3605.0,3570.0,3590.0,0,0.0,0.0
2023-10-24 12:00:00+09:00,3590.0,3600.0,3580.0,3585.0,46100,0.0,0.0
2023-10-24 13:00:00+09:00,3585.0,3610.0,3585.0,3610.0,6400,0.0,0.0
2023-10-24 14:00:00+09:00,3615.0,3635.0,3610.0,3630.0,19200,0.0,0.0
2023-10-25 09:00:00+09:00,3630.0,3695.0,3605.0,3670.0,52200,0.0,0.0
2023-10-25 10:00:00+09:00,3670.0,3675.0,3665.0,3675.0,9100,0.0,0.0
2023-10-25 11:00:00+09:00,3675.0,3690.0,3670.0,3690.0,0,0.0,0.0
2023-10-25 12:00:00+09:00,3675.0,3690.0,3675.0,3680.0,73000,0.0,0.0
2023-10-25 13:00:00+09:00,3680.0,3685.0,3665.0,3670.0,7000,0.0,0.0
2023-10-25 14:00:00+09:00,3670.0,3670.0,3630.0,3640.0,17600,0.0,0.0
2023-10-26 09:00:00+09:00,3620.0,3665.0,3600.0,3620.0,16600,0.0,0.0
2023-10-26 10:00:00+09:00,3615.0,3625.0,3595.0,3600.0,6900,0.0,0.0
2023-10-26 11:00:00+09:00,3595.0,3595.0,3580.0,3590.0,0,0.0,0.0
2023-10-26 12:00:00+09:00,3580.0,3615.0,3580.0,3605.0,33500,0.0,0.0
2023-10-26 13:00:00+09:00,3605.0,3615.0,3595.0,3610.0,7700,0.0,0.0
2023-10-26 14:00:00+09:00,3605.0,3625.0,3605.0,3625.0,10500,0.0,0.0
2023-10-27 09:00:00+09:00,3640.0,3695.0,3640.0,3695.0,0,0.0,0.0
2023-10-27 10:00:00+09:00,3700.0,3725.0,3695.0,3700.0,59100,0.0,0.0
2023-10-27 11:00:00+09:00,3700.0,3700.0,3690.0,3700.0,0,0.0,0.0
2023-10-27 12:00:00+09:00,3700.0,3700.0,3675.0,3685.0,75600,0.0,0.0
2023-10-27 13:00:00+09:00,3685.0,3705.0,3685.0,3705.0,13100,0.0,0.0
2023-10-27 14:00:00+09:00,3710.0,3725.0,3700.0,3725.0,22500,0.0,0.0
2023-10-30 09:00:00+09:00,3735.0,3750.0,3660.0,3665.0,15900,0.0,0.0
2023-10-30 10:00:00+09:00,3660.0,3670.0,3645.0,3670.0,10900,0.0,0.0
2023-10-30 11:00:00+09:00,3670.0,3670.0,3645.0,3655.0,0,0.0,0.0
2023-10-30 12:00:00+09:00,3650.0,3665.0,3650.0,3650.0,41200,0.0,0.0
2023-10-30 13:00:00+09:00,3650.0,3650.0,3630.0,3630.0,12300,0.0,0.0
2023-10-30 14:00:00+09:00,3635.0,3665.0,3635.0,3655.0,26400,0.0,0.0
2023-10-31 09:00:00+09:00,3670.0,3715.0,3660.0,3715.0,23600,0.0,0.0
2023-10-31 10:00:00+09:00,3710.0,3710.0,3690.0,3695.0,6800,0.0,0.0
2023-10-31 11:00:00+09:00,3690.0,3690.0,3670.0,3670.0,0,0.0,0.0
2023-10-31 12:00:00+09:00,3685.0,3700.0,3675.0,3700.0,49200,0.0,0.0
2023-10-31 13:00:00+09:00,3695.0,3720.0,3695.0,3715.0,27700,0.0,0.0
2023-10-31 14:00:00+09:00,3710.0,3755.0,3705.0,3750.0,27200,0.0,0.0
2023-11-01 09:00:00+09:00,3785.0,3815.0,3745.0,3760.0,35500,0.0,0.0
2023-11-01 10:00:00+09:00,3755.0,3770.0,3755.0,3760.0,8800,0.0,0.0
2023-11-01 11:00:00+09:00,3755.0,3755.0,3750.0,3750.0,0,0.0,0.0
2023-11-01 12:00:00+09:00,3755.0,3755.0,3745.0,3745.0,50800,0.0,0.0
2023-11-01 13:00:00+09:00,3745.0,3755.0,3740.0,3755.0,8600,0.0,0.0
2023-11-01 14:00:00+09:00,3755.0,3760.0,3740.0,3745.0,12600,0.0,0.0
2023-11-02 09:00:00+09:00,3735.0,3750.0,3710.0,3710.0,0,0.0,0.0
2023-11-02 10:00:00+09:00,3705.0,3710.0,3675.0,3690.0,35800,0.0,0.0
2023-11-02 11:00:00+09:00,3695.0,3695.0,3660.0,3660.0,0,0.0,0.0
2023-11-02 12:00:00+09:00,3665.0,3665.0,3650.0,3665.0,47900,0.0,0.0
2023-11-02 13:00:00+09:00,3660.0,3660.0,3650.0,3660.0,11500,0.0,0.0
2023-11-02 14:00:00+09:00,3660.0,3675.0,3660.0,3670.0,10200,0.0,0.0
2023-11-06 09:00:00+09:00,3710.0,3715.0,3650.0,3675.0,43300,0.0,0.0
2023-11-06 10:00:00+09:00,3680.0,3690.0,3680.0,3680.0,8600,0.0,0.0
2023-11-06 11:00:00+09:00,3685.0,3690.0,3675.0,3675.0,0,0.0,0.0
2023-11-06 12:00:00+09:00,3660.0,3685.0,3660.0,3680.0,64900,0.0,0.0
2023-11-06 13:00:00+09:00,3680.0,3690.0,3670.0,3680.0,11100,0.0,0.0
2023-11-06 14:00:00+09:00,3680.0,3695.0,3680.0,3690.0,14000,0.0,0.0
2023-11-07 09:00:00+09:00,3675.0,3730.0,3675.0,3680.0,18400,0.0,0.0
2023-11-07 10:00:00+09:00,3680.0,3695.0,3675.0,3675.0,5800,0.0,0.0
2023-11-07 11:00:00+09:00,3680.0,3680.0,3670.0,3675.0,0,0.0,0.0
2023-11-07 12:00:00+09:00,3665.0,3675.0,3665.0,3670.0,30200,0.0,0.0
2023-11-07 13:00:00+09:00,3665.0,3665.0,3635.0,3640.0,8900,0.0,0.0
2023-11-07 14:00:00+09:00,3640.0,3650.0,3615.0,3615.0,12100,0.0,0.0
2023-11-08 09:00:00+09:00,3580.0,3585.0,3425.0,3480.0,12600,0.0,0.0
2023-11-08 10:00:00+09:00,3470.0,3470.0,3420.0,3430.0,16500,0.0,0.0
2023-11-08 11:00:00+09:00,3425.0,3435.0,3405.0,3410.0,0,0.0,0.0
2023-11-08 12:00:00+09:00,3405.0,3405.0,3345.0,3360.0,47200,0.0,0.0
2023-11-08 13:00:00+09:00,3360.0,3420.0,3350.0,3405.0,24200,0.0,0.0
2023-11-08 14:00:00+09:00,3410.0,3425.0,3400.0,3415.0,12900,0.0,0.0
2023-11-09 09:00:00+09:00,3425.0,3495.0,3420.0,3470.0,24200,0.0,0.0
2023-11-09 10:00:00+09:00,3475.0,3500.0,3475.0,3485.0,10000,0.0,0.0
2023-11-09 11:00:00+09:00,3480.0,3490.0,3480.0,3480.0,0,0.0,0.0
2023-11-09 12:00:00+09:00,3475.0,3495.0,3470.0,3490.0,42300,0.0,0.0
2023-11-09 13:00:00+09:00,3500.0,3510.0,3485.0,3495.0,10300,0.0,0.0
2023-11-09 14:00:00+09:00,3505.0,3505.0,3490.0,3490.0,17000,0.0,0.0
2023-11-10 09:00:00+09:00,3515.0,3525.0,3475.0,3505.0,0,0.0,0.0
2023-11-10 10:00:00+09:00,3510.0,3535.0,3510.0,3520.0,21000,0.0,0.0
2023-11-10 11:00:00+09:00,3515.0,3535.0,3510.0,3530.0,0,0.0,0.0
2023-11-10 12:00:00+09:00,3505.0,3520.0,3505.0,3520.0,27300,0.0,0.0
2023-11-10 13:00:00+09:00,3525.0,3545.0,3525.0,3535.0,6300,0.0,0.0
2023-11-10 14:00:00+09:00,3540.0,3540.0,3525.0,3540.0,7900,0.0,0.0
2023-11-13 09:00:00+09:00,3660.0,3745.0,3655.0,3745.0,14200,0.0,0.0
2023-11-13 10:00:00+09:00,3745.0,3745.0,3670.0,3670.0,16500,0.0,0.0
2023-11-13 11:00:00+09:00,3675.0,3675.0,3660.0,3660.0,0,0.0,0.0
2023-11-13 12:00:00+09:00,3660.0,3685.0,3625.0,3640.0,107200,0.0,0.0
2023-11-13 13:00:00+09:00,3640.0,3675.0,3640.0,3675.0,14400,0.0,0.0
2023-11-13 14:00:00+09:00,3680.0,3725.0,3670.0,3715.0,31400,0.0,0.0
2023-11-14 09:00:00+09:00,3725.0,3745.0,3685.0,3710.0,21500,0.0,0.0
2023-11-14 10:00:00+09:00,3710.0,3730.0,3705.0,3725.0,7200,0.0,0.0
2023-11-14 11:00:00+09:00,3720.0,3720.0,3715.0,3715.0,0,0.0,0.0
2023-11-14 12:00:00+09:00,3700.0,3705.0,3680.0,3700.0,42000,0.0,0.0
2023-11-14 13:00:00+09:00,3700.0,3700.0,3680.0,3695.0,6700,0.0,0.0
2023-11-14 14:00:00+09:00,3695.0,3705.0,3685.0,3690.0,11900,0.0,0.0
2023-11-15 09:00:00+09:00,3700.0,3755.0,3665.0,3735.0,29100,0.0,0.0
2023-11-15 10:00:00+09:00,3720.0,3730.0,3700.0,3715.0,11300,0.0,0.0
2023-11-15 11:00:00+09:00,3720.0,3725.0,3715.0,3720.0,0,0.0,0.0
2023-11-15 12:00:00+09:00,3720.0,3730.0,3710.0,3720.0,52900,0.0,0.0
2023-11-15 13:00:00+09:00,3725.0,3735.0,3720.0,3725.0,10600,0.0,0.0
2023-11-15 14:00:00+09:00,3730.0,3765.0,3725.0,3745.0,21700,0.0,0.0
2023-11-16 09:00:00+09:00,3725.0,3730.0,3655.0,3675.0,0,0.0,0.0
2023-11-16 10:00:00+09:00,3685.0,3700.0,3675.0,3675.0,31000,0.0,0.0
2023-11-16 11:00:00+09:00,3670.0,3670.0,3655.0,3665.0,0,0.0,0.0
2023-11-16 12:00:00+09:00,3660.0,3670.0,3645.0,3660.0,42100,0.0,0.0
2023-11-16 13:00:00+09:00,3660.0,3685.0,3660.0,3685.0,9200,0.0,0.0
2023-11-16 14:00:00+09:00,3685.0,3705.0,3680.0,3690.0,17400,0.0,0.0
2023-11-17 09:00:00+09:00,3700.0,3840.0,3700.0,3825.0,50600,0.0,0.0
2023-11-17 10:00:00+09:00,3825.0,3825.0,3785.0,3800.0,16500,0.0,0.0
2023-11-17 11:00:00+09:00,3800.0,3800.0,3790.0,3790.0,0,0.0,0.0
2023-11-17 12:00:00+09:00,3790.0,3835.0,3790.0,3820.0,87100,0.0,0.0
2023-11-17 13:00:00+09:00,3820.0,3830.0,3815.0,3815.0,11300,0.0,0.0
2023-11-17 14:00:00+09:00,3815.0,3830.0,3800.0,3810.0,27900,0.0,0.0
2023-11-20 09:00:00+09:00,3805.0,3805.0,3710.0,3710.0,0,0.0,0.0
2023-11-20 10:00:00+09:00,3705.0,3720.0,3695.0,3710.0,50800,0.0,0.0
2023-11-20 11:00:00+09:00,3705.0,3705.0,3700.0,3705.0,0,0.0,0.0
2023-11-20 12:00:00+09:00,3700.0,3715.0,3700.0,3700.0,62200,0.0,0.0
2023-11-20 13:00:00+09:00,3700.0,3705.0,3695.0,3705.0,8800,0.0,0.0
2023-11-20 14:00:00+09:00,3705.0,3715.0,3695.0,3695.0,12200,0.0,0.0
2023-11-21 09:00:00+09:00,3690.0,3700.0,3600.0,3615.0,14900,0.0,0.0
2023-11-21 10:00:00+09:00,3600.0,3600.0,3580.0,3595.0,8400,0.0,0.0
2023-11-21 11:00:00+09:00,3595.0,3600.0,3585.0,3585.0,0,0.0,0.0
2023-11-21 12:00:00+09:00,3590.0,3605.0,3585.0,3590.0,31400,0.0,0.0
2023-11-21 13:00:00+09:00,3595.0,3615.0,3590.0,3610.0,4200,0.0,0.0
2023-11-21 14:00:00+09:00,3615.0,3635.0,3610.0,3625.0,13400,0.0,0.0
2023-11-22 09:00:00+09:00,3620.0,3665.0,3610.0,3640.0,12600,0.0,0.0
2023-11-22 10:00:00+09:00,3640.0,3645.0,3620.0,3620.0,4300,0.0,0.0
2023-11-22 11:00:00+09:00,3620.0,3625.0,3615.0,3620.0,0,0.0,0.0
2023-11-22 12:00:00+09:00,3620.0,3620.0,3585.0,3590.0,24100,0.0,0.0
2023-11-22 13:00:00+09:00,3595.0,3595.0,3580.0,3590.0,5100,0.0,0.0
2023-11-22 14:00:00+09:00,3590.0,3595.0,3580.0,3585.0,7800,0.0,0.0
2023-11-24 09:00:00+09:00,3620.0,3620.0,3540.0,3540.0,16000,0.0,0.0
2023-11-24 10:00:00+09:00,3540.0,3550.0,3535.0,3540.0,7300,0.0,0.0
2023-11-24 11:00:00+09:00,3535.0,3540.0,3535.0,3535.0,0,0.0,0.0
2023-11-24 12:00:00+09:00,3535.0,3545.0,3525.0,3530.0,30200,0.0,0.0
2023-11-24 13:00:00+09:00,3530.0,3560.0,3515.0,3560.0,13100,0.0,0.0
2023-11-24 14:00:00+09:00,3560.0,3585.0,3560.0,3580.0,17400,0.0,0.0
2023-11-27 09:00:00+09:00,3600.0,3690.0,3600.0,3660.0,0,0.0,0.0
2023-11-27 10:00:00+09:00,3655.0,3665.0,3645.0,3650.0,7800,0.0,0.0
2023-11-27 11:00:00+09:00,3655.0,3660.0,3650.0,3650.0,0,0.0,0.0
2023-11-27 12:00:00+09:00,3655.0,3670.0,3650.0,3655.0,47600,0.0,0.0
2023-11-27 13:00:00+09:00,3650.0,3655.0,3645.0,3645.0,4900,0.0,0.0
2023-11-27 14:00:00+09:00,3640.0,3655.0,3640.0,3655.0,9800,0.0,0.0
2023-11-28 09:00:00+09:00,3655.0,3670.0,3605.0,3620.0,19800,0.0,0.0
2023-11-28 10:00:00+09:00,3615.0,3640.0,3600.0,3600.0,11500,0.0,0.0
2023-11-28 11:00:00+09:00,3595.0,3605.0,3595.0,3600.0,0,0.0,0.0
2023-11-28 12:00:00+09:00,3600.0,3605.0,3590.0,3590.0,42800,0.0,0.0
2023-11-28 13:00:00+09:00,3590.0,3590.0,3570.0,3585.0,18800,0.0,0.0
2023-11-28 14:00:00+09:00,3595.0,3600.0,3585.0,3600.0,7300,0.0,0.0
2023-11-29 09:00:00+09:00,3580.0,3600.0,3540.0,3540.0,8400,0.0,0.0
2023-11-29 10:00:00+09:00,3550.0,3570.0,3550.0,3570.0,6400,0.0,0.0
2023-11-29 11:00:00+09:00,3575.0,3575.0,3565.0,3570.0,0,0.0,0.0
2023-11-29 12:00:00+09:00,3565.0,3570.0,3560.0,3570.0,17600,0.0,0.0
2023-11-29 13:00:00+09:00,3565.0,3565.0,3560.0,3560.0,4700,0.0,0.0
2023-11-29 14:00:00+09:00,3560.0,3560.0,3545.0,3545.0,6200,0.0,0.0
2023-11-30 09:00:00+09:00,3530.0,3580.0,3530.0,3560.0,10000,0.0,0.0
2023-11-30 10:00:00+09:00,3565.0,3570.0,3545.0,3545.0,7500,0.0,0.0
2023-11-30 11:00:00+09:00,3550.0,3565.0,3550.0,3560.0,0,0.0,0.0
2023-11-30 12:00:00+09:00,3560.0,3560.0,3555.0,3560.0,28000,0.0,0.0
2023-11-30 13:00:00+09:00,3560.0,3565.0,3555.0,3565.0,6200,0.0,0.0
2023-11-30 14:00:00+09:00,3565.0,3580.0,3565.0,3575.0,14600,0.0,0.0
2023-12-01 09:00:00+09:00,3590.0,3610.0,3565.0,3580.0,10500,0.0,0.0
2023-12-01 10:00:00+09:00,3575.0,3610.0,3575.0,3605.0,7100,0.0,0.0
2023-12-01 11:00:00+09:00,3600.0,3610.0,3595.0,3605.0,0,0.0,0.0
2023-12-01 12:00:00+09:00,3605.0,3615.0,3605.0,3610.0,25300,0.0,0.0
2023-12-01 13:00:00+09:00,3615.0,3620.0,3595.0,3600.0,4900,0.0,0.0
2023-12-01 14:00:00+09:00,3595.0,3615.0,3590.0,3615.0,13600,0.0,0.0
2023-12-04 09:00:00+09:00,3615.0,3615.0,3550.0,3575.0,0,0.0,0.0
2023-12-04 10:00:00+09:00,3570.0,3595.0,3565.0,3580.0,18000,0.0,0.0
2023-12-04 11:00:00+09:00,3575.0,3580.0,3570.0,3580.0,0,0.0,0.0
2023-12-04 12:00:00+09:00,3560.0,3580.0,3560.0,3570.0,23400,0.0,0.0
2023-12-04 13:00:00+09:00,3570.0,3585.0,3565.0,3585.0,3300,0.0,0.0
2023-12-04 14:00:00+09:00,3585.0,3590.0,3580.0,3590.0,9400,0.0,0.0
2023-12-05 09:00:00+09:00,3565.0,3605.0,3560.0,3570.0,14000,0.0,0.0
2023-12-05 10:00:00+09:00,3565.0,3575.0,3555.0,3575.0,7300,0.0,0.0
2023-12-05 11:00:00+09:00,3575.0,3585.0,3570.0,3585.0,0,0.0,0.0
2023-12-05 12:00:00+09:00,3575.0,3585.0,3565.0,3570.0,30700,0.0,0.0
2023-12-05 13:00:00+09:00,3565.0,3580.0,3550.0,3555.0,6800,0.0,0.0
2023-12-05 14:00:00+09:00,3555.0,3565.0,3545.0,3550.0,20200,0.0,0.0
2023-12-06 09:00:00+09:00,3545.0,3595.0,3545.0,3555.0,17000,0.0,0.0
2023-12-06 10:00:00+09:00,3560.0,3565.0,3540.0,3545.0,10800,0.0,0.0
2023-12-06 11:00:00+09:00,3545.0,3550.0,3540.0,3550.0,0,0.0,0.0
2023-12-06 12:00:00+09:00,3550.0,3555.0,3535.0,3555.0,41100,0.0,0.0
2023-12-06 13:00:00+09:00,3555.0,3560.0,3545.0,3555.0,7600,0.0,0.0
2023-12-06 14:00:00+09:00,3560.0,3595.0,3560.0,3585.0,14100,0.0,0.0
2023-12-07 09:00:00+09:00,3545.0,3565.0,3540.0,3545.0,9000,0.0,0.0
2023-12-07 10:00:00+09:00,3545.0,3545.0,3540.0,3540.0,5500,0.0,0.0
2023-12-07 11:00:00+09:00,3535.0,3535.0,3520.0,3525.0,0,0.0,0.0
2023-12-07 12:00:00+09:00,3525.0,3525.0,3495.0,3505.0,24300,0.0,0.0
2023-12-07 13:00:00+09:00,3510.0,3520.0,3510.0,3520.0,4600,0.0,0.0
2023-12-07 14:00:00+09:00,3515.0,3540.0,3515.0,3525.0,13000,0.0,0.0
2023-12-08 09:00:00+09:00,3510.0,3545.0,3490.0,3490.0,19100,0.0,0.0
2023-12-08 10:00:00+09:00,3490.0,3490.0,3455.0,3455.0,7100,0.0,0.0
2023-12-08 11:00:00+09:00,3445.0,3445.0,3410.0,3410.0,0,0.0,0.0
2023-12-08 12:00:00+09:00,3405.0,3415.0,3370.0,3385.0,41300,0.0,0.0
2023-12-08 13:00:00+09:00,3390.0,3390.0,3360.0,3360.0,0,0.0,0.0
2023-12-08 14:00:00+09:00,3360.0,3360.0,3320.0,3345.0,82100,0.0,0.0
2023-12-11 09:00:00+09:00,3445.0,3480.0,3385.0,3395.0,23700,0.0,0.0
2023-12-11 10:00:00+09:00,3390.0,3425.0,3390.0,3415.0,8200,0.0,0.0
2023-12-11 11:00:00+09:00,3420.0,3430.0,3415.0,3415.0,0,0.0,0.0
2023-12-11 12:00:00+09:00,3415.0,3430.0,3415.0,3430.0,43600,0.0,0.0
2023-12-11 13:00:00+09:00,3430.0,3455.0,3430.0,3450.0,8500,0.0,0.0
2023-12-11 14:00:00+09:00,3455.0,3500.0,3455.0,3500.0,16600,0.0,0.0
2023-12-12 09:00:00+09:00,3510.0,3540.0,3500.0,3530.0,0,0.0,0.0
2023-12-12 10:00:00+09:00,3525.0,3550.0,3525.0,3525.0,24400,0.0,0.0
2023-12-12 11:00:00+09:00,3530.0,3535.0,3525.0,3535.0,0,0.0,0.0
2023-12-12 12:00:00+09:00,3525.0,3530.0,3515.0,3520.0,29100,0.0,0.0
2023-12-12 13:00:00+09:00,3515.0,3525.0,3515.0,3525.0,5700,0.0,0.0
2023-12-12 14:00:00+09:00,3525.0,3530.0,3515.0,3530.0,4000,0.0,0.0
2023-12-13 09:00:00+09:00,3525.0,3570.0,3520.0,3545.0,0,0.0,0.0
2023-12-13 10:00:00+09:00,3540.0,3550.0,3535.0,3540.0,5000,0.0,0.0
2023-12-13 11:00:00+09:00,3535.0,3545.0,3530.0,3540.0,0,0.0,0.0
2023-12-13 12:00:00+09:00,3530.0,3535.0,3505.0,3515.0,24100,0.0,0.0
2023-12-13 13:00:00+09:00,3510.0,3510.0,3500.0,3500.0,5800,0.0,0.0
2023-12-13 14:00:00+09:00,3500.0,3515.0,3495.0,3495.0,9400,0.0,0.0
2023-12-14 09:00:00+09:00,3505.0,3520.0,3445.0,3460.0,10000,0.0,0.0
2023-12-14 10:00:00+09:00,3455.0,3465.0,3450.0,3450.0,3300,0.0,0.0
2023-12-14 11:00:00+09:00,3460.0,3475.0,3460.0,3460.0,0,0.0,0.0
2023-12-14 12:00:00+09:00,3450.0,3450.0,3430.0,3430.0,22200,0.0,0.0
2023-12-14 13:00:00+09:00,3430.0,3445.0,3425.0,3440.0,5700,0.0,0.0
2023-12-14 14:00:00+09:00,3440.0,3450.0,3435.0,3440.0,8400,0.0,0.0
2023-12-15 09:00:00+09:00,3470.0,3485.0,3425.0,3460.0,0,0.0,0.0
2023-12-15 10:00:00+09:00,3460.0,3485.0,3450.0,3485.0,22200,0.0,0.0
2023-12-15 11:00:00+09:00,3485.0,3490.0,3485.0,3490.0,0,0.0,0.0
2023-12-15 12:00:00+09:00,3475.0,3475.0,3435.0,3445.0,34000,0.0,0.0
2023-12-15 13:00:00+09:00,3445.0,3450.0,3430.0,3440.0,12000,0.0,0.0
2023-12-15 14:00:00+09:00,3440.0,3445.0,3410.0,3410.0,18600,0.0,0.0
2023-12-18 09:00:00+09:00,3370.0,3410.0,3360.0,3365.0,13100,0.0,0.0
2023-12-18 10:00:00+09:00,3360.0,3370.0,3345.0,3365.0,9100,0.0,0.0
2023-12-18 11:00:00+09:00,3365.0,3375.0,3360.0,3375.0,0,0.0,0.0
2023-12-18 12:00:00+09:00,3370.0,3380.0,3370.0,3375.0,27800,0.0,0.0
2023-12-18 13:00:00+09:00,3375.0,3380.0,3365.0,3365.0,6100,0.0,0.0
2023-12-18 14:00:00+09:00,3365.0,3385.0,3365.0,3375.0,15400,0.0,0.0
2023-12-19 09:00:00+09:00,3380.0,3390.0,3365.0,3375.0,12200,0.0,0.0
2023-12-19 10:00:00+09:00,3375.0,3375.0,3365.0,3370.0,4500,0.0,0.0
2023-12-19 11:00:00+09:00,3375.0,3385.0,3375.0,3385.0,0,0.0,0.0
2023-12-19 12:00:00+09:00,3395.0,3405.0,3385.0,3390.0,28000,0.0,0.0
2023-12-19 13:00:00+09:00,3385.0,3385.0,3375.0,3380.0,6400,0.0,0.0
2023-12-19 14:00:00+09:00,3380.0,3400.0,3370.0,3390.0,14600,0.0,0.0
2023-12-20 09:00:00+09:00,3405.0,3440.0,3400.0,3410.0,21000,0.0,0.0
2023-12-20 10:00:00+09:00,3415.0,3435.0,3415.0,3435.0,7600,0.0,0.0
2023-12-20 11:00:00+09:00,3430.0,3435.0,3425.0,3435.0,0,0.0,0.0
2023-12-20 12:00:00+09:00,3445.0,3445.0,3420.0,3420.0,39400,0.0,0.0
2023-12-20 13:00:00+09:00,3420.0,3420.0,3405.0,3405.0,4900,0.0,0.0
2023-12-20 14:00:00+09:00,3410.0,3415.0,3395.0,3400.0,16000,0.0,0.0
2023-12-21 09:00:00+09:00,3385.0,3385.0,3345.0,3370.0,13500,0.0,0.0
2023-12-21 10:00:00+09:00,3365.0,3375.0,3360.0,3365.0,6000,0.0,0.0
2023-12-21 11:00:00+09:00,3360.0,3375.0,3355.0,3375.0,0,0.0,0.0
2023-12-21 12:00:00+09:00,3370.0,3375.0,3355.0,3355.0,24900,0.0,0.0
2023-12-21 13:00:00+09:00,3355.0,3365.0,3355.0,3360.0,6800,0.0,0.0
2023-12-21 14:00:00+09:00,3365.0,3365.0,3350.0,3350.0,10900,0.0,0.0
2023-12-22 09:00:00+09:00,3395.0,3420.0,3390.0,3410.0,0,0.0,0.0
2023-12-22 10:00:00+09:00,3410.0,3420.0,3405.0,3420.0,4000,0.0,0.0
2023-12-22 11:00:00+09:00,3420.0,3420.0,3410.0,3410.0,0,0.0,0.0
2023-12-22 12:00:00+09:00,3410.0,3420.0,3405.0,3410.0,23300,0.0,0.0
2023-12-22 13:00:00+09:00,3410.0,3415.0,3405.0,3410.0,5500,0.0,0.0
2023-12-22 14:00:00+09:00,3405.0,3405.0,3400.0,3405.0,7100,0.0,0.0
2023-12-25 09:00:00+09:00,3475.0,3475.0,3445.0,3445.0,0,0.0,0.0
2023-12-25 10:00:00+09:00,3435.0,3455.0,3435.0,3440.0,4500,0.0,0.0
2023-12-25 11:00:00+09:00,3445.0,3450.0,3445.0,3450.0,0,0.0,0.0
2023-12-25 12:00:00+09:00,3450.0,3450.0,3420.0,3425.0,22300,0.0,0.0
2023-12-25 13:00:00+09:00,3430.0,3445.0,3425.0,3435.0,3400,0.0,0.0
2023-12-25 14:00:00+09:00,3440.0,3445.0,3430.0,3440.0,3700,0.0,0.0
2023-12-26 09:00:00+09:00,3420.0,3490.0,3420.0,3485.0,14400,0.0,0.0
2023-12-26 10:00:00+09:00,3485.0,3490.0,3480.0,3490.0,3100,0.0,0.0
2023-12-26 11:00:00+09:00,3495.0,3505.0,3490.0,3505.0,0,0.0,0.0
2023-12-26 12:00:00+09:00,3495.0,3500.0,3480.0,3480.0,23300,0.0,0.0
2023-12-26 13:00:00+09:00,3485.0,3495.0,3480.0,3495.0,4400,0.0,0.0
2023-12-26 14:00:00+09:00,3500.0,3515.0,3495.0,3510.0,9400,0.0,0.0
2023-12-27 09:00:00+09:00,3535.0,3540.0,3510.0,3520.0,11600,0.0,0.0
2023-12-27 10:00:00+09:00,3525.0,3545.0,3525.0,3540.0,5100,0.0,0.0
2023-12-27 11:00:00+09:00,3535.0,3535.0,3530.0,3530.0,0,0.0,0.0
2023-12-27 12:00:00+09:00,3525.0,3530.0,3520.0,3530.0,20500,0.0,0.0
2023-12-27 13:00:00+09:00,3525.0,3530.0,3520.0,3530.0,1700,0.0,0.0
2023-12-27 14:00:00+09:00,3535.0,3550.0,3535.0,3535.0,7600,0.0,0.0
2023-12-28 09:00:00+09:00,3530.0,3550.0,3510.0,3545.0,8700,0.0,0.0
2023-12-28 10:00:00+09:00,3540.0,3550.0,3530.0,3550.0,6200,0.0,0.0
2023-12-28 11:00:00+09:00,3550.0,3555.0,3545.0,3550.0,0,0.0,0.0
2023-12-28 12:00:00+09:00,3545.0,3550.0,3530.0,3540.0,21100,0.0,0.0
2023-12-28 13:00:00+09:00,3530.0,3540.0,3530.0,3535.0,2000,0.0,0.0
2023-12-28 14:00:00+09:00,3535.0,3550.0,3535.0,3540.0,6000,0.0,0.0
2023-12-29 09:00:00+09:00,3520.0,3570.0,3510.0,3550.0,11000,0.0,0.0
2023-12-29 10:00:00+09:00,3550.0,3560.0,3545.0,3555.0,1600,0.0,0.0
2023-12-29 11:00:00+09:00,3560.0,3560.0,3550.0,3550.0,0,0.0,0.0
2023-12-29 12:00:00+09:00,3555.0,3560.0,3550.0,3555.0,16300,0.0,0.0
2023-12-29 13:00:00+09:00,3550.0,3560.0,3545.0,3550.0,5400,0.0,0.0
2023-12-29 14:00:00+09:00,3545.0,3565.0,3540.0,3565.0,6500,0.0,0.0
2024-01-04 09:00:00+09:00,3610.0,3655.0,3600.0,3655.0,43000,0.0,0.0
2024-01-04 10:00:00+09:00,3655.0,3675.0,3650.0,3650.0,10000,0.0,0.0
2024-01-04 11:00:00+09:00,3650.0,3660.0,3640.0,3660.0,0,0.0,0.0
2024-01-04 12:00:00+09:00,3660.0,3665.0,3645.0,3645.0,63800,0.0,0.0
2024-01-04 13:00:00+09:00,3645.0,3665.0,3645.0,3660.0,4700,0.0,0.0
2024-01-04 14:00:00+09:00,3665.0,3675.0,3660.0,3670.0,17900,0.0,0.0
2024-01-05 09:00:00+09:00,3690.0,3740.0,3690.0,3730.0,37500,0.0,0.0
2024-01-05 10:00:00+09:00,3725.0,3750.0,3725.0,3750.0,8100,0.0,0.0
2024-01-05 11:00:00+09:00,3745.0,3755.0,3740.0,3755.0,0,0.0,0.0
2024-01-05 12:00:00+09:00,3760.0,3765.0,3745.0,3745.0,76600,0.0,0.0
2024-01-05 13:00:00+09:00,3745.0,3745.0,3725.0,3730.0,12500,0.0,0.0
2024-01-05 14:00:00+09:00,3730.0,3745.0,3730.0,3745.0,10500,0.0,0.0
2024-01-09 09:00:00+09:00,3760.0,3795.0,3735.0,3765.0,34800,0.0,0.0
2024-01-09 10:00:00+09:00,3765.0,3780.0,3760.0,3780.0,7000,0.0,0.0
2024-01-09 11:00:00+09:00,3780.0,3790.0,3775.0,3785.0,0,0.0,0.0
2024-01-09 12:00:00+09:00,3790.0,3800.0,3780.0,3795.0,59000,0.0,0.0
2024-01-09 13:00:00+09:00,3795.0,3800.0,3775.0,3780.0,9300,0.0,0.0
2024-01-09 14:00:00+09:00,3785.0,3800.0,3785.0,3800.0,12400,0.0,0.0
2024-01-10 09:00:00+09:00,3800.0,3820.0,3750.0,3770.0,22000,0.0,0.0
2024-01-10 10:00:00+09:00,3775.0,3795.0,3775.0,3790.0,6400,0.0,0.0
2024-01-10 11:00:00+09:00,3795.0,3805.0,3795.0,3805.0,0,0.0,0.0
2024-01-10 12:00:00+09:00,3800.0,3805.0,3785.0,3790.0,38500,0.0,0.0
2024-01-10 13:00:00+09:00,3785.0,3800.0,3780.0,3795.0,5700,0.0,0.0
2024-01-10 14:00:00+09:00,3790.0,3805.0,3785.0,3785.0,13100,0.0,0.0
2024-01-11 09:00:00+09:00,3805.0,3900.0,3805.0,3865.0,27900,0.0,0.0
2024-01-11 10:00:00+09:00,3865.0,3890.0,3860.0,3890.0,14600,0.0,0.0
2024-01-11 11:00:00+09:00,3885.0,3895.0,3875.0,3880.0,0,0.0,0.0
2024-01-11 12:00:00+09:00,3880.0,3885.0,3855.0,3855.0,62000,0.0,0.0
2024-01-11 13:00:00+09:00,3855.0,3870.0,3850.0,3865.0,8000,0.0,0.0
2024-01-11 14:00:00+09:00,3865.0,3870.0,3850.0,3850.0,11700,0.0,0.0
2024-01-12 09:00:00+09:00,3850.0,3935.0,3850.0,3885.0,0,0.0,0.0
2024-01-12 10:00:00+09:00,3885.0,3895.0,3880.0,3885.0,8400,0.0,0.0
2024-01-12 11:00:00+09:00,3890.0,3900.0,3880.0,3880.0,0,0.0,0.0
2024-01-12 12:00:00+09:00,3880.0,3885.0,3875.0,3885.0,42900,0.0,0.0
2024-01-12 13:00:00+09:00,3885.0,3890.0,3870.0,3885.0,5700,0.0,0.0
2024-01-12 14:00:00+09:00,3880.0,3895.0,3870.0,3895.0,15700,0.0,0.0
2024-01-15 09:00:00+09:00,3895.0,3930.0,3895.0,3900.0,12500,0.0,0.0
2024-01-15 10:00:00+09:00,3895.0,3900.0,3880.0,3890.0,19600,0.0,0.0
2024-01-15 11:00:00+09:00,3885.0,3895.0,3885.0,3890.0,0,0.0,0.0
2024-01-15 12:00:00+09:00,3890.0,3895.0,3890.0,3890.0,41100,0.0,0.0
2024-01-15 13:00:00+09:00,3895.0,3910.0,3890.0,3900.0,16100,0.0,0.0
2024-01-15 14:00:00+09:00,3900.0,3900.0,3890.0,3895.0,12500,0.0,0.0
2024-01-16 09:00:00+09:00,3900.0,3930.0,3880.0,3895.0,33100,0.0,0.0
2024-01-16 10:00:00+09:00,3880.0,3885.0,3870.0,3885.0,9200,0.0,0.0
2024-01-16 11:00:00+09:00,3885.0,3890.0,3880.0,3890.0,0,0.0,0.0
2024-01-16 12:00:00+09:00,3890.0,3890.0,3870.0,3875.0,51100,0.0,0.0
2024-01-16 13:00:00+09:00,3880.0,3885.0,3870.0,3870.0,6800,0.0,0.0
2024-01-16 14:00:00+09:00,3870.0,3885.0,3865.0,3875.0,13400,0.0,0.0
2024-01-17 09:00:00+09:00,3870.0,3925.0,3870.0,3905.0,19100,0.0,0.0
2024-01-17 10:00:00+09:00,3905.0,3915.0,3890.0,3890.0,11900,0.0,0.0
2024-01-17 11:00:00+09:00,3895.0,3900.0,3880.0,3880.0,0,0.0,0.0
2024-01-17 12:00:00+09:00,3885.0,3885.0,3840.0,3840.0,42900,0.0,0.0
2024-01-17 13:00:00+09:00,3850.0,3850.0,3840.0,3845.0,7400,0.0,0.0
2024-01-17 14:00:00+09:00,3845.0,3845.0,3800.0,3805.0,20900,0.0,0.0
2024-01-18 09:00:00+09:00,3805.0,3820.0,3775.0,3790.0,15100,0.0,0.0
2024-01-18 10:00:00+09:00,3785.0,3785.0,3775.0,3780.0,4300,0.0,0.0
2024-01-18 11:00:00+09:00,3775.0,3785.0,3775.0,3775.0,0,0.0,0.0
2024-01-18 12:00:00+09:00,3775.0,3785.0,3775.0,3785.0,24100,0.0,0.0
2024-01-18 13:00:00+09:00,3785.0,3785.0,3775.0,3780.0,4500,0.0,0.0
2024-01-18 14:00:00+09:00,3785.0,3785.0,3775.0,3785.0,11100,0.0,0.0
2024-01-19 09:00:00+09:00,3775.0,3825.0,3775.0,3790.0,14800,0.0,0.0
2024-01-19 10:00:00+09:00,3780.0,3800.0,3780.0,3800.0,4900,0.0,0.0
2024-01-19 11:00:00+09:00,3805.0,3805.0,3795.0,3795.0,0,0.0,0.0
2024-01-19 12:00:00+09:00,3785.0,3795.0,3780.0,3785.0,25800,0.0,0.0
2024-01-19 13:00:00+09:00,3780.0,3780.0,3765.0,3765.0,3700,0.0,0.0
2024-01-19 14:00:00+09:00,3770.0,3795.0,3770.0,3795.0,16900,0.0,0.0
2024-01-22 09:00:00+09:00,3790.0,3860.0,3790.0,3840.0,0,0.0,0.0
2024-01-22 10:00:00+09:00,3830.0,3830.0,3810.0,3825.0,7200,0.0,0.0
2024-01-22 11:00:00+09:00,3820.0,3825.0,3815.0,3825.0,0,0.0,0.0
2024-01-22 12:00:00+09:00,3830.0,3830.0,3815.0,3815.0,42700,0.0,0.0
2024-01-22 13:00:00+09:00,3815.0,3830.0,3815.0,3825.0,9000,0.0,0.0
2024-01-22 14:00:00+09:00,3825.0,3830.0,3820.0,3830.0,12000,0.0,0.0
2024-01-23 09:00:00+09:00,3820.0,3855.0,3800.0,3815.0,12600,0.0,0.0
2024-01-23 10:00:00+09:00,3815.0,3830.0,3805.0,3810.0,5700,0.0,0.0
2024-01-23 11:00:00+09:00,3805.0,3810.0,3805.0,3810.0,0,0.0,0.0
2024-01-23 12:00:00+09:00,3800.0,3810.0,3780.0,3780.0,28000,0.0,0.0
2024-01-23 13:00:00+09:00,3785.0,3800.0,3785.0,3800.0,7100,0.0,0.0
2024-01-23 14:00:00+09:00,3800.0,3800.0,3765.0,3775.0,11100,0.0,0.0
2024-01-24 09:00:00+09:00,3775.0,3795.0,3745.0,3765.0,13700,0.0,0.0
2024-01-24 10:00:00+09:00,3765.0,3780.0,3760.0,3775.0,3900,0.0,0.0
2024-01-24 11:00:00+09:00,3785.0,3790.0,3780.0,3790.0,0,0.0,0.0
2024-01-24 12:00:00+09:00,3785.0,3795.0,3765.0,3765.0,28300,0.0,0.0
2024-01-24 13:00:00+09:00,3770.0,3780.0,3770.0,3780.0,7300,0.0,0.0
2024-01-24 14:00:00+09:00,3780.0,3805.0,3780.0,3790.0,16300,0.0,0.0
2024-01-25 09:00:00+09:00,3780.0,3810.0,3765.0,3800.0,13800,0.0,0.0
2024-01-25 10:00:00+09:00,3800.0,3815.0,3795.0,3810.0,11700,0.0,0.0
2024-01-25 11:00:00+09:00,3805.0,3825.0,3805.0,3825.0,0,0.0,0.0
2024-01-25 12:00:00+09:00,3825.0,3830.0,3815.0,3820.0,35200,0.0,0.0
2024-01-25 13:00:00+09:00,3820.0,3820.0,3805.0,3810.0,6600,0.0,0.0
2024-01-25 14:00:00+09:00,3810.0,3820.0,3800.0,3810.0,8300,0.0,0.0
2024-01-26 09:00:00+09:00,3800.0,3820.0,3765.0,3800.0,18100,0.0,0.0
2024-01-26 10:00:00+09:00,3800.0,3810.0,3800.0,3805.0,6000,0.0,0.0
2024-01-26 11:00:00+09:00,3805.0,3810.0,3800.0,3805.0,0,0.0,0.0
2024-01-26 12:00:00+09:00,3800.0,3805.0,3790.0,3805.0,31500,0.0,0.0
2024-01-26 13:00:00+09:00,3805.0,3805.0,3775.0,3775.0,5600,0.0,0.0
2024-01-26 14:00:00+09:00,3775.0,3790.0,3770.0,3785.0,13100,0.0,0.0
2024-01-29 09:00:00+09:00,3810.0,3865.0,3810.0,3835.0,18500,0.0,0.0
2024-01-29 10:00:00+09:00,3825.0,3835.0,3825.0,3835.0,3300,0.0,0.0
2024-01-29 11:00:00+09:00,3835.0,3835.0,3820.0,3820.0,0,0.0,0.0
2024-01-29 12:00:00+09:00,3825.0,3850.0,3825.0,3840.0,31500,0.0,0.0
2024-01-29 13:00:00+09:00,3835.0,3845.0,3835.0,3840.0,6000,0.0,0.0
2024-01-29 14:00:00+09:00,3840.0,3850.0,3835.0,3845.0,12600,0.0,0.0
2024-01-30 09:00:00+09:00,3845.0,3875.0,3845.0,3860.0,13000,0.0,0.0
2024-01-30 10:00:00+09:00,3865.0,3870.0,3840.0,3845.0,6500,0.0,0.0
2024-01-30 11:00:00+09:00,3850.0,3850.0,3845.0,3850.0,0,0.0,0.0
2024-01-30 12:00:00+09:00,3840.0,3845.0,3840.0,3840.0,24200,0.0,0.0
2024-01-30 13:00:00+09:00,3845.0,3850.0,3845.0,3850.0,7500,0.0,0.0
2024-01-30 14:00:00+09:00,3845.0,3845.0,3820.0,3825.0,8100,0.0,0.0
2024-01-31 09:00:00+09:00,3825.0,3845.0,3810.0,3835.0,8400,0.0,0.0
2024-01-31 10:00:00+09:00,3840.0,3865.0,3825.0,3860.0,10800,0.0,0.0
2024-01-31 11:00:00+09:00,3860.0,3865.0,3855.0,3860.0,0,0.0,0.0
2024-01-31 12:00:00+09:00,3865.0,3880.0,3865.0,3875.0,28800,0.0,0.0
2024-01-31 13:00:00+09:00,3880.0,3900.0,3880.0,3895.0,15700,0.0,0.0
2024-01-31 14:00:00+09:00,3895.0,3905.0,3885.0,3905.0,16200,0.0,0.0
2024-02-01 09:00:00+09:00,3860.0,3885.0,3815.0,3820.0,0,0.0,0.0
2024-02-01 10:00:00+09:00,3820.0,3880.0,3820.0,3855.0,50900,0.0,0.0
2024-02-01 11:00:00+09:00,3855.0,3865.0,3855.0,3855.0,0,0.0,0.0
2024-02-01 12:00:00+09:00,3840.0,3845.0,3840.0,3840.0,60600,0.0,0.0
2024-02-01 13:00:00+09:00,3840.0,3920.0,3835.0,3865.0,36100,0.0,0.0
2024-02-01 14:00:00+09:00,3865.0,3870.0,3850.0,3870.0,13000,0.0,0.0
2024-02-02 09:00:00+09:00,3875.0,3875.0,3825.0,3850.0,16300,0.0,0.0
2024-02-02 10:00:00+09:00,3845.0,3850.0,3830.0,3850.0,5300,0.0,0.0
2024-02-02 11:00:00+09:00,3845.0,3850.0,3840.0,3845.0,0,0.0,0.0
2024-02-02 12:00:00+09:00,3835.0,3895.0,3835.0,3880.0,48000,0.0,0.0
2024-02-02 13:00:00+09:00,3885.0,3895.0,3865.0,3895.0,11100,0.0,0.0
2024-02-02 14:00:00+09:00,3890.0,3890.0,3850.0,3860.0,6900,0.0,0.0
2024-02-05 09:00:00+09:00,3865.0,3875.0,3835.0,3865.0,14100,0.0,0.0
2024-02-05 10:00:00+09:00,3865.0,3865.0,3850.0,3865.0,2700,0.0,0.0
2024-02-05 11:00:00+09:00,3860.0,3865.0,3860.0,3860.0,0,0.0,0.0
2024-02-05 12:00:00+09:00,3860.0,3865.0,3860.0,3860.0,23000,0.0,0.0
2024-02-05 13:00:00+09:00,3860.0,3860.0,3845.0,3855.0,7900,0.0,0.0
2024-02-05 14:00:00+09:00,3850.0,3860.0,3845.0,3850.0,12700,0.0,0.0
2024-02-06 09:00:00+09:00,3855.0,3875.0,3810.0,3820.0,14900,0.0,0.0
2024-02-06 10:00:00+09:00,3820.0,3860.0,3820.0,3845.0,11600,0.0,0.0
2024-02-06 11:00:00+09:00,3850.0,3850.0,3845.0,3845.0,0,0.0,0.0
2024-02-06 12:00:00+09:00,3830.0,3835.0,3810.0,3810.0,32500,0.0,0.0
2024-02-06 13:00:00+09:00,3815.0,3835.0,3810.0,3825.0,8300,0.0,0.0
2024-02-06 14:00:00+09:00,3830.0,3830.0,3815.0,3820.0,12900,0.0,0.0
2024-02-07 09:00:00+09:00,3790.0,3795.0,3760.0,3785.0,15000,0.0,0.0
2024-02-07 10:00:00+09:00,3785.0,3795.0,3775.0,3785.0,5200,0.0,0.0
2024-02-07 11:00:00+09:00,3775.0,3785.0,3775.0,3780.0,0,0.0,0.0
2024-02-07 12:00:00+09:00,3780.0,3780.0,3765.0,3765.0,25100,0.0,0.0
2024-02-07 13:00:00+09:00,3770.0,3785.0,3770.0,3785.0,5600,0.0,0.0
2024-02-07 14:00:00+09:00,3785.0,3785.0,3775.0,3780.0,5700,0.0,0.0
2024-02-08 09:00:00+09:00,3800.0,3800.0,3735.0,3745.0,18900,0.0,0.0
2024-02-08 10:00:00+09:00,3745.0,3755.0,3730.0,3755.0,10200,0.0,0.0
2024-02-08 11:00:00+09:00,3760.0,3770.0,3755.0,3760.0,0,0.0,0.0
2024-02-08 12:00:00+09:00,3780.0,3805.0,3775.0,3805.0,43400,0.0,0.0
2024-02-08 13:00:00+09:00,3800.0,3815.0,3790.0,3805.0,18200,0.0,0.0
2024-02-08 14:00:00+09:00,3800.0,3805.0,3780.0,3785.0,21000,0.0,0.0
2024-02-09 09:00:00+09:00,4290.0,4500.0,4245.0,4500.0,1006700,0.0,0.0
2024-02-09 10:00:00+09:00,4500.0,4500.0,4490.0,4500.0,28600,0.0,0.0
2024-02-09 11:00:00+09:00,4500.0,4500.0,4500.0,4500.0,0,0.0,0.0
2024-02-13 09:00:00+09:00,4600.0,4690.0,4540.0,4675.0,185900,0.0,0.0
2024-02-13 10:00:00+09:00,4675.0,4705.0,4625.0,4705.0,58100,0.0,0.0
2024-02-13 11:00:00+09:00,4710.0,4765.0,4710.0,4750.0,0,0.0,0.0
2024-02-13 12:00:00+09:00,4740.0,4755.0,4710.0,4730.0,304100,0.0,0.0
2024-02-13 13:00:00+09:00,4740.0,4745.0,4685.0,4690.0,39400,0.0,0.0
2024-02-13 14:00:00+09:00,4695.0,4765.0,4670.0,4765.0,75000,0.0,0.0
2024-02-14 09:00:00+09:00,4750.0,4760.0,4580.0,4595.0,83500,0.0,0.0
2024-02-14 10:00:00+09:00,4600.0,4630.0,4585.0,4590.0,31200,0.0,0.0
2024-02-14 11:00:00+09:00,4595.0,4610.0,4590.0,4605.0,0,0.0,0.0
2024-02-14 12:00:00+09:00,4600.0,4650.0,4595.0,4630.0,149100,0.0,0.0
2024-02-14 13:00:00+09:00,4635.0,4660.0,4625.0,4650.0,22800,0.0,0.0
2024-02-14 14:00:00+09:00,4655.0,4680.0,4645.0,4665.0,28400,0.0,0.0
2024-02-15 09:00:00+09:00,4695.0,4730.0,4615.0,4615.0,30400,0.0,0.0
2024-02-15 10:00:00+09:00,4615.0,4615.0,4550.0,4570.0,28300,0.0,0.0
2024-02-15 11:00:00+09:00,4570.0,4580.0,4570.0,4575.0,0,0.0,0.0
2024-02-15 12:00:00+09:00,4570.0,4585.0,4550.0,4580.0,77800,0.0,0.0
2024-02-15 13:00:00+09:00,4585.0,4600.0,4575.0,4590.0,14300,0.0,0.0
2024-02-15 14:00:00+09:00,4585.0,4610.0,4560.0,4560.0,22800,0.0,0.0
2024-02-16 09:00:00+09:00,4585.0,4670.0,4565.0,4670.0,34300,0.0,0.0
2024-02-16 10:00:00+09:00,4670.0,4680.0,4620.0,4620.0,18600,0.0,0.0
2024-02-16 11:00:00+09:00,4620.0,4630.0,4610.0,4620.0,0,0.0,0.0
2024-02-16 12:00:00+09:00,4625.0,4650.0,4625.0,4630.0,72400,0.0,0.0
2024-02-16 13:00:00+09:00,4635.0,4650.0,4630.0,4635.0,13000,0.0,0.0
2024-02-16 14:00:00+09:00,4635.0,4660.0,4630.0,4640.0,29500,0.0,0.0
2024-02-19 09:00:00+09:00,4585.0,4660.0,4555.0,4650.0,0,0.0,0.0
2024-02-19 10:00:00+09:00,4645.0,4655.0,4620.0,4630.0,49100,0.0,0.0
2024-02-19 11:00:00+09:00,4635.0,4655.0,4635.0,4655.0,0,0.0,0.0
2024-02-19 12:00:00+09:00,4650.0,4655.0,4640.0,4645.0,61400,0.0,0.0
2024-02-19 13:00:00+09:00,4650.0,4665.0,4650.0,4665.0,0,0.0,0.0
2024-02-19 14:00:00+09:00,4665.0,4680.0,4645.0,4670.0,88600,0.0,0.0
2024-02-20 09:00:00+09:00,4680.0,4685.0,4620.0,4665.0,17800,0.0,0.0
2024-02-20 10:00:00+09:00,4665.0,4670.0,4625.0,4635.0,6400,0.0,0.0
2024-02-20 11:00:00+09:00,4640.0,4640.0,4620.0,4635.0,0,0.0,0.0
2024-02-20 12:00:00+09:00,4635.0,4635.0,4615.0,4625.0,35000,0.0,0.0
2024-02-20 13:00:00+09:00,4630.0,4650.0,4630.0,4635.0,8800,0.0,0.0
2024-02-20 14:00:00+09:00,4635.0,4660.0,4630.0,4655.0,14700,0.0,0.0
2024-02-21 09:00:00+09:00,4670.0,4685.0,4650.0,4680.0,21400,0.0,0.0
2024-02-21 10:00:00+09:00,4685.0,4705.0,4685.0,4690.0,0,0.0,0.0
2024-02-21 11:00:00+09:00,4690.0,4695.0,4685.0,4690.0,0,0.0,0.0
2024-02-21 12:00:00+09:00,4675.0,4685.0,4650.0,4650.0,46400,0.0,0.0
2024-02-21 13:00:00+09:00,4660.0,4700.0,4660.0,4695.0,12300,0.0,0.0
2024-02-21 14:00:00+09:00,4695.0,4695.0,4680.0,4685.0,9900,0.0,0.0
2024-02-22 09:00:00+09:00,4730.0,4730.0,4695.0,4695.0,0,0.0,0.0
2024-02-22 10:00:00+09:00,4700.0,4730.0,4695.0,4720.0,30900,0.0,0.0
2024-02-22 11:00:00+09:00,4715.0,4735.0,4715.0,4735.0,0,0.0,0.0
2024-02-22 12:00:00+09:00,4735.0,4755.0,4725.0,4745.0,45900,0.0,0.0
2024-02-22 13:00:00+09:00,4745.0,4750.0,4735.0,4750.0,7800,0.0,0.0
2024-02-22 14:00:00+09:00,4745.0,4800.0,4745.0,4800.0,38500,0.0,0.0
2024-02-26 09:00:00+09:00,4910.0,5100.0,4910.0,5090.0,73900,0.0,0.0
2024-02-26 10:00:00+09:00,5090.0,5100.0,5080.0,5100.0,14900,0.0,0.0
2024-02-26 11:00:00+09:00,5100.0,5110.0,5090.0,5110.0,0,0.0,0.0
2024-02-26 12:00:00+09:00,5090.0,5130.0,5090.0,5110.0,102900,0.0,0.0
2024-02-26 13:00:00+09:00,5120.0,5120.0,5100.0,5100.0,11000,0.0,0.0
2024-02-26 14:00:00+09:00,5100.0,5140.0,5100.0,5120.0,11600,0.0,0.0
2024-02-27 09:00:00+09:00,5030.0,5070.0,5000.0,5050.0,30500,0.0,0.0
2024-02-27 10:00:00+09:00,5050.0,5080.0,5050.0,5070.0,8500,0.0,0.0
2024-02-27 11:00:00+09:00,5070.0,5070.0,5050.0,5050.0,0,0.0,0.0
2024-02-27 12:00:00+09:00,5040.0,5060.0,5040.0,5050.0,51600,0.0,0.0
2024-02-27 13:00:00+09:00,5050.0,5070.0,5050.0,5060.0,7300,0.0,0.0
2024-02-27 14:00:00+09:00,5070.0,5120.0,5060.0,5100.0,17400,0.0,0.0
2024-02-28 09:00:00+09:00,5140.0,5260.0,5140.0,5200.0,0,0.0,0.0
2024-02-28 10:00:00+09:00,5190.0,5230.0,5180.0,5200.0,45000,0.0,0.0
2024-02-28 11:00:00+09:00,5200.0,5200.0,5190.0,5200.0,0,0.0,0.0
2024-02-28 12:00:00+09:00,5200.0,5240.0,5200.0,5240.0,53900,0.0,0.0
2024-02-28 13:00:00+09:00,5230.0,5230.0,5200.0,5200.0,6500,0.0,0.0
2024-02-28 14:00:00+09:00,5200.0,5230.0,5160.0,5160.0,12200,0.0,0.0
2024-02-29 09:00:00+09:00,5110.0,5150.0,5070.0,5090.0,18900,0.0,0.0
2024-02-29 10:00:00+09:00,5090.0,5120.0,5070.0,5100.0,11200,0.0,0.0
2024-02-29 11:00:00+09:00,5100.0,5100.0,5080.0,5080.0,0,0.0,0.0
2024-02-29 12:00:00+09:00,5060.0,5090.0,5060.0,5090.0,38300,0.0,0.0
2024-02-29 13:00:00+09:00,5100.0,5130.0,5090.0,5130.0,4700,0.0,0.0
2024-02-29 14:00:00+09:00,5130.0,5130.0,5110.0,5110.0,9800,0.0,0.0
2024-03-01 09:00:00+09:00,5090.0,5090.0,4965.0,4980.0,53800,0.0,0.0
2024-03-01 10:00:00+09:00,4995.0,4995.0,4965.0,4970.0,8800,0.0,0.0
2024-03-01 11:00:00+09:00,4965.0,4965.0,4940.0,4940.0,0,0.0,0.0
2024-03-01 12:00:00+09:00,4935.0,4960.0,4935.0,4960.0,78400,0.0,0.0
2024-03-01 13:00:00+09:00,4960.0,4960.0,4935.0,4945.0,11900,0.0,0.0
2024-03-01 14:00:00+09:00,4940.0,4960.0,4940.0,4950.0,11300,0.0,0.0
2024-03-04 09:00:00+09:00,5050.0,5070.0,4945.0,5020.0,50000,0.0,0.0
2024-03-04 10:00:00+09:00,5030.0,5040.0,5020.0,5030.0,6800,0.0,0.0
2024-03-04 11:00:00+09:00,5020.0,5020.0,5000.0,5010.0,0,0.0,0.0
2024-03-04 12:00:00+09:00,4980.0,4995.0,4960.0,4970.0,66800,0.0,0.0
2024-03-04 13:00:00+09:00,4965.0,4965.0,4940.0,4955.0,7500,0.0,0.0
2024-03-04 14:00:00+09:00,4955.0,4955.0,4910.0,4915.0,13800,0.0,0.0
2024-03-05 09:00:00+09:00,4990.0,5020.0,4945.0,4955.0,23800,0.0,0.0
2024-03-05 10:00:00+09:00,4950.0,4960.0,4930.0,4955.0,7600,0.0,0.0
2024-03-05 11:00:00+09:00,4955.0,4980.0,4955.0,4970.0,0,0.0,0.0
2024-03-05 12:00:00+09:00,4990.0,5000.0,4975.0,5000.0,43400,0.0,0.0
2024-03-05 13:00:00+09:00,5010.0,5040.0,5010.0,5010.0,7500,0.0,0.0
2024-03-05 14:00:00+09:00,5020.0,5030.0,5000.0,5020.0,14300,0.0,0.0
2024-03-06 09:00:00+09:00,4990.0,5050.0,4930.0,5040.0,18300,0.0,0.0
2024-03-06 10:00:00+09:00,5040.0,5060.0,5040.0,5050.0,2900,0.0,0.0
2024-03-06 11:00:00+09:00,5050.0,5090.0,5050.0,5060.0,0,0.0,0.0
2024-03-06 12:00:00+09:00,5090.0,5090.0,5060.0,5070.0,35100,0.0,0.0
2024-03-06 13:00:00+09:00,5070.0,5090.0,5070.0,5080.0,4300,0.0,0.0
2024-03-06 14:00:00+09:00,5090.0,5120.0,5080.0,5120.0,16100,0.0,0.0
2024-03-07 09:00:00+09:00,5150.0,5160.0,5080.0,5150.0,13200,0.0,0.0
2024-03-07 10:00:00+09:00,5140.0,5140.0,5070.0,5070.0,21200,0.0,0.0
2024-03-07 11:00:00+09:00,5070.0,5090.0,5070.0,5080.0,0,0.0,0.0
2024-03-07 12:00:00+09:00,5090.0,5090.0,5060.0,5090.0,43000,0.0,0.0
2024-03-07 13:00:00+09:00,5090.0,5090.0,5070.0,5080.0,5600,0.0,0.0
2024-03-07 14:00:00+09:00,5080.0,5090.0,5020.0,5040.0,16300,0.0,0.0
2024-03-08 09:00:00+09:00,5050.0,5250.0,5050.0,5240.0,52800,0.0,0.0
2024-03-08 10:00:00+09:00,5240.0,5260.0,5220.0,5260.0,6800,0.0,0.0
2024-03-08 11:00:00+09:00,5260.0,5270.0,5250.0,5260.0,0,0.0,0.0
2024-03-08 12:00:00+09:00,5250.0,5290.0,5240.0,5280.0,81900,0.0,0.0
2024-03-08 13:00:00+09:00,5280.0,5290.0,5240.0,5280.0,23000,0.0,0.0
2024-03-08 14:00:00+09:00,5270.0,5270.0,5250.0,5260.0,7300,0.0,0.0
2024-03-11 09:00:00+09:00,5190.0,5200.0,5120.0,5120.0,18900,0.0,0.0
2024-03-11 10:00:00+09:00,5110.0,5120.0,5070.0,5070.0,11200,0.0,0.0
2024-03-11 11:00:00+09:00,5070.0,5070.0,5040.0,5050.0,0,0.0,0.0
2024-03-11 12:00:00+09:00,5040.0,5040.0,4985.0,4990.0,45900,0.0,0.0
2024-03-11 13:00:00+09:00,4990.0,5010.0,4970.0,4980.0,11700,0.0,0.0
2024-03-11 14:00:00+09:00,4980.0,4980.0,4950.0,4970.0,22000,0.0,0.0
2024-03-12 09:00:00+09:00,4950.0,4950.0,4855.0,4890.0,50400,0.0,0.0
2024-03-12 10:00:00+09:00,4890.0,4890.0,4865.0,4870.0,4700,0.0,0.0
2024-03-12 11:00:00+09:00,4875.0,4900.0,4870.0,4900.0,0,0.0,0.0
2024-03-12 12:00:00+09:00,4910.0,4990.0,4905.0,4970.0,65400,0.0,0.0
2024-03-12 13:00:00+09:00,4975.0,4980.0,4955.0,4965.0,8900,0.0,0.0
2024-03-12 14:00:00+09:00,4965.0,4995.0,4965.0,4995.0,9900,0.0,0.0
2024-03-13 09:00:00+09:00,5010.0,5050.0,4990.0,5000.0,13600,0.0,0.0
2024-03-13 10:00:00+09:00,4995.0,4995.0,4945.0,4955.0,10100,0.0,0.0
2024-03-13 11:00:00+09:00,4970.0,4970.0,4920.0,4920.0,0,0.0,0.0
2024-03-13 12:00:00+09:00,4925.0,4945.0,4895.0,4915.0,37000,0.0,0.0
2024-03-13 13:00:00+09:00,4920.0,4970.0,4920.0,4970.0,4900,0.0,0.0
2024-03-13 14:00:00+09:00,4965.0,4965.0,4950.0,4955.0,14700,0.0,0.0
2024-03-14 09:00:00+09:00,4935.0,4940.0,4880.0,4895.0,11400,0.0,0.0
2024-03-14 10:00:00+09:00,4905.0,4905.0,4885.0,4900.0,4100,0.0,0.0
2024-03-14 11:00:00+09:00,4900.0,4900.0,4885.0,4885.0,0,0.0,0.0
2024-03-14 12:00:00+09:00,4885.0,4910.0,4880.0,4895.0,20200,0.0,0.0
2024-03-14 13:00:00+09:00,4900.0,4900.0,4890.0,4900.0,3600,0.0,0.0
2024-03-14 14:00:00+09:00,4905.0,4915.0,4900.0,4915.0,8300,0.0,0.0
2024-03-15 09:00:00+09:00,4875.0,4905.0,4850.0,4890.0,11000,0.0,0.0
2024-03-15 10:00:00+09:00,4885.0,4920.0,4865.0,4920.0,5900,0.0,0.0
2024-03-15 11:00:00+09:00,4925.0,4950.0,4925.0,4945.0,0,0.0,0.0
2024-03-15 12:00:00+09:00,4945.0,4950.0,4925.0,4940.0,29400,0.0,0.0
2024-03-15 13:00:00+09:00,4940.0,4950.0,4905.0,4910.0,8200,0.0,0.0
2024-03-15 14:00:00+09:00,4915.0,4925.0,4900.0,4910.0,8400,0.0,0.0
2024-03-18 09:00:00+09:00,4975.0,4980.0,4940.0,4975.0,9500,0.0,0.0
2024-03-18 10:00:00+09:00,4975.0,5010.0,4970.0,5000.0,11000,0.0,0.0
2024-03-18 11:00:00+09:00,5010.0,5010.0,4975.0,4975.0,0,0.0,0.0
2024-03-18 12:00:00+09:00,4980.0,4985.0,4970.0,4985.0,26900,0.0,0.0
2024-03-18 13:00:00+09:00,4990.0,4995.0,4985.0,4990.0,4100,0.0,0.0
2024-03-18 14:00:00+09:00,5000.0,5000.0,4980.0,4990.0,9400,0.0,0.0
2024-03-19 09:00:00+09:00,4980.0,5020.0,4935.0,4980.0,10500,0.0,0.0
2024-03-19 10:00:00+09:00,4975.0,4975.0,4950.0,4955.0,5300,0.0,0.0
2024-03-19 11:00:00+09:00,4955.0,4960.0,4950.0,4960.0,0,0.0,0.0
2024-03-19 12:00:00+09:00,4960.0,4995.0,4950.0,4995.0,21300,0.0,0.0
2024-03-19 13:00:00+09:00,4995.0,5040.0,4980.0,5040.0,8200,0.0,0.0
2024-03-19 14:00:00+09:00,5040.0,5060.0,5040.0,5050.0,12800,0.0,0.0
2024-03-21 09:00:00+09:00,5110.0,5160.0,5070.0,5120.0,30900,0.0,0.0
2024-03-21 10:00:00+09:00,5120.0,5140.0,5110.0,5140.0,3300,0.0,0.0
2024-03-21 11:00:00+09:00,5150.0,5170.0,5150.0,5170.0,0,0.0,0.0
2024-03-21 12:00:00+09:00,5170.0,5190.0,5160.0,5170.0,68000,0.0,0.0
2024-03-21 13:00:00+09:00,5170.0,5190.0,5170.0,5180.0,3000,0.0,0.0
2024-03-21 14:00:00+09:00,5170.0,5180.0,5160.0,5180.0,7000,0.0,0.0
2024-03-22 09:00:00+09:00,5180.0,5200.0,5090.0,5140.0,11500,0.0,0.0
2024-03-22 10:00:00+09:00,5140.0,5140.0,5130.0,5130.0,3100,0.0,0.0
2024-03-22 11:00:00+09:00,5130.0,5130.0,5120.0,5120.0,0,0.0,0.0
2024-03-22 12:00:00+09:00,5100.0,5100.0,5100.0,5100.0,20000,0.0,0.0
2024-03-22 13:00:00+09:00,5110.0,5120.0,5100.0,5120.0,3000,0.0,0.0
2024-03-22 14:00:00+09:00,5120.0,5130.0,5110.0,5130.0,3400,0.0,0.0
2024-03-25 09:00:00+09:00,5120.0,5220.0,5120.0,5220.0,0,0.0,0.0
2024-03-25 10:00:00+09:00,5210.0,5210.0,5130.0,5150.0,20700,0.0,0.0
2024-03-25 11:00:00+09:00,5150.0,5160.0,5140.0,5140.0,0,0.0,0.0
2024-03-25 12:00:00+09:00,5140.0,5150.0,5140.0,5150.0,25500,0.0,0.0
2024-03-25 13:00:00+09:00,5150.0,5150.0,5130.0,5130.0,3400,0.0,0.0
2024-03-25 14:00:00+09:00,5140.0,5140.0,5100.0,5110.0,6200,0.0,0.0
2024-03-26 09:00:00+09:00,5100.0,5160.0,5100.0,5160.0,7900,0.0,0.0
2024-03-26 10:00:00+09:00,5160.0,5160.0,5150.0,5160.0,0,0.0,0.0
2024-03-26 11:00:00+09:00,5160.0,5200.0,5160.0,5200.0,0,0.0,0.0
2024-03-26 12:00:00+09:00,5190.0,5200.0,5170.0,5180.0,16300,0.0,0.0
2024-03-26 13:00:00+09:00,5170.0,5180.0,5150.0,5150.0,4800,0.0,0.0
2024-03-26 14:00:00+09:00,5160.0,5170.0,5150.0,5170.0,5900,0.0,0.0
2024-03-27 09:00:00+09:00,5180.0,5220.0,5150.0,5190.0,11700,0.0,0.0
2024-03-27 10:00:00+09:00,5200.0,5260.0,5200.0,5230.0,9100,0.0,0.0
2024-03-27 11:00:00+09:00,5240.0,5240.0,5210.0,5220.0,0,0.0,0.0
2024-03-27 12:00:00+09:00,5220.0,5230.0,5200.0,5200.0,39900,0.0,0.0
2024-03-27 13:00:00+09:00,5200.0,5230.0,5200.0,5230.0,4100,0.0,0.0
2024-03-27 14:00:00+09:00,5210.0,5210.0,5160.0,5160.0,21700,0.0,0.0
2024-03-28 09:00:00+09:00,1246.0,1266.0,1225.0,1228.0,91900,0.0,0.0
2024-03-28 10:00:00+09:00,1226.0,1236.0,1223.0,1227.0,30700,0.0,0.0
2024-03-28 11:00:00+09:00,1227.0,1230.0,1226.0,1230.0,0,0.0,0.0
2024-03-28 12:00:00+09:00,1226.0,1230.0,1223.0,1226.0,142600,0.0,0.0
2024-03-28 13:00:00+09:00,1225.0,1235.0,1222.0,1223.0,23300,0.0,0.0
2024-03-28 14:00:00+09:00,1223.0,1226.0,1204.0,1205.0,77100,0.0,0.0
2024-03-29 09:00:00+09:00,1203.0,1219.0,1201.0,1207.0,139000,0.0,0.0
2024-03-29 10:00:00+09:00,1207.0,1216.0,1206.0,1214.0,39100,0.0,0.0
2024-03-29 11:00:00+09:00,1214.0,1219.0,1213.0,1217.0,0,0.0,0.0
2024-03-29 12:00:00+09:00,1217.0,1220.0,1214.0,1220.0,222300,0.0,0.0
2024-03-29 13:00:00+09:00,1221.0,1226.0,1218.0,1218.0,28900,0.0,0.0
2024-03-29 14:00:00+09:00,1220.0,1220.0,1207.0,1216.0,48100,0.0,0.0
2024-04-01 09:00:00+09:00,1215.0,1221.0,1190.0,1205.0,140600,0.0,0.0
2024-04-01 10:00:00+09:00,1204.0,1204.0,1173.0,1176.0,147900,0.0,0.0
2024-04-01 11:00:00+09:00,1177.0,1182.0,1173.0,1176.0,0,0.0,0.0
2024-04-01 12:00:00+09:00,1175.0,1190.0,1175.0,1189.0,342700,0.0,0.0
2024-04-01 13:00:00+09:00,1190.0,1193.0,1186.0,1192.0,27700,0.0,0.0
2024-04-01 14:00:00+09:00,1192.0,1192.0,1173.0,1174.0,111600,0.0,0.0
2024-04-02 09:00:00+09:00,1173.0,1175.0,1156.0,1160.0,70100,0.0,0.0
2024-04-02 10:00:00+09:00,1159.0,1162.0,1154.0,1157.0,39500,0.0,0.0
2024-04-02 11:00:00+09:00,1158.0,1160.0,1153.0,1153.0,0,0.0,0.0
2024-04-02 12:00:00+09:00,1157.0,1160.0,1145.0,1155.0,154800,0.0,0.0
2024-04-02 13:00:00+09:00,1154.0,1159.0,1147.0,1158.0,26700,0.0,0.0
2024-04-02 14:00:00+09:00,1160.0,1161.0,1154.0,1160.0,41000,0.0,0.0
2024-04-03 09:00:00+09:00,1159.0,1174.0,1151.0,1172.0,49700,0.0,0.0
2024-04-03 10:00:00+09:00,1172.0,1172.0,1158.0,1159.0,29000,0.0,0.0
2024-04-03 11:00:00+09:00,1159.0,1164.0,1159.0,1161.0,0,0.0,0.0
2024-04-03 12:00:00+09:00,1160.0,1170.0,1160.0,1165.0,104800,0.0,0.0
2024-04-03 13:00:00+09:00,1165.0,1166.0,1158.0,1159.0,21900,0.0,0.0
2024-04-03 14:00:00+09:00,1160.0,1162.0,1156.0,1157.0,39200,0.0,0.0
2024-04-04 09:00:00+09:00,1156.0,1159.0,1140.0,1146.0,74600,0.0,0.0
2024-04-04 10:00:00+09:00,1147.0,1157.0,1145.0,1156.0,41600,0.0,0.0
2024-04-04 11:00:00+09:00,1156.0,1157.0,1152.0,1153.0,0,0.0,0.0
2024-04-04 12:00:00+09:00,1155.0,1158.0,1150.0,1151.0,150400,0.0,0.0
2024-04-04 13:00:00+09:00,1151.0,1153.0,1146.0,1147.0,55300,0.0,0.0
2024-04-04 14:00:00+09:00,1147.0,1147.0,1136.0,1142.0,61200,0.0,0.0
2024-04-05 09:00:00+09:00,1118.0,1140.0,1111.0,1135.0,69900,0.0,0.0
2024-04-05 10:00:00+09:00,1133.0,1138.0,1122.0,1123.0,25400,0.0,0.0
2024-04-05 11:00:00+09:00,1124.0,1129.0,1124.0,1127.0,0,0.0,0.0
2024-04-05 12:00:00+09:00,1128.0,1134.0,1125.0,1134.0,128900,0.0,0.0
2024-04-05 13:00:00+09:00,1132.0,1134.0,1128.0,1130.0,31900,0.0,0.0
2024-04-05 14:00:00+09:00,1130.0,1138.0,1129.0,1131.0,36500,0.0,0.0
2024-04-08 09:00:00+09:00,1136.0,1136.0,1119.0,1128.0,63700,0.0,0.0
2024-04-08 10:00:00+09:00,1128.0,1134.0,1125.0,1133.0,30700,0.0,0.0
2024-04-08 11:00:00+09:00,1133.0,1134.0,1129.0,1131.0,0,0.0,0.0
2024-04-08 12:00:00+09:00,1131.0,1131.0,1126.0,1131.0,133100,0.0,0.0
2024-04-08 13:00:00+09:00,1130.0,1133.0,1129.0,1130.0,27100,0.0,0.0
2024-04-08 14:00:00+09:00,1131.0,1134.0,1130.0,1133.0,36800,0.0,0.0
2024-04-09 09:00:00+09:00,1149.0,1150.0,1136.0,1142.0,41900,0.0,0.0
2024-04-09 10:00:00+09:00,1141.0,1142.0,1138.0,1139.0,22000,0.0,0.0
2024-04-09 11:00:00+09:00,1140.0,1146.0,1139.0,1145.0,0,0.0,0.0
2024-04-09 12:00:00+09:00,1149.0,1149.0,1143.0,1145.0,100400,0.0,0.0
2024-04-09 13:00:00+09:00,1145.0,1150.0,1144.0,1149.0,27500,0.0,0.0
2024-04-09 14:00:00+09:00,1150.0,1157.0,1150.0,1152.0,56300,0.0,0.0
2024-04-10 09:00:00+09:00,1143.0,1147.0,1132.0,1141.0,49100,0.0,0.0
2024-04-10 10:00:00+09:00,1140.0,1144.0,1138.0,1138.0,20400,0.0,0.0
2024-04-10 11:00:00+09:00,1139.0,1140.0,1138.0,1139.0,0,0.0,0.0
2024-04-10 12:00:00+09:00,1142.0,1147.0,1139.0,1140.0,111900,0.0,0.0
2024-04-10 13:00:00+09:00,1141.0,1145.0,1138.0,1144.0,19400,0.0,0.0
2024-04-10 14:00:00+09:00,1144.0,1145.0,1141.0,1144.0,33000,0.0,0.0
2024-04-11 09:00:00+09:00,1131.0,1135.0,1123.0,1134.0,59600,0.0,0.0
2024-04-11 10:00:00+09:00,1134.0,1135.0,1129.0,1131.0,22600,0.0,0.0
2024-04-11 11:00:00+09:00,1131.0,1136.0,1131.0,1135.0,0,0.0,0.0
2024-04-11 12:00:00+09:00,1138.0,1139.0,1134.0,1139.0,135100,0.0,0.0
2024-04-11 13:00:00+09:00,1139.0,1139.0,1134.0,1136.0,36100,0.0,0.0
2024-04-11 14:00:00+09:00,1136.0,1138.0,1132.0,1136.0,42400,0.0,0.0
2024-04-12 09:00:00+09:00,1145.0,1157.0,1135.0,1138.0,86100,0.0,0.0
2024-04-12 10:00:00+09:00,1138.0,1141.0,1131.0,1141.0,30800,0.0,0.0
2024-04-12 11:00:00+09:00,1141.0,1143.0,1138.0,1140.0,0,0.0,0.0
2024-04-12 12:00:00+09:00,1140.0,1143.0,1136.0,1138.0,150300,0.0,0.0
2024-04-12 13:00:00+09:00,1137.0,1138.0,1134.0,1134.0,24900,0.0,0.0
2024-04-12 14:00:00+09:00,1134.0,1140.0,1133.0,1138.0,65800,0.0,0.0
2024-04-15 09:00:00+09:00,1121.0,1128.0,1115.0,1123.0,42100,0.0,0.0
2024-04-15 10:00:00+09:00,1124.0,1136.0,1124.0,1130.0,23000,0.0,0.0
2024-04-15 11:00:00+09:00,1131.0,1135.0,1131.0,1135.0,0,0.0,0.0
2024-04-15 12:00:00+09:00,1137.0,1138.0,1131.0,1134.0,86100,0.0,0.0
2024-04-15 13:00:00+09:00,1133.0,1135.0,1130.0,1132.0,14700,0.0,0.0
2024-04-15 14:00:00+09:00,1133.0,1134.0,1127.0,1131.0,24600,0.0,0.0
2024-04-16 09:00:00+09:00,1111.0,1117.0,1102.0,1108.0,94400,0.0,0.0
2024-04-16 10:00:00+09:00,1107.0,1107.0,1098.0,1105.0,38300,0.0,0.0
2024-04-16 11:00:00+09:00,1104.0,1104.0,1095.0,1095.0,0,0.0,0.0
2024-04-16 12:00:00+09:00,1093.0,1094.0,1087.0,1091.0,164300,0.0,0.0
2024-04-16 13:00:00+09:00,1092.0,1092.0,1080.0,1085.0,33400,0.0,0.0
2024-04-16 14:00:00+09:00,1085.0,1097.0,1084.0,1090.0,49100,0.0,0.0
2024-04-17 09:00:00+09:00,1093.0,1100.0,1067.0,1079.0,75600,0.0,0.0
2024-04-17 10:00:00+09:00,1078.0,1091.0,1075.0,1091.0,28300,0.0,0.0
2024-04-17 11:00:00+09:00,1091.0,1095.0,1088.0,1091.0,0,0.0,0.0
2024-04-17 12:00:00+09:00,1093.0,1100.0,1090.0,1100.0,140100,0.0,0.0
2024-04-17 13:00:00+09:00,1099.0,1099.0,1091.0,1093.0,23100,0.0,0.0
2024-04-17 14:00:00+09:00,1093.0,1098.0,1087.0,1092.0,39000,0.0,0.0
2024-04-18 09:00:00+09:00,1087.0,1099.0,1084.0,1094.0,66900,0.0,0.0
2024-04-18 10:00:00+09:00,1094.0,1097.0,1090.0,1095.0,27100,0.0,0.0
2024-04-18 11:00:00+09:00,1095.0,1099.0,1095.0,1095.0,0,0.0,0.0
2024-04-18 12:00:00+09:00,1097.0,1098.0,1094.0,1094.0,120300,0.0,0.0
2024-04-18 13:00:00+09:00,1095.0,1097.0,1092.0,1092.0,17200,0.0,0.0
2024-04-18 14:00:00+09:00,1091.0,1095.0,1088.0,1092.0,33500,0.0,0.0
2024-04-19 09:00:00+09:00,1081.0,1083.0,1064.0,1066.0,43500,0.0,0.0
2024-04-19 10:00:00+09:00,1065.0,1067.0,1047.0,1055.0,38900,0.0,0.0
2024-04-19 11:00:00+09:00,1053.0,1053.0,1041.0,1043.0,0,0.0,0.0
2024-04-19 12:00:00+09:00,1045.0,1061.0,1045.0,1059.0,123700,0.0,0.0
2024-04-19 13:00:00+09:00,1060.0,1065.0,1060.0,1061.0,22300,0.0,0.0
2024-04-19 14:00:00+09:00,1063.0,1067.0,1057.0,1058.0,40700,0.0,0.0
2024-04-22 09:00:00+09:00,1085.0,1094.0,1070.0,1070.0,78300,0.0,0.0
2024-04-22 10:00:00+09:00,1070.0,1078.0,1067.0,1070.0,18400,0.0,0.0
2024-04-22 11:00:00+09:00,1070.0,1071.0,1066.0,1071.0,0,0.0,0.0
2024-04-22 12:00:00+09:00,1069.0,1069.0,1055.0,1057.0,140600,0.0,0.0
2024-04-22 13:00:00+09:00,1058.0,1062.0,1058.0,1062.0,10400,0.0,0.0
2024-04-22 14:00:00+09:00,1061.0,1071.0,1057.0,1071.0,35300,0.0,0.0
2024-04-23 09:00:00+09:00,1072.0,1075.0,1066.0,1071.0,32600,0.0,0.0
2024-04-23 10:00:00+09:00,1070.0,1077.0,1059.0,1063.0,20100,0.0,0.0
2024-04-23 11:00:00+09:00,1061.0,1069.0,1061.0,1069.0,0,0.0,0.0
2024-04-23 12:00:00+09:00,1067.0,1072.0,1067.0,1070.0,70400,0.0,0.0
2024-04-23 13:00:00+09:00,1069.0,1074.0,1068.0,1072.0,12300,0.0,0.0
2024-04-23 14:00:00+09:00,1073.0,1073.0,1070.0,1071.0,32100,0.0,0.0
2024-04-24 09:00:00+09:00,1078.0,1085.0,1071.0,1078.0,29600,0.0,0.0
2024-04-24 10:00:00+09:00,1076.0,1080.0,1071.0,1077.0,12500,0.0,0.0
2024-04-24 11:00:00+09:00,1076.0,1079.0,1076.0,1079.0,0,0.0,0.0
2024-04-24 12:00:00+09:00,1080.0,1084.0,1076.0,1083.0,58000,0.0,0.0
2024-04-24 13:00:00+09:00,1083.0,1086.0,1081.0,1084.0,15100,0.0,0.0
2024-04-24 14:00:00+09:00,1085.0,1089.0,1084.0,1086.0,32900,0.0,0.0
2024-04-25 09:00:00+09:00,1066.0,1080.0,1064.0,1075.0,26200,0.0,0.0
2024-04-25 10:00:00+09:00,1077.0,1078.0,1066.0,1068.0,13100,0.0,0.0
2024-04-25 11:00:00+09:00,1066.0,1072.0,1066.0,1072.0,0,0.0,0.0
2024-04-25 12:00:00+09:00,1072.0,1073.0,1065.0,1073.0,63400,0.0,0.0
2024-04-25 13:00:00+09:00,1073.0,1074.0,1066.0,1068.0,0,0.0,0.0
2024-04-25 14:00:00+09:00,1068.0,1070.0,1065.0,1068.0,104100,0.0,0.0
2024-04-26 09:00:00+09:00,1066.0,1067.0,1054.0,1060.0,32000,0.0,0.0
2024-04-26 10:00:00+09:00,1060.0,1064.0,1057.0,1061.0,11800,0.0,0.0
2024-04-26 11:00:00+09:00,1062.0,1066.0,1061.0,1066.0,0,0.0,0.0
2024-04-26 12:00:00+09:00,1070.0,1079.0,1070.0,1075.0,74900,0.0,0.0
2024-04-26 13:00:00+09:00,1075.0,1083.0,1074.0,1080.0,25800,0.0,0.0
2024-04-26 14:00:00+09:00,1080.0,1087.0,1080.0,1087.0,37100,0.0,0.0
2024-04-30 09:00:00+09:00,1100.0,1104.0,1090.0,1101.0,0,0.0,0.0
2024-04-30 10:00:00+09:00,1101.0,1109.0,1101.0,1103.0,74600,0.0,0.0
2024-04-30 11:00:00+09:00,1103.0,1105.0,1098.0,1100.0,0,0.0,0.0
2024-04-30 12:00:00+09:00,1100.0,1104.0,1099.0,1100.0,170900,0.0,0.0
2024-04-30 13:00:00+09:00,1101.0,1102.0,1089.0,1089.0,46400,0.0,0.0
2024-04-30 14:00:00+09:00,1089.0,1096.0,1084.0,1096.0,51600,0.0,0.0
2024-05-01 09:00:00+09:00,1088.0,1094.0,1079.0,1081.0,31300,0.0,0.0
2024-05-01 10:00:00+09:00,1084.0,1085.0,1079.0,1080.0,15800,0.0,0.0
2024-05-01 11:00:00+09:00,1080.0,1081.0,1075.0,1079.0,0,0.0,0.0
2024-05-01 12:00:00+09:00,1082.0,1085.0,1082.0,1084.0,66900,0.0,0.0
2024-05-01 13:00:00+09:00,1085.0,1086.0,1080.0,1085.0,18800,0.0,0.0
2024-05-01 14:00:00+09:00,1086.0,1087.0,1079.0,1079.0,21900,0.0,0.0
2024-05-02 09:00:00+09:00,1062.0,1073.0,1062.0,1066.0,30100,0.0,0.0
2024-05-02 10:00:00+09:00,1065.0,1065.0,1056.0,1058.0,15500,0.0,0.0
2024-05-02 11:00:00+09:00,1060.0,1062.0,1059.0,1062.0,0,0.0,0.0
2024-05-02 12:00:00+09:00,1063.0,1066.0,1063.0,1065.0,53700,0.0,0.0
2024-05-02 13:00:00+09:00,1065.0,1066.0,1060.0,1065.0,12600,0.0,0.0
2024-05-02 14:00:00+09:00,1065.0,1065.0,1057.0,1059.0,31900,0.0,0.0
2024-05-07 09:00:00+09:00,1078.0,1078.0,1054.0,1054.0,33900,0.0,0.0
2024-05-07 10:00:00+09:00,1055.0,1064.0,1054.0,1063.0,11900,0.0,0.0
2024-05-07 11:00:00+09:00,1064.0,1066.0,1064.0,1064.0,0,0.0,0.0
2024-05-07 12:00:00+09:00,1061.0,1066.0,1061.0,1065.0,56000,0.0,0.0
2024-05-07 13:00:00+09:00,1066.0,1071.0,1065.0,1066.0,14600,0.0,0.0
2024-05-07 14:00:00+09:00,1066.0,1069.0,1064.0,1064.0,30200,0.0,0.0
2024-05-08 09:00:00+09:00,1056.0,1069.0,1051.0,1056.0,35700,0.0,0.0
2024-05-08 10:00:00+09:00,1056.0,1056.0,1050.0,1052.0,17500,0.0,0.0
2024-05-08 11:00:00+09:00,1052.0,1054.0,1046.0,1049.0,0,0.0,0.0
2024-05-08 12:00:00+09:00,1047.0,1048.0,1045.0,1047.0,106100,0.0,0.0
2024-05-08 13:00:00+09:00,1047.0,1051.0,1043.0,1046.0,33100,0.0,0.0
2024-05-08 14:00:00+09:00,1046.0,1048.0,1041.0,1042.0,58700,0.0,0.0
2024-05-09 09:00:00+09:00,1050.0,1064.0,1040.0,1062.0,35900,0.0,0.0
2024-05-09 10:00:00+09:00,1064.0,1069.0,1062.0,1067.0,18800,0.0,0.0
2024-05-09 11:00:00+09:00,1067.0,1069.0,1065.0,1069.0,0,0.0,0.0
2024-05-09 12:00:00+09:00,1072.0,1074.0,1069.0,1069.0,76600,0.0,0.0
2024-05-09 13:00:00+09:00,1070.0,1073.0,1069.0,1071.0,19900,0.0,0.0
2024-05-09 14:00:00+09:00,1071.0,1073.0,1069.0,1071.0,30700,0.0,0.0
2024-05-10 09:00:00+09:00,1070.0,1081.0,1066.0,1075.0,26000,0.0,0.0
2024-05-10 10:00:00+09:00,1076.0,1077.0,1063.0,1067.0,15400,0.0,0.0
2024-05-10 11:00:00+09:00,1067.0,1075.0,1065.0,1075.0,0,0.0,0.0
2024-05-10 12:00:00+09:00,1069.0,1074.0,1066.0,1074.0,76300,0.0,0.0
2024-05-10 13:00:00+09:00,1072.0,1072.0,1068.0,1068.0,12400,0.0,0.0
2024-05-10 14:00:00+09:00,1068.0,1075.0,1068.0,1075.0,57500,0.0,0.0
2024-05-13 09:00:00+09:00,1076.0,1081.0,1036.0,1036.0,92700,0.0,0.0
2024-05-13 10:00:00+09:00,1036.0,1038.0,1020.0,1031.0,94400,0.0,0.0
2024-05-13 11:00:00+09:00,1030.0,1031.0,1027.0,1028.0,0,0.0,0.0
2024-05-13 12:00:00+09:00,1027.0,1038.0,1027.0,1034.0,262100,0.0,0.0
2024-05-13 13:00:00+09:00,1033.0,1033.0,1020.0,1023.0,0,0.0,0.0
2024-05-13 14:00:00+09:00,1023.0,1029.0,1020.0,1024.0,441000,0.0,0.0
2024-05-14 09:00:00+09:00,905.0,967.0,900.0,957.0,446900,0.0,0.0
2024-05-14 10:00:00+09:00,958.0,975.0,951.0,970.0,87000,0.0,0.0
2024-05-14 11:00:00+09:00,970.0,970.0,957.0,965.0,0,0.0,0.0
2024-05-14 12:00:00+09:00,965.0,969.0,958.0,969.0,620500,0.0,0.0
2024-05-14 13:00:00+09:00,970.0,971.0,966.0,968.0,54200,0.0,0.0
2024-05-14 14:00:00+09:00,968.0,974.0,963.0,972.0,104200,0.0,0.0
2024-05-15 09:00:00+09:00,970.0,970.0,946.0,948.0,131700,0.0,0.0
2024-05-15 10:00:00+09:00,949.0,959.0,947.0,954.0,38600,0.0,0.0
2024-05-15 11:00:00+09:00,955.0,961.0,954.0,959.0,0,0.0,0.0
2024-05-15 12:00:00+09:00,961.0,965.0,959.0,961.0,214500,0.0,0.0
2024-05-15 13:00:00+09:00,961.0,961.0,956.0,957.0,26200,0.0,0.0
2024-05-15 14:00:00+09:00,957.0,959.0,949.0,959.0,64600,0.0,0.0
2024-05-16 09:00:00+09:00,953.0,958.0,941.0,956.0,112100,0.0,0.0
2024-05-16 10:00:00+09:00,956.0,966.0,956.0,961.0,37200,0.0,0.0
2024-05-16 11:00:00+09:00,961.0,961.0,948.0,954.0,0,0.0,0.0
2024-05-16 12:00:00+09:00,952.0,965.0,952.0,962.0,202300,0.0,0.0
2024-05-16 13:00:00+09:00,963.0,967.0,961.0,963.0,32600,0.0,0.0
2024-05-16 14:00:00+09:00,963.0,969.0,962.0,966.0,41000,0.0,0.0
2024-05-17 09:00:00+09:00,960.0,976.0,957.0,971.0,81800,0.0,0.0
2024-05-17 10:00:00+09:00,970.0,976.0,969.0,974.0,30300,0.0,0.0
2024-05-17 11:00:00+09:00,973.0,973.0,968.0,968.0,0,0.0,0.0
2024-05-17 12:00:00+09:00,967.0,976.0,965.0,973.0,163600,0.0,0.0
2024-05-17 13:00:00+09:00,973.0,975.0,969.0,973.0,20800,0.0,0.0
2024-05-17 14:00:00+09:00,972.0,975.0,969.0,972.0,43000,0.0,0.0
2024-05-20 09:00:00+09:00,972.0,983.0,969.0,980.0,79600,0.0,0.0
2024-05-20 10:00:00+09:00,980.0,990.0,980.0,987.0,25200,0.0,0.0
2024-05-20 11:00:00+09:00,986.0,990.0,983.0,988.0,0,0.0,0.0
2024-05-20 12:00:00+09:00,991.0,999.0,990.0,999.0,164800,0.0,0.0
2024-05-20 13:00:00+09:00,999.0,1000.0,993.0,996.0,27200,0.0,0.0
2024-05-20 14:00:00+09:00,997.0,997.0,989.0,995.0,52800,0.0,0.0
2024-05-21 09:00:00+09:00,1005.0,1015.0,1003.0,1008.0,51900,0.0,0.0
2024-05-21 10:00:00+09:00,1007.0,1009.0,1001.0,1003.0,27200,0.0,0.0
2024-05-21 11:00:00+09:00,1004.0,1008.0,1003.0,1006.0,0,0.0,0.0
2024-05-21 12:00:00+09:00,1007.0,1012.0,1005.0,1006.0,105900,0.0,0.0
2024-05-21 13:00:00+09:00,1005.0,1006.0,1002.0,1002.0,22800,0.0,0.0
2024-05-21 14:00:00+09:00,1002.0,1002.0,994.0,995.0,58600,0.0,0.0
2024-05-22 09:00:00+09:00,991.0,992.0,976.0,977.0,40400,0.0,0.0
2024-05-22 10:00:00+09:00,978.0,979.0,972.0,972.0,17900,0.0,0.0
2024-05-22 11:00:00+09:00,973.0,973.0,969.0,971.0,0,0.0,0.0
2024-05-22 12:00:00+09:00,975.0,977.0,971.0,977.0,80400,0.0,0.0
2024-05-22 13:00:00+09:00,977.0,977.0,974.0,974.0,7500,0.0,0.0
2024-05-22 14:00:00+09:00,974.0,976.0,971.0,971.0,24700,0.0,0.0
2024-05-23 09:00:00+09:00,975.0,975.0,957.0,971.0,43100,0.0,0.0
2024-05-23 10:00:00+09:00,970.0,970.0,966.0,969.0,17000,0.0,0.0
2024-05-23 11:00:00+09:00,970.0,971.0,968.0,970.0,0,0.0,0.0
2024-05-23 12:00:00+09:00,974.0,975.0,967.0,969.0,85100,0.0,0.0
2024-05-23 13:00:00+09:00,968.0,973.0,967.0,973.0,21700,0.0,0.0
2024-05-23 14:00:00+09:00,973.0,973.0,969.0,972.0,29000,0.0,0.0
2024-05-24 09:00:00+09:00,958.0,970.0,952.0,965.0,29300,0.0,0.0
2024-05-24 10:00:00+09:00,965.0,967.0,961.0,963.0,14500,0.0,0.0
2024-05-24 11:00:00+09:00,963.0,965.0,963.0,963.0,0,0.0,0.0
2024-05-24 12:00:00+09:00,963.0,967.0,963.0,965.0,62800,0.0,0.0
2024-05-24 13:00:00+09:00,965.0,966.0,962.0,962.0,16600,0.0,0.0
2024-05-24 14:00:00+09:00,963.0,964.0,960.0,961.0,29600,0.0,0.0
2024-05-27 09:00:00+09:00,958.0,964.0,955.0,957.0,12700,0.0,0.0
2024-05-27 10:00:00+09:00,959.0,971.0,957.0,962.0,18900,0.0,0.0
2024-05-27 11:00:00+09:00,963.0,963.0,962.0,962.0,0,0.0,0.0
2024-05-27 12:00:00+09:00,961.0,961.0,956.0,957.0,38900,0.0,0.0
2024-05-27 13:00:00+09:00,956.0,957.0,955.0,956.0,8000,0.0,0.0
2024-05-27 14:00:00+09:00,957.0,958.0,955.0,955.0,20500,0.0,0.0
2024-05-28 09:00:00+09:00,950.0,950.0,942.0,942.0,39600,0.0,0.0
2024-05-28 10:00:00+09:00,942.0,944.0,935.0,936.0,31800,0.0,0.0
2024-05-28 11:00:00+09:00,937.0,939.0,937.0,937.0,0,0.0,0.0
2024-05-28 12:00:00+09:00,937.0,938.0,933.0,933.0,103800,0.0,0.0
2024-05-28 13:00:00+09:00,934.0,937.0,934.0,936.0,12200,0.0,0.0
2024-05-28 14:00:00+09:00,937.0,939.0,931.0,932.0,26100,0.0,0.0
2024-05-29 09:00:00+09:00,930.0,948.0,929.0,948.0,77600,0.0,0.0
2024-05-29 10:00:00+09:00,947.0,947.0,936.0,938.0,83300,0.0,0.0
2024-05-29 11:00:00+09:00,939.0,944.0,938.0,942.0,0,0.0,0.0
2024-05-29 12:00:00+09:00,938.0,940.0,938.0,940.0,176400,0.0,0.0
2024-05-29 13:00:00+09:00,940.0,942.0,935.0,935.0,7500,0.0,0.0
2024-05-29 14:00:00+09:00,936.0,936.0,931.0,932.0,22100,0.0,0.0
2024-05-30 09:00:00+09:00,927.0,932.0,916.0,929.0,49900,0.0,0.0
2024-05-30 10:00:00+09:00,929.0,941.0,929.0,937.0,27800,0.0,0.0
2024-05-30 11:00:00+09:00,938.0,943.0,938.0,942.0,0,0.0,0.0
2024-05-30 12:00:00+09:00,944.0,946.0,940.0,941.0,104000,0.0,0.0
2024-05-30 13:00:00+09:00,941.0,943.0,938.0,942.0,16400,0.0,0.0
2024-05-30 14:00:00+09:00,942.0,943.0,937.0,942.0,41500,0.0,0.0
2024-05-31 09:00:00+09:00,956.0,961.0,949.0,951.0,34400,0.0,0.0
2024-05-31 10:00:00+09:00,953.0,954.0,949.0,950.0,16500,0.0,0.0
2024-05-31 11:00:00+09:00,950.0,952.0,949.0,952.0,0,0.0,0.0
2024-05-31 12:00:00+09:00,956.0,970.0,954.0,968.0,90800,0.0,0.0
2024-05-31 13:00:00+09:00,969.0,977.0,952.0,977.0,41500,0.0,0.0
2024-05-31 14:00:00+09:00,976.0,984.0,971.0,976.0,79600,0.0,0.0
2024-06-03 09:00:00+09:00,980.0,988.0,969.0,988.0,0,0.0,0.0
2024-06-03 10:00:00+09:00,987.0,992.0,980.0,981.0,83400,0.0,0.0
2024-06-03 11:00:00+09:00,981.0,983.0,980.0,981.0,0,0.0,0.0
2024-06-03 12:00:00+09:00,980.0,985.0,978.0,985.0,104000,0.0,0.0
2024-06-03 13:00:00+09:00,985.0,986.0,980.0,986.0,21600,0.0,0.0
2024-06-03 14:00:00+09:00,986.0,986.0,980.0,983.0,27200,0.0,0.0
2024-06-04 09:00:00+09:00,971.0,979.0,971.0,971.0,44900,0.0,0.0
2024-06-04 10:00:00+09:00,971.0,971.0,962.0,970.0,39200,0.0,0.0
2024-06-04 11:00:00+09:00,972.0,973.0,969.0,969.0,0,0.0,0.0
2024-06-04 12:00:00+09:00,973.0,976.0,971.0,974.0,109500,0.0,0.0
2024-06-04 13:00:00+09:00,974.0,979.0,974.0,978.0,17100,0.0,0.0
2024-06-04 14:00:00+09:00,977.0,978.0,972.0,974.0,45500,0.0,0.0
2024-06-05 09:00:00+09:00,973.0,977.0,963.0,967.0,40700,0.0,0.0
2024-06-05 10:00:00+09:00,966.0,970.0,965.0,970.0,18700,0.0,0.0
2024-06-05 11:00:00+09:00,970.0,975.0,969.0,969.0,0,0.0,0.0
2024-06-05 12:00:00+09:00,968.0,974.0,968.0,969.0,82700,0.0,0.0
2024-06-05 13:00:00+09:00,969.0,970.0,966.0,969.0,18300,0.0,0.0
2024-06-05 14:00:00+09:00,968.0,969.0,965.0,966.0,19500,0.0,0.0
2024-06-06 09:00:00+09:00,972.0,981.0,970.0,978.0,46300,0.0,0.0
2024-06-06 10:00:00+09:00,977.0,988.0,973.0,988.0,31100,0.0,0.0
2024-06-06 11:00:00+09:00,987.0,987.0,977.0,977.0,0,0.0,0.0
2024-06-06 12:00:00+09:00,977.0,982.0,977.0,981.0,102200,0.0,0.0
2024-06-06 13:00:00+09:00,981.0,986.0,979.0,985.0,22100,0.0,0.0
2024-06-06 14:00:00+09:00,985.0,986.0,982.0,983.0,26300,0.0,0.0
2024-06-07 09:00:00+09:00,982.0,989.0,978.0,978.0,28300,0.0,0.0
2024-06-07 10:00:00+09:00,978.0,982.0,976.0,976.0,12500,0.0,0.0
2024-06-07 11:00:00+09:00,975.0,981.0,974.0,981.0,0,0.0,0.0
2024-06-07 12:00:00+09:00,984.0,984.0,980.0,980.0,59000,0.0,0.0
2024-06-07 13:00:00+09:00,979.0,980.0,976.0,976.0,6000,0.0,0.0
2024-06-07 14:00:00+09:00,976.0,977.0,975.0,976.0,16200,0.0,0.0
2024-06-10 09:00:00+09:00,990.0,1004.0,980.0,1001.0,89900,0.0,0.0
2024-06-10 10:00:00+09:00,1001.0,1004.0,994.0,1002.0,21700,0.0,0.0
2024-06-10 11:00:00+09:00,1002.0,1006.0,1002.0,1006.0,0,0.0,0.0
2024-06-10 12:00:00+09:00,1008.0,1009.0,1004.0,1004.0,129800,0.0,0.0
2024-06-10 13:00:00+09:00,1004.0,1008.0,1001.0,1007.0,15200,0.0,0.0
2024-06-10 14:00:00+09:00,1007.0,1010.0,1003.0,1009.0,22400,0.0,0.0
2024-06-11 09:00:00+09:00,1017.0,1033.0,1015.0,1030.0,61900,0.0,0.0
2024-06-11 10:00:00+09:00,1029.0,1035.0,1026.0,1029.0,26500,0.0,0.0
2024-06-11 11:00:00+09:00,1028.0,1028.0,1024.0,1026.0,0,0.0,0.0
2024-06-11 12:00:00+09:00,1023.0,1024.0,1021.0,1023.0,104000,0.0,0.0
2024-06-11 13:00:00+09:00,1022.0,1022.0,1020.0,1022.0,11900,0.0,0.0
2024-06-11 14:00:00+09:00,1022.0,1024.0,1019.0,1020.0,19500,0.0,0.0
2024-06-12 09:00:00+09:00,1032.0,1045.0,1025.0,1029.0,93600,0.0,0.0
2024-06-12 10:00:00+09:00,1028.0,1030.0,1027.0,1028.0,25500,0.0,0.0
2024-06-12 11:00:00+09:00,1027.0,1028.0,1025.0,1028.0,0,0.0,0.0
2024-06-12 12:00:00+09:00,1028.0,1028.0,1025.0,1025.0,142700,0.0,0.0
2024-06-12 13:00:00+09:00,1025.0,1025.0,1022.0,1025.0,13700,0.0,0.0
2024-06-12 14:00:00+09:00,1024.0,1025.0,1019.0,1024.0,22700,0.0,0.0
2024-06-13 09:00:00+09:00,1031.0,1031.0,996.0,1001.0,63300,0.0,0.0
2024-06-13 10:00:00+09:00,1001.0,1001.0,989.0,998.0,18500,0.0,0.0
2024-06-13 11:00:00+09:00,999.0,1004.0,999.0,1002.0,0,0.0,0.0
2024-06-13 12:00:00+09:00,999.0,1004.0,999.0,1003.0,103000,0.0,0.0
2024-06-13 13:00:00+09:00,1002.0,1004.0,1000.0,1003.0,12200,0.0,0.0
2024-06-13 14:00:00+09:00,1002.0,1004.0,1001.0,1001.0,21600,0.0,0.0
2024-06-14 09:00:00+09:00,990.0,1016.0,989.0,1012.0,93500,0.0,0.0
2024-06-14 10:00:00+09:00,1011.0,1020.0,1011.0,1018.0,16200,0.0,0.0
2024-06-14 11:00:00+09:00,1019.0,1021.0,1016.0,1019.0,0,0.0,0.0
2024-06-14 12:00:00+09:00,1026.0,1026.0,1017.0,1026.0,138600,0.0,0.0
2024-06-14 13:00:00+09:00,1025.0,1026.0,1021.0,1024.0,14700,0.0,0.0
2024-06-14 14:00:00+09:00,1023.0,1029.0,1023.0,1027.0,40400,0.0,0.0
2024-06-17 09:00:00+09:00,1021.0,1027.0,1004.0,1004.0,31900,0.0,0.0
2024-06-17 10:00:00+09:00,1004.0,1012.0,1001.0,1012.0,26500,0.0,0.0
2024-06-17 11:00:00+09:00,1012.0,1017.0,1012.0,1015.0,0,0.0,0.0
2024-06-17 12:00:00+09:00,1017.0,1020.0,1011.0,1011.0,83500,0.0,0.0
2024-06-17 13:00:00+09:00,1011.0,1015.0,1011.0,1013.0,13600,0.0,0.0
2024-06-17 14:00:00+09:00,1013.0,1016.0,1013.0,1014.0,21200,0.0,0.0
2024-06-18 09:00:00+09:00,1027.0,1029.0,1008.0,1008.0,50500,0.0,0.0
2024-06-18 10:00:00+09:00,1009.0,1014.0,1008.0,1010.0,16700,0.0,0.0
2024-06-18 11:00:00+09:00,1010.0,1015.0,1010.0,1013.0,0,0.0,0.0
2024-06-18 12:00:00+09:00,1012.0,1012.0,1003.0,1007.0,94400,0.0,0.0
2024-06-18 13:00:00+09:00,1006.0,1010.0,1006.0,1009.0,24700,0.0,0.0
2024-06-18 14:00:00+09:00,1008.0,1010.0,1004.0,1005.0,29500,0.0,0.0
2024-06-19 09:00:00+09:00,1015.0,1015.0,1007.0,1007.0,12400,0.0,0.0
2024-06-19 10:00:00+09:00,1006.0,1006.0,1001.0,1004.0,6400,0.0,0.0
2024-06-19 11:00:00+09:00,1003.0,1005.0,1002.0,1003.0,0,0.0,0.0
2024-06-19 12:00:00+09:00,1003.0,1003.0,1002.0,1003.0,28300,0.0,0.0
2024-06-19 13:00:00+09:00,1003.0,1003.0,999.0,1000.0,0,0.0,0.0
2024-06-19 14:00:00+09:00,1000.0,1005.0,1000.0,1005.0,46700,0.0,0.0
2024-06-20 09:00:00+09:00,1012.0,1020.0,1009.0,1014.0,53900,0.0,0.0
2024-06-20 10:00:00+09:00,1013.0,1013.0,1004.0,1008.0,24200,0.0,0.0
2024-06-20 11:00:00+09:00,1008.0,1010.0,1005.0,1010.0,0,0.0,0.0
2024-06-20 12:00:00+09:00,1012.0,1015.0,1007.0,1014.0,112700,0.0,0.0
2024-06-20 13:00:00+09:00,1013.0,1017.0,1012.0,1016.0,19400,0.0,0.0
2024-06-20 14:00:00+09:00,1016.0,1019.0,1013.0,1019.0,28100,0.0,0.0
2024-06-21 09:00:00+09:00,1020.0,1030.0,1020.0,1029.0,38500,0.0,0.0
2024-06-21 10:00:00+09:00,1030.0,1032.0,1027.0,1029.0,16100,0.0,0.0
2024-06-21 11:00:00+09:00,1029.0,1030.0,1027.0,1029.0,0,0.0,0.0
2024-06-21 12:00:00+09:00,1030.0,1030.0,1027.0,1029.0,78700,0.0,0.0
2024-06-21 13:00:00+09:00,1030.0,1030.0,1027.0,1030.0,17600,0.0,0.0
2024-06-21 14:00:00+09:00,1030.0,1031.0,1016.0,1023.0,74200,0.0,0.0
2024-06-24 09:00:00+09:00,1032.0,1033.0,1021.0,1021.0,32100,0.0,0.0
2024-06-24 10:00:00+09:00,1021.0,1021.0,1007.0,1012.0,13600,0.0,0.0
2024-06-24 11:00:00+09:00,1011.0,1011.0,1009.0,1010.0,0,0.0,0.0
2024-06-24 12:00:00+09:00,1015.0,1015.0,1012.0,1013.0,54200,0.0,0.0
2024-06-24 13:00:00+09:00,1014.0,1016.0,1013.0,1014.0,8600,0.0,0.0
2024-06-24 14:00:00+09:00,1015.0,1015.0,1011.0,1013.0,14700,0.0,0.0
2024-06-25 09:00:00+09:00,1019.0,1030.0,1014.0,1027.0,28900,0.0,0.0
2024-06-25 10:00:00+09:00,1026.0,1034.0,1025.0,1031.0,19400,0.0,0.0
2024-06-25 11:00:00+09:00,1033.0,1035.0,1031.0,1033.0,0,0.0,0.0
2024-06-25 12:00:00+09:00,1034.0,1034.0,1031.0,1032.0,84600,0.0,0.0
2024-06-25 13:00:00+09:00,1031.0,1032.0,1027.0,1028.0,14800,0.0,0.0
2024-06-25 14:00:00+09:00,1029.0,1029.0,1026.0,1029.0,15500,0.0,0.0
2024-06-26 09:00:00+09:00,1030.0,1033.0,1024.0,1025.0,21000,0.0,0.0
2024-06-26 10:00:00+09:00,1023.0,1031.0,1023.0,1031.0,9900,0.0,0.0
2024-06-26 11:00:00+09:00,1032.0,1032.0,1026.0,1026.0,0,0.0,0.0
2024-06-26 12:00:00+09:00,1026.0,1028.0,1023.0,1026.0,43500,0.0,0.0
2024-06-26 13:00:00+09:00,1027.0,1030.0,1026.0,1028.0,11800,0.0,0.0
2024-06-26 14:00:00+09:00,1028.0,1029.0,1024.0,1026.0,14900,0.0,0.0
2024-06-27 09:00:00+09:00,1033.0,1037.0,1028.0,1030.0,69400,0.0,0.0
2024-06-27 10:00:00+09:00,1030.0,1037.0,1028.0,1028.0,34400,0.0,0.0
2024-06-27 11:00:00+09:00,1029.0,1032.0,1029.0,1031.0,0,0.0,0.0
2024-06-27 12:00:00+09:00,1034.0,1034.0,1030.0,1033.0,118400,0.0,0.0
2024-06-27 13:00:00+09:00,1033.0,1034.0,1029.0,1032.0,21900,0.0,0.0
2024-06-27 14:00:00+09:00,1032.0,1033.0,1030.0,1031.0,18200,0.0,0.0
2024-06-28 09:00:00+09:00,1035.0,1035.0,1021.0,1027.0,54100,0.0,0.0
2024-06-28 10:00:00+09:00,1027.0,1028.0,1021.0,1024.0,16100,0.0,0.0
2024-06-28 11:00:00+09:00,1025.0,1025.0,1022.0,1023.0,0,0.0,0.0
2024-06-28 12:00:00+09:00,1020.0,1020.0,1017.0,1018.0,84000,0.0,0.0
2024-06-28 13:00:00+09:00,1019.0,1019.0,1015.0,1016.0,16400,0.0,0.0
2024-06-28 14:00:00+09:00,1015.0,1021.0,1014.0,1018.0,21300,0.0,0.0
2024-07-01 09:00:00+09:00,1038.0,1038.0,1021.0,1021.0,128600,0.0,0.0
2024-07-01 10:00:00+09:00,1021.0,1021.0,1014.0,1015.0,23400,0.0,0.0
2024-07-01 11:00:00+09:00,1016.0,1033.0,1016.0,1033.0,0,0.0,0.0
2024-07-01 12:00:00+09:00,1034.0,1035.0,1023.0,1023.0,261500,0.0,0.0
2024-07-01 13:00:00+09:00,1024.0,1028.0,1024.0,1028.0,21900,0.0,0.0
2024-07-01 14:00:00+09:00,1028.0,1028.0,1023.0,1026.0,40300,0.0,0.0
2024-07-02 09:00:00+09:00,1019.0,1021.0,1008.0,1013.0,21900,0.0,0.0
2024-07-02 10:00:00+09:00,1014.0,1024.0,1014.0,1020.0,9400,0.0,0.0
2024-07-02 11:00:00+09:00,1020.0,1020.0,1017.0,1018.0,0,0.0,0.0
2024-07-02 12:00:00+09:00,1018.0,1020.0,1015.0,1020.0,47300,0.0,0.0
2024-07-02 13:00:00+09:00,1020.0,1025.0,1020.0,1022.0,12200,0.0,0.0
2024-07-02 14:00:00+09:00,1022.0,1024.0,1015.0,1015.0,22700,0.0,0.0
2024-07-03 09:00:00+09:00,1010.0,1027.0,1010.0,1026.0,92200,0.0,0.0
2024-07-03 10:00:00+09:00,1026.0,1031.0,1026.0,1030.0,13300,0.0,0.0
2024-07-03 11:00:00+09:00,1030.0,1031.0,1029.0,1031.0,0,0.0,0.0
2024-07-03 12:00:00+09:00,1027.0,1029.0,1027.0,1028.0,119300,0.0,0.0
2024-07-03 13:00:00+09:00,1027.0,1029.0,1026.0,1028.0,15900,0.0,0.0
2024-07-03 14:00:00+09:00,1029.0,1029.0,1025.0,1025.0,22100,0.0,0.0
2024-07-04 09:00:00+09:00,1030.0,1030.0,1022.0,1028.0,22800,0.0,0.0
2024-07-04 10:00:00+09:00,1028.0,1033.0,1028.0,1029.0,11700,0.0,0.0
2024-07-04 11:00:00+09:00,1028.0,1028.0,1027.0,1027.0,0,0.0,0.0
2024-07-04 12:00:00+09:00,1023.0,1032.0,1023.0,1031.0,45300,0.0,0.0
2024-07-04 13:00:00+09:00,1031.0,1032.0,1029.0,1029.0,8900,0.0,0.0
2024-07-04 14:00:00+09:00,1030.0,1032.0,1029.0,1031.0,18800,0.0,0.0
2024-07-05 09:00:00+09:00,1033.0,1033.0,1023.0,1027.0,33600,0.0,0.0
2024-07-05 10:00:00+09:00,1028.0,1028.0,1023.0,1024.0,31500,0.0,0.0
2024-07-05 11:00:00+09:00,1025.0,1025.0,1022.0,1022.0,0,0.0,0.0
2024-07-05 12:00:00+09:00,1019.0,1021.0,1016.0,1018.0,78600,0.0,0.0
2024-07-05 13:00:00+09:00,1018.0,1019.0,1014.0,1015.0,5700,0.0,0.0
2024-07-05 14:00:00+09:00,1015.0,1015.0,1008.0,1008.0,13500,0.0,0.0
2024-07-08 09:00:00+09:00,1001.0,1006.0,996.0,999.0,25800,0.0,0.0
2024-07-08 10:00:00+09:00,999.0,1002.0,995.0,1001.0,11500,0.0,0.0
2024-07-08 11:00:00+09:00,1001.0,1002.0,998.0,1002.0,0,0.0,0.0
2024-07-08 12:00:00+09:00,1002.0,1005.0,1002.0,1004.0,47800,0.0,0.0
2024-07-08 13:00:00+09:00,1004.0,1005.0,1000.0,1000.0,10900,0.0,0.0
2024-07-08 14:00:00+09:00,999.0,1001.0,998.0,1000.0,18100,0.0,0.0
2024-07-09 09:00:00+09:00,1010.0,1011.0,997.0,1003.0,27800,0.0,0.0
2024-07-09 10:00:00+09:00,1002.0,1002.0,998.0,998.0,13000,0.0,0.0
2024-07-09 11:00:00+09:00,998.0,1005.0,998.0,1005.0,0,0.0,0.0
2024-07-09 12:00:00+09:00,1009.0,1013.0,1006.0,1012.0,63300,0.0,0.0
2024-07-09 13:00:00+09:00,1013.0,1016.0,1013.0,1013.0,17600,0.0,0.0
2024-07-09 14:00:00+09:00,1013.0,1014.0,1008.0,1009.0,28000,0.0,0.0
2024-07-10 09:00:00+09:00,1008.0,1012.0,1005.0,1010.0,9700,0.0,0.0
2024-07-10 10:00:00+09:00,1010.0,1011.0,1007.0,1007.0,6100,0.0,0.0
2024-07-10 11:00:00+09:00,1007.0,1007.0,1005.0,1006.0,0,0.0,0.0
2024-07-10 12:00:00+09:00,1002.0,1008.0,1002.0,1007.0,33800,0.0,0.0
2024-07-10 13:00:00+09:00,1007.0,1007.0,1004.0,1006.0,11700,0.0,0.0
2024-07-10 14:00:00+09:00,1006.0,1012.0,1006.0,1012.0,22200,0.0,0.0
2024-07-11 09:00:00+09:00,1029.0,1029.0,1018.0,1019.0,22200,0.0,0.0
2024-07-11 10:00:00+09:00,1019.0,1026.0,1019.0,1024.0,20800,0.0,0.0
2024-07-11 11:00:00+09:00,1023.0,1024.0,1020.0,1022.0,0,0.0,0.0
2024-07-11 12:00:00+09:00,1018.0,1025.0,1018.0,1025.0,60600,0.0,0.0
2024-07-11 13:00:00+09:00,1025.0,1025.0,1020.0,1021.0,9800,0.0,0.0
2024-07-11 14:00:00+09:00,1021.0,1021.0,1017.0,1018.0,20200,0.0,0.0
2024-07-12 09:00:00+09:00,1008.0,1021.0,1008.0,1016.0,20700,0.0,0.0
2024-07-12 10:00:00+09:00,1016.0,1020.0,1016.0,1017.0,9500,0.0,0.0
2024-07-12 11:00:00+09:00,1016.0,1017.0,1012.0,1016.0,0,0.0,0.0
2024-07-12 12:00:00+09:00,1014.0,1017.0,1012.0,1012.0,42700,0.0,0.0
2024-07-12 13:00:00+09:00,1011.0,1011.0,1007.0,1008.0,9000,0.0,0.0
2024-07-12 14:00:00+09:00,1008.0,1009.0,1001.0,1003.0,25100,0.0,0.0
2024-07-16 09:00:00+09:00,1018.0,1029.0,1017.0,1029.0,34800,0.0,0.0
2024-07-16 10:00:00+09:00,1028.0,1031.0,1027.0,1030.0,19600,0.0,0.0
2024-07-16 11:00:00+09:00,1029.0,1032.0,1029.0,1032.0,0,0.0,0.0
2024-07-16 12:00:00+09:00,1034.0,1034.0,1028.0,1030.0,74100,0.0,0.0
2024-07-16 13:00:00+09:00,1028.0,1037.0,1028.0,1035.0,25700,0.0,0.0
2024-07-16 14:00:00+09:00,1034.0,1034.0,1028.0,1029.0,30000,0.0,0.0
2024-07-17 09:00:00+09:00,1040.0,1050.0,1040.0,1041.0,33000,0.0,0.0
2024-07-17 10:00:00+09:00,1041.0,1045.0,1040.0,1044.0,16300,0.0,0.0
2024-07-17 11:00:00+09:00,1044.0,1046.0,1042.0,1043.0,0,0.0,0.0
2024-07-17 12:00:00+09:00,1043.0,1043.0,1039.0,1040.0,68000,0.0,0.0
2024-07-17 13:00:00+09:00,1041.0,1042.0,1039.0,1039.0,7800,0.0,0.0
2024-07-17 14:00:00+09:00,1040.0,1044.0,1040.0,1041.0,19400,0.0,0.0
2024-07-18 09:00:00+09:00,1034.0,1039.0,1034.0,1037.0,8100,0.0,0.0
2024-07-18 10:00:00+09:00,1038.0,1043.0,1037.0,1042.0,6300,0.0,0.0
2024-07-18 11:00:00+09:00,1042.0,1044.0,1040.0,1044.0,0,0.0,0.0
2024-07-18 12:00:00+09:00,1044.0,1046.0,1042.0,1043.0,25500,0.0,0.0
2024-07-18 13:00:00+09:00,1043.0,1045.0,1039.0,1039.0,10600,0.0,0.0
2024-07-18 14:00:00+09:00,1040.0,1040.0,1032.0,1032.0,10300,0.0,0.0
2024-07-19 09:00:00+09:00,1028.0,1031.0,1022.0,1022.0,13600,0.0,0.0
2024-07-19 10:00:00+09:00,1022.0,1023.0,1015.0,1015.0,7300,0.0,0.0
2024-07-19 11:00:00+09:00,1016.0,1020.0,1015.0,1015.0,0,0.0,0.0
2024-07-19 12:00:00+09:00,1015.0,1016.0,1014.0,1016.0,31700,0.0,0.0
2024-07-19 13:00:00+09:00,1018.0,1020.0,1018.0,1019.0,5300,0.0,0.0
2024-07-19 14:00:00+09:00,1021.0,1026.0,1018.0,1023.0,13600,0.0,0.0
2024-07-22 09:00:00+09:00,1041.0,1041.0,1017.0,1020.0,0,0.0,0.0
2024-07-22 10:00:00+09:00,1018.0,1028.0,1018.0,1022.0,12000,0.0,0.0
2024-07-22 11:00:00+09:00,1022.0,1029.0,1022.0,1025.0,0,0.0,0.0
2024-07-22 12:00:00+09:00,1024.0,1024.0,1019.0,1020.0,114800,0.0,0.0
2024-07-22 13:00:00+09:00,1020.0,1020.0,1013.0,1017.0,13300,0.0,0.0
2024-07-22 14:00:00+09:00,1017.0,1017.0,1013.0,1014.0,14500,0.0,0.0
2024-07-23 09:00:00+09:00,1033.0,1036.0,1027.0,1031.0,61300,0.0,0.0
2024-07-23 10:00:00+09:00,1030.0,1030.0,1026.0,1026.0,18600,0.0,0.0
2024-07-23 11:00:00+09:00,1026.0,1029.0,1026.0,1029.0,0,0.0,0.0
2024-07-23 12:00:00+09:00,1030.0,1030.0,1026.0,1029.0,90900,0.0,0.0
2024-07-23 13:00:00+09:00,1029.0,1032.0,1028.0,1032.0,8200,0.0,0.0
2024-07-23 14:00:00+09:00,1033.0,1037.0,1033.0,1035.0,16600,0.0,0.0
2024-07-24 09:00:00+09:00,1035.0,1035.0,1015.0,1016.0,40900,0.0,0.0
2024-07-24 10:00:00+09:00,1015.0,1017.0,1005.0,1006.0,27800,0.0,0.0
2024-07-24 11:00:00+09:00,1006.0,1008.0,1004.0,1008.0,0,0.0,0.0
2024-07-24 12:00:00+09:00,1003.0,1004.0,1000.0,1001.0,84500,0.0,0.0
2024-07-24 13:00:00+09:00,1001.0,1001.0,994.0,999.0,28900,0.0,0.0
2024-07-24 14:00:00+09:00,998.0,1002.0,998.0,999.0,29700,0.0,0.0
2024-07-25 09:00:00+09:00,987.0,989.0,973.0,976.0,40800,0.0,0.0
2024-07-25 10:00:00+09:00,978.0,978.0,972.0,975.0,12700,0.0,0.0
2024-07-25 11:00:00+09:00,975.0,984.0,974.0,982.0,0,0.0,0.0
2024-07-25 12:00:00+09:00,977.0,977.0,971.0,974.0,68800,0.0,0.0
2024-07-25 13:00:00+09:00,975.0,984.0,975.0,982.0,19300,0.0,0.0
2024-07-25 14:00:00+09:00,983.0,983.0,974.0,974.0,23400,0.0,0.0
2024-07-26 09:00:00+09:00,987.0,987.0,971.0,978.0,17300,0.0,0.0
2024-07-26 10:00:00+09:00,979.0,981.0,973.0,975.0,11600,0.0,0.0
2024-07-26 11:00:00+09:00,976.0,983.0,975.0,983.0,0,0.0,0.0
2024-07-26 12:00:00+09:00,982.0,983.0,980.0,981.0,41400,0.0,0.0
2024-07-26 13:00:00+09:00,980.0,983.0,978.0,981.0,14400,0.0,0.0
2024-07-26 14:00:00+09:00,982.0,983.0,976.0,976.0,17500,0.0,0.0
2024-07-29 09:00:00+09:00,998.0,1011.0,996.0,1011.0,0,0.0,0.0
2024-07-29 10:00:00+09:00,1011.0,1012.0,1002.0,1005.0,12200,0.0,0.0
2024-07-29 11:00:00+09:00,1005.0,1005.0,1003.0,1005.0,0,0.0,0.0
2024-07-29 12:00:00+09:00,1006.0,1008.0,1003.0,1005.0,47900,0.0,0.0
2024-07-29 13:00:00+09:00,1006.0,1010.0,1005.0,1007.0,13100,0.0,0.0
2024-07-29 14:00:00+09:00,1008.0,1010.0,1005.0,1007.0,19300,0.0,0.0
2024-07-30 09:00:00+09:00,995.0,999.0,994.0,997.0,16200,0.0,0.0
2024-07-30 10:00:00+09:00,997.0,997.0,992.0,992.0,15300,0.0,0.0
2024-07-30 11:00:00+09:00,993.0,995.0,993.0,995.0,0,0.0,0.0
2024-07-30 12:00:00+09:00,995.0,995.0,992.0,994.0,41000,0.0,0.0
2024-07-30 13:00:00+09:00,995.0,998.0,995.0,998.0,8200,0.0,0.0
2024-07-30 14:00:00+09:00,998.0,1000.0,996.0,998.0,18800,0.0,0.0
2024-07-31 09:00:00+09:00,997.0,1005.0,988.0,1005.0,20500,0.0,0.0
2024-07-31 10:00:00+09:00,1006.0,1009.0,1003.0,1006.0,7800,0.0,0.0
2024-07-31 11:00:00+09:00,1005.0,1010.0,1005.0,1010.0,0,0.0,0.0
2024-07-31 12:00:00+09:00,1011.0,1014.0,1005.0,1008.0,40500,0.0,0.0
2024-07-31 13:00:00+09:00,1009.0,1015.0,1009.0,1015.0,10600,0.0,0.0
2024-07-31 14:00:00+09:00,1015.0,1026.0,1013.0,1019.0,84700,0.0,0.0
2024-08-01 09:00:00+09:00,1021.0,1023.0,997.0,997.0,24300,0.0,0.0
2024-08-01 10:00:00+09:00,999.0,999.0,986.0,993.0,32900,0.0,0.0
2024-08-01 11:00:00+09:00,993.0,998.0,988.0,994.0,0,0.0,0.0
2024-08-01 12:00:00+09:00,994.0,995.0,988.0,991.0,88400,0.0,0.0
2024-08-01 13:00:00+09:00,991.0,992.0,988.0,989.0,17900,0.0,0.0
2024-08-01 14:00:00+09:00,991.0,992.0,988.0,992.0,21800,0.0,0.0
2024-08-02 09:00:00+09:00,948.0,948.0,923.0,931.0,90200,0.0,0.0
2024-08-02 10:00:00+09:00,932.0,945.0,929.0,943.0,27300,0.0,0.0
2024-08-02 11:00:00+09:00,943.0,944.0,941.0,943.0,0,0.0,0.0
2024-08-02 12:00:00+09:00,941.0,942.0,935.0,937.0,152600,0.0,0.0
2024-08-02 13:00:00+09:00,938.0,939.0,935.0,939.0,30100,0.0,0.0
2024-08-02 14:00:00+09:00,939.0,939.0,924.0,924.0,54700,0.0,0.0
2024-08-05 09:00:00+09:00,851.0,861.0,830.0,854.0,104100,0.0,0.0
2024-08-05 10:00:00+09:00,853.0,858.0,843.0,855.0,45200,0.0,0.0
2024-08-05 11:00:00+09:00,857.0,867.0,853.0,865.0,0,0.0,0.0
2024-08-05 12:00:00+09:00,860.0,860.0,848.0,849.0,198400,0.0,0.0
2024-08-05 13:00:00+09:00,848.0,850.0,827.0,827.0,70100,0.0,0.0
2024-08-05 14:00:00+09:00,827.0,827.0,798.0,803.0,59400,0.0,0.0
2024-08-06 09:00:00+09:00,859.0,935.0,859.0,935.0,63400,0.0,0.0
2024-08-06 10:00:00+09:00,933.0,933.0,895.0,908.0,43800,0.0,0.0
2024-08-06 11:00:00+09:00,909.0,918.0,905.0,918.0,0,0.0,0.0
2024-08-06 12:00:00+09:00,920.0,931.0,918.0,926.0,146500,0.0,0.0
2024-08-06 13:00:00+09:00,924.0,925.0,897.0,898.0,38700,0.0,0.0
2024-08-06 14:00:00+09:00,898.0,920.0,894.0,915.0,49300,0.0,0.0
2024-08-07 09:00:00+09:00,885.0,899.0,871.0,890.0,71900,0.0,0.0
2024-08-07 10:00:00+09:00,889.0,915.0,880.0,913.0,29700,0.0,0.0
2024-08-07 11:00:00+09:00,912.0,912.0,906.0,910.0,0,0.0,0.0
2024-08-07 12:00:00+09:00,892.0,913.0,892.0,904.0,148200,0.0,0.0
2024-08-07 13:00:00+09:00,904.0,912.0,902.0,910.0,24900,0.0,0.0
2024-08-07 14:00:00+09:00,910.0,914.0,891.0,892.0,56200,0.0,0.0
2024-08-08 09:00:00+09:00,884.0,908.0,881.0,895.0,51000,0.0,0.0
2024-08-08 10:00:00+09:00,894.0,900.0,893.0,899.0,22300,0.0,0.0
2024-08-08 11:00:00+09:00,898.0,908.0,897.0,907.0,0,0.0,0.0
2024-08-08 12:00:00+09:00,905.0,915.0,904.0,904.0,94100,0.0,0.0
2024-08-08 13:00:00+09:00,905.0,907.0,899.0,902.0,28600,0.0,0.0
2024-08-08 14:00:00+09:00,903.0,906.0,894.0,894.0,31100,0.0,0.0
2024-08-09 09:00:00+09:00,912.0,923.0,899.0,918.0,77100,0.0,0.0
2024-08-09 10:00:00+09:00,917.0,919.0,910.0,916.0,18100,0.0,0.0
2024-08-09 11:00:00+09:00,917.0,917.0,907.0,907.0,0,0.0,0.0
2024-08-09 12:00:00+09:00,906.0,912.0,902.0,903.0,119000,0.0,0.0
2024-08-09 13:00:00+09:00,903.0,903.0,887.0,888.0,37900,0.0,0.0
2024-08-09 14:00:00+09:00,889.0,910.0,888.0,903.0,48400,0.0,0.0
2024-08-13 09:00:00+09:00,859.0,889.0,847.0,889.0,85200,0.0,0.0
2024-08-13 10:00:00+09:00,886.0,886.0,868.0,869.0,51500,0.0,0.0
2024-08-13 11:00:00+09:00,868.0,877.0,867.0,876.0,0,0.0,0.0
2024-08-13 12:00:00+09:00,873.0,879.0,868.0,871.0,171600,0.0,0.0
2024-08-13 13:00:00+09:00,872.0,883.0,872.0,880.0,21100,0.0,0.0
2024-08-13 14:00:00+09:00,879.0,881.0,875.0,878.0,31800,0.0,0.0
2024-08-14 09:00:00+09:00,896.0,897.0,877.0,895.0,92500,0.0,0.0
2024-08-14 10:00:00+09:00,896.0,896.0,889.0,895.0,18000,0.0,0.0
2024-08-14 11:00:00+09:00,895.0,895.0,889.0,890.0,0,0.0,0.0
2024-08-14 12:00:00+09:00,892.0,899.0,892.0,896.0,131800,0.0,0.0
2024-08-14 13:00:00+09:00,895.0,896.0,889.0,891.0,13600,0.0,0.0
2024-08-14 14:00:00+09:00,891.0,896.0,889.0,894.0,23300,0.0,0.0
2024-08-15 09:00:00+09:00,907.0,907.0,898.0,905.0,23200,0.0,0.0
2024-08-15 10:00:00+09:00,906.0,909.0,902.0,907.0,10900,0.0,0.0
2024-08-15 11:00:00+09:00,908.0,912.0,908.0,910.0,0,0.0,0.0
2024-08-15 12:00:00+09:00,911.0,913.0,908.0,908.0,46000,0.0,0.0
2024-08-15 13:00:00+09:00,908.0,909.0,903.0,904.0,10300,0.0,0.0
2024-08-15 14:00:00+09:00,904.0,906.0,902.0,904.0,16600,0.0,0.0
2024-08-16 09:00:00+09:00,918.0,918.0,907.0,910.0,13100,0.0,0.0
2024-08-16 10:00:00+09:00,911.0,917.0,909.0,914.0,8700,0.0,0.0
2024-08-16 11:00:00+09:00,915.0,915.0,910.0,910.0,0,0.0,0.0
2024-08-16 12:00:00+09:00,911.0,917.0,911.0,917.0,30700,0.0,0.0
2024-08-16 13:00:00+09:00,916.0,917.0,909.0,911.0,8800,0.0,0.0
2024-08-16 14:00:00+09:00,912.0,916.0,911.0,915.0,13100,0.0,0.0
2024-08-19 09:00:00+09:00,913.0,913.0,905.0,909.0,15600,0.0,0.0
2024-08-19 10:00:00+09:00,908.0,908.0,904.0,907.0,12100,0.0,0.0
2024-08-19 11:00:00+09:00,908.0,908.0,906.0,907.0,0,0.0,0.0
2024-08-19 12:00:00+09:00,907.0,910.0,898.0,900.0,53300,0.0,0.0
2024-08-19 13:00:00+09:00,899.0,904.0,896.0,899.0,16500,0.0,0.0
2024-08-19 14:00:00+09:00,899.0,901.0,893.0,894.0,22300,0.0,0.0
2024-08-20 09:00:00+09:00,911.0,917.0,905.0,909.0,36500,0.0,0.0
2024-08-20 10:00:00+09:00,910.0,916.0,907.0,914.0,8900,0.0,0.0
2024-08-20 11:00:00+09:00,916.0,917.0,915.0,916.0,0,0.0,0.0
2024-08-20 12:00:00+09:00,921.0,921.0,913.0,913.0,69700,0.0,0.0
2024-08-20 13:00:00+09:00,913.0,915.0,911.0,912.0,11000,0.0,0.0
2024-08-20 14:00:00+09:00,913.0,917.0,912.0,915.0,12500,0.0,0.0
2024-08-21 09:00:00+09:00,905.0,912.0,902.0,912.0,22900,0.0,0.0
2024-08-21 10:00:00+09:00,912.0,915.0,906.0,906.0,15300,0.0,0.0
2024-08-21 11:00:00+09:00,906.0,906.0,902.0,905.0,0,0.0,0.0
2024-08-21 12:00:00+09:00,908.0,909.0,906.0,908.0,60000,0.0,0.0
2024-08-21 13:00:00+09:00,907.0,907.0,905.0,906.0,9600,0.0,0.0
2024-08-21 14:00:00+09:00,906.0,908.0,904.0,905.0,12100,0.0,0.0
2024-08-22 09:00:00+09:00,916.0,916.0,899.0,901.0,28400,0.0,0.0
2024-08-22 10:00:00+09:00,900.0,902.0,899.0,901.0,7000,0.0,0.0
2024-08-22 11:00:00+09:00,900.0,902.0,899.0,902.0,0,0.0,0.0
2024-08-22 12:00:00+09:00,900.0,900.0,893.0,896.0,63400,0.0,0.0
2024-08-22 13:00:00+09:00,897.0,900.0,896.0,898.0,8600,0.0,0.0
2024-08-22 14:00:00+09:00,899.0,900.0,896.0,899.0,16000,0.0,0.0
2024-08-23 09:00:00+09:00,908.0,917.0,905.0,916.0,29400,0.0,0.0
2024-08-23 10:00:00+09:00,915.0,916.0,911.0,911.0,6500,0.0,0.0
2024-08-23 11:00:00+09:00,912.0,914.0,911.0,913.0,0,0.0,0.0
2024-08-23 12:00:00+09:00,915.0,917.0,914.0,917.0,51900,0.0,0.0
2024-08-23 13:00:00+09:00,918.0,918.0,915.0,916.0,9600,0.0,0.0
2024-08-23 14:00:00+09:00,916.0,916.0,911.0,913.0,9800,0.0,0.0
2024-08-26 09:00:00+09:00,915.0,919.0,908.0,918.0,25600,0.0,0.0
2024-08-26 10:00:00+09:00,919.0,919.0,912.0,912.0,11500,0.0,0.0
2024-08-26 11:00:00+09:00,911.0,913.0,907.0,907.0,0,0.0,0.0
2024-08-26 12:00:00+09:00,907.0,911.0,907.0,909.0,57000,0.0,0.0
2024-08-26 13:00:00+09:00,910.0,910.0,906.0,907.0,9200,0.0,0.0
2024-08-26 14:00:00+09:00,908.0,914.0,907.0,910.0,14300,0.0,0.0
2024-08-27 09:00:00+09:00,920.0,930.0,916.0,929.0,18900,0.0,0.0
2024-08-27 10:00:00+09:00,930.0,938.0,930.0,934.0,17000,0.0,0.0
2024-08-27 11:00:00+09:00,934.0,935.0,931.0,933.0,0,0.0,0.0
2024-08-27 12:00:00+09:00,936.0,937.0,933.0,937.0,50600,0.0,0.0
2024-08-27 13:00:00+09:00,937.0,938.0,934.0,935.0,11000,0.0,0.0
2024-08-27 14:00:00+09:00,934.0,948.0,934.0,946.0,27100,0.0,0.0
2024-08-28 09:00:00+09:00,946.0,946.0,932.0,937.0,22100,0.0,0.0
2024-08-28 10:00:00+09:00,936.0,936.0,931.0,933.0,13000,0.0,0.0
2024-08-28 11:00:00+09:00,933.0,934.0,932.0,934.0,0,0.0,0.0
2024-08-28 12:00:00+09:00,931.0,934.0,931.0,934.0,42300,0.0,0.0
2024-08-28 13:00:00+09:00,934.0,940.0,934.0,937.0,10900,0.0,0.0
2024-08-28 14:00:00+09:00,937.0,938.0,933.0,936.0,15200,0.0,0.0
2024-08-29 09:00:00+09:00,942.0,948.0,935.0,941.0,17400,0.0,0.0
2024-08-29 10:00:00+09:00,939.0,941.0,935.0,936.0,12100,0.0,0.0
2024-08-29 11:00:00+09:00,936.0,936.0,932.0,932.0,0,0.0,0.0
2024-08-29 12:00:00+09:00,932.0,938.0,932.0,936.0,42300,0.0,0.0
2024-08-29 13:00:00+09:00,936.0,941.0,936.0,939.0,10400,0.0,0.0
2024-08-29 14:00:00+09:00,939.0,942.0,938.0,941.0,13100,0.0,0.0
2024-08-30 09:00:00+09:00,948.0,948.0,942.0,945.0,7200,0.0,0.0
2024-08-30 10:00:00+09:00,945.0,945.0,937.0,939.0,7600,0.0,0.0
2024-08-30 11:00:00+09:00,939.0,940.0,936.0,940.0,0,0.0,0.0
2024-08-30 12:00:00+09:00,939.0,939.0,936.0,937.0,28300,0.0,0.0
2024-08-30 13:00:00+09:00,938.0,938.0,934.0,934.0,5800,0.0,0.0
2024-08-30 14:00:00+09:00,933.0,938.0,932.0,934.0,14600,0.0,0.0
2024-09-02 09:00:00+09:00,940.0,940.0,928.0,933.0,16100,0.0,0.0
2024-09-02 10:00:00+09:00,935.0,937.0,931.0,934.0,10300,0.0,0.0
2024-09-02 11:00:00+09:00,933.0,933.0,930.0,932.0,0,0.0,0.0
2024-09-02 12:00:00+09:00,930.0,934.0,928.0,934.0,38100,0.0,0.0
2024-09-02 13:00:00+09:00,934.0,934.0,932.0,933.0,5200,0.0,0.0
2024-09-02 14:00:00+09:00,933.0,938.0,932.0,937.0,8400,0.0,0.0
2024-09-03 09:00:00+09:00,942.0,946.0,939.0,946.0,15500,0.0,0.0
2024-09-03 10:00:00+09:00,947.0,947.0,942.0,942.0,6000,0.0,0.0
2024-09-03 11:00:00+09:00,942.0,944.0,942.0,943.0,0,0.0,0.0
2024-09-03 12:00:00+09:00,940.0,942.0,939.0,941.0,26000,0.0,0.0
2024-09-03 13:00:00+09:00,942.0,943.0,940.0,941.0,4200,0.0,0.0
2024-09-03 14:00:00+09:00,940.0,943.0,938.0,942.0,7400,0.0,0.0
2024-09-04 09:00:00+09:00,927.0,928.0,913.0,916.0,34900,0.0,0.0
2024-09-04 10:00:00+09:00,917.0,920.0,915.0,918.0,11200,0.0,0.0
2024-09-04 11:00:00+09:00,918.0,920.0,915.0,920.0,0,0.0,0.0
2024-09-04 12:00:00+09:00,920.0,920.0,914.0,914.0,58600,0.0,0.0
2024-09-04 13:00:00+09:00,914.0,917.0,914.0,916.0,7000,0.0,0.0
2024-09-04 14:00:00+09:00,916.0,917.0,911.0,917.0,26200,0.0,0.0
2024-09-05 09:00:00+09:00,913.0,923.0,911.0,919.0,14200,0.0,0.0
2024-09-05 10:00:00+09:00,920.0,929.0,920.0,924.0,8200,0.0,0.0
2024-09-05 11:00:00+09:00,925.0,928.0,923.0,928.0,0,0.0,0.0
2024-09-05 12:00:00+09:00,926.0,926.0,920.0,920.0,30700,0.0,0.0
2024-09-05 13:00:00+09:00,920.0,922.0,917.0,920.0,10900,0.0,0.0
2024-09-05 14:00:00+09:00,920.0,925.0,917.0,925.0,16600,0.0,0.0
2024-09-06 09:00:00+09:00,931.0,935.0,920.0,922.0,22900,0.0,0.0
2024-09-06 10:00:00+09:00,921.0,928.0,919.0,925.0,12400,0.0,0.0
2024-09-06 11:00:00+09:00,925.0,927.0,925.0,927.0,0,0.0,0.0
2024-09-06 12:00:00+09:00,929.0,929.0,921.0,921.0,56300,0.0,0.0
2024-09-06 13:00:00+09:00,921.0,921.0,918.0,920.0,20200,0.0,0.0
2024-09-06 14:00:00+09:00,919.0,923.0,916.0,921.0,24500,0.0,0.0
