Datetime,Open,High,Low,Close,Volume,Dividends,Stock Splits
2022-09-08 09:00:00+09:00,604.0,606.0,601.0,603.0,21000,0.0,0.0
2022-09-08 10:00:00+09:00,604.0,607.0,604.0,607.0,15900,0.0,0.0
2022-09-08 11:00:00+09:00,606.0,608.0,606.0,608.0,0,0.0,0.0
2022-09-08 12:00:00+09:00,609.0,609.0,607.0,608.0,52100,0.0,0.0
2022-09-08 13:00:00+09:00,608.0,609.0,608.0,608.0,10400,0.0,0.0
2022-09-08 14:00:00+09:00,609.0,609.0,599.0,605.0,96300,0.0,0.0
2022-09-09 09:00:00+09:00,604.0,613.0,603.0,613.0,67400,0.0,0.0
2022-09-09 10:00:00+09:00,613.0,613.0,611.0,611.0,8600,0.0,0.0
2022-09-09 11:00:00+09:00,612.0,613.0,611.0,613.0,0,0.0,0.0
2022-09-09 12:00:00+09:00,614.0,615.0,613.0,615.0,96900,0.0,0.0
2022-09-09 13:00:00+09:00,615.0,616.0,614.0,615.0,0,0.0,0.0
2022-09-09 14:00:00+09:00,615.0,617.0,614.0,616.0,131200,0.0,0.0
2022-09-12 09:00:00+09:00,617.0,618.0,615.0,616.0,0,0.0,0.0
2022-09-12 10:00:00+09:00,615.0,615.0,612.0,613.0,10600,0.0,0.0
2022-09-12 11:00:00+09:00,613.0,613.0,611.0,612.0,0,0.0,0.0
2022-09-12 12:00:00+09:00,613.0,615.0,613.0,614.0,60900,0.0,0.0
2022-09-12 13:00:00+09:00,614.0,614.0,613.0,614.0,5700,0.0,0.0
2022-09-12 14:00:00+09:00,614.0,614.0,612.0,613.0,9000,0.0,0.0
2022-09-13 09:00:00+09:00,613.0,617.0,613.0,616.0,13800,0.0,0.0
2022-09-13 10:00:00+09:00,617.0,618.0,616.0,617.0,9500,0.0,0.0
2022-09-13 11:00:00+09:00,617.0,617.0,616.0,617.0,0,0.0,0.0
2022-09-13 12:00:00+09:00,617.0,618.0,616.0,618.0,27100,0.0,0.0
2022-09-13 13:00:00+09:00,618.0,619.0,616.0,618.0,12200,0.0,0.0
2022-09-13 14:00:00+09:00,618.0,619.0,617.0,617.0,19000,0.0,0.0
2022-09-14 09:00:00+09:00,613.0,613.0,607.0,611.0,14300,0.0,0.0
2022-09-14 10:00:00+09:00,612.0,614.0,612.0,613.0,11100,0.0,0.0
2022-09-14 11:00:00+09:00,613.0,614.0,613.0,614.0,0,0.0,0.0
2022-09-14 12:00:00+09:00,614.0,615.0,612.0,613.0,37000,0.0,0.0
2022-09-14 13:00:00+09:00,613.0,615.0,611.0,615.0,13600,0.0,0.0
2022-09-14 14:00:00+09:00,615.0,615.0,612.0,612.0,18900,0.0,0.0
2022-09-15 09:00:00+09:00,614.0,618.0,613.0,615.0,16600,0.0,0.0
2022-09-15 10:00:00+09:00,615.0,615.0,613.0,615.0,11200,0.0,0.0
2022-09-15 11:00:00+09:00,615.0,616.0,615.0,616.0,0,0.0,0.0
2022-09-15 12:00:00+09:00,616.0,616.0,615.0,615.0,35000,0.0,0.0
2022-09-15 13:00:00+09:00,614.0,616.0,614.0,616.0,12700,0.0,0.0
2022-09-15 14:00:00+09:00,616.0,616.0,614.0,614.0,11500,0.0,0.0
2022-09-16 09:00:00+09:00,612.0,616.0,612.0,615.0,13600,0.0,0.0
2022-09-16 10:00:00+09:00,615.0,617.0,615.0,616.0,14400,0.0,0.0
2022-09-16 11:00:00+09:00,617.0,619.0,617.0,619.0,0,0.0,0.0
2022-09-16 12:00:00+09:00,619.0,619.0,618.0,618.0,45400,0.0,0.0
2022-09-16 13:00:00+09:00,617.0,618.0,616.0,616.0,10600,0.0,0.0
2022-09-16 14:00:00+09:00,616.0,618.0,616.0,618.0,9500,0.0,0.0
2022-09-20 09:00:00+09:00,618.0,625.0,617.0,619.0,52800,0.0,0.0
2022-09-20 10:00:00+09:00,619.0,622.0,618.0,621.0,18000,0.0,0.0
2022-09-20 11:00:00+09:00,620.0,621.0,619.0,619.0,0,0.0,0.0
2022-09-20 12:00:00+09:00,620.0,621.0,620.0,620.0,75600,0.0,0.0
2022-09-20 13:00:00+09:00,620.0,621.0,619.0,620.0,15500,0.0,0.0
2022-09-20 14:00:00+09:00,621.0,621.0,619.0,620.0,12000,0.0,0.0
2022-09-21 09:00:00+09:00,614.0,619.0,613.0,617.0,15900,0.0,0.0
2022-09-21 10:00:00+09:00,617.0,617.0,613.0,615.0,15800,0.0,0.0
2022-09-21 11:00:00+09:00,616.0,616.0,616.0,616.0,0,0.0,0.0
2022-09-21 12:00:00+09:00,615.0,617.0,615.0,617.0,42100,0.0,0.0
2022-09-21 13:00:00+09:00,617.0,618.0,615.0,616.0,11000,0.0,0.0
2022-09-21 14:00:00+09:00,617.0,618.0,616.0,617.0,21400,0.0,0.0
2022-09-22 09:00:00+09:00,613.0,616.0,610.0,615.0,16000,0.0,0.0
2022-09-22 10:00:00+09:00,616.0,616.0,616.0,616.0,3300,0.0,0.0
2022-09-22 11:00:00+09:00,616.0,616.0,613.0,615.0,0,0.0,0.0
2022-09-22 12:00:00+09:00,615.0,616.0,615.0,616.0,35700,0.0,0.0
2022-09-22 13:00:00+09:00,616.0,618.0,615.0,615.0,11000,0.0,0.0
2022-09-22 14:00:00+09:00,616.0,617.0,614.0,616.0,21700,0.0,0.0
2022-09-26 09:00:00+09:00,626.0,626.0,615.0,617.0,0,0.0,0.0
2022-09-26 10:00:00+09:00,617.0,620.0,617.0,619.0,11900,0.0,0.0
2022-09-26 11:00:00+09:00,619.0,619.0,617.0,618.0,0,0.0,0.0
2022-09-26 12:00:00+09:00,616.0,618.0,616.0,618.0,95600,0.0,0.0
2022-09-26 13:00:00+09:00,618.0,618.0,615.0,615.0,12900,0.0,0.0
2022-09-26 14:00:00+09:00,616.0,619.0,615.0,618.0,34900,0.0,0.0
2022-09-27 09:00:00+09:00,618.0,622.0,616.0,622.0,21200,0.0,0.0
2022-09-27 10:00:00+09:00,623.0,623.0,621.0,622.0,7300,0.0,0.0
2022-09-27 11:00:00+09:00,622.0,622.0,621.0,622.0,0,0.0,0.0
2022-09-27 12:00:00+09:00,622.0,624.0,621.0,624.0,43200,0.0,0.0
2022-09-27 13:00:00+09:00,624.0,624.0,620.0,620.0,13300,0.0,0.0
2022-09-27 14:00:00+09:00,620.0,621.0,618.0,619.0,18200,0.0,0.0
2022-09-28 09:00:00+09:00,615.0,619.0,613.0,618.0,16400,0.0,0.0
2022-09-28 10:00:00+09:00,618.0,618.0,616.0,616.0,14400,0.0,0.0
2022-09-28 11:00:00+09:00,616.0,618.0,616.0,617.0,0,0.0,0.0
2022-09-28 12:00:00+09:00,614.0,617.0,614.0,617.0,52400,0.0,0.0
2022-09-28 13:00:00+09:00,618.0,619.0,616.0,616.0,15600,0.0,0.0
2022-09-28 14:00:00+09:00,616.0,623.0,614.0,623.0,29500,0.0,0.0
2022-09-29 09:00:00+09:00,626.0,628.0,625.0,627.0,26900,0.0,0.0
2022-09-29 10:00:00+09:00,627.0,630.0,626.0,628.0,18900,0.0,0.0
2022-09-29 11:00:00+09:00,628.0,630.0,628.0,628.0,0,0.0,0.0
2022-09-29 12:00:00+09:00,628.0,630.0,628.0,629.0,88200,0.0,0.0
2022-09-29 13:00:00+09:00,630.0,633.0,629.0,632.0,14500,0.0,0.0
2022-09-29 14:00:00+09:00,632.0,632.0,629.0,630.0,31200,0.0,0.0
2022-09-30 09:00:00+09:00,629.0,633.0,628.0,631.0,23400,0.0,0.0
2022-09-30 10:00:00+09:00,631.0,634.0,631.0,632.0,14100,0.0,0.0
2022-09-30 11:00:00+09:00,631.0,633.0,630.0,631.0,0,0.0,0.0
2022-09-30 12:00:00+09:00,630.0,630.0,627.0,628.0,64300,0.0,0.0
2022-09-30 13:00:00+09:00,628.0,629.0,626.0,628.0,16400,0.0,0.0
2022-09-30 14:00:00+09:00,629.0,629.0,627.0,628.0,17300,0.0,0.0
2022-10-03 09:00:00+09:00,624.0,624.0,616.0,618.0,27800,0.0,0.0
2022-10-03 10:00:00+09:00,618.0,623.0,617.0,622.0,17100,0.0,0.0
2022-10-03 11:00:00+09:00,623.0,623.0,621.0,621.0,0,0.0,0.0
2022-10-03 12:00:00+09:00,621.0,621.0,621.0,621.0,49800,0.0,0.0
2022-10-03 13:00:00+09:00,621.0,621.0,619.0,621.0,10300,0.0,0.0
2022-10-03 14:00:00+09:00,620.0,622.0,620.0,622.0,21100,0.0,0.0
2022-10-04 09:00:00+09:00,629.0,639.0,629.0,638.0,62200,0.0,0.0
2022-10-04 10:00:00+09:00,637.0,637.0,635.0,637.0,13100,0.0,0.0
2022-10-04 11:00:00+09:00,637.0,638.0,636.0,638.0,0,0.0,0.0
2022-10-04 12:00:00+09:00,639.0,640.0,639.0,639.0,91000,0.0,0.0
2022-10-04 13:00:00+09:00,640.0,641.0,639.0,640.0,28400,0.0,0.0
2022-10-04 14:00:00+09:00,641.0,642.0,639.0,639.0,39300,0.0,0.0
2022-10-05 09:00:00+09:00,644.0,644.0,637.0,639.0,37000,0.0,0.0
2022-10-05 10:00:00+09:00,638.0,638.0,635.0,636.0,21300,0.0,0.0
2022-10-05 11:00:00+09:00,636.0,637.0,635.0,636.0,0,0.0,0.0
2022-10-05 12:00:00+09:00,636.0,636.0,633.0,634.0,74200,0.0,0.0
2022-10-05 13:00:00+09:00,634.0,635.0,633.0,633.0,13800,0.0,0.0
2022-10-05 14:00:00+09:00,635.0,635.0,632.0,632.0,20300,0.0,0.0
2022-10-06 09:00:00+09:00,634.0,642.0,632.0,642.0,39700,0.0,0.0
2022-10-06 10:00:00+09:00,641.0,642.0,640.0,642.0,14600,0.0,0.0
2022-10-06 11:00:00+09:00,642.0,642.0,638.0,638.0,0,0.0,0.0
2022-10-06 12:00:00+09:00,641.0,641.0,639.0,639.0,70900,0.0,0.0
2022-10-06 13:00:00+09:00,639.0,640.0,638.0,639.0,7000,0.0,0.0
2022-10-06 14:00:00+09:00,639.0,640.0,638.0,638.0,9900,0.0,0.0
2022-10-07 09:00:00+09:00,632.0,636.0,630.0,635.0,0,0.0,0.0
2022-10-07 10:00:00+09:00,635.0,637.0,635.0,637.0,54800,0.0,0.0
2022-10-07 11:00:00+09:00,637.0,637.0,636.0,636.0,0,0.0,0.0
2022-10-07 12:00:00+09:00,636.0,637.0,634.0,636.0,65200,0.0,0.0
2022-10-07 13:00:00+09:00,636.0,636.0,634.0,635.0,6400,0.0,0.0
2022-10-07 14:00:00+09:00,636.0,636.0,634.0,635.0,14000,0.0,0.0
2022-10-11 09:00:00+09:00,634.0,636.0,631.0,631.0,0,0.0,0.0
2022-10-11 10:00:00+09:00,631.0,633.0,630.0,630.0,16800,0.0,0.0
2022-10-11 11:00:00+09:00,629.0,630.0,628.0,628.0,0,0.0,0.0
2022-10-11 12:00:00+09:00,628.0,629.0,627.0,627.0,61100,0.0,0.0
2022-10-11 13:00:00+09:00,627.0,627.0,625.0,627.0,13400,0.0,0.0
2022-10-11 14:00:00+09:00,626.0,631.0,626.0,630.0,26200,0.0,0.0
2022-10-12 09:00:00+09:00,636.0,636.0,629.0,633.0,24700,0.0,0.0
2022-10-12 10:00:00+09:00,633.0,634.0,632.0,634.0,9600,0.0,0.0
2022-10-12 11:00:00+09:00,634.0,635.0,634.0,635.0,0,0.0,0.0
2022-10-12 12:00:00+09:00,635.0,636.0,633.0,634.0,41900,0.0,0.0
2022-10-12 13:00:00+09:00,634.0,636.0,633.0,634.0,15600,0.0,0.0
2022-10-12 14:00:00+09:00,633.0,635.0,633.0,633.0,15900,0.0,0.0
2022-10-13 09:00:00+09:00,630.0,631.0,626.0,631.0,28200,0.0,0.0
2022-10-13 10:00:00+09:00,631.0,631.0,629.0,629.0,12500,0.0,0.0
2022-10-13 11:00:00+09:00,629.0,631.0,628.0,631.0,0,0.0,0.0
2022-10-13 12:00:00+09:00,631.0,632.0,630.0,630.0,49900,0.0,0.0
2022-10-13 13:00:00+09:00,630.0,631.0,626.0,628.0,20200,0.0,0.0
2022-10-13 14:00:00+09:00,629.0,629.0,627.0,627.0,17300,0.0,0.0
2022-10-14 09:00:00+09:00,635.0,637.0,631.0,636.0,29800,0.0,0.0
2022-10-14 10:00:00+09:00,637.0,637.0,633.0,637.0,12200,0.0,0.0
2022-10-14 11:00:00+09:00,637.0,638.0,637.0,638.0,0,0.0,0.0
2022-10-14 12:00:00+09:00,635.0,638.0,635.0,637.0,63100,0.0,0.0
2022-10-14 13:00:00+09:00,637.0,638.0,636.0,638.0,10700,0.0,0.0
2022-10-14 14:00:00+09:00,637.0,639.0,636.0,636.0,19000,0.0,0.0
2022-10-17 09:00:00+09:00,637.0,643.0,635.0,636.0,52200,0.0,0.0
2022-10-17 10:00:00+09:00,636.0,637.0,631.0,633.0,24400,0.0,0.0
2022-10-17 11:00:00+09:00,633.0,633.0,632.0,633.0,0,0.0,0.0
2022-10-17 12:00:00+09:00,634.0,634.0,630.0,631.0,94100,0.0,0.0
2022-10-17 13:00:00+09:00,630.0,631.0,629.0,631.0,13900,0.0,0.0
2022-10-17 14:00:00+09:00,631.0,632.0,629.0,632.0,30100,0.0,0.0
2022-10-18 09:00:00+09:00,601.0,612.0,587.0,593.0,316900,0.0,0.0
2022-10-18 10:00:00+09:00,593.0,596.0,589.0,589.0,69700,0.0,0.0
2022-10-18 11:00:00+09:00,590.0,592.0,589.0,591.0,0,0.0,0.0
2022-10-18 12:00:00+09:00,591.0,592.0,590.0,590.0,465100,0.0,0.0
2022-10-18 13:00:00+09:00,590.0,591.0,588.0,589.0,94100,0.0,0.0
2022-10-18 14:00:00+09:00,589.0,593.0,587.0,589.0,144600,0.0,0.0
2022-10-19 09:00:00+09:00,591.0,591.0,580.0,591.0,108600,0.0,0.0
2022-10-19 10:00:00+09:00,590.0,590.0,587.0,589.0,22000,0.0,0.0
2022-10-19 11:00:00+09:00,588.0,588.0,585.0,585.0,0,0.0,0.0
2022-10-19 12:00:00+09:00,586.0,590.0,586.0,590.0,159800,0.0,0.0
2022-10-19 13:00:00+09:00,590.0,590.0,587.0,589.0,21000,0.0,0.0
2022-10-19 14:00:00+09:00,589.0,589.0,587.0,588.0,20100,0.0,0.0
2022-10-20 09:00:00+09:00,585.0,590.0,584.0,586.0,47700,0.0,0.0
2022-10-20 10:00:00+09:00,586.0,587.0,582.0,582.0,37600,0.0,0.0
2022-10-20 11:00:00+09:00,582.0,582.0,579.0,580.0,0,0.0,0.0
2022-10-20 12:00:00+09:00,581.0,581.0,579.0,579.0,133200,0.0,0.0
2022-10-20 13:00:00+09:00,579.0,581.0,579.0,580.0,32600,0.0,0.0
2022-10-20 14:00:00+09:00,580.0,583.0,580.0,583.0,35200,0.0,0.0
2022-10-21 09:00:00+09:00,580.0,584.0,579.0,581.0,25200,0.0,0.0
2022-10-21 10:00:00+09:00,579.0,581.0,577.0,581.0,32900,0.0,0.0
2022-10-21 11:00:00+09:00,581.0,581.0,579.0,581.0,0,0.0,0.0
2022-10-21 12:00:00+09:00,582.0,583.0,580.0,582.0,87800,0.0,0.0
2022-10-21 13:00:00+09:00,581.0,581.0,580.0,581.0,21200,0.0,0.0
2022-10-21 14:00:00+09:00,581.0,581.0,577.0,580.0,47000,0.0,0.0
2022-10-24 09:00:00+09:00,584.0,585.0,578.0,580.0,20400,0.0,0.0
2022-10-24 10:00:00+09:00,581.0,583.0,580.0,582.0,21200,0.0,0.0
2022-10-24 11:00:00+09:00,581.0,582.0,581.0,581.0,0,0.0,0.0
2022-10-24 12:00:00+09:00,581.0,582.0,580.0,581.0,69100,0.0,0.0
2022-10-24 13:00:00+09:00,580.0,580.0,577.0,579.0,28100,0.0,0.0
2022-10-24 14:00:00+09:00,578.0,579.0,576.0,576.0,27700,0.0,0.0
2022-10-25 09:00:00+09:00,580.0,580.0,572.0,574.0,74700,0.0,0.0
2022-10-25 10:00:00+09:00,574.0,576.0,573.0,575.0,17100,0.0,0.0
2022-10-25 11:00:00+09:00,575.0,576.0,574.0,575.0,0,0.0,0.0
2022-10-25 12:00:00+09:00,575.0,576.0,575.0,576.0,113000,0.0,0.0
2022-10-25 13:00:00+09:00,575.0,576.0,573.0,574.0,28500,0.0,0.0
2022-10-25 14:00:00+09:00,575.0,575.0,573.0,573.0,27000,0.0,0.0
2022-10-26 09:00:00+09:00,575.0,578.0,574.0,578.0,38200,0.0,0.0
2022-10-26 10:00:00+09:00,578.0,578.0,577.0,578.0,12900,0.0,0.0
2022-10-26 11:00:00+09:00,577.0,578.0,576.0,578.0,0,0.0,0.0
2022-10-26 12:00:00+09:00,578.0,578.0,576.0,577.0,64200,0.0,0.0
2022-10-26 13:00:00+09:00,577.0,577.0,576.0,577.0,11700,0.0,0.0
2022-10-26 14:00:00+09:00,577.0,577.0,574.0,575.0,29600,0.0,0.0
2022-10-27 09:00:00+09:00,575.0,576.0,570.0,572.0,31800,0.0,0.0
2022-10-27 10:00:00+09:00,572.0,574.0,572.0,572.0,13900,0.0,0.0
2022-10-27 11:00:00+09:00,573.0,573.0,571.0,571.0,0,0.0,0.0
2022-10-27 12:00:00+09:00,571.0,572.0,570.0,572.0,66500,0.0,0.0
2022-10-27 13:00:00+09:00,572.0,572.0,571.0,571.0,6400,0.0,0.0
2022-10-27 14:00:00+09:00,571.0,572.0,570.0,571.0,12400,0.0,0.0
2022-10-28 09:00:00+09:00,569.0,573.0,568.0,572.0,56700,0.0,0.0
2022-10-28 10:00:00+09:00,572.0,574.0,571.0,574.0,15700,0.0,0.0
2022-10-28 11:00:00+09:00,574.0,576.0,573.0,573.0,0,0.0,0.0
2022-10-28 12:00:00+09:00,574.0,574.0,572.0,572.0,103700,0.0,0.0
2022-10-28 13:00:00+09:00,573.0,575.0,572.0,575.0,22000,0.0,0.0
2022-10-28 14:00:00+09:00,575.0,576.0,571.0,571.0,50000,0.0,0.0
2022-10-31 09:00:00+09:00,581.0,581.0,573.0,577.0,0,0.0,0.0
2022-10-31 10:00:00+09:00,576.0,577.0,575.0,575.0,9400,0.0,0.0
2022-10-31 11:00:00+09:00,574.0,575.0,573.0,574.0,0,0.0,0.0
2022-10-31 12:00:00+09:00,578.0,578.0,574.0,575.0,52500,0.0,0.0
2022-10-31 13:00:00+09:00,575.0,577.0,573.0,574.0,18000,0.0,0.0
2022-10-31 14:00:00+09:00,574.0,576.0,573.0,575.0,29600,0.0,0.0
2022-11-01 09:00:00+09:00,575.0,578.0,572.0,573.0,22100,0.0,0.0
2022-11-01 10:00:00+09:00,573.0,575.0,571.0,574.0,29500,0.0,0.0
2022-11-01 11:00:00+09:00,574.0,575.0,574.0,575.0,0,0.0,0.0
2022-11-01 12:00:00+09:00,575.0,575.0,574.0,575.0,59000,0.0,0.0
2022-11-01 13:00:00+09:00,574.0,575.0,574.0,574.0,6600,0.0,0.0
2022-11-01 14:00:00+09:00,575.0,576.0,573.0,573.0,20800,0.0,0.0
2022-11-02 09:00:00+09:00,574.0,577.0,572.0,576.0,19600,0.0,0.0
2022-11-02 10:00:00+09:00,576.0,579.0,576.0,576.0,19700,0.0,0.0
2022-11-02 11:00:00+09:00,576.0,578.0,575.0,575.0,0,0.0,0.0
2022-11-02 12:00:00+09:00,575.0,576.0,575.0,576.0,59300,0.0,0.0
2022-11-02 13:00:00+09:00,576.0,576.0,574.0,576.0,14700,0.0,0.0
2022-11-02 14:00:00+09:00,575.0,575.0,571.0,571.0,49800,0.0,0.0
2022-11-04 09:00:00+09:00,570.0,573.0,570.0,571.0,0,0.0,0.0
2022-11-04 10:00:00+09:00,571.0,572.0,570.0,571.0,28900,0.0,0.0
2022-11-04 11:00:00+09:00,571.0,573.0,571.0,571.0,0,0.0,0.0
2022-11-04 12:00:00+09:00,572.0,572.0,569.0,570.0,95100,0.0,0.0
2022-11-04 13:00:00+09:00,570.0,570.0,566.0,568.0,58600,0.0,0.0
2022-11-04 14:00:00+09:00,569.0,571.0,569.0,570.0,30100,0.0,0.0
2022-11-07 09:00:00+09:00,573.0,575.0,573.0,573.0,0,0.0,0.0
2022-11-07 10:00:00+09:00,574.0,574.0,572.0,574.0,12800,0.0,0.0
2022-11-07 11:00:00+09:00,574.0,575.0,574.0,574.0,0,0.0,0.0
2022-11-07 12:00:00+09:00,575.0,575.0,574.0,574.0,29900,0.0,0.0
2022-11-07 13:00:00+09:00,575.0,576.0,574.0,575.0,16200,0.0,0.0
2022-11-07 14:00:00+09:00,575.0,576.0,574.0,576.0,13100,0.0,0.0
2022-11-08 09:00:00+09:00,576.0,579.0,575.0,578.0,18100,0.0,0.0
2022-11-08 10:00:00+09:00,578.0,579.0,577.0,578.0,8800,0.0,0.0
2022-11-08 11:00:00+09:00,578.0,578.0,578.0,578.0,0,0.0,0.0
2022-11-08 12:00:00+09:00,579.0,579.0,578.0,578.0,37100,0.0,0.0
2022-11-08 13:00:00+09:00,578.0,579.0,577.0,579.0,11700,0.0,0.0
2022-11-08 14:00:00+09:00,579.0,581.0,579.0,580.0,24200,0.0,0.0
2022-11-09 09:00:00+09:00,579.0,583.0,579.0,582.0,25400,0.0,0.0
2022-11-09 10:00:00+09:00,581.0,583.0,581.0,581.0,4200,0.0,0.0
2022-11-09 11:00:00+09:00,582.0,583.0,581.0,581.0,0,0.0,0.0
2022-11-09 12:00:00+09:00,581.0,582.0,581.0,582.0,36700,0.0,0.0
2022-11-09 13:00:00+09:00,582.0,583.0,581.0,581.0,13400,0.0,0.0
2022-11-09 14:00:00+09:00,581.0,581.0,579.0,579.0,14000,0.0,0.0
2022-11-10 09:00:00+09:00,578.0,578.0,575.0,576.0,41400,0.0,0.0
2022-11-10 10:00:00+09:00,575.0,580.0,575.0,580.0,8200,0.0,0.0
2022-11-10 11:00:00+09:00,580.0,580.0,579.0,580.0,0,0.0,0.0
2022-11-10 12:00:00+09:00,580.0,581.0,580.0,581.0,57300,0.0,0.0
2022-11-10 13:00:00+09:00,582.0,582.0,580.0,582.0,7400,0.0,0.0
2022-11-10 14:00:00+09:00,581.0,582.0,580.0,581.0,16800,0.0,0.0
2022-11-11 09:00:00+09:00,586.0,587.0,581.0,583.0,45300,0.0,0.0
2022-11-11 10:00:00+09:00,583.0,584.0,581.0,583.0,13500,0.0,0.0
2022-11-11 11:00:00+09:00,583.0,585.0,582.0,584.0,0,0.0,0.0
2022-11-11 12:00:00+09:00,582.0,583.0,580.0,581.0,73900,0.0,0.0
2022-11-11 13:00:00+09:00,581.0,581.0,579.0,581.0,30800,0.0,0.0
2022-11-11 14:00:00+09:00,580.0,583.0,580.0,582.0,27900,0.0,0.0
2022-11-14 09:00:00+09:00,581.0,581.0,576.0,576.0,45700,0.0,0.0
2022-11-14 10:00:00+09:00,577.0,579.0,577.0,577.0,14200,0.0,0.0
2022-11-14 11:00:00+09:00,577.0,577.0,576.0,576.0,0,0.0,0.0
2022-11-14 12:00:00+09:00,576.0,576.0,575.0,575.0,97800,0.0,0.0
2022-11-14 13:00:00+09:00,575.0,576.0,574.0,576.0,5000,0.0,0.0
2022-11-14 14:00:00+09:00,576.0,576.0,573.0,573.0,25000,0.0,0.0
2022-11-15 09:00:00+09:00,573.0,575.0,571.0,574.0,19000,0.0,0.0
2022-11-15 10:00:00+09:00,574.0,575.0,572.0,573.0,9100,0.0,0.0
2022-11-15 11:00:00+09:00,573.0,573.0,572.0,573.0,0,0.0,0.0
2022-11-15 12:00:00+09:00,573.0,573.0,571.0,572.0,50800,0.0,0.0
2022-11-15 13:00:00+09:00,572.0,574.0,572.0,573.0,12600,0.0,0.0
2022-11-15 14:00:00+09:00,574.0,574.0,570.0,570.0,27100,0.0,0.0
2022-11-16 09:00:00+09:00,571.0,571.0,569.0,570.0,0,0.0,0.0
2022-11-16 10:00:00+09:00,570.0,571.0,569.0,570.0,28100,0.0,0.0
2022-11-16 11:00:00+09:00,570.0,571.0,570.0,571.0,0,0.0,0.0
2022-11-16 12:00:00+09:00,572.0,572.0,571.0,571.0,39700,0.0,0.0
2022-11-16 13:00:00+09:00,572.0,572.0,571.0,572.0,4700,0.0,0.0
2022-11-16 14:00:00+09:00,572.0,573.0,571.0,573.0,23800,0.0,0.0
2022-11-17 09:00:00+09:00,572.0,577.0,572.0,573.0,26800,0.0,0.0
2022-11-17 10:00:00+09:00,574.0,577.0,574.0,577.0,8100,0.0,0.0
2022-11-17 11:00:00+09:00,577.0,577.0,576.0,576.0,0,0.0,0.0
2022-11-17 12:00:00+09:00,576.0,577.0,576.0,577.0,46200,0.0,0.0
2022-11-17 13:00:00+09:00,576.0,577.0,576.0,577.0,12100,0.0,0.0
2022-11-17 14:00:00+09:00,577.0,577.0,574.0,575.0,18100,0.0,0.0
2022-11-18 09:00:00+09:00,580.0,580.0,576.0,577.0,25300,0.0,0.0
2022-11-18 10:00:00+09:00,578.0,578.0,577.0,578.0,9500,0.0,0.0
2022-11-18 11:00:00+09:00,578.0,578.0,578.0,578.0,0,0.0,0.0
2022-11-18 12:00:00+09:00,578.0,578.0,577.0,577.0,43700,0.0,0.0
2022-11-18 13:00:00+09:00,578.0,578.0,576.0,577.0,5500,0.0,0.0
2022-11-18 14:00:00+09:00,576.0,578.0,576.0,576.0,19800,0.0,0.0
2022-11-21 09:00:00+09:00,577.0,580.0,577.0,579.0,0,0.0,0.0
2022-11-21 10:00:00+09:00,579.0,580.0,578.0,579.0,5800,0.0,0.0
2022-11-21 11:00:00+09:00,578.0,579.0,578.0,579.0,0,0.0,0.0
2022-11-21 12:00:00+09:00,579.0,579.0,578.0,579.0,49000,0.0,0.0
2022-11-21 13:00:00+09:00,579.0,579.0,578.0,579.0,10200,0.0,0.0
2022-11-21 14:00:00+09:00,579.0,580.0,578.0,579.0,19700,0.0,0.0
2022-11-22 09:00:00+09:00,583.0,585.0,580.0,583.0,72600,0.0,0.0
2022-11-22 10:00:00+09:00,582.0,587.0,582.0,587.0,45400,0.0,0.0
2022-11-22 11:00:00+09:00,587.0,587.0,585.0,586.0,0,0.0,0.0
2022-11-22 12:00:00+09:00,586.0,586.0,585.0,585.0,136900,0.0,0.0
2022-11-22 13:00:00+09:00,585.0,585.0,583.0,584.0,15000,0.0,0.0
2022-11-22 14:00:00+09:00,584.0,585.0,583.0,584.0,27100,0.0,0.0
2022-11-24 09:00:00+09:00,587.0,589.0,584.0,587.0,37700,0.0,0.0
2022-11-24 10:00:00+09:00,588.0,589.0,587.0,587.0,16600,0.0,0.0
2022-11-24 11:00:00+09:00,588.0,589.0,588.0,589.0,0,0.0,0.0
2022-11-24 12:00:00+09:00,590.0,590.0,588.0,588.0,80900,0.0,0.0
2022-11-24 13:00:00+09:00,588.0,589.0,588.0,589.0,5100,0.0,0.0
2022-11-24 14:00:00+09:00,589.0,590.0,588.0,589.0,33900,0.0,0.0
2022-11-25 09:00:00+09:00,591.0,591.0,585.0,587.0,48900,0.0,0.0
2022-11-25 10:00:00+09:00,587.0,587.0,583.0,586.0,48200,0.0,0.0
2022-11-25 11:00:00+09:00,587.0,587.0,585.0,586.0,0,0.0,0.0
2022-11-25 12:00:00+09:00,586.0,589.0,586.0,589.0,117700,0.0,0.0
2022-11-25 13:00:00+09:00,587.0,589.0,585.0,586.0,20500,0.0,0.0
2022-11-25 14:00:00+09:00,586.0,589.0,586.0,589.0,17100,0.0,0.0
2022-11-28 09:00:00+09:00,587.0,588.0,583.0,583.0,118700,0.0,0.0
2022-11-28 10:00:00+09:00,583.0,585.0,581.0,582.0,43500,0.0,0.0
2022-11-28 11:00:00+09:00,582.0,584.0,582.0,583.0,0,0.0,0.0
2022-11-28 12:00:00+09:00,586.0,587.0,584.0,585.0,273900,0.0,0.0
2022-11-28 13:00:00+09:00,586.0,587.0,584.0,586.0,20900,0.0,0.0
2022-11-28 14:00:00+09:00,585.0,586.0,582.0,583.0,77500,0.0,0.0
2022-11-29 09:00:00+09:00,574.0,579.0,571.0,576.0,117600,0.0,0.0
2022-11-29 10:00:00+09:00,576.0,577.0,575.0,576.0,27100,0.0,0.0
2022-11-29 11:00:00+09:00,575.0,575.0,575.0,575.0,0,0.0,0.0
2022-11-29 12:00:00+09:00,574.0,575.0,572.0,573.0,182800,0.0,0.0
2022-11-29 13:00:00+09:00,573.0,574.0,573.0,573.0,10600,0.0,0.0
2022-11-29 14:00:00+09:00,573.0,575.0,572.0,575.0,38800,0.0,0.0
2022-11-30 09:00:00+09:00,575.0,577.0,573.0,573.0,64200,0.0,0.0
2022-11-30 10:00:00+09:00,574.0,574.0,571.0,572.0,25200,0.0,0.0
2022-11-30 11:00:00+09:00,573.0,573.0,573.0,573.0,0,0.0,0.0
2022-11-30 12:00:00+09:00,573.0,573.0,572.0,572.0,96500,0.0,0.0
2022-11-30 13:00:00+09:00,571.0,573.0,570.0,572.0,17500,0.0,0.0
2022-11-30 14:00:00+09:00,572.0,573.0,571.0,572.0,47300,0.0,0.0
2022-12-01 09:00:00+09:00,574.0,574.0,570.0,570.0,33600,0.0,0.0
2022-12-01 10:00:00+09:00,570.0,570.0,567.0,567.0,29300,0.0,0.0
2022-12-01 11:00:00+09:00,567.0,567.0,566.0,566.0,0,0.0,0.0
2022-12-01 12:00:00+09:00,568.0,569.0,567.0,567.0,90900,0.0,0.0
2022-12-01 13:00:00+09:00,568.0,568.0,566.0,567.0,15200,0.0,0.0
2022-12-01 14:00:00+09:00,566.0,567.0,565.0,567.0,22900,0.0,0.0
2022-12-02 09:00:00+09:00,565.0,565.0,555.0,556.0,90100,0.0,0.0
2022-12-02 10:00:00+09:00,556.0,557.0,554.0,555.0,27200,0.0,0.0
2022-12-02 11:00:00+09:00,555.0,555.0,554.0,554.0,0,0.0,0.0
2022-12-02 12:00:00+09:00,554.0,558.0,554.0,558.0,129400,0.0,0.0
2022-12-02 13:00:00+09:00,558.0,559.0,557.0,558.0,8300,0.0,0.0
2022-12-02 14:00:00+09:00,558.0,559.0,557.0,558.0,16400,0.0,0.0
2022-12-05 09:00:00+09:00,558.0,559.0,554.0,557.0,25100,0.0,0.0
2022-12-05 10:00:00+09:00,557.0,557.0,555.0,556.0,9600,0.0,0.0
2022-12-05 11:00:00+09:00,556.0,556.0,555.0,555.0,0,0.0,0.0
2022-12-05 12:00:00+09:00,555.0,556.0,553.0,556.0,52200,0.0,0.0
2022-12-05 13:00:00+09:00,556.0,556.0,555.0,556.0,9400,0.0,0.0
2022-12-05 14:00:00+09:00,556.0,557.0,555.0,555.0,10700,0.0,0.0
2022-12-06 09:00:00+09:00,555.0,557.0,554.0,555.0,18700,0.0,0.0
2022-12-06 10:00:00+09:00,555.0,556.0,554.0,555.0,5800,0.0,0.0
2022-12-06 11:00:00+09:00,556.0,556.0,554.0,556.0,0,0.0,0.0
2022-12-06 12:00:00+09:00,556.0,557.0,556.0,557.0,32300,0.0,0.0
2022-12-06 13:00:00+09:00,557.0,557.0,555.0,556.0,10400,0.0,0.0
2022-12-06 14:00:00+09:00,557.0,557.0,556.0,557.0,10900,0.0,0.0
2022-12-07 09:00:00+09:00,556.0,564.0,556.0,564.0,28400,0.0,0.0
2022-12-07 10:00:00+09:00,564.0,565.0,563.0,563.0,17000,0.0,0.0
2022-12-07 11:00:00+09:00,564.0,565.0,563.0,565.0,0,0.0,0.0
2022-12-07 12:00:00+09:00,565.0,565.0,565.0,565.0,50100,0.0,0.0
2022-12-07 13:00:00+09:00,565.0,565.0,564.0,565.0,2600,0.0,0.0
2022-12-07 14:00:00+09:00,565.0,565.0,563.0,563.0,13900,0.0,0.0
2022-12-08 09:00:00+09:00,564.0,564.0,560.0,561.0,18400,0.0,0.0
2022-12-08 10:00:00+09:00,561.0,563.0,561.0,562.0,3800,0.0,0.0
2022-12-08 11:00:00+09:00,563.0,563.0,562.0,563.0,0,0.0,0.0
2022-12-08 12:00:00+09:00,563.0,564.0,563.0,564.0,28600,0.0,0.0
2022-12-08 13:00:00+09:00,564.0,565.0,564.0,565.0,3500,0.0,0.0
2022-12-08 14:00:00+09:00,565.0,565.0,562.0,565.0,16600,0.0,0.0
2022-12-09 09:00:00+09:00,562.0,568.0,562.0,568.0,24400,0.0,0.0
2022-12-09 10:00:00+09:00,567.0,568.0,567.0,568.0,2600,0.0,0.0
2022-12-09 11:00:00+09:00,567.0,570.0,567.0,570.0,0,0.0,0.0
2022-12-09 12:00:00+09:00,570.0,570.0,567.0,567.0,42500,0.0,0.0
2022-12-09 13:00:00+09:00,568.0,568.0,565.0,566.0,7000,0.0,0.0
2022-12-09 14:00:00+09:00,566.0,570.0,565.0,567.0,21900,0.0,0.0
2022-12-12 09:00:00+09:00,566.0,567.0,563.0,567.0,0,0.0,0.0
2022-12-12 10:00:00+09:00,567.0,568.0,566.0,567.0,3000,0.0,0.0
2022-12-12 11:00:00+09:00,566.0,566.0,566.0,566.0,0,0.0,0.0
2022-12-12 12:00:00+09:00,566.0,567.0,565.0,566.0,25500,0.0,0.0
2022-12-12 13:00:00+09:00,566.0,566.0,565.0,565.0,6700,0.0,0.0
2022-12-12 14:00:00+09:00,566.0,566.0,564.0,564.0,6300,0.0,0.0
2022-12-13 09:00:00+09:00,568.0,570.0,567.0,568.0,11900,0.0,0.0
2022-12-13 10:00:00+09:00,569.0,570.0,568.0,569.0,18300,0.0,0.0
2022-12-13 11:00:00+09:00,569.0,570.0,569.0,570.0,0,0.0,0.0
2022-12-13 12:00:00+09:00,570.0,570.0,568.0,570.0,35200,0.0,0.0
2022-12-13 13:00:00+09:00,570.0,570.0,570.0,570.0,6100,0.0,0.0
2022-12-13 14:00:00+09:00,569.0,571.0,569.0,570.0,12500,0.0,0.0
2022-12-14 09:00:00+09:00,570.0,571.0,567.0,570.0,21300,0.0,0.0
2022-12-14 10:00:00+09:00,571.0,571.0,570.0,571.0,2800,0.0,0.0
2022-12-14 11:00:00+09:00,571.0,571.0,571.0,571.0,0,0.0,0.0
2022-12-14 12:00:00+09:00,571.0,571.0,570.0,571.0,28200,0.0,0.0
2022-12-14 13:00:00+09:00,571.0,571.0,570.0,571.0,6700,0.0,0.0
2022-12-14 14:00:00+09:00,571.0,572.0,571.0,571.0,15600,0.0,0.0
2022-12-15 09:00:00+09:00,572.0,574.0,571.0,574.0,74300,0.0,0.0
2022-12-15 10:00:00+09:00,573.0,573.0,573.0,573.0,1100,0.0,0.0
2022-12-15 11:00:00+09:00,573.0,574.0,573.0,574.0,0,0.0,0.0
2022-12-15 12:00:00+09:00,575.0,575.0,574.0,575.0,81500,0.0,0.0
2022-12-15 13:00:00+09:00,575.0,575.0,574.0,575.0,3300,0.0,0.0
2022-12-15 14:00:00+09:00,575.0,575.0,573.0,574.0,14100,0.0,0.0
2022-12-16 09:00:00+09:00,570.0,573.0,570.0,573.0,8000,0.0,0.0
2022-12-16 10:00:00+09:00,574.0,575.0,574.0,575.0,3400,0.0,0.0
2022-12-16 11:00:00+09:00,575.0,575.0,574.0,574.0,0,0.0,0.0
2022-12-16 12:00:00+09:00,572.0,575.0,572.0,572.0,16400,0.0,0.0
2022-12-16 13:00:00+09:00,573.0,573.0,570.0,571.0,6600,0.0,0.0
2022-12-16 14:00:00+09:00,570.0,571.0,569.0,571.0,15900,0.0,0.0
2022-12-19 09:00:00+09:00,568.0,572.0,568.0,571.0,21400,0.0,0.0
2022-12-19 10:00:00+09:00,571.0,572.0,571.0,572.0,4700,0.0,0.0
2022-12-19 11:00:00+09:00,572.0,572.0,570.0,572.0,0,0.0,0.0
2022-12-19 12:00:00+09:00,574.0,574.0,570.0,570.0,49800,0.0,0.0
2022-12-19 13:00:00+09:00,570.0,570.0,569.0,569.0,5900,0.0,0.0
2022-12-19 14:00:00+09:00,570.0,570.0,568.0,569.0,16300,0.0,0.0
2022-12-20 09:00:00+09:00,570.0,574.0,569.0,573.0,11200,0.0,0.0
2022-12-20 10:00:00+09:00,574.0,574.0,571.0,573.0,12300,0.0,0.0
2022-12-20 11:00:00+09:00,574.0,574.0,572.0,572.0,0,0.0,0.0
2022-12-20 12:00:00+09:00,567.0,570.0,564.0,564.0,57600,0.0,0.0
2022-12-20 13:00:00+09:00,564.0,565.0,562.0,564.0,22300,0.0,0.0
2022-12-20 14:00:00+09:00,563.0,565.0,561.0,563.0,26900,0.0,0.0
2022-12-21 09:00:00+09:00,564.0,566.0,560.0,560.0,43300,0.0,0.0
2022-12-21 10:00:00+09:00,560.0,563.0,560.0,561.0,12600,0.0,0.0
2022-12-21 11:00:00+09:00,562.0,563.0,561.0,563.0,0,0.0,0.0
2022-12-21 12:00:00+09:00,563.0,563.0,556.0,557.0,79500,0.0,0.0
2022-12-21 13:00:00+09:00,557.0,557.0,555.0,556.0,20500,0.0,0.0
2022-12-21 14:00:00+09:00,556.0,557.0,555.0,556.0,14800,0.0,0.0
2022-12-22 09:00:00+09:00,560.0,564.0,558.0,564.0,33600,0.0,0.0
2022-12-22 10:00:00+09:00,563.0,563.0,561.0,562.0,7500,0.0,0.0
2022-12-22 11:00:00+09:00,561.0,563.0,561.0,563.0,0,0.0,0.0
2022-12-22 12:00:00+09:00,561.0,562.0,561.0,562.0,58500,0.0,0.0
2022-12-22 13:00:00+09:00,562.0,564.0,561.0,563.0,12100,0.0,0.0
2022-12-22 14:00:00+09:00,563.0,565.0,561.0,562.0,43700,0.0,0.0
2022-12-23 09:00:00+09:00,560.0,563.0,559.0,563.0,15400,0.0,0.0
2022-12-23 10:00:00+09:00,564.0,564.0,563.0,564.0,3400,0.0,0.0
2022-12-23 11:00:00+09:00,564.0,565.0,564.0,565.0,0,0.0,0.0
2022-12-23 12:00:00+09:00,565.0,565.0,564.0,565.0,24900,0.0,0.0
2022-12-23 13:00:00+09:00,565.0,566.0,565.0,566.0,6700,0.0,0.0
2022-12-23 14:00:00+09:00,566.0,566.0,561.0,564.0,30700,0.0,0.0
2022-12-26 09:00:00+09:00,574.0,574.0,567.0,569.0,0,0.0,0.0
2022-12-26 10:00:00+09:00,568.0,568.0,568.0,568.0,4000,0.0,0.0
2022-12-26 11:00:00+09:00,568.0,568.0,568.0,568.0,0,0.0,0.0
2022-12-26 12:00:00+09:00,568.0,568.0,567.0,568.0,48200,0.0,0.0
2022-12-26 13:00:00+09:00,568.0,569.0,568.0,569.0,7800,0.0,0.0
2022-12-26 14:00:00+09:00,569.0,570.0,565.0,566.0,24600,0.0,0.0
2022-12-27 09:00:00+09:00,569.0,571.0,568.0,568.0,10000,0.0,0.0
2022-12-27 10:00:00+09:00,569.0,570.0,569.0,569.0,5900,0.0,0.0
2022-12-27 11:00:00+09:00,570.0,571.0,570.0,571.0,0,0.0,0.0
2022-12-27 12:00:00+09:00,570.0,571.0,570.0,570.0,28000,0.0,0.0
2022-12-27 13:00:00+09:00,571.0,572.0,571.0,572.0,6700,0.0,0.0
2022-12-27 14:00:00+09:00,572.0,573.0,570.0,572.0,26700,0.0,0.0
2022-12-28 09:00:00+09:00,570.0,571.0,569.0,571.0,15200,0.0,0.0
2022-12-28 10:00:00+09:00,571.0,571.0,569.0,571.0,4700,0.0,0.0
2022-12-28 11:00:00+09:00,571.0,571.0,569.0,570.0,0,0.0,0.0
2022-12-28 12:00:00+09:00,570.0,570.0,569.0,570.0,27400,0.0,0.0
2022-12-28 13:00:00+09:00,569.0,570.0,568.0,569.0,17400,0.0,0.0
2022-12-28 14:00:00+09:00,570.0,570.0,569.0,570.0,13400,0.0,0.0
2022-12-29 09:00:00+09:00,564.0,567.0,562.0,566.0,27300,0.0,0.0
2022-12-29 10:00:00+09:00,566.0,566.0,564.0,565.0,3900,0.0,0.0
2022-12-29 11:00:00+09:00,565.0,566.0,564.0,565.0,0,0.0,0.0
2022-12-29 12:00:00+09:00,565.0,568.0,565.0,566.0,41000,0.0,0.0
2022-12-29 13:00:00+09:00,567.0,570.0,566.0,570.0,12100,0.0,0.0
2022-12-29 14:00:00+09:00,570.0,572.0,569.0,571.0,14100,0.0,0.0
2022-12-30 09:00:00+09:00,574.0,576.0,572.0,574.0,12000,0.0,0.0
2022-12-30 10:00:00+09:00,574.0,575.0,574.0,574.0,3800,0.0,0.0
2022-12-30 11:00:00+09:00,575.0,576.0,575.0,576.0,0,0.0,0.0
2022-12-30 12:00:00+09:00,576.0,576.0,575.0,576.0,26400,0.0,0.0
2022-12-30 13:00:00+09:00,576.0,576.0,575.0,576.0,10400,0.0,0.0
2022-12-30 14:00:00+09:00,576.0,576.0,573.0,573.0,16800,0.0,0.0
2023-01-04 09:00:00+09:00,572.0,573.0,566.0,568.0,0,0.0,0.0
2023-01-04 10:00:00+09:00,569.0,570.0,569.0,569.0,5600,0.0,0.0
2023-01-04 11:00:00+09:00,569.0,569.0,568.0,569.0,0,0.0,0.0
2023-01-04 12:00:00+09:00,567.0,569.0,567.0,569.0,32500,0.0,0.0
2023-01-04 13:00:00+09:00,569.0,569.0,568.0,569.0,4700,0.0,0.0
2023-01-04 14:00:00+09:00,569.0,569.0,566.0,568.0,13400,0.0,0.0
2023-01-05 09:00:00+09:00,562.0,564.0,562.0,564.0,15600,0.0,0.0
2023-01-05 10:00:00+09:00,563.0,564.0,563.0,563.0,7800,0.0,0.0
2023-01-05 11:00:00+09:00,564.0,564.0,562.0,562.0,0,0.0,0.0
2023-01-05 12:00:00+09:00,562.0,563.0,561.0,562.0,37700,0.0,0.0
2023-01-05 13:00:00+09:00,561.0,562.0,561.0,562.0,14000,0.0,0.0
2023-01-05 14:00:00+09:00,562.0,563.0,562.0,562.0,6900,0.0,0.0
2023-01-06 09:00:00+09:00,559.0,561.0,556.0,556.0,30600,0.0,0.0
2023-01-06 10:00:00+09:00,556.0,556.0,554.0,556.0,15500,0.0,0.0
2023-01-06 11:00:00+09:00,555.0,555.0,554.0,555.0,0,0.0,0.0
2023-01-06 12:00:00+09:00,556.0,556.0,553.0,554.0,82400,0.0,0.0
2023-01-06 13:00:00+09:00,556.0,556.0,554.0,555.0,14900,0.0,0.0
2023-01-06 14:00:00+09:00,555.0,556.0,554.0,554.0,17900,0.0,0.0
2023-01-10 09:00:00+09:00,555.0,557.0,554.0,556.0,0,0.0,0.0
2023-01-10 10:00:00+09:00,555.0,555.0,554.0,555.0,5400,0.0,0.0
2023-01-10 11:00:00+09:00,555.0,555.0,554.0,555.0,0,0.0,0.0
2023-01-10 12:00:00+09:00,554.0,555.0,553.0,555.0,43400,0.0,0.0
2023-01-10 13:00:00+09:00,555.0,556.0,554.0,555.0,11000,0.0,0.0
2023-01-10 14:00:00+09:00,554.0,555.0,551.0,552.0,14800,0.0,0.0
2023-01-11 09:00:00+09:00,552.0,556.0,552.0,554.0,19400,0.0,0.0
2023-01-11 10:00:00+09:00,554.0,556.0,554.0,555.0,5800,0.0,0.0
2023-01-11 11:00:00+09:00,556.0,556.0,554.0,555.0,0,0.0,0.0
2023-01-11 12:00:00+09:00,554.0,554.0,552.0,553.0,35800,0.0,0.0
2023-01-11 13:00:00+09:00,553.0,553.0,552.0,553.0,11300,0.0,0.0
2023-01-11 14:00:00+09:00,552.0,553.0,551.0,552.0,15800,0.0,0.0
2023-01-12 09:00:00+09:00,551.0,554.0,551.0,553.0,16800,0.0,0.0
2023-01-12 10:00:00+09:00,552.0,553.0,552.0,553.0,7000,0.0,0.0
2023-01-12 11:00:00+09:00,554.0,554.0,553.0,554.0,0,0.0,0.0
2023-01-12 12:00:00+09:00,553.0,555.0,553.0,555.0,31700,0.0,0.0
2023-01-12 13:00:00+09:00,555.0,555.0,553.0,554.0,7900,0.0,0.0
2023-01-12 14:00:00+09:00,553.0,554.0,552.0,552.0,9500,0.0,0.0
2023-01-13 09:00:00+09:00,551.0,552.0,549.0,551.0,46300,0.0,0.0
2023-01-13 10:00:00+09:00,551.0,552.0,550.0,551.0,16100,0.0,0.0
2023-01-13 11:00:00+09:00,552.0,553.0,552.0,552.0,0,0.0,0.0
2023-01-13 12:00:00+09:00,550.0,552.0,549.0,550.0,83500,0.0,0.0
2023-01-13 13:00:00+09:00,549.0,550.0,548.0,549.0,10600,0.0,0.0
2023-01-13 14:00:00+09:00,549.0,549.0,546.0,547.0,21900,0.0,0.0
2023-01-16 09:00:00+09:00,547.0,549.0,546.0,549.0,0,0.0,0.0
2023-01-16 10:00:00+09:00,549.0,551.0,549.0,551.0,17800,0.0,0.0
2023-01-16 11:00:00+09:00,550.0,551.0,550.0,550.0,0,0.0,0.0
2023-01-16 12:00:00+09:00,551.0,551.0,549.0,550.0,49200,0.0,0.0
2023-01-16 13:00:00+09:00,550.0,550.0,548.0,549.0,10900,0.0,0.0
2023-01-16 14:00:00+09:00,548.0,549.0,546.0,546.0,37500,0.0,0.0
2023-01-17 09:00:00+09:00,545.0,545.0,537.0,543.0,87100,0.0,0.0
2023-01-17 10:00:00+09:00,544.0,548.0,544.0,546.0,20600,0.0,0.0
2023-01-17 11:00:00+09:00,546.0,547.0,544.0,545.0,0,0.0,0.0
2023-01-17 12:00:00+09:00,544.0,544.0,540.0,540.0,195500,0.0,0.0
2023-01-17 13:00:00+09:00,540.0,543.0,540.0,543.0,17700,0.0,0.0
2023-01-17 14:00:00+09:00,542.0,544.0,541.0,543.0,22600,0.0,0.0
2023-01-18 09:00:00+09:00,539.0,539.0,531.0,537.0,67600,0.0,0.0
2023-01-18 10:00:00+09:00,537.0,539.0,537.0,538.0,16000,0.0,0.0
2023-01-18 11:00:00+09:00,538.0,539.0,538.0,539.0,0,0.0,0.0
2023-01-18 12:00:00+09:00,543.0,543.0,539.0,539.0,113600,0.0,0.0
2023-01-18 13:00:00+09:00,539.0,539.0,537.0,538.0,23000,0.0,0.0
2023-01-18 14:00:00+09:00,539.0,540.0,538.0,539.0,26200,0.0,0.0
2023-01-19 09:00:00+09:00,537.0,538.0,534.0,536.0,87300,0.0,0.0
2023-01-19 10:00:00+09:00,536.0,536.0,535.0,536.0,9000,0.0,0.0
2023-01-19 11:00:00+09:00,536.0,536.0,534.0,535.0,0,0.0,0.0
2023-01-19 12:00:00+09:00,534.0,535.0,534.0,534.0,117400,0.0,0.0
2023-01-19 13:00:00+09:00,533.0,534.0,533.0,533.0,13200,0.0,0.0
2023-01-19 14:00:00+09:00,533.0,535.0,532.0,532.0,23300,0.0,0.0
2023-01-20 09:00:00+09:00,532.0,536.0,532.0,536.0,34200,0.0,0.0
2023-01-20 10:00:00+09:00,535.0,537.0,535.0,537.0,16500,0.0,0.0
2023-01-20 11:00:00+09:00,537.0,538.0,537.0,537.0,0,0.0,0.0
2023-01-20 12:00:00+09:00,537.0,539.0,537.0,539.0,65200,0.0,0.0
2023-01-20 13:00:00+09:00,539.0,539.0,534.0,536.0,45900,0.0,0.0
2023-01-20 14:00:00+09:00,537.0,538.0,536.0,538.0,25200,0.0,0.0
2023-01-23 09:00:00+09:00,539.0,542.0,538.0,540.0,46400,0.0,0.0
2023-01-23 10:00:00+09:00,539.0,542.0,539.0,541.0,9600,0.0,0.0
2023-01-23 11:00:00+09:00,541.0,541.0,539.0,539.0,0,0.0,0.0
2023-01-23 12:00:00+09:00,539.0,542.0,539.0,541.0,78800,0.0,0.0
2023-01-23 13:00:00+09:00,541.0,542.0,540.0,540.0,17200,0.0,0.0
2023-01-23 14:00:00+09:00,541.0,542.0,540.0,541.0,17600,0.0,0.0
2023-01-24 09:00:00+09:00,540.0,543.0,538.0,543.0,31800,0.0,0.0
2023-01-24 10:00:00+09:00,542.0,545.0,541.0,544.0,14000,0.0,0.0
2023-01-24 11:00:00+09:00,544.0,545.0,544.0,545.0,0,0.0,0.0
2023-01-24 12:00:00+09:00,545.0,546.0,545.0,545.0,60800,0.0,0.0
2023-01-24 13:00:00+09:00,545.0,548.0,545.0,548.0,22300,0.0,0.0
2023-01-24 14:00:00+09:00,548.0,548.0,546.0,547.0,34300,0.0,0.0
2023-01-25 09:00:00+09:00,548.0,548.0,546.0,548.0,43300,0.0,0.0
2023-01-25 10:00:00+09:00,549.0,549.0,547.0,547.0,10900,0.0,0.0
2023-01-25 11:00:00+09:00,547.0,548.0,547.0,548.0,0,0.0,0.0
2023-01-25 12:00:00+09:00,548.0,550.0,548.0,549.0,72000,0.0,0.0
2023-01-25 13:00:00+09:00,549.0,550.0,548.0,548.0,7500,0.0,0.0
2023-01-25 14:00:00+09:00,548.0,549.0,548.0,548.0,25400,0.0,0.0
2023-01-26 09:00:00+09:00,547.0,548.0,545.0,545.0,34200,0.0,0.0
2023-01-26 10:00:00+09:00,545.0,545.0,543.0,544.0,15000,0.0,0.0
2023-01-26 11:00:00+09:00,544.0,545.0,543.0,544.0,0,0.0,0.0
2023-01-26 12:00:00+09:00,544.0,544.0,542.0,544.0,63500,0.0,0.0
2023-01-26 13:00:00+09:00,543.0,545.0,543.0,545.0,11400,0.0,0.0
2023-01-26 14:00:00+09:00,544.0,545.0,543.0,544.0,11500,0.0,0.0
2023-01-27 09:00:00+09:00,544.0,549.0,544.0,548.0,26000,0.0,0.0
2023-01-27 10:00:00+09:00,549.0,549.0,546.0,547.0,7900,0.0,0.0
2023-01-27 11:00:00+09:00,548.0,548.0,547.0,548.0,0,0.0,0.0
2023-01-27 12:00:00+09:00,548.0,548.0,546.0,546.0,44300,0.0,0.0
2023-01-27 13:00:00+09:00,546.0,547.0,545.0,546.0,4900,0.0,0.0
2023-01-27 14:00:00+09:00,547.0,547.0,545.0,547.0,16900,0.0,0.0
2023-01-30 09:00:00+09:00,546.0,550.0,546.0,549.0,0,0.0,0.0
2023-01-30 10:00:00+09:00,549.0,552.0,549.0,552.0,12600,0.0,0.0
2023-01-30 11:00:00+09:00,552.0,552.0,551.0,551.0,0,0.0,0.0
2023-01-30 12:00:00+09:00,550.0,553.0,550.0,552.0,86500,0.0,0.0
2023-01-30 13:00:00+09:00,552.0,552.0,550.0,551.0,14900,0.0,0.0
2023-01-30 14:00:00+09:00,551.0,553.0,550.0,550.0,25300,0.0,0.0
2023-01-31 09:00:00+09:00,551.0,557.0,551.0,556.0,40900,0.0,0.0
2023-01-31 10:00:00+09:00,556.0,558.0,555.0,555.0,20400,0.0,0.0
2023-01-31 11:00:00+09:00,555.0,555.0,554.0,555.0,0,0.0,0.0
2023-01-31 12:00:00+09:00,555.0,555.0,554.0,554.0,72900,0.0,0.0
2023-01-31 13:00:00+09:00,554.0,556.0,554.0,555.0,13600,0.0,0.0
2023-01-31 14:00:00+09:00,555.0,556.0,554.0,556.0,20800,0.0,0.0
2023-02-01 09:00:00+09:00,557.0,559.0,555.0,556.0,37800,0.0,0.0
2023-02-01 10:00:00+09:00,555.0,556.0,554.0,555.0,15000,0.0,0.0
2023-02-01 11:00:00+09:00,555.0,555.0,553.0,554.0,0,0.0,0.0
2023-02-01 12:00:00+09:00,553.0,553.0,551.0,551.0,69700,0.0,0.0
2023-02-01 13:00:00+09:00,551.0,551.0,549.0,549.0,14100,0.0,0.0
2023-02-01 14:00:00+09:00,549.0,550.0,548.0,549.0,19500,0.0,0.0
2023-02-02 09:00:00+09:00,552.0,552.0,547.0,548.0,25700,0.0,0.0
2023-02-02 10:00:00+09:00,548.0,549.0,546.0,547.0,9300,0.0,0.0
2023-02-02 11:00:00+09:00,547.0,548.0,546.0,546.0,0,0.0,0.0
2023-02-02 12:00:00+09:00,547.0,547.0,546.0,546.0,45500,0.0,0.0
2023-02-02 13:00:00+09:00,546.0,547.0,544.0,545.0,17900,0.0,0.0
2023-02-02 14:00:00+09:00,545.0,546.0,543.0,543.0,15000,0.0,0.0
2023-02-03 09:00:00+09:00,542.0,544.0,541.0,541.0,30200,0.0,0.0
2023-02-03 10:00:00+09:00,541.0,542.0,540.0,542.0,19800,0.0,0.0
2023-02-03 11:00:00+09:00,541.0,542.0,541.0,541.0,0,0.0,0.0
2023-02-03 12:00:00+09:00,540.0,542.0,540.0,541.0,68800,0.0,0.0
2023-02-03 13:00:00+09:00,540.0,541.0,539.0,540.0,20300,0.0,0.0
2023-02-03 14:00:00+09:00,539.0,540.0,539.0,540.0,13900,0.0,0.0
2023-02-06 09:00:00+09:00,545.0,547.0,541.0,543.0,34200,0.0,0.0
2023-02-06 10:00:00+09:00,544.0,544.0,542.0,544.0,8400,0.0,0.0
2023-02-06 11:00:00+09:00,544.0,544.0,543.0,544.0,0,0.0,0.0
2023-02-06 12:00:00+09:00,543.0,544.0,543.0,544.0,47400,0.0,0.0
2023-02-06 13:00:00+09:00,544.0,544.0,542.0,542.0,7900,0.0,0.0
2023-02-06 14:00:00+09:00,542.0,544.0,542.0,543.0,27800,0.0,0.0
2023-02-07 09:00:00+09:00,545.0,548.0,544.0,546.0,0,0.0,0.0
2023-02-07 10:00:00+09:00,547.0,547.0,545.0,545.0,25100,0.0,0.0
2023-02-07 11:00:00+09:00,546.0,546.0,545.0,546.0,0,0.0,0.0
2023-02-07 12:00:00+09:00,546.0,547.0,545.0,546.0,32400,0.0,0.0
2023-02-07 13:00:00+09:00,546.0,546.0,543.0,544.0,14600,0.0,0.0
2023-02-07 14:00:00+09:00,544.0,545.0,544.0,544.0,8000,0.0,0.0
2023-02-08 09:00:00+09:00,543.0,546.0,542.0,544.0,24900,0.0,0.0
2023-02-08 10:00:00+09:00,544.0,544.0,542.0,544.0,14600,0.0,0.0
2023-02-08 11:00:00+09:00,545.0,545.0,544.0,545.0,0,0.0,0.0
2023-02-08 12:00:00+09:00,544.0,546.0,544.0,546.0,53100,0.0,0.0
2023-02-08 13:00:00+09:00,546.0,546.0,545.0,546.0,5200,0.0,0.0
2023-02-08 14:00:00+09:00,545.0,546.0,544.0,546.0,19700,0.0,0.0
2023-02-09 09:00:00+09:00,542.0,545.0,542.0,545.0,26500,0.0,0.0
2023-02-09 10:00:00+09:00,546.0,546.0,545.0,545.0,8300,0.0,0.0
2023-02-09 11:00:00+09:00,545.0,546.0,545.0,546.0,0,0.0,0.0
2023-02-09 12:00:00+09:00,545.0,546.0,545.0,546.0,47500,0.0,0.0
2023-02-09 13:00:00+09:00,547.0,548.0,546.0,548.0,8400,0.0,0.0
2023-02-09 14:00:00+09:00,547.0,548.0,546.0,548.0,16800,0.0,0.0
2023-02-10 09:00:00+09:00,543.0,548.0,542.0,548.0,25900,0.0,0.0
2023-02-10 10:00:00+09:00,548.0,548.0,547.0,548.0,9500,0.0,0.0
2023-02-10 11:00:00+09:00,548.0,548.0,547.0,548.0,0,0.0,0.0
2023-02-10 12:00:00+09:00,546.0,549.0,546.0,549.0,50100,0.0,0.0
2023-02-10 13:00:00+09:00,549.0,550.0,548.0,549.0,5900,0.0,0.0
2023-02-10 14:00:00+09:00,549.0,549.0,547.0,548.0,16800,0.0,0.0
2023-02-13 09:00:00+09:00,548.0,549.0,547.0,548.0,26900,0.0,0.0
2023-02-13 10:00:00+09:00,548.0,549.0,545.0,548.0,14800,0.0,0.0
2023-02-13 11:00:00+09:00,547.0,548.0,547.0,548.0,0,0.0,0.0
2023-02-13 12:00:00+09:00,548.0,551.0,548.0,551.0,62000,0.0,0.0
2023-02-13 13:00:00+09:00,551.0,551.0,549.0,549.0,8700,0.0,0.0
2023-02-13 14:00:00+09:00,549.0,549.0,547.0,547.0,13900,0.0,0.0
2023-02-14 09:00:00+09:00,553.0,556.0,553.0,555.0,35000,0.0,0.0
2023-02-14 10:00:00+09:00,555.0,555.0,552.0,553.0,7200,0.0,0.0
2023-02-14 11:00:00+09:00,553.0,553.0,551.0,551.0,0,0.0,0.0
2023-02-14 12:00:00+09:00,551.0,555.0,551.0,555.0,61300,0.0,0.0
2023-02-14 13:00:00+09:00,555.0,556.0,554.0,554.0,16000,0.0,0.0
2023-02-14 14:00:00+09:00,554.0,556.0,554.0,555.0,10500,0.0,0.0
2023-02-15 09:00:00+09:00,555.0,557.0,551.0,552.0,37200,0.0,0.0
2023-02-15 10:00:00+09:00,552.0,553.0,550.0,551.0,10400,0.0,0.0
2023-02-15 11:00:00+09:00,551.0,552.0,551.0,551.0,0,0.0,0.0
2023-02-15 12:00:00+09:00,550.0,553.0,550.0,553.0,68000,0.0,0.0
2023-02-15 13:00:00+09:00,553.0,555.0,552.0,554.0,13100,0.0,0.0
2023-02-15 14:00:00+09:00,554.0,554.0,552.0,552.0,10700,0.0,0.0
2023-02-16 09:00:00+09:00,553.0,556.0,551.0,554.0,40100,0.0,0.0
2023-02-16 10:00:00+09:00,553.0,554.0,552.0,552.0,7900,0.0,0.0
2023-02-16 11:00:00+09:00,553.0,554.0,552.0,554.0,0,0.0,0.0
2023-02-16 12:00:00+09:00,553.0,553.0,552.0,552.0,58900,0.0,0.0
2023-02-16 13:00:00+09:00,552.0,553.0,551.0,552.0,10600,0.0,0.0
2023-02-16 14:00:00+09:00,551.0,552.0,551.0,551.0,9700,0.0,0.0
2023-02-17 09:00:00+09:00,550.0,553.0,548.0,549.0,28400,0.0,0.0
2023-02-17 10:00:00+09:00,550.0,551.0,549.0,549.0,6800,0.0,0.0
2023-02-17 11:00:00+09:00,550.0,550.0,549.0,550.0,0,0.0,0.0
2023-02-17 12:00:00+09:00,549.0,551.0,549.0,550.0,56000,0.0,0.0
2023-02-17 13:00:00+09:00,551.0,551.0,550.0,550.0,4300,0.0,0.0
2023-02-17 14:00:00+09:00,550.0,551.0,549.0,549.0,21500,0.0,0.0
2023-02-20 09:00:00+09:00,551.0,552.0,550.0,552.0,17900,0.0,0.0
2023-02-20 10:00:00+09:00,552.0,554.0,551.0,554.0,8600,0.0,0.0
2023-02-20 11:00:00+09:00,554.0,554.0,553.0,553.0,0,0.0,0.0
2023-02-20 12:00:00+09:00,552.0,554.0,552.0,553.0,36200,0.0,0.0
2023-02-20 13:00:00+09:00,553.0,554.0,553.0,553.0,4300,0.0,0.0
2023-02-20 14:00:00+09:00,554.0,554.0,552.0,553.0,17200,0.0,0.0
2023-02-21 09:00:00+09:00,554.0,556.0,553.0,554.0,37200,0.0,0.0
2023-02-21 10:00:00+09:00,554.0,556.0,554.0,555.0,6300,0.0,0.0
2023-02-21 11:00:00+09:00,556.0,556.0,555.0,555.0,0,0.0,0.0
2023-02-21 12:00:00+09:00,555.0,556.0,555.0,555.0,49400,0.0,0.0
2023-02-21 13:00:00+09:00,555.0,557.0,555.0,556.0,7800,0.0,0.0
2023-02-21 14:00:00+09:00,557.0,558.0,556.0,556.0,13700,0.0,0.0
2023-02-22 09:00:00+09:00,553.0,555.0,552.0,553.0,27800,0.0,0.0
2023-02-22 10:00:00+09:00,553.0,553.0,552.0,552.0,6500,0.0,0.0
2023-02-22 11:00:00+09:00,552.0,553.0,552.0,552.0,0,0.0,0.0
2023-02-22 12:00:00+09:00,553.0,554.0,553.0,554.0,51300,0.0,0.0
2023-02-22 13:00:00+09:00,554.0,554.0,553.0,553.0,3800,0.0,0.0
2023-02-22 14:00:00+09:00,553.0,554.0,552.0,553.0,13600,0.0,0.0
2023-02-24 09:00:00+09:00,552.0,554.0,551.0,553.0,0,0.0,0.0
2023-02-24 10:00:00+09:00,554.0,555.0,554.0,554.0,51500,0.0,0.0
2023-02-24 11:00:00+09:00,554.0,555.0,554.0,555.0,0,0.0,0.0
2023-02-24 12:00:00+09:00,555.0,555.0,554.0,554.0,63500,0.0,0.0
2023-02-24 13:00:00+09:00,554.0,555.0,553.0,554.0,10200,0.0,0.0
2023-02-24 14:00:00+09:00,554.0,557.0,554.0,557.0,45400,0.0,0.0
2023-02-27 09:00:00+09:00,563.0,563.0,560.0,561.0,102400,0.0,0.0
2023-02-27 10:00:00+09:00,561.0,565.0,561.0,564.0,23200,0.0,0.0
2023-02-27 11:00:00+09:00,564.0,565.0,563.0,565.0,0,0.0,0.0
2023-02-27 12:00:00+09:00,565.0,567.0,565.0,567.0,159900,0.0,0.0
2023-02-27 13:00:00+09:00,567.0,567.0,564.0,565.0,11900,0.0,0.0
2023-02-27 14:00:00+09:00,565.0,567.0,565.0,567.0,20600,0.0,0.0
2023-02-28 09:00:00+09:00,565.0,566.0,561.0,561.0,27100,0.0,0.0
2023-02-28 10:00:00+09:00,561.0,564.0,561.0,562.0,14900,0.0,0.0
2023-02-28 11:00:00+09:00,561.0,563.0,561.0,563.0,0,0.0,0.0
2023-02-28 12:00:00+09:00,563.0,565.0,562.0,562.0,65100,0.0,0.0
2023-02-28 13:00:00+09:00,562.0,563.0,561.0,563.0,15800,0.0,0.0
2023-02-28 14:00:00+09:00,562.0,562.0,558.0,560.0,52200,0.0,0.0
2023-03-01 09:00:00+09:00,560.0,569.0,560.0,567.0,59800,0.0,0.0
2023-03-01 10:00:00+09:00,567.0,568.0,566.0,568.0,14100,0.0,0.0
2023-03-01 11:00:00+09:00,568.0,568.0,565.0,566.0,0,0.0,0.0
2023-03-01 12:00:00+09:00,567.0,567.0,565.0,565.0,90900,0.0,0.0
2023-03-01 13:00:00+09:00,565.0,566.0,564.0,565.0,11100,0.0,0.0
2023-03-01 14:00:00+09:00,565.0,566.0,564.0,565.0,21300,0.0,0.0
2023-03-02 09:00:00+09:00,563.0,568.0,563.0,567.0,22200,0.0,0.0
2023-03-02 10:00:00+09:00,567.0,567.0,564.0,565.0,17000,0.0,0.0
2023-03-02 11:00:00+09:00,566.0,566.0,564.0,564.0,0,0.0,0.0
2023-03-02 12:00:00+09:00,564.0,565.0,564.0,565.0,49600,0.0,0.0
2023-03-02 13:00:00+09:00,564.0,566.0,564.0,565.0,8700,0.0,0.0
2023-03-02 14:00:00+09:00,565.0,566.0,563.0,565.0,21700,0.0,0.0
2023-03-03 09:00:00+09:00,566.0,570.0,564.0,569.0,29700,0.0,0.0
2023-03-03 10:00:00+09:00,570.0,571.0,569.0,571.0,14300,0.0,0.0
2023-03-03 11:00:00+09:00,570.0,571.0,570.0,571.0,0,0.0,0.0
2023-03-03 12:00:00+09:00,572.0,572.0,570.0,570.0,66000,0.0,0.0
2023-03-03 13:00:00+09:00,570.0,572.0,570.0,570.0,15100,0.0,0.0
2023-03-03 14:00:00+09:00,571.0,572.0,569.0,570.0,27500,0.0,0.0
2023-03-06 09:00:00+09:00,579.0,580.0,576.0,578.0,74100,0.0,0.0
2023-03-06 10:00:00+09:00,578.0,580.0,577.0,580.0,15900,0.0,0.0
2023-03-06 11:00:00+09:00,579.0,580.0,578.0,580.0,0,0.0,0.0
2023-03-06 12:00:00+09:00,580.0,581.0,579.0,579.0,127200,0.0,0.0
2023-03-06 13:00:00+09:00,580.0,581.0,578.0,579.0,16500,0.0,0.0
2023-03-06 14:00:00+09:00,579.0,580.0,578.0,579.0,22800,0.0,0.0
2023-03-07 09:00:00+09:00,580.0,583.0,580.0,582.0,39400,0.0,0.0
2023-03-07 10:00:00+09:00,582.0,584.0,581.0,583.0,31000,0.0,0.0
2023-03-07 11:00:00+09:00,583.0,585.0,583.0,584.0,0,0.0,0.0
2023-03-07 12:00:00+09:00,585.0,586.0,582.0,585.0,112400,0.0,0.0
2023-03-07 13:00:00+09:00,585.0,586.0,584.0,585.0,14100,0.0,0.0
2023-03-07 14:00:00+09:00,585.0,586.0,584.0,586.0,41400,0.0,0.0
2023-03-08 09:00:00+09:00,592.0,594.0,590.0,591.0,66600,0.0,0.0
2023-03-08 10:00:00+09:00,590.0,592.0,589.0,591.0,30100,0.0,0.0
2023-03-08 11:00:00+09:00,591.0,594.0,591.0,594.0,0,0.0,0.0
2023-03-08 12:00:00+09:00,594.0,595.0,593.0,595.0,129200,0.0,0.0
2023-03-08 13:00:00+09:00,595.0,598.0,594.0,596.0,30600,0.0,0.0
2023-03-08 14:00:00+09:00,596.0,599.0,596.0,597.0,32900,0.0,0.0
2023-03-09 09:00:00+09:00,600.0,608.0,600.0,608.0,85700,0.0,0.0
2023-03-09 10:00:00+09:00,608.0,609.0,606.0,607.0,46400,0.0,0.0
2023-03-09 11:00:00+09:00,607.0,609.0,607.0,609.0,0,0.0,0.0
2023-03-09 12:00:00+09:00,609.0,611.0,609.0,610.0,170300,0.0,0.0
2023-03-09 13:00:00+09:00,609.0,610.0,606.0,607.0,30900,0.0,0.0
2023-03-09 14:00:00+09:00,607.0,609.0,607.0,609.0,31400,0.0,0.0
2023-03-10 09:00:00+09:00,604.0,609.0,602.0,607.0,128500,0.0,0.0
2023-03-10 10:00:00+09:00,607.0,608.0,605.0,605.0,23200,0.0,0.0
2023-03-10 11:00:00+09:00,606.0,607.0,603.0,605.0,0,0.0,0.0
2023-03-10 12:00:00+09:00,605.0,606.0,602.0,603.0,214400,0.0,0.0
2023-03-10 13:00:00+09:00,602.0,604.0,599.0,603.0,0,0.0,0.0
2023-03-10 14:00:00+09:00,602.0,604.0,601.0,601.0,277000,0.0,0.0
2023-03-13 09:00:00+09:00,596.0,597.0,588.0,591.0,62000,0.0,0.0
2023-03-13 10:00:00+09:00,591.0,592.0,587.0,587.0,15800,0.0,0.0
2023-03-13 11:00:00+09:00,588.0,588.0,587.0,587.0,0,0.0,0.0
2023-03-13 12:00:00+09:00,589.0,593.0,588.0,591.0,102900,0.0,0.0
2023-03-13 13:00:00+09:00,591.0,594.0,591.0,593.0,21300,0.0,0.0
2023-03-13 14:00:00+09:00,593.0,594.0,592.0,593.0,21100,0.0,0.0
2023-03-14 09:00:00+09:00,588.0,590.0,577.0,577.0,78100,0.0,0.0
2023-03-14 10:00:00+09:00,577.0,580.0,576.0,577.0,22500,0.0,0.0
2023-03-14 11:00:00+09:00,577.0,581.0,576.0,581.0,0,0.0,0.0
2023-03-14 12:00:00+09:00,579.0,581.0,578.0,580.0,127800,0.0,0.0
2023-03-14 13:00:00+09:00,580.0,582.0,579.0,581.0,18300,0.0,0.0
2023-03-14 14:00:00+09:00,581.0,582.0,579.0,580.0,31200,0.0,0.0
2023-03-15 09:00:00+09:00,585.0,594.0,585.0,594.0,36400,0.0,0.0
2023-03-15 10:00:00+09:00,594.0,595.0,593.0,595.0,12600,0.0,0.0
2023-03-15 11:00:00+09:00,595.0,598.0,595.0,597.0,0,0.0,0.0
2023-03-15 12:00:00+09:00,597.0,598.0,596.0,596.0,74900,0.0,0.0
2023-03-15 13:00:00+09:00,597.0,598.0,596.0,598.0,9700,0.0,0.0
2023-03-15 14:00:00+09:00,597.0,598.0,594.0,595.0,29300,0.0,0.0
2023-03-16 09:00:00+09:00,579.0,583.0,578.0,582.0,48700,0.0,0.0
2023-03-16 10:00:00+09:00,582.0,584.0,582.0,583.0,12800,0.0,0.0
2023-03-16 11:00:00+09:00,584.0,586.0,584.0,586.0,0,0.0,0.0
2023-03-16 12:00:00+09:00,584.0,586.0,584.0,585.0,81400,0.0,0.0
2023-03-16 13:00:00+09:00,585.0,588.0,584.0,588.0,16900,0.0,0.0
2023-03-16 14:00:00+09:00,588.0,588.0,586.0,586.0,21100,0.0,0.0
2023-03-17 09:00:00+09:00,596.0,597.0,592.0,595.0,38800,0.0,0.0
2023-03-17 10:00:00+09:00,594.0,596.0,593.0,595.0,12300,0.0,0.0
2023-03-17 11:00:00+09:00,596.0,597.0,595.0,597.0,0,0.0,0.0
2023-03-17 12:00:00+09:00,597.0,597.0,596.0,597.0,68500,0.0,0.0
2023-03-17 13:00:00+09:00,597.0,598.0,596.0,598.0,13900,0.0,0.0
2023-03-17 14:00:00+09:00,596.0,598.0,590.0,593.0,53800,0.0,0.0
2023-03-20 09:00:00+09:00,591.0,597.0,589.0,596.0,21500,0.0,0.0
2023-03-20 10:00:00+09:00,595.0,595.0,589.0,590.0,25000,0.0,0.0
2023-03-20 11:00:00+09:00,591.0,591.0,590.0,591.0,0,0.0,0.0
2023-03-20 12:00:00+09:00,590.0,590.0,588.0,588.0,59800,0.0,0.0
2023-03-20 13:00:00+09:00,588.0,589.0,587.0,587.0,7000,0.0,0.0
2023-03-20 14:00:00+09:00,586.0,587.0,584.0,584.0,20300,0.0,0.0
2023-03-22 09:00:00+09:00,595.0,598.0,589.0,591.0,29000,0.0,0.0
2023-03-22 10:00:00+09:00,591.0,591.0,589.0,591.0,12600,0.0,0.0
2023-03-22 11:00:00+09:00,590.0,590.0,588.0,588.0,0,0.0,0.0
2023-03-22 12:00:00+09:00,587.0,588.0,586.0,588.0,55100,0.0,0.0
2023-03-22 13:00:00+09:00,588.0,588.0,587.0,588.0,8100,0.0,0.0
2023-03-22 14:00:00+09:00,588.0,589.0,587.0,587.0,15300,0.0,0.0
2023-03-23 09:00:00+09:00,583.0,588.0,581.0,588.0,16900,0.0,0.0
2023-03-23 10:00:00+09:00,588.0,589.0,587.0,588.0,7300,0.0,0.0
2023-03-23 11:00:00+09:00,589.0,590.0,589.0,589.0,0,0.0,0.0
2023-03-23 12:00:00+09:00,587.0,590.0,587.0,589.0,36800,0.0,0.0
2023-03-23 13:00:00+09:00,590.0,590.0,588.0,588.0,6500,0.0,0.0
2023-03-23 14:00:00+09:00,589.0,592.0,588.0,592.0,15700,0.0,0.0
2023-03-24 09:00:00+09:00,589.0,590.0,587.0,588.0,19200,0.0,0.0
2023-03-24 10:00:00+09:00,589.0,590.0,587.0,589.0,5300,0.0,0.0
2023-03-24 11:00:00+09:00,590.0,590.0,589.0,589.0,0,0.0,0.0
2023-03-24 12:00:00+09:00,588.0,590.0,588.0,590.0,35700,0.0,0.0
2023-03-24 13:00:00+09:00,589.0,590.0,588.0,590.0,11300,0.0,0.0
2023-03-24 14:00:00+09:00,590.0,592.0,589.0,591.0,17200,0.0,0.0
2023-03-27 09:00:00+09:00,594.0,596.0,593.0,595.0,35100,0.0,0.0
2023-03-27 10:00:00+09:00,596.0,599.0,596.0,598.0,12200,0.0,0.0
2023-03-27 11:00:00+09:00,598.0,599.0,597.0,597.0,0,0.0,0.0
2023-03-27 12:00:00+09:00,597.0,598.0,595.0,596.0,57200,0.0,0.0
2023-03-27 13:00:00+09:00,596.0,596.0,594.0,595.0,10300,0.0,0.0
2023-03-27 14:00:00+09:00,595.0,596.0,594.0,595.0,16900,0.0,0.0
2023-03-28 09:00:00+09:00,600.0,600.0,594.0,594.0,23200,0.0,0.0
2023-03-28 10:00:00+09:00,594.0,596.0,594.0,595.0,12600,0.0,0.0
2023-03-28 11:00:00+09:00,594.0,595.0,594.0,595.0,0,0.0,0.0
2023-03-28 12:00:00+09:00,592.0,595.0,592.0,592.0,47900,0.0,0.0
2023-03-28 13:00:00+09:00,593.0,593.0,591.0,593.0,11500,0.0,0.0
2023-03-28 14:00:00+09:00,592.0,592.0,590.0,590.0,12900,0.0,0.0
2023-03-29 09:00:00+09:00,590.0,597.0,590.0,597.0,22700,0.0,0.0
2023-03-29 10:00:00+09:00,597.0,597.0,596.0,597.0,9000,0.0,0.0
2023-03-29 11:00:00+09:00,597.0,597.0,596.0,597.0,0,0.0,0.0
2023-03-29 12:00:00+09:00,595.0,597.0,595.0,597.0,44400,0.0,0.0
2023-03-29 13:00:00+09:00,598.0,598.0,596.0,596.0,15300,0.0,0.0
2023-03-29 14:00:00+09:00,596.0,600.0,596.0,599.0,32200,0.0,0.0
2023-03-30 09:00:00+09:00,600.0,602.0,598.0,599.0,25100,0.0,0.0
2023-03-30 10:00:00+09:00,600.0,602.0,600.0,601.0,9000,0.0,0.0
2023-03-30 11:00:00+09:00,602.0,602.0,601.0,602.0,0,0.0,0.0
2023-03-30 12:00:00+09:00,602.0,603.0,601.0,603.0,49800,0.0,0.0
2023-03-30 13:00:00+09:00,603.0,603.0,602.0,602.0,7800,0.0,0.0
2023-03-30 14:00:00+09:00,602.0,605.0,601.0,603.0,36400,0.0,0.0
2023-03-31 09:00:00+09:00,605.0,610.0,603.0,606.0,39200,0.0,0.0
2023-03-31 10:00:00+09:00,607.0,607.0,605.0,605.0,4800,0.0,0.0
2023-03-31 11:00:00+09:00,605.0,606.0,604.0,606.0,0,0.0,0.0
2023-03-31 12:00:00+09:00,603.0,607.0,603.0,606.0,62700,0.0,0.0
2023-03-31 13:00:00+09:00,606.0,606.0,604.0,605.0,23200,0.0,0.0
2023-03-31 14:00:00+09:00,605.0,606.0,604.0,605.0,27200,0.0,0.0
2023-04-03 09:00:00+09:00,610.0,615.0,605.0,612.0,47100,0.0,0.0
2023-04-03 10:00:00+09:00,612.0,613.0,610.0,612.0,10200,0.0,0.0
2023-04-03 11:00:00+09:00,613.0,613.0,610.0,613.0,0,0.0,0.0
2023-04-03 12:00:00+09:00,613.0,615.0,613.0,615.0,103900,0.0,0.0
2023-04-03 13:00:00+09:00,615.0,618.0,614.0,616.0,19700,0.0,0.0
2023-04-03 14:00:00+09:00,616.0,619.0,615.0,619.0,46200,0.0,0.0
2023-04-04 09:00:00+09:00,617.0,620.0,615.0,617.0,30000,0.0,0.0
2023-04-04 10:00:00+09:00,617.0,622.0,617.0,621.0,17100,0.0,0.0
2023-04-04 11:00:00+09:00,621.0,622.0,621.0,622.0,0,0.0,0.0
2023-04-04 12:00:00+09:00,622.0,624.0,622.0,622.0,68000,0.0,0.0
2023-04-04 13:00:00+09:00,622.0,623.0,621.0,622.0,9300,0.0,0.0
2023-04-04 14:00:00+09:00,623.0,624.0,620.0,623.0,32500,0.0,0.0
2023-04-05 09:00:00+09:00,618.0,619.0,616.0,617.0,35400,0.0,0.0
2023-04-05 10:00:00+09:00,618.0,618.0,613.0,615.0,21000,0.0,0.0
2023-04-05 11:00:00+09:00,615.0,617.0,615.0,617.0,0,0.0,0.0
2023-04-05 12:00:00+09:00,617.0,618.0,615.0,615.0,72300,0.0,0.0
2023-04-05 13:00:00+09:00,616.0,616.0,612.0,612.0,22800,0.0,0.0
2023-04-05 14:00:00+09:00,613.0,614.0,612.0,612.0,17300,0.0,0.0
2023-04-06 09:00:00+09:00,605.0,609.0,605.0,609.0,36000,0.0,0.0
2023-04-06 10:00:00+09:00,608.0,611.0,608.0,610.0,23200,0.0,0.0
2023-04-06 11:00:00+09:00,609.0,610.0,609.0,609.0,0,0.0,0.0
2023-04-06 12:00:00+09:00,607.0,608.0,606.0,606.0,82700,0.0,0.0
2023-04-06 13:00:00+09:00,606.0,608.0,606.0,607.0,12600,0.0,0.0
2023-04-06 14:00:00+09:00,607.0,608.0,606.0,606.0,23400,0.0,0.0
2023-04-07 09:00:00+09:00,606.0,612.0,606.0,608.0,17200,0.0,0.0
2023-04-07 10:00:00+09:00,608.0,610.0,608.0,609.0,6600,0.0,0.0
2023-04-07 11:00:00+09:00,609.0,610.0,608.0,610.0,0,0.0,0.0
2023-04-07 12:00:00+09:00,608.0,608.0,608.0,608.0,29300,0.0,0.0
2023-04-07 13:00:00+09:00,608.0,610.0,608.0,609.0,5700,0.0,0.0
2023-04-07 14:00:00+09:00,610.0,611.0,608.0,609.0,20400,0.0,0.0
2023-04-10 09:00:00+09:00,613.0,617.0,612.0,614.0,22500,0.0,0.0
2023-04-10 10:00:00+09:00,614.0,614.0,612.0,612.0,7900,0.0,0.0
2023-04-10 11:00:00+09:00,613.0,614.0,612.0,614.0,0,0.0,0.0
2023-04-10 12:00:00+09:00,613.0,614.0,613.0,614.0,37800,0.0,0.0
2023-04-10 13:00:00+09:00,614.0,615.0,613.0,614.0,8100,0.0,0.0
2023-04-10 14:00:00+09:00,614.0,615.0,613.0,613.0,15400,0.0,0.0
2023-04-11 09:00:00+09:00,616.0,619.0,614.0,619.0,31800,0.0,0.0
2023-04-11 10:00:00+09:00,619.0,619.0,617.0,618.0,5300,0.0,0.0
2023-04-11 11:00:00+09:00,618.0,619.0,617.0,617.0,0,0.0,0.0
2023-04-11 12:00:00+09:00,617.0,618.0,616.0,617.0,60900,0.0,0.0
2023-04-11 13:00:00+09:00,617.0,618.0,616.0,616.0,0,0.0,0.0
2023-04-11 14:00:00+09:00,616.0,617.0,615.0,616.0,84600,0.0,0.0
2023-04-12 09:00:00+09:00,616.0,622.0,616.0,622.0,56300,0.0,0.0
2023-04-12 10:00:00+09:00,621.0,623.0,621.0,623.0,16300,0.0,0.0
2023-04-12 11:00:00+09:00,623.0,624.0,623.0,624.0,0,0.0,0.0
2023-04-12 12:00:00+09:00,623.0,624.0,623.0,624.0,85400,0.0,0.0
2023-04-12 13:00:00+09:00,624.0,625.0,622.0,622.0,28700,0.0,0.0
2023-04-12 14:00:00+09:00,623.0,623.0,620.0,621.0,15700,0.0,0.0
2023-04-13 09:00:00+09:00,621.0,624.0,618.0,624.0,25900,0.0,0.0
2023-04-13 10:00:00+09:00,625.0,625.0,623.0,624.0,13700,0.0,0.0
2023-04-13 11:00:00+09:00,623.0,624.0,623.0,624.0,0,0.0,0.0
2023-04-13 12:00:00+09:00,624.0,624.0,623.0,624.0,49000,0.0,0.0
2023-04-13 13:00:00+09:00,624.0,624.0,623.0,623.0,11200,0.0,0.0
2023-04-13 14:00:00+09:00,623.0,624.0,621.0,621.0,37800,0.0,0.0
2023-04-14 09:00:00+09:00,620.0,625.0,618.0,623.0,40600,0.0,0.0
2023-04-14 10:00:00+09:00,623.0,624.0,622.0,623.0,19400,0.0,0.0
2023-04-14 11:00:00+09:00,623.0,623.0,623.0,623.0,0,0.0,0.0
2023-04-14 12:00:00+09:00,624.0,624.0,622.0,624.0,68200,0.0,0.0
2023-04-14 13:00:00+09:00,624.0,624.0,621.0,623.0,8100,0.0,0.0
2023-04-14 14:00:00+09:00,622.0,623.0,620.0,620.0,36300,0.0,0.0
2023-04-17 09:00:00+09:00,602.0,607.0,596.0,606.0,137900,0.0,0.0
2023-04-17 10:00:00+09:00,607.0,610.0,606.0,609.0,21800,0.0,0.0
2023-04-17 11:00:00+09:00,609.0,610.0,609.0,610.0,0,0.0,0.0
2023-04-17 12:00:00+09:00,608.0,613.0,608.0,611.0,196000,0.0,0.0
2023-04-17 13:00:00+09:00,612.0,614.0,612.0,613.0,16000,0.0,0.0
2023-04-17 14:00:00+09:00,613.0,614.0,611.0,614.0,35800,0.0,0.0
2023-04-18 09:00:00+09:00,608.0,612.0,604.0,609.0,83200,0.0,0.0
2023-04-18 10:00:00+09:00,609.0,610.0,605.0,607.0,41500,0.0,0.0
2023-04-18 11:00:00+09:00,606.0,606.0,604.0,605.0,0,0.0,0.0
2023-04-18 12:00:00+09:00,605.0,605.0,604.0,604.0,155500,0.0,0.0
2023-04-18 13:00:00+09:00,605.0,606.0,604.0,604.0,20800,0.0,0.0
2023-04-18 14:00:00+09:00,604.0,606.0,603.0,605.0,27700,0.0,0.0
2023-04-19 09:00:00+09:00,604.0,604.0,600.0,602.0,53100,0.0,0.0
2023-04-19 10:00:00+09:00,602.0,604.0,601.0,603.0,13500,0.0,0.0
2023-04-19 11:00:00+09:00,603.0,604.0,603.0,604.0,0,0.0,0.0
2023-04-19 12:00:00+09:00,605.0,606.0,604.0,605.0,91800,0.0,0.0
2023-04-19 13:00:00+09:00,606.0,606.0,603.0,604.0,13500,0.0,0.0
2023-04-19 14:00:00+09:00,604.0,605.0,602.0,604.0,20700,0.0,0.0
2023-04-20 09:00:00+09:00,603.0,610.0,603.0,609.0,32000,0.0,0.0
2023-04-20 10:00:00+09:00,610.0,611.0,609.0,609.0,15500,0.0,0.0
2023-04-20 11:00:00+09:00,608.0,608.0,607.0,608.0,0,0.0,0.0
2023-04-20 12:00:00+09:00,608.0,611.0,607.0,611.0,93000,0.0,0.0
2023-04-20 13:00:00+09:00,610.0,612.0,610.0,610.0,6800,0.0,0.0
2023-04-20 14:00:00+09:00,611.0,611.0,609.0,609.0,11000,0.0,0.0
2023-04-21 09:00:00+09:00,609.0,610.0,606.0,610.0,31300,0.0,0.0
2023-04-21 10:00:00+09:00,609.0,610.0,608.0,609.0,11800,0.0,0.0
2023-04-21 11:00:00+09:00,608.0,608.0,608.0,608.0,0,0.0,0.0
2023-04-21 12:00:00+09:00,608.0,609.0,608.0,608.0,52400,0.0,0.0
2023-04-21 13:00:00+09:00,608.0,608.0,607.0,608.0,10000,0.0,0.0
2023-04-21 14:00:00+09:00,608.0,610.0,608.0,610.0,14600,0.0,0.0
2023-04-24 09:00:00+09:00,608.0,610.0,606.0,609.0,23900,0.0,0.0
2023-04-24 10:00:00+09:00,610.0,613.0,609.0,611.0,68400,0.0,0.0
2023-04-24 11:00:00+09:00,610.0,611.0,610.0,611.0,0,0.0,0.0
2023-04-24 12:00:00+09:00,612.0,612.0,610.0,610.0,97400,0.0,0.0
2023-04-24 13:00:00+09:00,610.0,612.0,610.0,612.0,8800,0.0,0.0
2023-04-24 14:00:00+09:00,612.0,613.0,611.0,611.0,12000,0.0,0.0
2023-04-25 09:00:00+09:00,614.0,618.0,614.0,615.0,0,0.0,0.0
2023-04-25 10:00:00+09:00,615.0,615.0,614.0,614.0,77900,0.0,0.0
2023-04-25 11:00:00+09:00,615.0,618.0,615.0,615.0,0,0.0,0.0
2023-04-25 12:00:00+09:00,617.0,617.0,615.0,615.0,103000,0.0,0.0
2023-04-25 13:00:00+09:00,614.0,614.0,613.0,613.0,4400,0.0,0.0
2023-04-25 14:00:00+09:00,613.0,614.0,613.0,613.0,6200,0.0,0.0
2023-04-26 09:00:00+09:00,609.0,612.0,607.0,612.0,25200,0.0,0.0
2023-04-26 10:00:00+09:00,613.0,613.0,612.0,612.0,6200,0.0,0.0
2023-04-26 11:00:00+09:00,612.0,612.0,612.0,612.0,0,0.0,0.0
2023-04-26 12:00:00+09:00,610.0,611.0,608.0,608.0,59000,0.0,0.0
2023-04-26 13:00:00+09:00,607.0,609.0,606.0,609.0,26600,0.0,0.0
2023-04-26 14:00:00+09:00,610.0,611.0,607.0,609.0,34200,0.0,0.0
2023-04-27 09:00:00+09:00,608.0,610.0,605.0,606.0,34700,0.0,0.0
2023-04-27 10:00:00+09:00,606.0,609.0,606.0,608.0,13700,0.0,0.0
2023-04-27 11:00:00+09:00,608.0,609.0,607.0,609.0,0,0.0,0.0
2023-04-27 12:00:00+09:00,609.0,609.0,608.0,609.0,68300,0.0,0.0
2023-04-27 13:00:00+09:00,608.0,612.0,608.0,609.0,13500,0.0,0.0
2023-04-27 14:00:00+09:00,610.0,610.0,607.0,607.0,27300,0.0,0.0
2023-04-28 09:00:00+09:00,616.0,616.0,611.0,612.0,25100,0.0,0.0
2023-04-28 10:00:00+09:00,612.0,613.0,609.0,612.0,25900,0.0,0.0
2023-04-28 11:00:00+09:00,612.0,613.0,612.0,612.0,0,0.0,0.0
2023-04-28 12:00:00+09:00,612.0,612.0,610.0,611.0,68400,0.0,0.0
2023-04-28 13:00:00+09:00,611.0,614.0,610.0,612.0,22300,0.0,0.0
2023-04-28 14:00:00+09:00,613.0,615.0,613.0,613.0,33100,0.0,0.0
2023-05-01 09:00:00+09:00,618.0,619.0,616.0,618.0,32900,0.0,0.0
2023-05-01 10:00:00+09:00,617.0,618.0,616.0,618.0,17900,0.0,0.0
2023-05-01 11:00:00+09:00,618.0,619.0,618.0,619.0,0,0.0,0.0
2023-05-01 12:00:00+09:00,620.0,621.0,617.0,619.0,94000,0.0,0.0
2023-05-01 13:00:00+09:00,620.0,620.0,617.0,617.0,12700,0.0,0.0
2023-05-01 14:00:00+09:00,618.0,619.0,617.0,619.0,15400,0.0,0.0
2023-05-02 09:00:00+09:00,619.0,619.0,613.0,613.0,34000,0.0,0.0
2023-05-02 10:00:00+09:00,614.0,614.0,613.0,614.0,13100,0.0,0.0
2023-05-02 11:00:00+09:00,613.0,615.0,613.0,614.0,0,0.0,0.0
2023-05-02 12:00:00+09:00,615.0,616.0,614.0,616.0,60800,0.0,0.0
2023-05-02 13:00:00+09:00,616.0,617.0,614.0,616.0,15500,0.0,0.0
2023-05-02 14:00:00+09:00,616.0,617.0,615.0,615.0,19100,0.0,0.0
2023-05-08 09:00:00+09:00,615.0,622.0,614.0,620.0,33200,0.0,0.0
2023-05-08 10:00:00+09:00,619.0,621.0,618.0,620.0,30200,0.0,0.0
2023-05-08 11:00:00+09:00,621.0,621.0,620.0,620.0,0,0.0,0.0
2023-05-08 12:00:00+09:00,621.0,624.0,621.0,622.0,127100,0.0,0.0
2023-05-08 13:00:00+09:00,623.0,625.0,620.0,625.0,47700,0.0,0.0
2023-05-08 14:00:00+09:00,625.0,627.0,623.0,624.0,51300,0.0,0.0
2023-05-09 09:00:00+09:00,624.0,627.0,623.0,627.0,0,0.0,0.0
2023-05-09 10:00:00+09:00,626.0,627.0,626.0,626.0,51700,0.0,0.0
2023-05-09 11:00:00+09:00,626.0,629.0,626.0,627.0,0,0.0,0.0
2023-05-09 12:00:00+09:00,628.0,628.0,626.0,627.0,82600,0.0,0.0
2023-05-09 13:00:00+09:00,628.0,628.0,627.0,628.0,24800,0.0,0.0
2023-05-09 14:00:00+09:00,627.0,628.0,626.0,626.0,21200,0.0,0.0
2023-05-10 09:00:00+09:00,625.0,626.0,622.0,622.0,55500,0.0,0.0
2023-05-10 10:00:00+09:00,622.0,624.0,622.0,622.0,14200,0.0,0.0
2023-05-10 11:00:00+09:00,623.0,624.0,622.0,622.0,0,0.0,0.0
2023-05-10 12:00:00+09:00,624.0,624.0,623.0,623.0,94400,0.0,0.0
2023-05-10 13:00:00+09:00,623.0,624.0,623.0,624.0,12200,0.0,0.0
2023-05-10 14:00:00+09:00,624.0,624.0,622.0,622.0,29600,0.0,0.0
2023-05-11 09:00:00+09:00,621.0,622.0,619.0,622.0,0,0.0,0.0
2023-05-11 10:00:00+09:00,623.0,626.0,623.0,625.0,80100,0.0,0.0
2023-05-11 11:00:00+09:00,625.0,625.0,624.0,625.0,0,0.0,0.0
2023-05-11 12:00:00+09:00,625.0,626.0,625.0,625.0,99000,0.0,0.0
2023-05-11 13:00:00+09:00,624.0,624.0,621.0,622.0,53400,0.0,0.0
2023-05-11 14:00:00+09:00,622.0,624.0,621.0,623.0,19300,0.0,0.0
2023-05-12 09:00:00+09:00,624.0,625.0,621.0,623.0,57100,0.0,0.0
2023-05-12 10:00:00+09:00,624.0,625.0,624.0,624.0,12400,0.0,0.0
2023-05-12 11:00:00+09:00,623.0,624.0,623.0,624.0,0,0.0,0.0
2023-05-12 12:00:00+09:00,624.0,625.0,623.0,625.0,84000,0.0,0.0
2023-05-12 13:00:00+09:00,625.0,626.0,623.0,625.0,18200,0.0,0.0
2023-05-12 14:00:00+09:00,625.0,627.0,625.0,626.0,23500,0.0,0.0
2023-05-15 09:00:00+09:00,626.0,630.0,625.0,628.0,0,0.0,0.0
2023-05-15 10:00:00+09:00,629.0,630.0,627.0,628.0,69800,0.0,0.0
2023-05-15 11:00:00+09:00,628.0,628.0,626.0,626.0,0,0.0,0.0
2023-05-15 12:00:00+09:00,628.0,628.0,626.0,627.0,99400,0.0,0.0
2023-05-15 13:00:00+09:00,627.0,628.0,626.0,626.0,17600,0.0,0.0
2023-05-15 14:00:00+09:00,626.0,629.0,626.0,628.0,15200,0.0,0.0
2023-05-16 09:00:00+09:00,628.0,630.0,625.0,629.0,53900,0.0,0.0
2023-05-16 10:00:00+09:00,628.0,629.0,627.0,629.0,10900,0.0,0.0
2023-05-16 11:00:00+09:00,629.0,629.0,628.0,628.0,0,0.0,0.0
2023-05-16 12:00:00+09:00,628.0,629.0,625.0,626.0,106600,0.0,0.0
2023-05-16 13:00:00+09:00,626.0,626.0,623.0,626.0,28300,0.0,0.0
2023-05-16 14:00:00+09:00,627.0,627.0,626.0,627.0,15600,0.0,0.0
2023-05-17 09:00:00+09:00,625.0,627.0,623.0,626.0,43200,0.0,0.0
2023-05-17 10:00:00+09:00,627.0,628.0,627.0,627.0,40600,0.0,0.0
2023-05-17 11:00:00+09:00,627.0,627.0,626.0,627.0,0,0.0,0.0
2023-05-17 12:00:00+09:00,628.0,628.0,626.0,627.0,94700,0.0,0.0
2023-05-17 13:00:00+09:00,626.0,628.0,625.0,627.0,18300,0.0,0.0
2023-05-17 14:00:00+09:00,628.0,631.0,626.0,628.0,62500,0.0,0.0
2023-05-18 09:00:00+09:00,630.0,631.0,626.0,626.0,57400,0.0,0.0
2023-05-18 10:00:00+09:00,626.0,629.0,626.0,627.0,25800,0.0,0.0
2023-05-18 11:00:00+09:00,628.0,628.0,627.0,628.0,0,0.0,0.0
2023-05-18 12:00:00+09:00,629.0,630.0,629.0,629.0,98900,0.0,0.0
2023-05-18 13:00:00+09:00,629.0,630.0,628.0,628.0,16600,0.0,0.0
2023-05-18 14:00:00+09:00,628.0,629.0,628.0,629.0,19000,0.0,0.0
2023-05-19 09:00:00+09:00,628.0,629.0,626.0,628.0,27000,0.0,0.0
2023-05-19 10:00:00+09:00,627.0,629.0,627.0,628.0,7800,0.0,0.0
2023-05-19 11:00:00+09:00,628.0,628.0,627.0,628.0,0,0.0,0.0
2023-05-19 12:00:00+09:00,629.0,629.0,627.0,627.0,61600,0.0,0.0
2023-05-19 13:00:00+09:00,627.0,627.0,626.0,626.0,27000,0.0,0.0
2023-05-19 14:00:00+09:00,626.0,627.0,625.0,625.0,24400,0.0,0.0
2023-05-22 09:00:00+09:00,624.0,627.0,623.0,627.0,33900,0.0,0.0
2023-05-22 10:00:00+09:00,627.0,629.0,625.0,628.0,56900,0.0,0.0
2023-05-22 11:00:00+09:00,628.0,628.0,628.0,628.0,0,0.0,0.0
2023-05-22 12:00:00+09:00,629.0,629.0,626.0,626.0,105700,0.0,0.0
2023-05-22 13:00:00+09:00,627.0,630.0,626.0,629.0,33900,0.0,0.0
2023-05-22 14:00:00+09:00,629.0,630.0,628.0,628.0,20600,0.0,0.0
2023-05-23 09:00:00+09:00,643.0,646.0,638.0,638.0,362500,0.0,0.0
2023-05-23 10:00:00+09:00,638.0,639.0,635.0,636.0,59000,0.0,0.0
2023-05-23 11:00:00+09:00,636.0,638.0,635.0,636.0,0,0.0,0.0
2023-05-23 12:00:00+09:00,637.0,637.0,630.0,632.0,500900,0.0,0.0
2023-05-23 13:00:00+09:00,632.0,632.0,627.0,628.0,65300,0.0,0.0
2023-05-23 14:00:00+09:00,629.0,630.0,627.0,628.0,51400,0.0,0.0
2023-05-24 09:00:00+09:00,626.0,630.0,625.0,629.0,85900,0.0,0.0
2023-05-24 10:00:00+09:00,629.0,629.0,625.0,627.0,31000,0.0,0.0
2023-05-24 11:00:00+09:00,626.0,627.0,626.0,626.0,0,0.0,0.0
2023-05-24 12:00:00+09:00,626.0,626.0,625.0,625.0,167200,0.0,0.0
2023-05-24 13:00:00+09:00,626.0,627.0,625.0,626.0,32300,0.0,0.0
2023-05-24 14:00:00+09:00,626.0,627.0,624.0,624.0,58200,0.0,0.0
2023-05-25 09:00:00+09:00,624.0,629.0,621.0,628.0,108200,0.0,0.0
2023-05-25 10:00:00+09:00,628.0,629.0,627.0,628.0,32200,0.0,0.0
2023-05-25 11:00:00+09:00,627.0,628.0,626.0,628.0,0,0.0,0.0
2023-05-25 12:00:00+09:00,629.0,630.0,627.0,627.0,178300,0.0,0.0
2023-05-25 13:00:00+09:00,627.0,628.0,626.0,626.0,16600,0.0,0.0
2023-05-25 14:00:00+09:00,625.0,627.0,625.0,626.0,27900,0.0,0.0
2023-05-26 09:00:00+09:00,625.0,626.0,620.0,622.0,86700,0.0,0.0
2023-05-26 10:00:00+09:00,622.0,622.0,619.0,622.0,60000,0.0,0.0
2023-05-26 11:00:00+09:00,621.0,622.0,620.0,622.0,0,0.0,0.0
2023-05-26 12:00:00+09:00,622.0,622.0,619.0,620.0,200100,0.0,0.0
2023-05-26 13:00:00+09:00,620.0,620.0,617.0,619.0,50900,0.0,0.0
2023-05-26 14:00:00+09:00,619.0,619.0,617.0,618.0,37600,0.0,0.0
2023-05-29 09:00:00+09:00,612.0,615.0,611.0,613.0,0,0.0,0.0
2023-05-29 10:00:00+09:00,614.0,617.0,613.0,617.0,50100,0.0,0.0
2023-05-29 11:00:00+09:00,616.0,617.0,615.0,615.0,0,0.0,0.0
2023-05-29 12:00:00+09:00,616.0,617.0,615.0,615.0,431000,0.0,0.0
2023-05-29 13:00:00+09:00,615.0,615.0,613.0,615.0,39300,0.0,0.0
2023-05-29 14:00:00+09:00,614.0,616.0,612.0,612.0,92300,0.0,0.0
2023-05-30 09:00:00+09:00,595.0,600.0,588.0,590.0,215000,0.0,0.0
2023-05-30 10:00:00+09:00,591.0,592.0,588.0,588.0,34400,0.0,0.0
2023-05-30 11:00:00+09:00,588.0,589.0,587.0,588.0,0,0.0,0.0
2023-05-30 12:00:00+09:00,588.0,590.0,587.0,590.0,293000,0.0,0.0
2023-05-30 13:00:00+09:00,591.0,591.0,588.0,589.0,24200,0.0,0.0
2023-05-30 14:00:00+09:00,588.0,591.0,587.0,590.0,43400,0.0,0.0
2023-05-31 09:00:00+09:00,585.0,586.0,572.0,572.0,0,0.0,0.0
2023-05-31 10:00:00+09:00,573.0,587.0,571.0,579.0,170200,0.0,0.0
2023-05-31 11:00:00+09:00,579.0,580.0,578.0,580.0,0,0.0,0.0
2023-05-31 12:00:00+09:00,580.0,580.0,578.0,578.0,367700,0.0,0.0
2023-05-31 13:00:00+09:00,578.0,578.0,576.0,576.0,33600,0.0,0.0
2023-05-31 14:00:00+09:00,575.0,576.0,572.0,574.0,74000,0.0,0.0
2023-06-01 09:00:00+09:00,570.0,577.0,568.0,575.0,76000,0.0,0.0
2023-06-01 10:00:00+09:00,575.0,576.0,571.0,571.0,25700,0.0,0.0
2023-06-01 11:00:00+09:00,572.0,572.0,570.0,570.0,0,0.0,0.0
2023-06-01 12:00:00+09:00,571.0,572.0,570.0,571.0,128100,0.0,0.0
2023-06-01 13:00:00+09:00,571.0,572.0,571.0,571.0,7300,0.0,0.0
2023-06-01 14:00:00+09:00,571.0,572.0,570.0,570.0,34000,0.0,0.0
2023-06-02 09:00:00+09:00,573.0,576.0,572.0,574.0,24600,0.0,0.0
2023-06-02 10:00:00+09:00,574.0,575.0,573.0,573.0,14100,0.0,0.0
2023-06-02 11:00:00+09:00,573.0,573.0,571.0,573.0,0,0.0,0.0
2023-06-02 12:00:00+09:00,573.0,575.0,573.0,575.0,67600,0.0,0.0
2023-06-02 13:00:00+09:00,575.0,575.0,574.0,574.0,14700,0.0,0.0
2023-06-02 14:00:00+09:00,574.0,577.0,573.0,575.0,17500,0.0,0.0
2023-06-05 09:00:00+09:00,585.0,587.0,579.0,581.0,0,0.0,0.0
2023-06-05 10:00:00+09:00,581.0,582.0,580.0,580.0,18200,0.0,0.0
2023-06-05 11:00:00+09:00,580.0,580.0,579.0,579.0,0,0.0,0.0
2023-06-05 12:00:00+09:00,581.0,581.0,579.0,580.0,82000,0.0,0.0
2023-06-05 13:00:00+09:00,581.0,582.0,581.0,582.0,14800,0.0,0.0
2023-06-05 14:00:00+09:00,582.0,583.0,581.0,582.0,22800,0.0,0.0
2023-06-06 09:00:00+09:00,580.0,580.0,577.0,579.0,22300,0.0,0.0
2023-06-06 10:00:00+09:00,579.0,580.0,577.0,577.0,20000,0.0,0.0
2023-06-06 11:00:00+09:00,577.0,577.0,576.0,576.0,0,0.0,0.0
2023-06-06 12:00:00+09:00,576.0,578.0,576.0,577.0,74800,0.0,0.0
2023-06-06 13:00:00+09:00,578.0,579.0,577.0,579.0,34900,0.0,0.0
2023-06-06 14:00:00+09:00,579.0,581.0,579.0,581.0,24400,0.0,0.0
2023-06-07 09:00:00+09:00,583.0,584.0,581.0,583.0,48200,0.0,0.0
2023-06-07 10:00:00+09:00,583.0,584.0,579.0,582.0,38300,0.0,0.0
2023-06-07 11:00:00+09:00,582.0,582.0,578.0,579.0,0,0.0,0.0
2023-06-07 12:00:00+09:00,579.0,580.0,579.0,580.0,138900,0.0,0.0
2023-06-07 13:00:00+09:00,579.0,580.0,577.0,580.0,60500,0.0,0.0
2023-06-07 14:00:00+09:00,581.0,581.0,577.0,577.0,20000,0.0,0.0
2023-06-08 09:00:00+09:00,581.0,584.0,580.0,583.0,28400,0.0,0.0
2023-06-08 10:00:00+09:00,582.0,583.0,582.0,582.0,9200,0.0,0.0
2023-06-08 11:00:00+09:00,582.0,582.0,580.0,580.0,0,0.0,0.0
2023-06-08 12:00:00+09:00,578.0,580.0,578.0,579.0,57800,0.0,0.0
2023-06-08 13:00:00+09:00,579.0,579.0,578.0,578.0,10600,0.0,0.0
2023-06-08 14:00:00+09:00,578.0,581.0,578.0,579.0,34800,0.0,0.0
2023-06-09 09:00:00+09:00,580.0,584.0,580.0,583.0,90200,0.0,0.0
2023-06-09 10:00:00+09:00,583.0,585.0,583.0,583.0,13400,0.0,0.0
2023-06-09 11:00:00+09:00,584.0,584.0,583.0,584.0,0,0.0,0.0
2023-06-09 12:00:00+09:00,584.0,584.0,582.0,583.0,121800,0.0,0.0
2023-06-09 13:00:00+09:00,582.0,583.0,581.0,582.0,6400,0.0,0.0
2023-06-09 14:00:00+09:00,582.0,584.0,581.0,583.0,14500,0.0,0.0
2023-06-12 09:00:00+09:00,585.0,587.0,584.0,585.0,33800,0.0,0.0
2023-06-12 10:00:00+09:00,585.0,586.0,585.0,585.0,2800,0.0,0.0
2023-06-12 11:00:00+09:00,586.0,587.0,586.0,587.0,0,0.0,0.0
2023-06-12 12:00:00+09:00,587.0,587.0,584.0,585.0,56500,0.0,0.0
2023-06-12 13:00:00+09:00,585.0,586.0,585.0,586.0,12500,0.0,0.0
2023-06-12 14:00:00+09:00,586.0,588.0,586.0,587.0,33000,0.0,0.0
2023-06-13 09:00:00+09:00,587.0,592.0,587.0,589.0,47100,0.0,0.0
2023-06-13 10:00:00+09:00,589.0,592.0,588.0,591.0,27100,0.0,0.0
2023-06-13 11:00:00+09:00,591.0,592.0,590.0,592.0,0,0.0,0.0
2023-06-13 12:00:00+09:00,592.0,593.0,591.0,592.0,95000,0.0,0.0
2023-06-13 13:00:00+09:00,592.0,592.0,589.0,590.0,22900,0.0,0.0
2023-06-13 14:00:00+09:00,590.0,590.0,589.0,590.0,24100,0.0,0.0
2023-06-14 09:00:00+09:00,590.0,590.0,587.0,590.0,54400,0.0,0.0
2023-06-14 10:00:00+09:00,590.0,591.0,588.0,588.0,23900,0.0,0.0
2023-06-14 11:00:00+09:00,589.0,591.0,588.0,591.0,0,0.0,0.0
2023-06-14 12:00:00+09:00,590.0,592.0,589.0,589.0,144800,0.0,0.0
2023-06-14 13:00:00+09:00,590.0,592.0,589.0,590.0,52100,0.0,0.0
2023-06-14 14:00:00+09:00,590.0,592.0,589.0,591.0,35200,0.0,0.0
2023-06-15 09:00:00+09:00,595.0,595.0,591.0,594.0,39200,0.0,0.0
2023-06-15 10:00:00+09:00,594.0,594.0,592.0,593.0,35200,0.0,0.0
2023-06-15 11:00:00+09:00,593.0,595.0,593.0,595.0,0,0.0,0.0
2023-06-15 12:00:00+09:00,595.0,595.0,593.0,595.0,93000,0.0,0.0
2023-06-15 13:00:00+09:00,594.0,594.0,593.0,593.0,10600,0.0,0.0
2023-06-15 14:00:00+09:00,594.0,594.0,592.0,594.0,20500,0.0,0.0
2023-06-16 09:00:00+09:00,592.0,592.0,588.0,591.0,25100,0.0,0.0
2023-06-16 10:00:00+09:00,590.0,590.0,588.0,588.0,10900,0.0,0.0
2023-06-16 11:00:00+09:00,589.0,589.0,588.0,589.0,0,0.0,0.0
2023-06-16 12:00:00+09:00,592.0,596.0,591.0,593.0,86200,0.0,0.0
2023-06-16 13:00:00+09:00,594.0,595.0,593.0,594.0,29100,0.0,0.0
2023-06-16 14:00:00+09:00,594.0,595.0,592.0,595.0,54900,0.0,0.0
2023-06-19 09:00:00+09:00,594.0,597.0,592.0,595.0,46700,0.0,0.0
2023-06-19 10:00:00+09:00,596.0,596.0,594.0,594.0,6400,0.0,0.0
2023-06-19 11:00:00+09:00,594.0,595.0,594.0,595.0,0,0.0,0.0
2023-06-19 12:00:00+09:00,595.0,595.0,591.0,591.0,82400,0.0,0.0
2023-06-19 13:00:00+09:00,592.0,594.0,590.0,592.0,37000,0.0,0.0
2023-06-19 14:00:00+09:00,593.0,596.0,593.0,596.0,44700,0.0,0.0
2023-06-20 09:00:00+09:00,594.0,594.0,589.0,590.0,33400,0.0,0.0
2023-06-20 10:00:00+09:00,590.0,592.0,589.0,589.0,16400,0.0,0.0
2023-06-20 11:00:00+09:00,589.0,592.0,589.0,592.0,0,0.0,0.0
2023-06-20 12:00:00+09:00,590.0,591.0,590.0,591.0,69000,0.0,0.0
2023-06-20 13:00:00+09:00,591.0,591.0,590.0,591.0,10500,0.0,0.0
2023-06-20 14:00:00+09:00,592.0,592.0,591.0,592.0,8600,0.0,0.0
2023-06-21 09:00:00+09:00,590.0,593.0,590.0,593.0,22300,0.0,0.0
2023-06-21 10:00:00+09:00,593.0,593.0,592.0,593.0,4800,0.0,0.0
2023-06-21 11:00:00+09:00,593.0,593.0,591.0,592.0,0,0.0,0.0
2023-06-21 12:00:00+09:00,590.0,592.0,589.0,591.0,53800,0.0,0.0
2023-06-21 13:00:00+09:00,590.0,591.0,590.0,591.0,15600,0.0,0.0
2023-06-21 14:00:00+09:00,591.0,592.0,589.0,589.0,22200,0.0,0.0
2023-06-22 09:00:00+09:00,580.0,582.0,572.0,581.0,258200,0.0,0.0
2023-06-22 10:00:00+09:00,581.0,583.0,581.0,581.0,36800,0.0,0.0
2023-06-22 11:00:00+09:00,582.0,583.0,581.0,582.0,0,0.0,0.0
2023-06-22 12:00:00+09:00,582.0,583.0,581.0,581.0,329200,0.0,0.0
2023-06-22 13:00:00+09:00,581.0,582.0,579.0,582.0,45900,0.0,0.0
2023-06-22 14:00:00+09:00,582.0,582.0,579.0,582.0,44900,0.0,0.0
2023-06-23 09:00:00+09:00,583.0,586.0,582.0,584.0,85300,0.0,0.0
2023-06-23 10:00:00+09:00,584.0,584.0,577.0,578.0,47000,0.0,0.0
2023-06-23 11:00:00+09:00,578.0,580.0,577.0,577.0,0,0.0,0.0
2023-06-23 12:00:00+09:00,578.0,579.0,577.0,578.0,176100,0.0,0.0
2023-06-23 13:00:00+09:00,578.0,578.0,576.0,577.0,41400,0.0,0.0
2023-06-23 14:00:00+09:00,577.0,578.0,576.0,578.0,39400,0.0,0.0
2023-06-26 09:00:00+09:00,583.0,583.0,571.0,578.0,0,0.0,0.0
2023-06-26 10:00:00+09:00,578.0,580.0,577.0,580.0,11000,0.0,0.0
2023-06-26 11:00:00+09:00,580.0,580.0,578.0,578.0,0,0.0,0.0
2023-06-26 12:00:00+09:00,578.0,578.0,574.0,574.0,146700,0.0,0.0
2023-06-26 13:00:00+09:00,574.0,576.0,572.0,573.0,30600,0.0,0.0
2023-06-26 14:00:00+09:00,574.0,574.0,572.0,573.0,28000,0.0,0.0
2023-06-27 09:00:00+09:00,574.0,574.0,568.0,570.0,56900,0.0,0.0
2023-06-27 10:00:00+09:00,569.0,570.0,568.0,569.0,21300,0.0,0.0
2023-06-27 11:00:00+09:00,569.0,570.0,569.0,569.0,0,0.0,0.0
2023-06-27 12:00:00+09:00,569.0,570.0,569.0,569.0,89300,0.0,0.0
2023-06-27 13:00:00+09:00,569.0,571.0,569.0,571.0,7500,0.0,0.0
2023-06-27 14:00:00+09:00,571.0,572.0,570.0,571.0,33200,0.0,0.0
2023-06-28 09:00:00+09:00,577.0,578.0,571.0,571.0,36000,0.0,0.0
2023-06-28 10:00:00+09:00,572.0,574.0,572.0,573.0,14400,0.0,0.0
2023-06-28 11:00:00+09:00,573.0,574.0,572.0,572.0,0,0.0,0.0
2023-06-28 12:00:00+09:00,573.0,575.0,573.0,575.0,72700,0.0,0.0
2023-06-28 13:00:00+09:00,575.0,575.0,573.0,573.0,15700,0.0,0.0
2023-06-28 14:00:00+09:00,573.0,576.0,573.0,576.0,29600,0.0,0.0
2023-06-29 09:00:00+09:00,576.0,580.0,576.0,578.0,0,0.0,0.0
2023-06-29 10:00:00+09:00,577.0,578.0,576.0,576.0,18700,0.0,0.0
2023-06-29 11:00:00+09:00,577.0,578.0,575.0,577.0,0,0.0,0.0
2023-06-29 12:00:00+09:00,577.0,577.0,574.0,576.0,87400,0.0,0.0
2023-06-29 13:00:00+09:00,576.0,576.0,575.0,575.0,14700,0.0,0.0
2023-06-29 14:00:00+09:00,576.0,580.0,574.0,578.0,69700,0.0,0.0
2023-06-30 09:00:00+09:00,578.0,578.0,572.0,573.0,33300,0.0,0.0
2023-06-30 10:00:00+09:00,573.0,574.0,572.0,573.0,25700,0.0,0.0
2023-06-30 11:00:00+09:00,573.0,574.0,572.0,574.0,0,0.0,0.0
2023-06-30 12:00:00+09:00,574.0,574.0,572.0,572.0,76700,0.0,0.0
2023-06-30 13:00:00+09:00,572.0,573.0,571.0,573.0,25300,0.0,0.0
2023-06-30 14:00:00+09:00,573.0,574.0,572.0,572.0,19700,0.0,0.0
2023-07-03 09:00:00+09:00,573.0,577.0,573.0,575.0,0,0.0,0.0
2023-07-03 10:00:00+09:00,575.0,576.0,574.0,575.0,10900,0.0,0.0
2023-07-03 11:00:00+09:00,574.0,575.0,573.0,575.0,0,0.0,0.0
2023-07-03 12:00:00+09:00,575.0,575.0,573.0,575.0,51700,0.0,0.0
2023-07-03 13:00:00+09:00,574.0,576.0,574.0,575.0,21100,0.0,0.0
2023-07-03 14:00:00+09:00,574.0,576.0,574.0,575.0,13600,0.0,0.0
2023-07-04 09:00:00+09:00,573.0,575.0,573.0,574.0,0,0.0,0.0
2023-07-04 10:00:00+09:00,574.0,575.0,571.0,572.0,87500,0.0,0.0
2023-07-04 11:00:00+09:00,571.0,572.0,571.0,572.0,0,0.0,0.0
2023-07-04 12:00:00+09:00,572.0,573.0,571.0,572.0,106400,0.0,0.0
2023-07-04 13:00:00+09:00,572.0,573.0,571.0,572.0,12500,0.0,0.0
2023-07-04 14:00:00+09:00,571.0,572.0,570.0,571.0,23300,0.0,0.0
2023-07-05 09:00:00+09:00,570.0,575.0,569.0,573.0,95000,0.0,0.0
2023-07-05 10:00:00+09:00,574.0,574.0,573.0,574.0,21100,0.0,0.0
2023-07-05 11:00:00+09:00,573.0,574.0,573.0,574.0,0,0.0,0.0
2023-07-05 12:00:00+09:00,573.0,576.0,573.0,575.0,193600,0.0,0.0
2023-07-05 13:00:00+09:00,575.0,575.0,574.0,575.0,6100,0.0,0.0
2023-07-05 14:00:00+09:00,574.0,576.0,573.0,575.0,31700,0.0,0.0
2023-07-06 09:00:00+09:00,572.0,574.0,571.0,574.0,26400,0.0,0.0
2023-07-06 10:00:00+09:00,573.0,574.0,573.0,573.0,14600,0.0,0.0
2023-07-06 11:00:00+09:00,573.0,574.0,572.0,573.0,0,0.0,0.0
2023-07-06 12:00:00+09:00,572.0,572.0,570.0,571.0,87000,0.0,0.0
2023-07-06 13:00:00+09:00,571.0,571.0,570.0,571.0,4700,0.0,0.0
2023-07-06 14:00:00+09:00,571.0,571.0,569.0,569.0,27400,0.0,0.0
2023-07-07 09:00:00+09:00,569.0,572.0,567.0,572.0,62400,0.0,0.0
2023-07-07 10:00:00+09:00,572.0,573.0,570.0,571.0,23200,0.0,0.0
2023-07-07 11:00:00+09:00,571.0,572.0,571.0,571.0,0,0.0,0.0
2023-07-07 12:00:00+09:00,573.0,574.0,572.0,573.0,102900,0.0,0.0
2023-07-07 13:00:00+09:00,573.0,573.0,572.0,572.0,9400,0.0,0.0
2023-07-07 14:00:00+09:00,572.0,573.0,569.0,570.0,31800,0.0,0.0
2023-07-10 09:00:00+09:00,573.0,577.0,572.0,576.0,0,0.0,0.0
2023-07-10 10:00:00+09:00,577.0,577.0,576.0,576.0,9300,0.0,0.0
2023-07-10 11:00:00+09:00,577.0,578.0,576.0,576.0,0,0.0,0.0
2023-07-10 12:00:00+09:00,576.0,577.0,575.0,575.0,99300,0.0,0.0
2023-07-10 13:00:00+09:00,576.0,579.0,575.0,579.0,24600,0.0,0.0
2023-07-10 14:00:00+09:00,579.0,579.0,576.0,577.0,30900,0.0,0.0
2023-07-11 09:00:00+09:00,579.0,581.0,578.0,580.0,30800,0.0,0.0
2023-07-11 10:00:00+09:00,579.0,579.0,578.0,578.0,13500,0.0,0.0
2023-07-11 11:00:00+09:00,578.0,578.0,577.0,577.0,0,0.0,0.0
2023-07-11 12:00:00+09:00,578.0,578.0,577.0,577.0,52500,0.0,0.0
2023-07-11 13:00:00+09:00,576.0,577.0,575.0,576.0,19100,0.0,0.0
2023-07-11 14:00:00+09:00,577.0,577.0,574.0,576.0,25400,0.0,0.0
2023-07-12 09:00:00+09:00,577.0,578.0,575.0,577.0,28700,0.0,0.0
2023-07-12 10:00:00+09:00,577.0,578.0,576.0,577.0,10100,0.0,0.0
2023-07-12 11:00:00+09:00,577.0,577.0,577.0,577.0,0,0.0,0.0
2023-07-12 12:00:00+09:00,578.0,578.0,577.0,577.0,43400,0.0,0.0
2023-07-12 13:00:00+09:00,578.0,578.0,576.0,576.0,8100,0.0,0.0
2023-07-12 14:00:00+09:00,577.0,577.0,574.0,575.0,12000,0.0,0.0
2023-07-13 09:00:00+09:00,580.0,580.0,571.0,574.0,0,0.0,0.0
2023-07-13 10:00:00+09:00,574.0,575.0,574.0,574.0,5300,0.0,0.0
2023-07-13 11:00:00+09:00,575.0,575.0,574.0,574.0,0,0.0,0.0
2023-07-13 12:00:00+09:00,574.0,575.0,574.0,574.0,38200,0.0,0.0
2023-07-13 13:00:00+09:00,574.0,575.0,573.0,573.0,7400,0.0,0.0
2023-07-13 14:00:00+09:00,573.0,574.0,573.0,573.0,8300,0.0,0.0
2023-07-14 09:00:00+09:00,576.0,577.0,571.0,572.0,67900,0.0,0.0
2023-07-14 10:00:00+09:00,572.0,572.0,571.0,572.0,15500,0.0,0.0
2023-07-14 11:00:00+09:00,572.0,573.0,572.0,573.0,0,0.0,0.0
2023-07-14 12:00:00+09:00,573.0,575.0,573.0,575.0,104200,0.0,0.0
2023-07-14 13:00:00+09:00,574.0,576.0,574.0,575.0,19300,0.0,0.0
2023-07-14 14:00:00+09:00,575.0,576.0,575.0,575.0,9700,0.0,0.0
2023-07-18 09:00:00+09:00,578.0,583.0,575.0,580.0,134000,0.0,0.0
2023-07-18 10:00:00+09:00,581.0,582.0,579.0,581.0,33900,0.0,0.0
2023-07-18 11:00:00+09:00,581.0,581.0,579.0,579.0,0,0.0,0.0
2023-07-18 12:00:00+09:00,579.0,581.0,579.0,581.0,226900,0.0,0.0
2023-07-18 13:00:00+09:00,580.0,583.0,579.0,582.0,55500,0.0,0.0
2023-07-18 14:00:00+09:00,583.0,585.0,581.0,584.0,92100,0.0,0.0
2023-07-19 09:00:00+09:00,589.0,602.0,589.0,602.0,346400,0.0,0.0
2023-07-19 10:00:00+09:00,601.0,602.0,598.0,602.0,89000,0.0,0.0
2023-07-19 11:00:00+09:00,603.0,605.0,603.0,605.0,0,0.0,0.0
2023-07-19 12:00:00+09:00,604.0,606.0,599.0,600.0,539000,0.0,0.0
2023-07-19 13:00:00+09:00,600.0,603.0,598.0,600.0,54000,0.0,0.0
2023-07-19 14:00:00+09:00,601.0,602.0,599.0,602.0,46900,0.0,0.0
2023-07-20 09:00:00+09:00,600.0,605.0,600.0,603.0,151500,0.0,0.0
2023-07-20 10:00:00+09:00,603.0,604.0,600.0,601.0,28300,0.0,0.0
2023-07-20 11:00:00+09:00,601.0,601.0,600.0,601.0,0,0.0,0.0
2023-07-20 12:00:00+09:00,599.0,602.0,599.0,600.0,208900,0.0,0.0
2023-07-20 13:00:00+09:00,600.0,602.0,600.0,601.0,8700,0.0,0.0
2023-07-20 14:00:00+09:00,601.0,605.0,601.0,604.0,122100,0.0,0.0
2023-07-21 09:00:00+09:00,604.0,608.0,601.0,605.0,0,0.0,0.0
2023-07-21 10:00:00+09:00,605.0,609.0,605.0,608.0,148000,0.0,0.0
2023-07-21 11:00:00+09:00,608.0,609.0,608.0,608.0,0,0.0,0.0
2023-07-21 12:00:00+09:00,608.0,609.0,607.0,608.0,172100,0.0,0.0
2023-07-21 13:00:00+09:00,608.0,608.0,607.0,607.0,16800,0.0,0.0
2023-07-21 14:00:00+09:00,608.0,609.0,608.0,608.0,29300,0.0,0.0
2023-07-24 09:00:00+09:00,610.0,612.0,606.0,607.0,67200,0.0,0.0
2023-07-24 10:00:00+09:00,608.0,609.0,606.0,608.0,41600,0.0,0.0
2023-07-24 11:00:00+09:00,608.0,609.0,608.0,608.0,0,0.0,0.0
2023-07-24 12:00:00+09:00,610.0,611.0,609.0,610.0,147700,0.0,0.0
2023-07-24 13:00:00+09:00,610.0,611.0,609.0,611.0,5900,0.0,0.0
2023-07-24 14:00:00+09:00,610.0,613.0,610.0,612.0,57700,0.0,0.0
2023-07-25 09:00:00+09:00,613.0,613.0,607.0,610.0,65100,0.0,0.0
2023-07-25 10:00:00+09:00,610.0,610.0,600.0,607.0,97100,0.0,0.0
2023-07-25 11:00:00+09:00,607.0,608.0,605.0,607.0,0,0.0,0.0
2023-07-25 12:00:00+09:00,607.0,610.0,607.0,610.0,186100,0.0,0.0
2023-07-25 13:00:00+09:00,610.0,611.0,609.0,610.0,10800,0.0,0.0
2023-07-25 14:00:00+09:00,611.0,611.0,610.0,611.0,15600,0.0,0.0
2023-07-26 09:00:00+09:00,608.0,610.0,604.0,609.0,46100,0.0,0.0
2023-07-26 10:00:00+09:00,609.0,611.0,609.0,610.0,18500,0.0,0.0
2023-07-26 11:00:00+09:00,610.0,611.0,610.0,611.0,0,0.0,0.0
2023-07-26 12:00:00+09:00,612.0,612.0,610.0,610.0,76100,0.0,0.0
2023-07-26 13:00:00+09:00,610.0,610.0,609.0,609.0,4000,0.0,0.0
2023-07-26 14:00:00+09:00,610.0,611.0,609.0,611.0,20000,0.0,0.0
2023-07-27 09:00:00+09:00,610.0,610.0,605.0,606.0,24900,0.0,0.0
2023-07-27 10:00:00+09:00,606.0,606.0,603.0,603.0,0,0.0,0.0
2023-07-27 11:00:00+09:00,603.0,604.0,603.0,604.0,0,0.0,0.0
2023-07-27 12:00:00+09:00,604.0,605.0,602.0,605.0,48800,0.0,0.0
2023-07-27 13:00:00+09:00,605.0,607.0,605.0,607.0,12900,0.0,0.0
2023-07-27 14:00:00+09:00,607.0,608.0,606.0,606.0,22700,0.0,0.0
2023-07-28 09:00:00+09:00,603.0,606.0,601.0,605.0,38400,0.0,0.0
2023-07-28 10:00:00+09:00,605.0,606.0,603.0,605.0,11600,0.0,0.0
2023-07-28 11:00:00+09:00,605.0,608.0,604.0,607.0,0,0.0,0.0
2023-07-28 12:00:00+09:00,607.0,611.0,605.0,607.0,103900,0.0,0.0
2023-07-28 13:00:00+09:00,607.0,610.0,604.0,607.0,42900,0.0,0.0
2023-07-28 14:00:00+09:00,606.0,610.0,606.0,610.0,40900,0.0,0.0
2023-07-31 09:00:00+09:00,612.0,612.0,607.0,610.0,48400,0.0,0.0
2023-07-31 10:00:00+09:00,610.0,610.0,607.0,609.0,16400,0.0,0.0
2023-07-31 11:00:00+09:00,607.0,608.0,606.0,608.0,0,0.0,0.0
2023-07-31 12:00:00+09:00,608.0,609.0,606.0,609.0,84300,0.0,0.0
2023-07-31 13:00:00+09:00,608.0,609.0,607.0,607.0,13300,0.0,0.0
2023-07-31 14:00:00+09:00,608.0,610.0,607.0,609.0,7700,0.0,0.0
2023-08-01 09:00:00+09:00,608.0,609.0,606.0,608.0,13500,0.0,0.0
2023-08-01 10:00:00+09:00,608.0,609.0,608.0,608.0,8800,0.0,0.0
2023-08-01 11:00:00+09:00,608.0,609.0,608.0,609.0,0,0.0,0.0
2023-08-01 12:00:00+09:00,607.0,610.0,607.0,609.0,34600,0.0,0.0
2023-08-01 13:00:00+09:00,609.0,611.0,609.0,609.0,9600,0.0,0.0
2023-08-01 14:00:00+09:00,610.0,611.0,609.0,609.0,15200,0.0,0.0
2023-08-02 09:00:00+09:00,607.0,612.0,606.0,611.0,44600,0.0,0.0
2023-08-02 10:00:00+09:00,611.0,614.0,611.0,612.0,31500,0.0,0.0
2023-08-02 11:00:00+09:00,612.0,613.0,611.0,611.0,0,0.0,0.0
2023-08-02 12:00:00+09:00,611.0,612.0,611.0,611.0,89400,0.0,0.0
2023-08-02 13:00:00+09:00,611.0,611.0,609.0,609.0,27800,0.0,0.0
2023-08-02 14:00:00+09:00,609.0,610.0,608.0,609.0,20500,0.0,0.0
2023-08-03 09:00:00+09:00,607.0,607.0,602.0,604.0,43900,0.0,0.0
2023-08-03 10:00:00+09:00,604.0,604.0,603.0,604.0,17900,0.0,0.0
2023-08-03 11:00:00+09:00,604.0,604.0,603.0,603.0,0,0.0,0.0
2023-08-03 12:00:00+09:00,603.0,604.0,603.0,604.0,82700,0.0,0.0
2023-08-03 13:00:00+09:00,604.0,604.0,601.0,602.0,32700,0.0,0.0
2023-08-03 14:00:00+09:00,602.0,602.0,600.0,602.0,24600,0.0,0.0
2023-08-04 09:00:00+09:00,602.0,604.0,601.0,604.0,9400,0.0,0.0
2023-08-04 10:00:00+09:00,604.0,604.0,600.0,602.0,7400,0.0,0.0
2023-08-04 11:00:00+09:00,601.0,601.0,600.0,601.0,0,0.0,0.0
2023-08-04 12:00:00+09:00,601.0,603.0,601.0,602.0,29700,0.0,0.0
2023-08-04 13:00:00+09:00,602.0,602.0,601.0,601.0,700,0.0,0.0
2023-08-04 14:00:00+09:00,601.0,602.0,601.0,602.0,21800,0.0,0.0
2023-08-07 09:00:00+09:00,602.0,606.0,601.0,605.0,26800,0.0,0.0
2023-08-07 10:00:00+09:00,605.0,606.0,605.0,606.0,3700,0.0,0.0
2023-08-07 11:00:00+09:00,606.0,607.0,606.0,606.0,0,0.0,0.0
2023-08-07 12:00:00+09:00,606.0,606.0,604.0,604.0,38900,0.0,0.0
2023-08-07 13:00:00+09:00,604.0,605.0,604.0,604.0,15200,0.0,0.0
2023-08-07 14:00:00+09:00,604.0,604.0,601.0,604.0,10800,0.0,0.0
2023-08-08 09:00:00+09:00,602.0,605.0,602.0,604.0,27100,0.0,0.0
2023-08-08 10:00:00+09:00,604.0,605.0,602.0,604.0,15500,0.0,0.0
2023-08-08 11:00:00+09:00,604.0,604.0,604.0,604.0,0,0.0,0.0
2023-08-08 12:00:00+09:00,603.0,605.0,603.0,604.0,45700,0.0,0.0
2023-08-08 13:00:00+09:00,604.0,604.0,603.0,603.0,5800,0.0,0.0
2023-08-08 14:00:00+09:00,604.0,604.0,601.0,604.0,26400,0.0,0.0
2023-08-09 09:00:00+09:00,603.0,603.0,599.0,600.0,50900,0.0,0.0
2023-08-09 10:00:00+09:00,600.0,603.0,600.0,602.0,20200,0.0,0.0
2023-08-09 11:00:00+09:00,603.0,603.0,602.0,603.0,0,0.0,0.0
2023-08-09 12:00:00+09:00,601.0,603.0,601.0,602.0,87100,0.0,0.0
2023-08-09 13:00:00+09:00,602.0,603.0,602.0,603.0,0,0.0,0.0
2023-08-09 14:00:00+09:00,602.0,603.0,602.0,602.0,101200,0.0,0.0
2023-08-10 09:00:00+09:00,601.0,601.0,596.0,601.0,24200,0.0,0.0
2023-08-10 10:00:00+09:00,601.0,603.0,601.0,602.0,15200,0.0,0.0
2023-08-10 11:00:00+09:00,602.0,604.0,602.0,604.0,0,0.0,0.0
2023-08-10 12:00:00+09:00,604.0,604.0,603.0,604.0,49300,0.0,0.0
2023-08-10 13:00:00+09:00,604.0,604.0,603.0,604.0,6800,0.0,0.0
2023-08-10 14:00:00+09:00,604.0,606.0,603.0,605.0,12300,0.0,0.0
2023-08-14 09:00:00+09:00,604.0,606.0,601.0,604.0,33100,0.0,0.0
2023-08-14 10:00:00+09:00,603.0,604.0,603.0,604.0,9500,0.0,0.0
2023-08-14 11:00:00+09:00,603.0,603.0,603.0,603.0,0,0.0,0.0
2023-08-14 12:00:00+09:00,603.0,603.0,602.0,602.0,62500,0.0,0.0
2023-08-14 13:00:00+09:00,602.0,603.0,601.0,602.0,5900,0.0,0.0
2023-08-14 14:00:00+09:00,602.0,603.0,602.0,603.0,9800,0.0,0.0
2023-08-15 09:00:00+09:00,601.0,605.0,600.0,604.0,29100,0.0,0.0
2023-08-15 10:00:00+09:00,604.0,606.0,604.0,605.0,8300,0.0,0.0
2023-08-15 11:00:00+09:00,605.0,605.0,603.0,604.0,0,0.0,0.0
2023-08-15 12:00:00+09:00,604.0,604.0,603.0,603.0,48200,0.0,0.0
2023-08-15 13:00:00+09:00,603.0,604.0,603.0,604.0,9900,0.0,0.0
2023-08-15 14:00:00+09:00,604.0,604.0,604.0,604.0,15500,0.0,0.0
2023-08-16 09:00:00+09:00,603.0,606.0,602.0,605.0,20900,0.0,0.0
2023-08-16 10:00:00+09:00,605.0,606.0,605.0,605.0,3800,0.0,0.0
2023-08-16 11:00:00+09:00,604.0,606.0,604.0,606.0,0,0.0,0.0
2023-08-16 12:00:00+09:00,606.0,606.0,606.0,606.0,36800,0.0,0.0
2023-08-16 13:00:00+09:00,606.0,607.0,605.0,605.0,7100,0.0,0.0
2023-08-16 14:00:00+09:00,605.0,606.0,605.0,606.0,20800,0.0,0.0
2023-08-17 09:00:00+09:00,606.0,606.0,601.0,602.0,16300,0.0,0.0
2023-08-17 10:00:00+09:00,602.0,602.0,595.0,598.0,41500,0.0,0.0
2023-08-17 11:00:00+09:00,597.0,599.0,597.0,598.0,0,0.0,0.0
2023-08-17 12:00:00+09:00,598.0,600.0,598.0,600.0,72700,0.0,0.0
2023-08-17 13:00:00+09:00,600.0,601.0,600.0,601.0,9700,0.0,0.0
2023-08-17 14:00:00+09:00,602.0,602.0,599.0,601.0,26700,0.0,0.0
2023-08-18 09:00:00+09:00,599.0,599.0,595.0,597.0,27600,0.0,0.0
2023-08-18 10:00:00+09:00,597.0,598.0,597.0,597.0,12600,0.0,0.0
2023-08-18 11:00:00+09:00,597.0,597.0,597.0,597.0,0,0.0,0.0
2023-08-18 12:00:00+09:00,596.0,597.0,595.0,597.0,50700,0.0,0.0
2023-08-18 13:00:00+09:00,596.0,596.0,596.0,596.0,4700,0.0,0.0
2023-08-18 14:00:00+09:00,595.0,595.0,593.0,595.0,26300,0.0,0.0
2023-08-21 09:00:00+09:00,596.0,596.0,593.0,594.0,14100,0.0,0.0
2023-08-21 10:00:00+09:00,593.0,594.0,592.0,593.0,12500,0.0,0.0
2023-08-21 11:00:00+09:00,593.0,594.0,593.0,594.0,0,0.0,0.0
2023-08-21 12:00:00+09:00,594.0,594.0,593.0,593.0,30900,0.0,0.0
2023-08-21 13:00:00+09:00,593.0,593.0,588.0,592.0,76700,0.0,0.0
2023-08-21 14:00:00+09:00,592.0,593.0,591.0,592.0,23100,0.0,0.0
2023-08-22 09:00:00+09:00,592.0,596.0,590.0,593.0,25600,0.0,0.0
2023-08-22 10:00:00+09:00,593.0,593.0,591.0,592.0,11800,0.0,0.0
2023-08-22 11:00:00+09:00,593.0,593.0,592.0,593.0,0,0.0,0.0
2023-08-22 12:00:00+09:00,591.0,592.0,591.0,591.0,41100,0.0,0.0
2023-08-22 13:00:00+09:00,591.0,593.0,590.0,592.0,11000,0.0,0.0
2023-08-22 14:00:00+09:00,592.0,593.0,591.0,593.0,19900,0.0,0.0
2023-08-23 09:00:00+09:00,592.0,595.0,592.0,594.0,12900,0.0,0.0
2023-08-23 10:00:00+09:00,594.0,597.0,593.0,596.0,26300,0.0,0.0
2023-08-23 11:00:00+09:00,597.0,597.0,594.0,596.0,0,0.0,0.0
2023-08-23 12:00:00+09:00,596.0,597.0,594.0,597.0,58600,0.0,0.0
2023-08-23 13:00:00+09:00,596.0,597.0,596.0,597.0,11600,0.0,0.0
2023-08-23 14:00:00+09:00,596.0,598.0,596.0,598.0,17300,0.0,0.0
2023-08-24 09:00:00+09:00,599.0,599.0,596.0,598.0,0,0.0,0.0
2023-08-24 10:00:00+09:00,599.0,600.0,598.0,599.0,17200,0.0,0.0
2023-08-24 11:00:00+09:00,599.0,599.0,599.0,599.0,0,0.0,0.0
2023-08-24 12:00:00+09:00,600.0,601.0,599.0,599.0,31900,0.0,0.0
2023-08-24 13:00:00+09:00,599.0,602.0,599.0,602.0,8400,0.0,0.0
2023-08-24 14:00:00+09:00,602.0,603.0,601.0,602.0,10300,0.0,0.0
2023-08-25 09:00:00+09:00,600.0,603.0,599.0,603.0,0,0.0,0.0
2023-08-25 10:00:00+09:00,602.0,603.0,602.0,602.0,47900,0.0,0.0
2023-08-25 11:00:00+09:00,602.0,603.0,602.0,603.0,0,0.0,0.0
2023-08-25 12:00:00+09:00,603.0,604.0,603.0,603.0,57500,0.0,0.0
2023-08-25 13:00:00+09:00,604.0,605.0,598.0,601.0,39300,0.0,0.0
2023-08-25 14:00:00+09:00,600.0,602.0,600.0,601.0,15000,0.0,0.0
2023-08-28 09:00:00+09:00,605.0,609.0,605.0,608.0,45800,0.0,0.0
2023-08-28 10:00:00+09:00,608.0,609.0,607.0,608.0,4400,0.0,0.0
2023-08-28 11:00:00+09:00,608.0,609.0,608.0,608.0,0,0.0,0.0
2023-08-28 12:00:00+09:00,609.0,609.0,608.0,608.0,61100,0.0,0.0
2023-08-28 13:00:00+09:00,608.0,610.0,608.0,609.0,21300,0.0,0.0
2023-08-28 14:00:00+09:00,609.0,612.0,609.0,611.0,45300,0.0,0.0
2023-08-29 09:00:00+09:00,612.0,612.0,606.0,610.0,37500,0.0,0.0
2023-08-29 10:00:00+09:00,609.0,611.0,609.0,610.0,4700,0.0,0.0
2023-08-29 11:00:00+09:00,610.0,610.0,609.0,610.0,0,0.0,0.0
2023-08-29 12:00:00+09:00,611.0,611.0,610.0,611.0,0,0.0,0.0
2023-08-29 13:00:00+09:00,611.0,612.0,610.0,611.0,68000,0.0,0.0
2023-08-29 14:00:00+09:00,611.0,612.0,610.0,612.0,15400,0.0,0.0
2023-08-30 09:00:00+09:00,612.0,613.0,609.0,611.0,26400,0.0,0.0
2023-08-30 10:00:00+09:00,611.0,612.0,611.0,611.0,4300,0.0,0.0
2023-08-30 11:00:00+09:00,612.0,612.0,612.0,612.0,0,0.0,0.0
2023-08-30 12:00:00+09:00,611.0,612.0,611.0,611.0,41600,0.0,0.0
2023-08-30 13:00:00+09:00,611.0,612.0,611.0,611.0,2100,0.0,0.0
2023-08-30 14:00:00+09:00,611.0,612.0,610.0,611.0,14600,0.0,0.0
2023-08-31 09:00:00+09:00,611.0,612.0,609.0,612.0,32800,0.0,0.0
2023-08-31 10:00:00+09:00,612.0,612.0,611.0,612.0,1800,0.0,0.0
2023-08-31 11:00:00+09:00,612.0,612.0,612.0,612.0,0,0.0,0.0
2023-08-31 12:00:00+09:00,611.0,613.0,611.0,612.0,49400,0.0,0.0
2023-08-31 13:00:00+09:00,612.0,612.0,612.0,612.0,6100,0.0,0.0
2023-08-31 14:00:00+09:00,613.0,615.0,612.0,613.0,53800,0.0,0.0
2023-09-01 09:00:00+09:00,612.0,616.0,612.0,615.0,31200,0.0,0.0
2023-09-01 10:00:00+09:00,616.0,616.0,614.0,615.0,7000,0.0,0.0
2023-09-01 11:00:00+09:00,614.0,615.0,614.0,615.0,0,0.0,0.0
2023-09-01 12:00:00+09:00,615.0,616.0,614.0,616.0,55100,0.0,0.0
2023-09-01 13:00:00+09:00,616.0,616.0,616.0,616.0,3600,0.0,0.0
2023-09-01 14:00:00+09:00,616.0,618.0,616.0,617.0,45400,0.0,0.0
2023-09-04 09:00:00+09:00,619.0,626.0,618.0,626.0,88600,0.0,0.0
2023-09-04 10:00:00+09:00,625.0,627.0,624.0,626.0,36700,0.0,0.0
2023-09-04 11:00:00+09:00,625.0,625.0,624.0,624.0,0,0.0,0.0
2023-09-04 12:00:00+09:00,625.0,625.0,624.0,624.0,135600,0.0,0.0
2023-09-04 13:00:00+09:00,624.0,625.0,624.0,625.0,5500,0.0,0.0
2023-09-04 14:00:00+09:00,625.0,626.0,623.0,625.0,29400,0.0,0.0
2023-09-05 09:00:00+09:00,623.0,625.0,621.0,622.0,21600,0.0,0.0
2023-09-05 10:00:00+09:00,622.0,623.0,622.0,622.0,8300,0.0,0.0
2023-09-05 11:00:00+09:00,622.0,622.0,622.0,622.0,0,0.0,0.0
2023-09-05 12:00:00+09:00,623.0,623.0,622.0,623.0,37900,0.0,0.0
2023-09-05 13:00:00+09:00,623.0,625.0,623.0,624.0,19800,0.0,0.0
2023-09-05 14:00:00+09:00,623.0,627.0,623.0,626.0,24700,0.0,0.0
2023-09-06 09:00:00+09:00,627.0,628.0,625.0,628.0,36200,0.0,0.0
2023-09-06 10:00:00+09:00,627.0,627.0,626.0,626.0,12300,0.0,0.0
2023-09-06 11:00:00+09:00,625.0,627.0,625.0,627.0,0,0.0,0.0
2023-09-06 12:00:00+09:00,627.0,627.0,626.0,626.0,58000,0.0,0.0
2023-09-06 13:00:00+09:00,626.0,626.0,624.0,625.0,0,0.0,0.0
2023-09-06 14:00:00+09:00,626.0,627.0,626.0,627.0,77300,0.0,0.0
2023-09-07 09:00:00+09:00,626.0,629.0,625.0,629.0,56600,0.0,0.0
2023-09-07 10:00:00+09:00,629.0,633.0,629.0,631.0,73400,0.0,0.0
2023-09-07 11:00:00+09:00,632.0,632.0,630.0,631.0,0,0.0,0.0
2023-09-07 12:00:00+09:00,629.0,631.0,629.0,630.0,145200,0.0,0.0
2023-09-07 13:00:00+09:00,631.0,632.0,630.0,631.0,13900,0.0,0.0
2023-09-07 14:00:00+09:00,630.0,633.0,630.0,631.0,32000,0.0,0.0
2023-09-08 09:00:00+09:00,627.0,634.0,627.0,631.0,77800,0.0,0.0
2023-09-08 10:00:00+09:00,632.0,633.0,631.0,632.0,15400,0.0,0.0
2023-09-08 11:00:00+09:00,632.0,633.0,632.0,632.0,0,0.0,0.0
2023-09-08 12:00:00+09:00,632.0,633.0,630.0,631.0,106800,0.0,0.0
2023-09-08 13:00:00+09:00,630.0,630.0,629.0,629.0,13400,0.0,0.0
2023-09-08 14:00:00+09:00,629.0,631.0,629.0,629.0,27000,0.0,0.0
2023-09-11 09:00:00+09:00,629.0,632.0,629.0,632.0,19400,0.0,0.0
2023-09-11 10:00:00+09:00,631.0,632.0,631.0,631.0,4300,0.0,0.0
2023-09-11 11:00:00+09:00,631.0,632.0,631.0,631.0,0,0.0,0.0
2023-09-11 12:00:00+09:00,631.0,632.0,631.0,631.0,49200,0.0,0.0
2023-09-11 13:00:00+09:00,631.0,631.0,630.0,630.0,3000,0.0,0.0
2023-09-11 14:00:00+09:00,631.0,633.0,630.0,632.0,15700,0.0,0.0
2023-09-12 09:00:00+09:00,633.0,635.0,632.0,633.0,36800,0.0,0.0
2023-09-12 10:00:00+09:00,633.0,634.0,633.0,633.0,4200,0.0,0.0
2023-09-12 11:00:00+09:00,633.0,634.0,633.0,634.0,0,0.0,0.0
2023-09-12 12:00:00+09:00,635.0,635.0,631.0,634.0,75100,0.0,0.0
2023-09-12 13:00:00+09:00,634.0,634.0,633.0,634.0,4600,0.0,0.0
2023-09-12 14:00:00+09:00,633.0,637.0,633.0,636.0,33500,0.0,0.0
2023-09-13 09:00:00+09:00,635.0,639.0,635.0,638.0,81600,0.0,0.0
2023-09-13 10:00:00+09:00,640.0,642.0,640.0,641.0,89500,0.0,0.0
2023-09-13 11:00:00+09:00,642.0,644.0,642.0,643.0,0,0.0,0.0
2023-09-13 12:00:00+09:00,643.0,643.0,642.0,642.0,199900,0.0,0.0
2023-09-13 13:00:00+09:00,642.0,643.0,640.0,643.0,0,0.0,0.0
2023-09-13 14:00:00+09:00,643.0,643.0,642.0,643.0,253400,0.0,0.0
2023-09-14 09:00:00+09:00,643.0,653.0,643.0,648.0,148100,0.0,0.0
2023-09-14 10:00:00+09:00,649.0,649.0,645.0,646.0,11000,0.0,0.0
2023-09-14 11:00:00+09:00,646.0,646.0,645.0,645.0,0,0.0,0.0
2023-09-14 12:00:00+09:00,647.0,648.0,646.0,647.0,171300,0.0,0.0
2023-09-14 13:00:00+09:00,647.0,649.0,646.0,649.0,18300,0.0,0.0
2023-09-14 14:00:00+09:00,648.0,650.0,648.0,649.0,27600,0.0,0.0
2023-09-15 09:00:00+09:00,650.0,659.0,650.0,658.0,61300,0.0,0.0
2023-09-15 10:00:00+09:00,658.0,660.0,658.0,660.0,24200,0.0,0.0
2023-09-15 11:00:00+09:00,660.0,661.0,660.0,660.0,0,0.0,0.0
2023-09-15 12:00:00+09:00,660.0,663.0,660.0,661.0,143100,0.0,0.0
2023-09-15 13:00:00+09:00,661.0,661.0,658.0,660.0,32900,0.0,0.0
2023-09-15 14:00:00+09:00,660.0,660.0,656.0,660.0,84100,0.0,0.0
2023-09-19 09:00:00+09:00,660.0,664.0,660.0,664.0,22600,0.0,0.0
2023-09-19 10:00:00+09:00,664.0,664.0,660.0,660.0,23800,0.0,0.0
2023-09-19 11:00:00+09:00,660.0,661.0,660.0,660.0,0,0.0,0.0
2023-09-19 12:00:00+09:00,660.0,662.0,660.0,661.0,58400,0.0,0.0
2023-09-19 13:00:00+09:00,661.0,661.0,660.0,660.0,9300,0.0,0.0
2023-09-19 14:00:00+09:00,661.0,668.0,661.0,666.0,51200,0.0,0.0
2023-09-20 09:00:00+09:00,668.0,669.0,660.0,661.0,64800,0.0,0.0
2023-09-20 10:00:00+09:00,660.0,661.0,658.0,661.0,9000,0.0,0.0
2023-09-20 11:00:00+09:00,661.0,661.0,660.0,661.0,0,0.0,0.0
2023-09-20 12:00:00+09:00,660.0,661.0,658.0,659.0,93700,0.0,0.0
2023-09-20 13:00:00+09:00,659.0,660.0,657.0,658.0,7900,0.0,0.0
2023-09-20 14:00:00+09:00,658.0,660.0,657.0,657.0,26000,0.0,0.0
2023-09-21 09:00:00+09:00,655.0,662.0,654.0,661.0,27500,0.0,0.0
2023-09-21 10:00:00+09:00,661.0,662.0,659.0,660.0,8200,0.0,0.0
2023-09-21 11:00:00+09:00,659.0,659.0,657.0,657.0,0,0.0,0.0
2023-09-21 12:00:00+09:00,657.0,658.0,657.0,658.0,47700,0.0,0.0
2023-09-21 13:00:00+09:00,658.0,658.0,655.0,655.0,10900,0.0,0.0
2023-09-21 14:00:00+09:00,655.0,656.0,653.0,653.0,13500,0.0,0.0
2023-09-22 09:00:00+09:00,651.0,653.0,647.0,653.0,30500,0.0,0.0
2023-09-22 10:00:00+09:00,653.0,654.0,652.0,654.0,14100,0.0,0.0
2023-09-22 11:00:00+09:00,652.0,653.0,651.0,651.0,0,0.0,0.0
2023-09-22 12:00:00+09:00,653.0,655.0,653.0,653.0,63400,0.0,0.0
2023-09-22 13:00:00+09:00,654.0,655.0,653.0,654.0,10300,0.0,0.0
2023-09-22 14:00:00+09:00,653.0,658.0,653.0,655.0,23700,0.0,0.0
2023-09-25 09:00:00+09:00,669.0,669.0,659.0,666.0,200900,0.0,0.0
2023-09-25 10:00:00+09:00,665.0,666.0,664.0,665.0,16300,0.0,0.0
2023-09-25 11:00:00+09:00,664.0,665.0,663.0,663.0,0,0.0,0.0
2023-09-25 12:00:00+09:00,660.0,663.0,660.0,663.0,248800,0.0,0.0
2023-09-25 13:00:00+09:00,663.0,663.0,659.0,660.0,11900,0.0,0.0
2023-09-25 14:00:00+09:00,660.0,662.0,660.0,660.0,24600,0.0,0.0
2023-09-26 09:00:00+09:00,657.0,657.0,646.0,650.0,56700,0.0,0.0
2023-09-26 10:00:00+09:00,652.0,654.0,650.0,652.0,11800,0.0,0.0
2023-09-26 11:00:00+09:00,653.0,655.0,653.0,654.0,0,0.0,0.0
2023-09-26 12:00:00+09:00,652.0,656.0,652.0,656.0,86200,0.0,0.0
2023-09-26 13:00:00+09:00,657.0,657.0,656.0,657.0,21300,0.0,0.0
2023-09-26 14:00:00+09:00,657.0,658.0,656.0,656.0,17200,0.0,0.0
2023-09-27 09:00:00+09:00,653.0,654.0,648.0,650.0,21300,0.0,0.0
2023-09-27 10:00:00+09:00,650.0,654.0,649.0,654.0,14600,0.0,0.0
2023-09-27 11:00:00+09:00,654.0,655.0,654.0,655.0,0,0.0,0.0
2023-09-27 12:00:00+09:00,655.0,658.0,655.0,657.0,54600,0.0,0.0
2023-09-27 13:00:00+09:00,657.0,659.0,657.0,659.0,9200,0.0,0.0
2023-09-27 14:00:00+09:00,659.0,665.0,658.0,663.0,47400,0.0,0.0
2023-09-28 09:00:00+09:00,661.0,665.0,659.0,664.0,19300,0.0,0.0
2023-09-28 10:00:00+09:00,663.0,670.0,663.0,669.0,45000,0.0,0.0
2023-09-28 11:00:00+09:00,669.0,669.0,666.0,667.0,0,0.0,0.0
2023-09-28 12:00:00+09:00,662.0,665.0,662.0,663.0,84000,0.0,0.0
2023-09-28 13:00:00+09:00,663.0,670.0,663.0,669.0,47100,0.0,0.0
2023-09-28 14:00:00+09:00,669.0,672.0,669.0,671.0,31700,0.0,0.0
2023-09-29 09:00:00+09:00,681.0,686.0,675.0,677.0,138300,0.0,0.0
2023-09-29 10:00:00+09:00,677.0,678.0,669.0,671.0,19000,0.0,0.0
2023-09-29 11:00:00+09:00,670.0,670.0,669.0,670.0,0,0.0,0.0
2023-09-29 12:00:00+09:00,670.0,670.0,668.0,668.0,171600,0.0,0.0
2023-09-29 13:00:00+09:00,668.0,668.0,663.0,663.0,23300,0.0,0.0
2023-09-29 14:00:00+09:00,663.0,667.0,661.0,665.0,31500,0.0,0.0
2023-10-02 09:00:00+09:00,672.0,676.0,665.0,673.0,72300,0.0,0.0
2023-10-02 10:00:00+09:00,674.0,678.0,665.0,672.0,123400,0.0,0.0
2023-10-02 11:00:00+09:00,672.0,673.0,670.0,671.0,0,0.0,0.0
2023-10-02 12:00:00+09:00,670.0,670.0,664.0,665.0,220600,0.0,0.0
2023-10-02 13:00:00+09:00,665.0,666.0,662.0,664.0,28400,0.0,0.0
2023-10-02 14:00:00+09:00,664.0,664.0,659.0,660.0,31900,0.0,0.0
2023-10-03 09:00:00+09:00,658.0,658.0,644.0,651.0,39800,0.0,0.0
2023-10-03 10:00:00+09:00,650.0,653.0,649.0,651.0,16500,0.0,0.0
2023-10-03 11:00:00+09:00,652.0,653.0,651.0,653.0,0,0.0,0.0
2023-10-03 12:00:00+09:00,652.0,652.0,648.0,648.0,70100,0.0,0.0
2023-10-03 13:00:00+09:00,648.0,648.0,644.0,644.0,25600,0.0,0.0
2023-10-03 14:00:00+09:00,645.0,647.0,643.0,644.0,19300,0.0,0.0
2023-10-04 09:00:00+09:00,633.0,638.0,628.0,634.0,40900,0.0,0.0
2023-10-04 10:00:00+09:00,634.0,636.0,631.0,632.0,14600,0.0,0.0
2023-10-04 11:00:00+09:00,633.0,635.0,631.0,635.0,0,0.0,0.0
2023-10-04 12:00:00+09:00,637.0,637.0,628.0,629.0,102800,0.0,0.0
2023-10-04 13:00:00+09:00,628.0,633.0,625.0,630.0,34100,0.0,0.0
2023-10-04 14:00:00+09:00,630.0,630.0,626.0,626.0,26500,0.0,0.0
2023-10-05 09:00:00+09:00,628.0,636.0,628.0,633.0,0,0.0,0.0
2023-10-05 10:00:00+09:00,632.0,634.0,632.0,633.0,41700,0.0,0.0
2023-10-05 11:00:00+09:00,634.0,637.0,633.0,637.0,0,0.0,0.0
2023-10-05 12:00:00+09:00,635.0,638.0,635.0,638.0,55700,0.0,0.0
2023-10-05 13:00:00+09:00,638.0,638.0,636.0,638.0,11800,0.0,0.0
2023-10-05 14:00:00+09:00,637.0,637.0,635.0,637.0,21300,0.0,0.0
2023-10-06 09:00:00+09:00,636.0,644.0,636.0,644.0,36900,0.0,0.0
2023-10-06 10:00:00+09:00,642.0,646.0,642.0,644.0,6800,0.0,0.0
2023-10-06 11:00:00+09:00,643.0,643.0,642.0,642.0,0,0.0,0.0
2023-10-06 12:00:00+09:00,642.0,643.0,641.0,641.0,53100,0.0,0.0
2023-10-06 13:00:00+09:00,641.0,643.0,640.0,641.0,6000,0.0,0.0
2023-10-06 14:00:00+09:00,641.0,643.0,639.0,640.0,36100,0.0,0.0
2023-10-10 09:00:00+09:00,649.0,650.0,645.0,646.0,10300,0.0,0.0
2023-10-10 10:00:00+09:00,647.0,649.0,646.0,647.0,11400,0.0,0.0
2023-10-10 11:00:00+09:00,645.0,646.0,644.0,646.0,0,0.0,0.0
2023-10-10 12:00:00+09:00,644.0,646.0,644.0,644.0,29100,0.0,0.0
2023-10-10 13:00:00+09:00,645.0,646.0,642.0,645.0,27800,0.0,0.0
2023-10-10 14:00:00+09:00,644.0,644.0,642.0,643.0,20400,0.0,0.0
2023-10-11 09:00:00+09:00,644.0,644.0,638.0,638.0,16800,0.0,0.0
2023-10-11 10:00:00+09:00,638.0,642.0,637.0,642.0,14300,0.0,0.0
2023-10-11 11:00:00+09:00,641.0,643.0,641.0,643.0,0,0.0,0.0
2023-10-11 12:00:00+09:00,644.0,646.0,642.0,646.0,42000,0.0,0.0
2023-10-11 13:00:00+09:00,646.0,649.0,645.0,647.0,21000,0.0,0.0
2023-10-11 14:00:00+09:00,648.0,648.0,645.0,645.0,19600,0.0,0.0
2023-10-12 09:00:00+09:00,650.0,650.0,641.0,643.0,23700,0.0,0.0
2023-10-12 10:00:00+09:00,642.0,643.0,641.0,642.0,17900,0.0,0.0
2023-10-12 11:00:00+09:00,644.0,647.0,644.0,647.0,0,0.0,0.0
2023-10-12 12:00:00+09:00,649.0,649.0,645.0,645.0,65300,0.0,0.0
2023-10-12 13:00:00+09:00,645.0,646.0,644.0,645.0,4700,0.0,0.0
2023-10-12 14:00:00+09:00,645.0,645.0,643.0,645.0,27200,0.0,0.0
2023-10-13 09:00:00+09:00,641.0,645.0,641.0,642.0,26000,0.0,0.0
2023-10-13 10:00:00+09:00,642.0,643.0,640.0,643.0,18000,0.0,0.0
2023-10-13 11:00:00+09:00,643.0,643.0,640.0,642.0,0,0.0,0.0
2023-10-13 12:00:00+09:00,640.0,640.0,637.0,637.0,66300,0.0,0.0
2023-10-13 13:00:00+09:00,638.0,639.0,636.0,636.0,9600,0.0,0.0
2023-10-13 14:00:00+09:00,636.0,637.0,633.0,635.0,24400,0.0,0.0
2023-10-16 09:00:00+09:00,630.0,639.0,630.0,635.0,35300,0.0,0.0
2023-10-16 10:00:00+09:00,635.0,635.0,632.0,633.0,17000,0.0,0.0
2023-10-16 11:00:00+09:00,634.0,636.0,633.0,633.0,0,0.0,0.0
2023-10-16 12:00:00+09:00,637.0,638.0,633.0,634.0,77200,0.0,0.0
2023-10-16 13:00:00+09:00,635.0,635.0,633.0,635.0,0,0.0,0.0
2023-10-16 14:00:00+09:00,634.0,636.0,631.0,633.0,133400,0.0,0.0
2023-10-17 09:00:00+09:00,596.0,604.0,595.0,599.0,215400,0.0,0.0
2023-10-17 10:00:00+09:00,597.0,598.0,593.0,597.0,100600,0.0,0.0
2023-10-17 11:00:00+09:00,597.0,598.0,595.0,597.0,0,0.0,0.0
2023-10-17 12:00:00+09:00,597.0,598.0,595.0,597.0,363500,0.0,0.0
2023-10-17 13:00:00+09:00,597.0,599.0,595.0,595.0,55900,0.0,0.0
2023-10-17 14:00:00+09:00,595.0,599.0,595.0,597.0,53600,0.0,0.0
2023-10-18 09:00:00+09:00,599.0,600.0,590.0,592.0,94400,0.0,0.0
2023-10-18 10:00:00+09:00,592.0,598.0,591.0,596.0,22400,0.0,0.0
2023-10-18 11:00:00+09:00,597.0,598.0,596.0,597.0,0,0.0,0.0
2023-10-18 12:00:00+09:00,596.0,596.0,593.0,595.0,151900,0.0,0.0
2023-10-18 13:00:00+09:00,596.0,598.0,595.0,597.0,22600,0.0,0.0
2023-10-18 14:00:00+09:00,597.0,599.0,596.0,597.0,31800,0.0,0.0
2023-10-19 09:00:00+09:00,595.0,597.0,592.0,597.0,38700,0.0,0.0
2023-10-19 10:00:00+09:00,597.0,597.0,593.0,594.0,17300,0.0,0.0
2023-10-19 11:00:00+09:00,593.0,594.0,592.0,594.0,0,0.0,0.0
2023-10-19 12:00:00+09:00,593.0,593.0,592.0,593.0,75900,0.0,0.0
2023-10-19 13:00:00+09:00,593.0,594.0,592.0,593.0,31600,0.0,0.0
2023-10-19 14:00:00+09:00,593.0,599.0,592.0,595.0,72700,0.0,0.0
2023-10-20 09:00:00+09:00,594.0,598.0,591.0,592.0,87600,0.0,0.0
2023-10-20 10:00:00+09:00,593.0,593.0,590.0,591.0,26400,0.0,0.0
2023-10-20 11:00:00+09:00,592.0,593.0,591.0,592.0,0,0.0,0.0
2023-10-20 12:00:00+09:00,591.0,593.0,591.0,592.0,132000,0.0,0.0
2023-10-20 13:00:00+09:00,591.0,591.0,588.0,590.0,47000,0.0,0.0
2023-10-20 14:00:00+09:00,589.0,592.0,589.0,590.0,26900,0.0,0.0
2023-10-23 09:00:00+09:00,590.0,591.0,583.0,587.0,73700,0.0,0.0
2023-10-23 10:00:00+09:00,587.0,588.0,586.0,587.0,9100,0.0,0.0
2023-10-23 11:00:00+09:00,588.0,588.0,587.0,588.0,0,0.0,0.0
2023-10-23 12:00:00+09:00,588.0,588.0,586.0,586.0,100300,0.0,0.0
2023-10-23 13:00:00+09:00,586.0,586.0,584.0,585.0,37100,0.0,0.0
2023-10-23 14:00:00+09:00,585.0,586.0,583.0,583.0,20400,0.0,0.0
2023-10-24 09:00:00+09:00,584.0,586.0,581.0,582.0,28700,0.0,0.0
2023-10-24 10:00:00+09:00,581.0,582.0,575.0,579.0,95600,0.0,0.0
2023-10-24 11:00:00+09:00,579.0,583.0,579.0,582.0,0,0.0,0.0
2023-10-24 12:00:00+09:00,580.0,581.0,580.0,581.0,144100,0.0,0.0
2023-10-24 13:00:00+09:00,581.0,584.0,580.0,584.0,15200,0.0,0.0
2023-10-24 14:00:00+09:00,584.0,587.0,584.0,586.0,26200,0.0,0.0
2023-10-25 09:00:00+09:00,590.0,594.0,587.0,591.0,62300,0.0,0.0
2023-10-25 10:00:00+09:00,591.0,592.0,588.0,590.0,22400,0.0,0.0
2023-10-25 11:00:00+09:00,590.0,592.0,590.0,592.0,0,0.0,0.0
2023-10-25 12:00:00+09:00,593.0,593.0,588.0,591.0,122900,0.0,0.0
2023-10-25 13:00:00+09:00,591.0,592.0,591.0,592.0,4800,0.0,0.0
2023-10-25 14:00:00+09:00,592.0,593.0,588.0,590.0,20100,0.0,0.0
2023-10-26 09:00:00+09:00,593.0,597.0,592.0,593.0,0,0.0,0.0
2023-10-26 10:00:00+09:00,592.0,593.0,591.0,593.0,64700,0.0,0.0
2023-10-26 11:00:00+09:00,591.0,591.0,589.0,590.0,0,0.0,0.0
2023-10-26 12:00:00+09:00,590.0,592.0,590.0,591.0,84000,0.0,0.0
2023-10-26 13:00:00+09:00,591.0,593.0,591.0,593.0,0,0.0,0.0
2023-10-26 14:00:00+09:00,592.0,593.0,591.0,593.0,117800,0.0,0.0
2023-10-27 09:00:00+09:00,597.0,603.0,597.0,602.0,53300,0.0,0.0
2023-10-27 10:00:00+09:00,602.0,604.0,601.0,603.0,19100,0.0,0.0
2023-10-27 11:00:00+09:00,603.0,603.0,602.0,602.0,0,0.0,0.0
2023-10-27 12:00:00+09:00,603.0,603.0,600.0,600.0,84500,0.0,0.0
2023-10-27 13:00:00+09:00,601.0,604.0,601.0,604.0,10400,0.0,0.0
2023-10-27 14:00:00+09:00,603.0,603.0,601.0,602.0,22300,0.0,0.0
2023-10-30 09:00:00+09:00,605.0,605.0,595.0,596.0,37800,0.0,0.0
2023-10-30 10:00:00+09:00,596.0,596.0,593.0,594.0,18700,0.0,0.0
2023-10-30 11:00:00+09:00,594.0,595.0,592.0,592.0,0,0.0,0.0
2023-10-30 12:00:00+09:00,594.0,595.0,594.0,595.0,82700,0.0,0.0
2023-10-30 13:00:00+09:00,594.0,595.0,593.0,593.0,37100,0.0,0.0
2023-10-30 14:00:00+09:00,593.0,598.0,593.0,597.0,36400,0.0,0.0
2023-10-31 09:00:00+09:00,596.0,600.0,595.0,600.0,25900,0.0,0.0
2023-10-31 10:00:00+09:00,600.0,600.0,598.0,598.0,11400,0.0,0.0
2023-10-31 11:00:00+09:00,598.0,599.0,597.0,597.0,0,0.0,0.0
2023-10-31 12:00:00+09:00,599.0,600.0,598.0,600.0,59800,0.0,0.0
2023-10-31 13:00:00+09:00,600.0,603.0,599.0,600.0,24200,0.0,0.0
2023-10-31 14:00:00+09:00,600.0,604.0,599.0,603.0,31900,0.0,0.0
2023-11-01 09:00:00+09:00,609.0,612.0,605.0,607.0,60800,0.0,0.0
2023-11-01 10:00:00+09:00,607.0,609.0,607.0,608.0,22000,0.0,0.0
2023-11-01 11:00:00+09:00,607.0,608.0,606.0,607.0,0,0.0,0.0
2023-11-01 12:00:00+09:00,607.0,607.0,604.0,606.0,129300,0.0,0.0
2023-11-01 13:00:00+09:00,606.0,607.0,604.0,605.0,46300,0.0,0.0
2023-11-01 14:00:00+09:00,605.0,607.0,604.0,607.0,26200,0.0,0.0
2023-11-02 09:00:00+09:00,610.0,611.0,607.0,607.0,44200,0.0,0.0
2023-11-02 10:00:00+09:00,607.0,607.0,605.0,606.0,10600,0.0,0.0
2023-11-02 11:00:00+09:00,605.0,606.0,603.0,604.0,0,0.0,0.0
2023-11-02 12:00:00+09:00,604.0,604.0,601.0,602.0,71400,0.0,0.0
2023-11-02 13:00:00+09:00,602.0,603.0,600.0,602.0,18700,0.0,0.0
2023-11-02 14:00:00+09:00,602.0,604.0,602.0,603.0,11000,0.0,0.0
2023-11-06 09:00:00+09:00,613.0,613.0,604.0,608.0,59000,0.0,0.0
2023-11-06 10:00:00+09:00,607.0,608.0,605.0,607.0,39300,0.0,0.0
2023-11-06 11:00:00+09:00,607.0,608.0,606.0,606.0,0,0.0,0.0
2023-11-06 12:00:00+09:00,606.0,608.0,606.0,608.0,122900,0.0,0.0
2023-11-06 13:00:00+09:00,608.0,609.0,606.0,607.0,15400,0.0,0.0
2023-11-06 14:00:00+09:00,607.0,607.0,605.0,605.0,27400,0.0,0.0
2023-11-07 09:00:00+09:00,609.0,612.0,607.0,608.0,63100,0.0,0.0
2023-11-07 10:00:00+09:00,608.0,610.0,607.0,609.0,23100,0.0,0.0
2023-11-07 11:00:00+09:00,609.0,609.0,607.0,607.0,0,0.0,0.0
2023-11-07 12:00:00+09:00,607.0,609.0,607.0,609.0,107500,0.0,0.0
2023-11-07 13:00:00+09:00,608.0,609.0,606.0,609.0,22700,0.0,0.0
2023-11-07 14:00:00+09:00,609.0,610.0,607.0,609.0,42100,0.0,0.0
2023-11-08 09:00:00+09:00,610.0,610.0,602.0,603.0,85100,0.0,0.0
2023-11-08 10:00:00+09:00,603.0,603.0,600.0,600.0,44100,0.0,0.0
2023-11-08 11:00:00+09:00,600.0,600.0,597.0,597.0,0,0.0,0.0
2023-11-08 12:00:00+09:00,598.0,598.0,593.0,594.0,190800,0.0,0.0
2023-11-08 13:00:00+09:00,594.0,597.0,594.0,597.0,25500,0.0,0.0
2023-11-08 14:00:00+09:00,597.0,599.0,597.0,597.0,15800,0.0,0.0
2023-11-09 09:00:00+09:00,600.0,600.0,595.0,597.0,35100,0.0,0.0
2023-11-09 10:00:00+09:00,596.0,600.0,596.0,598.0,14500,0.0,0.0
2023-11-09 11:00:00+09:00,598.0,598.0,597.0,598.0,0,0.0,0.0
2023-11-09 12:00:00+09:00,598.0,600.0,598.0,600.0,58700,0.0,0.0
2023-11-09 13:00:00+09:00,601.0,602.0,600.0,602.0,10000,0.0,0.0
2023-11-09 14:00:00+09:00,602.0,604.0,601.0,602.0,23500,0.0,0.0
2023-11-10 09:00:00+09:00,603.0,604.0,599.0,604.0,33700,0.0,0.0
2023-11-10 10:00:00+09:00,605.0,605.0,603.0,603.0,9300,0.0,0.0
2023-11-10 11:00:00+09:00,603.0,606.0,603.0,604.0,0,0.0,0.0
2023-11-10 12:00:00+09:00,603.0,603.0,602.0,603.0,57000,0.0,0.0
2023-11-10 13:00:00+09:00,604.0,606.0,604.0,606.0,6100,0.0,0.0
2023-11-10 14:00:00+09:00,605.0,607.0,605.0,607.0,9800,0.0,0.0
2023-11-13 09:00:00+09:00,607.0,608.0,605.0,606.0,19900,0.0,0.0
2023-11-13 10:00:00+09:00,606.0,608.0,603.0,605.0,20000,0.0,0.0
2023-11-13 11:00:00+09:00,605.0,605.0,604.0,605.0,0,0.0,0.0
2023-11-13 12:00:00+09:00,605.0,605.0,599.0,602.0,107100,0.0,0.0
2023-11-13 13:00:00+09:00,603.0,603.0,602.0,602.0,8700,0.0,0.0
2023-11-13 14:00:00+09:00,602.0,605.0,602.0,605.0,19200,0.0,0.0
2023-11-14 09:00:00+09:00,606.0,606.0,603.0,603.0,23900,0.0,0.0
2023-11-14 10:00:00+09:00,604.0,604.0,603.0,604.0,6200,0.0,0.0
2023-11-14 11:00:00+09:00,603.0,604.0,602.0,604.0,0,0.0,0.0
2023-11-14 12:00:00+09:00,602.0,604.0,602.0,603.0,42700,0.0,0.0
2023-11-14 13:00:00+09:00,603.0,605.0,603.0,604.0,8800,0.0,0.0
2023-11-14 14:00:00+09:00,604.0,605.0,602.0,604.0,9200,0.0,0.0
2023-11-15 09:00:00+09:00,604.0,604.0,601.0,602.0,22200,0.0,0.0
2023-11-15 10:00:00+09:00,602.0,602.0,599.0,599.0,23800,0.0,0.0
2023-11-15 11:00:00+09:00,599.0,601.0,598.0,600.0,0,0.0,0.0
2023-11-15 12:00:00+09:00,600.0,600.0,597.0,599.0,69900,0.0,0.0
2023-11-15 13:00:00+09:00,598.0,599.0,598.0,598.0,7400,0.0,0.0
2023-11-15 14:00:00+09:00,598.0,601.0,598.0,599.0,14700,0.0,0.0
2023-11-16 09:00:00+09:00,598.0,601.0,596.0,598.0,130200,0.0,0.0
2023-11-16 10:00:00+09:00,599.0,600.0,597.0,597.0,14100,0.0,0.0
2023-11-16 11:00:00+09:00,598.0,598.0,596.0,597.0,0,0.0,0.0
2023-11-16 12:00:00+09:00,597.0,598.0,597.0,598.0,154900,0.0,0.0
2023-11-16 13:00:00+09:00,598.0,600.0,598.0,599.0,9400,0.0,0.0
2023-11-16 14:00:00+09:00,598.0,600.0,597.0,599.0,29700,0.0,0.0
2023-11-17 09:00:00+09:00,597.0,605.0,597.0,601.0,66700,0.0,0.0
2023-11-17 10:00:00+09:00,602.0,605.0,600.0,604.0,37600,0.0,0.0
2023-11-17 11:00:00+09:00,604.0,605.0,602.0,602.0,0,0.0,0.0
2023-11-17 12:00:00+09:00,603.0,605.0,602.0,605.0,160400,0.0,0.0
2023-11-17 13:00:00+09:00,606.0,606.0,602.0,604.0,30400,0.0,0.0
2023-11-17 14:00:00+09:00,604.0,607.0,604.0,607.0,25000,0.0,0.0
2023-11-20 09:00:00+09:00,605.0,606.0,601.0,602.0,81200,0.0,0.0
2023-11-20 10:00:00+09:00,601.0,603.0,599.0,602.0,51700,0.0,0.0
2023-11-20 11:00:00+09:00,603.0,605.0,602.0,603.0,0,0.0,0.0
2023-11-20 12:00:00+09:00,604.0,604.0,600.0,601.0,223900,0.0,0.0
2023-11-20 13:00:00+09:00,601.0,602.0,600.0,600.0,18700,0.0,0.0
2023-11-20 14:00:00+09:00,601.0,604.0,600.0,600.0,37200,0.0,0.0
2023-11-21 09:00:00+09:00,603.0,604.0,601.0,603.0,24500,0.0,0.0
2023-11-21 10:00:00+09:00,603.0,606.0,602.0,606.0,30400,0.0,0.0
2023-11-21 11:00:00+09:00,607.0,607.0,605.0,605.0,0,0.0,0.0
2023-11-21 12:00:00+09:00,605.0,607.0,605.0,605.0,86900,0.0,0.0
2023-11-21 13:00:00+09:00,605.0,606.0,605.0,606.0,13300,0.0,0.0
2023-11-21 14:00:00+09:00,606.0,607.0,605.0,605.0,23100,0.0,0.0
2023-11-22 09:00:00+09:00,606.0,610.0,604.0,608.0,45800,0.0,0.0
2023-11-22 10:00:00+09:00,608.0,609.0,608.0,608.0,10500,0.0,0.0
2023-11-22 11:00:00+09:00,609.0,609.0,608.0,609.0,0,0.0,0.0
2023-11-22 12:00:00+09:00,609.0,609.0,608.0,608.0,64800,0.0,0.0
2023-11-22 13:00:00+09:00,608.0,609.0,607.0,609.0,20400,0.0,0.0
2023-11-22 14:00:00+09:00,608.0,609.0,608.0,608.0,9100,0.0,0.0
2023-11-24 09:00:00+09:00,610.0,611.0,606.0,608.0,45500,0.0,0.0
2023-11-24 10:00:00+09:00,607.0,608.0,607.0,608.0,17200,0.0,0.0
2023-11-24 11:00:00+09:00,608.0,608.0,606.0,607.0,0,0.0,0.0
2023-11-24 12:00:00+09:00,607.0,607.0,606.0,607.0,85800,0.0,0.0
2023-11-24 13:00:00+09:00,606.0,607.0,605.0,607.0,22200,0.0,0.0
2023-11-24 14:00:00+09:00,607.0,608.0,606.0,607.0,36500,0.0,0.0
2023-11-27 09:00:00+09:00,608.0,608.0,604.0,605.0,83400,0.0,0.0
2023-11-27 10:00:00+09:00,605.0,605.0,603.0,604.0,42600,0.0,0.0
2023-11-27 11:00:00+09:00,604.0,604.0,603.0,604.0,0,0.0,0.0
2023-11-27 12:00:00+09:00,605.0,605.0,603.0,604.0,163000,0.0,0.0
2023-11-27 13:00:00+09:00,604.0,605.0,603.0,604.0,14900,0.0,0.0
2023-11-27 14:00:00+09:00,604.0,604.0,603.0,604.0,46000,0.0,0.0
2023-11-28 09:00:00+09:00,601.0,602.0,598.0,600.0,196400,0.0,0.0
2023-11-28 10:00:00+09:00,599.0,600.0,598.0,599.0,70400,0.0,0.0
2023-11-28 11:00:00+09:00,600.0,600.0,598.0,599.0,0,0.0,0.0
2023-11-28 12:00:00+09:00,598.0,599.0,592.0,594.0,467600,0.0,0.0
2023-11-28 13:00:00+09:00,595.0,598.0,594.0,595.0,149000,0.0,0.0
2023-11-28 14:00:00+09:00,595.0,597.0,592.0,595.0,129500,0.0,0.0
2023-11-29 09:00:00+09:00,589.0,591.0,583.0,584.0,299800,0.0,0.0
2023-11-29 10:00:00+09:00,585.0,586.0,583.0,584.0,42000,0.0,0.0
2023-11-29 11:00:00+09:00,584.0,585.0,584.0,585.0,0,0.0,0.0
2023-11-29 12:00:00+09:00,585.0,585.0,584.0,584.0,371400,0.0,0.0
2023-11-29 13:00:00+09:00,583.0,584.0,581.0,583.0,38100,0.0,0.0
2023-11-29 14:00:00+09:00,583.0,584.0,581.0,581.0,50400,0.0,0.0
2023-11-30 09:00:00+09:00,581.0,585.0,580.0,582.0,59000,0.0,0.0
2023-11-30 10:00:00+09:00,582.0,582.0,580.0,582.0,15700,0.0,0.0
2023-11-30 11:00:00+09:00,582.0,585.0,582.0,584.0,0,0.0,0.0
2023-11-30 12:00:00+09:00,585.0,585.0,584.0,584.0,112400,0.0,0.0
2023-11-30 13:00:00+09:00,584.0,589.0,584.0,588.0,21500,0.0,0.0
2023-11-30 14:00:00+09:00,587.0,588.0,586.0,586.0,16400,0.0,0.0
2023-12-01 09:00:00+09:00,590.0,590.0,585.0,587.0,47400,0.0,0.0
2023-12-01 10:00:00+09:00,586.0,589.0,586.0,587.0,27500,0.0,0.0
2023-12-01 11:00:00+09:00,588.0,589.0,586.0,589.0,0,0.0,0.0
2023-12-01 12:00:00+09:00,589.0,589.0,587.0,587.0,86400,0.0,0.0
2023-12-01 13:00:00+09:00,587.0,589.0,586.0,588.0,17500,0.0,0.0
2023-12-01 14:00:00+09:00,588.0,589.0,587.0,588.0,25800,0.0,0.0
2023-12-04 09:00:00+09:00,587.0,589.0,582.0,589.0,50100,0.0,0.0
2023-12-04 10:00:00+09:00,588.0,591.0,587.0,589.0,19900,0.0,0.0
2023-12-04 11:00:00+09:00,589.0,589.0,587.0,588.0,0,0.0,0.0
2023-12-04 12:00:00+09:00,587.0,587.0,586.0,587.0,98100,0.0,0.0
2023-12-04 13:00:00+09:00,587.0,588.0,586.0,586.0,21400,0.0,0.0
2023-12-04 14:00:00+09:00,586.0,588.0,585.0,586.0,39100,0.0,0.0
2023-12-05 09:00:00+09:00,583.0,587.0,583.0,584.0,35800,0.0,0.0
2023-12-05 10:00:00+09:00,584.0,586.0,584.0,584.0,8600,0.0,0.0
2023-12-05 11:00:00+09:00,584.0,584.0,583.0,584.0,0,0.0,0.0
2023-12-05 12:00:00+09:00,583.0,584.0,583.0,583.0,54500,0.0,0.0
2023-12-05 13:00:00+09:00,584.0,585.0,582.0,583.0,15700,0.0,0.0
2023-12-05 14:00:00+09:00,583.0,583.0,581.0,582.0,25400,0.0,0.0
2023-12-06 09:00:00+09:00,583.0,588.0,582.0,588.0,29800,0.0,0.0
2023-12-06 10:00:00+09:00,587.0,588.0,586.0,587.0,11600,0.0,0.0
2023-12-06 11:00:00+09:00,587.0,588.0,587.0,588.0,0,0.0,0.0
2023-12-06 12:00:00+09:00,588.0,589.0,587.0,588.0,74900,0.0,0.0
2023-12-06 13:00:00+09:00,589.0,590.0,588.0,589.0,26500,0.0,0.0
2023-12-06 14:00:00+09:00,589.0,593.0,589.0,591.0,36300,0.0,0.0
2023-12-07 09:00:00+09:00,587.0,590.0,587.0,588.0,17200,0.0,0.0
2023-12-07 10:00:00+09:00,588.0,588.0,587.0,588.0,7800,0.0,0.0
2023-12-07 11:00:00+09:00,588.0,588.0,586.0,587.0,0,0.0,0.0
2023-12-07 12:00:00+09:00,586.0,586.0,585.0,585.0,36200,0.0,0.0
2023-12-07 13:00:00+09:00,587.0,590.0,587.0,589.0,21800,0.0,0.0
2023-12-07 14:00:00+09:00,589.0,590.0,587.0,588.0,23800,0.0,0.0
2023-12-08 09:00:00+09:00,586.0,588.0,583.0,584.0,88700,0.0,0.0
2023-12-08 10:00:00+09:00,583.0,583.0,581.0,582.0,0,0.0,0.0
2023-12-08 11:00:00+09:00,581.0,581.0,580.0,580.0,0,0.0,0.0
2023-12-08 12:00:00+09:00,580.0,580.0,577.0,577.0,188400,0.0,0.0
2023-12-08 13:00:00+09:00,578.0,579.0,576.0,576.0,19600,0.0,0.0
2023-12-08 14:00:00+09:00,576.0,577.0,574.0,575.0,48700,0.0,0.0
2023-12-11 09:00:00+09:00,583.0,583.0,573.0,575.0,46000,0.0,0.0
2023-12-11 10:00:00+09:00,575.0,578.0,575.0,578.0,32400,0.0,0.0
2023-12-11 11:00:00+09:00,578.0,579.0,578.0,578.0,0,0.0,0.0
2023-12-11 12:00:00+09:00,577.0,578.0,577.0,578.0,95000,0.0,0.0
2023-12-11 13:00:00+09:00,578.0,579.0,577.0,577.0,18200,0.0,0.0
2023-12-11 14:00:00+09:00,577.0,581.0,577.0,580.0,20700,0.0,0.0
2023-12-12 09:00:00+09:00,580.0,581.0,578.0,580.0,15200,0.0,0.0
2023-12-12 10:00:00+09:00,580.0,581.0,580.0,580.0,9400,0.0,0.0
2023-12-12 11:00:00+09:00,580.0,580.0,579.0,580.0,0,0.0,0.0
2023-12-12 12:00:00+09:00,581.0,581.0,578.0,578.0,33300,0.0,0.0
2023-12-12 13:00:00+09:00,578.0,580.0,578.0,579.0,6500,0.0,0.0
2023-12-12 14:00:00+09:00,579.0,579.0,575.0,578.0,54200,0.0,0.0
2023-12-13 09:00:00+09:00,578.0,578.0,575.0,578.0,0,0.0,0.0
2023-12-13 10:00:00+09:00,577.0,578.0,576.0,577.0,24600,0.0,0.0
2023-12-13 11:00:00+09:00,577.0,578.0,577.0,577.0,0,0.0,0.0
2023-12-13 12:00:00+09:00,578.0,578.0,576.0,577.0,38500,0.0,0.0
2023-12-13 13:00:00+09:00,577.0,577.0,576.0,577.0,17800,0.0,0.0
2023-12-13 14:00:00+09:00,577.0,579.0,577.0,578.0,21800,0.0,0.0
2023-12-14 09:00:00+09:00,577.0,579.0,572.0,572.0,42800,0.0,0.0
2023-12-14 10:00:00+09:00,573.0,573.0,570.0,571.0,25900,0.0,0.0
2023-12-14 11:00:00+09:00,572.0,573.0,572.0,572.0,0,0.0,0.0
2023-12-14 12:00:00+09:00,570.0,572.0,569.0,570.0,106300,0.0,0.0
2023-12-14 13:00:00+09:00,570.0,571.0,568.0,571.0,40000,0.0,0.0
2023-12-14 14:00:00+09:00,571.0,572.0,570.0,570.0,9400,0.0,0.0
2023-12-15 09:00:00+09:00,570.0,573.0,568.0,569.0,32100,0.0,0.0
2023-12-15 10:00:00+09:00,569.0,572.0,568.0,572.0,16500,0.0,0.0
2023-12-15 11:00:00+09:00,572.0,573.0,572.0,573.0,0,0.0,0.0
2023-12-15 12:00:00+09:00,573.0,573.0,572.0,573.0,64600,0.0,0.0
2023-12-15 13:00:00+09:00,573.0,573.0,571.0,571.0,0,0.0,0.0
2023-12-15 14:00:00+09:00,572.0,573.0,570.0,571.0,94400,0.0,0.0
2023-12-18 09:00:00+09:00,567.0,568.0,564.0,564.0,49400,0.0,0.0
2023-12-18 10:00:00+09:00,563.0,564.0,563.0,564.0,13600,0.0,0.0
2023-12-18 11:00:00+09:00,564.0,564.0,563.0,564.0,0,0.0,0.0
2023-12-18 12:00:00+09:00,564.0,566.0,563.0,566.0,83600,0.0,0.0
2023-12-18 13:00:00+09:00,567.0,568.0,563.0,567.0,41600,0.0,0.0
2023-12-18 14:00:00+09:00,567.0,569.0,565.0,567.0,32900,0.0,0.0
2023-12-19 09:00:00+09:00,569.0,569.0,563.0,563.0,37800,0.0,0.0
2023-12-19 10:00:00+09:00,563.0,563.0,562.0,563.0,14900,0.0,0.0
2023-12-19 11:00:00+09:00,562.0,563.0,561.0,562.0,0,0.0,0.0
2023-12-19 12:00:00+09:00,564.0,565.0,562.0,563.0,90500,0.0,0.0
2023-12-19 13:00:00+09:00,563.0,563.0,561.0,563.0,18900,0.0,0.0
2023-12-19 14:00:00+09:00,563.0,564.0,563.0,563.0,17400,0.0,0.0
2023-12-20 09:00:00+09:00,564.0,568.0,563.0,564.0,55400,0.0,0.0
2023-12-20 10:00:00+09:00,564.0,566.0,562.0,565.0,31000,0.0,0.0
2023-12-20 11:00:00+09:00,565.0,565.0,564.0,565.0,0,0.0,0.0
2023-12-20 12:00:00+09:00,563.0,565.0,562.0,563.0,109600,0.0,0.0
2023-12-20 13:00:00+09:00,563.0,565.0,562.0,564.0,28900,0.0,0.0
2023-12-20 14:00:00+09:00,564.0,565.0,562.0,563.0,24300,0.0,0.0
2023-12-21 09:00:00+09:00,561.0,563.0,560.0,561.0,32500,0.0,0.0
2023-12-21 10:00:00+09:00,561.0,561.0,558.0,559.0,23600,0.0,0.0
2023-12-21 11:00:00+09:00,558.0,559.0,557.0,559.0,0,0.0,0.0
2023-12-21 12:00:00+09:00,557.0,559.0,557.0,558.0,91400,0.0,0.0
2023-12-21 13:00:00+09:00,559.0,561.0,559.0,561.0,23800,0.0,0.0
2023-12-21 14:00:00+09:00,561.0,562.0,560.0,560.0,19400,0.0,0.0
2023-12-22 09:00:00+09:00,563.0,567.0,563.0,565.0,0,0.0,0.0
2023-12-22 10:00:00+09:00,566.0,566.0,564.0,565.0,49000,0.0,0.0
2023-12-22 11:00:00+09:00,565.0,566.0,565.0,566.0,0,0.0,0.0
2023-12-22 12:00:00+09:00,567.0,567.0,564.0,565.0,87800,0.0,0.0
2023-12-22 13:00:00+09:00,565.0,565.0,564.0,565.0,10700,0.0,0.0
2023-12-22 14:00:00+09:00,564.0,567.0,564.0,567.0,14300,0.0,0.0
2023-12-25 09:00:00+09:00,570.0,570.0,566.0,568.0,72000,0.0,0.0
2023-12-25 10:00:00+09:00,567.0,569.0,567.0,568.0,6300,0.0,0.0
2023-12-25 11:00:00+09:00,568.0,569.0,567.0,569.0,0,0.0,0.0
2023-12-25 12:00:00+09:00,569.0,569.0,567.0,568.0,96500,0.0,0.0
2023-12-25 13:00:00+09:00,568.0,568.0,567.0,568.0,6000,0.0,0.0
2023-12-25 14:00:00+09:00,568.0,568.0,566.0,567.0,15600,0.0,0.0
2023-12-26 09:00:00+09:00,569.0,571.0,567.0,571.0,48600,0.0,0.0
2023-12-26 10:00:00+09:00,570.0,570.0,568.0,568.0,12600,0.0,0.0
2023-12-26 11:00:00+09:00,567.0,568.0,567.0,567.0,0,0.0,0.0
2023-12-26 12:00:00+09:00,568.0,569.0,567.0,567.0,77500,0.0,0.0
2023-12-26 13:00:00+09:00,567.0,569.0,567.0,569.0,14000,0.0,0.0
2023-12-26 14:00:00+09:00,570.0,570.0,567.0,569.0,17100,0.0,0.0
2023-12-27 09:00:00+09:00,572.0,573.0,571.0,573.0,43100,0.0,0.0
2023-12-27 10:00:00+09:00,572.0,574.0,572.0,572.0,22700,0.0,0.0
2023-12-27 11:00:00+09:00,573.0,573.0,573.0,573.0,0,0.0,0.0
2023-12-27 12:00:00+09:00,573.0,574.0,572.0,574.0,79400,0.0,0.0
2023-12-27 13:00:00+09:00,574.0,575.0,574.0,574.0,5800,0.0,0.0
2023-12-27 14:00:00+09:00,575.0,577.0,575.0,577.0,31000,0.0,0.0
2023-12-28 09:00:00+09:00,577.0,580.0,576.0,578.0,40400,0.0,0.0
2023-12-28 10:00:00+09:00,578.0,579.0,578.0,578.0,6800,0.0,0.0
2023-12-28 11:00:00+09:00,578.0,579.0,578.0,579.0,0,0.0,0.0
2023-12-28 12:00:00+09:00,579.0,580.0,579.0,579.0,75000,0.0,0.0
2023-12-28 13:00:00+09:00,579.0,580.0,579.0,579.0,1800,0.0,0.0
2023-12-28 14:00:00+09:00,579.0,581.0,579.0,580.0,11200,0.0,0.0
2023-12-29 09:00:00+09:00,582.0,584.0,581.0,583.0,43200,0.0,0.0
2023-12-29 10:00:00+09:00,583.0,585.0,583.0,584.0,23900,0.0,0.0
2023-12-29 11:00:00+09:00,583.0,584.0,582.0,583.0,0,0.0,0.0
2023-12-29 12:00:00+09:00,583.0,584.0,582.0,584.0,85300,0.0,0.0
2023-12-29 13:00:00+09:00,584.0,584.0,583.0,583.0,10700,0.0,0.0
2023-12-29 14:00:00+09:00,583.0,587.0,583.0,586.0,40000,0.0,0.0
2024-01-04 09:00:00+09:00,616.0,617.0,602.0,611.0,370900,0.0,0.0
2024-01-04 10:00:00+09:00,611.0,614.0,610.0,612.0,78100,0.0,0.0
2024-01-04 11:00:00+09:00,613.0,615.0,613.0,613.0,0,0.0,0.0
2024-01-04 12:00:00+09:00,613.0,614.0,608.0,610.0,548600,0.0,0.0
2024-01-04 13:00:00+09:00,610.0,613.0,610.0,611.0,27600,0.0,0.0
2024-01-04 14:00:00+09:00,611.0,615.0,611.0,613.0,34400,0.0,0.0
2024-01-05 09:00:00+09:00,615.0,621.0,613.0,618.0,163000,0.0,0.0
2024-01-05 10:00:00+09:00,617.0,620.0,610.0,615.0,170900,0.0,0.0
2024-01-05 11:00:00+09:00,615.0,617.0,615.0,616.0,0,0.0,0.0
2024-01-05 12:00:00+09:00,617.0,617.0,613.0,614.0,372000,0.0,0.0
2024-01-05 13:00:00+09:00,613.0,615.0,612.0,613.0,29800,0.0,0.0
2024-01-05 14:00:00+09:00,613.0,614.0,611.0,611.0,48400,0.0,0.0
2024-01-09 09:00:00+09:00,615.0,618.0,611.0,611.0,82500,0.0,0.0
2024-01-09 10:00:00+09:00,612.0,616.0,611.0,614.0,33800,0.0,0.0
2024-01-09 11:00:00+09:00,615.0,618.0,615.0,618.0,0,0.0,0.0
2024-01-09 12:00:00+09:00,615.0,619.0,615.0,619.0,212500,0.0,0.0
2024-01-09 13:00:00+09:00,618.0,618.0,615.0,616.0,29400,0.0,0.0
2024-01-09 14:00:00+09:00,617.0,618.0,617.0,618.0,19100,0.0,0.0
2024-01-10 09:00:00+09:00,619.0,624.0,617.0,619.0,59300,0.0,0.0
2024-01-10 10:00:00+09:00,619.0,624.0,618.0,624.0,63000,0.0,0.0
2024-01-10 11:00:00+09:00,625.0,627.0,624.0,624.0,0,0.0,0.0
2024-01-10 12:00:00+09:00,624.0,625.0,622.0,624.0,178000,0.0,0.0
2024-01-10 13:00:00+09:00,625.0,625.0,623.0,624.0,9300,0.0,0.0
2024-01-10 14:00:00+09:00,624.0,625.0,623.0,623.0,33600,0.0,0.0
2024-01-11 09:00:00+09:00,625.0,628.0,624.0,627.0,65000,0.0,0.0
2024-01-11 10:00:00+09:00,627.0,630.0,627.0,628.0,42000,0.0,0.0
2024-01-11 11:00:00+09:00,628.0,629.0,627.0,628.0,0,0.0,0.0
2024-01-11 12:00:00+09:00,628.0,629.0,627.0,628.0,131100,0.0,0.0
2024-01-11 13:00:00+09:00,628.0,628.0,627.0,628.0,20000,0.0,0.0
2024-01-11 14:00:00+09:00,628.0,628.0,624.0,626.0,44200,0.0,0.0
2024-01-12 09:00:00+09:00,625.0,626.0,618.0,620.0,0,0.0,0.0
2024-01-12 10:00:00+09:00,620.0,621.0,618.0,619.0,15600,0.0,0.0
2024-01-12 11:00:00+09:00,619.0,619.0,617.0,618.0,0,0.0,0.0
2024-01-12 12:00:00+09:00,616.0,618.0,615.0,617.0,162300,0.0,0.0
2024-01-12 13:00:00+09:00,618.0,618.0,616.0,617.0,11100,0.0,0.0
2024-01-12 14:00:00+09:00,617.0,618.0,616.0,618.0,15000,0.0,0.0
2024-01-15 09:00:00+09:00,616.0,621.0,615.0,620.0,61000,0.0,0.0
2024-01-15 10:00:00+09:00,619.0,624.0,619.0,624.0,21900,0.0,0.0
2024-01-15 11:00:00+09:00,624.0,625.0,623.0,623.0,0,0.0,0.0
2024-01-15 12:00:00+09:00,625.0,626.0,620.0,624.0,138300,0.0,0.0
2024-01-15 13:00:00+09:00,624.0,626.0,622.0,624.0,34000,0.0,0.0
2024-01-15 14:00:00+09:00,623.0,624.0,619.0,620.0,78700,0.0,0.0
2024-01-16 09:00:00+09:00,553.0,567.0,552.0,563.0,548200,0.0,0.0
2024-01-16 10:00:00+09:00,563.0,568.0,562.0,564.0,175400,0.0,0.0
2024-01-16 11:00:00+09:00,564.0,565.0,563.0,563.0,0,0.0,0.0
2024-01-16 12:00:00+09:00,565.0,565.0,563.0,564.0,897100,0.0,0.0
2024-01-16 13:00:00+09:00,564.0,564.0,561.0,562.0,118000,0.0,0.0
2024-01-16 14:00:00+09:00,562.0,562.0,561.0,562.0,63800,0.0,0.0
2024-01-17 09:00:00+09:00,562.0,565.0,556.0,557.0,311500,0.0,0.0
2024-01-17 10:00:00+09:00,557.0,559.0,555.0,555.0,132900,0.0,0.0
2024-01-17 11:00:00+09:00,555.0,556.0,555.0,556.0,0,0.0,0.0
2024-01-17 12:00:00+09:00,556.0,556.0,555.0,556.0,596900,0.0,0.0
2024-01-17 13:00:00+09:00,556.0,556.0,554.0,554.0,60900,0.0,0.0
2024-01-17 14:00:00+09:00,554.0,555.0,552.0,553.0,49000,0.0,0.0
2024-01-18 09:00:00+09:00,551.0,551.0,536.0,537.0,393100,0.0,0.0
2024-01-18 10:00:00+09:00,536.0,537.0,533.0,535.0,163600,0.0,0.0
2024-01-18 11:00:00+09:00,536.0,536.0,532.0,532.0,0,0.0,0.0
2024-01-18 12:00:00+09:00,532.0,534.0,531.0,533.0,758300,0.0,0.0
2024-01-18 13:00:00+09:00,533.0,534.0,531.0,532.0,95800,0.0,0.0
2024-01-18 14:00:00+09:00,533.0,533.0,531.0,532.0,115300,0.0,0.0
2024-01-19 09:00:00+09:00,534.0,534.0,528.0,531.0,204900,0.0,0.0
2024-01-19 10:00:00+09:00,531.0,533.0,530.0,533.0,53000,0.0,0.0
2024-01-19 11:00:00+09:00,533.0,535.0,533.0,534.0,0,0.0,0.0
2024-01-19 12:00:00+09:00,534.0,538.0,534.0,536.0,338400,0.0,0.0
2024-01-19 13:00:00+09:00,536.0,539.0,535.0,538.0,45700,0.0,0.0
2024-01-19 14:00:00+09:00,538.0,544.0,536.0,539.0,149100,0.0,0.0
2024-01-22 09:00:00+09:00,547.0,553.0,544.0,549.0,123100,0.0,0.0
2024-01-22 10:00:00+09:00,550.0,550.0,547.0,548.0,36500,0.0,0.0
2024-01-22 11:00:00+09:00,548.0,548.0,547.0,547.0,0,0.0,0.0
2024-01-22 12:00:00+09:00,547.0,548.0,546.0,547.0,194700,0.0,0.0
2024-01-22 13:00:00+09:00,547.0,550.0,547.0,548.0,44100,0.0,0.0
2024-01-22 14:00:00+09:00,547.0,550.0,545.0,550.0,53900,0.0,0.0
2024-01-23 09:00:00+09:00,550.0,554.0,549.0,550.0,62000,0.0,0.0
2024-01-23 10:00:00+09:00,549.0,551.0,548.0,550.0,27200,0.0,0.0
2024-01-23 11:00:00+09:00,550.0,552.0,550.0,552.0,0,0.0,0.0
2024-01-23 12:00:00+09:00,552.0,553.0,550.0,551.0,147100,0.0,0.0
2024-01-23 13:00:00+09:00,551.0,552.0,550.0,550.0,14000,0.0,0.0
2024-01-23 14:00:00+09:00,551.0,551.0,549.0,549.0,40000,0.0,0.0
2024-01-24 09:00:00+09:00,547.0,549.0,544.0,546.0,79100,0.0,0.0
2024-01-24 10:00:00+09:00,547.0,547.0,545.0,546.0,39500,0.0,0.0
2024-01-24 11:00:00+09:00,547.0,547.0,545.0,546.0,0,0.0,0.0
2024-01-24 12:00:00+09:00,545.0,549.0,545.0,547.0,152400,0.0,0.0
2024-01-24 13:00:00+09:00,547.0,548.0,546.0,547.0,19300,0.0,0.0
2024-01-24 14:00:00+09:00,548.0,549.0,546.0,547.0,22600,0.0,0.0
2024-01-25 09:00:00+09:00,551.0,551.0,548.0,548.0,57900,0.0,0.0
2024-01-25 10:00:00+09:00,548.0,550.0,546.0,547.0,24900,0.0,0.0
2024-01-25 11:00:00+09:00,548.0,549.0,548.0,549.0,0,0.0,0.0
2024-01-25 12:00:00+09:00,549.0,551.0,548.0,550.0,108300,0.0,0.0
2024-01-25 13:00:00+09:00,550.0,552.0,550.0,551.0,31600,0.0,0.0
2024-01-25 14:00:00+09:00,551.0,554.0,551.0,553.0,55800,0.0,0.0
2024-01-26 09:00:00+09:00,553.0,553.0,548.0,549.0,54600,0.0,0.0
2024-01-26 10:00:00+09:00,549.0,551.0,549.0,549.0,13100,0.0,0.0
2024-01-26 11:00:00+09:00,550.0,550.0,548.0,548.0,0,0.0,0.0
2024-01-26 12:00:00+09:00,548.0,550.0,547.0,549.0,130800,0.0,0.0
2024-01-26 13:00:00+09:00,548.0,549.0,547.0,547.0,26300,0.0,0.0
2024-01-26 14:00:00+09:00,547.0,549.0,546.0,547.0,34000,0.0,0.0
2024-01-29 09:00:00+09:00,549.0,549.0,547.0,547.0,39000,0.0,0.0
2024-01-29 10:00:00+09:00,548.0,548.0,546.0,548.0,39000,0.0,0.0
2024-01-29 11:00:00+09:00,548.0,548.0,547.0,548.0,0,0.0,0.0
2024-01-29 12:00:00+09:00,547.0,548.0,547.0,548.0,95300,0.0,0.0
2024-01-29 13:00:00+09:00,547.0,548.0,546.0,547.0,34600,0.0,0.0
2024-01-29 14:00:00+09:00,548.0,548.0,547.0,548.0,21500,0.0,0.0
2024-01-30 09:00:00+09:00,549.0,551.0,547.0,547.0,50100,0.0,0.0
2024-01-30 10:00:00+09:00,547.0,548.0,546.0,546.0,16000,0.0,0.0
2024-01-30 11:00:00+09:00,546.0,547.0,545.0,547.0,0,0.0,0.0
2024-01-30 12:00:00+09:00,546.0,547.0,546.0,547.0,124000,0.0,0.0
2024-01-30 13:00:00+09:00,546.0,547.0,545.0,546.0,24300,0.0,0.0
2024-01-30 14:00:00+09:00,545.0,546.0,545.0,545.0,13900,0.0,0.0
2024-01-31 09:00:00+09:00,545.0,547.0,543.0,543.0,59900,0.0,0.0
2024-01-31 10:00:00+09:00,544.0,545.0,543.0,545.0,11400,0.0,0.0
2024-01-31 11:00:00+09:00,545.0,545.0,545.0,545.0,0,0.0,0.0
2024-01-31 12:00:00+09:00,545.0,546.0,545.0,546.0,97200,0.0,0.0
2024-01-31 13:00:00+09:00,547.0,548.0,546.0,548.0,11400,0.0,0.0
2024-01-31 14:00:00+09:00,548.0,550.0,548.0,548.0,37200,0.0,0.0
2024-02-01 09:00:00+09:00,548.0,548.0,539.0,540.0,172900,0.0,0.0
2024-02-01 10:00:00+09:00,540.0,543.0,540.0,542.0,34400,0.0,0.0
2024-02-01 11:00:00+09:00,542.0,542.0,537.0,540.0,0,0.0,0.0
2024-02-01 12:00:00+09:00,540.0,540.0,536.0,537.0,371500,0.0,0.0
2024-02-01 13:00:00+09:00,537.0,539.0,536.0,539.0,30100,0.0,0.0
2024-02-01 14:00:00+09:00,538.0,540.0,538.0,538.0,25500,0.0,0.0
2024-02-02 09:00:00+09:00,540.0,540.0,533.0,537.0,143100,0.0,0.0
2024-02-02 10:00:00+09:00,537.0,538.0,535.0,537.0,36700,0.0,0.0
2024-02-02 11:00:00+09:00,537.0,538.0,536.0,538.0,0,0.0,0.0
2024-02-02 12:00:00+09:00,538.0,538.0,536.0,536.0,214000,0.0,0.0
2024-02-02 13:00:00+09:00,536.0,539.0,535.0,538.0,24800,0.0,0.0
2024-02-02 14:00:00+09:00,538.0,539.0,535.0,536.0,41700,0.0,0.0
2024-02-05 09:00:00+09:00,537.0,537.0,534.0,535.0,82300,0.0,0.0
2024-02-05 10:00:00+09:00,536.0,537.0,535.0,537.0,22200,0.0,0.0
2024-02-05 11:00:00+09:00,536.0,537.0,536.0,537.0,0,0.0,0.0
2024-02-05 12:00:00+09:00,537.0,538.0,536.0,536.0,124200,0.0,0.0
2024-02-05 13:00:00+09:00,536.0,536.0,535.0,536.0,0,0.0,0.0
2024-02-05 14:00:00+09:00,537.0,537.0,534.0,536.0,219300,0.0,0.0
2024-02-06 09:00:00+09:00,537.0,537.0,530.0,531.0,124200,0.0,0.0
2024-02-06 10:00:00+09:00,531.0,533.0,530.0,532.0,86600,0.0,0.0
2024-02-06 11:00:00+09:00,532.0,533.0,531.0,532.0,0,0.0,0.0
2024-02-06 12:00:00+09:00,532.0,532.0,530.0,530.0,260500,0.0,0.0
2024-02-06 13:00:00+09:00,531.0,531.0,530.0,530.0,13500,0.0,0.0
2024-02-06 14:00:00+09:00,530.0,531.0,528.0,529.0,160700,0.0,0.0
2024-02-07 09:00:00+09:00,530.0,530.0,527.0,530.0,140800,0.0,0.0
2024-02-07 10:00:00+09:00,530.0,531.0,528.0,529.0,39500,0.0,0.0
2024-02-07 11:00:00+09:00,529.0,530.0,529.0,529.0,0,0.0,0.0
2024-02-07 12:00:00+09:00,529.0,529.0,527.0,527.0,218000,0.0,0.0
2024-02-07 13:00:00+09:00,527.0,529.0,527.0,529.0,26100,0.0,0.0
2024-02-07 14:00:00+09:00,530.0,531.0,529.0,529.0,30300,0.0,0.0
2024-02-08 09:00:00+09:00,530.0,530.0,523.0,524.0,165800,0.0,0.0
2024-02-08 10:00:00+09:00,524.0,525.0,523.0,523.0,33900,0.0,0.0
2024-02-08 11:00:00+09:00,524.0,524.0,523.0,523.0,0,0.0,0.0
2024-02-08 12:00:00+09:00,524.0,528.0,524.0,528.0,271800,0.0,0.0
2024-02-08 13:00:00+09:00,528.0,528.0,526.0,527.0,41400,0.0,0.0
2024-02-08 14:00:00+09:00,527.0,528.0,525.0,525.0,31900,0.0,0.0
2024-02-09 09:00:00+09:00,523.0,525.0,522.0,524.0,96200,0.0,0.0
2024-02-09 10:00:00+09:00,525.0,527.0,524.0,524.0,35900,0.0,0.0
2024-02-09 11:00:00+09:00,524.0,524.0,522.0,523.0,0,0.0,0.0
2024-02-09 12:00:00+09:00,523.0,524.0,521.0,521.0,209200,0.0,0.0
2024-02-09 13:00:00+09:00,522.0,523.0,520.0,520.0,141000,0.0,0.0
2024-02-09 14:00:00+09:00,520.0,521.0,520.0,521.0,77500,0.0,0.0
2024-02-13 09:00:00+09:00,521.0,521.0,516.0,516.0,167000,0.0,0.0
2024-02-13 10:00:00+09:00,517.0,519.0,515.0,518.0,115400,0.0,0.0
2024-02-13 11:00:00+09:00,519.0,521.0,519.0,521.0,0,0.0,0.0
2024-02-13 12:00:00+09:00,521.0,523.0,520.0,522.0,344200,0.0,0.0
2024-02-13 13:00:00+09:00,522.0,523.0,520.0,521.0,32600,0.0,0.0
2024-02-13 14:00:00+09:00,521.0,524.0,521.0,523.0,70500,0.0,0.0
2024-02-14 09:00:00+09:00,522.0,522.0,514.0,514.0,157800,0.0,0.0
2024-02-14 10:00:00+09:00,515.0,515.0,511.0,511.0,81000,0.0,0.0
2024-02-14 11:00:00+09:00,512.0,512.0,510.0,511.0,0,0.0,0.0
2024-02-14 12:00:00+09:00,511.0,512.0,510.0,511.0,370300,0.0,0.0
2024-02-14 13:00:00+09:00,510.0,512.0,510.0,511.0,24700,0.0,0.0
2024-02-14 14:00:00+09:00,511.0,513.0,510.0,510.0,40100,0.0,0.0
2024-02-15 09:00:00+09:00,514.0,514.0,507.0,507.0,112000,0.0,0.0
2024-02-15 10:00:00+09:00,507.0,508.0,506.0,507.0,70500,0.0,0.0
2024-02-15 11:00:00+09:00,508.0,508.0,506.0,507.0,0,0.0,0.0
2024-02-15 12:00:00+09:00,507.0,508.0,506.0,507.0,223400,0.0,0.0
2024-02-15 13:00:00+09:00,506.0,508.0,506.0,508.0,29800,0.0,0.0
2024-02-15 14:00:00+09:00,507.0,510.0,507.0,509.0,61600,0.0,0.0
2024-02-16 09:00:00+09:00,517.0,517.0,512.0,514.0,112200,0.0,0.0
2024-02-16 10:00:00+09:00,514.0,516.0,512.0,513.0,76400,0.0,0.0
2024-02-16 11:00:00+09:00,514.0,515.0,513.0,514.0,0,0.0,0.0
2024-02-16 12:00:00+09:00,515.0,515.0,514.0,514.0,230400,0.0,0.0
2024-02-16 13:00:00+09:00,514.0,515.0,512.0,513.0,42300,0.0,0.0
2024-02-16 14:00:00+09:00,512.0,513.0,511.0,511.0,42600,0.0,0.0
2024-02-19 09:00:00+09:00,514.0,518.0,512.0,516.0,0,0.0,0.0
2024-02-19 10:00:00+09:00,518.0,518.0,515.0,515.0,72000,0.0,0.0
2024-02-19 11:00:00+09:00,516.0,517.0,515.0,517.0,0,0.0,0.0
2024-02-19 12:00:00+09:00,517.0,517.0,516.0,517.0,80400,0.0,0.0
2024-02-19 13:00:00+09:00,517.0,520.0,516.0,519.0,40000,0.0,0.0
2024-02-19 14:00:00+09:00,520.0,522.0,519.0,520.0,58000,0.0,0.0
2024-02-20 09:00:00+09:00,523.0,523.0,520.0,522.0,64600,0.0,0.0
2024-02-20 10:00:00+09:00,522.0,522.0,520.0,521.0,15700,0.0,0.0
2024-02-20 11:00:00+09:00,521.0,521.0,520.0,521.0,0,0.0,0.0
2024-02-20 12:00:00+09:00,521.0,521.0,520.0,520.0,107200,0.0,0.0
2024-02-20 13:00:00+09:00,520.0,524.0,520.0,522.0,41900,0.0,0.0
2024-02-20 14:00:00+09:00,522.0,524.0,521.0,522.0,40200,0.0,0.0
2024-02-21 09:00:00+09:00,523.0,524.0,518.0,518.0,39700,0.0,0.0
2024-02-21 10:00:00+09:00,518.0,520.0,517.0,517.0,38600,0.0,0.0
2024-02-21 11:00:00+09:00,518.0,519.0,517.0,517.0,0,0.0,0.0
2024-02-21 12:00:00+09:00,518.0,518.0,516.0,517.0,120100,0.0,0.0
2024-02-21 13:00:00+09:00,518.0,520.0,517.0,518.0,15900,0.0,0.0
2024-02-21 14:00:00+09:00,518.0,520.0,518.0,520.0,27500,0.0,0.0
2024-02-22 09:00:00+09:00,523.0,523.0,518.0,520.0,0,0.0,0.0
2024-02-22 10:00:00+09:00,520.0,521.0,519.0,520.0,44600,0.0,0.0
2024-02-22 11:00:00+09:00,521.0,521.0,519.0,521.0,0,0.0,0.0
2024-02-22 12:00:00+09:00,522.0,522.0,519.0,519.0,68000,0.0,0.0
2024-02-22 13:00:00+09:00,519.0,521.0,519.0,520.0,15500,0.0,0.0
2024-02-22 14:00:00+09:00,519.0,523.0,519.0,523.0,38600,0.0,0.0
2024-02-26 09:00:00+09:00,529.0,529.0,523.0,524.0,151000,0.0,0.0
2024-02-26 10:00:00+09:00,525.0,526.0,524.0,525.0,21800,0.0,0.0
2024-02-26 11:00:00+09:00,525.0,525.0,524.0,525.0,0,0.0,0.0
2024-02-26 12:00:00+09:00,525.0,525.0,524.0,524.0,185300,0.0,0.0
2024-02-26 13:00:00+09:00,524.0,525.0,524.0,525.0,17100,0.0,0.0
2024-02-26 14:00:00+09:00,525.0,527.0,524.0,526.0,21200,0.0,0.0
2024-02-27 09:00:00+09:00,527.0,527.0,526.0,526.0,31400,0.0,0.0
2024-02-27 10:00:00+09:00,527.0,531.0,527.0,531.0,54100,0.0,0.0
2024-02-27 11:00:00+09:00,530.0,531.0,529.0,530.0,0,0.0,0.0
2024-02-27 12:00:00+09:00,530.0,530.0,527.0,528.0,115500,0.0,0.0
2024-02-27 13:00:00+09:00,529.0,529.0,527.0,529.0,12000,0.0,0.0
2024-02-27 14:00:00+09:00,529.0,530.0,527.0,530.0,24600,0.0,0.0
2024-02-28 09:00:00+09:00,528.0,531.0,528.0,528.0,69700,0.0,0.0
2024-02-28 10:00:00+09:00,528.0,529.0,525.0,526.0,25900,0.0,0.0
2024-02-28 11:00:00+09:00,526.0,528.0,525.0,528.0,0,0.0,0.0
2024-02-28 12:00:00+09:00,528.0,528.0,526.0,527.0,115000,0.0,0.0
2024-02-28 13:00:00+09:00,528.0,529.0,527.0,529.0,11700,0.0,0.0
2024-02-28 14:00:00+09:00,529.0,529.0,526.0,526.0,33100,0.0,0.0
2024-02-29 09:00:00+09:00,527.0,528.0,524.0,526.0,33100,0.0,0.0
2024-02-29 10:00:00+09:00,527.0,527.0,524.0,524.0,31600,0.0,0.0
2024-02-29 11:00:00+09:00,524.0,525.0,523.0,525.0,0,0.0,0.0
2024-02-29 12:00:00+09:00,523.0,524.0,523.0,524.0,88800,0.0,0.0
2024-02-29 13:00:00+09:00,524.0,525.0,524.0,524.0,9300,0.0,0.0
2024-02-29 14:00:00+09:00,525.0,526.0,523.0,523.0,24600,0.0,0.0
2024-03-01 09:00:00+09:00,523.0,525.0,519.0,522.0,107700,0.0,0.0
2024-03-01 10:00:00+09:00,523.0,523.0,521.0,522.0,9300,0.0,0.0
2024-03-01 11:00:00+09:00,523.0,524.0,522.0,522.0,0,0.0,0.0
2024-03-01 12:00:00+09:00,522.0,523.0,522.0,523.0,131300,0.0,0.0
2024-03-01 13:00:00+09:00,522.0,522.0,521.0,521.0,14100,0.0,0.0
2024-03-01 14:00:00+09:00,522.0,523.0,521.0,521.0,45400,0.0,0.0
2024-03-04 09:00:00+09:00,524.0,524.0,517.0,520.0,99200,0.0,0.0
2024-03-04 10:00:00+09:00,520.0,524.0,519.0,520.0,53600,0.0,0.0
2024-03-04 11:00:00+09:00,521.0,521.0,518.0,520.0,0,0.0,0.0
2024-03-04 12:00:00+09:00,519.0,521.0,519.0,521.0,188400,0.0,0.0
2024-03-04 13:00:00+09:00,521.0,522.0,519.0,522.0,38200,0.0,0.0
2024-03-04 14:00:00+09:00,522.0,522.0,520.0,520.0,26100,0.0,0.0
2024-03-05 09:00:00+09:00,519.0,520.0,515.0,516.0,93200,0.0,0.0
2024-03-05 10:00:00+09:00,517.0,519.0,516.0,518.0,19200,0.0,0.0
2024-03-05 11:00:00+09:00,518.0,519.0,518.0,519.0,0,0.0,0.0
2024-03-05 12:00:00+09:00,518.0,520.0,518.0,519.0,128000,0.0,0.0
2024-03-05 13:00:00+09:00,520.0,521.0,519.0,520.0,23000,0.0,0.0
2024-03-05 14:00:00+09:00,520.0,521.0,519.0,521.0,13400,0.0,0.0
2024-03-06 09:00:00+09:00,517.0,522.0,517.0,522.0,37200,0.0,0.0
2024-03-06 10:00:00+09:00,521.0,522.0,520.0,521.0,21500,0.0,0.0
2024-03-06 11:00:00+09:00,521.0,521.0,520.0,521.0,0,0.0,0.0
2024-03-06 12:00:00+09:00,523.0,523.0,520.0,523.0,78600,0.0,0.0
2024-03-06 13:00:00+09:00,522.0,524.0,522.0,524.0,16000,0.0,0.0
2024-03-06 14:00:00+09:00,523.0,525.0,523.0,525.0,32800,0.0,0.0
2024-03-07 09:00:00+09:00,528.0,528.0,524.0,526.0,31800,0.0,0.0
2024-03-07 10:00:00+09:00,526.0,526.0,523.0,524.0,34600,0.0,0.0
2024-03-07 11:00:00+09:00,524.0,524.0,522.0,524.0,0,0.0,0.0
2024-03-07 12:00:00+09:00,524.0,524.0,522.0,523.0,92300,0.0,0.0
2024-03-07 13:00:00+09:00,523.0,525.0,522.0,524.0,19100,0.0,0.0
2024-03-07 14:00:00+09:00,524.0,525.0,523.0,523.0,32800,0.0,0.0
2024-03-08 09:00:00+09:00,521.0,528.0,521.0,525.0,120800,0.0,0.0
2024-03-08 10:00:00+09:00,526.0,527.0,525.0,526.0,10300,0.0,0.0
2024-03-08 11:00:00+09:00,526.0,528.0,526.0,527.0,0,0.0,0.0
2024-03-08 12:00:00+09:00,527.0,530.0,526.0,528.0,200000,0.0,0.0
2024-03-08 13:00:00+09:00,528.0,529.0,526.0,529.0,24400,0.0,0.0
2024-03-08 14:00:00+09:00,529.0,529.0,527.0,527.0,14800,0.0,0.0
2024-03-11 09:00:00+09:00,525.0,525.0,519.0,520.0,97800,0.0,0.0
2024-03-11 10:00:00+09:00,520.0,521.0,518.0,519.0,42300,0.0,0.0
2024-03-11 11:00:00+09:00,519.0,519.0,517.0,519.0,0,0.0,0.0
2024-03-11 12:00:00+09:00,518.0,518.0,513.0,514.0,256600,0.0,0.0
2024-03-11 13:00:00+09:00,513.0,515.0,512.0,512.0,30500,0.0,0.0
2024-03-11 14:00:00+09:00,512.0,515.0,511.0,513.0,91000,0.0,0.0
2024-03-12 09:00:00+09:00,515.0,516.0,507.0,508.0,143000,0.0,0.0
2024-03-12 10:00:00+09:00,509.0,510.0,505.0,505.0,96600,0.0,0.0
2024-03-12 11:00:00+09:00,505.0,509.0,505.0,508.0,0,0.0,0.0
2024-03-12 12:00:00+09:00,509.0,513.0,508.0,512.0,351200,0.0,0.0
2024-03-12 13:00:00+09:00,513.0,514.0,512.0,512.0,33600,0.0,0.0
2024-03-12 14:00:00+09:00,513.0,516.0,513.0,514.0,70300,0.0,0.0
2024-03-13 09:00:00+09:00,519.0,520.0,515.0,515.0,71000,0.0,0.0
2024-03-13 10:00:00+09:00,515.0,516.0,513.0,514.0,29100,0.0,0.0
2024-03-13 11:00:00+09:00,515.0,515.0,513.0,514.0,0,0.0,0.0
2024-03-13 12:00:00+09:00,514.0,514.0,511.0,512.0,139200,0.0,0.0
2024-03-13 13:00:00+09:00,512.0,513.0,511.0,512.0,18200,0.0,0.0
2024-03-13 14:00:00+09:00,512.0,514.0,510.0,510.0,74600,0.0,0.0
2024-03-14 09:00:00+09:00,513.0,514.0,510.0,513.0,36300,0.0,0.0
2024-03-14 10:00:00+09:00,513.0,515.0,512.0,514.0,17300,0.0,0.0
2024-03-14 11:00:00+09:00,514.0,515.0,513.0,514.0,0,0.0,0.0
2024-03-14 12:00:00+09:00,515.0,516.0,514.0,515.0,72300,0.0,0.0
2024-03-14 13:00:00+09:00,515.0,516.0,514.0,515.0,17100,0.0,0.0
2024-03-14 14:00:00+09:00,515.0,517.0,514.0,516.0,35800,0.0,0.0
2024-03-15 09:00:00+09:00,513.0,517.0,513.0,514.0,53100,0.0,0.0
2024-03-15 10:00:00+09:00,515.0,516.0,513.0,515.0,21300,0.0,0.0
2024-03-15 11:00:00+09:00,515.0,517.0,515.0,517.0,0,0.0,0.0
2024-03-15 12:00:00+09:00,517.0,517.0,515.0,515.0,111300,0.0,0.0
2024-03-15 13:00:00+09:00,515.0,516.0,513.0,513.0,38800,0.0,0.0
2024-03-15 14:00:00+09:00,513.0,514.0,512.0,513.0,26400,0.0,0.0
2024-03-18 09:00:00+09:00,517.0,517.0,513.0,516.0,45300,0.0,0.0
2024-03-18 10:00:00+09:00,517.0,517.0,516.0,516.0,15100,0.0,0.0
2024-03-18 11:00:00+09:00,517.0,517.0,516.0,517.0,0,0.0,0.0
2024-03-18 12:00:00+09:00,515.0,517.0,515.0,516.0,67000,0.0,0.0
2024-03-18 13:00:00+09:00,516.0,516.0,516.0,516.0,3400,0.0,0.0
2024-03-18 14:00:00+09:00,516.0,517.0,516.0,517.0,13800,0.0,0.0
2024-03-19 09:00:00+09:00,517.0,519.0,516.0,518.0,23100,0.0,0.0
2024-03-19 10:00:00+09:00,519.0,519.0,517.0,517.0,17100,0.0,0.0
2024-03-19 11:00:00+09:00,518.0,518.0,516.0,518.0,0,0.0,0.0
2024-03-19 12:00:00+09:00,518.0,521.0,517.0,521.0,66300,0.0,0.0
2024-03-19 13:00:00+09:00,521.0,522.0,519.0,521.0,18200,0.0,0.0
2024-03-19 14:00:00+09:00,521.0,521.0,519.0,521.0,12700,0.0,0.0
2024-03-21 09:00:00+09:00,524.0,525.0,523.0,524.0,0,0.0,0.0
2024-03-21 10:00:00+09:00,524.0,524.0,521.0,522.0,102400,0.0,0.0
2024-03-21 11:00:00+09:00,524.0,524.0,523.0,524.0,0,0.0,0.0
2024-03-21 12:00:00+09:00,524.0,525.0,523.0,524.0,134500,0.0,0.0
2024-03-21 13:00:00+09:00,525.0,525.0,524.0,524.0,12000,0.0,0.0
2024-03-21 14:00:00+09:00,524.0,525.0,523.0,523.0,14500,0.0,0.0
2024-03-22 09:00:00+09:00,525.0,528.0,522.0,525.0,76100,0.0,0.0
2024-03-22 10:00:00+09:00,526.0,531.0,525.0,528.0,76500,0.0,0.0
2024-03-22 11:00:00+09:00,528.0,528.0,527.0,528.0,0,0.0,0.0
2024-03-22 12:00:00+09:00,528.0,528.0,526.0,527.0,183600,0.0,0.0
2024-03-22 13:00:00+09:00,527.0,528.0,522.0,526.0,81100,0.0,0.0
2024-03-22 14:00:00+09:00,526.0,528.0,525.0,527.0,31000,0.0,0.0
2024-03-25 09:00:00+09:00,530.0,530.0,524.0,528.0,0,0.0,0.0
2024-03-25 10:00:00+09:00,528.0,529.0,526.0,526.0,20400,0.0,0.0
2024-03-25 11:00:00+09:00,526.0,527.0,526.0,527.0,0,0.0,0.0
2024-03-25 12:00:00+09:00,527.0,527.0,526.0,526.0,100400,0.0,0.0
2024-03-25 13:00:00+09:00,526.0,527.0,526.0,527.0,14000,0.0,0.0
2024-03-25 14:00:00+09:00,527.0,528.0,526.0,527.0,13000,0.0,0.0
2024-03-26 09:00:00+09:00,527.0,527.0,524.0,525.0,20300,0.0,0.0
2024-03-26 10:00:00+09:00,525.0,527.0,525.0,527.0,3700,0.0,0.0
2024-03-26 11:00:00+09:00,526.0,527.0,526.0,526.0,0,0.0,0.0
2024-03-26 12:00:00+09:00,525.0,527.0,525.0,526.0,36200,0.0,0.0
2024-03-26 13:00:00+09:00,526.0,528.0,526.0,527.0,16800,0.0,0.0
2024-03-26 14:00:00+09:00,528.0,529.0,527.0,528.0,16500,0.0,0.0
2024-03-27 09:00:00+09:00,528.0,531.0,528.0,530.0,77600,0.0,0.0
2024-03-27 10:00:00+09:00,529.0,530.0,528.0,529.0,12000,0.0,0.0
2024-03-27 11:00:00+09:00,530.0,530.0,529.0,530.0,0,0.0,0.0
2024-03-27 12:00:00+09:00,529.0,531.0,528.0,530.0,158600,0.0,0.0
2024-03-27 13:00:00+09:00,530.0,533.0,530.0,532.0,57200,0.0,0.0
2024-03-27 14:00:00+09:00,532.0,532.0,530.0,530.0,19600,0.0,0.0
2024-03-28 09:00:00+09:00,533.0,535.0,531.0,533.0,71700,0.0,0.0
2024-03-28 10:00:00+09:00,533.0,537.0,533.0,533.0,47800,0.0,0.0
2024-03-28 11:00:00+09:00,533.0,533.0,533.0,533.0,0,0.0,0.0
2024-03-28 12:00:00+09:00,533.0,534.0,533.0,533.0,134300,0.0,0.0
2024-03-28 13:00:00+09:00,533.0,534.0,532.0,533.0,12700,0.0,0.0
2024-03-28 14:00:00+09:00,533.0,533.0,531.0,531.0,25100,0.0,0.0
2024-03-29 09:00:00+09:00,533.0,537.0,532.0,534.0,34100,0.0,0.0
2024-03-29 10:00:00+09:00,534.0,535.0,533.0,535.0,19700,0.0,0.0
2024-03-29 11:00:00+09:00,534.0,536.0,534.0,536.0,0,0.0,0.0
2024-03-29 12:00:00+09:00,534.0,536.0,534.0,535.0,76700,0.0,0.0
2024-03-29 13:00:00+09:00,534.0,537.0,534.0,536.0,47300,0.0,0.0
2024-03-29 14:00:00+09:00,536.0,537.0,536.0,536.0,26600,0.0,0.0
2024-04-01 09:00:00+09:00,538.0,541.0,537.0,540.0,64500,0.0,0.0
2024-04-01 10:00:00+09:00,539.0,540.0,536.0,537.0,26400,0.0,0.0
2024-04-01 11:00:00+09:00,536.0,536.0,535.0,535.0,0,0.0,0.0
2024-04-01 12:00:00+09:00,536.0,537.0,536.0,536.0,116500,0.0,0.0
2024-04-01 13:00:00+09:00,537.0,540.0,537.0,539.0,33800,0.0,0.0
2024-04-01 14:00:00+09:00,539.0,539.0,537.0,537.0,32000,0.0,0.0
2024-04-02 09:00:00+09:00,538.0,538.0,534.0,535.0,69900,0.0,0.0
2024-04-02 10:00:00+09:00,534.0,535.0,532.0,533.0,36600,0.0,0.0
2024-04-02 11:00:00+09:00,533.0,534.0,532.0,533.0,0,0.0,0.0
2024-04-02 12:00:00+09:00,532.0,532.0,530.0,531.0,127700,0.0,0.0
2024-04-02 13:00:00+09:00,531.0,532.0,529.0,530.0,55200,0.0,0.0
2024-04-02 14:00:00+09:00,530.0,531.0,528.0,529.0,25100,0.0,0.0
2024-04-03 09:00:00+09:00,528.0,531.0,526.0,531.0,42600,0.0,0.0
2024-04-03 10:00:00+09:00,531.0,531.0,529.0,530.0,22300,0.0,0.0
2024-04-03 11:00:00+09:00,530.0,531.0,529.0,529.0,0,0.0,0.0
2024-04-03 12:00:00+09:00,531.0,531.0,528.0,530.0,84700,0.0,0.0
2024-04-03 13:00:00+09:00,529.0,530.0,528.0,530.0,17000,0.0,0.0
2024-04-03 14:00:00+09:00,529.0,529.0,528.0,529.0,21900,0.0,0.0
2024-04-04 09:00:00+09:00,532.0,534.0,529.0,532.0,72600,0.0,0.0
2024-04-04 10:00:00+09:00,532.0,534.0,532.0,534.0,7800,0.0,0.0
2024-04-04 11:00:00+09:00,533.0,534.0,532.0,533.0,0,0.0,0.0
2024-04-04 12:00:00+09:00,532.0,536.0,532.0,535.0,120700,0.0,0.0
2024-04-04 13:00:00+09:00,536.0,537.0,534.0,534.0,25700,0.0,0.0
2024-04-04 14:00:00+09:00,535.0,536.0,533.0,534.0,31900,0.0,0.0
2024-04-05 09:00:00+09:00,529.0,536.0,528.0,532.0,77100,0.0,0.0
2024-04-05 10:00:00+09:00,532.0,534.0,530.0,530.0,25000,0.0,0.0
2024-04-05 11:00:00+09:00,531.0,532.0,530.0,531.0,0,0.0,0.0
2024-04-05 12:00:00+09:00,530.0,534.0,530.0,534.0,123000,0.0,0.0
2024-04-05 13:00:00+09:00,534.0,534.0,532.0,533.0,18300,0.0,0.0
2024-04-05 14:00:00+09:00,533.0,534.0,532.0,534.0,18100,0.0,0.0
2024-04-08 09:00:00+09:00,533.0,535.0,532.0,535.0,38500,0.0,0.0
2024-04-08 10:00:00+09:00,534.0,536.0,534.0,535.0,10200,0.0,0.0
2024-04-08 11:00:00+09:00,535.0,536.0,535.0,535.0,0,0.0,0.0
2024-04-08 12:00:00+09:00,534.0,534.0,533.0,534.0,59300,0.0,0.0
2024-04-08 13:00:00+09:00,535.0,535.0,533.0,534.0,17400,0.0,0.0
2024-04-08 14:00:00+09:00,534.0,535.0,533.0,535.0,14100,0.0,0.0
2024-04-09 09:00:00+09:00,535.0,536.0,533.0,533.0,35000,0.0,0.0
2024-04-09 10:00:00+09:00,534.0,534.0,533.0,534.0,9400,0.0,0.0
2024-04-09 11:00:00+09:00,533.0,534.0,533.0,534.0,0,0.0,0.0
2024-04-09 12:00:00+09:00,534.0,534.0,532.0,533.0,56400,0.0,0.0
2024-04-09 13:00:00+09:00,533.0,534.0,533.0,534.0,5700,0.0,0.0
2024-04-09 14:00:00+09:00,533.0,535.0,533.0,533.0,26400,0.0,0.0
2024-04-10 09:00:00+09:00,534.0,535.0,532.0,533.0,23700,0.0,0.0
2024-04-10 10:00:00+09:00,533.0,534.0,532.0,533.0,18600,0.0,0.0
2024-04-10 11:00:00+09:00,533.0,534.0,533.0,534.0,0,0.0,0.0
2024-04-10 12:00:00+09:00,533.0,534.0,532.0,532.0,67100,0.0,0.0
2024-04-10 13:00:00+09:00,532.0,533.0,531.0,532.0,16400,0.0,0.0
2024-04-10 14:00:00+09:00,532.0,533.0,531.0,531.0,24200,0.0,0.0
2024-04-11 09:00:00+09:00,530.0,532.0,528.0,531.0,56200,0.0,0.0
2024-04-11 10:00:00+09:00,532.0,532.0,530.0,531.0,7100,0.0,0.0
2024-04-11 11:00:00+09:00,531.0,535.0,530.0,533.0,0,0.0,0.0
2024-04-11 12:00:00+09:00,534.0,535.0,533.0,534.0,112500,0.0,0.0
2024-04-11 13:00:00+09:00,533.0,534.0,528.0,532.0,55000,0.0,0.0
2024-04-11 14:00:00+09:00,532.0,533.0,531.0,531.0,12200,0.0,0.0
2024-04-12 09:00:00+09:00,531.0,532.0,530.0,530.0,35000,0.0,0.0
2024-04-12 10:00:00+09:00,530.0,531.0,528.0,531.0,34800,0.0,0.0
2024-04-12 11:00:00+09:00,531.0,532.0,530.0,530.0,0,0.0,0.0
2024-04-12 12:00:00+09:00,530.0,532.0,530.0,531.0,98400,0.0,0.0
2024-04-12 13:00:00+09:00,531.0,531.0,530.0,531.0,18700,0.0,0.0
2024-04-12 14:00:00+09:00,530.0,531.0,529.0,530.0,17700,0.0,0.0
2024-04-15 09:00:00+09:00,528.0,528.0,523.0,526.0,83100,0.0,0.0
2024-04-15 10:00:00+09:00,526.0,527.0,526.0,527.0,18500,0.0,0.0
2024-04-15 11:00:00+09:00,528.0,529.0,527.0,527.0,0,0.0,0.0
2024-04-15 12:00:00+09:00,527.0,528.0,526.0,528.0,130300,0.0,0.0
2024-04-15 13:00:00+09:00,528.0,528.0,527.0,528.0,3800,0.0,0.0
2024-04-15 14:00:00+09:00,528.0,529.0,527.0,528.0,29400,0.0,0.0
2024-04-16 09:00:00+09:00,525.0,526.0,520.0,522.0,159200,0.0,0.0
2024-04-16 10:00:00+09:00,522.0,522.0,519.0,521.0,55700,0.0,0.0
2024-04-16 11:00:00+09:00,521.0,522.0,519.0,519.0,0,0.0,0.0
2024-04-16 12:00:00+09:00,519.0,520.0,516.0,517.0,269500,0.0,0.0
2024-04-16 13:00:00+09:00,517.0,520.0,517.0,519.0,46100,0.0,0.0
2024-04-16 14:00:00+09:00,520.0,522.0,519.0,520.0,32800,0.0,0.0
2024-04-17 09:00:00+09:00,520.0,521.0,513.0,515.0,122600,0.0,0.0
2024-04-17 10:00:00+09:00,515.0,515.0,514.0,515.0,31900,0.0,0.0
2024-04-17 11:00:00+09:00,516.0,516.0,513.0,515.0,0,0.0,0.0
2024-04-17 12:00:00+09:00,514.0,517.0,514.0,517.0,222900,0.0,0.0
2024-04-17 13:00:00+09:00,517.0,517.0,516.0,517.0,6900,0.0,0.0
2024-04-17 14:00:00+09:00,516.0,517.0,512.0,514.0,44400,0.0,0.0
2024-04-18 09:00:00+09:00,513.0,517.0,513.0,515.0,50000,0.0,0.0
2024-04-18 10:00:00+09:00,515.0,516.0,514.0,515.0,6800,0.0,0.0
2024-04-18 11:00:00+09:00,515.0,516.0,514.0,514.0,0,0.0,0.0
2024-04-18 12:00:00+09:00,515.0,516.0,514.0,515.0,88100,0.0,0.0
2024-04-18 13:00:00+09:00,515.0,517.0,514.0,514.0,16300,0.0,0.0
2024-04-18 14:00:00+09:00,514.0,515.0,513.0,513.0,24800,0.0,0.0
2024-04-19 09:00:00+09:00,511.0,512.0,506.0,506.0,128100,0.0,0.0
2024-04-19 10:00:00+09:00,507.0,507.0,499.0,499.0,246100,0.0,0.0
2024-04-19 11:00:00+09:00,499.0,499.0,496.0,496.0,0,0.0,0.0
2024-04-19 12:00:00+09:00,497.0,501.0,497.0,501.0,479100,0.0,0.0
2024-04-19 13:00:00+09:00,501.0,502.0,500.0,501.0,33300,0.0,0.0
2024-04-19 14:00:00+09:00,501.0,501.0,499.0,500.0,65100,0.0,0.0
2024-04-22 09:00:00+09:00,504.0,509.0,503.0,507.0,107000,0.0,0.0
2024-04-22 10:00:00+09:00,507.0,507.0,505.0,506.0,27400,0.0,0.0
2024-04-22 11:00:00+09:00,506.0,507.0,506.0,506.0,0,0.0,0.0
2024-04-22 12:00:00+09:00,506.0,506.0,505.0,505.0,156600,0.0,0.0
2024-04-22 13:00:00+09:00,505.0,507.0,505.0,507.0,48300,0.0,0.0
2024-04-22 14:00:00+09:00,506.0,507.0,504.0,507.0,36700,0.0,0.0
2024-04-23 09:00:00+09:00,509.0,509.0,505.0,506.0,49600,0.0,0.0
2024-04-23 10:00:00+09:00,506.0,507.0,504.0,505.0,27200,0.0,0.0
2024-04-23 11:00:00+09:00,505.0,506.0,504.0,506.0,0,0.0,0.0
2024-04-23 12:00:00+09:00,506.0,507.0,506.0,507.0,103100,0.0,0.0
2024-04-23 13:00:00+09:00,506.0,508.0,506.0,508.0,14600,0.0,0.0
2024-04-23 14:00:00+09:00,507.0,508.0,505.0,505.0,32800,0.0,0.0
2024-04-24 09:00:00+09:00,508.0,510.0,507.0,508.0,47700,0.0,0.0
2024-04-24 10:00:00+09:00,508.0,509.0,507.0,508.0,14400,0.0,0.0
2024-04-24 11:00:00+09:00,508.0,509.0,506.0,509.0,0,0.0,0.0
2024-04-24 12:00:00+09:00,509.0,511.0,508.0,511.0,108400,0.0,0.0
2024-04-24 13:00:00+09:00,510.0,511.0,509.0,510.0,8800,0.0,0.0
2024-04-24 14:00:00+09:00,511.0,511.0,509.0,509.0,33100,0.0,0.0
2024-04-25 09:00:00+09:00,513.0,514.0,510.0,511.0,86100,0.0,0.0
2024-04-25 10:00:00+09:00,511.0,512.0,510.0,511.0,33000,0.0,0.0
2024-04-25 11:00:00+09:00,511.0,512.0,510.0,512.0,0,0.0,0.0
2024-04-25 12:00:00+09:00,512.0,512.0,509.0,509.0,143500,0.0,0.0
2024-04-25 13:00:00+09:00,509.0,510.0,508.0,510.0,0,0.0,0.0
2024-04-25 14:00:00+09:00,509.0,510.0,508.0,508.0,186600,0.0,0.0
2024-04-26 09:00:00+09:00,508.0,508.0,504.0,506.0,55900,0.0,0.0
2024-04-26 10:00:00+09:00,506.0,508.0,506.0,508.0,16400,0.0,0.0
2024-04-26 11:00:00+09:00,507.0,510.0,507.0,509.0,0,0.0,0.0
2024-04-26 12:00:00+09:00,510.0,513.0,509.0,512.0,139900,0.0,0.0
2024-04-26 13:00:00+09:00,512.0,514.0,511.0,512.0,21300,0.0,0.0
2024-04-26 14:00:00+09:00,512.0,517.0,511.0,513.0,85400,0.0,0.0
2024-04-30 09:00:00+09:00,517.0,517.0,512.0,514.0,61600,0.0,0.0
2024-04-30 10:00:00+09:00,515.0,519.0,515.0,518.0,27900,0.0,0.0
2024-04-30 11:00:00+09:00,518.0,519.0,516.0,517.0,0,0.0,0.0
2024-04-30 12:00:00+09:00,517.0,519.0,517.0,517.0,108200,0.0,0.0
2024-04-30 13:00:00+09:00,517.0,519.0,517.0,518.0,20000,0.0,0.0
2024-04-30 14:00:00+09:00,518.0,519.0,517.0,518.0,22000,0.0,0.0
2024-05-01 09:00:00+09:00,518.0,518.0,514.0,517.0,33900,0.0,0.0
2024-05-01 10:00:00+09:00,517.0,520.0,517.0,520.0,23700,0.0,0.0
2024-05-01 11:00:00+09:00,520.0,521.0,519.0,521.0,0,0.0,0.0
2024-05-01 12:00:00+09:00,521.0,522.0,520.0,521.0,88000,0.0,0.0
2024-05-01 13:00:00+09:00,521.0,521.0,520.0,520.0,6800,0.0,0.0
2024-05-01 14:00:00+09:00,521.0,522.0,520.0,520.0,19000,0.0,0.0
2024-05-02 09:00:00+09:00,520.0,522.0,520.0,522.0,35300,0.0,0.0
2024-05-02 10:00:00+09:00,521.0,522.0,520.0,520.0,7500,0.0,0.0
2024-05-02 11:00:00+09:00,521.0,521.0,520.0,521.0,0,0.0,0.0
2024-05-02 12:00:00+09:00,522.0,522.0,521.0,522.0,66800,0.0,0.0
2024-05-02 13:00:00+09:00,521.0,523.0,521.0,523.0,7300,0.0,0.0
2024-05-02 14:00:00+09:00,523.0,523.0,521.0,523.0,23400,0.0,0.0
2024-05-07 09:00:00+09:00,525.0,525.0,523.0,523.0,33500,0.0,0.0
2024-05-07 10:00:00+09:00,524.0,524.0,523.0,524.0,3900,0.0,0.0
2024-05-07 11:00:00+09:00,524.0,524.0,523.0,523.0,0,0.0,0.0
2024-05-07 12:00:00+09:00,523.0,523.0,522.0,522.0,60900,0.0,0.0
2024-05-07 13:00:00+09:00,523.0,523.0,522.0,522.0,4300,0.0,0.0
2024-05-07 14:00:00+09:00,522.0,524.0,522.0,522.0,12000,0.0,0.0
2024-05-08 09:00:00+09:00,523.0,525.0,523.0,524.0,44400,0.0,0.0
2024-05-08 10:00:00+09:00,524.0,525.0,523.0,523.0,24400,0.0,0.0
2024-05-08 11:00:00+09:00,523.0,524.0,522.0,522.0,0,0.0,0.0
2024-05-08 12:00:00+09:00,522.0,523.0,522.0,523.0,100400,0.0,0.0
2024-05-08 13:00:00+09:00,523.0,523.0,522.0,522.0,0,0.0,0.0
2024-05-08 14:00:00+09:00,522.0,523.0,521.0,521.0,139200,0.0,0.0
2024-05-09 09:00:00+09:00,525.0,525.0,520.0,521.0,29700,0.0,0.0
2024-05-09 10:00:00+09:00,522.0,522.0,521.0,522.0,5700,0.0,0.0
2024-05-09 11:00:00+09:00,522.0,522.0,521.0,521.0,0,0.0,0.0
2024-05-09 12:00:00+09:00,522.0,523.0,522.0,522.0,55900,0.0,0.0
2024-05-09 13:00:00+09:00,522.0,523.0,522.0,522.0,7500,0.0,0.0
2024-05-09 14:00:00+09:00,522.0,523.0,521.0,521.0,13500,0.0,0.0
2024-05-10 09:00:00+09:00,524.0,524.0,522.0,523.0,21900,0.0,0.0
2024-05-10 10:00:00+09:00,523.0,523.0,522.0,523.0,17200,0.0,0.0
2024-05-10 11:00:00+09:00,522.0,523.0,522.0,522.0,0,0.0,0.0
2024-05-10 12:00:00+09:00,521.0,522.0,521.0,522.0,58700,0.0,0.0
2024-05-10 13:00:00+09:00,521.0,522.0,521.0,522.0,5500,0.0,0.0
2024-05-10 14:00:00+09:00,522.0,522.0,521.0,521.0,7900,0.0,0.0
2024-05-13 09:00:00+09:00,523.0,524.0,522.0,523.0,51100,0.0,0.0
2024-05-13 10:00:00+09:00,523.0,523.0,522.0,523.0,14800,0.0,0.0
2024-05-13 11:00:00+09:00,523.0,523.0,522.0,522.0,0,0.0,0.0
2024-05-13 12:00:00+09:00,523.0,523.0,522.0,522.0,86200,0.0,0.0
2024-05-13 13:00:00+09:00,522.0,523.0,522.0,522.0,7800,0.0,0.0
2024-05-13 14:00:00+09:00,522.0,523.0,521.0,523.0,19600,0.0,0.0
2024-05-14 09:00:00+09:00,524.0,524.0,521.0,521.0,42900,0.0,0.0
2024-05-14 10:00:00+09:00,522.0,522.0,519.0,520.0,48900,0.0,0.0
2024-05-14 11:00:00+09:00,520.0,521.0,520.0,520.0,0,0.0,0.0
2024-05-14 12:00:00+09:00,520.0,521.0,519.0,520.0,111700,0.0,0.0
2024-05-14 13:00:00+09:00,521.0,522.0,520.0,520.0,7400,0.0,0.0
2024-05-14 14:00:00+09:00,520.0,521.0,520.0,520.0,3500,0.0,0.0
2024-05-15 09:00:00+09:00,520.0,520.0,514.0,515.0,136900,0.0,0.0
2024-05-15 10:00:00+09:00,515.0,516.0,514.0,514.0,18500,0.0,0.0
2024-05-15 11:00:00+09:00,515.0,515.0,508.0,510.0,0,0.0,0.0
2024-05-15 12:00:00+09:00,510.0,514.0,510.0,513.0,369400,0.0,0.0
2024-05-15 13:00:00+09:00,513.0,513.0,511.0,511.0,22700,0.0,0.0
2024-05-15 14:00:00+09:00,511.0,512.0,510.0,510.0,23100,0.0,0.0
2024-05-16 09:00:00+09:00,511.0,511.0,506.0,507.0,119600,0.0,0.0
2024-05-16 10:00:00+09:00,507.0,507.0,504.0,507.0,105800,0.0,0.0
2024-05-16 11:00:00+09:00,507.0,507.0,506.0,507.0,0,0.0,0.0
2024-05-16 12:00:00+09:00,506.0,508.0,506.0,508.0,262300,0.0,0.0
2024-05-16 13:00:00+09:00,507.0,508.0,506.0,506.0,28500,0.0,0.0
2024-05-16 14:00:00+09:00,507.0,508.0,506.0,508.0,25500,0.0,0.0
2024-05-17 09:00:00+09:00,505.0,506.0,502.0,505.0,0,0.0,0.0
2024-05-17 10:00:00+09:00,506.0,508.0,506.0,508.0,102600,0.0,0.0
2024-05-17 11:00:00+09:00,507.0,508.0,505.0,506.0,0,0.0,0.0
2024-05-17 12:00:00+09:00,506.0,508.0,506.0,507.0,136300,0.0,0.0
2024-05-17 13:00:00+09:00,508.0,510.0,508.0,509.0,16000,0.0,0.0
2024-05-17 14:00:00+09:00,509.0,510.0,508.0,509.0,22400,0.0,0.0
2024-05-20 09:00:00+09:00,507.0,509.0,505.0,507.0,80400,0.0,0.0
2024-05-20 10:00:00+09:00,508.0,511.0,507.0,509.0,89700,0.0,0.0
2024-05-20 11:00:00+09:00,509.0,509.0,508.0,508.0,0,0.0,0.0
2024-05-20 12:00:00+09:00,507.0,508.0,506.0,507.0,254500,0.0,0.0
2024-05-20 13:00:00+09:00,507.0,507.0,505.0,506.0,52700,0.0,0.0
2024-05-20 14:00:00+09:00,506.0,506.0,504.0,504.0,95600,0.0,0.0
2024-05-21 09:00:00+09:00,505.0,506.0,503.0,505.0,94000,0.0,0.0
2024-05-21 10:00:00+09:00,504.0,505.0,503.0,504.0,41100,0.0,0.0
2024-05-21 11:00:00+09:00,504.0,504.0,503.0,504.0,0,0.0,0.0
2024-05-21 12:00:00+09:00,503.0,505.0,503.0,503.0,172300,0.0,0.0
2024-05-21 13:00:00+09:00,503.0,504.0,503.0,504.0,16700,0.0,0.0
2024-05-21 14:00:00+09:00,504.0,504.0,503.0,503.0,11100,0.0,0.0
2024-05-22 09:00:00+09:00,503.0,504.0,501.0,501.0,170000,0.0,0.0
2024-05-22 10:00:00+09:00,502.0,502.0,500.0,500.0,59100,0.0,0.0
2024-05-22 11:00:00+09:00,501.0,501.0,500.0,501.0,0,0.0,0.0
2024-05-22 12:00:00+09:00,501.0,502.0,501.0,502.0,251500,0.0,0.0
2024-05-22 13:00:00+09:00,502.0,502.0,501.0,501.0,23100,0.0,0.0
2024-05-22 14:00:00+09:00,501.0,503.0,501.0,502.0,22800,0.0,0.0
2024-05-23 09:00:00+09:00,501.0,502.0,496.0,497.0,234200,0.0,0.0
2024-05-23 10:00:00+09:00,497.0,498.0,496.0,497.0,34600,0.0,0.0
2024-05-23 11:00:00+09:00,497.0,498.0,497.0,497.0,0,0.0,0.0
2024-05-23 12:00:00+09:00,497.0,498.0,497.0,497.0,323100,0.0,0.0
2024-05-23 13:00:00+09:00,498.0,498.0,496.0,497.0,24300,0.0,0.0
2024-05-23 14:00:00+09:00,497.0,497.0,496.0,496.0,54300,0.0,0.0
2024-05-24 09:00:00+09:00,494.0,496.0,492.0,496.0,142700,0.0,0.0
2024-05-24 10:00:00+09:00,497.0,498.0,495.0,496.0,21100,0.0,0.0
2024-05-24 11:00:00+09:00,497.0,498.0,497.0,498.0,0,0.0,0.0
2024-05-24 12:00:00+09:00,497.0,498.0,497.0,498.0,181900,0.0,0.0
2024-05-24 13:00:00+09:00,498.0,501.0,498.0,500.0,91400,0.0,0.0
2024-05-24 14:00:00+09:00,500.0,501.0,499.0,499.0,56400,0.0,0.0
2024-05-27 09:00:00+09:00,499.0,499.0,497.0,498.0,110900,0.0,0.0
2024-05-27 10:00:00+09:00,498.0,499.0,497.0,498.0,55400,0.0,0.0
2024-05-27 11:00:00+09:00,498.0,499.0,497.0,497.0,0,0.0,0.0
2024-05-27 12:00:00+09:00,498.0,498.0,497.0,498.0,230700,0.0,0.0
2024-05-27 13:00:00+09:00,498.0,498.0,497.0,498.0,59100,0.0,0.0
2024-05-27 14:00:00+09:00,498.0,500.0,498.0,499.0,48000,0.0,0.0
2024-05-28 09:00:00+09:00,498.0,501.0,498.0,500.0,100700,0.0,0.0
2024-05-28 10:00:00+09:00,500.0,500.0,499.0,500.0,45400,0.0,0.0
2024-05-28 11:00:00+09:00,500.0,500.0,499.0,500.0,0,0.0,0.0
2024-05-28 12:00:00+09:00,499.0,500.0,498.0,499.0,186500,0.0,0.0
2024-05-28 13:00:00+09:00,499.0,501.0,499.0,500.0,76100,0.0,0.0
2024-05-28 14:00:00+09:00,501.0,501.0,499.0,500.0,73800,0.0,0.0
2024-05-29 09:00:00+09:00,495.0,496.0,487.0,487.0,601100,0.0,0.0
2024-05-29 10:00:00+09:00,487.0,489.0,486.0,486.0,125000,0.0,0.0
2024-05-29 11:00:00+09:00,486.0,487.0,485.0,487.0,0,0.0,0.0
2024-05-29 12:00:00+09:00,486.0,486.0,483.0,484.0,1013100,0.0,0.0
2024-05-29 13:00:00+09:00,484.0,486.0,483.0,483.0,85500,0.0,0.0
2024-05-29 14:00:00+09:00,484.0,484.0,481.0,483.0,176900,0.0,0.0
2024-05-30 09:00:00+09:00,450.0,465.0,450.0,459.0,574800,0.0,0.0
2024-05-30 10:00:00+09:00,459.0,462.0,456.0,461.0,103900,0.0,0.0
2024-05-30 11:00:00+09:00,461.0,461.0,459.0,460.0,0,0.0,0.0
2024-05-30 12:00:00+09:00,461.0,463.0,460.0,463.0,752500,0.0,0.0
2024-05-30 13:00:00+09:00,463.0,466.0,462.0,465.0,78700,0.0,0.0
2024-05-30 14:00:00+09:00,465.0,466.0,462.0,464.0,56400,0.0,0.0
2024-05-31 09:00:00+09:00,463.0,467.0,459.0,460.0,177400,0.0,0.0
2024-05-31 10:00:00+09:00,461.0,462.0,460.0,460.0,57800,0.0,0.0
2024-05-31 11:00:00+09:00,460.0,461.0,458.0,461.0,0,0.0,0.0
2024-05-31 12:00:00+09:00,459.0,463.0,459.0,463.0,318200,0.0,0.0
2024-05-31 13:00:00+09:00,463.0,464.0,461.0,462.0,47300,0.0,0.0
2024-05-31 14:00:00+09:00,463.0,467.0,460.0,460.0,150000,0.0,0.0
2024-06-03 09:00:00+09:00,465.0,474.0,465.0,471.0,175400,0.0,0.0
2024-06-03 10:00:00+09:00,472.0,474.0,471.0,472.0,47000,0.0,0.0
2024-06-03 11:00:00+09:00,472.0,472.0,470.0,471.0,0,0.0,0.0
2024-06-03 12:00:00+09:00,472.0,473.0,471.0,472.0,263600,0.0,0.0
2024-06-03 13:00:00+09:00,472.0,473.0,469.0,470.0,40600,0.0,0.0
2024-06-03 14:00:00+09:00,470.0,470.0,467.0,468.0,56200,0.0,0.0
2024-06-04 09:00:00+09:00,468.0,468.0,462.0,463.0,96700,0.0,0.0
2024-06-04 10:00:00+09:00,463.0,463.0,458.0,460.0,78900,0.0,0.0
2024-06-04 11:00:00+09:00,460.0,461.0,459.0,460.0,0,0.0,0.0
2024-06-04 12:00:00+09:00,460.0,462.0,460.0,462.0,240400,0.0,0.0
2024-06-04 13:00:00+09:00,462.0,463.0,462.0,463.0,16400,0.0,0.0
2024-06-04 14:00:00+09:00,463.0,464.0,462.0,464.0,31800,0.0,0.0
2024-06-05 09:00:00+09:00,463.0,465.0,460.0,465.0,68800,0.0,0.0
2024-06-05 10:00:00+09:00,465.0,466.0,464.0,464.0,13600,0.0,0.0
2024-06-05 11:00:00+09:00,465.0,466.0,464.0,465.0,0,0.0,0.0
2024-06-05 12:00:00+09:00,466.0,468.0,464.0,467.0,158400,0.0,0.0
2024-06-05 13:00:00+09:00,467.0,468.0,467.0,467.0,14200,0.0,0.0
2024-06-05 14:00:00+09:00,467.0,469.0,466.0,467.0,59400,0.0,0.0
2024-06-06 09:00:00+09:00,467.0,471.0,466.0,467.0,142300,0.0,0.0
2024-06-06 10:00:00+09:00,467.0,467.0,464.0,467.0,33200,0.0,0.0
2024-06-06 11:00:00+09:00,466.0,467.0,465.0,465.0,0,0.0,0.0
2024-06-06 12:00:00+09:00,466.0,467.0,464.0,466.0,199900,0.0,0.0
2024-06-06 13:00:00+09:00,466.0,467.0,465.0,466.0,13500,0.0,0.0
2024-06-06 14:00:00+09:00,466.0,468.0,466.0,466.0,46100,0.0,0.0
2024-06-07 09:00:00+09:00,465.0,466.0,463.0,464.0,34900,0.0,0.0
2024-06-07 10:00:00+09:00,464.0,464.0,462.0,462.0,17000,0.0,0.0
2024-06-07 11:00:00+09:00,462.0,463.0,462.0,463.0,0,0.0,0.0
2024-06-07 12:00:00+09:00,463.0,463.0,462.0,463.0,61400,0.0,0.0
2024-06-07 13:00:00+09:00,463.0,463.0,458.0,458.0,68100,0.0,0.0
2024-06-07 14:00:00+09:00,458.0,458.0,455.0,455.0,85200,0.0,0.0
2024-06-10 09:00:00+09:00,455.0,458.0,451.0,457.0,288900,0.0,0.0
2024-06-10 10:00:00+09:00,457.0,459.0,456.0,459.0,20700,0.0,0.0
2024-06-10 11:00:00+09:00,459.0,460.0,458.0,459.0,0,0.0,0.0
2024-06-10 12:00:00+09:00,460.0,462.0,460.0,461.0,384800,0.0,0.0
2024-06-10 13:00:00+09:00,461.0,463.0,460.0,462.0,86600,0.0,0.0
2024-06-10 14:00:00+09:00,463.0,464.0,462.0,463.0,26700,0.0,0.0
2024-06-11 09:00:00+09:00,464.0,465.0,463.0,464.0,29200,0.0,0.0
2024-06-11 10:00:00+09:00,464.0,464.0,461.0,461.0,87800,0.0,0.0
2024-06-11 11:00:00+09:00,461.0,461.0,458.0,459.0,0,0.0,0.0
2024-06-11 12:00:00+09:00,458.0,458.0,457.0,458.0,160600,0.0,0.0
2024-06-11 13:00:00+09:00,458.0,458.0,456.0,456.0,25800,0.0,0.0
2024-06-11 14:00:00+09:00,456.0,457.0,454.0,454.0,68300,0.0,0.0
2024-06-12 09:00:00+09:00,455.0,456.0,453.0,454.0,24600,0.0,0.0
2024-06-12 10:00:00+09:00,454.0,455.0,452.0,453.0,38100,0.0,0.0
2024-06-12 11:00:00+09:00,453.0,453.0,452.0,453.0,0,0.0,0.0
2024-06-12 12:00:00+09:00,453.0,454.0,451.0,452.0,131000,0.0,0.0
2024-06-12 13:00:00+09:00,452.0,452.0,448.0,449.0,149800,0.0,0.0
2024-06-12 14:00:00+09:00,449.0,450.0,447.0,448.0,62000,0.0,0.0
2024-06-13 09:00:00+09:00,449.0,450.0,442.0,444.0,157100,0.0,0.0
2024-06-13 10:00:00+09:00,444.0,445.0,442.0,443.0,57600,0.0,0.0
2024-06-13 11:00:00+09:00,442.0,443.0,441.0,441.0,0,0.0,0.0
2024-06-13 12:00:00+09:00,441.0,442.0,441.0,441.0,296600,0.0,0.0
2024-06-13 13:00:00+09:00,441.0,444.0,439.0,444.0,141800,0.0,0.0
2024-06-13 14:00:00+09:00,444.0,444.0,442.0,442.0,55200,0.0,0.0
2024-06-14 09:00:00+09:00,440.0,450.0,440.0,449.0,139800,0.0,0.0
2024-06-14 10:00:00+09:00,449.0,453.0,449.0,453.0,37500,0.0,0.0
2024-06-14 11:00:00+09:00,452.0,454.0,452.0,452.0,0,0.0,0.0
2024-06-14 12:00:00+09:00,454.0,456.0,452.0,456.0,248000,0.0,0.0
2024-06-14 13:00:00+09:00,455.0,456.0,454.0,454.0,30400,0.0,0.0
2024-06-14 14:00:00+09:00,454.0,456.0,454.0,455.0,38300,0.0,0.0
2024-06-17 09:00:00+09:00,455.0,455.0,448.0,448.0,81400,0.0,0.0
2024-06-17 10:00:00+09:00,448.0,450.0,446.0,450.0,40400,0.0,0.0
2024-06-17 11:00:00+09:00,450.0,450.0,449.0,450.0,0,0.0,0.0
2024-06-17 12:00:00+09:00,451.0,451.0,449.0,450.0,157400,0.0,0.0
2024-06-17 13:00:00+09:00,449.0,450.0,449.0,450.0,17300,0.0,0.0
2024-06-17 14:00:00+09:00,450.0,451.0,449.0,449.0,56400,0.0,0.0
2024-06-18 09:00:00+09:00,452.0,457.0,452.0,456.0,75000,0.0,0.0
2024-06-18 10:00:00+09:00,456.0,459.0,456.0,458.0,44900,0.0,0.0
2024-06-18 11:00:00+09:00,458.0,459.0,458.0,459.0,0,0.0,0.0
2024-06-18 12:00:00+09:00,459.0,460.0,458.0,459.0,176100,0.0,0.0
2024-06-18 13:00:00+09:00,459.0,459.0,456.0,459.0,43100,0.0,0.0
2024-06-18 14:00:00+09:00,459.0,459.0,457.0,458.0,20100,0.0,0.0
2024-06-19 09:00:00+09:00,460.0,467.0,459.0,466.0,81100,0.0,0.0
2024-06-19 10:00:00+09:00,467.0,469.0,466.0,468.0,27300,0.0,0.0
2024-06-19 11:00:00+09:00,468.0,469.0,467.0,468.0,0,0.0,0.0
2024-06-19 12:00:00+09:00,469.0,469.0,465.0,465.0,193900,0.0,0.0
2024-06-19 13:00:00+09:00,466.0,466.0,462.0,463.0,43400,0.0,0.0
2024-06-19 14:00:00+09:00,464.0,464.0,462.0,463.0,26700,0.0,0.0
2024-06-20 09:00:00+09:00,464.0,464.0,459.0,459.0,35100,0.0,0.0
2024-06-20 10:00:00+09:00,459.0,460.0,458.0,459.0,5900,0.0,0.0
2024-06-20 11:00:00+09:00,459.0,459.0,456.0,456.0,0,0.0,0.0
2024-06-20 12:00:00+09:00,455.0,460.0,455.0,460.0,86600,0.0,0.0
2024-06-20 13:00:00+09:00,460.0,461.0,459.0,461.0,5700,0.0,0.0
2024-06-20 14:00:00+09:00,461.0,464.0,461.0,463.0,22600,0.0,0.0
2024-06-21 09:00:00+09:00,463.0,467.0,463.0,464.0,38900,0.0,0.0
2024-06-21 10:00:00+09:00,464.0,465.0,463.0,464.0,21500,0.0,0.0
2024-06-21 11:00:00+09:00,464.0,465.0,463.0,464.0,0,0.0,0.0
2024-06-21 12:00:00+09:00,464.0,466.0,464.0,465.0,81200,0.0,0.0
2024-06-21 13:00:00+09:00,465.0,465.0,463.0,463.0,18900,0.0,0.0
2024-06-21 14:00:00+09:00,464.0,465.0,461.0,463.0,35300,0.0,0.0
2024-06-24 09:00:00+09:00,462.0,463.0,458.0,462.0,54400,0.0,0.0
2024-06-24 10:00:00+09:00,462.0,462.0,459.0,461.0,25900,0.0,0.0
2024-06-24 11:00:00+09:00,461.0,462.0,459.0,462.0,0,0.0,0.0
2024-06-24 12:00:00+09:00,460.0,462.0,460.0,461.0,136900,0.0,0.0
2024-06-24 13:00:00+09:00,462.0,464.0,462.0,464.0,32100,0.0,0.0
2024-06-24 14:00:00+09:00,464.0,465.0,462.0,465.0,44600,0.0,0.0
2024-06-25 09:00:00+09:00,468.0,471.0,467.0,471.0,91100,0.0,0.0
2024-06-25 10:00:00+09:00,471.0,471.0,469.0,470.0,32600,0.0,0.0
2024-06-25 11:00:00+09:00,470.0,471.0,470.0,470.0,0,0.0,0.0
2024-06-25 12:00:00+09:00,470.0,472.0,469.0,470.0,177400,0.0,0.0
2024-06-25 13:00:00+09:00,470.0,471.0,469.0,469.0,21500,0.0,0.0
2024-06-25 14:00:00+09:00,468.0,469.0,467.0,469.0,27600,0.0,0.0
2024-06-26 09:00:00+09:00,469.0,469.0,466.0,467.0,20400,0.0,0.0
2024-06-26 10:00:00+09:00,467.0,469.0,467.0,468.0,12400,0.0,0.0
2024-06-26 11:00:00+09:00,469.0,469.0,468.0,469.0,0,0.0,0.0
2024-06-26 12:00:00+09:00,469.0,469.0,467.0,467.0,56200,0.0,0.0
2024-06-26 13:00:00+09:00,467.0,468.0,467.0,468.0,3200,0.0,0.0
2024-06-26 14:00:00+09:00,468.0,468.0,465.0,466.0,48800,0.0,0.0
2024-06-27 09:00:00+09:00,470.0,472.0,468.0,469.0,37200,0.0,0.0
2024-06-27 10:00:00+09:00,469.0,470.0,469.0,469.0,3500,0.0,0.0
2024-06-27 11:00:00+09:00,470.0,470.0,469.0,470.0,0,0.0,0.0
2024-06-27 12:00:00+09:00,468.0,470.0,468.0,469.0,49300,0.0,0.0
2024-06-27 13:00:00+09:00,469.0,470.0,469.0,470.0,10800,0.0,0.0
2024-06-27 14:00:00+09:00,470.0,470.0,468.0,470.0,22700,0.0,0.0
2024-06-28 09:00:00+09:00,468.0,469.0,467.0,468.0,31400,0.0,0.0
2024-06-28 10:00:00+09:00,469.0,469.0,466.0,467.0,22700,0.0,0.0
2024-06-28 11:00:00+09:00,467.0,467.0,466.0,467.0,0,0.0,0.0
2024-06-28 12:00:00+09:00,467.0,467.0,466.0,467.0,80500,0.0,0.0
2024-06-28 13:00:00+09:00,468.0,471.0,468.0,469.0,33300,0.0,0.0
2024-06-28 14:00:00+09:00,469.0,470.0,468.0,470.0,18900,0.0,0.0
2024-07-01 09:00:00+09:00,473.0,474.0,469.0,471.0,61200,0.0,0.0
2024-07-01 10:00:00+09:00,471.0,472.0,469.0,469.0,15600,0.0,0.0
2024-07-01 11:00:00+09:00,469.0,470.0,469.0,470.0,0,0.0,0.0
2024-07-01 12:00:00+09:00,469.0,469.0,468.0,468.0,87800,0.0,0.0
2024-07-01 13:00:00+09:00,469.0,469.0,467.0,467.0,17400,0.0,0.0
2024-07-01 14:00:00+09:00,467.0,467.0,466.0,466.0,35100,0.0,0.0
2024-07-02 09:00:00+09:00,467.0,468.0,464.0,464.0,59700,0.0,0.0
2024-07-02 10:00:00+09:00,465.0,466.0,465.0,465.0,7800,0.0,0.0
2024-07-02 11:00:00+09:00,465.0,466.0,465.0,465.0,0,0.0,0.0
2024-07-02 12:00:00+09:00,465.0,466.0,464.0,466.0,91300,0.0,0.0
2024-07-02 13:00:00+09:00,465.0,467.0,465.0,465.0,28800,0.0,0.0
2024-07-02 14:00:00+09:00,465.0,468.0,465.0,466.0,37400,0.0,0.0
2024-07-03 09:00:00+09:00,467.0,468.0,464.0,466.0,55100,0.0,0.0
2024-07-03 10:00:00+09:00,465.0,467.0,465.0,466.0,19700,0.0,0.0
2024-07-03 11:00:00+09:00,466.0,467.0,466.0,467.0,0,0.0,0.0
2024-07-03 12:00:00+09:00,467.0,469.0,467.0,468.0,104300,0.0,0.0
2024-07-03 13:00:00+09:00,469.0,469.0,467.0,469.0,21500,0.0,0.0
2024-07-03 14:00:00+09:00,469.0,469.0,467.0,469.0,24900,0.0,0.0
2024-07-04 09:00:00+09:00,470.0,472.0,468.0,472.0,38800,0.0,0.0
2024-07-04 10:00:00+09:00,471.0,472.0,470.0,471.0,13400,0.0,0.0
2024-07-04 11:00:00+09:00,471.0,472.0,470.0,471.0,0,0.0,0.0
2024-07-04 12:00:00+09:00,471.0,472.0,470.0,471.0,62300,0.0,0.0
2024-07-04 13:00:00+09:00,471.0,472.0,470.0,471.0,16400,0.0,0.0
2024-07-04 14:00:00+09:00,471.0,472.0,471.0,471.0,5900,0.0,0.0
2024-07-05 09:00:00+09:00,474.0,474.0,471.0,471.0,37400,0.0,0.0
2024-07-05 10:00:00+09:00,471.0,471.0,469.0,471.0,11800,0.0,0.0
2024-07-05 11:00:00+09:00,471.0,471.0,470.0,471.0,0,0.0,0.0
2024-07-05 12:00:00+09:00,469.0,470.0,468.0,468.0,73100,0.0,0.0
2024-07-05 13:00:00+09:00,468.0,469.0,468.0,469.0,6900,0.0,0.0
2024-07-05 14:00:00+09:00,469.0,469.0,466.0,466.0,24800,0.0,0.0
2024-07-08 09:00:00+09:00,470.0,470.0,464.0,465.0,48500,0.0,0.0
2024-07-08 10:00:00+09:00,464.0,465.0,464.0,464.0,11300,0.0,0.0
2024-07-08 11:00:00+09:00,464.0,466.0,464.0,466.0,0,0.0,0.0
2024-07-08 12:00:00+09:00,466.0,467.0,465.0,466.0,93500,0.0,0.0
2024-07-08 13:00:00+09:00,466.0,466.0,464.0,464.0,17200,0.0,0.0
2024-07-08 14:00:00+09:00,464.0,465.0,463.0,465.0,35100,0.0,0.0
2024-07-09 09:00:00+09:00,463.0,469.0,463.0,466.0,83000,0.0,0.0
2024-07-09 10:00:00+09:00,466.0,466.0,462.0,466.0,37000,0.0,0.0
2024-07-09 11:00:00+09:00,466.0,467.0,464.0,466.0,0,0.0,0.0
2024-07-09 12:00:00+09:00,469.0,469.0,467.0,469.0,172100,0.0,0.0
2024-07-09 13:00:00+09:00,469.0,472.0,468.0,471.0,44800,0.0,0.0
2024-07-09 14:00:00+09:00,471.0,471.0,469.0,469.0,40200,0.0,0.0
2024-07-10 09:00:00+09:00,465.0,469.0,463.0,466.0,79000,0.0,0.0
2024-07-10 10:00:00+09:00,466.0,467.0,465.0,466.0,19700,0.0,0.0
2024-07-10 11:00:00+09:00,466.0,467.0,466.0,466.0,0,0.0,0.0
2024-07-10 12:00:00+09:00,465.0,467.0,465.0,465.0,124400,0.0,0.0
2024-07-10 13:00:00+09:00,466.0,466.0,465.0,466.0,13600,0.0,0.0
2024-07-10 14:00:00+09:00,466.0,467.0,465.0,467.0,33700,0.0,0.0
2024-07-11 09:00:00+09:00,469.0,469.0,466.0,467.0,60300,0.0,0.0
2024-07-11 10:00:00+09:00,468.0,470.0,467.0,469.0,24100,0.0,0.0
2024-07-11 11:00:00+09:00,469.0,470.0,468.0,468.0,0,0.0,0.0
2024-07-11 12:00:00+09:00,468.0,471.0,468.0,470.0,127200,0.0,0.0
2024-07-11 13:00:00+09:00,470.0,471.0,469.0,470.0,25500,0.0,0.0
2024-07-11 14:00:00+09:00,470.0,471.0,469.0,470.0,61700,0.0,0.0
2024-07-12 09:00:00+09:00,468.0,475.0,468.0,474.0,64900,0.0,0.0
2024-07-12 10:00:00+09:00,475.0,475.0,473.0,474.0,26600,0.0,0.0
2024-07-12 11:00:00+09:00,473.0,474.0,472.0,473.0,0,0.0,0.0
2024-07-12 12:00:00+09:00,473.0,475.0,473.0,474.0,129300,0.0,0.0
2024-07-12 13:00:00+09:00,474.0,476.0,474.0,475.0,32000,0.0,0.0
2024-07-12 14:00:00+09:00,475.0,476.0,474.0,475.0,28200,0.0,0.0
2024-07-16 09:00:00+09:00,476.0,480.0,473.0,478.0,93200,0.0,0.0
2024-07-16 10:00:00+09:00,479.0,481.0,478.0,479.0,50900,0.0,0.0
2024-07-16 11:00:00+09:00,479.0,480.0,478.0,478.0,0,0.0,0.0
2024-07-16 12:00:00+09:00,478.0,480.0,478.0,479.0,199200,0.0,0.0
2024-07-16 13:00:00+09:00,479.0,481.0,478.0,479.0,59100,0.0,0.0
2024-07-16 14:00:00+09:00,480.0,480.0,478.0,478.0,46900,0.0,0.0
2024-07-17 09:00:00+09:00,504.0,505.0,479.0,482.0,1100200,0.0,0.0
2024-07-17 10:00:00+09:00,482.0,487.0,482.0,485.0,69900,0.0,0.0
2024-07-17 11:00:00+09:00,485.0,485.0,481.0,482.0,0,0.0,0.0
2024-07-17 12:00:00+09:00,481.0,487.0,481.0,487.0,1285100,0.0,0.0
2024-07-17 13:00:00+09:00,487.0,487.0,485.0,485.0,51300,0.0,0.0
2024-07-17 14:00:00+09:00,485.0,489.0,485.0,487.0,76700,0.0,0.0
2024-07-18 09:00:00+09:00,481.0,486.0,477.0,483.0,95100,0.0,0.0
2024-07-18 10:00:00+09:00,483.0,486.0,483.0,485.0,21500,0.0,0.0
2024-07-18 11:00:00+09:00,485.0,485.0,484.0,485.0,0,0.0,0.0
2024-07-18 12:00:00+09:00,484.0,485.0,482.0,485.0,153900,0.0,0.0
2024-07-18 13:00:00+09:00,485.0,486.0,483.0,484.0,27000,0.0,0.0
2024-07-18 14:00:00+09:00,484.0,485.0,482.0,483.0,36800,0.0,0.0
2024-07-19 09:00:00+09:00,481.0,484.0,479.0,483.0,63300,0.0,0.0
2024-07-19 10:00:00+09:00,483.0,483.0,480.0,480.0,26600,0.0,0.0
2024-07-19 11:00:00+09:00,481.0,482.0,480.0,480.0,0,0.0,0.0
2024-07-19 12:00:00+09:00,481.0,481.0,479.0,479.0,124300,0.0,0.0
2024-07-19 13:00:00+09:00,480.0,482.0,480.0,482.0,35900,0.0,0.0
2024-07-19 14:00:00+09:00,482.0,483.0,481.0,483.0,47900,0.0,0.0
2024-07-22 09:00:00+09:00,479.0,480.0,475.0,475.0,0,0.0,0.0
2024-07-22 10:00:00+09:00,476.0,478.0,475.0,477.0,24900,0.0,0.0
2024-07-22 11:00:00+09:00,478.0,478.0,477.0,478.0,0,0.0,0.0
2024-07-22 12:00:00+09:00,478.0,478.0,476.0,477.0,131200,0.0,0.0
2024-07-22 13:00:00+09:00,477.0,477.0,475.0,477.0,33400,0.0,0.0
2024-07-22 14:00:00+09:00,477.0,477.0,476.0,476.0,10600,0.0,0.0
2024-07-23 09:00:00+09:00,475.0,482.0,475.0,481.0,34800,0.0,0.0
2024-07-23 10:00:00+09:00,480.0,482.0,480.0,481.0,35900,0.0,0.0
2024-07-23 11:00:00+09:00,481.0,482.0,480.0,481.0,0,0.0,0.0
2024-07-23 12:00:00+09:00,480.0,481.0,479.0,479.0,91500,0.0,0.0
2024-07-23 13:00:00+09:00,480.0,483.0,479.0,482.0,28600,0.0,0.0
2024-07-23 14:00:00+09:00,482.0,485.0,482.0,482.0,59200,0.0,0.0
2024-07-24 09:00:00+09:00,480.0,483.0,477.0,477.0,37900,0.0,0.0
2024-07-24 10:00:00+09:00,477.0,477.0,475.0,476.0,25900,0.0,0.0
2024-07-24 11:00:00+09:00,476.0,477.0,476.0,477.0,0,0.0,0.0
2024-07-24 12:00:00+09:00,476.0,477.0,476.0,476.0,94200,0.0,0.0
2024-07-24 13:00:00+09:00,477.0,477.0,473.0,475.0,83300,0.0,0.0
2024-07-24 14:00:00+09:00,475.0,477.0,474.0,475.0,60600,0.0,0.0
2024-07-25 09:00:00+09:00,475.0,475.0,471.0,472.0,79800,0.0,0.0
2024-07-25 10:00:00+09:00,472.0,473.0,471.0,472.0,20100,0.0,0.0
2024-07-25 11:00:00+09:00,472.0,474.0,471.0,474.0,0,0.0,0.0
2024-07-25 12:00:00+09:00,474.0,474.0,471.0,473.0,130400,0.0,0.0
2024-07-25 13:00:00+09:00,473.0,474.0,473.0,473.0,8800,0.0,0.0
2024-07-25 14:00:00+09:00,474.0,475.0,471.0,473.0,62200,0.0,0.0
2024-07-26 09:00:00+09:00,474.0,478.0,473.0,476.0,44700,0.0,0.0
2024-07-26 10:00:00+09:00,477.0,477.0,474.0,475.0,22500,0.0,0.0
2024-07-26 11:00:00+09:00,475.0,476.0,474.0,476.0,0,0.0,0.0
2024-07-26 12:00:00+09:00,476.0,477.0,476.0,477.0,81500,0.0,0.0
2024-07-26 13:00:00+09:00,477.0,478.0,477.0,477.0,9800,0.0,0.0
2024-07-26 14:00:00+09:00,478.0,479.0,475.0,475.0,33900,0.0,0.0
2024-07-29 09:00:00+09:00,479.0,485.0,478.0,485.0,73400,0.0,0.0
2024-07-29 10:00:00+09:00,486.0,486.0,483.0,484.0,34000,0.0,0.0
2024-07-29 11:00:00+09:00,484.0,484.0,484.0,484.0,0,0.0,0.0
2024-07-29 12:00:00+09:00,484.0,487.0,484.0,486.0,155200,0.0,0.0
2024-07-29 13:00:00+09:00,486.0,489.0,486.0,488.0,47000,0.0,0.0
2024-07-29 14:00:00+09:00,488.0,491.0,488.0,489.0,79100,0.0,0.0
2024-07-30 09:00:00+09:00,485.0,492.0,485.0,492.0,60900,0.0,0.0
2024-07-30 10:00:00+09:00,491.0,492.0,491.0,492.0,30800,0.0,0.0
2024-07-30 11:00:00+09:00,491.0,492.0,491.0,492.0,0,0.0,0.0
2024-07-30 12:00:00+09:00,491.0,492.0,491.0,491.0,122300,0.0,0.0
2024-07-30 13:00:00+09:00,491.0,493.0,490.0,492.0,37800,0.0,0.0
2024-07-30 14:00:00+09:00,492.0,492.0,489.0,489.0,34500,0.0,0.0
2024-07-31 09:00:00+09:00,486.0,493.0,484.0,493.0,74100,0.0,0.0
2024-07-31 10:00:00+09:00,493.0,494.0,491.0,492.0,22500,0.0,0.0
2024-07-31 11:00:00+09:00,493.0,495.0,493.0,495.0,0,0.0,0.0
2024-07-31 12:00:00+09:00,495.0,495.0,493.0,494.0,134600,0.0,0.0
2024-07-31 13:00:00+09:00,495.0,497.0,494.0,496.0,39800,0.0,0.0
2024-07-31 14:00:00+09:00,497.0,499.0,496.0,499.0,80600,0.0,0.0
2024-08-01 09:00:00+09:00,496.0,496.0,487.0,487.0,79200,0.0,0.0
2024-08-01 10:00:00+09:00,487.0,487.0,479.0,483.0,98500,0.0,0.0
2024-08-01 11:00:00+09:00,483.0,485.0,482.0,485.0,0,0.0,0.0
2024-08-01 12:00:00+09:00,485.0,485.0,482.0,484.0,203000,0.0,0.0
2024-08-01 13:00:00+09:00,484.0,484.0,481.0,482.0,27700,0.0,0.0
2024-08-01 14:00:00+09:00,482.0,485.0,482.0,482.0,30700,0.0,0.0
2024-08-02 09:00:00+09:00,471.0,473.0,458.0,459.0,192000,0.0,0.0
2024-08-02 10:00:00+09:00,459.0,461.0,458.0,461.0,66700,0.0,0.0
2024-08-02 11:00:00+09:00,461.0,461.0,456.0,456.0,0,0.0,0.0
2024-08-02 12:00:00+09:00,458.0,459.0,454.0,455.0,339400,0.0,0.0
2024-08-02 13:00:00+09:00,455.0,456.0,453.0,454.0,52400,0.0,0.0
2024-08-02 14:00:00+09:00,453.0,454.0,450.0,450.0,67200,0.0,0.0
2024-08-05 09:00:00+09:00,430.0,434.0,419.0,427.0,189600,0.0,0.0
2024-08-05 10:00:00+09:00,427.0,429.0,424.0,425.0,62000,0.0,0.0
2024-08-05 11:00:00+09:00,426.0,433.0,425.0,433.0,0,0.0,0.0
2024-08-05 12:00:00+09:00,433.0,435.0,427.0,428.0,339300,0.0,0.0
2024-08-05 13:00:00+09:00,428.0,428.0,418.0,419.0,106100,0.0,0.0
2024-08-05 14:00:00+09:00,418.0,419.0,401.0,410.0,131500,0.0,0.0
2024-08-06 09:00:00+09:00,435.0,454.0,432.0,454.0,219200,0.0,0.0
2024-08-06 10:00:00+09:00,453.0,453.0,436.0,443.0,45500,0.0,0.0
2024-08-06 11:00:00+09:00,443.0,446.0,442.0,443.0,0,0.0,0.0
2024-08-06 12:00:00+09:00,442.0,450.0,442.0,450.0,302800,0.0,0.0
2024-08-06 13:00:00+09:00,449.0,449.0,440.0,440.0,26600,0.0,0.0
2024-08-06 14:00:00+09:00,439.0,447.0,436.0,447.0,49700,0.0,0.0
2024-08-07 09:00:00+09:00,440.0,449.0,435.0,448.0,108800,0.0,0.0
2024-08-07 10:00:00+09:00,448.0,458.0,447.0,456.0,91200,0.0,0.0
2024-08-07 11:00:00+09:00,455.0,456.0,451.0,452.0,0,0.0,0.0
2024-08-07 12:00:00+09:00,451.0,455.0,450.0,451.0,287600,0.0,0.0
2024-08-07 13:00:00+09:00,452.0,458.0,452.0,458.0,68800,0.0,0.0
2024-08-07 14:00:00+09:00,457.0,457.0,446.0,448.0,102300,0.0,0.0
2024-08-08 09:00:00+09:00,444.0,451.0,441.0,448.0,56000,0.0,0.0
2024-08-08 10:00:00+09:00,448.0,450.0,446.0,447.0,27400,0.0,0.0
2024-08-08 11:00:00+09:00,446.0,451.0,446.0,451.0,0,0.0,0.0
2024-08-08 12:00:00+09:00,451.0,453.0,447.0,447.0,123400,0.0,0.0
2024-08-08 13:00:00+09:00,447.0,450.0,446.0,448.0,22100,0.0,0.0
2024-08-08 14:00:00+09:00,448.0,448.0,442.0,443.0,48800,0.0,0.0
2024-08-09 09:00:00+09:00,456.0,463.0,450.0,461.0,0,0.0,0.0
2024-08-09 10:00:00+09:00,461.0,462.0,458.0,462.0,147400,0.0,0.0
2024-08-09 11:00:00+09:00,461.0,461.0,460.0,461.0,0,0.0,0.0
2024-08-09 12:00:00+09:00,461.0,462.0,457.0,458.0,187000,0.0,0.0
2024-08-09 13:00:00+09:00,458.0,459.0,455.0,455.0,55600,0.0,0.0
2024-08-09 14:00:00+09:00,455.0,463.0,455.0,462.0,67200,0.0,0.0
2024-08-13 09:00:00+09:00,463.0,471.0,462.0,471.0,64000,0.0,0.0
2024-08-13 10:00:00+09:00,470.0,471.0,466.0,467.0,27100,0.0,0.0
2024-08-13 11:00:00+09:00,467.0,468.0,467.0,468.0,0,0.0,0.0
2024-08-13 12:00:00+09:00,467.0,469.0,467.0,469.0,109800,0.0,0.0
2024-08-13 13:00:00+09:00,469.0,469.0,468.0,468.0,12600,0.0,0.0
2024-08-13 14:00:00+09:00,468.0,472.0,468.0,471.0,36900,0.0,0.0
2024-08-14 09:00:00+09:00,470.0,473.0,466.0,471.0,66400,0.0,0.0
2024-08-14 10:00:00+09:00,471.0,475.0,470.0,475.0,25600,0.0,0.0
2024-08-14 11:00:00+09:00,474.0,474.0,471.0,471.0,0,0.0,0.0
2024-08-14 12:00:00+09:00,471.0,473.0,471.0,472.0,122200,0.0,0.0
2024-08-14 13:00:00+09:00,472.0,473.0,472.0,473.0,17700,0.0,0.0
2024-08-14 14:00:00+09:00,472.0,477.0,472.0,475.0,65400,0.0,0.0
2024-08-15 09:00:00+09:00,477.0,477.0,470.0,472.0,25100,0.0,0.0
2024-08-15 10:00:00+09:00,472.0,474.0,472.0,472.0,0,0.0,0.0
2024-08-15 11:00:00+09:00,473.0,475.0,473.0,474.0,0,0.0,0.0
2024-08-15 12:00:00+09:00,474.0,478.0,474.0,477.0,60900,0.0,0.0
2024-08-15 13:00:00+09:00,477.0,477.0,473.0,473.0,16000,0.0,0.0
2024-08-15 14:00:00+09:00,474.0,474.0,470.0,472.0,83600,0.0,0.0
2024-08-16 09:00:00+09:00,480.0,480.0,475.0,479.0,35700,0.0,0.0
2024-08-16 10:00:00+09:00,479.0,479.0,477.0,479.0,16400,0.0,0.0
2024-08-16 11:00:00+09:00,478.0,480.0,477.0,477.0,0,0.0,0.0
2024-08-16 12:00:00+09:00,477.0,478.0,476.0,477.0,80800,0.0,0.0
2024-08-16 13:00:00+09:00,478.0,478.0,475.0,478.0,21000,0.0,0.0
2024-08-16 14:00:00+09:00,478.0,481.0,477.0,480.0,30100,0.0,0.0
2024-08-19 09:00:00+09:00,482.0,482.0,477.0,481.0,34700,0.0,0.0
2024-08-19 10:00:00+09:00,481.0,482.0,480.0,481.0,11800,0.0,0.0
2024-08-19 11:00:00+09:00,481.0,481.0,480.0,481.0,0,0.0,0.0
2024-08-19 12:00:00+09:00,480.0,481.0,478.0,478.0,77100,0.0,0.0
2024-08-19 13:00:00+09:00,478.0,480.0,476.0,476.0,17800,0.0,0.0
2024-08-19 14:00:00+09:00,476.0,480.0,475.0,478.0,56000,0.0,0.0
2024-08-20 09:00:00+09:00,475.0,482.0,475.0,482.0,52300,0.0,0.0
2024-08-20 10:00:00+09:00,481.0,482.0,480.0,481.0,20400,0.0,0.0
2024-08-20 11:00:00+09:00,481.0,481.0,480.0,480.0,0,0.0,0.0
2024-08-20 12:00:00+09:00,481.0,481.0,479.0,481.0,113900,0.0,0.0
2024-08-20 13:00:00+09:00,481.0,482.0,478.0,479.0,26600,0.0,0.0
2024-08-20 14:00:00+09:00,480.0,482.0,479.0,482.0,37000,0.0,0.0
2024-08-21 09:00:00+09:00,476.0,482.0,476.0,482.0,54100,0.0,0.0
2024-08-21 10:00:00+09:00,481.0,483.0,480.0,481.0,26600,0.0,0.0
2024-08-21 11:00:00+09:00,481.0,481.0,478.0,478.0,0,0.0,0.0
2024-08-21 12:00:00+09:00,479.0,482.0,479.0,482.0,104000,0.0,0.0
2024-08-21 13:00:00+09:00,482.0,483.0,481.0,482.0,15000,0.0,0.0
2024-08-21 14:00:00+09:00,482.0,482.0,479.0,480.0,42000,0.0,0.0
2024-08-22 09:00:00+09:00,477.0,478.0,475.0,475.0,55900,0.0,0.0
2024-08-22 10:00:00+09:00,476.0,478.0,476.0,476.0,12400,0.0,0.0
2024-08-22 11:00:00+09:00,476.0,476.0,476.0,476.0,0,0.0,0.0
2024-08-22 12:00:00+09:00,476.0,477.0,476.0,476.0,83100,0.0,0.0
2024-08-22 13:00:00+09:00,477.0,478.0,476.0,477.0,16500,0.0,0.0
2024-08-22 14:00:00+09:00,477.0,480.0,477.0,480.0,26500,0.0,0.0
2024-08-23 09:00:00+09:00,479.0,486.0,478.0,485.0,49300,0.0,0.0
2024-08-23 10:00:00+09:00,484.0,485.0,483.0,483.0,15500,0.0,0.0
2024-08-23 11:00:00+09:00,483.0,485.0,482.0,485.0,0,0.0,0.0
2024-08-23 12:00:00+09:00,485.0,487.0,485.0,486.0,101000,0.0,0.0
2024-08-23 13:00:00+09:00,486.0,486.0,485.0,486.0,10900,0.0,0.0
2024-08-23 14:00:00+09:00,485.0,489.0,485.0,486.0,43600,0.0,0.0
2024-08-26 09:00:00+09:00,486.0,490.0,485.0,490.0,81900,0.0,0.0
2024-08-26 10:00:00+09:00,491.0,491.0,487.0,488.0,24000,0.0,0.0
2024-08-26 11:00:00+09:00,488.0,489.0,487.0,489.0,0,0.0,0.0
2024-08-26 12:00:00+09:00,489.0,490.0,488.0,490.0,127000,0.0,0.0
2024-08-26 13:00:00+09:00,489.0,491.0,488.0,488.0,19000,0.0,0.0
2024-08-26 14:00:00+09:00,488.0,492.0,488.0,490.0,54900,0.0,0.0
2024-08-27 09:00:00+09:00,487.0,490.0,487.0,489.0,42300,0.0,0.0
2024-08-27 10:00:00+09:00,490.0,490.0,487.0,490.0,16600,0.0,0.0
2024-08-27 11:00:00+09:00,490.0,491.0,489.0,491.0,0,0.0,0.0
2024-08-27 12:00:00+09:00,491.0,493.0,490.0,492.0,84000,0.0,0.0
2024-08-27 13:00:00+09:00,491.0,493.0,491.0,491.0,13000,0.0,0.0
2024-08-27 14:00:00+09:00,491.0,495.0,490.0,494.0,39800,0.0,0.0
2024-08-28 09:00:00+09:00,490.0,492.0,486.0,489.0,57000,0.0,0.0
2024-08-28 10:00:00+09:00,488.0,489.0,487.0,489.0,17300,0.0,0.0
2024-08-28 11:00:00+09:00,488.0,490.0,488.0,489.0,0,0.0,0.0
2024-08-28 12:00:00+09:00,489.0,491.0,489.0,490.0,87500,0.0,0.0
2024-08-28 13:00:00+09:00,490.0,492.0,490.0,491.0,18800,0.0,0.0
2024-08-28 14:00:00+09:00,492.0,493.0,491.0,493.0,25500,0.0,0.0
2024-08-29 09:00:00+09:00,486.0,489.0,485.0,486.0,32400,0.0,0.0
2024-08-29 10:00:00+09:00,485.0,486.0,484.0,485.0,17100,0.0,0.0
2024-08-29 11:00:00+09:00,484.0,485.0,483.0,483.0,0,0.0,0.0
2024-08-29 12:00:00+09:00,485.0,485.0,484.0,485.0,67100,0.0,0.0
2024-08-29 13:00:00+09:00,484.0,485.0,483.0,483.0,9400,0.0,0.0
2024-08-29 14:00:00+09:00,483.0,484.0,482.0,484.0,34900,0.0,0.0
2024-08-30 09:00:00+09:00,481.0,482.0,479.0,482.0,35900,0.0,0.0
2024-08-30 10:00:00+09:00,482.0,484.0,481.0,483.0,10600,0.0,0.0
2024-08-30 11:00:00+09:00,483.0,483.0,482.0,483.0,0,0.0,0.0
2024-08-30 12:00:00+09:00,482.0,485.0,482.0,483.0,62700,0.0,0.0
2024-08-30 13:00:00+09:00,482.0,484.0,482.0,483.0,9600,0.0,0.0
2024-08-30 14:00:00+09:00,483.0,486.0,483.0,485.0,23500,0.0,0.0
2024-09-02 09:00:00+09:00,485.0,492.0,485.0,489.0,99200,0.0,0.0
2024-09-02 10:00:00+09:00,489.0,490.0,486.0,486.0,26700,0.0,0.0
2024-09-02 11:00:00+09:00,486.0,487.0,486.0,487.0,0,0.0,0.0
2024-09-02 12:00:00+09:00,486.0,488.0,486.0,488.0,142800,0.0,0.0
2024-09-02 13:00:00+09:00,488.0,489.0,487.0,488.0,17000,0.0,0.0
2024-09-02 14:00:00+09:00,488.0,491.0,488.0,489.0,32800,0.0,0.0
2024-09-03 09:00:00+09:00,488.0,498.0,488.0,496.0,87000,0.0,0.0
2024-09-03 10:00:00+09:00,496.0,497.0,495.0,495.0,24400,0.0,0.0
2024-09-03 11:00:00+09:00,495.0,498.0,495.0,497.0,0,0.0,0.0
2024-09-03 12:00:00+09:00,497.0,497.0,496.0,497.0,139700,0.0,0.0
2024-09-03 13:00:00+09:00,497.0,497.0,496.0,497.0,36300,0.0,0.0
2024-09-03 14:00:00+09:00,497.0,498.0,497.0,497.0,30000,0.0,0.0
2024-09-04 09:00:00+09:00,486.0,492.0,486.0,488.0,59400,0.0,0.0
2024-09-04 10:00:00+09:00,488.0,489.0,486.0,488.0,20400,0.0,0.0
2024-09-04 11:00:00+09:00,488.0,488.0,486.0,486.0,0,0.0,0.0
2024-09-04 12:00:00+09:00,486.0,487.0,484.0,484.0,118800,0.0,0.0
2024-09-04 13:00:00+09:00,484.0,486.0,484.0,484.0,22500,0.0,0.0
2024-09-04 14:00:00+09:00,484.0,484.0,482.0,482.0,31800,0.0,0.0
2024-09-05 09:00:00+09:00,480.0,486.0,479.0,485.0,39800,0.0,0.0
2024-09-05 10:00:00+09:00,484.0,490.0,484.0,486.0,24900,0.0,0.0
2024-09-05 11:00:00+09:00,487.0,490.0,487.0,489.0,0,0.0,0.0
2024-09-05 12:00:00+09:00,487.0,488.0,486.0,488.0,94400,0.0,0.0
2024-09-05 13:00:00+09:00,487.0,488.0,484.0,486.0,31100,0.0,0.0
2024-09-05 14:00:00+09:00,485.0,489.0,484.0,487.0,26900,0.0,0.0
2024-09-06 09:00:00+09:00,487.0,492.0,487.0,490.0,34700,0.0,0.0
2024-09-06 10:00:00+09:00,489.0,493.0,487.0,490.0,42800,0.0,0.0
2024-09-06 11:00:00+09:00,490.0,490.0,488.0,490.0,0,0.0,0.0
2024-09-06 12:00:00+09:00,487.0,489.0,486.0,487.0,101600,0.0,0.0
2024-09-06 13:00:00+09:00,487.0,487.0,485.0,487.0,21000,0.0,0.0
2024-09-06 14:00:00+09:00,487.0,487.0,484.0,486.0,26600,0.0,0.0
