Datetime,Open,High,Low,Close,Volume,Dividends,Stock Splits
2022-10-20 09:30:00-04:00,171.77000427246094,175.50999450683594,170.5,174.55499267578125,0,0.0,0.0
2022-10-20 10:30:00-04:00,174.55499267578125,176.5688934326172,173.6199951171875,174.58999633789062,77244,0.0,0.0
2022-10-20 11:30:00-04:00,174.5399932861328,174.66000366210938,171.58999633789062,172.25999450683594,20445,0.0,0.0
2022-10-20 12:30:00-04:00,171.85000610351562,171.85000610351562,169.47000122070312,169.59500122070312,31909,0.0,0.0
2022-10-20 13:30:00-04:00,169.58999633789062,169.6199951171875,168.61000061035156,169.1699981689453,22271,0.0,0.0
2022-10-20 14:30:00-04:00,169.05999755859375,171.77000427246094,169.05999755859375,171.47500610351562,62227,0.0,0.0
2022-10-20 15:30:00-04:00,171.4949951171875,172.5800018310547,171.31500244140625,172.22000122070312,60342,0.0,0.0
2022-10-21 09:30:00-04:00,171.9199981689453,173.88999938964844,168.6300048828125,170.26499938964844,63455,0.0,0.0
2022-10-21 10:30:00-04:00,170.6999969482422,171.36000061035156,168.80679321289062,170.97000122070312,46786,0.0,0.0
2022-10-21 11:30:00-04:00,171.0,173.52000427246094,170.72999572753906,172.7949981689453,88910,0.0,0.0
2022-10-21 12:30:00-04:00,172.8800048828125,173.4199981689453,171.72000122070312,172.65499877929688,40307,0.0,0.0
2022-10-21 13:30:00-04:00,172.8300018310547,172.99000549316406,171.7899932861328,171.85000610351562,34067,0.0,0.0
2022-10-21 14:30:00-04:00,171.9499969482422,172.8350067138672,170.8300018310547,172.8350067138672,31481,0.0,0.0
2022-10-21 15:30:00-04:00,172.7100067138672,173.67999267578125,172.69000244140625,173.67999267578125,53218,0.0,0.0
2022-10-24 09:30:00-04:00,175.0,175.83999633789062,168.44000244140625,168.44000244140625,42021,0.0,0.0
2022-10-24 10:30:00-04:00,168.66000366210938,174.22999572753906,168.66000366210938,174.0800018310547,44622,0.0,0.0
2022-10-24 11:30:00-04:00,174.1199951171875,176.67999267578125,174.0,175.75,24091,0.0,0.0
2022-10-24 12:30:00-04:00,175.8332977294922,176.97000122070312,175.52999877929688,175.78500366210938,30615,0.0,0.0
2022-10-24 13:30:00-04:00,175.7449951171875,175.7449951171875,173.83999633789062,175.00999450683594,23302,0.0,0.0
2022-10-24 14:30:00-04:00,175.02000427246094,177.42999267578125,175.02000427246094,177.3249969482422,25146,0.0,0.0
2022-10-24 15:30:00-04:00,177.33999633789062,178.0,177.22000122070312,177.7899932861328,73630,0.0,0.0
2022-10-25 09:30:00-04:00,179.36000061035156,186.3000030517578,179.36000061035156,184.44000244140625,32693,0.0,0.0
2022-10-25 10:30:00-04:00,184.22999572753906,185.58999633789062,183.88999938964844,185.56500244140625,22184,0.0,0.0
2022-10-25 11:30:00-04:00,185.72000122070312,187.97000122070312,185.72000122070312,187.30499267578125,39679,0.0,0.0
2022-10-25 12:30:00-04:00,187.33999633789062,187.33999633789062,185.0,185.77999877929688,16339,0.0,0.0
2022-10-25 13:30:00-04:00,186.49000549316406,186.5800018310547,185.02000427246094,185.33999633789062,15670,0.0,0.0
2022-10-25 14:30:00-04:00,185.5449981689453,187.94500732421875,185.02000427246094,187.77499389648438,45618,0.0,0.0
2022-10-25 15:30:00-04:00,187.81500244140625,188.6999969482422,186.9499969482422,188.38999938964844,93483,0.0,0.0
2022-10-26 09:30:00-04:00,186.60000610351562,189.35000610351562,184.27999877929688,188.19000244140625,26274,0.0,0.0
2022-10-26 10:30:00-04:00,188.1199951171875,191.8000030517578,188.0449981689453,191.8000030517578,16382,0.0,0.0
2022-10-26 11:30:00-04:00,191.77999877929688,191.77999877929688,189.86000061035156,190.2899932861328,20640,0.0,0.0
2022-10-26 12:30:00-04:00,190.66000366210938,190.77999877929688,185.30999755859375,185.4600067138672,30691,0.0,0.0
2022-10-26 13:30:00-04:00,185.4600067138672,188.49000549316406,185.03500366210938,187.7899932861328,24862,0.0,0.0
2022-10-26 14:30:00-04:00,187.8350067138672,188.42999267578125,186.41909790039062,186.9199981689453,36468,0.0,0.0
2022-10-26 15:30:00-04:00,187.11199951171875,188.11000061035156,186.58999633789062,187.8000030517578,90613,0.0,0.0
2022-10-27 09:30:00-04:00,189.02000427246094,189.9801025390625,185.14999389648438,188.60000610351562,27890,0.0,0.0
2022-10-27 10:30:00-04:00,189.2100067138672,189.33999633789062,187.35000610351562,187.51499938964844,13218,0.0,0.0
2022-10-27 11:30:00-04:00,187.3300018310547,187.8350067138672,186.47000122070312,187.1300048828125,16014,0.0,0.0
2022-10-27 12:30:00-04:00,187.02999877929688,188.9600067138672,187.02999877929688,188.5800018310547,10226,0.0,0.0
2022-10-27 13:30:00-04:00,188.74000549316406,189.33999633789062,187.52000427246094,188.35000610351562,36426,0.0,0.0
2022-10-27 14:30:00-04:00,188.02000427246094,188.44000244140625,186.17999267578125,187.02999877929688,45216,0.0,0.0
2022-10-27 15:30:00-04:00,186.8800048828125,187.41000366210938,186.0500030517578,186.42999267578125,30398,0.0,0.0
2022-10-28 09:30:00-04:00,186.77000427246094,189.05999755859375,182.86000061035156,184.51499938964844,20275,0.0,0.0
2022-10-28 10:30:00-04:00,184.20260620117188,186.6199951171875,183.80499267578125,186.60499572753906,13117,0.0,0.0
2022-10-28 11:30:00-04:00,186.75999450683594,189.75999450683594,186.2100067138672,189.75999450683594,9614,0.0,0.0
2022-10-28 12:30:00-04:00,189.6300048828125,189.72000122070312,188.22000122070312,188.89500427246094,7455,0.0,0.0
2022-10-28 13:30:00-04:00,188.19000244140625,188.3000030517578,187.52000427246094,188.1199951171875,10713,0.0,0.0
2022-10-28 14:30:00-04:00,188.77000427246094,189.7899932861328,188.66000366210938,189.02999877929688,13328,0.0,0.0
2022-10-28 15:30:00-04:00,188.88999938964844,189.24000549316406,188.27000427246094,189.02999877929688,45876,0.0,0.0
2022-10-31 09:30:00-04:00,187.66000366210938,189.53860473632812,186.2899932861328,187.82000732421875,11336,0.0,0.0
2022-10-31 10:30:00-04:00,187.52999877929688,190.09500122070312,187.08999633789062,189.9600067138672,12349,0.0,0.0
2022-10-31 11:30:00-04:00,190.61160278320312,191.4199981689453,190.11000061035156,190.9499969482422,9017,0.0,0.0
2022-10-31 12:30:00-04:00,190.4149932861328,190.84019470214844,189.30499267578125,190.24000549316406,8764,0.0,0.0
2022-10-31 13:30:00-04:00,190.21499633789062,191.1300048828125,189.91000366210938,190.10000610351562,18734,0.0,0.0
2022-10-31 14:30:00-04:00,190.25,190.8000030517578,188.8300018310547,188.89999389648438,16565,0.0,0.0
2022-10-31 15:30:00-04:00,188.9290008544922,190.1300048828125,188.61000061035156,188.67999267578125,47810,0.0,0.0
2022-11-01 09:30:00-04:00,194.5,195.63999938964844,190.37770080566406,191.5399932861328,22189,0.0,0.0
2022-11-01 10:30:00-04:00,191.3300018310547,191.3300018310547,189.7100067138672,190.27000427246094,22301,0.0,0.0
2022-11-01 11:30:00-04:00,190.6300048828125,190.6300048828125,188.9600067138672,189.49000549316406,10175,0.0,0.0
2022-11-01 12:30:00-04:00,189.3800048828125,190.3699951171875,188.97999572753906,190.16000366210938,9767,0.0,0.0
2022-11-01 13:30:00-04:00,190.22500610351562,191.35000610351562,189.55999755859375,191.1750030517578,11458,0.0,0.0
2022-11-01 14:30:00-04:00,191.24000549316406,191.27999877929688,190.4600067138672,190.77000427246094,21464,0.0,0.0
2022-11-01 15:30:00-04:00,190.35000610351562,190.4149932861328,188.66000366210938,188.66000366210938,50177,0.0,0.0
2022-11-02 09:30:00-04:00,187.49000549316406,190.22000122070312,183.60000610351562,185.25999450683594,21323,0.0,0.0
2022-11-02 10:30:00-04:00,184.91000366210938,185.42999267578125,181.67999267578125,181.67999267578125,19965,0.0,0.0
2022-11-02 11:30:00-04:00,182.0399932861328,182.16000366210938,181.35499572753906,181.35499572753906,6360,0.0,0.0
2022-11-02 12:30:00-04:00,181.30499267578125,183.49000549316406,180.30999755859375,182.94000244140625,16520,0.0,0.0
2022-11-02 13:30:00-04:00,182.5,187.0,182.35000610351562,186.97999572753906,18393,0.0,0.0
2022-11-02 14:30:00-04:00,186.64500427246094,187.63999938964844,182.02000427246094,182.64500427246094,85488,0.0,0.0
2022-11-02 15:30:00-04:00,182.82000732421875,183.41000366210938,181.35000610351562,181.35000610351562,78078,0.0,0.0
2022-11-03 09:30:00-04:00,178.9600067138672,178.9600067138672,168.85000610351562,174.6199951171875,107897,0.0,0.0
2022-11-03 10:30:00-04:00,174.43499755859375,176.72999572753906,169.6699981689453,169.6699981689453,119972,0.0,0.0
2022-11-03 11:30:00-04:00,169.0,169.5500030517578,168.1300048828125,169.11500549316406,25811,0.0,0.0
2022-11-03 12:30:00-04:00,168.89500427246094,170.83999633789062,167.9199981689453,168.09500122070312,27690,0.0,0.0
2022-11-03 13:30:00-04:00,168.24000549316406,168.3365936279297,166.2949981689453,167.55999755859375,51132,0.0,0.0
2022-11-03 14:30:00-04:00,167.57000732421875,167.57000732421875,164.4250030517578,164.4949951171875,45622,0.0,0.0
2022-11-03 15:30:00-04:00,164.79159545898438,165.2949981689453,163.35000610351562,164.1199951171875,86607,0.0,0.0
2022-11-04 09:30:00-04:00,167.60000610351562,169.99000549316406,160.1999969482422,166.49000549316406,105650,0.0,0.0
2022-11-04 10:30:00-04:00,165.89500427246094,166.5399932861328,163.02000427246094,163.02000427246094,55911,0.0,0.0
2022-11-04 11:30:00-04:00,163.0399932861328,163.39999389648438,158.9499969482422,159.52999877929688,103749,0.0,0.0
2022-11-04 12:30:00-04:00,159.65499877929688,160.4199981689453,156.41000366210938,156.5800018310547,80459,0.0,0.0
2022-11-04 13:30:00-04:00,156.4499969482422,158.8300018310547,155.00999450683594,158.35499572753906,77363,0.0,0.0
2022-11-04 14:30:00-04:00,158.9600067138672,161.5399932861328,158.9550018310547,160.6300048828125,98696,0.0,0.0
2022-11-04 15:30:00-04:00,160.3300018310547,161.52000427246094,159.72999572753906,160.74000549316406,91479,0.0,0.0
2022-11-07 09:30:00-05:00,161.39999389648438,161.39999389648438,155.35000610351562,155.63999938964844,64791,0.0,0.0
2022-11-07 10:30:00-05:00,155.7550048828125,160.24000549316406,155.35000610351562,160.11500549316406,63475,0.0,0.0
2022-11-07 11:30:00-05:00,160.30999755859375,160.66000366210938,158.72500610351562,160.06500244140625,42130,0.0,0.0
2022-11-07 12:30:00-05:00,160.30999755859375,160.8300018310547,159.7100067138672,160.3800048828125,57753,0.0,0.0
2022-11-07 13:30:00-05:00,160.43499755859375,161.36000061035156,159.8524932861328,160.91000366210938,72909,0.0,0.0
2022-11-07 14:30:00-05:00,160.91000366210938,161.3300018310547,159.9250030517578,160.1300048828125,71239,0.0,0.0
2022-11-07 15:30:00-05:00,160.0800018310547,160.3350067138672,159.5749969482422,160.0,91241,0.0,0.0
2022-11-08 09:30:00-05:00,160.66000366210938,162.3699951171875,158.6699981689453,162.30999755859375,37834,0.0,0.0
2022-11-08 10:30:00-05:00,162.86000061035156,167.30499267578125,162.86000061035156,167.1584930419922,148052,0.0,0.0
2022-11-08 11:30:00-05:00,167.30499267578125,168.5800018310547,167.1199951171875,168.39500427246094,27971,0.0,0.0
2022-11-08 12:30:00-05:00,167.99000549316406,169.46499633789062,166.64999389648438,166.64999389648438,46137,0.0,0.0
2022-11-08 13:30:00-05:00,166.11000061035156,166.8350067138672,165.2949981689453,165.2949981689453,73056,0.0,0.0
2022-11-08 14:30:00-05:00,165.1999969482422,167.80999755859375,164.82000732421875,167.8000030517578,33091,0.0,0.0
2022-11-08 15:30:00-05:00,168.0500030517578,169.5800018310547,168.0,168.7100067138672,55629,0.0,0.0
2022-11-09 09:30:00-05:00,166.11000061035156,167.9499969482422,164.0,165.33999633789062,0,0.0,0.0
2022-11-09 10:30:00-05:00,165.39999389648438,166.60000610351562,164.39500427246094,166.4600067138672,25686,0.0,0.0
2022-11-09 11:30:00-05:00,166.3699951171875,167.2050018310547,165.27000427246094,165.47000122070312,14398,0.0,0.0
2022-11-09 12:30:00-05:00,165.48500061035156,165.74000549316406,164.82000732421875,165.22000122070312,73619,0.0,0.0
2022-11-09 13:30:00-05:00,164.97500610351562,165.73500061035156,164.37989807128906,165.5749969482422,50810,0.0,0.0
2022-11-09 14:30:00-05:00,165.14999389648438,166.8800048828125,164.75,165.87359619140625,65286,0.0,0.0
2022-11-09 15:30:00-05:00,165.81500244140625,166.36000061035156,165.02000427246094,165.75,123587,0.0,0.0
2022-11-10 09:30:00-05:00,178.36000061035156,180.63999938964844,177.72000122070312,178.39999389648438,58298,0.0,0.0
2022-11-10 10:30:00-05:00,178.02999877929688,179.14999389648438,176.0800018310547,179.14999389648438,66322,0.0,0.0
2022-11-10 11:30:00-05:00,179.6199951171875,182.39999389648438,179.19000244140625,180.845703125,52346,0.0,0.0
2022-11-10 12:30:00-05:00,180.5,181.14999389648438,179.7100067138672,180.36000061035156,31484,0.0,0.0
2022-11-10 13:30:00-05:00,180.19000244140625,180.5500030517578,179.56500244140625,179.97000122070312,16270,0.0,0.0
2022-11-10 14:30:00-05:00,179.88999938964844,181.85000610351562,179.6999969482422,181.4600067138672,28625,0.0,0.0
2022-11-10 15:30:00-05:00,181.4600067138672,182.4499969482422,180.77999877929688,181.86000061035156,58617,0.0,0.0
2022-11-11 09:30:00-05:00,182.72000122070312,191.14999389648438,180.92999267578125,190.9600067138672,38993,0.0,0.0
2022-11-11 10:30:00-05:00,191.05999755859375,191.97000122070312,188.79010009765625,190.1199951171875,47825,0.0,0.0
2022-11-11 11:30:00-05:00,189.88999938964844,189.94000244140625,188.6199951171875,188.97000122070312,21143,0.0,0.0
2022-11-11 12:30:00-05:00,189.25,190.61500549316406,189.10000610351562,190.40499877929688,28448,0.0,0.0
2022-11-11 13:30:00-05:00,190.375,192.5,190.375,192.33999633789062,63258,0.0,0.0
2022-11-11 14:30:00-05:00,192.2100067138672,192.8350067138672,190.75,191.9149932861328,58129,0.0,0.0
2022-11-11 15:30:00-05:00,191.82249450683594,193.47500610351562,191.47000122070312,191.77999877929688,97979,0.0,0.0
2022-11-14 09:30:00-05:00,189.22999572753906,190.0399932861328,183.0399932861328,185.5500030517578,49313,0.0,0.0
2022-11-14 10:30:00-05:00,185.36000061035156,187.09500122070312,185.14999389648438,186.8800048828125,48797,0.0,0.0
2022-11-14 11:30:00-05:00,186.94500732421875,188.16000366210938,185.97999572753906,186.77999877929688,94588,0.0,0.0
2022-11-14 12:30:00-05:00,186.5449981689453,188.17999267578125,186.5449981689453,188.03500366210938,27532,0.0,0.0
2022-11-14 13:30:00-05:00,188.25,188.25,186.60000610351562,186.94000244140625,33087,0.0,0.0
2022-11-14 14:30:00-05:00,186.91000366210938,187.09500122070312,185.16000366210938,185.21499633789062,26137,0.0,0.0
2022-11-14 15:30:00-05:00,185.10000610351562,185.17750549316406,184.00999450683594,184.08999633789062,57234,0.0,0.0
2022-11-15 09:30:00-05:00,191.3699951171875,195.44000244140625,185.86000061035156,194.47999572753906,146534,0.0,0.0
2022-11-15 10:30:00-05:00,194.47999572753906,195.625,191.96499633789062,193.03500366210938,93429,0.0,0.0
2022-11-15 11:30:00-05:00,193.9499969482422,196.77999877929688,193.68499755859375,196.4600067138672,37427,0.0,0.0
2022-11-15 12:30:00-05:00,196.4600067138672,197.10000610351562,192.0500030517578,192.49000549316406,26945,0.0,0.0
2022-11-15 13:30:00-05:00,192.2899932861328,195.5399932861328,191.75,195.4199981689453,46632,0.0,0.0
2022-11-15 14:30:00-05:00,195.55999755859375,195.8394012451172,194.36000061035156,194.6699981689453,29648,0.0,0.0
2022-11-15 15:30:00-05:00,194.46499633789062,194.49000549316406,193.08999633789062,193.33999633789062,48907,0.0,0.0
2022-11-16 09:30:00-05:00,190.27999877929688,194.3300018310547,190.27999877929688,190.68930053710938,66502,0.0,0.0
2022-11-16 10:30:00-05:00,190.81500244140625,191.72000122070312,188.6300048828125,190.14869689941406,34659,0.0,0.0
2022-11-16 11:30:00-05:00,189.94000244140625,190.2100067138672,188.8300018310547,189.13999938964844,19431,0.0,0.0
2022-11-16 12:30:00-05:00,189.42999267578125,191.69000244140625,188.92999267578125,191.14999389648438,22595,0.0,0.0
2022-11-16 13:30:00-05:00,191.14999389648438,191.36000061035156,190.09500122070312,190.24000549316406,30417,0.0,0.0
2022-11-16 14:30:00-05:00,190.1199951171875,190.1199951171875,187.4600067138672,187.5850067138672,32288,0.0,0.0
2022-11-16 15:30:00-05:00,187.52499389648438,188.3300018310547,187.3000030517578,188.14999389648438,45810,0.0,0.0
2022-11-17 09:30:00-05:00,181.2100067138672,185.77999877929688,180.00999450683594,180.82000732421875,33055,0.0,0.0
2022-11-17 10:30:00-05:00,180.6649932861328,181.47999572753906,179.52499389648438,180.39999389648438,34524,0.0,0.0
2022-11-17 11:30:00-05:00,180.02999877929688,181.4199981689453,179.75,180.4600067138672,50975,0.0,0.0
2022-11-17 12:30:00-05:00,180.14999389648438,182.56210327148438,180.0,180.94000244140625,46497,0.0,0.0
2022-11-17 13:30:00-05:00,180.63499450683594,181.60000610351562,179.58999633789062,180.35000610351562,51283,0.0,0.0
2022-11-17 14:30:00-05:00,180.58999633789062,182.4600067138672,179.8101043701172,180.00999450683594,64486,0.0,0.0
2022-11-17 15:30:00-05:00,180.08999633789062,181.86000061035156,179.86749267578125,181.3300018310547,58116,0.0,0.0
2022-11-18 09:30:00-05:00,179.89999389648438,181.0500030517578,177.67999267578125,178.7100067138672,123373,0.0,0.0
2022-11-18 10:30:00-05:00,178.77999877929688,179.1300048828125,173.66000366210938,174.33999633789062,60443,0.0,0.0
2022-11-18 11:30:00-05:00,174.05999755859375,177.0749969482422,173.07000732421875,174.52999877929688,37063,0.0,0.0
2022-11-18 12:30:00-05:00,174.41000366210938,175.89999389648438,174.3800048828125,175.5500030517578,27882,0.0,0.0
2022-11-18 13:30:00-05:00,175.5800018310547,175.6999969482422,173.16000366210938,174.19000244140625,61897,0.0,0.0
2022-11-18 14:30:00-05:00,174.02999877929688,175.6649932861328,173.85499572753906,174.4499969482422,89178,0.0,0.0
2022-11-18 15:30:00-05:00,174.27499389648438,174.6300048828125,174.05499267578125,174.25999450683594,135293,0.0,0.0
2022-11-21 09:30:00-05:00,171.1699981689453,174.24000549316406,171.0,172.86000061035156,51153,0.0,0.0
2022-11-21 10:30:00-05:00,172.86000061035156,174.9600067138672,172.75999450683594,174.5,66838,0.0,0.0
2022-11-21 11:30:00-05:00,174.60000610351562,174.9949951171875,174.00999450683594,174.6199951171875,28240,0.0,0.0
2022-11-21 12:30:00-05:00,174.86000061035156,178.2449951171875,174.3300018310547,178.2449951171875,25753,0.0,0.0
2022-11-21 13:30:00-05:00,178.2550048828125,180.02000427246094,178.10000610351562,178.77999877929688,42367,0.0,0.0
2022-11-21 14:30:00-05:00,178.97000122070312,179.13999938964844,177.5850067138672,177.69000244140625,49065,0.0,0.0
2022-11-21 15:30:00-05:00,177.7779998779297,178.30250549316406,177.25,177.4600067138672,58665,0.0,0.0
2022-11-22 09:30:00-05:00,176.19000244140625,178.847900390625,173.5500030517578,176.2899932861328,48007,0.0,0.0
2022-11-22 10:30:00-05:00,175.80140686035156,175.80140686035156,173.85000610351562,174.1699981689453,58979,0.0,0.0
2022-11-22 11:30:00-05:00,174.10499572753906,175.03500366210938,173.72219848632812,175.03500366210938,41999,0.0,0.0
2022-11-22 12:30:00-05:00,175.05999755859375,175.75,174.36000061035156,174.72000122070312,19645,0.0,0.0
2022-11-22 13:30:00-05:00,174.96499633789062,175.39500427246094,174.3699951171875,174.77000427246094,31897,0.0,0.0
2022-11-22 14:30:00-05:00,175.0500030517578,175.65499877929688,174.89999389648438,175.5800018310547,26284,0.0,0.0
2022-11-22 15:30:00-05:00,175.8800048828125,177.1999969482422,175.8800048828125,176.6300048828125,38243,0.0,0.0
2022-11-23 09:30:00-05:00,177.3699951171875,181.4199981689453,175.5399932861328,181.4199981689453,11641,0.0,0.0
2022-11-23 10:30:00-05:00,181.5,181.8000030517578,180.1300048828125,180.1300048828125,24079,0.0,0.0
2022-11-23 11:30:00-05:00,180.00929260253906,180.19000244140625,177.94000244140625,179.85000610351562,45907,0.0,0.0
2022-11-23 12:30:00-05:00,179.85000610351562,179.85000610351562,177.89999389648438,178.9550018310547,9899,0.0,0.0
2022-11-23 13:30:00-05:00,179.30999755859375,180.16000366210938,178.6750030517578,179.72999572753906,44748,0.0,0.0
2022-11-23 14:30:00-05:00,179.27999877929688,180.42140197753906,178.7100067138672,179.2449951171875,27977,0.0,0.0
2022-11-23 15:30:00-05:00,179.30999755859375,179.69000244140625,178.49000549316406,179.69000244140625,59953,0.0,0.0
2022-11-25 09:30:00-05:00,179.07000732421875,179.07000732421875,175.7100067138672,177.49000549316406,14638,0.0,0.0
2022-11-25 10:30:00-05:00,177.86000061035156,178.02999877929688,177.26499938964844,177.38499450683594,10610,0.0,0.0
2022-11-25 11:30:00-05:00,177.30999755859375,179.5399932861328,177.24000549316406,178.72999572753906,12261,0.0,0.0
2022-11-28 09:30:00-05:00,175.9499969482422,177.17999267578125,175.52000427246094,176.42999267578125,29435,0.0,0.0
2022-11-28 10:30:00-05:00,176.71949768066406,177.22000122070312,175.77139282226562,176.0749969482422,11247,0.0,0.0
2022-11-28 11:30:00-05:00,176.25999450683594,176.8800048828125,175.67999267578125,176.8800048828125,8060,0.0,0.0
2022-11-28 12:30:00-05:00,176.30499267578125,176.9499969482422,175.9499969482422,176.2899932861328,19031,0.0,0.0
2022-11-28 13:30:00-05:00,176.50799560546875,176.50799560546875,174.7899932861328,175.0500030517578,29631,0.0,0.0
2022-11-28 14:30:00-05:00,174.75,175.75999450683594,174.47999572753906,174.6199951171875,19770,0.0,0.0
2022-11-28 15:30:00-05:00,174.83999633789062,175.6999969482422,174.7100067138672,175.52999877929688,28208,0.0,0.0
2022-11-29 09:30:00-05:00,176.5,176.5,174.6699981689453,175.75,9219,0.0,0.0
2022-11-29 10:30:00-05:00,176.27999877929688,176.27999877929688,174.4600067138672,175.18499755859375,41379,0.0,0.0
2022-11-29 11:30:00-05:00,174.83999633789062,176.3000030517578,174.83999633789062,175.9250030517578,7801,0.0,0.0
2022-11-29 12:30:00-05:00,176.13499450683594,176.6300048828125,175.27999877929688,175.2899932861328,11584,0.0,0.0
2022-11-29 13:30:00-05:00,174.875,175.5,174.875,175.3800048828125,14973,0.0,0.0
2022-11-29 14:30:00-05:00,175.1300048828125,175.13999938964844,174.66000366210938,175.00999450683594,12498,0.0,0.0
2022-11-29 15:30:00-05:00,175.00999450683594,175.24000549316406,174.33999633789062,174.33999633789062,34129,0.0,0.0
2022-11-30 09:30:00-05:00,174.22000122070312,178.58999633789062,174.22000122070312,178.2899932861328,15143,0.0,0.0
2022-11-30 10:30:00-05:00,178.42999267578125,178.86500549316406,176.8000030517578,176.88999938964844,20743,0.0,0.0
2022-11-30 11:30:00-05:00,177.61000061035156,177.8000030517578,175.85000610351562,176.66000366210938,18060,0.0,0.0
2022-11-30 12:30:00-05:00,177.22999572753906,177.5500030517578,176.36000061035156,177.3000030517578,13870,0.0,0.0
2022-11-30 13:30:00-05:00,176.88999938964844,183.93499755859375,176.86000061035156,183.39999389648438,26033,0.0,0.0
2022-11-30 14:30:00-05:00,183.30999755859375,185.5399932861328,182.5399932861328,185.47000122070312,29893,0.0,0.0
2022-11-30 15:30:00-05:00,185.75,187.5399932861328,185.52499389648438,187.08999633789062,75270,0.0,0.0
2022-12-01 09:30:00-05:00,186.94000244140625,191.77000427246094,186.42999267578125,187.00999450683594,55486,0.0,0.0
2022-12-01 10:30:00-05:00,186.8699951171875,190.86000061035156,186.86000061035156,190.5800018310547,49383,0.0,0.0
2022-12-01 11:30:00-05:00,190.61000061035156,191.65499877929688,190.52000427246094,191.1649932861328,17990,0.0,0.0
2022-12-01 12:30:00-05:00,191.61500549316406,192.0399932861328,187.9600067138672,190.4550018310547,39960,0.0,0.0
2022-12-01 13:30:00-05:00,190.42999267578125,191.08999633789062,189.88999938964844,190.97999572753906,26479,0.0,0.0
2022-12-01 14:30:00-05:00,191.0500030517578,192.6999969482422,190.1199951171875,192.0500030517578,58099,0.0,0.0
2022-12-01 15:30:00-05:00,192.2949981689453,192.94000244140625,191.98500061035156,192.94000244140625,59778,0.0,0.0
2022-12-02 09:30:00-05:00,188.35000610351562,191.19000244140625,187.1199951171875,188.00999450683594,38573,0.0,0.0
2022-12-02 10:30:00-05:00,188.00999450683594,188.78500366210938,187.1199951171875,188.32000732421875,16825,0.0,0.0
2022-12-02 11:30:00-05:00,188.0800018310547,189.1199951171875,187.71499633789062,188.5500030517578,27640,0.0,0.0
2022-12-02 12:30:00-05:00,188.5500030517578,189.6199951171875,188.42999267578125,189.58999633789062,16715,0.0,0.0
2022-12-02 13:30:00-05:00,189.31500244140625,190.0500030517578,189.25,189.87669372558594,16264,0.0,0.0
2022-12-02 14:30:00-05:00,189.8000030517578,190.57000732421875,189.52000427246094,190.55499267578125,26475,0.0,0.0
2022-12-02 15:30:00-05:00,190.64999389648438,190.9600067138672,190.2100067138672,190.2100067138672,45915,0.0,0.0
2022-12-05 09:30:00-05:00,187.82000732421875,188.75999450683594,185.6800994873047,186.00999450683594,35014,0.0,0.0
2022-12-05 10:30:00-05:00,185.72000122070312,187.02000427246094,185.3800048828125,185.38499450683594,22673,0.0,0.0
2022-12-05 11:30:00-05:00,185.47500610351562,186.0399932861328,184.3000030517578,185.84500122070312,19683,0.0,0.0
2022-12-05 12:30:00-05:00,185.72000122070312,185.9499969482422,182.07000732421875,182.3300018310547,67690,0.0,0.0
2022-12-05 13:30:00-05:00,182.31500244140625,183.1999969482422,180.5,180.5399932861328,24428,0.0,0.0
2022-12-05 14:30:00-05:00,180.5,180.52999877929688,179.14500427246094,179.7550048828125,33226,0.0,0.0
2022-12-05 15:30:00-05:00,179.75999450683594,180.74000549316406,178.33099365234375,178.92999267578125,69270,0.0,0.0
2022-12-06 09:30:00-05:00,179.77999877929688,179.77999877929688,172.2100067138672,173.47000122070312,19443,0.0,0.0
2022-12-06 10:30:00-05:00,173.72999572753906,174.66000366210938,172.74000549316406,174.2100067138672,57774,0.0,0.0
2022-12-06 11:30:00-05:00,174.19000244140625,174.3800048828125,171.64999389648438,171.9199981689453,52554,0.0,0.0
2022-12-06 12:30:00-05:00,171.66000366210938,172.38999938964844,170.5399932861328,170.61500549316406,16754,0.0,0.0
2022-12-06 13:30:00-05:00,170.4600067138672,171.06500244140625,169.52999877929688,169.69000244140625,35902,0.0,0.0
2022-12-06 14:30:00-05:00,169.7100067138672,171.75999450683594,169.35360717773438,169.88999938964844,49885,0.0,0.0
2022-12-06 15:30:00-05:00,170.0,172.4600067138672,169.99000549316406,171.61000061035156,70930,0.0,0.0
2022-12-07 09:30:00-05:00,172.33999633789062,172.75,167.22999572753906,168.5500030517578,49530,0.0,0.0
2022-12-07 10:30:00-05:00,168.52000427246094,171.25,167.91000366210938,170.00999450683594,28657,0.0,0.0
2022-12-07 11:30:00-05:00,170.13999938964844,171.69000244140625,170.0500030517578,171.23500061035156,18226,0.0,0.0
2022-12-07 12:30:00-05:00,171.38429260253906,172.8000030517578,170.6699981689453,172.52499389648438,13401,0.0,0.0
2022-12-07 13:30:00-05:00,172.66000366210938,172.80999755859375,171.6199951171875,172.11000061035156,19832,0.0,0.0
2022-12-07 14:30:00-05:00,172.0800018310547,172.47999572753906,171.72000122070312,172.18499755859375,16094,0.0,0.0
2022-12-07 15:30:00-05:00,172.0500030517578,172.86500549316406,171.64999389648438,171.80999755859375,40384,0.0,0.0
2022-12-08 09:30:00-05:00,172.85000610351562,177.39500427246094,171.6199951171875,177.36000061035156,11279,0.0,0.0
2022-12-08 10:30:00-05:00,176.8699951171875,178.10000610351562,176.4199981689453,177.71499633789062,32288,0.0,0.0
2022-12-08 11:30:00-05:00,177.44500732421875,178.9499969482422,176.75,176.75,26853,0.0,0.0
2022-12-08 12:30:00-05:00,177.07000732421875,177.69000244140625,176.8350067138672,177.4199981689453,33679,0.0,0.0
2022-12-08 13:30:00-05:00,177.86000061035156,178.41000366210938,176.5,177.3800048828125,20891,0.0,0.0
2022-12-08 14:30:00-05:00,177.2050018310547,177.80999755859375,177.18499755859375,177.6300048828125,15766,0.0,0.0
2022-12-08 15:30:00-05:00,177.83999633789062,178.38999938964844,177.55999755859375,177.7899932861328,30310,0.0,0.0
2022-12-09 09:30:00-05:00,176.1699981689453,177.22999572753906,174.97500610351562,175.67999267578125,0,0.0,0.0
2022-12-09 10:30:00-05:00,176.33999633789062,177.39999389648438,175.9949951171875,176.27000427246094,12418,0.0,0.0
2022-12-09 11:30:00-05:00,176.7899932861328,177.39999389648438,176.33999633789062,177.24000549316406,11731,0.0,0.0
2022-12-09 12:30:00-05:00,177.41000366210938,177.9600067138672,175.7375030517578,175.75,12530,0.0,0.0
2022-12-09 13:30:00-05:00,175.75,176.83999633789062,175.22000122070312,176.27000427246094,47024,0.0,0.0
2022-12-09 14:30:00-05:00,176.30999755859375,176.58999633789062,175.91000366210938,176.1999969482422,40677,0.0,0.0
2022-12-09 15:30:00-05:00,175.9499969482422,176.08999633789062,175.08999633789062,175.67999267578125,58495,0.0,0.0
2022-12-12 09:30:00-05:00,175.57000732421875,179.4199981689453,175.44000244140625,179.05999755859375,0,0.0,0.0
2022-12-12 10:30:00-05:00,178.4600067138672,179.84620666503906,178.1999969482422,179.84620666503906,12162,0.0,0.0
2022-12-12 11:30:00-05:00,179.39999389648438,179.97259521484375,178.50999450683594,178.50999450683594,8994,0.0,0.0
2022-12-12 12:30:00-05:00,178.44000244140625,179.0399932861328,177.02999877929688,177.05999755859375,14109,0.0,0.0
2022-12-12 13:30:00-05:00,177.47000122070312,177.5,176.0,176.11500549316406,18323,0.0,0.0
2022-12-12 14:30:00-05:00,175.97500610351562,176.1300048828125,175.35499572753906,175.4600067138672,18979,0.0,0.0
2022-12-12 15:30:00-05:00,175.4600067138672,175.8699951171875,174.8000030517578,175.8699951171875,24661,0.0,0.0
2022-12-13 09:30:00-05:00,186.0500030517578,191.8800048828125,184.9199981689453,189.83999633789062,93544,0.0,0.0
2022-12-13 10:30:00-05:00,189.85000610351562,190.35000610351562,185.63999938964844,189.19000244140625,52981,0.0,0.0
2022-12-13 11:30:00-05:00,189.4199981689453,190.3000030517578,186.75,187.75999450683594,84209,0.0,0.0
2022-12-13 12:30:00-05:00,187.30499267578125,188.27999877929688,185.30999755859375,187.36000061035156,44494,0.0,0.0
2022-12-13 13:30:00-05:00,187.47000122070312,188.0,185.75999450683594,186.07000732421875,26409,0.0,0.0
2022-12-13 14:30:00-05:00,186.32000732421875,188.4600067138672,185.7899932861328,186.0749969482422,107911,0.0,0.0
2022-12-13 15:30:00-05:00,186.25999450683594,187.5500030517578,185.86000061035156,186.77000427246094,93216,0.0,0.0
2022-12-14 09:30:00-05:00,185.5500030517578,187.52999877929688,185.11000061035156,185.11000061035156,18454,0.0,0.0
2022-12-14 10:30:00-05:00,184.97500610351562,184.97500610351562,183.4499969482422,183.89999389648438,18229,0.0,0.0
2022-12-14 11:30:00-05:00,183.25999450683594,183.25999450683594,180.7100067138672,181.464599609375,18559,0.0,0.0
2022-12-14 12:30:00-05:00,181.4949951171875,182.9199981689453,181.02999877929688,182.16000366210938,30847,0.0,0.0
2022-12-14 13:30:00-05:00,182.27999877929688,183.49000549316406,180.69500732421875,182.4199981689453,37800,0.0,0.0
2022-12-14 14:30:00-05:00,182.41000366210938,185.22999572753906,181.2899932861328,182.16000366210938,52565,0.0,0.0
2022-12-14 15:30:00-05:00,181.72000122070312,183.6699981689453,181.47000122070312,182.3300018310547,39234,0.0,0.0
2022-12-15 09:30:00-05:00,179.35000610351562,179.35000610351562,175.7899932861328,175.9199981689453,55134,0.0,0.0
2022-12-15 10:30:00-05:00,175.8699951171875,177.19000244140625,172.24000549316406,173.17999267578125,40991,0.0,0.0
2022-12-15 11:30:00-05:00,173.41000366210938,174.57000732421875,172.57000732421875,174.57000732421875,22981,0.0,0.0
2022-12-15 12:30:00-05:00,174.36500549316406,174.86000061035156,171.32000732421875,171.55999755859375,37566,0.0,0.0
2022-12-15 13:30:00-05:00,171.3699951171875,172.27999877929688,170.75999450683594,172.14999389648438,22933,0.0,0.0
2022-12-15 14:30:00-05:00,172.22999572753906,172.27000427246094,170.5500030517578,171.38499450683594,50069,0.0,0.0
2022-12-15 15:30:00-05:00,171.42999267578125,171.42999267578125,169.1199951171875,169.2100067138672,78643,0.0,0.0
2022-12-16 09:30:00-05:00,167.80999755859375,168.38999938964844,164.69000244140625,165.7100067138672,87707,0.0,0.0
2022-12-16 10:30:00-05:00,165.3300018310547,167.44000244140625,165.06500244140625,166.8000030517578,68211,0.0,0.0
2022-12-16 11:30:00-05:00,167.11000061035156,167.99000549316406,166.89999389648438,167.80499267578125,19548,0.0,0.0
2022-12-16 12:30:00-05:00,167.5050048828125,168.21499633789062,167.1699981689453,167.89999389648438,36353,0.0,0.0
2022-12-16 13:30:00-05:00,167.77999877929688,168.10159301757812,165.98500061035156,166.2899932861328,59323,0.0,0.0
2022-12-16 14:30:00-05:00,166.02999877929688,168.0070037841797,166.02999877929688,167.8300018310547,29608,0.0,0.0
2022-12-16 15:30:00-05:00,167.92999267578125,168.4600067138672,166.64999389648438,167.66000366210938,60121,0.0,0.0
2022-12-19 09:30:00-05:00,165.94000244140625,167.38999938964844,163.69979858398438,167.13999938964844,28730,0.0,0.0
2022-12-19 10:30:00-05:00,167.02499389648438,167.02499389648438,164.5050048828125,165.22999572753906,34554,0.0,0.0
2022-12-19 11:30:00-05:00,165.1999053955078,166.32000732421875,164.19500732421875,166.06390380859375,31041,0.0,0.0
2022-12-19 12:30:00-05:00,165.9199981689453,166.77000427246094,165.7324981689453,166.50830078125,14262,0.0,0.0
2022-12-19 13:30:00-05:00,166.10000610351562,166.11000061035156,165.05999755859375,165.2899932861328,24356,0.0,0.0
2022-12-19 14:30:00-05:00,165.22999572753906,166.2899932861328,165.07000732421875,165.99000549316406,31694,0.0,0.0
2022-12-19 15:30:00-05:00,165.88499450683594,166.02999877929688,165.32000732421875,166.02999877929688,43815,0.0,0.0
2022-12-20 09:30:00-05:00,164.27999877929688,167.49000549316406,164.27999877929688,166.5800018310547,15025,0.0,0.0
2022-12-20 10:30:00-05:00,166.66000366210938,168.05999755859375,166.60000610351562,167.52000427246094,30509,0.0,0.0
2022-12-20 11:30:00-05:00,167.5,168.58999633789062,167.42999267578125,168.2100067138672,10380,0.0,0.0
2022-12-20 12:30:00-05:00,168.07000732421875,168.8699951171875,167.5399932861328,167.67340087890625,14311,0.0,0.0
2022-12-20 13:30:00-05:00,167.6649932861328,167.8800048828125,166.24000549316406,166.73500061035156,25125,0.0,0.0
2022-12-20 14:30:00-05:00,166.75,167.1199951171875,166.1699981689453,167.1199951171875,53468,0.0,0.0
2022-12-20 15:30:00-05:00,167.3699951171875,168.00999450683594,166.64999389648438,167.8300018310547,75682,0.0,0.0
2022-12-21 09:30:00-05:00,169.07000732421875,170.4949951171875,168.4600067138672,169.19000244140625,34760,0.0,0.0
2022-12-21 10:30:00-05:00,169.27999877929688,171.94000244140625,169.27999877929688,170.97999572753906,38143,0.0,0.0
2022-12-21 11:30:00-05:00,171.09500122070312,171.63499450683594,170.52999877929688,170.94500732421875,21883,0.0,0.0
2022-12-21 12:30:00-05:00,171.1300048828125,171.4550018310547,170.24000549316406,170.50999450683594,35795,0.0,0.0
2022-12-21 13:30:00-05:00,170.69500732421875,171.66000366210938,170.4499969482422,171.66000366210938,21046,0.0,0.0
2022-12-21 14:30:00-05:00,171.77000427246094,171.82000732421875,170.0399932861328,170.0399932861328,32402,0.0,0.0
2022-12-21 15:30:00-05:00,170.0399932861328,170.5189971923828,169.7899932861328,169.85000610351562,40525,0.0,0.0
2022-12-22 09:30:00-05:00,165.83999633789062,165.90499877929688,159.3000030517578,159.3699951171875,29267,0.0,0.0
2022-12-22 10:30:00-05:00,159.40499877929688,161.7899932861328,159.35000610351562,160.1199951171875,63931,0.0,0.0
2022-12-22 11:30:00-05:00,160.02999877929688,160.52000427246094,157.50999450683594,157.50999450683594,28584,0.0,0.0
2022-12-22 12:30:00-05:00,157.3800048828125,158.02999877929688,156.52999877929688,157.55999755859375,29090,0.0,0.0
2022-12-22 13:30:00-05:00,157.30999755859375,159.67999267578125,157.00999450683594,159.6199951171875,26997,0.0,0.0
2022-12-22 14:30:00-05:00,159.66749572753906,162.0,158.80999755859375,161.55999755859375,73452,0.0,0.0
2022-12-22 15:30:00-05:00,161.55999755859375,163.72999572753906,161.4600067138672,162.6199951171875,108669,0.0,0.0
2022-12-23 09:30:00-05:00,162.6999969482422,165.0749969482422,161.42999267578125,164.77999877929688,28917,0.0,0.0
2022-12-23 10:30:00-05:00,165.1199951171875,165.7899932861328,162.89999389648438,163.1750030517578,24515,0.0,0.0
2022-12-23 11:30:00-05:00,162.99000549316406,163.5800018310547,162.16000366210938,163.41000366210938,11309,0.0,0.0
2022-12-23 12:30:00-05:00,163.41000366210938,163.89999389648438,162.74000549316406,163.6300048828125,16185,0.0,0.0
2022-12-23 13:30:00-05:00,163.4550018310547,164.6999969482422,162.9949951171875,163.7949981689453,28387,0.0,0.0
2022-12-23 14:30:00-05:00,164.02999877929688,164.33999633789062,163.25,163.72999572753906,25894,0.0,0.0
2022-12-23 15:30:00-05:00,163.75,164.22999572753906,163.57000732421875,163.63999938964844,37278,0.0,0.0
2022-12-27 09:30:00-05:00,162.94000244140625,163.91000366210938,159.33999633789062,163.80999755859375,0,0.0,0.0
2022-12-27 10:30:00-05:00,164.02999877929688,164.61000061035156,163.17999267578125,163.8300018310547,13179,0.0,0.0
2022-12-27 11:30:00-05:00,163.77999877929688,164.2899932861328,163.6649932861328,163.6649932861328,9996,0.0,0.0
2022-12-27 12:30:00-05:00,163.14500427246094,163.19500732421875,162.52999877929688,162.7550048828125,7931,0.0,0.0
2022-12-27 13:30:00-05:00,162.75,162.80999755859375,162.10000610351562,162.17999267578125,12645,0.0,0.0
2022-12-27 14:30:00-05:00,162.2899932861328,162.8300018310547,162.1175994873047,162.44000244140625,10376,0.0,0.0
2022-12-27 15:30:00-05:00,162.38999938964844,163.30999755859375,162.38999938964844,162.52999877929688,32286,0.0,0.0
2022-12-28 09:30:00-05:00,162.24000549316406,166.50999450683594,162.24000549316406,165.42999267578125,30379,0.0,0.0
2022-12-28 10:30:00-05:00,165.57000732421875,165.74000549316406,164.1999969482422,164.32000732421875,24476,0.0,0.0
2022-12-28 11:30:00-05:00,164.0500030517578,164.0500030517578,162.30499267578125,163.15499877929688,18233,0.0,0.0
2022-12-28 12:30:00-05:00,163.39500427246094,164.86000061035156,163.11000061035156,163.29379272460938,18154,0.0,0.0
2022-12-28 13:30:00-05:00,163.32000732421875,163.32000732421875,161.81500244140625,161.81500244140625,20968,0.0,0.0
2022-12-28 14:30:00-05:00,161.38999938964844,161.77000427246094,160.75999450683594,161.52999877929688,15547,0.0,0.0
2022-12-28 15:30:00-05:00,161.55999755859375,161.99000549316406,160.25999450683594,160.35000610351562,44881,0.0,0.0
2022-12-29 09:30:00-05:00,162.44000244140625,166.44000244140625,161.8000030517578,165.9783935546875,0,0.0,0.0
2022-12-29 10:30:00-05:00,165.60130310058594,167.13999938964844,165.30999755859375,167.13999938964844,45244,0.0,0.0
2022-12-29 11:30:00-05:00,167.13999938964844,168.49749755859375,166.97999572753906,166.97999572753906,15480,0.0,0.0
2022-12-29 12:30:00-05:00,167.00790405273438,169.47000122070312,166.72000122070312,169.11500549316406,30383,0.0,0.0
2022-12-29 13:30:00-05:00,168.88999938964844,168.88999938964844,167.52000427246094,167.75599670410156,50806,0.0,0.0
2022-12-29 14:30:00-05:00,167.7971954345703,169.0500030517578,167.32000732421875,168.9949951171875,19043,0.0,0.0
2022-12-29 15:30:00-05:00,169.30499267578125,169.3800048828125,168.22000122070312,168.61000061035156,37951,0.0,0.0
2022-12-30 09:30:00-05:00,165.10000610351562,167.9499969482422,163.9893035888672,167.2100067138672,12732,0.0,0.0
2022-12-30 10:30:00-05:00,167.17999267578125,167.9499969482422,166.7100067138672,166.8350067138672,11772,0.0,0.0
2022-12-30 11:30:00-05:00,166.89999389648438,167.58999633789062,166.69000244140625,167.58999633789062,15721,0.0,0.0
2022-12-30 12:30:00-05:00,167.60499572753906,167.96499633789062,166.0050048828125,166.05999755859375,16334,0.0,0.0
2022-12-30 13:30:00-05:00,166.125,166.8350067138672,165.7899932861328,166.07000732421875,11751,0.0,0.0
2022-12-30 14:30:00-05:00,166.28500366210938,167.42999267578125,166.1999969482422,167.42999267578125,11513,0.0,0.0
2022-12-30 15:30:00-05:00,167.38999938964844,168.27999877929688,167.07000732421875,168.08999633789062,39839,0.0,0.0
2023-01-03 09:30:00-05:00,172.83999633789062,174.61000061035156,167.10000610351562,168.23500061035156,28729,0.0,0.0
2023-01-03 10:30:00-05:00,168.02999877929688,168.58200073242188,166.9949951171875,167.24000549316406,28006,0.0,0.0
2023-01-03 11:30:00-05:00,167.4199981689453,167.4199981689453,165.78500366210938,166.2949981689453,18612,0.0,0.0
2023-01-03 12:30:00-05:00,166.4499969482422,167.47999572753906,166.10499572753906,167.36500549316406,20214,0.0,0.0
2023-01-03 13:30:00-05:00,167.06500244140625,169.1699981689453,167.06500244140625,168.91000366210938,32441,0.0,0.0
2023-01-03 14:30:00-05:00,169.09979248046875,170.6699981689453,168.5800018310547,168.86000061035156,46331,0.0,0.0
2023-01-03 15:30:00-05:00,168.781005859375,169.5850067138672,168.54800415039062,168.94000244140625,71198,0.0,0.0
2023-01-04 09:30:00-05:00,171.47000122070312,171.47000122070312,166.8300018310547,167.22000122070312,0,0.0,0.0
2023-01-04 10:30:00-05:00,167.02000427246094,168.13999938964844,166.74000549316406,167.8800048828125,19044,0.0,0.0
2023-01-04 11:30:00-05:00,168.02999877929688,169.94000244140625,168.02999877929688,169.66000366210938,18006,0.0,0.0
2023-01-04 12:30:00-05:00,169.74000549316406,170.9550018310547,169.74000549316406,170.5500030517578,29542,0.0,0.0
2023-01-04 13:30:00-05:00,170.8800048828125,171.27000427246094,169.69140625,169.9600067138672,22564,0.0,0.0
2023-01-04 14:30:00-05:00,169.48500061035156,171.10000610351562,169.48500061035156,169.83999633789062,29810,0.0,0.0
2023-01-04 15:30:00-05:00,169.9600067138672,170.3800048828125,168.3699951171875,170.3800048828125,26305,0.0,0.0
2023-01-05 09:30:00-05:00,166.8800048828125,166.8800048828125,163.1199951171875,163.35000610351562,22138,0.0,0.0
2023-01-05 10:30:00-05:00,163.53500366210938,163.88999938964844,160.72000122070312,160.96499633789062,40264,0.0,0.0
2023-01-05 11:30:00-05:00,160.85000610351562,161.00999450683594,156.7899932861328,156.7899932861328,43120,0.0,0.0
2023-01-05 12:30:00-05:00,156.67999267578125,157.44000244140625,154.82000732421875,156.60000610351562,53909,0.0,0.0
2023-01-05 13:30:00-05:00,156.4600067138672,158.0800018310547,155.2550048828125,158.0800018310547,46913,0.0,0.0
2023-01-05 14:30:00-05:00,158.17999267578125,159.0399932861328,157.89999389648438,158.8350067138672,47624,0.0,0.0
2023-01-05 15:30:00-05:00,158.8350067138672,160.49000549316406,158.6199951171875,160.14999389648438,75294,0.0,0.0
2023-01-06 09:30:00-05:00,161.33999633789062,161.33999633789062,155.5399932861328,156.99000549316406,38397,0.0,0.0
2023-01-06 10:30:00-05:00,157.0,161.85000610351562,157.0,161.7899932861328,23859,0.0,0.0
2023-01-06 11:30:00-05:00,161.8249969482422,162.27000427246094,160.6300048828125,160.80499267578125,22401,0.0,0.0
2023-01-06 12:30:00-05:00,160.80999755859375,160.90890502929688,160.05999755859375,160.3874969482422,24560,0.0,0.0
2023-01-06 13:30:00-05:00,160.39500427246094,161.22000122070312,159.61000061035156,159.61000061035156,31341,0.0,0.0
2023-01-06 14:30:00-05:00,159.7449951171875,161.3699951171875,159.42999267578125,160.19000244140625,50107,0.0,0.0
2023-01-06 15:30:00-05:00,160.1999969482422,160.53500366210938,159.42999267578125,160.3000030517578,83259,0.0,0.0
2023-01-09 09:30:00-05:00,162.8699951171875,165.80999755859375,160.875,165.27000427246094,30374,0.0,0.0
2023-01-09 10:30:00-05:00,165.60000610351562,168.22000122070312,165.60000610351562,168.22000122070312,19863,0.0,0.0
2023-01-09 11:30:00-05:00,168.22189331054688,169.5449981689453,167.49000549316406,169.5449981689453,25305,0.0,0.0
2023-01-09 12:30:00-05:00,169.32000732421875,169.74000549316406,168.32000732421875,169.74000549316406,20025,0.0,0.0
2023-01-09 13:30:00-05:00,169.6699981689453,169.8300018310547,167.67999267578125,168.36000061035156,30903,0.0,0.0
2023-01-09 14:30:00-05:00,168.38999938964844,168.47999572753906,166.10000610351562,166.77000427246094,28628,0.0,0.0
2023-01-09 15:30:00-05:00,166.875,166.91000366210938,165.33999633789062,165.97000122070312,40677,0.0,0.0
2023-01-10 09:30:00-05:00,165.02000427246094,165.13999938964844,161.4499969482422,163.22000122070312,25089,0.0,0.0
2023-01-10 10:30:00-05:00,162.57000732421875,162.94000244140625,161.22000122070312,162.50999450683594,21614,0.0,0.0
2023-01-10 11:30:00-05:00,161.97000122070312,162.8800048828125,161.82000732421875,161.97999572753906,11415,0.0,0.0
2023-01-10 12:30:00-05:00,162.13999938964844,163.02000427246094,162.13999938964844,162.57000732421875,20530,0.0,0.0
2023-01-10 13:30:00-05:00,162.85000610351562,164.72500610351562,162.82000732421875,164.5800018310547,15705,0.0,0.0
2023-01-10 14:30:00-05:00,164.55499267578125,164.8000030517578,163.10000610351562,163.4199981689453,18486,0.0,0.0
2023-01-10 15:30:00-05:00,163.3699951171875,163.55999755859375,163.0800018310547,163.38999938964844,35357,0.0,0.0
2023-01-11 09:30:00-05:00,164.8000030517578,167.83999633789062,164.006103515625,167.4199981689453,17318,0.0,0.0
2023-01-11 10:30:00-05:00,167.7449951171875,168.07000732421875,166.9250030517578,167.8217010498047,12910,0.0,0.0
2023-01-11 11:30:00-05:00,168.1300048828125,169.63999938964844,167.5500030517578,169.35499572753906,14808,0.0,0.0
2023-01-11 12:30:00-05:00,169.2100067138672,169.35000610351562,168.28500366210938,169.35000610351562,16718,0.0,0.0
2023-01-11 13:30:00-05:00,169.32000732421875,170.08999633789062,169.32000732421875,169.5800018310547,30047,0.0,0.0
2023-01-11 14:30:00-05:00,169.6699981689453,170.6699981689453,169.60000610351562,170.6199951171875,22652,0.0,0.0
2023-01-11 15:30:00-05:00,170.7550048828125,171.7100067138672,170.47000122070312,171.3800048828125,51954,0.0,0.0
2023-01-12 09:30:00-05:00,173.42999267578125,173.42999267578125,168.22999572753906,170.85000610351562,55888,0.0,0.0
2023-01-12 10:30:00-05:00,170.77000427246094,171.8350067138672,170.13999938964844,171.25999450683594,27261,0.0,0.0
2023-01-12 11:30:00-05:00,171.4250030517578,172.36000061035156,171.25999450683594,171.77000427246094,20383,0.0,0.0
2023-01-12 12:30:00-05:00,171.7550048828125,172.93499755859375,171.44000244140625,171.5800018310547,19419,0.0,0.0
2023-01-12 13:30:00-05:00,171.83999633789062,173.02999877929688,171.63999938964844,172.8249969482422,15044,0.0,0.0
2023-01-12 14:30:00-05:00,172.97000122070312,173.0,171.8300018310547,172.1699981689453,24836,0.0,0.0
2023-01-12 15:30:00-05:00,172.23500061035156,173.4600067138672,171.7100067138672,173.4499969482422,65951,0.0,0.0
2023-01-13 09:30:00-05:00,170.17999267578125,172.218994140625,169.49000549316406,170.14999389648438,42645,0.0,0.0
2023-01-13 10:30:00-05:00,169.99000549316406,170.04989624023438,167.47000122070312,168.61000061035156,62454,0.0,0.0
2023-01-13 11:30:00-05:00,168.80380249023438,169.22999572753906,167.4600067138672,168.80999755859375,35696,0.0,0.0
2023-01-13 12:30:00-05:00,168.74000549316406,170.0,168.2100067138672,169.57000732421875,42736,0.0,0.0
2023-01-13 13:30:00-05:00,169.5980987548828,172.0399932861328,169.57000732421875,171.09500122070312,55137,0.0,0.0
2023-01-13 14:30:00-05:00,171.27999877929688,171.6999969482422,170.13999938964844,170.17999267578125,43814,0.0,0.0
2023-01-13 15:30:00-05:00,170.19000244140625,170.19000244140625,168.22000122070312,168.22999572753906,96320,0.0,0.0
2023-01-17 09:30:00-05:00,167.22000122070312,171.0800018310547,167.22000122070312,169.57000732421875,30573,0.0,0.0
2023-01-17 10:30:00-05:00,169.61000061035156,169.83999633789062,168.63999938964844,169.0,35145,0.0,0.0
2023-01-17 11:30:00-05:00,169.19000244140625,169.7050018310547,168.63999938964844,168.82000732421875,34341,0.0,0.0
2023-01-17 12:30:00-05:00,168.77499389648438,170.4149932861328,168.69000244140625,170.4149932861328,55037,0.0,0.0
2023-01-17 13:30:00-05:00,170.52999877929688,171.4250030517578,170.14500427246094,170.47999572753906,85479,0.0,0.0
2023-01-17 14:30:00-05:00,170.5800018310547,171.9550018310547,169.86000061035156,171.44000244140625,78426,0.0,0.0
2023-01-17 15:30:00-05:00,171.60000610351562,172.36000061035156,170.99000549316406,172.35000610351562,73943,0.0,0.0
2023-01-18 09:30:00-05:00,173.5399932861328,175.3800048828125,173.11000061035156,174.40499877929688,16542,0.0,0.0
2023-01-18 10:30:00-05:00,174.47999572753906,174.67999267578125,168.32000732421875,168.5399932861328,36616,0.0,0.0
2023-01-18 11:30:00-05:00,168.47999572753906,168.82000732421875,167.78500366210938,168.22999572753906,23477,0.0,0.0
2023-01-18 12:30:00-05:00,167.89999389648438,168.27000427246094,166.48150634765625,166.83999633789062,30092,0.0,0.0
2023-01-18 13:30:00-05:00,166.92999267578125,168.17999267578125,166.72000122070312,167.3300018310547,28968,0.0,0.0
2023-01-18 14:30:00-05:00,167.1999969482422,167.23500061035156,166.25,166.35000610351562,25679,0.0,0.0
2023-01-18 15:30:00-05:00,166.27999877929688,166.27999877929688,164.91000366210938,164.9550018310547,65710,0.0,0.0
2023-01-19 09:30:00-05:00,162.77000427246094,165.0,160.60000610351562,161.10000610351562,90234,0.0,0.0
2023-01-19 10:30:00-05:00,160.75999450683594,160.75999450683594,158.05999755859375,159.14999389648438,59791,0.0,0.0
2023-01-19 11:30:00-05:00,159.0399932861328,159.8699951171875,158.92999267578125,159.1199951171875,46054,0.0,0.0
2023-01-19 12:30:00-05:00,159.02999877929688,159.02999877929688,156.91000366210938,157.94000244140625,61693,0.0,0.0
2023-01-19 13:30:00-05:00,158.09500122070312,158.3699951171875,156.5,157.0800018310547,80168,0.0,0.0
2023-01-19 14:30:00-05:00,157.0500030517578,157.44000244140625,156.3000030517578,157.00999450683594,99490,0.0,0.0
2023-01-19 15:30:00-05:00,156.9949951171875,157.2100067138672,156.05999755859375,156.2100067138672,118959,0.0,0.0
2023-01-20 09:30:00-05:00,156.74000549316406,156.74000549316406,154.52999877929688,155.5399932861328,116602,0.0,0.0
2023-01-20 10:30:00-05:00,155.4550018310547,156.5,155.00999450683594,156.24000549316406,160049,0.0,0.0
2023-01-20 11:30:00-05:00,156.35499572753906,156.67999267578125,154.39999389648438,154.67999267578125,130594,0.0,0.0
2023-01-20 12:30:00-05:00,154.68499755859375,156.75999450683594,154.56500244140625,156.75999450683594,116460,0.0,0.0
2023-01-20 13:30:00-05:00,156.8350067138672,160.1699981689453,156.8350067138672,159.5500030517578,87923,0.0,0.0
2023-01-20 14:30:00-05:00,159.56500244140625,162.66000366210938,159.47000122070312,161.66000366210938,131160,0.0,0.0
2023-01-20 15:30:00-05:00,161.80999755859375,164.4600067138672,161.69000244140625,164.0500030517578,135836,0.0,0.0
2023-01-23 09:30:00-05:00,164.35000610351562,165.08580017089844,162.42999267578125,164.25,23536,0.0,0.0
2023-01-23 10:30:00-05:00,164.60000610351562,165.27999877929688,163.34640502929688,164.94000244140625,63101,0.0,0.0
2023-01-23 11:30:00-05:00,165.35000610351562,168.76499938964844,165.35000610351562,167.75999450683594,27827,0.0,0.0
2023-01-23 12:30:00-05:00,167.75,168.39999389648438,166.72999572753906,168.0399932861328,26389,0.0,0.0
2023-01-23 13:30:00-05:00,168.33999633789062,169.94500732421875,167.91000366210938,169.91000366210938,41012,0.0,0.0
2023-01-23 14:30:00-05:00,169.9199981689453,170.1300048828125,168.0500030517578,170.1300048828125,56142,0.0,0.0
2023-01-23 15:30:00-05:00,170.08999633789062,170.8800048828125,169.99000549316406,170.27000427246094,81633,0.0,0.0
2023-01-24 09:30:00-05:00,168.88999938964844,169.57000732421875,166.1300048828125,166.875,23201,0.0,0.0
2023-01-24 10:30:00-05:00,167.17999267578125,167.92999267578125,166.52999877929688,167.55499267578125,7455,0.0,0.0
2023-01-24 11:30:00-05:00,168.00999450683594,168.1699981689453,166.0,166.02499389648438,11894,0.0,0.0
2023-01-24 12:30:00-05:00,165.69000244140625,165.72999572753906,164.6300048828125,165.02999877929688,19746,0.0,0.0
2023-01-24 13:30:00-05:00,165.1999969482422,166.1699981689453,164.9600067138672,165.57000732421875,10780,0.0,0.0
2023-01-24 14:30:00-05:00,165.30999755859375,165.6699981689453,164.1300048828125,164.27000427246094,14532,0.0,0.0
2023-01-24 15:30:00-05:00,164.50999450683594,164.50999450683594,162.3300018310547,163.4199981689453,49110,0.0,0.0
2023-01-25 09:30:00-05:00,159.57000732421875,160.50999450683594,154.3800048828125,155.25,45144,0.0,0.0
2023-01-25 10:30:00-05:00,155.25,155.25,153.2100067138672,153.5,83247,0.0,0.0
2023-01-25 11:30:00-05:00,153.5998992919922,154.52999877929688,151.6300048828125,152.0449981689453,85517,0.0,0.0
2023-01-25 12:30:00-05:00,152.05999755859375,153.99000549316406,151.91000366210938,153.54010009765625,69035,0.0,0.0
2023-01-25 13:30:00-05:00,153.77000427246094,158.0,153.75,156.5500030517578,129225,0.0,0.0
2023-01-25 14:30:00-05:00,156.61500549316406,157.39999389648438,155.0399932861328,156.3300018310547,60157,0.0,0.0
2023-01-25 15:30:00-05:00,156.40499877929688,156.61000061035156,155.5,156.5,163448,0.0,0.0
2023-01-26 09:30:00-05:00,159.67999267578125,161.89999389648438,158.25,160.0800018310547,48434,0.0,0.0
2023-01-26 10:30:00-05:00,159.80999755859375,160.82000732421875,158.0,158.74000549316406,26723,0.0,0.0
2023-01-26 11:30:00-05:00,158.72000122070312,159.42999267578125,158.11000061035156,158.2949981689453,32218,0.0,0.0
2023-01-26 12:30:00-05:00,158.24569702148438,158.50999450683594,157.00999450683594,157.72500610351562,24488,0.0,0.0
2023-01-26 13:30:00-05:00,157.9949951171875,159.11000061035156,157.5500030517578,159.0,29164,0.0,0.0
2023-01-26 14:30:00-05:00,158.89999389648438,159.61500549316406,158.552001953125,159.61000061035156,42395,0.0,0.0
2023-01-26 15:30:00-05:00,159.61500549316406,161.02000427246094,159.61500549316406,160.92999267578125,133392,0.0,0.0
2023-01-27 09:30:00-05:00,158.47999572753906,161.97999572753906,157.52000427246094,160.38499450683594,109170,0.0,0.0
2023-01-27 10:30:00-05:00,160.66000366210938,161.5,158.2100067138672,159.72000122070312,26187,0.0,0.0
2023-01-27 11:30:00-05:00,159.57000732421875,161.7100067138672,159.57000732421875,161.7100067138672,26534,0.0,0.0
2023-01-27 12:30:00-05:00,161.72000122070312,162.02499389648438,160.42999267578125,161.0,21254,0.0,0.0
2023-01-27 13:30:00-05:00,161.0050048828125,163.41000366210938,160.7899932861328,162.47999572753906,52993,0.0,0.0
2023-01-27 14:30:00-05:00,162.5399932861328,164.60000610351562,162.5399932861328,164.30999755859375,179355,0.0,0.0
2023-01-27 15:30:00-05:00,164.28500366210938,164.5500030517578,163.22999572753906,163.92999267578125,78992,0.0,0.0
2023-01-30 09:30:00-05:00,160.1999969482422,162.9199981689453,157.89999389648438,158.1199951171875,81544,0.0,0.0
2023-01-30 10:30:00-05:00,157.80999755859375,159.97999572753906,157.3000030517578,159.8800048828125,110439,0.0,0.0
2023-01-30 11:30:00-05:00,159.90499877929688,162.0800018310547,159.0500030517578,162.07000732421875,42222,0.0,0.0
2023-01-30 12:30:00-05:00,162.07000732421875,162.07000732421875,159.1300048828125,159.30499267578125,32041,0.0,0.0
2023-01-30 13:30:00-05:00,159.08999633789062,160.35000610351562,158.91000366210938,160.1649932861328,48412,0.0,0.0
2023-01-30 14:30:00-05:00,160.02999877929688,161.47000122070312,159.83999633789062,160.90499877929688,56602,0.0,0.0
2023-01-30 15:30:00-05:00,160.86000061035156,161.9499969482422,160.24000549316406,160.24000549316406,93010,0.0,0.0
2023-01-31 09:30:00-05:00,160.52999877929688,161.7100067138672,157.60000610351562,159.44000244140625,0,0.0,0.0
2023-01-31 10:30:00-05:00,159.44000244140625,160.42999267578125,157.86000061035156,159.2100067138672,45780,0.0,0.0
2023-01-31 11:30:00-05:00,159.10000610351562,160.52999877929688,158.10000610351562,158.36000061035156,27041,0.0,0.0
2023-01-31 12:30:00-05:00,158.32000732421875,159.75999450683594,158.27000427246094,159.52999877929688,25315,0.0,0.0
2023-01-31 13:30:00-05:00,159.5399932861328,160.55999755859375,158.97999572753906,159.50999450683594,69674,0.0,0.0
2023-01-31 14:30:00-05:00,159.64500427246094,161.05499267578125,159.50999450683594,160.49000549316406,35195,0.0,0.0
2023-01-31 15:30:00-05:00,160.4550018310547,162.27999877929688,160.1699981689453,162.1699981689453,70195,0.0,0.0
2023-02-01 09:30:00-05:00,163.07000732421875,166.0399932861328,161.8800048828125,165.27999877929688,45134,0.0,0.0
2023-02-01 10:30:00-05:00,165.34800720214844,165.34800720214844,159.2899932861328,159.69500732421875,45822,0.0,0.0
2023-02-01 11:30:00-05:00,159.9600067138672,160.2899932861328,157.72000122070312,157.7949981689453,55738,0.0,0.0
2023-02-01 12:30:00-05:00,157.80999755859375,159.0850067138672,157.64999389648438,158.3800048828125,67004,0.0,0.0
2023-02-01 13:30:00-05:00,158.3699951171875,160.0,157.38999938964844,159.72999572753906,55239,0.0,0.0
2023-02-01 14:30:00-05:00,159.7899932861328,166.83999633789062,158.36000061035156,166.02999877929688,78165,0.0,0.0
2023-02-01 15:30:00-05:00,166.1999969482422,166.99899291992188,165.5800018310547,166.77000427246094,61293,0.0,0.0
2023-02-02 09:30:00-05:00,172.3800048828125,177.0384979248047,172.3800048828125,175.4949951171875,47162,0.0,0.0
2023-02-02 10:30:00-05:00,175.4499969482422,178.35000610351562,175.4499969482422,177.66000366210938,74118,0.0,0.0
2023-02-02 11:30:00-05:00,177.60499572753906,178.55999755859375,176.9600067138672,177.77999877929688,93523,0.0,0.0
2023-02-02 12:30:00-05:00,177.25,178.1199951171875,176.7899932861328,177.8699951171875,68987,0.0,0.0
2023-02-02 13:30:00-05:00,177.77999877929688,178.7899932861328,177.44000244140625,177.72999572753906,62908,0.0,0.0
2023-02-02 14:30:00-05:00,177.60000610351562,177.97000122070312,175.64999389648438,177.67999267578125,168945,0.0,0.0
2023-02-02 15:30:00-05:00,177.77999877929688,179.89999389648438,177.77999877929688,178.19000244140625,140306,0.0,0.0
2023-02-03 09:30:00-05:00,171.89999389648438,176.3800048828125,170.99000549316406,175.6999969482422,104010,0.0,0.0
2023-02-03 10:30:00-05:00,175.6999969482422,178.5,175.6999969482422,178.1750030517578,64053,0.0,0.0
2023-02-03 11:30:00-05:00,178.19500732421875,179.3000030517578,176.72999572753906,179.0399932861328,87390,0.0,0.0
2023-02-03 12:30:00-05:00,179.07000732421875,179.08999633789062,173.81500244140625,173.98500061035156,103188,0.0,0.0
2023-02-03 13:30:00-05:00,173.80999755859375,173.80999755859375,171.1199951171875,171.25999450683594,31803,0.0,0.0
2023-02-03 14:30:00-05:00,171.16000366210938,171.4644012451172,169.4600067138672,169.80999755859375,23840,0.0,0.0
2023-02-03 15:30:00-05:00,169.75999450683594,170.3300018310547,169.25,169.8699951171875,52047,0.0,0.0
2023-02-06 09:30:00-05:00,167.1300048828125,171.52000427246094,166.83999633789062,169.80499267578125,48479,0.0,0.0
2023-02-06 10:30:00-05:00,169.66000366210938,170.42999267578125,168.75,170.37759399414062,47394,0.0,0.0
2023-02-06 11:30:00-05:00,170.2100067138672,170.3000030517578,169.2449951171875,169.32000732421875,28390,0.0,0.0
2023-02-06 12:30:00-05:00,169.25999450683594,169.3800048828125,167.4199981689453,167.49000549316406,20568,0.0,0.0
2023-02-06 13:30:00-05:00,167.4600067138672,169.3249969482422,167.4600067138672,169.25,39141,0.0,0.0
2023-02-06 14:30:00-05:00,169.19000244140625,170.13999938964844,168.36500549316406,168.6199951171875,57626,0.0,0.0
2023-02-06 15:30:00-05:00,168.50999450683594,170.13999938964844,168.47500610351562,170.0,87473,0.0,0.0
2023-02-07 09:30:00-05:00,169.1199951171875,171.0399932861328,165.82000732421875,167.1199951171875,41073,0.0,0.0
2023-02-07 10:30:00-05:00,167.1300048828125,168.9842987060547,166.72000122070312,168.67999267578125,39333,0.0,0.0
2023-02-07 11:30:00-05:00,168.4600067138672,170.2899932861328,168.4600067138672,169.9250030517578,30121,0.0,0.0
2023-02-07 12:30:00-05:00,169.93499755859375,174.5500030517578,169.84500122070312,172.34500122070312,59567,0.0,0.0
2023-02-07 13:30:00-05:00,172.0,173.6699981689453,170.42999267578125,173.08999633789062,44349,0.0,0.0
2023-02-07 14:30:00-05:00,173.11000061035156,174.77000427246094,173.11000061035156,174.77000427246094,62398,0.0,0.0
2023-02-07 15:30:00-05:00,174.49000549316406,175.05999755859375,173.9600067138672,174.10499572753906,64367,0.0,0.0
2023-02-08 09:30:00-05:00,174.07000732421875,176.27999877929688,173.61000061035156,173.61000061035156,18173,0.0,0.0
2023-02-08 10:30:00-05:00,173.11000061035156,173.7519989013672,171.97000122070312,172.0,17595,0.0,0.0
2023-02-08 11:30:00-05:00,171.5399932861328,172.13999938964844,171.08999633789062,171.6999969482422,10270,0.0,0.0
2023-02-08 12:30:00-05:00,171.80999755859375,171.80999755859375,169.97000122070312,170.0,28381,0.0,0.0
2023-02-08 13:30:00-05:00,170.52000427246094,170.67999267578125,169.8699951171875,170.32000732421875,24558,0.0,0.0
2023-02-08 14:30:00-05:00,170.27999877929688,170.32000732421875,168.22000122070312,169.28500366210938,64341,0.0,0.0
2023-02-08 15:30:00-05:00,169.24000549316406,169.49000549316406,166.7899932861328,167.6199951171875,173124,0.0,0.0
2023-02-09 09:30:00-05:00,170.50999450683594,173.48989868164062,167.91000366210938,170.16000366210938,92229,0.0,0.0
2023-02-09 10:30:00-05:00,169.8699951171875,170.22999572753906,168.14999389648438,168.3000030517578,38418,0.0,0.0
2023-02-09 11:30:00-05:00,168.44000244140625,168.7100067138672,167.31500244140625,168.63499450683594,44423,0.0,0.0
2023-02-09 12:30:00-05:00,168.60000610351562,168.89999389648438,167.41000366210938,167.9600067138672,24979,0.0,0.0
2023-02-09 13:30:00-05:00,167.99000549316406,168.57000732421875,166.77000427246094,166.77000427246094,28128,0.0,0.0
2023-02-09 14:30:00-05:00,166.7899932861328,167.7899932861328,165.32000732421875,165.32000732421875,32647,0.0,0.0
2023-02-09 15:30:00-05:00,165.3527069091797,166.00999450683594,164.97000122070312,165.49000549316406,63311,0.0,0.0
2023-02-10 09:30:00-05:00,162.66000366210938,165.3000030517578,160.60000610351562,163.75,63903,0.0,0.0
2023-02-10 10:30:00-05:00,163.91000366210938,164.2449951171875,162.10000610351562,162.10000610351562,42677,0.0,0.0
2023-02-10 11:30:00-05:00,162.00999450683594,162.09500122070312,160.89999389648438,161.00999450683594,26912,0.0,0.0
2023-02-10 12:30:00-05:00,161.10000610351562,162.57000732421875,161.0,162.03500366210938,25245,0.0,0.0
2023-02-10 13:30:00-05:00,161.9600067138672,162.00999450683594,161.2899932861328,161.38999938964844,19517,0.0,0.0
2023-02-10 14:30:00-05:00,161.47500610351562,161.91000366210938,161.10000610351562,161.49000549316406,37699,0.0,0.0
2023-02-10 15:30:00-05:00,161.5500030517578,162.4199981689453,161.41000366210938,161.97000122070312,102848,0.0,0.0
2023-02-13 09:30:00-05:00,163.35000610351562,163.6199951171875,161.07000732421875,162.4199981689453,25705,0.0,0.0
2023-02-13 10:30:00-05:00,162.5500030517578,165.7899932861328,162.5500030517578,165.54249572753906,78324,0.0,0.0
2023-02-13 11:30:00-05:00,165.75,166.47999572753906,165.22000122070312,166.1699981689453,34369,0.0,0.0
2023-02-13 12:30:00-05:00,166.1750030517578,167.24000549316406,165.8000030517578,166.92999267578125,43943,0.0,0.0
2023-02-13 13:30:00-05:00,167.0,167.0,166.3300018310547,166.3300018310547,32897,0.0,0.0
2023-02-13 14:30:00-05:00,166.08999633789062,166.1699981689453,164.57000732421875,164.86000061035156,28622,0.0,0.0
2023-02-13 15:30:00-05:00,164.9600067138672,166.5500030517578,164.88999938964844,166.5500030517578,111123,0.0,0.0
2023-02-14 09:30:00-05:00,163.99000549316406,167.80999755859375,161.7100067138672,167.0,117490,0.0,0.0
2023-02-14 10:30:00-05:00,166.92999267578125,166.92999267578125,162.7949981689453,163.7100067138672,47264,0.0,0.0
2023-02-14 11:30:00-05:00,163.67999267578125,163.67999267578125,161.0500030517578,161.0500030517578,46700,0.0,0.0
2023-02-14 12:30:00-05:00,161.1199951171875,163.77000427246094,160.39999389648438,162.9199981689453,69368,0.0,0.0
2023-02-14 13:30:00-05:00,163.01499938964844,164.02000427246094,162.64999389648438,163.25250244140625,38569,0.0,0.0
2023-02-14 14:30:00-05:00,163.41000366210938,163.9949951171875,162.99000549316406,163.30999755859375,38743,0.0,0.0
2023-02-14 15:30:00-05:00,163.11000061035156,163.22000122070312,160.54249572753906,160.7899932861328,135811,0.0,0.0
2023-02-15 09:30:00-05:00,160.0,161.1699981689453,159.41000366210938,160.22999572753906,84859,0.0,0.0
2023-02-15 10:30:00-05:00,160.1199951171875,164.94000244140625,160.0399932861328,164.82000732421875,82827,0.0,0.0
2023-02-15 11:30:00-05:00,164.89999389648438,166.22000122070312,164.8699951171875,165.31500244140625,55995,0.0,0.0
2023-02-15 12:30:00-05:00,165.31500244140625,166.35000610351562,165.2100067138672,166.35000610351562,79602,0.0,0.0
2023-02-15 13:30:00-05:00,166.27000427246094,166.33900451660156,164.85000610351562,165.8800048828125,134443,0.0,0.0
2023-02-15 14:30:00-05:00,165.75999450683594,166.0500030517578,164.8249969482422,165.22999572753906,62844,0.0,0.0
2023-02-15 15:30:00-05:00,165.2449951171875,165.9600067138672,164.69000244140625,165.94000244140625,111328,0.0,0.0
2023-02-16 09:30:00-05:00,160.3000030517578,164.75,159.6999969482422,164.47999572753906,53283,0.0,0.0
2023-02-16 10:30:00-05:00,164.48500061035156,167.6699981689453,164.48500061035156,167.6699981689453,102338,0.0,0.0
2023-02-16 11:30:00-05:00,168.10000610351562,168.38999938964844,165.0800018310547,165.9600067138672,106188,0.0,0.0
2023-02-16 12:30:00-05:00,165.83999633789062,166.55999755859375,165.49000549316406,165.5399932861328,50275,0.0,0.0
2023-02-16 13:30:00-05:00,165.49000549316406,165.72000122070312,163.16000366210938,163.16000366210938,66035,0.0,0.0
2023-02-16 14:30:00-05:00,163.27000427246094,163.39999389648438,161.02999877929688,161.13499450683594,122599,0.0,0.0
2023-02-16 15:30:00-05:00,161.1199951171875,162.81500244140625,160.77999877929688,162.0,143192,0.0,0.0
2023-02-17 09:30:00-05:00,165.10000610351562,168.02000427246094,162.0,165.5449981689453,151548,0.0,0.0
2023-02-17 10:30:00-05:00,165.67999267578125,167.3300018310547,165.5500030517578,167.1300048828125,150873,0.0,0.0
2023-02-17 11:30:00-05:00,167.1750030517578,169.5489959716797,166.02999877929688,168.47999572753906,113927,0.0,0.0
2023-02-17 12:30:00-05:00,168.4949951171875,170.9499969482422,168.0,169.7899932861328,92236,0.0,0.0
2023-02-17 13:30:00-05:00,169.57000732421875,171.72999572753906,169.27999877929688,171.61000061035156,77338,0.0,0.0
2023-02-17 14:30:00-05:00,171.6199951171875,173.39999389648438,171.42999267578125,172.1300048828125,94593,0.0,0.0
2023-02-17 15:30:00-05:00,172.13999938964844,173.4199981689453,171.25,173.36000061035156,179976,0.0,0.0
2023-02-21 09:30:00-05:00,166.75999450683594,172.55999755859375,165.61000061035156,166.25,69758,0.0,0.0
2023-02-21 10:30:00-05:00,166.35000610351562,166.35000610351562,162.50999450683594,163.2100067138672,49927,0.0,0.0
2023-02-21 11:30:00-05:00,163.36160278320312,166.0500030517578,162.84500122070312,165.5850067138672,87843,0.0,0.0
2023-02-21 12:30:00-05:00,165.6750030517578,167.2050018310547,165.6750030517578,166.41000366210938,64462,0.0,0.0
2023-02-21 13:30:00-05:00,166.41000366210938,167.08999633789062,166.0,167.07000732421875,45943,0.0,0.0
2023-02-21 14:30:00-05:00,167.17999267578125,167.97000122070312,165.85000610351562,166.28500366210938,53428,0.0,0.0
2023-02-21 15:30:00-05:00,166.33999633789062,166.9199981689453,165.74000549316406,166.66000366210938,148106,0.0,0.0
2023-02-22 09:30:00-05:00,167.6300048828125,167.6300048828125,163.2100067138672,164.33999633789062,47544,0.0,0.0
2023-02-22 10:30:00-05:00,164.24000549316406,166.02000427246094,164.16000366210938,164.52999877929688,31444,0.0,0.0
2023-02-22 11:30:00-05:00,164.68499755859375,165.44000244140625,164.44000244140625,164.77000427246094,24876,0.0,0.0
2023-02-22 12:30:00-05:00,164.77000427246094,165.97999572753906,164.41000366210938,165.9199981689453,36899,0.0,0.0
2023-02-22 13:30:00-05:00,165.97999572753906,166.92999267578125,164.86000061035156,165.22000122070312,36787,0.0,0.0
2023-02-22 14:30:00-05:00,165.17999267578125,165.8000030517578,163.97000122070312,165.02000427246094,66084,0.0,0.0
2023-02-22 15:30:00-05:00,164.88999938964844,166.30999755859375,164.88999938964844,165.75,95714,0.0,0.0
2023-02-23 09:30:00-05:00,169.1999969482422,170.31500244140625,167.2050018310547,168.1654052734375,37124,0.0,0.0
2023-02-23 10:30:00-05:00,167.9199981689453,168.01499938964844,165.77499389648438,166.11000061035156,49311,0.0,0.0
2023-02-23 11:30:00-05:00,166.1699981689453,166.58999633789062,165.4199981689453,166.17999267578125,58840,0.0,0.0
2023-02-23 12:30:00-05:00,166.125,167.82000732421875,166.125,167.4499969482422,31143,0.0,0.0
2023-02-23 13:30:00-05:00,167.33999633789062,169.25,167.33999633789062,169.0850067138672,31826,0.0,0.0
2023-02-23 14:30:00-05:00,169.14999389648438,169.52999877929688,168.6199951171875,169.39500427246094,29735,0.0,0.0
2023-02-23 15:30:00-05:00,169.4250030517578,170.07000732421875,168.64999389648438,169.5,76814,0.0,0.0
2023-02-24 09:30:00-05:00,165.75999450683594,166.0,163.00999450683594,164.55999755859375,49011,0.0,0.0
2023-02-24 10:30:00-05:00,164.5399932861328,165.27999877929688,163.77000427246094,165.13999938964844,67631,0.0,0.0
2023-02-24 11:30:00-05:00,165.05999755859375,165.34500122070312,163.5050048828125,164.0800018310547,39948,0.0,0.0
2023-02-24 12:30:00-05:00,164.0500030517578,165.00999450683594,163.97000122070312,164.5,54229,0.0,0.0
2023-02-24 13:30:00-05:00,164.57000732421875,164.75999450683594,163.10000610351562,163.47000122070312,66944,0.0,0.0
2023-02-24 14:30:00-05:00,163.38999938964844,164.57000732421875,163.10000610351562,163.5449981689453,38703,0.0,0.0
2023-02-24 15:30:00-05:00,163.44000244140625,163.5,162.38999938964844,163.02999877929688,84526,0.0,0.0
2023-02-27 09:30:00-05:00,164.77000427246094,169.27999877929688,164.47999572753906,167.13499450683594,25042,0.0,0.0
2023-02-27 10:30:00-05:00,166.80499267578125,167.3800048828125,165.7100067138672,167.3249969482422,17273,0.0,0.0
2023-02-27 11:30:00-05:00,167.47000122070312,168.17999267578125,167.10350036621094,167.94000244140625,20772,0.0,0.0
2023-02-27 12:30:00-05:00,168.4199981689453,168.52000427246094,167.92999267578125,168.47999572753906,14966,0.0,0.0
2023-02-27 13:30:00-05:00,168.3300018310547,168.8300018310547,167.89999389648438,168.06500244140625,15236,0.0,0.0
2023-02-27 14:30:00-05:00,168.22999572753906,168.69000244140625,167.5,167.5,32461,0.0,0.0
2023-02-27 15:30:00-05:00,167.61000061035156,167.64999389648438,165.60000610351562,166.3300018310547,50550,0.0,0.0
2023-02-28 09:30:00-05:00,165.0,167.75,165.0,166.14500427246094,19852,0.0,0.0
2023-02-28 10:30:00-05:00,166.1300048828125,167.38499450683594,165.61000061035156,167.38499450683594,17234,0.0,0.0
2023-02-28 11:30:00-05:00,167.3699951171875,167.3699951171875,166.0500030517578,166.52999877929688,18607,0.0,0.0
2023-02-28 12:30:00-05:00,166.35000610351562,166.35000610351562,165.49000549316406,166.02000427246094,11415,0.0,0.0
2023-02-28 13:30:00-05:00,166.18809509277344,166.7100067138672,165.72999572753906,165.72999572753906,9541,0.0,0.0
2023-02-28 14:30:00-05:00,165.74000549316406,166.0,164.9949951171875,165.02999877929688,38820,0.0,0.0
2023-02-28 15:30:00-05:00,164.9600067138672,165.8000030517578,164.8000030517578,165.0399932861328,48869,0.0,0.0
2023-03-01 09:30:00-05:00,164.52999877929688,165.5800018310547,163.3300018310547,163.82000732421875,30433,0.0,0.0
2023-03-01 10:30:00-05:00,163.81500244140625,164.9949951171875,163.44000244140625,164.0800018310547,27563,0.0,0.0
2023-03-01 11:30:00-05:00,164.24000549316406,164.88999938964844,163.99000549316406,164.55999755859375,17955,0.0,0.0
2023-03-01 12:30:00-05:00,164.47000122070312,165.49000549316406,164.23680114746094,165.0449981689453,23651,0.0,0.0
2023-03-01 13:30:00-05:00,165.0449981689453,165.74000549316406,164.88999938964844,165.36000061035156,54316,0.0,0.0
2023-03-01 14:30:00-05:00,165.30999755859375,165.39500427246094,164.72000122070312,164.9499969482422,42250,0.0,0.0
2023-03-01 15:30:00-05:00,164.89999389648438,166.47000122070312,164.89999389648438,166.4199981689453,75935,0.0,0.0
2023-03-02 09:30:00-05:00,165.8000030517578,168.41000366210938,165.0,167.47999572753906,33176,0.0,0.0
2023-03-02 10:30:00-05:00,167.0399932861328,167.2949981689453,165.39999389648438,166.33999633789062,28078,0.0,0.0
2023-03-02 11:30:00-05:00,166.14999389648438,166.52000427246094,165.8800048828125,166.3300018310547,14661,0.0,0.0
2023-03-02 12:30:00-05:00,166.36000061035156,166.91000366210938,166.36000061035156,166.75999450683594,15136,0.0,0.0
2023-03-02 13:30:00-05:00,166.6300048828125,169.05999755859375,166.6300048828125,169.05999755859375,25180,0.0,0.0
2023-03-02 14:30:00-05:00,169.27000427246094,169.52000427246094,167.69000244140625,167.72000122070312,28742,0.0,0.0
2023-03-02 15:30:00-05:00,167.8800048828125,168.09500122070312,166.8800048828125,167.4499969482422,75695,0.0,0.0
2023-03-03 09:30:00-05:00,168.42999267578125,170.99000549316406,168.42999267578125,170.1999969482422,17135,0.0,0.0
2023-03-03 10:30:00-05:00,170.0500030517578,171.75999450683594,169.94000244140625,171.66000366210938,21547,0.0,0.0
2023-03-03 11:30:00-05:00,171.7100067138672,173.0,171.7050018310547,172.8000030517578,24484,0.0,0.0
2023-03-03 12:30:00-05:00,172.86000061035156,172.86000061035156,171.9600067138672,172.6199951171875,9232,0.0,0.0
2023-03-03 13:30:00-05:00,172.50999450683594,173.11000061035156,172.34750366210938,172.86000061035156,11161,0.0,0.0
2023-03-03 14:30:00-05:00,172.83999633789062,173.07000732421875,172.5399932861328,172.63999938964844,19111,0.0,0.0
2023-03-03 15:30:00-05:00,172.56500244140625,172.6699981689453,171.50999450683594,171.7100067138672,50272,0.0,0.0
2023-03-06 09:30:00-05:00,172.63999938964844,174.94500732421875,171.0,174.94500732421875,20920,0.0,0.0
2023-03-06 10:30:00-05:00,174.94500732421875,175.77999877929688,174.75999450683594,174.75999450683594,22988,0.0,0.0
2023-03-06 11:30:00-05:00,174.875,175.14999389648438,174.22999572753906,174.24000549316406,20988,0.0,0.0
2023-03-06 12:30:00-05:00,174.1699981689453,174.36000061035156,172.50999450683594,173.3699951171875,18374,0.0,0.0
2023-03-06 13:30:00-05:00,173.28500366210938,173.8699951171875,172.47999572753906,173.8699951171875,25594,0.0,0.0
2023-03-06 14:30:00-05:00,173.74000549316406,174.24000549316406,173.30999755859375,173.60000610351562,33413,0.0,0.0
2023-03-06 15:30:00-05:00,173.6699981689453,174.4600067138672,172.89999389648438,172.9499969482422,85708,0.0,0.0
2023-03-07 09:30:00-05:00,172.4199981689453,173.67999267578125,169.85000610351562,171.0,92414,0.0,0.0
2023-03-07 10:30:00-05:00,170.80250549316406,171.38999938964844,168.66000366210938,168.7100067138672,70085,0.0,0.0
2023-03-07 11:30:00-05:00,168.83999633789062,169.80999755859375,168.7100067138672,169.2550048828125,24276,0.0,0.0
2023-03-07 12:30:00-05:00,169.22000122070312,169.6300048828125,168.39999389648438,168.39999389648438,26615,0.0,0.0
2023-03-07 13:30:00-05:00,168.58999633789062,168.9600067138672,167.32000732421875,167.75999450683594,39584,0.0,0.0
2023-03-07 14:30:00-05:00,167.8699951171875,167.9499969482422,166.97999572753906,167.17999267578125,28026,0.0,0.0
2023-03-07 15:30:00-05:00,167.19000244140625,168.5800018310547,166.97999572753906,168.57000732421875,79896,0.0,0.0
2023-03-08 09:30:00-05:00,168.5800018310547,168.9250030517578,166.17999267578125,167.9250030517578,30401,0.0,0.0
2023-03-08 10:30:00-05:00,167.83999633789062,168.97999572753906,167.74000549316406,168.47999572753906,43318,0.0,0.0
2023-03-08 11:30:00-05:00,168.32000732421875,169.3699951171875,167.85000610351562,167.9600067138672,8515,0.0,0.0
2023-03-08 12:30:00-05:00,167.77999877929688,168.27000427246094,167.63499450683594,167.63499450683594,8142,0.0,0.0
2023-03-08 13:30:00-05:00,167.7100067138672,168.27000427246094,167.3800048828125,167.83999633789062,10124,0.0,0.0
2023-03-08 14:30:00-05:00,167.6999969482422,168.25,167.6300048828125,168.25,31275,0.0,0.0
2023-03-08 15:30:00-05:00,168.31500244140625,169.33999633789062,168.24000549316406,169.2899932861328,29637,0.0,0.0
2023-03-09 09:30:00-05:00,169.1199951171875,170.44000244140625,167.67999267578125,169.66000366210938,40429,0.0,0.0
2023-03-09 10:30:00-05:00,169.66000366210938,169.67999267578125,168.22500610351562,168.3699951171875,38780,0.0,0.0
2023-03-09 11:30:00-05:00,168.41000366210938,168.63999938964844,168.25,168.5,16184,0.0,0.0
2023-03-09 12:30:00-05:00,168.47000122070312,168.52999877929688,166.38999938964844,166.38999938964844,13178,0.0,0.0
2023-03-09 13:30:00-05:00,166.25,166.47999572753906,164.4550018310547,164.94000244140625,28560,0.0,0.0
2023-03-09 14:30:00-05:00,164.75999450683594,165.38999938964844,162.94000244140625,162.94000244140625,31702,0.0,0.0
2023-03-09 15:30:00-05:00,162.9550018310547,163.00999450683594,161.60000610351562,162.25999450683594,74998,0.0,0.0
2023-03-10 09:30:00-05:00,160.25,161.60000610351562,154.1699981689453,155.35000610351562,75080,0.0,0.0
2023-03-10 10:30:00-05:00,155.72000122070312,158.07000732421875,155.72000122070312,158.07000732421875,49528,0.0,0.0
2023-03-10 11:30:00-05:00,158.10000610351562,158.39500427246094,154.82000732421875,155.1699981689453,28705,0.0,0.0
2023-03-10 12:30:00-05:00,154.92999267578125,155.1300048828125,153.44000244140625,153.6999969482422,45496,0.0,0.0
2023-03-10 13:30:00-05:00,153.69500732421875,154.3000030517578,152.42999267578125,153.58999633789062,109195,0.0,0.0
2023-03-10 14:30:00-05:00,153.6999969482422,155.2899932861328,153.52999877929688,154.0399932861328,95667,0.0,0.0
2023-03-10 15:30:00-05:00,154.19000244140625,154.27999877929688,153.1466064453125,153.47000122070312,39531,0.0,0.0
2023-03-13 09:30:00-04:00,151.5,152.82000732421875,145.4199981689453,151.55999755859375,148766,0.0,0.0
2023-03-13 10:30:00-04:00,152.1199951171875,157.0,151.8699951171875,156.72000122070312,71759,0.0,0.0
2023-03-13 11:30:00-04:00,157.0,157.14999389648438,155.71400451660156,155.71400451660156,36038,0.0,0.0
2023-03-13 12:30:00-04:00,154.5,156.36000061035156,154.0800018310547,154.90499877929688,23317,0.0,0.0
2023-03-13 13:30:00-04:00,154.86000061035156,156.5,154.3000030517578,156.25999450683594,22690,0.0,0.0
2023-03-13 14:30:00-04:00,156.52999877929688,156.52999877929688,154.2100067138672,154.55999755859375,21730,0.0,0.0
2023-03-13 15:30:00-04:00,154.5800018310547,155.19000244140625,154.0500030517578,154.52999877929688,73484,0.0,0.0
2023-03-14 09:30:00-04:00,159.6300048828125,161.8800048828125,157.9499969482422,159.36000061035156,99931,0.0,0.0
2023-03-14 10:30:00-04:00,159.8249969482422,160.11000061035156,158.6999969482422,160.11000061035156,19555,0.0,0.0
2023-03-14 11:30:00-04:00,160.0,160.01499938964844,158.8074951171875,158.8074951171875,11209,0.0,0.0
2023-03-14 12:30:00-04:00,158.8699951171875,159.8300018310547,156.75,157.4875030517578,168221,0.0,0.0
2023-03-14 13:30:00-04:00,157.86000061035156,158.26499938964844,156.97000122070312,157.3300018310547,16250,0.0,0.0
2023-03-14 14:30:00-04:00,157.47500610351562,157.69000244140625,156.69500732421875,157.22999572753906,32082,0.0,0.0
2023-03-14 15:30:00-04:00,157.2899932861328,158.9199981689453,157.2899932861328,158.89999389648438,37487,0.0,0.0
2023-03-15 09:30:00-04:00,156.5800018310547,157.83999633789062,155.36000061035156,156.10000610351562,28293,0.0,0.0
2023-03-15 10:30:00-04:00,156.2449951171875,156.2449951171875,151.30999755859375,153.625,68804,0.0,0.0
2023-03-15 11:30:00-04:00,153.72500610351562,154.3350067138672,152.77000427246094,153.05999755859375,26038,0.0,0.0
2023-03-15 12:30:00-04:00,153.11500549316406,153.8699951171875,152.23500061035156,153.72000122070312,34500,0.0,0.0
2023-03-15 13:30:00-04:00,153.60000610351562,154.05999755859375,152.25,153.4600067138672,34418,0.0,0.0
2023-03-15 14:30:00-04:00,153.5800018310547,154.58999633789062,153.08999633789062,153.9550018310547,42783,0.0,0.0
2023-03-15 15:30:00-04:00,153.91000366210938,154.17999267578125,153.1746063232422,153.67999267578125,37773,0.0,0.0
2023-03-16 09:30:00-04:00,153.41000366210938,153.41000366210938,150.97000122070312,151.8000030517578,37877,0.0,0.0
2023-03-16 10:30:00-04:00,151.72999572753906,153.42999267578125,151.05999755859375,152.42999267578125,95393,0.0,0.0
2023-03-16 11:30:00-04:00,152.5500030517578,153.05999755859375,151.72500610351562,151.8300018310547,66234,0.0,0.0
2023-03-16 12:30:00-04:00,152.00999450683594,152.8249969482422,151.19000244140625,151.8000030517578,68585,0.0,0.0
2023-03-16 13:30:00-04:00,151.6300048828125,152.82000732421875,151.19000244140625,152.47000122070312,38589,0.0,0.0
2023-03-16 14:30:00-04:00,152.49000549316406,152.83999633789062,151.27000427246094,151.5570068359375,77267,0.0,0.0
2023-03-16 15:30:00-04:00,151.3699951171875,152.1999969482422,150.85000610351562,152.0,126799,0.0,0.0
2023-03-17 09:30:00-04:00,152.5,152.5,149.05999755859375,149.64999389648438,55972,0.0,0.0
2023-03-17 10:30:00-04:00,149.75,149.77000427246094,145.55999755859375,146.16000366210938,60688,0.0,0.0
2023-03-17 11:30:00-04:00,146.35000610351562,146.7899932861328,145.33999633789062,145.64999389648438,62046,0.0,0.0
2023-03-17 12:30:00-04:00,145.6699981689453,148.22999572753906,144.7100067138672,147.9199981689453,122112,0.0,0.0
2023-03-17 13:30:00-04:00,147.9499969482422,148.19000244140625,146.36000061035156,146.3699951171875,63457,0.0,0.0
2023-03-17 14:30:00-04:00,146.3699951171875,148.14999389648438,146.1999969482422,147.85000610351562,47373,0.0,0.0
2023-03-17 15:30:00-04:00,147.7899932861328,148.5,147.25,148.5,96185,0.0,0.0
2023-03-20 09:30:00-04:00,148.0,149.47000122070312,147.96499633789062,149.26499938964844,59460,0.0,0.0
2023-03-20 10:30:00-04:00,149.22999572753906,149.47000122070312,148.60260009765625,149.09500122070312,32372,0.0,0.0
2023-03-20 11:30:00-04:00,148.8800048828125,149.1999969482422,147.4949951171875,148.30999755859375,21619,0.0,0.0
2023-03-20 12:30:00-04:00,148.3800048828125,149.5800018310547,148.33999633789062,149.06500244140625,47586,0.0,0.0
2023-03-20 13:30:00-04:00,149.02000427246094,149.36000061035156,148.8000030517578,149.1425018310547,34085,0.0,0.0
2023-03-20 14:30:00-04:00,149.14999389648438,149.3300018310547,148.1999969482422,149.02000427246094,31385,0.0,0.0
2023-03-20 15:30:00-04:00,148.96499633789062,149.6699981689453,148.94000244140625,148.9499969482422,64815,0.0,0.0
2023-03-21 09:30:00-04:00,150.9499969482422,152.80999755859375,150.9499969482422,151.32000732421875,27964,0.0,0.0
2023-03-21 10:30:00-04:00,151.55999755859375,152.22999572753906,151.14999389648438,151.92999267578125,35709,0.0,0.0
2023-03-21 11:30:00-04:00,152.0,152.74000549316406,151.60000610351562,152.46499633789062,62209,0.0,0.0
2023-03-21 12:30:00-04:00,152.5500030517578,154.6199951171875,152.5500030517578,154.22500610351562,71609,0.0,0.0
2023-03-21 13:30:00-04:00,154.27999877929688,154.5399932861328,153.3000030517578,153.3000030517578,29650,0.0,0.0
2023-03-21 14:30:00-04:00,153.3000030517578,153.5050048828125,152.72000122070312,153.02000427246094,126393,0.0,0.0
2023-03-21 15:30:00-04:00,153.0399932861328,153.77000427246094,152.63999938964844,153.4499969482422,136876,0.0,0.0
2023-03-22 09:30:00-04:00,153.32000732421875,153.32000732421875,150.94500732421875,152.91000366210938,61190,0.0,0.0
2023-03-22 10:30:00-04:00,153.0399932861328,153.67999267578125,152.25999450683594,153.67999267578125,28131,0.0,0.0
2023-03-22 11:30:00-04:00,153.6300048828125,153.92999267578125,153.14999389648438,153.8300018310547,52960,0.0,0.0
2023-03-22 12:30:00-04:00,153.72999572753906,155.5500030517578,153.6199951171875,155.2100067138672,42051,0.0,0.0
2023-03-22 13:30:00-04:00,155.27000427246094,156.05499267578125,154.52999877929688,155.10499572753906,71135,0.0,0.0
2023-03-22 14:30:00-04:00,154.9600067138672,155.84500122070312,151.99000549316406,152.39999389648438,108958,0.0,0.0
2023-03-22 15:30:00-04:00,152.60000610351562,152.60000610351562,148.80999755859375,148.82000732421875,60107,0.0,0.0
2023-03-23 09:30:00-04:00,151.33999633789062,155.35000610351562,151.1699981689453,155.35000610351562,55209,0.0,0.0
2023-03-23 10:30:00-04:00,155.5800018310547,157.9499969482422,155.31689453125,157.06289672851562,80711,0.0,0.0
2023-03-23 11:30:00-04:00,156.89500427246094,157.75999450683594,156.44000244140625,157.59500122070312,44807,0.0,0.0
2023-03-23 12:30:00-04:00,157.63499450683594,157.63499450683594,156.21499633789062,156.75,22922,0.0,0.0
2023-03-23 13:30:00-04:00,156.88499450683594,157.6699981689453,155.49000549316406,155.5,41326,0.0,0.0
2023-03-23 14:30:00-04:00,155.2899932861328,156.89999389648438,154.41000366210938,155.89999389648438,49410,0.0,0.0
2023-03-23 15:30:00-04:00,155.63999938964844,156.38999938964844,155.30999755859375,155.52000427246094,104537,0.0,0.0
2023-03-24 09:30:00-04:00,154.7899932861328,154.8300018310547,152.00999450683594,153.6199951171875,0,0.0,0.0
2023-03-24 10:30:00-04:00,153.85000610351562,153.85000610351562,151.52000427246094,151.9600067138672,20369,0.0,0.0
2023-03-24 11:30:00-04:00,152.0399932861328,153.52999877929688,151.63999938964844,151.98500061035156,90082,0.0,0.0
2023-03-24 12:30:00-04:00,152.4199981689453,153.82000732421875,152.27999877929688,153.52999877929688,40804,0.0,0.0
2023-03-24 13:30:00-04:00,153.5449981689453,154.66000366210938,153.19000244140625,154.14999389648438,56344,0.0,0.0
2023-03-24 14:30:00-04:00,154.3300018310547,154.8800048828125,153.57000732421875,154.47500610351562,78463,0.0,0.0
2023-03-24 15:30:00-04:00,154.5800018310547,155.17999267578125,154.14999389648438,154.9499969482422,76904,0.0,0.0
2023-03-27 09:30:00-04:00,156.38999938964844,157.0,154.50999450683594,154.6199951171875,25890,0.0,0.0
2023-03-27 10:30:00-04:00,154.49000549316406,155.89999389648438,154.42999267578125,154.72999572753906,25274,0.0,0.0
2023-03-27 11:30:00-04:00,154.75999450683594,155.46499633789062,154.36500549316406,155.1999969482422,40315,0.0,0.0
2023-03-27 12:30:00-04:00,155.17999267578125,156.66000366210938,155.01010131835938,156.23500061035156,60667,0.0,0.0
2023-03-27 13:30:00-04:00,156.19000244140625,157.6699981689453,155.8928985595703,157.64999389648438,48738,0.0,0.0
2023-03-27 14:30:00-04:00,157.72999572753906,158.16000366210938,157.50999450683594,157.87759399414062,24419,0.0,0.0
2023-03-27 15:30:00-04:00,157.89999389648438,158.07000732421875,156.97000122070312,156.99000549316406,93613,0.0,0.0
2023-03-28 09:30:00-04:00,156.77000427246094,157.64500427246094,155.22999572753906,156.4199981689453,70008,0.0,0.0
2023-03-28 10:30:00-04:00,156.6699981689453,156.99000549316406,156.30999755859375,156.7949981689453,24243,0.0,0.0
2023-03-28 11:30:00-04:00,156.7899932861328,156.90499877929688,156.3800048828125,156.3800048828125,31352,0.0,0.0
2023-03-28 12:30:00-04:00,156.08999633789062,156.8300018310547,155.9600067138672,156.78500366210938,31812,0.0,0.0
2023-03-28 13:30:00-04:00,156.8000030517578,156.80999755859375,155.4499969482422,156.77999877929688,31374,0.0,0.0
2023-03-28 14:30:00-04:00,156.63999938964844,156.8300018310547,156.3000030517578,156.5,41522,0.0,0.0
2023-03-28 15:30:00-04:00,156.5659942626953,156.9600067138672,156.16000366210938,156.17999267578125,61576,0.0,0.0
2023-03-29 09:30:00-04:00,157.8000030517578,157.97999572753906,156.47999572753906,156.47999572753906,63823,0.0,0.0
2023-03-29 10:30:00-04:00,156.77000427246094,157.35000610351562,156.1300048828125,157.35000610351562,69379,0.0,0.0
2023-03-29 11:30:00-04:00,157.2899932861328,157.5500030517578,156.97000122070312,157.3000946044922,60931,0.0,0.0
2023-03-29 12:30:00-04:00,157.34500122070312,157.5399932861328,156.85000610351562,157.3000030517578,42353,0.0,0.0
2023-03-29 13:30:00-04:00,157.22000122070312,157.5,156.72000122070312,157.27499389648438,36327,0.0,0.0
2023-03-29 14:30:00-04:00,157.30499267578125,157.5,156.64999389648438,157.16000366210938,130869,0.0,0.0
2023-03-29 15:30:00-04:00,157.2100067138672,157.97000122070312,156.9600067138672,157.83999633789062,142168,0.0,0.0
2023-03-30 09:30:00-04:00,160.39999389648438,162.97000122070312,159.86000061035156,162.72999572753906,128792,0.0,0.0
2023-03-30 10:30:00-04:00,162.42999267578125,162.50750732421875,161.14999389648438,161.14999389648438,27029,0.0,0.0
2023-03-30 11:30:00-04:00,160.96499633789062,161.50999450683594,160.6199951171875,160.85000610351562,23482,0.0,0.0
2023-03-30 12:30:00-04:00,160.77999877929688,160.81500244140625,160.0399932861328,160.27999877929688,23401,0.0,0.0
2023-03-30 13:30:00-04:00,160.30999755859375,161.0399932861328,159.80999755859375,160.74000549316406,68844,0.0,0.0
2023-03-30 14:30:00-04:00,160.75,161.1199951171875,160.2550048828125,161.0050048828125,54583,0.0,0.0
2023-03-30 15:30:00-04:00,161.0050048828125,161.1199951171875,160.63999938964844,160.7100067138672,83030,0.0,0.0
2023-03-31 09:30:00-04:00,161.67999267578125,163.35499572753906,160.80999755859375,161.625,0,0.0,0.0
2023-03-31 10:30:00-04:00,161.75,164.64999389648438,161.6199951171875,164.0,102294,0.0,0.0
2023-03-31 11:30:00-04:00,164.10499572753906,164.5500030517578,163.64010620117188,163.74000549316406,37113,0.0,0.0
2023-03-31 12:30:00-04:00,163.75,163.94000244140625,163.3000030517578,163.3000030517578,16212,0.0,0.0
2023-03-31 13:30:00-04:00,163.1199951171875,163.2899932861328,162.47999572753906,162.5592041015625,25095,0.0,0.0
2023-03-31 14:30:00-04:00,162.8300018310547,164.0,162.67999267578125,163.77999877929688,67720,0.0,0.0
2023-03-31 15:30:00-04:00,163.97999572753906,164.49000549316406,163.60000610351562,164.00999450683594,137853,0.0,0.0
2023-04-03 09:30:00-04:00,161.6199951171875,162.52499389648438,160.5749969482422,161.2550048828125,23319,0.0,0.0
2023-04-03 10:30:00-04:00,161.0800018310547,161.30999755859375,158.8699951171875,159.7100067138672,34105,0.0,0.0
2023-04-03 11:30:00-04:00,159.58999633789062,159.83999633789062,158.50999450683594,158.50999450683594,45098,0.0,0.0
2023-04-03 12:30:00-04:00,158.5500030517578,158.72000122070312,157.86000061035156,157.86000061035156,40612,0.0,0.0
2023-04-03 13:30:00-04:00,157.8800048828125,158.27000427246094,157.72000122070312,157.9199981689453,22070,0.0,0.0
2023-04-03 14:30:00-04:00,158.02999877929688,158.71499633789062,157.97000122070312,158.3990020751953,191334,0.0,0.0
2023-04-03 15:30:00-04:00,158.3000030517578,158.69000244140625,158.14999389648438,158.6199951171875,242203,0.0,0.0
2023-04-04 09:30:00-04:00,158.89999389648438,159.66000366210938,157.51499938964844,158.07000732421875,29385,0.0,0.0
2023-04-04 10:30:00-04:00,158.05999755859375,158.4600067138672,157.0,157.6199951171875,41331,0.0,0.0
2023-04-04 11:30:00-04:00,157.5500030517578,157.77999877929688,157.1699981689453,157.77999877929688,26162,0.0,0.0
2023-04-04 12:30:00-04:00,157.63999938964844,157.7899932861328,157.08999633789062,157.6300048828125,12252,0.0,0.0
2023-04-04 13:30:00-04:00,157.61000061035156,157.67999267578125,157.0,157.0800018310547,28253,0.0,0.0
2023-04-04 14:30:00-04:00,157.1199951171875,157.39999389648438,156.25,156.32000732421875,46638,0.0,0.0
2023-04-04 15:30:00-04:00,156.32000732421875,156.52000427246094,155.8000030517578,155.86000061035156,105888,0.0,0.0
2023-04-05 09:30:00-04:00,154.27999877929688,154.27999877929688,150.9499969482422,151.0850067138672,31204,0.0,0.0
2023-04-05 10:30:00-04:00,151.66000366210938,151.66000366210938,149.49000549316406,149.74000549316406,50268,0.0,0.0
2023-04-05 11:30:00-04:00,149.63999938964844,149.9949951171875,149.0,149.16000366210938,37573,0.0,0.0
2023-04-05 12:30:00-04:00,149.1649932861328,149.43499755859375,149.0,149.02650451660156,28423,0.0,0.0
2023-04-05 13:30:00-04:00,149.06500244140625,149.64999389648438,149.0,149.07000732421875,31493,0.0,0.0
2023-04-05 14:30:00-04:00,149.02000427246094,149.4949951171875,148.4250030517578,149.05999755859375,61279,0.0,0.0
2023-04-05 15:30:00-04:00,148.99000549316406,149.47999572753906,148.75,149.00999450683594,162849,0.0,0.0
2023-04-06 09:30:00-04:00,147.6699981689453,147.9550018310547,144.5,147.3300018310547,79687,0.0,0.0
2023-04-06 10:30:00-04:00,147.5800018310547,148.40499877929688,147.5800018310547,147.8300018310547,32892,0.0,0.0
2023-04-06 11:30:00-04:00,147.74000549316406,149.02810668945312,147.33999633789062,148.42999267578125,46051,0.0,0.0
2023-04-06 12:30:00-04:00,148.4550018310547,148.83999633789062,147.92999267578125,148.5449981689453,36823,0.0,0.0
2023-04-06 13:30:00-04:00,148.5449981689453,149.0800018310547,148.19000244140625,148.47999572753906,42105,0.0,0.0
2023-04-06 14:30:00-04:00,148.47999572753906,148.85499572753906,148.29989624023438,148.85499572753906,53154,0.0,0.0
2023-04-06 15:30:00-04:00,148.9149932861328,149.6300048828125,148.9149932861328,149.42999267578125,74810,0.0,0.0
2023-04-10 09:30:00-04:00,147.55999755859375,150.13999938964844,146.23500061035156,149.33999633789062,26329,0.0,0.0
2023-04-10 10:30:00-04:00,149.36000061035156,150.14999389648438,149.36000061035156,150.14999389648438,15370,0.0,0.0
2023-04-10 11:30:00-04:00,150.41000366210938,150.41000366210938,148.2899932861328,148.52000427246094,11423,0.0,0.0
2023-04-10 12:30:00-04:00,148.89999389648438,150.4499969482422,148.89999389648438,150.4499969482422,6561,0.0,0.0
2023-04-10 13:30:00-04:00,150.47560119628906,150.74000549316406,149.77000427246094,150.5449981689453,18652,0.0,0.0
2023-04-10 14:30:00-04:00,150.64999389648438,151.875,150.64999389648438,151.5500030517578,27865,0.0,0.0
2023-04-10 15:30:00-04:00,151.52999877929688,152.4499969482422,151.52999877929688,152.41000366210938,61993,0.0,0.0
2023-04-11 09:30:00-04:00,151.7899932861328,155.0500030517578,151.7899932861328,153.81500244140625,44113,0.0,0.0
2023-04-11 10:30:00-04:00,153.84500122070312,154.08999633789062,152.7449951171875,152.7449951171875,60734,0.0,0.0
2023-04-11 11:30:00-04:00,152.86000061035156,154.5,152.85000610351562,154.34500122070312,50257,0.0,0.0
2023-04-11 12:30:00-04:00,154.375,155.1300048828125,154.1750030517578,155.1300048828125,24380,0.0,0.0
2023-04-11 13:30:00-04:00,155.22999572753906,156.07000732421875,154.85000610351562,155.30999755859375,26418,0.0,0.0
2023-04-11 14:30:00-04:00,155.47000122070312,157.07000732421875,155.24000549316406,156.8800048828125,42410,0.0,0.0
2023-04-11 15:30:00-04:00,156.8000030517578,157.2100067138672,156.64999389648438,157.0,106665,0.0,0.0
2023-04-12 09:30:00-04:00,159.97999572753906,162.02999877929688,158.37130737304688,159.35000610351562,39430,0.0,0.0
2023-04-12 10:30:00-04:00,159.375,159.8300018310547,157.44000244140625,158.30999755859375,92742,0.0,0.0
2023-04-12 11:30:00-04:00,158.1300048828125,159.1300048828125,157.9149932861328,158.92999267578125,24360,0.0,0.0
2023-04-12 12:30:00-04:00,159.0,160.14999389648438,158.8300018310547,160.14999389648438,59536,0.0,0.0
2023-04-12 13:30:00-04:00,160.13999938964844,160.24000549316406,158.7050018310547,158.7100067138672,21700,0.0,0.0
2023-04-12 14:30:00-04:00,158.65499877929688,158.7100067138672,157.27999877929688,157.6300048828125,44057,0.0,0.0
2023-04-12 15:30:00-04:00,157.57000732421875,158.27999877929688,157.38999938964844,157.41000366210938,80049,0.0,0.0
2023-04-13 09:30:00-04:00,158.67999267578125,161.10000610351562,158.60000610351562,160.0749969482422,68196,0.0,0.0
2023-04-13 10:30:00-04:00,160.0,160.22999572753906,159.78500366210938,160.18479919433594,164830,0.0,0.0
2023-04-13 11:30:00-04:00,160.1199951171875,161.0500030517578,160.11000061035156,160.6999969482422,29828,0.0,0.0
2023-04-13 12:30:00-04:00,160.875,162.83999633789062,160.875,162.72000122070312,53343,0.0,0.0
2023-04-13 13:30:00-04:00,162.77000427246094,163.57000732421875,162.47999572753906,162.72999572753906,20540,0.0,0.0
2023-04-13 14:30:00-04:00,162.72000122070312,163.14999389648438,161.97000122070312,162.89500427246094,48849,0.0,0.0
2023-04-13 15:30:00-04:00,163.14999389648438,163.35000610351562,162.75,162.88999938964844,91839,0.0,0.0
2023-04-14 09:30:00-04:00,161.42999267578125,163.30499267578125,161.27999877929688,161.80999755859375,54903,0.0,0.0
2023-04-14 10:30:00-04:00,160.77499389648438,161.3300018310547,159.49000549316406,159.64500427246094,66509,0.0,0.0
2023-04-14 11:30:00-04:00,159.8800048828125,160.0,157.72999572753906,157.8300018310547,26922,0.0,0.0
2023-04-14 12:30:00-04:00,157.67999267578125,158.2449951171875,157.52499389648438,157.625,26922,0.0,0.0
2023-04-14 13:30:00-04:00,157.5500030517578,160.1699981689453,157.1300048828125,160.1699981689453,33636,0.0,0.0
2023-04-14 14:30:00-04:00,160.0749969482422,160.6699981689453,158.7899932861328,160.02000427246094,55470,0.0,0.0
2023-04-14 15:30:00-04:00,160.02499389648438,160.0850067138672,158.8699951171875,158.89999389648438,71148,0.0,0.0
2023-04-17 09:30:00-04:00,159.0500030517578,161.08999633789062,158.67999267578125,160.38999938964844,28859,0.0,0.0
2023-04-17 10:30:00-04:00,160.45750427246094,160.75999450683594,158.75999450683594,158.77000427246094,29213,0.0,0.0
2023-04-17 11:30:00-04:00,158.3699951171875,159.69000244140625,157.75,158.2100067138672,42096,0.0,0.0
2023-04-17 12:30:00-04:00,158.36000061035156,158.80999755859375,158.1999969482422,158.67999267578125,41729,0.0,0.0
2023-04-17 13:30:00-04:00,158.67999267578125,158.77999877929688,157.0800018310547,157.55999755859375,43732,0.0,0.0
2023-04-17 14:30:00-04:00,157.49000549316406,158.47000122070312,157.42999267578125,158.22500610351562,49955,0.0,0.0
2023-04-17 15:30:00-04:00,158.14999389648438,158.75,158.0800018310547,158.24000549316406,98077,0.0,0.0
2023-04-18 09:30:00-04:00,159.91000366210938,159.91000366210938,157.38999938964844,157.58999633789062,27164,0.0,0.0
2023-04-18 10:30:00-04:00,157.0,157.63999938964844,156.69000244140625,157.1199951171875,50377,0.0,0.0
2023-04-18 11:30:00-04:00,157.07000732421875,158.0399932861328,156.99000549316406,157.13999938964844,59466,0.0,0.0
2023-04-18 12:30:00-04:00,157.27000427246094,157.36000061035156,156.97999572753906,157.0449981689453,23970,0.0,0.0
2023-04-18 13:30:00-04:00,157.0850067138672,157.49000549316406,157.0,157.25999450683594,24561,0.0,0.0
2023-04-18 14:30:00-04:00,157.25999450683594,157.36000061035156,156.97999572753906,157.27000427246094,63490,0.0,0.0
2023-04-18 15:30:00-04:00,157.25250244140625,158.44000244140625,157.25,158.42999267578125,42561,0.0,0.0
2023-04-19 09:30:00-04:00,156.38999938964844,158.6999969482422,153.89999389648438,154.27999877929688,91136,0.0,0.0
2023-04-19 10:30:00-04:00,154.61000061035156,155.7050018310547,154.61000061035156,155.60000610351562,25125,0.0,0.0
2023-04-19 11:30:00-04:00,155.36000061035156,157.05999755859375,155.1199951171875,157.05999755859375,59499,0.0,0.0
2023-04-19 12:30:00-04:00,156.86000061035156,159.3000030517578,156.86000061035156,159.3000030517578,76547,0.0,0.0
2023-04-19 13:30:00-04:00,159.3000030517578,159.41000366210938,157.35499572753906,157.38999938964844,64749,0.0,0.0
2023-04-19 14:30:00-04:00,157.47999572753906,158.61000061035156,157.0800018310547,158.2899932861328,53502,0.0,0.0
2023-04-19 15:30:00-04:00,158.2899932861328,158.5,156.94000244140625,158.0749969482422,128902,0.0,0.0
2023-04-20 09:30:00-04:00,156.1199951171875,157.02999877929688,154.7899932861328,156.33999633789062,0,0.0,0.0
2023-04-20 10:30:00-04:00,156.34500122070312,157.05999755859375,155.84500122070312,156.4250030517578,57791,0.0,0.0
2023-04-20 11:30:00-04:00,156.52000427246094,156.69000244140625,154.92999267578125,156.5800018310547,27152,0.0,0.0
2023-04-20 12:30:00-04:00,156.6999969482422,158.17999267578125,156.67999267578125,157.97999572753906,37509,0.0,0.0
2023-04-20 13:30:00-04:00,157.97999572753906,158.05999755859375,155.7899932861328,155.85000610351562,65619,0.0,0.0
2023-04-20 14:30:00-04:00,155.80999755859375,156.2899932861328,154.77999877929688,154.9199981689453,33847,0.0,0.0
2023-04-20 15:30:00-04:00,154.8699951171875,155.27999877929688,154.74000549316406,155.27999877929688,57692,0.0,0.0
2023-04-21 09:30:00-04:00,154.94000244140625,156.1999969482422,154.10000610351562,155.92999267578125,0,0.0,0.0
2023-04-21 10:30:00-04:00,155.97000122070312,156.01499938964844,154.88499450683594,155.5050048828125,30286,0.0,0.0
2023-04-21 11:30:00-04:00,155.43499755859375,156.27999877929688,155.4149932861328,155.77000427246094,33133,0.0,0.0
2023-04-21 12:30:00-04:00,155.7550048828125,155.99000549316406,154.61000061035156,154.75,30916,0.0,0.0
2023-04-21 13:30:00-04:00,154.66000366210938,156.25999450683594,154.66000366210938,156.0500030517578,30420,0.0,0.0
2023-04-21 14:30:00-04:00,156.02999877929688,156.0749969482422,155.0800018310547,155.13499450683594,30089,0.0,0.0
2023-04-21 15:30:00-04:00,155.27999877929688,155.38999938964844,154.80999755859375,154.8300018310547,63447,0.0,0.0
2023-04-24 09:30:00-04:00,154.33999633789062,155.88999938964844,153.6199951171875,153.6199951171875,39680,0.0,0.0
2023-04-24 10:30:00-04:00,153.7899932861328,154.10000610351562,151.61000061035156,151.8000030517578,34194,0.0,0.0
2023-04-24 11:30:00-04:00,151.89999389648438,151.99000549316406,150.69000244140625,151.7100067138672,31936,0.0,0.0
2023-04-24 12:30:00-04:00,152.02999877929688,152.3699951171875,151.4600067138672,151.72999572753906,34324,0.0,0.0
2023-04-24 13:30:00-04:00,151.6999969482422,153.38999938964844,151.22000122070312,153.0800018310547,80495,0.0,0.0
2023-04-24 14:30:00-04:00,153.10000610351562,153.55999755859375,152.72000122070312,153.55999755859375,60463,0.0,0.0
2023-04-24 15:30:00-04:00,153.60000610351562,154.13999938964844,153.3699951171875,154.0,121158,0.0,0.0
2023-04-25 09:30:00-04:00,152.10000610351562,154.08999633789062,151.13999938964844,153.0500030517578,31915,0.0,0.0
2023-04-25 10:30:00-04:00,152.9600067138672,153.96499633789062,152.26010131835938,152.9499969482422,137876,0.0,0.0
2023-04-25 11:30:00-04:00,152.67999267578125,153.0,152.08999633789062,152.4199981689453,25793,0.0,0.0
2023-04-25 12:30:00-04:00,152.5500030517578,152.5500030517578,150.80999755859375,151.22000122070312,32883,0.0,0.0
2023-04-25 13:30:00-04:00,151.22999572753906,151.3699951171875,149.52999877929688,150.82000732421875,32402,0.0,0.0
2023-04-25 14:30:00-04:00,150.69000244140625,150.9199981689453,148.88999938964844,149.05999755859375,89103,0.0,0.0
2023-04-25 15:30:00-04:00,149.08999633789062,149.17999267578125,145.53500366210938,146.2899932861328,151487,0.0,0.0
2023-04-26 09:30:00-04:00,148.1300048828125,150.24000549316406,148.1300048828125,149.2899932861328,45517,0.0,0.0
2023-04-26 10:30:00-04:00,149.21499633789062,150.83999633789062,149.0399932861328,150.32000732421875,73821,0.0,0.0
2023-04-26 11:30:00-04:00,150.21499633789062,152.3000030517578,150.21499633789062,151.24000549316406,108137,0.0,0.0
2023-04-26 12:30:00-04:00,151.24000549316406,151.24000549316406,150.33999633789062,150.47999572753906,62517,0.0,0.0
2023-04-26 13:30:00-04:00,150.49000549316406,150.7799072265625,149.33999633789062,149.92999267578125,77877,0.0,0.0
2023-04-26 14:30:00-04:00,149.9499969482422,149.9499969482422,148.77999877929688,149.0500030517578,27982,0.0,0.0
2023-04-26 15:30:00-04:00,149.16000366210938,149.19500732421875,148.25999450683594,148.50999450683594,64463,0.0,0.0
2023-04-27 09:30:00-04:00,149.72000122070312,150.61000061035156,149.33999633789062,150.60000610351562,0,0.0,0.0
2023-04-27 10:30:00-04:00,150.50999450683594,151.0,149.30499267578125,150.35000610351562,16518,0.0,0.0
2023-04-27 11:30:00-04:00,150.19000244140625,151.2100067138672,150.19000244140625,151.2100067138672,15362,0.0,0.0
2023-04-27 12:30:00-04:00,151.32000732421875,152.19000244140625,151.02000427246094,152.16000366210938,54781,0.0,0.0
2023-04-27 13:30:00-04:00,152.19000244140625,152.19000244140625,151.5399932861328,151.86000061035156,22159,0.0,0.0
2023-04-27 14:30:00-04:00,151.83999633789062,151.9499969482422,151.27000427246094,151.3699951171875,20696,0.0,0.0
2023-04-27 15:30:00-04:00,151.52000427246094,151.5399932861328,150.10000610351562,150.5399932861328,63288,0.0,0.0
2023-04-28 09:30:00-04:00,149.61000061035156,153.58999633789062,149.61000061035156,153.5749969482422,31736,0.0,0.0
2023-04-28 10:30:00-04:00,153.3000030517578,154.35499572753906,152.4199981689453,153.64999389648438,49613,0.0,0.0
2023-04-28 11:30:00-04:00,153.86000061035156,154.7899932861328,153.52000427246094,154.69000244140625,43491,0.0,0.0
2023-04-28 12:30:00-04:00,154.99000549316406,156.1999969482422,154.75,155.8699951171875,34741,0.0,0.0
2023-04-28 13:30:00-04:00,155.91000366210938,156.94000244140625,155.6999969482422,156.8300018310547,49302,0.0,0.0
2023-04-28 14:30:00-04:00,156.77999877929688,157.14999389648438,155.5399932861328,156.86000061035156,53688,0.0,0.0
2023-04-28 15:30:00-04:00,156.8000030517578,157.44000244140625,156.52999877929688,156.86000061035156,95199,0.0,0.0
2023-05-01 09:30:00-04:00,155.6699981689453,155.9149932861328,154.00999450683594,154.3000030517578,29224,0.0,0.0
2023-05-01 10:30:00-04:00,154.1999969482422,155.4499969482422,154.0,154.8000030517578,30277,0.0,0.0
2023-05-01 11:30:00-04:00,154.86000061035156,156.24000549316406,154.58999633789062,156.1699981689453,24111,0.0,0.0
2023-05-01 12:30:00-04:00,156.1699981689453,157.0050048828125,156.0,156.7100067138672,18488,0.0,0.0
2023-05-01 13:30:00-04:00,156.60000610351562,157.91000366210938,156.3699951171875,157.42999267578125,42379,0.0,0.0
2023-05-01 14:30:00-04:00,157.50999450683594,157.63999938964844,156.5749969482422,156.6743927001953,30591,0.0,0.0
2023-05-01 15:30:00-04:00,156.7899932861328,156.7899932861328,155.58999633789062,156.03399658203125,87689,0.0,0.0
2023-05-02 09:30:00-04:00,155.47999572753906,156.42999267578125,152.3699951171875,152.3699951171875,52749,0.0,0.0
2023-05-02 10:30:00-04:00,152.1999969482422,152.92999267578125,151.6699981689453,152.17999267578125,50437,0.0,0.0
2023-05-02 11:30:00-04:00,152.14999389648438,152.5449981689453,151.4600067138672,151.86000061035156,38293,0.0,0.0
2023-05-02 12:30:00-04:00,151.88999938964844,152.5500030517578,151.88999938964844,152.0,14528,0.0,0.0
2023-05-02 13:30:00-04:00,152.09500122070312,153.05999755859375,151.99000549316406,152.7100067138672,26646,0.0,0.0
2023-05-02 14:30:00-04:00,152.77499389648438,153.55999755859375,152.69000244140625,153.31500244140625,29284,0.0,0.0
2023-05-02 15:30:00-04:00,153.44500732421875,153.72500610351562,152.33999633789062,152.6199951171875,65653,0.0,0.0
2023-05-03 09:30:00-04:00,153.36000061035156,154.61000061035156,152.3800048828125,154.2274932861328,8011,0.0,0.0
2023-05-03 10:30:00-04:00,154.42999267578125,155.1199951171875,154.15499877929688,155.1199951171875,12642,0.0,0.0
2023-05-03 11:30:00-04:00,154.83999633789062,155.63999938964844,154.6999969482422,155.3800048828125,14834,0.0,0.0
2023-05-03 12:30:00-04:00,155.2949981689453,155.80499267578125,155.0800018310547,155.8000030517578,12383,0.0,0.0
2023-05-03 13:30:00-04:00,155.80999755859375,157.38999938964844,155.4499969482422,156.42999267578125,29801,0.0,0.0
2023-05-03 14:30:00-04:00,156.19000244140625,157.3800048828125,153.375,153.6300048828125,40567,0.0,0.0
2023-05-03 15:30:00-04:00,153.25999450683594,153.27000427246094,151.8800048828125,152.0800018310547,70306,0.0,0.0
2023-05-04 09:30:00-04:00,152.72999572753906,156.50999450683594,151.1300048828125,152.73500061035156,41413,0.0,0.0
2023-05-04 10:30:00-04:00,152.32000732421875,153.8800048828125,151.8800048828125,153.38499450683594,24601,0.0,0.0
2023-05-04 11:30:00-04:00,153.24000549316406,153.6999969482422,152.13009643554688,153.1649932861328,15174,0.0,0.0
2023-05-04 12:30:00-04:00,152.97999572753906,153.02000427246094,151.9600067138672,152.58999633789062,21459,0.0,0.0
2023-05-04 13:30:00-04:00,152.8000030517578,153.0500030517578,151.4199981689453,151.5800018310547,20468,0.0,0.0
2023-05-04 14:30:00-04:00,151.23500061035156,151.5500030517578,150.3300018310547,150.6300048828125,23089,0.0,0.0
2023-05-04 15:30:00-04:00,150.86000061035156,151.24000549316406,150.46499633789062,151.00999450683594,71667,0.0,0.0
2023-05-05 09:30:00-04:00,150.67999267578125,150.8699951171875,146.0500030517578,148.17999267578125,107419,0.0,0.0
2023-05-05 10:30:00-04:00,148.0800018310547,150.0,145.64999389648438,145.64999389648438,97640,0.0,0.0
2023-05-05 11:30:00-04:00,145.64999389648438,146.1300048828125,144.4600067138672,144.69000244140625,49054,0.0,0.0
2023-05-05 12:30:00-04:00,144.60000610351562,144.88999938964844,142.02999877929688,142.32000732421875,113580,0.0,0.0
2023-05-05 13:30:00-04:00,142.32350158691406,142.44000244140625,138.61000061035156,139.39999389648438,185780,0.0,0.0
2023-05-05 14:30:00-04:00,139.46499633789062,141.6999969482422,139.3300018310547,141.6300048828125,159502,0.0,0.0
2023-05-05 15:30:00-04:00,141.71499633789062,142.30999755859375,141.1199951171875,142.17999267578125,127945,0.0,0.0
2023-05-08 09:30:00-04:00,141.97999572753906,142.8699951171875,140.55999755859375,141.67999267578125,55294,0.0,0.0
2023-05-08 10:30:00-04:00,141.77499389648438,142.5800018310547,141.27000427246094,141.27000427246094,109476,0.0,0.0
2023-05-08 11:30:00-04:00,141.4600067138672,142.1699981689453,140.22999572753906,141.07000732421875,33192,0.0,0.0
2023-05-08 12:30:00-04:00,141.07000732421875,141.42999267578125,140.05999755859375,140.13499450683594,50681,0.0,0.0
2023-05-08 13:30:00-04:00,140.19000244140625,140.38999938964844,138.61000061035156,139.3800048828125,99346,0.0,0.0
2023-05-08 14:30:00-04:00,139.4250030517578,140.5399932861328,139.3800048828125,139.8800048828125,125404,0.0,0.0
2023-05-08 15:30:00-04:00,139.92999267578125,141.0500030517578,139.8800048828125,140.99000549316406,108584,0.0,0.0
2023-05-09 09:30:00-04:00,139.32000732421875,140.77999877929688,136.99000549316406,140.25,47322,0.0,0.0
2023-05-09 10:30:00-04:00,139.98500061035156,140.30999755859375,139.02999877929688,139.14500427246094,24179,0.0,0.0
2023-05-09 11:30:00-04:00,139.0500030517578,139.25,138.04010009765625,138.5399932861328,39867,0.0,0.0
2023-05-09 12:30:00-04:00,138.64999389648438,139.2100067138672,138.1999969482422,138.9199981689453,23021,0.0,0.0
2023-05-09 13:30:00-04:00,138.8000030517578,139.24000549316406,137.85000610351562,138.05999755859375,98323,0.0,0.0
2023-05-09 14:30:00-04:00,138.16000366210938,138.16000366210938,136.3699951171875,136.5500030517578,63015,0.0,0.0
2023-05-09 15:30:00-04:00,136.5749969482422,137.1999969482422,136.27000427246094,137.0800018310547,122933,0.0,0.0
2023-05-10 09:30:00-04:00,139.55999755859375,139.55999755859375,137.08999633789062,139.06500244140625,41997,0.0,0.0
2023-05-10 10:30:00-04:00,139.06500244140625,139.1999969482422,136.8000030517578,138.2100067138672,50990,0.0,0.0
2023-05-10 11:30:00-04:00,138.66000366210938,138.8000030517578,137.22999572753906,137.50999450683594,29611,0.0,0.0
2023-05-10 12:30:00-04:00,137.58999633789062,137.61659240722656,136.21499633789062,136.27000427246094,24933,0.0,0.0
2023-05-10 13:30:00-04:00,136.44000244140625,137.1300048828125,136.44000244140625,136.61000061035156,13048,0.0,0.0
2023-05-10 14:30:00-04:00,136.52499389648438,137.85000610351562,136.52499389648438,137.84500122070312,29652,0.0,0.0
2023-05-10 15:30:00-04:00,137.64999389648438,138.33999633789062,137.49000549316406,138.08999633789062,74997,0.0,0.0
2023-05-11 09:30:00-04:00,137.47999572753906,137.97999572753906,135.7899932861328,137.97000122070312,19834,0.0,0.0
2023-05-11 10:30:00-04:00,137.75,137.77000427246094,135.63999938964844,136.42999267578125,32032,0.0,0.0
2023-05-11 11:30:00-04:00,136.52000427246094,137.30999755859375,136.35000610351562,137.30999755859375,30551,0.0,0.0
2023-05-11 12:30:00-04:00,137.35000610351562,138.14999389648438,137.1300048828125,138.14999389648438,16910,0.0,0.0
2023-05-11 13:30:00-04:00,138.1300048828125,138.69000244140625,137.80999755859375,138.4250030517578,32735,0.0,0.0
2023-05-11 14:30:00-04:00,138.39999389648438,138.80499267578125,137.80999755859375,138.22000122070312,43779,0.0,0.0
2023-05-11 15:30:00-04:00,138.1300048828125,138.3699951171875,137.7899932861328,138.3699951171875,73016,0.0,0.0
2023-05-12 09:30:00-04:00,138.25,139.08999633789062,135.5,136.22000122070312,129083,0.0,0.0
2023-05-12 10:30:00-04:00,135.94000244140625,136.75,135.40499877929688,136.1699981689453,34804,0.0,0.0
2023-05-12 11:30:00-04:00,136.1699981689453,137.5,135.9949951171875,136.9199981689453,63633,0.0,0.0
2023-05-12 12:30:00-04:00,136.77000427246094,137.1199951171875,135.83999633789062,136.97999572753906,47769,0.0,0.0
2023-05-12 13:30:00-04:00,136.97999572753906,137.5,136.55999755859375,137.33999633789062,55554,0.0,0.0
2023-05-12 14:30:00-04:00,137.41000366210938,137.63999938964844,136.77499389648438,136.9199981689453,88814,0.0,0.0
2023-05-12 15:30:00-04:00,136.93479919433594,137.99000549316406,136.93479919433594,137.66000366210938,86384,0.0,0.0
2023-05-15 09:30:00-04:00,138.36000061035156,142.72000122070312,138.17999267578125,142.69500732421875,140537,0.0,0.0
2023-05-15 10:30:00-04:00,142.5399932861328,143.52000427246094,141.58999633789062,143.24000549316406,143025,0.0,0.0
2023-05-15 11:30:00-04:00,143.27999877929688,144.22999572753906,143.2050018310547,143.5449981689453,154325,0.0,0.0
2023-05-15 12:30:00-04:00,143.5850067138672,144.27000427246094,143.05999755859375,143.4600067138672,163236,0.0,0.0
2023-05-15 13:30:00-04:00,143.3800048828125,144.10899353027344,143.1699981689453,143.39500427246094,103703,0.0,0.0
2023-05-15 14:30:00-04:00,143.23980712890625,143.82749938964844,142.47999572753906,143.24000549316406,190308,0.0,0.0
2023-05-15 15:30:00-04:00,143.17999267578125,143.6999969482422,142.2100067138672,142.5,303157,0.0,0.0
2023-05-16 09:30:00-04:00,142.3699951171875,144.14999389648438,141.72999572753906,142.83999633789062,53013,0.0,0.0
2023-05-16 10:30:00-04:00,142.88999938964844,143.02999877929688,142.4600067138672,142.63999938964844,49751,0.0,0.0
2023-05-16 11:30:00-04:00,142.63999938964844,142.9550018310547,141.65499877929688,142.07000732421875,47605,0.0,0.0
2023-05-16 12:30:00-04:00,142.33999633789062,142.74000549316406,141.60000610351562,141.60000610351562,45862,0.0,0.0
2023-05-16 13:30:00-04:00,141.60000610351562,143.86500549316406,141.3000030517578,143.5850067138672,61082,0.0,0.0
2023-05-16 14:30:00-04:00,143.5850067138672,143.58999633789062,141.67999267578125,143.5,156600,0.0,0.0
2023-05-16 15:30:00-04:00,143.39999389648438,143.5,142.66000366210938,142.8300018310547,112815,0.0,0.0
2023-05-17 09:30:00-04:00,143.4499969482422,145.8800048828125,141.88499450683594,144.77000427246094,92139,0.0,0.0
2023-05-17 10:30:00-04:00,144.88999938964844,147.27999877929688,144.71499633789062,147.27999877929688,62947,0.0,0.0
2023-05-17 11:30:00-04:00,147.27999877929688,148.08999633789062,146.89999389648438,147.52999877929688,35093,0.0,0.0
2023-05-17 12:30:00-04:00,147.55999755859375,148.99000549316406,147.1300048828125,148.94000244140625,58212,0.0,0.0
2023-05-17 13:30:00-04:00,148.69000244140625,149.8699951171875,148.61000061035156,149.44500732421875,121140,0.0,0.0
2023-05-17 14:30:00-04:00,149.41000366210938,150.89999389648438,149.19000244140625,150.4600067138672,106279,0.0,0.0
2023-05-17 15:30:00-04:00,150.36000061035156,150.77999877929688,150.02999877929688,150.30999755859375,157235,0.0,0.0
2023-05-18 09:30:00-04:00,150.77000427246094,152.00999450683594,148.75999450683594,150.44000244140625,144212,0.0,0.0
2023-05-18 10:30:00-04:00,150.5500030517578,152.22000122070312,149.47999572753906,151.56500244140625,71983,0.0,0.0
2023-05-18 11:30:00-04:00,151.64999389648438,153.02000427246094,149.31500244140625,149.32000732421875,66721,0.0,0.0
2023-05-18 12:30:00-04:00,149.35499572753906,149.52000427246094,148.22999572753906,148.8350067138672,49016,0.0,0.0
2023-05-18 13:30:00-04:00,149.07000732421875,149.96499633789062,148.81500244140625,149.9199981689453,114315,0.0,0.0
2023-05-18 14:30:00-04:00,150.0500030517578,151.25999450683594,149.94000244140625,150.22999572753906,143711,0.0,0.0
2023-05-18 15:30:00-04:00,150.22999572753906,151.85000610351562,149.72500610351562,151.64500427246094,329501,0.0,0.0
2023-05-19 09:30:00-04:00,161.1300048828125,168.96499633789062,160.61000061035156,165.60000610351562,743222,0.0,0.0
2023-05-19 10:30:00-04:00,165.41000366210938,167.5399932861328,164.93499755859375,167.02499389648438,273858,0.0,0.0
2023-05-19 11:30:00-04:00,167.1199951171875,169.3699951171875,166.8699951171875,168.87319946289062,352596,0.0,0.0
2023-05-19 12:30:00-04:00,168.82000732421875,171.50999450683594,168.6699981689453,170.7100067138672,327032,0.0,0.0
2023-05-19 13:30:00-04:00,170.77999877929688,170.77999877929688,165.92999267578125,166.51499938964844,282172,0.0,0.0
2023-05-19 14:30:00-04:00,166.7100067138672,168.99000549316406,166.44000244140625,167.7949981689453,135567,0.0,0.0
2023-05-19 15:30:00-04:00,167.8800048828125,168.50990295410156,167.09500122070312,167.3699951171875,265184,0.0,0.0
2023-05-22 09:30:00-04:00,166.85000610351562,172.0,166.31500244140625,170.92999267578125,164678,0.0,0.0
2023-05-22 10:30:00-04:00,171.10000610351562,173.47000122070312,171.10000610351562,171.6199951171875,78050,0.0,0.0
2023-05-22 11:30:00-04:00,171.9499969482422,172.60499572753906,170.74000549316406,171.07000732421875,81045,0.0,0.0
2023-05-22 12:30:00-04:00,171.07000732421875,173.55999755859375,170.9499969482422,171.17999267578125,86001,0.0,0.0
2023-05-22 13:30:00-04:00,171.0850067138672,172.17999267578125,171.05999755859375,172.1300048828125,81313,0.0,0.0
2023-05-22 14:30:00-04:00,172.1300048828125,173.91000366210938,172.1300048828125,173.53500366210938,124087,0.0,0.0
2023-05-22 15:30:00-04:00,173.53500366210938,173.99000549316406,173.1999969482422,173.3000030517578,180260,0.0,0.0
2023-05-23 09:30:00-04:00,172.24000549316406,173.5399932861328,171.52000427246094,173.15499877929688,140442,0.0,0.0
2023-05-23 10:30:00-04:00,173.1300048828125,174.25999450683594,172.9600067138672,173.4949951171875,49089,0.0,0.0
2023-05-23 11:30:00-04:00,173.47999572753906,173.47999572753906,171.67999267578125,172.0,100432,0.0,0.0
2023-05-23 12:30:00-04:00,171.9499969482422,172.3300018310547,170.9199981689453,171.9250030517578,93084,0.0,0.0
2023-05-23 13:30:00-04:00,171.9149932861328,173.4250030517578,171.7100067138672,171.89999389648438,129487,0.0,0.0
2023-05-23 14:30:00-04:00,172.10000610351562,173.02999877929688,171.94500732421875,172.58999633789062,152693,0.0,0.0
2023-05-23 15:30:00-04:00,172.57000732421875,173.02999877929688,171.7550048828125,171.7899932861328,229766,0.0,0.0
2023-05-24 09:30:00-04:00,170.13999938964844,173.1699981689453,169.8000030517578,170.24000549316406,112858,0.0,0.0
2023-05-24 10:30:00-04:00,170.52999877929688,172.0850067138672,170.42999267578125,171.30999755859375,61212,0.0,0.0
2023-05-24 11:30:00-04:00,170.91000366210938,171.02999877929688,169.5,169.83999633789062,40051,0.0,0.0
2023-05-24 12:30:00-04:00,169.75,170.1300048828125,168.14999389648438,169.3800048828125,74536,0.0,0.0
2023-05-24 13:30:00-04:00,169.47999572753906,170.02499389648438,169.2899932861328,169.5,26582,0.0,0.0
2023-05-24 14:30:00-04:00,169.47999572753906,170.7949981689453,169.22000122070312,170.39999389648438,73269,0.0,0.0
2023-05-24 15:30:00-04:00,170.61000061035156,171.27000427246094,170.1699981689453,170.27000427246094,90749,0.0,0.0
2023-05-25 09:30:00-04:00,173.3800048828125,173.61000061035156,171.97999572753906,172.97500610351562,77540,0.0,0.0
2023-05-25 10:30:00-04:00,172.97500610351562,176.529296875,172.3000030517578,176.47999572753906,103943,0.0,0.0
2023-05-25 11:30:00-04:00,176.47999572753906,179.5,176.22999572753906,178.80250549316406,123521,0.0,0.0
2023-05-25 12:30:00-04:00,178.86639404296875,180.3699951171875,178.86639404296875,179.07000732421875,105312,0.0,0.0
2023-05-25 13:30:00-04:00,178.9600067138672,179.77999877929688,178.22999572753906,179.27000427246094,86997,0.0,0.0
2023-05-25 14:30:00-04:00,179.3800048828125,179.75999450683594,178.8300018310547,179.75999450683594,90352,0.0,0.0
2023-05-25 15:30:00-04:00,179.69500732421875,179.89999389648438,178.72999572753906,178.82000732421875,152155,0.0,0.0
2023-05-26 09:30:00-04:00,179.30999755859375,183.5399932861328,178.77999877929688,183.0,93412,0.0,0.0
2023-05-26 10:30:00-04:00,183.0500030517578,186.7050018310547,182.71600341796875,184.55999755859375,100039,0.0,0.0
2023-05-26 11:30:00-04:00,184.55999755859375,185.6699981689453,183.09500122070312,183.09500122070312,58675,0.0,0.0
2023-05-26 12:30:00-04:00,182.97000122070312,183.25999450683594,180.3800048828125,180.72999572753906,128933,0.0,0.0
2023-05-26 13:30:00-04:00,180.5,181.19000244140625,178.92999267578125,179.43499755859375,65915,0.0,0.0
2023-05-26 14:30:00-04:00,179.33999633789062,180.2899932861328,178.86000061035156,179.6199951171875,86095,0.0,0.0
2023-05-26 15:30:00-04:00,179.64500427246094,180.52499389648438,179.3000030517578,179.97000122070312,137776,0.0,0.0
2023-05-30 09:30:00-04:00,182.77000427246094,185.2899932861328,180.22000122070312,181.0749969482422,68598,0.0,0.0
2023-05-30 10:30:00-04:00,180.9149932861328,183.67999267578125,180.9149932861328,183.2050018310547,73446,0.0,0.0
2023-05-30 11:30:00-04:00,183.47999572753906,183.77999877929688,182.8800048828125,183.4949951171875,51884,0.0,0.0
2023-05-30 12:30:00-04:00,183.3800048828125,184.27999877929688,183.1199951171875,183.2100067138672,48524,0.0,0.0
2023-05-30 13:30:00-04:00,183.17999267578125,183.9600067138672,182.2899932861328,183.66000366210938,74380,0.0,0.0
2023-05-30 14:30:00-04:00,183.72999572753906,184.9499969482422,183.72999572753906,184.0,55566,0.0,0.0
2023-05-30 15:30:00-04:00,184.0,184.2100067138672,183.60000610351562,183.77999877929688,106461,0.0,0.0
2023-05-31 09:30:00-04:00,182.27999877929688,185.1699981689453,179.5399932861328,180.77000427246094,71204,0.0,0.0
2023-05-31 10:30:00-04:00,180.50999450683594,183.02000427246094,180.42999267578125,181.92999267578125,50204,0.0,0.0
2023-05-31 11:30:00-04:00,181.86000061035156,183.32000732421875,181.75,182.19000244140625,38527,0.0,0.0
2023-05-31 12:30:00-04:00,182.30999755859375,183.47999572753906,181.85000610351562,183.27999877929688,23487,0.0,0.0
2023-05-31 13:30:00-04:00,183.32000732421875,184.47999572753906,183.32000732421875,183.72000122070312,38508,0.0,0.0
2023-05-31 14:30:00-04:00,183.70880126953125,184.27999877929688,182.875,184.27999877929688,53825,0.0,0.0
2023-05-31 15:30:00-04:00,184.13999938964844,184.94000244140625,183.75,183.82000732421875,110874,0.0,0.0
2023-06-01 09:30:00-04:00,181.2899932861328,184.0800018310547,180.41000366210938,182.0,139149,0.0,0.0
2023-06-01 10:30:00-04:00,182.3000030517578,184.75999450683594,181.7899932861328,183.13999938964844,44562,0.0,0.0
2023-06-01 11:30:00-04:00,183.3699951171875,185.44000244140625,183.3699951171875,184.625,31562,0.0,0.0
2023-06-01 12:30:00-04:00,184.44000244140625,186.14999389648438,184.05999755859375,185.67999267578125,37920,0.0,0.0
2023-06-01 13:30:00-04:00,185.74000549316406,186.8699951171875,185.74000549316406,186.8699951171875,43265,0.0,0.0
2023-06-01 14:30:00-04:00,186.77000427246094,187.9550018310547,186.58999633789062,186.60000610351562,74627,0.0,0.0
2023-06-01 15:30:00-04:00,186.60000610351562,187.1999969482422,186.22000122070312,186.74000549316406,113032,0.0,0.0
2023-06-02 09:30:00-04:00,189.0,190.97000122070312,186.66000366210938,188.4550018310547,186698,0.0,0.0
2023-06-02 10:30:00-04:00,188.18499755859375,189.1750030517578,187.49000549316406,188.67999267578125,101081,0.0,0.0
2023-06-02 11:30:00-04:00,188.49000549316406,189.39500427246094,188.2100067138672,188.69000244140625,35075,0.0,0.0
2023-06-02 12:30:00-04:00,188.63499450683594,189.92999267578125,188.63499450683594,189.92999267578125,51503,0.0,0.0
2023-06-02 13:30:00-04:00,189.9199981689453,190.0,188.8249969482422,189.36000061035156,22618,0.0,0.0
2023-06-02 14:30:00-04:00,189.2050018310547,190.16000366210938,189.2050018310547,189.6300048828125,36494,0.0,0.0
2023-06-02 15:30:00-04:00,189.49000549316406,189.5050048828125,188.5500030517578,188.6199951171875,68591,0.0,0.0
2023-06-05 09:30:00-04:00,177.0,178.72000122070312,171.8300018310547,172.16000366210938,279262,0.0,0.0
2023-06-05 10:30:00-04:00,171.55520629882812,173.15249633789062,171.24000549316406,173.1300048828125,108741,0.0,0.0
2023-06-05 11:30:00-04:00,173.22000122070312,173.97999572753906,171.9600067138672,172.14999389648438,107456,0.0,0.0
2023-06-05 12:30:00-04:00,172.14999389648438,173.0,171.8800048828125,172.05499267578125,124906,0.0,0.0
2023-06-05 13:30:00-04:00,171.94000244140625,173.00999450683594,171.3000030517578,171.3000030517578,239924,0.0,0.0
2023-06-05 14:30:00-04:00,171.38999938964844,174.2799072265625,169.94000244140625,174.08999633789062,138103,0.0,0.0
2023-06-05 15:30:00-04:00,174.23500061035156,175.0399932861328,173.4199981689453,174.5800018310547,243733,0.0,0.0
2023-06-06 09:30:00-04:00,175.4199981689453,180.22999572753906,175.4149932861328,176.0749969482422,125101,0.0,0.0
2023-06-06 10:30:00-04:00,176.0500030517578,177.30999755859375,175.3101043701172,177.00999450683594,117313,0.0,0.0
2023-06-06 11:30:00-04:00,177.0050048828125,179.17999267578125,177.0050048828125,177.38999938964844,47322,0.0,0.0
2023-06-06 12:30:00-04:00,177.47999572753906,177.8249969482422,176.32000732421875,176.69500732421875,33800,0.0,0.0
2023-06-06 13:30:00-04:00,176.63999938964844,176.6750030517578,174.72000122070312,174.8350067138672,65698,0.0,0.0
2023-06-06 14:30:00-04:00,174.91000366210938,175.10499572753906,174.14999389648438,174.22000122070312,46567,0.0,0.0
2023-06-06 15:30:00-04:00,174.26499938964844,174.77499389648438,173.85000610351562,174.30999755859375,174868,0.0,0.0
2023-06-07 09:30:00-04:00,174.42999267578125,174.61500549316406,170.30999755859375,172.7100067138672,64227,0.0,0.0
2023-06-07 10:30:00-04:00,172.91009521484375,172.91009521484375,170.3000030517578,171.69000244140625,39499,0.0,0.0
2023-06-07 11:30:00-04:00,171.6999969482422,171.91000366210938,169.75,170.0399932861328,52087,0.0,0.0
2023-06-07 12:30:00-04:00,170.16000366210938,171.69000244140625,170.16000366210938,171.4199981689453,71627,0.0,0.0
2023-06-07 13:30:00-04:00,171.36000061035156,171.36000061035156,169.61000061035156,170.8300018310547,47858,0.0,0.0
2023-06-07 14:30:00-04:00,170.89999389648438,171.88999938964844,170.13499450683594,171.42999267578125,42388,0.0,0.0
2023-06-07 15:30:00-04:00,171.35000610351562,171.97000122070312,170.88999938964844,171.97000122070312,94213,0.0,0.0
2023-06-08 09:30:00-04:00,171.99000549316406,175.36000061035156,171.7100067138672,174.66000366210938,56550,0.0,0.0
2023-06-08 10:30:00-04:00,175.0,175.25999450683594,173.5399932861328,173.57000732421875,16353,0.0,0.0
2023-06-08 11:30:00-04:00,173.57000732421875,173.73699951171875,172.5,173.51499938964844,16808,0.0,0.0
2023-06-08 12:30:00-04:00,173.64999389648438,173.72000122070312,172.8625030517578,173.1300048828125,21191,0.0,0.0
2023-06-08 13:30:00-04:00,173.1300048828125,173.63999938964844,172.75,173.3000030517578,36209,0.0,0.0
2023-06-08 14:30:00-04:00,173.3000030517578,174.2050018310547,172.8800048828125,173.69000244140625,25408,0.0,0.0
2023-06-08 15:30:00-04:00,173.6300048828125,174.0749969482422,173.42999267578125,173.49000549316406,73414,0.0,0.0
2023-06-09 09:30:00-04:00,176.63999938964844,177.35000610351562,174.0500030517578,176.98500061035156,32151,0.0,0.0
2023-06-09 10:30:00-04:00,177.07000732421875,177.32000732421875,175.77999877929688,176.64999389648438,70313,0.0,0.0
2023-06-09 11:30:00-04:00,176.64500427246094,177.4499969482422,176.3000030517578,177.08999633789062,78288,0.0,0.0
2023-06-09 12:30:00-04:00,176.89999389648438,179.39999389648438,176.89999389648438,178.77999877929688,40695,0.0,0.0
2023-06-09 13:30:00-04:00,178.86900329589844,179.17999267578125,178.3800048828125,178.41000366210938,39076,0.0,0.0
2023-06-09 14:30:00-04:00,178.2100067138672,179.3000030517578,178.14500427246094,179.02999877929688,38226,0.0,0.0
2023-06-09 15:30:00-04:00,179.1649932861328,179.4199981689453,178.5,178.5,92532,0.0,0.0
2023-06-12 09:30:00-04:00,179.4199981689453,181.2899932861328,178.0800018310547,180.9199981689453,29352,0.0,0.0
2023-06-12 10:30:00-04:00,181.0050048828125,182.375,180.67999267578125,181.50999450683594,34304,0.0,0.0
2023-06-12 11:30:00-04:00,181.4499969482422,183.31500244140625,181.4228973388672,183.13999938964844,31033,0.0,0.0
2023-06-12 12:30:00-04:00,182.77999877929688,183.4499969482422,182.52999877929688,183.2100067138672,20676,0.0,0.0
2023-06-12 13:30:00-04:00,183.0850067138672,183.97999572753906,183.02000427246094,183.02000427246094,26412,0.0,0.0
2023-06-12 14:30:00-04:00,183.02650451660156,184.42999267578125,183.02650451660156,184.42999267578125,37995,0.0,0.0
2023-06-12 15:30:00-04:00,184.44000244140625,184.7899932861328,183.8000030517578,184.1300048828125,51175,0.0,0.0
2023-06-13 09:30:00-04:00,186.08999633789062,187.11000061035156,183.19000244140625,184.40609741210938,25700,0.0,0.0
2023-06-13 10:30:00-04:00,184.32000732421875,186.41000366210938,184.32000732421875,185.5399932861328,31797,0.0,0.0
2023-06-13 11:30:00-04:00,185.87330627441406,185.9199981689453,184.3800048828125,184.9949951171875,44531,0.0,0.0
2023-06-13 12:30:00-04:00,184.9949951171875,186.91000366210938,184.9949951171875,186.4949951171875,32484,0.0,0.0
2023-06-13 13:30:00-04:00,186.3000030517578,187.92999267578125,186.3000030517578,186.32000732421875,58347,0.0,0.0
2023-06-13 14:30:00-04:00,186.32000732421875,187.72000122070312,186.07000732421875,187.72000122070312,61157,0.0,0.0
2023-06-13 15:30:00-04:00,187.72000122070312,187.72000122070312,186.07000732421875,187.42999267578125,88308,0.0,0.0
2023-06-14 09:30:00-04:00,187.6999969482422,189.75,186.0,186.61000061035156,41983,0.0,0.0
2023-06-14 10:30:00-04:00,186.30999755859375,187.17999267578125,185.63999938964844,186.41099548339844,29951,0.0,0.0
2023-06-14 11:30:00-04:00,186.4499969482422,188.0,186.14999389648438,187.76499938964844,29395,0.0,0.0
2023-06-14 12:30:00-04:00,187.77000427246094,188.38999938964844,185.49000549316406,185.50999450683594,31155,0.0,0.0
2023-06-14 13:30:00-04:00,185.32000732421875,186.2899932861328,183.3000030517578,183.8000030517578,51821,0.0,0.0
2023-06-14 14:30:00-04:00,183.8000030517578,185.1999969482422,182.92999267578125,183.49000549316406,100774,0.0,0.0
2023-06-14 15:30:00-04:00,183.36500549316406,184.1999969482422,182.99000549316406,183.4600067138672,70644,0.0,0.0
2023-06-15 09:30:00-04:00,182.55999755859375,184.57000732421875,181.00999450683594,183.9499969482422,45032,0.0,0.0
2023-06-15 10:30:00-04:00,183.9199981689453,184.38999938964844,182.85000610351562,184.00999450683594,51425,0.0,0.0
2023-06-15 11:30:00-04:00,184.00999450683594,184.44000244140625,183.72500610351562,183.9199981689453,24245,0.0,0.0
2023-06-15 12:30:00-04:00,184.0500030517578,184.8000030517578,183.8800048828125,184.0,40525,0.0,0.0
2023-06-15 13:30:00-04:00,184.10000610351562,185.44900512695312,183.9499969482422,185.44900512695312,34416,0.0,0.0
2023-06-15 14:30:00-04:00,185.25999450683594,188.38999938964844,185.25999450683594,187.72999572753906,124893,0.0,0.0
2023-06-15 15:30:00-04:00,187.88999938964844,188.10499572753906,187.2899932861328,187.86000061035156,95382,0.0,0.0
2023-06-16 09:30:00-04:00,189.0399932861328,189.0399932861328,185.8699951171875,186.5850067138672,62155,0.0,0.0
2023-06-16 10:30:00-04:00,186.61000061035156,187.35000610351562,185.13999938964844,185.66000366210938,88755,0.0,0.0
2023-06-16 11:30:00-04:00,185.69000244140625,186.39999389648438,185.31500244140625,186.10000610351562,74268,0.0,0.0
2023-06-16 12:30:00-04:00,185.99000549316406,187.10000610351562,184.86000061035156,184.9250030517578,80420,0.0,0.0
2023-06-16 13:30:00-04:00,184.58999633789062,184.8300018310547,183.89999389648438,184.66000366210938,30209,0.0,0.0
2023-06-16 14:30:00-04:00,184.63499450683594,184.63499450683594,183.13999938964844,184.1999969482422,35163,0.0,0.0
2023-06-16 15:30:00-04:00,184.33999633789062,184.80999755859375,183.72999572753906,184.00999450683594,94662,0.0,0.0
2023-06-20 09:30:00-04:00,182.3699951171875,186.8000030517578,182.3699951171875,183.0823974609375,44615,0.0,0.0
2023-06-20 10:30:00-04:00,182.8249969482422,183.80999755859375,182.42999267578125,183.0699005126953,37796,0.0,0.0
2023-06-20 11:30:00-04:00,183.5399932861328,186.25,183.47999572753906,186.25,30745,0.0,0.0
2023-06-20 12:30:00-04:00,186.22000122070312,188.47000122070312,185.75,188.3000030517578,56107,0.0,0.0
2023-06-20 13:30:00-04:00,188.3800048828125,188.55999755859375,186.47999572753906,187.0399932861328,29256,0.0,0.0
2023-06-20 14:30:00-04:00,187.0500030517578,188.8000030517578,186.63999938964844,188.5800018310547,55002,0.0,0.0
2023-06-20 15:30:00-04:00,188.69000244140625,189.00999450683594,188.02999877929688,188.10000610351562,140699,0.0,0.0
2023-06-21 09:30:00-04:00,186.86000061035156,187.6699981689453,182.6300048828125,183.2100067138672,188984,0.0,0.0
2023-06-21 10:30:00-04:00,183.3800048828125,183.80999755859375,180.60499572753906,180.60499572753906,90130,0.0,0.0
2023-06-21 11:30:00-04:00,180.61500549316406,182.08999633789062,180.61500549316406,181.3000030517578,37180,0.0,0.0
2023-06-21 12:30:00-04:00,181.24000549316406,181.5399932861328,180.89999389648438,181.34500122070312,36257,0.0,0.0
2023-06-21 13:30:00-04:00,181.33999633789062,182.22999572753906,181.24000549316406,181.9199981689453,39111,0.0,0.0
2023-06-21 14:30:00-04:00,181.99000549316406,182.55999755859375,181.77000427246094,182.39999389648438,48465,0.0,0.0
2023-06-21 15:30:00-04:00,182.16000366210938,182.22000122070312,180.52999877929688,180.66000366210938,107570,0.0,0.0
2023-06-22 09:30:00-04:00,179.33999633789062,179.33999633789062,175.69000244140625,177.3699951171875,43216,0.0,0.0
2023-06-22 10:30:00-04:00,177.82000732421875,178.3553924560547,175.4499969482422,175.47000122070312,40739,0.0,0.0
2023-06-22 11:30:00-04:00,175.6999969482422,179.27999877929688,175.6999969482422,179.14999389648438,23105,0.0,0.0
2023-06-22 12:30:00-04:00,179.36000061035156,179.52029418945312,176.60000610351562,176.9600067138672,27435,0.0,0.0
2023-06-22 13:30:00-04:00,176.94500732421875,177.64500427246094,176.94500732421875,177.19000244140625,16838,0.0,0.0
2023-06-22 14:30:00-04:00,177.1999969482422,177.8300018310547,177.05999755859375,177.55999755859375,23078,0.0,0.0
2023-06-22 15:30:00-04:00,177.6999969482422,179.42999267578125,177.6199951171875,179.1300048828125,69355,0.0,0.0
2023-06-23 09:30:00-04:00,175.44000244140625,176.94000244140625,173.7899932861328,175.3800048828125,37115,0.0,0.0
2023-06-23 10:30:00-04:00,175.47999572753906,175.9499969482422,173.68499755859375,173.68499755859375,22163,0.0,0.0
2023-06-23 11:30:00-04:00,173.92999267578125,176.69000244140625,173.91000366210938,176.2100067138672,15249,0.0,0.0
2023-06-23 12:30:00-04:00,176.34500122070312,176.8699951171875,176.3300018310547,176.3300018310547,12312,0.0,0.0
2023-06-23 13:30:00-04:00,176.44000244140625,176.5500030517578,175.72999572753906,175.88999938964844,15188,0.0,0.0
2023-06-23 14:30:00-04:00,175.81500244140625,175.94000244140625,174.8000030517578,175.42999267578125,21138,0.0,0.0
2023-06-23 15:30:00-04:00,175.30999755859375,175.8249969482422,174.61000061035156,174.85000610351562,48209,0.0,0.0
2023-06-26 09:30:00-04:00,174.27999877929688,177.35499572753906,173.6300048828125,176.1699981689453,27483,0.0,0.0
2023-06-26 10:30:00-04:00,175.67999267578125,176.19000244140625,174.83999633789062,175.89500427246094,23818,0.0,0.0
2023-06-26 11:30:00-04:00,175.66000366210938,175.9199981689453,174.30999755859375,174.64999389648438,27482,0.0,0.0
2023-06-26 12:30:00-04:00,174.39999389648438,175.0500030517578,173.88999938964844,174.7899932861328,18482,0.0,0.0
2023-06-26 13:30:00-04:00,174.74000549316406,176.3800048828125,174.67999267578125,176.24000549316406,34552,0.0,0.0
2023-06-26 14:30:00-04:00,176.2100067138672,176.92999267578125,176.1300048828125,176.35499572753906,41439,0.0,0.0
2023-06-26 15:30:00-04:00,176.4600067138672,176.75,174.6199951171875,174.77999877929688,55321,0.0,0.0
2023-06-27 09:30:00-04:00,175.6199951171875,176.47000122070312,174.22999572753906,176.13999938964844,21964,0.0,0.0
2023-06-27 10:30:00-04:00,175.6699981689453,177.2449951171875,175.50999450683594,177.2449951171875,21926,0.0,0.0
2023-06-27 11:30:00-04:00,177.55999755859375,178.17750549316406,177.3000030517578,177.88999938964844,12847,0.0,0.0
2023-06-27 12:30:00-04:00,178.0800018310547,178.0800018310547,176.9199981689453,177.1199951171875,14311,0.0,0.0
2023-06-27 13:30:00-04:00,177.41000366210938,179.9199981689453,177.41000366210938,179.8800048828125,56707,0.0,0.0
2023-06-27 14:30:00-04:00,179.91000366210938,180.36000061035156,179.63999938964844,180.05999755859375,39066,0.0,0.0
2023-06-27 15:30:00-04:00,180.16000366210938,180.16000366210938,179.52000427246094,179.89999389648438,48854,0.0,0.0
2023-06-28 09:30:00-04:00,179.86000061035156,181.9799041748047,179.60000610351562,180.77999877929688,41684,0.0,0.0
2023-06-28 10:30:00-04:00,181.125,182.52020263671875,178.86000061035156,178.88999938964844,28693,0.0,0.0
2023-06-28 11:30:00-04:00,179.64999389648438,180.74000549316406,179.25999450683594,180.55999755859375,34802,0.0,0.0
2023-06-28 12:30:00-04:00,180.4600067138672,180.6072998046875,178.86000061035156,179.94000244140625,21598,0.0,0.0
2023-06-28 13:30:00-04:00,180.14999389648438,180.4600067138672,179.97000122070312,180.04359436035156,11450,0.0,0.0
2023-06-28 14:30:00-04:00,180.1699981689453,180.1699981689453,178.67999267578125,178.8000030517578,21020,0.0,0.0
2023-06-28 15:30:00-04:00,178.72500610351562,179.0500030517578,178.38999938964844,179.0500030517578,33053,0.0,0.0
2023-06-29 09:30:00-04:00,177.67999267578125,179.5500030517578,176.47999572753906,177.7550048828125,36616,0.0,0.0
2023-06-29 10:30:00-04:00,177.72999572753906,178.27999877929688,176.72000122070312,177.8300018310547,18820,0.0,0.0
2023-06-29 11:30:00-04:00,177.9600067138672,177.9600067138672,174.4499969482422,175.24000549316406,46484,0.0,0.0
2023-06-29 12:30:00-04:00,175.0,177.7949981689453,174.10000610351562,177.38999938964844,36041,0.0,0.0
2023-06-29 13:30:00-04:00,177.14999389648438,177.44000244140625,175.51499938964844,176.22500610351562,26177,0.0,0.0
2023-06-29 14:30:00-04:00,176.38499450683594,176.86500549316406,175.72500610351562,176.63499450683594,27028,0.0,0.0
2023-06-29 15:30:00-04:00,176.61000061035156,176.91000366210938,176.22999572753906,176.33999633789062,48769,0.0,0.0
2023-06-30 09:30:00-04:00,178.75,181.97999572753906,177.60000610351562,181.6999969482422,28156,0.0,0.0
2023-06-30 10:30:00-04:00,181.83999633789062,182.69000244140625,180.94000244140625,181.1999969482422,33064,0.0,0.0
2023-06-30 11:30:00-04:00,180.94000244140625,181.52000427246094,180.0399932861328,181.39999389648438,15855,0.0,0.0
2023-06-30 12:30:00-04:00,181.25999450683594,182.67999267578125,181.25999450683594,181.52000427246094,27735,0.0,0.0
2023-06-30 13:30:00-04:00,181.75,182.11000061035156,181.52499389648438,182.11000061035156,18395,0.0,0.0
2023-06-30 14:30:00-04:00,181.9600067138672,182.23500061035156,181.1490020751953,181.6199951171875,40366,0.0,0.0
2023-06-30 15:30:00-04:00,181.47000122070312,182.0,179.66000366210938,179.6699981689453,64234,0.0,0.0
2023-07-03 09:30:00-04:00,179.5399932861328,181.92999267578125,179.5399932861328,181.47000122070312,53028,0.0,0.0
2023-07-03 10:30:00-04:00,181.86000061035156,182.23899841308594,180.4199981689453,182.10000610351562,40589,0.0,0.0
2023-07-03 11:30:00-04:00,182.30999755859375,182.35000610351562,180.53250122070312,181.25,35157,0.0,0.0
2023-07-05 09:30:00-04:00,180.58999633789062,181.75,179.27000427246094,179.30999755859375,35717,0.0,0.0
2023-07-05 10:30:00-04:00,179.25999450683594,179.6999969482422,177.35000610351562,177.60000610351562,25197,0.0,0.0
2023-07-05 11:30:00-04:00,177.69000244140625,178.75,176.50999450683594,177.53500366210938,78499,0.0,0.0
2023-07-05 12:30:00-04:00,177.72500610351562,177.72500610351562,176.60000610351562,177.0500030517578,37991,0.0,0.0
2023-07-05 13:30:00-04:00,177.14999389648438,177.69000244140625,176.08999633789062,176.72999572753906,37114,0.0,0.0
2023-07-05 14:30:00-04:00,176.83999633789062,177.92999267578125,176.72000122070312,177.35000610351562,66188,0.0,0.0
2023-07-05 15:30:00-04:00,177.27000427246094,177.3175048828125,176.49000549316406,176.91000366210938,102666,0.0,0.0
2023-07-06 09:30:00-04:00,174.82000732421875,175.80999755859375,173.6300048828125,175.0,72848,0.0,0.0
2023-07-06 10:30:00-04:00,175.1699981689453,175.32000732421875,173.75,175.01759338378906,39352,0.0,0.0
2023-07-06 11:30:00-04:00,174.77999877929688,175.16000366210938,174.42999267578125,174.67999267578125,36531,0.0,0.0
2023-07-06 12:30:00-04:00,174.69000244140625,175.75,174.60000610351562,175.10000610351562,26181,0.0,0.0
2023-07-06 13:30:00-04:00,175.11000061035156,175.88999938964844,174.9600067138672,175.4600067138672,29910,0.0,0.0
2023-07-06 14:30:00-04:00,175.61000061035156,176.24000549316406,175.1199951171875,175.6750030517578,41987,0.0,0.0
2023-07-06 15:30:00-04:00,175.6699981689453,176.05999755859375,175.25999450683594,175.30999755859375,124286,0.0,0.0
2023-07-07 09:30:00-04:00,175.5,180.55999755859375,174.3300018310547,178.8800048828125,39932,0.0,0.0
2023-07-07 10:30:00-04:00,178.76499938964844,178.9199981689453,176.80999755859375,178.9199981689453,32982,0.0,0.0
2023-07-07 11:30:00-04:00,178.97999572753906,178.97999572753906,178.39999389648438,178.75999450683594,12026,0.0,0.0
2023-07-07 12:30:00-04:00,178.86000061035156,179.69000244140625,178.86000061035156,179.3699951171875,11235,0.0,0.0
2023-07-07 13:30:00-04:00,179.07000732421875,179.3000030517578,178.2899932861328,178.49000549316406,10090,0.0,0.0
2023-07-07 14:30:00-04:00,178.77999877929688,178.77999877929688,177.22000122070312,177.77999877929688,27034,0.0,0.0
2023-07-07 15:30:00-04:00,177.8800048828125,178.08999633789062,176.55999755859375,176.77000427246094,42600,0.0,0.0
2023-07-10 09:30:00-04:00,176.16000366210938,180.3000030517578,175.86000061035156,179.48500061035156,34611,0.0,0.0
2023-07-10 10:30:00-04:00,179.14500427246094,179.2899932861328,177.89999389648438,179.22999572753906,49561,0.0,0.0
2023-07-10 11:30:00-04:00,179.375,179.60000610351562,178.19000244140625,178.6999969482422,32878,0.0,0.0
2023-07-10 12:30:00-04:00,178.85000610351562,179.30999755859375,178.57000732421875,178.77999877929688,17125,0.0,0.0
2023-07-10 13:30:00-04:00,178.89999389648438,179.64999389648438,178.22999572753906,179.58999633789062,17371,0.0,0.0
2023-07-10 14:30:00-04:00,179.97999572753906,180.85499572753906,179.75999450683594,180.35000610351562,19941,0.0,0.0
2023-07-10 15:30:00-04:00,180.27999877929688,180.27999877929688,179.1699981689453,179.19000244140625,72392,0.0,0.0
2023-07-11 09:30:00-04:00,180.00999450683594,181.63999938964844,178.3800048828125,178.82000732421875,32557,0.0,0.0
2023-07-11 10:30:00-04:00,179.18499755859375,179.88999938964844,177.27000427246094,177.27000427246094,31466,0.0,0.0
2023-07-11 11:30:00-04:00,177.3800048828125,178.7100067138672,177.3800048828125,178.27999877929688,13000,0.0,0.0
2023-07-11 12:30:00-04:00,178.36000061035156,179.14999389648438,178.36000061035156,178.64999389648438,59515,0.0,0.0
2023-07-11 13:30:00-04:00,178.6699981689453,180.52999877929688,178.60000610351562,179.00999450683594,44289,0.0,0.0
2023-07-11 14:30:00-04:00,178.99000549316406,180.7449951171875,178.99000549316406,180.7449951171875,65089,0.0,0.0
2023-07-11 15:30:00-04:00,180.8000030517578,182.32000732421875,180.5399932861328,181.72999572753906,76104,0.0,0.0
2023-07-12 09:30:00-04:00,185.19000244140625,185.60000610351562,182.9600067138672,183.52999877929688,29456,0.0,0.0
2023-07-12 10:30:00-04:00,183.82000732421875,184.8000030517578,183.1300048828125,184.4199981689453,29469,0.0,0.0
2023-07-12 11:30:00-04:00,184.28500366210938,184.5749969482422,182.83999633789062,183.5399932861328,18217,0.0,0.0
2023-07-12 12:30:00-04:00,183.52999877929688,185.02999877929688,183.52999877929688,184.86500549316406,24801,0.0,0.0
2023-07-12 13:30:00-04:00,184.89999389648438,185.0800018310547,183.97000122070312,184.0800018310547,24483,0.0,0.0
2023-07-12 14:30:00-04:00,184.02000427246094,185.08999633789062,183.8800048828125,184.1999053955078,47072,0.0,0.0
2023-07-12 15:30:00-04:00,184.33999633789062,185.8300018310547,184.24000549316406,185.6699981689453,91330,0.0,0.0
2023-07-13 09:30:00-04:00,187.63999938964844,191.19000244140625,186.77000427246094,190.3699951171875,50828,0.0,0.0
2023-07-13 10:30:00-04:00,190.24000549316406,193.88999938964844,189.97999572753906,193.32000732421875,67849,0.0,0.0
2023-07-13 11:30:00-04:00,193.31500244140625,195.3000030517578,192.9199981689453,195.0800018310547,45477,0.0,0.0
2023-07-13 12:30:00-04:00,195.07000732421875,195.69000244140625,194.48500061035156,194.83599853515625,33729,0.0,0.0
2023-07-13 13:30:00-04:00,194.88499450683594,195.0,193.52999877929688,194.0500030517578,39658,0.0,0.0
2023-07-13 14:30:00-04:00,194.0449981689453,195.42999267578125,193.75,195.38999938964844,39924,0.0,0.0
2023-07-13 15:30:00-04:00,195.35499572753906,195.83999633789062,194.8000030517578,195.1699981689453,104113,0.0,0.0
2023-07-14 09:30:00-04:00,195.58999633789062,196.61000061035156,194.25999450683594,194.96499633789062,50775,0.0,0.0
2023-07-14 10:30:00-04:00,194.85499572753906,195.31640625,192.27999877929688,194.31500244140625,43206,0.0,0.0
2023-07-14 11:30:00-04:00,194.4600067138672,195.02999877929688,194.25999450683594,194.6699981689453,29121,0.0,0.0
2023-07-14 12:30:00-04:00,194.5800018310547,195.3000030517578,193.63999938964844,194.6999969482422,22052,0.0,0.0
2023-07-14 13:30:00-04:00,194.7100067138672,194.8699951171875,193.90499877929688,194.2050018310547,27044,0.0,0.0
2023-07-14 14:30:00-04:00,194.22999572753906,194.3300018310547,193.15249633789062,193.1699981689453,25924,0.0,0.0
2023-07-14 15:30:00-04:00,193.11000061035156,193.2050018310547,191.57000732421875,191.72000122070312,65293,0.0,0.0
2023-07-17 09:30:00-04:00,192.5800018310547,196.77999877929688,192.25250244140625,196.3300018310547,62815,0.0,0.0
2023-07-17 10:30:00-04:00,196.72000122070312,198.52000427246094,196.25,197.16000366210938,82119,0.0,0.0
2023-07-17 11:30:00-04:00,197.33999633789062,198.8000030517578,196.1999969482422,197.47500610351562,40481,0.0,0.0
2023-07-17 12:30:00-04:00,197.55499267578125,197.97999572753906,196.35000610351562,196.47000122070312,25928,0.0,0.0
2023-07-17 13:30:00-04:00,196.85000610351562,197.10000610351562,196.30999755859375,196.44000244140625,72326,0.0,0.0
2023-07-17 14:30:00-04:00,196.36000061035156,197.82000732421875,195.97500610351562,197.55999755859375,36889,0.0,0.0
2023-07-17 15:30:00-04:00,197.25999450683594,197.5399932861328,196.72000122070312,196.80999755859375,78136,0.0,0.0
2023-07-18 09:30:00-04:00,197.0,197.90499877929688,196.5,197.25,38403,0.0,0.0
2023-07-18 10:30:00-04:00,197.50999450683594,198.88999938964844,196.39320373535156,198.0500030517578,55283,0.0,0.0
2023-07-18 11:30:00-04:00,197.86000061035156,198.4499969482422,197.14999389648438,198.3300018310547,24052,0.0,0.0
2023-07-18 12:30:00-04:00,198.58999633789062,198.9199981689453,197.25999450683594,197.74200439453125,12687,0.0,0.0
2023-07-18 13:30:00-04:00,197.90499877929688,198.52999877929688,197.57000732421875,197.91000366210938,16010,0.0,0.0
2023-07-18 14:30:00-04:00,198.5399932861328,199.07000732421875,198.05499267578125,198.66000366210938,24503,0.0,0.0
2023-07-18 15:30:00-04:00,198.58999633789062,198.68499755859375,197.11000061035156,197.11000061035156,47839,0.0,0.0
2023-07-19 09:30:00-04:00,198.5,200.91000366210938,197.6999969482422,198.4149932861328,43531,0.0,0.0
2023-07-19 10:30:00-04:00,198.49000549316406,199.13499450683594,196.7050018310547,196.96499633789062,39739,0.0,0.0
2023-07-19 11:30:00-04:00,197.11000061035156,197.11000061035156,192.0800018310547,192.0800018310547,120281,0.0,0.0
2023-07-19 12:30:00-04:00,192.02000427246094,192.13999938964844,190.6300048828125,190.78750610351562,39606,0.0,0.0
2023-07-19 13:30:00-04:00,190.6300048828125,190.6300048828125,189.11000061035156,189.4199981689453,62986,0.0,0.0
2023-07-19 14:30:00-04:00,189.41000366210938,190.7899932861328,188.77499389648438,190.77499389648438,80563,0.0,0.0
2023-07-19 15:30:00-04:00,190.85000610351562,191.0449981689453,189.57000732421875,189.67999267578125,106796,0.0,0.0
2023-07-20 09:30:00-04:00,186.19000244140625,187.76499938964844,181.89500427246094,182.5050048828125,90813,0.0,0.0
2023-07-20 10:30:00-04:00,182.3300018310547,183.9499969482422,181.50999450683594,181.8300018310547,56895,0.0,0.0
2023-07-20 11:30:00-04:00,181.77499389648438,183.23500061035156,181.55999755859375,182.01499938964844,55619,0.0,0.0
2023-07-20 12:30:00-04:00,182.03500366210938,183.77000427246094,182.00010681152344,183.76499938964844,41475,0.0,0.0
2023-07-20 13:30:00-04:00,183.92999267578125,184.8249969482422,183.46499633789062,183.46499633789062,31976,0.0,0.0
2023-07-20 14:30:00-04:00,183.4600067138672,186.0,183.4600067138672,185.3300018310547,86599,0.0,0.0
2023-07-20 15:30:00-04:00,185.39999389648438,186.00999450683594,184.41000366210938,185.00999450683594,71363,0.0,0.0
2023-07-21 09:30:00-04:00,186.8699951171875,188.22000122070312,183.64999389648438,184.5800018310547,29329,0.0,0.0
2023-07-21 10:30:00-04:00,184.75,187.0500030517578,184.3300018310547,186.9600067138672,30589,0.0,0.0
2023-07-21 11:30:00-04:00,187.0800018310547,187.1300048828125,185.56500244140625,185.72250366210938,25293,0.0,0.0
2023-07-21 12:30:00-04:00,185.5749969482422,186.22000122070312,185.3800048828125,185.75999450683594,13441,0.0,0.0
2023-07-21 13:30:00-04:00,186.00999450683594,186.36000061035156,184.88999938964844,185.08999633789062,20380,0.0,0.0
2023-07-21 14:30:00-04:00,185.02499389648438,185.4499969482422,183.77999877929688,184.25,26530,0.0,0.0
2023-07-21 15:30:00-04:00,184.1999969482422,184.8800048828125,184.08999633789062,184.11000061035156,34908,0.0,0.0
2023-07-24 09:30:00-04:00,184.88999938964844,186.80999755859375,183.65499877929688,185.4600067138672,35338,0.0,0.0
2023-07-24 10:30:00-04:00,185.0399932861328,186.3800048828125,184.52000427246094,186.27999877929688,32290,0.0,0.0
2023-07-24 11:30:00-04:00,186.02999877929688,186.17999267578125,183.63999938964844,183.64500427246094,18533,0.0,0.0
2023-07-24 12:30:00-04:00,183.9600067138672,184.33999633789062,183.1999969482422,183.67999267578125,17279,0.0,0.0
2023-07-24 13:30:00-04:00,183.7100067138672,184.36000061035156,183.05499267578125,183.27499389648438,20670,0.0,0.0
2023-07-24 14:30:00-04:00,183.27999877929688,183.9199981689453,182.75,183.5,28622,0.0,0.0
2023-07-24 15:30:00-04:00,183.6199951171875,184.94000244140625,183.38499450683594,183.80999755859375,75005,0.0,0.0
2023-07-25 09:30:00-04:00,185.5,186.05499267578125,183.64999389648438,185.21499633789062,20147,0.0,0.0
2023-07-25 10:30:00-04:00,185.11000061035156,185.21499633789062,183.7550048828125,184.55499267578125,17611,0.0,0.0
2023-07-25 11:30:00-04:00,184.6999969482422,185.40499877929688,183.9700927734375,184.15499877929688,15685,0.0,0.0
2023-07-25 12:30:00-04:00,184.0399932861328,184.7050018310547,183.22000122070312,183.72000122070312,34023,0.0,0.0
2023-07-25 13:30:00-04:00,183.58999633789062,183.86000061035156,182.47000122070312,182.7050018310547,26774,0.0,0.0
2023-07-25 14:30:00-04:00,182.74000549316406,183.7949981689453,181.77999877929688,182.06500244140625,39080,0.0,0.0
2023-07-25 15:30:00-04:00,181.9949951171875,182.1699981689453,181.1999969482422,181.47000122070312,78678,0.0,0.0
2023-07-26 09:30:00-04:00,180.86000061035156,182.71080017089844,178.66000366210938,181.9600067138672,43157,0.0,0.0
2023-07-26 10:30:00-04:00,182.0399932861328,182.0800018310547,179.6699981689453,179.80999755859375,29277,0.0,0.0
2023-07-26 11:30:00-04:00,180.02000427246094,180.6300048828125,179.08999633789062,180.5500030517578,42143,0.0,0.0
2023-07-26 12:30:00-04:00,180.66000366210938,181.46429443359375,180.25999450683594,181.36500549316406,25280,0.0,0.0
2023-07-26 13:30:00-04:00,181.40499877929688,181.9149932861328,180.83999633789062,181.0800018310547,25210,0.0,0.0
2023-07-26 14:30:00-04:00,181.08999633789062,182.5800018310547,180.6999969482422,181.2050018310547,60798,0.0,0.0
2023-07-26 15:30:00-04:00,180.97000122070312,182.2899932861328,180.97000122070312,181.57000732421875,73352,0.0,0.0
2023-07-27 09:30:00-04:00,184.69000244140625,184.75999450683594,181.81500244140625,182.25,59681,0.0,0.0
2023-07-27 10:30:00-04:00,181.92999267578125,183.75999450683594,181.8699951171875,182.25,28540,0.0,0.0
2023-07-27 11:30:00-04:00,182.23500061035156,182.23500061035156,180.5,180.875,27404,0.0,0.0
2023-07-27 12:30:00-04:00,180.77000427246094,180.77000427246094,177.76499938964844,177.8000030517578,18552,0.0,0.0
2023-07-27 13:30:00-04:00,177.72000122070312,177.82000732421875,172.74000549316406,172.94000244140625,79717,0.0,0.0
2023-07-27 14:30:00-04:00,172.5,172.50999450683594,170.07000732421875,170.94500732421875,102786,0.0,0.0
2023-07-27 15:30:00-04:00,171.0800018310547,171.25,169.02999877929688,169.52999877929688,240132,0.0,0.0
2023-07-28 09:30:00-04:00,172.6300048828125,173.09500122070312,171.42999267578125,171.52999877929688,44654,0.0,0.0
2023-07-28 10:30:00-04:00,171.63999938964844,172.2100067138672,170.0800018310547,170.0800018310547,39882,0.0,0.0
2023-07-28 11:30:00-04:00,170.09500122070312,171.99000549316406,169.14999389648438,171.89999389648438,37490,0.0,0.0
2023-07-28 12:30:00-04:00,171.8000030517578,172.3699951171875,170.73500061035156,171.15499877929688,23630,0.0,0.0
2023-07-28 13:30:00-04:00,171.0399932861328,172.86500549316406,170.47999572753906,172.49000549316406,25210,0.0,0.0
2023-07-28 14:30:00-04:00,172.57000732421875,173.15499877929688,172.34500122070312,172.42999267578125,33604,0.0,0.0
2023-07-28 15:30:00-04:00,172.3800048828125,173.80999755859375,172.3800048828125,173.75999450683594,73555,0.0,0.0
2023-07-31 09:30:00-04:00,173.85000610351562,178.1999969482422,173.12399291992188,177.93499755859375,38269,0.0,0.0
2023-07-31 10:30:00-04:00,177.69000244140625,177.69000244140625,174.41000366210938,174.94000244140625,29805,0.0,0.0
2023-07-31 11:30:00-04:00,175.08999633789062,175.30999755859375,174.36000061035156,174.50999450683594,23538,0.0,0.0
2023-07-31 12:30:00-04:00,174.56500244140625,175.06500244140625,174.02000427246094,174.7100067138672,28408,0.0,0.0
2023-07-31 13:30:00-04:00,175.0,175.02000427246094,174.39500427246094,174.39999389648438,26496,0.0,0.0
2023-07-31 14:30:00-04:00,174.5355987548828,174.88999938964844,174.4499969482422,174.4499969482422,18827,0.0,0.0
2023-07-31 15:30:00-04:00,174.4550018310547,174.91000366210938,174.35000610351562,174.77999877929688,52661,0.0,0.0
2023-08-01 09:30:00-04:00,172.4199981689453,173.16000366210938,169.97999572753906,171.9600067138672,23108,0.0,0.0
2023-08-01 10:30:00-04:00,171.60000610351562,172.7100067138672,171.06500244140625,172.7100067138672,17368,0.0,0.0
2023-08-01 11:30:00-04:00,172.52000427246094,173.00999450683594,171.75,172.02000427246094,13038,0.0,0.0
2023-08-01 12:30:00-04:00,172.10000610351562,172.64999389648438,171.60299682617188,171.9199981689453,18526,0.0,0.0
2023-08-01 13:30:00-04:00,171.85000610351562,172.66000366210938,171.83999633789062,172.30999755859375,11941,0.0,0.0
2023-08-01 14:30:00-04:00,172.37240600585938,174.0399932861328,172.25999450683594,173.80499267578125,26624,0.0,0.0
2023-08-01 15:30:00-04:00,173.99000549316406,175.14999389648438,173.97000122070312,174.7100067138672,105317,0.0,0.0
2023-08-02 09:30:00-04:00,171.2100067138672,171.4600067138672,169.47000122070312,169.7449951171875,50824,0.0,0.0
2023-08-02 10:30:00-04:00,169.72500610351562,169.91000366210938,169.0,169.48500061035156,70631,0.0,0.0
2023-08-02 11:30:00-04:00,169.47999572753906,170.36500549316406,169.3300018310547,170.2899932861328,33039,0.0,0.0
2023-08-02 12:30:00-04:00,170.4499969482422,171.2100067138672,169.8800048828125,169.9550018310547,28521,0.0,0.0
2023-08-02 13:30:00-04:00,169.8699951171875,170.39500427246094,169.2899932861328,170.39500427246094,24255,0.0,0.0
2023-08-02 14:30:00-04:00,170.39500427246094,170.98500061035156,170.1199951171875,170.4199981689453,37170,0.0,0.0
2023-08-02 15:30:00-04:00,170.34500122070312,171.32000732421875,170.33250427246094,171.24000549316406,93539,0.0,0.0
2023-08-03 09:30:00-04:00,171.02000427246094,172.92999267578125,170.02000427246094,170.56500244140625,49512,0.0,0.0
2023-08-03 10:30:00-04:00,170.61000061035156,171.9949951171875,170.4149932861328,171.42999267578125,34416,0.0,0.0
2023-08-03 11:30:00-04:00,171.6649932861328,171.85989379882812,171.1300048828125,171.65499877929688,22910,0.0,0.0
2023-08-03 12:30:00-04:00,171.69000244140625,173.85000610351562,171.39999389648438,173.51499938964844,31782,0.0,0.0
2023-08-03 13:30:00-04:00,173.5050048828125,173.6999053955078,172.2200927734375,173.02999877929688,42748,0.0,0.0
2023-08-03 14:30:00-04:00,173.10000610351562,173.6898956298828,172.5500030517578,173.35000610351562,60331,0.0,0.0
2023-08-03 15:30:00-04:00,173.4199981689453,173.61500549316406,172.69000244140625,172.875,109636,0.0,0.0
2023-08-04 09:30:00-04:00,175.0800018310547,176.0500030517578,173.93499755859375,175.32000732421875,41291,0.0,0.0
2023-08-04 10:30:00-04:00,175.80999755859375,177.82000732421875,175.3800048828125,177.82000732421875,21284,0.0,0.0
2023-08-04 11:30:00-04:00,177.82000732421875,178.91000366210938,177.0,178.8350067138672,34229,0.0,0.0
2023-08-04 12:30:00-04:00,178.66000366210938,179.9550018310547,178.66000366210938,179.28500366210938,40721,0.0,0.0
2023-08-04 13:30:00-04:00,179.2100067138672,179.52999877929688,177.5,177.64999389648438,47881,0.0,0.0
2023-08-04 14:30:00-04:00,177.66000366210938,177.66000366210938,176.6300048828125,176.99000549316406,43698,0.0,0.0
2023-08-04 15:30:00-04:00,176.99000549316406,177.1300048828125,176.1300048828125,176.2100067138672,138143,0.0,0.0
2023-08-07 09:30:00-04:00,176.47999572753906,176.5,173.02000427246094,175.55999755859375,38818,0.0,0.0
2023-08-07 10:30:00-04:00,175.38999938964844,176.0500030517578,174.75,175.18499755859375,29078,0.0,0.0
2023-08-07 11:30:00-04:00,175.17999267578125,176.19000244140625,175.02000427246094,176.19000244140625,19469,0.0,0.0
2023-08-07 12:30:00-04:00,176.19000244140625,176.66000366210938,175.4550018310547,176.30499267578125,31107,0.0,0.0
2023-08-07 13:30:00-04:00,176.21499633789062,176.47000122070312,175.47000122070312,175.5500030517578,35762,0.0,0.0
2023-08-07 14:30:00-04:00,175.5850067138672,175.9199981689453,174.66000366210938,174.89500427246094,43284,0.0,0.0
2023-08-07 15:30:00-04:00,174.89999389648438,175.10000610351562,174.36000061035156,174.3800048828125,84821,0.0,0.0
2023-08-08 09:30:00-04:00,171.41000366210938,173.3300018310547,169.14999389648438,170.32000732421875,59134,0.0,0.0
2023-08-08 10:30:00-04:00,170.27000427246094,170.2899932861328,166.98500061035156,168.77499389648438,55363,0.0,0.0
2023-08-08 11:30:00-04:00,168.84500122070312,169.0850067138672,166.7949981689453,166.94500732421875,37317,0.0,0.0
2023-08-08 12:30:00-04:00,167.17999267578125,168.1699981689453,166.52499389648438,167.33999633789062,35804,0.0,0.0
2023-08-08 13:30:00-04:00,167.7050018310547,167.8699951171875,166.25,166.49000549316406,33647,0.0,0.0
2023-08-08 14:30:00-04:00,166.4499969482422,166.99000549316406,165.52999877929688,166.8000030517578,54881,0.0,0.0
2023-08-08 15:30:00-04:00,166.97999572753906,168.80999755859375,166.97999572753906,168.64999389648438,116010,0.0,0.0
2023-08-09 09:30:00-04:00,168.8300018310547,168.8300018310547,166.1199951171875,166.5800018310547,0,0.0,0.0
2023-08-09 10:30:00-04:00,166.47000122070312,167.6300048828125,165.02999877929688,165.4499969482422,68099,0.0,0.0
2023-08-09 11:30:00-04:00,165.4499969482422,168.39999389648438,165.4324951171875,168.24000549316406,22127,0.0,0.0
2023-08-09 12:30:00-04:00,168.41000366210938,169.13999938964844,167.9199981689453,168.0,18656,0.0,0.0
2023-08-09 13:30:00-04:00,168.1649932861328,168.35000610351562,166.89999389648438,167.33999633789062,20110,0.0,0.0
2023-08-09 14:30:00-04:00,167.50999450683594,167.57000732421875,165.99000549316406,166.4600067138672,36151,0.0,0.0
2023-08-09 15:30:00-04:00,166.5,166.91000366210938,166.36000061035156,166.4600067138672,47855,0.0,0.0
2023-08-10 09:30:00-04:00,167.3300018310547,170.2899932861328,165.26780700683594,169.2899932861328,19380,0.0,0.0
2023-08-10 10:30:00-04:00,169.4949951171875,169.4949951171875,167.61000061035156,167.92999267578125,24499,0.0,0.0
2023-08-10 11:30:00-04:00,168.1999969482422,168.5399932861328,167.34500122070312,168.13999938964844,16842,0.0,0.0
2023-08-10 12:30:00-04:00,167.97000122070312,168.72500610351562,167.47999572753906,167.8000030517578,19442,0.0,0.0
2023-08-10 13:30:00-04:00,167.77999877929688,168.55999755859375,167.55999755859375,168.19000244140625,37911,0.0,0.0
2023-08-10 14:30:00-04:00,168.42999267578125,169.0500030517578,167.88999938964844,168.25,38863,0.0,0.0
2023-08-10 15:30:00-04:00,168.4199981689453,170.07000732421875,168.27000427246094,170.02000427246094,123811,0.0,0.0
2023-08-11 09:30:00-04:00,168.39999389648438,171.24000549316406,167.10000610351562,170.78660583496094,34260,0.0,0.0
2023-08-11 10:30:00-04:00,171.1300048828125,171.3800048828125,170.4199981689453,170.6300048828125,20620,0.0,0.0
2023-08-11 11:30:00-04:00,170.52000427246094,171.69000244140625,170.19000244140625,171.39999389648438,19173,0.0,0.0
2023-08-11 12:30:00-04:00,171.49000549316406,172.22500610351562,171.1199951171875,172.08999633789062,31295,0.0,0.0
2023-08-11 13:30:00-04:00,172.08999633789062,172.52000427246094,171.46499633789062,172.4600067138672,42777,0.0,0.0
2023-08-11 14:30:00-04:00,172.44000244140625,172.6199951171875,171.91000366210938,172.6199951171875,40400,0.0,0.0
2023-08-11 15:30:00-04:00,172.6699981689453,173.13999938964844,172.07000732421875,172.10000610351562,90428,0.0,0.0
2023-08-14 09:30:00-04:00,171.07000732421875,172.25999450683594,170.0399932861328,172.0,84252,0.0,0.0
2023-08-14 10:30:00-04:00,172.30999755859375,173.35000610351562,171.85000610351562,173.0449981689453,48004,0.0,0.0
2023-08-14 11:30:00-04:00,173.11000061035156,173.74000549316406,172.63999938964844,173.57000732421875,31432,0.0,0.0
2023-08-14 12:30:00-04:00,173.57000732421875,174.91000366210938,173.57000732421875,174.8699951171875,23683,0.0,0.0
2023-08-14 13:30:00-04:00,174.89999389648438,175.6300048828125,174.4199981689453,175.15499877929688,34865,0.0,0.0
2023-08-14 14:30:00-04:00,175.16000366210938,176.0,174.5800018310547,175.66000366210938,45162,0.0,0.0
2023-08-14 15:30:00-04:00,175.69000244140625,175.99000549316406,175.3800048828125,175.6199951171875,77324,0.0,0.0
2023-08-15 09:30:00-04:00,173.49000549316406,175.02999877929688,172.27999877929688,173.66000366210938,26246,0.0,0.0
2023-08-15 10:30:00-04:00,173.3300018310547,174.1300048828125,173.26370239257812,173.8000030517578,45626,0.0,0.0
2023-08-15 11:30:00-04:00,173.75,173.8000030517578,172.0,172.91000366210938,29480,0.0,0.0
2023-08-15 12:30:00-04:00,172.9250030517578,172.9250030517578,172.30999755859375,172.32000732421875,33178,0.0,0.0
2023-08-15 13:30:00-04:00,172.11000061035156,172.6999969482422,172.10000610351562,172.28500366210938,26638,0.0,0.0
2023-08-15 14:30:00-04:00,172.41000366210938,172.5050048828125,171.17999267578125,171.4199981689453,60947,0.0,0.0
2023-08-15 15:30:00-04:00,171.4199981689453,171.75999450683594,170.75999450683594,171.14999389648438,108371,0.0,0.0
2023-08-16 09:30:00-04:00,169.9600067138672,171.10000610351562,169.2949981689453,170.0,42276,0.0,0.0
2023-08-16 10:30:00-04:00,170.0500030517578,171.39999389648438,169.61000061035156,169.80999755859375,43075,0.0,0.0
2023-08-16 11:30:00-04:00,169.81500244140625,170.0,168.32000732421875,168.63999938964844,34125,0.0,0.0
2023-08-16 12:30:00-04:00,168.5749969482422,169.22500610351562,168.3699951171875,168.86000061035156,23127,0.0,0.0
2023-08-16 13:30:00-04:00,168.8800048828125,169.63499450683594,168.39999389648438,169.47000122070312,25151,0.0,0.0
2023-08-16 14:30:00-04:00,169.57000732421875,169.5800018310547,167.45799255371094,168.02999877929688,62380,0.0,0.0
2023-08-16 15:30:00-04:00,168.0500030517578,168.22999572753906,167.75,167.9600067138672,101702,0.0,0.0
2023-08-17 09:30:00-04:00,167.02999877929688,167.6649932861328,163.86000061035156,165.7449951171875,83887,0.0,0.0
2023-08-17 10:30:00-04:00,165.99000549316406,166.05499267578125,164.47999572753906,164.60000610351562,36054,0.0,0.0
2023-08-17 11:30:00-04:00,164.60000610351562,165.55999755859375,163.65499877929688,165.42999267578125,41320,0.0,0.0
2023-08-17 12:30:00-04:00,165.61000061035156,165.8000030517578,164.02000427246094,164.52000427246094,66341,0.0,0.0
2023-08-17 13:30:00-04:00,164.66000366210938,164.72999572753906,163.7100067138672,164.14999389648438,72036,0.0,0.0
2023-08-17 14:30:00-04:00,163.99000549316406,164.14999389648438,162.22000122070312,162.9600067138672,115756,0.0,0.0
2023-08-17 15:30:00-04:00,162.80999755859375,163.86000061035156,162.5500030517578,162.89999389648438,246811,0.0,0.0
2023-08-18 09:30:00-04:00,166.39999389648438,180.8000030517578,166.39999389648438,180.32000732421875,290959,0.0,0.0
2023-08-18 10:30:00-04:00,180.32000732421875,184.77000427246094,179.05259704589844,179.2574005126953,255460,0.0,0.0
2023-08-18 11:30:00-04:00,179.55499267578125,180.66000366210938,178.73159790039062,179.05999755859375,201696,0.0,0.0
2023-08-18 12:30:00-04:00,178.94000244140625,180.44000244140625,178.8300018310547,179.76499938964844,127887,0.0,0.0
2023-08-18 13:30:00-04:00,179.76499938964844,180.05999755859375,178.39999389648438,178.91000366210938,114510,0.0,0.0
2023-08-18 14:30:00-04:00,178.89999389648438,179.66000366210938,177.74000549316406,177.94000244140625,137620,0.0,0.0
2023-08-18 15:30:00-04:00,177.94000244140625,177.9499969482422,175.2100067138672,175.88999938964844,250215,0.0,0.0
2023-08-21 09:30:00-04:00,175.24000549316406,178.36000061035156,172.66009521484375,172.66009521484375,94844,0.0,0.0
2023-08-21 10:30:00-04:00,172.97999572753906,173.8975067138672,172.22000122070312,173.28500366210938,60045,0.0,0.0
2023-08-21 11:30:00-04:00,173.38999938964844,175.08999633789062,173.38999938964844,174.78500366210938,50558,0.0,0.0
2023-08-21 12:30:00-04:00,174.94000244140625,176.14999389648438,174.6699981689453,176.02000427246094,40511,0.0,0.0
2023-08-21 13:30:00-04:00,175.72999572753906,176.0,173.52000427246094,173.52000427246094,28351,0.0,0.0
2023-08-21 14:30:00-04:00,173.53500366210938,175.07000732421875,172.3699951171875,174.9199981689453,61976,0.0,0.0
2023-08-21 15:30:00-04:00,174.86000061035156,175.9199981689453,174.72999572753906,175.6999969482422,117612,0.0,0.0
2023-08-22 09:30:00-04:00,178.77999877929688,181.22000122070312,177.8699951171875,179.8350067138672,47331,0.0,0.0
2023-08-22 10:30:00-04:00,179.7949981689453,180.55999755859375,179.4499969482422,179.58999633789062,77000,0.0,0.0
2023-08-22 11:30:00-04:00,179.7899932861328,180.57000732421875,179.42999267578125,180.57000732421875,53572,0.0,0.0
2023-08-22 12:30:00-04:00,180.3699951171875,182.5,180.22999572753906,182.3249969482422,51442,0.0,0.0
2023-08-22 13:30:00-04:00,182.5,182.89999389648438,181.5749969482422,182.80999755859375,49729,0.0,0.0
2023-08-22 14:30:00-04:00,183.0,186.22000122070312,183.0,185.16000366210938,128690,0.0,0.0
2023-08-22 15:30:00-04:00,185.10499572753906,185.38999938964844,184.38999938964844,184.39999389648438,199987,0.0,0.0
2023-08-23 09:30:00-04:00,185.05999755859375,188.60000610351562,184.47000122070312,187.13999938964844,63145,0.0,0.0
2023-08-23 10:30:00-04:00,187.16000366210938,190.75,187.16000366210938,190.4949951171875,95044,0.0,0.0
2023-08-23 11:30:00-04:00,190.55999755859375,192.18499755859375,190.34100341796875,191.4149932861328,58877,0.0,0.0
2023-08-23 12:30:00-04:00,191.63999938964844,192.7050018310547,190.55999755859375,191.81500244140625,59393,0.0,0.0
2023-08-23 13:30:00-04:00,191.6999969482422,191.88999938964844,190.9300994873047,191.7100067138672,53303,0.0,0.0
2023-08-23 14:30:00-04:00,191.8459930419922,194.82000732421875,191.73500061035156,194.77999877929688,112927,0.0,0.0
2023-08-23 15:30:00-04:00,194.8350067138672,195.0,191.32000732421875,191.97999572753906,131937,0.0,0.0
2023-08-24 09:30:00-04:00,195.0,195.0,190.9600067138672,191.6300048828125,37308,0.0,0.0
2023-08-24 10:30:00-04:00,191.2899932861328,191.3000030517578,188.63999938964844,189.4499969482422,32660,0.0,0.0
2023-08-24 11:30:00-04:00,189.2899932861328,189.33999633789062,187.5399932861328,188.6999969482422,21145,0.0,0.0
2023-08-24 12:30:00-04:00,188.8699951171875,189.3699951171875,188.30999755859375,188.53500366210938,12445,0.0,0.0
2023-08-24 13:30:00-04:00,188.65499877929688,189.30999755859375,188.22999572753906,188.88999938964844,30898,0.0,0.0
2023-08-24 14:30:00-04:00,189.0,189.5500030517578,188.5,188.68499755859375,50392,0.0,0.0
2023-08-24 15:30:00-04:00,188.75999450683594,189.02499389648438,186.8800048828125,186.8800048828125,70829,0.0,0.0
2023-08-25 09:30:00-04:00,188.5500030517578,189.3249969482422,186.6300048828125,187.1300048828125,17597,0.0,0.0
2023-08-25 10:30:00-04:00,187.1199951171875,187.34820556640625,184.91000366210938,185.88499450683594,13933,0.0,0.0
2023-08-25 11:30:00-04:00,185.4499969482422,188.58999633789062,185.25999450683594,188.3800048828125,22277,0.0,0.0
2023-08-25 12:30:00-04:00,188.2899932861328,189.72000122070312,188.0749969482422,188.38999938964844,16285,0.0,0.0
2023-08-25 13:30:00-04:00,188.50999450683594,190.0,188.47000122070312,189.9149932861328,12519,0.0,0.0
2023-08-25 14:30:00-04:00,190.00999450683594,191.906005859375,189.52490234375,191.30999755859375,33959,0.0,0.0
2023-08-25 15:30:00-04:00,191.30999755859375,191.67999267578125,190.64999389648438,190.86000061035156,71247,0.0,0.0
2023-08-28 09:30:00-04:00,191.22999572753906,193.97999572753906,190.3177947998047,193.63499450683594,58433,0.0,0.0
2023-08-28 10:30:00-04:00,193.99000549316406,195.0,193.52499389648438,194.375,23936,0.0,0.0
2023-08-28 11:30:00-04:00,194.33999633789062,194.33999633789062,193.45010375976562,193.80999755859375,16608,0.0,0.0
2023-08-28 12:30:00-04:00,193.84500122070312,194.3800048828125,193.60000610351562,194.26499938964844,20845,0.0,0.0
2023-08-28 13:30:00-04:00,194.4600067138672,194.5500030517578,193.05999755859375,193.2816925048828,33528,0.0,0.0
2023-08-28 14:30:00-04:00,193.08999633789062,193.75999450683594,192.80499267578125,193.30999755859375,34795,0.0,0.0
2023-08-28 15:30:00-04:00,193.3300018310547,193.77000427246094,192.66000366210938,193.27999877929688,68121,0.0,0.0
2023-08-29 09:30:00-04:00,192.6999969482422,196.6999969482422,192.6999969482422,196.4949951171875,33615,0.0,0.0
2023-08-29 10:30:00-04:00,196.63999938964844,198.5399932861328,196.5449981689453,197.83999633789062,62565,0.0,0.0
2023-08-29 11:30:00-04:00,197.6300048828125,198.6699981689453,197.57009887695312,198.25,30840,0.0,0.0
2023-08-29 12:30:00-04:00,198.3800048828125,199.75,198.24000549316406,199.55999755859375,60761,0.0,0.0
2023-08-29 13:30:00-04:00,199.66000366210938,199.8000030517578,198.96499633789062,199.67999267578125,77851,0.0,0.0
2023-08-29 14:30:00-04:00,199.77000427246094,200.6699981689453,199.5500030517578,200.18499755859375,128672,0.0,0.0
2023-08-29 15:30:00-04:00,200.05999755859375,200.3000030517578,199.8300018310547,200.14999389648438,82910,0.0,0.0
2023-08-30 09:30:00-04:00,199.27999877929688,199.9600067138672,198.00999450683594,198.86000061035156,23520,0.0,0.0
2023-08-30 10:30:00-04:00,199.25,202.9199981689453,199.24000549316406,202.47999572753906,34365,0.0,0.0
2023-08-30 11:30:00-04:00,202.94000244140625,203.5500030517578,202.5500030517578,202.69000244140625,17044,0.0,0.0
2023-08-30 12:30:00-04:00,202.63119506835938,203.27000427246094,201.30999755859375,202.97999572753906,40590,0.0,0.0
2023-08-30 13:30:00-04:00,203.52000427246094,204.61000061035156,202.77000427246094,204.13250732421875,18028,0.0,0.0
2023-08-30 14:30:00-04:00,203.47999572753906,204.22000122070312,202.49000549316406,203.63999938964844,45211,0.0,0.0
2023-08-30 15:30:00-04:00,203.75999450683594,204.47999572753906,203.19000244140625,203.27999877929688,76203,0.0,0.0
2023-08-31 09:30:00-04:00,203.5800018310547,208.50999450683594,203.5800018310547,208.27000427246094,69914,0.0,0.0
2023-08-31 10:30:00-04:00,208.25,209.2050018310547,207.55499267578125,209.02999877929688,59567,0.0,0.0
2023-08-31 11:30:00-04:00,208.9499969482422,209.0050048828125,207.02999877929688,207.89999389648438,43537,0.0,0.0
2023-08-31 12:30:00-04:00,207.3000030517578,208.4149932861328,207.3000030517578,208.22000122070312,39052,0.0,0.0
2023-08-31 13:30:00-04:00,208.38999938964844,208.61000061035156,207.4199981689453,207.5500030517578,23816,0.0,0.0
2023-08-31 14:30:00-04:00,207.55999755859375,207.7449951171875,206.19000244140625,206.2899932861328,45699,0.0,0.0
2023-08-31 15:30:00-04:00,206.24000549316406,206.55999755859375,204.30999755859375,204.44000244140625,101763,0.0,0.0
2023-09-01 09:30:00-04:00,206.0,206.85760498046875,202.14999389648438,203.72000122070312,33255,0.0,0.0
2023-09-01 10:30:00-04:00,203.66000366210938,204.25,201.9550018310547,203.6699981689453,36270,0.0,0.0
2023-09-01 11:30:00-04:00,204.02000427246094,204.02000427246094,202.47000122070312,202.6699981689453,17787,0.0,0.0
2023-09-01 12:30:00-04:00,202.80999755859375,203.16000366210938,202.1699981689453,202.33999633789062,15065,0.0,0.0
2023-09-01 13:30:00-04:00,202.67999267578125,202.75,201.7899932861328,202.02000427246094,16701,0.0,0.0
2023-09-01 14:30:00-04:00,201.80999755859375,203.1457061767578,201.80999755859375,202.93499755859375,23467,0.0,0.0
2023-09-01 15:30:00-04:00,202.77000427246094,203.00999450683594,202.10000610351562,202.27000427246094,53853,0.0,0.0
2023-09-05 09:30:00-04:00,202.0,205.05999755859375,201.2790985107422,204.02999877929688,50617,0.0,0.0
2023-09-05 10:30:00-04:00,204.13999938964844,205.52000427246094,203.3800048828125,203.3800048828125,28103,0.0,0.0
2023-09-05 11:30:00-04:00,203.35000610351562,207.42999267578125,203.1999969482422,207.27000427246094,47184,0.0,0.0
2023-09-05 12:30:00-04:00,207.58999633789062,207.9499969482422,206.7716064453125,207.0399932861328,39639,0.0,0.0
2023-09-05 13:30:00-04:00,207.0399932861328,207.52000427246094,206.92999267578125,207.3000030517578,24369,0.0,0.0
2023-09-05 14:30:00-04:00,207.33999633789062,207.33999633789062,205.6699981689453,206.17999267578125,23704,0.0,0.0
2023-09-05 15:30:00-04:00,206.1300048828125,206.69000244140625,205.90499877929688,206.5800018310547,59406,0.0,0.0
2023-09-06 09:30:00-04:00,208.5500030517578,210.0,206.66000366210938,206.9149932861328,60536,0.0,0.0
2023-09-06 10:30:00-04:00,206.6300048828125,208.05999755859375,206.55999755859375,208.05999755859375,36547,0.0,0.0
2023-09-06 11:30:00-04:00,207.99000549316406,207.99000549316406,205.3300018310547,205.3300018310547,19052,0.0,0.0
2023-09-06 12:30:00-04:00,205.0,205.66000366210938,204.33999633789062,204.57000732421875,38447,0.0,0.0
2023-09-06 13:30:00-04:00,204.17999267578125,205.83999633789062,204.05999755859375,205.83999633789062,32386,0.0,0.0
2023-09-06 14:30:00-04:00,205.92999267578125,205.99000549316406,203.22000122070312,203.46499633789062,49394,0.0,0.0
2023-09-06 15:30:00-04:00,203.47999572753906,204.05499267578125,203.02000427246094,203.10000610351562,80687,0.0,0.0
2023-09-07 09:30:00-04:00,199.94000244140625,202.97999572753906,199.39999389648438,202.09500122070312,28792,0.0,0.0
2023-09-07 10:30:00-04:00,202.14999389648438,203.97500610351562,201.22999572753906,202.38999938964844,37853,0.0,0.0
2023-09-07 11:30:00-04:00,202.42999267578125,203.80999755859375,202.4149932861328,203.6750030517578,25351,0.0,0.0
2023-09-07 12:30:00-04:00,203.80999755859375,204.1699981689453,203.41000366210938,204.13999938964844,17785,0.0,0.0
2023-09-07 13:30:00-04:00,204.1300048828125,205.8699951171875,203.2899932861328,205.5,34006,0.0,0.0
2023-09-07 14:30:00-04:00,205.6999969482422,206.3800048828125,205.14999389648438,205.9600067138672,34648,0.0,0.0
2023-09-07 15:30:00-04:00,206.22500610351562,206.23500061035156,204.44000244140625,204.44000244140625,71933,0.0,0.0
2023-09-08 09:30:00-04:00,202.9199981689453,205.16000366210938,201.7100067138672,201.7449951171875,25209,0.0,0.0
2023-09-08 10:30:00-04:00,201.42999267578125,202.60000610351562,199.74000549316406,202.47999572753906,25958,0.0,0.0
2023-09-08 11:30:00-04:00,202.4499969482422,202.84500122070312,200.89999389648438,201.32000732421875,28365,0.0,0.0
2023-09-08 12:30:00-04:00,200.85000610351562,202.39999389648438,200.55999755859375,202.39999389648438,27884,0.0,0.0
2023-09-08 13:30:00-04:00,202.61000061035156,202.75,201.8699951171875,202.05999755859375,32275,0.0,0.0
2023-09-08 14:30:00-04:00,202.06500244140625,202.75,200.99000549316406,201.64999389648438,65895,0.0,0.0
2023-09-08 15:30:00-04:00,201.64999389648438,202.69000244140625,200.72500610351562,202.4600067138672,88694,0.0,0.0
2023-09-11 09:30:00-04:00,202.91000366210938,203.72999572753906,200.99000549316406,201.8699951171875,48007,0.0,0.0
2023-09-11 10:30:00-04:00,201.86000061035156,203.47500610351562,201.75999450683594,202.47999572753906,37594,0.0,0.0
2023-09-11 11:30:00-04:00,202.56500244140625,202.67300415039062,200.2100067138672,200.2100067138672,22444,0.0,0.0
2023-09-11 12:30:00-04:00,200.0,200.00999450683594,198.75999450683594,199.28500366210938,21815,0.0,0.0
2023-09-11 13:30:00-04:00,199.20750427246094,199.20750427246094,198.1699981689453,198.7899932861328,19317,0.0,0.0
2023-09-11 14:30:00-04:00,198.83999633789062,199.64500427246094,198.27999877929688,199.47500610351562,24427,0.0,0.0
2023-09-11 15:30:00-04:00,199.5399932861328,199.5399932861328,198.4199981689453,199.14999389648438,48183,0.0,0.0
2023-09-12 09:30:00-04:00,197.11000061035156,200.3300018310547,196.4499969482422,198.5,18706,0.0,0.0
2023-09-12 10:30:00-04:00,198.1999969482422,198.86000061035156,195.25999450683594,195.92999267578125,32982,0.0,0.0
2023-09-12 11:30:00-04:00,195.86500549316406,196.83999633789062,195.82000732421875,196.53500366210938,24163,0.0,0.0
2023-09-12 12:30:00-04:00,196.52000427246094,196.97999572753906,195.69000244140625,196.77000427246094,22570,0.0,0.0
2023-09-12 13:30:00-04:00,197.00999450683594,197.36000061035156,195.3699951171875,195.47999572753906,22474,0.0,0.0
2023-09-12 14:30:00-04:00,195.4499969482422,195.47999572753906,194.77499389648438,194.8800048828125,37687,0.0,0.0
2023-09-12 15:30:00-04:00,194.9499969482422,195.86000061035156,194.64999389648438,195.83999633789062,71835,0.0,0.0
2023-09-13 09:30:00-04:00,194.63999938964844,195.22000122070312,191.4499969482422,191.97999572753906,35392,0.0,0.0
2023-09-13 10:30:00-04:00,191.88999938964844,194.3800048828125,191.88999938964844,194.1699981689453,34737,0.0,0.0
2023-09-13 11:30:00-04:00,194.4199981689453,195.00999450683594,193.77999877929688,194.67999267578125,55075,0.0,0.0
2023-09-13 12:30:00-04:00,194.61500549316406,196.10000610351562,194.47000122070312,195.64999389648438,44995,0.0,0.0
2023-09-13 13:30:00-04:00,195.6699981689453,196.44000244140625,195.3699951171875,195.6300048828125,33022,0.0,0.0
2023-09-13 14:30:00-04:00,195.7449951171875,196.8699951171875,195.58999633789062,196.69500732421875,42671,0.0,0.0
2023-09-13 15:30:00-04:00,196.8300018310547,197.2899932861328,195.27999877929688,195.97000122070312,85484,0.0,0.0
2023-09-14 09:30:00-04:00,197.33999633789062,197.60000610351562,195.39999389648438,197.5,33169,0.0,0.0
2023-09-14 10:30:00-04:00,197.72000122070312,200.91000366210938,197.72000122070312,200.83999633789062,55787,0.0,0.0
2023-09-14 11:30:00-04:00,200.83999633789062,202.9199981689453,200.83999633789062,202.30999755859375,44995,0.0,0.0
2023-09-14 12:30:00-04:00,202.0500030517578,203.6707000732422,201.9499969482422,203.52499389648438,33087,0.0,0.0
2023-09-14 13:30:00-04:00,203.72000122070312,204.3300018310547,202.75,203.38999938964844,50026,0.0,0.0
2023-09-14 14:30:00-04:00,203.40499877929688,203.6999969482422,202.1300048828125,202.30999755859375,40188,0.0,0.0
2023-09-14 15:30:00-04:00,202.27999877929688,203.57000732421875,202.27999877929688,203.5399932861328,82789,0.0,0.0
2023-09-15 09:30:00-04:00,202.33999633789062,202.8249969482422,199.85499572753906,200.4499969482422,31551,0.0,0.0
2023-09-15 10:30:00-04:00,200.67999267578125,201.47000122070312,199.47999572753906,200.80499267578125,39289,0.0,0.0
2023-09-15 11:30:00-04:00,201.0,202.0,200.97000122070312,201.42999267578125,16914,0.0,0.0
2023-09-15 12:30:00-04:00,201.19000244140625,201.93499755859375,200.41000366210938,200.50999450683594,13899,0.0,0.0
2023-09-15 13:30:00-04:00,200.4499969482422,200.6199951171875,199.86000061035156,200.01499938964844,29797,0.0,0.0
2023-09-15 14:30:00-04:00,200.00999450683594,200.5449981689453,199.875,200.25999450683594,20745,0.0,0.0
2023-09-15 15:30:00-04:00,200.25999450683594,201.0800018310547,199.9250030517578,200.61000061035156,55699,0.0,0.0
2023-09-18 09:30:00-04:00,198.97999572753906,199.91000366210938,196.49000549316406,199.3300018310547,49938,0.0,0.0
2023-09-18 10:30:00-04:00,199.97999572753906,201.0399932861328,199.16000366210938,201.0399932861328,22167,0.0,0.0
2023-09-18 11:30:00-04:00,200.7949981689453,201.42999267578125,199.94000244140625,199.9949951171875,64614,0.0,0.0
2023-09-18 12:30:00-04:00,200.0,201.125,199.86000061035156,200.36000061035156,22682,0.0,0.0
2023-09-18 13:30:00-04:00,200.1300048828125,201.6699981689453,200.07000732421875,201.39999389648438,24655,0.0,0.0
2023-09-18 14:30:00-04:00,201.6699981689453,201.6699981689453,200.60000610351562,200.69000244140625,23781,0.0,0.0
2023-09-18 15:30:00-04:00,200.5800018310547,201.4149932861328,200.52999877929688,200.8699951171875,58883,0.0,0.0
2023-09-19 09:30:00-04:00,199.5500030517578,203.55999755859375,198.99000549316406,202.5800018310547,40616,0.0,0.0
2023-09-19 10:30:00-04:00,202.42999267578125,205.94500732421875,202.32000732421875,205.25,104379,0.0,0.0
2023-09-19 11:30:00-04:00,205.44000244140625,206.75999450683594,204.1699981689453,204.5,35921,0.0,0.0
2023-09-19 12:30:00-04:00,204.36000061035156,205.0800018310547,202.35000610351562,204.44000244140625,31242,0.0,0.0
2023-09-19 13:30:00-04:00,204.61500549316406,206.30499267578125,204.1999969482422,205.4364013671875,72661,0.0,0.0
2023-09-19 14:30:00-04:00,205.48500061035156,206.41000366210938,204.58999633789062,204.83999633789062,33455,0.0,0.0
2023-09-19 15:30:00-04:00,204.8000030517578,204.875,203.22000122070312,203.42999267578125,84145,0.0,0.0
2023-09-20 09:30:00-04:00,205.74000549316406,208.10000610351562,204.4600067138672,207.97999572753906,37289,0.0,0.0
2023-09-20 10:30:00-04:00,208.0,209.7550048828125,206.72999572753906,207.52999877929688,60182,0.0,0.0
2023-09-20 11:30:00-04:00,207.25,207.6300048828125,204.66000366210938,205.55999755859375,28387,0.0,0.0
2023-09-20 12:30:00-04:00,205.7100067138672,207.41000366210938,205.2100067138672,207.2050018310547,23117,0.0,0.0
2023-09-20 13:30:00-04:00,207.0,207.83999633789062,206.0399932861328,207.83999633789062,20167,0.0,0.0
2023-09-20 14:30:00-04:00,207.83999633789062,208.5800018310547,207.07000732421875,208.0,45983,0.0,0.0
2023-09-20 15:30:00-04:00,207.875,207.97500610351562,204.0399932861328,204.13999938964844,70324,0.0,0.0
2023-09-21 09:30:00-04:00,200.89999389648438,200.89999389648438,194.0,196.1999969482422,48057,0.0,0.0
2023-09-21 10:30:00-04:00,196.2100067138672,196.50999450683594,193.66000366210938,194.0749969482422,28493,0.0,0.0
2023-09-21 11:30:00-04:00,194.10499572753906,197.13499450683594,194.0,195.6999969482422,34255,0.0,0.0
2023-09-21 12:30:00-04:00,195.63499450683594,198.6699981689453,195.63499450683594,198.47999572753906,16124,0.0,0.0
2023-09-21 13:30:00-04:00,198.57000732421875,198.58999633789062,197.3699951171875,197.9499969482422,20185,0.0,0.0
2023-09-21 14:30:00-04:00,198.1199951171875,198.9600067138672,197.11000061035156,198.36000061035156,71538,0.0,0.0
2023-09-21 15:30:00-04:00,198.41000366210938,199.14999389648438,198.1824951171875,198.57000732421875,73085,0.0,0.0
2023-09-22 09:30:00-04:00,200.5500030517578,200.6999969482422,197.4199981689453,198.3000030517578,21790,0.0,0.0
2023-09-22 10:30:00-04:00,199.2550048828125,201.1300048828125,199.2042999267578,200.3000030517578,11901,0.0,0.0
2023-09-22 11:30:00-04:00,200.50790405273438,200.9600067138672,200.02000427246094,200.49000549316406,6612,0.0,0.0
2023-09-22 12:30:00-04:00,200.47000122070312,201.3249969482422,200.47000122070312,200.55999755859375,7621,0.0,0.0
2023-09-22 13:30:00-04:00,200.55999755859375,200.625,198.91000366210938,198.9499969482422,8816,0.0,0.0
2023-09-22 14:30:00-04:00,198.91000366210938,201.38999938964844,198.7899932861328,201.13999938964844,15379,0.0,0.0
2023-09-22 15:30:00-04:00,201.27999877929688,201.27999877929688,199.5800018310547,199.72000122070312,32419,0.0,0.0
2023-09-25 09:30:00-04:00,200.1999969482422,202.4683074951172,199.27499389648438,199.33999633789062,17906,0.0,0.0
2023-09-25 10:30:00-04:00,199.64500427246094,200.80999755859375,198.5449981689453,200.30999755859375,49916,0.0,0.0
2023-09-25 11:30:00-04:00,200.6699981689453,201.3000030517578,200.4250030517578,200.8800048828125,14711,0.0,0.0
2023-09-25 12:30:00-04:00,200.88999938964844,202.19749450683594,200.57000732421875,201.6300048828125,18008,0.0,0.0
2023-09-25 13:30:00-04:00,201.77000427246094,202.28419494628906,201.39999389648438,201.6300048828125,13931,0.0,0.0
2023-09-25 14:30:00-04:00,201.74000549316406,202.1999969482422,200.5,200.97500610351562,17245,0.0,0.0
2023-09-25 15:30:00-04:00,201.1300048828125,201.3300018310547,200.48500061035156,200.7899932861328,55681,0.0,0.0
2023-09-26 09:30:00-04:00,198.75,200.13999938964844,197.5800018310547,199.47999572753906,28569,0.0,0.0
2023-09-26 10:30:00-04:00,199.25,199.36000061035156,197.13999938964844,197.92999267578125,23108,0.0,0.0
2023-09-26 11:30:00-04:00,197.82000732421875,198.08999633789062,196.83999633789062,197.27000427246094,19554,0.0,0.0
2023-09-26 12:30:00-04:00,196.9199981689453,198.30499267578125,196.9199981689453,197.86500549316406,26786,0.0,0.0
2023-09-26 13:30:00-04:00,197.85499572753906,198.08999633789062,197.15570068359375,197.75,36874,0.0,0.0
2023-09-26 14:30:00-04:00,197.81500244140625,198.02999877929688,196.60000610351562,196.7050018310547,38894,0.0,0.0
2023-09-26 15:30:00-04:00,196.66000366210938,197.4499969482422,196.47999572753906,197.3699951171875,62510,0.0,0.0
2023-09-27 09:30:00-04:00,199.41000366210938,201.72999572753906,198.74000549316406,201.17999267578125,51414,0.0,0.0
2023-09-27 10:30:00-04:00,201.16000366210938,201.16000366210938,197.94000244140625,198.02999877929688,19124,0.0,0.0
2023-09-27 11:30:00-04:00,198.00999450683594,198.02000427246094,196.4499969482422,197.42999267578125,28356,0.0,0.0
2023-09-27 12:30:00-04:00,197.47500610351562,197.8300018310547,195.5800018310547,195.5800018310547,37082,0.0,0.0
2023-09-27 13:30:00-04:00,195.60000610351562,195.8000030517578,194.39999389648438,194.88999938964844,39609,0.0,0.0
2023-09-27 14:30:00-04:00,194.89999389648438,197.77499389648438,194.83999633789062,195.75999450683594,55758,0.0,0.0
2023-09-27 15:30:00-04:00,195.74000549316406,195.82000732421875,194.1199951171875,194.4600067138672,82732,0.0,0.0
2023-09-28 09:30:00-04:00,193.0800018310547,194.27999877929688,191.8699951171875,193.52999877929688,30562,0.0,0.0
2023-09-28 10:30:00-04:00,193.1199951171875,196.77000427246094,192.24000549316406,196.77000427246094,49018,0.0,0.0
2023-09-28 11:30:00-04:00,197.11000061035156,198.5399932861328,197.11000061035156,198.5124969482422,31437,0.0,0.0
2023-09-28 12:30:00-04:00,198.5050048828125,198.6300048828125,196.91000366210938,197.5157012939453,25364,0.0,0.0
2023-09-28 13:30:00-04:00,197.58999633789062,198.22999572753906,196.60000610351562,198.14999389648438,47910,0.0,0.0
2023-09-28 14:30:00-04:00,198.25999450683594,198.97999572753906,197.25,198.89500427246094,31267,0.0,0.0
2023-09-28 15:30:00-04:00,198.97000122070312,199.4499969482422,198.38999938964844,198.5,74347,0.0,0.0
2023-09-29 09:30:00-04:00,201.55999755859375,204.4600067138672,201.55999755859375,202.85499572753906,37960,0.0,0.0
2023-09-29 10:30:00-04:00,203.1699981689453,205.27999877929688,203.1699981689453,203.5800018310547,48449,0.0,0.0
2023-09-29 11:30:00-04:00,203.6999969482422,203.7899932861328,202.52000427246094,202.72999572753906,17031,0.0,0.0
2023-09-29 12:30:00-04:00,202.60000610351562,203.07000732421875,200.5500030517578,200.81500244140625,22416,0.0,0.0
2023-09-29 13:30:00-04:00,200.72500610351562,200.97999572753906,198.74000549316406,198.75,34008,0.0,0.0
2023-09-29 14:30:00-04:00,198.74000549316406,199.80499267578125,198.02000427246094,198.44000244140625,63374,0.0,0.0
2023-09-29 15:30:00-04:00,198.46499633789062,198.6699981689453,197.24000549316406,197.91000366210938,106279,0.0,0.0
2023-10-02 09:30:00-04:00,197.88999938964844,201.13499450683594,197.1699981689453,200.75999450683594,31375,0.0,0.0
2023-10-02 10:30:00-04:00,200.55999755859375,204.3699951171875,200.4600067138672,203.94500732421875,43284,0.0,0.0
2023-10-02 11:30:00-04:00,203.94500732421875,204.00999450683594,201.19000244140625,201.86000061035156,47535,0.0,0.0
2023-10-02 12:30:00-04:00,201.67999267578125,202.30999755859375,200.4600067138672,201.27000427246094,38467,0.0,0.0
2023-10-02 13:30:00-04:00,201.47000122070312,202.42999267578125,200.8800048828125,201.375,30296,0.0,0.0
2023-10-02 14:30:00-04:00,201.3699951171875,201.3699951171875,200.35000610351562,200.55999755859375,39382,0.0,0.0
2023-10-02 15:30:00-04:00,200.7100067138672,201.22000122070312,200.0500030517578,200.80999755859375,70859,0.0,0.0
2023-10-03 09:30:00-04:00,199.27999877929688,201.5050048828125,197.8249969482422,197.8249969482422,26003,0.0,0.0
2023-10-03 10:30:00-04:00,198.13999938964844,198.4499969482422,196.5749969482422,196.77000427246094,21017,0.0,0.0
2023-10-03 11:30:00-04:00,196.7949981689453,196.7949981689453,194.2895050048828,194.77999877929688,40389,0.0,0.0
2023-10-03 12:30:00-04:00,194.69000244140625,194.69000244140625,192.89849853515625,192.99000549316406,45786,0.0,0.0
2023-10-03 13:30:00-04:00,193.1300048828125,193.53790283203125,191.52000427246094,191.72500610351562,34358,0.0,0.0
2023-10-03 14:30:00-04:00,191.89999389648438,192.97999572753906,191.89999389648438,192.10000610351562,34855,0.0,0.0
2023-10-03 15:30:00-04:00,192.24000549316406,192.4550018310547,191.9499969482422,192.35499572753906,65942,0.0,0.0
2023-10-04 09:30:00-04:00,193.80999755859375,196.63999938964844,193.10499572753906,194.60000610351562,47715,0.0,0.0
2023-10-04 10:30:00-04:00,194.8000030517578,196.0500030517578,194.07000732421875,195.63499450683594,28932,0.0,0.0
2023-10-04 11:30:00-04:00,195.7050018310547,197.63999938964844,195.7050018310547,197.14999389648438,27598,0.0,0.0
2023-10-04 12:30:00-04:00,197.2100067138672,197.64999389648438,196.58999633789062,196.7949981689453,12282,0.0,0.0
2023-10-04 13:30:00-04:00,196.7550048828125,197.1199951171875,195.9250030517578,196.44000244140625,16902,0.0,0.0
2023-10-04 14:30:00-04:00,196.3800048828125,197.81500244140625,196.2100067138672,197.80999755859375,20389,0.0,0.0
2023-10-04 15:30:00-04:00,197.88999938964844,198.42999267578125,197.32000732421875,197.91000366210938,87537,0.0,0.0
2023-10-05 09:30:00-04:00,197.0,198.30499267578125,196.22000122070312,198.03500366210938,36632,0.0,0.0
2023-10-05 10:30:00-04:00,197.75,198.27000427246094,195.48500061035156,195.66000366210938,123936,0.0,0.0
2023-10-05 11:30:00-04:00,195.42999267578125,197.61000061035156,195.24249267578125,196.4499969482422,30357,0.0,0.0
2023-10-05 12:30:00-04:00,196.35000610351562,196.42999267578125,195.41000366210938,196.42999267578125,24362,0.0,0.0
2023-10-05 13:30:00-04:00,196.22999572753906,197.9149932861328,196.22999572753906,197.07000732421875,20159,0.0,0.0
2023-10-05 14:30:00-04:00,197.28500366210938,198.69000244140625,197.28500366210938,197.65499877929688,45206,0.0,0.0
2023-10-05 15:30:00-04:00,197.77999877929688,199.49000549316406,197.07000732421875,197.8300018310547,108201,0.0,0.0
2023-10-06 09:30:00-04:00,196.0,196.25,193.2100067138672,194.80999755859375,42138,0.0,0.0
2023-10-06 10:30:00-04:00,194.77000427246094,197.86000061035156,194.77000427246094,197.05999755859375,40883,0.0,0.0
2023-10-06 11:30:00-04:00,197.1649932861328,199.02999877929688,196.88999938964844,198.57000732421875,53417,0.0,0.0
2023-10-06 12:30:00-04:00,198.5,202.1999969482422,198.25,202.19000244140625,51853,0.0,0.0
2023-10-06 13:30:00-04:00,202.27000427246094,202.27000427246094,201.1999969482422,201.67999267578125,17365,0.0,0.0
2023-10-06 14:30:00-04:00,201.4499969482422,202.2100067138672,200.11000061035156,202.18499755859375,57385,0.0,0.0
2023-10-06 15:30:00-04:00,202.17999267578125,202.74740600585938,201.5399932861328,201.67999267578125,76752,0.0,0.0
2023-10-09 09:30:00-04:00,199.0399932861328,199.74000549316406,197.19500732421875,199.1699981689453,30247,0.0,0.0
2023-10-09 10:30:00-04:00,198.96499633789062,199.63999938964844,196.94000244140625,197.22999572753906,24575,0.0,0.0
2023-10-09 11:30:00-04:00,197.2550048828125,198.3699951171875,197.16000366210938,198.0800018310547,22322,0.0,0.0
2023-10-09 12:30:00-04:00,198.13999938964844,198.55250549316406,197.5399932861328,198.07000732421875,57215,0.0,0.0
2023-10-09 13:30:00-04:00,198.33999633789062,198.33999633789062,197.63999938964844,197.8699951171875,37630,0.0,0.0
2023-10-09 14:30:00-04:00,197.9600067138672,197.9600067138672,197.17999267578125,197.25250244140625,59642,0.0,0.0
2023-10-09 15:30:00-04:00,197.2100067138672,197.2100067138672,196.30999755859375,196.8300018310547,83356,0.0,0.0
2023-10-10 09:30:00-04:00,197.02000427246094,201.74000549316406,196.30499267578125,201.0,104988,0.0,0.0
2023-10-10 10:30:00-04:00,200.9600067138672,201.5449981689453,199.16000366210938,201.10000610351562,71915,0.0,0.0
2023-10-10 11:30:00-04:00,200.85000610351562,201.0,200.0269012451172,200.14500427246094,43964,0.0,0.0
2023-10-10 12:30:00-04:00,200.07000732421875,200.09500122070312,198.875,199.22000122070312,33256,0.0,0.0
2023-10-10 13:30:00-04:00,199.22999572753906,199.69000244140625,198.8699951171875,198.92999267578125,38460,0.0,0.0
2023-10-10 14:30:00-04:00,198.97999572753906,200.83999633789062,198.5800018310547,199.49000549316406,46840,0.0,0.0
2023-10-10 15:30:00-04:00,199.66000366210938,199.77999877929688,199.1199951171875,199.44000244140625,118393,0.0,0.0
2023-10-11 09:30:00-04:00,199.4199981689453,202.6649932861328,197.7899932861328,198.5449981689453,60740,0.0,0.0
2023-10-11 10:30:00-04:00,198.35000610351562,198.9600067138672,196.77999877929688,196.9199981689453,39959,0.0,0.0
2023-10-11 11:30:00-04:00,197.1114959716797,198.22000122070312,196.3970947265625,196.6300048828125,35210,0.0,0.0
2023-10-11 12:30:00-04:00,196.97999572753906,196.97999572753906,195.1699981689453,195.1699981689453,29484,0.0,0.0
2023-10-11 13:30:00-04:00,195.0449981689453,196.2899932861328,194.5,196.08999633789062,31934,0.0,0.0
2023-10-11 14:30:00-04:00,196.0500030517578,196.4499969482422,195.9199981689453,196.3350067138672,36891,0.0,0.0
2023-10-11 15:30:00-04:00,196.33999633789062,196.33999633789062,195.6300048828125,195.9199981689453,111793,0.0,0.0
2023-10-12 09:30:00-04:00,194.27000427246094,194.27000427246094,189.58999633789062,191.30499267578125,0,0.0,0.0
2023-10-12 10:30:00-04:00,191.13999938964844,191.13999938964844,188.1374969482422,189.3249969482422,31889,0.0,0.0
2023-10-12 11:30:00-04:00,189.13800048828125,190.3000030517578,189.0800018310547,189.96499633789062,22031,0.0,0.0
2023-10-12 12:30:00-04:00,189.81500244140625,190.05499267578125,186.47000122070312,186.47000122070312,32718,0.0,0.0
2023-10-12 13:30:00-04:00,187.10000610351562,187.14999389648438,186.14999389648438,186.94000244140625,29463,0.0,0.0
2023-10-12 14:30:00-04:00,186.9199981689453,188.30999755859375,186.7100067138672,188.11000061035156,26466,0.0,0.0
2023-10-12 15:30:00-04:00,188.02999877929688,188.0800018310547,187.41000366210938,187.57000732421875,94271,0.0,0.0
2023-10-13 09:30:00-04:00,186.16000366210938,189.61000061035156,184.69000244140625,189.61000061035156,48866,0.0,0.0
2023-10-13 10:30:00-04:00,189.36000061035156,189.36500549316406,186.63999938964844,187.33999633789062,58416,0.0,0.0
2023-10-13 11:30:00-04:00,187.18699645996094,188.8000030517578,186.72000122070312,188.24000549316406,63857,0.0,0.0
2023-10-13 12:30:00-04:00,188.19000244140625,188.19000244140625,187.1199951171875,187.1199951171875,20215,0.0,0.0
2023-10-13 13:30:00-04:00,187.02499389648438,187.8699951171875,186.58999633789062,187.24000549316406,52852,0.0,0.0
2023-10-13 14:30:00-04:00,187.50999450683594,189.0,187.27999877929688,188.92999267578125,46242,0.0,0.0
2023-10-13 15:30:00-04:00,189.00999450683594,190.47999572753906,188.99000549316406,190.42999267578125,81164,0.0,0.0
2023-10-16 09:30:00-04:00,191.5,194.8804931640625,188.13999938964844,194.7899932861328,28518,0.0,0.0
2023-10-16 10:30:00-04:00,194.69000244140625,195.3000030517578,193.42999267578125,194.38999938964844,25556,0.0,0.0
2023-10-16 11:30:00-04:00,194.4199981689453,194.4199981689453,192.72000122070312,194.05999755859375,22260,0.0,0.0
2023-10-16 12:30:00-04:00,194.13999938964844,194.88999938964844,193.1199951171875,194.0,21761,0.0,0.0
2023-10-16 13:30:00-04:00,193.94500732421875,195.19000244140625,193.94500732421875,194.38999938964844,19683,0.0,0.0
2023-10-16 14:30:00-04:00,194.27000427246094,194.60000610351562,193.61000061035156,194.5800018310547,29641,0.0,0.0
2023-10-16 15:30:00-04:00,194.50750732421875,194.75999450683594,194.1699981689453,194.42999267578125,52051,0.0,0.0
2023-10-17 09:30:00-04:00,191.39999389648438,197.67999267578125,191.39999389648438,197.67999267578125,58378,0.0,0.0
2023-10-17 10:30:00-04:00,197.64999389648438,199.52000427246094,197.25999450683594,199.47999572753906,38294,0.0,0.0
2023-10-17 11:30:00-04:00,199.57000732421875,200.92999267578125,199.5399932861328,200.60000610351562,66252,0.0,0.0
2023-10-17 12:30:00-04:00,200.67999267578125,201.69000244140625,199.92999267578125,200.0050048828125,91922,0.0,0.0
2023-10-17 13:30:00-04:00,200.0,200.32000732421875,198.35499572753906,199.0800018310547,73175,0.0,0.0
2023-10-17 14:30:00-04:00,198.8800048828125,199.91000366210938,198.72999572753906,199.0399932861328,54397,0.0,0.0
2023-10-17 15:30:00-04:00,199.0500030517578,199.24000549316406,198.6300048828125,199.0500030517578,86816,0.0,0.0
2023-10-18 09:30:00-04:00,195.6699981689453,196.83999633789062,189.69000244140625,193.4499969482422,169100,0.0,0.0
2023-10-18 10:30:00-04:00,192.6199951171875,194.27999877929688,191.1999969482422,191.24000549316406,58234,0.0,0.0
2023-10-18 11:30:00-04:00,191.30999755859375,193.57000732421875,191.08999633789062,192.47000122070312,54398,0.0,0.0
2023-10-18 12:30:00-04:00,192.47000122070312,193.50999450683594,192.17999267578125,192.8800048828125,65360,0.0,0.0
2023-10-18 13:30:00-04:00,192.9250030517578,192.9250030517578,191.5399932861328,191.72999572753906,50698,0.0,0.0
2023-10-18 14:30:00-04:00,192.14999389648438,193.10000610351562,191.36160278320312,192.19000244140625,80640,0.0,0.0
2023-10-18 15:30:00-04:00,192.1699981689453,192.1999969482422,189.1300048828125,189.57000732421875,59744,0.0,0.0
2023-10-19 09:30:00-04:00,190.9199981689453,193.11000061035156,188.38999938964844,190.55999755859375,29861,0.0,0.0
2023-10-19 10:30:00-04:00,190.67999267578125,190.97999572753906,187.5800018310547,188.5,28037,0.0,0.0
2023-10-19 11:30:00-04:00,188.77499389648438,190.31500244140625,188.4199981689453,189.00059509277344,47456,0.0,0.0
2023-10-19 12:30:00-04:00,188.77999877929688,188.86000061035156,186.07000732421875,188.43499755859375,34120,0.0,0.0
2023-10-19 13:30:00-04:00,188.10000610351562,188.10000610351562,186.61500549316406,187.0,21993,0.0,0.0
2023-10-19 14:30:00-04:00,186.86000061035156,186.86000061035156,184.6999969482422,185.0,27876,0.0,0.0
2023-10-19 15:30:00-04:00,185.07000732421875,185.2050018310547,184.1199951171875,184.77000427246094,86218,0.0,0.0
2023-10-20 09:30:00-04:00,184.52000427246094,184.6750030517578,181.16000366210938,181.5500030517578,31175,0.0,0.0
2023-10-20 10:30:00-04:00,181.5679931640625,181.5679931640625,178.4199981689453,178.94500732421875,27402,0.0,0.0
2023-10-20 11:30:00-04:00,178.89999389648438,179.58999633789062,177.82000732421875,178.7100067138672,38718,0.0,0.0
2023-10-20 12:30:00-04:00,178.72999572753906,180.3300018310547,178.72999572753906,180.27000427246094,46361,0.0,0.0
2023-10-20 13:30:00-04:00,180.27000427246094,180.97999572753906,179.1300048828125,179.13999938964844,57592,0.0,0.0
2023-10-20 14:30:00-04:00,179.3000030517578,180.66000366210938,178.97999572753906,180.0050048828125,30751,0.0,0.0
2023-10-20 15:30:00-04:00,180.30999755859375,180.7100067138672,179.4949951171875,180.22999572753906,70048,0.0,0.0
2023-10-23 09:30:00-04:00,179.30999755859375,179.4499969482422,176.41000366210938,178.07000732421875,30106,0.0,0.0
2023-10-23 10:30:00-04:00,178.22500610351562,179.74000549316406,177.3800048828125,179.59500122070312,36704,0.0,0.0
2023-10-23 11:30:00-04:00,179.73309326171875,180.99000549316406,179.5,180.14999389648438,52320,0.0,0.0
2023-10-23 12:30:00-04:00,180.1699981689453,182.00999450683594,180.14999389648438,180.4600067138672,23043,0.0,0.0
2023-10-23 13:30:00-04:00,180.38999938964844,181.00999450683594,180.02999877929688,180.3249969482422,25855,0.0,0.0
2023-10-23 14:30:00-04:00,180.39999389648438,180.39999389648438,179.2899932861328,179.2949981689453,22501,0.0,0.0
2023-10-23 15:30:00-04:00,179.10499572753906,179.4600067138672,178.72000122070312,178.8000030517578,44123,0.0,0.0
2023-10-24 09:30:00-04:00,180.10000610351562,181.91000366210938,179.94500732421875,181.10000610351562,49968,0.0,0.0
2023-10-24 10:30:00-04:00,181.21499633789062,181.5749969482422,178.97000122070312,179.52000427246094,45899,0.0,0.0
2023-10-24 11:30:00-04:00,179.38999938964844,180.3300018310547,178.55999755859375,178.6999969482422,23713,0.0,0.0
2023-10-24 12:30:00-04:00,178.5,178.77000427246094,177.75999450683594,178.4550018310547,19283,0.0,0.0
2023-10-24 13:30:00-04:00,178.64999389648438,179.66000366210938,178.38499450683594,179.1199951171875,20884,0.0,0.0
2023-10-24 14:30:00-04:00,179.38999938964844,179.6699981689453,178.6999969482422,179.57000732421875,44064,0.0,0.0
2023-10-24 15:30:00-04:00,179.64999389648438,179.85000610351562,179.36000061035156,179.77000427246094,74995,0.0,0.0
2023-10-25 09:30:00-04:00,177.75,177.75,174.13999938964844,174.57000732421875,20035,0.0,0.0
2023-10-25 10:30:00-04:00,174.60000610351562,176.16000366210938,174.0800018310547,175.11000061035156,51256,0.0,0.0
2023-10-25 11:30:00-04:00,175.10000610351562,175.3000030517578,173.61000061035156,173.91000366210938,26255,0.0,0.0
2023-10-25 12:30:00-04:00,173.82000732421875,173.93499755859375,171.82000732421875,171.88999938964844,18144,0.0,0.0
2023-10-25 13:30:00-04:00,171.52999877929688,171.92999267578125,170.97999572753906,171.10000610351562,27487,0.0,0.0
2023-10-25 14:30:00-04:00,171.25999450683594,172.01499938964844,170.80999755859375,171.51499938964844,42614,0.0,0.0
2023-10-25 15:30:00-04:00,171.52499389648438,171.6999969482422,170.39500427246094,170.9499969482422,73048,0.0,0.0
2023-10-26 09:30:00-04:00,170.88999938964844,171.41000366210938,167.1199951171875,169.5,44807,0.0,0.0
2023-10-26 10:30:00-04:00,169.1199951171875,170.77499389648438,168.26010131835938,168.85499572753906,68923,0.0,0.0
2023-10-26 11:30:00-04:00,168.97999572753906,169.41000366210938,166.47000122070312,166.8000030517578,32163,0.0,0.0
2023-10-26 12:30:00-04:00,166.52029418945312,167.10000610351562,166.2100067138672,166.61500549316406,35505,0.0,0.0
2023-10-26 13:30:00-04:00,166.58999633789062,168.61000061035156,166.25,168.5050048828125,28832,0.0,0.0
2023-10-26 14:30:00-04:00,168.52000427246094,169.69659423828125,168.36500549316406,169.01499938964844,41733,0.0,0.0
2023-10-26 15:30:00-04:00,168.9499969482422,168.9499969482422,167.5800018310547,168.56500244140625,56548,0.0,0.0
2023-10-27 09:30:00-04:00,169.91000366210938,170.24000549316406,168.23500061035156,169.85000610351562,25944,0.0,0.0
2023-10-27 10:30:00-04:00,169.7899932861328,172.85000610351562,168.96499633789062,172.85000610351562,28407,0.0,0.0
2023-10-27 11:30:00-04:00,172.71499633789062,172.77999877929688,171.31500244140625,171.52999877929688,27480,0.0,0.0
2023-10-27 12:30:00-04:00,171.33999633789062,171.33999633789062,170.47000122070312,170.50999450683594,16056,0.0,0.0
2023-10-27 13:30:00-04:00,170.55499267578125,171.10499572753906,169.2100067138672,169.32000732421875,23171,0.0,0.0
2023-10-27 14:30:00-04:00,169.89999389648438,170.55499267578125,168.58999633789062,168.80499267578125,41449,0.0,0.0
2023-10-27 15:30:00-04:00,169.0500030517578,169.51499938964844,168.77999877929688,169.08999633789062,74067,0.0,0.0
2023-10-30 09:30:00-04:00,171.5800018310547,171.9499969482422,168.7270050048828,169.2949981689453,17820,0.0,0.0
2023-10-30 10:30:00-04:00,169.22999572753906,170.44000244140625,168.80999755859375,169.33999633789062,19822,0.0,0.0
2023-10-30 11:30:00-04:00,169.55999755859375,169.77999877929688,168.60000610351562,168.66000366210938,22529,0.0,0.0
2023-10-30 12:30:00-04:00,168.56500244140625,168.56500244140625,167.4600067138672,167.77999877929688,22267,0.0,0.0
2023-10-30 13:30:00-04:00,168.16000366210938,169.0449981689453,167.63999938964844,168.61500549316406,27765,0.0,0.0
2023-10-30 14:30:00-04:00,168.66000366210938,170.2449951171875,168.58999633789062,169.89500427246094,26878,0.0,0.0
2023-10-30 15:30:00-04:00,169.8800048828125,169.8800048828125,168.27000427246094,168.38999938964844,66134,0.0,0.0
2023-10-31 09:30:00-04:00,168.3300018310547,171.14999389648438,167.19000244140625,170.8300018310547,27642,0.0,0.0
2023-10-31 10:30:00-04:00,170.88999938964844,173.02999877929688,170.5800018310547,172.39999389648438,29425,0.0,0.0
2023-10-31 11:30:00-04:00,172.40499877929688,173.02000427246094,171.5850067138672,171.88499450683594,30063,0.0,0.0
2023-10-31 12:30:00-04:00,171.88499450683594,172.35000610351562,170.93499755859375,171.1199951171875,41203,0.0,0.0
2023-10-31 13:30:00-04:00,171.3350067138672,171.35499572753906,170.3699951171875,170.3699951171875,18242,0.0,0.0
2023-10-31 14:30:00-04:00,170.27999877929688,171.38999938964844,170.27000427246094,170.86000061035156,30351,0.0,0.0
2023-10-31 15:30:00-04:00,170.63999938964844,171.13999938964844,170.05999755859375,170.4199981689453,91586,0.0,0.0
2023-11-01 09:30:00-04:00,169.58999633789062,170.5399932861328,168.1699981689453,170.0749969482422,47309,0.0,0.0
2023-11-01 10:30:00-04:00,170.10000610351562,171.14500427246094,168.72999572753906,168.88499450683594,34936,0.0,0.0
2023-11-01 11:30:00-04:00,169.05999755859375,169.6999969482422,168.75,169.1699981689453,22051,0.0,0.0
2023-11-01 12:30:00-04:00,168.92999267578125,168.92999267578125,167.52999877929688,167.7100067138672,12215,0.0,0.0
2023-11-01 13:30:00-04:00,167.72500610351562,167.97000122070312,166.77999877929688,167.33999633789062,19277,0.0,0.0
2023-11-01 14:30:00-04:00,167.3699951171875,169.38999938964844,166.77000427246094,168.97000122070312,35867,0.0,0.0
2023-11-01 15:30:00-04:00,168.80999755859375,169.7899932861328,168.72999572753906,169.75999450683594,68963,0.0,0.0
2023-11-02 09:30:00-04:00,173.97999572753906,179.7100067138672,173.97999572753906,177.66000366210938,65548,0.0,0.0
2023-11-02 10:30:00-04:00,177.66000366210938,178.8699951171875,177.05999755859375,177.8300018310547,75421,0.0,0.0
2023-11-02 11:30:00-04:00,178.08999633789062,178.5500030517578,177.3699951171875,177.88340759277344,71588,0.0,0.0
2023-11-02 12:30:00-04:00,178.39999389648438,178.77999877929688,177.6300048828125,178.77999877929688,22747,0.0,0.0
2023-11-02 13:30:00-04:00,178.86000061035156,179.6999969482422,177.27000427246094,177.8699951171875,29805,0.0,0.0
2023-11-02 14:30:00-04:00,177.8524932861328,178.44000244140625,176.60000610351562,177.82000732421875,39765,0.0,0.0
2023-11-02 15:30:00-04:00,177.64999389648438,178.00999450683594,176.97999572753906,177.02000427246094,99334,0.0,0.0
2023-11-03 09:30:00-04:00,179.49000549316406,183.07000732421875,177.1699981689453,181.50999450683594,72748,0.0,0.0
2023-11-03 10:30:00-04:00,181.8000030517578,183.32000732421875,181.02999877929688,182.26499938964844,37604,0.0,0.0
2023-11-03 11:30:00-04:00,182.2550048828125,185.1300048828125,182.2550048828125,184.8800048828125,30756,0.0,0.0
2023-11-03 12:30:00-04:00,185.0,185.05999755859375,183.75999450683594,184.22999572753906,27492,0.0,0.0
2023-11-03 13:30:00-04:00,184.22999572753906,185.0,184.2100067138672,185.0,17558,0.0,0.0
2023-11-03 14:30:00-04:00,185.0,185.97999572753906,184.55999755859375,184.89999389648438,35237,0.0,0.0
2023-11-03 15:30:00-04:00,184.88999938964844,185.4499969482422,184.52999877929688,185.4199981689453,65171,0.0,0.0
2023-11-06 09:30:00-05:00,185.9199981689453,187.22000122070312,184.0399932861328,184.96499633789062,62141,0.0,0.0
2023-11-06 10:30:00-05:00,184.97000122070312,185.19000244140625,183.25,184.01499938964844,44441,0.0,0.0
2023-11-06 11:30:00-05:00,183.96499633789062,185.0399932861328,183.1300048828125,184.82000732421875,51914,0.0,0.0
2023-11-06 12:30:00-05:00,184.6522979736328,184.9600067138672,182.66250610351562,183.30499267578125,66951,0.0,0.0
2023-11-06 13:30:00-05:00,183.30499267578125,184.35000610351562,183.27000427246094,183.8000030517578,41023,0.0,0.0
2023-11-06 14:30:00-05:00,183.77000427246094,184.61000061035156,183.3300018310547,183.78500366210938,90412,0.0,0.0
2023-11-06 15:30:00-05:00,183.77999877929688,184.27999877929688,183.38999938964844,183.6300048828125,89170,0.0,0.0
2023-11-07 09:30:00-05:00,183.50999450683594,188.03500366210938,183.0500030517578,187.4250030517578,0,0.0,0.0
2023-11-07 10:30:00-05:00,187.36500549316406,189.0500030517578,187.24000549316406,187.24000549316406,32929,0.0,0.0
2023-11-07 11:30:00-05:00,187.05499267578125,187.5500030517578,185.61000061035156,185.61000061035156,11579,0.0,0.0
2023-11-07 12:30:00-05:00,185.83999633789062,185.83999633789062,184.80999755859375,184.80999755859375,26481,0.0,0.0
2023-11-07 13:30:00-05:00,185.00999450683594,185.47999572753906,184.6300048828125,184.90499877929688,18245,0.0,0.0
2023-11-07 14:30:00-05:00,185.08999633789062,185.58999633789062,184.65499877929688,185.46499633789062,23785,0.0,0.0
2023-11-07 15:30:00-05:00,185.27999877929688,185.30499267578125,184.64999389648438,184.66000366210938,61901,0.0,0.0
2023-11-08 09:30:00-05:00,185.57000732421875,187.56500244140625,183.6999969482422,186.2899932861328,44658,0.0,0.0
2023-11-08 10:30:00-05:00,185.86000061035156,186.6300048828125,185.0675048828125,186.46499633789062,38349,0.0,0.0
2023-11-08 11:30:00-05:00,186.6300048828125,186.6999969482422,185.99000549316406,185.99000549316406,21956,0.0,0.0
2023-11-08 12:30:00-05:00,185.85499572753906,186.47999572753906,185.5,186.11000061035156,37338,0.0,0.0
2023-11-08 13:30:00-05:00,185.94000244140625,186.25999450683594,185.05499267578125,185.05499267578125,13985,0.0,0.0
2023-11-08 14:30:00-05:00,185.0500030517578,185.10000610351562,184.36000061035156,184.94500732421875,18058,0.0,0.0
2023-11-08 15:30:00-05:00,184.91000366210938,184.98500061035156,184.1199951171875,184.14999389648438,48580,0.0,0.0
2023-11-09 09:30:00-05:00,185.17999267578125,185.17999267578125,183.02000427246094,184.38499450683594,56005,0.0,0.0
2023-11-09 10:30:00-05:00,184.2100067138672,184.7550048828125,183.52000427246094,183.97000122070312,27109,0.0,0.0
2023-11-09 11:30:00-05:00,183.83999633789062,183.83999633789062,179.99000549316406,180.0399932861328,21443,0.0,0.0
2023-11-09 12:30:00-05:00,180.27000427246094,180.64999389648438,178.5800018310547,179.49000549316406,40635,0.0,0.0
2023-11-09 13:30:00-05:00,179.3000030517578,179.34500122070312,177.8300018310547,178.1199951171875,36312,0.0,0.0
2023-11-09 14:30:00-05:00,178.25,179.25,178.1699981689453,178.52000427246094,71318,0.0,0.0
2023-11-09 15:30:00-05:00,178.3000030517578,179.0800018310547,178.1300048828125,178.32000732421875,89031,0.0,0.0
2023-11-10 09:30:00-05:00,177.1699981689453,177.5399932861328,170.02000427246094,172.0,170095,0.0,0.0
2023-11-10 10:30:00-05:00,172.36000061035156,174.4499969482422,172.32000732421875,173.0,119492,0.0,0.0
2023-11-10 11:30:00-05:00,173.10499572753906,174.25,172.25999450683594,173.33999633789062,88668,0.0,0.0
2023-11-10 12:30:00-05:00,173.4199981689453,174.6999969482422,173.2449951171875,173.68499755859375,74593,0.0,0.0
2023-11-10 13:30:00-05:00,173.68499755859375,174.8300018310547,173.32000732421875,174.75,102439,0.0,0.0
2023-11-10 14:30:00-05:00,174.75,174.91000366210938,173.4600067138672,174.3350067138672,56380,0.0,0.0
2023-11-10 15:30:00-05:00,174.33999633789062,174.5399932861328,173.47000122070312,173.69000244140625,129113,0.0,0.0
2023-11-13 09:30:00-05:00,173.27000427246094,175.4199981689453,170.96499633789062,173.23500061035156,69210,0.0,0.0
2023-11-13 10:30:00-05:00,173.2449951171875,174.1699981689453,173.08999633789062,174.1699981689453,28401,0.0,0.0
2023-11-13 11:30:00-05:00,174.39999389648438,174.91000366210938,173.35499572753906,173.36000061035156,31904,0.0,0.0
2023-11-13 12:30:00-05:00,173.3800048828125,173.59500122070312,171.92999267578125,172.0050048828125,96858,0.0,0.0
2023-11-13 13:30:00-05:00,172.00999450683594,172.6699981689453,171.77000427246094,171.84500122070312,103122,0.0,0.0
2023-11-13 14:30:00-05:00,171.89999389648438,172.8699951171875,171.55999755859375,172.52999877929688,107945,0.0,0.0
2023-11-13 15:30:00-05:00,172.56500244140625,172.8699951171875,171.88499450683594,172.44000244140625,130353,0.0,0.0
2023-11-14 09:30:00-05:00,177.42999267578125,183.23989868164062,177.42999267578125,182.89999389648438,91713,0.0,0.0
2023-11-14 10:30:00-05:00,182.72999572753906,183.67999267578125,182.0,182.9600067138672,59893,0.0,0.0
2023-11-14 11:30:00-05:00,182.94000244140625,183.42999267578125,181.47999572753906,181.8699951171875,51572,0.0,0.0
2023-11-14 12:30:00-05:00,181.97000122070312,182.72999572753906,181.88499450683594,181.88499450683594,45220,0.0,0.0
2023-11-14 13:30:00-05:00,181.6300048828125,181.75999450683594,179.4600067138672,179.5800018310547,66366,0.0,0.0
2023-11-14 14:30:00-05:00,179.5800018310547,181.74000549316406,179.27000427246094,181.3000030517578,118072,0.0,0.0
2023-11-14 15:30:00-05:00,181.25,182.52000427246094,180.8300018310547,182.47000122070312,94920,0.0,0.0
2023-11-15 09:30:00-05:00,182.97000122070312,185.4949951171875,182.91000366210938,185.1999969482422,78990,0.0,0.0
2023-11-15 10:30:00-05:00,185.13999938964844,186.6199951171875,184.47000122070312,185.0500030517578,81379,0.0,0.0
2023-11-15 11:30:00-05:00,185.23500061035156,185.23500061035156,183.22000122070312,184.97000122070312,35759,0.0,0.0
2023-11-15 12:30:00-05:00,184.99000549316406,185.16000366210938,183.4199981689453,184.23060607910156,49726,0.0,0.0
2023-11-15 13:30:00-05:00,184.36000061035156,185.64999389648438,184.36000061035156,185.47000122070312,77665,0.0,0.0
2023-11-15 14:30:00-05:00,185.2899932861328,186.75,185.00999450683594,186.3300018310547,102347,0.0,0.0
2023-11-15 15:30:00-05:00,186.28500366210938,186.97999572753906,185.86000061035156,185.8800048828125,112475,0.0,0.0
2023-11-16 09:30:00-05:00,184.55999755859375,188.13999938964844,184.4199981689453,186.77000427246094,56858,0.0,0.0
2023-11-16 10:30:00-05:00,186.7696990966797,187.6300048828125,185.9199981689453,186.8800048828125,78703,0.0,0.0
2023-11-16 11:30:00-05:00,186.2899932861328,186.4499969482422,183.6300048828125,185.27499389648438,49161,0.0,0.0
2023-11-16 12:30:00-05:00,185.11000061035156,185.90499877929688,184.0800018310547,184.8300018310547,42580,0.0,0.0
2023-11-16 13:30:00-05:00,184.97999572753906,185.49000549316406,183.72000122070312,184.3834991455078,38199,0.0,0.0
2023-11-16 14:30:00-05:00,184.25,184.5399932861328,182.5800018310547,183.2100067138672,118696,0.0,0.0
2023-11-16 15:30:00-05:00,183.09100341796875,183.8300018310547,182.42999267578125,183.25999450683594,195470,0.0,0.0
2023-11-17 09:30:00-05:00,192.5399932861328,207.1199951171875,192.5399932861328,203.89999389648438,243379,0.0,0.0
2023-11-17 10:30:00-05:00,203.89999389648438,205.21499633789062,199.77000427246094,202.6750030517578,177312,0.0,0.0
2023-11-17 11:30:00-05:00,202.52830505371094,205.75,201.47999572753906,203.88999938964844,166689,0.0,0.0
2023-11-17 12:30:00-05:00,203.9949951171875,204.01499938964844,201.3300018310547,202.47999572753906,87690,0.0,0.0
2023-11-17 13:30:00-05:00,202.52000427246094,202.75,198.4499969482422,200.4665985107422,100523,0.0,0.0
2023-11-17 14:30:00-05:00,200.77000427246094,203.27000427246094,199.64999389648438,203.10000610351562,154843,0.0,0.0
2023-11-17 15:30:00-05:00,202.97999572753906,205.41000366210938,202.52000427246094,205.22999572753906,271829,0.0,0.0
2023-11-20 09:30:00-05:00,205.52999877929688,211.92999267578125,205.52999877929688,209.5,99484,0.0,0.0
2023-11-20 10:30:00-05:00,209.47000122070312,210.16000366210938,208.4250030517578,209.97000122070312,65186,0.0,0.0
2023-11-20 11:30:00-05:00,210.0,210.47500610351562,208.42999267578125,209.1300048828125,49794,0.0,0.0
2023-11-20 12:30:00-05:00,209.3699951171875,210.8498992919922,209.32000732421875,210.6300048828125,59521,0.0,0.0
2023-11-20 13:30:00-05:00,210.8800048828125,211.08999633789062,208.46499633789062,208.55999755859375,43974,0.0,0.0
2023-11-20 14:30:00-05:00,208.7100067138672,209.91000366210938,208.27000427246094,208.52000427246094,96087,0.0,0.0
2023-11-20 15:30:00-05:00,208.4149932861328,209.61000061035156,208.1699981689453,209.61000061035156,128116,0.0,0.0
2023-11-21 09:30:00-05:00,208.11000061035156,215.5,208.11000061035156,210.60000610351562,135680,0.0,0.0
2023-11-21 10:30:00-05:00,210.60000610351562,211.83999633789062,210.4801025390625,211.5399932861328,59486,0.0,0.0
2023-11-21 11:30:00-05:00,211.27999877929688,212.89999389648438,210.9149932861328,212.5800018310547,65624,0.0,0.0
2023-11-21 12:30:00-05:00,212.5800018310547,212.77000427246094,211.57000732421875,212.2050018310547,45838,0.0,0.0
2023-11-21 13:30:00-05:00,212.2100067138672,212.72000122070312,211.8009033203125,212.64999389648438,37207,0.0,0.0
2023-11-21 14:30:00-05:00,212.5399932861328,213.5800018310547,211.9949951171875,213.22999572753906,66813,0.0,0.0
2023-11-21 15:30:00-05:00,213.13999938964844,213.22500610351562,210.27000427246094,210.30999755859375,561488,0.0,0.0
2023-11-22 09:30:00-05:00,212.0,212.0,207.83999633789062,210.1300048828125,72527,0.0,0.0
2023-11-22 10:30:00-05:00,210.22500610351562,211.19500732421875,209.58999633789062,211.19500732421875,93241,0.0,0.0
2023-11-22 11:30:00-05:00,211.3800048828125,213.00999450683594,211.3800048828125,211.94000244140625,84477,0.0,0.0
2023-11-22 12:30:00-05:00,211.84500122070312,213.0500030517578,211.8300018310547,212.375,59281,0.0,0.0
2023-11-22 13:30:00-05:00,212.36000061035156,212.4199981689453,211.19000244140625,211.19000244140625,31116,0.0,0.0
2023-11-22 14:30:00-05:00,211.05999755859375,212.0,210.6300048828125,211.99969482421875,89200,0.0,0.0
2023-11-22 15:30:00-05:00,212.03500366210938,213.00999450683594,211.9949951171875,213.0,80814,0.0,0.0
2023-11-24 09:30:00-05:00,211.97000122070312,218.9199981689453,211.53500366210938,217.6999969482422,93016,0.0,0.0
2023-11-24 10:30:00-05:00,217.80999755859375,218.13999938964844,215.61000061035156,216.86000061035156,67611,0.0,0.0
2023-11-24 11:30:00-05:00,216.8800048828125,217.7899932861328,216.7100067138672,217.02999877929688,71063,0.0,0.0
2023-11-27 09:30:00-05:00,215.1999969482422,216.64999389648438,212.7899932861328,213.15499877929688,62152,0.0,0.0
2023-11-27 10:30:00-05:00,213.63999938964844,215.0749969482422,213.2993927001953,214.09010314941406,33958,0.0,0.0
2023-11-27 11:30:00-05:00,214.0749969482422,217.41000366210938,213.9600067138672,217.02499389648438,63314,0.0,0.0
2023-11-27 12:30:00-05:00,216.9600067138672,217.44000244140625,216.72000122070312,217.11019897460938,52383,0.0,0.0
2023-11-27 13:30:00-05:00,216.9600067138672,217.17999267578125,216.11000061035156,217.05999755859375,25734,0.0,0.0
2023-11-27 14:30:00-05:00,216.80999755859375,217.4600067138672,216.16000366210938,216.97999572753906,40839,0.0,0.0
2023-11-27 15:30:00-05:00,217.0,217.5800018310547,216.25,216.7100067138672,104074,0.0,0.0
2023-11-28 09:30:00-05:00,216.60000610351562,218.21499633789062,213.88999938964844,217.4149932861328,154700,0.0,0.0
2023-11-28 10:30:00-05:00,217.2100067138672,219.3300018310547,216.50999450683594,217.0,85946,0.0,0.0
2023-11-28 11:30:00-05:00,217.4499969482422,217.65499877929688,214.77000427246094,214.8000030517578,43716,0.0,0.0
2023-11-28 12:30:00-05:00,214.9250030517578,216.4600067138672,214.5800018310547,215.5800018310547,51978,0.0,0.0
2023-11-28 13:30:00-05:00,215.57000732421875,216.2100067138672,215.24749755859375,215.6300048828125,32932,0.0,0.0
2023-11-28 14:30:00-05:00,215.5500030517578,215.74000549316406,214.69000244140625,215.25,38127,0.0,0.0
2023-11-28 15:30:00-05:00,215.1999969482422,215.90499877929688,214.97000122070312,215.5500030517578,52083,0.0,0.0
2023-11-29 09:30:00-05:00,218.0,222.3800048828125,216.50999450683594,221.41000366210938,70310,0.0,0.0
2023-11-29 10:30:00-05:00,221.63999938964844,225.3498992919922,221.5500030517578,221.88999938964844,97644,0.0,0.0
2023-11-29 11:30:00-05:00,221.87010192871094,223.4199981689453,220.89999389648438,223.1300048828125,41903,0.0,0.0
2023-11-29 12:30:00-05:00,223.16000366210938,223.32000732421875,221.77999877929688,221.80999755859375,20500,0.0,0.0
2023-11-29 13:30:00-05:00,221.69000244140625,222.4199981689453,221.22000122070312,221.68240356445312,19341,0.0,0.0
2023-11-29 14:30:00-05:00,221.55999755859375,222.0800018310547,220.42999267578125,220.84500122070312,29669,0.0,0.0
2023-11-29 15:30:00-05:00,220.74000549316406,220.92999267578125,220.03500366210938,220.83999633789062,53775,0.0,0.0
2023-11-30 09:30:00-05:00,221.77000427246094,222.5399932861328,219.2100067138672,220.66000366210938,52910,0.0,0.0
2023-11-30 10:30:00-05:00,220.25999450683594,221.25,218.62269592285156,220.5850067138672,23338,0.0,0.0
2023-11-30 11:30:00-05:00,220.61000061035156,221.0749969482422,218.72999572753906,219.2100067138672,22962,0.0,0.0
2023-11-30 12:30:00-05:00,219.23500061035156,221.83999633789062,219.23500061035156,221.27999877929688,33592,0.0,0.0
2023-11-30 13:30:00-05:00,221.2899932861328,222.19000244140625,220.92999267578125,221.3800048828125,26796,0.0,0.0
2023-11-30 14:30:00-05:00,221.49000549316406,222.75999450683594,221.2949981689453,222.2050018310547,44466,0.0,0.0
2023-11-30 15:30:00-05:00,222.2050018310547,222.27999877929688,220.77999877929688,220.8000030517578,69017,0.0,0.0
2023-12-01 09:30:00-05:00,220.1699981689453,222.4600067138672,218.6300048828125,221.3699951171875,38585,0.0,0.0
2023-12-01 10:30:00-05:00,221.35499572753906,224.8300018310547,220.99000549316406,223.8699951171875,73897,0.0,0.0
2023-12-01 11:30:00-05:00,223.86000061035156,225.0,223.36000061035156,224.0175018310547,53832,0.0,0.0
2023-12-01 12:30:00-05:00,224.02000427246094,225.0749969482422,223.97999572753906,224.47999572753906,39833,0.0,0.0
2023-12-01 13:30:00-05:00,224.52000427246094,225.9250030517578,224.52000427246094,225.7899932861328,34308,0.0,0.0
2023-12-01 14:30:00-05:00,226.0,227.4499969482422,225.72000122070312,226.88999938964844,120520,0.0,0.0
2023-12-01 15:30:00-05:00,226.91000366210938,227.17999267578125,225.9499969482422,226.75,96753,0.0,0.0
2023-12-04 09:30:00-05:00,224.11000061035156,225.76499938964844,222.1999969482422,223.07000732421875,47387,0.0,0.0
2023-12-04 10:30:00-05:00,223.48460388183594,224.9832000732422,222.2100067138672,222.90499877929688,67040,0.0,0.0
2023-12-04 11:30:00-05:00,222.86000061035156,224.1999969482422,221.86000061035156,223.66000366210938,54037,0.0,0.0
2023-12-04 12:30:00-05:00,223.66619873046875,224.05999755859375,221.6300048828125,221.85000610351562,47261,0.0,0.0
2023-12-04 13:30:00-05:00,221.5399932861328,222.2899932861328,220.75,221.3699951171875,39875,0.0,0.0
2023-12-04 14:30:00-05:00,221.52749633789062,222.26499938964844,220.99000549316406,221.77499389648438,44741,0.0,0.0
2023-12-04 15:30:00-05:00,222.06500244140625,223.13999938964844,221.86000061035156,222.77999877929688,80027,0.0,0.0
2023-12-05 09:30:00-05:00,219.55999755859375,221.27000427246094,216.61000061035156,218.74000549316406,65656,0.0,0.0
2023-12-05 10:30:00-05:00,218.25,218.8800048828125,217.63499450683594,218.1885986328125,32287,0.0,0.0
2023-12-05 11:30:00-05:00,218.55999755859375,219.32000732421875,217.77999877929688,218.39999389648438,26558,0.0,0.0
2023-12-05 12:30:00-05:00,218.32000732421875,219.5050048828125,216.69000244140625,218.99000549316406,21693,0.0,0.0
2023-12-05 13:30:00-05:00,218.9600067138672,219.99000549316406,218.3699951171875,219.2899932861328,27881,0.0,0.0
2023-12-05 14:30:00-05:00,219.55999755859375,221.3350067138672,218.94500732421875,220.64999389648438,52611,0.0,0.0
2023-12-05 15:30:00-05:00,220.55999755859375,221.26499938964844,220.3699951171875,220.63999938964844,58261,0.0,0.0
2023-12-06 09:30:00-05:00,221.72999572753906,223.1999969482422,221.44000244140625,222.05999755859375,67946,0.0,0.0
2023-12-06 10:30:00-05:00,221.6300048828125,222.3990020751953,220.58999633789062,221.6699981689453,36609,0.0,0.0
2023-12-06 11:30:00-05:00,221.5500030517578,222.49000549316406,220.97000122070312,221.97000122070312,49786,0.0,0.0
2023-12-06 12:30:00-05:00,222.16000366210938,222.22999572753906,221.4600067138672,221.875,20882,0.0,0.0
2023-12-06 13:30:00-05:00,221.69500732421875,222.11000061035156,221.27000427246094,222.02499389648438,17641,0.0,0.0
2023-12-06 14:30:00-05:00,222.08999633789062,223.59500122070312,222.05999755859375,223.59500122070312,56987,0.0,0.0
2023-12-06 15:30:00-05:00,223.6300048828125,223.69000244140625,222.57000732421875,222.6199951171875,50315,0.0,0.0
2023-12-07 09:30:00-05:00,222.24000549316406,222.8800048828125,220.6699981689453,222.39999389648438,24413,0.0,0.0
2023-12-07 10:30:00-05:00,222.3800048828125,223.125,221.0,221.3300018310547,23667,0.0,0.0
2023-12-07 11:30:00-05:00,221.6199951171875,222.76499938964844,221.38499450683594,222.05299377441406,32844,0.0,0.0
2023-12-07 12:30:00-05:00,221.6750030517578,223.47000122070312,221.6750030517578,223.3000030517578,13474,0.0,0.0
2023-12-07 13:30:00-05:00,223.5399932861328,223.7899932861328,222.77999877929688,223.35499572753906,42402,0.0,0.0
2023-12-07 14:30:00-05:00,223.35499572753906,223.42999267578125,222.39999389648438,222.41000366210938,28578,0.0,0.0
2023-12-07 15:30:00-05:00,222.4199981689453,223.1300048828125,222.1999969482422,223.00999450683594,55546,0.0,0.0
2023-12-08 09:30:00-05:00,221.7100067138672,226.4600067138672,221.7100067138672,226.27999877929688,30263,0.0,0.0
2023-12-08 10:30:00-05:00,226.27000427246094,227.52999877929688,224.6999969482422,226.7449951171875,42660,0.0,0.0
2023-12-08 11:30:00-05:00,226.7550048828125,227.35000610351562,225.05999755859375,225.64999389648438,55733,0.0,0.0
2023-12-08 12:30:00-05:00,225.75,228.2050018310547,225.36000061035156,228.2050018310547,27452,0.0,0.0
2023-12-08 13:30:00-05:00,227.80999755859375,228.57000732421875,227.1649932861328,228.30999755859375,15549,0.0,0.0
2023-12-08 14:30:00-05:00,228.25,228.4499969482422,227.64999389648438,227.83999633789062,23174,0.0,0.0
2023-12-08 15:30:00-05:00,227.86000061035156,227.92999267578125,226.5800018310547,227.4600067138672,74447,0.0,0.0
2023-12-11 09:30:00-05:00,226.41000366210938,228.91000366210938,225.1199951171875,226.27999877929688,32978,0.0,0.0
2023-12-11 10:30:00-05:00,226.7100067138672,229.36000061035156,226.60000610351562,228.64999389648438,37848,0.0,0.0
2023-12-11 11:30:00-05:00,228.7449951171875,229.82000732421875,228.13999938964844,228.58999633789062,13533,0.0,0.0
2023-12-11 12:30:00-05:00,228.83999633789062,230.0,228.2801055908203,229.80999755859375,21223,0.0,0.0
2023-12-11 13:30:00-05:00,229.8249969482422,229.8553009033203,228.52000427246094,228.5500030517578,10915,0.0,0.0
2023-12-11 14:30:00-05:00,228.6999969482422,228.77000427246094,227.27999877929688,227.35000610351562,23038,0.0,0.0
2023-12-11 15:30:00-05:00,227.61000061035156,227.96099853515625,227.0800018310547,227.19000244140625,31257,0.0,0.0
2023-12-12 09:30:00-05:00,226.6999969482422,226.6999969482422,219.2100067138672,224.1300048828125,79027,0.0,0.0
2023-12-12 10:30:00-05:00,224.21080017089844,225.8699951171875,223.75,224.92999267578125,118634,0.0,0.0
2023-12-12 11:30:00-05:00,224.9250030517578,227.3249969482422,224.75999450683594,226.2550048828125,63742,0.0,0.0
2023-12-12 12:30:00-05:00,226.25,227.35000610351562,226.25,226.97999572753906,26422,0.0,0.0
2023-12-12 13:30:00-05:00,227.17999267578125,228.89280700683594,227.02000427246094,228.80999755859375,37464,0.0,0.0
2023-12-12 14:30:00-05:00,228.80999755859375,230.4499969482422,228.8000030517578,230.3800048828125,66023,0.0,0.0
2023-12-12 15:30:00-05:00,230.30999755859375,231.43800354003906,229.9199981689453,230.97000122070312,89378,0.0,0.0
2023-12-13 09:30:00-05:00,230.99000549316406,232.0050048828125,229.07000732421875,229.97999572753906,60380,0.0,0.0
2023-12-13 10:30:00-05:00,230.14999389648438,230.875,227.7449951171875,228.2100067138672,67109,0.0,0.0
2023-12-13 11:30:00-05:00,227.83999633789062,228.10000610351562,226.5800018310547,227.52999877929688,118306,0.0,0.0
2023-12-13 12:30:00-05:00,227.52999877929688,230.0,227.52499389648438,229.25,103686,0.0,0.0
2023-12-13 13:30:00-05:00,229.30999755859375,234.05499267578125,229.1699981689453,233.17999267578125,25938,0.0,0.0
2023-12-13 14:30:00-05:00,233.61000061035156,236.5,233.05499267578125,234.77000427246094,60839,0.0,0.0
2023-12-13 15:30:00-05:00,234.5749969482422,236.82000732421875,234.5399932861328,236.80999755859375,78423,0.0,0.0
2023-12-14 09:30:00-05:00,240.0,241.3800048828125,234.1199951171875,234.49000549316406,176564,0.0,0.0
2023-12-14 10:30:00-05:00,234.17999267578125,234.98500061035156,228.89999389648438,229.30499267578125,138300,0.0,0.0
2023-12-14 11:30:00-05:00,229.14999389648438,231.24000549316406,228.9499969482422,229.17999267578125,144028,0.0,0.0
2023-12-14 12:30:00-05:00,229.2949981689453,230.25,226.61500549316406,226.65989685058594,67949,0.0,0.0
2023-12-14 13:30:00-05:00,226.6649932861328,228.60000610351562,226.02999877929688,227.6750030517578,105428,0.0,0.0
2023-12-14 14:30:00-05:00,227.3300018310547,236.0,226.47999572753906,235.3300018310547,175279,0.0,0.0
2023-12-14 15:30:00-05:00,235.42999267578125,235.8699951171875,233.5800018310547,235.4149932861328,152348,0.0,0.0
2023-12-15 09:30:00-05:00,242.1999969482422,246.72000122070312,240.2100067138672,245.58999633789062,161268,0.0,0.0
2023-12-15 10:30:00-05:00,245.22999572753906,246.50999450683594,244.4600067138672,245.07000732421875,56354,0.0,0.0
2023-12-15 11:30:00-05:00,244.80999755859375,245.8300018310547,242.02000427246094,242.02000427246094,44273,0.0,0.0
2023-12-15 12:30:00-05:00,241.8800048828125,242.75,240.10000610351562,242.11000061035156,95103,0.0,0.0
2023-12-15 13:30:00-05:00,242.07000732421875,243.26499938964844,240.39999389648438,242.89999389648438,106793,0.0,0.0
2023-12-15 14:30:00-05:00,243.0,243.10000610351562,241.67999267578125,242.61000061035156,118899,0.0,0.0
2023-12-15 15:30:00-05:00,242.6999969482422,244.41000366210938,242.13999938964844,243.6199951171875,219261,0.0,0.0
2023-12-18 09:30:00-05:00,243.11000061035156,246.10000610351562,239.5800018310547,245.14999389648438,67030,0.0,0.0
2023-12-18 10:30:00-05:00,244.8957061767578,246.19000244140625,242.83999633789062,245.0,81743,0.0,0.0
2023-12-18 11:30:00-05:00,244.89999389648438,246.47000122070312,244.41000366210938,245.66000366210938,43938,0.0,0.0
2023-12-18 12:30:00-05:00,245.55999755859375,246.5399932861328,245.5,245.7100067138672,45009,0.0,0.0
2023-12-18 13:30:00-05:00,245.6999969482422,246.1699981689453,245.00999450683594,245.50999450683594,52985,0.0,0.0
2023-12-18 14:30:00-05:00,245.27999877929688,246.08999633789062,245.0,245.3699951171875,58798,0.0,0.0
2023-12-18 15:30:00-05:00,245.44000244140625,245.8300018310547,244.6999969482422,245.5,96958,0.0,0.0
2023-12-19 09:30:00-05:00,244.6999969482422,248.64500427246094,244.6699981689453,248.39999389648438,33393,0.0,0.0
2023-12-19 10:30:00-05:00,248.5,250.38999938964844,247.4199981689453,249.14999389648438,70282,0.0,0.0
2023-12-19 11:30:00-05:00,249.02999877929688,249.27499389648438,248.0,248.27499389648438,38074,0.0,0.0
2023-12-19 12:30:00-05:00,248.25,248.26499938964844,247.5,248.08999633789062,12386,0.0,0.0
2023-12-19 13:30:00-05:00,248.2100067138672,248.86500549316406,248.07899475097656,248.2899932861328,17231,0.0,0.0
2023-12-19 14:30:00-05:00,248.1300048828125,248.31500244140625,246.64999389648438,246.89999389648438,68632,0.0,0.0
2023-12-19 15:30:00-05:00,246.92999267578125,247.11279296875,246.41000366210938,246.7899932861328,74631,0.0,0.0
2023-12-20 09:30:00-05:00,245.0,246.42990112304688,243.59500122070312,246.00999450683594,61935,0.0,0.0
2023-12-20 10:30:00-05:00,246.00999450683594,246.5,245.0399932861328,245.7321014404297,81364,0.0,0.0
2023-12-20 11:30:00-05:00,245.53500366210938,245.9499969482422,242.89999389648438,243.10000610351562,62944,0.0,0.0
2023-12-20 12:30:00-05:00,242.8699951171875,243.7100067138672,241.91000366210938,242.44500732421875,59233,0.0,0.0
2023-12-20 13:30:00-05:00,242.41000366210938,242.89999389648438,238.86000061035156,238.8699951171875,114694,0.0,0.0
2023-12-20 14:30:00-05:00,238.89999389648438,239.02999877929688,233.38999938964844,233.38999938964844,129773,0.0,0.0
2023-12-20 15:30:00-05:00,233.36000061035156,234.67999267578125,232.83999633789062,233.10000610351562,188401,0.0,0.0
2023-12-21 09:30:00-05:00,236.49000549316406,236.49000549316406,233.0,233.55999755859375,51218,0.0,0.0
2023-12-21 10:30:00-05:00,233.27000427246094,233.8699951171875,232.5800018310547,233.0800018310547,32455,0.0,0.0
2023-12-21 11:30:00-05:00,233.11000061035156,233.17999267578125,231.83999633789062,232.13999938964844,46296,0.0,0.0
2023-12-21 12:30:00-05:00,232.17999267578125,232.44000244140625,231.47000122070312,232.0,26137,0.0,0.0
2023-12-21 13:30:00-05:00,232.2899932861328,233.05499267578125,231.63499450683594,232.97000122070312,31501,0.0,0.0
2023-12-21 14:30:00-05:00,233.0,234.5500030517578,232.77000427246094,234.3000030517578,55417,0.0,0.0
2023-12-21 15:30:00-05:00,234.35000610351562,235.55999755859375,234.22000122070312,235.07000732421875,90604,0.0,0.0
2023-12-22 09:30:00-05:00,235.39999389648438,235.8000030517578,233.4600067138672,234.57000732421875,29718,0.0,0.0
2023-12-22 10:30:00-05:00,235.1580047607422,235.18499755859375,233.63999938964844,233.88999938964844,43160,0.0,0.0
2023-12-22 11:30:00-05:00,234.02999877929688,234.61000061035156,233.5800018310547,234.3697967529297,49447,0.0,0.0
2023-12-22 12:30:00-05:00,234.15499877929688,235.77499389648438,233.77999877929688,234.6699981689453,47675,0.0,0.0
2023-12-22 13:30:00-05:00,234.6649932861328,234.6699981689453,233.41000366210938,233.46499633789062,34029,0.0,0.0
2023-12-22 14:30:00-05:00,233.38999938964844,234.65499877929688,233.38999938964844,234.5500030517578,48846,0.0,0.0
2023-12-22 15:30:00-05:00,234.5500030517578,234.6300048828125,233.41000366210938,233.57000732421875,110981,0.0,0.0
2023-12-26 09:30:00-05:00,234.69000244140625,235.74000549316406,233.16000366210938,234.3249969482422,33351,0.0,0.0
2023-12-26 10:30:00-05:00,234.47999572753906,234.55499267578125,233.25999450683594,233.72500610351562,26493,0.0,0.0
2023-12-26 11:30:00-05:00,233.7324981689453,235.5399932861328,233.5500030517578,235.2899932861328,19189,0.0,0.0
2023-12-26 12:30:00-05:00,235.30999755859375,235.78750610351562,235.25999450683594,235.64999389648438,18911,0.0,0.0
2023-12-26 13:30:00-05:00,235.8350067138672,236.50999450683594,235.67999267578125,236.39999389648438,20167,0.0,0.0
2023-12-26 14:30:00-05:00,236.27999877929688,237.39500427246094,236.27999877929688,237.1750030517578,34461,0.0,0.0
2023-12-26 15:30:00-05:00,237.1750030517578,237.25,235.6199951171875,235.6300048828125,69966,0.0,0.0
2023-12-27 09:30:00-05:00,236.66000366210938,238.02499389648438,236.0,236.6300048828125,29863,0.0,0.0
2023-12-27 10:30:00-05:00,236.36000061035156,238.35000610351562,236.36000061035156,238.10000610351562,40637,0.0,0.0
2023-12-27 11:30:00-05:00,238.30999755859375,238.46499633789062,237.49000549316406,237.85000610351562,18390,0.0,0.0
2023-12-27 12:30:00-05:00,237.8699951171875,238.3800048828125,237.46499633789062,237.86000061035156,22839,0.0,0.0
2023-12-27 13:30:00-05:00,237.82000732421875,237.97000122070312,237.0399932861328,237.66000366210938,15660,0.0,0.0
2023-12-27 14:30:00-05:00,237.44000244140625,237.60000610351562,237.1999969482422,237.55999755859375,20052,0.0,0.0
2023-12-27 15:30:00-05:00,237.38999938964844,237.72999572753906,237.0,237.0399932861328,40783,0.0,0.0
2023-12-28 09:30:00-05:00,236.72999572753906,238.88999938964844,236.72999572753906,238.5800018310547,22893,0.0,0.0
2023-12-28 10:30:00-05:00,238.77999877929688,239.3300018310547,238.22999572753906,238.74000549316406,25312,0.0,0.0
2023-12-28 11:30:00-05:00,238.75,238.75999450683594,237.39500427246094,237.57000732421875,20915,0.0,0.0
2023-12-28 12:30:00-05:00,237.59500122070312,237.75,237.17999267578125,237.2899932861328,16547,0.0,0.0
2023-12-28 13:30:00-05:00,237.32000732421875,239.0800018310547,237.302001953125,238.5500030517578,39815,0.0,0.0
2023-12-28 14:30:00-05:00,238.86500549316406,239.75999450683594,238.41000366210938,239.75,44255,0.0,0.0
2023-12-28 15:30:00-05:00,239.64999389648438,239.94000244140625,239.27999877929688,239.92999267578125,83186,0.0,0.0
2023-12-29 09:30:00-05:00,239.6199951171875,240.91000366210938,237.88999938964844,240.875,13757,0.0,0.0
2023-12-29 10:30:00-05:00,241.1199951171875,241.24000549316406,238.81500244140625,239.08999633789062,36612,0.0,0.0
2023-12-29 11:30:00-05:00,239.16000366210938,239.8800048828125,238.58999633789062,238.89999389648438,33116,0.0,0.0
2023-12-29 12:30:00-05:00,239.07000732421875,240.30999755859375,238.78500366210938,239.99000549316406,13744,0.0,0.0
2023-12-29 13:30:00-05:00,240.14999389648438,240.6300048828125,239.8699951171875,240.38999938964844,16016,0.0,0.0
2023-12-29 14:30:00-05:00,240.52999877929688,241.08999633789062,238.91000366210938,239.3699951171875,16792,0.0,0.0
2023-12-29 15:30:00-05:00,239.2899932861328,239.2899932861328,237.61000061035156,237.85000610351562,34850,0.0,0.0
2024-01-02 09:30:00-05:00,235.57000732421875,236.03500366210938,230.00999450683594,231.82000732421875,53170,0.0,0.0
2024-01-02 10:30:00-05:00,231.4199981689453,234.13999938964844,229.5,234.13999938964844,38560,0.0,0.0
2024-01-02 11:30:00-05:00,234.23500061035156,234.64999389648438,233.47000122070312,233.63999938964844,38448,0.0,0.0
2024-01-02 12:30:00-05:00,233.75,234.0500030517578,231.9600067138672,232.47000122070312,27113,0.0,0.0
2024-01-02 13:30:00-05:00,232.4499969482422,233.56500244140625,231.82000732421875,233.39999389648438,23441,0.0,0.0
2024-01-02 14:30:00-05:00,233.27999877929688,233.375,231.81500244140625,232.72000122070312,36333,0.0,0.0
2024-01-02 15:30:00-05:00,232.72000122070312,232.72500610351562,230.1999969482422,230.2100067138672,146456,0.0,0.0
2024-01-03 09:30:00-05:00,226.50999450683594,226.94500732421875,223.00999450683594,224.2550048828125,35308,0.0,0.0
2024-01-03 10:30:00-05:00,224.30999755859375,225.0,222.5,224.23500061035156,27131,0.0,0.0
2024-01-03 11:30:00-05:00,224.4250030517578,225.5,223.22000122070312,224.00999450683594,26112,0.0,0.0
2024-01-03 12:30:00-05:00,223.85000610351562,224.14999389648438,223.10000610351562,223.43499755859375,26758,0.0,0.0
2024-01-03 13:30:00-05:00,223.44000244140625,223.4600067138672,221.68499755859375,223.41000366210938,28568,0.0,0.0
2024-01-03 14:30:00-05:00,223.4600067138672,223.6300048828125,221.80999755859375,223.24000549316406,41634,0.0,0.0
2024-01-03 15:30:00-05:00,223.36000061035156,223.9550018310547,222.8800048828125,223.60000610351562,79499,0.0,0.0
2024-01-04 09:30:00-05:00,222.61000061035156,224.72999572753906,222.25999450683594,224.30999755859375,42252,0.0,0.0
2024-01-04 10:30:00-05:00,224.3300018310547,225.22500610351562,223.67999267578125,224.97000122070312,24895,0.0,0.0
2024-01-04 11:30:00-05:00,224.9600067138672,224.96499633789062,223.5,224.0399932861328,24311,0.0,0.0
2024-01-04 12:30:00-05:00,223.9199981689453,224.94639587402344,223.8249969482422,224.25,20939,0.0,0.0
2024-01-04 13:30:00-05:00,224.25,224.64999389648438,223.49000549316406,223.7899932861328,25238,0.0,0.0
2024-01-04 14:30:00-05:00,223.57000732421875,224.42999267578125,223.2899932861328,223.97500610351562,22670,0.0,0.0
2024-01-04 15:30:00-05:00,223.89999389648438,224.15499877929688,222.33999633789062,222.6300048828125,39171,0.0,0.0
2024-01-05 09:30:00-05:00,220.97999572753906,225.32000732421875,220.97999572753906,224.7550048828125,50036,0.0,0.0
2024-01-05 10:30:00-05:00,224.7899932861328,225.16000366210938,222.81500244140625,223.16000366210938,40647,0.0,0.0
2024-01-05 11:30:00-05:00,223.27999877929688,223.74319458007812,222.22999572753906,222.8300018310547,41869,0.0,0.0
2024-01-05 12:30:00-05:00,222.77000427246094,222.77000427246094,221.89999389648438,222.7100067138672,19841,0.0,0.0
2024-01-05 13:30:00-05:00,222.9600067138672,223.08999633789062,222.6649932861328,222.7899932861328,25090,0.0,0.0
2024-01-05 14:30:00-05:00,222.8249969482422,222.9550018310547,220.66000366210938,220.875,30578,0.0,0.0
2024-01-05 15:30:00-05:00,220.86500549316406,221.6300048828125,220.42999267578125,221.16000366210938,85366,0.0,0.0
2024-01-08 09:30:00-05:00,224.60000610351562,227.1699981689453,224.3300018310547,225.24000549316406,66611,0.0,0.0
2024-01-08 10:30:00-05:00,225.5,227.60000610351562,225.39500427246094,226.24000549316406,54601,0.0,0.0
2024-01-08 11:30:00-05:00,226.38499450683594,227.1999969482422,226.07000732421875,226.375,30334,0.0,0.0
2024-01-08 12:30:00-05:00,226.64999389648438,228.6199951171875,226.64999389648438,228.17999267578125,27141,0.0,0.0
2024-01-08 13:30:00-05:00,228.00999450683594,228.00999450683594,226.6300048828125,226.66000366210938,28424,0.0,0.0
2024-01-08 14:30:00-05:00,226.7100067138672,226.83999633789062,225.5,225.77999877929688,42124,0.0,0.0
2024-01-08 15:30:00-05:00,225.81500244140625,226.52000427246094,225.52000427246094,226.38999938964844,98656,0.0,0.0
2024-01-09 09:30:00-05:00,223.97000122070312,227.39500427246094,223.97000122070312,226.3000030517578,33467,0.0,0.0
2024-01-09 10:30:00-05:00,226.4949951171875,227.36000061035156,226.05499267578125,226.65499877929688,53407,0.0,0.0
2024-01-09 11:30:00-05:00,226.85000610351562,228.22999572753906,226.4250030517578,227.3000030517578,164057,0.0,0.0
2024-01-09 12:30:00-05:00,227.3000030517578,228.35000610351562,226.94500732421875,226.9499969482422,92709,0.0,0.0
2024-01-09 13:30:00-05:00,226.94000244140625,228.02999877929688,226.35000610351562,226.85499572753906,30472,0.0,0.0
2024-01-09 14:30:00-05:00,227.0,227.22999572753906,225.85000610351562,225.98699951171875,90113,0.0,0.0
2024-01-09 15:30:00-05:00,226.0,226.5399932861328,225.2899932861328,226.52999877929688,83056,0.0,0.0
2024-01-10 09:30:00-05:00,227.16000366210938,227.1999969482422,224.1699981689453,225.55999755859375,10285,0.0,0.0
2024-01-10 10:30:00-05:00,225.77499389648438,225.77499389648438,224.8300018310547,225.7449951171875,22406,0.0,0.0
2024-01-10 11:30:00-05:00,225.7550048828125,225.89390563964844,225.2899932861328,225.2899932861328,17208,0.0,0.0
2024-01-10 12:30:00-05:00,225.25,225.69500732421875,224.8699951171875,225.0,22578,0.0,0.0
2024-01-10 13:30:00-05:00,225.2449951171875,225.34500122070312,224.02999877929688,224.9199981689453,51715,0.0,0.0
2024-01-10 14:30:00-05:00,224.9250030517578,225.89999389648438,223.05499267578125,223.10000610351562,98087,0.0,0.0
2024-01-10 15:30:00-05:00,223.3249969482422,224.7100067138672,222.8000030517578,224.66000366210938,62759,0.0,0.0
2024-01-11 09:30:00-05:00,224.38999938964844,227.0749969482422,222.6300048828125,223.42999267578125,51997,0.0,0.0
2024-01-11 10:30:00-05:00,223.52000427246094,224.0,222.58999633789062,223.2899932861328,45836,0.0,0.0
2024-01-11 11:30:00-05:00,222.99000549316406,224.8300018310547,222.57179260253906,224.44000244140625,23664,0.0,0.0
2024-01-11 12:30:00-05:00,224.4149932861328,228.82000732421875,224.4149932861328,227.16900634765625,302684,0.0,0.0
2024-01-11 13:30:00-05:00,227.25,228.0,226.4499969482422,227.6699981689453,46472,0.0,0.0
2024-01-11 14:30:00-05:00,227.67999267578125,228.35000610351562,226.9199981689453,227.63999938964844,44021,0.0,0.0
2024-01-11 15:30:00-05:00,227.55499267578125,228.30999755859375,227.2100067138672,228.02000427246094,100646,0.0,0.0
2024-01-12 09:30:00-05:00,229.42999267578125,236.72500610351562,229.4199981689453,233.69000244140625,65485,0.0,0.0
2024-01-12 10:30:00-05:00,234.5800018310547,236.72999572753906,233.10000610351562,236.4149932861328,50634,0.0,0.0
2024-01-12 11:30:00-05:00,236.57000732421875,236.9149932861328,235.24000549316406,236.7093048095703,60909,0.0,0.0
2024-01-12 12:30:00-05:00,237.1300048828125,237.1300048828125,235.11000061035156,235.33999633789062,29223,0.0,0.0
2024-01-12 13:30:00-05:00,235.72999572753906,237.6199951171875,235.5,236.5,56839,0.0,0.0
2024-01-12 14:30:00-05:00,236.6199951171875,237.4199981689453,236.3000030517578,236.8249969482422,85682,0.0,0.0
2024-01-12 15:30:00-05:00,236.72000122070312,237.2050018310547,236.23500061035156,236.25,83729,0.0,0.0
2024-01-16 09:30:00-05:00,233.25,237.49000549316406,230.42999267578125,231.83999633789062,91887,0.0,0.0
2024-01-16 10:30:00-05:00,231.8800048828125,233.72000122070312,230.72000122070312,233.55499267578125,110634,0.0,0.0
2024-01-16 11:30:00-05:00,233.55499267578125,233.8350067138672,232.27499389648438,232.60499572753906,30812,0.0,0.0
2024-01-16 12:30:00-05:00,232.52499389648438,233.13999938964844,232.39500427246094,232.92999267578125,23459,0.0,0.0
2024-01-16 13:30:00-05:00,233.07000732421875,233.34500122070312,230.95010375976562,231.6649932861328,52225,0.0,0.0
2024-01-16 14:30:00-05:00,231.55999755859375,233.10000610351562,231.5,231.76499938964844,66214,0.0,0.0
2024-01-16 15:30:00-05:00,231.7550048828125,231.89999389648438,230.5500030517578,230.75,124315,0.0,0.0
2024-01-17 09:30:00-05:00,226.5399932861328,228.17999267578125,224.52000427246094,227.0,39892,0.0,0.0
2024-01-17 10:30:00-05:00,226.94000244140625,227.27000427246094,225.92999267578125,227.24000549316406,43026,0.0,0.0
2024-01-17 11:30:00-05:00,227.2949981689453,227.9550018310547,227.13999938964844,227.52000427246094,17601,0.0,0.0
2024-01-17 12:30:00-05:00,227.5500030517578,228.89999389648438,227.44000244140625,227.59500122070312,26186,0.0,0.0
2024-01-17 13:30:00-05:00,227.44000244140625,227.7100067138672,226.57000732421875,227.0500030517578,20980,0.0,0.0
2024-01-17 14:30:00-05:00,227.14999389648438,228.0449981689453,227.10000610351562,227.2050018310547,33807,0.0,0.0
2024-01-17 15:30:00-05:00,227.22999572753906,227.4199981689453,226.67999267578125,226.86000061035156,68590,0.0,0.0
2024-01-18 09:30:00-05:00,229.13999938964844,235.2100067138672,229.13999938964844,230.06500244140625,69213,0.0,0.0
2024-01-18 10:30:00-05:00,230.38999938964844,231.17999267578125,228.6999969482422,229.0,45109,0.0,0.0
2024-01-18 11:30:00-05:00,229.03500366210938,229.1999969482422,226.2100067138672,227.88499450683594,39426,0.0,0.0
2024-01-18 12:30:00-05:00,228.19500732421875,228.4949951171875,226.85000610351562,227.0399932861328,19212,0.0,0.0
2024-01-18 13:30:00-05:00,227.125,228.5449981689453,227.1199951171875,228.39500427246094,26934,0.0,0.0
2024-01-18 14:30:00-05:00,228.5800018310547,229.05999755859375,227.8249969482422,229.05999755859375,27679,0.0,0.0
2024-01-18 15:30:00-05:00,228.97000122070312,229.16000366210938,228.33999633789062,228.5800018310547,79627,0.0,0.0
2024-01-19 09:30:00-05:00,229.75999450683594,230.5800018310547,228.36000061035156,229.76499938964844,27211,0.0,0.0
2024-01-19 10:30:00-05:00,229.50999450683594,229.60000610351562,228.14999389648438,228.8350067138672,18573,0.0,0.0
2024-01-19 11:30:00-05:00,228.6199951171875,229.6300048828125,228.38999938964844,229.6300048828125,21550,0.0,0.0
2024-01-19 12:30:00-05:00,229.64999389648438,230.6999969482422,229.5500030517578,230.5500030517578,18566,0.0,0.0
2024-01-19 13:30:00-05:00,230.93499755859375,232.41000366210938,230.93499755859375,232.3699951171875,17018,0.0,0.0
2024-01-19 14:30:00-05:00,232.33999633789062,232.61000061035156,231.92999267578125,232.47999572753906,27354,0.0,0.0
2024-01-19 15:30:00-05:00,232.50999450683594,232.50999450683594,231.19000244140625,231.6199951171875,73209,0.0,0.0
2024-01-22 09:30:00-05:00,233.5800018310547,237.4250030517578,231.99000549316406,236.64999389648438,70269,0.0,0.0
2024-01-22 10:30:00-05:00,236.5850067138672,237.49000549316406,235.41000366210938,237.47999572753906,47089,0.0,0.0
2024-01-22 11:30:00-05:00,237.60000610351562,237.91000366210938,236.3300018310547,237.33999633789062,45158,0.0,0.0
2024-01-22 12:30:00-05:00,237.3800048828125,238.1699981689453,237.0800018310547,237.8000030517578,45098,0.0,0.0
2024-01-22 13:30:00-05:00,237.8699951171875,240.2449951171875,237.8699951171875,238.75999450683594,82900,0.0,0.0
2024-01-22 14:30:00-05:00,239.02000427246094,239.02000427246094,237.6999969482422,238.61000061035156,62509,0.0,0.0
2024-01-22 15:30:00-05:00,238.5800018310547,239.6699981689453,238.16000366210938,239.0500030517578,115369,0.0,0.0
2024-01-23 09:30:00-05:00,240.8000030517578,240.8000030517578,238.61000061035156,239.52000427246094,49063,0.0,0.0
2024-01-23 10:30:00-05:00,238.91000366210938,238.98500061035156,235.8000030517578,235.8000030517578,22908,0.0,0.0
2024-01-23 11:30:00-05:00,235.59010314941406,236.4600067138672,235.0800018310547,236.15499877929688,20656,0.0,0.0
2024-01-23 12:30:00-05:00,236.55999755859375,236.7100067138672,235.72500610351562,236.02999877929688,14333,0.0,0.0
2024-01-23 13:30:00-05:00,236.22500610351562,236.77499389648438,235.1199951171875,236.77499389648438,22887,0.0,0.0
2024-01-23 14:30:00-05:00,236.80999755859375,237.8699951171875,236.7100067138672,237.3300018310547,28741,0.0,0.0
2024-01-23 15:30:00-05:00,237.3300018310547,237.42999267578125,235.8070068359375,235.85000610351562,60770,0.0,0.0
2024-01-24 09:30:00-05:00,238.50999450683594,238.50999450683594,235.0,236.25999450683594,36044,0.0,0.0
2024-01-24 10:30:00-05:00,236.4600067138672,237.65499877929688,234.38999938964844,235.4499969482422,24083,0.0,0.0
2024-01-24 11:30:00-05:00,235.43499755859375,236.09500122070312,234.8249969482422,234.89999389648438,24170,0.0,0.0
2024-01-24 12:30:00-05:00,235.00999450683594,235.36000061035156,234.17750549316406,234.69000244140625,25133,0.0,0.0
2024-01-24 13:30:00-05:00,234.52000427246094,234.52000427246094,232.8000030517578,233.1699981689453,25863,0.0,0.0
2024-01-24 14:30:00-05:00,233.27999877929688,233.72999572753906,230.22999572753906,230.77000427246094,56430,0.0,0.0
2024-01-24 15:30:00-05:00,230.64999389648438,231.88999938964844,230.5500030517578,231.7899932861328,57707,0.0,0.0
2024-01-25 09:30:00-05:00,234.25,234.52999877929688,231.5,234.1699981689453,27365,0.0,0.0
2024-01-25 10:30:00-05:00,234.3800048828125,234.67999267578125,232.9600067138672,234.67999267578125,50746,0.0,0.0
2024-01-25 11:30:00-05:00,234.5399932861328,236.48500061035156,234.47999572753906,235.36500549316406,47288,0.0,0.0
2024-01-25 12:30:00-05:00,234.8699951171875,234.8699951171875,232.1300048828125,233.83999633789062,29193,0.0,0.0
2024-01-25 13:30:00-05:00,233.8350067138672,233.8350067138672,230.9199981689453,231.14999389648438,16006,0.0,0.0
2024-01-25 14:30:00-05:00,231.02279663085938,232.71499633789062,230.74749755859375,232.54249572753906,37242,0.0,0.0
2024-01-25 15:30:00-05:00,232.35000610351562,233.47999572753906,232.22999572753906,233.2100067138672,67912,0.0,0.0
2024-01-26 09:30:00-05:00,234.75999450683594,235.7449951171875,233.6300048828125,234.2550048828125,23521,0.0,0.0
2024-01-26 10:30:00-05:00,234.40499877929688,239.05999755859375,234.19000244140625,238.38999938964844,54794,0.0,0.0
2024-01-26 11:30:00-05:00,238.5,238.5,236.6999969482422,237.66000366210938,25685,0.0,0.0
2024-01-26 12:30:00-05:00,237.2899932861328,238.35000610351562,237.0,238.2449951171875,63524,0.0,0.0
2024-01-26 13:30:00-05:00,238.28500366210938,238.60000610351562,237.67999267578125,237.74000549316406,38924,0.0,0.0
2024-01-26 14:30:00-05:00,237.7093048095703,237.7093048095703,236.17999267578125,236.6199951171875,71601,0.0,0.0
2024-01-26 15:30:00-05:00,236.41000366210938,238.19000244140625,236.32000732421875,237.99000549316406,69020,0.0,0.0
2024-01-29 09:30:00-05:00,239.86000061035156,247.48500061035156,239.77499389648438,242.8300018310547,111854,0.0,0.0
2024-01-29 10:30:00-05:00,243.35499572753906,243.35499572753906,240.2050018310547,240.77000427246094,50184,0.0,0.0
2024-01-29 11:30:00-05:00,240.77000427246094,242.5500030517578,240.50999450683594,241.80999755859375,38819,0.0,0.0
2024-01-29 12:30:00-05:00,241.36500549316406,241.3800048828125,238.49000549316406,238.8350067138672,23772,0.0,0.0
2024-01-29 13:30:00-05:00,238.67999267578125,239.71009826660156,237.33999633789062,239.38999938964844,72706,0.0,0.0
2024-01-29 14:30:00-05:00,239.60000610351562,242.60499572753906,239.07000732421875,242.5399932861328,108316,0.0,0.0
2024-01-29 15:30:00-05:00,242.44000244140625,243.07000732421875,242.05999755859375,242.75,77995,0.0,0.0
2024-01-30 09:30:00-05:00,244.5,246.35000610351562,242.97999572753906,244.89999389648438,79713,0.0,0.0
2024-01-30 10:30:00-05:00,245.2899932861328,246.24000549316406,241.41000366210938,243.11000061035156,170575,0.0,0.0
2024-01-30 11:30:00-05:00,243.1199951171875,243.80999755859375,242.0,242.3000030517578,64076,0.0,0.0
2024-01-30 12:30:00-05:00,242.2949981689453,242.77000427246094,241.17999267578125,242.77000427246094,63622,0.0,0.0
2024-01-30 13:30:00-05:00,242.9250030517578,244.14999389648438,242.82000732421875,243.8574981689453,35069,0.0,0.0
2024-01-30 14:30:00-05:00,243.7050018310547,245.5,243.42999267578125,245.13999938964844,100908,0.0,0.0
2024-01-30 15:30:00-05:00,245.16000366210938,245.4199981689453,243.17999267578125,244.99000549316406,247538,0.0,0.0
2024-01-31 09:30:00-05:00,242.0,242.19000244140625,238.10000610351562,238.25,35433,0.0,0.0
2024-01-31 10:30:00-05:00,238.5800018310547,239.8300018310547,237.17999267578125,238.7100067138672,49927,0.0,0.0
2024-01-31 11:30:00-05:00,238.17999267578125,239.05999755859375,237.1999969482422,238.82000732421875,53486,0.0,0.0
2024-01-31 12:30:00-05:00,239.0,240.47999572753906,238.55999755859375,239.7899932861328,41355,0.0,0.0
2024-01-31 13:30:00-05:00,239.77999877929688,239.9199981689453,236.50999450683594,236.6699981689453,40543,0.0,0.0
2024-01-31 14:30:00-05:00,236.88999938964844,241.36000061035156,235.4875030517578,236.9600067138672,66744,0.0,0.0
2024-01-31 15:30:00-05:00,236.88999938964844,237.1699981689453,235.42999267578125,235.80999755859375,84850,0.0,0.0
2024-02-01 09:30:00-05:00,237.50999450683594,241.0,236.2899932861328,238.4499969482422,62049,0.0,0.0
2024-02-01 10:30:00-05:00,238.22500610351562,238.2449951171875,233.35000610351562,233.60000610351562,61889,0.0,0.0
2024-02-01 11:30:00-05:00,233.63999938964844,237.82000732421875,233.63999938964844,236.1699981689453,22091,0.0,0.0
2024-02-01 12:30:00-05:00,236.5,241.77000427246094,236.32000732421875,240.61000061035156,114655,0.0,0.0
2024-02-01 13:30:00-05:00,240.40499877929688,243.73989868164062,240.40499877929688,243.02999877929688,85173,0.0,0.0
2024-02-01 14:30:00-05:00,242.97999572753906,244.90499877929688,242.61000061035156,244.89190673828125,52940,0.0,0.0
2024-02-01 15:30:00-05:00,245.0,245.64990234375,244.5500030517578,244.5800018310547,94986,0.0,0.0
2024-02-02 09:30:00-05:00,244.60000610351562,246.63999938964844,241.02000427246094,246.2550048828125,61754,0.0,0.0
2024-02-02 10:30:00-05:00,246.58999633789062,249.02999877929688,244.70779418945312,249.0,67760,0.0,0.0
2024-02-02 11:30:00-05:00,249.30999755859375,250.08999633789062,248.74000549316406,250.0,61539,0.0,0.0
2024-02-02 12:30:00-05:00,250.00999450683594,250.27999877929688,247.80999755859375,248.92999267578125,56385,0.0,0.0
2024-02-02 13:30:00-05:00,248.39010620117188,250.9600067138672,248.39010620117188,249.86500549316406,36856,0.0,0.0
2024-02-02 14:30:00-05:00,250.0399932861328,251.5019989013672,250.0399932861328,251.3300018310547,46720,0.0,0.0
2024-02-02 15:30:00-05:00,251.15350341796875,251.26499938964844,249.6999969482422,249.7100067138672,111164,0.0,0.0
2024-02-05 09:30:00-05:00,247.47000122070312,248.94000244140625,241.7100067138672,242.0749969482422,125463,0.0,0.0
2024-02-05 10:30:00-05:00,242.0749969482422,243.62469482421875,241.8000030517578,242.72999572753906,63709,0.0,0.0
2024-02-05 11:30:00-05:00,242.8350067138672,244.06500244140625,242.3300018310547,243.67999267578125,31543,0.0,0.0
2024-02-05 12:30:00-05:00,244.10000610351562,244.3699951171875,243.00999450683594,243.55999755859375,27184,0.0,0.0
2024-02-05 13:30:00-05:00,243.83999633789062,243.83999633789062,242.88999938964844,243.47000122070312,17806,0.0,0.0
2024-02-05 14:30:00-05:00,243.27999877929688,244.16000366210938,242.8000030517578,243.6699981689453,25333,0.0,0.0
2024-02-05 15:30:00-05:00,243.6584014892578,243.72000122070312,242.6300048828125,243.42999267578125,70904,0.0,0.0
2024-02-06 09:30:00-05:00,243.22000122070312,243.60000610351562,228.75,235.82000732421875,184740,0.0,0.0
2024-02-06 10:30:00-05:00,235.66000366210938,236.06500244140625,231.8699951171875,232.02000427246094,69865,0.0,0.0
2024-02-06 11:30:00-05:00,232.13999938964844,232.47999572753906,228.00999450683594,229.08999633789062,71453,0.0,0.0
2024-02-06 12:30:00-05:00,229.07000732421875,231.2888946533203,228.35000610351562,229.3300018310547,83813,0.0,0.0
2024-02-06 13:30:00-05:00,229.33999633789062,232.3699951171875,229.3300018310547,231.7050018310547,93801,0.0,0.0
2024-02-06 14:30:00-05:00,231.7100067138672,235.0399932861328,231.7100067138672,234.44000244140625,50672,0.0,0.0
2024-02-06 15:30:00-05:00,234.44500732421875,235.34249877929688,233.27000427246094,234.64999389648438,77690,0.0,0.0
2024-02-07 09:30:00-05:00,233.63999938964844,238.7100067138672,231.23500061035156,238.625,57757,0.0,0.0
2024-02-07 10:30:00-05:00,238.97000122070312,239.06500244140625,236.60000610351562,236.91000366210938,28451,0.0,0.0
2024-02-07 11:30:00-05:00,237.2100067138672,237.61000061035156,236.0850067138672,237.4949951171875,24519,0.0,0.0
2024-02-07 12:30:00-05:00,237.22999572753906,239.3699951171875,237.10000610351562,238.6300048828125,33492,0.0,0.0
2024-02-07 13:30:00-05:00,239.01499938964844,239.58999633789062,238.0800018310547,238.3800048828125,23478,0.0,0.0
2024-02-07 14:30:00-05:00,238.60000610351562,238.64500427246094,237.27999877929688,237.5399932861328,54269,0.0,0.0
2024-02-07 15:30:00-05:00,237.50999450683594,237.50999450683594,235.69000244140625,236.08999633789062,84273,0.0,0.0
2024-02-08 09:30:00-05:00,236.22999572753906,240.39309692382812,236.22999572753906,238.57000732421875,22100,0.0,0.0
2024-02-08 10:30:00-05:00,239.23500061035156,240.2364044189453,238.66000366210938,240.2364044189453,21687,0.0,0.0
2024-02-08 11:30:00-05:00,240.08999633789062,240.86000061035156,240.08999633789062,240.38999938964844,15427,0.0,0.0
2024-02-08 12:30:00-05:00,240.38999938964844,240.46499633789062,239.24000549316406,239.24000549316406,22398,0.0,0.0
2024-02-08 13:30:00-05:00,239.2100067138672,240.11000061035156,238.6999969482422,238.83999633789062,13998,0.0,0.0
2024-02-08 14:30:00-05:00,238.94000244140625,239.5,237.85000610351562,238.25999450683594,31300,0.0,0.0
2024-02-08 15:30:00-05:00,238.22000122070312,238.22000122070312,237.4600067138672,237.82000732421875,50032,0.0,0.0
2024-02-09 09:30:00-05:00,240.6199951171875,241.85000610351562,240.0345001220703,241.4600067138672,21035,0.0,0.0
2024-02-09 10:30:00-05:00,241.66000366210938,244.24000549316406,241.38999938964844,243.50999450683594,22124,0.0,0.0
2024-02-09 11:30:00-05:00,243.36000061035156,244.0,243.2100067138672,243.99000549316406,13012,0.0,0.0
2024-02-09 12:30:00-05:00,244.3699951171875,245.80999755859375,244.32000732421875,245.80999755859375,17455,0.0,0.0
2024-02-09 13:30:00-05:00,245.76499938964844,245.76499938964844,244.22999572753906,244.22999572753906,26519,0.0,0.0
2024-02-09 14:30:00-05:00,244.07000732421875,244.18499755859375,241.91000366210938,242.4250030517578,56023,0.0,0.0
2024-02-09 15:30:00-05:00,242.32000732421875,243.0,241.72000122070312,243.0,55834,0.0,0.0
2024-02-12 09:30:00-05:00,242.80999755859375,243.75999450683594,241.4600067138672,243.75999450683594,32744,0.0,0.0
2024-02-12 10:30:00-05:00,243.44000244140625,245.14999389648438,243.44000244140625,244.5850067138672,25735,0.0,0.0
2024-02-12 11:30:00-05:00,244.7550048828125,244.99000549316406,243.0800018310547,243.8000030517578,29370,0.0,0.0
2024-02-12 12:30:00-05:00,243.7100067138672,244.80499267578125,243.6999969482422,243.80499267578125,22063,0.0,0.0
2024-02-12 13:30:00-05:00,243.65499877929688,243.65499877929688,240.22999572753906,241.27499389648438,38143,0.0,0.0
2024-02-12 14:30:00-05:00,241.25999450683594,241.72000122070312,240.2899932861328,240.3699951171875,34640,0.0,0.0
2024-02-12 15:30:00-05:00,240.19000244140625,240.8699951171875,239.91000366210938,240.00999450683594,76748,0.0,0.0
2024-02-13 09:30:00-05:00,230.5399932861328,233.1300048828125,226.52000427246094,231.77999877929688,81467,0.0,0.0
2024-02-13 10:30:00-05:00,232.02999877929688,233.8699951171875,230.85000610351562,233.8699951171875,67158,0.0,0.0
2024-02-13 11:30:00-05:00,233.47500610351562,234.24000549316406,231.50999450683594,231.50999450683594,53776,0.0,0.0
2024-02-13 12:30:00-05:00,231.8800048828125,232.52999877929688,231.13999938964844,231.7449951171875,36036,0.0,0.0
2024-02-13 13:30:00-05:00,231.94000244140625,232.2050018310547,230.80999755859375,231.39999389648438,40536,0.0,0.0
2024-02-13 14:30:00-05:00,231.41000366210938,231.9199981689453,229.1699981689453,229.8800048828125,71646,0.0,0.0
2024-02-13 15:30:00-05:00,229.82749938964844,230.60000610351562,229.4824981689453,230.00999450683594,103020,0.0,0.0
2024-02-14 09:30:00-05:00,231.9199981689453,235.8000030517578,231.0500030517578,235.39999389648438,47005,0.0,0.0
2024-02-14 10:30:00-05:00,235.5,235.5,232.75,233.88999938964844,34517,0.0,0.0
2024-02-14 11:30:00-05:00,234.3800048828125,235.36500549316406,233.22000122070312,234.63999938964844,39131,0.0,0.0
2024-02-14 12:30:00-05:00,234.61000061035156,234.75999450683594,232.97000122070312,233.5,41050,0.0,0.0
2024-02-14 13:30:00-05:00,233.63999938964844,235.75999450683594,233.63999938964844,234.89999389648438,62580,0.0,0.0
2024-02-14 14:30:00-05:00,234.88999938964844,235.02000427246094,233.2689971923828,234.43499755859375,63106,0.0,0.0
2024-02-14 15:30:00-05:00,234.27000427246094,235.24000549316406,233.78500366210938,234.14999389648438,185337,0.0,0.0
2024-02-15 09:30:00-05:00,240.00999450683594,243.35000610351562,237.10499572753906,238.19000244140625,158227,0.0,0.0
2024-02-15 10:30:00-05:00,238.3000030517578,238.8699951171875,236.6699981689453,237.97999572753906,47959,0.0,0.0
2024-02-15 11:30:00-05:00,238.02999877929688,238.75,237.36000061035156,238.3699951171875,41286,0.0,0.0
2024-02-15 12:30:00-05:00,238.19000244140625,239.16000366210938,237.1475067138672,239.0500030517578,60832,0.0,0.0
2024-02-15 13:30:00-05:00,239.10000610351562,239.1699981689453,237.33999633789062,237.86000061035156,64662,0.0,0.0
2024-02-15 14:30:00-05:00,237.9199981689453,238.4949951171875,236.44000244140625,237.19500732421875,114632,0.0,0.0
2024-02-15 15:30:00-05:00,237.2550048828125,239.0399932861328,236.39999389648438,239.0399932861328,145297,0.0,0.0
2024-02-16 09:30:00-05:00,226.57000732421875,233.9199981689453,222.02499389648438,228.14500427246094,224466,0.0,0.0
2024-02-16 10:30:00-05:00,227.8000030517578,230.3800048828125,227.26499938964844,229.22500610351562,85594,0.0,0.0
2024-02-16 11:30:00-05:00,229.22500610351562,229.6199951171875,225.49000549316406,226.00999450683594,116464,0.0,0.0
2024-02-16 12:30:00-05:00,225.9250030517578,227.85000610351562,224.6199951171875,224.80999755859375,58143,0.0,0.0
2024-02-16 13:30:00-05:00,225.05999755859375,225.3800048828125,223.25999450683594,223.75999450683594,104956,0.0,0.0
2024-02-16 14:30:00-05:00,223.61500549316406,223.61500549316406,219.47500610351562,222.89999389648438,132951,0.0,0.0
2024-02-16 15:30:00-05:00,222.7899932861328,224.7550048828125,222.71749877929688,224.05999755859375,255806,0.0,0.0
2024-02-20 09:30:00-05:00,221.13999938964844,222.7100067138672,216.74000549316406,217.61000061035156,139817,0.0,0.0
2024-02-20 10:30:00-05:00,217.1699981689453,219.42999267578125,215.8699951171875,218.9600067138672,61574,0.0,0.0
2024-02-20 11:30:00-05:00,218.875,218.875,217.3000030517578,217.36000061035156,55752,0.0,0.0
2024-02-20 12:30:00-05:00,217.86000061035156,220.8699951171875,217.69000244140625,220.0,65309,0.0,0.0
2024-02-20 13:30:00-05:00,220.1999969482422,221.3699951171875,219.88999938964844,220.71499633789062,41182,0.0,0.0
2024-02-20 14:30:00-05:00,220.71499633789062,222.0399932861328,220.5500030517578,221.47999572753906,50349,0.0,0.0
2024-02-20 15:30:00-05:00,221.58999633789062,222.3300018310547,219.72000122070312,222.27999877929688,183082,0.0,0.0
2024-02-21 09:30:00-05:00,221.97999572753906,222.64999389648438,218.89999389648438,220.61500549316406,77733,0.0,0.0
2024-02-21 10:30:00-05:00,220.5850067138672,221.66000366210938,219.52000427246094,219.5749969482422,46156,0.0,0.0
2024-02-21 11:30:00-05:00,219.74000549316406,220.80999755859375,219.64999389648438,220.26499938964844,39177,0.0,0.0
2024-02-21 12:30:00-05:00,220.1699981689453,220.48500061035156,219.77999877929688,219.97500610351562,24600,0.0,0.0
2024-02-21 13:30:00-05:00,219.94500732421875,220.66000366210938,218.94000244140625,219.39500427246094,32858,0.0,0.0
2024-02-21 14:30:00-05:00,219.3249969482422,219.3249969482422,218.39999389648438,218.89500427246094,42033,0.0,0.0
2024-02-21 15:30:00-05:00,218.875,221.25999450683594,218.875,220.72000122070312,108004,0.0,0.0
2024-02-22 09:30:00-05:00,227.80999755859375,231.36000061035156,225.49000549316406,225.94500732421875,130303,0.0,0.0
2024-02-22 10:30:00-05:00,225.94500732421875,226.53500366210938,223.8800048828125,224.43280029296875,56237,0.0,0.0
2024-02-22 11:30:00-05:00,224.75,228.67999267578125,224.75,227.97000122070312,94956,0.0,0.0
2024-02-22 12:30:00-05:00,227.91000366210938,228.07000732421875,225.08999633789062,225.3000030517578,44894,0.0,0.0
2024-02-22 13:30:00-05:00,225.3249969482422,225.74000549316406,224.34500122070312,225.38999938964844,33986,0.0,0.0
2024-02-22 14:30:00-05:00,225.40499877929688,225.6750030517578,224.83999633789062,225.30999755859375,49994,0.0,0.0
2024-02-22 15:30:00-05:00,225.05999755859375,226.5800018310547,224.9550018310547,226.57000732421875,71972,0.0,0.0
2024-02-23 09:30:00-05:00,226.14999389648438,228.41000366210938,225.22999572753906,225.67999267578125,15246,0.0,0.0
2024-02-23 10:30:00-05:00,225.85000610351562,226.24740600585938,223.5399932861328,224.52999877929688,20178,0.0,0.0
2024-02-23 11:30:00-05:00,224.3699951171875,225.85000610351562,224.1999969482422,225.85000610351562,19973,0.0,0.0
2024-02-23 12:30:00-05:00,225.8105926513672,227.02000427246094,225.7449951171875,226.99000549316406,16610,0.0,0.0
2024-02-23 13:30:00-05:00,226.85000610351562,227.3000030517578,226.7899932861328,227.13999938964844,37431,0.0,0.0
2024-02-23 14:30:00-05:00,227.1199951171875,227.52000427246094,226.1999969482422,226.27000427246094,40980,0.0,0.0
2024-02-23 15:30:00-05:00,226.16000366210938,226.61920166015625,225.6300048828125,226.3000030517578,47065,0.0,0.0
2024-02-26 09:30:00-05:00,226.99000549316406,228.44500732421875,225.7100067138672,227.50999450683594,20115,0.0,0.0
2024-02-26 10:30:00-05:00,227.50999450683594,227.82000732421875,226.81500244140625,227.47000122070312,27160,0.0,0.0
2024-02-26 11:30:00-05:00,227.57000732421875,228.5,227.0800018310547,228.1649932861328,24973,0.0,0.0
2024-02-26 12:30:00-05:00,228.19000244140625,228.19000244140625,225.96499633789062,226.08999633789062,24803,0.0,0.0
2024-02-26 13:30:00-05:00,226.0500030517578,227.4199981689453,226.0500030517578,227.00999450683594,17324,0.0,0.0
2024-02-26 14:30:00-05:00,227.21499633789062,227.47000122070312,226.5399932861328,227.125,19926,0.0,0.0
2024-02-26 15:30:00-05:00,227.11500549316406,227.11500549316406,225.64999389648438,225.89999389648438,46560,0.0,0.0
2024-02-27 09:30:00-05:00,226.4499969482422,227.3300018310547,225.89999389648438,226.28500366210938,24072,0.0,0.0
2024-02-27 10:30:00-05:00,226.64999389648438,226.72000122070312,225.08999633789062,225.47000122070312,22291,0.0,0.0
2024-02-27 11:30:00-05:00,225.6699981689453,226.39999389648438,225.3300018310547,225.7899932861328,18588,0.0,0.0
2024-02-27 12:30:00-05:00,225.64999389648438,225.64999389648438,223.97999572753906,224.31500244140625,19809,0.0,0.0
2024-02-27 13:30:00-05:00,224.31500244140625,225.13999938964844,224.0399932861328,224.6750030517578,33143,0.0,0.0
2024-02-27 14:30:00-05:00,224.8000030517578,224.8000030517578,223.25,223.47500610351562,34443,0.0,0.0
2024-02-27 15:30:00-05:00,223.59500122070312,223.67999267578125,222.5800018310547,223.44000244140625,67214,0.0,0.0
2024-02-28 09:30:00-05:00,222.0,224.35000610351562,221.25,223.69500732421875,39530,0.0,0.0
2024-02-28 10:30:00-05:00,223.7100067138672,225.9600067138672,223.7100067138672,225.36000061035156,36165,0.0,0.0
2024-02-28 11:30:00-05:00,225.8000030517578,226.58999633789062,225.66000366210938,226.24000549316406,28815,0.0,0.0
2024-02-28 12:30:00-05:00,226.14999389648438,226.9499969482422,225.66000366210938,226.10000610351562,36372,0.0,0.0
2024-02-28 13:30:00-05:00,226.3000030517578,226.72999572753906,225.25999450683594,226.13499450683594,21960,0.0,0.0
2024-02-28 14:30:00-05:00,226.2899932861328,227.0,225.8300018310547,226.85000610351562,35550,0.0,0.0
2024-02-28 15:30:00-05:00,226.72999572753906,227.58999633789062,226.1699981689453,226.1699981689453,80115,0.0,0.0
2024-02-29 09:30:00-05:00,227.64999389648438,228.6300048828125,226.625,227.0850067138672,54794,0.0,0.0
2024-02-29 10:30:00-05:00,226.99000549316406,227.5,226.27999877929688,226.875,44943,0.0,0.0
2024-02-29 11:30:00-05:00,226.875,226.92999267578125,225.6199951171875,225.86500549316406,37337,0.0,0.0
2024-02-29 12:30:00-05:00,225.86500549316406,225.89500427246094,224.1699981689453,224.54710388183594,56554,0.0,0.0
2024-02-29 13:30:00-05:00,224.42999267578125,224.80999755859375,222.7324981689453,222.7324981689453,80207,0.0,0.0
2024-02-29 14:30:00-05:00,222.73500061035156,223.6999969482422,222.24000549316406,223.6699981689453,69705,0.0,0.0
2024-02-29 15:30:00-05:00,223.86000061035156,224.02000427246094,222.57000732421875,223.16000366210938,159499,0.0,0.0
2024-03-01 09:30:00-05:00,223.92999267578125,224.8800048828125,219.27999877929688,219.74000549316406,95010,0.0,0.0
2024-03-01 10:30:00-05:00,219.69000244140625,220.86749267578125,219.05999755859375,219.74000549316406,133786,0.0,0.0
2024-03-01 11:30:00-05:00,219.77000427246094,220.7949981689453,219.19000244140625,220.64999389648438,67288,0.0,0.0
2024-03-01 12:30:00-05:00,220.64999389648438,220.64999389648438,219.5,220.60000610351562,53086,0.0,0.0
2024-03-01 13:30:00-05:00,220.53500366210938,224.1699981689453,220.3699951171875,222.69000244140625,102069,0.0,0.0
2024-03-01 14:30:00-05:00,222.8350067138672,222.8350067138672,221.74000549316406,222.00999450683594,58106,0.0,0.0
2024-03-01 15:30:00-05:00,222.08999633789062,223.85000610351562,221.92999267578125,222.35000610351562,130749,0.0,0.0
2024-03-04 09:30:00-05:00,223.22999572753906,226.0,222.63999938964844,223.17999267578125,26754,0.0,0.0
2024-03-04 10:30:00-05:00,223.0,225.24000549316406,222.81520080566406,223.75,45841,0.0,0.0
2024-03-04 11:30:00-05:00,223.67379760742188,223.80499267578125,221.72999572753906,221.85000610351562,44032,0.0,0.0
2024-03-04 12:30:00-05:00,222.11000061035156,222.1199951171875,220.05999755859375,220.27000427246094,30447,0.0,0.0
2024-03-04 13:30:00-05:00,220.30499267578125,220.66000366210938,219.47000122070312,219.64999389648438,31649,0.0,0.0
2024-03-04 14:30:00-05:00,219.64999389648438,220.39999389648438,219.3699951171875,219.5500030517578,62656,0.0,0.0
2024-03-04 15:30:00-05:00,219.69500732421875,219.77139282226562,217.8699951171875,218.8800048828125,118464,0.0,0.0
2024-03-05 09:30:00-05:00,215.02000427246094,216.44500732421875,209.9499969482422,209.99000549316406,57680,0.0,0.0
2024-03-05 10:30:00-05:00,209.90370178222656,210.32000732421875,208.34500122070312,210.32000732421875,75342,0.0,0.0
2024-03-05 11:30:00-05:00,210.5800018310547,210.97999572753906,209.41000366210938,210.8000030517578,104334,0.0,0.0
2024-03-05 12:30:00-05:00,210.77999877929688,212.0449981689453,210.49000549316406,212.03500366210938,98686,0.0,0.0
2024-03-05 13:30:00-05:00,211.89999389648438,213.11000061035156,210.7050018310547,211.0500030517578,90056,0.0,0.0
2024-03-05 14:30:00-05:00,210.8300018310547,211.0,208.5800018310547,209.01499938964844,83759,0.0,0.0
2024-03-05 15:30:00-05:00,208.91000366210938,211.1199951171875,208.64999389648438,210.9199981689453,149614,0.0,0.0
2024-03-06 09:30:00-05:00,213.33999633789062,213.66000366210938,211.1999969482422,212.97500610351562,58857,0.0,0.0
2024-03-06 10:30:00-05:00,213.125,213.125,211.27000427246094,212.0,32759,0.0,0.0
2024-03-06 11:30:00-05:00,211.92999267578125,213.13999938964844,211.89999389648438,212.22999572753906,44902,0.0,0.0
2024-03-06 12:30:00-05:00,212.32000732421875,212.32000732421875,210.1699981689453,210.5345001220703,41662,0.0,0.0
2024-03-06 13:30:00-05:00,210.57000732421875,210.6300048828125,208.86000061035156,210.08250427246094,41422,0.0,0.0
2024-03-06 14:30:00-05:00,210.0800018310547,210.0800018310547,208.75999450683594,209.1699981689453,49072,0.0,0.0
2024-03-06 15:30:00-05:00,209.30999755859375,210.00999450683594,208.8699951171875,209.88999938964844,90491,0.0,0.0
2024-03-07 09:30:00-05:00,211.08999633789062,211.08999633789062,206.8800048828125,209.3000030517578,82397,0.0,0.0
2024-03-07 10:30:00-05:00,209.1999969482422,210.55999755859375,208.7100067138672,210.0800018310547,83038,0.0,0.0
2024-03-07 11:30:00-05:00,209.89999389648438,211.39999389648438,209.74000549316406,211.0,140343,0.0,0.0
2024-03-07 12:30:00-05:00,210.97000122070312,213.39999389648438,210.91000366210938,213.39999389648438,102756,0.0,0.0
2024-03-07 13:30:00-05:00,213.44000244140625,214.92999267578125,213.39100646972656,213.89999389648438,40775,0.0,0.0
2024-03-07 14:30:00-05:00,214.0,214.0050048828125,212.91000366210938,213.02999877929688,51639,0.0,0.0
2024-03-07 15:30:00-05:00,213.2899932861328,213.2899932861328,211.61000061035156,211.75,120350,0.0,0.0
2024-03-08 09:30:00-05:00,212.24000549316406,215.8000030517578,211.4499969482422,211.69000244140625,51684,0.0,0.0
2024-03-08 10:30:00-05:00,211.42999267578125,212.4199981689453,209.25999450683594,209.28500366210938,42785,0.0,0.0
2024-03-08 11:30:00-05:00,209.13999938964844,212.44000244140625,209.1300048828125,211.9499969482422,50661,0.0,0.0
2024-03-08 12:30:00-05:00,212.3300018310547,213.0850067138672,211.47999572753906,211.52999877929688,47452,0.0,0.0
2024-03-08 13:30:00-05:00,211.52000427246094,212.1999969482422,210.52999877929688,211.8300018310547,26631,0.0,0.0
2024-03-08 14:30:00-05:00,211.97999572753906,213.58999633789062,211.8000030517578,211.8000030517578,37168,0.0,0.0
2024-03-08 15:30:00-05:00,211.88999938964844,212.74000549316406,211.88999938964844,212.67999267578125,109086,0.0,0.0
2024-03-11 09:30:00-04:00,210.63999938964844,215.0,210.63999938964844,212.00999450683594,139977,0.0,0.0
2024-03-11 10:30:00-04:00,212.0050048828125,215.30999755859375,211.80499267578125,214.6300048828125,43025,0.0,0.0
2024-03-11 11:30:00-04:00,214.61500549316406,217.02999877929688,214.61500549316406,216.39999389648438,32634,0.0,0.0
2024-03-11 12:30:00-04:00,216.22999572753906,217.0500030517578,215.77000427246094,216.17999267578125,46622,0.0,0.0
2024-03-11 13:30:00-04:00,216.19000244140625,216.6699981689453,215.3699951171875,216.2899932861328,62430,0.0,0.0
2024-03-11 14:30:00-04:00,216.423095703125,216.85000610351562,216.10000610351562,216.34500122070312,26769,0.0,0.0
2024-03-11 15:30:00-04:00,216.39999389648438,216.72999572753906,215.6300048828125,216.3300018310547,85879,0.0,0.0
2024-03-12 09:30:00-04:00,217.5399932861328,217.5399932861328,214.1999969482422,215.60499572753906,59475,0.0,0.0
2024-03-12 10:30:00-04:00,215.91000366210938,216.57000732421875,214.9250030517578,215.8350067138672,43919,0.0,0.0
2024-03-12 11:30:00-04:00,215.6999969482422,217.24000549316406,214.97000122070312,216.94000244140625,40559,0.0,0.0
2024-03-12 12:30:00-04:00,216.96499633789062,218.91000366210938,216.49000549316406,217.07000732421875,93242,0.0,0.0
2024-03-12 13:30:00-04:00,217.10499572753906,217.16000366210938,216.43499755859375,217.16000366210938,18454,0.0,0.0
2024-03-12 14:30:00-04:00,217.13999938964844,217.25,215.58999633789062,216.16000366210938,22619,0.0,0.0
2024-03-12 15:30:00-04:00,216.1300048828125,217.24000549316406,216.02000427246094,217.2100067138672,53610,0.0,0.0
2024-03-13 09:30:00-04:00,217.19000244140625,218.2050018310547,214.77999877929688,216.83999633789062,101095,0.0,0.0
2024-03-13 10:30:00-04:00,216.55999755859375,217.7449951171875,215.7100067138672,216.32000732421875,46051,0.0,0.0
2024-03-13 11:30:00-04:00,216.27499389648438,217.71629333496094,216.27499389648438,217.1750030517578,38377,0.0,0.0
2024-03-13 12:30:00-04:00,217.00999450683594,217.6699981689453,216.80499267578125,217.1300048828125,15153,0.0,0.0
2024-03-13 13:30:00-04:00,216.9550018310547,217.39999389648438,216.7899932861328,217.10000610351562,24849,0.0,0.0
2024-03-13 14:30:00-04:00,217.11000061035156,217.11500549316406,214.9499969482422,214.9949951171875,48723,0.0,0.0
2024-03-13 15:30:00-04:00,215.3300018310547,215.92999267578125,214.89999389648438,215.00999450683594,129385,0.0,0.0
2024-03-14 09:30:00-04:00,215.30999755859375,216.5,214.33999633789062,215.59500122070312,54391,0.0,0.0
2024-03-14 10:30:00-04:00,215.9600067138672,216.33999633789062,214.8300018310547,215.0749969482422,24822,0.0,0.0
2024-03-14 11:30:00-04:00,215.25999450683594,216.0,214.91000366210938,215.0050048828125,18963,0.0,0.0
2024-03-14 12:30:00-04:00,215.06500244140625,216.27000427246094,214.8800048828125,214.8800048828125,27725,0.0,0.0
2024-03-14 13:30:00-04:00,214.92999267578125,215.47000122070312,214.8300018310547,215.0,30049,0.0,0.0
2024-03-14 14:30:00-04:00,215.0,215.2769012451172,214.85000610351562,215.1300048828125,47477,0.0,0.0
2024-03-14 15:30:00-04:00,215.05999755859375,215.5449981689453,214.90499877929688,215.49000549316406,49758,0.0,0.0
2024-03-15 09:30:00-04:00,212.52000427246094,216.24000549316406,212.52000427246094,215.05999755859375,63174,0.0,0.0
2024-03-15 10:30:00-04:00,215.15499877929688,216.86940002441406,215.02000427246094,215.57449340820312,31495,0.0,0.0
2024-03-15 11:30:00-04:00,215.88999938964844,215.88999938964844,214.9949951171875,215.13499450683594,60279,0.0,0.0
2024-03-15 12:30:00-04:00,215.08999633789062,216.86000061035156,214.9199981689453,216.42999267578125,182565,0.0,0.0
2024-03-15 13:30:00-04:00,216.25999450683594,216.6199951171875,215.7100067138672,216.33999633789062,23455,0.0,0.0
2024-03-15 14:30:00-04:00,216.4250030517578,217.52000427246094,216.0345001220703,217.39999389648438,40512,0.0,0.0
2024-03-15 15:30:00-04:00,217.27000427246094,217.3699951171875,215.3800048828125,216.58999633789062,92050,0.0,0.0
2024-03-18 09:30:00-04:00,217.52000427246094,217.64999389648438,214.33999633789062,215.0800018310547,74085,0.0,0.0
2024-03-18 10:30:00-04:00,214.8000030517578,215.0800018310547,211.97999572753906,212.14999389648438,111462,0.0,0.0
2024-03-18 11:30:00-04:00,212.0399932861328,212.0399932861328,209.3300018310547,209.64999389648438,74218,0.0,0.0
2024-03-18 12:30:00-04:00,209.6649932861328,209.7550048828125,208.5500030517578,209.1300048828125,33821,0.0,0.0
2024-03-18 13:30:00-04:00,208.9550018310547,210.42999267578125,206.83999633789062,210.42999267578125,142989,0.0,0.0
2024-03-18 14:30:00-04:00,210.42999267578125,210.42999267578125,207.0,207.4550018310547,69507,0.0,0.0
2024-03-18 15:30:00-04:00,207.4600067138672,207.77999877929688,206.51499938964844,207.00999450683594,169257,0.0,0.0
2024-03-19 09:30:00-04:00,205.0,207.82000732421875,204.02000427246094,205.94000244140625,135951,0.0,0.0
2024-03-19 10:30:00-04:00,205.92999267578125,206.1999969482422,203.7100067138672,204.19000244140625,158078,0.0,0.0
2024-03-19 11:30:00-04:00,204.19000244140625,205.67999267578125,204.18499755859375,205.3300018310547,97161,0.0,0.0
2024-03-19 12:30:00-04:00,205.47999572753906,207.7899932861328,205.22000122070312,207.11000061035156,137658,0.0,0.0
2024-03-19 13:30:00-04:00,207.22000122070312,209.10000610351562,206.93499755859375,208.1699981689453,70851,0.0,0.0
2024-03-19 14:30:00-04:00,208.27999877929688,208.35000610351562,205.97999572753906,206.41000366210938,129875,0.0,0.0
2024-03-19 15:30:00-04:00,206.40499877929688,207.0399932861328,206.14999389648438,206.39999389648438,125561,0.0,0.0
2024-03-20 09:30:00-04:00,206.3800048828125,206.3800048828125,201.11000061035156,201.5500030517578,189757,0.0,0.0
2024-03-20 10:30:00-04:00,201.8000030517578,203.22999572753906,201.03500366210938,202.89500427246094,88104,0.0,0.0
2024-03-20 11:30:00-04:00,202.8300018310547,204.47000122070312,202.8300018310547,203.77999877929688,67031,0.0,0.0
2024-03-20 12:30:00-04:00,203.7899932861328,203.92999267578125,202.91000366210938,203.1300048828125,66327,0.0,0.0
2024-03-20 13:30:00-04:00,203.33999633789062,206.30999755859375,202.89999389648438,204.66000366210938,79243,0.0,0.0
2024-03-20 14:30:00-04:00,204.94500732421875,206.07000732421875,203.32000732421875,205.77999877929688,85230,0.0,0.0
2024-03-20 15:30:00-04:00,205.89999389648438,206.2050018310547,205.11000061035156,206.0800018310547,165846,0.0,0.0
2024-03-21 09:30:00-04:00,204.77000427246094,205.0,201.77999877929688,201.77999877929688,110409,0.0,0.0
2024-03-21 10:30:00-04:00,201.802001953125,202.0800018310547,199.64999389648438,200.25999450683594,144138,0.0,0.0
2024-03-21 11:30:00-04:00,200.07000732421875,200.44000244140625,199.24000549316406,199.24000549316406,85110,0.0,0.0
2024-03-21 12:30:00-04:00,199.48500061035156,202.4250030517578,199.27999877929688,201.02999877929688,64538,0.0,0.0
2024-03-21 13:30:00-04:00,201.22999572753906,202.55999755859375,200.27000427246094,202.55999755859375,93848,0.0,0.0
2024-03-21 14:30:00-04:00,202.38499450683594,202.80999755859375,200.77999877929688,201.7550048828125,114135,0.0,0.0
2024-03-21 15:30:00-04:00,202.0,202.17999267578125,200.8000030517578,201.58999633789062,107848,0.0,0.0
2024-03-22 09:30:00-04:00,202.6699981689453,204.16000366210938,197.41000366210938,197.6300048828125,113992,0.0,0.0
2024-03-22 10:30:00-04:00,197.78500366210938,199.08999633789062,195.60000610351562,198.5,85068,0.0,0.0
2024-03-22 11:30:00-04:00,199.07269287109375,199.14999389648438,197.3800048828125,197.70779418945312,63443,0.0,0.0
2024-03-22 12:30:00-04:00,197.50999450683594,197.91000366210938,196.72999572753906,197.18499755859375,75592,0.0,0.0
2024-03-22 13:30:00-04:00,197.35000610351562,197.9875946044922,197.14999389648438,197.60000610351562,53223,0.0,0.0
2024-03-22 14:30:00-04:00,197.5500030517578,197.6750030517578,196.39999389648438,196.8300018310547,69844,0.0,0.0
2024-03-22 15:30:00-04:00,196.75,197.3699951171875,196.25999450683594,197.3699951171875,113442,0.0,0.0
2024-03-25 09:30:00-04:00,197.11000061035156,198.0,193.14999389648438,196.5399932861328,112307,0.0,0.0
2024-03-25 10:30:00-04:00,196.47999572753906,198.58999633789062,195.8175048828125,198.2899932861328,63754,0.0,0.0
2024-03-25 11:30:00-04:00,198.16000366210938,199.0399932861328,197.45750427246094,197.9199981689453,63896,0.0,0.0
2024-03-25 12:30:00-04:00,197.86500549316406,199.30999755859375,197.66000366210938,198.9600067138672,33447,0.0,0.0
2024-03-25 13:30:00-04:00,198.8000030517578,198.94000244140625,197.99000549316406,198.2550048828125,27711,0.0,0.0
2024-03-25 14:30:00-04:00,198.26499938964844,198.6199951171875,197.49000549316406,198.02000427246094,39870,0.0,0.0
2024-03-25 15:30:00-04:00,197.7899932861328,198.0,197.44000244140625,197.89999389648438,87707,0.0,0.0
2024-03-26 09:30:00-04:00,199.47000122070312,200.68499755859375,198.24620056152344,198.33999633789062,39468,0.0,0.0
2024-03-26 10:30:00-04:00,198.17999267578125,199.8699951171875,198.1699981689453,198.85499572753906,37178,0.0,0.0
2024-03-26 11:30:00-04:00,198.7899932861328,199.83999633789062,198.41000366210938,199.42999267578125,30228,0.0,0.0
2024-03-26 12:30:00-04:00,199.4499969482422,199.5800018310547,198.83999633789062,199.25,26017,0.0,0.0
2024-03-26 13:30:00-04:00,199.33999633789062,200.01499938964844,198.7899932861328,199.77000427246094,30374,0.0,0.0
2024-03-26 14:30:00-04:00,199.85499572753906,200.33999633789062,199.78500366210938,199.9149932861328,48346,0.0,0.0
2024-03-26 15:30:00-04:00,199.86000061035156,199.86000061035156,198.4010009765625,199.00999450683594,96038,0.0,0.0
2024-03-27 09:30:00-04:00,200.97999572753906,202.26499938964844,200.19000244140625,202.13999938964844,92497,0.0,0.0
2024-03-27 10:30:00-04:00,202.47000122070312,203.27999877929688,200.66000366210938,200.85499572753906,41661,0.0,0.0
2024-03-27 11:30:00-04:00,200.8300018310547,203.14999389648438,200.77499389648438,203.14999389648438,45952,0.0,0.0
2024-03-27 12:30:00-04:00,202.8699951171875,203.38999938964844,202.3000030517578,202.5050048828125,29425,0.0,0.0
2024-03-27 13:30:00-04:00,202.52999877929688,203.2899932861328,202.0800018310547,203.11000061035156,34032,0.0,0.0
2024-03-27 14:30:00-04:00,203.26499938964844,203.78250122070312,202.89999389648438,203.72999572753906,47650,0.0,0.0
2024-03-27 15:30:00-04:00,203.6649932861328,204.86000061035156,203.58999633789062,204.7100067138672,128134,0.0,0.0
2024-03-28 09:30:00-04:00,204.57000732421875,209.3699951171875,204.57000732421875,207.69000244140625,91937,0.0,0.0
2024-03-28 10:30:00-04:00,207.67999267578125,207.86000061035156,203.52999877929688,204.44000244140625,57952,0.0,0.0
2024-03-28 11:30:00-04:00,204.4550018310547,204.50999450683594,203.2050018310547,204.125,71626,0.0,0.0
2024-03-28 12:30:00-04:00,203.97999572753906,204.30999755859375,203.18499755859375,203.7550048828125,51381,0.0,0.0
2024-03-28 13:30:00-04:00,203.75999450683594,204.52999877929688,203.4250030517578,203.66000366210938,57130,0.0,0.0
2024-03-28 14:30:00-04:00,203.66000366210938,203.77999877929688,202.50999450683594,203.44500732421875,67098,0.0,0.0
2024-03-28 15:30:00-04:00,203.50999450683594,203.5749969482422,201.77000427246094,201.77000427246094,128604,0.0,0.0
2024-04-01 09:30:00-04:00,202.17999267578125,203.92999267578125,202.17999267578125,203.0,47807,0.0,0.0
2024-04-01 10:30:00-04:00,202.9550018310547,203.27499389648438,202.13499450683594,202.89999389648438,26758,0.0,0.0
2024-04-01 11:30:00-04:00,202.75999450683594,203.02000427246094,201.25999450683594,201.8699951171875,61228,0.0,0.0
2024-04-01 12:30:00-04:00,202.0399932861328,202.83999633789062,202.0399932861328,202.30499267578125,19790,0.0,0.0
2024-04-01 13:30:00-04:00,202.16000366210938,203.02999877929688,201.80999755859375,201.86500549316406,27436,0.0,0.0
2024-04-01 14:30:00-04:00,201.4499969482422,202.5850067138672,201.16000366210938,201.16000366210938,56114,0.0,0.0
2024-04-01 15:30:00-04:00,201.4600067138672,201.92999267578125,201.11000061035156,201.67999267578125,69014,0.0,0.0
2024-04-02 09:30:00-04:00,198.0399932861328,199.85000610351562,197.0,197.97999572753906,36808,0.0,0.0
2024-04-02 10:30:00-04:00,198.0966033935547,198.47999572753906,197.07000732421875,198.2550048828125,29425,0.0,0.0
2024-04-02 11:30:00-04:00,198.10000610351562,199.19119262695312,198.0800018310547,198.5050048828125,31176,0.0,0.0
2024-04-02 12:30:00-04:00,198.50999450683594,198.57000732421875,197.0749969482422,197.47000122070312,32596,0.0,0.0
2024-04-02 13:30:00-04:00,197.36000061035156,197.91250610351562,196.86000061035156,197.5399932861328,50324,0.0,0.0
2024-04-02 14:30:00-04:00,197.38999938964844,197.63999938964844,196.69000244140625,197.52999877929688,70564,0.0,0.0
2024-04-02 15:30:00-04:00,197.5800018310547,198.47000122070312,197.39999389648438,197.63999938964844,100121,0.0,0.0
2024-04-03 09:30:00-04:00,196.47999572753906,198.32000732421875,196.22999572753906,197.49000549316406,27969,0.0,0.0
2024-04-03 10:30:00-04:00,197.6699981689453,199.88999938964844,197.3000030517578,199.61000061035156,46602,0.0,0.0
2024-04-03 11:30:00-04:00,199.5,199.5,197.60000610351562,198.94000244140625,18981,0.0,0.0
2024-04-03 12:30:00-04:00,198.94000244140625,200.27999877929688,198.92999267578125,200.27999877929688,95615,0.0,0.0
2024-04-03 13:30:00-04:00,200.25999450683594,200.3300018310547,199.39500427246094,200.0,43396,0.0,0.0
2024-04-03 14:30:00-04:00,200.0,200.4600067138672,199.85000610351562,199.92999267578125,64598,0.0,0.0
2024-04-03 15:30:00-04:00,199.8300018310547,199.8300018310547,198.25999450683594,198.94000244140625,147345,0.0,0.0
2024-04-04 09:30:00-04:00,201.10000610351562,202.64500427246094,200.77499389648438,201.88999938964844,33706,0.0,0.0
2024-04-04 10:30:00-04:00,201.94000244140625,202.5399932861328,201.5800018310547,202.11000061035156,28085,0.0,0.0
2024-04-04 11:30:00-04:00,202.25999450683594,202.50999450683594,201.63999938964844,201.9600067138672,31219,0.0,0.0
2024-04-04 12:30:00-04:00,202.02000427246094,202.43499755859375,201.47999572753906,201.9499969482422,38311,0.0,0.0
2024-04-04 13:30:00-04:00,202.0800018310547,202.13999938964844,200.14999389648438,200.14999389648438,47313,0.0,0.0
2024-04-04 14:30:00-04:00,199.8300018310547,199.86000061035156,197.36000061035156,197.4149932861328,59430,0.0,0.0
2024-04-04 15:30:00-04:00,197.4600067138672,197.5800018310547,196.57009887695312,196.97000122070312,92676,0.0,0.0
2024-04-05 09:30:00-04:00,196.4199981689453,197.5500030517578,196.35000610351562,196.52499389648438,19326,0.0,0.0
2024-04-05 10:30:00-04:00,196.67999267578125,197.6999969482422,196.6649932861328,197.27999877929688,30472,0.0,0.0
2024-04-05 11:30:00-04:00,197.30499267578125,198.1699981689453,197.00999450683594,198.1699981689453,19853,0.0,0.0
2024-04-05 12:30:00-04:00,197.86000061035156,198.58999633789062,197.52000427246094,197.7899932861328,21207,0.0,0.0
2024-04-05 13:30:00-04:00,197.67999267578125,197.74000549316406,197.00999450683594,197.52999877929688,45862,0.0,0.0
2024-04-05 14:30:00-04:00,197.60499572753906,197.7449951171875,197.02999877929688,197.14999389648438,23716,0.0,0.0
2024-04-05 15:30:00-04:00,197.16000366210938,197.60000610351562,196.96499633789062,197.17999267578125,49496,0.0,0.0
2024-04-08 09:30:00-04:00,198.0,198.0,195.47000122070312,196.65499877929688,20515,0.0,0.0
2024-04-08 10:30:00-04:00,196.6649932861328,197.36000061035156,196.43499755859375,197.07000732421875,18151,0.0,0.0
2024-04-08 11:30:00-04:00,196.8300018310547,198.22000122070312,196.4600067138672,197.5749969482422,34038,0.0,0.0
2024-04-08 12:30:00-04:00,197.57000732421875,198.4199981689453,197.2100067138672,197.98500061035156,22620,0.0,0.0
2024-04-08 13:30:00-04:00,197.77000427246094,198.02000427246094,197.13999938964844,197.86000061035156,18640,0.0,0.0
2024-04-08 14:30:00-04:00,197.72000122070312,197.97999572753906,197.0,197.0399932861328,22054,0.0,0.0
2024-04-08 15:30:00-04:00,197.1699981689453,197.61500549316406,196.77999877929688,196.83999633789062,37143,0.0,0.0
2024-04-09 09:30:00-04:00,198.3699951171875,199.9499969482422,197.31500244140625,198.49000549316406,33514,0.0,0.0
2024-04-09 10:30:00-04:00,198.11000061035156,198.24000549316406,197.25540161132812,197.5500030517578,25994,0.0,0.0
2024-04-09 11:30:00-04:00,197.60000610351562,199.0,197.55999755859375,198.49000549316406,34938,0.0,0.0
2024-04-09 12:30:00-04:00,198.47999572753906,199.5850067138672,198.125,199.57000732421875,39037,0.0,0.0
2024-04-09 13:30:00-04:00,199.63499450683594,199.6649932861328,198.6300048828125,198.8699951171875,27424,0.0,0.0
2024-04-09 14:30:00-04:00,198.77000427246094,200.6999969482422,198.67759704589844,200.10000610351562,206924,0.0,0.0
2024-04-09 15:30:00-04:00,200.0399932861328,201.07000732421875,198.8000030517578,201.07000732421875,99140,0.0,0.0
2024-04-10 09:30:00-04:00,199.13999938964844,199.57000732421875,197.05999755859375,198.25,36602,0.0,0.0
2024-04-10 10:30:00-04:00,198.2050018310547,200.5399932861328,198.2050018310547,199.7449951171875,29411,0.0,0.0
2024-04-10 11:30:00-04:00,199.77000427246094,199.94000244140625,198.6199951171875,199.77999877929688,27416,0.0,0.0
2024-04-10 12:30:00-04:00,199.6199951171875,200.5500030517578,199.19000244140625,200.24000549316406,25814,0.0,0.0
2024-04-10 13:30:00-04:00,200.22000122070312,200.32000732421875,198.91000366210938,199.26499938964844,33446,0.0,0.0
2024-04-10 14:30:00-04:00,198.88499450683594,199.5399932861328,198.39500427246094,199.3300018310547,30454,0.0,0.0
2024-04-10 15:30:00-04:00,199.3249969482422,199.3249969482422,198.11000061035156,198.1199951171875,53555,0.0,0.0
2024-04-11 09:30:00-04:00,199.9600067138672,199.9600067138672,196.13999938964844,196.2550048828125,35643,0.0,0.0
2024-04-11 10:30:00-04:00,196.0800018310547,196.72999572753906,195.4550018310547,196.72999572753906,23180,0.0,0.0
2024-04-11 11:30:00-04:00,196.77999877929688,197.9149932861328,196.6999969482422,197.47500610351562,17495,0.0,0.0
2024-04-11 12:30:00-04:00,197.4499969482422,198.30499267578125,197.00999450683594,198.30499267578125,10603,0.0,0.0
2024-04-11 13:30:00-04:00,198.21499633789062,198.4499969482422,197.47000122070312,198.25,26567,0.0,0.0
2024-04-11 14:30:00-04:00,198.1300048828125,198.71499633789062,197.1300048828125,198.71499633789062,30754,0.0,0.0
2024-04-11 15:30:00-04:00,198.68499755859375,200.6199951171875,198.6300048828125,200.61000061035156,105601,0.0,0.0
2024-04-12 09:30:00-04:00,197.4600067138672,198.36709594726562,196.36500549316406,196.8300018310547,25136,0.0,0.0
2024-04-12 10:30:00-04:00,196.9250030517578,197.22999572753906,196.28750610351562,196.97500610351562,23927,0.0,0.0
2024-04-12 11:30:00-04:00,197.01499938964844,197.26499938964844,194.55499267578125,194.875,22192,0.0,0.0
2024-04-12 12:30:00-04:00,194.7949981689453,195.1699981689453,193.4149932861328,193.4149932861328,16461,0.0,0.0
2024-04-12 13:30:00-04:00,193.2899932861328,193.8800048828125,193.1199951171875,193.47000122070312,22997,0.0,0.0
2024-04-12 14:30:00-04:00,193.4499969482422,193.49000549316406,192.5,192.64500427246094,48728,0.0,0.0
2024-04-12 15:30:00-04:00,192.55499267578125,192.82000732421875,191.9199981689453,192.33999633789062,51985,0.0,0.0
2024-04-15 09:30:00-04:00,193.4600067138672,193.48500061035156,192.05999755859375,192.14500427246094,19313,0.0,0.0
2024-04-15 10:30:00-04:00,192.02499389648438,193.0500030517578,191.58999633789062,191.80999755859375,27850,0.0,0.0
2024-04-15 11:30:00-04:00,192.0399932861328,192.88999938964844,192.02499389648438,192.13999938964844,19778,0.0,0.0
2024-04-15 12:30:00-04:00,192.08999633789062,192.11000061035156,189.27999877929688,189.58999633789062,31230,0.0,0.0
2024-04-15 13:30:00-04:00,189.08999633789062,190.6699981689453,188.0399932861328,190.25999450683594,48913,0.0,0.0
2024-04-15 14:30:00-04:00,189.86000061035156,190.6649932861328,189.13999938964844,189.27000427246094,50213,0.0,0.0
2024-04-15 15:30:00-04:00,189.2100067138672,189.9499969482422,189.1300048828125,189.69000244140625,63158,0.0,0.0
2024-04-16 09:30:00-04:00,188.50999450683594,189.85000610351562,187.1300048828125,188.6300048828125,37117,0.0,0.0
2024-04-16 10:30:00-04:00,188.85499572753906,189.78500366210938,188.27499389648438,189.52000427246094,23797,0.0,0.0
2024-04-16 11:30:00-04:00,189.5800018310547,190.74000549316406,189.5500030517578,190.19000244140625,18013,0.0,0.0
2024-04-16 12:30:00-04:00,190.72999572753906,190.72999572753906,189.1199951171875,189.4199981689453,25529,0.0,0.0
2024-04-16 13:30:00-04:00,189.33999633789062,189.33999633789062,186.76499938964844,187.33999633789062,78750,0.0,0.0
2024-04-16 14:30:00-04:00,187.27999877929688,187.69500732421875,186.99000549316406,187.17999267578125,34196,0.0,0.0
2024-04-16 15:30:00-04:00,186.91000366210938,187.07000732421875,185.30999755859375,185.3699951171875,107914,0.0,0.0
2024-04-17 09:30:00-04:00,185.5,187.19500732421875,185.41000366210938,185.97000122070312,36414,0.0,0.0
2024-04-17 10:30:00-04:00,185.72999572753906,185.7899932861328,183.10000610351562,183.49000549316406,48276,0.0,0.0
2024-04-17 11:30:00-04:00,183.27000427246094,183.49000549316406,182.02000427246094,183.05999755859375,57124,0.0,0.0
2024-04-17 12:30:00-04:00,182.86000061035156,185.10000610351562,182.60000610351562,185.10000610351562,41312,0.0,0.0
2024-04-17 13:30:00-04:00,185.02000427246094,185.44000244140625,184.07000732421875,184.3699951171875,41858,0.0,0.0
2024-04-17 14:30:00-04:00,184.34100341796875,185.39999389648438,183.44500732421875,183.44500732421875,42375,0.0,0.0
2024-04-17 15:30:00-04:00,183.47999572753906,183.77000427246094,182.1199951171875,182.1300048828125,113969,0.0,0.0
2024-04-18 09:30:00-04:00,182.49000549316406,183.47000122070312,181.44000244140625,183.4600067138672,73682,0.0,0.0
2024-04-18 10:30:00-04:00,182.97999572753906,184.90499877929688,182.8300018310547,183.97999572753906,66182,0.0,0.0
2024-04-18 11:30:00-04:00,184.1699981689453,185.11000061035156,183.61000061035156,183.61000061035156,29866,0.0,0.0
2024-04-18 12:30:00-04:00,183.4499969482422,183.67999267578125,181.52000427246094,182.1999969482422,39275,0.0,0.0
2024-04-18 13:30:00-04:00,182.24000549316406,182.5800018310547,181.75999450683594,181.97000122070312,20246,0.0,0.0
2024-04-18 14:30:00-04:00,181.8800048828125,182.13999938964844,180.3800048828125,180.43499755859375,43614,0.0,0.0
2024-04-18 15:30:00-04:00,180.43499755859375,181.18499755859375,179.47500610351562,179.47500610351562,137839,0.0,0.0
2024-04-19 09:30:00-04:00,179.52000427246094,180.4600067138672,178.52999877929688,179.35000610351562,44906,0.0,0.0
2024-04-19 10:30:00-04:00,179.55999755859375,181.11000061035156,179.35499572753906,179.7100067138672,41791,0.0,0.0
2024-04-19 11:30:00-04:00,179.7899932861328,180.24000549316406,178.64500427246094,178.7899932861328,33224,0.0,0.0
2024-04-19 12:30:00-04:00,178.83999633789062,180.2100067138672,178.83999633789062,179.52999877929688,23938,0.0,0.0
2024-04-19 13:30:00-04:00,179.6999969482422,180.72000122070312,179.44500732421875,179.44500732421875,26055,0.0,0.0
2024-04-19 14:30:00-04:00,179.25999450683594,179.85000610351562,178.5,179.66000366210938,35690,0.0,0.0
2024-04-19 15:30:00-04:00,179.7050018310547,179.72999572753906,178.42999267578125,179.4600067138672,71239,0.0,0.0
2024-04-22 09:30:00-04:00,179.6300048828125,180.27999877929688,176.13999938964844,176.99000549316406,56777,0.0,0.0
2024-04-22 10:30:00-04:00,177.0500030517578,177.82000732421875,176.33999633789062,176.90499877929688,30865,0.0,0.0
2024-04-22 11:30:00-04:00,177.14999389648438,178.52000427246094,177.14999389648438,178.0500030517578,35162,0.0,0.0
2024-04-22 12:30:00-04:00,178.0399932861328,179.24000549316406,177.5800018310547,179.22999572753906,26501,0.0,0.0
2024-04-22 13:30:00-04:00,179.25,180.14999389648438,179.25,180.07000732421875,16033,0.0,0.0
2024-04-22 14:30:00-04:00,180.1699981689453,180.3800048828125,179.1699981689453,179.1699981689453,36942,0.0,0.0
2024-04-22 15:30:00-04:00,179.16000366210938,180.22999572753906,179.1300048828125,180.22999572753906,68410,0.0,0.0
2024-04-23 09:30:00-04:00,181.69000244140625,186.5399932861328,181.13499450683594,185.25999450683594,90072,0.0,0.0
2024-04-23 10:30:00-04:00,185.36000061035156,185.85000610351562,182.42999267578125,183.2899932861328,65046,0.0,0.0
2024-04-23 11:30:00-04:00,183.22500610351562,183.24000549316406,182.16000366210938,182.97999572753906,69665,0.0,0.0
2024-04-23 12:30:00-04:00,183.07000732421875,184.02000427246094,182.10000610351562,182.57000732421875,51119,0.0,0.0
2024-04-23 13:30:00-04:00,182.75999450683594,183.93499755859375,181.9600067138672,181.9600067138672,30997,0.0,0.0
2024-04-23 14:30:00-04:00,182.1300048828125,182.22999572753906,180.7100067138672,181.6699981689453,79949,0.0,0.0
2024-04-23 15:30:00-04:00,181.75,181.88999938964844,180.6199951171875,180.80999755859375,79139,0.0,0.0
2024-04-24 09:30:00-04:00,182.4199981689453,183.7899932861328,181.85000610351562,182.0500030517578,32307,0.0,0.0
2024-04-24 10:30:00-04:00,181.92999267578125,182.3699951171875,180.33999633789062,180.69500732421875,56245,0.0,0.0
2024-04-24 11:30:00-04:00,180.88999938964844,181.33999633789062,179.89999389648438,180.84500122070312,27854,0.0,0.0
2024-04-24 12:30:00-04:00,180.85000610351562,181.80999755859375,180.58999633789062,181.7949981689453,25922,0.0,0.0
2024-04-24 13:30:00-04:00,182.0,183.0,181.72000122070312,182.5800018310547,21881,0.0,0.0
2024-04-24 14:30:00-04:00,182.35000610351562,182.4499969482422,181.97999572753906,182.08999633789062,23455,0.0,0.0
2024-04-24 15:30:00-04:00,182.25,183.49000549316406,182.22000122070312,183.3000030517578,70489,0.0,0.0
2024-04-25 09:30:00-04:00,179.63999938964844,180.0,177.91000366210938,178.9499969482422,33326,0.0,0.0
2024-04-25 10:30:00-04:00,178.92999267578125,180.47999572753906,178.8300018310547,179.53500366210938,31018,0.0,0.0
2024-04-25 11:30:00-04:00,179.64999389648438,180.3699951171875,178.82000732421875,179.7100067138672,30018,0.0,0.0
2024-04-25 12:30:00-04:00,179.53570556640625,180.83999633789062,179.53570556640625,179.99000549316406,26141,0.0,0.0
2024-04-25 13:30:00-04:00,180.19000244140625,180.8000030517578,179.8000030517578,179.8000030517578,24818,0.0,0.0
2024-04-25 14:30:00-04:00,179.7449951171875,179.97999572753906,179.13499450683594,179.9250030517578,31531,0.0,0.0
2024-04-25 15:30:00-04:00,179.86000061035156,180.34500122070312,179.02000427246094,179.11000061035156,95188,0.0,0.0
2024-04-26 09:30:00-04:00,180.67999267578125,181.14999389648438,178.25,180.6649932861328,61319,0.0,0.0
2024-04-26 10:30:00-04:00,180.6300048828125,181.30499267578125,180.6300048828125,180.72999572753906,37575,0.0,0.0
2024-04-26 11:30:00-04:00,180.66000366210938,181.8000030517578,180.00999450683594,181.40499877929688,37715,0.0,0.0
2024-04-26 12:30:00-04:00,181.25,182.36000061035156,181.08999633789062,181.85000610351562,35344,0.0,0.0
2024-04-26 13:30:00-04:00,181.69000244140625,182.24000549316406,180.6300048828125,180.8800048828125,35875,0.0,0.0
2024-04-26 14:30:00-04:00,180.8800048828125,181.52000427246094,180.8800048828125,181.0800018310547,35755,0.0,0.0
2024-04-26 15:30:00-04:00,181.10499572753906,181.14999389648438,180.13999938964844,180.72000122070312,96659,0.0,0.0
2024-04-29 09:30:00-04:00,184.17999267578125,185.1199951171875,182.35000610351562,183.7158966064453,24096,0.0,0.0
2024-04-29 10:30:00-04:00,183.98500061035156,185.17999267578125,183.49000549316406,184.06500244140625,25163,0.0,0.0
2024-04-29 11:30:00-04:00,183.42999267578125,184.13999938964844,182.72000122070312,183.4199981689453,26908,0.0,0.0
2024-04-29 12:30:00-04:00,183.19000244140625,183.77000427246094,182.7899932861328,183.30499267578125,22591,0.0,0.0
2024-04-29 13:30:00-04:00,183.32000732421875,184.3300018310547,183.14999389648438,183.6300048828125,22921,0.0,0.0
2024-04-29 14:30:00-04:00,183.6300048828125,183.91000366210938,182.83999633789062,183.7449951171875,48139,0.0,0.0
2024-04-29 15:30:00-04:00,183.99000549316406,184.10899353027344,183.25999450683594,183.5,84805,0.0,0.0
2024-04-30 09:30:00-04:00,181.88999938964844,183.35000610351562,181.08999633789062,181.44000244140625,28117,0.0,0.0
2024-04-30 10:30:00-04:00,181.39999389648438,182.08999633789062,179.8300018310547,179.83999633789062,26053,0.0,0.0
2024-04-30 11:30:00-04:00,179.77000427246094,180.5749969482422,179.44000244140625,180.07000732421875,37975,0.0,0.0
2024-04-30 12:30:00-04:00,179.77000427246094,180.0,178.50999450683594,178.97999572753906,29976,0.0,0.0
2024-04-30 13:30:00-04:00,179.0800018310547,179.75,178.96499633789062,178.9949951171875,33793,0.0,0.0
2024-04-30 14:30:00-04:00,179.22000122070312,179.38999938964844,178.7449951171875,179.10000610351562,35343,0.0,0.0
2024-04-30 15:30:00-04:00,178.97999572753906,178.97999572753906,178.05999755859375,178.60000610351562,49705,0.0,0.0
2024-05-01 09:30:00-04:00,178.00999450683594,179.5,176.3300018310547,176.3300018310547,31260,0.0,0.0
2024-05-01 10:30:00-04:00,176.44000244140625,177.1999969482422,176.25,176.43499755859375,15496,0.0,0.0
2024-05-01 11:30:00-04:00,176.2899932861328,177.19000244140625,176.27499389648438,177.11500549316406,31850,0.0,0.0
2024-05-01 12:30:00-04:00,177.22000122070312,177.49000549316406,176.75,177.49000549316406,24315,0.0,0.0
2024-05-01 13:30:00-04:00,177.76499938964844,178.0,177.08999633789062,177.85000610351562,69147,0.0,0.0
2024-05-01 14:30:00-04:00,177.83999633789062,180.8800048828125,176.71009826660156,179.19290161132812,135423,0.0,0.0
2024-05-01 15:30:00-04:00,179.3300018310547,179.3300018310547,177.6649932861328,177.92999267578125,61032,0.0,0.0
2024-05-02 09:30:00-04:00,178.75999450683594,179.10000610351562,176.42999267578125,178.86500549316406,37815,0.0,0.0
2024-05-02 10:30:00-04:00,178.97000122070312,180.5,178.44000244140625,180.5,32628,0.0,0.0
2024-05-02 11:30:00-04:00,180.3800048828125,180.3800048828125,179.2100067138672,179.6999053955078,30838,0.0,0.0
2024-05-02 12:30:00-04:00,179.41000366210938,180.5800018310547,179.41000366210938,180.375,27468,0.0,0.0
2024-05-02 13:30:00-04:00,180.38499450683594,181.6199951171875,180.1999969482422,180.69000244140625,70092,0.0,0.0
2024-05-02 14:30:00-04:00,180.69000244140625,181.22500610351562,180.38999938964844,180.60000610351562,67527,0.0,0.0
2024-05-02 15:30:00-04:00,180.55999755859375,180.83999633789062,178.8699951171875,179.52000427246094,93581,0.0,0.0
2024-05-03 09:30:00-04:00,184.07000732421875,185.46499633789062,183.19000244140625,184.11000061035156,114352,0.0,0.0
2024-05-03 10:30:00-04:00,184.36000061035156,185.0399932861328,183.8300018310547,184.63999938964844,50549,0.0,0.0
2024-05-03 11:30:00-04:00,184.74000549316406,185.02999877929688,183.7100067138672,184.35499572753906,39679,0.0,0.0
2024-05-03 12:30:00-04:00,184.2449951171875,184.6300048828125,183.8699951171875,184.1699981689453,54494,0.0,0.0
2024-05-03 13:30:00-04:00,184.1699981689453,185.27000427246094,184.07000732421875,185.01499938964844,59509,0.0,0.0
2024-05-03 14:30:00-04:00,185.14999389648438,185.5355987548828,184.65499877929688,185.36000061035156,38934,0.0,0.0
2024-05-03 15:30:00-04:00,185.22500610351562,185.72999572753906,184.75,185.5500030517578,113067,0.0,0.0
2024-05-06 09:30:00-04:00,186.02000427246094,187.08999633789062,185.03500366210938,186.47999572753906,40441,0.0,0.0
2024-05-06 10:30:00-04:00,186.52000427246094,188.35000610351562,186.52000427246094,188.25,52445,0.0,0.0
2024-05-06 11:30:00-04:00,188.2100067138672,188.52999877929688,187.2550048828125,188.42999267578125,80989,0.0,0.0
2024-05-06 12:30:00-04:00,188.32400512695312,189.6199951171875,188.0800018310547,189.49000549316406,28654,0.0,0.0
2024-05-06 13:30:00-04:00,189.39999389648438,190.69000244140625,189.17999267578125,190.22500610351562,29869,0.0,0.0
2024-05-06 14:30:00-04:00,190.18499755859375,190.56500244140625,189.8000030517578,190.5,39553,0.0,0.0
2024-05-06 15:30:00-04:00,190.57000732421875,191.39999389648438,190.36500549316406,191.05999755859375,163990,0.0,0.0
2024-05-07 09:30:00-04:00,191.5399932861328,194.71499633789062,190.80999755859375,193.22000122070312,185532,0.0,0.0
2024-05-07 10:30:00-04:00,193.22000122070312,195.13999938964844,192.47500610351562,195.11500549316406,125291,0.0,0.0
2024-05-07 11:30:00-04:00,195.10499572753906,195.22000122070312,193.22889709472656,193.6199951171875,86162,0.0,0.0
2024-05-07 12:30:00-04:00,193.60000610351562,193.9600067138672,192.7899932861328,193.4499969482422,74241,0.0,0.0
2024-05-07 13:30:00-04:00,193.39999389648438,194.55999755859375,193.39999389648438,194.4600067138672,62039,0.0,0.0
2024-05-07 14:30:00-04:00,194.6199951171875,195.00650024414062,194.1649932861328,194.1999969482422,36300,0.0,0.0
2024-05-07 15:30:00-04:00,194.25999450683594,195.16000366210938,193.88999938964844,193.91000366210938,143001,0.0,0.0
2024-05-08 09:30:00-04:00,192.4499969482422,193.50999450683594,191.5,192.75999450683594,43263,0.0,0.0
2024-05-08 10:30:00-04:00,192.50010681152344,192.80999755859375,190.92999267578125,191.24000549316406,39226,0.0,0.0
2024-05-08 11:30:00-04:00,190.92999267578125,192.55999755859375,190.92999267578125,191.30999755859375,32873,0.0,0.0
2024-05-08 12:30:00-04:00,191.4499969482422,191.8699951171875,190.5500030517578,190.72000122070312,26878,0.0,0.0
2024-05-08 13:30:00-04:00,190.58999633789062,191.5,190.58999633789062,191.40499877929688,37837,0.0,0.0
2024-05-08 14:30:00-04:00,191.40499877929688,191.6199951171875,190.89999389648438,191.0800018310547,91304,0.0,0.0
2024-05-08 15:30:00-04:00,191.07000732421875,191.42999267578125,190.7100067138672,190.97000122070312,111372,0.0,0.0
2024-05-09 09:30:00-04:00,179.5399932861328,179.97999572753906,172.7550048828125,173.39999389648438,353418,0.0,0.0
2024-05-09 10:30:00-04:00,173.6999969482422,175.02999877929688,173.0749969482422,174.86500549316406,94029,0.0,0.0
2024-05-09 11:30:00-04:00,175.0,175.25999450683594,172.9600067138672,174.65989685058594,112213,0.0,0.0
2024-05-09 12:30:00-04:00,174.16000366210938,174.74000549316406,173.4499969482422,174.63999938964844,43940,0.0,0.0
2024-05-09 13:30:00-04:00,174.5850067138672,174.6199951171875,172.41000366210938,172.86500549316406,105622,0.0,0.0
2024-05-09 14:30:00-04:00,172.85000610351562,174.10000610351562,172.67999267578125,174.0,165618,0.0,0.0
2024-05-09 15:30:00-04:00,173.85000610351562,174.0,172.25999450683594,173.125,187540,0.0,0.0
2024-05-10 09:30:00-04:00,173.89999389648438,176.61000061035156,171.0,172.89999389648438,150731,0.0,0.0
2024-05-10 10:30:00-04:00,173.0,174.00999450683594,171.9499969482422,173.75999450683594,128004,0.0,0.0
2024-05-10 11:30:00-04:00,173.5500030517578,174.03500366210938,173.24000549316406,173.69000244140625,52402,0.0,0.0
2024-05-10 12:30:00-04:00,173.66000366210938,174.33999633789062,173.10000610351562,173.6300048828125,84728,0.0,0.0
2024-05-10 13:30:00-04:00,173.61000061035156,174.44000244140625,173.41000366210938,173.83999633789062,88356,0.0,0.0
2024-05-10 14:30:00-04:00,173.8249969482422,174.1199951171875,172.44000244140625,172.56500244140625,83716,0.0,0.0
2024-05-10 15:30:00-04:00,172.66000366210938,173.33999633789062,172.63999938964844,173.1699981689453,147390,0.0,0.0
2024-05-13 09:30:00-04:00,173.17999267578125,175.16000366210938,171.85000610351562,175.0449981689453,73085,0.0,0.0
2024-05-13 10:30:00-04:00,175.08999633789062,176.24000549316406,174.5500030517578,175.22999572753906,55135,0.0,0.0
2024-05-13 11:30:00-04:00,175.02999877929688,175.5800018310547,174.13999938964844,174.55999755859375,104085,0.0,0.0
2024-05-13 12:30:00-04:00,174.5,175.1999969482422,173.75,173.97000122070312,56610,0.0,0.0
2024-05-13 13:30:00-04:00,173.9949951171875,174.8300018310547,173.8000030517578,174.25,49314,0.0,0.0
2024-05-13 14:30:00-04:00,174.1999969482422,174.82000732421875,173.84500122070312,174.46499633789062,49074,0.0,0.0
2024-05-13 15:30:00-04:00,174.4499969482422,175.47999572753906,174.4499969482422,175.19000244140625,117999,0.0,0.0
2024-05-14 09:30:00-04:00,176.80999755859375,177.13999938964844,175.14999389648438,175.97999572753906,21102,0.0,0.0
2024-05-14 10:30:00-04:00,175.8000030517578,176.00999450683594,174.5800018310547,175.97000122070312,27152,0.0,0.0
2024-05-14 11:30:00-04:00,175.9199981689453,176.07000732421875,174.57000732421875,174.8800048828125,26535,0.0,0.0
2024-05-14 12:30:00-04:00,174.86000061035156,175.1300048828125,173.63499450683594,173.65499877929688,22301,0.0,0.0
2024-05-14 13:30:00-04:00,173.8699951171875,174.59500122070312,173.64999389648438,173.67999267578125,32776,0.0,0.0
2024-05-14 14:30:00-04:00,173.72999572753906,174.30999755859375,173.63999938964844,174.17999267578125,23114,0.0,0.0
2024-05-14 15:30:00-04:00,174.15499877929688,174.5,173.4199981689453,174.49000549316406,83307,0.0,0.0
2024-05-15 09:30:00-04:00,176.97000122070312,178.08999633789062,174.47000122070312,175.39999389648438,73778,0.0,0.0
2024-05-15 10:30:00-04:00,175.27499389648438,177.42999267578125,175.2550048828125,177.42999267578125,26677,0.0,0.0
2024-05-15 11:30:00-04:00,177.35499572753906,177.9600067138672,176.93499755859375,177.94000244140625,31605,0.0,0.0
2024-05-15 12:30:00-04:00,177.99000549316406,179.3000030517578,177.58999633789062,179.0,22441,0.0,0.0
2024-05-15 13:30:00-04:00,178.88999938964844,179.16000366210938,177.8800048828125,178.11000061035156,41889,0.0,0.0
2024-05-15 14:30:00-04:00,178.19000244140625,178.36000061035156,177.94000244140625,178.14999389648438,50892,0.0,0.0
2024-05-15 15:30:00-04:00,178.13999938964844,178.5,177.2949981689453,178.22000122070312,97763,0.0,0.0
2024-05-16 09:30:00-04:00,178.33999633789062,178.6407012939453,176.52999877929688,178.3300018310547,62833,0.0,0.0
2024-05-16 10:30:00-04:00,178.49000549316406,179.60000610351562,178.08399963378906,178.6999969482422,58485,0.0,0.0
2024-05-16 11:30:00-04:00,178.67999267578125,179.72999572753906,178.38999938964844,179.42999267578125,40779,0.0,0.0
2024-05-16 12:30:00-04:00,179.39999389648438,180.16000366210938,179.0500030517578,179.4600067138672,107045,0.0,0.0
2024-05-16 13:30:00-04:00,179.47999572753906,179.67999267578125,178.1199951171875,178.91000366210938,79669,0.0,0.0
2024-05-16 14:30:00-04:00,178.74000549316406,179.41000366210938,178.42999267578125,179.07000732421875,69180,0.0,0.0
2024-05-16 15:30:00-04:00,179.13999938964844,179.86000061035156,177.57000732421875,177.64999389648438,166546,0.0,0.0
2024-05-17 09:30:00-04:00,166.5,175.63999938964844,160.1199951171875,167.6999969482422,388535,0.0,0.0
2024-05-17 10:30:00-04:00,167.6300048828125,168.14999389648438,164.7949981689453,166.11000061035156,210156,0.0,0.0
2024-05-17 11:30:00-04:00,166.22000122070312,168.02000427246094,165.77999877929688,167.27999877929688,176925,0.0,0.0
2024-05-17 12:30:00-04:00,167.22999572753906,168.22999572753906,165.64999389648438,166.52000427246094,209194,0.0,0.0
2024-05-17 13:30:00-04:00,166.56500244140625,167.7899932861328,164.8800048828125,166.8721923828125,146310,0.0,0.0
2024-05-17 14:30:00-04:00,166.91000366210938,170.16000366210938,166.91000366210938,169.61500549316406,174453,0.0,0.0
2024-05-17 15:30:00-04:00,169.64500427246094,169.8159942626953,167.3699951171875,167.75999450683594,190362,0.0,0.0
2024-05-20 09:30:00-04:00,168.74000549316406,169.73399353027344,165.0,165.5850067138672,88742,0.0,0.0
2024-05-20 10:30:00-04:00,165.7100067138672,167.6199951171875,165.3699951171875,167.59500122070312,50407,0.0,0.0
2024-05-20 11:30:00-04:00,167.5500030517578,168.61000061035156,167.5500030517578,168.08999633789062,59665,0.0,0.0
2024-05-20 12:30:00-04:00,168.0800018310547,169.77999877929688,168.05029296875,169.77000427246094,42731,0.0,0.0
2024-05-20 13:30:00-04:00,169.9199981689453,170.77999877929688,169.5500030517578,170.5500030517578,60720,0.0,0.0
2024-05-20 14:30:00-04:00,170.52999877929688,171.3000030517578,170.25,171.3000030517578,50974,0.0,0.0
2024-05-20 15:30:00-04:00,171.27000427246094,171.97000122070312,170.5399932861328,171.6199951171875,185002,0.0,0.0
2024-05-21 09:30:00-04:00,170.47000122070312,171.16000366210938,168.5,171.07000732421875,63184,0.0,0.0
2024-05-21 10:30:00-04:00,171.0399932861328,172.66200256347656,171.01499938964844,172.66200256347656,72362,0.0,0.0
2024-05-21 11:30:00-04:00,172.60000610351562,173.69700622558594,172.3000030517578,173.69700622558594,69398,0.0,0.0
2024-05-21 12:30:00-04:00,173.7100067138672,174.8000030517578,173.63499450683594,174.77999877929688,87347,0.0,0.0
2024-05-21 13:30:00-04:00,174.5749969482422,174.75999450683594,173.86000061035156,174.28500366210938,83531,0.0,0.0
2024-05-21 14:30:00-04:00,174.36000061035156,174.85000610351562,173.4499969482422,174.35000610351562,104493,0.0,0.0
2024-05-21 15:30:00-04:00,174.23500061035156,174.64999389648438,173.60000610351562,174.1300048828125,191072,0.0,0.0
2024-05-22 09:30:00-04:00,173.49000549316406,174.22000122070312,172.0,173.75999450683594,32776,0.0,0.0
2024-05-22 10:30:00-04:00,173.85499572753906,173.89999389648438,172.25999450683594,172.61000061035156,42884,0.0,0.0
2024-05-22 11:30:00-04:00,172.6199951171875,174.0,172.39999389648438,173.63999938964844,38011,0.0,0.0
2024-05-22 12:30:00-04:00,173.55499267578125,173.6199951171875,172.88999938964844,173.31500244140625,24935,0.0,0.0
2024-05-22 13:30:00-04:00,173.36000061035156,173.36000061035156,171.21499633789062,171.21499633789062,47425,0.0,0.0
2024-05-22 14:30:00-04:00,171.21499633789062,171.57000732421875,170.8000030517578,171.47000122070312,46335,0.0,0.0
2024-05-22 15:30:00-04:00,171.52499389648438,171.75,169.75999450683594,170.55999755859375,105376,0.0,0.0
2024-05-23 09:30:00-04:00,172.1999969482422,172.8300018310547,170.35000610351562,171.32000732421875,37156,0.0,0.0
2024-05-23 10:30:00-04:00,171.5399932861328,172.07000732421875,170.31410217285156,172.02000427246094,48696,0.0,0.0
2024-05-23 11:30:00-04:00,171.9199981689453,173.0800018310547,171.9199981689453,172.97000122070312,47524,0.0,0.0
2024-05-23 12:30:00-04:00,173.00999450683594,173.3800048828125,171.98739624023438,172.3699951171875,28544,0.0,0.0
2024-05-23 13:30:00-04:00,172.35009765625,172.47000122070312,171.22000122070312,171.4499969482422,36806,0.0,0.0
2024-05-23 14:30:00-04:00,171.42999267578125,171.86000061035156,170.72999572753906,170.72999572753906,47228,0.0,0.0
2024-05-23 15:30:00-04:00,170.64599609375,171.92999267578125,170.64599609375,171.5800018310547,78220,0.0,0.0
2024-05-24 09:30:00-04:00,169.27000427246094,170.30999755859375,166.38999938964844,167.10000610351562,83684,0.0,0.0
2024-05-24 10:30:00-04:00,167.0,167.60000610351562,165.80999755859375,167.19000244140625,30936,0.0,0.0
2024-05-24 11:30:00-04:00,167.19000244140625,168.22000122070312,167.19000244140625,167.875,52468,0.0,0.0
2024-05-24 12:30:00-04:00,167.8800048828125,168.11000061035156,167.3300018310547,167.5800018310547,27371,0.0,0.0
2024-05-24 13:30:00-04:00,167.55999755859375,167.55999755859375,166.02999877929688,166.0771942138672,34140,0.0,0.0
2024-05-24 14:30:00-04:00,166.0749969482422,166.1999969482422,165.0050048828125,165.22999572753906,43059,0.0,0.0
2024-05-24 15:30:00-04:00,165.07000732421875,166.7100067138672,164.91000366210938,166.4199981689453,121252,0.0,0.0
2024-05-28 09:30:00-04:00,169.10000610351562,171.2949981689453,167.41000366210938,167.9199981689453,127816,0.0,0.0
2024-05-28 10:30:00-04:00,167.80499267578125,168.58999633789062,166.8699951171875,167.6374969482422,61957,0.0,0.0
2024-05-28 11:30:00-04:00,167.59500122070312,168.22000122070312,167.10499572753906,167.52999877929688,63879,0.0,0.0
2024-05-28 12:30:00-04:00,167.5800018310547,168.02000427246094,167.17999267578125,167.28500366210938,62878,0.0,0.0
2024-05-28 13:30:00-04:00,167.27000427246094,167.39999389648438,165.4550018310547,165.58349609375,57798,0.0,0.0
2024-05-28 14:30:00-04:00,165.42999267578125,165.42999267578125,163.8000030517578,163.8000030517578,57538,0.0,0.0
2024-05-28 15:30:00-04:00,163.77999877929688,164.8699951171875,163.67999267578125,164.83999633789062,119237,0.0,0.0
2024-05-29 09:30:00-04:00,163.08999633789062,164.05999755859375,162.61000061035156,163.72000122070312,27822,0.0,0.0
2024-05-29 10:30:00-04:00,163.74000549316406,163.7899932861328,162.4600067138672,163.34500122070312,35760,0.0,0.0
2024-05-29 11:30:00-04:00,163.25,163.5800018310547,162.82000732421875,163.2899932861328,37464,0.0,0.0
2024-05-29 12:30:00-04:00,163.2449951171875,165.8350067138672,163.2449951171875,165.77000427246094,45492,0.0,0.0
2024-05-29 13:30:00-04:00,165.80499267578125,165.97999572753906,164.83999633789062,164.95359802246094,54760,0.0,0.0
2024-05-29 14:30:00-04:00,164.97999572753906,165.08999633789062,164.35000610351562,165.02000427246094,76831,0.0,0.0
2024-05-29 15:30:00-04:00,165.0,166.86000061035156,164.9499969482422,165.47000122070312,166595,0.0,0.0
2024-05-30 09:30:00-04:00,164.02999877929688,164.28500366210938,160.3446044921875,160.5800018310547,43129,0.0,0.0
2024-05-30 10:30:00-04:00,160.4499969482422,161.5200958251953,160.17999267578125,160.63999938964844,42566,0.0,0.0
2024-05-30 11:30:00-04:00,160.63999938964844,161.6125030517578,160.2899932861328,161.60499572753906,26298,0.0,0.0
2024-05-30 12:30:00-04:00,161.60000610351562,161.99000549316406,161.3300018310547,161.70530700683594,25540,0.0,0.0
2024-05-30 13:30:00-04:00,161.5500030517578,161.82000732421875,160.6699981689453,160.72000122070312,30945,0.0,0.0
2024-05-30 14:30:00-04:00,160.8699951171875,160.97000122070312,159.00999450683594,159.58999633789062,80790,0.0,0.0
2024-05-30 15:30:00-04:00,159.60000610351562,160.41000366210938,158.80999755859375,160.3800048828125,88168,0.0,0.0
2024-05-31 09:30:00-04:00,160.75,163.5113067626953,160.75,161.3000030517578,21626,0.0,0.0
2024-05-31 10:30:00-04:00,160.94500732421875,161.0449981689453,159.69000244140625,160.19000244140625,27326,0.0,0.0
2024-05-31 11:30:00-04:00,159.91000366210938,160.63999938964844,159.23500061035156,159.51499938964844,25586,0.0,0.0
2024-05-31 12:30:00-04:00,159.5500030517578,159.74000549316406,158.66000366210938,159.02999877929688,72526,0.0,0.0
2024-05-31 13:30:00-04:00,159.04249572753906,159.07000732421875,157.58999633789062,157.65499877929688,47293,0.0,0.0
2024-05-31 14:30:00-04:00,157.69000244140625,158.74000549316406,157.57000732421875,158.4499969482422,37101,0.0,0.0
2024-05-31 15:30:00-04:00,158.36000061035156,161.1300048828125,158.2050018310547,161.1300048828125,145118,0.0,0.0
2024-06-03 09:30:00-04:00,161.25999450683594,161.32000732421875,153.89999389648438,156.88999938964844,122951,0.0,0.0
2024-06-03 10:30:00-04:00,156.66000366210938,157.36000061035156,155.2100067138672,156.69000244140625,52294,0.0,0.0
2024-06-03 11:30:00-04:00,156.47999572753906,157.7899932861328,155.03199768066406,155.0399932861328,47462,0.0,0.0
2024-06-03 12:30:00-04:00,155.00999450683594,155.66000366210938,154.2899932861328,155.1999969482422,79999,0.0,0.0
2024-06-03 13:30:00-04:00,155.22999572753906,156.10000610351562,155.11000061035156,155.6300048828125,64238,0.0,0.0
2024-06-03 14:30:00-04:00,155.6649932861328,155.86000061035156,154.27999877929688,154.27999877929688,79860,0.0,0.0
2024-06-03 15:30:00-04:00,154.35000610351562,155.0800018310547,153.59500122070312,153.9199981689453,286643,0.0,0.0
2024-06-04 09:30:00-04:00,154.13999938964844,155.25,154.11000061035156,154.71499633789062,65253,0.0,0.0
2024-06-04 10:30:00-04:00,154.6300048828125,154.72999572753906,153.33999633789062,153.55999755859375,61054,0.0,0.0
2024-06-04 11:30:00-04:00,153.38999938964844,154.0500030517578,153.0399932861328,153.60000610351562,26766,0.0,0.0
2024-06-04 12:30:00-04:00,153.61000061035156,153.7100067138672,152.86000061035156,153.02999877929688,37677,0.0,0.0
2024-06-04 13:30:00-04:00,153.1649932861328,153.68499755859375,152.30999755859375,153.05999755859375,58766,0.0,0.0
2024-06-04 14:30:00-04:00,153.11000061035156,153.50999450683594,151.9600067138672,152.25,90268,0.0,0.0
2024-06-04 15:30:00-04:00,152.2550048828125,153.07000732421875,151.81500244140625,152.927001953125,144377,0.0,0.0
2024-06-05 09:30:00-04:00,154.35000610351562,154.5,152.2899932861328,153.0800018310547,118911,0.0,0.0
2024-06-05 10:30:00-04:00,153.14999389648438,155.27999877929688,153.14999389648438,154.0500030517578,104710,0.0,0.0
2024-06-05 11:30:00-04:00,154.1699981689453,154.75999450683594,153.64999389648438,153.74249267578125,58306,0.0,0.0
2024-06-05 12:30:00-04:00,153.74000549316406,153.83999633789062,152.86000061035156,153.1999969482422,80128,0.0,0.0
2024-06-05 13:30:00-04:00,153.21499633789062,154.9600067138672,153.21499633789062,154.05999755859375,70314,0.0,0.0
2024-06-05 14:30:00-04:00,154.0500030517578,154.47000122070312,153.61000061035156,153.6699981689453,94635,0.0,0.0
2024-06-05 15:30:00-04:00,153.86000061035156,154.30999755859375,153.52999877929688,153.9499969482422,103147,0.0,0.0
2024-06-06 09:30:00-04:00,154.30999755859375,157.3300018310547,153.3800048828125,156.9499969482422,43725,0.0,0.0
2024-06-06 10:30:00-04:00,156.92999267578125,157.0135040283203,155.58999633789062,155.875,35616,0.0,0.0
2024-06-06 11:30:00-04:00,155.8000030517578,155.9499969482422,154.64999389648438,154.9759979248047,30854,0.0,0.0
2024-06-06 12:30:00-04:00,154.8699951171875,156.5399932861328,154.74000549316406,156.5399932861328,269763,0.0,0.0
2024-06-06 13:30:00-04:00,156.3000030517578,157.27000427246094,156.07000732421875,157.11000061035156,141464,0.0,0.0
2024-06-06 14:30:00-04:00,157.22000122070312,157.7100067138672,156.69000244140625,156.8300018310547,70805,0.0,0.0
2024-06-06 15:30:00-04:00,156.72999572753906,156.9499969482422,155.5399932861328,155.61000061035156,234210,0.0,0.0
2024-06-07 09:30:00-04:00,154.89999389648438,155.35499572753906,153.94000244140625,154.1750030517578,44755,0.0,0.0
2024-06-07 10:30:00-04:00,154.05999755859375,154.4600067138672,153.6300048828125,154.0449981689453,82745,0.0,0.0
2024-06-07 11:30:00-04:00,154.0500030517578,155.0800018310547,153.92999267578125,154.4595947265625,78891,0.0,0.0
2024-06-07 12:30:00-04:00,154.41000366210938,155.36000061035156,154.17999267578125,155.1999969482422,110500,0.0,0.0
2024-06-07 13:30:00-04:00,155.1699981689453,155.1699981689453,153.4499969482422,153.5850067138672,27213,0.0,0.0
2024-06-07 14:30:00-04:00,153.52000427246094,153.85000610351562,153.19000244140625,153.5,32839,0.0,0.0
2024-06-07 15:30:00-04:00,153.41000366210938,154.1999969482422,153.3300018310547,154.08999633789062,110805,0.0,0.0
2024-06-10 09:30:00-04:00,153.5,154.69000244140625,153.4720001220703,154.6699981689453,28208,0.0,0.0
2024-06-10 10:30:00-04:00,154.6649932861328,154.7899932861328,153.77999877929688,154.31500244140625,29116,0.0,0.0
2024-06-10 11:30:00-04:00,154.34500122070312,154.4949951171875,153.6136016845703,154.3699951171875,22594,0.0,0.0
2024-06-10 12:30:00-04:00,154.4425048828125,154.7100067138672,154.13999938964844,154.4199981689453,29854,0.0,0.0
2024-06-10 13:30:00-04:00,154.35000610351562,155.9499969482422,154.30999755859375,155.86000061035156,44028,0.0,0.0
2024-06-10 14:30:00-04:00,155.88499450683594,156.64999389648438,155.11000061035156,155.25999450683594,75405,0.0,0.0
2024-06-10 15:30:00-04:00,155.17999267578125,155.53500366210938,154.44000244140625,154.47999572753906,120177,0.0,0.0
2024-06-11 09:30:00-04:00,153.9199981689453,154.66000366210938,151.67999267578125,152.35000610351562,51471,0.0,0.0
2024-06-11 10:30:00-04:00,152.42999267578125,152.90499877929688,152.1300048828125,152.64999389648438,134360,0.0,0.0
2024-06-11 11:30:00-04:00,152.6999969482422,152.7899932861328,151.89999389648438,152.7050018310547,51950,0.0,0.0
2024-06-11 12:30:00-04:00,152.7050018310547,153.8300018310547,152.35000610351562,153.72999572753906,37453,0.0,0.0
2024-06-11 13:30:00-04:00,153.73500061035156,154.61000061035156,153.5399932861328,154.11000061035156,84508,0.0,0.0
2024-06-11 14:30:00-04:00,154.1199951171875,154.2384033203125,153.1199951171875,153.86500549316406,62968,0.0,0.0
2024-06-11 15:30:00-04:00,153.86500549316406,155.07000732421875,153.86000061035156,155.05999755859375,141142,0.0,0.0
2024-06-12 09:30:00-04:00,156.75,159.5,156.75,157.96499633789062,59172,0.0,0.0
2024-06-12 10:30:00-04:00,157.9600067138672,159.84500122070312,157.93890380859375,159.83999633789062,79504,0.0,0.0
2024-06-12 11:30:00-04:00,159.83999633789062,160.2550048828125,159.1199951171875,160.08999633789062,54639,0.0,0.0
2024-06-12 12:30:00-04:00,160.13999938964844,160.36000061035156,159.63999938964844,159.83999633789062,43761,0.0,0.0
2024-06-12 13:30:00-04:00,159.69000244140625,160.3699951171875,159.4600067138672,160.05999755859375,60098,0.0,0.0
2024-06-12 14:30:00-04:00,159.97999572753906,161.47999572753906,159.5399932861328,160.5500030517578,144484,0.0,0.0
2024-06-12 15:30:00-04:00,160.52000427246094,161.55999755859375,160.35000610351562,160.99000549316406,238551,0.0,0.0
2024-06-13 09:30:00-04:00,162.38999938964844,163.22999572753906,161.8437957763672,162.01499938964844,173777,0.0,0.0
2024-06-13 10:30:00-04:00,162.10000610351562,162.1300048828125,160.17999267578125,161.5500030517578,99360,0.0,0.0
2024-06-13 11:30:00-04:00,161.69000244140625,162.42999267578125,161.5500030517578,162.24000549316406,55457,0.0,0.0
2024-06-13 12:30:00-04:00,162.27499389648438,163.94000244140625,161.69000244140625,163.29029846191406,63167,0.0,0.0
2024-06-13 13:30:00-04:00,163.27999877929688,163.32000732421875,162.27000427246094,162.8249969482422,38074,0.0,0.0
2024-06-13 14:30:00-04:00,162.8800048828125,163.47999572753906,161.92999267578125,162.40499877929688,87661,0.0,0.0
2024-06-13 15:30:00-04:00,162.32000732421875,162.3699951171875,160.80999755859375,160.85000610351562,193613,0.0,0.0
2024-06-14 09:30:00-04:00,160.61000061035156,162.10000610351562,160.4600067138672,160.61000061035156,39637,0.0,0.0
2024-06-14 10:30:00-04:00,160.27999877929688,160.27999877929688,157.22999572753906,157.4615936279297,68295,0.0,0.0
2024-06-14 11:30:00-04:00,157.55999755859375,158.19000244140625,157.22999572753906,158.19000244140625,29558,0.0,0.0
2024-06-14 12:30:00-04:00,158.22999572753906,159.14999389648438,158.00999450683594,159.14500427246094,22179,0.0,0.0
2024-06-14 13:30:00-04:00,159.02000427246094,159.17999267578125,158.0,158.92999267578125,71773,0.0,0.0
2024-06-14 14:30:00-04:00,158.97999572753906,159.27999877929688,158.89999389648438,159.0605010986328,28502,0.0,0.0
2024-06-14 15:30:00-04:00,159.07009887695312,159.83999633789062,159.0,159.30999755859375,96716,0.0,0.0
2024-06-17 09:30:00-04:00,158.64999389648438,158.94000244140625,156.69500732421875,157.92999267578125,49385,0.0,0.0
2024-06-17 10:30:00-04:00,157.97500610351562,158.13999938964844,156.8300018310547,157.10000610351562,48680,0.0,0.0
2024-06-17 11:30:00-04:00,157.08999633789062,157.17999267578125,156.11000061035156,156.5500030517578,32842,0.0,0.0
2024-06-17 12:30:00-04:00,156.50999450683594,157.6199951171875,155.98500061035156,157.2949981689453,32576,0.0,0.0
2024-06-17 13:30:00-04:00,157.3000030517578,158.38999938964844,157.02999877929688,158.22999572753906,35500,0.0,0.0
2024-06-17 14:30:00-04:00,158.22000122070312,158.5,158.00999450683594,158.3000030517578,38836,0.0,0.0
2024-06-17 15:30:00-04:00,158.2899932861328,158.67999267578125,157.88999938964844,158.02999877929688,102429,0.0,0.0
2024-06-18 09:30:00-04:00,158.47999572753906,158.89999389648438,157.42999267578125,158.14999389648438,53826,0.0,0.0
2024-06-18 10:30:00-04:00,158.11500549316406,159.74000549316406,158.10000610351562,159.6750030517578,28059,0.0,0.0
2024-06-18 11:30:00-04:00,159.14999389648438,159.5800018310547,156.72999572753906,157.74000549316406,77378,0.0,0.0
2024-06-18 12:30:00-04:00,157.77000427246094,157.85000610351562,156.41000366210938,156.41000366210938,54755,0.0,0.0
2024-06-18 13:30:00-04:00,156.4600067138672,156.5800018310547,155.3300018310547,155.3300018310547,61619,0.0,0.0
2024-06-18 14:30:00-04:00,155.36500549316406,155.72000122070312,154.4499969482422,154.77999877929688,80868,0.0,0.0
2024-06-18 15:30:00-04:00,154.74000549316406,154.9600067138672,153.97999572753906,154.1999969482422,140453,0.0,0.0
2024-06-20 09:30:00-04:00,157.55999755859375,170.1999969482422,156.52999877929688,170.1999969482422,285628,0.0,0.0
2024-06-20 10:30:00-04:00,170.23500061035156,172.25999450683594,166.77999877929688,168.02999877929688,245899,0.0,0.0
2024-06-20 11:30:00-04:00,168.0399932861328,168.77999877929688,167.1199951171875,167.72999572753906,73848,0.0,0.0
2024-06-20 12:30:00-04:00,167.57000732421875,168.48500061035156,166.860107421875,167.40499877929688,89470,0.0,0.0
2024-06-20 13:30:00-04:00,167.3300018310547,167.4600067138672,165.92999267578125,166.66250610351562,69779,0.0,0.0
2024-06-20 14:30:00-04:00,166.6649932861328,167.88999938964844,166.63999938964844,167.55999755859375,97040,0.0,0.0
2024-06-20 15:30:00-04:00,167.4499969482422,168.24000549316406,166.97999572753906,168.22999572753906,190960,0.0,0.0
2024-06-21 09:30:00-04:00,168.61000061035156,169.85000610351562,166.1300048828125,167.5399932861328,152187,0.0,0.0
2024-06-21 10:30:00-04:00,167.2899932861328,167.6999969482422,165.89999389648438,166.05999755859375,121109,0.0,0.0
2024-06-21 11:30:00-04:00,166.05499267578125,167.99000549316406,165.77000427246094,167.6999969482422,110063,0.0,0.0
2024-06-21 12:30:00-04:00,167.55999755859375,169.08999633789062,167.36000061035156,168.7449951171875,96372,0.0,0.0
2024-06-21 13:30:00-04:00,168.86000061035156,170.25999450683594,168.4600067138672,169.9149932861328,93014,0.0,0.0
2024-06-21 14:30:00-04:00,169.74000549316406,171.50999450683594,169.74000549316406,171.41000366210938,168494,0.0,0.0
2024-06-21 15:30:00-04:00,171.33999633789062,172.1199951171875,170.0,172.0500030517578,284272,0.0,0.0
2024-06-24 09:30:00-04:00,173.11000061035156,174.99000549316406,171.80999755859375,174.1750030517578,129949,0.0,0.0
2024-06-24 10:30:00-04:00,174.42999267578125,176.22000122070312,174.1649932861328,175.61000061035156,105734,0.0,0.0
2024-06-24 11:30:00-04:00,175.77999877929688,176.88999938964844,175.28500366210938,175.7050018310547,115984,0.0,0.0
2024-06-24 12:30:00-04:00,175.61000061035156,175.75,173.65499877929688,174.1999969482422,129964,0.0,0.0
2024-06-24 13:30:00-04:00,174.22000122070312,175.32000732421875,173.9199981689453,174.3300018310547,112621,0.0,0.0
2024-06-24 14:30:00-04:00,174.3300018310547,175.25,173.9149932861328,174.30499267578125,100755,0.0,0.0
2024-06-24 15:30:00-04:00,174.30999755859375,174.44000244140625,173.44000244140625,173.6999969482422,205725,0.0,0.0
2024-06-25 09:30:00-04:00,172.7899932861328,174.66000366210938,171.36000061035156,173.69000244140625,79024,0.0,0.0
2024-06-25 10:30:00-04:00,174.02999877929688,174.2100067138672,173.25999450683594,173.55999755859375,104146,0.0,0.0
2024-06-25 11:30:00-04:00,173.72000122070312,174.2100067138672,172.88999938964844,172.88999938964844,91143,0.0,0.0
2024-06-25 12:30:00-04:00,172.88999938964844,173.38999938964844,172.02999877929688,172.27999877929688,100417,0.0,0.0
2024-06-25 13:30:00-04:00,172.30999755859375,173.13999938964844,171.99000549316406,173.1199951171875,96909,0.0,0.0
2024-06-25 14:30:00-04:00,173.07000732421875,174.15499877929688,172.24000549316406,174.15499877929688,151892,0.0,0.0
2024-06-25 15:30:00-04:00,174.07000732421875,175.19000244140625,173.99000549316406,174.0800018310547,186059,0.0,0.0
2024-06-26 09:30:00-04:00,172.8000030517578,177.7100067138672,172.8000030517578,177.25,92232,0.0,0.0
2024-06-26 10:30:00-04:00,177.44500732421875,177.6999969482422,175.77000427246094,177.25,209658,0.0,0.0
2024-06-26 11:30:00-04:00,177.41000366210938,177.85000610351562,177.15499877929688,177.4600067138672,50860,0.0,0.0
2024-06-26 12:30:00-04:00,177.33999633789062,177.74000549316406,176.875,177.5800018310547,50943,0.0,0.0
2024-06-26 13:30:00-04:00,177.52000427246094,178.56500244140625,177.1999969482422,178.22000122070312,52540,0.0,0.0
2024-06-26 14:30:00-04:00,178.2899932861328,178.61000061035156,177.10000610351562,177.10000610351562,45716,0.0,0.0
2024-06-26 15:30:00-04:00,177.02000427246094,177.89999389648438,176.27000427246094,177.10000610351562,167657,0.0,0.0
2024-06-27 09:30:00-04:00,177.33999633789062,179.88999938964844,176.5449981689453,177.8699951171875,82114,0.0,0.0
2024-06-27 10:30:00-04:00,178.0,179.27000427246094,177.64999389648438,179.0449981689453,65993,0.0,0.0
2024-06-27 11:30:00-04:00,178.9600067138672,180.44900512695312,178.22000122070312,180.30999755859375,59901,0.0,0.0
2024-06-27 12:30:00-04:00,180.2899932861328,180.99000549316406,179.97000122070312,180.36000061035156,52973,0.0,0.0
2024-06-27 13:30:00-04:00,180.36000061035156,181.57000732421875,180.2050018310547,180.30499267578125,56808,0.0,0.0
2024-06-27 14:30:00-04:00,180.22000122070312,180.63999938964844,179.69000244140625,180.52999877929688,89488,0.0,0.0
2024-06-27 15:30:00-04:00,180.52000427246094,180.6300048828125,179.4600067138672,179.47999572753906,121300,0.0,0.0
2024-06-28 09:30:00-04:00,180.99000549316406,181.25,178.6699981689453,179.39999389648438,60294,0.0,0.0
2024-06-28 10:30:00-04:00,179.39999389648438,181.1750030517578,179.3800048828125,179.8000030517578,53644,0.0,0.0
2024-06-28 11:30:00-04:00,179.8000030517578,180.33999633789062,179.1300048828125,179.5850067138672,48993,0.0,0.0
2024-06-28 12:30:00-04:00,179.55999755859375,179.69000244140625,178.00999450683594,178.07000732421875,40979,0.0,0.0
2024-06-28 13:30:00-04:00,177.99000549316406,178.1699981689453,177.55999755859375,177.8874969482422,32137,0.0,0.0
2024-06-28 14:30:00-04:00,177.8699951171875,177.92999267578125,177.3300018310547,177.7899932861328,52991,0.0,0.0
2024-06-28 15:30:00-04:00,177.8249969482422,178.22000122070312,177.01499938964844,178.10000610351562,117436,0.0,0.0
2024-07-01 09:30:00-04:00,178.1699981689453,178.3800048828125,174.75,177.10000610351562,52776,0.0,0.0
2024-07-01 10:30:00-04:00,176.77000427246094,177.13999938964844,175.1199951171875,175.97000122070312,38864,0.0,0.0
2024-07-01 11:30:00-04:00,175.86000061035156,176.92999267578125,175.52999877929688,176.72000122070312,44664,0.0,0.0
2024-07-01 12:30:00-04:00,176.65499877929688,177.05999755859375,176.4199981689453,176.78750610351562,24744,0.0,0.0
2024-07-01 13:30:00-04:00,176.7100067138672,176.7550048828125,176.0399932861328,176.25,33673,0.0,0.0
2024-07-01 14:30:00-04:00,176.17999267578125,177.10000610351562,176.10000610351562,176.91000366210938,49658,0.0,0.0
2024-07-01 15:30:00-04:00,176.89999389648438,177.02999877929688,176.24000549316406,176.25999450683594,97363,0.0,0.0
2024-07-02 09:30:00-04:00,176.97000122070312,178.0399932861328,176.10499572753906,176.77000427246094,23183,0.0,0.0
2024-07-02 10:30:00-04:00,176.77499389648438,177.13999938964844,176.2899932861328,176.4499969482422,21404,0.0,0.0
2024-07-02 11:30:00-04:00,176.64999389648438,176.77499389648438,176.10000610351562,176.50999450683594,25632,0.0,0.0
2024-07-02 12:30:00-04:00,176.63999938964844,176.63999938964844,176.00999450683594,176.17999267578125,15957,0.0,0.0
2024-07-02 13:30:00-04:00,176.02999877929688,177.4199981689453,176.02999877929688,177.2050018310547,34743,0.0,0.0
2024-07-02 14:30:00-04:00,177.0749969482422,177.94000244140625,176.9199981689453,177.75999450683594,30931,0.0,0.0
2024-07-02 15:30:00-04:00,177.64500427246094,177.69000244140625,176.52000427246094,176.52000427246094,115404,0.0,0.0
2024-07-03 09:30:00-04:00,176.30999755859375,178.10000610351562,175.1699981689453,177.96499633789062,24283,0.0,0.0
2024-07-03 10:30:00-04:00,177.86000061035156,178.1699981689453,176.83999633789062,177.10000610351562,46044,0.0,0.0
2024-07-03 11:30:00-04:00,176.99000549316406,177.03500366210938,175.7899932861328,176.1199951171875,36273,0.0,0.0
2024-07-05 09:30:00-04:00,176.75,177.80999755859375,175.89999389648438,176.39999389648438,33149,0.0,0.0
2024-07-05 10:30:00-04:00,176.52999877929688,177.2899932861328,176.2899932861328,176.8000030517578,22274,0.0,0.0
2024-07-05 11:30:00-04:00,176.9600067138672,177.32000732421875,176.88999938964844,177.10000610351562,19682,0.0,0.0
2024-07-05 12:30:00-04:00,177.09500122070312,177.27000427246094,176.67999267578125,176.92750549316406,13982,0.0,0.0
2024-07-05 13:30:00-04:00,176.9499969482422,177.24000549316406,176.7498016357422,176.98500061035156,20938,0.0,0.0
2024-07-05 14:30:00-04:00,176.9949951171875,177.22500610351562,176.49000549316406,176.6300048828125,39501,0.0,0.0
2024-07-05 15:30:00-04:00,176.6300048828125,177.16000366210938,176.2899932861328,176.7899932861328,120121,0.0,0.0
2024-07-08 09:30:00-04:00,176.57000732421875,178.6999969482422,176.4499969482422,178.47999572753906,0,0.0,0.0
2024-07-08 10:30:00-04:00,178.5,179.38999938964844,178.3800048828125,178.3800048828125,36809,0.0,0.0
2024-07-08 11:30:00-04:00,178.33999633789062,178.33999633789062,177.32000732421875,178.32000732421875,45155,0.0,0.0
2024-07-08 12:30:00-04:00,178.30999755859375,178.69500732421875,177.46499633789062,177.60000610351562,15928,0.0,0.0
2024-07-08 13:30:00-04:00,177.75,178.57000732421875,177.75,178.4824981689453,43048,0.0,0.0
2024-07-08 14:30:00-04:00,178.58999633789062,179.3000030517578,178.32000732421875,179.17999267578125,40014,0.0,0.0
2024-07-08 15:30:00-04:00,179.20899963378906,180.0500030517578,178.91000366210938,180.00999450683594,197355,0.0,0.0
2024-07-09 09:30:00-04:00,178.89999389648438,179.17999267578125,175.61000061035156,175.81500244140625,127833,0.0,0.0
2024-07-09 10:30:00-04:00,175.78250122070312,176.75,175.25999450683594,176.1300048828125,86470,0.0,0.0
2024-07-09 11:30:00-04:00,176.0800018310547,176.5543975830078,175.86000061035156,176.08999633789062,93025,0.0,0.0
2024-07-09 12:30:00-04:00,175.97000122070312,176.7899932861328,175.6300048828125,175.7550048828125,115211,0.0,0.0
2024-07-09 13:30:00-04:00,175.72999572753906,176.61000061035156,175.61000061035156,176.61000061035156,44691,0.0,0.0
2024-07-09 14:30:00-04:00,176.50999450683594,177.60000610351562,176.3000030517578,177.05999755859375,49088,0.0,0.0
2024-07-09 15:30:00-04:00,176.9949951171875,177.9499969482422,176.89999389648438,177.75999450683594,96857,0.0,0.0
2024-07-10 09:30:00-04:00,177.69000244140625,177.69000244140625,175.3925018310547,175.75,30894,0.0,0.0
2024-07-10 10:30:00-04:00,175.92999267578125,176.19000244140625,175.49000549316406,176.1199951171875,35592,0.0,0.0
2024-07-10 11:30:00-04:00,176.2899932861328,176.4499969482422,175.5800018310547,176.25,37579,0.0,0.0
2024-07-10 12:30:00-04:00,176.25,177.57000732421875,176.25,177.33999633789062,29890,0.0,0.0
2024-07-10 13:30:00-04:00,177.1999969482422,177.94000244140625,177.0500030517578,177.25,41223,0.0,0.0
2024-07-10 14:30:00-04:00,177.4600067138672,178.2899932861328,177.3159942626953,177.89999389648438,65021,0.0,0.0
2024-07-10 15:30:00-04:00,177.85499572753906,179.11000061035156,177.85499572753906,178.49000549316406,83806,0.0,0.0
2024-07-11 09:30:00-04:00,180.44000244140625,187.52000427246094,180.44000244140625,187.52000427246094,80010,0.0,0.0
2024-07-11 10:30:00-04:00,187.27999877929688,187.85000610351562,186.3076934814453,187.5800018310547,99965,0.0,0.0
2024-07-11 11:30:00-04:00,187.7100067138672,189.4600067138672,187.32000732421875,189.4600067138672,51553,0.0,0.0
2024-07-11 12:30:00-04:00,189.63999938964844,190.3000030517578,188.5050048828125,188.8800048828125,107963,0.0,0.0
2024-07-11 13:30:00-04:00,188.8699951171875,189.5800018310547,188.4499969482422,189.10499572753906,75658,0.0,0.0
2024-07-11 14:30:00-04:00,189.10499572753906,190.3699951171875,189.09500122070312,190.02999877929688,128785,0.0,0.0
2024-07-11 15:30:00-04:00,190.0045928955078,191.00999450683594,189.8800048828125,190.32000732421875,290427,0.0,0.0
2024-07-12 09:30:00-04:00,189.5,191.19000244140625,187.89999389648438,191.19000244140625,69007,0.0,0.0
2024-07-12 10:30:00-04:00,191.34500122070312,194.44000244140625,190.52999877929688,194.0800018310547,72610,0.0,0.0
2024-07-12 11:30:00-04:00,194.32000732421875,194.60000610351562,193.4499969482422,193.7449951171875,89897,0.0,0.0
2024-07-12 12:30:00-04:00,193.47999572753906,194.6999969482422,193.2100067138672,194.3699951171875,110670,0.0,0.0
2024-07-12 13:30:00-04:00,194.25,195.27999877929688,193.97000122070312,194.02499389648438,109651,0.0,0.0
2024-07-12 14:30:00-04:00,193.85000610351562,195.07000732421875,193.35499572753906,195.00999450683594,70739,0.0,0.0
2024-07-12 15:30:00-04:00,195.0050048828125,195.00999450683594,193.50999450683594,194.14999389648438,154363,0.0,0.0
2024-07-15 09:30:00-04:00,195.13999938964844,196.5399932861328,193.1824951171875,194.7899932861328,35869,0.0,0.0
2024-07-15 10:30:00-04:00,195.08999633789062,198.69000244140625,194.94500732421875,198.4949951171875,46142,0.0,0.0
2024-07-15 11:30:00-04:00,198.4949951171875,198.4949951171875,196.25,196.4550018310547,41757,0.0,0.0
2024-07-15 12:30:00-04:00,196.57000732421875,196.57000732421875,195.22999572753906,195.9949951171875,58932,0.0,0.0
2024-07-15 13:30:00-04:00,196.06500244140625,196.39999389648438,195.4199981689453,196.3300018310547,40571,0.0,0.0
2024-07-15 14:30:00-04:00,196.2949981689453,196.4600067138672,195.65499877929688,196.13999938964844,33708,0.0,0.0
2024-07-15 15:30:00-04:00,196.1199951171875,196.22000122070312,195.05499267578125,196.0800018310547,118319,0.0,0.0
2024-07-16 09:30:00-04:00,196.9600067138672,198.6999969482422,195.99000549316406,197.52000427246094,83259,0.0,0.0
2024-07-16 10:30:00-04:00,197.49000549316406,199.0800018310547,196.82000732421875,198.98500061035156,33586,0.0,0.0
2024-07-16 11:30:00-04:00,198.75999450683594,199.0800018310547,197.25,199.0800018310547,48870,0.0,0.0
2024-07-16 12:30:00-04:00,199.0800018310547,199.25,198.50999450683594,199.02000427246094,39535,0.0,0.0
2024-07-16 13:30:00-04:00,199.08999633789062,200.28500366210938,198.80999755859375,199.6649932861328,51501,0.0,0.0
2024-07-16 14:30:00-04:00,199.77999877929688,200.86000061035156,199.55999755859375,200.8000030517578,43466,0.0,0.0
2024-07-16 15:30:00-04:00,200.7449951171875,201.6699981689453,200.7100067138672,200.89999389648438,108016,0.0,0.0
2024-07-17 09:30:00-04:00,197.38999938964844,200.16000366210938,196.47999572753906,198.89999389648438,81079,0.0,0.0
2024-07-17 10:30:00-04:00,198.81500244140625,199.2050018310547,197.92999267578125,198.5399932861328,32693,0.0,0.0
2024-07-17 11:30:00-04:00,198.41000366210938,199.6649932861328,198.0,198.85499572753906,52090,0.0,0.0
2024-07-17 12:30:00-04:00,198.85499572753906,198.97000122070312,197.19500732421875,197.3699951171875,27344,0.0,0.0
2024-07-17 13:30:00-04:00,197.4550018310547,198.47000122070312,197.3300018310547,197.67999267578125,26711,0.0,0.0
2024-07-17 14:30:00-04:00,197.65499877929688,197.67999267578125,196.35000610351562,196.8800048828125,112700,0.0,0.0
2024-07-17 15:30:00-04:00,196.92190551757812,197.2100067138672,196.0800018310547,196.1699981689453,111004,0.0,0.0
2024-07-18 09:30:00-04:00,197.75,201.52999877929688,196.05999755859375,201.08999633789062,169495,0.0,0.0
2024-07-18 10:30:00-04:00,201.08999633789062,201.08999633789062,198.97500610351562,199.6699981689453,97338,0.0,0.0
2024-07-18 11:30:00-04:00,199.4499969482422,200.38999938964844,199.0399932861328,199.77000427246094,176806,0.0,0.0
2024-07-18 12:30:00-04:00,199.58999633789062,202.6699981689453,199.30499267578125,202.35000610351562,107126,0.0,0.0
2024-07-18 13:30:00-04:00,202.47500610351562,203.22500610351562,201.9600067138672,201.9600067138672,90247,0.0,0.0
2024-07-18 14:30:00-04:00,201.99000549316406,202.22500610351562,198.5800018310547,199.63999938964844,159413,0.0,0.0
2024-07-18 15:30:00-04:00,199.6300048828125,199.64999389648438,196.35000610351562,196.57000732421875,291179,0.0,0.0
2024-07-19 09:30:00-04:00,194.75,196.5,192.83999633789062,194.57000732421875,56602,0.0,0.0
2024-07-19 10:30:00-04:00,194.5749969482422,196.07000732421875,194.5749969482422,195.41000366210938,36732,0.0,0.0
2024-07-19 11:30:00-04:00,195.38499450683594,196.0399932861328,194.82000732421875,195.1999969482422,57605,0.0,0.0
2024-07-19 12:30:00-04:00,195.2949981689453,198.4199981689453,194.92999267578125,198.1699981689453,169736,0.0,0.0
2024-07-19 13:30:00-04:00,198.06500244140625,198.47999572753906,195.44000244140625,195.77000427246094,63177,0.0,0.0
2024-07-19 14:30:00-04:00,195.77000427246094,195.82000732421875,195.03500366210938,195.82000732421875,46752,0.0,0.0
2024-07-19 15:30:00-04:00,196.0,196.22999572753906,193.91000366210938,194.19000244140625,147615,0.0,0.0
2024-07-22 09:30:00-04:00,195.44000244140625,195.85000610351562,191.4600067138672,191.61000061035156,22836,0.0,0.0
2024-07-22 10:30:00-04:00,191.52999877929688,194.63999938964844,191.1999969482422,194.0050048828125,36858,0.0,0.0
2024-07-22 11:30:00-04:00,194.0,194.0,192.75999450683594,192.8300018310547,33497,0.0,0.0
2024-07-22 12:30:00-04:00,192.77000427246094,193.92999267578125,192.75,193.23500061035156,30267,0.0,0.0
2024-07-22 13:30:00-04:00,193.1199951171875,193.7949981689453,192.9250030517578,193.7949981689453,22845,0.0,0.0
2024-07-22 14:30:00-04:00,193.8800048828125,194.92999267578125,193.49000549316406,194.86500549316406,51263,0.0,0.0
2024-07-22 15:30:00-04:00,194.8800048828125,195.46499633789062,193.97000122070312,195.27000427246094,86788,0.0,0.0
2024-07-23 09:30:00-04:00,195.0,195.7449951171875,191.75,192.375,53570,0.0,0.0
2024-07-23 10:30:00-04:00,192.33999633789062,192.94000244140625,190.47999572753906,191.13999938964844,33665,0.0,0.0
2024-07-23 11:30:00-04:00,191.36309814453125,191.86000061035156,190.36000061035156,190.80999755859375,22540,0.0,0.0
2024-07-23 12:30:00-04:00,190.6699981689453,190.85000610351562,190.1300048828125,190.72500610351562,23904,0.0,0.0
2024-07-23 13:30:00-04:00,190.5800018310547,192.05999755859375,189.74000549316406,191.24000549316406,54716,0.0,0.0
2024-07-23 14:30:00-04:00,191.10000610351562,191.5399932861328,189.35000610351562,189.77999877929688,71662,0.0,0.0
2024-07-23 15:30:00-04:00,189.55999755859375,190.30999755859375,188.11000061035156,189.7100067138672,161712,0.0,0.0
2024-07-24 09:30:00-04:00,189.24000549316406,193.90499877929688,189.24000549316406,192.49000549316406,51928,0.0,0.0
2024-07-24 10:30:00-04:00,192.89999389648438,193.38999938964844,191.63999938964844,192.57000732421875,57238,0.0,0.0
2024-07-24 11:30:00-04:00,192.5800018310547,193.07000732421875,191.72500610351562,192.0850067138672,43232,0.0,0.0
2024-07-24 12:30:00-04:00,192.125,192.1999969482422,191.16000366210938,191.85000610351562,41291,0.0,0.0
2024-07-24 13:30:00-04:00,191.7449951171875,192.4199981689453,191.24000549316406,191.64999389648438,47773,0.0,0.0
2024-07-24 14:30:00-04:00,191.6300048828125,191.6300048828125,190.66000366210938,190.97000122070312,83948,0.0,0.0
2024-07-24 15:30:00-04:00,190.97000122070312,192.1199951171875,190.61000061035156,192.08999633789062,180633,0.0,0.0
2024-07-25 09:30:00-04:00,191.55999755859375,195.99000549316406,190.6300048828125,195.24000549316406,48161,0.0,0.0
2024-07-25 10:30:00-04:00,195.22999572753906,197.97000122070312,193.5399932861328,196.9600067138672,57082,0.0,0.0
2024-07-25 11:30:00-04:00,196.38999938964844,198.7100067138672,196.38999938964844,198.44500732421875,34826,0.0,0.0
2024-07-25 12:30:00-04:00,198.61000061035156,200.83999633789062,198.36500549316406,199.4499969482422,56632,0.0,0.0
2024-07-25 13:30:00-04:00,199.44000244140625,200.4199981689453,197.9250030517578,198.6699981689453,74860,0.0,0.0
2024-07-25 14:30:00-04:00,198.97000122070312,199.24000549316406,196.94000244140625,199.17999267578125,92027,0.0,0.0
2024-07-25 15:30:00-04:00,199.1999969482422,199.30999755859375,196.8300018310547,197.08999633789062,125288,0.0,0.0
2024-07-26 09:30:00-04:00,198.38999938964844,200.8350067138672,196.25,196.25,132640,0.0,0.0
2024-07-26 10:30:00-04:00,196.5500030517578,196.72000122070312,194.27000427246094,194.80999755859375,83664,0.0,0.0
2024-07-26 11:30:00-04:00,194.8125,196.52000427246094,194.76499938964844,195.0,89765,0.0,0.0
2024-07-26 12:30:00-04:00,195.08999633789062,195.6300048828125,193.83999633789062,194.17999267578125,52589,0.0,0.0
2024-07-26 13:30:00-04:00,194.14999389648438,194.2100067138672,192.27999877929688,192.6300048828125,32473,0.0,0.0
2024-07-26 14:30:00-04:00,192.4600067138672,192.64500427246094,190.8800048828125,191.8699951171875,68417,0.0,0.0
2024-07-26 15:30:00-04:00,191.72999572753906,194.0800018310547,191.38999938964844,192.89999389648438,113526,0.0,0.0
2024-07-29 09:30:00-04:00,192.63999938964844,195.23500061035156,190.61500549316406,192.66000366210938,24411,0.0,0.0
2024-07-29 10:30:00-04:00,191.97999572753906,193.94000244140625,191.88999938964844,193.2899932861328,22926,0.0,0.0
2024-07-29 11:30:00-04:00,193.1699981689453,194.75,192.89999389648438,194.27000427246094,44596,0.0,0.0
2024-07-29 12:30:00-04:00,194.1199951171875,194.1199951171875,192.9199981689453,193.21499633789062,27022,0.0,0.0
2024-07-29 13:30:00-04:00,193.1999969482422,194.0749969482422,193.00999450683594,193.83999633789062,19293,0.0,0.0
2024-07-29 14:30:00-04:00,193.72999572753906,193.9600067138672,193.3300018310547,193.3300018310547,41671,0.0,0.0
2024-07-29 15:30:00-04:00,193.2949981689453,194.3300018310547,193.0800018310547,193.6199951171875,88673,0.0,0.0
2024-07-30 09:30:00-04:00,194.02000427246094,196.0399932861328,192.17999267578125,194.38499450683594,51482,0.0,0.0
2024-07-30 10:30:00-04:00,194.52999877929688,195.55999755859375,193.60000610351562,193.94000244140625,36338,0.0,0.0
2024-07-30 11:30:00-04:00,193.6199951171875,194.11000061035156,192.6999969482422,193.55999755859375,46668,0.0,0.0
2024-07-30 12:30:00-04:00,193.625,193.85000610351562,192.6199951171875,193.46499633789062,13793,0.0,0.0
2024-07-30 13:30:00-04:00,193.3800048828125,194.38999938964844,193.25999450683594,194.28500366210938,20098,0.0,0.0
2024-07-30 14:30:00-04:00,194.30499267578125,194.30499267578125,193.32000732421875,193.77000427246094,27639,0.0,0.0
2024-07-30 15:30:00-04:00,193.77999877929688,194.4199981689453,193.67999267578125,194.08999633789062,80216,0.0,0.0
2024-07-31 09:30:00-04:00,196.88999938964844,196.88999938964844,192.61000061035156,192.9600067138672,45887,0.0,0.0
2024-07-31 10:30:00-04:00,193.36000061035156,194.17999267578125,192.86000061035156,193.94000244140625,23642,0.0,0.0
2024-07-31 11:30:00-04:00,193.9199981689453,194.7550048828125,193.86000061035156,193.8800048828125,18619,0.0,0.0
2024-07-31 12:30:00-04:00,194.0,194.1199951171875,192.5,192.5,16033,0.0,0.0
2024-07-31 13:30:00-04:00,192.5449981689453,194.2899932861328,192.5449981689453,194.2899932861328,41352,0.0,0.0
2024-07-31 14:30:00-04:00,194.27000427246094,196.0,193.19000244140625,193.19000244140625,78397,0.0,0.0
2024-07-31 15:30:00-04:00,193.33999633789062,195.07000732421875,193.19000244140625,194.72000122070312,110221,0.0,0.0
2024-08-01 09:30:00-04:00,194.82000732421875,199.5500030517578,194.5749969482422,194.8000030517578,39362,0.0,0.0
2024-08-01 10:30:00-04:00,195.40499877929688,195.50999450683594,194.10000610351562,195.1699981689453,23706,0.0,0.0
2024-08-01 11:30:00-04:00,195.1699981689453,195.91000366210938,194.33999633789062,194.77499389648438,53745,0.0,0.0
2024-08-01 12:30:00-04:00,194.6300048828125,194.6999969482422,191.10000610351562,191.30999755859375,23165,0.0,0.0
2024-08-01 13:30:00-04:00,191.3699951171875,192.72999572753906,190.92999267578125,191.69000244140625,46228,0.0,0.0
2024-08-01 14:30:00-04:00,191.68499755859375,192.7949981689453,191.10000610351562,192.27999877929688,31667,0.0,0.0
2024-08-01 15:30:00-04:00,192.3000030517578,192.72999572753906,191.67999267578125,191.69000244140625,63348,0.0,0.0
2024-08-02 09:30:00-04:00,186.72999572753906,186.97999572753906,183.16000366210938,186.35000610351562,62324,0.0,0.0
2024-08-02 10:30:00-04:00,186.6300048828125,186.77000427246094,185.19000244140625,185.61000061035156,38336,0.0,0.0
2024-08-02 11:30:00-04:00,185.81500244140625,189.17999267578125,185.81500244140625,188.25999450683594,20667,0.0,0.0
2024-08-02 12:30:00-04:00,188.18499755859375,188.9499969482422,187.75999450683594,188.41000366210938,26419,0.0,0.0
2024-08-02 13:30:00-04:00,188.6199951171875,189.44000244140625,188.14500427246094,189.44000244140625,28778,0.0,0.0
2024-08-02 14:30:00-04:00,189.44000244140625,190.5500030517578,188.968994140625,190.40499877929688,39257,0.0,0.0
2024-08-02 15:30:00-04:00,190.67999267578125,191.07000732421875,189.77999877929688,190.0500030517578,114244,0.0,0.0
2024-08-05 09:30:00-04:00,178.97000122070312,187.7550048828125,176.58999633789062,184.82000732421875,135591,0.0,0.0
2024-08-05 10:30:00-04:00,184.83999633789062,186.58999633789062,183.32000732421875,184.5800018310547,40540,0.0,0.0
2024-08-05 11:30:00-04:00,184.83999633789062,186.4199981689453,184.36000061035156,186.4199981689453,43277,0.0,0.0
2024-08-05 12:30:00-04:00,186.5399932861328,186.5449981689453,183.60000610351562,184.13999938964844,48822,0.0,0.0
2024-08-05 13:30:00-04:00,184.5449981689453,185.02000427246094,182.94000244140625,183.22999572753906,72980,0.0,0.0
2024-08-05 14:30:00-04:00,183.5,183.6199951171875,181.77999877929688,183.24000549316406,65576,0.0,0.0
2024-08-05 15:30:00-04:00,183.23500061035156,183.47999572753906,182.23599243164062,182.5800018310547,110473,0.0,0.0
2024-08-06 09:30:00-04:00,184.17999267578125,188.1898956298828,182.6999969482422,185.57000732421875,56336,0.0,0.0
2024-08-06 10:30:00-04:00,184.7899932861328,186.89999389648438,184.3800048828125,185.1999969482422,34493,0.0,0.0
2024-08-06 11:30:00-04:00,184.44000244140625,185.19000244140625,183.3800048828125,183.69000244140625,37108,0.0,0.0
2024-08-06 12:30:00-04:00,183.58999633789062,185.75,183.52999877929688,185.6699981689453,40937,0.0,0.0
2024-08-06 13:30:00-04:00,185.72000122070312,186.1300048828125,184.78250122070312,185.5500030517578,31263,0.0,0.0
2024-08-06 14:30:00-04:00,185.3699951171875,185.80999755859375,183.88999938964844,184.8000030517578,36118,0.0,0.0
2024-08-06 15:30:00-04:00,184.67999267578125,185.0500030517578,183.47000122070312,184.41000366210938,91472,0.0,0.0
2024-08-07 09:30:00-04:00,186.7899932861328,190.5,184.9600067138672,189.60499572753906,30863,0.0,0.0
2024-08-07 10:30:00-04:00,189.80999755859375,191.66000366210938,189.80999755859375,191.28500366210938,29110,0.0,0.0
2024-08-07 11:30:00-04:00,191.21499633789062,191.5749969482422,189.07000732421875,190.23500061035156,48617,0.0,0.0
2024-08-07 12:30:00-04:00,190.23500061035156,190.23500061035156,188.32000732421875,188.94000244140625,57541,0.0,0.0
2024-08-07 13:30:00-04:00,189.05999755859375,189.06500244140625,186.10000610351562,186.94000244140625,67266,0.0,0.0
2024-08-07 14:30:00-04:00,186.94000244140625,187.72500610351562,186.5449981689453,187.1699981689453,48443,0.0,0.0
2024-08-07 15:30:00-04:00,187.0050048828125,187.27499389648438,185.92999267578125,186.92999267578125,109179,0.0,0.0
2024-08-08 09:30:00-04:00,187.14999389648438,187.99000549316406,182.2899932861328,184.5,94341,0.0,0.0
2024-08-08 10:30:00-04:00,184.5800018310547,185.0800018310547,182.0,182.9250030517578,65781,0.0,0.0
2024-08-08 11:30:00-04:00,182.72000122070312,183.9499969482422,180.9499969482422,183.57000732421875,71292,0.0,0.0
2024-08-08 12:30:00-04:00,183.35000610351562,184.13999938964844,182.44000244140625,183.9499969482422,69634,0.0,0.0
2024-08-08 13:30:00-04:00,183.74000549316406,185.1199951171875,183.74000549316406,184.80999755859375,50951,0.0,0.0
2024-08-08 14:30:00-04:00,184.81500244140625,185.97000122070312,184.1699981689453,185.3249969482422,68523,0.0,0.0
2024-08-08 15:30:00-04:00,185.14999389648438,185.38999938964844,183.77000427246094,183.9600067138672,215350,0.0,0.0
2024-08-09 09:30:00-04:00,184.49000549316406,184.49000549316406,180.57000732421875,183.55499267578125,71101,0.0,0.0
2024-08-09 10:30:00-04:00,183.72000122070312,184.65499877929688,182.82000732421875,184.36000061035156,37514,0.0,0.0
2024-08-09 11:30:00-04:00,184.55999755859375,185.69000244140625,183.5050048828125,184.2899932861328,28210,0.0,0.0
2024-08-09 12:30:00-04:00,184.2449951171875,185.05499267578125,183.9600067138672,184.61000061035156,38809,0.0,0.0
2024-08-09 13:30:00-04:00,184.61000061035156,185.67999267578125,184.27999877929688,184.30999755859375,39059,0.0,0.0
2024-08-09 14:30:00-04:00,184.24000549316406,185.2100067138672,184.14999389648438,185.1199951171875,45892,0.0,0.0
2024-08-09 15:30:00-04:00,185.25999450683594,185.47000122070312,184.60000610351562,185.47000122070312,96531,0.0,0.0
2024-08-12 09:30:00-04:00,185.88999938964844,186.5500030517578,182.5800018310547,185.89999389648438,29592,0.0,0.0
2024-08-12 10:30:00-04:00,186.22000122070312,186.77000427246094,185.36000061035156,185.6999969482422,27237,0.0,0.0
2024-08-12 11:30:00-04:00,186.1699981689453,187.86500549316406,186.1300048828125,187.3300018310547,17766,0.0,0.0
2024-08-12 12:30:00-04:00,187.0800018310547,187.36000061035156,185.67999267578125,186.58999633789062,28100,0.0,0.0
2024-08-12 13:30:00-04:00,186.35000610351562,186.55999755859375,185.8699951171875,186.0500030517578,33614,0.0,0.0
2024-08-12 14:30:00-04:00,186.0,186.02000427246094,184.7899932861328,185.44000244140625,53596,0.0,0.0
2024-08-12 15:30:00-04:00,185.4499969482422,185.5399932861328,183.99000549316406,185.0,96160,0.0,0.0
2024-08-13 09:30:00-04:00,185.74000549316406,191.05999755859375,185.5800018310547,188.0,57248,0.0,0.0
2024-08-13 10:30:00-04:00,188.46499633789062,189.58999633789062,188.25999450683594,189.02999877929688,39396,0.0,0.0
2024-08-13 11:30:00-04:00,189.0,189.13999938964844,188.30999755859375,188.94000244140625,39111,0.0,0.0
2024-08-13 12:30:00-04:00,188.77000427246094,188.99000549316406,188.22000122070312,188.60000610351562,33559,0.0,0.0
2024-08-13 13:30:00-04:00,188.4550018310547,188.6699981689453,187.8000030517578,188.2050018310547,85479,0.0,0.0
2024-08-13 14:30:00-04:00,188.0500030517578,188.9199981689453,187.7449951171875,188.72500610351562,72644,0.0,0.0
2024-08-13 15:30:00-04:00,188.64999389648438,190.1300048828125,187.9199981689453,189.80999755859375,87446,0.0,0.0
2024-08-14 09:30:00-04:00,190.0,190.69000244140625,188.61500549316406,189.64500427246094,43542,0.0,0.0
2024-08-14 10:30:00-04:00,189.9550018310547,190.39999389648438,188.75999450683594,189.97999572753906,14653,0.0,0.0
2024-08-14 11:30:00-04:00,189.98500061035156,190.72000122070312,188.5800018310547,188.8000030517578,37432,0.0,0.0
2024-08-14 12:30:00-04:00,188.94500732421875,189.3000030517578,188.24000549316406,188.77499389648438,23502,0.0,0.0
2024-08-14 13:30:00-04:00,188.72000122070312,189.90499877929688,188.58999633789062,189.90499877929688,32171,0.0,0.0
2024-08-14 14:30:00-04:00,189.64999389648438,190.25,189.36000061035156,189.89999389648438,65072,0.0,0.0
2024-08-14 15:30:00-04:00,189.8000030517578,191.44000244140625,189.16000366210938,191.1750030517578,129209,0.0,0.0
2024-08-15 09:30:00-04:00,192.02999877929688,195.50999450683594,192.02999877929688,193.92999267578125,65274,0.0,0.0
2024-08-15 10:30:00-04:00,193.75,195.8000030517578,193.27000427246094,194.1300048828125,50573,0.0,0.0
2024-08-15 11:30:00-04:00,194.0,195.52499389648438,193.83999633789062,195.17999267578125,44082,0.0,0.0
2024-08-15 12:30:00-04:00,195.3699951171875,195.4199981689453,193.9499969482422,194.27000427246094,53148,0.0,0.0
2024-08-15 13:30:00-04:00,194.4600067138672,195.33160400390625,194.30999755859375,194.55999755859375,41532,0.0,0.0
2024-08-15 14:30:00-04:00,194.6300048828125,195.0,193.93499755859375,194.5399932861328,62100,0.0,0.0
2024-08-15 15:30:00-04:00,194.41000366210938,194.74000549316406,193.21099853515625,194.72000122070312,175377,0.0,0.0
2024-08-16 09:30:00-04:00,205.0,210.77999877929688,197.0800018310547,201.55499267578125,240042,0.0,0.0
2024-08-16 10:30:00-04:00,201.85499572753906,203.0399932861328,201.03500366210938,203.0,73386,0.0,0.0
2024-08-16 11:30:00-04:00,203.1300048828125,204.10000610351562,202.47999572753906,203.86000061035156,78097,0.0,0.0
2024-08-16 12:30:00-04:00,203.6699981689453,205.80499267578125,203.5399932861328,205.63999938964844,105424,0.0,0.0
2024-08-16 13:30:00-04:00,205.89999389648438,206.60000610351562,204.19000244140625,205.0399932861328,64192,0.0,0.0
2024-08-16 14:30:00-04:00,204.97500610351562,205.35000610351562,203.0800018310547,203.33999633789062,51594,0.0,0.0
2024-08-16 15:30:00-04:00,203.39999389648438,205.0,202.88999938964844,204.1999969482422,150315,0.0,0.0
2024-08-19 09:30:00-04:00,204.3000030517578,206.49000549316406,201.47999572753906,205.02999877929688,86130,0.0,0.0
2024-08-19 10:30:00-04:00,205.38999938964844,205.9600067138672,204.22999572753906,205.08999633789062,41235,0.0,0.0
2024-08-19 11:30:00-04:00,205.32000732421875,205.6699981689453,204.3000030517578,204.4199981689453,36343,0.0,0.0
2024-08-19 12:30:00-04:00,204.33999633789062,204.4600067138672,203.06500244140625,203.7899932861328,43505,0.0,0.0
2024-08-19 13:30:00-04:00,203.7949981689453,204.1300048828125,202.85000610351562,203.21499633789062,51433,0.0,0.0
2024-08-19 14:30:00-04:00,203.1649932861328,203.57000732421875,202.60499572753906,202.8800048828125,45981,0.0,0.0
2024-08-19 15:30:00-04:00,202.8699951171875,203.02999877929688,201.24000549316406,201.75999450683594,135605,0.0,0.0
2024-08-20 09:30:00-04:00,199.9600067138672,205.69500732421875,199.89999389648438,202.64999389648438,92899,0.0,0.0
2024-08-20 10:30:00-04:00,202.44000244140625,202.77999877929688,201.0399932861328,201.0399932861328,64986,0.0,0.0
2024-08-20 11:30:00-04:00,200.91000366210938,202.25999450683594,200.8699951171875,201.77000427246094,42510,0.0,0.0
2024-08-20 12:30:00-04:00,201.76499938964844,201.97000122070312,200.63999938964844,201.14999389648438,47140,0.0,0.0
2024-08-20 13:30:00-04:00,201.02000427246094,201.13999938964844,200.16000366210938,200.7949981689453,52288,0.0,0.0
2024-08-20 14:30:00-04:00,200.7949981689453,202.05999755859375,200.41000366210938,201.66000366210938,48093,0.0,0.0
2024-08-20 15:30:00-04:00,201.81900024414062,202.3300018310547,200.82000732421875,201.57000732421875,111733,0.0,0.0
2024-08-21 09:30:00-04:00,203.6199951171875,204.58999633789062,202.36500549316406,203.33999633789062,38989,0.0,0.0
2024-08-21 10:30:00-04:00,203.8800048828125,205.5,203.4600067138672,203.72500610351562,44078,0.0,0.0
2024-08-21 11:30:00-04:00,203.97999572753906,204.13999938964844,202.08999633789062,203.89500427246094,80632,0.0,0.0
2024-08-21 12:30:00-04:00,204.08999633789062,205.25,204.02499389648438,204.63999938964844,28315,0.0,0.0
2024-08-21 13:30:00-04:00,204.8000030517578,205.7100067138672,204.60000610351562,205.59500122070312,18961,0.0,0.0
2024-08-21 14:30:00-04:00,205.75,205.88999938964844,205.17999267578125,205.57000732421875,30487,0.0,0.0
2024-08-21 15:30:00-04:00,205.39999389648438,207.11000061035156,205.39999389648438,207.10000610351562,102112,0.0,0.0
2024-08-22 09:30:00-04:00,207.0800018310547,207.83999633789062,204.25,204.32000732421875,70741,0.0,0.0
2024-08-22 10:30:00-04:00,204.3000030517578,205.86000061035156,203.8466033935547,204.4600067138672,30185,0.0,0.0
2024-08-22 11:30:00-04:00,204.2100067138672,204.5800018310547,202.86000061035156,204.14999389648438,23625,0.0,0.0
2024-08-22 12:30:00-04:00,204.22999572753906,204.27999877929688,203.38999938964844,203.5800018310547,18026,0.0,0.0
2024-08-22 13:30:00-04:00,203.57000732421875,203.8300018310547,202.7550048828125,203.52999877929688,23014,0.0,0.0
2024-08-22 14:30:00-04:00,203.44500732421875,203.89999389648438,202.8800048828125,202.8800048828125,36532,0.0,0.0
2024-08-22 15:30:00-04:00,202.79600524902344,202.94000244140625,200.24000549316406,200.36000061035156,88976,0.0,0.0
2024-08-23 09:30:00-04:00,201.05999755859375,203.6199951171875,199.83999633789062,203.3300018310547,33645,0.0,0.0
2024-08-23 10:30:00-04:00,203.2050018310547,203.3000030517578,201.13009643554688,202.6199951171875,38548,0.0,0.0
2024-08-23 11:30:00-04:00,203.00999450683594,203.1699981689453,201.8000030517578,202.0850067138672,21057,0.0,0.0
2024-08-23 12:30:00-04:00,202.08189392089844,202.91000366210938,201.72999572753906,202.7949981689453,21130,0.0,0.0
2024-08-23 13:30:00-04:00,203.05999755859375,203.25,202.69500732421875,202.97999572753906,11005,0.0,0.0
2024-08-23 14:30:00-04:00,203.1649932861328,203.1649932861328,202.4250030517578,202.86000061035156,16776,0.0,0.0
2024-08-23 15:30:00-04:00,202.9499969482422,203.2899932861328,202.2100067138672,203.17999267578125,54222,0.0,0.0
2024-08-26 09:30:00-04:00,203.8300018310547,205.58999633789062,201.57000732421875,203.42999267578125,27553,0.0,0.0
2024-08-26 10:30:00-04:00,203.35000610351562,204.11000061035156,202.86160278320312,203.55999755859375,16445,0.0,0.0
2024-08-26 11:30:00-04:00,203.52000427246094,203.66000366210938,202.82000732421875,203.6094970703125,23183,0.0,0.0
2024-08-26 12:30:00-04:00,203.55499267578125,203.75,202.69000244140625,202.77999877929688,16392,0.0,0.0
2024-08-26 13:30:00-04:00,202.72999572753906,203.27000427246094,202.19000244140625,203.27000427246094,16549,0.0,0.0
2024-08-26 14:30:00-04:00,202.9199981689453,203.10499572753906,202.22000122070312,203.02999877929688,44379,0.0,0.0
2024-08-26 15:30:00-04:00,202.52000427246094,202.74000549316406,201.52999877929688,201.5399932861328,50351,0.0,0.0
2024-08-27 09:30:00-04:00,201.94000244140625,202.74000549316406,200.5749969482422,202.71249389648438,14694,0.0,0.0
2024-08-27 10:30:00-04:00,202.80499267578125,203.6999969482422,202.03500366210938,202.3249969482422,21801,0.0,0.0
2024-08-27 11:30:00-04:00,202.47000122070312,202.49000549316406,201.52000427246094,201.74000549316406,13133,0.0,0.0
2024-08-27 12:30:00-04:00,201.6199951171875,202.25,201.4499969482422,202.02999877929688,13092,0.0,0.0
2024-08-27 13:30:00-04:00,202.375,202.6199951171875,201.97999572753906,202.58999633789062,9083,0.0,0.0
2024-08-27 14:30:00-04:00,202.77499389648438,202.97500610351562,201.9600067138672,201.9600067138672,23439,0.0,0.0
2024-08-27 15:30:00-04:00,201.89999389648438,202.47999572753906,201.55999755859375,202.22999572753906,54916,0.0,0.0
2024-08-28 09:30:00-04:00,201.80999755859375,202.66000366210938,201.14999389648438,201.4600067138672,13029,0.0,0.0
2024-08-28 10:30:00-04:00,201.53500366210938,202.05999755859375,199.1199951171875,199.3699951171875,33975,0.0,0.0
2024-08-28 11:30:00-04:00,199.05999755859375,199.92999267578125,197.9199981689453,197.99000549316406,12339,0.0,0.0
2024-08-28 12:30:00-04:00,197.89999389648438,199.38499450683594,197.89999389648438,198.75999450683594,15015,0.0,0.0
2024-08-28 13:30:00-04:00,198.8699951171875,198.8699951171875,196.5500030517578,197.25999450683594,18353,0.0,0.0
2024-08-28 14:30:00-04:00,197.0500030517578,198.91000366210938,197.02000427246094,198.72999572753906,28168,0.0,0.0
2024-08-28 15:30:00-04:00,198.82000732421875,198.97000122070312,197.64999389648438,197.64999389648438,58286,0.0,0.0
2024-08-29 09:30:00-04:00,199.86000061035156,202.38999938964844,199.08999633789062,202.3350067138672,23474,0.0,0.0
2024-08-29 10:30:00-04:00,201.85000610351562,202.57000732421875,201.75999450683594,202.57000732421875,16228,0.0,0.0
2024-08-29 11:30:00-04:00,202.61000061035156,203.02000427246094,202.14329528808594,202.80999755859375,18600,0.0,0.0
2024-08-29 12:30:00-04:00,202.8800048828125,203.02000427246094,202.02999877929688,202.1699981689453,14138,0.0,0.0
2024-08-29 13:30:00-04:00,202.47000122070312,202.52999877929688,201.39500427246094,201.39500427246094,16757,0.0,0.0
2024-08-29 14:30:00-04:00,201.11000061035156,201.4149932861328,199.9499969482422,200.85000610351562,23498,0.0,0.0
2024-08-29 15:30:00-04:00,201.10000610351562,201.50999450683594,199.49000549316406,199.52999877929688,74790,0.0,0.0
2024-08-30 09:30:00-04:00,200.0,202.64999389648438,199.3300018310547,201.5,67810,0.0,0.0
2024-08-30 10:30:00-04:00,201.47000122070312,202.25,200.0500030517578,200.0800018310547,17043,0.0,0.0
2024-08-30 11:30:00-04:00,199.9499969482422,200.63499450683594,199.60000610351562,199.9550018310547,14491,0.0,0.0
2024-08-30 12:30:00-04:00,199.99000549316406,200.50999450683594,199.8699951171875,200.125,8788,0.0,0.0
2024-08-30 13:30:00-04:00,200.33999633789062,200.83299255371094,199.66000366210938,200.8000030517578,10830,0.0,0.0
2024-08-30 14:30:00-04:00,200.66000366210938,201.5146026611328,200.4600067138672,201.5146026611328,21894,0.0,0.0
2024-08-30 15:30:00-04:00,201.52999877929688,202.25,201.10000610351562,202.24000549316406,35633,0.0,0.0
2024-09-03 09:30:00-04:00,201.35000610351562,201.625,198.83999633789062,200.0,45778,0.0,0.0
2024-09-03 10:30:00-04:00,199.83999633789062,200.2111053466797,198.50999450683594,198.88999938964844,23343,0.0,0.0
2024-09-03 11:30:00-04:00,198.6999969482422,198.82000732421875,197.72000122070312,198.19000244140625,16773,0.0,0.0
2024-09-03 12:30:00-04:00,198.0500030517578,198.6199951171875,197.69000244140625,198.35499572753906,16170,0.0,0.0
2024-09-03 13:30:00-04:00,198.0399932861328,198.0399932861328,194.94000244140625,195.27999877929688,25504,0.0,0.0
2024-09-03 14:30:00-04:00,195.22000122070312,195.72000122070312,194.4134063720703,194.4134063720703,17361,0.0,0.0
2024-09-03 15:30:00-04:00,194.64999389648438,195.52999877929688,193.6300048828125,195.42999267578125,57583,0.0,0.0
2024-09-04 09:30:00-04:00,194.8300018310547,197.77000427246094,194.3350067138672,197.75999450683594,21076,0.0,0.0
2024-09-04 10:30:00-04:00,197.9600067138672,199.77999877929688,197.52000427246094,198.7449951171875,41187,0.0,0.0
2024-09-04 11:30:00-04:00,198.47000122070312,198.9600067138672,197.82000732421875,198.58999633789062,64929,0.0,0.0
2024-09-04 12:30:00-04:00,198.8000030517578,199.47999572753906,198.61000061035156,198.66000366210938,36650,0.0,0.0
2024-09-04 13:30:00-04:00,198.6999969482422,199.72000122070312,198.22650146484375,199.55999755859375,37098,0.0,0.0
2024-09-04 14:30:00-04:00,199.57000732421875,200.14999389648438,199.1300048828125,200.0800018310547,44025,0.0,0.0
2024-09-04 15:30:00-04:00,200.22000122070312,201.1699981689453,199.4499969482422,199.80999755859375,117716,0.0,0.0
2024-09-05 09:30:00-04:00,200.17999267578125,203.0,198.49000549316406,202.2100067138672,47273,0.0,0.0
2024-09-05 10:30:00-04:00,203.0,203.02999877929688,200.5,200.9600067138672,46896,0.0,0.0
2024-09-05 11:30:00-04:00,200.89500427246094,201.4499969482422,200.2100067138672,201.30999755859375,67129,0.0,0.0
2024-09-05 12:30:00-04:00,201.33999633789062,201.47999572753906,199.83999633789062,200.1999969482422,33299,0.0,0.0
2024-09-05 13:30:00-04:00,200.4499969482422,200.89999389648438,200.07000732421875,200.4949951171875,36280,0.0,0.0
2024-09-05 14:30:00-04:00,200.5399932861328,200.97000122070312,199.69000244140625,200.69000244140625,40046,0.0,0.0
2024-09-05 15:30:00-04:00,200.60000610351562,200.8300018310547,199.1300048828125,199.50999450683594,84557,0.0,0.0
2024-09-06 09:30:00-04:00,200.9499969482422,200.9499969482422,196.88999938964844,197.0800018310547,68952,0.0,0.0
2024-09-06 10:30:00-04:00,196.9499969482422,198.66000366210938,196.33999633789062,196.7100067138672,50798,0.0,0.0
2024-09-06 11:30:00-04:00,196.13999938964844,197.19000244140625,196.11000061035156,196.1999969482422,21102,0.0,0.0
2024-09-06 12:30:00-04:00,196.19000244140625,196.4199981689453,195.47000122070312,196.13999938964844,14195,0.0,0.0
2024-09-06 13:30:00-04:00,195.9199981689453,196.25999450683594,195.57000732421875,195.82000732421875,14321,0.0,0.0
2024-09-06 14:30:00-04:00,195.58999633789062,196.14999389648438,194.5198974609375,195.7100067138672,29430,0.0,0.0
2024-09-06 15:30:00-04:00,195.6300048828125,195.6999969482422,194.73500061035156,194.97000122070312,58790,0.0,0.0
2024-09-09 09:30:00-04:00,196.85000610351562,198.47000122070312,195.18699645996094,197.4949951171875,78688,0.0,0.0
2024-09-09 10:30:00-04:00,197.1750030517578,197.8800048828125,195.71499633789062,195.8000030517578,40250,0.0,0.0
2024-09-09 11:30:00-04:00,195.50010681152344,196.7100067138672,195.50010681152344,196.7100067138672,17126,0.0,0.0
2024-09-09 12:30:00-04:00,196.77999877929688,197.38999938964844,196.69000244140625,197.3800048828125,15471,0.0,0.0
2024-09-09 13:30:00-04:00,197.3800048828125,197.3800048828125,196.36500549316406,196.91000366210938,14856,0.0,0.0
2024-09-09 14:30:00-04:00,196.8800048828125,197.33999633789062,196.72999572753906,197.1999969482422,20257,0.0,0.0
2024-09-09 15:30:00-04:00,197.13999938964844,197.25999450683594,196.6699981689453,197.25999450683594,40550,0.0,0.0
2024-09-10 09:30:00-04:00,198.0,200.2100067138672,196.375,196.78500366210938,23817,0.0,0.0
2024-09-10 10:30:00-04:00,196.95249938964844,197.57000732421875,196.52999877929688,197.0301055908203,10248,0.0,0.0
2024-09-10 11:30:00-04:00,197.2899932861328,197.52000427246094,195.75999450683594,196.0399932861328,12873,0.0,0.0
2024-09-10 12:30:00-04:00,196.02000427246094,197.05999755859375,196.02000427246094,196.56500244140625,13841,0.0,0.0
2024-09-10 13:30:00-04:00,196.58999633789062,197.27999877929688,196.49000549316406,197.27999877929688,8747,0.0,0.0
2024-09-10 14:30:00-04:00,197.2899932861328,197.6699981689453,196.80999755859375,197.6699981689453,14974,0.0,0.0
2024-09-10 15:30:00-04:00,197.38999938964844,198.7100067138672,197.30999755859375,198.69000244140625,59033,0.0,0.0
2024-09-11 09:30:00-04:00,198.3800048828125,200.22999572753906,196.44000244140625,196.8249969482422,33063,0.0,0.0
2024-09-11 10:30:00-04:00,196.82000732421875,197.46499633789062,195.625,197.46499633789062,17141,0.0,0.0
2024-09-11 11:30:00-04:00,197.4600067138672,198.5399932861328,197.4199981689453,198.39999389648438,21230,0.0,0.0
2024-09-11 12:30:00-04:00,198.5500030517578,200.0,198.5500030517578,199.68499755859375,10611,0.0,0.0
2024-09-11 13:30:00-04:00,199.67999267578125,200.3000030517578,198.91000366210938,200.06500244140625,23062,0.0,0.0
2024-09-11 14:30:00-04:00,199.8300018310547,201.5500030517578,199.8300018310547,201.13999938964844,43735,0.0,0.0
2024-09-11 15:30:00-04:00,200.94000244140625,201.3300018310547,200.25999450683594,201.30999755859375,42596,0.0,0.0
2024-09-12 09:30:00-04:00,201.77000427246094,202.82000732421875,198.81500244140625,200.19000244140625,31884,0.0,0.0
2024-09-12 10:30:00-04:00,200.0399932861328,200.8780059814453,199.6649932861328,200.58999633789062,33919,0.0,0.0
2024-09-12 11:30:00-04:00,201.22999572753906,202.10000610351562,201.0,201.44000244140625,28862,0.0,0.0
2024-09-12 12:30:00-04:00,201.44500732421875,203.0,201.3800048828125,201.94000244140625,30323,0.0,0.0
2024-09-12 13:30:00-04:00,201.88499450683594,202.02000427246094,199.11000061035156,199.9600067138672,56281,0.0,0.0
2024-09-12 14:30:00-04:00,200.05999755859375,200.1999969482422,198.50450134277344,198.88999938964844,51534,0.0,0.0
2024-09-12 15:30:00-04:00,198.9199981689453,199.27000427246094,197.30999755859375,197.35000610351562,143725,0.0,0.0
2024-09-13 09:30:00-04:00,198.0,198.72999572753906,197.30499267578125,198.1699981689453,23877,0.0,0.0
2024-09-13 10:30:00-04:00,197.97999572753906,200.0500030517578,197.8300018310547,199.5749969482422,19837,0.0,0.0
2024-09-13 11:30:00-04:00,199.32000732421875,199.42999267578125,198.7899932861328,198.88999938964844,14695,0.0,0.0
2024-09-13 12:30:00-04:00,198.83999633789062,199.19000244140625,198.64999389648438,198.85000610351562,13238,0.0,0.0
2024-09-13 13:30:00-04:00,199.02499389648438,199.16000366210938,198.1699981689453,198.36000061035156,15693,0.0,0.0
2024-09-13 14:30:00-04:00,197.97000122070312,198.2144012451172,197.5399932861328,198.07000732421875,14552,0.0,0.0
2024-09-13 15:30:00-04:00,198.05999755859375,198.22999572753906,196.89999389648438,196.92999267578125,120184,0.0,0.0
2024-09-16 09:30:00-04:00,197.99000549316406,199.25,196.52000427246094,198.1649932861328,35545,0.0,0.0
2024-09-16 10:30:00-04:00,198.16000366210938,200.14500427246094,197.64999389648438,200.0749969482422,153484,0.0,0.0
2024-09-16 11:30:00-04:00,200.0749969482422,200.9600067138672,200.0,200.0399932861328,25033,0.0,0.0
2024-09-16 12:30:00-04:00,200.19500732421875,201.06170654296875,200.07000732421875,200.80999755859375,33411,0.0,0.0
2024-09-16 13:30:00-04:00,200.80999755859375,200.8350067138672,198.38999938964844,198.4149932861328,31618,0.0,0.0
2024-09-16 14:30:00-04:00,198.38999938964844,198.91000366210938,197.6699981689453,198.47000122070312,34458,0.0,0.0
2024-09-16 15:30:00-04:00,198.3699951171875,198.60000610351562,196.9600067138672,197.0,144062,0.0,0.0
2024-09-17 09:30:00-04:00,198.75999450683594,198.75999450683594,194.60000610351562,194.9600067138672,25774,0.0,0.0
2024-09-17 10:30:00-04:00,194.86000061035156,194.86000061035156,190.64999389648438,193.22999572753906,54574,0.0,0.0
2024-09-17 11:30:00-04:00,193.22500610351562,194.0738067626953,192.58999633789062,192.96499633789062,37441,0.0,0.0
2024-09-17 12:30:00-04:00,192.86500549316406,192.86500549316406,191.9199981689453,192.22500610351562,23361,0.0,0.0
2024-09-17 13:30:00-04:00,192.24000549316406,192.47000122070312,190.9499969482422,192.27999877929688,28547,0.0,0.0
2024-09-17 14:30:00-04:00,192.14999389648438,192.47999572753906,191.24000549316406,191.4499969482422,47688,0.0,0.0
2024-09-17 15:30:00-04:00,191.41749572753906,192.4600067138672,191.25,192.3800048828125,109435,0.0,0.0
2024-09-18 09:30:00-04:00,192.9499969482422,194.60000610351562,190.02000427246094,190.38999938964844,31909,0.0,0.0
2024-09-18 10:30:00-04:00,190.4199981689453,190.5,189.36000061035156,189.36000061035156,19338,0.0,0.0
2024-09-18 11:30:00-04:00,189.5500030517578,189.7487030029297,188.47999572753906,189.22000122070312,21976,0.0,0.0
2024-09-18 12:30:00-04:00,189.34249877929688,190.42999267578125,189.1199951171875,190.42999267578125,40734,0.0,0.0
2024-09-18 13:30:00-04:00,190.5800018310547,193.8701934814453,190.39999389648438,192.77999877929688,52170,0.0,0.0
2024-09-18 14:30:00-04:00,192.91000366210938,194.66000366210938,191.47999572753906,191.9600067138672,81400,0.0,0.0
2024-09-18 15:30:00-04:00,192.19000244140625,192.3300018310547,190.19000244140625,191.22000122070312,137688,0.0,0.0
2024-09-19 09:30:00-04:00,194.8699951171875,197.89999389648438,193.35499572753906,194.77499389648438,103243,0.0,0.0
2024-09-19 10:30:00-04:00,194.94000244140625,195.5800018310547,193.44000244140625,194.7899932861328,35923,0.0,0.0
2024-09-19 11:30:00-04:00,194.81500244140625,195.10000610351562,193.61000061035156,194.91000366210938,29580,0.0,0.0
2024-09-19 12:30:00-04:00,194.9199981689453,195.17999267578125,194.1999969482422,194.49000549316406,35193,0.0,0.0
2024-09-19 13:30:00-04:00,194.30999755859375,194.90499877929688,193.75,194.25999450683594,43323,0.0,0.0
2024-09-19 14:30:00-04:00,194.38999938964844,194.5500030517578,193.14999389648438,193.5749969482422,29339,0.0,0.0
2024-09-19 15:30:00-04:00,193.47999572753906,193.86000061035156,192.89999389648438,193.85000610351562,126367,0.0,0.0
2024-09-20 09:30:00-04:00,192.50999450683594,193.14999389648438,189.8800048828125,190.82000732421875,28757,0.0,0.0
2024-09-20 10:30:00-04:00,190.35000610351562,190.5800018310547,189.0,189.27999877929688,14681,0.0,0.0
2024-09-20 11:30:00-04:00,189.27999877929688,189.86000061035156,188.75,189.77000427246094,39860,0.0,0.0
2024-09-20 12:30:00-04:00,189.39500427246094,189.42999267578125,188.1999969482422,188.1999969482422,28418,0.0,0.0
2024-09-20 13:30:00-04:00,188.41000366210938,188.99000549316406,187.57000732421875,188.69500732421875,35864,0.0,0.0
2024-09-20 14:30:00-04:00,188.6999969482422,190.5399932861328,188.57000732421875,190.11000061035156,55416,0.0,0.0
2024-09-20 15:30:00-04:00,189.9550018310547,190.77000427246094,188.9499969482422,189.16000366210938,136989,0.0,0.0
2024-09-23 09:30:00-04:00,190.60000610351562,191.64999389648438,188.5500030517578,191.32000732421875,56007,0.0,0.0
2024-09-23 10:30:00-04:00,191.30999755859375,192.35000610351562,190.6396026611328,191.52999877929688,29488,0.0,0.0
2024-09-23 11:30:00-04:00,191.6999969482422,192.75,191.1999969482422,192.75,21711,0.0,0.0
2024-09-23 12:30:00-04:00,192.59500122070312,193.19500732421875,192.47999572753906,193.19500732421875,17208,0.0,0.0
2024-09-23 13:30:00-04:00,193.34500122070312,193.4149932861328,192.2899932861328,192.2899932861328,20894,0.0,0.0
2024-09-23 14:30:00-04:00,192.1649932861328,192.4149932861328,191.89999389648438,192.21499633789062,27187,0.0,0.0
2024-09-23 15:30:00-04:00,192.08999633789062,193.02999877929688,191.82000732421875,192.9600067138672,100915,0.0,0.0
2024-09-24 09:30:00-04:00,194.13999938964844,194.8699951171875,191.82000732421875,193.10000610351562,23139,0.0,0.0
2024-09-24 10:30:00-04:00,192.88499450683594,194.1999969482422,192.27999877929688,193.8699951171875,12571,0.0,0.0
2024-09-24 11:30:00-04:00,193.72999572753906,194.0399932861328,192.99000549316406,193.7899932861328,18509,0.0,0.0
2024-09-24 12:30:00-04:00,193.6750030517578,194.39999389648438,193.4550018310547,193.9600067138672,22108,0.0,0.0
2024-09-24 13:30:00-04:00,194.1199951171875,194.80499267578125,193.8000030517578,193.8000030517578,19488,0.0,0.0
2024-09-24 14:30:00-04:00,193.76499938964844,196.08999633789062,193.69000244140625,195.67999267578125,43942,0.0,0.0
2024-09-24 15:30:00-04:00,195.74000549316406,196.92999267578125,195.71499633789062,196.69000244140625,67196,0.0,0.0
2024-09-25 09:30:00-04:00,196.72000122070312,196.72000122070312,194.72000122070312,195.75,31480,0.0,0.0
2024-09-25 10:30:00-04:00,195.63999938964844,196.07000732421875,193.17999267578125,193.17999267578125,51545,0.0,0.0
2024-09-25 11:30:00-04:00,192.99000549316406,193.72999572753906,192.1699981689453,192.52000427246094,24410,0.0,0.0
2024-09-25 12:30:00-04:00,192.6300048828125,193.41000366210938,192.60499572753906,193.0850067138672,20449,0.0,0.0
2024-09-25 13:30:00-04:00,193.08999633789062,193.14999389648438,192.18690490722656,192.80999755859375,35231,0.0,0.0
2024-09-25 14:30:00-04:00,192.97000122070312,193.80999755859375,192.80160522460938,193.74000549316406,37541,0.0,0.0
2024-09-25 15:30:00-04:00,193.6699981689453,193.80999755859375,192.91000366210938,192.9199981689453,66678,0.0,0.0
2024-09-26 09:30:00-04:00,196.94000244140625,203.52000427246094,196.22500610351562,199.94000244140625,149002,0.0,0.0
2024-09-26 10:30:00-04:00,199.94000244140625,200.24000549316406,198.19000244140625,198.9600067138672,65510,0.0,0.0
2024-09-26 11:30:00-04:00,198.55999755859375,198.9199981689453,198.0500030517578,198.3300018310547,65135,0.0,0.0
2024-09-26 12:30:00-04:00,198.02000427246094,198.6699981689453,197.24000549316406,197.72999572753906,49455,0.0,0.0
2024-09-26 13:30:00-04:00,197.5500030517578,199.82000732421875,197.5500030517578,199.6999969482422,35441,0.0,0.0
2024-09-26 14:30:00-04:00,199.56500244140625,200.44000244140625,199.0399932861328,199.0399932861328,57372,0.0,0.0
2024-09-26 15:30:00-04:00,199.00999450683594,199.00999450683594,197.5500030517578,198.0050048828125,108736,0.0,0.0
2024-09-27 09:30:00-04:00,198.44000244140625,200.07000732421875,198.07000732421875,199.42999267578125,18930,0.0,0.0
2024-09-27 10:30:00-04:00,199.2100067138672,200.02000427246094,198.83999633789062,198.9550018310547,12218,0.0,0.0
2024-09-27 11:30:00-04:00,199.07000732421875,199.22000122070312,198.55999755859375,199.1699981689453,22453,0.0,0.0
2024-09-27 12:30:00-04:00,199.03500366210938,199.44000244140625,198.6199951171875,198.7050018310547,14966,0.0,0.0
2024-09-27 13:30:00-04:00,198.72000122070312,199.65499877929688,198.61000061035156,199.10000610351562,19448,0.0,0.0
2024-09-27 14:30:00-04:00,199.08999633789062,199.58999633789062,198.26499938964844,198.6649932861328,36354,0.0,0.0
2024-09-27 15:30:00-04:00,198.44000244140625,198.55499267578125,197.38999938964844,197.4499969482422,51657,0.0,0.0
2024-09-30 09:30:00-04:00,196.47000122070312,196.99000549316406,194.94000244140625,196.61500549316406,59763,0.0,0.0
2024-09-30 10:30:00-04:00,196.91000366210938,197.33999633789062,196.02000427246094,196.1300048828125,53690,0.0,0.0
2024-09-30 11:30:00-04:00,195.97500610351562,196.97000122070312,195.77749633789062,195.9149932861328,28127,0.0,0.0
2024-09-30 12:30:00-04:00,195.91000366210938,196.74000549316406,195.81500244140625,196.5500030517578,13582,0.0,0.0
2024-09-30 13:30:00-04:00,196.5500030517578,196.9199981689453,195.43499755859375,195.6699981689453,55959,0.0,0.0
2024-09-30 14:30:00-04:00,195.75999450683594,196.60000610351562,195.63999938964844,196.32000732421875,27377,0.0,0.0
2024-09-30 15:30:00-04:00,196.22999572753906,198.16000366210938,196.0800018310547,197.99000549316406,90604,0.0,0.0
2024-10-01 09:30:00-04:00,197.49000549316406,197.49000549316406,195.05999755859375,195.39500427246094,31697,0.0,0.0
2024-10-01 10:30:00-04:00,195.1999969482422,196.97999572753906,194.8300018310547,196.97999572753906,38099,0.0,0.0
2024-10-01 11:30:00-04:00,197.19000244140625,198.27499389648438,197.19000244140625,197.4250030517578,47548,0.0,0.0
2024-10-01 12:30:00-04:00,197.24000549316406,197.24000549316406,194.83999633789062,194.97000122070312,19281,0.0,0.0
2024-10-01 13:30:00-04:00,195.0500030517578,196.61000061035156,195.0500030517578,196.33999633789062,18411,0.0,0.0
2024-10-01 14:30:00-04:00,196.1300048828125,196.13999938964844,195.17999267578125,195.72000122070312,29379,0.0,0.0
2024-10-01 15:30:00-04:00,195.77999877929688,196.77999877929688,195.6750030517578,196.44000244140625,63245,0.0,0.0
2024-10-02 09:30:00-04:00,196.7899932861328,196.97000122070312,194.5,196.97000122070312,24337,0.0,0.0
2024-10-02 10:30:00-04:00,196.6750030517578,198.1999969482422,196.65499877929688,198.11749267578125,24934,0.0,0.0
2024-10-02 11:30:00-04:00,198.2899932861328,198.44000244140625,197.75,198.39999389648438,17491,0.0,0.0
2024-10-02 12:30:00-04:00,198.2550048828125,199.11000061035156,197.8699951171875,199.11000061035156,24354,0.0,0.0
2024-10-02 13:30:00-04:00,198.97999572753906,199.7100067138672,198.9199981689453,199.7100067138672,28551,0.0,0.0
2024-10-02 14:30:00-04:00,199.77000427246094,200.3000030517578,199.77000427246094,200.22999572753906,46010,0.0,0.0
2024-10-02 15:30:00-04:00,200.3000030517578,200.50999450683594,199.94500732421875,200.25,70742,0.0,0.0
2024-10-03 09:30:00-04:00,198.57000732421875,199.57000732421875,196.69500732421875,197.10000610351562,74256,0.0,0.0
2024-10-03 10:30:00-04:00,196.85499572753906,197.19000244140625,195.4600067138672,197.14999389648438,48449,0.0,0.0
2024-10-03 11:30:00-04:00,196.9199981689453,198.11500549316406,196.9199981689453,197.86000061035156,40242,0.0,0.0
2024-10-03 12:30:00-04:00,197.74000549316406,197.89999389648438,197.05499267578125,197.35499572753906,41844,0.0,0.0
2024-10-03 13:30:00-04:00,197.36000061035156,197.88999938964844,196.75999450683594,197.18499755859375,46776,0.0,0.0
2024-10-03 14:30:00-04:00,197.18499755859375,197.29249572753906,195.85499572753906,196.1199951171875,80302,0.0,0.0
2024-10-03 15:30:00-04:00,195.97000122070312,196.57000732421875,195.8800048828125,196.4499969482422,108745,0.0,0.0
2024-10-04 09:30:00-04:00,199.27999877929688,199.47999572753906,196.47000122070312,197.17999267578125,30400,0.0,0.0
2024-10-04 10:30:00-04:00,197.52999877929688,197.72999572753906,195.84500122070312,196.41000366210938,33431,0.0,0.0
2024-10-04 11:30:00-04:00,196.41000366210938,197.18499755859375,195.85000610351562,196.94500732421875,67572,0.0,0.0
2024-10-04 12:30:00-04:00,196.82000732421875,197.4600067138672,196.77999877929688,196.9499969482422,35120,0.0,0.0
2024-10-04 13:30:00-04:00,196.93499755859375,197.11000061035156,196.00999450683594,196.15499877929688,56834,0.0,0.0
2024-10-04 14:30:00-04:00,196.1999969482422,196.69000244140625,194.17999267578125,194.34500122070312,93470,0.0,0.0
2024-10-04 15:30:00-04:00,194.33999633789062,194.64500427246094,192.92999267578125,193.30999755859375,165079,0.0,0.0
2024-10-07 09:30:00-04:00,192.9600067138672,193.9199981689453,190.88999938964844,191.69500732421875,53832,0.0,0.0
2024-10-07 10:30:00-04:00,191.53500366210938,191.72999572753906,190.3300018310547,191.06500244140625,51133,0.0,0.0
2024-10-07 11:30:00-04:00,191.05499267578125,192.63999938964844,190.85000610351562,190.98500061035156,56305,0.0,0.0
2024-10-07 12:30:00-04:00,190.99000549316406,191.2899932861328,190.60000610351562,191.13999938964844,34933,0.0,0.0
2024-10-07 13:30:00-04:00,191.1699981689453,192.1300048828125,191.07000732421875,192.06500244140625,32468,0.0,0.0
2024-10-07 14:30:00-04:00,191.9199981689453,194.07000732421875,190.8699951171875,193.8000030517578,87257,0.0,0.0
2024-10-07 15:30:00-04:00,193.8000030517578,194.87899780273438,193.75999450683594,193.7899932861328,161514,0.0,0.0
2024-10-08 09:30:00-04:00,194.39999389648438,201.5500030517578,194.39999389648438,200.6999969482422,118461,0.0,0.0
2024-10-08 10:30:00-04:00,200.88999938964844,204.35000610351562,200.19000244140625,204.35000610351562,53117,0.0,0.0
2024-10-08 11:30:00-04:00,204.32000732421875,209.30999755859375,203.4600067138672,208.02499389648438,99343,0.0,0.0
2024-10-08 12:30:00-04:00,208.02499389648438,210.35000610351562,207.6300048828125,209.9949951171875,100869,0.0,0.0
2024-10-08 13:30:00-04:00,210.2100067138672,213.6300048828125,208.99459838867188,209.17999267578125,146482,0.0,0.0
2024-10-08 14:30:00-04:00,209.00180053710938,212.35000610351562,208.84500122070312,212.35000610351562,93854,0.0,0.0
2024-10-08 15:30:00-04:00,212.09800720214844,213.3800048828125,211.7156982421875,212.0399932861328,185411,0.0,0.0
2024-10-09 09:30:00-04:00,210.61000061035156,213.63499450683594,207.91000366210938,213.63499450683594,78679,0.0,0.0
2024-10-09 10:30:00-04:00,212.8300018310547,214.5,212.58999633789062,214.05999755859375,52575,0.0,0.0
2024-10-09 11:30:00-04:00,214.125,214.6699981689453,212.57000732421875,212.86000061035156,54116,0.0,0.0
2024-10-09 12:30:00-04:00,213.00999450683594,213.00999450683594,211.6699981689453,212.44000244140625,42729,0.0,0.0
2024-10-09 13:30:00-04:00,212.47999572753906,213.43499755859375,212.32000732421875,213.02999877929688,36714,0.0,0.0
2024-10-09 14:30:00-04:00,213.05999755859375,214.2100067138672,212.6999969482422,213.8699951171875,97681,0.0,0.0
2024-10-09 15:30:00-04:00,213.8699951171875,214.0,211.4499969482422,211.47999572753906,154886,0.0,0.0
2024-10-10 09:30:00-04:00,209.72999572753906,210.49000549316406,208.85000610351562,210.0,37690,0.0,0.0
2024-10-10 10:30:00-04:00,209.98500061035156,210.41000366210938,209.5800018310547,209.97500610351562,121805,0.0,0.0
2024-10-10 11:30:00-04:00,209.97500610351562,209.97500610351562,208.60499572753906,209.22000122070312,73765,0.0,0.0
2024-10-10 12:30:00-04:00,209.27999877929688,209.35000610351562,208.3300018310547,209.13999938964844,45083,0.0,0.0
2024-10-10 13:30:00-04:00,209.11000061035156,210.2100067138672,208.57000732421875,209.9149932861328,104171,0.0,0.0
2024-10-10 14:30:00-04:00,209.9149932861328,210.05999755859375,208.9199981689453,209.83999633789062,174562,0.0,0.0
2024-10-10 15:30:00-04:00,209.83999633789062,210.02999877929688,208.99000549316406,209.67999267578125,160454,0.0,0.0
2024-10-11 09:30:00-04:00,210.8800048828125,211.69000244140625,205.1199951171875,205.5,70105,0.0,0.0
2024-10-11 10:30:00-04:00,205.52000427246094,207.39999389648438,205.2899932861328,207.0500030517578,83709,0.0,0.0
2024-10-11 11:30:00-04:00,207.0500030517578,207.35000610351562,205.7100067138672,205.85000610351562,83487,0.0,0.0
2024-10-11 12:30:00-04:00,205.91000366210938,207.35000610351562,205.70460510253906,206.75999450683594,49138,0.0,0.0
2024-10-11 13:30:00-04:00,206.7100067138672,207.10000610351562,206.10000610351562,206.4149932861328,54435,0.0,0.0
2024-10-11 14:30:00-04:00,206.41000366210938,207.0800018310547,206.10499572753906,206.4550018310547,55085,0.0,0.0
2024-10-11 15:30:00-04:00,206.32000732421875,207.38999938964844,205.77999877929688,207.33999633789062,147514,0.0,0.0
2024-10-14 09:30:00-04:00,208.7899932861328,209.32000732421875,206.1199951171875,206.5500030517578,82209,0.0,0.0
2024-10-14 10:30:00-04:00,206.97999572753906,207.11000061035156,205.91000366210938,206.30999755859375,21850,0.0,0.0
2024-10-14 11:30:00-04:00,206.3542022705078,207.61000061035156,206.07000732421875,207.53500366210938,30656,0.0,0.0
2024-10-14 12:30:00-04:00,207.5399932861328,209.9600067138672,207.2100067138672,209.4949951171875,35157,0.0,0.0
2024-10-14 13:30:00-04:00,209.40499877929688,209.60000610351562,208.97999572753906,209.46499633789062,20125,0.0,0.0
2024-10-14 14:30:00-04:00,209.4499969482422,211.37899780273438,209.1300048828125,211.0800018310547,37439,0.0,0.0
2024-10-14 15:30:00-04:00,211.16000366210938,211.69000244140625,210.82000732421875,211.25999450683594,62879,0.0,0.0
2024-10-15 09:30:00-04:00,210.2100067138672,213.13999938964844,209.77000427246094,212.96499633789062,94106,0.0,0.0
2024-10-15 10:30:00-04:00,212.89999389648438,212.94000244140625,211.05999755859375,211.72000122070312,19034,0.0,0.0
2024-10-15 11:30:00-04:00,211.91000366210938,212.75999450683594,211.39999389648438,212.57000732421875,14957,0.0,0.0
2024-10-15 12:30:00-04:00,212.63999938964844,213.63999938964844,212.63999938964844,213.30999755859375,19879,0.0,0.0
2024-10-15 13:30:00-04:00,213.10000610351562,213.64999389648438,212.75,213.3800048828125,17753,0.0,0.0
2024-10-15 14:30:00-04:00,213.4499969482422,213.5,211.72000122070312,212.39999389648438,22495,0.0,0.0
2024-10-15 15:30:00-04:00,212.3000030517578,212.3000030517578,211.58999633789062,211.90499877929688,51638,0.0,0.0
2024-10-16 09:30:00-04:00,211.8000030517578,215.3300018310547,210.91000366210938,215.3300018310547,49557,0.0,0.0
2024-10-16 10:30:00-04:00,215.16000366210938,215.47000122070312,213.9199981689453,214.25,51312,0.0,0.0
2024-10-16 11:30:00-04:00,214.19000244140625,216.18499755859375,214.19000244140625,214.97000122070312,63587,0.0,0.0
2024-10-16 12:30:00-04:00,215.07000732421875,216.69000244140625,214.67999267578125,215.72999572753906,75858,0.0,0.0
2024-10-16 13:30:00-04:00,215.73500061035156,217.41000366210938,215.1199951171875,217.16000366210938,145664,0.0,0.0
2024-10-16 14:30:00-04:00,217.05499267578125,217.69000244140625,216.3300018310547,216.69000244140625,96691,0.0,0.0
2024-10-16 15:30:00-04:00,216.61500549316406,217.58999633789062,215.92999267578125,216.35000610351562,153576,0.0,0.0
2024-10-17 09:30:00-04:00,216.69000244140625,221.49000549316406,216.14500427246094,219.84500122070312,144834,0.0,0.0
2024-10-17 10:30:00-04:00,220.14999389648438,220.25999450683594,218.00999450683594,218.60000610351562,60614,0.0,0.0
2024-10-17 11:30:00-04:00,218.55999755859375,218.75999450683594,216.75999450683594,217.6750030517578,99783,0.0,0.0
2024-10-17 12:30:00-04:00,217.75,218.02000427246094,217.5,217.61500549316406,43318,0.0,0.0
2024-10-17 13:30:00-04:00,217.6199951171875,217.6750030517578,216.21499633789062,216.21499633789062,82077,0.0,0.0
2024-10-17 14:30:00-04:00,216.3000030517578,217.1999969482422,216.1199951171875,216.5399932861328,73635,0.0,0.0
2024-10-17 15:30:00-04:00,216.35000610351562,216.7899932861328,215.6300048828125,216.32000732421875,104151,0.0,0.0
2024-10-18 09:30:00-04:00,221.4499969482422,223.36000061035156,217.89999389648438,222.75,90284,0.0,0.0
2024-10-18 10:30:00-04:00,222.75,225.49000549316406,221.83999633789062,221.97999572753906,86878,0.0,0.0
2024-10-18 11:30:00-04:00,222.27000427246094,224.3300018310547,220.92999267578125,224.27499389648438,65506,0.0,0.0
2024-10-18 12:30:00-04:00,224.19000244140625,225.1999969482422,222.9600067138672,223.4499969482422,74155,0.0,0.0
2024-10-18 13:30:00-04:00,223.53250122070312,223.72000122070312,222.0,223.23500061035156,50249,0.0,0.0
2024-10-18 14:30:00-04:00,223.25999450683594,224.32000732421875,222.5850067138672,222.9600067138672,57555,0.0,0.0
2024-10-18 15:30:00-04:00,222.86000061035156,224.0,222.5800018310547,223.8800048828125,128693,0.0,0.0
