Datetime,Open,High,Low,Close,Volume,Dividends,Stock Splits,Capital Gains
2022-10-20 09:30:00-04:00,66.77999877929688,67.86000061035156,66.77999877929688,67.86000061035156,20200,0.0,0.0,0.0
2022-10-20 10:30:00-04:00,67.91999816894531,67.97000122070312,67.51499938964844,67.51499938964844,1800,0.0,0.0,0.0
2022-10-20 11:30:00-04:00,67.5199966430664,67.55000305175781,67.12000274658203,67.12000274658203,2220,0.0,0.0,0.0
2022-10-20 12:30:00-04:00,67.04000091552734,67.07499694824219,66.91500091552734,66.92440032958984,2785,0.0,0.0,0.0
2022-10-20 13:30:00-04:00,66.79000091552734,66.87999725341797,66.68000030517578,66.68000030517578,1354,0.0,0.0,0.0
2022-10-20 14:30:00-04:00,66.66100311279297,66.9032974243164,66.66100311279297,66.83499908447266,4757,0.0,0.0,0.0
2022-10-20 15:30:00-04:00,66.81289672851562,66.83000183105469,66.69999694824219,66.69999694824219,1609,0.0,0.0,0.0
2022-10-21 09:30:00-04:00,66.52999877929688,66.91000366210938,66.18000030517578,66.66000366210938,9935,0.0,0.0,0.0
2022-10-21 10:30:00-04:00,66.37999725341797,66.79000091552734,66.37999725341797,66.70999908447266,4596,0.0,0.0,0.0
2022-10-21 11:30:00-04:00,66.8499984741211,67.05290222167969,66.8499984741211,67.0199966430664,3308,0.0,0.0,0.0
2022-10-21 12:30:00-04:00,66.94999694824219,67.19999694824219,66.94000244140625,67.19999694824219,2185,0.0,0.0,0.0
2022-10-21 13:30:00-04:00,67.12999725341797,67.2300033569336,67.05000305175781,67.05000305175781,5069,0.0,0.0,0.0
2022-10-21 14:30:00-04:00,67.16500091552734,67.30999755859375,67.13999938964844,67.30999755859375,5958,0.0,0.0,0.0
2022-10-21 15:30:00-04:00,67.3729019165039,67.37999725341797,67.29000091552734,67.33000183105469,3807,0.0,0.0,0.0
2022-10-24 09:30:00-04:00,62.20000076293945,62.2599983215332,60.0099983215332,60.040000915527344,70574,0.0,0.0,0.0
2022-10-24 10:30:00-04:00,60.150001525878906,61.48500061035156,60.060001373291016,61.400001525878906,31058,0.0,0.0,0.0
2022-10-24 11:30:00-04:00,61.41999816894531,61.560001373291016,61.119998931884766,61.52000045776367,9036,0.0,0.0,0.0
2022-10-24 12:30:00-04:00,61.529998779296875,61.529998779296875,61.29499816894531,61.33000183105469,7616,0.0,0.0,0.0
2022-10-24 13:30:00-04:00,61.29499816894531,61.43000030517578,61.29499816894531,61.3849983215332,12960,0.0,0.0,0.0
2022-10-24 14:30:00-04:00,61.43000030517578,61.7400016784668,61.37699890136719,61.709999084472656,5858,0.0,0.0,0.0
2022-10-24 15:30:00-04:00,61.78499984741211,61.81100082397461,61.63999938964844,61.709999084472656,8128,0.0,0.0,0.0
2022-10-25 09:30:00-04:00,62.540000915527344,62.90999984741211,62.43000030517578,62.441001892089844,22624,0.0,0.0,0.0
2022-10-25 10:30:00-04:00,62.480098724365234,62.566001892089844,62.2140007019043,62.49599838256836,23415,0.0,0.0,0.0
2022-10-25 11:30:00-04:00,62.61370086669922,62.61370086669922,62.35200119018555,62.469600677490234,15923,0.0,0.0,0.0
2022-10-25 12:30:00-04:00,62.4900016784668,62.53300094604492,62.380001068115234,62.380001068115234,2733,0.0,0.0,0.0
2022-10-25 13:30:00-04:00,62.5,62.541900634765625,62.4900016784668,62.49700164794922,2208,0.0,0.0,0.0
2022-10-25 14:30:00-04:00,62.5,62.630001068115234,62.48550033569336,62.630001068115234,11925,0.0,0.0,0.0
2022-10-25 15:30:00-04:00,62.54999923706055,62.63970184326172,62.5,62.540000915527344,1814,0.0,0.0,0.0
2022-10-26 09:30:00-04:00,63.25,64.94999694824219,63.25,64.94999694824219,0,0.0,0.0,0.0
2022-10-26 10:30:00-04:00,64.91999816894531,65.26499938964844,64.88009643554688,65.26499938964844,9456,0.0,0.0,0.0
2022-10-26 11:30:00-04:00,65.24500274658203,65.5999984741211,65.19000244140625,65.5999984741211,5191,0.0,0.0,0.0
2022-10-26 12:30:00-04:00,65.68499755859375,65.71160125732422,65.10479736328125,65.20999908447266,4848,0.0,0.0,0.0
2022-10-26 13:30:00-04:00,65.16999816894531,65.44850158691406,65.08000183105469,65.41500091552734,6507,0.0,0.0,0.0
2022-10-26 14:30:00-04:00,65.25,65.30500030517578,64.95999908447266,65.0999984741211,6150,0.0,0.0,0.0
2022-10-26 15:30:00-04:00,65.15499877929688,65.21510314941406,65.04000091552734,65.05999755859375,7648,0.0,0.0,0.0
2022-10-27 09:30:00-04:00,63.540000915527344,64.0,63.5,63.95000076293945,10845,0.0,0.0,0.0
2022-10-27 10:30:00-04:00,64.19000244140625,64.37000274658203,64.0457992553711,64.16899871826172,3983,0.0,0.0,0.0
2022-10-27 11:30:00-04:00,64.12000274658203,64.12000274658203,63.84590148925781,63.8849983215332,2526,0.0,0.0,0.0
2022-10-27 12:30:00-04:00,63.82400131225586,64.07990264892578,63.81999969482422,64.07990264892578,2827,0.0,0.0,0.0
2022-10-27 13:30:00-04:00,64.04000091552734,64.04000091552734,63.91379928588867,63.91999816894531,1013,0.0,0.0,0.0
2022-10-27 14:30:00-04:00,63.900001525878906,63.900001525878906,63.59000015258789,63.6349983215332,13192,0.0,0.0,0.0
2022-10-27 15:30:00-04:00,63.541099548339844,63.630001068115234,63.45000076293945,63.5,1996,0.0,0.0,0.0
2022-10-28 09:30:00-04:00,61.20000076293945,61.58000183105469,60.95000076293945,61.209999084472656,15198,0.0,0.0,0.0
2022-10-28 10:30:00-04:00,60.9900016784668,61.2599983215332,60.95000076293945,61.150001525878906,2610,0.0,0.0,0.0
2022-10-28 11:30:00-04:00,61.130001068115234,61.22999954223633,61.040000915527344,61.15370178222656,8017,0.0,0.0,0.0
2022-10-28 12:30:00-04:00,61.236900329589844,61.45000076293945,61.236900329589844,61.349998474121094,3556,0.0,0.0,0.0
2022-10-28 13:30:00-04:00,61.39339828491211,61.40999984741211,61.310001373291016,61.33000183105469,3177,0.0,0.0,0.0
2022-10-28 14:30:00-04:00,61.41999816894531,61.560001373291016,61.400001525878906,61.560001373291016,7414,0.0,0.0,0.0
2022-10-28 15:30:00-04:00,61.58000183105469,61.64390182495117,61.560001373291016,61.59000015258789,2860,0.0,0.0,0.0
2022-10-31 09:30:00-04:00,60.290000915527344,60.75559997558594,60.290000915527344,60.58000183105469,21183,0.0,0.0,0.0
2022-10-31 10:30:00-04:00,60.502498626708984,60.869998931884766,60.497501373291016,60.869998931884766,21590,0.0,0.0,0.0
2022-10-31 11:30:00-04:00,60.87630081176758,61.0,60.834999084472656,60.86399841308594,2864,0.0,0.0,0.0
2022-10-31 12:30:00-04:00,60.70000076293945,60.7599983215332,60.65999984741211,60.7599983215332,889,0.0,0.0,0.0
2022-10-31 13:30:00-04:00,60.80540084838867,60.84880065917969,60.77000045776367,60.77000045776367,5702,0.0,0.0,0.0
2022-10-31 14:30:00-04:00,60.790000915527344,60.81999969482422,60.5,60.56999969482422,4930,0.0,0.0,0.0
2022-10-31 15:30:00-04:00,60.67499923706055,60.696800231933594,60.45000076293945,60.61000061035156,9688,0.0,0.0,0.0
2022-11-01 09:30:00-04:00,63.88999938964844,64.04000091552734,63.0,63.47999954223633,21911,0.0,0.0,0.0
2022-11-01 10:30:00-04:00,63.29999923706055,63.36000061035156,63.05659866333008,63.36000061035156,4217,0.0,0.0,0.0
2022-11-01 11:30:00-04:00,63.43000030517578,63.439998626708984,63.04999923706055,63.25,18728,0.0,0.0,0.0
2022-11-01 12:30:00-04:00,63.2599983215332,63.349998474121094,63.099998474121094,63.290000915527344,6980,0.0,0.0,0.0
2022-11-01 13:30:00-04:00,63.290000915527344,63.369998931884766,63.19499969482422,63.33000183105469,6100,0.0,0.0,0.0
2022-11-01 14:30:00-04:00,63.28499984741211,63.310001373291016,62.9900016784668,62.9900016784668,12355,0.0,0.0,0.0
2022-11-01 15:30:00-04:00,63.0099983215332,63.0099983215332,62.88999938964844,62.91999816894531,4571,0.0,0.0,0.0
2022-11-02 09:30:00-04:00,63.849998474121094,64.17040252685547,63.5099983215332,63.6349983215332,12583,0.0,0.0,0.0
2022-11-02 10:30:00-04:00,63.645198822021484,63.689998626708984,63.40999984741211,63.474998474121094,4409,0.0,0.0,0.0
2022-11-02 11:30:00-04:00,63.63999938964844,63.86000061035156,63.63999938964844,63.810001373291016,5007,0.0,0.0,0.0
2022-11-02 12:30:00-04:00,63.7495002746582,63.89870071411133,63.7495002746582,63.89870071411133,775,0.0,0.0,0.0
2022-11-02 13:30:00-04:00,63.849998474121094,64.37999725341797,63.81999969482422,64.37999725341797,5353,0.0,0.0,0.0
2022-11-02 14:30:00-04:00,64.38999938964844,64.47000122070312,63.369998931884766,63.5099983215332,5426,0.0,0.0,0.0
2022-11-02 15:30:00-04:00,63.47999954223633,63.52000045776367,63.38999938964844,63.38999938964844,1261,0.0,0.0,0.0
2022-11-03 09:30:00-04:00,62.77000045776367,63.400001525878906,62.58000183105469,63.400001525878906,11160,0.0,0.0,0.0
2022-11-03 10:30:00-04:00,63.650001525878906,64.48970031738281,63.619998931884766,64.0199966430664,228164,0.0,0.0,0.0
2022-11-03 11:30:00-04:00,64.00409698486328,64.3499984741211,63.939998626708984,64.08000183105469,12048,0.0,0.0,0.0
2022-11-03 12:30:00-04:00,64.04000091552734,64.22000122070312,63.95000076293945,64.08999633789062,12265,0.0,0.0,0.0
2022-11-03 13:30:00-04:00,64.08999633789062,64.21990203857422,64.08000183105469,64.17140197753906,8089,0.0,0.0,0.0
2022-11-03 14:30:00-04:00,64.24829864501953,64.29000091552734,64.19000244140625,64.2300033569336,5537,0.0,0.0,0.0
2022-11-03 15:30:00-04:00,64.2699966430664,64.2699966430664,64.09500122070312,64.11000061035156,13695,0.0,0.0,0.0
2022-11-04 09:30:00-04:00,68.27999877929688,68.33000183105469,67.0,68.0,45456,0.0,0.0,0.0
2022-11-04 10:30:00-04:00,67.94200134277344,68.02999877929688,67.80000305175781,67.87999725341797,23924,0.0,0.0,0.0
2022-11-04 11:30:00-04:00,67.93990325927734,67.93990325927734,67.41999816894531,67.7300033569336,55837,0.0,0.0,0.0
2022-11-04 12:30:00-04:00,67.83999633789062,67.98999786376953,67.76000213623047,67.98999786376953,2340,0.0,0.0,0.0
2022-11-04 13:30:00-04:00,67.79000091552734,67.88999938964844,67.7300033569336,67.88999938964844,1929,0.0,0.0,0.0
2022-11-04 14:30:00-04:00,67.98500061035156,68.25,67.9000015258789,68.1500015258789,753163,0.0,0.0,0.0
2022-11-04 15:30:00-04:00,68.13999938964844,68.5199966430664,68.1104965209961,68.5199966430664,518990,0.0,0.0,0.0
2022-11-07 09:30:00-05:00,69.1500015258789,69.1500015258789,68.33000183105469,68.43000030517578,44750,0.0,0.0,0.0
2022-11-07 10:30:00-05:00,68.58000183105469,68.63030242919922,68.38999938964844,68.52999877929688,15206,0.0,0.0,0.0
2022-11-07 11:30:00-05:00,68.49500274658203,68.49500274658203,68.12000274658203,68.38999938964844,49814,0.0,0.0,0.0
2022-11-07 12:30:00-05:00,68.37000274658203,68.45999908447266,68.30000305175781,68.36000061035156,20285,0.0,0.0,0.0
2022-11-07 13:30:00-05:00,68.44000244140625,68.55999755859375,68.33000183105469,68.44000244140625,19092,0.0,0.0,0.0
2022-11-07 14:30:00-05:00,68.47000122070312,68.55999755859375,68.4000015258789,68.46309661865234,15566,0.0,0.0,0.0
2022-11-07 15:30:00-05:00,68.50640106201172,68.50640106201172,68.37999725341797,68.37999725341797,2223,0.0,0.0,0.0
2022-11-08 09:30:00-05:00,67.9000015258789,67.9000015258789,67.19000244140625,67.66999816894531,12768,0.0,0.0,0.0
2022-11-08 10:30:00-05:00,67.69000244140625,68.08999633789062,67.62999725341797,68.05999755859375,8973,0.0,0.0,0.0
2022-11-08 11:30:00-05:00,68.16000366210938,68.39450073242188,68.16000366210938,68.30999755859375,4389,0.0,0.0,0.0
2022-11-08 12:30:00-05:00,68.41400146484375,68.4999008178711,68.04000091552734,68.06999969482422,20105,0.0,0.0,0.0
2022-11-08 13:30:00-05:00,68.04000091552734,68.23999786376953,67.63999938964844,67.63999938964844,27467,0.0,0.0,0.0
2022-11-08 14:30:00-05:00,67.62000274658203,68.20500183105469,67.58999633789062,68.20500183105469,14801,0.0,0.0,0.0
2022-11-08 15:30:00-05:00,68.16000366210938,68.25,68.12000274658203,68.12000274658203,9202,0.0,0.0,0.0
2022-11-09 09:30:00-05:00,66.66000366210938,66.83000183105469,66.48999786376953,66.7699966430664,8428,0.0,0.0,0.0
2022-11-09 10:30:00-05:00,66.4800033569336,66.54000091552734,66.20999908447266,66.36000061035156,39349,0.0,0.0,0.0
2022-11-09 11:30:00-05:00,66.3499984741211,66.38999938964844,66.06999969482422,66.11000061035156,46418,0.0,0.0,0.0
2022-11-09 12:30:00-05:00,66.08000183105469,66.18000030517578,66.03500366210938,66.03500366210938,5441,0.0,0.0,0.0
2022-11-09 13:30:00-05:00,65.87999725341797,65.93319702148438,65.83999633789062,65.86000061035156,2078,0.0,0.0,0.0
2022-11-09 14:30:00-05:00,65.87999725341797,65.87999725341797,65.72000122070312,65.8552017211914,8234,0.0,0.0,0.0
2022-11-09 15:30:00-05:00,65.80500030517578,65.8499984741211,65.70999908447266,65.7699966430664,4077,0.0,0.0,0.0
2022-11-10 09:30:00-05:00,68.33999633789062,69.20999908447266,68.30999755859375,69.00659942626953,50345,0.0,0.0,0.0
2022-11-10 10:30:00-05:00,68.83000183105469,69.22000122070312,68.77749633789062,69.0,201831,0.0,0.0,0.0
2022-11-10 11:30:00-05:00,69.02999877929688,69.12999725341797,68.98999786376953,69.05010223388672,54701,0.0,0.0,0.0
2022-11-10 12:30:00-05:00,68.93000030517578,69.0199966430664,68.73999786376953,69.0199966430664,2207,0.0,0.0,0.0
2022-11-10 13:30:00-05:00,68.9000015258789,69.04000091552734,68.9000015258789,69.02999877929688,2997,0.0,0.0,0.0
2022-11-10 14:30:00-05:00,69.0250015258789,69.0999984741211,68.88999938964844,69.08000183105469,51287,0.0,0.0,0.0
2022-11-10 15:30:00-05:00,69.08999633789062,69.19999694824219,69.07499694824219,69.12000274658203,5759,0.0,0.0,0.0
2022-11-11 09:30:00-05:00,71.62999725341797,71.87999725341797,71.05000305175781,71.83470153808594,34295,0.0,0.0,0.0
2022-11-11 10:30:00-05:00,71.94999694824219,72.0,71.72000122070312,71.72000122070312,20389,0.0,0.0,0.0
2022-11-11 11:30:00-05:00,71.69999694824219,71.69999694824219,71.4800033569336,71.69000244140625,36023,0.0,0.0,0.0
2022-11-11 12:30:00-05:00,71.77999877929688,71.80999755859375,71.66500091552734,71.77999877929688,33783,0.0,0.0,0.0
2022-11-11 13:30:00-05:00,71.77999877929688,71.77999877929688,70.94499969482422,71.11499786376953,293874,0.0,0.0,0.0
2022-11-11 14:30:00-05:00,71.12999725341797,71.16000366210938,70.77999877929688,71.05000305175781,831054,0.0,0.0,0.0
2022-11-11 15:30:00-05:00,71.05000305175781,71.61000061035156,71.05000305175781,71.61000061035156,215539,0.0,0.0,0.0
2022-11-14 09:30:00-05:00,72.3499984741211,72.55000305175781,71.77999877929688,72.33000183105469,233340,0.0,0.0,0.0
2022-11-14 10:30:00-05:00,72.30000305175781,72.37999725341797,72.05999755859375,72.37999725341797,53212,0.0,0.0,0.0
2022-11-14 11:30:00-05:00,72.44999694824219,72.63999938964844,72.12000274658203,72.25,11008,0.0,0.0,0.0
2022-11-14 12:30:00-05:00,72.29000091552734,72.51000213623047,72.22000122070312,72.51000213623047,7564,0.0,0.0,0.0
2022-11-14 13:30:00-05:00,72.4800033569336,72.62000274658203,72.45999908447266,72.52999877929688,25701,0.0,0.0,0.0
2022-11-14 14:30:00-05:00,72.58000183105469,72.5999984741211,72.30999755859375,72.45999908447266,25451,0.0,0.0,0.0
2022-11-14 15:30:00-05:00,72.41000366210938,72.41999816894531,72.05000305175781,72.08999633789062,40061,0.0,0.0,0.0
2022-11-15 09:30:00-05:00,75.41000366210938,75.66999816894531,75.0199966430664,75.38500213623047,45813,0.0,0.0,0.0
2022-11-15 10:30:00-05:00,75.43620300292969,75.80000305175781,75.28849792480469,75.76000213623047,103395,0.0,0.0,0.0
2022-11-15 11:30:00-05:00,75.86000061035156,75.9000015258789,75.62999725341797,75.81999969482422,23401,0.0,0.0,0.0
2022-11-15 12:30:00-05:00,75.8656997680664,75.91500091552734,75.30000305175781,75.30000305175781,50630,0.0,0.0,0.0
2022-11-15 13:30:00-05:00,75.29000091552734,75.41799926757812,74.89459991455078,75.37999725341797,73250,0.0,0.0,0.0
2022-11-15 14:30:00-05:00,75.37999725341797,75.7699966430664,75.37999725341797,75.55000305175781,47014,0.0,0.0,0.0
2022-11-15 15:30:00-05:00,75.56999969482422,75.62999725341797,75.4000015258789,75.4000015258789,64376,0.0,0.0,0.0
2022-11-16 09:30:00-05:00,74.77999877929688,74.77999877929688,74.0999984741211,74.0999984741211,24486,0.0,0.0,0.0
2022-11-16 10:30:00-05:00,74.27120208740234,74.27120208740234,74.0,74.0999984741211,10216,0.0,0.0,0.0
2022-11-16 11:30:00-05:00,74.05000305175781,74.19000244140625,73.81999969482422,73.91999816894531,109923,0.0,0.0,0.0
2022-11-16 12:30:00-05:00,74.05000305175781,74.37000274658203,74.05000305175781,74.37000274658203,111780,0.0,0.0,0.0
2022-11-16 13:30:00-05:00,74.22000122070312,74.37999725341797,74.12000274658203,74.2300033569336,305760,0.0,0.0,0.0
2022-11-16 14:30:00-05:00,74.22000122070312,74.3499984741211,74.1500015258789,74.30000305175781,422833,0.0,0.0,0.0
2022-11-16 15:30:00-05:00,74.30999755859375,74.47000122070312,74.19000244140625,74.19000244140625,223072,0.0,0.0,0.0
2022-11-17 09:30:00-05:00,72.77999877929688,74.58000183105469,72.77999877929688,74.54000091552734,19868,0.0,0.0,0.0
2022-11-17 10:30:00-05:00,74.7300033569336,75.06999969482422,74.7300033569336,74.80999755859375,17033,0.0,0.0,0.0
2022-11-17 11:30:00-05:00,74.87999725341797,75.20800018310547,74.80000305175781,75.12999725341797,3802,0.0,0.0,0.0
2022-11-17 12:30:00-05:00,75.05999755859375,75.43000030517578,75.0199966430664,75.43000030517578,78337,0.0,0.0,0.0
2022-11-17 13:30:00-05:00,75.45989990234375,75.52989959716797,75.08000183105469,75.12000274658203,16042,0.0,0.0,0.0
2022-11-17 14:30:00-05:00,75.1500015258789,75.36000061035156,75.08999633789062,75.19280242919922,10058,0.0,0.0,0.0
2022-11-17 15:30:00-05:00,75.12999725341797,75.52999877929688,75.12999725341797,75.5199966430664,7400,0.0,0.0,0.0
2022-11-18 09:30:00-05:00,74.19000244140625,74.19000244140625,73.63999938964844,74.01499938964844,36101,0.0,0.0,0.0
2022-11-18 10:30:00-05:00,74.06500244140625,74.08499908447266,73.83000183105469,73.8499984741211,109935,0.0,0.0,0.0
2022-11-18 11:30:00-05:00,73.91000366210938,73.93000030517578,73.44999694824219,73.54000091552734,2378,0.0,0.0,0.0
2022-11-18 12:30:00-05:00,73.5999984741211,73.77999877929688,73.5999984741211,73.70500183105469,2906,0.0,0.0,0.0
2022-11-18 13:30:00-05:00,73.67829895019531,73.67829895019531,73.62999725341797,73.62999725341797,439,0.0,0.0,0.0
2022-11-18 14:30:00-05:00,73.55000305175781,73.77999877929688,73.55000305175781,73.77999877929688,9134,0.0,0.0,0.0
2022-11-18 15:30:00-05:00,73.81999969482422,73.83999633789062,73.73999786376953,73.80999755859375,4325,0.0,0.0,0.0
2022-11-21 09:30:00-05:00,72.58000183105469,73.02999877929688,72.30999755859375,72.65409851074219,0,0.0,0.0,0.0
2022-11-21 10:30:00-05:00,72.7699966430664,72.86000061035156,72.30999755859375,72.52999877929688,14509,0.0,0.0,0.0
2022-11-21 11:30:00-05:00,72.48999786376953,72.52999877929688,72.37000274658203,72.44000244140625,28718,0.0,0.0,0.0
2022-11-21 12:30:00-05:00,72.44999694824219,72.51499938964844,72.41999816894531,72.51499938964844,24735,0.0,0.0,0.0
2022-11-21 13:30:00-05:00,72.4800033569336,72.4800033569336,72.30000305175781,72.36000061035156,13466,0.0,0.0,0.0
2022-11-21 14:30:00-05:00,72.37999725341797,72.45999908447266,72.37000274658203,72.39009857177734,15345,0.0,0.0,0.0
2022-11-21 15:30:00-05:00,72.48999786376953,72.62000274658203,72.48999786376953,72.57499694824219,5233,0.0,0.0,0.0
2022-11-22 09:30:00-05:00,71.48999786376953,71.81749725341797,71.36000061035156,71.81749725341797,16318,0.0,0.0,0.0
2022-11-22 10:30:00-05:00,71.98999786376953,71.98999786376953,71.7699966430664,71.83000183105469,3892,0.0,0.0,0.0
2022-11-22 11:30:00-05:00,71.76000213623047,71.91000366210938,71.76000213623047,71.76010131835938,108359,0.0,0.0,0.0
2022-11-22 12:30:00-05:00,71.77999877929688,71.90650177001953,71.77999877929688,71.90650177001953,12758,0.0,0.0,0.0
2022-11-22 13:30:00-05:00,71.95999908447266,71.95999908447266,71.66000366210938,71.70010375976562,12480,0.0,0.0,0.0
2022-11-22 14:30:00-05:00,71.80000305175781,71.88999938964844,71.73999786376953,71.87999725341797,17407,0.0,0.0,0.0
2022-11-22 15:30:00-05:00,71.84210205078125,71.97000122070312,71.77999877929688,71.95999908447266,3240,0.0,0.0,0.0
2022-11-23 09:30:00-05:00,72.29000091552734,72.69000244140625,72.27999877929688,72.4800033569336,9173,0.0,0.0,0.0
2022-11-23 10:30:00-05:00,72.3301010131836,72.58999633789062,72.3301010131836,72.37000274658203,3596,0.0,0.0,0.0
2022-11-23 11:30:00-05:00,72.38999938964844,72.38999938964844,72.25,72.27999877929688,5254,0.0,0.0,0.0
2022-11-23 12:30:00-05:00,72.30999755859375,72.37000274658203,72.13999938964844,72.37000274658203,1923,0.0,0.0,0.0
2022-11-23 13:30:00-05:00,72.37000274658203,72.71499633789062,72.2699966430664,72.71499633789062,5282,0.0,0.0,0.0
2022-11-23 14:30:00-05:00,72.62999725341797,72.7699966430664,72.58999633789062,72.7698974609375,16083,0.0,0.0,0.0
2022-11-23 15:30:00-05:00,72.7300033569336,72.73999786376953,72.55999755859375,72.58000183105469,9293,0.0,0.0,0.0
2022-11-25 09:30:00-05:00,71.4800033569336,71.7300033569336,71.4800033569336,71.55180358886719,14498,0.0,0.0,0.0
2022-11-25 10:30:00-05:00,71.51000213623047,71.55000305175781,71.4000015258789,71.44010162353516,8457,0.0,0.0,0.0
2022-11-25 11:30:00-05:00,71.35929870605469,71.55000305175781,71.35929870605469,71.4800033569336,3304,0.0,0.0,0.0
2022-11-28 09:30:00-05:00,71.4000015258789,72.75,71.4000015258789,72.4800033569336,46131,0.0,0.0,0.0
2022-11-28 10:30:00-05:00,72.51000213623047,72.56809997558594,72.31999969482422,72.37999725341797,18529,0.0,0.0,0.0
2022-11-28 11:30:00-05:00,72.2300033569336,72.26000213623047,72.08999633789062,72.12999725341797,4810,0.0,0.0,0.0
2022-11-28 12:30:00-05:00,72.2698974609375,72.31999969482422,72.04000091552734,72.05000305175781,7855,0.0,0.0,0.0
2022-11-28 13:30:00-05:00,72.05999755859375,72.1001968383789,71.8499984741211,71.91419982910156,28722,0.0,0.0,0.0
2022-11-28 14:30:00-05:00,71.8499984741211,72.0199966430664,71.8499984741211,71.9749984741211,22154,0.0,0.0,0.0
2022-11-28 15:30:00-05:00,71.94000244140625,71.9800033569336,71.88999938964844,71.90499877929688,8872,0.0,0.0,0.0
2022-11-29 09:30:00-05:00,74.7699966430664,75.19999694824219,74.51000213623047,75.17009735107422,31190,0.0,0.0,0.0
2022-11-29 10:30:00-05:00,75.13999938964844,75.33999633789062,74.91999816894531,74.91999816894531,5339,0.0,0.0,0.0
2022-11-29 11:30:00-05:00,74.91999816894531,75.0,74.8499984741211,74.91999816894531,10996,0.0,0.0,0.0
2022-11-29 12:30:00-05:00,74.91999816894531,75.0,74.7249984741211,74.76000213623047,7689,0.0,0.0,0.0
2022-11-29 13:30:00-05:00,74.7300033569336,74.94000244140625,74.69000244140625,74.80999755859375,45868,0.0,0.0,0.0
2022-11-29 14:30:00-05:00,74.80000305175781,74.83999633789062,74.72000122070312,74.76000213623047,18182,0.0,0.0,0.0
2022-11-29 15:30:00-05:00,74.75,74.80999755859375,74.63999938964844,74.7300033569336,8579,0.0,0.0,0.0
2022-11-30 09:30:00-05:00,77.08999633789062,78.02999877929688,77.08999633789062,77.91999816894531,17858,0.0,0.0,0.0
2022-11-30 10:30:00-05:00,77.9000015258789,77.9000015258789,77.44000244140625,77.44000244140625,4482,0.0,0.0,0.0
2022-11-30 11:30:00-05:00,77.63999938964844,77.7300033569336,77.44999694824219,77.44999694824219,1347,0.0,0.0,0.0
2022-11-30 12:30:00-05:00,77.41000366210938,77.7125015258789,77.34989929199219,77.7125015258789,2819,0.0,0.0,0.0
2022-11-30 13:30:00-05:00,77.68000030517578,78.4800033569336,77.66999816894531,78.30000305175781,3022,0.0,0.0,0.0
2022-11-30 14:30:00-05:00,78.29000091552734,78.44999694824219,78.23999786376953,78.4000015258789,4462,0.0,0.0,0.0
2022-11-30 15:30:00-05:00,78.38500213623047,78.38500213623047,78.04000091552734,78.04000091552734,63555,0.0,0.0,0.0
2022-12-01 09:30:00-05:00,77.52999877929688,78.12000274658203,77.2300033569336,77.87000274658203,0,0.0,0.0,0.0
2022-12-01 10:30:00-05:00,77.7699966430664,77.91999816894531,77.48999786376953,77.61000061035156,328502,0.0,0.0,0.0
2022-12-01 11:30:00-05:00,77.6500015258789,77.86000061035156,77.44999694824219,77.77999877929688,242561,0.0,0.0,0.0
2022-12-01 12:30:00-05:00,77.77999877929688,77.87999725341797,77.63999938964844,77.69999694824219,268449,0.0,0.0,0.0
2022-12-01 13:30:00-05:00,77.66999816894531,77.86000061035156,77.59500122070312,77.693603515625,216254,0.0,0.0,0.0
2022-12-01 14:30:00-05:00,77.72000122070312,77.83000183105469,77.60250091552734,77.75,224680,0.0,0.0,0.0
2022-12-01 15:30:00-05:00,77.7300033569336,77.83000183105469,77.58999633789062,77.58999633789062,104560,0.0,0.0,0.0
2022-12-02 09:30:00-05:00,77.0,78.91500091552734,76.74040222167969,78.81999969482422,33971,0.0,0.0,0.0
2022-12-02 10:30:00-05:00,78.83999633789062,79.19000244140625,78.80999755859375,79.19000244140625,9878,0.0,0.0,0.0
2022-12-02 11:30:00-05:00,79.37999725341797,79.7300033569336,79.37000274658203,79.58999633789062,12317,0.0,0.0,0.0
2022-12-02 12:30:00-05:00,79.61000061035156,79.61000061035156,79.24549865722656,79.36000061035156,5118,0.0,0.0,0.0
2022-12-02 13:30:00-05:00,79.375,79.5198974609375,79.3479995727539,79.51830291748047,3654,0.0,0.0,0.0
2022-12-02 14:30:00-05:00,79.45999908447266,79.66999816894531,79.44000244140625,79.66999816894531,7067,0.0,0.0,0.0
2022-12-02 15:30:00-05:00,79.61000061035156,79.61000061035156,79.43499755859375,79.52999877929688,19866,0.0,0.0,0.0
2022-12-05 09:30:00-05:00,80.70999908447266,80.80000305175781,79.32499694824219,79.32499694824219,32085,0.0,0.0,0.0
2022-12-05 10:30:00-05:00,79.33000183105469,79.81999969482422,79.33000183105469,79.54000091552734,11166,0.0,0.0,0.0
2022-12-05 11:30:00-05:00,79.40409851074219,79.55999755859375,79.37999725341797,79.51499938964844,266393,0.0,0.0,0.0
2022-12-05 12:30:00-05:00,79.51499938964844,79.62000274658203,79.44000244140625,79.5199966430664,184766,0.0,0.0,0.0
2022-12-05 13:30:00-05:00,79.61000061035156,79.61000061035156,79.2300033569336,79.3499984741211,36901,0.0,0.0,0.0
2022-12-05 14:30:00-05:00,79.2301025390625,79.33999633789062,79.18000030517578,79.26000213623047,16481,0.0,0.0,0.0
2022-12-05 15:30:00-05:00,79.3499984741211,79.41000366210938,79.2699966430664,79.31999969482422,10259,0.0,0.0,0.0
2022-12-06 09:30:00-05:00,80.43000030517578,80.5999984741211,79.7699966430664,80.22000122070312,85333,0.0,0.0,0.0
2022-12-06 10:30:00-05:00,80.16000366210938,80.69999694824219,79.8499984741211,80.69000244140625,21761,0.0,0.0,0.0
2022-12-06 11:30:00-05:00,80.7300033569336,80.7300033569336,80.38999938964844,80.49649810791016,26458,0.0,0.0,0.0
2022-12-06 12:30:00-05:00,80.43000030517578,80.53500366210938,80.30000305175781,80.37000274658203,8773,0.0,0.0,0.0
2022-12-06 13:30:00-05:00,80.33000183105469,80.47000122070312,80.27999877929688,80.33499908447266,10697,0.0,0.0,0.0
2022-12-06 14:30:00-05:00,80.33499908447266,80.43000030517578,80.19999694824219,80.19999694824219,18508,0.0,0.0,0.0
2022-12-06 15:30:00-05:00,80.2249984741211,80.43000030517578,80.18099975585938,80.33000183105469,19652,0.0,0.0,0.0
2022-12-07 09:30:00-05:00,78.58000183105469,79.18299865722656,78.41000366210938,78.86000061035156,40633,0.0,0.0,0.0
2022-12-07 10:30:00-05:00,79.05000305175781,79.37000274658203,78.83999633789062,78.86000061035156,46593,0.0,0.0,0.0
2022-12-07 11:30:00-05:00,78.88999938964844,79.29000091552734,78.88999938964844,79.22000122070312,1243,0.0,0.0,0.0
2022-12-07 12:30:00-05:00,79.19000244140625,79.4000015258789,79.18000030517578,79.29000091552734,4315,0.0,0.0,0.0
2022-12-07 13:30:00-05:00,79.19000244140625,79.27999877929688,79.13680267333984,79.16999816894531,55254,0.0,0.0,0.0
2022-12-07 14:30:00-05:00,79.1500015258789,79.23999786376953,79.10389709472656,79.16999816894531,10764,0.0,0.0,0.0
2022-12-07 15:30:00-05:00,79.28500366210938,79.30999755859375,79.06999969482422,79.06999969482422,39227,0.0,0.0,0.0
2022-12-08 09:30:00-05:00,81.0199966430664,81.61699676513672,80.72000122070312,81.36000061035156,49549,0.0,0.0,0.0
2022-12-08 10:30:00-05:00,81.3499984741211,81.3499984741211,80.94000244140625,80.94000244140625,9603,0.0,0.0,0.0
2022-12-08 11:30:00-05:00,81.08439636230469,81.19999694824219,80.9000015258789,81.13999938964844,5077,0.0,0.0,0.0
2022-12-08 12:30:00-05:00,81.2300033569336,81.37999725341797,81.05999755859375,81.25,3521,0.0,0.0,0.0
2022-12-08 13:30:00-05:00,81.44000244140625,81.44000244140625,81.19000244140625,81.4000015258789,9231,0.0,0.0,0.0
2022-12-08 14:30:00-05:00,81.38999938964844,81.41999816894531,81.13500213623047,81.20439910888672,8317,0.0,0.0,0.0
2022-12-08 15:30:00-05:00,81.27999877929688,81.38999938964844,81.12000274658203,81.38999938964844,81923,0.0,0.0,0.0
2022-12-09 09:30:00-05:00,81.88999938964844,81.92859649658203,81.68000030517578,81.69000244140625,12090,0.0,0.0,0.0
2022-12-09 10:30:00-05:00,81.63490295410156,81.7499008178711,81.55999755859375,81.72000122070312,59265,0.0,0.0,0.0
2022-12-09 11:30:00-05:00,81.80999755859375,81.80999755859375,81.64009857177734,81.64009857177734,1041,0.0,0.0,0.0
2022-12-09 12:30:00-05:00,81.5,81.53500366210938,81.04000091552734,81.06999969482422,6923,0.0,0.0,0.0
2022-12-09 13:30:00-05:00,81.23999786376953,81.31919860839844,81.16999816894531,81.26000213623047,3284,0.0,0.0,0.0
2022-12-09 14:30:00-05:00,81.33550262451172,81.33550262451172,80.86000061035156,80.86000061035156,7947,0.0,0.0,0.0
2022-12-09 15:30:00-05:00,80.88999938964844,80.94999694824219,80.81069946289062,80.87999725341797,3655,0.0,0.0,0.0
2022-12-12 09:30:00-05:00,80.30000305175781,80.31999969482422,79.79000091552734,79.83999633789062,14793,0.0,0.0,0.0
2022-12-12 10:30:00-05:00,79.48999786376953,79.58000183105469,79.3499984741211,79.56999969482422,15790,0.0,0.0,0.0
2022-12-12 11:30:00-05:00,79.54000091552734,79.79000091552734,79.54000091552734,79.72630310058594,5439,0.0,0.0,0.0
2022-12-12 12:30:00-05:00,79.80999755859375,79.88999938964844,79.63999938964844,79.69999694824219,3147,0.0,0.0,0.0
2022-12-12 13:30:00-05:00,79.69999694824219,79.87640380859375,79.58999633789062,79.83999633789062,6023,0.0,0.0,0.0
2022-12-12 14:30:00-05:00,79.83999633789062,80.04499816894531,79.76000213623047,80.02999877929688,18367,0.0,0.0,0.0
2022-12-12 15:30:00-05:00,80.0250015258789,80.16999816894531,79.94000244140625,80.12000274658203,15626,0.0,0.0,0.0
2022-12-13 09:30:00-05:00,82.44999694824219,82.54000091552734,81.66999816894531,81.95999908447266,29117,0.0,0.0,0.0
2022-12-13 10:30:00-05:00,81.54499816894531,81.76000213623047,81.54499816894531,81.54499816894531,1989,0.0,0.0,0.0
2022-12-13 11:30:00-05:00,81.48999786376953,81.54000091552734,80.63999938964844,80.63999938964844,2573,0.0,0.0,0.0
2022-12-13 12:30:00-05:00,80.62999725341797,80.94999694824219,80.62999725341797,80.80999755859375,47496,0.0,0.0,0.0
2022-12-13 13:30:00-05:00,80.80999755859375,80.87999725341797,80.2699966430664,80.57499694824219,59401,0.0,0.0,0.0
2022-12-13 14:30:00-05:00,80.55999755859375,80.78900146484375,80.5,80.72000122070312,12019,0.0,0.0,0.0
2022-12-13 15:30:00-05:00,80.76000213623047,80.80000305175781,80.5999984741211,80.77999877929688,9106,0.0,0.0,0.0
2022-12-14 09:30:00-05:00,80.95999908447266,81.06999969482422,80.55010223388672,81.06999969482422,12552,0.0,0.0,0.0
2022-12-14 10:30:00-05:00,81.05000305175781,81.33499908447266,80.98999786376953,81.33499908447266,5003,0.0,0.0,0.0
2022-12-14 11:30:00-05:00,81.22840118408203,81.22840118408203,81.19000244140625,81.19000244140625,3268,0.0,0.0,0.0
2022-12-14 12:30:00-05:00,81.1500015258789,81.18499755859375,81.0999984741211,81.11100006103516,2859,0.0,0.0,0.0
2022-12-14 13:30:00-05:00,81.20999908447266,81.30500030517578,80.98999786376953,81.04000091552734,2304,0.0,0.0,0.0
2022-12-14 14:30:00-05:00,80.9800033569336,81.19000244140625,80.62000274658203,81.16000366210938,6693,0.0,0.0,0.0
2022-12-14 15:30:00-05:00,80.80000305175781,81.31500244140625,80.80000305175781,81.23999786376953,12829,0.0,0.0,0.0
2022-12-15 09:30:00-05:00,81.33000183105469,81.73999786376953,80.56999969482422,80.56999969482422,16640,0.0,0.0,0.0
2022-12-15 10:30:00-05:00,79.78399658203125,79.88500213623047,79.70010375976562,79.83999633789062,2309,0.0,0.0,0.0
2022-12-15 11:30:00-05:00,79.79000091552734,79.83999633789062,79.3499984741211,79.43000030517578,6753,0.0,0.0,0.0
2022-12-15 12:30:00-05:00,79.43119812011719,79.44000244140625,79.26000213623047,79.44000244140625,20308,0.0,0.0,0.0
2022-12-15 13:30:00-05:00,79.3499984741211,79.5199966430664,79.30999755859375,79.51000213623047,2518,0.0,0.0,0.0
2022-12-15 14:30:00-05:00,79.83450317382812,79.9800033569336,79.73999786376953,79.83000183105469,17235,0.0,0.0,0.0
2022-12-15 15:30:00-05:00,79.68000030517578,79.80000305175781,79.44999694824219,79.52999877929688,9401,0.0,0.0,0.0
2022-12-16 09:30:00-05:00,80.22000122070312,80.38390350341797,79.67500305175781,79.67500305175781,11620,0.0,0.0,0.0
2022-12-16 10:30:00-05:00,79.8499984741211,80.28109741210938,79.8499984741211,80.11599731445312,1681,0.0,0.0,0.0
2022-12-16 11:30:00-05:00,80.125,80.125,79.96410369873047,79.96410369873047,992,0.0,0.0,0.0
2022-12-16 12:30:00-05:00,79.94999694824219,80.02999877929688,79.80999755859375,79.97000122070312,5316,0.0,0.0,0.0
2022-12-16 13:30:00-05:00,79.97000122070312,80.04460144042969,79.7699966430664,79.81500244140625,4881,0.0,0.0,0.0
2022-12-16 14:30:00-05:00,79.81890106201172,80.0,79.72000122070312,79.94999694824219,6443,0.0,0.0,0.0
2022-12-16 15:30:00-05:00,79.93000030517578,79.94999694824219,79.66850280761719,79.72000122070312,7875,0.0,0.0,0.0
2022-12-19 09:30:00-05:00,79.69000244140625,79.69000244140625,78.62999725341797,79.11000061035156,25957,0.0,0.0,0.0
2022-12-19 10:30:00-05:00,79.11000061035156,79.11000061035156,78.70999908447266,78.81169891357422,9095,0.0,0.0,0.0
2022-12-19 11:30:00-05:00,78.80999755859375,78.92829895019531,78.71499633789062,78.83999633789062,11587,0.0,0.0,0.0
2022-12-19 12:30:00-05:00,78.91960144042969,79.0790023803711,78.91960144042969,79.0790023803711,2620,0.0,0.0,0.0
2022-12-19 13:30:00-05:00,78.9800033569336,78.9800033569336,78.7699966430664,78.81500244140625,5840,0.0,0.0,0.0
2022-12-19 14:30:00-05:00,78.7699966430664,78.86000061035156,78.73999786376953,78.8499984741211,7327,0.0,0.0,0.0
2022-12-19 15:30:00-05:00,78.87999725341797,78.87999725341797,78.7699966430664,78.83499908447266,4373,0.0,0.0,0.0
2022-12-20 09:30:00-05:00,76.18000030517578,77.29000091552734,76.02999877929688,76.94999694824219,13819,0.0,0.0,0.0
2022-12-20 10:30:00-05:00,76.97000122070312,76.97000122070312,76.5009994506836,76.5009994506836,2752,0.0,0.0,0.0
2022-12-20 11:30:00-05:00,76.69000244140625,76.87000274658203,76.69000244140625,76.78009796142578,1828,0.0,0.0,0.0
2022-12-20 12:30:00-05:00,76.54499816894531,76.72000122070312,76.54499816894531,76.66940307617188,2611,0.0,0.0,0.0
2022-12-20 13:30:00-05:00,76.69999694824219,76.70999908447266,76.5999984741211,76.625,3231,0.0,0.0,0.0
2022-12-20 14:30:00-05:00,76.66999816894531,76.70999908447266,76.55010223388672,76.69000244140625,18690,0.0,0.0,0.0
2022-12-20 15:30:00-05:00,76.69000244140625,76.73999786376953,76.58660125732422,76.62000274658203,22876,0.0,0.0,0.0
2022-12-21 09:30:00-05:00,76.83999633789062,77.3364028930664,76.83999633789062,77.3364028930664,13351,0.0,0.0,0.0
2022-12-21 10:30:00-05:00,77.33999633789062,77.6449966430664,77.33999633789062,77.62000274658203,3777,0.0,0.0,0.0
2022-12-21 11:30:00-05:00,77.55999755859375,77.5999984741211,77.4800033569336,77.5999984741211,3450,0.0,0.0,0.0
2022-12-21 12:30:00-05:00,77.5999984741211,77.72000122070312,77.48999786376953,77.70999908447266,7550,0.0,0.0,0.0
2022-12-21 13:30:00-05:00,77.6500015258789,78.12999725341797,77.61000061035156,78.08999633789062,19161,0.0,0.0,0.0
2022-12-21 14:30:00-05:00,78.08000183105469,78.19999694824219,77.9800033569336,78.12999725341797,12575,0.0,0.0,0.0
2022-12-21 15:30:00-05:00,78.11000061035156,78.19000244140625,78.04000091552734,78.12999725341797,15293,0.0,0.0,0.0
2022-12-22 09:30:00-05:00,78.1500015258789,78.2300033569336,77.55999755859375,77.55999755859375,26906,0.0,0.0,0.0
2022-12-22 10:30:00-05:00,77.60669708251953,77.61000061035156,77.48419952392578,77.48999786376953,2630,0.0,0.0,0.0
2022-12-22 11:30:00-05:00,77.30000305175781,77.30000305175781,77.25,77.25,1464,0.0,0.0,0.0
2022-12-22 12:30:00-05:00,77.12999725341797,77.23999786376953,77.06999969482422,77.08999633789062,3763,0.0,0.0,0.0
2022-12-22 13:30:00-05:00,77.0250015258789,77.08999633789062,76.95999908447266,76.97000122070312,3625,0.0,0.0,0.0
2022-12-22 14:30:00-05:00,77.04499816894531,77.42500305175781,77.01499938964844,77.4000015258789,13947,0.0,0.0,0.0
2022-12-22 15:30:00-05:00,77.37999725341797,77.47000122070312,77.2699966430664,77.47000122070312,2654,0.0,0.0,0.0
2022-12-23 09:30:00-05:00,77.81999969482422,77.81999969482422,76.8499984741211,77.19000244140625,57104,0.0,0.0,0.0
2022-12-23 10:30:00-05:00,77.20999908447266,77.43499755859375,76.68000030517578,76.88999938964844,444268,0.0,0.0,0.0
2022-12-23 11:30:00-05:00,76.88999938964844,76.95500183105469,76.70999908447266,76.91000366210938,823302,0.0,0.0,0.0
2022-12-23 12:30:00-05:00,76.91999816894531,76.91999816894531,76.80449676513672,76.88999938964844,658,0.0,0.0,0.0
2022-12-23 13:30:00-05:00,76.8499984741211,76.88500213623047,76.74980163574219,76.88500213623047,6380,0.0,0.0,0.0
2022-12-23 14:30:00-05:00,76.86499786376953,76.8749008178711,76.7699966430664,76.7699966430664,20717,0.0,0.0,0.0
2022-12-23 15:30:00-05:00,76.71910095214844,76.86000061035156,76.69149780273438,76.75,8325,0.0,0.0,0.0
2022-12-27 09:30:00-05:00,78.37000274658203,80.1500015258789,78.20999908447266,79.91000366210938,34815,0.0,0.0,0.0
2022-12-27 10:30:00-05:00,80.0,80.08999633789062,78.94000244140625,79.04000091552734,21222,0.0,0.0,0.0
2022-12-27 11:30:00-05:00,79.04000091552734,79.55000305175781,78.98999786376953,79.55000305175781,67052,0.0,0.0,0.0
2022-12-27 12:30:00-05:00,79.55000305175781,79.87999725341797,79.45929718017578,79.87000274658203,116418,0.0,0.0,0.0
2022-12-27 13:30:00-05:00,79.8499984741211,79.93000030517578,79.67120361328125,79.74500274658203,71350,0.0,0.0,0.0
2022-12-27 14:30:00-05:00,79.76000213623047,79.83989715576172,79.70999908447266,79.83000183105469,12835,0.0,0.0,0.0
2022-12-27 15:30:00-05:00,79.83999633789062,80.0,79.81999969482422,79.88999938964844,16575,0.0,0.0,0.0
2022-12-28 09:30:00-05:00,79.25,79.26709747314453,78.19999694824219,78.19999694824219,0,0.0,0.0,0.0
2022-12-28 10:30:00-05:00,78.18000030517578,78.18000030517578,77.6500015258789,77.66999816894531,13999,0.0,0.0,0.0
2022-12-28 11:30:00-05:00,77.76000213623047,77.94999694824219,77.68000030517578,77.91000366210938,9976,0.0,0.0,0.0
2022-12-28 12:30:00-05:00,77.9000015258789,78.12000274658203,77.9000015258789,78.01000213623047,14586,0.0,0.0,0.0
2022-12-28 13:30:00-05:00,78.0199966430664,78.0199966430664,77.7218017578125,77.7218017578125,5580,0.0,0.0,0.0
2022-12-28 14:30:00-05:00,77.69999694824219,77.81999969482422,77.62999725341797,77.7300033569336,53747,0.0,0.0,0.0
2022-12-28 15:30:00-05:00,77.73609924316406,77.79000091552734,77.61000061035156,77.68000030517578,8384,0.0,0.0,0.0
2022-12-29 09:30:00-05:00,78.79000091552734,79.58200073242188,78.38999938964844,79.28679656982422,29291,0.0,0.0,0.0
2022-12-29 10:30:00-05:00,79.2249984741211,79.5999984741211,79.2249984741211,79.30999755859375,23917,0.0,0.0,0.0
2022-12-29 11:30:00-05:00,79.31999969482422,79.43000030517578,79.25990295410156,79.37000274658203,6964,0.0,0.0,0.0
2022-12-29 12:30:00-05:00,79.4000015258789,79.4000015258789,79.29000091552734,79.33000183105469,1432,0.0,0.0,0.0
2022-12-29 13:30:00-05:00,79.3904037475586,79.48999786376953,79.36000061035156,79.39240264892578,16101,0.0,0.0,0.0
2022-12-29 14:30:00-05:00,79.37470245361328,79.41999816894531,79.3499984741211,79.37950134277344,3684,0.0,0.0,0.0
2022-12-29 15:30:00-05:00,79.48999786376953,79.61000061035156,79.33999633789062,79.58999633789062,3569,0.0,0.0,0.0
2022-12-30 09:30:00-05:00,78.68000030517578,78.94999694824219,78.63999938964844,78.63999938964844,10957,0.0,0.0,0.0
2022-12-30 10:30:00-05:00,78.66000366210938,78.83000183105469,78.58000183105469,78.59500122070312,15313,0.0,0.0,0.0
2022-12-30 11:30:00-05:00,78.55500030517578,78.69000244140625,78.27210235595703,78.27210235595703,17537,0.0,0.0,0.0
2022-12-30 12:30:00-05:00,78.3499984741211,78.41999816894531,78.2261962890625,78.2261962890625,2732,0.0,0.0,0.0
2022-12-30 13:30:00-05:00,78.29499816894531,78.32350158691406,78.19999694824219,78.19999694824219,3994,0.0,0.0,0.0
2022-12-30 14:30:00-05:00,78.23999786376953,78.3499984741211,78.19000244140625,78.30000305175781,2358,0.0,0.0,0.0
2022-12-30 15:30:00-05:00,78.33999633789062,78.48999786376953,78.27999877929688,78.33999633789062,5709,0.0,0.0,0.0
2023-01-03 09:30:00-05:00,80.5,81.5625,80.5,80.76000213623047,40086,0.0,0.0,0.0
2023-01-03 10:30:00-05:00,80.72000122070312,81.23500061035156,80.72000122070312,81.06670379638672,4708,0.0,0.0,0.0
2023-01-03 11:30:00-05:00,81.08000183105469,81.08000183105469,80.38999938964844,80.43000030517578,66952,0.0,0.0,0.0
2023-01-03 12:30:00-05:00,80.4000015258789,80.87999725341797,80.34290313720703,80.79000091552734,96181,0.0,0.0,0.0
2023-01-03 13:30:00-05:00,80.9000015258789,80.98999786376953,80.76000213623047,80.83999633789062,129964,0.0,0.0,0.0
2023-01-03 14:30:00-05:00,80.95379638671875,80.95379638671875,80.88500213623047,80.88999938964844,1431,0.0,0.0,0.0
2023-01-03 15:30:00-05:00,80.88999938964844,80.94999694824219,80.87000274658203,80.94999694824219,5456,0.0,0.0,0.0
2023-01-04 09:30:00-05:00,83.22000122070312,83.52999877929688,82.88999938964844,83.26000213623047,36169,0.0,0.0,0.0
2023-01-04 10:30:00-05:00,83.4800033569336,84.06210327148438,83.47000122070312,83.93000030517578,9992,0.0,0.0,0.0
2023-01-04 11:30:00-05:00,84.11000061035156,84.6500015258789,84.06999969482422,84.58999633789062,142031,0.0,0.0,0.0
2023-01-04 12:30:00-05:00,84.58999633789062,85.06999969482422,84.58999633789062,84.80999755859375,114688,0.0,0.0,0.0
2023-01-04 13:30:00-05:00,84.8499984741211,84.93000030517578,84.29000091552734,84.62999725341797,52567,0.0,0.0,0.0
2023-01-04 14:30:00-05:00,84.54740142822266,85.02999877929688,84.54740142822266,84.8949966430664,59608,0.0,0.0,0.0
2023-01-04 15:30:00-05:00,84.76000213623047,85.06449890136719,84.62000274658203,84.97000122070312,7488,0.0,0.0,0.0
2023-01-05 09:30:00-05:00,84.11000061035156,85.0,84.0999984741211,84.91999816894531,30784,0.0,0.0,0.0
2023-01-05 10:30:00-05:00,84.79499816894531,85.22000122070312,84.66000366210938,84.72000122070312,12962,0.0,0.0,0.0
2023-01-05 11:30:00-05:00,84.72000122070312,84.9739990234375,84.70999908447266,84.9739990234375,4661,0.0,0.0,0.0
2023-01-05 12:30:00-05:00,85.19999694824219,85.25,85.01000213623047,85.16999816894531,11876,0.0,0.0,0.0
2023-01-05 13:30:00-05:00,85.22000122070312,85.37000274658203,85.16000366210938,85.22000122070312,84157,0.0,0.0,0.0
2023-01-05 14:30:00-05:00,85.22000122070312,85.41000366210938,85.1500015258789,85.30000305175781,16806,0.0,0.0,0.0
2023-01-05 15:30:00-05:00,85.29000091552734,85.37989807128906,85.14099884033203,85.20999908447266,14809,0.0,0.0,0.0
2023-01-06 09:30:00-05:00,84.69000244140625,85.20999908447266,84.37000274658203,85.13999938964844,35028,0.0,0.0,0.0
2023-01-06 10:30:00-05:00,85.08999633789062,85.45999908447266,85.08999633789062,85.41999816894531,5694,0.0,0.0,0.0
2023-01-06 11:30:00-05:00,85.7300033569336,85.87999725341797,85.66999816894531,85.66999816894531,3916,0.0,0.0,0.0
2023-01-06 12:30:00-05:00,85.47000122070312,85.55000305175781,85.47000122070312,85.54930114746094,1910,0.0,0.0,0.0
2023-01-06 13:30:00-05:00,85.59600067138672,85.78500366210938,85.59600067138672,85.75499725341797,7327,0.0,0.0,0.0
2023-01-06 14:30:00-05:00,85.72000122070312,85.83000183105469,85.72000122070312,85.75,1636,0.0,0.0,0.0
2023-01-06 15:30:00-05:00,85.83999633789062,85.9800033569336,85.83000183105469,85.83000183105469,5138,0.0,0.0,0.0
2023-01-09 09:30:00-05:00,86.91999816894531,87.02999877929688,86.10009765625,86.3499984741211,47587,0.0,0.0,0.0
2023-01-09 10:30:00-05:00,86.38919830322266,86.91999816894531,86.30000305175781,86.80999755859375,5987,0.0,0.0,0.0
2023-01-09 11:30:00-05:00,86.7699966430664,86.8499984741211,86.4800033569336,86.62000274658203,22692,0.0,0.0,0.0
2023-01-09 12:30:00-05:00,86.62000274658203,86.62000274658203,86.36000061035156,86.44999694824219,5831,0.0,0.0,0.0
2023-01-09 13:30:00-05:00,86.51499938964844,86.54499816894531,86.11000061035156,86.48999786376953,7231,0.0,0.0,0.0
2023-01-09 14:30:00-05:00,86.55829620361328,86.55829620361328,86.23999786376953,86.33000183105469,5120,0.0,0.0,0.0
2023-01-09 15:30:00-05:00,86.30999755859375,86.33999633789062,86.08000183105469,86.11000061035156,6169,0.0,0.0,0.0
2023-01-10 09:30:00-05:00,86.63999938964844,86.76000213623047,86.19999694824219,86.33000183105469,10494,0.0,0.0,0.0
2023-01-10 10:30:00-05:00,86.0999984741211,86.56999969482422,85.9800033569336,86.52999877929688,9493,0.0,0.0,0.0
2023-01-10 11:30:00-05:00,86.52999877929688,86.55999755859375,86.37999725341797,86.55999755859375,30717,0.0,0.0,0.0
2023-01-10 12:30:00-05:00,86.48999786376953,86.64969635009766,86.45999908447266,86.61000061035156,25166,0.0,0.0,0.0
2023-01-10 13:30:00-05:00,86.5999984741211,87.05000305175781,86.58000183105469,86.9000015258789,15630,0.0,0.0,0.0
2023-01-10 14:30:00-05:00,87.05999755859375,87.05999755859375,86.81999969482422,86.91999816894531,8369,0.0,0.0,0.0
2023-01-10 15:30:00-05:00,86.95999908447266,87.04000091552734,86.88999938964844,86.9000015258789,58353,0.0,0.0,0.0
2023-01-11 09:30:00-05:00,87.05999755859375,87.45999908447266,86.81999969482422,86.94999694824219,18686,0.0,0.0,0.0
2023-01-11 10:30:00-05:00,87.07250213623047,87.41000366210938,86.91000366210938,87.31999969482422,26262,0.0,0.0,0.0
2023-01-11 11:30:00-05:00,87.32499694824219,87.47000122070312,87.28500366210938,87.45500183105469,83491,0.0,0.0,0.0
2023-01-11 12:30:00-05:00,87.44000244140625,87.62999725341797,87.44000244140625,87.58999633789062,9592,0.0,0.0,0.0
2023-01-11 13:30:00-05:00,87.55249786376953,87.79000091552734,87.55249786376953,87.76000213623047,14994,0.0,0.0,0.0
2023-01-11 14:30:00-05:00,87.75,87.80000305175781,87.6500015258789,87.73999786376953,21227,0.0,0.0,0.0
2023-01-11 15:30:00-05:00,87.70999908447266,87.73999786376953,87.48999786376953,87.56999969482422,18641,0.0,0.0,0.0
2023-01-12 09:30:00-05:00,87.08000183105469,87.08000183105469,86.05999755859375,86.5999984741211,15302,0.0,0.0,0.0
2023-01-12 10:30:00-05:00,86.69999694824219,86.95999908447266,86.69999694824219,86.70999908447266,890918,0.0,0.0,0.0
2023-01-12 11:30:00-05:00,86.69999694824219,87.0999984741211,86.66999816894531,87.0999984741211,4832,0.0,0.0,0.0
2023-01-12 12:30:00-05:00,87.22000122070312,87.2300033569336,86.93000030517578,86.93000030517578,14680,0.0,0.0,0.0
2023-01-12 13:30:00-05:00,86.91999816894531,87.23159790039062,86.91999816894531,87.0199966430664,3704,0.0,0.0,0.0
2023-01-12 14:30:00-05:00,87.05229949951172,87.17500305175781,87.0199966430664,87.0199966430664,1088,0.0,0.0,0.0
2023-01-12 15:30:00-05:00,87.08999633789062,87.20999908447266,87.0,87.11000061035156,0,0.0,0.0,0.0
2023-01-13 09:30:00-05:00,87.87999725341797,88.55000305175781,87.87999725341797,88.33999633789062,18914,0.0,0.0,0.0
2023-01-13 10:30:00-05:00,88.2699966430664,88.28990173339844,87.81620025634766,87.91000366210938,5239,0.0,0.0,0.0
2023-01-13 11:30:00-05:00,87.87999725341797,88.0199966430664,87.80999755859375,87.98249816894531,34006,0.0,0.0,0.0
2023-01-13 12:30:00-05:00,88.27999877929688,88.31999969482422,88.26000213623047,88.30000305175781,900,0.0,0.0,0.0
2023-01-13 13:30:00-05:00,88.33000183105469,88.41130065917969,88.26069641113281,88.40650177001953,3046,0.0,0.0,0.0
2023-01-13 14:30:00-05:00,88.38999938964844,88.48999786376953,88.38819885253906,88.48999786376953,2575,0.0,0.0,0.0
2023-01-13 15:30:00-05:00,88.4800033569336,88.51000213623047,88.37999725341797,88.37999725341797,57747,0.0,0.0,0.0
2023-01-17 09:30:00-05:00,87.58000183105469,87.6500015258789,87.08000183105469,87.2300033569336,30108,0.0,0.0,0.0
2023-01-17 10:30:00-05:00,87.2699966430664,87.2699966430664,86.88999938964844,87.0,10826,0.0,0.0,0.0
2023-01-17 11:30:00-05:00,87.25060272216797,87.28910064697266,87.06999969482422,87.11000061035156,17879,0.0,0.0,0.0
2023-01-17 12:30:00-05:00,87.19499969482422,87.20999908447266,87.08000183105469,87.12999725341797,4400,0.0,0.0,0.0
2023-01-17 13:30:00-05:00,87.13999938964844,87.19000244140625,87.0199966430664,87.1500015258789,136980,0.0,0.0,0.0
2023-01-17 14:30:00-05:00,87.1500015258789,87.23999786376953,87.1500015258789,87.19999694824219,9088,0.0,0.0,0.0
2023-01-17 15:30:00-05:00,87.19999694824219,87.30000305175781,87.0999984741211,87.0999984741211,10919,0.0,0.0,0.0
2023-01-18 09:30:00-05:00,87.94999694824219,87.97000122070312,87.0999984741211,87.33110046386719,9772,0.0,0.0,0.0
2023-01-18 10:30:00-05:00,87.2699966430664,87.29000091552734,86.81500244140625,86.83000183105469,12421,0.0,0.0,0.0
2023-01-18 11:30:00-05:00,86.73999786376953,86.93000030517578,86.62000274658203,86.66000366210938,14738,0.0,0.0,0.0
2023-01-18 12:30:00-05:00,86.66000366210938,86.72000122070312,86.5,86.5199966430664,15617,0.0,0.0,0.0
2023-01-18 13:30:00-05:00,86.54000091552734,86.77999877929688,86.45999908447266,86.77999877929688,24132,0.0,0.0,0.0
2023-01-18 14:30:00-05:00,86.76000213623047,86.87000274658203,86.73999786376953,86.81999969482422,16186,0.0,0.0,0.0
2023-01-18 15:30:00-05:00,86.7300033569336,86.7300033569336,86.3499984741211,86.55000305175781,12012,0.0,0.0,0.0
2023-01-19 09:30:00-05:00,87.38999938964844,88.12999725341797,87.28109741210938,87.80999755859375,10019,0.0,0.0,0.0
2023-01-19 10:30:00-05:00,87.69999694824219,88.0199966430664,87.69999694824219,87.81999969482422,5796,0.0,0.0,0.0
2023-01-19 11:30:00-05:00,87.77999877929688,87.83989715576172,87.55110168457031,87.66999816894531,2498,0.0,0.0,0.0
2023-01-19 12:30:00-05:00,87.69999694824219,87.98999786376953,87.62000274658203,87.90499877929688,72620,0.0,0.0,0.0
2023-01-19 13:30:00-05:00,87.98999786376953,88.17870330810547,87.86000061035156,87.87000274658203,8541,0.0,0.0,0.0
2023-01-19 14:30:00-05:00,87.93000030517578,88.0250015258789,87.87000274658203,87.91000366210938,6964,0.0,0.0,0.0
2023-01-19 15:30:00-05:00,87.91999816894531,88.05999755859375,87.75,88.04000091552734,3224,0.0,0.0,0.0
2023-01-20 09:30:00-05:00,88.97000122070312,89.31999969482422,88.9000015258789,89.31999969482422,5697,0.0,0.0,0.0
2023-01-20 10:30:00-05:00,89.33989715576172,89.33989715576172,89.05000305175781,89.12999725341797,15567,0.0,0.0,0.0
2023-01-20 11:30:00-05:00,89.13999938964844,89.17160034179688,89.04609680175781,89.16500091552734,9373,0.0,0.0,0.0
2023-01-20 12:30:00-05:00,89.22000122070312,89.45999908447266,89.10430145263672,89.44000244140625,7461,0.0,0.0,0.0
2023-01-20 13:30:00-05:00,89.43000030517578,89.56800079345703,89.42420196533203,89.52739715576172,9903,0.0,0.0,0.0
2023-01-20 14:30:00-05:00,89.52999877929688,89.60549926757812,89.43000030517578,89.44999694824219,5453,0.0,0.0,0.0
2023-01-20 15:30:00-05:00,89.48490142822266,89.7699966430664,89.41999816894531,89.7699966430664,2987,0.0,0.0,0.0
2023-01-23 09:30:00-05:00,90.0999984741211,90.93000030517578,89.99639892578125,90.91999816894531,11808,0.0,0.0,0.0
2023-01-23 10:30:00-05:00,90.79290008544922,90.95989990234375,90.52999877929688,90.52999877929688,10437,0.0,0.0,0.0
2023-01-23 11:30:00-05:00,90.4000015258789,90.66000366210938,90.38999938964844,90.51000213623047,78708,0.0,0.0,0.0
2023-01-23 12:30:00-05:00,90.61000061035156,90.83000183105469,90.49500274658203,90.66000366210938,44701,0.0,0.0,0.0
2023-01-23 13:30:00-05:00,90.7699966430664,90.7699966430664,90.37999725341797,90.41999816894531,5024,0.0,0.0,0.0
2023-01-23 14:30:00-05:00,90.4000015258789,90.4000015258789,90.05999755859375,90.38999938964844,7700,0.0,0.0,0.0
2023-01-23 15:30:00-05:00,90.45999908447266,90.45999908447266,90.40499877929688,90.41000366210938,1034,0.0,0.0,0.0
2023-01-24 09:30:00-05:00,90.08999633789062,90.5,89.9800033569336,89.9800033569336,15939,0.0,0.0,0.0
2023-01-24 10:30:00-05:00,90.19419860839844,90.5,90.19419860839844,90.4800033569336,2122,0.0,0.0,0.0
2023-01-24 11:30:00-05:00,90.47000122070312,90.48999786376953,90.36000061035156,90.44999694824219,1736,0.0,0.0,0.0
2023-01-24 12:30:00-05:00,90.41999816894531,90.47640228271484,90.20999908447266,90.44999694824219,8125,0.0,0.0,0.0
2023-01-24 13:30:00-05:00,90.41999816894531,90.51000213623047,90.20999908447266,90.38500213623047,29591,0.0,0.0,0.0
2023-01-24 14:30:00-05:00,90.31999969482422,90.47000122070312,90.2300033569336,90.4000015258789,36296,0.0,0.0,0.0
2023-01-24 15:30:00-05:00,90.37000274658203,90.5,90.25,90.25,9557,0.0,0.0,0.0
2023-01-25 09:30:00-05:00,90.2699966430664,90.2699966430664,89.44999694824219,89.44999694824219,3745,0.0,0.0,0.0
2023-01-25 10:30:00-05:00,89.93000030517578,90.13600158691406,89.93000030517578,90.13600158691406,3937,0.0,0.0,0.0
2023-01-25 11:30:00-05:00,90.09829711914062,90.29609680175781,90.01190185546875,90.17500305175781,10781,0.0,0.0,0.0
2023-01-25 12:30:00-05:00,90.26290130615234,90.41490173339844,90.21700286865234,90.41490173339844,1564,0.0,0.0,0.0
2023-01-25 13:30:00-05:00,90.44000244140625,90.5999984741211,90.27999877929688,90.58999633789062,1450,0.0,0.0,0.0
2023-01-25 14:30:00-05:00,90.62999725341797,90.69000244140625,90.54419708251953,90.58619689941406,5758,0.0,0.0,0.0
2023-01-25 15:30:00-05:00,90.62999725341797,90.76000213623047,90.6063003540039,90.75,0,0.0,0.0,0.0
2023-01-26 09:30:00-05:00,91.52999877929688,91.75,91.20999908447266,91.38999938964844,12537,0.0,0.0,0.0
2023-01-26 10:30:00-05:00,91.33000183105469,91.5,91.33000183105469,91.3499984741211,2476,0.0,0.0,0.0
2023-01-26 11:30:00-05:00,91.38610076904297,91.57990264892578,91.36000061035156,91.47000122070312,4727,0.0,0.0,0.0
2023-01-26 12:30:00-05:00,91.54000091552734,91.6500015258789,91.54000091552734,91.63999938964844,2302,0.0,0.0,0.0
2023-01-26 13:30:00-05:00,91.62000274658203,91.80049896240234,91.62000274658203,91.78829956054688,3636,0.0,0.0,0.0
2023-01-26 14:30:00-05:00,91.69999694824219,91.91999816894531,91.69499969482422,91.91000366210938,4298,0.0,0.0,0.0
2023-01-26 15:30:00-05:00,91.94499969482422,92.0999984741211,91.91000366210938,92.02999877929688,6210,0.0,0.0,0.0
2023-01-27 09:30:00-05:00,92.1500015258789,92.1500015258789,91.63999938964844,91.63999938964844,9769,0.0,0.0,0.0
2023-01-27 10:30:00-05:00,91.44000244140625,91.72000122070312,91.29000091552734,91.68000030517578,2173,0.0,0.0,0.0
2023-01-27 11:30:00-05:00,91.69999694824219,91.69999694824219,91.41999816894531,91.41999816894531,924,0.0,0.0,0.0
2023-01-27 12:30:00-05:00,91.63999938964844,91.84500122070312,91.63999938964844,91.84500122070312,5318,0.0,0.0,0.0
2023-01-27 13:30:00-05:00,91.9220962524414,91.94249725341797,91.77999877929688,91.85769653320312,5427,0.0,0.0,0.0
2023-01-27 14:30:00-05:00,91.98999786376953,92.08999633789062,91.94560241699219,92.05999755859375,15288,0.0,0.0,0.0
2023-01-27 15:30:00-05:00,92.08999633789062,92.12999725341797,91.72000122070312,91.76000213623047,23583,0.0,0.0,0.0
2023-01-30 09:30:00-05:00,89.04000091552734,89.37999725341797,88.22000122070312,88.86000061035156,89640,0.0,0.0,0.0
2023-01-30 10:30:00-05:00,89.0,89.27999877929688,89.0,89.23999786376953,33803,0.0,0.0,0.0
2023-01-30 11:30:00-05:00,89.27999877929688,89.33529663085938,89.0,89.01439666748047,43238,0.0,0.0,0.0
2023-01-30 12:30:00-05:00,88.91000366210938,89.06999969482422,88.87000274658203,89.06999969482422,10629,0.0,0.0,0.0
2023-01-30 13:30:00-05:00,88.87000274658203,88.93000030517578,88.83499908447266,88.93000030517578,987,0.0,0.0,0.0
2023-01-30 14:30:00-05:00,88.8949966430664,88.90499877929688,88.70999908447266,88.7656021118164,10429,0.0,0.0,0.0
2023-01-30 15:30:00-05:00,88.75,88.79499816894531,88.48999786376953,88.48999786376953,8263,0.0,0.0,0.0
2023-01-31 09:30:00-05:00,87.66999816894531,87.8218002319336,87.5,87.81999969482422,25240,0.0,0.0,0.0
2023-01-31 10:30:00-05:00,88.04000091552734,88.49019622802734,88.04000091552734,88.30999755859375,18480,0.0,0.0,0.0
2023-01-31 11:30:00-05:00,88.26000213623047,88.41999816894531,88.16000366210938,88.16000366210938,2302,0.0,0.0,0.0
2023-01-31 12:30:00-05:00,88.22000122070312,88.22000122070312,88.16000366210938,88.1698989868164,1731,0.0,0.0,0.0
2023-01-31 13:30:00-05:00,88.06999969482422,88.1260986328125,88.0,88.02999877929688,1317,0.0,0.0,0.0
2023-01-31 14:30:00-05:00,88.11000061035156,88.11000061035156,88.05000305175781,88.08789825439453,2129,0.0,0.0,0.0
2023-01-31 15:30:00-05:00,88.09439849853516,88.13990020751953,87.99500274658203,88.05999755859375,8801,0.0,0.0,0.0
2023-02-01 09:30:00-05:00,89.29000091552734,89.9000015258789,89.29000091552734,89.43000030517578,10111,0.0,0.0,0.0
2023-02-01 10:30:00-05:00,89.4800033569336,89.4800033569336,89.0999984741211,89.24500274658203,12402,0.0,0.0,0.0
2023-02-01 11:30:00-05:00,89.22000122070312,89.29989624023438,89.02999877929688,89.02999877929688,5510,0.0,0.0,0.0
2023-02-01 12:30:00-05:00,88.87000274658203,89.05000305175781,88.80000305175781,89.0,419604,0.0,0.0,0.0
2023-02-01 13:30:00-05:00,89.03600311279297,89.25,88.94999694824219,89.25,16013,0.0,0.0,0.0
2023-02-01 14:30:00-05:00,89.25,90.08999633789062,89.16999816894531,90.01000213623047,5761,0.0,0.0,0.0
2023-02-01 15:30:00-05:00,90.18000030517578,90.43499755859375,90.01000213623047,90.12999725341797,11614,0.0,0.0,0.0
2023-02-02 09:30:00-05:00,89.66999816894531,89.66999816894531,88.33999633789062,88.52660369873047,17371,0.0,0.0,0.0
2023-02-02 10:30:00-05:00,88.73999786376953,88.93000030517578,88.66799926757812,88.87999725341797,6081,0.0,0.0,0.0
2023-02-02 11:30:00-05:00,88.8384017944336,88.8384017944336,88.44439697265625,88.6449966430664,17153,0.0,0.0,0.0
2023-02-02 12:30:00-05:00,88.61000061035156,88.80999755859375,88.54000091552734,88.80999755859375,3789,0.0,0.0,0.0
2023-02-02 13:30:00-05:00,88.80999755859375,89.0,88.66739654541016,88.66739654541016,5767,0.0,0.0,0.0
2023-02-02 14:30:00-05:00,88.56999969482422,88.61499786376953,88.4000015258789,88.4000015258789,7983,0.0,0.0,0.0
2023-02-02 15:30:00-05:00,88.63999938964844,88.73999786376953,88.57389831542969,88.61000061035156,3404,0.0,0.0,0.0
2023-02-03 09:30:00-05:00,87.55000305175781,87.85009765625,86.91999816894531,87.00029754638672,13003,0.0,0.0,0.0
2023-02-03 10:30:00-05:00,87.20999908447266,87.63999938964844,87.19000244140625,87.29000091552734,5674,0.0,0.0,0.0
2023-02-03 11:30:00-05:00,87.30999755859375,87.31999969482422,87.16999816894531,87.20500183105469,3886,0.0,0.0,0.0
2023-02-03 12:30:00-05:00,87.1677017211914,87.206298828125,87.0,87.0,2890,0.0,0.0,0.0
2023-02-03 13:30:00-05:00,86.75530242919922,86.87000274658203,86.62999725341797,86.68000030517578,3156,0.0,0.0,0.0
2023-02-03 14:30:00-05:00,86.66000366210938,86.83999633789062,86.52999877929688,86.7699966430664,10139,0.0,0.0,0.0
2023-02-03 15:30:00-05:00,86.7300033569336,86.75499725341797,86.5250015258789,86.62999725341797,11127,0.0,0.0,0.0
2023-02-06 09:30:00-05:00,85.08999633789062,85.09850311279297,84.51000213623047,84.51000213623047,25637,0.0,0.0,0.0
2023-02-06 10:30:00-05:00,84.5,85.30000305175781,84.5,85.16999816894531,2388,0.0,0.0,0.0
2023-02-06 11:30:00-05:00,85.4000015258789,85.4000015258789,85.2061996459961,85.2698974609375,2006,0.0,0.0,0.0
2023-02-06 12:30:00-05:00,85.32779693603516,85.32779693603516,85.16000366210938,85.31120300292969,3991,0.0,0.0,0.0
2023-02-06 13:30:00-05:00,85.37999725341797,85.55999755859375,85.37999725341797,85.55000305175781,1287,0.0,0.0,0.0
2023-02-06 14:30:00-05:00,85.51000213623047,85.5250015258789,85.37000274658203,85.43350219726562,8096,0.0,0.0,0.0
2023-02-06 15:30:00-05:00,85.3917007446289,85.62999725341797,85.33000183105469,85.43000030517578,0,0.0,0.0,0.0
2023-02-07 09:30:00-05:00,86.20999908447266,86.23999786376953,85.43000030517578,85.51000213623047,11636,0.0,0.0,0.0
2023-02-07 10:30:00-05:00,85.80000305175781,85.86000061035156,85.55000305175781,85.6500015258789,306700,0.0,0.0,0.0
2023-02-07 11:30:00-05:00,85.75,85.75,85.26000213623047,85.3333969116211,9688,0.0,0.0,0.0
2023-02-07 12:30:00-05:00,85.36000061035156,86.0199966430664,85.36000061035156,86.0199966430664,1775,0.0,0.0,0.0
2023-02-07 13:30:00-05:00,85.26000213623047,85.86000061035156,85.11000061035156,85.63500213623047,138419,0.0,0.0,0.0
2023-02-07 14:30:00-05:00,85.63999938964844,85.69000244140625,85.58000183105469,85.69000244140625,3025,0.0,0.0,0.0
2023-02-07 15:30:00-05:00,85.91000366210938,86.23999786376953,85.91000366210938,85.93000030517578,4346,0.0,0.0,0.0
2023-02-08 09:30:00-05:00,85.66999816894531,85.80000305175781,84.96070098876953,85.09490203857422,5953,0.0,0.0,0.0
2023-02-08 10:30:00-05:00,85.04000091552734,85.2698974609375,84.9800033569336,84.9800033569336,1373,0.0,0.0,0.0
2023-02-08 11:30:00-05:00,84.9800033569336,85.44000244140625,84.9800033569336,85.13999938964844,9778,0.0,0.0,0.0
2023-02-08 12:30:00-05:00,85.04000091552734,85.45999908447266,84.97000122070312,85.38999938964844,26692,0.0,0.0,0.0
2023-02-08 13:30:00-05:00,85.33999633789062,85.3550033569336,85.18009948730469,85.30999755859375,25867,0.0,0.0,0.0
2023-02-08 14:30:00-05:00,85.28990173339844,85.2938003540039,85.0999984741211,85.2938003540039,5424,0.0,0.0,0.0
2023-02-08 15:30:00-05:00,85.20999908447266,85.20999908447266,85.0,85.01000213623047,1919,0.0,0.0,0.0
2023-02-09 09:30:00-05:00,87.51000213623047,87.8499984741211,87.05999755859375,87.05999755859375,10558,0.0,0.0,0.0
2023-02-09 10:30:00-05:00,86.90409851074219,87.2699966430664,86.9000015258789,86.9000015258789,3131,0.0,0.0,0.0
2023-02-09 11:30:00-05:00,86.97000122070312,87.1500015258789,86.80999755859375,87.08499908447266,2127,0.0,0.0,0.0
2023-02-09 12:30:00-05:00,87.0,87.12999725341797,86.79630279541016,86.95999908447266,65469,0.0,0.0,0.0
2023-02-09 13:30:00-05:00,86.94999694824219,87.12999725341797,86.88999938964844,86.88999938964844,62146,0.0,0.0,0.0
2023-02-09 14:30:00-05:00,86.88999938964844,86.95999908447266,86.66000366210938,86.81999969482422,42081,0.0,0.0,0.0
2023-02-09 15:30:00-05:00,86.62999725341797,87.0199966430664,86.55000305175781,87.0,13722,0.0,0.0,0.0
2023-02-10 09:30:00-05:00,85.47000122070312,85.47000122070312,84.9800033569336,85.25,5925,0.0,0.0,0.0
2023-02-10 10:30:00-05:00,85.19999694824219,85.26000213623047,84.9000015258789,85.0999984741211,3528,0.0,0.0,0.0
2023-02-10 11:30:00-05:00,85.02999877929688,85.05000305175781,84.69999694824219,84.95999908447266,29716,0.0,0.0,0.0
2023-02-10 12:30:00-05:00,84.94999694824219,85.2300033569336,84.91999816894531,84.93000030517578,65521,0.0,0.0,0.0
2023-02-10 13:30:00-05:00,84.93000030517578,85.01000213623047,84.66000366210938,84.66999816894531,19553,0.0,0.0,0.0
2023-02-10 14:30:00-05:00,84.66000366210938,84.73999786376953,84.2300033569336,84.30000305175781,41159,0.0,0.0,0.0
2023-02-10 15:30:00-05:00,84.3499984741211,84.75,84.31999969482422,84.58000183105469,23375,0.0,0.0,0.0
2023-02-13 09:30:00-05:00,85.95999908447266,86.2750015258789,85.56999969482422,86.25,20326,0.0,0.0,0.0
2023-02-13 10:30:00-05:00,86.23500061035156,86.29199981689453,86.035400390625,86.29199981689453,1237,0.0,0.0,0.0
2023-02-13 11:30:00-05:00,85.94999694824219,86.29000091552734,85.94999694824219,86.2750015258789,81503,0.0,0.0,0.0
2023-02-13 12:30:00-05:00,86.36399841308594,86.4000015258789,86.2699966430664,86.33999633789062,6040,0.0,0.0,0.0
2023-02-13 13:30:00-05:00,86.38999938964844,86.58999633789062,86.34500122070312,86.4229965209961,286278,0.0,0.0,0.0
2023-02-13 14:30:00-05:00,86.3280029296875,86.3280029296875,86.2300033569336,86.31999969482422,620,0.0,0.0,0.0
2023-02-13 15:30:00-05:00,86.37000274658203,86.41999816894531,86.05999755859375,86.05999755859375,5031,0.0,0.0,0.0
2023-02-14 09:30:00-05:00,85.05000305175781,85.55999755859375,84.76000213623047,85.2249984741211,21241,0.0,0.0,0.0
2023-02-14 10:30:00-05:00,85.08999633789062,85.16000366210938,84.94999694824219,85.08999633789062,1677,0.0,0.0,0.0
2023-02-14 11:30:00-05:00,84.86000061035156,85.13999938964844,84.80999755859375,85.0199966430664,150432,0.0,0.0,0.0
2023-02-14 12:30:00-05:00,85.00499725341797,85.19999694824219,84.91000366210938,85.10749816894531,2254,0.0,0.0,0.0
2023-02-14 13:30:00-05:00,85.05000305175781,85.11710357666016,84.88999938964844,85.07499694824219,16397,0.0,0.0,0.0
2023-02-14 14:30:00-05:00,85.0519027709961,85.2698974609375,85.05000305175781,85.18000030517578,9539,0.0,0.0,0.0
2023-02-14 15:30:00-05:00,85.19999694824219,85.41000366210938,85.18000030517578,85.19000244140625,6997,0.0,0.0,0.0
2023-02-15 09:30:00-05:00,83.9800033569336,84.25700378417969,83.81999969482422,84.25,4344,0.0,0.0,0.0
2023-02-15 10:30:00-05:00,84.1500015258789,84.44000244140625,84.1500015258789,84.44000244140625,11022,0.0,0.0,0.0
2023-02-15 11:30:00-05:00,84.31999969482422,84.31999969482422,84.08000183105469,84.1500015258789,34997,0.0,0.0,0.0
2023-02-15 12:30:00-05:00,84.11000061035156,84.20989990234375,84.0199966430664,84.13999938964844,17060,0.0,0.0,0.0
2023-02-15 13:30:00-05:00,84.25,84.40499877929688,84.25,84.40499877929688,2185,0.0,0.0,0.0
2023-02-15 14:30:00-05:00,84.51719665527344,84.57499694824219,84.29000091552734,84.39250183105469,10596,0.0,0.0,0.0
2023-02-15 15:30:00-05:00,84.40170288085938,84.58999633789062,84.37000274658203,84.48999786376953,15498,0.0,0.0,0.0
2023-02-16 09:30:00-05:00,83.9800033569336,84.11000061035156,83.6500015258789,84.08999633789062,7743,0.0,0.0,0.0
2023-02-16 10:30:00-05:00,84.4000015258789,84.43000030517578,84.27999877929688,84.31999969482422,4812,0.0,0.0,0.0
2023-02-16 11:30:00-05:00,84.41999816894531,84.45140075683594,84.40809631347656,84.40809631347656,2583,0.0,0.0,0.0
2023-02-16 12:30:00-05:00,84.44000244140625,84.44000244140625,84.44000244140625,84.44000244140625,486,0.0,0.0,0.0
2023-02-16 13:30:00-05:00,84.50640106201172,84.731201171875,84.50640106201172,84.731201171875,2887,0.0,0.0,0.0
2023-02-16 14:30:00-05:00,84.5,84.5,84.41000366210938,84.41999816894531,1106,0.0,0.0,0.0
2023-02-16 15:30:00-05:00,84.30999755859375,84.44999694824219,84.2699966430664,84.2699966430664,2758,0.0,0.0,0.0
2023-02-17 09:30:00-05:00,82.80000305175781,82.87999725341797,82.4000015258789,82.72000122070312,10259,0.0,0.0,0.0
2023-02-17 10:30:00-05:00,82.76000213623047,82.7750015258789,82.48999786376953,82.48999786376953,3994,0.0,0.0,0.0
2023-02-17 11:30:00-05:00,82.45330047607422,82.5,82.41699981689453,82.44499969482422,4285,0.0,0.0,0.0
2023-02-17 12:30:00-05:00,82.5,82.5,82.26010131835938,82.38569641113281,1689,0.0,0.0,0.0
2023-02-17 13:30:00-05:00,82.38999938964844,82.447998046875,82.38999938964844,82.447998046875,636,0.0,0.0,0.0
2023-02-17 14:30:00-05:00,82.47000122070312,82.60099792480469,82.37449645996094,82.56999969482422,1977,0.0,0.0,0.0
2023-02-17 15:30:00-05:00,82.58499908447266,82.58999633789062,82.40499877929688,82.54000091552734,2991,0.0,0.0,0.0
2023-02-21 09:30:00-05:00,82.44000244140625,83.08000183105469,82.41000366210938,82.7699966430664,15151,0.0,0.0,0.0
2023-02-21 10:30:00-05:00,82.72000122070312,82.86000061035156,82.43000030517578,82.43000030517578,7581,0.0,0.0,0.0
2023-02-21 11:30:00-05:00,82.41999816894531,82.41999816894531,82.31199645996094,82.3499984741211,2610,0.0,0.0,0.0
2023-02-21 12:30:00-05:00,82.30349731445312,82.37000274658203,82.30349731445312,82.36000061035156,1499,0.0,0.0,0.0
2023-02-21 13:30:00-05:00,82.25,82.29000091552734,82.18910217285156,82.29000091552734,4042,0.0,0.0,0.0
2023-02-21 14:30:00-05:00,82.26000213623047,82.27999877929688,82.12999725341797,82.19999694824219,142595,0.0,0.0,0.0
2023-02-21 15:30:00-05:00,82.27989959716797,82.27989959716797,82.05000305175781,82.2300033569336,3693,0.0,0.0,0.0
2023-02-22 09:30:00-05:00,82.16999816894531,82.24250030517578,81.5199966430664,81.75,4996,0.0,0.0,0.0
2023-02-22 10:30:00-05:00,81.38999938964844,81.82830047607422,81.38999938964844,81.82830047607422,925,0.0,0.0,0.0
2023-02-22 11:30:00-05:00,81.70130157470703,81.70130157470703,81.18000030517578,81.63999938964844,20774,0.0,0.0,0.0
2023-02-22 12:30:00-05:00,81.54039764404297,81.54039764404297,81.36000061035156,81.47000122070312,277833,0.0,0.0,0.0
2023-02-22 13:30:00-05:00,81.30180358886719,81.54720306396484,81.30180358886719,81.41000366210938,2843,0.0,0.0,0.0
2023-02-22 14:30:00-05:00,81.41000366210938,81.68990325927734,81.38899993896484,81.68990325927734,3302,0.0,0.0,0.0
2023-02-22 15:30:00-05:00,81.5199966430664,81.5999984741211,81.51000213623047,81.55999755859375,2053,0.0,0.0,0.0
2023-02-23 09:30:00-05:00,82.80999755859375,82.80999755859375,81.93609619140625,82.20770263671875,6039,0.0,0.0,0.0
2023-02-23 10:30:00-05:00,82.02999877929688,82.08999633789062,81.4000015258789,81.46990203857422,2367,0.0,0.0,0.0
2023-02-23 11:30:00-05:00,81.30000305175781,81.30000305175781,80.7699966430664,80.80999755859375,9323,0.0,0.0,0.0
2023-02-23 12:30:00-05:00,80.91000366210938,80.91000366210938,80.88009643554688,80.88009643554688,224232,0.0,0.0,0.0
2023-02-23 13:30:00-05:00,80.93000030517578,81.0199966430664,80.87999725341797,81.01000213623047,1160,0.0,0.0,0.0
2023-02-23 14:30:00-05:00,81.0,81.13999938964844,81.0,81.13500213623047,9844,0.0,0.0,0.0
2023-02-23 15:30:00-05:00,81.19010162353516,81.33999633789062,81.12999725341797,81.12999725341797,2803,0.0,0.0,0.0
2023-02-24 09:30:00-05:00,79.37999725341797,79.62000274658203,79.0,79.0,30551,0.0,0.0,0.0
2023-02-24 10:30:00-05:00,79.04000091552734,79.0999984741211,78.73500061035156,78.8499984741211,5645,0.0,0.0,0.0
2023-02-24 11:30:00-05:00,78.73999786376953,78.9000015258789,78.61620330810547,78.69999694824219,12325,0.0,0.0,0.0
2023-02-24 12:30:00-05:00,78.66100311279297,78.81999969482422,78.54000091552734,78.73500061035156,5231,0.0,0.0,0.0
2023-02-24 13:30:00-05:00,78.6500015258789,78.79000091552734,78.60009765625,78.75,9213,0.0,0.0,0.0
2023-02-24 14:30:00-05:00,78.73999786376953,78.93990325927734,78.73999786376953,78.87000274658203,1335,0.0,0.0,0.0
2023-02-24 15:30:00-05:00,78.8499984741211,79.05000305175781,78.73999786376953,79.05000305175781,6017,0.0,0.0,0.0
2023-02-27 09:30:00-05:00,80.08000183105469,80.08000183105469,79.5999984741211,80.04810333251953,4614,0.0,0.0,0.0
2023-02-27 10:30:00-05:00,79.73999786376953,79.81999969482422,79.73999786376953,79.77010345458984,2114,0.0,0.0,0.0
2023-02-27 11:30:00-05:00,79.86499786376953,79.88990020751953,79.86499786376953,79.88990020751953,336,0.0,0.0,0.0
2023-02-27 12:30:00-05:00,79.87999725341797,79.87999725341797,79.845703125,79.845703125,461,0.0,0.0,0.0
2023-02-27 13:30:00-05:00,79.76940155029297,79.91999816894531,79.76940155029297,79.87999725341797,1315,0.0,0.0,0.0
2023-02-27 14:30:00-05:00,79.81999969482422,80.08000183105469,79.69999694824219,79.875,469294,0.0,0.0,0.0
2023-02-27 15:30:00-05:00,79.87000274658203,80.06999969482422,79.69000244140625,80.05999755859375,16031,0.0,0.0,0.0
2023-02-28 09:30:00-05:00,79.37000274658203,79.88999938964844,79.37000274658203,79.81999969482422,14141,0.0,0.0,0.0
2023-02-28 10:30:00-05:00,79.7699966430664,79.7699966430664,79.5562973022461,79.69999694824219,2993,0.0,0.0,0.0
2023-02-28 11:30:00-05:00,79.5,79.61000061035156,79.47000122070312,79.55000305175781,174211,0.0,0.0,0.0
2023-02-28 12:30:00-05:00,79.5199966430664,79.66000366210938,79.44000244140625,79.66000366210938,125842,0.0,0.0,0.0
2023-02-28 13:30:00-05:00,79.68000030517578,79.73999786376953,79.5740966796875,79.58999633789062,19107,0.0,0.0,0.0
2023-02-28 14:30:00-05:00,79.58999633789062,79.66999816894531,79.41000366210938,79.41000366210938,4226,0.0,0.0,0.0
2023-02-28 15:30:00-05:00,79.37000274658203,79.58000183105469,79.31999969482422,79.31999969482422,16526,0.0,0.0,0.0
2023-03-01 09:30:00-05:00,82.87999725341797,82.87999725341797,82.12000274658203,82.12000274658203,20559,0.0,0.0,0.0
2023-03-01 10:30:00-05:00,82.22000122070312,82.51000213623047,82.16500091552734,82.19000244140625,4123,0.0,0.0,0.0
2023-03-01 11:30:00-05:00,82.25990295410156,82.29000091552734,82.12999725341797,82.29000091552734,1625,0.0,0.0,0.0
2023-03-01 12:30:00-05:00,82.13999938964844,82.19229888916016,82.13999938964844,82.19229888916016,1340,0.0,0.0,0.0
2023-03-01 13:30:00-05:00,82.07710266113281,82.07710266113281,82.07710266113281,82.07710266113281,280,0.0,0.0,0.0
2023-03-01 14:30:00-05:00,82.30339813232422,82.30339813232422,82.16000366210938,82.27999877929688,6038,0.0,0.0,0.0
2023-03-01 15:30:00-05:00,82.23799896240234,82.37000274658203,82.20999908447266,82.36000061035156,8246,0.0,0.0,0.0
2023-03-02 09:30:00-05:00,81.93000030517578,83.08999633789062,81.93000030517578,82.95999908447266,3531,0.0,0.0,0.0
2023-03-02 10:30:00-05:00,82.91000366210938,82.91000366210938,82.6050033569336,82.83999633789062,9546,0.0,0.0,0.0
2023-03-02 11:30:00-05:00,82.79000091552734,82.8499984741211,82.75199890136719,82.8499984741211,2576,0.0,0.0,0.0
2023-03-02 12:30:00-05:00,82.9800033569336,82.9800033569336,82.87000274658203,82.87000274658203,4037,0.0,0.0,0.0
2023-03-02 13:30:00-05:00,82.87999725341797,83.16000366210938,82.87000274658203,83.12999725341797,4239,0.0,0.0,0.0
2023-03-02 14:30:00-05:00,83.16000366210938,83.31999969482422,83.14009857177734,83.30999755859375,3884,0.0,0.0,0.0
2023-03-02 15:30:00-05:00,83.36000061035156,83.44999694824219,83.21980285644531,83.3499984741211,7231,0.0,0.0,0.0
2023-03-03 09:30:00-05:00,83.12999725341797,83.41000366210938,83.06999969482422,83.2699966430664,6668,0.0,0.0,0.0
2023-03-03 10:30:00-05:00,83.33499908447266,83.38999938964844,83.0999984741211,83.37000274658203,11281,0.0,0.0,0.0
2023-03-03 11:30:00-05:00,83.30000305175781,83.48999786376953,83.30000305175781,83.30000305175781,11093,0.0,0.0,0.0
2023-03-03 13:30:00-05:00,83.29000091552734,83.4530029296875,83.29000091552734,83.4530029296875,1480,0.0,0.0,0.0
2023-03-03 14:30:00-05:00,83.4749984741211,83.51000213623047,83.4749984741211,83.4800033569336,1001,0.0,0.0,0.0
2023-03-03 15:30:00-05:00,83.48999786376953,83.58000183105469,83.45999908447266,83.58000183105469,6204,0.0,0.0,0.0
2023-03-06 09:30:00-05:00,82.87999725341797,83.19000244140625,82.4375991821289,83.18000030517578,22256,0.0,0.0,0.0
2023-03-06 10:30:00-05:00,83.04000091552734,83.23999786376953,82.86000061035156,82.86000061035156,3390,0.0,0.0,0.0
2023-03-06 11:30:00-05:00,82.87999725341797,82.98999786376953,82.83000183105469,82.98999786376953,2670,0.0,0.0,0.0
2023-03-06 12:30:00-05:00,82.98999786376953,82.98999786376953,82.70999908447266,82.75,1187,0.0,0.0,0.0
2023-03-06 13:30:00-05:00,82.73999786376953,82.73999786376953,82.62999725341797,82.62999725341797,937,0.0,0.0,0.0
2023-03-06 14:30:00-05:00,82.56999969482422,82.56999969482422,82.32009887695312,82.48999786376953,1638,0.0,0.0,0.0
2023-03-06 15:30:00-05:00,82.4000015258789,82.54000091552734,82.4000015258789,82.43499755859375,5031,0.0,0.0,0.0
2023-03-07 09:30:00-05:00,81.66999816894531,81.66999816894531,80.72000122070312,80.94000244140625,4698,0.0,0.0,0.0
2023-03-07 10:30:00-05:00,81.2156982421875,81.2300033569336,81.08999633789062,81.0999984741211,2053,0.0,0.0,0.0
2023-03-07 11:30:00-05:00,81.0999984741211,81.11000061035156,81.08000183105469,81.0999984741211,1313,0.0,0.0,0.0
2023-03-07 12:30:00-05:00,81.2300033569336,81.2300033569336,80.95999908447266,80.95999908447266,874,0.0,0.0,0.0
2023-03-07 13:30:00-05:00,80.91500091552734,80.91500091552734,80.74500274658203,80.8499984741211,1875,0.0,0.0,0.0
2023-03-07 14:30:00-05:00,80.72000122070312,80.83999633789062,80.625,80.79560089111328,70666,0.0,0.0,0.0
2023-03-07 15:30:00-05:00,80.62999725341797,80.81999969482422,80.58999633789062,80.5999984741211,4997,0.0,0.0,0.0
2023-03-08 09:30:00-05:00,80.08999633789062,80.33999633789062,80.0,80.33999633789062,15569,0.0,0.0,0.0
2023-03-08 10:30:00-05:00,80.18009948730469,80.39459991455078,80.18009948730469,80.39459991455078,1015,0.0,0.0,0.0
2023-03-08 11:30:00-05:00,80.16000366210938,80.16000366210938,80.15160369873047,80.15160369873047,335,0.0,0.0,0.0
2023-03-08 12:30:00-05:00,80.11000061035156,80.11000061035156,80.11000061035156,80.11000061035156,266,0.0,0.0,0.0
2023-03-08 13:30:00-05:00,80.01480102539062,80.01480102539062,80.01480102539062,80.01480102539062,204,0.0,0.0,0.0
2023-03-08 14:30:00-05:00,80.07129669189453,80.07129669189453,80.02999877929688,80.02999877929688,413,0.0,0.0,0.0
2023-03-08 15:30:00-05:00,80.05000305175781,80.26000213623047,80.01000213623047,80.0999984741211,0,0.0,0.0,0.0
2023-03-09 09:30:00-05:00,78.83000183105469,78.83000183105469,78.2699966430664,78.30500030517578,18164,0.0,0.0,0.0
2023-03-09 10:30:00-05:00,78.44999694824219,78.45999908447266,78.0199966430664,78.13999938964844,2754,0.0,0.0,0.0
2023-03-09 11:30:00-05:00,78.0,78.08999633789062,77.9384994506836,77.99009704589844,6208,0.0,0.0,0.0
2023-03-09 12:30:00-05:00,77.98030090332031,77.98030090332031,77.83999633789062,77.9000015258789,4871,0.0,0.0,0.0
2023-03-09 13:30:00-05:00,77.73999786376953,77.80999755859375,77.62000274658203,77.69000244140625,2493,0.0,0.0,0.0
2023-03-09 14:30:00-05:00,77.69999694824219,77.73870086669922,77.36499786376953,77.38999938964844,1909,0.0,0.0,0.0
2023-03-09 15:30:00-05:00,77.41000366210938,77.625,77.41000366210938,77.625,1024,0.0,0.0,0.0
2023-03-10 09:30:00-05:00,77.3499984741211,77.9800033569336,77.29000091552734,77.69000244140625,18962,0.0,0.0,0.0
2023-03-10 10:30:00-05:00,77.9800033569336,78.09989929199219,77.83000183105469,78.03990173339844,5055,0.0,0.0,0.0
2023-03-10 11:30:00-05:00,77.93000030517578,77.93000030517578,77.63269805908203,77.80999755859375,1533,0.0,0.0,0.0
2023-03-10 12:30:00-05:00,77.79000091552734,77.80000305175781,77.79000091552734,77.80000305175781,492,0.0,0.0,0.0
2023-03-10 13:30:00-05:00,77.45800018310547,77.5718994140625,77.45800018310547,77.51000213623047,1506,0.0,0.0,0.0
2023-03-10 14:30:00-05:00,77.7249984741211,77.7249984741211,77.55000305175781,77.58999633789062,2640,0.0,0.0,0.0
2023-03-10 15:30:00-05:00,77.58999633789062,77.5906982421875,77.44000244140625,77.4800033569336,2345,0.0,0.0,0.0
2023-03-13 09:30:00-04:00,77.63999938964844,78.37000274658203,77.58000183105469,78.13999938964844,6272,0.0,0.0,0.0
2023-03-13 10:30:00-04:00,78.50019836425781,78.58999633789062,78.48999786376953,78.58999633789062,663,0.0,0.0,0.0
2023-03-13 11:30:00-04:00,78.6500015258789,78.68000030517578,78.6500015258789,78.68000030517578,809,0.0,0.0,0.0
2023-03-13 12:30:00-04:00,78.37999725341797,78.4000015258789,78.19640350341797,78.19640350341797,1289,0.0,0.0,0.0
2023-03-13 13:30:00-04:00,78.2699966430664,78.73999786376953,78.2699966430664,78.66000366210938,44539,0.0,0.0,0.0
2023-03-13 14:30:00-04:00,78.66500091552734,78.68000030517578,78.48999786376953,78.48999786376953,64874,0.0,0.0,0.0
2023-03-13 15:30:00-04:00,78.44999694824219,78.5198974609375,78.23999786376953,78.31999969482422,1925,0.0,0.0,0.0
2023-03-14 09:30:00-04:00,78.11000061035156,78.37000274658203,77.94999694824219,78.25,7431,0.0,0.0,0.0
2023-03-14 10:30:00-04:00,78.30000305175781,78.7300033569336,78.30000305175781,78.6500015258789,2603,0.0,0.0,0.0
2023-03-14 11:30:00-04:00,78.66000366210938,78.66000366210938,78.55000305175781,78.5999984741211,987,0.0,0.0,0.0
2023-03-14 12:30:00-04:00,78.61000061035156,78.62000274658203,78.3499984741211,78.3499984741211,1076,0.0,0.0,0.0
2023-03-14 13:30:00-04:00,78.36399841308594,78.47000122070312,78.36399841308594,78.45700073242188,1414,0.0,0.0,0.0
2023-03-14 14:30:00-04:00,78.44000244140625,78.58999633789062,78.29000091552734,78.58999633789062,39869,0.0,0.0,0.0
2023-03-14 15:30:00-04:00,78.58999633789062,78.70999908447266,78.5,78.66999816894531,133565,0.0,0.0,0.0
2023-03-15 09:30:00-04:00,77.43000030517578,77.6500015258789,77.12000274658203,77.12999725341797,4607,0.0,0.0,0.0
2023-03-15 10:30:00-04:00,77.05819702148438,77.08399963378906,76.70999908447266,76.95999908447266,9586,0.0,0.0,0.0
2023-03-15 11:30:00-04:00,76.9000015258789,77.19319915771484,76.8499984741211,76.88079833984375,3464,0.0,0.0,0.0
2023-03-15 12:30:00-04:00,76.98999786376953,77.25,76.87999725341797,77.25,12652,0.0,0.0,0.0
2023-03-15 13:30:00-04:00,76.9800033569336,77.37000274658203,76.97000122070312,77.37000274658203,5036,0.0,0.0,0.0
2023-03-15 14:30:00-04:00,77.31999969482422,77.54499816894531,77.30000305175781,77.54499816894531,1480,0.0,0.0,0.0
2023-03-15 15:30:00-04:00,77.56999969482422,77.56999969482422,77.30000305175781,77.56999969482422,0,0.0,0.0,0.0
2023-03-16 09:30:00-04:00,77.11000061035156,77.61499786376953,77.11000061035156,77.37000274658203,3977,0.0,0.0,0.0
2023-03-16 10:30:00-04:00,77.38999938964844,77.83000183105469,77.20999908447266,77.83000183105469,20460,0.0,0.0,0.0
2023-03-16 11:30:00-04:00,77.77999877929688,78.13999938964844,77.62999725341797,78.08000183105469,13487,0.0,0.0,0.0
2023-03-16 12:30:00-04:00,78.08999633789062,78.43000030517578,78.08999633789062,78.17009735107422,3825,0.0,0.0,0.0
2023-03-16 13:30:00-04:00,78.12000274658203,78.19999694824219,77.9800033569336,78.18000030517578,53151,0.0,0.0,0.0
2023-03-16 14:30:00-04:00,78.1449966430664,78.44000244140625,78.11000061035156,78.44000244140625,19190,0.0,0.0,0.0
2023-03-16 15:30:00-04:00,78.48999786376953,78.58999633789062,78.30999755859375,78.33000183105469,12311,0.0,0.0,0.0
2023-03-17 09:30:00-04:00,78.69000244140625,78.69999694824219,78.18000030517578,78.18000030517578,21062,0.0,0.0,0.0
2023-03-17 10:30:00-04:00,78.16000366210938,78.23999786376953,78.0199966430664,78.0199966430664,7357,0.0,0.0,0.0
2023-03-17 11:30:00-04:00,77.98999786376953,78.04000091552734,77.87000274658203,78.04000091552734,9268,0.0,0.0,0.0
2023-03-17 12:30:00-04:00,78.08999633789062,78.33989715576172,77.93499755859375,78.33989715576172,1649,0.0,0.0,0.0
2023-03-17 13:30:00-04:00,78.20999908447266,78.22000122070312,78.05500030517578,78.12000274658203,2200,0.0,0.0,0.0
2023-03-17 14:30:00-04:00,78.11000061035156,78.2300033569336,78.0199966430664,78.12999725341797,92639,0.0,0.0,0.0
2023-03-17 15:30:00-04:00,78.12999725341797,78.27999877929688,78.04000091552734,78.20999908447266,5314,0.0,0.0,0.0
2023-03-20 09:30:00-04:00,77.41999816894531,77.88999938964844,77.20999908447266,77.83999633789062,13658,0.0,0.0,0.0
2023-03-20 10:30:00-04:00,77.88999938964844,78.38999938964844,77.78009796142578,78.05000305175781,2110,0.0,0.0,0.0
2023-03-20 11:30:00-04:00,78.04000091552734,78.04000091552734,77.61000061035156,77.61000061035156,1631,0.0,0.0,0.0
2023-03-20 12:30:00-04:00,77.68000030517578,78.02999877929688,77.68000030517578,78.01000213623047,1886,0.0,0.0,0.0
2023-03-20 13:30:00-04:00,77.81999969482422,77.86000061035156,77.6500015258789,77.86000061035156,1106,0.0,0.0,0.0
2023-03-20 14:30:00-04:00,77.79060363769531,77.79060363769531,77.73999786376953,77.73999786376953,430,0.0,0.0,0.0
2023-03-20 15:30:00-04:00,77.76000213623047,77.80999755859375,77.69000244140625,77.79000091552734,1744,0.0,0.0,0.0
2023-03-21 09:30:00-04:00,78.81999969482422,79.25,78.75,78.83319854736328,18590,0.0,0.0,0.0
2023-03-21 10:30:00-04:00,78.66999816894531,78.80000305175781,78.61000061035156,78.80000305175781,934,0.0,0.0,0.0
2023-03-21 11:30:00-04:00,78.70999908447266,78.78500366210938,78.62000274658203,78.73999786376953,1341,0.0,0.0,0.0
2023-03-21 12:30:00-04:00,78.77999877929688,78.81999969482422,78.62000274658203,78.73650360107422,1620,0.0,0.0,0.0
2023-03-21 13:30:00-04:00,78.9000015258789,78.98999786376953,78.80000305175781,78.91999816894531,137504,0.0,0.0,0.0
2023-03-21 14:30:00-04:00,78.94000244140625,79.0,78.94000244140625,79.0,871,0.0,0.0,0.0
2023-03-21 15:30:00-04:00,79.01000213623047,79.14990234375,79.0,79.0,2164,0.0,0.0,0.0
2023-03-22 09:30:00-04:00,79.44000244140625,79.77999877929688,79.2300033569336,79.77999877929688,13342,0.0,0.0,0.0
2023-03-22 10:30:00-04:00,79.7699966430664,79.88999938964844,79.69999694824219,79.75,11949,0.0,0.0,0.0
2023-03-22 11:30:00-04:00,79.63999938964844,79.63999938964844,79.48999786376953,79.52020263671875,1788,0.0,0.0,0.0
2023-03-22 12:30:00-04:00,79.48999786376953,79.5,79.46019744873047,79.46019744873047,1188,0.0,0.0,0.0
2023-03-22 13:30:00-04:00,79.44499969482422,79.8499984741211,79.33999633789062,79.69000244140625,2973,0.0,0.0,0.0
2023-03-22 14:30:00-04:00,79.83999633789062,80.31999969482422,79.69000244140625,80.0,22506,0.0,0.0,0.0
2023-03-22 15:30:00-04:00,80.01000213623047,80.01000213623047,79.19999694824219,79.25,10383,0.0,0.0,0.0
2023-03-23 09:30:00-04:00,81.41000366210938,82.1500015258789,81.41000366210938,82.0,11472,0.0,0.0,0.0
2023-03-23 10:30:00-04:00,82.05000305175781,82.16500091552734,81.7699966430664,81.95999908447266,20043,0.0,0.0,0.0
2023-03-23 11:30:00-04:00,82.11000061035156,82.2300033569336,81.73999786376953,81.73999786376953,8733,0.0,0.0,0.0
2023-03-23 12:30:00-04:00,81.7300033569336,81.80000305175781,81.36000061035156,81.36000061035156,2958,0.0,0.0,0.0
2023-03-23 13:30:00-04:00,81.30000305175781,81.45999908447266,81.2300033569336,81.2300033569336,2268,0.0,0.0,0.0
2023-03-23 14:30:00-04:00,81.05000305175781,81.05000305175781,80.66000366210938,81.0199966430664,3333,0.0,0.0,0.0
2023-03-23 15:30:00-04:00,80.98999786376953,81.37999725341797,80.94000244140625,81.33999633789062,2597,0.0,0.0,0.0
2023-03-24 09:30:00-04:00,80.51000213623047,80.81500244140625,80.51000213623047,80.58999633789062,2984,0.0,0.0,0.0
2023-03-24 10:30:00-04:00,80.4844970703125,80.5999984741211,80.40059661865234,80.40059661865234,801,0.0,0.0,0.0
2023-03-24 11:30:00-04:00,80.66999816894531,80.66999816894531,80.66999816894531,80.66999816894531,1369,0.0,0.0,0.0
2023-03-24 12:30:00-04:00,80.52999877929688,80.58000183105469,80.30999755859375,80.56500244140625,1454,0.0,0.0,0.0
2023-03-24 13:30:00-04:00,80.56639862060547,80.66999816894531,80.54000091552734,80.62000274658203,2514,0.0,0.0,0.0
2023-03-24 14:30:00-04:00,80.6500015258789,80.83999633789062,80.61620330810547,80.81999969482422,16023,0.0,0.0,0.0
2023-03-24 15:30:00-04:00,80.83000183105469,80.83000183105469,80.7300033569336,80.83000183105469,6144,0.0,0.0,0.0
2023-03-27 09:30:00-04:00,79.52999877929688,79.8499984741211,79.30010223388672,79.37000274658203,8583,0.0,0.0,0.0
2023-03-27 10:30:00-04:00,79.23999786376953,79.58999633789062,79.23999786376953,79.3499984741211,1499,0.0,0.0,0.0
2023-03-27 11:30:00-04:00,79.36000061035156,79.41000366210938,79.22000122070312,79.4000015258789,4716,0.0,0.0,0.0
2023-03-27 12:30:00-04:00,79.37999725341797,79.47000122070312,79.31009674072266,79.31009674072266,2168,0.0,0.0,0.0
2023-03-27 13:30:00-04:00,79.45999908447266,79.62999725341797,79.45999908447266,79.62999725341797,2659,0.0,0.0,0.0
2023-03-27 14:30:00-04:00,79.62999725341797,79.73999786376953,79.52999877929688,79.62000274658203,3214,0.0,0.0,0.0
2023-03-27 15:30:00-04:00,79.72000122070312,79.73999786376953,79.62000274658203,79.62000274658203,2552,0.0,0.0,0.0
2023-03-28 09:30:00-04:00,81.12999725341797,81.86000061035156,80.98999786376953,80.98999786376953,24078,0.0,0.0,0.0
2023-03-28 10:30:00-04:00,81.05999755859375,81.37349700927734,81.05999755859375,81.37349700927734,1258,0.0,0.0,0.0
2023-03-28 11:30:00-04:00,81.5,81.66999816894531,81.37999725341797,81.38999938964844,2850,0.0,0.0,0.0
2023-03-28 13:30:00-04:00,81.69000244140625,81.72000122070312,81.63970184326172,81.69999694824219,1375,0.0,0.0,0.0
2023-03-28 14:30:00-04:00,81.63179779052734,81.63179779052734,81.63179779052734,81.63179779052734,406,0.0,0.0,0.0
2023-03-28 15:30:00-04:00,81.80899810791016,81.95999908447266,81.77999877929688,81.95999908447266,1031,0.0,0.0,0.0
2023-03-29 09:30:00-04:00,81.68000030517578,81.83499908447266,81.19000244140625,81.83499908447266,19840,0.0,0.0,0.0
2023-03-29 10:30:00-04:00,81.80000305175781,82.02999877929688,81.7300033569336,81.93009948730469,15231,0.0,0.0,0.0
2023-03-29 11:30:00-04:00,82.0,82.125,82.0,82.125,7554,0.0,0.0,0.0
2023-03-29 12:30:00-04:00,82.13999938964844,82.16999816894531,81.94999694824219,81.94999694824219,14026,0.0,0.0,0.0
2023-03-29 13:30:00-04:00,81.87999725341797,82.04000091552734,81.87999725341797,82.0199966430664,3386,0.0,0.0,0.0
2023-03-29 14:30:00-04:00,82.00499725341797,82.06500244140625,81.91000366210938,81.99500274658203,2979,0.0,0.0,0.0
2023-03-29 15:30:00-04:00,81.95999908447266,81.95999908447266,81.83000183105469,81.88999938964844,395,0.0,0.0,0.0
2023-03-30 09:30:00-04:00,82.58999633789062,83.23999786376953,82.56999969482422,82.58000183105469,2788,0.0,0.0,0.0
2023-03-30 10:30:00-04:00,82.69319915771484,83.02999877929688,82.69319915771484,82.81999969482422,3396,0.0,0.0,0.0
2023-03-30 11:30:00-04:00,83.08000183105469,83.1500015258789,82.98860168457031,83.1500015258789,1263,0.0,0.0,0.0
2023-03-30 12:30:00-04:00,83.01969909667969,83.0999984741211,82.94999694824219,82.97000122070312,1703,0.0,0.0,0.0
2023-03-30 13:30:00-04:00,82.87239837646484,82.91000366210938,82.76290130615234,82.91000366210938,2634,0.0,0.0,0.0
2023-03-30 14:30:00-04:00,82.81210327148438,82.81210327148438,82.81210327148438,82.81210327148438,298,0.0,0.0,0.0
2023-03-30 15:30:00-04:00,83.0999984741211,83.0999984741211,83.0999984741211,83.0999984741211,477,0.0,0.0,0.0
2023-03-31 09:30:00-04:00,82.66999816894531,82.80039978027344,82.62999725341797,82.80039978027344,0,0.0,0.0,0.0
2023-03-31 10:30:00-04:00,82.49829864501953,82.54499816894531,82.49829864501953,82.54499816894531,458,0.0,0.0,0.0
2023-03-31 11:30:00-04:00,82.58609771728516,82.5999984741211,82.41000366210938,82.41000366210938,971,0.0,0.0,0.0
2023-03-31 12:30:00-04:00,82.46499633789062,82.63999938964844,82.4000015258789,82.41000366210938,14784,0.0,0.0,0.0
2023-03-31 13:30:00-04:00,82.5,82.5,82.26000213623047,82.26249694824219,19313,0.0,0.0,0.0
2023-03-31 14:30:00-04:00,82.27999877929688,82.33000183105469,82.25499725341797,82.30000305175781,175336,0.0,0.0,0.0
2023-03-31 15:30:00-04:00,82.19000244140625,82.41000366210938,82.19000244140625,82.30000305175781,3640,0.0,0.0,0.0
2023-04-03 09:30:00-04:00,82.68000030517578,82.7300033569336,82.3761978149414,82.63999938964844,14182,0.0,0.0,0.0
2023-04-03 10:30:00-04:00,82.66999816894531,82.66999816894531,82.27999877929688,82.37000274658203,2765,0.0,0.0,0.0
2023-04-03 11:30:00-04:00,82.63999938964844,82.69999694824219,82.57499694824219,82.66999816894531,77610,0.0,0.0,0.0
2023-04-03 12:30:00-04:00,82.43000030517578,82.43000030517578,82.43000030517578,82.43000030517578,430,0.0,0.0,0.0
2023-04-03 13:30:00-04:00,82.33999633789062,82.42500305175781,82.25029754638672,82.38999938964844,2219,0.0,0.0,0.0
2023-04-03 14:30:00-04:00,82.41000366210938,82.54000091552734,82.41000366210938,82.54000091552734,501,0.0,0.0,0.0
2023-04-03 15:30:00-04:00,82.37000274658203,82.58000183105469,82.3499984741211,82.58000183105469,2442,0.0,0.0,0.0
2023-04-04 09:30:00-04:00,81.8499984741211,82.16999816894531,81.75,81.83000183105469,3753,0.0,0.0,0.0
2023-04-04 10:30:00-04:00,82.06999969482422,82.0999984741211,81.93000030517578,82.0,4346,0.0,0.0,0.0
2023-04-04 11:30:00-04:00,82.0199966430664,82.11000061035156,81.80000305175781,81.81999969482422,5876,0.0,0.0,0.0
2023-04-04 12:30:00-04:00,81.8499984741211,82.04000091552734,81.8499984741211,82.04000091552734,3138,0.0,0.0,0.0
2023-04-04 13:30:00-04:00,82.04000091552734,82.11000061035156,82.01000213623047,82.01000213623047,1146,0.0,0.0,0.0
2023-04-04 14:30:00-04:00,82.17500305175781,82.30599975585938,82.16000366210938,82.30599975585938,1944,0.0,0.0,0.0
2023-04-04 15:30:00-04:00,82.27999877929688,82.30999755859375,82.0999984741211,82.30999755859375,884,0.0,0.0,0.0
2023-04-05 09:30:00-04:00,81.9800033569336,81.9800033569336,81.49130249023438,81.49130249023438,1069,0.0,0.0,0.0
2023-04-05 10:30:00-04:00,81.22000122070312,81.2300033569336,80.94999694824219,80.94999694824219,1186,0.0,0.0,0.0
2023-04-05 11:30:00-04:00,81.18000030517578,81.26499938964844,81.16100311279297,81.23999786376953,1291,0.0,0.0,0.0
2023-04-05 12:30:00-04:00,81.16999816894531,81.16999816894531,81.16999816894531,81.16999816894531,176,0.0,0.0,0.0
2023-04-05 13:30:00-04:00,81.27999877929688,81.27999877929688,81.27999877929688,81.27999877929688,219,0.0,0.0,0.0
2023-04-05 14:30:00-04:00,81.38999938964844,81.40499877929688,81.37999725341797,81.40499877929688,766,0.0,0.0,0.0
2023-04-05 15:30:00-04:00,81.0999984741211,81.43000030517578,81.0999984741211,81.25,1951,0.0,0.0,0.0
2023-04-06 09:30:00-04:00,81.43000030517578,81.73989868164062,81.43000030517578,81.62000274658203,1364,0.0,0.0,0.0
2023-04-06 10:30:00-04:00,81.81500244140625,81.95999908447266,81.81500244140625,81.86000061035156,870,0.0,0.0,0.0
2023-04-06 11:30:00-04:00,82.19000244140625,82.19000244140625,82.14129638671875,82.14129638671875,358,0.0,0.0,0.0
2023-04-06 12:30:00-04:00,82.25,82.37129974365234,82.25,82.37129974365234,843,0.0,0.0,0.0
2023-04-06 13:30:00-04:00,82.20999908447266,82.33999633789062,82.20999908447266,82.22119903564453,1072,0.0,0.0,0.0
2023-04-06 14:30:00-04:00,82.32150268554688,82.3949966430664,82.22699737548828,82.30000305175781,3062,0.0,0.0,0.0
2023-04-06 15:30:00-04:00,82.33000183105469,82.33000183105469,82.16000366210938,82.27999877929688,1798,0.0,0.0,0.0
2023-04-10 09:30:00-04:00,81.55000305175781,82.11000061035156,81.55000305175781,81.69049835205078,4482,0.0,0.0,0.0
2023-04-10 10:30:00-04:00,81.72000122070312,81.80999755859375,81.68000030517578,81.79000091552734,1952,0.0,0.0,0.0
2023-04-10 11:30:00-04:00,81.79000091552734,81.79000091552734,81.51499938964844,81.55999755859375,1426,0.0,0.0,0.0
2023-04-10 12:30:00-04:00,81.66999816894531,81.68000030517578,81.66999816894531,81.68000030517578,442,0.0,0.0,0.0
2023-04-10 13:30:00-04:00,81.55010223388672,81.63999938964844,81.55010223388672,81.63999938964844,399,0.0,0.0,0.0
2023-04-10 14:30:00-04:00,81.75,81.9000015258789,81.75,81.9000015258789,925,0.0,0.0,0.0
2023-04-10 15:30:00-04:00,81.80000305175781,82.0386962890625,81.80000305175781,82.0199966430664,811,0.0,0.0,0.0
2023-04-11 09:30:00-04:00,82.5,82.57499694824219,82.20999908447266,82.51000213623047,12455,0.0,0.0,0.0
2023-04-11 10:30:00-04:00,82.62149810791016,82.62149810791016,82.38999938964844,82.45999908447266,10471,0.0,0.0,0.0
2023-04-11 11:30:00-04:00,82.30999755859375,82.30999755859375,82.19999694824219,82.25,539,0.0,0.0,0.0
2023-04-11 12:30:00-04:00,82.25340270996094,82.28500366210938,82.24500274658203,82.25499725341797,1173,0.0,0.0,0.0
2023-04-11 13:30:00-04:00,82.29000091552734,82.29000091552734,82.20999908447266,82.20999908447266,718,0.0,0.0,0.0
2023-04-11 14:30:00-04:00,82.21479797363281,82.26499938964844,82.21479797363281,82.25,1381,0.0,0.0,0.0
2023-04-11 15:30:00-04:00,82.20999908447266,82.30500030517578,81.98999786376953,82.0,7430,0.0,0.0,0.0
2023-04-12 09:30:00-04:00,81.58999633789062,81.58999633789062,80.86620330810547,81.05000305175781,2631,0.0,0.0,0.0
2023-04-12 10:30:00-04:00,80.83000183105469,80.83000183105469,80.33000183105469,80.5,1919,0.0,0.0,0.0
2023-04-12 11:30:00-04:00,80.45500183105469,80.51000213623047,80.36000061035156,80.51000213623047,16197,0.0,0.0,0.0
2023-04-12 12:30:00-04:00,80.52999877929688,80.63009643554688,80.4000015258789,80.63009643554688,983,0.0,0.0,0.0
2023-04-12 13:30:00-04:00,80.56500244140625,80.56500244140625,80.24909973144531,80.24909973144531,8468,0.0,0.0,0.0
2023-04-12 14:30:00-04:00,80.06999969482422,80.06999969482422,80.05999755859375,80.05999755859375,499,0.0,0.0,0.0
2023-04-12 15:30:00-04:00,80.08999633789062,80.18000030517578,80.08999633789062,80.18000030517578,563,0.0,0.0,0.0
2023-04-13 09:30:00-04:00,81.44999694824219,81.78269958496094,81.44999694824219,81.63999938964844,3028,0.0,0.0,0.0
2023-04-13 10:30:00-04:00,81.55000305175781,81.55000305175781,81.4800033569336,81.52999877929688,1004,0.0,0.0,0.0
2023-04-13 11:30:00-04:00,81.64730072021484,81.70999908447266,81.64730072021484,81.7074966430664,1440,0.0,0.0,0.0
2023-04-13 12:30:00-04:00,81.73999786376953,81.7699966430664,81.7300033569336,81.7300033569336,1364,0.0,0.0,0.0
2023-04-13 14:30:00-04:00,81.6541976928711,81.81999969482422,81.63999938964844,81.81999969482422,1584,0.0,0.0,0.0
2023-04-13 15:30:00-04:00,81.69000244140625,81.8499984741211,81.6500015258789,81.8499984741211,0,0.0,0.0,0.0
2023-04-14 09:30:00-04:00,81.38999938964844,81.68000030517578,81.16829681396484,81.16829681396484,5379,0.0,0.0,0.0
2023-04-14 10:30:00-04:00,81.0530014038086,81.0530014038086,80.87999725341797,80.87999725341797,1304,0.0,0.0,0.0
2023-04-14 11:30:00-04:00,80.90499877929688,80.97000122070312,80.8550033569336,80.88500213623047,2742,0.0,0.0,0.0
2023-04-14 12:30:00-04:00,80.8550033569336,81.0,80.83000183105469,81.0,1433,0.0,0.0,0.0
2023-04-14 13:30:00-04:00,80.94999694824219,81.05999755859375,80.87999725341797,81.0,3309,0.0,0.0,0.0
2023-04-14 14:30:00-04:00,81.04000091552734,81.15899658203125,80.95500183105469,81.0250015258789,4129,0.0,0.0,0.0
2023-04-14 15:30:00-04:00,81.08000183105469,81.13999938964844,81.08000183105469,81.13999938964844,436,0.0,0.0,0.0
2023-04-17 09:30:00-04:00,82.41000366210938,82.4800033569336,82.11000061035156,82.2699966430664,22472,0.0,0.0,0.0
2023-04-17 10:30:00-04:00,82.29000091552734,82.29000091552734,82.0999984741211,82.2699966430664,866,0.0,0.0,0.0
2023-04-17 11:30:00-04:00,82.21009826660156,82.21009826660156,82.21009826660156,82.21009826660156,264,0.0,0.0,0.0
2023-04-17 12:30:00-04:00,82.33000183105469,82.33000183105469,82.22000122070312,82.22000122070312,671,0.0,0.0,0.0
2023-04-17 13:30:00-04:00,82.43000030517578,82.43000030517578,82.4000015258789,82.4000015258789,524,0.0,0.0,0.0
2023-04-17 14:30:00-04:00,82.5,82.55380249023438,82.5,82.51329803466797,1274,0.0,0.0,0.0
2023-04-17 15:30:00-04:00,82.55999755859375,82.66000366210938,82.48999786376953,82.66000366210938,1773,0.0,0.0,0.0
2023-04-18 09:30:00-04:00,82.7699966430664,82.88469696044922,82.6500015258789,82.74299621582031,2941,0.0,0.0,0.0
2023-04-18 10:30:00-04:00,82.55999755859375,82.66000366210938,82.35230255126953,82.35230255126953,2894,0.0,0.0,0.0
2023-04-18 11:30:00-04:00,82.43000030517578,82.44000244140625,82.33999633789062,82.4000015258789,888,0.0,0.0,0.0
2023-04-18 12:30:00-04:00,82.45999908447266,82.47740173339844,82.3323974609375,82.3323974609375,2092,0.0,0.0,0.0
2023-04-18 13:30:00-04:00,82.33000183105469,82.33000183105469,82.33000183105469,82.33000183105469,255,0.0,0.0,0.0
2023-04-18 14:30:00-04:00,82.33999633789062,82.36009979248047,82.27140045166016,82.36009979248047,2316,0.0,0.0,0.0
2023-04-18 15:30:00-04:00,82.5,82.5,82.33999633789062,82.4800033569336,849,0.0,0.0,0.0
2023-04-19 09:30:00-04:00,81.37000274658203,81.38300323486328,81.04519653320312,81.37999725341797,0,0.0,0.0,0.0
2023-04-19 10:30:00-04:00,81.44999694824219,81.4800033569336,81.26000213623047,81.43000030517578,3007,0.0,0.0,0.0
2023-04-19 11:30:00-04:00,81.52999877929688,81.54000091552734,81.52999877929688,81.54000091552734,867,0.0,0.0,0.0
2023-04-19 12:30:00-04:00,81.55000305175781,81.66999816894531,81.5457992553711,81.5457992553711,1033,0.0,0.0,0.0
2023-04-19 13:30:00-04:00,81.5999984741211,81.5999984741211,81.45760345458984,81.5999984741211,4850,0.0,0.0,0.0
2023-04-19 14:30:00-04:00,81.55500030517578,81.55500030517578,81.45999908447266,81.55500030517578,8397,0.0,0.0,0.0
2023-04-19 15:30:00-04:00,81.49500274658203,81.52999877929688,81.33999633789062,81.33999633789062,2659,0.0,0.0,0.0
2023-04-20 09:30:00-04:00,81.19999694824219,81.55999755859375,81.19999694824219,81.5,6340,0.0,0.0,0.0
2023-04-20 10:30:00-04:00,81.48999786376953,81.49169921875,81.13999938964844,81.13999938964844,1017,0.0,0.0,0.0
2023-04-20 11:30:00-04:00,81.05000305175781,81.05989837646484,80.91000366210938,80.91000366210938,2313,0.0,0.0,0.0
2023-04-20 12:30:00-04:00,80.9000015258789,80.9000015258789,80.88020324707031,80.88999938964844,438,0.0,0.0,0.0
2023-04-20 13:30:00-04:00,80.84290313720703,81.0198974609375,80.81999969482422,80.83499908447266,1721,0.0,0.0,0.0
2023-04-20 14:30:00-04:00,80.6500015258789,80.6500015258789,80.61000061035156,80.625,1623,0.0,0.0,0.0
2023-04-20 15:30:00-04:00,80.66999816894531,80.93000030517578,80.66999816894531,80.88999938964844,0,0.0,0.0,0.0
2023-04-21 09:30:00-04:00,79.56999969482422,79.61000061035156,78.98049926757812,79.4218978881836,4929,0.0,0.0,0.0
2023-04-21 10:30:00-04:00,79.37999725341797,79.43000030517578,79.2301025390625,79.3573989868164,6906,0.0,0.0,0.0
2023-04-21 11:30:00-04:00,79.47000122070312,79.58999633789062,79.41000366210938,79.58999633789062,2332,0.0,0.0,0.0
2023-04-21 12:30:00-04:00,79.41000366210938,79.55999755859375,79.38089752197266,79.48999786376953,2900,0.0,0.0,0.0
2023-04-21 13:30:00-04:00,79.48999786376953,79.63999938964844,79.47000122070312,79.55999755859375,3692,0.0,0.0,0.0
2023-04-21 14:30:00-04:00,79.5,79.75,79.4104995727539,79.55999755859375,275169,0.0,0.0,0.0
2023-04-21 15:30:00-04:00,79.55999755859375,79.56999969482422,79.5,79.55999755859375,0,0.0,0.0,0.0
2023-04-24 09:30:00-04:00,78.97000122070312,78.98999786376953,78.67109680175781,78.77999877929688,15782,0.0,0.0,0.0
2023-04-24 10:30:00-04:00,78.81999969482422,78.81999969482422,78.47000122070312,78.47000122070312,4555,0.0,0.0,0.0
2023-04-24 11:30:00-04:00,78.5199966430664,78.62999725341797,78.35009765625,78.56500244140625,3682,0.0,0.0,0.0
2023-04-24 12:30:00-04:00,78.62000274658203,78.62000274658203,78.47000122070312,78.5199966430664,5813,0.0,0.0,0.0
2023-04-24 13:30:00-04:00,78.52999877929688,78.61000061035156,78.4800033569336,78.58999633789062,2485,0.0,0.0,0.0
2023-04-24 14:30:00-04:00,78.58000183105469,78.68000030517578,78.56999969482422,78.6500015258789,1375,0.0,0.0,0.0
2023-04-24 15:30:00-04:00,78.6500015258789,78.69999694824219,78.62000274658203,78.69999694824219,1952,0.0,0.0,0.0
2023-04-25 09:30:00-04:00,77.27999877929688,77.27999877929688,76.81500244140625,76.86000061035156,10284,0.0,0.0,0.0
2023-04-25 10:30:00-04:00,76.87999725341797,77.0145034790039,76.80999755859375,77.0145034790039,3100,0.0,0.0,0.0
2023-04-25 11:30:00-04:00,77.0,77.0,76.83999633789062,76.83999633789062,0,0.0,0.0,0.0
2023-04-25 12:30:00-04:00,76.83000183105469,76.83999633789062,76.68000030517578,76.72000122070312,18976,0.0,0.0,0.0
2023-04-25 13:30:00-04:00,76.68000030517578,76.73999786376953,76.41010284423828,76.5999984741211,2227,0.0,0.0,0.0
2023-04-25 14:30:00-04:00,76.63999938964844,76.73999786376953,76.51010131835938,76.62999725341797,4623,0.0,0.0,0.0
2023-04-25 15:30:00-04:00,76.66999816894531,76.73999786376953,76.54000091552734,76.54000091552734,16113,0.0,0.0,0.0
2023-04-26 09:30:00-04:00,78.3499984741211,78.41000366210938,77.91999816894531,77.91999816894531,4511,0.0,0.0,0.0
2023-04-26 10:30:00-04:00,77.97000122070312,78.18000030517578,77.97000122070312,78.18000030517578,782,0.0,0.0,0.0
2023-04-26 11:30:00-04:00,77.94000244140625,77.94000244140625,77.87999725341797,77.93000030517578,16761,0.0,0.0,0.0
2023-04-26 12:30:00-04:00,77.94999694824219,77.94999694824219,77.88999938964844,77.88999938964844,3384,0.0,0.0,0.0
2023-04-26 13:30:00-04:00,77.81999969482422,77.87999725341797,77.81999969482422,77.87999725341797,827,0.0,0.0,0.0
2023-04-26 14:30:00-04:00,77.70999908447266,77.70999908447266,77.6875991821289,77.6875991821289,2478,0.0,0.0,0.0
2023-04-26 15:30:00-04:00,77.68990325927734,77.68990325927734,77.52999877929688,77.65499877929688,11035,0.0,0.0,0.0
2023-04-27 09:30:00-04:00,77.93000030517578,78.13899993896484,77.80000305175781,78.12999725341797,4391,0.0,0.0,0.0
2023-04-27 10:30:00-04:00,78.1686019897461,78.18000030517578,78.12999725341797,78.16739654541016,2236,0.0,0.0,0.0
2023-04-27 11:30:00-04:00,78.50990295410156,78.50990295410156,78.50990295410156,78.50990295410156,207,0.0,0.0,0.0
2023-04-27 12:30:00-04:00,78.45999908447266,78.52999877929688,78.44010162353516,78.52999877929688,1920,0.0,0.0,0.0
2023-04-27 13:30:00-04:00,78.73999786376953,78.73999786376953,78.69999694824219,78.69999694824219,6658,0.0,0.0,0.0
2023-04-27 15:30:00-04:00,78.62999725341797,78.62999725341797,78.62999725341797,78.62999725341797,253,0.0,0.0,0.0
2023-04-28 09:30:00-04:00,78.75,78.87999725341797,78.48999786376953,78.87999725341797,10892,0.0,0.0,0.0
2023-04-28 10:30:00-04:00,79.0,79.01000213623047,79.0,79.01000213623047,538,0.0,0.0,0.0
2023-04-28 11:30:00-04:00,79.02999877929688,79.06999969482422,79.02999877929688,79.06999969482422,611,0.0,0.0,0.0
2023-04-28 12:30:00-04:00,79.17849731445312,79.17849731445312,79.17849731445312,79.17849731445312,307,0.0,0.0,0.0
2023-04-28 13:30:00-04:00,79.09010314941406,79.2699966430664,79.09010314941406,79.2300033569336,14603,0.0,0.0,0.0
2023-04-28 14:30:00-04:00,79.19270324707031,79.19270324707031,79.1500015258789,79.18000030517578,883,0.0,0.0,0.0
2023-04-28 15:30:00-04:00,79.11000061035156,79.16999816894531,79.07499694824219,79.1500015258789,4954,0.0,0.0,0.0
2023-05-01 09:30:00-04:00,78.87999725341797,79.48999786376953,78.82319641113281,78.91999816894531,5991,0.0,0.0,0.0
2023-05-01 10:30:00-04:00,79.08000183105469,79.08000183105469,79.08000183105469,79.08000183105469,0,0.0,0.0,0.0
2023-05-01 11:30:00-04:00,78.93499755859375,78.93499755859375,78.93499755859375,78.93499755859375,203482,0.0,0.0,0.0
2023-05-01 12:30:00-04:00,78.97540283203125,79.08999633789062,78.95999908447266,79.08999633789062,952,0.0,0.0,0.0
2023-05-01 13:30:00-04:00,78.94999694824219,78.94999694824219,78.93000030517578,78.94000244140625,1530,0.0,0.0,0.0
2023-05-01 14:30:00-04:00,78.8499984741211,79.01000213623047,78.81999969482422,78.94000244140625,2447,0.0,0.0,0.0
2023-05-01 15:30:00-04:00,78.84500122070312,78.94000244140625,78.83999633789062,78.94000244140625,0,0.0,0.0,0.0
2023-05-02 09:30:00-04:00,78.30999755859375,78.43000030517578,77.36000061035156,77.36000061035156,38938,0.0,0.0,0.0
2023-05-02 10:30:00-04:00,77.26000213623047,77.4552001953125,77.15010070800781,77.30000305175781,2365,0.0,0.0,0.0
2023-05-02 11:30:00-04:00,77.30999755859375,77.56999969482422,77.30999755859375,77.5199966430664,3022,0.0,0.0,0.0
2023-05-02 12:30:00-04:00,77.54000091552734,77.62999725341797,77.49579620361328,77.56999969482422,1169,0.0,0.0,0.0
2023-05-02 13:30:00-04:00,77.61000061035156,77.63999938964844,77.33000183105469,77.55000305175781,2614,0.0,0.0,0.0
2023-05-02 14:30:00-04:00,77.5,77.56900024414062,77.44999694824219,77.54000091552734,1763,0.0,0.0,0.0
2023-05-02 15:30:00-04:00,77.41999816894531,77.66000366210938,77.41999816894531,77.66000366210938,1063,0.0,0.0,0.0
2023-05-03 09:30:00-04:00,77.33000183105469,77.45999908447266,77.24559783935547,77.24559783935547,7219,0.0,0.0,0.0
2023-05-03 10:30:00-04:00,77.36000061035156,77.58869934082031,77.36000061035156,77.58869934082031,714,0.0,0.0,0.0
2023-05-03 11:30:00-04:00,77.44000244140625,77.56999969482422,77.3301010131836,77.56999969482422,38259,0.0,0.0,0.0
2023-05-03 12:30:00-04:00,77.5199966430664,77.58999633789062,77.47000122070312,77.47000122070312,7591,0.0,0.0,0.0
2023-05-03 13:30:00-04:00,77.58499908447266,77.72000122070312,77.58499908447266,77.72000122070312,2167,0.0,0.0,0.0
2023-05-03 14:30:00-04:00,77.59010314941406,77.7300033569336,77.38890075683594,77.43000030517578,3616,0.0,0.0,0.0
2023-05-03 15:30:00-04:00,77.41999816894531,77.41999816894531,77.22000122070312,77.33999633789062,9503,0.0,0.0,0.0
2023-05-04 09:30:00-04:00,78.2699966430664,78.83999633789062,78.2699966430664,78.66999816894531,7953,0.0,0.0,0.0
2023-05-04 10:30:00-04:00,78.5199966430664,78.60990142822266,78.5199966430664,78.60990142822266,625,0.0,0.0,0.0
2023-05-04 11:30:00-04:00,78.54000091552734,78.6500015258789,78.48500061035156,78.61000061035156,2429,0.0,0.0,0.0
2023-05-04 12:30:00-04:00,78.62000274658203,78.62000274658203,78.62000274658203,78.62000274658203,278,0.0,0.0,0.0
2023-05-04 13:30:00-04:00,78.80500030517578,78.80500030517578,78.69999694824219,78.69999694824219,1889,0.0,0.0,0.0
2023-05-04 14:30:00-04:00,78.69999694824219,78.75,78.66000366210938,78.70999908447266,3859,0.0,0.0,0.0
2023-05-04 15:30:00-04:00,78.68499755859375,78.7300033569336,78.62999725341797,78.62999725341797,0,0.0,0.0,0.0
2023-05-05 09:30:00-04:00,78.9000015258789,78.9000015258789,78.51000213623047,78.83000183105469,2397,0.0,0.0,0.0
2023-05-05 10:30:00-04:00,78.94149780273438,78.9800033569336,78.94149780273438,78.9800033569336,1610,0.0,0.0,0.0
2023-05-05 12:30:00-04:00,79.22000122070312,79.22000122070312,79.22000122070312,79.22000122070312,263,0.0,0.0,0.0
2023-05-05 14:30:00-04:00,79.18000030517578,79.3812026977539,79.18000030517578,79.23999786376953,867,0.0,0.0,0.0
2023-05-08 09:30:00-04:00,79.88999938964844,79.88999938964844,79.39250183105469,79.61119842529297,6064,0.0,0.0,0.0
2023-05-08 10:30:00-04:00,79.33999633789062,79.33999633789062,79.33999633789062,79.33999633789062,352,0.0,0.0,0.0
2023-05-08 11:30:00-04:00,79.41000366210938,79.46399688720703,79.37999725341797,79.46399688720703,728,0.0,0.0,0.0
2023-05-08 12:30:00-04:00,79.45500183105469,79.46499633789062,79.36000061035156,79.44010162353516,125317,0.0,0.0,0.0
2023-05-08 13:30:00-04:00,79.43000030517578,79.43499755859375,79.29000091552734,79.33000183105469,5685,0.0,0.0,0.0
2023-05-08 14:30:00-04:00,79.44000244140625,79.58000183105469,79.44000244140625,79.44000244140625,7369,0.0,0.0,0.0
2023-05-08 15:30:00-04:00,79.42500305175781,79.44000244140625,79.42500305175781,79.44000244140625,0,0.0,0.0,0.0
2023-05-09 09:30:00-04:00,77.86000061035156,78.29000091552734,77.86000061035156,78.19000244140625,5289,0.0,0.0,0.0
2023-05-09 10:30:00-04:00,78.18000030517578,78.18000030517578,78.16000366210938,78.16000366210938,650,0.0,0.0,0.0
2023-05-09 11:30:00-04:00,78.16000366210938,78.26000213623047,78.08999633789062,78.26000213623047,546,0.0,0.0,0.0
2023-05-09 12:30:00-04:00,78.26000213623047,78.35990142822266,78.19999694824219,78.35990142822266,1119,0.0,0.0,0.0
2023-05-09 13:30:00-04:00,78.41780090332031,78.41780090332031,78.38999938964844,78.38999938964844,567,0.0,0.0,0.0
2023-05-09 14:30:00-04:00,78.4000015258789,78.51000213623047,78.2699966430664,78.37000274658203,87650,0.0,0.0,0.0
2023-05-09 15:30:00-04:00,78.23249816894531,78.37999725341797,78.20999908447266,78.37999725341797,1960,0.0,0.0,0.0
2023-05-10 09:30:00-04:00,77.8499984741211,78.31800079345703,77.8499984741211,78.19999694824219,2805,0.0,0.0,0.0
2023-05-10 10:30:00-04:00,78.15049743652344,78.15049743652344,77.79000091552734,77.98989868164062,0,0.0,0.0,0.0
2023-05-10 11:30:00-04:00,78.05999755859375,78.13999938964844,77.84500122070312,77.84500122070312,8550,0.0,0.0,0.0
2023-05-10 12:30:00-04:00,77.80000305175781,77.87999725341797,77.55999755859375,77.60269927978516,5611,0.0,0.0,0.0
2023-05-10 13:30:00-04:00,77.76000213623047,77.87999725341797,77.76000213623047,77.87999725341797,667,0.0,0.0,0.0
2023-05-10 14:30:00-04:00,77.87999725341797,78.06999969482422,77.87999725341797,78.06999969482422,2205,0.0,0.0,0.0
2023-05-10 15:30:00-04:00,78.06999969482422,78.06999969482422,77.94000244140625,77.94000244140625,0,0.0,0.0,0.0
2023-05-11 09:30:00-04:00,77.73999786376953,78.27999877929688,77.73999786376953,77.8292007446289,13840,0.0,0.0,0.0
2023-05-11 10:30:00-04:00,78.0093002319336,78.0093002319336,77.83999633789062,77.83999633789062,8523,0.0,0.0,0.0
2023-05-11 11:30:00-04:00,78.08999633789062,78.11000061035156,78.08999633789062,78.09629821777344,573,0.0,0.0,0.0
2023-05-11 12:30:00-04:00,78.20999908447266,78.36000061035156,78.15499877929688,78.36000061035156,1168,0.0,0.0,0.0
2023-05-11 14:30:00-04:00,78.47000122070312,78.55000305175781,78.43000030517578,78.55000305175781,3017,0.0,0.0,0.0
2023-05-11 15:30:00-04:00,78.55999755859375,78.56999969482422,78.55999755859375,78.55999755859375,542,0.0,0.0,0.0
2023-05-12 09:30:00-04:00,77.29000091552734,77.29000091552734,76.75,76.75,5539,0.0,0.0,0.0
2023-05-12 10:30:00-04:00,76.76000213623047,76.86000061035156,76.7249984741211,76.7300033569336,1034,0.0,0.0,0.0
2023-05-12 11:30:00-04:00,76.77999877929688,76.77999877929688,76.6500015258789,76.6500015258789,1037,0.0,0.0,0.0
2023-05-12 12:30:00-04:00,76.61000061035156,76.62000274658203,76.55000305175781,76.62000274658203,1486,0.0,0.0,0.0
2023-05-12 13:30:00-04:00,76.58999633789062,76.62999725341797,76.58000183105469,76.62999725341797,752,0.0,0.0,0.0
2023-05-12 14:30:00-04:00,76.56999969482422,76.56999969482422,76.56999969482422,76.56999969482422,306,0.0,0.0,0.0
2023-05-12 15:30:00-04:00,76.6050033569336,76.6050033569336,76.52999877929688,76.52999877929688,892,0.0,0.0,0.0
2023-05-15 09:30:00-04:00,78.38999938964844,78.68000030517578,77.99009704589844,78.66999816894531,7679,0.0,0.0,0.0
2023-05-15 10:30:00-04:00,78.63999938964844,78.98999786376953,78.63999938964844,78.98999786376953,1069,0.0,0.0,0.0
2023-05-15 11:30:00-04:00,79.05999755859375,79.05999755859375,79.0,79.0,1048,0.0,0.0,0.0
2023-05-15 12:30:00-04:00,79.25,79.25,79.25,79.25,261,0.0,0.0,0.0
2023-05-15 13:30:00-04:00,79.20999908447266,79.38030242919922,79.20999908447266,79.38030242919922,3002,0.0,0.0,0.0
2023-05-15 14:30:00-04:00,79.36000061035156,79.36000061035156,79.23999786376953,79.36000061035156,916,0.0,0.0,0.0
2023-05-15 15:30:00-04:00,79.30719757080078,79.37999725341797,79.26000213623047,79.26000213623047,773,0.0,0.0,0.0
2023-05-16 09:30:00-04:00,78.08000183105469,78.41000366210938,78.08000183105469,78.19960021972656,3305,0.0,0.0,0.0
2023-05-16 10:30:00-04:00,78.35299682617188,78.35299682617188,78.35299682617188,78.35299682617188,239,0.0,0.0,0.0
2023-05-16 11:30:00-04:00,78.3499984741211,78.6050033569336,78.3499984741211,78.5,2143,0.0,0.0,0.0
2023-05-16 12:30:00-04:00,78.45999908447266,78.47000122070312,78.44999694824219,78.44999694824219,951,0.0,0.0,0.0
2023-05-16 14:30:00-04:00,78.4000015258789,78.4000015258789,78.4000015258789,78.4000015258789,334,0.0,0.0,0.0
2023-05-16 15:30:00-04:00,78.44000244140625,78.44000244140625,78.33000183105469,78.33000183105469,1063,0.0,0.0,0.0
2023-05-17 09:30:00-04:00,77.38999938964844,77.38999938964844,77.2699966430664,77.37999725341797,2607,0.0,0.0,0.0
2023-05-17 10:30:00-04:00,77.55999755859375,77.75,77.54000091552734,77.62000274658203,2790,0.0,0.0,0.0
2023-05-17 11:30:00-04:00,77.68499755859375,77.68499755859375,77.68499755859375,77.68499755859375,387,0.0,0.0,0.0
2023-05-17 12:30:00-04:00,77.69999694824219,77.80889892578125,77.69999694824219,77.80889892578125,451,0.0,0.0,0.0
2023-05-17 13:30:00-04:00,77.88500213623047,77.88500213623047,77.88500213623047,77.88500213623047,502,0.0,0.0,0.0
2023-05-17 14:30:00-04:00,77.87999725341797,77.87999725341797,77.83999633789062,77.83999633789062,662,0.0,0.0,0.0
2023-05-17 15:30:00-04:00,77.79000091552734,77.83000183105469,77.79000091552734,77.83000183105469,0,0.0,0.0,0.0
2023-05-18 09:30:00-04:00,76.87000274658203,77.19999694824219,76.62999725341797,76.73999786376953,10872,0.0,0.0,0.0
2023-05-18 10:30:00-04:00,76.9000015258789,76.9000015258789,76.65489959716797,76.8949966430664,2393,0.0,0.0,0.0
2023-05-18 11:30:00-04:00,76.8499984741211,76.8499984741211,76.70500183105469,76.79000091552734,2420,0.0,0.0,0.0
2023-05-18 12:30:00-04:00,76.62000274658203,76.77999877929688,76.56999969482422,76.56999969482422,893,0.0,0.0,0.0
2023-05-18 13:30:00-04:00,76.45999908447266,76.45999908447266,76.4000015258789,76.4000015258789,897,0.0,0.0,0.0
2023-05-18 14:30:00-04:00,76.54000091552734,76.69000244140625,76.43000030517578,76.69000244140625,2204,0.0,0.0,0.0
2023-05-18 15:30:00-04:00,76.61000061035156,76.69640350341797,76.55000305175781,76.5999984741211,1843,0.0,0.0,0.0
2023-05-19 09:30:00-04:00,76.54000091552734,76.54000091552734,76.31999969482422,76.44000244140625,0,0.0,0.0,0.0
2023-05-19 10:30:00-04:00,76.47000122070312,76.55000305175781,76.29000091552734,76.45130157470703,5895,0.0,0.0,0.0
2023-05-19 11:30:00-04:00,76.38999938964844,76.38999938964844,76.375,76.375,346,0.0,0.0,0.0
2023-05-19 12:30:00-04:00,76.29000091552734,76.3563003540039,76.29000091552734,76.3563003540039,2273,0.0,0.0,0.0
2023-05-19 13:30:00-04:00,76.33000183105469,76.33000183105469,76.31999969482422,76.33000183105469,994,0.0,0.0,0.0
2023-05-19 14:30:00-04:00,76.37999725341797,76.37999725341797,76.33999633789062,76.33999633789062,595,0.0,0.0,0.0
2023-05-19 15:30:00-04:00,76.4000015258789,76.56999969482422,76.4000015258789,76.56999969482422,0,0.0,0.0,0.0
2023-05-22 09:30:00-04:00,77.3499984741211,77.73999786376953,77.3499984741211,77.66999816894531,4819,0.0,0.0,0.0
2023-05-22 10:30:00-04:00,77.70999908447266,77.70999908447266,77.58000183105469,77.65499877929688,3972,0.0,0.0,0.0
2023-05-22 11:30:00-04:00,77.5199966430664,77.5199966430664,77.32520294189453,77.43840026855469,862,0.0,0.0,0.0
2023-05-22 12:30:00-04:00,77.44300079345703,77.44300079345703,77.44000244140625,77.44000244140625,424,0.0,0.0,0.0
2023-05-22 13:30:00-04:00,77.5,77.5,77.5,77.5,692,0.0,0.0,0.0
2023-05-22 14:30:00-04:00,77.5,77.68000030517578,77.5,77.68000030517578,292,0.0,0.0,0.0
2023-05-22 15:30:00-04:00,77.55000305175781,77.55000305175781,77.37000274658203,77.37000274658203,0,0.0,0.0,0.0
2023-05-23 09:30:00-04:00,76.19999694824219,76.27999877929688,76.01000213623047,76.2300033569336,3913,0.0,0.0,0.0
2023-05-23 10:30:00-04:00,76.2300033569336,76.28630065917969,76.13999938964844,76.19999694824219,784,0.0,0.0,0.0
2023-05-23 11:30:00-04:00,76.25,76.25,76.11000061035156,76.11000061035156,475,0.0,0.0,0.0
2023-05-23 12:30:00-04:00,76.02999877929688,76.02999877929688,75.86000061035156,75.9000015258789,1882,0.0,0.0,0.0
2023-05-23 13:30:00-04:00,75.87799835205078,76.0,75.69999694824219,75.69999694824219,5127,0.0,0.0,0.0
2023-05-23 14:30:00-04:00,75.71499633789062,75.76000213623047,75.47000122070312,75.47000122070312,7350,0.0,0.0,0.0
2023-05-23 15:30:00-04:00,75.5,75.56109619140625,75.44999694824219,75.44999694824219,3076,0.0,0.0,0.0
2023-05-24 09:30:00-04:00,74.66999816894531,74.68000030517578,74.25,74.25,13727,0.0,0.0,0.0
2023-05-24 10:30:00-04:00,74.18499755859375,74.20999908447266,73.94999694824219,74.00499725341797,7967,0.0,0.0,0.0
2023-05-24 11:30:00-04:00,74.36000061035156,74.36000061035156,74.05000305175781,74.15499877929688,1742,0.0,0.0,0.0
2023-05-24 12:30:00-04:00,74.08000183105469,74.15499877929688,74.06300354003906,74.13999938964844,1636,0.0,0.0,0.0
2023-05-24 13:30:00-04:00,74.13999938964844,74.13999938964844,73.86000061035156,74.07499694824219,24239,0.0,0.0,0.0
2023-05-24 14:30:00-04:00,73.98999786376953,74.2300033569336,73.98999786376953,74.12000274658203,82484,0.0,0.0,0.0
2023-05-24 15:30:00-04:00,74.12000274658203,74.12000274658203,74.04000091552734,74.04000091552734,11218,0.0,0.0,0.0
2023-05-25 09:30:00-04:00,73.56999969482422,73.56999969482422,73.0199966430664,73.05999755859375,91376,0.0,0.0,0.0
2023-05-25 10:30:00-04:00,73.05999755859375,73.16999816894531,72.8499984741211,72.86000061035156,58452,0.0,0.0,0.0
2023-05-25 11:30:00-04:00,72.83999633789062,72.83999633789062,72.45919799804688,72.61000061035156,70214,0.0,0.0,0.0
2023-05-25 12:30:00-04:00,72.63999938964844,72.7300033569336,72.52999877929688,72.69000244140625,55157,0.0,0.0,0.0
2023-05-25 13:30:00-04:00,72.69000244140625,72.73999786376953,72.63999938964844,72.70999908447266,62065,0.0,0.0,0.0
2023-05-25 14:30:00-04:00,72.72000122070312,72.73500061035156,72.5199966430664,72.5999984741211,67950,0.0,0.0,0.0
2023-05-25 15:30:00-04:00,72.56999969482422,72.62999725341797,72.56999969482422,72.58000183105469,92967,0.0,0.0,0.0
2023-05-26 09:30:00-04:00,73.12999725341797,73.91000366210938,73.07499694824219,73.91000366210938,6269,0.0,0.0,0.0
2023-05-26 10:30:00-04:00,73.9269027709961,74.04429626464844,73.86000061035156,74.04429626464844,3579,0.0,0.0,0.0
2023-05-26 11:30:00-04:00,73.78900146484375,73.91999816894531,73.78900146484375,73.91999816894531,8822,0.0,0.0,0.0
2023-05-26 12:30:00-04:00,73.91999816894531,73.95999908447266,73.79000091552734,73.86000061035156,6594,0.0,0.0,0.0
2023-05-26 13:30:00-04:00,73.86000061035156,73.8949966430664,73.80999755859375,73.8550033569336,68591,0.0,0.0,0.0
2023-05-26 14:30:00-04:00,73.81999969482422,73.91999816894531,73.79010009765625,73.80599975585938,3700,0.0,0.0,0.0
2023-05-26 15:30:00-04:00,73.81999969482422,73.84220123291016,73.68000030517578,73.72000122070312,2947,0.0,0.0,0.0
2023-05-30 09:30:00-04:00,73.01000213623047,73.05000305175781,72.05999755859375,72.23999786376953,28223,0.0,0.0,0.0
2023-05-30 10:30:00-04:00,72.19999694824219,72.4000015258789,71.96009826660156,71.9751968383789,10886,0.0,0.0,0.0
2023-05-30 11:30:00-04:00,72.04499816894531,72.04499816894531,71.83270263671875,71.94000244140625,4243,0.0,0.0,0.0
2023-05-30 12:30:00-04:00,71.93000030517578,71.93000030517578,71.75,71.75,4240,0.0,0.0,0.0
2023-05-30 13:30:00-04:00,71.79000091552734,71.79000091552734,71.62100219726562,71.62100219726562,887,0.0,0.0,0.0
2023-05-30 14:30:00-04:00,71.7699966430664,72.0999984741211,71.76499938964844,71.91999816894531,27739,0.0,0.0,0.0
2023-05-30 15:30:00-04:00,72.05999755859375,72.16000366210938,71.95349884033203,72.16000366210938,3666,0.0,0.0,0.0
2023-05-31 09:30:00-04:00,71.5999984741211,71.5999984741211,71.06909942626953,71.12999725341797,9478,0.0,0.0,0.0
2023-05-31 10:30:00-04:00,71.22000122070312,71.2300033569336,70.95999908447266,71.06999969482422,3547,0.0,0.0,0.0
2023-05-31 11:30:00-04:00,71.0,71.04000091552734,71.0,71.02999877929688,921,0.0,0.0,0.0
2023-05-31 12:30:00-04:00,71.06990051269531,71.30000305175781,70.96309661865234,71.22570037841797,2457,0.0,0.0,0.0
2023-05-31 13:30:00-04:00,71.37999725341797,71.66999816894531,71.35330200195312,71.66999816894531,2857,0.0,0.0,0.0
2023-05-31 14:30:00-04:00,71.68000030517578,71.68000030517578,71.59130096435547,71.62000274658203,8831,0.0,0.0,0.0
2023-05-31 15:30:00-04:00,71.62999725341797,71.81999969482422,71.62999725341797,71.81999969482422,5815,0.0,0.0,0.0
2023-06-01 09:30:00-04:00,72.29000091552734,72.4281005859375,72.05000305175781,72.36499786376953,8290,0.0,0.0,0.0
2023-06-01 10:30:00-04:00,72.55000305175781,73.18499755859375,72.54000091552734,73.0199966430664,6073,0.0,0.0,0.0
2023-06-01 11:30:00-04:00,73.18000030517578,73.4000015258789,73.13999938964844,73.33000183105469,6250,0.0,0.0,0.0
2023-06-01 12:30:00-04:00,73.31999969482422,73.45999908447266,73.31999969482422,73.45999908447266,1585,0.0,0.0,0.0
2023-06-01 13:30:00-04:00,73.38999938964844,73.4800033569336,73.38999938964844,73.42500305175781,3593,0.0,0.0,0.0
2023-06-01 14:30:00-04:00,73.4000015258789,73.44599914550781,73.16999816894531,73.30999755859375,7185,0.0,0.0,0.0
2023-06-01 15:30:00-04:00,73.2300033569336,73.31999969482422,73.16999816894531,73.22000122070312,9569,0.0,0.0,0.0
2023-06-02 09:30:00-04:00,75.05999755859375,75.52999877929688,75.05999755859375,75.33000183105469,0,0.0,0.0,0.0
2023-06-02 10:30:00-04:00,75.41000366210938,75.5199966430664,75.33999633789062,75.33999633789062,12181,0.0,0.0,0.0
2023-06-02 11:30:00-04:00,75.37149810791016,75.37149810791016,75.22000122070312,75.28500366210938,1951,0.0,0.0,0.0
2023-06-02 12:30:00-04:00,75.30500030517578,75.4103012084961,75.30500030517578,75.36499786376953,1087,0.0,0.0,0.0
2023-06-02 13:30:00-04:00,75.44999694824219,75.48999786376953,75.25,75.26000213623047,5155,0.0,0.0,0.0
2023-06-02 14:30:00-04:00,75.2699966430664,75.2699966430664,75.13999938964844,75.15499877929688,1157,0.0,0.0,0.0
2023-06-02 15:30:00-04:00,75.1343002319336,75.2300033569336,75.04499816894531,75.2300033569336,3643,0.0,0.0,0.0
2023-06-05 09:30:00-04:00,74.58999633789062,74.75,74.3125,74.43949890136719,9703,0.0,0.0,0.0
2023-06-05 10:30:00-04:00,74.44999694824219,74.73909759521484,74.44999694824219,74.73909759521484,2058,0.0,0.0,0.0
2023-06-05 11:30:00-04:00,74.45999908447266,74.78839874267578,74.45999908447266,74.78839874267578,7455,0.0,0.0,0.0
2023-06-05 12:30:00-04:00,74.7249984741211,74.7249984741211,74.7249984741211,74.7249984741211,320,0.0,0.0,0.0
2023-06-05 13:30:00-04:00,74.71499633789062,74.72000122070312,74.71499633789062,74.72000122070312,495,0.0,0.0,0.0
2023-06-05 14:30:00-04:00,74.6771011352539,74.9800033569336,74.6771011352539,74.9800033569336,1562,0.0,0.0,0.0
2023-06-05 15:30:00-04:00,74.98999786376953,74.98999786376953,74.62000274658203,74.72000122070312,13208,0.0,0.0,0.0
2023-06-06 09:30:00-04:00,74.2699966430664,74.69999694824219,74.26000213623047,74.44000244140625,6509,0.0,0.0,0.0
2023-06-06 10:30:00-04:00,74.79000091552734,75.0199966430664,74.79000091552734,74.95999908447266,1912,0.0,0.0,0.0
2023-06-06 11:30:00-04:00,75.26000213623047,75.80999755859375,75.26000213623047,75.6426010131836,4089,0.0,0.0,0.0
2023-06-06 12:30:00-04:00,75.64679718017578,75.7699966430664,75.58999633789062,75.75,99358,0.0,0.0,0.0
2023-06-06 13:30:00-04:00,75.79000091552734,75.9677963256836,75.75,75.86000061035156,13544,0.0,0.0,0.0
2023-06-06 14:30:00-04:00,75.76000213623047,75.94499969482422,75.76000213623047,75.91000366210938,1726,0.0,0.0,0.0
2023-06-06 15:30:00-04:00,75.91000366210938,75.96690368652344,75.76000213623047,75.76000213623047,3291,0.0,0.0,0.0
2023-06-07 09:30:00-04:00,75.30000305175781,75.91000366210938,75.30000305175781,75.45999908447266,16863,0.0,0.0,0.0
2023-06-07 10:30:00-04:00,75.44499969482422,75.44499969482422,75.18000030517578,75.42169952392578,2806,0.0,0.0,0.0
2023-06-07 11:30:00-04:00,75.33999633789062,75.36380004882812,75.08999633789062,75.0999984741211,14149,0.0,0.0,0.0
2023-06-07 12:30:00-04:00,75.0999984741211,75.0999984741211,74.9000015258789,74.98999786376953,22497,0.0,0.0,0.0
2023-06-07 13:30:00-04:00,74.98999786376953,75.08000183105469,74.83999633789062,74.94860076904297,10974,0.0,0.0,0.0
2023-06-07 14:30:00-04:00,75.01000213623047,75.12999725341797,74.94999694824219,75.04199981689453,63579,0.0,0.0,0.0
2023-06-07 15:30:00-04:00,75.06590270996094,75.12999725341797,74.9000015258789,75.12999725341797,1415,0.0,0.0,0.0
2023-06-08 09:30:00-04:00,75.29000091552734,75.73999786376953,75.29000091552734,75.71990203857422,0,0.0,0.0,0.0
2023-06-08 10:30:00-04:00,75.88999938964844,75.88999938964844,75.81999969482422,75.81999969482422,1253,0.0,0.0,0.0
2023-06-08 11:30:00-04:00,75.89179992675781,75.89179992675781,75.80999755859375,75.8499984741211,3291,0.0,0.0,0.0
2023-06-08 12:30:00-04:00,75.95989990234375,75.95989990234375,75.79499816894531,75.79499816894531,206,0.0,0.0,0.0
2023-06-08 13:30:00-04:00,75.9800033569336,75.9800033569336,75.72000122070312,75.75,1407,0.0,0.0,0.0
2023-06-08 14:30:00-04:00,75.76000213623047,75.80999755859375,75.72010040283203,75.80999755859375,1745,0.0,0.0,0.0
2023-06-08 15:30:00-04:00,75.69999694824219,75.88999938964844,75.62999725341797,75.63999938964844,3426,0.0,0.0,0.0
2023-06-09 09:30:00-04:00,75.95999908447266,76.08999633789062,75.80500030517578,76.08999633789062,3716,0.0,0.0,0.0
2023-06-09 10:30:00-04:00,75.86000061035156,75.95989990234375,75.68000030517578,75.93000030517578,2710,0.0,0.0,0.0
2023-06-09 11:30:00-04:00,75.81999969482422,75.94999694824219,75.81999969482422,75.81999969482422,14458,0.0,0.0,0.0
2023-06-09 12:30:00-04:00,75.69000244140625,76.11000061035156,75.69000244140625,76.09989929199219,7678,0.0,0.0,0.0
2023-06-09 13:30:00-04:00,76.08499908447266,76.12000274658203,76.01399993896484,76.11000061035156,63401,0.0,0.0,0.0
2023-06-09 14:30:00-04:00,75.8499984741211,75.90779876708984,75.73999786376953,75.73999786376953,3201,0.0,0.0,0.0
2023-06-09 15:30:00-04:00,75.73999786376953,75.87000274658203,75.61000061035156,75.62000274658203,36057,0.0,0.0,0.0
2023-06-12 09:30:00-04:00,75.91999816894531,76.05000305175781,75.8499984741211,76.05000305175781,14541,0.0,0.0,0.0
2023-06-12 10:30:00-04:00,75.98999786376953,76.05000305175781,75.97000122070312,76.02400207519531,1622,0.0,0.0,0.0
2023-06-12 11:30:00-04:00,75.89649963378906,75.95999908447266,75.8499984741211,75.95999908447266,2914,0.0,0.0,0.0
2023-06-12 12:30:00-04:00,75.89119720458984,75.92500305175781,75.89119720458984,75.92500305175781,1396,0.0,0.0,0.0
2023-06-12 13:30:00-04:00,76.03410339355469,76.03410339355469,76.03410339355469,76.03410339355469,563,0.0,0.0,0.0
2023-06-12 14:30:00-04:00,75.84500122070312,75.8822021484375,75.83000183105469,75.83000183105469,1093,0.0,0.0,0.0
2023-06-12 15:30:00-04:00,75.8010025024414,75.88999938964844,75.62999725341797,75.7300033569336,3813,0.0,0.0,0.0
2023-06-13 09:30:00-04:00,76.73999786376953,77.0823974609375,76.55000305175781,76.55000305175781,7098,0.0,0.0,0.0
2023-06-13 10:30:00-04:00,76.7300033569336,76.81900024414062,76.47000122070312,76.47000122070312,1824,0.0,0.0,0.0
2023-06-13 11:30:00-04:00,76.6050033569336,76.62999725341797,76.46009826660156,76.59500122070312,1029,0.0,0.0,0.0
2023-06-13 12:30:00-04:00,76.5199966430664,76.68000030517578,76.5199966430664,76.58999633789062,2899,0.0,0.0,0.0
2023-06-13 13:30:00-04:00,76.60160064697266,76.6500015258789,76.44999694824219,76.48999786376953,49889,0.0,0.0,0.0
2023-06-13 14:30:00-04:00,76.43000030517578,76.58319854736328,76.41010284423828,76.54000091552734,10751,0.0,0.0,0.0
2023-06-13 15:30:00-04:00,76.51619720458984,76.58999633789062,76.4800033569336,76.56999969482422,7257,0.0,0.0,0.0
2023-06-14 09:30:00-04:00,76.70999908447266,77.45999908447266,76.70999908447266,77.19999694824219,0,0.0,0.0,0.0
2023-06-14 10:30:00-04:00,77.35990142822266,77.35990142822266,77.14009857177734,77.26000213623047,2111,0.0,0.0,0.0
2023-06-14 11:30:00-04:00,77.13009643554688,77.38500213623047,77.12999725341797,77.38500213623047,2400,0.0,0.0,0.0
2023-06-14 12:30:00-04:00,77.30000305175781,77.52999877929688,77.2699966430664,77.43000030517578,4281,0.0,0.0,0.0
2023-06-14 13:30:00-04:00,77.48999786376953,77.80999755859375,77.216796875,77.25499725341797,178103,0.0,0.0,0.0
2023-06-14 14:30:00-04:00,77.20999908447266,77.9800033569336,77.09559631347656,77.87999725341797,152686,0.0,0.0,0.0
2023-06-14 15:30:00-04:00,77.87999725341797,77.87999725341797,77.55500030517578,77.69999694824219,17933,0.0,0.0,0.0
2023-06-15 09:30:00-04:00,78.73999786376953,79.11239624023438,78.56999969482422,78.58000183105469,72419,0.0,0.0,0.0
2023-06-15 10:30:00-04:00,78.68000030517578,78.83000183105469,78.39779663085938,78.81999969482422,18475,0.0,0.0,0.0
2023-06-15 11:30:00-04:00,78.80999755859375,79.08999633789062,78.7300033569336,79.08000183105469,12314,0.0,0.0,0.0
2023-06-15 12:30:00-04:00,79.05999755859375,79.08999633789062,78.91000366210938,79.08999633789062,12608,0.0,0.0,0.0
2023-06-15 13:30:00-04:00,79.05999755859375,79.12999725341797,78.94000244140625,79.12999725341797,22477,0.0,0.0,0.0
2023-06-15 14:30:00-04:00,79.12999725341797,79.19999694824219,79.05000305175781,79.05000305175781,21391,0.0,0.0,0.0
2023-06-15 15:30:00-04:00,79.08000183105469,79.25,79.06999969482422,79.22000122070312,10762,0.0,0.0,0.0
2023-06-16 09:30:00-04:00,79.69000244140625,79.69000244140625,79.12999725341797,79.12999725341797,6780,0.0,0.0,0.0
2023-06-16 10:30:00-04:00,78.9800033569336,79.18000030517578,78.85179901123047,79.13999938964844,3292,0.0,0.0,0.0
2023-06-16 11:30:00-04:00,79.05999755859375,79.1500015258789,78.69000244140625,78.94000244140625,20151,0.0,0.0,0.0
2023-06-16 12:30:00-04:00,78.96209716796875,79.19000244140625,78.96209716796875,78.98999786376953,21884,0.0,0.0,0.0
2023-06-16 13:30:00-04:00,79.12000274658203,79.19000244140625,78.9800033569336,79.04000091552734,12257,0.0,0.0,0.0
2023-06-16 14:30:00-04:00,79.0780029296875,79.0780029296875,78.88500213623047,78.98789978027344,13580,0.0,0.0,0.0
2023-06-16 15:30:00-04:00,78.97630310058594,79.08000183105469,78.97630310058594,79.08000183105469,7964,0.0,0.0,0.0
2023-06-20 09:30:00-04:00,76.31999969482422,76.44000244140625,75.4032974243164,75.4032974243164,10739,0.0,0.0,0.0
2023-06-20 10:30:00-04:00,75.31999969482422,75.5,75.27999877929688,75.27999877929688,2721,0.0,0.0,0.0
2023-06-20 11:30:00-04:00,75.27999877929688,75.27999877929688,75.05000305175781,75.2300033569336,3924,0.0,0.0,0.0
2023-06-20 12:30:00-04:00,75.11009979248047,75.37999725341797,75.11009979248047,75.37999725341797,3524,0.0,0.0,0.0
2023-06-20 13:30:00-04:00,75.37999725341797,75.37999725341797,75.23999786376953,75.27999877929688,2252,0.0,0.0,0.0
2023-06-20 14:30:00-04:00,75.26000213623047,75.30000305175781,75.15499877929688,75.2750015258789,3363,0.0,0.0,0.0
2023-06-20 15:30:00-04:00,75.31999969482422,75.43000030517578,75.23400115966797,75.43000030517578,5332,0.0,0.0,0.0
2023-06-21 09:30:00-04:00,74.6500015258789,75.16999816894531,74.6500015258789,74.9000015258789,6374,0.0,0.0,0.0
2023-06-21 10:30:00-04:00,74.91000366210938,74.91000366210938,74.38999938964844,74.55999755859375,44257,0.0,0.0,0.0
2023-06-21 11:30:00-04:00,74.55999755859375,74.68499755859375,74.55999755859375,74.66000366210938,3174,0.0,0.0,0.0
2023-06-21 12:30:00-04:00,74.70999908447266,74.72000122070312,74.51000213623047,74.63999938964844,3255,0.0,0.0,0.0
2023-06-21 13:30:00-04:00,74.59500122070312,74.81999969482422,74.59500122070312,74.81999969482422,6454,0.0,0.0,0.0
2023-06-21 14:30:00-04:00,74.83999633789062,74.87999725341797,74.69000244140625,74.73500061035156,6278,0.0,0.0,0.0
2023-06-21 15:30:00-04:00,74.65869903564453,74.76000213623047,74.61009979248047,74.76000213623047,5574,0.0,0.0,0.0
2023-06-22 09:30:00-04:00,74.37999725341797,74.58000183105469,73.9800033569336,74.47000122070312,0,0.0,0.0,0.0
2023-06-22 10:30:00-04:00,74.45999908447266,74.52999877929688,74.34120178222656,74.45999908447266,2400,0.0,0.0,0.0
2023-06-22 11:30:00-04:00,74.45999908447266,74.68000030517578,74.40499877929688,74.40499877929688,6905,0.0,0.0,0.0
2023-06-22 12:30:00-04:00,74.40499877929688,74.56999969482422,74.4000015258789,74.56999969482422,3156,0.0,0.0,0.0
2023-06-22 13:30:00-04:00,74.56999969482422,74.62999725341797,74.56999969482422,74.58000183105469,3575,0.0,0.0,0.0
2023-06-22 14:30:00-04:00,74.62000274658203,74.69000244140625,74.48999786376953,74.5199966430664,7839,0.0,0.0,0.0
2023-06-22 15:30:00-04:00,74.44999694824219,74.52999877929688,74.38999938964844,74.52999877929688,12011,0.0,0.0,0.0
2023-06-23 09:30:00-04:00,73.31999969482422,73.3499984741211,72.66010284423828,72.87999725341797,7651,0.0,0.0,0.0
2023-06-23 10:30:00-04:00,72.94999694824219,73.02999877929688,72.82009887695312,72.82009887695312,1018,0.0,0.0,0.0
2023-06-23 11:30:00-04:00,72.86000061035156,72.94499969482422,72.83000183105469,72.86000061035156,2260,0.0,0.0,0.0
2023-06-23 12:30:00-04:00,72.88999938964844,73.08000183105469,72.88999938964844,72.97010040283203,17439,0.0,0.0,0.0
2023-06-23 13:30:00-04:00,72.9800033569336,73.05000305175781,72.9000015258789,72.98999786376953,2968,0.0,0.0,0.0
2023-06-23 14:30:00-04:00,72.91000366210938,72.91000366210938,72.81109619140625,72.8561019897461,8147,0.0,0.0,0.0
2023-06-23 15:30:00-04:00,72.8499984741211,72.91000366210938,72.83999633789062,72.90950012207031,533,0.0,0.0,0.0
2023-06-26 09:30:00-04:00,73.19000244140625,73.65989685058594,73.16000366210938,73.23999786376953,6278,0.0,0.0,0.0
2023-06-26 10:30:00-04:00,73.4000015258789,73.4000015258789,73.19999694824219,73.22000122070312,1033,0.0,0.0,0.0
2023-06-26 11:30:00-04:00,73.25990295410156,73.27189636230469,73.20999908447266,73.23149871826172,1524,0.0,0.0,0.0
2023-06-26 12:30:00-04:00,73.26000213623047,73.37999725341797,73.22000122070312,73.37999725341797,1041,0.0,0.0,0.0
2023-06-26 13:30:00-04:00,73.4000015258789,73.4000015258789,73.4000015258789,73.4000015258789,409,0.0,0.0,0.0
2023-06-26 14:30:00-04:00,73.33000183105469,73.40989685058594,73.27999877929688,73.30999755859375,2472,0.0,0.0,0.0
2023-06-26 15:30:00-04:00,73.43000030517578,73.43000030517578,73.32499694824219,73.32499694824219,222,0.0,0.0,0.0
2023-06-27 09:30:00-04:00,74.5824966430664,74.84400177001953,74.47000122070312,74.56999969482422,8460,0.0,0.0,0.0
2023-06-27 10:30:00-04:00,74.48999786376953,74.55999755859375,74.48999786376953,74.55999755859375,1148,0.0,0.0,0.0
2023-06-27 11:30:00-04:00,74.66999816894531,74.66999816894531,74.65699768066406,74.65699768066406,429,0.0,0.0,0.0
2023-06-27 13:30:00-04:00,74.67500305175781,74.67500305175781,74.67500305175781,74.67500305175781,697,0.0,0.0,0.0
2023-06-27 14:30:00-04:00,74.7300033569336,74.7300033569336,74.62999725341797,74.66000366210938,1060,0.0,0.0,0.0
2023-06-27 15:30:00-04:00,74.72000122070312,74.72000122070312,74.70999908447266,74.70999908447266,396,0.0,0.0,0.0
2023-06-28 09:30:00-04:00,74.08999633789062,74.13990020751953,73.79000091552734,73.97989654541016,11286,0.0,0.0,0.0
2023-06-28 10:30:00-04:00,73.97000122070312,73.97000122070312,73.75,73.88999938964844,6787,0.0,0.0,0.0
2023-06-28 11:30:00-04:00,73.95999908447266,74.06999969482422,73.95999908447266,74.05000305175781,1148,0.0,0.0,0.0
2023-06-28 12:30:00-04:00,74.05999755859375,74.1239013671875,73.97200012207031,74.1239013671875,1062,0.0,0.0,0.0
2023-06-28 13:30:00-04:00,74.16000366210938,74.16000366210938,74.16000366210938,74.16000366210938,691,0.0,0.0,0.0
2023-06-28 14:30:00-04:00,74.16000366210938,74.1719970703125,74.07250213623047,74.127197265625,1443,0.0,0.0,0.0
2023-06-28 15:30:00-04:00,74.10749816894531,74.13999938964844,74.06999969482422,74.06999969482422,0,0.0,0.0,0.0
2023-06-29 09:30:00-04:00,73.26000213623047,73.2750015258789,73.08999633789062,73.0999984741211,5994,0.0,0.0,0.0
2023-06-29 10:30:00-04:00,73.12999725341797,73.24849700927734,73.12999725341797,73.22000122070312,3712,0.0,0.0,0.0
2023-06-29 11:30:00-04:00,73.13999938964844,73.23190307617188,72.94999694824219,73.2300033569336,392999,0.0,0.0,0.0
2023-06-29 12:30:00-04:00,73.02999877929688,73.16999816894531,73.02999877929688,73.1500015258789,1235,0.0,0.0,0.0
2023-06-29 13:30:00-04:00,73.1500015258789,73.22000122070312,73.05999755859375,73.22000122070312,1664,0.0,0.0,0.0
2023-06-29 14:30:00-04:00,73.12010192871094,73.23999786376953,73.08940124511719,73.18499755859375,2231,0.0,0.0,0.0
2023-06-29 15:30:00-04:00,73.19000244140625,73.19000244140625,73.12000274658203,73.12999725341797,1756,0.0,0.0,0.0
2023-06-30 09:30:00-04:00,73.9800033569336,74.23999786376953,73.87100219726562,74.2300033569336,9909,0.0,0.0,0.0
2023-06-30 10:30:00-04:00,74.12000274658203,74.12000274658203,73.62999725341797,73.72000122070312,62398,0.0,0.0,0.0
2023-06-30 11:30:00-04:00,73.83999633789062,73.86000061035156,73.66000366210938,73.80000305175781,156708,0.0,0.0,0.0
2023-06-30 12:30:00-04:00,73.80000305175781,74.01000213623047,73.75,73.9000015258789,131799,0.0,0.0,0.0
2023-06-30 13:30:00-04:00,73.88999938964844,73.93000030517578,73.76000213623047,73.86000061035156,132004,0.0,0.0,0.0
2023-06-30 14:30:00-04:00,73.8499984741211,73.86000061035156,73.7300033569336,73.77999877929688,154917,0.0,0.0,0.0
2023-06-30 15:30:00-04:00,73.77999877929688,73.83999633789062,73.7699966430664,73.7699966430664,76595,0.0,0.0,0.0
2023-07-03 09:30:00-04:00,75.16999816894531,75.55000305175781,75.12999725341797,75.20010375976562,5907,0.0,0.0,0.0
2023-07-03 10:30:00-04:00,75.20999908447266,75.20999908447266,74.77999877929688,74.81999969482422,100689,0.0,0.0,0.0
2023-07-03 11:30:00-04:00,74.81009674072266,74.86000061035156,74.66000366210938,74.80999755859375,348742,0.0,0.0,0.0
2023-07-05 09:30:00-04:00,74.4000015258789,74.4000015258789,73.9800033569336,74.29000091552734,53365,0.0,0.0,0.0
2023-07-05 10:30:00-04:00,74.30999755859375,74.30999755859375,74.0199966430664,74.08000183105469,80939,0.0,0.0,0.0
2023-07-05 11:30:00-04:00,74.20829772949219,74.33149719238281,74.1500015258789,74.19999694824219,7213,0.0,0.0,0.0
2023-07-05 12:30:00-04:00,74.16000366210938,74.16000366210938,74.0,74.13999938964844,7784,0.0,0.0,0.0
2023-07-05 13:30:00-04:00,74.23999786376953,74.23999786376953,73.9800033569336,74.02999877929688,12701,0.0,0.0,0.0
2023-07-05 14:30:00-04:00,74.08000183105469,74.23390197753906,74.04000091552734,74.19000244140625,12977,0.0,0.0,0.0
2023-07-05 15:30:00-04:00,74.21499633789062,74.31999969482422,74.19000244140625,74.31999969482422,4876,0.0,0.0,0.0
2023-07-06 09:30:00-04:00,72.94999694824219,73.0199966430664,72.43000030517578,72.43000030517578,31886,0.0,0.0,0.0
2023-07-06 10:30:00-04:00,72.375,72.45999908447266,72.33999633789062,72.4000015258789,8964,0.0,0.0,0.0
2023-07-06 11:30:00-04:00,72.41999816894531,72.5199966430664,72.3949966430664,72.4749984741211,1946,0.0,0.0,0.0
2023-07-06 12:30:00-04:00,72.58999633789062,72.58999633789062,72.48999786376953,72.48999786376953,1404,0.0,0.0,0.0
2023-07-06 13:30:00-04:00,72.48999786376953,72.56179809570312,72.44000244140625,72.44000244140625,1026,0.0,0.0,0.0
2023-07-06 14:30:00-04:00,72.5280990600586,72.59200286865234,72.47000122070312,72.56999969482422,3163,0.0,0.0,0.0
2023-07-06 15:30:00-04:00,72.56999969482422,72.56999969482422,72.48999786376953,72.5,11699,0.0,0.0,0.0
2023-07-07 09:30:00-04:00,73.05999755859375,73.67449951171875,73.05999755859375,73.4000015258789,9993,0.0,0.0,0.0
2023-07-07 10:30:00-04:00,73.5,73.87000274658203,73.47000122070312,73.87000274658203,57505,0.0,0.0,0.0
2023-07-07 11:30:00-04:00,73.7300033569336,74.13999938964844,73.72000122070312,74.05999755859375,31550,0.0,0.0,0.0
2023-07-07 12:30:00-04:00,74.10089874267578,74.44999694824219,74.10089874267578,74.44999694824219,4706,0.0,0.0,0.0
2023-07-07 13:30:00-04:00,74.55999755859375,74.55999755859375,74.33000183105469,74.41999816894531,25973,0.0,0.0,0.0
2023-07-07 14:30:00-04:00,74.5,74.5,74.26000213623047,74.26000213623047,5584,0.0,0.0,0.0
2023-07-07 15:30:00-04:00,74.26010131835938,74.26010131835938,74.12000274658203,74.12000274658203,9134,0.0,0.0,0.0
2023-07-10 09:30:00-04:00,73.48999786376953,74.30000305175781,73.48999786376953,74.02999877929688,8028,0.0,0.0,0.0
2023-07-10 10:30:00-04:00,73.94999694824219,74.19999694824219,73.94999694824219,74.19999694824219,554,0.0,0.0,0.0
2023-07-10 11:30:00-04:00,74.13999938964844,74.20999908447266,74.07499694824219,74.12999725341797,0,0.0,0.0,0.0
2023-07-10 12:30:00-04:00,74.23999786376953,74.27999877929688,74.15499877929688,74.18000030517578,15949,0.0,0.0,0.0
2023-07-10 13:30:00-04:00,74.22000122070312,74.22000122070312,74.22000122070312,74.22000122070312,406,0.0,0.0,0.0
2023-07-10 14:30:00-04:00,74.17500305175781,74.17500305175781,74.11969757080078,74.12000274658203,4548,0.0,0.0,0.0
2023-07-10 15:30:00-04:00,74.11000061035156,74.13999938964844,74.05999755859375,74.13999938964844,1979,0.0,0.0,0.0
2023-07-11 09:30:00-04:00,74.33999633789062,74.6852035522461,73.87999725341797,74.2490005493164,22779,0.0,0.0,0.0
2023-07-11 10:30:00-04:00,74.16000366210938,74.37999725341797,74.16000366210938,74.37999725341797,9606,0.0,0.0,0.0
2023-07-11 11:30:00-04:00,74.37000274658203,74.41000366210938,74.29000091552734,74.3499984741211,3129,0.0,0.0,0.0
2023-07-11 12:30:00-04:00,74.44999694824219,74.52100372314453,74.40129852294922,74.4800033569336,12096,0.0,0.0,0.0
2023-07-11 13:30:00-04:00,74.47000122070312,74.5186996459961,74.41999816894531,74.45500183105469,1741,0.0,0.0,0.0
2023-07-11 14:30:00-04:00,74.47000122070312,74.62999725341797,74.41999816894531,74.62999725341797,1418,0.0,0.0,0.0
2023-07-11 15:30:00-04:00,74.6500015258789,74.66000366210938,74.55000305175781,74.58000183105469,2424,0.0,0.0,0.0
2023-07-12 09:30:00-04:00,75.61000061035156,75.80999755859375,75.44010162353516,75.7699966430664,4229,0.0,0.0,0.0
2023-07-12 10:30:00-04:00,75.80999755859375,76.13999938964844,75.80999755859375,76.13999938964844,2120,0.0,0.0,0.0
2023-07-12 11:30:00-04:00,76.25,76.25,76.08000183105469,76.08000183105469,333,0.0,0.0,0.0
2023-07-12 12:30:00-04:00,76.12999725341797,76.26000213623047,76.05999755859375,76.25,19395,0.0,0.0,0.0
2023-07-12 13:30:00-04:00,76.31999969482422,76.3499984741211,76.2699966430664,76.3499984741211,4025,0.0,0.0,0.0
2023-07-12 14:30:00-04:00,76.3499984741211,76.4800033569336,76.19000244140625,76.19000244140625,32744,0.0,0.0,0.0
2023-07-12 15:30:00-04:00,76.23999786376953,76.33999633789062,76.16909790039062,76.26000213623047,2225,0.0,0.0,0.0
2023-07-13 09:30:00-04:00,76.93000030517578,77.22129821777344,76.68000030517578,77.08000183105469,0,0.0,0.0,0.0
2023-07-13 10:30:00-04:00,77.16000366210938,77.38999938964844,77.16000366210938,77.37000274658203,29495,0.0,0.0,0.0
2023-07-13 11:30:00-04:00,77.38999938964844,77.38999938964844,77.16999816894531,77.32499694824219,57616,0.0,0.0,0.0
2023-07-13 12:30:00-04:00,77.41000366210938,77.5,77.33350372314453,77.49120330810547,281281,0.0,0.0,0.0
2023-07-13 13:30:00-04:00,77.53990173339844,77.79000091552734,77.41000366210938,77.7300033569336,4343,0.0,0.0,0.0
2023-07-13 14:30:00-04:00,77.7300033569336,77.81999969482422,77.63999938964844,77.63999938964844,44691,0.0,0.0,0.0
2023-07-13 15:30:00-04:00,77.68499755859375,77.7699966430664,77.56999969482422,77.7699966430664,3567,0.0,0.0,0.0
2023-07-14 09:30:00-04:00,76.7699966430664,76.7699966430664,76.33619689941406,76.56999969482422,5134,0.0,0.0,0.0
2023-07-14 10:30:00-04:00,76.6050033569336,76.61019897460938,76.6050033569336,76.61019897460938,732,0.0,0.0,0.0
2023-07-14 11:30:00-04:00,76.75689697265625,76.85749816894531,76.56950378417969,76.61119842529297,7479,0.0,0.0,0.0
2023-07-14 12:30:00-04:00,76.62110137939453,76.63330078125,76.55000305175781,76.55000305175781,834,0.0,0.0,0.0
2023-07-14 13:30:00-04:00,76.41000366210938,76.58999633789062,76.41000366210938,76.48500061035156,4830,0.0,0.0,0.0
2023-07-14 14:30:00-04:00,76.41000366210938,76.55000305175781,76.3949966430664,76.44499969482422,14724,0.0,0.0,0.0
2023-07-14 15:30:00-04:00,76.58999633789062,76.5999984741211,76.48999786376953,76.48999786376953,1027,0.0,0.0,0.0
2023-07-17 09:30:00-04:00,75.54000091552734,76.23999786376953,75.20999908447266,76.1500015258789,18653,0.0,0.0,0.0
2023-07-17 10:30:00-04:00,76.16000366210938,76.17289733886719,76.12000274658203,76.12000274658203,1274,0.0,0.0,0.0
2023-07-17 11:30:00-04:00,75.68099975585938,76.12000274658203,75.68099975585938,75.98999786376953,2590,0.0,0.0,0.0
2023-07-17 12:30:00-04:00,76.0282974243164,76.11000061035156,76.0282974243164,76.02999877929688,1413,0.0,0.0,0.0
2023-07-17 13:30:00-04:00,76.05999755859375,76.08000183105469,75.97380065917969,76.05999755859375,1843,0.0,0.0,0.0
2023-07-17 14:30:00-04:00,76.02999877929688,76.05999755859375,75.87999725341797,75.93000030517578,19576,0.0,0.0,0.0
2023-07-17 15:30:00-04:00,75.93000030517578,76.16999816894531,75.91999816894531,76.16999816894531,14119,0.0,0.0,0.0
2023-07-18 09:30:00-04:00,75.0999984741211,75.41000366210938,75.0999984741211,75.41000366210938,4347,0.0,0.0,0.0
2023-07-18 10:30:00-04:00,75.34490203857422,75.34490203857422,75.10250091552734,75.10250091552734,1861,0.0,0.0,0.0
2023-07-18 11:30:00-04:00,75.0,75.0,74.76000213623047,74.7885971069336,8075,0.0,0.0,0.0
2023-07-18 12:30:00-04:00,74.76000213623047,74.76000213623047,74.69499969482422,74.69499969482422,2112,0.0,0.0,0.0
2023-07-18 13:30:00-04:00,74.44999694824219,74.65969848632812,74.27200317382812,74.65969848632812,2472,0.0,0.0,0.0
2023-07-18 14:30:00-04:00,74.56999969482422,74.77999877929688,74.54989624023438,74.66449737548828,7787,0.0,0.0,0.0
2023-07-18 15:30:00-04:00,74.63999938964844,74.86000061035156,74.63999938964844,74.83999633789062,9379,0.0,0.0,0.0
2023-07-19 09:30:00-04:00,75.33999633789062,75.8386001586914,75.33190155029297,75.33190155029297,3038,0.0,0.0,0.0
2023-07-19 10:30:00-04:00,75.16000366210938,75.25499725341797,75.1500015258789,75.25499725341797,1410,0.0,0.0,0.0
2023-07-19 11:30:00-04:00,75.16999816894531,75.16999816894531,75.16999816894531,75.16999816894531,273,0.0,0.0,0.0
2023-07-19 12:30:00-04:00,75.11599731445312,75.12560272216797,75.11599731445312,75.12560272216797,3586,0.0,0.0,0.0
2023-07-19 13:30:00-04:00,75.02100372314453,75.29000091552734,75.02100372314453,75.17289733886719,20868,0.0,0.0,0.0
2023-07-19 14:30:00-04:00,75.1675033569336,75.1675033569336,75.0199966430664,75.04000091552734,4433,0.0,0.0,0.0
2023-07-19 15:30:00-04:00,75.0199966430664,75.0199966430664,74.88999938964844,74.9000015258789,5496,0.0,0.0,0.0
2023-07-20 09:30:00-04:00,74.68000030517578,74.86499786376953,74.5999984741211,74.5999984741211,2456,0.0,0.0,0.0
2023-07-20 10:30:00-04:00,74.61000061035156,74.69950103759766,74.61000061035156,74.625,1254,0.0,0.0,0.0
2023-07-20 11:30:00-04:00,74.4800033569336,74.62000274658203,74.4800033569336,74.61499786376953,1914,0.0,0.0,0.0
2023-07-20 12:30:00-04:00,74.66999816894531,74.74250030517578,74.66999816894531,74.74250030517578,538,0.0,0.0,0.0
2023-07-20 13:30:00-04:00,74.75,74.79399871826172,74.74649810791016,74.74649810791016,1687,0.0,0.0,0.0
2023-07-20 14:30:00-04:00,74.63999938964844,74.63999938964844,74.61920166015625,74.62000274658203,648,0.0,0.0,0.0
2023-07-20 15:30:00-04:00,74.68000030517578,74.68000030517578,74.55000305175781,74.56999969482422,1931,0.0,0.0,0.0
2023-07-21 09:30:00-04:00,75.04000091552734,75.04000091552734,74.88999938964844,74.88999938964844,1389,0.0,0.0,0.0
2023-07-21 10:30:00-04:00,74.80999755859375,74.88999938964844,74.80999755859375,74.875,929,0.0,0.0,0.0
2023-07-21 11:30:00-04:00,74.83889770507812,74.83889770507812,74.63600158691406,74.68000030517578,2002,0.0,0.0,0.0
2023-07-21 12:30:00-04:00,74.67469787597656,74.73989868164062,74.67469787597656,74.73989868164062,896,0.0,0.0,0.0
2023-07-21 13:30:00-04:00,74.6978988647461,74.7300033569336,74.52999877929688,74.5999984741211,3482,0.0,0.0,0.0
2023-07-21 14:30:00-04:00,74.66000366210938,74.72000122070312,74.51280212402344,74.62000274658203,4024,0.0,0.0,0.0
2023-07-21 15:30:00-04:00,74.51580047607422,74.63999938964844,74.48999786376953,74.55000305175781,2772,0.0,0.0,0.0
2023-07-24 09:30:00-04:00,74.41999816894531,74.91999816894531,74.21749877929688,74.91999816894531,14423,0.0,0.0,0.0
2023-07-24 10:30:00-04:00,75.45999908447266,76.4800033569336,75.45999908447266,76.25,6150,0.0,0.0,0.0
2023-07-24 11:30:00-04:00,76.18009948730469,76.43000030517578,76.18009948730469,76.43000030517578,2540,0.0,0.0,0.0
2023-07-24 12:30:00-04:00,76.69000244140625,76.69000244140625,76.29000091552734,76.29000091552734,2442,0.0,0.0,0.0
2023-07-24 13:30:00-04:00,76.33499908447266,76.44419860839844,76.33499908447266,76.36979675292969,1255,0.0,0.0,0.0
2023-07-24 14:30:00-04:00,76.33789825439453,76.41999816894531,76.12000274658203,76.12000274658203,2382,0.0,0.0,0.0
2023-07-24 15:30:00-04:00,76.12000274658203,76.19999694824219,76.08999633789062,76.08999633789062,1401,0.0,0.0,0.0
2023-07-25 09:30:00-04:00,78.0,78.36000061035156,77.54000091552734,77.75,5164,0.0,0.0,0.0
2023-07-25 10:30:00-04:00,77.58999633789062,77.58999633789062,77.30500030517578,77.30500030517578,1041,0.0,0.0,0.0
2023-07-25 11:30:00-04:00,77.37000274658203,77.46990203857422,77.37000274658203,77.46990203857422,952,0.0,0.0,0.0
2023-07-25 12:30:00-04:00,77.11009979248047,77.30999755859375,77.11000061035156,77.2249984741211,2506,0.0,0.0,0.0
2023-07-25 13:30:00-04:00,77.30989837646484,77.30989837646484,77.14009857177734,77.14009857177734,469,0.0,0.0,0.0
2023-07-25 14:30:00-04:00,77.14009857177734,77.39080047607422,77.14009857177734,77.243896484375,3907,0.0,0.0,0.0
2023-07-25 15:30:00-04:00,77.2750015258789,77.2750015258789,77.19010162353516,77.2249984741211,1623,0.0,0.0,0.0
2023-07-26 09:30:00-04:00,76.93000030517578,77.80999755859375,76.93000030517578,77.72000122070312,5720,0.0,0.0,0.0
2023-07-26 10:30:00-04:00,77.87840270996094,77.87840270996094,77.69000244140625,77.69000244140625,1895,0.0,0.0,0.0
2023-07-26 11:30:00-04:00,77.98999786376953,77.98999786376953,77.98999786376953,77.98999786376953,192,0.0,0.0,0.0
2023-07-26 12:30:00-04:00,77.98889923095703,78.0999984741211,77.97699737548828,78.02629852294922,1237,0.0,0.0,0.0
2023-07-26 13:30:00-04:00,77.87999725341797,77.97339630126953,77.87999725341797,77.97339630126953,376,0.0,0.0,0.0
2023-07-26 14:30:00-04:00,78.11000061035156,78.29229736328125,77.88500213623047,78.18499755859375,59956,0.0,0.0,0.0
2023-07-26 15:30:00-04:00,78.2699966430664,78.37000274658203,78.08999633789062,78.33999633789062,149626,0.0,0.0,0.0
2023-07-27 09:30:00-04:00,78.23999786376953,78.23999786376953,77.36000061035156,77.5199966430664,11936,0.0,0.0,0.0
2023-07-27 10:30:00-04:00,77.7864990234375,77.86990356445312,77.7864990234375,77.86990356445312,1529,0.0,0.0,0.0
2023-07-27 11:30:00-04:00,77.97000122070312,78.10389709472656,77.94000244140625,77.94000244140625,0,0.0,0.0,0.0
2023-07-27 12:30:00-04:00,78.0823974609375,78.0999984741211,78.0823974609375,78.0999984741211,15190,0.0,0.0,0.0
2023-07-27 13:30:00-04:00,77.5,77.51000213623047,77.36000061035156,77.45999908447266,4030,0.0,0.0,0.0
2023-07-27 14:30:00-04:00,77.0322036743164,77.2699966430664,77.0199966430664,77.2699966430664,2263,0.0,0.0,0.0
2023-07-27 15:30:00-04:00,77.26000213623047,77.30000305175781,77.26000213623047,77.30000305175781,470,0.0,0.0,0.0
2023-07-28 09:30:00-04:00,80.0199966430664,80.87000274658203,80.0199966430664,80.5999984741211,44137,0.0,0.0,0.0
2023-07-28 10:30:00-04:00,80.55999755859375,80.77999877929688,80.48999786376953,80.77999877929688,1066,0.0,0.0,0.0
2023-07-28 11:30:00-04:00,80.94000244140625,80.98999786376953,80.66000366210938,80.80500030517578,5022,0.0,0.0,0.0
2023-07-28 12:30:00-04:00,80.70999908447266,80.88999938964844,80.5199966430664,80.62999725341797,17890,0.0,0.0,0.0
2023-07-28 13:30:00-04:00,80.62999725341797,80.81999969482422,80.5199966430664,80.66999816894531,16313,0.0,0.0,0.0
2023-07-28 14:30:00-04:00,80.68000030517578,80.9000015258789,80.61000061035156,80.9000015258789,22285,0.0,0.0,0.0
2023-07-28 15:30:00-04:00,80.87999725341797,81.0,80.81999969482422,81.0,11916,0.0,0.0,0.0
2023-07-31 09:30:00-04:00,80.87999725341797,81.48999786376953,80.76000213623047,81.25990295410156,12281,0.0,0.0,0.0
2023-07-31 10:30:00-04:00,81.17350006103516,81.34750366210938,81.0999984741211,81.34750366210938,1741,0.0,0.0,0.0
2023-07-31 11:30:00-04:00,81.29000091552734,81.29000091552734,81.23999786376953,81.23999786376953,608,0.0,0.0,0.0
2023-07-31 12:30:00-04:00,81.24649810791016,81.38990020751953,81.21749877929688,81.30000305175781,2453,0.0,0.0,0.0
2023-07-31 13:30:00-04:00,81.34269714355469,81.47000122070312,81.34269714355469,81.47000122070312,589,0.0,0.0,0.0
2023-07-31 14:30:00-04:00,81.38330078125,81.69999694824219,81.38330078125,81.69999694824219,7044,0.0,0.0,0.0
2023-07-31 15:30:00-04:00,81.70279693603516,81.70999908447266,81.45999908447266,81.45999908447266,4981,0.0,0.0,0.0
2023-08-01 09:30:00-04:00,80.19000244140625,80.2300033569336,79.80999755859375,80.2300033569336,4498,0.0,0.0,0.0
2023-08-01 10:30:00-04:00,80.0199966430664,80.06990051269531,79.83999633789062,79.83999633789062,199974,0.0,0.0,0.0
2023-08-01 11:30:00-04:00,79.6427001953125,79.80000305175781,79.6427001953125,79.80000305175781,4119,0.0,0.0,0.0
2023-08-01 12:30:00-04:00,79.6969985961914,79.83999633789062,79.69000244140625,79.80000305175781,1327,0.0,0.0,0.0
2023-08-01 13:30:00-04:00,79.7261962890625,79.76000213623047,79.7261962890625,79.76000213623047,1265,0.0,0.0,0.0
2023-08-01 14:30:00-04:00,79.6500015258789,79.86000061035156,79.6500015258789,79.75,8599,0.0,0.0,0.0
2023-08-01 15:30:00-04:00,79.73999786376953,79.73999786376953,79.56999969482422,79.56999969482422,32104,0.0,0.0,0.0
2023-08-02 09:30:00-04:00,78.347900390625,78.347900390625,77.82379913330078,77.82379913330078,5996,0.0,0.0,0.0
2023-08-02 10:30:00-04:00,77.93000030517578,77.93000030517578,77.50499725341797,77.62999725341797,1724,0.0,0.0,0.0
2023-08-02 11:30:00-04:00,77.63500213623047,77.63999938964844,77.49500274658203,77.53500366210938,1246,0.0,0.0,0.0
2023-08-02 12:30:00-04:00,77.66999816894531,77.7699966430664,77.59750366210938,77.7300033569336,3384,0.0,0.0,0.0
2023-08-02 13:30:00-04:00,77.69000244140625,77.69000244140625,77.66999816894531,77.66999816894531,589,0.0,0.0,0.0
2023-08-02 14:30:00-04:00,77.75990295410156,77.75990295410156,77.58999633789062,77.5999984741211,6487,0.0,0.0,0.0
2023-08-02 15:30:00-04:00,77.62999725341797,77.76000213623047,77.62999725341797,77.76000213623047,1284,0.0,0.0,0.0
2023-08-03 09:30:00-04:00,79.0,79.38999938964844,79.0,79.25499725341797,21781,0.0,0.0,0.0
2023-08-03 10:30:00-04:00,79.25,79.79000091552734,79.25,79.76000213623047,2517,0.0,0.0,0.0
2023-08-03 11:30:00-04:00,79.68000030517578,79.75,79.58999633789062,79.59760284423828,37016,0.0,0.0,0.0
2023-08-03 12:30:00-04:00,79.61599731445312,79.80000305175781,79.61599731445312,79.6500015258789,2420,0.0,0.0,0.0
2023-08-03 13:30:00-04:00,79.57499694824219,79.57499694824219,79.5199966430664,79.5199966430664,1103,0.0,0.0,0.0
2023-08-03 14:30:00-04:00,79.5,79.63999938964844,79.41999816894531,79.45999908447266,3303,0.0,0.0,0.0
2023-08-03 15:30:00-04:00,79.62999725341797,79.68000030517578,79.55000305175781,79.68000030517578,1120,0.0,0.0,0.0
2023-08-04 09:30:00-04:00,79.48999786376953,79.48999786376953,78.81999969482422,78.87999725341797,7129,0.0,0.0,0.0
2023-08-04 10:30:00-04:00,79.18000030517578,79.18000030517578,79.0999984741211,79.0999984741211,1356,0.0,0.0,0.0
2023-08-04 11:30:00-04:00,79.21499633789062,79.37000274658203,79.2074966430664,79.33000183105469,122484,0.0,0.0,0.0
2023-08-04 12:30:00-04:00,79.31999969482422,79.3499984741211,79.13999938964844,79.18000030517578,410343,0.0,0.0,0.0
2023-08-04 13:30:00-04:00,79.16999816894531,79.18000030517578,78.63500213623047,78.69999694824219,400063,0.0,0.0,0.0
2023-08-04 14:30:00-04:00,78.7125015258789,78.76499938964844,78.4800033569336,78.54000091552734,907603,0.0,0.0,0.0
2023-08-04 15:30:00-04:00,78.54000091552734,78.6050033569336,78.45999908447266,78.58000183105469,306137,0.0,0.0,0.0
2023-08-07 09:30:00-04:00,78.58999633789062,78.58999633789062,77.39569854736328,77.5,20211,0.0,0.0,0.0
2023-08-07 10:30:00-04:00,77.73999786376953,77.73999786376953,77.62000274658203,77.62000274658203,1974,0.0,0.0,0.0
2023-08-07 11:30:00-04:00,77.6500015258789,77.720703125,77.58999633789062,77.68499755859375,2318,0.0,0.0,0.0
2023-08-07 12:30:00-04:00,77.752197265625,77.7699966430664,77.625,77.625,1992,0.0,0.0,0.0
2023-08-07 13:30:00-04:00,77.62629699707031,77.79080200195312,77.62629699707031,77.79080200195312,625,0.0,0.0,0.0
2023-08-07 14:30:00-04:00,77.77210235595703,77.77210235595703,77.6708984375,77.6708984375,565,0.0,0.0,0.0
2023-08-07 15:30:00-04:00,77.80999755859375,77.91000366210938,77.77999877929688,77.91000366210938,2121,0.0,0.0,0.0
2023-08-08 09:30:00-04:00,76.04000091552734,76.43000030517578,75.91000366210938,76.14119720458984,10334,0.0,0.0,0.0
2023-08-08 10:30:00-04:00,76.16999816894531,76.54000091552734,76.16999816894531,76.5199966430664,4477,0.0,0.0,0.0
2023-08-08 11:30:00-04:00,76.41000366210938,76.41000366210938,76.30000305175781,76.33999633789062,14579,0.0,0.0,0.0
2023-08-08 12:30:00-04:00,76.41999816894531,76.43499755859375,76.35009765625,76.42620086669922,1080,0.0,0.0,0.0
2023-08-08 13:30:00-04:00,76.55000305175781,76.6500015258789,76.55000305175781,76.58000183105469,2528,0.0,0.0,0.0
2023-08-08 14:30:00-04:00,76.56999969482422,76.71990203857422,76.56999969482422,76.58999633789062,4579,0.0,0.0,0.0
2023-08-08 15:30:00-04:00,76.58999633789062,76.7300033569336,76.54000091552734,76.62000274658203,0,0.0,0.0,0.0
2023-08-09 09:30:00-04:00,77.41000366210938,77.41000366210938,76.70010375976562,76.8499984741211,5325,0.0,0.0,0.0
2023-08-09 10:30:00-04:00,76.86000061035156,76.86000061035156,76.41999816894531,76.4800033569336,9415,0.0,0.0,0.0
2023-08-09 11:30:00-04:00,76.70989990234375,76.70989990234375,76.53500366210938,76.62000274658203,1961,0.0,0.0,0.0
2023-08-09 12:30:00-04:00,76.70999908447266,76.83000183105469,76.6500015258789,76.83000183105469,6041,0.0,0.0,0.0
2023-08-09 13:30:00-04:00,76.97000122070312,77.05000305175781,76.91999816894531,77.05000305175781,3687,0.0,0.0,0.0
2023-08-09 14:30:00-04:00,77.01000213623047,77.01000213623047,76.94000244140625,76.94000244140625,2118,0.0,0.0,0.0
2023-08-09 15:30:00-04:00,76.95999908447266,77.03140258789062,76.83999633789062,76.8499984741211,5732,0.0,0.0,0.0
2023-08-10 09:30:00-04:00,77.69000244140625,78.45500183105469,77.54000091552734,78.17500305175781,26650,0.0,0.0,0.0
2023-08-10 10:30:00-04:00,78.04000091552734,78.04000091552734,77.6500015258789,77.93000030517578,9267,0.0,0.0,0.0
2023-08-10 11:30:00-04:00,77.9000015258789,77.98989868164062,77.5199966430664,77.5199966430664,4245,0.0,0.0,0.0
2023-08-10 12:30:00-04:00,77.51000213623047,77.63999938964844,77.29000091552734,77.29000091552734,7957,0.0,0.0,0.0
2023-08-10 13:30:00-04:00,77.31999969482422,77.4198989868164,77.1500015258789,77.4198989868164,13767,0.0,0.0,0.0
2023-08-10 14:30:00-04:00,77.31999969482422,77.41999816894531,77.2300033569336,77.31999969482422,5481,0.0,0.0,0.0
2023-08-10 15:30:00-04:00,77.33000183105469,77.48179626464844,77.30999755859375,77.30999755859375,1187,0.0,0.0,0.0
2023-08-11 09:30:00-04:00,75.41999816894531,75.54000091552734,75.01599884033203,75.28500366210938,6863,0.0,0.0,0.0
2023-08-11 10:30:00-04:00,75.31999969482422,75.31999969482422,74.9000015258789,74.9000015258789,5622,0.0,0.0,0.0
2023-08-11 11:30:00-04:00,74.82990264892578,74.9800033569336,74.73999786376953,74.95210266113281,1860,0.0,0.0,0.0
2023-08-11 12:30:00-04:00,74.83499908447266,75.08999633789062,74.65010070800781,75.08999633789062,1488,0.0,0.0,0.0
2023-08-11 13:30:00-04:00,74.95999908447266,75.0,74.74009704589844,74.92870330810547,2346,0.0,0.0,0.0
2023-08-11 14:30:00-04:00,75.05000305175781,75.19000244140625,75.00959777832031,75.19000244140625,1404,0.0,0.0,0.0
2023-08-11 15:30:00-04:00,75.19000244140625,75.22000122070312,75.16000366210938,75.16000366210938,3931,0.0,0.0,0.0
2023-08-14 09:30:00-04:00,74.33000183105469,74.45999908447266,73.9000015258789,74.38999938964844,15860,0.0,0.0,0.0
2023-08-14 10:30:00-04:00,74.30999755859375,74.58999633789062,74.30999755859375,74.58000183105469,23492,0.0,0.0,0.0
2023-08-14 11:30:00-04:00,74.71189880371094,74.95999908447266,74.61129760742188,74.75,7440,0.0,0.0,0.0
2023-08-14 12:30:00-04:00,74.68000030517578,74.68000030517578,74.58000183105469,74.63800048828125,3006,0.0,0.0,0.0
2023-08-14 13:30:00-04:00,74.63500213623047,74.67389678955078,74.38999938964844,74.5999984741211,10488,0.0,0.0,0.0
2023-08-14 14:30:00-04:00,74.57499694824219,74.73829650878906,74.57499694824219,74.70999908447266,4789,0.0,0.0,0.0
2023-08-14 15:30:00-04:00,74.70999908447266,74.7300033569336,74.66999816894531,74.72000122070312,5919,0.0,0.0,0.0
2023-08-15 09:30:00-04:00,74.26000213623047,74.26000213623047,73.33999633789062,73.35749816894531,7092,0.0,0.0,0.0
2023-08-15 10:30:00-04:00,73.38999938964844,73.69999694824219,73.38999938964844,73.63999938964844,3238,0.0,0.0,0.0
2023-08-15 11:30:00-04:00,73.69000244140625,73.69000244140625,73.45500183105469,73.45500183105469,4970,0.0,0.0,0.0
2023-08-15 12:30:00-04:00,73.45999908447266,73.61000061035156,73.4458999633789,73.48999786376953,3648,0.0,0.0,0.0
2023-08-15 13:30:00-04:00,73.45999908447266,73.47660064697266,73.44999694824219,73.47660064697266,1225,0.0,0.0,0.0
2023-08-15 14:30:00-04:00,73.47000122070312,73.47000122070312,73.46199798583984,73.47000122070312,1402,0.0,0.0,0.0
2023-08-15 15:30:00-04:00,73.37999725341797,73.52999877929688,73.37999725341797,73.4800033569336,2407,0.0,0.0,0.0
2023-08-16 09:30:00-04:00,72.45999908447266,72.70249938964844,72.21649932861328,72.66000366210938,9552,0.0,0.0,0.0
2023-08-16 10:30:00-04:00,72.69999694824219,72.82949829101562,72.56999969482422,72.56999969482422,14180,0.0,0.0,0.0
2023-08-16 11:30:00-04:00,72.53829956054688,72.53829956054688,72.30999755859375,72.44000244140625,11396,0.0,0.0,0.0
2023-08-16 12:30:00-04:00,72.44000244140625,72.50749969482422,72.37519836425781,72.37519836425781,4281,0.0,0.0,0.0
2023-08-16 13:30:00-04:00,72.33809661865234,72.47000122070312,72.2699966430664,72.45899963378906,3310,0.0,0.0,0.0
2023-08-16 14:30:00-04:00,72.48999786376953,72.50129699707031,72.19999694824219,72.29000091552734,4681,0.0,0.0,0.0
2023-08-16 15:30:00-04:00,72.26000213623047,72.30000305175781,72.26000213623047,72.27999877929688,1383,0.0,0.0,0.0
2023-08-17 09:30:00-04:00,73.79000091552734,73.79000091552734,73.13999938964844,73.29000091552734,17666,0.0,0.0,0.0
2023-08-17 10:30:00-04:00,73.16999816894531,73.3949966430664,73.16000366210938,73.20999908447266,14895,0.0,0.0,0.0
2023-08-17 11:30:00-04:00,73.19999694824219,73.5,73.18000030517578,73.5,6483,0.0,0.0,0.0
2023-08-17 12:30:00-04:00,73.44999694824219,73.44999694824219,73.29000091552734,73.29000091552734,1101,0.0,0.0,0.0
2023-08-17 13:30:00-04:00,73.16999816894531,73.16999816894531,73.05999755859375,73.05999755859375,3164,0.0,0.0,0.0
2023-08-17 14:30:00-04:00,73.0,73.0,72.91500091552734,72.95999908447266,2622,0.0,0.0,0.0
2023-08-17 15:30:00-04:00,73.06999969482422,73.0999984741211,72.98999786376953,73.05999755859375,0,0.0,0.0,0.0
2023-08-18 09:30:00-04:00,71.38999938964844,71.44000244140625,71.13999938964844,71.1449966430664,115390,0.0,0.0,0.0
2023-08-18 10:30:00-04:00,71.23999786376953,71.5999984741211,71.23999786376953,71.55500030517578,163044,0.0,0.0,0.0
2023-08-18 11:30:00-04:00,71.50499725341797,71.55000305175781,71.37000274658203,71.55000305175781,101966,0.0,0.0,0.0
2023-08-18 12:30:00-04:00,71.43000030517578,71.5,71.30999755859375,71.30999755859375,158581,0.0,0.0,0.0
2023-08-18 13:30:00-04:00,71.44000244140625,71.61000061035156,71.41000366210938,71.61000061035156,111514,0.0,0.0,0.0
2023-08-18 14:30:00-04:00,71.55000305175781,71.66419982910156,71.37000274658203,71.44000244140625,157106,0.0,0.0,0.0
2023-08-18 15:30:00-04:00,71.44000244140625,71.48999786376953,71.36000061035156,71.36000061035156,61746,0.0,0.0,0.0
2023-08-21 09:30:00-04:00,70.7699966430664,71.0073013305664,70.55500030517578,70.87000274658203,10935,0.0,0.0,0.0
2023-08-21 10:30:00-04:00,70.84919738769531,71.02989959716797,70.74839782714844,70.8499984741211,3562,0.0,0.0,0.0
2023-08-21 11:30:00-04:00,70.91999816894531,70.91999816894531,70.73999786376953,70.91500091552734,12687,0.0,0.0,0.0
2023-08-21 12:30:00-04:00,70.9447021484375,70.9447021484375,70.9447021484375,70.9447021484375,664,0.0,0.0,0.0
2023-08-21 13:30:00-04:00,70.98999786376953,70.98999786376953,70.98999786376953,70.98999786376953,619,0.0,0.0,0.0
2023-08-21 14:30:00-04:00,71.04499816894531,71.22000122070312,71.04499816894531,71.19499969482422,4937,0.0,0.0,0.0
2023-08-21 15:30:00-04:00,71.16690063476562,71.19000244140625,71.08999633789062,71.08999633789062,896,0.0,0.0,0.0
2023-08-22 09:30:00-04:00,71.58999633789062,71.58999633789062,71.0,71.05999755859375,7640,0.0,0.0,0.0
2023-08-22 10:30:00-04:00,71.0072021484375,71.11000061035156,71.0072021484375,71.06999969482422,23328,0.0,0.0,0.0
2023-08-22 11:30:00-04:00,71.02189636230469,71.02189636230469,71.01000213623047,71.01000213623047,534,0.0,0.0,0.0
2023-08-22 12:30:00-04:00,70.91320037841797,70.92050170898438,70.91320037841797,70.92050170898438,383,0.0,0.0,0.0
2023-08-22 13:30:00-04:00,70.90619659423828,71.05999755859375,70.90619659423828,71.05999755859375,1449,0.0,0.0,0.0
2023-08-22 14:30:00-04:00,71.08869934082031,71.18499755859375,71.04309844970703,71.16000366210938,1718,0.0,0.0,0.0
2023-08-22 15:30:00-04:00,71.02320098876953,71.13999938964844,71.0,71.0,1396,0.0,0.0,0.0
2023-08-23 09:30:00-04:00,71.13999938964844,71.84339904785156,71.02999877929688,71.7300033569336,131131,0.0,0.0,0.0
2023-08-23 10:30:00-04:00,71.75,71.88500213623047,71.62999725341797,71.83000183105469,104344,0.0,0.0,0.0
2023-08-23 11:30:00-04:00,71.87000274658203,71.91010284423828,71.80039978027344,71.88999938964844,4175,0.0,0.0,0.0
2023-08-23 12:30:00-04:00,71.8499984741211,71.97509765625,71.80999755859375,71.86000061035156,2622,0.0,0.0,0.0
2023-08-23 13:30:00-04:00,71.91000366210938,71.94999694824219,71.8499984741211,71.8499984741211,3310,0.0,0.0,0.0
2023-08-23 14:30:00-04:00,71.83999633789062,71.87989807128906,71.75,71.80000305175781,6667,0.0,0.0,0.0
2023-08-23 15:30:00-04:00,71.80000305175781,71.80999755859375,71.73999786376953,71.7699966430664,7497,0.0,0.0,0.0
2023-08-24 09:30:00-04:00,72.26000213623047,72.4000015258789,72.1050033569336,72.30999755859375,7744,0.0,0.0,0.0
2023-08-24 10:30:00-04:00,72.13999938964844,72.1500015258789,71.9000015258789,71.94219970703125,2154,0.0,0.0,0.0
2023-08-24 11:30:00-04:00,71.76000213623047,71.97940063476562,71.76000213623047,71.97940063476562,1084,0.0,0.0,0.0
2023-08-24 12:30:00-04:00,72.18509674072266,72.18509674072266,72.03500366210938,72.03500366210938,1353,0.0,0.0,0.0
2023-08-24 13:30:00-04:00,72.05999755859375,72.1449966430664,72.05999755859375,72.1449966430664,758,0.0,0.0,0.0
2023-08-24 14:30:00-04:00,72.08000183105469,72.09500122070312,72.04000091552734,72.09500122070312,2746,0.0,0.0,0.0
2023-08-24 15:30:00-04:00,72.13999938964844,72.13999938964844,71.91999816894531,72.06999969482422,1828,0.0,0.0,0.0
2023-08-25 09:30:00-04:00,71.97000122070312,71.97000122070312,71.58999633789062,71.58999633789062,4213,0.0,0.0,0.0
2023-08-25 10:30:00-04:00,71.36499786376953,71.62059783935547,71.1500015258789,71.58999633789062,8882,0.0,0.0,0.0
2023-08-25 11:30:00-04:00,71.66000366210938,71.70999908447266,71.48500061035156,71.70999908447266,2069,0.0,0.0,0.0
2023-08-25 12:30:00-04:00,71.68499755859375,71.77999877929688,71.56500244140625,71.56500244140625,1329,0.0,0.0,0.0
2023-08-25 13:30:00-04:00,71.56500244140625,71.76000213623047,71.56500244140625,71.76000213623047,1547,0.0,0.0,0.0
2023-08-25 14:30:00-04:00,71.84500122070312,71.94000244140625,71.7864990234375,71.92160034179688,1909,0.0,0.0,0.0
2023-08-25 15:30:00-04:00,71.8499984741211,71.86000061035156,71.8499984741211,71.8499984741211,1298,0.0,0.0,0.0
2023-08-28 09:30:00-04:00,72.8499984741211,73.16999816894531,72.77999877929688,73.05000305175781,7779,0.0,0.0,0.0
2023-08-28 10:30:00-04:00,73.26000213623047,73.4000015258789,73.19000244140625,73.3550033569336,1688,0.0,0.0,0.0
2023-08-28 11:30:00-04:00,73.31500244140625,73.3447036743164,73.20999908447266,73.20999908447266,1829,0.0,0.0,0.0
2023-08-28 12:30:00-04:00,73.19000244140625,73.31999969482422,73.19000244140625,73.31999969482422,1757,0.0,0.0,0.0
2023-08-28 13:30:00-04:00,73.32520294189453,73.32520294189453,73.1449966430664,73.1500015258789,5531,0.0,0.0,0.0
2023-08-28 14:30:00-04:00,73.29000091552734,73.29000091552734,73.16999816894531,73.16999816894531,1136,0.0,0.0,0.0
2023-08-28 15:30:00-04:00,73.16999816894531,73.30000305175781,73.16999816894531,73.30000305175781,2684,0.0,0.0,0.0
2023-08-29 09:30:00-04:00,74.22000122070312,75.12000274658203,74.0199966430664,75.12000274658203,0,0.0,0.0,0.0
2023-08-29 10:30:00-04:00,74.83000183105469,74.92939758300781,74.83000183105469,74.91000366210938,1350,0.0,0.0,0.0
2023-08-29 11:30:00-04:00,74.94000244140625,74.94000244140625,74.75499725341797,74.79000091552734,3174,0.0,0.0,0.0
2023-08-29 12:30:00-04:00,74.7500991821289,74.86000061035156,74.7249984741211,74.79499816894531,2133,0.0,0.0,0.0
2023-08-29 13:30:00-04:00,74.82499694824219,74.9000015258789,74.78500366210938,74.83499908447266,2188,0.0,0.0,0.0
2023-08-29 14:30:00-04:00,74.8499984741211,74.94999694824219,74.84500122070312,74.91999816894531,1849,0.0,0.0,0.0
2023-08-29 15:30:00-04:00,74.95999908447266,74.95999908447266,74.81999969482422,74.81999969482422,2270,0.0,0.0,0.0
2023-08-30 09:30:00-04:00,73.94999694824219,74.38020324707031,73.94999694824219,74.17500305175781,12186,0.0,0.0,0.0
2023-08-30 10:30:00-04:00,74.1500015258789,74.2699966430664,74.13999938964844,74.2300033569336,4462,0.0,0.0,0.0
2023-08-30 11:30:00-04:00,74.2699966430664,74.52999877929688,74.2699966430664,74.40499877929688,2210,0.0,0.0,0.0
2023-08-30 12:30:00-04:00,74.50990295410156,74.50990295410156,74.40499877929688,74.50499725341797,2345,0.0,0.0,0.0
2023-08-30 13:30:00-04:00,74.37999725341797,74.37999725341797,74.36499786376953,74.37950134277344,700,0.0,0.0,0.0
2023-08-30 14:30:00-04:00,74.41999816894531,74.51000213623047,74.32499694824219,74.50499725341797,1641,0.0,0.0,0.0
2023-08-30 15:30:00-04:00,74.36000061035156,74.44000244140625,74.36000061035156,74.44000244140625,876,0.0,0.0,0.0
2023-08-31 09:30:00-04:00,74.0,74.12999725341797,73.80999755859375,73.94999694824219,8744,0.0,0.0,0.0
2023-08-31 10:30:00-04:00,73.93499755859375,73.98999786376953,73.73999786376953,73.73999786376953,805,0.0,0.0,0.0
2023-08-31 11:30:00-04:00,73.77100372314453,73.78119659423828,73.58499908447266,73.58499908447266,3833,0.0,0.0,0.0
2023-08-31 12:30:00-04:00,73.5999984741211,73.75499725341797,73.5999984741211,73.75499725341797,540,0.0,0.0,0.0
2023-08-31 13:30:00-04:00,73.75,73.9280014038086,73.75,73.9280014038086,1933,0.0,0.0,0.0
2023-08-31 14:30:00-04:00,73.87000274658203,73.91999816894531,73.76499938964844,73.7750015258789,4209,0.0,0.0,0.0
2023-08-31 15:30:00-04:00,73.88999938964844,73.91999816894531,73.73999786376953,73.73999786376953,1514,0.0,0.0,0.0
2023-09-01 09:30:00-04:00,74.9800033569336,75.95999908447266,74.9800033569336,75.95999908447266,5285,0.0,0.0,0.0
2023-09-01 10:30:00-04:00,75.75250244140625,75.9000015258789,75.44499969482422,75.51000213623047,26255,0.0,0.0,0.0
2023-09-01 11:30:00-04:00,75.45999908447266,75.58000183105469,75.31500244140625,75.502197265625,3671,0.0,0.0,0.0
2023-09-01 12:30:00-04:00,75.48999786376953,75.50499725341797,75.33000183105469,75.36000061035156,3891,0.0,0.0,0.0
2023-09-01 13:30:00-04:00,75.44999694824219,75.5199966430664,75.3499984741211,75.3499984741211,2603,0.0,0.0,0.0
2023-09-01 14:30:00-04:00,75.46260070800781,75.46260070800781,75.23500061035156,75.40499877929688,4773,0.0,0.0,0.0
2023-09-01 15:30:00-04:00,75.31999969482422,75.43000030517578,75.26000213623047,75.41999816894531,5414,0.0,0.0,0.0
2023-09-05 09:30:00-04:00,74.70999908447266,74.95989990234375,74.48419952392578,74.56169891357422,5938,0.0,0.0,0.0
2023-09-05 10:30:00-04:00,74.55729675292969,74.60919952392578,74.55729675292969,74.60919952392578,530,0.0,0.0,0.0
2023-09-05 11:30:00-04:00,74.45500183105469,74.6698989868164,74.45500183105469,74.60790252685547,4346,0.0,0.0,0.0
2023-09-05 13:30:00-04:00,74.62930297851562,74.62930297851562,74.47000122070312,74.5999984741211,2022,0.0,0.0,0.0
2023-09-05 14:30:00-04:00,74.5199966430664,74.5199966430664,74.5,74.5,744,0.0,0.0,0.0
2023-09-05 15:30:00-04:00,74.5199966430664,74.6405029296875,74.45999908447266,74.45999908447266,0,0.0,0.0,0.0
2023-09-06 09:30:00-04:00,74.56999969482422,75.12989807128906,74.56999969482422,74.83000183105469,3043,0.0,0.0,0.0
2023-09-06 10:30:00-04:00,74.70999908447266,74.70999908447266,74.4126968383789,74.42500305175781,2326,0.0,0.0,0.0
2023-09-06 12:30:00-04:00,74.44999694824219,74.5199966430664,74.44000244140625,74.51000213623047,10600,0.0,0.0,0.0
2023-09-06 13:30:00-04:00,74.62090301513672,74.62090301513672,74.54499816894531,74.55500030517578,2085,0.0,0.0,0.0
2023-09-06 14:30:00-04:00,74.55500030517578,74.59989929199219,74.49500274658203,74.50499725341797,11692,0.0,0.0,0.0
2023-09-06 15:30:00-04:00,74.5,74.63999938964844,74.44000244140625,74.4800033569336,12989,0.0,0.0,0.0
2023-09-07 09:30:00-04:00,72.87000274658203,72.87000274658203,72.30999755859375,72.41790008544922,4910,0.0,0.0,0.0
2023-09-07 10:30:00-04:00,72.37999725341797,72.48999786376953,72.26229858398438,72.48999786376953,5931,0.0,0.0,0.0
2023-09-07 11:30:00-04:00,72.58679962158203,72.61699676513672,72.58679962158203,72.61699676513672,1307,0.0,0.0,0.0
2023-09-07 12:30:00-04:00,72.61000061035156,72.64569854736328,72.5999984741211,72.5999984741211,1435,0.0,0.0,0.0
2023-09-07 13:30:00-04:00,72.55500030517578,72.57659912109375,72.43000030517578,72.57659912109375,8435,0.0,0.0,0.0
2023-09-07 14:30:00-04:00,72.43730163574219,72.51740264892578,72.43730163574219,72.51270294189453,2453,0.0,0.0,0.0
2023-09-07 15:30:00-04:00,72.529296875,72.529296875,72.37999725341797,72.37999725341797,1356,0.0,0.0,0.0
2023-09-08 09:30:00-04:00,72.37999725341797,72.52890014648438,71.9198989868164,72.13999938964844,26959,0.0,0.0,0.0
2023-09-08 10:30:00-04:00,72.22100067138672,72.26730346679688,72.02999877929688,72.26730346679688,3526,0.0,0.0,0.0
2023-09-08 11:30:00-04:00,72.05999755859375,72.1500015258789,72.02999877929688,72.1500015258789,3547,0.0,0.0,0.0
2023-09-08 12:30:00-04:00,72.19000244140625,72.20999908447266,72.17890167236328,72.17890167236328,25883,0.0,0.0,0.0
2023-09-08 13:30:00-04:00,72.25,72.25,72.13999938964844,72.13999938964844,3986,0.0,0.0,0.0
2023-09-08 14:30:00-04:00,72.16500091552734,72.25,72.05999755859375,72.2499008178711,4303,0.0,0.0,0.0
2023-09-08 15:30:00-04:00,72.19000244140625,72.25,72.08000183105469,72.08000183105469,2028,0.0,0.0,0.0
2023-09-11 09:30:00-04:00,73.5,73.5,73.19000244140625,73.29000091552734,21320,0.0,0.0,0.0
2023-09-11 10:30:00-04:00,73.3499984741211,73.3499984741211,73.11000061035156,73.11000061035156,1495,0.0,0.0,0.0
2023-09-11 11:30:00-04:00,73.29000091552734,73.29000091552734,73.18000030517578,73.18000030517578,1624,0.0,0.0,0.0
2023-09-11 13:30:00-04:00,73.34149932861328,73.3499984741211,73.23999786376953,73.23999786376953,14741,0.0,0.0,0.0
2023-09-11 14:30:00-04:00,73.2699966430664,73.2699966430664,73.2699966430664,73.2699966430664,636,0.0,0.0,0.0
2023-09-11 15:30:00-04:00,73.43000030517578,73.43000030517578,73.43000030517578,73.43000030517578,488,0.0,0.0,0.0
2023-09-12 09:30:00-04:00,73.0,73.59500122070312,73.0,73.37999725341797,3421,0.0,0.0,0.0
2023-09-12 10:30:00-04:00,73.41000366210938,73.41000366210938,73.35549926757812,73.35549926757812,2619,0.0,0.0,0.0
2023-09-12 11:30:00-04:00,73.38990020751953,73.568603515625,73.38990020751953,73.51499938964844,2769,0.0,0.0,0.0
2023-09-12 12:30:00-04:00,73.4800033569336,73.5552978515625,73.45999908447266,73.5552978515625,778,0.0,0.0,0.0
2023-09-12 13:30:00-04:00,73.54000091552734,73.58499908447266,73.54000091552734,73.58499908447266,804,0.0,0.0,0.0
2023-09-12 14:30:00-04:00,73.5999984741211,73.5999984741211,73.4800033569336,73.48999786376953,6000,0.0,0.0,0.0
2023-09-12 15:30:00-04:00,73.51000213623047,73.51280212402344,73.4000015258789,73.45999908447266,5695,0.0,0.0,0.0
2023-09-13 09:30:00-04:00,72.91000366210938,73.13369750976562,72.79499816894531,72.94999694824219,4929,0.0,0.0,0.0
2023-09-13 10:30:00-04:00,72.94000244140625,73.04000091552734,72.94000244140625,73.04000091552734,1476,0.0,0.0,0.0
2023-09-13 11:30:00-04:00,72.90370178222656,73.03070068359375,72.8499984741211,72.94999694824219,2216,0.0,0.0,0.0
2023-09-13 12:30:00-04:00,72.8550033569336,73.05989837646484,72.8499984741211,72.98999786376953,4221,0.0,0.0,0.0
2023-09-13 13:30:00-04:00,72.91999816894531,72.91999816894531,72.81500244140625,72.81999969482422,2787,0.0,0.0,0.0
2023-09-13 14:30:00-04:00,72.91000366210938,72.91000366210938,72.72000122070312,72.81500244140625,4071,0.0,0.0,0.0
2023-09-13 15:30:00-04:00,72.83940124511719,72.87000274658203,72.80000305175781,72.87000274658203,2057,0.0,0.0,0.0
2023-09-14 09:30:00-04:00,73.08000183105469,73.23999786376953,72.91000366210938,73.06999969482422,14230,0.0,0.0,0.0
2023-09-14 10:30:00-04:00,73.1500015258789,73.37999725341797,73.07009887695312,73.36000061035156,2913,0.0,0.0,0.0
2023-09-14 11:30:00-04:00,73.41000366210938,73.41000366210938,73.25,73.25,2566,0.0,0.0,0.0
2023-09-14 12:30:00-04:00,73.2699966430664,73.35990142822266,73.22000122070312,73.2300033569336,2950,0.0,0.0,0.0
2023-09-14 13:30:00-04:00,73.23999786376953,73.25740051269531,73.20999908447266,73.2300033569336,4086,0.0,0.0,0.0
2023-09-14 14:30:00-04:00,73.13999938964844,73.2249984741211,73.13999938964844,73.20999908447266,3955,0.0,0.0,0.0
2023-09-14 15:30:00-04:00,73.20999908447266,73.2699966430664,73.08000183105469,73.11000061035156,7384,0.0,0.0,0.0
2023-09-15 09:30:00-04:00,72.9000015258789,73.12110137939453,72.73500061035156,72.9186019897461,5322,0.0,0.0,0.0
2023-09-15 10:30:00-04:00,72.81800079345703,72.81999969482422,72.59500122070312,72.6415023803711,8793,0.0,0.0,0.0
2023-09-15 11:30:00-04:00,72.70999908447266,72.79070281982422,72.70999908447266,72.76570129394531,1065,0.0,0.0,0.0
2023-09-15 13:30:00-04:00,72.77770233154297,72.77770233154297,72.77770233154297,72.77770233154297,271,0.0,0.0,0.0
2023-09-15 14:30:00-04:00,72.7249984741211,72.81999969482422,72.6594009399414,72.6594009399414,7735,0.0,0.0,0.0
2023-09-15 15:30:00-04:00,72.66999816894531,72.68499755859375,72.66999816894531,72.68499755859375,590,0.0,0.0,0.0
2023-09-18 09:30:00-04:00,72.5999984741211,72.73999786376953,72.3124008178711,72.6968002319336,21840,0.0,0.0,0.0
2023-09-18 10:30:00-04:00,72.69920349121094,72.75,72.61000061035156,72.61000061035156,1856,0.0,0.0,0.0
2023-09-18 11:30:00-04:00,72.6500015258789,72.72000122070312,72.6436996459961,72.6436996459961,1779,0.0,0.0,0.0
2023-09-18 12:30:00-04:00,72.72000122070312,72.72000122070312,72.72000122070312,72.72000122070312,458,0.0,0.0,0.0
2023-09-18 13:30:00-04:00,72.7156982421875,72.81999969482422,72.68569946289062,72.68569946289062,1367,0.0,0.0,0.0
2023-09-18 14:30:00-04:00,72.77670288085938,72.77670288085938,72.77670288085938,72.77670288085938,752,0.0,0.0,0.0
2023-09-18 15:30:00-04:00,72.68000030517578,72.80339813232422,72.66999816894531,72.69999694824219,2457,0.0,0.0,0.0
2023-09-19 09:30:00-04:00,72.7300033569336,72.85910034179688,72.68000030517578,72.68000030517578,1890,0.0,0.0,0.0
2023-09-19 10:30:00-04:00,72.47000122070312,72.47000122070312,72.44999694824219,72.44999694824219,635,0.0,0.0,0.0
2023-09-19 11:30:00-04:00,72.36399841308594,72.52999877929688,72.36399841308594,72.40979766845703,1536,0.0,0.0,0.0
2023-09-19 12:30:00-04:00,72.30709838867188,72.30709838867188,72.27999877929688,72.27999877929688,1442,0.0,0.0,0.0
2023-09-19 13:30:00-04:00,72.37000274658203,72.447998046875,72.33999633789062,72.36750030517578,2422,0.0,0.0,0.0
2023-09-19 14:30:00-04:00,72.44999694824219,72.56999969482422,72.31050109863281,72.40989685058594,4377,0.0,0.0,0.0
2023-09-19 15:30:00-04:00,72.37000274658203,72.37999725341797,72.25,72.25,1775,0.0,0.0,0.0
2023-09-20 09:30:00-04:00,72.20999908447266,72.5199966430664,72.01000213623047,72.4000015258789,10728,0.0,0.0,0.0
2023-09-20 10:30:00-04:00,72.37999725341797,72.4395980834961,72.31999969482422,72.31999969482422,9091,0.0,0.0,0.0
2023-09-20 11:30:00-04:00,72.29000091552734,72.33000183105469,72.2301025390625,72.25,4496,0.0,0.0,0.0
2023-09-20 12:30:00-04:00,72.27999877929688,72.27999877929688,72.27999877929688,72.27999877929688,632,0.0,0.0,0.0
2023-09-20 13:30:00-04:00,72.24009704589844,72.25669860839844,72.14009857177734,72.21620178222656,3254,0.0,0.0,0.0
2023-09-20 14:30:00-04:00,72.31999969482422,72.41799926757812,71.8499984741211,71.94999694824219,6500,0.0,0.0,0.0
2023-09-20 15:30:00-04:00,71.9000015258789,71.9000015258789,71.7699966430664,71.77999877929688,14323,0.0,0.0,0.0
2023-09-21 09:30:00-04:00,70.48999786376953,70.73429870605469,70.41999816894531,70.55999755859375,16949,0.0,0.0,0.0
2023-09-21 10:30:00-04:00,70.6980972290039,70.73999786376953,70.62999725341797,70.68990325927734,4137,0.0,0.0,0.0
2023-09-21 11:30:00-04:00,70.5,70.56999969482422,70.5,70.56999969482422,1676,0.0,0.0,0.0
2023-09-21 12:30:00-04:00,70.52999877929688,70.52999877929688,70.52999877929688,70.52999877929688,803,0.0,0.0,0.0
2023-09-21 13:30:00-04:00,70.5083999633789,70.62889862060547,70.5083999633789,70.60910034179688,5161,0.0,0.0,0.0
2023-09-21 14:30:00-04:00,70.51899719238281,70.57389831542969,70.50540161132812,70.50540161132812,893,0.0,0.0,0.0
2023-09-21 15:30:00-04:00,70.55999755859375,70.62999725341797,70.52999877929688,70.58000183105469,2036,0.0,0.0,0.0
2023-09-22 09:30:00-04:00,73.0,73.0,72.5,72.73999786376953,6512,0.0,0.0,0.0
2023-09-22 10:30:00-04:00,72.7300033569336,72.75,72.48999786376953,72.48999786376953,2778,0.0,0.0,0.0
2023-09-22 11:30:00-04:00,72.52870178222656,72.52999877929688,72.52870178222656,72.52999877929688,307,0.0,0.0,0.0
2023-09-22 12:30:00-04:00,72.6500015258789,72.6500015258789,72.6500015258789,72.6500015258789,618,0.0,0.0,0.0
2023-09-22 13:30:00-04:00,72.5156021118164,72.5199966430664,72.41000366210938,72.48999786376953,2093,0.0,0.0,0.0
2023-09-22 14:30:00-04:00,72.48999786376953,72.55999755859375,72.48999786376953,72.54000091552734,745,0.0,0.0,0.0
2023-09-22 15:30:00-04:00,72.58499908447266,72.58499908447266,72.45999908447266,72.45999908447266,1718,0.0,0.0,0.0
2023-09-25 09:30:00-04:00,71.2300033569336,71.5250015258789,71.2300033569336,71.40399932861328,9084,0.0,0.0,0.0
2023-09-25 10:30:00-04:00,71.44000244140625,71.44000244140625,71.44000244140625,71.44000244140625,1237,0.0,0.0,0.0
2023-09-25 12:30:00-04:00,71.64749908447266,71.65249633789062,71.61250305175781,71.61250305175781,710,0.0,0.0,0.0
2023-09-25 13:30:00-04:00,71.5199966430664,71.58999633789062,71.5199966430664,71.5260009765625,9810,0.0,0.0,0.0
2023-09-25 14:30:00-04:00,71.57499694824219,71.62000274658203,71.52999877929688,71.58499908447266,16263,0.0,0.0,0.0
2023-09-25 15:30:00-04:00,71.58000183105469,71.5999984741211,71.53500366210938,71.55000305175781,6092,0.0,0.0,0.0
2023-09-26 09:30:00-04:00,70.91000366210938,71.2300033569336,70.91000366210938,71.01000213623047,2777,0.0,0.0,0.0
2023-09-26 10:30:00-04:00,71.06500244140625,71.06500244140625,70.92549896240234,70.92549896240234,2424,0.0,0.0,0.0
2023-09-26 11:30:00-04:00,70.9490966796875,70.97599792480469,70.91999816894531,70.93000030517578,5226,0.0,0.0,0.0
2023-09-26 12:30:00-04:00,70.93000030517578,70.93000030517578,70.93000030517578,70.93000030517578,165,0.0,0.0,0.0
2023-09-26 13:30:00-04:00,70.8301010131836,70.90499877929688,70.83000183105469,70.83000183105469,1124,0.0,0.0,0.0
2023-09-26 14:30:00-04:00,70.7699966430664,70.81500244140625,70.7699966430664,70.81500244140625,1250,0.0,0.0,0.0
2023-09-26 15:30:00-04:00,70.83999633789062,70.87000274658203,70.79000091552734,70.79000091552734,13146,0.0,0.0,0.0
2023-09-27 09:30:00-04:00,71.22000122070312,71.22000122070312,70.97000122070312,70.97000122070312,5079,0.0,0.0,0.0
2023-09-27 10:30:00-04:00,70.94000244140625,71.0,70.87999725341797,71.0,370,0.0,0.0,0.0
2023-09-27 11:30:00-04:00,70.82009887695312,70.9301986694336,70.82009887695312,70.9301986694336,1348,0.0,0.0,0.0
2023-09-27 12:30:00-04:00,70.87999725341797,70.91999816894531,70.7770004272461,70.7770004272461,595,0.0,0.0,0.0
2023-09-27 13:30:00-04:00,70.77999877929688,70.94999694824219,70.77999877929688,70.86000061035156,2209,0.0,0.0,0.0
2023-09-27 14:30:00-04:00,71.05000305175781,71.10230255126953,71.05000305175781,71.06999969482422,1829,0.0,0.0,0.0
2023-09-27 15:30:00-04:00,71.11000061035156,71.1500015258789,71.04000091552734,71.125,2408,0.0,0.0,0.0
2023-09-28 09:30:00-04:00,70.58999633789062,70.6449966430664,70.56999969482422,70.62999725341797,2294,0.0,0.0,0.0
2023-09-28 10:30:00-04:00,70.77010345458984,70.77010345458984,70.77010345458984,70.77010345458984,304,0.0,0.0,0.0
2023-09-28 11:30:00-04:00,70.93000030517578,71.02030181884766,70.9000015258789,71.02030181884766,2457,0.0,0.0,0.0
2023-09-28 12:30:00-04:00,71.0199966430664,71.03500366210938,70.95999908447266,71.0250015258789,3062,0.0,0.0,0.0
2023-09-28 13:30:00-04:00,70.9666976928711,70.9666976928711,70.93499755859375,70.93499755859375,512,0.0,0.0,0.0
2023-09-28 14:30:00-04:00,71.06880187988281,71.06880187988281,70.91000366210938,70.95500183105469,935,0.0,0.0,0.0
2023-09-28 15:30:00-04:00,71.0199966430664,71.0199966430664,70.94999694824219,70.94999694824219,0,0.0,0.0,0.0
2023-09-29 09:30:00-04:00,72.13999938964844,72.16000366210938,71.61000061035156,71.61000061035156,24717,0.0,0.0,0.0
2023-09-29 12:30:00-04:00,71.66000366210938,71.66000366210938,71.64779663085938,71.64779663085938,578,0.0,0.0,0.0
2023-09-29 13:30:00-04:00,71.54000091552734,71.54000091552734,71.52100372314453,71.52100372314453,418,0.0,0.0,0.0
2023-09-29 14:30:00-04:00,71.5199966430664,71.79989624023438,71.5199966430664,71.61000061035156,1573,0.0,0.0,0.0
2023-09-29 15:30:00-04:00,71.61000061035156,71.61000061035156,71.51499938964844,71.55000305175781,1734,0.0,0.0,0.0
2023-10-02 09:30:00-04:00,71.41999816894531,71.43000030517578,71.09529876708984,71.09529876708984,13268,0.0,0.0,0.0
2023-10-02 10:30:00-04:00,71.30000305175781,71.30000305175781,71.25,71.25,939,0.0,0.0,0.0
2023-10-02 11:30:00-04:00,71.29409790039062,71.36000061035156,71.23999786376953,71.27100372314453,10604,0.0,0.0,0.0
2023-10-02 12:30:00-04:00,71.23049926757812,71.23049926757812,71.1552963256836,71.1885986328125,1258,0.0,0.0,0.0
2023-10-02 13:30:00-04:00,71.08000183105469,71.12950134277344,71.08000183105469,71.12950134277344,1567,0.0,0.0,0.0
2023-10-02 14:30:00-04:00,71.08999633789062,71.3499984741211,71.08999633789062,71.30999755859375,21144,0.0,0.0,0.0
2023-10-02 15:30:00-04:00,71.31999969482422,71.61499786376953,71.19999694824219,71.41000366210938,63953,0.0,0.0,0.0
2023-10-03 09:30:00-04:00,69.94000244140625,70.16999816894531,69.94000244140625,70.0,4984,0.0,0.0,0.0
2023-10-03 10:30:00-04:00,70.03780364990234,70.08999633789062,69.94000244140625,70.08999633789062,1872,0.0,0.0,0.0
2023-10-03 11:30:00-04:00,70.08999633789062,70.08999633789062,69.91000366210938,70.01080322265625,2034,0.0,0.0,0.0
2023-10-03 12:30:00-04:00,70.05000305175781,70.05000305175781,70.0,70.0,786,0.0,0.0,0.0
2023-10-03 13:30:00-04:00,69.9800033569336,70.13990020751953,69.86000061035156,69.86000061035156,1319,0.0,0.0,0.0
2023-10-03 14:30:00-04:00,70.01249694824219,70.01249694824219,69.88999938964844,69.94000244140625,3475,0.0,0.0,0.0
2023-10-03 15:30:00-04:00,69.93000030517578,70.03990173339844,69.91000366210938,69.97000122070312,0,0.0,0.0,0.0
2023-10-04 09:30:00-04:00,69.62000274658203,69.68099975585938,69.44000244140625,69.44000244140625,4657,0.0,0.0,0.0
2023-10-04 10:30:00-04:00,69.37000274658203,69.61000061035156,69.37000274658203,69.61000061035156,2040,0.0,0.0,0.0
2023-10-04 11:30:00-04:00,69.61000061035156,69.65499877929688,69.58000183105469,69.625,1602,0.0,0.0,0.0
2023-10-04 12:30:00-04:00,69.52999877929688,69.59290313720703,69.45999908447266,69.52999877929688,4878,0.0,0.0,0.0
2023-10-04 13:30:00-04:00,69.47000122070312,69.47000122070312,69.31999969482422,69.37000274658203,3086,0.0,0.0,0.0
2023-10-04 14:30:00-04:00,69.4198989868164,69.44499969482422,69.3499984741211,69.44499969482422,3613,0.0,0.0,0.0
2023-10-04 15:30:00-04:00,69.51000213623047,69.625,69.41000366210938,69.41000366210938,2675,0.0,0.0,0.0
2023-10-05 09:30:00-04:00,69.4800033569336,69.56999969482422,69.38999938964844,69.51000213623047,8228,0.0,0.0,0.0
2023-10-05 10:30:00-04:00,69.4000015258789,69.43419647216797,69.30000305175781,69.41089630126953,1964,0.0,0.0,0.0
2023-10-05 11:30:00-04:00,69.4000015258789,69.5,69.3499984741211,69.5,4501,0.0,0.0,0.0
2023-10-05 12:30:00-04:00,69.55000305175781,69.63909912109375,69.5199966430664,69.56999969482422,1409,0.0,0.0,0.0
2023-10-05 13:30:00-04:00,69.66000366210938,69.77999877929688,69.62999725341797,69.77999877929688,8546,0.0,0.0,0.0
2023-10-05 14:30:00-04:00,69.73500061035156,69.77999877929688,69.73500061035156,69.77999877929688,679,0.0,0.0,0.0
2023-10-05 15:30:00-04:00,69.86000061035156,69.86000061035156,69.77999877929688,69.77999877929688,592,0.0,0.0,0.0
2023-10-06 09:30:00-04:00,70.16999816894531,70.49970245361328,70.16999816894531,70.20999908447266,10224,0.0,0.0,0.0
2023-10-06 10:30:00-04:00,70.7417984008789,70.89080047607422,70.69000244140625,70.89080047607422,1064,0.0,0.0,0.0
2023-10-06 11:30:00-04:00,71.23999786376953,71.3499984741211,71.22000122070312,71.22000122070312,1315,0.0,0.0,0.0
2023-10-06 13:30:00-04:00,71.29830169677734,71.29830169677734,71.29830169677734,71.29830169677734,353,0.0,0.0,0.0
2023-10-06 14:30:00-04:00,71.39910125732422,71.39910125732422,71.26000213623047,71.30549621582031,1813,0.0,0.0,0.0
2023-10-06 15:30:00-04:00,71.36000061035156,71.38999938964844,71.2313003540039,71.36000061035156,14166,0.0,0.0,0.0
2023-10-09 09:30:00-04:00,70.77999877929688,70.93560028076172,70.70939636230469,70.71510314941406,7331,0.0,0.0,0.0
2023-10-09 10:30:00-04:00,70.75,70.91999816894531,70.75,70.91999816894531,12012,0.0,0.0,0.0
2023-10-09 12:30:00-04:00,70.85140228271484,70.85140228271484,70.85140228271484,70.85140228271484,509,0.0,0.0,0.0
2023-10-09 14:30:00-04:00,71.11540222167969,71.16500091552734,71.10469818115234,71.13999938964844,2063,0.0,0.0,0.0
2023-10-09 15:30:00-04:00,71.13999938964844,71.27989959716797,71.0989990234375,71.19999694824219,1557,0.0,0.0,0.0
2023-10-10 09:30:00-04:00,71.63999938964844,72.31999969482422,71.63999938964844,72.29000091552734,10035,0.0,0.0,0.0
2023-10-10 10:30:00-04:00,72.2300033569336,72.32720184326172,72.2300033569336,72.32720184326172,1377,0.0,0.0,0.0
2023-10-10 11:30:00-04:00,72.22630310058594,72.31500244140625,72.22630310058594,72.26000213623047,1105,0.0,0.0,0.0
2023-10-10 12:30:00-04:00,72.26100158691406,72.26100158691406,72.15959930419922,72.15959930419922,847,0.0,0.0,0.0
2023-10-10 13:30:00-04:00,72.27999877929688,72.3499984741211,72.27999877929688,72.30000305175781,13765,0.0,0.0,0.0
2023-10-10 14:30:00-04:00,72.33580017089844,72.37000274658203,72.33580017089844,72.37000274658203,1237,0.0,0.0,0.0
2023-10-10 15:30:00-04:00,72.51020050048828,72.51020050048828,72.3499984741211,72.3499984741211,1031,0.0,0.0,0.0
2023-10-11 09:30:00-04:00,72.98999786376953,73.28849792480469,72.9000015258789,72.9800033569336,25884,0.0,0.0,0.0
2023-10-11 10:30:00-04:00,73.04000091552734,73.04000091552734,72.85690307617188,72.85690307617188,815,0.0,0.0,0.0
2023-10-11 11:30:00-04:00,72.8666000366211,72.8666000366211,72.68000030517578,72.68000030517578,867,0.0,0.0,0.0
2023-10-11 12:30:00-04:00,72.62999725341797,72.79000091552734,72.61000061035156,72.68000030517578,15609,0.0,0.0,0.0
2023-10-11 14:30:00-04:00,72.81900024414062,72.83390045166016,72.66619873046875,72.73999786376953,2608,0.0,0.0,0.0
2023-10-11 15:30:00-04:00,72.86000061035156,72.86000061035156,72.83000183105469,72.83000183105469,0,0.0,0.0,0.0
2023-10-12 09:30:00-04:00,72.94000244140625,72.94000244140625,72.30999755859375,72.30999755859375,6172,0.0,0.0,0.0
2023-10-12 10:30:00-04:00,72.2300033569336,72.2300033569336,72.04000091552734,72.11160278320312,2642,0.0,0.0,0.0
2023-10-12 11:30:00-04:00,71.9800033569336,72.12999725341797,71.9800033569336,72.12999725341797,5221,0.0,0.0,0.0
2023-10-12 12:30:00-04:00,71.9000015258789,71.9000015258789,71.73999786376953,71.73999786376953,1326,0.0,0.0,0.0
2023-10-12 13:30:00-04:00,71.73999786376953,71.73999786376953,71.50399780273438,71.69000244140625,7210,0.0,0.0,0.0
2023-10-12 14:30:00-04:00,71.70999908447266,71.70999908447266,71.61000061035156,71.61000061035156,14210,0.0,0.0,0.0
2023-10-12 15:30:00-04:00,71.80000305175781,71.80000305175781,71.76000213623047,71.7699966430664,0,0.0,0.0,0.0
2023-10-13 09:30:00-04:00,71.2699966430664,71.63700103759766,71.26499938964844,71.26499938964844,14147,0.0,0.0,0.0
2023-10-13 10:30:00-04:00,71.21320343017578,71.37999725341797,71.21320343017578,71.37999725341797,997,0.0,0.0,0.0
2023-10-13 11:30:00-04:00,71.1500015258789,71.25509643554688,71.1500015258789,71.25509643554688,1277,0.0,0.0,0.0
2023-10-13 12:30:00-04:00,71.24210357666016,71.27999877929688,71.06999969482422,71.06999969482422,3120,0.0,0.0,0.0
2023-10-13 13:30:00-04:00,71.19000244140625,71.27999877929688,71.12999725341797,71.17500305175781,20542,0.0,0.0,0.0
2023-10-13 14:30:00-04:00,71.08999633789062,71.16500091552734,71.08999633789062,71.16500091552734,825,0.0,0.0,0.0
2023-10-13 15:30:00-04:00,71.20500183105469,71.30000305175781,71.20500183105469,71.30000305175781,669,0.0,0.0,0.0
2023-10-16 09:30:00-04:00,70.73979949951172,71.15149688720703,70.46499633789062,71.07499694824219,20693,0.0,0.0,0.0
2023-10-16 10:30:00-04:00,71.15010070800781,71.36479949951172,71.15010070800781,71.35600280761719,2424,0.0,0.0,0.0
2023-10-16 11:30:00-04:00,71.30999755859375,71.37789916992188,71.25,71.37789916992188,5291,0.0,0.0,0.0
2023-10-16 12:30:00-04:00,71.40010070800781,71.45330047607422,71.36000061035156,71.42649841308594,1852,0.0,0.0,0.0
2023-10-16 13:30:00-04:00,71.55000305175781,71.55000305175781,71.42269897460938,71.5343017578125,1310,0.0,0.0,0.0
2023-10-16 14:30:00-04:00,71.37000274658203,71.53559875488281,71.37000274658203,71.45999908447266,6001,0.0,0.0,0.0
2023-10-16 15:30:00-04:00,71.43489837646484,71.43489837646484,71.3499984741211,71.3499984741211,0,0.0,0.0,0.0
2023-10-17 09:30:00-04:00,70.5199966430664,70.80000305175781,70.5199966430664,70.76000213623047,2287,0.0,0.0,0.0
2023-10-17 10:30:00-04:00,71.08999633789062,71.08999633789062,70.86009979248047,70.86009979248047,1449,0.0,0.0,0.0
2023-10-17 11:30:00-04:00,70.91000366210938,71.13719940185547,70.91000366210938,71.13719940185547,2415,0.0,0.0,0.0
2023-10-17 12:30:00-04:00,71.08999633789062,71.1449966430664,70.85980224609375,70.85980224609375,8818,0.0,0.0,0.0
2023-10-17 13:30:00-04:00,70.92500305175781,70.93000030517578,70.87539672851562,70.93000030517578,3169,0.0,0.0,0.0
2023-10-17 14:30:00-04:00,70.92949676513672,70.94000244140625,70.875,70.875,26389,0.0,0.0,0.0
2023-10-17 15:30:00-04:00,70.95500183105469,70.95500183105469,70.95500183105469,70.95500183105469,364,0.0,0.0,0.0
2023-10-18 09:30:00-04:00,70.0199966430664,70.16999816894531,70.0,70.03130340576172,6639,0.0,0.0,0.0
2023-10-18 10:30:00-04:00,69.78060150146484,69.80000305175781,69.78060150146484,69.80000305175781,1404,0.0,0.0,0.0
2023-10-18 11:30:00-04:00,69.70999908447266,69.70999908447266,69.61000061035156,69.66000366210938,2806,0.0,0.0,0.0
2023-10-18 12:30:00-04:00,69.58000183105469,69.72899627685547,69.55000305175781,69.70279693603516,3866,0.0,0.0,0.0
2023-10-18 13:30:00-04:00,69.66000366210938,69.76460266113281,69.63069915771484,69.70999908447266,2714,0.0,0.0,0.0
2023-10-18 14:30:00-04:00,69.6500015258789,69.69000244140625,69.55000305175781,69.58999633789062,18746,0.0,0.0,0.0
2023-10-18 15:30:00-04:00,69.55500030517578,69.75,69.55500030517578,69.72000122070312,2871,0.0,0.0,0.0
2023-10-19 09:30:00-04:00,68.83000183105469,68.88999938964844,68.56999969482422,68.63729858398438,8284,0.0,0.0,0.0
2023-10-19 10:30:00-04:00,68.62000274658203,68.91000366210938,68.62000274658203,68.83000183105469,3505,0.0,0.0,0.0
2023-10-19 11:30:00-04:00,68.83000183105469,69.01000213623047,68.83000183105469,69.01000213623047,1322,0.0,0.0,0.0
2023-10-19 12:30:00-04:00,68.87999725341797,69.11000061035156,68.81999969482422,69.04139709472656,2777,0.0,0.0,0.0
2023-10-19 13:30:00-04:00,69.12000274658203,69.12000274658203,68.87999725341797,68.96440124511719,4107,0.0,0.0,0.0
2023-10-19 14:30:00-04:00,68.73999786376953,68.80919647216797,68.60089874267578,68.60089874267578,22899,0.0,0.0,0.0
2023-10-19 15:30:00-04:00,68.63999938964844,68.66000366210938,68.60009765625,68.66000366210938,0,0.0,0.0,0.0
2023-10-20 09:30:00-04:00,67.97000122070312,68.18000030517578,67.91609954833984,67.93000030517578,7071,0.0,0.0,0.0
2023-10-20 10:30:00-04:00,68.0,68.0,67.77739715576172,67.81829833984375,6658,0.0,0.0,0.0
2023-10-20 11:30:00-04:00,67.66999816894531,67.66999816894531,67.60820007324219,67.60820007324219,386,0.0,0.0,0.0
2023-10-20 12:30:00-04:00,67.69499969482422,67.80000305175781,67.62999725341797,67.7750015258789,42955,0.0,0.0,0.0
2023-10-20 13:30:00-04:00,67.7300033569336,67.7750015258789,67.5999984741211,67.6001968383789,46666,0.0,0.0,0.0
2023-10-20 14:30:00-04:00,67.5999984741211,67.69000244140625,67.59880065917969,67.62999725341797,3207,0.0,0.0,0.0
2023-10-20 15:30:00-04:00,67.66999816894531,67.66999816894531,67.58999633789062,67.58999633789062,3959,0.0,0.0,0.0
2023-10-23 09:30:00-04:00,67.2300033569336,67.56999969482422,66.80999755859375,67.56999969482422,22643,0.0,0.0,0.0
2023-10-23 10:30:00-04:00,67.44999694824219,67.50170135498047,67.41999816894531,67.50170135498047,8239,0.0,0.0,0.0
2023-10-23 11:30:00-04:00,67.87000274658203,67.87000274658203,67.7699966430664,67.8396987915039,1154,0.0,0.0,0.0
2023-10-23 12:30:00-04:00,67.75199890136719,67.88500213623047,67.75199890136719,67.88500213623047,973,0.0,0.0,0.0
2023-10-23 13:30:00-04:00,67.8499984741211,67.98310089111328,67.8499984741211,67.98310089111328,1079,0.0,0.0,0.0
2023-10-23 14:30:00-04:00,67.91000366210938,67.91000366210938,67.79000091552734,67.79000091552734,1407,0.0,0.0,0.0
2023-10-23 15:30:00-04:00,67.76000213623047,67.77999877929688,67.72000122070312,67.76000213623047,0,0.0,0.0,0.0
2023-10-24 09:30:00-04:00,68.19000244140625,69.51000213623047,68.19000244140625,69.47000122070312,11354,0.0,0.0,0.0
2023-10-24 10:30:00-04:00,69.5,69.67040252685547,69.45999908447266,69.64199829101562,2695,0.0,0.0,0.0
2023-10-24 11:30:00-04:00,69.6500015258789,69.66000366210938,69.58000183105469,69.58000183105469,689,0.0,0.0,0.0
2023-10-24 12:30:00-04:00,69.56289672851562,69.56289672851562,69.5199966430664,69.5199966430664,1677,0.0,0.0,0.0
2023-10-24 13:30:00-04:00,69.8761978149414,69.8761978149414,69.73049926757812,69.80500030517578,1626,0.0,0.0,0.0
2023-10-24 14:30:00-04:00,69.91000366210938,69.91000366210938,69.7249984741211,69.86000061035156,2743,0.0,0.0,0.0
2023-10-24 15:30:00-04:00,69.8499984741211,69.8499984741211,69.58999633789062,69.58999633789062,8106,0.0,0.0,0.0
2023-10-25 09:30:00-04:00,68.33000183105469,68.6500015258789,68.23500061035156,68.48999786376953,20894,0.0,0.0,0.0
2023-10-25 10:30:00-04:00,68.65010070800781,68.86000061035156,68.65010070800781,68.80500030517578,1342,0.0,0.0,0.0
2023-10-25 11:30:00-04:00,68.7300033569336,68.77989959716797,68.58000183105469,68.66929626464844,2608,0.0,0.0,0.0
2023-10-25 12:30:00-04:00,68.6449966430664,68.6449966430664,68.6449966430664,68.6449966430664,359,0.0,0.0,0.0
2023-10-25 13:30:00-04:00,68.66169738769531,68.66169738769531,68.44170379638672,68.48999786376953,1092,0.0,0.0,0.0
2023-10-25 14:30:00-04:00,68.6095962524414,68.71499633789062,68.5250015258789,68.71499633789062,4736,0.0,0.0,0.0
2023-10-25 15:30:00-04:00,68.61000061035156,68.61000061035156,68.61000061035156,68.61000061035156,0,0.0,0.0,0.0
2023-10-26 09:30:00-04:00,68.44000244140625,68.72200012207031,68.26499938964844,68.26499938964844,19007,0.0,0.0,0.0
2023-10-26 10:30:00-04:00,68.55999755859375,69.0,68.55999755859375,68.73999786376953,3696,0.0,0.0,0.0
2023-10-26 11:30:00-04:00,68.69000244140625,68.69000244140625,68.6500015258789,68.6500015258789,897,0.0,0.0,0.0
2023-10-26 12:30:00-04:00,68.5,68.52999877929688,68.3499984741211,68.52999877929688,5074,0.0,0.0,0.0
2023-10-26 13:30:00-04:00,68.52999877929688,68.76609802246094,68.52999877929688,68.76609802246094,1457,0.0,0.0,0.0
2023-10-26 14:30:00-04:00,68.88059997558594,68.88059997558594,68.69010162353516,68.697998046875,17221,0.0,0.0,0.0
2023-10-26 15:30:00-04:00,68.6094970703125,68.6500015258789,68.55000305175781,68.55000305175781,1048,0.0,0.0,0.0
2023-10-27 09:30:00-04:00,69.69000244140625,69.81500244140625,69.37000274658203,69.44999694824219,24769,0.0,0.0,0.0
2023-10-27 10:30:00-04:00,69.31999969482422,69.31999969482422,69.19999694824219,69.26000213623047,6482,0.0,0.0,0.0
2023-10-27 11:30:00-04:00,69.2300033569336,69.2300033569336,69.08999633789062,69.17500305175781,2464,0.0,0.0,0.0
2023-10-27 12:30:00-04:00,69.16999816894531,69.22000122070312,69.16999816894531,69.22000122070312,548,0.0,0.0,0.0
2023-10-27 13:30:00-04:00,69.16000366210938,69.16000366210938,69.16000366210938,69.16000366210938,383,0.0,0.0,0.0
2023-10-27 14:30:00-04:00,69.13939666748047,69.19599914550781,68.9800033569336,69.0999984741211,1874,0.0,0.0,0.0
2023-10-27 15:30:00-04:00,69.08000183105469,69.16999816894531,69.08000183105469,69.16999816894531,360,0.0,0.0,0.0
2023-10-30 09:30:00-04:00,70.33999633789062,70.5199966430664,69.8499984741211,69.8499984741211,9080,0.0,0.0,0.0
2023-10-30 10:30:00-04:00,69.81999969482422,69.97000122070312,69.80000305175781,69.94999694824219,4005,0.0,0.0,0.0
2023-10-30 11:30:00-04:00,70.0199966430664,70.0199966430664,69.95999908447266,70.01940155029297,2614,0.0,0.0,0.0
2023-10-30 12:30:00-04:00,69.87000274658203,69.89859771728516,69.80500030517578,69.89859771728516,726,0.0,0.0,0.0
2023-10-30 13:30:00-04:00,69.87000274658203,69.9480972290039,69.76000213623047,69.76000213623047,1668,0.0,0.0,0.0
2023-10-30 14:30:00-04:00,69.95580291748047,70.0,69.8949966430664,69.98100280761719,2029,0.0,0.0,0.0
2023-10-30 15:30:00-04:00,69.90619659423828,70.01300048828125,69.90619659423828,69.95999908447266,1538,0.0,0.0,0.0
2023-10-31 09:30:00-04:00,68.9000015258789,69.0199966430664,68.69999694824219,69.01000213623047,4168,0.0,0.0,0.0
2023-10-31 10:30:00-04:00,68.61139678955078,68.61139678955078,68.61139678955078,68.61139678955078,1129,0.0,0.0,0.0
2023-10-31 11:30:00-04:00,68.37999725341797,68.40989685058594,68.37999725341797,68.40989685058594,1244,0.0,0.0,0.0
2023-10-31 12:30:00-04:00,68.54499816894531,68.54499816894531,68.54499816894531,68.54499816894531,162,0.0,0.0,0.0
2023-10-31 13:30:00-04:00,68.5696029663086,68.72750091552734,68.55000305175781,68.72750091552734,5333,0.0,0.0,0.0
2023-10-31 14:30:00-04:00,68.62999725341797,68.9094009399414,68.62999725341797,68.9094009399414,1596,0.0,0.0,0.0
2023-10-31 15:30:00-04:00,69.05000305175781,69.16000366210938,69.03500366210938,69.05000305175781,778,0.0,0.0,0.0
2023-11-01 09:30:00-04:00,68.7300033569336,68.93000030517578,68.58499908447266,68.93000030517578,0,0.0,0.0,0.0
2023-11-01 10:30:00-04:00,68.95999908447266,69.0,68.68000030517578,68.69000244140625,12097,0.0,0.0,0.0
2023-11-01 11:30:00-04:00,68.82990264892578,68.82990264892578,68.76000213623047,68.77999877929688,1094,0.0,0.0,0.0
2023-11-01 12:30:00-04:00,68.8499984741211,68.87999725341797,68.79000091552734,68.8104019165039,2458,0.0,0.0,0.0
2023-11-01 13:30:00-04:00,68.85169982910156,68.85169982910156,68.72200012207031,68.72200012207031,1432,0.0,0.0,0.0
2023-11-01 14:30:00-04:00,68.69499969482422,69.04000091552734,68.69499969482422,69.04000091552734,25511,0.0,0.0,0.0
2023-11-01 15:30:00-04:00,68.97200012207031,69.16000366210938,68.97000122070312,69.02999877929688,0,0.0,0.0,0.0
2023-11-02 09:30:00-04:00,69.4800033569336,69.72760009765625,69.2300033569336,69.56999969482422,14899,0.0,0.0,0.0
2023-11-02 10:30:00-04:00,69.43669891357422,69.66000366210938,69.43669891357422,69.5457992553711,904,0.0,0.0,0.0
2023-11-02 11:30:00-04:00,69.5,69.5,69.40950012207031,69.41999816894531,5604,0.0,0.0,0.0
2023-11-02 12:30:00-04:00,69.41349792480469,69.51750183105469,69.41349792480469,69.51750183105469,413,0.0,0.0,0.0
2023-11-02 13:30:00-04:00,69.54219818115234,69.54219818115234,69.50129699707031,69.50129699707031,675,0.0,0.0,0.0
2023-11-02 14:30:00-04:00,69.5,69.64990234375,69.44000244140625,69.58999633789062,5138,0.0,0.0,0.0
2023-11-02 15:30:00-04:00,69.63829803466797,69.63829803466797,69.43000030517578,69.44000244140625,14627,0.0,0.0,0.0
2023-11-03 09:30:00-04:00,70.58000183105469,71.24829864501953,70.58000183105469,71.0199966430664,6386,0.0,0.0,0.0
2023-11-03 10:30:00-04:00,71.01000213623047,71.35489654541016,70.91000366210938,71.35489654541016,283833,0.0,0.0,0.0
2023-11-03 11:30:00-04:00,71.49449920654297,71.5,71.28630065917969,71.40699768066406,2354,0.0,0.0,0.0
2023-11-03 12:30:00-04:00,71.43000030517578,71.43000030517578,71.39520263671875,71.39520263671875,1083,0.0,0.0,0.0
2023-11-03 13:30:00-04:00,71.3550033569336,71.42900085449219,71.3550033569336,71.42900085449219,626,0.0,0.0,0.0
2023-11-03 14:30:00-04:00,71.37000274658203,71.439697265625,71.3499984741211,71.3499984741211,1394,0.0,0.0,0.0
2023-11-03 15:30:00-04:00,71.31999969482422,71.37000274658203,71.31999969482422,71.37000274658203,1158,0.0,0.0,0.0
2023-11-06 09:30:00-05:00,72.43000030517578,72.43000030517578,71.81999969482422,71.81999969482422,18268,0.0,0.0,0.0
2023-11-06 10:30:00-05:00,71.82499694824219,71.96720123291016,71.66000366210938,71.96720123291016,3645,0.0,0.0,0.0
2023-11-06 11:30:00-05:00,72.01080322265625,72.01080322265625,72.00499725341797,72.00499725341797,1155,0.0,0.0,0.0
2023-11-06 12:30:00-05:00,71.8407974243164,71.8407974243164,71.70999908447266,71.70999908447266,1198,0.0,0.0,0.0
2023-11-06 14:30:00-05:00,71.77870178222656,71.88289642333984,71.66999816894531,71.80999755859375,4357,0.0,0.0,0.0
2023-11-06 15:30:00-05:00,71.73690032958984,71.83999633789062,71.6500015258789,71.6500015258789,0,0.0,0.0,0.0
2023-11-07 09:30:00-05:00,71.41999816894531,71.4800033569336,70.91999816894531,71.4800033569336,5082,0.0,0.0,0.0
2023-11-07 10:30:00-05:00,71.4999008178711,71.69609832763672,71.4999008178711,71.66000366210938,1472,0.0,0.0,0.0
2023-11-07 11:30:00-05:00,71.56500244140625,71.63849639892578,71.41999816894531,71.41999816894531,1091,0.0,0.0,0.0
2023-11-07 12:30:00-05:00,71.52519989013672,71.52519989013672,71.52519989013672,71.52519989013672,218,0.0,0.0,0.0
2023-11-07 13:30:00-05:00,71.5,71.5999984741211,71.37010192871094,71.55000305175781,9505,0.0,0.0,0.0
2023-11-07 14:30:00-05:00,71.55000305175781,71.63999938964844,71.54000091552734,71.5999984741211,11649,0.0,0.0,0.0
2023-11-07 15:30:00-05:00,71.5999984741211,71.69000244140625,71.5999984741211,71.69000244140625,4008,0.0,0.0,0.0
2023-11-08 09:30:00-05:00,71.5,71.6449966430664,71.19999694824219,71.6449966430664,0,0.0,0.0,0.0
2023-11-08 10:30:00-05:00,71.27230072021484,71.48989868164062,71.24299621582031,71.3949966430664,3431,0.0,0.0,0.0
2023-11-08 11:30:00-05:00,71.52010345458984,71.58000183105469,71.38999938964844,71.38999938964844,3585,0.0,0.0,0.0
2023-11-08 12:30:00-05:00,71.19999694824219,71.19999694824219,71.19999694824219,71.19999694824219,227,0.0,0.0,0.0
2023-11-08 13:30:00-05:00,71.2699966430664,71.35430145263672,71.2699966430664,71.35430145263672,542,0.0,0.0,0.0
2023-11-08 14:30:00-05:00,71.36489868164062,71.37999725341797,71.22979736328125,71.22979736328125,18665,0.0,0.0,0.0
2023-11-08 15:30:00-05:00,71.31439971923828,71.41999816894531,71.16999816894531,71.41999816894531,0,0.0,0.0,0.0
2023-11-09 09:30:00-05:00,71.25,71.28990173339844,70.81379699707031,71.28990173339844,8310,0.0,0.0,0.0
2023-11-09 10:30:00-05:00,71.05000305175781,71.05999755859375,70.93000030517578,71.02999877929688,12648,0.0,0.0,0.0
2023-11-09 11:30:00-05:00,71.0199966430664,71.0199966430664,70.7739028930664,70.7739028930664,617,0.0,0.0,0.0
2023-11-09 12:30:00-05:00,70.73999786376953,70.79000091552734,70.53170013427734,70.53170013427734,1483,0.0,0.0,0.0
2023-11-09 13:30:00-05:00,70.5906982421875,70.5999984741211,70.36000061035156,70.3949966430664,2493,0.0,0.0,0.0
2023-11-09 14:30:00-05:00,70.4000015258789,70.45999908447266,70.32240295410156,70.37999725341797,12781,0.0,0.0,0.0
2023-11-09 15:30:00-05:00,70.4000015258789,70.4000015258789,70.2699966430664,70.36000061035156,0,0.0,0.0,0.0
2023-11-10 09:30:00-05:00,70.25,70.25,69.79000091552734,69.79000091552734,19396,0.0,0.0,0.0
2023-11-10 10:30:00-05:00,69.83000183105469,69.94999694824219,69.72000122070312,69.89920043945312,10042,0.0,0.0,0.0
2023-11-10 11:30:00-05:00,69.91729736328125,70.07499694824219,69.91729736328125,70.07499694824219,2247,0.0,0.0,0.0
2023-11-10 12:30:00-05:00,70.04299926757812,70.04299926757812,70.02100372314453,70.02100372314453,948,0.0,0.0,0.0
2023-11-10 13:30:00-05:00,70.13999938964844,70.29000091552734,70.04190063476562,70.24500274658203,1224,0.0,0.0,0.0
2023-11-10 14:30:00-05:00,70.23999786376953,70.23999786376953,70.20999908447266,70.20999908447266,829,0.0,0.0,0.0
2023-11-10 15:30:00-05:00,70.24500274658203,70.3499984741211,70.20999908447266,70.20999908447266,1812,0.0,0.0,0.0
2023-11-13 09:30:00-05:00,70.88999938964844,70.88999938964844,70.57009887695312,70.7698974609375,14730,0.0,0.0,0.0
2023-11-13 10:30:00-05:00,70.74340057373047,71.20999908447266,70.68000030517578,71.18000030517578,21393,0.0,0.0,0.0
2023-11-13 11:30:00-05:00,71.2061996459961,71.31999969482422,71.19999694824219,71.19999694824219,3877,0.0,0.0,0.0
2023-11-13 12:30:00-05:00,71.1500015258789,71.1500015258789,71.11000061035156,71.1449966430664,978,0.0,0.0,0.0
2023-11-13 13:30:00-05:00,71.25,71.2699966430664,71.23999786376953,71.23999786376953,33760,0.0,0.0,0.0
2023-11-13 14:30:00-05:00,71.21589660644531,71.21589660644531,71.21589660644531,71.21589660644531,550,0.0,0.0,0.0
2023-11-13 15:30:00-05:00,71.0,71.12999725341797,70.9800033569336,71.06999969482422,1793,0.0,0.0,0.0
2023-11-14 09:30:00-05:00,71.68000030517578,72.0,71.6500015258789,72.0,9119,0.0,0.0,0.0
2023-11-14 10:30:00-05:00,71.99960327148438,72.19000244140625,71.93810272216797,72.12000274658203,9981,0.0,0.0,0.0
2023-11-14 11:30:00-05:00,72.15059661865234,72.15059661865234,71.91999816894531,71.91999816894531,1367,0.0,0.0,0.0
2023-11-14 12:30:00-05:00,72.08999633789062,72.1500015258789,72.08999633789062,72.1500015258789,680,0.0,0.0,0.0
2023-11-14 13:30:00-05:00,72.10009765625,72.22229766845703,72.10009765625,72.22229766845703,3525,0.0,0.0,0.0
2023-11-14 14:30:00-05:00,72.19000244140625,72.45999908447266,72.19000244140625,72.37010192871094,14067,0.0,0.0,0.0
2023-11-14 15:30:00-05:00,72.4977035522461,72.51499938964844,72.33999633789062,72.44999694824219,0,0.0,0.0,0.0
2023-11-15 09:30:00-05:00,73.3499984741211,73.73999786376953,73.23999786376953,73.4000015258789,14293,0.0,0.0,0.0
2023-11-15 10:30:00-05:00,73.66000366210938,74.17990112304688,73.58000183105469,74.0999984741211,4630,0.0,0.0,0.0
2023-11-15 11:30:00-05:00,73.7300033569336,73.7300033569336,73.7300033569336,73.7300033569336,449,0.0,0.0,0.0
2023-11-15 12:30:00-05:00,73.72000122070312,73.72000122070312,73.72000122070312,73.72000122070312,103,0.0,0.0,0.0
2023-11-15 13:30:00-05:00,73.5801010131836,73.72000122070312,73.53569793701172,73.66000366210938,6453,0.0,0.0,0.0
2023-11-15 14:30:00-05:00,73.71690368652344,74.0,73.62069702148438,73.72000122070312,334234,0.0,0.0,0.0
2023-11-15 15:30:00-05:00,73.76499938964844,73.76499938964844,73.58000183105469,73.70999908447266,7521,0.0,0.0,0.0
2023-11-16 09:30:00-05:00,71.30000305175781,71.7300033569336,71.18000030517578,71.5999984741211,30695,0.0,0.0,0.0
2023-11-16 10:30:00-05:00,71.43000030517578,71.43000030517578,71.01000213623047,71.01000213623047,3543,0.0,0.0,0.0
2023-11-16 11:30:00-05:00,70.91000366210938,71.13999938964844,70.91000366210938,71.13999938964844,8173,0.0,0.0,0.0
2023-11-16 12:30:00-05:00,71.18000030517578,71.18000030517578,70.98580169677734,70.98580169677734,674,0.0,0.0,0.0
2023-11-16 13:30:00-05:00,71.0999984741211,71.0999984741211,70.92949676513672,71.02999877929688,1672,0.0,0.0,0.0
2023-11-16 14:30:00-05:00,71.11000061035156,71.18000030517578,70.9800033569336,71.13999938964844,3164,0.0,0.0,0.0
2023-11-16 15:30:00-05:00,71.16999816894531,71.30000305175781,71.10369873046875,71.25,5174,0.0,0.0,0.0
2023-11-17 09:30:00-05:00,71.45999908447266,71.7699966430664,71.37110137939453,71.41999816894531,59473,0.0,0.0,0.0
2023-11-17 10:30:00-05:00,71.4800033569336,71.68000030517578,71.4800033569336,71.65339660644531,4199,0.0,0.0,0.0
2023-11-17 11:30:00-05:00,71.52999877929688,71.61000061035156,71.47000122070312,71.61000061035156,1803,0.0,0.0,0.0
2023-11-17 12:30:00-05:00,71.6500015258789,71.74369812011719,71.6500015258789,71.74369812011719,1149,0.0,0.0,0.0
2023-11-17 13:30:00-05:00,71.68499755859375,71.76000213623047,71.68240356445312,71.75420379638672,4864,0.0,0.0,0.0
2023-11-17 14:30:00-05:00,71.52999877929688,71.76000213623047,71.52999877929688,71.76000213623047,1078,0.0,0.0,0.0
2023-11-17 15:30:00-05:00,71.5,71.69999694824219,71.4800033569336,71.69999694824219,1488,0.0,0.0,0.0
2023-11-20 09:30:00-05:00,72.23999786376953,73.02999877929688,72.23999786376953,72.94999694824219,13677,0.0,0.0,0.0
2023-11-20 10:30:00-05:00,72.94999694824219,73.1604995727539,72.79000091552734,73.1604995727539,26739,0.0,0.0,0.0
2023-11-20 11:30:00-05:00,73.08999633789062,73.0999984741211,73.0,73.0,1949,0.0,0.0,0.0
2023-11-20 12:30:00-05:00,72.94999694824219,73.01809692382812,72.94999694824219,73.01809692382812,796,0.0,0.0,0.0
2023-11-20 13:30:00-05:00,73.05000305175781,73.13999938964844,72.9800033569336,73.08999633789062,29408,0.0,0.0,0.0
2023-11-20 14:30:00-05:00,73.08000183105469,73.25499725341797,73.05500030517578,73.13880157470703,61039,0.0,0.0,0.0
2023-11-20 15:30:00-05:00,73.13999938964844,73.23999786376953,73.0779037475586,73.18000030517578,0,0.0,0.0,0.0
2023-11-21 09:30:00-05:00,72.26000213623047,72.63130187988281,71.89510345458984,71.89510345458984,10736,0.0,0.0,0.0
2023-11-21 10:30:00-05:00,71.94999694824219,72.14990234375,71.94999694824219,71.95999908447266,4254,0.0,0.0,0.0
2023-11-21 11:30:00-05:00,72.16999816894531,72.16999816894531,72.04000091552734,72.05000305175781,1428,0.0,0.0,0.0
2023-11-21 12:30:00-05:00,72.07499694824219,72.12000274658203,71.79000091552734,71.83999633789062,118138,0.0,0.0,0.0
2023-11-21 13:30:00-05:00,71.83999633789062,71.93000030517578,71.62000274658203,71.83000183105469,591345,0.0,0.0,0.0
2023-11-21 14:30:00-05:00,71.83000183105469,71.91000366210938,71.66000366210938,71.88999938964844,370189,0.0,0.0,0.0
2023-11-21 15:30:00-05:00,71.88999938964844,72.05999755859375,71.78009796142578,71.98999786376953,0,0.0,0.0,0.0
2023-11-22 09:30:00-05:00,71.88999938964844,71.88999938964844,71.41999816894531,71.41999816894531,6597,0.0,0.0,0.0
2023-11-22 10:30:00-05:00,71.5999984741211,71.74500274658203,71.58999633789062,71.74250030517578,1982,0.0,0.0,0.0
2023-11-22 11:30:00-05:00,71.63999938964844,71.79000091552734,71.5801010131836,71.5999984741211,17753,0.0,0.0,0.0
2023-11-22 12:30:00-05:00,71.58999633789062,71.75,71.58000183105469,71.64009857177734,4951,0.0,0.0,0.0
2023-11-22 13:30:00-05:00,71.63999938964844,71.73999786376953,71.55999755859375,71.625,9657,0.0,0.0,0.0
2023-11-22 14:30:00-05:00,71.54000091552734,71.65499877929688,71.54000091552734,71.65499877929688,1560,0.0,0.0,0.0
2023-11-22 15:30:00-05:00,71.5999984741211,71.75,71.58999633789062,71.58999633789062,5433,0.0,0.0,0.0
2023-11-24 09:30:00-05:00,71.4800033569336,72.18000030517578,71.4800033569336,72.0,13316,0.0,0.0,0.0
2023-11-24 10:30:00-05:00,72.06199645996094,72.06199645996094,72.06199645996094,72.06199645996094,439,0.0,0.0,0.0
2023-11-24 11:30:00-05:00,72.09500122070312,72.0999984741211,72.06999969482422,72.0999984741211,840,0.0,0.0,0.0
2023-11-27 09:30:00-05:00,71.58999633789062,71.58999633789062,71.11000061035156,71.23999786376953,29503,0.0,0.0,0.0
2023-11-27 10:30:00-05:00,71.32849884033203,71.36000061035156,71.12000274658203,71.31999969482422,3986,0.0,0.0,0.0
2023-11-27 11:30:00-05:00,71.12000274658203,71.22000122070312,71.12000274658203,71.22000122070312,1663,0.0,0.0,0.0
2023-11-27 12:30:00-05:00,71.2406997680664,71.29440307617188,71.2300033569336,71.2699966430664,1590,0.0,0.0,0.0
2023-11-27 13:30:00-05:00,71.2699966430664,71.38400268554688,71.2699966430664,71.33000183105469,1691,0.0,0.0,0.0
2023-11-27 14:30:00-05:00,71.3499984741211,71.47000122070312,71.30000305175781,71.33999633789062,4933,0.0,0.0,0.0
2023-11-27 15:30:00-05:00,71.33899688720703,71.33899688720703,71.18000030517578,71.18000030517578,6954,0.0,0.0,0.0
2023-11-28 09:30:00-05:00,70.9000015258789,71.61000061035156,70.9000015258789,71.23999786376953,12837,0.0,0.0,0.0
2023-11-28 10:30:00-05:00,71.22000122070312,71.52999877929688,71.18499755859375,71.52999877929688,3690,0.0,0.0,0.0
2023-11-28 11:30:00-05:00,71.4800033569336,71.52999877929688,71.40149688720703,71.43000030517578,14505,0.0,0.0,0.0
2023-11-28 12:30:00-05:00,71.41000366210938,71.43000030517578,71.25,71.3499984741211,4808,0.0,0.0,0.0
2023-11-28 13:30:00-05:00,71.29000091552734,71.46869659423828,71.2699966430664,71.41429901123047,6791,0.0,0.0,0.0
2023-11-28 14:30:00-05:00,71.39859771728516,71.43000030517578,71.34010314941406,71.43000030517578,6409,0.0,0.0,0.0
2023-11-28 15:30:00-05:00,71.44999694824219,71.61000061035156,71.44999694824219,71.5199966430664,0,0.0,0.0,0.0
2023-11-29 09:30:00-05:00,70.48999786376953,70.87000274658203,70.19999694824219,70.69999694824219,93773,0.0,0.0,0.0
2023-11-29 10:30:00-05:00,70.80249786376953,70.83000183105469,70.45999908447266,70.47000122070312,3679,0.0,0.0,0.0
2023-11-29 11:30:00-05:00,70.38999938964844,70.4800033569336,70.375,70.46499633789062,3729,0.0,0.0,0.0
2023-11-29 12:30:00-05:00,70.46499633789062,70.55000305175781,70.44000244140625,70.51499938964844,2604,0.0,0.0,0.0
2023-11-29 13:30:00-05:00,70.45999908447266,70.5697021484375,70.45999908447266,70.5250015258789,13211,0.0,0.0,0.0
2023-11-29 14:30:00-05:00,70.50250244140625,70.50250244140625,70.36000061035156,70.37999725341797,12355,0.0,0.0,0.0
2023-11-29 15:30:00-05:00,70.37000274658203,70.55000305175781,70.31999969482422,70.33999633789062,51848,0.0,0.0,0.0
2023-11-30 09:30:00-05:00,70.63999938964844,70.71730041503906,70.0801010131836,70.6083984375,12844,0.0,0.0,0.0
2023-11-30 10:30:00-05:00,70.70500183105469,70.72000122070312,70.70500183105469,70.72000122070312,1445,0.0,0.0,0.0
2023-11-30 11:30:00-05:00,70.66000366210938,70.66500091552734,70.62999725341797,70.62999725341797,634,0.0,0.0,0.0
2023-11-30 12:30:00-05:00,70.62999725341797,70.63999938964844,70.56999969482422,70.58999633789062,2477,0.0,0.0,0.0
2023-11-30 13:30:00-05:00,70.58000183105469,70.63500213623047,70.55000305175781,70.63500213623047,6811,0.0,0.0,0.0
2023-11-30 14:30:00-05:00,70.55999755859375,70.67500305175781,70.55010223388672,70.58000183105469,6843,0.0,0.0,0.0
2023-11-30 15:30:00-05:00,70.56999969482422,70.72000122070312,70.56999969482422,70.72000122070312,0,0.0,0.0,0.0
2023-12-01 09:30:00-05:00,69.83000183105469,69.89990234375,69.69000244140625,69.89990234375,3074,0.0,0.0,0.0
2023-12-01 10:30:00-05:00,69.73999786376953,69.9000015258789,69.6500015258789,69.9000015258789,14159,0.0,0.0,0.0
2023-12-01 11:30:00-05:00,70.03410339355469,70.08000183105469,70.03410339355469,70.08000183105469,814,0.0,0.0,0.0
2023-12-01 12:30:00-05:00,70.11579895019531,70.20059967041016,70.08999633789062,70.17769622802734,1600,0.0,0.0,0.0
2023-12-01 13:30:00-05:00,70.10659790039062,70.27880096435547,70.10659790039062,70.27880096435547,10858,0.0,0.0,0.0
2023-12-01 14:30:00-05:00,70.18499755859375,70.22059631347656,70.16000366210938,70.21070098876953,4352,0.0,0.0,0.0
2023-12-01 15:30:00-05:00,70.2300033569336,70.2300033569336,70.2300033569336,70.2300033569336,629,0.0,0.0,0.0
2023-12-04 09:30:00-05:00,69.2699966430664,69.56999969482422,69.25,69.33309936523438,26110,0.0,0.0,0.0
2023-12-04 10:30:00-05:00,69.08999633789062,69.30740356445312,69.08999633789062,69.1614990234375,3815,0.0,0.0,0.0
2023-12-04 11:30:00-05:00,69.20500183105469,69.44000244140625,69.20500183105469,69.44000244140625,2129,0.0,0.0,0.0
2023-12-04 12:30:00-05:00,69.36000061035156,69.36000061035156,69.19999694824219,69.19999694824219,1471,0.0,0.0,0.0
2023-12-04 13:30:00-05:00,69.32219696044922,69.33989715576172,69.1500015258789,69.27249908447266,5727,0.0,0.0,0.0
2023-12-04 14:30:00-05:00,69.32620239257812,69.32620239257812,69.12000274658203,69.12000274658203,29698,0.0,0.0,0.0
2023-12-04 15:30:00-05:00,69.16000366210938,69.16000366210938,69.16000366210938,69.16000366210938,344,0.0,0.0,0.0
2023-12-05 09:30:00-05:00,67.81999969482422,68.1500015258789,67.70999908447266,68.00990295410156,27565,0.0,0.0,0.0
2023-12-05 10:30:00-05:00,67.93499755859375,68.0510025024414,67.87000274658203,67.92500305175781,12774,0.0,0.0,0.0
2023-12-05 11:30:00-05:00,67.87999725341797,67.94999694824219,67.83940124511719,67.85130310058594,9331,0.0,0.0,0.0
2023-12-05 12:30:00-05:00,68.05999755859375,68.07939910888672,67.93219757080078,68.07939910888672,1201,0.0,0.0,0.0
2023-12-05 13:30:00-05:00,68.02279663085938,68.25,68.01010131835938,68.1863021850586,63327,0.0,0.0,0.0
2023-12-05 14:30:00-05:00,68.17500305175781,68.17500305175781,68.05000305175781,68.13500213623047,16978,0.0,0.0,0.0
2023-12-05 15:30:00-05:00,68.08999633789062,68.20349884033203,68.0199966430664,68.05999755859375,0,0.0,0.0,0.0
2023-12-06 09:30:00-05:00,68.4800033569336,68.68000030517578,68.3499984741211,68.5,9953,0.0,0.0,0.0
2023-12-06 10:30:00-05:00,68.63999938964844,68.63999938964844,68.49009704589844,68.49009704589844,1894,0.0,0.0,0.0
2023-12-06 11:30:00-05:00,68.41639709472656,68.4979019165039,68.4000015258789,68.4000015258789,7964,0.0,0.0,0.0
2023-12-06 12:30:00-05:00,68.3499984741211,68.3499984741211,68.25,68.3499984741211,806,0.0,0.0,0.0
2023-12-06 13:30:00-05:00,68.20169830322266,68.2750015258789,68.20169830322266,68.26499938964844,4356,0.0,0.0,0.0
2023-12-06 14:30:00-05:00,68.21109771728516,68.37999725341797,68.20999908447266,68.23899841308594,6350,0.0,0.0,0.0
2023-12-06 15:30:00-05:00,68.16999816894531,68.18000030517578,68.05000305175781,68.18000030517578,0,0.0,0.0,0.0
2023-12-07 09:30:00-05:00,68.18000030517578,68.18000030517578,67.87999725341797,68.1449966430664,35650,0.0,0.0,0.0
2023-12-07 10:30:00-05:00,68.17500305175781,68.17500305175781,68.05000305175781,68.05000305175781,1660,0.0,0.0,0.0
2023-12-07 11:30:00-05:00,68.19000244140625,68.19000244140625,68.19000244140625,68.19000244140625,149,0.0,0.0,0.0
2023-12-07 12:30:00-05:00,68.08180236816406,68.26000213623047,68.08180236816406,68.26000213623047,6874,0.0,0.0,0.0
2023-12-07 13:30:00-05:00,68.16380310058594,68.2699966430664,68.16380310058594,68.19000244140625,4146,0.0,0.0,0.0
2023-12-07 14:30:00-05:00,68.31999969482422,68.31999969482422,68.22630310058594,68.22630310058594,2031,0.0,0.0,0.0
2023-12-07 15:30:00-05:00,68.25,68.25,68.25,68.25,0,0.0,0.0,0.0
2023-12-08 09:30:00-05:00,67.62000274658203,67.90170288085938,67.55999755859375,67.86000061035156,51788,0.0,0.0,0.0
2023-12-08 10:30:00-05:00,67.76000213623047,67.76000213623047,67.53009796142578,67.56999969482422,4524,0.0,0.0,0.0
2023-12-08 11:30:00-05:00,67.5999984741211,67.5999984741211,67.36000061035156,67.41000366210938,6679,0.0,0.0,0.0
2023-12-08 12:30:00-05:00,67.47370147705078,67.55500030517578,67.38999938964844,67.39009857177734,49505,0.0,0.0,0.0
2023-12-08 13:30:00-05:00,67.48999786376953,67.59660339355469,67.44999694824219,67.59660339355469,8433,0.0,0.0,0.0
2023-12-08 14:30:00-05:00,67.5250015258789,67.62999725341797,67.4801025390625,67.55999755859375,5281,0.0,0.0,0.0
2023-12-08 15:30:00-05:00,67.54000091552734,67.56999969482422,67.41999816894531,67.41999816894531,8567,0.0,0.0,0.0
2023-12-11 09:30:00-05:00,67.72000122070312,68.02749633789062,67.66500091552734,67.86000061035156,12605,0.0,0.0,0.0
2023-12-11 10:30:00-05:00,68.0022964477539,68.0999984741211,67.95999908447266,68.0999984741211,16680,0.0,0.0,0.0
2023-12-11 11:30:00-05:00,68.02999877929688,68.03500366210938,68.0,68.0,3020,0.0,0.0,0.0
2023-12-11 13:30:00-05:00,68.1050033569336,68.13999938964844,68.07009887695312,68.07009887695312,5886,0.0,0.0,0.0
2023-12-11 14:30:00-05:00,68.06999969482422,68.0989990234375,67.9916000366211,68.06999969482422,7402,0.0,0.0,0.0
2023-12-11 15:30:00-05:00,68.07599639892578,68.1500015258789,68.05000305175781,68.1500015258789,0,0.0,0.0,0.0
2023-12-12 09:30:00-05:00,68.08000183105469,68.11959838867188,67.84429931640625,67.95999908447266,322830,0.0,0.0,0.0
2023-12-12 10:30:00-05:00,67.89669799804688,68.0199966430664,67.89669799804688,68.0,5803,0.0,0.0,0.0
2023-12-12 11:30:00-05:00,68.02999877929688,68.15950012207031,67.94999694824219,68.00959777832031,32171,0.0,0.0,0.0
2023-12-12 12:30:00-05:00,67.89009857177734,68.1500015258789,67.89009857177734,68.1500015258789,9430,0.0,0.0,0.0
2023-12-12 13:30:00-05:00,68.18000030517578,68.36499786376953,68.18000030517578,68.29000091552734,6164,0.0,0.0,0.0
2023-12-12 14:30:00-05:00,68.29499816894531,68.33999633789062,68.2874984741211,68.33999633789062,0,0.0,0.0,0.0
2023-12-12 15:30:00-05:00,68.30000305175781,68.31999969482422,68.30000305175781,68.31999969482422,384608,0.0,0.0,0.0
2023-12-13 09:30:00-05:00,67.72000122070312,67.95279693603516,67.43499755859375,67.60369873046875,13265,0.0,0.0,0.0
2023-12-13 10:30:00-05:00,67.41999816894531,67.43499755859375,67.3102035522461,67.36000061035156,5937,0.0,0.0,0.0
2023-12-13 11:30:00-05:00,67.36000061035156,67.36000061035156,67.1500015258789,67.1500015258789,3387,0.0,0.0,0.0
2023-12-13 12:30:00-05:00,67.2030029296875,67.28880310058594,67.1449966430664,67.16999816894531,2265,0.0,0.0,0.0
2023-12-13 13:30:00-05:00,67.19999694824219,67.75990295410156,67.19000244140625,67.61000061035156,7284,0.0,0.0,0.0
2023-12-13 14:30:00-05:00,67.5999984741211,68.0999984741211,67.5999984741211,67.94999694824219,4400,0.0,0.0,0.0
2023-12-13 15:30:00-05:00,68.0,68.29000091552734,67.98999786376953,68.23999786376953,3710,0.0,0.0,0.0
2023-12-14 09:30:00-05:00,68.20999908447266,69.0199966430664,68.20999908447266,68.69999694824219,11848,0.0,0.0,0.0
2023-12-14 10:30:00-05:00,68.80999755859375,69.04000091552734,68.79180145263672,69.04000091552734,15275,0.0,0.0,0.0
2023-12-14 11:30:00-05:00,68.91999816894531,69.02989959716797,68.87000274658203,68.92050170898438,482835,0.0,0.0,0.0
2023-12-14 12:30:00-05:00,68.91999816894531,68.91999816894531,68.80889892578125,68.80889892578125,1302,0.0,0.0,0.0
2023-12-14 13:30:00-05:00,68.73930358886719,68.9198989868164,68.61499786376953,68.9198989868164,3759,0.0,0.0,0.0
2023-12-14 14:30:00-05:00,68.80000305175781,68.97000122070312,68.77980041503906,68.89959716796875,3924,0.0,0.0,0.0
2023-12-14 15:30:00-05:00,69.0,69.02999877929688,69.0,69.0199966430664,0,0.0,0.0,0.0
2023-12-15 09:30:00-05:00,68.9000015258789,69.04000091552734,68.58000183105469,69.04000091552734,23544,0.0,0.0,0.0
2023-12-15 10:30:00-05:00,69.08999633789062,69.19000244140625,68.88999938964844,69.0199966430664,10506,0.0,0.0,0.0
2023-12-15 11:30:00-05:00,69.01010131835938,69.01010131835938,68.89450073242188,68.89450073242188,3448,0.0,0.0,0.0
2023-12-15 12:30:00-05:00,68.76000213623047,68.76000213623047,68.6852035522461,68.76000213623047,1189,0.0,0.0,0.0
2023-12-15 13:30:00-05:00,68.625,68.66000366210938,68.51010131835938,68.66000366210938,7673,0.0,0.0,0.0
2023-12-15 14:30:00-05:00,68.59500122070312,68.65869903564453,68.59500122070312,68.65869903564453,2164,0.0,0.0,0.0
2023-12-15 15:30:00-05:00,68.5905990600586,68.66000366210938,68.58000183105469,68.58000183105469,3098,0.0,0.0,0.0
2023-12-18 09:30:00-05:00,66.5,66.83000183105469,66.09310150146484,66.26000213623047,17085,0.0,0.0,0.0
2023-12-18 10:30:00-05:00,66.25,66.29000091552734,66.05999755859375,66.24909973144531,20477,0.0,0.0,0.0
2023-12-18 11:30:00-05:00,66.19999694824219,66.32499694824219,66.19000244140625,66.30000305175781,6552,0.0,0.0,0.0
2023-12-18 12:30:00-05:00,66.33000183105469,66.41999816894531,66.26100158691406,66.3301010131836,4935,0.0,0.0,0.0
2023-12-18 13:30:00-05:00,66.33000183105469,66.45989990234375,66.31999969482422,66.41500091552734,5047,0.0,0.0,0.0
2023-12-18 14:30:00-05:00,66.37000274658203,66.44000244140625,66.31009674072266,66.36000061035156,3772,0.0,0.0,0.0
2023-12-18 15:30:00-05:00,66.37999725341797,66.38999938964844,66.29000091552734,66.37000274658203,7870,0.0,0.0,0.0
2023-12-19 09:30:00-05:00,66.55999755859375,67.12999725341797,66.55999755859375,67.05999755859375,19480,0.0,0.0,0.0
2023-12-19 10:30:00-05:00,67.0999984741211,67.12999725341797,66.94999694824219,67.0999984741211,19811,0.0,0.0,0.0
2023-12-19 11:30:00-05:00,67.0999984741211,67.13999938964844,66.86000061035156,67.0,7318,0.0,0.0,0.0
2023-12-19 12:30:00-05:00,67.02999877929688,67.13999938964844,66.9000015258789,66.92009735107422,9385,0.0,0.0,0.0
2023-12-19 13:30:00-05:00,66.9000015258789,67.13990020751953,66.88999938964844,67.01000213623047,26372,0.0,0.0,0.0
2023-12-19 14:30:00-05:00,67.0,67.12000274658203,66.95999908447266,66.97000122070312,31081,0.0,0.0,0.0
2023-12-19 15:30:00-05:00,66.91000366210938,67.0199966430664,66.83999633789062,66.93000030517578,0,0.0,0.0,0.0
2023-12-20 09:30:00-05:00,65.93000030517578,66.13999938964844,65.93000030517578,66.0,15026,0.0,0.0,0.0
2023-12-20 10:30:00-05:00,66.04000091552734,66.16999816894531,65.94999694824219,66.08999633789062,19540,0.0,0.0,0.0
2023-12-20 11:30:00-05:00,66.13610076904297,66.13610076904297,65.81999969482422,65.83999633789062,20744,0.0,0.0,0.0
2023-12-20 12:30:00-05:00,65.83999633789062,65.93109893798828,65.80999755859375,65.92420196533203,29140,0.0,0.0,0.0
2023-12-20 13:30:00-05:00,65.92269897460938,65.93990325927734,65.80000305175781,65.80049896240234,15880,0.0,0.0,0.0
2023-12-20 14:30:00-05:00,65.87370300292969,65.87969970703125,65.36000061035156,65.43800354003906,16219,0.0,0.0,0.0
2023-12-20 15:30:00-05:00,65.41500091552734,65.45480346679688,65.2300033569336,65.2300033569336,14652,0.0,0.0,0.0
2023-12-21 09:30:00-05:00,66.41000366210938,66.76000213623047,66.23999786376953,66.61990356445312,18421,0.0,0.0,0.0
2023-12-21 10:30:00-05:00,66.39610290527344,66.54000091552734,66.35189819335938,66.493896484375,13188,0.0,0.0,0.0
2023-12-21 11:30:00-05:00,66.54000091552734,66.54000091552734,66.44840240478516,66.44840240478516,1399,0.0,0.0,0.0
2023-12-21 12:30:00-05:00,66.48999786376953,66.55989837646484,66.47000122070312,66.55989837646484,1153,0.0,0.0,0.0
2023-12-21 13:30:00-05:00,66.47139739990234,66.63999938964844,66.47139739990234,66.62000274658203,16224,0.0,0.0,0.0
2023-12-21 14:30:00-05:00,66.61009979248047,66.71600341796875,66.61009979248047,66.71600341796875,3415,0.0,0.0,0.0
2023-12-21 15:30:00-05:00,66.7249984741211,66.97000122070312,66.7249984741211,66.88999938964844,0,0.0,0.0,0.0
2023-12-22 09:30:00-05:00,65.0199966430664,65.56999969482422,65.0199966430664,65.43499755859375,31543,0.0,0.0,0.0
2023-12-22 10:30:00-05:00,65.4000015258789,65.5,65.19999694824219,65.4800033569336,28642,0.0,0.0,0.0
2023-12-22 11:30:00-05:00,65.44999694824219,65.56999969482422,65.43000030517578,65.51100158691406,5775,0.0,0.0,0.0
2023-12-22 12:30:00-05:00,65.56999969482422,65.75990295410156,65.56999969482422,65.70939636230469,4184,0.0,0.0,0.0
2023-12-22 13:30:00-05:00,65.63749694824219,65.63749694824219,65.30500030517578,65.3949966430664,10097,0.0,0.0,0.0
2023-12-22 14:30:00-05:00,65.34750366210938,65.63999938964844,65.31999969482422,65.55500030517578,166099,0.0,0.0,0.0
2023-12-22 15:30:00-05:00,65.5791015625,65.5791015625,65.41999816894531,65.44000244140625,5474,0.0,0.0,0.0
2023-12-26 09:30:00-05:00,65.58999633789062,66.0,65.58999633789062,65.80000305175781,180171,0.0,0.0,0.0
2023-12-26 10:30:00-05:00,65.8550033569336,65.91000366210938,65.58000183105469,65.6500015258789,124635,0.0,0.0,0.0
2023-12-26 11:30:00-05:00,65.5999984741211,65.66999816894531,65.41999816894531,65.62640380859375,47742,0.0,0.0,0.0
2023-12-26 12:30:00-05:00,65.66999816894531,65.7699966430664,65.57340240478516,65.66999816894531,17696,0.0,0.0,0.0
2023-12-26 13:30:00-05:00,65.69999694824219,65.84529876708984,65.57929992675781,65.80999755859375,23732,0.0,0.0,0.0
2023-12-26 14:30:00-05:00,65.80999755859375,65.8499984741211,65.69000244140625,65.81999969482422,31094,0.0,0.0,0.0
2023-12-26 15:30:00-05:00,65.91999816894531,65.97000122070312,65.7699966430664,65.91000366210938,48214,0.0,0.0,0.0
2023-12-27 09:30:00-05:00,65.8499984741211,66.08999633789062,65.72000122070312,65.91000366210938,49574,0.0,0.0,0.0
2023-12-27 10:30:00-05:00,65.91999816894531,65.91999816894531,65.66999816894531,65.69999694824219,11048,0.0,0.0,0.0
2023-12-27 11:30:00-05:00,65.67150115966797,65.8499984741211,65.67150115966797,65.8499984741211,16454,0.0,0.0,0.0
2023-12-27 12:30:00-05:00,65.79000091552734,65.90499877929688,65.69499969482422,65.87999725341797,10157,0.0,0.0,0.0
2023-12-27 13:30:00-05:00,65.87999725341797,65.88999938964844,65.76499938964844,65.87999725341797,753381,0.0,0.0,0.0
2023-12-27 14:30:00-05:00,65.86000061035156,65.88999938964844,65.74359893798828,65.80249786376953,20439,0.0,0.0,0.0
2023-12-27 15:30:00-05:00,65.8499984741211,65.9800033569336,65.82499694824219,65.97000122070312,0,0.0,0.0,0.0
2023-12-28 09:30:00-05:00,67.18000030517578,67.91709899902344,67.18000030517578,67.72000122070312,43306,0.0,0.0,0.0
2023-12-28 10:30:00-05:00,67.78240203857422,67.87989807128906,67.66999816894531,67.78340148925781,16012,0.0,0.0,0.0
2023-12-28 11:30:00-05:00,67.7699966430664,67.79000091552734,67.62960052490234,67.6500015258789,15708,0.0,0.0,0.0
2023-12-28 12:30:00-05:00,67.66000366210938,67.67939758300781,67.54000091552734,67.54000091552734,9819,0.0,0.0,0.0
2023-12-28 13:30:00-05:00,67.58999633789062,67.58999633789062,67.43379974365234,67.54000091552734,11794,0.0,0.0,0.0
2023-12-28 14:30:00-05:00,67.55999755859375,67.62870025634766,67.43000030517578,67.61000061035156,25485,0.0,0.0,0.0
2023-12-28 15:30:00-05:00,67.62000274658203,67.66999816894531,67.5199966430664,67.62999725341797,16664,0.0,0.0,0.0
2023-12-29 09:30:00-05:00,67.76000213623047,68.19000244140625,67.69999694824219,68.16829681396484,15602,0.0,0.0,0.0
2023-12-29 10:30:00-05:00,68.19000244140625,68.19000244140625,67.91999816894531,67.91999816894531,3751,0.0,0.0,0.0
2023-12-29 11:30:00-05:00,67.97380065917969,68.0425033569336,67.91500091552734,67.91500091552734,6104,0.0,0.0,0.0
2023-12-29 12:30:00-05:00,67.91500091552734,68.08219909667969,67.91500091552734,68.0199966430664,5059,0.0,0.0,0.0
2023-12-29 13:30:00-05:00,68.01499938964844,68.2052993774414,68.0,68.0999984741211,9484,0.0,0.0,0.0
2023-12-29 14:30:00-05:00,68.08499908447266,68.19000244140625,68.05999755859375,68.11499786376953,6931,0.0,0.0,0.0
2023-12-29 15:30:00-05:00,68.11530303955078,68.13999938964844,68.05000305175781,68.13999938964844,2229,0.0,0.0,0.0
2024-01-02 09:30:00-05:00,66.87999725341797,66.87999725341797,66.52249908447266,66.52249908447266,36317,0.0,0.0,0.0
2024-01-02 10:30:00-05:00,66.47000122070312,66.69000244140625,66.30999755859375,66.58499908447266,31878,0.0,0.0,0.0
2024-01-02 11:30:00-05:00,66.54000091552734,66.79900360107422,66.54000091552734,66.58000183105469,1733,0.0,0.0,0.0
2024-01-02 12:30:00-05:00,66.59500122070312,66.62000274658203,66.5199966430664,66.59500122070312,8173,0.0,0.0,0.0
2024-01-02 13:30:00-05:00,66.55999755859375,66.55999755859375,66.43000030517578,66.46499633789062,4744,0.0,0.0,0.0
2024-01-02 14:30:00-05:00,66.36000061035156,66.47989654541016,66.31800079345703,66.31800079345703,4419,0.0,0.0,0.0
2024-01-02 15:30:00-05:00,66.37999725341797,66.54000091552734,66.33000183105469,66.54000091552734,1280,0.0,0.0,0.0
2024-01-03 09:30:00-05:00,66.37000274658203,66.98999786376953,66.36000061035156,66.77320098876953,16064,0.0,0.0,0.0
2024-01-03 10:30:00-05:00,66.80999755859375,66.94000244140625,66.68000030517578,66.81999969482422,40549,0.0,0.0,0.0
2024-01-03 11:30:00-05:00,66.81999969482422,66.94000244140625,66.73999786376953,66.86000061035156,392886,0.0,0.0,0.0
2024-01-03 12:30:00-05:00,66.79010009765625,67.08589935302734,66.79010009765625,67.06999969482422,4649,0.0,0.0,0.0
2024-01-03 13:30:00-05:00,66.9800033569336,67.04000091552734,66.8550033569336,67.04000091552734,2635,0.0,0.0,0.0
2024-01-03 14:30:00-05:00,67.02999877929688,67.08000183105469,66.93000030517578,66.93000030517578,928,0.0,0.0,0.0
2024-01-03 15:30:00-05:00,66.9800033569336,67.08999633789062,66.94999694824219,67.08999633789062,2138,0.0,0.0,0.0
2024-01-04 09:30:00-05:00,66.54000091552734,66.58000183105469,66.37999725341797,66.5,26019,0.0,0.0,0.0
2024-01-04 10:30:00-05:00,66.5,66.56999969482422,66.44999694824219,66.53500366210938,19770,0.0,0.0,0.0
2024-01-04 11:30:00-05:00,66.48999786376953,66.48999786376953,66.33830261230469,66.33830261230469,2823,0.0,0.0,0.0
2024-01-04 12:30:00-05:00,66.28130340576172,66.31449890136719,66.28130340576172,66.31449890136719,1409,0.0,0.0,0.0
2024-01-04 13:30:00-05:00,66.2699966430664,66.2699966430664,66.21610260009766,66.22979736328125,1232,0.0,0.0,0.0
2024-01-04 14:30:00-05:00,66.29000091552734,66.29499816894531,66.20500183105469,66.29499816894531,1531,0.0,0.0,0.0
2024-01-04 15:30:00-05:00,66.26000213623047,66.2699966430664,66.18329620361328,66.2699966430664,3588,0.0,0.0,0.0
2024-01-05 09:30:00-05:00,66.05000305175781,66.05000305175781,65.69999694824219,65.95999908447266,36261,0.0,0.0,0.0
2024-01-05 10:30:00-05:00,65.9800033569336,66.08999633789062,65.9800033569336,66.08999633789062,2178,0.0,0.0,0.0
2024-01-05 11:30:00-05:00,65.87090301513672,65.8949966430664,65.70999908447266,65.7249984741211,13690,0.0,0.0,0.0
2024-01-05 12:30:00-05:00,65.69999694824219,65.69999694824219,65.65989685058594,65.65989685058594,719,0.0,0.0,0.0
2024-01-05 13:30:00-05:00,65.75,65.77999877929688,65.6978988647461,65.77999877929688,2403,0.0,0.0,0.0
2024-01-05 14:30:00-05:00,65.77999877929688,65.77999877929688,65.56999969482422,65.6500015258789,3013,0.0,0.0,0.0
2024-01-05 15:30:00-05:00,65.63999938964844,65.74500274658203,65.63999938964844,65.72000122070312,3136,0.0,0.0,0.0
2024-01-08 09:30:00-05:00,64.45999908447266,64.51000213623047,64.22840118408203,64.39450073242188,6695,0.0,0.0,0.0
2024-01-08 10:30:00-05:00,64.61000061035156,64.87989807128906,64.61000061035156,64.71320343017578,31217,0.0,0.0,0.0
2024-01-08 11:30:00-05:00,64.86100006103516,64.92990112304688,64.83000183105469,64.83000183105469,6212,0.0,0.0,0.0
2024-01-08 12:30:00-05:00,64.76010131835938,64.91000366210938,64.76010131835938,64.83999633789062,7506,0.0,0.0,0.0
2024-01-08 13:30:00-05:00,64.9999008178711,65.05000305175781,64.95999908447266,64.9800033569336,3054,0.0,0.0,0.0
2024-01-08 14:30:00-05:00,64.93499755859375,64.94999694824219,64.85050201416016,64.91000366210938,2260,0.0,0.0,0.0
2024-01-08 15:30:00-05:00,64.8864974975586,65.0730972290039,64.87010192871094,64.93000030517578,0,0.0,0.0,0.0
2024-01-09 09:30:00-05:00,64.0999984741211,64.33170318603516,64.07939910888672,64.17500305175781,6739,0.0,0.0,0.0
2024-01-09 10:30:00-05:00,64.19940185546875,64.2396011352539,64.15979766845703,64.20030212402344,2318,0.0,0.0,0.0
2024-01-09 12:30:00-05:00,64.18000030517578,64.22329711914062,64.10009765625,64.13999938964844,6100,0.0,0.0,0.0
2024-01-09 13:30:00-05:00,64.25,64.25,64.10649871826172,64.10649871826172,1260,0.0,0.0,0.0
2024-01-09 14:30:00-05:00,64.12689971923828,64.12689971923828,64.12689971923828,64.12689971923828,368,0.0,0.0,0.0
2024-01-10 09:30:00-05:00,64.3499984741211,64.3499984741211,64.19000244140625,64.19000244140625,4202,0.0,0.0,0.0
2024-01-10 10:30:00-05:00,64.18190002441406,64.18190002441406,64.02010345458984,64.05999755859375,1471,0.0,0.0,0.0
2024-01-10 11:30:00-05:00,64.0000991821289,64.0000991821289,63.9010009765625,63.9900016784668,1747,0.0,0.0,0.0
2024-01-10 12:30:00-05:00,64.0,64.0999984741211,64.0,64.0250015258789,3114,0.0,0.0,0.0
2024-01-10 13:30:00-05:00,64.12999725341797,64.19999694824219,64.12999725341797,64.1697006225586,21667,0.0,0.0,0.0
2024-01-10 14:30:00-05:00,64.1500015258789,64.30999755859375,64.04000091552734,64.05999755859375,1234943,0.0,0.0,0.0
2024-01-10 15:30:00-05:00,64.04000091552734,64.05999755859375,63.97999954223633,64.05999755859375,6272,0.0,0.0,0.0
2024-01-11 09:30:00-05:00,64.80999755859375,64.81999969482422,64.30000305175781,64.55149841308594,14695,0.0,0.0,0.0
2024-01-11 10:30:00-05:00,64.55000305175781,64.6572036743164,64.28070068359375,64.33000183105469,10383,0.0,0.0,0.0
2024-01-11 11:30:00-05:00,64.26000213623047,64.51000213623047,64.26000213623047,64.47000122070312,291786,0.0,0.0,0.0
2024-01-11 12:30:00-05:00,64.45999908447266,64.5999984741211,64.3550033569336,64.5999984741211,45112,0.0,0.0,0.0
2024-01-11 13:30:00-05:00,64.59500122070312,64.7300033569336,64.54000091552734,64.7300033569336,31983,0.0,0.0,0.0
2024-01-11 14:30:00-05:00,64.72570037841797,64.72570037841797,64.5999984741211,64.61160278320312,1589,0.0,0.0,0.0
2024-01-11 15:30:00-05:00,64.60169982910156,64.66000366210938,64.60169982910156,64.66000366210938,1900,0.0,0.0,0.0
2024-01-12 09:30:00-05:00,64.87999725341797,65.16999816894531,64.83999633789062,65.0,33910,0.0,0.0,0.0
2024-01-12 10:30:00-05:00,65.0,65.0,64.75,64.93000030517578,18152,0.0,0.0,0.0
2024-01-12 11:30:00-05:00,64.91000366210938,64.91000366210938,64.69999694824219,64.69999694824219,8396,0.0,0.0,0.0
2024-01-12 12:30:00-05:00,64.69999694824219,64.70999908447266,64.54000091552734,64.62000274658203,6627,0.0,0.0,0.0
2024-01-12 13:30:00-05:00,64.5999984741211,64.63999938964844,64.48999786376953,64.52999877929688,18321,0.0,0.0,0.0
2024-01-12 14:30:00-05:00,64.52999877929688,64.62870025634766,64.47000122070312,64.54000091552734,15122,0.0,0.0,0.0
2024-01-12 15:30:00-05:00,64.5999984741211,64.5999984741211,64.43000030517578,64.43000030517578,11191,0.0,0.0,0.0
2024-01-16 09:30:00-05:00,63.66999816894531,63.66999816894531,63.24660110473633,63.439998626708984,12758,0.0,0.0,0.0
2024-01-16 10:30:00-05:00,63.310001373291016,63.36000061035156,63.16999816894531,63.20009994506836,83683,0.0,0.0,0.0
2024-01-16 11:30:00-05:00,63.20000076293945,63.20000076293945,63.064998626708984,63.064998626708984,1696,0.0,0.0,0.0
2024-01-16 12:30:00-05:00,63.0099983215332,63.099998474121094,62.959999084472656,62.959999084472656,33919,0.0,0.0,0.0
2024-01-16 13:30:00-05:00,62.97999954223633,63.119998931884766,62.959999084472656,62.959999084472656,98925,0.0,0.0,0.0
2024-01-16 14:30:00-05:00,63.0,63.02000045776367,62.80500030517578,62.91999816894531,581208,0.0,0.0,0.0
2024-01-16 15:30:00-05:00,62.939998626708984,62.959999084472656,62.81999969482422,62.91999816894531,25876,0.0,0.0,0.0
2024-01-17 09:30:00-05:00,61.029998779296875,61.239898681640625,60.95000076293945,61.11009979248047,40847,0.0,0.0,0.0
2024-01-17 10:30:00-05:00,61.16999816894531,61.2400016784668,61.02000045776367,61.040000915527344,15301,0.0,0.0,0.0
2024-01-17 11:30:00-05:00,61.02000045776367,61.159698486328125,61.0099983215332,61.04999923706055,10985,0.0,0.0,0.0
2024-01-17 12:30:00-05:00,61.040000915527344,61.15999984741211,61.0,61.029998779296875,40509,0.0,0.0,0.0
2024-01-17 13:30:00-05:00,61.130001068115234,61.287899017333984,61.089298248291016,61.287899017333984,2897,0.0,0.0,0.0
2024-01-17 14:30:00-05:00,61.404998779296875,61.470001220703125,61.22999954223633,61.22999954223633,4625,0.0,0.0,0.0
2024-01-17 15:30:00-05:00,61.31999969482422,61.41899871826172,61.310001373291016,61.33000183105469,1905,0.0,0.0,0.0
2024-01-18 09:30:00-05:00,61.84000015258789,61.84000015258789,61.534000396728516,61.65729904174805,31225,0.0,0.0,0.0
2024-01-18 10:30:00-05:00,61.790000915527344,61.790000915527344,61.4900016784668,61.56999969482422,3742,0.0,0.0,0.0
2024-01-18 11:30:00-05:00,61.65999984741211,61.689998626708984,61.459999084472656,61.540000915527344,370334,0.0,0.0,0.0
2024-01-18 12:30:00-05:00,61.52000045776367,61.540000915527344,61.45009994506836,61.51499938964844,47772,0.0,0.0,0.0
2024-01-18 13:30:00-05:00,61.59280014038086,61.59280014038086,61.4900016784668,61.4900016784668,816,0.0,0.0,0.0
2024-01-18 14:30:00-05:00,61.619998931884766,61.66999816894531,61.61000061035156,61.66999816894531,3062,0.0,0.0,0.0
2024-01-18 15:30:00-05:00,61.61000061035156,61.619998931884766,61.59000015258789,61.61000061035156,61697,0.0,0.0,0.0
2024-01-19 09:30:00-05:00,61.08000183105469,61.150001525878906,60.72010040283203,60.834999084472656,35043,0.0,0.0,0.0
2024-01-19 10:30:00-05:00,60.869998931884766,60.970001220703125,60.869998931884766,60.95000076293945,1605,0.0,0.0,0.0
2024-01-19 11:30:00-05:00,60.95989990234375,61.619998931884766,60.91999816894531,61.619998931884766,6322,0.0,0.0,0.0
2024-01-19 12:30:00-05:00,61.61000061035156,61.7599983215332,61.529998779296875,61.59000015258789,1510,0.0,0.0,0.0
2024-01-19 13:30:00-05:00,61.66400146484375,61.77000045776367,61.595001220703125,61.72999954223633,5358,0.0,0.0,0.0
2024-01-19 14:30:00-05:00,61.73139953613281,61.85200119018555,61.73139953613281,61.8109016418457,2002,0.0,0.0,0.0
2024-01-19 15:30:00-05:00,61.880001068115234,61.880001068115234,61.75,61.81999969482422,2855,0.0,0.0,0.0
2024-01-22 09:30:00-05:00,59.58000183105469,60.00019836425781,59.58000183105469,59.98500061035156,25016,0.0,0.0,0.0
2024-01-22 10:30:00-05:00,59.88999938964844,59.90999984741211,59.760101318359375,59.790000915527344,40895,0.0,0.0,0.0
2024-01-22 11:30:00-05:00,59.81100082397461,59.98040008544922,59.7599983215332,59.95000076293945,3916,0.0,0.0,0.0
2024-01-22 12:30:00-05:00,59.93000030517578,60.0099983215332,59.91640090942383,59.95000076293945,4359,0.0,0.0,0.0
2024-01-22 13:30:00-05:00,59.863800048828125,59.941001892089844,59.86000061035156,59.941001892089844,2295,0.0,0.0,0.0
2024-01-22 14:30:00-05:00,59.91999816894531,60.029998779296875,59.910099029541016,60.029998779296875,6736,0.0,0.0,0.0
2024-01-22 15:30:00-05:00,60.04999923706055,60.060001373291016,59.97999954223633,59.9900016784668,7399,0.0,0.0,0.0
2024-01-23 09:30:00-05:00,61.529998779296875,62.34000015258789,61.529998779296875,61.95000076293945,15325,0.0,0.0,0.0
2024-01-23 10:30:00-05:00,61.810001373291016,61.98509979248047,61.52130126953125,61.65999984741211,4202,0.0,0.0,0.0
2024-01-23 11:30:00-05:00,61.66999816894531,61.75090026855469,61.58000183105469,61.70000076293945,8543,0.0,0.0,0.0
2024-01-23 12:30:00-05:00,61.689998626708984,61.79359817504883,61.59000015258789,61.79359817504883,2415,0.0,0.0,0.0
2024-01-23 13:30:00-05:00,61.81999969482422,61.8849983215332,61.81999969482422,61.8849983215332,2472,0.0,0.0,0.0
2024-01-23 14:30:00-05:00,61.93000030517578,61.955299377441406,61.93000030517578,61.955299377441406,667,0.0,0.0,0.0
2024-01-23 15:30:00-05:00,62.0099983215332,62.029998779296875,61.91999816894531,62.0,8079,0.0,0.0,0.0
2024-01-24 09:30:00-05:00,64.1500015258789,64.24500274658203,63.630001068115234,63.900001525878906,1480127,0.0,0.0,0.0
2024-01-24 10:30:00-05:00,63.880001068115234,64.05999755859375,63.790000915527344,63.97999954223633,32831,0.0,0.0,0.0
2024-01-24 11:30:00-05:00,63.970001220703125,63.970001220703125,63.70000076293945,63.79999923706055,35333,0.0,0.0,0.0
2024-01-24 12:30:00-05:00,63.790000915527344,63.87950134277344,63.709999084472656,63.71179962158203,11461,0.0,0.0,0.0
2024-01-24 13:30:00-05:00,63.68000030517578,63.779998779296875,63.63010025024414,63.724998474121094,34892,0.0,0.0,0.0
2024-01-24 14:30:00-05:00,63.709999084472656,63.91999816894531,63.65999984741211,63.70000076293945,4365,0.0,0.0,0.0
2024-01-24 15:30:00-05:00,63.70000076293945,63.860198974609375,63.68000030517578,63.720001220703125,9655,0.0,0.0,0.0
2024-01-25 09:30:00-05:00,64.33000183105469,64.39990234375,63.8849983215332,63.94820022583008,17925,0.0,0.0,0.0
2024-01-25 10:30:00-05:00,63.8650016784668,63.8650016784668,63.72999954223633,63.790000915527344,326679,0.0,0.0,0.0
2024-01-25 11:30:00-05:00,63.900001525878906,63.934898376464844,63.779998779296875,63.83089828491211,2403,0.0,0.0,0.0
2024-01-25 12:30:00-05:00,63.880001068115234,63.880001068115234,63.875,63.875,1734,0.0,0.0,0.0
2024-01-25 13:30:00-05:00,63.84000015258789,63.869998931884766,63.84000015258789,63.869998931884766,390,0.0,0.0,0.0
2024-01-25 14:30:00-05:00,63.82500076293945,63.900001525878906,63.82500076293945,63.900001525878906,4558,0.0,0.0,0.0
2024-01-25 15:30:00-05:00,63.900001525878906,63.900001525878906,63.790000915527344,63.88999938964844,1407,0.0,0.0,0.0
2024-01-26 09:30:00-05:00,63.18000030517578,63.609901428222656,63.18000030517578,63.43109893798828,19606,0.0,0.0,0.0
2024-01-26 10:30:00-05:00,63.45000076293945,63.65999984741211,63.39059829711914,63.560001373291016,16532,0.0,0.0,0.0
2024-01-26 11:30:00-05:00,63.61000061035156,63.65999984741211,63.59299850463867,63.65999984741211,2945,0.0,0.0,0.0
2024-01-26 12:30:00-05:00,63.529998779296875,63.560001373291016,63.5099983215332,63.5099983215332,3479,0.0,0.0,0.0
2024-01-26 13:30:00-05:00,63.55500030517578,63.56399917602539,63.400001525878906,63.459999084472656,15335,0.0,0.0,0.0
2024-01-26 14:30:00-05:00,63.40999984741211,63.53499984741211,63.39500045776367,63.5161018371582,11940,0.0,0.0,0.0
2024-01-26 15:30:00-05:00,63.5,63.5,63.40999984741211,63.41999816894531,1543,0.0,0.0,0.0
2024-01-29 09:30:00-05:00,63.060001373291016,63.060001373291016,62.2400016784668,62.310001373291016,21913,0.0,0.0,0.0
2024-01-29 10:30:00-05:00,62.18159866333008,62.2400016784668,62.08000183105469,62.130001068115234,52489,0.0,0.0,0.0
2024-01-29 11:30:00-05:00,62.119998931884766,62.29240036010742,62.119998931884766,62.29240036010742,3584,0.0,0.0,0.0
2024-01-29 12:30:00-05:00,62.22999954223633,62.22999954223633,62.100101470947266,62.100101470947266,1725,0.0,0.0,0.0
2024-01-29 13:30:00-05:00,62.05500030517578,62.220001220703125,62.05500030517578,62.220001220703125,1954,0.0,0.0,0.0
2024-01-29 14:30:00-05:00,62.189998626708984,62.349998474121094,62.11000061035156,62.349998474121094,3320,0.0,0.0,0.0
2024-01-29 15:30:00-05:00,62.380001068115234,62.49399948120117,62.310001373291016,62.310001373291016,1745,0.0,0.0,0.0
2024-01-30 09:30:00-05:00,61.16999816894531,61.40909957885742,60.920101165771484,61.06999969482422,8372,0.0,0.0,0.0
2024-01-30 10:30:00-05:00,61.074798583984375,61.074798583984375,61.02000045776367,61.02000045776367,3056,0.0,0.0,0.0
2024-01-30 11:30:00-05:00,61.07500076293945,61.27000045776367,61.07500076293945,61.130001068115234,2981,0.0,0.0,0.0
2024-01-30 12:30:00-05:00,61.08399963378906,61.189998626708984,61.0806999206543,61.098899841308594,2601,0.0,0.0,0.0
2024-01-30 13:30:00-05:00,61.084999084472656,61.13890075683594,61.02000045776367,61.13890075683594,3553,0.0,0.0,0.0
2024-01-30 14:30:00-05:00,61.08000183105469,61.1599006652832,61.08000183105469,61.1599006652832,523,0.0,0.0,0.0
2024-01-30 15:30:00-05:00,61.10169982910156,61.189998626708984,61.02000045776367,61.08000183105469,2314,0.0,0.0,0.0
2024-01-31 09:30:00-05:00,60.279998779296875,60.970001220703125,60.279998779296875,60.86000061035156,13583,0.0,0.0,0.0
2024-01-31 10:30:00-05:00,61.099998474121094,61.321800231933594,60.959999084472656,60.959999084472656,2447,0.0,0.0,0.0
2024-01-31 11:30:00-05:00,60.91210174560547,60.9900016784668,60.82099914550781,60.91999816894531,6479,0.0,0.0,0.0
2024-01-31 12:30:00-05:00,60.900001525878906,60.9656982421875,60.720001220703125,60.720001220703125,8635,0.0,0.0,0.0
2024-01-31 13:30:00-05:00,60.720001220703125,60.7599983215332,60.66999816894531,60.66999816894531,1882,0.0,0.0,0.0
2024-01-31 14:30:00-05:00,60.720001220703125,61.0,60.400001525878906,60.65999984741211,9802,0.0,0.0,0.0
2024-01-31 15:30:00-05:00,60.630401611328125,60.77000045776367,60.619998931884766,60.7400016784668,2713,0.0,0.0,0.0
2024-02-01 09:30:00-05:00,60.810001373291016,61.130001068115234,60.810001373291016,60.878700256347656,6816,0.0,0.0,0.0
2024-02-01 10:30:00-05:00,60.849998474121094,60.90399932861328,60.526100158691406,60.839500427246094,4338,0.0,0.0,0.0
2024-02-01 11:30:00-05:00,60.79999923706055,60.96440124511719,60.79999923706055,60.869998931884766,9806,0.0,0.0,0.0
2024-02-01 12:30:00-05:00,60.921199798583984,60.95000076293945,60.824100494384766,60.824100494384766,953,0.0,0.0,0.0
2024-02-01 13:30:00-05:00,60.91749954223633,60.91749954223633,60.820098876953125,60.89580154418945,7477,0.0,0.0,0.0
2024-02-01 14:30:00-05:00,60.849998474121094,60.979400634765625,60.80009841918945,60.849998474121094,7366,0.0,0.0,0.0
2024-02-01 15:30:00-05:00,60.86000061035156,60.86000061035156,60.82569885253906,60.83000183105469,3164,0.0,0.0,0.0
2024-02-02 09:30:00-05:00,59.75,59.79999923706055,59.45009994506836,59.45009994506836,17487,0.0,0.0,0.0
2024-02-02 10:30:00-05:00,59.5,59.61000061035156,59.5,59.505001068115234,4491,0.0,0.0,0.0
2024-02-02 11:30:00-05:00,59.588199615478516,59.685001373291016,59.5,59.685001373291016,6516,0.0,0.0,0.0
2024-02-02 12:30:00-05:00,59.685001373291016,59.70500183105469,59.54999923706055,59.595001220703125,4613,0.0,0.0,0.0
2024-02-02 13:30:00-05:00,59.68000030517578,59.720001220703125,59.61000061035156,59.619998931884766,1742,0.0,0.0,0.0
2024-02-02 14:30:00-05:00,59.7692985534668,59.7692985534668,59.630001068115234,59.70500183105469,3798,0.0,0.0,0.0
2024-02-02 15:30:00-05:00,59.65999984741211,59.70000076293945,59.599998474121094,59.599998474121094,1621,0.0,0.0,0.0
2024-02-05 09:30:00-05:00,59.790000915527344,59.900001525878906,59.529998779296875,59.78300094604492,17777,0.0,0.0,0.0
2024-02-05 10:30:00-05:00,59.95000076293945,60.119998931884766,59.75,59.779998779296875,13324,0.0,0.0,0.0
2024-02-05 11:30:00-05:00,59.81999969482422,60.08000183105469,59.77000045776367,60.046600341796875,9218,0.0,0.0,0.0
2024-02-05 12:30:00-05:00,60.060001373291016,60.22700119018555,60.03010177612305,60.22700119018555,11229,0.0,0.0,0.0
2024-02-05 13:30:00-05:00,60.11000061035156,60.24250030517578,60.06999969482422,60.24250030517578,5758,0.0,0.0,0.0
2024-02-05 14:30:00-05:00,60.10919952392578,60.18000030517578,59.98910140991211,60.101200103759766,4672,0.0,0.0,0.0
2024-02-05 15:30:00-05:00,60.095001220703125,60.095001220703125,59.959999084472656,59.959999084472656,1986,0.0,0.0,0.0
2024-02-06 09:30:00-05:00,62.529998779296875,62.93939971923828,62.1411018371582,62.93939971923828,13412,0.0,0.0,0.0
2024-02-06 10:30:00-05:00,62.814998626708984,63.13999938964844,62.814998626708984,63.09000015258789,20846,0.0,0.0,0.0
2024-02-06 11:30:00-05:00,63.22200012207031,63.22200012207031,62.890499114990234,63.029998779296875,296774,0.0,0.0,0.0
2024-02-06 12:30:00-05:00,63.130001068115234,63.220401763916016,62.90999984741211,63.01499938964844,23497,0.0,0.0,0.0
2024-02-06 13:30:00-05:00,63.119998931884766,63.1431999206543,62.90010070800781,62.95000076293945,81647,0.0,0.0,0.0
2024-02-06 14:30:00-05:00,62.939998626708984,63.13999938964844,62.91999816894531,63.08000183105469,60011,0.0,0.0,0.0
2024-02-06 15:30:00-05:00,63.084999084472656,63.20000076293945,63.0099983215332,63.18000030517578,73829,0.0,0.0,0.0
2024-02-07 09:30:00-05:00,62.66999816894531,63.16999816894531,62.379798889160156,62.7140998840332,54079,0.0,0.0,0.0
2024-02-07 10:30:00-05:00,62.70000076293945,62.7692985534668,62.595001220703125,62.69150161743164,9068,0.0,0.0,0.0
2024-02-07 11:30:00-05:00,62.581298828125,62.67179870605469,62.581298828125,62.654998779296875,2240,0.0,0.0,0.0
2024-02-07 12:30:00-05:00,62.61050033569336,62.70000076293945,62.52000045776367,62.70000076293945,78743,0.0,0.0,0.0
2024-02-07 13:30:00-05:00,62.64500045776367,62.81269836425781,62.61349868774414,62.7400016784668,6131,0.0,0.0,0.0
2024-02-07 14:30:00-05:00,62.72999954223633,62.782100677490234,62.6697998046875,62.6697998046875,13767,0.0,0.0,0.0
2024-02-07 15:30:00-05:00,62.73500061035156,62.83000183105469,62.689998626708984,62.689998626708984,1993,0.0,0.0,0.0
2024-02-08 09:30:00-05:00,62.470001220703125,62.470001220703125,62.042598724365234,62.26900100708008,26942,0.0,0.0,0.0
2024-02-08 10:30:00-05:00,62.209999084472656,62.209999084472656,62.0,62.0099983215332,483842,0.0,0.0,0.0
2024-02-08 11:30:00-05:00,62.0,62.15999984741211,61.95000076293945,62.03139877319336,3664,0.0,0.0,0.0
2024-02-08 12:30:00-05:00,61.939998626708984,62.04690170288086,61.849998474121094,62.04690170288086,14836,0.0,0.0,0.0
2024-02-08 13:30:00-05:00,61.900001525878906,61.994998931884766,61.900001525878906,61.9114990234375,1774,0.0,0.0,0.0
2024-02-08 14:30:00-05:00,61.91299819946289,61.939998626708984,61.81999969482422,61.88010025024414,343453,0.0,0.0,0.0
2024-02-08 15:30:00-05:00,61.904998779296875,61.90999984741211,61.83000183105469,61.90999984741211,7874,0.0,0.0,0.0
2024-02-09 09:30:00-05:00,61.86000061035156,61.86000061035156,61.43109893798828,61.494998931884766,5428,0.0,0.0,0.0
2024-02-09 10:30:00-05:00,61.55099868774414,61.670101165771484,61.53129959106445,61.670101165771484,1029,0.0,0.0,0.0
2024-02-09 11:30:00-05:00,61.78010177612305,61.79999923706055,61.75,61.79999923706055,1021,0.0,0.0,0.0
2024-02-09 12:30:00-05:00,61.720001220703125,61.849998474121094,61.720001220703125,61.849998474121094,946,0.0,0.0,0.0
2024-02-09 13:30:00-05:00,62.060001373291016,62.27000045776367,62.0099983215332,62.27000045776367,201217,0.0,0.0,0.0
2024-02-09 14:30:00-05:00,62.2599983215332,62.290000915527344,62.11000061035156,62.20000076293945,9520,0.0,0.0,0.0
2024-02-09 15:30:00-05:00,62.25,62.33000183105469,62.20000076293945,62.33000183105469,2598,0.0,0.0,0.0
2024-02-12 09:30:00-05:00,62.75,63.59370040893555,62.75,63.59370040893555,0,0.0,0.0,0.0
2024-02-12 10:30:00-05:00,63.759300231933594,63.759300231933594,63.279998779296875,63.29999923706055,4021,0.0,0.0,0.0
2024-02-12 11:30:00-05:00,63.290000915527344,63.29050064086914,63.279998779296875,63.279998779296875,976,0.0,0.0,0.0
2024-02-12 12:30:00-05:00,63.29499816894531,63.467899322509766,63.29499816894531,63.3760986328125,1922,0.0,0.0,0.0
2024-02-12 13:30:00-05:00,63.349998474121094,63.349998474121094,63.14619827270508,63.20500183105469,12389,0.0,0.0,0.0
2024-02-12 14:30:00-05:00,63.27320098876953,63.29610061645508,63.15999984741211,63.29610061645508,3120,0.0,0.0,0.0
2024-02-12 15:30:00-05:00,63.310001373291016,63.359901428222656,63.13999938964844,63.22999954223633,3950,0.0,0.0,0.0
2024-02-13 09:30:00-05:00,62.40999984741211,63.09939956665039,62.38999938964844,62.38999938964844,15160,0.0,0.0,0.0
2024-02-13 10:30:00-05:00,62.459999084472656,62.529998779296875,62.33000183105469,62.33290100097656,2872,0.0,0.0,0.0
2024-02-13 11:30:00-05:00,62.33359909057617,62.33359909057617,62.33000183105469,62.33000183105469,468,0.0,0.0,0.0
2024-02-13 12:30:00-05:00,62.22999954223633,62.314998626708984,62.209999084472656,62.209999084472656,1353,0.0,0.0,0.0
2024-02-13 13:30:00-05:00,62.10020065307617,62.17599868774414,62.08140182495117,62.17599868774414,2202,0.0,0.0,0.0
2024-02-13 14:30:00-05:00,62.195098876953125,62.195098876953125,61.907100677490234,61.907100677490234,19896,0.0,0.0,0.0
2024-02-13 15:30:00-05:00,61.939998626708984,62.11000061035156,61.912498474121094,62.099998474121094,0,0.0,0.0,0.0
2024-02-14 09:30:00-05:00,62.689998626708984,62.73500061035156,62.5,62.59000015258789,7563,0.0,0.0,0.0
2024-02-14 10:30:00-05:00,62.4900016784668,62.63999938964844,62.4900016784668,62.56999969482422,2387,0.0,0.0,0.0
2024-02-14 11:30:00-05:00,62.560001373291016,62.560001373291016,62.45500183105469,62.45500183105469,1780,0.0,0.0,0.0
2024-02-14 12:30:00-05:00,62.57500076293945,62.68000030517578,62.560001373291016,62.665000915527344,93511,0.0,0.0,0.0
2024-02-14 13:30:00-05:00,62.68000030517578,62.7421989440918,62.635101318359375,62.7421989440918,2569,0.0,0.0,0.0
2024-02-14 14:30:00-05:00,62.76499938964844,62.849998474121094,62.76499938964844,62.849998474121094,6832,0.0,0.0,0.0
2024-02-14 15:30:00-05:00,62.810001373291016,62.810001373291016,62.650001525878906,62.7400016784668,1936,0.0,0.0,0.0
2024-02-15 09:30:00-05:00,62.7599983215332,63.099998474121094,62.7599983215332,63.04460144042969,23321,0.0,0.0,0.0
2024-02-15 10:30:00-05:00,63.08169937133789,63.109901428222656,62.868099212646484,62.900001525878906,5110,0.0,0.0,0.0
2024-02-15 11:30:00-05:00,62.850101470947266,62.98970031738281,62.850101470947266,62.97999954223633,1285,0.0,0.0,0.0
2024-02-15 12:30:00-05:00,63.069698333740234,63.130001068115234,63.060001373291016,63.060001373291016,2221,0.0,0.0,0.0
2024-02-15 13:30:00-05:00,62.95000076293945,62.95000076293945,62.900001525878906,62.935001373291016,4277,0.0,0.0,0.0
2024-02-15 14:30:00-05:00,62.97999954223633,62.994998931884766,62.96480178833008,62.96480178833008,1210,0.0,0.0,0.0
2024-02-15 15:30:00-05:00,62.95009994506836,63.08000183105469,62.95009994506836,63.04999923706055,2865,0.0,0.0,0.0
2024-02-16 09:30:00-05:00,64.13999938964844,64.5,64.11000061035156,64.46820068359375,22506,0.0,0.0,0.0
2024-02-16 10:30:00-05:00,64.2699966430664,64.43450164794922,64.1500015258789,64.1500015258789,15724,0.0,0.0,0.0
2024-02-16 11:30:00-05:00,64.2300033569336,64.29989624023438,64.13999938964844,64.21009826660156,3755,0.0,0.0,0.0
2024-02-16 12:30:00-05:00,64.26909637451172,64.31289672851562,64.0999984741211,64.0999984741211,1734,0.0,0.0,0.0
2024-02-16 13:30:00-05:00,64.25,64.25,64.10009765625,64.22979736328125,1955,0.0,0.0,0.0
2024-02-16 14:30:00-05:00,64.15859985351562,64.25,64.15540313720703,64.16000366210938,1632,0.0,0.0,0.0
2024-02-16 15:30:00-05:00,64.06610107421875,64.12000274658203,64.06610107421875,64.12000274658203,1614,0.0,0.0,0.0
2024-02-20 09:30:00-05:00,64.05999755859375,64.05999755859375,63.5,63.5,19454,0.0,0.0,0.0
2024-02-20 10:30:00-05:00,63.49250030517578,63.62860107421875,63.349998474121094,63.480098724365234,20770,0.0,0.0,0.0
2024-02-20 11:30:00-05:00,63.54999923706055,63.61000061035156,63.540000915527344,63.580101013183594,6888,0.0,0.0,0.0
2024-02-20 12:30:00-05:00,63.68190002441406,63.68190002441406,63.599998474121094,63.599998474121094,514,0.0,0.0,0.0
2024-02-20 13:30:00-05:00,63.525001525878906,63.59000015258789,63.4900016784668,63.57500076293945,7710,0.0,0.0,0.0
2024-02-20 14:30:00-05:00,63.57500076293945,63.57500076293945,63.57500076293945,63.57500076293945,549,0.0,0.0,0.0
2024-02-20 15:30:00-05:00,63.61000061035156,63.669898986816406,63.59000015258789,63.630001068115234,1489,0.0,0.0,0.0
2024-02-21 09:30:00-05:00,64.77999877929688,65.25499725341797,64.77999877929688,64.94499969482422,18988,0.0,0.0,0.0
2024-02-21 10:30:00-05:00,64.9000015258789,64.91000366210938,64.7300033569336,64.88500213623047,1743,0.0,0.0,0.0
2024-02-21 11:30:00-05:00,64.82330322265625,64.82330322265625,64.81999969482422,64.81999969482422,576,0.0,0.0,0.0
2024-02-21 12:30:00-05:00,64.80999755859375,64.87999725341797,64.71499633789062,64.71499633789062,2793,0.0,0.0,0.0
2024-02-21 13:30:00-05:00,64.73320007324219,64.7699966430664,64.6500015258789,64.7699966430664,18133,0.0,0.0,0.0
2024-02-21 14:30:00-05:00,64.75,64.80989837646484,64.62000274658203,64.7155990600586,5033,0.0,0.0,0.0
2024-02-21 15:30:00-05:00,64.69999694824219,64.80000305175781,64.66000366210938,64.69999694824219,0,0.0,0.0,0.0
2024-02-22 09:30:00-05:00,65.56999969482422,65.72000122070312,65.33509826660156,65.33509826660156,35915,0.0,0.0,0.0
2024-02-22 10:30:00-05:00,65.41000366210938,65.41000366210938,65.16120147705078,65.25379943847656,2176,0.0,0.0,0.0
2024-02-22 11:30:00-05:00,65.33000183105469,65.4000015258789,65.33000183105469,65.39939880371094,1981,0.0,0.0,0.0
2024-02-22 12:30:00-05:00,65.4364013671875,65.58999633789062,65.42070007324219,65.55000305175781,17438,0.0,0.0,0.0
2024-02-22 13:30:00-05:00,65.55999755859375,65.65650177001953,65.55999755859375,65.6449966430664,7437,0.0,0.0,0.0
2024-02-22 14:30:00-05:00,65.62000274658203,65.62000274658203,65.55000305175781,65.57219696044922,1979,0.0,0.0,0.0
2024-02-22 15:30:00-05:00,65.58000183105469,65.63500213623047,65.52999877929688,65.56999969482422,4759,0.0,0.0,0.0
2024-02-23 09:30:00-05:00,66.12000274658203,66.16999816894531,65.66999816894531,65.8949966430664,8878,0.0,0.0,0.0
2024-02-23 10:30:00-05:00,65.8499984741211,65.8949966430664,65.80000305175781,65.8949966430664,688,0.0,0.0,0.0
2024-02-23 11:30:00-05:00,65.94000244140625,66.0,65.94000244140625,66.0,1148,0.0,0.0,0.0
2024-02-23 12:30:00-05:00,66.05709838867188,66.16000366210938,66.03500366210938,66.03500366210938,1717,0.0,0.0,0.0
2024-02-23 13:30:00-05:00,66.00389862060547,66.05000305175781,65.70999908447266,65.70999908447266,2403,0.0,0.0,0.0
2024-02-23 14:30:00-05:00,65.66500091552734,65.9198989868164,65.66500091552734,65.85990142822266,2051,0.0,0.0,0.0
2024-02-23 15:30:00-05:00,65.79000091552734,65.87000274658203,65.72100067138672,65.87000274658203,3441,0.0,0.0,0.0
2024-02-26 09:30:00-05:00,65.55999755859375,65.79000091552734,65.52999877929688,65.66999816894531,14298,0.0,0.0,0.0
2024-02-26 10:30:00-05:00,65.51000213623047,65.51000213623047,65.50440216064453,65.50440216064453,2815,0.0,0.0,0.0
2024-02-26 11:30:00-05:00,65.49500274658203,65.55999755859375,65.49500274658203,65.51499938964844,2090,0.0,0.0,0.0
2024-02-26 13:30:00-05:00,65.50509643554688,65.50509643554688,65.42009735107422,65.42009735107422,680,0.0,0.0,0.0
2024-02-26 14:30:00-05:00,65.44000244140625,65.4490966796875,65.36409759521484,65.4490966796875,3354,0.0,0.0,0.0
2024-02-26 15:30:00-05:00,65.41999816894531,65.44850158691406,65.4000015258789,65.4000015258789,1773,0.0,0.0,0.0
2024-02-27 09:30:00-05:00,66.26000213623047,66.4800033569336,66.26000213623047,66.38999938964844,6422,0.0,0.0,0.0
2024-02-27 10:30:00-05:00,66.45999908447266,66.61830139160156,66.39779663085938,66.44499969482422,8000,0.0,0.0,0.0
2024-02-27 11:30:00-05:00,66.41999816894531,66.41999816894531,66.36479949951172,66.36479949951172,3003,0.0,0.0,0.0
2024-02-27 12:30:00-05:00,66.4363021850586,66.47720336914062,66.38189697265625,66.4000015258789,1156,0.0,0.0,0.0
2024-02-27 13:30:00-05:00,66.44580078125,66.47319793701172,66.35250091552734,66.35250091552734,2302,0.0,0.0,0.0
2024-02-27 14:30:00-05:00,66.40470123291016,66.40470123291016,66.3499984741211,66.3988037109375,5917,0.0,0.0,0.0
2024-02-27 15:30:00-05:00,66.4000015258789,66.41000366210938,66.33999633789062,66.41000366210938,0,0.0,0.0,0.0
2024-02-28 09:30:00-05:00,64.80000305175781,65.04000091552734,64.46009826660156,64.46009826660156,6815,0.0,0.0,0.0
2024-02-28 10:30:00-05:00,64.52999877929688,64.58000183105469,64.4469985961914,64.4800033569336,6541,0.0,0.0,0.0
2024-02-28 11:30:00-05:00,64.46499633789062,64.54010009765625,64.46499633789062,64.54010009765625,7164,0.0,0.0,0.0
2024-02-28 12:30:00-05:00,64.59500122070312,64.59500122070312,64.5022964477539,64.5022964477539,1690,0.0,0.0,0.0
2024-02-28 13:30:00-05:00,64.58000183105469,64.60990142822266,64.51730346679688,64.58999633789062,1800,0.0,0.0,0.0
2024-02-28 14:30:00-05:00,64.54499816894531,64.54499816894531,64.44999694824219,64.4906997680664,2571,0.0,0.0,0.0
2024-02-28 15:30:00-05:00,64.45999908447266,64.45999908447266,64.41999816894531,64.43550109863281,0,0.0,0.0,0.0
2024-02-29 09:30:00-05:00,65.31999969482422,65.33989715576172,65.05000305175781,65.05000305175781,62134,0.0,0.0,0.0
2024-02-29 10:30:00-05:00,65.08999633789062,65.09239959716797,64.87999725341797,64.88500213623047,6414,0.0,0.0,0.0
2024-02-29 11:30:00-05:00,64.8906021118164,64.92680358886719,64.87000274658203,64.88929748535156,1413,0.0,0.0,0.0
2024-02-29 12:30:00-05:00,64.9000015258789,64.9000015258789,64.9000015258789,64.9000015258789,2179,0.0,0.0,0.0
2024-02-29 13:30:00-05:00,64.9000015258789,64.94290161132812,64.88500213623047,64.88999938964844,4828,0.0,0.0,0.0
2024-02-29 14:30:00-05:00,64.87999725341797,64.88749694824219,64.87000274658203,64.87999725341797,1939,0.0,0.0,0.0
2024-02-29 15:30:00-05:00,64.88999938964844,64.92990112304688,64.83000183105469,64.83999633789062,3125,0.0,0.0,0.0
2024-03-01 09:30:00-05:00,65.62000274658203,65.76000213623047,65.58000183105469,65.7300033569336,9823,0.0,0.0,0.0
2024-03-01 10:30:00-05:00,65.77349853515625,65.96990203857422,65.77349853515625,65.81999969482422,12666,0.0,0.0,0.0
2024-03-01 11:30:00-05:00,65.84500122070312,65.92990112304688,65.84500122070312,65.8499984741211,3221,0.0,0.0,0.0
2024-03-01 12:30:00-05:00,65.87000274658203,65.89620208740234,65.83000183105469,65.87999725341797,17514,0.0,0.0,0.0
2024-03-01 13:30:00-05:00,65.91000366210938,65.91999816894531,65.87000274658203,65.91000366210938,1808,0.0,0.0,0.0
2024-03-01 14:30:00-05:00,65.94999694824219,65.95580291748047,65.88999938964844,65.94999694824219,8040,0.0,0.0,0.0
2024-03-01 15:30:00-05:00,65.91999816894531,65.91999816894531,65.80999755859375,65.83000183105469,9110,0.0,0.0,0.0
2024-03-04 09:30:00-05:00,65.55000305175781,65.55000305175781,65.0199966430664,65.19999694824219,34469,0.0,0.0,0.0
2024-03-04 10:30:00-05:00,65.19999694824219,65.27999877929688,64.98999786376953,64.98999786376953,4100,0.0,0.0,0.0
2024-03-04 11:30:00-05:00,64.94999694824219,64.94999694824219,64.8926010131836,64.94400024414062,1329,0.0,0.0,0.0
2024-03-04 12:30:00-05:00,64.87999725341797,64.9000015258789,64.77149963378906,64.79000091552734,5195,0.0,0.0,0.0
2024-03-04 13:30:00-05:00,64.78990173339844,64.83999633789062,64.75969696044922,64.81999969482422,8428,0.0,0.0,0.0
2024-03-04 14:30:00-05:00,64.80000305175781,64.88999938964844,64.7699966430664,64.78489685058594,2674,0.0,0.0,0.0
2024-03-04 15:30:00-05:00,64.9000015258789,64.9000015258789,64.80000305175781,64.86000061035156,0,0.0,0.0,0.0
2024-03-05 09:30:00-05:00,64.37999725341797,64.6500015258789,64.19000244140625,64.5,10422,0.0,0.0,0.0
2024-03-05 10:30:00-05:00,64.51239776611328,64.58000183105469,64.30000305175781,64.30000305175781,55227,0.0,0.0,0.0
2024-03-05 11:30:00-05:00,64.36000061035156,64.36000061035156,64.29000091552734,64.33000183105469,5871,0.0,0.0,0.0
2024-03-05 12:30:00-05:00,64.36499786376953,64.36499786376953,64.2699966430664,64.27999877929688,7626,0.0,0.0,0.0
2024-03-05 13:30:00-05:00,64.30000305175781,64.3499984741211,64.22000122070312,64.3499984741211,9052,0.0,0.0,0.0
2024-03-05 14:30:00-05:00,64.19000244140625,64.2300033569336,64.12999725341797,64.16010284423828,24780,0.0,0.0,0.0
2024-03-05 15:30:00-05:00,64.16690063476562,64.22000122070312,64.11000061035156,64.16000366210938,0,0.0,0.0,0.0
2024-03-06 09:30:00-05:00,65.62000274658203,65.68000030517578,65.19999694824219,65.20999908447266,13442,0.0,0.0,0.0
2024-03-06 10:30:00-05:00,65.18000030517578,65.30999755859375,65.18000030517578,65.29000091552734,23104,0.0,0.0,0.0
2024-03-06 11:30:00-05:00,65.40709686279297,65.40709686279297,65.23999786376953,65.34760284423828,2504,0.0,0.0,0.0
2024-03-06 12:30:00-05:00,65.32499694824219,65.3499984741211,65.31999969482422,65.3228988647461,1338,0.0,0.0,0.0
2024-03-06 13:30:00-05:00,65.30000305175781,65.30000305175781,65.08499908447266,65.08499908447266,5961,0.0,0.0,0.0
2024-03-06 14:30:00-05:00,65.125,65.125,65.06099700927734,65.1167984008789,684,0.0,0.0,0.0
2024-03-06 15:30:00-05:00,65.06999969482422,65.06999969482422,65.05999755859375,65.05999755859375,0,0.0,0.0,0.0
2024-03-07 09:30:00-05:00,64.48999786376953,64.5999984741211,64.35009765625,64.35009765625,4129,0.0,0.0,0.0
2024-03-07 10:30:00-05:00,64.47450256347656,64.58000183105469,64.46009826660156,64.56999969482422,3024,0.0,0.0,0.0
2024-03-07 11:30:00-05:00,64.56189727783203,64.56189727783203,64.55999755859375,64.55999755859375,646,0.0,0.0,0.0
2024-03-07 12:30:00-05:00,64.62000274658203,64.69999694824219,64.62000274658203,64.65499877929688,901,0.0,0.0,0.0
2024-03-07 13:30:00-05:00,64.69000244140625,64.69000244140625,64.61000061035156,64.61000061035156,756,0.0,0.0,0.0
2024-03-07 14:30:00-05:00,64.65450286865234,64.68000030517578,64.63009643554688,64.68000030517578,5347,0.0,0.0,0.0
2024-03-07 15:30:00-05:00,64.72000122070312,64.72000122070312,64.62999725341797,64.66000366210938,0,0.0,0.0,0.0
2024-03-08 09:30:00-05:00,64.95999908447266,65.16899871826172,64.95999908447266,65.00499725341797,7582,0.0,0.0,0.0
2024-03-08 10:30:00-05:00,64.9000015258789,64.98370361328125,64.81009674072266,64.81500244140625,2462,0.0,0.0,0.0
2024-03-08 11:30:00-05:00,64.70999908447266,64.84500122070312,64.70999908447266,64.7500991821289,1276,0.0,0.0,0.0
2024-03-08 12:30:00-05:00,64.8499984741211,64.88999938964844,64.81999969482422,64.88999938964844,3202,0.0,0.0,0.0
2024-03-08 13:30:00-05:00,65.05000305175781,65.05000305175781,65.05000305175781,65.05000305175781,500,0.0,0.0,0.0
2024-03-08 14:30:00-05:00,65.06500244140625,65.06500244140625,65.00810241699219,65.00810241699219,1488,0.0,0.0,0.0
2024-03-08 15:30:00-05:00,64.94000244140625,64.95999908447266,64.9000015258789,64.91000366210938,2310,0.0,0.0,0.0
2024-03-11 09:30:00-04:00,66.05000305175781,66.67179870605469,66.05000305175781,66.37000274658203,23341,0.0,0.0,0.0
2024-03-11 10:30:00-04:00,66.44999694824219,66.44999694824219,66.37999725341797,66.37999725341797,4012,0.0,0.0,0.0
2024-03-11 11:30:00-04:00,66.44010162353516,66.44010162353516,66.44010162353516,66.44010162353516,216,0.0,0.0,0.0
2024-03-11 12:30:00-04:00,66.5199966430664,66.54499816894531,66.5199966430664,66.54000091552734,1426,0.0,0.0,0.0
2024-03-11 13:30:00-04:00,66.54000091552734,66.54000091552734,66.48500061035156,66.50170135498047,1431,0.0,0.0,0.0
2024-03-11 14:30:00-04:00,66.45999908447266,66.47000122070312,66.41999816894531,66.41999816894531,4300,0.0,0.0,0.0
2024-03-11 15:30:00-04:00,66.4269027709961,66.4269027709961,66.30000305175781,66.36000061035156,0,0.0,0.0,0.0
2024-03-12 09:30:00-04:00,67.2300033569336,67.23999786376953,67.04010009765625,67.20010375976562,6744,0.0,0.0,0.0
2024-03-12 10:30:00-04:00,67.2699966430664,67.44300079345703,67.2699966430664,67.41000366210938,3132,0.0,0.0,0.0
2024-03-12 11:30:00-04:00,67.48999786376953,67.48999786376953,67.38999938964844,67.43820190429688,5276,0.0,0.0,0.0
2024-03-12 12:30:00-04:00,67.37000274658203,67.4000015258789,67.34010314941406,67.4000015258789,2704,0.0,0.0,0.0
2024-03-12 13:30:00-04:00,67.36170196533203,67.43949890136719,67.36170196533203,67.38999938964844,1856,0.0,0.0,0.0
2024-03-12 14:30:00-04:00,67.43499755859375,67.45999908447266,67.33999633789062,67.41999816894531,87590,0.0,0.0,0.0
2024-03-12 15:30:00-04:00,67.41000366210938,67.45999908447266,67.41000366210938,67.43000030517578,3947,0.0,0.0,0.0
2024-03-13 09:30:00-04:00,67.76000213623047,68.1500015258789,67.76000213623047,68.05999755859375,61044,0.0,0.0,0.0
2024-03-13 10:30:00-04:00,68.0,68.00499725341797,67.95999908447266,68.00499725341797,2162,0.0,0.0,0.0
2024-03-13 11:30:00-04:00,67.94999694824219,67.94999694824219,67.84290313720703,67.88500213623047,7415,0.0,0.0,0.0
2024-03-13 12:30:00-04:00,67.82649993896484,67.8499984741211,67.79000091552734,67.8499984741211,4072,0.0,0.0,0.0
2024-03-13 13:30:00-04:00,67.9000015258789,67.91000366210938,67.83509826660156,67.86000061035156,1895,0.0,0.0,0.0
2024-03-13 14:30:00-04:00,67.86000061035156,67.86000061035156,67.64289855957031,67.64289855957031,2727,0.0,0.0,0.0
2024-03-13 15:30:00-04:00,67.66999816894531,67.71640014648438,67.55000305175781,67.61000061035156,2618,0.0,0.0,0.0
2024-03-14 09:30:00-04:00,67.22000122070312,67.22000122070312,66.69629669189453,66.83000183105469,85640,0.0,0.0,0.0
2024-03-14 10:30:00-04:00,66.76000213623047,66.76000213623047,66.68199920654297,66.69000244140625,1756,0.0,0.0,0.0
2024-03-14 11:30:00-04:00,66.55999755859375,66.7040023803711,66.55999755859375,66.68399810791016,7271,0.0,0.0,0.0
2024-03-14 12:30:00-04:00,66.6500015258789,66.74500274658203,66.6500015258789,66.67330169677734,565,0.0,0.0,0.0
2024-03-14 13:30:00-04:00,66.66000366210938,66.76000213623047,66.66000366210938,66.72440338134766,3422,0.0,0.0,0.0
2024-03-14 14:30:00-04:00,66.68000030517578,66.71499633789062,66.5999984741211,66.60009765625,5063,0.0,0.0,0.0
2024-03-14 15:30:00-04:00,66.58170318603516,66.70999908447266,66.54000091552734,66.70999908447266,3355,0.0,0.0,0.0
2024-03-15 09:30:00-04:00,66.73999786376953,66.97979736328125,66.73999786376953,66.83499908447266,31662,0.0,0.0,0.0
2024-03-15 10:30:00-04:00,66.93000030517578,66.98500061035156,66.88999938964844,66.91999816894531,9472,0.0,0.0,0.0
2024-03-15 11:30:00-04:00,66.86070251464844,66.87000274658203,66.76000213623047,66.83000183105469,2456,0.0,0.0,0.0
2024-03-15 12:30:00-04:00,66.77999877929688,66.77999877929688,66.6720962524414,66.69999694824219,6131,0.0,0.0,0.0
2024-03-15 13:30:00-04:00,66.69999694824219,66.76740264892578,66.69999694824219,66.72000122070312,1302,0.0,0.0,0.0
2024-03-15 14:30:00-04:00,66.75,66.76000213623047,66.72129821777344,66.72129821777344,6229,0.0,0.0,0.0
2024-03-15 15:30:00-04:00,66.70999908447266,66.70999908447266,66.62999725341797,66.6500015258789,922,0.0,0.0,0.0
2024-03-18 09:30:00-04:00,67.27999877929688,67.30000305175781,67.05000305175781,67.19999694824219,0,0.0,0.0,0.0
2024-03-18 10:30:00-04:00,67.22640228271484,67.26499938964844,67.16000366210938,67.16000366210938,3454,0.0,0.0,0.0
2024-03-18 11:30:00-04:00,67.22000122070312,67.22000122070312,67.06999969482422,67.11000061035156,2255,0.0,0.0,0.0
2024-03-18 12:30:00-04:00,67.12689971923828,67.12689971923828,67.0,67.09259796142578,1992,0.0,0.0,0.0
2024-03-18 13:30:00-04:00,67.05999755859375,67.08499908447266,67.02999877929688,67.06999969482422,1336,0.0,0.0,0.0
2024-03-18 14:30:00-04:00,67.08920288085938,67.08920288085938,67.0199966430664,67.05999755859375,1843,0.0,0.0,0.0
2024-03-18 15:30:00-04:00,67.05999755859375,67.05999755859375,67.0,67.05999755859375,4175,0.0,0.0,0.0
2024-03-19 09:30:00-04:00,66.66999816894531,66.66999816894531,66.30999755859375,66.4000015258789,15194,0.0,0.0,0.0
2024-03-19 10:30:00-04:00,66.43000030517578,66.48500061035156,66.43000030517578,66.48500061035156,1608,0.0,0.0,0.0
2024-03-19 11:30:00-04:00,66.48999786376953,66.72000122070312,66.48999786376953,66.72000122070312,1126,0.0,0.0,0.0
2024-03-19 12:30:00-04:00,66.69000244140625,66.80139923095703,66.69000244140625,66.71119689941406,5682,0.0,0.0,0.0
2024-03-19 13:30:00-04:00,66.73500061035156,66.7594985961914,66.69000244140625,66.70999908447266,2604,0.0,0.0,0.0
2024-03-19 14:30:00-04:00,66.74579620361328,66.74579620361328,66.66999816894531,66.69000244140625,10967,0.0,0.0,0.0
2024-03-19 15:30:00-04:00,66.68000030517578,66.69999694824219,66.66000366210938,66.69000244140625,3321,0.0,0.0,0.0
2024-03-20 09:30:00-04:00,67.25,67.33999633789062,66.93000030517578,66.97000122070312,11761,0.0,0.0,0.0
2024-03-20 10:30:00-04:00,66.97000122070312,67.02999877929688,66.87999725341797,67.0199966430664,14748,0.0,0.0,0.0
2024-03-20 11:30:00-04:00,66.95999908447266,66.98999786376953,66.91000366210938,66.91000366210938,4623,0.0,0.0,0.0
2024-03-20 12:30:00-04:00,66.91000366210938,66.9800033569336,66.91000366210938,66.97440338134766,3030,0.0,0.0,0.0
2024-03-20 13:30:00-04:00,67.02999877929688,67.2699966430664,67.0199966430664,67.0999984741211,4019,0.0,0.0,0.0
2024-03-20 14:30:00-04:00,67.08000183105469,67.37999725341797,67.02999877929688,67.30660247802734,19658,0.0,0.0,0.0
2024-03-20 15:30:00-04:00,67.4800033569336,67.48999786376953,67.30999755859375,67.33000183105469,0,0.0,0.0,0.0
2024-03-21 09:30:00-04:00,67.2300033569336,67.23500061035156,67.0250015258789,67.05000305175781,3552,0.0,0.0,0.0
2024-03-21 10:30:00-04:00,66.9800033569336,67.0,66.80999755859375,66.85479736328125,11459,0.0,0.0,0.0
2024-03-21 11:30:00-04:00,66.86000061035156,66.92919921875,66.80000305175781,66.9281997680664,12285,0.0,0.0,0.0
2024-03-21 12:30:00-04:00,66.91000366210938,66.91999816894531,66.91000366210938,66.91999816894531,1129,0.0,0.0,0.0
2024-03-21 13:30:00-04:00,66.8499984741211,66.8499984741211,66.7394027709961,66.7394027709961,1970,0.0,0.0,0.0
2024-03-21 14:30:00-04:00,66.73999786376953,66.77999877929688,66.7300033569336,66.75499725341797,3105,0.0,0.0,0.0
2024-03-21 15:30:00-04:00,66.75,66.78900146484375,66.70999908447266,66.70999908447266,0,0.0,0.0,0.0
2024-03-22 09:30:00-04:00,65.80999755859375,65.81999969482422,65.58000183105469,65.62000274658203,15958,0.0,0.0,0.0
2024-03-22 10:30:00-04:00,65.62999725341797,65.79000091552734,65.62999725341797,65.79000091552734,4516,0.0,0.0,0.0
2024-03-22 11:30:00-04:00,65.87000274658203,65.9000015258789,65.7300033569336,65.7300033569336,3402,0.0,0.0,0.0
2024-03-22 12:30:00-04:00,65.81089782714844,65.81089782714844,65.73999786376953,65.77999877929688,31213,0.0,0.0,0.0
2024-03-22 13:30:00-04:00,65.80000305175781,65.80000305175781,65.66000366210938,65.66999816894531,989,0.0,0.0,0.0
2024-03-22 14:30:00-04:00,65.7249984741211,65.73400115966797,65.68000030517578,65.69000244140625,8231,0.0,0.0,0.0
2024-03-22 15:30:00-04:00,65.69000244140625,65.70999908447266,65.62999725341797,65.69000244140625,8418,0.0,0.0,0.0
2024-03-25 09:30:00-04:00,65.55999755859375,65.85649871826172,65.45999908447266,65.63999938964844,27790,0.0,0.0,0.0
2024-03-25 10:30:00-04:00,65.61000061035156,65.61000061035156,65.51000213623047,65.55000305175781,5336,0.0,0.0,0.0
2024-03-25 11:30:00-04:00,65.52999877929688,65.5790023803711,65.41999816894531,65.41999816894531,11194,0.0,0.0,0.0
2024-03-25 12:30:00-04:00,65.44000244140625,65.5,65.41999816894531,65.45999908447266,5958,0.0,0.0,0.0
2024-03-25 13:30:00-04:00,65.5,65.55000305175781,65.5,65.55000305175781,2872,0.0,0.0,0.0
2024-03-25 14:30:00-04:00,65.56999969482422,65.56999969482422,65.51499938964844,65.5199966430664,1802,0.0,0.0,0.0
2024-03-25 15:30:00-04:00,65.54499816894531,65.58910369873047,65.5199966430664,65.5199966430664,1145,0.0,0.0,0.0
2024-03-26 09:30:00-04:00,65.7300033569336,65.79000091552734,65.5999984741211,65.66000366210938,28177,0.0,0.0,0.0
2024-03-26 10:30:00-04:00,65.62989807128906,65.69999694824219,65.62989807128906,65.6500015258789,3149,0.0,0.0,0.0
2024-03-26 11:30:00-04:00,65.66500091552734,65.7499008178711,65.66500091552734,65.71499633789062,3275,0.0,0.0,0.0
2024-03-26 12:30:00-04:00,65.73999786376953,65.73999786376953,65.66999816894531,65.72000122070312,1747,0.0,0.0,0.0
2024-03-26 13:30:00-04:00,65.69000244140625,65.76000213623047,65.6520004272461,65.69999694824219,37427,0.0,0.0,0.0
2024-03-26 14:30:00-04:00,65.75499725341797,65.76000213623047,65.6500015258789,65.6500015258789,12907,0.0,0.0,0.0
2024-03-26 15:30:00-04:00,65.6500015258789,65.70999908447266,65.58000183105469,65.58000183105469,0,0.0,0.0,0.0
2024-03-27 09:30:00-04:00,65.12000274658203,65.27999877929688,64.97540283203125,65.2300033569336,8767,0.0,0.0,0.0
2024-03-27 10:30:00-04:00,65.2300033569336,65.29000091552734,65.19000244140625,65.27999877929688,3556,0.0,0.0,0.0
2024-03-27 11:30:00-04:00,65.19999694824219,65.25689697265625,65.13999938964844,65.20999908447266,5135,0.0,0.0,0.0
2024-03-27 12:30:00-04:00,65.16000366210938,65.21240234375,65.16000366210938,65.19999694824219,2708,0.0,0.0,0.0
2024-03-27 13:30:00-04:00,65.2135009765625,65.2135009765625,65.16000366210938,65.16999816894531,3493,0.0,0.0,0.0
2024-03-27 14:30:00-04:00,65.20999908447266,65.29000091552734,65.20999908447266,65.29000091552734,4074,0.0,0.0,0.0
2024-03-27 15:30:00-04:00,65.27999877929688,65.3499984741211,65.25,65.30000305175781,5338,0.0,0.0,0.0
2024-03-28 09:30:00-04:00,65.77999877929688,65.93659973144531,65.73770141601562,65.77999877929688,10839,0.0,0.0,0.0
2024-03-28 10:30:00-04:00,65.83000183105469,66.04730224609375,65.83000183105469,66.04730224609375,2490,0.0,0.0,0.0
2024-03-28 11:30:00-04:00,66.06999969482422,66.06999969482422,65.88999938964844,65.88999938964844,1538,0.0,0.0,0.0
2024-03-28 12:30:00-04:00,65.9000015258789,65.9000015258789,65.87689971923828,65.87689971923828,332,0.0,0.0,0.0
2024-03-28 13:30:00-04:00,65.83000183105469,65.88990020751953,65.83000183105469,65.88990020751953,1667,0.0,0.0,0.0
2024-03-28 14:30:00-04:00,65.81999969482422,65.87049865722656,65.81999969482422,65.84010314941406,1200,0.0,0.0,0.0
2024-03-28 15:30:00-04:00,65.83999633789062,65.83999633789062,65.7699966430664,65.77999877929688,2698,0.0,0.0,0.0
2024-04-01 09:30:00-04:00,66.79000091552734,67.24610137939453,66.79000091552734,66.9800033569336,19002,0.0,0.0,0.0
2024-04-01 10:30:00-04:00,67.0199966430664,67.02890014648438,66.68000030517578,66.68000030517578,3516,0.0,0.0,0.0
2024-04-01 11:30:00-04:00,66.75,66.81500244140625,66.75,66.80999755859375,838,0.0,0.0,0.0
2024-04-01 12:30:00-04:00,66.84210205078125,66.91000366210938,66.84210205078125,66.91000366210938,1978,0.0,0.0,0.0
2024-04-01 13:30:00-04:00,66.87000274658203,66.94930267333984,66.87000274658203,66.91490173339844,894,0.0,0.0,0.0
2024-04-01 14:30:00-04:00,66.9000015258789,66.91570281982422,66.88400268554688,66.91570281982422,1154,0.0,0.0,0.0
2024-04-01 15:30:00-04:00,66.9000015258789,66.91999816894531,66.87000274658203,66.91000366210938,3041,0.0,0.0,0.0
2024-04-02 09:30:00-04:00,67.16999816894531,67.3550033569336,66.87000274658203,67.23999786376953,14303,0.0,0.0,0.0
2024-04-02 10:30:00-04:00,67.16000366210938,67.19319915771484,67.16000366210938,67.19319915771484,1163,0.0,0.0,0.0
2024-04-02 11:30:00-04:00,67.18779754638672,67.18779754638672,67.18779754638672,67.18779754638672,1195,0.0,0.0,0.0
2024-04-02 12:30:00-04:00,67.16179656982422,67.16179656982422,67.12999725341797,67.12999725341797,1500,0.0,0.0,0.0
2024-04-02 13:30:00-04:00,67.14550018310547,67.14550018310547,67.07009887695312,67.1249008178711,5679,0.0,0.0,0.0
2024-04-02 14:30:00-04:00,67.05609893798828,67.05609893798828,67.01360321044922,67.01360321044922,2041,0.0,0.0,0.0
2024-04-02 15:30:00-04:00,67.03810119628906,67.03990173339844,66.97000122070312,66.97000122070312,3805,0.0,0.0,0.0
2024-04-03 09:30:00-04:00,66.61000061035156,66.69999694824219,66.5199966430664,66.62000274658203,10558,0.0,0.0,0.0
2024-04-03 10:30:00-04:00,66.58000183105469,66.77999877929688,66.58000183105469,66.77999877929688,1201,0.0,0.0,0.0
2024-04-03 11:30:00-04:00,66.89679718017578,66.89679718017578,66.72000122070312,66.83999633789062,32122,0.0,0.0,0.0
2024-04-03 12:30:00-04:00,66.8499984741211,66.93000030517578,66.79000091552734,66.93000030517578,4152,0.0,0.0,0.0
2024-04-03 13:30:00-04:00,66.94000244140625,66.97000122070312,66.91000366210938,66.94000244140625,6516,0.0,0.0,0.0
2024-04-03 14:30:00-04:00,66.94000244140625,66.9800033569336,66.8499984741211,66.8499984741211,2361,0.0,0.0,0.0
2024-04-03 15:30:00-04:00,66.8499984741211,66.93499755859375,66.79000091552734,66.80000305175781,6232,0.0,0.0,0.0
2024-04-04 09:30:00-04:00,67.33999633789062,67.3594970703125,67.16999816894531,67.16999816894531,5870,0.0,0.0,0.0
2024-04-04 10:30:00-04:00,67.125,67.18190002441406,67.0999984741211,67.18190002441406,1681,0.0,0.0,0.0
2024-04-04 11:30:00-04:00,67.18000030517578,67.18000030517578,67.18000030517578,67.18000030517578,784,0.0,0.0,0.0
2024-04-04 12:30:00-04:00,67.27999877929688,67.32540130615234,67.27999877929688,67.29949951171875,1073,0.0,0.0,0.0
2024-04-04 13:30:00-04:00,67.20999908447266,67.20999908447266,67.20999908447266,67.20999908447266,264,0.0,0.0,0.0
2024-04-04 14:30:00-04:00,67.01000213623047,67.04000091552734,66.9800033569336,66.9800033569336,2012,0.0,0.0,0.0
2024-04-04 15:30:00-04:00,66.5999984741211,66.66000366210938,66.56999969482422,66.62000274658203,1855,0.0,0.0,0.0
2024-04-05 09:30:00-04:00,66.26000213623047,66.44000244140625,66.02999877929688,66.05500030517578,10484,0.0,0.0,0.0
2024-04-05 10:30:00-04:00,66.08499908447266,66.13999938964844,66.02999877929688,66.12999725341797,3476,0.0,0.0,0.0
2024-04-05 11:30:00-04:00,66.08000183105469,66.25,66.08000183105469,66.25,5874,0.0,0.0,0.0
2024-04-05 12:30:00-04:00,66.25,66.31999969482422,66.2300033569336,66.26000213623047,2556,0.0,0.0,0.0
2024-04-05 13:30:00-04:00,66.26499938964844,66.28759765625,66.19999694824219,66.20999908447266,2997,0.0,0.0,0.0
2024-04-05 14:30:00-04:00,66.20999908447266,66.22000122070312,66.18000030517578,66.18000030517578,1570,0.0,0.0,0.0
2024-04-05 15:30:00-04:00,66.16999816894531,66.16999816894531,66.12999725341797,66.12999725341797,853,0.0,0.0,0.0
2024-04-08 09:30:00-04:00,66.3499984741211,66.6500015258789,66.3499984741211,66.48999786376953,9058,0.0,0.0,0.0
2024-04-08 10:30:00-04:00,66.48999786376953,66.48999786376953,66.48999786376953,66.48999786376953,3332,0.0,0.0,0.0
2024-04-08 11:30:00-04:00,66.44999694824219,66.45999908447266,66.37000274658203,66.37999725341797,1156,0.0,0.0,0.0
2024-04-08 12:30:00-04:00,66.30999755859375,66.30999755859375,66.30999755859375,66.30999755859375,279,0.0,0.0,0.0
2024-04-08 13:30:00-04:00,66.32499694824219,66.36000061035156,66.30000305175781,66.36000061035156,1173,0.0,0.0,0.0
2024-04-08 15:30:00-04:00,66.31999969482422,66.3729019165039,66.31999969482422,66.33999633789062,0,0.0,0.0,0.0
2024-04-09 09:30:00-04:00,66.88999938964844,66.93000030517578,66.79000091552734,66.79000091552734,3062,0.0,0.0,0.0
2024-04-09 10:30:00-04:00,66.69999694824219,66.78990173339844,66.69999694824219,66.7301025390625,1017,0.0,0.0,0.0
2024-04-09 11:30:00-04:00,66.76480102539062,66.82669830322266,66.76480102539062,66.82669830322266,680,0.0,0.0,0.0
2024-04-09 12:30:00-04:00,66.82099914550781,66.83999633789062,66.82099914550781,66.83999633789062,1192,0.0,0.0,0.0
2024-04-09 13:30:00-04:00,66.80159759521484,66.80500030517578,66.80159759521484,66.80500030517578,606,0.0,0.0,0.0
2024-04-09 14:30:00-04:00,66.82499694824219,66.89659881591797,66.82499694824219,66.86000061035156,1072,0.0,0.0,0.0
2024-04-09 15:30:00-04:00,66.88999938964844,66.91400146484375,66.88999938964844,66.91259765625,733,0.0,0.0,0.0
2024-04-10 09:30:00-04:00,66.51000213623047,66.7300033569336,66.27999877929688,66.43000030517578,45211,0.0,0.0,0.0
2024-04-10 10:30:00-04:00,66.44000244140625,66.5,66.26000213623047,66.29499816894531,11302,0.0,0.0,0.0
2024-04-10 11:30:00-04:00,66.30000305175781,66.30000305175781,66.20999908447266,66.25,5388,0.0,0.0,0.0
2024-04-10 12:30:00-04:00,66.2699966430664,66.30999755859375,66.20999908447266,66.30999755859375,1780,0.0,0.0,0.0
2024-04-10 13:30:00-04:00,66.2699966430664,66.31999969482422,66.23999786376953,66.31999969482422,2617,0.0,0.0,0.0
2024-04-10 14:30:00-04:00,66.25,66.33999633789062,66.20999908447266,66.33999633789062,4732,0.0,0.0,0.0
2024-04-10 15:30:00-04:00,66.38500213623047,66.38500213623047,66.3499984741211,66.3499984741211,0,0.0,0.0,0.0
2024-04-11 09:30:00-04:00,67.12000274658203,67.22000122070312,66.72010040283203,66.72010040283203,17276,0.0,0.0,0.0
2024-04-11 10:30:00-04:00,66.72100067138672,66.72360229492188,66.63999938964844,66.6449966430664,1085,0.0,0.0,0.0
2024-04-11 11:30:00-04:00,66.6500015258789,66.66999816894531,66.4800033569336,66.54000091552734,534821,0.0,0.0,0.0
2024-04-11 12:30:00-04:00,66.58000183105469,66.73500061035156,66.58000183105469,66.72000122070312,33668,0.0,0.0,0.0
2024-04-11 13:30:00-04:00,66.69000244140625,66.87000274658203,66.69000244140625,66.87000274658203,1246,0.0,0.0,0.0
2024-04-11 14:30:00-04:00,66.83999633789062,66.83999633789062,66.80000305175781,66.81999969482422,25130,0.0,0.0,0.0
2024-04-11 15:30:00-04:00,66.81999969482422,66.87000274658203,66.80000305175781,66.80000305175781,0,0.0,0.0,0.0
2024-04-12 09:30:00-04:00,65.87999725341797,65.87999725341797,65.44000244140625,65.48999786376953,16975,0.0,0.0,0.0
2024-04-12 10:30:00-04:00,65.3550033569336,65.38999938964844,65.27010345458984,65.30000305175781,3289,0.0,0.0,0.0
2024-04-12 11:30:00-04:00,65.31009674072266,65.4000015258789,65.29129791259766,65.29129791259766,1915,0.0,0.0,0.0
2024-04-12 12:30:00-04:00,65.26000213623047,65.26000213623047,65.13009643554688,65.20870208740234,4370,0.0,0.0,0.0
2024-04-12 13:30:00-04:00,65.11000061035156,65.1500015258789,65.05999755859375,65.13999938964844,18006,0.0,0.0,0.0
2024-04-12 14:30:00-04:00,65.12000274658203,65.12000274658203,64.95999908447266,64.95999908447266,5035,0.0,0.0,0.0
2024-04-12 15:30:00-04:00,64.9800033569336,65.0,64.9800033569336,65.0,1372,0.0,0.0,0.0
2024-04-15 09:30:00-04:00,65.87999725341797,66.0,65.5,65.56999969482422,0,0.0,0.0,0.0
2024-04-15 10:30:00-04:00,65.58999633789062,65.6500015258789,65.55000305175781,65.63999938964844,7890,0.0,0.0,0.0
2024-04-15 11:30:00-04:00,65.63999938964844,65.69999694824219,65.62999725341797,65.62999725341797,5593,0.0,0.0,0.0
2024-04-15 12:30:00-04:00,65.58999633789062,65.58999633789062,65.33000183105469,65.33000183105469,13494,0.0,0.0,0.0
2024-04-15 13:30:00-04:00,65.2699966430664,65.31999969482422,65.20999908447266,65.23999786376953,22296,0.0,0.0,0.0
2024-04-15 14:30:00-04:00,65.2300033569336,65.2699966430664,65.15499877929688,65.2300033569336,4309,0.0,0.0,0.0
2024-04-15 15:30:00-04:00,65.2300033569336,65.23999786376953,65.2300033569336,65.23999786376953,1215,0.0,0.0,0.0
2024-04-16 09:30:00-04:00,64.5999984741211,64.62999725341797,64.27999877929688,64.44999694824219,72722,0.0,0.0,0.0
2024-04-16 10:30:00-04:00,64.48999786376953,64.58499908447266,64.44999694824219,64.58499908447266,12462,0.0,0.0,0.0
2024-04-16 11:30:00-04:00,64.58000183105469,64.66000366210938,64.56400299072266,64.63999938964844,6076,0.0,0.0,0.0
2024-04-16 12:30:00-04:00,64.64099884033203,64.68370056152344,64.62000274658203,64.66000366210938,6940,0.0,0.0,0.0
2024-04-16 13:30:00-04:00,64.58000183105469,64.80000305175781,64.5,64.6500015258789,22461,0.0,0.0,0.0
2024-04-16 14:30:00-04:00,64.6050033569336,64.7300033569336,64.60040283203125,64.60040283203125,4787,0.0,0.0,0.0
2024-04-16 15:30:00-04:00,64.62999725341797,64.62999725341797,64.51000213623047,64.51000213623047,1253,0.0,0.0,0.0
2024-04-17 09:30:00-04:00,65.20999908447266,65.25,64.98509979248047,64.98999786376953,4562,0.0,0.0,0.0
2024-04-17 10:30:00-04:00,64.98999786376953,65.0250015258789,64.94000244140625,64.972900390625,3673,0.0,0.0,0.0
2024-04-17 11:30:00-04:00,64.91000366210938,64.93450164794922,64.8499984741211,64.8499984741211,2995,0.0,0.0,0.0
2024-04-17 12:30:00-04:00,64.87000274658203,64.97000122070312,64.83999633789062,64.94999694824219,12511,0.0,0.0,0.0
2024-04-17 13:30:00-04:00,65.01000213623047,65.05000305175781,65.01000213623047,65.04989624023438,2149,0.0,0.0,0.0
2024-04-17 14:30:00-04:00,64.97000122070312,65.05999755859375,64.93299865722656,64.93299865722656,18722,0.0,0.0,0.0
2024-04-17 15:30:00-04:00,64.91510009765625,64.91510009765625,64.86000061035156,64.86000061035156,1559,0.0,0.0,0.0
2024-04-18 09:30:00-04:00,65.3499984741211,65.72000122070312,65.3499984741211,65.5250015258789,0,0.0,0.0,0.0
2024-04-18 10:30:00-04:00,65.55000305175781,65.76110076904297,65.55000305175781,65.75849914550781,4026,0.0,0.0,0.0
2024-04-18 11:30:00-04:00,65.6050033569336,65.68900299072266,65.6050033569336,65.61000061035156,663,0.0,0.0,0.0
2024-04-18 12:30:00-04:00,65.54879760742188,65.56600189208984,65.41010284423828,65.41010284423828,3633,0.0,0.0,0.0
2024-04-18 13:30:00-04:00,65.49610137939453,65.5199966430664,65.45999908447266,65.49009704589844,15541,0.0,0.0,0.0
2024-04-18 14:30:00-04:00,65.47000122070312,65.5199966430664,65.44999694824219,65.5199966430664,5259,0.0,0.0,0.0
2024-04-18 15:30:00-04:00,65.5250015258789,65.52999877929688,65.4800033569336,65.5,2449,0.0,0.0,0.0
2024-04-19 09:30:00-04:00,65.33000183105469,65.36499786376953,65.19999694824219,65.26000213623047,9439,0.0,0.0,0.0
2024-04-19 10:30:00-04:00,65.27999877929688,65.36000061035156,65.22000122070312,65.36000061035156,4087,0.0,0.0,0.0
2024-04-19 11:30:00-04:00,65.27010345458984,65.31500244140625,65.21009826660156,65.23999786376953,1724,0.0,0.0,0.0
2024-04-19 12:30:00-04:00,65.0999984741211,65.23999786376953,65.0999984741211,65.23999786376953,1152,0.0,0.0,0.0
2024-04-19 13:30:00-04:00,65.28500366210938,65.28500366210938,65.25890350341797,65.27999877929688,1019,0.0,0.0,0.0
2024-04-19 14:30:00-04:00,65.2699966430664,65.2699966430664,65.26000213623047,65.26000213623047,598,0.0,0.0,0.0
2024-04-19 15:30:00-04:00,65.33450317382812,65.33450317382812,65.33000183105469,65.33000183105469,1262,0.0,0.0,0.0
2024-04-22 09:30:00-04:00,65.51000213623047,65.80000305175781,65.51000213623047,65.80000305175781,0,0.0,0.0,0.0
2024-04-22 10:30:00-04:00,65.9800033569336,65.9800033569336,65.87000274658203,65.87000274658203,940,0.0,0.0,0.0
2024-04-22 11:30:00-04:00,65.87010192871094,65.9000015258789,65.8499984741211,65.9000015258789,1028,0.0,0.0,0.0
2024-04-22 12:30:00-04:00,66.06999969482422,66.16999816894531,66.06999969482422,66.16809844970703,1169,0.0,0.0,0.0
2024-04-22 13:30:00-04:00,66.2699966430664,66.2699966430664,66.25,66.25,577,0.0,0.0,0.0
2024-04-22 14:30:00-04:00,66.31500244140625,66.36000061035156,66.2699966430664,66.36000061035156,5172,0.0,0.0,0.0
2024-04-22 15:30:00-04:00,66.3550033569336,66.3550033569336,66.30000305175781,66.30000305175781,0,0.0,0.0,0.0
2024-04-23 09:30:00-04:00,66.43000030517578,66.8499984741211,66.43000030517578,66.77999877929688,5780,0.0,0.0,0.0
2024-04-23 10:30:00-04:00,66.81999969482422,66.81999969482422,66.66999816894531,66.66999816894531,940,0.0,0.0,0.0
2024-04-23 11:30:00-04:00,66.83499908447266,66.83499908447266,66.83499908447266,66.83499908447266,229,0.0,0.0,0.0
2024-04-23 12:30:00-04:00,66.8550033569336,66.94300079345703,66.8550033569336,66.94300079345703,1511,0.0,0.0,0.0
2024-04-23 13:30:00-04:00,66.91500091552734,66.91500091552734,66.89009857177734,66.89009857177734,1072,0.0,0.0,0.0
2024-04-23 14:30:00-04:00,66.86070251464844,66.88999938964844,66.80999755859375,66.8499984741211,3178,0.0,0.0,0.0
2024-04-23 15:30:00-04:00,66.8499984741211,66.94999694824219,66.8499984741211,66.94999694824219,2086,0.0,0.0,0.0
2024-04-24 09:30:00-04:00,67.80999755859375,67.83999633789062,67.63999938964844,67.77999877929688,12046,0.0,0.0,0.0
2024-04-24 10:30:00-04:00,67.70999908447266,67.79000091552734,67.5625991821289,67.58999633789062,12091,0.0,0.0,0.0
2024-04-24 11:30:00-04:00,67.58999633789062,67.61000061035156,67.55000305175781,67.55000305175781,1228,0.0,0.0,0.0
2024-04-24 12:30:00-04:00,67.55609893798828,67.58000183105469,67.55609893798828,67.58000183105469,492,0.0,0.0,0.0
2024-04-24 13:30:00-04:00,67.62000274658203,67.66719818115234,67.58999633789062,67.66000366210938,6817,0.0,0.0,0.0
2024-04-24 14:30:00-04:00,67.66999816894531,67.78209686279297,67.66999816894531,67.78209686279297,2548,0.0,0.0,0.0
2024-04-24 15:30:00-04:00,67.7699966430664,67.77999877929688,67.75,67.7699966430664,1166,0.0,0.0,0.0
2024-04-25 09:30:00-04:00,67.63999938964844,67.76640319824219,67.5,67.76640319824219,11599,0.0,0.0,0.0
2024-04-25 10:30:00-04:00,67.83999633789062,67.83999633789062,67.73500061035156,67.79000091552734,1035,0.0,0.0,0.0
2024-04-25 11:30:00-04:00,67.95469665527344,67.95469665527344,67.85009765625,67.93000030517578,1189,0.0,0.0,0.0
2024-04-25 12:30:00-04:00,67.97730255126953,67.98999786376953,67.97000122070312,67.97000122070312,1185,0.0,0.0,0.0
2024-04-25 13:30:00-04:00,68.04000091552734,68.0999984741211,68.04000091552734,68.09989929199219,1432,0.0,0.0,0.0
2024-04-25 14:30:00-04:00,68.05999755859375,68.0999984741211,68.05999755859375,68.0999984741211,888,0.0,0.0,0.0
2024-04-25 15:30:00-04:00,68.14600372314453,68.19999694824219,68.14600372314453,68.16339874267578,0,0.0,0.0,0.0
2024-04-26 09:30:00-04:00,69.47000122070312,69.72989654541016,69.37999725341797,69.4000015258789,4952,0.0,0.0,0.0
2024-04-26 10:30:00-04:00,69.33409881591797,69.36000061035156,69.25,69.25,1888,0.0,0.0,0.0
2024-04-26 11:30:00-04:00,69.2699966430664,69.33039855957031,69.25,69.30000305175781,4054,0.0,0.0,0.0
2024-04-26 12:30:00-04:00,69.30999755859375,69.33999633789062,69.27010345458984,69.30400085449219,7518,0.0,0.0,0.0
2024-04-26 13:30:00-04:00,69.4000015258789,69.4000015258789,69.3499984741211,69.3499984741211,583,0.0,0.0,0.0
2024-04-26 14:30:00-04:00,69.3499984741211,69.4635009765625,69.3499984741211,69.44000244140625,859,0.0,0.0,0.0
2024-04-26 15:30:00-04:00,69.4800033569336,69.51000213623047,69.4800033569336,69.4800033569336,1731,0.0,0.0,0.0
2024-04-29 09:30:00-04:00,69.88999938964844,70.02999877929688,69.76000213623047,69.83000183105469,0,0.0,0.0,0.0
2024-04-29 10:30:00-04:00,69.88590240478516,69.9800033569336,69.88590240478516,69.9800033569336,3577,0.0,0.0,0.0
2024-04-29 11:30:00-04:00,69.98500061035156,70.0999984741211,69.9800033569336,70.0999984741211,3572,0.0,0.0,0.0
2024-04-29 12:30:00-04:00,70.16000366210938,70.16000366210938,70.08000183105469,70.11000061035156,2126,0.0,0.0,0.0
2024-04-29 13:30:00-04:00,70.12030029296875,70.16000366210938,70.12000274658203,70.12090301513672,1559,0.0,0.0,0.0
2024-04-29 14:30:00-04:00,70.08000183105469,70.16480255126953,70.06009674072266,70.16480255126953,1827,0.0,0.0,0.0
2024-04-29 15:30:00-04:00,70.12999725341797,70.19000244140625,70.0999984741211,70.16999816894531,0,0.0,0.0,0.0
2024-04-30 09:30:00-04:00,69.31999969482422,69.52999877929688,69.30500030517578,69.41000366210938,7470,0.0,0.0,0.0
2024-04-30 10:30:00-04:00,69.47509765625,69.47509765625,69.46499633789062,69.46499633789062,876,0.0,0.0,0.0
2024-04-30 11:30:00-04:00,69.30000305175781,69.30000305175781,69.13999938964844,69.19999694824219,1164,0.0,0.0,0.0
2024-04-30 12:30:00-04:00,69.0999984741211,69.10990142822266,69.02999877929688,69.05999755859375,27275,0.0,0.0,0.0
2024-04-30 13:30:00-04:00,69.05999755859375,69.08000183105469,68.98999786376953,68.98999786376953,21710,0.0,0.0,0.0
2024-04-30 14:30:00-04:00,69.0199966430664,69.0250015258789,68.9000015258789,68.97000122070312,8589,0.0,0.0,0.0
2024-04-30 15:30:00-04:00,68.94999694824219,68.9749984741211,68.88999938964844,68.88999938964844,0,0.0,0.0,0.0
2024-05-01 09:30:00-04:00,68.91999816894531,69.30999755859375,68.9000015258789,69.1415023803711,3735,0.0,0.0,0.0
2024-05-01 10:30:00-04:00,69.29000091552734,69.45999908447266,69.29000091552734,69.38500213623047,937,0.0,0.0,0.0
2024-05-01 11:30:00-04:00,69.43000030517578,69.44999694824219,69.41999816894531,69.44999694824219,621,0.0,0.0,0.0
2024-05-01 12:30:00-04:00,69.3646011352539,69.4094009399414,69.2699966430664,69.30500030517578,1043,0.0,0.0,0.0
2024-05-01 13:30:00-04:00,69.34950256347656,69.49009704589844,69.33000183105469,69.49009704589844,2175,0.0,0.0,0.0
2024-05-01 14:30:00-04:00,69.44999694824219,69.77999877929688,69.37999725341797,69.62999725341797,2564,0.0,0.0,0.0
2024-05-01 15:30:00-04:00,69.5199966430664,69.5199966430664,69.20999908447266,69.20999908447266,0,0.0,0.0,0.0
2024-05-02 09:30:00-04:00,70.95999908447266,71.25499725341797,70.80999755859375,71.0000991821289,9466,0.0,0.0,0.0
2024-05-02 10:30:00-04:00,71.37010192871094,71.75,71.37010192871094,71.68000030517578,4031,0.0,0.0,0.0
2024-05-02 11:30:00-04:00,71.83999633789062,72.12000274658203,71.83999633789062,72.12000274658203,1481,0.0,0.0,0.0
2024-05-02 12:30:00-04:00,72.18000030517578,72.53379821777344,72.18000030517578,72.53379821777344,1670,0.0,0.0,0.0
2024-05-02 13:30:00-04:00,72.55000305175781,72.97000122070312,72.55000305175781,72.73999786376953,66613,0.0,0.0,0.0
2024-05-02 14:30:00-04:00,72.70999908447266,72.91000366210938,72.69000244140625,72.69999694824219,211202,0.0,0.0,0.0
2024-05-02 15:30:00-04:00,72.69999694824219,72.86000061035156,72.68000030517578,72.80000305175781,208347,0.0,0.0,0.0
2024-05-03 09:30:00-04:00,72.83999633789062,72.88999938964844,72.62999725341797,72.62999725341797,6216,0.0,0.0,0.0
2024-05-03 10:30:00-04:00,72.69100189208984,72.79000091552734,72.69100189208984,72.79000091552734,465,0.0,0.0,0.0
2024-05-03 11:30:00-04:00,72.8031005859375,72.83000183105469,72.68499755859375,72.68499755859375,630,0.0,0.0,0.0
2024-05-03 12:30:00-04:00,72.75980377197266,72.80999755859375,72.75980377197266,72.80999755859375,1198,0.0,0.0,0.0
2024-05-03 13:30:00-04:00,72.83000183105469,72.99649810791016,72.83000183105469,72.99649810791016,2502,0.0,0.0,0.0
2024-05-03 14:30:00-04:00,73.0,73.06999969482422,73.0,73.06999969482422,1122,0.0,0.0,0.0
2024-05-03 15:30:00-04:00,73.08999633789062,73.13999938964844,73.08999633789062,73.13999938964844,1161,0.0,0.0,0.0
2024-05-06 09:30:00-04:00,73.30999755859375,73.52580261230469,73.0,73.12999725341797,10210,0.0,0.0,0.0
2024-05-06 10:30:00-04:00,73.12010192871094,73.18579864501953,73.0739974975586,73.08000183105469,2271,0.0,0.0,0.0
2024-05-06 11:30:00-04:00,73.16000366210938,73.16000366210938,73.05010223388672,73.12000274658203,1661,0.0,0.0,0.0
2024-05-06 12:30:00-04:00,73.12999725341797,73.12999725341797,73.05999755859375,73.06500244140625,970,0.0,0.0,0.0
2024-05-06 13:30:00-04:00,73.12999725341797,73.19499969482422,73.12999725341797,73.16999816894531,1005,0.0,0.0,0.0
2024-05-06 14:30:00-04:00,73.06999969482422,73.08999633789062,73.05999755859375,73.05999755859375,875,0.0,0.0,0.0
2024-05-06 15:30:00-04:00,73.05000305175781,73.08999633789062,73.01000213623047,73.08999633789062,5614,0.0,0.0,0.0
2024-05-07 09:30:00-04:00,72.55999755859375,72.55999755859375,72.43000030517578,72.4800033569336,2172,0.0,0.0,0.0
2024-05-07 10:30:00-04:00,72.45850372314453,72.62000274658203,72.42510223388672,72.5542984008789,1733,0.0,0.0,0.0
2024-05-07 11:30:00-04:00,72.55509948730469,72.61000061035156,72.54010009765625,72.56500244140625,3489,0.0,0.0,0.0
2024-05-07 12:30:00-04:00,72.55000305175781,72.55000305175781,72.5,72.54000091552734,2169,0.0,0.0,0.0
2024-05-07 13:30:00-04:00,72.5999984741211,72.5999984741211,72.40509796142578,72.40509796142578,1171,0.0,0.0,0.0
2024-05-07 14:30:00-04:00,72.43499755859375,72.43499755859375,72.41999816894531,72.41999816894531,388,0.0,0.0,0.0
2024-05-07 15:30:00-04:00,72.46009826660156,72.56999969482422,72.46009826660156,72.56999969482422,844,0.0,0.0,0.0
2024-05-08 09:30:00-04:00,71.46939849853516,71.9000015258789,71.46939849853516,71.86000061035156,2037,0.0,0.0,0.0
2024-05-08 10:30:00-04:00,71.92990112304688,71.92990112304688,71.79000091552734,71.79000091552734,3118,0.0,0.0,0.0
2024-05-08 11:30:00-04:00,71.83999633789062,71.83999633789062,71.77999877929688,71.80999755859375,906,0.0,0.0,0.0
2024-05-08 12:30:00-04:00,71.81999969482422,71.8499984741211,71.743896484375,71.743896484375,1297,0.0,0.0,0.0
2024-05-08 13:30:00-04:00,71.83999633789062,71.83999633789062,71.83999633789062,71.83999633789062,1720,0.0,0.0,0.0
2024-05-08 14:30:00-04:00,71.893798828125,71.91999816894531,71.79000091552734,71.91999816894531,204110,0.0,0.0,0.0
2024-05-08 15:30:00-04:00,71.9800033569336,71.9800033569336,71.9800033569336,71.9800033569336,1572,0.0,0.0,0.0
2024-05-09 09:30:00-04:00,73.38999938964844,73.38999938964844,73.05999755859375,73.12000274658203,19582,0.0,0.0,0.0
2024-05-09 10:30:00-04:00,73.28150177001953,73.33309936523438,73.27999877929688,73.33309936523438,673,0.0,0.0,0.0
2024-05-09 11:30:00-04:00,73.44000244140625,73.44000244140625,73.39929962158203,73.39929962158203,1569,0.0,0.0,0.0
2024-05-09 12:30:00-04:00,73.36000061035156,73.37000274658203,73.36000061035156,73.37000274658203,3468,0.0,0.0,0.0
2024-05-09 13:30:00-04:00,73.38500213623047,73.38500213623047,73.37000274658203,73.37000274658203,298,0.0,0.0,0.0
2024-05-09 14:30:00-04:00,73.36499786376953,73.40350341796875,73.3499984741211,73.4000015258789,4870,0.0,0.0,0.0
2024-05-09 15:30:00-04:00,73.37000274658203,73.44000244140625,73.37000274658203,73.44000244140625,0,0.0,0.0,0.0
2024-05-10 09:30:00-04:00,74.26000213623047,74.26000213623047,73.87000274658203,73.91000366210938,7822,0.0,0.0,0.0
2024-05-10 10:30:00-04:00,73.91020202636719,73.91020202636719,73.73999786376953,73.76000213623047,1716,0.0,0.0,0.0
2024-05-10 11:30:00-04:00,73.73989868164062,73.73989868164062,73.66000366210938,73.72200012207031,2955,0.0,0.0,0.0
2024-05-10 12:30:00-04:00,73.76300048828125,73.76300048828125,73.63009643554688,73.63999938964844,1847,0.0,0.0,0.0
2024-05-10 13:30:00-04:00,73.66999816894531,73.70999908447266,73.62010192871094,73.62010192871094,4403,0.0,0.0,0.0
2024-05-10 14:30:00-04:00,73.61000061035156,73.66000366210938,73.61000061035156,73.63999938964844,2163,0.0,0.0,0.0
2024-05-13 09:30:00-04:00,74.73999786376953,75.23999786376953,74.73999786376953,75.0999984741211,19545,0.0,0.0,0.0
2024-05-13 10:30:00-04:00,75.19000244140625,75.19999694824219,75.08499908447266,75.122802734375,3174,0.0,0.0,0.0
2024-05-13 11:30:00-04:00,75.11000061035156,75.1500015258789,75.05999755859375,75.05999755859375,2634,0.0,0.0,0.0
2024-05-13 12:30:00-04:00,74.95999908447266,74.95999908447266,74.94000244140625,74.94000244140625,331,0.0,0.0,0.0
2024-05-13 13:30:00-04:00,74.98999786376953,75.0,74.96009826660156,74.98999786376953,2214,0.0,0.0,0.0
2024-05-13 14:30:00-04:00,74.97000122070312,74.98999786376953,74.94999694824219,74.95999908447266,2289,0.0,0.0,0.0
2024-05-13 15:30:00-04:00,74.99800109863281,75.07499694824219,74.96009826660156,75.05999755859375,3663,0.0,0.0,0.0
2024-05-14 09:30:00-04:00,74.5,74.91999816894531,74.5,74.61000061035156,16343,0.0,0.0,0.0
2024-05-14 10:30:00-04:00,74.62000274658203,74.83999633789062,74.62000274658203,74.80500030517578,5709,0.0,0.0,0.0
2024-05-14 11:30:00-04:00,74.83000183105469,74.83000183105469,74.75,74.79000091552734,2708,0.0,0.0,0.0
2024-05-14 12:30:00-04:00,74.80000305175781,74.80999755859375,74.72000122070312,74.7300033569336,2349,0.0,0.0,0.0
2024-05-14 13:30:00-04:00,74.80000305175781,74.80000305175781,74.6968002319336,74.6968002319336,2741,0.0,0.0,0.0
2024-05-14 14:30:00-04:00,74.74009704589844,74.7886962890625,74.7239990234375,74.7239990234375,4556,0.0,0.0,0.0
2024-05-14 15:30:00-04:00,74.72669982910156,74.80000305175781,74.68499755859375,74.76000213623047,2053,0.0,0.0,0.0
2024-05-15 09:30:00-04:00,75.23999786376953,75.23999786376953,74.57499694824219,74.71499633789062,5425,0.0,0.0,0.0
2024-05-15 10:30:00-04:00,74.76000213623047,75.13999938964844,74.76000213623047,75.13999938964844,3057,0.0,0.0,0.0
2024-05-15 11:30:00-04:00,75.16999816894531,75.16999816894531,74.97000122070312,74.97000122070312,650,0.0,0.0,0.0
2024-05-15 12:30:00-04:00,75.09639739990234,75.13999938964844,75.05999755859375,75.06999969482422,1564,0.0,0.0,0.0
2024-05-15 13:30:00-04:00,75.08000183105469,75.1500015258789,75.08000183105469,75.12000274658203,3250,0.0,0.0,0.0
2024-05-15 14:30:00-04:00,75.11000061035156,75.1500015258789,75.08000183105469,75.11289978027344,1716,0.0,0.0,0.0
2024-05-15 15:30:00-04:00,75.13999938964844,75.23999786376953,75.13999938964844,75.2300033569336,3878,0.0,0.0,0.0
2024-05-16 09:30:00-04:00,75.6500015258789,76.11650085449219,75.33999633789062,76.11650085449219,3841,0.0,0.0,0.0
2024-05-16 10:30:00-04:00,76.05000305175781,76.26789855957031,76.05000305175781,76.25,1333,0.0,0.0,0.0
2024-05-16 11:30:00-04:00,76.03810119628906,76.16940307617188,76.01529693603516,76.16940307617188,1151,0.0,0.0,0.0
2024-05-16 12:30:00-04:00,76.13500213623047,76.13500213623047,76.13500213623047,76.13500213623047,648,0.0,0.0,0.0
2024-05-16 13:30:00-04:00,76.20999908447266,76.25,76.20999908447266,76.25,859,0.0,0.0,0.0
2024-05-16 14:30:00-04:00,76.27999877929688,76.43000030517578,76.27870178222656,76.4000015258789,5035,0.0,0.0,0.0
2024-05-16 15:30:00-04:00,76.39830017089844,76.4000015258789,76.38999938964844,76.38999938964844,820,0.0,0.0,0.0
2024-05-17 09:30:00-04:00,76.69000244140625,77.08000183105469,76.44999694824219,77.08000183105469,7779,0.0,0.0,0.0
2024-05-17 10:30:00-04:00,77.11000061035156,77.33000183105469,77.11000061035156,77.13140106201172,3674,0.0,0.0,0.0
2024-05-17 11:30:00-04:00,77.26000213623047,77.26000213623047,77.01010131835938,77.01010131835938,1401,0.0,0.0,0.0
2024-05-17 12:30:00-04:00,77.06999969482422,77.08499908447266,77.06999969482422,77.08000183105469,593,0.0,0.0,0.0
2024-05-17 13:30:00-04:00,77.11000061035156,77.12000274658203,76.94989776611328,76.94989776611328,3379,0.0,0.0,0.0
2024-05-17 14:30:00-04:00,76.9800033569336,77.01000213623047,76.97000122070312,76.97000122070312,8919,0.0,0.0,0.0
2024-05-17 15:30:00-04:00,76.87000274658203,77.0,76.87000274658203,77.0,1901,0.0,0.0,0.0
2024-05-20 09:30:00-04:00,76.41000366210938,76.59549713134766,76.36000061035156,76.5718994140625,4585,0.0,0.0,0.0
2024-05-20 10:30:00-04:00,76.55999755859375,76.59500122070312,76.36019897460938,76.42289733886719,1444,0.0,0.0,0.0
2024-05-20 11:30:00-04:00,76.49449920654297,76.49449920654297,76.26029968261719,76.31629943847656,2337,0.0,0.0,0.0
2024-05-20 12:30:00-04:00,76.37000274658203,76.44999694824219,76.37000274658203,76.41000366210938,6662,0.0,0.0,0.0
2024-05-20 13:30:00-04:00,76.4000015258789,76.44000244140625,76.22489929199219,76.22489929199219,3435,0.0,0.0,0.0
2024-05-20 14:30:00-04:00,76.3499984741211,76.36000061035156,76.33999633789062,76.34190368652344,829,0.0,0.0,0.0
2024-05-20 15:30:00-04:00,76.33499908447266,76.41999816894531,76.30439758300781,76.41000366210938,3993,0.0,0.0,0.0
2024-05-21 09:30:00-04:00,75.26000213623047,75.47000122070312,75.04000091552734,75.39469909667969,2548,0.0,0.0,0.0
2024-05-21 10:30:00-04:00,75.3644027709961,75.38159942626953,75.30000305175781,75.33499908447266,8566,0.0,0.0,0.0
2024-05-21 11:30:00-04:00,75.27999877929688,75.30999755859375,75.20600128173828,75.20600128173828,1565,0.0,0.0,0.0
2024-05-21 12:30:00-04:00,75.21499633789062,75.21499633789062,75.11000061035156,75.11000061035156,1219,0.0,0.0,0.0
2024-05-21 13:30:00-04:00,75.1500015258789,75.18000030517578,75.1500015258789,75.18000030517578,267,0.0,0.0,0.0
2024-05-21 15:30:00-04:00,75.2699966430664,75.2699966430664,75.19000244140625,75.2300033569336,740,0.0,0.0,0.0
2024-05-22 09:30:00-04:00,75.30000305175781,75.39099884033203,75.0,75.04000091552734,16025,0.0,0.0,0.0
2024-05-22 10:30:00-04:00,74.98999786376953,75.0199966430664,74.8499984741211,74.8499984741211,3449,0.0,0.0,0.0
2024-05-22 12:30:00-04:00,74.98989868164062,74.98989868164062,74.86000061035156,74.93000030517578,2488,0.0,0.0,0.0
2024-05-22 13:30:00-04:00,74.8499984741211,74.8499984741211,74.68000030517578,74.68000030517578,5849,0.0,0.0,0.0
2024-05-22 14:30:00-04:00,74.68000030517578,74.76000213623047,74.66999816894531,74.73999786376953,5164,0.0,0.0,0.0
2024-05-22 15:30:00-04:00,74.79000091552734,74.79000091552734,74.69000244140625,74.69000244140625,2883,0.0,0.0,0.0
2024-05-23 09:30:00-04:00,74.27999877929688,74.41000366210938,73.91999816894531,73.94999694824219,7024,0.0,0.0,0.0
2024-05-23 10:30:00-04:00,73.69999694824219,73.72000122070312,73.6500015258789,73.70500183105469,8048,0.0,0.0,0.0
2024-05-23 11:30:00-04:00,73.71499633789062,73.76000213623047,73.67990112304688,73.75,7250,0.0,0.0,0.0
2024-05-23 12:30:00-04:00,73.72100067138672,73.75499725341797,73.51000213623047,73.51000213623047,9142,0.0,0.0,0.0
2024-05-23 13:30:00-04:00,73.36000061035156,73.36000061035156,73.25,73.2750015258789,6573,0.0,0.0,0.0
2024-05-23 14:30:00-04:00,73.30010223388672,73.30999755859375,73.25,73.30999755859375,849,0.0,0.0,0.0
2024-05-23 15:30:00-04:00,73.3499984741211,73.38999938964844,73.3499984741211,73.38999938964844,581,0.0,0.0,0.0
2024-05-24 09:30:00-04:00,73.40499877929688,73.4749984741211,73.25,73.32569885253906,9161,0.0,0.0,0.0
2024-05-24 10:30:00-04:00,73.2300033569336,73.2300033569336,73.11499786376953,73.19999694824219,2531,0.0,0.0,0.0
2024-05-24 11:30:00-04:00,73.20999908447266,73.44000244140625,73.0634994506836,73.44000244140625,2043,0.0,0.0,0.0
2024-05-24 12:30:00-04:00,73.48999786376953,73.48999786376953,73.48509979248047,73.48509979248047,906,0.0,0.0,0.0
2024-05-24 14:30:00-04:00,73.36000061035156,73.36000061035156,73.21009826660156,73.21009826660156,1105,0.0,0.0,0.0
2024-05-24 15:30:00-04:00,73.26499938964844,73.31999969482422,73.23999786376953,73.31999969482422,718,0.0,0.0,0.0
2024-05-28 09:30:00-04:00,73.62000274658203,73.62999725341797,73.30000305175781,73.30000305175781,4227,0.0,0.0,0.0
2024-05-28 10:30:00-04:00,73.19999694824219,73.34919738769531,73.19999694824219,73.33999633789062,3449,0.0,0.0,0.0
2024-05-28 12:30:00-04:00,73.43000030517578,73.43000030517578,73.3551025390625,73.3551025390625,300,0.0,0.0,0.0
2024-05-28 13:30:00-04:00,73.2500991821289,73.2699966430664,73.2500991821289,73.2699966430664,973,0.0,0.0,0.0
2024-05-28 14:30:00-04:00,73.23079681396484,73.23999786376953,73.23079681396484,73.23999786376953,544,0.0,0.0,0.0
2024-05-28 15:30:00-04:00,73.27999877929688,73.30000305175781,73.24009704589844,73.29499816894531,0,0.0,0.0,0.0
2024-05-29 09:30:00-04:00,72.47000122070312,72.55999755859375,72.3499984741211,72.50189971923828,4610,0.0,0.0,0.0
2024-05-29 10:30:00-04:00,72.51000213623047,72.51000213623047,72.466796875,72.4999008178711,1804,0.0,0.0,0.0
2024-05-29 11:30:00-04:00,72.55000305175781,72.55999755859375,72.493896484375,72.493896484375,2487,0.0,0.0,0.0
2024-05-29 12:30:00-04:00,72.63999938964844,72.69000244140625,72.57039642333984,72.69000244140625,3480,0.0,0.0,0.0
2024-05-29 13:30:00-04:00,72.69000244140625,72.79000091552734,72.62000274658203,72.70999908447266,54441,0.0,0.0,0.0
2024-05-29 14:30:00-04:00,72.69000244140625,72.69999694824219,72.58000183105469,72.69999694824219,39516,0.0,0.0,0.0
2024-05-29 15:30:00-04:00,72.69999694824219,72.875,72.6500015258789,72.7300033569336,42749,0.0,0.0,0.0
2024-05-30 09:30:00-04:00,72.2699966430664,72.5999984741211,72.2699966430664,72.5999984741211,0,0.0,0.0,0.0
2024-05-30 10:30:00-04:00,72.70500183105469,72.70500183105469,72.70500183105469,72.70500183105469,332,0.0,0.0,0.0
2024-05-30 11:30:00-04:00,72.78500366210938,72.78500366210938,72.72000122070312,72.72000122070312,703,0.0,0.0,0.0
2024-05-30 12:30:00-04:00,72.81629943847656,72.88999938964844,72.81629943847656,72.88999938964844,2791,0.0,0.0,0.0
2024-05-30 13:30:00-04:00,72.94999694824219,73.0199966430664,72.87000274658203,72.87000274658203,2706,0.0,0.0,0.0
2024-05-30 14:30:00-04:00,72.8499984741211,72.9000015258789,72.83999633789062,72.87000274658203,1258,0.0,0.0,0.0
2024-05-30 15:30:00-04:00,72.83999633789062,72.91000366210938,72.7699966430664,72.91000366210938,0,0.0,0.0,0.0
2024-05-31 09:30:00-04:00,71.5999984741211,71.77999877929688,71.29000091552734,71.5999984741211,7686,0.0,0.0,0.0
2024-05-31 10:30:00-04:00,71.38999938964844,71.44000244140625,71.38999938964844,71.44000244140625,778,0.0,0.0,0.0
2024-05-31 11:30:00-04:00,71.33999633789062,71.4000015258789,71.33999633789062,71.36000061035156,2267,0.0,0.0,0.0
2024-05-31 12:30:00-04:00,71.53350067138672,71.61000061035156,71.48030090332031,71.5999984741211,1532,0.0,0.0,0.0
2024-05-31 13:30:00-04:00,71.58999633789062,71.58999633789062,71.58999633789062,71.58999633789062,1258,0.0,0.0,0.0
2024-05-31 14:30:00-04:00,71.63999938964844,71.63999938964844,71.61000061035156,71.62000274658203,808,0.0,0.0,0.0
2024-05-31 15:30:00-04:00,71.66510009765625,71.83000183105469,71.66510009765625,71.7699966430664,4979,0.0,0.0,0.0
2024-06-03 09:30:00-04:00,72.2300033569336,72.29000091552734,71.87000274658203,71.87999725341797,34354,0.0,0.0,0.0
2024-06-03 10:30:00-04:00,71.73999786376953,71.87000274658203,71.6509017944336,71.6509017944336,2898,0.0,0.0,0.0
2024-06-03 11:30:00-04:00,71.72000122070312,71.84049987792969,71.72000122070312,71.7300033569336,6951,0.0,0.0,0.0
2024-06-03 12:30:00-04:00,71.6511001586914,71.6511001586914,71.55999755859375,71.5999984741211,1726,0.0,0.0,0.0
2024-06-03 15:30:00-04:00,71.80000305175781,71.9000015258789,71.80000305175781,71.9000015258789,1381,0.0,0.0,0.0
2024-06-04 09:30:00-04:00,72.55000305175781,72.94999694824219,72.55000305175781,72.56500244140625,2854,0.0,0.0,0.0
2024-06-04 10:30:00-04:00,72.5239028930664,72.5239028930664,72.32479858398438,72.3499984741211,975,0.0,0.0,0.0
2024-06-04 12:30:00-04:00,72.25,72.29170227050781,72.25,72.29170227050781,590,0.0,0.0,0.0
2024-06-04 13:30:00-04:00,72.3550033569336,72.42369842529297,72.33570098876953,72.36000061035156,4958,0.0,0.0,0.0
2024-06-04 14:30:00-04:00,72.45999908447266,72.48999786376953,72.393798828125,72.393798828125,692,0.0,0.0,0.0
2024-06-04 15:30:00-04:00,72.41000366210938,72.45999908447266,72.41000366210938,72.45999908447266,2387,0.0,0.0,0.0
2024-06-05 09:30:00-04:00,72.47000122070312,72.47000122070312,72.43000030517578,72.43000030517578,1057,0.0,0.0,0.0
2024-06-05 10:30:00-04:00,72.37999725341797,72.41999816894531,72.37999725341797,72.41999816894531,748,0.0,0.0,0.0
2024-06-05 12:30:00-04:00,72.50640106201172,72.50640106201172,72.41649627685547,72.41999816894531,1070,0.0,0.0,0.0
2024-06-05 13:30:00-04:00,72.40769958496094,72.4800033569336,72.40769958496094,72.45999908447266,6409,0.0,0.0,0.0
2024-06-05 15:30:00-04:00,72.55000305175781,72.55000305175781,72.55000305175781,72.55000305175781,0,0.0,0.0,0.0
2024-06-06 09:30:00-04:00,72.41999816894531,72.44999694824219,72.30500030517578,72.30500030517578,4708,0.0,0.0,0.0
2024-06-06 10:30:00-04:00,72.19999694824219,72.3550033569336,72.19999694824219,72.3550033569336,493,0.0,0.0,0.0
2024-06-06 11:30:00-04:00,72.5199966430664,72.5199966430664,72.5199966430664,72.5199966430664,830,0.0,0.0,0.0
2024-06-06 12:30:00-04:00,72.4468002319336,72.4468002319336,72.4468002319336,72.4468002319336,588,0.0,0.0,0.0
2024-06-06 13:30:00-04:00,72.52999877929688,72.52999877929688,72.46299743652344,72.4800033569336,962,0.0,0.0,0.0
2024-06-06 14:30:00-04:00,72.58999633789062,72.66999816894531,72.58999633789062,72.66000366210938,21258,0.0,0.0,0.0
2024-06-06 15:30:00-04:00,72.62999725341797,72.62999725341797,72.58000183105469,72.58000183105469,0,0.0,0.0,0.0
2024-06-07 09:30:00-04:00,71.80000305175781,71.87999725341797,71.73999786376953,71.83000183105469,5361,0.0,0.0,0.0
2024-06-07 10:30:00-04:00,71.77999877929688,71.79000091552734,71.67500305175781,71.67500305175781,11121,0.0,0.0,0.0
2024-06-07 12:30:00-04:00,71.40850067138672,71.4749984741211,71.40850067138672,71.44280242919922,3035,0.0,0.0,0.0
2024-06-07 13:30:00-04:00,71.36000061035156,71.36000061035156,71.31670379638672,71.31670379638672,528,0.0,0.0,0.0
2024-06-07 14:30:00-04:00,71.28399658203125,71.33499908447266,71.28399658203125,71.29080200195312,5265,0.0,0.0,0.0
2024-06-07 15:30:00-04:00,71.30999755859375,71.30999755859375,71.30999755859375,71.30999755859375,312,0.0,0.0,0.0
2024-06-10 09:30:00-04:00,71.4000015258789,71.63999938964844,71.4000015258789,71.63400268554688,2904,0.0,0.0,0.0
2024-06-10 10:30:00-04:00,71.5999984741211,71.5999984741211,71.597900390625,71.597900390625,736,0.0,0.0,0.0
2024-06-10 13:30:00-04:00,71.7699966430664,71.87999725341797,71.7699966430664,71.87999725341797,737,0.0,0.0,0.0
2024-06-10 14:30:00-04:00,71.80249786376953,71.8499984741211,71.80249786376953,71.8499984741211,532,0.0,0.0,0.0
2024-06-10 15:30:00-04:00,71.82669830322266,71.82669830322266,71.76000213623047,71.76000213623047,1211,0.0,0.0,0.0
2024-06-11 09:30:00-04:00,71.37000274658203,71.37000274658203,71.16000366210938,71.16000366210938,4668,0.0,0.0,0.0
2024-06-11 10:30:00-04:00,71.1500015258789,71.2300033569336,71.07630157470703,71.07630157470703,766,0.0,0.0,0.0
2024-06-11 11:30:00-04:00,71.04010009765625,71.04010009765625,70.86000061035156,70.91999816894531,1518,0.0,0.0,0.0
2024-06-11 12:30:00-04:00,70.91999816894531,71.04000091552734,70.91999816894531,70.94000244140625,6042,0.0,0.0,0.0
2024-06-11 14:30:00-04:00,71.05819702148438,71.08000183105469,71.02999877929688,71.02999877929688,4485,0.0,0.0,0.0
2024-06-11 15:30:00-04:00,71.02999877929688,71.12999725341797,70.99009704589844,71.12999725341797,0,0.0,0.0,0.0
2024-06-12 09:30:00-04:00,71.63999938964844,71.63999938964844,71.4000015258789,71.5199966430664,1484,0.0,0.0,0.0
2024-06-12 10:30:00-04:00,71.53250122070312,71.56999969482422,71.53250122070312,71.56999969482422,2341,0.0,0.0,0.0
2024-06-12 11:30:00-04:00,71.64099884033203,71.68000030517578,71.63999938964844,71.66799926757812,2315,0.0,0.0,0.0
2024-06-12 12:30:00-04:00,71.66850280761719,71.74700164794922,71.66850280761719,71.74700164794922,721,0.0,0.0,0.0
2024-06-12 13:30:00-04:00,71.75,71.79000091552734,71.61509704589844,71.61509704589844,1162,0.0,0.0,0.0
2024-06-12 14:30:00-04:00,71.6061019897461,71.6061019897461,71.32009887695312,71.32009887695312,1346,0.0,0.0,0.0
2024-06-12 15:30:00-04:00,71.30999755859375,71.30999755859375,71.30999755859375,71.30999755859375,143,0.0,0.0,0.0
2024-06-13 09:30:00-04:00,71.5,71.55000305175781,71.5,71.54000091552734,3183,0.0,0.0,0.0
2024-06-13 10:30:00-04:00,71.27999877929688,71.27999877929688,71.16480255126953,71.16480255126953,875,0.0,0.0,0.0
2024-06-13 11:30:00-04:00,71.18000030517578,71.18009948730469,71.12999725341797,71.17510223388672,1185,0.0,0.0,0.0
2024-06-13 12:30:00-04:00,71.04000091552734,71.04000091552734,71.04000091552734,71.04000091552734,11233,0.0,0.0,0.0
2024-06-13 13:30:00-04:00,71.12999725341797,71.12999725341797,71.0779037475586,71.0779037475586,451,0.0,0.0,0.0
2024-06-13 14:30:00-04:00,71.07820129394531,71.19999694824219,71.07820129394531,71.19999694824219,6358,0.0,0.0,0.0
2024-06-13 15:30:00-04:00,71.2499008178711,71.2499008178711,71.12999725341797,71.18000030517578,0,0.0,0.0,0.0
2024-06-14 09:30:00-04:00,71.01000213623047,71.01000213623047,70.80999755859375,70.81999969482422,2228,0.0,0.0,0.0
2024-06-14 10:30:00-04:00,70.80000305175781,71.05000305175781,70.80000305175781,71.05000305175781,1481,0.0,0.0,0.0
2024-06-14 11:30:00-04:00,71.06819915771484,71.06819915771484,70.92500305175781,70.92500305175781,1166,0.0,0.0,0.0
2024-06-14 12:30:00-04:00,70.8550033569336,70.8550033569336,70.84539794921875,70.84539794921875,381,0.0,0.0,0.0
2024-06-14 13:30:00-04:00,70.99500274658203,70.99500274658203,70.86990356445312,70.86990356445312,471,0.0,0.0,0.0
2024-06-14 14:30:00-04:00,70.86000061035156,70.92120361328125,70.81500244140625,70.81500244140625,1813,0.0,0.0,0.0
2024-06-14 15:30:00-04:00,70.91000366210938,70.91000366210938,70.91000366210938,70.91000366210938,342,0.0,0.0,0.0
2024-06-17 09:30:00-04:00,71.13999938964844,71.19999694824219,71.01010131835938,71.01010131835938,2548,0.0,0.0,0.0
2024-06-17 10:30:00-04:00,71.16999816894531,71.16999816894531,71.16999816894531,71.16999816894531,204,0.0,0.0,0.0
2024-06-17 11:30:00-04:00,71.19999694824219,71.19999694824219,71.08000183105469,71.12689971923828,2199,0.0,0.0,0.0
2024-06-17 13:30:00-04:00,71.22730255126953,71.42510223388672,71.22730255126953,71.42510223388672,1577,0.0,0.0,0.0
2024-06-17 14:30:00-04:00,71.47000122070312,71.47000122070312,71.47000122070312,71.47000122070312,509,0.0,0.0,0.0
2024-06-17 15:30:00-04:00,71.41999816894531,71.43000030517578,71.41999816894531,71.43000030517578,0,0.0,0.0,0.0
2024-06-18 09:30:00-04:00,71.36000061035156,71.44509887695312,71.36000061035156,71.44509887695312,1802,0.0,0.0,0.0
2024-06-18 10:30:00-04:00,71.39080047607422,71.4800033569336,71.39080047607422,71.4800033569336,874,0.0,0.0,0.0
2024-06-18 11:30:00-04:00,71.5,71.55999755859375,71.33999633789062,71.36000061035156,23289,0.0,0.0,0.0
2024-06-18 12:30:00-04:00,71.38999938964844,71.62989807128906,71.38999938964844,71.58000183105469,2973,0.0,0.0,0.0
2024-06-18 13:30:00-04:00,71.52999877929688,71.52999877929688,71.52999877929688,71.52999877929688,230,0.0,0.0,0.0
2024-06-18 14:30:00-04:00,71.53839874267578,71.53839874267578,71.53839874267578,71.53839874267578,421,0.0,0.0,0.0
2024-06-18 15:30:00-04:00,71.49189758300781,71.49189758300781,71.44760131835938,71.45939636230469,1476,0.0,0.0,0.0
2024-06-20 09:30:00-04:00,71.52999877929688,71.52999877929688,71.23079681396484,71.23079681396484,4858,0.0,0.0,0.0
2024-06-20 10:30:00-04:00,71.08000183105469,71.12799835205078,71.0199966430664,71.0199966430664,4569,0.0,0.0,0.0
2024-06-20 11:30:00-04:00,71.13500213623047,71.14199829101562,71.0,71.0,1560,0.0,0.0,0.0
2024-06-20 12:30:00-04:00,71.08100128173828,71.09100341796875,70.9800033569336,70.9800033569336,580,0.0,0.0,0.0
2024-06-20 13:30:00-04:00,70.99500274658203,70.99500274658203,70.99500274658203,70.99500274658203,637,0.0,0.0,0.0
2024-06-20 14:30:00-04:00,71.15910339355469,71.15910339355469,71.15910339355469,71.15910339355469,177,0.0,0.0,0.0
2024-06-20 15:30:00-04:00,71.16000366210938,71.2052001953125,71.13999938964844,71.16000366210938,0,0.0,0.0,0.0
2024-06-21 09:30:00-04:00,70.76000213623047,70.7699966430664,70.43489837646484,70.65370178222656,1751,0.0,0.0,0.0
2024-06-21 10:30:00-04:00,70.56189727783203,70.56189727783203,70.48979949951172,70.48979949951172,2720,0.0,0.0,0.0
2024-06-21 11:30:00-04:00,70.56279754638672,70.6010971069336,70.49440002441406,70.6010971069336,1288,0.0,0.0,0.0
2024-06-21 12:30:00-04:00,70.59500122070312,70.59500122070312,70.5,70.51000213623047,3472,0.0,0.0,0.0
2024-06-21 13:30:00-04:00,70.5,70.5,70.48650360107422,70.5,1786,0.0,0.0,0.0
2024-06-21 14:30:00-04:00,70.54000091552734,70.54000091552734,70.51000213623047,70.5281982421875,1646,0.0,0.0,0.0
2024-06-21 15:30:00-04:00,70.52999877929688,70.52999877929688,70.529296875,70.529296875,430,0.0,0.0,0.0
2024-06-24 09:30:00-04:00,70.05999755859375,70.54499816894531,70.05999755859375,70.54499816894531,3227,0.0,0.0,0.0
2024-06-24 10:30:00-04:00,70.4197998046875,70.4197998046875,70.4197998046875,70.4197998046875,253,0.0,0.0,0.0
2024-06-24 11:30:00-04:00,70.27010345458984,70.27010345458984,70.27010345458984,70.27010345458984,231,0.0,0.0,0.0
2024-06-24 12:30:00-04:00,70.13500213623047,70.13500213623047,70.13500213623047,70.13500213623047,220,0.0,0.0,0.0
2024-06-24 13:30:00-04:00,70.12000274658203,70.12000274658203,70.12000274658203,70.12000274658203,204,0.0,0.0,0.0
2024-06-24 14:30:00-04:00,70.12000274658203,70.12000274658203,70.12000274658203,70.12000274658203,245,0.0,0.0,0.0
2024-06-24 15:30:00-04:00,70.1500015258789,70.1500015258789,70.11820220947266,70.11820220947266,0,0.0,0.0,0.0
2024-06-25 09:30:00-04:00,69.66999816894531,69.66999816894531,69.44000244140625,69.56999969482422,2780,0.0,0.0,0.0
2024-06-25 10:30:00-04:00,69.45999908447266,69.5,69.45999908447266,69.5,635,0.0,0.0,0.0
2024-06-25 11:30:00-04:00,69.5,69.5,69.42009735107422,69.42009735107422,1823,0.0,0.0,0.0
2024-06-25 12:30:00-04:00,69.43000030517578,69.43000030517578,69.43000030517578,69.43000030517578,250,0.0,0.0,0.0
2024-06-25 13:30:00-04:00,69.51000213623047,69.51000213623047,69.51000213623047,69.51000213623047,1171,0.0,0.0,0.0
2024-06-25 14:30:00-04:00,69.48149871826172,69.48149871826172,69.48149871826172,69.48149871826172,662,0.0,0.0,0.0
2024-06-25 15:30:00-04:00,69.48919677734375,69.49500274658203,69.44999694824219,69.49430084228516,1102,0.0,0.0,0.0
2024-06-26 09:30:00-04:00,69.70999908447266,69.70999908447266,69.55999755859375,69.63999938964844,0,0.0,0.0,0.0
2024-06-26 10:30:00-04:00,69.62999725341797,69.62999725341797,69.62999725341797,69.62999725341797,904,0.0,0.0,0.0
2024-06-26 11:30:00-04:00,69.70999908447266,69.7676010131836,69.70999908447266,69.75,943,0.0,0.0,0.0
2024-06-26 12:30:00-04:00,69.6050033569336,69.625,69.6050033569336,69.625,457,0.0,0.0,0.0
2024-06-26 13:30:00-04:00,69.60060119628906,69.65480041503906,69.60060119628906,69.65480041503906,3942,0.0,0.0,0.0
2024-06-26 14:30:00-04:00,69.65499877929688,69.72000122070312,69.61060333251953,69.66000366210938,2216,0.0,0.0,0.0
2024-06-26 15:30:00-04:00,69.75990295410156,69.75990295410156,69.75019836425781,69.75019836425781,0,0.0,0.0,0.0
2024-06-27 09:30:00-04:00,68.93000030517578,68.93000030517578,68.5199966430664,68.5199966430664,5275,0.0,0.0,0.0
2024-06-27 10:30:00-04:00,68.55000305175781,68.55999755859375,68.41580200195312,68.5,3918,0.0,0.0,0.0
2024-06-27 11:30:00-04:00,68.51499938964844,68.52359771728516,68.49320220947266,68.51899719238281,977,0.0,0.0,0.0
2024-06-27 12:30:00-04:00,68.47769927978516,68.47769927978516,68.38500213623047,68.44000244140625,1392,0.0,0.0,0.0
2024-06-27 13:30:00-04:00,68.3499984741211,68.37999725341797,68.32499694824219,68.32499694824219,4771,0.0,0.0,0.0
2024-06-27 14:30:00-04:00,68.27580261230469,68.39430236816406,68.27580261230469,68.31009674072266,920,0.0,0.0,0.0
2024-06-27 15:30:00-04:00,68.37999725341797,68.37999725341797,68.31999969482422,68.31999969482422,1081,0.0,0.0,0.0
2024-06-28 09:30:00-04:00,68.86000061035156,68.86000061035156,68.52970123291016,68.54109954833984,6975,0.0,0.0,0.0
2024-06-28 10:30:00-04:00,68.66999816894531,68.70999908447266,68.6240005493164,68.6240005493164,5333,0.0,0.0,0.0
2024-06-28 11:30:00-04:00,68.69509887695312,68.72000122070312,68.44000244140625,68.44000244140625,6595,0.0,0.0,0.0
2024-06-28 12:30:00-04:00,68.46430206298828,68.48400115966797,68.43000030517578,68.48400115966797,3821,0.0,0.0,0.0
2024-06-28 13:30:00-04:00,68.5199966430664,68.5199966430664,68.50499725341797,68.50499725341797,334,0.0,0.0,0.0
2024-06-28 14:30:00-04:00,68.54000091552734,68.54000091552734,68.42009735107422,68.43000030517578,2248,0.0,0.0,0.0
2024-06-28 15:30:00-04:00,68.4000015258789,68.44999694824219,68.4000015258789,68.44999694824219,915,0.0,0.0,0.0
2024-07-01 09:30:00-04:00,69.04000091552734,69.05000305175781,68.77010345458984,68.77010345458984,5685,0.0,0.0,0.0
2024-07-01 10:30:00-04:00,68.73999786376953,68.8499984741211,68.73999786376953,68.8499984741211,956,0.0,0.0,0.0
2024-07-01 11:30:00-04:00,68.82140350341797,68.96309661865234,68.79090118408203,68.96309661865234,4207,0.0,0.0,0.0
2024-07-01 12:30:00-04:00,68.83999633789062,68.83999633789062,68.80999755859375,68.80999755859375,376,0.0,0.0,0.0
2024-07-01 13:30:00-04:00,68.81999969482422,68.83000183105469,68.81999969482422,68.83000183105469,1125,0.0,0.0,0.0
2024-07-01 14:30:00-04:00,68.80740356445312,68.80740356445312,68.7500991821289,68.7500991821289,623,0.0,0.0,0.0
2024-07-01 15:30:00-04:00,68.77010345458984,68.83999633789062,68.7699966430664,68.80000305175781,1792,0.0,0.0,0.0
2024-07-02 09:30:00-04:00,68.87000274658203,68.94000244140625,68.81999969482422,68.83000183105469,6187,0.0,0.0,0.0
2024-07-02 10:30:00-04:00,68.68009948730469,68.97000122070312,68.68009948730469,68.97000122070312,1053,0.0,0.0,0.0
2024-07-02 12:30:00-04:00,68.94000244140625,68.94000244140625,68.94000244140625,68.94000244140625,892,0.0,0.0,0.0
2024-07-02 13:30:00-04:00,68.9000015258789,69.02010345458984,68.9000015258789,69.02010345458984,2800,0.0,0.0,0.0
2024-07-02 14:30:00-04:00,69.06999969482422,69.12000274658203,69.05999755859375,69.09870147705078,9862,0.0,0.0,0.0
2024-07-02 15:30:00-04:00,69.11000061035156,69.12999725341797,69.10030364990234,69.12999725341797,980,0.0,0.0,0.0
2024-07-03 09:30:00-04:00,69.56999969482422,70.05999755859375,69.56999969482422,70.05999755859375,2527,0.0,0.0,0.0
2024-07-03 10:30:00-04:00,70.08399963378906,70.14830017089844,70.05000305175781,70.05000305175781,1600,0.0,0.0,0.0
2024-07-03 11:30:00-04:00,70.01080322265625,70.06729888916016,70.01080322265625,70.06729888916016,1040,0.0,0.0,0.0
2024-07-03 12:30:00-04:00,70.02999877929688,70.02999877929688,70.02999877929688,70.02999877929688,965,0.0,0.0,0.0
2024-07-05 09:30:00-04:00,69.0999984741211,69.13999938964844,68.7300033569336,68.77999877929688,10298,0.0,0.0,0.0
2024-07-05 10:30:00-04:00,68.9000015258789,68.91999816894531,68.9000015258789,68.91999816894531,1276,0.0,0.0,0.0
2024-07-05 11:30:00-04:00,68.96369934082031,68.96369934082031,68.96369934082031,68.96369934082031,217,0.0,0.0,0.0
2024-07-05 12:30:00-04:00,68.95999908447266,68.95999908447266,68.95999908447266,68.95999908447266,876,0.0,0.0,0.0
2024-07-05 13:30:00-04:00,68.91000366210938,68.9656982421875,68.91000366210938,68.9656982421875,5444,0.0,0.0,0.0
2024-07-05 15:30:00-04:00,69.0,69.0,68.8499984741211,68.92340087890625,172807,0.0,0.0,0.0
2024-07-08 09:30:00-04:00,68.38999938964844,68.38999938964844,68.2300033569336,68.33999633789062,9197,0.0,0.0,0.0
2024-07-08 10:30:00-04:00,68.31999969482422,68.31999969482422,68.25399780273438,68.31999969482422,1486,0.0,0.0,0.0
2024-07-08 11:30:00-04:00,68.2699966430664,68.2699966430664,68.19519805908203,68.2509994506836,2160,0.0,0.0,0.0
2024-07-08 12:30:00-04:00,68.19999694824219,68.29000091552734,68.19999694824219,68.27670288085938,8429,0.0,0.0,0.0
2024-07-08 13:30:00-04:00,68.23999786376953,68.34500122070312,68.2300033569336,68.27999877929688,7489,0.0,0.0,0.0
2024-07-08 14:30:00-04:00,68.27999877929688,68.27999877929688,68.2699966430664,68.2699966430664,838,0.0,0.0,0.0
2024-07-08 15:30:00-04:00,68.29000091552734,68.30729675292969,68.29000091552734,68.30729675292969,0,0.0,0.0,0.0
2024-07-09 09:30:00-04:00,68.44999694824219,68.75,68.44999694824219,68.75,2220,0.0,0.0,0.0
2024-07-09 10:30:00-04:00,68.66999816894531,69.01000213623047,68.66999816894531,68.86000061035156,2232,0.0,0.0,0.0
2024-07-09 11:30:00-04:00,68.81999969482422,69.02909851074219,68.7699966430664,69.02909851074219,1514,0.0,0.0,0.0
2024-07-09 12:30:00-04:00,69.0999984741211,69.19999694824219,69.04499816894531,69.16000366210938,1551,0.0,0.0,0.0
2024-07-09 13:30:00-04:00,69.16999816894531,69.19999694824219,69.16999816894531,69.19999694824219,8236,0.0,0.0,0.0
2024-07-09 14:30:00-04:00,69.1500015258789,69.16000366210938,69.0999984741211,69.1500015258789,37887,0.0,0.0,0.0
2024-07-09 15:30:00-04:00,69.13999938964844,69.1500015258789,69.05999755859375,69.06999969482422,44158,0.0,0.0,0.0
2024-07-10 09:30:00-04:00,68.94000244140625,69.0,68.7300033569336,68.91000366210938,10139,0.0,0.0,0.0
2024-07-10 10:30:00-04:00,68.94000244140625,68.94000244140625,68.6989974975586,68.6989974975586,6070,0.0,0.0,0.0
2024-07-10 11:30:00-04:00,68.8949966430664,68.8949966430664,68.8949966430664,68.8949966430664,382,0.0,0.0,0.0
2024-07-10 12:30:00-04:00,68.87000274658203,68.91999816894531,68.83989715576172,68.83989715576172,1245,0.0,0.0,0.0
2024-07-10 13:30:00-04:00,68.76000213623047,68.76000213623047,68.76000213623047,68.76000213623047,267,0.0,0.0,0.0
2024-07-10 14:30:00-04:00,68.87000274658203,68.87000274658203,68.87000274658203,68.87000274658203,375,0.0,0.0,0.0
2024-07-10 15:30:00-04:00,68.79000091552734,68.91000366210938,68.79000091552734,68.90979766845703,0,0.0,0.0,0.0
2024-07-11 09:30:00-04:00,70.11000061035156,70.52999877929688,70.05999755859375,70.25,5994,0.0,0.0,0.0
2024-07-11 10:30:00-04:00,70.3499984741211,70.41480255126953,70.3499984741211,70.37000274658203,3051,0.0,0.0,0.0
2024-07-11 11:30:00-04:00,70.33999633789062,70.33999633789062,70.1636962890625,70.1636962890625,1083,0.0,0.0,0.0
2024-07-11 12:30:00-04:00,70.2699966430664,70.2699966430664,70.20709991455078,70.26000213623047,658,0.0,0.0,0.0
2024-07-11 13:30:00-04:00,70.20999908447266,70.25,70.20999908447266,70.25,818,0.0,0.0,0.0
2024-07-11 14:30:00-04:00,70.25,70.27999877929688,70.25,70.2699966430664,2716,0.0,0.0,0.0
2024-07-11 15:30:00-04:00,70.30999755859375,70.30999755859375,70.2699966430664,70.30000305175781,0,0.0,0.0,0.0
2024-07-12 09:30:00-04:00,71.12999725341797,71.4000015258789,71.12999725341797,71.14409637451172,10561,0.0,0.0,0.0
2024-07-12 10:30:00-04:00,70.87000274658203,70.935302734375,70.87000274658203,70.88999938964844,2829,0.0,0.0,0.0
2024-07-12 11:30:00-04:00,70.93000030517578,70.94000244140625,70.88179779052734,70.94000244140625,1995,0.0,0.0,0.0
2024-07-12 12:30:00-04:00,70.89399719238281,71.02999877929688,70.80999755859375,70.81999969482422,276458,0.0,0.0,0.0
2024-07-12 13:30:00-04:00,70.88500213623047,70.9000015258789,70.8499984741211,70.8499984741211,666,0.0,0.0,0.0
2024-07-12 14:30:00-04:00,70.86139678955078,70.91999816894531,70.86139678955078,70.91999816894531,936,0.0,0.0,0.0
2024-07-12 15:30:00-04:00,70.83499908447266,70.86910247802734,70.7750015258789,70.7750015258789,2016,0.0,0.0,0.0
2024-07-15 09:30:00-04:00,70.0199966430664,70.55000305175781,69.63999938964844,69.63999938964844,7172,0.0,0.0,0.0
2024-07-15 10:30:00-04:00,69.69999694824219,69.69999694824219,69.55999755859375,69.59010314941406,4408,0.0,0.0,0.0
2024-07-15 11:30:00-04:00,69.72100067138672,69.72160339355469,69.62999725341797,69.65499877929688,1556,0.0,0.0,0.0
2024-07-15 12:30:00-04:00,69.47000122070312,69.5999984741211,69.47000122070312,69.56999969482422,2853,0.0,0.0,0.0
2024-07-15 13:30:00-04:00,69.55000305175781,69.62999725341797,69.5,69.62999725341797,11379,0.0,0.0,0.0
2024-07-15 14:30:00-04:00,69.5999984741211,69.63999938964844,69.55000305175781,69.56500244140625,7271,0.0,0.0,0.0
2024-07-15 15:30:00-04:00,69.5199966430664,69.5199966430664,69.375,69.375,579,0.0,0.0,0.0
2024-07-16 09:30:00-04:00,69.18000030517578,69.4800033569336,69.13999938964844,69.2699966430664,0,0.0,0.0,0.0
2024-07-16 10:30:00-04:00,69.50689697265625,69.50689697265625,69.37999725341797,69.41500091552734,2785,0.0,0.0,0.0
2024-07-16 11:30:00-04:00,69.2936019897461,69.39720153808594,69.2936019897461,69.39720153808594,1809,0.0,0.0,0.0
2024-07-16 12:30:00-04:00,69.34269714355469,69.41120147705078,69.34269714355469,69.35800170898438,3249,0.0,0.0,0.0
2024-07-16 13:30:00-04:00,69.42990112304688,69.42990112304688,69.42990112304688,69.42990112304688,1507,0.0,0.0,0.0
2024-07-16 14:30:00-04:00,69.52999877929688,69.52999877929688,69.5,69.5,927,0.0,0.0,0.0
2024-07-16 15:30:00-04:00,69.56999969482422,69.56999969482422,69.51010131835938,69.52999877929688,2389,0.0,0.0,0.0
2024-07-17 09:30:00-04:00,69.0,69.12000274658203,68.86000061035156,69.0199966430664,0,0.0,0.0,0.0
2024-07-17 10:30:00-04:00,68.97000122070312,68.97000122070312,68.97000122070312,68.97000122070312,795,0.0,0.0,0.0
2024-07-17 11:30:00-04:00,68.71730041503906,68.71730041503906,68.71730041503906,68.71730041503906,237,0.0,0.0,0.0
2024-07-17 12:30:00-04:00,68.62999725341797,68.66999816894531,68.58999633789062,68.66999816894531,2834,0.0,0.0,0.0
2024-07-17 13:30:00-04:00,68.63500213623047,68.71499633789062,68.63009643554688,68.71499633789062,1751,0.0,0.0,0.0
2024-07-17 14:30:00-04:00,68.69000244140625,68.7699966430664,68.68000030517578,68.7699966430664,0,0.0,0.0,0.0
2024-07-17 15:30:00-04:00,68.7300033569336,68.79000091552734,68.69999694824219,68.79000091552734,13749,0.0,0.0,0.0
2024-07-18 09:30:00-04:00,68.77999877929688,69.11000061035156,68.77999877929688,68.93000030517578,10192,0.0,0.0,0.0
2024-07-18 10:30:00-04:00,68.69000244140625,68.70999908447266,68.55000305175781,68.55000305175781,3858,0.0,0.0,0.0
2024-07-18 11:30:00-04:00,68.41010284423828,68.45040130615234,68.41010284423828,68.45040130615234,409,0.0,0.0,0.0
2024-07-18 12:30:00-04:00,68.5199966430664,68.58000183105469,68.5,68.56999969482422,2139,0.0,0.0,0.0
2024-07-18 13:30:00-04:00,68.56500244140625,68.56500244140625,68.43000030517578,68.43000030517578,1093,0.0,0.0,0.0
2024-07-18 14:30:00-04:00,68.4000015258789,68.42839813232422,68.4000015258789,68.40299987792969,2714,0.0,0.0,0.0
2024-07-18 15:30:00-04:00,68.33999633789062,68.36100006103516,68.29000091552734,68.29000091552734,662,0.0,0.0,0.0
2024-07-19 09:30:00-04:00,68.16999816894531,68.33999633789062,68.12999725341797,68.12999725341797,4698,0.0,0.0,0.0
2024-07-19 10:30:00-04:00,68.11000061035156,68.19000244140625,68.11000061035156,68.19000244140625,870,0.0,0.0,0.0
2024-07-19 11:30:00-04:00,68.08000183105469,68.12999725341797,68.08000183105469,68.125,774,0.0,0.0,0.0
2024-07-19 12:30:00-04:00,68.16000366210938,68.18000030517578,68.16000366210938,68.18000030517578,534,0.0,0.0,0.0
2024-07-19 13:30:00-04:00,68.08419799804688,68.08419799804688,68.08419799804688,68.08419799804688,340,0.0,0.0,0.0
2024-07-19 14:30:00-04:00,68.11260223388672,68.11260223388672,68.08000183105469,68.08000183105469,30937,0.0,0.0,0.0
2024-07-19 15:30:00-04:00,68.12999725341797,68.12999725341797,68.04000091552734,68.08000183105469,5164,0.0,0.0,0.0
2024-07-22 09:30:00-04:00,68.87000274658203,69.1500015258789,68.85420227050781,68.91999816894531,2442,0.0,0.0,0.0
2024-07-22 10:30:00-04:00,69.01000213623047,69.04180145263672,68.93000030517578,69.0,1982,0.0,0.0,0.0
2024-07-22 11:30:00-04:00,68.98999786376953,69.01319885253906,68.9800033569336,69.01319885253906,697,0.0,0.0,0.0
2024-07-22 12:30:00-04:00,69.06719970703125,69.12999725341797,69.06719970703125,69.09500122070312,1522,0.0,0.0,0.0
2024-07-22 13:30:00-04:00,69.16000366210938,69.16000366210938,69.05999755859375,69.05999755859375,16555,0.0,0.0,0.0
2024-07-22 14:30:00-04:00,69.0250015258789,69.08999633789062,69.0250015258789,69.02999877929688,1872,0.0,0.0,0.0
2024-07-22 15:30:00-04:00,69.06999969482422,69.06999969482422,68.94999694824219,68.94999694824219,1365,0.0,0.0,0.0
2024-07-23 09:30:00-04:00,67.9000015258789,67.9000015258789,67.56500244140625,67.5999984741211,8275,0.0,0.0,0.0
2024-07-23 10:30:00-04:00,67.66000366210938,67.66000366210938,67.6594009399414,67.66000366210938,811,0.0,0.0,0.0
2024-07-23 11:30:00-04:00,67.76840209960938,67.76840209960938,67.75360107421875,67.75360107421875,839,0.0,0.0,0.0
2024-07-23 12:30:00-04:00,67.625,67.81999969482422,67.625,67.77999877929688,1167,0.0,0.0,0.0
2024-07-23 13:30:00-04:00,67.77999877929688,67.80999755859375,67.75749969482422,67.80999755859375,686,0.0,0.0,0.0
2024-07-23 14:30:00-04:00,67.77010345458984,67.77010345458984,67.76000213623047,67.76000213623047,511,0.0,0.0,0.0
2024-07-23 15:30:00-04:00,67.68350219726562,67.73539733886719,67.6500015258789,67.72869873046875,0,0.0,0.0,0.0
2024-07-24 09:30:00-04:00,67.33999633789062,67.69000244140625,67.33999633789062,67.58000183105469,20424,0.0,0.0,0.0
2024-07-24 10:30:00-04:00,67.6500015258789,67.66999816894531,67.55999755859375,67.66999816894531,2508,0.0,0.0,0.0
2024-07-24 11:30:00-04:00,67.49009704589844,67.5167007446289,67.33999633789062,67.34500122070312,5281,0.0,0.0,0.0
2024-07-24 12:30:00-04:00,67.31999969482422,67.33999633789062,67.29989624023438,67.29989624023438,757,0.0,0.0,0.0
2024-07-24 13:30:00-04:00,67.30000305175781,67.30000305175781,67.01000213623047,67.01000213623047,20968,0.0,0.0,0.0
2024-07-24 14:30:00-04:00,67.01000213623047,67.0792007446289,66.95999908447266,67.01000213623047,6564,0.0,0.0,0.0
2024-07-24 15:30:00-04:00,67.05999755859375,67.1500015258789,66.99500274658203,67.04759979248047,0,0.0,0.0,0.0
2024-07-25 09:30:00-04:00,66.62999725341797,66.88999938964844,66.61000061035156,66.72000122070312,8385,0.0,0.0,0.0
2024-07-25 10:30:00-04:00,66.8499984741211,66.8499984741211,66.45999908447266,66.59500122070312,7935,0.0,0.0,0.0
2024-07-25 11:30:00-04:00,66.55999755859375,66.77999877929688,66.52999877929688,66.73999786376953,6183,0.0,0.0,0.0
2024-07-25 12:30:00-04:00,66.70999908447266,66.75509643554688,66.70999908447266,66.70999908447266,3304,0.0,0.0,0.0
2024-07-25 13:30:00-04:00,66.61979675292969,66.69000244140625,66.55999755859375,66.55999755859375,4546,0.0,0.0,0.0
2024-07-25 14:30:00-04:00,66.58999633789062,66.58999633789062,66.48200225830078,66.53500366210938,1951,0.0,0.0,0.0
2024-07-25 15:30:00-04:00,66.60479736328125,66.6500015258789,66.41999816894531,66.4218978881836,0,0.0,0.0,0.0
2024-07-26 09:30:00-04:00,66.48999786376953,66.54000091552734,66.4000015258789,66.47000122070312,6816,0.0,0.0,0.0
2024-07-26 10:30:00-04:00,66.4800033569336,66.75,66.447998046875,66.75,3411,0.0,0.0,0.0
2024-07-26 11:30:00-04:00,66.75,66.93000030517578,66.6500015258789,66.93000030517578,8669,0.0,0.0,0.0
2024-07-26 12:30:00-04:00,66.95999908447266,67.05000305175781,66.94830322265625,66.98999786376953,3890,0.0,0.0,0.0
2024-07-26 13:30:00-04:00,66.91100311279297,66.91999816894531,66.91100311279297,66.91999816894531,490,0.0,0.0,0.0
2024-07-26 14:30:00-04:00,66.93000030517578,66.93000030517578,66.79499816894531,66.83000183105469,1662,0.0,0.0,0.0
2024-07-26 15:30:00-04:00,66.91000366210938,66.91000366210938,66.88970184326172,66.88970184326172,1069,0.0,0.0,0.0
2024-07-29 09:30:00-04:00,66.7300033569336,66.7300033569336,66.55999755859375,66.55999755859375,3286,0.0,0.0,0.0
2024-07-29 10:30:00-04:00,66.43000030517578,66.56999969482422,66.43000030517578,66.45999908447266,2681,0.0,0.0,0.0
2024-07-29 11:30:00-04:00,66.49669647216797,66.66120147705078,66.48999786376953,66.48999786376953,5141,0.0,0.0,0.0
2024-07-29 12:30:00-04:00,66.58000183105469,66.58000183105469,66.5250015258789,66.5250015258789,557,0.0,0.0,0.0
2024-07-29 13:30:00-04:00,66.58000183105469,66.62000274658203,66.50679779052734,66.62000274658203,802,0.0,0.0,0.0
2024-07-29 14:30:00-04:00,66.58499908447266,66.68000030517578,66.58000183105469,66.68000030517578,1857,0.0,0.0,0.0
2024-07-29 15:30:00-04:00,66.6500015258789,66.7300033569336,66.63780212402344,66.63860321044922,0,0.0,0.0,0.0
2024-07-30 09:30:00-04:00,66.16000366210938,66.22000122070312,66.04000091552734,66.19999694824219,12676,0.0,0.0,0.0
2024-07-30 10:30:00-04:00,66.20999908447266,66.20999908447266,66.02999877929688,66.02999877929688,3338,0.0,0.0,0.0
2024-07-30 11:30:00-04:00,66.0999984741211,66.0999984741211,65.91999816894531,65.98999786376953,0,0.0,0.0,0.0
2024-07-30 12:30:00-04:00,65.9800033569336,66.08000183105469,65.94999694824219,66.06999969482422,36643,0.0,0.0,0.0
2024-07-30 13:30:00-04:00,65.9800033569336,66.01319885253906,65.93000030517578,65.94999694824219,19252,0.0,0.0,0.0
2024-07-30 14:30:00-04:00,65.91000366210938,65.95999908447266,65.87000274658203,65.95010375976562,6639,0.0,0.0,0.0
2024-07-30 15:30:00-04:00,66.11000061035156,66.11000061035156,66.02130126953125,66.02130126953125,0,0.0,0.0,0.0
2024-07-31 09:30:00-04:00,67.81999969482422,67.81999969482422,67.61000061035156,67.61000061035156,5971,0.0,0.0,0.0
2024-07-31 10:30:00-04:00,67.63999938964844,67.63999938964844,67.5999984741211,67.5999984741211,6931,0.0,0.0,0.0
2024-07-31 11:30:00-04:00,67.55999755859375,67.55999755859375,67.55999755859375,67.55999755859375,682,0.0,0.0,0.0
2024-07-31 13:30:00-04:00,67.45999908447266,67.5,67.4000015258789,67.45500183105469,2368,0.0,0.0,0.0
2024-07-31 14:30:00-04:00,67.4800033569336,67.6500015258789,67.45999908447266,67.64099884033203,13092,0.0,0.0,0.0
2024-07-31 15:30:00-04:00,67.48500061035156,67.48500061035156,67.48500061035156,67.48500061035156,1067,0.0,0.0,0.0
2024-08-01 09:30:00-04:00,67.30999755859375,67.47000122070312,67.11000061035156,67.11000061035156,0,0.0,0.0,0.0
2024-08-01 10:30:00-04:00,66.9749984741211,66.9749984741211,66.91000366210938,66.95999908447266,1291,0.0,0.0,0.0
2024-08-01 11:30:00-04:00,66.83499908447266,66.83499908447266,66.72000122070312,66.72000122070312,5162,0.0,0.0,0.0
2024-08-01 12:30:00-04:00,66.72000122070312,66.72000122070312,66.5999984741211,66.5999984741211,789,0.0,0.0,0.0
2024-08-01 13:30:00-04:00,66.56999969482422,66.56999969482422,66.56999969482422,66.56999969482422,289,0.0,0.0,0.0
2024-08-01 14:30:00-04:00,66.5199966430664,66.5199966430664,66.44999694824219,66.44999694824219,1022,0.0,0.0,0.0
2024-08-01 15:30:00-04:00,66.52999877929688,66.60379791259766,66.52999877929688,66.53500366210938,3272,0.0,0.0,0.0
2024-08-02 09:30:00-04:00,66.33999633789062,66.41999816894531,66.16999816894531,66.21990203857422,4402,0.0,0.0,0.0
2024-08-02 10:30:00-04:00,66.16010284423828,66.23999786376953,66.07270050048828,66.16999816894531,1887,0.0,0.0,0.0
2024-08-02 11:30:00-04:00,66.28849792480469,66.28849792480469,66.28849792480469,66.28849792480469,646,0.0,0.0,0.0
2024-08-02 12:30:00-04:00,66.25,66.41000366210938,66.25,66.37999725341797,10323,0.0,0.0,0.0
2024-08-02 13:30:00-04:00,66.37000274658203,66.4000015258789,66.29989624023438,66.3499984741211,2862,0.0,0.0,0.0
2024-08-02 14:30:00-04:00,66.4000015258789,66.44509887695312,66.3301010131836,66.44509887695312,3465,0.0,0.0,0.0
2024-08-02 15:30:00-04:00,66.37999725341797,66.41999816894531,66.36000061035156,66.41999816894531,1463,0.0,0.0,0.0
2024-08-05 09:30:00-04:00,65.16000366210938,65.69000244140625,65.16000366210938,65.55999755859375,8938,0.0,0.0,0.0
2024-08-05 10:30:00-04:00,65.62999725341797,66.02999877929688,65.58000183105469,65.98999786376953,6137,0.0,0.0,0.0
2024-08-05 11:30:00-04:00,66.027099609375,66.027099609375,65.93000030517578,66.01000213623047,4259,0.0,0.0,0.0
2024-08-05 12:30:00-04:00,65.94999694824219,66.00990295410156,65.86499786376953,66.00990295410156,3120,0.0,0.0,0.0
2024-08-05 13:30:00-04:00,65.96119689941406,66.0199966430664,65.9000015258789,65.9000015258789,0,0.0,0.0,0.0
2024-08-05 14:30:00-04:00,65.91000366210938,66.05000305175781,65.91000366210938,66.05000305175781,25050,0.0,0.0,0.0
2024-08-05 15:30:00-04:00,65.98999786376953,66.0,65.94000244140625,66.0,1154,0.0,0.0,0.0
2024-08-06 09:30:00-04:00,65.43000030517578,65.92900085449219,65.43000030517578,65.92900085449219,10638,0.0,0.0,0.0
2024-08-06 10:30:00-04:00,65.9000015258789,66.06999969482422,65.9000015258789,66.0199966430664,5333,0.0,0.0,0.0
2024-08-06 11:30:00-04:00,65.97599792480469,66.11000061035156,65.97599792480469,66.0999984741211,22398,0.0,0.0,0.0
2024-08-06 12:30:00-04:00,66.02999877929688,66.16000366210938,66.02999877929688,66.0999984741211,3228,0.0,0.0,0.0
2024-08-06 13:30:00-04:00,66.08000183105469,66.08999633789062,66.08000183105469,66.08000183105469,3878,0.0,0.0,0.0
2024-08-06 14:30:00-04:00,66.0199966430664,66.06999969482422,66.0199966430664,66.05999755859375,1203,0.0,0.0,0.0
2024-08-06 15:30:00-04:00,66.08000183105469,66.08000183105469,65.93000030517578,65.93229675292969,0,0.0,0.0,0.0
2024-08-07 09:30:00-04:00,66.88999938964844,66.91000366210938,66.43000030517578,66.44000244140625,9819,0.0,0.0,0.0
2024-08-07 10:30:00-04:00,66.43000030517578,66.58999633789062,66.43000030517578,66.54000091552734,2280,0.0,0.0,0.0
2024-08-07 11:30:00-04:00,66.48999786376953,66.48999786376953,66.4000015258789,66.44999694824219,5619,0.0,0.0,0.0
2024-08-07 12:30:00-04:00,66.5,66.5,66.24130249023438,66.27999877929688,13134,0.0,0.0,0.0
2024-08-07 13:30:00-04:00,66.2699966430664,66.30999755859375,66.0199966430664,66.12000274658203,3592,0.0,0.0,0.0
2024-08-07 14:30:00-04:00,66.0199966430664,66.11000061035156,65.95999908447266,66.0999984741211,3613,0.0,0.0,0.0
2024-08-07 15:30:00-04:00,66.0999984741211,66.13999938964844,66.06999969482422,66.0999984741211,5586,0.0,0.0,0.0
2024-08-08 09:30:00-04:00,66.69999694824219,67.16000366210938,66.69999694824219,67.16000366210938,0,0.0,0.0,0.0
2024-08-08 10:30:00-04:00,67.1449966430664,67.2699966430664,67.125,67.2699966430664,3586,0.0,0.0,0.0
2024-08-08 11:30:00-04:00,67.23999786376953,67.33999633789062,67.23999786376953,67.2699966430664,4509,0.0,0.0,0.0
2024-08-08 12:30:00-04:00,67.29000091552734,67.3499984741211,67.19000244140625,67.3499984741211,2560,0.0,0.0,0.0
2024-08-08 13:30:00-04:00,67.31999969482422,67.37999725341797,67.30000305175781,67.30999755859375,2194,0.0,0.0,0.0
2024-08-08 14:30:00-04:00,67.37000274658203,67.4271011352539,67.2300033569336,67.30000305175781,6536,0.0,0.0,0.0
2024-08-08 15:30:00-04:00,67.29000091552734,67.33000183105469,67.26000213623047,67.29000091552734,0,0.0,0.0,0.0
2024-08-09 09:30:00-04:00,67.06999969482422,67.06999969482422,66.79000091552734,66.79000091552734,1616,0.0,0.0,0.0
2024-08-09 10:30:00-04:00,66.91999816894531,66.91999816894531,66.91999816894531,66.91999816894531,164,0.0,0.0,0.0
2024-08-09 11:30:00-04:00,66.87000274658203,66.87000274658203,66.87000274658203,66.87000274658203,185,0.0,0.0,0.0
2024-08-09 13:30:00-04:00,67.08300018310547,67.08300018310547,66.91999816894531,66.91999816894531,0,0.0,0.0,0.0
2024-08-09 14:30:00-04:00,66.91999816894531,66.9800033569336,66.91000366210938,66.93000030517578,76739,0.0,0.0,0.0
2024-08-09 15:30:00-04:00,66.93000030517578,67.0,66.88999938964844,66.97000122070312,14781,0.0,0.0,0.0
2024-08-12 09:30:00-04:00,67.22000122070312,67.44999694824219,67.22000122070312,67.38999938964844,0,0.0,0.0,0.0
2024-08-12 10:30:00-04:00,67.4000015258789,67.63999938964844,67.38999938964844,67.5,5421,0.0,0.0,0.0
2024-08-12 11:30:00-04:00,67.44999694824219,67.69000244140625,67.44000244140625,67.61000061035156,117330,0.0,0.0,0.0
2024-08-12 12:30:00-04:00,67.63999938964844,67.6500015258789,67.52999877929688,67.63500213623047,5172,0.0,0.0,0.0
2024-08-12 13:30:00-04:00,67.63999938964844,67.63999938964844,67.55500030517578,67.58000183105469,3746,0.0,0.0,0.0
2024-08-12 14:30:00-04:00,67.55999755859375,67.58999633789062,67.5,67.52999877929688,41958,0.0,0.0,0.0
2024-08-12 15:30:00-04:00,67.5199966430664,67.5199966430664,67.3949966430664,67.44999694824219,0,0.0,0.0,0.0
2024-08-13 09:30:00-04:00,67.69000244140625,67.81999969482422,67.69000244140625,67.78970336914062,618,0.0,0.0,0.0
2024-08-13 10:30:00-04:00,67.76000213623047,67.76000213623047,67.76000213623047,67.76000213623047,545,0.0,0.0,0.0
2024-08-13 11:30:00-04:00,67.72000122070312,67.74230194091797,67.70999908447266,67.72139739990234,1515,0.0,0.0,0.0
2024-08-13 12:30:00-04:00,67.83999633789062,67.94000244140625,67.81999969482422,67.94000244140625,2440,0.0,0.0,0.0
2024-08-13 13:30:00-04:00,67.95999908447266,67.98999786376953,67.93000030517578,67.98999786376953,967,0.0,0.0,0.0
2024-08-13 14:30:00-04:00,67.97000122070312,68.0,67.97000122070312,68.0,384,0.0,0.0,0.0
2024-08-13 15:30:00-04:00,67.97000122070312,67.9718017578125,67.9677963256836,67.9718017578125,0,0.0,0.0,0.0
2024-08-14 09:30:00-04:00,67.44999694824219,67.44999694824219,67.01930236816406,67.01930236816406,1556,0.0,0.0,0.0
2024-08-14 10:30:00-04:00,66.81999969482422,66.87999725341797,66.76000213623047,66.84200286865234,1765,0.0,0.0,0.0
2024-08-14 11:30:00-04:00,66.83000183105469,66.83000183105469,66.81999969482422,66.83000183105469,210223,0.0,0.0,0.0
2024-08-14 12:30:00-04:00,66.58000183105469,66.58000183105469,66.45999908447266,66.51000213623047,6054,0.0,0.0,0.0
2024-08-14 13:30:00-04:00,66.58999633789062,66.61000061035156,66.55999755859375,66.58999633789062,1410,0.0,0.0,0.0
2024-08-14 14:30:00-04:00,66.6449966430664,66.70790100097656,66.6449966430664,66.70790100097656,889,0.0,0.0,0.0
2024-08-14 15:30:00-04:00,66.76000213623047,66.76000213623047,66.61499786376953,66.70999908447266,3549,0.0,0.0,0.0
2024-08-15 09:30:00-04:00,67.25,67.81400299072266,67.25,67.74009704589844,4038,0.0,0.0,0.0
2024-08-15 10:30:00-04:00,67.80000305175781,67.80010223388672,67.4800033569336,67.4800033569336,4922,0.0,0.0,0.0
2024-08-15 11:30:00-04:00,67.61519622802734,67.69999694824219,67.60980224609375,67.69999694824219,1893,0.0,0.0,0.0
2024-08-15 13:30:00-04:00,67.54499816894531,67.57499694824219,67.52999877929688,67.57499694824219,52152,0.0,0.0,0.0
2024-08-15 14:30:00-04:00,67.58000183105469,67.66510009765625,67.56999969482422,67.66510009765625,2003,0.0,0.0,0.0
2024-08-15 15:30:00-04:00,67.63999938964844,67.63999938964844,67.5999984741211,67.6001968383789,0,0.0,0.0,0.0
2024-08-16 09:30:00-04:00,67.93000030517578,68.35289764404297,67.93000030517578,68.35289764404297,5260,0.0,0.0,0.0
2024-08-16 10:30:00-04:00,68.23500061035156,68.33000183105469,68.23500061035156,68.33000183105469,2063,0.0,0.0,0.0
2024-08-16 11:30:00-04:00,68.30000305175781,68.39510345458984,68.30000305175781,68.39510345458984,1471,0.0,0.0,0.0
2024-08-16 12:30:00-04:00,68.41999816894531,68.47699737548828,68.37000274658203,68.46620178222656,3207,0.0,0.0,0.0
2024-08-16 13:30:00-04:00,68.5199966430664,68.5199966430664,68.45960235595703,68.45960235595703,821,0.0,0.0,0.0
2024-08-16 14:30:00-04:00,68.47689819335938,68.51000213623047,68.44999694824219,68.4800033569336,51656,0.0,0.0,0.0
2024-08-16 15:30:00-04:00,68.5,68.5,68.43000030517578,68.45999908447266,3296,0.0,0.0,0.0
2024-08-19 09:30:00-04:00,68.68000030517578,69.05000305175781,68.68000030517578,68.95999908447266,10394,0.0,0.0,0.0
2024-08-19 10:30:00-04:00,68.98500061035156,69.12999725341797,68.98500061035156,69.08999633789062,5594,0.0,0.0,0.0
2024-08-19 11:30:00-04:00,69.08000183105469,69.0999984741211,69.0,69.0,3833,0.0,0.0,0.0
2024-08-19 12:30:00-04:00,69.0,69.08000183105469,69.0,69.05000305175781,6474,0.0,0.0,0.0
2024-08-19 13:30:00-04:00,69.0199966430664,69.06999969482422,69.00499725341797,69.05000305175781,3946,0.0,0.0,0.0
2024-08-19 14:30:00-04:00,69.05000305175781,69.0999984741211,68.99500274658203,69.02999877929688,10132,0.0,0.0,0.0
2024-08-19 15:30:00-04:00,69.0199966430664,69.0199966430664,68.88999938964844,68.94999694824219,18137,0.0,0.0,0.0
2024-08-20 09:30:00-04:00,68.1500015258789,68.1500015258789,67.7699966430664,67.80999755859375,4943,0.0,0.0,0.0
2024-08-20 10:30:00-04:00,67.75499725341797,67.75499725341797,67.58999633789062,67.6500015258789,1937,0.0,0.0,0.0
2024-08-20 11:30:00-04:00,67.54399871826172,67.62999725341797,67.44999694824219,67.44999694824219,3020,0.0,0.0,0.0
2024-08-20 12:30:00-04:00,67.4800033569336,67.4800033569336,67.43000030517578,67.4749984741211,1637,0.0,0.0,0.0
2024-08-20 13:30:00-04:00,67.45999908447266,67.4800033569336,67.45999908447266,67.4800033569336,48588,0.0,0.0,0.0
2024-08-20 14:30:00-04:00,67.52999877929688,67.52999877929688,67.44000244140625,67.48500061035156,1432,0.0,0.0,0.0
2024-08-20 15:30:00-04:00,67.48500061035156,67.48999786376953,67.45999908447266,67.4800033569336,1412,0.0,0.0,0.0
2024-08-21 09:30:00-04:00,67.6500015258789,68.05999755859375,67.63999938964844,68.05999755859375,0,0.0,0.0,0.0
2024-08-21 10:30:00-04:00,67.9800033569336,68.05000305175781,67.93499755859375,68.05000305175781,1058,0.0,0.0,0.0
2024-08-21 11:30:00-04:00,68.08000183105469,68.08000183105469,68.0199966430664,68.0199966430664,1039,0.0,0.0,0.0
2024-08-21 12:30:00-04:00,68.0,68.01000213623047,67.95999908447266,68.01000213623047,61588,0.0,0.0,0.0
2024-08-21 13:30:00-04:00,68.01000213623047,68.05000305175781,68.01000213623047,68.01000213623047,1402,0.0,0.0,0.0
2024-08-21 14:30:00-04:00,68.05999755859375,68.12000274658203,68.04000091552734,68.05000305175781,9342,0.0,0.0,0.0
2024-08-21 15:30:00-04:00,68.04000091552734,68.0999984741211,68.0199966430664,68.08000183105469,1083,0.0,0.0,0.0
2024-08-22 09:30:00-04:00,67.91000366210938,67.91000366210938,67.63999938964844,67.66999816894531,4579,0.0,0.0,0.0
2024-08-22 10:30:00-04:00,67.69000244140625,67.69000244140625,67.44999694824219,67.44999694824219,2201,0.0,0.0,0.0
2024-08-22 11:30:00-04:00,67.4800033569336,67.4800033569336,67.4800033569336,67.4800033569336,150,0.0,0.0,0.0
2024-08-22 12:30:00-04:00,67.44999694824219,67.45999908447266,67.3949966430664,67.3949966430664,1214,0.0,0.0,0.0
2024-08-22 13:30:00-04:00,67.41000366210938,67.43000030517578,67.37999725341797,67.43000030517578,2811,0.0,0.0,0.0
2024-08-22 14:30:00-04:00,67.5,67.55999755859375,67.5,67.52010345458984,1335,0.0,0.0,0.0
2024-08-22 15:30:00-04:00,67.53500366210938,67.55000305175781,67.44999694824219,67.44999694824219,1300,0.0,0.0,0.0
2024-08-23 09:30:00-04:00,67.80000305175781,67.97000122070312,67.75,67.97000122070312,2194,0.0,0.0,0.0
2024-08-23 10:30:00-04:00,68.1449966430664,68.20999908447266,68.01000213623047,68.19999694824219,1614,0.0,0.0,0.0
2024-08-23 11:30:00-04:00,68.27999877929688,68.30000305175781,68.08999633789062,68.16999816894531,3076,0.0,0.0,0.0
2024-08-23 12:30:00-04:00,68.13999938964844,68.19000244140625,68.0999984741211,68.18920135498047,2624,0.0,0.0,0.0
2024-08-23 13:30:00-04:00,68.19000244140625,68.19000244140625,68.16000366210938,68.16999816894531,1657,0.0,0.0,0.0
2024-08-23 14:30:00-04:00,68.19000244140625,68.19000244140625,68.12000274658203,68.12000274658203,3134,0.0,0.0,0.0
2024-08-23 15:30:00-04:00,68.1500015258789,68.16999816894531,68.08000183105469,68.1500015258789,2314,0.0,0.0,0.0
2024-08-26 09:30:00-04:00,67.44000244140625,67.44000244140625,66.8926010131836,66.9000015258789,7775,0.0,0.0,0.0
2024-08-26 10:30:00-04:00,66.83999633789062,66.97000122070312,66.79000091552734,66.91999816894531,5151,0.0,0.0,0.0
2024-08-26 11:30:00-04:00,66.9000015258789,66.94999694824219,66.83999633789062,66.88999938964844,2828,0.0,0.0,0.0
2024-08-26 12:30:00-04:00,66.91000366210938,67.0,66.91000366210938,66.97370147705078,1762,0.0,0.0,0.0
2024-08-26 13:30:00-04:00,67.0,67.0,66.87999725341797,66.87999725341797,1666,0.0,0.0,0.0
2024-08-26 14:30:00-04:00,66.93099975585938,66.98999786376953,66.93099975585938,66.95999908447266,1025,0.0,0.0,0.0
2024-08-26 15:30:00-04:00,66.97000122070312,66.97000122070312,66.9000015258789,66.9000015258789,665,0.0,0.0,0.0
2024-08-27 09:30:00-04:00,67.37000274658203,67.37000274658203,67.1500015258789,67.1500015258789,2362,0.0,0.0,0.0
2024-08-27 10:30:00-04:00,67.20999908447266,67.24849700927734,67.13999938964844,67.13999938964844,1424,0.0,0.0,0.0
2024-08-27 11:30:00-04:00,67.03990173339844,67.11000061035156,67.03990173339844,67.11000061035156,524,0.0,0.0,0.0
2024-08-27 12:30:00-04:00,67.08000183105469,67.08999633789062,67.05999755859375,67.08999633789062,421,0.0,0.0,0.0
2024-08-27 13:30:00-04:00,67.12000274658203,67.16500091552734,67.11000061035156,67.1500015258789,22169,0.0,0.0,0.0
2024-08-27 14:30:00-04:00,67.1500015258789,67.1500015258789,67.0999984741211,67.10489654541016,0,0.0,0.0,0.0
2024-08-28 09:30:00-04:00,66.5,66.51000213623047,66.18000030517578,66.18000030517578,4139,0.0,0.0,0.0
2024-08-28 10:30:00-04:00,66.19999694824219,66.2300033569336,66.01000213623047,66.05999755859375,3805,0.0,0.0,0.0
2024-08-28 11:30:00-04:00,66.08000183105469,66.1500015258789,65.98999786376953,65.98999786376953,1064,0.0,0.0,0.0
2024-08-28 12:30:00-04:00,65.94000244140625,66.02999877929688,65.94000244140625,65.94999694824219,1902,0.0,0.0,0.0
2024-08-28 13:30:00-04:00,65.93000030517578,65.9800033569336,65.91999816894531,65.9800033569336,1001,0.0,0.0,0.0
2024-08-28 14:30:00-04:00,65.94999694824219,66.06999969482422,65.94999694824219,66.02999877929688,897,0.0,0.0,0.0
2024-08-28 15:30:00-04:00,66.02999877929688,66.04499816894531,65.97000122070312,65.97000122070312,4901,0.0,0.0,0.0
2024-08-29 09:30:00-04:00,66.66000366210938,66.77999877929688,66.60050201416016,66.60050201416016,0,0.0,0.0,0.0
2024-08-29 10:30:00-04:00,66.67500305175781,66.75759887695312,66.62000274658203,66.7217025756836,3821,0.0,0.0,0.0
2024-08-29 11:30:00-04:00,66.75499725341797,66.76000213623047,66.74469757080078,66.74469757080078,882,0.0,0.0,0.0
2024-08-29 12:30:00-04:00,66.7300033569336,66.7699966430664,66.7300033569336,66.7699966430664,315,0.0,0.0,0.0
2024-08-29 13:30:00-04:00,66.79000091552734,66.8499984741211,66.75,66.75,25125,0.0,0.0,0.0
2024-08-29 14:30:00-04:00,66.75,66.76000213623047,66.41999816894531,66.71499633789062,77775,0.0,0.0,0.0
2024-08-29 15:30:00-04:00,66.7500991821289,66.7500991821289,66.6500015258789,66.6500015258789,5050,0.0,0.0,0.0
2024-08-30 09:30:00-04:00,67.55000305175781,67.55000305175781,67.36000061035156,67.36000061035156,0,0.0,0.0,0.0
2024-08-30 10:30:00-04:00,67.30000305175781,67.30000305175781,67.18000030517578,67.18000030517578,752,0.0,0.0,0.0
2024-08-30 11:30:00-04:00,67.05999755859375,67.14600372314453,67.05999755859375,67.08999633789062,596,0.0,0.0,0.0
2024-08-30 12:30:00-04:00,67.0199966430664,67.11000061035156,67.0199966430664,67.11000061035156,1755,0.0,0.0,0.0
2024-08-30 13:30:00-04:00,67.0739974975586,67.19999694824219,67.04000091552734,67.19999694824219,2608,0.0,0.0,0.0
2024-08-30 14:30:00-04:00,67.19999694824219,67.28990173339844,67.19000244140625,67.28880310058594,10224,0.0,0.0,0.0
2024-08-30 15:30:00-04:00,67.29000091552734,67.29000091552734,67.18000030517578,67.2300033569336,69330,0.0,0.0,0.0
2024-09-03 09:30:00-04:00,66.4800033569336,66.4800033569336,66.29000091552734,66.37999725341797,0,0.0,0.0,0.0
2024-09-03 10:30:00-04:00,66.375,66.375,66.30999755859375,66.30999755859375,914,0.0,0.0,0.0
2024-09-03 11:30:00-04:00,66.44499969482422,66.54000091552734,66.44499969482422,66.54000091552734,842,0.0,0.0,0.0
2024-09-03 12:30:00-04:00,66.625,66.625,66.5999984741211,66.5999984741211,502,0.0,0.0,0.0
2024-09-03 13:30:00-04:00,66.52999877929688,66.52999877929688,66.3499984741211,66.3499984741211,1417,0.0,0.0,0.0
2024-09-03 14:30:00-04:00,66.34030151367188,66.34030151367188,66.34030151367188,66.34030151367188,1616,0.0,0.0,0.0
2024-09-03 15:30:00-04:00,66.3550033569336,66.41000366210938,66.33000183105469,66.41000366210938,0,0.0,0.0,0.0
2024-09-04 09:30:00-04:00,66.44000244140625,66.54000091552734,66.30999755859375,66.30999755859375,4446,0.0,0.0,0.0
2024-09-04 10:30:00-04:00,66.43000030517578,66.43000030517578,66.37000274658203,66.37000274658203,898,0.0,0.0,0.0
2024-09-04 11:30:00-04:00,66.31069946289062,66.31999969482422,66.18099975585938,66.23999786376953,4825,0.0,0.0,0.0
2024-09-04 12:30:00-04:00,66.2842025756836,66.2842025756836,66.2842025756836,66.2842025756836,180,0.0,0.0,0.0
2024-09-04 13:30:00-04:00,66.33000183105469,66.33000183105469,66.25,66.27999877929688,775,0.0,0.0,0.0
2024-09-04 14:30:00-04:00,66.27999877929688,66.30999755859375,66.11699676513672,66.11699676513672,0,0.0,0.0,0.0
2024-09-05 09:30:00-04:00,66.25,66.4800033569336,66.25,66.32260131835938,2342,0.0,0.0,0.0
2024-09-05 10:30:00-04:00,66.33999633789062,66.3499984741211,66.26000213623047,66.26000213623047,1048,0.0,0.0,0.0
2024-09-05 11:30:00-04:00,66.16999816894531,66.26000213623047,66.16999816894531,66.26000213623047,980,0.0,0.0,0.0
2024-09-05 12:30:00-04:00,66.26000213623047,66.26000213623047,66.19999694824219,66.19999694824219,1648,0.0,0.0,0.0
2024-09-05 13:30:00-04:00,66.13999938964844,66.23999786376953,66.12999725341797,66.23999786376953,1498,0.0,0.0,0.0
2024-09-05 14:30:00-04:00,66.2699966430664,66.2699966430664,66.2699966430664,66.2699966430664,296,0.0,0.0,0.0
2024-09-05 15:30:00-04:00,66.16999816894531,66.20999908447266,66.16999816894531,66.20999908447266,0,0.0,0.0,0.0
2024-09-06 09:30:00-04:00,65.97000122070312,65.97000122070312,65.69940185546875,65.69940185546875,1613,0.0,0.0,0.0
2024-09-06 10:30:00-04:00,65.63999938964844,65.80000305175781,65.5999984741211,65.5999984741211,2110,0.0,0.0,0.0
2024-09-06 11:30:00-04:00,65.61000061035156,65.61000061035156,65.47000122070312,65.47000122070312,1497,0.0,0.0,0.0
2024-09-06 12:30:00-04:00,65.38999938964844,65.38999938964844,65.38999938964844,65.38999938964844,204,0.0,0.0,0.0
2024-09-06 13:30:00-04:00,65.48999786376953,65.5199966430664,65.41999816894531,65.41999816894531,1238,0.0,0.0,0.0
2024-09-06 14:30:00-04:00,65.4000015258789,65.46990203857422,65.4000015258789,65.44999694824219,3896,0.0,0.0,0.0
2024-09-06 15:30:00-04:00,65.43000030517578,65.4800033569336,65.4000015258789,65.41999816894531,7273,0.0,0.0,0.0
2024-09-09 09:30:00-04:00,65.08000183105469,65.16000366210938,64.9000015258789,65.16000366210938,6121,0.0,0.0,0.0
2024-09-09 10:30:00-04:00,65.01000213623047,65.12999725341797,65.01000213623047,65.11000061035156,1031,0.0,0.0,0.0
2024-09-09 11:30:00-04:00,65.25,65.25,65.19000244140625,65.22989654541016,1758,0.0,0.0,0.0
2024-09-09 12:30:00-04:00,65.23999786376953,65.3729019165039,65.22859954833984,65.3499984741211,2526,0.0,0.0,0.0
2024-09-09 13:30:00-04:00,65.37000274658203,65.37000274658203,65.3499984741211,65.3499984741211,554,0.0,0.0,0.0
2024-09-09 14:30:00-04:00,65.27999877929688,65.31999969482422,65.20999908447266,65.29000091552734,2382,0.0,0.0,0.0
2024-09-09 15:30:00-04:00,65.20999908447266,65.23999786376953,65.18000030517578,65.20999908447266,7447,0.0,0.0,0.0
2024-09-10 09:30:00-04:00,65.16000366210938,65.16000366210938,64.83000183105469,64.87000274658203,8184,0.0,0.0,0.0
2024-09-10 10:30:00-04:00,64.79000091552734,64.83000183105469,64.79000091552734,64.80000305175781,340077,0.0,0.0,0.0
2024-09-10 11:30:00-04:00,64.75,64.75,64.69830322265625,64.72000122070312,1029,0.0,0.0,0.0
2024-09-10 12:30:00-04:00,64.73999786376953,64.77999877929688,64.69000244140625,64.75,1457,0.0,0.0,0.0
2024-09-10 14:30:00-04:00,64.80180358886719,64.80180358886719,64.80180358886719,64.80180358886719,220,0.0,0.0,0.0
2024-09-10 15:30:00-04:00,64.95999908447266,64.95999908447266,64.93000030517578,64.93000030517578,0,0.0,0.0,0.0
2024-09-11 09:30:00-04:00,65.19999694824219,65.30000305175781,65.07080078125,65.0999984741211,8210,0.0,0.0,0.0
2024-09-11 10:30:00-04:00,64.91999816894531,65.05000305175781,64.83000183105469,65.05000305175781,2099,0.0,0.0,0.0
2024-09-11 11:30:00-04:00,65.25,65.25,65.18000030517578,65.18000030517578,721,0.0,0.0,0.0
2024-09-11 12:30:00-04:00,65.37999725341797,65.37999725341797,65.36000061035156,65.36000061035156,731,0.0,0.0,0.0
2024-09-11 13:30:00-04:00,65.41000366210938,65.44000244140625,65.37000274658203,65.41999816894531,36814,0.0,0.0,0.0
2024-09-11 14:30:00-04:00,65.41000366210938,65.41000366210938,65.37999725341797,65.37999725341797,220,0.0,0.0,0.0
2024-09-11 15:30:00-04:00,65.41500091552734,65.45999908447266,65.37000274658203,65.41000366210938,1460,0.0,0.0,0.0
2024-09-12 09:30:00-04:00,65.23999786376953,65.25,65.1500015258789,65.1500015258789,0,0.0,0.0,0.0
2024-09-12 10:30:00-04:00,65.19000244140625,65.19999694824219,65.19000244140625,65.19999694824219,724,0.0,0.0,0.0
2024-09-12 12:30:00-04:00,65.26499938964844,65.38999938964844,65.26499938964844,65.38999938964844,896,0.0,0.0,0.0
2024-09-12 13:30:00-04:00,65.4000015258789,65.4000015258789,65.4000015258789,65.4000015258789,885,0.0,0.0,0.0
2024-09-12 14:30:00-04:00,65.4000015258789,65.4000015258789,65.38500213623047,65.38500213623047,696,0.0,0.0,0.0
2024-09-12 15:30:00-04:00,65.3499984741211,65.38999938964844,65.31999969482422,65.31999969482422,0,0.0,0.0,0.0
2024-09-13 09:30:00-04:00,65.54000091552734,65.58000183105469,65.4000015258789,65.43000030517578,0,0.0,0.0,0.0
2024-09-13 10:30:00-04:00,65.49150085449219,65.49150085449219,65.48999786376953,65.4906005859375,4302,0.0,0.0,0.0
2024-09-13 11:30:00-04:00,65.41000366210938,65.41000366210938,65.41000366210938,65.41000366210938,225,0.0,0.0,0.0
2024-09-13 12:30:00-04:00,65.33000183105469,65.3550033569336,65.30999755859375,65.33000183105469,1028,0.0,0.0,0.0
2024-09-13 13:30:00-04:00,65.31999969482422,65.375,65.31999969482422,65.33999633789062,991,0.0,0.0,0.0
2024-09-13 14:30:00-04:00,65.40499877929688,65.40499877929688,65.40499877929688,65.40499877929688,200,0.0,0.0,0.0
2024-09-13 15:30:00-04:00,65.37999725341797,65.51000213623047,65.37999725341797,65.51000213623047,3884,0.0,0.0,0.0
2024-09-16 09:30:00-04:00,65.80000305175781,65.80000305175781,65.67990112304688,65.69000244140625,11519,0.0,0.0,0.0
2024-09-16 10:30:00-04:00,65.62999725341797,65.69999694824219,65.62999725341797,65.67970275878906,2660,0.0,0.0,0.0
2024-09-16 11:30:00-04:00,65.66000366210938,65.66000366210938,65.6500015258789,65.6500015258789,3129,0.0,0.0,0.0
2024-09-16 12:30:00-04:00,65.6449966430664,65.6500015258789,65.63999938964844,65.6500015258789,804,0.0,0.0,0.0
2024-09-16 13:30:00-04:00,65.61499786376953,65.69000244140625,65.61499786376953,65.66500091552734,1678,0.0,0.0,0.0
2024-09-16 14:30:00-04:00,65.66999816894531,65.66999816894531,65.63269805908203,65.66000366210938,1480,0.0,0.0,0.0
2024-09-16 15:30:00-04:00,65.66000366210938,65.73999786376953,65.62000274658203,65.73999786376953,11059,0.0,0.0,0.0
2024-09-17 09:30:00-04:00,65.88999938964844,66.55999755859375,65.88999938964844,66.52860260009766,6411,0.0,0.0,0.0
2024-09-17 10:30:00-04:00,66.41999816894531,66.41999816894531,66.37920379638672,66.39649963378906,1749,0.0,0.0,0.0
2024-09-17 11:30:00-04:00,66.41500091552734,66.41500091552734,66.31999969482422,66.31999969482422,1243,0.0,0.0,0.0
2024-09-17 12:30:00-04:00,66.30180358886719,66.31999969482422,66.23999786376953,66.23999786376953,1710,0.0,0.0,0.0
2024-09-17 13:30:00-04:00,66.25,66.31999969482422,66.22000122070312,66.27999877929688,1552,0.0,0.0,0.0
2024-09-17 14:30:00-04:00,66.25,66.25,66.23210144042969,66.23210144042969,845,0.0,0.0,0.0
2024-09-17 15:30:00-04:00,66.18000030517578,66.18000030517578,66.18000030517578,66.18000030517578,0,0.0,0.0,0.0
2024-09-18 09:30:00-04:00,66.51000213623047,66.51000213623047,66.1500015258789,66.1500015258789,14122,0.0,0.0,0.0
2024-09-18 10:30:00-04:00,66.12000274658203,66.18000030517578,66.05000305175781,66.05000305175781,13929,0.0,0.0,0.0
2024-09-18 11:30:00-04:00,66.0,66.0,65.94000244140625,65.94000244140625,1068,0.0,0.0,0.0
2024-09-18 12:30:00-04:00,65.91000366210938,65.91000366210938,65.91000366210938,65.91000366210938,323,0.0,0.0,0.0
2024-09-18 13:30:00-04:00,66.05000305175781,66.5999984741211,66.05000305175781,66.32499694824219,2455,0.0,0.0,0.0
2024-09-18 14:30:00-04:00,66.38999938964844,66.41000366210938,66.04000091552734,66.06999969482422,4707,0.0,0.0,0.0
2024-09-18 15:30:00-04:00,66.0199966430664,66.0199966430664,65.91000366210938,65.91000366210938,3230,0.0,0.0,0.0
2024-09-19 09:30:00-04:00,67.58999633789062,67.58999633789062,67.31999969482422,67.44999694824219,4495,0.0,0.0,0.0
2024-09-19 10:30:00-04:00,67.55000305175781,67.5999984741211,67.52999877929688,67.55000305175781,1985,0.0,0.0,0.0
2024-09-19 11:30:00-04:00,67.6500015258789,67.81999969482422,67.6500015258789,67.79499816894531,2412,0.0,0.0,0.0
2024-09-19 12:30:00-04:00,67.79149627685547,67.95999908447266,67.7655029296875,67.94999694824219,3209,0.0,0.0,0.0
2024-09-19 13:30:00-04:00,67.94999694824219,68.04000091552734,67.92500305175781,68.04000091552734,27485,0.0,0.0,0.0
2024-09-19 14:30:00-04:00,68.0199966430664,68.0199966430664,67.97000122070312,67.98999786376953,1684,0.0,0.0,0.0
2024-09-19 15:30:00-04:00,67.97000122070312,68.01000213623047,67.93000030517578,68.01000213623047,1531,0.0,0.0,0.0
2024-09-20 09:30:00-04:00,68.33999633789062,68.33999633789062,67.9800033569336,67.9800033569336,2163,0.0,0.0,0.0
2024-09-20 10:30:00-04:00,68.0999984741211,68.0999984741211,67.91089630126953,67.91089630126953,340,0.0,0.0,0.0
2024-09-20 11:30:00-04:00,67.94000244140625,68.07820129394531,67.94000244140625,68.04000091552734,2250,0.0,0.0,0.0
2024-09-20 12:30:00-04:00,68.01000213623047,68.05470275878906,67.94000244140625,67.94000244140625,1101,0.0,0.0,0.0
2024-09-20 13:30:00-04:00,67.90799713134766,67.90799713134766,67.90799713134766,67.90799713134766,337,0.0,0.0,0.0
2024-09-20 14:30:00-04:00,67.97000122070312,67.99810028076172,67.97000122070312,67.99810028076172,600,0.0,0.0,0.0
2024-09-20 15:30:00-04:00,67.90869903564453,67.95860290527344,67.90869903564453,67.95860290527344,0,0.0,0.0,0.0
2024-09-23 09:30:00-04:00,68.2699966430664,68.9000015258789,68.2699966430664,68.9000015258789,4824,0.0,0.0,0.0
2024-09-23 10:30:00-04:00,69.0,69.05000305175781,69.0,69.04000091552734,1646,0.0,0.0,0.0
2024-09-23 11:30:00-04:00,68.88009643554688,68.98999786376953,68.83570098876953,68.83570098876953,1934,0.0,0.0,0.0
2024-09-23 13:30:00-04:00,68.9531021118164,68.9531021118164,68.87999725341797,68.94580078125,836,0.0,0.0,0.0
2024-09-23 14:30:00-04:00,68.96810150146484,68.9800033569336,68.93560028076172,68.9800033569336,685,0.0,0.0,0.0
2024-09-23 15:30:00-04:00,68.91500091552734,68.91500091552734,68.83999633789062,68.86000061035156,1083,0.0,0.0,0.0
2024-09-24 09:30:00-04:00,72.95999908447266,73.37000274658203,72.7249984741211,72.94989776611328,42596,0.0,0.0,0.0
2024-09-24 10:30:00-04:00,72.99929809570312,73.5,72.94999694824219,73.5,7364,0.0,0.0,0.0
2024-09-24 11:30:00-04:00,73.63999938964844,74.0,73.63999938964844,73.79000091552734,11511,0.0,0.0,0.0
2024-09-24 12:30:00-04:00,73.68000030517578,74.16000366210938,73.58999633789062,74.1500015258789,15005,0.0,0.0,0.0
2024-09-24 13:30:00-04:00,74.18000030517578,74.47000122070312,74.18000030517578,74.25,10034,0.0,0.0,0.0
2024-09-24 14:30:00-04:00,74.41000366210938,74.9800033569336,74.29000091552734,74.95999908447266,13073,0.0,0.0,0.0
2024-09-24 15:30:00-04:00,74.93000030517578,75.0,74.80000305175781,75.0,10533,0.0,0.0,0.0
2024-09-25 09:30:00-04:00,73.12000274658203,73.52999877929688,72.72000122070312,73.45999908447266,13337,0.0,0.0,0.0
2024-09-25 10:30:00-04:00,73.44999694824219,73.70999908447266,73.44999694824219,73.552001953125,29623,0.0,0.0,0.0
2024-09-25 11:30:00-04:00,73.4000015258789,73.4000015258789,73.33000183105469,73.36000061035156,1878,0.0,0.0,0.0
2024-09-25 12:30:00-04:00,73.40499877929688,73.47000122070312,73.33999633789062,73.37999725341797,3096,0.0,0.0,0.0
2024-09-25 13:30:00-04:00,73.31849670410156,73.3499984741211,73.27999877929688,73.27999877929688,561,0.0,0.0,0.0
2024-09-25 14:30:00-04:00,73.30049896240234,73.32990264892578,73.16000366210938,73.16000366210938,2313,0.0,0.0,0.0
2024-09-25 15:30:00-04:00,73.18000030517578,73.20999908447266,73.12999725341797,73.19999694824219,0,0.0,0.0,0.0
2024-09-26 09:30:00-04:00,79.95999908447266,79.95999908447266,78.51399993896484,78.7699966430664,60352,0.0,0.0,0.0
2024-09-26 10:30:00-04:00,78.58999633789062,78.83979797363281,78.18000030517578,78.59500122070312,23501,0.0,0.0,0.0
2024-09-26 11:30:00-04:00,78.86000061035156,79.48999786376953,78.86000061035156,79.08999633789062,46699,0.0,0.0,0.0
2024-09-26 12:30:00-04:00,79.18000030517578,79.23999786376953,78.8499984741211,79.08000183105469,32547,0.0,0.0,0.0
2024-09-26 13:30:00-04:00,79.16999816894531,79.58999633789062,79.16999816894531,79.58999633789062,19068,0.0,0.0,0.0
2024-09-26 14:30:00-04:00,79.61000061035156,79.76000213623047,79.41000366210938,79.44000244140625,51848,0.0,0.0,0.0
2024-09-26 15:30:00-04:00,79.48999786376953,79.77999877929688,79.44000244140625,79.77999877929688,31579,0.0,0.0,0.0
2024-09-27 09:30:00-04:00,80.12000274658203,81.70999908447266,80.12000274658203,81.54000091552734,84677,0.0,0.0,0.0
2024-09-27 10:30:00-04:00,81.51000213623047,81.52989959716797,80.80999755859375,80.83799743652344,23639,0.0,0.0,0.0
2024-09-27 11:30:00-04:00,80.81999969482422,80.88790130615234,80.66999816894531,80.82039642333984,4041,0.0,0.0,0.0
2024-09-27 12:30:00-04:00,81.0,81.1449966430664,80.97000122070312,81.04460144042969,11894,0.0,0.0,0.0
2024-09-27 13:30:00-04:00,80.9093017578125,81.08110046386719,80.86730194091797,81.05919647216797,91697,0.0,0.0,0.0
2024-09-27 14:30:00-04:00,80.92990112304688,81.12989807128906,80.84459686279297,81.08499908447266,3145,0.0,0.0,0.0
2024-09-27 15:30:00-04:00,81.08999633789062,81.15390014648438,81.05000305175781,81.05000305175781,10158,0.0,0.0,0.0
2024-09-30 09:30:00-04:00,84.0,84.0999984741211,83.24500274658203,83.56500244140625,33010,0.0,0.0,0.0
2024-09-30 10:30:00-04:00,83.62999725341797,83.79000091552734,83.15460205078125,83.16000366210938,14212,0.0,0.0,0.0
2024-09-30 11:30:00-04:00,82.87000274658203,82.93499755859375,81.87030029296875,82.25,16974,0.0,0.0,0.0
2024-09-30 12:30:00-04:00,82.14990234375,82.55999755859375,82.0,82.04989624023438,11978,0.0,0.0,0.0
2024-09-30 13:30:00-04:00,81.94999694824219,82.36000061035156,81.94999694824219,81.97000122070312,11166,0.0,0.0,0.0
2024-09-30 14:30:00-04:00,82.1072998046875,82.18000030517578,81.91999816894531,81.96499633789062,32470,0.0,0.0,0.0
2024-09-30 15:30:00-04:00,81.91999816894531,82.0,81.81999969482422,81.91999816894531,8812,0.0,0.0,0.0
2024-10-01 09:30:00-04:00,82.43000030517578,83.26499938964844,82.04679870605469,82.47000122070312,62452,0.0,0.0,0.0
2024-10-01 10:30:00-04:00,82.41999816894531,83.23809814453125,82.37999725341797,83.22000122070312,27438,0.0,0.0,0.0
2024-10-01 11:30:00-04:00,83.24500274658203,84.22720336914062,83.24500274658203,84.0,13460,0.0,0.0,0.0
2024-10-01 12:30:00-04:00,84.04000091552734,84.04000091552734,83.39990234375,83.58999633789062,22488,0.0,0.0,0.0
2024-10-01 13:30:00-04:00,83.6500015258789,84.50160217285156,83.62999725341797,84.50160217285156,11345,0.0,0.0,0.0
2024-10-01 14:30:00-04:00,84.54000091552734,84.73690032958984,84.47000122070312,84.69349670410156,16043,0.0,0.0,0.0
2024-10-01 15:30:00-04:00,84.6897964477539,84.98999786376953,84.66000366210938,84.98999786376953,12717,0.0,0.0,0.0
2024-10-02 09:30:00-04:00,89.75,89.82109832763672,88.44000244140625,88.44000244140625,74526,0.0,0.0,0.0
2024-10-02 10:30:00-04:00,88.73999786376953,89.16790008544922,88.23999786376953,88.63990020751953,16876,0.0,0.0,0.0
2024-10-02 11:30:00-04:00,88.47000122070312,89.5198974609375,88.43000030517578,89.38999938964844,19999,0.0,0.0,0.0
2024-10-02 12:30:00-04:00,89.22000122070312,89.48999786376953,89.05999755859375,89.21499633789062,16480,0.0,0.0,0.0
2024-10-02 13:30:00-04:00,89.1500015258789,89.52999877929688,88.9020004272461,89.46499633789062,21516,0.0,0.0,0.0
2024-10-02 14:30:00-04:00,89.50509643554688,89.91000366210938,89.41000366210938,89.91000366210938,5763,0.0,0.0,0.0
2024-10-02 15:30:00-04:00,89.91999816894531,90.41999816894531,89.91500091552734,90.41999816894531,15699,0.0,0.0,0.0
2024-10-03 09:30:00-04:00,87.27999877929688,89.27999877929688,87.12010192871094,89.27999877929688,121265,0.0,0.0,0.0
2024-10-03 10:30:00-04:00,88.6500015258789,88.70999908447266,88.12000274658203,88.70999908447266,20619,0.0,0.0,0.0
2024-10-03 11:30:00-04:00,88.6854019165039,89.08999633789062,88.59809875488281,89.08999633789062,62417,0.0,0.0,0.0
2024-10-03 12:30:00-04:00,89.05000305175781,89.19999694824219,88.36519622802734,88.74590301513672,24028,0.0,0.0,0.0
2024-10-03 13:30:00-04:00,88.63870239257812,88.94080352783203,88.55000305175781,88.94080352783203,2048,0.0,0.0,0.0
2024-10-03 14:30:00-04:00,88.84500122070312,88.98989868164062,88.6051025390625,88.6051025390625,2845,0.0,0.0,0.0
2024-10-03 15:30:00-04:00,88.26000213623047,88.52989959716797,88.13009643554688,88.38999938964844,4195,0.0,0.0,0.0
2024-10-04 09:30:00-04:00,91.16999816894531,91.30000305175781,90.43000030517578,90.97000122070312,35649,0.0,0.0,0.0
2024-10-04 10:30:00-04:00,90.97000122070312,90.97000122070312,90.33999633789062,90.5199966430664,10440,0.0,0.0,0.0
2024-10-04 11:30:00-04:00,90.55000305175781,90.9000015258789,90.54000091552734,90.61000061035156,8957,0.0,0.0,0.0
2024-10-04 12:30:00-04:00,90.61000061035156,91.0,90.61000061035156,91.0,8405,0.0,0.0,0.0
2024-10-04 13:30:00-04:00,91.05000305175781,91.3843002319336,91.02999877929688,91.1500015258789,21362,0.0,0.0,0.0
2024-10-04 14:30:00-04:00,91.12999725341797,91.30999755859375,91.05010223388672,91.30999755859375,12881,0.0,0.0,0.0
2024-10-04 15:30:00-04:00,91.33000183105469,91.9000015258789,91.33000183105469,91.86000061035156,4420,0.0,0.0,0.0
2024-10-07 09:30:00-04:00,94.55690002441406,95.5,94.12999725341797,95.04170227050781,38507,0.0,0.0,0.0
2024-10-07 10:30:00-04:00,94.30490112304688,94.58000183105469,93.2300033569336,94.0199966430664,21762,0.0,0.0,0.0
2024-10-07 11:30:00-04:00,94.0199966430664,94.48999786376953,93.62000274658203,94.44000244140625,23574,0.0,0.0,0.0
2024-10-07 12:30:00-04:00,94.2249984741211,95.33000183105469,94.0000991821289,95.01499938964844,17745,0.0,0.0,0.0
2024-10-07 13:30:00-04:00,95.37460327148438,95.58999633789062,95.0,95.3499984741211,6370,0.0,0.0,0.0
2024-10-07 14:30:00-04:00,95.18000030517578,95.79989624023438,95.00409698486328,95.66000366210938,7961,0.0,0.0,0.0
2024-10-07 15:30:00-04:00,95.77999877929688,97.1521987915039,95.68009948730469,96.88999938964844,8077,0.0,0.0,0.0
2024-10-08 09:30:00-04:00,85.54000091552734,86.8593978881836,85.33789825439453,86.05999755859375,62722,0.0,0.0,0.0
2024-10-08 10:30:00-04:00,86.01000213623047,86.54499816894531,85.61499786376953,85.61499786376953,66917,0.0,0.0,0.0
2024-10-08 11:30:00-04:00,85.62000274658203,86.30000305175781,85.62000274658203,85.9800033569336,25787,0.0,0.0,0.0
2024-10-08 12:30:00-04:00,86.0,86.0,85.06999969482422,85.0999984741211,25204,0.0,0.0,0.0
2024-10-08 13:30:00-04:00,85.30000305175781,85.38999938964844,84.65689849853516,84.81999969482422,44420,0.0,0.0,0.0
2024-10-08 14:30:00-04:00,84.80000305175781,85.06999969482422,84.08000183105469,84.18000030517578,31101,0.0,0.0,0.0
2024-10-08 15:30:00-04:00,84.16999816894531,86.08000183105469,84.16999816894531,86.02999877929688,13679,0.0,0.0,0.0
2024-10-09 09:30:00-04:00,81.83000183105469,83.13999938964844,81.83000183105469,82.98999786376953,39726,0.0,0.0,0.0
2024-10-09 10:30:00-04:00,83.06999969482422,83.66999816894531,82.29060363769531,83.45500183105469,13503,0.0,0.0,0.0
2024-10-09 11:30:00-04:00,83.43000030517578,83.70999908447266,83.32579803466797,83.69000244140625,6612,0.0,0.0,0.0
2024-10-09 12:30:00-04:00,83.58000183105469,83.58789825439453,83.04000091552734,83.04000091552734,3801,0.0,0.0,0.0
2024-10-09 13:30:00-04:00,83.14859771728516,83.76000213623047,83.12000274658203,83.76000213623047,4412,0.0,0.0,0.0
2024-10-09 14:30:00-04:00,83.68000030517578,83.73999786376953,83.41000366210938,83.49829864501953,13028,0.0,0.0,0.0
2024-10-09 15:30:00-04:00,83.4990005493164,83.52570343017578,83.12999725341797,83.12999725341797,9816,0.0,0.0,0.0
2024-10-10 09:30:00-04:00,84.05999755859375,84.22429656982422,82.59950256347656,83.30999755859375,16321,0.0,0.0,0.0
2024-10-10 10:30:00-04:00,83.24349975585938,83.89720153808594,83.12969970703125,83.69999694824219,16058,0.0,0.0,0.0
2024-10-10 11:30:00-04:00,83.58999633789062,84.08000183105469,83.52999877929688,83.88500213623047,5924,0.0,0.0,0.0
2024-10-10 12:30:00-04:00,83.87000274658203,84.2500991821289,83.86000061035156,84.2500991821289,7308,0.0,0.0,0.0
2024-10-10 13:30:00-04:00,84.36000061035156,84.43000030517578,84.11009979248047,84.11009979248047,5340,0.0,0.0,0.0
2024-10-10 14:30:00-04:00,84.1500015258789,84.16999816894531,83.83999633789062,83.95999908447266,15494,0.0,0.0,0.0
2024-10-10 15:30:00-04:00,83.91999816894531,84.01000213623047,83.83000183105469,83.83000183105469,5734,0.0,0.0,0.0
2024-10-11 09:30:00-04:00,82.2300033569336,83.37999725341797,82.0250015258789,83.37999725341797,20247,0.0,0.0,0.0
2024-10-11 10:30:00-04:00,83.13999938964844,84.0999984741211,83.05999755859375,84.0999984741211,9342,0.0,0.0,0.0
2024-10-11 11:30:00-04:00,84.08999633789062,84.37000274658203,84.05999755859375,84.08999633789062,2031,0.0,0.0,0.0
2024-10-11 12:30:00-04:00,84.04000091552734,84.13079833984375,83.53009796142578,84.05999755859375,3873,0.0,0.0,0.0
2024-10-11 13:30:00-04:00,84.01850128173828,84.33000183105469,84.01850128173828,84.30999755859375,2031,0.0,0.0,0.0
2024-10-11 14:30:00-04:00,84.2699966430664,84.40489959716797,84.16500091552734,84.4000015258789,2894,0.0,0.0,0.0
2024-10-11 15:30:00-04:00,84.25849914550781,84.25849914550781,83.87000274658203,83.87000274658203,3891,0.0,0.0,0.0
2024-10-14 09:30:00-04:00,82.66999816894531,84.11000061035156,82.19999694824219,83.76000213623047,29672,0.0,0.0,0.0
2024-10-14 10:30:00-04:00,83.6500015258789,83.6500015258789,83.08999633789062,83.08999633789062,4801,0.0,0.0,0.0
2024-10-14 11:30:00-04:00,83.0199966430664,83.17109680175781,82.97000122070312,83.13999938964844,4314,0.0,0.0,0.0
2024-10-14 12:30:00-04:00,83.02010345458984,83.07499694824219,82.69999694824219,82.78150177001953,7100,0.0,0.0,0.0
2024-10-14 13:30:00-04:00,82.86000061035156,82.9800033569336,82.75,82.75,5021,0.0,0.0,0.0
2024-10-14 14:30:00-04:00,82.84500122070312,82.87000274658203,82.4000015258789,82.4000015258789,1946,0.0,0.0,0.0
2024-10-14 15:30:00-04:00,82.53189849853516,82.53189849853516,82.37999725341797,82.48999786376953,4461,0.0,0.0,0.0
2024-10-15 09:30:00-04:00,80.4800033569336,80.4800033569336,79.62999725341797,79.62999725341797,23390,0.0,0.0,0.0
2024-10-15 10:30:00-04:00,79.41000366210938,79.52670288085938,78.86499786376953,78.87999725341797,44984,0.0,0.0,0.0
2024-10-15 11:30:00-04:00,78.97000122070312,79.08999633789062,78.48919677734375,78.52999877929688,7331,0.0,0.0,0.0
2024-10-15 12:30:00-04:00,78.57499694824219,78.83999633789062,78.37999725341797,78.77850341796875,8839,0.0,0.0,0.0
2024-10-15 13:30:00-04:00,78.62000274658203,78.7300033569336,78.4000015258789,78.72989654541016,56455,0.0,0.0,0.0
2024-10-15 14:30:00-04:00,78.59500122070312,78.66000366210938,78.23999786376953,78.30000305175781,17207,0.0,0.0,0.0
2024-10-15 15:30:00-04:00,78.23999786376953,78.4749984741211,78.1500015258789,78.45999908447266,9142,0.0,0.0,0.0
2024-10-16 09:30:00-04:00,79.3499984741211,79.80000305175781,79.06999969482422,79.55000305175781,9870,0.0,0.0,0.0
2024-10-16 10:30:00-04:00,79.59010314941406,80.02999877929688,79.55000305175781,80.0199966430664,4363,0.0,0.0,0.0
2024-10-16 11:30:00-04:00,80.12000274658203,80.26000213623047,79.80999755859375,79.87999725341797,6219,0.0,0.0,0.0
2024-10-16 12:30:00-04:00,79.87999725341797,79.87999725341797,79.80999755859375,79.83000183105469,924,0.0,0.0,0.0
2024-10-16 13:30:00-04:00,79.98999786376953,79.98999786376953,79.9000015258789,79.9000015258789,1124,0.0,0.0,0.0
2024-10-16 14:30:00-04:00,79.86000061035156,79.91999816894531,79.79000091552734,79.81999969482422,11934,0.0,0.0,0.0
2024-10-16 15:30:00-04:00,79.83000183105469,79.83000183105469,79.62000274658203,79.68000030517578,0,0.0,0.0,0.0
2024-10-17 09:30:00-04:00,77.97000122070312,77.97000122070312,77.17009735107422,77.37770080566406,14964,0.0,0.0,0.0
2024-10-17 10:30:00-04:00,77.47029876708984,77.79000091552734,77.3499984741211,77.56500244140625,37780,0.0,0.0,0.0
2024-10-17 11:30:00-04:00,77.5999984741211,77.61000061035156,77.55000305175781,77.55000305175781,1321,0.0,0.0,0.0
2024-10-17 12:30:00-04:00,77.66999816894531,77.66999816894531,77.4800033569336,77.5198974609375,1096,0.0,0.0,0.0
2024-10-17 13:30:00-04:00,77.54000091552734,77.54000091552734,77.47750091552734,77.51830291748047,3493,0.0,0.0,0.0
2024-10-17 14:30:00-04:00,77.45999908447266,77.63999938964844,77.42009735107422,77.5,13638,0.0,0.0,0.0
2024-10-17 15:30:00-04:00,77.43000030517578,77.69000244140625,77.43000030517578,77.69000244140625,0,0.0,0.0,0.0
2024-10-18 09:30:00-04:00,81.88999938964844,81.88999938964844,80.83000183105469,81.11000061035156,81703,0.0,0.0,0.0
2024-10-18 10:30:00-04:00,81.1500015258789,81.28500366210938,80.91000366210938,80.98500061035156,111690,0.0,0.0,0.0
2024-10-18 11:30:00-04:00,81.01000213623047,81.06999969482422,80.81999969482422,81.04000091552734,9765,0.0,0.0,0.0
2024-10-18 12:30:00-04:00,81.08000183105469,81.08000183105469,80.9000015258789,81.06999969482422,11499,0.0,0.0,0.0
2024-10-18 13:30:00-04:00,81.05000305175781,81.125,81.01000213623047,81.08499908447266,4513,0.0,0.0,0.0
2024-10-18 14:30:00-04:00,81.11000061035156,81.27999877929688,81.0801010131836,81.27999877929688,11223,0.0,0.0,0.0
2024-10-18 15:30:00-04:00,81.24500274658203,81.24500274658203,80.9800033569336,81.02909851074219,4019,0.0,0.0,0.0
