Datetime,Open,High,Low,Close,Volume,Dividends,Stock Splits
2022-10-20 09:30:00-04:00,52.02000045776367,52.02000045776367,51.63999938964844,51.63999938964844,0,0.0,0.0
2022-10-20 13:30:00-04:00,51.0,51.04999923706055,51.0,51.04999923706055,1186,0.0,0.0
2022-10-20 15:30:00-04:00,50.89500045776367,50.89500045776367,50.709999084472656,50.709999084472656,418,0.0,0.0
2022-10-21 09:30:00-04:00,50.79999923706055,50.79999923706055,50.79999923706055,50.79999923706055,2044,0.0,0.0
2022-10-21 10:30:00-04:00,50.790000915527344,51.0,50.5,51.0,864,0.0,0.0
2022-10-21 11:30:00-04:00,51.150001525878906,51.150001525878906,51.0,51.0,888,0.0,0.0
2022-10-21 13:30:00-04:00,50.65999984741211,50.65999984741211,50.65999984741211,50.65999984741211,678,0.0,0.0
2022-10-21 14:30:00-04:00,51.58000183105469,51.619998931884766,51.18000030517578,51.619998931884766,2036,0.0,0.0
2022-10-24 09:30:00-04:00,51.72999954223633,51.72999954223633,51.72999954223633,51.72999954223633,509,0.0,0.0
2022-10-24 12:30:00-04:00,52.2599983215332,52.27000045776367,52.2599983215332,52.27000045776367,388,0.0,0.0
2022-10-24 15:30:00-04:00,51.5099983215332,51.91999816894531,51.5099983215332,51.91999816894531,1615,0.0,0.0
2022-10-25 09:30:00-04:00,52.13999938964844,52.75,52.13999938964844,52.75,1996,0.0,0.0
2022-10-25 15:30:00-04:00,54.83000183105469,54.83000183105469,53.7400016784668,54.209999084472656,2370,0.0,0.0
2022-10-26 09:30:00-04:00,53.720001220703125,53.720001220703125,53.49250030517578,53.49250030517578,1057,0.0,0.0
2022-10-26 15:30:00-04:00,54.720001220703125,54.720001220703125,54.720001220703125,54.720001220703125,363,0.0,0.0
2022-10-27 09:30:00-04:00,53.54999923706055,53.54999923706055,53.5,53.54999923706055,2369,0.0,0.0
2022-10-27 10:30:00-04:00,53.9900016784668,53.9900016784668,53.9900016784668,53.9900016784668,682,0.0,0.0
2022-10-27 11:30:00-04:00,54.044700622558594,54.400001525878906,53.86000061035156,53.86800003051758,1997,0.0,0.0
2022-10-27 12:30:00-04:00,54.66999816894531,55.540000915527344,54.66999816894531,55.20000076293945,2933,0.0,0.0
2022-10-27 13:30:00-04:00,55.349998474121094,55.349998474121094,55.349998474121094,55.349998474121094,975,0.0,0.0
2022-10-28 10:30:00-04:00,54.959999084472656,55.38999938964844,54.900001525878906,54.900001525878906,1600,0.0,0.0
2022-10-28 11:30:00-04:00,55.0,55.0,54.75,55.0,1246,0.0,0.0
2022-10-28 12:30:00-04:00,55.29439926147461,55.29439926147461,55.17499923706055,55.17499923706055,879,0.0,0.0
2022-10-28 13:30:00-04:00,55.20000076293945,55.25,55.20000076293945,55.25,918,0.0,0.0
2022-10-28 14:30:00-04:00,55.75,55.75,55.75,55.75,577,0.0,0.0
2022-10-28 15:30:00-04:00,56.0,56.48500061035156,56.0,56.48500061035156,1357,0.0,0.0
2022-10-31 09:30:00-04:00,55.63999938964844,55.63999938964844,55.5,55.5,536,0.0,0.0
2022-10-31 10:30:00-04:00,55.20000076293945,55.400001525878906,54.75,55.310001373291016,697,0.0,0.0
2022-10-31 11:30:00-04:00,55.400001525878906,55.5,55.400001525878906,55.5,592,0.0,0.0
2022-10-31 12:30:00-04:00,55.4900016784668,55.4900016784668,55.4900016784668,55.4900016784668,109,0.0,0.0
2022-10-31 13:30:00-04:00,55.29999923706055,55.29999923706055,55.04999923706055,55.04999923706055,1309,0.0,0.0
2022-10-31 14:30:00-04:00,55.470001220703125,55.5,55.470001220703125,55.5,853,0.0,0.0
2022-10-31 15:30:00-04:00,55.4900016784668,55.4900016784668,55.4900016784668,55.4900016784668,100,0.0,0.0
2022-11-01 09:30:00-04:00,55.11000061035156,55.43000030517578,55.11000061035156,55.43000030517578,1605,0.0,0.0
2022-11-01 11:30:00-04:00,53.86000061035156,53.86000061035156,53.52000045776367,53.52000045776367,1647,0.0,0.0
2022-11-01 12:30:00-04:00,55.0,55.04999923706055,54.9900016784668,55.04999923706055,1077,0.0,0.0
2022-11-01 14:30:00-04:00,54.70000076293945,54.849998474121094,54.15999984741211,54.709999084472656,1187,0.0,0.0
2022-11-01 15:30:00-04:00,54.70000076293945,54.93000030517578,54.04999923706055,54.04999923706055,1845,0.0,0.0
2022-11-02 09:30:00-04:00,54.470001220703125,54.89939880371094,54.45000076293945,54.45000076293945,950,0.0,0.0
2022-11-02 10:30:00-04:00,54.46500015258789,54.46500015258789,54.46500015258789,54.46500015258789,326,0.0,0.0
2022-11-02 12:30:00-04:00,55.40999984741211,55.40999984741211,55.40999984741211,55.40999984741211,400,0.0,0.0
2022-11-02 13:30:00-04:00,54.220001220703125,55.5,54.220001220703125,55.5,1294,0.0,0.0
2022-11-02 14:30:00-04:00,55.75,55.75,55.75,55.75,916,0.0,0.0
2022-11-03 12:30:00-04:00,54.79999923706055,54.79999923706055,54.70899963378906,54.70899963378906,649,0.0,0.0
2022-11-03 14:30:00-04:00,55.334999084472656,55.39250183105469,54.70000076293945,54.97999954223633,3662,0.0,0.0
2022-11-03 15:30:00-04:00,55.099998474121094,55.220001220703125,55.099998474121094,55.220001220703125,531,0.0,0.0
2022-11-04 10:30:00-04:00,55.499000549316406,56.0099983215332,55.4900016784668,56.0099983215332,786,0.0,0.0
2022-11-04 11:30:00-04:00,55.83000183105469,55.83000183105469,55.83000183105469,55.83000183105469,389,0.0,0.0
2022-11-04 12:30:00-04:00,55.900001525878906,55.900001525878906,55.79999923706055,55.79999923706055,730,0.0,0.0
2022-11-04 13:30:00-04:00,54.21049880981445,55.810001373291016,54.21049880981445,55.810001373291016,552,0.0,0.0
2022-11-04 14:30:00-04:00,55.7599983215332,55.88999938964844,55.7599983215332,55.88999938964844,1588,0.0,0.0
2022-11-04 15:30:00-04:00,56.36000061035156,56.38999938964844,55.88999938964844,55.88999938964844,1646,0.0,0.0
2022-11-07 14:30:00-05:00,56.970001220703125,57.0,56.70000076293945,57.0,3711,0.0,0.0
2022-11-07 15:30:00-05:00,57.41999816894531,57.41999816894531,56.900001525878906,57.09000015258789,1807,0.0,0.0
2022-11-08 09:30:00-05:00,56.5,56.5,56.5,56.5,730,0.0,0.0
2022-11-08 10:30:00-05:00,56.614498138427734,56.614498138427734,56.614498138427734,56.614498138427734,706,0.0,0.0
2022-11-08 12:30:00-05:00,56.5,56.5,56.5,56.5,347,0.0,0.0
2022-11-08 13:30:00-05:00,56.04999923706055,56.04999923706055,56.04999923706055,56.04999923706055,549,0.0,0.0
2022-11-08 14:30:00-05:00,55.2599983215332,55.2599983215332,55.2599983215332,55.2599983215332,372,0.0,0.0
2022-11-08 15:30:00-05:00,56.40999984741211,56.689998626708984,56.40999984741211,56.689998626708984,802,0.0,0.0
2022-11-09 09:30:00-05:00,55.7400016784668,55.7400016784668,55.25,55.25,873,0.0,0.0
2022-11-09 12:30:00-05:00,55.400001525878906,55.65999984741211,55.400001525878906,55.4900016784668,1523,0.0,0.0
2022-11-10 09:30:00-05:00,56.119998931884766,56.119998931884766,56.119998931884766,56.119998931884766,499,0.0,0.0
2022-11-10 12:30:00-05:00,56.130001068115234,56.994998931884766,56.130001068115234,56.994998931884766,986,0.0,0.0
2022-11-10 13:30:00-05:00,57.81999969482422,58.5,57.81999969482422,57.99209976196289,4545,0.0,0.0
2022-11-10 14:30:00-05:00,58.0,58.0,57.9900016784668,57.9900016784668,1593,0.0,0.0
2022-11-10 15:30:00-05:00,57.9900016784668,58.0,57.75,58.0,1384,0.0,0.0
2022-11-11 09:30:00-05:00,57.5,58.0,57.5,58.0,2043,0.0,0.0
2022-11-11 11:30:00-05:00,57.40999984741211,57.40999984741211,57.40999984741211,57.40999984741211,353,0.0,0.0
2022-11-11 13:30:00-05:00,57.34000015258789,57.52000045776367,57.34000015258789,57.52000045776367,914,0.0,0.0
2022-11-14 09:30:00-05:00,56.29999923706055,56.29999923706055,56.29999923706055,56.29999923706055,237,0.0,0.0
2022-11-14 13:30:00-05:00,56.41999816894531,56.41999816894531,56.41999816894531,56.41999816894531,484,0.0,0.0
2022-11-14 14:30:00-05:00,56.275001525878906,56.5,56.275001525878906,56.5,1352,0.0,0.0
2022-11-14 15:30:00-05:00,56.7400016784668,56.75,56.6349983215332,56.6349983215332,1074,0.0,0.0
2022-11-15 09:30:00-05:00,56.709999084472656,56.709999084472656,56.709999084472656,56.709999084472656,312,0.0,0.0
2022-11-15 12:30:00-05:00,56.525001525878906,56.7599983215332,56.525001525878906,56.7599983215332,583,0.0,0.0
2022-11-15 13:30:00-05:00,56.709999084472656,56.7599983215332,56.709999084472656,56.7599983215332,315,0.0,0.0
2022-11-15 14:30:00-05:00,56.7599983215332,56.7599983215332,56.7599983215332,56.7599983215332,197,0.0,0.0
2022-11-15 15:30:00-05:00,57.125,57.125,56.25,56.25,1034,0.0,0.0
2022-11-16 15:30:00-05:00,56.540000915527344,56.540000915527344,56.540000915527344,56.540000915527344,0,0.0,0.0
2022-11-17 12:30:00-05:00,56.47999954223633,56.47999954223633,56.470001220703125,56.470001220703125,910,0.0,0.0
2022-11-17 13:30:00-05:00,54.82500076293945,56.7400016784668,54.82500076293945,56.7400016784668,1072,0.0,0.0
2022-11-17 14:30:00-05:00,55.864601135253906,55.864601135253906,55.864601135253906,55.864601135253906,595,0.0,0.0
2022-11-18 09:30:00-05:00,58.18000030517578,58.18000030517578,58.18000030517578,58.18000030517578,3941,0.0,0.0
2022-11-18 15:30:00-05:00,57.5,57.5,57.5,57.5,943,0.0,0.0
2022-11-21 09:30:00-05:00,57.119998931884766,57.5,56.994998931884766,57.310001373291016,1794,0.0,0.0
2022-11-21 10:30:00-05:00,56.709999084472656,56.75,56.709999084472656,56.75,533,0.0,0.0
2022-11-21 11:30:00-05:00,56.85499954223633,56.85499954223633,56.85499954223633,56.85499954223633,551,0.0,0.0
2022-11-21 15:30:00-05:00,57.0,57.0099983215332,56.29999923706055,56.29999923706055,1157,0.0,0.0
2022-11-22 10:30:00-05:00,56.59000015258789,56.79999923706055,56.59000015258789,56.79999923706055,753,0.0,0.0
2022-11-22 11:30:00-05:00,56.5,56.599998474121094,56.5,56.599998474121094,538,0.0,0.0
2022-11-23 15:30:00-05:00,56.0629997253418,56.5,56.0629997253418,56.5,1211,0.0,0.0
2022-11-25 10:30:00-05:00,57.29999923706055,57.29999923706055,57.29999923706055,57.29999923706055,59,0.0,0.0
2022-11-28 10:30:00-05:00,56.099998474121094,56.099998474121094,55.0,56.099998474121094,6173,0.0,0.0
2022-11-28 11:30:00-05:00,55.79999923706055,55.79999923706055,55.0,55.0,4092,0.0,0.0
2022-11-28 12:30:00-05:00,54.77000045776367,55.099998474121094,54.72999954223633,54.959999084472656,1165,0.0,0.0
2022-11-28 13:30:00-05:00,54.849998474121094,54.970001220703125,54.650001525878906,54.650001525878906,1686,0.0,0.0
2022-11-28 14:30:00-05:00,54.90999984741211,54.90999984741211,54.790000915527344,54.790000915527344,393,0.0,0.0
2022-11-28 15:30:00-05:00,54.40999984741211,54.40999984741211,54.40999984741211,54.40999984741211,185,0.0,0.0
2022-11-29 09:30:00-05:00,54.80500030517578,55.68320083618164,54.0,55.68320083618164,2289,0.0,0.0
2022-11-29 11:30:00-05:00,53.470001220703125,54.279998779296875,53.40010070800781,53.88999938964844,2851,0.0,0.0
2022-11-29 12:30:00-05:00,53.04999923706055,53.36750030517578,53.04999923706055,53.150001525878906,1626,0.0,0.0
2022-11-29 13:30:00-05:00,53.58000183105469,53.880001068115234,53.400001525878906,53.66999816894531,2125,0.0,0.0
2022-11-29 14:30:00-05:00,54.0,54.0099983215332,53.68000030517578,54.0099983215332,860,0.0,0.0
2022-11-29 15:30:00-05:00,54.5,56.11989974975586,53.650001525878906,53.650001525878906,1971,0.0,0.0
2022-11-30 09:30:00-05:00,54.45000076293945,54.45000076293945,54.45000076293945,54.45000076293945,149,0.0,0.0
2022-11-30 10:30:00-05:00,54.189998626708984,54.189998626708984,54.11000061035156,54.11000061035156,296,0.0,0.0
2022-11-30 11:30:00-05:00,53.869998931884766,54.025001525878906,53.869998931884766,53.87770080566406,639,0.0,0.0
2022-11-30 12:30:00-05:00,53.70000076293945,54.98500061035156,53.70000076293945,54.43000030517578,1022,0.0,0.0
2022-11-30 13:30:00-05:00,54.11000061035156,54.29999923706055,54.11000061035156,54.29999923706055,1210,0.0,0.0
2022-11-30 14:30:00-05:00,55.64619827270508,55.64619827270508,55.25,55.25,711,0.0,0.0
2022-11-30 15:30:00-05:00,55.880001068115234,57.95000076293945,55.880001068115234,57.29999923706055,1214,0.0,0.0
2022-12-01 09:30:00-05:00,56.939998626708984,56.939998626708984,55.52000045776367,56.29999923706055,1314,0.0,0.0
2022-12-01 10:30:00-05:00,56.244998931884766,56.244998931884766,56.244998931884766,56.244998931884766,920,0.0,0.0
2022-12-01 12:30:00-05:00,56.08000183105469,56.08000183105469,56.08000183105469,56.08000183105469,393,0.0,0.0
2022-12-01 13:30:00-05:00,56.349998474121094,56.349998474121094,56.349998474121094,56.349998474121094,202,0.0,0.0
2022-12-01 14:30:00-05:00,55.65999984741211,55.65999984741211,55.65999984741211,55.65999984741211,211,0.0,0.0
2022-12-01 15:30:00-05:00,57.04999923706055,57.04999923706055,56.220001220703125,56.86000061035156,1273,0.0,0.0
2022-12-02 09:30:00-05:00,55.459999084472656,55.459999084472656,55.27000045776367,55.27000045776367,1173,0.0,0.0
2022-12-02 10:30:00-05:00,55.40039825439453,55.40039825439453,55.40039825439453,55.40039825439453,460,0.0,0.0
2022-12-02 12:30:00-05:00,56.14500045776367,56.14500045776367,56.14500045776367,56.14500045776367,245,0.0,0.0
2022-12-02 13:30:00-05:00,55.36000061035156,56.369998931884766,55.209999084472656,56.369998931884766,1259,0.0,0.0
2022-12-02 14:30:00-05:00,55.279998779296875,55.279998779296875,55.04999923706055,55.04999923706055,1516,0.0,0.0
2022-12-02 15:30:00-05:00,55.900001525878906,56.04999923706055,55.880001068115234,56.04999923706055,510,0.0,0.0
2022-12-05 09:30:00-05:00,55.06999969482422,55.06999969482422,55.06999969482422,55.06999969482422,683,0.0,0.0
2022-12-05 11:30:00-05:00,55.57500076293945,55.57500076293945,55.525001525878906,55.525001525878906,2452,0.0,0.0
2022-12-05 12:30:00-05:00,54.31999969482422,54.31999969482422,54.31999969482422,54.31999969482422,878,0.0,0.0
2022-12-05 14:30:00-05:00,55.400001525878906,55.400001525878906,54.40999984741211,54.40999984741211,1287,0.0,0.0
2022-12-05 15:30:00-05:00,53.720001220703125,53.720001220703125,53.720001220703125,53.720001220703125,516,0.0,0.0
2022-12-06 09:30:00-05:00,53.209999084472656,53.5,53.209999084472656,53.47999954223633,2247,0.0,0.0
2022-12-06 12:30:00-05:00,52.2599983215332,52.2599983215332,52.2599983215332,52.2599983215332,1113,0.0,0.0
2022-12-06 13:30:00-05:00,52.70500183105469,52.70500183105469,52.70500183105469,52.70500183105469,812,0.0,0.0
2022-12-06 14:30:00-05:00,52.41999816894531,52.41999816894531,52.41999816894531,52.41999816894531,1653,0.0,0.0
2022-12-06 15:30:00-05:00,52.974998474121094,53.02730178833008,52.974998474121094,52.97999954223633,1738,0.0,0.0
2022-12-07 15:30:00-05:00,52.36000061035156,52.36000061035156,52.36000061035156,52.36000061035156,1716,0.0,0.0
2022-12-09 10:30:00-05:00,52.040000915527344,52.040000915527344,52.040000915527344,52.040000915527344,1802,0.0,0.0
2022-12-12 09:30:00-05:00,52.16999816894531,52.16999816894531,52.16999816894531,52.16999816894531,276,0.0,0.0
2022-12-12 11:30:00-05:00,53.1880989074707,53.1880989074707,53.1880989074707,53.1880989074707,304,0.0,0.0
2022-12-12 15:30:00-05:00,53.40999984741211,54.20000076293945,53.40999984741211,54.20000076293945,1352,0.0,0.0
2022-12-13 09:30:00-05:00,53.880001068115234,53.880001068115234,53.29999923706055,53.29999923706055,681,0.0,0.0
2022-12-13 10:30:00-05:00,53.20000076293945,53.20000076293945,53.20000076293945,53.20000076293945,576,0.0,0.0
2022-12-13 11:30:00-05:00,55.150001525878906,55.150001525878906,55.150001525878906,55.150001525878906,623,0.0,0.0
2022-12-13 13:30:00-05:00,54.189998626708984,54.77000045776367,54.064998626708984,54.064998626708984,2169,0.0,0.0
2022-12-13 14:30:00-05:00,54.70000076293945,54.810001373291016,53.5099983215332,54.20000076293945,3562,0.0,0.0
2022-12-13 15:30:00-05:00,55.27000045776367,55.31999969482422,54.70000076293945,54.97999954223633,8357,0.0,0.0
2022-12-14 09:30:00-05:00,54.95000076293945,55.009498596191406,54.95000076293945,55.009498596191406,1131,0.0,0.0
2022-12-14 12:30:00-05:00,53.534400939941406,53.534400939941406,53.534400939941406,53.534400939941406,572,0.0,0.0
2022-12-14 13:30:00-05:00,55.064998626708984,55.064998626708984,54.986000061035156,55.0,1992,0.0,0.0
2022-12-14 14:30:00-05:00,54.470001220703125,54.70000076293945,54.470001220703125,54.60100173950195,812,0.0,0.0
2022-12-14 15:30:00-05:00,54.0,54.0,53.63999938964844,53.63999938964844,1647,0.0,0.0
2022-12-15 09:30:00-05:00,53.72999954223633,54.0,52.11000061035156,52.404598236083984,3243,0.0,0.0
2022-12-15 12:30:00-05:00,53.900001525878906,53.900001525878906,53.10449981689453,53.10449981689453,803,0.0,0.0
2022-12-15 13:30:00-05:00,53.54499816894531,53.650001525878906,52.744998931884766,53.2400016784668,4095,0.0,0.0
2022-12-15 14:30:00-05:00,53.349998474121094,54.2400016784668,53.29999923706055,53.459999084472656,5005,0.0,0.0
2022-12-16 09:30:00-05:00,52.0,53.76279830932617,52.0,53.76279830932617,10739,0.0,0.0
2022-12-16 11:30:00-05:00,52.150001525878906,52.150001525878906,51.91999816894531,51.91999816894531,2250,0.0,0.0
2022-12-16 12:30:00-05:00,51.36000061035156,52.0,51.34000015258789,52.0,1064,0.0,0.0
2022-12-16 13:30:00-05:00,52.0,52.25,52.0,52.25,1529,0.0,0.0
2022-12-16 14:30:00-05:00,51.787899017333984,51.787899017333984,51.787899017333984,51.787899017333984,218,0.0,0.0
2022-12-16 15:30:00-05:00,53.375,53.400001525878906,52.900001525878906,53.36000061035156,3694,0.0,0.0
2022-12-19 09:30:00-05:00,53.209999084472656,53.209999084472656,53.209999084472656,53.209999084472656,514,0.0,0.0
2022-12-19 10:30:00-05:00,53.275001525878906,53.474998474121094,53.04999923706055,53.20000076293945,2020,0.0,0.0
2022-12-19 13:30:00-05:00,51.349998474121094,51.349998474121094,51.349998474121094,51.349998474121094,424,0.0,0.0
2022-12-19 15:30:00-05:00,51.2599983215332,52.39500045776367,51.2599983215332,52.39500045776367,218,0.0,0.0
2022-12-20 09:30:00-05:00,52.0,52.0,52.0,52.0,494,0.0,0.0
2022-12-20 11:30:00-05:00,52.15169906616211,52.15169906616211,52.15169906616211,52.15169906616211,770,0.0,0.0
2022-12-20 15:30:00-05:00,51.77000045776367,51.77000045776367,51.32109832763672,51.32109832763672,718,0.0,0.0
2022-12-21 10:30:00-05:00,52.97999954223633,53.06999969482422,52.97999954223633,53.06999969482422,821,0.0,0.0
2022-12-21 13:30:00-05:00,52.599998474121094,52.599998474121094,51.2599983215332,51.840599060058594,3865,0.0,0.0
2022-12-21 14:30:00-05:00,51.900001525878906,52.25450134277344,51.900001525878906,51.959999084472656,983,0.0,0.0
2022-12-22 13:30:00-05:00,51.34000015258789,51.560001373291016,50.720001220703125,50.720001220703125,1754,0.0,0.0
2022-12-22 15:30:00-05:00,51.04499816894531,51.400001525878906,51.04499816894531,51.400001525878906,1208,0.0,0.0
2022-12-23 15:30:00-05:00,51.42900085449219,51.42900085449219,51.42900085449219,51.42900085449219,653,0.0,0.0
2022-12-28 12:30:00-05:00,50.400001525878906,50.400001525878906,50.400001525878906,50.400001525878906,1920,0.0,0.0
2022-12-28 14:30:00-05:00,51.459999084472656,51.459999084472656,51.459999084472656,51.459999084472656,544,0.0,0.0
2022-12-28 15:30:00-05:00,51.38999938964844,51.38999938964844,51.38999938964844,51.38999938964844,217,0.0,0.0
2022-12-29 09:30:00-05:00,51.099998474121094,51.099998474121094,51.099998474121094,51.099998474121094,856,0.0,0.0
2022-12-30 09:30:00-05:00,51.61000061035156,51.61000061035156,51.61000061035156,51.61000061035156,343,0.0,0.0
2022-12-30 13:30:00-05:00,51.0,51.0,51.0,51.0,392,0.0,0.0
2022-12-30 15:30:00-05:00,51.369998931884766,51.369998931884766,51.369998931884766,51.369998931884766,360,0.0,0.0
2023-01-03 09:30:00-05:00,51.54999923706055,51.54999923706055,51.0,51.54999923706055,1833,0.0,0.0
2023-01-03 11:30:00-05:00,50.77000045776367,51.099998474121094,50.5,50.7400016784668,2901,0.0,0.0
2023-01-03 13:30:00-05:00,50.5099983215332,50.5099983215332,50.5099983215332,50.5099983215332,566,0.0,0.0
2023-01-03 15:30:00-05:00,50.810001373291016,50.83000183105469,50.79999923706055,50.810001373291016,2063,0.0,0.0
2023-01-04 10:30:00-05:00,50.733699798583984,50.733699798583984,50.733699798583984,50.733699798583984,850,0.0,0.0
2023-01-04 11:30:00-05:00,51.1150016784668,51.1150016784668,50.90999984741211,50.90999984741211,3967,0.0,0.0
2023-01-04 12:30:00-05:00,50.5,50.5,50.5,50.5,1388,0.0,0.0
2023-01-04 13:30:00-05:00,50.5,50.5,50.5,50.5,170,0.0,0.0
2023-01-04 14:30:00-05:00,50.5,50.5,50.0,50.0,3898,0.0,0.0
2023-01-04 15:30:00-05:00,50.060001373291016,50.27000045776367,50.04999923706055,50.27000045776367,814,0.0,0.0
2023-01-05 09:30:00-05:00,49.849998474121094,49.849998474121094,49.849998474121094,49.849998474121094,313,0.0,0.0
2023-01-05 12:30:00-05:00,50.06959915161133,50.06959915161133,50.06959915161133,50.06959915161133,332,0.0,0.0
2023-01-05 15:30:00-05:00,50.0,50.0,49.630001068115234,49.630001068115234,1944,0.0,0.0
2023-01-06 09:30:00-05:00,50.25,50.25,50.25,50.25,349,0.0,0.0
2023-01-06 12:30:00-05:00,50.0,50.0,50.0,50.0,466,0.0,0.0
2023-01-06 13:30:00-05:00,50.0,50.38999938964844,50.0,50.38999938964844,2154,0.0,0.0
2023-01-06 15:30:00-05:00,50.59000015258789,50.7400016784668,50.59000015258789,50.7400016784668,866,0.0,0.0
2023-01-09 10:30:00-05:00,50.01219940185547,50.5,50.01219940185547,50.5,889,0.0,0.0
2023-01-09 11:30:00-05:00,50.04999923706055,50.04999923706055,50.04999923706055,50.04999923706055,122,0.0,0.0
2023-01-09 12:30:00-05:00,50.060001373291016,50.060001373291016,50.04999923706055,50.04999923706055,363,0.0,0.0
2023-01-09 13:30:00-05:00,50.0,50.0,50.0,50.0,231,0.0,0.0
2023-01-09 14:30:00-05:00,50.0,50.90999984741211,50.0,50.90999984741211,1002,0.0,0.0
2023-01-09 15:30:00-05:00,50.040000915527344,50.04499816894531,49.95000076293945,50.029998779296875,1954,0.0,0.0
2023-01-10 09:30:00-05:00,50.45000076293945,50.52000045776367,50.45000076293945,50.52000045776367,0,0.0,0.0
2023-01-10 10:30:00-05:00,50.66999816894531,50.8849983215332,50.66999816894531,50.8849983215332,1171,0.0,0.0
2023-01-10 11:30:00-05:00,50.619300842285156,50.619300842285156,50.619300842285156,50.619300842285156,2993,0.0,0.0
2023-01-10 13:30:00-05:00,52.25379943847656,52.25379943847656,51.689998626708984,51.900001525878906,1305,0.0,0.0
2023-01-11 10:30:00-05:00,51.11000061035156,51.11000061035156,51.11000061035156,51.11000061035156,772,0.0,0.0
2023-01-11 12:30:00-05:00,51.310001373291016,51.310001373291016,51.310001373291016,51.310001373291016,726,0.0,0.0
2023-01-11 13:30:00-05:00,51.5,51.5,51.220001220703125,51.220001220703125,1440,0.0,0.0
2023-01-12 09:30:00-05:00,50.869998931884766,50.869998931884766,50.869998931884766,50.869998931884766,643,0.0,0.0
2023-01-12 10:30:00-05:00,50.277000427246094,50.277000427246094,50.277000427246094,50.277000427246094,1510,0.0,0.0
2023-01-12 12:30:00-05:00,50.99879837036133,51.1150016784668,50.99879837036133,51.1150016784668,549,0.0,0.0
2023-01-12 14:30:00-05:00,50.62329864501953,50.62329864501953,50.62329864501953,50.62329864501953,263,0.0,0.0
2023-01-12 15:30:00-05:00,51.68000030517578,51.68000030517578,51.68000030517578,51.68000030517578,297,0.0,0.0
2023-01-13 13:30:00-05:00,51.70000076293945,51.75,51.70000076293945,51.75,2700,0.0,0.0
2023-01-13 15:30:00-05:00,51.51499938964844,51.75,51.51499938964844,51.54999923706055,1188,0.0,0.0
2023-01-17 13:30:00-05:00,51.0,51.2400016784668,51.0,51.2400016784668,1123,0.0,0.0
2023-01-18 09:30:00-05:00,51.130001068115234,51.130001068115234,51.130001068115234,51.130001068115234,0,0.0,0.0
2023-01-19 14:30:00-05:00,51.0099983215332,51.0099983215332,51.0099983215332,51.0099983215332,2103,0.0,0.0
2023-01-19 15:30:00-05:00,50.72999954223633,50.739498138427734,50.72999954223633,50.739498138427734,326,0.0,0.0
2023-01-20 09:30:00-05:00,51.27000045776367,51.27000045776367,50.45000076293945,50.45000076293945,4679,0.0,0.0
2023-01-20 12:30:00-05:00,50.70000076293945,50.70000076293945,50.70000076293945,50.70000076293945,2025,0.0,0.0
2023-01-20 13:30:00-05:00,50.779998779296875,51.099998474121094,50.779998779296875,51.0,2333,0.0,0.0
2023-01-20 15:30:00-05:00,51.01499938964844,51.099998474121094,50.63249969482422,50.63249969482422,1509,0.0,0.0
2023-01-23 09:30:00-05:00,51.0,51.0,51.0,51.0,761,0.0,0.0
2023-01-23 10:30:00-05:00,50.75,50.75,50.75,50.75,1333,0.0,0.0
2023-01-23 14:30:00-05:00,50.650001525878906,50.650001525878906,50.5,50.5,1812,0.0,0.0
2023-01-24 09:30:00-05:00,50.63999938964844,50.79999923706055,50.150001525878906,50.689998626708984,5763,0.0,0.0
2023-01-24 13:30:00-05:00,50.599998474121094,50.599998474121094,50.59989929199219,50.59989929199219,1213,0.0,0.0
2023-01-24 14:30:00-05:00,50.599998474121094,50.599998474121094,50.599998474121094,50.599998474121094,780,0.0,0.0
2023-01-24 15:30:00-05:00,50.59000015258789,50.59000015258789,50.459999084472656,50.459999084472656,687,0.0,0.0
2023-01-25 10:30:00-05:00,50.29999923706055,50.29999923706055,50.29999923706055,50.29999923706055,167,0.0,0.0
2023-01-25 12:30:00-05:00,50.13410186767578,50.65999984741211,50.13410186767578,50.65999984741211,872,0.0,0.0
2023-01-26 09:30:00-05:00,50.89939880371094,50.89939880371094,50.81999969482422,50.81999969482422,351,0.0,0.0
2023-01-26 10:30:00-05:00,50.900001525878906,50.900001525878906,50.900001525878906,50.900001525878906,217,0.0,0.0
2023-01-26 11:30:00-05:00,50.90999984741211,50.90999984741211,50.90999984741211,50.90999984741211,299,0.0,0.0
2023-01-26 15:30:00-05:00,50.97999954223633,50.97999954223633,50.77000045776367,50.8650016784668,1150,0.0,0.0
2023-01-27 09:30:00-05:00,50.970001220703125,51.0,50.970001220703125,51.0,1675,0.0,0.0
2023-01-27 10:30:00-05:00,50.79999923706055,50.79999923706055,50.79999923706055,50.79999923706055,723,0.0,0.0
2023-01-27 11:30:00-05:00,50.790000915527344,51.0,50.790000915527344,51.0,531,0.0,0.0
2023-01-27 13:30:00-05:00,50.63629913330078,50.63629913330078,50.5,50.5,972,0.0,0.0
2023-01-27 14:30:00-05:00,51.16999816894531,51.16999816894531,51.16999816894531,51.16999816894531,243,0.0,0.0
2023-01-27 15:30:00-05:00,50.900001525878906,51.15999984741211,50.900001525878906,51.0,946,0.0,0.0
2023-01-30 10:30:00-05:00,50.54999923706055,51.0,50.54999923706055,51.0,5418,0.0,0.0
2023-01-30 11:30:00-05:00,51.310001373291016,51.310001373291016,51.310001373291016,51.310001373291016,465,0.0,0.0
2023-01-30 12:30:00-05:00,50.59000015258789,50.59000015258789,50.45000076293945,50.45000076293945,3087,0.0,0.0
2023-01-30 13:30:00-05:00,50.400001525878906,50.5,50.400001525878906,50.5,1173,0.0,0.0
2023-01-30 15:30:00-05:00,50.0,50.0,50.0,50.0,1493,0.0,0.0
2023-01-31 09:30:00-05:00,50.20000076293945,50.20000076293945,50.20000076293945,50.20000076293945,2028,0.0,0.0
2023-01-31 10:30:00-05:00,50.54999923706055,50.779998779296875,50.400001525878906,50.779998779296875,3955,0.0,0.0
2023-01-31 11:30:00-05:00,50.900001525878906,51.0,50.457000732421875,50.457000732421875,1305,0.0,0.0
2023-01-31 15:30:00-05:00,51.46500015258789,51.627498626708984,51.279998779296875,51.627498626708984,1419,0.0,0.0
2023-02-01 10:30:00-05:00,50.2400016784668,50.5,50.2400016784668,50.5,2307,0.0,0.0
2023-02-01 11:30:00-05:00,50.66999816894531,50.66999816894531,50.66999816894531,50.66999816894531,787,0.0,0.0
2023-02-01 13:30:00-05:00,50.29999923706055,50.29999923706055,50.0,50.20000076293945,3621,0.0,0.0
2023-02-01 14:30:00-05:00,50.0099983215332,50.75,50.0,50.75,1636,0.0,0.0
2023-02-01 15:30:00-05:00,50.31999969482422,51.5,50.31999969482422,50.83150100708008,7515,0.0,0.0
2023-02-02 09:30:00-05:00,51.0099983215332,51.54999923706055,51.0099983215332,51.5005989074707,2650,0.0,0.0
2023-02-02 13:30:00-05:00,51.5281982421875,51.5281982421875,51.5281982421875,51.5281982421875,578,0.0,0.0
2023-02-02 14:30:00-05:00,51.55500030517578,51.66999816894531,50.900001525878906,51.369998931884766,1537,0.0,0.0
2023-02-03 09:30:00-05:00,51.869998931884766,51.869998931884766,51.869998931884766,51.869998931884766,753,0.0,0.0
2023-02-03 10:30:00-05:00,52.29999923706055,52.439998626708984,52.29999923706055,52.439998626708984,1181,0.0,0.0
2023-02-03 11:30:00-05:00,53.720001220703125,53.720001220703125,53.720001220703125,53.720001220703125,1004,0.0,0.0
2023-02-03 13:30:00-05:00,53.15999984741211,53.540000915527344,53.15999984741211,53.439998626708984,731,0.0,0.0
2023-02-03 14:30:00-05:00,53.439998626708984,54.220001220703125,53.40999984741211,53.5,3902,0.0,0.0
2023-02-03 15:30:00-05:00,53.45000076293945,53.630001068115234,53.45000076293945,53.5,1516,0.0,0.0
2023-02-06 09:30:00-05:00,53.11000061035156,53.2400016784668,53.0099983215332,53.0099983215332,1092,0.0,0.0
2023-02-06 10:30:00-05:00,53.744998931884766,53.744998931884766,53.744998931884766,53.744998931884766,157,0.0,0.0
2023-02-06 11:30:00-05:00,53.130001068115234,53.130001068115234,53.130001068115234,53.130001068115234,145,0.0,0.0
2023-02-06 12:30:00-05:00,53.625,53.625,53.625,53.625,154,0.0,0.0
2023-02-06 13:30:00-05:00,53.44940185546875,53.65999984741211,53.36000061035156,53.36000061035156,1656,0.0,0.0
2023-02-06 14:30:00-05:00,53.625,53.625,53.36000061035156,53.439998626708984,3445,0.0,0.0
2023-02-06 15:30:00-05:00,53.36000061035156,53.5,53.36000061035156,53.36000061035156,2085,0.0,0.0
2023-02-07 09:30:00-05:00,52.5099983215332,53.45000076293945,52.5099983215332,53.45000076293945,855,0.0,0.0
2023-02-07 10:30:00-05:00,52.80500030517578,53.0,52.7400016784668,53.0,2045,0.0,0.0
2023-02-07 12:30:00-05:00,52.900001525878906,53.11000061035156,52.81999969482422,53.11000061035156,812,0.0,0.0
2023-02-07 13:30:00-05:00,52.900001525878906,52.95000076293945,52.58000183105469,52.95000076293945,2111,0.0,0.0
2023-02-08 09:30:00-05:00,53.099998474121094,54.3849983215332,53.099998474121094,54.189998626708984,617,0.0,0.0
2023-02-08 10:30:00-05:00,53.84939956665039,53.84939956665039,53.810001373291016,53.810001373291016,239,0.0,0.0
2023-02-09 13:30:00-05:00,53.099998474121094,53.099998474121094,53.099998474121094,53.099998474121094,1634,0.0,0.0
2023-02-09 14:30:00-05:00,53.029998779296875,53.029998779296875,53.029998779296875,53.029998779296875,236,0.0,0.0
2023-02-09 15:30:00-05:00,53.13999938964844,53.15999984741211,52.779998779296875,52.779998779296875,1360,0.0,0.0
2023-02-10 09:30:00-05:00,52.90999984741211,52.90999984741211,52.90999984741211,52.90999984741211,1487,0.0,0.0
2023-02-10 13:30:00-05:00,52.630001068115234,52.90999984741211,52.290000915527344,52.64699935913086,2383,0.0,0.0
2023-02-10 14:30:00-05:00,53.470001220703125,53.470001220703125,51.650001525878906,51.650001525878906,3054,0.0,0.0
2023-02-13 12:30:00-05:00,52.13999938964844,52.13999938964844,52.13999938964844,52.13999938964844,726,0.0,0.0
2023-02-13 13:30:00-05:00,51.90999984741211,51.90999984741211,51.900001525878906,51.900001525878906,1096,0.0,0.0
2023-02-13 14:30:00-05:00,52.099998474121094,52.099998474121094,52.099998474121094,52.099998474121094,353,0.0,0.0
2023-02-13 15:30:00-05:00,51.599998474121094,51.70000076293945,51.4900016784668,51.4900016784668,1286,0.0,0.0
2023-02-14 10:30:00-05:00,51.19499969482422,51.290000915527344,51.19499969482422,51.290000915527344,950,0.0,0.0
2023-02-14 11:30:00-05:00,51.939998626708984,51.939998626708984,51.29999923706055,51.29999923706055,1974,0.0,0.0
2023-02-14 12:30:00-05:00,51.529998779296875,51.529998779296875,51.450599670410156,51.450599670410156,1321,0.0,0.0
2023-02-14 14:30:00-05:00,51.625,51.625,51.47999954223633,51.47999954223633,856,0.0,0.0
2023-02-14 15:30:00-05:00,51.255001068115234,51.255001068115234,51.255001068115234,51.255001068115234,646,0.0,0.0
2023-02-15 09:30:00-05:00,50.900001525878906,51.822200775146484,50.900001525878906,51.822200775146484,1379,0.0,0.0
2023-02-15 13:30:00-05:00,51.35499954223633,51.35499954223633,51.35499954223633,51.35499954223633,115,0.0,0.0
2023-02-16 11:30:00-05:00,51.404998779296875,51.404998779296875,51.404998779296875,51.404998779296875,718,0.0,0.0
2023-02-16 12:30:00-05:00,51.650001525878906,51.650001525878906,51.650001525878906,51.650001525878906,156,0.0,0.0
2023-02-16 14:30:00-05:00,51.310001373291016,51.310001373291016,51.310001373291016,51.310001373291016,120,0.0,0.0
2023-02-16 15:30:00-05:00,50.900001525878906,51.77750015258789,50.900001525878906,50.95000076293945,1566,0.0,0.0
2023-02-17 09:30:00-05:00,51.29999923706055,51.29999923706055,51.29999923706055,51.29999923706055,3363,0.0,0.0
2023-02-17 13:30:00-05:00,51.0099983215332,51.29999923706055,51.0099983215332,51.29999923706055,1419,0.0,0.0
2023-02-17 14:30:00-05:00,51.130001068115234,51.130001068115234,51.1150016784668,51.1150016784668,1466,0.0,0.0
2023-02-17 15:30:00-05:00,51.11000061035156,51.11000061035156,50.869998931884766,50.900001525878906,987,0.0,0.0
2023-02-21 09:30:00-05:00,50.0,50.5,50.0,50.5,2016,0.0,0.0
2023-02-21 11:30:00-05:00,50.0,50.0,49.849998474121094,49.869998931884766,1644,0.0,0.0
2023-02-21 12:30:00-05:00,49.66999816894531,49.70000076293945,49.21500015258789,49.70000076293945,4936,0.0,0.0
2023-02-21 13:30:00-05:00,49.900001525878906,49.970001220703125,49.849998474121094,49.970001220703125,1418,0.0,0.0
2023-02-21 14:30:00-05:00,49.7599983215332,49.7599983215332,49.7599983215332,49.7599983215332,231,0.0,0.0
2023-02-21 15:30:00-05:00,49.90999984741211,49.90999984741211,49.90999984741211,49.90999984741211,107,0.0,0.0
2023-02-22 09:30:00-05:00,49.900001525878906,49.900001525878906,49.0,49.75,3729,0.0,0.0
2023-02-22 10:30:00-05:00,49.5099983215332,49.56999969482422,49.400001525878906,49.56999969482422,1048,0.0,0.0
2023-02-22 11:30:00-05:00,50.084999084472656,50.084999084472656,49.61000061035156,49.61000061035156,594,0.0,0.0
2023-02-22 12:30:00-05:00,50.03499984741211,50.060001373291016,49.84000015258789,50.0099983215332,1269,0.0,0.0
2023-02-22 13:30:00-05:00,50.0099983215332,50.0099983215332,50.0,50.0,640,0.0,0.0
2023-02-22 14:30:00-05:00,49.529998779296875,49.959999084472656,49.529998779296875,49.61000061035156,7180,0.0,0.0
2023-02-22 15:30:00-05:00,49.61000061035156,49.810001373291016,49.61000061035156,49.810001373291016,492,0.0,0.0
2023-02-23 09:30:00-05:00,49.78409957885742,50.380001068115234,49.78409957885742,49.95800018310547,882,0.0,0.0
2023-02-23 10:30:00-05:00,49.95000076293945,49.959999084472656,49.95000076293945,49.95000076293945,1405,0.0,0.0
2023-02-23 11:30:00-05:00,49.84000015258789,49.84000015258789,49.84000015258789,49.84000015258789,491,0.0,0.0
2023-02-23 12:30:00-05:00,49.900001525878906,49.900001525878906,49.900001525878906,49.900001525878906,692,0.0,0.0
2023-02-23 15:30:00-05:00,50.150001525878906,50.150001525878906,50.150001525878906,50.150001525878906,322,0.0,0.0
2023-02-24 11:30:00-05:00,50.655799865722656,50.655799865722656,50.655799865722656,50.655799865722656,660,0.0,0.0
2023-02-24 13:30:00-05:00,50.0,50.0,50.0,50.0,1068,0.0,0.0
2023-02-24 14:30:00-05:00,50.44499969482422,50.44499969482422,50.44499969482422,50.44499969482422,216,0.0,0.0
2023-02-27 15:30:00-05:00,49.9900016784668,49.9900016784668,49.90999984741211,49.90999984741211,1572,0.0,0.0
2023-02-28 09:30:00-05:00,49.20399856567383,49.20399856567383,49.20399856567383,49.20399856567383,1434,0.0,0.0
2023-02-28 15:30:00-05:00,49.69499969482422,50.31999969482422,49.69499969482422,50.31999969482422,628,0.0,0.0
2023-03-01 10:30:00-05:00,49.18000030517578,50.11589813232422,49.0,50.11589813232422,1914,0.0,0.0
2023-03-01 11:30:00-05:00,49.45000076293945,49.599998474121094,49.45000076293945,49.5,576,0.0,0.0
2023-03-01 12:30:00-05:00,49.87879943847656,49.87879943847656,49.87879943847656,49.87879943847656,275,0.0,0.0
2023-03-01 13:30:00-05:00,49.400001525878906,49.439998626708984,49.400001525878906,49.439998626708984,632,0.0,0.0
2023-03-01 15:30:00-05:00,50.2400016784668,50.2400016784668,50.2400016784668,50.2400016784668,1318,0.0,0.0
2023-03-02 09:30:00-05:00,49.060001373291016,49.060001373291016,48.849998474121094,48.849998474121094,821,0.0,0.0
2023-03-02 10:30:00-05:00,49.040000915527344,49.040000915527344,48.959999084472656,48.959999084472656,958,0.0,0.0
2023-03-02 12:30:00-05:00,48.959999084472656,48.970001220703125,48.959999084472656,48.970001220703125,928,0.0,0.0
2023-03-02 15:30:00-05:00,49.209999084472656,49.209999084472656,49.209999084472656,49.209999084472656,222,0.0,0.0
2023-03-03 09:30:00-05:00,49.369998931884766,49.369998931884766,49.369998931884766,49.369998931884766,407,0.0,0.0
2023-03-03 10:30:00-05:00,49.369998931884766,49.369998931884766,49.369998931884766,49.369998931884766,444,0.0,0.0
2023-03-03 12:30:00-05:00,49.90399932861328,50.654998779296875,49.79999923706055,49.849998474121094,3689,0.0,0.0
2023-03-03 13:30:00-05:00,49.959999084472656,49.959999084472656,49.959999084472656,49.959999084472656,915,0.0,0.0
2023-03-03 14:30:00-05:00,50.0,50.060001373291016,50.0,50.0,1987,0.0,0.0
2023-03-03 15:30:00-05:00,50.0,50.0,49.31999969482422,49.31999969482422,1065,0.0,0.0
2023-03-06 09:30:00-05:00,49.25,49.45000076293945,49.25,49.40060043334961,1383,0.0,0.0
2023-03-06 10:30:00-05:00,49.709999084472656,49.790000915527344,49.599998474121094,49.73500061035156,1380,0.0,0.0
2023-03-06 11:30:00-05:00,50.5,50.5,49.40999984741211,49.459999084472656,5354,0.0,0.0
2023-03-06 12:30:00-05:00,49.94499969482422,50.09000015258789,49.77000045776367,50.060001373291016,7393,0.0,0.0
2023-03-06 13:30:00-05:00,50.27000045776367,50.5,50.27000045776367,50.5,2589,0.0,0.0
2023-03-06 14:30:00-05:00,50.5,50.52949905395508,50.13999938964844,50.51499938964844,7682,0.0,0.0
2023-03-06 15:30:00-05:00,50.22999954223633,50.29999923706055,49.810001373291016,49.810001373291016,1130,0.0,0.0
2023-03-07 09:30:00-05:00,49.54999923706055,49.54999923706055,49.54999923706055,49.54999923706055,358,0.0,0.0
2023-03-07 10:30:00-05:00,49.55139923095703,49.55139923095703,49.55139923095703,49.55139923095703,156,0.0,0.0
2023-03-07 11:30:00-05:00,50.275001525878906,50.5,50.04570007324219,50.29999923706055,3862,0.0,0.0
2023-03-07 12:30:00-05:00,50.0,50.04999923706055,50.0,50.04999923706055,1465,0.0,0.0
2023-03-07 13:30:00-05:00,50.0,50.04999923706055,49.900001525878906,49.900001525878906,854,0.0,0.0
2023-03-07 14:30:00-05:00,49.84000015258789,49.880001068115234,49.69459915161133,49.69459915161133,1288,0.0,0.0
2023-03-07 15:30:00-05:00,49.70000076293945,49.720001220703125,49.599998474121094,49.619998931884766,1183,0.0,0.0
2023-03-08 09:30:00-05:00,49.7400016784668,50.1150016784668,49.70000076293945,50.1150016784668,1414,0.0,0.0
2023-03-08 10:30:00-05:00,49.91999816894531,49.91999816894531,49.880001068115234,49.880001068115234,1612,0.0,0.0
2023-03-08 11:30:00-05:00,49.91999816894531,49.91999816894531,49.849998474121094,49.849998474121094,667,0.0,0.0
2023-03-08 12:30:00-05:00,49.849998474121094,49.849998474121094,49.849998474121094,49.849998474121094,869,0.0,0.0
2023-03-08 15:30:00-05:00,49.35499954223633,49.35499954223633,49.35499954223633,49.35499954223633,186,0.0,0.0
2023-03-09 09:30:00-05:00,49.349998474121094,49.349998474121094,49.349998474121094,49.349998474121094,582,0.0,0.0
2023-03-09 11:30:00-05:00,48.984798431396484,48.984798431396484,48.68000030517578,48.69900131225586,664,0.0,0.0
2023-03-09 12:30:00-05:00,49.099998474121094,49.099998474121094,49.099998474121094,49.099998474121094,260,0.0,0.0
2023-03-09 13:30:00-05:00,48.63999938964844,48.63999938964844,48.63999938964844,48.63999938964844,856,0.0,0.0
2023-03-09 15:30:00-05:00,48.19499969482422,48.19499969482422,48.19499969482422,48.19499969482422,345,0.0,0.0
2023-03-10 09:30:00-05:00,47.630001068115234,48.06999969482422,47.06999969482422,48.06999969482422,1348,0.0,0.0
2023-03-10 12:30:00-05:00,47.685001373291016,47.685001373291016,47.685001373291016,47.685001373291016,396,0.0,0.0
2023-03-10 13:30:00-05:00,46.86000061035156,47.29999923706055,46.2599983215332,47.29999923706055,792,0.0,0.0
2023-03-10 14:30:00-05:00,47.5,47.5,47.5,47.5,417,0.0,0.0
2023-03-10 15:30:00-05:00,46.540000915527344,46.540000915527344,46.540000915527344,46.540000915527344,111,0.0,0.0
2023-03-13 09:30:00-04:00,46.459999084472656,47.220001220703125,45.5099983215332,45.5099983215332,1202,0.0,0.0
2023-03-13 10:30:00-04:00,46.0,47.36000061035156,46.0,47.36000061035156,1271,0.0,0.0
2023-03-13 12:30:00-04:00,48.005001068115234,48.005001068115234,48.005001068115234,48.005001068115234,387,0.0,0.0
2023-03-13 13:30:00-04:00,46.119998931884766,46.36000061035156,45.15999984741211,46.11000061035156,843,0.0,0.0
2023-03-13 14:30:00-04:00,45.90999984741211,46.88999938964844,44.86000061035156,44.86000061035156,3818,0.0,0.0
2023-03-13 15:30:00-04:00,45.5,45.5,45.5,45.5,1000,0.0,0.0
2023-03-14 09:30:00-04:00,47.11000061035156,47.349998474121094,45.5,47.349998474121094,1477,0.0,0.0
2023-03-14 10:30:00-04:00,46.91999816894531,47.0,46.400001525878906,46.95000076293945,1818,0.0,0.0
2023-03-14 11:30:00-04:00,46.900001525878906,46.900001525878906,46.900001525878906,46.900001525878906,157,0.0,0.0
2023-03-14 12:30:00-04:00,46.900001525878906,46.900001525878906,45.95000076293945,46.209999084472656,1994,0.0,0.0
2023-03-14 13:30:00-04:00,45.7400016784668,45.7400016784668,45.7400016784668,45.7400016784668,662,0.0,0.0
2023-03-14 14:30:00-04:00,45.810001373291016,45.835201263427734,45.599998474121094,45.79999923706055,779,0.0,0.0
2023-03-14 15:30:00-04:00,45.349998474121094,45.400001525878906,45.06999969482422,45.06999969482422,2027,0.0,0.0
2023-03-15 09:30:00-04:00,44.63999938964844,45.70000076293945,44.63999938964844,44.82229995727539,2757,0.0,0.0
2023-03-15 11:30:00-04:00,44.939998626708984,45.0,44.939998626708984,45.0,2976,0.0,0.0
2023-03-15 12:30:00-04:00,45.52000045776367,45.712501525878906,45.4900016784668,45.54999923706055,1848,0.0,0.0
2023-03-15 13:30:00-04:00,43.66999816894531,45.54999923706055,43.66999816894531,45.54999923706055,468,0.0,0.0
2023-03-15 14:30:00-04:00,45.720001220703125,45.720001220703125,45.720001220703125,45.720001220703125,737,0.0,0.0
2023-03-15 15:30:00-04:00,45.91999816894531,46.0,45.81100082397461,45.81100082397461,2153,0.0,0.0
2023-03-16 09:30:00-04:00,45.880001068115234,45.880001068115234,45.880001068115234,45.880001068115234,1449,0.0,0.0
2023-03-16 11:30:00-04:00,45.849998474121094,46.0,45.79999923706055,45.970001220703125,4286,0.0,0.0
2023-03-16 12:30:00-04:00,45.9900016784668,46.0,45.9900016784668,46.0,1865,0.0,0.0
2023-03-16 14:30:00-04:00,45.45140075683594,45.45140075683594,45.45140075683594,45.45140075683594,2649,0.0,0.0
2023-03-16 15:30:00-04:00,45.90999984741211,45.90999984741211,45.90999984741211,45.90999984741211,889,0.0,0.0
2023-03-17 09:30:00-04:00,45.90999984741211,45.90999984741211,45.90999984741211,45.90999984741211,9301,0.0,0.0
2023-03-17 10:30:00-04:00,44.85660171508789,44.85660171508789,44.85660171508789,44.85660171508789,1300,0.0,0.0
2023-03-17 11:30:00-04:00,44.86000061035156,44.86000061035156,44.29999923706055,44.29999923706055,292,0.0,0.0
2023-03-17 13:30:00-04:00,45.63999938964844,45.63999938964844,45.63999938964844,45.63999938964844,625,0.0,0.0
2023-03-17 15:30:00-04:00,43.47999954223633,43.47999954223633,41.439998626708984,42.255001068115234,3851,0.0,0.0
2023-03-20 09:30:00-04:00,42.13999938964844,42.13999938964844,42.13999938964844,42.13999938964844,3204,0.0,0.0
2023-03-20 10:30:00-04:00,43.130001068115234,44.564998626708984,43.0,44.564998626708984,2626,0.0,0.0
2023-03-20 11:30:00-04:00,44.33000183105469,44.34000015258789,44.25,44.29999923706055,2411,0.0,0.0
2023-03-20 12:30:00-04:00,44.5099983215332,44.5099983215332,44.5099983215332,44.5099983215332,308,0.0,0.0
2023-03-20 13:30:00-04:00,44.34000015258789,44.34000015258789,44.25,44.29999923706055,1679,0.0,0.0
2023-03-20 14:30:00-04:00,44.435001373291016,44.435001373291016,44.435001373291016,44.435001373291016,793,0.0,0.0
2023-03-20 15:30:00-04:00,44.459999084472656,44.459999084472656,44.2599983215332,44.2599983215332,2666,0.0,0.0
2023-03-21 09:30:00-04:00,45.2400016784668,45.2400016784668,44.439998626708984,44.70320129394531,0,0.0,0.0
2023-03-21 10:30:00-04:00,45.255001068115234,45.255001068115234,45.255001068115234,45.255001068115234,444,0.0,0.0
2023-03-21 11:30:00-04:00,44.42679977416992,45.04999923706055,44.42679977416992,45.04999923706055,440,0.0,0.0
2023-03-21 12:30:00-04:00,45.05500030517578,45.05500030517578,44.7599983215332,44.779998779296875,1767,0.0,0.0
2023-03-21 13:30:00-04:00,44.88990020751953,44.88999938964844,44.88990020751953,44.88999938964844,755,0.0,0.0
2023-03-21 14:30:00-04:00,44.5,44.5,44.5,44.5,539,0.0,0.0
2023-03-21 15:30:00-04:00,44.41999816894531,44.41999816894531,44.31999969482422,44.31999969482422,2120,0.0,0.0
2023-03-22 09:30:00-04:00,44.25,45.38999938964844,44.25,45.279998779296875,0,0.0,0.0
2023-03-22 11:30:00-04:00,44.5,44.599998474121094,44.5,44.599998474121094,939,0.0,0.0
2023-03-22 13:30:00-04:00,44.25,44.93000030517578,44.25,44.93000030517578,1365,0.0,0.0
2023-03-22 14:30:00-04:00,44.310001373291016,44.310001373291016,43.650001525878906,44.150001525878906,11161,0.0,0.0
2023-03-22 15:30:00-04:00,44.01499938964844,44.119998931884766,43.689998626708984,43.689998626708984,2141,0.0,0.0
2023-03-23 09:30:00-04:00,43.599998474121094,43.599998474121094,43.599998474121094,43.599998474121094,377,0.0,0.0
2023-03-23 11:30:00-04:00,43.75,43.75,43.75,43.75,322,0.0,0.0
2023-03-23 12:30:00-04:00,43.630001068115234,43.630001068115234,43.630001068115234,43.630001068115234,827,0.0,0.0
2023-03-23 13:30:00-04:00,43.029998779296875,43.04999923706055,43.029998779296875,43.04999923706055,658,0.0,0.0
2023-03-23 14:30:00-04:00,42.69990158081055,42.69990158081055,42.0,42.0,1565,0.0,0.0
2023-03-23 15:30:00-04:00,42.68600082397461,42.779998779296875,42.68600082397461,42.779998779296875,1956,0.0,0.0
2023-03-24 09:30:00-04:00,42.5,43.400001525878906,42.5,43.02000045776367,4440,0.0,0.0
2023-03-24 10:30:00-04:00,43.5,43.599998474121094,43.0,43.20000076293945,2786,0.0,0.0
2023-03-24 11:30:00-04:00,43.255001068115234,43.255001068115234,43.255001068115234,43.255001068115234,483,0.0,0.0
2023-03-24 14:30:00-04:00,43.97999954223633,44.20000076293945,43.7599983215332,44.189998626708984,2086,0.0,0.0
2023-03-24 15:30:00-04:00,44.58000183105469,44.58000183105469,44.58000183105469,44.58000183105469,399,0.0,0.0
2023-03-27 09:30:00-04:00,44.54999923706055,45.150001525878906,43.470001220703125,45.060001373291016,6092,0.0,0.0
2023-03-27 10:30:00-04:00,44.79999923706055,45.279998779296875,44.7400016784668,44.79999923706055,8298,0.0,0.0
2023-03-27 11:30:00-04:00,44.75019836425781,44.750301361083984,44.189998626708984,44.189998626708984,831,0.0,0.0
2023-03-27 14:30:00-04:00,45.2400016784668,45.2400016784668,44.89500045776367,44.89500045776367,944,0.0,0.0
2023-03-27 15:30:00-04:00,44.61000061035156,44.65999984741211,44.61000061035156,44.65999984741211,528,0.0,0.0
2023-03-28 09:30:00-04:00,45.0,46.0,44.400001525878906,44.900001525878906,1554,0.0,0.0
2023-03-28 10:30:00-04:00,44.70000076293945,44.90999984741211,44.70000076293945,44.79999923706055,1904,0.0,0.0
2023-03-28 12:30:00-04:00,43.598899841308594,43.79999923706055,43.598899841308594,43.79999923706055,983,0.0,0.0
2023-03-28 14:30:00-04:00,43.29999923706055,43.560001373291016,43.2599983215332,43.560001373291016,548,0.0,0.0
2023-03-29 12:30:00-04:00,43.630001068115234,43.630001068115234,43.630001068115234,43.630001068115234,1366,0.0,0.0
2023-03-29 14:30:00-04:00,43.56999969482422,43.56999969482422,43.56999969482422,43.56999969482422,412,0.0,0.0
2023-03-29 15:30:00-04:00,43.88999938964844,44.21500015258789,43.88999938964844,44.21500015258789,682,0.0,0.0
2023-03-30 11:30:00-04:00,43.100101470947266,43.100101470947266,43.100101470947266,43.100101470947266,307,0.0,0.0
2023-03-30 12:30:00-04:00,43.46780014038086,43.46780014038086,43.46780014038086,43.46780014038086,174,0.0,0.0
2023-03-30 13:30:00-04:00,43.560001373291016,43.560001373291016,43.560001373291016,43.560001373291016,534,0.0,0.0
2023-03-30 15:30:00-04:00,43.15999984741211,43.15999984741211,43.04999923706055,43.04999923706055,598,0.0,0.0
2023-03-31 10:30:00-04:00,42.5,42.5,42.5,42.5,620,0.0,0.0
2023-03-31 15:30:00-04:00,42.90999984741211,43.290000915527344,42.89500045776367,42.95000076293945,2853,0.0,0.0
2023-04-03 09:30:00-04:00,43.31999969482422,43.31999969482422,42.75,42.75,1261,0.0,0.0
2023-04-03 10:30:00-04:00,42.7599983215332,42.7599983215332,42.20000076293945,42.290000915527344,4462,0.0,0.0
2023-04-03 11:30:00-04:00,42.599998474121094,42.599998474121094,42.20000076293945,42.20000076293945,1817,0.0,0.0
2023-04-03 12:30:00-04:00,42.2599983215332,42.41999816894531,42.2599983215332,42.41999816894531,427,0.0,0.0
2023-04-03 13:30:00-04:00,42.20000076293945,42.20000076293945,42.09000015258789,42.13999938964844,842,0.0,0.0
2023-04-03 14:30:00-04:00,42.189998626708984,42.3130989074707,42.189998626708984,42.3130989074707,719,0.0,0.0
2023-04-03 15:30:00-04:00,42.470001220703125,42.470001220703125,42.18000030517578,42.189998626708984,728,0.0,0.0
2023-04-04 09:30:00-04:00,42.849998474121094,42.849998474121094,42.849998474121094,42.849998474121094,575,0.0,0.0
2023-04-04 10:30:00-04:00,42.79999923706055,42.810001373291016,42.5,42.5,1726,0.0,0.0
2023-04-04 15:30:00-04:00,42.0,42.04999923706055,41.83000183105469,42.04999923706055,2828,0.0,0.0
2023-04-05 09:30:00-04:00,41.75,41.75,41.5,41.75,880,0.0,0.0
2023-04-05 10:30:00-04:00,41.5,41.5,41.189998626708984,41.29999923706055,1213,0.0,0.0
2023-04-05 12:30:00-04:00,41.25,41.380001068115234,41.25,41.380001068115234,1908,0.0,0.0
2023-04-05 13:30:00-04:00,41.2599983215332,41.400001525878906,41.25,41.400001525878906,918,0.0,0.0
2023-04-05 14:30:00-04:00,41.349998474121094,41.499900817871094,41.290000915527344,41.499900817871094,507,0.0,0.0
2023-04-05 15:30:00-04:00,41.40999984741211,41.75,41.40999984741211,41.75,869,0.0,0.0
2023-04-06 09:30:00-04:00,41.439998626708984,41.439998626708984,41.439998626708984,41.439998626708984,2019,0.0,0.0
2023-04-06 14:30:00-04:00,41.540000915527344,41.540000915527344,41.540000915527344,41.540000915527344,219,0.0,0.0
2023-04-06 15:30:00-04:00,42.16999816894531,42.38999938964844,42.16999816894531,42.38999938964844,1554,0.0,0.0
2023-04-10 09:30:00-04:00,42.16999816894531,42.16999816894531,42.16999816894531,42.16999816894531,148,0.0,0.0
2023-04-10 10:30:00-04:00,42.9921989440918,42.9921989440918,42.19499969482422,42.19499969482422,408,0.0,0.0
2023-04-10 11:30:00-04:00,42.560001373291016,42.599998474121094,42.560001373291016,42.599998474121094,1073,0.0,0.0
2023-04-10 14:30:00-04:00,42.59000015258789,42.59000015258789,42.59000015258789,42.59000015258789,221,0.0,0.0
2023-04-10 15:30:00-04:00,42.18000030517578,42.18000030517578,42.0099983215332,42.0099983215332,604,0.0,0.0
2023-04-11 09:30:00-04:00,41.5099983215332,41.5099983215332,41.5099983215332,41.5099983215332,1692,0.0,0.0
2023-04-11 12:30:00-04:00,42.741600036621094,42.741600036621094,41.5,41.5,1103,0.0,0.0
2023-04-11 14:30:00-04:00,41.66999816894531,41.66999816894531,41.66999816894531,41.66999816894531,657,0.0,0.0
2023-04-12 09:30:00-04:00,42.13999938964844,42.13999938964844,42.13999938964844,42.13999938964844,417,0.0,0.0
2023-04-12 14:30:00-04:00,42.242698669433594,42.242698669433594,41.630001068115234,41.720001220703125,7494,0.0,0.0
2023-04-12 15:30:00-04:00,41.849998474121094,42.29999923706055,41.849998474121094,42.29999923706055,3105,0.0,0.0
2023-04-13 09:30:00-04:00,42.47999954223633,42.47999954223633,42.47999954223633,42.47999954223633,0,0.0,0.0
2023-04-13 11:30:00-04:00,42.29999923706055,42.56999969482422,42.29999923706055,42.56999969482422,505,0.0,0.0
2023-04-13 13:30:00-04:00,42.898399353027344,42.898399353027344,42.898399353027344,42.898399353027344,599,0.0,0.0
2023-04-13 14:30:00-04:00,42.470001220703125,42.4900016784668,42.470001220703125,42.4900016784668,610,0.0,0.0
2023-04-14 09:30:00-04:00,42.79999923706055,42.79999923706055,42.500099182128906,42.5099983215332,1931,0.0,0.0
2023-04-14 12:30:00-04:00,41.97999954223633,41.97999954223633,41.5,41.5,1242,0.0,0.0
2023-04-14 13:30:00-04:00,41.36000061035156,41.36000061035156,41.060001373291016,41.060001373291016,1186,0.0,0.0
2023-04-14 14:30:00-04:00,41.44660186767578,41.44660186767578,41.0,41.0,1643,0.0,0.0
2023-04-14 15:30:00-04:00,41.119998931884766,41.5099983215332,41.119998931884766,41.369998931884766,1997,0.0,0.0
2023-04-17 09:30:00-04:00,41.38999938964844,41.38999938964844,41.38999938964844,41.38999938964844,222,0.0,0.0
2023-04-17 10:30:00-04:00,41.345001220703125,41.345001220703125,41.345001220703125,41.345001220703125,884,0.0,0.0
2023-04-17 11:30:00-04:00,41.2599983215332,41.2599983215332,41.2599983215332,41.2599983215332,1177,0.0,0.0
2023-04-17 14:30:00-04:00,41.939998626708984,41.99250030517578,41.939998626708984,41.99250030517578,604,0.0,0.0
2023-04-18 09:30:00-04:00,42.310001373291016,42.310001373291016,42.310001373291016,42.310001373291016,321,0.0,0.0
2023-04-18 10:30:00-04:00,41.49599838256836,41.49599838256836,41.49599838256836,41.49599838256836,929,0.0,0.0
2023-04-18 13:30:00-04:00,41.470001220703125,41.470001220703125,41.470001220703125,41.470001220703125,156,0.0,0.0
2023-04-18 14:30:00-04:00,41.0099983215332,41.33000183105469,41.0099983215332,41.0099983215332,533,0.0,0.0
2023-04-18 15:30:00-04:00,41.31999969482422,41.31999969482422,41.31999969482422,41.31999969482422,126,0.0,0.0
2023-04-19 09:30:00-04:00,41.400001525878906,41.400001525878906,41.400001525878906,41.400001525878906,380,0.0,0.0
2023-04-19 14:30:00-04:00,41.0,41.0,41.0,41.0,1504,0.0,0.0
2023-04-19 15:30:00-04:00,41.47999954223633,41.47999954223633,41.345001220703125,41.47999954223633,787,0.0,0.0
2023-04-20 09:30:00-04:00,41.36750030517578,41.36750030517578,41.36750030517578,41.36750030517578,721,0.0,0.0
2023-04-20 10:30:00-04:00,41.41999816894531,41.41999816894531,41.41999816894531,41.41999816894531,494,0.0,0.0
2023-04-20 11:30:00-04:00,41.400001525878906,41.400001525878906,41.400001525878906,41.400001525878906,156,0.0,0.0
2023-04-20 12:30:00-04:00,41.400001525878906,41.400001525878906,41.400001525878906,41.400001525878906,716,0.0,0.0
2023-04-20 13:30:00-04:00,41.79999923706055,41.79999923706055,41.79999923706055,41.79999923706055,305,0.0,0.0
2023-04-20 15:30:00-04:00,41.650001525878906,41.650001525878906,41.13999938964844,41.13999938964844,1043,0.0,0.0
2023-04-21 09:30:00-04:00,41.0099983215332,41.4900016784668,41.0,41.0,4111,0.0,0.0
2023-04-21 10:30:00-04:00,40.95000076293945,40.95000076293945,40.849998474121094,40.95000076293945,1076,0.0,0.0
2023-04-21 11:30:00-04:00,41.33000183105469,41.33000183105469,41.33000183105469,41.33000183105469,355,0.0,0.0
2023-04-21 12:30:00-04:00,41.345001220703125,41.345001220703125,41.345001220703125,41.345001220703125,678,0.0,0.0
2023-04-21 13:30:00-04:00,41.90850067138672,41.90850067138672,40.939998626708984,40.939998626708984,788,0.0,0.0
2023-04-24 09:30:00-04:00,41.650001525878906,41.650001525878906,41.0,41.005001068115234,1784,0.0,0.0
2023-04-24 12:30:00-04:00,41.279998779296875,41.279998779296875,41.279998779296875,41.279998779296875,369,0.0,0.0
2023-04-24 13:30:00-04:00,41.16999816894531,41.16999816894531,41.16999816894531,41.16999816894531,505,0.0,0.0
2023-04-24 14:30:00-04:00,40.71009826660156,40.71009826660156,40.71009826660156,40.71009826660156,270,0.0,0.0
2023-04-24 15:30:00-04:00,41.02000045776367,41.02000045776367,41.02000045776367,41.02000045776367,158,0.0,0.0
2023-04-26 09:30:00-04:00,40.0,40.20000076293945,40.0,40.20000076293945,922,0.0,0.0
2023-04-26 10:30:00-04:00,40.0,40.20000076293945,39.849998474121094,39.849998474121094,1883,0.0,0.0
2023-04-26 11:30:00-04:00,40.02000045776367,40.80500030517578,40.02000045776367,40.80500030517578,1662,0.0,0.0
2023-04-26 12:30:00-04:00,39.95000076293945,39.95000076293945,39.900001525878906,39.900001525878906,1170,0.0,0.0
2023-04-26 13:30:00-04:00,39.709999084472656,39.709999084472656,39.709999084472656,39.709999084472656,614,0.0,0.0
2023-04-26 14:30:00-04:00,39.75,40.13999938964844,39.75,39.959999084472656,1624,0.0,0.0
2023-04-27 09:30:00-04:00,40.11000061035156,40.11000061035156,40.11000061035156,40.11000061035156,0,0.0,0.0
2023-04-27 10:30:00-04:00,40.29999923706055,40.400001525878906,40.099998474121094,40.400001525878906,1708,0.0,0.0
2023-04-27 13:30:00-04:00,40.04999923706055,40.060001373291016,40.04999923706055,40.04999923706055,3292,0.0,0.0
2023-04-27 14:30:00-04:00,39.90999984741211,40.21500015258789,39.90999984741211,40.21500015258789,2198,0.0,0.0
2023-04-28 14:30:00-04:00,40.45000076293945,40.45000076293945,40.1161003112793,40.1161003112793,1247,0.0,0.0
2023-05-01 09:30:00-04:00,40.81999969482422,40.81999969482422,40.81999969482422,40.81999969482422,0,0.0,0.0
2023-05-01 10:30:00-04:00,40.599998474121094,40.650001525878906,40.599998474121094,40.599998474121094,1952,0.0,0.0
2023-05-01 12:30:00-04:00,40.599998474121094,40.6349983215332,40.599998474121094,40.6349983215332,754,0.0,0.0
2023-05-01 13:30:00-04:00,40.459999084472656,40.459999084472656,40.459999084472656,40.459999084472656,332,0.0,0.0
2023-05-02 09:30:00-04:00,40.25,40.25,39.4900016784668,39.4900016784668,785,0.0,0.0
2023-05-02 10:30:00-04:00,39.45000076293945,39.459999084472656,39.45000076293945,39.459999084472656,2556,0.0,0.0
2023-05-02 11:30:00-04:00,38.349998474121094,38.349998474121094,38.0,38.04990005493164,6121,0.0,0.0
2023-05-02 12:30:00-04:00,38.44499969482422,38.44499969482422,37.79840087890625,38.41999816894531,1055,0.0,0.0
2023-05-02 13:30:00-04:00,37.763301849365234,37.763301849365234,37.763301849365234,37.763301849365234,0,0.0,0.0
2023-05-02 15:30:00-04:00,37.790000915527344,37.790000915527344,37.790000915527344,37.790000915527344,12655,0.0,0.0
2023-05-03 09:30:00-04:00,37.869998931884766,38.119998931884766,37.45000076293945,37.45000076293945,1770,0.0,0.0
2023-05-03 10:30:00-04:00,37.630001068115234,37.630001068115234,37.630001068115234,37.630001068115234,1194,0.0,0.0
2023-05-03 14:30:00-04:00,38.165000915527344,38.779998779296875,38.165000915527344,38.779998779296875,803,0.0,0.0
2023-05-03 15:30:00-04:00,38.0099983215332,38.0099983215332,38.0099983215332,38.0099983215332,725,0.0,0.0
2023-05-04 09:30:00-04:00,37.95000076293945,38.150001525878906,37.95000076293945,38.150001525878906,962,0.0,0.0
2023-05-04 10:30:00-04:00,38.2400016784668,38.2400016784668,38.2400016784668,38.2400016784668,439,0.0,0.0
2023-05-04 11:30:00-04:00,37.95640182495117,37.95640182495117,37.95640182495117,37.95640182495117,208,0.0,0.0
2023-05-04 12:30:00-04:00,38.123600006103516,38.123600006103516,38.09000015258789,38.09000015258789,934,0.0,0.0
2023-05-04 13:30:00-04:00,37.95000076293945,37.95000076293945,37.95000076293945,37.95000076293945,1071,0.0,0.0
2023-05-04 15:30:00-04:00,37.310001373291016,37.310001373291016,37.310001373291016,37.310001373291016,351,0.0,0.0
2023-05-05 09:30:00-04:00,38.20000076293945,38.8125,38.20000076293945,38.8125,1439,0.0,0.0
2023-05-05 10:30:00-04:00,38.54999923706055,38.54999923706055,38.54999923706055,38.54999923706055,340,0.0,0.0
2023-05-05 11:30:00-04:00,38.75,38.75,38.75,38.75,1126,0.0,0.0
2023-05-05 12:30:00-04:00,38.72999954223633,38.72999954223633,38.72999954223633,38.72999954223633,412,0.0,0.0
2023-05-05 14:30:00-04:00,38.709999084472656,38.709999084472656,38.709999084472656,38.709999084472656,851,0.0,0.0
2023-05-08 10:30:00-04:00,38.573699951171875,38.573699951171875,38.573699951171875,38.573699951171875,709,0.0,0.0
2023-05-08 11:30:00-04:00,38.2400016784668,38.25,38.2400016784668,38.25,781,0.0,0.0
2023-05-08 12:30:00-04:00,38.25,38.25,38.0,38.0,1265,0.0,0.0
2023-05-09 10:30:00-04:00,37.100101470947266,37.84000015258789,35.02000045776367,35.20000076293945,21606,0.0,0.0
2023-05-09 11:30:00-04:00,34.95000076293945,34.95000076293945,30.950000762939453,34.2400016784668,29097,0.0,0.0
2023-05-09 12:30:00-04:00,33.650001525878906,34.849998474121094,33.130001068115234,34.80059814453125,4037,0.0,0.0
2023-05-09 13:30:00-04:00,34.400001525878906,35.989898681640625,34.400001525878906,35.2599983215332,3517,0.0,0.0
2023-05-09 14:30:00-04:00,35.2599983215332,36.0,35.2599983215332,35.349998474121094,7159,0.0,0.0
2023-05-09 15:30:00-04:00,34.53499984741211,35.52000045776367,34.529998779296875,35.27000045776367,8733,0.0,0.0
2023-05-10 09:30:00-04:00,36.0,36.0,35.18000030517578,35.18000030517578,706,0.0,0.0
2023-05-10 10:30:00-04:00,35.43000030517578,35.43000030517578,35.43000030517578,35.43000030517578,503,0.0,0.0
2023-05-10 11:30:00-04:00,35.997798919677734,35.997798919677734,35.38999938964844,35.38999938964844,1323,0.0,0.0
2023-05-10 12:30:00-04:00,35.38999938964844,35.60499954223633,35.38999938964844,35.5099983215332,1481,0.0,0.0
2023-05-10 14:30:00-04:00,35.79999923706055,35.79999923706055,35.790000915527344,35.79999923706055,882,0.0,0.0
2023-05-10 15:30:00-04:00,36.0,36.41999816894531,36.0,36.41999816894531,1205,0.0,0.0
2023-05-11 10:30:00-04:00,35.779998779296875,35.779998779296875,34.880001068115234,35.0099983215332,721,0.0,0.0
2023-05-11 13:30:00-04:00,34.880001068115234,34.880001068115234,34.63999938964844,34.63999938964844,662,0.0,0.0
2023-05-11 14:30:00-04:00,34.560001373291016,34.810001373291016,34.560001373291016,34.779998779296875,1273,0.0,0.0
2023-05-11 15:30:00-04:00,35.58000183105469,35.650001525878906,35.58000183105469,35.650001525878906,847,0.0,0.0
2023-05-12 09:30:00-04:00,35.689998626708984,36.18000030517578,34.750099182128906,34.750099182128906,2114,0.0,0.0
2023-05-12 11:30:00-04:00,34.79999923706055,34.79999923706055,34.79999923706055,34.79999923706055,1914,0.0,0.0
2023-05-12 13:30:00-04:00,34.79999923706055,34.79999923706055,34.79999923706055,34.79999923706055,670,0.0,0.0
2023-05-15 09:30:00-04:00,37.0,37.974998474121094,37.0,37.83000183105469,10355,0.0,0.0
2023-05-15 10:30:00-04:00,37.83000183105469,38.25,37.83000183105469,38.25,7752,0.0,0.0
2023-05-15 11:30:00-04:00,38.25,38.25,38.2400016784668,38.25,583,0.0,0.0
2023-05-15 12:30:00-04:00,38.06999969482422,38.06999969482422,37.439998626708984,37.439998626708984,1056,0.0,0.0
2023-05-15 13:30:00-04:00,37.900001525878906,38.099998474121094,37.772499084472656,38.099998474121094,1242,0.0,0.0
2023-05-16 09:30:00-04:00,38.459999084472656,38.459999084472656,37.08000183105469,37.3927001953125,5618,0.0,0.0
2023-05-16 10:30:00-04:00,37.845001220703125,37.845001220703125,37.77000045776367,37.77000045776367,845,0.0,0.0
2023-05-16 11:30:00-04:00,38.04999923706055,38.20000076293945,38.04999923706055,38.04999923706055,2763,0.0,0.0
2023-05-16 12:30:00-04:00,38.04999923706055,38.20000076293945,38.04999923706055,38.20000076293945,2511,0.0,0.0
2023-05-16 15:30:00-04:00,38.53499984741211,39.130001068115234,38.10499954223633,38.10499954223633,1906,0.0,0.0
2023-05-17 11:30:00-04:00,38.5,38.5,38.5,38.5,1605,0.0,0.0
2023-05-17 12:30:00-04:00,39.61000061035156,39.61000061035156,39.29999923706055,39.29999923706055,916,0.0,0.0
2023-05-17 15:30:00-04:00,39.5,39.5,39.0099983215332,39.5,5104,0.0,0.0
2023-05-18 09:30:00-04:00,39.380001068115234,40.169898986816406,39.380001068115234,39.599998474121094,3542,0.0,0.0
2023-05-18 10:30:00-04:00,39.369998931884766,39.650001525878906,39.36000061035156,39.5,3589,0.0,0.0
2023-05-18 11:30:00-04:00,39.5,39.523799896240234,39.400001525878906,39.400001525878906,642,0.0,0.0
2023-05-18 12:30:00-04:00,39.650001525878906,39.650001525878906,39.650001525878906,39.650001525878906,779,0.0,0.0
2023-05-18 13:30:00-04:00,39.5,39.5,39.5,39.5,323,0.0,0.0
2023-05-18 14:30:00-04:00,39.5,39.57500076293945,39.33000183105469,39.5,1103,0.0,0.0
2023-05-18 15:30:00-04:00,39.5,39.52000045776367,39.31999969482422,39.31999969482422,3316,0.0,0.0
2023-05-19 09:30:00-04:00,40.2400016784668,40.2400016784668,38.869998931884766,38.869998931884766,3042,0.0,0.0
2023-05-19 11:30:00-04:00,39.970001220703125,39.970001220703125,39.970001220703125,39.970001220703125,1305,0.0,0.0
2023-05-19 15:30:00-04:00,39.27000045776367,39.27000045776367,39.27000045776367,39.27000045776367,840,0.0,0.0
2023-05-22 09:30:00-04:00,39.31999969482422,39.5,39.31999969482422,39.5,0,0.0,0.0
2023-05-22 13:30:00-04:00,39.9900016784668,39.9900016784668,39.36090087890625,39.36090087890625,2013,0.0,0.0
2023-05-22 14:30:00-04:00,39.845001220703125,40.0,39.845001220703125,39.999900817871094,2086,0.0,0.0
2023-05-22 15:30:00-04:00,39.900001525878906,39.900001525878906,39.310001373291016,39.310001373291016,843,0.0,0.0
2023-05-23 09:30:00-04:00,40.0,40.0,39.9900016784668,39.9900016784668,1050,0.0,0.0
2023-05-23 10:30:00-04:00,40.0,40.0,39.9900016784668,40.0,2546,0.0,0.0
2023-05-23 11:30:00-04:00,40.0,40.0,40.0,40.0,618,0.0,0.0
2023-05-23 12:30:00-04:00,39.84000015258789,39.84000015258789,39.84000015258789,39.84000015258789,546,0.0,0.0
2023-05-23 13:30:00-04:00,40.0,40.0,40.0,40.0,390,0.0,0.0
2023-05-23 14:30:00-04:00,39.922000885009766,39.922000885009766,39.922000885009766,39.922000885009766,462,0.0,0.0
2023-05-23 15:30:00-04:00,40.150001525878906,40.75,40.150001525878906,40.75,1238,0.0,0.0
2023-05-24 09:30:00-04:00,39.97999954223633,39.97999954223633,39.97999954223633,39.97999954223633,257,0.0,0.0
2023-05-24 11:30:00-04:00,39.9900016784668,39.9900016784668,39.9900016784668,39.9900016784668,275,0.0,0.0
2023-05-24 12:30:00-04:00,40.060001373291016,40.56999969482422,39.98939895629883,39.98939895629883,2136,0.0,0.0
2023-05-25 12:30:00-04:00,39.87889862060547,39.87889862060547,39.87889862060547,39.87889862060547,1398,0.0,0.0
2023-05-26 14:30:00-04:00,39.750099182128906,40.24620056152344,39.750099182128906,40.24620056152344,766,0.0,0.0
2023-05-30 15:30:00-04:00,40.400001525878906,40.400001525878906,40.119998931884766,40.290000915527344,2719,0.0,0.0
2023-05-31 09:30:00-04:00,39.94499969482422,39.94499969482422,39.94499969482422,39.94499969482422,0,0.0,0.0
2023-05-31 10:30:00-04:00,40.307498931884766,40.307498931884766,40.307498931884766,40.307498931884766,206,0.0,0.0
2023-05-31 12:30:00-04:00,39.79999923706055,41.25,39.79999923706055,41.25,524,0.0,0.0
2023-05-31 13:30:00-04:00,39.79999923706055,39.79999923706055,39.79999923706055,39.79999923706055,827,0.0,0.0
2023-05-31 14:30:00-04:00,39.79999923706055,40.0099983215332,39.79999923706055,40.0099983215332,600,0.0,0.0
2023-05-31 15:30:00-04:00,40.060001373291016,40.060001373291016,40.060001373291016,40.060001373291016,104,0.0,0.0
2023-06-01 09:30:00-04:00,39.959999084472656,40.349998474121094,39.79999923706055,39.79999923706055,957,0.0,0.0
2023-06-01 10:30:00-04:00,39.34000015258789,39.505001068115234,38.750099182128906,38.79499816894531,1037,0.0,0.0
2023-06-01 11:30:00-04:00,39.451499938964844,39.451499938964844,38.82500076293945,38.82500076293945,687,0.0,0.0
2023-06-01 12:30:00-04:00,38.869998931884766,38.869998931884766,38.869998931884766,38.869998931884766,561,0.0,0.0
2023-06-01 13:30:00-04:00,39.45000076293945,39.45000076293945,39.45000076293945,39.45000076293945,108,0.0,0.0
2023-06-01 14:30:00-04:00,39.02000045776367,39.02000045776367,39.0,39.0,1047,0.0,0.0
2023-06-01 15:30:00-04:00,38.39500045776367,38.39500045776367,38.1349983215332,38.27000045776367,1555,0.0,0.0
2023-06-02 09:30:00-04:00,39.2400016784668,39.2400016784668,37.86000061035156,37.86000061035156,2163,0.0,0.0
2023-06-02 13:30:00-04:00,39.86000061035156,40.18000030517578,39.79999923706055,39.849998474121094,2490,0.0,0.0
2023-06-02 14:30:00-04:00,40.150001525878906,40.5099983215332,39.915000915527344,40.5099983215332,1320,0.0,0.0
2023-06-02 15:30:00-04:00,40.4900016784668,41.310001373291016,40.459999084472656,41.310001373291016,411,0.0,0.0
2023-06-05 09:30:00-04:00,40.70000076293945,40.70000076293945,40.70000076293945,40.70000076293945,698,0.0,0.0
2023-06-05 12:30:00-04:00,40.0,40.0,40.0,40.0,1186,0.0,0.0
2023-06-05 15:30:00-04:00,40.54999923706055,40.54999923706055,39.5,39.75,996,0.0,0.0
2023-06-06 09:30:00-04:00,39.290000915527344,40.0,39.290000915527344,39.7599983215332,1247,0.0,0.0
2023-06-06 10:30:00-04:00,40.70000076293945,41.25,40.70000076293945,41.25,1404,0.0,0.0
2023-06-06 12:30:00-04:00,41.88999938964844,41.90999984741211,41.34479904174805,41.34479904174805,1009,0.0,0.0
2023-06-06 14:30:00-04:00,40.84000015258789,42.34000015258789,40.84000015258789,42.29999923706055,4013,0.0,0.0
2023-06-06 15:30:00-04:00,41.871700286865234,41.90999984741211,41.871700286865234,41.90999984741211,1629,0.0,0.0
2023-06-07 09:30:00-04:00,41.90999984741211,42.790000915527344,41.90999984741211,42.790000915527344,2472,0.0,0.0
2023-06-07 10:30:00-04:00,43.83000183105469,43.84000015258789,43.790000915527344,43.79999923706055,1733,0.0,0.0
2023-06-07 11:30:00-04:00,43.5,43.70000076293945,43.13999938964844,43.5,1304,0.0,0.0
2023-06-07 12:30:00-04:00,43.5,43.5,43.45000076293945,43.5,1375,0.0,0.0
2023-06-07 13:30:00-04:00,43.5364990234375,43.5364990234375,43.5364990234375,43.5364990234375,689,0.0,0.0
2023-06-07 14:30:00-04:00,43.5,43.52000045776367,43.5,43.5,3929,0.0,0.0
2023-06-07 15:30:00-04:00,43.29999923706055,43.5,43.29999923706055,43.5,700,0.0,0.0
2023-06-08 10:30:00-04:00,42.0,42.244998931884766,42.0,42.0,2032,0.0,0.0
2023-06-08 12:30:00-04:00,42.06999969482422,42.40999984741211,42.06999969482422,42.380001068115234,1487,0.0,0.0
2023-06-08 13:30:00-04:00,42.41999816894531,42.41999816894531,41.90340042114258,41.90340042114258,1583,0.0,0.0
2023-06-08 14:30:00-04:00,42.189998626708984,42.20100021362305,41.61000061035156,41.61000061035156,2035,0.0,0.0
2023-06-08 15:30:00-04:00,42.095001220703125,42.095001220703125,42.095001220703125,42.095001220703125,101,0.0,0.0
2023-06-09 10:30:00-04:00,40.84000015258789,40.84000015258789,40.84000015258789,40.84000015258789,573,0.0,0.0
2023-06-09 14:30:00-04:00,41.689998626708984,41.689998626708984,41.689998626708984,41.689998626708984,1023,0.0,0.0
2023-06-12 15:30:00-04:00,42.56999969482422,42.650001525878906,41.56999969482422,41.56999969482422,4541,0.0,0.0
2023-06-13 09:30:00-04:00,41.90999984741211,42.90999984741211,41.90999984741211,42.599998474121094,4204,0.0,0.0
2023-06-13 10:30:00-04:00,42.560001373291016,42.57600021362305,42.5,42.57600021362305,1529,0.0,0.0
2023-06-13 11:30:00-04:00,42.95000076293945,43.0,42.709999084472656,43.0,1705,0.0,0.0
2023-06-13 12:30:00-04:00,42.95000076293945,43.4900016784668,42.630001068115234,43.18000030517578,2884,0.0,0.0
2023-06-13 13:30:00-04:00,43.0,43.31999969482422,43.0,43.060001373291016,5615,0.0,0.0
2023-06-13 14:30:00-04:00,43.130001068115234,43.5,43.0,43.5,1535,0.0,0.0
2023-06-13 15:30:00-04:00,42.959999084472656,43.20000076293945,42.959999084472656,42.9900016784668,2761,0.0,0.0
2023-06-14 09:30:00-04:00,42.95000076293945,42.95000076293945,42.79999923706055,42.79999923706055,325,0.0,0.0
2023-06-14 10:30:00-04:00,43.22999954223633,43.25,42.849998474121094,43.20000076293945,4998,0.0,0.0
2023-06-14 11:30:00-04:00,43.189998626708984,43.189998626708984,43.099998474121094,43.099998474121094,2040,0.0,0.0
2023-06-14 12:30:00-04:00,43.0099983215332,43.0099983215332,43.0099983215332,43.0099983215332,117,0.0,0.0
2023-06-14 13:30:00-04:00,42.290000915527344,42.900001525878906,42.290000915527344,42.5,1299,0.0,0.0
2023-06-14 15:30:00-04:00,42.0,42.0,42.0,42.0,374,0.0,0.0
2023-06-15 09:30:00-04:00,42.22999954223633,44.0,41.0,43.09989929199219,3673,0.0,0.0
2023-06-15 10:30:00-04:00,41.91999816894531,41.91999816894531,41.849998474121094,41.849998474121094,625,0.0,0.0
2023-06-15 11:30:00-04:00,42.90999984741211,43.099998474121094,42.64500045776367,43.09000015258789,3111,0.0,0.0
2023-06-15 13:30:00-04:00,43.310001373291016,43.970001220703125,43.119998931884766,43.970001220703125,3899,0.0,0.0
2023-06-15 14:30:00-04:00,43.79999923706055,44.29999923706055,42.75,43.91999816894531,16168,0.0,0.0
2023-06-15 15:30:00-04:00,43.790000915527344,43.790000915527344,43.0,43.52000045776367,1156,0.0,0.0
2023-06-16 09:30:00-04:00,44.599998474121094,44.599998474121094,43.79999923706055,43.79999923706055,9326,0.0,0.0
2023-06-16 10:30:00-04:00,44.2400016784668,44.2400016784668,44.2400016784668,44.2400016784668,346,0.0,0.0
2023-06-16 11:30:00-04:00,44.2400016784668,44.29999923706055,44.2400016784668,44.29999923706055,533,0.0,0.0
2023-06-16 13:30:00-04:00,44.45000076293945,44.45000076293945,44.45000076293945,44.45000076293945,288,0.0,0.0
2023-06-16 14:30:00-04:00,44.45000076293945,44.55730056762695,44.45000076293945,44.55730056762695,1463,0.0,0.0
2023-06-16 15:30:00-04:00,44.0,44.185001373291016,43.22999954223633,44.185001373291016,4424,0.0,0.0
2023-06-20 09:30:00-04:00,43.900001525878906,43.900001525878906,43.04999923706055,43.04999923706055,1379,0.0,0.0
2023-06-20 10:30:00-04:00,43.20500183105469,43.20500183105469,43.20500183105469,43.20500183105469,543,0.0,0.0
2023-06-20 11:30:00-04:00,43.0,43.07500076293945,42.75,42.880001068115234,1658,0.0,0.0
2023-06-20 12:30:00-04:00,42.880001068115234,43.790000915527344,42.880001068115234,43.790000915527344,961,0.0,0.0
2023-06-20 13:30:00-04:00,42.880001068115234,42.880001068115234,42.880001068115234,42.880001068115234,1103,0.0,0.0
2023-06-20 14:30:00-04:00,43.064998626708984,43.064998626708984,43.04999923706055,43.04999923706055,695,0.0,0.0
2023-06-20 15:30:00-04:00,42.099998474121094,42.099998474121094,42.099998474121094,42.099998474121094,912,0.0,0.0
2023-06-21 10:30:00-04:00,42.529998779296875,43.064998626708984,42.2599983215332,42.60060119628906,2143,0.0,0.0
2023-06-21 11:30:00-04:00,42.689998626708984,42.900001525878906,42.5,42.900001525878906,660,0.0,0.0
2023-06-21 12:30:00-04:00,42.5,43.13999938964844,42.5,42.59000015258789,2957,0.0,0.0
2023-06-21 13:30:00-04:00,42.59000015258789,42.869998931884766,42.59000015258789,42.849998474121094,1164,0.0,0.0
2023-06-21 14:30:00-04:00,42.86000061035156,42.86000061035156,42.86000061035156,42.86000061035156,312,0.0,0.0
2023-06-21 15:30:00-04:00,43.220001220703125,43.220001220703125,42.849998474121094,42.900001525878906,645,0.0,0.0
2023-06-22 12:30:00-04:00,41.939998626708984,41.939998626708984,41.709999084472656,41.720001220703125,2956,0.0,0.0
2023-06-22 13:30:00-04:00,41.76369857788086,41.76369857788086,41.76369857788086,41.76369857788086,454,0.0,0.0
2023-06-22 14:30:00-04:00,41.9900016784668,42.04999923706055,41.95000076293945,42.04999923706055,4002,0.0,0.0
2023-06-22 15:30:00-04:00,42.04999923706055,42.697898864746094,41.84000015258789,41.84000015258789,4450,0.0,0.0
2023-06-23 09:30:00-04:00,41.220001220703125,41.220001220703125,41.130001068115234,41.130001068115234,1524,0.0,0.0
2023-06-23 10:30:00-04:00,41.130001068115234,41.130001068115234,41.130001068115234,41.130001068115234,345,0.0,0.0
2023-06-23 11:30:00-04:00,42.03990173339844,42.03990173339844,41.689998626708984,41.689998626708984,582,0.0,0.0
2023-06-23 12:30:00-04:00,41.400001525878906,41.400001525878906,41.29999923706055,41.31999969482422,1221,0.0,0.0
2023-06-23 13:30:00-04:00,41.61000061035156,41.66999816894531,41.25,41.25,1121,0.0,0.0
2023-06-23 14:30:00-04:00,41.25,41.630001068115234,41.25,41.630001068115234,2357,0.0,0.0
2023-06-23 15:30:00-04:00,41.25,43.29999923706055,41.25,42.2599983215332,22675,0.0,0.0
2023-06-26 09:30:00-04:00,42.650001525878906,42.650001525878906,42.650001525878906,42.650001525878906,1715,0.0,0.0
2023-06-26 10:30:00-04:00,42.93000030517578,42.93000030517578,42.73500061035156,42.73500061035156,446,0.0,0.0
2023-06-26 11:30:00-04:00,42.9900016784668,43.0,42.9900016784668,43.0,3383,0.0,0.0
2023-06-26 12:30:00-04:00,43.40999984741211,43.45000076293945,43.40999984741211,43.45000076293945,412,0.0,0.0
2023-06-26 13:30:00-04:00,43.65999984741211,43.849998474121094,43.65999984741211,43.849998474121094,2230,0.0,0.0
2023-06-26 14:30:00-04:00,43.5,43.5,43.5,43.5,105,0.0,0.0
2023-06-26 15:30:00-04:00,43.5,43.91999816894531,42.71260070800781,42.71260070800781,1364,0.0,0.0
2023-06-27 09:30:00-04:00,43.08000183105469,43.540000915527344,43.08000183105469,43.497501373291016,2104,0.0,0.0
2023-06-27 10:30:00-04:00,43.779998779296875,43.779998779296875,43.18519973754883,43.349998474121094,3086,0.0,0.0
2023-06-27 11:30:00-04:00,42.320098876953125,42.320098876953125,42.320098876953125,42.320098876953125,395,0.0,0.0
2023-06-27 12:30:00-04:00,43.0,43.0,43.0,43.0,327,0.0,0.0
2023-06-27 13:30:00-04:00,43.0,43.0,43.0,43.0,362,0.0,0.0
2023-06-27 15:30:00-04:00,43.25,43.25,43.189998626708984,43.189998626708984,847,0.0,0.0
2023-06-28 09:30:00-04:00,42.9900016784668,43.290000915527344,42.9900016784668,43.290000915527344,3425,0.0,0.0
2023-06-28 10:30:00-04:00,43.439998626708984,43.439998626708984,43.439998626708984,43.439998626708984,664,0.0,0.0
2023-06-28 11:30:00-04:00,43.400001525878906,43.5099983215332,43.400001525878906,43.5099983215332,1134,0.0,0.0
2023-06-28 12:30:00-04:00,43.58000183105469,43.58000183105469,43.58000183105469,43.58000183105469,0,0.0,0.0
2023-06-28 13:30:00-04:00,43.400001525878906,43.400001525878906,43.400001525878906,43.400001525878906,6790,0.0,0.0
2023-06-28 14:30:00-04:00,43.72999954223633,43.75,43.58000183105469,43.58000183105469,3180,0.0,0.0
2023-06-28 15:30:00-04:00,43.599998474121094,43.599998474121094,43.599998474121094,43.599998474121094,236,0.0,0.0
2023-06-29 09:30:00-04:00,43.529998779296875,44.599998474121094,43.529998779296875,44.29499816894531,0,0.0,0.0
2023-06-29 10:30:00-04:00,44.400001525878906,44.400001525878906,43.689998626708984,43.779998779296875,3975,0.0,0.0
2023-06-29 11:30:00-04:00,43.75,43.75,43.5,43.75,3182,0.0,0.0
2023-06-29 12:30:00-04:00,43.4900016784668,43.75,43.349998474121094,43.75,3820,0.0,0.0
2023-06-29 13:30:00-04:00,43.79999923706055,43.79999923706055,43.75,43.75,1235,0.0,0.0
2023-06-29 14:30:00-04:00,43.75,44.1682014465332,43.75,44.099998474121094,1484,0.0,0.0
2023-06-29 15:30:00-04:00,43.529998779296875,43.880001068115234,43.529998779296875,43.84000015258789,939,0.0,0.0
2023-06-30 09:30:00-04:00,43.459999084472656,44.0,43.459999084472656,44.0,2414,0.0,0.0
2023-06-30 10:30:00-04:00,44.349998474121094,44.5,44.0,44.0,3022,0.0,0.0
2023-06-30 11:30:00-04:00,43.75,43.859901428222656,43.75,43.859901428222656,1296,0.0,0.0
2023-06-30 12:30:00-04:00,43.849998474121094,43.849998474121094,43.849998474121094,43.849998474121094,429,0.0,0.0
2023-06-30 13:30:00-04:00,43.84000015258789,43.84000015258789,43.84000015258789,43.84000015258789,505,0.0,0.0
2023-06-30 14:30:00-04:00,44.2400016784668,44.25,44.2400016784668,44.25,1290,0.0,0.0
2023-06-30 15:30:00-04:00,43.0099983215332,43.0099983215332,43.0099983215332,43.0099983215332,264,0.0,0.0
2023-07-03 09:30:00-04:00,43.470001220703125,43.470001220703125,43.0099983215332,43.0099983215332,366,0.0,0.0
2023-07-03 10:30:00-04:00,43.290000915527344,43.290000915527344,43.290000915527344,43.290000915527344,182,0.0,0.0
2023-07-05 09:30:00-04:00,43.43000030517578,43.630001068115234,43.130001068115234,43.20000076293945,4879,0.0,0.0
2023-07-05 10:30:00-04:00,43.25,43.400001525878906,43.25,43.400001525878906,1192,0.0,0.0
2023-07-05 11:30:00-04:00,43.529998779296875,43.599998474121094,43.529998779296875,43.599998474121094,729,0.0,0.0
2023-07-05 12:30:00-04:00,43.599998474121094,43.65999984741211,43.5,43.5,2998,0.0,0.0
2023-07-05 13:30:00-04:00,43.68000030517578,44.346900939941406,43.56999969482422,43.56999969482422,2648,0.0,0.0
2023-07-05 14:30:00-04:00,43.56999969482422,43.56999969482422,43.56999969482422,43.56999969482422,739,0.0,0.0
2023-07-05 15:30:00-04:00,43.5,43.5,43.5,43.5,1237,0.0,0.0
2023-07-06 09:30:00-04:00,42.84000015258789,42.84000015258789,42.5,42.5,0,0.0,0.0
2023-07-06 10:30:00-04:00,42.11000061035156,42.11000061035156,41.7599983215332,41.86000061035156,5768,0.0,0.0
2023-07-06 11:30:00-04:00,41.525001525878906,41.525001525878906,41.525001525878906,41.525001525878906,718,0.0,0.0
2023-07-06 13:30:00-04:00,42.04999923706055,42.04999923706055,42.04999923706055,42.04999923706055,797,0.0,0.0
2023-07-06 14:30:00-04:00,42.25,42.25,42.25,42.25,779,0.0,0.0
2023-07-06 15:30:00-04:00,41.584999084472656,42.0,41.584999084472656,41.9900016784668,1536,0.0,0.0
2023-07-07 09:30:00-04:00,42.40999984741211,42.40999984741211,41.84000015258789,41.84000015258789,951,0.0,0.0
2023-07-07 10:30:00-04:00,42.29999923706055,42.29999923706055,42.29999923706055,42.29999923706055,233,0.0,0.0
2023-07-07 11:30:00-04:00,42.83000183105469,42.95000076293945,42.599998474121094,42.95000076293945,1328,0.0,0.0
2023-07-07 12:30:00-04:00,42.900001525878906,43.290000915527344,42.900001525878906,43.290000915527344,985,0.0,0.0
2023-07-07 13:30:00-04:00,43.22999954223633,43.22999954223633,43.22999954223633,43.22999954223633,4732,0.0,0.0
2023-07-07 14:30:00-04:00,42.630001068115234,42.630001068115234,42.630001068115234,42.630001068115234,343,0.0,0.0
2023-07-07 15:30:00-04:00,42.869998931884766,42.869998931884766,42.40999984741211,42.40999984741211,1714,0.0,0.0
2023-07-10 09:30:00-04:00,42.290000915527344,43.19969940185547,42.290000915527344,43.19969940185547,0,0.0,0.0
2023-07-10 11:30:00-04:00,43.150001525878906,43.150001525878906,42.369998931884766,43.06999969482422,10432,0.0,0.0
2023-07-10 13:30:00-04:00,42.220001220703125,42.220001220703125,41.994998931884766,41.994998931884766,596,0.0,0.0
2023-07-10 14:30:00-04:00,41.9900016784668,41.9900016784668,41.9900016784668,41.9900016784668,212,0.0,0.0
2023-07-10 15:30:00-04:00,42.14500045776367,42.14500045776367,42.14500045776367,42.14500045776367,100,0.0,0.0
2023-07-11 10:30:00-04:00,43.0,43.0,41.5,41.5099983215332,16523,0.0,0.0
2023-07-11 11:30:00-04:00,41.5,42.9900016784668,41.5,41.7400016784668,11210,0.0,0.0
2023-07-11 12:30:00-04:00,41.70000076293945,41.70000076293945,41.70000076293945,41.70000076293945,1903,0.0,0.0
2023-07-11 13:30:00-04:00,42.209999084472656,42.989898681640625,42.209999084472656,42.93000030517578,1988,0.0,0.0
2023-07-11 14:30:00-04:00,42.7400016784668,42.91999816894531,42.689998626708984,42.91999816894531,2686,0.0,0.0
2023-07-11 15:30:00-04:00,42.959999084472656,43.61000061035156,42.959999084472656,43.61000061035156,3249,0.0,0.0
2023-07-12 09:30:00-04:00,43.72999954223633,43.72999954223633,43.72999954223633,43.72999954223633,683,0.0,0.0
2023-07-12 10:30:00-04:00,43.599998474121094,43.92499923706055,43.599998474121094,43.650001525878906,647,0.0,0.0
2023-07-12 11:30:00-04:00,43.60499954223633,44.224998474121094,43.43000030517578,43.70000076293945,2225,0.0,0.0
2023-07-12 12:30:00-04:00,43.70000076293945,43.70000076293945,43.70000076293945,43.70000076293945,1255,0.0,0.0
2023-07-12 13:30:00-04:00,43.75,43.75,43.75,43.75,649,0.0,0.0
2023-07-12 14:30:00-04:00,43.75,43.849998474121094,43.75,43.75,3069,0.0,0.0
2023-07-12 15:30:00-04:00,43.54999923706055,43.54999923706055,43.54999923706055,43.54999923706055,100,0.0,0.0
2023-07-13 09:30:00-04:00,43.2599983215332,44.11000061035156,43.2599983215332,44.0,0,0.0,0.0
2023-07-13 12:30:00-04:00,44.20000076293945,44.20000076293945,44.20000076293945,44.20000076293945,1074,0.0,0.0
2023-07-13 13:30:00-04:00,44.20000076293945,44.20000076293945,44.20000076293945,44.20000076293945,1224,0.0,0.0
2023-07-13 14:30:00-04:00,44.20000076293945,44.20000076293945,44.20000076293945,44.20000076293945,317,0.0,0.0
2023-07-13 15:30:00-04:00,44.08000183105469,44.08000183105469,44.08000183105469,44.08000183105469,102,0.0,0.0
2023-07-14 09:30:00-04:00,45.0,45.0,44.150001525878906,44.31999969482422,2847,0.0,0.0
2023-07-14 10:30:00-04:00,44.099998474121094,44.099998474121094,44.099998474121094,44.099998474121094,1211,0.0,0.0
2023-07-14 11:30:00-04:00,43.75,43.75,43.75,43.75,405,0.0,0.0
2023-07-14 12:30:00-04:00,43.95000076293945,43.95000076293945,43.95000076293945,43.95000076293945,292,0.0,0.0
2023-07-14 13:30:00-04:00,44.5525016784668,44.5525016784668,44.36000061035156,44.369998931884766,1851,0.0,0.0
2023-07-14 14:30:00-04:00,44.369998931884766,44.380001068115234,44.369998931884766,44.380001068115234,533,0.0,0.0
2023-07-14 15:30:00-04:00,44.2599983215332,44.43000030517578,44.16999816894531,44.16999816894531,549,0.0,0.0
2023-07-17 10:30:00-04:00,44.84000015258789,45.09939956665039,44.84000015258789,45.09939956665039,1929,0.0,0.0
2023-07-17 12:30:00-04:00,44.7599983215332,45.755001068115234,44.7599983215332,45.05609893798828,2254,0.0,0.0
2023-07-17 13:30:00-04:00,45.26499938964844,45.38999938964844,45.26499938964844,45.38999938964844,673,0.0,0.0
2023-07-17 14:30:00-04:00,45.540000915527344,45.540000915527344,45.0099983215332,45.46500015258789,1363,0.0,0.0
2023-07-17 15:30:00-04:00,45.529998779296875,45.529998779296875,45.125,45.125,1605,0.0,0.0
2023-07-18 12:30:00-04:00,45.15010070800781,45.15010070800781,45.15010070800781,45.15010070800781,2509,0.0,0.0
2023-07-18 13:30:00-04:00,46.54999923706055,46.630001068115234,46.54999923706055,46.619998931884766,1319,0.0,0.0
2023-07-18 14:30:00-04:00,46.54999923706055,46.75,46.54999923706055,46.75,691,0.0,0.0
2023-07-18 15:30:00-04:00,46.40999984741211,46.61000061035156,46.40999984741211,46.599998474121094,663,0.0,0.0
2023-07-19 10:30:00-04:00,46.349998474121094,46.349998474121094,46.349998474121094,46.349998474121094,887,0.0,0.0
2023-07-19 11:30:00-04:00,46.25,46.25,46.25,46.25,1806,0.0,0.0
2023-07-19 13:30:00-04:00,46.2599983215332,47.08000183105469,46.2599983215332,47.08000183105469,1485,0.0,0.0
2023-07-19 14:30:00-04:00,46.82500076293945,46.82500076293945,46.82500076293945,46.82500076293945,770,0.0,0.0
2023-07-19 15:30:00-04:00,47.400001525878906,47.625,47.38999938964844,47.54999923706055,1625,0.0,0.0
2023-07-20 09:30:00-04:00,47.45000076293945,47.54999923706055,47.20000076293945,47.20000076293945,1251,0.0,0.0
2023-07-20 10:30:00-04:00,47.25,47.25,47.25,47.25,2362,0.0,0.0
2023-07-20 11:30:00-04:00,47.06999969482422,47.06999969482422,47.06999969482422,47.06999969482422,326,0.0,0.0
2023-07-20 12:30:00-04:00,46.44499969482422,46.44499969482422,46.44499969482422,46.44499969482422,384,0.0,0.0
2023-07-20 13:30:00-04:00,46.720001220703125,46.720001220703125,46.720001220703125,46.720001220703125,403,0.0,0.0
2023-07-20 14:30:00-04:00,47.20000076293945,47.20000076293945,46.75,46.75,948,0.0,0.0
2023-07-20 15:30:00-04:00,47.04999923706055,47.400001525878906,47.04999923706055,47.400001525878906,2084,0.0,0.0
2023-07-21 09:30:00-04:00,47.439998626708984,47.439998626708984,47.439998626708984,47.439998626708984,3551,0.0,0.0
2023-07-21 11:30:00-04:00,46.59000015258789,46.59000015258789,46.59000015258789,46.59000015258789,496,0.0,0.0
2023-07-21 13:30:00-04:00,47.150001525878906,48.119998931884766,47.150001525878906,47.29999923706055,3359,0.0,0.0
2023-07-21 14:30:00-04:00,47.2599983215332,47.2599983215332,46.630001068115234,46.900001525878906,1555,0.0,0.0
2023-07-21 15:30:00-04:00,46.689998626708984,46.689998626708984,46.689998626708984,46.689998626708984,186,0.0,0.0
2023-07-24 10:30:00-04:00,46.88999938964844,47.01499938964844,46.88999938964844,47.01499938964844,1023,0.0,0.0
2023-07-24 11:30:00-04:00,46.90999984741211,46.90999984741211,46.90999984741211,46.90999984741211,331,0.0,0.0
2023-07-24 14:30:00-04:00,46.90999984741211,47.20000076293945,46.88059997558594,47.20000076293945,709,0.0,0.0
2023-07-24 15:30:00-04:00,46.70000076293945,46.939998626708984,46.63999938964844,46.939998626708984,1257,0.0,0.0
2023-07-25 09:30:00-04:00,46.72999954223633,46.72999954223633,46.45000076293945,46.45000076293945,1389,0.0,0.0
2023-07-25 10:30:00-04:00,46.619998931884766,46.849998474121094,46.619998931884766,46.849998474121094,561,0.0,0.0
2023-07-25 11:30:00-04:00,46.52000045776367,46.52000045776367,46.52000045776367,46.52000045776367,660,0.0,0.0
2023-07-25 13:30:00-04:00,46.68000030517578,47.04999923706055,46.68000030517578,47.04999923706055,1964,0.0,0.0
2023-07-25 15:30:00-04:00,46.66999816894531,46.66999816894531,46.66999816894531,46.66999816894531,963,0.0,0.0
2023-07-26 09:30:00-04:00,47.4900016784668,47.5,47.47999954223633,47.5,2284,0.0,0.0
2023-07-26 10:30:00-04:00,47.400001525878906,47.400001525878906,47.400001525878906,47.400001525878906,1235,0.0,0.0
2023-07-26 12:30:00-04:00,47.310001373291016,47.31999969482422,47.310001373291016,47.31999969482422,342,0.0,0.0
2023-07-26 13:30:00-04:00,47.209999084472656,47.25,47.209999084472656,47.25,644,0.0,0.0
2023-07-26 14:30:00-04:00,47.5,48.0099983215332,47.5,48.0,1454,0.0,0.0
2023-07-26 15:30:00-04:00,47.529998779296875,47.66999816894531,47.29999923706055,47.459999084472656,3128,0.0,0.0
2023-07-27 09:30:00-04:00,47.959999084472656,47.959999084472656,47.959999084472656,47.959999084472656,800,0.0,0.0
2023-07-27 10:30:00-04:00,47.59000015258789,47.59000015258789,47.380001068115234,47.380001068115234,1191,0.0,0.0
2023-07-27 11:30:00-04:00,48.18989944458008,48.18989944458008,48.18989944458008,48.18989944458008,1257,0.0,0.0
2023-07-27 13:30:00-04:00,47.06999969482422,47.29999923706055,46.90999984741211,47.0,2073,0.0,0.0
2023-07-27 14:30:00-04:00,46.810001373291016,46.900001525878906,46.599998474121094,46.599998474121094,1413,0.0,0.0
2023-07-28 10:30:00-04:00,47.189998626708984,47.79999923706055,46.93000030517578,47.4900016784668,2422,0.0,0.0
2023-07-28 12:30:00-04:00,47.7400016784668,47.7400016784668,47.7400016784668,47.7400016784668,319,0.0,0.0
2023-07-28 13:30:00-04:00,47.44499969482422,47.44499969482422,47.44499969482422,47.44499969482422,558,0.0,0.0
2023-07-28 15:30:00-04:00,47.279998779296875,47.279998779296875,47.2400016784668,47.2400016784668,1001,0.0,0.0
2023-07-31 09:30:00-04:00,47.130001068115234,47.5,47.130001068115234,47.5,805,0.0,0.0
2023-07-31 11:30:00-04:00,47.68000030517578,47.68000030517578,47.68000030517578,47.68000030517578,328,0.0,0.0
2023-07-31 13:30:00-04:00,47.27000045776367,47.42499923706055,47.25,47.25,610,0.0,0.0
2023-07-31 14:30:00-04:00,46.900001525878906,46.900001525878906,46.79999923706055,46.79999923706055,2468,0.0,0.0
2023-07-31 15:30:00-04:00,46.790000915527344,46.790000915527344,46.290000915527344,46.290000915527344,5931,0.0,0.0
2023-08-01 09:30:00-04:00,46.369998931884766,46.369998931884766,45.560001373291016,45.560001373291016,1639,0.0,0.0
2023-08-01 10:30:00-04:00,45.79999923706055,45.880001068115234,45.6349983215332,45.6349983215332,3356,0.0,0.0
2023-08-01 11:30:00-04:00,45.90999984741211,46.20000076293945,45.90999984741211,46.20000076293945,451,0.0,0.0
2023-08-01 12:30:00-04:00,46.165000915527344,46.33000183105469,46.150001525878906,46.30059814453125,2601,0.0,0.0
2023-08-01 13:30:00-04:00,46.70000076293945,46.70000076293945,46.70000076293945,46.70000076293945,621,0.0,0.0
2023-08-01 14:30:00-04:00,45.83000183105469,46.560001373291016,45.83000183105469,46.54999923706055,2759,0.0,0.0
2023-08-01 15:30:00-04:00,46.77750015258789,46.77750015258789,46.70000076293945,46.720001220703125,1592,0.0,0.0
2023-08-02 09:30:00-04:00,46.70000076293945,46.70000076293945,46.70000076293945,46.70000076293945,657,0.0,0.0
2023-08-02 10:30:00-04:00,46.7400016784668,46.7400016784668,46.7400016784668,46.7400016784668,138,0.0,0.0
2023-08-02 11:30:00-04:00,46.849998474121094,46.849998474121094,46.849998474121094,46.849998474121094,438,0.0,0.0
2023-08-02 13:30:00-04:00,47.08000183105469,47.08000183105469,47.08000183105469,47.08000183105469,372,0.0,0.0
2023-08-02 14:30:00-04:00,46.69499969482422,46.79999923706055,46.040000915527344,46.07500076293945,5733,0.0,0.0
2023-08-02 15:30:00-04:00,46.0,46.20000076293945,45.95000076293945,46.099300384521484,2825,0.0,0.0
2023-08-03 09:30:00-04:00,45.7400016784668,46.380001068115234,45.7400016784668,46.380001068115234,0,0.0,0.0
2023-08-03 10:30:00-04:00,46.04999923706055,46.494998931884766,46.0,46.494998931884766,1220,0.0,0.0
2023-08-03 11:30:00-04:00,46.125,46.125,46.125,46.125,273,0.0,0.0
2023-08-03 12:30:00-04:00,46.029998779296875,46.099998474121094,45.97999954223633,46.099998474121094,762,0.0,0.0
2023-08-03 13:30:00-04:00,46.53499984741211,46.53499984741211,46.53499984741211,46.53499984741211,475,0.0,0.0
2023-08-03 14:30:00-04:00,46.04999923706055,46.04999923706055,46.040000915527344,46.040000915527344,899,0.0,0.0
2023-08-03 15:30:00-04:00,46.404998779296875,46.404998779296875,46.04999923706055,46.04999923706055,344,0.0,0.0
2023-08-04 09:30:00-04:00,46.0,46.67499923706055,46.0,46.2599983215332,2073,0.0,0.0
2023-08-04 10:30:00-04:00,46.25,46.39849853515625,46.0,46.150001525878906,2396,0.0,0.0
2023-08-04 11:30:00-04:00,46.119998931884766,46.13999938964844,46.0,46.0,3560,0.0,0.0
2023-08-04 12:30:00-04:00,46.0,46.099998474121094,46.0,46.0,1868,0.0,0.0
2023-08-04 15:30:00-04:00,45.81999969482422,45.81999969482422,45.81999969482422,45.81999969482422,263,0.0,0.0
2023-08-07 09:30:00-04:00,46.220001220703125,46.33940124511719,46.20000076293945,46.20000076293945,1566,0.0,0.0
2023-08-07 10:30:00-04:00,46.439998626708984,46.900001525878906,46.04999923706055,46.5,4604,0.0,0.0
2023-08-07 12:30:00-04:00,47.0,47.0,47.0,47.0,535,0.0,0.0
2023-08-07 13:30:00-04:00,46.900001525878906,46.9994010925293,46.900001525878906,46.9994010925293,709,0.0,0.0
2023-08-07 14:30:00-04:00,47.470001220703125,47.470001220703125,46.84000015258789,46.84000015258789,579,0.0,0.0
2023-08-07 15:30:00-04:00,47.54999923706055,47.56999969482422,47.41999816894531,47.41999816894531,1083,0.0,0.0
2023-08-08 09:30:00-04:00,46.709999084472656,47.25,46.709999084472656,47.25,2228,0.0,0.0
2023-08-08 11:30:00-04:00,45.88999938964844,45.88999938964844,45.88999938964844,45.88999938964844,634,0.0,0.0
2023-08-08 15:30:00-04:00,47.59000015258789,47.59000015258789,47.59000015258789,47.59000015258789,112,0.0,0.0
2023-08-09 09:30:00-04:00,44.95280075073242,47.5,44.95280075073242,47.34000015258789,4961,0.0,0.0
2023-08-09 10:30:00-04:00,47.5,47.560001373291016,47.400001525878906,47.439998626708984,2847,0.0,0.0
2023-08-09 11:30:00-04:00,47.15060043334961,47.15060043334961,47.15060043334961,47.15060043334961,464,0.0,0.0
2023-08-09 14:30:00-04:00,47.4900016784668,47.4900016784668,47.2400016784668,47.2400016784668,407,0.0,0.0
2023-08-09 15:30:00-04:00,47.349998474121094,47.349998474121094,47.29999923706055,47.29999923706055,491,0.0,0.0
2023-08-10 09:30:00-04:00,47.369998931884766,47.369998931884766,47.369998931884766,47.369998931884766,961,0.0,0.0
2023-08-10 10:30:00-04:00,46.505001068115234,46.505001068115234,46.505001068115234,46.505001068115234,550,0.0,0.0
2023-08-10 13:30:00-04:00,46.60499954223633,46.60499954223633,46.314998626708984,46.314998626708984,1540,0.0,0.0
2023-08-10 15:30:00-04:00,46.900001525878906,46.900001525878906,46.790000915527344,46.790000915527344,332,0.0,0.0
2023-08-11 09:30:00-04:00,46.6150016784668,46.6150016784668,46.6150016784668,46.6150016784668,1048,0.0,0.0
2023-08-11 11:30:00-04:00,46.54999923706055,46.65999984741211,46.54999923706055,46.560001373291016,571,0.0,0.0
2023-08-11 12:30:00-04:00,46.5,46.56999969482422,46.5,46.56999969482422,1307,0.0,0.0
2023-08-11 13:30:00-04:00,46.599998474121094,46.599998474121094,46.54999923706055,46.54999923706055,426,0.0,0.0
2023-08-14 09:30:00-04:00,46.4900016784668,46.61000061035156,46.4900016784668,46.61000061035156,636,0.0,0.0
2023-08-14 10:30:00-04:00,46.459999084472656,46.459999084472656,46.459999084472656,46.459999084472656,671,0.0,0.0
2023-08-14 12:30:00-04:00,46.29999923706055,46.29999923706055,46.099998474121094,46.2400016784668,2602,0.0,0.0
2023-08-14 13:30:00-04:00,46.25,46.25,46.22999954223633,46.25,3504,0.0,0.0
2023-08-14 14:30:00-04:00,46.22999954223633,46.22999954223633,46.22999954223633,46.22999954223633,304,0.0,0.0
2023-08-14 15:30:00-04:00,46.15999984741211,46.15999984741211,46.15999984741211,46.15999984741211,692,0.0,0.0
2023-08-15 10:30:00-04:00,46.41999816894531,46.470001220703125,46.0099983215332,46.0099983215332,2296,0.0,0.0
2023-08-15 11:30:00-04:00,46.071998596191406,46.099998474121094,45.324100494384766,45.68000030517578,1465,0.0,0.0
2023-08-15 13:30:00-04:00,45.95000076293945,45.95000076293945,45.95000076293945,45.95000076293945,773,0.0,0.0
2023-08-15 15:30:00-04:00,46.27000045776367,46.27000045776367,46.27000045776367,46.27000045776367,171,0.0,0.0
2023-08-16 11:30:00-04:00,45.35599899291992,45.959999084472656,45.35599899291992,45.959999084472656,1455,0.0,0.0
2023-08-16 14:30:00-04:00,45.560001373291016,45.91999816894531,45.560001373291016,45.91999816894531,489,0.0,0.0
2023-08-17 15:30:00-04:00,45.72999954223633,46.0,45.72999954223633,46.0,1293,0.0,0.0
2023-08-18 09:30:00-04:00,45.04999923706055,45.04999923706055,45.04999923706055,45.04999923706055,1070,0.0,0.0
2023-08-18 10:30:00-04:00,45.630001068115234,45.630001068115234,45.567100524902344,45.567100524902344,529,0.0,0.0
2023-08-18 12:30:00-04:00,45.7400016784668,45.7400016784668,45.7400016784668,45.7400016784668,490,0.0,0.0
2023-08-21 14:30:00-04:00,45.935001373291016,45.935001373291016,45.935001373291016,45.935001373291016,559,0.0,0.0
2023-08-21 15:30:00-04:00,46.22999954223633,46.22999954223633,46.22999954223633,46.22999954223633,188,0.0,0.0
2023-08-22 11:30:00-04:00,45.0,45.0,44.849998474121094,44.939998626708984,5827,0.0,0.0
2023-08-22 12:30:00-04:00,44.939998626708984,45.04999923706055,44.939998626708984,45.04999923706055,1590,0.0,0.0
2023-08-22 13:30:00-04:00,45.34000015258789,45.34000015258789,45.34000015258789,45.34000015258789,147,0.0,0.0
2023-08-22 14:30:00-04:00,44.369998931884766,44.369998931884766,44.369998931884766,44.369998931884766,510,0.0,0.0
2023-08-23 09:30:00-04:00,44.2400016784668,44.2400016784668,44.2400016784668,44.2400016784668,386,0.0,0.0
2023-08-23 11:30:00-04:00,44.97999954223633,44.97999954223633,44.650001525878906,44.650001525878906,2041,0.0,0.0
2023-08-23 14:30:00-04:00,44.88999938964844,44.88999938964844,44.70000076293945,44.70000076293945,624,0.0,0.0
2023-08-24 09:30:00-04:00,44.31999969482422,44.88999938964844,44.31999969482422,44.83000183105469,2596,0.0,0.0
2023-08-24 11:30:00-04:00,44.650001525878906,44.79999923706055,44.650001525878906,44.79999923706055,702,0.0,0.0
2023-08-24 12:30:00-04:00,44.79999923706055,44.79999923706055,44.79999923706055,44.79999923706055,1161,0.0,0.0
2023-08-25 09:30:00-04:00,44.90999984741211,45.0,44.90999984741211,45.0,1662,0.0,0.0
2023-08-25 14:30:00-04:00,45.485599517822266,45.485599517822266,45.485599517822266,45.485599517822266,262,0.0,0.0
2023-08-25 15:30:00-04:00,45.0,45.0,45.0,45.0,138,0.0,0.0
2023-08-28 09:30:00-04:00,45.0099983215332,45.0099983215332,45.0099983215332,45.0099983215332,1208,0.0,0.0
2023-08-28 10:30:00-04:00,45.268001556396484,45.268001556396484,45.0,45.0,857,0.0,0.0
2023-08-28 11:30:00-04:00,45.029998779296875,45.029998779296875,45.029998779296875,45.029998779296875,324,0.0,0.0
2023-08-28 13:30:00-04:00,45.060001373291016,45.060001373291016,45.0,45.0,714,0.0,0.0
2023-08-28 14:30:00-04:00,45.7400016784668,45.7400016784668,45.7400016784668,45.7400016784668,505,0.0,0.0
2023-08-29 09:30:00-04:00,45.16999816894531,45.16999816894531,45.16999816894531,45.16999816894531,0,0.0,0.0
2023-08-29 11:30:00-04:00,45.279998779296875,45.279998779296875,45.279998779296875,45.279998779296875,337,0.0,0.0
2023-08-29 12:30:00-04:00,45.500999450683594,45.500999450683594,45.5,45.5,245,0.0,0.0
2023-08-29 13:30:00-04:00,45.500999450683594,45.9900016784668,45.500999450683594,45.900001525878906,1088,0.0,0.0
2023-08-29 14:30:00-04:00,46.25,46.25,46.25,46.25,533,0.0,0.0
2023-08-29 15:30:00-04:00,46.25,46.25,45.79999923706055,45.79999923706055,2310,0.0,0.0
2023-08-30 09:30:00-04:00,45.77000045776367,45.77000045776367,45.77000045776367,45.77000045776367,267,0.0,0.0
2023-08-30 12:30:00-04:00,45.77000045776367,45.77000045776367,45.400001525878906,45.400001525878906,904,0.0,0.0
2023-08-30 13:30:00-04:00,45.0099983215332,45.0099983215332,45.0,45.0,2582,0.0,0.0
2023-08-30 14:30:00-04:00,44.74449920654297,44.74449920654297,44.74449920654297,44.74449920654297,487,0.0,0.0
2023-08-30 15:30:00-04:00,44.630001068115234,44.63999938964844,44.630001068115234,44.63999938964844,1095,0.0,0.0
2023-08-31 09:30:00-04:00,44.939998626708984,45.720001220703125,44.86000061035156,44.86000061035156,2057,0.0,0.0
2023-08-31 10:30:00-04:00,44.5,44.5,44.5,44.5,834,0.0,0.0
2023-08-31 11:30:00-04:00,44.599998474121094,44.599998474121094,44.599998474121094,44.599998474121094,1056,0.0,0.0
2023-08-31 12:30:00-04:00,44.599998474121094,44.599998474121094,44.599998474121094,44.599998474121094,118,0.0,0.0
2023-08-31 13:30:00-04:00,44.650001525878906,44.650001525878906,44.185001373291016,44.27000045776367,1062,0.0,0.0
2023-08-31 14:30:00-04:00,44.45500183105469,44.470001220703125,44.20000076293945,44.470001220703125,779,0.0,0.0
2023-08-31 15:30:00-04:00,44.25,44.25,44.0099983215332,44.0099983215332,1094,0.0,0.0
2023-09-01 09:30:00-04:00,44.060001373291016,44.2599983215332,44.060001373291016,44.2599983215332,1810,0.0,0.0
2023-09-01 12:30:00-04:00,44.63999938964844,44.68000030517578,44.63999938964844,44.66999816894531,928,0.0,0.0
2023-09-01 13:30:00-04:00,44.68000030517578,44.849998474121094,44.68000030517578,44.849998474121094,1836,0.0,0.0
2023-09-01 15:30:00-04:00,44.689998626708984,44.689998626708984,44.689998626708984,44.689998626708984,405,0.0,0.0
2023-09-05 10:30:00-04:00,44.70000076293945,45.5099983215332,44.70000076293945,45.0,7379,0.0,0.0
2023-09-05 12:30:00-04:00,45.650001525878906,45.650001525878906,45.599998474121094,45.599998474121094,552,0.0,0.0
2023-09-05 13:30:00-04:00,45.59000015258789,45.599998474121094,45.400001525878906,45.599998474121094,2075,0.0,0.0
2023-09-05 15:30:00-04:00,45.54999923706055,45.54999923706055,45.5,45.5,1425,0.0,0.0
2023-09-06 09:30:00-04:00,45.150001525878906,45.560001373291016,45.09000015258789,45.560001373291016,0,0.0,0.0
2023-09-06 10:30:00-04:00,45.0099983215332,45.560001373291016,45.0,45.209999084472656,3100,0.0,0.0
2023-09-06 12:30:00-04:00,45.13999938964844,45.13999938964844,45.0,45.0,1536,0.0,0.0
2023-09-06 13:30:00-04:00,45.0,45.0,45.0,45.0,742,0.0,0.0
2023-09-06 15:30:00-04:00,45.0,45.029998779296875,45.0,45.029998779296875,731,0.0,0.0
2023-09-07 09:30:00-04:00,44.68000030517578,44.68000030517578,44.68000030517578,44.68000030517578,1370,0.0,0.0
2023-09-07 10:30:00-04:00,45.34000015258789,45.34000015258789,44.849998474121094,44.939998626708984,906,0.0,0.0
2023-09-07 11:30:00-04:00,45.0,45.0099983215332,44.900001525878906,44.900001525878906,4960,0.0,0.0
2023-09-07 12:30:00-04:00,44.95000076293945,44.95000076293945,44.900001525878906,44.900001525878906,5767,0.0,0.0
2023-09-07 13:30:00-04:00,44.650001525878906,44.650001525878906,44.650001525878906,44.650001525878906,626,0.0,0.0
2023-09-07 14:30:00-04:00,44.04999923706055,44.04999923706055,43.900001525878906,43.900001525878906,1596,0.0,0.0
2023-09-07 15:30:00-04:00,44.04999923706055,44.04999923706055,43.1349983215332,43.1349983215332,1469,0.0,0.0
2023-09-08 09:30:00-04:00,43.45000076293945,43.66999816894531,43.150001525878906,43.150001525878906,2187,0.0,0.0
2023-09-08 10:30:00-04:00,43.529998779296875,43.714599609375,43.529998779296875,43.714599609375,1220,0.0,0.0
2023-09-08 12:30:00-04:00,43.709999084472656,43.75,43.45000076293945,43.45000076293945,2303,0.0,0.0
2023-09-08 13:30:00-04:00,43.900001525878906,44.0,43.875,43.95000076293945,1242,0.0,0.0
2023-09-08 14:30:00-04:00,43.709999084472656,43.709999084472656,43.709999084472656,43.709999084472656,186,0.0,0.0
2023-09-08 15:30:00-04:00,43.5099983215332,43.5099983215332,43.0900993347168,43.0900993347168,2329,0.0,0.0
2023-09-11 10:30:00-04:00,44.915000915527344,45.0,44.5,44.93000030517578,2139,0.0,0.0
2023-09-11 11:30:00-04:00,44.81999969482422,44.81999969482422,44.81999969482422,44.81999969482422,2153,0.0,0.0
2023-09-11 12:30:00-04:00,44.70000076293945,44.70000076293945,44.38999938964844,44.5,1510,0.0,0.0
2023-09-11 13:30:00-04:00,44.54999923706055,44.54999923706055,44.150001525878906,44.25,2647,0.0,0.0
2023-09-11 14:30:00-04:00,44.16999816894531,44.255001068115234,43.75,44.0,5480,0.0,0.0
2023-09-11 15:30:00-04:00,44.099998474121094,44.540000915527344,43.689998626708984,44.540000915527344,9254,0.0,0.0
2023-09-12 09:30:00-04:00,43.849998474121094,43.849998474121094,43.80059814453125,43.80059814453125,651,0.0,0.0
2023-09-12 10:30:00-04:00,43.849998474121094,43.849998474121094,43.5,43.599998474121094,3653,0.0,0.0
2023-09-12 11:30:00-04:00,43.689998626708984,43.92499923706055,43.643001556396484,43.91999816894531,3246,0.0,0.0
2023-09-12 12:30:00-04:00,43.91999816894531,44.119998931884766,43.91999816894531,44.119998931884766,3831,0.0,0.0
2023-09-12 14:30:00-04:00,43.79999923706055,43.88999938964844,43.650001525878906,43.880001068115234,4270,0.0,0.0
2023-09-12 15:30:00-04:00,43.775001525878906,43.939998626708984,43.54999923706055,43.61000061035156,8720,0.0,0.0
2023-09-13 09:30:00-04:00,43.880001068115234,44.04999923706055,43.70000076293945,44.04999923706055,4337,0.0,0.0
2023-09-13 10:30:00-04:00,44.04999923706055,44.435001373291016,43.959999084472656,44.16999816894531,4540,0.0,0.0
2023-09-13 11:30:00-04:00,44.150001525878906,44.150001525878906,43.97650146484375,43.97650146484375,1386,0.0,0.0
2023-09-13 12:30:00-04:00,44.099998474121094,44.099998474121094,44.099998474121094,44.099998474121094,1739,0.0,0.0
2023-09-13 13:30:00-04:00,44.15999984741211,44.15999984741211,44.15999984741211,44.15999984741211,490,0.0,0.0
2023-09-13 14:30:00-04:00,44.08000183105469,44.08000183105469,43.70000076293945,43.70000076293945,2510,0.0,0.0
2023-09-13 15:30:00-04:00,43.70500183105469,43.900001525878906,43.689998626708984,43.7599983215332,3070,0.0,0.0
2023-09-14 09:30:00-04:00,44.0,44.369998931884766,44.0,44.369998931884766,4030,0.0,0.0
2023-09-14 10:30:00-04:00,44.369998931884766,44.369998931884766,44.369998931884766,44.369998931884766,2074,0.0,0.0
2023-09-14 14:30:00-04:00,45.11000061035156,45.11000061035156,45.11000061035156,45.11000061035156,850,0.0,0.0
2023-09-14 15:30:00-04:00,44.81999969482422,44.81999969482422,44.81999969482422,44.81999969482422,372,0.0,0.0
2023-09-15 09:30:00-04:00,45.13999938964844,45.7400016784668,43.02000045776367,43.900001525878906,36977,0.0,0.0
2023-09-15 10:30:00-04:00,44.0099983215332,44.22999954223633,43.68000030517578,43.747501373291016,7579,0.0,0.0
2023-09-15 11:30:00-04:00,44.04499816894531,44.625,43.599998474121094,44.16999816894531,4650,0.0,0.0
2023-09-15 12:30:00-04:00,44.16999816894531,44.599998474121094,43.66999816894531,43.75,6323,0.0,0.0
2023-09-15 13:30:00-04:00,43.744998931884766,44.244998931884766,43.7400016784668,44.165000915527344,5284,0.0,0.0
2023-09-15 14:30:00-04:00,44.04499816894531,44.209999084472656,42.779998779296875,44.209999084472656,14014,0.0,0.0
2023-09-15 15:30:00-04:00,44.21500015258789,44.61000061035156,44.119998931884766,44.43000030517578,4223,0.0,0.0
2023-09-18 09:30:00-04:00,43.01649856567383,43.900001525878906,43.01649856567383,43.875,6128,0.0,0.0
2023-09-18 11:30:00-04:00,44.0,44.5,44.0,44.25,6190,0.0,0.0
2023-09-18 12:30:00-04:00,44.189998626708984,44.599998474121094,44.189998626708984,44.599998474121094,4082,0.0,0.0
2023-09-18 13:30:00-04:00,44.845001220703125,44.849998474121094,44.59000015258789,44.59000015258789,1479,0.0,0.0
2023-09-18 14:30:00-04:00,44.75,44.75,44.10499954223633,44.10499954223633,3404,0.0,0.0
2023-09-18 15:30:00-04:00,44.689998626708984,44.689998626708984,44.025001525878906,44.42499923706055,1263,0.0,0.0
2023-09-19 09:30:00-04:00,44.15999984741211,44.85499954223633,44.130001068115234,44.85499954223633,0,0.0,0.0
2023-09-19 10:30:00-04:00,44.150001525878906,44.150001525878906,44.04999923706055,44.04999923706055,1202,0.0,0.0
2023-09-19 11:30:00-04:00,44.04999923706055,44.16999816894531,44.04999923706055,44.11000061035156,2737,0.0,0.0
2023-09-19 12:30:00-04:00,44.11000061035156,44.119998931884766,44.11000061035156,44.119998931884766,552,0.0,0.0
2023-09-19 13:30:00-04:00,44.119998931884766,44.25,44.119998931884766,44.22999954223633,3150,0.0,0.0
2023-09-19 14:30:00-04:00,44.22999954223633,44.5,43.685001373291016,43.939998626708984,2903,0.0,0.0
2023-09-19 15:30:00-04:00,44.290000915527344,44.349998474121094,43.67499923706055,43.900001525878906,3970,0.0,0.0
2023-09-20 09:30:00-04:00,44.099998474121094,44.540000915527344,44.060001373291016,44.400001525878906,3352,0.0,0.0
2023-09-20 10:30:00-04:00,44.400001525878906,44.400001525878906,44.400001525878906,44.400001525878906,119,0.0,0.0
2023-09-20 11:30:00-04:00,44.40999984741211,44.45399856567383,44.40999984741211,44.45399856567383,1075,0.0,0.0
2023-09-20 12:30:00-04:00,44.45000076293945,44.45000076293945,44.45000076293945,44.45000076293945,428,0.0,0.0
2023-09-20 13:30:00-04:00,44.459999084472656,44.459999084472656,44.459999084472656,44.459999084472656,1108,0.0,0.0
2023-09-20 14:30:00-04:00,44.459999084472656,44.550201416015625,44.349998474121094,44.349998474121094,4663,0.0,0.0
2023-09-20 15:30:00-04:00,44.349998474121094,44.560001373291016,43.75,44.14500045776367,2271,0.0,0.0
2023-09-21 09:30:00-04:00,44.050498962402344,44.050498962402344,44.04999923706055,44.04999923706055,1263,0.0,0.0
2023-09-21 10:30:00-04:00,44.5,44.5,44.45000076293945,44.45000076293945,201,0.0,0.0
2023-09-21 11:30:00-04:00,44.22999954223633,44.22999954223633,44.04999923706055,44.04999923706055,370,0.0,0.0
2023-09-21 12:30:00-04:00,44.224998474121094,44.224998474121094,44.224998474121094,44.224998474121094,527,0.0,0.0
2023-09-21 13:30:00-04:00,44.220001220703125,44.220001220703125,44.220001220703125,44.220001220703125,738,0.0,0.0
2023-09-21 14:30:00-04:00,44.220001220703125,44.33000183105469,44.220001220703125,44.33000183105469,3013,0.0,0.0
2023-09-21 15:30:00-04:00,44.33000183105469,44.41999816894531,43.97999954223633,44.41999816894531,2086,0.0,0.0
2023-09-22 10:30:00-04:00,43.842899322509766,44.380001068115234,43.842899322509766,44.380001068115234,845,0.0,0.0
2023-09-22 11:30:00-04:00,44.27000045776367,44.400001525878906,44.255001068115234,44.38999938964844,3177,0.0,0.0
2023-09-22 12:30:00-04:00,44.40999984741211,44.459999084472656,44.40999984741211,44.459999084472656,793,0.0,0.0
2023-09-22 14:30:00-04:00,44.724998474121094,44.724998474121094,44.65999984741211,44.65999984741211,775,0.0,0.0
2023-09-22 15:30:00-04:00,44.29999923706055,44.560001373291016,44.29999923706055,44.560001373291016,1471,0.0,0.0
2023-09-25 09:30:00-04:00,44.52000045776367,44.7599983215332,44.52000045776367,44.700599670410156,2184,0.0,0.0
2023-09-25 11:30:00-04:00,44.70000076293945,45.0,44.70000076293945,44.970001220703125,14884,0.0,0.0
2023-09-25 12:30:00-04:00,44.790000915527344,44.790000915527344,44.650001525878906,44.720001220703125,1760,0.0,0.0
2023-09-25 13:30:00-04:00,44.63999938964844,44.63999938964844,44.380001068115234,44.380001068115234,839,0.0,0.0
2023-09-25 14:30:00-04:00,44.44499969482422,44.44940185546875,44.44499969482422,44.44940185546875,629,0.0,0.0
2023-09-25 15:30:00-04:00,44.56999969482422,44.689998626708984,44.349998474121094,44.349998474121094,975,0.0,0.0
2023-09-26 09:30:00-04:00,44.16999816894531,44.16999816894531,43.9900016784668,43.9900016784668,0,0.0,0.0
2023-09-26 10:30:00-04:00,44.369998931884766,44.369998931884766,44.279998779296875,44.290000915527344,1691,0.0,0.0
2023-09-26 11:30:00-04:00,44.27000045776367,44.38999938964844,44.27000045776367,44.29999923706055,1462,0.0,0.0
2023-09-26 12:30:00-04:00,44.290000915527344,44.31999969482422,44.150001525878906,44.16999816894531,2086,0.0,0.0
2023-09-26 13:30:00-04:00,44.13999938964844,44.13999938964844,44.060001373291016,44.060001373291016,569,0.0,0.0
2023-09-26 14:30:00-04:00,44.060001373291016,44.119998931884766,44.060001373291016,44.060001373291016,2053,0.0,0.0
2023-09-26 15:30:00-04:00,44.060001373291016,44.060001373291016,43.744998931884766,43.86000061035156,1989,0.0,0.0
2023-09-27 09:30:00-04:00,43.84000015258789,43.959999084472656,43.84000015258789,43.939998626708984,2044,0.0,0.0
2023-09-27 10:30:00-04:00,43.849998474121094,44.08000183105469,43.849998474121094,44.08000183105469,1031,0.0,0.0
2023-09-27 11:30:00-04:00,43.650001525878906,43.7599983215332,43.650001525878906,43.7599983215332,1175,0.0,0.0
2023-09-27 12:30:00-04:00,43.7599983215332,43.790000915527344,43.75,43.75,2032,0.0,0.0
2023-09-27 13:30:00-04:00,43.75,44.025001525878906,43.75,43.75,1336,0.0,0.0
2023-09-27 14:30:00-04:00,43.869998931884766,43.91999816894531,43.810001373291016,43.86000061035156,2480,0.0,0.0
2023-09-27 15:30:00-04:00,43.869998931884766,43.869998931884766,43.7400016784668,43.7400016784668,1182,0.0,0.0
2023-09-28 09:30:00-04:00,44.31999969482422,44.54999923706055,44.2400016784668,44.2400016784668,14632,0.0,0.0
2023-09-28 10:30:00-04:00,44.09000015258789,44.09000015258789,43.75,43.849998474121094,1495,0.0,0.0
2023-09-28 11:30:00-04:00,43.92499923706055,43.959999084472656,43.61000061035156,43.939998626708984,2415,0.0,0.0
2023-09-28 12:30:00-04:00,43.689998626708984,43.689998626708984,43.154998779296875,43.20000076293945,1933,0.0,0.0
2023-09-28 14:30:00-04:00,43.099998474121094,43.13999938964844,42.79999923706055,42.79999923706055,2423,0.0,0.0
2023-09-28 15:30:00-04:00,41.89500045776367,41.89500045776367,41.68000030517578,41.86000061035156,2366,0.0,0.0
2023-09-29 09:30:00-04:00,41.900001525878906,41.900001525878906,41.900001525878906,41.900001525878906,392,0.0,0.0
2023-09-29 10:30:00-04:00,42.06869888305664,42.06869888305664,41.5,41.5,1289,0.0,0.0
2023-09-29 12:30:00-04:00,41.11000061035156,41.11000061035156,40.46009826660156,40.46009826660156,1918,0.0,0.0
2023-09-29 13:30:00-04:00,40.88999938964844,40.900001525878906,40.54999923706055,40.66999816894531,1612,0.0,0.0
2023-09-29 14:30:00-04:00,40.70000076293945,40.70000076293945,40.689998626708984,40.689998626708984,1164,0.0,0.0
2023-09-29 15:30:00-04:00,40.25,40.45000076293945,40.040000915527344,40.040000915527344,2308,0.0,0.0
2023-10-02 09:30:00-04:00,40.11000061035156,40.130001068115234,40.0,40.0,1843,0.0,0.0
2023-10-02 10:30:00-04:00,39.650001525878906,39.650001525878906,39.349998474121094,39.54999923706055,1431,0.0,0.0
2023-10-02 11:30:00-04:00,39.59000015258789,39.79999923706055,39.59000015258789,39.689998626708984,1297,0.0,0.0
2023-10-02 12:30:00-04:00,39.84000015258789,39.849998474121094,39.77000045776367,39.79999923706055,1665,0.0,0.0
2023-10-02 13:30:00-04:00,40.040000915527344,40.189998626708984,40.0,40.0,3007,0.0,0.0
2023-10-02 14:30:00-04:00,40.15999984741211,40.15999984741211,40.0,40.0,2292,0.0,0.0
2023-10-02 15:30:00-04:00,40.0,40.244998931884766,39.95500183105469,40.220001220703125,4864,0.0,0.0
2023-10-03 12:30:00-04:00,39.470001220703125,39.470001220703125,39.470001220703125,39.470001220703125,1345,0.0,0.0
2023-10-03 13:30:00-04:00,39.75,39.75,39.650001525878906,39.70000076293945,836,0.0,0.0
2023-10-03 14:30:00-04:00,39.66999816894531,39.970001220703125,39.66999816894531,39.970001220703125,883,0.0,0.0
2023-10-03 15:30:00-04:00,40.02000045776367,40.02000045776367,40.02000045776367,40.02000045776367,320,0.0,0.0
2023-10-04 09:30:00-04:00,39.779598236083984,39.83829879760742,39.6150016784668,39.70000076293945,1994,0.0,0.0
2023-10-04 10:30:00-04:00,40.0,40.189998626708984,39.9900016784668,39.9900016784668,1140,0.0,0.0
2023-10-04 11:30:00-04:00,40.0,40.0,40.0,40.0,594,0.0,0.0
2023-10-04 12:30:00-04:00,39.939998626708984,39.939998626708984,39.869998931884766,39.869998931884766,2951,0.0,0.0
2023-10-04 13:30:00-04:00,39.75,40.15999984741211,39.62379837036133,39.70000076293945,3545,0.0,0.0
2023-10-04 14:30:00-04:00,39.33789825439453,39.59000015258789,39.25,39.41999816894531,2731,0.0,0.0
2023-10-04 15:30:00-04:00,39.279998779296875,39.97999954223633,39.279998779296875,39.97999954223633,5706,0.0,0.0
2023-10-05 09:30:00-04:00,40.0,40.0,40.0,40.0,2278,0.0,0.0
2023-10-05 11:30:00-04:00,39.95000076293945,39.95000076293945,39.95000076293945,39.95000076293945,698,0.0,0.0
2023-10-05 12:30:00-04:00,39.65999984741211,39.65999984741211,39.650001525878906,39.650001525878906,1343,0.0,0.0
2023-10-05 13:30:00-04:00,39.95000076293945,39.95000076293945,39.95000076293945,39.95000076293945,640,0.0,0.0
2023-10-05 14:30:00-04:00,40.119998931884766,40.119998931884766,39.70000076293945,39.70000076293945,3035,0.0,0.0
2023-10-05 15:30:00-04:00,40.0,40.04999923706055,39.82500076293945,39.869998931884766,5330,0.0,0.0
2023-10-06 10:30:00-04:00,39.71500015258789,40.224998474121094,39.71500015258789,39.97999954223633,2788,0.0,0.0
2023-10-06 11:30:00-04:00,40.099998474121094,40.34000015258789,40.0,40.34000015258789,4420,0.0,0.0
2023-10-06 12:30:00-04:00,40.34000015258789,40.34000015258789,39.75,39.81999969482422,4640,0.0,0.0
2023-10-06 13:30:00-04:00,40.0,40.29999923706055,39.970001220703125,40.04999923706055,4855,0.0,0.0
2023-10-06 14:30:00-04:00,40.060001373291016,40.060001373291016,39.9900016784668,40.02000045776367,3764,0.0,0.0
2023-10-06 15:30:00-04:00,40.0,40.040000915527344,39.970001220703125,40.040000915527344,3620,0.0,0.0
2023-10-09 10:30:00-04:00,39.82500076293945,40.0,39.82500076293945,39.90999984741211,1099,0.0,0.0
2023-10-09 11:30:00-04:00,40.019901275634766,40.019901275634766,40.0,40.0,1546,0.0,0.0
2023-10-09 12:30:00-04:00,39.95000076293945,39.95000076293945,39.939998626708984,39.939998626708984,365,0.0,0.0
2023-10-09 13:30:00-04:00,40.0,40.61000061035156,39.825801849365234,40.61000061035156,6649,0.0,0.0
2023-10-09 14:30:00-04:00,40.4900016784668,40.689998626708984,40.47999954223633,40.5,5570,0.0,0.0
2023-10-09 15:30:00-04:00,40.349998474121094,40.439998626708984,40.349998474121094,40.369998931884766,3931,0.0,0.0
2023-10-10 09:30:00-04:00,40.36000061035156,40.70000076293945,40.36000061035156,40.70000076293945,1862,0.0,0.0
2023-10-10 10:30:00-04:00,40.7599983215332,40.7599983215332,40.7599983215332,40.7599983215332,316,0.0,0.0
2023-10-10 11:30:00-04:00,40.65999984741211,40.65999984741211,40.65999984741211,40.65999984741211,396,0.0,0.0
2023-10-10 12:30:00-04:00,40.7599983215332,40.7599983215332,40.7400016784668,40.7400016784668,4271,0.0,0.0
2023-10-10 13:30:00-04:00,41.04999923706055,41.060001373291016,41.04999923706055,41.060001373291016,1431,0.0,0.0
2023-10-10 14:30:00-04:00,41.04999923706055,41.04999923706055,41.029998779296875,41.029998779296875,1019,0.0,0.0
2023-10-10 15:30:00-04:00,41.119998931884766,41.119998931884766,41.119998931884766,41.119998931884766,858,0.0,0.0
2023-10-11 10:30:00-04:00,41.11000061035156,41.369998931884766,41.11000061035156,41.369998931884766,1051,0.0,0.0
2023-10-11 11:30:00-04:00,41.2599983215332,41.345001220703125,41.25,41.25,1216,0.0,0.0
2023-10-11 13:30:00-04:00,41.29999923706055,41.29999923706055,41.18000030517578,41.18000030517578,2909,0.0,0.0
2023-10-11 14:30:00-04:00,40.959999084472656,40.959999084472656,40.959999084472656,40.959999084472656,194,0.0,0.0
2023-10-11 15:30:00-04:00,40.90999984741211,41.1349983215332,40.90999984741211,41.1349983215332,0,0.0,0.0
2023-10-12 12:30:00-04:00,40.560001373291016,40.970001220703125,40.560001373291016,40.79999923706055,2188,0.0,0.0
2023-10-12 13:30:00-04:00,40.779998779296875,40.900001525878906,40.779998779296875,40.86000061035156,1482,0.0,0.0
2023-10-12 15:30:00-04:00,41.19499969482422,41.19499969482422,41.15999984741211,41.15999984741211,373,0.0,0.0
2023-10-13 11:30:00-04:00,40.61000061035156,40.709999084472656,40.61000061035156,40.709999084472656,1303,0.0,0.0
2023-10-13 12:30:00-04:00,40.849998474121094,40.849998474121094,40.77000045776367,40.77000045776367,426,0.0,0.0
2023-10-13 13:30:00-04:00,40.7400016784668,40.81869888305664,40.70000076293945,40.70000076293945,1118,0.0,0.0
2023-10-13 15:30:00-04:00,40.75,40.75,40.75,40.75,154,0.0,0.0
2023-10-16 09:30:00-04:00,41.38999938964844,41.38999938964844,41.38999938964844,41.38999938964844,745,0.0,0.0
2023-10-16 11:30:00-04:00,41.099998474121094,41.099998474121094,41.02000045776367,41.02000045776367,1360,0.0,0.0
2023-10-16 12:30:00-04:00,40.91999816894531,41.18000030517578,40.91999816894531,41.18000030517578,1073,0.0,0.0
2023-10-16 13:30:00-04:00,41.22999954223633,41.22999954223633,40.86000061035156,40.86000061035156,821,0.0,0.0
2023-10-16 14:30:00-04:00,40.95000076293945,41.1150016784668,40.810001373291016,41.04499816894531,2427,0.0,0.0
2023-10-16 15:30:00-04:00,40.86000061035156,40.86000061035156,40.709999084472656,40.709999084472656,2191,0.0,0.0
2023-10-17 09:30:00-04:00,40.6349983215332,40.6349983215332,40.209999084472656,40.209999084472656,0,0.0,0.0
2023-10-17 10:30:00-04:00,41.2239990234375,41.4900016784668,41.09000015258789,41.4900016784668,1724,0.0,0.0
2023-10-17 11:30:00-04:00,41.38999938964844,41.810001373291016,41.310001373291016,41.650001525878906,1691,0.0,0.0
2023-10-17 12:30:00-04:00,41.650001525878906,41.790000915527344,41.540000915527344,41.790000915527344,650,0.0,0.0
2023-10-17 13:30:00-04:00,41.790000915527344,41.790000915527344,41.310001373291016,41.5099983215332,2706,0.0,0.0
2023-10-17 14:30:00-04:00,41.5099983215332,41.79999923706055,41.220001220703125,41.75,3428,0.0,0.0
2023-10-17 15:30:00-04:00,41.65999984741211,41.79999923706055,41.55500030517578,41.58000183105469,3098,0.0,0.0
2023-10-18 09:30:00-04:00,41.470001220703125,41.47999954223633,40.79999923706055,40.79999923706055,1222,0.0,0.0
2023-10-18 11:30:00-04:00,40.95000076293945,41.099998474121094,40.88999938964844,41.099998474121094,2150,0.0,0.0
2023-10-18 12:30:00-04:00,40.91999816894531,40.91999816894531,40.91999816894531,40.91999816894531,748,0.0,0.0
2023-10-18 14:30:00-04:00,40.76499938964844,40.790000915527344,40.599998474121094,40.70000076293945,1850,0.0,0.0
2023-10-18 15:30:00-04:00,40.31999969482422,40.349998474121094,40.310001373291016,40.349998474121094,1359,0.0,0.0
2023-10-19 09:30:00-04:00,40.720001220703125,40.720001220703125,40.61000061035156,40.61000061035156,717,0.0,0.0
2023-10-19 10:30:00-04:00,40.650001525878906,40.650001525878906,40.650001525878906,40.650001525878906,184,0.0,0.0
2023-10-19 11:30:00-04:00,40.900001525878906,40.900001525878906,40.900001525878906,40.900001525878906,769,0.0,0.0
2023-10-19 12:30:00-04:00,40.689998626708984,40.79999923706055,40.689998626708984,40.79999923706055,578,0.0,0.0
2023-10-19 13:30:00-04:00,40.70000076293945,40.75,40.70000076293945,40.75,859,0.0,0.0
2023-10-19 14:30:00-04:00,40.63999938964844,40.66999816894531,40.63999938964844,40.66999816894531,461,0.0,0.0
2023-10-19 15:30:00-04:00,40.599998474121094,40.599998474121094,40.560001373291016,40.560001373291016,1058,0.0,0.0
2023-10-20 09:30:00-04:00,40.79999923706055,40.79999923706055,40.0,40.04999923706055,5437,0.0,0.0
2023-10-20 11:30:00-04:00,39.79999923706055,39.79999923706055,39.790000915527344,39.790000915527344,1351,0.0,0.0
2023-10-20 13:30:00-04:00,39.95000076293945,39.95000076293945,39.91999816894531,39.91999816894531,850,0.0,0.0
2023-10-20 15:30:00-04:00,39.7599983215332,39.9900016784668,39.72999954223633,39.9900016784668,2564,0.0,0.0
2023-10-23 10:30:00-04:00,39.93870162963867,39.93870162963867,39.93870162963867,39.93870162963867,911,0.0,0.0
2023-10-23 11:30:00-04:00,39.9900016784668,40.0,39.84000015258789,39.90999984741211,4010,0.0,0.0
2023-10-23 14:30:00-04:00,39.9900016784668,39.9900016784668,39.71500015258789,39.71500015258789,816,0.0,0.0
2023-10-23 15:30:00-04:00,39.79249954223633,39.79249954223633,39.63999938964844,39.66999816894531,1993,0.0,0.0
2023-10-24 09:30:00-04:00,39.72999954223633,39.810001373291016,39.72999954223633,39.79999923706055,1093,0.0,0.0
2023-10-24 10:30:00-04:00,39.744998931884766,39.790000915527344,39.599998474121094,39.599998474121094,819,0.0,0.0
2023-10-24 11:30:00-04:00,39.599998474121094,39.599998474121094,39.52000045776367,39.52000045776367,332,0.0,0.0
2023-10-24 12:30:00-04:00,39.400001525878906,39.400001525878906,39.0,39.21500015258789,1521,0.0,0.0
2023-10-24 15:30:00-04:00,39.25,39.25,39.25,39.25,993,0.0,0.0
2023-10-25 09:30:00-04:00,39.0,39.0,39.0,39.0,1347,0.0,0.0
2023-10-25 11:30:00-04:00,39.40999984741211,39.40999984741211,39.40999984741211,39.40999984741211,182,0.0,0.0
2023-10-25 12:30:00-04:00,39.11000061035156,39.13999938964844,39.11000061035156,39.13999938964844,647,0.0,0.0
2023-10-25 13:30:00-04:00,39.29999923706055,39.29999923706055,39.29999923706055,39.29999923706055,463,0.0,0.0
2023-10-25 14:30:00-04:00,39.59000015258789,39.59000015258789,39.59000015258789,39.59000015258789,392,0.0,0.0
2023-10-25 15:30:00-04:00,39.59000015258789,39.59000015258789,39.59000015258789,39.59000015258789,125,0.0,0.0
2023-10-26 09:30:00-04:00,39.79999923706055,40.0,39.79999923706055,39.935001373291016,4865,0.0,0.0
2023-10-26 10:30:00-04:00,39.970001220703125,40.0,39.91999816894531,39.93000030517578,8805,0.0,0.0
2023-10-26 11:30:00-04:00,39.84000015258789,39.84000015258789,39.83000183105469,39.83000183105469,1115,0.0,0.0
2023-10-26 12:30:00-04:00,39.810001373291016,39.810001373291016,39.810001373291016,39.810001373291016,766,0.0,0.0
2023-10-26 14:30:00-04:00,39.84000015258789,39.84000015258789,39.70000076293945,39.70000076293945,1399,0.0,0.0
2023-10-26 15:30:00-04:00,39.650001525878906,39.650001525878906,39.02000045776367,39.34000015258789,3967,0.0,0.0
2023-10-27 09:30:00-04:00,39.470001220703125,39.470001220703125,39.470001220703125,39.470001220703125,470,0.0,0.0
2023-10-27 10:30:00-04:00,39.9900016784668,39.9900016784668,39.9900016784668,39.9900016784668,1016,0.0,0.0
2023-10-27 12:30:00-04:00,39.41999816894531,39.41999816894531,39.41999816894531,39.41999816894531,219,0.0,0.0
2023-10-27 13:30:00-04:00,39.157501220703125,39.34000015258789,39.157501220703125,39.34000015258789,640,0.0,0.0
2023-10-27 14:30:00-04:00,39.33000183105469,39.33000183105469,39.0,39.125,901,0.0,0.0
2023-10-27 15:30:00-04:00,39.1349983215332,39.45500183105469,38.96009826660156,39.45000076293945,3749,0.0,0.0
2023-10-30 09:30:00-04:00,39.59000015258789,39.689998626708984,39.59000015258789,39.689998626708984,515,0.0,0.0
2023-10-30 10:30:00-04:00,39.54999923706055,39.54999923706055,39.349998474121094,39.349998474121094,2346,0.0,0.0
2023-10-30 15:30:00-04:00,39.70500183105469,39.70500183105469,39.43000030517578,39.59000015258789,991,0.0,0.0
2023-10-31 09:30:00-04:00,40.0,40.099998474121094,39.95000076293945,40.04999923706055,0,0.0,0.0
2023-10-31 10:30:00-04:00,39.915000915527344,39.915000915527344,39.915000915527344,39.915000915527344,370,0.0,0.0
2023-10-31 11:30:00-04:00,39.709999084472656,39.709999084472656,39.709999084472656,39.709999084472656,737,0.0,0.0
2023-10-31 14:30:00-04:00,39.5,39.5099983215332,39.20000076293945,39.400001525878906,3480,0.0,0.0
2023-10-31 15:30:00-04:00,39.27000045776367,39.470001220703125,39.220001220703125,39.310001373291016,2057,0.0,0.0
2023-11-01 09:30:00-04:00,39.150001525878906,39.150001525878906,38.57709884643555,38.86000061035156,1922,0.0,0.0
2023-11-01 10:30:00-04:00,38.93000030517578,38.93000030517578,38.63999938964844,38.63999938964844,1518,0.0,0.0
2023-11-01 13:30:00-04:00,38.849998474121094,38.849998474121094,38.849998474121094,38.849998474121094,437,0.0,0.0
2023-11-01 14:30:00-04:00,38.97999954223633,38.97999954223633,38.97999954223633,38.97999954223633,777,0.0,0.0
2023-11-01 15:30:00-04:00,39.06999969482422,39.06999969482422,38.7400016784668,38.744998931884766,1631,0.0,0.0
2023-11-02 10:30:00-04:00,39.369998931884766,39.540000915527344,39.369998931884766,39.540000915527344,1783,0.0,0.0
2023-11-02 11:30:00-04:00,39.375,39.5,39.375,39.400001525878906,1183,0.0,0.0
2023-11-02 12:30:00-04:00,39.5,39.560001373291016,39.22999954223633,39.2400016784668,6894,0.0,0.0
2023-11-02 13:30:00-04:00,39.34000015258789,39.34000015258789,39.34000015258789,39.34000015258789,103,0.0,0.0
2023-11-02 14:30:00-04:00,39.474998474121094,39.474998474121094,39.0099983215332,39.40999984741211,2436,0.0,0.0
2023-11-02 15:30:00-04:00,39.04999923706055,39.560001373291016,39.0,39.560001373291016,3388,0.0,0.0
2023-11-03 09:30:00-04:00,39.95000076293945,40.099998474121094,39.7599983215332,39.970001220703125,5114,0.0,0.0
2023-11-03 10:30:00-04:00,40.0,40.029998779296875,40.0,40.029998779296875,4722,0.0,0.0
2023-11-03 11:30:00-04:00,40.25,40.29999923706055,39.95500183105469,40.25,3054,0.0,0.0
2023-11-03 12:30:00-04:00,40.40999984741211,40.40999984741211,40.369998931884766,40.369998931884766,861,0.0,0.0
2023-11-03 13:30:00-04:00,40.30500030517578,40.459999084472656,40.30500030517578,40.36000061035156,1421,0.0,0.0
2023-11-03 14:30:00-04:00,40.29999923706055,40.40999984741211,40.27000045776367,40.279998779296875,2722,0.0,0.0
2023-11-03 15:30:00-04:00,40.26499938964844,40.38999938964844,40.150001525878906,40.34000015258789,3919,0.0,0.0
2023-11-06 09:30:00-05:00,40.15999984741211,40.15999984741211,39.5,39.5,2747,0.0,0.0
2023-11-06 10:30:00-05:00,40.099998474121094,40.099998474121094,40.099998474121094,40.099998474121094,320,0.0,0.0
2023-11-06 11:30:00-05:00,40.05500030517578,40.25,39.939998626708984,40.25,3979,0.0,0.0
2023-11-06 13:30:00-05:00,40.36000061035156,40.36000061035156,40.040000915527344,40.10060119628906,1092,0.0,0.0
2023-11-06 14:30:00-05:00,40.06999969482422,40.77000045776367,40.06999969482422,40.29999923706055,3242,0.0,0.0
2023-11-06 15:30:00-05:00,40.5,40.58000183105469,40.10940170288086,40.47999954223633,4915,0.0,0.0
2023-11-07 09:30:00-05:00,40.59000015258789,40.70000076293945,40.59000015258789,40.70000076293945,347,0.0,0.0
2023-11-07 10:30:00-05:00,41.17499923706055,41.17499923706055,41.17499923706055,41.17499923706055,262,0.0,0.0
2023-11-07 11:30:00-05:00,40.52000045776367,40.52000045776367,40.52000045776367,40.52000045776367,290,0.0,0.0
2023-11-07 12:30:00-05:00,40.845001220703125,40.845001220703125,40.845001220703125,40.845001220703125,351,0.0,0.0
2023-11-07 13:30:00-05:00,40.52000045776367,40.77000045776367,40.52000045776367,40.77000045776367,1073,0.0,0.0
2023-11-07 14:30:00-05:00,40.7599983215332,41.060001373291016,40.75,41.060001373291016,1319,0.0,0.0
2023-11-07 15:30:00-05:00,41.19499969482422,41.470001220703125,41.08000183105469,41.400001525878906,2171,0.0,0.0
2023-11-08 12:30:00-05:00,41.02000045776367,41.119998931884766,41.02000045776367,41.119998931884766,2271,0.0,0.0
2023-11-08 14:30:00-05:00,41.310001373291016,41.349998474121094,41.2400016784668,41.2400016784668,1613,0.0,0.0
2023-11-08 15:30:00-05:00,41.31999969482422,41.70000076293945,41.310001373291016,41.310001373291016,1206,0.0,0.0
2023-11-09 09:30:00-05:00,41.95000076293945,41.95000076293945,41.95000076293945,41.95000076293945,633,0.0,0.0
2023-11-09 11:30:00-05:00,41.689998626708984,41.689998626708984,41.689998626708984,41.689998626708984,391,0.0,0.0
2023-11-09 12:30:00-05:00,41.720001220703125,41.720001220703125,41.720001220703125,41.720001220703125,723,0.0,0.0
2023-11-09 13:30:00-05:00,41.349998474121094,41.58000183105469,41.28499984741211,41.43000030517578,2201,0.0,0.0
2023-11-09 14:30:00-05:00,40.88869857788086,40.939998626708984,40.88869857788086,40.939998626708984,1948,0.0,0.0
2023-11-09 15:30:00-05:00,40.599998474121094,41.005001068115234,40.599998474121094,41.0,2895,0.0,0.0
2023-11-10 10:30:00-05:00,41.470001220703125,41.4900016784668,40.63999938964844,40.63999938964844,394,0.0,0.0
2023-11-10 11:30:00-05:00,41.494998931884766,41.507999420166016,41.099998474121094,41.40999984741211,755,0.0,0.0
2023-11-10 12:30:00-05:00,41.400001525878906,41.400001525878906,40.88999938964844,40.88999938964844,739,0.0,0.0
2023-11-10 13:30:00-05:00,41.54999923706055,41.77000045776367,41.54999923706055,41.77000045776367,1313,0.0,0.0
2023-11-10 14:30:00-05:00,41.790000915527344,42.06999969482422,41.790000915527344,42.06999969482422,1135,0.0,0.0
2023-11-10 15:30:00-05:00,42.06999969482422,42.099998474121094,41.630001068115234,41.66999816894531,2925,0.0,0.0
2023-11-13 09:30:00-05:00,41.900001525878906,41.900001525878906,41.40810012817383,41.40810012817383,314,0.0,0.0
2023-11-13 10:30:00-05:00,41.83000183105469,41.83000183105469,41.709999084472656,41.709999084472656,249,0.0,0.0
2023-11-13 11:30:00-05:00,41.90999984741211,41.98500061035156,41.90999984741211,41.98500061035156,428,0.0,0.0
2023-11-13 12:30:00-05:00,41.939998626708984,42.10540008544922,41.869998931884766,42.06999969482422,1337,0.0,0.0
2023-11-13 13:30:00-05:00,42.08000183105469,42.08000183105469,41.95000076293945,41.9900016784668,677,0.0,0.0
2023-11-13 14:30:00-05:00,42.0,42.099998474121094,41.75400161743164,42.04999923706055,969,0.0,0.0
2023-11-13 15:30:00-05:00,41.90999984741211,42.29999923706055,41.90999984741211,42.2400016784668,2806,0.0,0.0
2023-11-14 09:30:00-05:00,42.654998779296875,43.54999923706055,42.654998779296875,43.54999923706055,2888,0.0,0.0
2023-11-14 10:30:00-05:00,43.67499923706055,43.970001220703125,43.599998474121094,43.970001220703125,4300,0.0,0.0
2023-11-14 11:30:00-05:00,43.68000030517578,43.68000030517578,43.119998931884766,43.119998931884766,1802,0.0,0.0
2023-11-14 12:30:00-05:00,43.2400016784668,43.439998626708984,43.2400016784668,43.380001068115234,1075,0.0,0.0
2023-11-14 13:30:00-05:00,43.56999969482422,43.56999969482422,43.3827018737793,43.51679992675781,820,0.0,0.0
2023-11-14 14:30:00-05:00,43.7400016784668,44.0,43.52170181274414,43.849998474121094,5519,0.0,0.0
2023-11-14 15:30:00-05:00,43.849998474121094,44.72999954223633,43.849998474121094,44.150001525878906,5031,0.0,0.0
2023-11-15 09:30:00-05:00,44.36000061035156,44.459999084472656,44.029998779296875,44.27000045776367,4495,0.0,0.0
2023-11-15 10:30:00-05:00,44.279998779296875,44.5,44.130001068115234,44.130001068115234,1133,0.0,0.0
2023-11-15 12:30:00-05:00,44.209999084472656,44.209999084472656,44.209999084472656,44.209999084472656,400,0.0,0.0
2023-11-15 13:30:00-05:00,44.2400016784668,44.2400016784668,43.95000076293945,43.95000076293945,1821,0.0,0.0
2023-11-15 14:30:00-05:00,43.849998474121094,43.849998474121094,43.849998474121094,43.849998474121094,294,0.0,0.0
2023-11-15 15:30:00-05:00,43.849998474121094,43.849998474121094,43.27000045776367,43.27000045776367,980,0.0,0.0
2023-11-16 09:30:00-05:00,41.34000015258789,42.994998931884766,41.34000015258789,42.994998931884766,1737,0.0,0.0
2023-11-16 12:30:00-05:00,42.73500061035156,42.91999816894531,42.73500061035156,42.91999816894531,754,0.0,0.0
2023-11-16 13:30:00-05:00,42.95000076293945,43.439998626708984,42.95000076293945,43.439998626708984,1482,0.0,0.0
2023-11-16 14:30:00-05:00,43.52000045776367,43.52000045776367,43.04999923706055,43.060001373291016,3844,0.0,0.0
2023-11-16 15:30:00-05:00,43.029998779296875,43.31999969482422,43.029998779296875,43.130001068115234,1098,0.0,0.0
2023-11-17 09:30:00-05:00,43.65999984741211,43.65999984741211,42.91999816894531,43.0,4362,0.0,0.0
2023-11-17 10:30:00-05:00,43.20000076293945,43.20000076293945,43.20000076293945,43.20000076293945,972,0.0,0.0
2023-11-17 12:30:00-05:00,43.39350128173828,43.665000915527344,43.39350128173828,43.665000915527344,1312,0.0,0.0
2023-11-17 13:30:00-05:00,43.349998474121094,43.5099983215332,43.349998474121094,43.43000030517578,1734,0.0,0.0
2023-11-20 09:30:00-05:00,43.599998474121094,43.599998474121094,43.5,43.5,338,0.0,0.0
2023-11-20 10:30:00-05:00,43.51060104370117,43.54999923706055,43.5099983215332,43.540000915527344,1031,0.0,0.0
2023-11-20 12:30:00-05:00,43.59000015258789,43.630001068115234,43.59000015258789,43.630001068115234,605,0.0,0.0
2023-11-20 13:30:00-05:00,43.599998474121094,43.599998474121094,43.529998779296875,43.529998779296875,675,0.0,0.0
2023-11-21 12:30:00-05:00,43.43000030517578,43.43000030517578,43.400001525878906,43.400001525878906,1407,0.0,0.0
2023-11-21 15:30:00-05:00,42.209999084472656,42.209999084472656,42.209999084472656,42.209999084472656,361,0.0,0.0
2023-11-22 09:30:00-05:00,42.44940185546875,42.900001525878906,42.33000183105469,42.75,8233,0.0,0.0
2023-11-22 10:30:00-05:00,42.900001525878906,43.04999923706055,42.79999923706055,42.91999816894531,2467,0.0,0.0
2023-11-22 11:30:00-05:00,43.04309844970703,43.04309844970703,43.04309844970703,43.04309844970703,226,0.0,0.0
2023-11-22 12:30:00-05:00,42.900001525878906,42.900001525878906,42.7599983215332,42.7599983215332,639,0.0,0.0
2023-11-22 14:30:00-05:00,42.720001220703125,42.86000061035156,42.70100021362305,42.849998474121094,1655,0.0,0.0
2023-11-22 15:30:00-05:00,42.959999084472656,43.0,42.959999084472656,43.0,404,0.0,0.0
2023-11-24 09:30:00-05:00,42.59000015258789,42.59000015258789,42.59000015258789,42.59000015258789,0,0.0,0.0
2023-11-27 09:30:00-05:00,42.61000061035156,42.61000061035156,42.61000061035156,42.61000061035156,1398,0.0,0.0
2023-11-27 13:30:00-05:00,42.709999084472656,43.07500076293945,42.709999084472656,43.07500076293945,550,0.0,0.0
2023-11-27 15:30:00-05:00,43.2599983215332,43.2599983215332,42.779998779296875,42.779998779296875,641,0.0,0.0
2023-11-28 10:30:00-05:00,42.5,42.5,42.460601806640625,42.460601806640625,1666,0.0,0.0
2023-11-28 13:30:00-05:00,42.24250030517578,42.24250030517578,42.20000076293945,42.20000076293945,893,0.0,0.0
2023-11-29 10:30:00-05:00,42.369998931884766,42.369998931884766,42.089698791503906,42.089698791503906,2198,0.0,0.0
2023-11-29 11:30:00-05:00,42.10969924926758,42.20560073852539,42.099998474121094,42.20560073852539,1727,0.0,0.0
2023-11-29 12:30:00-05:00,42.279998779296875,42.400001525878906,42.279998779296875,42.400001525878906,1291,0.0,0.0
2023-11-29 15:30:00-05:00,42.70000076293945,42.819000244140625,42.52000045776367,42.819000244140625,620,0.0,0.0
2023-11-30 15:30:00-05:00,42.15999984741211,42.15999984741211,42.15999984741211,42.15999984741211,2294,0.0,0.0
2023-12-01 10:30:00-05:00,41.59000015258789,42.51839828491211,41.59000015258789,42.51839828491211,2322,0.0,0.0
2023-12-01 12:30:00-05:00,42.56999969482422,42.630001068115234,42.56999969482422,42.630001068115234,1083,0.0,0.0
2023-12-01 13:30:00-05:00,43.58000183105469,43.58000183105469,43.58000183105469,43.58000183105469,382,0.0,0.0
2023-12-01 14:30:00-05:00,43.599998474121094,43.90999984741211,43.599998474121094,43.90999984741211,2047,0.0,0.0
2023-12-01 15:30:00-05:00,44.2400016784668,44.349998474121094,44.15999984741211,44.310001373291016,1467,0.0,0.0
2023-12-04 09:30:00-05:00,43.97999954223633,44.06999969482422,43.97999954223633,44.060001373291016,1102,0.0,0.0
2023-12-04 10:30:00-05:00,44.25,44.25,44.25,44.25,1373,0.0,0.0
2023-12-04 12:30:00-05:00,44.31999969482422,44.31999969482422,44.31999969482422,44.31999969482422,423,0.0,0.0
2023-12-04 13:30:00-05:00,44.600101470947266,44.61000061035156,44.060001373291016,44.4900016784668,3533,0.0,0.0
2023-12-04 14:30:00-05:00,44.650001525878906,44.79999923706055,44.650001525878906,44.79999923706055,833,0.0,0.0
2023-12-05 09:30:00-05:00,44.599998474121094,44.849998474121094,44.58000183105469,44.75,3793,0.0,0.0
2023-12-05 10:30:00-05:00,44.93000030517578,44.93000030517578,44.66999816894531,44.720001220703125,798,0.0,0.0
2023-12-05 11:30:00-05:00,44.88999938964844,44.88999938964844,44.88999938964844,44.88999938964844,149,0.0,0.0
2023-12-05 12:30:00-05:00,44.849998474121094,44.849998474121094,44.849998474121094,44.849998474121094,238,0.0,0.0
2023-12-05 13:30:00-05:00,44.849998474121094,44.849998474121094,44.849998474121094,44.849998474121094,383,0.0,0.0
2023-12-05 14:30:00-05:00,44.72999954223633,44.744998931884766,44.72999954223633,44.744998931884766,707,0.0,0.0
2023-12-05 15:30:00-05:00,44.4900016784668,44.4900016784668,44.130001068115234,44.13999938964844,450,0.0,0.0
2023-12-06 09:30:00-05:00,44.380001068115234,45.20000076293945,44.380001068115234,45.20000076293945,2996,0.0,0.0
2023-12-06 10:30:00-05:00,45.33000183105469,45.33000183105469,45.099998474121094,45.130001068115234,1180,0.0,0.0
2023-12-06 12:30:00-05:00,44.720001220703125,44.720001220703125,43.7599983215332,44.57229995727539,3279,0.0,0.0
2023-12-06 14:30:00-05:00,44.51499938964844,44.51499938964844,44.36000061035156,44.36000061035156,683,0.0,0.0
2023-12-06 15:30:00-05:00,44.060001373291016,44.060001373291016,44.060001373291016,44.060001373291016,472,0.0,0.0
2023-12-07 10:30:00-05:00,44.279998779296875,44.279998779296875,44.279998779296875,44.279998779296875,827,0.0,0.0
2023-12-07 12:30:00-05:00,44.07849884033203,44.33000183105469,44.07849884033203,44.33000183105469,2283,0.0,0.0
2023-12-07 15:30:00-05:00,44.36000061035156,44.45000076293945,44.18000030517578,44.18000030517578,1105,0.0,0.0
2023-12-08 09:30:00-05:00,44.34000015258789,44.50419998168945,44.34000015258789,44.50419998168945,7625,0.0,0.0
2023-12-08 13:30:00-05:00,44.599998474121094,44.599998474121094,44.599998474121094,44.599998474121094,394,0.0,0.0
2023-12-08 14:30:00-05:00,44.73500061035156,44.849998474121094,44.73500061035156,44.849998474121094,566,0.0,0.0
2023-12-08 15:30:00-05:00,44.724998474121094,44.724998474121094,44.724998474121094,44.724998474121094,116,0.0,0.0
2023-12-11 09:30:00-05:00,44.529998779296875,44.95000076293945,44.529998779296875,44.95000076293945,0,0.0,0.0
2023-12-11 11:30:00-05:00,45.099998474121094,45.099998474121094,44.9900016784668,44.9900016784668,931,0.0,0.0
2023-12-11 13:30:00-05:00,45.26499938964844,45.314998626708984,45.13999938964844,45.13999938964844,1498,0.0,0.0
2023-12-11 14:30:00-05:00,45.209999084472656,45.209999084472656,45.119998931884766,45.119998931884766,706,0.0,0.0
2023-12-11 15:30:00-05:00,45.09000015258789,45.25,44.96500015258789,44.96500015258789,829,0.0,0.0
2023-12-12 09:30:00-05:00,44.779998779296875,44.9900016784668,44.400001525878906,44.79999923706055,2187,0.0,0.0
2023-12-12 10:30:00-05:00,44.709999084472656,44.709999084472656,44.650001525878906,44.650001525878906,2055,0.0,0.0
2023-12-12 13:30:00-05:00,45.209999084472656,45.209999084472656,44.40999984741211,44.71500015258789,4491,0.0,0.0
2023-12-12 14:30:00-05:00,44.88999938964844,44.95000076293945,44.779998779296875,44.95000076293945,1180,0.0,0.0
2023-12-12 15:30:00-05:00,44.80500030517578,44.80500030517578,44.49319839477539,44.49319839477539,908,0.0,0.0
2023-12-13 09:30:00-05:00,44.4900016784668,44.650001525878906,44.400001525878906,44.650001525878906,2655,0.0,0.0
2023-12-13 10:30:00-05:00,44.60240173339844,44.60240173339844,44.60240173339844,44.60240173339844,338,0.0,0.0
2023-12-13 11:30:00-05:00,45.11000061035156,45.11000061035156,44.65999984741211,44.65999984741211,1460,0.0,0.0
2023-12-13 12:30:00-05:00,44.630001068115234,44.630001068115234,44.459999084472656,44.459999084472656,1775,0.0,0.0
2023-12-13 13:30:00-05:00,44.290000915527344,44.54999923706055,44.290000915527344,44.54999923706055,1685,0.0,0.0
2023-12-13 14:30:00-05:00,45.63999938964844,46.5,45.34000015258789,45.58000183105469,5287,0.0,0.0
2023-12-13 15:30:00-05:00,46.540000915527344,46.86000061035156,45.599998474121094,45.599998474121094,7291,0.0,0.0
2023-12-14 09:30:00-05:00,45.880001068115234,46.75,45.66999816894531,46.0099983215332,3792,0.0,0.0
2023-12-14 10:30:00-05:00,46.150001525878906,46.33000183105469,46.04999923706055,46.33000183105469,1856,0.0,0.0
2023-12-14 11:30:00-05:00,46.09000015258789,46.849998474121094,46.04999923706055,46.849998474121094,2905,0.0,0.0
2023-12-14 12:30:00-05:00,47.209999084472656,47.29999923706055,47.150001525878906,47.150001525878906,1928,0.0,0.0
2023-12-14 14:30:00-05:00,46.84000015258789,46.84000015258789,46.84000015258789,46.84000015258789,842,0.0,0.0
2023-12-14 15:30:00-05:00,47.349998474121094,47.36000061035156,47.150001525878906,47.150001525878906,2251,0.0,0.0
2023-12-15 09:30:00-05:00,47.88999938964844,48.29999923706055,45.560001373291016,48.16999816894531,19347,0.0,0.0
2023-12-15 10:30:00-05:00,48.16999816894531,48.16999816894531,47.66999816894531,47.66999816894531,2012,0.0,0.0
2023-12-15 11:30:00-05:00,47.4900016784668,47.709999084472656,47.0,47.20000076293945,4584,0.0,0.0
2023-12-15 12:30:00-05:00,47.435001373291016,47.849998474121094,47.15060043334961,47.599998474121094,5053,0.0,0.0
2023-12-15 13:30:00-05:00,47.61000061035156,47.91999816894531,47.599998474121094,47.849998474121094,2306,0.0,0.0
2023-12-15 14:30:00-05:00,48.0,48.099998474121094,47.7400016784668,47.880001068115234,4571,0.0,0.0
2023-12-15 15:30:00-05:00,47.75,48.63999938964844,47.650001525878906,48.310001373291016,8064,0.0,0.0
2023-12-18 09:30:00-05:00,48.349998474121094,48.970001220703125,48.26499938964844,48.26499938964844,2647,0.0,0.0
2023-12-18 10:30:00-05:00,47.98500061035156,48.42499923706055,47.98500061035156,48.42499923706055,307,0.0,0.0
2023-12-18 11:30:00-05:00,48.15999984741211,48.15999984741211,48.05500030517578,48.05500030517578,2009,0.0,0.0
2023-12-18 12:30:00-05:00,48.0,48.209999084472656,47.959999084472656,48.09000015258789,2162,0.0,0.0
2023-12-18 13:30:00-05:00,47.720001220703125,47.7494010925293,47.720001220703125,47.7494010925293,525,0.0,0.0
2023-12-18 14:30:00-05:00,47.463600158691406,47.463600158691406,47.463600158691406,47.463600158691406,651,0.0,0.0
2023-12-18 15:30:00-05:00,47.540000915527344,47.7599983215332,47.52000045776367,47.52000045776367,1886,0.0,0.0
2023-12-19 09:30:00-05:00,47.400001525878906,47.400001525878906,47.400001525878906,47.400001525878906,602,0.0,0.0
2023-12-19 12:30:00-05:00,48.130001068115234,48.68000030517578,47.95000076293945,47.95000076293945,1285,0.0,0.0
2023-12-19 13:30:00-05:00,48.20000076293945,48.369998931884766,48.20000076293945,48.369998931884766,937,0.0,0.0
2023-12-19 14:30:00-05:00,48.779998779296875,48.790000915527344,48.5,48.5,1856,0.0,0.0
2023-12-19 15:30:00-05:00,48.75,48.7599983215332,48.70000076293945,48.7599983215332,1567,0.0,0.0
2023-12-20 09:30:00-05:00,48.75,49.47999954223633,48.119998931884766,49.43000030517578,1867,0.0,0.0
2023-12-20 10:30:00-05:00,49.4900016784668,49.9900016784668,49.36000061035156,49.529998779296875,4384,0.0,0.0
2023-12-20 11:30:00-05:00,49.529998779296875,49.529998779296875,49.11000061035156,49.23500061035156,2101,0.0,0.0
2023-12-20 12:30:00-05:00,49.529998779296875,49.529998779296875,49.220001220703125,49.220001220703125,3515,0.0,0.0
2023-12-20 14:30:00-05:00,48.704200744628906,48.81999969482422,47.90999984741211,47.90999984741211,4280,0.0,0.0
2023-12-20 15:30:00-05:00,47.97999954223633,47.97999954223633,47.75,47.849998474121094,3637,0.0,0.0
2023-12-21 09:30:00-05:00,48.38999938964844,48.61000061035156,48.11000061035156,48.11000061035156,1092,0.0,0.0
2023-12-21 11:30:00-05:00,48.290000915527344,48.290000915527344,47.709999084472656,47.900001525878906,2704,0.0,0.0
2023-12-21 12:30:00-05:00,47.9379997253418,47.9379997253418,47.9379997253418,47.9379997253418,236,0.0,0.0
2023-12-21 13:30:00-05:00,47.599998474121094,47.650001525878906,47.439998626708984,47.439998626708984,2254,0.0,0.0
2023-12-22 10:30:00-05:00,48.54999923706055,48.59000015258789,48.25,48.25,3003,0.0,0.0
2023-12-22 11:30:00-05:00,48.944801330566406,48.944801330566406,48.029998779296875,48.25,15311,0.0,0.0
2023-12-22 12:30:00-05:00,48.25,48.400001525878906,48.25,48.25,2838,0.0,0.0
2023-12-22 13:30:00-05:00,48.20000076293945,48.349998474121094,48.20000076293945,48.349998474121094,526,0.0,0.0
2023-12-22 14:30:00-05:00,48.630001068115234,48.630001068115234,48.34000015258789,48.54999923706055,1108,0.0,0.0
2023-12-22 15:30:00-05:00,48.650001525878906,48.70000076293945,48.650001525878906,48.70000076293945,1120,0.0,0.0
2023-12-26 09:30:00-05:00,47.0099983215332,48.34939956665039,45.66999816894531,48.299400329589844,2332,0.0,0.0
2023-12-26 10:30:00-05:00,48.470001220703125,49.099998474121094,48.04999923706055,48.84000015258789,3628,0.0,0.0
2023-12-26 11:30:00-05:00,49.25,49.29999923706055,49.15999984741211,49.18000030517578,1367,0.0,0.0
2023-12-26 12:30:00-05:00,49.20000076293945,49.27000045776367,49.119998931884766,49.20000076293945,1521,0.0,0.0
2023-12-26 13:30:00-05:00,49.125,49.189998626708984,49.04999923706055,49.04999923706055,1421,0.0,0.0
2023-12-26 14:30:00-05:00,49.16999816894531,49.209999084472656,49.099998474121094,49.209999084472656,2017,0.0,0.0
2023-12-26 15:30:00-05:00,49.060001373291016,49.154998779296875,48.5,48.5,2352,0.0,0.0
2023-12-27 09:30:00-05:00,48.11000061035156,48.11000061035156,48.11000061035156,48.11000061035156,1039,0.0,0.0
2023-12-27 11:30:00-05:00,48.0,48.654300689697266,47.99599838256836,48.25,8148,0.0,0.0
2023-12-27 12:30:00-05:00,48.45000076293945,48.81999969482422,48.45000076293945,48.560001373291016,1028,0.0,0.0
2023-12-27 13:30:00-05:00,48.529998779296875,48.880001068115234,47.9900016784668,48.470001220703125,3128,0.0,0.0
2023-12-27 14:30:00-05:00,48.4900016784668,48.4900016784668,47.689998626708984,47.689998626708984,1814,0.0,0.0
2023-12-27 15:30:00-05:00,48.16999816894531,48.16999816894531,47.779998779296875,48.11000061035156,2300,0.0,0.0
2023-12-28 09:30:00-05:00,47.5,49.06999969482422,47.5,49.06999969482422,1440,0.0,0.0
2023-12-28 10:30:00-05:00,48.25,48.29999923706055,48.25,48.29999923706055,1240,0.0,0.0
2023-12-28 11:30:00-05:00,48.0,48.150001525878906,48.0,48.150001525878906,1477,0.0,0.0
2023-12-28 12:30:00-05:00,48.04999923706055,48.45000076293945,47.849998474121094,47.900001525878906,9717,0.0,0.0
2023-12-28 13:30:00-05:00,47.900001525878906,48.01499938964844,47.709999084472656,47.86000061035156,14433,0.0,0.0
2023-12-28 14:30:00-05:00,47.849998474121094,48.599998474121094,47.845001220703125,48.3849983215332,6657,0.0,0.0
2023-12-28 15:30:00-05:00,48.599998474121094,48.970001220703125,48.599998474121094,48.61000061035156,5070,0.0,0.0
2023-12-29 09:30:00-05:00,48.290000915527344,49.31999969482422,48.290000915527344,48.98939895629883,4057,0.0,0.0
2023-12-29 11:30:00-05:00,48.79999923706055,48.83000183105469,48.79999923706055,48.83000183105469,727,0.0,0.0
2023-12-29 15:30:00-05:00,49.05500030517578,49.05500030517578,49.05500030517578,49.05500030517578,1246,0.0,0.0
2024-01-02 09:30:00-05:00,48.130001068115234,48.54999923706055,48.0099983215332,48.06999969482422,11553,0.0,0.0
2024-01-02 10:30:00-05:00,48.2599983215332,48.41999816894531,48.209999084472656,48.41999816894531,2485,0.0,0.0
2024-01-02 12:30:00-05:00,48.70000076293945,48.70000076293945,48.70000076293945,48.70000076293945,887,0.0,0.0
2024-01-02 14:30:00-05:00,48.78499984741211,48.78499984741211,48.68000030517578,48.68000030517578,866,0.0,0.0
2024-01-02 15:30:00-05:00,48.75,48.84000015258789,48.60499954223633,48.84000015258789,1450,0.0,0.0
2024-01-03 09:30:00-05:00,48.79999923706055,48.79999923706055,48.13999938964844,48.13999938964844,2153,0.0,0.0
2024-01-03 10:30:00-05:00,48.02000045776367,48.290000915527344,48.02000045776367,48.22999954223633,1617,0.0,0.0
2024-01-03 11:30:00-05:00,48.45000076293945,48.45000076293945,48.33000183105469,48.34000015258789,1843,0.0,0.0
2024-01-03 12:30:00-05:00,48.15999984741211,48.41999816894531,48.15999984741211,48.349998474121094,1511,0.0,0.0
2024-01-03 13:30:00-05:00,48.119998931884766,48.119998931884766,48.119998931884766,48.119998931884766,582,0.0,0.0
2024-01-03 14:30:00-05:00,48.27000045776367,48.27000045776367,47.720001220703125,47.720001220703125,2123,0.0,0.0
2024-01-03 15:30:00-05:00,47.41999816894531,47.47999954223633,47.18000030517578,47.31999969482422,2769,0.0,0.0
2024-01-04 09:30:00-05:00,47.720001220703125,47.720001220703125,47.5,47.650001525878906,2852,0.0,0.0
2024-01-04 10:30:00-05:00,47.70000076293945,47.85200119018555,47.65999984741211,47.85200119018555,1703,0.0,0.0
2024-01-04 11:30:00-05:00,47.7599983215332,47.9900016784668,47.7400016784668,47.84000015258789,5850,0.0,0.0
2024-01-04 12:30:00-05:00,47.720001220703125,47.77000045776367,47.720001220703125,47.77000045776367,743,0.0,0.0
2024-01-04 13:30:00-05:00,47.900001525878906,47.900001525878906,47.900001525878906,47.900001525878906,471,0.0,0.0
2024-01-04 14:30:00-05:00,47.810001373291016,47.810001373291016,47.810001373291016,47.810001373291016,1091,0.0,0.0
2024-01-04 15:30:00-05:00,47.79999923706055,47.98500061035156,47.79999923706055,47.98500061035156,1932,0.0,0.0
2024-01-05 09:30:00-05:00,47.47999954223633,48.25,47.27050018310547,48.25,7055,0.0,0.0
2024-01-05 10:30:00-05:00,48.0,48.25,47.819000244140625,48.25,3788,0.0,0.0
2024-01-05 11:30:00-05:00,47.89189910888672,48.19940185546875,47.810001373291016,48.139400482177734,1773,0.0,0.0
2024-01-05 12:30:00-05:00,48.29999923706055,48.380001068115234,47.580101013183594,47.580101013183594,2883,0.0,0.0
2024-01-05 13:30:00-05:00,48.5,48.599998474121094,48.150001525878906,48.150001525878906,4429,0.0,0.0
2024-01-05 14:30:00-05:00,47.59000015258789,47.849998474121094,47.5,47.54999923706055,2201,0.0,0.0
2024-01-05 15:30:00-05:00,47.59000015258789,47.66999816894531,47.38999938964844,47.41999816894531,3512,0.0,0.0
2024-01-08 09:30:00-05:00,47.209999084472656,47.209999084472656,47.209999084472656,47.209999084472656,402,0.0,0.0
2024-01-08 10:30:00-05:00,47.45000076293945,47.650001525878906,47.45000076293945,47.650001525878906,2374,0.0,0.0
2024-01-08 11:30:00-05:00,47.15999984741211,47.15999984741211,47.15999984741211,47.15999984741211,355,0.0,0.0
2024-01-08 12:30:00-05:00,46.98970031738281,46.98970031738281,46.95500183105469,46.95500183105469,1012,0.0,0.0
2024-01-08 14:30:00-05:00,47.099998474121094,47.3849983215332,47.099998474121094,47.16059875488281,3709,0.0,0.0
2024-01-08 15:30:00-05:00,46.7599983215332,47.25,46.7599983215332,47.02000045776367,2723,0.0,0.0
2024-01-09 09:30:00-05:00,46.79999923706055,46.79999923706055,46.130001068115234,46.130001068115234,1653,0.0,0.0
2024-01-09 10:30:00-05:00,46.22999954223633,46.439998626708984,46.22999954223633,46.400001525878906,2011,0.0,0.0
2024-01-09 11:30:00-05:00,46.755001068115234,46.755001068115234,46.755001068115234,46.755001068115234,1019,0.0,0.0
2024-01-09 13:30:00-05:00,46.66999816894531,46.66999816894531,46.66999816894531,46.66999816894531,452,0.0,0.0
2024-01-09 15:30:00-05:00,46.18000030517578,46.599998474121094,46.18000030517578,46.56999969482422,436,0.0,0.0
2024-01-10 09:30:00-05:00,46.04999923706055,46.27000045776367,46.04999923706055,46.189998626708984,2424,0.0,0.0
2024-01-10 14:30:00-05:00,45.58000183105469,45.58000183105469,45.58000183105469,45.58000183105469,189,0.0,0.0
2024-01-10 15:30:00-05:00,45.79999923706055,45.91999816894531,45.709999084472656,45.91999816894531,2694,0.0,0.0
2024-01-11 09:30:00-05:00,45.459999084472656,45.459999084472656,45.459999084472656,45.459999084472656,2595,0.0,0.0
2024-01-11 15:30:00-05:00,45.66999816894531,45.90999984741211,45.529998779296875,45.529998779296875,1791,0.0,0.0
2024-01-12 09:30:00-05:00,46.2599983215332,46.2599983215332,46.2599983215332,46.2599983215332,1059,0.0,0.0
2024-01-12 10:30:00-05:00,45.369998931884766,45.459999084472656,45.369998931884766,45.459999084472656,1333,0.0,0.0
2024-01-12 13:30:00-05:00,46.2400016784668,46.2400016784668,46.209999084472656,46.209999084472656,871,0.0,0.0
2024-01-12 15:30:00-05:00,45.939998626708984,46.0,45.91999816894531,45.91999816894531,4157,0.0,0.0
2024-01-16 10:30:00-05:00,46.11750030517578,46.11750030517578,46.11750030517578,46.11750030517578,1298,0.0,0.0
2024-01-16 13:30:00-05:00,45.779998779296875,45.779998779296875,45.34000015258789,45.34000015258789,1789,0.0,0.0
2024-01-16 15:30:00-05:00,45.61000061035156,45.81999969482422,45.61000061035156,45.77000045776367,1448,0.0,0.0
2024-01-17 09:30:00-05:00,45.130001068115234,45.130001068115234,45.130001068115234,45.130001068115234,281,0.0,0.0
2024-01-17 10:30:00-05:00,45.599998474121094,45.599998474121094,44.529998779296875,44.529998779296875,769,0.0,0.0
2024-01-17 12:30:00-05:00,45.380001068115234,45.85499954223633,45.36000061035156,45.45000076293945,1012,0.0,0.0
2024-01-17 13:30:00-05:00,45.790000915527344,46.099998474121094,45.689998626708984,46.099998474121094,2294,0.0,0.0
2024-01-17 14:30:00-05:00,46.029998779296875,46.029998779296875,46.029998779296875,46.029998779296875,350,0.0,0.0
2024-01-18 09:30:00-05:00,46.20500183105469,46.20500183105469,46.20500183105469,46.20500183105469,506,0.0,0.0
2024-01-18 11:30:00-05:00,45.630001068115234,45.630001068115234,45.630001068115234,45.630001068115234,202,0.0,0.0
2024-01-18 12:30:00-05:00,46.16999816894531,46.16999816894531,46.16999816894531,46.16999816894531,925,0.0,0.0
2024-01-18 14:30:00-05:00,45.72999954223633,45.72999954223633,45.72999954223633,45.72999954223633,157,0.0,0.0
2024-01-18 15:30:00-05:00,45.93000030517578,45.93000030517578,45.91999816894531,45.91999816894531,411,0.0,0.0
2024-01-19 09:30:00-05:00,46.470001220703125,46.470001220703125,46.470001220703125,46.470001220703125,1997,0.0,0.0
2024-01-19 12:30:00-05:00,46.36000061035156,46.36000061035156,46.29999923706055,46.29999923706055,1398,0.0,0.0
2024-01-19 13:30:00-05:00,46.849998474121094,46.849998474121094,46.849998474121094,46.849998474121094,200,0.0,0.0
2024-01-19 14:30:00-05:00,46.79999923706055,46.79999923706055,46.79999923706055,46.79999923706055,322,0.0,0.0
2024-01-19 15:30:00-05:00,46.810001373291016,46.95000076293945,46.70000076293945,46.70000076293945,2590,0.0,0.0
2024-01-22 09:30:00-05:00,46.93000030517578,47.5,46.93000030517578,47.5,2821,0.0,0.0
2024-01-22 10:30:00-05:00,47.25,47.25,47.25,47.25,549,0.0,0.0
2024-01-22 11:30:00-05:00,47.54199981689453,47.54199981689453,47.54199981689453,47.54199981689453,1151,0.0,0.0
2024-01-22 12:30:00-05:00,47.5099983215332,48.0099983215332,47.5099983215332,48.0099983215332,468,0.0,0.0
2024-01-22 13:30:00-05:00,47.79840087890625,47.91999816894531,47.31999969482422,47.31999969482422,2819,0.0,0.0
2024-01-22 14:30:00-05:00,47.95000076293945,47.95000076293945,47.95000076293945,47.95000076293945,193,0.0,0.0
2024-01-22 15:30:00-05:00,48.02000045776367,48.02000045776367,48.02000045776367,48.02000045776367,417,0.0,0.0
2024-01-23 09:30:00-05:00,48.790000915527344,48.790000915527344,48.369998931884766,48.369998931884766,1120,0.0,0.0
2024-01-23 10:30:00-05:00,48.04999923706055,48.04999923706055,48.04999923706055,48.04999923706055,1229,0.0,0.0
2024-01-23 11:30:00-05:00,47.91999816894531,47.91999816894531,47.91999816894531,47.91999816894531,965,0.0,0.0
2024-01-23 13:30:00-05:00,48.15999984741211,48.15999984741211,48.11000061035156,48.11000061035156,493,0.0,0.0
2024-01-23 14:30:00-05:00,48.220001220703125,48.220001220703125,48.220001220703125,48.220001220703125,1005,0.0,0.0
2024-01-23 15:30:00-05:00,47.939998626708984,48.060001373291016,47.779998779296875,47.779998779296875,1191,0.0,0.0
2024-01-24 09:30:00-05:00,47.5,47.5,47.5,47.5,1018,0.0,0.0
2024-01-24 10:30:00-05:00,48.119998931884766,48.119998931884766,48.119998931884766,48.119998931884766,474,0.0,0.0
2024-01-24 12:30:00-05:00,46.820499420166016,47.540000915527344,46.820499420166016,47.540000915527344,2726,0.0,0.0
2024-01-24 15:30:00-05:00,48.06999969482422,48.06999969482422,48.06999969482422,48.06999969482422,1111,0.0,0.0
2024-01-25 09:30:00-05:00,48.310001373291016,48.540000915527344,48.029998779296875,48.08000183105469,1621,0.0,0.0
2024-01-25 10:30:00-05:00,48.060001373291016,48.060001373291016,47.369998931884766,47.369998931884766,673,0.0,0.0
2024-01-25 11:30:00-05:00,48.04999923706055,48.04999923706055,47.380001068115234,47.54999923706055,826,0.0,0.0
2024-01-25 12:30:00-05:00,47.0,47.224998474121094,46.70000076293945,47.224998474121094,1449,0.0,0.0
2024-01-25 14:30:00-05:00,47.93000030517578,48.0,47.44499969482422,47.44499969482422,1141,0.0,0.0
2024-01-25 15:30:00-05:00,47.900001525878906,48.45000076293945,47.900001525878906,48.0099983215332,1702,0.0,0.0
2024-01-26 09:30:00-05:00,48.02000045776367,48.13999938964844,47.5,48.099998474121094,1617,0.0,0.0
2024-01-26 10:30:00-05:00,47.630001068115234,47.939998626708984,47.630001068115234,47.939998626708984,1151,0.0,0.0
2024-01-26 13:30:00-05:00,47.88999938964844,47.88999938964844,47.88999938964844,47.88999938964844,933,0.0,0.0
2024-01-26 15:30:00-05:00,47.68000030517578,47.91999816894531,47.099998474121094,47.11000061035156,3000,0.0,0.0
2024-01-29 09:30:00-05:00,47.75,48.809898376464844,47.40060043334961,47.40060043334961,1735,0.0,0.0
2024-01-29 10:30:00-05:00,47.20000076293945,47.20000076293945,47.20000076293945,47.20000076293945,604,0.0,0.0
2024-01-29 12:30:00-05:00,46.56370162963867,46.56370162963867,46.56370162963867,46.56370162963867,1793,0.0,0.0
2024-01-29 13:30:00-05:00,47.4463996887207,47.4463996887207,47.4463996887207,47.4463996887207,353,0.0,0.0
2024-01-29 14:30:00-05:00,47.130001068115234,47.349998474121094,47.130001068115234,47.349998474121094,1771,0.0,0.0
2024-01-29 15:30:00-05:00,47.04499816894531,47.459999084472656,47.04499816894531,47.459999084472656,2011,0.0,0.0
2024-01-30 09:30:00-05:00,46.79999923706055,46.849998474121094,46.79999923706055,46.849998474121094,665,0.0,0.0
2024-01-30 10:30:00-05:00,47.400001525878906,47.400001525878906,47.38999938964844,47.38999938964844,311,0.0,0.0
2024-01-30 11:30:00-05:00,47.38999938964844,47.38999938964844,47.38999938964844,47.38999938964844,180,0.0,0.0
2024-01-30 12:30:00-05:00,47.33000183105469,47.33000183105469,47.33000183105469,47.33000183105469,1161,0.0,0.0
2024-01-30 13:30:00-05:00,47.06999969482422,47.275001525878906,46.54999923706055,46.84000015258789,3267,0.0,0.0
2024-01-30 14:30:00-05:00,46.79999923706055,46.79999923706055,46.54999923706055,46.599998474121094,3127,0.0,0.0
2024-01-30 15:30:00-05:00,47.03499984741211,47.03499984741211,46.619998931884766,46.900001525878906,1527,0.0,0.0
2024-01-31 09:30:00-05:00,46.61000061035156,46.619998931884766,46.61000061035156,46.619998931884766,966,0.0,0.0
2024-01-31 10:30:00-05:00,46.599998474121094,47.959999084472656,46.599998474121094,47.959999084472656,2468,0.0,0.0
2024-01-31 11:30:00-05:00,46.47999954223633,46.709999084472656,46.349998474121094,46.400001525878906,1120,0.0,0.0
2024-01-31 12:30:00-05:00,46.34389877319336,46.456199645996094,46.34389877319336,46.456199645996094,2153,0.0,0.0
2024-01-31 15:30:00-05:00,45.220001220703125,45.220001220703125,43.6349983215332,43.709999084472656,4454,0.0,0.0
2024-02-01 09:30:00-05:00,43.65999984741211,43.95000076293945,43.369998931884766,43.470001220703125,2630,0.0,0.0
2024-02-01 10:30:00-05:00,42.369998931884766,42.369998931884766,42.29999923706055,42.29999923706055,849,0.0,0.0
2024-02-01 11:30:00-05:00,42.529998779296875,42.529998779296875,42.05039978027344,42.52000045776367,956,0.0,0.0
2024-02-01 12:30:00-05:00,42.540000915527344,42.73500061035156,42.349998474121094,42.73500061035156,1648,0.0,0.0
2024-02-01 13:30:00-05:00,42.77000045776367,42.77000045776367,42.77000045776367,42.77000045776367,518,0.0,0.0
2024-02-01 15:30:00-05:00,42.81999969482422,42.81999969482422,42.779998779296875,42.779998779296875,903,0.0,0.0
2024-02-02 09:30:00-05:00,42.150001525878906,42.66999816894531,41.880001068115234,42.20000076293945,2882,0.0,0.0
2024-02-02 10:30:00-05:00,42.45000076293945,42.4900016784668,42.369998931884766,42.4900016784668,2107,0.0,0.0
2024-02-02 11:30:00-05:00,42.599998474121094,43.43000030517578,42.599998474121094,43.25,1387,0.0,0.0
2024-02-02 12:30:00-05:00,42.65999984741211,42.65999984741211,42.5,42.5,1104,0.0,0.0
2024-02-02 14:30:00-05:00,42.75,42.85499954223633,42.400001525878906,42.5099983215332,1148,0.0,0.0
2024-02-02 15:30:00-05:00,42.6150016784668,42.82500076293945,42.2599983215332,42.2599983215332,2201,0.0,0.0
2024-02-05 09:30:00-05:00,42.25,42.25,41.75,41.84090042114258,2368,0.0,0.0
2024-02-05 11:30:00-05:00,41.52000045776367,42.869998931884766,41.52000045776367,42.869998931884766,1337,0.0,0.0
2024-02-05 12:30:00-05:00,41.5,41.5,41.5,41.5,642,0.0,0.0
2024-02-05 13:30:00-05:00,41.540000915527344,41.59000015258789,41.540000915527344,41.59000015258789,1030,0.0,0.0
2024-02-05 14:30:00-05:00,41.66999816894531,41.974998474121094,41.66999816894531,41.84000015258789,1562,0.0,0.0
2024-02-06 09:30:00-05:00,41.880001068115234,41.880001068115234,41.880001068115234,41.880001068115234,456,0.0,0.0
2024-02-06 10:30:00-05:00,41.320098876953125,41.320098876953125,41.320098876953125,41.320098876953125,430,0.0,0.0
2024-02-06 11:30:00-05:00,42.04999923706055,42.04999923706055,41.570098876953125,42.04999923706055,877,0.0,0.0
2024-02-06 12:30:00-05:00,41.720001220703125,41.720001220703125,40.790000915527344,40.79999923706055,10524,0.0,0.0
2024-02-06 13:30:00-05:00,40.970001220703125,40.97999954223633,40.970001220703125,40.97999954223633,751,0.0,0.0
2024-02-06 14:30:00-05:00,40.43000030517578,40.43000030517578,40.33000183105469,40.3849983215332,486,0.0,0.0
2024-02-06 15:30:00-05:00,40.33000183105469,40.33000183105469,40.29499816894531,40.32500076293945,539,0.0,0.0
2024-02-07 09:30:00-05:00,40.27000045776367,41.099998474121094,39.439998626708984,39.84000015258789,3130,0.0,0.0
2024-02-07 10:30:00-05:00,40.0,40.0,39.53499984741211,39.53499984741211,530,0.0,0.0
2024-02-07 11:30:00-05:00,40.21500015258789,40.21500015258789,40.21500015258789,40.21500015258789,522,0.0,0.0
2024-02-07 12:30:00-05:00,39.91999816894531,39.91999816894531,39.529998779296875,39.529998779296875,2199,0.0,0.0
2024-02-07 13:30:00-05:00,40.0099983215332,40.599998474121094,40.0099983215332,40.599998474121094,394,0.0,0.0
2024-02-07 14:30:00-05:00,40.650001525878906,40.650001525878906,40.10499954223633,40.10499954223633,909,0.0,0.0
2024-02-07 15:30:00-05:00,40.119998931884766,40.32500076293945,39.7599983215332,39.7599983215332,1978,0.0,0.0
2024-02-08 10:30:00-05:00,39.900001525878906,40.13999938964844,39.900001525878906,40.13999938964844,2500,0.0,0.0
2024-02-08 15:30:00-05:00,40.11000061035156,40.13999938964844,39.90999984741211,39.90999984741211,1542,0.0,0.0
2024-02-09 09:30:00-05:00,39.9900016784668,39.9900016784668,39.9900016784668,39.9900016784668,3313,0.0,0.0
2024-02-12 09:30:00-05:00,40.81999969482422,40.81999969482422,40.81999969482422,40.81999969482422,1143,0.0,0.0
2024-02-12 10:30:00-05:00,41.689998626708984,41.689998626708984,41.68000030517578,41.68000030517578,652,0.0,0.0
2024-02-12 11:30:00-05:00,41.779998779296875,42.06999969482422,41.779998779296875,42.06999969482422,829,0.0,0.0
2024-02-12 12:30:00-05:00,42.1349983215332,42.1349983215332,42.1349983215332,42.1349983215332,534,0.0,0.0
2024-02-12 14:30:00-05:00,42.810001373291016,42.84000015258789,42.810001373291016,42.84000015258789,1011,0.0,0.0
2024-02-12 15:30:00-05:00,42.869998931884766,42.880001068115234,42.400001525878906,42.849998474121094,3651,0.0,0.0
2024-02-13 09:30:00-05:00,41.66999816894531,41.66999816894531,41.4900016784668,41.549400329589844,1913,0.0,0.0
2024-02-13 11:30:00-05:00,40.34000015258789,40.5,40.34000015258789,40.5,1536,0.0,0.0
2024-02-13 12:30:00-05:00,39.720001220703125,39.779998779296875,39.720001220703125,39.779998779296875,700,0.0,0.0
2024-02-13 13:30:00-05:00,39.689998626708984,40.2599983215332,39.689998626708984,39.869998931884766,2364,0.0,0.0
2024-02-13 14:30:00-05:00,39.75,39.810001373291016,39.404998779296875,39.404998779296875,3627,0.0,0.0
2024-02-13 15:30:00-05:00,39.23500061035156,39.900001525878906,39.060001373291016,39.88999938964844,6652,0.0,0.0
2024-02-14 11:30:00-05:00,40.0099983215332,40.099998474121094,40.0099983215332,40.099998474121094,1643,0.0,0.0
2024-02-14 12:30:00-05:00,40.290000915527344,40.290000915527344,39.58000183105469,39.58000183105469,340,0.0,0.0
2024-02-14 13:30:00-05:00,40.1150016784668,40.13999938964844,40.060001373291016,40.060001373291016,1625,0.0,0.0
2024-02-14 14:30:00-05:00,40.51499938964844,40.51499938964844,39.420101165771484,39.420101165771484,1379,0.0,0.0
2024-02-14 15:30:00-05:00,40.540000915527344,41.209999084472656,40.540000915527344,41.209999084472656,1685,0.0,0.0
2024-02-15 09:30:00-05:00,41.130001068115234,41.22999954223633,41.130001068115234,41.1349983215332,2129,0.0,0.0
2024-02-15 11:30:00-05:00,41.439998626708984,41.439998626708984,41.439998626708984,41.439998626708984,1306,0.0,0.0
2024-02-15 12:30:00-05:00,41.439998626708984,41.439998626708984,41.439998626708984,41.439998626708984,716,0.0,0.0
2024-02-15 13:30:00-05:00,41.86000061035156,42.529998779296875,41.86000061035156,42.529998779296875,1632,0.0,0.0
2024-02-15 14:30:00-05:00,43.06999969482422,43.18000030517578,43.06999969482422,43.18000030517578,2031,0.0,0.0
2024-02-15 15:30:00-05:00,43.84000015258789,43.880001068115234,43.040000915527344,43.06999969482422,3922,0.0,0.0
2024-02-16 09:30:00-05:00,42.77000045776367,42.77000045776367,42.584999084472656,42.584999084472656,2753,0.0,0.0
2024-02-16 10:30:00-05:00,42.7599983215332,42.7599983215332,42.5,42.5,643,0.0,0.0
2024-02-16 11:30:00-05:00,42.7599983215332,42.7599983215332,42.7599983215332,42.7599983215332,523,0.0,0.0
2024-02-16 13:30:00-05:00,42.400001525878906,42.43000030517578,42.22999954223633,42.42499923706055,1752,0.0,0.0
2024-02-16 14:30:00-05:00,42.25,42.33000183105469,42.130001068115234,42.33000183105469,2773,0.0,0.0
2024-02-16 15:30:00-05:00,42.220001220703125,42.654998779296875,42.15999984741211,42.654998779296875,1565,0.0,0.0
2024-02-20 09:30:00-05:00,41.90999984741211,41.90999984741211,41.90999984741211,41.90999984741211,1707,0.0,0.0
2024-02-20 15:30:00-05:00,41.08000183105469,41.08000183105469,40.380001068115234,40.41999816894531,1346,0.0,0.0
2024-02-21 09:30:00-05:00,40.119998931884766,40.119998931884766,40.119998931884766,40.119998931884766,869,0.0,0.0
2024-02-21 11:30:00-05:00,41.0,41.0,40.06999969482422,40.20000076293945,3727,0.0,0.0
2024-02-21 15:30:00-05:00,40.4900016784668,40.92499923706055,40.20000076293945,40.92499923706055,855,0.0,0.0
2024-02-22 09:30:00-05:00,40.150001525878906,40.150001525878906,40.150001525878906,40.150001525878906,994,0.0,0.0
2024-02-22 14:30:00-05:00,40.290000915527344,40.290000915527344,40.290000915527344,40.290000915527344,388,0.0,0.0
2024-02-23 12:30:00-05:00,40.880001068115234,40.880001068115234,40.650001525878906,40.650001525878906,2061,0.0,0.0
2024-02-23 15:30:00-05:00,40.65999984741211,40.90999984741211,40.45000076293945,40.45000076293945,1207,0.0,0.0
2024-02-26 09:30:00-05:00,40.66999816894531,40.66999816894531,40.66999816894531,40.66999816894531,465,0.0,0.0
2024-02-26 10:30:00-05:00,40.97999954223633,41.349998474121094,40.97999954223633,41.150001525878906,1115,0.0,0.0
2024-02-26 11:30:00-05:00,41.11000061035156,41.11000061035156,41.0,41.039398193359375,1027,0.0,0.0
2024-02-26 12:30:00-05:00,41.08000183105469,41.08000183105469,41.08000183105469,41.08000183105469,243,0.0,0.0
2024-02-26 13:30:00-05:00,41.06999969482422,41.06999969482422,40.54999923706055,40.54999923706055,1656,0.0,0.0
2024-02-26 14:30:00-05:00,40.20000076293945,40.599998474121094,40.20000076293945,40.599998474121094,452,0.0,0.0
2024-02-26 15:30:00-05:00,40.595001220703125,40.595001220703125,40.150001525878906,40.150001525878906,386,0.0,0.0
2024-02-27 09:30:00-05:00,40.869998931884766,40.869998931884766,40.869998931884766,40.869998931884766,600,0.0,0.0
2024-02-27 11:30:00-05:00,40.790000915527344,40.90999984741211,40.790000915527344,40.900001525878906,2919,0.0,0.0
2024-02-27 14:30:00-05:00,40.709999084472656,40.709999084472656,40.709999084472656,40.709999084472656,555,0.0,0.0
2024-02-28 09:30:00-05:00,39.7599983215332,40.099998474121094,39.5900993347168,39.5900993347168,2011,0.0,0.0
2024-02-28 10:30:00-05:00,39.994998931884766,39.994998931884766,39.59000015258789,39.619998931884766,10194,0.0,0.0
2024-02-28 11:30:00-05:00,39.63999938964844,40.060001373291016,39.279998779296875,39.349998474121094,5091,0.0,0.0
2024-02-28 12:30:00-05:00,39.29499816894531,39.5099983215332,38.75,38.9900016784668,12019,0.0,0.0
2024-02-28 13:30:00-05:00,38.900001525878906,39.0,38.59000015258789,38.79999923706055,7136,0.0,0.0
2024-02-28 14:30:00-05:00,38.70000076293945,38.83000183105469,38.64500045776367,38.80500030517578,5872,0.0,0.0
2024-02-28 15:30:00-05:00,38.77000045776367,39.290000915527344,38.599998474121094,39.029998779296875,7274,0.0,0.0
2024-02-29 09:30:00-05:00,39.040000915527344,39.224998474121094,38.994998931884766,39.02000045776367,2724,0.0,0.0
2024-02-29 10:30:00-05:00,39.33000183105469,39.33000183105469,39.209999084472656,39.209999084472656,946,0.0,0.0
2024-02-29 12:30:00-05:00,38.88999938964844,39.25,38.88999938964844,39.25,1244,0.0,0.0
2024-02-29 14:30:00-05:00,39.19499969482422,39.19499969482422,39.19499969482422,39.19499969482422,725,0.0,0.0
2024-02-29 15:30:00-05:00,40.25,40.25,40.25,40.25,237,0.0,0.0
2024-03-01 09:30:00-05:00,39.70000076293945,39.70000076293945,38.95009994506836,39.560001373291016,743,0.0,0.0
2024-03-01 10:30:00-05:00,39.540000915527344,39.599998474121094,39.540000915527344,39.599998474121094,884,0.0,0.0
2024-03-01 12:30:00-05:00,38.90010070800781,38.90010070800781,38.90010070800781,38.90010070800781,676,0.0,0.0
2024-03-01 14:30:00-05:00,39.75,39.75,38.90010070800781,38.90010070800781,607,0.0,0.0
2024-03-01 15:30:00-05:00,39.400001525878906,39.599998474121094,39.400001525878906,39.599998474121094,330,0.0,0.0
2024-03-04 09:30:00-05:00,39.2400016784668,39.2400016784668,39.119998931884766,39.119998931884766,1288,0.0,0.0
2024-03-04 10:30:00-05:00,39.220401763916016,39.45000076293945,39.220401763916016,39.433998107910156,408,0.0,0.0
2024-03-04 11:30:00-05:00,39.40999984741211,39.56999969482422,39.40999984741211,39.56999969482422,992,0.0,0.0
2024-03-04 14:30:00-05:00,39.849998474121094,39.849998474121094,39.560001373291016,39.560001373291016,583,0.0,0.0
2024-03-04 15:30:00-05:00,39.630001068115234,39.72999954223633,39.630001068115234,39.72999954223633,6491,0.0,0.0
2024-03-05 12:30:00-05:00,39.90999984741211,39.90999984741211,39.90999984741211,39.90999984741211,991,0.0,0.0
2024-03-05 13:30:00-05:00,40.01539993286133,40.01539993286133,40.01539993286133,40.01539993286133,637,0.0,0.0
2024-03-05 14:30:00-05:00,40.150001525878906,40.150001525878906,40.04999923706055,40.04999923706055,891,0.0,0.0
2024-03-06 14:30:00-05:00,39.842899322509766,39.842899322509766,39.842899322509766,39.842899322509766,2058,0.0,0.0
2024-03-06 15:30:00-05:00,40.279998779296875,40.279998779296875,40.279998779296875,40.279998779296875,2285,0.0,0.0
2024-03-07 09:30:00-05:00,40.13999938964844,40.13999938964844,40.13999938964844,40.13999938964844,447,0.0,0.0
2024-03-07 10:30:00-05:00,41.0,41.0,41.0,41.0,758,0.0,0.0
2024-03-07 12:30:00-05:00,41.2400016784668,41.25,41.2400016784668,41.25,448,0.0,0.0
2024-03-07 13:30:00-05:00,41.16999816894531,41.19940185546875,41.04999923706055,41.04999923706055,678,0.0,0.0
2024-03-07 15:30:00-05:00,41.0,41.0,40.79999923706055,40.79999923706055,527,0.0,0.0
2024-03-08 09:30:00-05:00,41.33000183105469,41.33000183105469,40.599998474121094,41.0,1727,0.0,0.0
2024-03-08 10:30:00-05:00,40.9900016784668,40.9900016784668,40.9900016784668,40.9900016784668,311,0.0,0.0
2024-03-08 11:30:00-05:00,41.14500045776367,41.14500045776367,40.75,41.02000045776367,1278,0.0,0.0
2024-03-08 12:30:00-05:00,41.0,41.0,40.939998626708984,40.939998626708984,914,0.0,0.0
2024-03-08 14:30:00-05:00,41.150001525878906,41.150001525878906,41.150001525878906,41.150001525878906,262,0.0,0.0
2024-03-08 15:30:00-05:00,40.650001525878906,41.150001525878906,40.650001525878906,41.150001525878906,651,0.0,0.0
2024-03-11 09:30:00-04:00,41.290000915527344,41.290000915527344,41.290000915527344,41.290000915527344,428,0.0,0.0
2024-03-11 10:30:00-04:00,41.40999984741211,41.40999984741211,41.4099006652832,41.4099006652832,806,0.0,0.0
2024-03-11 11:30:00-04:00,41.40999984741211,42.0,41.32500076293945,42.0,2261,0.0,0.0
2024-03-11 12:30:00-04:00,41.689998626708984,41.689998626708984,41.689998626708984,41.689998626708984,435,0.0,0.0
2024-03-11 14:30:00-04:00,41.689998626708984,41.689998626708984,41.689998626708984,41.689998626708984,498,0.0,0.0
2024-03-11 15:30:00-04:00,41.5099983215332,41.650001525878906,41.5099983215332,41.650001525878906,540,0.0,0.0
2024-03-12 09:30:00-04:00,41.400001525878906,41.400001525878906,40.95000076293945,40.95000076293945,1985,0.0,0.0
2024-03-12 10:30:00-04:00,41.375,41.375,40.95000076293945,40.95000076293945,681,0.0,0.0
2024-03-12 11:30:00-04:00,40.7599983215332,40.7599983215332,40.7599983215332,40.7599983215332,509,0.0,0.0
2024-03-12 13:30:00-04:00,40.70000076293945,40.70000076293945,40.2599983215332,40.2599983215332,2891,0.0,0.0
2024-03-12 14:30:00-04:00,40.439998626708984,40.459999084472656,40.439998626708984,40.45000076293945,742,0.0,0.0
2024-03-13 09:30:00-04:00,40.83000183105469,40.83000183105469,40.58599853515625,40.58599853515625,0,0.0,0.0
2024-03-13 10:30:00-04:00,41.30500030517578,41.30500030517578,41.30500030517578,41.30500030517578,573,0.0,0.0
2024-03-13 12:30:00-04:00,41.1150016784668,41.1150016784668,41.11000061035156,41.11000061035156,1144,0.0,0.0
2024-03-13 15:30:00-04:00,40.29999923706055,40.29999923706055,40.279998779296875,40.279998779296875,1155,0.0,0.0
2024-03-14 09:30:00-04:00,40.494998931884766,40.494998931884766,40.494998931884766,40.494998931884766,822,0.0,0.0
2024-03-14 12:30:00-04:00,39.77000045776367,39.77000045776367,39.77000045776367,39.77000045776367,943,0.0,0.0
2024-03-14 14:30:00-04:00,39.0,39.77000045776367,39.0,39.77000045776367,1055,0.0,0.0
2024-03-14 15:30:00-04:00,38.86000061035156,39.33000183105469,38.084999084472656,39.33000183105469,3236,0.0,0.0
2024-03-15 09:30:00-04:00,38.97999954223633,39.900001525878906,38.97999954223633,39.89120101928711,11429,0.0,0.0
2024-03-15 10:30:00-04:00,39.76499938964844,39.79999923706055,39.76499938964844,39.79999923706055,623,0.0,0.0
2024-03-15 11:30:00-04:00,40.36000061035156,40.36000061035156,40.165000915527344,40.20000076293945,1637,0.0,0.0
2024-03-15 12:30:00-04:00,40.88999938964844,40.88999938964844,40.88999938964844,40.88999938964844,535,0.0,0.0
2024-03-15 13:30:00-04:00,41.38999938964844,41.54999923706055,40.92499923706055,41.54999923706055,3921,0.0,0.0
2024-03-15 14:30:00-04:00,41.209999084472656,43.02000045776367,41.209999084472656,42.70000076293945,5351,0.0,0.0
2024-03-15 15:30:00-04:00,42.619998931884766,42.619998931884766,40.720001220703125,41.720001220703125,8248,0.0,0.0
2024-03-18 09:30:00-04:00,41.11000061035156,41.11000061035156,41.02000045776367,41.02000045776367,2335,0.0,0.0
2024-03-18 11:30:00-04:00,41.21500015258789,41.21500015258789,41.21500015258789,41.21500015258789,491,0.0,0.0
2024-03-18 12:30:00-04:00,40.59000015258789,40.59000015258789,40.59000015258789,40.59000015258789,5142,0.0,0.0
2024-03-18 15:30:00-04:00,39.83000183105469,39.83000183105469,39.83000183105469,39.83000183105469,775,0.0,0.0
2024-03-19 09:30:00-04:00,39.92499923706055,39.92499923706055,39.23500061035156,39.45000076293945,1811,0.0,0.0
2024-03-19 10:30:00-04:00,39.5,39.81999969482422,39.38999938964844,39.650001525878906,4416,0.0,0.0
2024-03-19 11:30:00-04:00,39.625,40.049400329589844,39.619998931884766,40.049400329589844,4895,0.0,0.0
2024-03-19 12:30:00-04:00,39.94499969482422,39.94499969482422,39.94499969482422,39.94499969482422,316,0.0,0.0
2024-03-19 13:30:00-04:00,40.0,40.0,40.0,40.0,516,0.0,0.0
2024-03-19 14:30:00-04:00,40.0099983215332,40.0099983215332,40.0099983215332,40.0099983215332,1198,0.0,0.0
2024-03-19 15:30:00-04:00,40.0,40.0,39.96500015258789,39.96500015258789,2935,0.0,0.0
2024-03-20 10:30:00-04:00,39.709999084472656,39.709999084472656,39.709999084472656,39.709999084472656,1165,0.0,0.0
2024-03-20 12:30:00-04:00,39.660099029541016,40.005001068115234,39.584999084472656,39.584999084472656,979,0.0,0.0
2024-03-20 13:30:00-04:00,39.83380126953125,39.83380126953125,39.83380126953125,39.83380126953125,2895,0.0,0.0
2024-03-20 15:30:00-04:00,41.959999084472656,41.970001220703125,41.95000076293945,41.95000076293945,1871,0.0,0.0
2024-03-21 10:30:00-04:00,41.560001373291016,41.560001373291016,41.560001373291016,41.560001373291016,531,0.0,0.0
2024-03-21 12:30:00-04:00,41.56999969482422,41.56999969482422,41.56999969482422,41.56999969482422,504,0.0,0.0
2024-03-21 13:30:00-04:00,42.09000015258789,42.09000015258789,41.65999984741211,41.849998474121094,1739,0.0,0.0
2024-03-21 14:30:00-04:00,42.0,42.2599983215332,42.0,42.2599983215332,1118,0.0,0.0
2024-03-21 15:30:00-04:00,42.57500076293945,42.790000915527344,41.685001373291016,41.685001373291016,2413,0.0,0.0
2024-03-22 10:30:00-04:00,41.56999969482422,41.56999969482422,41.56999969482422,41.56999969482422,522,0.0,0.0
2024-03-22 11:30:00-04:00,41.400001525878906,41.400001525878906,40.959999084472656,41.16999816894531,1508,0.0,0.0
2024-03-22 12:30:00-04:00,41.16999816894531,41.19940185546875,40.939998626708984,40.94060134887695,2998,0.0,0.0
2024-03-22 14:30:00-04:00,40.79999923706055,40.79999923706055,40.51499938964844,40.619998931884766,3162,0.0,0.0
2024-03-22 15:30:00-04:00,40.54999923706055,40.54999923706055,40.150001525878906,40.189998626708984,1785,0.0,0.0
2024-03-25 09:30:00-04:00,40.68000030517578,40.68000030517578,40.65060043334961,40.65060043334961,2246,0.0,0.0
2024-03-25 12:30:00-04:00,40.70500183105469,40.70500183105469,40.40999984741211,40.619998931884766,2037,0.0,0.0
2024-03-25 13:30:00-04:00,40.4900016784668,40.90999984741211,40.369998931884766,40.90999984741211,2318,0.0,0.0
2024-03-25 14:30:00-04:00,40.40060043334961,40.779998779296875,40.40060043334961,40.40060043334961,2838,0.0,0.0
2024-03-25 15:30:00-04:00,40.650001525878906,40.68000030517578,40.650001525878906,40.68000030517578,1084,0.0,0.0
2024-03-26 15:30:00-04:00,40.619998931884766,40.619998931884766,40.619998931884766,40.619998931884766,3129,0.0,0.0
2024-03-27 09:30:00-04:00,40.599998474121094,40.599998474121094,40.599998474121094,40.599998474121094,3424,0.0,0.0
2024-03-27 13:30:00-04:00,41.0005989074707,41.067501068115234,40.970001220703125,40.970001220703125,659,0.0,0.0
2024-03-27 14:30:00-04:00,41.11000061035156,41.11000061035156,41.11000061035156,41.11000061035156,1186,0.0,0.0
2024-03-27 15:30:00-04:00,41.099998474121094,41.099998474121094,41.099998474121094,41.099998474121094,1764,0.0,0.0
2024-03-28 09:30:00-04:00,40.810001373291016,40.810001373291016,40.810001373291016,40.810001373291016,2397,0.0,0.0
2024-03-28 11:30:00-04:00,42.75,42.75,42.7400016784668,42.75,1406,0.0,0.0
2024-03-28 13:30:00-04:00,43.06999969482422,43.06999969482422,42.689998626708984,42.689998626708984,1180,0.0,0.0
2024-03-28 15:30:00-04:00,42.689998626708984,43.63999938964844,42.689998626708984,43.0,3501,0.0,0.0
2024-04-01 09:30:00-04:00,43.279998779296875,43.279998779296875,43.06999969482422,43.06999969482422,1743,0.0,0.0
2024-04-01 12:30:00-04:00,41.869998931884766,41.869998931884766,41.79199981689453,41.79199981689453,1084,0.0,0.0
2024-04-01 13:30:00-04:00,41.42499923706055,41.42499923706055,41.42499923706055,41.42499923706055,519,0.0,0.0
2024-04-01 14:30:00-04:00,41.5,41.5,41.5,41.5,615,0.0,0.0
2024-04-01 15:30:00-04:00,41.72999954223633,41.72999954223633,41.72999954223633,41.72999954223633,1395,0.0,0.0
2024-04-02 12:30:00-04:00,39.22999954223633,39.22999954223633,39.22999954223633,39.22999954223633,790,0.0,0.0
2024-04-02 14:30:00-04:00,38.709999084472656,38.709999084472656,38.709999084472656,38.709999084472656,839,0.0,0.0
2024-04-02 15:30:00-04:00,38.915000915527344,38.96500015258789,38.915000915527344,38.93000030517578,2954,0.0,0.0
2024-04-03 09:30:00-04:00,39.06999969482422,39.06999969482422,39.060001373291016,39.060001373291016,831,0.0,0.0
2024-04-03 10:30:00-04:00,39.178001403808594,39.178001403808594,39.178001403808594,39.178001403808594,2383,0.0,0.0
2024-04-03 11:30:00-04:00,39.349998474121094,39.349998474121094,39.349998474121094,39.349998474121094,856,0.0,0.0
2024-04-03 12:30:00-04:00,39.223201751708984,39.223201751708984,39.223201751708984,39.223201751708984,470,0.0,0.0
2024-04-03 13:30:00-04:00,39.224998474121094,39.224998474121094,39.224998474121094,39.224998474121094,231,0.0,0.0
2024-04-03 14:30:00-04:00,39.25,39.25,39.25,39.25,661,0.0,0.0
2024-04-03 15:30:00-04:00,39.20000076293945,39.2599983215332,39.095001220703125,39.099998474121094,3029,0.0,0.0
2024-04-04 09:30:00-04:00,39.595001220703125,39.595001220703125,39.595001220703125,39.595001220703125,979,0.0,0.0
2024-04-04 10:30:00-04:00,39.119998931884766,39.845001220703125,39.119998931884766,39.76499938964844,4794,0.0,0.0
2024-04-04 11:30:00-04:00,39.650001525878906,39.650001525878906,39.650001525878906,39.650001525878906,2219,0.0,0.0
2024-04-05 14:30:00-04:00,39.07500076293945,39.07500076293945,39.07500076293945,39.07500076293945,1629,0.0,0.0
2024-04-05 15:30:00-04:00,39.5099983215332,39.5099983215332,38.810001373291016,38.810001373291016,3710,0.0,0.0
2024-04-08 12:30:00-04:00,38.5,38.5,38.5,38.5,1090,0.0,0.0
2024-04-08 13:30:00-04:00,39.709999084472656,39.709999084472656,39.709999084472656,39.709999084472656,388,0.0,0.0
2024-04-08 14:30:00-04:00,39.064998626708984,39.064998626708984,39.064998626708984,39.064998626708984,187,0.0,0.0
2024-04-08 15:30:00-04:00,39.084999084472656,39.084999084472656,38.59000015258789,38.79999923706055,2949,0.0,0.0
2024-04-09 10:30:00-04:00,39.34000015258789,39.34000015258789,39.30059814453125,39.30059814453125,2630,0.0,0.0
2024-04-09 12:30:00-04:00,38.70000076293945,39.29499816894531,38.5099983215332,39.29499816894531,4315,0.0,0.0
2024-04-09 14:30:00-04:00,38.75,38.75,38.75,38.75,2556,0.0,0.0
2024-04-09 15:30:00-04:00,39.084999084472656,39.084999084472656,39.084999084472656,39.084999084472656,1081,0.0,0.0
2024-04-10 10:30:00-04:00,38.42499923706055,38.42499923706055,38.42499923706055,38.42499923706055,3446,0.0,0.0
2024-04-10 11:30:00-04:00,37.90729904174805,37.90729904174805,37.2400016784668,37.5,2317,0.0,0.0
2024-04-10 12:30:00-04:00,37.40999984741211,37.40999984741211,37.209999084472656,37.209999084472656,3008,0.0,0.0
2024-04-10 14:30:00-04:00,37.18000030517578,39.099998474121094,37.18000030517578,37.6150016784668,2911,0.0,0.0
2024-04-10 15:30:00-04:00,37.689998626708984,37.709999084472656,37.689998626708984,37.709999084472656,1254,0.0,0.0
2024-04-11 09:30:00-04:00,37.869998931884766,37.869998931884766,37.869998931884766,37.869998931884766,1995,0.0,0.0
2024-04-11 13:30:00-04:00,38.1150016784668,38.1150016784668,37.95000076293945,37.95000076293945,1922,0.0,0.0
2024-04-11 15:30:00-04:00,38.04999923706055,38.04999923706055,37.5099983215332,37.5099983215332,2163,0.0,0.0
2024-04-12 09:30:00-04:00,37.380001068115234,37.540000915527344,37.29999923706055,37.540000915527344,2415,0.0,0.0
2024-04-12 10:30:00-04:00,37.0,37.0,37.0,37.0,1491,0.0,0.0
2024-04-12 11:30:00-04:00,37.749900817871094,37.749900817871094,37.749900817871094,37.749900817871094,366,0.0,0.0
2024-04-12 12:30:00-04:00,36.9900016784668,36.9900016784668,36.9900016784668,36.9900016784668,365,0.0,0.0
2024-04-12 14:30:00-04:00,36.939998626708984,36.939998626708984,36.939998626708984,36.939998626708984,776,0.0,0.0
2024-04-15 10:30:00-04:00,37.000099182128906,37.000099182128906,37.000099182128906,37.000099182128906,1816,0.0,0.0
2024-04-15 11:30:00-04:00,37.25,37.25,37.189998626708984,37.189998626708984,1585,0.0,0.0
2024-04-15 13:30:00-04:00,37.310001373291016,37.310001373291016,37.310001373291016,37.310001373291016,510,0.0,0.0
2024-04-15 14:30:00-04:00,37.310001373291016,37.310001373291016,37.310001373291016,37.310001373291016,553,0.0,0.0
2024-04-15 15:30:00-04:00,37.665000915527344,37.814998626708984,37.665000915527344,37.71500015258789,1188,0.0,0.0
2024-04-16 09:30:00-04:00,37.36000061035156,38.5,37.349998474121094,38.5,0,0.0,0.0
2024-04-16 10:30:00-04:00,37.349998474121094,37.349998474121094,37.25,37.31999969482422,1654,0.0,0.0
2024-04-16 11:30:00-04:00,37.25,37.29999923706055,37.25,37.29999923706055,1498,0.0,0.0
2024-04-16 13:30:00-04:00,37.060001373291016,37.060001373291016,37.060001373291016,37.060001373291016,912,0.0,0.0
2024-04-16 15:30:00-04:00,37.665000915527344,37.665000915527344,37.665000915527344,37.665000915527344,312,0.0,0.0
2024-04-17 09:30:00-04:00,37.59389877319336,37.59389877319336,37.59389877319336,37.59389877319336,2052,0.0,0.0
2024-04-17 10:30:00-04:00,37.05009841918945,37.05009841918945,37.05009841918945,37.05009841918945,2874,0.0,0.0
2024-04-17 12:30:00-04:00,36.880001068115234,36.880001068115234,36.880001068115234,36.880001068115234,1061,0.0,0.0
2024-04-17 13:30:00-04:00,36.88999938964844,36.88999938964844,36.88999938964844,36.88999938964844,880,0.0,0.0
2024-04-17 14:30:00-04:00,36.260101318359375,36.260101318359375,36.260101318359375,36.260101318359375,1652,0.0,0.0
2024-04-17 15:30:00-04:00,36.790000915527344,36.845001220703125,36.619998931884766,36.619998931884766,1201,0.0,0.0
2024-04-18 09:30:00-04:00,36.900001525878906,36.900001525878906,36.900001525878906,36.900001525878906,836,0.0,0.0
2024-04-18 10:30:00-04:00,37.220001220703125,37.220001220703125,37.220001220703125,37.220001220703125,2278,0.0,0.0
2024-04-18 11:30:00-04:00,37.689998626708984,37.689998626708984,37.689998626708984,37.689998626708984,897,0.0,0.0
2024-04-18 12:30:00-04:00,37.150001525878906,37.150001525878906,37.150001525878906,37.150001525878906,1385,0.0,0.0
2024-04-18 13:30:00-04:00,36.93000030517578,36.93000030517578,36.93000030517578,36.93000030517578,617,0.0,0.0
2024-04-18 14:30:00-04:00,36.86000061035156,36.86000061035156,36.40999984741211,36.75,3811,0.0,0.0
2024-04-18 15:30:00-04:00,36.54999923706055,37.099998474121094,36.54999923706055,37.099998474121094,3648,0.0,0.0
2024-04-19 09:30:00-04:00,36.59000015258789,36.59000015258789,36.59000015258789,36.59000015258789,5009,0.0,0.0
2024-04-19 12:30:00-04:00,37.5099983215332,37.5099983215332,37.47060012817383,37.47060012817383,707,0.0,0.0
2024-04-19 14:30:00-04:00,37.599998474121094,37.599998474121094,37.599998474121094,37.599998474121094,1514,0.0,0.0
2024-04-19 15:30:00-04:00,38.209999084472656,38.209999084472656,38.209999084472656,38.209999084472656,257,0.0,0.0
2024-04-22 09:30:00-04:00,37.95000076293945,38.09000015258789,37.95000076293945,37.95000076293945,3313,0.0,0.0
2024-04-22 12:30:00-04:00,38.77000045776367,38.77000045776367,38.77000045776367,38.77000045776367,2332,0.0,0.0
2024-04-22 15:30:00-04:00,38.45000076293945,38.45000076293945,38.45000076293945,38.45000076293945,319,0.0,0.0
2024-04-23 09:30:00-04:00,39.15999984741211,39.15999984741211,39.15999984741211,39.15999984741211,429,0.0,0.0
2024-04-23 10:30:00-04:00,37.970001220703125,37.970001220703125,37.970001220703125,37.970001220703125,1300,0.0,0.0
2024-04-23 11:30:00-04:00,38.79999923706055,38.79999923706055,38.79999923706055,38.79999923706055,1293,0.0,0.0
2024-04-23 15:30:00-04:00,38.79999923706055,39.04999923706055,38.79999923706055,39.04999923706055,1245,0.0,0.0
2024-04-24 09:30:00-04:00,38.900001525878906,38.900001525878906,38.900001525878906,38.900001525878906,566,0.0,0.0
2024-04-24 10:30:00-04:00,38.45000076293945,38.45000076293945,38.45000076293945,38.45000076293945,456,0.0,0.0
2024-04-24 15:30:00-04:00,38.91999816894531,38.91999816894531,38.88999938964844,38.88999938964844,2395,0.0,0.0
2024-04-25 10:30:00-04:00,38.40999984741211,38.40999984741211,38.40999984741211,38.40999984741211,535,0.0,0.0
2024-04-25 11:30:00-04:00,37.880001068115234,37.880001068115234,37.880001068115234,37.880001068115234,1225,0.0,0.0
2024-04-25 14:30:00-04:00,37.06999969482422,37.06999969482422,37.06999969482422,37.06999969482422,1372,0.0,0.0
2024-04-25 15:30:00-04:00,37.4900016784668,38.27000045776367,37.4900016784668,38.27000045776367,1064,0.0,0.0
2024-04-26 09:30:00-04:00,37.900001525878906,37.95000076293945,37.529998779296875,37.529998779296875,3270,0.0,0.0
2024-04-26 15:30:00-04:00,38.467098236083984,38.467098236083984,38.25,38.25,1110,0.0,0.0
2024-04-29 09:30:00-04:00,37.50090026855469,37.50090026855469,37.47999954223633,37.47999954223633,350,0.0,0.0
2024-04-29 10:30:00-04:00,38.58000183105469,38.65999984741211,38.58000183105469,38.58940124511719,6970,0.0,0.0
2024-05-01 14:30:00-04:00,39.130001068115234,39.349998474121094,39.130001068115234,39.349998474121094,5517,0.0,0.0
2024-05-01 15:30:00-04:00,39.29999923706055,39.29999923706055,38.97999954223633,39.279998779296875,1591,0.0,0.0
2024-05-02 13:30:00-04:00,39.36880111694336,39.44499969482422,39.36880111694336,39.44499969482422,7185,0.0,0.0
2024-05-02 14:30:00-04:00,38.779998779296875,38.79999923706055,38.70000076293945,38.70000076293945,3067,0.0,0.0
2024-05-03 09:30:00-04:00,39.5,39.5,39.5,39.5,3537,0.0,0.0
2024-05-03 15:30:00-04:00,39.560001373291016,39.619998931884766,39.560001373291016,39.619998931884766,894,0.0,0.0
2024-05-06 09:30:00-04:00,39.65999984741211,39.65999984741211,39.599998474121094,39.65999984741211,3208,0.0,0.0
2024-05-06 15:30:00-04:00,39.09000015258789,39.09000015258789,39.09000015258789,39.09000015258789,1931,0.0,0.0
2024-05-07 09:30:00-04:00,39.209999084472656,39.209999084472656,38.97200012207031,38.97200012207031,0,0.0,0.0
2024-05-08 09:30:00-04:00,38.0,38.0,38.0,38.0,724,0.0,0.0
2024-05-08 10:30:00-04:00,37.41460037231445,37.41460037231445,37.41460037231445,37.41460037231445,2803,0.0,0.0
2024-05-08 15:30:00-04:00,38.619998931884766,38.619998931884766,38.2599983215332,38.2599983215332,1856,0.0,0.0
2024-05-09 09:30:00-04:00,38.5,38.5,38.5,38.5,476,0.0,0.0
2024-05-09 10:30:00-04:00,37.470001220703125,38.47999954223633,37.470001220703125,38.47999954223633,2371,0.0,0.0
2024-05-10 10:30:00-04:00,38.709999084472656,38.709999084472656,38.709999084472656,38.709999084472656,1746,0.0,0.0
2024-05-10 14:30:00-04:00,39.17499923706055,39.17499923706055,38.54999923706055,38.54999923706055,346,0.0,0.0
2024-05-10 15:30:00-04:00,39.029998779296875,39.029998779296875,39.029998779296875,39.029998779296875,541,0.0,0.0
2024-05-13 09:30:00-04:00,37.5,37.5,37.5,37.5,0,0.0,0.0
2024-05-13 12:30:00-04:00,38.68220138549805,38.98500061035156,38.68220138549805,38.98500061035156,513,0.0,0.0
2024-05-13 13:30:00-04:00,38.095001220703125,38.095001220703125,38.095001220703125,38.095001220703125,458,0.0,0.0
2024-05-13 15:30:00-04:00,38.78499984741211,38.78499984741211,37.529998779296875,37.560001373291016,5457,0.0,0.0
2024-05-14 09:30:00-04:00,37.75,38.060001373291016,37.54999923706055,37.97999954223633,0,0.0,0.0
2024-05-14 10:30:00-04:00,38.4900016784668,38.560001373291016,38.45000076293945,38.560001373291016,2227,0.0,0.0
2024-05-14 11:30:00-04:00,38.724998474121094,38.75,38.724998474121094,38.75,922,0.0,0.0
2024-05-14 12:30:00-04:00,38.724998474121094,38.724998474121094,38.5099983215332,38.5099983215332,285,0.0,0.0
2024-05-14 13:30:00-04:00,39.0,39.150001525878906,38.849998474121094,39.150001525878906,1646,0.0,0.0
2024-05-14 14:30:00-04:00,39.14500045776367,39.32500076293945,39.07500076293945,39.07500076293945,1962,0.0,0.0
2024-05-14 15:30:00-04:00,39.345001220703125,39.375,38.88750076293945,39.099998474121094,2785,0.0,0.0
2024-05-15 09:30:00-04:00,39.400001525878906,39.79999923706055,39.400001525878906,39.79999923706055,0,0.0,0.0
2024-05-15 10:30:00-04:00,39.79999923706055,39.79999923706055,39.79999923706055,39.79999923706055,1443,0.0,0.0
2024-05-15 11:30:00-04:00,39.72999954223633,39.79999923706055,39.72999954223633,39.7599983215332,2735,0.0,0.0
2024-05-15 12:30:00-04:00,39.779998779296875,39.79999923706055,39.779998779296875,39.79999923706055,3001,0.0,0.0
2024-05-15 15:30:00-04:00,39.400001525878906,39.400001525878906,39.349998474121094,39.349998474121094,283,0.0,0.0
2024-05-16 09:30:00-04:00,40.01250076293945,40.095001220703125,39.93000030517578,40.095001220703125,1381,0.0,0.0
2024-05-16 10:30:00-04:00,40.2400016784668,40.630001068115234,40.13999938964844,40.630001068115234,1590,0.0,0.0
2024-05-16 11:30:00-04:00,40.439998626708984,40.45000076293945,40.099998474121094,40.314998626708984,4026,0.0,0.0
2024-05-16 12:30:00-04:00,40.29999923706055,40.810001373291016,40.29999923706055,40.810001373291016,2974,0.0,0.0
2024-05-17 09:30:00-04:00,41.11000061035156,41.11000061035156,41.11000061035156,41.11000061035156,1666,0.0,0.0
2024-05-17 11:30:00-04:00,41.38999938964844,41.38999938964844,41.38999938964844,41.38999938964844,1518,0.0,0.0
2024-05-20 10:30:00-04:00,40.810001373291016,40.90999984741211,40.810001373291016,40.90999984741211,1367,0.0,0.0
2024-05-20 11:30:00-04:00,41.11000061035156,41.150001525878906,41.060001373291016,41.11000061035156,2056,0.0,0.0
2024-05-20 12:30:00-04:00,41.15999984741211,41.16999816894531,41.060001373291016,41.15999984741211,4945,0.0,0.0
2024-05-20 13:30:00-04:00,41.130001068115234,41.130001068115234,40.90999984741211,40.90999984741211,1474,0.0,0.0
2024-05-20 14:30:00-04:00,41.150001525878906,41.20000076293945,40.915000915527344,40.95000076293945,4000,0.0,0.0
2024-05-20 15:30:00-04:00,40.34000015258789,40.45000076293945,39.9900016784668,39.9900016784668,2324,0.0,0.0
2024-05-21 09:30:00-04:00,39.80929946899414,39.80929946899414,39.80929946899414,39.80929946899414,0,0.0,0.0
2024-05-21 12:30:00-04:00,39.8120002746582,39.8120002746582,39.8120002746582,39.8120002746582,3409,0.0,0.0
2024-05-21 13:30:00-04:00,40.15999984741211,40.720001220703125,40.0099983215332,40.720001220703125,4166,0.0,0.0
2024-05-21 14:30:00-04:00,40.63999938964844,41.099998474121094,40.63999938964844,41.099998474121094,3283,0.0,0.0
2024-05-21 15:30:00-04:00,41.099998474121094,41.099998474121094,41.09000015258789,41.09000015258789,527,0.0,0.0
2024-05-22 11:30:00-04:00,41.05500030517578,41.05500030517578,41.05500030517578,41.05500030517578,2301,0.0,0.0
2024-05-22 13:30:00-04:00,40.62220001220703,40.62220001220703,40.62220001220703,40.62220001220703,705,0.0,0.0
2024-05-22 14:30:00-04:00,40.86000061035156,41.2400016784668,40.86000061035156,41.2400016784668,1229,0.0,0.0
2024-05-22 15:30:00-04:00,41.18000030517578,41.18000030517578,41.18000030517578,41.18000030517578,773,0.0,0.0
2024-05-23 11:30:00-04:00,40.689998626708984,40.720001220703125,40.689998626708984,40.689998626708984,1710,0.0,0.0
2024-05-23 13:30:00-04:00,40.625,40.689998626708984,40.619998931884766,40.619998931884766,1771,0.0,0.0
2024-05-23 15:30:00-04:00,40.619998931884766,40.849998474121094,40.619998931884766,40.849998474121094,2296,0.0,0.0
2024-05-24 09:30:00-04:00,40.790000915527344,41.08000183105469,40.599998474121094,40.974998474121094,1288,0.0,0.0
2024-05-24 11:30:00-04:00,40.869998931884766,40.869998931884766,40.84410095214844,40.869998931884766,1729,0.0,0.0
2024-05-24 14:30:00-04:00,41.02000045776367,41.06999969482422,41.02000045776367,41.02000045776367,1635,0.0,0.0
2024-05-24 15:30:00-04:00,41.02000045776367,41.040000915527344,41.02000045776367,41.02000045776367,2718,0.0,0.0
2024-05-28 12:30:00-04:00,40.10499954223633,40.10499954223633,40.10499954223633,40.10499954223633,800,0.0,0.0
2024-05-28 13:30:00-04:00,40.2400016784668,40.2400016784668,39.540000915527344,39.540000915527344,1803,0.0,0.0
2024-05-28 14:30:00-04:00,39.660099029541016,39.660099029541016,39.660099029541016,39.660099029541016,1499,0.0,0.0
2024-05-28 15:30:00-04:00,40.099998474121094,40.099998474121094,40.099998474121094,40.099998474121094,1108,0.0,0.0
2024-05-29 09:30:00-04:00,39.58000183105469,39.58000183105469,38.55500030517578,39.31999969482422,0,0.0,0.0
2024-05-29 11:30:00-04:00,38.95000076293945,38.95000076293945,38.95000076293945,38.95000076293945,615,0.0,0.0
2024-05-29 12:30:00-04:00,39.09199905395508,39.09199905395508,39.09199905395508,39.09199905395508,2188,0.0,0.0
2024-05-29 15:30:00-04:00,38.189998626708984,38.189998626708984,38.150001525878906,38.150001525878906,1108,0.0,0.0
2024-05-30 09:30:00-04:00,38.439998626708984,38.790000915527344,38.439998626708984,38.790000915527344,2210,0.0,0.0
2024-05-30 10:30:00-04:00,38.689998626708984,38.689998626708984,38.63999938964844,38.63999938964844,707,0.0,0.0
2024-05-30 11:30:00-04:00,38.959598541259766,39.14400100708008,38.959598541259766,39.14400100708008,432,0.0,0.0
2024-05-30 12:30:00-04:00,39.70500183105469,39.70500183105469,39.27000045776367,39.27000045776367,963,0.0,0.0
2024-05-30 13:30:00-04:00,38.79570007324219,38.79570007324219,38.79570007324219,38.79570007324219,589,0.0,0.0
2024-05-30 14:30:00-04:00,39.459999084472656,39.459999084472656,39.459999084472656,39.459999084472656,1043,0.0,0.0
2024-05-31 09:30:00-04:00,39.15999984741211,39.15999984741211,39.15999984741211,39.15999984741211,392,0.0,0.0
2024-05-31 11:30:00-04:00,39.77000045776367,39.77000045776367,39.77000045776367,39.77000045776367,1400,0.0,0.0
2024-05-31 13:30:00-04:00,39.249900817871094,40.04249954223633,39.060001373291016,39.88999938964844,13254,0.0,0.0
2024-05-31 15:30:00-04:00,39.77000045776367,39.86000061035156,39.08000183105469,39.08000183105469,2370,0.0,0.0
2024-06-03 10:30:00-04:00,39.029998779296875,39.930198669433594,38.75,38.79059982299805,17790,0.0,0.0
2024-06-03 13:30:00-04:00,38.400001525878906,38.400001525878906,37.91999816894531,37.91999816894531,1043,0.0,0.0
2024-06-03 15:30:00-04:00,38.20000076293945,38.790000915527344,38.0099983215332,38.0099983215332,2347,0.0,0.0
2024-06-04 09:30:00-04:00,38.000099182128906,38.86759948730469,37.619998931884766,38.86759948730469,2721,0.0,0.0
2024-06-04 11:30:00-04:00,38.13999938964844,38.25,38.13999938964844,38.25,1232,0.0,0.0
2024-06-04 14:30:00-04:00,38.21730041503906,38.21730041503906,38.21730041503906,38.21730041503906,1623,0.0,0.0
2024-06-05 13:30:00-04:00,38.45000076293945,38.869998931884766,37.99300003051758,38.69990158081055,14774,0.0,0.0
2024-06-05 15:30:00-04:00,38.709999084472656,38.709999084472656,38.40999984741211,38.40999984741211,1550,0.0,0.0
2024-06-06 13:30:00-04:00,38.04130172729492,38.970001220703125,38.04130172729492,38.91999816894531,2135,0.0,0.0
2024-06-06 15:30:00-04:00,38.38999938964844,38.38999938964844,38.38999938964844,38.38999938964844,167,0.0,0.0
2024-06-07 09:30:00-04:00,37.7057991027832,37.7057991027832,37.7057991027832,37.7057991027832,1472,0.0,0.0
2024-06-07 12:30:00-04:00,38.704498291015625,38.75,38.5,38.75,1401,0.0,0.0
2024-06-07 14:30:00-04:00,39.02000045776367,39.02000045776367,38.81999969482422,38.81999969482422,642,0.0,0.0
2024-06-07 15:30:00-04:00,38.6150016784668,38.6150016784668,38.6150016784668,38.6150016784668,708,0.0,0.0
2024-06-10 09:30:00-04:00,39.439998626708984,39.439998626708984,39.439998626708984,39.439998626708984,1471,0.0,0.0
2024-06-10 10:30:00-04:00,38.900001525878906,38.900001525878906,38.900001525878906,38.900001525878906,574,0.0,0.0
2024-06-10 12:30:00-04:00,38.20000076293945,38.20000076293945,38.20000076293945,38.20000076293945,848,0.0,0.0
2024-06-10 15:30:00-04:00,37.91619873046875,37.91619873046875,37.91619873046875,37.91619873046875,709,0.0,0.0
2024-06-12 09:30:00-04:00,39.10100173950195,39.900001525878906,39.099998474121094,39.650001525878906,3798,0.0,0.0
2024-06-12 14:30:00-04:00,38.957401275634766,38.957401275634766,38.957401275634766,38.957401275634766,2545,0.0,0.0
2024-06-12 15:30:00-04:00,38.099998474121094,38.099998474121094,38.04100036621094,38.04100036621094,373,0.0,0.0
2024-06-13 11:30:00-04:00,37.935001373291016,37.935001373291016,37.935001373291016,37.935001373291016,1087,0.0,0.0
2024-06-13 12:30:00-04:00,37.93000030517578,37.93000030517578,37.93000030517578,37.93000030517578,562,0.0,0.0
2024-06-13 14:30:00-04:00,37.68000030517578,37.7400016784668,37.68000030517578,37.7400016784668,518,0.0,0.0
2024-06-13 15:30:00-04:00,37.91999816894531,38.18000030517578,37.810001373291016,38.18000030517578,1396,0.0,0.0
2024-06-14 09:30:00-04:00,38.29999923706055,38.5,38.14500045776367,38.14500045776367,4038,0.0,0.0
2024-06-14 11:30:00-04:00,38.040000915527344,38.040000915527344,38.040000915527344,38.040000915527344,130,0.0,0.0
2024-06-14 12:30:00-04:00,38.0,38.86000061035156,38.0,38.86000061035156,3416,0.0,0.0
2024-06-14 13:30:00-04:00,38.88999938964844,39.52000045776367,38.880001068115234,39.5,4632,0.0,0.0
2024-06-14 14:30:00-04:00,40.0,40.0,39.369998931884766,39.643001556396484,13859,0.0,0.0
2024-06-14 15:30:00-04:00,39.68000030517578,39.75,39.529998779296875,39.529998779296875,3444,0.0,0.0
2024-06-17 13:30:00-04:00,39.63999938964844,39.849998474121094,39.63999938964844,39.849998474121094,6531,0.0,0.0
2024-06-17 14:30:00-04:00,40.22999954223633,40.36000061035156,40.04999923706055,40.04999923706055,2098,0.0,0.0
2024-06-17 15:30:00-04:00,40.060001373291016,41.2599983215332,40.060001373291016,41.2599983215332,7012,0.0,0.0
2024-06-18 09:30:00-04:00,40.70000076293945,40.70000076293945,40.70000076293945,40.70000076293945,2346,0.0,0.0
2024-06-18 13:30:00-04:00,40.560001373291016,40.68000030517578,40.560001373291016,40.650001525878906,1877,0.0,0.0
2024-06-18 14:30:00-04:00,40.57500076293945,41.61000061035156,40.56010055541992,41.61000061035156,3777,0.0,0.0
2024-06-18 15:30:00-04:00,41.36759948730469,41.970001220703125,41.25,41.25,5250,0.0,0.0
2024-06-20 09:30:00-04:00,40.709999084472656,41.189998626708984,40.709999084472656,41.150001525878906,1246,0.0,0.0
2024-06-20 10:30:00-04:00,40.472900390625,40.472900390625,40.472900390625,40.472900390625,800,0.0,0.0
2024-06-20 11:30:00-04:00,40.349998474121094,41.5,40.22249984741211,41.20000076293945,12000,0.0,0.0
2024-06-20 12:30:00-04:00,41.07500076293945,41.07500076293945,40.845001220703125,40.845001220703125,3169,0.0,0.0
2024-06-20 13:30:00-04:00,40.65999984741211,40.88370132446289,40.459999084472656,40.459999084472656,1829,0.0,0.0
2024-06-20 14:30:00-04:00,40.21500015258789,40.33000183105469,39.779998779296875,39.779998779296875,2662,0.0,0.0
2024-06-20 15:30:00-04:00,39.959999084472656,40.0,39.935001373291016,40.0,4975,0.0,0.0
2024-06-21 09:30:00-04:00,40.09000015258789,40.09000015258789,40.09000015258789,40.09000015258789,0,0.0,0.0
2024-06-21 10:30:00-04:00,40.060001373291016,40.060001373291016,40.060001373291016,40.060001373291016,1929,0.0,0.0
2024-06-21 13:30:00-04:00,39.689998626708984,39.709999084472656,39.61669921875,39.61669921875,863,0.0,0.0
2024-06-21 14:30:00-04:00,39.720001220703125,39.720001220703125,39.720001220703125,39.720001220703125,1190,0.0,0.0
2024-06-21 15:30:00-04:00,39.83000183105469,39.83000183105469,39.61000061035156,39.650001525878906,2702,0.0,0.0
2024-06-24 09:30:00-04:00,39.95000076293945,39.95000076293945,39.80009841918945,39.850101470947266,2473,0.0,0.0
2024-06-24 10:30:00-04:00,39.810001373291016,39.810001373291016,39.70000076293945,39.70000076293945,1282,0.0,0.0
2024-06-24 11:30:00-04:00,39.760101318359375,39.79999923706055,39.760101318359375,39.79499816894531,737,0.0,0.0
2024-06-24 12:30:00-04:00,39.81370162963867,39.87770080566406,39.75,39.87770080566406,2461,0.0,0.0
2024-06-24 15:30:00-04:00,39.52000045776367,39.52000045776367,39.52000045776367,39.52000045776367,1250,0.0,0.0
2024-06-25 10:30:00-04:00,39.970001220703125,39.970001220703125,39.7400016784668,39.7400016784668,1534,0.0,0.0
2024-06-25 11:30:00-04:00,39.514400482177734,39.94499969482422,39.514400482177734,39.94499969482422,1736,0.0,0.0
2024-06-25 14:30:00-04:00,40.0099983215332,40.58000183105469,39.9900016784668,40.58000183105469,7278,0.0,0.0
2024-06-25 15:30:00-04:00,40.5,40.59000015258789,40.5,40.59000015258789,2479,0.0,0.0
2024-06-26 09:30:00-04:00,39.810001373291016,39.810001373291016,39.810001373291016,39.810001373291016,0,0.0,0.0
2024-06-26 10:30:00-04:00,40.060001373291016,40.060001373291016,40.005001068115234,40.005001068115234,484,0.0,0.0
2024-06-26 11:30:00-04:00,39.9900016784668,40.29999923706055,39.9900016784668,40.29999923706055,2416,0.0,0.0
2024-06-26 12:30:00-04:00,41.02000045776367,41.02000045776367,40.83250045776367,40.959999084472656,3340,0.0,0.0
2024-06-26 13:30:00-04:00,41.11000061035156,41.400001525878906,41.11000061035156,41.400001525878906,3767,0.0,0.0
2024-06-26 14:30:00-04:00,41.650001525878906,42.5,41.650001525878906,42.5,10563,0.0,0.0
2024-06-26 15:30:00-04:00,42.36000061035156,42.720001220703125,42.20000076293945,42.20000076293945,13530,0.0,0.0
2024-06-27 09:30:00-04:00,42.560001373291016,43.0,42.29499816894531,42.91999816894531,11149,0.0,0.0
2024-06-27 11:30:00-04:00,42.560001373291016,43.029998779296875,42.560001373291016,42.900001525878906,7053,0.0,0.0
2024-06-27 12:30:00-04:00,42.9463996887207,43.040000915527344,42.900001525878906,43.040000915527344,5771,0.0,0.0
2024-06-27 13:30:00-04:00,43.4900016784668,43.52000045776367,43.3650016784668,43.3650016784668,2818,0.0,0.0
2024-06-27 14:30:00-04:00,43.41999816894531,44.220001220703125,43.41999816894531,43.619998931884766,10268,0.0,0.0
2024-06-27 15:30:00-04:00,44.34000015258789,44.34000015258789,43.540000915527344,43.599998474121094,15440,0.0,0.0
2024-06-28 09:30:00-04:00,44.0,44.720001220703125,44.0,44.720001220703125,3335,0.0,0.0
2024-06-28 10:30:00-04:00,45.0,45.0,44.95000076293945,44.95000076293945,4390,0.0,0.0
2024-06-28 11:30:00-04:00,45.400001525878906,45.400001525878906,44.17499923706055,44.17499923706055,8209,0.0,0.0
2024-06-28 12:30:00-04:00,44.189998626708984,44.189998626708984,43.9900016784668,44.08000183105469,23638,0.0,0.0
2024-06-28 13:30:00-04:00,44.125,44.369998931884766,44.07500076293945,44.369998931884766,3623,0.0,0.0
2024-06-28 14:30:00-04:00,44.130001068115234,44.48500061035156,44.0099983215332,44.43000030517578,6651,0.0,0.0
2024-06-28 15:30:00-04:00,44.349998474121094,46.244998931884766,44.15999984741211,45.0,17701,0.0,0.0
2024-07-01 09:30:00-04:00,45.869998931884766,46.90999984741211,45.27000045776367,45.27000045776367,4140,0.0,0.0
2024-07-01 10:30:00-04:00,45.255001068115234,45.68000030517578,45.06999969482422,45.3849983215332,5011,0.0,0.0
2024-07-01 11:30:00-04:00,45.599998474121094,45.599998474121094,45.150001525878906,45.15999984741211,4676,0.0,0.0
2024-07-01 12:30:00-04:00,44.91999816894531,44.91999816894531,44.470001220703125,44.720001220703125,2601,0.0,0.0
2024-07-01 13:30:00-04:00,44.349998474121094,44.584999084472656,44.349998474121094,44.584999084472656,1603,0.0,0.0
2024-07-01 14:30:00-04:00,44.54990005493164,45.025001525878906,44.54990005493164,45.025001525878906,4647,0.0,0.0
2024-07-01 15:30:00-04:00,45.04999923706055,45.5,45.04999923706055,45.22999954223633,15687,0.0,0.0
2024-07-02 09:30:00-04:00,45.439998626708984,45.470001220703125,44.869998931884766,45.470001220703125,2731,0.0,0.0
2024-07-02 10:30:00-04:00,45.59000015258789,45.619998931884766,45.08000183105469,45.32500076293945,5016,0.0,0.0
2024-07-02 11:30:00-04:00,45.165000915527344,45.58000183105469,44.744998931884766,45.06999969482422,5274,0.0,0.0
2024-07-02 12:30:00-04:00,45.22999954223633,45.279998779296875,44.75,45.150001525878906,6725,0.0,0.0
2024-07-02 13:30:00-04:00,45.09000015258789,45.09000015258789,44.779998779296875,44.97999954223633,5361,0.0,0.0
2024-07-02 14:30:00-04:00,44.97999954223633,44.97999954223633,44.775001525878906,44.81999969482422,1565,0.0,0.0
2024-07-02 15:30:00-04:00,44.744998931884766,44.744998931884766,43.869998931884766,44.060001373291016,11475,0.0,0.0
2024-07-03 09:30:00-04:00,44.0,44.07500076293945,43.38249969482422,44.07500076293945,5507,0.0,0.0
2024-07-03 10:30:00-04:00,43.94499969482422,43.94499969482422,43.540000915527344,43.540000915527344,1613,0.0,0.0
2024-07-03 11:30:00-04:00,43.314998626708984,43.439998626708984,43.13999938964844,43.345001220703125,7007,0.0,0.0
2024-07-05 09:30:00-04:00,43.36000061035156,43.36000061035156,42.470001220703125,43.345001220703125,0,0.0,0.0
2024-07-05 10:30:00-04:00,42.904998779296875,43.20000076293945,42.900001525878906,43.20000076293945,2620,0.0,0.0
2024-07-05 11:30:00-04:00,42.79999923706055,42.9900016784668,42.02000045776367,42.25,5463,0.0,0.0
2024-07-05 12:30:00-04:00,42.19499969482422,42.25,42.04999923706055,42.130001068115234,1798,0.0,0.0
2024-07-05 13:30:00-04:00,41.810001373291016,42.130001068115234,41.599998474121094,41.810001373291016,2715,0.0,0.0
2024-07-05 14:30:00-04:00,41.65999984741211,42.130001068115234,41.65999984741211,42.06999969482422,3249,0.0,0.0
2024-07-05 15:30:00-04:00,41.5099983215332,41.95989990234375,41.220001220703125,41.54999923706055,7521,0.0,0.0
2024-07-08 09:30:00-04:00,41.439998626708984,42.33000183105469,41.439998626708984,41.880001068115234,3436,0.0,0.0
2024-07-08 10:30:00-04:00,41.93000030517578,41.994998931884766,41.71099853515625,41.71099853515625,1593,0.0,0.0
2024-07-08 11:30:00-04:00,41.59000015258789,41.904998779296875,41.470001220703125,41.88999938964844,4044,0.0,0.0
2024-07-08 12:30:00-04:00,42.11000061035156,42.11000061035156,42.11000061035156,42.11000061035156,2459,0.0,0.0
2024-07-08 13:30:00-04:00,42.2400016784668,42.689998626708984,42.209999084472656,42.689998626708984,5715,0.0,0.0
2024-07-08 14:30:00-04:00,42.689998626708984,42.689998626708984,42.40399932861328,42.630001068115234,6359,0.0,0.0
2024-07-08 15:30:00-04:00,42.560001373291016,42.63999938964844,42.23500061035156,42.33000183105469,4785,0.0,0.0
2024-07-09 09:30:00-04:00,42.279998779296875,42.279998779296875,42.02450180053711,42.27000045776367,3673,0.0,0.0
2024-07-09 10:30:00-04:00,42.099998474121094,42.099998474121094,42.099998474121094,42.099998474121094,1268,0.0,0.0
2024-07-09 12:30:00-04:00,42.29999923706055,42.29999923706055,42.040000915527344,42.040000915527344,4155,0.0,0.0
2024-07-09 13:30:00-04:00,42.119998931884766,42.119998931884766,42.0099983215332,42.0099983215332,531,0.0,0.0
2024-07-09 14:30:00-04:00,42.0,42.0,42.0,42.0,1010,0.0,0.0
2024-07-09 15:30:00-04:00,41.939998626708984,42.040000915527344,41.7400016784668,42.040000915527344,3654,0.0,0.0
2024-07-10 09:30:00-04:00,42.099998474121094,42.189998626708984,42.099998474121094,42.189998626708984,403,0.0,0.0
2024-07-10 10:30:00-04:00,41.720001220703125,41.720001220703125,41.720001220703125,41.720001220703125,641,0.0,0.0
2024-07-10 11:30:00-04:00,41.994998931884766,41.994998931884766,41.994998931884766,41.994998931884766,1098,0.0,0.0
2024-07-10 12:30:00-04:00,42.060001373291016,42.060001373291016,42.060001373291016,42.060001373291016,573,0.0,0.0
2024-07-10 13:30:00-04:00,42.0531005859375,42.72999954223633,42.0531005859375,42.72999954223633,5119,0.0,0.0
2024-07-10 14:30:00-04:00,42.65999984741211,42.68000030517578,42.6349983215332,42.68000030517578,2421,0.0,0.0
2024-07-10 15:30:00-04:00,42.494998931884766,42.75,42.43000030517578,42.75,4976,0.0,0.0
2024-07-11 09:30:00-04:00,43.36000061035156,44.0,43.2504997253418,43.2504997253418,2748,0.0,0.0
2024-07-11 11:30:00-04:00,44.68000030517578,44.97999954223633,44.68000030517578,44.7599983215332,3136,0.0,0.0
2024-07-11 12:30:00-04:00,44.75,44.76890182495117,44.75,44.76890182495117,857,0.0,0.0
2024-07-11 13:30:00-04:00,44.869998931884766,44.869998931884766,44.869998931884766,44.869998931884766,1112,0.0,0.0
2024-07-11 14:30:00-04:00,45.58000183105469,45.58000183105469,45.209999084472656,45.22999954223633,4256,0.0,0.0
2024-07-11 15:30:00-04:00,45.2599983215332,45.400001525878906,45.060001373291016,45.060001373291016,7187,0.0,0.0
2024-07-12 09:30:00-04:00,45.58000183105469,46.380001068115234,45.38999938964844,46.27320098876953,14504,0.0,0.0
2024-07-12 10:30:00-04:00,46.11000061035156,46.11000061035156,46.11000061035156,46.11000061035156,1058,0.0,0.0
2024-07-12 11:30:00-04:00,46.0,46.0,45.66999816894531,45.70000076293945,2084,0.0,0.0
2024-07-12 12:30:00-04:00,45.33000183105469,45.33000183105469,45.33000183105469,45.33000183105469,571,0.0,0.0
2024-07-12 13:30:00-04:00,44.95000076293945,44.959999084472656,44.95000076293945,44.959999084472656,1175,0.0,0.0
2024-07-12 14:30:00-04:00,44.7400016784668,44.7400016784668,44.7400016784668,44.7400016784668,1207,0.0,0.0
2024-07-12 15:30:00-04:00,44.5,44.900001525878906,44.5,44.630001068115234,4878,0.0,0.0
2024-07-15 09:30:00-04:00,44.93000030517578,44.93000030517578,44.349998474121094,44.93000030517578,3795,0.0,0.0
2024-07-15 10:30:00-04:00,45.9900016784668,45.9900016784668,45.9900016784668,45.9900016784668,6954,0.0,0.0
2024-07-15 11:30:00-04:00,46.439998626708984,46.64500045776367,46.380001068115234,46.380001068115234,2624,0.0,0.0
2024-07-15 12:30:00-04:00,46.06999969482422,46.22990036010742,45.97999954223633,45.97999954223633,1056,0.0,0.0
2024-07-15 13:30:00-04:00,45.90999984741211,45.90999984741211,45.90999984741211,45.90999984741211,802,0.0,0.0
2024-07-15 14:30:00-04:00,45.63999938964844,45.650001525878906,45.63999938964844,45.650001525878906,3269,0.0,0.0
2024-07-15 15:30:00-04:00,45.80500030517578,46.11000061035156,45.59000015258789,45.83000183105469,5794,0.0,0.0
2024-07-16 09:30:00-04:00,46.189998626708984,47.2599983215332,46.189998626708984,47.2599983215332,1713,0.0,0.0
2024-07-16 10:30:00-04:00,46.900001525878906,47.5,46.900001525878906,47.5,5430,0.0,0.0
2024-07-16 11:30:00-04:00,47.68989944458008,47.68989944458008,47.5,47.599998474121094,2659,0.0,0.0
2024-07-16 12:30:00-04:00,47.400001525878906,47.95000076293945,47.400001525878906,47.790000915527344,866,0.0,0.0
2024-07-16 13:30:00-04:00,47.86759948730469,48.34000015258789,47.630001068115234,48.18000030517578,3577,0.0,0.0
2024-07-16 14:30:00-04:00,48.08000183105469,48.540000915527344,48.08000183105469,48.5099983215332,1592,0.0,0.0
2024-07-16 15:30:00-04:00,48.5,49.0,48.45000076293945,48.959999084472656,7991,0.0,0.0
2024-07-17 09:30:00-04:00,48.5099983215332,50.409698486328125,48.5099983215332,50.0,5627,0.0,0.0
2024-07-17 10:30:00-04:00,49.25,49.25,48.90999984741211,48.994998931884766,5369,0.0,0.0
2024-07-17 12:30:00-04:00,49.16999816894531,49.16999816894531,49.16999816894531,49.16999816894531,1382,0.0,0.0
2024-07-17 13:30:00-04:00,48.959999084472656,49.2599983215332,48.56999969482422,49.2599983215332,2460,0.0,0.0
2024-07-17 14:30:00-04:00,49.20000076293945,49.400001525878906,48.849998474121094,49.25,5355,0.0,0.0
2024-07-17 15:30:00-04:00,49.220001220703125,49.42499923706055,49.220001220703125,49.290000915527344,4816,0.0,0.0
2024-07-18 09:30:00-04:00,49.93000030517578,49.93000030517578,49.93000030517578,49.93000030517578,3467,0.0,0.0
2024-07-18 10:30:00-04:00,49.86000061035156,49.86000061035156,49.73500061035156,49.73500061035156,1037,0.0,0.0
2024-07-18 11:30:00-04:00,49.38999938964844,49.38999938964844,49.09000015258789,49.125,1564,0.0,0.0
2024-07-18 12:30:00-04:00,48.79499816894531,48.79499816894531,48.79499816894531,48.79499816894531,509,0.0,0.0
2024-07-18 13:30:00-04:00,48.62009811401367,48.62009811401367,47.869998931884766,47.869998931884766,1153,0.0,0.0
2024-07-18 14:30:00-04:00,47.619998931884766,47.619998931884766,47.02000045776367,47.560001373291016,4462,0.0,0.0
2024-07-18 15:30:00-04:00,47.56999969482422,47.56999969482422,47.560001373291016,47.560001373291016,2801,0.0,0.0
2024-07-19 09:30:00-04:00,47.790000915527344,48.42060089111328,47.790000915527344,48.42060089111328,2989,0.0,0.0
2024-07-19 10:30:00-04:00,47.79999923706055,47.79999923706055,47.79999923706055,47.79999923706055,1967,0.0,0.0
2024-07-19 11:30:00-04:00,47.779998779296875,47.779998779296875,47.65999984741211,47.65999984741211,1034,0.0,0.0
2024-07-19 12:30:00-04:00,47.56010055541992,47.599998474121094,47.380001068115234,47.380001068115234,1452,0.0,0.0
2024-07-19 14:30:00-04:00,47.65999984741211,47.65999984741211,47.54999923706055,47.54999923706055,1852,0.0,0.0
2024-07-19 15:30:00-04:00,47.66999816894531,47.82500076293945,47.63999938964844,47.689998626708984,2185,0.0,0.0
2024-07-22 10:30:00-04:00,47.47999954223633,47.47999954223633,47.47999954223633,47.47999954223633,1462,0.0,0.0
2024-07-22 11:30:00-04:00,47.529998779296875,47.53499984741211,47.369998931884766,47.369998931884766,450,0.0,0.0
2024-07-22 12:30:00-04:00,47.380001068115234,47.380001068115234,47.380001068115234,47.380001068115234,303,0.0,0.0
2024-07-22 13:30:00-04:00,47.70000076293945,47.779998779296875,47.55500030517578,47.779998779296875,1322,0.0,0.0
2024-07-22 14:30:00-04:00,47.93000030517578,48.290000915527344,47.869998931884766,48.290000915527344,1452,0.0,0.0
2024-07-22 15:30:00-04:00,48.599998474121094,48.88999938964844,48.20000076293945,48.20000076293945,5184,0.0,0.0
2024-07-23 11:30:00-04:00,49.439998626708984,49.62200164794922,49.439998626708984,49.62200164794922,3797,0.0,0.0
2024-07-23 13:30:00-04:00,49.150001525878906,49.5,49.150001525878906,49.45000076293945,3151,0.0,0.0
2024-07-23 14:30:00-04:00,49.630001068115234,49.650001525878906,49.630001068115234,49.650001525878906,1862,0.0,0.0
2024-07-23 15:30:00-04:00,49.38999938964844,49.38999938964844,49.150001525878906,49.20000076293945,2646,0.0,0.0
2024-07-24 09:30:00-04:00,48.580101013183594,49.040000915527344,48.58000183105469,48.58000183105469,6776,0.0,0.0
2024-07-24 11:30:00-04:00,50.02000045776367,50.165000915527344,50.02000045776367,50.11000061035156,1289,0.0,0.0
2024-07-24 12:30:00-04:00,49.77470016479492,49.90999984741211,49.310001373291016,49.435001373291016,3012,0.0,0.0
2024-07-24 13:30:00-04:00,49.43000030517578,49.52000045776367,48.685001373291016,49.060001373291016,3131,0.0,0.0
2024-07-24 14:30:00-04:00,49.040000915527344,49.040000915527344,48.81999969482422,48.81999969482422,4153,0.0,0.0
2024-07-24 15:30:00-04:00,48.709999084472656,48.709999084472656,48.709999084472656,48.709999084472656,1826,0.0,0.0
2024-07-25 09:30:00-04:00,49.15999984741211,49.15999984741211,49.15999984741211,49.15999984741211,1484,0.0,0.0
2024-07-25 10:30:00-04:00,50.08000183105469,50.29999923706055,50.08000183105469,50.29999923706055,1869,0.0,0.0
2024-07-25 11:30:00-04:00,50.689998626708984,50.689998626708984,50.6349983215332,50.6349983215332,1226,0.0,0.0
2024-07-25 12:30:00-04:00,50.619998931884766,51.0,50.61000061035156,51.0,3118,0.0,0.0
2024-07-25 13:30:00-04:00,50.30500030517578,50.59000015258789,50.30500030517578,50.4900016784668,1640,0.0,0.0
2024-07-25 14:30:00-04:00,50.47999954223633,50.47999954223633,50.0,50.0,2157,0.0,0.0
2024-07-25 15:30:00-04:00,50.47999954223633,50.5,49.90999984741211,49.90999984741211,2581,0.0,0.0
2024-07-26 09:30:00-04:00,50.29999923706055,50.369998931884766,50.29999923706055,50.36000061035156,4161,0.0,0.0
2024-07-26 13:30:00-04:00,49.189998626708984,49.189998626708984,49.119998931884766,49.119998931884766,1703,0.0,0.0
2024-07-26 14:30:00-04:00,49.54999923706055,49.54999923706055,49.54999923706055,49.54999923706055,688,0.0,0.0
2024-07-26 15:30:00-04:00,49.79499816894531,50.494998931884766,49.75,50.470001220703125,3768,0.0,0.0
2024-07-29 09:30:00-04:00,50.7599983215332,50.7599983215332,50.220001220703125,50.220001220703125,1247,0.0,0.0
2024-07-29 10:30:00-04:00,49.38999938964844,49.4093017578125,49.38999938964844,49.4093017578125,1269,0.0,0.0
2024-07-29 11:30:00-04:00,48.380001068115234,48.380001068115234,48.349998474121094,48.349998474121094,1596,0.0,0.0
2024-07-29 12:30:00-04:00,48.7400016784668,49.08000183105469,48.619998931884766,48.619998931884766,1522,0.0,0.0
2024-07-29 13:30:00-04:00,48.599998474121094,48.599998474121094,48.599998474121094,48.599998474121094,1756,0.0,0.0
2024-07-29 15:30:00-04:00,48.7400016784668,48.86000061035156,48.31999969482422,48.31999969482422,1821,0.0,0.0
2024-07-30 09:30:00-04:00,49.375,49.375,49.375,49.375,1485,0.0,0.0
2024-07-30 10:30:00-04:00,48.78200149536133,48.8849983215332,48.5,48.75,4817,0.0,0.0
2024-07-30 13:30:00-04:00,48.810001373291016,48.810001373291016,48.810001373291016,48.810001373291016,1432,0.0,0.0
2024-07-30 14:30:00-04:00,49.09000015258789,49.09000015258789,49.02000045776367,49.02000045776367,1750,0.0,0.0
2024-07-30 15:30:00-04:00,49.20000076293945,49.20000076293945,49.119998931884766,49.119998931884766,1691,0.0,0.0
2024-07-31 09:30:00-04:00,49.5099983215332,49.5099983215332,49.5099983215332,49.5099983215332,489,0.0,0.0
2024-07-31 10:30:00-04:00,49.4900016784668,49.4900016784668,49.4900016784668,49.4900016784668,334,0.0,0.0
2024-07-31 11:30:00-04:00,49.650001525878906,50.33000183105469,49.63999938964844,50.14500045776367,6737,0.0,0.0
2024-07-31 13:30:00-04:00,49.68000030517578,49.68000030517578,49.599998474121094,49.599998474121094,2379,0.0,0.0
2024-07-31 14:30:00-04:00,50.33000183105469,50.97999954223633,50.33000183105469,50.619998931884766,4810,0.0,0.0
2024-07-31 15:30:00-04:00,50.20000076293945,50.20000076293945,49.78499984741211,49.91999816894531,5228,0.0,0.0
2024-08-01 09:30:00-04:00,48.849998474121094,48.849998474121094,48.849998474121094,48.849998474121094,0,0.0,0.0
2024-08-01 10:30:00-04:00,47.2599983215332,47.2599983215332,47.2599983215332,47.2599983215332,418,0.0,0.0
2024-08-01 11:30:00-04:00,46.84049987792969,46.84049987792969,46.84049987792969,46.84049987792969,1204,0.0,0.0
2024-08-01 12:30:00-04:00,46.459999084472656,46.869998931884766,45.97999954223633,46.869998931884766,2149,0.0,0.0
2024-08-01 13:30:00-04:00,46.72999954223633,46.95000076293945,46.72999954223633,46.95000076293945,1159,0.0,0.0
2024-08-01 14:30:00-04:00,46.959999084472656,47.19499969482422,46.68000030517578,47.19499969482422,3327,0.0,0.0
2024-08-01 15:30:00-04:00,47.43000030517578,47.43000030517578,47.2400016784668,47.2400016784668,774,0.0,0.0
2024-08-02 09:30:00-04:00,45.70000076293945,45.81999969482422,45.279998779296875,45.279998779296875,3817,0.0,0.0
2024-08-02 11:30:00-04:00,45.290000915527344,45.290000915527344,45.290000915527344,45.290000915527344,1086,0.0,0.0
2024-08-02 12:30:00-04:00,46.06999969482422,46.06999969482422,45.564998626708984,45.564998626708984,686,0.0,0.0
2024-08-02 13:30:00-04:00,45.935001373291016,45.935001373291016,45.68000030517578,45.68000030517578,1399,0.0,0.0
2024-08-02 14:30:00-04:00,46.09989929199219,46.09989929199219,45.75,45.76499938964844,2217,0.0,0.0
2024-08-02 15:30:00-04:00,45.7599983215332,45.81999969482422,45.5099983215332,45.57500076293945,3594,0.0,0.0
2024-08-05 09:30:00-04:00,42.5099983215332,44.369998931884766,42.5099983215332,44.369998931884766,4192,0.0,0.0
2024-08-05 10:30:00-04:00,43.04999923706055,44.47999954223633,43.04999923706055,44.47999954223633,2068,0.0,0.0
2024-08-05 11:30:00-04:00,44.52000045776367,44.88999938964844,44.43000030517578,44.88999938964844,3127,0.0,0.0
2024-08-05 12:30:00-04:00,44.21179962158203,44.52000045776367,44.03499984741211,44.04499816894531,1518,0.0,0.0
2024-08-05 13:30:00-04:00,44.279998779296875,44.279998779296875,44.150001525878906,44.150001525878906,594,0.0,0.0
2024-08-05 14:30:00-04:00,43.810001373291016,43.810001373291016,43.810001373291016,43.810001373291016,733,0.0,0.0
2024-08-05 15:30:00-04:00,43.77000045776367,44.1150016784668,43.345001220703125,43.86000061035156,4148,0.0,0.0
2024-08-06 09:30:00-04:00,43.5,43.959999084472656,43.34000015258789,43.959999084472656,7949,0.0,0.0
2024-08-06 10:30:00-04:00,44.029998779296875,44.029998779296875,43.849998474121094,43.849998474121094,1516,0.0,0.0
2024-08-06 11:30:00-04:00,44.076698303222656,44.2400016784668,44.076698303222656,44.2400016784668,2369,0.0,0.0
2024-08-06 12:30:00-04:00,44.029998779296875,44.029998779296875,44.029998779296875,44.029998779296875,280,0.0,0.0
2024-08-06 13:30:00-04:00,44.220001220703125,44.220001220703125,44.11000061035156,44.11000061035156,2670,0.0,0.0
2024-08-06 15:30:00-04:00,43.97999954223633,44.40999984741211,43.790000915527344,43.849998474121094,3824,0.0,0.0
2024-08-07 09:30:00-04:00,44.279998779296875,44.36000061035156,44.279998779296875,44.36000061035156,0,0.0,0.0
2024-08-07 12:30:00-04:00,43.54999923706055,43.54999923706055,43.54999923706055,43.54999923706055,964,0.0,0.0
2024-08-07 13:30:00-04:00,43.22999954223633,43.542198181152344,43.22999954223633,43.542198181152344,1648,0.0,0.0
2024-08-07 14:30:00-04:00,43.72999954223633,43.72999954223633,43.72999954223633,43.72999954223633,133,0.0,0.0
2024-08-07 15:30:00-04:00,43.891998291015625,43.9900016784668,43.891998291015625,43.97999954223633,2894,0.0,0.0
2024-08-08 09:30:00-04:00,45.255001068115234,45.255001068115234,44.45000076293945,44.45000076293945,2352,0.0,0.0
2024-08-08 10:30:00-04:00,44.54999923706055,44.54999923706055,44.40999984741211,44.40999984741211,662,0.0,0.0
2024-08-08 11:30:00-04:00,44.40999984741211,44.40999984741211,44.400001525878906,44.400001525878906,925,0.0,0.0
2024-08-08 12:30:00-04:00,44.845001220703125,44.845001220703125,44.845001220703125,44.845001220703125,663,0.0,0.0
2024-08-08 13:30:00-04:00,44.90999984741211,44.90999984741211,44.619998931884766,44.619998931884766,2243,0.0,0.0
2024-08-08 15:30:00-04:00,45.15999984741211,45.15999984741211,44.560001373291016,44.9900016784668,3643,0.0,0.0
2024-08-09 10:30:00-04:00,44.66080093383789,44.66080093383789,44.599998474121094,44.599998474121094,1257,0.0,0.0
2024-08-09 11:30:00-04:00,44.52000045776367,44.632999420166016,44.52000045776367,44.632999420166016,1241,0.0,0.0
2024-08-09 12:30:00-04:00,44.595001220703125,44.65999984741211,44.5,44.5,2045,0.0,0.0
2024-08-09 13:30:00-04:00,44.43000030517578,44.43000030517578,43.380001068115234,43.51499938964844,39780,0.0,0.0
2024-08-09 14:30:00-04:00,43.59000015258789,43.89500045776367,43.32500076293945,43.470001220703125,9009,0.0,0.0
2024-08-09 15:30:00-04:00,43.5099983215332,43.58000183105469,42.90999984741211,42.90999984741211,8465,0.0,0.0
2024-08-12 09:30:00-04:00,43.09000015258789,43.89500045776367,42.959999084472656,42.959999084472656,5447,0.0,0.0
2024-08-12 10:30:00-04:00,43.22159957885742,43.22159957885742,43.22159957885742,43.22159957885742,1571,0.0,0.0
2024-08-12 12:30:00-04:00,43.16999816894531,43.16999816894531,43.16999816894531,43.16999816894531,1077,0.0,0.0
2024-08-12 13:30:00-04:00,42.93000030517578,42.93000030517578,42.689998626708984,42.689998626708984,1527,0.0,0.0
2024-08-12 14:30:00-04:00,42.4900016784668,42.70000076293945,42.4900016784668,42.70000076293945,1139,0.0,0.0
2024-08-12 15:30:00-04:00,42.939998626708984,42.939998626708984,42.5099983215332,42.709999084472656,2712,0.0,0.0
2024-08-13 10:30:00-04:00,43.304901123046875,43.304901123046875,43.304901123046875,43.304901123046875,7471,0.0,0.0
2024-08-13 12:30:00-04:00,43.08000183105469,43.14500045776367,42.9900016784668,43.0,2665,0.0,0.0
2024-08-13 13:30:00-04:00,42.86000061035156,43.040000915527344,42.75,42.7599983215332,3498,0.0,0.0
2024-08-13 14:30:00-04:00,43.06999969482422,43.06999969482422,42.45000076293945,42.7599983215332,3605,0.0,0.0
2024-08-13 15:30:00-04:00,42.849998474121094,43.029998779296875,42.584999084472656,42.900001525878906,5236,0.0,0.0
2024-08-14 09:30:00-04:00,42.720001220703125,42.720001220703125,42.349998474121094,42.349998474121094,6020,0.0,0.0
2024-08-14 11:30:00-04:00,42.72999954223633,42.72999954223633,42.65999984741211,42.65999984741211,2007,0.0,0.0
2024-08-14 13:30:00-04:00,42.68000030517578,42.70000076293945,42.53799819946289,42.63999938964844,2854,0.0,0.0
2024-08-14 14:30:00-04:00,42.70000076293945,42.70000076293945,42.53499984741211,42.53499984741211,1876,0.0,0.0
2024-08-14 15:30:00-04:00,42.81999969482422,42.81999969482422,42.77000045776367,42.77000045776367,2983,0.0,0.0
2024-08-15 09:30:00-04:00,43.25,43.709999084472656,43.25,43.369998931884766,5199,0.0,0.0
2024-08-15 10:30:00-04:00,43.48699951171875,44.33000183105469,43.310001373291016,44.31999969482422,2875,0.0,0.0
2024-08-15 11:30:00-04:00,44.34000015258789,44.59000015258789,44.16999816894531,44.470001220703125,2830,0.0,0.0
2024-08-15 12:30:00-04:00,44.689998626708984,44.900001525878906,44.2599983215332,44.61000061035156,2157,0.0,0.0
2024-08-15 13:30:00-04:00,44.54999923706055,44.77000045776367,44.380001068115234,44.77000045776367,1729,0.0,0.0
2024-08-15 14:30:00-04:00,44.83000183105469,44.83000183105469,44.650001525878906,44.779998779296875,3168,0.0,0.0
2024-08-15 15:30:00-04:00,44.79499816894531,44.79499816894531,44.13999938964844,44.13999938964844,4226,0.0,0.0
2024-08-16 09:30:00-04:00,44.08000183105469,45.948299407958984,44.08000183105469,45.16999816894531,4817,0.0,0.0
2024-08-16 10:30:00-04:00,44.959999084472656,44.959999084472656,44.959999084472656,44.959999084472656,581,0.0,0.0
2024-08-16 11:30:00-04:00,45.0,45.189998626708984,44.939998626708984,45.15999984741211,2512,0.0,0.0
2024-08-16 12:30:00-04:00,45.189998626708984,45.43000030517578,45.189998626708984,45.43000030517578,543,0.0,0.0
2024-08-16 13:30:00-04:00,45.20399856567383,45.33000183105469,45.20399856567383,45.33000183105469,995,0.0,0.0
2024-08-16 14:30:00-04:00,45.5,45.5,45.4900016784668,45.4900016784668,2027,0.0,0.0
2024-08-16 15:30:00-04:00,45.20000076293945,45.25,44.900001525878906,44.900001525878906,1630,0.0,0.0
2024-08-19 11:30:00-04:00,45.63999938964844,45.71500015258789,45.63999938964844,45.71500015258789,2115,0.0,0.0
2024-08-19 12:30:00-04:00,45.595001220703125,45.595001220703125,45.400001525878906,45.400001525878906,2192,0.0,0.0
2024-08-19 13:30:00-04:00,45.560001373291016,45.71500015258789,45.459999084472656,45.494998931884766,1721,0.0,0.0
2024-08-19 14:30:00-04:00,45.775001525878906,45.775001525878906,45.775001525878906,45.775001525878906,1039,0.0,0.0
2024-08-19 15:30:00-04:00,45.59000015258789,45.59000015258789,45.59000015258789,45.59000015258789,682,0.0,0.0
2024-08-20 12:30:00-04:00,44.77000045776367,44.77000045776367,44.2599983215332,44.733699798583984,4376,0.0,0.0
2024-08-20 14:30:00-04:00,44.689998626708984,44.709999084472656,44.689998626708984,44.709999084472656,856,0.0,0.0
2024-08-20 15:30:00-04:00,44.560001373291016,44.77000045776367,44.560001373291016,44.77000045776367,1187,0.0,0.0
2024-08-21 09:30:00-04:00,45.150001525878906,45.25,45.000099182128906,45.000099182128906,4131,0.0,0.0
2024-08-21 12:30:00-04:00,44.31399917602539,44.5099983215332,44.31399917602539,44.5099983215332,558,0.0,0.0
2024-08-21 13:30:00-04:00,44.709999084472656,44.77000045776367,44.709999084472656,44.77000045776367,976,0.0,0.0
2024-08-21 14:30:00-04:00,45.0099983215332,45.0099983215332,44.970001220703125,44.970001220703125,881,0.0,0.0
2024-08-21 15:30:00-04:00,44.970001220703125,45.2400016784668,44.91999816894531,44.91999816894531,1181,0.0,0.0
2024-08-22 10:30:00-04:00,44.86000061035156,45.0099983215332,44.86000061035156,45.0099983215332,2764,0.0,0.0
2024-08-22 12:30:00-04:00,45.220001220703125,45.220001220703125,44.90999984741211,44.90999984741211,2947,0.0,0.0
2024-08-22 13:30:00-04:00,44.79999923706055,44.83000183105469,44.79999923706055,44.83000183105469,813,0.0,0.0
2024-08-22 14:30:00-04:00,44.75,44.75,44.7400016784668,44.7400016784668,2192,0.0,0.0
2024-08-22 15:30:00-04:00,44.84000015258789,44.84000015258789,44.84000015258789,44.84000015258789,789,0.0,0.0
2024-08-23 09:30:00-04:00,45.90999984741211,46.060001373291016,45.90999984741211,46.060001373291016,2087,0.0,0.0
2024-08-23 10:30:00-04:00,46.47999954223633,47.0099983215332,46.22999954223633,47.0099983215332,5971,0.0,0.0
2024-08-23 11:30:00-04:00,47.54999923706055,47.54999923706055,47.20000076293945,47.45000076293945,3719,0.0,0.0
2024-08-23 12:30:00-04:00,46.880001068115234,47.18000030517578,46.0099983215332,46.2599983215332,4385,0.0,0.0
2024-08-23 13:30:00-04:00,46.83000183105469,46.83000183105469,46.650001525878906,46.650001525878906,2489,0.0,0.0
2024-08-23 14:30:00-04:00,46.619998931884766,46.720001220703125,46.619998931884766,46.65999984741211,1028,0.0,0.0
2024-08-23 15:30:00-04:00,46.665000915527344,47.150001525878906,46.45000076293945,47.150001525878906,4204,0.0,0.0
2024-08-26 09:30:00-04:00,47.81999969482422,47.81999969482422,47.36000061035156,47.54999923706055,1452,0.0,0.0
2024-08-26 10:30:00-04:00,47.119998931884766,47.119998931884766,47.119998931884766,47.119998931884766,2178,0.0,0.0
2024-08-26 13:30:00-04:00,47.119998931884766,47.63999938964844,47.119998931884766,47.63999938964844,3727,0.0,0.0
2024-08-26 15:30:00-04:00,47.0,47.0,46.685001373291016,46.79999923706055,4155,0.0,0.0
2024-08-27 09:30:00-04:00,46.529998779296875,46.529998779296875,46.529998779296875,46.529998779296875,1426,0.0,0.0
2024-08-27 10:30:00-04:00,46.43000030517578,46.43000030517578,46.43000030517578,46.43000030517578,129,0.0,0.0
2024-08-27 11:30:00-04:00,46.86000061035156,46.86000061035156,46.700801849365234,46.700801849365234,1109,0.0,0.0
2024-08-27 12:30:00-04:00,46.709999084472656,46.720001220703125,46.709999084472656,46.720001220703125,613,0.0,0.0
2024-08-27 13:30:00-04:00,46.595001220703125,46.595001220703125,46.59000015258789,46.59000015258789,2018,0.0,0.0
2024-08-27 15:30:00-04:00,46.75,46.75,46.75,46.75,856,0.0,0.0
2024-08-28 09:30:00-04:00,47.09000015258789,47.09000015258789,46.599998474121094,46.599998474121094,1434,0.0,0.0
2024-08-28 11:30:00-04:00,47.5,47.5,47.29999923706055,47.29999923706055,1216,0.0,0.0
2024-08-28 13:30:00-04:00,46.81999969482422,46.81999969482422,46.81999969482422,46.81999969482422,710,0.0,0.0
2024-08-28 14:30:00-04:00,46.56480026245117,46.95180130004883,46.56480026245117,46.95180130004883,3870,0.0,0.0
2024-08-29 10:30:00-04:00,47.5,47.5,47.5,47.5,1887,0.0,0.0
2024-08-29 12:30:00-04:00,47.5,47.5,47.5,47.5,924,0.0,0.0
2024-08-29 13:30:00-04:00,47.79010009765625,47.79010009765625,47.79010009765625,47.79010009765625,1840,0.0,0.0
2024-08-29 15:30:00-04:00,47.79999923706055,47.994998931884766,47.63999938964844,47.63999938964844,2332,0.0,0.0
2024-08-30 09:30:00-04:00,47.70000076293945,47.790000915527344,47.70000076293945,47.790000915527344,1212,0.0,0.0
2024-08-30 10:30:00-04:00,47.45009994506836,47.45009994506836,47.45000076293945,47.45000076293945,869,0.0,0.0
2024-08-30 13:30:00-04:00,46.709999084472656,46.709999084472656,46.709999084472656,46.709999084472656,2411,0.0,0.0
2024-08-30 14:30:00-04:00,47.02000045776367,47.02000045776367,46.84000015258789,47.0,1891,0.0,0.0
2024-08-30 15:30:00-04:00,47.189998626708984,47.439998626708984,47.189998626708984,47.439998626708984,4472,0.0,0.0
2024-09-03 09:30:00-04:00,46.95000076293945,47.5,46.95000076293945,47.04999923706055,2525,0.0,0.0
2024-09-03 11:30:00-04:00,46.645999908447266,46.645999908447266,46.645999908447266,46.645999908447266,636,0.0,0.0
2024-09-03 12:30:00-04:00,46.48500061035156,46.48500061035156,46.48500061035156,46.48500061035156,726,0.0,0.0
2024-09-03 13:30:00-04:00,46.52000045776367,46.529998779296875,46.52000045776367,46.52000045776367,835,0.0,0.0
2024-09-03 14:30:00-04:00,46.29999923706055,46.29999923706055,45.130001068115234,45.70000076293945,11561,0.0,0.0
2024-09-03 15:30:00-04:00,45.78499984741211,45.97999954223633,45.78499984741211,45.970001220703125,3594,0.0,0.0
2024-09-04 11:30:00-04:00,45.27000045776367,45.310001373291016,45.27000045776367,45.310001373291016,4815,0.0,0.0
2024-09-04 12:30:00-04:00,45.2599983215332,45.2599983215332,45.119998931884766,45.130001068115234,1776,0.0,0.0
2024-09-04 13:30:00-04:00,44.93000030517578,44.93000030517578,44.689998626708984,44.7400016784668,1250,0.0,0.0
2024-09-04 14:30:00-04:00,44.77000045776367,45.119998931884766,44.66999816894531,44.97999954223633,4265,0.0,0.0
2024-09-04 15:30:00-04:00,45.0,45.0,44.77000045776367,44.970001220703125,3689,0.0,0.0
2024-09-05 09:30:00-04:00,44.880001068115234,44.880001068115234,44.599998474121094,44.650001525878906,3154,0.0,0.0
2024-09-05 10:30:00-04:00,44.650001525878906,44.650001525878906,44.505001068115234,44.505001068115234,672,0.0,0.0
2024-09-05 11:30:00-04:00,44.11000061035156,44.279998779296875,43.869998931884766,44.08000183105469,9789,0.0,0.0
2024-09-05 14:30:00-04:00,44.36000061035156,44.36000061035156,44.36000061035156,44.36000061035156,1165,0.0,0.0
2024-09-05 15:30:00-04:00,44.380001068115234,44.380001068115234,44.150001525878906,44.150001525878906,2659,0.0,0.0
2024-09-06 09:30:00-04:00,44.45000076293945,44.45000076293945,44.040000915527344,44.040000915527344,2165,0.0,0.0
2024-09-06 12:30:00-04:00,44.02000045776367,44.025001525878906,44.02000045776367,44.025001525878906,1727,0.0,0.0
2024-09-06 13:30:00-04:00,44.25519943237305,44.25519943237305,44.25519943237305,44.25519943237305,1583,0.0,0.0
2024-09-06 14:30:00-04:00,44.4900016784668,44.75,44.380001068115234,44.70000076293945,3409,0.0,0.0
2024-09-06 15:30:00-04:00,44.7400016784668,44.845001220703125,44.310001373291016,44.310001373291016,1842,0.0,0.0
2024-09-09 09:30:00-04:00,44.0,44.0,44.0,44.0,1226,0.0,0.0
2024-09-09 10:30:00-04:00,44.439998626708984,44.56999969482422,44.439998626708984,44.439998626708984,2577,0.0,0.0
2024-09-09 11:30:00-04:00,44.4900016784668,44.86000061035156,44.4900016784668,44.86000061035156,886,0.0,0.0
2024-09-09 12:30:00-04:00,44.790000915527344,44.900001525878906,44.790000915527344,44.900001525878906,476,0.0,0.0
2024-09-09 13:30:00-04:00,44.69499969482422,44.790000915527344,44.69499969482422,44.75130081176758,1896,0.0,0.0
2024-09-09 14:30:00-04:00,44.7400016784668,44.880001068115234,44.7400016784668,44.880001068115234,3168,0.0,0.0
2024-09-09 15:30:00-04:00,44.619998931884766,44.650001525878906,44.59000015258789,44.650001525878906,1854,0.0,0.0
2024-09-10 09:30:00-04:00,44.099998474121094,44.099998474121094,44.099998474121094,44.099998474121094,1161,0.0,0.0
2024-09-10 12:30:00-04:00,43.939998626708984,43.939998626708984,43.939998626708984,43.939998626708984,245,0.0,0.0
2024-09-10 13:30:00-04:00,44.619998931884766,44.619998931884766,44.599998474121094,44.599998474121094,1134,0.0,0.0
2024-09-10 14:30:00-04:00,45.08000183105469,45.08000183105469,44.95000076293945,45.0099983215332,3121,0.0,0.0
2024-09-10 15:30:00-04:00,44.90999984741211,44.93000030517578,44.7599983215332,44.93000030517578,2109,0.0,0.0
2024-09-11 09:30:00-04:00,44.35499954223633,44.35499954223633,44.35499954223633,44.35499954223633,1155,0.0,0.0
2024-09-11 11:30:00-04:00,43.70199966430664,43.959999084472656,43.70199966430664,43.959999084472656,1096,0.0,0.0
2024-09-11 14:30:00-04:00,44.310001373291016,44.310001373291016,44.310001373291016,44.310001373291016,1412,0.0,0.0
2024-09-11 15:30:00-04:00,44.56999969482422,44.56999969482422,44.56999969482422,44.56999969482422,308,0.0,0.0
2024-09-12 09:30:00-04:00,44.7400016784668,45.06999969482422,44.7400016784668,45.06999969482422,543,0.0,0.0
2024-09-12 10:30:00-04:00,45.130001068115234,45.130001068115234,45.130001068115234,45.130001068115234,2316,0.0,0.0
2024-09-12 11:30:00-04:00,45.15999984741211,45.15999984741211,45.15999984741211,45.15999984741211,140,0.0,0.0
2024-09-12 12:30:00-04:00,45.279998779296875,45.58000183105469,45.2400016784668,45.2400016784668,1740,0.0,0.0
2024-09-12 13:30:00-04:00,45.349998474121094,45.52000045776367,45.22100067138672,45.369998931884766,2845,0.0,0.0
2024-09-12 14:30:00-04:00,45.189998626708984,45.209999084472656,45.099998474121094,45.099998474121094,3221,0.0,0.0
2024-09-12 15:30:00-04:00,44.630001068115234,44.630001068115234,44.4900016784668,44.52000045776367,4342,0.0,0.0
2024-09-13 09:30:00-04:00,45.400001525878906,46.48099899291992,45.400001525878906,46.48099899291992,8047,0.0,0.0
2024-09-13 11:30:00-04:00,46.04999923706055,47.38999938964844,46.04999923706055,47.16999816894531,4728,0.0,0.0
2024-09-13 12:30:00-04:00,47.22999954223633,47.720001220703125,46.90999984741211,47.619998931884766,4980,0.0,0.0
2024-09-13 13:30:00-04:00,47.72999954223633,48.0,47.4900016784668,47.4900016784668,4567,0.0,0.0
2024-09-13 14:30:00-04:00,47.4900016784668,48.40999984741211,47.4900016784668,47.63999938964844,5279,0.0,0.0
2024-09-13 15:30:00-04:00,47.29999923706055,47.41999816894531,47.02000045776367,47.04999923706055,3571,0.0,0.0
2024-09-16 11:30:00-04:00,46.970001220703125,46.970001220703125,46.970001220703125,46.970001220703125,2895,0.0,0.0
2024-09-16 12:30:00-04:00,47.61000061035156,47.61000061035156,47.61000061035156,47.61000061035156,1781,0.0,0.0
2024-09-16 14:30:00-04:00,47.209999084472656,47.209999084472656,47.209999084472656,47.209999084472656,1558,0.0,0.0
2024-09-16 15:30:00-04:00,47.22999954223633,47.43000030517578,47.15999984741211,47.15999984741211,1456,0.0,0.0
2024-09-17 10:30:00-04:00,48.209999084472656,48.209999084472656,48.209999084472656,48.209999084472656,1959,0.0,0.0
2024-09-17 11:30:00-04:00,48.18000030517578,48.63999938964844,48.18000030517578,48.63999938964844,1344,0.0,0.0
2024-09-17 12:30:00-04:00,47.90999984741211,47.90999984741211,47.70000076293945,47.70000076293945,2278,0.0,0.0
2024-09-17 13:30:00-04:00,47.43000030517578,47.43000030517578,47.43000030517578,47.43000030517578,1094,0.0,0.0
2024-09-17 14:30:00-04:00,47.20000076293945,47.20000076293945,47.20000076293945,47.20000076293945,688,0.0,0.0
2024-09-17 15:30:00-04:00,46.790000915527344,47.439998626708984,46.790000915527344,47.439998626708984,1879,0.0,0.0
2024-09-18 09:30:00-04:00,47.19499969482422,47.19499969482422,47.19499969482422,47.19499969482422,381,0.0,0.0
2024-09-18 10:30:00-04:00,46.88600158691406,46.88600158691406,46.88600158691406,46.88600158691406,1979,0.0,0.0
2024-09-18 13:30:00-04:00,47.439998626708984,47.869998931884766,47.439998626708984,47.709999084472656,1478,0.0,0.0
2024-09-18 14:30:00-04:00,48.72999954223633,48.97999954223633,48.540000915527344,48.540000915527344,3931,0.0,0.0
2024-09-18 15:30:00-04:00,48.34000015258789,48.34000015258789,48.279998779296875,48.290000915527344,2326,0.0,0.0
2024-09-19 09:30:00-04:00,49.709999084472656,49.709999084472656,48.79999923706055,48.79999923706055,1010,0.0,0.0
2024-09-19 10:30:00-04:00,48.84000015258789,48.84000015258789,48.26070022583008,48.26070022583008,1266,0.0,0.0
2024-09-19 11:30:00-04:00,48.380001068115234,48.380001068115234,48.380001068115234,48.380001068115234,1336,0.0,0.0
2024-09-19 13:30:00-04:00,49.13999938964844,49.13999938964844,49.060001373291016,49.060001373291016,1226,0.0,0.0
2024-09-19 14:30:00-04:00,49.25,49.459999084472656,49.22999954223633,49.459999084472656,890,0.0,0.0
2024-09-19 15:30:00-04:00,49.310001373291016,49.310001373291016,49.130001068115234,49.279998779296875,2949,0.0,0.0
2024-09-20 09:30:00-04:00,48.7599983215332,49.4900016784668,48.33890151977539,48.33890151977539,18609,0.0,0.0
2024-09-20 11:30:00-04:00,48.060001373291016,48.060001373291016,47.75,47.75,3648,0.0,0.0
2024-09-20 13:30:00-04:00,47.22999954223633,47.68989944458008,47.13999938964844,47.13999938964844,1933,0.0,0.0
2024-09-20 14:30:00-04:00,47.47999954223633,47.814998626708984,47.47999954223633,47.814998626708984,1790,0.0,0.0
2024-09-20 15:30:00-04:00,48.02000045776367,48.029998779296875,47.54999923706055,47.689998626708984,7148,0.0,0.0
2024-09-23 09:30:00-04:00,47.45000076293945,47.45000076293945,47.45000076293945,47.45000076293945,1782,0.0,0.0
2024-09-23 10:30:00-04:00,46.500099182128906,46.500099182128906,46.500099182128906,46.500099182128906,751,0.0,0.0
2024-09-23 11:30:00-04:00,46.900001525878906,46.900001525878906,46.88999938964844,46.88999938964844,595,0.0,0.0
2024-09-23 12:30:00-04:00,46.64070129394531,46.64070129394531,46.64070129394531,46.64070129394531,477,0.0,0.0
2024-09-23 13:30:00-04:00,46.849998474121094,46.849998474121094,46.849998474121094,46.849998474121094,2080,0.0,0.0
2024-09-23 15:30:00-04:00,47.099998474121094,47.099998474121094,46.93000030517578,46.93000030517578,1498,0.0,0.0
2024-09-24 11:30:00-04:00,47.029998779296875,47.029998779296875,47.029998779296875,47.029998779296875,2307,0.0,0.0
2024-09-24 12:30:00-04:00,46.83000183105469,46.83000183105469,46.83000183105469,46.83000183105469,1057,0.0,0.0
2024-09-24 13:30:00-04:00,47.0099983215332,47.0099983215332,47.0099983215332,47.0099983215332,1055,0.0,0.0
2024-09-24 14:30:00-04:00,46.88019943237305,46.959999084472656,46.88019943237305,46.88999938964844,1343,0.0,0.0
2024-09-24 15:30:00-04:00,46.77000045776367,46.77000045776367,46.70000076293945,46.75,1610,0.0,0.0
2024-09-25 10:30:00-04:00,46.349998474121094,46.349998474121094,45.5004997253418,45.5004997253418,8216,0.0,0.0
2024-09-25 11:30:00-04:00,45.959999084472656,46.119998931884766,45.939998626708984,46.119998931884766,1882,0.0,0.0
2024-09-25 12:30:00-04:00,46.09000015258789,46.09000015258789,46.09000015258789,46.09000015258789,694,0.0,0.0
2024-09-25 13:30:00-04:00,45.87009811401367,45.9385986328125,45.87009811401367,45.90999984741211,3536,0.0,0.0
2024-09-25 14:30:00-04:00,46.25,46.310001373291016,46.130001068115234,46.130001068115234,1050,0.0,0.0
2024-09-25 15:30:00-04:00,46.564998626708984,46.564998626708984,46.189998626708984,46.189998626708984,1680,0.0,0.0
2024-09-26 09:30:00-04:00,46.349998474121094,46.349998474121094,46.349998474121094,46.349998474121094,1201,0.0,0.0
2024-09-26 10:30:00-04:00,46.5,46.650001525878906,46.45000076293945,46.59000015258789,2641,0.0,0.0
2024-09-26 12:30:00-04:00,46.400001525878906,46.400001525878906,46.400001525878906,46.400001525878906,400,0.0,0.0
2024-09-26 13:30:00-04:00,46.689998626708984,46.70000076293945,46.689998626708984,46.70000076293945,988,0.0,0.0
2024-09-26 14:30:00-04:00,46.470001220703125,46.470001220703125,46.38999938964844,46.400001525878906,1139,0.0,0.0
2024-09-26 15:30:00-04:00,46.119998931884766,46.18000030517578,46.119998931884766,46.18000030517578,3641,0.0,0.0
2024-09-27 09:30:00-04:00,46.68000030517578,46.68000030517578,46.68000030517578,46.68000030517578,1148,0.0,0.0
2024-09-27 11:30:00-04:00,46.52040100097656,46.52040100097656,46.52040100097656,46.52040100097656,214,0.0,0.0
2024-09-27 12:30:00-04:00,46.45000076293945,46.75,46.45000076293945,46.75,470,0.0,0.0
2024-09-27 13:30:00-04:00,46.959999084472656,46.959999084472656,46.689998626708984,46.689998626708984,1676,0.0,0.0
2024-09-27 14:30:00-04:00,46.0900993347168,46.0900993347168,46.09000015258789,46.09000015258789,1544,0.0,0.0
2024-09-27 15:30:00-04:00,46.22999954223633,46.459999084472656,46.22999954223633,46.459999084472656,1503,0.0,0.0
2024-09-30 09:30:00-04:00,46.005001068115234,46.005001068115234,46.005001068115234,46.005001068115234,1494,0.0,0.0
2024-09-30 13:30:00-04:00,47.02000045776367,47.02000045776367,46.41999816894531,46.41999816894531,1657,0.0,0.0
2024-09-30 15:30:00-04:00,46.88999938964844,46.88999938964844,46.88999938964844,46.88999938964844,376,0.0,0.0
2024-10-01 09:30:00-04:00,47.150001525878906,47.150001525878906,46.369998931884766,46.369998931884766,0,0.0,0.0
2024-10-01 11:30:00-04:00,45.4900016784668,45.4900016784668,45.4900016784668,45.4900016784668,345,0.0,0.0
2024-10-01 12:30:00-04:00,45.939998626708984,45.939998626708984,45.459999084472656,45.619998931884766,4085,0.0,0.0
2024-10-01 15:30:00-04:00,45.0099983215332,45.369998931884766,45.0099983215332,45.369998931884766,1254,0.0,0.0
2024-10-02 09:30:00-04:00,44.72999954223633,44.72999954223633,44.72999954223633,44.72999954223633,1267,0.0,0.0
2024-10-02 13:30:00-04:00,45.029998779296875,45.029998779296875,45.029998779296875,45.029998779296875,502,0.0,0.0
2024-10-02 14:30:00-04:00,44.849998474121094,45.099998474121094,44.849998474121094,45.099998474121094,1793,0.0,0.0
2024-10-03 09:30:00-04:00,44.560001373291016,45.47119903564453,44.560001373291016,45.47119903564453,1284,0.0,0.0
2024-10-03 10:30:00-04:00,44.40999984741211,44.40999984741211,44.40999984741211,44.40999984741211,759,0.0,0.0
2024-10-03 11:30:00-04:00,44.38999938964844,44.38999938964844,44.38999938964844,44.38999938964844,393,0.0,0.0
2024-10-03 13:30:00-04:00,44.26240158081055,44.26240158081055,44.26240158081055,44.26240158081055,1012,0.0,0.0
2024-10-03 15:30:00-04:00,44.47999954223633,44.59000015258789,44.459999084472656,44.59000015258789,693,0.0,0.0
2024-10-04 09:30:00-04:00,45.165000915527344,45.630001068115234,44.150001525878906,44.810001373291016,3918,0.0,0.0
2024-10-04 10:30:00-04:00,44.834999084472656,44.834999084472656,44.61000061035156,44.650001525878906,2018,0.0,0.0
2024-10-04 15:30:00-04:00,45.2400016784668,45.290000915527344,45.2400016784668,45.290000915527344,919,0.0,0.0
2024-10-07 10:30:00-04:00,44.810001373291016,44.810001373291016,44.810001373291016,44.810001373291016,0,0.0,0.0
2024-10-07 12:30:00-04:00,45.23619842529297,45.279998779296875,45.23619842529297,45.279998779296875,2890,0.0,0.0
2024-10-07 15:30:00-04:00,45.310001373291016,45.43000030517578,45.310001373291016,45.43000030517578,1471,0.0,0.0
2024-10-08 09:30:00-04:00,44.099998474121094,44.099998474121094,44.099998474121094,44.099998474121094,2126,0.0,0.0
2024-10-08 12:30:00-04:00,45.22999954223633,45.2400016784668,45.099998474121094,45.099998474121094,1311,0.0,0.0
2024-10-08 13:30:00-04:00,45.099998474121094,45.099998474121094,44.411800384521484,44.411800384521484,1367,0.0,0.0
2024-10-08 14:30:00-04:00,45.11000061035156,45.11000061035156,45.11000061035156,45.11000061035156,1857,0.0,0.0
2024-10-09 09:30:00-04:00,44.54090118408203,44.54090118408203,44.54090118408203,44.54090118408203,1002,0.0,0.0
2024-10-09 11:30:00-04:00,45.654998779296875,45.654998779296875,45.654998779296875,45.654998779296875,725,0.0,0.0
2024-10-09 13:30:00-04:00,45.75,45.77000045776367,44.79710006713867,45.77000045776367,1461,0.0,0.0
2024-10-09 14:30:00-04:00,45.63999938964844,45.63999938964844,45.40999984741211,45.40999984741211,1094,0.0,0.0
2024-10-09 15:30:00-04:00,45.2400016784668,45.2400016784668,45.2400016784668,45.2400016784668,774,0.0,0.0
2024-10-10 09:30:00-04:00,44.959999084472656,44.959999084472656,44.959999084472656,44.959999084472656,1254,0.0,0.0
2024-10-10 11:30:00-04:00,44.25640106201172,44.25640106201172,44.25640106201172,44.25640106201172,696,0.0,0.0
2024-10-10 12:30:00-04:00,44.9900016784668,44.9900016784668,44.9900016784668,44.9900016784668,1629,0.0,0.0
2024-10-10 13:30:00-04:00,44.72570037841797,44.72570037841797,44.687400817871094,44.72370147705078,747,0.0,0.0
2024-10-10 14:30:00-04:00,44.599998474121094,44.599998474121094,44.599998474121094,44.599998474121094,1211,0.0,0.0
2024-10-10 15:30:00-04:00,45.0,45.0,44.88999938964844,44.88999938964844,1011,0.0,0.0
2024-10-11 10:30:00-04:00,47.15999984741211,47.15999984741211,46.84000015258789,46.84000015258789,1294,0.0,0.0
2024-10-11 11:30:00-04:00,47.08000183105469,47.08000183105469,47.08000183105469,47.08000183105469,435,0.0,0.0
2024-10-11 13:30:00-04:00,46.97999954223633,46.97999954223633,46.73249816894531,46.73249816894531,1124,0.0,0.0
2024-10-11 14:30:00-04:00,46.97999954223633,47.095001220703125,46.97999954223633,47.095001220703125,963,0.0,0.0
2024-10-11 15:30:00-04:00,47.36000061035156,47.36000061035156,47.36000061035156,47.36000061035156,684,0.0,0.0
2024-10-14 09:30:00-04:00,45.4452018737793,45.4452018737793,45.4452018737793,45.4452018737793,665,0.0,0.0
2024-10-14 11:30:00-04:00,47.30229949951172,47.30229949951172,47.30229949951172,47.30229949951172,435,0.0,0.0
2024-10-14 14:30:00-04:00,47.47999954223633,47.47999954223633,47.47999954223633,47.47999954223633,1014,0.0,0.0
2024-10-14 15:30:00-04:00,46.910099029541016,46.910099029541016,46.910099029541016,46.910099029541016,933,0.0,0.0
2024-10-15 09:30:00-04:00,46.61199951171875,47.47999954223633,46.61199951171875,47.47999954223633,0,0.0,0.0
2024-10-15 10:30:00-04:00,47.35919952392578,48.45000076293945,47.35919952392578,47.86000061035156,6792,0.0,0.0
2024-10-15 12:30:00-04:00,48.5099983215332,48.80699920654297,48.5099983215332,48.80699920654297,629,0.0,0.0
2024-10-15 13:30:00-04:00,48.839900970458984,48.880001068115234,48.52000045776367,48.56999969482422,2009,0.0,0.0
2024-10-15 14:30:00-04:00,48.529998779296875,48.6150016784668,48.380001068115234,48.380001068115234,4124,0.0,0.0
2024-10-15 15:30:00-04:00,47.79999923706055,47.79999923706055,47.689998626708984,47.689998626708984,841,0.0,0.0
2024-10-16 11:30:00-04:00,48.369998931884766,48.369998931884766,48.369998931884766,48.369998931884766,2286,0.0,0.0
2024-10-16 12:30:00-04:00,48.30500030517578,48.30500030517578,48.30500030517578,48.30500030517578,203,0.0,0.0
2024-10-16 13:30:00-04:00,48.56999969482422,48.56999969482422,48.560001373291016,48.560001373291016,3009,0.0,0.0
2024-10-16 15:30:00-04:00,48.189998626708984,48.5,48.0099983215332,48.439998626708984,3800,0.0,0.0
2024-10-17 12:30:00-04:00,48.675498962402344,48.675498962402344,48.65999984741211,48.65999984741211,2843,0.0,0.0
2024-10-17 13:30:00-04:00,48.65999984741211,48.900001525878906,48.65999984741211,48.900001525878906,1858,0.0,0.0
2024-10-17 14:30:00-04:00,49.09000015258789,49.09000015258789,49.09000015258789,49.09000015258789,886,0.0,0.0
2024-10-17 15:30:00-04:00,49.5,49.5,49.25,49.36000061035156,1776,0.0,0.0
2024-10-18 09:30:00-04:00,49.5,49.5,48.92169952392578,48.92169952392578,0,0.0,0.0
2024-10-18 10:30:00-04:00,49.189998626708984,49.189998626708984,48.650001525878906,48.650001525878906,2145,0.0,0.0
2024-10-18 11:30:00-04:00,48.5,48.5,48.5,48.5,340,0.0,0.0
2024-10-18 12:30:00-04:00,48.540000915527344,48.540000915527344,48.540000915527344,48.540000915527344,1146,0.0,0.0
2024-10-18 14:30:00-04:00,48.55500030517578,48.55500030517578,48.55500030517578,48.55500030517578,832,0.0,0.0
2024-10-18 15:30:00-04:00,48.47990036010742,48.52000045776367,48.43000030517578,48.43000030517578,2660,0.0,0.0
