Datetime,Open,High,Low,Close,Volume,Dividends,Stock Splits,Capital Gains
2022-09-22 09:30:00-04:00,22.760000228881836,22.760000228881836,22.40999984741211,22.40999984741211,0,0.0,0.0,0.0
2022-09-22 10:30:00-04:00,22.40999984741211,22.40999984741211,22.260000228881836,22.260000228881836,1934,0.0,0.0,0.0
2022-09-22 11:30:00-04:00,22.25,22.260000228881836,22.200000762939453,22.209999084472656,10200,0.0,0.0,0.0
2022-09-22 12:30:00-04:00,22.190000534057617,22.190000534057617,22.190000534057617,22.190000534057617,100,0.0,0.0,0.0
2022-09-22 13:30:00-04:00,22.212400436401367,22.213300704956055,22.212400436401367,22.213300704956055,100,0.0,0.0,0.0
2022-09-23 09:30:00-04:00,21.850000381469727,21.850000381469727,21.850000381469727,21.850000381469727,0,0.0,0.0,0.0
2022-09-23 10:30:00-04:00,21.659900665283203,21.753599166870117,21.659900665283203,21.753599166870117,204,0.0,0.0,0.0
2022-09-26 09:30:00-04:00,22.100000381469727,22.149999618530273,21.628000259399414,21.628000259399414,3724,0.0,0.0,0.0
2022-09-27 10:30:00-04:00,22.15999984741211,22.15999984741211,21.91990089416504,21.91990089416504,0,0.0,0.0,0.0
2022-09-28 09:30:00-04:00,21.959999084472656,21.969999313354492,21.959999084472656,21.969999313354492,605,0.0,0.0,0.0
2022-09-28 10:30:00-04:00,22.299999237060547,22.5492000579834,22.170499801635742,22.5492000579834,141,0.0,0.0,0.0
2022-10-04 09:30:00-04:00,23.329999923706055,23.329999923706055,23.329999923706055,23.329999923706055,168,0.0,0.0,0.0
2022-10-04 10:30:00-04:00,23.549999237060547,23.549999237060547,23.549999237060547,23.549999237060547,101,0.0,0.0,0.0
2022-10-04 15:30:00-04:00,23.510000228881836,23.510000228881836,23.510000228881836,23.510000228881836,580,0.0,0.0,0.0
2022-10-05 09:30:00-04:00,23.15999984741211,23.15999984741211,23.09000015258789,23.09000015258789,8355,0.0,0.0,0.0
2022-10-05 10:30:00-04:00,22.8700008392334,22.8700008392334,22.8700008392334,22.8700008392334,100,0.0,0.0,0.0
2022-10-05 11:30:00-04:00,22.889999389648438,22.889999389648438,22.889999389648438,22.889999389648438,105,0.0,0.0,0.0
2022-10-05 14:30:00-04:00,23.520000457763672,23.520000457763672,23.464500427246094,23.464500427246094,100,0.0,0.0,0.0
2022-10-06 09:30:00-04:00,23.389999389648438,23.559999465942383,23.389999389648438,23.559999465942383,0,0.0,0.0,0.0
2022-10-06 10:30:00-04:00,23.469999313354492,23.469999313354492,23.440000534057617,23.440000534057617,200,0.0,0.0,0.0
2022-10-06 11:30:00-04:00,23.40999984741211,23.471399307250977,23.40999984741211,23.471399307250977,103,0.0,0.0,0.0
2022-10-07 10:30:00-04:00,22.670000076293945,22.774999618530273,22.670000076293945,22.729999542236328,604,0.0,0.0,0.0
2022-10-07 12:30:00-04:00,22.360000610351562,22.3799991607666,22.360000610351562,22.3799991607666,300,0.0,0.0,0.0
2022-10-07 14:30:00-04:00,22.389999389648438,22.405399322509766,22.389999389648438,22.405399322509766,106,0.0,0.0,0.0
2022-10-10 09:30:00-04:00,22.31999969482422,22.31999969482422,22.31999969482422,22.31999969482422,0,0.0,0.0,0.0
2022-10-10 13:30:00-04:00,21.469999313354492,21.469999313354492,21.3700008392334,21.3700008392334,1500,0.0,0.0,0.0
2022-10-10 15:30:00-04:00,21.389999389648438,21.389999389648438,21.389999389648438,21.389999389648438,100,0.0,0.0,0.0
2022-10-11 09:30:00-04:00,21.239999771118164,21.239999771118164,20.610000610351562,20.639999389648438,0,0.0,0.0,0.0
2022-10-12 09:30:00-04:00,20.950000762939453,20.950000762939453,20.559999465942383,20.559999465942383,0,0.0,0.0,0.0
2022-10-12 11:30:00-04:00,20.860000610351562,20.860000610351562,20.860000610351562,20.860000610351562,200,0.0,0.0,0.0
2022-10-12 12:30:00-04:00,20.7450008392334,20.951499938964844,20.7450008392334,20.951499938964844,116,0.0,0.0,0.0
2022-10-13 09:30:00-04:00,20.219999313354492,20.219999313354492,20.219999313354492,20.219999313354492,475,0.0,0.0,0.0
2022-10-13 11:30:00-04:00,21.139999389648438,21.139999389648438,21.078399658203125,21.078399658203125,1000,0.0,0.0,0.0
2022-10-14 09:30:00-04:00,21.479999542236328,21.479999542236328,21.479999542236328,21.479999542236328,0,0.0,0.0,0.0
2022-10-14 11:30:00-04:00,21.100000381469727,21.100000381469727,21.100000381469727,21.100000381469727,1040,0.0,0.0,0.0
2022-10-17 09:30:00-04:00,21.5,21.5,21.5,21.5,0,0.0,0.0,0.0
2022-10-17 10:30:00-04:00,21.829999923706055,21.84000015258789,21.800399780273438,21.800399780273438,398,0.0,0.0,0.0
2022-10-18 09:30:00-04:00,22.43000030517578,22.43000030517578,22.43000030517578,22.43000030517578,0,0.0,0.0,0.0
2022-10-19 09:30:00-04:00,22.040000915527344,22.040000915527344,21.71500015258789,21.71500015258789,0,0.0,0.0,0.0
2022-10-20 09:30:00-04:00,21.770000457763672,21.945899963378906,21.709999084472656,21.770000457763672,779,0.0,0.0,0.0
2022-10-21 09:30:00-04:00,21.829999923706055,22.1653995513916,21.829999923706055,22.1653995513916,0,0.0,0.0,0.0
2022-10-27 14:30:00-04:00,22.639999389648438,22.732999801635742,22.639999389648438,22.732999801635742,0,0.0,0.0,0.0
2022-11-02 09:30:00-04:00,22.34000015258789,22.34000015258789,22.34000015258789,22.34000015258789,407,0.0,0.0,0.0
2022-11-02 12:30:00-04:00,21.610000610351562,21.610000610351562,21.347900390625,21.347900390625,183,0.0,0.0,0.0
2022-11-03 12:30:00-04:00,21.31999969482422,21.389999389648438,21.31999969482422,21.389999389648438,124,0.0,0.0,0.0
2022-11-04 09:30:00-04:00,21.270000457763672,21.270000457763672,21.0,21.0,452,0.0,0.0,0.0
2022-11-04 11:30:00-04:00,20.360000610351562,20.3700008392334,20.34000015258789,20.34000015258789,3009,0.0,0.0,0.0
2022-11-04 12:30:00-04:00,20.100000381469727,20.42300033569336,20.09000015258789,20.42300033569336,2701,0.0,0.0,0.0
2022-11-07 10:30:00-05:00,20.09000015258789,20.1200008392334,20.06999969482422,20.1200008392334,201,0.0,0.0,0.0
2022-11-07 11:30:00-05:00,20.25,20.25,20.200000762939453,20.200000762939453,800,0.0,0.0,0.0
2022-11-07 12:30:00-05:00,20.1200008392334,20.139999389648438,20.1200008392334,20.139999389648438,205,0.0,0.0,0.0
2022-11-07 13:30:00-05:00,20.139999389648438,20.139999389648438,20.139999389648438,20.139999389648438,100,0.0,0.0,0.0
2022-11-07 15:30:00-05:00,20.34000015258789,20.34000015258789,20.34000015258789,20.34000015258789,100,0.0,0.0,0.0
2022-11-08 09:30:00-05:00,20.389999389648438,20.533100128173828,20.389999389648438,20.533100128173828,0,0.0,0.0,0.0
2022-11-09 09:30:00-05:00,20.360000610351562,20.360000610351562,19.9512996673584,19.9512996673584,230,0.0,0.0,0.0
2022-11-10 09:30:00-05:00,21.3799991607666,21.850000381469727,21.3799991607666,21.770000457763672,7406,0.0,0.0,0.0
2022-11-11 09:30:00-05:00,21.75,22.530000686645508,21.739999771118164,22.530000686645508,0,0.0,0.0,0.0
2022-11-11 10:30:00-05:00,22.5,22.700000762939453,22.5,22.559999465942383,1304,0.0,0.0,0.0
2022-11-11 11:30:00-05:00,22.489999771118164,22.56999969482422,22.479999542236328,22.530000686645508,1300,0.0,0.0,0.0
2022-11-11 12:30:00-05:00,22.600000381469727,22.600000381469727,22.600000381469727,22.600000381469727,1000,0.0,0.0,0.0
2022-11-11 15:30:00-05:00,22.719999313354492,22.729999542236328,22.719999313354492,22.729999542236328,100,0.0,0.0,0.0
2022-11-14 09:30:00-05:00,22.139999389648438,22.139999389648438,22.045000076293945,22.045000076293945,0,0.0,0.0,0.0
2022-11-14 10:30:00-05:00,22.209999084472656,22.209999084472656,22.209999084472656,22.209999084472656,117,0.0,0.0,0.0
2022-11-14 13:30:00-05:00,22.579999923706055,22.579999923706055,22.530000686645508,22.530000686645508,203,0.0,0.0,0.0
2022-11-15 09:30:00-05:00,22.829999923706055,22.829999923706055,22.829999923706055,22.829999923706055,159,0.0,0.0,0.0
2022-11-15 11:30:00-05:00,23.065000534057617,23.06999969482422,22.308900833129883,22.308900833129883,0,0.0,0.0,0.0
2022-11-17 11:30:00-05:00,21.726900100708008,21.726900100708008,21.666099548339844,21.666099548339844,156,0.0,0.0,0.0
2022-11-18 09:30:00-05:00,22.0,22.0,21.46179962158203,21.46179962158203,414,0.0,0.0,0.0
2022-11-21 12:30:00-05:00,21.1200008392334,21.1200008392334,21.1200008392334,21.1200008392334,0,0.0,0.0,0.0
2022-11-22 09:30:00-05:00,21.200000762939453,21.31060028076172,21.200000762939453,21.200000762939453,0,0.0,0.0,0.0
2022-11-23 09:30:00-05:00,21.514999389648438,21.514999389648438,21.514999389648438,21.514999389648438,39,0.0,0.0,0.0
2022-11-25 09:30:00-05:00,21.68000030517578,21.775699615478516,21.68000030517578,21.68000030517578,50,0.0,0.0,0.0
2022-12-01 13:30:00-05:00,22.729999542236328,22.770000457763672,22.725000381469727,22.770000457763672,434,0.0,0.0,0.0
2022-12-01 14:30:00-05:00,22.860000610351562,22.860000610351562,22.860000610351562,22.860000610351562,102,0.0,0.0,0.0
2022-12-01 15:30:00-05:00,22.93000030517578,22.93000030517578,22.8966007232666,22.8966007232666,100,0.0,0.0,0.0
2022-12-02 09:30:00-05:00,22.350000381469727,22.648000717163086,22.350000381469727,22.350000381469727,0,0.0,0.0,0.0
2022-12-06 14:30:00-05:00,21.354799270629883,21.354799270629883,21.354799270629883,21.354799270629883,0,0.0,0.0,0.0
2022-12-07 09:30:00-05:00,21.489999771118164,21.520599365234375,21.489999771118164,21.520599365234375,102,0.0,0.0,0.0
2022-12-08 13:30:00-05:00,22.270000457763672,22.31999969482422,22.270000457763672,22.299999237060547,1137,0.0,0.0,0.0
2022-12-08 14:30:00-05:00,22.184999465942383,22.184999465942383,22.176000595092773,22.176000595092773,346,0.0,0.0,0.0
2022-12-08 15:30:00-05:00,22.135000228881836,22.15999984741211,22.135000228881836,22.144399642944336,391,0.0,0.0,0.0
2022-12-09 09:30:00-05:00,22.329999923706055,22.335500717163086,22.177799224853516,22.177799224853516,0,0.0,0.0,0.0
2022-12-12 10:30:00-05:00,22.674999237060547,22.674999237060547,22.674999237060547,22.674999237060547,0,0.0,0.0,0.0
2022-12-12 12:30:00-05:00,22.790000915527344,22.790000915527344,22.790000915527344,22.790000915527344,105,0.0,0.0,0.0
2022-12-12 14:30:00-05:00,22.734800338745117,22.805299758911133,22.734800338745117,22.805299758911133,0,0.0,0.0,0.0
2022-12-13 09:30:00-05:00,23.90999984741211,24.34000015258789,23.889999389648438,24.040000915527344,23215,0.0,0.0,0.0
2022-12-13 10:30:00-05:00,23.520000457763672,23.520000457763672,23.520000457763672,23.520000457763672,108,0.0,0.0,0.0
2022-12-13 12:30:00-05:00,23.070100784301758,23.070100784301758,23.06999969482422,23.06999969482422,420,0.0,0.0,0.0
2022-12-13 14:30:00-05:00,23.285600662231445,23.29990005493164,23.285600662231445,23.29990005493164,887,0.0,0.0,0.0
2022-12-13 15:30:00-05:00,23.299999237060547,23.31999969482422,23.26609992980957,23.26609992980957,2086,0.0,0.0,0.0
2022-12-14 11:30:00-05:00,23.674999237060547,23.689199447631836,23.61989974975586,23.61989974975586,4107,0.0,0.0,0.0
2022-12-14 14:30:00-05:00,23.450000762939453,23.50160026550293,23.3700008392334,23.50160026550293,497,0.0,0.0,0.0
2022-12-15 09:30:00-05:00,22.989999771118164,22.989999771118164,22.40839958190918,22.587200164794922,0,0.0,0.0,0.0
2022-12-19 12:30:00-05:00,21.899999618530273,21.899999618530273,21.899999618530273,21.899999618530273,0,0.0,0.0,0.0
2022-12-19 15:30:00-05:00,21.690000534057617,21.690000534057617,21.689899444580078,21.690000534057617,9297,0.0,0.0,0.0
2022-12-20 09:30:00-05:00,21.84000015258789,22.06999969482422,21.83989906311035,21.860000610351562,0,0.0,0.0,0.0
2022-12-20 10:30:00-05:00,22.056400299072266,22.056400299072266,21.9685001373291,21.9685001373291,633,0.0,0.0,0.0
2022-12-20 11:30:00-05:00,21.829999923706055,21.829999923706055,21.829999923706055,21.829999923706055,427,0.0,0.0,0.0
2022-12-20 14:30:00-05:00,21.8700008392334,21.8700008392334,21.8700008392334,21.8700008392334,103,0.0,0.0,0.0
2022-12-21 13:30:00-05:00,22.139999389648438,22.139999389648438,22.11479949951172,22.11479949951172,255,0.0,0.0,0.0
2022-12-22 14:30:00-05:00,21.559999465942383,21.61199951171875,21.559999465942383,21.61199951171875,708,0.0,0.0,0.0
2022-12-23 11:30:00-05:00,21.290000915527344,21.299999237060547,21.239999771118164,21.239999771118164,15010,0.0,0.0,0.0
2022-12-23 12:30:00-05:00,21.260000228881836,21.260000228881836,21.260000228881836,21.260000228881836,301,0.0,0.0,0.0
2022-12-23 13:30:00-05:00,21.219999313354492,21.219999313354492,21.219999313354492,21.219999313354492,300,0.0,0.0,0.0
2022-12-23 15:30:00-05:00,21.31800079345703,21.31800079345703,21.31800079345703,21.31800079345703,178,0.0,0.0,0.0
2022-12-27 13:30:00-05:00,21.040000915527344,21.219999313354492,21.040000915527344,21.219999313354492,0,0.0,0.0,0.0
2022-12-27 14:30:00-05:00,21.020700454711914,21.020700454711914,20.973100662231445,20.973100662231445,0,0.0,0.0,0.0
2022-12-28 09:30:00-05:00,21.100000381469727,21.115999221801758,21.100000381469727,21.115999221801758,1000,0.0,0.0,0.0
2022-12-28 12:30:00-05:00,20.91629981994629,20.91629981994629,20.91629981994629,20.91629981994629,370,0.0,0.0,0.0
2022-12-28 13:30:00-05:00,20.950000762939453,20.950000762939453,20.8799991607666,20.8799991607666,423,0.0,0.0,0.0
2022-12-29 09:30:00-05:00,21.229999542236328,21.260099411010742,21.229999542236328,21.260099411010742,526,0.0,0.0,0.0
2022-12-30 09:30:00-05:00,21.3799991607666,21.4601993560791,21.3799991607666,21.4601993560791,0,0.0,0.0,0.0
2022-12-30 10:30:00-05:00,21.489999771118164,21.489999771118164,21.40999984741211,21.420000076293945,1500,0.0,0.0,0.0
2022-12-30 11:30:00-05:00,21.40999984741211,21.420000076293945,21.3799991607666,21.3799991607666,700,0.0,0.0,0.0
2022-12-30 12:30:00-05:00,21.3799991607666,21.3799991607666,21.31999969482422,21.31999969482422,458,0.0,0.0,0.0
2023-01-03 09:30:00-05:00,21.940000534057617,21.940000534057617,21.940000534057617,21.940000534057617,0,0.0,0.0,0.0
2023-01-04 09:30:00-05:00,21.860000610351562,21.860000610351562,21.860000610351562,21.860000610351562,0,0.0,0.0,0.0
2023-01-04 12:30:00-05:00,21.80500030517578,21.815000534057617,21.80500030517578,21.815000534057617,200,0.0,0.0,0.0
2023-01-04 13:30:00-05:00,21.780000686645508,21.799999237060547,21.649999618530273,21.709999084472656,804,0.0,0.0,0.0
2023-01-04 14:30:00-05:00,21.530000686645508,21.649999618530273,21.530000686645508,21.59000015258789,700,0.0,0.0,0.0
2023-01-04 15:30:00-05:00,21.549999237060547,21.597200393676758,21.450000762939453,21.597200393676758,583,0.0,0.0,0.0
2023-01-05 11:30:00-05:00,20.854999542236328,20.854999542236328,20.834999084472656,20.834999084472656,203,0.0,0.0,0.0
2023-01-05 15:30:00-05:00,20.760000228881836,20.760000228881836,20.760000228881836,20.760000228881836,159,0.0,0.0,0.0
2023-01-06 09:30:00-05:00,20.860000610351562,20.860000610351562,20.860000610351562,20.860000610351562,0,0.0,0.0,0.0
2023-01-06 10:30:00-05:00,20.809999465942383,20.816600799560547,20.809999465942383,20.816600799560547,300,0.0,0.0,0.0
2023-01-09 14:30:00-05:00,21.3799991607666,21.3799991607666,21.3799991607666,21.3799991607666,0,0.0,0.0,0.0
2023-01-11 10:30:00-05:00,21.846099853515625,22.176700592041016,21.846099853515625,22.01460075378418,0,0.0,0.0,0.0
2023-01-18 09:30:00-05:00,23.0,23.0,21.892799377441406,21.892799377441406,0,0.0,0.0,0.0
2023-01-20 09:30:00-05:00,22.059999465942383,22.655000686645508,22.059999465942383,22.655000686645508,201,0.0,0.0,0.0
2023-01-24 10:30:00-05:00,23.281400680541992,23.281400680541992,23.281400680541992,23.281400680541992,0,0.0,0.0,0.0
2023-01-25 09:30:00-05:00,22.68000030517578,22.68000030517578,22.68000030517578,22.68000030517578,446,0.0,0.0,0.0
2023-01-25 13:30:00-05:00,22.9950008392334,23.221099853515625,22.9950008392334,23.221099853515625,276,0.0,0.0,0.0
2023-01-26 10:30:00-05:00,23.270000457763672,23.270000457763672,23.270000457763672,23.270000457763672,0,0.0,0.0,0.0
2023-01-26 11:30:00-05:00,23.270000457763672,23.85540008544922,23.270000457763672,23.85540008544922,1002,0.0,0.0,0.0
2023-01-27 12:30:00-05:00,24.1299991607666,24.1299991607666,24.1299991607666,24.1299991607666,0,0.0,0.0,0.0
2023-01-27 15:30:00-05:00,24.325000762939453,24.325000762939453,24.321500778198242,24.321500778198242,411,0.0,0.0,0.0
2023-01-30 15:30:00-05:00,23.649999618530273,23.649999618530273,23.649999618530273,23.649999618530273,0,0.0,0.0,0.0
2023-01-31 12:30:00-05:00,23.969999313354492,24.09760093688965,23.969999313354492,24.09760093688965,0,0.0,0.0,0.0
2023-02-01 09:30:00-05:00,24.299999237060547,24.299999237060547,24.18000030517578,24.18000030517578,644,0.0,0.0,0.0
2023-02-01 10:30:00-05:00,24.350000381469727,24.350000381469727,24.239999771118164,24.239999771118164,541,0.0,0.0,0.0
2023-02-01 11:30:00-05:00,24.364999771118164,24.364999771118164,24.364999771118164,24.364999771118164,119,0.0,0.0,0.0
2023-02-01 15:30:00-05:00,25.34000015258789,25.34160041809082,25.34000015258789,25.34160041809082,0,0.0,0.0,0.0
2023-02-02 12:30:00-05:00,26.690000534057617,26.698999404907227,26.57710075378418,26.57710075378418,1116,0.0,0.0,0.0
2023-02-03 11:30:00-05:00,26.299999237060547,26.299999237060547,26.2450008392334,26.2450008392334,0,0.0,0.0,0.0
2023-02-03 12:30:00-05:00,26.299999237060547,26.299999237060547,26.241899490356445,26.280000686645508,408,0.0,0.0,0.0
2023-02-03 15:30:00-05:00,25.560100555419922,25.674999237060547,25.560100555419922,25.674999237060547,800,0.0,0.0,0.0
2023-02-07 09:30:00-05:00,24.989999771118164,25.74090003967285,24.989999771118164,25.74090003967285,0,0.0,0.0,0.0
2023-02-08 11:30:00-05:00,25.77899932861328,25.77899932861328,25.46190071105957,25.46190071105957,0,0.0,0.0,0.0
2023-02-13 10:30:00-05:00,25.469999313354492,25.510099411010742,25.469999313354492,25.510099411010742,390,0.0,0.0,0.0
2023-02-13 15:30:00-05:00,25.59000015258789,25.61199951171875,25.59000015258789,25.61199951171875,415,0.0,0.0,0.0
2023-02-14 09:30:00-05:00,25.540000915527344,25.679500579833984,25.540000915527344,25.679500579833984,0,0.0,0.0,0.0
2023-02-14 13:30:00-05:00,26.135700225830078,26.364200592041016,26.135700225830078,26.364200592041016,0,0.0,0.0,0.0
2023-02-15 14:30:00-05:00,27.06999969482422,27.06999969482422,27.01650047302246,27.01650047302246,145,0.0,0.0,0.0
2023-02-16 09:30:00-05:00,26.3799991607666,26.3799991607666,26.3799991607666,26.3799991607666,0,0.0,0.0,0.0
2023-02-16 10:30:00-05:00,26.59000015258789,26.75,26.248899459838867,26.248899459838867,0,0.0,0.0,0.0
2023-02-17 09:30:00-05:00,26.020000457763672,26.020000457763672,26.020000457763672,26.020000457763672,367,0.0,0.0,0.0
2023-02-17 10:30:00-05:00,25.8700008392334,25.8700008392334,25.8700008392334,25.8700008392334,260,0.0,0.0,0.0
2023-02-17 14:30:00-05:00,25.799999237060547,25.799999237060547,25.66010093688965,25.66010093688965,200,0.0,0.0,0.0
2023-02-23 09:30:00-05:00,25.0,25.0,25.0,25.0,0,0.0,0.0,0.0
2023-02-23 10:30:00-05:00,24.850000381469727,25.120899200439453,24.592899322509766,25.120899200439453,123,0.0,0.0,0.0
2023-02-28 09:30:00-05:00,24.510000228881836,24.600099563598633,24.510000228881836,24.600099563598633,301,0.0,0.0,0.0
2023-02-28 13:30:00-05:00,24.600000381469727,24.64739990234375,24.37619972229004,24.37619972229004,0,0.0,0.0,0.0
2023-03-06 12:30:00-05:00,25.0,25.0,24.822999954223633,24.822999954223633,2,0.0,0.0,0.0
2023-03-07 10:30:00-05:00,24.631999969482422,24.631999969482422,24.414600372314453,24.414600372314453,221,0.0,0.0,0.0
2023-03-09 09:30:00-05:00,24.280000686645508,24.280000686645508,23.420299530029297,23.420299530029297,229,0.0,0.0,0.0
2023-03-10 09:30:00-05:00,23.40999984741211,23.40999984741211,22.377899169921875,22.377899169921875,288,0.0,0.0,0.0
2023-03-13 09:30:00-04:00,22.5,22.925500869750977,22.5,22.925500869750977,0,0.0,0.0,0.0
2023-03-15 14:30:00-04:00,22.874000549316406,22.874000549316406,22.85849952697754,22.874000549316406,78,0.0,0.0,0.0
2023-03-16 13:30:00-04:00,23.149999618530273,23.20159912109375,22.968700408935547,22.968700408935547,26,0.0,0.0,0.0
2023-03-21 09:30:00-04:00,23.0,23.0,23.0,23.0,235,0.0,0.0,0.0
2023-03-21 11:30:00-04:00,23.25,23.512100219726562,22.755800247192383,22.755800247192383,0,0.0,0.0,0.0
2023-03-28 09:30:00-04:00,22.780000686645508,23.440000534057617,22.780000686645508,22.862899780273438,609,0.0,0.0,0.0
2023-03-30 14:30:00-04:00,23.56999969482422,23.590099334716797,23.56999969482422,23.590099334716797,18780,0.0,0.0,0.0
2023-03-31 09:30:00-04:00,23.6200008392334,23.6200008392334,23.6200008392334,23.6200008392334,0,0.0,0.0,0.0
2023-03-31 13:30:00-04:00,24.459999084472656,24.523300170898438,24.459999084472656,24.523300170898438,4162,0.0,0.0,0.0
2023-04-03 09:30:00-04:00,24.239999771118164,24.359100341796875,24.239999771118164,24.26740074157715,0,0.0,0.0,0.0
2023-04-10 13:30:00-04:00,23.799999237060547,23.799999237060547,23.799999237060547,23.799999237060547,0,0.0,0.0,0.0
2023-04-10 14:30:00-04:00,23.905000686645508,23.905000686645508,23.905000686645508,23.905000686645508,0,0.0,0.0,0.0
2023-04-10 15:30:00-04:00,24.0,24.0,23.891799926757812,23.978900909423828,617,0.0,0.0,0.0
2023-04-13 14:30:00-04:00,24.360000610351562,24.389799118041992,24.11090087890625,24.389799118041992,1070,0.0,0.0,0.0
2023-04-14 09:30:00-04:00,24.239999771118164,24.239999771118164,24.239999771118164,24.239999771118164,0,0.0,0.0,0.0
2023-04-14 12:30:00-04:00,24.059999465942383,24.059999465942383,24.059999465942383,24.059999465942383,150,0.0,0.0,0.0
2023-04-14 15:30:00-04:00,24.375699996948242,24.376800537109375,24.375699996948242,24.376800537109375,409,0.0,0.0,0.0
2023-04-17 11:30:00-04:00,24.344999313354492,24.405000686645508,24.344999313354492,24.405000686645508,118,0.0,0.0,0.0
2023-04-20 09:30:00-04:00,23.90999984741211,23.90999984741211,23.90999984741211,23.90999984741211,399,0.0,0.0,0.0
2023-04-20 10:30:00-04:00,23.8700008392334,23.8700008392334,23.8700008392334,23.8700008392334,196,0.0,0.0,0.0
2023-04-20 13:30:00-04:00,23.91990089416504,23.91990089416504,23.91990089416504,23.91990089416504,1000,0.0,0.0,0.0
2023-04-20 15:30:00-04:00,23.724700927734375,23.724700927734375,23.724700927734375,23.724700927734375,0,0.0,0.0,0.0
2023-04-21 13:30:00-04:00,23.479999542236328,23.855199813842773,23.479999542236328,23.855199813842773,0,0.0,0.0,0.0
2023-05-01 09:30:00-04:00,23.110000610351562,23.110000610351562,23.074199676513672,23.074199676513672,0,0.0,0.0,0.0
2023-05-02 09:30:00-04:00,22.52739906311035,23.030000686645508,22.52739906311035,22.52739906311035,0,0.0,0.0,0.0
2023-05-03 12:30:00-04:00,22.303300857543945,22.309999465942383,22.303300857543945,22.303300857543945,0,0.0,0.0,0.0
2023-05-04 09:30:00-04:00,22.915199279785156,22.915199279785156,22.530000686645508,22.915199279785156,221,0.0,0.0,0.0
2023-05-05 09:30:00-04:00,23.229999542236328,23.229999542236328,23.229999542236328,23.229999542236328,59,0.0,0.0,0.0
2023-05-05 10:30:00-04:00,23.250099182128906,23.268400192260742,23.250099182128906,23.268400192260742,0,0.0,0.0,0.0
2023-05-09 09:30:00-04:00,23.479999542236328,23.695199966430664,23.479999542236328,23.695199966430664,200,0.0,0.0,0.0
2023-05-10 09:30:00-04:00,23.979999542236328,23.979999542236328,23.979999542236328,23.979999542236328,0,0.0,0.0,0.0
2023-05-10 14:30:00-04:00,24.360000610351562,24.360000610351562,24.360000610351562,24.360000610351562,0,0.0,0.0,0.0
2023-05-10 15:30:00-04:00,24.359899520874023,24.359899520874023,24.356000900268555,24.356000900268555,20,0.0,0.0,0.0
2023-05-11 12:30:00-04:00,24.0,24.07379913330078,23.898799896240234,23.898799896240234,379,0.0,0.0,0.0
2023-05-15 09:30:00-04:00,24.010000228881836,24.010000228881836,24.010000228881836,24.010000228881836,0,0.0,0.0,0.0
2023-05-15 11:30:00-04:00,24.453699111938477,24.453699111938477,24.309999465942383,24.453699111938477,728,0.0,0.0,0.0
2023-05-16 15:30:00-04:00,24.25320053100586,24.25320053100586,24.25,24.25320053100586,370,0.0,0.0,0.0
2023-05-17 12:30:00-04:00,24.934799194335938,25.272300720214844,24.934799194335938,25.272300720214844,0,0.0,0.0,0.0
2023-05-18 09:30:00-04:00,25.47610092163086,25.47610092163086,25.47610092163086,25.47610092163086,0,0.0,0.0,0.0
2023-05-18 10:30:00-04:00,25.860000610351562,25.860000610351562,25.860000610351562,25.860000610351562,1259,0.0,0.0,0.0
2023-05-18 14:30:00-04:00,26.069900512695312,26.069900512695312,26.069900512695312,26.069900512695312,100,0.0,0.0,0.0
2023-05-18 15:30:00-04:00,26.030000686645508,26.129899978637695,26.030000686645508,26.07379913330078,0,0.0,0.0,0.0
2023-05-19 09:30:00-04:00,25.83060073852539,25.83060073852539,25.83060073852539,25.83060073852539,146,0.0,0.0,0.0
2023-05-23 14:30:00-04:00,26.030000686645508,26.030000686645508,25.989099502563477,25.989099502563477,274,0.0,0.0,0.0
2023-05-24 09:30:00-04:00,25.479999542236328,25.704999923706055,25.479999542236328,25.704999923706055,1140,0.0,0.0,0.0
2023-05-24 14:30:00-04:00,25.84000015258789,25.84000015258789,25.76110076904297,25.76110076904297,0,0.0,0.0,0.0
2023-05-25 09:30:00-04:00,26.209999084472656,26.209999084472656,26.209999084472656,26.209999084472656,340,0.0,0.0,0.0
2023-05-25 13:30:00-04:00,25.647899627685547,25.784000396728516,25.510000228881836,25.784000396728516,2130,0.0,0.0,0.0
2023-05-25 14:30:00-04:00,25.75,25.75,25.675100326538086,25.675100326538086,0,0.0,0.0,0.0
2023-05-26 09:30:00-04:00,25.950000762939453,25.950000762939453,25.950000762939453,25.950000762939453,0,0.0,0.0,0.0
2023-05-26 10:30:00-04:00,26.271799087524414,26.3700008392334,26.019800186157227,26.019800186157227,807,0.0,0.0,0.0
2023-05-30 09:30:00-04:00,26.709999084472656,26.760000228881836,26.709999084472656,26.760000228881836,0,0.0,0.0,0.0
2023-05-30 11:30:00-04:00,26.5,26.5,26.5,26.5,156,0.0,0.0,0.0
2023-05-30 12:30:00-04:00,26.6200008392334,26.6200008392334,26.6200008392334,26.6200008392334,0,0.0,0.0,0.0
2023-05-30 14:30:00-04:00,26.669200897216797,26.669200897216797,26.55590057373047,26.55590057373047,1015,0.0,0.0,0.0
2023-05-31 10:30:00-04:00,26.450000762939453,26.450000762939453,26.450000762939453,26.450000762939453,0,0.0,0.0,0.0
2023-05-31 14:30:00-04:00,26.949899673461914,26.949899673461914,26.874000549316406,26.949899673461914,200,0.0,0.0,0.0
2023-06-01 10:30:00-04:00,26.998199462890625,26.998199462890625,26.998199462890625,26.998199462890625,51,0.0,0.0,0.0
2023-06-01 11:30:00-04:00,27.024999618530273,27.076400756835938,27.024999618530273,27.076400756835938,0,0.0,0.0,0.0
2023-06-02 11:30:00-04:00,28.193300247192383,28.193300247192383,28.193300247192383,28.193300247192383,390,0.0,0.0,0.0
2023-06-02 12:30:00-04:00,28.209999084472656,28.209999084472656,28.209999084472656,28.209999084472656,242,0.0,0.0,0.0
2023-06-02 15:30:00-04:00,28.165000915527344,28.165000915527344,28.165000915527344,28.165000915527344,361,0.0,0.0,0.0
2023-06-05 09:30:00-04:00,27.959999084472656,27.959999084472656,27.899999618530273,27.899999618530273,0,0.0,0.0,0.0
2023-06-05 10:30:00-04:00,27.985599517822266,27.985599517822266,27.985599517822266,27.985599517822266,412,0.0,0.0,0.0
2023-06-05 14:30:00-04:00,28.149999618530273,28.260299682617188,28.149999618530273,28.260299682617188,774,0.0,0.0,0.0
2023-06-05 15:30:00-04:00,28.35110092163086,28.35110092163086,28.273700714111328,28.273700714111328,0,0.0,0.0,0.0
2023-06-06 09:30:00-04:00,28.290000915527344,28.420000076293945,28.280000686645508,28.420000076293945,0,0.0,0.0,0.0
2023-06-06 10:30:00-04:00,28.540000915527344,28.629899978637695,28.540000915527344,28.549999237060547,6885,0.0,0.0,0.0
2023-06-06 12:30:00-04:00,28.604999542236328,28.610000610351562,28.579999923706055,28.610000610351562,667,0.0,0.0,0.0
2023-06-06 13:30:00-04:00,28.529600143432617,28.55500030517578,28.529600143432617,28.55500030517578,220,0.0,0.0,0.0
2023-06-07 09:30:00-04:00,28.774999618530273,28.774999618530273,28.520000457763672,28.569900512695312,0,0.0,0.0,0.0
2023-06-07 10:30:00-04:00,28.514999389648438,28.690000534057617,28.21500015258789,28.295000076293945,4507,0.0,0.0,0.0
2023-06-07 11:30:00-04:00,28.170000076293945,28.170000076293945,28.155000686645508,28.155000686645508,2180,0.0,0.0,0.0
2023-06-07 12:30:00-04:00,27.915000915527344,27.915000915527344,27.915000915527344,27.915000915527344,761,0.0,0.0,0.0
2023-06-07 15:30:00-04:00,27.590099334716797,27.7012996673584,27.590099334716797,27.7012996673584,567,0.0,0.0,0.0
2023-06-08 09:30:00-04:00,28.280000686645508,28.280000686645508,27.514999389648438,27.59000015258789,0,0.0,0.0,0.0
2023-06-08 10:30:00-04:00,27.700199127197266,28.040000915527344,27.700199127197266,28.040000915527344,1255,0.0,0.0,0.0
2023-06-08 12:30:00-04:00,27.870100021362305,27.870100021362305,27.8700008392334,27.8700008392334,275,0.0,0.0,0.0
2023-06-09 09:30:00-04:00,28.190000534057617,28.681900024414062,28.190000534057617,28.600000381469727,2415,0.0,0.0,0.0
2023-06-09 10:30:00-04:00,28.65999984741211,28.700000762939453,28.338699340820312,28.338699340820312,4761,0.0,0.0,0.0
2023-06-09 11:30:00-04:00,28.218000411987305,28.218000411987305,28.1299991607666,28.1299991607666,606,0.0,0.0,0.0
2023-06-09 12:30:00-04:00,28.110000610351562,28.110000610351562,28.104999542236328,28.104999542236328,2147,0.0,0.0,0.0
2023-06-09 13:30:00-04:00,28.16939926147461,28.188199996948242,28.149999618530273,28.149999618530273,850,0.0,0.0,0.0
2023-06-12 09:30:00-04:00,28.329999923706055,28.329999923706055,28.329999923706055,28.329999923706055,0,0.0,0.0,0.0
2023-06-12 12:30:00-04:00,28.47719955444336,28.56999969482422,28.47719955444336,28.56999969482422,382,0.0,0.0,0.0
2023-06-12 14:30:00-04:00,28.59000015258789,28.649999618530273,28.560300827026367,28.649999618530273,892,0.0,0.0,0.0
2023-06-12 15:30:00-04:00,28.700000762939453,28.700000762939453,28.700000762939453,28.700000762939453,0,0.0,0.0,0.0
2023-06-13 09:30:00-04:00,28.850000381469727,28.850000381469727,28.690000534057617,28.690000534057617,915,0.0,0.0,0.0
2023-06-13 10:30:00-04:00,28.540000915527344,28.709999084472656,28.50629997253418,28.665000915527344,14538,0.0,0.0,0.0
2023-06-13 11:30:00-04:00,28.764999389648438,28.764999389648438,28.764999389648438,28.764999389648438,501,0.0,0.0,0.0
2023-06-13 12:30:00-04:00,28.860000610351562,28.860000610351562,28.860000610351562,28.860000610351562,527,0.0,0.0,0.0
2023-06-13 13:30:00-04:00,28.8218994140625,28.8218994140625,28.66699981689453,28.801799774169922,0,0.0,0.0,0.0
2023-06-14 09:30:00-04:00,28.790000915527344,28.790000915527344,28.579999923706055,28.579999923706055,647,0.0,0.0,0.0
2023-06-14 13:30:00-04:00,28.5,28.566099166870117,28.312400817871094,28.566099166870117,0,0.0,0.0,0.0
2023-06-15 09:30:00-04:00,28.290000915527344,28.584999084472656,28.290000915527344,28.584999084472656,300,0.0,0.0,0.0
2023-06-15 10:30:00-04:00,28.665000915527344,28.665000915527344,28.665000915527344,28.665000915527344,762,0.0,0.0,0.0
2023-06-15 14:30:00-04:00,28.9950008392334,29.035200119018555,28.96500015258789,29.035200119018555,1371,0.0,0.0,0.0
2023-06-16 09:30:00-04:00,28.864999771118164,28.864999771118164,28.864999771118164,28.864999771118164,0,0.0,0.0,0.0
2023-06-16 10:30:00-04:00,28.8700008392334,28.8700008392334,28.8700008392334,28.8700008392334,100,0.0,0.0,0.0
2023-06-16 11:30:00-04:00,28.799999237060547,28.799999237060547,28.658100128173828,28.658100128173828,604,0.0,0.0,0.0
2023-06-16 12:30:00-04:00,28.81999969482422,28.860000610351562,28.670000076293945,28.670000076293945,1054,0.0,0.0,0.0
2023-06-16 13:30:00-04:00,28.684999465942383,28.684999465942383,28.65999984741211,28.65999984741211,1271,0.0,0.0,0.0
2023-06-16 14:30:00-04:00,28.700000762939453,28.700000762939453,28.649999618530273,28.692699432373047,256,0.0,0.0,0.0
2023-06-20 09:30:00-04:00,28.5,28.5,28.5,28.5,0,0.0,0.0,0.0
2023-06-20 10:30:00-04:00,28.302900314331055,28.302900314331055,28.302900314331055,28.302900314331055,101,0.0,0.0,0.0
2023-06-20 11:30:00-04:00,28.3799991607666,28.3799991607666,28.3799991607666,28.3799991607666,560,0.0,0.0,0.0
2023-06-20 13:30:00-04:00,28.520000457763672,29.1299991607666,28.520000457763672,29.1299991607666,604,0.0,0.0,0.0
2023-06-20 15:30:00-04:00,28.61199951171875,28.61199951171875,28.540800094604492,28.540800094604492,0,0.0,0.0,0.0
2023-06-21 09:30:00-04:00,28.780000686645508,28.780000686645508,28.090099334716797,28.090099334716797,1313,0.0,0.0,0.0
2023-06-21 10:30:00-04:00,28.0,28.0,28.0,28.0,500,0.0,0.0,0.0
2023-06-21 12:30:00-04:00,28.049999237060547,28.049999237060547,28.049999237060547,28.049999237060547,350,0.0,0.0,0.0
2023-06-21 14:30:00-04:00,28.290000915527344,28.290000915527344,28.176599502563477,28.176599502563477,221,0.0,0.0,0.0
2023-06-21 15:30:00-04:00,28.170000076293945,28.179000854492188,28.110000610351562,28.110000610351562,802,0.0,0.0,0.0
2023-06-22 09:30:00-04:00,28.559999465942383,28.559999465942383,27.520000457763672,27.559999465942383,0,0.0,0.0,0.0
2023-06-22 10:30:00-04:00,27.719999313354492,27.719999313354492,27.719999313354492,27.719999313354492,253,0.0,0.0,0.0
2023-06-22 11:30:00-04:00,27.93000030517578,27.93000030517578,27.93000030517578,27.93000030517578,102,0.0,0.0,0.0
2023-06-22 12:30:00-04:00,27.90999984741211,27.90999984741211,27.809999465942383,27.809999465942383,452,0.0,0.0,0.0
2023-06-22 13:30:00-04:00,27.860000610351562,27.860000610351562,27.860000610351562,27.860000610351562,703,0.0,0.0,0.0
2023-06-22 14:30:00-04:00,27.93000030517578,27.93000030517578,27.93000030517578,27.93000030517578,100,0.0,0.0,0.0
2023-06-22 15:30:00-04:00,27.860000610351562,27.963899612426758,27.860000610351562,27.963899612426758,0,0.0,0.0,0.0
2023-06-23 10:30:00-04:00,27.5,27.5,27.5,27.5,116,0.0,0.0,0.0
2023-06-23 15:30:00-04:00,27.543800354003906,27.543800354003906,27.525699615478516,27.525699615478516,1000,0.0,0.0,0.0
2023-06-26 09:30:00-04:00,27.575000762939453,27.575000762939453,27.575000762939453,27.575000762939453,0,0.0,0.0,0.0
2023-06-26 12:30:00-04:00,27.23539924621582,27.23539924621582,27.23539924621582,27.23539924621582,223,0.0,0.0,0.0
2023-06-26 13:30:00-04:00,27.34000015258789,27.34000015258789,27.34000015258789,27.34000015258789,408,0.0,0.0,0.0
2023-06-26 14:30:00-04:00,27.360000610351562,27.360000610351562,27.325000762939453,27.325000762939453,1380,0.0,0.0,0.0
2023-06-26 15:30:00-04:00,27.309900283813477,27.309900283813477,27.194799423217773,27.194799423217773,0,0.0,0.0,0.0
2023-06-27 09:30:00-04:00,27.299999237060547,27.299999237060547,27.299999237060547,27.299999237060547,804,0.0,0.0,0.0
2023-06-27 12:30:00-04:00,27.800399780273438,27.800399780273438,27.59160041809082,27.800399780273438,318,0.0,0.0,0.0
2023-06-28 09:30:00-04:00,28.129600524902344,28.129600524902344,28.100000381469727,28.100000381469727,639,0.0,0.0,0.0
2023-06-29 09:30:00-04:00,28.343599319458008,28.343599319458008,28.343599319458008,28.343599319458008,0,0.0,0.0,0.0
2023-06-30 12:30:00-04:00,28.94499969482422,28.94499969482422,28.740100860595703,28.740100860595703,2131,0.0,0.0,0.0
2023-07-03 10:30:00-04:00,28.739999771118164,28.739999771118164,28.704999923706055,28.739999771118164,0,0.0,0.0,0.0
2023-07-05 09:30:00-04:00,28.549999237060547,28.549999237060547,28.549999237060547,28.549999237060547,0,0.0,0.0,0.0
2023-07-05 12:30:00-04:00,28.48040008544922,28.48040008544922,28.48040008544922,28.48040008544922,500,0.0,0.0,0.0
2023-07-05 14:30:00-04:00,28.619800567626953,28.788999557495117,28.619800567626953,28.619800567626953,100,0.0,0.0,0.0
2023-07-07 11:30:00-04:00,28.510000228881836,28.564699172973633,28.510000228881836,28.510000228881836,0,0.0,0.0,0.0
2023-07-07 15:30:00-04:00,28.510000228881836,28.510000228881836,28.43400001525879,28.43400001525879,300,0.0,0.0,0.0
2023-07-10 09:30:00-04:00,28.440000534057617,28.440000534057617,28.385000228881836,28.385000228881836,110,0.0,0.0,0.0
2023-07-10 11:30:00-04:00,28.700000762939453,28.700000762939453,28.700000762939453,28.700000762939453,484,0.0,0.0,0.0
2023-07-10 12:30:00-04:00,28.959999084472656,28.959999084472656,28.959999084472656,28.959999084472656,229,0.0,0.0,0.0
2023-07-10 15:30:00-04:00,29.229999542236328,29.229999542236328,29.20949935913086,29.20949935913086,0,0.0,0.0,0.0
2023-07-11 09:30:00-04:00,29.920000076293945,29.920000076293945,29.2544002532959,29.2544002532959,2088,0.0,0.0,0.0
2023-07-11 10:30:00-04:00,29.459999084472656,29.459999084472656,29.459999084472656,29.459999084472656,0,0.0,0.0,0.0
2023-07-11 15:30:00-04:00,29.635000228881836,29.709999084472656,29.635000228881836,29.703699111938477,0,0.0,0.0,0.0
2023-07-12 09:30:00-04:00,29.989999771118164,29.989999771118164,29.760000228881836,29.760000228881836,484,0.0,0.0,0.0
2023-07-12 11:30:00-04:00,29.75,29.75,29.75,29.75,131,0.0,0.0,0.0
2023-07-12 12:30:00-04:00,29.690000534057617,29.690000534057617,29.690000534057617,29.690000534057617,105,0.0,0.0,0.0
2023-07-12 15:30:00-04:00,29.777599334716797,29.777599334716797,29.777599334716797,29.777599334716797,0,0.0,0.0,0.0
2023-07-13 09:30:00-04:00,30.280000686645508,30.280000686645508,30.280000686645508,30.280000686645508,144,0.0,0.0,0.0
2023-07-13 12:30:00-04:00,30.440000534057617,30.530000686645508,30.440000534057617,30.530000686645508,267,0.0,0.0,0.0
2023-07-13 13:30:00-04:00,30.61989974975586,30.61989974975586,30.597999572753906,30.597999572753906,0,0.0,0.0,0.0
2023-07-14 09:30:00-04:00,30.691999435424805,30.691999435424805,30.13279914855957,30.13279914855957,682,0.0,0.0,0.0
2023-07-17 09:30:00-04:00,30.209999084472656,30.209999084472656,30.209999084472656,30.209999084472656,0,0.0,0.0,0.0
2023-07-17 13:30:00-04:00,30.695100784301758,30.695100784301758,30.695100784301758,30.695100784301758,505,0.0,0.0,0.0
2023-07-17 14:30:00-04:00,30.561599731445312,30.561599731445312,30.561599731445312,30.561599731445312,0,0.0,0.0,0.0
2023-07-18 10:30:00-04:00,30.649999618530273,30.649999618530273,30.649999618530273,30.649999618530273,222,0.0,0.0,0.0
2023-07-18 15:30:00-04:00,30.93000030517578,30.939300537109375,30.83530044555664,30.83530044555664,0,0.0,0.0,0.0
2023-07-19 09:30:00-04:00,31.190000534057617,31.25,31.1299991607666,31.1299991607666,553,0.0,0.0,0.0
2023-07-19 11:30:00-04:00,31.219999313354492,31.219999313354492,31.0,31.0,529,0.0,0.0,0.0
2023-07-19 15:30:00-04:00,31.0049991607666,31.0049991607666,31.0049991607666,31.0049991607666,0,0.0,0.0,0.0
2023-07-20 13:30:00-04:00,30.143999099731445,30.143999099731445,30.06999969482422,30.06999969482422,921,0.0,0.0,0.0
2023-07-20 14:30:00-04:00,29.940000534057617,29.940000534057617,29.93000030517578,29.93000030517578,803,0.0,0.0,0.0
2023-07-20 15:30:00-04:00,30.020000457763672,30.020000457763672,30.020000457763672,30.020000457763672,0,0.0,0.0,0.0
2023-07-21 10:30:00-04:00,30.010000228881836,30.010000228881836,30.010000228881836,30.010000228881836,200,0.0,0.0,0.0
2023-07-21 11:30:00-04:00,30.020000457763672,30.020000457763672,29.969999313354492,29.969999313354492,1598,0.0,0.0,0.0
2023-07-21 13:30:00-04:00,30.1200008392334,30.1200008392334,30.1200008392334,30.1200008392334,274,0.0,0.0,0.0
2023-07-21 14:30:00-04:00,29.93000030517578,29.93000030517578,29.889999389648438,29.889999389648438,412,0.0,0.0,0.0
2023-07-24 13:30:00-04:00,29.739900588989258,30.088300704956055,29.731700897216797,30.088300704956055,246,0.0,0.0,0.0
2023-07-26 09:30:00-04:00,29.799999237060547,29.799999237060547,29.799999237060547,29.799999237060547,395,0.0,0.0,0.0
2023-07-26 10:30:00-04:00,29.67009925842285,29.67009925842285,29.67009925842285,29.67009925842285,208,0.0,0.0,0.0
2023-07-26 12:30:00-04:00,29.729999542236328,29.90880012512207,29.729999542236328,29.90880012512207,0,0.0,0.0,0.0
2023-07-27 09:30:00-04:00,30.239999771118164,30.239999771118164,30.0,30.0,927,0.0,0.0,0.0
2023-07-27 11:30:00-04:00,29.8799991607666,29.88010025024414,29.860000610351562,29.860000610351562,793,0.0,0.0,0.0
2023-07-27 13:30:00-04:00,29.684999465942383,29.684999465942383,29.684999465942383,29.684999465942383,140,0.0,0.0,0.0
2023-07-27 14:30:00-04:00,29.35580062866211,29.35580062866211,29.35580062866211,29.35580062866211,0,0.0,0.0,0.0
2023-07-31 09:30:00-04:00,30.18000030517578,30.708499908447266,30.18000030517578,30.708499908447266,345,0.0,0.0,0.0
2023-07-31 10:30:00-04:00,30.645000457763672,30.645000457763672,30.645000457763672,30.645000457763672,425,0.0,0.0,0.0
2023-07-31 12:30:00-04:00,30.58989906311035,30.58989906311035,30.533000946044922,30.533000946044922,1331,0.0,0.0,0.0
2023-07-31 13:30:00-04:00,30.610000610351562,30.610000610351562,30.610000610351562,30.610000610351562,226,0.0,0.0,0.0
2023-07-31 15:30:00-04:00,30.770000457763672,30.770000457763672,30.741100311279297,30.741100311279297,325,0.0,0.0,0.0
2023-08-01 09:30:00-04:00,30.290000915527344,30.290000915527344,30.08810043334961,30.08810043334961,0,0.0,0.0,0.0
2023-08-01 12:30:00-04:00,30.31999969482422,30.31999969482422,30.31999969482422,30.31999969482422,351,0.0,0.0,0.0
2023-08-01 13:30:00-04:00,30.440000534057617,30.440000534057617,30.440000534057617,30.440000534057617,549,0.0,0.0,0.0
2023-08-01 15:30:00-04:00,30.429899215698242,30.43000030517578,30.423099517822266,30.423099517822266,0,0.0,0.0,0.0
2023-08-02 09:30:00-04:00,29.430099487304688,29.510000228881836,29.430099487304688,29.510000228881836,468,0.0,0.0,0.0
2023-08-02 13:30:00-04:00,29.059999465942383,29.059999465942383,29.059999465942383,29.059999465942383,0,0.0,0.0,0.0
2023-08-02 15:30:00-04:00,28.883800506591797,28.93000030517578,28.883800506591797,28.883800506591797,956,0.0,0.0,0.0
2023-08-03 09:30:00-04:00,28.97960090637207,28.97960090637207,28.97960090637207,28.97960090637207,0,0.0,0.0,0.0
2023-08-03 10:30:00-04:00,29.12809944152832,29.12809944152832,29.12809944152832,29.12809944152832,0,0.0,0.0,0.0
2023-08-04 10:30:00-04:00,29.508399963378906,29.508399963378906,29.508399963378906,29.508399963378906,0,0.0,0.0,0.0
2023-08-04 13:30:00-04:00,29.360000610351562,29.360000610351562,29.34000015258789,29.34000015258789,650,0.0,0.0,0.0
2023-08-04 14:30:00-04:00,29.200000762939453,29.200000762939453,28.99690055847168,28.99690055847168,467,0.0,0.0,0.0
2023-08-07 12:30:00-04:00,28.739200592041016,28.739200592041016,28.739200592041016,28.739200592041016,0,0.0,0.0,0.0
2023-08-08 09:30:00-04:00,27.7549991607666,27.7549991607666,27.6299991607666,27.6299991607666,865,0.0,0.0,0.0
2023-08-08 13:30:00-04:00,27.549999237060547,27.549999237060547,27.549999237060547,27.549999237060547,103,0.0,0.0,0.0
2023-08-08 14:30:00-04:00,27.60849952697754,27.6299991607666,27.60849952697754,27.6299991607666,232,0.0,0.0,0.0
2023-08-09 09:30:00-04:00,27.649999618530273,27.649999618530273,27.5,27.5,17,0.0,0.0,0.0
2023-08-09 12:30:00-04:00,27.1648006439209,27.1648006439209,27.1648006439209,27.1648006439209,0,0.0,0.0,0.0
2023-08-10 10:30:00-04:00,27.25,27.25,27.25,27.25,181,0.0,0.0,0.0
2023-08-10 12:30:00-04:00,27.318599700927734,27.318599700927734,27.318599700927734,27.318599700927734,0,0.0,0.0,0.0
2023-08-11 14:30:00-04:00,27.350000381469727,27.350000381469727,27.294300079345703,27.294300079345703,135,0.0,0.0,0.0
2023-08-14 12:30:00-04:00,27.470800399780273,27.470800399780273,27.470800399780273,27.470800399780273,0,0.0,0.0,0.0
2023-08-15 11:30:00-04:00,27.524200439453125,27.524200439453125,27.450000762939453,27.450000762939453,407,0.0,0.0,0.0
2023-08-15 14:30:00-04:00,27.40999984741211,27.485000610351562,27.372800827026367,27.372800827026367,328,0.0,0.0,0.0
2023-08-16 10:30:00-04:00,27.416400909423828,27.416400909423828,27.404300689697266,27.404300689697266,545,0.0,0.0,0.0
2023-08-16 11:30:00-04:00,27.209999084472656,27.270000457763672,27.162599563598633,27.162599563598633,332,0.0,0.0,0.0
2023-08-17 09:30:00-04:00,27.15999984741211,27.15999984741211,27.15999984741211,27.15999984741211,0,0.0,0.0,0.0
2023-08-17 10:30:00-04:00,26.70009994506836,26.70009994506836,26.700000762939453,26.700000762939453,587,0.0,0.0,0.0
2023-08-17 12:30:00-04:00,26.630800247192383,26.790000915527344,26.630800247192383,26.630800247192383,258,0.0,0.0,0.0
2023-08-18 09:30:00-04:00,26.23900032043457,26.642900466918945,26.209999084472656,26.642900466918945,146,0.0,0.0,0.0
2023-08-21 09:30:00-04:00,26.850000381469727,26.850000381469727,26.350000381469727,26.350000381469727,0,0.0,0.0,0.0
2023-08-21 10:30:00-04:00,26.719999313354492,26.719999313354492,26.719999313354492,26.719999313354492,231,0.0,0.0,0.0
2023-08-21 11:30:00-04:00,26.819299697875977,26.819299697875977,26.819299697875977,26.819299697875977,0,0.0,0.0,0.0
2023-08-22 15:30:00-04:00,26.981399536132812,27.354299545288086,26.981399536132812,27.354299545288086,77,0.0,0.0,0.0
2023-08-24 10:30:00-04:00,26.938600540161133,26.938600540161133,26.938600540161133,26.938600540161133,0,0.0,0.0,0.0
2023-08-25 15:30:00-04:00,27.165000915527344,27.165000915527344,27.081199645996094,27.081199645996094,100,0.0,0.0,0.0
2023-08-31 09:30:00-04:00,27.8700008392334,28.0,27.8700008392334,27.975000381469727,418,0.0,0.0,0.0
2023-09-01 09:30:00-04:00,28.43000030517578,28.459999084472656,28.394699096679688,28.394699096679688,210,0.0,0.0,0.0
2023-09-05 15:30:00-04:00,28.35610008239746,28.41010093688965,28.35610008239746,28.41010093688965,0,0.0,0.0,0.0
2023-09-07 10:30:00-04:00,27.979999542236328,28.098600387573242,27.979999542236328,28.098600387573242,0,0.0,0.0,0.0
2023-09-11 13:30:00-04:00,28.360000610351562,28.44529914855957,28.360000610351562,28.44529914855957,243,0.0,0.0,0.0
2023-09-12 09:30:00-04:00,28.350000381469727,28.350000381469727,28.09670066833496,28.09670066833496,39,0.0,0.0,0.0
2023-09-13 09:30:00-04:00,28.010000228881836,28.010000228881836,27.5,27.852399826049805,1034,0.0,0.0,0.0
2023-09-14 09:30:00-04:00,27.920000076293945,27.920000076293945,27.86319923400879,27.86319923400879,0,0.0,0.0,0.0
2023-09-15 11:30:00-04:00,27.53420066833496,27.53420066833496,27.53420066833496,27.53420066833496,0,0.0,0.0,0.0
2023-09-15 14:30:00-04:00,27.40999984741211,27.40999984741211,27.40999984741211,27.40999984741211,200,0.0,0.0,0.0
2023-09-15 15:30:00-04:00,27.489999771118164,27.497499465942383,27.489999771118164,27.497499465942383,300,0.0,0.0,0.0
2023-09-18 11:30:00-04:00,27.549999237060547,27.549999237060547,27.549999237060547,27.549999237060547,0,0.0,0.0,0.0
2023-09-18 12:30:00-04:00,27.7007999420166,27.7007999420166,27.635099411010742,27.635099411010742,20,0.0,0.0,0.0
2023-09-19 09:30:00-04:00,27.520000457763672,27.520000457763672,27.229999542236328,27.29170036315918,956,0.0,0.0,0.0
2023-09-20 09:30:00-04:00,27.530000686645508,27.530000686645508,27.248699188232422,27.248699188232422,0,0.0,0.0,0.0
2023-09-21 09:30:00-04:00,27.239999771118164,27.239999771118164,27.239999771118164,27.239999771118164,628,0.0,0.0,0.0
2023-09-21 13:30:00-04:00,27.170000076293945,27.170000076293945,27.170000076293945,27.170000076293945,259,0.0,0.0,0.0
2023-09-21 15:30:00-04:00,27.030000686645508,27.0403995513916,27.020000457763672,27.0403995513916,300,0.0,0.0,0.0
2023-09-22 09:30:00-04:00,27.100000381469727,27.182300567626953,27.100000381469727,27.182300567626953,0,0.0,0.0,0.0
2023-09-26 09:30:00-04:00,27.170000076293945,27.17009925842285,26.78070068359375,26.78070068359375,83,0.0,0.0,0.0
2023-09-27 14:30:00-04:00,27.149999618530273,27.387699127197266,27.090099334716797,27.387699127197266,0,0.0,0.0,0.0
2023-09-29 09:30:00-04:00,27.766000747680664,27.766000747680664,27.534900665283203,27.534900665283203,206,0.0,0.0,0.0
2023-10-02 14:30:00-04:00,27.31999969482422,27.44890022277832,27.309999465942383,27.44890022277832,696,0.0,0.0,0.0
2023-10-03 09:30:00-04:00,27.242000579833984,27.242000579833984,26.77899932861328,26.77899932861328,229,0.0,0.0,0.0
2023-10-04 09:30:00-04:00,27.18000030517578,27.18000030517578,27.18000030517578,27.18000030517578,110,0.0,0.0,0.0
2023-10-04 13:30:00-04:00,26.850000381469727,27.010000228881836,26.780099868774414,27.010000228881836,200,0.0,0.0,0.0
2023-10-05 09:30:00-04:00,27.049999237060547,27.049999237060547,27.049999237060547,27.049999237060547,0,0.0,0.0,0.0
2023-10-05 12:30:00-04:00,26.84000015258789,27.824199676513672,26.84000015258789,27.824199676513672,0,0.0,0.0,0.0
2023-10-09 12:30:00-04:00,27.700000762939453,27.741100311279297,27.700000762939453,27.741100311279297,343,0.0,0.0,0.0
2023-10-09 14:30:00-04:00,27.932100296020508,27.932100296020508,27.895099639892578,27.895099639892578,0,0.0,0.0,0.0
2023-10-10 11:30:00-04:00,28.18000030517578,28.25119972229004,28.18000030517578,28.25119972229004,605,0.0,0.0,0.0
2023-10-10 12:30:00-04:00,28.170000076293945,28.170000076293945,28.014799118041992,28.014799118041992,143,0.0,0.0,0.0
2023-10-11 09:30:00-04:00,28.079999923706055,28.079999923706055,28.074899673461914,28.074899673461914,0,0.0,0.0,0.0
2023-10-16 09:30:00-04:00,27.200000762939453,27.200000762939453,27.200000762939453,27.200000762939453,212,0.0,0.0,0.0
2023-10-16 11:30:00-04:00,27.739999771118164,27.739999771118164,27.739999771118164,27.739999771118164,129,0.0,0.0,0.0
2023-10-16 12:30:00-04:00,27.850000381469727,27.850000381469727,27.850000381469727,27.850000381469727,1000,0.0,0.0,0.0
2023-10-16 13:30:00-04:00,27.790000915527344,27.799999237060547,27.78499984741211,27.79990005493164,1462,0.0,0.0,0.0
2023-10-16 15:30:00-04:00,27.799999237060547,27.799999237060547,27.78499984741211,27.78499984741211,0,0.0,0.0,0.0
2023-10-17 10:30:00-04:00,27.84000015258789,27.84000015258789,27.757200241088867,27.757200241088867,220,0.0,0.0,0.0
2023-10-18 09:30:00-04:00,27.510000228881836,27.729900360107422,27.510000228881836,27.6830997467041,1728,0.0,0.0,0.0
2023-10-18 15:30:00-04:00,27.19849967956543,27.270099639892578,27.16010093688965,27.270099639892578,0,0.0,0.0,0.0
2023-10-19 09:30:00-04:00,26.18000030517578,26.18000030517578,26.18000030517578,26.18000030517578,102,0.0,0.0,0.0
2023-10-19 11:30:00-04:00,27.56599998474121,27.56599998474121,27.14620018005371,27.14620018005371,0,0.0,0.0,0.0
2023-10-20 09:30:00-04:00,27.010099411010742,27.07990074157715,26.729999542236328,26.730100631713867,708,0.0,0.0,0.0
2023-10-20 10:30:00-04:00,26.600000381469727,26.602399826049805,26.600000381469727,26.602399826049805,210,0.0,0.0,0.0
2023-10-23 09:30:00-04:00,26.440000534057617,26.440000534057617,26.327999114990234,26.327999114990234,0,0.0,0.0,0.0
2023-10-23 12:30:00-04:00,26.600000381469727,26.600000381469727,26.600000381469727,26.600000381469727,514,0.0,0.0,0.0
2023-10-23 14:30:00-04:00,26.702299118041992,26.702299118041992,26.702299118041992,26.702299118041992,494,0.0,0.0,0.0
2023-10-23 15:30:00-04:00,26.568099975585938,26.64889907836914,26.54560089111328,26.54560089111328,780,0.0,0.0,0.0
2023-10-24 09:30:00-04:00,26.799999237060547,26.799999237060547,26.799999237060547,26.799999237060547,0,0.0,0.0,0.0
2023-10-24 11:30:00-04:00,26.979999542236328,27.006399154663086,26.910600662231445,26.920000076293945,1757,0.0,0.0,0.0
2023-10-24 12:30:00-04:00,26.841299057006836,26.841299057006836,26.841299057006836,26.841299057006836,446,0.0,0.0,0.0
2023-10-25 09:30:00-04:00,27.0,27.0,27.0,27.0,0,0.0,0.0,0.0
2023-10-25 13:30:00-04:00,26.315000534057617,26.315000534057617,26.2189998626709,26.2189998626709,262,0.0,0.0,0.0
2023-10-26 09:30:00-04:00,26.149999618530273,26.295000076293945,25.981599807739258,25.981599807739258,528,0.0,0.0,0.0
2023-10-27 09:30:00-04:00,26.15169906616211,26.15169906616211,26.018800735473633,26.018800735473633,0,0.0,0.0,0.0
2023-10-27 10:30:00-04:00,25.969999313354492,25.969999313354492,25.898000717163086,25.898000717163086,327,0.0,0.0,0.0
2023-11-01 09:30:00-04:00,26.360000610351562,26.360000610351562,26.130599975585938,26.130599975585938,0,0.0,0.0,0.0
2023-11-02 10:30:00-04:00,26.272600173950195,26.51799964904785,26.272600173950195,26.51799964904785,234,0.0,0.0,0.0
2023-11-03 09:30:00-04:00,26.639999389648438,27.420000076293945,26.639999389648438,27.420000076293945,578,0.0,0.0,0.0
2023-11-06 09:30:00-05:00,27.450000762939453,27.450000762939453,27.145099639892578,27.145099639892578,0,0.0,0.0,0.0
2023-11-07 09:30:00-05:00,28.25,28.25,28.25,28.25,381,0.0,0.0,0.0
2023-11-07 11:30:00-05:00,28.24090003967285,28.24090003967285,28.24090003967285,28.24090003967285,1321,0.0,0.0,0.0
2023-11-07 14:30:00-05:00,28.239999771118164,28.239999771118164,28.23390007019043,28.23390007019043,105,0.0,0.0,0.0
2023-11-08 09:30:00-05:00,28.25,28.25,28.25,28.25,0,0.0,0.0,0.0
2023-11-08 13:30:00-05:00,28.079999923706055,28.079999923706055,28.079999923706055,28.079999923706055,178,0.0,0.0,0.0
2023-11-08 15:30:00-05:00,28.110000610351562,28.110000610351562,28.108699798583984,28.108699798583984,0,0.0,0.0,0.0
2023-11-09 14:30:00-05:00,27.969200134277344,27.969200134277344,27.808700561523438,27.808700561523438,342,0.0,0.0,0.0
2023-11-10 10:30:00-05:00,28.30500030517578,28.30500030517578,28.30500030517578,28.30500030517578,259,0.0,0.0,0.0
2023-11-10 13:30:00-05:00,28.56999969482422,28.590099334716797,28.56999969482422,28.590099334716797,217,0.0,0.0,0.0
2023-11-13 09:30:00-05:00,28.3700008392334,28.3700008392334,28.3700008392334,28.3700008392334,424,0.0,0.0,0.0
2023-11-13 11:30:00-05:00,28.550100326538086,28.550100326538086,28.550100326538086,28.550100326538086,201,0.0,0.0,0.0
2023-11-13 12:30:00-05:00,28.58989906311035,28.58989906311035,28.5,28.5,433,0.0,0.0,0.0
2023-11-13 15:30:00-05:00,28.6387996673584,28.6387996673584,28.577299118041992,28.577299118041992,700,0.0,0.0,0.0
2023-11-14 09:30:00-05:00,29.139999389648438,29.418800354003906,29.139999389648438,29.290000915527344,0,0.0,0.0,0.0
2023-11-14 10:30:00-05:00,29.364999771118164,29.420000076293945,29.350000381469727,29.420000076293945,532,0.0,0.0,0.0
2023-11-14 13:30:00-05:00,29.309999465942383,29.469999313354492,29.309999465942383,29.469999313354492,300,0.0,0.0,0.0
2023-11-14 14:30:00-05:00,29.450000762939453,29.510000228881836,29.450000762939453,29.467300415039062,0,0.0,0.0,0.0
2023-11-15 10:30:00-05:00,29.968799591064453,29.968799591064453,29.968799591064453,29.968799591064453,100,0.0,0.0,0.0
2023-11-15 11:30:00-05:00,29.69930076599121,29.69930076599121,29.69930076599121,29.69930076599121,226,0.0,0.0,0.0
2023-11-15 13:30:00-05:00,29.610000610351562,29.610000610351562,29.610000610351562,29.610000610351562,183,0.0,0.0,0.0
2023-11-15 14:30:00-05:00,29.609899520874023,29.609899520874023,29.609899520874023,29.609899520874023,100,0.0,0.0,0.0
2023-11-15 15:30:00-05:00,29.46500015258789,29.539899826049805,29.44930076599121,29.44930076599121,0,0.0,0.0,0.0
2023-11-16 10:30:00-05:00,29.252300262451172,29.252300262451172,29.1299991607666,29.1299991607666,1423,0.0,0.0,0.0
2023-11-16 11:30:00-05:00,29.35700035095215,29.35700035095215,29.35700035095215,29.35700035095215,100,0.0,0.0,0.0
2023-11-16 12:30:00-05:00,29.45989990234375,29.45989990234375,29.3799991607666,29.449899673461914,1384,0.0,0.0,0.0
2023-11-16 13:30:00-05:00,29.170000076293945,29.170299530029297,29.170000076293945,29.17020034790039,500,0.0,0.0,0.0
2023-11-16 14:30:00-05:00,29.239999771118164,29.303600311279297,29.239999771118164,29.303600311279297,962,0.0,0.0,0.0
2023-11-17 09:30:00-05:00,29.190000534057617,29.190000534057617,29.190000534057617,29.190000534057617,0,0.0,0.0,0.0
2023-11-17 12:30:00-05:00,29.479999542236328,29.479999542236328,29.479999542236328,29.479999542236328,139,0.0,0.0,0.0
2023-11-17 14:30:00-05:00,29.485000610351562,29.5039005279541,29.420000076293945,29.5039005279541,782,0.0,0.0,0.0
2023-11-20 10:30:00-05:00,29.969900131225586,29.969900131225586,29.959999084472656,29.959999084472656,879,0.0,0.0,0.0
2023-11-20 11:30:00-05:00,29.969999313354492,29.969999313354492,29.969999313354492,29.969999313354492,128,0.0,0.0,0.0
2023-11-20 12:30:00-05:00,30.190000534057617,30.190000534057617,30.120800018310547,30.120800018310547,0,0.0,0.0,0.0
2023-11-21 12:30:00-05:00,29.831899642944336,29.84000015258789,29.709999084472656,29.709999084472656,1005,0.0,0.0,0.0
2023-11-21 13:30:00-05:00,29.740100860595703,29.742799758911133,29.729999542236328,29.729999542236328,2833,0.0,0.0,0.0
2023-11-21 14:30:00-05:00,29.729999542236328,29.868000030517578,29.729999542236328,29.868000030517578,0,0.0,0.0,0.0
2023-11-22 11:30:00-05:00,30.114999771118164,30.114999771118164,30.009700775146484,30.009700775146484,170,0.0,0.0,0.0
2023-11-27 09:30:00-05:00,30.010000228881836,30.010000228881836,30.010000228881836,30.010000228881836,260,0.0,0.0,0.0
2023-11-27 13:30:00-05:00,30.087600708007812,30.087600708007812,30.087600708007812,30.087600708007812,211,0.0,0.0,0.0
2023-11-27 15:30:00-05:00,29.8700008392334,29.87700080871582,29.8700008392334,29.87700080871582,0,0.0,0.0,0.0
2023-11-28 11:30:00-05:00,30.09000015258789,30.280000686645508,30.09000015258789,30.280000686645508,186,0.0,0.0,0.0
2023-11-28 14:30:00-05:00,30.260000228881836,30.260000228881836,30.228599548339844,30.228599548339844,788,0.0,0.0,0.0
2023-11-29 09:30:00-05:00,30.459999084472656,30.65999984741211,30.459999084472656,30.65999984741211,0,0.0,0.0,0.0
2023-11-29 10:30:00-05:00,30.600000381469727,30.600000381469727,30.600000381469727,30.600000381469727,200,0.0,0.0,0.0
2023-11-29 11:30:00-05:00,30.540000915527344,30.639999389648438,30.540000915527344,30.57379913330078,0,0.0,0.0,0.0
2023-11-30 09:30:00-05:00,30.709999084472656,30.746999740600586,30.709999084472656,30.746999740600586,104,0.0,0.0,0.0
2023-12-01 11:30:00-05:00,31.43000030517578,31.43000030517578,31.43000030517578,31.43000030517578,182,0.0,0.0,0.0
2023-12-01 12:30:00-05:00,31.68280029296875,31.963699340820312,31.68280029296875,31.963699340820312,519,0.0,0.0,0.0
2023-12-04 09:30:00-05:00,31.780000686645508,31.780000686645508,31.780000686645508,31.780000686645508,285,0.0,0.0,0.0
2023-12-04 10:30:00-05:00,31.799999237060547,31.799999237060547,31.75200080871582,31.75200080871582,303,0.0,0.0,0.0
2023-12-04 12:30:00-05:00,31.974000930786133,31.974000930786133,31.974000930786133,31.974000930786133,301,0.0,0.0,0.0
2023-12-04 13:30:00-05:00,31.978200912475586,31.978200912475586,31.978200912475586,31.978200912475586,195,0.0,0.0,0.0
2023-12-04 14:30:00-05:00,31.969999313354492,31.969999313354492,31.925800323486328,31.925800323486328,437,0.0,0.0,0.0
2023-12-04 15:30:00-05:00,32.27000045776367,32.27000045776367,32.17470169067383,32.17470169067383,0,0.0,0.0,0.0
2023-12-05 09:30:00-05:00,31.93000030517578,31.93000030517578,31.93000030517578,31.93000030517578,389,0.0,0.0,0.0
2023-12-05 12:30:00-05:00,31.8700008392334,31.8700008392334,31.8700008392334,31.8700008392334,248,0.0,0.0,0.0
2023-12-05 15:30:00-05:00,32.1067008972168,32.109901428222656,32.1067008972168,32.109901428222656,0,0.0,0.0,0.0
2023-12-06 09:30:00-05:00,32.21979904174805,32.21979904174805,32.21979904174805,32.21979904174805,301,0.0,0.0,0.0
2023-12-06 10:30:00-05:00,32.099998474121094,32.11000061035156,32.099998474121094,32.11000061035156,1179,0.0,0.0,0.0
2023-12-06 11:30:00-05:00,32.150001525878906,32.150001525878906,31.61210060119629,31.61210060119629,0,0.0,0.0,0.0
2023-12-08 09:30:00-05:00,31.399999618530273,31.399999618530273,31.399999618530273,31.399999618530273,404,0.0,0.0,0.0
2023-12-08 10:30:00-05:00,31.78619956970215,31.989900588989258,31.78619956970215,31.989900588989258,350,0.0,0.0,0.0
2023-12-11 09:30:00-05:00,31.899999618530273,31.997600555419922,31.899999618530273,31.997600555419922,0,0.0,0.0,0.0
2023-12-11 10:30:00-05:00,32.127899169921875,32.127899169921875,32.127899169921875,32.127899169921875,176,0.0,0.0,0.0
2023-12-11 13:30:00-05:00,31.989999771118164,31.989999771118164,31.989999771118164,31.989999771118164,405,0.0,0.0,0.0
2023-12-11 14:30:00-05:00,31.911100387573242,31.911100387573242,31.540300369262695,31.540300369262695,1026,0.0,0.0,0.0
2023-12-11 15:30:00-05:00,31.980199813842773,31.980199813842773,31.961200714111328,31.961200714111328,0,0.0,0.0,0.0
2023-12-12 09:30:00-05:00,32.0098991394043,32.0098991394043,32.0098991394043,32.0098991394043,104,0.0,0.0,0.0
2023-12-12 10:30:00-05:00,31.810199737548828,31.810199737548828,31.810199737548828,31.810199737548828,174,0.0,0.0,0.0
2023-12-12 12:30:00-05:00,31.75,31.75,31.75,31.75,155,0.0,0.0,0.0
2023-12-12 15:30:00-05:00,31.96980094909668,31.96980094909668,31.874399185180664,31.874399185180664,0,0.0,0.0,0.0
2023-12-13 11:30:00-05:00,31.920000076293945,32.509498596191406,31.920000076293945,32.509498596191406,594,0.0,0.0,0.0
2023-12-14 09:30:00-05:00,32.72999954223633,33.029998779296875,32.72999954223633,33.029998779296875,0,0.0,0.0,0.0
2023-12-14 10:30:00-05:00,32.7598991394043,32.7598991394043,32.7598991394043,32.7598991394043,561,0.0,0.0,0.0
2023-12-14 15:30:00-05:00,32.81999969482422,32.971900939941406,32.81999969482422,32.971900939941406,328,0.0,0.0,0.0
2023-12-15 09:30:00-05:00,33.060001373291016,33.060001373291016,33.060001373291016,33.060001373291016,0,0.0,0.0,0.0
2023-12-15 12:30:00-05:00,32.845001220703125,32.845001220703125,32.845001220703125,32.845001220703125,249,0.0,0.0,0.0
2023-12-15 13:30:00-05:00,32.75,32.872398376464844,32.75,32.872398376464844,414,0.0,0.0,0.0
2023-12-18 10:30:00-05:00,32.734500885009766,32.734500885009766,32.734500885009766,32.734500885009766,0,0.0,0.0,0.0
2023-12-18 11:30:00-05:00,32.7400016784668,32.7400016784668,32.7400016784668,32.7400016784668,3079,0.0,0.0,0.0
2023-12-18 15:30:00-05:00,32.93949890136719,32.93949890136719,32.907501220703125,32.907501220703125,0,0.0,0.0,0.0
2023-12-19 09:30:00-05:00,33.05500030517578,33.05500030517578,33.05500030517578,33.05500030517578,338,0.0,0.0,0.0
2023-12-19 14:30:00-05:00,33.060001373291016,33.060001373291016,32.95930099487305,32.95930099487305,0,0.0,0.0,0.0
2023-12-20 09:30:00-05:00,32.97999954223633,32.97999954223633,32.790000915527344,32.790000915527344,708,0.0,0.0,0.0
2023-12-20 15:30:00-05:00,32.470001220703125,32.91239929199219,32.470001220703125,32.91239929199219,0,0.0,0.0,0.0
2023-12-22 09:30:00-05:00,32.90999984741211,32.910099029541016,32.90999984741211,32.910099029541016,209,0.0,0.0,0.0
2023-12-22 10:30:00-05:00,32.90999984741211,32.90999984741211,32.880001068115234,32.880001068115234,1005,0.0,0.0,0.0
2023-12-22 12:30:00-05:00,33.0796012878418,33.0796012878418,33.05540084838867,33.05540084838867,500,0.0,0.0,0.0
2023-12-22 13:30:00-05:00,32.959999084472656,33.04520034790039,32.87009811401367,33.04520034790039,833,0.0,0.0,0.0
2023-12-26 09:30:00-05:00,33.189998626708984,33.189998626708984,33.18000030517578,33.18000030517578,578,0.0,0.0,0.0
2023-12-26 11:30:00-05:00,33.269901275634766,33.269901275634766,33.269901275634766,33.269901275634766,302,0.0,0.0,0.0
2023-12-26 13:30:00-05:00,33.189998626708984,33.189998626708984,33.189998626708984,33.189998626708984,300,0.0,0.0,0.0
2023-12-26 14:30:00-05:00,33.209999084472656,33.32160186767578,33.209999084472656,33.32160186767578,404,0.0,0.0,0.0
2023-12-27 09:30:00-05:00,33.2682991027832,33.369998931884766,33.2682991027832,33.369998931884766,0,0.0,0.0,0.0
2023-12-27 10:30:00-05:00,33.20000076293945,33.20009994506836,33.20000076293945,33.20009994506836,355,0.0,0.0,0.0
2023-12-27 15:30:00-05:00,33.415000915527344,33.415000915527344,33.415000915527344,33.415000915527344,0,0.0,0.0,0.0
2023-12-28 09:30:00-05:00,33.540000915527344,33.560001373291016,33.540000915527344,33.560001373291016,1134,0.0,0.0,0.0
2023-12-28 12:30:00-05:00,33.540000915527344,33.540000915527344,33.540000915527344,33.540000915527344,126,0.0,0.0,0.0
2023-12-28 13:30:00-05:00,33.40840148925781,33.40840148925781,33.40840148925781,33.40840148925781,405,0.0,0.0,0.0
2023-12-28 14:30:00-05:00,33.3650016784668,33.37630081176758,32.93119812011719,32.93119812011719,0,0.0,0.0,0.0
2024-01-02 09:30:00-05:00,32.779998779296875,32.779998779296875,32.599998474121094,32.599998474121094,147,0.0,0.0,0.0
2024-01-03 11:30:00-05:00,31.40999984741211,31.40999984741211,31.40999984741211,31.40999984741211,213,0.0,0.0,0.0
2024-01-03 13:30:00-05:00,31.40999984741211,31.40999984741211,31.40999984741211,31.40999984741211,257,0.0,0.0,0.0
2024-01-03 14:30:00-05:00,31.27989959716797,31.27989959716797,31.180099487304688,31.180099487304688,301,0.0,0.0,0.0
2024-01-04 09:30:00-05:00,31.020000457763672,31.020000457763672,31.020000457763672,31.020000457763672,0,0.0,0.0,0.0
2024-01-04 10:30:00-05:00,31.407899856567383,31.407899856567383,31.407899856567383,31.407899856567383,454,0.0,0.0,0.0
2024-01-04 11:30:00-05:00,31.281700134277344,31.309999465942383,31.207700729370117,31.23200035095215,0,0.0,0.0,0.0
2024-01-08 09:30:00-05:00,31.389999389648438,31.43000030517578,31.389999389648438,31.43000030517578,122,0.0,0.0,0.0
2024-01-08 10:30:00-05:00,31.87849998474121,31.87849998474121,31.690000534057617,31.690000534057617,400,0.0,0.0,0.0
2024-01-08 11:30:00-05:00,31.690000534057617,31.760000228881836,31.690000534057617,31.719999313354492,604,0.0,0.0,0.0
2024-01-08 12:30:00-05:00,31.742000579833984,31.889999389648438,31.742000579833984,31.889999389648438,711,0.0,0.0,0.0
2024-01-08 13:30:00-05:00,31.899999618530273,31.920000076293945,31.899999618530273,31.899999618530273,621,0.0,0.0,0.0
2024-01-08 14:30:00-05:00,31.97100067138672,31.97100067138672,31.8799991607666,31.913999557495117,610,0.0,0.0,0.0
2024-01-08 15:30:00-05:00,31.947999954223633,32.029701232910156,31.86400032043457,31.946399688720703,0,0.0,0.0,0.0
2024-01-09 09:30:00-05:00,31.860000610351562,31.977399826049805,31.860000610351562,31.977399826049805,132,0.0,0.0,0.0
2024-01-10 11:30:00-05:00,32.23820114135742,32.23820114135742,32.23820114135742,32.23820114135742,354,0.0,0.0,0.0
2024-01-10 14:30:00-05:00,32.310001373291016,32.310001373291016,32.310001373291016,32.310001373291016,216,0.0,0.0,0.0
2024-01-11 09:30:00-05:00,32.38999938964844,32.38999938964844,32.360801696777344,32.360801696777344,0,0.0,0.0,0.0
2024-01-12 15:30:00-05:00,32.39500045776367,32.44499969482422,32.39500045776367,32.42509841918945,936,0.0,0.0,0.0
2024-01-16 13:30:00-05:00,32.0099983215332,32.26689910888672,32.0099983215332,32.26689910888672,0,0.0,0.0,0.0
2024-01-17 09:30:00-05:00,32.029998779296875,32.029998779296875,32.029998779296875,32.029998779296875,0,0.0,0.0,0.0
2024-01-17 11:30:00-05:00,31.969999313354492,31.969999313354492,31.959999084472656,31.959999084472656,498,0.0,0.0,0.0
2024-01-18 09:30:00-05:00,32.47999954223633,32.47999954223633,32.42219924926758,32.42219924926758,0,0.0,0.0,0.0
2024-01-19 15:30:00-05:00,33.02989959716797,33.02989959716797,32.99729919433594,32.99729919433594,310,0.0,0.0,0.0
2024-01-22 09:30:00-05:00,33.54990005493164,33.619998931884766,33.54990005493164,33.619998931884766,87,0.0,0.0,0.0
2024-01-23 10:30:00-05:00,33.51639938354492,33.51639938354492,33.51639938354492,33.51639938354492,236,0.0,0.0,0.0
2024-01-23 12:30:00-05:00,33.41999816894531,33.44409942626953,33.36579895019531,33.44409942626953,0,0.0,0.0,0.0
2024-01-24 12:30:00-05:00,33.54999923706055,33.54999923706055,33.190799713134766,33.190799713134766,0,0.0,0.0,0.0
2024-01-25 09:30:00-05:00,33.154701232910156,33.154701232910156,33.154701232910156,33.154701232910156,0,0.0,0.0,0.0
2024-01-26 09:30:00-05:00,33.060001373291016,33.19269943237305,33.060001373291016,33.19269943237305,663,0.0,0.0,0.0
2024-01-29 09:30:00-05:00,33.614498138427734,33.614498138427734,33.614498138427734,33.614498138427734,501,0.0,0.0,0.0
2024-01-29 10:30:00-05:00,33.54800033569336,33.643001556396484,33.510101318359375,33.510101318359375,1500,0.0,0.0,0.0
2024-01-29 14:30:00-05:00,33.86000061035156,34.07849884033203,33.86000061035156,34.07849884033203,0,0.0,0.0,0.0
2024-01-30 10:30:00-05:00,33.96989822387695,33.96989822387695,33.96989822387695,33.96989822387695,105,0.0,0.0,0.0
2024-01-30 11:30:00-05:00,33.95500183105469,33.95500183105469,33.882598876953125,33.882598876953125,322,0.0,0.0,0.0
2024-01-31 09:30:00-05:00,33.43000030517578,33.43000030517578,33.43000030517578,33.43000030517578,238,0.0,0.0,0.0
2024-01-31 13:30:00-05:00,33.540000915527344,33.56999969482422,32.65999984741211,33.279300689697266,11659,0.0,0.0,0.0
2024-01-31 14:30:00-05:00,33.279998779296875,34.34000015258789,32.779998779296875,33.057498931884766,0,0.0,0.0,0.0
2024-02-01 10:30:00-05:00,33.31999969482422,33.39500045776367,32.86000061035156,32.86000061035156,5060,0.0,0.0,0.0
2024-02-05 09:30:00-05:00,34.31999969482422,34.31999969482422,33.899898529052734,33.899898529052734,773,0.0,0.0,0.0
2024-02-05 11:30:00-05:00,33.70000076293945,33.95159912109375,33.70000076293945,33.95159912109375,0,0.0,0.0,0.0
2024-02-06 09:30:00-05:00,34.35499954223633,34.44990158081055,34.35499954223633,34.44990158081055,2643,0.0,0.0,0.0
2024-02-06 11:30:00-05:00,34.310001373291016,34.310001373291016,33.8650016784668,33.8650016784668,486,0.0,0.0,0.0
2024-02-06 12:30:00-05:00,34.005001068115234,34.095001220703125,34.005001068115234,34.095001220703125,201,0.0,0.0,0.0
2024-02-06 13:30:00-05:00,34.165000915527344,34.165000915527344,33.939998626708984,34.06999969482422,813,0.0,0.0,0.0
2024-02-06 14:30:00-05:00,34.154300689697266,34.25600051879883,34.154300689697266,34.2400016784668,647,0.0,0.0,0.0
2024-02-06 15:30:00-05:00,34.18000030517578,34.26639938354492,34.18000030517578,34.26639938354492,0,0.0,0.0,0.0
2024-02-07 09:30:00-05:00,34.39619827270508,34.400001525878906,34.39619827270508,34.400001525878906,552,0.0,0.0,0.0
2024-02-07 10:30:00-05:00,34.68000030517578,34.779998779296875,34.68000030517578,34.779998779296875,2908,0.0,0.0,0.0
2024-02-07 12:30:00-05:00,34.724998474121094,34.724998474121094,34.724998474121094,34.724998474121094,151,0.0,0.0,0.0
2024-02-07 13:30:00-05:00,34.97999954223633,34.97999954223633,34.83039855957031,34.83039855957031,0,0.0,0.0,0.0
2024-02-08 10:30:00-05:00,35.724998474121094,35.724998474121094,35.724998474121094,35.724998474121094,430,0.0,0.0,0.0
2024-02-08 14:30:00-05:00,35.91999816894531,35.9453010559082,35.906700134277344,35.906700134277344,0,0.0,0.0,0.0
2024-02-09 12:30:00-05:00,36.440399169921875,36.58000183105469,36.440399169921875,36.5,1193,0.0,0.0,0.0
2024-02-09 14:30:00-05:00,36.62810134887695,36.62810134887695,36.609901428222656,36.609901428222656,774,0.0,0.0,0.0
2024-02-09 15:30:00-05:00,36.5099983215332,36.5099983215332,36.479801177978516,36.479801177978516,100,0.0,0.0,0.0
2024-02-12 09:30:00-05:00,36.36000061035156,36.61000061035156,36.36000061035156,36.61000061035156,0,0.0,0.0,0.0
2024-02-12 12:30:00-05:00,36.71549987792969,36.74810028076172,36.71549987792969,36.74810028076172,419,0.0,0.0,0.0
2024-02-12 13:30:00-05:00,36.63999938964844,36.63999938964844,36.45000076293945,36.45000076293945,778,0.0,0.0,0.0
2024-02-12 14:30:00-05:00,36.529998779296875,36.56999969482422,36.43000030517578,36.56999969482422,800,0.0,0.0,0.0
2024-02-12 15:30:00-05:00,36.54999923706055,36.56999969482422,36.529998779296875,36.54999923706055,1201,0.0,0.0,0.0
2024-02-13 09:30:00-05:00,35.04999923706055,35.04999923706055,35.04999923706055,35.04999923706055,0,0.0,0.0,0.0
2024-02-13 10:30:00-05:00,35.27000045776367,35.27000045776367,35.27000045776367,35.27000045776367,226,0.0,0.0,0.0
2024-02-13 11:30:00-05:00,35.54999923706055,35.54999923706055,35.5,35.5,349,0.0,0.0,0.0
2024-02-13 14:30:00-05:00,35.06999969482422,35.173500061035156,35.06999969482422,35.173500061035156,0,0.0,0.0,0.0
2024-02-14 09:30:00-05:00,35.689998626708984,35.7504997253418,35.689998626708984,35.7504997253418,679,0.0,0.0,0.0
2024-02-14 10:30:00-05:00,36.060001373291016,36.060001373291016,36.060001373291016,36.060001373291016,191,0.0,0.0,0.0
2024-02-14 11:30:00-05:00,36.0099983215332,36.01890182495117,36.0099983215332,36.01890182495117,202,0.0,0.0,0.0
2024-02-14 12:30:00-05:00,36.06010055541992,36.435699462890625,36.06010055541992,36.435699462890625,417,0.0,0.0,0.0
2024-02-15 09:30:00-05:00,37.0,37.0,36.91429901123047,36.91429901123047,0,0.0,0.0,0.0
2024-02-15 10:30:00-05:00,36.91999816894531,36.91999816894531,36.720001220703125,36.7681999206543,1849,0.0,0.0,0.0
2024-02-15 11:30:00-05:00,36.7599983215332,36.849998474121094,36.710601806640625,36.755001068115234,2690,0.0,0.0,0.0
2024-02-15 12:30:00-05:00,36.86000061035156,36.86000061035156,36.86000061035156,36.86000061035156,120,0.0,0.0,0.0
2024-02-15 13:30:00-05:00,36.869998931884766,36.869998931884766,36.869998931884766,36.869998931884766,200,0.0,0.0,0.0
2024-02-15 14:30:00-05:00,36.82500076293945,36.82500076293945,36.82500076293945,36.82500076293945,191,0.0,0.0,0.0
2024-02-15 15:30:00-05:00,36.7599983215332,36.8474006652832,36.7599983215332,36.8474006652832,0,0.0,0.0,0.0
2024-02-16 09:30:00-05:00,36.61000061035156,36.61000061035156,36.61000061035156,36.61000061035156,534,0.0,0.0,0.0
2024-02-16 10:30:00-05:00,36.685001373291016,36.849998474121094,36.685001373291016,36.80160140991211,661,0.0,0.0,0.0
2024-02-16 12:30:00-05:00,36.720001220703125,36.720001220703125,36.720001220703125,36.720001220703125,171,0.0,0.0,0.0
2024-02-16 13:30:00-05:00,36.779998779296875,36.779998779296875,36.61000061035156,36.61009979248047,300,0.0,0.0,0.0
2024-02-16 14:30:00-05:00,36.720001220703125,36.720001220703125,36.42319869995117,36.42319869995117,236,0.0,0.0,0.0
2024-02-20 09:30:00-05:00,35.95000076293945,35.95000076293945,35.61650085449219,35.61650085449219,0,0.0,0.0,0.0
2024-02-21 09:30:00-05:00,35.0,35.119998931884766,35.0,35.119998931884766,0,0.0,0.0,0.0
2024-02-21 10:30:00-05:00,34.750099182128906,34.850101470947266,34.750099182128906,34.850101470947266,520,0.0,0.0,0.0
2024-02-21 13:30:00-05:00,34.892799377441406,34.892799377441406,34.892799377441406,34.892799377441406,657,0.0,0.0,0.0
2024-02-22 09:30:00-05:00,35.779998779296875,35.779998779296875,35.779998779296875,35.779998779296875,343,0.0,0.0,0.0
2024-02-22 10:30:00-05:00,35.79999923706055,35.79999923706055,35.79999923706055,35.79999923706055,110,0.0,0.0,0.0
2024-02-22 11:30:00-05:00,35.970001220703125,35.970001220703125,35.839698791503906,35.839698791503906,335,0.0,0.0,0.0
2024-02-22 13:30:00-05:00,35.98649978637695,35.98649978637695,35.98649978637695,35.98649978637695,151,0.0,0.0,0.0
2024-02-23 09:30:00-05:00,36.0099983215332,36.0099983215332,36.0,36.0,0,0.0,0.0,0.0
2024-02-23 14:30:00-05:00,35.93989944458008,35.93989944458008,35.650001525878906,35.79909896850586,552,0.0,0.0,0.0
2024-02-26 09:30:00-05:00,35.88999938964844,35.88999938964844,35.790000915527344,35.79010009765625,13,0.0,0.0,0.0
2024-02-26 12:30:00-05:00,36.52000045776367,36.52000045776367,36.52000045776367,36.52000045776367,133,0.0,0.0,0.0
2024-02-26 13:30:00-05:00,36.279998779296875,36.279998779296875,36.279998779296875,36.279998779296875,289,0.0,0.0,0.0
2024-02-26 14:30:00-05:00,36.411800384521484,36.411800384521484,36.3380012512207,36.3380012512207,0,0.0,0.0,0.0
2024-02-27 12:30:00-05:00,36.5099983215332,36.5099983215332,36.5099983215332,36.5099983215332,272,0.0,0.0,0.0
2024-02-27 13:30:00-05:00,36.521400451660156,36.521400451660156,36.505001068115234,36.505001068115234,0,0.0,0.0,0.0
2024-02-28 09:30:00-05:00,36.459999084472656,36.46739959716797,36.459999084472656,36.46739959716797,435,0.0,0.0,0.0
2024-02-29 09:30:00-05:00,36.459999084472656,36.459999084472656,36.459999084472656,36.459999084472656,0,0.0,0.0,0.0
2024-02-29 10:30:00-05:00,36.52000045776367,36.52009963989258,36.52000045776367,36.52009963989258,425,0.0,0.0,0.0
2024-02-29 11:30:00-05:00,36.45000076293945,36.45000076293945,36.45000076293945,36.45000076293945,285,0.0,0.0,0.0
2024-02-29 12:30:00-05:00,36.53499984741211,36.53499984741211,36.53499984741211,36.53499984741211,408,0.0,0.0,0.0
2024-02-29 14:30:00-05:00,36.810001373291016,36.810001373291016,36.778900146484375,36.778900146484375,100,0.0,0.0,0.0
2024-03-01 09:30:00-05:00,36.540000915527344,36.540000915527344,36.540000915527344,36.540000915527344,0,0.0,0.0,0.0
2024-03-01 10:30:00-05:00,36.470001220703125,36.480098724365234,36.470001220703125,36.480098724365234,596,0.0,0.0,0.0
2024-03-01 11:30:00-05:00,36.54999923706055,36.619998931884766,36.54999923706055,36.619998931884766,639,0.0,0.0,0.0
2024-03-01 13:30:00-05:00,36.7400016784668,36.852699279785156,36.7400016784668,36.852699279785156,253,0.0,0.0,0.0
2024-03-04 09:30:00-05:00,37.220001220703125,37.220001220703125,36.959999084472656,36.959999084472656,894,0.0,0.0,0.0
2024-03-04 11:30:00-05:00,37.130001068115234,37.13010025024414,37.130001068115234,37.13010025024414,225,0.0,0.0,0.0
2024-03-04 12:30:00-05:00,37.22990036010742,37.22990036010742,37.150001525878906,37.150001525878906,1337,0.0,0.0,0.0
2024-03-04 13:30:00-05:00,37.25,37.28499984741211,37.21269989013672,37.21269989013672,575,0.0,0.0,0.0
2024-03-05 09:30:00-05:00,36.58000183105469,36.58000183105469,36.31999969482422,36.31999969482422,754,0.0,0.0,0.0
2024-03-05 10:30:00-05:00,35.95000076293945,35.95000076293945,35.95000076293945,35.95000076293945,215,0.0,0.0,0.0
2024-03-05 13:30:00-05:00,35.668701171875,35.668701171875,35.668701171875,35.668701171875,333,0.0,0.0,0.0
2024-03-05 14:30:00-05:00,35.400001525878906,35.4900016784668,35.380001068115234,35.4900016784668,992,0.0,0.0,0.0
2024-03-05 15:30:00-05:00,35.529998779296875,35.540000915527344,35.529998779296875,35.540000915527344,1930,0.0,0.0,0.0
2024-03-06 10:30:00-05:00,36.470001220703125,36.470001220703125,36.45000076293945,36.470001220703125,1442,0.0,0.0,0.0
2024-03-06 14:30:00-05:00,36.400001525878906,36.407100677490234,36.400001525878906,36.407100677490234,161,0.0,0.0,0.0
2024-03-07 09:30:00-05:00,36.790000915527344,36.790000915527344,36.63999938964844,36.63999938964844,733,0.0,0.0,0.0
2024-03-07 12:30:00-05:00,36.689998626708984,36.689998626708984,36.619998931884766,36.619998931884766,220,0.0,0.0,0.0
2024-03-07 15:30:00-05:00,36.689998626708984,36.689998626708984,36.689998626708984,36.689998626708984,100,0.0,0.0,0.0
2024-03-08 09:30:00-05:00,36.52000045776367,37.0369987487793,36.52000045776367,37.0369987487793,626,0.0,0.0,0.0
2024-03-08 12:30:00-05:00,36.29999923706055,36.310001373291016,36.28010177612305,36.28010177612305,793,0.0,0.0,0.0
2024-03-08 13:30:00-05:00,36.2400016784668,36.59130096435547,36.0099983215332,36.59130096435547,1919,0.0,0.0,0.0
2024-03-11 09:30:00-04:00,36.75,36.75,36.439998626708984,36.560001373291016,0,0.0,0.0,0.0
2024-03-11 10:30:00-04:00,36.529998779296875,36.529998779296875,36.47119903564453,36.47119903564453,0,0.0,0.0,0.0
2024-03-12 10:30:00-04:00,36.869300842285156,36.869300842285156,36.869300842285156,36.869300842285156,322,0.0,0.0,0.0
2024-03-12 13:30:00-04:00,36.529998779296875,36.91709899902344,36.529998779296875,36.91709899902344,130,0.0,0.0,0.0
2024-03-13 09:30:00-04:00,37.0099983215332,37.485198974609375,37.0099983215332,37.485198974609375,628,0.0,0.0,0.0
2024-03-14 09:30:00-04:00,37.369998931884766,37.369998931884766,37.369998931884766,37.369998931884766,0,0.0,0.0,0.0
2024-03-14 13:30:00-04:00,36.94990158081055,36.95500183105469,36.887901306152344,36.887901306152344,0,0.0,0.0,0.0
2024-03-15 09:30:00-04:00,36.560001373291016,36.560001373291016,36.5,36.5,750,0.0,0.0,0.0
2024-03-15 10:30:00-04:00,36.404998779296875,36.580101013183594,36.31010055541992,36.580101013183594,523,0.0,0.0,0.0
2024-03-15 11:30:00-04:00,36.45000076293945,36.45000076293945,36.45000076293945,36.45000076293945,310,0.0,0.0,0.0
2024-03-15 15:30:00-04:00,36.77000045776367,36.77000045776367,36.77000045776367,36.77000045776367,164,0.0,0.0,0.0
2024-03-18 09:30:00-04:00,36.95000076293945,36.95000076293945,36.52170181274414,36.52170181274414,0,0.0,0.0,0.0
2024-03-18 13:30:00-04:00,36.22999954223633,36.349998474121094,36.22999954223633,36.349998474121094,398,0.0,0.0,0.0
2024-03-18 15:30:00-04:00,36.310001373291016,36.310001373291016,36.305198669433594,36.305198669433594,0,0.0,0.0,0.0
2024-03-19 09:30:00-04:00,35.25,35.25,35.060001373291016,35.14500045776367,669,0.0,0.0,0.0
2024-03-19 11:30:00-04:00,35.400001525878906,36.066898345947266,35.400001525878906,36.066898345947266,0,0.0,0.0,0.0
2024-03-20 10:30:00-04:00,36.209999084472656,36.90019989013672,36.150001525878906,36.90019989013672,274,0.0,0.0,0.0
2024-03-21 09:30:00-04:00,37.470001220703125,37.470001220703125,37.470001220703125,37.470001220703125,417,0.0,0.0,0.0
2024-03-21 11:30:00-04:00,37.66999816894531,37.66999816894531,37.56999969482422,37.650001525878906,1241,0.0,0.0,0.0
2024-03-21 12:30:00-04:00,37.71630096435547,37.71630096435547,37.71630096435547,37.71630096435547,239,0.0,0.0,0.0
2024-03-22 09:30:00-04:00,36.875,36.875,36.875,36.875,352,0.0,0.0,0.0
2024-03-22 11:30:00-04:00,36.70000076293945,36.80500030517578,36.70000076293945,36.80500030517578,477,0.0,0.0,0.0
2024-03-25 09:30:00-04:00,36.84000015258789,37.75899887084961,36.84000015258789,37.75899887084961,0,0.0,0.0,0.0
2024-03-26 09:30:00-04:00,37.97999954223633,38.130001068115234,37.97999954223633,38.130001068115234,265,0.0,0.0,0.0
2024-03-26 14:30:00-04:00,38.065399169921875,38.065399169921875,37.79570007324219,37.79570007324219,0,0.0,0.0,0.0
2024-03-27 09:30:00-04:00,38.290000915527344,38.290000915527344,37.54999923706055,37.54999923706055,2328,0.0,0.0,0.0
2024-03-27 10:30:00-04:00,37.75920104980469,37.75920104980469,37.75920104980469,37.75920104980469,2111,0.0,0.0,0.0
2024-03-27 14:30:00-04:00,37.83300018310547,37.83300018310547,37.75,37.75,334,0.0,0.0,0.0
2024-03-27 15:30:00-04:00,37.73500061035156,37.83980178833008,37.73500061035156,37.83980178833008,218,0.0,0.0,0.0
2024-03-28 09:30:00-04:00,37.970001220703125,38.29999923706055,37.70000076293945,37.70029830932617,0,0.0,0.0,0.0
2024-03-28 11:30:00-04:00,37.33430099487305,37.53810119628906,37.33430099487305,37.53810119628906,1156,0.0,0.0,0.0
2024-03-28 12:30:00-04:00,37.20000076293945,37.25899887084961,37.20000076293945,37.25899887084961,250,0.0,0.0,0.0
2024-04-01 09:30:00-04:00,37.099998474121094,37.099998474121094,36.83000183105469,36.83000183105469,0,0.0,0.0,0.0
2024-04-01 10:30:00-04:00,36.54999923706055,36.54999923706055,36.54999923706055,36.54999923706055,338,0.0,0.0,0.0
2024-04-01 11:30:00-04:00,36.5,36.54999923706055,36.5,36.53089904785156,370,0.0,0.0,0.0
2024-04-01 12:30:00-04:00,36.560001373291016,36.62929916381836,36.560001373291016,36.62929916381836,200,0.0,0.0,0.0
2024-04-01 13:30:00-04:00,36.41999816894531,36.41999816894531,36.41999816894531,36.41999816894531,278,0.0,0.0,0.0
2024-04-01 14:30:00-04:00,36.63999938964844,36.648399353027344,36.459999084472656,36.5806999206543,0,0.0,0.0,0.0
2024-04-02 09:30:00-04:00,35.720001220703125,35.720001220703125,35.5,35.5,1321,0.0,0.0,0.0
2024-04-02 10:30:00-04:00,35.619998931884766,35.81999969482422,35.619998931884766,35.81999969482422,730,0.0,0.0,0.0
2024-04-02 12:30:00-04:00,35.80939865112305,35.80939865112305,35.80939865112305,35.80939865112305,100,0.0,0.0,0.0
2024-04-02 13:30:00-04:00,35.80500030517578,35.80500030517578,35.80500030517578,35.80500030517578,211,0.0,0.0,0.0
2024-04-03 09:30:00-04:00,35.86000061035156,36.10850143432617,35.86000061035156,36.10850143432617,501,0.0,0.0,0.0
2024-04-04 09:30:00-04:00,36.880001068115234,37.15999984741211,36.880001068115234,37.15999984741211,229,0.0,0.0,0.0
2024-04-04 14:30:00-04:00,36.489898681640625,36.489898681640625,36.22719955444336,36.22719955444336,0,0.0,0.0,0.0
2024-04-05 09:30:00-04:00,36.28499984741211,36.28499984741211,36.28499984741211,36.28499984741211,312,0.0,0.0,0.0
2024-04-05 12:30:00-04:00,36.679901123046875,36.679901123046875,36.679901123046875,36.679901123046875,135,0.0,0.0,0.0
2024-04-05 13:30:00-04:00,36.649898529052734,36.649898529052734,36.067501068115234,36.067501068115234,138,0.0,0.0,0.0
2024-04-08 09:30:00-04:00,36.43000030517578,36.43000030517578,36.43000030517578,36.43000030517578,0,0.0,0.0,0.0
2024-04-08 11:30:00-04:00,36.43000030517578,36.43009948730469,36.40599822998047,36.40599822998047,0,0.0,0.0,0.0
2024-04-09 09:30:00-04:00,36.37889862060547,36.37889862060547,36.37889862060547,36.37889862060547,521,0.0,0.0,0.0
2024-04-09 15:30:00-04:00,36.342098236083984,36.342098236083984,36.33549880981445,36.33549880981445,0,0.0,0.0,0.0
2024-04-10 09:30:00-04:00,35.61000061035156,35.61000061035156,35.61000061035156,35.61000061035156,297,0.0,0.0,0.0
2024-04-10 12:30:00-04:00,36.28630065917969,36.28630065917969,36.28630065917969,36.28630065917969,0,0.0,0.0,0.0
2024-04-11 15:30:00-04:00,36.38999938964844,36.42660140991211,36.38999938964844,36.42660140991211,10,0.0,0.0,0.0
2024-04-12 09:30:00-04:00,35.939998626708984,35.939998626708984,35.939998626708984,35.939998626708984,462,0.0,0.0,0.0
2024-04-12 11:30:00-04:00,35.79999923706055,35.89500045776367,35.79999923706055,35.89500045776367,341,0.0,0.0,0.0
2024-04-12 12:30:00-04:00,35.894100189208984,35.894100189208984,35.576499938964844,35.576499938964844,810,0.0,0.0,0.0
2024-04-15 10:30:00-04:00,35.0,35.0,35.0,35.0,0,0.0,0.0,0.0
2024-04-15 14:30:00-04:00,34.369998931884766,34.369998931884766,34.33000183105469,34.330101013183594,581,0.0,0.0,0.0
2024-04-15 15:30:00-04:00,34.374900817871094,34.374900817871094,34.351898193359375,34.351898193359375,350,0.0,0.0,0.0
2024-04-16 09:30:00-04:00,34.16999816894531,34.21260070800781,34.16999816894531,34.21260070800781,0,0.0,0.0,0.0
2024-04-16 10:30:00-04:00,33.900001525878906,34.11009979248047,33.891998291015625,34.11009979248047,4568,0.0,0.0,0.0
2024-04-16 12:30:00-04:00,33.999900817871094,34.14979934692383,33.999900817871094,34.14979934692383,587,0.0,0.0,0.0
2024-04-16 15:30:00-04:00,34.150001525878906,34.150001525878906,34.150001525878906,34.150001525878906,0,0.0,0.0,0.0
2024-04-17 09:30:00-04:00,34.130001068115234,34.130001068115234,34.130001068115234,34.130001068115234,220,0.0,0.0,0.0
2024-04-17 10:30:00-04:00,33.70000076293945,33.70000076293945,33.70000076293945,33.70000076293945,100,0.0,0.0,0.0
2024-04-17 13:30:00-04:00,33.849998474121094,33.88999938964844,33.60060119628906,33.60060119628906,0,0.0,0.0,0.0
2024-04-18 09:30:00-04:00,33.59000015258789,33.59000015258789,33.527099609375,33.527099609375,157,0.0,0.0,0.0
2024-04-19 10:30:00-04:00,33.5099983215332,33.5099983215332,33.5099983215332,33.5099983215332,222,0.0,0.0,0.0
2024-04-19 11:30:00-04:00,33.13999938964844,33.13999938964844,33.09560012817383,33.09560012817383,1005,0.0,0.0,0.0
2024-04-22 13:30:00-04:00,33.83000183105469,33.83000183105469,33.644100189208984,33.644100189208984,0,0.0,0.0,0.0
2024-04-23 10:30:00-04:00,34.538299560546875,34.538299560546875,34.538299560546875,34.538299560546875,140,0.0,0.0,0.0
2024-04-23 11:30:00-04:00,34.470001220703125,34.470001220703125,34.470001220703125,34.470001220703125,235,0.0,0.0,0.0
2024-04-23 14:30:00-04:00,34.599998474121094,34.599998474121094,34.479698181152344,34.479698181152344,0,0.0,0.0,0.0
2024-04-24 10:30:00-04:00,34.400001525878906,34.514801025390625,34.400001525878906,34.514801025390625,42,0.0,0.0,0.0
2024-04-25 14:30:00-04:00,34.400001525878906,34.53110122680664,34.400001525878906,34.53110122680664,0,0.0,0.0,0.0
2024-04-26 10:30:00-04:00,35.20000076293945,35.20000076293945,35.20000076293945,35.20000076293945,532,0.0,0.0,0.0
2024-04-26 12:30:00-04:00,35.099998474121094,35.1411018371582,35.099998474121094,35.1411018371582,531,0.0,0.0,0.0
2024-04-29 09:30:00-04:00,35.310001373291016,35.310001373291016,35.310001373291016,35.310001373291016,0,0.0,0.0,0.0
2024-04-29 10:30:00-04:00,35.267799377441406,36.08000183105469,35.2577018737793,35.400001525878906,67832,0.0,0.0,0.0
2024-04-29 12:30:00-04:00,35.400001525878906,35.41999816894531,35.2599983215332,35.41999816894531,3750,0.0,0.0,0.0
2024-04-29 13:30:00-04:00,35.40999984741211,35.40999984741211,35.40999984741211,35.40999984741211,100,0.0,0.0,0.0
2024-04-29 14:30:00-04:00,35.2599983215332,35.2599983215332,35.21269989013672,35.21269989013672,0,0.0,0.0,0.0
2024-04-30 09:30:00-04:00,35.099998474121094,35.099998474121094,35.0,35.0,511,0.0,0.0,0.0
2024-04-30 10:30:00-04:00,34.88999938964844,34.939998626708984,34.77000045776367,34.77000045776367,303,0.0,0.0,0.0
2024-04-30 11:30:00-04:00,34.630001068115234,34.630001068115234,34.4900016784668,34.4900016784668,250,0.0,0.0,0.0
2024-04-30 12:30:00-04:00,34.470001220703125,34.470001220703125,34.18230056762695,34.18230056762695,244,0.0,0.0,0.0
2024-05-01 09:30:00-04:00,33.849998474121094,34.054500579833984,33.849998474121094,34.054500579833984,0,0.0,0.0,0.0
2024-05-02 09:30:00-04:00,34.31999969482422,34.31999969482422,34.31999969482422,34.31999969482422,324,0.0,0.0,0.0
2024-05-02 15:30:00-04:00,34.5099983215332,34.51020050048828,34.5099983215332,34.51020050048828,0,0.0,0.0,0.0
2024-05-03 09:30:00-04:00,35.04999923706055,35.04999923706055,35.04999923706055,35.04999923706055,350,0.0,0.0,0.0
2024-05-03 11:30:00-04:00,34.91999816894531,34.91999816894531,34.91999816894531,34.91999816894531,359,0.0,0.0,0.0
2024-05-03 13:30:00-04:00,35.036598205566406,35.036598205566406,35.036598205566406,35.036598205566406,676,0.0,0.0,0.0
2024-05-03 14:30:00-04:00,34.970001220703125,35.01390075683594,34.970001220703125,35.01390075683594,288,0.0,0.0,0.0
2024-05-06 09:30:00-04:00,35.220001220703125,35.93000030517578,35.220001220703125,35.93000030517578,3653,0.0,0.0,0.0
2024-05-06 10:30:00-04:00,35.95000076293945,35.95000076293945,35.72999954223633,35.7400016784668,3730,0.0,0.0,0.0
2024-05-06 11:30:00-04:00,35.79999923706055,35.849998474121094,35.67499923706055,35.67499923706055,1621,0.0,0.0,0.0
2024-05-06 12:30:00-04:00,35.75,35.88999938964844,35.75,35.88999938964844,1735,0.0,0.0,0.0
2024-05-06 13:30:00-04:00,35.79999923706055,35.959999084472656,35.779998779296875,35.779998779296875,1559,0.0,0.0,0.0
2024-05-06 14:30:00-04:00,35.77000045776367,35.95000076293945,35.7400016784668,35.7599983215332,1779,0.0,0.0,0.0
2024-05-06 15:30:00-04:00,35.75,36.02000045776367,35.64390182495117,36.02000045776367,1557,0.0,0.0,0.0
2024-05-07 09:30:00-04:00,35.08000183105469,35.08000183105469,34.85879898071289,34.93000030517578,0,0.0,0.0,0.0
2024-05-07 10:30:00-04:00,35.15010070800781,35.15010070800781,35.15010070800781,35.15010070800781,305,0.0,0.0,0.0
2024-05-07 11:30:00-04:00,35.14500045776367,35.14500045776367,35.14500045776367,35.14500045776367,285,0.0,0.0,0.0
2024-05-07 14:30:00-04:00,34.86000061035156,34.97050094604492,34.86000061035156,34.927799224853516,0,0.0,0.0,0.0
2024-05-08 10:30:00-04:00,35.125,35.18259811401367,35.125,35.18259811401367,43,0.0,0.0,0.0
2024-05-09 11:30:00-04:00,35.43000030517578,35.43000030517578,35.254398345947266,35.254398345947266,0,0.0,0.0,0.0
2024-05-10 09:30:00-04:00,35.540000915527344,35.540000915527344,34.969600677490234,34.969600677490234,722,0.0,0.0,0.0
2024-05-13 15:30:00-04:00,35.109500885009766,35.109500885009766,35.09469985961914,35.09469985961914,1238,0.0,0.0,0.0
2024-05-14 09:30:00-04:00,35.02000045776367,35.56809997558594,35.02000045776367,35.492000579833984,0,0.0,0.0,0.0
2024-05-14 10:30:00-04:00,35.43000030517578,35.43000030517578,35.43000030517578,35.43000030517578,267,0.0,0.0,0.0
2024-05-14 15:30:00-04:00,35.54999923706055,35.55179977416992,35.54999923706055,35.55179977416992,1000,0.0,0.0,0.0
2024-05-15 09:30:00-04:00,36.02000045776367,36.02000045776367,36.02000045776367,36.02000045776367,0,0.0,0.0,0.0
2024-05-15 11:30:00-04:00,36.220001220703125,36.314998626708984,36.220001220703125,36.314998626708984,1445,0.0,0.0,0.0
2024-05-16 11:30:00-04:00,36.310001373291016,36.310001373291016,36.2318000793457,36.2318000793457,13,0.0,0.0,0.0
2024-05-17 11:30:00-04:00,36.470001220703125,36.62739944458008,36.470001220703125,36.62739944458008,295,0.0,0.0,0.0
2024-05-20 09:30:00-04:00,36.599998474121094,36.599998474121094,36.599998474121094,36.599998474121094,21,0.0,0.0,0.0
2024-05-20 15:30:00-04:00,37.3400993347168,37.35850143432617,37.3400993347168,37.35850143432617,170,0.0,0.0,0.0
2024-05-21 09:30:00-04:00,37.25,37.25,37.11439895629883,37.11439895629883,2770,0.0,0.0,0.0
2024-05-21 10:30:00-04:00,37.04999923706055,37.04999923706055,37.04999923706055,37.04999923706055,312,0.0,0.0,0.0
2024-05-21 11:30:00-04:00,37.1072998046875,37.1072998046875,37.1072998046875,37.1072998046875,150,0.0,0.0,0.0
2024-05-21 12:30:00-04:00,37.060001373291016,37.060001373291016,37.060001373291016,37.060001373291016,301,0.0,0.0,0.0
2024-05-21 13:30:00-04:00,37.18000030517578,37.18000030517578,37.18000030517578,37.18000030517578,1001,0.0,0.0,0.0
2024-05-21 15:30:00-04:00,37.15999984741211,37.15999984741211,37.09370040893555,37.09370040893555,0,0.0,0.0,0.0
2024-05-22 15:30:00-04:00,36.957801818847656,36.957801818847656,36.165401458740234,36.165401458740234,0,0.0,0.0,0.0
2024-05-24 14:30:00-04:00,36.31999969482422,36.45500183105469,36.31999969482422,36.45500183105469,140,0.0,0.0,0.0
2024-05-28 09:30:00-04:00,36.29999923706055,36.29999923706055,36.29999923706055,36.29999923706055,539,0.0,0.0,0.0
2024-05-28 11:30:00-04:00,36.18000030517578,36.18009948730469,36.18000030517578,36.18009948730469,215,0.0,0.0,0.0
2024-05-28 12:30:00-04:00,36.0,36.0,36.0,36.0,158,0.0,0.0,0.0
2024-05-28 14:30:00-04:00,35.880001068115234,35.880001068115234,35.880001068115234,35.880001068115234,106,0.0,0.0,0.0
2024-05-28 15:30:00-04:00,36.14619827270508,36.14619827270508,36.14619827270508,36.14619827270508,1015,0.0,0.0,0.0
2024-05-29 09:30:00-04:00,35.66999816894531,35.86249923706055,35.66999816894531,35.86249923706055,0,0.0,0.0,0.0
2024-05-30 09:30:00-04:00,35.45000076293945,35.45000076293945,35.209999084472656,35.209999084472656,189,0.0,0.0,0.0
2024-05-30 12:30:00-04:00,34.91999816894531,34.91999816894531,34.30550003051758,34.30550003051758,0,0.0,0.0,0.0
2024-05-31 09:30:00-04:00,34.279998779296875,34.279998779296875,33.77000045776367,33.779998779296875,1331,0.0,0.0,0.0
2024-05-31 10:30:00-04:00,33.709999084472656,33.75,33.709999084472656,33.75,1111,0.0,0.0,0.0
2024-05-31 11:30:00-04:00,33.31999969482422,33.31999969482422,33.31999969482422,33.31999969482422,119,0.0,0.0,0.0
2024-05-31 12:30:00-04:00,33.27840042114258,33.287498474121094,33.22999954223633,33.287498474121094,1525,0.0,0.0,0.0
2024-05-31 13:30:00-04:00,33.36159896850586,33.36159896850586,33.36159896850586,33.36159896850586,405,0.0,0.0,0.0
2024-05-31 15:30:00-04:00,33.72829818725586,33.72829818725586,33.72829818725586,33.72829818725586,504,0.0,0.0,0.0
2024-06-03 09:30:00-04:00,34.75,34.75,34.75,34.75,0,0.0,0.0,0.0
2024-06-03 15:30:00-04:00,33.81999969482422,33.81999969482422,33.73500061035156,33.73609924316406,335,0.0,0.0,0.0
2024-06-04 09:30:00-04:00,33.70000076293945,34.08000183105469,33.70000076293945,34.08000183105469,0,0.0,0.0,0.0
2024-06-04 11:30:00-04:00,33.845001220703125,33.845001220703125,33.845001220703125,33.845001220703125,268,0.0,0.0,0.0
2024-06-04 13:30:00-04:00,33.779998779296875,33.78010177612305,33.7333984375,33.7333984375,425,0.0,0.0,0.0
2024-06-05 09:30:00-04:00,34.150001525878906,34.150001525878906,32.22999954223633,32.22999954223633,1444,0.0,0.0,0.0
2024-06-05 10:30:00-04:00,34.03099822998047,34.115501403808594,34.03099822998047,34.115501403808594,1137,0.0,0.0,0.0
2024-06-05 14:30:00-04:00,34.36000061035156,34.470001220703125,34.310001373291016,34.380001068115234,925,0.0,0.0,0.0
2024-06-05 15:30:00-04:00,34.25,34.45009994506836,34.25,34.45009994506836,0,0.0,0.0,0.0
2024-06-06 09:30:00-04:00,34.63999938964844,34.63999938964844,34.63999938964844,34.63999938964844,280,0.0,0.0,0.0
2024-06-06 10:30:00-04:00,34.570098876953125,34.709999084472656,34.570098876953125,34.709999084472656,519,0.0,0.0,0.0
2024-06-06 15:30:00-04:00,34.5880012512207,34.5880012512207,34.540000915527344,34.55179977416992,0,0.0,0.0,0.0
2024-06-07 09:30:00-04:00,34.61000061035156,34.71500015258789,34.183799743652344,34.183799743652344,815,0.0,0.0,0.0
2024-06-10 09:30:00-04:00,33.91999816894531,34.28129959106445,33.91999816894531,34.28129959106445,0,0.0,0.0,0.0
2024-06-11 09:30:00-04:00,33.90999984741211,33.90999984741211,33.61000061035156,33.61000061035156,180,0.0,0.0,0.0
2024-06-11 10:30:00-04:00,33.83000183105469,33.830101013183594,33.83000183105469,33.830101013183594,258,0.0,0.0,0.0
2024-06-11 13:30:00-04:00,33.970001220703125,33.970001220703125,33.970001220703125,33.970001220703125,287,0.0,0.0,0.0
2024-06-11 15:30:00-04:00,33.9900016784668,33.994998931884766,33.9900016784668,33.994998931884766,0,0.0,0.0,0.0
2024-06-12 09:30:00-04:00,34.59000015258789,34.59000015258789,34.59000015258789,34.59000015258789,499,0.0,0.0,0.0
2024-06-12 11:30:00-04:00,35.290000915527344,35.290000915527344,34.95759963989258,34.95759963989258,833,0.0,0.0,0.0
2024-06-13 09:30:00-04:00,34.79999923706055,34.79999923706055,34.5,34.5,0,0.0,0.0,0.0
2024-06-13 10:30:00-04:00,34.4026985168457,34.4026985168457,34.4026985168457,34.4026985168457,300,0.0,0.0,0.0
2024-06-13 11:30:00-04:00,34.23970031738281,34.23970031738281,34.08140182495117,34.08140182495117,663,0.0,0.0,0.0
2024-06-13 15:30:00-04:00,34.08000183105469,34.08000183105469,34.07849884033203,34.07849884033203,0,0.0,0.0,0.0
2024-06-14 11:30:00-04:00,33.9900016784668,34.029998779296875,33.849998474121094,33.849998474121094,842,0.0,0.0,0.0
2024-06-14 12:30:00-04:00,34.059898376464844,34.059898376464844,34.059898376464844,34.059898376464844,194,0.0,0.0,0.0
2024-06-14 14:30:00-04:00,33.97999954223633,34.04819869995117,33.290000915527344,34.04819869995117,1333,0.0,0.0,0.0
2024-06-17 09:30:00-04:00,33.91999816894531,33.91999816894531,33.91999816894531,33.91999816894531,859,0.0,0.0,0.0
2024-06-17 11:30:00-04:00,33.68000030517578,33.68000030517578,33.68000030517578,33.68000030517578,403,0.0,0.0,0.0
2024-06-17 13:30:00-04:00,34.06010055541992,34.253299713134766,34.06010055541992,34.220001220703125,800,0.0,0.0,0.0
2024-06-17 14:30:00-04:00,34.349998474121094,34.349998474121094,34.27939987182617,34.27939987182617,172,0.0,0.0,0.0
2024-06-18 09:30:00-04:00,33.970001220703125,34.11000061035156,33.970001220703125,34.04100036621094,0,0.0,0.0,0.0
2024-06-18 10:30:00-04:00,34.099998474121094,34.099998474121094,34.099998474121094,34.099998474121094,157,0.0,0.0,0.0
2024-06-18 13:30:00-04:00,33.90999984741211,33.90999984741211,33.90999984741211,33.90999984741211,365,0.0,0.0,0.0
2024-06-18 14:30:00-04:00,33.91999816894531,33.92850112915039,33.91999816894531,33.92850112915039,150,0.0,0.0,0.0
2024-06-20 09:30:00-04:00,33.880001068115234,33.93149948120117,33.880001068115234,33.93149948120117,1289,0.0,0.0,0.0
2024-06-20 10:30:00-04:00,33.94990158081055,33.94990158081055,33.94990158081055,33.94990158081055,546,0.0,0.0,0.0
2024-06-20 15:30:00-04:00,33.86819839477539,33.86819839477539,33.7599983215332,33.79010009765625,0,0.0,0.0,0.0
2024-06-21 12:30:00-04:00,33.75,34.0807991027832,33.709999084472656,34.0807991027832,386,0.0,0.0,0.0
2024-06-24 09:30:00-04:00,33.7599983215332,33.850101470947266,33.18000030517578,33.849998474121094,4913,0.0,0.0,0.0
2024-06-24 10:30:00-04:00,33.959999084472656,33.971500396728516,33.119998931884766,33.849998474121094,46626,0.0,0.0,0.0
2024-06-24 11:30:00-04:00,33.971500396728516,33.971500396728516,33.79059982299805,33.79059982299805,0,0.0,0.0,0.0
2024-06-25 09:30:00-04:00,33.65999984741211,33.773101806640625,33.41999816894531,33.75,17035,0.0,0.0,0.0
2024-06-25 10:30:00-04:00,33.790000915527344,33.790000915527344,33.779998779296875,33.779998779296875,202,0.0,0.0,0.0
2024-06-25 11:30:00-04:00,33.8125,33.81999969482422,33.8125,33.81999969482422,907,0.0,0.0,0.0
2024-06-25 12:30:00-04:00,33.720001220703125,33.720001220703125,33.720001220703125,33.720001220703125,196,0.0,0.0,0.0
2024-06-25 13:30:00-04:00,33.720001220703125,33.720001220703125,33.71179962158203,33.71179962158203,0,0.0,0.0,0.0
2024-06-26 09:30:00-04:00,33.66999816894531,33.73500061035156,33.66999816894531,33.72999954223633,416,0.0,0.0,0.0
2024-06-26 10:30:00-04:00,33.86000061035156,33.86000061035156,33.86000061035156,33.86000061035156,103,0.0,0.0,0.0
2024-06-26 11:30:00-04:00,33.880001068115234,33.90370178222656,33.880001068115234,33.90370178222656,207,0.0,0.0,0.0
2024-06-26 12:30:00-04:00,33.91999816894531,33.91999816894531,33.91999816894531,33.91999816894531,322,0.0,0.0,0.0
2024-06-26 14:30:00-04:00,33.93000030517578,33.93000030517578,33.93000030517578,33.93000030517578,300,0.0,0.0,0.0
2024-06-26 15:30:00-04:00,33.869998931884766,33.95000076293945,33.869998931884766,33.95000076293945,0,0.0,0.0,0.0
2024-06-27 09:30:00-04:00,34.130001068115234,34.289798736572266,34.130001068115234,34.289798736572266,1167,0.0,0.0,0.0
2024-06-27 11:30:00-04:00,34.435001373291016,34.630001068115234,34.435001373291016,34.630001068115234,987,0.0,0.0,0.0
2024-06-27 14:30:00-04:00,34.77000045776367,34.84000015258789,34.77000045776367,34.84000015258789,826,0.0,0.0,0.0
2024-06-27 15:30:00-04:00,34.880001068115234,34.9109001159668,34.869998931884766,34.9109001159668,0,0.0,0.0,0.0
2024-06-28 09:30:00-04:00,35.06999969482422,35.15999984741211,35.06999969482422,35.15999984741211,547,0.0,0.0,0.0
2024-06-28 12:30:00-04:00,35.087501525878906,35.087501525878906,35.087501525878906,35.087501525878906,125,0.0,0.0,0.0
2024-06-28 13:30:00-04:00,34.939998626708984,35.005001068115234,34.939998626708984,35.005001068115234,437,0.0,0.0,0.0
2024-07-01 09:30:00-04:00,34.849998474121094,35.06999969482422,34.849998474121094,35.06999969482422,0,0.0,0.0,0.0
2024-07-01 12:30:00-04:00,35.22999954223633,35.22999954223633,35.22999954223633,35.22999954223633,350,0.0,0.0,0.0
2024-07-01 13:30:00-04:00,35.29499816894531,35.29499816894531,35.26580047607422,35.26580047607422,0,0.0,0.0,0.0
2024-07-02 09:30:00-04:00,35.18000030517578,35.18000030517578,35.18000030517578,35.18000030517578,203,0.0,0.0,0.0
2024-07-02 10:30:00-04:00,35.309898376464844,35.309898376464844,35.309898376464844,35.309898376464844,351,0.0,0.0,0.0
2024-07-02 13:30:00-04:00,35.310001373291016,35.36750030517578,35.310001373291016,35.36750030517578,160,0.0,0.0,0.0
2024-07-03 09:30:00-04:00,35.349998474121094,35.383399963378906,35.349998474121094,35.383399963378906,0,0.0,0.0,0.0
2024-07-05 09:30:00-04:00,35.349998474121094,35.439998626708984,35.349998474121094,35.439998626708984,502,0.0,0.0,0.0
2024-07-05 15:30:00-04:00,35.56999969482422,35.58679962158203,35.56999969482422,35.58679962158203,208,0.0,0.0,0.0
2024-07-08 09:30:00-04:00,35.68000030517578,35.68000030517578,35.599998474121094,35.599998474121094,1075,0.0,0.0,0.0
2024-07-08 14:30:00-04:00,35.53340148925781,35.53340148925781,35.53340148925781,35.53340148925781,0,0.0,0.0,0.0
2024-07-09 09:30:00-04:00,35.540000915527344,35.540000915527344,35.540000915527344,35.540000915527344,205,0.0,0.0,0.0
2024-07-09 10:30:00-04:00,34.91999816894531,34.93000030517578,34.91999816894531,34.93000030517578,706,0.0,0.0,0.0
2024-07-09 11:30:00-04:00,34.90060043334961,34.90060043334961,34.900001525878906,34.900001525878906,354,0.0,0.0,0.0
2024-07-09 15:30:00-04:00,34.90999984741211,34.90999984741211,34.81990051269531,34.81990051269531,0,0.0,0.0,0.0
2024-07-10 12:30:00-04:00,34.43000030517578,34.43000030517578,34.43000030517578,34.43000030517578,188,0.0,0.0,0.0
2024-07-10 13:30:00-04:00,34.62990188598633,34.62990188598633,34.628700256347656,34.628700256347656,226,0.0,0.0,0.0
2024-07-10 15:30:00-04:00,34.54999923706055,34.592899322509766,34.54999923706055,34.592899322509766,514,0.0,0.0,0.0
2024-07-11 09:30:00-04:00,34.939998626708984,35.290000915527344,34.939998626708984,35.290000915527344,0,0.0,0.0,0.0
2024-07-11 11:30:00-04:00,35.0,35.0,34.810001373291016,34.86000061035156,455,0.0,0.0,0.0
2024-07-11 12:30:00-04:00,34.8650016784668,34.869998931884766,34.8650016784668,34.8650016784668,453,0.0,0.0,0.0
2024-07-11 15:30:00-04:00,34.93000030517578,34.93000030517578,34.93000030517578,34.93000030517578,0,0.0,0.0,0.0
2024-07-12 09:30:00-04:00,35.060001373291016,35.060001373291016,35.060001373291016,35.060001373291016,137,0.0,0.0,0.0
2024-07-12 10:30:00-04:00,35.279998779296875,35.279998779296875,35.279998779296875,35.279998779296875,295,0.0,0.0,0.0
2024-07-12 15:30:00-04:00,35.290000915527344,35.290000915527344,35.28260040283203,35.28260040283203,380,0.0,0.0,0.0
2024-07-15 09:30:00-04:00,35.54999923706055,35.619998931884766,35.54999923706055,35.619998931884766,1002,0.0,0.0,0.0
2024-07-15 13:30:00-04:00,35.64469909667969,35.64469909667969,35.64469909667969,35.64469909667969,253,0.0,0.0,0.0
2024-07-15 15:30:00-04:00,35.39099884033203,35.43659973144531,35.39099884033203,35.43659973144531,0,0.0,0.0,0.0
2024-07-16 10:30:00-04:00,35.56999969482422,35.56999969482422,35.56999969482422,35.56999969482422,100,0.0,0.0,0.0
2024-07-16 11:30:00-04:00,35.599998474121094,35.87810134887695,35.599998474121094,35.87810134887695,485,0.0,0.0,0.0
2024-07-17 09:30:00-04:00,35.33000183105469,35.52000045776367,35.33000183105469,35.52000045776367,756,0.0,0.0,0.0
2024-07-17 10:30:00-04:00,35.560001373291016,35.560001373291016,35.560001373291016,35.560001373291016,117,0.0,0.0,0.0
2024-07-17 13:30:00-04:00,35.18000030517578,35.367401123046875,35.18000030517578,35.367401123046875,307,0.0,0.0,0.0
2024-07-18 09:30:00-04:00,35.72999954223633,35.72999954223633,35.630001068115234,35.630001068115234,491,0.0,0.0,0.0
2024-07-18 10:30:00-04:00,35.400001525878906,35.400001525878906,34.75299835205078,34.75299835205078,530,0.0,0.0,0.0
2024-07-19 09:30:00-04:00,34.84000015258789,34.84000015258789,34.630001068115234,34.630001068115234,410,0.0,0.0,0.0
2024-07-19 11:30:00-04:00,34.54999923706055,34.75830078125,34.529998779296875,34.75830078125,1820,0.0,0.0,0.0
2024-07-22 09:30:00-04:00,35.34000015258789,35.34000015258789,34.93000030517578,34.93000030517578,813,0.0,0.0,0.0
2024-07-22 13:30:00-04:00,35.22999954223633,35.230098724365234,35.22999954223633,35.230098724365234,402,0.0,0.0,0.0
2024-07-22 14:30:00-04:00,35.29999923706055,35.3213005065918,35.29999923706055,35.3213005065918,0,0.0,0.0,0.0
2024-07-23 09:30:00-04:00,35.380001068115234,35.630001068115234,35.380001068115234,35.630001068115234,360,0.0,0.0,0.0
2024-07-24 09:30:00-04:00,35.38999938964844,35.38999938964844,35.25,35.250099182128906,115,0.0,0.0,0.0
2024-07-24 11:30:00-04:00,34.79010009765625,34.79010009765625,34.79010009765625,34.79010009765625,478,0.0,0.0,0.0
2024-07-24 15:30:00-04:00,34.54999923706055,35.12730026245117,34.432498931884766,35.12730026245117,0,0.0,0.0,0.0
2024-07-26 10:30:00-04:00,35.380001068115234,35.55630111694336,35.380001068115234,35.55630111694336,38151,0.0,0.0,0.0
2024-07-29 09:30:00-04:00,36.02000045776367,36.02000045776367,35.70000076293945,35.70000076293945,0,0.0,0.0,0.0
2024-07-29 14:30:00-04:00,35.45000076293945,35.45000076293945,35.364498138427734,35.399898529052734,847,0.0,0.0,0.0
2024-07-30 09:30:00-04:00,35.84000015258789,35.88999938964844,35.84000015258789,35.88999938964844,0,0.0,0.0,0.0
2024-07-30 13:30:00-04:00,35.439998626708984,35.522098541259766,35.439998626708984,35.522098541259766,0,0.0,0.0,0.0
2024-07-31 10:30:00-04:00,35.959999084472656,35.959999084472656,35.959999084472656,35.959999084472656,320,0.0,0.0,0.0
2024-07-31 12:30:00-04:00,36.03499984741211,36.03499984741211,36.029998779296875,36.029998779296875,283,0.0,0.0,0.0
2024-07-31 14:30:00-04:00,36.040000915527344,36.040000915527344,34.698299407958984,34.698299407958984,0,0.0,0.0,0.0
2024-08-02 09:30:00-04:00,34.0,34.0,33.59939956665039,33.66999816894531,540,0.0,0.0,0.0
2024-08-02 11:30:00-04:00,33.44139862060547,33.44139862060547,33.44139862060547,33.44139862060547,165,0.0,0.0,0.0
2024-08-02 12:30:00-04:00,33.400001525878906,33.400001525878906,33.400001525878906,33.400001525878906,110,0.0,0.0,0.0
2024-08-02 14:30:00-04:00,33.61989974975586,33.61989974975586,33.41109848022461,33.41109848022461,454,0.0,0.0,0.0
2024-08-05 09:30:00-04:00,31.68000030517578,32.130001068115234,31.639999389648438,32.130001068115234,2634,0.0,0.0,0.0
2024-08-05 14:30:00-04:00,32.43519973754883,32.43519973754883,32.43519973754883,32.43519973754883,121,0.0,0.0,0.0
2024-08-05 15:30:00-04:00,32.400001525878906,32.400001525878906,32.400001525878906,32.400001525878906,0,0.0,0.0,0.0
2024-08-06 09:30:00-04:00,32.459999084472656,32.46009826660156,32.459999084472656,32.46009826660156,363,0.0,0.0,0.0
2024-08-06 14:30:00-04:00,33.04999923706055,33.04999923706055,32.889198303222656,32.889198303222656,0,0.0,0.0,0.0
2024-08-07 11:30:00-04:00,33.650001525878906,33.66999816894531,33.650001525878906,33.66999816894531,512,0.0,0.0,0.0
2024-08-07 14:30:00-04:00,33.18000030517578,33.18000030517578,33.01070022583008,33.01070022583008,386,0.0,0.0,0.0
2024-08-08 09:30:00-04:00,33.560001373291016,33.560001373291016,33.560001373291016,33.560001373291016,0,0.0,0.0,0.0
2024-08-08 13:30:00-04:00,34.16999816894531,34.16999816894531,34.16999816894531,34.16999816894531,279,0.0,0.0,0.0
2024-08-08 15:30:00-04:00,34.31740188598633,34.31740188598633,34.27920150756836,34.27920150756836,0,0.0,0.0,0.0
2024-08-09 12:30:00-04:00,33.7400016784668,33.83700180053711,33.7400016784668,33.83700180053711,110,0.0,0.0,0.0
2024-08-12 13:30:00-04:00,33.625,33.68000030517578,33.57339859008789,33.57339859008789,3914,0.0,0.0,0.0
2024-08-13 09:30:00-04:00,33.939998626708984,34.410701751708984,33.939998626708984,34.410701751708984,0,0.0,0.0,0.0
2024-08-14 13:30:00-04:00,34.27000045776367,34.27009963989258,34.27000045776367,34.27009963989258,623,0.0,0.0,0.0
2024-08-14 14:30:00-04:00,34.310001373291016,34.379798889160156,34.310001373291016,34.379798889160156,0,0.0,0.0,0.0
2024-08-15 09:30:00-04:00,35.0,35.0,35.0,35.0,191,0.0,0.0,0.0
2024-08-15 15:30:00-04:00,34.959999084472656,34.959999084472656,34.959999084472656,34.959999084472656,0,0.0,0.0,0.0
2024-08-16 09:30:00-04:00,35.12810134887695,35.12810134887695,35.12810134887695,35.12810134887695,103,0.0,0.0,0.0
2024-08-16 10:30:00-04:00,35.11000061035156,35.11000061035156,35.11000061035156,35.11000061035156,102,0.0,0.0,0.0
2024-08-16 12:30:00-04:00,35.29119873046875,35.29119873046875,35.26539993286133,35.26539993286133,117,0.0,0.0,0.0
2024-08-19 10:30:00-04:00,35.4911994934082,35.4911994934082,35.4911994934082,35.4911994934082,0,0.0,0.0,0.0
2024-08-19 11:30:00-04:00,35.652000427246094,35.652000427246094,35.652000427246094,35.652000427246094,318,0.0,0.0,0.0
2024-08-19 13:30:00-04:00,35.75,35.75,35.75,35.75,356,0.0,0.0,0.0
2024-08-19 14:30:00-04:00,35.712501525878906,35.82040023803711,35.712501525878906,35.82040023803711,0,0.0,0.0,0.0
2024-08-20 10:30:00-04:00,35.7599983215332,35.7599983215332,35.63999938964844,35.63999938964844,9,0.0,0.0,0.0
2024-08-21 11:30:00-04:00,35.810001373291016,36.00490188598633,35.810001373291016,36.00490188598633,318,0.0,0.0,0.0
2024-08-22 09:30:00-04:00,35.95000076293945,35.95000076293945,35.95000076293945,35.95000076293945,0,0.0,0.0,0.0
2024-08-22 10:30:00-04:00,35.731998443603516,35.731998443603516,35.731998443603516,35.731998443603516,294,0.0,0.0,0.0
2024-08-22 14:30:00-04:00,35.39400100708008,35.39400100708008,35.15169906616211,35.15169906616211,0,0.0,0.0,0.0
2024-08-23 11:30:00-04:00,35.45600128173828,35.45600128173828,35.45600128173828,35.45600128173828,226,0.0,0.0,0.0
2024-08-23 14:30:00-04:00,35.540000915527344,35.616600036621094,35.540000915527344,35.616600036621094,242,0.0,0.0,0.0
2024-08-26 09:30:00-04:00,35.650001525878906,35.7400016784668,35.650001525878906,35.7400016784668,41,0.0,0.0,0.0
2024-08-26 10:30:00-04:00,35.779998779296875,35.79999923706055,35.779998779296875,35.790000915527344,340,0.0,0.0,0.0
2024-08-26 13:30:00-04:00,35.810001373291016,35.810001373291016,35.75,35.75,1021,0.0,0.0,0.0
2024-08-26 14:30:00-04:00,35.7599983215332,35.7599983215332,35.75,35.75,241,0.0,0.0,0.0
2024-08-26 15:30:00-04:00,35.75,35.75,35.58660125732422,35.58660125732422,1144,0.0,0.0,0.0
2024-08-27 09:30:00-04:00,35.445499420166016,35.445499420166016,35.445499420166016,35.445499420166016,0,0.0,0.0,0.0
2024-08-27 10:30:00-04:00,35.5,35.5,35.5,35.5,451,0.0,0.0,0.0
2024-08-27 13:30:00-04:00,35.5099983215332,35.51499938964844,35.5099983215332,35.51499938964844,700,0.0,0.0,0.0
2024-08-27 14:30:00-04:00,35.5,35.5,34.85820007324219,34.85820007324219,0,0.0,0.0,0.0
2024-08-29 09:30:00-04:00,35.80270004272461,35.80270004272461,35.80270004272461,35.80270004272461,542,0.0,0.0,0.0
2024-08-29 14:30:00-04:00,35.59989929199219,35.65650177001953,35.59989929199219,35.65650177001953,0,0.0,0.0,0.0
2024-08-30 15:30:00-04:00,35.4900016784668,35.59669876098633,35.4900016784668,35.59669876098633,115,0.0,0.0,0.0
2024-09-03 09:30:00-04:00,35.349998474121094,35.349998474121094,34.47629928588867,34.47629928588867,0,0.0,0.0,0.0
2024-09-04 12:30:00-04:00,34.60240173339844,34.60240173339844,34.48910140991211,34.48910140991211,188,0.0,0.0,0.0
2024-09-05 09:30:00-04:00,34.11000061035156,34.11000061035156,34.11000061035156,34.11000061035156,150,0.0,0.0,0.0
2024-09-05 10:30:00-04:00,34.07310104370117,34.07310104370117,34.07310104370117,34.07310104370117,619,0.0,0.0,0.0
2024-09-05 12:30:00-04:00,34.08000183105469,34.22050094604492,34.08000183105469,34.22050094604492,273,0.0,0.0,0.0
2024-09-06 09:30:00-04:00,34.150001525878906,34.150001525878906,33.779998779296875,33.779998779296875,0,0.0,0.0,0.0
2024-09-06 15:30:00-04:00,33.310001373291016,33.310001373291016,33.209999084472656,33.21739959716797,298,0.0,0.0,0.0
2024-09-09 13:30:00-04:00,34.130001068115234,34.13999938964844,34.040000915527344,34.08599853515625,5724,0.0,0.0,0.0
2024-09-09 14:30:00-04:00,33.95000076293945,33.95000076293945,33.95000076293945,33.95000076293945,304,0.0,0.0,0.0
2024-09-09 15:30:00-04:00,34.06999969482422,34.08000183105469,34.06999969482422,34.07360076904297,0,0.0,0.0,0.0
2024-09-11 09:30:00-04:00,33.90999984741211,33.90999984741211,33.90999984741211,33.90999984741211,0,0.0,0.0,0.0
2024-09-11 10:30:00-04:00,33.560001373291016,33.630001068115234,33.55970001220703,33.630001068115234,1202,0.0,0.0,0.0
2024-09-11 13:30:00-04:00,34.0447998046875,34.132835388183594,34.0447998046875,34.132835388183594,1158,0.0,0.0,0.0
2024-09-11 14:30:00-04:00,34.040000915527344,34.040000915527344,34.040000915527344,34.040000915527344,108,0.0,0.0,0.0
2024-09-11 15:30:00-04:00,34.20000076293945,34.268798828125,34.20000076293945,34.268798828125,0,0.0,0.0,0.0
2024-09-13 09:30:00-04:00,34.27000045776367,34.541500091552734,34.27000045776367,34.541500091552734,753,0.0,0.0,0.0
2024-09-13 10:30:00-04:00,34.83000183105469,34.83000183105469,34.83000183105469,34.83000183105469,320,0.0,0.0,0.0
2024-09-13 15:30:00-04:00,34.529998779296875,34.5890007019043,34.529998779296875,34.5890007019043,290,0.0,0.0,0.0
2024-09-16 09:30:00-04:00,34.52000045776367,34.52000045776367,34.52000045776367,34.52000045776367,0,0.0,0.0,0.0
2024-09-16 10:30:00-04:00,34.83000183105469,34.83000183105469,34.650001525878906,34.689998626708984,3172,0.0,0.0,0.0
2024-09-16 13:30:00-04:00,34.938899993896484,34.938899993896484,34.938899993896484,34.938899993896484,250,0.0,0.0,0.0
2024-09-16 14:30:00-04:00,34.900001525878906,34.930999755859375,34.81999969482422,34.930999755859375,3031,0.0,0.0,0.0
2024-09-16 15:30:00-04:00,34.91299819946289,34.91999816894531,34.849998474121094,34.859798431396484,1516,0.0,0.0,0.0
2024-09-17 09:30:00-04:00,34.881900787353516,34.95830154418945,34.86109924316406,34.95830154418945,0,0.0,0.0,0.0
2024-09-17 11:30:00-04:00,34.86000061035156,34.86000061035156,34.86000061035156,34.86000061035156,142,0.0,0.0,0.0
2024-09-17 15:30:00-04:00,34.78990173339844,34.823001861572266,34.70000076293945,34.823001861572266,0,0.0,0.0,0.0
2024-09-18 09:30:00-04:00,34.75,34.75,34.75,34.75,2015,0.0,0.0,0.0
2024-09-18 11:30:00-04:00,34.61000061035156,34.61000061035156,34.61000061035156,34.61000061035156,1022,0.0,0.0,0.0
2024-09-18 14:30:00-04:00,34.910400390625,34.910400390625,34.617801666259766,34.617801666259766,0,0.0,0.0,0.0
2024-09-19 10:30:00-04:00,35.334999084472656,35.334999084472656,35.334999084472656,35.334999084472656,327,0.0,0.0,0.0
2024-09-19 11:30:00-04:00,35.52799987792969,35.52799987792969,35.52799987792969,35.52799987792969,264,0.0,0.0,0.0
2024-09-19 14:30:00-04:00,35.22959899902344,35.3297004699707,35.18320083618164,35.18320083618164,0,0.0,0.0,0.0
