Datetime,Open,High,Low,Close,Volume,Dividends,Stock Splits
2022-09-22 09:30:00-04:00,46.099998474121094,46.18000030517578,45.189998626708984,45.400001525878906,0,0.0,0.0
2022-09-22 10:30:00-04:00,45.29999923706055,45.540000915527344,45.22999954223633,45.41999816894531,25241,0.0,0.0
2022-09-22 11:30:00-04:00,45.439998626708984,45.619998931884766,45.36000061035156,45.41999816894531,22660,0.0,0.0
2022-09-22 12:30:00-04:00,45.38999938964844,45.709999084472656,45.38999938964844,45.5,21794,0.0,0.0
2022-09-22 13:30:00-04:00,45.4900016784668,45.65999984741211,45.29999923706055,45.375,19832,0.0,0.0
2022-09-22 14:30:00-04:00,45.38990020751953,45.529998779296875,45.09000015258789,45.38999938964844,36967,0.0,0.0
2022-09-22 15:30:00-04:00,45.41999816894531,45.560001373291016,45.189998626708984,45.22999954223633,50326,0.0,0.0
2022-09-23 09:30:00-04:00,44.619998931884766,44.93000030517578,43.689998626708984,43.95000076293945,32833,0.0,0.0
2022-09-23 10:30:00-04:00,44.040000915527344,44.064998626708984,43.61000061035156,43.84000015258789,28382,0.0,0.0
2022-09-23 11:30:00-04:00,43.85499954223633,44.02000045776367,43.47999954223633,43.709999084472656,51925,0.0,0.0
2022-09-23 12:30:00-04:00,43.689998626708984,43.7599983215332,43.220001220703125,43.643001556396484,37808,0.0,0.0
2022-09-23 13:30:00-04:00,43.55500030517578,43.60499954223633,43.2599983215332,43.45000076293945,26162,0.0,0.0
2022-09-23 14:30:00-04:00,43.4900016784668,43.75,43.18000030517578,43.65999984741211,39178,0.0,0.0
2022-09-23 15:30:00-04:00,43.650001525878906,43.970001220703125,43.650001525878906,43.90999984741211,65718,0.0,0.0
2022-09-26 09:30:00-04:00,43.61000061035156,44.81999969482422,43.61000061035156,44.650001525878906,26838,0.0,0.0
2022-09-26 10:30:00-04:00,44.56999969482422,44.56999969482422,43.79999923706055,43.900001525878906,35506,0.0,0.0
2022-09-26 11:30:00-04:00,43.95000076293945,43.95000076293945,43.43000030517578,43.46500015258789,21958,0.0,0.0
2022-09-26 12:30:00-04:00,43.349998474121094,43.810001373291016,43.349998474121094,43.65999984741211,29689,0.0,0.0
2022-09-26 13:30:00-04:00,43.720001220703125,43.720001220703125,43.380001068115234,43.47589874267578,22214,0.0,0.0
2022-09-26 14:30:00-04:00,43.5,43.849998474121094,43.5,43.744998931884766,21015,0.0,0.0
2022-09-26 15:30:00-04:00,43.720001220703125,43.83000183105469,43.4900016784668,43.650001525878906,65377,0.0,0.0
2022-09-27 09:30:00-04:00,44.13999938964844,44.6150016784668,43.56999969482422,43.84000015258789,25438,0.0,0.0
2022-09-27 10:30:00-04:00,43.7599983215332,44.310001373291016,43.7599983215332,43.83000183105469,25048,0.0,0.0
2022-09-27 11:30:00-04:00,43.869998931884766,43.880001068115234,43.310001373291016,43.31999969482422,17374,0.0,0.0
2022-09-27 12:30:00-04:00,43.27000045776367,43.415000915527344,43.20000076293945,43.34000015258789,17380,0.0,0.0
2022-09-27 13:30:00-04:00,43.34000015258789,43.459999084472656,43.20000076293945,43.41999816894531,24629,0.0,0.0
2022-09-27 14:30:00-04:00,43.43000030517578,43.79999923706055,43.36000061035156,43.54999923706055,30386,0.0,0.0
2022-09-27 15:30:00-04:00,43.540000915527344,43.790000915527344,43.5,43.720001220703125,52971,0.0,0.0
2022-09-28 09:30:00-04:00,43.689998626708984,44.279998779296875,43.63999938964844,44.130001068115234,31086,0.0,0.0
2022-09-28 10:30:00-04:00,44.099998474121094,44.29999923706055,43.88999938964844,44.11000061035156,22505,0.0,0.0
2022-09-28 11:30:00-04:00,44.060001373291016,44.290000915527344,43.994998931884766,44.15999984741211,16752,0.0,0.0
2022-09-28 12:30:00-04:00,44.119998931884766,44.31999969482422,44.09000015258789,44.209999084472656,24935,0.0,0.0
2022-09-28 13:30:00-04:00,44.16999816894531,44.290000915527344,44.060001373291016,44.290000915527344,18330,0.0,0.0
2022-09-28 14:30:00-04:00,44.29999923706055,44.75,44.19499969482422,44.66999816894531,31613,0.0,0.0
2022-09-28 15:30:00-04:00,44.70000076293945,44.83000183105469,44.540000915527344,44.58000183105469,35564,0.0,0.0
2022-09-29 09:30:00-04:00,43.880001068115234,43.93000030517578,42.7599983215332,42.90999984741211,47379,0.0,0.0
2022-09-29 10:30:00-04:00,42.900001525878906,43.650001525878906,42.810001373291016,43.630001068115234,24704,0.0,0.0
2022-09-29 11:30:00-04:00,43.630001068115234,43.84000015258789,43.459999084472656,43.5,20002,0.0,0.0
2022-09-29 12:30:00-04:00,43.540000915527344,43.56999969482422,43.27000045776367,43.33000183105469,14644,0.0,0.0
2022-09-29 13:30:00-04:00,43.310001373291016,43.310001373291016,42.86000061035156,42.970001220703125,15745,0.0,0.0
2022-09-29 14:30:00-04:00,42.939998626708984,43.150001525878906,42.91999816894531,43.04999923706055,42437,0.0,0.0
2022-09-29 15:30:00-04:00,43.04999923706055,43.439998626708984,43.04999923706055,43.40999984741211,62434,0.0,0.0
2022-09-30 09:30:00-04:00,43.09000015258789,43.59000015258789,42.83000183105469,43.0,50160,0.0,0.0
2022-09-30 10:30:00-04:00,43.099998474121094,43.68000030517578,43.099998474121094,43.58000183105469,24884,0.0,0.0
2022-09-30 11:30:00-04:00,43.4900016784668,43.529998779296875,43.040000915527344,43.08000183105469,23690,0.0,0.0
2022-09-30 12:30:00-04:00,43.060001373291016,43.29999923706055,43.02000045776367,43.20000076293945,15403,0.0,0.0
2022-09-30 13:30:00-04:00,43.19499969482422,43.19499969482422,42.69990158081055,42.75,27903,0.0,0.0
2022-09-30 14:30:00-04:00,42.849998474121094,42.849998474121094,42.33000183105469,42.505001068115234,35599,0.0,0.0
2022-09-30 15:30:00-04:00,42.50080108642578,42.50080108642578,42.06999969482422,42.13999938964844,69400,0.0,0.0
2022-10-03 09:30:00-04:00,42.630001068115234,43.540000915527344,42.27000045776367,43.41999816894531,29429,0.0,0.0
2022-10-03 10:30:00-04:00,43.380001068115234,43.459999084472656,43.029998779296875,43.290000915527344,25904,0.0,0.0
2022-10-03 11:30:00-04:00,43.34000015258789,43.599998474121094,43.23500061035156,43.40999984741211,26726,0.0,0.0
2022-10-03 12:30:00-04:00,43.38999938964844,43.66999816894531,43.32500076293945,43.599998474121094,20097,0.0,0.0
2022-10-03 13:30:00-04:00,43.61000061035156,43.880001068115234,43.56999969482422,43.880001068115234,31271,0.0,0.0
2022-10-03 14:30:00-04:00,43.880001068115234,44.15999984741211,43.849998474121094,44.0099983215332,37039,0.0,0.0
2022-10-03 15:30:00-04:00,44.0,44.130001068115234,43.95500183105469,44.03499984741211,80032,0.0,0.0
2022-10-04 09:30:00-04:00,44.9900016784668,46.09000015258789,44.810001373291016,45.4900016784668,41632,0.0,0.0
2022-10-04 10:30:00-04:00,45.5099983215332,46.32500076293945,45.43000030517578,46.244998931884766,35981,0.0,0.0
2022-10-04 11:30:00-04:00,46.189998626708984,46.5099983215332,46.150001525878906,46.400001525878906,20893,0.0,0.0
2022-10-04 12:30:00-04:00,46.459999084472656,46.470001220703125,45.630001068115234,45.72999954223633,17193,0.0,0.0
2022-10-04 13:30:00-04:00,45.7599983215332,45.88999938964844,45.689998626708984,45.689998626708984,18979,0.0,0.0
2022-10-04 14:30:00-04:00,45.66999816894531,45.91999816894531,45.61000061035156,45.91999816894531,29102,0.0,0.0
2022-10-04 15:30:00-04:00,45.92499923706055,46.290000915527344,45.810001373291016,46.290000915527344,57837,0.0,0.0
2022-10-05 09:30:00-04:00,45.38999938964844,46.040000915527344,45.38999938964844,45.58000183105469,19168,0.0,0.0
2022-10-05 10:30:00-04:00,45.51499938964844,45.51499938964844,45.220001220703125,45.43000030517578,13787,0.0,0.0
2022-10-05 11:30:00-04:00,45.41999816894531,45.72999954223633,45.33000183105469,45.61000061035156,16432,0.0,0.0
2022-10-05 12:30:00-04:00,45.540000915527344,45.79169845581055,45.474998474121094,45.7599983215332,26539,0.0,0.0
2022-10-05 13:30:00-04:00,45.75,45.75,45.470001220703125,45.529998779296875,15389,0.0,0.0
2022-10-05 14:30:00-04:00,45.529998779296875,46.02000045776367,45.4900016784668,45.869998931884766,23124,0.0,0.0
2022-10-05 15:30:00-04:00,45.880001068115234,45.939998626708984,45.65999984741211,45.77000045776367,30367,0.0,0.0
2022-10-06 09:30:00-04:00,45.65999984741211,46.25,45.279998779296875,45.34000015258789,14408,0.0,0.0
2022-10-06 10:30:00-04:00,45.17499923706055,45.400001525878906,45.15999984741211,45.31999969482422,20407,0.0,0.0
2022-10-06 11:30:00-04:00,45.29999923706055,45.400001525878906,44.88999938964844,45.099998474121094,25181,0.0,0.0
2022-10-06 12:30:00-04:00,45.130001068115234,45.310001373291016,44.970001220703125,45.099998474121094,12062,0.0,0.0
2022-10-06 13:30:00-04:00,45.16999816894531,45.16999816894531,44.70000076293945,44.81999969482422,23041,0.0,0.0
2022-10-06 14:30:00-04:00,44.810001373291016,44.81999969482422,44.5,44.75,28141,0.0,0.0
2022-10-06 15:30:00-04:00,44.71500015258789,44.75,44.49100112915039,44.56999969482422,32718,0.0,0.0
2022-10-07 09:30:00-04:00,44.06999969482422,44.06999969482422,42.90999984741211,43.138999938964844,20619,0.0,0.0
2022-10-07 10:30:00-04:00,43.150001525878906,43.29999923706055,42.727500915527344,42.85499954223633,23172,0.0,0.0
2022-10-07 11:30:00-04:00,43.04999923706055,43.04999923706055,42.72999954223633,42.939998626708984,36967,0.0,0.0
2022-10-07 12:30:00-04:00,42.90999984741211,42.959999084472656,42.70500183105469,42.84000015258789,26939,0.0,0.0
2022-10-07 13:30:00-04:00,42.77000045776367,42.849998474121094,42.650001525878906,42.70500183105469,25147,0.0,0.0
2022-10-07 14:30:00-04:00,42.66999816894531,42.79499816894531,42.53499984741211,42.599998474121094,27764,0.0,0.0
2022-10-07 15:30:00-04:00,42.58000183105469,42.7599983215332,42.5,42.63999938964844,46100,0.0,0.0
2022-10-10 09:30:00-04:00,43.119998931884766,43.34000015258789,42.56740188598633,43.060001373291016,21911,0.0,0.0
2022-10-10 10:30:00-04:00,43.10499954223633,43.10499954223633,42.63999938964844,42.96500015258789,19487,0.0,0.0
2022-10-10 11:30:00-04:00,43.06999969482422,43.25,42.79999923706055,42.80500030517578,12347,0.0,0.0
2022-10-10 12:30:00-04:00,42.75,42.77000045776367,42.59000015258789,42.66999816894531,11299,0.0,0.0
2022-10-10 13:30:00-04:00,42.70000076293945,43.209999084472656,42.65999984741211,42.68000030517578,20248,0.0,0.0
2022-10-10 14:30:00-04:00,42.625,42.72999954223633,42.400001525878906,42.56999969482422,33057,0.0,0.0
2022-10-10 15:30:00-04:00,42.560001373291016,42.84000015258789,42.560001373291016,42.75,34969,0.0,0.0
2022-10-11 09:30:00-04:00,42.54999923706055,42.83000183105469,42.15999984741211,42.529998779296875,40765,0.0,0.0
2022-10-11 10:30:00-04:00,42.470001220703125,43.15999984741211,42.470001220703125,43.11289978027344,26073,0.0,0.0
2022-10-11 11:30:00-04:00,43.15999984741211,43.599998474121094,43.150001525878906,43.56999969482422,36771,0.0,0.0
2022-10-11 12:30:00-04:00,43.54999923706055,43.91999816894531,43.540000915527344,43.834999084472656,21902,0.0,0.0
2022-10-11 13:30:00-04:00,43.86000061035156,43.869998931884766,43.52000045776367,43.540000915527344,34196,0.0,0.0
2022-10-11 14:30:00-04:00,43.56999969482422,43.68000030517578,43.099998474121094,43.290000915527344,49408,0.0,0.0
2022-10-11 15:30:00-04:00,43.22999954223633,43.65999984741211,43.22999954223633,43.5099983215332,84385,0.0,0.0
2022-10-12 09:30:00-04:00,43.459999084472656,43.709999084472656,41.790000915527344,42.15190124511719,25795,0.0,0.0
2022-10-12 10:30:00-04:00,42.11000061035156,42.45500183105469,42.06999969482422,42.279998779296875,28436,0.0,0.0
2022-10-12 11:30:00-04:00,42.21500015258789,42.31999969482422,42.04499816894531,42.08000183105469,14096,0.0,0.0
2022-10-12 12:30:00-04:00,42.08000183105469,42.16999816894531,42.02000045776367,42.130001068115234,14880,0.0,0.0
2022-10-12 13:30:00-04:00,42.119998931884766,42.2400016784668,42.0099983215332,42.220001220703125,21952,0.0,0.0
2022-10-12 14:30:00-04:00,42.227901458740234,42.25,42.07500076293945,42.099998474121094,24002,0.0,0.0
2022-10-12 15:30:00-04:00,42.11000061035156,42.150001525878906,41.72999954223633,41.7599983215332,62649,0.0,0.0
2022-10-13 09:30:00-04:00,40.81999969482422,41.68000030517578,40.31999969482422,41.119998931884766,57734,0.0,0.0
2022-10-13 10:30:00-04:00,41.08000183105469,42.79499816894531,41.08000183105469,42.59000015258789,62779,0.0,0.0
2022-10-13 11:30:00-04:00,42.56999969482422,42.790000915527344,42.186500549316406,42.220001220703125,86266,0.0,0.0
2022-10-13 12:30:00-04:00,42.22999954223633,42.779998779296875,42.18000030517578,42.779998779296875,18158,0.0,0.0
2022-10-13 13:30:00-04:00,42.79999923706055,42.97999954223633,42.58000183105469,42.58000183105469,19759,0.0,0.0
2022-10-13 14:30:00-04:00,42.619998931884766,42.97999954223633,42.58000183105469,42.82500076293945,34119,0.0,0.0
2022-10-13 15:30:00-04:00,42.849998474121094,43.18000030517578,42.7599983215332,43.13999938964844,60936,0.0,0.0
2022-10-14 09:30:00-04:00,43.41999816894531,43.41999816894531,42.5099983215332,42.59000015258789,20054,0.0,0.0
2022-10-14 10:30:00-04:00,42.720001220703125,43.040000915527344,42.65999984741211,42.779998779296875,15089,0.0,0.0
2022-10-14 11:30:00-04:00,42.84000015258789,42.869998931884766,42.474998474121094,42.65999984741211,12092,0.0,0.0
2022-10-14 12:30:00-04:00,42.6349983215332,42.83000183105469,42.54999923706055,42.81999969482422,17120,0.0,0.0
2022-10-14 13:30:00-04:00,42.83000183105469,42.9900016784668,42.779998779296875,42.814998626708984,36420,0.0,0.0
2022-10-14 14:30:00-04:00,42.86000061035156,43.08000183105469,42.775001525878906,43.06999969482422,35131,0.0,0.0
2022-10-14 15:30:00-04:00,43.040000915527344,43.119998931884766,42.7599983215332,42.880001068115234,70548,0.0,0.0
2022-10-17 09:30:00-04:00,43.869998931884766,44.22999954223633,43.4900016784668,44.22999954223633,58267,0.0,0.0
2022-10-17 10:30:00-04:00,44.16999816894531,44.2400016784668,43.790000915527344,44.165000915527344,36949,0.0,0.0
2022-10-17 11:30:00-04:00,44.165000915527344,44.51499938964844,44.060001373291016,44.060001373291016,51832,0.0,0.0
2022-10-17 12:30:00-04:00,44.060001373291016,44.08000183105469,43.66999816894531,43.84000015258789,44346,0.0,0.0
2022-10-17 13:30:00-04:00,43.81999969482422,44.040000915527344,43.724998474121094,43.79999923706055,41980,0.0,0.0
2022-10-17 14:30:00-04:00,43.81999969482422,44.040000915527344,43.790000915527344,44.02000045776367,50691,0.0,0.0
2022-10-17 15:30:00-04:00,44.02000045776367,44.13999938964844,43.92499923706055,44.09000015258789,82776,0.0,0.0
2022-10-18 09:30:00-04:00,44.91999816894531,45.65999984741211,44.70000076293945,45.33000183105469,23741,0.0,0.0
2022-10-18 10:30:00-04:00,45.20000076293945,45.61000061035156,45.03379821777344,45.040000915527344,30120,0.0,0.0
2022-10-18 11:30:00-04:00,45.04999923706055,45.400001525878906,44.93439865112305,45.290000915527344,19145,0.0,0.0
2022-10-18 12:30:00-04:00,45.29999923706055,45.439998626708984,45.185001373291016,45.290000915527344,16413,0.0,0.0
2022-10-18 13:30:00-04:00,45.27000045776367,45.310001373291016,45.06999969482422,45.25,41820,0.0,0.0
2022-10-18 14:30:00-04:00,45.209999084472656,45.209999084472656,44.63999938964844,44.72999954223633,53449,0.0,0.0
2022-10-18 15:30:00-04:00,44.744998931884766,44.82500076293945,44.459999084472656,44.52000045776367,106581,0.0,0.0
2022-10-19 09:30:00-04:00,44.20000076293945,44.5099983215332,43.80500030517578,44.43000030517578,30243,0.0,0.0
2022-10-19 10:30:00-04:00,44.40999984741211,44.415000915527344,43.79499816894531,43.79499816894531,26502,0.0,0.0
2022-10-19 11:30:00-04:00,43.810001373291016,44.06999969482422,43.790000915527344,43.939998626708984,24206,0.0,0.0
2022-10-19 12:30:00-04:00,43.96500015258789,43.974998474121094,43.560001373291016,43.599998474121094,19997,0.0,0.0
2022-10-19 13:30:00-04:00,43.59000015258789,43.76499938964844,43.540000915527344,43.76499938964844,29068,0.0,0.0
2022-10-19 14:30:00-04:00,43.76499938964844,43.90999984741211,43.630001068115234,43.77000045776367,35561,0.0,0.0
2022-10-19 15:30:00-04:00,43.779998779296875,43.869998931884766,43.64500045776367,43.81999969482422,80549,0.0,0.0
2022-10-20 09:30:00-04:00,43.59000015258789,44.400001525878906,43.4900016784668,44.06999969482422,20429,0.0,0.0
2022-10-20 10:30:00-04:00,44.130001068115234,44.130001068115234,43.16999816894531,43.185001373291016,22779,0.0,0.0
2022-10-20 11:30:00-04:00,43.2400016784668,43.540000915527344,42.75,42.81999969482422,16494,0.0,0.0
2022-10-20 12:30:00-04:00,42.66999816894531,42.7400016784668,42.45000076293945,42.53499984741211,18042,0.0,0.0
2022-10-20 13:30:00-04:00,42.5,42.56999969482422,41.95000076293945,41.95000076293945,33639,0.0,0.0
2022-10-20 14:30:00-04:00,41.994998931884766,42.25,41.91999816894531,42.130001068115234,26684,0.0,0.0
2022-10-20 15:30:00-04:00,42.08000183105469,42.2400016784668,41.97999954223633,42.0099983215332,78905,0.0,0.0
2022-10-21 09:30:00-04:00,42.25,43.380001068115234,42.11000061035156,43.165000915527344,44246,0.0,0.0
2022-10-21 10:30:00-04:00,43.11000061035156,43.43000030517578,42.95000076293945,43.125,28724,0.0,0.0
2022-10-21 11:30:00-04:00,43.20000076293945,43.84000015258789,43.130001068115234,43.7599983215332,35909,0.0,0.0
2022-10-21 12:30:00-04:00,43.79499816894531,43.83000183105469,43.439998626708984,43.79999923706055,34849,0.0,0.0
2022-10-21 13:30:00-04:00,43.77000045776367,44.04999923706055,43.77000045776367,43.900001525878906,25620,0.0,0.0
2022-10-21 14:30:00-04:00,43.94499969482422,44.290000915527344,43.94499969482422,44.279998779296875,24578,0.0,0.0
2022-10-21 15:30:00-04:00,44.279998779296875,44.5,44.11000061035156,44.15999984741211,79130,0.0,0.0
2022-10-24 09:30:00-04:00,44.5,44.619998931884766,43.755001068115234,44.0,0,0.0,0.0
2022-10-24 10:30:00-04:00,44.13999938964844,44.34000015258789,43.96500015258789,44.30500030517578,24222,0.0,0.0
2022-10-24 11:30:00-04:00,44.27000045776367,44.7599983215332,44.27000045776367,44.650001525878906,12702,0.0,0.0
2022-10-24 12:30:00-04:00,44.560001373291016,44.75,44.505001068115234,44.59000015258789,14424,0.0,0.0
2022-10-24 13:30:00-04:00,44.65999984741211,44.720001220703125,44.5099983215332,44.654998779296875,13691,0.0,0.0
2022-10-24 14:30:00-04:00,44.68000030517578,44.97999954223633,44.68000030517578,44.93000030517578,30750,0.0,0.0
2022-10-24 15:30:00-04:00,44.974998474121094,45.029998779296875,44.720001220703125,44.7400016784668,44460,0.0,0.0
2022-10-25 09:30:00-04:00,44.880001068115234,46.40999984741211,44.880001068115234,46.380001068115234,19941,0.0,0.0
2022-10-25 10:30:00-04:00,46.439998626708984,47.099998474121094,46.369998931884766,47.029998779296875,25953,0.0,0.0
2022-10-25 11:30:00-04:00,46.974998474121094,47.310001373291016,46.974998474121094,47.13999938964844,17661,0.0,0.0
2022-10-25 12:30:00-04:00,47.11000061035156,47.13999938964844,46.849998474121094,46.93000030517578,19154,0.0,0.0
2022-10-25 13:30:00-04:00,46.93000030517578,47.11000061035156,46.869998931884766,47.08000183105469,20567,0.0,0.0
2022-10-25 14:30:00-04:00,47.099998474121094,47.40999984741211,47.040000915527344,47.40999984741211,24788,0.0,0.0
2022-10-25 15:30:00-04:00,47.40999984741211,47.61000061035156,47.38999938964844,47.57500076293945,65740,0.0,0.0
2022-10-26 09:30:00-04:00,47.66999816894531,48.150001525878906,47.349998474121094,47.869998931884766,27798,0.0,0.0
2022-10-26 10:30:00-04:00,47.97999954223633,48.060001373291016,47.63999938964844,48.029998779296875,21870,0.0,0.0
2022-10-26 11:30:00-04:00,48.06999969482422,48.369998931884766,48.064998626708984,48.20000076293945,19581,0.0,0.0
2022-10-26 12:30:00-04:00,48.209999084472656,48.25,47.584999084472656,47.81999969482422,28559,0.0,0.0
2022-10-26 13:30:00-04:00,47.790000915527344,47.97999954223633,47.77000045776367,47.814998626708984,25630,0.0,0.0
2022-10-26 14:30:00-04:00,47.849998474121094,47.93000030517578,47.64500045776367,47.720001220703125,34938,0.0,0.0
2022-10-26 15:30:00-04:00,47.68000030517578,47.72999954223633,47.31999969482422,47.31999969482422,65537,0.0,0.0
2022-10-27 09:30:00-04:00,47.810001373291016,48.880001068115234,47.810001373291016,48.85499954223633,33136,0.0,0.0
2022-10-27 10:30:00-04:00,48.79999923706055,49.08000183105469,48.41999816894531,49.029998779296875,28944,0.0,0.0
2022-10-27 11:30:00-04:00,49.07500076293945,49.154998779296875,48.53499984741211,48.720001220703125,23044,0.0,0.0
2022-10-27 12:30:00-04:00,48.720001220703125,49.45000076293945,48.720001220703125,49.16999816894531,23097,0.0,0.0
2022-10-27 13:30:00-04:00,49.209999084472656,49.279998779296875,48.9900016784668,49.064998626708984,26704,0.0,0.0
2022-10-27 14:30:00-04:00,49.064998626708984,49.165000915527344,48.849998474121094,49.07500076293945,42099,0.0,0.0
2022-10-27 15:30:00-04:00,49.06999969482422,49.2400016784668,48.900001525878906,48.939998626708984,116287,0.0,0.0
2022-10-28 09:30:00-04:00,49.040000915527344,49.81999969482422,48.470001220703125,49.689998626708984,31529,0.0,0.0
2022-10-28 10:30:00-04:00,49.709999084472656,49.91999816894531,49.45000076293945,49.75,32896,0.0,0.0
2022-10-28 11:30:00-04:00,49.7400016784668,49.7599983215332,49.130001068115234,49.290000915527344,37406,0.0,0.0
2022-10-28 12:30:00-04:00,49.38999938964844,49.61000061035156,49.38999938964844,49.470001220703125,28151,0.0,0.0
2022-10-28 13:30:00-04:00,49.470001220703125,49.54999923706055,49.13999938964844,49.13999938964844,26981,0.0,0.0
2022-10-28 14:30:00-04:00,49.1349983215332,49.4900016784668,49.11000061035156,49.380001068115234,35859,0.0,0.0
2022-10-28 15:30:00-04:00,49.34000015258789,49.400001525878906,49.209999084472656,49.400001525878906,73701,0.0,0.0
2022-10-31 09:30:00-04:00,49.11000061035156,49.19499969482422,48.40999984741211,48.58000183105469,24024,0.0,0.0
2022-10-31 10:30:00-04:00,48.529998779296875,48.76499938964844,48.400001525878906,48.75,24683,0.0,0.0
2022-10-31 11:30:00-04:00,48.810001373291016,49.33000183105469,48.810001373291016,49.11000061035156,54222,0.0,0.0
2022-10-31 12:30:00-04:00,49.06999969482422,49.27000045776367,48.91999816894531,49.26499938964844,20703,0.0,0.0
2022-10-31 13:30:00-04:00,49.27000045776367,49.27000045776367,49.08000183105469,49.25,27845,0.0,0.0
2022-10-31 14:30:00-04:00,49.255001068115234,49.380001068115234,48.974998474121094,49.07500076293945,24162,0.0,0.0
2022-10-31 15:30:00-04:00,49.07500076293945,49.22999954223633,48.869998931884766,48.88999938964844,94387,0.0,0.0
2022-11-01 09:30:00-04:00,49.59000015258789,49.81999969482422,48.95000076293945,49.404998779296875,107009,0.0,0.0
2022-11-01 10:30:00-04:00,49.54499816894531,49.619998931884766,49.2599983215332,49.41999816894531,24538,0.0,0.0
2022-11-01 11:30:00-04:00,49.45000076293945,49.4900016784668,49.040000915527344,49.404998779296875,19611,0.0,0.0
2022-11-01 12:30:00-04:00,49.45000076293945,49.69810104370117,49.345001220703125,49.39500045776367,39388,0.0,0.0
2022-11-01 13:30:00-04:00,49.380001068115234,49.380001068115234,48.96500015258789,49.1349983215332,87190,0.0,0.0
2022-11-01 14:30:00-04:00,49.1349983215332,49.3849983215332,48.95000076293945,48.95000076293945,30693,0.0,0.0
2022-11-01 15:30:00-04:00,48.970001220703125,49.02000045776367,48.779998779296875,48.779998779296875,76620,0.0,0.0
2022-11-02 09:30:00-04:00,48.63999938964844,48.63999938964844,47.56999969482422,48.314998626708984,18882,0.0,0.0
2022-11-02 10:30:00-04:00,48.349998474121094,48.69499969482422,48.04499816894531,48.3650016784668,45524,0.0,0.0
2022-11-02 11:30:00-04:00,48.40999984741211,48.56999969482422,47.63999938964844,47.75,19500,0.0,0.0
2022-11-02 12:30:00-04:00,47.7599983215332,47.994998931884766,47.630001068115234,47.97999954223633,33149,0.0,0.0
2022-11-02 13:30:00-04:00,48.0099983215332,48.86000061035156,47.91999816894531,48.81999969482422,44478,0.0,0.0
2022-11-02 14:30:00-04:00,48.84000015258789,48.880001068115234,46.66999816894531,46.709999084472656,76834,0.0,0.0
2022-11-02 15:30:00-04:00,46.7400016784668,46.7400016784668,46.34000015258789,46.459999084472656,77543,0.0,0.0
2022-11-03 09:30:00-04:00,41.93000030517578,42.66999816894531,39.380001068115234,42.59000015258789,125577,0.0,0.0
2022-11-03 10:30:00-04:00,42.56999969482422,43.310001373291016,41.709999084472656,42.41999816894531,58030,0.0,0.0
2022-11-03 11:30:00-04:00,42.220001220703125,42.79999923706055,41.790000915527344,42.47999954223633,99277,0.0,0.0
2022-11-03 12:30:00-04:00,42.45000076293945,42.630001068115234,42.02000045776367,42.29999923706055,35529,0.0,0.0
2022-11-03 13:30:00-04:00,42.290000915527344,42.599998474121094,42.18000030517578,42.57500076293945,31113,0.0,0.0
2022-11-03 14:30:00-04:00,42.599998474121094,42.91999816894531,42.52000045776367,42.70000076293945,83318,0.0,0.0
2022-11-03 15:30:00-04:00,42.71500015258789,43.2599983215332,42.66999816894531,43.119998931884766,155139,0.0,0.0
2022-11-04 09:30:00-04:00,43.790000915527344,45.459999084472656,43.470001220703125,45.28499984741211,61879,0.0,0.0
2022-11-04 10:30:00-04:00,45.209999084472656,45.880001068115234,45.18000030517578,45.54999923706055,38323,0.0,0.0
2022-11-04 11:30:00-04:00,45.400001525878906,45.709999084472656,45.18000030517578,45.5,147433,0.0,0.0
2022-11-04 12:30:00-04:00,45.45000076293945,46.04999923706055,45.45000076293945,46.0,41621,0.0,0.0
2022-11-04 13:30:00-04:00,46.0,46.15999984741211,45.404998779296875,46.13999938964844,39356,0.0,0.0
2022-11-04 14:30:00-04:00,46.15999984741211,46.849998474121094,46.13999938964844,46.8390007019043,53393,0.0,0.0
2022-11-04 15:30:00-04:00,46.790000915527344,47.47999954223633,46.58000183105469,46.77000045776367,164858,0.0,0.0
2022-11-07 09:30:00-05:00,46.93000030517578,48.470001220703125,46.81999969482422,47.90999984741211,67531,0.0,0.0
2022-11-07 10:30:00-05:00,48.03499984741211,48.70000076293945,47.77000045776367,48.68000030517578,45417,0.0,0.0
2022-11-07 11:30:00-05:00,48.7599983215332,48.93000030517578,48.310001373291016,48.755001068115234,81530,0.0,0.0
2022-11-07 12:30:00-05:00,48.76499938964844,49.13999938964844,48.689998626708984,49.060001373291016,44301,0.0,0.0
2022-11-07 13:30:00-05:00,49.08000183105469,49.650001525878906,49.06999969482422,49.619998931884766,39878,0.0,0.0
2022-11-07 14:30:00-05:00,49.665000915527344,49.86000061035156,49.52000045776367,49.810001373291016,51915,0.0,0.0
2022-11-07 15:30:00-05:00,49.779998779296875,50.130001068115234,49.779998779296875,50.119998931884766,92588,0.0,0.0
2022-11-08 09:30:00-05:00,50.38999938964844,50.38999938964844,49.790000915527344,50.095001220703125,63047,0.0,0.0
2022-11-08 10:30:00-05:00,50.150001525878906,50.42499923706055,50.08000183105469,50.23500061035156,95009,0.0,0.0
2022-11-08 11:30:00-05:00,50.209999084472656,50.45500183105469,50.119998931884766,50.31999969482422,72159,0.0,0.0
2022-11-08 12:30:00-05:00,50.290000915527344,50.51499938964844,50.18000030517578,50.22999954223633,54544,0.0,0.0
2022-11-08 13:30:00-05:00,50.220001220703125,50.380001068115234,49.52000045776367,49.65999984741211,105758,0.0,0.0
2022-11-08 14:30:00-05:00,49.67499923706055,50.21500015258789,49.6150016784668,50.13999938964844,89238,0.0,0.0
2022-11-08 15:30:00-05:00,50.150001525878906,50.584999084472656,50.14500045776367,50.36000061035156,109672,0.0,0.0
2022-11-09 09:30:00-05:00,49.90999984741211,50.095001220703125,49.244998931884766,49.41999816894531,53495,0.0,0.0
2022-11-09 10:30:00-05:00,49.43000030517578,49.66999816894531,49.04499816894531,49.560001373291016,81301,0.0,0.0
2022-11-09 11:30:00-05:00,49.52000045776367,49.7400016784668,49.369998931884766,49.54499816894531,75980,0.0,0.0
2022-11-09 12:30:00-05:00,49.5,50.33000183105469,49.45000076293945,50.13999938964844,44790,0.0,0.0
2022-11-09 13:30:00-05:00,50.099998474121094,50.2599983215332,49.880001068115234,50.220001220703125,56871,0.0,0.0
2022-11-09 14:30:00-05:00,50.095001220703125,50.61000061035156,50.064998626708984,50.33000183105469,62889,0.0,0.0
2022-11-09 15:30:00-05:00,50.334999084472656,50.540000915527344,50.2400016784668,50.470001220703125,78067,0.0,0.0
2022-11-10 09:30:00-05:00,52.88999938964844,53.689998626708984,52.54999923706055,53.39699935913086,45218,0.0,0.0
2022-11-10 10:30:00-05:00,53.38999938964844,54.02000045776367,53.290000915527344,53.93000030517578,37138,0.0,0.0
2022-11-10 11:30:00-05:00,53.939998626708984,54.41999816894531,53.900001525878906,54.005001068115234,30371,0.0,0.0
2022-11-10 12:30:00-05:00,53.992401123046875,54.290000915527344,53.880001068115234,54.22999954223633,37389,0.0,0.0
2022-11-10 13:30:00-05:00,54.2400016784668,54.28499984741211,53.77000045776367,54.06999969482422,40765,0.0,0.0
2022-11-10 14:30:00-05:00,54.029998779296875,54.220001220703125,53.91999816894531,54.095001220703125,48959,0.0,0.0
2022-11-10 15:30:00-05:00,54.064998626708984,54.22999954223633,53.880001068115234,53.939998626708984,107216,0.0,0.0
2022-11-11 09:30:00-05:00,54.0,54.689998626708984,53.779998779296875,54.63999938964844,28086,0.0,0.0
2022-11-11 10:30:00-05:00,54.529998779296875,54.67499923706055,54.18000030517578,54.67499923706055,29063,0.0,0.0
2022-11-11 11:30:00-05:00,54.63999938964844,55.09000015258789,54.54999923706055,54.904998779296875,25344,0.0,0.0
2022-11-11 12:30:00-05:00,54.96500015258789,55.04999923706055,54.54999923706055,55.04999923706055,23809,0.0,0.0
2022-11-11 13:30:00-05:00,55.08000183105469,55.27000045776367,54.83000183105469,55.27000045776367,27246,0.0,0.0
2022-11-11 14:30:00-05:00,55.209999084472656,55.25,54.869998931884766,55.02000045776367,36478,0.0,0.0
2022-11-11 15:30:00-05:00,55.02000045776367,55.18000030517578,54.935001373291016,55.18000030517578,87221,0.0,0.0
2022-11-14 09:30:00-05:00,54.66999816894531,54.93000030517578,52.505001068115234,53.790000915527344,33435,0.0,0.0
2022-11-14 10:30:00-05:00,53.79999923706055,54.3650016784668,53.75,54.0,29541,0.0,0.0
2022-11-14 11:30:00-05:00,54.06999969482422,54.2400016784668,53.845001220703125,53.959999084472656,17818,0.0,0.0
2022-11-14 12:30:00-05:00,53.91999816894531,54.209999084472656,53.90999984741211,54.16999816894531,21100,0.0,0.0
2022-11-14 13:30:00-05:00,54.189998626708984,54.349998474121094,53.96500015258789,53.970001220703125,22428,0.0,0.0
2022-11-14 14:30:00-05:00,53.970001220703125,53.970001220703125,53.11000061035156,53.310001373291016,49237,0.0,0.0
2022-11-14 15:30:00-05:00,53.30500030517578,53.40999984741211,52.790000915527344,52.86000061035156,74150,0.0,0.0
2022-11-15 09:30:00-05:00,53.91999816894531,55.11000061035156,53.349998474121094,54.459999084472656,14128,0.0,0.0
2022-11-15 10:30:00-05:00,54.51499938964844,54.775001525878906,54.25,54.619998931884766,24553,0.0,0.0
2022-11-15 11:30:00-05:00,54.66999816894531,55.09000015258789,54.44499969482422,55.09000015258789,18777,0.0,0.0
2022-11-15 12:30:00-05:00,55.130001068115234,55.349998474121094,54.665000915527344,54.69499969482422,33554,0.0,0.0
2022-11-15 13:30:00-05:00,54.65999984741211,55.40999984741211,54.564998626708984,55.290000915527344,55486,0.0,0.0
2022-11-15 14:30:00-05:00,55.22999954223633,55.2599983215332,54.47999954223633,54.68000030517578,30682,0.0,0.0
2022-11-15 15:30:00-05:00,54.619998931884766,54.720001220703125,54.25,54.380001068115234,56107,0.0,0.0
2022-11-16 09:30:00-05:00,53.93000030517578,54.189998626708984,53.45000076293945,54.029998779296875,20144,0.0,0.0
2022-11-16 10:30:00-05:00,54.099998474121094,54.16999816894531,53.584999084472656,53.7599983215332,15528,0.0,0.0
2022-11-16 11:30:00-05:00,53.72999954223633,53.880001068115234,53.64500045776367,53.709999084472656,16933,0.0,0.0
2022-11-16 12:30:00-05:00,53.7400016784668,53.900001525878906,53.68000030517578,53.84000015258789,17188,0.0,0.0
2022-11-16 13:30:00-05:00,53.84000015258789,54.0099983215332,53.65999984741211,54.0099983215332,21797,0.0,0.0
2022-11-16 14:30:00-05:00,54.04499816894531,54.18000030517578,53.72999954223633,53.81999969482422,21626,0.0,0.0
2022-11-16 15:30:00-05:00,53.79999923706055,53.79999923706055,53.560001373291016,53.7599983215332,42238,0.0,0.0
2022-11-17 09:30:00-05:00,52.59000015258789,52.810001373291016,51.869998931884766,52.560001373291016,26225,0.0,0.0
2022-11-17 10:30:00-05:00,52.540000915527344,53.0,52.30009841918945,52.880001068115234,33265,0.0,0.0
2022-11-17 11:30:00-05:00,52.95000076293945,53.0099983215332,52.34000015258789,52.64500045776367,16851,0.0,0.0
2022-11-17 12:30:00-05:00,52.720001220703125,53.20500183105469,52.70500183105469,52.974998474121094,19740,0.0,0.0
2022-11-17 13:30:00-05:00,52.970001220703125,53.154998779296875,52.5,52.560001373291016,13485,0.0,0.0
2022-11-17 14:30:00-05:00,52.61000061035156,52.68000030517578,52.40999984741211,52.47999954223633,19176,0.0,0.0
2022-11-17 15:30:00-05:00,52.4900016784668,52.77000045776367,52.47999954223633,52.70000076293945,41376,0.0,0.0
2022-11-18 09:30:00-05:00,53.939998626708984,54.349998474121094,52.89500045776367,54.349998474121094,48872,0.0,0.0
2022-11-18 10:30:00-05:00,54.540000915527344,54.689998626708984,54.040000915527344,54.619998931884766,29991,0.0,0.0
2022-11-18 11:30:00-05:00,54.630001068115234,54.685001373291016,54.2400016784668,54.31999969482422,29344,0.0,0.0
2022-11-18 12:30:00-05:00,54.5099983215332,54.619998931884766,54.15999984741211,54.54999923706055,24290,0.0,0.0
2022-11-18 13:30:00-05:00,54.55590057373047,54.68000030517578,54.27000045776367,54.59000015258789,27629,0.0,0.0
2022-11-18 14:30:00-05:00,54.61000061035156,54.790000915527344,54.36000061035156,54.790000915527344,34792,0.0,0.0
2022-11-18 15:30:00-05:00,54.775001525878906,55.08000183105469,54.71500015258789,55.04999923706055,79338,0.0,0.0
2022-11-21 09:30:00-05:00,54.5,54.959999084472656,53.790000915527344,53.88999938964844,19725,0.0,0.0
2022-11-21 10:30:00-05:00,53.83000183105469,53.91999816894531,52.849998474121094,52.849998474121094,27548,0.0,0.0
2022-11-21 11:30:00-05:00,52.79999923706055,53.119998931884766,52.70500183105469,53.119998931884766,14973,0.0,0.0
2022-11-21 12:30:00-05:00,53.185001373291016,53.26499938964844,52.65999984741211,52.88999938964844,19903,0.0,0.0
2022-11-21 13:30:00-05:00,52.86000061035156,53.0,52.56999969482422,52.56999969482422,19523,0.0,0.0
2022-11-21 14:30:00-05:00,52.56999969482422,52.63999938964844,52.400001525878906,52.40999984741211,22368,0.0,0.0
2022-11-21 15:30:00-05:00,52.41999816894531,52.59000015258789,52.38999938964844,52.56999969482422,68793,0.0,0.0
2022-11-22 09:30:00-05:00,53.11000061035156,53.11000061035156,52.56999969482422,52.80500030517578,0,0.0,0.0
2022-11-22 10:30:00-05:00,52.7599983215332,52.86000061035156,52.30690002441406,52.709999084472656,16137,0.0,0.0
2022-11-22 11:30:00-05:00,52.775001525878906,52.849998474121094,52.51499938964844,52.56999969482422,14113,0.0,0.0
2022-11-22 12:30:00-05:00,52.56999969482422,52.75,52.56999969482422,52.68000030517578,9914,0.0,0.0
2022-11-22 13:30:00-05:00,52.75,53.040000915527344,52.68000030517578,52.849998474121094,13640,0.0,0.0
2022-11-22 14:30:00-05:00,52.8849983215332,53.38999938964844,52.77000045776367,53.189998626708984,19634,0.0,0.0
2022-11-22 15:30:00-05:00,53.220001220703125,53.369998931884766,52.88999938964844,52.959999084472656,48763,0.0,0.0
2022-11-23 09:30:00-05:00,53.34000015258789,53.34000015258789,52.599998474121094,53.060001373291016,24986,0.0,0.0
2022-11-23 10:30:00-05:00,53.0,53.119998931884766,52.76499938964844,52.91999816894531,19593,0.0,0.0
2022-11-23 11:30:00-05:00,52.93000030517578,52.935001373291016,52.43000030517578,52.68000030517578,13277,0.0,0.0
2022-11-23 12:30:00-05:00,52.65999984741211,52.790000915527344,52.41999816894531,52.529998779296875,11095,0.0,0.0
2022-11-23 13:30:00-05:00,52.58000183105469,52.88999938964844,52.529998779296875,52.88999938964844,14357,0.0,0.0
2022-11-23 14:30:00-05:00,52.83000183105469,52.970001220703125,52.689998626708984,52.8849983215332,16133,0.0,0.0
2022-11-23 15:30:00-05:00,52.86000061035156,52.88999938964844,52.689998626708984,52.79999923706055,34230,0.0,0.0
2022-11-25 09:30:00-05:00,52.310001373291016,53.290000915527344,52.220001220703125,52.9900016784668,12314,0.0,0.0
2022-11-25 10:30:00-05:00,53.029998779296875,53.47999954223633,53.029998779296875,53.36000061035156,10807,0.0,0.0
2022-11-25 11:30:00-05:00,53.279998779296875,53.560001373291016,53.279998779296875,53.529998779296875,13889,0.0,0.0
2022-11-28 09:30:00-05:00,52.56999969482422,52.56999969482422,52.34000015258789,52.41999816894531,5739,0.0,0.0
2022-11-28 10:30:00-05:00,52.380001068115234,52.459999084472656,51.599998474121094,51.619998931884766,19459,0.0,0.0
2022-11-28 11:30:00-05:00,51.6349983215332,51.810001373291016,51.459999084472656,51.619998931884766,16089,0.0,0.0
2022-11-28 12:30:00-05:00,51.58000183105469,51.630001068115234,51.224998474121094,51.224998474121094,22006,0.0,0.0
2022-11-28 13:30:00-05:00,51.25,51.54999923706055,50.79999923706055,50.85499954223633,27051,0.0,0.0
2022-11-28 14:30:00-05:00,50.81999969482422,51.0,50.7599983215332,50.8849983215332,33477,0.0,0.0
2022-11-28 15:30:00-05:00,50.8849983215332,51.11000061035156,50.81999969482422,51.04999923706055,57976,0.0,0.0
2022-11-29 09:30:00-05:00,50.70000076293945,51.42499923706055,50.69499969482422,51.31999969482422,13394,0.0,0.0
2022-11-29 10:30:00-05:00,51.2400016784668,51.34749984741211,51.09000015258789,51.1349983215332,13047,0.0,0.0
2022-11-29 11:30:00-05:00,51.154998779296875,51.36000061035156,51.119998931884766,51.244998931884766,11486,0.0,0.0
2022-11-29 12:30:00-05:00,51.310001373291016,51.369998931884766,51.09000015258789,51.18000030517578,12440,0.0,0.0
2022-11-29 13:30:00-05:00,51.15999984741211,51.34000015258789,51.130001068115234,51.2599983215332,18143,0.0,0.0
2022-11-29 14:30:00-05:00,51.189998626708984,51.34000015258789,51.099998474121094,51.15999984741211,17173,0.0,0.0
2022-11-29 15:30:00-05:00,51.06999969482422,51.279998779296875,50.939998626708984,51.0,63737,0.0,0.0
2022-11-30 09:30:00-05:00,50.880001068115234,51.150001525878906,50.68000030517578,50.84000015258789,8192,0.0,0.0
2022-11-30 10:30:00-05:00,50.970001220703125,51.439998626708984,50.970001220703125,51.380001068115234,16386,0.0,0.0
2022-11-30 11:30:00-05:00,51.439998626708984,51.599998474121094,51.029998779296875,51.06999969482422,16036,0.0,0.0
2022-11-30 12:30:00-05:00,51.150001525878906,51.599998474121094,51.06999969482422,51.56999969482422,18998,0.0,0.0
2022-11-30 13:30:00-05:00,51.4900016784668,53.04999923706055,51.43000030517578,52.970001220703125,47309,0.0,0.0
2022-11-30 14:30:00-05:00,52.82500076293945,52.970001220703125,52.540000915527344,52.92499923706055,18029,0.0,0.0
2022-11-30 15:30:00-05:00,52.970001220703125,53.22999954223633,52.7599983215332,53.209999084472656,53129,0.0,0.0
2022-12-01 09:30:00-05:00,53.43000030517578,54.72999954223633,53.43000030517578,53.43000030517578,21211,0.0,0.0
2022-12-01 10:30:00-05:00,53.3650016784668,54.54999923706055,53.29999923706055,54.349998474121094,32326,0.0,0.0
2022-12-01 11:30:00-05:00,54.3650016784668,54.5099983215332,53.630001068115234,53.915000915527344,29408,0.0,0.0
2022-12-01 12:30:00-05:00,54.02000045776367,54.189998626708984,53.90999984741211,53.974998474121094,11575,0.0,0.0
2022-12-01 13:30:00-05:00,53.93000030517578,54.18000030517578,53.93000030517578,54.119998931884766,20901,0.0,0.0
2022-12-01 14:30:00-05:00,54.11000061035156,54.279998779296875,54.025001525878906,54.025001525878906,14777,0.0,0.0
2022-12-01 15:30:00-05:00,54.04999923706055,54.33000183105469,54.04499816894531,54.27000045776367,56905,0.0,0.0
2022-12-02 09:30:00-05:00,53.290000915527344,53.959999084472656,52.15999984741211,53.83000183105469,15575,0.0,0.0
2022-12-02 10:30:00-05:00,53.79999923706055,54.04999923706055,53.650001525878906,54.04999923706055,7852,0.0,0.0
2022-12-02 11:30:00-05:00,54.06999969482422,54.2400016784668,54.060001373291016,54.099998474121094,10219,0.0,0.0
2022-12-02 12:30:00-05:00,53.880001068115234,53.970001220703125,53.81999969482422,53.86000061035156,11198,0.0,0.0
2022-12-02 13:30:00-05:00,53.91999816894531,54.3650016784668,53.91999816894531,54.27000045776367,20230,0.0,0.0
2022-12-02 14:30:00-05:00,54.34000015258789,54.86000061035156,54.34000015258789,54.790000915527344,19913,0.0,0.0
2022-12-02 15:30:00-05:00,54.814998626708984,54.875,54.369998931884766,54.5099983215332,37325,0.0,0.0
2022-12-05 09:30:00-05:00,53.79999923706055,54.0099983215332,53.29999923706055,53.61000061035156,19571,0.0,0.0
2022-12-05 10:30:00-05:00,53.470001220703125,53.915000915527344,53.369998931884766,53.685001373291016,12075,0.0,0.0
2022-12-05 11:30:00-05:00,53.650001525878906,54.029998779296875,53.54999923706055,53.779998779296875,21054,0.0,0.0
2022-12-05 12:30:00-05:00,53.7599983215332,53.88999938964844,53.709999084472656,53.7599983215332,9097,0.0,0.0
2022-12-05 13:30:00-05:00,53.79499816894531,53.88999938964844,53.709999084472656,53.744998931884766,31512,0.0,0.0
2022-12-05 14:30:00-05:00,53.654998779296875,53.810001373291016,53.52000045776367,53.810001373291016,21199,0.0,0.0
2022-12-05 15:30:00-05:00,53.808998107910156,53.869998931884766,53.59000015258789,53.849998474121094,48207,0.0,0.0
2022-12-06 09:30:00-05:00,53.75,53.849998474121094,53.21500015258789,53.40999984741211,12866,0.0,0.0
2022-12-06 10:30:00-05:00,53.25,53.349998474121094,52.959999084472656,53.04999923706055,8854,0.0,0.0
2022-12-06 11:30:00-05:00,53.05500030517578,53.39500045776367,52.9900016784668,53.13999938964844,12597,0.0,0.0
2022-12-06 12:30:00-05:00,53.130001068115234,53.130001068115234,52.60200119018555,52.60200119018555,8273,0.0,0.0
2022-12-06 13:30:00-05:00,52.59000015258789,52.709999084472656,52.380001068115234,52.45000076293945,8980,0.0,0.0
2022-12-06 14:30:00-05:00,52.31999969482422,52.439998626708984,52.060001373291016,52.060001373291016,16870,0.0,0.0
2022-12-06 15:30:00-05:00,52.150001525878906,52.5099983215332,52.150001525878906,52.33000183105469,46692,0.0,0.0
2022-12-07 09:30:00-05:00,52.29999923706055,53.099998474121094,52.05500030517578,52.060001373291016,11549,0.0,0.0
2022-12-07 10:30:00-05:00,52.11000061035156,52.56999969482422,51.97999954223633,52.005001068115234,11106,0.0,0.0
2022-12-07 11:30:00-05:00,51.959999084472656,52.165000915527344,51.880001068115234,51.95000076293945,11544,0.0,0.0
2022-12-07 12:30:00-05:00,51.875,52.185001373291016,51.875,52.11000061035156,6377,0.0,0.0
2022-12-07 13:30:00-05:00,52.09000015258789,52.290000915527344,51.900001525878906,51.939998626708984,10584,0.0,0.0
2022-12-07 14:30:00-05:00,51.880001068115234,52.0099983215332,51.83000183105469,51.9900016784668,14950,0.0,0.0
2022-12-07 15:30:00-05:00,51.9900016784668,52.02000045776367,51.7599983215332,51.77000045776367,35998,0.0,0.0
2022-12-08 09:30:00-05:00,52.150001525878906,52.9900016784668,51.939998626708984,52.9900016784668,8078,0.0,0.0
2022-12-08 10:30:00-05:00,53.04999923706055,53.08000183105469,52.474998474121094,52.599998474121094,10603,0.0,0.0
2022-12-08 11:30:00-05:00,52.61000061035156,52.630001068115234,52.369998931884766,52.369998931884766,8561,0.0,0.0
2022-12-08 12:30:00-05:00,52.310001373291016,52.63999938964844,52.29499816894531,52.619998931884766,8150,0.0,0.0
2022-12-08 13:30:00-05:00,52.60129928588867,52.7599983215332,52.095001220703125,52.349998474121094,15282,0.0,0.0
2022-12-08 14:30:00-05:00,52.31999969482422,52.665000915527344,52.31999969482422,52.654998779296875,21984,0.0,0.0
2022-12-08 15:30:00-05:00,52.70500183105469,53.0,52.619998931884766,53.0,55665,0.0,0.0
2022-12-09 09:30:00-05:00,53.04999923706055,53.04999923706055,52.689998626708984,52.689998626708984,0,0.0,0.0
2022-12-09 10:30:00-05:00,52.81999969482422,52.84000015258789,52.27000045776367,52.58000183105469,19856,0.0,0.0
2022-12-09 11:30:00-05:00,52.5,53.02000045776367,52.5,52.88999938964844,23051,0.0,0.0
2022-12-09 12:30:00-05:00,52.88999938964844,53.099998474121094,52.7599983215332,52.790000915527344,22814,0.0,0.0
2022-12-09 13:30:00-05:00,52.880001068115234,53.029998779296875,52.72999954223633,52.869998931884766,28018,0.0,0.0
2022-12-09 14:30:00-05:00,52.90999984741211,52.939998626708984,52.540000915527344,52.630001068115234,19458,0.0,0.0
2022-12-09 15:30:00-05:00,52.58000183105469,52.7400016784668,52.4900016784668,52.529998779296875,43059,0.0,0.0
2022-12-12 09:30:00-05:00,52.709999084472656,52.97999954223633,52.220001220703125,52.849998474121094,19859,0.0,0.0
2022-12-12 10:30:00-05:00,52.755001068115234,53.209999084472656,52.720001220703125,53.150001525878906,18181,0.0,0.0
2022-12-12 11:30:00-05:00,53.119998931884766,53.15999984741211,52.97999954223633,53.025001525878906,13409,0.0,0.0
2022-12-12 12:30:00-05:00,52.994998931884766,53.189998626708984,52.959999084472656,53.060001373291016,22753,0.0,0.0
2022-12-12 13:30:00-05:00,53.099998474121094,53.150001525878906,52.959999084472656,53.0,19922,0.0,0.0
2022-12-12 14:30:00-05:00,52.959999084472656,53.09000015258789,52.83000183105469,53.029998779296875,29417,0.0,0.0
2022-12-12 15:30:00-05:00,53.02000045776367,53.060001373291016,52.65999984741211,52.90999984741211,53599,0.0,0.0
2022-12-13 09:30:00-05:00,55.63999938964844,56.47999954223633,55.150001525878906,55.790000915527344,61486,0.0,0.0
2022-12-13 10:30:00-05:00,55.790000915527344,55.970001220703125,54.689998626708984,54.7400016784668,31701,0.0,0.0
2022-12-13 11:30:00-05:00,54.869998931884766,55.0099983215332,54.099998474121094,54.18000030517578,13066,0.0,0.0
2022-12-13 12:30:00-05:00,54.02000045776367,54.130001068115234,53.65999984741211,54.09000015258789,14177,0.0,0.0
2022-12-13 13:30:00-05:00,54.29999923706055,54.400001525878906,54.040000915527344,54.16999816894531,11403,0.0,0.0
2022-12-13 14:30:00-05:00,54.15999984741211,54.66999816894531,53.88999938964844,54.13999938964844,50307,0.0,0.0
2022-12-13 15:30:00-05:00,54.189998626708984,54.43000030517578,54.09000015258789,54.29999923706055,61746,0.0,0.0
2022-12-14 09:30:00-05:00,54.130001068115234,54.82500076293945,53.86000061035156,54.5099983215332,22225,0.0,0.0
2022-12-14 10:30:00-05:00,54.52000045776367,54.880001068115234,54.3849983215332,54.810001373291016,19978,0.0,0.0
2022-12-14 11:30:00-05:00,54.80500030517578,55.099998474121094,54.709999084472656,54.709999084472656,11219,0.0,0.0
2022-12-14 12:30:00-05:00,54.65999984741211,54.90999984741211,54.619998931884766,54.744998931884766,10726,0.0,0.0
2022-12-14 13:30:00-05:00,54.83000183105469,54.869998931884766,53.869998931884766,54.20000076293945,18819,0.0,0.0
2022-12-14 14:30:00-05:00,54.040000915527344,54.22999954223633,53.279998779296875,53.32500076293945,52428,0.0,0.0
2022-12-14 15:30:00-05:00,53.22999954223633,53.71500015258789,53.029998779296875,53.529998779296875,51517,0.0,0.0
2022-12-15 09:30:00-05:00,52.529998779296875,52.529998779296875,50.970001220703125,51.869998931884766,33044,0.0,0.0
2022-12-15 10:30:00-05:00,51.869998931884766,51.91999816894531,51.20000076293945,51.334999084472656,25421,0.0,0.0
2022-12-15 11:30:00-05:00,51.375,51.529998779296875,51.16999816894531,51.459999084472656,17709,0.0,0.0
2022-12-15 12:30:00-05:00,51.54999923706055,51.66999816894531,51.2400016784668,51.40999984741211,25401,0.0,0.0
2022-12-15 13:30:00-05:00,51.400001525878906,51.47999954223633,51.29999923706055,51.400001525878906,20707,0.0,0.0
2022-12-15 14:30:00-05:00,51.47999954223633,51.70500183105469,51.40999984741211,51.470001220703125,34505,0.0,0.0
2022-12-15 15:30:00-05:00,51.47999954223633,51.61000061035156,51.18000030517578,51.400001525878906,62895,0.0,0.0
2022-12-16 09:30:00-05:00,50.584999084472656,51.0,50.2400016784668,50.380001068115234,117069,0.0,0.0
2022-12-16 10:30:00-05:00,50.29999923706055,50.43000030517578,49.95000076293945,50.125,38543,0.0,0.0
2022-12-16 11:30:00-05:00,50.125,50.2400016784668,49.724998474121094,49.849998474121094,30909,0.0,0.0
2022-12-16 12:30:00-05:00,49.85499954223633,49.93000030517578,49.415000915527344,49.439998626708984,32768,0.0,0.0
2022-12-16 13:30:00-05:00,49.380001068115234,49.88999938964844,49.380001068115234,49.650001525878906,36847,0.0,0.0
2022-12-16 14:30:00-05:00,49.58000183105469,49.869998931884766,49.43000030517578,49.81999969482422,53830,0.0,0.0
2022-12-16 15:30:00-05:00,49.849998474121094,49.90999984741211,49.5,49.7400016784668,104772,0.0,0.0
2022-12-19 09:30:00-05:00,49.9900016784668,51.2400016784668,49.2599983215332,50.59000015258789,28902,0.0,0.0
2022-12-19 10:30:00-05:00,50.470001220703125,50.5,49.970001220703125,50.06999969482422,19450,0.0,0.0
2022-12-19 11:30:00-05:00,50.0,50.0,49.685001373291016,49.685001373291016,13270,0.0,0.0
2022-12-19 12:30:00-05:00,49.59000015258789,49.886600494384766,49.59000015258789,49.73500061035156,16502,0.0,0.0
2022-12-19 13:30:00-05:00,49.77000045776367,49.77000045776367,49.42499923706055,49.59000015258789,17022,0.0,0.0
2022-12-19 14:30:00-05:00,49.560001373291016,49.7599983215332,49.435001373291016,49.56999969482422,37577,0.0,0.0
2022-12-19 15:30:00-05:00,49.540000915527344,49.61000061035156,49.35499954223633,49.58000183105469,39813,0.0,0.0
2022-12-20 09:30:00-05:00,49.5,50.36000061035156,49.2859992980957,50.36000061035156,56536,0.0,0.0
2022-12-20 10:30:00-05:00,50.41999816894531,50.709999084472656,50.189998626708984,50.3650016784668,30806,0.0,0.0
2022-12-20 11:30:00-05:00,50.380001068115234,51.15999984741211,50.2599983215332,50.689998626708984,43184,0.0,0.0
2022-12-20 12:30:00-05:00,50.70000076293945,50.93000030517578,50.47999954223633,50.84000015258789,17745,0.0,0.0
2022-12-20 13:30:00-05:00,50.869998931884766,51.20000076293945,50.869998931884766,50.970001220703125,28610,0.0,0.0
2022-12-20 14:30:00-05:00,50.95000076293945,51.04999923706055,50.7400016784668,50.91400146484375,49757,0.0,0.0
2022-12-20 15:30:00-05:00,50.88999938964844,51.08000183105469,50.68000030517578,51.0099983215332,70874,0.0,0.0
2022-12-21 09:30:00-05:00,51.54999923706055,52.28499984741211,51.209999084472656,52.165000915527344,56075,0.0,0.0
2022-12-21 10:30:00-05:00,52.220001220703125,52.38999938964844,51.959999084472656,52.09000015258789,49171,0.0,0.0
2022-12-21 11:30:00-05:00,51.9900016784668,52.095001220703125,51.86040115356445,51.935001373291016,14897,0.0,0.0
2022-12-21 12:30:00-05:00,51.91999816894531,52.15999984741211,51.849998474121094,51.9900016784668,25689,0.0,0.0
2022-12-21 13:30:00-05:00,52.0099983215332,52.14699935913086,51.939998626708984,52.0,16641,0.0,0.0
2022-12-21 14:30:00-05:00,52.0,52.119998931884766,51.959999084472656,52.0099983215332,29811,0.0,0.0
2022-12-21 15:30:00-05:00,52.040000915527344,52.150001525878906,51.970001220703125,52.150001525878906,69634,0.0,0.0
2022-12-22 09:30:00-05:00,51.5,51.83000183105469,50.900001525878906,51.415000915527344,26616,0.0,0.0
2022-12-22 10:30:00-05:00,51.369998931884766,51.435001373291016,51.064998626708984,51.220001220703125,28959,0.0,0.0
2022-12-22 11:30:00-05:00,51.20000076293945,51.26499938964844,50.685001373291016,50.7400016784668,49298,0.0,0.0
2022-12-22 12:30:00-05:00,50.60499954223633,50.65999984741211,50.31999969482422,50.55500030517578,29640,0.0,0.0
2022-12-22 13:30:00-05:00,50.55500030517578,50.845001220703125,50.369998931884766,50.84000015258789,29236,0.0,0.0
2022-12-22 14:30:00-05:00,50.86000061035156,51.279998779296875,50.713600158691406,51.220001220703125,20684,0.0,0.0
2022-12-22 15:30:00-05:00,51.220001220703125,51.61000061035156,51.190101623535156,51.54999923706055,56008,0.0,0.0
2022-12-23 09:30:00-05:00,51.61000061035156,51.665000915527344,50.790000915527344,50.880001068115234,0,0.0,0.0
2022-12-23 10:30:00-05:00,50.9900016784668,51.18000030517578,50.41999816894531,50.47999954223633,22108,0.0,0.0
2022-12-23 11:30:00-05:00,50.48500061035156,50.8650016784668,50.349998474121094,50.84000015258789,13431,0.0,0.0
2022-12-23 12:30:00-05:00,50.7599983215332,50.810001373291016,50.150001525878906,50.150001525878906,17138,0.0,0.0
2022-12-23 13:30:00-05:00,50.189998626708984,50.189998626708984,49.7599983215332,49.779998779296875,25703,0.0,0.0
2022-12-23 14:30:00-05:00,49.790000915527344,49.84000015258789,49.45000076293945,49.45000076293945,36763,0.0,0.0
2022-12-23 15:30:00-05:00,49.470001220703125,49.61000061035156,49.349998474121094,49.58000183105469,51607,0.0,0.0
2022-12-27 09:30:00-05:00,49.650001525878906,50.42499923706055,49.23379898071289,50.42499923706055,43008,0.0,0.0
2022-12-27 10:30:00-05:00,50.404998779296875,50.5,50.18000030517578,50.400001525878906,14596,0.0,0.0
2022-12-27 11:30:00-05:00,50.404998779296875,50.42499923706055,50.095001220703125,50.095001220703125,9458,0.0,0.0
2022-12-27 12:30:00-05:00,50.095001220703125,50.290000915527344,50.04999923706055,50.099998474121094,11314,0.0,0.0
2022-12-27 13:30:00-05:00,50.1349983215332,50.31999969482422,49.959999084472656,49.96670150756836,20533,0.0,0.0
2022-12-27 14:30:00-05:00,49.974998474121094,50.599998474121094,49.974998474121094,50.599998474121094,27889,0.0,0.0
2022-12-27 15:30:00-05:00,50.625,50.7599983215332,50.2400016784668,50.33000183105469,70826,0.0,0.0
2022-12-28 09:30:00-05:00,50.209999084472656,50.619998931884766,49.7400016784668,50.290000915527344,0,0.0,0.0
2022-12-28 10:30:00-05:00,50.209999084472656,50.27000045776367,49.6349983215332,49.880001068115234,22550,0.0,0.0
2022-12-28 11:30:00-05:00,49.880001068115234,49.880001068115234,49.380001068115234,49.47999954223633,14635,0.0,0.0
2022-12-28 12:30:00-05:00,49.470001220703125,50.060001373291016,49.470001220703125,49.69499969482422,13207,0.0,0.0
2022-12-28 13:30:00-05:00,49.709999084472656,49.790000915527344,49.279998779296875,49.369998931884766,15860,0.0,0.0
2022-12-28 14:30:00-05:00,49.38999938964844,49.68000030517578,49.369998931884766,49.5099983215332,24133,0.0,0.0
2022-12-28 15:30:00-05:00,49.540000915527344,49.58000183105469,49.189998626708984,49.31999969482422,52871,0.0,0.0
2022-12-29 09:30:00-05:00,49.75,50.689998626708984,49.59000015258789,50.4900016784668,0,0.0,0.0
2022-12-29 10:30:00-05:00,50.43000030517578,50.790000915527344,50.43000030517578,50.790000915527344,9641,0.0,0.0
2022-12-29 11:30:00-05:00,50.880001068115234,50.9900016784668,50.79999923706055,50.9900016784668,11817,0.0,0.0
2022-12-29 12:30:00-05:00,50.9900016784668,51.130001068115234,50.9900016784668,51.03499984741211,12271,0.0,0.0
2022-12-29 13:30:00-05:00,51.02000045776367,51.119998931884766,50.939998626708984,50.959999084472656,13370,0.0,0.0
2022-12-29 14:30:00-05:00,50.880001068115234,50.9900016784668,50.7599983215332,50.810001373291016,21205,0.0,0.0
2022-12-29 15:30:00-05:00,50.83000183105469,51.29499816894531,50.790000915527344,51.20000076293945,58645,0.0,0.0
2022-12-30 09:30:00-05:00,50.81999969482422,51.93000030517578,50.54999923706055,50.880001068115234,15684,0.0,0.0
2022-12-30 10:30:00-05:00,50.91999816894531,50.91999816894531,50.35490036010742,50.35490036010742,13582,0.0,0.0
2022-12-30 11:30:00-05:00,50.32550048828125,50.45000076293945,50.290000915527344,50.34000015258789,8614,0.0,0.0
2022-12-30 12:30:00-05:00,50.310001373291016,50.349998474121094,50.060001373291016,50.130001068115234,12591,0.0,0.0
2022-12-30 13:30:00-05:00,50.15999984741211,50.2400016784668,49.9900016784668,50.06999969482422,13475,0.0,0.0
2022-12-30 14:30:00-05:00,50.084999084472656,50.33000183105469,49.94499969482422,50.33000183105469,16628,0.0,0.0
2022-12-30 15:30:00-05:00,50.290000915527344,50.83000183105469,50.290000915527344,50.650001525878906,49888,0.0,0.0
2023-01-03 09:30:00-05:00,51.33000183105469,51.94499969482422,50.42499923706055,50.63999938964844,24911,0.0,0.0
2023-01-03 10:30:00-05:00,50.7599983215332,51.33000183105469,50.63999938964844,50.84000015258789,17313,0.0,0.0
2023-01-03 11:30:00-05:00,50.75,50.880001068115234,50.584999084472656,50.880001068115234,14484,0.0,0.0
2023-01-03 12:30:00-05:00,51.029998779296875,51.41999816894531,50.834999084472656,51.41999816894531,13961,0.0,0.0
2023-01-03 13:30:00-05:00,51.459999084472656,51.540000915527344,51.02000045776367,51.02000045776367,14837,0.0,0.0
2023-01-03 14:30:00-05:00,50.970001220703125,51.53990173339844,50.915000915527344,51.439998626708984,21101,0.0,0.0
2023-01-03 15:30:00-05:00,51.47999954223633,51.90999984741211,51.47999954223633,51.75,54016,0.0,0.0
2023-01-04 09:30:00-05:00,52.380001068115234,53.209999084472656,52.27000045776367,52.6349983215332,0,0.0,0.0
2023-01-04 10:30:00-05:00,52.6349983215332,52.73500061035156,52.17300033569336,52.52000045776367,27218,0.0,0.0
2023-01-04 11:30:00-05:00,52.5,52.93000030517578,52.5,52.91999816894531,15793,0.0,0.0
2023-01-04 12:30:00-05:00,52.970001220703125,53.189998626708984,52.82500076293945,52.900001525878906,28884,0.0,0.0
2023-01-04 13:30:00-05:00,52.900001525878906,52.91999816894531,52.095001220703125,52.119998931884766,16151,0.0,0.0
2023-01-04 14:30:00-05:00,52.1150016784668,52.689998626708984,52.1150016784668,52.5099983215332,17239,0.0,0.0
2023-01-04 15:30:00-05:00,52.52000045776367,52.709999084472656,52.2400016784668,52.685001373291016,44933,0.0,0.0
2023-01-05 09:30:00-05:00,52.349998474121094,52.70000076293945,51.599998474121094,52.095001220703125,14688,0.0,0.0
2023-01-05 10:30:00-05:00,52.099998474121094,52.279998779296875,51.869998931884766,51.88999938964844,23659,0.0,0.0
2023-01-05 11:30:00-05:00,51.959999084472656,52.119998931884766,51.83580017089844,51.926300048828125,9409,0.0,0.0
2023-01-05 12:30:00-05:00,51.93000030517578,52.029998779296875,51.59000015258789,52.029998779296875,11113,0.0,0.0
2023-01-05 13:30:00-05:00,52.150001525878906,52.150001525878906,51.88999938964844,51.88999938964844,9200,0.0,0.0
2023-01-05 14:30:00-05:00,51.8849983215332,52.215599060058594,51.65999984741211,51.65999984741211,20310,0.0,0.0
2023-01-05 15:30:00-05:00,51.61000061035156,51.904998779296875,51.560001373291016,51.81999969482422,41374,0.0,0.0
2023-01-06 09:30:00-05:00,52.619998931884766,54.150001525878906,52.064998626708984,53.22999954223633,21421,0.0,0.0
2023-01-06 10:30:00-05:00,53.23500061035156,53.560001373291016,53.02000045776367,53.119998931884766,24328,0.0,0.0
2023-01-06 11:30:00-05:00,53.119998931884766,53.369998931884766,53.029998779296875,53.029998779296875,15779,0.0,0.0
2023-01-06 12:30:00-05:00,53.060001373291016,53.13999938964844,52.45000076293945,52.900001525878906,36489,0.0,0.0
2023-01-06 13:30:00-05:00,52.88999938964844,53.03499984741211,52.685001373291016,52.83000183105469,21226,0.0,0.0
2023-01-06 14:30:00-05:00,52.834999084472656,53.09000015258789,52.81999969482422,52.96500015258789,20007,0.0,0.0
2023-01-06 15:30:00-05:00,53.0,53.310001373291016,52.9900016784668,53.279998779296875,36813,0.0,0.0
2023-01-09 09:30:00-05:00,53.720001220703125,54.125,53.6150016784668,53.994998931884766,14795,0.0,0.0
2023-01-09 10:30:00-05:00,54.0,54.70500183105469,54.0,54.2400016784668,37045,0.0,0.0
2023-01-09 11:30:00-05:00,54.15999984741211,54.220001220703125,53.91999816894531,54.060001373291016,13361,0.0,0.0
2023-01-09 12:30:00-05:00,54.119998931884766,54.130001068115234,53.869998931884766,53.875,12520,0.0,0.0
2023-01-09 13:30:00-05:00,53.875,53.875,53.474998474121094,53.869998931884766,15980,0.0,0.0
2023-01-09 14:30:00-05:00,53.84000015258789,53.959999084472656,53.7400016784668,53.852500915527344,21159,0.0,0.0
2023-01-09 15:30:00-05:00,53.869998931884766,53.9900016784668,53.59000015258789,53.650001525878906,52310,0.0,0.0
2023-01-10 09:30:00-05:00,53.68000030517578,54.095001220703125,53.40999984741211,54.095001220703125,0,0.0,0.0
2023-01-10 10:30:00-05:00,53.880001068115234,54.2400016784668,53.709999084472656,54.08000183105469,16524,0.0,0.0
2023-01-10 11:30:00-05:00,54.0,54.369998931884766,54.0,54.369998931884766,10396,0.0,0.0
2023-01-10 12:30:00-05:00,54.43870162963867,54.5,54.369998931884766,54.41999816894531,12068,0.0,0.0
2023-01-10 13:30:00-05:00,54.40999984741211,54.849998474121094,54.39500045776367,54.849998474121094,15872,0.0,0.0
2023-01-10 14:30:00-05:00,54.84000015258789,55.0,54.56999969482422,54.9900016784668,49482,0.0,0.0
2023-01-10 15:30:00-05:00,54.970001220703125,55.619998931884766,54.939998626708984,55.56999969482422,104196,0.0,0.0
2023-01-11 09:30:00-05:00,55.86000061035156,56.619998931884766,55.58000183105469,56.33000183105469,14426,0.0,0.0
2023-01-11 10:30:00-05:00,56.36000061035156,56.52000045776367,56.16999816894531,56.209999084472656,17058,0.0,0.0
2023-01-11 11:30:00-05:00,56.2599983215332,56.619998931884766,56.2599983215332,56.560001373291016,11355,0.0,0.0
2023-01-11 12:30:00-05:00,56.5099983215332,56.82500076293945,56.4900016784668,56.599998474121094,12432,0.0,0.0
2023-01-11 13:30:00-05:00,56.689998626708984,56.689998626708984,56.3650016784668,56.540000915527344,20674,0.0,0.0
2023-01-11 14:30:00-05:00,56.470001220703125,56.529998779296875,56.130001068115234,56.130001068115234,22596,0.0,0.0
2023-01-11 15:30:00-05:00,56.1150016784668,56.310001373291016,56.029998779296875,56.04999923706055,56703,0.0,0.0
2023-01-12 09:30:00-05:00,56.33000183105469,57.0,56.04499816894531,56.70500183105469,15835,0.0,0.0
2023-01-12 10:30:00-05:00,56.70000076293945,56.95000076293945,56.06999969482422,56.18000030517578,16733,0.0,0.0
2023-01-12 11:30:00-05:00,56.13999938964844,56.790000915527344,56.029998779296875,56.52000045776367,15964,0.0,0.0
2023-01-12 12:30:00-05:00,56.584999084472656,56.939998626708984,56.584999084472656,56.630001068115234,6575,0.0,0.0
2023-01-12 13:30:00-05:00,56.47999954223633,57.33000183105469,56.47999954223633,57.22999954223633,11135,0.0,0.0
2023-01-12 14:30:00-05:00,57.27000045776367,57.30500030517578,56.939998626708984,57.150001525878906,17433,0.0,0.0
2023-01-12 15:30:00-05:00,57.14500045776367,57.70000076293945,57.119998931884766,57.70000076293945,73045,0.0,0.0
2023-01-13 09:30:00-05:00,57.599998474121094,57.9900016784668,57.025001525878906,57.63999938964844,14110,0.0,0.0
2023-01-13 10:30:00-05:00,57.65999984741211,57.96500015258789,57.470001220703125,57.93000030517578,8594,0.0,0.0
2023-01-13 11:30:00-05:00,57.869998931884766,58.0,57.650001525878906,58.0,7704,0.0,0.0
2023-01-13 12:30:00-05:00,58.03499984741211,58.20000076293945,57.95000076293945,58.10459899902344,8297,0.0,0.0
2023-01-13 13:30:00-05:00,58.18000030517578,58.36000061035156,58.15999984741211,58.29999923706055,11126,0.0,0.0
2023-01-13 14:30:00-05:00,58.310001373291016,58.40999984741211,58.2599983215332,58.310001373291016,12835,0.0,0.0
2023-01-13 15:30:00-05:00,58.36000061035156,58.470001220703125,58.29499816894531,58.369998931884766,48016,0.0,0.0
2023-01-17 09:30:00-05:00,58.04999923706055,58.5,57.83000183105469,58.36000061035156,17715,0.0,0.0
2023-01-17 10:30:00-05:00,58.279998779296875,58.77000045776367,57.79999923706055,58.01750183105469,21686,0.0,0.0
2023-01-17 11:30:00-05:00,58.0099983215332,58.189998626708984,57.790000915527344,57.81420135498047,12412,0.0,0.0
2023-01-17 12:30:00-05:00,57.959999084472656,58.310001373291016,57.94499969482422,58.310001373291016,18452,0.0,0.0
2023-01-17 13:30:00-05:00,58.33000183105469,58.459999084472656,57.77000045776367,57.77000045776367,12277,0.0,0.0
2023-01-17 14:30:00-05:00,57.86000061035156,57.959999084472656,57.779998779296875,57.89899826049805,12139,0.0,0.0
2023-01-17 15:30:00-05:00,57.900001525878906,58.029998779296875,57.77000045776367,57.86000061035156,40033,0.0,0.0
2023-01-18 09:30:00-05:00,57.970001220703125,58.5099983215332,57.849998474121094,58.28499984741211,23005,0.0,0.0
2023-01-18 10:30:00-05:00,58.2599983215332,58.337501525878906,57.5,57.55500030517578,19061,0.0,0.0
2023-01-18 11:30:00-05:00,57.439998626708984,57.45500183105469,57.04999923706055,57.150001525878906,11387,0.0,0.0
2023-01-18 12:30:00-05:00,57.07500076293945,57.279998779296875,56.72999954223633,57.279998779296875,19132,0.0,0.0
2023-01-18 13:30:00-05:00,57.36000061035156,57.51499938964844,56.7599983215332,56.935001373291016,24855,0.0,0.0
2023-01-18 14:30:00-05:00,56.92499923706055,57.005001068115234,56.66999816894531,56.935001373291016,26305,0.0,0.0
2023-01-18 15:30:00-05:00,56.91999816894531,56.939998626708984,56.560001373291016,56.77000045776367,49779,0.0,0.0
2023-01-19 09:30:00-05:00,56.0099983215332,56.54999923706055,55.790000915527344,56.0,17211,0.0,0.0
2023-01-19 10:30:00-05:00,55.849998474121094,55.849998474121094,55.209999084472656,55.369998931884766,21035,0.0,0.0
2023-01-19 11:30:00-05:00,55.40299987792969,55.630001068115234,55.0,55.5099983215332,33152,0.0,0.0
2023-01-19 12:30:00-05:00,55.56999969482422,55.849998474121094,55.5,55.720001220703125,16724,0.0,0.0
2023-01-19 13:30:00-05:00,55.72999954223633,56.040000915527344,55.66999816894531,56.040000915527344,15132,0.0,0.0
2023-01-19 14:30:00-05:00,55.97999954223633,56.06999969482422,55.70000076293945,55.79999923706055,20519,0.0,0.0
2023-01-19 15:30:00-05:00,55.7400016784668,55.849998474121094,55.59000015258789,55.72999954223633,38743,0.0,0.0
2023-01-20 09:30:00-05:00,56.20000076293945,56.20000076293945,55.5,55.915000915527344,34199,0.0,0.0
2023-01-20 10:30:00-05:00,56.0099983215332,56.0099983215332,55.459999084472656,55.834999084472656,15658,0.0,0.0
2023-01-20 11:30:00-05:00,55.7400016784668,55.97999954223633,55.57500076293945,55.97999954223633,18104,0.0,0.0
2023-01-20 12:30:00-05:00,56.0099983215332,56.04999923706055,55.84000015258789,56.02000045776367,15664,0.0,0.0
2023-01-20 13:30:00-05:00,56.02000045776367,56.43000030517578,56.02000045776367,56.310001373291016,20297,0.0,0.0
2023-01-20 14:30:00-05:00,56.33000183105469,56.71500015258789,56.25,56.54999923706055,25934,0.0,0.0
2023-01-20 15:30:00-05:00,56.54999923706055,56.900001525878906,56.5,56.790000915527344,38235,0.0,0.0
2023-01-23 09:30:00-05:00,57.0,57.66999816894531,56.75,57.54999923706055,31949,0.0,0.0
2023-01-23 10:30:00-05:00,57.689998626708984,58.025001525878906,57.68000030517578,57.70000076293945,12298,0.0,0.0
2023-01-23 11:30:00-05:00,57.70000076293945,57.83000183105469,57.4900016784668,57.775001525878906,10415,0.0,0.0
2023-01-23 12:30:00-05:00,57.84000015258789,57.869998931884766,57.529998779296875,57.709999084472656,23811,0.0,0.0
2023-01-23 13:30:00-05:00,57.75,57.88999938964844,57.380001068115234,57.41999816894531,11946,0.0,0.0
2023-01-23 14:30:00-05:00,57.349998474121094,57.404998779296875,57.04999923706055,57.349998474121094,25241,0.0,0.0
2023-01-23 15:30:00-05:00,57.34000015258789,57.50979995727539,57.25,57.290000915527344,40013,0.0,0.0
2023-01-24 09:30:00-05:00,57.15999984741211,57.439998626708984,56.255001068115234,56.67499923706055,17918,0.0,0.0
2023-01-24 10:30:00-05:00,56.810001373291016,57.130001068115234,56.59000015258789,56.83000183105469,19654,0.0,0.0
2023-01-24 11:30:00-05:00,56.775001525878906,57.0,56.52000045776367,56.93000030517578,17678,0.0,0.0
2023-01-24 12:30:00-05:00,56.79999923706055,56.880001068115234,56.61000061035156,56.619998931884766,11573,0.0,0.0
2023-01-24 13:30:00-05:00,56.68000030517578,56.720001220703125,56.3849983215332,56.619998931884766,13644,0.0,0.0
2023-01-24 14:30:00-05:00,56.630001068115234,56.869998931884766,56.630001068115234,56.630001068115234,13011,0.0,0.0
2023-01-24 15:30:00-05:00,56.599998474121094,56.70500183105469,56.45000076293945,56.4900016784668,28889,0.0,0.0
2023-01-25 09:30:00-05:00,55.779998779296875,56.18000030517578,55.03499984741211,55.13999938964844,21293,0.0,0.0
2023-01-25 10:30:00-05:00,55.13999938964844,55.34000015258789,55.029998779296875,55.255001068115234,17824,0.0,0.0
2023-01-25 11:30:00-05:00,55.25,55.6349983215332,55.25,55.349998474121094,10297,0.0,0.0
2023-01-25 12:30:00-05:00,55.34000015258789,55.525001525878906,55.2599983215332,55.45000076293945,13846,0.0,0.0
2023-01-25 13:30:00-05:00,55.349998474121094,55.7400016784668,55.29999923706055,55.60499954223633,21829,0.0,0.0
2023-01-25 14:30:00-05:00,55.650001525878906,55.79999923706055,55.45000076293945,55.56999969482422,14311,0.0,0.0
2023-01-25 15:30:00-05:00,55.599998474121094,55.7599983215332,55.41999816894531,55.560001373291016,53715,0.0,0.0
2023-01-26 09:30:00-05:00,56.16999816894531,56.4900016784668,55.0099983215332,55.21500015258789,0,0.0,0.0
2023-01-26 10:30:00-05:00,55.275001525878906,55.334999084472656,54.83000183105469,55.02000045776367,18265,0.0,0.0
2023-01-26 11:30:00-05:00,55.03499984741211,55.11000061035156,54.80500030517578,55.0,10284,0.0,0.0
2023-01-26 12:30:00-05:00,54.95000076293945,55.130001068115234,54.81999969482422,54.900001525878906,10636,0.0,0.0
2023-01-26 13:30:00-05:00,54.91999816894531,55.08000183105469,54.91999816894531,54.970001220703125,13220,0.0,0.0
2023-01-26 14:30:00-05:00,54.959999084472656,55.154998779296875,54.849998474121094,55.099998474121094,22798,0.0,0.0
2023-01-26 15:30:00-05:00,55.099998474121094,55.41999816894531,55.09000015258789,55.220001220703125,70094,0.0,0.0
2023-01-27 09:30:00-05:00,54.93000030517578,55.380001068115234,54.67839813232422,55.150001525878906,0,0.0,0.0
2023-01-27 10:30:00-05:00,55.43000030517578,56.060001373291016,55.18000030517578,56.02000045776367,21657,0.0,0.0
2023-01-27 11:30:00-05:00,55.9900016784668,56.45000076293945,55.9900016784668,56.279998779296875,8918,0.0,0.0
2023-01-27 12:30:00-05:00,56.36000061035156,56.36000061035156,56.2400016784668,56.349998474121094,4106,0.0,0.0
2023-01-27 13:30:00-05:00,56.400001525878906,56.45500183105469,55.88999938964844,56.255001068115234,22151,0.0,0.0
2023-01-27 14:30:00-05:00,56.31999969482422,56.654998779296875,56.31999969482422,56.5099983215332,15567,0.0,0.0
2023-01-27 15:30:00-05:00,56.540000915527344,56.58000183105469,56.189998626708984,56.439998626708984,39056,0.0,0.0
2023-01-30 09:30:00-05:00,55.689998626708984,56.138999938964844,55.36000061035156,56.06999969482422,12219,0.0,0.0
2023-01-30 10:30:00-05:00,56.209999084472656,56.29999923706055,55.709999084472656,56.13999938964844,20304,0.0,0.0
2023-01-30 11:30:00-05:00,56.34989929199219,56.349998474121094,55.900001525878906,56.20000076293945,6977,0.0,0.0
2023-01-30 12:30:00-05:00,56.209999084472656,56.25,55.83000183105469,56.15999984741211,7341,0.0,0.0
2023-01-30 13:30:00-05:00,56.08000183105469,56.09000015258789,55.79499816894531,55.79499816894531,6676,0.0,0.0
2023-01-30 14:30:00-05:00,55.81999969482422,55.86000061035156,55.439998626708984,55.47999954223633,16573,0.0,0.0
2023-01-30 15:30:00-05:00,55.439998626708984,55.619998931884766,55.40999984741211,55.56999969482422,34768,0.0,0.0
2023-01-31 09:30:00-05:00,55.779998779296875,56.25,55.34000015258789,56.03499984741211,30370,0.0,0.0
2023-01-31 10:30:00-05:00,55.959999084472656,56.255001068115234,55.85499954223633,56.22999954223633,20563,0.0,0.0
2023-01-31 11:30:00-05:00,56.25,56.619998931884766,56.08000183105469,56.529998779296875,24355,0.0,0.0
2023-01-31 12:30:00-05:00,56.54999923706055,56.54999923706055,56.15999984741211,56.400001525878906,20720,0.0,0.0
2023-01-31 13:30:00-05:00,56.45000076293945,56.75,56.33000183105469,56.75,22137,0.0,0.0
2023-01-31 14:30:00-05:00,56.77000045776367,57.040000915527344,56.665000915527344,56.98500061035156,28340,0.0,0.0
2023-01-31 15:30:00-05:00,56.88999938964844,57.47999954223633,56.81999969482422,57.40999984741211,52733,0.0,0.0
2023-02-01 09:30:00-05:00,57.349998474121094,57.47999954223633,56.7400016784668,57.314998626708984,15300,0.0,0.0
2023-02-01 10:30:00-05:00,57.40999984741211,57.40999984741211,56.68000030517578,57.15999984741211,18503,0.0,0.0
2023-02-01 11:30:00-05:00,57.209999084472656,57.209999084472656,56.689998626708984,56.720001220703125,10639,0.0,0.0
2023-02-01 12:30:00-05:00,56.67499923706055,56.7599983215332,56.57500076293945,56.720001220703125,8577,0.0,0.0
2023-02-01 13:30:00-05:00,56.79999923706055,57.459999084472656,56.790000915527344,57.439998626708984,12083,0.0,0.0
2023-02-01 14:30:00-05:00,57.36000061035156,58.86000061035156,57.060001373291016,58.744998931884766,43942,0.0,0.0
2023-02-01 15:30:00-05:00,58.880001068115234,59.255001068115234,58.52000045776367,58.7599983215332,42976,0.0,0.0
2023-02-02 09:30:00-05:00,59.09000015258789,60.61000061035156,59.08000183105469,59.72999954223633,48861,0.0,0.0
2023-02-02 10:30:00-05:00,59.939998626708984,60.369998931884766,59.900001525878906,60.029998779296875,25261,0.0,0.0
2023-02-02 11:30:00-05:00,59.98500061035156,59.98500061035156,59.459999084472656,59.61000061035156,29186,0.0,0.0
2023-02-02 12:30:00-05:00,59.650001525878906,59.650001525878906,59.41999816894531,59.474998474121094,13037,0.0,0.0
2023-02-02 13:30:00-05:00,59.474998474121094,60.06999969482422,59.34000015258789,59.34000015258789,34480,0.0,0.0
2023-02-02 14:30:00-05:00,59.29999923706055,59.61000061035156,59.11000061035156,59.470001220703125,22986,0.0,0.0
2023-02-02 15:30:00-05:00,59.58000183105469,59.88999938964844,59.459999084472656,59.86000061035156,43202,0.0,0.0
2023-02-03 09:30:00-05:00,58.439998626708984,59.68000030517578,58.439998626708984,59.29999923706055,14298,0.0,0.0
2023-02-03 10:30:00-05:00,59.31999969482422,59.79999923706055,59.31999969482422,59.53499984741211,13224,0.0,0.0
2023-02-03 11:30:00-05:00,59.650001525878906,59.79999923706055,59.290000915527344,59.619998931884766,16140,0.0,0.0
2023-02-03 12:30:00-05:00,59.599998474121094,59.7400016784668,58.72999954223633,58.7599983215332,16208,0.0,0.0
2023-02-03 13:30:00-05:00,58.70000076293945,59.0099983215332,58.70000076293945,58.95000076293945,13824,0.0,0.0
2023-02-03 14:30:00-05:00,58.959999084472656,59.220001220703125,58.77000045776367,59.099998474121094,20561,0.0,0.0
2023-02-03 15:30:00-05:00,59.1150016784668,59.29999923706055,58.970001220703125,59.29999923706055,49965,0.0,0.0
2023-02-06 09:30:00-05:00,58.560001373291016,58.880001068115234,57.900001525878906,57.915000915527344,10950,0.0,0.0
2023-02-06 10:30:00-05:00,57.83000183105469,58.2599983215332,57.709999084472656,57.84550094604492,18055,0.0,0.0
2023-02-06 11:30:00-05:00,57.86000061035156,58.20500183105469,57.60499954223633,57.630001068115234,17139,0.0,0.0
2023-02-06 12:30:00-05:00,57.7599983215332,57.880001068115234,57.59000015258789,57.849998474121094,12508,0.0,0.0
2023-02-06 13:30:00-05:00,57.810001373291016,58.36000061035156,57.790000915527344,58.119998931884766,16327,0.0,0.0
2023-02-06 14:30:00-05:00,58.09000015258789,58.20000076293945,57.86000061035156,58.060001373291016,25126,0.0,0.0
2023-02-06 15:30:00-05:00,58.02000045776367,58.18000030517578,57.849998474121094,58.04999923706055,36370,0.0,0.0
2023-02-07 09:30:00-05:00,57.900001525878906,57.900001525878906,56.81999969482422,56.939998626708984,26468,0.0,0.0
2023-02-07 10:30:00-05:00,57.04999923706055,57.349998474121094,56.81999969482422,56.959999084472656,27348,0.0,0.0
2023-02-07 11:30:00-05:00,56.959999084472656,57.189998626708984,56.86000061035156,57.154998779296875,19106,0.0,0.0
2023-02-07 12:30:00-05:00,57.189998626708984,58.0,57.040000915527344,57.650001525878906,39657,0.0,0.0
2023-02-07 13:30:00-05:00,57.2599983215332,58.08000183105469,56.79999923706055,57.93000030517578,34986,0.0,0.0
2023-02-07 14:30:00-05:00,57.970001220703125,58.43000030517578,57.95000076293945,58.310001373291016,51096,0.0,0.0
2023-02-07 15:30:00-05:00,58.29999923706055,58.709999084472656,58.07500076293945,58.459999084472656,98446,0.0,0.0
2023-02-08 09:30:00-05:00,57.79999923706055,58.75,57.39500045776367,57.39500045776367,26302,0.0,0.0
2023-02-08 10:30:00-05:00,57.33000183105469,57.400001525878906,56.689998626708984,57.0,32102,0.0,0.0
2023-02-08 11:30:00-05:00,56.93000030517578,57.66999816894531,56.77000045776367,57.66999816894531,19289,0.0,0.0
2023-02-08 12:30:00-05:00,57.720001220703125,58.02000045776367,57.58000183105469,57.880001068115234,18768,0.0,0.0
2023-02-08 13:30:00-05:00,57.79499816894531,57.88999938964844,57.630001068115234,57.64500045776367,17927,0.0,0.0
2023-02-08 14:30:00-05:00,57.560001373291016,57.560001373291016,57.119998931884766,57.290000915527344,21624,0.0,0.0
2023-02-08 15:30:00-05:00,57.279998779296875,57.439998626708984,57.04999923706055,57.04999923706055,38889,0.0,0.0
2023-02-09 09:30:00-05:00,57.61000061035156,57.86000061035156,56.91999816894531,56.970001220703125,16234,0.0,0.0
2023-02-09 10:30:00-05:00,56.91999816894531,57.04999923706055,56.65999984741211,56.75,26526,0.0,0.0
2023-02-09 11:30:00-05:00,56.744998931884766,57.29999923706055,56.61000061035156,57.07500076293945,13129,0.0,0.0
2023-02-09 12:30:00-05:00,57.06999969482422,57.2599983215332,56.86000061035156,57.099998474121094,12328,0.0,0.0
2023-02-09 13:30:00-05:00,57.09000015258789,57.22999954223633,56.91999816894531,57.02000045776367,11096,0.0,0.0
2023-02-09 14:30:00-05:00,57.029998779296875,57.04999923706055,56.59000015258789,56.59000015258789,16241,0.0,0.0
2023-02-09 15:30:00-05:00,56.68000030517578,57.0099983215332,56.470001220703125,56.72999954223633,41126,0.0,0.0
2023-02-10 09:30:00-05:00,56.15999984741211,56.959999084472656,55.9900016784668,56.7599983215332,13681,0.0,0.0
2023-02-10 10:30:00-05:00,56.880001068115234,56.939998626708984,56.540000915527344,56.689998626708984,16743,0.0,0.0
2023-02-10 11:30:00-05:00,56.77000045776367,56.779998779296875,56.54999923706055,56.720001220703125,5466,0.0,0.0
2023-02-10 12:30:00-05:00,56.79999923706055,57.060001373291016,56.720001220703125,56.959999084472656,10049,0.0,0.0
2023-02-10 13:30:00-05:00,56.900001525878906,56.959999084472656,56.709999084472656,56.75,9634,0.0,0.0
2023-02-10 14:30:00-05:00,56.70000076293945,57.095001220703125,56.70000076293945,56.849998474121094,8045,0.0,0.0
2023-02-10 15:30:00-05:00,56.880001068115234,57.09000015258789,56.880001068115234,57.0099983215332,40791,0.0,0.0
2023-02-13 09:30:00-05:00,57.189998626708984,57.29999923706055,56.97999954223633,57.189998626708984,4631,0.0,0.0
2023-02-13 10:30:00-05:00,57.29999923706055,57.63999938964844,57.16999816894531,57.36000061035156,7458,0.0,0.0
2023-02-13 11:30:00-05:00,57.3849983215332,57.65999984741211,57.36000061035156,57.63999938964844,6485,0.0,0.0
2023-02-13 12:30:00-05:00,57.63999938964844,57.84000015258789,57.56999969482422,57.81999969482422,13274,0.0,0.0
2023-02-13 13:30:00-05:00,57.79999923706055,57.849998474121094,57.3849983215332,57.54999923706055,14832,0.0,0.0
2023-02-13 14:30:00-05:00,57.560001373291016,57.560001373291016,57.16999816894531,57.25,18163,0.0,0.0
2023-02-13 15:30:00-05:00,57.279998779296875,57.68000030517578,57.25,57.619998931884766,47032,0.0,0.0
2023-02-14 09:30:00-05:00,57.65999984741211,57.89250183105469,56.7599983215332,57.459999084472656,13165,0.0,0.0
2023-02-14 10:30:00-05:00,57.20000076293945,57.20000076293945,56.4900016784668,56.86000061035156,8813,0.0,0.0
2023-02-14 11:30:00-05:00,56.58000183105469,56.94499969482422,56.4900016784668,56.94499969482422,10065,0.0,0.0
2023-02-14 12:30:00-05:00,56.900001525878906,57.45000076293945,56.86000061035156,57.36000061035156,10099,0.0,0.0
2023-02-14 13:30:00-05:00,57.36000061035156,57.41630172729492,57.029998779296875,57.30500030517578,10670,0.0,0.0
2023-02-14 14:30:00-05:00,57.38999938964844,57.52000045776367,57.31999969482422,57.52000045776367,12284,0.0,0.0
2023-02-14 15:30:00-05:00,57.529998779296875,57.66999816894531,57.41999816894531,57.4900016784668,35336,0.0,0.0
2023-02-15 09:30:00-05:00,57.040000915527344,57.81999969482422,57.040000915527344,57.7400016784668,13657,0.0,0.0
2023-02-15 10:30:00-05:00,57.790000915527344,58.21500015258789,57.70000076293945,58.119998931884766,14370,0.0,0.0
2023-02-15 11:30:00-05:00,58.06999969482422,58.06999969482422,57.63999938964844,57.63999938964844,17451,0.0,0.0
2023-02-15 12:30:00-05:00,57.66999816894531,57.994998931884766,57.66999816894531,57.91999816894531,10209,0.0,0.0
2023-02-15 13:30:00-05:00,57.88999938964844,58.400001525878906,57.88999938964844,58.26499938964844,15720,0.0,0.0
2023-02-15 14:30:00-05:00,58.220001220703125,58.61000061035156,58.209999084472656,58.47999954223633,18572,0.0,0.0
2023-02-15 15:30:00-05:00,58.52000045776367,58.57500076293945,58.40999984741211,58.5,35527,0.0,0.0
2023-02-16 09:30:00-05:00,57.58000183105469,58.0,57.18000030517578,57.79999923706055,19006,0.0,0.0
2023-02-16 10:30:00-05:00,57.80500030517578,58.33000183105469,57.72999954223633,58.244998931884766,11256,0.0,0.0
2023-02-16 11:30:00-05:00,58.2400016784668,58.29999923706055,57.96500015258789,58.255001068115234,13114,0.0,0.0
2023-02-16 12:30:00-05:00,58.275001525878906,58.46500015258789,58.209999084472656,58.22999954223633,8432,0.0,0.0
2023-02-16 13:30:00-05:00,58.20500183105469,58.36000061035156,58.150001525878906,58.279998779296875,14935,0.0,0.0
2023-02-16 14:30:00-05:00,58.29499816894531,58.369998931884766,57.810001373291016,57.810001373291016,20309,0.0,0.0
2023-02-16 15:30:00-05:00,57.7599983215332,57.970001220703125,57.709999084472656,57.91999816894531,42826,0.0,0.0
2023-02-17 09:30:00-05:00,57.90999984741211,57.90999984741211,57.310001373291016,57.42499923706055,39799,0.0,0.0
2023-02-17 10:30:00-05:00,57.52000045776367,57.66999816894531,57.32500076293945,57.4900016784668,13164,0.0,0.0
2023-02-17 11:30:00-05:00,57.459999084472656,57.57500076293945,57.189998626708984,57.45000076293945,19370,0.0,0.0
2023-02-17 12:30:00-05:00,57.349998474121094,57.349998474121094,56.970001220703125,56.970001220703125,17034,0.0,0.0
2023-02-17 13:30:00-05:00,56.95000076293945,57.2400016784668,56.869998931884766,57.220001220703125,17167,0.0,0.0
2023-02-17 14:30:00-05:00,57.25,57.400001525878906,57.09000015258789,57.2400016784668,21499,0.0,0.0
2023-02-17 15:30:00-05:00,57.220001220703125,57.345001220703125,57.060001373291016,57.2400016784668,32381,0.0,0.0
2023-02-21 09:30:00-05:00,56.439998626708984,56.869998931884766,55.82500076293945,55.92499923706055,19222,0.0,0.0
2023-02-21 10:30:00-05:00,55.91999816894531,56.17499923706055,55.64500045776367,55.720001220703125,18006,0.0,0.0
2023-02-21 11:30:00-05:00,55.65999984741211,55.78499984741211,55.45000076293945,55.45000076293945,10724,0.0,0.0
2023-02-21 12:30:00-05:00,55.45000076293945,55.63999938964844,55.209999084472656,55.310001373291016,14167,0.0,0.0
2023-02-21 13:30:00-05:00,55.27000045776367,55.599998474121094,55.07500076293945,55.40999984741211,43481,0.0,0.0
2023-02-21 14:30:00-05:00,55.47999954223633,55.54999923706055,55.349998474121094,55.400001525878906,54988,0.0,0.0
2023-02-21 15:30:00-05:00,55.400001525878906,55.470001220703125,55.22999954223633,55.34000015258789,33731,0.0,0.0
2023-02-22 09:30:00-05:00,55.2599983215332,55.57500076293945,54.880001068115234,54.93000030517578,33227,0.0,0.0
2023-02-22 10:30:00-05:00,54.720001220703125,55.56999969482422,54.47999954223633,55.5,19244,0.0,0.0
2023-02-22 11:30:00-05:00,55.5,55.685001373291016,55.189998626708984,55.630001068115234,24116,0.0,0.0
2023-02-22 12:30:00-05:00,55.59000015258789,55.619998931884766,55.275001525878906,55.59000015258789,15945,0.0,0.0
2023-02-22 13:30:00-05:00,55.56999969482422,55.61000061035156,55.2400016784668,55.41999816894531,20415,0.0,0.0
2023-02-22 14:30:00-05:00,55.400001525878906,55.439998626708984,55.11000061035156,55.220001220703125,23656,0.0,0.0
2023-02-22 15:30:00-05:00,55.189998626708984,55.34000015258789,55.0,55.220001220703125,55590,0.0,0.0
2023-02-23 09:30:00-05:00,55.58000183105469,55.91999816894531,55.255001068115234,55.31999969482422,18683,0.0,0.0
2023-02-23 10:30:00-05:00,55.220001220703125,55.470001220703125,54.97999954223633,55.029998779296875,16392,0.0,0.0
2023-02-23 11:30:00-05:00,55.099998474121094,55.18000030517578,54.939998626708984,55.04999923706055,9617,0.0,0.0
2023-02-23 12:30:00-05:00,55.119998931884766,55.25,55.06999969482422,55.2400016784668,12567,0.0,0.0
2023-02-23 13:30:00-05:00,55.2400016784668,55.650001525878906,55.2400016784668,55.5,26900,0.0,0.0
2023-02-23 14:30:00-05:00,55.560001373291016,55.709999084472656,55.45000076293945,55.709999084472656,16032,0.0,0.0
2023-02-23 15:30:00-05:00,55.68000030517578,55.72999954223633,55.5099983215332,55.58000183105469,28103,0.0,0.0
2023-02-24 09:30:00-05:00,54.459999084472656,54.459999084472656,53.56999969482422,54.060001373291016,57768,0.0,0.0
2023-02-24 10:30:00-05:00,54.13999938964844,54.619998931884766,54.07500076293945,54.33000183105469,50619,0.0,0.0
2023-02-24 11:30:00-05:00,54.279998779296875,54.849998474121094,54.08000183105469,54.57500076293945,53640,0.0,0.0
2023-02-24 12:30:00-05:00,54.59000015258789,54.83000183105469,54.38999938964844,54.619998931884766,45733,0.0,0.0
2023-02-24 13:30:00-05:00,54.61000061035156,54.7599983215332,54.349998474121094,54.45000076293945,31600,0.0,0.0
2023-02-24 14:30:00-05:00,54.470001220703125,54.685001373291016,54.290000915527344,54.459999084472656,30585,0.0,0.0
2023-02-24 15:30:00-05:00,54.43000030517578,54.7400016784668,54.29999923706055,54.56999969482422,56704,0.0,0.0
2023-02-27 09:30:00-05:00,57.25,57.25,54.41999816894531,55.0,89232,0.0,0.0
2023-02-27 10:30:00-05:00,54.86000061035156,55.0,51.29999923706055,51.560001373291016,184930,0.0,0.0
2023-02-27 11:30:00-05:00,51.529998779296875,52.36000061035156,50.77000045776367,50.779998779296875,90102,0.0,0.0
2023-02-27 12:30:00-05:00,50.72999954223633,51.16999816894531,50.349998474121094,50.900001525878906,76793,0.0,0.0
2023-02-27 13:30:00-05:00,51.0,51.75,50.86000061035156,51.09000015258789,70622,0.0,0.0
2023-02-27 14:30:00-05:00,51.119998931884766,51.47999954223633,50.584999084472656,51.08000183105469,57281,0.0,0.0
2023-02-27 15:30:00-05:00,51.060001373291016,51.7400016784668,50.880001068115234,51.7400016784668,142548,0.0,0.0
2023-02-28 09:30:00-05:00,51.720001220703125,53.65999984741211,51.5,53.369998931884766,81973,0.0,0.0
2023-02-28 10:30:00-05:00,53.41999816894531,55.470001220703125,53.220001220703125,55.26499938964844,82138,0.0,0.0
2023-02-28 11:30:00-05:00,55.2599983215332,55.2599983215332,54.564998626708984,55.16999816894531,46546,0.0,0.0
2023-02-28 12:30:00-05:00,55.150001525878906,55.63999938964844,54.75,55.46500015258789,54772,0.0,0.0
2023-02-28 13:30:00-05:00,55.5099983215332,55.95000076293945,55.26499938964844,55.26499938964844,56698,0.0,0.0
2023-02-28 14:30:00-05:00,55.26499938964844,55.779998779296875,55.220001220703125,55.60499954223633,53664,0.0,0.0
2023-02-28 15:30:00-05:00,55.595001220703125,56.11000061035156,55.58000183105469,55.779998779296875,106407,0.0,0.0
2023-03-01 09:30:00-05:00,55.52000045776367,56.529998779296875,55.52000045776367,56.25,27582,0.0,0.0
2023-03-01 10:30:00-05:00,56.22999954223633,56.630001068115234,56.14500045776367,56.27000045776367,42936,0.0,0.0
2023-03-01 11:30:00-05:00,56.220001220703125,56.86000061035156,56.220001220703125,56.70500183105469,26648,0.0,0.0
2023-03-01 12:30:00-05:00,56.68000030517578,56.72999954223633,56.529998779296875,56.57500076293945,29977,0.0,0.0
2023-03-01 13:30:00-05:00,56.44499969482422,56.44499969482422,56.04999923706055,56.04999923706055,46619,0.0,0.0
2023-03-01 14:30:00-05:00,56.04499816894531,56.04499816894531,55.4900016784668,55.4900016784668,32635,0.0,0.0
2023-03-01 15:30:00-05:00,55.525001525878906,55.7599983215332,55.43000030517578,55.58000183105469,61082,0.0,0.0
2023-03-02 09:30:00-05:00,55.52000045776367,55.67499923706055,54.630001068115234,55.25,33671,0.0,0.0
2023-03-02 10:30:00-05:00,55.27000045776367,55.95000076293945,55.27000045776367,55.81999969482422,16118,0.0,0.0
2023-03-02 11:30:00-05:00,55.900001525878906,56.209999084472656,55.849998474121094,56.20000076293945,13295,0.0,0.0
2023-03-02 12:30:00-05:00,56.22999954223633,56.34000015258789,55.96500015258789,56.31999969482422,33857,0.0,0.0
2023-03-02 13:30:00-05:00,56.31999969482422,57.040000915527344,56.31999969482422,56.90999984741211,17930,0.0,0.0
2023-03-02 14:30:00-05:00,56.91999816894531,57.06999969482422,56.56999969482422,56.625,40929,0.0,0.0
2023-03-02 15:30:00-05:00,56.625,56.869998931884766,56.625,56.72999954223633,59912,0.0,0.0
2023-03-03 09:30:00-05:00,54.41999816894531,55.040000915527344,53.9900016784668,54.66999816894531,77736,0.0,0.0
2023-03-03 10:30:00-05:00,54.720001220703125,55.400001525878906,54.54999923706055,55.310001373291016,56162,0.0,0.0
2023-03-03 11:30:00-05:00,55.34000015258789,56.09000015258789,55.209999084472656,55.810001373291016,25315,0.0,0.0
2023-03-03 12:30:00-05:00,55.88999938964844,56.09000015258789,55.73500061035156,56.09000015258789,20103,0.0,0.0
2023-03-03 13:30:00-05:00,56.10499954223633,56.369998931884766,55.97999954223633,56.2400016784668,23436,0.0,0.0
2023-03-03 14:30:00-05:00,56.310001373291016,56.81999969482422,56.310001373291016,56.709999084472656,29367,0.0,0.0
2023-03-03 15:30:00-05:00,56.75,56.84000015258789,56.625,56.83000183105469,44732,0.0,0.0
2023-03-06 09:30:00-05:00,57.08000183105469,57.279998779296875,56.369998931884766,56.665000915527344,24654,0.0,0.0
2023-03-06 10:30:00-05:00,56.59000015258789,57.2400016784668,56.40999984741211,56.93000030517578,24373,0.0,0.0
2023-03-06 11:30:00-05:00,56.86000061035156,56.87799835205078,56.349998474121094,56.404998779296875,16107,0.0,0.0
2023-03-06 12:30:00-05:00,56.369998931884766,56.41999816894531,55.5,55.599998474121094,21469,0.0,0.0
2023-03-06 13:30:00-05:00,55.54999923706055,55.66999816894531,55.314998626708984,55.43000030517578,20480,0.0,0.0
2023-03-06 14:30:00-05:00,55.439998626708984,55.5,55.0,55.0,28022,0.0,0.0
2023-03-06 15:30:00-05:00,54.96500015258789,55.2599983215332,54.95000076293945,55.189998626708984,61613,0.0,0.0
2023-03-07 09:30:00-05:00,55.380001068115234,55.380001068115234,54.19499969482422,54.20500183105469,18402,0.0,0.0
2023-03-07 10:30:00-05:00,54.310001373291016,54.470001220703125,54.099998474121094,54.380001068115234,16910,0.0,0.0
2023-03-07 11:30:00-05:00,54.4010009765625,54.709999084472656,54.102500915527344,54.400001525878906,19197,0.0,0.0
2023-03-07 12:30:00-05:00,54.400001525878906,54.54999923706055,54.06999969482422,54.09000015258789,15055,0.0,0.0
2023-03-07 13:30:00-05:00,54.060001373291016,54.13999938964844,53.95000076293945,54.04999923706055,24935,0.0,0.0
2023-03-07 14:30:00-05:00,54.04999923706055,54.04999923706055,53.81999969482422,53.92499923706055,29543,0.0,0.0
2023-03-07 15:30:00-05:00,53.95000076293945,53.97999954223633,53.63999938964844,53.685001373291016,65286,0.0,0.0
2023-03-08 09:30:00-05:00,53.88999938964844,53.88999938964844,52.880001068115234,53.72999954223633,38108,0.0,0.0
2023-03-08 10:30:00-05:00,53.72999954223633,54.15999984741211,53.689998626708984,53.9900016784668,20005,0.0,0.0
2023-03-08 11:30:00-05:00,53.904998779296875,54.1599006652832,53.67300033569336,53.720001220703125,14235,0.0,0.0
2023-03-08 12:30:00-05:00,53.65999984741211,53.810001373291016,53.5099983215332,53.56999969482422,11760,0.0,0.0
2023-03-08 13:30:00-05:00,53.61000061035156,53.77000045776367,53.41999816894531,53.68000030517578,16903,0.0,0.0
2023-03-08 14:30:00-05:00,53.63999938964844,54.0,53.619998931884766,54.0,28242,0.0,0.0
2023-03-08 15:30:00-05:00,54.060001373291016,54.34000015258789,54.040000915527344,54.150001525878906,40739,0.0,0.0
2023-03-09 09:30:00-05:00,54.36000061035156,55.279998779296875,53.4900016784668,54.380001068115234,20454,0.0,0.0
2023-03-09 10:30:00-05:00,54.512001037597656,54.939998626708984,54.48500061035156,54.73500061035156,16290,0.0,0.0
2023-03-09 11:30:00-05:00,54.599998474121094,54.849998474121094,54.54499816894531,54.720001220703125,14033,0.0,0.0
2023-03-09 12:30:00-05:00,54.630001068115234,54.6349983215332,54.119998931884766,54.2400016784668,13793,0.0,0.0
2023-03-09 13:30:00-05:00,54.09000015258789,54.25,54.029998779296875,54.11000061035156,14165,0.0,0.0
2023-03-09 14:30:00-05:00,54.060001373291016,54.5099983215332,54.040000915527344,54.189998626708984,36877,0.0,0.0
2023-03-09 15:30:00-05:00,54.06999969482422,54.150001525878906,53.7400016784668,53.900001525878906,61307,0.0,0.0
2023-03-10 09:30:00-05:00,53.61000061035156,53.61000061035156,52.4900016784668,52.665000915527344,25614,0.0,0.0
2023-03-10 10:30:00-05:00,52.77000045776367,53.150001525878906,52.33000183105469,53.150001525878906,20050,0.0,0.0
2023-03-10 11:30:00-05:00,53.34000015258789,53.54999923706055,53.0,53.154998779296875,45995,0.0,0.0
2023-03-10 12:30:00-05:00,53.154998779296875,53.36000061035156,52.83000183105469,53.0099983215332,67500,0.0,0.0
2023-03-10 13:30:00-05:00,53.0,53.375,52.4900016784668,53.13999938964844,55832,0.0,0.0
2023-03-10 14:30:00-05:00,53.15999984741211,53.494998931884766,52.904998779296875,53.029998779296875,37346,0.0,0.0
2023-03-10 15:30:00-05:00,53.0099983215332,53.0099983215332,52.625,52.84000015258789,57926,0.0,0.0
2023-03-13 09:30:00-04:00,51.869998931884766,52.72999954223633,51.599998474121094,52.08000183105469,35409,0.0,0.0
2023-03-13 10:30:00-04:00,52.125,53.255001068115234,52.125,53.150001525878906,21793,0.0,0.0
2023-03-13 11:30:00-04:00,53.130001068115234,53.220001220703125,52.51750183105469,52.689998626708984,21510,0.0,0.0
2023-03-13 12:30:00-04:00,52.90999984741211,52.90999984741211,51.869998931884766,52.2400016784668,17874,0.0,0.0
2023-03-13 13:30:00-04:00,52.20000076293945,52.83000183105469,52.19499969482422,52.72999954223633,16658,0.0,0.0
2023-03-13 14:30:00-04:00,52.66999816894531,52.91999816894531,52.040000915527344,52.19499969482422,23311,0.0,0.0
2023-03-13 15:30:00-04:00,52.25,52.56999969482422,52.029998779296875,52.130001068115234,51026,0.0,0.0
2023-03-14 09:30:00-04:00,53.93000030517578,55.04999923706055,53.220001220703125,53.875,20738,0.0,0.0
2023-03-14 10:30:00-04:00,54.0099983215332,54.369998931884766,53.95000076293945,54.2599983215332,15857,0.0,0.0
2023-03-14 11:30:00-04:00,54.2599983215332,54.40999984741211,54.060001373291016,54.06999969482422,10866,0.0,0.0
2023-03-14 12:30:00-04:00,54.06999969482422,54.32500076293945,53.529998779296875,53.59000015258789,12332,0.0,0.0
2023-03-14 13:30:00-04:00,53.61000061035156,53.619998931884766,52.91999816894531,53.26499938964844,14212,0.0,0.0
2023-03-14 14:30:00-04:00,53.310001373291016,53.439998626708984,52.904998779296875,53.31380081176758,21507,0.0,0.0
2023-03-14 15:30:00-04:00,53.39500045776367,53.939998626708984,53.290000915527344,53.900001525878906,41179,0.0,0.0
2023-03-15 09:30:00-04:00,52.15999984741211,52.779998779296875,51.5,52.029998779296875,28637,0.0,0.0
2023-03-15 10:30:00-04:00,51.974998474121094,52.5099983215332,51.58570098876953,52.005001068115234,26683,0.0,0.0
2023-03-15 11:30:00-04:00,52.07500076293945,52.215599060058594,51.900001525878906,52.165000915527344,27166,0.0,0.0
2023-03-15 12:30:00-04:00,52.165000915527344,52.38999938964844,52.040000915527344,52.34000015258789,39924,0.0,0.0
2023-03-15 13:30:00-04:00,52.2400016784668,52.65999984741211,51.7400016784668,52.60499954223633,26138,0.0,0.0
2023-03-15 14:30:00-04:00,52.66999816894531,52.790000915527344,52.09000015258789,52.41999816894531,35146,0.0,0.0
2023-03-15 15:30:00-04:00,52.34000015258789,52.4900016784668,51.88999938964844,52.4900016784668,62506,0.0,0.0
2023-03-16 09:30:00-04:00,51.599998474121094,51.959999084472656,50.83000183105469,51.10499954223633,41211,0.0,0.0
2023-03-16 10:30:00-04:00,51.18000030517578,52.5,51.06999969482422,52.45000076293945,35609,0.0,0.0
2023-03-16 11:30:00-04:00,52.474998474121094,52.79999923706055,52.15999984741211,52.45000076293945,14588,0.0,0.0
2023-03-16 12:30:00-04:00,52.45000076293945,53.02000045776367,52.43000030517578,52.68000030517578,18050,0.0,0.0
2023-03-16 13:30:00-04:00,52.779998779296875,52.900001525878906,52.439998626708984,52.58000183105469,16083,0.0,0.0
2023-03-16 14:30:00-04:00,52.5099983215332,53.0,52.435001373291016,52.959999084472656,26116,0.0,0.0
2023-03-16 15:30:00-04:00,52.95000076293945,52.97999954223633,52.72999954223633,52.790000915527344,47618,0.0,0.0
2023-03-17 09:30:00-04:00,52.20000076293945,52.56999969482422,50.790000915527344,51.93000030517578,93487,0.0,0.0
2023-03-17 10:30:00-04:00,52.11000061035156,52.16999816894531,51.220001220703125,51.2599983215332,28647,0.0,0.0
2023-03-17 11:30:00-04:00,51.290000915527344,51.70000076293945,51.05500030517578,51.6349983215332,25777,0.0,0.0
2023-03-17 12:30:00-04:00,51.70000076293945,51.84000015258789,51.380001068115234,51.7400016784668,26889,0.0,0.0
2023-03-17 13:30:00-04:00,51.790000915527344,51.79999923706055,51.16999816894531,51.209999084472656,22485,0.0,0.0
2023-03-17 14:30:00-04:00,51.255001068115234,51.4900016784668,51.189998626708984,51.380001068115234,29741,0.0,0.0
2023-03-17 15:30:00-04:00,51.290000915527344,51.34000015258789,50.599998474121094,50.939998626708984,128428,0.0,0.0
2023-03-20 09:30:00-04:00,51.349998474121094,52.650001525878906,50.7400016784668,52.45000076293945,37215,0.0,0.0
2023-03-20 10:30:00-04:00,52.650001525878906,53.33000183105469,52.59000015258789,52.810001373291016,24426,0.0,0.0
2023-03-20 11:30:00-04:00,52.84000015258789,52.849998474121094,52.119998931884766,52.34000015258789,17170,0.0,0.0
2023-03-20 12:30:00-04:00,52.290000915527344,52.65999984741211,52.25,52.415000915527344,20069,0.0,0.0
2023-03-20 13:30:00-04:00,52.41999816894531,52.540000915527344,52.165000915527344,52.2400016784668,21428,0.0,0.0
2023-03-20 14:30:00-04:00,52.220001220703125,52.349998474121094,51.9900016784668,52.14500045776367,27557,0.0,0.0
2023-03-20 15:30:00-04:00,52.165000915527344,52.619998931884766,52.11000061035156,52.2400016784668,76434,0.0,0.0
2023-03-21 09:30:00-04:00,52.70000076293945,53.939998626708984,52.70000076293945,53.43000030517578,20093,0.0,0.0
2023-03-21 10:30:00-04:00,53.33000183105469,53.33000183105469,52.869998931884766,53.02000045776367,17584,0.0,0.0
2023-03-21 11:30:00-04:00,53.07500076293945,53.07500076293945,52.45000076293945,52.45000076293945,13377,0.0,0.0
2023-03-21 12:30:00-04:00,52.4900016784668,52.52000045776367,52.06999969482422,52.20000076293945,29173,0.0,0.0
2023-03-21 13:30:00-04:00,52.2400016784668,52.40999984741211,51.91999816894531,52.119998931884766,22848,0.0,0.0
2023-03-21 14:30:00-04:00,52.119998931884766,52.5,52.07500076293945,52.34000015258789,21994,0.0,0.0
2023-03-21 15:30:00-04:00,52.38999938964844,52.599998474121094,52.290000915527344,52.369998931884766,35842,0.0,0.0
2023-03-22 09:30:00-04:00,52.33000183105469,53.150001525878906,51.209999084472656,52.46500015258789,20521,0.0,0.0
2023-03-22 10:30:00-04:00,52.64500045776367,52.650001525878906,52.26499938964844,52.369998931884766,10399,0.0,0.0
2023-03-22 11:30:00-04:00,52.30500030517578,52.30500030517578,52.084999084472656,52.29999923706055,9612,0.0,0.0
2023-03-22 12:30:00-04:00,52.400001525878906,52.400001525878906,51.939998626708984,52.18000030517578,8501,0.0,0.0
2023-03-22 13:30:00-04:00,52.290000915527344,52.650001525878906,52.145999908447266,52.52000045776367,17931,0.0,0.0
2023-03-22 14:30:00-04:00,52.41999816894531,52.79999923706055,51.7400016784668,52.43000030517578,32841,0.0,0.0
2023-03-22 15:30:00-04:00,52.31999969482422,52.31999969482422,51.20000076293945,51.20000076293945,42544,0.0,0.0
2023-03-23 09:30:00-04:00,51.56999969482422,52.505001068115234,50.83000183105469,52.43000030517578,22381,0.0,0.0
2023-03-23 10:30:00-04:00,52.33000183105469,52.84000015258789,52.15999984741211,52.650001525878906,22853,0.0,0.0
2023-03-23 11:30:00-04:00,52.540000915527344,52.599998474121094,52.220001220703125,52.220001220703125,14733,0.0,0.0
2023-03-23 12:30:00-04:00,52.279998779296875,52.28499984741211,51.86000061035156,51.93000030517578,26709,0.0,0.0
2023-03-23 13:30:00-04:00,51.9900016784668,52.13999938964844,51.650001525878906,51.65999984741211,21207,0.0,0.0
2023-03-23 14:30:00-04:00,51.51499938964844,51.974998474121094,51.060001373291016,51.224998474121094,30428,0.0,0.0
2023-03-23 15:30:00-04:00,51.15999984741211,51.7400016784668,51.09000015258789,51.279998779296875,43807,0.0,0.0
2023-03-24 09:30:00-04:00,50.7400016784668,50.959999084472656,50.404998779296875,50.93000030517578,24973,0.0,0.0
2023-03-24 10:30:00-04:00,50.996700286865234,50.996700286865234,50.52000045776367,50.709999084472656,22431,0.0,0.0
2023-03-24 11:30:00-04:00,50.68000030517578,51.130001068115234,50.63999938964844,50.85499954223633,16084,0.0,0.0
2023-03-24 12:30:00-04:00,50.900001525878906,51.02000045776367,50.68000030517578,51.0,14349,0.0,0.0
2023-03-24 13:30:00-04:00,51.0,51.060001373291016,50.720001220703125,50.91999816894531,12897,0.0,0.0
2023-03-24 14:30:00-04:00,50.8650016784668,51.369998931884766,50.8650016784668,51.32500076293945,20406,0.0,0.0
2023-03-24 15:30:00-04:00,51.36000061035156,51.45000076293945,51.09000015258789,51.34000015258789,29685,0.0,0.0
2023-03-27 09:30:00-04:00,51.869998931884766,52.38999938964844,51.68000030517578,51.8650016784668,14274,0.0,0.0
2023-03-27 10:30:00-04:00,51.849998474121094,52.040000915527344,51.720001220703125,51.93000030517578,22761,0.0,0.0
2023-03-27 11:30:00-04:00,51.95000076293945,52.04999923706055,51.77000045776367,51.97999954223633,9315,0.0,0.0
2023-03-27 12:30:00-04:00,51.97999954223633,52.25,51.94499969482422,52.13999938964844,10663,0.0,0.0
2023-03-27 13:30:00-04:00,52.220001220703125,52.40999984741211,52.099998474121094,52.310001373291016,18330,0.0,0.0
2023-03-27 14:30:00-04:00,52.36000061035156,52.61000061035156,52.30500030517578,52.584999084472656,25434,0.0,0.0
2023-03-27 15:30:00-04:00,52.61000061035156,52.61000061035156,52.279998779296875,52.459999084472656,45817,0.0,0.0
2023-03-28 09:30:00-04:00,52.06999969482422,52.52000045776367,52.06999969482422,52.45000076293945,15745,0.0,0.0
2023-03-28 10:30:00-04:00,52.45500183105469,52.45500183105469,52.04999923706055,52.16999816894531,15352,0.0,0.0
2023-03-28 11:30:00-04:00,52.2400016784668,52.61000061035156,52.2400016784668,52.54499816894531,23134,0.0,0.0
2023-03-28 12:30:00-04:00,52.54999923706055,52.70000076293945,52.47999954223633,52.650001525878906,16439,0.0,0.0
2023-03-28 13:30:00-04:00,52.57500076293945,52.57500076293945,52.28499984741211,52.38999938964844,12686,0.0,0.0
2023-03-28 14:30:00-04:00,52.3849983215332,52.685001373291016,52.3849983215332,52.54499816894531,14212,0.0,0.0
2023-03-28 15:30:00-04:00,52.5099983215332,52.93000030517578,52.5099983215332,52.900001525878906,35417,0.0,0.0
2023-03-29 09:30:00-04:00,53.58000183105469,53.91999816894531,53.439998626708984,53.560001373291016,18466,0.0,0.0
2023-03-29 10:30:00-04:00,53.66999816894531,53.66999816894531,53.52000045776367,53.63999938964844,17649,0.0,0.0
2023-03-29 11:30:00-04:00,53.61000061035156,53.869998931884766,53.61000061035156,53.869998931884766,17746,0.0,0.0
2023-03-29 12:30:00-04:00,53.790000915527344,53.84000015258789,53.56999969482422,53.625,5042,0.0,0.0
2023-03-29 13:30:00-04:00,53.61000061035156,53.68000030517578,53.470001220703125,53.66999816894531,14257,0.0,0.0
2023-03-29 14:30:00-04:00,53.68000030517578,53.959999084472656,53.57500076293945,53.959999084472656,17916,0.0,0.0
2023-03-29 15:30:00-04:00,53.90999984741211,54.0,53.72999954223633,53.959999084472656,33304,0.0,0.0
2023-03-30 09:30:00-04:00,54.34000015258789,54.560001373291016,53.88999938964844,54.189998626708984,23316,0.0,0.0
2023-03-30 10:30:00-04:00,54.209999084472656,54.33000183105469,53.93000030517578,53.9900016784668,12933,0.0,0.0
2023-03-30 11:30:00-04:00,53.95000076293945,54.029998779296875,53.7599983215332,53.91999816894531,29816,0.0,0.0
2023-03-30 12:30:00-04:00,53.880001068115234,53.9900016784668,53.720001220703125,53.88999938964844,17410,0.0,0.0
2023-03-30 13:30:00-04:00,53.91999816894531,54.209999084472656,53.869998931884766,54.119998931884766,17172,0.0,0.0
2023-03-30 14:30:00-04:00,54.11000061035156,54.16999816894531,53.90999984741211,53.98500061035156,45852,0.0,0.0
2023-03-30 15:30:00-04:00,54.0,54.40999984741211,54.0,54.27000045776367,30512,0.0,0.0
2023-03-31 09:30:00-04:00,54.68000030517578,55.13999938964844,54.189998626708984,54.709999084472656,17053,0.0,0.0
2023-03-31 10:30:00-04:00,54.779998779296875,55.599998474121094,54.68000030517578,55.244998931884766,28744,0.0,0.0
2023-03-31 11:30:00-04:00,55.29999923706055,55.31999969482422,54.91999816894531,54.93000030517578,29439,0.0,0.0
2023-03-31 12:30:00-04:00,54.84000015258789,55.09000015258789,54.72999954223633,55.0099983215332,23718,0.0,0.0
2023-03-31 13:30:00-04:00,55.0,55.02000045776367,54.77000045776367,54.79999923706055,8655,0.0,0.0
2023-03-31 14:30:00-04:00,54.79999923706055,55.27000045776367,54.79999923706055,55.27000045776367,15783,0.0,0.0
2023-03-31 15:30:00-04:00,55.310001373291016,55.86000061035156,55.279998779296875,55.459999084472656,100685,0.0,0.0
2023-04-03 09:30:00-04:00,55.459999084472656,56.04999923706055,55.44499969482422,55.91999816894531,16314,0.0,0.0
2023-04-03 10:30:00-04:00,55.849998474121094,55.89500045776367,54.529998779296875,54.689998626708984,31509,0.0,0.0
2023-04-03 11:30:00-04:00,54.77000045776367,54.9900016784668,54.7599983215332,54.880001068115234,13793,0.0,0.0
2023-04-03 12:30:00-04:00,54.91999816894531,55.13999938964844,54.849998474121094,54.970001220703125,17673,0.0,0.0
2023-04-03 13:30:00-04:00,54.93000030517578,55.150001525878906,54.790000915527344,54.900001525878906,12703,0.0,0.0
2023-04-03 14:30:00-04:00,54.900001525878906,55.40999984741211,54.89500045776367,55.36000061035156,14886,0.0,0.0
2023-04-03 15:30:00-04:00,55.31999969482422,55.439998626708984,55.20000076293945,55.31999969482422,44220,0.0,0.0
2023-04-04 09:30:00-04:00,55.38999938964844,55.650001525878906,54.59000015258789,54.71500015258789,17431,0.0,0.0
2023-04-04 10:30:00-04:00,54.59000015258789,54.810001373291016,53.779998779296875,54.029998779296875,20675,0.0,0.0
2023-04-04 11:30:00-04:00,54.03499984741211,54.03499984741211,53.400001525878906,53.78499984741211,18162,0.0,0.0
2023-04-04 12:30:00-04:00,53.75,53.880001068115234,53.5,53.880001068115234,15211,0.0,0.0
2023-04-04 13:30:00-04:00,53.875,54.04999923706055,53.7400016784668,53.7400016784668,22631,0.0,0.0
2023-04-04 14:30:00-04:00,53.72999954223633,53.86000061035156,53.5099983215332,53.5099983215332,23338,0.0,0.0
2023-04-04 15:30:00-04:00,53.5,53.63999938964844,53.349998474121094,53.599998474121094,60195,0.0,0.0
2023-04-05 09:30:00-04:00,53.150001525878906,53.5,51.97999954223633,52.119998931884766,35692,0.0,0.0
2023-04-05 10:30:00-04:00,52.18000030517578,52.349998474121094,52.095001220703125,52.18000030517578,25369,0.0,0.0
2023-04-05 11:30:00-04:00,52.220001220703125,52.58000183105469,52.18000030517578,52.33000183105469,22614,0.0,0.0
2023-04-05 12:30:00-04:00,52.380001068115234,52.47999954223633,52.22309875488281,52.34000015258789,14457,0.0,0.0
2023-04-05 13:30:00-04:00,52.36000061035156,52.52000045776367,52.20000076293945,52.4900016784668,29289,0.0,0.0
2023-04-05 14:30:00-04:00,52.47999954223633,52.56999969482422,52.38999938964844,52.560001373291016,20945,0.0,0.0
2023-04-05 15:30:00-04:00,52.56999969482422,52.790000915527344,52.52000045776367,52.70000076293945,63048,0.0,0.0
2023-04-06 09:30:00-04:00,52.56999969482422,52.698001861572266,52.04999923706055,52.400001525878906,23103,0.0,0.0
2023-04-06 10:30:00-04:00,52.39500045776367,52.88999938964844,52.310001373291016,52.73500061035156,27465,0.0,0.0
2023-04-06 11:30:00-04:00,52.76499938964844,53.060001373291016,52.76499938964844,52.97999954223633,16367,0.0,0.0
2023-04-06 12:30:00-04:00,52.98749923706055,53.2400016784668,52.7400016784668,52.7400016784668,15724,0.0,0.0
2023-04-06 13:30:00-04:00,52.7400016784668,52.83000183105469,52.59000015258789,52.685001373291016,17085,0.0,0.0
2023-04-06 14:30:00-04:00,52.68000030517578,52.75,52.505001068115234,52.709999084472656,24063,0.0,0.0
2023-04-06 15:30:00-04:00,52.65999984741211,52.7400016784668,52.59000015258789,52.66999816894531,34258,0.0,0.0
2023-04-10 09:30:00-04:00,52.18000030517578,53.119998931884766,51.88999938964844,53.037498474121094,23181,0.0,0.0
2023-04-10 10:30:00-04:00,53.099998474121094,53.17499923706055,52.959999084472656,53.09000015258789,26142,0.0,0.0
2023-04-10 11:30:00-04:00,53.13999938964844,53.19499969482422,52.58000183105469,52.58000183105469,11752,0.0,0.0
2023-04-10 12:30:00-04:00,52.58000183105469,53.060001373291016,52.58000183105469,53.025001525878906,11116,0.0,0.0
2023-04-10 13:30:00-04:00,53.040000915527344,53.2400016784668,52.994998931884766,53.165000915527344,14974,0.0,0.0
2023-04-10 14:30:00-04:00,53.16999816894531,53.59000015258789,53.16999816894531,53.52000045776367,17149,0.0,0.0
2023-04-10 15:30:00-04:00,53.415000915527344,53.78499984741211,53.40999984741211,53.599998474121094,38447,0.0,0.0
2023-04-11 09:30:00-04:00,53.7599983215332,54.369998931884766,53.25,54.119998931884766,13415,0.0,0.0
2023-04-11 10:30:00-04:00,54.17499923706055,54.29999923706055,53.65999984741211,53.77000045776367,26721,0.0,0.0
2023-04-11 11:30:00-04:00,53.80500030517578,54.18000030517578,53.65999984741211,54.18000030517578,6256,0.0,0.0
2023-04-11 12:30:00-04:00,54.2599983215332,54.36000061035156,54.20000076293945,54.27000045776367,4272,0.0,0.0
2023-04-11 13:30:00-04:00,54.13999938964844,54.21500015258789,54.029998779296875,54.15999984741211,7752,0.0,0.0
2023-04-11 14:30:00-04:00,54.19499969482422,54.40999984741211,54.13999938964844,54.36199951171875,11655,0.0,0.0
2023-04-11 15:30:00-04:00,54.349998474121094,54.349998474121094,53.95000076293945,54.04499816894531,29124,0.0,0.0
2023-04-12 09:30:00-04:00,54.790000915527344,54.790000915527344,54.04999923706055,54.35499954223633,20211,0.0,0.0
2023-04-12 10:30:00-04:00,54.279998779296875,54.29999923706055,53.709999084472656,54.0,47548,0.0,0.0
2023-04-12 11:30:00-04:00,54.0,54.220001220703125,53.84000015258789,54.220001220703125,14200,0.0,0.0
2023-04-12 12:30:00-04:00,54.28499984741211,54.28499984741211,53.97999954223633,54.18000030517578,12657,0.0,0.0
2023-04-12 13:30:00-04:00,54.209999084472656,54.2599983215332,53.91999816894531,53.91999816894531,17475,0.0,0.0
2023-04-12 14:30:00-04:00,53.92499923706055,53.939998626708984,53.56999969482422,53.65999984741211,36483,0.0,0.0
2023-04-12 15:30:00-04:00,53.70000076293945,53.775001525878906,53.310001373291016,53.560001373291016,98638,0.0,0.0
2023-04-13 09:30:00-04:00,53.790000915527344,54.130001068115234,53.185001373291016,53.63999938964844,18615,0.0,0.0
2023-04-13 10:30:00-04:00,53.70000076293945,53.70000076293945,53.17499923706055,53.41999816894531,14655,0.0,0.0
2023-04-13 11:30:00-04:00,53.459999084472656,53.845001220703125,53.459999084472656,53.69499969482422,11001,0.0,0.0
2023-04-13 12:30:00-04:00,53.775001525878906,54.02000045776367,53.540000915527344,53.91999816894531,35545,0.0,0.0
2023-04-13 13:30:00-04:00,54.0,54.314998626708984,53.915000915527344,54.314998626708984,55629,0.0,0.0
2023-04-13 14:30:00-04:00,54.2599983215332,54.400001525878906,54.13750076293945,54.400001525878906,12002,0.0,0.0
2023-04-13 15:30:00-04:00,54.439998626708984,54.439998626708984,54.16999816894531,54.279998779296875,51676,0.0,0.0
2023-04-14 09:30:00-04:00,54.27000045776367,54.79999923706055,53.9900016784668,54.099998474121094,16580,0.0,0.0
2023-04-14 10:30:00-04:00,54.18000030517578,54.3650016784668,54.0099983215332,54.05500030517578,13159,0.0,0.0
2023-04-14 11:30:00-04:00,54.08000183105469,54.16999816894531,53.82500076293945,53.82500076293945,10882,0.0,0.0
2023-04-14 12:30:00-04:00,53.7599983215332,53.85499954223633,53.54999923706055,53.599998474121094,10590,0.0,0.0
2023-04-14 13:30:00-04:00,53.48500061035156,53.72999954223633,53.40999984741211,53.72999954223633,9176,0.0,0.0
2023-04-14 14:30:00-04:00,53.755001068115234,53.755001068115234,53.36000061035156,53.61000061035156,11559,0.0,0.0
2023-04-14 15:30:00-04:00,53.61000061035156,53.7400016784668,53.58000183105469,53.66999816894531,17143,0.0,0.0
2023-04-17 09:30:00-04:00,53.61000061035156,53.810001373291016,53.48500061035156,53.52009963989258,9834,0.0,0.0
2023-04-17 10:30:00-04:00,53.61000061035156,53.709999084472656,53.439998626708984,53.630001068115234,10108,0.0,0.0
2023-04-17 11:30:00-04:00,53.53499984741211,53.53499984741211,53.040000915527344,53.20000076293945,12528,0.0,0.0
2023-04-17 12:30:00-04:00,53.279998779296875,53.279998779296875,53.04999923706055,53.10139846801758,11687,0.0,0.0
2023-04-17 13:30:00-04:00,53.08000183105469,53.13999938964844,52.689998626708984,52.85499954223633,18567,0.0,0.0
2023-04-17 14:30:00-04:00,52.84000015258789,53.54499816894531,52.814998626708984,53.54499816894531,20330,0.0,0.0
2023-04-17 15:30:00-04:00,53.47999954223633,53.4900016784668,53.27000045776367,53.47999954223633,23598,0.0,0.0
2023-04-18 09:30:00-04:00,53.70000076293945,53.75,52.22999954223633,52.75,28503,0.0,0.0
2023-04-18 10:30:00-04:00,52.72999954223633,52.72999954223633,52.189998626708984,52.189998626708984,21588,0.0,0.0
2023-04-18 11:30:00-04:00,52.290000915527344,52.290000915527344,51.959999084472656,51.970001220703125,15037,0.0,0.0
2023-04-18 12:30:00-04:00,51.939998626708984,52.46500015258789,51.88999938964844,51.95000076293945,18445,0.0,0.0
2023-04-18 13:30:00-04:00,52.0,52.15999984741211,51.88999938964844,52.130001068115234,26011,0.0,0.0
2023-04-18 14:30:00-04:00,52.05500030517578,52.290000915527344,51.81999969482422,52.13999938964844,23878,0.0,0.0
2023-04-18 15:30:00-04:00,52.15999984741211,52.599998474121094,52.029998779296875,52.57899856567383,74010,0.0,0.0
2023-04-19 09:30:00-04:00,52.150001525878906,52.290000915527344,52.0,52.210201263427734,8970,0.0,0.0
2023-04-19 10:30:00-04:00,52.189998626708984,52.345001220703125,52.040000915527344,52.040000915527344,11969,0.0,0.0
2023-04-19 11:30:00-04:00,52.02000045776367,52.13999938964844,51.77000045776367,51.970001220703125,11446,0.0,0.0
2023-04-19 12:30:00-04:00,52.025001525878906,52.369998931884766,51.97999954223633,52.2400016784668,13308,0.0,0.0
2023-04-19 13:30:00-04:00,52.334999084472656,52.334999084472656,52.125,52.209999084472656,13666,0.0,0.0
2023-04-19 14:30:00-04:00,52.2599983215332,52.290000915527344,52.20000076293945,52.2151985168457,16885,0.0,0.0
2023-04-19 15:30:00-04:00,52.20000076293945,52.2400016784668,51.9900016784668,52.08000183105469,43109,0.0,0.0
2023-04-20 09:30:00-04:00,51.47999954223633,52.0,51.41999816894531,51.86000061035156,15821,0.0,0.0
2023-04-20 10:30:00-04:00,51.97999954223633,52.04999923706055,51.77000045776367,51.83000183105469,29723,0.0,0.0
2023-04-20 11:30:00-04:00,51.83000183105469,52.02000045776367,51.81999969482422,51.959999084472656,10049,0.0,0.0
2023-04-20 12:30:00-04:00,51.959999084472656,52.15999984741211,51.95500183105469,52.11000061035156,14635,0.0,0.0
2023-04-20 13:30:00-04:00,52.1150016784668,52.1150016784668,51.814998626708984,51.814998626708984,13576,0.0,0.0
2023-04-20 14:30:00-04:00,51.814998626708984,51.86000061035156,51.42499923706055,51.45000076293945,42778,0.0,0.0
2023-04-20 15:30:00-04:00,51.439998626708984,51.97999954223633,51.400001525878906,51.939998626708984,48827,0.0,0.0
2023-04-21 09:30:00-04:00,51.95000076293945,52.68000030517578,51.59000015258789,52.459999084472656,26996,0.0,0.0
2023-04-21 10:30:00-04:00,52.51499938964844,52.560001373291016,52.05500030517578,52.560001373291016,12770,0.0,0.0
2023-04-21 11:30:00-04:00,52.619998931884766,52.724998474121094,52.560001373291016,52.619998931884766,12431,0.0,0.0
2023-04-21 12:30:00-04:00,52.650001525878906,52.65999984741211,52.52000045776367,52.52000045776367,12929,0.0,0.0
2023-04-21 13:30:00-04:00,52.56999969482422,52.805999755859375,52.45000076293945,52.459999084472656,13868,0.0,0.0
2023-04-21 14:30:00-04:00,52.5099983215332,52.5099983215332,52.2400016784668,52.25,16892,0.0,0.0
2023-04-21 15:30:00-04:00,52.279998779296875,52.41999816894531,52.17499923706055,52.369998931884766,35125,0.0,0.0
2023-04-24 09:30:00-04:00,52.34000015258789,52.599998474121094,52.130001068115234,52.4900016784668,0,0.0,0.0
2023-04-24 10:30:00-04:00,52.4900016784668,52.66999816894531,52.38999938964844,52.65999984741211,26387,0.0,0.0
2023-04-24 11:30:00-04:00,52.720001220703125,52.77000045776367,52.57500076293945,52.75,14210,0.0,0.0
2023-04-24 12:30:00-04:00,52.790000915527344,52.838600158691406,52.619998931884766,52.689998626708984,10406,0.0,0.0
2023-04-24 13:30:00-04:00,52.709999084472656,52.88999938964844,52.68000030517578,52.68000030517578,8970,0.0,0.0
2023-04-24 14:30:00-04:00,52.689998626708984,52.7599983215332,52.59000015258789,52.689998626708984,15019,0.0,0.0
2023-04-24 15:30:00-04:00,52.654998779296875,52.86000061035156,52.58000183105469,52.81999969482422,27281,0.0,0.0
2023-04-25 09:30:00-04:00,52.220001220703125,52.40999984741211,51.75,52.060001373291016,15197,0.0,0.0
2023-04-25 10:30:00-04:00,52.02000045776367,52.02000045776367,51.650001525878906,51.900001525878906,21237,0.0,0.0
2023-04-25 11:30:00-04:00,51.900001525878906,51.900001525878906,51.36000061035156,51.45000076293945,27330,0.0,0.0
2023-04-25 12:30:00-04:00,51.459999084472656,51.720001220703125,51.41999816894531,51.494998931884766,10905,0.0,0.0
2023-04-25 13:30:00-04:00,51.52000045776367,51.540000915527344,51.31999969482422,51.435001373291016,13070,0.0,0.0
2023-04-25 14:30:00-04:00,51.435001373291016,51.459999084472656,51.20000076293945,51.2400016784668,21867,0.0,0.0
2023-04-25 15:30:00-04:00,51.380001068115234,51.400001525878906,51.15999984741211,51.220001220703125,46128,0.0,0.0
2023-04-26 09:30:00-04:00,51.0,51.560001373291016,50.599998474121094,51.08000183105469,27624,0.0,0.0
2023-04-26 10:30:00-04:00,51.04999923706055,51.5,50.9900016784668,51.415000915527344,20653,0.0,0.0
2023-04-26 11:30:00-04:00,51.400001525878906,51.66999816894531,51.23500061035156,51.5099983215332,36219,0.0,0.0
2023-04-26 12:30:00-04:00,51.439998626708984,51.540000915527344,51.35499954223633,51.439998626708984,27371,0.0,0.0
2023-04-26 13:30:00-04:00,51.439998626708984,51.494998931884766,51.16999816894531,51.38999938964844,27192,0.0,0.0
2023-04-26 14:30:00-04:00,51.33000183105469,51.33000183105469,50.83000183105469,51.09000015258789,34657,0.0,0.0
2023-04-26 15:30:00-04:00,51.06999969482422,51.29999923706055,50.88999938964844,51.16999816894531,66370,0.0,0.0
2023-04-27 09:30:00-04:00,51.38999938964844,51.869998931884766,51.18000030517578,51.599998474121094,14981,0.0,0.0
2023-04-27 10:30:00-04:00,51.599998474121094,51.599998474121094,50.970001220703125,51.40999984741211,16338,0.0,0.0
2023-04-27 11:30:00-04:00,51.45000076293945,51.849998474121094,51.45000076293945,51.77000045776367,24707,0.0,0.0
2023-04-27 12:30:00-04:00,51.65999984741211,51.880001068115234,51.459999084472656,51.880001068115234,14455,0.0,0.0
2023-04-27 13:30:00-04:00,51.880001068115234,52.130001068115234,51.880001068115234,52.06999969482422,10039,0.0,0.0
2023-04-27 14:30:00-04:00,52.099998474121094,52.369998931884766,52.099998474121094,52.349998474121094,21731,0.0,0.0
2023-04-27 15:30:00-04:00,52.31999969482422,52.33000183105469,52.06999969482422,52.310001373291016,35916,0.0,0.0
2023-04-28 09:30:00-04:00,52.099998474121094,53.029998779296875,52.04999923706055,53.029998779296875,0,0.0,0.0
2023-04-28 10:30:00-04:00,52.81999969482422,53.119998931884766,52.709999084472656,52.90999984741211,25772,0.0,0.0
2023-04-28 11:30:00-04:00,53.099998474121094,53.130001068115234,52.869998931884766,53.060001373291016,13262,0.0,0.0
2023-04-28 12:30:00-04:00,52.95600128173828,53.20000076293945,52.939998626708984,53.119998931884766,12352,0.0,0.0
2023-04-28 13:30:00-04:00,53.13999938964844,53.439998626708984,53.06999969482422,53.349998474121094,28392,0.0,0.0
2023-04-28 14:30:00-04:00,53.349998474121094,53.435001373291016,53.2599983215332,53.31999969482422,21206,0.0,0.0
2023-04-28 15:30:00-04:00,53.380001068115234,53.72999954223633,53.29999923706055,53.34000015258789,58271,0.0,0.0
2023-05-01 09:30:00-04:00,53.38999938964844,53.95000076293945,53.209999084472656,53.84000015258789,19479,0.0,0.0
2023-05-01 10:30:00-04:00,53.91999816894531,54.029998779296875,53.45000076293945,53.68000030517578,21487,0.0,0.0
2023-05-01 11:30:00-04:00,53.584999084472656,53.869998931884766,53.584999084472656,53.84000015258789,8705,0.0,0.0
2023-05-01 12:30:00-04:00,53.869998931884766,53.904998779296875,53.5,53.540000915527344,10345,0.0,0.0
2023-05-01 13:30:00-04:00,53.4900016784668,53.540000915527344,53.29999923706055,53.400001525878906,14665,0.0,0.0
2023-05-01 14:30:00-04:00,53.369998931884766,53.45000076293945,53.290000915527344,53.36240005493164,24482,0.0,0.0
2023-05-01 15:30:00-04:00,53.349998474121094,53.43000030517578,53.25,53.310001373291016,39332,0.0,0.0
2023-05-02 09:30:00-04:00,53.119998931884766,53.16999816894531,52.47999954223633,52.720001220703125,43379,0.0,0.0
2023-05-02 10:30:00-04:00,52.79999923706055,52.869998931884766,52.27000045776367,52.7599983215332,37460,0.0,0.0
2023-05-02 11:30:00-04:00,52.70000076293945,52.959999084472656,52.619998931884766,52.959999084472656,10811,0.0,0.0
2023-05-02 12:30:00-04:00,53.029998779296875,54.0099983215332,53.0099983215332,53.95000076293945,27906,0.0,0.0
2023-05-02 13:30:00-04:00,53.970001220703125,54.189998626708984,53.75,53.88999938964844,40869,0.0,0.0
2023-05-02 14:30:00-04:00,53.88999938964844,54.29999923706055,53.65999984741211,54.29999923706055,35767,0.0,0.0
2023-05-02 15:30:00-04:00,54.290000915527344,54.540000915527344,54.150001525878906,54.27000045776367,104150,0.0,0.0
2023-05-03 09:30:00-04:00,54.439998626708984,54.959999084472656,54.04999923706055,54.2400016784668,17569,0.0,0.0
2023-05-03 10:30:00-04:00,54.21500015258789,54.369998931884766,53.4900016784668,53.775001525878906,37861,0.0,0.0
2023-05-03 11:30:00-04:00,53.75,54.279998779296875,53.7400016784668,54.209999084472656,37714,0.0,0.0
2023-05-03 12:30:00-04:00,54.21500015258789,54.939998626708984,54.04999923706055,54.86000061035156,52784,0.0,0.0
2023-05-03 13:30:00-04:00,54.93000030517578,55.310001373291016,54.75,55.04999923706055,60393,0.0,0.0
2023-05-03 14:30:00-04:00,55.029998779296875,55.349998474121094,54.4900016784668,54.52000045776367,46103,0.0,0.0
2023-05-03 15:30:00-04:00,54.52000045776367,54.52000045776367,54.0,54.09000015258789,85444,0.0,0.0
2023-05-04 09:30:00-04:00,57.529998779296875,61.790000915527344,57.349998474121094,61.599998474121094,85748,0.0,0.0
2023-05-04 10:30:00-04:00,61.599998474121094,62.334999084472656,60.650001525878906,62.275001525878906,104739,0.0,0.0
2023-05-04 11:30:00-04:00,62.29999923706055,62.970001220703125,61.3849983215332,61.3849983215332,71129,0.0,0.0
2023-05-04 12:30:00-04:00,61.349998474121094,63.27000045776367,61.13010025024414,63.14500045776367,54067,0.0,0.0
2023-05-04 13:30:00-04:00,63.04880142211914,63.69499969482422,63.03499984741211,63.51499938964844,41202,0.0,0.0
2023-05-04 14:30:00-04:00,63.51499938964844,65.21990203857422,63.45000076293945,65.12750244140625,137368,0.0,0.0
2023-05-04 15:30:00-04:00,65.20999908447266,65.80500030517578,64.7301025390625,65.5999984741211,217409,0.0,0.0
2023-05-05 09:30:00-04:00,66.63999938964844,67.9000015258789,66.01000213623047,66.87999725341797,73745,0.0,0.0
2023-05-05 10:30:00-04:00,66.75,67.45999908447266,66.55000305175781,66.94499969482422,71712,0.0,0.0
2023-05-05 11:30:00-04:00,66.94000244140625,68.38999938964844,66.8499984741211,68.30000305175781,75210,0.0,0.0
2023-05-05 12:30:00-04:00,68.30000305175781,69.01000213623047,68.27999877929688,68.49140167236328,84599,0.0,0.0
2023-05-05 13:30:00-04:00,68.55000305175781,69.13999938964844,68.23999786376953,69.02999877929688,66290,0.0,0.0
2023-05-05 14:30:00-04:00,69.05999755859375,69.3499984741211,68.05999755859375,68.05999755859375,94747,0.0,0.0
2023-05-05 15:30:00-04:00,68.05999755859375,68.58000183105469,67.8499984741211,68.58000183105469,183995,0.0,0.0
2023-05-08 09:30:00-04:00,68.88999938964844,69.02999877929688,67.11499786376953,67.43000030517578,55478,0.0,0.0
2023-05-08 10:30:00-04:00,67.58000183105469,68.40499877929688,67.23999786376953,67.68000030517578,48275,0.0,0.0
2023-05-08 11:30:00-04:00,67.66999816894531,67.76000213623047,66.98999786376953,66.98999786376953,33525,0.0,0.0
2023-05-08 12:30:00-04:00,67.06999969482422,67.31500244140625,66.87999725341797,67.05000305175781,41354,0.0,0.0
2023-05-08 13:30:00-04:00,67.05999755859375,67.07499694824219,66.30000305175781,66.46499633789062,44967,0.0,0.0
2023-05-08 14:30:00-04:00,66.46499633789062,66.84500122070312,66.2249984741211,66.75,62768,0.0,0.0
2023-05-08 15:30:00-04:00,66.83000183105469,67.23799896240234,66.72000122070312,67.1500015258789,85756,0.0,0.0
2023-05-09 09:30:00-04:00,67.58999633789062,67.58999633789062,66.02999877929688,66.11000061035156,39632,0.0,0.0
2023-05-09 10:30:00-04:00,66.20999908447266,66.47000122070312,66.05000305175781,66.05000305175781,20979,0.0,0.0
2023-05-09 11:30:00-04:00,66.04499816894531,66.66500091552734,66.04499816894531,66.27999877929688,29903,0.0,0.0
2023-05-09 12:30:00-04:00,66.25,66.70999908447266,66.22000122070312,66.62000274658203,32620,0.0,0.0
2023-05-09 13:30:00-04:00,66.66000366210938,66.66000366210938,66.37999725341797,66.61499786376953,36117,0.0,0.0
2023-05-09 14:30:00-04:00,66.58000183105469,66.58000183105469,66.23500061035156,66.27999877929688,23731,0.0,0.0
2023-05-09 15:30:00-04:00,66.25,66.33499908447266,66.11000061035156,66.31999969482422,67369,0.0,0.0
2023-05-10 09:30:00-04:00,67.44999694824219,67.69999694824219,66.58000183105469,66.83999633789062,22735,0.0,0.0
2023-05-10 10:30:00-04:00,66.96499633789062,67.04000091552734,66.69000244140625,66.77999877929688,35318,0.0,0.0
2023-05-10 11:30:00-04:00,66.80000305175781,66.80500030517578,66.34500122070312,66.61499786376953,16777,0.0,0.0
2023-05-10 12:30:00-04:00,66.58999633789062,66.63999938964844,66.00499725341797,66.05999755859375,11216,0.0,0.0
2023-05-10 13:30:00-04:00,66.11000061035156,66.34500122070312,66.08000183105469,66.23999786376953,15304,0.0,0.0
2023-05-10 14:30:00-04:00,66.26499938964844,66.58000183105469,65.97000122070312,66.36000061035156,33394,0.0,0.0
2023-05-10 15:30:00-04:00,66.30000305175781,66.70999908447266,66.23999786376953,66.58000183105469,48243,0.0,0.0
2023-05-11 09:30:00-04:00,66.16000366210938,67.19000244140625,66.11000061035156,66.62999725341797,43124,0.0,0.0
2023-05-11 10:30:00-04:00,66.64009857177734,66.8499984741211,66.42500305175781,66.48999786376953,16494,0.0,0.0
2023-05-11 11:30:00-04:00,66.59500122070312,66.8499984741211,66.5,66.7750015258789,13356,0.0,0.0
2023-05-11 12:30:00-04:00,66.80000305175781,66.80000305175781,66.5199966430664,66.5199966430664,8526,0.0,0.0
2023-05-11 13:30:00-04:00,66.5,66.58000183105469,66.20269775390625,66.51000213623047,9567,0.0,0.0
2023-05-11 14:30:00-04:00,66.54499816894531,66.69000244140625,66.45999908447266,66.48999786376953,17841,0.0,0.0
2023-05-11 15:30:00-04:00,66.48999786376953,66.5,66.13999938964844,66.44000244140625,33297,0.0,0.0
2023-05-12 09:30:00-04:00,66.98999786376953,67.27999877929688,66.56999969482422,66.90499877929688,21157,0.0,0.0
2023-05-12 10:30:00-04:00,66.66999816894531,66.92500305175781,66.62000274658203,66.66000366210938,13762,0.0,0.0
2023-05-12 11:30:00-04:00,66.66000366210938,66.69499969482422,66.30000305175781,66.44499969482422,17860,0.0,0.0
2023-05-12 12:30:00-04:00,66.41999816894531,66.45999908447266,65.98999786376953,66.30000305175781,17664,0.0,0.0
2023-05-12 13:30:00-04:00,66.2750015258789,66.2750015258789,65.86000061035156,66.08499908447266,17093,0.0,0.0
2023-05-12 14:30:00-04:00,65.95999908447266,66.12000274658203,65.86000061035156,65.93000030517578,26206,0.0,0.0
2023-05-12 15:30:00-04:00,65.98500061035156,66.31999969482422,65.93499755859375,66.25,57991,0.0,0.0
2023-05-15 09:30:00-04:00,66.29000091552734,66.5,65.95999908447266,66.29000091552734,16116,0.0,0.0
2023-05-15 10:30:00-04:00,66.31500244140625,66.56500244140625,66.04000091552734,66.55000305175781,28297,0.0,0.0
2023-05-15 11:30:00-04:00,66.62000274658203,66.62000274658203,66.41000366210938,66.50499725341797,10541,0.0,0.0
2023-05-15 12:30:00-04:00,66.5250015258789,67.19999694824219,66.48500061035156,66.9800033569336,16687,0.0,0.0
2023-05-15 13:30:00-04:00,67.01000213623047,67.01000213623047,66.78500366210938,66.8499984741211,16090,0.0,0.0
2023-05-15 14:30:00-04:00,66.875,66.93000030517578,66.62000274658203,66.62000274658203,15509,0.0,0.0
2023-05-15 15:30:00-04:00,66.65499877929688,66.66000366210938,66.4000015258789,66.44999694824219,41063,0.0,0.0
2023-05-16 09:30:00-04:00,65.95999908447266,66.62000274658203,65.41999816894531,66.18000030517578,17375,0.0,0.0
2023-05-16 10:30:00-04:00,66.1500015258789,66.2699966430664,65.9749984741211,66.1050033569336,10897,0.0,0.0
2023-05-16 11:30:00-04:00,66.0999984741211,66.43000030517578,65.88179779052734,66.16000366210938,10068,0.0,0.0
2023-05-16 12:30:00-04:00,66.17500305175781,66.69999694824219,66.06999969482422,66.54000091552734,33835,0.0,0.0
2023-05-16 13:30:00-04:00,66.54000091552734,66.61499786376953,66.26000213623047,66.42500305175781,15866,0.0,0.0
2023-05-16 14:30:00-04:00,66.31999969482422,66.41000366210938,66.13800048828125,66.22000122070312,14085,0.0,0.0
2023-05-16 15:30:00-04:00,66.23500061035156,66.29000091552734,65.86000061035156,65.86000061035156,31827,0.0,0.0
2023-05-17 09:30:00-04:00,66.30999755859375,66.86000061035156,65.80000305175781,66.72000122070312,12047,0.0,0.0
2023-05-17 10:30:00-04:00,66.83000183105469,67.37000274658203,66.7300033569336,67.37000274658203,18231,0.0,0.0
2023-05-17 11:30:00-04:00,67.44000244140625,67.56999969482422,67.13999938964844,67.30000305175781,20022,0.0,0.0
2023-05-17 12:30:00-04:00,67.27999877929688,67.83000183105469,67.2699966430664,67.58999633789062,24044,0.0,0.0
2023-05-17 13:30:00-04:00,67.62999725341797,67.62999725341797,67.20999908447266,67.23999786376953,18881,0.0,0.0
2023-05-17 14:30:00-04:00,67.16999816894531,67.4800033569336,67.16500091552734,67.41000366210938,22281,0.0,0.0
2023-05-17 15:30:00-04:00,67.41999816894531,67.72000122070312,67.33000183105469,67.66000366210938,59814,0.0,0.0
2023-05-18 09:30:00-04:00,67.62999725341797,68.0199966430664,65.59500122070312,67.58000183105469,20090,0.0,0.0
2023-05-18 10:30:00-04:00,67.6675033569336,68.44999694824219,67.55000305175781,68.44999694824219,48539,0.0,0.0
2023-05-18 11:30:00-04:00,68.34500122070312,68.4800033569336,67.79000091552734,67.79000091552734,12836,0.0,0.0
2023-05-18 12:30:00-04:00,67.83000183105469,68.08499908447266,67.83000183105469,67.9800033569336,15750,0.0,0.0
2023-05-18 13:30:00-04:00,67.86000061035156,68.07499694824219,67.84500122070312,68.07499694824219,11414,0.0,0.0
2023-05-18 14:30:00-04:00,68.08999633789062,68.33000183105469,67.94499969482422,68.19499969482422,19799,0.0,0.0
2023-05-18 15:30:00-04:00,68.31999969482422,68.63999938964844,68.0,68.06999969482422,69250,0.0,0.0
2023-05-19 09:30:00-04:00,69.0199966430664,69.0199966430664,67.97000122070312,68.2249984741211,66525,0.0,0.0
2023-05-19 10:30:00-04:00,68.2699966430664,68.48999786376953,67.72010040283203,67.76000213623047,66836,0.0,0.0
2023-05-19 11:30:00-04:00,67.80000305175781,68.19999694824219,67.5199966430664,68.0199966430664,45700,0.0,0.0
2023-05-19 12:30:00-04:00,67.97000122070312,68.03500366210938,67.61499786376953,67.75,31764,0.0,0.0
2023-05-19 13:30:00-04:00,67.81999969482422,68.01499938964844,67.80999755859375,67.90480041503906,21324,0.0,0.0
2023-05-19 14:30:00-04:00,67.93000030517578,68.02999877929688,67.7699966430664,67.93499755859375,30718,0.0,0.0
2023-05-19 15:30:00-04:00,68.0,68.09989929199219,67.86000061035156,67.93000030517578,76311,0.0,0.0
2023-05-22 09:30:00-04:00,67.87999725341797,68.83999633789062,67.0,67.38169860839844,22597,0.0,0.0
2023-05-22 10:30:00-04:00,67.47000122070312,67.8499984741211,67.04499816894531,67.52999877929688,19177,0.0,0.0
2023-05-22 11:30:00-04:00,67.4800033569336,67.66999816894531,67.43000030517578,67.45999908447266,18327,0.0,0.0
2023-05-22 12:30:00-04:00,67.48500061035156,67.48999786376953,67.17500305175781,67.30999755859375,16527,0.0,0.0
2023-05-22 13:30:00-04:00,67.38999938964844,67.42749786376953,67.12000274658203,67.2699966430664,17960,0.0,0.0
2023-05-22 14:30:00-04:00,67.30999755859375,67.5,67.05000305175781,67.08999633789062,23455,0.0,0.0
2023-05-22 15:30:00-04:00,67.07250213623047,67.12999725341797,66.72000122070312,66.79000091552734,59491,0.0,0.0
2023-05-23 09:30:00-04:00,66.56999969482422,67.3499984741211,66.31999969482422,67.21499633789062,23119,0.0,0.0
2023-05-23 10:30:00-04:00,67.28500366210938,67.61000061035156,67.18499755859375,67.58000183105469,13568,0.0,0.0
2023-05-23 11:30:00-04:00,67.55999755859375,67.73909759521484,67.11499786376953,67.11499786376953,17327,0.0,0.0
2023-05-23 12:30:00-04:00,67.16999816894531,67.44000244140625,67.0250015258789,67.22000122070312,22896,0.0,0.0
2023-05-23 13:30:00-04:00,67.16999816894531,67.45999908447266,67.11000061035156,67.19999694824219,17634,0.0,0.0
2023-05-23 14:30:00-04:00,67.27999877929688,67.44000244140625,67.19999694824219,67.4000015258789,16535,0.0,0.0
2023-05-23 15:30:00-04:00,67.41999816894531,67.44999694824219,67.21499633789062,67.2300033569336,44790,0.0,0.0
2023-05-24 09:30:00-04:00,66.87999725341797,67.66500091552734,65.43000030517578,66.0199966430664,16387,0.0,0.0
2023-05-24 10:30:00-04:00,65.87000274658203,65.98999786376953,65.58999633789062,65.81999969482422,22374,0.0,0.0
2023-05-24 11:30:00-04:00,65.7699966430664,65.7699966430664,65.12999725341797,65.12999725341797,15209,0.0,0.0
2023-05-24 12:30:00-04:00,65.19000244140625,65.25,64.7699966430664,64.87999725341797,18538,0.0,0.0
2023-05-24 13:30:00-04:00,64.9000015258789,65.19000244140625,64.7699966430664,64.80000305175781,17459,0.0,0.0
2023-05-24 14:30:00-04:00,64.81999969482422,65.2699966430664,64.79000091552734,65.18499755859375,26054,0.0,0.0
2023-05-24 15:30:00-04:00,65.21499633789062,65.23999786376953,64.8499984741211,64.95999908447266,72338,0.0,0.0
2023-05-25 09:30:00-04:00,65.44999694824219,65.91500091552734,64.30000305175781,64.62000274658203,36558,0.0,0.0
2023-05-25 10:30:00-04:00,64.56999969482422,65.02999877929688,64.36000061035156,64.62999725341797,19882,0.0,0.0
2023-05-25 11:30:00-04:00,64.62999725341797,65.16000366210938,64.54000091552734,64.91500091552734,20615,0.0,0.0
2023-05-25 12:30:00-04:00,64.95999908447266,64.98999786376953,64.80999755859375,64.94999694824219,20145,0.0,0.0
2023-05-25 13:30:00-04:00,64.91999816894531,65.02999877929688,64.83000183105469,65.02050018310547,37692,0.0,0.0
2023-05-25 14:30:00-04:00,64.9800033569336,65.20999908447266,64.8499984741211,65.19000244140625,33565,0.0,0.0
2023-05-25 15:30:00-04:00,65.20999908447266,65.29750061035156,64.8499984741211,65.05999755859375,77038,0.0,0.0
2023-05-26 09:30:00-04:00,65.26000213623047,65.80249786376953,64.9000015258789,65.08999633789062,26241,0.0,0.0
2023-05-26 10:30:00-04:00,65.05999755859375,65.16999816894531,64.66000366210938,64.68000030517578,32599,0.0,0.0
2023-05-26 11:30:00-04:00,64.67500305175781,64.94000244140625,64.54000091552734,64.9000015258789,17992,0.0,0.0
2023-05-26 12:30:00-04:00,65.05999755859375,65.41999816894531,64.93000030517578,65.25,75680,0.0,0.0
2023-05-26 13:30:00-04:00,65.19999694824219,65.23999786376953,64.91000366210938,65.01499938964844,24848,0.0,0.0
2023-05-26 14:30:00-04:00,64.98500061035156,65.0999984741211,64.92500305175781,65.0199966430664,40199,0.0,0.0
2023-05-26 15:30:00-04:00,65.05500030517578,65.07499694824219,64.61000061035156,65.02999877929688,88312,0.0,0.0
2023-05-30 09:30:00-04:00,65.79000091552734,66.939697265625,65.70999908447266,66.69000244140625,57763,0.0,0.0
2023-05-30 10:30:00-04:00,66.73999786376953,66.8197021484375,66.26000213623047,66.34500122070312,51715,0.0,0.0
2023-05-30 11:30:00-04:00,66.36000061035156,67.61000061035156,66.26499938964844,67.49259948730469,55165,0.0,0.0
2023-05-30 12:30:00-04:00,67.57499694824219,67.78500366210938,67.12999725341797,67.22000122070312,36022,0.0,0.0
2023-05-30 13:30:00-04:00,67.26000213623047,67.57499694824219,67.1500015258789,67.57499694824219,37587,0.0,0.0
2023-05-30 14:30:00-04:00,67.61000061035156,67.68000030517578,67.4749984741211,67.5199966430664,36644,0.0,0.0
2023-05-30 15:30:00-04:00,67.55999755859375,68.20999908447266,67.55999755859375,67.9000015258789,120548,0.0,0.0
2023-05-31 09:30:00-04:00,67.30000305175781,68.02999877929688,66.66500091552734,67.5,27971,0.0,0.0
2023-05-31 10:30:00-04:00,67.44999694824219,67.51499938964844,67.02999877929688,67.1449966430664,38580,0.0,0.0
2023-05-31 11:30:00-04:00,67.04000091552734,67.08000183105469,66.80000305175781,67.05999755859375,35772,0.0,0.0
2023-05-31 12:30:00-04:00,66.98999786376953,67.23500061035156,66.93000030517578,67.22000122070312,20967,0.0,0.0
2023-05-31 13:30:00-04:00,67.23999786376953,67.43499755859375,67.20999908447266,67.3949966430664,26405,0.0,0.0
2023-05-31 14:30:00-04:00,67.30000305175781,67.3499984741211,67.13999938964844,67.2750015258789,25519,0.0,0.0
2023-05-31 15:30:00-04:00,67.26000213623047,67.94000244140625,67.24500274658203,67.7300033569336,88976,0.0,0.0
2023-06-01 09:30:00-04:00,67.5999984741211,68.2197036743164,67.36000061035156,67.94969940185547,40117,0.0,0.0
2023-06-01 10:30:00-04:00,67.81999969482422,68.16500091552734,67.31999969482422,67.66000366210938,27702,0.0,0.0
2023-06-01 11:30:00-04:00,67.62999725341797,67.76499938964844,67.15499877929688,67.16000366210938,28745,0.0,0.0
2023-06-01 12:30:00-04:00,67.12999725341797,67.3499984741211,66.97000122070312,67.29000091552734,14951,0.0,0.0
2023-06-01 13:30:00-04:00,67.30000305175781,67.4800033569336,67.30000305175781,67.30500030517578,10697,0.0,0.0
2023-06-01 14:30:00-04:00,67.30500030517578,67.4000015258789,66.97000122070312,66.97000122070312,19202,0.0,0.0
2023-06-01 15:30:00-04:00,66.94499969482422,67.05000305175781,66.80000305175781,66.94999694824219,46254,0.0,0.0
2023-06-02 09:30:00-04:00,67.5,68.17479705810547,67.0999984741211,67.88999938964844,22624,0.0,0.0
2023-06-02 10:30:00-04:00,67.91000366210938,68.72000122070312,67.70500183105469,68.375,27954,0.0,0.0
2023-06-02 11:30:00-04:00,68.48999786376953,68.55000305175781,68.16999816894531,68.37000274658203,25068,0.0,0.0
2023-06-02 12:30:00-04:00,68.41000366210938,68.82849884033203,68.27999877929688,68.82849884033203,25089,0.0,0.0
2023-06-02 13:30:00-04:00,68.8499984741211,68.9800033569336,68.68000030517578,68.97000122070312,17835,0.0,0.0
2023-06-02 14:30:00-04:00,68.98999786376953,69.4800033569336,68.93000030517578,69.41000366210938,26894,0.0,0.0
2023-06-02 15:30:00-04:00,69.44499969482422,69.73999786376953,69.36000061035156,69.62000274658203,57324,0.0,0.0
2023-06-05 09:30:00-04:00,68.75,68.75,66.91000366210938,67.34500122070312,50277,0.0,0.0
2023-06-05 10:30:00-04:00,67.33999633789062,69.13999938964844,67.2300033569336,68.92500305175781,43171,0.0,0.0
2023-06-05 11:30:00-04:00,69.08999633789062,69.6500015258789,68.9000015258789,69.6500015258789,20822,0.0,0.0
2023-06-05 12:30:00-04:00,69.6050033569336,69.6050033569336,69.26000213623047,69.26000213623047,16308,0.0,0.0
2023-06-05 13:30:00-04:00,69.19000244140625,69.25499725341797,69.05000305175781,69.1500015258789,15512,0.0,0.0
2023-06-05 14:30:00-04:00,69.12999725341797,69.12999725341797,68.73500061035156,68.87000274658203,24119,0.0,0.0
2023-06-05 15:30:00-04:00,68.86000061035156,69.12999725341797,68.83000183105469,68.87999725341797,41768,0.0,0.0
2023-06-06 09:30:00-04:00,68.58000183105469,70.23999786376953,68.30000305175781,70.23999786376953,58686,0.0,0.0
2023-06-06 10:30:00-04:00,70.12999725341797,70.89129638671875,69.87460327148438,70.89129638671875,28080,0.0,0.0
2023-06-06 11:30:00-04:00,70.8499984741211,71.16999816894531,70.81999969482422,70.91100311279297,23289,0.0,0.0
2023-06-06 12:30:00-04:00,70.90499877929688,70.97000122070312,69.8550033569336,69.90499877929688,41866,0.0,0.0
2023-06-06 13:30:00-04:00,69.8949966430664,70.43000030517578,69.8949966430664,70.43000030517578,25120,0.0,0.0
2023-06-06 14:30:00-04:00,70.37999725341797,71.11000061035156,70.37000274658203,70.97000122070312,69364,0.0,0.0
2023-06-06 15:30:00-04:00,70.94989776611328,71.25,70.66000366210938,70.66000366210938,84818,0.0,0.0
2023-06-07 09:30:00-04:00,71.0,73.13990020751953,71.0,72.7699966430664,75867,0.0,0.0
2023-06-07 10:30:00-04:00,72.83000183105469,73.44999694824219,72.4000015258789,73.06999969482422,63206,0.0,0.0
2023-06-07 11:30:00-04:00,73.04000091552734,73.20999908447266,72.36000061035156,72.69999694824219,42179,0.0,0.0
2023-06-07 12:30:00-04:00,72.74500274658203,73.12000274658203,72.63999938964844,72.87000274658203,35484,0.0,0.0
2023-06-07 13:30:00-04:00,72.81999969482422,73.37999725341797,72.68000030517578,73.19000244140625,41287,0.0,0.0
2023-06-07 14:30:00-04:00,73.2750015258789,73.62999725341797,73.16999816894531,73.43000030517578,47235,0.0,0.0
2023-06-07 15:30:00-04:00,73.43499755859375,73.51000213623047,73.12999725341797,73.31999969482422,129621,0.0,0.0
2023-06-08 09:30:00-04:00,72.91000366210938,73.48500061035156,71.9000015258789,72.30000305175781,143092,0.0,0.0
2023-06-08 10:30:00-04:00,72.37999725341797,72.80999755859375,72.0999984741211,72.80999755859375,46434,0.0,0.0
2023-06-08 11:30:00-04:00,72.86000061035156,73.08000183105469,72.19999694824219,72.38999938964844,42045,0.0,0.0
2023-06-08 12:30:00-04:00,72.33999633789062,72.83000183105469,72.08999633789062,72.83000183105469,24757,0.0,0.0
2023-06-08 13:30:00-04:00,72.83000183105469,72.87999725341797,72.43000030517578,72.7699966430664,26544,0.0,0.0
2023-06-08 14:30:00-04:00,72.80999755859375,72.95999908447266,72.62000274658203,72.68499755859375,33508,0.0,0.0
2023-06-08 15:30:00-04:00,72.69000244140625,72.75,72.5250015258789,72.66000366210938,68972,0.0,0.0
2023-06-09 09:30:00-04:00,72.66000366210938,73.36849975585938,71.51000213623047,71.5999984741211,45487,0.0,0.0
2023-06-09 10:30:00-04:00,71.68000030517578,71.85600280761719,71.3499984741211,71.41999816894531,60523,0.0,0.0
2023-06-09 11:30:00-04:00,71.41000366210938,71.52999877929688,71.25,71.4000015258789,19408,0.0,0.0
2023-06-09 12:30:00-04:00,71.4000015258789,71.78500366210938,71.38999938964844,71.55999755859375,65708,0.0,0.0
2023-06-09 13:30:00-04:00,71.5999984741211,71.76000213623047,71.55000305175781,71.66999816894531,35416,0.0,0.0
2023-06-09 14:30:00-04:00,71.6500015258789,71.6500015258789,71.37999725341797,71.56999969482422,34863,0.0,0.0
2023-06-09 15:30:00-04:00,71.58499908447266,71.66999816894531,71.44999694824219,71.66000366210938,70194,0.0,0.0
2023-06-12 09:30:00-04:00,71.5999984741211,72.04000091552734,70.62000274658203,71.31639862060547,44047,0.0,0.0
2023-06-12 10:30:00-04:00,71.19499969482422,72.01000213623047,71.0,71.69999694824219,30165,0.0,0.0
2023-06-12 11:30:00-04:00,71.69999694824219,71.80999755859375,71.5199966430664,71.54000091552734,21277,0.0,0.0
2023-06-12 12:30:00-04:00,71.61000061035156,72.05000305175781,71.56999969482422,71.94000244140625,27209,0.0,0.0
2023-06-12 13:30:00-04:00,72.00499725341797,72.12999725341797,71.8949966430664,72.12999725341797,20064,0.0,0.0
2023-06-12 14:30:00-04:00,72.1500015258789,72.40899658203125,71.93000030517578,72.40899658203125,27682,0.0,0.0
2023-06-12 15:30:00-04:00,72.38500213623047,72.41000366210938,71.83999633789062,72.19999694824219,63613,0.0,0.0
2023-06-13 09:30:00-04:00,72.36000061035156,73.45999908447266,72.02999877929688,73.2300033569336,22071,0.0,0.0
2023-06-13 10:30:00-04:00,73.19000244140625,73.22000122070312,72.66500091552734,72.76499938964844,23526,0.0,0.0
2023-06-13 11:30:00-04:00,72.79000091552734,72.79000091552734,72.29000091552734,72.41999816894531,17051,0.0,0.0
2023-06-13 12:30:00-04:00,72.58000183105469,72.7300033569336,72.4000015258789,72.5199966430664,18128,0.0,0.0
2023-06-13 13:30:00-04:00,72.61000061035156,72.91999816894531,72.51000213623047,72.70500183105469,22907,0.0,0.0
2023-06-13 14:30:00-04:00,72.62999725341797,73.37000274658203,72.61000061035156,72.95999908447266,32307,0.0,0.0
2023-06-13 15:30:00-04:00,72.94999694824219,73.20999908447266,72.7750015258789,73.04000091552734,68626,0.0,0.0
2023-06-14 09:30:00-04:00,73.0,73.66999816894531,71.88999938964844,71.9800033569336,34512,0.0,0.0
2023-06-14 10:30:00-04:00,71.94999694824219,72.2249984741211,71.76000213623047,72.0199966430664,36820,0.0,0.0
2023-06-14 11:30:00-04:00,72.0199966430664,72.18000030517578,71.68000030517578,71.68000030517578,25048,0.0,0.0
2023-06-14 12:30:00-04:00,71.75,71.7699966430664,71.39749908447266,71.5,46251,0.0,0.0
2023-06-14 13:30:00-04:00,71.5250015258789,71.56999969482422,70.87999725341797,70.95999908447266,52051,0.0,0.0
2023-06-14 14:30:00-04:00,71.0,71.71499633789062,70.94999694824219,71.18250274658203,84673,0.0,0.0
2023-06-14 15:30:00-04:00,71.12999725341797,71.55000305175781,70.94999694824219,71.26000213623047,99876,0.0,0.0
2023-06-15 09:30:00-04:00,70.9800033569336,71.48999786376953,70.58000183105469,71.23999786376953,40823,0.0,0.0
2023-06-15 10:30:00-04:00,71.2699966430664,71.97000122070312,71.06999969482422,71.97000122070312,55352,0.0,0.0
2023-06-15 11:30:00-04:00,72.08000183105469,72.0999984741211,71.51000213623047,71.62000274658203,54240,0.0,0.0
2023-06-15 12:30:00-04:00,71.61000061035156,71.73999786376953,71.3949966430664,71.44000244140625,29532,0.0,0.0
2023-06-15 13:30:00-04:00,71.44999694824219,72.19000244140625,71.44999694824219,71.91999816894531,28347,0.0,0.0
2023-06-15 14:30:00-04:00,71.93000030517578,72.2300033569336,71.93000030517578,72.05000305175781,42176,0.0,0.0
2023-06-15 15:30:00-04:00,72.05999755859375,72.62000274658203,72.04000091552734,72.44999694824219,100900,0.0,0.0
2023-06-16 09:30:00-04:00,73.16000366210938,73.16000366210938,72.3499984741211,72.4000015258789,95161,0.0,0.0
2023-06-16 10:30:00-04:00,72.44000244140625,72.58000183105469,71.88999938964844,71.95999908447266,20016,0.0,0.0
2023-06-16 11:30:00-04:00,72.06500244140625,72.08000183105469,71.76000213623047,72.08000183105469,17912,0.0,0.0
2023-06-16 12:30:00-04:00,72.08000183105469,72.33000183105469,72.03569793701172,72.06999969482422,20927,0.0,0.0
2023-06-16 13:30:00-04:00,72.1050033569336,72.1050033569336,71.79000091552734,71.9800033569336,18383,0.0,0.0
2023-06-16 14:30:00-04:00,72.0,72.36000061035156,71.94999694824219,72.12000274658203,47647,0.0,0.0
2023-06-16 15:30:00-04:00,72.13999938964844,72.28900146484375,71.77999877929688,72.23999786376953,65282,0.0,0.0
2023-06-20 09:30:00-04:00,71.25499725341797,72.27999877929688,71.19000244140625,71.70999908447266,55146,0.0,0.0
2023-06-20 10:30:00-04:00,71.68000030517578,72.01499938964844,71.66999816894531,71.80000305175781,18592,0.0,0.0
2023-06-20 11:30:00-04:00,71.80000305175781,71.9000015258789,71.74009704589844,71.875,11037,0.0,0.0
2023-06-20 12:30:00-04:00,71.83999633789062,71.91999816894531,71.51000213623047,71.63999938964844,30788,0.0,0.0
2023-06-20 13:30:00-04:00,71.66000366210938,71.66000366210938,71.44999694824219,71.44999694824219,17419,0.0,0.0
2023-06-20 14:30:00-04:00,71.44000244140625,71.94000244140625,71.33999633789062,71.9000015258789,22156,0.0,0.0
2023-06-20 15:30:00-04:00,71.87000274658203,72.16999816894531,71.79000091552734,72.16999816894531,44683,0.0,0.0
2023-06-21 09:30:00-04:00,71.51000213623047,71.80500030517578,70.65799713134766,71.52999877929688,50929,0.0,0.0
2023-06-21 10:30:00-04:00,71.37999725341797,71.52999877929688,70.77999877929688,70.94999694824219,40439,0.0,0.0
2023-06-21 11:30:00-04:00,70.95999908447266,71.05000305175781,70.80000305175781,71.01499938964844,27097,0.0,0.0
2023-06-21 12:30:00-04:00,71.0,71.0907974243164,70.5,70.7699966430664,41724,0.0,0.0
2023-06-21 13:30:00-04:00,70.73999786376953,71.48999786376953,70.7300033569336,71.36000061035156,78993,0.0,0.0
2023-06-21 14:30:00-04:00,71.41999816894531,71.44000244140625,70.96499633789062,71.31500244140625,77700,0.0,0.0
2023-06-21 15:30:00-04:00,71.44000244140625,71.44000244140625,71.05000305175781,71.31999969482422,67079,0.0,0.0
2023-06-22 09:30:00-04:00,71.33000183105469,71.50499725341797,69.86309814453125,70.1875,45554,0.0,0.0
2023-06-22 10:30:00-04:00,70.19499969482422,70.20999908447266,69.16999816894531,69.4000015258789,52572,0.0,0.0
2023-06-22 11:30:00-04:00,69.52999877929688,69.56999969482422,69.12999725341797,69.19999694824219,56996,0.0,0.0
2023-06-22 12:30:00-04:00,69.19000244140625,69.37000274658203,68.7699966430664,69.08000183105469,41167,0.0,0.0
2023-06-22 13:30:00-04:00,69.12000274658203,69.70500183105469,69.02999877929688,69.5,49230,0.0,0.0
2023-06-22 14:30:00-04:00,69.56999969482422,69.69249725341797,69.46499633789062,69.4800033569336,58296,0.0,0.0
2023-06-22 15:30:00-04:00,69.4749984741211,69.58999633789062,69.30999755859375,69.5199966430664,94866,0.0,0.0
2023-06-23 09:30:00-04:00,68.66999816894531,68.87000274658203,67.76000213623047,68.33000183105469,33325,0.0,0.0
2023-06-23 10:30:00-04:00,68.3499984741211,68.66000366210938,68.27999877929688,68.56999969482422,26395,0.0,0.0
2023-06-23 11:30:00-04:00,68.58000183105469,68.74500274658203,68.5199966430664,68.5999984741211,21733,0.0,0.0
2023-06-23 12:30:00-04:00,68.66999816894531,68.68000030517578,68.36499786376953,68.38999938964844,17236,0.0,0.0
2023-06-23 13:30:00-04:00,68.41999816894531,68.75,68.29000091552734,68.29000091552734,41105,0.0,0.0
2023-06-23 14:30:00-04:00,68.27999877929688,68.33999633789062,67.87999725341797,67.88999938964844,40337,0.0,0.0
2023-06-23 15:30:00-04:00,67.87000274658203,68.2300033569336,67.87000274658203,68.0999984741211,85155,0.0,0.0
2023-06-26 09:30:00-04:00,68.20999908447266,69.33999633789062,67.94999694824219,68.20999908447266,33559,0.0,0.0
2023-06-26 10:30:00-04:00,68.29000091552734,68.43000030517578,68.0199966430664,68.1698989868164,21598,0.0,0.0
2023-06-26 11:30:00-04:00,68.16999816894531,68.23999786376953,67.91000366210938,67.93000030517578,20429,0.0,0.0
2023-06-26 12:30:00-04:00,67.87000274658203,68.34500122070312,67.80000305175781,68.16999816894531,19794,0.0,0.0
2023-06-26 13:30:00-04:00,68.22000122070312,68.4000015258789,68.19999694824219,68.34500122070312,19341,0.0,0.0
2023-06-26 14:30:00-04:00,68.44999694824219,68.5199966430664,68.36000061035156,68.4000015258789,25358,0.0,0.0
2023-06-26 15:30:00-04:00,68.37999725341797,68.41999816894531,67.86000061035156,67.86000061035156,41734,0.0,0.0
2023-06-27 09:30:00-04:00,67.94999694824219,68.0,67.61000061035156,67.87750244140625,31751,0.0,0.0
2023-06-27 10:30:00-04:00,67.83000183105469,68.05000305175781,67.79000091552734,67.9000015258789,44595,0.0,0.0
2023-06-27 11:30:00-04:00,67.94000244140625,68.36000061035156,67.9000015258789,68.36000061035156,32573,0.0,0.0
2023-06-27 12:30:00-04:00,68.33000183105469,68.4800033569336,68.08999633789062,68.31999969482422,36274,0.0,0.0
2023-06-27 13:30:00-04:00,68.31999969482422,68.4800033569336,68.2300033569336,68.44000244140625,67474,0.0,0.0
2023-06-27 14:30:00-04:00,68.43499755859375,68.83000183105469,68.37999725341797,68.81999969482422,82351,0.0,0.0
2023-06-27 15:30:00-04:00,68.81999969482422,69.12000274658203,68.51000213623047,68.58000183105469,73583,0.0,0.0
2023-06-28 09:30:00-04:00,68.44000244140625,69.44999694824219,67.75,69.29000091552734,38314,0.0,0.0
2023-06-28 10:30:00-04:00,69.48999786376953,69.6530990600586,69.0,69.19499969482422,15015,0.0,0.0
2023-06-28 11:30:00-04:00,69.30000305175781,69.43499755859375,68.94999694824219,68.9800033569336,14147,0.0,0.0
2023-06-28 12:30:00-04:00,68.9749984741211,69.16000366210938,68.69000244140625,69.1520004272461,20166,0.0,0.0
2023-06-28 13:30:00-04:00,69.16000366210938,69.30500030517578,68.99500274658203,69.2300033569336,16565,0.0,0.0
2023-06-28 14:30:00-04:00,69.2300033569336,69.36000061035156,69.05999755859375,69.17500305175781,23138,0.0,0.0
2023-06-28 15:30:00-04:00,69.16000366210938,69.51000213623047,69.16000366210938,69.33999633789062,50139,0.0,0.0
2023-06-29 09:30:00-04:00,69.22000122070312,70.38999938964844,68.75,70.07499694824219,35359,0.0,0.0
2023-06-29 10:30:00-04:00,70.06500244140625,70.06500244140625,69.52999877929688,69.63999938964844,28995,0.0,0.0
2023-06-29 11:30:00-04:00,69.75,69.86000061035156,69.56999969482422,69.77999877929688,15302,0.0,0.0
2023-06-29 12:30:00-04:00,69.87000274658203,70.5,69.87000274658203,70.45500183105469,23296,0.0,0.0
2023-06-29 13:30:00-04:00,70.45500183105469,70.66000366210938,70.0199966430664,70.30999755859375,46085,0.0,0.0
2023-06-29 14:30:00-04:00,70.31999969482422,70.53500366210938,70.04000091552734,70.41999816894531,43113,0.0,0.0
2023-06-29 15:30:00-04:00,70.44999694824219,70.94000244140625,70.43000030517578,70.87999725341797,77831,0.0,0.0
2023-06-30 09:30:00-04:00,71.51000213623047,71.68000030517578,70.92500305175781,71.38999938964844,0,0.0,0.0
2023-06-30 10:30:00-04:00,71.47000122070312,72.00499725341797,71.37999725341797,71.93000030517578,22492,0.0,0.0
2023-06-30 11:30:00-04:00,71.98500061035156,72.4000015258789,71.87999725341797,72.4000015258789,17136,0.0,0.0
2023-06-30 12:30:00-04:00,72.4000015258789,72.62999725341797,72.25499725341797,72.30999755859375,22888,0.0,0.0
2023-06-30 13:30:00-04:00,72.2699966430664,72.27749633789062,72.0999984741211,72.26000213623047,15529,0.0,0.0
2023-06-30 14:30:00-04:00,72.25,72.43000030517578,72.16999816894531,72.19999694824219,28349,0.0,0.0
2023-06-30 15:30:00-04:00,72.19999694824219,72.25,72.0199966430664,72.11000061035156,58930,0.0,0.0
2023-07-03 09:30:00-04:00,71.66000366210938,72.70999908447266,71.44999694824219,71.98999786376953,32077,0.0,0.0
2023-07-03 10:30:00-04:00,72.08000183105469,72.12000274658203,70.97000122070312,71.5199966430664,21911,0.0,0.0
2023-07-03 11:30:00-04:00,71.33499908447266,71.48999786376953,71.2699966430664,71.43000030517578,18426,0.0,0.0
2023-07-05 09:30:00-04:00,70.72000122070312,70.87999725341797,70.16999816894531,70.80000305175781,20117,0.0,0.0
2023-07-05 10:30:00-04:00,70.80500030517578,70.90799713134766,70.44999694824219,70.72000122070312,12486,0.0,0.0
2023-07-05 11:30:00-04:00,70.73999786376953,71.01000213623047,70.50499725341797,70.51000213623047,12693,0.0,0.0
2023-07-05 12:30:00-04:00,70.45999908447266,70.48999786376953,70.26000213623047,70.4800033569336,16455,0.0,0.0
2023-07-05 13:30:00-04:00,70.47000122070312,70.62999725341797,70.12999725341797,70.12999725341797,22671,0.0,0.0
2023-07-05 14:30:00-04:00,70.16000366210938,70.37000274658203,70.02999877929688,70.25,28541,0.0,0.0
2023-07-05 15:30:00-04:00,70.19000244140625,70.20999908447266,69.76000213623047,69.95999908447266,59161,0.0,0.0
2023-07-06 09:30:00-04:00,69.12999725341797,69.45999908447266,68.91500091552734,68.94000244140625,22440,0.0,0.0
2023-07-06 10:30:00-04:00,68.83000183105469,68.9000015258789,68.45999908447266,68.51000213623047,24765,0.0,0.0
2023-07-06 11:30:00-04:00,68.5199966430664,68.75,68.5199966430664,68.62999725341797,18542,0.0,0.0
2023-07-06 12:30:00-04:00,68.70999908447266,69.22000122070312,68.69000244140625,69.12000274658203,17140,0.0,0.0
2023-07-06 13:30:00-04:00,69.16000366210938,69.22000122070312,68.9749984741211,69.05000305175781,19126,0.0,0.0
2023-07-06 14:30:00-04:00,69.1050033569336,69.3499984741211,69.06999969482422,69.18000030517578,19473,0.0,0.0
2023-07-06 15:30:00-04:00,69.19999694824219,69.43000030517578,69.05000305175781,69.41000366210938,42904,0.0,0.0
2023-07-07 09:30:00-04:00,69.55999755859375,70.51000213623047,69.55999755859375,70.37000274658203,49464,0.0,0.0
2023-07-07 10:30:00-04:00,70.45999908447266,70.77999877929688,70.30000305175781,70.77999877929688,20594,0.0,0.0
2023-07-07 11:30:00-04:00,70.80999755859375,70.86000061035156,70.45999908447266,70.56999969482422,12471,0.0,0.0
2023-07-07 12:30:00-04:00,70.62000274658203,70.8499984741211,70.62000274658203,70.72000122070312,10743,0.0,0.0
2023-07-07 13:30:00-04:00,70.68000030517578,71.08999633789062,70.63999938964844,71.08999633789062,29824,0.0,0.0
2023-07-07 14:30:00-04:00,71.08999633789062,71.0999984741211,70.5,70.69000244140625,24895,0.0,0.0
2023-07-07 15:30:00-04:00,70.6500015258789,70.69000244140625,70.1500015258789,70.23999786376953,35231,0.0,0.0
2023-07-10 09:30:00-04:00,69.81999969482422,71.36000061035156,69.76499938964844,70.66999816894531,21786,0.0,0.0
2023-07-10 10:30:00-04:00,70.80000305175781,71.12999725341797,70.6093978881836,70.93000030517578,15105,0.0,0.0
2023-07-10 11:30:00-04:00,71.13999938964844,71.2750015258789,71.0199966430664,71.2699966430664,8874,0.0,0.0
2023-07-10 12:30:00-04:00,71.23500061035156,71.54000091552734,71.23500061035156,71.3499984741211,13958,0.0,0.0
2023-07-10 13:30:00-04:00,71.33999633789062,71.51000213623047,71.32009887695312,71.41000366210938,18114,0.0,0.0
2023-07-10 14:30:00-04:00,71.43000030517578,71.5,71.33999633789062,71.4000015258789,23473,0.0,0.0
2023-07-10 15:30:00-04:00,71.4000015258789,71.75,71.38999938964844,71.75,40447,0.0,0.0
2023-07-11 09:30:00-04:00,71.81999969482422,72.16000366210938,71.36000061035156,71.63500213623047,34898,0.0,0.0
2023-07-11 10:30:00-04:00,71.52999877929688,71.58499908447266,71.13999938964844,71.13999938964844,24235,0.0,0.0
2023-07-11 11:30:00-04:00,71.16999816894531,71.93000030517578,71.16999816894531,71.6050033569336,48699,0.0,0.0
2023-07-11 12:30:00-04:00,71.61499786376953,71.875,71.55999755859375,71.875,19025,0.0,0.0
2023-07-11 13:30:00-04:00,71.9000015258789,72.04000091552734,71.6500015258789,71.73999786376953,17399,0.0,0.0
2023-07-11 14:30:00-04:00,71.7699966430664,71.87999725341797,71.57009887695312,71.83999633789062,14956,0.0,0.0
2023-07-11 15:30:00-04:00,71.8499984741211,72.08000183105469,71.79000091552734,72.01000213623047,32894,0.0,0.0
2023-07-12 09:30:00-04:00,72.06999969482422,73.0999984741211,71.81999969482422,72.11000061035156,26942,0.0,0.0
2023-07-12 10:30:00-04:00,72.1500015258789,72.4749984741211,72.0199966430664,72.38189697265625,36846,0.0,0.0
2023-07-12 11:30:00-04:00,72.40499877929688,72.58000183105469,72.25,72.33000183105469,16078,0.0,0.0
2023-07-12 12:30:00-04:00,72.37000274658203,72.70500183105469,72.3499984741211,72.66000366210938,18798,0.0,0.0
2023-07-12 13:30:00-04:00,72.66999816894531,72.73500061035156,72.6500015258789,72.73500061035156,11591,0.0,0.0
2023-07-12 14:30:00-04:00,72.70999908447266,72.7699966430664,72.55000305175781,72.63999938964844,18818,0.0,0.0
2023-07-12 15:30:00-04:00,72.62999725341797,72.87999725341797,72.61750030517578,72.7300033569336,32503,0.0,0.0
2023-07-13 09:30:00-04:00,72.91999816894531,73.16999816894531,72.41999816894531,72.5999984741211,24569,0.0,0.0
2023-07-13 10:30:00-04:00,72.5999984741211,72.66999816894531,72.30999755859375,72.5,9809,0.0,0.0
2023-07-13 11:30:00-04:00,72.43000030517578,72.7300033569336,72.41000366210938,72.63999938964844,8592,0.0,0.0
2023-07-13 12:30:00-04:00,72.54000091552734,72.7699966430664,72.41000366210938,72.76000213623047,13091,0.0,0.0
2023-07-13 13:30:00-04:00,72.66999816894531,72.70999908447266,72.13999938964844,72.30999755859375,16049,0.0,0.0
2023-07-13 14:30:00-04:00,72.26000213623047,72.30999755859375,71.97000122070312,72.12000274658203,30506,0.0,0.0
2023-07-13 15:30:00-04:00,72.12000274658203,72.2300033569336,71.94999694824219,71.9749984741211,47244,0.0,0.0
2023-07-14 09:30:00-04:00,71.58999633789062,71.58999633789062,71.04000091552734,71.05500030517578,23769,0.0,0.0
2023-07-14 10:30:00-04:00,70.91000366210938,71.30999755859375,70.7699966430664,71.19000244140625,35537,0.0,0.0
2023-07-14 11:30:00-04:00,71.20999908447266,71.20999908447266,70.88500213623047,70.95999908447266,13438,0.0,0.0
2023-07-14 12:30:00-04:00,70.95999908447266,71.32499694824219,70.93000030517578,71.26000213623047,43384,0.0,0.0
2023-07-14 13:30:00-04:00,71.25,71.56500244140625,71.20999908447266,71.30000305175781,24077,0.0,0.0
2023-07-14 14:30:00-04:00,71.2699966430664,71.44999694824219,71.19999694824219,71.33000183105469,18316,0.0,0.0
2023-07-14 15:30:00-04:00,71.3499984741211,71.41000366210938,71.19000244140625,71.3499984741211,61878,0.0,0.0
2023-07-17 09:30:00-04:00,71.38999938964844,72.02999877929688,71.19000244140625,71.51000213623047,43150,0.0,0.0
2023-07-17 10:30:00-04:00,71.57499694824219,72.0,71.51000213623047,71.94000244140625,36389,0.0,0.0
2023-07-17 11:30:00-04:00,72.0,72.41999816894531,71.94999694824219,72.29000091552734,59763,0.0,0.0
2023-07-17 12:30:00-04:00,72.33999633789062,73.55999755859375,72.31999969482422,73.41999816894531,51834,0.0,0.0
2023-07-17 13:30:00-04:00,73.36000061035156,73.75,73.25499725341797,73.75,34961,0.0,0.0
2023-07-17 14:30:00-04:00,73.73999786376953,73.98999786376953,73.37999725341797,73.97000122070312,57449,0.0,0.0
2023-07-17 15:30:00-04:00,73.94499969482422,74.20999908447266,73.56999969482422,73.56999969482422,110645,0.0,0.0
2023-07-18 09:30:00-04:00,73.9800033569336,75.18000030517578,73.23999786376953,75.0199966430664,56642,0.0,0.0
2023-07-18 10:30:00-04:00,75.08999633789062,75.44000244140625,74.95500183105469,75.44000244140625,31899,0.0,0.0
2023-07-18 11:30:00-04:00,75.47000122070312,76.33999633789062,75.41999816894531,75.82499694824219,55215,0.0,0.0
2023-07-18 12:30:00-04:00,75.91000366210938,76.04499816894531,75.72000122070312,75.77999877929688,28429,0.0,0.0
2023-07-18 13:30:00-04:00,75.77999877929688,75.91999816894531,75.20999908447266,75.91000366210938,37244,0.0,0.0
2023-07-18 14:30:00-04:00,75.88999938964844,75.9000015258789,75.41999816894531,75.5,39513,0.0,0.0
2023-07-18 15:30:00-04:00,75.48500061035156,76.0999984741211,75.43000030517578,75.79000091552734,82728,0.0,0.0
2023-07-19 09:30:00-04:00,76.0199966430664,76.0199966430664,74.91999816894531,75.23999786376953,23616,0.0,0.0
2023-07-19 10:30:00-04:00,75.24500274658203,75.45999908447266,75.06999969482422,75.06999969482422,20560,0.0,0.0
2023-07-19 11:30:00-04:00,75.08000183105469,75.58000183105469,74.93000030517578,74.97000122070312,38336,0.0,0.0
2023-07-19 12:30:00-04:00,74.9800033569336,75.30999755859375,74.91999816894531,75.09500122070312,18043,0.0,0.0
2023-07-19 13:30:00-04:00,75.05000305175781,75.25,74.86000061035156,74.86000061035156,17193,0.0,0.0
2023-07-19 14:30:00-04:00,74.91999816894531,74.94999694824219,74.5,74.83000183105469,28827,0.0,0.0
2023-07-19 15:30:00-04:00,74.80999755859375,74.95999908447266,74.44999694824219,74.47000122070312,65599,0.0,0.0
2023-07-20 09:30:00-04:00,74.48999786376953,75.1500015258789,74.0,74.58000183105469,46517,0.0,0.0
2023-07-20 10:30:00-04:00,74.66000366210938,75.5199966430664,74.66000366210938,75.27999877929688,47548,0.0,0.0
2023-07-20 11:30:00-04:00,75.2750015258789,75.54000091552734,75.04000091552734,75.19499969482422,41509,0.0,0.0
2023-07-20 12:30:00-04:00,75.19000244140625,75.24500274658203,74.87000274658203,75.09500122070312,50401,0.0,0.0
2023-07-20 13:30:00-04:00,75.08999633789062,75.36000061035156,75.01499938964844,75.01499938964844,28563,0.0,0.0
2023-07-20 14:30:00-04:00,75.0,75.48999786376953,75.0,75.26200103759766,40173,0.0,0.0
2023-07-20 15:30:00-04:00,75.30000305175781,75.44499969482422,75.0199966430664,75.06999969482422,84563,0.0,0.0
2023-07-21 09:30:00-04:00,75.62999725341797,76.63999938964844,75.13999938964844,75.30999755859375,50413,0.0,0.0
2023-07-21 10:30:00-04:00,75.08000183105469,75.44499969482422,75.08000183105469,75.25,21015,0.0,0.0
2023-07-21 11:30:00-04:00,75.3550033569336,75.3550033569336,74.81999969482422,74.81999969482422,14204,0.0,0.0
2023-07-21 12:30:00-04:00,74.79000091552734,75.12999725341797,74.79000091552734,75.06999969482422,16372,0.0,0.0
2023-07-21 13:30:00-04:00,75.03500366210938,75.31500244140625,74.94999694824219,75.18000030517578,22741,0.0,0.0
2023-07-21 14:30:00-04:00,75.18000030517578,75.375,75.1449966430664,75.33000183105469,32379,0.0,0.0
2023-07-21 15:30:00-04:00,75.375,75.58999633789062,75.30999755859375,75.31999969482422,81442,0.0,0.0
2023-07-24 09:30:00-04:00,75.41999816894531,76.11000061035156,74.51499938964844,74.79000091552734,22537,0.0,0.0
2023-07-24 10:30:00-04:00,74.73999786376953,74.81999969482422,74.27999877929688,74.51000213623047,31137,0.0,0.0
2023-07-24 11:30:00-04:00,74.55999755859375,75.14990234375,74.55999755859375,75.05999755859375,21397,0.0,0.0
2023-07-24 12:30:00-04:00,75.04000091552734,75.48999786376953,75.01570129394531,75.4800033569336,33924,0.0,0.0
2023-07-24 13:30:00-04:00,75.48999786376953,75.76000213623047,75.41999816894531,75.64309692382812,44615,0.0,0.0
2023-07-24 14:30:00-04:00,75.62999725341797,75.91000366210938,75.45500183105469,75.62000274658203,61950,0.0,0.0
2023-07-24 15:30:00-04:00,75.55000305175781,75.75,75.43000030517578,75.43000030517578,79008,0.0,0.0
2023-07-25 09:30:00-04:00,75.43000030517578,76.43000030517578,75.43000030517578,76.26000213623047,21434,0.0,0.0
2023-07-25 10:30:00-04:00,76.12999725341797,76.5,76.01000213623047,76.19000244140625,17761,0.0,0.0
2023-07-25 11:30:00-04:00,76.3550033569336,76.51000213623047,76.12000274658203,76.37999725341797,16723,0.0,0.0
2023-07-25 12:30:00-04:00,76.4000015258789,76.625,76.19999694824219,76.44999694824219,27310,0.0,0.0
2023-07-25 13:30:00-04:00,76.4800033569336,76.69999694824219,76.3499984741211,76.63500213623047,16814,0.0,0.0
2023-07-25 14:30:00-04:00,76.69999694824219,76.93000030517578,76.56999969482422,76.58499908447266,32758,0.0,0.0
2023-07-25 15:30:00-04:00,76.55999755859375,76.58000183105469,76.29499816894531,76.36000061035156,65175,0.0,0.0
2023-07-26 09:30:00-04:00,76.4800033569336,76.77999877929688,75.80500030517578,76.33499908447266,16309,0.0,0.0
2023-07-26 10:30:00-04:00,76.16000366210938,76.23500061035156,75.8499984741211,76.20500183105469,15535,0.0,0.0
2023-07-26 11:30:00-04:00,76.22000122070312,76.30500030517578,76.06999969482422,76.06999969482422,17672,0.0,0.0
2023-07-26 12:30:00-04:00,76.11000061035156,76.12000274658203,75.87000274658203,76.12000274658203,15780,0.0,0.0
2023-07-26 13:30:00-04:00,76.1500015258789,76.36000061035156,76.0999984741211,76.25,16582,0.0,0.0
2023-07-26 14:30:00-04:00,76.34500122070312,76.77999877929688,76.22000122070312,76.28500366210938,27152,0.0,0.0
2023-07-26 15:30:00-04:00,76.31500244140625,76.46499633789062,76.0999984741211,76.29000091552734,44743,0.0,0.0
2023-07-27 09:30:00-04:00,76.63999938964844,76.63999938964844,75.58000183105469,75.70500183105469,12869,0.0,0.0
2023-07-27 10:30:00-04:00,75.70999908447266,75.94000244140625,75.52999877929688,75.81999969482422,22348,0.0,0.0
2023-07-27 11:30:00-04:00,75.7300033569336,76.33000183105469,75.7300033569336,76.33000183105469,14814,0.0,0.0
2023-07-27 12:30:00-04:00,76.33000183105469,76.3499984741211,75.78500366210938,75.78500366210938,10579,0.0,0.0
2023-07-27 13:30:00-04:00,75.69999694824219,76.08000183105469,75.54000091552734,75.54000091552734,14360,0.0,0.0
2023-07-27 14:30:00-04:00,75.58999633789062,75.6500015258789,75.37999725341797,75.37999725341797,20727,0.0,0.0
2023-07-27 15:30:00-04:00,75.41999816894531,75.77999877929688,75.33000183105469,75.73999786376953,46353,0.0,0.0
2023-07-28 09:30:00-04:00,76.0999984741211,76.81999969482422,75.87000274658203,75.88999938964844,57300,0.0,0.0
2023-07-28 10:30:00-04:00,75.86000061035156,76.12999725341797,75.62999725341797,75.97000122070312,31228,0.0,0.0
2023-07-28 11:30:00-04:00,76.0199966430664,76.30000305175781,75.88999938964844,76.16999816894531,21825,0.0,0.0
2023-07-28 12:30:00-04:00,76.16500091552734,76.44000244140625,75.91500091552734,75.96109771728516,22203,0.0,0.0
2023-07-28 13:30:00-04:00,75.91000366210938,76.31999969482422,75.91000366210938,76.31999969482422,15287,0.0,0.0
2023-07-28 14:30:00-04:00,76.33000183105469,76.59500122070312,76.2699966430664,76.5250015258789,16207,0.0,0.0
2023-07-28 15:30:00-04:00,76.48300170898438,76.66000366210938,76.44000244140625,76.51000213623047,50668,0.0,0.0
2023-07-31 09:30:00-04:00,76.56999969482422,77.8499984741211,76.56999969482422,77.58499908447266,29668,0.0,0.0
2023-07-31 10:30:00-04:00,77.62000274658203,77.87999725341797,77.58000183105469,77.8499984741211,20769,0.0,0.0
2023-07-31 11:30:00-04:00,77.80999755859375,78.16000366210938,77.38999938964844,78.16000366210938,29319,0.0,0.0
2023-07-31 12:30:00-04:00,78.13870239257812,78.30000305175781,78.0199966430664,78.19000244140625,29005,0.0,0.0
2023-07-31 13:30:00-04:00,78.19999694824219,78.41999816894531,78.13999938964844,78.24500274658203,23459,0.0,0.0
2023-07-31 14:30:00-04:00,78.26000213623047,78.43250274658203,78.22000122070312,78.38999938964844,34877,0.0,0.0
2023-07-31 15:30:00-04:00,78.38500213623047,78.79000091552734,78.33000183105469,78.69999694824219,86811,0.0,0.0
2023-08-01 09:30:00-04:00,78.30999755859375,78.4800033569336,77.80000305175781,77.88500213623047,32046,0.0,0.0
2023-08-01 10:30:00-04:00,77.88999938964844,78.2699966430664,77.72000122070312,78.18000030517578,20527,0.0,0.0
2023-08-01 11:30:00-04:00,78.16000366210938,78.3550033569336,78.04000091552734,78.16999816894531,13267,0.0,0.0
2023-08-01 12:30:00-04:00,78.16000366210938,78.3550033569336,78.0250015258789,78.1500015258789,21866,0.0,0.0
2023-08-01 13:30:00-04:00,78.1509017944336,78.70999908447266,78.1509017944336,78.51000213623047,20602,0.0,0.0
2023-08-01 14:30:00-04:00,78.55000305175781,78.62999725341797,78.43000030517578,78.5999984741211,41333,0.0,0.0
2023-08-01 15:30:00-04:00,78.5999984741211,78.5999984741211,78.34500122070312,78.5199966430664,60688,0.0,0.0
2023-08-02 09:30:00-04:00,77.52999877929688,78.4800033569336,76.80999755859375,76.9000015258789,44327,0.0,0.0
2023-08-02 10:30:00-04:00,77.0,77.42500305175781,76.25,77.42500305175781,47963,0.0,0.0
2023-08-02 11:30:00-04:00,77.30500030517578,77.5999984741211,76.98500061035156,77.25499725341797,40249,0.0,0.0
2023-08-02 12:30:00-04:00,77.21009826660156,77.71499633789062,77.20999908447266,77.5199966430664,32173,0.0,0.0
2023-08-02 13:30:00-04:00,77.55999755859375,77.76000213623047,77.31999969482422,77.3949966430664,37820,0.0,0.0
2023-08-02 14:30:00-04:00,77.45999908447266,77.5,76.79000091552734,76.79000091552734,49596,0.0,0.0
2023-08-02 15:30:00-04:00,76.80999755859375,77.06999969482422,76.66000366210938,76.69999694824219,148980,0.0,0.0
2023-08-03 09:30:00-04:00,79.0,79.98999786376953,74.206298828125,76.66000366210938,145525,0.0,0.0
2023-08-03 10:30:00-04:00,76.63999938964844,76.75,75.33000183105469,76.4800033569336,58002,0.0,0.0
2023-08-03 11:30:00-04:00,76.5,76.69499969482422,75.79000091552734,76.25,52857,0.0,0.0
2023-08-03 12:30:00-04:00,76.12999725341797,76.4800033569336,75.91999816894531,76.4800033569336,57310,0.0,0.0
2023-08-03 13:30:00-04:00,76.62999725341797,77.56999969482422,76.51000213623047,77.4000015258789,61197,0.0,0.0
2023-08-03 14:30:00-04:00,77.3949966430664,77.5,76.7750015258789,77.0999984741211,64554,0.0,0.0
2023-08-03 15:30:00-04:00,77.0999984741211,77.22000122070312,76.45999908447266,76.55000305175781,115376,0.0,0.0
2023-08-04 09:30:00-04:00,76.27999877929688,76.27999877929688,71.96499633789062,72.23500061035156,145735,0.0,0.0
2023-08-04 10:30:00-04:00,72.31500244140625,73.94000244140625,72.0199966430664,72.8499984741211,127243,0.0,0.0
2023-08-04 11:30:00-04:00,72.81500244140625,73.01499938964844,72.19000244140625,72.44999694824219,71664,0.0,0.0
2023-08-04 12:30:00-04:00,72.37999725341797,72.48999786376953,71.8499984741211,72.30000305175781,53164,0.0,0.0
2023-08-04 13:30:00-04:00,72.33999633789062,72.61000061035156,71.44000244140625,71.44999694824219,56655,0.0,0.0
2023-08-04 14:30:00-04:00,71.40249633789062,71.86000061035156,71.2699966430664,71.3949966430664,88166,0.0,0.0
2023-08-04 15:30:00-04:00,71.38500213623047,71.91999816894531,71.38500213623047,71.7699966430664,158511,0.0,0.0
2023-08-07 09:30:00-04:00,71.80000305175781,72.01000213623047,69.73999786376953,70.5999984741211,77407,0.0,0.0
2023-08-07 10:30:00-04:00,70.48999786376953,70.55999755859375,69.5999984741211,69.69000244140625,48001,0.0,0.0
2023-08-07 11:30:00-04:00,69.63999938964844,69.69000244140625,69.0999984741211,69.38999938964844,72167,0.0,0.0
2023-08-07 12:30:00-04:00,69.3499984741211,69.70500183105469,69.12000274658203,69.44000244140625,45942,0.0,0.0
2023-08-07 13:30:00-04:00,69.4800033569336,69.54000091552734,68.87999725341797,68.87999725341797,57797,0.0,0.0
2023-08-07 14:30:00-04:00,68.88999938964844,69.375,68.77999877929688,69.2699966430664,73916,0.0,0.0
2023-08-07 15:30:00-04:00,69.2699966430664,69.29000091552734,68.91000366210938,69.0999984741211,168312,0.0,0.0
2023-08-08 09:30:00-04:00,68.4800033569336,69.31999969482422,67.9800033569336,68.26000213623047,47325,0.0,0.0
2023-08-08 10:30:00-04:00,68.38999938964844,68.73999786376953,68.33499908447266,68.50499725341797,33190,0.0,0.0
2023-08-08 11:30:00-04:00,68.44000244140625,68.66000366210938,68.19000244140625,68.4800033569336,22995,0.0,0.0
2023-08-08 12:30:00-04:00,68.47000122070312,68.69000244140625,68.30000305175781,68.55999755859375,30578,0.0,0.0
2023-08-08 13:30:00-04:00,68.66000366210938,69.08999633789062,68.61000061035156,68.75499725341797,38824,0.0,0.0
2023-08-08 14:30:00-04:00,68.75499725341797,69.0999984741211,68.63500213623047,68.75,58737,0.0,0.0
2023-08-08 15:30:00-04:00,68.70999908447266,69.01000213623047,68.5999984741211,68.95500183105469,114219,0.0,0.0
2023-08-09 09:30:00-04:00,68.7300033569336,68.99500274658203,67.7699966430664,67.7699966430664,55065,0.0,0.0
2023-08-09 10:30:00-04:00,67.79000091552734,68.61000061035156,67.79000091552734,67.98999786376953,20414,0.0,0.0
2023-08-09 11:30:00-04:00,68.0,68.47750091552734,68.0,68.33999633789062,19733,0.0,0.0
2023-08-09 12:30:00-04:00,68.33999633789062,68.73999786376953,68.31500244140625,68.63999938964844,22284,0.0,0.0
2023-08-09 13:30:00-04:00,68.69999694824219,69.33000183105469,68.62000274658203,69.125,54149,0.0,0.0
2023-08-09 14:30:00-04:00,69.0999984741211,69.30000305175781,68.95999908447266,69.08999633789062,60455,0.0,0.0
2023-08-09 15:30:00-04:00,69.12999725341797,69.17500305175781,68.87000274658203,69.05000305175781,102621,0.0,0.0
2023-08-10 09:30:00-04:00,69.12999725341797,70.05000305175781,68.91500091552734,69.44999694824219,31304,0.0,0.0
2023-08-10 10:30:00-04:00,69.27999877929688,69.43499755859375,68.91999816894531,69.33000183105469,37965,0.0,0.0
2023-08-10 11:30:00-04:00,69.36000061035156,69.54000091552734,68.91000366210938,69.16000366210938,30961,0.0,0.0
2023-08-10 12:30:00-04:00,69.1500015258789,69.58000183105469,69.0999984741211,69.36000061035156,73578,0.0,0.0
2023-08-10 13:30:00-04:00,69.25,70.2300033569336,69.19999694824219,70.16500091552734,36024,0.0,0.0
2023-08-10 14:30:00-04:00,70.13500213623047,70.3499984741211,69.98249816894531,70.04499816894531,43230,0.0,0.0
2023-08-10 15:30:00-04:00,70.0999984741211,70.30999755859375,70.02999877929688,70.23999786376953,83509,0.0,0.0
2023-08-11 09:30:00-04:00,70.19000244140625,70.45999908447266,69.67500305175781,70.1500015258789,21181,0.0,0.0
2023-08-11 10:30:00-04:00,70.20999908447266,70.41000366210938,69.97000122070312,70.0250015258789,29610,0.0,0.0
2023-08-11 11:30:00-04:00,70.01000213623047,70.55999755859375,69.98500061035156,70.30999755859375,34300,0.0,0.0
2023-08-11 12:30:00-04:00,70.33000183105469,70.3949966430664,70.07499694824219,70.3949966430664,26217,0.0,0.0
2023-08-11 13:30:00-04:00,70.3499984741211,70.61000061035156,70.31999969482422,70.54000091552734,40969,0.0,0.0
2023-08-11 14:30:00-04:00,70.54000091552734,70.91000366210938,70.47000122070312,70.88999938964844,54023,0.0,0.0
2023-08-11 15:30:00-04:00,70.9000015258789,71.1500015258789,70.83999633789062,70.98999786376953,101567,0.0,0.0
2023-08-14 09:30:00-04:00,70.87000274658203,70.94000244140625,69.77999877929688,69.97000122070312,17298,0.0,0.0
2023-08-14 10:30:00-04:00,70.02999877929688,71.01000213623047,69.97000122070312,71.00499725341797,19248,0.0,0.0
2023-08-14 11:30:00-04:00,71.0199966430664,71.2300033569336,70.86160278320312,70.9000015258789,18499,0.0,0.0
2023-08-14 12:30:00-04:00,70.83999633789062,71.33000183105469,70.77999877929688,71.1500015258789,14074,0.0,0.0
2023-08-14 13:30:00-04:00,71.16999816894531,71.29000091552734,71.05000305175781,71.26499938964844,18508,0.0,0.0
2023-08-14 14:30:00-04:00,71.25,71.38999938964844,71.12000274658203,71.21499633789062,23329,0.0,0.0
2023-08-14 15:30:00-04:00,71.21499633789062,71.30000305175781,70.87999725341797,71.0,54505,0.0,0.0
2023-08-15 09:30:00-04:00,70.56999969482422,70.58999633789062,69.62000274658203,69.69000244140625,12127,0.0,0.0
2023-08-15 10:30:00-04:00,69.69499969482422,70.08499908447266,69.5199966430664,69.78500366210938,14938,0.0,0.0
2023-08-15 11:30:00-04:00,69.77999877929688,69.77999877929688,69.33000183105469,69.38999938964844,14976,0.0,0.0
2023-08-15 12:30:00-04:00,69.43000030517578,69.5,69.23999786376953,69.47000122070312,13418,0.0,0.0
2023-08-15 13:30:00-04:00,69.46499633789062,69.46499633789062,68.56999969482422,68.62000274658203,47787,0.0,0.0
2023-08-15 14:30:00-04:00,68.61000061035156,69.0199966430664,68.37999725341797,68.73999786376953,64432,0.0,0.0
2023-08-15 15:30:00-04:00,68.68099975585938,68.77999877929688,68.30000305175781,68.33999633789062,83691,0.0,0.0
2023-08-16 09:30:00-04:00,68.37000274658203,69.01000213623047,68.04000091552734,68.31749725341797,11453,0.0,0.0
2023-08-16 10:30:00-04:00,68.37000274658203,68.68000030517578,68.37000274658203,68.50250244140625,14573,0.0,0.0
2023-08-16 11:30:00-04:00,68.44999694824219,68.4800033569336,68.08999633789062,68.22000122070312,12468,0.0,0.0
2023-08-16 12:30:00-04:00,68.2249984741211,68.29000091552734,67.9000015258789,67.9800033569336,11824,0.0,0.0
2023-08-16 13:30:00-04:00,67.9000015258789,67.9000015258789,67.41999816894531,67.63999938964844,20333,0.0,0.0
2023-08-16 14:30:00-04:00,67.61000061035156,67.61000061035156,67.29000091552734,67.47000122070312,33021,0.0,0.0
2023-08-16 15:30:00-04:00,67.51000213623047,67.56999969482422,67.05999755859375,67.2300033569336,76010,0.0,0.0
2023-08-17 09:30:00-04:00,67.68000030517578,68.16000366210938,67.5,67.6500015258789,13936,0.0,0.0
2023-08-17 10:30:00-04:00,67.62999725341797,67.75,67.32499694824219,67.375,9460,0.0,0.0
2023-08-17 11:30:00-04:00,67.31999969482422,67.43000030517578,66.81999969482422,67.19999694824219,13627,0.0,0.0
2023-08-17 12:30:00-04:00,67.19000244140625,67.19999694824219,66.79000091552734,66.8499984741211,13941,0.0,0.0
2023-08-17 13:30:00-04:00,66.87000274658203,66.87000274658203,66.44999694824219,66.56999969482422,11997,0.0,0.0
2023-08-17 14:30:00-04:00,66.5999984741211,66.5999984741211,66.12000274658203,66.55000305175781,22124,0.0,0.0
2023-08-17 15:30:00-04:00,66.55000305175781,66.63999938964844,66.21499633789062,66.39900207519531,75163,0.0,0.0
2023-08-18 09:30:00-04:00,66.86000061035156,67.61000061035156,65.87000274658203,67.24500274658203,52998,0.0,0.0
2023-08-18 10:30:00-04:00,67.29000091552734,67.66000366210938,67.22000122070312,67.5,23133,0.0,0.0
2023-08-18 11:30:00-04:00,67.5199966430664,67.55000305175781,67.36000061035156,67.44999694824219,17794,0.0,0.0
2023-08-18 12:30:00-04:00,67.44000244140625,67.61499786376953,67.18000030517578,67.29000091552734,15756,0.0,0.0
2023-08-18 13:30:00-04:00,67.29000091552734,67.47000122070312,67.26000213623047,67.33499908447266,14506,0.0,0.0
2023-08-18 14:30:00-04:00,67.4000015258789,67.58999633789062,67.19999694824219,67.47000122070312,46478,0.0,0.0
2023-08-18 15:30:00-04:00,67.45999908447266,67.5199966430664,67.16000366210938,67.19000244140625,55819,0.0,0.0
2023-08-21 09:30:00-04:00,67.1500015258789,67.1500015258789,65.95999908447266,65.95999908447266,60558,0.0,0.0
2023-08-21 10:30:00-04:00,65.92500305175781,66.46749877929688,65.92500305175781,66.38999938964844,51900,0.0,0.0
2023-08-21 11:30:00-04:00,66.37999725341797,66.88999938964844,66.0,66.88999938964844,30112,0.0,0.0
2023-08-21 12:30:00-04:00,66.86620330810547,67.0199966430664,66.71499633789062,66.98999786376953,35234,0.0,0.0
2023-08-21 13:30:00-04:00,66.98999786376953,67.26000213623047,66.94000244140625,67.19999694824219,28933,0.0,0.0
2023-08-21 14:30:00-04:00,67.21499633789062,67.26000213623047,67.12999725341797,67.13999938964844,30434,0.0,0.0
2023-08-21 15:30:00-04:00,67.12000274658203,67.23999786376953,66.94000244140625,67.0,60472,0.0,0.0
2023-08-22 09:30:00-04:00,67.47000122070312,68.12000274658203,67.11000061035156,67.30500030517578,35230,0.0,0.0
2023-08-22 10:30:00-04:00,67.19999694824219,67.38999938964844,67.08000183105469,67.26000213623047,14776,0.0,0.0
2023-08-22 11:30:00-04:00,67.2300033569336,67.31990051269531,67.04000091552734,67.05999755859375,18389,0.0,0.0
2023-08-22 12:30:00-04:00,67.0999984741211,67.26000213623047,66.88999938964844,66.94999694824219,73638,0.0,0.0
2023-08-22 13:30:00-04:00,66.93000030517578,66.9800033569336,66.7300033569336,66.9000015258789,25201,0.0,0.0
2023-08-22 14:30:00-04:00,67.02999877929688,67.12999725341797,66.95500183105469,67.05000305175781,30074,0.0,0.0
2023-08-22 15:30:00-04:00,67.05000305175781,67.0625,66.80500030517578,67.01000213623047,33001,0.0,0.0
2023-08-23 09:30:00-04:00,67.31999969482422,67.77999877929688,67.03500366210938,67.66999816894531,31409,0.0,0.0
2023-08-23 10:30:00-04:00,67.69000244140625,68.1500015258789,67.58999633789062,68.0999984741211,18143,0.0,0.0
2023-08-23 11:30:00-04:00,68.0999984741211,68.13999938964844,67.83000183105469,68.06999969482422,16167,0.0,0.0
2023-08-23 12:30:00-04:00,68.06999969482422,68.4000015258789,68.04000091552734,68.25,24752,0.0,0.0
2023-08-23 13:30:00-04:00,68.30500030517578,68.5,68.19999694824219,68.31999969482422,46334,0.0,0.0
2023-08-23 14:30:00-04:00,68.31500244140625,68.31500244140625,67.91999816894531,68.01000213623047,31593,0.0,0.0
2023-08-23 15:30:00-04:00,67.97000122070312,68.04000091552734,67.80000305175781,67.94000244140625,52109,0.0,0.0
2023-08-24 09:30:00-04:00,67.76000213623047,68.0,67.63999938964844,67.68000030517578,12488,0.0,0.0
2023-08-24 10:30:00-04:00,67.52999877929688,67.63999938964844,67.13999938964844,67.20500183105469,11933,0.0,0.0
2023-08-24 11:30:00-04:00,67.12999725341797,67.19999694824219,66.80999755859375,66.80999755859375,21338,0.0,0.0
2023-08-24 12:30:00-04:00,66.81999969482422,66.83999633789062,66.49500274658203,66.5,17036,0.0,0.0
2023-08-24 13:30:00-04:00,66.5,66.81999969482422,66.5,66.79000091552734,20074,0.0,0.0
2023-08-24 14:30:00-04:00,66.80000305175781,66.8499984741211,66.6500015258789,66.7300033569336,18057,0.0,0.0
2023-08-24 15:30:00-04:00,66.76000213623047,66.79000091552734,66.62000274658203,66.66000366210938,36969,0.0,0.0
2023-08-25 09:30:00-04:00,66.80000305175781,67.5199966430664,66.4800033569336,66.76000213623047,21596,0.0,0.0
2023-08-25 10:30:00-04:00,66.74500274658203,67.1500015258789,66.25,67.1500015258789,21667,0.0,0.0
2023-08-25 11:30:00-04:00,66.98999786376953,67.20999908447266,66.77999877929688,67.12000274658203,21234,0.0,0.0
2023-08-25 12:30:00-04:00,67.13999938964844,67.45500183105469,67.04000091552734,67.45500183105469,33361,0.0,0.0
2023-08-25 13:30:00-04:00,67.45500183105469,67.63999938964844,67.1500015258789,67.62000274658203,38329,0.0,0.0
2023-08-25 14:30:00-04:00,67.67500305175781,67.8499984741211,67.48999786376953,67.7699966430664,19273,0.0,0.0
2023-08-25 15:30:00-04:00,67.71499633789062,67.71499633789062,67.34700012207031,67.41999816894531,39614,0.0,0.0
2023-08-28 09:30:00-04:00,67.69000244140625,68.5999984741211,67.69000244140625,68.28500366210938,24102,0.0,0.0
2023-08-28 10:30:00-04:00,68.22000122070312,68.38999938964844,67.98999786376953,68.19999694824219,41606,0.0,0.0
2023-08-28 11:30:00-04:00,68.22000122070312,68.5,68.01000213623047,68.48500061035156,29468,0.0,0.0
2023-08-28 12:30:00-04:00,68.49500274658203,68.66000366210938,68.26000213623047,68.29000091552734,25169,0.0,0.0
2023-08-28 13:30:00-04:00,68.29000091552734,68.29000091552734,67.97000122070312,68.15499877929688,11843,0.0,0.0
2023-08-28 14:30:00-04:00,68.16000366210938,68.25,68.11000061035156,68.20999908447266,11867,0.0,0.0
2023-08-28 15:30:00-04:00,68.19300079345703,68.27999877929688,68.08000183105469,68.16000366210938,29158,0.0,0.0
2023-08-29 09:30:00-04:00,68.01000213623047,68.62999725341797,68.01000213623047,68.44499969482422,10069,0.0,0.0
2023-08-29 10:30:00-04:00,68.54000091552734,68.54000091552734,68.19000244140625,68.45999908447266,17451,0.0,0.0
2023-08-29 11:30:00-04:00,68.44999694824219,68.7698974609375,68.44999694824219,68.72000122070312,19314,0.0,0.0
2023-08-29 12:30:00-04:00,68.72250366210938,68.88999938964844,68.48999786376953,68.7300033569336,37577,0.0,0.0
2023-08-29 13:30:00-04:00,68.7249984741211,68.85199737548828,68.63999938964844,68.68499755859375,17155,0.0,0.0
2023-08-29 14:30:00-04:00,68.72000122070312,68.80999755859375,68.5199966430664,68.61000061035156,18563,0.0,0.0
2023-08-29 15:30:00-04:00,68.57499694824219,68.67500305175781,68.54499816894531,68.62000274658203,36947,0.0,0.0
2023-08-30 09:30:00-04:00,68.3499984741211,69.23999786376953,68.25,68.55000305175781,16267,0.0,0.0
2023-08-30 10:30:00-04:00,68.54000091552734,68.98500061035156,68.54000091552734,68.79000091552734,16588,0.0,0.0
2023-08-30 11:30:00-04:00,68.80000305175781,68.97000122070312,68.7300033569336,68.94999694824219,27454,0.0,0.0
2023-08-30 12:30:00-04:00,68.87999725341797,69.0199966430664,68.54000091552734,68.5999984741211,19690,0.0,0.0
2023-08-30 13:30:00-04:00,68.6500015258789,68.69000244140625,68.29000091552734,68.29000091552734,12051,0.0,0.0
2023-08-30 14:30:00-04:00,68.38999938964844,68.61000061035156,68.38999938964844,68.51499938964844,10265,0.0,0.0
2023-08-30 15:30:00-04:00,68.52999877929688,68.58999633789062,68.4000015258789,68.44999694824219,28692,0.0,0.0
2023-08-31 09:30:00-04:00,68.72000122070312,69.19999694824219,68.31999969482422,68.63500213623047,24445,0.0,0.0
2023-08-31 10:30:00-04:00,68.66000366210938,68.66000366210938,68.32499694824219,68.5999984741211,20619,0.0,0.0
2023-08-31 11:30:00-04:00,68.63999938964844,68.63999938964844,68.33000183105469,68.33999633789062,16951,0.0,0.0
2023-08-31 12:30:00-04:00,68.3949966430664,68.54000091552734,68.31999969482422,68.45999908447266,19508,0.0,0.0
2023-08-31 13:30:00-04:00,68.47000122070312,68.6449966430664,68.44000244140625,68.4749984741211,26012,0.0,0.0
2023-08-31 14:30:00-04:00,68.4800033569336,68.61000061035156,68.27999877929688,68.51000213623047,22443,0.0,0.0
2023-08-31 15:30:00-04:00,68.51000213623047,68.58999633789062,68.26000213623047,68.4000015258789,76330,0.0,0.0
2023-09-01 09:30:00-04:00,68.81999969482422,69.4800033569336,68.76499938964844,69.30000305175781,20116,0.0,0.0
2023-09-01 10:30:00-04:00,69.26000213623047,69.31999969482422,68.98500061035156,69.0999984741211,13629,0.0,0.0
2023-09-01 11:30:00-04:00,69.12000274658203,69.12000274658203,68.80999755859375,69.01499938964844,13768,0.0,0.0
2023-09-01 12:30:00-04:00,69.01000213623047,69.01000213623047,68.78500366210938,68.86000061035156,10114,0.0,0.0
2023-09-01 13:30:00-04:00,68.87000274658203,68.87000274658203,68.47000122070312,68.47000122070312,11664,0.0,0.0
2023-09-01 14:30:00-04:00,68.4800033569336,68.4800033569336,68.33000183105469,68.4000015258789,17158,0.0,0.0
2023-09-01 15:30:00-04:00,68.4000015258789,68.66999816894531,68.33999633789062,68.44000244140625,38364,0.0,0.0
2023-09-05 09:30:00-04:00,67.76000213623047,67.76000213623047,65.37000274658203,65.43000030517578,55451,0.0,0.0
2023-09-05 10:30:00-04:00,65.6500015258789,66.43000030517578,65.54000091552734,66.0199966430664,20091,0.0,0.0
2023-09-05 11:30:00-04:00,66.0199966430664,66.04000091552734,65.5199966430664,65.56999969482422,22132,0.0,0.0
2023-09-05 12:30:00-04:00,65.66999816894531,66.02749633789062,65.5,65.6791000366211,32887,0.0,0.0
2023-09-05 13:30:00-04:00,65.5999984741211,65.76000213623047,65.21499633789062,65.63999938964844,56307,0.0,0.0
2023-09-05 14:30:00-04:00,65.58000183105469,65.68000030517578,65.38999938964844,65.41500091552734,34847,0.0,0.0
2023-09-05 15:30:00-04:00,65.38999938964844,65.5999984741211,65.33000183105469,65.36499786376953,107049,0.0,0.0
2023-09-06 09:30:00-04:00,65.70999908447266,66.23999786376953,65.4000015258789,65.93000030517578,31485,0.0,0.0
2023-09-06 10:30:00-04:00,65.93000030517578,66.04499816894531,65.41999816894531,65.5199966430664,19386,0.0,0.0
2023-09-06 11:30:00-04:00,65.45999908447266,65.5999984741211,65.30999755859375,65.55000305175781,21527,0.0,0.0
2023-09-06 12:30:00-04:00,65.55500030517578,65.55999755859375,65.25,65.41000366210938,43596,0.0,0.0
2023-09-06 13:30:00-04:00,65.42500305175781,65.62999725341797,65.37999725341797,65.5999984741211,39214,0.0,0.0
2023-09-06 14:30:00-04:00,65.5999984741211,65.5999984741211,65.19000244140625,65.19499969482422,53907,0.0,0.0
2023-09-06 15:30:00-04:00,65.16000366210938,65.53900146484375,65.12000274658203,65.38999938964844,115286,0.0,0.0
2023-09-07 09:30:00-04:00,64.72000122070312,64.79000091552734,63.93000030517578,64.25,39644,0.0,0.0
2023-09-07 10:30:00-04:00,64.30000305175781,64.5,64.04000091552734,64.04000091552734,44080,0.0,0.0
2023-09-07 11:30:00-04:00,64.06009674072266,64.30500030517578,64.05000305175781,64.28500366210938,20662,0.0,0.0
2023-09-07 12:30:00-04:00,64.28500366210938,64.62999725341797,64.28500366210938,64.44999694824219,30087,0.0,0.0
2023-09-07 13:30:00-04:00,64.44999694824219,64.66000366210938,64.15619659423828,64.15619659423828,51466,0.0,0.0
2023-09-07 14:30:00-04:00,64.21499633789062,64.4000015258789,64.19000244140625,64.2300033569336,45336,0.0,0.0
2023-09-07 15:30:00-04:00,64.25,64.33499908447266,64.1500015258789,64.29000091552734,75269,0.0,0.0
2023-09-08 09:30:00-04:00,64.08000183105469,64.4800033569336,63.16999816894531,64.45500183105469,39429,0.0,0.0
2023-09-08 10:30:00-04:00,64.37999725341797,64.41000366210938,64.05999755859375,64.36000061035156,26614,0.0,0.0
2023-09-08 11:30:00-04:00,64.37000274658203,64.44999694824219,64.0999984741211,64.33000183105469,21300,0.0,0.0
2023-09-08 12:30:00-04:00,64.30999755859375,64.33000183105469,64.12999725341797,64.18000030517578,18990,0.0,0.0
2023-09-08 13:30:00-04:00,64.18000030517578,64.33000183105469,64.12999725341797,64.2249984741211,32845,0.0,0.0
2023-09-08 14:30:00-04:00,64.2249984741211,64.2249984741211,64.04000091552734,64.04499816894531,37895,0.0,0.0
2023-09-08 15:30:00-04:00,64.0199966430664,64.12000274658203,63.869998931884766,64.02999877929688,93221,0.0,0.0
2023-09-11 09:30:00-04:00,64.08000183105469,64.30000305175781,62.970001220703125,63.400001525878906,57822,0.0,0.0
2023-09-11 10:30:00-04:00,63.31999969482422,63.40999984741211,62.88999938964844,63.279998779296875,55105,0.0,0.0
2023-09-11 11:30:00-04:00,63.334999084472656,63.47999954223633,63.209999084472656,63.41999816894531,35199,0.0,0.0
2023-09-11 12:30:00-04:00,63.439998626708984,63.97249984741211,63.439998626708984,63.72999954223633,21875,0.0,0.0
2023-09-11 13:30:00-04:00,63.775001525878906,63.849998474121094,63.2400016784668,63.290000915527344,37673,0.0,0.0
2023-09-11 14:30:00-04:00,63.28499984741211,63.45000076293945,63.279998779296875,63.41999816894531,35678,0.0,0.0
2023-09-11 15:30:00-04:00,63.400001525878906,63.58000183105469,63.349998474121094,63.540000915527344,61721,0.0,0.0
2023-09-12 09:30:00-04:00,63.099998474121094,64.11499786376953,63.099998474121094,63.779998779296875,25317,0.0,0.0
2023-09-12 10:30:00-04:00,63.83000183105469,63.84000015258789,63.48249816894531,63.84000015258789,30562,0.0,0.0
2023-09-12 11:30:00-04:00,63.900001525878906,64.01000213623047,63.70000076293945,63.709999084472656,21983,0.0,0.0
2023-09-12 12:30:00-04:00,63.70989990234375,63.70989990234375,63.38249969482422,63.619998931884766,24238,0.0,0.0
2023-09-12 13:30:00-04:00,63.59000015258789,63.59000015258789,63.040000915527344,63.119998931884766,31699,0.0,0.0
2023-09-12 14:30:00-04:00,63.095001220703125,63.2400016784668,62.9900016784668,63.14500045776367,35219,0.0,0.0
2023-09-12 15:30:00-04:00,63.15999984741211,63.15999984741211,62.84000015258789,62.86000061035156,79677,0.0,0.0
2023-09-13 09:30:00-04:00,62.7599983215332,63.88999938964844,62.755001068115234,63.209999084472656,25937,0.0,0.0
2023-09-13 10:30:00-04:00,63.22999954223633,63.369998931884766,62.9900016784668,63.25,27995,0.0,0.0
2023-09-13 11:30:00-04:00,63.310001373291016,63.4900016784668,63.15999984741211,63.32500076293945,23419,0.0,0.0
2023-09-13 12:30:00-04:00,63.38999938964844,63.38999938964844,63.15010070800781,63.31999969482422,26581,0.0,0.0
2023-09-13 13:30:00-04:00,63.27000045776367,63.45000076293945,63.060001373291016,63.13999938964844,38157,0.0,0.0
2023-09-13 14:30:00-04:00,63.13999938964844,63.13999938964844,62.70000076293945,62.790000915527344,39634,0.0,0.0
2023-09-13 15:30:00-04:00,62.79999923706055,62.869998931884766,62.529998779296875,62.59000015258789,72126,0.0,0.0
2023-09-14 09:30:00-04:00,63.20000076293945,63.63999938964844,62.790000915527344,62.81999969482422,23722,0.0,0.0
2023-09-14 10:30:00-04:00,62.959999084472656,63.720001220703125,62.8849983215332,63.630001068115234,26215,0.0,0.0
2023-09-14 11:30:00-04:00,63.599998474121094,63.650001525878906,63.13999938964844,63.13999938964844,25355,0.0,0.0
2023-09-14 12:30:00-04:00,63.130001068115234,63.334999084472656,63.130001068115234,63.26499938964844,13655,0.0,0.0
2023-09-14 13:30:00-04:00,63.22999954223633,63.33000183105469,63.150001525878906,63.150001525878906,15748,0.0,0.0
2023-09-14 14:30:00-04:00,63.150001525878906,63.2599983215332,62.970001220703125,63.220001220703125,36646,0.0,0.0
2023-09-14 15:30:00-04:00,63.209999084472656,63.220001220703125,62.91999816894531,62.939998626708984,65060,0.0,0.0
2023-09-15 09:30:00-04:00,62.70000076293945,63.17499923706055,62.36000061035156,63.029998779296875,73871,0.0,0.0
2023-09-15 10:30:00-04:00,63.04999923706055,63.16999816894531,62.63999938964844,62.88999938964844,23636,0.0,0.0
2023-09-15 11:30:00-04:00,62.900001525878906,63.11000061035156,62.40999984741211,62.54999923706055,44896,0.0,0.0
2023-09-15 12:30:00-04:00,62.599998474121094,62.78990173339844,62.45000076293945,62.45000076293945,25240,0.0,0.0
2023-09-15 13:30:00-04:00,62.38999938964844,62.775001525878906,62.349998474121094,62.61000061035156,30151,0.0,0.0
2023-09-15 14:30:00-04:00,62.60499954223633,62.72999954223633,62.560001373291016,62.650001525878906,32125,0.0,0.0
2023-09-15 15:30:00-04:00,62.689998626708984,63.369998931884766,62.65999984741211,63.34000015258789,83758,0.0,0.0
2023-09-18 09:30:00-04:00,63.34000015258789,63.720001220703125,62.93000030517578,63.34000015258789,23903,0.0,0.0
2023-09-18 10:30:00-04:00,63.349998474121094,63.36000061035156,62.74480056762695,62.900001525878906,27572,0.0,0.0
2023-09-18 11:30:00-04:00,63.040000915527344,63.2599983215332,62.7400016784668,62.84000015258789,31905,0.0,0.0
2023-09-18 12:30:00-04:00,62.93000030517578,62.9900016784668,62.7400016784668,62.880001068115234,15425,0.0,0.0
2023-09-18 13:30:00-04:00,62.849998474121094,62.97999954223633,62.77000045776367,62.8650016784668,20625,0.0,0.0
2023-09-18 14:30:00-04:00,62.900001525878906,62.91999816894531,62.65999984741211,62.70500183105469,25872,0.0,0.0
2023-09-18 15:30:00-04:00,62.689998626708984,62.70000076293945,62.4010009765625,62.529998779296875,52626,0.0,0.0
2023-09-19 09:30:00-04:00,62.459999084472656,63.290000915527344,62.349998474121094,62.63999938964844,12339,0.0,0.0
2023-09-19 10:30:00-04:00,62.58000183105469,62.72999954223633,62.47999954223633,62.525001525878906,12408,0.0,0.0
2023-09-19 11:30:00-04:00,62.56999969482422,62.68000030517578,62.45000076293945,62.470001220703125,13836,0.0,0.0
2023-09-19 12:30:00-04:00,62.45000076293945,62.619998931884766,62.435298919677734,62.52000045776367,13363,0.0,0.0
2023-09-19 13:30:00-04:00,62.58000183105469,62.85499954223633,62.564998626708984,62.70000076293945,19620,0.0,0.0
2023-09-19 14:30:00-04:00,62.69499969482422,62.79999923706055,62.60499954223633,62.66999816894531,17105,0.0,0.0
2023-09-19 15:30:00-04:00,62.66999816894531,62.72999954223633,62.525001525878906,62.560001373291016,52699,0.0,0.0
2023-09-20 09:30:00-04:00,62.88999938964844,63.16999816894531,62.130001068115234,62.41999816894531,30407,0.0,0.0
2023-09-20 10:30:00-04:00,62.290000915527344,62.33000183105469,62.17060089111328,62.209999084472656,15960,0.0,0.0
2023-09-20 11:30:00-04:00,62.18000030517578,62.29999923706055,61.970001220703125,62.189998626708984,22917,0.0,0.0
2023-09-20 12:30:00-04:00,62.279998779296875,62.380001068115234,61.9900016784668,62.119998931884766,14449,0.0,0.0
2023-09-20 13:30:00-04:00,61.99599838256836,62.11000061035156,61.349998474121094,61.77000045776367,29019,0.0,0.0
2023-09-20 14:30:00-04:00,61.77000045776367,62.005001068115234,61.25,61.38999938964844,44377,0.0,0.0
2023-09-20 15:30:00-04:00,61.400001525878906,61.400001525878906,60.95500183105469,61.0,64878,0.0,0.0
2023-09-21 09:30:00-04:00,60.5099983215332,60.90489959716797,60.04999923706055,60.16999816894531,18493,0.0,0.0
2023-09-21 10:30:00-04:00,60.13999938964844,60.45000076293945,60.0099983215332,60.060001373291016,10986,0.0,0.0
2023-09-21 11:30:00-04:00,60.15999984741211,60.505001068115234,60.15999984741211,60.40999984741211,14868,0.0,0.0
2023-09-21 12:30:00-04:00,60.380001068115234,60.380001068115234,59.95000076293945,59.95000076293945,23603,0.0,0.0
2023-09-21 13:30:00-04:00,59.900001525878906,60.18000030517578,59.900001525878906,59.90999984741211,20846,0.0,0.0
2023-09-21 14:30:00-04:00,59.959999084472656,60.04499816894531,59.790000915527344,59.91999816894531,23464,0.0,0.0
2023-09-21 15:30:00-04:00,59.95000076293945,60.005001068115234,59.65999984741211,59.65999984741211,69106,0.0,0.0
2023-09-22 09:30:00-04:00,60.439998626708984,60.7400016784668,60.04999923706055,60.45000076293945,20084,0.0,0.0
2023-09-22 10:30:00-04:00,60.48500061035156,60.810001373291016,60.18000030517578,60.65999984741211,34954,0.0,0.0
2023-09-22 11:30:00-04:00,60.65999984741211,60.88999938964844,60.63999938964844,60.720001220703125,9410,0.0,0.0
2023-09-22 12:30:00-04:00,60.78499984741211,60.849998474121094,60.599998474121094,60.65999984741211,9820,0.0,0.0
2023-09-22 13:30:00-04:00,60.630001068115234,60.630001068115234,60.23500061035156,60.310001373291016,29988,0.0,0.0
2023-09-22 14:30:00-04:00,60.2400016784668,60.39500045776367,60.220001220703125,60.36000061035156,21564,0.0,0.0
2023-09-22 15:30:00-04:00,60.35499954223633,60.35499954223633,59.849998474121094,59.880001068115234,64633,0.0,0.0
2023-09-25 09:30:00-04:00,59.40999984741211,60.65399932861328,59.40999984741211,60.40999984741211,26053,0.0,0.0
2023-09-25 10:30:00-04:00,60.5,61.34000015258789,60.5,61.209999084472656,26972,0.0,0.0
2023-09-25 11:30:00-04:00,61.290000915527344,61.31999969482422,61.005001068115234,61.060001373291016,16307,0.0,0.0
2023-09-25 12:30:00-04:00,61.09000015258789,61.150001525878906,60.90999984741211,61.08000183105469,12588,0.0,0.0
2023-09-25 13:30:00-04:00,61.11000061035156,61.18000030517578,61.00299835205078,61.0099983215332,13854,0.0,0.0
2023-09-25 14:30:00-04:00,61.0099983215332,61.119998931884766,60.77000045776367,60.77000045776367,24310,0.0,0.0
2023-09-25 15:30:00-04:00,60.815101623535156,61.0,60.709999084472656,60.84000015258789,47717,0.0,0.0
2023-09-26 09:30:00-04:00,60.290000915527344,60.834999084472656,60.025001525878906,60.25,39802,0.0,0.0
2023-09-26 10:30:00-04:00,60.23500061035156,60.29999923706055,59.90999984741211,60.02000045776367,22820,0.0,0.0
2023-09-26 11:30:00-04:00,60.02000045776367,60.04249954223633,59.779998779296875,59.83000183105469,17374,0.0,0.0
2023-09-26 12:30:00-04:00,59.83000183105469,59.939998626708984,59.540000915527344,59.900001525878906,29487,0.0,0.0
2023-09-26 13:30:00-04:00,59.779998779296875,59.78499984741211,59.56999969482422,59.64500045776367,10340,0.0,0.0
2023-09-26 14:30:00-04:00,59.63999938964844,59.654998779296875,59.38999938964844,59.439998626708984,38052,0.0,0.0
2023-09-26 15:30:00-04:00,59.404998779296875,59.5,59.2755012512207,59.45000076293945,57742,0.0,0.0
2023-09-27 09:30:00-04:00,59.93000030517578,60.36000061035156,59.65999984741211,59.939998626708984,32848,0.0,0.0
2023-09-27 10:30:00-04:00,59.869998931884766,59.91999816894531,59.130001068115234,59.27000045776367,21305,0.0,0.0
2023-09-27 11:30:00-04:00,59.27000045776367,59.33000183105469,58.68000030517578,58.72999954223633,17626,0.0,0.0
2023-09-27 12:30:00-04:00,58.779998779296875,58.970001220703125,58.58000183105469,58.58000183105469,25029,0.0,0.0
2023-09-27 13:30:00-04:00,58.650001525878906,58.73500061035156,58.540000915527344,58.72999954223633,24461,0.0,0.0
2023-09-27 14:30:00-04:00,58.779998779296875,59.30500030517578,58.7599983215332,59.130001068115234,35642,0.0,0.0
2023-09-27 15:30:00-04:00,59.099998474121094,59.119998931884766,58.869998931884766,59.08000183105469,55026,0.0,0.0
2023-09-28 09:30:00-04:00,59.08000183105469,59.7400016784668,59.08000183105469,59.41999816894531,27423,0.0,0.0
2023-09-28 10:30:00-04:00,59.41999816894531,59.7400016784668,59.369998931884766,59.66999816894531,45525,0.0,0.0
2023-09-28 11:30:00-04:00,59.72999954223633,60.279998779296875,59.72999954223633,59.900001525878906,67979,0.0,0.0
2023-09-28 12:30:00-04:00,59.90999984741211,60.040000915527344,59.779998779296875,59.86000061035156,28673,0.0,0.0
2023-09-28 13:30:00-04:00,59.810001373291016,59.959999084472656,59.77000045776367,59.90999984741211,25145,0.0,0.0
2023-09-28 14:30:00-04:00,59.915000915527344,59.95000076293945,59.599998474121094,59.90999984741211,35987,0.0,0.0
2023-09-28 15:30:00-04:00,59.880001068115234,59.93000030517578,59.6150016784668,59.790000915527344,56133,0.0,0.0
2023-09-29 09:30:00-04:00,60.279998779296875,61.25,58.970001220703125,60.39500045776367,39379,0.0,0.0
2023-09-29 10:30:00-04:00,60.5,61.06999969482422,60.40999984741211,60.63999938964844,50948,0.0,0.0
2023-09-29 11:30:00-04:00,60.540000915527344,60.9900016784668,60.43000030517578,60.849998474121094,47666,0.0,0.0
2023-09-29 12:30:00-04:00,60.81999969482422,60.970001220703125,60.61000061035156,60.79999923706055,36153,0.0,0.0
2023-09-29 13:30:00-04:00,60.84000015258789,60.95000076293945,60.665000915527344,60.88999938964844,42565,0.0,0.0
2023-09-29 14:30:00-04:00,60.84749984741211,61.25,60.689998626708984,61.14500045776367,78340,0.0,0.0
2023-09-29 15:30:00-04:00,61.14500045776367,61.14500045776367,60.54999923706055,60.58000183105469,80339,0.0,0.0
2023-10-02 09:30:00-04:00,60.2599983215332,60.689998626708984,59.68000030517578,59.7599983215332,30587,0.0,0.0
2023-10-02 10:30:00-04:00,59.64649963378906,59.779998779296875,59.16999816894531,59.584999084472656,16801,0.0,0.0
2023-10-02 11:30:00-04:00,59.5099983215332,59.709999084472656,59.224998474121094,59.380001068115234,28139,0.0,0.0
2023-10-02 12:30:00-04:00,59.400001525878906,59.5099983215332,59.0099983215332,59.025001525878906,25407,0.0,0.0
2023-10-02 13:30:00-04:00,59.060001373291016,59.20000076293945,58.75,58.95000076293945,42631,0.0,0.0
2023-10-02 14:30:00-04:00,58.95000076293945,59.03499984741211,58.81999969482422,58.86000061035156,34679,0.0,0.0
2023-10-02 15:30:00-04:00,58.86000061035156,58.86000061035156,58.47999954223633,58.779998779296875,105688,0.0,0.0
2023-10-03 09:30:00-04:00,58.59000015258789,59.2599983215332,58.584999084472656,58.68000030517578,25935,0.0,0.0
2023-10-03 10:30:00-04:00,58.5973014831543,58.880001068115234,58.150001525878906,58.23500061035156,38002,0.0,0.0
2023-10-03 11:30:00-04:00,58.189998626708984,58.47249984741211,58.099998474121094,58.44499969482422,26529,0.0,0.0
2023-10-03 12:30:00-04:00,58.5,58.60499954223633,58.11000061035156,58.11000061035156,26877,0.0,0.0
2023-10-03 13:30:00-04:00,58.15999984741211,58.220001220703125,57.900001525878906,58.119998931884766,26233,0.0,0.0
2023-10-03 14:30:00-04:00,58.165000915527344,58.540000915527344,58.165000915527344,58.31999969482422,46003,0.0,0.0
2023-10-03 15:30:00-04:00,58.31999969482422,58.5099983215332,58.279998779296875,58.400001525878906,64173,0.0,0.0
2023-10-04 09:30:00-04:00,58.599998474121094,58.83000183105469,57.47999954223633,57.525001525878906,18947,0.0,0.0
2023-10-04 10:30:00-04:00,57.54999923706055,58.29999923706055,57.5099983215332,58.22999954223633,23391,0.0,0.0
2023-10-04 11:30:00-04:00,58.2400016784668,58.564998626708984,58.0,58.564998626708984,48912,0.0,0.0
2023-10-04 12:30:00-04:00,58.61000061035156,58.619998931884766,58.224998474121094,58.279998779296875,15728,0.0,0.0
2023-10-04 13:30:00-04:00,58.279998779296875,58.5,58.2400016784668,58.349998474121094,17204,0.0,0.0
2023-10-04 14:30:00-04:00,58.375,58.525001525878906,58.30500030517578,58.4900016784668,26525,0.0,0.0
2023-10-04 15:30:00-04:00,58.505001068115234,58.65999984741211,58.34000015258789,58.470001220703125,57479,0.0,0.0
2023-10-05 09:30:00-04:00,58.5099983215332,59.790000915527344,57.7599983215332,57.7599983215332,32604,0.0,0.0
2023-10-05 10:30:00-04:00,57.904998779296875,57.970001220703125,57.2400016784668,57.43000030517578,11787,0.0,0.0
2023-10-05 11:30:00-04:00,57.525001525878906,57.65999984741211,57.400001525878906,57.63999938964844,9482,0.0,0.0
2023-10-05 12:30:00-04:00,57.68000030517578,57.834999084472656,57.52000045776367,57.80500030517578,11493,0.0,0.0
2023-10-05 13:30:00-04:00,57.77000045776367,58.04999923706055,57.7599983215332,58.02000045776367,13599,0.0,0.0
2023-10-05 14:30:00-04:00,58.029998779296875,58.189998626708984,57.97999954223633,58.11000061035156,15896,0.0,0.0
2023-10-05 15:30:00-04:00,58.10499954223633,58.1875,57.7599983215332,57.779998779296875,40920,0.0,0.0
2023-10-06 09:30:00-04:00,57.650001525878906,58.209999084472656,57.260101318359375,58.002498626708984,23674,0.0,0.0
2023-10-06 10:30:00-04:00,58.02000045776367,58.39500045776367,57.880001068115234,58.380001068115234,16921,0.0,0.0
2023-10-06 11:30:00-04:00,58.45000076293945,59.07500076293945,58.45000076293945,58.81999969482422,13603,0.0,0.0
2023-10-06 12:30:00-04:00,58.869998931884766,58.9900016784668,58.779998779296875,58.959999084472656,12664,0.0,0.0
2023-10-06 13:30:00-04:00,59.0,59.065799713134766,58.7599983215332,58.880001068115234,9812,0.0,0.0
2023-10-06 14:30:00-04:00,58.880001068115234,58.9900016784668,58.68000030517578,58.80500030517578,15837,0.0,0.0
2023-10-06 15:30:00-04:00,58.81999969482422,58.900001525878906,58.625,58.77000045776367,42064,0.0,0.0
2023-10-09 09:30:00-04:00,58.04999923706055,58.14500045776367,57.540000915527344,57.86000061035156,26038,0.0,0.0
2023-10-09 10:30:00-04:00,57.84000015258789,58.0,57.529998779296875,57.96500015258789,17361,0.0,0.0
2023-10-09 11:30:00-04:00,58.02000045776367,58.029998779296875,57.79249954223633,57.8849983215332,25045,0.0,0.0
2023-10-09 12:30:00-04:00,57.880001068115234,58.02000045776367,57.81700134277344,57.81700134277344,12202,0.0,0.0
2023-10-09 13:30:00-04:00,57.8650016784668,58.13999938964844,57.75,58.02000045776367,13393,0.0,0.0
2023-10-09 14:30:00-04:00,58.02000045776367,58.029998779296875,57.79999923706055,57.880001068115234,17270,0.0,0.0
2023-10-09 15:30:00-04:00,57.89250183105469,58.150001525878906,57.77000045776367,58.11000061035156,41568,0.0,0.0
2023-10-10 09:30:00-04:00,58.369998931884766,59.119998931884766,58.310001373291016,58.900001525878906,11883,0.0,0.0
2023-10-10 10:30:00-04:00,58.880001068115234,59.15999984741211,58.83000183105469,58.97999954223633,11779,0.0,0.0
2023-10-10 11:30:00-04:00,58.97999954223633,59.42499923706055,58.97999954223633,59.310001373291016,16897,0.0,0.0
2023-10-10 12:30:00-04:00,59.36000061035156,59.415000915527344,59.15999984741211,59.35300064086914,17384,0.0,0.0
2023-10-10 13:30:00-04:00,59.33000183105469,59.56999969482422,59.08000183105469,59.150001525878906,16729,0.0,0.0
2023-10-10 14:30:00-04:00,59.13999938964844,59.18000030517578,58.849998474121094,58.970001220703125,27707,0.0,0.0
2023-10-10 15:30:00-04:00,58.959999084472656,59.064998626708984,58.81999969482422,58.84000015258789,51810,0.0,0.0
2023-10-11 09:30:00-04:00,58.93000030517578,59.40999984741211,58.83000183105469,58.970001220703125,16436,0.0,0.0
2023-10-11 10:30:00-04:00,59.0625,59.0625,58.67499923706055,58.67499923706055,13089,0.0,0.0
2023-10-11 11:30:00-04:00,58.7400016784668,58.7599983215332,58.5099983215332,58.5099983215332,12179,0.0,0.0
2023-10-11 12:30:00-04:00,58.52000045776367,58.529998779296875,58.36000061035156,58.40999984741211,9476,0.0,0.0
2023-10-11 13:30:00-04:00,58.45500183105469,58.59000015258789,58.375,58.5,12465,0.0,0.0
2023-10-11 14:30:00-04:00,58.58000183105469,58.70000076293945,58.52000045776367,58.560001373291016,19056,0.0,0.0
2023-10-11 15:30:00-04:00,58.58000183105469,58.779998779296875,58.54999923706055,58.689998626708984,30890,0.0,0.0
2023-10-12 09:30:00-04:00,58.720001220703125,58.85499954223633,58.20500183105469,58.689998626708984,24552,0.0,0.0
2023-10-12 10:30:00-04:00,58.685001373291016,58.84000015258789,58.459999084472656,58.459999084472656,19194,0.0,0.0
2023-10-12 11:30:00-04:00,58.41999816894531,58.90999984741211,58.380001068115234,58.834999084472656,24471,0.0,0.0
2023-10-12 12:30:00-04:00,58.76499938964844,58.900001525878906,58.380001068115234,58.44499969482422,24428,0.0,0.0
2023-10-12 13:30:00-04:00,58.36000061035156,58.36000061035156,57.90999984741211,58.27000045776367,14051,0.0,0.0
2023-10-12 14:30:00-04:00,58.220001220703125,58.53499984741211,58.16999816894531,58.53499984741211,20758,0.0,0.0
2023-10-12 15:30:00-04:00,58.529998779296875,58.599998474121094,58.36000061035156,58.369998931884766,43974,0.0,0.0
2023-10-13 09:30:00-04:00,58.47999954223633,58.709999084472656,58.08000183105469,58.380001068115234,32592,0.0,0.0
2023-10-13 10:30:00-04:00,58.35499954223633,58.54999923706055,57.970001220703125,58.04999923706055,24703,0.0,0.0
2023-10-13 11:30:00-04:00,58.05500030517578,58.05500030517578,57.630001068115234,57.724998474121094,13400,0.0,0.0
2023-10-13 12:30:00-04:00,57.790000915527344,57.959999084472656,57.58000183105469,57.58000183105469,17373,0.0,0.0
2023-10-13 13:30:00-04:00,57.5,57.959999084472656,57.5,57.95500183105469,16381,0.0,0.0
2023-10-13 14:30:00-04:00,58.0,58.04999923706055,57.59000015258789,57.63999938964844,16824,0.0,0.0
2023-10-13 15:30:00-04:00,57.70000076293945,57.720001220703125,57.439998626708984,57.56999969482422,34719,0.0,0.0
2023-10-16 09:30:00-04:00,57.959999084472656,58.560001373291016,57.7599983215332,58.3650016784668,24454,0.0,0.0
2023-10-16 10:30:00-04:00,58.41999816894531,58.900001525878906,58.220001220703125,58.220001220703125,27155,0.0,0.0
2023-10-16 11:30:00-04:00,58.20000076293945,58.20000076293945,58.029998779296875,58.099998474121094,9523,0.0,0.0
2023-10-16 12:30:00-04:00,58.150001525878906,58.586700439453125,58.099998474121094,58.459999084472656,33627,0.0,0.0
2023-10-16 13:30:00-04:00,58.505001068115234,58.650001525878906,58.36000061035156,58.38999938964844,14394,0.0,0.0
2023-10-16 14:30:00-04:00,58.404998779296875,58.689998626708984,58.400001525878906,58.68000030517578,18504,0.0,0.0
2023-10-16 15:30:00-04:00,58.709999084472656,58.79999923706055,58.63999938964844,58.75,56024,0.0,0.0
2023-10-17 09:30:00-04:00,58.36000061035156,59.09000015258789,58.36000061035156,58.869998931884766,31310,0.0,0.0
2023-10-17 10:30:00-04:00,58.84000015258789,59.310001373291016,58.7599983215332,59.220001220703125,37906,0.0,0.0
2023-10-17 11:30:00-04:00,59.224998474121094,59.720001220703125,59.209999084472656,59.66999816894531,17887,0.0,0.0
2023-10-17 12:30:00-04:00,59.70000076293945,59.70000076293945,59.5,59.61000061035156,14761,0.0,0.0
2023-10-17 13:30:00-04:00,59.619998931884766,59.88999938964844,59.380001068115234,59.560001373291016,21626,0.0,0.0
2023-10-17 14:30:00-04:00,59.529998779296875,59.880001068115234,59.5,59.84000015258789,24538,0.0,0.0
2023-10-17 15:30:00-04:00,59.86000061035156,59.970001220703125,59.7400016784668,59.959999084472656,53014,0.0,0.0
2023-10-18 09:30:00-04:00,59.29999923706055,59.29999923706055,57.845001220703125,58.5099983215332,29323,0.0,0.0
2023-10-18 10:30:00-04:00,58.41999816894531,58.75,58.17499923706055,58.75,28368,0.0,0.0
2023-10-18 11:30:00-04:00,58.75,59.03499984741211,58.5,58.86000061035156,18993,0.0,0.0
2023-10-18 12:30:00-04:00,58.91999816894531,59.224998474121094,58.810001373291016,59.165000915527344,17769,0.0,0.0
2023-10-18 13:30:00-04:00,59.2400016784668,59.2400016784668,58.790000915527344,58.97999954223633,13898,0.0,0.0
2023-10-18 14:30:00-04:00,59.0,59.06999969482422,58.665000915527344,58.689998626708984,28656,0.0,0.0
2023-10-18 15:30:00-04:00,58.70000076293945,58.81999969482422,58.58000183105469,58.779998779296875,59371,0.0,0.0
2023-10-19 09:30:00-04:00,58.59000015258789,59.22999954223633,58.29999923706055,58.8849983215332,25486,0.0,0.0
2023-10-19 10:30:00-04:00,58.8849983215332,58.970001220703125,58.459999084472656,58.72999954223633,33425,0.0,0.0
2023-10-19 11:30:00-04:00,58.7400016784668,59.32500076293945,58.66999816894531,58.974998474121094,27156,0.0,0.0
2023-10-19 12:30:00-04:00,59.0,59.310001373291016,58.52000045776367,58.9900016784668,24127,0.0,0.0
2023-10-19 13:30:00-04:00,58.89099884033203,59.060001373291016,58.4900016784668,58.63999938964844,41648,0.0,0.0
2023-10-19 14:30:00-04:00,58.56999969482422,58.58000183105469,58.244998931884766,58.459999084472656,116854,0.0,0.0
2023-10-19 15:30:00-04:00,58.470001220703125,58.72999954223633,58.470001220703125,58.560001373291016,86508,0.0,0.0
2023-10-20 09:30:00-04:00,58.58000183105469,58.58000183105469,57.36000061035156,57.45000076293945,40150,0.0,0.0
2023-10-20 10:30:00-04:00,57.5,57.5,57.272701263427734,57.380001068115234,25716,0.0,0.0
2023-10-20 11:30:00-04:00,57.369998931884766,57.81999969482422,57.35499954223633,57.689998626708984,28486,0.0,0.0
2023-10-20 12:30:00-04:00,57.72999954223633,57.7599983215332,57.470001220703125,57.709999084472656,15012,0.0,0.0
2023-10-20 13:30:00-04:00,57.65999984741211,57.869998931884766,57.584999084472656,57.72999954223633,39516,0.0,0.0
2023-10-20 14:30:00-04:00,57.78499984741211,57.810001373291016,57.524200439453125,57.630001068115234,23393,0.0,0.0
2023-10-20 15:30:00-04:00,57.63999938964844,57.72999954223633,57.15999984741211,57.33000183105469,66702,0.0,0.0
2023-10-23 09:30:00-04:00,57.18000030517578,57.52000045776367,57.040000915527344,57.13999938964844,14010,0.0,0.0
2023-10-23 10:30:00-04:00,56.9900016784668,57.31999969482422,56.875,57.16999816894531,13717,0.0,0.0
2023-10-23 11:30:00-04:00,57.22999954223633,57.36000061035156,56.94499969482422,57.02000045776367,10948,0.0,0.0
2023-10-23 12:30:00-04:00,57.099998474121094,57.41999816894531,57.06999969482422,57.06999969482422,11622,0.0,0.0
2023-10-23 13:30:00-04:00,57.05500030517578,57.220001220703125,56.887001037597656,57.029998779296875,9686,0.0,0.0
2023-10-23 14:30:00-04:00,57.0,57.11000061035156,56.744998931884766,56.76499938964844,19412,0.0,0.0
2023-10-23 15:30:00-04:00,56.709999084472656,56.849998474121094,56.58000183105469,56.84000015258789,65822,0.0,0.0
2023-10-24 09:30:00-04:00,57.31999969482422,57.38999938964844,56.875,57.04999923706055,15845,0.0,0.0
2023-10-24 10:30:00-04:00,57.209999084472656,57.220001220703125,56.685001373291016,56.810001373291016,19086,0.0,0.0
2023-10-24 11:30:00-04:00,56.7400016784668,56.869998931884766,56.435001373291016,56.630001068115234,16498,0.0,0.0
2023-10-24 12:30:00-04:00,56.709999084472656,56.880001068115234,56.630001068115234,56.85499954223633,12163,0.0,0.0
2023-10-24 13:30:00-04:00,56.939998626708984,56.97999954223633,56.70000076293945,56.959999084472656,13112,0.0,0.0
2023-10-24 14:30:00-04:00,57.04999923706055,57.3650016784668,57.0099983215332,57.3650016784668,67422,0.0,0.0
2023-10-24 15:30:00-04:00,57.380001068115234,57.52000045776367,57.290000915527344,57.45500183105469,44608,0.0,0.0
2023-10-25 09:30:00-04:00,56.86000061035156,57.0,56.439998626708984,56.689998626708984,14978,0.0,0.0
2023-10-25 10:30:00-04:00,56.7400016784668,57.71500015258789,56.72999954223633,57.71500015258789,86194,0.0,0.0
2023-10-25 11:30:00-04:00,57.709999084472656,57.900001525878906,57.650001525878906,57.709999084472656,22669,0.0,0.0
2023-10-25 12:30:00-04:00,57.72999954223633,57.97999954223633,57.72999954223633,57.91999816894531,20453,0.0,0.0
2023-10-25 13:30:00-04:00,57.915000915527344,57.91999816894531,57.709999084472656,57.79999923706055,16954,0.0,0.0
2023-10-25 14:30:00-04:00,57.84000015258789,57.880001068115234,57.54999923706055,57.619998931884766,28532,0.0,0.0
2023-10-25 15:30:00-04:00,57.619998931884766,57.77000045776367,57.51499938964844,57.66999816894531,52431,0.0,0.0
2023-10-26 09:30:00-04:00,57.68000030517578,57.86000061035156,57.27000045776367,57.665000915527344,32058,0.0,0.0
2023-10-26 10:30:00-04:00,57.650001525878906,58.0099983215332,57.58000183105469,57.77000045776367,23051,0.0,0.0
2023-10-26 11:30:00-04:00,57.77000045776367,57.88999938964844,57.27000045776367,57.36000061035156,18022,0.0,0.0
2023-10-26 12:30:00-04:00,57.33000183105469,57.625,57.279998779296875,57.540000915527344,14496,0.0,0.0
2023-10-26 13:30:00-04:00,57.5,57.79999923706055,57.421600341796875,57.79999923706055,24986,0.0,0.0
2023-10-26 14:30:00-04:00,57.869998931884766,58.130001068115234,57.7599983215332,57.875,31323,0.0,0.0
2023-10-26 15:30:00-04:00,57.875,57.95000076293945,57.65999984741211,57.72999954223633,85747,0.0,0.0
2023-10-27 09:30:00-04:00,57.560001373291016,57.974998474121094,56.189998626708984,56.869998931884766,46626,0.0,0.0
2023-10-27 10:30:00-04:00,56.875,57.150001525878906,56.63999938964844,56.994998931884766,21447,0.0,0.0
2023-10-27 11:30:00-04:00,57.079898834228516,57.079898834228516,56.56999969482422,56.75,17767,0.0,0.0
2023-10-27 12:30:00-04:00,56.755001068115234,56.91999816894531,56.2400016784668,56.66999816894531,31984,0.0,0.0
2023-10-27 13:30:00-04:00,56.650001525878906,57.19499969482422,56.650001525878906,57.005001068115234,49074,0.0,0.0
2023-10-27 14:30:00-04:00,57.005001068115234,57.279998779296875,56.97999954223633,57.25,39970,0.0,0.0
2023-10-27 15:30:00-04:00,57.290000915527344,57.310001373291016,57.099998474121094,57.220001220703125,75905,0.0,0.0
2023-10-30 09:30:00-04:00,57.630001068115234,58.64500045776367,56.75,56.75,11080,0.0,0.0
2023-10-30 10:30:00-04:00,56.744998931884766,57.0099983215332,56.654998779296875,56.86000061035156,16484,0.0,0.0
2023-10-30 11:30:00-04:00,56.880001068115234,56.935001373291016,56.71500015258789,56.75,7198,0.0,0.0
2023-10-30 12:30:00-04:00,56.775001525878906,56.775001525878906,56.34000015258789,56.65999984741211,16263,0.0,0.0
2023-10-30 13:30:00-04:00,56.67499923706055,56.810001373291016,56.630001068115234,56.68000030517578,18516,0.0,0.0
2023-10-30 14:30:00-04:00,56.665000915527344,57.06999969482422,56.619998931884766,56.900001525878906,41620,0.0,0.0
2023-10-30 15:30:00-04:00,56.880001068115234,56.93000030517578,56.689998626708984,56.779998779296875,51031,0.0,0.0
2023-10-31 09:30:00-04:00,56.72999954223633,56.90999984741211,56.11000061035156,56.5,41452,0.0,0.0
2023-10-31 10:30:00-04:00,56.5,56.970001220703125,56.474998474121094,56.93000030517578,9620,0.0,0.0
2023-10-31 11:30:00-04:00,56.849998474121094,57.310001373291016,56.849998474121094,57.0,11765,0.0,0.0
2023-10-31 12:30:00-04:00,56.9900016784668,56.9900016784668,56.66999816894531,56.90999984741211,11434,0.0,0.0
2023-10-31 13:30:00-04:00,57.0,57.06999969482422,56.93000030517578,56.970001220703125,11213,0.0,0.0
2023-10-31 14:30:00-04:00,56.95000076293945,57.22999954223633,56.900001525878906,57.02000045776367,19086,0.0,0.0
2023-10-31 15:30:00-04:00,56.9900016784668,57.34000015258789,56.959999084472656,57.25,58509,0.0,0.0
2023-11-01 09:30:00-04:00,56.93000030517578,57.25,56.380001068115234,57.029998779296875,29561,0.0,0.0
2023-11-01 10:30:00-04:00,57.040000915527344,57.54999923706055,56.7599983215332,56.7599983215332,68110,0.0,0.0
2023-11-01 11:30:00-04:00,56.75,57.1349983215332,56.72999954223633,56.90999984741211,13403,0.0,0.0
2023-11-01 12:30:00-04:00,56.8650016784668,56.95000076293945,56.150001525878906,56.54999923706055,34140,0.0,0.0
2023-11-01 13:30:00-04:00,56.54999923706055,56.79999923706055,56.45000076293945,56.45000076293945,38615,0.0,0.0
2023-11-01 14:30:00-04:00,56.474998474121094,56.814998626708984,56.20000076293945,56.79999923706055,121346,0.0,0.0
2023-11-01 15:30:00-04:00,56.83000183105469,57.06999969482422,56.7599983215332,56.84000015258789,97694,0.0,0.0
2023-11-02 09:30:00-04:00,62.36000061035156,64.25,58.8849983215332,60.45000076293945,95965,0.0,0.0
2023-11-02 10:30:00-04:00,60.45500183105469,61.34000015258789,60.06999969482422,61.060001373291016,63974,0.0,0.0
2023-11-02 11:30:00-04:00,61.1150016784668,61.560001373291016,60.97999954223633,61.369998931884766,40933,0.0,0.0
2023-11-02 12:30:00-04:00,61.349998474121094,62.400001525878906,60.8849983215332,62.23500061035156,49309,0.0,0.0
2023-11-02 13:30:00-04:00,62.29499816894531,63.18000030517578,62.29499816894531,63.06999969482422,69723,0.0,0.0
2023-11-02 14:30:00-04:00,63.07500076293945,63.63999938964844,62.93000030517578,63.58000183105469,85992,0.0,0.0
2023-11-02 15:30:00-04:00,63.599998474121094,64.11000061035156,63.529998779296875,64.11000061035156,189104,0.0,0.0
2023-11-03 09:30:00-04:00,65.16000366210938,65.4800033569336,64.55500030517578,64.75,97298,0.0,0.0
2023-11-03 10:30:00-04:00,64.76499938964844,64.79000091552734,63.91999816894531,64.30000305175781,55814,0.0,0.0
2023-11-03 11:30:00-04:00,64.2699966430664,64.83999633789062,63.95500183105469,64.57499694824219,41280,0.0,0.0
2023-11-03 12:30:00-04:00,64.53500366210938,64.68000030517578,63.959999084472656,64.19999694824219,34183,0.0,0.0
2023-11-03 13:30:00-04:00,64.16999816894531,64.45500183105469,64.13999938964844,64.375,32111,0.0,0.0
2023-11-03 14:30:00-04:00,64.41999816894531,64.83000183105469,64.3499984741211,64.66999816894531,46690,0.0,0.0
2023-11-03 15:30:00-04:00,64.6500015258789,64.8499984741211,64.18000030517578,64.2699966430664,106548,0.0,0.0
2023-11-06 09:30:00-05:00,64.19000244140625,64.37000274658203,63.779998779296875,64.05000305175781,27043,0.0,0.0
2023-11-06 10:30:00-05:00,64.1500015258789,64.58999633789062,64.11000061035156,64.54000091552734,25647,0.0,0.0
2023-11-06 11:30:00-05:00,64.5999984741211,64.78500366210938,64.4800033569336,64.78500366210938,15410,0.0,0.0
2023-11-06 12:30:00-05:00,64.69999694824219,64.80000305175781,64.51499938964844,64.55999755859375,19194,0.0,0.0
2023-11-06 13:30:00-05:00,64.5199966430664,64.87940216064453,64.44499969482422,64.50499725341797,24042,0.0,0.0
2023-11-06 14:30:00-05:00,64.49500274658203,64.95999908447266,64.49500274658203,64.78500366210938,28116,0.0,0.0
2023-11-06 15:30:00-05:00,64.80000305175781,65.0199966430664,64.79000091552734,65.01000213623047,60114,0.0,0.0
2023-11-07 09:30:00-05:00,64.51000213623047,64.9000015258789,63.91999816894531,63.91999816894531,19736,0.0,0.0
2023-11-07 10:30:00-05:00,63.849998474121094,63.9900016784668,63.22999954223633,63.439998626708984,34920,0.0,0.0
2023-11-07 11:30:00-05:00,63.459999084472656,63.65999984741211,63.0099983215332,63.349998474121094,25358,0.0,0.0
2023-11-07 12:30:00-05:00,63.28499984741211,63.439998626708984,63.060001373291016,63.060001373291016,17476,0.0,0.0
2023-11-07 13:30:00-05:00,63.185001373291016,63.2599983215332,62.82500076293945,62.84000015258789,17165,0.0,0.0
2023-11-07 14:30:00-05:00,62.849998474121094,63.185001373291016,62.81999969482422,63.150001525878906,34856,0.0,0.0
2023-11-07 15:30:00-05:00,63.189998626708984,63.369998931884766,63.150001525878906,63.310001373291016,59124,0.0,0.0
2023-11-08 09:30:00-05:00,63.61000061035156,64.91999816894531,63.375,63.86000061035156,32515,0.0,0.0
2023-11-08 10:30:00-05:00,63.900001525878906,64.04000091552734,63.810001373291016,63.935001373291016,14628,0.0,0.0
2023-11-08 11:30:00-05:00,64.01000213623047,64.1500015258789,63.81999969482422,64.0250015258789,14662,0.0,0.0
2023-11-08 12:30:00-05:00,64.11000061035156,64.41000366210938,63.88999938964844,64.3949966430664,22951,0.0,0.0
2023-11-08 13:30:00-05:00,64.44000244140625,64.44999694824219,64.13999938964844,64.38999938964844,18429,0.0,0.0
2023-11-08 14:30:00-05:00,64.42559814453125,64.42559814453125,63.75,64.01000213623047,40363,0.0,0.0
2023-11-08 15:30:00-05:00,63.970001220703125,64.22000122070312,63.849998474121094,64.22000122070312,74585,0.0,0.0
2023-11-09 09:30:00-05:00,64.66000366210938,64.66000366210938,63.58000183105469,63.779998779296875,30079,0.0,0.0
2023-11-09 10:30:00-05:00,63.71500015258789,63.849998474121094,63.2400016784668,63.5,21264,0.0,0.0
2023-11-09 11:30:00-05:00,63.47999954223633,63.720001220703125,63.45000076293945,63.650001525878906,16924,0.0,0.0
2023-11-09 12:30:00-05:00,63.650001525878906,63.904998779296875,63.3046989440918,63.470001220703125,18915,0.0,0.0
2023-11-09 13:30:00-05:00,63.41999816894531,63.45000076293945,62.915000915527344,63.09000015258789,31358,0.0,0.0
2023-11-09 14:30:00-05:00,63.13999938964844,63.13999938964844,62.65999984741211,62.70500183105469,29755,0.0,0.0
2023-11-09 15:30:00-05:00,62.75,62.79999923706055,62.56999969482422,62.65999984741211,58539,0.0,0.0
2023-11-10 09:30:00-05:00,63.130001068115234,63.349998474121094,62.56999969482422,62.869998931884766,18477,0.0,0.0
2023-11-10 10:30:00-05:00,62.869998931884766,63.025001525878906,62.71500015258789,62.959999084472656,17668,0.0,0.0
2023-11-10 11:30:00-05:00,62.959999084472656,62.959999084472656,62.45000076293945,62.76499938964844,21827,0.0,0.0
2023-11-10 12:30:00-05:00,62.81999969482422,63.13999938964844,62.779998779296875,63.119998931884766,16202,0.0,0.0
2023-11-10 13:30:00-05:00,63.220001220703125,63.470001220703125,63.15999984741211,63.439998626708984,15570,0.0,0.0
2023-11-10 14:30:00-05:00,63.470001220703125,63.470001220703125,63.2599983215332,63.369998931884766,19170,0.0,0.0
2023-11-10 15:30:00-05:00,63.34000015258789,63.38999938964844,63.150001525878906,63.349998474121094,40873,0.0,0.0
2023-11-13 09:30:00-05:00,63.279998779296875,63.3849983215332,62.74300003051758,63.310001373291016,20114,0.0,0.0
2023-11-13 10:30:00-05:00,63.16999816894531,63.790000915527344,63.16999816894531,63.78499984741211,25249,0.0,0.0
2023-11-13 11:30:00-05:00,63.86000061035156,64.1500015258789,63.779998779296875,63.83000183105469,13869,0.0,0.0
2023-11-13 12:30:00-05:00,63.77000045776367,63.834999084472656,63.54999923706055,63.56999969482422,6478,0.0,0.0
2023-11-13 13:30:00-05:00,63.54999923706055,63.7599983215332,63.46870040893555,63.54999923706055,19585,0.0,0.0
2023-11-13 14:30:00-05:00,63.5,63.599998474121094,63.45000076293945,63.4900016784668,27728,0.0,0.0
2023-11-13 15:30:00-05:00,63.52000045776367,63.66999816894531,63.4900016784668,63.52000045776367,42926,0.0,0.0
2023-11-14 09:30:00-05:00,65.30000305175781,65.45999908447266,64.55000305175781,64.91500091552734,58769,0.0,0.0
2023-11-14 10:30:00-05:00,64.95999908447266,65.23999786376953,64.76000213623047,65.02999877929688,41742,0.0,0.0
2023-11-14 11:30:00-05:00,65.05999755859375,65.09500122070312,64.5999984741211,64.7699966430664,25932,0.0,0.0
2023-11-14 12:30:00-05:00,64.76499938964844,64.93000030517578,64.66999816894531,64.93000030517578,38858,0.0,0.0
2023-11-14 13:30:00-05:00,64.92500305175781,64.94999694824219,64.73500061035156,64.87000274658203,39940,0.0,0.0
2023-11-14 14:30:00-05:00,64.86499786376953,65.2699966430664,64.8499984741211,65.26000213623047,56717,0.0,0.0
2023-11-14 15:30:00-05:00,65.26499938964844,65.7249984741211,65.26000213623047,65.58999633789062,130933,0.0,0.0
2023-11-15 09:30:00-05:00,65.5,66.88999938964844,64.95999908447266,66.56500244140625,22402,0.0,0.0
2023-11-15 10:30:00-05:00,66.58999633789062,66.83999633789062,66.54000091552734,66.57499694824219,42948,0.0,0.0
2023-11-15 11:30:00-05:00,66.51000213623047,67.13999938964844,66.30000305175781,67.05000305175781,35486,0.0,0.0
2023-11-15 12:30:00-05:00,67.0199966430664,67.08999633789062,66.1500015258789,66.44999694824219,27167,0.0,0.0
2023-11-15 13:30:00-05:00,66.41999816894531,66.55999755859375,66.16999816894531,66.33000183105469,16278,0.0,0.0
2023-11-15 14:30:00-05:00,66.37999725341797,66.5199966430664,66.2300033569336,66.37000274658203,28738,0.0,0.0
2023-11-15 15:30:00-05:00,66.4000015258789,66.4000015258789,66.18000030517578,66.22000122070312,54360,0.0,0.0
2023-11-16 09:30:00-05:00,65.95999908447266,66.22000122070312,65.61000061035156,65.76000213623047,18416,0.0,0.0
2023-11-16 10:30:00-05:00,65.80999755859375,65.95999908447266,65.41000366210938,65.75499725341797,19736,0.0,0.0
2023-11-16 11:30:00-05:00,65.79000091552734,66.12000274658203,65.54000091552734,65.98500061035156,23595,0.0,0.0
2023-11-16 12:30:00-05:00,65.88999938964844,66.08000183105469,65.68000030517578,65.8949966430664,18620,0.0,0.0
2023-11-16 13:30:00-05:00,65.83000183105469,65.97000122070312,65.72000122070312,65.7699966430664,22866,0.0,0.0
2023-11-16 14:30:00-05:00,65.77999877929688,66.0199966430664,65.7750015258789,65.93499755859375,28848,0.0,0.0
2023-11-16 15:30:00-05:00,65.88999938964844,66.06999969482422,65.66000366210938,66.0199966430664,62643,0.0,0.0
2023-11-17 09:30:00-05:00,66.44999694824219,67.04109954833984,65.93000030517578,66.41999816894531,43884,0.0,0.0
2023-11-17 10:30:00-05:00,66.34500122070312,66.5999984741211,65.80000305175781,65.83999633789062,22091,0.0,0.0
2023-11-17 11:30:00-05:00,65.81500244140625,65.9000015258789,65.58000183105469,65.58000183105469,12500,0.0,0.0
2023-11-17 12:30:00-05:00,65.56500244140625,65.87000274658203,65.54499816894531,65.62000274658203,18805,0.0,0.0
2023-11-17 13:30:00-05:00,65.63999938964844,65.66000366210938,65.45999908447266,65.45999908447266,12992,0.0,0.0
2023-11-17 14:30:00-05:00,65.45999908447266,65.77999877929688,65.37999725341797,65.69000244140625,24377,0.0,0.0
2023-11-17 15:30:00-05:00,65.68000030517578,66.06999969482422,65.62999725341797,65.97000122070312,50739,0.0,0.0
2023-11-20 09:30:00-05:00,66.0,66.58000183105469,65.7699966430664,66.29000091552734,49850,0.0,0.0
2023-11-20 10:30:00-05:00,66.23500061035156,66.62000274658203,66.19000244140625,66.4800033569336,23083,0.0,0.0
2023-11-20 11:30:00-05:00,66.3499984741211,66.5199966430664,66.18499755859375,66.41000366210938,25510,0.0,0.0
2023-11-20 12:30:00-05:00,66.36000061035156,66.53230285644531,66.16000366210938,66.30999755859375,27004,0.0,0.0
2023-11-20 13:30:00-05:00,66.31999969482422,66.94999694824219,66.31999969482422,66.41999816894531,43811,0.0,0.0
2023-11-20 14:30:00-05:00,66.4530029296875,66.5999984741211,66.36000061035156,66.58499908447266,31500,0.0,0.0
2023-11-20 15:30:00-05:00,66.61000061035156,66.79000091552734,66.58000183105469,66.73999786376953,64155,0.0,0.0
2023-11-21 09:30:00-05:00,66.25,66.43499755859375,65.94000244140625,66.08000183105469,18466,0.0,0.0
2023-11-21 10:30:00-05:00,65.96499633789062,66.23999786376953,65.83499908447266,65.91500091552734,17053,0.0,0.0
2023-11-21 11:30:00-05:00,65.80500030517578,65.90499877929688,65.41000366210938,65.41000366210938,13105,0.0,0.0
2023-11-21 12:30:00-05:00,65.47000122070312,65.7699966430664,65.16999816894531,65.34500122070312,36315,0.0,0.0
2023-11-21 13:30:00-05:00,65.3949966430664,65.43000030517578,64.95999908447266,65.05000305175781,47033,0.0,0.0
2023-11-21 14:30:00-05:00,65.0999984741211,65.25499725341797,64.97000122070312,65.19999694824219,37808,0.0,0.0
2023-11-21 15:30:00-05:00,65.19999694824219,65.20999908447266,64.97000122070312,65.0199966430664,69912,0.0,0.0
2023-11-22 09:30:00-05:00,65.66999816894531,66.08999633789062,65.19999694824219,65.80000305175781,36043,0.0,0.0
2023-11-22 10:30:00-05:00,65.82499694824219,66.06999969482422,65.69000244140625,65.75,47252,0.0,0.0
2023-11-22 11:30:00-05:00,65.79000091552734,65.83999633789062,65.5999984741211,65.70999908447266,20528,0.0,0.0
2023-11-22 12:30:00-05:00,65.68000030517578,65.83000183105469,65.6500015258789,65.73999786376953,22264,0.0,0.0
2023-11-22 13:30:00-05:00,65.75,66.18000030517578,65.5999984741211,66.11000061035156,66104,0.0,0.0
2023-11-22 14:30:00-05:00,66.05999755859375,66.41000366210938,65.91000366210938,66.41000366210938,39348,0.0,0.0
2023-11-22 15:30:00-05:00,66.37000274658203,66.55999755859375,66.3499984741211,66.41000366210938,58154,0.0,0.0
2023-11-24 09:30:00-05:00,66.23999786376953,66.58000183105469,66.01000213623047,66.42500305175781,13963,0.0,0.0
2023-11-24 10:30:00-05:00,66.37000274658203,66.48999786376953,66.26000213623047,66.26000213623047,7422,0.0,0.0
2023-11-24 11:30:00-05:00,66.25,66.33999633789062,66.02999877929688,66.19499969482422,13299,0.0,0.0
2023-11-27 09:30:00-05:00,66.08000183105469,66.20999908447266,65.41500091552734,66.125,17375,0.0,0.0
2023-11-27 10:30:00-05:00,66.08000183105469,66.23999786376953,65.94000244140625,66.08000183105469,24780,0.0,0.0
2023-11-27 11:30:00-05:00,66.12000274658203,66.3550033569336,66.04000091552734,66.23999786376953,14182,0.0,0.0
2023-11-27 12:30:00-05:00,66.26499938964844,66.36499786376953,66.19000244140625,66.26000213623047,11096,0.0,0.0
2023-11-27 13:30:00-05:00,66.27999877929688,66.48999786376953,66.19000244140625,66.47000122070312,17237,0.0,0.0
2023-11-27 14:30:00-05:00,66.46499633789062,66.58999633789062,66.26499938964844,66.58000183105469,26120,0.0,0.0
2023-11-27 15:30:00-05:00,66.58000183105469,66.67500305175781,66.48999786376953,66.5999984741211,48507,0.0,0.0
2023-11-28 09:30:00-05:00,66.58000183105469,66.58000183105469,65.77999877929688,66.23999786376953,17832,0.0,0.0
2023-11-28 10:30:00-05:00,66.16000366210938,66.4000015258789,66.16000366210938,66.38999938964844,6413,0.0,0.0
2023-11-28 11:30:00-05:00,66.47000122070312,66.5199966430664,66.22470092773438,66.22470092773438,9111,0.0,0.0
2023-11-28 12:30:00-05:00,66.12000274658203,66.1500015258789,65.79000091552734,65.79000091552734,8685,0.0,0.0
2023-11-28 13:30:00-05:00,65.86000061035156,65.88999938964844,65.75,65.75,11365,0.0,0.0
2023-11-28 14:30:00-05:00,65.73999786376953,66.0999984741211,65.73999786376953,66.0999984741211,25062,0.0,0.0
2023-11-28 15:30:00-05:00,66.05000305175781,66.08499908447266,65.62999725341797,65.66000366210938,48706,0.0,0.0
2023-11-29 09:30:00-05:00,66.06999969482422,67.08999633789062,66.06999969482422,66.41999816894531,17585,0.0,0.0
2023-11-29 10:30:00-05:00,66.44999694824219,66.72000122070312,66.2344970703125,66.37000274658203,18956,0.0,0.0
2023-11-29 11:30:00-05:00,66.25,66.53500366210938,66.25,66.41999816894531,9673,0.0,0.0
2023-11-29 12:30:00-05:00,66.4800033569336,66.5,66.22010040283203,66.29000091552734,8662,0.0,0.0
2023-11-29 13:30:00-05:00,66.25,66.5,66.22000122070312,66.30999755859375,11281,0.0,0.0
2023-11-29 14:30:00-05:00,66.30000305175781,66.54000091552734,66.11499786376953,66.3499984741211,25280,0.0,0.0
2023-11-29 15:30:00-05:00,66.33499908447266,66.33499908447266,66.01000213623047,66.02999877929688,39758,0.0,0.0
2023-11-30 09:30:00-05:00,66.4800033569336,66.4800033569336,65.80999755859375,66.4749984741211,19265,0.0,0.0
2023-11-30 10:30:00-05:00,66.58799743652344,66.87999725341797,66.30999755859375,66.7699966430664,15659,0.0,0.0
2023-11-30 11:30:00-05:00,66.7699966430664,66.8499984741211,66.41999816894531,66.61000061035156,10244,0.0,0.0
2023-11-30 12:30:00-05:00,66.62000274658203,67.04000091552734,66.5999984741211,67.03500366210938,26308,0.0,0.0
2023-11-30 13:30:00-05:00,66.95999908447266,67.30999755859375,66.95999908447266,67.2300033569336,29653,0.0,0.0
2023-11-30 14:30:00-05:00,67.20999908447266,67.43000030517578,66.95999908447266,67.01499938964844,22947,0.0,0.0
2023-11-30 15:30:00-05:00,66.96499633789062,67.52999877929688,66.96499633789062,67.37000274658203,55187,0.0,0.0
2023-12-01 09:30:00-05:00,67.0199966430664,67.25,66.61000061035156,67.03500366210938,54593,0.0,0.0
2023-12-01 10:30:00-05:00,67.05999755859375,68.1500015258789,66.98999786376953,68.12999725341797,27501,0.0,0.0
2023-12-01 11:30:00-05:00,68.0199966430664,68.19000244140625,67.83000183105469,68.04000091552734,32450,0.0,0.0
2023-12-01 12:30:00-05:00,68.02999877929688,68.52999877929688,68.02999877929688,68.48999786376953,34222,0.0,0.0
2023-12-01 13:30:00-05:00,68.54000091552734,68.61000061035156,68.36000061035156,68.5,25521,0.0,0.0
2023-12-01 14:30:00-05:00,68.51000213623047,69.13999938964844,68.48999786376953,69.09500122070312,62601,0.0,0.0
2023-12-01 15:30:00-05:00,69.0999984741211,69.33000183105469,69.0,69.0,109036,0.0,0.0
2023-12-04 09:30:00-05:00,68.44000244140625,69.77999877929688,68.05999755859375,69.62000274658203,23369,0.0,0.0
2023-12-04 10:30:00-05:00,69.62999725341797,69.92500305175781,69.43000030517578,69.62999725341797,27890,0.0,0.0
2023-12-04 11:30:00-05:00,69.44999694824219,70.1323013305664,69.41500091552734,70.01840209960938,35899,0.0,0.0
2023-12-04 12:30:00-05:00,70.11000061035156,70.19999694824219,69.91999816894531,69.91999816894531,15601,0.0,0.0
2023-12-04 13:30:00-05:00,69.92990112304688,70.05999755859375,69.80500030517578,70.0199966430664,30615,0.0,0.0
2023-12-04 14:30:00-05:00,70.07769775390625,70.1500015258789,69.95500183105469,70.01000213623047,23974,0.0,0.0
2023-12-04 15:30:00-05:00,70.02999877929688,70.48999786376953,69.9800033569336,70.1500015258789,52977,0.0,0.0
2023-12-05 09:30:00-05:00,70.55999755859375,70.55999755859375,69.5999984741211,70.33999633789062,20565,0.0,0.0
2023-12-05 10:30:00-05:00,70.37999725341797,70.87000274658203,70.30500030517578,70.74500274658203,25449,0.0,0.0
2023-12-05 11:30:00-05:00,70.7699966430664,71.0,70.44000244140625,70.49500274658203,27745,0.0,0.0
2023-12-05 12:30:00-05:00,70.48500061035156,70.48999786376953,69.54499816894531,69.55000305175781,41643,0.0,0.0
2023-12-05 13:30:00-05:00,69.48999786376953,70.05500030517578,69.48999786376953,69.8949966430664,14586,0.0,0.0
2023-12-05 14:30:00-05:00,69.8499984741211,70.0,69.70999908447266,69.9000015258789,45292,0.0,0.0
2023-12-05 15:30:00-05:00,69.8499984741211,69.97000122070312,69.66000366210938,69.88999938964844,40909,0.0,0.0
2023-12-06 09:30:00-05:00,70.16000366210938,71.77999877929688,70.01000213623047,71.25,39609,0.0,0.0
2023-12-06 10:30:00-05:00,71.33000183105469,71.48999786376953,71.13999938964844,71.28500366210938,34059,0.0,0.0
2023-12-06 11:30:00-05:00,71.31999969482422,71.31999969482422,70.61000061035156,70.61000061035156,44038,0.0,0.0
2023-12-06 12:30:00-05:00,70.66999816894531,70.69000244140625,70.08999633789062,70.52999877929688,13352,0.0,0.0
2023-12-06 13:30:00-05:00,70.5199966430664,70.66999816894531,70.37999725341797,70.4800033569336,9807,0.0,0.0
2023-12-06 14:30:00-05:00,70.5199966430664,70.56999969482422,69.83999633789062,69.94000244140625,24869,0.0,0.0
2023-12-06 15:30:00-05:00,69.91999816894531,70.12999725341797,69.81999969482422,70.12999725341797,45849,0.0,0.0
2023-12-07 09:30:00-05:00,70.05000305175781,70.55000305175781,69.91000366210938,70.19499969482422,24285,0.0,0.0
2023-12-07 10:30:00-05:00,70.20999908447266,70.28700256347656,69.76000213623047,69.93000030517578,22483,0.0,0.0
2023-12-07 11:30:00-05:00,69.93000030517578,70.06999969482422,69.58999633789062,69.8499984741211,29530,0.0,0.0
2023-12-07 12:30:00-05:00,69.8499984741211,70.16000366210938,69.83000183105469,70.05999755859375,21976,0.0,0.0
2023-12-07 13:30:00-05:00,70.02999877929688,70.22000122070312,69.95490264892578,70.0999984741211,25876,0.0,0.0
2023-12-07 14:30:00-05:00,70.12999725341797,70.16999816894531,69.66000366210938,69.69000244140625,26649,0.0,0.0
2023-12-07 15:30:00-05:00,69.62999725341797,69.81999969482422,69.48500061035156,69.79000091552734,70264,0.0,0.0
2023-12-08 09:30:00-05:00,69.4800033569336,70.74500274658203,69.4800033569336,70.37000274658203,18909,0.0,0.0
2023-12-08 10:30:00-05:00,70.33999633789062,70.68000030517578,69.72000122070312,69.91000366210938,19347,0.0,0.0
2023-12-08 11:30:00-05:00,70.0199966430664,70.33499908447266,69.7699966430664,69.91000366210938,15467,0.0,0.0
2023-12-08 12:30:00-05:00,69.87000274658203,70.11000061035156,69.61000061035156,70.08000183105469,17449,0.0,0.0
2023-12-08 13:30:00-05:00,70.06999969482422,70.24500274658203,70.0199966430664,70.16000366210938,19491,0.0,0.0
2023-12-08 14:30:00-05:00,70.15499877929688,70.45999908447266,70.0199966430664,70.37999725341797,28831,0.0,0.0
2023-12-08 15:30:00-05:00,70.37000274658203,70.43000030517578,70.09500122070312,70.22000122070312,51511,0.0,0.0
2023-12-11 09:30:00-05:00,69.94000244140625,70.51000213623047,69.8499984741211,70.0999984741211,22037,0.0,0.0
2023-12-11 10:30:00-05:00,70.0999984741211,70.177001953125,69.66999816894531,69.68000030517578,13992,0.0,0.0
2023-12-11 11:30:00-05:00,69.66999816894531,69.91999816894531,69.63999938964844,69.80999755859375,16799,0.0,0.0
2023-12-11 12:30:00-05:00,69.80999755859375,69.80999755859375,69.5999984741211,69.66999816894531,18328,0.0,0.0
2023-12-11 13:30:00-05:00,69.69999694824219,69.72000122070312,69.45999908447266,69.48999786376953,16471,0.0,0.0
2023-12-11 14:30:00-05:00,69.54000091552734,69.5999984741211,69.3499984741211,69.3499984741211,28452,0.0,0.0
2023-12-11 15:30:00-05:00,69.3499984741211,69.55000305175781,69.31999969482422,69.5199966430664,45614,0.0,0.0
2023-12-12 09:30:00-05:00,69.80000305175781,70.51499938964844,69.0999984741211,69.25,29163,0.0,0.0
2023-12-12 10:30:00-05:00,69.2699966430664,69.36499786376953,68.9800033569336,68.98999786376953,34300,0.0,0.0
2023-12-12 11:30:00-05:00,69.04499816894531,69.55999755859375,68.9800033569336,69.47000122070312,20488,0.0,0.0
2023-12-12 12:30:00-05:00,69.55999755859375,70.0,69.43000030517578,69.94999694824219,25363,0.0,0.0
2023-12-12 13:30:00-05:00,69.87999725341797,70.3499984741211,69.76000213623047,70.16999816894531,27992,0.0,0.0
2023-12-12 14:30:00-05:00,70.06999969482422,70.44000244140625,70.06999969482422,70.3499984741211,45141,0.0,0.0
2023-12-12 15:30:00-05:00,70.37000274658203,70.66000366210938,70.19999694824219,70.45999908447266,52208,0.0,0.0
2023-12-13 09:30:00-05:00,70.33000183105469,70.58000183105469,70.08999633789062,70.41000366210938,12760,0.0,0.0
2023-12-13 10:30:00-05:00,70.3499984741211,70.44000244140625,70.1500015258789,70.33000183105469,10462,0.0,0.0
2023-12-13 11:30:00-05:00,70.23999786376953,70.9000015258789,70.16999816894531,70.80999755859375,75241,0.0,0.0
2023-12-13 12:30:00-05:00,70.76000213623047,70.86000061035156,70.58000183105469,70.70999908447266,22687,0.0,0.0
2023-12-13 13:30:00-05:00,70.6500015258789,72.22000122070312,70.6500015258789,72.22000122070312,42390,0.0,0.0
2023-12-13 14:30:00-05:00,72.2300033569336,73.33999633789062,72.05999755859375,72.55500030517578,61765,0.0,0.0
2023-12-13 15:30:00-05:00,72.62999725341797,73.4000015258789,72.55999755859375,73.4000015258789,98966,0.0,0.0
2023-12-14 09:30:00-05:00,74.45999908447266,75.88999938964844,74.23999786376953,75.61499786376953,51638,0.0,0.0
2023-12-14 10:30:00-05:00,75.52999877929688,75.87999725341797,75.0801010131836,75.4749984741211,45751,0.0,0.0
2023-12-14 11:30:00-05:00,75.4749984741211,75.97000122070312,75.4749984741211,75.87000274658203,40522,0.0,0.0
2023-12-14 12:30:00-05:00,75.86000061035156,76.30000305175781,75.41500091552734,75.41500091552734,49789,0.0,0.0
2023-12-14 13:30:00-05:00,75.36499786376953,75.58999633789062,75.1500015258789,75.30999755859375,59816,0.0,0.0
2023-12-14 14:30:00-05:00,75.33000183105469,76.30999755859375,75.2750015258789,76.12000274658203,112693,0.0,0.0
2023-12-14 15:30:00-05:00,76.15499877929688,76.5999984741211,76.12000274658203,76.5999984741211,102236,0.0,0.0
2023-12-15 09:30:00-05:00,76.30999755859375,76.30999755859375,75.38999938964844,75.81999969482422,184455,0.0,0.0
2023-12-15 10:30:00-05:00,75.61000061035156,76.08000183105469,75.33999633789062,75.43499755859375,49268,0.0,0.0
2023-12-15 11:30:00-05:00,75.36000061035156,75.43000030517578,75.05000305175781,75.16000366210938,27995,0.0,0.0
2023-12-15 12:30:00-05:00,75.13999938964844,75.16000366210938,74.03500366210938,74.21499633789062,48651,0.0,0.0
2023-12-15 13:30:00-05:00,74.19000244140625,74.37000274658203,73.43000030517578,73.45999908447266,48982,0.0,0.0
2023-12-15 14:30:00-05:00,73.44000244140625,73.51000213623047,72.70500183105469,72.75499725341797,55348,0.0,0.0
2023-12-15 15:30:00-05:00,72.77999877929688,73.13500213623047,72.62000274658203,73.05500030517578,112140,0.0,0.0
2023-12-18 09:30:00-05:00,73.5,73.83000183105469,73.05000305175781,73.22000122070312,31604,0.0,0.0
2023-12-18 10:30:00-05:00,73.15499877929688,73.33999633789062,72.75,73.0,17983,0.0,0.0
2023-12-18 11:30:00-05:00,73.04000091552734,73.05000305175781,72.68000030517578,72.88999938964844,25990,0.0,0.0
2023-12-18 12:30:00-05:00,72.9800033569336,73.06999969482422,72.66999816894531,72.66999816894531,18960,0.0,0.0
2023-12-18 13:30:00-05:00,72.66000366210938,72.82499694824219,72.54000091552734,72.6500015258789,18615,0.0,0.0
2023-12-18 14:30:00-05:00,72.66999816894531,73.24250030517578,72.66999816894531,72.9800033569336,125713,0.0,0.0
2023-12-18 15:30:00-05:00,73.0,73.4000015258789,72.8499984741211,73.06999969482422,102572,0.0,0.0
2023-12-19 09:30:00-05:00,74.25,74.83989715576172,73.66999816894531,73.87000274658203,110760,0.0,0.0
2023-12-19 10:30:00-05:00,73.73999786376953,74.01000213623047,73.69000244140625,73.7249984741211,27259,0.0,0.0
2023-12-19 11:30:00-05:00,73.6500015258789,73.6500015258789,73.26000213623047,73.61000061035156,27830,0.0,0.0
2023-12-19 12:30:00-05:00,73.6500015258789,74.01499938964844,73.61000061035156,73.93499755859375,33460,0.0,0.0
2023-12-19 13:30:00-05:00,74.00499725341797,74.19999694824219,73.95999908447266,74.06999969482422,23031,0.0,0.0
2023-12-19 14:30:00-05:00,74.08000183105469,74.41999816894531,74.01000213623047,74.41999816894531,50143,0.0,0.0
2023-12-19 15:30:00-05:00,74.41999816894531,74.6050033569336,74.27999877929688,74.31999969482422,112991,0.0,0.0
2023-12-20 09:30:00-05:00,74.31999969482422,75.41000366210938,73.80000305175781,75.30000305175781,32261,0.0,0.0
2023-12-20 10:30:00-05:00,75.41000366210938,75.66500091552734,74.81999969482422,74.9000015258789,34374,0.0,0.0
2023-12-20 11:30:00-05:00,74.90499877929688,75.88999938964844,74.9000015258789,75.84500122070312,40446,0.0,0.0
2023-12-20 12:30:00-05:00,75.83999633789062,76.06500244140625,75.62000274658203,75.85089874267578,63820,0.0,0.0
2023-12-20 13:30:00-05:00,75.87999725341797,75.95999908447266,75.3499984741211,75.61000061035156,31690,0.0,0.0
2023-12-20 14:30:00-05:00,75.54499816894531,75.54499816894531,74.08000183105469,74.31999969482422,85441,0.0,0.0
2023-12-20 15:30:00-05:00,74.3499984741211,74.45500183105469,73.9000015258789,74.0,90317,0.0,0.0
2023-12-21 09:30:00-05:00,74.5,75.58999633789062,74.5,74.66500091552734,31480,0.0,0.0
2023-12-21 10:30:00-05:00,74.55999755859375,74.94999694824219,74.5,74.82170104980469,6684,0.0,0.0
2023-12-21 11:30:00-05:00,74.83999633789062,74.91000366210938,74.25499725341797,74.33999633789062,6060,0.0,0.0
2023-12-21 12:30:00-05:00,74.4000015258789,74.48989868164062,74.03099822998047,74.11000061035156,14073,0.0,0.0
2023-12-21 13:30:00-05:00,74.13999938964844,74.16069793701172,73.7699966430664,74.0999984741211,16293,0.0,0.0
2023-12-21 14:30:00-05:00,74.06279754638672,74.47000122070312,73.94000244140625,74.4000015258789,14559,0.0,0.0
2023-12-21 15:30:00-05:00,74.41100311279297,74.81999969482422,74.33999633789062,74.37999725341797,46044,0.0,0.0
2023-12-22 09:30:00-05:00,74.80000305175781,75.76000213623047,74.80000305175781,75.69000244140625,27183,0.0,0.0
2023-12-22 10:30:00-05:00,75.5999984741211,75.6500015258789,75.33000183105469,75.55000305175781,8160,0.0,0.0
2023-12-22 11:30:00-05:00,75.61000061035156,75.76000213623047,75.1500015258789,75.41999816894531,8815,0.0,0.0
2023-12-22 12:30:00-05:00,75.3499984741211,75.44999694824219,75.16500091552734,75.41000366210938,6745,0.0,0.0
2023-12-22 13:30:00-05:00,75.43000030517578,75.51000213623047,74.78009796142578,74.78009796142578,9384,0.0,0.0
2023-12-22 14:30:00-05:00,74.77999877929688,75.4800033569336,74.77999877929688,75.4000015258789,15119,0.0,0.0
2023-12-22 15:30:00-05:00,75.4000015258789,75.52999877929688,75.16000366210938,75.25,39064,0.0,0.0
2023-12-26 09:30:00-05:00,75.12999725341797,75.4800033569336,75.01000213623047,75.07029724121094,10781,0.0,0.0
2023-12-26 10:30:00-05:00,75.13999938964844,75.27999877929688,75.02999877929688,75.16000366210938,6069,0.0,0.0
2023-12-26 11:30:00-05:00,75.25,75.54000091552734,75.2300033569336,75.45999908447266,10282,0.0,0.0
2023-12-26 12:30:00-05:00,75.44999694824219,75.91500091552734,75.44999694824219,75.91500091552734,7810,0.0,0.0
2023-12-26 13:30:00-05:00,75.91500091552734,75.94999694824219,75.61000061035156,75.6500015258789,19238,0.0,0.0
2023-12-26 14:30:00-05:00,75.71499633789062,76.0999984741211,75.58999633789062,76.0999984741211,15992,0.0,0.0
2023-12-26 15:30:00-05:00,76.05999755859375,76.16999816894531,75.8550033569336,76.08000183105469,32531,0.0,0.0
2023-12-27 09:30:00-05:00,76.38999938964844,76.5199966430664,76.24500274658203,76.30000305175781,9460,0.0,0.0
2023-12-27 10:30:00-05:00,76.28099822998047,76.43000030517578,76.08000183105469,76.19999694824219,8322,0.0,0.0
2023-12-27 11:30:00-05:00,76.23999786376953,76.52999877929688,76.23999786376953,76.43499755859375,10787,0.0,0.0
2023-12-27 12:30:00-05:00,76.44999694824219,76.875,76.33000183105469,76.54000091552734,12909,0.0,0.0
2023-12-27 13:30:00-05:00,76.5199966430664,76.75,76.31999969482422,76.5199966430664,13285,0.0,0.0
2023-12-27 14:30:00-05:00,76.58499908447266,76.58999633789062,76.4000015258789,76.52999877929688,12430,0.0,0.0
2023-12-27 15:30:00-05:00,76.44999694824219,76.55000305175781,76.23999786376953,76.54000091552734,35420,0.0,0.0
2023-12-28 09:30:00-05:00,76.06999969482422,76.71499633789062,75.9000015258789,76.69000244140625,11563,0.0,0.0
2023-12-28 10:30:00-05:00,76.6500015258789,76.66999816894531,76.30999755859375,76.30999755859375,15712,0.0,0.0
2023-12-28 11:30:00-05:00,76.43000030517578,76.44499969482422,76.22000122070312,76.37000274658203,9449,0.0,0.0
2023-12-28 12:30:00-05:00,76.37999725341797,76.53500366210938,76.05999755859375,76.19999694824219,16893,0.0,0.0
2023-12-28 13:30:00-05:00,76.18499755859375,76.45999908447266,76.08999633789062,76.40499877929688,9408,0.0,0.0
2023-12-28 14:30:00-05:00,76.40499877929688,76.55000305175781,76.34500122070312,76.50499725341797,11570,0.0,0.0
2023-12-28 15:30:00-05:00,76.4749984741211,76.56500244140625,76.2300033569336,76.41999816894531,22533,0.0,0.0
2023-12-29 09:30:00-05:00,76.06999969482422,76.47000122070312,75.8301010131836,76.0,12278,0.0,0.0
2023-12-29 10:30:00-05:00,75.83799743652344,75.83799743652344,75.37000274658203,75.4000015258789,18390,0.0,0.0
2023-12-29 11:30:00-05:00,75.45500183105469,75.72000122070312,75.44000244140625,75.62999725341797,4938,0.0,0.0
2023-12-29 12:30:00-05:00,75.66999816894531,76.01000213623047,75.61000061035156,75.9000015258789,18847,0.0,0.0
2023-12-29 13:30:00-05:00,75.86000061035156,75.9800033569336,75.72000122070312,75.9000015258789,21884,0.0,0.0
2023-12-29 14:30:00-05:00,75.94999694824219,76.12999725341797,75.83000183105469,75.9800033569336,20409,0.0,0.0
2023-12-29 15:30:00-05:00,75.98999786376953,76.05000305175781,75.20999908447266,75.51000213623047,56791,0.0,0.0
2024-01-02 09:30:00-05:00,74.4800033569336,75.02999877929688,74.11000061035156,74.2699966430664,35132,0.0,0.0
2024-01-02 10:30:00-05:00,74.13999938964844,75.05000305175781,74.0199966430664,75.05000305175781,21993,0.0,0.0
2024-01-02 11:30:00-05:00,74.9749984741211,75.47000122070312,74.94000244140625,75.37999725341797,31681,0.0,0.0
2024-01-02 12:30:00-05:00,75.375,75.62999725341797,75.05999755859375,75.26499938964844,22417,0.0,0.0
2024-01-02 13:30:00-05:00,75.26499938964844,75.50499725341797,75.01000213623047,75.13999938964844,27615,0.0,0.0
2024-01-02 14:30:00-05:00,75.125,75.20999908447266,74.77999877929688,75.19999694824219,45267,0.0,0.0
2024-01-02 15:30:00-05:00,75.18000030517578,75.23500061035156,74.73999786376953,75.1500015258789,64566,0.0,0.0
2024-01-03 09:30:00-05:00,74.54000091552734,74.54000091552734,73.80999755859375,74.12000274658203,26457,0.0,0.0
2024-01-03 10:30:00-05:00,73.87000274658203,74.072998046875,73.4800033569336,73.94999694824219,13300,0.0,0.0
2024-01-03 11:30:00-05:00,73.9800033569336,74.05000305175781,73.62999725341797,73.73999786376953,17326,0.0,0.0
2024-01-03 12:30:00-05:00,73.73999786376953,73.97000122070312,73.56999969482422,73.97000122070312,12148,0.0,0.0
2024-01-03 13:30:00-05:00,73.83000183105469,73.83000183105469,72.75,73.2300033569336,27488,0.0,0.0
2024-01-03 14:30:00-05:00,73.2300033569336,73.38999938964844,72.30999755859375,72.31500244140625,20473,0.0,0.0
2024-01-03 15:30:00-05:00,72.3499984741211,72.54000091552734,72.16999816894531,72.48999786376953,56807,0.0,0.0
2024-01-04 09:30:00-05:00,71.55999755859375,72.52999877929688,71.26000213623047,72.48999786376953,21313,0.0,0.0
2024-01-04 10:30:00-05:00,72.36000061035156,72.69000244140625,72.12999725341797,72.38999938964844,12779,0.0,0.0
2024-01-04 11:30:00-05:00,72.37999725341797,72.41000366210938,72.0,72.08000183105469,13740,0.0,0.0
2024-01-04 12:30:00-05:00,72.03500366210938,72.2300033569336,71.9000015258789,72.2300033569336,11433,0.0,0.0
2024-01-04 13:30:00-05:00,72.17500305175781,72.26000213623047,71.86000061035156,71.86000061035156,16479,0.0,0.0
2024-01-04 14:30:00-05:00,71.7699966430664,72.0250015258789,71.66999816894531,71.75,20093,0.0,0.0
2024-01-04 15:30:00-05:00,71.75,71.79499816894531,71.48999786376953,71.48999786376953,40203,0.0,0.0
2024-01-05 09:30:00-05:00,71.08999633789062,72.25,71.00779724121094,71.95999908447266,34173,0.0,0.0
2024-01-05 10:30:00-05:00,71.81999969482422,72.13999938964844,71.12999725341797,71.12999725341797,25923,0.0,0.0
2024-01-05 11:30:00-05:00,71.23999786376953,71.31999969482422,70.78060150146484,70.93000030517578,16936,0.0,0.0
2024-01-05 12:30:00-05:00,70.94999694824219,71.08000183105469,70.72000122070312,70.7300033569336,32634,0.0,0.0
2024-01-05 13:30:00-05:00,70.87000274658203,70.94999694824219,70.55999755859375,70.69499969482422,18056,0.0,0.0
2024-01-05 14:30:00-05:00,70.69999694824219,71.23999786376953,70.5999984741211,70.91000366210938,69724,0.0,0.0
2024-01-05 15:30:00-05:00,70.8499984741211,71.05999755859375,70.69999694824219,70.87999725341797,60619,0.0,0.0
2024-01-08 09:30:00-05:00,70.69999694824219,71.63999938964844,70.58499908447266,71.25,24090,0.0,0.0
2024-01-08 10:30:00-05:00,71.20999908447266,71.48999786376953,71.20500183105469,71.22000122070312,12888,0.0,0.0
2024-01-08 11:30:00-05:00,71.22000122070312,71.4000015258789,70.83499908447266,70.93000030517578,12890,0.0,0.0
2024-01-08 12:30:00-05:00,70.95500183105469,71.2249984741211,70.95500183105469,71.13999938964844,9424,0.0,0.0
2024-01-08 13:30:00-05:00,71.16000366210938,71.66999816894531,71.0999984741211,71.66999816894531,22966,0.0,0.0
2024-01-08 14:30:00-05:00,71.69999694824219,72.0250015258789,71.67500305175781,72.0250015258789,38938,0.0,0.0
2024-01-08 15:30:00-05:00,72.0199966430664,72.37999725341797,71.98999786376953,72.375,49071,0.0,0.0
2024-01-09 09:30:00-05:00,71.37999725341797,71.54499816894531,70.66000366210938,70.72000122070312,19336,0.0,0.0
2024-01-09 10:30:00-05:00,70.71099853515625,71.0999984741211,70.69999694824219,71.0999984741211,10634,0.0,0.0
2024-01-09 11:30:00-05:00,71.11499786376953,71.3499984741211,71.08000183105469,71.2699966430664,9787,0.0,0.0
2024-01-09 12:30:00-05:00,71.30000305175781,71.37999725341797,70.9000015258789,71.06289672851562,12072,0.0,0.0
2024-01-09 13:30:00-05:00,70.99500274658203,71.04499816894531,70.55000305175781,70.58000183105469,15041,0.0,0.0
2024-01-09 14:30:00-05:00,70.62000274658203,70.66000366210938,70.45999908447266,70.5,25657,0.0,0.0
2024-01-09 15:30:00-05:00,70.54000091552734,70.68000030517578,70.33999633789062,70.56999969482422,37100,0.0,0.0
2024-01-10 09:30:00-05:00,70.23999786376953,70.87999725341797,70.04000091552734,70.87999725341797,14520,0.0,0.0
2024-01-10 10:30:00-05:00,71.06999969482422,71.23999786376953,70.7699966430664,70.91000366210938,17042,0.0,0.0
2024-01-10 11:30:00-05:00,70.8499984741211,70.98999786376953,70.72000122070312,70.94499969482422,8574,0.0,0.0
2024-01-10 12:30:00-05:00,70.98999786376953,71.18499755859375,70.7699966430664,71.0199966430664,14638,0.0,0.0
2024-01-10 13:30:00-05:00,71.03500366210938,71.08000183105469,70.87999725341797,70.91000366210938,21151,0.0,0.0
2024-01-10 14:30:00-05:00,70.91000366210938,71.02999877929688,70.48999786376953,70.48999786376953,26683,0.0,0.0
2024-01-10 15:30:00-05:00,70.54000091552734,70.88999938964844,70.4800033569336,70.79000091552734,46309,0.0,0.0
2024-01-11 09:30:00-05:00,70.41000366210938,71.44000244140625,70.41000366210938,71.30999755859375,54061,0.0,0.0
2024-01-11 10:30:00-05:00,71.44000244140625,71.68499755859375,71.125,71.48999786376953,42645,0.0,0.0
2024-01-11 11:30:00-05:00,71.44000244140625,72.0,71.33000183105469,71.9800033569336,35307,0.0,0.0
2024-01-11 12:30:00-05:00,71.93499755859375,72.4800033569336,71.88999938964844,72.31500244140625,52603,0.0,0.0
2024-01-11 13:30:00-05:00,72.25,72.47000122070312,71.86000061035156,72.43499755859375,25042,0.0,0.0
2024-01-11 14:30:00-05:00,72.49500274658203,72.5,72.0999984741211,72.2300033569336,41802,0.0,0.0
2024-01-11 15:30:00-05:00,72.23999786376953,72.55000305175781,72.18000030517578,72.52999877929688,81058,0.0,0.0
2024-01-12 09:30:00-05:00,73.31999969482422,73.83000183105469,73.08000183105469,73.34500122070312,37053,0.0,0.0
2024-01-12 10:30:00-05:00,73.41000366210938,73.5,73.16999816894531,73.4800033569336,62342,0.0,0.0
2024-01-12 11:30:00-05:00,73.38999938964844,73.4000015258789,72.80000305175781,72.80000305175781,47050,0.0,0.0
2024-01-12 12:30:00-05:00,72.81999969482422,73.12000274658203,72.68000030517578,72.83000183105469,19942,0.0,0.0
2024-01-12 13:30:00-05:00,72.76000213623047,73.12000274658203,72.72000122070312,72.94000244140625,18308,0.0,0.0
2024-01-12 14:30:00-05:00,72.94000244140625,72.94999694824219,72.33499908447266,72.41000366210938,32651,0.0,0.0
2024-01-12 15:30:00-05:00,72.44000244140625,72.62000274658203,72.44000244140625,72.57499694824219,42428,0.0,0.0
2024-01-16 09:30:00-05:00,72.0,72.0,70.94000244140625,71.37999725341797,45282,0.0,0.0
2024-01-16 10:30:00-05:00,71.26000213623047,71.6500015258789,71.08499908447266,71.56999969482422,22401,0.0,0.0
2024-01-16 11:30:00-05:00,71.62000274658203,71.66000366210938,71.125,71.125,11410,0.0,0.0
2024-01-16 12:30:00-05:00,71.01000213623047,71.16000366210938,70.75,70.89009857177734,15346,0.0,0.0
2024-01-16 13:30:00-05:00,71.0,71.0,70.36000061035156,70.44999694824219,23050,0.0,0.0
2024-01-16 14:30:00-05:00,70.43250274658203,70.8499984741211,70.31999969482422,70.81999969482422,32743,0.0,0.0
2024-01-16 15:30:00-05:00,70.79000091552734,70.88999938964844,70.66999816894531,70.8499984741211,64969,0.0,0.0
2024-01-17 09:30:00-05:00,69.55999755859375,70.2249984741211,67.2083969116211,69.69000244140625,36740,0.0,0.0
2024-01-17 10:30:00-05:00,69.65499877929688,69.79000091552734,69.37000274658203,69.66000366210938,35265,0.0,0.0
2024-01-17 11:30:00-05:00,69.6500015258789,69.75,69.4634017944336,69.55500030517578,15679,0.0,0.0
2024-01-17 12:30:00-05:00,69.58999633789062,69.61000061035156,69.19999694824219,69.3499984741211,14318,0.0,0.0
2024-01-17 13:30:00-05:00,69.2699966430664,69.45999908447266,69.13999938964844,69.43499755859375,25688,0.0,0.0
2024-01-17 14:30:00-05:00,69.5199966430664,69.61000061035156,68.87999725341797,69.11499786376953,48690,0.0,0.0
2024-01-17 15:30:00-05:00,69.13999938964844,69.5250015258789,69.12000274658203,69.29000091552734,58317,0.0,0.0
2024-01-18 09:30:00-05:00,69.80999755859375,69.94999694824219,69.2300033569336,69.94999694824219,20541,0.0,0.0
2024-01-18 10:30:00-05:00,70.05999755859375,70.29499816894531,69.87000274658203,70.00499725341797,10792,0.0,0.0
2024-01-18 11:30:00-05:00,70.01499938964844,70.01499938964844,69.58999633789062,69.82499694824219,7880,0.0,0.0
2024-01-18 12:30:00-05:00,69.76000213623047,69.94499969482422,69.6500015258789,69.74500274658203,10077,0.0,0.0
2024-01-18 13:30:00-05:00,69.80000305175781,70.51000213623047,69.80000305175781,70.51000213623047,9539,0.0,0.0
2024-01-18 14:30:00-05:00,70.55999755859375,70.76000213623047,70.5,70.70999908447266,17287,0.0,0.0
2024-01-18 15:30:00-05:00,70.69000244140625,71.0199966430664,70.58000183105469,71.0,56545,0.0,0.0
2024-01-19 09:30:00-05:00,73.5199966430664,73.95999908447266,71.68000030517578,72.33000183105469,61890,0.0,0.0
2024-01-19 10:30:00-05:00,72.3499984741211,73.47000122070312,72.13999938964844,73.43000030517578,43261,0.0,0.0
2024-01-19 11:30:00-05:00,73.3949966430664,73.91999816894531,73.30000305175781,73.91999816894531,49937,0.0,0.0
2024-01-19 12:30:00-05:00,73.91000366210938,74.48999786376953,73.66999816894531,74.41000366210938,42533,0.0,0.0
2024-01-19 13:30:00-05:00,74.46649932861328,75.22000122070312,74.42009735107422,75.22000122070312,43444,0.0,0.0
2024-01-19 14:30:00-05:00,75.1500015258789,75.5999984741211,74.94000244140625,75.59500122070312,65981,0.0,0.0
2024-01-19 15:30:00-05:00,75.54010009765625,76.10600280761719,75.54010009765625,75.8499984741211,127350,0.0,0.0
2024-01-22 09:30:00-05:00,76.3499984741211,77.62999725341797,76.3499984741211,77.19999694824219,53918,0.0,0.0
2024-01-22 10:30:00-05:00,77.17500305175781,77.44000244140625,76.36190032958984,76.68499755859375,43288,0.0,0.0
2024-01-22 11:30:00-05:00,76.69000244140625,76.81999969482422,76.5,76.58000183105469,21568,0.0,0.0
2024-01-22 12:30:00-05:00,76.58999633789062,76.70999908447266,76.3949966430664,76.3949966430664,18711,0.0,0.0
2024-01-22 13:30:00-05:00,76.36499786376953,76.68000030517578,76.31999969482422,76.41999816894531,20408,0.0,0.0
2024-01-22 14:30:00-05:00,76.38500213623047,76.72000122070312,76.29000091552734,76.62999725341797,38047,0.0,0.0
2024-01-22 15:30:00-05:00,76.62999725341797,76.98999786376953,76.62999725341797,76.94000244140625,75006,0.0,0.0
2024-01-23 09:30:00-05:00,77.66000366210938,77.80999755859375,76.47000122070312,76.55000305175781,53535,0.0,0.0
2024-01-23 10:30:00-05:00,76.45999908447266,76.45999908447266,76.05000305175781,76.05000305175781,17602,0.0,0.0
2024-01-23 11:30:00-05:00,76.0,76.18499755859375,75.88999938964844,75.97000122070312,12298,0.0,0.0
2024-01-23 12:30:00-05:00,75.9800033569336,76.20999908447266,75.88999938964844,75.95999908447266,14173,0.0,0.0
2024-01-23 13:30:00-05:00,76.01000213623047,76.25,75.94000244140625,75.97000122070312,15856,0.0,0.0
2024-01-23 14:30:00-05:00,76.02999877929688,76.47000122070312,76.0,76.33999633789062,22419,0.0,0.0
2024-01-23 15:30:00-05:00,76.33999633789062,76.4000015258789,75.98999786376953,76.0999984741211,63297,0.0,0.0
2024-01-24 09:30:00-05:00,77.08999633789062,77.38999938964844,75.58999633789062,75.72000122070312,26487,0.0,0.0
2024-01-24 10:30:00-05:00,75.66500091552734,75.94000244140625,75.31500244140625,75.44999694824219,22251,0.0,0.0
2024-01-24 11:30:00-05:00,75.47000122070312,75.48999786376953,75.22000122070312,75.22000122070312,15221,0.0,0.0
2024-01-24 12:30:00-05:00,75.3499984741211,75.81500244140625,75.16000366210938,75.19499969482422,18259,0.0,0.0
2024-01-24 13:30:00-05:00,75.18000030517578,75.18000030517578,74.80999755859375,74.86000061035156,11359,0.0,0.0
2024-01-24 14:30:00-05:00,74.9000015258789,75.13999938964844,74.68009948730469,74.68009948730469,15846,0.0,0.0
2024-01-24 15:30:00-05:00,74.7699966430664,75.06999969482422,74.50499725341797,74.55999755859375,36271,0.0,0.0
2024-01-25 09:30:00-05:00,75.79000091552734,76.02999877929688,75.1500015258789,75.42500305175781,21809,0.0,0.0
2024-01-25 10:30:00-05:00,75.375,75.375,74.47000122070312,74.4800033569336,31312,0.0,0.0
2024-01-25 11:30:00-05:00,74.41000366210938,74.62999725341797,73.80999755859375,74.0,30938,0.0,0.0
2024-01-25 12:30:00-05:00,74.0,74.07499694824219,73.70999908447266,73.77999877929688,29585,0.0,0.0
2024-01-25 13:30:00-05:00,73.73999786376953,74.00499725341797,73.71499633789062,73.94499969482422,16718,0.0,0.0
2024-01-25 14:30:00-05:00,73.98999786376953,74.02999877929688,73.66000366210938,73.69000244140625,44651,0.0,0.0
2024-01-25 15:30:00-05:00,73.69000244140625,74.23999786376953,73.6050033569336,74.1500015258789,71915,0.0,0.0
2024-01-26 09:30:00-05:00,74.33999633789062,75.1500015258789,74.12000274658203,75.0,37654,0.0,0.0
2024-01-26 10:30:00-05:00,75.04000091552734,75.25,74.61000061035156,74.86499786376953,17033,0.0,0.0
2024-01-26 11:30:00-05:00,74.81999969482422,74.81999969482422,74.32499694824219,74.4000015258789,64269,0.0,0.0
2024-01-26 12:30:00-05:00,74.26000213623047,74.36000061035156,73.9000015258789,74.1449966430664,8264,0.0,0.0
2024-01-26 13:30:00-05:00,74.0999984741211,74.37000274658203,74.06999969482422,74.23999786376953,11192,0.0,0.0
2024-01-26 14:30:00-05:00,74.17500305175781,74.25,73.9800033569336,74.0199966430664,11175,0.0,0.0
2024-01-26 15:30:00-05:00,74.00499725341797,74.052001953125,73.91999816894531,73.94000244140625,30898,0.0,0.0
2024-01-29 09:30:00-05:00,73.58999633789062,73.91999816894531,72.86669921875,73.30000305175781,19150,0.0,0.0
2024-01-29 10:30:00-05:00,73.247802734375,73.7249984741211,73.1500015258789,73.55000305175781,19997,0.0,0.0
2024-01-29 11:30:00-05:00,73.51000213623047,73.74459838867188,73.41000366210938,73.66000366210938,43524,0.0,0.0
2024-01-29 12:30:00-05:00,73.72000122070312,74.08000183105469,73.70999908447266,73.95999908447266,16712,0.0,0.0
2024-01-29 13:30:00-05:00,73.94999694824219,74.16000366210938,73.94000244140625,74.0999984741211,10047,0.0,0.0
2024-01-29 14:30:00-05:00,74.22000122070312,74.37000274658203,73.94499969482422,74.30000305175781,24309,0.0,0.0
2024-01-29 15:30:00-05:00,74.37999725341797,74.41000366210938,74.05000305175781,74.30000305175781,76012,0.0,0.0
2024-01-30 09:30:00-05:00,73.75,74.08999633789062,73.36000061035156,73.53500366210938,64652,0.0,0.0
2024-01-30 10:30:00-05:00,73.61000061035156,73.62000274658203,73.36000061035156,73.45120239257812,19360,0.0,0.0
2024-01-30 11:30:00-05:00,73.48999786376953,73.7249984741211,73.4800033569336,73.68000030517578,16188,0.0,0.0
2024-01-30 12:30:00-05:00,73.63999938964844,73.63999938964844,73.1500015258789,73.43000030517578,14923,0.0,0.0
2024-01-30 13:30:00-05:00,73.44999694824219,73.62000274658203,73.2699966430664,73.61000061035156,15177,0.0,0.0
2024-01-30 14:30:00-05:00,73.69000244140625,73.69000244140625,73.22000122070312,73.41999816894531,25424,0.0,0.0
2024-01-30 15:30:00-05:00,73.41000366210938,73.55000305175781,73.20999908447266,73.20999908447266,60760,0.0,0.0
2024-01-31 09:30:00-05:00,73.0,73.87000274658203,72.7791976928711,73.61000061035156,46042,0.0,0.0
2024-01-31 10:30:00-05:00,73.66500091552734,73.74250030517578,73.36000061035156,73.48500061035156,20839,0.0,0.0
2024-01-31 11:30:00-05:00,73.43499755859375,73.43499755859375,73.0,73.38999938964844,24243,0.0,0.0
2024-01-31 12:30:00-05:00,73.37000274658203,73.47000122070312,73.23999786376953,73.3949966430664,20105,0.0,0.0
2024-01-31 13:30:00-05:00,73.45500183105469,73.65499877929688,73.05000305175781,73.19999694824219,20644,0.0,0.0
2024-01-31 14:30:00-05:00,73.19499969482422,74.20999908447266,72.4000015258789,72.52999877929688,52205,0.0,0.0
2024-01-31 15:30:00-05:00,72.37000274658203,72.37000274658203,71.97000122070312,72.0999984741211,62495,0.0,0.0
2024-02-01 09:30:00-05:00,72.83999633789062,73.0,72.5199966430664,73.0,32567,0.0,0.0
2024-02-01 10:30:00-05:00,73.0,73.0,72.37460327148438,72.37460327148438,15378,0.0,0.0
2024-02-01 11:30:00-05:00,72.43000030517578,72.91999816894531,72.36000061035156,72.69999694824219,12171,0.0,0.0
2024-02-01 12:30:00-05:00,72.7699966430664,73.44999694824219,72.7699966430664,73.1500015258789,15143,0.0,0.0
2024-02-01 13:30:00-05:00,73.20500183105469,73.22000122070312,72.91010284423828,72.9800033569336,15276,0.0,0.0
2024-02-01 14:30:00-05:00,72.91999816894531,73.15499877929688,72.86000061035156,73.00499725341797,22916,0.0,0.0
2024-02-01 15:30:00-05:00,73.05999755859375,73.4000015258789,73.02999877929688,73.22000122070312,51009,0.0,0.0
2024-02-02 09:30:00-05:00,72.5199966430664,72.6500015258789,72.19999694824219,72.63999938964844,20219,0.0,0.0
2024-02-02 10:30:00-05:00,72.58999633789062,73.3499984741211,72.58000183105469,73.3499984741211,40591,0.0,0.0
2024-02-02 11:30:00-05:00,73.3499984741211,73.44499969482422,73.09500122070312,73.41999816894531,26136,0.0,0.0
2024-02-02 12:30:00-05:00,73.43000030517578,73.55000305175781,72.94499969482422,73.11000061035156,17065,0.0,0.0
2024-02-02 13:30:00-05:00,73.12999725341797,73.5999984741211,73.05999755859375,73.41000366210938,21371,0.0,0.0
2024-02-02 14:30:00-05:00,73.4800033569336,73.83999633789062,73.41999816894531,73.5999984741211,27762,0.0,0.0
2024-02-02 15:30:00-05:00,73.62999725341797,73.75,73.36000061035156,73.36000061035156,47999,0.0,0.0
2024-02-05 09:30:00-05:00,72.41000366210938,72.41500091552734,71.0,71.4000015258789,38371,0.0,0.0
2024-02-05 10:30:00-05:00,71.4000015258789,71.83000183105469,71.31999969482422,71.83000183105469,20941,0.0,0.0
2024-02-05 11:30:00-05:00,71.92500305175781,72.19000244140625,71.77999877929688,72.19000244140625,12261,0.0,0.0
2024-02-05 12:30:00-05:00,72.27999877929688,72.29000091552734,72.0199966430664,72.04000091552734,19589,0.0,0.0
2024-02-05 13:30:00-05:00,72.0,72.37999725341797,71.97000122070312,72.20500183105469,17352,0.0,0.0
2024-02-05 14:30:00-05:00,72.16999816894531,72.23999786376953,71.66999816894531,71.7699966430664,27009,0.0,0.0
2024-02-05 15:30:00-05:00,71.73999786376953,71.8550033569336,71.27999877929688,71.30000305175781,54497,0.0,0.0
2024-02-06 09:30:00-05:00,71.26000213623047,71.8550033569336,71.26000213623047,71.58000183105469,18274,0.0,0.0
2024-02-06 10:30:00-05:00,71.70500183105469,72.31500244140625,71.70500183105469,72.31500244140625,22395,0.0,0.0
2024-02-06 11:30:00-05:00,72.41500091552734,72.5,72.0199966430664,72.23999786376953,12918,0.0,0.0
2024-02-06 12:30:00-05:00,72.26499938964844,72.50849914550781,72.25,72.33000183105469,9761,0.0,0.0
2024-02-06 13:30:00-05:00,72.38500213623047,72.66999816894531,72.30999755859375,72.41000366210938,16620,0.0,0.0
2024-02-06 14:30:00-05:00,72.41000366210938,72.73500061035156,72.27999877929688,72.66999816894531,17384,0.0,0.0
2024-02-06 15:30:00-05:00,72.61000061035156,72.72000122070312,72.4800033569336,72.66000366210938,32633,0.0,0.0
2024-02-07 09:30:00-05:00,72.87000274658203,73.19000244140625,72.58499908447266,73.19000244140625,16941,0.0,0.0
2024-02-07 10:30:00-05:00,73.16000366210938,73.54000091552734,73.02999877929688,73.20999908447266,14468,0.0,0.0
2024-02-07 11:30:00-05:00,73.11000061035156,73.22000122070312,72.81999969482422,73.05400085449219,13894,0.0,0.0
2024-02-07 12:30:00-05:00,73.04000091552734,73.32499694824219,72.98999786376953,73.31999969482422,9867,0.0,0.0
2024-02-07 13:30:00-05:00,73.44999694824219,73.6500015258789,73.23999786376953,73.6500015258789,17514,0.0,0.0
2024-02-07 14:30:00-05:00,73.6500015258789,74.1500015258789,73.5199966430664,74.13500213623047,38962,0.0,0.0
2024-02-07 15:30:00-05:00,74.10199737548828,74.13999938964844,73.87999725341797,74.08999633789062,80243,0.0,0.0
2024-02-08 09:30:00-05:00,74.02999877929688,74.81999969482422,74.02999877929688,74.63999938964844,12389,0.0,0.0
2024-02-08 10:30:00-05:00,74.77999877929688,74.8499984741211,74.56999969482422,74.74500274658203,12006,0.0,0.0
2024-02-08 11:30:00-05:00,74.74500274658203,75.08000183105469,74.74500274658203,75.02999877929688,16367,0.0,0.0
2024-02-08 12:30:00-05:00,74.9800033569336,75.0,74.77999877929688,74.77999877929688,12247,0.0,0.0
2024-02-08 13:30:00-05:00,74.8499984741211,75.13999938964844,74.80000305175781,75.04499816894531,14896,0.0,0.0
2024-02-08 14:30:00-05:00,75.01000213623047,75.08999633789062,74.97000122070312,74.98500061035156,20737,0.0,0.0
2024-02-08 15:30:00-05:00,74.98999786376953,75.43000030517578,74.9175033569336,75.41999816894531,39642,0.0,0.0
2024-02-09 09:30:00-05:00,75.44999694824219,75.94000244140625,74.80999755859375,75.6050033569336,26972,0.0,0.0
2024-02-09 10:30:00-05:00,75.6500015258789,75.6500015258789,74.93499755859375,75.05000305175781,12068,0.0,0.0
2024-02-09 11:30:00-05:00,75.03500366210938,75.38999938964844,75.03500366210938,75.38999938964844,12946,0.0,0.0
2024-02-09 12:30:00-05:00,75.44000244140625,76.0,75.34500122070312,76.0,13721,0.0,0.0
2024-02-09 13:30:00-05:00,76.00499725341797,76.36000061035156,75.98999786376953,76.31500244140625,12805,0.0,0.0
2024-02-09 14:30:00-05:00,76.30000305175781,76.41999816894531,76.01499938964844,76.3550033569336,21140,0.0,0.0
2024-02-09 15:30:00-05:00,76.3499984741211,76.55999755859375,76.26000213623047,76.44000244140625,54001,0.0,0.0
2024-02-12 09:30:00-05:00,76.63999938964844,76.69999694824219,76.05000305175781,76.32499694824219,25704,0.0,0.0
2024-02-12 10:30:00-05:00,76.33999633789062,76.5199966430664,76.08999633789062,76.20999908447266,22790,0.0,0.0
2024-02-12 11:30:00-05:00,76.2300033569336,76.83000183105469,76.22000122070312,76.55000305175781,28427,0.0,0.0
2024-02-12 12:30:00-05:00,76.72000122070312,76.87999725341797,76.61000061035156,76.77999877929688,16937,0.0,0.0
2024-02-12 13:30:00-05:00,76.80000305175781,76.87000274658203,76.30999755859375,76.34500122070312,19646,0.0,0.0
2024-02-12 14:30:00-05:00,76.3499984741211,76.49500274658203,75.93000030517578,75.9800033569336,19997,0.0,0.0
2024-02-12 15:30:00-05:00,76.02999877929688,76.30000305175781,75.8895034790039,76.05000305175781,47929,0.0,0.0
2024-02-13 09:30:00-05:00,72.93000030517578,73.70500183105469,71.72000122070312,72.37000274658203,53252,0.0,0.0
2024-02-13 10:30:00-05:00,72.38999938964844,73.83999633789062,72.30999755859375,73.66999816894531,43522,0.0,0.0
2024-02-13 11:30:00-05:00,73.7300033569336,74.06999969482422,73.30999755859375,73.30999755859375,22649,0.0,0.0
2024-02-13 12:30:00-05:00,73.30500030517578,73.58000183105469,73.20999908447266,73.3949966430664,15768,0.0,0.0
2024-02-13 13:30:00-05:00,73.31999969482422,73.41000366210938,72.66799926757812,72.93000030517578,27409,0.0,0.0
2024-02-13 14:30:00-05:00,72.80999755859375,72.98999786376953,72.44999694824219,72.77999877929688,61023,0.0,0.0
2024-02-13 15:30:00-05:00,72.81999969482422,72.8499984741211,72.05000305175781,72.52999877929688,123146,0.0,0.0
2024-02-14 09:30:00-05:00,73.72000122070312,74.61000061035156,73.1449966430664,74.43499755859375,43183,0.0,0.0
2024-02-14 10:30:00-05:00,74.54000091552734,74.625,74.06999969482422,74.30000305175781,18811,0.0,0.0
2024-02-14 11:30:00-05:00,74.3499984741211,74.56999969482422,73.76000213623047,74.2239990234375,21752,0.0,0.0
2024-02-14 12:30:00-05:00,74.22000122070312,74.41999816894531,73.9800033569336,74.36000061035156,44879,0.0,0.0
2024-02-14 13:30:00-05:00,74.41000366210938,75.08000183105469,74.38999938964844,75.08000183105469,16423,0.0,0.0
2024-02-14 14:30:00-05:00,75.02999877929688,75.58999633789062,74.98999786376953,75.49500274658203,29593,0.0,0.0
2024-02-14 15:30:00-05:00,75.49500274658203,75.88999938964844,75.41999816894531,75.62999725341797,57417,0.0,0.0
2024-02-15 09:30:00-05:00,76.9000015258789,76.9000015258789,76.18000030517578,76.68499755859375,22449,0.0,0.0
2024-02-15 10:30:00-05:00,76.61000061035156,76.7699966430664,76.36000061035156,76.70999908447266,11884,0.0,0.0
2024-02-15 11:30:00-05:00,76.7300033569336,76.83000183105469,76.41000366210938,76.63999938964844,11008,0.0,0.0
2024-02-15 12:30:00-05:00,76.7300033569336,76.83999633789062,76.46499633789062,76.83499908447266,13305,0.0,0.0
2024-02-15 13:30:00-05:00,76.91000366210938,77.41500091552734,76.86000061035156,77.41500091552734,21338,0.0,0.0
2024-02-15 14:30:00-05:00,77.41000366210938,77.51000213623047,77.13999938964844,77.31999969482422,31828,0.0,0.0
2024-02-15 15:30:00-05:00,77.27999877929688,77.54000091552734,77.19000244140625,77.37000274658203,56486,0.0,0.0
2024-02-16 09:30:00-05:00,76.77999877929688,76.84500122070312,76.22000122070312,76.63500213623047,33400,0.0,0.0
2024-02-16 10:30:00-05:00,76.55999755859375,76.95999908447266,76.44999694824219,76.79000091552734,29926,0.0,0.0
2024-02-16 11:30:00-05:00,76.80500030517578,77.04000091552734,76.6500015258789,77.00499725341797,19467,0.0,0.0
2024-02-16 12:30:00-05:00,77.04000091552734,77.0999984741211,76.83489990234375,76.8499984741211,10472,0.0,0.0
2024-02-16 13:30:00-05:00,76.94499969482422,77.16500091552734,76.90139770507812,77.06999969482422,10336,0.0,0.0
2024-02-16 14:30:00-05:00,77.0199966430664,77.07499694824219,76.48999786376953,76.66000366210938,21953,0.0,0.0
2024-02-16 15:30:00-05:00,76.68000030517578,76.78500366210938,76.41999816894531,76.5,50248,0.0,0.0
2024-02-20 09:30:00-05:00,75.54000091552734,75.94000244140625,75.04499816894531,75.76799774169922,40838,0.0,0.0
2024-02-20 10:30:00-05:00,75.62999725341797,75.94999694824219,75.32499694824219,75.4800033569336,26677,0.0,0.0
2024-02-20 11:30:00-05:00,75.5,75.5,75.19999694824219,75.19999694824219,23634,0.0,0.0
2024-02-20 12:30:00-05:00,75.23500061035156,75.5199966430664,75.22000122070312,75.2699966430664,19056,0.0,0.0
2024-02-20 13:30:00-05:00,75.26000213623047,75.26000213623047,75.07749938964844,75.19999694824219,24331,0.0,0.0
2024-02-20 14:30:00-05:00,75.16000366210938,75.52839660644531,75.0999984741211,75.48699951171875,31942,0.0,0.0
2024-02-20 15:30:00-05:00,75.44999694824219,75.47000122070312,75.18000030517578,75.44000244140625,61165,0.0,0.0
2024-02-21 09:30:00-05:00,75.0,75.30000305175781,74.63500213623047,74.63500213623047,18831,0.0,0.0
2024-02-21 10:30:00-05:00,74.58999633789062,74.58999633789062,74.02999877929688,74.23999786376953,22997,0.0,0.0
2024-02-21 11:30:00-05:00,74.19999694824219,74.19999694824219,73.88999938964844,74.08499908447266,27153,0.0,0.0
2024-02-21 12:30:00-05:00,74.11000061035156,74.1500015258789,73.8949966430664,74.05000305175781,23262,0.0,0.0
2024-02-21 13:30:00-05:00,74.06500244140625,74.30500030517578,73.73999786376953,73.83999633789062,17400,0.0,0.0
2024-02-21 14:30:00-05:00,73.80999755859375,73.87999725341797,73.72000122070312,73.80000305175781,23431,0.0,0.0
2024-02-21 15:30:00-05:00,73.82499694824219,74.51000213623047,73.80999755859375,74.51000213623047,55250,0.0,0.0
2024-02-22 09:30:00-05:00,75.05000305175781,75.05000305175781,73.63999938964844,73.84500122070312,43052,0.0,0.0
2024-02-22 10:30:00-05:00,73.94000244140625,74.16999816894531,73.71499633789062,74.08999633789062,32666,0.0,0.0
2024-02-22 11:30:00-05:00,74.18000030517578,74.19000244140625,73.87999725341797,74.16999816894531,19975,0.0,0.0
2024-02-22 12:30:00-05:00,74.16999816894531,74.43000030517578,73.9000015258789,73.9800033569336,31109,0.0,0.0
2024-02-22 13:30:00-05:00,74.00499725341797,74.70999908447266,73.98500061035156,74.65499877929688,26389,0.0,0.0
2024-02-22 14:30:00-05:00,74.62999725341797,74.63999938964844,74.29000091552734,74.625,29191,0.0,0.0
2024-02-22 15:30:00-05:00,74.64949798583984,75.12999725341797,74.54000091552734,75.08999633789062,65880,0.0,0.0
2024-02-23 09:30:00-05:00,75.5199966430664,76.24980163574219,74.41500091552734,74.96499633789062,44786,0.0,0.0
2024-02-23 10:30:00-05:00,74.82009887695312,74.97000122070312,74.48999786376953,74.77999877929688,26782,0.0,0.0
2024-02-23 11:30:00-05:00,74.83000183105469,75.23500061035156,74.44999694824219,75.09500122070312,46371,0.0,0.0
2024-02-23 12:30:00-05:00,75.0199966430664,75.44999694824219,75.01000213623047,75.41799926757812,49457,0.0,0.0
2024-02-23 13:30:00-05:00,75.41999816894531,75.63500213623047,75.01000213623047,75.05999755859375,39537,0.0,0.0
2024-02-23 14:30:00-05:00,75.05999755859375,75.30000305175781,74.9800033569336,75.18000030517578,60962,0.0,0.0
2024-02-23 15:30:00-05:00,75.18000030517578,75.20999908447266,74.6500015258789,74.88500213623047,172325,0.0,0.0
2024-02-26 09:30:00-05:00,90.84750366210938,90.91999816894531,83.5999984741211,86.91000366210938,606288,0.0,0.0
2024-02-26 10:30:00-05:00,86.7925033569336,88.86000061035156,85.61009979248047,88.44000244140625,324729,0.0,0.0
2024-02-26 11:30:00-05:00,88.44999694824219,89.88999938964844,87.51000213623047,89.80000305175781,133869,0.0,0.0
2024-02-26 12:30:00-05:00,89.80999755859375,92.23999786376953,89.55999755859375,91.97000122070312,243323,0.0,0.0
2024-02-26 13:30:00-05:00,91.91000366210938,91.92500305175781,89.4000015258789,90.04280090332031,192991,0.0,0.0
2024-02-26 14:30:00-05:00,89.91739654541016,90.54000091552734,89.26000213623047,90.43499755859375,161384,0.0,0.0
2024-02-26 15:30:00-05:00,90.5,91.58000183105469,90.20999908447266,91.4800033569336,284897,0.0,0.0
2024-02-27 09:30:00-05:00,93.58000183105469,94.58999633789062,90.20999908447266,90.94999694824219,200314,0.0,0.0
2024-02-27 10:30:00-05:00,90.9749984741211,93.5,90.12000274658203,92.91000366210938,239673,0.0,0.0
2024-02-27 11:30:00-05:00,92.91999816894531,93.25,90.95999908447266,91.02999877929688,248570,0.0,0.0
2024-02-27 12:30:00-05:00,91.05000305175781,91.86000061035156,90.80000305175781,91.58820343017578,121816,0.0,0.0
2024-02-27 13:30:00-05:00,91.55999755859375,92.19999694824219,91.0801010131836,91.97799682617188,126315,0.0,0.0
2024-02-27 14:30:00-05:00,92.04000091552734,92.58000183105469,91.79000091552734,91.83999633789062,86703,0.0,0.0
2024-02-27 15:30:00-05:00,91.87000274658203,91.87000274658203,90.69999694824219,91.0999984741211,160425,0.0,0.0
2024-02-28 09:30:00-05:00,90.11000061035156,91.6500015258789,89.5790023803711,91.23500061035156,150211,0.0,0.0
2024-02-28 10:30:00-05:00,91.23999786376953,94.29499816894531,91.23999786376953,93.36499786376953,171169,0.0,0.0
2024-02-28 11:30:00-05:00,93.45999908447266,93.94999694824219,92.7750015258789,92.91999816894531,146545,0.0,0.0
2024-02-28 12:30:00-05:00,92.9000015258789,93.44999694824219,92.80999755859375,93.1500015258789,110527,0.0,0.0
2024-02-28 13:30:00-05:00,93.30000305175781,93.63500213623047,93.16999816894531,93.37999725341797,118729,0.0,0.0
2024-02-28 14:30:00-05:00,93.3499984741211,93.7249984741211,93.30999755859375,93.58999633789062,114116,0.0,0.0
2024-02-28 15:30:00-05:00,93.55999755859375,94.38999938964844,93.44000244140625,94.16999816894531,179673,0.0,0.0
2024-02-29 09:30:00-05:00,94.48919677734375,94.69000244140625,93.12999725341797,93.16000366210938,78091,0.0,0.0
2024-02-29 10:30:00-05:00,93.26000213623047,93.2699966430664,92.11000061035156,92.61000061035156,53405,0.0,0.0
2024-02-29 11:30:00-05:00,92.55000305175781,93.38500213623047,92.29000091552734,92.93499755859375,41377,0.0,0.0
2024-02-29 12:30:00-05:00,92.88829803466797,93.18000030517578,92.80000305175781,93.16999816894531,31438,0.0,0.0
2024-02-29 13:30:00-05:00,93.0,93.12000274658203,92.18000030517578,92.27249908447266,35338,0.0,0.0
2024-02-29 14:30:00-05:00,92.22350311279297,92.91000366210938,92.1449966430664,92.87999725341797,45897,0.0,0.0
2024-02-29 15:30:00-05:00,92.94999694824219,93.16999816894531,92.16699981689453,92.68000030517578,94565,0.0,0.0
2024-03-01 09:30:00-05:00,92.7699966430664,93.19999694824219,92.41999816894531,92.67500305175781,27016,0.0,0.0
2024-03-01 10:30:00-05:00,92.65499877929688,93.62000274658203,92.51000213623047,93.54000091552734,49768,0.0,0.0
2024-03-01 11:30:00-05:00,93.54499816894531,93.66000366210938,93.31500244140625,93.44000244140625,51188,0.0,0.0
2024-03-01 12:30:00-05:00,93.44000244140625,93.97000122070312,93.44000244140625,93.5250015258789,28569,0.0,0.0
2024-03-01 13:30:00-05:00,93.48999786376953,94.32499694824219,93.43499755859375,94.27999877929688,35569,0.0,0.0
2024-03-01 14:30:00-05:00,94.20330047607422,94.37999725341797,93.38999938964844,93.38999938964844,53605,0.0,0.0
2024-03-01 15:30:00-05:00,93.4749984741211,93.68000030517578,93.1050033569336,93.13999938964844,64082,0.0,0.0
2024-03-04 09:30:00-05:00,93.16999816894531,94.38999938964844,92.80999755859375,93.4000015258789,41578,0.0,0.0
2024-03-04 10:30:00-05:00,93.4000015258789,94.6050033569336,93.33999633789062,94.45500183105469,17853,0.0,0.0
2024-03-04 11:30:00-05:00,94.43000030517578,94.80500030517578,94.1500015258789,94.80500030517578,18767,0.0,0.0
2024-03-04 12:30:00-05:00,94.77999877929688,95.0,94.63890075683594,94.94850158691406,12530,0.0,0.0
2024-03-04 13:30:00-05:00,95.06999969482422,95.19999694824219,94.79499816894531,94.79499816894531,13788,0.0,0.0
2024-03-04 14:30:00-05:00,94.78500366210938,95.33999633789062,94.76499938964844,94.94999694824219,22666,0.0,0.0
2024-03-04 15:30:00-05:00,94.93620300292969,94.93620300292969,93.72000122070312,93.7300033569336,126632,0.0,0.0
2024-03-05 09:30:00-05:00,93.01010131835938,93.72000122070312,93.01000213623047,93.6500015258789,29019,0.0,0.0
2024-03-05 10:30:00-05:00,93.68499755859375,94.38999938964844,93.38390350341797,94.38999938964844,21704,0.0,0.0
2024-03-05 11:30:00-05:00,94.5199966430664,94.66999816894531,94.23999786376953,94.38999938964844,15357,0.0,0.0
2024-03-05 12:30:00-05:00,94.38610076904297,94.46089935302734,93.18000030517578,93.27999877929688,44279,0.0,0.0
2024-03-05 13:30:00-05:00,93.1500015258789,93.1500015258789,92.26000213623047,92.77749633789062,22562,0.0,0.0
2024-03-05 14:30:00-05:00,92.80999755859375,92.91999816894531,92.31999969482422,92.83000183105469,45859,0.0,0.0
2024-03-05 15:30:00-05:00,92.81500244140625,92.83999633789062,92.23999786376953,92.37000274658203,137467,0.0,0.0
2024-03-06 09:30:00-05:00,93.48999786376953,95.0,93.04000091552734,94.98999786376953,33427,0.0,0.0
2024-03-06 10:30:00-05:00,95.11000061035156,95.61000061035156,94.91999816894531,95.41000366210938,13066,0.0,0.0
2024-03-06 11:30:00-05:00,95.5,95.58000183105469,95.04000091552734,95.46499633789062,14374,0.0,0.0
2024-03-06 12:30:00-05:00,95.37999725341797,95.5999984741211,95.27999877929688,95.34860229492188,13957,0.0,0.0
2024-03-06 13:30:00-05:00,95.30000305175781,95.79000091552734,94.7699966430664,95.79000091552734,34038,0.0,0.0
2024-03-06 14:30:00-05:00,95.73999786376953,95.7750015258789,95.02999877929688,95.25,51126,0.0,0.0
2024-03-06 15:30:00-05:00,95.17500305175781,95.45999908447266,94.94010162353516,95.30999755859375,119572,0.0,0.0
2024-03-07 09:30:00-05:00,95.7300033569336,96.2499008178711,94.73500061035156,95.25,37338,0.0,0.0
2024-03-07 10:30:00-05:00,95.2249984741211,95.5999984741211,94.8949966430664,95.24500274658203,56691,0.0,0.0
2024-03-07 11:30:00-05:00,95.25,95.45999908447266,95.09500122070312,95.43000030517578,26778,0.0,0.0
2024-03-07 12:30:00-05:00,95.43000030517578,95.5199966430664,95.0199966430664,95.0199966430664,32817,0.0,0.0
2024-03-07 13:30:00-05:00,95.04000091552734,95.04000091552734,94.44999694824219,94.58999633789062,44864,0.0,0.0
2024-03-07 14:30:00-05:00,94.625,95.4000015258789,94.625,95.16999816894531,60782,0.0,0.0
2024-03-07 15:30:00-05:00,95.22000122070312,95.94000244140625,95.22000122070312,95.91999816894531,152777,0.0,0.0
2024-03-08 09:30:00-05:00,96.5,96.7300033569336,95.27999877929688,95.51000213623047,55426,0.0,0.0
2024-03-08 10:30:00-05:00,95.46499633789062,96.32499694824219,95.31999969482422,95.97000122070312,25557,0.0,0.0
2024-03-08 11:30:00-05:00,95.97000122070312,96.30500030517578,95.91500091552734,96.15249633789062,34336,0.0,0.0
2024-03-08 12:30:00-05:00,96.15499877929688,96.2300033569336,95.2300033569336,95.25170135498047,23894,0.0,0.0
2024-03-08 13:30:00-05:00,95.1500015258789,95.25,94.81999969482422,95.08999633789062,26809,0.0,0.0
2024-03-08 14:30:00-05:00,95.125,95.63500213623047,94.8949966430664,95.0199966430664,54331,0.0,0.0
2024-03-08 15:30:00-05:00,95.0,95.2249984741211,94.81500244140625,94.95999908447266,51085,0.0,0.0
2024-03-11 09:30:00-04:00,94.42500305175781,95.75,93.54499816894531,94.86000061035156,60042,0.0,0.0
2024-03-11 10:30:00-04:00,94.91000366210938,95.0,94.30000305175781,94.31500244140625,33522,0.0,0.0
2024-03-11 11:30:00-04:00,94.31999969482422,94.33499908447266,93.86000061035156,93.9209976196289,37918,0.0,0.0
2024-03-11 12:30:00-04:00,93.94999694824219,94.30999755859375,93.62000274658203,94.02999877929688,36349,0.0,0.0
2024-03-11 13:30:00-04:00,94.02999877929688,94.08999633789062,93.65499877929688,93.7699966430664,29541,0.0,0.0
2024-03-11 14:30:00-04:00,93.75,93.75,92.79000091552734,92.94999694824219,95120,0.0,0.0
2024-03-11 15:30:00-04:00,92.93000030517578,92.9489974975586,92.2699966430664,92.7699966430664,148491,0.0,0.0
2024-03-12 09:30:00-04:00,92.7300033569336,92.7300033569336,90.44499969482422,90.75499725341797,90241,0.0,0.0
2024-03-12 10:30:00-04:00,90.77999877929688,91.08499908447266,89.80999755859375,91.06999969482422,148696,0.0,0.0
2024-03-12 11:30:00-04:00,91.06999969482422,91.32499694824219,90.81999969482422,91.18499755859375,43721,0.0,0.0
2024-03-12 12:30:00-04:00,91.26000213623047,91.4000015258789,90.2699966430664,91.4000015258789,71584,0.0,0.0
2024-03-12 13:30:00-04:00,91.38999938964844,91.86000061035156,91.27999877929688,91.86000061035156,50669,0.0,0.0
2024-03-12 14:30:00-04:00,91.8499984741211,92.4800033569336,91.68000030517578,91.68000030517578,282422,0.0,0.0
2024-03-12 15:30:00-04:00,91.66999816894531,92.05999755859375,91.26000213623047,91.52999877929688,105939,0.0,0.0
2024-03-13 09:30:00-04:00,91.68000030517578,92.47000122070312,90.70010375976562,90.75,38474,0.0,0.0
2024-03-13 10:30:00-04:00,90.7699966430664,90.7699966430664,90.02999877929688,90.23999786376953,47319,0.0,0.0
2024-03-13 11:30:00-04:00,90.13999938964844,90.16999816894531,89.75,89.75,32588,0.0,0.0
2024-03-13 12:30:00-04:00,89.77999877929688,90.28250122070312,89.61000061035156,90.16999816894531,27577,0.0,0.0
2024-03-13 13:30:00-04:00,90.22000122070312,90.22000122070312,89.66000366210938,89.66000366210938,51433,0.0,0.0
2024-03-13 14:30:00-04:00,89.70999908447266,90.38619995117188,88.89009857177734,89.12000274658203,56947,0.0,0.0
2024-03-13 15:30:00-04:00,89.22000122070312,89.30999755859375,88.65499877929688,89.26000213623047,147796,0.0,0.0
2024-03-14 09:30:00-04:00,89.52999877929688,89.52999877929688,87.33000183105469,88.75,45438,0.0,0.0
2024-03-14 10:30:00-04:00,88.76000213623047,88.82499694824219,88.33499908447266,88.44999694824219,19233,0.0,0.0
2024-03-14 11:30:00-04:00,88.58999633789062,88.7300033569336,88.30000305175781,88.43000030517578,24815,0.0,0.0
2024-03-14 12:30:00-04:00,88.37000274658203,88.37000274658203,87.80999755859375,87.91999816894531,21127,0.0,0.0
2024-03-14 13:30:00-04:00,87.94499969482422,88.06999969482422,87.55999755859375,87.55999755859375,34557,0.0,0.0
2024-03-14 14:30:00-04:00,87.55000305175781,87.62000274658203,86.4000015258789,86.44000244140625,68171,0.0,0.0
2024-03-14 15:30:00-04:00,86.44000244140625,87.2699966430664,86.37999725341797,87.25,108395,0.0,0.0
2024-03-15 09:30:00-04:00,86.62000274658203,87.3302001953125,86.62000274658203,87.25,107908,0.0,0.0
2024-03-15 10:30:00-04:00,87.2300033569336,87.25,86.79000091552734,87.0,23618,0.0,0.0
2024-03-15 11:30:00-04:00,87.04000091552734,87.11000061035156,86.25,86.37999725341797,24085,0.0,0.0
2024-03-15 12:30:00-04:00,86.37000274658203,86.76000213623047,86.16999816894531,86.66999816894531,25910,0.0,0.0
2024-03-15 13:30:00-04:00,86.69999694824219,87.0,86.63999938964844,86.7699966430664,23468,0.0,0.0
2024-03-15 14:30:00-04:00,86.7699966430664,86.8949966430664,86.38999938964844,86.44000244140625,27035,0.0,0.0
2024-03-15 15:30:00-04:00,86.48999786376953,87.33999633789062,86.48999786376953,86.9000015258789,196994,0.0,0.0
2024-03-18 09:30:00-04:00,87.58999633789062,87.81500244140625,86.86000061035156,87.25499725341797,27160,0.0,0.0
2024-03-18 10:30:00-04:00,87.13999938964844,87.79000091552734,86.87999725341797,86.8949966430664,46711,0.0,0.0
2024-03-18 11:30:00-04:00,86.81999969482422,87.26000213623047,86.80000305175781,87.16000366210938,18253,0.0,0.0
2024-03-18 12:30:00-04:00,87.24500274658203,87.5199966430664,86.86000061035156,87.4749984741211,21562,0.0,0.0
2024-03-18 13:30:00-04:00,87.41999816894531,87.91999816894531,87.31099700927734,87.80500030517578,32673,0.0,0.0
2024-03-18 14:30:00-04:00,87.80000305175781,87.8499984741211,87.20999908447266,87.48500061035156,40355,0.0,0.0
2024-03-18 15:30:00-04:00,87.5199966430664,87.66000366210938,87.1500015258789,87.4800033569336,77193,0.0,0.0
2024-03-19 09:30:00-04:00,87.31999969482422,87.83000183105469,87.01000213623047,87.55999755859375,35813,0.0,0.0
2024-03-19 10:30:00-04:00,87.61250305175781,88.29499816894531,87.41000366210938,87.41999816894531,47442,0.0,0.0
2024-03-19 11:30:00-04:00,87.4800033569336,87.54000091552734,86.69999694824219,87.13999938964844,41939,0.0,0.0
2024-03-19 12:30:00-04:00,87.02999877929688,87.8499984741211,86.98999786376953,87.55000305175781,53735,0.0,0.0
2024-03-19 13:30:00-04:00,87.5,87.5,87.11000061035156,87.16000366210938,27253,0.0,0.0
2024-03-19 14:30:00-04:00,87.19999694824219,87.51000213623047,86.95999908447266,87.16500091552734,53956,0.0,0.0
2024-03-19 15:30:00-04:00,87.0999984741211,87.29000091552734,86.95999908447266,87.04000091552734,49122,0.0,0.0
2024-03-20 09:30:00-04:00,87.1500015258789,87.66000366210938,86.44999694824219,87.30500030517578,22297,0.0,0.0
2024-03-20 10:30:00-04:00,87.23999786376953,87.5199966430664,86.98999786376953,87.34290313720703,11115,0.0,0.0
2024-03-20 11:30:00-04:00,87.41000366210938,88.0,87.25,87.94000244140625,59526,0.0,0.0
2024-03-20 12:30:00-04:00,87.94000244140625,88.3499984741211,87.72000122070312,88.3499984741211,20587,0.0,0.0
2024-03-20 13:30:00-04:00,88.37000274658203,89.76000213623047,88.16000366210938,89.06999969482422,34691,0.0,0.0
2024-03-20 14:30:00-04:00,89.13999938964844,89.86499786376953,88.55999755859375,89.86499786376953,65192,0.0,0.0
2024-03-20 15:30:00-04:00,89.94999694824219,90.0999984741211,88.55000305175781,88.87999725341797,155050,0.0,0.0
2024-03-21 09:30:00-04:00,90.51000213623047,91.36000061035156,90.29499816894531,91.36000061035156,47547,0.0,0.0
2024-03-21 10:30:00-04:00,91.23999786376953,91.36000061035156,90.7300033569336,91.01000213623047,32468,0.0,0.0
2024-03-21 11:30:00-04:00,91.0199966430664,91.20999908447266,90.66000366210938,90.69750213623047,21101,0.0,0.0
2024-03-21 12:30:00-04:00,90.73999786376953,90.80999755859375,90.30999755859375,90.5250015258789,20499,0.0,0.0
2024-03-21 13:30:00-04:00,90.4739990234375,90.6500015258789,90.27999877929688,90.55500030517578,37874,0.0,0.0
2024-03-21 14:30:00-04:00,90.4800033569336,90.75,90.25,90.44999694824219,68701,0.0,0.0
2024-03-21 15:30:00-04:00,90.30999755859375,90.30999755859375,89.66000366210938,90.19000244140625,97817,0.0,0.0
2024-03-22 09:30:00-04:00,90.27999877929688,90.27999877929688,89.58999633789062,89.59500122070312,14971,0.0,0.0
2024-03-22 10:30:00-04:00,89.55000305175781,89.7300033569336,89.26000213623047,89.5,21138,0.0,0.0
2024-03-22 11:30:00-04:00,89.5199966430664,89.5199966430664,89.2699966430664,89.37999725341797,15549,0.0,0.0
2024-03-22 12:30:00-04:00,89.36000061035156,89.83000183105469,89.2699966430664,89.76000213623047,12353,0.0,0.0
2024-03-22 13:30:00-04:00,89.76000213623047,90.12000274658203,89.76000213623047,90.12000274658203,14009,0.0,0.0
2024-03-22 14:30:00-04:00,90.08000183105469,90.0999984741211,89.55999755859375,89.61000061035156,25256,0.0,0.0
2024-03-22 15:30:00-04:00,89.58000183105469,89.58000183105469,89.22000122070312,89.41000366210938,57549,0.0,0.0
2024-03-25 09:30:00-04:00,89.58999633789062,90.3469009399414,89.55000305175781,90.05000305175781,20781,0.0,0.0
2024-03-25 10:30:00-04:00,90.12000274658203,90.5199966430664,90.12000274658203,90.5,15943,0.0,0.0
2024-03-25 11:30:00-04:00,90.53710174560547,90.87999725341797,90.33999633789062,90.70999908447266,33110,0.0,0.0
2024-03-25 12:30:00-04:00,90.70999908447266,90.79000091552734,89.91999816894531,90.05999755859375,46427,0.0,0.0
2024-03-25 13:30:00-04:00,89.93000030517578,89.9800033569336,89.55000305175781,89.5999984741211,39085,0.0,0.0
2024-03-25 14:30:00-04:00,89.62000274658203,90.04000091552734,89.62000274658203,89.8499984741211,26585,0.0,0.0
2024-03-25 15:30:00-04:00,89.8499984741211,90.05999755859375,89.19999694824219,89.19999694824219,53081,0.0,0.0
2024-03-26 09:30:00-04:00,90.05999755859375,90.33999633789062,89.51000213623047,89.76930236816406,36450,0.0,0.0
2024-03-26 10:30:00-04:00,89.79499816894531,90.23999786376953,89.62999725341797,89.69999694824219,35388,0.0,0.0
2024-03-26 11:30:00-04:00,89.70500183105469,89.91999816894531,89.33000183105469,89.55999755859375,18870,0.0,0.0
2024-03-26 12:30:00-04:00,89.75,90.0,89.56999969482422,89.8499984741211,40469,0.0,0.0
2024-03-26 13:30:00-04:00,89.8499984741211,90.01000213623047,89.6500015258789,90.01000213623047,27107,0.0,0.0
2024-03-26 14:30:00-04:00,89.94000244140625,90.05500030517578,89.83999633789062,89.83999633789062,20953,0.0,0.0
2024-03-26 15:30:00-04:00,89.73500061035156,89.87000274658203,89.2699966430664,89.4000015258789,51204,0.0,0.0
2024-03-27 09:30:00-04:00,90.41000366210938,90.70989990234375,90.08999633789062,90.62750244140625,20377,0.0,0.0
2024-03-27 10:30:00-04:00,90.67500305175781,91.1500015258789,90.67500305175781,90.95999908447266,18836,0.0,0.0
2024-03-27 11:30:00-04:00,90.91000366210938,91.12999725341797,90.83000183105469,90.94000244140625,13146,0.0,0.0
2024-03-27 12:30:00-04:00,91.01000213623047,91.16000366210938,90.625,90.625,13205,0.0,0.0
2024-03-27 13:30:00-04:00,90.58999633789062,91.25,90.57499694824219,91.23500061035156,17515,0.0,0.0
2024-03-27 14:30:00-04:00,91.26499938964844,91.52999877929688,91.08999633789062,91.5199966430664,41943,0.0,0.0
2024-03-27 15:30:00-04:00,91.51000213623047,91.73999786376953,91.25,91.58999633789062,61953,0.0,0.0
2024-03-28 09:30:00-04:00,91.55999755859375,92.7699966430664,91.24500274658203,92.4800033569336,59844,0.0,0.0
2024-03-28 10:30:00-04:00,92.43499755859375,92.79499816894531,92.30000305175781,92.55999755859375,29413,0.0,0.0
2024-03-28 11:30:00-04:00,92.55000305175781,93.26000213623047,92.48999786376953,93.05000305175781,34765,0.0,0.0
2024-03-28 12:30:00-04:00,93.0199966430664,93.0999984741211,90.70999908447266,91.79000091552734,79419,0.0,0.0
2024-03-28 13:30:00-04:00,91.80000305175781,92.03500366210938,91.72000122070312,91.83499908447266,195629,0.0,0.0
2024-03-28 14:30:00-04:00,91.77100372314453,92.08999633789062,91.63999938964844,91.96499633789062,19439,0.0,0.0
2024-03-28 15:30:00-04:00,91.9800033569336,92.7300033569336,91.73999786376953,92.5,94503,0.0,0.0
2024-04-01 09:30:00-04:00,92.01000213623047,92.01000213623047,90.33999633789062,90.4800033569336,25591,0.0,0.0
2024-04-01 10:30:00-04:00,90.54000091552734,91.22709655761719,90.4800033569336,90.77999877929688,18555,0.0,0.0
2024-04-01 11:30:00-04:00,90.70500183105469,90.70500183105469,90.11000061035156,90.30000305175781,17092,0.0,0.0
2024-04-01 12:30:00-04:00,90.25,90.44999694824219,89.62000274658203,89.77999877929688,27046,0.0,0.0
2024-04-01 13:30:00-04:00,89.7699966430664,90.04000091552734,89.7699966430664,89.80000305175781,20599,0.0,0.0
2024-04-01 14:30:00-04:00,89.69999694824219,89.91000366210938,89.3499984741211,89.4000015258789,35143,0.0,0.0
2024-04-01 15:30:00-04:00,89.44000244140625,89.6500015258789,89.19999694824219,89.45999908447266,88129,0.0,0.0
2024-04-02 09:30:00-04:00,87.95999908447266,88.86000061035156,87.91000366210938,88.86000061035156,25493,0.0,0.0
2024-04-02 10:30:00-04:00,88.83999633789062,89.18000030517578,88.65499877929688,88.8499984741211,28010,0.0,0.0
2024-04-02 11:30:00-04:00,88.58999633789062,89.16000366210938,88.5,89.1500015258789,27722,0.0,0.0
2024-04-02 12:30:00-04:00,89.1500015258789,89.43499755859375,88.88999938964844,89.27999877929688,35290,0.0,0.0
2024-04-02 13:30:00-04:00,89.27999877929688,89.4749984741211,89.20829772949219,89.44499969482422,29458,0.0,0.0
2024-04-02 14:30:00-04:00,89.44499969482422,89.86000061035156,89.3949966430664,89.83999633789062,60357,0.0,0.0
2024-04-02 15:30:00-04:00,89.83999633789062,90.25,89.75,90.05999755859375,119307,0.0,0.0
2024-04-03 09:30:00-04:00,89.12999725341797,90.62999725341797,89.12999725341797,89.8499984741211,30060,0.0,0.0
2024-04-03 10:30:00-04:00,90.0,90.37999725341797,89.8499984741211,89.95999908447266,15701,0.0,0.0
2024-04-03 11:30:00-04:00,90.08499908447266,90.3949966430664,89.62000274658203,90.3949966430664,16614,0.0,0.0
2024-04-03 12:30:00-04:00,90.41999816894531,90.80000305175781,90.29000091552734,90.52619934082031,19855,0.0,0.0
2024-04-03 13:30:00-04:00,90.47000122070312,90.61000061035156,90.37999725341797,90.5199966430664,18944,0.0,0.0
2024-04-03 14:30:00-04:00,90.5,90.5,89.7300033569336,89.76499938964844,31589,0.0,0.0
2024-04-03 15:30:00-04:00,89.73999786376953,89.9749984741211,89.48999786376953,89.5,56208,0.0,0.0
2024-04-04 09:30:00-04:00,90.51000213623047,92.51000213623047,90.51000213623047,92.05999755859375,65968,0.0,0.0
2024-04-04 10:30:00-04:00,92.01399993896484,92.7750015258789,92.01399993896484,92.72000122070312,22876,0.0,0.0
2024-04-04 11:30:00-04:00,92.7699966430664,93.41999816894531,92.66999816894531,93.18000030517578,46610,0.0,0.0
2024-04-04 12:30:00-04:00,93.2699966430664,93.48999786376953,92.91000366210938,93.01000213623047,33489,0.0,0.0
2024-04-04 13:30:00-04:00,93.0199966430664,93.24500274658203,92.62999725341797,92.83999633789062,72712,0.0,0.0
2024-04-04 14:30:00-04:00,92.8499984741211,92.91999816894531,91.44000244140625,91.49500274658203,110669,0.0,0.0
2024-04-04 15:30:00-04:00,91.44999694824219,91.9000015258789,90.9000015258789,91.54000091552734,136573,0.0,0.0
2024-04-05 09:30:00-04:00,91.63999938964844,91.70999908447266,90.87999725341797,91.68000030517578,24382,0.0,0.0
2024-04-05 10:30:00-04:00,91.52999877929688,92.02999877929688,91.37000274658203,91.55000305175781,21902,0.0,0.0
2024-04-05 11:30:00-04:00,91.48999786376953,91.88999938964844,91.4749984741211,91.87999725341797,13698,0.0,0.0
2024-04-05 12:30:00-04:00,91.87000274658203,92.11499786376953,91.5082015991211,91.58000183105469,20215,0.0,0.0
2024-04-05 13:30:00-04:00,91.61000061035156,91.6500015258789,91.21499633789062,91.47000122070312,19424,0.0,0.0
2024-04-05 14:30:00-04:00,91.38999938964844,92.16000366210938,91.38999938964844,92.13999938964844,32412,0.0,0.0
2024-04-05 15:30:00-04:00,92.13999938964844,92.13999938964844,91.37999725341797,91.45999908447266,53762,0.0,0.0
2024-04-08 09:30:00-04:00,91.94000244140625,92.30999755859375,91.91000366210938,92.19499969482422,18338,0.0,0.0
2024-04-08 10:30:00-04:00,92.29000091552734,92.70500183105469,92.16999816894531,92.16999816894531,22183,0.0,0.0
2024-04-08 11:30:00-04:00,92.2300033569336,92.33999633789062,91.95999908447266,92.20999908447266,47391,0.0,0.0
2024-04-08 12:30:00-04:00,92.18499755859375,92.20999908447266,91.94000244140625,92.0999984741211,25224,0.0,0.0
2024-04-08 13:30:00-04:00,92.16000366210938,92.2699966430664,91.9800033569336,92.12000274658203,23256,0.0,0.0
2024-04-08 14:30:00-04:00,91.9800033569336,92.13999938964844,91.9800033569336,92.11000061035156,57294,0.0,0.0
2024-04-08 15:30:00-04:00,92.05000305175781,92.21499633789062,91.66999816894531,91.69000244140625,46767,0.0,0.0
2024-04-09 09:30:00-04:00,91.86000061035156,92.11000061035156,90.91999816894531,91.00499725341797,14759,0.0,0.0
2024-04-09 10:30:00-04:00,90.8499984741211,91.12999725341797,90.37999725341797,91.12000274658203,16671,0.0,0.0
2024-04-09 11:30:00-04:00,91.08999633789062,91.4800033569336,90.91999816894531,91.29499816894531,12713,0.0,0.0
2024-04-09 12:30:00-04:00,91.28500366210938,91.43499755859375,90.63999938964844,91.0,20472,0.0,0.0
2024-04-09 13:30:00-04:00,91.02999877929688,91.04000091552734,90.63999938964844,90.90499877929688,15214,0.0,0.0
2024-04-09 14:30:00-04:00,90.87000274658203,91.13999938964844,90.6729965209961,91.04000091552734,38493,0.0,0.0
2024-04-09 15:30:00-04:00,91.0199966430664,91.43499755859375,90.91000366210938,91.05999755859375,57464,0.0,0.0
2024-04-10 09:30:00-04:00,89.91000366210938,90.91000366210938,89.44999694824219,90.82499694824219,41608,0.0,0.0
2024-04-10 10:30:00-04:00,90.81999969482422,91.31500244140625,90.52999877929688,90.83000183105469,24159,0.0,0.0
2024-04-10 11:30:00-04:00,91.0199966430664,91.0199966430664,90.19499969482422,90.79000091552734,19999,0.0,0.0
2024-04-10 12:30:00-04:00,90.69000244140625,91.08999633789062,90.52999877929688,90.80999755859375,34287,0.0,0.0
2024-04-10 13:30:00-04:00,90.82499694824219,91.06999969482422,90.1500015258789,90.22000122070312,30027,0.0,0.0
2024-04-10 14:30:00-04:00,90.16000366210938,91.05999755859375,90.16000366210938,90.41999816894531,44217,0.0,0.0
2024-04-10 15:30:00-04:00,90.37999725341797,90.62999725341797,90.0,90.4800033569336,81088,0.0,0.0
2024-04-11 09:30:00-04:00,90.77999877929688,91.36000061035156,90.13999938964844,90.34500122070312,24253,0.0,0.0
2024-04-11 10:30:00-04:00,90.5,90.58000183105469,89.91000366210938,90.0,35068,0.0,0.0
2024-04-11 11:30:00-04:00,90.11000061035156,90.76000213623047,89.63999938964844,90.6500015258789,37947,0.0,0.0
2024-04-11 12:30:00-04:00,90.68000030517578,91.83999633789062,90.68000030517578,91.75,26902,0.0,0.0
2024-04-11 13:30:00-04:00,91.77999877929688,92.16999816894531,91.23999786376953,92.05500030517578,43656,0.0,0.0
2024-04-11 14:30:00-04:00,92.05000305175781,92.08999633789062,91.57499694824219,91.86000061035156,33165,0.0,0.0
2024-04-11 15:30:00-04:00,91.86000061035156,92.33999633789062,91.68499755859375,92.25,79642,0.0,0.0
2024-04-12 09:30:00-04:00,91.76000213623047,91.94499969482422,90.30000305175781,90.87999725341797,32675,0.0,0.0
2024-04-12 10:30:00-04:00,90.78730010986328,91.0198974609375,90.48500061035156,90.80999755859375,26707,0.0,0.0
2024-04-12 11:30:00-04:00,90.90499877929688,91.5,90.88500213623047,90.93499755859375,29872,0.0,0.0
2024-04-12 12:30:00-04:00,90.93499755859375,91.01000213623047,90.48999786376953,90.70999908447266,20668,0.0,0.0
2024-04-12 13:30:00-04:00,90.73650360107422,91.0999984741211,90.56999969482422,90.76000213623047,31551,0.0,0.0
2024-04-12 14:30:00-04:00,90.70500183105469,90.94000244140625,90.55000305175781,90.67500305175781,36382,0.0,0.0
2024-04-12 15:30:00-04:00,90.68000030517578,91.54000091552734,90.68000030517578,91.48999786376953,102364,0.0,0.0
2024-04-15 09:30:00-04:00,91.80999755859375,92.43000030517578,90.84500122070312,90.84500122070312,36683,0.0,0.0
2024-04-15 10:30:00-04:00,90.8550033569336,91.12999725341797,89.95999908447266,90.16999816894531,66850,0.0,0.0
2024-04-15 11:30:00-04:00,90.2300033569336,91.08000183105469,90.19000244140625,90.69499969482422,26939,0.0,0.0
2024-04-15 12:30:00-04:00,90.69000244140625,90.71499633789062,89.94499969482422,89.94499969482422,21591,0.0,0.0
2024-04-15 13:30:00-04:00,89.94499969482422,90.1500015258789,89.19499969482422,89.44000244140625,44332,0.0,0.0
2024-04-15 14:30:00-04:00,89.4000015258789,89.75,89.02999877929688,89.47000122070312,38508,0.0,0.0
2024-04-15 15:30:00-04:00,89.5,90.0199966430664,89.5,89.9749984741211,97561,0.0,0.0
2024-04-16 09:30:00-04:00,89.27999877929688,90.31999969482422,88.875,89.91000366210938,33254,0.0,0.0
2024-04-16 10:30:00-04:00,89.91999816894531,90.16000366210938,89.75,90.0,28828,0.0,0.0
2024-04-16 11:30:00-04:00,89.98999786376953,90.62000274658203,89.98999786376953,90.58499908447266,26800,0.0,0.0
2024-04-16 12:30:00-04:00,90.66000366210938,90.83999633789062,90.56300354003906,90.69000244140625,20606,0.0,0.0
2024-04-16 13:30:00-04:00,90.63999938964844,91.19000244140625,90.28500366210938,90.3499984741211,32709,0.0,0.0
2024-04-16 14:30:00-04:00,90.48500061035156,90.80999755859375,90.31500244140625,90.66999816894531,21582,0.0,0.0
2024-04-16 15:30:00-04:00,90.66999816894531,90.95999908447266,90.29499816894531,90.81999969482422,69302,0.0,0.0
2024-04-17 09:30:00-04:00,91.25,91.98999786376953,91.00499725341797,91.23999786376953,20931,0.0,0.0
2024-04-17 10:30:00-04:00,91.18000030517578,91.69499969482422,90.875,90.875,32698,0.0,0.0
2024-04-17 11:30:00-04:00,90.68000030517578,91.41500091552734,90.6592025756836,90.76000213623047,38465,0.0,0.0
2024-04-17 12:30:00-04:00,90.56999969482422,91.79000091552734,90.56999969482422,91.7699966430664,50100,0.0,0.0
2024-04-17 13:30:00-04:00,91.66500091552734,92.11000061035156,91.33999633789062,91.88500213623047,57733,0.0,0.0
2024-04-17 14:30:00-04:00,91.83499908447266,92.27999877929688,90.94000244140625,90.94000244140625,43550,0.0,0.0
2024-04-17 15:30:00-04:00,90.94000244140625,91.33000183105469,90.51000213623047,90.51000213623047,117113,0.0,0.0
2024-04-18 09:30:00-04:00,90.62999725341797,91.9800033569336,90.62999725341797,91.66999816894531,26644,0.0,0.0
2024-04-18 10:30:00-04:00,91.73500061035156,92.0199966430664,91.44999694824219,91.94499969482422,25261,0.0,0.0
2024-04-18 11:30:00-04:00,92.01000213623047,92.08989715576172,91.72000122070312,91.9800033569336,17438,0.0,0.0
2024-04-18 12:30:00-04:00,91.77999877929688,91.87000274658203,90.91010284423828,91.08000183105469,21708,0.0,0.0
2024-04-18 13:30:00-04:00,91.01000213623047,91.01000213623047,90.62999725341797,90.68499755859375,21518,0.0,0.0
2024-04-18 14:30:00-04:00,90.69000244140625,90.87999725341797,90.47000122070312,90.81999969482422,27703,0.0,0.0
2024-04-18 15:30:00-04:00,90.91000366210938,90.9800033569336,90.47000122070312,90.5,56594,0.0,0.0
2024-04-19 09:30:00-04:00,90.12999725341797,90.63999938964844,89.7968978881836,89.91000366210938,27581,0.0,0.0
2024-04-19 10:30:00-04:00,90.0,90.18000030517578,89.63999938964844,90.18000030517578,28413,0.0,0.0
2024-04-19 11:30:00-04:00,90.2300033569336,90.43499755859375,89.2300033569336,89.31670379638672,37681,0.0,0.0
2024-04-19 12:30:00-04:00,89.2699966430664,89.61750030517578,88.9800033569336,89.30999755859375,44160,0.0,0.0
2024-04-19 13:30:00-04:00,89.33499908447266,89.83999633789062,89.33499908447266,89.4000015258789,21847,0.0,0.0
2024-04-19 14:30:00-04:00,89.41000366210938,89.5250015258789,89.18000030517578,89.27999877929688,32308,0.0,0.0
2024-04-19 15:30:00-04:00,89.2300033569336,89.76499938964844,88.91999816894531,89.68499755859375,68310,0.0,0.0
2024-04-22 09:30:00-04:00,90.12000274658203,90.83999633789062,89.66000366210938,90.1050033569336,33567,0.0,0.0
2024-04-22 10:30:00-04:00,90.12000274658203,90.55999755859375,89.68000030517578,90.36000061035156,39002,0.0,0.0
2024-04-22 11:30:00-04:00,90.33499908447266,90.73500061035156,90.2300033569336,90.73500061035156,12990,0.0,0.0
2024-04-22 12:30:00-04:00,90.69999694824219,91.05999755859375,90.68000030517578,91.05999755859375,14888,0.0,0.0
2024-04-22 13:30:00-04:00,91.12000274658203,91.63500213623047,91.02999877929688,91.63500213623047,21351,0.0,0.0
2024-04-22 14:30:00-04:00,91.63500213623047,91.87999725341797,91.375,91.5990982055664,30685,0.0,0.0
2024-04-22 15:30:00-04:00,91.58499908447266,91.76499938964844,91.37999725341797,91.52999877929688,117741,0.0,0.0
2024-04-23 09:30:00-04:00,91.7699966430664,94.9000015258789,91.7699966430664,94.62000274658203,90232,0.0,0.0
2024-04-23 10:30:00-04:00,94.68499755859375,94.95999908447266,93.62999725341797,94.05000305175781,51081,0.0,0.0
2024-04-23 11:30:00-04:00,94.08000183105469,94.20999908447266,93.75499725341797,94.0425033569336,40272,0.0,0.0
2024-04-23 12:30:00-04:00,94.17500305175781,94.83000183105469,94.13999938964844,94.5199966430664,31496,0.0,0.0
2024-04-23 13:30:00-04:00,94.55999755859375,94.73999786376953,94.28500366210938,94.73999786376953,34344,0.0,0.0
2024-04-23 14:30:00-04:00,94.83999633789062,95.1500015258789,94.6500015258789,95.1500015258789,58109,0.0,0.0
2024-04-23 15:30:00-04:00,95.06999969482422,95.06999969482422,94.4000015258789,94.83999633789062,107443,0.0,0.0
2024-04-24 09:30:00-04:00,94.5999984741211,95.61499786376953,94.08000183105469,95.61000061035156,45901,0.0,0.0
2024-04-24 10:30:00-04:00,95.41999816894531,95.5199966430664,94.51000213623047,94.66500091552734,35734,0.0,0.0
2024-04-24 11:30:00-04:00,94.81999969482422,94.94999694824219,94.55999755859375,94.83999633789062,31850,0.0,0.0
2024-04-24 12:30:00-04:00,94.84500122070312,95.2699966430664,94.0199966430664,95.19999694824219,36295,0.0,0.0
2024-04-24 13:30:00-04:00,95.31999969482422,95.48999786376953,94.51000213623047,94.6500015258789,29256,0.0,0.0
2024-04-24 14:30:00-04:00,94.63999938964844,94.63999938964844,94.26499938964844,94.33499908447266,28355,0.0,0.0
2024-04-24 15:30:00-04:00,94.33999633789062,94.56999969482422,94.11000061035156,94.54000091552734,78403,0.0,0.0
2024-04-25 09:30:00-04:00,93.72000122070312,93.9834976196289,92.18000030517578,93.28500366210938,52458,0.0,0.0
2024-04-25 10:30:00-04:00,93.2300033569336,93.3499984741211,92.69000244140625,92.87999725341797,26869,0.0,0.0
2024-04-25 11:30:00-04:00,92.80000305175781,93.51000213623047,92.37999725341797,93.37000274658203,72804,0.0,0.0
2024-04-25 12:30:00-04:00,93.30000305175781,94.26000213623047,93.19000244140625,94.01000213623047,42940,0.0,0.0
2024-04-25 13:30:00-04:00,94.0199966430664,94.5199966430664,93.9800033569336,94.05000305175781,25430,0.0,0.0
2024-04-25 14:30:00-04:00,94.02999877929688,94.5,93.87000274658203,94.5,28638,0.0,0.0
2024-04-25 15:30:00-04:00,94.5250015258789,94.63999938964844,94.08999633789062,94.4000015258789,70141,0.0,0.0
2024-04-26 09:30:00-04:00,94.11000061035156,97.83999633789062,93.75,95.38999938964844,102400,0.0,0.0
2024-04-26 10:30:00-04:00,95.4000015258789,95.9800033569336,95.25,95.47000122070312,31403,0.0,0.0
2024-04-26 11:30:00-04:00,95.61000061035156,96.25499725341797,95.48500061035156,96.11499786376953,32504,0.0,0.0
2024-04-26 12:30:00-04:00,96.11000061035156,96.94999694824219,96.05000305175781,96.58999633789062,38569,0.0,0.0
2024-04-26 13:30:00-04:00,96.4800033569336,96.69000244140625,96.19999694824219,96.37999725341797,22503,0.0,0.0
2024-04-26 14:30:00-04:00,96.38500213623047,96.38500213623047,95.7300033569336,95.7300033569336,36100,0.0,0.0
2024-04-26 15:30:00-04:00,95.70999908447266,95.9800033569336,95.56999969482422,95.75,61981,0.0,0.0
2024-04-29 09:30:00-04:00,95.8499984741211,96.0,94.12999725341797,95.58000183105469,51163,0.0,0.0
2024-04-29 10:30:00-04:00,95.51499938964844,96.00499725341797,95.45999908447266,95.6449966430664,39042,0.0,0.0
2024-04-29 11:30:00-04:00,95.63999938964844,95.91999816894531,95.62000274658203,95.73500061035156,32209,0.0,0.0
2024-04-29 12:30:00-04:00,95.69999694824219,95.7750015258789,95.3499984741211,95.58999633789062,36638,0.0,0.0
2024-04-29 13:30:00-04:00,95.63510131835938,95.77999877929688,95.31999969482422,95.3550033569336,26904,0.0,0.0
2024-04-29 14:30:00-04:00,95.33000183105469,95.55000305175781,94.83000183105469,95.25,39839,0.0,0.0
2024-04-29 15:30:00-04:00,95.26499938964844,95.37999725341797,94.69999694824219,94.97000122070312,130024,0.0,0.0
2024-04-30 09:30:00-04:00,95.19499969482422,96.55950164794922,94.5875015258789,96.55950164794922,83739,0.0,0.0
2024-04-30 10:30:00-04:00,96.4000015258789,97.0199966430664,94.83999633789062,95.03500366210938,123419,0.0,0.0
2024-04-30 11:30:00-04:00,95.0,95.0,93.68000030517578,93.68000030517578,68773,0.0,0.0
2024-04-30 12:30:00-04:00,93.66999816894531,93.75700378417969,93.07769775390625,93.23999786376953,81229,0.0,0.0
2024-04-30 13:30:00-04:00,93.23999786376953,93.43000030517578,92.87999725341797,92.9800033569336,30214,0.0,0.0
2024-04-30 14:30:00-04:00,92.94000244140625,93.17500305175781,92.23999786376953,92.68000030517578,64532,0.0,0.0
2024-04-30 15:30:00-04:00,92.5999984741211,92.5999984741211,91.86000061035156,92.05999755859375,157098,0.0,0.0
2024-05-01 09:30:00-04:00,92.26000213623047,92.8499984741211,90.02999877929688,91.52999877929688,108807,0.0,0.0
2024-05-01 10:30:00-04:00,91.5199966430664,92.7300033569336,91.5,92.5999984741211,119823,0.0,0.0
2024-05-01 11:30:00-04:00,92.51000213623047,92.61000061035156,91.97000122070312,92.54000091552734,41349,0.0,0.0
2024-05-01 12:30:00-04:00,92.58000183105469,92.69999694824219,91.83000183105469,91.83000183105469,29470,0.0,0.0
2024-05-01 13:30:00-04:00,91.88390350341797,93.0999984741211,91.88390350341797,93.0999984741211,35806,0.0,0.0
2024-05-01 14:30:00-04:00,93.04000091552734,93.68499755859375,92.44999694824219,93.0199966430664,122807,0.0,0.0
2024-05-01 15:30:00-04:00,92.9000015258789,92.9000015258789,91.55000305175781,91.55000305175781,110992,0.0,0.0
2024-05-02 09:30:00-04:00,97.0,98.93000030517578,94.38999938964844,98.62010192871094,178626,0.0,0.0
2024-05-02 10:30:00-04:00,98.73999786376953,100.94999694824219,97.83999633789062,97.95999908447266,194153,0.0,0.0
2024-05-02 11:30:00-04:00,97.97000122070312,99.58999633789062,97.91000366210938,99.44499969482422,117909,0.0,0.0
2024-05-02 12:30:00-04:00,99.43499755859375,99.43499755859375,97.62000274658203,97.82499694824219,77809,0.0,0.0
2024-05-02 13:30:00-04:00,97.87999725341797,98.6500015258789,97.36250305175781,98.54000091552734,109972,0.0,0.0
2024-05-02 14:30:00-04:00,98.58999633789062,100.06999969482422,98.38999938964844,99.67749786376953,156314,0.0,0.0
2024-05-02 15:30:00-04:00,99.70500183105469,100.62999725341797,99.31999969482422,99.88999938964844,263459,0.0,0.0
2024-05-03 09:30:00-04:00,102.55000305175781,103.69999694824219,100.16999816894531,102.7300033569336,191429,0.0,0.0
2024-05-03 10:30:00-04:00,102.72000122070312,105.0,102.72000122070312,104.83499908447266,167488,0.0,0.0
2024-05-03 11:30:00-04:00,104.75,106.05000305175781,104.54000091552734,105.69999694824219,198143,0.0,0.0
2024-05-03 12:30:00-04:00,105.74099731445312,105.95999908447266,104.87000274658203,105.66999816894531,89630,0.0,0.0
2024-05-03 13:30:00-04:00,105.69000244140625,106.3855972290039,105.59500122070312,106.16000366210938,123548,0.0,0.0
2024-05-03 14:30:00-04:00,106.16500091552734,106.49759674072266,105.88999938964844,106.30000305175781,113829,0.0,0.0
2024-05-03 15:30:00-04:00,106.26799774169922,107.1050033569336,106.26799774169922,107.05999755859375,232101,0.0,0.0
2024-05-06 09:30:00-04:00,107.43000030517578,108.5999984741211,106.24749755859375,106.7750015258789,93109,0.0,0.0
2024-05-06 10:30:00-04:00,106.94000244140625,107.98999786376953,106.83999633789062,107.93000030517578,100961,0.0,0.0
2024-05-06 11:30:00-04:00,108.02999877929688,108.58999633789062,107.29000091552734,107.54000091552734,70464,0.0,0.0
2024-05-06 12:30:00-04:00,107.54000091552734,108.08000183105469,107.41000366210938,107.62000274658203,81702,0.0,0.0
2024-05-06 13:30:00-04:00,107.625,107.69989776611328,107.05000305175781,107.18000030517578,73156,0.0,0.0
2024-05-06 14:30:00-04:00,107.16999816894531,107.66999816894531,106.83999633789062,107.66999816894531,85592,0.0,0.0
2024-05-06 15:30:00-04:00,107.67500305175781,107.8499984741211,107.08000183105469,107.5,136688,0.0,0.0
2024-05-07 09:30:00-04:00,108.2499008178711,109.37999725341797,107.6989974975586,108.67539978027344,29312,0.0,0.0
2024-05-07 10:30:00-04:00,108.6500015258789,108.98999786376953,108.19000244140625,108.9000015258789,28933,0.0,0.0
2024-05-07 11:30:00-04:00,108.98999786376953,109.72000122070312,108.95500183105469,109.70999908447266,43595,0.0,0.0
2024-05-07 12:30:00-04:00,109.5999984741211,109.70999908447266,108.37999725341797,108.37999725341797,107626,0.0,0.0
2024-05-07 13:30:00-04:00,108.33499908447266,108.69000244140625,107.7300033569336,107.79000091552734,73908,0.0,0.0
2024-05-07 14:30:00-04:00,107.81500244140625,108.76000213623047,107.76000213623047,108.69999694824219,45386,0.0,0.0
2024-05-07 15:30:00-04:00,108.70500183105469,108.7300033569336,108.08000183105469,108.31999969482422,115039,0.0,0.0
2024-05-08 09:30:00-04:00,107.54000091552734,108.92500305175781,106.32849884033203,108.92500305175781,35862,0.0,0.0
2024-05-08 10:30:00-04:00,108.95059967041016,109.56999969482422,108.80999755859375,109.48999786376953,58032,0.0,0.0
2024-05-08 11:30:00-04:00,109.58000183105469,109.97000122070312,109.01000213623047,109.0999984741211,97120,0.0,0.0
2024-05-08 12:30:00-04:00,109.08499908447266,109.41000366210938,108.62999725341797,108.77999877929688,42943,0.0,0.0
2024-05-08 13:30:00-04:00,108.76000213623047,109.33999633789062,108.4800033569336,108.95999908447266,53907,0.0,0.0
2024-05-08 14:30:00-04:00,109.04000091552734,109.16000366210938,108.58999633789062,108.7300033569336,46830,0.0,0.0
2024-05-08 15:30:00-04:00,108.80000305175781,109.1500015258789,108.79000091552734,109.08000183105469,69089,0.0,0.0
2024-05-09 09:30:00-04:00,109.56999969482422,109.56999969482422,108.59500122070312,108.79000091552734,44662,0.0,0.0
2024-05-09 10:30:00-04:00,108.80500030517578,109.61000061035156,108.69000244140625,109.23999786376953,63655,0.0,0.0
2024-05-09 11:30:00-04:00,109.2300033569336,109.33999633789062,109.02999877929688,109.19499969482422,18147,0.0,0.0
2024-05-09 12:30:00-04:00,109.12999725341797,109.30500030517578,108.76000213623047,109.0250015258789,25859,0.0,0.0
2024-05-09 13:30:00-04:00,108.86000061035156,108.99530029296875,108.5199966430664,108.71499633789062,36057,0.0,0.0
2024-05-09 14:30:00-04:00,108.72000122070312,108.72000122070312,108.02999877929688,108.30000305175781,41621,0.0,0.0
2024-05-09 15:30:00-04:00,108.31999969482422,108.63999938964844,108.0199966430664,108.54000091552734,113192,0.0,0.0
2024-05-10 09:30:00-04:00,108.54000091552734,109.24500274658203,107.75,107.94999694824219,59925,0.0,0.0
2024-05-10 10:30:00-04:00,108.02999877929688,108.25,107.4000015258789,107.57499694824219,45757,0.0,0.0
2024-05-10 11:30:00-04:00,107.59500122070312,107.62999725341797,106.94999694824219,107.47000122070312,58531,0.0,0.0
2024-05-10 12:30:00-04:00,107.5,107.73999786376953,107.04000091552734,107.19499969482422,30165,0.0,0.0
2024-05-10 13:30:00-04:00,107.26000213623047,107.41999816894531,107.0199966430664,107.37000274658203,23786,0.0,0.0
2024-05-10 14:30:00-04:00,107.33999633789062,107.98999786376953,107.23999786376953,107.66500091552734,38187,0.0,0.0
2024-05-10 15:30:00-04:00,107.80000305175781,107.86000061035156,107.23999786376953,107.25,65491,0.0,0.0
2024-05-13 09:30:00-04:00,108.18000030517578,108.18000030517578,106.42400360107422,106.70999908447266,30132,0.0,0.0
2024-05-13 10:30:00-04:00,106.58000183105469,107.15750122070312,106.58000183105469,106.88999938964844,18185,0.0,0.0
2024-05-13 11:30:00-04:00,106.83000183105469,107.11000061035156,106.48750305175781,106.52999877929688,97490,0.0,0.0
2024-05-13 12:30:00-04:00,106.54000091552734,106.9000015258789,106.41500091552734,106.41500091552734,14683,0.0,0.0
2024-05-13 13:30:00-04:00,106.27999877929688,107.23999786376953,106.2699966430664,106.88999938964844,40616,0.0,0.0
2024-05-13 14:30:00-04:00,106.87570190429688,107.0,106.37999725341797,106.4000015258789,19198,0.0,0.0
2024-05-13 15:30:00-04:00,106.4800033569336,106.79000091552734,106.2300033569336,106.37999725341797,78562,0.0,0.0
2024-05-14 09:30:00-04:00,107.69999694824219,108.25,106.30000305175781,106.73999786376953,38935,0.0,0.0
2024-05-14 10:30:00-04:00,106.73999786376953,107.06999969482422,106.37999725341797,106.91000366210938,29158,0.0,0.0
2024-05-14 11:30:00-04:00,107.0,108.18000030517578,106.81999969482422,107.76499938964844,70830,0.0,0.0
2024-05-14 12:30:00-04:00,107.7750015258789,107.7750015258789,107.30000305175781,107.43000030517578,22142,0.0,0.0
2024-05-14 13:30:00-04:00,107.4000015258789,107.55999755859375,107.19000244140625,107.48500061035156,14655,0.0,0.0
2024-05-14 14:30:00-04:00,107.41000366210938,107.59500122070312,107.2300033569336,107.37999725341797,35312,0.0,0.0
2024-05-14 15:30:00-04:00,107.4000015258789,107.44999694824219,107.26000213623047,107.36000061035156,53982,0.0,0.0
2024-05-15 09:30:00-04:00,108.83999633789062,109.30999755859375,107.2699966430664,107.62000274658203,30132,0.0,0.0
2024-05-15 10:30:00-04:00,107.61009979248047,108.26499938964844,107.36009979248047,108.2300033569336,22053,0.0,0.0
2024-05-15 11:30:00-04:00,108.23999786376953,108.41000366210938,107.86000061035156,108.0199966430664,16265,0.0,0.0
2024-05-15 12:30:00-04:00,108.07499694824219,108.36499786376953,107.97000122070312,108.20500183105469,20959,0.0,0.0
2024-05-15 13:30:00-04:00,108.21499633789062,108.22000122070312,107.66999816894531,107.88999938964844,21004,0.0,0.0
2024-05-15 14:30:00-04:00,107.9000015258789,108.05999755859375,107.76000213623047,107.87999725341797,27688,0.0,0.0
2024-05-15 15:30:00-04:00,107.86000061035156,109.05000305175781,107.83100128173828,108.86000061035156,86771,0.0,0.0
2024-05-16 09:30:00-04:00,108.58999633789062,108.70500183105469,108.19000244140625,108.45999908447266,18545,0.0,0.0
2024-05-16 10:30:00-04:00,108.5199966430664,109.16999816894531,108.5199966430664,109.16999816894531,16412,0.0,0.0
2024-05-16 11:30:00-04:00,109.11000061035156,109.19000244140625,108.80000305175781,108.875,10988,0.0,0.0
2024-05-16 12:30:00-04:00,108.81999969482422,108.86000061035156,108.30000305175781,108.6050033569336,21947,0.0,0.0
2024-05-16 13:30:00-04:00,108.63999938964844,108.99500274658203,108.41999816894531,108.70999908447266,25417,0.0,0.0
2024-05-16 14:30:00-04:00,108.72000122070312,109.12999725341797,108.5999984741211,108.93000030517578,30782,0.0,0.0
2024-05-16 15:30:00-04:00,108.87000274658203,109.01499938964844,108.55999755859375,108.58999633789062,47872,0.0,0.0
2024-05-17 09:30:00-04:00,108.91000366210938,109.59989929199219,108.37999725341797,109.51000213623047,32646,0.0,0.0
2024-05-17 10:30:00-04:00,109.55000305175781,109.56999969482422,108.76000213623047,109.04000091552734,25345,0.0,0.0
2024-05-17 11:30:00-04:00,108.94499969482422,109.02999877929688,108.52999877929688,108.53900146484375,11744,0.0,0.0
2024-05-17 12:30:00-04:00,108.54000091552734,108.856201171875,108.44999694824219,108.6449966430664,13925,0.0,0.0
2024-05-17 13:30:00-04:00,108.7300033569336,108.91000366210938,108.55000305175781,108.7300033569336,12802,0.0,0.0
2024-05-17 14:30:00-04:00,108.6500015258789,108.83999633789062,108.58000183105469,108.73999786376953,13813,0.0,0.0
2024-05-17 15:30:00-04:00,108.68000030517578,109.12999725341797,108.47000122070312,109.12999725341797,31912,0.0,0.0
2024-05-20 09:30:00-04:00,109.06999969482422,109.5,108.70999908447266,109.0,25212,0.0,0.0
2024-05-20 10:30:00-04:00,109.0250015258789,109.0250015258789,108.58000183105469,108.7300033569336,7535,0.0,0.0
2024-05-20 11:30:00-04:00,108.66500091552734,108.70999908447266,108.2699966430664,108.51000213623047,25895,0.0,0.0
2024-05-20 12:30:00-04:00,108.6500015258789,108.94999694824219,108.44999694824219,108.93000030517578,18557,0.0,0.0
2024-05-20 13:30:00-04:00,108.91000366210938,109.33000183105469,108.73809814453125,109.29499816894531,24305,0.0,0.0
2024-05-20 14:30:00-04:00,109.4800033569336,109.84760284423828,109.19999694824219,109.80999755859375,19435,0.0,0.0
2024-05-20 15:30:00-04:00,109.76000213623047,109.88760375976562,109.22000122070312,109.4800033569336,60930,0.0,0.0
2024-05-21 09:30:00-04:00,107.0999984741211,108.05999755859375,106.52999877929688,106.8499984741211,51098,0.0,0.0
2024-05-21 10:30:00-04:00,106.8499984741211,107.12000274658203,106.58999633789062,106.66000366210938,31653,0.0,0.0
2024-05-21 11:30:00-04:00,106.69000244140625,107.02999877929688,106.62000274658203,106.88999938964844,26359,0.0,0.0
2024-05-21 12:30:00-04:00,106.94000244140625,107.06999969482422,106.72000122070312,106.83999633789062,20437,0.0,0.0
2024-05-21 13:30:00-04:00,107.03690338134766,107.2300033569336,106.94000244140625,107.0199966430664,19128,0.0,0.0
2024-05-21 14:30:00-04:00,107.01000213623047,107.37999725341797,106.55000305175781,106.91000366210938,42914,0.0,0.0
2024-05-21 15:30:00-04:00,106.87999725341797,107.26000213623047,106.86499786376953,107.0,82477,0.0,0.0
2024-05-22 09:30:00-04:00,107.12000274658203,109.83999633789062,107.12000274658203,108.79000091552734,73021,0.0,0.0
2024-05-22 10:30:00-04:00,108.6500015258789,109.02999877929688,108.27999877929688,108.44000244140625,29955,0.0,0.0
2024-05-22 11:30:00-04:00,108.3499984741211,109.1050033569336,108.3499984741211,108.87999725341797,20455,0.0,0.0
2024-05-22 12:30:00-04:00,108.71499633789062,109.02999877929688,108.5,108.5,25931,0.0,0.0
2024-05-22 13:30:00-04:00,108.5999984741211,108.875,107.83200073242188,107.83200073242188,36836,0.0,0.0
2024-05-22 14:30:00-04:00,107.60800170898438,108.01000213623047,107.35600280761719,107.55999755859375,45012,0.0,0.0
2024-05-22 15:30:00-04:00,107.54000091552734,107.80999755859375,107.37000274658203,107.79000091552734,53468,0.0,0.0
2024-05-23 09:30:00-04:00,108.91000366210938,108.91000366210938,107.12999725341797,107.12999725341797,17003,0.0,0.0
2024-05-23 10:30:00-04:00,107.12000274658203,107.20999908447266,106.34010314941406,106.91999816894531,56307,0.0,0.0
2024-05-23 11:30:00-04:00,106.98500061035156,107.87370300292969,106.98500061035156,107.75,32496,0.0,0.0
2024-05-23 12:30:00-04:00,107.86000061035156,107.87999725341797,107.33999633789062,107.62000274658203,22943,0.0,0.0
2024-05-23 13:30:00-04:00,107.61499786376953,107.61499786376953,106.76200103759766,106.8949966430664,38316,0.0,0.0
2024-05-23 14:30:00-04:00,106.8949966430664,107.4000015258789,106.66000366210938,107.38500213623047,73690,0.0,0.0
2024-05-23 15:30:00-04:00,107.36000061035156,107.63999938964844,106.90499877929688,106.97000122070312,54019,0.0,0.0
2024-05-24 09:30:00-04:00,107.61000061035156,109.06999969482422,107.0199966430664,108.93000030517578,28863,0.0,0.0
2024-05-24 10:30:00-04:00,109.04000091552734,110.4000015258789,108.56500244140625,110.21499633789062,50329,0.0,0.0
2024-05-24 11:30:00-04:00,110.21499633789062,110.48999786376953,109.95999908447266,110.30000305175781,27337,0.0,0.0
2024-05-24 12:30:00-04:00,110.29000091552734,110.48999786376953,109.68000030517578,110.41000366210938,22060,0.0,0.0
2024-05-24 13:30:00-04:00,110.5448989868164,110.58000183105469,110.06749725341797,110.08000183105469,27737,0.0,0.0
2024-05-24 14:30:00-04:00,110.05000305175781,110.05500030517578,109.66000366210938,109.76000213623047,39150,0.0,0.0
2024-05-24 15:30:00-04:00,109.77999877929688,109.87999725341797,109.36000061035156,109.41000366210938,65275,0.0,0.0
2024-05-28 09:30:00-04:00,110.5,110.80000305175781,107.98999786376953,109.3949966430664,57959,0.0,0.0
2024-05-28 10:30:00-04:00,109.4000015258789,110.18000030517578,109.33000183105469,110.12000274658203,35380,0.0,0.0
2024-05-28 11:30:00-04:00,110.33000183105469,110.68000030517578,110.0,110.2249984741211,55136,0.0,0.0
2024-05-28 12:30:00-04:00,110.18000030517578,110.91500091552734,110.06999969482422,110.80999755859375,67054,0.0,0.0
2024-05-28 13:30:00-04:00,110.88999938964844,111.0,109.75,109.99500274658203,50013,0.0,0.0
2024-05-28 14:30:00-04:00,109.91000366210938,110.02999877929688,109.5199966430664,109.83000183105469,36684,0.0,0.0
2024-05-28 15:30:00-04:00,109.87000274658203,110.0999984741211,109.72000122070312,110.02999877929688,60860,0.0,0.0
2024-05-29 09:30:00-04:00,108.30999755859375,109.55000305175781,108.12999725341797,109.41000366210938,38176,0.0,0.0
2024-05-29 10:30:00-04:00,109.29029846191406,109.37000274658203,108.52010345458984,108.75499725341797,61038,0.0,0.0
2024-05-29 11:30:00-04:00,108.83999633789062,109.33999633789062,108.54000091552734,108.7699966430664,51420,0.0,0.0
2024-05-29 12:30:00-04:00,108.7699966430664,108.88999938964844,108.4000015258789,108.62000274658203,35102,0.0,0.0
2024-05-29 13:30:00-04:00,108.55999755859375,108.88999938964844,108.4800033569336,108.84500122070312,24108,0.0,0.0
2024-05-29 14:30:00-04:00,108.8550033569336,108.87999725341797,108.25250244140625,108.83999633789062,37519,0.0,0.0
2024-05-29 15:30:00-04:00,108.80000305175781,108.94999694824219,108.01000213623047,108.25,79199,0.0,0.0
2024-05-30 09:30:00-04:00,108.29000091552734,109.0,107.6500015258789,108.25,19133,0.0,0.0
2024-05-30 10:30:00-04:00,108.27999877929688,109.43000030517578,108.2699966430664,108.66000366210938,21936,0.0,0.0
2024-05-30 11:30:00-04:00,108.5999984741211,108.88999938964844,108.30999755859375,108.63719940185547,24676,0.0,0.0
2024-05-30 12:30:00-04:00,108.67500305175781,108.83989715576172,108.30010223388672,108.30010223388672,14566,0.0,0.0
2024-05-30 13:30:00-04:00,108.30999755859375,108.44290161132812,107.76499938964844,107.84500122070312,15819,0.0,0.0
2024-05-30 14:30:00-04:00,108.06999969482422,108.23999786376953,107.55999755859375,107.56999969482422,37114,0.0,0.0
2024-05-30 15:30:00-04:00,107.83000183105469,108.31500244140625,107.625,108.12000274658203,49110,0.0,0.0
2024-05-31 09:30:00-04:00,108.4000015258789,108.81999969482422,106.79000091552734,106.94999694824219,20939,0.0,0.0
2024-05-31 10:30:00-04:00,107.01000213623047,107.12000274658203,106.15350341796875,106.79000091552734,81957,0.0,0.0
2024-05-31 11:30:00-04:00,106.79989624023438,106.97000122070312,106.52999877929688,106.66999816894531,12409,0.0,0.0
2024-05-31 12:30:00-04:00,106.62000274658203,106.97000122070312,106.37999725341797,106.94000244140625,16502,0.0,0.0
2024-05-31 13:30:00-04:00,106.96499633789062,107.05049896240234,106.6449966430664,106.73999786376953,17884,0.0,0.0
2024-05-31 14:30:00-04:00,106.77999877929688,107.12000274658203,106.76000213623047,106.76000213623047,18942,0.0,0.0
2024-05-31 15:30:00-04:00,106.91999816894531,108.06500244140625,106.76249694824219,107.44999694824219,94046,0.0,0.0
2024-06-03 09:30:00-04:00,108.48999786376953,108.48999786376953,107.02999877929688,107.18000030517578,60844,0.0,0.0
2024-06-03 10:30:00-04:00,107.19599914550781,107.20999908447266,106.30999755859375,106.44000244140625,47900,0.0,0.0
2024-06-03 11:30:00-04:00,106.44000244140625,106.44000244140625,105.7699966430664,105.94000244140625,53298,0.0,0.0
2024-06-03 12:30:00-04:00,105.87999725341797,106.03500366210938,105.5,105.94000244140625,22238,0.0,0.0
2024-06-03 13:30:00-04:00,105.98999786376953,105.98999786376953,105.62000274658203,105.75,27992,0.0,0.0
2024-06-03 14:30:00-04:00,105.69999694824219,106.12000274658203,105.48999786376953,105.98100280761719,34851,0.0,0.0
2024-06-03 15:30:00-04:00,106.02999877929688,106.08000183105469,105.16000366210938,105.43000030517578,116605,0.0,0.0
2024-06-04 09:30:00-04:00,104.08000183105469,106.41000366210938,104.08000183105469,104.92500305175781,76146,0.0,0.0
2024-06-04 10:30:00-04:00,104.98500061035156,105.3949966430664,104.72000122070312,105.33999633789062,29494,0.0,0.0
2024-06-04 11:30:00-04:00,105.33999633789062,105.75,105.33499908447266,105.61000061035156,30086,0.0,0.0
2024-06-04 12:30:00-04:00,105.55000305175781,105.80560302734375,105.01499938964844,105.12999725341797,47675,0.0,0.0
2024-06-04 13:30:00-04:00,105.30000305175781,105.75,105.29000091552734,105.70500183105469,16883,0.0,0.0
2024-06-04 14:30:00-04:00,105.80000305175781,105.83309936523438,104.59500122070312,104.66000366210938,24603,0.0,0.0
2024-06-04 15:30:00-04:00,104.61000061035156,105.19999694824219,104.55500030517578,105.05999755859375,52085,0.0,0.0
2024-06-05 09:30:00-04:00,105.44000244140625,105.80000305175781,105.29000091552734,105.80000305175781,15442,0.0,0.0
2024-06-05 10:30:00-04:00,105.83999633789062,106.76000213623047,105.83999633789062,106.55999755859375,21791,0.0,0.0
2024-06-05 11:30:00-04:00,106.42500305175781,106.68000030517578,106.08499908447266,106.68000030517578,48227,0.0,0.0
2024-06-05 12:30:00-04:00,106.63999938964844,107.05999755859375,106.63500213623047,106.80000305175781,19820,0.0,0.0
2024-06-05 13:30:00-04:00,106.91000366210938,107.0999984741211,106.7699966430664,106.80000305175781,13068,0.0,0.0
2024-06-05 14:30:00-04:00,106.7699966430664,107.81999969482422,106.7699966430664,107.81999969482422,27242,0.0,0.0
2024-06-05 15:30:00-04:00,107.80000305175781,108.16000366210938,107.62999725341797,108.16000366210938,94731,0.0,0.0
2024-06-06 09:30:00-04:00,107.58999633789062,108.55919647216797,107.58999633789062,108.26000213623047,32665,0.0,0.0
2024-06-06 10:30:00-04:00,108.38999938964844,108.94000244140625,108.2750015258789,108.72000122070312,16471,0.0,0.0
2024-06-06 11:30:00-04:00,108.5199966430664,108.6500015258789,108.37999725341797,108.48500061035156,15093,0.0,0.0
2024-06-06 12:30:00-04:00,108.33000183105469,108.3499984741211,108.0250015258789,108.20500183105469,18791,0.0,0.0
2024-06-06 13:30:00-04:00,108.13999938964844,108.19999694824219,107.5199966430664,107.7300033569336,45176,0.0,0.0
2024-06-06 14:30:00-04:00,107.65499877929688,107.80999755859375,107.29000091552734,107.5,38755,0.0,0.0
2024-06-06 15:30:00-04:00,107.44499969482422,108.06999969482422,107.41000366210938,108.06999969482422,93760,0.0,0.0
2024-06-07 09:30:00-04:00,107.30999755859375,107.97000122070312,107.05999755859375,107.36000061035156,28380,0.0,0.0
2024-06-07 10:30:00-04:00,107.2249984741211,107.72000122070312,106.18000030517578,106.80000305175781,40707,0.0,0.0
2024-06-07 11:30:00-04:00,106.78500366210938,107.55000305175781,106.7750015258789,107.55000305175781,25386,0.0,0.0
2024-06-07 12:30:00-04:00,107.50499725341797,107.58000183105469,107.125,107.125,27170,0.0,0.0
2024-06-07 13:30:00-04:00,107.1050033569336,107.12999725341797,106.29000091552734,106.69000244140625,22777,0.0,0.0
2024-06-07 14:30:00-04:00,106.63999938964844,106.75,106.16999816894531,106.73500061035156,31332,0.0,0.0
2024-06-07 15:30:00-04:00,106.7300033569336,107.18000030517578,106.7300033569336,107.1500015258789,67554,0.0,0.0
2024-06-10 09:30:00-04:00,105.87000274658203,107.18000030517578,105.87000274658203,107.02999877929688,27047,0.0,0.0
2024-06-10 10:30:00-04:00,107.04000091552734,107.26249694824219,106.83000183105469,107.19999694824219,17811,0.0,0.0
2024-06-10 11:30:00-04:00,107.1500015258789,107.69000244140625,107.12999725341797,107.62000274658203,29043,0.0,0.0
2024-06-10 12:30:00-04:00,107.6500015258789,108.0,107.4800033569336,107.77999877929688,18571,0.0,0.0
2024-06-10 13:30:00-04:00,107.75,108.33999633789062,107.69000244140625,108.33999633789062,39337,0.0,0.0
2024-06-10 14:30:00-04:00,108.31999969482422,109.48999786376953,108.30500030517578,109.375,47857,0.0,0.0
2024-06-10 15:30:00-04:00,109.41000366210938,109.56999969482422,108.34500122070312,108.66999816894531,110182,0.0,0.0
2024-06-11 09:30:00-04:00,107.87000274658203,107.87000274658203,105.66999816894531,106.05999755859375,36985,0.0,0.0
2024-06-11 10:30:00-04:00,106.08000183105469,106.32499694824219,105.48500061035156,105.61000061035156,21828,0.0,0.0
2024-06-11 11:30:00-04:00,105.6050033569336,105.72000122070312,105.04000091552734,105.37000274658203,21044,0.0,0.0
2024-06-11 12:30:00-04:00,105.37999725341797,105.61000061035156,104.4800033569336,105.0,36304,0.0,0.0
2024-06-11 13:30:00-04:00,105.16999816894531,105.875,104.9800033569336,105.77999877929688,17778,0.0,0.0
2024-06-11 14:30:00-04:00,105.8499984741211,106.19000244140625,105.58999633789062,106.19000244140625,25992,0.0,0.0
2024-06-11 15:30:00-04:00,106.19000244140625,106.58000183105469,105.80000305175781,106.4000015258789,58641,0.0,0.0
2024-06-12 09:30:00-04:00,109.56999969482422,110.70500183105469,108.81999969482422,110.70500183105469,34107,0.0,0.0
2024-06-12 10:30:00-04:00,110.55999755859375,110.58999633789062,108.94499969482422,109.7300033569336,32554,0.0,0.0
2024-06-12 11:30:00-04:00,109.72000122070312,110.19000244140625,109.22000122070312,110.19000244140625,20342,0.0,0.0
2024-06-12 12:30:00-04:00,110.2699966430664,110.33999633789062,109.51000213623047,109.55999755859375,36324,0.0,0.0
2024-06-12 13:30:00-04:00,109.58999633789062,109.66999816894531,108.66500091552734,109.0999984741211,34692,0.0,0.0
2024-06-12 14:30:00-04:00,109.16999816894531,109.73999786376953,108.3499984741211,108.4000015258789,47442,0.0,0.0
2024-06-12 15:30:00-04:00,108.23500061035156,108.7300033569336,108.05999755859375,108.2300033569336,92703,0.0,0.0
2024-06-13 09:30:00-04:00,108.22000122070312,108.4000015258789,106.93000030517578,107.18000030517578,25018,0.0,0.0
2024-06-13 10:30:00-04:00,107.18000030517578,107.18000030517578,106.30999755859375,106.7699966430664,23366,0.0,0.0
2024-06-13 11:30:00-04:00,106.73500061035156,107.12000274658203,106.6500015258789,106.70500183105469,18542,0.0,0.0
2024-06-13 12:30:00-04:00,106.68000030517578,107.5199966430664,106.68000030517578,107.29000091552734,13924,0.0,0.0
2024-06-13 13:30:00-04:00,107.2699966430664,107.37000274658203,106.91000366210938,107.33999633789062,17421,0.0,0.0
2024-06-13 14:30:00-04:00,107.30999755859375,108.00499725341797,107.25,107.87999725341797,23999,0.0,0.0
2024-06-13 15:30:00-04:00,107.81999969482422,108.19999694824219,107.77999877929688,108.00499725341797,61025,0.0,0.0
2024-06-14 09:30:00-04:00,106.5999984741211,107.4800033569336,105.83999633789062,105.83999633789062,16625,0.0,0.0
2024-06-14 10:30:00-04:00,105.83499908447266,106.37999725341797,105.37000274658203,106.37999725341797,23190,0.0,0.0
2024-06-14 11:30:00-04:00,106.26000213623047,106.27999877929688,105.51000213623047,106.11000061035156,16579,0.0,0.0
2024-06-14 12:30:00-04:00,106.0,106.70999908447266,105.84359741210938,106.70999908447266,15322,0.0,0.0
2024-06-14 13:30:00-04:00,106.58499908447266,106.65499877929688,105.83000183105469,106.08499908447266,15123,0.0,0.0
2024-06-14 14:30:00-04:00,105.9800033569336,106.11000061035156,105.62999725341797,105.88600158691406,20695,0.0,0.0
2024-06-14 15:30:00-04:00,105.8499984741211,106.12000274658203,105.69999694824219,105.95999908447266,35604,0.0,0.0
2024-06-17 09:30:00-04:00,101.20999908447266,102.0,98.55110168457031,100.5250015258789,316339,0.0,0.0
2024-06-17 10:30:00-04:00,100.4800033569336,101.98999786376953,100.44999694824219,101.80000305175781,101499,0.0,0.0
2024-06-17 11:30:00-04:00,101.79499816894531,103.45500183105469,101.2699966430664,103.13999938964844,44980,0.0,0.0
2024-06-17 12:30:00-04:00,103.22869873046875,104.30999755859375,103.08000183105469,104.18000030517578,148335,0.0,0.0
2024-06-17 13:30:00-04:00,104.08499908447266,105.12999725341797,104.06500244140625,104.4749984741211,104844,0.0,0.0
2024-06-17 14:30:00-04:00,104.30999755859375,105.44000244140625,104.12999725341797,104.27999877929688,324967,0.0,0.0
2024-06-17 15:30:00-04:00,104.31999969482422,104.68000030517578,102.58999633789062,102.81999969482422,456586,0.0,0.0
2024-06-18 09:30:00-04:00,102.79000091552734,103.83000183105469,102.5,103.70999908447266,1798331,0.0,0.0
2024-06-18 10:30:00-04:00,103.73500061035156,104.34500122070312,103.1500015258789,103.49449920654297,744616,0.0,0.0
2024-06-18 11:30:00-04:00,103.41500091552734,104.16000366210938,103.37000274658203,103.4800033569336,137892,0.0,0.0
2024-06-18 12:30:00-04:00,103.43000030517578,103.65499877929688,103.26000213623047,103.27999877929688,226118,0.0,0.0
2024-06-18 13:30:00-04:00,103.27999877929688,103.5,103.0,103.11499786376953,245219,0.0,0.0
2024-06-18 14:30:00-04:00,103.11499786376953,103.22000122070312,102.22000122070312,102.22000122070312,426217,0.0,0.0
2024-06-18 15:30:00-04:00,102.19000244140625,103.33000183105469,102.1500015258789,102.9000015258789,268777,0.0,0.0
2024-06-20 09:30:00-04:00,102.3499984741211,102.3499984741211,99.19999694824219,99.7300033569336,95833,0.0,0.0
2024-06-20 10:30:00-04:00,99.76000213623047,100.18990325927734,99.31999969482422,99.72000122070312,82101,0.0,0.0
2024-06-20 11:30:00-04:00,99.69999694824219,100.02999877929688,99.0,99.0,52769,0.0,0.0
2024-06-20 12:30:00-04:00,99.0,99.48500061035156,98.70999908447266,98.75,48097,0.0,0.0
2024-06-20 13:30:00-04:00,98.75,98.87999725341797,98.12999725341797,98.73500061035156,68113,0.0,0.0
2024-06-20 14:30:00-04:00,98.7249984741211,99.05999755859375,98.41999816894531,98.88999938964844,78597,0.0,0.0
2024-06-20 15:30:00-04:00,98.96499633789062,99.05000305175781,98.0,98.55999755859375,168101,0.0,0.0
2024-06-21 09:30:00-04:00,98.2300033569336,98.74500274658203,97.15979766845703,98.16999816894531,234251,0.0,0.0
2024-06-21 10:30:00-04:00,98.30500030517578,99.4000015258789,98.22000122070312,99.1050033569336,147135,0.0,0.0
2024-06-21 11:30:00-04:00,99.25,99.45999908447266,98.61000061035156,98.9540023803711,91609,0.0,0.0
2024-06-21 12:30:00-04:00,98.88999938964844,99.19000244140625,98.4000015258789,98.6050033569336,47530,0.0,0.0
2024-06-21 13:30:00-04:00,98.61499786376953,98.92500305175781,98.41000366210938,98.48999786376953,34821,0.0,0.0
2024-06-21 14:30:00-04:00,98.5199966430664,98.58999633789062,98.0,98.20999908447266,45550,0.0,0.0
2024-06-21 15:30:00-04:00,98.12999725341797,99.30000305175781,98.0199966430664,99.06999969482422,102343,0.0,0.0
2024-06-24 09:30:00-04:00,99.05000305175781,99.83499908447266,98.5,98.99500274658203,89027,0.0,0.0
2024-06-24 10:30:00-04:00,98.9000015258789,100.0999984741211,98.66000366210938,99.92500305175781,69438,0.0,0.0
2024-06-24 11:30:00-04:00,100.01000213623047,100.6500015258789,99.55999755859375,100.3949966430664,70227,0.0,0.0
2024-06-24 12:30:00-04:00,100.44999694824219,100.70999908447266,100.0199966430664,100.22000122070312,84666,0.0,0.0
2024-06-24 13:30:00-04:00,100.125,100.125,99.37999725341797,99.58000183105469,187377,0.0,0.0
2024-06-24 14:30:00-04:00,99.52999877929688,100.12000274658203,99.19999694824219,99.34500122070312,171581,0.0,0.0
2024-06-24 15:30:00-04:00,99.26000213623047,99.61499786376953,98.52999877929688,98.63999938964844,149515,0.0,0.0
2024-06-25 09:30:00-04:00,98.5199966430664,98.5199966430664,97.37999725341797,97.88999938964844,45283,0.0,0.0
2024-06-25 10:30:00-04:00,97.72000122070312,98.11000061035156,97.5199966430664,97.69000244140625,24697,0.0,0.0
2024-06-25 11:30:00-04:00,97.79299926757812,97.91000366210938,97.47000122070312,97.81999969482422,23949,0.0,0.0
2024-06-25 12:30:00-04:00,97.81999969482422,97.83000183105469,97.0999984741211,97.25,42596,0.0,0.0
2024-06-25 13:30:00-04:00,97.20999908447266,97.72000122070312,97.18000030517578,97.62999725341797,35714,0.0,0.0
2024-06-25 14:30:00-04:00,97.58499908447266,97.66000366210938,97.3499984741211,97.38999938964844,53339,0.0,0.0
2024-06-25 15:30:00-04:00,97.3499984741211,97.86000061035156,97.18499755859375,97.33000183105469,90127,0.0,0.0
2024-06-26 09:30:00-04:00,97.27999877929688,97.29000091552734,96.26000213623047,96.9800033569336,25003,0.0,0.0
2024-06-26 10:30:00-04:00,96.93000030517578,97.08999633789062,96.45999908447266,97.0,25384,0.0,0.0
2024-06-26 11:30:00-04:00,97.0199966430664,97.44999694824219,96.68199920654297,97.01499938964844,59804,0.0,0.0
2024-06-26 12:30:00-04:00,96.9800033569336,97.05000305175781,96.66000366210938,96.71499633789062,23046,0.0,0.0
2024-06-26 13:30:00-04:00,96.83000183105469,97.23999786376953,96.5999984741211,97.18499755859375,54282,0.0,0.0
2024-06-26 14:30:00-04:00,97.20999908447266,97.58999633789062,97.17500305175781,97.56999969482422,49598,0.0,0.0
2024-06-26 15:30:00-04:00,97.55000305175781,98.04499816894531,97.33000183105469,97.94000244140625,140014,0.0,0.0
2024-06-27 09:30:00-04:00,98.26000213623047,98.5,97.30000305175781,98.42500305175781,82668,0.0,0.0
2024-06-27 10:30:00-04:00,98.43499755859375,98.91000366210938,98.38999938964844,98.6500015258789,59760,0.0,0.0
2024-06-27 11:30:00-04:00,98.70999908447266,99.13999938964844,98.4000015258789,98.7300033569336,63297,0.0,0.0
2024-06-27 12:30:00-04:00,98.73500061035156,99.26000213623047,98.57499694824219,99.26000213623047,79548,0.0,0.0
2024-06-27 13:30:00-04:00,99.19999694824219,99.6500015258789,99.11000061035156,99.3499984741211,59262,0.0,0.0
2024-06-27 14:30:00-04:00,99.33000183105469,99.83000183105469,99.30000305175781,99.63999938964844,68654,0.0,0.0
2024-06-27 15:30:00-04:00,99.63999938964844,100.02999877929688,99.18000030517578,99.47000122070312,100561,0.0,0.0
2024-06-28 09:30:00-04:00,100.5199966430664,100.5199966430664,98.80999755859375,99.80999755859375,37845,0.0,0.0
2024-06-28 10:30:00-04:00,99.7300033569336,100.20800018310547,99.12999725341797,99.37999725341797,30541,0.0,0.0
2024-06-28 11:30:00-04:00,99.33499908447266,99.48999786376953,98.76000213623047,99.125,28154,0.0,0.0
2024-06-28 12:30:00-04:00,99.0999984741211,99.18000030517578,98.5,98.55999755859375,31729,0.0,0.0
2024-06-28 13:30:00-04:00,98.55000305175781,98.55000305175781,98.0199966430664,98.0199966430664,39765,0.0,0.0
2024-06-28 14:30:00-04:00,97.87999725341797,98.20999908447266,97.58999633789062,97.83999633789062,68630,0.0,0.0
2024-06-28 15:30:00-04:00,97.83999633789062,99.25,97.38999938964844,99.02999877929688,211291,0.0,0.0
2024-07-01 09:30:00-04:00,99.56999969482422,99.56999969482422,97.54499816894531,97.76000213623047,25481,0.0,0.0
2024-07-01 10:30:00-04:00,97.73999786376953,98.30999755859375,97.41000366210938,98.125,42245,0.0,0.0
2024-07-01 11:30:00-04:00,97.92500305175781,98.79000091552734,97.9000015258789,98.61000061035156,17651,0.0,0.0
2024-07-01 12:30:00-04:00,98.70500183105469,99.16999816894531,98.52670288085938,98.88500213623047,22323,0.0,0.0
2024-07-01 13:30:00-04:00,98.6500015258789,98.87999725341797,98.43000030517578,98.43000030517578,23579,0.0,0.0
2024-07-01 14:30:00-04:00,98.43000030517578,98.89949798583984,98.43000030517578,98.55999755859375,28194,0.0,0.0
2024-07-01 15:30:00-04:00,98.58999633789062,98.61000061035156,98.15499877929688,98.18000030517578,60848,0.0,0.0
2024-07-02 09:30:00-04:00,98.44999694824219,99.58000183105469,98.2699966430664,98.37999725341797,53204,0.0,0.0
2024-07-02 10:30:00-04:00,98.37999725341797,98.9749984741211,98.30000305175781,98.55000305175781,22159,0.0,0.0
2024-07-02 11:30:00-04:00,98.62999725341797,98.7249984741211,98.11000061035156,98.11000061035156,19290,0.0,0.0
2024-07-02 12:30:00-04:00,97.93000030517578,97.98999786376953,97.66999816894531,97.98999786376953,19052,0.0,0.0
2024-07-02 13:30:00-04:00,97.80000305175781,98.32499694824219,97.56999969482422,98.25,21032,0.0,0.0
2024-07-02 14:30:00-04:00,98.16000366210938,98.87000274658203,98.1449966430664,98.87000274658203,50679,0.0,0.0
2024-07-02 15:30:00-04:00,98.87000274658203,98.97000122070312,98.5,98.8499984741211,76818,0.0,0.0
2024-07-03 09:30:00-04:00,99.26000213623047,99.74919891357422,98.44000244140625,99.58000183105469,19621,0.0,0.0
2024-07-03 10:30:00-04:00,99.52999877929688,99.76000213623047,99.20999908447266,99.21499633789062,34123,0.0,0.0
2024-07-03 11:30:00-04:00,99.19999694824219,99.83999633789062,99.19999694824219,99.81999969482422,22523,0.0,0.0
2024-07-05 09:30:00-04:00,99.01000213623047,99.24500274658203,97.66999816894531,97.73999786376953,29661,0.0,0.0
2024-07-05 10:30:00-04:00,97.9000015258789,98.33000183105469,97.87999725341797,98.0999984741211,14230,0.0,0.0
2024-07-05 11:30:00-04:00,98.21499633789062,99.0199966430664,98.21499633789062,99.01000213623047,38119,0.0,0.0
2024-07-05 12:30:00-04:00,98.94000244140625,99.63999938964844,98.94000244140625,99.16000366210938,23321,0.0,0.0
2024-07-05 13:30:00-04:00,99.33000183105469,99.66000366210938,99.29000091552734,99.51000213623047,22826,0.0,0.0
2024-07-05 14:30:00-04:00,99.52999877929688,99.80500030517578,99.45999908447266,99.5,34489,0.0,0.0
2024-07-05 15:30:00-04:00,99.37000274658203,99.52999877929688,99.20999908447266,99.36000061035156,91104,0.0,0.0
2024-07-08 09:30:00-04:00,100.38999938964844,100.38999938964844,99.5,99.86000061035156,26815,0.0,0.0
2024-07-08 10:30:00-04:00,99.49500274658203,99.5199966430664,98.48999786376953,98.81999969482422,45360,0.0,0.0
2024-07-08 11:30:00-04:00,98.66999816894531,98.76249694824219,98.375,98.55999755859375,17314,0.0,0.0
2024-07-08 12:30:00-04:00,98.56999969482422,99.02999877929688,98.54499816894531,99.0,70429,0.0,0.0
2024-07-08 13:30:00-04:00,98.9800033569336,99.04000091552734,98.7699966430664,98.9000015258789,19273,0.0,0.0
2024-07-08 14:30:00-04:00,98.94000244140625,99.0,98.54000091552734,98.7699966430664,47354,0.0,0.0
2024-07-08 15:30:00-04:00,98.66000366210938,98.83000183105469,98.4800033569336,98.74299621582031,58799,0.0,0.0
2024-07-09 09:30:00-04:00,98.38999938964844,98.55500030517578,97.52999877929688,97.7249984741211,65757,0.0,0.0
2024-07-09 10:30:00-04:00,97.66500091552734,98.62999725341797,97.66500091552734,98.05999755859375,56901,0.0,0.0
2024-07-09 11:30:00-04:00,98.1050033569336,98.7699966430664,98.1050033569336,98.45999908447266,53379,0.0,0.0
2024-07-09 12:30:00-04:00,98.4000015258789,98.94000244140625,98.4000015258789,98.79499816894531,46094,0.0,0.0
2024-07-09 13:30:00-04:00,98.75,99.16999816894531,98.70999908447266,99.00499725341797,37435,0.0,0.0
2024-07-09 14:30:00-04:00,99.0,99.19000244140625,98.55999755859375,98.55999755859375,37440,0.0,0.0
2024-07-09 15:30:00-04:00,98.66000366210938,98.73500061035156,98.13999938964844,98.27999877929688,138099,0.0,0.0
2024-07-10 09:30:00-04:00,99.0,100.0,99.0,99.38500213623047,123425,0.0,0.0
2024-07-10 10:30:00-04:00,99.30000305175781,99.55000305175781,98.77999877929688,99.08000183105469,101352,0.0,0.0
2024-07-10 11:30:00-04:00,99.04499816894531,99.08999633789062,98.79000091552734,99.01499938964844,59800,0.0,0.0
2024-07-10 12:30:00-04:00,98.95999908447266,98.95999908447266,98.44999694824219,98.51499938964844,57938,0.0,0.0
2024-07-10 13:30:00-04:00,98.51499938964844,98.62000274658203,98.25,98.44999694824219,77933,0.0,0.0
2024-07-10 14:30:00-04:00,98.5,98.9000015258789,98.31999969482422,98.79000091552734,184653,0.0,0.0
2024-07-10 15:30:00-04:00,98.77999877929688,100.02999877929688,98.77999877929688,100.01000213623047,162506,0.0,0.0
2024-07-11 09:30:00-04:00,104.19999694824219,105.30999755859375,101.9800033569336,104.0999984741211,241865,0.0,0.0
2024-07-11 10:30:00-04:00,104.08000183105469,105.78500366210938,104.08000183105469,104.25,163927,0.0,0.0
2024-07-11 11:30:00-04:00,104.25,104.62999725341797,103.62999725341797,103.69999694824219,191818,0.0,0.0
2024-07-11 12:30:00-04:00,103.69000244140625,104.0,103.5,103.86000061035156,98928,0.0,0.0
2024-07-11 13:30:00-04:00,103.84500122070312,103.84500122070312,102.87000274658203,103.08999633789062,88182,0.0,0.0
2024-07-11 14:30:00-04:00,103.06500244140625,103.25499725341797,102.31500244140625,102.52999877929688,148436,0.0,0.0
2024-07-11 15:30:00-04:00,102.61000061035156,103.70500183105469,102.6050033569336,103.41000366210938,221962,0.0,0.0
2024-07-12 09:30:00-04:00,104.29000091552734,105.30999755859375,103.48999786376953,104.16999816894531,115761,0.0,0.0
2024-07-12 10:30:00-04:00,104.16999816894531,104.37000274658203,103.30999755859375,103.77999877929688,90436,0.0,0.0
2024-07-12 11:30:00-04:00,103.69999694824219,104.22000122070312,103.58999633789062,103.92250061035156,62935,0.0,0.0
2024-07-12 12:30:00-04:00,103.91000366210938,104.33999633789062,103.73999786376953,104.11000061035156,61064,0.0,0.0
2024-07-12 13:30:00-04:00,104.12000274658203,104.66999816894531,103.87999725341797,104.66999816894531,63356,0.0,0.0
2024-07-12 14:30:00-04:00,104.68000030517578,105.02999877929688,104.5,104.6500015258789,101344,0.0,0.0
2024-07-12 15:30:00-04:00,104.70999908447266,104.92500305175781,104.30999755859375,104.58999633789062,157802,0.0,0.0
2024-07-15 09:30:00-04:00,105.73999786376953,106.19499969482422,104.81999969482422,104.92500305175781,117994,0.0,0.0
2024-07-15 10:30:00-04:00,105.0,105.41999816894531,104.29000091552734,105.22000122070312,73981,0.0,0.0
2024-07-15 11:30:00-04:00,105.19000244140625,105.5,104.52999877929688,104.69999694824219,63263,0.0,0.0
2024-07-15 12:30:00-04:00,104.7300033569336,104.80000305175781,104.0,104.36000061035156,50705,0.0,0.0
2024-07-15 13:30:00-04:00,104.45999908447266,105.47000122070312,104.44999694824219,105.30999755859375,82895,0.0,0.0
2024-07-15 14:30:00-04:00,105.26000213623047,105.56999969482422,105.11000061035156,105.3499984741211,75506,0.0,0.0
2024-07-15 15:30:00-04:00,105.38500213623047,105.61000061035156,104.9000015258789,105.25,165300,0.0,0.0
2024-07-16 09:30:00-04:00,107.0,107.94999694824219,105.9000015258789,105.93000030517578,142422,0.0,0.0
2024-07-16 10:30:00-04:00,105.91000366210938,106.63999938964844,105.81999969482422,106.08499908447266,75226,0.0,0.0
2024-07-16 11:30:00-04:00,106.05000305175781,106.16999816894531,105.6500015258789,105.95999908447266,58247,0.0,0.0
2024-07-16 12:30:00-04:00,105.9000015258789,106.36000061035156,105.81999969482422,106.18499755859375,55694,0.0,0.0
2024-07-16 13:30:00-04:00,106.13999938964844,106.58000183105469,106.0,106.58000183105469,72728,0.0,0.0
2024-07-16 14:30:00-04:00,106.56999969482422,107.55999755859375,106.30999755859375,107.54000091552734,108139,0.0,0.0
2024-07-16 15:30:00-04:00,107.54000091552734,107.62000274658203,107.02999877929688,107.43000030517578,183159,0.0,0.0
2024-07-17 09:30:00-04:00,107.37999725341797,107.43000030517578,104.58000183105469,105.19000244140625,134211,0.0,0.0
2024-07-17 10:30:00-04:00,105.29000091552734,105.48999786376953,104.48999786376953,104.62999725341797,75527,0.0,0.0
2024-07-17 11:30:00-04:00,104.79000091552734,104.91999816894531,104.0999984741211,104.0999984741211,60364,0.0,0.0
2024-07-17 12:30:00-04:00,104.16500091552734,104.41000366210938,103.91999816894531,104.19000244140625,58434,0.0,0.0
2024-07-17 13:30:00-04:00,104.27999877929688,104.37000274658203,103.45999908447266,103.65499877929688,61609,0.0,0.0
2024-07-17 14:30:00-04:00,103.70580291748047,103.70580291748047,103.0999984741211,103.51499938964844,94654,0.0,0.0
2024-07-17 15:30:00-04:00,103.43000030517578,103.68000030517578,102.81999969482422,102.93000030517578,166825,0.0,0.0
2024-07-18 09:30:00-04:00,103.5199966430664,104.70999908447266,103.12000274658203,104.37000274658203,100972,0.0,0.0
2024-07-18 10:30:00-04:00,104.30999755859375,104.30999755859375,102.26000213623047,102.48999786376953,78508,0.0,0.0
2024-07-18 11:30:00-04:00,102.41999816894531,102.75,101.20999908447266,101.69999694824219,68728,0.0,0.0
2024-07-18 12:30:00-04:00,101.7249984741211,102.6449966430664,101.69000244140625,102.5199966430664,56957,0.0,0.0
2024-07-18 13:30:00-04:00,102.61499786376953,102.68000030517578,101.91000366210938,101.98999786376953,62450,0.0,0.0
2024-07-18 14:30:00-04:00,101.98500061035156,102.12000274658203,101.47000122070312,101.81500244140625,68156,0.0,0.0
2024-07-18 15:30:00-04:00,101.77999877929688,102.87999725341797,101.77999877929688,102.5,133427,0.0,0.0
2024-07-19 09:30:00-04:00,102.94000244140625,103.73500061035156,102.13999938964844,102.36000061035156,70714,0.0,0.0
2024-07-19 10:30:00-04:00,102.2300033569336,102.66000366210938,100.91000366210938,100.91000366210938,21061,0.0,0.0
2024-07-19 11:30:00-04:00,100.7300033569336,101.77999877929688,100.70999908447266,101.58999633789062,35258,0.0,0.0
2024-07-19 12:30:00-04:00,101.58999633789062,101.95500183105469,101.43000030517578,101.62999725341797,16489,0.0,0.0
2024-07-19 13:30:00-04:00,101.61000061035156,102.13999938964844,101.48500061035156,101.63999938964844,17146,0.0,0.0
2024-07-19 14:30:00-04:00,101.63999938964844,102.05999755859375,101.5,101.92500305175781,18087,0.0,0.0
2024-07-19 15:30:00-04:00,101.91999816894531,102.08499908447266,101.52999877929688,101.63999938964844,52142,0.0,0.0
2024-07-22 09:30:00-04:00,102.16000366210938,102.97000122070312,101.47530364990234,101.875,34108,0.0,0.0
2024-07-22 10:30:00-04:00,101.91500091552734,102.47000122070312,101.72000122070312,102.06500244140625,93420,0.0,0.0
2024-07-22 11:30:00-04:00,101.9800033569336,102.16999816894531,101.77999877929688,102.05000305175781,27169,0.0,0.0
2024-07-22 12:30:00-04:00,101.95999908447266,102.68119812011719,101.76000213623047,102.68119812011719,22004,0.0,0.0
2024-07-22 13:30:00-04:00,102.70999908447266,103.4800033569336,102.37999725341797,103.2750015258789,42351,0.0,0.0
2024-07-22 14:30:00-04:00,103.5,104.51000213623047,103.5,103.70500183105469,45972,0.0,0.0
2024-07-22 15:30:00-04:00,103.70999908447266,104.22000122070312,103.5,104.22000122070312,72487,0.0,0.0
2024-07-23 09:30:00-04:00,103.66999816894531,105.69499969482422,103.58999633789062,105.3499984741211,34050,0.0,0.0
2024-07-23 10:30:00-04:00,105.35399627685547,105.94000244140625,104.98999786376953,105.53500366210938,41699,0.0,0.0
2024-07-23 11:30:00-04:00,105.4800033569336,105.94999694824219,105.13999938964844,105.25,19785,0.0,0.0
2024-07-23 12:30:00-04:00,105.18000030517578,105.37999725341797,105.0199966430664,105.18000030517578,46171,0.0,0.0
2024-07-23 13:30:00-04:00,105.08999633789062,105.88999938964844,104.9749984741211,105.76000213623047,54188,0.0,0.0
2024-07-23 14:30:00-04:00,105.8949966430664,106.3499984741211,105.8949966430664,106.2300033569336,52807,0.0,0.0
2024-07-23 15:30:00-04:00,106.16999816894531,107.04000091552734,106.05999755859375,107.02999877929688,201891,0.0,0.0
2024-07-24 09:30:00-04:00,105.55000305175781,106.66000366210938,104.4000015258789,104.91999816894531,51886,0.0,0.0
2024-07-24 10:30:00-04:00,104.93499755859375,105.2300033569336,104.19999694824219,104.45999908447266,40221,0.0,0.0
2024-07-24 11:30:00-04:00,104.51000213623047,104.9000015258789,104.06999969482422,104.44999694824219,26175,0.0,0.0
2024-07-24 12:30:00-04:00,104.45500183105469,104.45500183105469,103.52999877929688,103.6500015258789,18787,0.0,0.0
2024-07-24 13:30:00-04:00,103.48999786376953,103.91999816894531,103.31999969482422,103.44499969482422,19434,0.0,0.0
2024-07-24 14:30:00-04:00,103.43000030517578,103.44000244140625,102.58999633789062,102.67500305175781,63065,0.0,0.0
2024-07-24 15:30:00-04:00,102.63999938964844,103.0999984741211,101.93000030517578,101.97000122070312,89955,0.0,0.0
2024-07-25 09:30:00-04:00,101.94999694824219,102.87000274658203,100.84500122070312,102.41000366210938,20877,0.0,0.0
2024-07-25 10:30:00-04:00,102.2249984741211,103.88999938964844,102.2249984741211,103.4800033569336,50497,0.0,0.0
2024-07-25 11:30:00-04:00,103.5199966430664,103.9000015258789,103.23999786376953,103.7249984741211,21673,0.0,0.0
2024-07-25 12:30:00-04:00,103.73500061035156,104.0,103.19000244140625,103.47000122070312,133294,0.0,0.0
2024-07-25 13:30:00-04:00,103.22000122070312,103.43000030517578,102.2300033569336,102.43499755859375,49425,0.0,0.0
2024-07-25 14:30:00-04:00,102.37999725341797,102.63999938964844,101.76000213623047,102.23500061035156,27937,0.0,0.0
2024-07-25 15:30:00-04:00,102.19999694824219,102.31999969482422,101.12000274658203,101.25,64049,0.0,0.0
2024-07-26 09:30:00-04:00,102.88999938964844,103.87999725341797,102.63999938964844,103.31500244140625,41742,0.0,0.0
2024-07-26 10:30:00-04:00,103.38999938964844,103.38999938964844,102.70500183105469,103.04000091552734,18628,0.0,0.0
2024-07-26 11:30:00-04:00,103.13500213623047,103.6500015258789,102.9800033569336,103.62000274658203,13641,0.0,0.0
2024-07-26 12:30:00-04:00,103.57499694824219,104.22000122070312,103.4000015258789,104.22000122070312,9979,0.0,0.0
2024-07-26 13:30:00-04:00,104.05999755859375,104.05999755859375,103.45999908447266,103.94000244140625,79843,0.0,0.0
2024-07-26 14:30:00-04:00,103.94000244140625,103.94000244140625,103.06009674072266,103.7699966430664,39050,0.0,0.0
2024-07-26 15:30:00-04:00,103.6500015258789,104.0,103.41999816894531,103.48999786376953,183653,0.0,0.0
2024-07-29 09:30:00-04:00,104.44999694824219,105.51000213623047,104.00499725341797,105.0999984741211,43253,0.0,0.0
2024-07-29 10:30:00-04:00,104.97000122070312,105.19000244140625,104.16500091552734,104.33999633789062,31530,0.0,0.0
2024-07-29 11:30:00-04:00,104.23500061035156,104.81999969482422,103.84500122070312,104.44999694824219,79000,0.0,0.0
2024-07-29 12:30:00-04:00,104.37999725341797,104.5,103.63999938964844,103.63999938964844,51225,0.0,0.0
2024-07-29 13:30:00-04:00,103.69000244140625,103.70999908447266,103.0999984741211,103.29000091552734,36259,0.0,0.0
2024-07-29 14:30:00-04:00,103.32499694824219,103.91999816894531,103.0,103.87000274658203,51316,0.0,0.0
2024-07-29 15:30:00-04:00,103.80999755859375,104.30000305175781,103.76000213623047,103.87999725341797,92413,0.0,0.0
2024-07-30 09:30:00-04:00,104.06999969482422,104.40499877929688,103.52999877929688,103.88999938964844,56717,0.0,0.0
2024-07-30 10:30:00-04:00,103.8499984741211,103.94999694824219,102.0,102.33999633789062,57238,0.0,0.0
2024-07-30 11:30:00-04:00,102.41999816894531,102.51000213623047,101.62000274658203,102.18499755859375,35246,0.0,0.0
2024-07-30 12:30:00-04:00,102.27999877929688,102.37000274658203,100.87999725341797,101.06999969482422,68104,0.0,0.0
2024-07-30 13:30:00-04:00,101.08999633789062,101.93499755859375,101.02999877929688,101.55500030517578,121302,0.0,0.0
2024-07-30 14:30:00-04:00,101.55500030517578,101.55500030517578,101.11000061035156,101.2300033569336,51390,0.0,0.0
2024-07-30 15:30:00-04:00,101.20249938964844,101.94000244140625,101.06999969482422,101.52999877929688,134327,0.0,0.0
2024-07-31 09:30:00-04:00,102.7300033569336,103.36499786376953,101.48210144042969,103.36000061035156,69239,0.0,0.0
2024-07-31 10:30:00-04:00,103.38999938964844,103.88500213623047,103.30999755859375,103.55500030517578,25707,0.0,0.0
2024-07-31 11:30:00-04:00,103.5250015258789,103.86000061035156,103.30999755859375,103.44499969482422,23049,0.0,0.0
2024-07-31 12:30:00-04:00,103.44499969482422,104.0374984741211,103.44499969482422,103.44999694824219,24668,0.0,0.0
2024-07-31 13:30:00-04:00,103.44999694824219,103.4749984741211,103.0,103.37999725341797,36126,0.0,0.0
2024-07-31 14:30:00-04:00,103.37999725341797,105.58000183105469,103.37999725341797,103.62000274658203,114639,0.0,0.0
2024-07-31 15:30:00-04:00,103.62000274658203,104.11000061035156,102.97000122070312,103.30999755859375,152209,0.0,0.0
2024-08-01 09:30:00-04:00,106.19999694824219,113.06990051269531,105.47000122070312,111.19999694824219,353087,0.0,0.0
2024-08-01 10:30:00-04:00,110.98500061035156,112.69999694824219,108.69999694824219,110.23999786376953,393285,0.0,0.0
2024-08-01 11:30:00-04:00,110.1500015258789,111.37000274658203,109.61009979248047,109.8499984741211,120284,0.0,0.0
2024-08-01 12:30:00-04:00,109.97000122070312,110.13999938964844,107.50499725341797,108.33999633789062,189531,0.0,0.0
2024-08-01 13:30:00-04:00,108.23719787597656,108.95999908447266,107.08000183105469,107.625,111038,0.0,0.0
2024-08-01 14:30:00-04:00,107.625,108.15499877929688,106.91999816894531,107.55999755859375,171608,0.0,0.0
2024-08-01 15:30:00-04:00,107.52999877929688,108.45500183105469,107.16000366210938,107.98999786376953,210946,0.0,0.0
2024-08-02 09:30:00-04:00,103.8499984741211,105.08000183105469,101.8822021484375,102.875,167481,0.0,0.0
2024-08-02 10:30:00-04:00,102.94999694824219,103.22000122070312,101.63999938964844,101.9749984741211,101974,0.0,0.0
2024-08-02 11:30:00-04:00,101.96499633789062,103.33989715576172,101.68000030517578,102.77999877929688,116283,0.0,0.0
2024-08-02 12:30:00-04:00,102.78500366210938,102.9000015258789,102.11499786376953,102.37000274658203,69846,0.0,0.0
2024-08-02 13:30:00-04:00,102.37000274658203,102.48999786376953,101.42489624023438,102.04499816894531,64799,0.0,0.0
2024-08-02 14:30:00-04:00,102.08000183105469,102.23999786376953,100.80999755859375,101.2699966430664,137485,0.0,0.0
2024-08-02 15:30:00-04:00,101.29000091552734,101.68000030517578,100.72000122070312,101.12999725341797,235589,0.0,0.0
2024-08-05 09:30:00-04:00,96.94000244140625,100.0,95.55000305175781,97.55000305175781,154144,0.0,0.0
2024-08-05 10:30:00-04:00,97.62999725341797,98.0999984741211,96.93000030517578,97.6050033569336,208642,0.0,0.0
2024-08-05 11:30:00-04:00,97.56500244140625,99.20999908447266,97.25,99.16999816894531,84536,0.0,0.0
2024-08-05 12:30:00-04:00,98.97000122070312,98.97000122070312,97.7300033569336,98.02999877929688,44492,0.0,0.0
2024-08-05 13:30:00-04:00,97.98999786376953,98.29499816894531,97.5,97.86000061035156,40360,0.0,0.0
2024-08-05 14:30:00-04:00,97.80000305175781,98.02999877929688,97.01000213623047,97.68000030517578,84614,0.0,0.0
2024-08-05 15:30:00-04:00,97.6449966430664,97.80000305175781,97.16999816894531,97.39019775390625,149034,0.0,0.0
2024-08-06 09:30:00-04:00,98.44000244140625,98.95999908447266,97.12999725341797,98.95999908447266,75505,0.0,0.0
2024-08-06 10:30:00-04:00,98.87999725341797,100.37000274658203,98.62000274658203,98.62000274658203,49234,0.0,0.0
2024-08-06 11:30:00-04:00,98.55000305175781,99.48999786376953,98.55000305175781,99.4000015258789,36732,0.0,0.0
2024-08-06 12:30:00-04:00,99.41999816894531,100.0886001586914,99.0,100.05999755859375,29523,0.0,0.0
2024-08-06 13:30:00-04:00,100.0199966430664,100.48999786376953,99.52999877929688,100.48999786376953,39511,0.0,0.0
2024-08-06 14:30:00-04:00,100.33000183105469,100.75,98.66999816894531,98.80000305175781,65331,0.0,0.0
2024-08-06 15:30:00-04:00,98.83499908447266,98.9749984741211,97.55999755859375,97.86000061035156,105976,0.0,0.0
2024-08-07 09:30:00-04:00,99.80999755859375,100.26499938964844,98.44999694824219,98.66000366210938,37639,0.0,0.0
2024-08-07 10:30:00-04:00,98.66000366210938,99.56999969482422,98.2750015258789,98.54000091552734,31625,0.0,0.0
2024-08-07 11:30:00-04:00,98.55000305175781,98.76000213623047,97.73500061035156,98.40499877929688,63620,0.0,0.0
2024-08-07 12:30:00-04:00,98.4800033569336,98.4800033569336,97.125,97.30999755859375,37472,0.0,0.0
2024-08-07 13:30:00-04:00,97.45999908447266,97.56999969482422,96.27999877929688,96.66000366210938,23428,0.0,0.0
2024-08-07 14:30:00-04:00,96.5199966430664,97.19000244140625,96.16999816894531,96.18000030517578,46800,0.0,0.0
2024-08-07 15:30:00-04:00,96.16999816894531,96.16999816894531,95.04000091552734,95.1500015258789,182223,0.0,0.0
2024-08-08 09:30:00-04:00,96.72000122070312,97.72000122070312,96.0,97.72000122070312,75740,0.0,0.0
2024-08-08 10:30:00-04:00,98.0199966430664,98.0199966430664,97.48999786376953,97.83000183105469,39635,0.0,0.0
2024-08-08 11:30:00-04:00,97.80999755859375,97.87000274658203,97.22000122070312,97.30000305175781,44078,0.0,0.0
2024-08-08 12:30:00-04:00,97.23999786376953,97.80999755859375,97.0250015258789,97.72000122070312,39716,0.0,0.0
2024-08-08 13:30:00-04:00,98.0,98.55000305175781,97.93000030517578,98.01000213623047,44140,0.0,0.0
2024-08-08 14:30:00-04:00,98.15499877929688,98.41999816894531,97.73500061035156,98.00499725341797,41160,0.0,0.0
2024-08-08 15:30:00-04:00,98.0,98.87999725341797,97.44999694824219,98.87999725341797,166203,0.0,0.0
2024-08-09 09:30:00-04:00,98.25,98.69499969482422,97.19499969482422,97.31999969482422,87280,0.0,0.0
2024-08-09 10:30:00-04:00,97.25,98.81999969482422,97.05000305175781,98.27999877929688,52524,0.0,0.0
2024-08-09 11:30:00-04:00,98.22000122070312,98.2300033569336,97.58999633789062,97.98500061035156,31924,0.0,0.0
2024-08-09 12:30:00-04:00,97.87999725341797,99.31999969482422,97.87999725341797,99.31999969482422,42270,0.0,0.0
2024-08-09 13:30:00-04:00,99.33499908447266,99.5199966430664,98.4800033569336,98.62999725341797,33623,0.0,0.0
2024-08-09 14:30:00-04:00,98.68000030517578,98.7300033569336,98.28500366210938,98.54499816894531,40357,0.0,0.0
2024-08-09 15:30:00-04:00,98.48999786376953,98.58000183105469,98.08999633789062,98.45999908447266,97300,0.0,0.0
2024-08-12 09:30:00-04:00,98.05000305175781,98.08000183105469,94.625,94.81999969482422,128904,0.0,0.0
2024-08-12 10:30:00-04:00,94.93599700927734,95.44000244140625,93.9800033569336,94.16999816894531,93463,0.0,0.0
2024-08-12 11:30:00-04:00,94.19000244140625,94.533203125,93.88999938964844,94.36000061035156,35864,0.0,0.0
2024-08-12 12:30:00-04:00,94.36499786376953,94.91500091552734,94.11499786376953,94.76499938964844,30832,0.0,0.0
2024-08-12 13:30:00-04:00,94.8582992553711,94.95500183105469,94.63999938964844,94.73999786376953,19095,0.0,0.0
2024-08-12 14:30:00-04:00,94.71499633789062,95.02999877929688,94.56999969482422,94.81999969482422,41984,0.0,0.0
2024-08-12 15:30:00-04:00,94.83999633789062,94.9800033569336,94.44000244140625,94.5199966430664,148036,0.0,0.0
2024-08-13 09:30:00-04:00,95.69999694824219,96.8949966430664,95.04000091552734,96.38999938964844,69012,0.0,0.0
2024-08-13 10:30:00-04:00,96.43000030517578,96.75,96.19999694824219,96.62000274658203,34985,0.0,0.0
2024-08-13 11:30:00-04:00,96.79000091552734,97.1500015258789,96.63999938964844,97.0,34052,0.0,0.0
2024-08-13 12:30:00-04:00,97.01000213623047,97.48999786376953,97.01000213623047,97.22000122070312,60347,0.0,0.0
2024-08-13 13:30:00-04:00,97.22000122070312,97.26499938964844,96.83999633789062,96.97000122070312,38856,0.0,0.0
2024-08-13 14:30:00-04:00,96.93000030517578,97.12000274658203,96.58000183105469,96.81999969482422,53879,0.0,0.0
2024-08-13 15:30:00-04:00,96.87000274658203,97.16000366210938,96.5199966430664,96.83999633789062,111342,0.0,0.0
2024-08-14 09:30:00-04:00,97.43000030517578,97.46499633789062,95.26000213623047,96.73999786376953,40553,0.0,0.0
2024-08-14 10:30:00-04:00,96.84500122070312,97.52999877929688,96.27999877929688,96.9800033569336,46307,0.0,0.0
2024-08-14 11:30:00-04:00,97.05999755859375,97.48999786376953,96.31999969482422,96.51000213623047,49779,0.0,0.0
2024-08-14 12:30:00-04:00,96.37000274658203,96.74500274658203,95.94000244140625,96.66500091552734,17668,0.0,0.0
2024-08-14 13:30:00-04:00,96.5999984741211,97.05999755859375,96.58000183105469,97.01000213623047,78716,0.0,0.0
2024-08-14 14:30:00-04:00,96.97000122070312,97.45999908447266,96.87999725341797,97.0250015258789,42549,0.0,0.0
2024-08-14 15:30:00-04:00,97.00499725341797,97.12000274658203,96.4800033569336,96.55000305175781,130909,0.0,0.0
2024-08-15 09:30:00-04:00,98.54000091552734,98.59559631347656,97.88999938964844,98.25499725341797,27129,0.0,0.0
2024-08-15 10:30:00-04:00,98.26000213623047,98.55999755859375,98.0199966430664,98.06999969482422,20481,0.0,0.0
2024-08-15 11:30:00-04:00,98.05000305175781,98.5,98.05000305175781,98.5,35367,0.0,0.0
2024-08-15 12:30:00-04:00,98.56999969482422,98.58999633789062,97.83000183105469,97.83999633789062,44292,0.0,0.0
2024-08-15 13:30:00-04:00,97.83000183105469,97.97000122070312,97.30999755859375,97.42500305175781,79278,0.0,0.0
2024-08-15 14:30:00-04:00,97.37999725341797,97.48999786376953,97.0,97.125,90737,0.0,0.0
2024-08-15 15:30:00-04:00,97.12000274658203,97.23999786376953,96.4800033569336,96.72000122070312,116511,0.0,0.0
2024-08-16 09:30:00-04:00,96.0,97.12999725341797,95.77999877929688,96.9800033569336,37313,0.0,0.0
2024-08-16 10:30:00-04:00,97.0009994506836,97.05000305175781,96.5199966430664,96.96990203857422,34617,0.0,0.0
2024-08-16 11:30:00-04:00,96.92960357666016,97.7249984741211,96.875,97.69999694824219,34824,0.0,0.0
2024-08-16 12:30:00-04:00,97.65499877929688,97.73750305175781,97.32499694824219,97.38999938964844,29989,0.0,0.0
2024-08-16 13:30:00-04:00,97.3499984741211,97.43000030517578,97.01010131835938,97.16999816894531,27650,0.0,0.0
2024-08-16 14:30:00-04:00,97.13999938964844,97.33000183105469,96.5,96.54000091552734,59094,0.0,0.0
2024-08-16 15:30:00-04:00,96.5,97.16000366210938,96.33000183105469,97.12999725341797,139299,0.0,0.0
2024-08-19 09:30:00-04:00,97.18000030517578,97.30049896240234,96.66500091552734,96.95999908447266,31941,0.0,0.0
2024-08-19 10:30:00-04:00,96.9739990234375,97.83000183105469,96.94999694824219,97.80999755859375,28099,0.0,0.0
2024-08-19 11:30:00-04:00,97.82499694824219,98.30000305175781,97.7300033569336,98.2699966430664,25903,0.0,0.0
2024-08-19 12:30:00-04:00,98.30999755859375,98.69999694824219,98.0,98.56999969482422,36970,0.0,0.0
2024-08-19 13:30:00-04:00,98.5,98.68000030517578,98.2699966430664,98.42500305175781,20137,0.0,0.0
2024-08-19 14:30:00-04:00,98.46499633789062,98.79499816894531,98.37999725341797,98.68499755859375,33994,0.0,0.0
2024-08-19 15:30:00-04:00,98.68000030517578,98.76000213623047,98.31999969482422,98.61000061035156,120615,0.0,0.0
2024-08-20 09:30:00-04:00,98.22000122070312,98.98999786376953,97.48999786376953,97.63999938964844,17742,0.0,0.0
2024-08-20 10:30:00-04:00,97.58999633789062,97.72000122070312,97.05500030517578,97.2300033569336,21104,0.0,0.0
2024-08-20 11:30:00-04:00,97.19999694824219,98.12999725341797,97.19000244140625,97.95999908447266,17297,0.0,0.0
2024-08-20 12:30:00-04:00,97.93000030517578,97.98999786376953,97.375,97.62000274658203,25344,0.0,0.0
2024-08-20 13:30:00-04:00,97.4800033569336,97.77999877929688,97.37999725341797,97.54000091552734,21443,0.0,0.0
2024-08-20 14:30:00-04:00,97.5,97.57499694824219,97.20999908447266,97.20999908447266,19628,0.0,0.0
2024-08-20 15:30:00-04:00,97.2300033569336,97.69999694824219,97.11499786376953,97.2300033569336,39944,0.0,0.0
2024-08-21 09:30:00-04:00,97.69000244140625,98.26000213623047,97.68000030517578,98.23999786376953,15509,0.0,0.0
2024-08-21 10:30:00-04:00,98.24500274658203,99.20020294189453,98.2300033569336,98.76000213623047,19221,0.0,0.0
2024-08-21 11:30:00-04:00,98.83999633789062,99.19499969482422,98.80000305175781,98.86000061035156,18098,0.0,0.0
2024-08-21 12:30:00-04:00,98.98999786376953,99.44999694824219,98.9260025024414,99.41999816894531,16078,0.0,0.0
2024-08-21 13:30:00-04:00,99.33499908447266,99.33499908447266,98.3949966430664,98.79000091552734,23423,0.0,0.0
2024-08-21 14:30:00-04:00,98.69999694824219,99.18000030517578,98.5999984741211,99.05000305175781,23242,0.0,0.0
2024-08-21 15:30:00-04:00,99.06999969482422,99.66000366210938,98.94000244140625,99.45999908447266,63270,0.0,0.0
2024-08-22 09:30:00-04:00,99.45999908447266,100.80000305175781,99.45999908447266,100.31999969482422,68179,0.0,0.0
2024-08-22 10:30:00-04:00,100.1500015258789,100.62000274658203,99.95500183105469,100.5199966430664,34733,0.0,0.0
2024-08-22 11:30:00-04:00,100.63999938964844,100.86000061035156,99.91000366210938,100.79000091552734,30956,0.0,0.0
2024-08-22 12:30:00-04:00,100.76000213623047,101.18000030517578,100.0,100.04000091552734,45335,0.0,0.0
2024-08-22 13:30:00-04:00,100.0,100.24500274658203,99.87999725341797,100.20999908447266,31156,0.0,0.0
2024-08-22 14:30:00-04:00,100.2699966430664,100.55500030517578,99.94000244140625,99.94999694824219,22606,0.0,0.0
2024-08-22 15:30:00-04:00,100.0199966430664,100.29000091552734,99.7699966430664,100.2249984741211,537494,0.0,0.0
2024-08-23 09:30:00-04:00,100.5199966430664,102.66999816894531,100.5199966430664,102.66999816894531,66994,0.0,0.0
2024-08-23 10:30:00-04:00,102.87999725341797,102.91000366210938,101.26000213623047,102.19999694824219,32912,0.0,0.0
2024-08-23 11:30:00-04:00,102.29499816894531,102.54000091552734,101.19499969482422,101.33999633789062,27408,0.0,0.0
2024-08-23 12:30:00-04:00,101.51000213623047,101.5999984741211,101.0,101.58000183105469,11604,0.0,0.0
2024-08-23 13:30:00-04:00,101.62570190429688,101.90899658203125,101.45010375976562,101.54000091552734,14030,0.0,0.0
2024-08-23 14:30:00-04:00,101.55000305175781,101.91999816894531,101.19000244140625,101.88500213623047,29646,0.0,0.0
2024-08-23 15:30:00-04:00,101.83499908447266,102.08999633789062,101.5,102.0,76496,0.0,0.0
2024-08-26 09:30:00-04:00,102.75,102.93000030517578,102.0999984741211,102.91500091552734,21068,0.0,0.0
2024-08-26 10:30:00-04:00,103.05999755859375,103.125,102.12999725341797,102.12999725341797,38515,0.0,0.0
2024-08-26 11:30:00-04:00,102.11000061035156,102.18000030517578,101.83999633789062,102.07749938964844,15023,0.0,0.0
2024-08-26 12:30:00-04:00,102.0999984741211,102.19999694824219,101.76000213623047,102.19999694824219,22428,0.0,0.0
2024-08-26 13:30:00-04:00,102.12999725341797,102.12999725341797,101.55500030517578,102.01000213623047,81495,0.0,0.0
2024-08-26 14:30:00-04:00,102.06500244140625,102.19000244140625,101.96499633789062,101.9800033569336,26133,0.0,0.0
2024-08-26 15:30:00-04:00,101.91000366210938,102.01000213623047,101.46499633789062,101.75,69359,0.0,0.0
2024-08-27 09:30:00-04:00,101.26000213623047,101.52999877929688,100.61620330810547,101.44499969482422,23025,0.0,0.0
2024-08-27 10:30:00-04:00,101.52999877929688,101.62000274658203,101.22000122070312,101.33499908447266,21619,0.0,0.0
2024-08-27 11:30:00-04:00,101.33499908447266,101.55000305175781,101.0199966430664,101.33999633789062,19334,0.0,0.0
2024-08-27 12:30:00-04:00,101.33000183105469,101.80000305175781,101.33000183105469,101.80000305175781,22398,0.0,0.0
2024-08-27 13:30:00-04:00,101.70500183105469,101.93000030517578,101.70500183105469,101.88999938964844,15081,0.0,0.0
2024-08-27 14:30:00-04:00,101.9800033569336,102.16999816894531,101.74829864501953,101.97000122070312,31989,0.0,0.0
2024-08-27 15:30:00-04:00,101.94999694824219,102.01000213623047,101.42500305175781,101.77999877929688,56205,0.0,0.0
2024-08-28 09:30:00-04:00,101.68000030517578,102.05500030517578,101.12000274658203,102.0,16088,0.0,0.0
2024-08-28 10:30:00-04:00,102.0199966430664,102.08000183105469,101.33000183105469,101.58000183105469,24139,0.0,0.0
2024-08-28 11:30:00-04:00,101.30999755859375,101.66999816894531,101.2300033569336,101.47000122070312,15906,0.0,0.0
2024-08-28 12:30:00-04:00,101.5,101.58999633789062,101.27999877929688,101.30999755859375,9309,0.0,0.0
2024-08-28 13:30:00-04:00,101.37000274658203,101.37999725341797,100.62000274658203,100.75,17134,0.0,0.0
2024-08-28 14:30:00-04:00,100.75499725341797,101.37000274658203,100.66999816894531,101.30999755859375,27073,0.0,0.0
2024-08-28 15:30:00-04:00,101.2249984741211,101.2249984741211,99.98999786376953,100.30000305175781,107931,0.0,0.0
2024-08-29 09:30:00-04:00,100.88999938964844,102.3550033569336,100.37999725341797,102.3499984741211,29988,0.0,0.0
2024-08-29 10:30:00-04:00,102.36499786376953,102.875,102.01000213623047,102.70999908447266,35173,0.0,0.0
2024-08-29 11:30:00-04:00,102.99729919433594,103.33000183105469,102.87999725341797,103.33000183105469,17705,0.0,0.0
2024-08-29 12:30:00-04:00,103.20999908447266,103.26000213623047,102.47000122070312,102.55000305175781,26924,0.0,0.0
2024-08-29 13:30:00-04:00,102.7699966430664,102.7699966430664,102.29499816894531,102.40499877929688,17365,0.0,0.0
2024-08-29 14:30:00-04:00,101.98999786376953,102.5,101.7300033569336,102.44000244140625,36799,0.0,0.0
2024-08-29 15:30:00-04:00,102.41000366210938,102.45500183105469,101.5,101.5999984741211,61317,0.0,0.0
2024-08-30 09:30:00-04:00,102.76000213623047,102.76000213623047,101.55999755859375,102.20500183105469,16334,0.0,0.0
2024-08-30 10:30:00-04:00,101.62999725341797,101.97000122070312,101.04850006103516,101.04850006103516,7349,0.0,0.0
2024-08-30 11:30:00-04:00,101.16999816894531,101.41999816894531,101.08000183105469,101.21499633789062,16977,0.0,0.0
2024-08-30 12:30:00-04:00,101.13999938964844,101.73500061035156,100.98999786376953,101.55999755859375,16945,0.0,0.0
2024-08-30 13:30:00-04:00,101.72000122070312,101.87000274658203,101.59500122070312,101.76000213623047,15198,0.0,0.0
2024-08-30 14:30:00-04:00,101.79000091552734,102.54000091552734,101.79000091552734,102.52999877929688,39941,0.0,0.0
2024-08-30 15:30:00-04:00,102.55000305175781,102.84500122070312,102.1500015258789,102.25,98208,0.0,0.0
2024-09-03 09:30:00-04:00,101.47000122070312,101.76499938964844,98.8499984741211,99.33999633789062,56624,0.0,0.0
2024-09-03 10:30:00-04:00,99.2300033569336,99.25499725341797,98.0999984741211,98.54000091552734,35184,0.0,0.0
2024-09-03 11:30:00-04:00,98.45999908447266,99.0199966430664,98.2300033569336,98.30999755859375,32228,0.0,0.0
2024-09-03 12:30:00-04:00,98.20500183105469,98.29000091552734,97.91000366210938,98.28500366210938,27574,0.0,0.0
2024-09-03 13:30:00-04:00,98.19999694824219,98.37000274658203,97.95500183105469,98.05999755859375,28924,0.0,0.0
2024-09-03 14:30:00-04:00,98.05999755859375,98.50499725341797,97.97000122070312,97.97000122070312,85997,0.0,0.0
2024-09-03 15:30:00-04:00,98.0199966430664,98.08999633789062,97.55000305175781,97.73999786376953,125045,0.0,0.0
2024-09-04 09:30:00-04:00,97.02999877929688,98.0,96.6050033569336,97.88500213623047,46979,0.0,0.0
2024-09-04 10:30:00-04:00,98.05999755859375,98.80500030517578,97.58999633789062,97.58999633789062,39346,0.0,0.0
2024-09-04 11:30:00-04:00,97.42500305175781,97.63500213623047,96.98999786376953,97.22000122070312,45721,0.0,0.0
2024-09-04 12:30:00-04:00,97.26000213623047,97.58999633789062,97.08999633789062,97.37999725341797,51576,0.0,0.0
2024-09-04 13:30:00-04:00,97.33499908447266,97.83660125732422,97.08000183105469,97.08000183105469,34775,0.0,0.0
2024-09-04 14:30:00-04:00,97.2249984741211,97.2249984741211,96.68000030517578,96.79499816894531,49418,0.0,0.0
2024-09-04 15:30:00-04:00,96.79499816894531,97.45500183105469,96.6500015258789,97.30000305175781,95339,0.0,0.0
2024-09-05 09:30:00-04:00,98.26000213623047,99.41999816894531,98.26000213623047,98.58999633789062,46208,0.0,0.0
2024-09-05 10:30:00-04:00,98.69999694824219,98.87999725341797,97.69000244140625,97.97000122070312,22970,0.0,0.0
2024-09-05 11:30:00-04:00,97.55500030517578,97.88500213623047,97.25,97.79000091552734,19665,0.0,0.0
2024-09-05 12:30:00-04:00,97.77999877929688,98.0999984741211,97.62680053710938,97.66000366210938,28168,0.0,0.0
2024-09-05 13:30:00-04:00,97.73999786376953,98.5999984741211,97.7249984741211,98.37000274658203,27309,0.0,0.0
2024-09-05 14:30:00-04:00,98.3499984741211,98.71499633789062,97.9800033569336,98.58000183105469,28892,0.0,0.0
2024-09-05 15:30:00-04:00,98.5199966430664,98.7300033569336,98.0999984741211,98.4800033569336,79566,0.0,0.0
2024-09-06 09:30:00-04:00,98.69999694824219,98.69999694824219,96.52999877929688,96.61000061035156,26908,0.0,0.0
2024-09-06 10:30:00-04:00,96.68000030517578,97.38999938964844,96.1500015258789,96.44999694824219,42476,0.0,0.0
2024-09-06 11:30:00-04:00,96.33499908447266,96.43000030517578,95.875,96.2699966430664,21670,0.0,0.0
2024-09-06 12:30:00-04:00,96.13999938964844,97.25,96.04000091552734,97.1050033569336,65228,0.0,0.0
2024-09-06 13:30:00-04:00,97.0199966430664,97.16000366210938,96.52999877929688,96.54000091552734,26935,0.0,0.0
2024-09-06 14:30:00-04:00,96.54000091552734,97.3499984741211,96.17500305175781,97.31999969482422,36910,0.0,0.0
2024-09-06 15:30:00-04:00,97.18000030517578,97.19999694824219,96.5999984741211,96.80000305175781,85693,0.0,0.0
2024-09-09 09:30:00-04:00,96.83999633789062,98.2300033569336,96.83999633789062,97.34500122070312,38801,0.0,0.0
2024-09-09 10:30:00-04:00,97.34500122070312,97.34500122070312,96.31999969482422,96.8550033569336,37027,0.0,0.0
2024-09-09 11:30:00-04:00,96.9280014038086,97.70999908447266,96.9280014038086,97.69249725341797,13655,0.0,0.0
2024-09-09 12:30:00-04:00,97.67500305175781,97.94999694824219,97.63500213623047,97.91500091552734,23290,0.0,0.0
2024-09-09 13:30:00-04:00,97.92350006103516,97.94999694824219,97.25,97.41000366210938,28462,0.0,0.0
2024-09-09 14:30:00-04:00,97.41000366210938,97.41000366210938,96.56099700927734,96.76000213623047,32520,0.0,0.0
2024-09-09 15:30:00-04:00,96.61000061035156,96.87999725341797,96.41000366210938,96.69999694824219,71449,0.0,0.0
2024-09-10 09:30:00-04:00,96.66999816894531,97.0,96.16999816894531,96.58999633789062,25094,0.0,0.0
2024-09-10 10:30:00-04:00,96.73999786376953,97.83000183105469,96.73999786376953,97.78500366210938,45061,0.0,0.0
2024-09-10 11:30:00-04:00,97.77999877929688,97.79000091552734,96.81999969482422,96.9000015258789,27164,0.0,0.0
2024-09-10 12:30:00-04:00,96.8499984741211,97.31999969482422,96.8499984741211,97.12999725341797,20751,0.0,0.0
2024-09-10 13:30:00-04:00,97.16000366210938,97.66000366210938,97.07980346679688,97.66000366210938,24659,0.0,0.0
2024-09-10 14:30:00-04:00,97.68000030517578,97.81999969482422,97.0999984741211,97.61000061035156,59329,0.0,0.0
2024-09-10 15:30:00-04:00,97.6050033569336,97.68000030517578,97.21499633789062,97.44999694824219,89682,0.0,0.0
2024-09-11 09:30:00-04:00,97.47000122070312,97.55000305175781,95.84500122070312,96.12999725341797,26369,0.0,0.0
2024-09-11 10:30:00-04:00,96.0,96.3499984741211,95.98999786376953,96.3499984741211,23182,0.0,0.0
2024-09-11 11:30:00-04:00,96.54000091552734,97.73999786376953,96.25,97.7300033569336,66770,0.0,0.0
2024-09-11 12:30:00-04:00,97.69000244140625,98.48999786376953,97.55000305175781,98.40499877929688,27292,0.0,0.0
2024-09-11 13:30:00-04:00,98.41999816894531,99.09500122070312,98.41999816894531,98.79000091552734,30441,0.0,0.0
2024-09-11 14:30:00-04:00,98.87000274658203,99.28500366210938,98.55500030517578,99.25,35637,0.0,0.0
2024-09-11 15:30:00-04:00,99.2249984741211,99.8499984741211,99.02999877929688,99.6500015258789,84428,0.0,0.0
2024-09-12 09:30:00-04:00,99.70999908447266,100.20950317382812,98.37000274658203,99.28500366210938,11328,0.0,0.0
2024-09-12 10:30:00-04:00,99.16000366210938,99.5199966430664,99.02749633789062,99.45999908447266,18705,0.0,0.0
2024-09-12 11:30:00-04:00,99.48999786376953,99.54000091552734,99.08000183105469,99.5,10150,0.0,0.0
2024-09-12 12:30:00-04:00,99.29000091552734,99.8499984741211,99.29000091552734,99.68000030517578,13629,0.0,0.0
2024-09-12 13:30:00-04:00,99.7300033569336,100.04000091552734,99.69000244140625,99.87000274658203,25908,0.0,0.0
2024-09-12 14:30:00-04:00,99.83499908447266,99.83499908447266,99.31999969482422,99.68499755859375,15421,0.0,0.0
2024-09-12 15:30:00-04:00,99.5999984741211,99.97000122070312,99.26499938964844,99.4800033569336,100450,0.0,0.0
2024-09-13 09:30:00-04:00,100.5999984741211,101.93000030517578,99.77999877929688,101.68499755859375,47127,0.0,0.0
2024-09-13 10:30:00-04:00,101.68499755859375,102.33000183105469,101.55000305175781,102.2249984741211,43371,0.0,0.0
2024-09-13 11:30:00-04:00,102.2300033569336,102.7699966430664,102.2300033569336,102.69999694824219,41395,0.0,0.0
2024-09-13 12:30:00-04:00,102.69999694824219,102.8499984741211,102.2699966430664,102.5,29164,0.0,0.0
2024-09-13 13:30:00-04:00,102.45500183105469,102.5,101.80000305175781,101.9749984741211,38856,0.0,0.0
2024-09-13 14:30:00-04:00,101.98999786376953,102.55999755859375,101.88999938964844,102.23999786376953,40533,0.0,0.0
2024-09-13 15:30:00-04:00,102.1449966430664,102.77999877929688,102.1449966430664,102.48999786376953,108813,0.0,0.0
2024-09-16 09:30:00-04:00,102.54000091552734,103.41999816894531,101.73999786376953,103.01000213623047,26975,0.0,0.0
2024-09-16 10:30:00-04:00,102.8499984741211,103.5199966430664,102.5604019165039,103.25499725341797,32375,0.0,0.0
2024-09-16 11:30:00-04:00,103.37000274658203,103.4800033569336,102.88999938964844,103.25,20857,0.0,0.0
2024-09-16 12:30:00-04:00,103.2300033569336,103.30999755859375,103.0000991821289,103.13999938964844,16932,0.0,0.0
2024-09-16 13:30:00-04:00,103.08999633789062,103.31999969482422,102.91999816894531,102.91999816894531,17610,0.0,0.0
2024-09-16 14:30:00-04:00,102.88999938964844,103.19000244140625,102.72000122070312,102.78500366210938,23049,0.0,0.0
2024-09-16 15:30:00-04:00,102.77999877929688,103.63999938964844,102.77999877929688,103.41000366210938,92985,0.0,0.0
2024-09-17 09:30:00-04:00,104.47000122070312,104.52999877929688,103.22000122070312,104.4000015258789,39387,0.0,0.0
2024-09-17 10:30:00-04:00,104.08000183105469,105.05999755859375,104.02999877929688,104.94499969482422,44113,0.0,0.0
2024-09-17 11:30:00-04:00,104.93000030517578,104.93000030517578,103.7699966430664,104.01000213623047,29992,0.0,0.0
2024-09-17 12:30:00-04:00,104.0199966430664,104.0199966430664,103.23999786376953,103.4749984741211,26591,0.0,0.0
2024-09-17 13:30:00-04:00,103.5999984741211,104.22000122070312,103.11000061035156,104.22000122070312,27710,0.0,0.0
2024-09-17 14:30:00-04:00,104.125,104.52999877929688,104.05000305175781,104.3499984741211,52355,0.0,0.0
2024-09-17 15:30:00-04:00,104.3949966430664,104.55999755859375,103.87000274658203,104.2699966430664,88310,0.0,0.0
2024-09-18 09:30:00-04:00,104.22000122070312,104.58000183105469,103.37000274658203,103.51000213623047,28268,0.0,0.0
2024-09-18 10:30:00-04:00,103.4000015258789,104.94999694824219,103.4000015258789,104.23999786376953,52225,0.0,0.0
2024-09-18 11:30:00-04:00,104.04000091552734,104.08999633789062,102.97000122070312,103.2699966430664,50068,0.0,0.0
2024-09-18 12:30:00-04:00,103.18499755859375,103.5,102.97000122070312,103.1050033569336,41396,0.0,0.0
2024-09-18 13:30:00-04:00,103.27999877929688,105.16999816894531,102.91999816894531,104.48500061035156,80787,0.0,0.0
2024-09-18 14:30:00-04:00,104.52999877929688,105.01000213623047,102.68000030517578,103.69000244140625,131182,0.0,0.0
2024-09-18 15:30:00-04:00,103.70999908447266,103.9800033569336,102.04000091552734,102.94000244140625,107982,0.0,0.0
2024-09-19 09:30:00-04:00,105.19000244140625,105.19000244140625,103.18000030517578,104.73750305175781,60860,0.0,0.0
2024-09-19 10:30:00-04:00,104.6500015258789,104.9000015258789,103.5999984741211,104.44000244140625,28498,0.0,0.0
2024-09-19 11:30:00-04:00,104.20999908447266,104.70999908447266,103.19000244140625,104.66000366210938,290393,0.0,0.0
2024-09-19 12:30:00-04:00,104.5,104.95999908447266,104.44000244140625,104.8550033569336,136340,0.0,0.0
2024-09-19 13:30:00-04:00,104.63009643554688,105.51000213623047,104.63009643554688,105.45999908447266,88087,0.0,0.0
2024-09-19 14:30:00-04:00,105.37000274658203,105.75,105.12999725341797,105.66000366210938,68277,0.0,0.0
2024-09-19 15:30:00-04:00,105.75,106.38999938964844,105.66999816894531,106.37000274658203,115535,0.0,0.0
2024-09-20 09:30:00-04:00,106.05000305175781,107.14540100097656,105.63999938964844,106.61000061035156,116021,0.0,0.0
2024-09-20 10:30:00-04:00,106.52999877929688,106.66000366210938,105.86000061035156,106.23999786376953,20998,0.0,0.0
2024-09-20 11:30:00-04:00,106.23999786376953,106.87000274658203,105.6500015258789,106.55000305175781,22063,0.0,0.0
2024-09-20 12:30:00-04:00,106.41500091552734,106.76000213623047,106.2300033569336,106.2300033569336,19118,0.0,0.0
2024-09-20 13:30:00-04:00,106.34500122070312,106.45999908447266,105.63999938964844,105.9800033569336,20357,0.0,0.0
2024-09-20 14:30:00-04:00,105.97000122070312,106.26000213623047,105.69999694824219,106.18499755859375,29207,0.0,0.0
2024-09-20 15:30:00-04:00,106.13999938964844,107.38999938964844,106.03500366210938,107.12999725341797,149535,0.0,0.0
