Datetime,Open,High,Low,Close,Volume,Dividends,Stock Splits
2022-09-22 09:30:00-04:00,227.1199951171875,227.44000244140625,224.97999572753906,226.78500366210938,139375,0.0,0.0
2022-09-22 10:30:00-04:00,226.80999755859375,227.1999969482422,225.0500030517578,225.1707000732422,79141,0.0,0.0
2022-09-22 11:30:00-04:00,225.08999633789062,226.10000610351562,224.86000061035156,225.44000244140625,72718,0.0,0.0
2022-09-22 12:30:00-04:00,225.07000732421875,225.77000427246094,223.60000610351562,224.22000122070312,109789,0.0,0.0
2022-09-22 13:30:00-04:00,224.3699951171875,225.13999938964844,224.11000061035156,224.52999877929688,109087,0.0,0.0
2022-09-22 14:30:00-04:00,224.39999389648438,225.76499938964844,224.3300018310547,225.1699981689453,117902,0.0,0.0
2022-09-22 15:30:00-04:00,225.22999572753906,226.39999389648438,224.50999450683594,224.6199951171875,183152,0.0,0.0
2022-09-23 09:30:00-04:00,221.63999938964844,222.13499450683594,219.49000549316406,220.3800048828125,198048,0.0,0.0
2022-09-23 10:30:00-04:00,220.27000427246094,220.2899932861328,218.1199951171875,218.97000122070312,107077,0.0,0.0
2022-09-23 11:30:00-04:00,218.99000549316406,219.36000061035156,217.1199951171875,217.32000732421875,159175,0.0,0.0
2022-09-23 12:30:00-04:00,217.3249969482422,218.61000061035156,216.77999877929688,217.89999389648438,91305,0.0,0.0
2022-09-23 13:30:00-04:00,217.91000366210938,218.33999633789062,216.19000244140625,217.2899932861328,114611,0.0,0.0
2022-09-23 14:30:00-04:00,217.32000732421875,217.60000610351562,216.02999877929688,216.85000610351562,196242,0.0,0.0
2022-09-23 15:30:00-04:00,216.8800048828125,217.69000244140625,216.61000061035156,217.6699981689453,308506,0.0,0.0
2022-09-26 09:30:00-04:00,216.3699951171875,217.5,214.7050018310547,216.55999755859375,183101,0.0,0.0
2022-09-26 10:30:00-04:00,216.55499267578125,216.55499267578125,213.16000366210938,213.16000366210938,218598,0.0,0.0
2022-09-26 11:30:00-04:00,213.08999633789062,215.60000610351562,213.08999633789062,214.61000061035156,120380,0.0,0.0
2022-09-26 12:30:00-04:00,214.63999938964844,214.75,212.68499755859375,213.05999755859375,114260,0.0,0.0
2022-09-26 13:30:00-04:00,213.07000732421875,214.52499389648438,213.06500244140625,213.3699951171875,127996,0.0,0.0
2022-09-26 14:30:00-04:00,213.33999633789062,214.69000244140625,213.22000122070312,214.36000061035156,208473,0.0,0.0
2022-09-26 15:30:00-04:00,214.3000030517578,216.13999938964844,213.92999267578125,214.89999389648438,356579,0.0,0.0
2022-09-27 09:30:00-04:00,215.0,216.94000244140625,213.4949951171875,214.22000122070312,213111,0.0,0.0
2022-09-27 10:30:00-04:00,214.44000244140625,216.63999938964844,214.17999267578125,214.30999755859375,122651,0.0,0.0
2022-09-27 11:30:00-04:00,214.34500122070312,214.97000122070312,211.66000366210938,212.11000061035156,115001,0.0,0.0
2022-09-27 12:30:00-04:00,212.38999938964844,213.11000061035156,211.77499389648438,212.9550018310547,120285,0.0,0.0
2022-09-27 13:30:00-04:00,212.86000061035156,213.3000030517578,211.9550018310547,212.88999938964844,97946,0.0,0.0
2022-09-27 14:30:00-04:00,212.82000732421875,214.36500549316406,212.5749969482422,213.77000427246094,208298,0.0,0.0
2022-09-27 15:30:00-04:00,213.84500122070312,214.25,212.89999389648438,213.8699951171875,235512,0.0,0.0
2022-09-28 09:30:00-04:00,212.60000610351562,215.0500030517578,212.27000427246094,214.4243927001953,180707,0.0,0.0
2022-09-28 10:30:00-04:00,214.50999450683594,216.38999938964844,214.19000244140625,215.5749969482422,176193,0.0,0.0
2022-09-28 11:30:00-04:00,215.5749969482422,217.27999877929688,215.33999633789062,216.80999755859375,110926,0.0,0.0
2022-09-28 12:30:00-04:00,216.78500366210938,217.22000122070312,216.00999450683594,216.25999450683594,93674,0.0,0.0
2022-09-28 13:30:00-04:00,216.27999877929688,216.7899932861328,215.64999389648438,215.7899932861328,99129,0.0,0.0
2022-09-28 14:30:00-04:00,215.8800048828125,217.33999633789062,215.8800048828125,217.30499267578125,104650,0.0,0.0
2022-09-28 15:30:00-04:00,217.33999633789062,218.3070068359375,216.58999633789062,216.77000427246094,267229,0.0,0.0
2022-09-29 09:30:00-04:00,214.39999389648438,215.64999389648438,213.27000427246094,214.44500732421875,183003,0.0,0.0
2022-09-29 10:30:00-04:00,214.4499969482422,216.14999389648438,213.17999267578125,214.6999969482422,128757,0.0,0.0
2022-09-29 11:30:00-04:00,214.6199951171875,215.24000549316406,213.9499969482422,214.19000244140625,93398,0.0,0.0
2022-09-29 12:30:00-04:00,214.1199951171875,214.69000244140625,213.39999389648438,213.47000122070312,75172,0.0,0.0
2022-09-29 13:30:00-04:00,213.5,213.72999572753906,212.53500366210938,213.19500732421875,82624,0.0,0.0
2022-09-29 14:30:00-04:00,213.2050018310547,214.7100067138672,213.1999969482422,214.5800018310547,138446,0.0,0.0
2022-09-29 15:30:00-04:00,214.52999877929688,215.4499969482422,214.3000030517578,214.75,151503,0.0,0.0
2022-09-30 09:30:00-04:00,214.0,214.7100067138672,210.5,213.30999755859375,115164,0.0,0.0
2022-09-30 10:30:00-04:00,213.38999938964844,214.4600067138672,212.6199951171875,213.44000244140625,123161,0.0,0.0
2022-09-30 11:30:00-04:00,213.5,213.66000366210938,211.33999633789062,211.9199981689453,83610,0.0,0.0
2022-09-30 12:30:00-04:00,211.88499450683594,212.50999450683594,211.44000244140625,211.6833953857422,92627,0.0,0.0
2022-09-30 13:30:00-04:00,211.6300048828125,211.77000427246094,210.74000549316406,210.8000030517578,129291,0.0,0.0
2022-09-30 14:30:00-04:00,210.74000549316406,211.05999755859375,209.85000610351562,210.50999450683594,122530,0.0,0.0
2022-09-30 15:30:00-04:00,210.6959991455078,210.82000732421875,209.58999633789062,209.85000610351562,217146,0.0,0.0
2022-10-03 09:30:00-04:00,211.41000366210938,216.30999755859375,211.13999938964844,215.77999877929688,111845,0.0,0.0
2022-10-03 10:30:00-04:00,215.8350067138672,216.9199981689453,215.08999633789062,216.80999755859375,115602,0.0,0.0
2022-10-03 11:30:00-04:00,216.8300018310547,217.2100067138672,215.64999389648438,215.66000366210938,73930,0.0,0.0
2022-10-03 12:30:00-04:00,215.56500244140625,216.77499389648438,215.5500030517578,216.11000061035156,62342,0.0,0.0
2022-10-03 13:30:00-04:00,216.16000366210938,217.89500427246094,216.16000366210938,217.89500427246094,76412,0.0,0.0
2022-10-03 14:30:00-04:00,217.8000030517578,218.44000244140625,217.1999969482422,217.57470703125,98000,0.0,0.0
2022-10-03 15:30:00-04:00,217.57000732421875,217.66000366210938,216.27999877929688,216.80999755859375,193463,0.0,0.0
2022-10-04 09:30:00-04:00,219.3300018310547,222.33999633789062,219.3300018310547,221.4199981689453,153171,0.0,0.0
2022-10-04 10:30:00-04:00,221.5399932861328,222.1699981689453,220.22000122070312,221.0,80773,0.0,0.0
2022-10-04 11:30:00-04:00,220.99000549316406,221.6649932861328,220.77000427246094,221.30499267578125,58365,0.0,0.0
2022-10-04 12:30:00-04:00,221.3699951171875,221.55250549316406,220.11000061035156,221.05499267578125,68384,0.0,0.0
2022-10-04 13:30:00-04:00,221.08999633789062,222.3699951171875,220.89999389648438,221.9499969482422,105830,0.0,0.0
2022-10-04 14:30:00-04:00,221.8300018310547,223.00999450683594,221.64999389648438,222.66000366210938,126947,0.0,0.0
2022-10-04 15:30:00-04:00,222.60000610351562,223.4600067138672,222.38999938964844,223.32000732421875,163578,0.0,0.0
2022-10-05 09:30:00-04:00,220.72000122070312,222.5800018310547,219.25,219.93499755859375,118428,0.0,0.0
2022-10-05 10:30:00-04:00,220.2100067138672,220.66000366210938,219.52999877929688,220.27000427246094,122585,0.0,0.0
2022-10-05 11:30:00-04:00,220.3065948486328,221.99000549316406,220.14999389648438,221.4199981689453,80056,0.0,0.0
2022-10-05 12:30:00-04:00,221.33999633789062,222.86000061035156,220.8800048828125,222.24000549316406,112595,0.0,0.0
2022-10-05 13:30:00-04:00,222.15499877929688,222.15499877929688,220.9600067138672,221.78500366210938,103405,0.0,0.0
2022-10-05 14:30:00-04:00,221.72000122070312,222.77000427246094,221.3350067138672,222.35000610351562,100906,0.0,0.0
2022-10-05 15:30:00-04:00,222.30999755859375,222.4199981689453,220.75,221.02000427246094,181713,0.0,0.0
2022-10-06 09:30:00-04:00,220.10000610351562,221.77999877929688,218.9600067138672,219.52999877929688,161823,0.0,0.0
2022-10-06 10:30:00-04:00,219.5749969482422,221.47999572753906,219.3300018310547,221.4499969482422,56035,0.0,0.0
2022-10-06 11:30:00-04:00,221.5449981689453,221.80999755859375,220.0,220.99000549316406,55270,0.0,0.0
2022-10-06 12:30:00-04:00,221.02000427246094,221.47999572753906,220.3300018310547,220.74000549316406,54761,0.0,0.0
2022-10-06 13:30:00-04:00,220.64999389648438,220.8300018310547,219.18499755859375,219.18499755859375,74690,0.0,0.0
2022-10-06 14:30:00-04:00,219.22999572753906,219.38999938964844,218.1699981689453,219.27999877929688,108852,0.0,0.0
2022-10-06 15:30:00-04:00,219.1999969482422,219.33999633789062,218.7100067138672,218.83999633789062,143910,0.0,0.0
2022-10-07 09:30:00-04:00,215.92999267578125,217.05999755859375,214.27999877929688,215.38999938964844,165790,0.0,0.0
2022-10-07 10:30:00-04:00,215.38999938964844,216.1300048828125,214.66000366210938,214.6627960205078,103605,0.0,0.0
2022-10-07 11:30:00-04:00,214.88999938964844,215.2550048828125,214.3300018310547,214.57000732421875,148376,0.0,0.0
2022-10-07 12:30:00-04:00,214.53500366210938,214.5500030517578,213.5399932861328,214.05999755859375,64227,0.0,0.0
2022-10-07 13:30:00-04:00,213.99000549316406,214.6199951171875,213.9149932861328,214.02499389648438,94584,0.0,0.0
2022-10-07 14:30:00-04:00,213.9600067138672,214.52999877929688,213.10000610351562,213.32000732421875,100717,0.0,0.0
2022-10-07 15:30:00-04:00,213.2899932861328,214.6999969482422,212.96499633789062,214.55999755859375,166497,0.0,0.0
2022-10-10 09:30:00-04:00,216.6300048828125,217.0,214.67999267578125,216.0800018310547,96778,0.0,0.0
2022-10-10 10:30:00-04:00,216.10000610351562,216.22999572753906,213.5449981689453,215.02000427246094,160329,0.0,0.0
2022-10-10 11:30:00-04:00,214.89500427246094,215.1199951171875,213.52000427246094,213.5800018310547,57250,0.0,0.0
2022-10-10 12:30:00-04:00,213.72999572753906,213.72999572753906,212.61500549316406,213.6699981689453,43917,0.0,0.0
2022-10-10 13:30:00-04:00,213.68499755859375,215.2899932861328,213.55499267578125,214.36000061035156,59624,0.0,0.0
2022-10-10 14:30:00-04:00,214.31500244140625,214.96499633789062,212.7550048828125,212.85000610351562,147035,0.0,0.0
2022-10-10 15:30:00-04:00,212.89999389648438,213.4199981689453,212.10000610351562,212.24000549316406,285208,0.0,0.0
2022-10-11 09:30:00-04:00,210.75,212.44000244140625,210.125,211.2899932861328,200004,0.0,0.0
2022-10-11 10:30:00-04:00,211.1999969482422,212.49000549316406,210.97000122070312,212.3000030517578,136043,0.0,0.0
2022-10-11 11:30:00-04:00,212.61000061035156,213.5800018310547,212.2100067138672,213.4149932861328,86272,0.0,0.0
2022-10-11 12:30:00-04:00,213.3699951171875,214.14999389648438,213.24000549316406,214.11000061035156,212411,0.0,0.0
2022-10-11 13:30:00-04:00,214.13999938964844,215.2899932861328,214.13999938964844,214.97000122070312,122896,0.0,0.0
2022-10-11 14:30:00-04:00,215.02000427246094,215.27999877929688,211.80999755859375,212.3300018310547,199200,0.0,0.0
2022-10-11 15:30:00-04:00,212.4199981689453,213.02000427246094,211.97000122070312,212.75999450683594,225930,0.0,0.0
2022-10-12 09:30:00-04:00,212.35000610351562,214.8800048828125,211.6699981689453,214.77999877929688,139819,0.0,0.0
2022-10-12 10:30:00-04:00,214.77999877929688,215.85499572753906,213.3699951171875,214.11000061035156,102460,0.0,0.0
2022-10-12 11:30:00-04:00,214.24000549316406,215.11500549316406,213.77000427246094,214.50999450683594,63973,0.0,0.0
2022-10-12 12:30:00-04:00,214.61000061035156,214.7100067138672,213.1300048828125,213.17999267578125,53154,0.0,0.0
2022-10-12 13:30:00-04:00,213.1649932861328,213.22999572753906,212.30999755859375,213.13999938964844,101591,0.0,0.0
2022-10-12 14:30:00-04:00,213.27000427246094,213.61500549316406,212.0399932861328,212.44000244140625,110694,0.0,0.0
2022-10-12 15:30:00-04:00,212.42999267578125,212.6649932861328,211.27000427246094,211.30999755859375,199721,0.0,0.0
2022-10-13 09:30:00-04:00,205.5399932861328,208.71499633789062,204.25999450683594,207.22999572753906,258285,0.0,0.0
2022-10-13 10:30:00-04:00,207.18499755859375,213.27000427246094,206.91000366210938,212.25,113465,0.0,0.0
2022-10-13 11:30:00-04:00,212.10000610351562,215.1300048828125,212.0449981689453,213.88999938964844,96528,0.0,0.0
2022-10-13 12:30:00-04:00,213.9600067138672,216.3300018310547,213.83999633789062,216.2100067138672,65036,0.0,0.0
2022-10-13 13:30:00-04:00,216.27999877929688,216.8780059814453,215.5,215.51499938964844,63832,0.0,0.0
2022-10-13 14:30:00-04:00,215.77000427246094,217.6199951171875,215.63999938964844,216.5800018310547,104406,0.0,0.0
2022-10-13 15:30:00-04:00,216.52000427246094,216.5800018310547,215.42999267578125,215.6300048828125,211850,0.0,0.0
2022-10-14 09:30:00-04:00,217.50999450683594,218.63999938964844,214.1999969482422,214.94000244140625,304877,0.0,0.0
2022-10-14 10:30:00-04:00,214.63999938964844,216.27999877929688,213.92999267578125,215.9199981689453,67915,0.0,0.0
2022-10-14 11:30:00-04:00,215.6999969482422,215.6999969482422,213.55999755859375,214.60000610351562,65679,0.0,0.0
2022-10-14 12:30:00-04:00,214.9199981689453,215.6649932861328,214.17999267578125,214.47999572753906,66938,0.0,0.0
2022-10-14 13:30:00-04:00,214.4600067138672,214.78500366210938,213.25,213.47999572753906,72586,0.0,0.0
2022-10-14 14:30:00-04:00,213.5,214.5800018310547,213.1999969482422,213.94500732421875,115832,0.0,0.0
2022-10-14 15:30:00-04:00,213.96499633789062,214.47740173339844,213.19000244140625,213.83999633789062,175425,0.0,0.0
2022-10-17 09:30:00-04:00,216.69000244140625,219.08999633789062,216.69000244140625,218.02000427246094,288473,0.0,0.0
2022-10-17 10:30:00-04:00,218.0,219.0399932861328,216.8000030517578,217.94500732421875,123407,0.0,0.0
2022-10-17 11:30:00-04:00,217.9425048828125,218.47999572753906,217.3000030517578,217.69000244140625,78941,0.0,0.0
2022-10-17 12:30:00-04:00,217.61000061035156,218.25,217.16000366210938,218.08999633789062,79289,0.0,0.0
2022-10-17 13:30:00-04:00,218.11000061035156,219.1300048828125,218.02999877929688,218.1699981689453,146476,0.0,0.0
2022-10-17 14:30:00-04:00,218.1699981689453,219.2899932861328,218.1300048828125,219.0850067138672,206085,0.0,0.0
2022-10-17 15:30:00-04:00,219.10000610351562,219.3000030517578,218.60000610351562,219.11000061035156,256704,0.0,0.0
2022-10-18 09:30:00-04:00,223.86000061035156,224.6199951171875,221.75999450683594,221.75999450683594,460084,0.0,0.0
2022-10-18 10:30:00-04:00,221.84500122070312,222.17990112304688,219.37750244140625,220.0,191010,0.0,0.0
2022-10-18 11:30:00-04:00,220.0399932861328,221.48779296875,219.86000061035156,221.43499755859375,139538,0.0,0.0
2022-10-18 12:30:00-04:00,221.47999572753906,222.66000366210938,220.9499969482422,222.41000366210938,143075,0.0,0.0
2022-10-18 13:30:00-04:00,222.3699951171875,223.3000030517578,222.13999938964844,222.46499633789062,134348,0.0,0.0
2022-10-18 14:30:00-04:00,222.5399932861328,222.59500122070312,220.8470001220703,221.3000030517578,181748,0.0,0.0
2022-10-18 15:30:00-04:00,221.2899932861328,222.41000366210938,221.27000427246094,222.3300018310547,276531,0.0,0.0
2022-10-19 09:30:00-04:00,221.0,221.6199951171875,218.1699981689453,219.82000732421875,220119,0.0,0.0
2022-10-19 10:30:00-04:00,219.8699951171875,220.5800018310547,218.9149932861328,220.2550048828125,139171,0.0,0.0
2022-10-19 11:30:00-04:00,220.2100067138672,220.83999633789062,219.27999877929688,219.3800048828125,95503,0.0,0.0
2022-10-19 12:30:00-04:00,219.39999389648438,219.60000610351562,217.52999877929688,218.42999267578125,155076,0.0,0.0
2022-10-19 13:30:00-04:00,218.3699951171875,218.94000244140625,218.0800018310547,218.5449981689453,126947,0.0,0.0
2022-10-19 14:30:00-04:00,218.5,218.80999755859375,217.50999450683594,217.69000244140625,184591,0.0,0.0
2022-10-19 15:30:00-04:00,217.69810485839844,218.44000244140625,217.57000732421875,217.60000610351562,319505,0.0,0.0
2022-10-20 09:30:00-04:00,213.60000610351562,217.125,207.52999877929688,216.61000061035156,388211,0.0,0.0
2022-10-20 10:30:00-04:00,216.6699981689453,216.6699981689453,214.0399932861328,214.19500732421875,167791,0.0,0.0
2022-10-20 11:30:00-04:00,214.1999969482422,214.77000427246094,210.50999450683594,210.80999755859375,258777,0.0,0.0
2022-10-20 12:30:00-04:00,210.8000030517578,211.0,208.67999267578125,209.16000366210938,261951,0.0,0.0
2022-10-20 13:30:00-04:00,209.0500030517578,209.30999755859375,207.86000061035156,207.86000061035156,293877,0.0,0.0
2022-10-20 14:30:00-04:00,207.8699951171875,208.47000122070312,206.61500549316406,206.98500061035156,319151,0.0,0.0
2022-10-20 15:30:00-04:00,206.99000549316406,207.88999938964844,203.64999389648438,204.66000366210938,1327291,0.0,0.0
2022-10-21 09:30:00-04:00,205.7899932861328,210.75999450683594,205.69500732421875,206.1649932861328,483720,0.0,0.0
2022-10-21 10:30:00-04:00,206.1649932861328,207.02000427246094,204.63999938964844,205.82000732421875,394592,0.0,0.0
2022-10-21 11:30:00-04:00,205.83999633789062,208.42999267578125,205.6199951171875,206.8300018310547,447593,0.0,0.0
2022-10-21 12:30:00-04:00,206.9199981689453,208.89500427246094,206.8300018310547,207.3699951171875,330628,0.0,0.0
2022-10-21 13:30:00-04:00,207.44500732421875,208.77999877929688,207.0,207.73500061035156,792474,0.0,0.0
2022-10-21 14:30:00-04:00,207.73500061035156,208.69000244140625,206.91000366210938,208.69000244140625,383535,0.0,0.0
2022-10-21 15:30:00-04:00,208.72000122070312,208.97999572753906,207.63999938964844,208.13999938964844,616063,0.0,0.0
2022-10-24 09:30:00-04:00,210.4499969482422,214.5800018310547,209.9499969482422,211.05999755859375,394051,0.0,0.0
2022-10-24 10:30:00-04:00,210.9600067138672,212.6999969482422,210.8800048828125,212.42999267578125,122330,0.0,0.0
2022-10-24 11:30:00-04:00,212.44000244140625,213.74000549316406,211.91000366210938,212.50999450683594,133018,0.0,0.0
2022-10-24 12:30:00-04:00,212.4499969482422,212.66749572753906,211.2899932861328,211.6199951171875,115106,0.0,0.0
2022-10-24 13:30:00-04:00,211.61500549316406,212.5399932861328,211.25999450683594,212.35000610351562,93659,0.0,0.0
2022-10-24 14:30:00-04:00,212.35000610351562,214.0,212.14999389648438,213.80999755859375,131702,0.0,0.0
2022-10-24 15:30:00-04:00,213.77999877929688,213.83999633789062,213.08999633789062,213.22999572753906,269270,0.0,0.0
2022-10-25 09:30:00-04:00,213.74000549316406,215.36000061035156,213.02000427246094,215.30999755859375,174323,0.0,0.0
2022-10-25 10:30:00-04:00,215.30999755859375,215.68589782714844,214.32000732421875,214.97000122070312,117726,0.0,0.0
2022-10-25 11:30:00-04:00,214.9199981689453,215.74000549316406,214.55999755859375,215.0749969482422,95780,0.0,0.0
2022-10-25 12:30:00-04:00,215.07000732421875,215.53500366210938,214.5,215.36000061035156,118950,0.0,0.0
2022-10-25 13:30:00-04:00,215.42999267578125,216.52999877929688,215.30999755859375,216.25999450683594,125255,0.0,0.0
2022-10-25 14:30:00-04:00,216.22500610351562,216.44000244140625,215.3699951171875,216.41000366210938,168519,0.0,0.0
2022-10-25 15:30:00-04:00,216.5,217.5800018310547,215.92999267578125,216.22999572753906,522752,0.0,0.0
2022-10-26 09:30:00-04:00,220.5399932861328,224.60000610351562,218.22000122070312,222.16000366210938,423075,0.0,0.0
2022-10-26 10:30:00-04:00,222.3300018310547,226.58999633789062,221.56500244140625,226.0,267292,0.0,0.0
2022-10-26 11:30:00-04:00,225.9600067138672,226.47999572753906,224.3699951171875,224.60000610351562,165993,0.0,0.0
2022-10-26 12:30:00-04:00,224.60000610351562,224.7899932861328,223.3300018310547,223.80250549316406,151974,0.0,0.0
2022-10-26 13:30:00-04:00,223.77999877929688,224.42990112304688,223.25999450683594,223.38499450683594,145878,0.0,0.0
2022-10-26 14:30:00-04:00,223.44000244140625,224.2100067138672,221.61000061035156,222.91000366210938,275939,0.0,0.0
2022-10-26 15:30:00-04:00,222.99000549316406,223.4600067138672,222.19000244140625,222.22000122070312,443217,0.0,0.0
2022-10-27 09:30:00-04:00,223.89999389648438,226.60000610351562,223.19000244140625,225.82000732421875,217523,0.0,0.0
2022-10-27 10:30:00-04:00,225.82000732421875,226.72999572753906,225.4600067138672,226.33999633789062,153055,0.0,0.0
2022-10-27 11:30:00-04:00,226.3699951171875,226.78660583496094,224.3800048828125,224.49000549316406,148996,0.0,0.0
2022-10-27 12:30:00-04:00,224.47000122070312,225.6999969482422,224.14500427246094,225.08999633789062,134198,0.0,0.0
2022-10-27 13:30:00-04:00,225.14500427246094,225.55999755859375,223.8800048828125,224.0800018310547,99840,0.0,0.0
2022-10-27 14:30:00-04:00,224.1199951171875,224.1300048828125,223.25,223.91000366210938,164659,0.0,0.0
2022-10-27 15:30:00-04:00,223.97999572753906,224.3699951171875,223.31500244140625,223.6699981689453,312579,0.0,0.0
2022-10-28 09:30:00-04:00,224.52000427246094,226.97999572753906,223.8800048828125,226.0500030517578,195161,0.0,0.0
2022-10-28 10:30:00-04:00,226.24000549316406,226.5399932861328,225.33999633789062,225.6999969482422,124333,0.0,0.0
2022-10-28 11:30:00-04:00,225.91000366210938,226.11000061035156,224.89500427246094,225.64999389648438,84833,0.0,0.0
2022-10-28 12:30:00-04:00,225.72000122070312,226.52999877929688,225.39999389648438,226.47999572753906,78531,0.0,0.0
2022-10-28 13:30:00-04:00,226.58999633789062,228.2899932861328,226.58999633789062,227.88999938964844,103883,0.0,0.0
2022-10-28 14:30:00-04:00,227.8800048828125,229.60000610351562,227.8699951171875,229.43499755859375,212602,0.0,0.0
2022-10-28 15:30:00-04:00,229.43499755859375,229.74000549316406,228.78500366210938,229.1999969482422,443710,0.0,0.0
2022-10-31 09:30:00-04:00,227.49000549316406,230.1300048828125,227.47999572753906,229.2899932861328,493565,0.0,0.0
2022-10-31 10:30:00-04:00,229.3249969482422,230.72000122070312,228.99000549316406,230.3000030517578,188494,0.0,0.0
2022-10-31 11:30:00-04:00,230.26499938964844,231.1300048828125,229.9149932861328,230.1199951171875,180675,0.0,0.0
2022-10-31 12:30:00-04:00,230.1199951171875,230.22000122070312,229.3699951171875,230.0,84062,0.0,0.0
2022-10-31 13:30:00-04:00,229.9550018310547,230.05999755859375,229.16000366210938,229.4949951171875,84215,0.0,0.0
2022-10-31 14:30:00-04:00,229.39999389648438,229.60000610351562,228.57000732421875,228.9250030517578,144947,0.0,0.0
2022-10-31 15:30:00-04:00,228.8800048828125,229.60000610351562,228.0500030517578,228.13999938964844,274265,0.0,0.0
2022-11-01 09:30:00-04:00,230.1999969482422,231.4949951171875,228.21099853515625,229.47999572753906,314403,0.0,0.0
2022-11-01 10:30:00-04:00,229.44500732421875,229.6199951171875,227.77999877929688,228.16000366210938,134726,0.0,0.0
2022-11-01 11:30:00-04:00,228.16000366210938,229.22500610351562,227.77999877929688,228.72999572753906,107100,0.0,0.0
2022-11-01 12:30:00-04:00,228.72999572753906,229.9250030517578,228.67999267578125,228.8800048828125,67087,0.0,0.0
2022-11-01 13:30:00-04:00,228.8800048828125,229.54249572753906,228.74000549316406,229.54249572753906,74288,0.0,0.0
2022-11-01 14:30:00-04:00,229.49000549316406,230.64999389648438,229.3699951171875,229.84500122070312,220097,0.0,0.0
2022-11-01 15:30:00-04:00,229.83999633789062,230.22000122070312,229.3699951171875,229.99000549316406,240401,0.0,0.0
2022-11-02 09:30:00-04:00,228.83999633789062,229.78500366210938,227.68699645996094,228.8300018310547,137870,0.0,0.0
2022-11-02 10:30:00-04:00,228.7949981689453,230.44500732421875,228.52000427246094,229.61000061035156,104501,0.0,0.0
2022-11-02 11:30:00-04:00,229.6920928955078,230.72000122070312,229.14999389648438,229.74000549316406,98741,0.0,0.0
2022-11-02 12:30:00-04:00,229.74000549316406,230.05990600585938,229.1645965576172,229.5500030517578,60707,0.0,0.0
2022-11-02 13:30:00-04:00,229.5449981689453,234.0,229.47000122070312,233.98500061035156,163878,0.0,0.0
2022-11-02 14:30:00-04:00,234.1699981689453,234.7050018310547,227.2449951171875,227.6300048828125,244943,0.0,0.0
2022-11-02 15:30:00-04:00,227.63499450683594,227.63499450683594,225.35000610351562,225.39999389648438,226486,0.0,0.0
2022-11-03 09:30:00-04:00,221.64999389648438,226.5500030517578,221.02000427246094,226.50999450683594,195320,0.0,0.0
2022-11-03 10:30:00-04:00,226.33999633789062,227.66000366210938,225.77000427246094,226.52000427246094,141676,0.0,0.0
2022-11-03 11:30:00-04:00,226.50999450683594,228.6699981689453,226.0800018310547,227.96499633789062,111413,0.0,0.0
2022-11-03 12:30:00-04:00,227.96499633789062,229.50999450683594,227.85000610351562,228.86000061035156,80700,0.0,0.0
2022-11-03 13:30:00-04:00,228.77999877929688,228.89500427246094,227.88999938964844,228.5,68270,0.0,0.0
2022-11-03 14:30:00-04:00,228.5,229.07000732421875,228.1699981689453,228.78500366210938,109873,0.0,0.0
2022-11-03 15:30:00-04:00,228.83999633789062,228.8800048828125,226.58999633789062,227.14999389648438,382348,0.0,0.0
2022-11-04 09:30:00-04:00,229.83999633789062,232.72000122070312,229.3000030517578,232.22999572753906,588063,0.0,0.0
2022-11-04 10:30:00-04:00,232.18499755859375,232.46499633789062,231.19000244140625,231.27999877929688,139497,0.0,0.0
2022-11-04 11:30:00-04:00,231.27000427246094,232.27000427246094,230.28750610351562,232.08999633789062,194830,0.0,0.0
2022-11-04 12:30:00-04:00,232.11000061035156,232.44000244140625,231.2100067138672,231.99000549316406,82718,0.0,0.0
2022-11-04 13:30:00-04:00,231.82000732421875,232.5800018310547,231.47000122070312,232.3249969482422,113769,0.0,0.0
2022-11-04 14:30:00-04:00,232.22000122070312,233.49000549316406,232.02749633789062,232.6699981689453,151409,0.0,0.0
2022-11-04 15:30:00-04:00,232.6699981689453,233.97999572753906,232.5500030517578,233.8699951171875,261375,0.0,0.0
2022-11-07 09:30:00-05:00,234.97999572753906,235.5,233.24000549316406,234.35000610351562,116641,0.0,0.0
2022-11-07 10:30:00-05:00,234.35499572753906,234.8800048828125,233.92999267578125,234.82000732421875,103237,0.0,0.0
2022-11-07 11:30:00-05:00,234.82000732421875,235.2100067138672,234.23500061035156,235.1649932861328,167657,0.0,0.0
2022-11-07 12:30:00-05:00,235.07000732421875,235.85980224609375,234.61000061035156,235.6300048828125,69828,0.0,0.0
2022-11-07 13:30:00-05:00,235.67999267578125,236.0399932861328,235.19000244140625,236.03500366210938,87499,0.0,0.0
2022-11-07 14:30:00-05:00,236.05999755859375,236.5800018310547,235.8699951171875,236.27499389648438,154885,0.0,0.0
2022-11-07 15:30:00-05:00,236.24000549316406,236.52000427246094,235.47000122070312,235.6699981689453,270112,0.0,0.0
2022-11-08 09:30:00-05:00,236.82000732421875,237.77999877929688,235.74000549316406,235.92999267578125,200139,0.0,0.0
2022-11-08 10:30:00-05:00,235.9600067138672,236.4250030517578,234.22000122070312,234.44000244140625,126625,0.0,0.0
2022-11-08 11:30:00-05:00,234.25999450683594,235.13999938964844,233.9199981689453,234.375,85688,0.0,0.0
2022-11-08 12:30:00-05:00,234.3699951171875,235.85000610351562,234.1999969482422,234.47000122070312,95149,0.0,0.0
2022-11-08 13:30:00-05:00,234.52000427246094,235.36000061035156,232.72500610351562,232.72500610351562,127949,0.0,0.0
2022-11-08 14:30:00-05:00,232.61000061035156,236.3350067138672,232.3699951171875,236.25,207266,0.0,0.0
2022-11-08 15:30:00-05:00,236.19000244140625,237.25999450683594,236.02999877929688,236.25,230581,0.0,0.0
2022-11-09 09:30:00-05:00,235.08999633789062,235.80999755859375,233.4499969482422,234.6199951171875,95612,0.0,0.0
2022-11-09 10:30:00-05:00,234.7449951171875,234.84500122070312,233.0500030517578,233.39999389648438,154044,0.0,0.0
2022-11-09 11:30:00-05:00,233.38999938964844,234.15499877929688,232.41000366210938,232.4199981689453,107372,0.0,0.0
2022-11-09 12:30:00-05:00,232.41000366210938,233.07000732421875,231.60000610351562,232.24000549316406,97775,0.0,0.0
2022-11-09 13:30:00-05:00,232.22500610351562,232.22500610351562,230.94000244140625,231.49000549316406,102367,0.0,0.0
2022-11-09 14:30:00-05:00,231.41000366210938,231.41000366210938,230.39999389648438,230.8000030517578,104781,0.0,0.0
2022-11-09 15:30:00-05:00,230.72999572753906,231.22999572753906,230.02000427246094,230.61000061035156,171891,0.0,0.0
2022-11-10 09:30:00-05:00,238.9199981689453,240.60000610351562,237.8800048828125,239.19000244140625,134062,0.0,0.0
2022-11-10 10:30:00-05:00,239.22500610351562,241.57000732421875,238.55999755859375,241.02999877929688,109051,0.0,0.0
2022-11-10 11:30:00-05:00,241.2100067138672,241.7100067138672,240.1750030517578,240.19000244140625,85572,0.0,0.0
2022-11-10 12:30:00-05:00,240.10000610351562,241.0800018310547,239.27000427246094,240.72000122070312,99637,0.0,0.0
2022-11-10 13:30:00-05:00,240.72000122070312,241.7100067138672,240.1374969482422,241.66000366210938,103635,0.0,0.0
2022-11-10 14:30:00-05:00,241.69000244140625,242.84500122070312,241.5399932861328,242.42999267578125,105907,0.0,0.0
2022-11-10 15:30:00-05:00,242.5,243.35000610351562,242.4149932861328,242.9199981689453,201823,0.0,0.0
2022-11-11 09:30:00-05:00,246.35000610351562,250.1699981689453,244.57000732421875,248.27999877929688,214143,0.0,0.0
2022-11-11 10:30:00-05:00,248.31500244140625,250.63999938964844,248.05999755859375,248.44000244140625,245605,0.0,0.0
2022-11-11 11:30:00-05:00,248.47999572753906,250.9199981689453,248.32000732421875,250.16000366210938,219861,0.0,0.0
2022-11-11 12:30:00-05:00,250.25999450683594,251.27999877929688,249.52999877929688,251.27999877929688,103726,0.0,0.0
2022-11-11 13:30:00-05:00,251.30999755859375,251.9499969482422,250.77999877929688,251.0800018310547,128992,0.0,0.0
2022-11-11 14:30:00-05:00,251.02000427246094,252.7100067138672,251.02000427246094,252.10000610351562,266634,0.0,0.0
2022-11-11 15:30:00-05:00,252.0800018310547,252.41000366210938,250.75999450683594,250.91000366210938,273959,0.0,0.0
2022-11-14 09:30:00-05:00,248.75,253.83999633789062,248.75,252.9600067138672,241356,0.0,0.0
2022-11-14 10:30:00-05:00,252.77000427246094,254.33999633789062,252.25999450683594,253.9499969482422,257091,0.0,0.0
2022-11-14 11:30:00-05:00,253.94000244140625,255.30999755859375,253.7449951171875,254.35000610351562,179528,0.0,0.0
2022-11-14 12:30:00-05:00,254.38999938964844,255.13999938964844,253.8300018310547,254.63999938964844,130835,0.0,0.0
2022-11-14 13:30:00-05:00,254.63999938964844,256.19000244140625,254.52999877929688,255.6999969482422,142087,0.0,0.0
2022-11-14 14:30:00-05:00,255.7100067138672,255.92999267578125,254.0399932861328,254.1300048828125,154732,0.0,0.0
2022-11-14 15:30:00-05:00,254.0800018310547,254.1999969482422,251.6999969482422,251.72999572753906,287547,0.0,0.0
2022-11-15 09:30:00-05:00,254.72999572753906,254.94000244140625,251.9600067138672,252.77999877929688,230261,0.0,0.0
2022-11-15 10:30:00-05:00,252.97999572753906,254.67999267578125,251.36500549316406,251.50999450683594,189895,0.0,0.0
2022-11-15 11:30:00-05:00,251.50999450683594,252.38499450683594,250.13999938964844,250.3699951171875,113018,0.0,0.0
2022-11-15 12:30:00-05:00,250.3000030517578,250.91000366210938,246.74000549316406,246.82000732421875,156089,0.0,0.0
2022-11-15 13:30:00-05:00,246.80999755859375,248.33999633789062,245.55999755859375,248.0500030517578,310614,0.0,0.0
2022-11-15 14:30:00-05:00,248.00999450683594,248.92999267578125,247.39999389648438,248.92999267578125,223649,0.0,0.0
2022-11-15 15:30:00-05:00,248.85000610351562,248.89500427246094,247.42820739746094,248.27999877929688,375252,0.0,0.0
2022-11-16 09:30:00-05:00,248.39999389648438,251.89999389648438,248.11000061035156,250.87930297851562,291950,0.0,0.0
2022-11-16 10:30:00-05:00,250.5449981689453,251.91000366210938,250.1999969482422,251.8249969482422,111354,0.0,0.0
2022-11-16 11:30:00-05:00,251.72000122070312,251.92999267578125,249.8300018310547,250.01499938964844,103397,0.0,0.0
2022-11-16 12:30:00-05:00,249.9499969482422,250.8000030517578,249.78500366210938,249.78500366210938,65663,0.0,0.0
2022-11-16 13:30:00-05:00,249.72999572753906,249.94000244140625,249.2899932861328,249.7449951171875,69168,0.0,0.0
2022-11-16 14:30:00-05:00,249.7899932861328,249.8699951171875,248.88999938964844,249.4499969482422,133850,0.0,0.0
2022-11-16 15:30:00-05:00,249.4499969482422,250.13999938964844,249.28500366210938,249.74000549316406,231298,0.0,0.0
2022-11-17 09:30:00-05:00,245.47999572753906,247.0399932861328,243.32000732421875,243.7899932861328,158347,0.0,0.0
2022-11-17 10:30:00-05:00,243.77000427246094,243.80999755859375,241.94000244140625,243.38999938964844,112068,0.0,0.0
2022-11-17 11:30:00-05:00,243.5500030517578,245.0749969482422,243.3000946044922,244.5196990966797,95893,0.0,0.0
2022-11-17 12:30:00-05:00,244.5500030517578,245.1699981689453,244.36000061035156,244.4499969482422,71275,0.0,0.0
2022-11-17 13:30:00-05:00,244.47000122070312,244.8699951171875,243.85000610351562,243.86099243164062,88013,0.0,0.0
2022-11-17 14:30:00-05:00,243.77999877929688,245.0500030517578,243.4949951171875,244.08999633789062,166610,0.0,0.0
2022-11-17 15:30:00-05:00,244.02999877929688,245.8699951171875,244.02999877929688,245.86000061035156,146283,0.0,0.0
2022-11-18 09:30:00-05:00,247.74000549316406,248.2238006591797,246.39999389648438,247.56089782714844,155505,0.0,0.0
2022-11-18 10:30:00-05:00,247.61000061035156,248.1199951171875,246.1300048828125,246.50999450683594,94095,0.0,0.0
2022-11-18 11:30:00-05:00,246.55999755859375,246.72000122070312,245.3350067138672,246.0399932861328,115304,0.0,0.0
2022-11-18 12:30:00-05:00,246.05999755859375,246.77000427246094,245.5,246.7100067138672,82540,0.0,0.0
2022-11-18 13:30:00-05:00,246.85000610351562,247.20399475097656,246.02639770507812,246.9600067138672,67444,0.0,0.0
2022-11-18 14:30:00-05:00,246.8800048828125,247.11000061035156,246.1199951171875,246.74000549316406,84628,0.0,0.0
2022-11-18 15:30:00-05:00,246.74000549316406,247.33999633789062,246.22999572753906,246.89999389648438,171298,0.0,0.0
2022-11-21 09:30:00-05:00,246.07000732421875,246.6699981689453,242.64999389648438,245.91000366210938,317793,0.0,0.0
2022-11-21 10:30:00-05:00,245.83999633789062,246.05999755859375,245.0850067138672,245.30999755859375,102120,0.0,0.0
2022-11-21 11:30:00-05:00,245.17999267578125,247.07000732421875,244.9600067138672,246.6750030517578,118905,0.0,0.0
2022-11-21 12:30:00-05:00,246.61500549316406,248.38999938964844,246.41000366210938,248.08999633789062,77556,0.0,0.0
2022-11-21 13:30:00-05:00,248.0399932861328,249.125,248.0399932861328,248.47999572753906,85591,0.0,0.0
2022-11-21 14:30:00-05:00,248.4600067138672,248.94700622558594,248.0399932861328,248.80999755859375,95773,0.0,0.0
2022-11-21 15:30:00-05:00,248.72000122070312,249.32000732421875,248.35000610351562,249.27000427246094,142032,0.0,0.0
2022-11-22 09:30:00-05:00,251.52000427246094,253.90989685058594,250.32000732421875,251.6750030517578,196588,0.0,0.0
2022-11-22 10:30:00-05:00,251.66000366210938,251.71859741210938,248.5800018310547,249.33999633789062,124588,0.0,0.0
2022-11-22 11:30:00-05:00,249.4199981689453,250.25,249.25,249.61000061035156,59342,0.0,0.0
2022-11-22 12:30:00-05:00,249.61500549316406,250.36000061035156,249.22000122070312,250.27999877929688,69607,0.0,0.0
2022-11-22 13:30:00-05:00,250.27999877929688,250.88999938964844,249.99000549316406,250.5800018310547,90723,0.0,0.0
2022-11-22 14:30:00-05:00,250.6199951171875,250.68499755859375,250.03500366210938,250.5500030517578,70000,0.0,0.0
2022-11-22 15:30:00-05:00,250.5500030517578,251.24000549316406,250.47999572753906,251.1699981689453,179792,0.0,0.0
2022-11-23 09:30:00-05:00,249.6699981689453,251.55999755859375,249.0399932861328,251.55999755859375,190606,0.0,0.0
2022-11-23 10:30:00-05:00,251.54119873046875,251.99000549316406,251.0500030517578,251.8300018310547,94864,0.0,0.0
2022-11-23 11:30:00-05:00,251.8300018310547,251.8699951171875,250.03500366210938,251.02999877929688,94932,0.0,0.0
2022-11-23 12:30:00-05:00,251.1199951171875,251.57000732421875,250.3300018310547,251.13999938964844,77767,0.0,0.0
2022-11-23 13:30:00-05:00,251.1999969482422,253.0800018310547,251.0800018310547,252.75,95340,0.0,0.0
2022-11-23 14:30:00-05:00,252.75,252.77000427246094,251.3300018310547,251.75,91517,0.0,0.0
2022-11-23 15:30:00-05:00,251.6699981689453,251.85000610351562,250.82000732421875,251.32000732421875,138172,0.0,0.0
2022-11-25 09:30:00-05:00,252.02999877929688,254.41000366210938,251.72000122070312,254.1999969482422,80253,0.0,0.0
2022-11-25 10:30:00-05:00,254.1300048828125,254.49000549316406,253.5800018310547,253.60000610351562,71992,0.0,0.0
2022-11-25 11:30:00-05:00,253.47000122070312,253.8800048828125,253.3800048828125,253.63999938964844,61592,0.0,0.0
2022-11-28 09:30:00-05:00,249.99000549316406,252.35000610351562,249.99000549316406,251.6999969482422,145512,0.0,0.0
2022-11-28 10:30:00-05:00,251.72000122070312,251.89500427246094,250.33999633789062,250.35499572753906,71046,0.0,0.0
2022-11-28 11:30:00-05:00,250.35499572753906,251.3000030517578,250.24000549316406,250.57000732421875,69792,0.0,0.0
2022-11-28 12:30:00-05:00,250.5399932861328,250.75,249.14500427246094,249.38499450683594,68998,0.0,0.0
2022-11-28 13:30:00-05:00,249.41000366210938,249.57000732421875,248.25,248.2899932861328,101089,0.0,0.0
2022-11-28 14:30:00-05:00,248.25,248.44000244140625,247.3699951171875,247.92999267578125,133748,0.0,0.0
2022-11-28 15:30:00-05:00,247.88999938964844,248.86000061035156,247.86000061035156,248.5800018310547,229604,0.0,0.0
2022-11-29 09:30:00-05:00,250.67999267578125,252.82000732421875,249.3699951171875,252.72000122070312,138531,0.0,0.0
2022-11-29 10:30:00-05:00,252.76499938964844,252.86000061035156,249.91000366210938,250.60000610351562,86028,0.0,0.0
2022-11-29 11:30:00-05:00,250.60000610351562,251.5500030517578,250.5,251.44000244140625,84459,0.0,0.0
2022-11-29 12:30:00-05:00,251.41000366210938,252.0500030517578,251.36000061035156,251.41000366210938,86215,0.0,0.0
2022-11-29 13:30:00-05:00,251.44000244140625,252.61000061035156,251.4199981689453,252.24000549316406,67001,0.0,0.0
2022-11-29 14:30:00-05:00,252.13999938964844,253.0,251.97999572753906,252.74000549316406,112758,0.0,0.0
2022-11-29 15:30:00-05:00,252.74000549316406,253.50999450683594,252.64999389648438,253.32000732421875,164449,0.0,0.0
2022-11-30 09:30:00-05:00,253.5,254.22000122070312,249.1699981689453,249.57000732421875,151735,0.0,0.0
2022-11-30 10:30:00-05:00,249.6199951171875,251.57000732421875,249.5500030517578,251.25999450683594,94395,0.0,0.0
2022-11-30 11:30:00-05:00,251.3000030517578,251.6199951171875,249.89999389648438,249.89999389648438,94618,0.0,0.0
2022-11-30 12:30:00-05:00,250.0,250.77000427246094,249.52999877929688,250.0500030517578,76331,0.0,0.0
2022-11-30 13:30:00-05:00,250.0800018310547,255.2100067138672,249.8300018310547,254.87930297851562,137867,0.0,0.0
2022-11-30 14:30:00-05:00,254.78500366210938,256.70001220703125,254.41000366210938,256.510009765625,135391,0.0,0.0
2022-11-30 15:30:00-05:00,256.510009765625,257.3500061035156,255.8249969482422,256.6000061035156,283083,0.0,0.0
2022-12-01 09:30:00-05:00,258.3500061035156,258.9750061035156,253.91000366210938,255.5,308252,0.0,0.0
2022-12-01 10:30:00-05:00,255.49000549316406,256.3999938964844,255.00999450683594,255.44000244140625,193978,0.0,0.0
2022-12-01 11:30:00-05:00,255.3300018310547,256.9100036621094,255.3300018310547,256.8399963378906,83072,0.0,0.0
2022-12-01 12:30:00-05:00,256.885009765625,257.30999755859375,256.05010986328125,256.2099914550781,66320,0.0,0.0
2022-12-01 13:30:00-05:00,256.1700134277344,256.6700134277344,255.7100067138672,256.0400085449219,83845,0.0,0.0
2022-12-01 14:30:00-05:00,256.1099853515625,256.54998779296875,255.44810485839844,255.61500549316406,114275,0.0,0.0
2022-12-01 15:30:00-05:00,255.64999389648438,256.94000244140625,255.60499572753906,256.3699951171875,194696,0.0,0.0
2022-12-02 09:30:00-05:00,252.83999633789062,253.60000610351562,250.3800048828125,251.80499267578125,229736,0.0,0.0
2022-12-02 10:30:00-05:00,251.88499450683594,254.10000610351562,251.44000244140625,254.07000732421875,96680,0.0,0.0
2022-12-02 11:30:00-05:00,254.00999450683594,254.77999877929688,253.99850463867188,254.5,66918,0.0,0.0
2022-12-02 12:30:00-05:00,254.5800018310547,254.64500427246094,253.4199981689453,254.10000610351562,57058,0.0,0.0
2022-12-02 13:30:00-05:00,254.13999938964844,254.3000030517578,252.76710510253906,253.2899932861328,95389,0.0,0.0
2022-12-02 14:30:00-05:00,253.31500244140625,255.5500030517578,253.22999572753906,254.4499969482422,135494,0.0,0.0
2022-12-02 15:30:00-05:00,254.5050048828125,254.57000732421875,253.75999450683594,254.07000732421875,200338,0.0,0.0
2022-12-05 09:30:00-05:00,251.2899932861328,251.69500732421875,248.76499938964844,248.89999389648438,248397,0.0,0.0
2022-12-05 10:30:00-05:00,248.9499969482422,249.67999267578125,248.75,249.4600067138672,113715,0.0,0.0
2022-12-05 11:30:00-05:00,249.36000061035156,249.39999389648438,248.27999877929688,248.89500427246094,89048,0.0,0.0
2022-12-05 12:30:00-05:00,248.8350067138672,248.89999389648438,247.92999267578125,248.50999450683594,96366,0.0,0.0
2022-12-05 13:30:00-05:00,248.50999450683594,249.0,247.9600067138672,248.11000061035156,88645,0.0,0.0
2022-12-05 14:30:00-05:00,248.05999755859375,248.5,247.4499969482422,247.47000122070312,90959,0.0,0.0
2022-12-05 15:30:00-05:00,247.52000427246094,247.94000244140625,247.17999267578125,247.35000610351562,200261,0.0,0.0
2022-12-06 09:30:00-05:00,247.3300018310547,248.1300048828125,236.92999267578125,239.19000244140625,474769,0.0,0.0
2022-12-06 10:30:00-05:00,239.16000366210938,241.13999938964844,238.4199981689453,240.8800048828125,197273,0.0,0.0
2022-12-06 11:30:00-05:00,240.8300018310547,244.0,240.8300018310547,243.80999755859375,130393,0.0,0.0
2022-12-06 12:30:00-05:00,243.67999267578125,243.77000427246094,241.8144073486328,242.3000030517578,125331,0.0,0.0
2022-12-06 13:30:00-05:00,242.24000549316406,242.89999389648438,240.47000122070312,240.97000122070312,93708,0.0,0.0
2022-12-06 14:30:00-05:00,240.99000549316406,241.58999633789062,240.3800048828125,241.02999877929688,147381,0.0,0.0
2022-12-06 15:30:00-05:00,241.08999633789062,242.7100067138672,241.05999755859375,242.47000122070312,335260,0.0,0.0
2022-12-07 09:30:00-05:00,242.47000122070312,244.5500030517578,241.9600067138672,243.38999938964844,202327,0.0,0.0
2022-12-07 10:30:00-05:00,243.55999755859375,244.40499877929688,241.92999267578125,242.0800018310547,105381,0.0,0.0
2022-12-07 11:30:00-05:00,241.85000610351562,242.69000244140625,241.46009826660156,242.0500030517578,72736,0.0,0.0
2022-12-07 12:30:00-05:00,242.13999938964844,243.66000366210938,242.13999938964844,243.13499450683594,70276,0.0,0.0
2022-12-07 13:30:00-05:00,243.0500030517578,243.25999450683594,240.8699951171875,241.08999633789062,140097,0.0,0.0
2022-12-07 14:30:00-05:00,241.1999969482422,241.75999450683594,240.27999877929688,241.0399932861328,182809,0.0,0.0
2022-12-07 15:30:00-05:00,241.0399932861328,241.58999633789062,240.5,241.5399932861328,337925,0.0,0.0
2022-12-08 09:30:00-05:00,242.77000427246094,245.80020141601562,242.50999450683594,245.07000732421875,170081,0.0,0.0
2022-12-08 10:30:00-05:00,245.0850067138672,246.50999450683594,244.5500030517578,245.6300048828125,131716,0.0,0.0
2022-12-08 11:30:00-05:00,245.5800018310547,246.3300018310547,245.57000732421875,245.83999633789062,74847,0.0,0.0
2022-12-08 12:30:00-05:00,245.75,245.91000366210938,245.00999450683594,245.91000366210938,72659,0.0,0.0
2022-12-08 13:30:00-05:00,245.90499877929688,246.32000732421875,244.52499389648438,245.16000366210938,71870,0.0,0.0
2022-12-08 14:30:00-05:00,245.19900512695312,245.9803009033203,244.99000549316406,245.9550018310547,88520,0.0,0.0
2022-12-08 15:30:00-05:00,245.99000549316406,246.2100067138672,244.97999572753906,245.75,158097,0.0,0.0
2022-12-09 09:30:00-05:00,245.02999877929688,246.19000244140625,244.36000061035156,245.33999633789062,83150,0.0,0.0
2022-12-09 10:30:00-05:00,245.50999450683594,245.96499633789062,244.8300018310547,245.41000366210938,70323,0.0,0.0
2022-12-09 11:30:00-05:00,245.36500549316406,246.07000732421875,245.16000366210938,245.85000610351562,59970,0.0,0.0
2022-12-09 12:30:00-05:00,245.86500549316406,246.0,245.10000610351562,245.46499633789062,51570,0.0,0.0
2022-12-09 13:30:00-05:00,245.34970092773438,246.08399963378906,245.1199951171875,245.4600067138672,68138,0.0,0.0
2022-12-09 14:30:00-05:00,245.41000366210938,246.2449951171875,245.2100067138672,245.66000366210938,75181,0.0,0.0
2022-12-09 15:30:00-05:00,245.61000061035156,245.82000732421875,243.9499969482422,244.11000061035156,154731,0.0,0.0
2022-12-12 09:30:00-05:00,245.16000366210938,247.65499877929688,244.02000427246094,247.3699951171875,200242,0.0,0.0
2022-12-12 10:30:00-05:00,247.3800048828125,248.96499633789062,247.3800048828125,248.77999877929688,196543,0.0,0.0
2022-12-12 11:30:00-05:00,248.77999877929688,250.4199981689453,248.16000366210938,250.22000122070312,137226,0.0,0.0
2022-12-12 12:30:00-05:00,250.14999389648438,250.85000610351562,249.50999450683594,249.52000427246094,105608,0.0,0.0
2022-12-12 13:30:00-05:00,249.60000610351562,250.65719604492188,249.36000061035156,250.39999389648438,110958,0.0,0.0
2022-12-12 14:30:00-05:00,250.39999389648438,253.22999572753906,250.3000030517578,252.86000061035156,154104,0.0,0.0
2022-12-12 15:30:00-05:00,252.94000244140625,253.38999938964844,252.5500030517578,253.0500030517578,295435,0.0,0.0
2022-12-13 09:30:00-05:00,259.3699951171875,261.05999755859375,256.79998779296875,259.1700134277344,231278,0.0,0.0
2022-12-13 10:30:00-05:00,259.2250061035156,259.6300048828125,257.75,258.31500244140625,174611,0.0,0.0
2022-12-13 11:30:00-05:00,258.3900146484375,259.1400146484375,256.7950134277344,257.42999267578125,139907,0.0,0.0
2022-12-13 12:30:00-05:00,257.3599853515625,257.4200134277344,255.19000244140625,257.07000732421875,139577,0.0,0.0
2022-12-13 13:30:00-05:00,257.07501220703125,257.4949951171875,256.4800109863281,257.1600036621094,124577,0.0,0.0
2022-12-13 14:30:00-05:00,257.1700134277344,258.2900085449219,256.2099914550781,257.7799987792969,167911,0.0,0.0
2022-12-13 15:30:00-05:00,257.7699890136719,258.82000732421875,257.2799987792969,257.9700012207031,311455,0.0,0.0
2022-12-14 09:30:00-05:00,257.510009765625,260.95001220703125,257.510009765625,259.8599853515625,164501,0.0,0.0
2022-12-14 10:30:00-05:00,259.8599853515625,261.7099914550781,259.760009765625,260.489990234375,135599,0.0,0.0
2022-12-14 11:30:00-05:00,260.5899963378906,261.2049865722656,260.3800048828125,260.739990234375,85700,0.0,0.0
2022-12-14 12:30:00-05:00,260.7099914550781,261.5799865722656,260.5899963378906,260.9949951171875,91772,0.0,0.0
2022-12-14 13:30:00-05:00,261.0199890136719,261.3949890136719,257.5450134277344,258.5299987792969,132356,0.0,0.0
2022-12-14 14:30:00-05:00,258.3299865722656,261.07000732421875,256.3500061035156,258.20001220703125,303179,0.0,0.0
2022-12-14 15:30:00-05:00,258.07000732421875,259.25,257.3699951171875,258.3699951171875,286623,0.0,0.0
2022-12-15 09:30:00-05:00,254.6300048828125,256.19000244140625,251.9199981689453,252.33999633789062,208446,0.0,0.0
2022-12-15 10:30:00-05:00,252.3000030517578,253.4499969482422,251.66000366210938,252.17999267578125,128657,0.0,0.0
2022-12-15 11:30:00-05:00,252.2899932861328,252.2899932861328,251.05999755859375,251.74000549316406,97490,0.0,0.0
2022-12-15 12:30:00-05:00,251.88499450683594,252.9149932861328,250.74000549316406,251.02499389648438,98669,0.0,0.0
2022-12-15 13:30:00-05:00,251.02499389648438,251.91000366210938,250.75999450683594,251.25,98953,0.0,0.0
2022-12-15 14:30:00-05:00,251.39999389648438,253.39999389648438,250.92999267578125,252.9499969482422,144389,0.0,0.0
2022-12-15 15:30:00-05:00,253.00999450683594,253.1699981689453,251.91000366210938,252.2899932861328,273344,0.0,0.0
2022-12-16 09:30:00-05:00,248.27999877929688,249.85000610351562,246.1300048828125,246.94000244140625,359283,0.0,0.0
2022-12-16 10:30:00-05:00,246.83999633789062,249.2899932861328,246.25999450683594,248.60499572753906,102126,0.0,0.0
2022-12-16 11:30:00-05:00,248.67999267578125,249.01499938964844,247.92999267578125,248.57000732421875,67288,0.0,0.0
2022-12-16 12:30:00-05:00,248.5800018310547,248.63999938964844,247.82000732421875,248.13999938964844,65765,0.0,0.0
2022-12-16 13:30:00-05:00,248.2144012451172,249.83999633789062,247.89999389648438,249.6699981689453,81751,0.0,0.0
2022-12-16 14:30:00-05:00,249.57000732421875,250.6999969482422,249.0800018310547,250.24000549316406,99768,0.0,0.0
2022-12-16 15:30:00-05:00,250.27000427246094,251.05999755859375,249.5800018310547,250.49000549316406,304910,0.0,0.0
2022-12-19 09:30:00-05:00,250.8300018310547,252.22000122070312,249.25999450683594,250.6053009033203,247725,0.0,0.0
2022-12-19 10:30:00-05:00,250.50999450683594,250.50999450683594,248.3699951171875,249.77000427246094,78233,0.0,0.0
2022-12-19 11:30:00-05:00,249.58999633789062,249.58999633789062,248.4499969482422,248.97000122070312,50189,0.0,0.0
2022-12-19 12:30:00-05:00,248.86000061035156,248.94500732421875,248.0399932861328,248.18499755859375,57177,0.0,0.0
2022-12-19 13:30:00-05:00,248.21189880371094,248.36500549316406,246.49000549316406,246.52499389648438,72276,0.0,0.0
2022-12-19 14:30:00-05:00,246.44000244140625,246.77499389648438,245.3699951171875,245.86000061035156,116405,0.0,0.0
2022-12-19 15:30:00-05:00,245.92999267578125,247.1300048828125,245.92999267578125,246.88999938964844,221860,0.0,0.0
2022-12-20 09:30:00-05:00,246.10000610351562,246.47999572753906,240.6699981689453,244.27000427246094,309467,0.0,0.0
2022-12-20 10:30:00-05:00,244.24000549316406,245.6699981689453,243.61000061035156,243.7550048828125,103431,0.0,0.0
2022-12-20 11:30:00-05:00,243.64999389648438,245.0800018310547,243.3800048828125,244.1199951171875,125622,0.0,0.0
2022-12-20 12:30:00-05:00,243.93499755859375,244.19000244140625,243.36000061035156,243.8300018310547,88091,0.0,0.0
2022-12-20 13:30:00-05:00,243.82000732421875,244.41000366210938,242.9199981689453,243.14999389648438,101343,0.0,0.0
2022-12-20 14:30:00-05:00,243.07000732421875,243.0800018310547,242.0,242.5500030517578,189271,0.0,0.0
2022-12-20 15:30:00-05:00,242.55999755859375,243.5,241.92999267578125,242.8300018310547,271869,0.0,0.0
2022-12-21 09:30:00-05:00,245.17999267578125,245.6199951171875,243.00999450683594,244.13999938964844,180229,0.0,0.0
2022-12-21 10:30:00-05:00,244.1750030517578,245.05999755859375,244.0500030517578,244.50999450683594,121420,0.0,0.0
2022-12-21 11:30:00-05:00,244.61000061035156,244.8800048828125,243.25,244.27040100097656,106609,0.0,0.0
2022-12-21 12:30:00-05:00,244.22500610351562,244.99000549316406,243.67999267578125,244.5399932861328,106739,0.0,0.0
2022-12-21 13:30:00-05:00,244.52000427246094,246.0500030517578,244.39999389648438,245.47500610351562,156327,0.0,0.0
2022-12-21 14:30:00-05:00,245.47500610351562,245.8300018310547,245.19000244140625,245.72000122070312,94798,0.0,0.0
2022-12-21 15:30:00-05:00,245.72999572753906,246.72000122070312,245.7100067138672,246.66000366210938,237486,0.0,0.0
2022-12-22 09:30:00-05:00,244.7100067138672,245.4199981689453,243.1199951171875,244.35000610351562,81892,0.0,0.0
2022-12-22 10:30:00-05:00,244.11000061035156,244.8300018310547,243.86000061035156,244.5800018310547,129943,0.0,0.0
2022-12-22 11:30:00-05:00,244.5399932861328,244.72999572753906,243.47000122070312,243.68499755859375,80977,0.0,0.0
2022-12-22 12:30:00-05:00,243.65499877929688,243.83999633789062,242.8800048828125,243.09249877929688,115395,0.0,0.0
2022-12-22 13:30:00-05:00,243.0800018310547,243.94000244140625,242.72000122070312,243.6199951171875,148745,0.0,0.0
2022-12-22 14:30:00-05:00,243.52999877929688,245.38999938964844,243.13999938964844,245.10000610351562,152980,0.0,0.0
2022-12-22 15:30:00-05:00,245.10000610351562,245.55999755859375,244.2899932861328,245.4499969482422,115771,0.0,0.0
2022-12-23 09:30:00-05:00,244.89999389648438,247.69000244140625,244.89999389648438,247.24000549316406,123783,0.0,0.0
2022-12-23 10:30:00-05:00,247.38999938964844,247.55999755859375,246.49000549316406,246.83999633789062,57923,0.0,0.0
2022-12-23 11:30:00-05:00,246.7899932861328,247.5500030517578,246.7899932861328,247.41000366210938,33363,0.0,0.0
2022-12-23 12:30:00-05:00,247.17999267578125,247.5749969482422,246.80999755859375,247.14500427246094,24147,0.0,0.0
2022-12-23 13:30:00-05:00,247.3000030517578,247.49000549316406,246.32000732421875,247.4499969482422,39030,0.0,0.0
2022-12-23 14:30:00-05:00,247.47000122070312,248.5,247.42999267578125,247.80999755859375,74228,0.0,0.0
2022-12-23 15:30:00-05:00,247.83999633789062,248.11000061035156,247.14999389648438,247.58999633789062,105881,0.0,0.0
2022-12-27 09:30:00-05:00,248.10000610351562,249.17999267578125,247.00100708007812,248.8800048828125,83677,0.0,0.0
2022-12-27 10:30:00-05:00,248.8975067138672,249.49000549316406,248.6999969482422,249.13499450683594,81007,0.0,0.0
2022-12-27 11:30:00-05:00,249.17999267578125,249.84910583496094,248.98269653320312,249.08999633789062,140854,0.0,0.0
2022-12-27 12:30:00-05:00,249.21499633789062,249.55999755859375,248.85499572753906,249.25999450683594,41328,0.0,0.0
2022-12-27 13:30:00-05:00,249.31500244140625,249.47000122070312,248.25999450683594,248.30999755859375,52857,0.0,0.0
2022-12-27 14:30:00-05:00,248.30999755859375,249.6699981689453,248.13999938964844,249.6699981689453,58968,0.0,0.0
2022-12-27 15:30:00-05:00,249.6699981689453,250.07000732421875,249.30999755859375,249.5500030517578,110817,0.0,0.0
2022-12-28 09:30:00-05:00,249.72999572753906,250.41000366210938,246.85000610351562,246.9949951171875,80979,0.0,0.0
2022-12-28 10:30:00-05:00,246.92999267578125,247.85000610351562,246.88999938964844,247.35000610351562,41235,0.0,0.0
2022-12-28 11:30:00-05:00,247.4600067138672,247.4600067138672,245.82000732421875,246.24000549316406,41270,0.0,0.0
2022-12-28 12:30:00-05:00,246.36500549316406,247.5500030517578,246.1999969482422,247.1199951171875,40261,0.0,0.0
2022-12-28 13:30:00-05:00,247.0500030517578,247.14999389648438,246.50999450683594,246.77000427246094,47547,0.0,0.0
2022-12-28 14:30:00-05:00,246.72500610351562,247.34500122070312,245.4499969482422,245.85000610351562,60969,0.0,0.0
2022-12-28 15:30:00-05:00,245.86000061035156,246.21499633789062,245.5500030517578,245.69000244140625,155197,0.0,0.0
2022-12-29 09:30:00-05:00,247.24000549316406,248.0,246.16000366210938,247.61000061035156,114635,0.0,0.0
2022-12-29 10:30:00-05:00,247.60499572753906,248.27000427246094,246.82000732421875,247.36000061035156,54554,0.0,0.0
2022-12-29 11:30:00-05:00,247.49000549316406,248.8800048828125,247.4199981689453,248.80999755859375,52130,0.0,0.0
2022-12-29 12:30:00-05:00,248.84500122070312,249.47999572753906,248.51480102539062,249.0500030517578,32026,0.0,0.0
2022-12-29 13:30:00-05:00,248.97999572753906,249.35000610351562,248.71499633789062,249.02000427246094,34225,0.0,0.0
2022-12-29 14:30:00-05:00,248.97500610351562,249.4600067138672,247.8800048828125,248.2100067138672,51576,0.0,0.0
2022-12-29 15:30:00-05:00,248.19000244140625,248.97999572753906,248.13999938964844,248.19000244140625,89720,0.0,0.0
2022-12-30 09:30:00-05:00,246.6699981689453,247.50999450683594,245.32000732421875,247.2100067138672,73242,0.0,0.0
2022-12-30 10:30:00-05:00,247.2100067138672,247.69000244140625,246.02999877929688,246.19000244140625,53783,0.0,0.0
2022-12-30 11:30:00-05:00,246.22500610351562,246.92999267578125,245.97000122070312,246.66110229492188,48234,0.0,0.0
2022-12-30 12:30:00-05:00,246.63999938964844,246.8699951171875,244.94000244140625,245.14999389648438,45591,0.0,0.0
2022-12-30 13:30:00-05:00,245.2100067138672,245.72000122070312,244.1699981689453,244.39720153808594,55638,0.0,0.0
2022-12-30 14:30:00-05:00,244.4600067138672,245.41000366210938,243.94000244140625,244.75,87166,0.0,0.0
2022-12-30 15:30:00-05:00,244.77499389648438,246.6699981689453,244.77000427246094,246.32000732421875,121587,0.0,0.0
2023-01-03 09:30:00-05:00,247.11000061035156,248.3000030517578,245.960205078125,246.35000610351562,115784,0.0,0.0
2023-01-03 10:30:00-05:00,246.33999633789062,247.5399932861328,245.44000244140625,245.85629272460938,56302,0.0,0.0
2023-01-03 11:30:00-05:00,245.7899932861328,246.35000610351562,245.11000061035156,245.74000549316406,56328,0.0,0.0
2023-01-03 12:30:00-05:00,245.82000732421875,247.02999877929688,245.0399932861328,246.92999267578125,75279,0.0,0.0
2023-01-03 13:30:00-05:00,246.9199981689453,246.9199981689453,245.39999389648438,245.5,83757,0.0,0.0
2023-01-03 14:30:00-05:00,245.5,247.02499389648438,244.6999969482422,246.7899932861328,85122,0.0,0.0
2023-01-03 15:30:00-05:00,246.77999877929688,247.92999267578125,246.72000122070312,247.55999755859375,187547,0.0,0.0
2023-01-04 09:30:00-05:00,246.52000427246094,249.47000122070312,246.22999572753906,247.89999389648438,178282,0.0,0.0
2023-01-04 10:30:00-05:00,247.92999267578125,248.5,247.19000244140625,248.14999389648438,79729,0.0,0.0
2023-01-04 11:30:00-05:00,248.25,250.59500122070312,248.25,250.14999389648438,87782,0.0,0.0
2023-01-04 12:30:00-05:00,250.11500549316406,250.72000122070312,249.7050018310547,250.6300048828125,69063,0.0,0.0
2023-01-04 13:30:00-05:00,250.75,251.5,249.4199981689453,249.55999755859375,89197,0.0,0.0
2023-01-04 14:30:00-05:00,249.4199981689453,251.14999389648438,249.4199981689453,249.9510040283203,102081,0.0,0.0
2023-01-04 15:30:00-05:00,249.88999938964844,251.0800018310547,249.02000427246094,250.86000061035156,203176,0.0,0.0
2023-01-05 09:30:00-05:00,249.36000061035156,250.9499969482422,247.7050018310547,248.52000427246094,166897,0.0,0.0
2023-01-05 10:30:00-05:00,248.91000366210938,248.99000549316406,247.1999969482422,247.3800048828125,63176,0.0,0.0
2023-01-05 11:30:00-05:00,247.42999267578125,247.9199981689453,246.89999389648438,247.69000244140625,54087,0.0,0.0
2023-01-05 12:30:00-05:00,247.66000366210938,248.8300018310547,247.0399932861328,248.4550018310547,56306,0.0,0.0
2023-01-05 13:30:00-05:00,248.3699951171875,248.7899932861328,248.13999938964844,248.32000732421875,59462,0.0,0.0
2023-01-05 14:30:00-05:00,248.49000549316406,249.55999755859375,247.41000366210938,247.58999633789062,81928,0.0,0.0
2023-01-05 15:30:00-05:00,247.52999877929688,247.82000732421875,246.7899932861328,247.50999450683594,196148,0.0,0.0
2023-01-06 09:30:00-05:00,250.42999267578125,253.22999572753906,248.5500030517578,252.63499450683594,176380,0.0,0.0
2023-01-06 10:30:00-05:00,252.74000549316406,255.6300048828125,252.6999969482422,254.82000732421875,106329,0.0,0.0
2023-01-06 11:30:00-05:00,254.8000030517578,255.1199951171875,254.14999389648438,254.22999572753906,55596,0.0,0.0
2023-01-06 12:30:00-05:00,254.22999572753906,254.24000549316406,253.27499389648438,253.97999572753906,67327,0.0,0.0
2023-01-06 13:30:00-05:00,254.0800018310547,255.52999877929688,253.9550018310547,255.32000732421875,54923,0.0,0.0
2023-01-06 14:30:00-05:00,255.27999877929688,256.6000061035156,255.27999877929688,256.0703125,88006,0.0,0.0
2023-01-06 15:30:00-05:00,256.0799865722656,256.3999938964844,255.24000549316406,255.7899932861328,176795,0.0,0.0
2023-01-09 09:30:00-05:00,256.489990234375,257.48199462890625,254.6300048828125,255.41000366210938,193984,0.0,0.0
2023-01-09 10:30:00-05:00,255.35000610351562,257.5,255.2100067138672,256.8299865722656,104136,0.0,0.0
2023-01-09 11:30:00-05:00,256.8949890136719,257.1499938964844,256.07000732421875,256.70001220703125,133967,0.0,0.0
2023-01-09 12:30:00-05:00,256.6600036621094,257.2200012207031,256.19500732421875,256.8900146484375,65086,0.0,0.0
2023-01-09 13:30:00-05:00,256.8900146484375,256.9849853515625,254.67999267578125,255.33999633789062,87895,0.0,0.0
2023-01-09 14:30:00-05:00,255.14999389648438,255.44000244140625,253.02999877929688,253.326904296875,110511,0.0,0.0
2023-01-09 15:30:00-05:00,253.2899932861328,254.50999450683594,253.02999877929688,254.14999389648438,204134,0.0,0.0
2023-01-10 09:30:00-05:00,254.11000061035156,254.3699951171875,251.92999267578125,252.13999938964844,73105,0.0,0.0
2023-01-10 10:30:00-05:00,252.1999969482422,253.67630004882812,251.1300048828125,253.1300048828125,72850,0.0,0.0
2023-01-10 11:30:00-05:00,253.25,253.52000427246094,252.0592041015625,252.33999633789062,42188,0.0,0.0
2023-01-10 12:30:00-05:00,252.5500030517578,253.14999389648438,252.46749877929688,253.0,35744,0.0,0.0
2023-01-10 13:30:00-05:00,253.08999633789062,254.22999572753906,253.0500030517578,253.97500610351562,43751,0.0,0.0
2023-01-10 14:30:00-05:00,253.99000549316406,254.69000244140625,253.52999877929688,254.02999877929688,89678,0.0,0.0
2023-01-10 15:30:00-05:00,253.99000549316406,254.86000061035156,253.88999938964844,254.61000061035156,129448,0.0,0.0
2023-01-11 09:30:00-05:00,256.2799987792969,256.2799987792969,253.14999389648438,253.22999572753906,102407,0.0,0.0
2023-01-11 10:30:00-05:00,253.47000122070312,253.8300018310547,252.6699981689453,253.08999633789062,67332,0.0,0.0
2023-01-11 11:30:00-05:00,253.2949981689453,254.00999450683594,252.85000610351562,253.97000122070312,88053,0.0,0.0
2023-01-11 12:30:00-05:00,253.9499969482422,255.13999938964844,253.24000549316406,255.02000427246094,77785,0.0,0.0
2023-01-11 13:30:00-05:00,254.8800048828125,255.1199951171875,253.89500427246094,254.2899932861328,72871,0.0,0.0
2023-01-11 14:30:00-05:00,254.37750244140625,256.0799865722656,254.37750244140625,255.2899932861328,107123,0.0,0.0
2023-01-11 15:30:00-05:00,255.2899932861328,256.3800048828125,255.01499938964844,256.1400146484375,158053,0.0,0.0
2023-01-12 09:30:00-05:00,257.5899963378906,257.5899963378906,254.25,256.12298583984375,87026,0.0,0.0
2023-01-12 10:30:00-05:00,256.0799865722656,256.3299865722656,254.7899932861328,255.4647979736328,122448,0.0,0.0
2023-01-12 11:30:00-05:00,255.3300018310547,255.72999572753906,254.8300018310547,255.4600067138672,138248,0.0,0.0
2023-01-12 12:30:00-05:00,255.52499389648438,255.74000549316406,254.27000427246094,254.27000427246094,89339,0.0,0.0
2023-01-12 13:30:00-05:00,254.24000549316406,255.76820373535156,254.17999267578125,254.8300018310547,114719,0.0,0.0
2023-01-12 14:30:00-05:00,254.75999450683594,255.13999938964844,254.27499389648438,254.64500427246094,123132,0.0,0.0
2023-01-12 15:30:00-05:00,254.63999938964844,254.72000122070312,254.0800018310547,254.16000366210938,258581,0.0,0.0
2023-01-13 09:30:00-05:00,251.72000122070312,253.83999633789062,251.5399932861328,252.8800048828125,113191,0.0,0.0
2023-01-13 10:30:00-05:00,252.8300018310547,253.42999267578125,252.27999877929688,253.22000122070312,107062,0.0,0.0
2023-01-13 11:30:00-05:00,253.27999877929688,253.8800048828125,252.97000122070312,253.72500610351562,72928,0.0,0.0
2023-01-13 12:30:00-05:00,253.6199951171875,254.80999755859375,253.27000427246094,254.0800018310547,82759,0.0,0.0
2023-01-13 13:30:00-05:00,253.99000549316406,254.63999938964844,253.91000366210938,254.55999755859375,72077,0.0,0.0
2023-01-13 14:30:00-05:00,254.57000732421875,255.55499267578125,254.27999877929688,255.1300048828125,93663,0.0,0.0
2023-01-13 15:30:00-05:00,255.1699981689453,255.8350067138672,255.08999633789062,255.1300048828125,205974,0.0,0.0
2023-01-17 09:30:00-05:00,256.3999938964844,259.385009765625,253.86000061035156,259.0899963378906,250541,0.0,0.0
2023-01-17 10:30:00-05:00,259.20001220703125,259.57000732421875,257.1400146484375,258.0400085449219,144430,0.0,0.0
2023-01-17 11:30:00-05:00,258.07000732421875,259.0199890136719,257.6600036621094,257.7799987792969,110740,0.0,0.0
2023-01-17 12:30:00-05:00,257.7200012207031,258.2200012207031,257.0,257.3800048828125,105651,0.0,0.0
2023-01-17 13:30:00-05:00,257.3699951171875,257.95709228515625,256.1300048828125,256.4800109863281,152144,0.0,0.0
2023-01-17 14:30:00-05:00,256.510009765625,257.1499938964844,255.75,255.97000122070312,224129,0.0,0.0
2023-01-17 15:30:00-05:00,255.97000122070312,256.8900146484375,255.8000030517578,256.6600036621094,279002,0.0,0.0
2023-01-18 09:30:00-05:00,256.8900146484375,259.2200012207031,255.5399932861328,259.0450134277344,132399,0.0,0.0
2023-01-18 10:30:00-05:00,259.19000244140625,260.20001220703125,257.6400146484375,257.6400146484375,216962,0.0,0.0
2023-01-18 11:30:00-05:00,257.6199951171875,257.6199951171875,254.26499938964844,254.3249969482422,110676,0.0,0.0
2023-01-18 12:30:00-05:00,254.22500610351562,255.83999633789062,254.0,254.7375030517578,140366,0.0,0.0
2023-01-18 13:30:00-05:00,254.97000122070312,255.85499572753906,254.6999969482422,254.89999389648438,109232,0.0,0.0
2023-01-18 14:30:00-05:00,254.8800048828125,255.4499969482422,254.4600067138672,254.8699951171875,92948,0.0,0.0
2023-01-18 15:30:00-05:00,254.8000030517578,255.17999267578125,254.27499389648438,254.7100067138672,193766,0.0,0.0
2023-01-19 09:30:00-05:00,253.27999877929688,253.8000030517578,249.8699951171875,250.6699981689453,174385,0.0,0.0
2023-01-19 10:30:00-05:00,250.60499572753906,251.0399932861328,249.2624969482422,250.27999877929688,99290,0.0,0.0
2023-01-19 11:30:00-05:00,250.2899932861328,251.00999450683594,250.0,250.69000244140625,76869,0.0,0.0
2023-01-19 12:30:00-05:00,250.69000244140625,251.69000244140625,250.50390625,251.3249969482422,79975,0.0,0.0
2023-01-19 13:30:00-05:00,251.38999938964844,251.84500122070312,250.6999969482422,251.3350067138672,66540,0.0,0.0
2023-01-19 14:30:00-05:00,251.3000030517578,251.84500122070312,251.05499267578125,251.70750427246094,95849,0.0,0.0
2023-01-19 15:30:00-05:00,251.77000427246094,251.77000427246094,249.7899932861328,249.88999938964844,224946,0.0,0.0
2023-01-20 09:30:00-05:00,250.94000244140625,251.85000610351562,249.47999572753906,251.13999938964844,175562,0.0,0.0
2023-01-20 10:30:00-05:00,251.2100067138672,252.7899932861328,250.88999938964844,252.77999877929688,103410,0.0,0.0
2023-01-20 11:30:00-05:00,252.77999877929688,253.5399932861328,252.4499969482422,252.7899932861328,82134,0.0,0.0
2023-01-20 12:30:00-05:00,252.6999969482422,253.5850067138672,252.42999267578125,253.4550018310547,82380,0.0,0.0
2023-01-20 13:30:00-05:00,253.5500030517578,254.41000366210938,253.16000366210938,253.25999450683594,112750,0.0,0.0
2023-01-20 14:30:00-05:00,253.26499938964844,253.86000061035156,252.7449951171875,253.6999969482422,126085,0.0,0.0
2023-01-20 15:30:00-05:00,253.75999450683594,254.05999755859375,252.3800048828125,253.66000366210938,475001,0.0,0.0
2023-01-23 09:30:00-05:00,252.67999267578125,256.3299865722656,252.4600067138672,256.2900085449219,158845,0.0,0.0
2023-01-23 10:30:00-05:00,256.2900085449219,259.3699951171875,256.2049865722656,258.385009765625,184892,0.0,0.0
2023-01-23 11:30:00-05:00,258.56500244140625,258.93499755859375,257.17999267578125,257.5899963378906,87806,0.0,0.0
2023-01-23 12:30:00-05:00,257.5799865722656,259.1300048828125,257.5799865722656,259.1000061035156,79574,0.0,0.0
2023-01-23 13:30:00-05:00,259.2799987792969,259.6700134277344,256.75,256.80999755859375,142819,0.0,0.0
2023-01-23 14:30:00-05:00,256.7900085449219,257.20001220703125,255.5399932861328,256.989990234375,156530,0.0,0.0
2023-01-23 15:30:00-05:00,257.0799865722656,257.0799865722656,256.3900146484375,256.3999938964844,263178,0.0,0.0
2023-01-24 09:30:00-05:00,253.1300048828125,254.75999450683594,250.16000366210938,254.47000122070312,249468,0.0,0.0
2023-01-24 10:30:00-05:00,254.27000427246094,256.2799987792969,254.0,255.34500122070312,126586,0.0,0.0
2023-01-24 11:30:00-05:00,255.24000549316406,256.32000732421875,255.05999755859375,256.0299987792969,136588,0.0,0.0
2023-01-24 12:30:00-05:00,256.04998779296875,257.0299987792969,255.9499969482422,256.639892578125,104326,0.0,0.0
2023-01-24 13:30:00-05:00,256.5450134277344,257.69000244140625,255.88999938964844,256.1600036621094,155365,0.0,0.0
2023-01-24 14:30:00-05:00,256.1499938964844,257.760009765625,256.1199951171875,256.1700134277344,214937,0.0,0.0
2023-01-24 15:30:00-05:00,256.1700134277344,256.69000244140625,255.3300018310547,255.8800048828125,315636,0.0,0.0
2023-01-25 09:30:00-05:00,251.25,251.9250030517578,240.3000030517578,241.1699981689453,725046,0.0,0.0
2023-01-25 10:30:00-05:00,241.02999877929688,244.13999938964844,240.1699981689453,244.13999938964844,378366,0.0,0.0
2023-01-25 11:30:00-05:00,244.23500061035156,244.23500061035156,240.75999450683594,241.44000244140625,169090,0.0,0.0
2023-01-25 12:30:00-05:00,241.60000610351562,244.80999755859375,241.27000427246094,244.33999633789062,207980,0.0,0.0
2023-01-25 13:30:00-05:00,244.375,244.5,242.17999267578125,242.35000610351562,234100,0.0,0.0
2023-01-25 14:30:00-05:00,242.41000366210938,244.7100067138672,242.22000122070312,243.52999877929688,321707,0.0,0.0
2023-01-25 15:30:00-05:00,243.55499267578125,243.55499267578125,241.57000732421875,242.9600067138672,447485,0.0,0.0
2023-01-26 09:30:00-05:00,243.86000061035156,245.41000366210938,235.4199981689453,240.33999633789062,447055,0.0,0.0
2023-01-26 10:30:00-05:00,240.41000366210938,240.4499969482422,237.97000122070312,238.4199981689453,170850,0.0,0.0
2023-01-26 11:30:00-05:00,238.4600067138672,240.19000244140625,238.42999267578125,239.39999389648438,147587,0.0,0.0
2023-01-26 12:30:00-05:00,239.3800048828125,240.16000366210938,239.22000122070312,239.9600067138672,122562,0.0,0.0
2023-01-26 13:30:00-05:00,239.9600067138672,240.44500732421875,239.44000244140625,240.0800018310547,200381,0.0,0.0
2023-01-26 14:30:00-05:00,240.0,241.61000061035156,239.85499572753906,240.97999572753906,163410,0.0,0.0
2023-01-26 15:30:00-05:00,240.97000122070312,241.22000122070312,240.13999938964844,241.19000244140625,276692,0.0,0.0
2023-01-27 09:30:00-05:00,241.22000122070312,244.66000366210938,239.94000244140625,241.74000549316406,201257,0.0,0.0
2023-01-27 10:30:00-05:00,241.64999389648438,241.97000122070312,239.36000061035156,241.3300018310547,159465,0.0,0.0
2023-01-27 11:30:00-05:00,241.30999755859375,242.02000427246094,239.8800048828125,239.99000549316406,150836,0.0,0.0
2023-01-27 12:30:00-05:00,239.98500061035156,240.51499938964844,239.0500030517578,239.19000244140625,169475,0.0,0.0
2023-01-27 13:30:00-05:00,239.1300048828125,239.6750030517578,237.74000549316406,238.83999633789062,226912,0.0,0.0
2023-01-27 14:30:00-05:00,238.8300018310547,240.3948974609375,238.8300018310547,239.19500732421875,172621,0.0,0.0
2023-01-27 15:30:00-05:00,239.24000549316406,239.52000427246094,238.66000366210938,238.77000427246094,302927,0.0,0.0
2023-01-30 09:30:00-05:00,237.1699981689453,240.39810180664062,237.1699981689453,239.82000732421875,146879,0.0,0.0
2023-01-30 10:30:00-05:00,239.94000244140625,240.5399932861328,238.9600067138672,240.13999938964844,114400,0.0,0.0
2023-01-30 11:30:00-05:00,240.27000427246094,240.72000122070312,239.27000427246094,240.4499969482422,120820,0.0,0.0
2023-01-30 12:30:00-05:00,240.39999389648438,240.94000244140625,239.72000122070312,240.22999572753906,120197,0.0,0.0
2023-01-30 13:30:00-05:00,240.13999938964844,240.5399932861328,239.39500427246094,239.4550018310547,96445,0.0,0.0
2023-01-30 14:30:00-05:00,239.4499969482422,239.52000427246094,238.5500030517578,238.6699981689453,110144,0.0,0.0
2023-01-30 15:30:00-05:00,238.64999389648438,239.4149932861328,238.0800018310547,238.1699981689453,189474,0.0,0.0
2023-01-31 09:30:00-05:00,238.9199981689453,242.0,238.3699951171875,241.93499755859375,793172,0.0,0.0
2023-01-31 10:30:00-05:00,241.92129516601562,242.42999267578125,241.0399932861328,242.3699951171875,177031,0.0,0.0
2023-01-31 11:30:00-05:00,242.19000244140625,243.88999938964844,242.1300048828125,243.8000030517578,144329,0.0,0.0
2023-01-31 12:30:00-05:00,243.8000030517578,244.3699951171875,243.0,243.1199951171875,100035,0.0,0.0
2023-01-31 13:30:00-05:00,243.125,243.77999877929688,242.8300018310547,243.22000122070312,102342,0.0,0.0
2023-01-31 14:30:00-05:00,243.3000030517578,243.97000122070312,243.25999450683594,243.47999572753906,114284,0.0,0.0
2023-01-31 15:30:00-05:00,243.5,245.97999572753906,243.5,245.97999572753906,296796,0.0,0.0
2023-02-01 09:30:00-05:00,244.27000427246094,247.3249969482422,243.22000122070312,244.13999938964844,149826,0.0,0.0
2023-02-01 10:30:00-05:00,243.97999572753906,244.4250030517578,242.72999572753906,244.17999267578125,90082,0.0,0.0
2023-02-01 11:30:00-05:00,244.2100067138672,244.47500610351562,243.5399932861328,244.33999633789062,71679,0.0,0.0
2023-02-01 12:30:00-05:00,244.4550018310547,244.7899932861328,243.3699951171875,243.7899932861328,102450,0.0,0.0
2023-02-01 13:30:00-05:00,243.8000030517578,245.0,243.33999633789062,244.30999755859375,95050,0.0,0.0
2023-02-01 14:30:00-05:00,244.52999877929688,248.8699951171875,243.22000122070312,248.85000610351562,215343,0.0,0.0
2023-02-01 15:30:00-05:00,248.83999633789062,250.27000427246094,247.69000244140625,248.7899932861328,235604,0.0,0.0
2023-02-02 09:30:00-05:00,247.97000122070312,251.11000061035156,247.6699981689453,250.3350067138672,115980,0.0,0.0
2023-02-02 10:30:00-05:00,250.5,252.6199951171875,250.4550018310547,252.0749969482422,150419,0.0,0.0
2023-02-02 11:30:00-05:00,251.9949951171875,253.22999572753906,251.52000427246094,253.1199951171875,117118,0.0,0.0
2023-02-02 12:30:00-05:00,253.08999633789062,254.69500732421875,253.07000732421875,254.5500030517578,90736,0.0,0.0
2023-02-02 13:30:00-05:00,254.63999938964844,255.89999389648438,254.3000030517578,254.55499267578125,107657,0.0,0.0
2023-02-02 14:30:00-05:00,254.55499267578125,255.3800048828125,254.1999969482422,254.7100067138672,165352,0.0,0.0
2023-02-02 15:30:00-05:00,254.77000427246094,255.32000732421875,253.97500610351562,254.8699951171875,219901,0.0,0.0
2023-02-03 09:30:00-05:00,252.6199951171875,254.69000244140625,252.61000061035156,254.0500030517578,162952,0.0,0.0
2023-02-03 10:30:00-05:00,254.1300048828125,255.31500244140625,253.80999755859375,254.25,99084,0.0,0.0
2023-02-03 11:30:00-05:00,254.32000732421875,254.77499389648438,253.27999877929688,253.89999389648438,134408,0.0,0.0
2023-02-03 12:30:00-05:00,253.82000732421875,254.05999755859375,252.0800018310547,252.24000549316406,110954,0.0,0.0
2023-02-03 13:30:00-05:00,252.19000244140625,252.49000549316406,251.3000030517578,251.89999389648438,116307,0.0,0.0
2023-02-03 14:30:00-05:00,251.8800048828125,252.4550018310547,250.92999267578125,251.5800018310547,100644,0.0,0.0
2023-02-03 15:30:00-05:00,251.6699981689453,252.17999267578125,251.0800018310547,252.1300048828125,184388,0.0,0.0
2023-02-06 09:30:00-05:00,250.30999755859375,250.60000610351562,245.75999450683594,245.7899932861328,269530,0.0,0.0
2023-02-06 10:30:00-05:00,245.82000732421875,247.97000122070312,245.75999450683594,247.30999755859375,173949,0.0,0.0
2023-02-06 11:30:00-05:00,247.30999755859375,247.80999755859375,245.94000244140625,246.44000244140625,128852,0.0,0.0
2023-02-06 12:30:00-05:00,246.49000549316406,246.99000549316406,245.88999938964844,246.41000366210938,90733,0.0,0.0
2023-02-06 13:30:00-05:00,246.2899932861328,247.81019592285156,246.1199951171875,247.1649932861328,92083,0.0,0.0
2023-02-06 14:30:00-05:00,247.33999633789062,247.33999633789062,246.23500061035156,246.24000549316406,80168,0.0,0.0
2023-02-06 15:30:00-05:00,246.2449951171875,246.74000549316406,245.94000244140625,246.5500030517578,139316,0.0,0.0
2023-02-07 09:30:00-05:00,245.0,246.27999877929688,244.3800048828125,244.97999572753906,160598,0.0,0.0
2023-02-07 10:30:00-05:00,244.97000122070312,245.64999389648438,243.77499389648438,244.47500610351562,170499,0.0,0.0
2023-02-07 11:30:00-05:00,244.4600067138672,245.13499450683594,244.2899932861328,245.0800018310547,117663,0.0,0.0
2023-02-07 12:30:00-05:00,245.10000610351562,247.92999267578125,244.66000366210938,245.0,174318,0.0,0.0
2023-02-07 13:30:00-05:00,244.66000366210938,246.52000427246094,243.57000732421875,246.27000427246094,93958,0.0,0.0
2023-02-07 14:30:00-05:00,246.1699981689453,247.17999267578125,246.10499572753906,247.1199951171875,119080,0.0,0.0
2023-02-07 15:30:00-05:00,247.1199951171875,248.50999450683594,246.88999938964844,247.57000732421875,194798,0.0,0.0
2023-02-08 09:30:00-05:00,246.30999755859375,248.3300018310547,245.25999450683594,247.02000427246094,91677,0.0,0.0
2023-02-08 10:30:00-05:00,246.9499969482422,247.22000122070312,245.1699981689453,245.3350067138672,97694,0.0,0.0
2023-02-08 11:30:00-05:00,245.3800048828125,246.72999572753906,245.02000427246094,246.5800018310547,82641,0.0,0.0
2023-02-08 12:30:00-05:00,246.74830627441406,247.41000366210938,246.14500427246094,246.33999633789062,79135,0.0,0.0
2023-02-08 13:30:00-05:00,246.3699951171875,246.85000610351562,245.66000366210938,245.8300018310547,96590,0.0,0.0
2023-02-08 14:30:00-05:00,245.97000122070312,246.89999389648438,245.61000061035156,246.82000732421875,86955,0.0,0.0
2023-02-08 15:30:00-05:00,246.77000427246094,247.16000366210938,245.92999267578125,246.6300048828125,185439,0.0,0.0
2023-02-09 09:30:00-05:00,247.92999267578125,248.94000244140625,244.72000122070312,245.03990173339844,77382,0.0,0.0
2023-02-09 10:30:00-05:00,245.02499389648438,245.5399932861328,243.13999938964844,243.65499877929688,84365,0.0,0.0
2023-02-09 11:30:00-05:00,243.6300048828125,244.00999450683594,242.61000061035156,242.67999267578125,109832,0.0,0.0
2023-02-09 12:30:00-05:00,242.72000122070312,242.72000122070312,241.17999267578125,241.61500549316406,76865,0.0,0.0
2023-02-09 13:30:00-05:00,241.3300018310547,241.82000732421875,240.5,240.67999267578125,119905,0.0,0.0
2023-02-09 14:30:00-05:00,240.64999389648438,241.32000732421875,239.8300018310547,239.91000366210938,95804,0.0,0.0
2023-02-09 15:30:00-05:00,239.91000366210938,240.08999633789062,238.84820556640625,239.0,311716,0.0,0.0
2023-02-10 09:30:00-05:00,238.0,241.61000061035156,237.6300048828125,241.22999572753906,189180,0.0,0.0
2023-02-10 10:30:00-05:00,241.36000061035156,242.25999450683594,240.19000244140625,241.7550048828125,154720,0.0,0.0
2023-02-10 11:30:00-05:00,241.75999450683594,241.86000061035156,240.8300018310547,241.1300048828125,86156,0.0,0.0
2023-02-10 12:30:00-05:00,241.27000427246094,242.5449981689453,241.02999877929688,241.9600067138672,97332,0.0,0.0
2023-02-10 13:30:00-05:00,241.8699951171875,242.44000244140625,241.5399932861328,242.0800018310547,91148,0.0,0.0
2023-02-10 14:30:00-05:00,242.07000732421875,242.67999267578125,241.22000122070312,241.41000366210938,118788,0.0,0.0
2023-02-10 15:30:00-05:00,241.46499633789062,242.6699981689453,241.30999755859375,242.6699981689453,319346,0.0,0.0
2023-02-13 09:30:00-05:00,236.97999572753906,242.41229248046875,236.18800354003906,241.8699951171875,863130,0.0,0.0
2023-02-13 10:30:00-05:00,241.85000610351562,242.91000366210938,240.77999877929688,241.1999969482422,256601,0.0,0.0
2023-02-13 11:30:00-05:00,241.16000366210938,241.27000427246094,239.59010314941406,240.5800018310547,239375,0.0,0.0
2023-02-13 12:30:00-05:00,240.5,241.13999938964844,239.5800018310547,239.5850067138672,186940,0.0,0.0
2023-02-13 13:30:00-05:00,239.6999969482422,240.11000061035156,238.2050018310547,239.40499877929688,297847,0.0,0.0
2023-02-13 14:30:00-05:00,239.50999450683594,239.82000732421875,238.61000061035156,238.88999938964844,318339,0.0,0.0
2023-02-13 15:30:00-05:00,238.89999389648438,239.74000549316406,238.25999450683594,239.72999572753906,554326,0.0,0.0
2023-02-14 09:30:00-05:00,239.00999450683594,239.00999450683594,235.47500610351562,236.6199951171875,578045,0.0,0.0
2023-02-14 10:30:00-05:00,236.61000061035156,236.69000244140625,232.91000366210938,233.07000732421875,455328,0.0,0.0
2023-02-14 11:30:00-05:00,233.07000732421875,233.07000732421875,231.42999267578125,232.13999938964844,272155,0.0,0.0
2023-02-14 12:30:00-05:00,232.13999938964844,234.01499938964844,231.4600067138672,233.53500366210938,297340,0.0,0.0
2023-02-14 13:30:00-05:00,233.52000427246094,234.4149932861328,233.00999450683594,234.40499877929688,226058,0.0,0.0
2023-02-14 14:30:00-05:00,234.40499877929688,235.80999755859375,234.3699951171875,234.55999755859375,316702,0.0,0.0
2023-02-14 15:30:00-05:00,234.46499633789062,235.4499969482422,234.10499572753906,235.33999633789062,532391,0.0,0.0
2023-02-15 09:30:00-05:00,232.32000732421875,233.47999572753906,228.94000244140625,232.7100067138672,527419,0.0,0.0
2023-02-15 10:30:00-05:00,232.6300048828125,237.86000061035156,232.52000427246094,237.86000061035156,454570,0.0,0.0
2023-02-15 11:30:00-05:00,237.83929443359375,238.64999389648438,236.7100067138672,237.39999389648438,229609,0.0,0.0
2023-02-15 12:30:00-05:00,237.5749969482422,237.6999969482422,236.32000732421875,236.8249969482422,129815,0.0,0.0
2023-02-15 13:30:00-05:00,236.86000061035156,237.13169860839844,236.2100067138672,236.74000549316406,128982,0.0,0.0
2023-02-15 14:30:00-05:00,236.72500610351562,237.88999938964844,236.16000366210938,237.5500030517578,249746,0.0,0.0
2023-02-15 15:30:00-05:00,237.60000610351562,238.42999267578125,237.27000427246094,238.30999755859375,262827,0.0,0.0
2023-02-16 09:30:00-05:00,235.25999450683594,237.11500549316406,233.22000122070312,236.09500122070312,397583,0.0,0.0
2023-02-16 10:30:00-05:00,236.1649932861328,237.8300018310547,235.27499389648438,235.47999572753906,220342,0.0,0.0
2023-02-16 11:30:00-05:00,235.42999267578125,236.3000030517578,235.00999450683594,236.27999877929688,150703,0.0,0.0
2023-02-16 12:30:00-05:00,236.2899932861328,236.56500244140625,233.7100067138672,233.72439575195312,314468,0.0,0.0
2023-02-16 13:30:00-05:00,233.85000610351562,235.19000244140625,231.6999969482422,232.07000732421875,694436,0.0,0.0
2023-02-16 14:30:00-05:00,232.0399932861328,232.42999267578125,230.1999969482422,230.69000244140625,404473,0.0,0.0
2023-02-16 15:30:00-05:00,230.67999267578125,231.17999267578125,230.0,230.07000732421875,663625,0.0,0.0
2023-02-17 09:30:00-05:00,228.60000610351562,232.6199951171875,226.5,230.55499267578125,814385,0.0,0.0
2023-02-17 10:30:00-05:00,230.63999938964844,230.77999877929688,228.375,228.91000366210938,978505,0.0,0.0
2023-02-17 11:30:00-05:00,228.94000244140625,229.47999572753906,228.58999633789062,229.1300048828125,424838,0.0,0.0
2023-02-17 12:30:00-05:00,229.1199951171875,229.1999969482422,228.0,228.40249633789062,301631,0.0,0.0
2023-02-17 13:30:00-05:00,228.33999633789062,228.49000549316406,227.1699981689453,227.74000549316406,394998,0.0,0.0
2023-02-17 14:30:00-05:00,227.77000427246094,228.5749969482422,227.25,227.50999450683594,723422,0.0,0.0
2023-02-17 15:30:00-05:00,227.49000549316406,228.2899932861328,226.89999389648438,228.14999389648438,1130306,0.0,0.0
2023-02-21 09:30:00-05:00,227.0,228.4499969482422,222.99000549316406,225.44000244140625,639412,0.0,0.0
2023-02-21 10:30:00-05:00,225.42999267578125,226.1199951171875,224.27000427246094,224.86000061035156,290748,0.0,0.0
2023-02-21 11:30:00-05:00,224.83999633789062,225.14999389648438,223.25,223.2899932861328,271100,0.0,0.0
2023-02-21 12:30:00-05:00,223.4199981689453,224.75999450683594,222.39999389648438,223.8800048828125,268862,0.0,0.0
2023-02-21 13:30:00-05:00,223.83859252929688,225.1199951171875,223.77999877929688,224.88999938964844,225357,0.0,0.0
2023-02-21 14:30:00-05:00,224.9199981689453,225.05999755859375,223.5399932861328,223.77999877929688,292319,0.0,0.0
2023-02-21 15:30:00-05:00,223.8699951171875,224.69000244140625,223.7899932861328,224.61000061035156,478848,0.0,0.0
2023-02-22 09:30:00-05:00,225.22000122070312,226.94000244140625,223.75999450683594,224.2899932861328,453901,0.0,0.0
2023-02-22 10:30:00-05:00,224.1300048828125,224.13999938964844,223.0,223.47999572753906,187843,0.0,0.0
2023-02-22 11:30:00-05:00,223.57000732421875,225.19000244140625,223.5050048828125,224.77999877929688,192149,0.0,0.0
2023-02-22 12:30:00-05:00,224.85000610351562,225.22000122070312,224.25,224.9949951171875,215901,0.0,0.0
2023-02-22 13:30:00-05:00,225.0670928955078,225.0670928955078,223.17999267578125,223.17999267578125,181438,0.0,0.0
2023-02-22 14:30:00-05:00,223.14999389648438,223.22000122070312,220.7899932861328,221.2949981689453,360195,0.0,0.0
2023-02-22 15:30:00-05:00,221.35000610351562,222.0800018310547,220.02999877929688,222.07000732421875,476744,0.0,0.0
2023-02-23 09:30:00-05:00,224.1999969482422,224.625,220.5800018310547,222.7949981689453,418801,0.0,0.0
2023-02-23 10:30:00-05:00,222.9499969482422,223.57000732421875,221.8699951171875,222.35000610351562,194582,0.0,0.0
2023-02-23 11:30:00-05:00,222.33999633789062,222.52000427246094,220.47000122070312,221.22000122070312,119606,0.0,0.0
2023-02-23 12:30:00-05:00,221.25999450683594,222.00999450683594,220.25540161132812,221.5,165272,0.0,0.0
2023-02-23 13:30:00-05:00,221.38999938964844,223.11000061035156,221.10000610351562,223.11000061035156,165862,0.0,0.0
2023-02-23 14:30:00-05:00,223.08999633789062,224.5,222.97000122070312,224.30499267578125,260934,0.0,0.0
2023-02-23 15:30:00-05:00,224.27000427246094,224.42999267578125,223.5500030517578,223.88999938964844,309054,0.0,0.0
2023-02-24 09:30:00-05:00,220.94000244140625,223.41000366210938,220.49000549316406,223.38999938964844,193381,0.0,0.0
2023-02-24 10:30:00-05:00,223.30999755859375,223.30999755859375,221.55999755859375,222.92999267578125,118053,0.0,0.0
2023-02-24 11:30:00-05:00,222.72349548339844,222.84500122070312,222.02000427246094,222.6649932861328,89554,0.0,0.0
2023-02-24 12:30:00-05:00,222.6999969482422,222.9149932861328,221.67999267578125,222.0500030517578,161283,0.0,0.0
2023-02-24 13:30:00-05:00,222.08999633789062,224.10000610351562,221.75999450683594,223.83999633789062,130332,0.0,0.0
2023-02-24 14:30:00-05:00,223.8000030517578,224.1768035888672,223.14999389648438,223.97999572753906,128475,0.0,0.0
2023-02-24 15:30:00-05:00,223.9499969482422,225.0,223.6300048828125,224.77000427246094,524206,0.0,0.0
2023-02-27 09:30:00-05:00,228.0,232.5,227.11000061035156,227.99000549316406,526962,0.0,0.0
2023-02-27 10:30:00-05:00,227.99000549316406,228.1999969482422,225.75999450683594,226.17999267578125,241856,0.0,0.0
2023-02-27 11:30:00-05:00,226.27999877929688,226.8800048828125,224.97999572753906,226.11000061035156,176359,0.0,0.0
2023-02-27 12:30:00-05:00,226.02000427246094,226.67999267578125,225.25999450683594,225.47999572753906,131183,0.0,0.0
2023-02-27 13:30:00-05:00,225.5399932861328,226.52999877929688,225.05999755859375,226.44500732421875,112243,0.0,0.0
2023-02-27 14:30:00-05:00,226.4499969482422,226.67999267578125,225.10000610351562,225.66000366210938,201753,0.0,0.0
2023-02-27 15:30:00-05:00,225.61000061035156,225.75,225.16140747070312,225.27999877929688,225813,0.0,0.0
2023-02-28 09:30:00-05:00,224.38999938964844,226.05999755859375,223.71499633789062,225.55999755859375,210916,0.0,0.0
2023-02-28 10:30:00-05:00,225.63999938964844,226.4499969482422,225.47000122070312,225.85499572753906,144767,0.0,0.0
2023-02-28 11:30:00-05:00,225.93499755859375,227.3300018310547,225.93499755859375,227.07000732421875,94758,0.0,0.0
2023-02-28 12:30:00-05:00,227.02999877929688,227.9149932861328,226.72000122070312,227.10000610351562,84977,0.0,0.0
2023-02-28 13:30:00-05:00,227.13999938964844,227.13999938964844,225.0,225.0800018310547,92439,0.0,0.0
2023-02-28 14:30:00-05:00,225.10499572753906,225.16000366210938,223.7100067138672,223.71499633789062,132016,0.0,0.0
2023-02-28 15:30:00-05:00,223.73500061035156,225.1199951171875,223.35000610351562,224.6699981689453,294337,0.0,0.0
2023-03-01 09:30:00-05:00,224.34500122070312,225.66000366210938,224.00999450683594,224.52999877929688,200769,0.0,0.0
2023-03-01 10:30:00-05:00,224.57000732421875,226.24000549316406,224.210205078125,225.42999267578125,94823,0.0,0.0
2023-03-01 11:30:00-05:00,225.38999938964844,226.72999572753906,225.26499938964844,226.41000366210938,77516,0.0,0.0
2023-03-01 12:30:00-05:00,226.5399932861328,226.8800048828125,225.1199951171875,226.02499389648438,85181,0.0,0.0
2023-03-01 13:30:00-05:00,225.9499969482422,226.32000732421875,224.7899932861328,225.0,73387,0.0,0.0
2023-03-01 14:30:00-05:00,224.99000549316406,226.27000427246094,224.92999267578125,225.6699981689453,142243,0.0,0.0
2023-03-01 15:30:00-05:00,225.61000061035156,226.02000427246094,225.25999450683594,225.41000366210938,214182,0.0,0.0
2023-03-02 09:30:00-05:00,223.67999267578125,226.58999633789062,223.55999755859375,226.3553009033203,77871,0.0,0.0
2023-03-02 10:30:00-05:00,226.2100067138672,226.52000427246094,225.6999969482422,226.0500030517578,68119,0.0,0.0
2023-03-02 11:30:00-05:00,226.08999633789062,227.3699951171875,225.61410522460938,227.22999572753906,109735,0.0,0.0
2023-03-02 12:30:00-05:00,227.22999572753906,228.17999267578125,226.55999755859375,226.6300048828125,129982,0.0,0.0
2023-03-02 13:30:00-05:00,226.60000610351562,228.2100067138672,226.55999755859375,227.97999572753906,66603,0.0,0.0
2023-03-02 14:30:00-05:00,228.13999938964844,229.75999450683594,227.44000244140625,229.63999938964844,201051,0.0,0.0
2023-03-02 15:30:00-05:00,229.66000366210938,229.77000427246094,228.44000244140625,228.6199951171875,205313,0.0,0.0
2023-03-03 09:30:00-05:00,229.1699981689453,229.42999267578125,227.0449981689453,228.11500549316406,252710,0.0,0.0
2023-03-03 10:30:00-05:00,228.07000732421875,228.43499755859375,226.7899932861328,228.33999633789062,199329,0.0,0.0
2023-03-03 11:30:00-05:00,228.3000030517578,228.83999633789062,228.02000427246094,228.43499755859375,127996,0.0,0.0
2023-03-03 12:30:00-05:00,228.43499755859375,228.83999633789062,227.8699951171875,228.13999938964844,134634,0.0,0.0
2023-03-03 13:30:00-05:00,228.16000366210938,228.38999938964844,227.77999877929688,228.36000061035156,129246,0.0,0.0
2023-03-03 14:30:00-05:00,228.30999755859375,228.9199981689453,228.00999450683594,228.5,160337,0.0,0.0
2023-03-03 15:30:00-05:00,228.48500061035156,228.9600067138672,228.25,228.35000610351562,276335,0.0,0.0
2023-03-06 09:30:00-05:00,227.63999938964844,227.8699951171875,226.05999755859375,226.92999267578125,181523,0.0,0.0
2023-03-06 10:30:00-05:00,226.86500549316406,227.1300048828125,224.85000610351562,224.89999389648438,197569,0.0,0.0
2023-03-06 11:30:00-05:00,224.85000610351562,225.52000427246094,224.13099670410156,224.60499572753906,165426,0.0,0.0
2023-03-06 12:30:00-05:00,224.5500030517578,224.8625030517578,223.77000427246094,224.1699981689453,153262,0.0,0.0
2023-03-06 13:30:00-05:00,224.13999938964844,224.13999938964844,223.38999938964844,223.89010620117188,147038,0.0,0.0
2023-03-06 14:30:00-05:00,223.86000061035156,224.0,222.58999633789062,222.75999450683594,168448,0.0,0.0
2023-03-06 15:30:00-05:00,222.75,223.3000030517578,222.33999633789062,222.4199981689453,283174,0.0,0.0
2023-03-07 09:30:00-05:00,221.25,221.52999877929688,216.57000732421875,217.5050048828125,742271,0.0,0.0
2023-03-07 10:30:00-05:00,217.55499267578125,218.69000244140625,216.7100067138672,217.82000732421875,370072,0.0,0.0
2023-03-07 11:30:00-05:00,217.73500061035156,218.49000549316406,216.8000030517578,217.9199981689453,165474,0.0,0.0
2023-03-07 12:30:00-05:00,217.8000030517578,217.86000061035156,216.0399932861328,216.25999450683594,150931,0.0,0.0
2023-03-07 13:30:00-05:00,216.24000549316406,216.4949951171875,215.19000244140625,215.27000427246094,232097,0.0,0.0
2023-03-07 14:30:00-05:00,215.27000427246094,215.3000030517578,214.30999755859375,214.77000427246094,342427,0.0,0.0
2023-03-07 15:30:00-05:00,214.77000427246094,215.27000427246094,214.39999389648438,215.16000366210938,477255,0.0,0.0
2023-03-08 09:30:00-05:00,214.92999267578125,217.125,214.4199981689453,216.6300048828125,249699,0.0,0.0
2023-03-08 10:30:00-05:00,216.5500030517578,217.00999450683594,214.66000366210938,215.76499938964844,263524,0.0,0.0
2023-03-08 11:30:00-05:00,215.82000732421875,215.93499755859375,215.1649932861328,215.22999572753906,157200,0.0,0.0
2023-03-08 12:30:00-05:00,215.11000061035156,215.7100067138672,214.8699951171875,215.19000244140625,117799,0.0,0.0
2023-03-08 13:30:00-05:00,215.19000244140625,215.90499877929688,215.10000610351562,215.75,126000,0.0,0.0
2023-03-08 14:30:00-05:00,215.8300018310547,215.86000061035156,214.7949981689453,215.30999755859375,175775,0.0,0.0
2023-03-08 15:30:00-05:00,215.34609985351562,216.6199951171875,215.22999572753906,216.36000061035156,285122,0.0,0.0
2023-03-09 09:30:00-05:00,216.77999877929688,216.877197265625,214.36199951171875,214.7949981689453,137170,0.0,0.0
2023-03-09 10:30:00-05:00,214.8699951171875,216.0196990966797,214.82000732421875,215.38499450683594,143036,0.0,0.0
2023-03-09 11:30:00-05:00,215.4250030517578,215.52000427246094,213.6699981689453,214.6300048828125,277250,0.0,0.0
2023-03-09 12:30:00-05:00,214.7100067138672,215.6300048828125,213.80999755859375,214.05999755859375,206551,0.0,0.0
2023-03-09 13:30:00-05:00,214.0500030517578,214.3300018310547,213.25,213.74000549316406,161003,0.0,0.0
2023-03-09 14:30:00-05:00,213.74000549316406,214.30999755859375,212.22000122070312,212.97000122070312,184237,0.0,0.0
2023-03-09 15:30:00-05:00,212.88999938964844,213.97000122070312,212.75,213.2899932861328,321475,0.0,0.0
2023-03-10 09:30:00-05:00,213.36000061035156,216.10000610351562,211.30999755859375,215.58999633789062,242469,0.0,0.0
2023-03-10 10:30:00-05:00,215.82000732421875,217.5399932861328,215.6300048828125,216.3249969482422,261354,0.0,0.0
2023-03-10 11:30:00-05:00,216.44500732421875,217.0,213.2899932861328,213.6699981689453,149183,0.0,0.0
2023-03-10 12:30:00-05:00,213.67999267578125,214.17999267578125,211.08999633789062,211.32000732421875,149133,0.0,0.0
2023-03-10 13:30:00-05:00,211.3300018310547,211.9600067138672,210.25,210.4600067138672,152958,0.0,0.0
2023-03-10 14:30:00-05:00,210.50999450683594,212.16000366210938,210.50999450683594,211.27000427246094,168261,0.0,0.0
2023-03-10 15:30:00-05:00,211.3148956298828,211.38209533691406,209.64999389648438,210.52999877929688,310228,0.0,0.0
2023-03-13 09:30:00-04:00,208.61000061035156,212.94000244140625,207.92999267578125,209.9199981689453,193884,0.0,0.0
2023-03-13 10:30:00-04:00,210.00999450683594,212.17999267578125,210.00999450683594,211.61000061035156,167735,0.0,0.0
2023-03-13 11:30:00-04:00,211.65499877929688,211.83999633789062,209.13999938964844,209.41000366210938,222225,0.0,0.0
2023-03-13 12:30:00-04:00,209.39999389648438,209.83999633789062,207.7949981689453,208.33999633789062,152248,0.0,0.0
2023-03-13 13:30:00-04:00,208.32000732421875,209.0977020263672,207.72000122070312,208.69000244140625,285711,0.0,0.0
2023-03-13 14:30:00-04:00,208.75999450683594,209.3000030517578,207.4250030517578,207.80999755859375,269735,0.0,0.0
2023-03-13 15:30:00-04:00,207.80999755859375,208.42999267578125,207.4499969482422,207.4499969482422,417266,0.0,0.0
2023-03-14 09:30:00-04:00,210.99000549316406,212.1300048828125,210.22999572753906,211.5500030517578,231382,0.0,0.0
2023-03-14 10:30:00-04:00,211.61500549316406,211.89999389648438,210.56500244140625,211.38999938964844,138465,0.0,0.0
2023-03-14 11:30:00-04:00,211.32000732421875,211.32000732421875,209.9499969482422,210.0500030517578,120243,0.0,0.0
2023-03-14 12:30:00-04:00,210.06500244140625,210.5399932861328,207.0,207.57000732421875,105922,0.0,0.0
2023-03-14 13:30:00-04:00,207.47000122070312,208.07400512695312,206.5800018310547,207.47000122070312,125868,0.0,0.0
2023-03-14 14:30:00-04:00,207.51499938964844,207.75999450683594,205.27000427246094,205.90499877929688,153262,0.0,0.0
2023-03-14 15:30:00-04:00,205.89500427246094,208.3300018310547,205.7449951171875,208.02000427246094,315203,0.0,0.0
2023-03-15 09:30:00-04:00,204.8300018310547,207.72000122070312,202.99000549316406,206.00999450683594,291962,0.0,0.0
2023-03-15 10:30:00-04:00,205.89999389648438,207.7449951171875,205.7209930419922,207.3699951171875,251525,0.0,0.0
2023-03-15 11:30:00-04:00,207.3300018310547,207.47000122070312,204.67999267578125,204.97000122070312,228485,0.0,0.0
2023-03-15 12:30:00-04:00,204.97000122070312,205.19000244140625,203.02999877929688,204.97999572753906,207493,0.0,0.0
2023-03-15 13:30:00-04:00,204.91000366210938,205.4499969482422,203.17999267578125,204.97999572753906,237537,0.0,0.0
2023-03-15 14:30:00-04:00,204.99000549316406,205.33999633789062,203.72000122070312,204.5399932861328,242174,0.0,0.0
2023-03-15 15:30:00-04:00,204.5399932861328,205.2899932861328,203.36000061035156,205.17999267578125,310858,0.0,0.0
2023-03-16 09:30:00-04:00,202.88999938964844,205.42250061035156,202.39999389648438,205.0399932861328,297518,0.0,0.0
2023-03-16 10:30:00-04:00,205.0,207.4499969482422,204.6300048828125,206.72999572753906,270360,0.0,0.0
2023-03-16 11:30:00-04:00,206.72000122070312,207.30999755859375,205.47000122070312,206.10499572753906,219419,0.0,0.0
2023-03-16 12:30:00-04:00,206.11000061035156,207.10000610351562,205.22999572753906,205.96499633789062,198891,0.0,0.0
2023-03-16 13:30:00-04:00,206.00999450683594,206.9600067138672,205.4499969482422,206.75999450683594,213586,0.0,0.0
2023-03-16 14:30:00-04:00,206.77999877929688,207.91000366210938,206.22000122070312,207.8800048828125,183872,0.0,0.0
2023-03-16 15:30:00-04:00,207.93499755859375,208.53500366210938,207.41000366210938,207.47999572753906,338841,0.0,0.0
2023-03-17 09:30:00-04:00,207.86000061035156,208.02000427246094,204.47000122070312,204.72000122070312,325746,0.0,0.0
2023-03-17 10:30:00-04:00,204.84249877929688,204.89999389648438,202.6999969482422,203.5399932861328,135024,0.0,0.0
2023-03-17 11:30:00-04:00,203.39999389648438,204.61000061035156,203.25999450683594,203.8300018310547,143994,0.0,0.0
2023-03-17 12:30:00-04:00,203.77000427246094,204.77000427246094,203.5399932861328,203.9199981689453,213070,0.0,0.0
2023-03-17 13:30:00-04:00,203.82000732421875,204.3699951171875,203.41000366210938,203.5449981689453,155145,0.0,0.0
2023-03-17 14:30:00-04:00,203.47000122070312,204.69000244140625,203.25,204.61000061035156,178797,0.0,0.0
2023-03-17 15:30:00-04:00,204.6300048828125,204.6300048828125,203.5800018310547,203.9600067138672,316134,0.0,0.0
2023-03-20 09:30:00-04:00,204.42999267578125,206.22000122070312,203.9199981689453,205.50999450683594,167213,0.0,0.0
2023-03-20 10:30:00-04:00,205.47999572753906,206.2100067138672,204.8000030517578,206.16000366210938,114135,0.0,0.0
2023-03-20 11:30:00-04:00,206.1728057861328,206.3300018310547,204.60000610351562,205.19000244140625,126205,0.0,0.0
2023-03-20 12:30:00-04:00,205.3000030517578,206.30999755859375,205.0,205.75,84541,0.0,0.0
2023-03-20 13:30:00-04:00,205.74000549316406,205.83999633789062,204.18499755859375,204.57000732421875,96863,0.0,0.0
2023-03-20 14:30:00-04:00,204.61500549316406,204.82000732421875,204.0399932861328,204.80999755859375,121145,0.0,0.0
2023-03-20 15:30:00-04:00,204.74000549316406,205.88999938964844,204.72000122070312,205.33999633789062,221309,0.0,0.0
2023-03-21 09:30:00-04:00,207.3800048828125,208.97000122070312,206.8699951171875,207.16000366210938,204640,0.0,0.0
2023-03-21 10:30:00-04:00,207.19000244140625,207.97000122070312,207.02999877929688,207.18499755859375,123590,0.0,0.0
2023-03-21 11:30:00-04:00,207.10000610351562,207.11000061035156,205.1699981689453,205.74000549316406,188133,0.0,0.0
2023-03-21 12:30:00-04:00,205.72999572753906,205.89999389648438,204.8699951171875,204.91000366210938,122609,0.0,0.0
2023-03-21 13:30:00-04:00,204.94500732421875,205.3699951171875,204.27999877929688,205.3699951171875,197820,0.0,0.0
2023-03-21 14:30:00-04:00,205.3300018310547,206.60000610351562,205.1300048828125,206.1699981689453,163121,0.0,0.0
2023-03-21 15:30:00-04:00,206.19000244140625,206.27999877929688,205.3800048828125,205.38999938964844,515488,0.0,0.0
2023-03-22 09:30:00-04:00,205.41000366210938,206.91000366210938,204.11000061035156,205.19500732421875,239222,0.0,0.0
2023-03-22 10:30:00-04:00,205.22000122070312,205.72000122070312,204.25999450683594,204.49000549316406,148479,0.0,0.0
2023-03-22 11:30:00-04:00,204.49000549316406,204.50999450683594,203.84320068359375,204.00999450683594,138485,0.0,0.0
2023-03-22 12:30:00-04:00,204.07000732421875,204.19000244140625,203.17999267578125,203.39999389648438,100744,0.0,0.0
2023-03-22 13:30:00-04:00,203.37750244140625,205.02999877929688,202.9499969482422,204.39999389648438,220800,0.0,0.0
2023-03-22 14:30:00-04:00,204.32000732421875,205.57000732421875,202.5800018310547,203.8699951171875,219442,0.0,0.0
2023-03-22 15:30:00-04:00,203.8699951171875,204.0399932861328,200.32000732421875,200.52000427246094,279864,0.0,0.0
2023-03-23 09:30:00-04:00,201.30999755859375,202.0399932861328,198.82000732421875,199.86000061035156,228113,0.0,0.0
2023-03-23 10:30:00-04:00,199.89500427246094,202.69000244140625,199.8800048828125,201.98500061035156,202575,0.0,0.0
2023-03-23 11:30:00-04:00,201.9949951171875,202.67999267578125,201.2899932861328,201.57000732421875,109520,0.0,0.0
2023-03-23 12:30:00-04:00,201.5836944580078,201.82000732421875,200.6999969482422,200.9499969482422,114345,0.0,0.0
2023-03-23 13:30:00-04:00,200.9199981689453,202.05999755859375,199.8800048828125,199.8800048828125,199469,0.0,0.0
2023-03-23 14:30:00-04:00,200.0,200.47999572753906,198.2899932861328,199.02499389648438,256299,0.0,0.0
2023-03-23 15:30:00-04:00,198.94000244140625,200.4499969482422,198.7550048828125,199.3000030517578,235807,0.0,0.0
2023-03-24 09:30:00-04:00,197.49000549316406,198.39999389648438,196.3800048828125,197.7100067138672,152721,0.0,0.0
2023-03-24 10:30:00-04:00,197.6750030517578,197.88999938964844,196.3300018310547,196.74000549316406,133562,0.0,0.0
2023-03-24 11:30:00-04:00,196.72999572753906,198.22500610351562,196.41000366210938,198.0500030517578,129513,0.0,0.0
2023-03-24 12:30:00-04:00,197.99000549316406,200.1300048828125,197.89999389648438,199.77999877929688,154866,0.0,0.0
2023-03-24 13:30:00-04:00,199.6999969482422,199.89500427246094,198.9759979248047,199.69500732421875,126612,0.0,0.0
2023-03-24 14:30:00-04:00,199.67999267578125,200.14500427246094,199.1300048828125,199.9149932861328,240892,0.0,0.0
2023-03-24 15:30:00-04:00,199.97000122070312,200.64500427246094,199.64999389648438,200.32000732421875,221256,0.0,0.0
2023-03-27 09:30:00-04:00,202.02999877929688,203.0,200.60000610351562,201.4199981689453,139170,0.0,0.0
2023-03-27 10:30:00-04:00,201.24000549316406,202.07000732421875,201.0449981689453,202.07000732421875,86274,0.0,0.0
2023-03-27 11:30:00-04:00,202.19000244140625,202.69000244140625,201.91000366210938,202.25120544433594,92820,0.0,0.0
2023-03-27 12:30:00-04:00,202.32000732421875,203.08999633789062,202.16000366210938,202.86500549316406,141525,0.0,0.0
2023-03-27 13:30:00-04:00,202.86500549316406,203.30999755859375,202.6300048828125,202.75999450683594,152056,0.0,0.0
2023-03-27 14:30:00-04:00,202.77000427246094,203.32000732421875,202.74000549316406,203.08999633789062,144500,0.0,0.0
2023-03-27 15:30:00-04:00,203.08999633789062,203.27999877929688,202.42999267578125,202.9499969482422,210224,0.0,0.0
2023-03-28 09:30:00-04:00,202.14999389648438,204.6300048828125,201.97999572753906,204.07000732421875,308855,0.0,0.0
2023-03-28 10:30:00-04:00,204.02000427246094,204.1999969482422,203.22000122070312,203.98500061035156,174560,0.0,0.0
2023-03-28 11:30:00-04:00,204.02000427246094,204.72000122070312,203.5050048828125,204.05999755859375,167584,0.0,0.0
2023-03-28 12:30:00-04:00,203.99000549316406,204.3699951171875,203.36000061035156,203.50999450683594,129598,0.0,0.0
2023-03-28 13:30:00-04:00,203.52499389648438,203.58999633789062,202.8000030517578,202.8000030517578,93372,0.0,0.0
2023-03-28 14:30:00-04:00,202.84500122070312,203.63999938964844,202.55999755859375,203.39630126953125,168704,0.0,0.0
2023-03-28 15:30:00-04:00,203.2899932861328,204.7100067138672,203.07000732421875,204.5,283240,0.0,0.0
2023-03-29 09:30:00-04:00,207.0399932861328,207.52999877929688,206.1750030517578,206.6199951171875,166708,0.0,0.0
2023-03-29 10:30:00-04:00,206.6999969482422,207.10000610351562,205.7928924560547,206.77999877929688,140859,0.0,0.0
2023-03-29 11:30:00-04:00,206.74000549316406,207.49000549316406,206.74000549316406,207.03500366210938,160108,0.0,0.0
2023-03-29 12:30:00-04:00,207.09500122070312,207.1999969482422,206.42999267578125,207.16000366210938,104168,0.0,0.0
2023-03-29 13:30:00-04:00,207.02000427246094,207.11000061035156,206.4600067138672,206.875,101197,0.0,0.0
2023-03-29 14:30:00-04:00,206.8300018310547,207.57000732421875,206.75999450683594,207.28770446777344,209034,0.0,0.0
2023-03-29 15:30:00-04:00,207.2100067138672,207.74000549316406,207.11000061035156,207.25,272285,0.0,0.0
2023-03-30 09:30:00-04:00,209.30999755859375,210.42999267578125,207.77000427246094,210.24000549316406,150716,0.0,0.0
2023-03-30 10:30:00-04:00,210.2100067138672,210.63999938964844,208.82000732421875,209.22000122070312,93978,0.0,0.0
2023-03-30 11:30:00-04:00,209.25259399414062,209.5399932861328,208.4499969482422,209.02000427246094,109316,0.0,0.0
2023-03-30 12:30:00-04:00,208.97999572753906,209.02000427246094,207.98500061035156,208.22999572753906,64637,0.0,0.0
2023-03-30 13:30:00-04:00,208.2100067138672,209.2449951171875,208.0500030517578,209.0,141204,0.0,0.0
2023-03-30 14:30:00-04:00,209.05999755859375,209.27999877929688,208.57000732421875,208.74000549316406,115520,0.0,0.0
2023-03-30 15:30:00-04:00,208.78250122070312,209.0,208.6300048828125,208.8300018310547,166273,0.0,0.0
2023-03-31 09:30:00-04:00,209.42999267578125,210.41000366210938,209.0,209.73309326171875,116757,0.0,0.0
2023-03-31 10:30:00-04:00,209.69000244140625,212.3699951171875,209.6750030517578,212.1999969482422,182885,0.0,0.0
2023-03-31 11:30:00-04:00,212.17999267578125,212.6699981689453,211.93789672851562,212.30999755859375,158808,0.0,0.0
2023-03-31 12:30:00-04:00,212.35000610351562,212.42999267578125,210.8000030517578,211.4290008544922,116971,0.0,0.0
2023-03-31 13:30:00-04:00,211.35499572753906,211.60000610351562,210.0050048828125,210.625,154453,0.0,0.0
2023-03-31 14:30:00-04:00,210.7100067138672,212.1999969482422,210.49000549316406,212.10000610351562,127185,0.0,0.0
2023-03-31 15:30:00-04:00,212.14999389648438,212.25,211.02000427246094,211.7899932861328,267518,0.0,0.0
2023-04-03 09:30:00-04:00,210.69000244140625,212.0399932861328,210.00999450683594,210.8249969482422,116681,0.0,0.0
2023-04-03 10:30:00-04:00,210.97000122070312,211.0,208.27999877929688,208.52999877929688,96859,0.0,0.0
2023-04-03 11:30:00-04:00,208.6199951171875,208.8699951171875,208.2205047607422,208.52000427246094,120087,0.0,0.0
2023-04-03 12:30:00-04:00,208.4550018310547,208.81500244140625,208.1300048828125,208.1300048828125,111115,0.0,0.0
2023-04-03 13:30:00-04:00,208.25,208.4481964111328,207.47000122070312,208.32000732421875,97023,0.0,0.0
2023-04-03 14:30:00-04:00,208.3000030517578,208.50999450683594,208.00999450683594,208.38999938964844,198068,0.0,0.0
2023-04-03 15:30:00-04:00,208.4499969482422,208.77999877929688,208.22000122070312,208.6999969482422,184622,0.0,0.0
2023-04-04 09:30:00-04:00,210.08999633789062,210.375,206.11000061035156,206.13999938964844,398478,0.0,0.0
2023-04-04 10:30:00-04:00,206.19749450683594,207.55999755859375,206.19000244140625,207.25999450683594,156762,0.0,0.0
2023-04-04 11:30:00-04:00,207.22000122070312,207.3000030517578,204.74000549316406,205.51499938964844,194995,0.0,0.0
2023-04-04 12:30:00-04:00,205.60000610351562,205.83999633789062,205.18499755859375,205.42999267578125,369852,0.0,0.0
2023-04-04 13:30:00-04:00,205.5,205.5500030517578,204.0,204.10000610351562,353962,0.0,0.0
2023-04-04 14:30:00-04:00,204.1699981689453,205.0,204.0399932861328,204.5399932861328,229242,0.0,0.0
2023-04-04 15:30:00-04:00,204.5500030517578,205.22500610351562,204.2899932861328,205.00999450683594,544638,0.0,0.0
2023-04-05 09:30:00-04:00,205.0,205.6999969482422,203.88479614257812,203.9550018310547,380503,0.0,0.0
2023-04-05 10:30:00-04:00,204.24009704589844,204.8000030517578,203.75,204.1999969482422,98534,0.0,0.0
2023-04-05 11:30:00-04:00,204.2050018310547,204.72000122070312,203.33999633789062,203.58999633789062,114895,0.0,0.0
2023-04-05 12:30:00-04:00,203.60000610351562,203.97999572753906,202.9149932861328,203.50999450683594,97360,0.0,0.0
2023-04-05 13:30:00-04:00,203.46499633789062,204.21499633789062,203.2899932861328,203.3000030517578,127710,0.0,0.0
2023-04-05 14:30:00-04:00,203.3300018310547,203.5749969482422,202.72999572753906,202.91000366210938,247746,0.0,0.0
2023-04-05 15:30:00-04:00,202.9199981689453,203.42999267578125,202.66000366210938,202.8699951171875,1012119,0.0,0.0
2023-04-06 09:30:00-04:00,203.3699951171875,203.9600067138672,202.12010192871094,203.44000244140625,305181,0.0,0.0
2023-04-06 10:30:00-04:00,203.41000366210938,204.16000366210938,202.97999572753906,203.86000061035156,285208,0.0,0.0
2023-04-06 11:30:00-04:00,203.8699951171875,204.39999389648438,203.63999938964844,204.0449981689453,326126,0.0,0.0
2023-04-06 12:30:00-04:00,204.0449981689453,204.2100067138672,203.7899932861328,203.875,203082,0.0,0.0
2023-04-06 13:30:00-04:00,203.89999389648438,204.52999877929688,203.52999877929688,204.15499877929688,285288,0.0,0.0
2023-04-06 14:30:00-04:00,204.15499877929688,204.69000244140625,203.8699951171875,204.5500030517578,451034,0.0,0.0
2023-04-06 15:30:00-04:00,204.5500030517578,205.8000030517578,204.3000030517578,205.41000366210938,410790,0.0,0.0
2023-04-10 09:30:00-04:00,203.6300048828125,204.8946075439453,202.9600067138672,203.13999938964844,244890,0.0,0.0
2023-04-10 10:30:00-04:00,203.15499877929688,203.69500732421875,203.14999389648438,203.5,280197,0.0,0.0
2023-04-10 11:30:00-04:00,203.5050048828125,203.50999450683594,202.50999450683594,202.82000732421875,127867,0.0,0.0
2023-04-10 12:30:00-04:00,202.8300018310547,203.0050048828125,202.57000732421875,202.91000366210938,380475,0.0,0.0
2023-04-10 13:30:00-04:00,202.99000549316406,203.0,202.27999877929688,202.59500122070312,330315,0.0,0.0
2023-04-10 14:30:00-04:00,202.59500122070312,202.81100463867188,202.13999938964844,202.14999389648438,268025,0.0,0.0
2023-04-10 15:30:00-04:00,202.19000244140625,202.47000122070312,201.92010498046875,202.2899932861328,604819,0.0,0.0
2023-04-11 09:30:00-04:00,203.77999877929688,205.02999877929688,203.68499755859375,204.5,298216,0.0,0.0
2023-04-11 10:30:00-04:00,204.4600067138672,204.66000366210938,204.02999877929688,204.5399932861328,137399,0.0,0.0
2023-04-11 11:30:00-04:00,204.47999572753906,204.6699981689453,204.24000549316406,204.39999389648438,146998,0.0,0.0
2023-04-11 12:30:00-04:00,204.4550018310547,206.51499938964844,204.24000549316406,206.3350067138672,417714,0.0,0.0
2023-04-11 13:30:00-04:00,206.3350067138672,206.81500244140625,206.13999938964844,206.35499572753906,162828,0.0,0.0
2023-04-11 14:30:00-04:00,206.38999938964844,206.43499755859375,205.8699951171875,206.14149475097656,352063,0.0,0.0
2023-04-11 15:30:00-04:00,206.1750030517578,206.30999755859375,205.0800018310547,205.86000061035156,459159,0.0,0.0
2023-04-12 09:30:00-04:00,207.24000549316406,208.7550048828125,206.50999450683594,208.03500366210938,214007,0.0,0.0
2023-04-12 10:30:00-04:00,208.07000732421875,208.07000732421875,206.61000061035156,207.3249969482422,105886,0.0,0.0
2023-04-12 11:30:00-04:00,207.32000732421875,207.4149932861328,206.34500122070312,206.50999450683594,92815,0.0,0.0
2023-04-12 12:30:00-04:00,206.52499389648438,207.36000061035156,206.3699951171875,207.24000549316406,58887,0.0,0.0
2023-04-12 13:30:00-04:00,207.25,207.91000366210938,207.05999755859375,207.27499389648438,108621,0.0,0.0
2023-04-12 14:30:00-04:00,207.2949981689453,207.2949981689453,205.63999938964844,205.67999267578125,96559,0.0,0.0
2023-04-12 15:30:00-04:00,205.6699981689453,206.41000366210938,205.6699981689453,206.39999389648438,225351,0.0,0.0
2023-04-13 09:30:00-04:00,206.82000732421875,206.82000732421875,204.9550018310547,206.47000122070312,185550,0.0,0.0
2023-04-13 10:30:00-04:00,206.52000427246094,206.77999877929688,205.86000061035156,206.47000122070312,118854,0.0,0.0
2023-04-13 11:30:00-04:00,206.47999572753906,206.7899932861328,206.03500366210938,206.5500030517578,90062,0.0,0.0
2023-04-13 12:30:00-04:00,206.6300048828125,207.4199981689453,206.49000549316406,207.1750030517578,85130,0.0,0.0
2023-04-13 13:30:00-04:00,207.1667022705078,207.63999938964844,207.1300048828125,207.25999450683594,156629,0.0,0.0
2023-04-13 14:30:00-04:00,207.2899932861328,207.61000061035156,207.10000610351562,207.13499450683594,154607,0.0,0.0
2023-04-13 15:30:00-04:00,207.19500732421875,207.24000549316406,206.6300048828125,207.0,294902,0.0,0.0
2023-04-14 09:30:00-04:00,207.24000549316406,209.5399932861328,207.24000549316406,208.2899932861328,327836,0.0,0.0
2023-04-14 10:30:00-04:00,208.39999389648438,208.52999877929688,207.19000244140625,207.4199981689453,152088,0.0,0.0
2023-04-14 11:30:00-04:00,207.4199981689453,207.59500122070312,206.77999877929688,207.30999755859375,101229,0.0,0.0
2023-04-14 12:30:00-04:00,207.25999450683594,207.38999938964844,206.7100067138672,206.8699951171875,104317,0.0,0.0
2023-04-14 13:30:00-04:00,206.88999938964844,207.35000610351562,206.52999877929688,207.22999572753906,105808,0.0,0.0
2023-04-14 14:30:00-04:00,207.25999450683594,207.47000122070312,206.76499938964844,207.0800018310547,139395,0.0,0.0
2023-04-14 15:30:00-04:00,207.0800018310547,207.69000244140625,207.02499389648438,207.58999633789062,301040,0.0,0.0
2023-04-17 09:30:00-04:00,208.3300018310547,209.05999755859375,207.59500122070312,208.3000030517578,152678,0.0,0.0
2023-04-17 10:30:00-04:00,208.30999755859375,208.40499877929688,207.63999938964844,207.93499755859375,106598,0.0,0.0
2023-04-17 11:30:00-04:00,207.99000549316406,208.27999877929688,207.5,208.15499877929688,107314,0.0,0.0
2023-04-17 12:30:00-04:00,208.15499877929688,208.41000366210938,207.69000244140625,207.9250030517578,80329,0.0,0.0
2023-04-17 13:30:00-04:00,207.99000549316406,208.0688018798828,207.39999389648438,207.9600067138672,82653,0.0,0.0
2023-04-17 14:30:00-04:00,207.9600067138672,209.9949951171875,207.9199981689453,209.8249969482422,244482,0.0,0.0
2023-04-17 15:30:00-04:00,209.8249969482422,209.99000549316406,209.16000366210938,209.7100067138672,255759,0.0,0.0
2023-04-18 09:30:00-04:00,210.02000427246094,211.89990234375,209.80999755859375,210.19000244140625,142667,0.0,0.0
2023-04-18 10:30:00-04:00,210.11000061035156,210.2899932861328,209.10000610351562,209.6300048828125,112526,0.0,0.0
2023-04-18 11:30:00-04:00,209.6300048828125,210.3300018310547,209.25,210.21499633789062,106143,0.0,0.0
2023-04-18 12:30:00-04:00,210.22000122070312,210.36000061035156,209.48019409179688,209.81500244140625,111845,0.0,0.0
2023-04-18 13:30:00-04:00,209.75,209.96499633789062,209.1999969482422,209.52999877929688,127026,0.0,0.0
2023-04-18 14:30:00-04:00,209.52499389648438,210.0449981689453,209.1699981689453,209.6300048828125,151655,0.0,0.0
2023-04-18 15:30:00-04:00,209.61500549316406,209.94000244140625,209.3300018310547,209.58999633789062,292578,0.0,0.0
2023-04-19 09:30:00-04:00,208.5500030517578,209.64999389648438,208.4499969482422,209.36000061035156,102203,0.0,0.0
2023-04-19 10:30:00-04:00,209.32000732421875,209.6300048828125,208.9499969482422,209.25,70721,0.0,0.0
2023-04-19 11:30:00-04:00,209.25,209.38999938964844,208.88999938964844,209.0800018310547,114294,0.0,0.0
2023-04-19 12:30:00-04:00,209.1699981689453,210.02000427246094,209.02000427246094,209.75999450683594,91320,0.0,0.0
2023-04-19 13:30:00-04:00,209.8249969482422,210.47999572753906,209.6300048828125,210.38999938964844,77679,0.0,0.0
2023-04-19 14:30:00-04:00,210.38999938964844,210.4199981689453,209.5,209.5279998779297,133291,0.0,0.0
2023-04-19 15:30:00-04:00,209.5,209.88999938964844,209.1199951171875,209.86000061035156,274456,0.0,0.0
2023-04-20 09:30:00-04:00,209.91000366210938,212.8800048828125,209.91000366210938,211.3000030517578,140670,0.0,0.0
2023-04-20 10:30:00-04:00,211.08999633789062,212.57000732421875,210.9824981689453,212.3000030517578,104567,0.0,0.0
2023-04-20 11:30:00-04:00,212.26499938964844,213.2449951171875,212.19000244140625,212.57000732421875,108260,0.0,0.0
2023-04-20 12:30:00-04:00,212.47999572753906,213.08999633789062,212.3300018310547,212.7550048828125,71611,0.0,0.0
2023-04-20 13:30:00-04:00,212.7899932861328,213.35000610351562,212.3249969482422,212.36000061035156,136840,0.0,0.0
2023-04-20 14:30:00-04:00,212.34500122070312,212.3699951171875,211.57000732421875,211.61000061035156,162401,0.0,0.0
2023-04-20 15:30:00-04:00,211.66000366210938,211.9425048828125,211.02000427246094,211.89999389648438,210613,0.0,0.0
2023-04-21 09:30:00-04:00,212.5500030517578,215.17999267578125,212.1699981689453,212.66000366210938,279208,0.0,0.0
2023-04-21 10:30:00-04:00,212.6699981689453,213.06500244140625,211.66000366210938,212.58419799804688,112182,0.0,0.0
2023-04-21 11:30:00-04:00,212.58999633789062,212.96499633789062,211.89999389648438,211.98500061035156,97884,0.0,0.0
2023-04-21 12:30:00-04:00,212.0500030517578,212.8699951171875,211.42999267578125,212.38999938964844,133898,0.0,0.0
2023-04-21 13:30:00-04:00,212.3800048828125,213.16000366210938,212.27000427246094,212.4149932861328,123046,0.0,0.0
2023-04-21 14:30:00-04:00,212.33999633789062,212.38999938964844,211.7050018310547,211.89999389648438,144895,0.0,0.0
2023-04-21 15:30:00-04:00,211.875,212.61000061035156,211.58999633789062,211.6300048828125,550921,0.0,0.0
2023-04-24 09:30:00-04:00,211.625,212.85499572753906,210.9600067138672,212.7100067138672,88561,0.0,0.0
2023-04-24 10:30:00-04:00,212.875,213.00999450683594,211.1699981689453,211.25999450683594,96902,0.0,0.0
2023-04-24 11:30:00-04:00,211.24920654296875,211.9250030517578,210.99000549316406,211.77999877929688,94254,0.0,0.0
2023-04-24 12:30:00-04:00,211.8000030517578,211.94500732421875,211.36000061035156,211.6699981689453,72908,0.0,0.0
2023-04-24 13:30:00-04:00,211.6699981689453,211.9949951171875,211.39999389648438,211.57000732421875,78629,0.0,0.0
2023-04-24 14:30:00-04:00,211.64999389648438,212.23989868164062,211.5399932861328,211.80999755859375,83248,0.0,0.0
2023-04-24 15:30:00-04:00,211.77999877929688,211.97999572753906,211.1699981689453,211.9600067138672,199336,0.0,0.0
2023-04-25 09:30:00-04:00,210.0,210.18499755859375,206.4600067138672,207.22950744628906,126834,0.0,0.0
2023-04-25 10:30:00-04:00,207.0800018310547,208.47999572753906,206.93099975585938,208.1300048828125,98044,0.0,0.0
2023-04-25 11:30:00-04:00,208.0500030517578,208.63499450683594,207.35800170898438,208.27999877929688,94837,0.0,0.0
2023-04-25 12:30:00-04:00,208.3000030517578,208.4199981689453,206.875,207.13999938964844,85653,0.0,0.0
2023-04-25 13:30:00-04:00,207.07000732421875,207.15499877929688,206.38999938964844,206.6699981689453,105468,0.0,0.0
2023-04-25 14:30:00-04:00,206.61000061035156,206.80999755859375,206.17999267578125,206.44000244140625,185688,0.0,0.0
2023-04-25 15:30:00-04:00,206.4499969482422,207.3000030517578,206.1699981689453,207.0800018310547,347859,0.0,0.0
2023-04-26 09:30:00-04:00,205.0,207.7449951171875,204.30499267578125,205.77000427246094,536355,0.0,0.0
2023-04-26 10:30:00-04:00,205.77499389648438,206.1999969482422,204.1802978515625,206.17999267578125,182995,0.0,0.0
2023-04-26 11:30:00-04:00,206.19500732421875,206.3699951171875,204.24000549316406,204.35000610351562,105849,0.0,0.0
2023-04-26 12:30:00-04:00,204.35000610351562,205.22999572753906,204.0800018310547,204.24000549316406,125165,0.0,0.0
2023-04-26 13:30:00-04:00,204.19500732421875,204.19500732421875,202.22000122070312,202.82000732421875,114933,0.0,0.0
2023-04-26 14:30:00-04:00,202.77999877929688,202.8300018310547,200.44000244140625,200.4550018310547,191931,0.0,0.0
2023-04-26 15:30:00-04:00,200.4550018310547,201.4499969482422,200.27999877929688,201.0500030517578,332500,0.0,0.0
2023-04-27 09:30:00-04:00,200.89999389648438,201.98500061035156,199.02999877929688,199.0800018310547,140920,0.0,0.0
2023-04-27 10:30:00-04:00,199.0800018310547,199.1699981689453,197.8300018310547,198.9600067138672,156151,0.0,0.0
2023-04-27 11:30:00-04:00,198.92999267578125,200.8000030517578,198.59500122070312,200.68499755859375,111408,0.0,0.0
2023-04-27 12:30:00-04:00,200.75999450683594,201.47999572753906,200.55999755859375,200.75,66573,0.0,0.0
2023-04-27 13:30:00-04:00,200.6999969482422,201.2404022216797,200.17999267578125,200.61000061035156,205396,0.0,0.0
2023-04-27 14:30:00-04:00,200.6300048828125,201.67999267578125,200.49000549316406,201.03250122070312,159163,0.0,0.0
2023-04-27 15:30:00-04:00,201.03500366210938,201.32000732421875,200.6300048828125,200.83999633789062,284015,0.0,0.0
2023-04-28 09:30:00-04:00,199.63999938964844,205.6999969482422,199.5399932861328,202.88999938964844,165223,0.0,0.0
2023-04-28 10:30:00-04:00,202.8800048828125,204.0050048828125,201.375,203.94500732421875,150746,0.0,0.0
2023-04-28 11:30:00-04:00,204.02999877929688,204.77499389648438,203.80999755859375,204.64500427246094,65642,0.0,0.0
2023-04-28 12:30:00-04:00,204.69900512695312,204.85000610351562,204.1999969482422,204.33999633789062,67785,0.0,0.0
2023-04-28 13:30:00-04:00,204.375,204.375,202.0800018310547,202.5500030517578,87300,0.0,0.0
2023-04-28 14:30:00-04:00,202.49000549316406,202.64999389648438,201.86000061035156,202.3699951171875,68219,0.0,0.0
2023-04-28 15:30:00-04:00,202.3699951171875,203.05999755859375,202.30999755859375,203.00999450683594,243149,0.0,0.0
2023-05-01 09:30:00-04:00,203.1699981689453,206.1300048828125,203.1699981689453,204.9199981689453,162710,0.0,0.0
2023-05-01 10:30:00-04:00,204.96499633789062,206.96029663085938,204.75,206.96029663085938,183597,0.0,0.0
2023-05-01 11:30:00-04:00,206.8800048828125,208.82839965820312,206.75,208.5399932861328,230071,0.0,0.0
2023-05-01 12:30:00-04:00,208.48080444335938,209.14999389648438,208.30999755859375,208.64999389648438,212628,0.0,0.0
2023-05-01 13:30:00-04:00,208.69000244140625,208.9199981689453,208.32000732421875,208.60000610351562,164450,0.0,0.0
2023-05-01 14:30:00-04:00,208.60000610351562,208.81500244140625,207.8800048828125,208.78500366210938,213162,0.0,0.0
2023-05-01 15:30:00-04:00,208.73500061035156,209.19500732421875,208.5399932861328,208.6199951171875,352452,0.0,0.0
2023-05-02 09:30:00-04:00,207.4199981689453,208.28500366210938,203.94000244140625,204.02999877929688,214425,0.0,0.0
2023-05-02 10:30:00-04:00,204.26499938964844,204.74000549316406,202.38999938964844,203.30999755859375,187225,0.0,0.0
2023-05-02 11:30:00-04:00,203.3699951171875,205.23500061035156,203.1300048828125,205.0850067138672,179834,0.0,0.0
2023-05-02 12:30:00-04:00,205.0850067138672,205.0850067138672,204.0399932861328,204.7050018310547,81985,0.0,0.0
2023-05-02 13:30:00-04:00,204.72000122070312,205.72000122070312,203.4499969482422,203.61000061035156,140377,0.0,0.0
2023-05-02 14:30:00-04:00,203.6300048828125,205.16000366210938,203.4499969482422,204.75250244140625,172229,0.0,0.0
2023-05-02 15:30:00-04:00,204.75,205.0050048828125,203.8000030517578,203.89999389648438,259744,0.0,0.0
2023-05-03 09:30:00-04:00,204.99000549316406,206.82000732421875,204.43699645996094,206.19000244140625,150154,0.0,0.0
2023-05-03 10:30:00-04:00,206.27000427246094,206.32000732421875,204.82000732421875,205.50999450683594,207391,0.0,0.0
2023-05-03 11:30:00-04:00,205.47000122070312,206.3300018310547,205.38999938964844,205.69000244140625,119634,0.0,0.0
2023-05-03 12:30:00-04:00,205.69500732421875,206.4600067138672,205.5,206.1199951171875,86704,0.0,0.0
2023-05-03 13:30:00-04:00,206.16000366210938,206.24000549316406,204.9949951171875,205.23500061035156,79626,0.0,0.0
2023-05-03 14:30:00-04:00,205.17999267578125,206.08999633789062,203.74000549316406,204.1750030517578,117370,0.0,0.0
2023-05-03 15:30:00-04:00,204.1750030517578,204.5,202.8300018310547,202.9600067138672,249194,0.0,0.0
2023-05-04 09:30:00-04:00,200.72999572753906,202.8000030517578,199.49000549316406,200.66000366210938,126116,0.0,0.0
2023-05-04 10:30:00-04:00,200.5399932861328,202.44000244140625,200.07000732421875,201.37010192871094,157909,0.0,0.0
2023-05-04 11:30:00-04:00,201.5800018310547,201.89999389648438,200.20289611816406,201.4199981689453,122452,0.0,0.0
2023-05-04 12:30:00-04:00,201.47500610351562,202.4600067138672,200.80499267578125,202.14999389648438,80248,0.0,0.0
2023-05-04 13:30:00-04:00,202.1199951171875,202.5850067138672,201.64390563964844,202.25999450683594,138599,0.0,0.0
2023-05-04 14:30:00-04:00,202.17999267578125,203.72000122070312,202.02999877929688,203.52999877929688,190227,0.0,0.0
2023-05-04 15:30:00-04:00,203.50999450683594,203.97000122070312,203.42999267578125,203.92999267578125,278914,0.0,0.0
2023-05-05 09:30:00-04:00,205.50999450683594,209.5,205.0749969482422,208.02999877929688,205273,0.0,0.0
2023-05-05 10:30:00-04:00,208.0800018310547,208.42999267578125,207.44000244140625,208.30999755859375,102906,0.0,0.0
2023-05-05 11:30:00-04:00,208.3699951171875,208.88999938964844,207.72000122070312,208.64500427246094,151534,0.0,0.0
2023-05-05 12:30:00-04:00,208.55999755859375,209.33999633789062,208.05990600585938,209.1300048828125,116770,0.0,0.0
2023-05-05 13:30:00-04:00,209.16000366210938,209.8800048828125,208.9199981689453,209.77999877929688,90910,0.0,0.0
2023-05-05 14:30:00-04:00,209.7899932861328,210.75,209.30999755859375,209.52499389648438,127383,0.0,0.0
2023-05-05 15:30:00-04:00,209.52999877929688,209.58999633789062,208.5399932861328,208.97000122070312,177247,0.0,0.0
2023-05-08 09:30:00-04:00,209.9199981689453,210.97000122070312,208.66000366210938,208.86000061035156,154882,0.0,0.0
2023-05-08 10:30:00-04:00,208.94000244140625,209.10000610351562,207.87159729003906,207.98500061035156,73899,0.0,0.0
2023-05-08 11:30:00-04:00,207.91000366210938,208.52000427246094,207.38999938964844,208.0,108249,0.0,0.0
2023-05-08 12:30:00-04:00,208.02999877929688,208.17999267578125,206.72999572753906,207.17999267578125,82159,0.0,0.0
2023-05-08 13:30:00-04:00,207.22999572753906,208.1999969482422,206.80999755859375,208.05999755859375,66442,0.0,0.0
2023-05-08 14:30:00-04:00,208.1300048828125,208.1999969482422,206.97999572753906,207.0800018310547,77757,0.0,0.0
2023-05-08 15:30:00-04:00,207.10000610351562,207.86500549316406,206.97999572753906,207.07000732421875,297697,0.0,0.0
2023-05-09 09:30:00-04:00,205.6699981689453,206.27999877929688,204.66000366210938,206.27999877929688,75223,0.0,0.0
2023-05-09 10:30:00-04:00,206.19000244140625,208.17999267578125,205.90499877929688,208.13999938964844,117437,0.0,0.0
2023-05-09 11:30:00-04:00,208.14999389648438,208.69000244140625,207.66000366210938,208.13999938964844,105002,0.0,0.0
2023-05-09 12:30:00-04:00,208.14999389648438,208.75999450683594,207.97999572753906,208.28500366210938,109899,0.0,0.0
2023-05-09 13:30:00-04:00,208.22999572753906,208.75,207.8699951171875,208.46249389648438,65198,0.0,0.0
2023-05-09 14:30:00-04:00,208.4687957763672,208.93499755859375,208.44000244140625,208.80999755859375,97905,0.0,0.0
2023-05-09 15:30:00-04:00,208.8000030517578,208.90249633789062,208.1699981689453,208.4199981689453,236463,0.0,0.0
2023-05-10 09:30:00-04:00,209.7899932861328,210.47999572753906,208.19000244140625,208.76499938964844,438414,0.0,0.0
2023-05-10 10:30:00-04:00,208.77999877929688,209.22000122070312,207.63999938964844,208.94000244140625,51816,0.0,0.0
2023-05-10 11:30:00-04:00,208.97000122070312,209.44000244140625,207.6199951171875,207.6699981689453,125572,0.0,0.0
2023-05-10 12:30:00-04:00,207.6999969482422,207.6999969482422,206.02000427246094,206.2100067138672,97421,0.0,0.0
2023-05-10 13:30:00-04:00,206.14999389648438,207.36000061035156,206.13999938964844,207.27000427246094,71475,0.0,0.0
2023-05-10 14:30:00-04:00,207.35000610351562,208.5800018310547,207.14999389648438,208.35499572753906,126891,0.0,0.0
2023-05-10 15:30:00-04:00,208.33999633789062,209.09500122070312,208.21499633789062,208.3800048828125,262370,0.0,0.0
2023-05-11 09:30:00-04:00,209.27000427246094,211.30999755859375,207.0500946044922,207.8531951904297,507083,0.0,0.0
2023-05-11 10:30:00-04:00,208.07000732421875,209.86000061035156,207.85000610351562,208.9499969482422,132857,0.0,0.0
2023-05-11 11:30:00-04:00,208.97999572753906,209.5800018310547,208.7449951171875,209.21099853515625,78475,0.0,0.0
2023-05-11 12:30:00-04:00,209.19000244140625,209.73500061035156,209.13250732421875,209.41000366210938,101549,0.0,0.0
2023-05-11 13:30:00-04:00,209.3800048828125,209.8699951171875,209.00999450683594,209.7949981689453,105765,0.0,0.0
2023-05-11 14:30:00-04:00,209.8699951171875,210.52999877929688,209.71499633789062,210.44000244140625,125185,0.0,0.0
2023-05-11 15:30:00-04:00,210.4199981689453,210.7100067138672,210.17999267578125,210.24000549316406,269568,0.0,0.0
2023-05-12 09:30:00-04:00,211.41000366210938,211.41000366210938,209.92999267578125,210.8000030517578,102620,0.0,0.0
2023-05-12 10:30:00-04:00,210.75999450683594,211.9499969482422,210.60000610351562,211.25999450683594,220787,0.0,0.0
2023-05-12 11:30:00-04:00,211.26499938964844,211.38999938964844,209.87939453125,210.07249450683594,110677,0.0,0.0
2023-05-12 12:30:00-04:00,210.07000732421875,210.4199981689453,209.61000061035156,210.39500427246094,87029,0.0,0.0
2023-05-12 13:30:00-04:00,210.4600067138672,210.6699981689453,210.02999877929688,210.4499969482422,134807,0.0,0.0
2023-05-12 14:30:00-04:00,210.47999572753906,211.22000122070312,210.13999938964844,211.0399932861328,212386,0.0,0.0
2023-05-12 15:30:00-04:00,211.05999755859375,212.02000427246094,211.00999450683594,211.9199981689453,213531,0.0,0.0
2023-05-15 09:30:00-04:00,212.5500030517578,213.52999877929688,210.99000549316406,212.3300018310547,141255,0.0,0.0
2023-05-15 10:30:00-04:00,212.4199981689453,214.57000732421875,212.4199981689453,214.05499267578125,214112,0.0,0.0
2023-05-15 11:30:00-04:00,214.0500030517578,214.1199951171875,212.1699981689453,212.7899932861328,109601,0.0,0.0
2023-05-15 12:30:00-04:00,212.77420043945312,214.42999267578125,212.59500122070312,214.02999877929688,108505,0.0,0.0
2023-05-15 13:30:00-04:00,214.00999450683594,214.3000030517578,213.1300048828125,213.24000549316406,86292,0.0,0.0
2023-05-15 14:30:00-04:00,213.3300018310547,214.05499267578125,213.27999877929688,213.72000122070312,115432,0.0,0.0
2023-05-15 15:30:00-04:00,213.71499633789062,213.75,212.82000732421875,212.97000122070312,228576,0.0,0.0
2023-05-16 09:30:00-04:00,213.25999450683594,213.25999450683594,211.74000549316406,212.64999389648438,214546,0.0,0.0
2023-05-16 10:30:00-04:00,212.7899932861328,213.47999572753906,212.05999755859375,212.77000427246094,112161,0.0,0.0
2023-05-16 11:30:00-04:00,212.75,213.16000366210938,212.08050537109375,212.91000366210938,92556,0.0,0.0
2023-05-16 12:30:00-04:00,212.9499969482422,213.2100067138672,212.5399932861328,212.5500030517578,88902,0.0,0.0
2023-05-16 13:30:00-04:00,212.58999633789062,212.9600067138672,211.89999389648438,212.89999389648438,90771,0.0,0.0
2023-05-16 14:30:00-04:00,212.92999267578125,213.66000366210938,212.67999267578125,213.5800018310547,139813,0.0,0.0
2023-05-16 15:30:00-04:00,213.5800018310547,213.61000061035156,212.41000366210938,212.44000244140625,245954,0.0,0.0
2023-05-17 09:30:00-04:00,213.85000610351562,215.9199981689453,213.13999938964844,214.27000427246094,300695,0.0,0.0
2023-05-17 10:30:00-04:00,214.25,215.3800048828125,214.14999389648438,214.64999389648438,133132,0.0,0.0
2023-05-17 11:30:00-04:00,214.64999389648438,214.7899932861328,213.30999755859375,213.88999938964844,90913,0.0,0.0
2023-05-17 12:30:00-04:00,213.91000366210938,216.13999938964844,213.91000366210938,215.97999572753906,149413,0.0,0.0
2023-05-17 13:30:00-04:00,215.9196014404297,216.77000427246094,215.9196014404297,216.22999572753906,155894,0.0,0.0
2023-05-17 14:30:00-04:00,216.22999572753906,216.42999267578125,214.90750122070312,215.00999450683594,126616,0.0,0.0
2023-05-17 15:30:00-04:00,215.00750732421875,215.61000061035156,214.8699951171875,215.02999877929688,242846,0.0,0.0
2023-05-18 09:30:00-04:00,214.08999633789062,215.7100067138672,213.8000030517578,214.7050018310547,254260,0.0,0.0
2023-05-18 10:30:00-04:00,214.91000366210938,215.47999572753906,213.52999877929688,213.5500030517578,164896,0.0,0.0
2023-05-18 11:30:00-04:00,213.52999877929688,213.52999877929688,208.6699981689453,212.2158966064453,555722,0.0,0.0
2023-05-18 12:30:00-04:00,212.25,214.4600067138672,212.02000427246094,213.9600067138672,252718,0.0,0.0
2023-05-18 13:30:00-04:00,213.88999938964844,214.86000061035156,213.02000427246094,214.73500061035156,165135,0.0,0.0
2023-05-18 14:30:00-04:00,214.8000030517578,215.6199951171875,214.67999267578125,215.44000244140625,218667,0.0,0.0
2023-05-18 15:30:00-04:00,215.4199981689453,216.66000366210938,215.41000366210938,216.08999633789062,333710,0.0,0.0
2023-05-19 09:30:00-04:00,217.8000030517578,217.82000732421875,216.02999877929688,217.0800018310547,149962,0.0,0.0
2023-05-19 10:30:00-04:00,217.0800018310547,218.14999389648438,216.6199951171875,216.68499755859375,352314,0.0,0.0
2023-05-19 11:30:00-04:00,216.5500030517578,217.35000610351562,216.10000610351562,216.61000061035156,306343,0.0,0.0
2023-05-19 12:30:00-04:00,216.56500244140625,218.7449951171875,216.14999389648438,217.1699981689453,260194,0.0,0.0
2023-05-19 13:30:00-04:00,217.14999389648438,217.44000244140625,216.42999267578125,217.15499877929688,198426,0.0,0.0
2023-05-19 14:30:00-04:00,217.14500427246094,218.2100067138672,217.06149291992188,217.8249969482422,245222,0.0,0.0
2023-05-19 15:30:00-04:00,217.8000030517578,218.14999389648438,217.61000061035156,217.74000549316406,294150,0.0,0.0
2023-05-22 09:30:00-04:00,223.94000244140625,223.99000549316406,217.74000549316406,218.77999877929688,613906,0.0,0.0
2023-05-22 10:30:00-04:00,218.83999633789062,219.08999633789062,217.19000244140625,219.00999450683594,197865,0.0,0.0
2023-05-22 11:30:00-04:00,219.02999877929688,220.83999633789062,218.94000244140625,220.00100708007812,208958,0.0,0.0
2023-05-22 12:30:00-04:00,220.052001953125,220.32200622558594,218.75999450683594,218.99000549316406,111474,0.0,0.0
2023-05-22 13:30:00-04:00,218.91000366210938,219.48500061035156,218.64500427246094,219.2274932861328,97566,0.0,0.0
2023-05-22 14:30:00-04:00,219.31500244140625,219.59500122070312,218.67999267578125,219.2050018310547,127343,0.0,0.0
2023-05-22 15:30:00-04:00,219.19000244140625,219.21499633789062,218.16000366210938,218.25,259134,0.0,0.0
2023-05-23 09:30:00-04:00,217.22999572753906,218.5,215.1699981689453,215.9199981689453,374633,0.0,0.0
2023-05-23 10:30:00-04:00,215.9199981689453,216.3350067138672,214.35000610351562,215.6750030517578,288470,0.0,0.0
2023-05-23 11:30:00-04:00,215.6750030517578,216.13999938964844,215.44000244140625,215.625,144524,0.0,0.0
2023-05-23 12:30:00-04:00,215.67999267578125,215.89149475097656,215.25,215.33999633789062,140829,0.0,0.0
2023-05-23 13:30:00-04:00,215.3249969482422,215.3249969482422,212.3000030517578,212.50999450683594,276775,0.0,0.0
2023-05-23 14:30:00-04:00,212.55999755859375,215.10000610351562,212.47999572753906,214.83999633789062,380239,0.0,0.0
2023-05-23 15:30:00-04:00,214.8300018310547,215.00999450683594,213.6199951171875,214.11000061035156,546846,0.0,0.0
2023-05-24 09:30:00-04:00,212.64999389648438,214.85000610351562,209.5500030517578,211.5399932861328,208363,0.0,0.0
2023-05-24 10:30:00-04:00,211.6199951171875,212.0850067138672,210.82000732421875,211.16000366210938,145502,0.0,0.0
2023-05-24 11:30:00-04:00,211.1699981689453,211.6699981689453,210.82000732421875,211.03500366210938,145081,0.0,0.0
2023-05-24 12:30:00-04:00,210.9499969482422,211.5500030517578,210.91000366210938,211.00999450683594,70223,0.0,0.0
2023-05-24 13:30:00-04:00,211.00999450683594,211.69000244140625,210.8000030517578,211.27999877929688,154538,0.0,0.0
2023-05-24 14:30:00-04:00,211.32000732421875,212.91000366210938,211.2899932861328,212.77499389648438,150308,0.0,0.0
2023-05-24 15:30:00-04:00,212.75999450683594,213.09500122070312,210.9499969482422,211.08999633789062,223028,0.0,0.0
2023-05-25 09:30:00-04:00,210.22999572753906,212.27999877929688,209.9199981689453,211.16610717773438,156703,0.0,0.0
2023-05-25 10:30:00-04:00,210.77999877929688,210.98500061035156,209.9149932861328,210.22000122070312,171310,0.0,0.0
2023-05-25 11:30:00-04:00,210.14999389648438,211.4499969482422,209.90499877929688,210.75579833984375,84331,0.0,0.0
2023-05-25 12:30:00-04:00,210.83999633789062,211.1199951171875,210.22999572753906,211.0800018310547,53245,0.0,0.0
2023-05-25 13:30:00-04:00,211.07000732421875,211.77000427246094,210.7899932861328,211.49000549316406,63383,0.0,0.0
2023-05-25 14:30:00-04:00,211.35000610351562,211.97000122070312,210.5399932861328,211.86000061035156,104237,0.0,0.0
2023-05-25 15:30:00-04:00,211.8350067138672,212.2100067138672,211.16000366210938,211.3000030517578,176952,0.0,0.0
2023-05-26 09:30:00-04:00,211.22000122070312,212.0399932861328,209.75999450683594,211.38999938964844,126015,0.0,0.0
2023-05-26 10:30:00-04:00,211.42999267578125,211.5399932861328,210.4199981689453,210.52999877929688,107740,0.0,0.0
2023-05-26 11:30:00-04:00,210.5800018310547,211.50999450683594,210.36500549316406,210.77000427246094,102107,0.0,0.0
2023-05-26 12:30:00-04:00,210.8000030517578,211.0,209.6300048828125,209.8249969482422,96076,0.0,0.0
2023-05-26 13:30:00-04:00,209.80999755859375,210.38299560546875,209.4700927734375,210.2100067138672,126465,0.0,0.0
2023-05-26 14:30:00-04:00,210.21359252929688,211.10000610351562,209.97999572753906,209.97999572753906,156893,0.0,0.0
2023-05-26 15:30:00-04:00,209.99000549316406,210.6699981689453,209.9199981689453,210.60000610351562,252716,0.0,0.0
2023-05-30 09:30:00-04:00,210.21499633789062,211.02000427246094,207.89999389648438,210.1300048828125,152987,0.0,0.0
2023-05-30 10:30:00-04:00,210.10499572753906,210.6300048828125,208.56500244140625,208.8300018310547,87735,0.0,0.0
2023-05-30 11:30:00-04:00,209.0,209.39999389648438,208.80999755859375,209.36000061035156,41629,0.0,0.0
2023-05-30 12:30:00-04:00,209.32749938964844,209.88999938964844,208.75,209.47000122070312,77800,0.0,0.0
2023-05-30 13:30:00-04:00,209.27000427246094,210.7899932861328,209.16000366210938,210.55999755859375,49507,0.0,0.0
2023-05-30 14:30:00-04:00,210.6199951171875,211.3300018310547,210.6199951171875,211.10000610351562,113649,0.0,0.0
2023-05-30 15:30:00-04:00,211.0850067138672,211.47000122070312,210.6999969482422,211.3000030517578,153598,0.0,0.0
2023-05-31 09:30:00-04:00,209.3699951171875,210.35000610351562,207.3300018310547,208.6699981689453,148433,0.0,0.0
2023-05-31 10:30:00-04:00,208.52499389648438,208.94000244140625,206.9199981689453,208.27000427246094,134107,0.0,0.0
2023-05-31 11:30:00-04:00,208.1649932861328,209.27000427246094,208.1649932861328,209.08999633789062,57247,0.0,0.0
2023-05-31 12:30:00-04:00,209.1750030517578,209.65499877929688,208.99000549316406,209.14999389648438,58799,0.0,0.0
2023-05-31 13:30:00-04:00,209.22000122070312,209.7899932861328,209.13999938964844,209.40499877929688,84518,0.0,0.0
2023-05-31 14:30:00-04:00,209.39999389648438,209.81500244140625,208.77999877929688,209.05999755859375,111477,0.0,0.0
2023-05-31 15:30:00-04:00,209.01499938964844,209.13999938964844,207.88999938964844,208.25999450683594,265535,0.0,0.0
2023-06-01 09:30:00-04:00,209.5500030517578,211.3699951171875,208.9250030517578,210.7899932861328,123564,0.0,0.0
2023-06-01 10:30:00-04:00,210.63999938964844,211.74000549316406,210.13999938964844,210.91000366210938,87876,0.0,0.0
2023-06-01 11:30:00-04:00,210.98500061035156,211.8300018310547,210.52000427246094,211.33999633789062,67355,0.0,0.0
2023-06-01 12:30:00-04:00,211.3699951171875,211.78269958496094,210.9600067138672,211.6199951171875,53949,0.0,0.0
2023-06-01 13:30:00-04:00,211.6699981689453,211.89999389648438,211.0399932861328,211.14999389648438,87642,0.0,0.0
2023-06-01 14:30:00-04:00,211.2100067138672,212.3000030517578,211.1649932861328,212.22999572753906,96085,0.0,0.0
2023-06-01 15:30:00-04:00,212.25999450683594,212.52999877929688,211.89999389648438,212.1699981689453,195632,0.0,0.0
2023-06-02 09:30:00-04:00,214.22999572753906,216.92999267578125,213.08999633789062,216.25,209716,0.0,0.0
2023-06-02 10:30:00-04:00,216.1999969482422,217.80999755859375,215.9199981689453,217.0500030517578,98279,0.0,0.0
2023-06-02 11:30:00-04:00,217.05999755859375,217.27000427246094,216.61000061035156,217.19000244140625,77994,0.0,0.0
2023-06-02 12:30:00-04:00,217.2100067138672,217.99000549316406,216.90499877929688,217.58999633789062,92322,0.0,0.0
2023-06-02 13:30:00-04:00,217.6999969482422,217.6999969482422,216.2899932861328,216.3699951171875,81284,0.0,0.0
2023-06-02 14:30:00-04:00,216.40499877929688,216.8699951171875,216.25,216.3000030517578,92774,0.0,0.0
2023-06-02 15:30:00-04:00,216.3000030517578,216.52000427246094,215.72999572753906,215.88999938964844,206836,0.0,0.0
2023-06-05 09:30:00-04:00,215.82000732421875,216.125,214.23500061035156,214.8000030517578,100384,0.0,0.0
2023-06-05 10:30:00-04:00,214.5800018310547,215.38999938964844,214.05999755859375,214.60000610351562,97602,0.0,0.0
2023-06-05 11:30:00-04:00,214.63499450683594,215.10000610351562,214.27999877929688,214.49000549316406,49513,0.0,0.0
2023-06-05 12:30:00-04:00,214.5,214.98500061035156,214.3699951171875,214.4550018310547,52454,0.0,0.0
2023-06-05 13:30:00-04:00,214.38499450683594,214.88499450683594,214.1199951171875,214.7899932861328,65450,0.0,0.0
2023-06-05 14:30:00-04:00,214.7050018310547,214.72000122070312,213.6699981689453,214.25999450683594,169672,0.0,0.0
2023-06-05 15:30:00-04:00,214.1199951171875,214.7449951171875,214.1199951171875,214.36000061035156,179297,0.0,0.0
2023-06-06 09:30:00-04:00,213.2899932861328,214.60000610351562,212.41000366210938,212.6199951171875,96560,0.0,0.0
2023-06-06 10:30:00-04:00,212.7449951171875,212.9199981689453,210.9600067138672,211.58999633789062,133661,0.0,0.0
2023-06-06 11:30:00-04:00,211.44000244140625,212.24000549316406,210.9250030517578,211.72999572753906,140726,0.0,0.0
2023-06-06 12:30:00-04:00,211.77999877929688,212.67999267578125,211.5050048828125,212.10000610351562,116745,0.0,0.0
2023-06-06 13:30:00-04:00,212.06500244140625,212.1300048828125,211.35499572753906,211.94000244140625,98908,0.0,0.0
2023-06-06 14:30:00-04:00,211.8699951171875,212.4499969482422,211.6300048828125,212.32000732421875,141075,0.0,0.0
2023-06-06 15:30:00-04:00,212.3249969482422,212.52000427246094,211.9199981689453,212.1300048828125,263747,0.0,0.0
2023-06-07 09:30:00-04:00,212.13999938964844,213.75,210.5399932861328,213.5800018310547,76322,0.0,0.0
2023-06-07 10:30:00-04:00,213.61000061035156,215.58999633789062,213.25999450683594,215.13499450683594,96587,0.0,0.0
2023-06-07 11:30:00-04:00,215.11000061035156,216.30999755859375,214.86000061035156,216.17999267578125,54582,0.0,0.0
2023-06-07 12:30:00-04:00,216.17999267578125,217.75,215.6300048828125,216.0399932861328,165122,0.0,0.0
2023-06-07 13:30:00-04:00,215.94000244140625,217.30999755859375,215.94000244140625,216.67999267578125,160988,0.0,0.0
2023-06-07 14:30:00-04:00,216.72000122070312,217.38999938964844,216.22999572753906,217.25,129754,0.0,0.0
2023-06-07 15:30:00-04:00,217.3000030517578,218.44000244140625,217.11000061035156,218.24000549316406,401515,0.0,0.0
2023-06-08 09:30:00-04:00,217.99000549316406,218.10499572753906,214.2899932861328,215.32000732421875,119993,0.0,0.0
2023-06-08 10:30:00-04:00,215.26499938964844,215.52000427246094,214.7899932861328,215.4499969482422,82640,0.0,0.0
2023-06-08 11:30:00-04:00,215.44000244140625,215.73500061035156,215.11500549316406,215.73500061035156,57373,0.0,0.0
2023-06-08 12:30:00-04:00,215.8249969482422,216.2100067138672,215.67999267578125,215.8000030517578,51317,0.0,0.0
2023-06-08 13:30:00-04:00,215.88499450683594,217.5399932861328,215.72999572753906,217.5399932861328,119394,0.0,0.0
2023-06-08 14:30:00-04:00,217.46499633789062,218.1199951171875,217.41000366210938,217.6999969482422,158605,0.0,0.0
2023-06-08 15:30:00-04:00,217.66000366210938,217.8000030517578,217.35499572753906,217.5800018310547,223604,0.0,0.0
2023-06-09 09:30:00-04:00,218.00999450683594,219.15499877929688,216.6300048828125,217.56500244140625,234379,0.0,0.0
2023-06-09 10:30:00-04:00,217.58999633789062,218.25,215.8000030517578,215.9600067138672,59949,0.0,0.0
2023-06-09 11:30:00-04:00,215.875,216.36000061035156,215.19000244140625,215.93980407714844,48661,0.0,0.0
2023-06-09 12:30:00-04:00,215.9499969482422,216.1199951171875,215.5449981689453,215.86000061035156,50468,0.0,0.0
2023-06-09 13:30:00-04:00,215.8300018310547,216.3000030517578,215.61000061035156,216.14500427246094,80025,0.0,0.0
2023-06-09 14:30:00-04:00,216.18499755859375,216.52999877929688,215.88999938964844,215.97500610351562,101374,0.0,0.0
2023-06-09 15:30:00-04:00,215.97500610351562,216.27999877929688,215.66000366210938,216.17999267578125,180010,0.0,0.0
2023-06-12 09:30:00-04:00,215.64999389648438,215.8199005126953,213.89999389648438,215.2949981689453,82959,0.0,0.0
2023-06-12 10:30:00-04:00,215.25999450683594,215.42999267578125,212.4600067138672,212.4600067138672,149980,0.0,0.0
2023-06-12 11:30:00-04:00,212.57000732421875,215.13999938964844,212.57000732421875,215.0399932861328,83362,0.0,0.0
2023-06-12 12:30:00-04:00,214.94000244140625,215.22999572753906,214.43499755859375,214.57000732421875,44078,0.0,0.0
2023-06-12 13:30:00-04:00,214.52499389648438,215.1790008544922,214.3300018310547,215.05999755859375,49301,0.0,0.0
2023-06-12 14:30:00-04:00,215.10499572753906,216.0800018310547,215.0749969482422,215.8300018310547,81255,0.0,0.0
2023-06-12 15:30:00-04:00,215.8000030517578,216.38999938964844,215.67999267578125,215.99000549316406,155145,0.0,0.0
2023-06-13 09:30:00-04:00,215.89999389648438,217.5500030517578,214.72999572753906,217.16000366210938,137015,0.0,0.0
2023-06-13 10:30:00-04:00,217.19000244140625,217.99000549316406,216.77999877929688,217.14999389648438,131471,0.0,0.0
2023-06-13 11:30:00-04:00,217.14500427246094,217.66000366210938,216.25999450683594,217.4600067138672,68622,0.0,0.0
2023-06-13 12:30:00-04:00,217.4600067138672,218.47999572753906,217.40499877929688,218.2100067138672,114060,0.0,0.0
2023-06-13 13:30:00-04:00,218.24000549316406,218.47999572753906,217.8300018310547,218.39999389648438,90314,0.0,0.0
2023-06-13 14:30:00-04:00,218.3800048828125,218.3800048828125,217.61000061035156,218.07000732421875,112236,0.0,0.0
2023-06-13 15:30:00-04:00,218.1300048828125,218.3300018310547,217.7949981689453,218.27999877929688,229459,0.0,0.0
2023-06-14 09:30:00-04:00,219.3300018310547,223.1999969482422,218.46499633789062,222.74000549316406,187007,0.0,0.0
2023-06-14 10:30:00-04:00,222.55499267578125,225.47999572753906,222.38499450683594,225.3699951171875,245355,0.0,0.0
2023-06-14 11:30:00-04:00,225.4199981689453,225.71359252929688,224.52000427246094,225.3800048828125,164436,0.0,0.0
2023-06-14 12:30:00-04:00,225.27499389648438,225.47999572753906,224.4149932861328,224.97000122070312,132456,0.0,0.0
2023-06-14 13:30:00-04:00,224.99000549316406,225.41000366210938,222.34100341796875,222.4499969482422,203865,0.0,0.0
2023-06-14 14:30:00-04:00,222.5,224.02999877929688,222.1199951171875,223.0500030517578,189734,0.0,0.0
2023-06-14 15:30:00-04:00,223.00999450683594,223.14999389648438,221.22000122070312,221.47999572753906,317157,0.0,0.0
2023-06-15 09:30:00-04:00,220.7100067138672,222.8000030517578,220.7100067138672,222.31719970703125,106117,0.0,0.0
2023-06-15 10:30:00-04:00,222.22999572753906,223.0800018310547,221.52749633789062,223.0800018310547,79405,0.0,0.0
2023-06-15 11:30:00-04:00,222.92999267578125,223.1699981689453,222.41000366210938,223.1699981689453,82933,0.0,0.0
2023-06-15 12:30:00-04:00,223.3000030517578,223.8249969482422,222.64999389648438,223.47250366210938,77371,0.0,0.0
2023-06-15 13:30:00-04:00,223.44000244140625,224.02999877929688,223.30999755859375,223.3800048828125,84889,0.0,0.0
2023-06-15 14:30:00-04:00,223.4199981689453,224.14999389648438,223.39500427246094,223.6300048828125,133084,0.0,0.0
2023-06-15 15:30:00-04:00,223.6300048828125,223.67999267578125,223.19000244140625,223.41000366210938,258120,0.0,0.0
2023-06-16 09:30:00-04:00,225.6699981689453,226.0,224.1199951171875,225.27999877929688,516119,0.0,0.0
2023-06-16 10:30:00-04:00,225.2899932861328,225.2899932861328,224.1800994873047,224.75999450683594,127991,0.0,0.0
2023-06-16 11:30:00-04:00,224.80499267578125,225.1999969482422,223.64999389648438,225.1300048828125,71320,0.0,0.0
2023-06-16 12:30:00-04:00,225.1699981689453,225.33999633789062,224.36000061035156,224.39999389648438,74609,0.0,0.0
2023-06-16 13:30:00-04:00,224.36000061035156,224.39500427246094,223.91000366210938,224.19500732421875,93851,0.0,0.0
2023-06-16 14:30:00-04:00,224.16000366210938,224.3800048828125,223.64500427246094,223.88999938964844,149902,0.0,0.0
2023-06-16 15:30:00-04:00,223.88499450683594,224.97500610351562,223.8699951171875,224.08999633789062,398665,0.0,0.0
2023-06-20 09:30:00-04:00,221.74000549316406,223.17999267578125,220.02499389648438,220.7449951171875,154093,0.0,0.0
2023-06-20 10:30:00-04:00,220.66000366210938,220.91000366210938,220.0800018310547,220.42999267578125,69341,0.0,0.0
2023-06-20 11:30:00-04:00,220.32000732421875,221.41000366210938,220.25,221.13999938964844,55637,0.0,0.0
2023-06-20 12:30:00-04:00,221.16000366210938,221.74000549316406,221.0399932861328,221.30999755859375,56824,0.0,0.0
2023-06-20 13:30:00-04:00,221.38999938964844,221.60000610351562,221.16819763183594,221.44000244140625,49926,0.0,0.0
2023-06-20 14:30:00-04:00,221.39999389648438,221.4499969482422,220.56500244140625,220.6999969482422,95929,0.0,0.0
2023-06-20 15:30:00-04:00,220.69000244140625,220.77999877929688,220.0500030517578,220.44000244140625,181125,0.0,0.0
2023-06-21 09:30:00-04:00,219.22999572753906,220.97999572753906,218.8000030517578,220.49000549316406,134172,0.0,0.0
2023-06-21 10:30:00-04:00,220.4949951171875,222.35000610351562,219.69500732421875,222.0500030517578,84565,0.0,0.0
2023-06-21 11:30:00-04:00,221.82000732421875,222.33999633789062,221.57000732421875,221.9550018310547,45943,0.0,0.0
2023-06-21 12:30:00-04:00,221.9600067138672,222.1199951171875,221.19000244140625,221.1999969482422,68762,0.0,0.0
2023-06-21 13:30:00-04:00,221.22999572753906,221.58999633789062,221.0399932861328,221.2899932861328,59892,0.0,0.0
2023-06-21 14:30:00-04:00,221.19500732421875,221.22999572753906,220.50999450683594,220.8300018310547,125292,0.0,0.0
2023-06-21 15:30:00-04:00,220.8699951171875,221.11000061035156,220.57000732421875,220.80999755859375,191904,0.0,0.0
2023-06-22 09:30:00-04:00,220.72000122070312,221.05999755859375,219.35000610351562,220.11000061035156,67756,0.0,0.0
2023-06-22 10:30:00-04:00,220.06500244140625,220.48739624023438,219.65679931640625,220.24000549316406,57211,0.0,0.0
2023-06-22 11:30:00-04:00,220.33999633789062,220.6750030517578,220.06500244140625,220.25,41242,0.0,0.0
2023-06-22 12:30:00-04:00,220.34500122070312,220.39999389648438,219.66000366210938,220.25999450683594,49255,0.0,0.0
2023-06-22 13:30:00-04:00,220.19500732421875,220.6199951171875,220.03500366210938,220.35000610351562,65629,0.0,0.0
2023-06-22 14:30:00-04:00,220.3000030517578,220.52999877929688,219.8699951171875,220.02999877929688,72604,0.0,0.0
2023-06-22 15:30:00-04:00,220.02999877929688,220.33999633789062,219.80999755859375,220.11000061035156,155441,0.0,0.0
2023-06-23 09:30:00-04:00,218.72999572753906,219.1199951171875,217.17250061035156,217.85000610351562,137439,0.0,0.0
2023-06-23 10:30:00-04:00,217.75999450683594,218.41000366210938,217.25999450683594,217.6199951171875,139528,0.0,0.0
2023-06-23 11:30:00-04:00,217.6199951171875,218.25,217.4217071533203,217.69500732421875,81193,0.0,0.0
2023-06-23 12:30:00-04:00,217.78990173339844,218.0399932861328,217.07000732421875,217.88999938964844,67618,0.0,0.0
2023-06-23 13:30:00-04:00,217.84750366210938,217.9149932861328,216.61000061035156,217.1999969482422,86419,0.0,0.0
2023-06-23 14:30:00-04:00,217.10000610351562,217.25,216.3800048828125,216.49000549316406,128624,0.0,0.0
2023-06-23 15:30:00-04:00,216.4600067138672,218.0449981689453,216.4600067138672,218.02000427246094,217061,0.0,0.0
2023-06-26 09:30:00-04:00,218.72000122070312,220.52000427246094,218.52000427246094,219.85000610351562,146588,0.0,0.0
2023-06-26 10:30:00-04:00,219.7899932861328,220.33999633789062,219.11000061035156,220.02999877929688,109880,0.0,0.0
2023-06-26 11:30:00-04:00,220.05999755859375,221.52999877929688,219.74000549316406,221.47000122070312,69598,0.0,0.0
2023-06-26 12:30:00-04:00,221.5500030517578,222.2274932861328,221.33999633789062,222.06500244140625,83164,0.0,0.0
2023-06-26 13:30:00-04:00,222.07000732421875,222.72999572753906,221.82009887695312,222.3300018310547,95145,0.0,0.0
2023-06-26 14:30:00-04:00,222.33599853515625,222.8800048828125,222.05999755859375,222.16000366210938,131521,0.0,0.0
2023-06-26 15:30:00-04:00,222.1199951171875,222.5399932861328,221.5399932861328,221.94000244140625,203781,0.0,0.0
2023-06-27 09:30:00-04:00,222.0399932861328,223.0,221.32000732421875,222.4600067138672,71427,0.0,0.0
2023-06-27 10:30:00-04:00,222.52999877929688,223.9600067138672,222.49009704589844,223.7100067138672,75850,0.0,0.0
2023-06-27 11:30:00-04:00,223.7283935546875,224.62559509277344,223.72000122070312,223.72000122070312,108278,0.0,0.0
2023-06-27 12:30:00-04:00,223.75,224.0500030517578,222.4600067138672,223.0050048828125,133908,0.0,0.0
2023-06-27 13:30:00-04:00,223.08999633789062,223.38499450683594,222.82000732421875,222.97500610351562,72758,0.0,0.0
2023-06-27 14:30:00-04:00,222.9550018310547,223.24000549316406,222.47000122070312,222.77000427246094,124266,0.0,0.0
2023-06-27 15:30:00-04:00,222.8000030517578,222.9600067138672,222.5,222.5,201594,0.0,0.0
2023-06-28 09:30:00-04:00,222.22000122070312,223.8249969482422,220.00999450683594,221.3800048828125,126762,0.0,0.0
2023-06-28 10:30:00-04:00,221.375,221.9600067138672,221.1699981689453,221.8699951171875,74517,0.0,0.0
2023-06-28 11:30:00-04:00,221.85000610351562,222.25999450683594,221.32000732421875,221.82000732421875,52538,0.0,0.0
2023-06-28 12:30:00-04:00,222.11000061035156,222.3300018310547,221.63499450683594,222.27999877929688,78616,0.0,0.0
2023-06-28 13:30:00-04:00,222.3300018310547,222.375,221.88999938964844,222.02499389648438,57335,0.0,0.0
2023-06-28 14:30:00-04:00,222.02499389648438,222.86000061035156,222.02499389648438,222.59060668945312,91099,0.0,0.0
2023-06-28 15:30:00-04:00,222.65499877929688,223.39999389648438,222.39999389648438,223.16000366210938,206789,0.0,0.0
2023-06-29 09:30:00-04:00,222.36000061035156,224.22000122070312,221.75,223.51499938964844,89747,0.0,0.0
2023-06-29 10:30:00-04:00,223.58999633789062,223.7899932861328,222.86000061035156,223.44500732421875,82045,0.0,0.0
2023-06-29 11:30:00-04:00,223.57000732421875,224.85499572753906,223.39500427246094,224.82000732421875,57196,0.0,0.0
2023-06-29 12:30:00-04:00,224.82000732421875,224.94000244140625,223.6300048828125,224.25,65709,0.0,0.0
2023-06-29 13:30:00-04:00,224.36000061035156,225.0399932861328,224.02000427246094,225.0399932861328,65175,0.0,0.0
2023-06-29 14:30:00-04:00,225.07000732421875,225.61000061035156,224.72970581054688,225.22000122070312,146933,0.0,0.0
2023-06-29 15:30:00-04:00,225.1999969482422,226.10000610351562,224.85000610351562,225.99000549316406,221861,0.0,0.0
2023-06-30 09:30:00-04:00,227.1300048828125,227.1300048828125,223.97000122070312,226.22999572753906,166897,0.0,0.0
2023-06-30 10:30:00-04:00,226.23500061035156,226.23500061035156,224.83999633789062,225.47500610351562,167799,0.0,0.0
2023-06-30 11:30:00-04:00,225.5,225.60000610351562,225.10000610351562,225.58999633789062,107081,0.0,0.0
2023-06-30 12:30:00-04:00,225.57000732421875,226.2100067138672,225.51499938964844,226.0574951171875,145795,0.0,0.0
2023-06-30 13:30:00-04:00,226.05499267578125,226.42999267578125,225.73080444335938,226.22500610351562,111418,0.0,0.0
2023-06-30 14:30:00-04:00,226.22500610351562,227.58999633789062,225.9600067138672,227.42999267578125,148164,0.0,0.0
2023-06-30 15:30:00-04:00,227.36000061035156,227.39999389648438,226.7100067138672,226.7100067138672,263254,0.0,0.0
2023-07-03 09:30:00-04:00,225.05999755859375,228.42999267578125,224.24000549316406,228.42999267578125,113608,0.0,0.0
2023-07-03 10:30:00-04:00,228.47999572753906,229.25999450683594,228.42999267578125,228.74000549316406,107257,0.0,0.0
2023-07-03 11:30:00-04:00,228.75,229.81500244140625,228.75,229.4199981689453,117370,0.0,0.0
2023-07-05 09:30:00-04:00,226.11000061035156,227.50999450683594,225.42999267578125,226.8470001220703,115895,0.0,0.0
2023-07-05 10:30:00-04:00,227.00999450683594,227.3249969482422,226.67999267578125,227.08999633789062,123634,0.0,0.0
2023-07-05 11:30:00-04:00,227.13999938964844,227.1699981689453,226.61549377441406,226.92999267578125,77760,0.0,0.0
2023-07-05 12:30:00-04:00,226.83279418945312,226.9949951171875,226.4499969482422,226.5449981689453,172845,0.0,0.0
2023-07-05 13:30:00-04:00,226.49000549316406,226.50999450683594,225.72999572753906,225.75,92428,0.0,0.0
2023-07-05 14:30:00-04:00,225.8300018310547,226.6649932861328,225.75,226.52499389648438,100474,0.0,0.0
2023-07-05 15:30:00-04:00,226.56500244140625,227.5,226.4600067138672,227.2100067138672,295347,0.0,0.0
2023-07-06 09:30:00-04:00,225.0,226.38499450683594,224.75,225.07000732421875,120511,0.0,0.0
2023-07-06 10:30:00-04:00,225.0,225.57000732421875,224.30999755859375,225.3300018310547,107381,0.0,0.0
2023-07-06 11:30:00-04:00,225.3800048828125,226.5500030517578,225.2899932861328,226.5500030517578,138118,0.0,0.0
2023-07-06 12:30:00-04:00,226.52999877929688,227.44000244140625,226.38999938964844,227.4199981689453,94081,0.0,0.0
2023-07-06 13:30:00-04:00,227.39500427246094,227.5,226.7100067138672,226.8699951171875,143150,0.0,0.0
2023-07-06 14:30:00-04:00,226.88999938964844,227.9600067138672,226.83999633789062,227.8000030517578,313911,0.0,0.0
2023-07-06 15:30:00-04:00,227.81500244140625,227.9199981689453,226.91000366210938,227.2100067138672,225409,0.0,0.0
2023-07-07 09:30:00-04:00,226.58999633789062,227.625,226.00999450683594,227.6199951171875,72617,0.0,0.0
2023-07-07 10:30:00-04:00,227.6199951171875,228.1199951171875,227.5399932861328,228.0500030517578,64732,0.0,0.0
2023-07-07 11:30:00-04:00,227.99000549316406,228.49000549316406,227.9199981689453,228.3271026611328,62874,0.0,0.0
2023-07-07 12:30:00-04:00,228.27000427246094,229.02999877929688,228.27000427246094,228.33999633789062,49611,0.0,0.0
2023-07-07 13:30:00-04:00,228.22000122070312,228.41000366210938,227.84500122070312,228.02999877929688,61131,0.0,0.0
2023-07-07 14:30:00-04:00,227.97999572753906,228.0800018310547,227.52999877929688,227.52999877929688,65136,0.0,0.0
2023-07-07 15:30:00-04:00,227.5449981689453,227.80999755859375,226.3249969482422,226.72999572753906,159730,0.0,0.0
2023-07-10 09:30:00-04:00,226.77499389648438,229.02999877929688,226.77499389648438,227.9600067138672,95097,0.0,0.0
2023-07-10 10:30:00-04:00,227.8300018310547,228.2899932861328,227.5800018310547,228.27000427246094,79658,0.0,0.0
2023-07-10 11:30:00-04:00,228.3000030517578,228.32749938964844,227.7899932861328,228.13999938964844,62505,0.0,0.0
2023-07-10 12:30:00-04:00,228.13999938964844,228.2100067138672,227.77000427246094,228.1199951171875,64600,0.0,0.0
2023-07-10 13:30:00-04:00,228.1199951171875,228.4250030517578,228.07000732421875,228.33999633789062,77077,0.0,0.0
2023-07-10 14:30:00-04:00,228.32000732421875,228.8800048828125,228.2100067138672,228.7550048828125,85848,0.0,0.0
2023-07-10 15:30:00-04:00,228.7550048828125,229.0,228.33099365234375,228.9499969482422,196526,0.0,0.0
2023-07-11 09:30:00-04:00,231.4600067138672,232.6199951171875,230.0,231.14999389648438,251462,0.0,0.0
2023-07-11 10:30:00-04:00,230.99000549316406,231.0399932861328,229.63999938964844,230.35000610351562,110964,0.0,0.0
2023-07-11 11:30:00-04:00,230.35000610351562,231.02000427246094,230.2050018310547,230.85000610351562,89075,0.0,0.0
2023-07-11 12:30:00-04:00,230.77000427246094,231.3800048828125,230.31500244140625,231.30499267578125,118133,0.0,0.0
2023-07-11 13:30:00-04:00,231.27999877929688,231.61500549316406,230.69000244140625,231.0447998046875,90103,0.0,0.0
2023-07-11 14:30:00-04:00,231.05999755859375,231.74000549316406,231.0,231.66000366210938,113409,0.0,0.0
2023-07-11 15:30:00-04:00,231.6199951171875,232.3000030517578,231.2899932861328,232.02999877929688,248364,0.0,0.0
2023-07-12 09:30:00-04:00,233.7899932861328,233.8300018310547,230.88499450683594,232.07000732421875,118555,0.0,0.0
2023-07-12 10:30:00-04:00,232.0,232.9199981689453,231.86000061035156,232.38499450683594,131917,0.0,0.0
2023-07-12 11:30:00-04:00,232.39999389648438,232.39999389648438,230.59010314941406,230.7550048828125,92922,0.0,0.0
2023-07-12 12:30:00-04:00,230.8000030517578,231.61000061035156,230.69000244140625,230.9600067138672,118136,0.0,0.0
2023-07-12 13:30:00-04:00,230.9600067138672,231.8979949951172,230.9600067138672,231.75,73942,0.0,0.0
2023-07-12 14:30:00-04:00,231.75,231.77000427246094,230.8524932861328,231.28500366210938,155826,0.0,0.0
2023-07-12 15:30:00-04:00,231.16000366210938,231.4949951171875,230.68499755859375,230.97999572753906,238333,0.0,0.0
2023-07-13 09:30:00-04:00,231.55999755859375,232.92999267578125,230.8249969482422,232.92999267578125,88406,0.0,0.0
2023-07-13 10:30:00-04:00,232.97000122070312,233.13999938964844,232.1699981689453,232.8249969482422,77466,0.0,0.0
2023-07-13 11:30:00-04:00,232.7100067138672,232.80569458007812,232.0,232.4499969482422,63905,0.0,0.0
2023-07-13 12:30:00-04:00,232.3800048828125,232.86000061035156,231.9600067138672,232.46499633789062,62158,0.0,0.0
2023-07-13 13:30:00-04:00,232.52000427246094,233.24000549316406,232.41000366210938,233.10000610351562,60044,0.0,0.0
2023-07-13 14:30:00-04:00,233.0500030517578,233.9199981689453,232.89999389648438,233.42999267578125,103038,0.0,0.0
2023-07-13 15:30:00-04:00,233.4550018310547,233.7899932861328,232.99000549316406,233.52000427246094,180323,0.0,0.0
2023-07-14 09:30:00-04:00,233.57000732421875,234.72500610351562,232.86000061035156,233.28500366210938,101914,0.0,0.0
2023-07-14 10:30:00-04:00,233.27000427246094,233.88499450683594,232.97999572753906,233.32000732421875,98559,0.0,0.0
2023-07-14 11:30:00-04:00,233.3800048828125,233.61500549316406,232.9149932861328,233.3000030517578,58817,0.0,0.0
2023-07-14 12:30:00-04:00,233.36000061035156,233.9600067138672,233.24000549316406,233.89999389648438,68887,0.0,0.0
2023-07-14 13:30:00-04:00,233.9199981689453,234.32000732421875,233.625,234.32000732421875,79254,0.0,0.0
2023-07-14 14:30:00-04:00,234.3300018310547,234.53500366210938,234.13999938964844,234.43499755859375,142817,0.0,0.0
2023-07-14 15:30:00-04:00,234.4600067138672,234.86000061035156,234.1699981689453,234.83999633789062,231986,0.0,0.0
2023-07-17 09:30:00-04:00,234.39999389648438,234.39999389648438,231.39999389648438,232.72500610351562,204621,0.0,0.0
2023-07-17 10:30:00-04:00,232.72000122070312,232.8699951171875,231.39999389648438,232.58999633789062,135890,0.0,0.0
2023-07-17 11:30:00-04:00,232.55999755859375,232.6699981689453,232.07000732421875,232.4149932861328,53685,0.0,0.0
2023-07-17 12:30:00-04:00,232.33999633789062,232.7100067138672,232.05999755859375,232.7100067138672,68851,0.0,0.0
2023-07-17 13:30:00-04:00,232.60279846191406,233.47000122070312,232.60279846191406,233.19000244140625,69348,0.0,0.0
2023-07-17 14:30:00-04:00,233.17999267578125,234.1649932861328,233.17999267578125,233.99000549316406,78642,0.0,0.0
2023-07-17 15:30:00-04:00,233.99000549316406,234.13999938964844,233.02000427246094,233.1699981689453,162035,0.0,0.0
2023-07-18 09:30:00-04:00,233.0,235.52999877929688,232.4600067138672,234.72500610351562,90960,0.0,0.0
2023-07-18 10:30:00-04:00,234.63999938964844,235.17999267578125,234.3800048828125,234.5675048828125,86709,0.0,0.0
2023-07-18 11:30:00-04:00,234.52000427246094,234.6699981689453,233.91000366210938,233.92999267578125,79962,0.0,0.0
2023-07-18 12:30:00-04:00,233.92999267578125,234.57000732421875,233.63999938964844,234.00999450683594,67552,0.0,0.0
2023-07-18 13:30:00-04:00,233.90499877929688,234.3699951171875,233.67999267578125,234.05999755859375,67958,0.0,0.0
2023-07-18 14:30:00-04:00,234.05999755859375,234.94000244140625,233.89500427246094,234.90499877929688,84118,0.0,0.0
2023-07-18 15:30:00-04:00,234.92999267578125,235.25999450683594,234.5500030517578,235.1999969482422,188045,0.0,0.0
2023-07-19 09:30:00-04:00,235.0,237.57000732421875,234.99000549316406,236.99000549316406,113714,0.0,0.0
2023-07-19 10:30:00-04:00,237.08999633789062,237.19000244140625,235.66000366210938,235.80999755859375,77266,0.0,0.0
2023-07-19 11:30:00-04:00,235.8699951171875,237.13499450683594,235.8000030517578,237.05889892578125,63988,0.0,0.0
2023-07-19 12:30:00-04:00,237.0500030517578,237.4199981689453,236.6750030517578,236.91000366210938,40527,0.0,0.0
2023-07-19 13:30:00-04:00,236.80999755859375,237.0800018310547,236.27499389648438,237.02000427246094,58565,0.0,0.0
2023-07-19 14:30:00-04:00,237.05999755859375,237.6999969482422,237.0500030517578,237.375,85543,0.0,0.0
2023-07-19 15:30:00-04:00,237.27000427246094,237.80999755859375,237.2100067138672,237.41000366210938,176304,0.0,0.0
2023-07-20 09:30:00-04:00,237.9499969482422,238.8300018310547,236.0749969482422,237.73500061035156,151105,0.0,0.0
2023-07-20 10:30:00-04:00,237.72999572753906,238.6199951171875,237.66000366210938,238.39999389648438,135039,0.0,0.0
2023-07-20 11:30:00-04:00,238.27999877929688,238.57000732421875,237.57000732421875,238.52000427246094,94179,0.0,0.0
2023-07-20 12:30:00-04:00,238.5800018310547,238.6300048828125,237.2100067138672,237.30999755859375,95589,0.0,0.0
2023-07-20 13:30:00-04:00,237.42999267578125,237.50999450683594,236.5850067138672,236.8000030517578,97836,0.0,0.0
2023-07-20 14:30:00-04:00,236.8000030517578,238.0,236.8000030517578,237.64999389648438,118866,0.0,0.0
2023-07-20 15:30:00-04:00,237.64999389648438,237.89999389648438,236.94000244140625,237.41000366210938,198337,0.0,0.0
2023-07-21 09:30:00-04:00,232.72500610351562,233.11000061035156,227.41000366210938,230.14990234375,867883,0.0,0.0
2023-07-21 10:30:00-04:00,229.9250030517578,231.7100067138672,229.3175048828125,231.17999267578125,237230,0.0,0.0
2023-07-21 11:30:00-04:00,231.0500030517578,233.14999389648438,230.74000549316406,232.38999938964844,161402,0.0,0.0
2023-07-21 12:30:00-04:00,232.22999572753906,233.19500732421875,231.49000549316406,232.80999755859375,169008,0.0,0.0
2023-07-21 13:30:00-04:00,232.8800048828125,234.60000610351562,232.74000549316406,234.60000610351562,246750,0.0,0.0
2023-07-21 14:30:00-04:00,234.58999633789062,235.0,234.0,234.4199981689453,252803,0.0,0.0
2023-07-21 15:30:00-04:00,234.4199981689453,234.7100067138672,232.7899932861328,232.92999267578125,421026,0.0,0.0
2023-07-24 09:30:00-04:00,232.97999572753906,236.4600067138672,232.97999572753906,234.4149932861328,163674,0.0,0.0
2023-07-24 10:30:00-04:00,234.46499633789062,235.3000030517578,233.94000244140625,235.21499633789062,106917,0.0,0.0
2023-07-24 11:30:00-04:00,235.09500122070312,235.36000061035156,234.7100067138672,235.13499450683594,61556,0.0,0.0
2023-07-24 12:30:00-04:00,235.05499267578125,235.87249755859375,234.8699951171875,235.72999572753906,74406,0.0,0.0
2023-07-24 13:30:00-04:00,235.63499450683594,236.07000732421875,235.07000732421875,235.3800048828125,94694,0.0,0.0
2023-07-24 14:30:00-04:00,235.3800048828125,235.51499938964844,234.47999572753906,234.49000549316406,106409,0.0,0.0
2023-07-24 15:30:00-04:00,234.47999572753906,235.5500030517578,234.44500732421875,235.49000549316406,228708,0.0,0.0
2023-07-25 09:30:00-04:00,234.6699981689453,237.5449981689453,233.97999572753906,236.57000732421875,131469,0.0,0.0
2023-07-25 10:30:00-04:00,236.53500366210938,237.50999450683594,236.2550048828125,237.1300048828125,80972,0.0,0.0
2023-07-25 11:30:00-04:00,237.1699981689453,237.22999572753906,236.22000122070312,236.40499877929688,96880,0.0,0.0
2023-07-25 12:30:00-04:00,236.41000366210938,236.49000549316406,235.08999633789062,235.91000366210938,187564,0.0,0.0
2023-07-25 13:30:00-04:00,235.9250030517578,237.10499572753906,235.9250030517578,237.09249877929688,74732,0.0,0.0
2023-07-25 14:30:00-04:00,237.0850067138672,237.3300018310547,236.3800048828125,236.66000366210938,111354,0.0,0.0
2023-07-25 15:30:00-04:00,236.59500122070312,237.1999969482422,236.5399932861328,237.13999938964844,217775,0.0,0.0
2023-07-26 09:30:00-04:00,238.75,239.0,234.11000061035156,238.80999755859375,436810,0.0,0.0
2023-07-26 10:30:00-04:00,238.8350067138672,238.88499450683594,235.82000732421875,236.18499755859375,209836,0.0,0.0
2023-07-26 11:30:00-04:00,236.0500030517578,237.5449981689453,236.0500030517578,237.44000244140625,111713,0.0,0.0
2023-07-26 12:30:00-04:00,237.36500549316406,237.72500610351562,236.4499969482422,236.47000122070312,119636,0.0,0.0
2023-07-26 13:30:00-04:00,236.50999450683594,236.52000427246094,234.24000549316406,235.88999938964844,219949,0.0,0.0
2023-07-26 14:30:00-04:00,235.7899932861328,236.67999267578125,234.82000732421875,235.94000244140625,223991,0.0,0.0
2023-07-26 15:30:00-04:00,235.9550018310547,237.0500030517578,235.77999877929688,237.0500030517578,406206,0.0,0.0
2023-07-27 09:30:00-04:00,236.94000244140625,237.13999938964844,232.0500030517578,234.39500427246094,430392,0.0,0.0
2023-07-27 10:30:00-04:00,234.39999389648438,237.47250366210938,233.94000244140625,237.41000366210938,159814,0.0,0.0
2023-07-27 11:30:00-04:00,237.45750427246094,237.54580688476562,236.7100067138672,237.32000732421875,95311,0.0,0.0
2023-07-27 12:30:00-04:00,237.28500366210938,237.73500061035156,236.39999389648438,236.49000549316406,114824,0.0,0.0
2023-07-27 13:30:00-04:00,236.41000366210938,237.60000610351562,236.1999969482422,236.89999389648438,176697,0.0,0.0
2023-07-27 14:30:00-04:00,236.6699981689453,236.7899932861328,235.32000732421875,235.47500610351562,222048,0.0,0.0
2023-07-27 15:30:00-04:00,235.50999450683594,235.60000610351562,234.47000122070312,235.4499969482422,364492,0.0,0.0
2023-07-28 09:30:00-04:00,236.22999572753906,236.88499450683594,234.6199951171875,236.74000549316406,220941,0.0,0.0
2023-07-28 10:30:00-04:00,236.6199951171875,237.89500427246094,236.02999877929688,236.39500427246094,148675,0.0,0.0
2023-07-28 11:30:00-04:00,236.39999389648438,237.67999267578125,236.30999755859375,237.61500549316406,118972,0.0,0.0
2023-07-28 12:30:00-04:00,237.47999572753906,237.60000610351562,236.83999633789062,237.06500244140625,67791,0.0,0.0
2023-07-28 13:30:00-04:00,237.06500244140625,237.47999572753906,236.6999969482422,237.36500549316406,107810,0.0,0.0
2023-07-28 14:30:00-04:00,237.39999389648438,237.4499969482422,236.66000366210938,236.7899932861328,130829,0.0,0.0
2023-07-28 15:30:00-04:00,236.80999755859375,237.0,235.91000366210938,236.63499450683594,274309,0.0,0.0
2023-07-31 09:30:00-04:00,235.6999969482422,236.34500122070312,234.4949951171875,235.25999450683594,105593,0.0,0.0
2023-07-31 10:30:00-04:00,235.3300018310547,235.6300048828125,234.24000549316406,235.44500732421875,91094,0.0,0.0
2023-07-31 11:30:00-04:00,235.35000610351562,235.5050048828125,234.30349731445312,234.84500122070312,94558,0.0,0.0
2023-07-31 12:30:00-04:00,234.8000030517578,235.05499267578125,234.1999969482422,234.49000549316406,78489,0.0,0.0
2023-07-31 13:30:00-04:00,234.42999267578125,234.58999633789062,234.11000061035156,234.31500244140625,83122,0.0,0.0
2023-07-31 14:30:00-04:00,234.32000732421875,234.61000061035156,233.27999877929688,233.88499450683594,101459,0.0,0.0
2023-07-31 15:30:00-04:00,233.94000244140625,234.0800018310547,233.2100067138672,233.58999633789062,202249,0.0,0.0
2023-08-01 09:30:00-04:00,233.22999572753906,235.5540008544922,233.00999450683594,233.64999389648438,94589,0.0,0.0
2023-08-01 10:30:00-04:00,233.64999389648438,233.9600067138672,232.6300048828125,233.2949981689453,96590,0.0,0.0
2023-08-01 11:30:00-04:00,233.2100067138672,233.8800048828125,233.0500030517578,233.2949981689453,100207,0.0,0.0
2023-08-01 12:30:00-04:00,233.24000549316406,233.88600158691406,232.25999450683594,233.82000732421875,111527,0.0,0.0
2023-08-01 13:30:00-04:00,233.7899932861328,234.13999938964844,233.0399932861328,233.93499755859375,64304,0.0,0.0
2023-08-01 14:30:00-04:00,233.97999572753906,234.30499267578125,233.74000549316406,234.05499267578125,106317,0.0,0.0
2023-08-01 15:30:00-04:00,234.0500030517578,234.51499938964844,233.83999633789062,233.97000122070312,242638,0.0,0.0
2023-08-02 09:30:00-04:00,232.9199981689453,233.30999755859375,231.00999450683594,231.4199981689453,99631,0.0,0.0
2023-08-02 10:30:00-04:00,231.4199981689453,231.52999877929688,230.11000061035156,230.50999450683594,117176,0.0,0.0
2023-08-02 11:30:00-04:00,230.42999267578125,231.06719970703125,229.80999755859375,230.35000610351562,135605,0.0,0.0
2023-08-02 12:30:00-04:00,230.18499755859375,230.91000366210938,229.77999877929688,230.24000549316406,100227,0.0,0.0
2023-08-02 13:30:00-04:00,230.27999877929688,231.3000030517578,229.9600067138672,231.24000549316406,138323,0.0,0.0
2023-08-02 14:30:00-04:00,231.15499877929688,231.22000122070312,229.94500732421875,230.0500030517578,139334,0.0,0.0
2023-08-02 15:30:00-04:00,230.02999877929688,230.77000427246094,229.8800048828125,230.1999969482422,299652,0.0,0.0
2023-08-03 09:30:00-04:00,228.22999572753906,228.63999938964844,227.41000366210938,227.8800048828125,88472,0.0,0.0
2023-08-03 10:30:00-04:00,228.0800018310547,228.0800018310547,227.10000610351562,227.61000061035156,100729,0.0,0.0
2023-08-03 11:30:00-04:00,227.63499450683594,228.22999572753906,227.42999267578125,227.5399932861328,128824,0.0,0.0
2023-08-03 12:30:00-04:00,227.64999389648438,228.48500061035156,227.17999267578125,228.47000122070312,102842,0.0,0.0
2023-08-03 13:30:00-04:00,228.47000122070312,228.47000122070312,227.90499877929688,227.9550018310547,99821,0.0,0.0
2023-08-03 14:30:00-04:00,227.89999389648438,228.02000427246094,227.14999389648438,227.5500030517578,103755,0.0,0.0
2023-08-03 15:30:00-04:00,227.5500030517578,227.6999969482422,226.7550048828125,227.22999572753906,189179,0.0,0.0
2023-08-04 09:30:00-04:00,226.61000061035156,229.30999755859375,223.98500061035156,224.6540069580078,287431,0.0,0.0
2023-08-04 10:30:00-04:00,224.8800048828125,225.8000030517578,224.6649932861328,225.3249969482422,146609,0.0,0.0
2023-08-04 11:30:00-04:00,225.40499877929688,225.8300018310547,224.60000610351562,225.10000610351562,158378,0.0,0.0
2023-08-04 12:30:00-04:00,224.94000244140625,225.00999450683594,224.16000366210938,224.3000030517578,149131,0.0,0.0
2023-08-04 13:30:00-04:00,224.32000732421875,224.63999938964844,223.72000122070312,223.72999572753906,164317,0.0,0.0
2023-08-04 14:30:00-04:00,223.74000549316406,225.1750030517578,223.30999755859375,224.5500030517578,277725,0.0,0.0
2023-08-04 15:30:00-04:00,224.6199951171875,225.36000061035156,224.52999877929688,224.64999389648438,432794,0.0,0.0
2023-08-07 09:30:00-04:00,226.1300048828125,226.35699462890625,223.83999633789062,223.8800048828125,132617,0.0,0.0
2023-08-07 10:30:00-04:00,223.9499969482422,224.35499572753906,223.07000732421875,223.85000610351562,127866,0.0,0.0
2023-08-07 11:30:00-04:00,223.89999389648438,224.17999267578125,222.75999450683594,222.7899932861328,86955,0.0,0.0
2023-08-07 12:30:00-04:00,222.83999633789062,223.8000030517578,222.75999450683594,223.13999938964844,107820,0.0,0.0
2023-08-07 13:30:00-04:00,223.11000061035156,224.0,223.0,223.68499755859375,91682,0.0,0.0
2023-08-07 14:30:00-04:00,223.74000549316406,223.9499969482422,223.3699951171875,223.52000427246094,172638,0.0,0.0
2023-08-07 15:30:00-04:00,223.5,224.38999938964844,223.41000366210938,224.35000610351562,261337,0.0,0.0
2023-08-08 09:30:00-04:00,222.64999389648438,222.99000549316406,220.85000610351562,220.86000061035156,108435,0.0,0.0
2023-08-08 10:30:00-04:00,220.9499969482422,221.22000122070312,219.31500244140625,219.4499969482422,86004,0.0,0.0
2023-08-08 11:30:00-04:00,219.40499877929688,221.0800018310547,219.1699981689453,220.89999389648438,326029,0.0,0.0
2023-08-08 12:30:00-04:00,220.88499450683594,221.0,220.05999755859375,220.52499389648438,137627,0.0,0.0
2023-08-08 13:30:00-04:00,220.52999877929688,220.75790405273438,219.75,220.05499267578125,140028,0.0,0.0
2023-08-08 14:30:00-04:00,219.99000549316406,220.34100341796875,219.3800048828125,219.6199951171875,247175,0.0,0.0
2023-08-08 15:30:00-04:00,219.66000366210938,219.97000122070312,219.17999267578125,219.5800018310547,252428,0.0,0.0
2023-08-09 09:30:00-04:00,219.2100067138672,219.22000122070312,217.86000061035156,218.1750030517578,111529,0.0,0.0
2023-08-09 10:30:00-04:00,218.10000610351562,219.1999969482422,217.82000732421875,218.61000061035156,124559,0.0,0.0
2023-08-09 11:30:00-04:00,218.6699981689453,218.6999969482422,217.3800048828125,217.63099670410156,77272,0.0,0.0
2023-08-09 12:30:00-04:00,217.61000061035156,218.9600067138672,217.57000732421875,218.7899932861328,89902,0.0,0.0
2023-08-09 13:30:00-04:00,218.80499267578125,218.81500244140625,218.25,218.68499755859375,111259,0.0,0.0
2023-08-09 14:30:00-04:00,218.69000244140625,219.25,218.61500549316406,218.64999389648438,269946,0.0,0.0
2023-08-09 15:30:00-04:00,218.63999938964844,219.36000061035156,217.94000244140625,218.0,427488,0.0,0.0
2023-08-10 09:30:00-04:00,218.77000427246094,219.50999450683594,218.00999450683594,219.1699981689453,165755,0.0,0.0
2023-08-10 10:30:00-04:00,219.13999938964844,219.3300018310547,218.00999450683594,218.42999267578125,114103,0.0,0.0
2023-08-10 11:30:00-04:00,218.4199981689453,218.6199951171875,217.10009765625,217.2899932861328,76539,0.0,0.0
2023-08-10 12:30:00-04:00,217.27000427246094,217.77999877929688,217.0,217.53250122070312,61123,0.0,0.0
2023-08-10 13:30:00-04:00,217.47999572753906,218.0800018310547,217.27000427246094,217.86000061035156,101729,0.0,0.0
2023-08-10 14:30:00-04:00,217.85000610351562,218.35000610351562,217.47000122070312,217.60000610351562,131535,0.0,0.0
2023-08-10 15:30:00-04:00,217.47999572753906,217.85000610351562,216.91000366210938,217.49000549316406,201415,0.0,0.0
2023-08-11 09:30:00-04:00,216.57000732421875,216.97000122070312,215.61000061035156,215.91000366210938,138152,0.0,0.0
2023-08-11 10:30:00-04:00,215.9499969482422,216.1824951171875,214.8083953857422,214.9550018310547,152873,0.0,0.0
2023-08-11 11:30:00-04:00,214.97999572753906,215.8000030517578,214.91000366210938,215.10499572753906,122720,0.0,0.0
2023-08-11 12:30:00-04:00,215.0749969482422,216.0,214.9199981689453,215.72000122070312,88507,0.0,0.0
2023-08-11 13:30:00-04:00,215.72000122070312,215.74000549316406,214.6999969482422,215.03469848632812,126887,0.0,0.0
2023-08-11 14:30:00-04:00,215.03500366210938,216.75999450683594,215.03250122070312,216.66000366210938,178862,0.0,0.0
2023-08-11 15:30:00-04:00,216.64999389648438,216.7899932861328,215.75,215.9600067138672,181275,0.0,0.0
2023-08-14 09:30:00-04:00,214.6999969482422,215.74000549316406,213.0800018310547,213.5,125476,0.0,0.0
2023-08-14 10:30:00-04:00,213.5,214.5,213.27000427246094,214.05499267578125,86769,0.0,0.0
2023-08-14 11:30:00-04:00,214.05999755859375,214.63999938964844,213.71499633789062,213.9199981689453,64188,0.0,0.0
2023-08-14 12:30:00-04:00,213.8300018310547,214.3699951171875,213.8000030517578,214.3699951171875,52126,0.0,0.0
2023-08-14 13:30:00-04:00,214.39999389648438,215.0800018310547,214.10499572753906,214.9199981689453,68576,0.0,0.0
2023-08-14 14:30:00-04:00,214.9499969482422,215.24000549316406,214.6699981689453,215.03500366210938,81954,0.0,0.0
2023-08-14 15:30:00-04:00,215.0800018310547,215.5500030517578,214.8300018310547,215.35000610351562,126034,0.0,0.0
2023-08-15 09:30:00-04:00,214.63999938964844,214.63999938964844,212.38999938964844,212.5449981689453,101750,0.0,0.0
2023-08-15 10:30:00-04:00,212.67999267578125,212.88499450683594,211.4550018310547,211.75,64750,0.0,0.0
2023-08-15 11:30:00-04:00,211.72000122070312,212.17999267578125,211.02000427246094,211.02000427246094,68117,0.0,0.0
2023-08-15 12:30:00-04:00,211.125,211.1649932861328,208.66000366210938,209.14500427246094,322111,0.0,0.0
2023-08-15 13:30:00-04:00,209.08999633789062,209.1999969482422,208.51499938964844,209.02499389648438,177845,0.0,0.0
2023-08-15 14:30:00-04:00,209.08999633789062,209.73500061035156,208.78500366210938,208.78500366210938,237072,0.0,0.0
2023-08-15 15:30:00-04:00,208.72999572753906,209.14999389648438,208.49000549316406,208.86000061035156,345321,0.0,0.0
2023-08-16 09:30:00-04:00,208.55999755859375,210.37989807128906,208.02000427246094,208.26499938964844,109737,0.0,0.0
2023-08-16 10:30:00-04:00,208.2949981689453,209.1300048828125,207.8800048828125,208.44500732421875,78049,0.0,0.0
2023-08-16 11:30:00-04:00,208.5399932861328,208.82000732421875,208.0500030517578,208.63999938964844,105639,0.0,0.0
2023-08-16 12:30:00-04:00,208.61000061035156,208.8300018310547,208.16000366210938,208.22999572753906,64080,0.0,0.0
2023-08-16 13:30:00-04:00,208.22999572753906,209.22999572753906,208.1199951171875,209.11000061035156,95514,0.0,0.0
2023-08-16 14:30:00-04:00,209.1999969482422,209.3300018310547,207.0,207.36000061035156,132195,0.0,0.0
2023-08-16 15:30:00-04:00,207.32000732421875,207.8699951171875,207.25,207.63999938964844,230608,0.0,0.0
2023-08-17 09:30:00-04:00,207.91000366210938,210.99000549316406,207.88400268554688,210.6699981689453,129476,0.0,0.0
2023-08-17 10:30:00-04:00,210.5749969482422,210.66000366210938,209.55999755859375,210.14999389648438,92965,0.0,0.0
2023-08-17 11:30:00-04:00,210.05999755859375,210.36000061035156,209.39500427246094,210.19500732421875,52744,0.0,0.0
2023-08-17 12:30:00-04:00,210.2899932861328,210.2899932861328,208.8800048828125,209.0,48331,0.0,0.0
2023-08-17 13:30:00-04:00,209.10499572753906,209.5800018310547,208.88999938964844,209.00999450683594,80113,0.0,0.0
2023-08-17 14:30:00-04:00,209.07000732421875,209.47999572753906,208.24000549316406,208.9499969482422,114105,0.0,0.0
2023-08-17 15:30:00-04:00,208.9550018310547,209.0800018310547,208.32000732421875,208.47999572753906,182957,0.0,0.0
2023-08-18 09:30:00-04:00,207.63999938964844,210.98500061035156,207.63999938964844,210.98500061035156,157250,0.0,0.0
2023-08-18 10:30:00-04:00,211.05999755859375,211.39999389648438,210.22000122070312,210.86000061035156,163964,0.0,0.0
2023-08-18 11:30:00-04:00,210.89500427246094,211.0998992919922,210.19000244140625,211.0500030517578,67261,0.0,0.0
2023-08-18 12:30:00-04:00,211.05999755859375,212.14999389648438,210.60000610351562,211.77000427246094,94481,0.0,0.0
2023-08-18 13:30:00-04:00,211.8000030517578,212.39500427246094,211.60000610351562,212.30999755859375,117625,0.0,0.0
2023-08-18 14:30:00-04:00,212.32000732421875,212.75999450683594,211.82000732421875,212.5500030517578,141137,0.0,0.0
2023-08-18 15:30:00-04:00,212.5399932861328,212.94000244140625,211.88999938964844,212.1199951171875,271540,0.0,0.0
2023-08-21 09:30:00-04:00,211.0399932861328,212.49090576171875,211.0399932861328,211.60499572753906,151991,0.0,0.0
2023-08-21 10:30:00-04:00,211.60000610351562,211.8699951171875,211.34010314941406,211.4149932861328,89233,0.0,0.0
2023-08-21 11:30:00-04:00,211.52000427246094,211.55999755859375,209.4199981689453,209.8300018310547,153213,0.0,0.0
2023-08-21 12:30:00-04:00,209.7899932861328,210.17999267578125,209.24000549316406,210.0,154867,0.0,0.0
2023-08-21 13:30:00-04:00,210.0050048828125,210.47999572753906,209.8300018310547,210.0399932861328,108199,0.0,0.0
2023-08-21 14:30:00-04:00,210.04249572753906,210.8300018310547,209.97000122070312,210.60000610351562,129830,0.0,0.0
2023-08-21 15:30:00-04:00,210.64999389648438,210.9600067138672,209.89999389648438,210.1199951171875,190574,0.0,0.0
2023-08-22 09:30:00-04:00,210.66000366210938,211.4600067138672,209.58999633789062,210.6699981689453,81919,0.0,0.0
2023-08-22 10:30:00-04:00,210.6199951171875,210.66270446777344,209.8000030517578,210.42999267578125,94814,0.0,0.0
2023-08-22 11:30:00-04:00,210.4600067138672,210.57000732421875,208.6999969482422,208.6999969482422,71535,0.0,0.0
2023-08-22 12:30:00-04:00,208.7899932861328,209.17999267578125,207.6699981689453,207.72999572753906,105058,0.0,0.0
2023-08-22 13:30:00-04:00,207.7449951171875,208.69000244140625,207.66000366210938,208.27999877929688,69866,0.0,0.0
2023-08-22 14:30:00-04:00,208.2899932861328,209.1125030517578,208.08999633789062,208.92999267578125,106352,0.0,0.0
2023-08-22 15:30:00-04:00,208.9199981689453,209.07000732421875,208.50999450683594,208.74000549316406,176377,0.0,0.0
2023-08-23 09:30:00-04:00,208.72000122070312,210.2989959716797,208.72000122070312,209.0500030517578,116489,0.0,0.0
2023-08-23 10:30:00-04:00,209.0399932861328,209.9199981689453,208.61000061035156,209.9199981689453,61700,0.0,0.0
2023-08-23 11:30:00-04:00,209.9199981689453,210.25999450683594,209.42120361328125,209.52999877929688,61675,0.0,0.0
2023-08-23 12:30:00-04:00,209.5800018310547,210.58999633789062,209.55999755859375,210.38999938964844,58728,0.0,0.0
2023-08-23 13:30:00-04:00,210.38499450683594,210.8000030517578,210.14500427246094,210.3300018310547,39781,0.0,0.0
2023-08-23 14:30:00-04:00,210.27000427246094,210.6199951171875,209.97000122070312,210.52499389648438,54181,0.0,0.0
2023-08-23 15:30:00-04:00,210.66000366210938,210.82000732421875,210.21499633789062,210.6300048828125,84535,0.0,0.0
2023-08-24 09:30:00-04:00,209.8000030517578,211.27999877929688,209.77999877929688,210.11000061035156,69610,0.0,0.0
2023-08-24 10:30:00-04:00,209.92999267578125,210.7100067138672,209.6699981689453,210.47500610351562,49890,0.0,0.0
2023-08-24 11:30:00-04:00,210.4499969482422,210.4600067138672,209.70260620117188,209.75999450683594,55616,0.0,0.0
2023-08-24 12:30:00-04:00,209.75999450683594,210.375,209.6999969482422,210.02499389648438,48885,0.0,0.0
2023-08-24 13:30:00-04:00,210.1199951171875,210.28500366210938,209.47000122070312,209.86000061035156,55992,0.0,0.0
2023-08-24 14:30:00-04:00,209.86000061035156,210.00999450683594,209.3300018310547,209.74000549316406,76234,0.0,0.0
2023-08-24 15:30:00-04:00,209.7449951171875,209.89999389648438,208.47000122070312,208.55999755859375,127852,0.0,0.0
2023-08-25 09:30:00-04:00,209.60000610351562,210.11000061035156,208.85000610351562,209.5850067138672,51527,0.0,0.0
2023-08-25 10:30:00-04:00,209.3300018310547,210.22000122070312,208.91000366210938,210.1999969482422,68738,0.0,0.0
2023-08-25 11:30:00-04:00,210.2050018310547,210.7899932861328,209.97999572753906,210.60000610351562,86730,0.0,0.0
2023-08-25 12:30:00-04:00,210.6199951171875,210.7100067138672,209.6699981689453,209.8800048828125,42814,0.0,0.0
2023-08-25 13:30:00-04:00,209.80320739746094,210.92999267578125,209.49000549316406,210.8800048828125,62420,0.0,0.0
2023-08-25 14:30:00-04:00,210.97999572753906,211.55499267578125,210.8800048828125,211.52000427246094,105472,0.0,0.0
2023-08-25 15:30:00-04:00,211.5399932861328,211.5500030517578,210.55999755859375,210.61000061035156,150710,0.0,0.0
2023-08-28 09:30:00-04:00,210.0500030517578,214.52999877929688,210.0500030517578,214.35499572753906,113156,0.0,0.0
2023-08-28 10:30:00-04:00,214.30499267578125,214.52499389648438,213.75999450683594,213.9600067138672,103627,0.0,0.0
2023-08-28 11:30:00-04:00,214.02999877929688,214.1199951171875,213.16000366210938,213.16000366210938,139100,0.0,0.0
2023-08-28 12:30:00-04:00,213.216796875,213.3000030517578,212.3699951171875,212.5,56023,0.0,0.0
2023-08-28 13:30:00-04:00,212.50999450683594,212.75999450683594,211.11000061035156,211.24000549316406,71740,0.0,0.0
2023-08-28 14:30:00-04:00,211.23500061035156,211.40499877929688,210.72999572753906,211.3300018310547,99786,0.0,0.0
2023-08-28 15:30:00-04:00,211.27999877929688,211.95579528808594,211.1199951171875,211.22999572753906,163488,0.0,0.0
2023-08-29 09:30:00-04:00,210.9499969482422,211.3300018310547,208.8699951171875,210.13499450683594,209502,0.0,0.0
2023-08-29 10:30:00-04:00,210.13499450683594,210.36000061035156,208.91000366210938,209.78500366210938,141658,0.0,0.0
2023-08-29 11:30:00-04:00,209.78500366210938,210.4550018310547,209.4600067138672,209.50999450683594,114575,0.0,0.0
2023-08-29 12:30:00-04:00,209.51499938964844,209.51499938964844,208.64999389648438,209.07000732421875,216634,0.0,0.0
2023-08-29 13:30:00-04:00,209.1300048828125,209.72999572753906,208.55999755859375,208.83999633789062,132521,0.0,0.0
2023-08-29 14:30:00-04:00,208.83999633789062,209.14999389648438,207.32000732421875,208.11000061035156,219054,0.0,0.0
2023-08-29 15:30:00-04:00,208.11000061035156,208.11000061035156,207.38999938964844,207.72999572753906,334881,0.0,0.0
2023-08-30 09:30:00-04:00,208.5800018310547,211.1199951171875,208.36000061035156,208.78500366210938,160638,0.0,0.0
2023-08-30 10:30:00-04:00,208.7899932861328,209.7100067138672,208.7899932861328,209.2050018310547,123024,0.0,0.0
2023-08-30 11:30:00-04:00,209.2100067138672,209.34500122070312,208.75999450683594,209.25999450683594,93704,0.0,0.0
2023-08-30 12:30:00-04:00,209.19000244140625,209.3800048828125,208.9149932861328,209.1199951171875,110709,0.0,0.0
2023-08-30 13:30:00-04:00,209.05999755859375,209.11000061035156,208.26499938964844,208.69000244140625,126242,0.0,0.0
2023-08-30 14:30:00-04:00,208.69000244140625,209.58999633789062,208.6199951171875,209.38999938964844,138210,0.0,0.0
2023-08-30 15:30:00-04:00,209.5,209.72000122070312,209.02999877929688,209.5,328518,0.0,0.0
2023-08-31 09:30:00-04:00,209.5800018310547,209.5800018310547,206.7301025390625,207.8699951171875,112141,0.0,0.0
2023-08-31 10:30:00-04:00,207.83999633789062,208.08999633789062,207.08999633789062,207.19749450683594,59225,0.0,0.0
2023-08-31 11:30:00-04:00,207.2550048828125,207.2550048828125,206.02000427246094,206.70750427246094,88354,0.0,0.0
2023-08-31 12:30:00-04:00,206.75,207.19000244140625,206.38999938964844,206.77999877929688,98280,0.0,0.0
2023-08-31 13:30:00-04:00,206.7100067138672,207.19000244140625,206.0399932861328,206.125,92791,0.0,0.0
2023-08-31 14:30:00-04:00,206.0800018310547,206.52999877929688,205.41000366210938,205.63499450683594,213473,0.0,0.0
2023-08-31 15:30:00-04:00,205.64999389648438,205.82000732421875,204.88999938964844,204.9199981689453,283504,0.0,0.0
2023-09-01 09:30:00-04:00,206.0800018310547,208.63999938964844,205.38800048828125,207.63999938964844,187106,0.0,0.0
2023-09-01 10:30:00-04:00,207.6199951171875,207.68499755859375,206.3000030517578,206.3699951171875,115548,0.0,0.0
2023-09-01 11:30:00-04:00,206.25999450683594,206.30999755859375,205.27999877929688,205.625,81311,0.0,0.0
2023-09-01 12:30:00-04:00,205.7050018310547,205.75999450683594,205.11000061035156,205.11000061035156,56920,0.0,0.0
2023-09-01 13:30:00-04:00,205.1199951171875,206.52000427246094,204.7899932861328,205.85499572753906,93992,0.0,0.0
2023-09-01 14:30:00-04:00,205.89999389648438,206.44000244140625,205.5749969482422,205.61000061035156,111124,0.0,0.0
2023-09-01 15:30:00-04:00,205.61000061035156,206.41000366210938,205.61000061035156,206.38999938964844,176198,0.0,0.0
2023-09-05 09:30:00-04:00,205.39999389648438,205.39999389648438,201.86000061035156,203.1699981689453,418824,0.0,0.0
2023-09-05 10:30:00-04:00,203.1750030517578,203.97549438476562,203.01220703125,203.1300048828125,177095,0.0,0.0
2023-09-05 11:30:00-04:00,203.0399932861328,203.22000122070312,202.13999938964844,202.46499633789062,80349,0.0,0.0
2023-09-05 12:30:00-04:00,202.47669982910156,203.27000427246094,201.97000122070312,202.26499938964844,114975,0.0,0.0
2023-09-05 13:30:00-04:00,202.17999267578125,202.75,202.01499938964844,202.08999633789062,150526,0.0,0.0
2023-09-05 14:30:00-04:00,202.12249755859375,202.25,201.42999267578125,201.71499633789062,188675,0.0,0.0
2023-09-05 15:30:00-04:00,201.74000549316406,201.77999877929688,200.80999755859375,201.08999633789062,310037,0.0,0.0
2023-09-06 09:30:00-04:00,201.1699981689453,201.8000030517578,200.11000061035156,200.56500244140625,138543,0.0,0.0
2023-09-06 10:30:00-04:00,200.5,200.60000610351562,198.42999267578125,198.72999572753906,115514,0.0,0.0
2023-09-06 11:30:00-04:00,198.6800994873047,199.07000732421875,198.35000610351562,198.35000610351562,177116,0.0,0.0
2023-09-06 12:30:00-04:00,198.40499877929688,198.40499877929688,197.72000122070312,198.00999450683594,99778,0.0,0.0
2023-09-06 13:30:00-04:00,197.94000244140625,198.82000732421875,197.75999450683594,198.4700927734375,123888,0.0,0.0
2023-09-06 14:30:00-04:00,198.55499267578125,198.8000030517578,198.00999450683594,198.39500427246094,137705,0.0,0.0
2023-09-06 15:30:00-04:00,198.38999938964844,198.6300048828125,198.02999877929688,198.39999389648438,363134,0.0,0.0
2023-09-07 09:30:00-04:00,197.92999267578125,199.6199951171875,197.02999877929688,197.0500030517578,110715,0.0,0.0
2023-09-07 10:30:00-04:00,197.0050048828125,197.27999877929688,195.8800048828125,196.0500030517578,80425,0.0,0.0
2023-09-07 11:30:00-04:00,195.9600067138672,197.24000549316406,195.66000366210938,196.50999450683594,131080,0.0,0.0
2023-09-07 12:30:00-04:00,196.5800018310547,196.86000061035156,196.1510009765625,196.77000427246094,85680,0.0,0.0
2023-09-07 13:30:00-04:00,196.84500122070312,197.36990356445312,196.24000549316406,196.41000366210938,75032,0.0,0.0
2023-09-07 14:30:00-04:00,196.39999389648438,196.52000427246094,195.77999877929688,196.19000244140625,233950,0.0,0.0
2023-09-07 15:30:00-04:00,196.1699981689453,196.7449951171875,196.0500030517578,196.19000244140625,271390,0.0,0.0
2023-09-08 09:30:00-04:00,196.4199981689453,197.85000610351562,194.74000549316406,195.8800048828125,217952,0.0,0.0
2023-09-08 10:30:00-04:00,195.97999572753906,196.2550048828125,195.47999572753906,195.8300018310547,83274,0.0,0.0
2023-09-08 11:30:00-04:00,195.9199981689453,196.25999450683594,195.22000122070312,196.11000061035156,82345,0.0,0.0
2023-09-08 12:30:00-04:00,196.14999389648438,196.27999877929688,195.5720977783203,195.7050018310547,91883,0.0,0.0
2023-09-08 13:30:00-04:00,195.74000549316406,195.74000549316406,194.92230224609375,195.0399932861328,80099,0.0,0.0
2023-09-08 14:30:00-04:00,194.98500061035156,195.0850067138672,194.63999938964844,194.66000366210938,87658,0.0,0.0
2023-09-08 15:30:00-04:00,194.6649932861328,195.7100067138672,194.60000610351562,195.7100067138672,215514,0.0,0.0
2023-09-11 09:30:00-04:00,196.8300018310547,197.69000244140625,195.87559509277344,197.1699981689453,104807,0.0,0.0
2023-09-11 10:30:00-04:00,197.1699981689453,197.22999572753906,196.0500030517578,196.17999267578125,129886,0.0,0.0
2023-09-11 11:30:00-04:00,196.125,196.47500610351562,195.63999938964844,196.2899932861328,73885,0.0,0.0
2023-09-11 12:30:00-04:00,196.2550048828125,196.45640563964844,195.94000244140625,196.4199981689453,86721,0.0,0.0
2023-09-11 13:30:00-04:00,196.47999572753906,196.97000122070312,196.44000244140625,196.97000122070312,87783,0.0,0.0
2023-09-11 14:30:00-04:00,196.97000122070312,197.11000061035156,195.7100067138672,195.8000030517578,126653,0.0,0.0
2023-09-11 15:30:00-04:00,195.8000030517578,195.97000122070312,195.41000366210938,195.97000122070312,214048,0.0,0.0
2023-09-12 09:30:00-04:00,195.05999755859375,196.0500030517578,194.0500030517578,195.4700927734375,204942,0.0,0.0
2023-09-12 10:30:00-04:00,195.53500366210938,197.3498992919922,194.08999633789062,197.27999877929688,224045,0.0,0.0
2023-09-12 11:30:00-04:00,197.3800048828125,198.57000732421875,197.16000366210938,198.19000244140625,207778,0.0,0.0
2023-09-12 12:30:00-04:00,198.1699981689453,199.42999267578125,198.02999877929688,199.42999267578125,104395,0.0,0.0
2023-09-12 13:30:00-04:00,199.42999267578125,199.57000732421875,198.7050018310547,198.80999755859375,106383,0.0,0.0
2023-09-12 14:30:00-04:00,198.80999755859375,198.89999389648438,198.0399932861328,198.25,172067,0.0,0.0
2023-09-12 15:30:00-04:00,198.26499938964844,198.60000610351562,197.91000366210938,198.5399932861328,323437,0.0,0.0
2023-09-13 09:30:00-04:00,198.74000549316406,199.74000549316406,197.1199951171875,197.2899932861328,137028,0.0,0.0
2023-09-13 10:30:00-04:00,197.3300018310547,198.63999938964844,197.3300018310547,198.16000366210938,146814,0.0,0.0
2023-09-13 11:30:00-04:00,198.21499633789062,201.5800018310547,197.99000549316406,201.17999267578125,182383,0.0,0.0
2023-09-13 12:30:00-04:00,201.1649932861328,201.1649932861328,200.3939971923828,200.5500030517578,157000,0.0,0.0
2023-09-13 13:30:00-04:00,200.5449981689453,200.6999969482422,200.0399932861328,200.4550018310547,104140,0.0,0.0
2023-09-13 14:30:00-04:00,200.50999450683594,200.7899932861328,199.9600067138672,199.99000549316406,188272,0.0,0.0
2023-09-13 15:30:00-04:00,200.02000427246094,200.9199981689453,200.02000427246094,200.82000732421875,371630,0.0,0.0
2023-09-14 09:30:00-04:00,202.61000061035156,204.60000610351562,202.24000549316406,203.5,219996,0.0,0.0
2023-09-14 10:30:00-04:00,203.52000427246094,205.10000610351562,203.2899932861328,204.94500732421875,182887,0.0,0.0
2023-09-14 11:30:00-04:00,204.97000122070312,205.3800048828125,204.10000610351562,205.32000732421875,167435,0.0,0.0
2023-09-14 12:30:00-04:00,205.33999633789062,206.25,205.32000732421875,206.02000427246094,145505,0.0,0.0
2023-09-14 13:30:00-04:00,205.9949951171875,206.4149932861328,205.25,206.1999969482422,131729,0.0,0.0
2023-09-14 14:30:00-04:00,206.14999389648438,206.97000122070312,205.8300018310547,206.75,163135,0.0,0.0
2023-09-14 15:30:00-04:00,206.74000549316406,206.97999572753906,206.3000030517578,206.60000610351562,358138,0.0,0.0
2023-09-15 09:30:00-04:00,205.97000122070312,206.6750030517578,205.00999450683594,205.375,273904,0.0,0.0
2023-09-15 10:30:00-04:00,205.35000610351562,205.44000244140625,204.7100067138672,205.0800018310547,99924,0.0,0.0
2023-09-15 11:30:00-04:00,205.00999450683594,205.00999450683594,204.45620727539062,204.60760498046875,91361,0.0,0.0
2023-09-15 12:30:00-04:00,204.66000366210938,204.6699981689453,203.22000122070312,203.46499633789062,142234,0.0,0.0
2023-09-15 13:30:00-04:00,203.50999450683594,204.82000732421875,203.2100067138672,204.02000427246094,99704,0.0,0.0
2023-09-15 14:30:00-04:00,204.05999755859375,205.02000427246094,203.97999572753906,204.82000732421875,110378,0.0,0.0
2023-09-15 15:30:00-04:00,204.80499267578125,204.89999389648438,203.9199981689453,204.0500030517578,260029,0.0,0.0
2023-09-18 09:30:00-04:00,204.38999938964844,204.67999267578125,202.05999755859375,203.77499389648438,167713,0.0,0.0
2023-09-18 10:30:00-04:00,203.78500366210938,204.63999938964844,203.5800018310547,204.55999755859375,125390,0.0,0.0
2023-09-18 11:30:00-04:00,204.5850067138672,205.42999267578125,204.39999389648438,205.06500244140625,75413,0.0,0.0
2023-09-18 12:30:00-04:00,205.13999938964844,205.75,204.89999389648438,205.4600067138672,96980,0.0,0.0
2023-09-18 13:30:00-04:00,205.4600067138672,205.5800018310547,204.66000366210938,204.8000030517578,72875,0.0,0.0
2023-09-18 14:30:00-04:00,204.80999755859375,205.0800018310547,204.27000427246094,204.4149932861328,89024,0.0,0.0
2023-09-18 15:30:00-04:00,204.42999267578125,204.4600067138672,204.0800018310547,204.13999938964844,159723,0.0,0.0
2023-09-19 09:30:00-04:00,203.55999755859375,204.89700317382812,200.0800018310547,200.39500427246094,237058,0.0,0.0
2023-09-19 10:30:00-04:00,200.38999938964844,200.57000732421875,199.7100067138672,200.4199981689453,130283,0.0,0.0
2023-09-19 11:30:00-04:00,200.18499755859375,200.50999450683594,199.61000061035156,199.67999267578125,100989,0.0,0.0
2023-09-19 12:30:00-04:00,199.62759399414062,200.17999267578125,199.5,200.0,76861,0.0,0.0
2023-09-19 13:30:00-04:00,200.00999450683594,201.16000366210938,200.00999450683594,201.0749969482422,77021,0.0,0.0
2023-09-19 14:30:00-04:00,201.0800018310547,202.11000061035156,201.0301055908203,202.10000610351562,148622,0.0,0.0
2023-09-19 15:30:00-04:00,202.03500366210938,202.52499389648438,201.85000610351562,201.97000122070312,197336,0.0,0.0
2023-09-20 09:30:00-04:00,202.86000061035156,205.2698974609375,202.86000061035156,205.09500122070312,151078,0.0,0.0
2023-09-20 10:30:00-04:00,205.02499389648438,205.89500427246094,204.77000427246094,205.5399932861328,89040,0.0,0.0
2023-09-20 11:30:00-04:00,205.30999755859375,206.5800018310547,205.1699981689453,206.4600067138672,136120,0.0,0.0
2023-09-20 12:30:00-04:00,206.4600067138672,206.64999389648438,205.88999938964844,205.9550018310547,165606,0.0,0.0
2023-09-20 13:30:00-04:00,205.92999267578125,206.139892578125,205.27999877929688,205.30999755859375,192839,0.0,0.0
2023-09-20 14:30:00-04:00,205.23500061035156,206.05999755859375,204.58999633789062,205.39999389648438,209349,0.0,0.0
2023-09-20 15:30:00-04:00,205.39999389648438,205.5399932861328,204.77999877929688,205.2899932861328,423612,0.0,0.0
2023-09-21 09:30:00-04:00,204.14999389648438,204.39370727539062,201.83009338378906,202.13999938964844,143169,0.0,0.0
2023-09-21 10:30:00-04:00,202.0800018310547,203.4199981689453,201.72999572753906,202.75,133128,0.0,0.0
2023-09-21 11:30:00-04:00,202.72000122070312,203.11500549316406,202.33999633789062,202.47999572753906,104984,0.0,0.0
2023-09-21 12:30:00-04:00,202.45899963378906,203.0050048828125,201.80999755859375,202.875,80518,0.0,0.0
2023-09-21 13:30:00-04:00,202.9600067138672,203.57000732421875,202.84750366210938,202.97000122070312,146956,0.0,0.0
2023-09-21 14:30:00-04:00,202.83999633789062,203.22999572753906,202.22999572753906,202.22999572753906,124778,0.0,0.0
2023-09-21 15:30:00-04:00,202.24000549316406,202.39999389648438,201.11500549316406,201.3000030517578,226590,0.0,0.0
2023-09-22 09:30:00-04:00,200.6699981689453,204.86000061035156,200.64500427246094,203.91000366210938,190289,0.0,0.0
2023-09-22 10:30:00-04:00,203.8350067138672,204.32000732421875,203.51100158691406,203.86000061035156,101151,0.0,0.0
2023-09-22 11:30:00-04:00,203.8300018310547,204.0050048828125,202.32009887695312,202.52000427246094,73801,0.0,0.0
2023-09-22 12:30:00-04:00,202.5500030517578,202.94000244140625,202.22000122070312,202.60000610351562,93768,0.0,0.0
2023-09-22 13:30:00-04:00,202.61000061035156,202.80999755859375,202.10519409179688,202.38999938964844,84013,0.0,0.0
2023-09-22 14:30:00-04:00,202.4199981689453,203.85000610351562,202.19569396972656,203.4250030517578,117097,0.0,0.0
2023-09-22 15:30:00-04:00,203.38999938964844,203.40499877929688,202.2050018310547,202.5,211793,0.0,0.0
2023-09-25 09:30:00-04:00,201.2899932861328,203.30999755859375,201.2899932861328,202.6699981689453,192560,0.0,0.0
2023-09-25 10:30:00-04:00,202.69000244140625,202.9832000732422,202.2949981689453,202.66000366210938,158739,0.0,0.0
2023-09-25 11:30:00-04:00,202.77999877929688,203.19140625,202.4600067138672,202.5850067138672,53747,0.0,0.0
2023-09-25 12:30:00-04:00,202.64999389648438,202.97000122070312,202.1999969482422,202.86500549316406,65421,0.0,0.0
2023-09-25 13:30:00-04:00,202.89999389648438,202.9550018310547,202.2449951171875,202.2449951171875,57591,0.0,0.0
2023-09-25 14:30:00-04:00,202.15499877929688,203.02999877929688,202.09689331054688,203.02999877929688,129402,0.0,0.0
2023-09-25 15:30:00-04:00,203.0399932861328,203.27000427246094,202.86000061035156,202.88999938964844,233796,0.0,0.0
2023-09-26 09:30:00-04:00,201.58999633789062,202.32000732421875,200.63999938964844,201.05999755859375,86754,0.0,0.0
2023-09-26 10:30:00-04:00,201.0399932861328,201.13999938964844,200.15280151367188,200.55999755859375,67887,0.0,0.0
2023-09-26 11:30:00-04:00,200.50999450683594,200.88499450683594,200.02999877929688,200.07000732421875,98873,0.0,0.0
2023-09-26 12:30:00-04:00,200.0399932861328,200.33999633789062,199.63999938964844,199.74000549316406,71396,0.0,0.0
2023-09-26 13:30:00-04:00,199.64999389648438,199.6925048828125,198.85000610351562,198.92999267578125,70752,0.0,0.0
2023-09-26 14:30:00-04:00,198.97999572753906,199.46499633789062,198.74749755859375,198.86000061035156,133636,0.0,0.0
2023-09-26 15:30:00-04:00,198.89999389648438,198.91000366210938,198.1699981689453,198.2899932861328,204161,0.0,0.0
2023-09-27 09:30:00-04:00,199.2100067138672,199.88999938964844,195.89500427246094,196.74000549316406,143694,0.0,0.0
2023-09-27 10:30:00-04:00,196.72000122070312,196.88999938964844,195.39999389648438,195.5399932861328,108163,0.0,0.0
2023-09-27 11:30:00-04:00,195.5449981689453,195.9199981689453,194.7899932861328,195.61000061035156,141312,0.0,0.0
2023-09-27 12:30:00-04:00,195.6300048828125,196.19500732421875,194.77000427246094,194.82000732421875,90146,0.0,0.0
2023-09-27 13:30:00-04:00,194.85000610351562,195.23500061035156,194.38999938964844,195.0399932861328,84368,0.0,0.0
2023-09-27 14:30:00-04:00,195.14999389648438,196.82000732421875,195.10000610351562,196.37930297851562,136375,0.0,0.0
2023-09-27 15:30:00-04:00,196.30999755859375,196.3800048828125,195.63999938964844,196.22999572753906,175606,0.0,0.0
2023-09-28 09:30:00-04:00,196.08999633789062,197.1999969482422,195.36000061035156,196.7899932861328,97400,0.0,0.0
2023-09-28 10:30:00-04:00,196.7949981689453,198.01499938964844,196.3699951171875,197.80490112304688,113606,0.0,0.0
2023-09-28 11:30:00-04:00,197.86000061035156,198.13999938964844,196.97000122070312,197.78329467773438,72537,0.0,0.0
2023-09-28 12:30:00-04:00,197.60499572753906,197.88999938964844,197.0399932861328,197.0399932861328,46998,0.0,0.0
2023-09-28 13:30:00-04:00,197.0,198.19500732421875,196.69000244140625,197.67999267578125,151396,0.0,0.0
2023-09-28 14:30:00-04:00,197.6199951171875,199.00999450683594,197.05999755859375,199.0,106774,0.0,0.0
2023-09-28 15:30:00-04:00,198.99000549316406,199.0,197.33999633789062,197.52000427246094,220412,0.0,0.0
2023-09-29 09:30:00-04:00,199.27999877929688,199.5319061279297,198.0,198.80499267578125,76053,0.0,0.0
2023-09-29 10:30:00-04:00,198.72999572753906,199.35000610351562,198.3000030517578,198.9949951171875,56690,0.0,0.0
2023-09-29 11:30:00-04:00,198.7899932861328,198.8000030517578,197.86000061035156,198.7100067138672,46259,0.0,0.0
2023-09-29 12:30:00-04:00,198.7449951171875,198.85879516601562,196.8000030517578,197.3000030517578,51165,0.0,0.0
2023-09-29 13:30:00-04:00,197.34500122070312,197.5749969482422,196.36000061035156,196.3800048828125,48928,0.0,0.0
2023-09-29 14:30:00-04:00,196.36000061035156,197.83999633789062,196.30999755859375,196.8699951171875,102502,0.0,0.0
2023-09-29 15:30:00-04:00,196.8800048828125,197.4199981689453,196.38999938964844,196.97000122070312,132306,0.0,0.0
2023-10-02 09:30:00-04:00,189.1699981689453,192.00999450683594,186.82000732421875,191.3000030517578,512205,0.0,0.0
2023-10-02 10:30:00-04:00,191.34500122070312,191.49000549316406,189.7050018310547,191.25999450683594,317420,0.0,0.0
2023-10-02 11:30:00-04:00,191.27999877929688,191.72999572753906,189.14999389648438,189.63999938964844,197652,0.0,0.0
2023-10-02 12:30:00-04:00,189.71499633789062,190.36000061035156,189.41000366210938,190.11000061035156,125784,0.0,0.0
2023-10-02 13:30:00-04:00,190.11000061035156,191.27000427246094,189.82000732421875,190.52000427246094,171678,0.0,0.0
2023-10-02 14:30:00-04:00,190.5124969482422,191.1300048828125,189.9600067138672,190.94000244140625,204020,0.0,0.0
2023-10-02 15:30:00-04:00,190.94000244140625,191.75999450683594,190.9199981689453,191.5500030517578,331300,0.0,0.0
2023-10-03 09:30:00-04:00,190.0800018310547,194.63999938964844,190.0,193.36000061035156,152603,0.0,0.0
2023-10-03 10:30:00-04:00,193.25999450683594,193.47000122070312,192.14999389648438,193.25999450683594,123316,0.0,0.0
2023-10-03 11:30:00-04:00,193.13999938964844,193.44000244140625,192.72000122070312,193.0399932861328,61363,0.0,0.0
2023-10-03 12:30:00-04:00,193.13999938964844,193.2899932861328,192.40499877929688,192.74000549316406,45755,0.0,0.0
2023-10-03 13:30:00-04:00,192.66000366210938,193.0399932861328,191.66000366210938,191.9949951171875,67121,0.0,0.0
2023-10-03 14:30:00-04:00,191.98500061035156,192.51499938964844,191.85000610351562,192.3300018310547,132497,0.0,0.0
2023-10-03 15:30:00-04:00,192.3300018310547,192.7100067138672,191.96499633789062,192.47000122070312,215489,0.0,0.0
2023-10-04 09:30:00-04:00,192.1300048828125,194.0,191.8699951171875,192.1699981689453,136247,0.0,0.0
2023-10-04 10:30:00-04:00,192.1699981689453,192.46499633789062,190.80999755859375,192.27999877929688,71420,0.0,0.0
2023-10-04 11:30:00-04:00,192.24000549316406,193.01060485839844,191.94000244140625,192.88999938964844,64336,0.0,0.0
2023-10-04 12:30:00-04:00,192.91000366210938,193.05999755859375,191.32000732421875,191.3800048828125,146167,0.0,0.0
2023-10-04 13:30:00-04:00,191.4550018310547,192.1300048828125,191.4550018310547,191.97999572753906,51801,0.0,0.0
2023-10-04 14:30:00-04:00,192.0500030517578,192.52000427246094,192.0399932861328,192.41000366210938,94576,0.0,0.0
2023-10-04 15:30:00-04:00,192.4949951171875,193.27999877929688,192.4949951171875,192.8300018310547,107997,0.0,0.0
2023-10-05 09:30:00-04:00,192.08999633789062,192.83999633789062,189.11419677734375,189.11419677734375,123248,0.0,0.0
2023-10-05 10:30:00-04:00,189.22999572753906,189.63999938964844,188.63290405273438,189.0800018310547,117599,0.0,0.0
2023-10-05 11:30:00-04:00,189.14999389648438,190.05999755859375,188.8000030517578,189.9199981689453,90805,0.0,0.0
2023-10-05 12:30:00-04:00,189.94500732421875,190.24000549316406,189.4550018310547,189.72000122070312,72668,0.0,0.0
2023-10-05 13:30:00-04:00,189.77499389648438,191.49000549316406,189.77000427246094,191.0850067138672,106756,0.0,0.0
2023-10-05 14:30:00-04:00,191.10000610351562,191.64999389648438,190.78500366210938,190.99000549316406,80993,0.0,0.0
2023-10-05 15:30:00-04:00,190.9949951171875,191.13499450683594,190.6300048828125,190.74000549316406,164308,0.0,0.0
2023-10-06 09:30:00-04:00,189.42999267578125,190.375,188.5,189.31329345703125,86408,0.0,0.0
2023-10-06 10:30:00-04:00,189.32000732421875,190.63999938964844,189.32000732421875,190.48500061035156,74680,0.0,0.0
2023-10-06 11:30:00-04:00,190.60000610351562,191.97000122070312,190.4600067138672,190.77999877929688,101958,0.0,0.0
2023-10-06 12:30:00-04:00,190.83999633789062,191.22999572753906,190.5399932861328,190.88999938964844,79301,0.0,0.0
2023-10-06 13:30:00-04:00,191.05999755859375,192.2899932861328,191.01499938964844,192.1999969482422,116273,0.0,0.0
2023-10-06 14:30:00-04:00,192.16000366210938,193.5800018310547,192.0850067138672,192.86500549316406,204088,0.0,0.0
2023-10-06 15:30:00-04:00,192.94000244140625,193.0500030517578,191.41000366210938,191.49000549316406,170884,0.0,0.0
2023-10-09 09:30:00-04:00,191.50999450683594,196.30999755859375,191.3300018310547,194.0,376066,0.0,0.0
2023-10-09 10:30:00-04:00,194.0,194.43499755859375,193.25,194.02000427246094,96665,0.0,0.0
2023-10-09 11:30:00-04:00,194.14999389648438,195.1300048828125,193.75999450683594,194.60000610351562,82326,0.0,0.0
2023-10-09 12:30:00-04:00,194.69000244140625,195.1199951171875,193.92559814453125,195.1199951171875,70755,0.0,0.0
2023-10-09 13:30:00-04:00,195.19000244140625,196.77000427246094,195.02999877929688,196.69500732421875,95769,0.0,0.0
2023-10-09 14:30:00-04:00,196.6999969482422,196.92210388183594,195.8000030517578,196.02000427246094,103058,0.0,0.0
2023-10-09 15:30:00-04:00,196.0399932861328,196.33999633789062,195.64999389648438,195.83999633789062,167442,0.0,0.0
2023-10-10 09:30:00-04:00,197.22000122070312,198.7100067138672,196.6199951171875,198.6300048828125,127709,0.0,0.0
2023-10-10 10:30:00-04:00,198.63999938964844,199.69000244140625,198.46499633789062,199.23500061035156,138328,0.0,0.0
2023-10-10 11:30:00-04:00,199.23500061035156,199.99000549316406,199.17999267578125,199.83999633789062,102379,0.0,0.0
2023-10-10 12:30:00-04:00,199.7899932861328,200.1199951171875,199.10000610351562,199.71499633789062,113289,0.0,0.0
2023-10-10 13:30:00-04:00,199.82000732421875,200.22999572753906,199.5449981689453,199.8300018310547,152953,0.0,0.0
2023-10-10 14:30:00-04:00,199.77999877929688,200.84500122070312,199.7707061767578,200.7449951171875,202212,0.0,0.0
2023-10-10 15:30:00-04:00,200.6699981689453,201.1699981689453,200.33999633789062,200.82000732421875,330305,0.0,0.0
2023-10-11 09:30:00-04:00,201.00999450683594,203.38499450683594,201.00999450683594,202.94000244140625,246357,0.0,0.0
2023-10-11 10:30:00-04:00,203.02999877929688,203.39999389648438,200.64999389648438,200.86000061035156,150492,0.0,0.0
2023-10-11 11:30:00-04:00,200.94500732421875,201.42999267578125,200.5500030517578,200.92999267578125,63911,0.0,0.0
2023-10-11 12:30:00-04:00,200.9499969482422,201.41000366210938,200.75999450683594,201.3699951171875,68343,0.0,0.0
2023-10-11 13:30:00-04:00,201.3699951171875,202.4499969482422,201.1999969482422,202.05999755859375,89895,0.0,0.0
2023-10-11 14:30:00-04:00,202.05999755859375,202.36000061035156,201.89999389648438,202.15499877929688,113915,0.0,0.0
2023-10-11 15:30:00-04:00,202.13999938964844,202.72999572753906,201.97999572753906,202.02000427246094,210464,0.0,0.0
2023-10-12 09:30:00-04:00,202.3800048828125,202.5,200.14999389648438,200.47500610351562,151420,0.0,0.0
2023-10-12 10:30:00-04:00,200.44000244140625,201.27499389648438,199.6199951171875,201.1300048828125,104187,0.0,0.0
2023-10-12 11:30:00-04:00,201.0500030517578,201.2969970703125,200.5449981689453,200.94000244140625,71721,0.0,0.0
2023-10-12 12:30:00-04:00,200.94000244140625,201.0948944091797,199.0399932861328,199.05999755859375,57685,0.0,0.0
2023-10-12 13:30:00-04:00,198.9199981689453,199.22329711914062,198.27999877929688,199.0800018310547,87633,0.0,0.0
2023-10-12 14:30:00-04:00,199.0500030517578,200.42999267578125,198.89039611816406,200.41000366210938,95942,0.0,0.0
2023-10-12 15:30:00-04:00,200.5,201.1199951171875,200.4499969482422,200.97999572753906,252895,0.0,0.0
2023-10-13 09:30:00-04:00,201.7100067138672,204.10499572753906,201.38999938964844,202.32000732421875,75188,0.0,0.0
2023-10-13 10:30:00-04:00,202.35000610351562,203.17999267578125,202.14010620117188,202.85000610351562,60100,0.0,0.0
2023-10-13 11:30:00-04:00,202.86000061035156,203.17999267578125,202.02000427246094,202.72000122070312,50785,0.0,0.0
2023-10-13 12:30:00-04:00,202.6699981689453,202.6699981689453,201.0,201.0,63310,0.0,0.0
2023-10-13 13:30:00-04:00,200.80999755859375,201.88999938964844,200.58999633789062,201.2899932861328,75614,0.0,0.0
2023-10-13 14:30:00-04:00,201.30499267578125,201.77999877929688,200.7100067138672,200.80499267578125,105487,0.0,0.0
2023-10-13 15:30:00-04:00,200.9199981689453,201.2899932861328,200.55999755859375,200.92999267578125,132391,0.0,0.0
2023-10-16 09:30:00-04:00,202.55999755859375,209.9149932861328,201.9199981689453,208.6699981689453,484777,0.0,0.0
2023-10-16 10:30:00-04:00,208.61000061035156,210.1699981689453,208.52999877929688,209.3699951171875,204209,0.0,0.0
2023-10-16 11:30:00-04:00,209.41000366210938,209.41000366210938,208.02999877929688,208.44500732421875,115470,0.0,0.0
2023-10-16 12:30:00-04:00,208.5,209.08999633789062,207.85000610351562,208.50010681152344,137332,0.0,0.0
2023-10-16 13:30:00-04:00,208.6199951171875,209.92999267578125,208.5500030517578,208.72000122070312,190322,0.0,0.0
2023-10-16 14:30:00-04:00,208.7100067138672,209.2899932861328,208.64999389648438,209.13999938964844,173125,0.0,0.0
2023-10-16 15:30:00-04:00,209.1699981689453,209.2100067138672,207.30999755859375,207.63499450683594,355530,0.0,0.0
2023-10-17 09:30:00-04:00,206.4199981689453,209.22999572753906,206.4199981689453,208.71499633789062,133898,0.0,0.0
2023-10-17 10:30:00-04:00,208.77499389648438,209.57000732421875,208.3000030517578,209.57000732421875,92448,0.0,0.0
2023-10-17 11:30:00-04:00,209.57000732421875,210.24000549316406,209.41000366210938,210.19000244140625,102807,0.0,0.0
2023-10-17 12:30:00-04:00,210.1649932861328,210.22000122070312,207.91000366210938,207.97999572753906,88472,0.0,0.0
2023-10-17 13:30:00-04:00,207.9199981689453,208.00999450683594,207.1199951171875,207.6199951171875,99932,0.0,0.0
2023-10-17 14:30:00-04:00,207.55999755859375,208.59500122070312,207.4199981689453,208.07000732421875,159718,0.0,0.0
2023-10-17 15:30:00-04:00,208.10000610351562,208.15499877929688,207.6300048828125,207.86000061035156,177780,0.0,0.0
2023-10-18 09:30:00-04:00,206.3800048828125,207.0800018310547,203.88999938964844,204.67999267578125,95021,0.0,0.0
2023-10-18 10:30:00-04:00,204.60000610351562,204.74000549316406,203.94149780273438,204.4199981689453,81908,0.0,0.0
2023-10-18 11:30:00-04:00,204.52999877929688,205.46499633789062,204.14999389648438,204.75,73391,0.0,0.0
2023-10-18 12:30:00-04:00,204.75,206.50999450683594,204.69000244140625,205.64999389648438,113794,0.0,0.0
2023-10-18 13:30:00-04:00,205.68499755859375,205.94760131835938,204.8699951171875,205.0399932861328,107102,0.0,0.0
2023-10-18 14:30:00-04:00,205.02000427246094,205.19000244140625,203.89520263671875,204.02999877929688,85693,0.0,0.0
2023-10-18 15:30:00-04:00,204.08999633789062,204.39999389648438,203.2899932861328,203.3800048828125,206603,0.0,0.0
2023-10-19 09:30:00-04:00,205.52000427246094,206.08999633789062,203.24000549316406,203.66000366210938,171741,0.0,0.0
2023-10-19 10:30:00-04:00,203.8300018310547,203.9499053955078,202.6999969482422,203.39999389648438,97443,0.0,0.0
2023-10-19 11:30:00-04:00,203.11000061035156,204.9250030517578,202.66000366210938,203.06500244140625,117221,0.0,0.0
2023-10-19 12:30:00-04:00,203.1699981689453,205.02000427246094,202.4199981689453,204.32000732421875,96496,0.0,0.0
2023-10-19 13:30:00-04:00,204.5399932861328,204.5399932861328,202.3699951171875,202.53970336914062,94906,0.0,0.0
2023-10-19 14:30:00-04:00,202.36000061035156,202.36000061035156,200.27000427246094,200.6199951171875,212821,0.0,0.0
2023-10-19 15:30:00-04:00,200.5850067138672,201.1199951171875,199.9199981689453,200.07000732421875,271762,0.0,0.0
2023-10-20 09:30:00-04:00,200.41000366210938,203.27000427246094,199.5500030517578,201.26499938964844,343950,0.0,0.0
2023-10-20 10:30:00-04:00,201.0,202.34500122070312,200.71499633789062,201.07310485839844,137141,0.0,0.0
2023-10-20 11:30:00-04:00,200.69000244140625,201.55079650878906,200.58999633789062,201.00999450683594,66957,0.0,0.0
2023-10-20 12:30:00-04:00,201.1199951171875,202.0399932861328,200.92999267578125,201.3249969482422,59935,0.0,0.0
2023-10-20 13:30:00-04:00,201.41000366210938,201.60000610351562,200.64999389648438,201.19000244140625,53707,0.0,0.0
2023-10-20 14:30:00-04:00,201.20199584960938,202.0399932861328,201.1300048828125,201.63999938964844,90855,0.0,0.0
2023-10-20 15:30:00-04:00,201.6300048828125,201.8800048828125,201.22999572753906,201.7100067138672,229250,0.0,0.0
2023-10-23 09:30:00-04:00,200.3699951171875,201.5399932861328,198.33999633789062,199.58999633789062,151002,0.0,0.0
2023-10-23 10:30:00-04:00,199.57000732421875,200.05499267578125,198.55999755859375,199.61000061035156,138358,0.0,0.0
2023-10-23 11:30:00-04:00,199.5,200.20809936523438,198.98500061035156,199.47000122070312,116096,0.0,0.0
2023-10-23 12:30:00-04:00,199.3800048828125,200.1300048828125,198.66099548339844,199.17999267578125,117211,0.0,0.0
2023-10-23 13:30:00-04:00,199.1999969482422,199.72999572753906,198.74000549316406,199.0749969482422,162426,0.0,0.0
2023-10-23 14:30:00-04:00,199.19000244140625,199.50619506835938,197.1999969482422,197.2899932861328,132522,0.0,0.0
2023-10-23 15:30:00-04:00,197.2100067138672,197.47999572753906,196.39999389648438,196.83999633789062,291306,0.0,0.0
2023-10-24 09:30:00-04:00,198.14999389648438,199.0399932861328,197.0,198.25999450683594,131306,0.0,0.0
2023-10-24 10:30:00-04:00,198.13999938964844,198.13999938964844,195.30999755859375,195.30999755859375,154953,0.0,0.0
2023-10-24 11:30:00-04:00,195.30999755859375,195.89500427246094,194.60000610351562,195.07000732421875,161360,0.0,0.0
2023-10-24 12:30:00-04:00,195.14999389648438,195.38999938964844,194.41000366210938,194.75,170196,0.0,0.0
2023-10-24 13:30:00-04:00,194.7899932861328,195.13999938964844,194.33999633789062,194.9499969482422,209977,0.0,0.0
2023-10-24 14:30:00-04:00,194.9600067138672,196.49000549316406,194.93080139160156,196.39999389648438,236824,0.0,0.0
2023-10-24 15:30:00-04:00,196.4199981689453,196.4600067138672,195.94000244140625,196.22000122070312,406504,0.0,0.0
2023-10-25 09:30:00-04:00,186.0500030517578,195.0,183.08999633789062,188.64999389648438,675980,0.0,0.0
2023-10-25 10:30:00-04:00,188.69000244140625,190.49000549316406,188.00999450683594,188.60000610351562,257051,0.0,0.0
2023-10-25 11:30:00-04:00,188.5399932861328,189.1649932861328,185.61000061035156,185.64999389648438,255040,0.0,0.0
2023-10-25 12:30:00-04:00,185.64999389648438,187.7100067138672,185.5399932861328,187.22999572753906,137633,0.0,0.0
2023-10-25 13:30:00-04:00,187.07000732421875,188.36500549316406,186.44000244140625,187.36000061035156,178661,0.0,0.0
2023-10-25 14:30:00-04:00,187.27999877929688,188.13999938964844,186.94000244140625,187.24000549316406,224272,0.0,0.0
2023-10-25 15:30:00-04:00,187.24000549316406,187.9199981689453,185.6699981689453,185.75999450683594,463458,0.0,0.0
2023-10-26 09:30:00-04:00,186.11000061035156,188.62989807128906,184.53500366210938,188.36000061035156,407746,0.0,0.0
2023-10-26 10:30:00-04:00,188.31759643554688,189.7100067138672,186.6300048828125,188.9499969482422,206943,0.0,0.0
2023-10-26 11:30:00-04:00,189.05999755859375,189.1649932861328,186.89999389648438,187.4499969482422,114395,0.0,0.0
2023-10-26 12:30:00-04:00,187.36500549316406,187.8699951171875,186.02999877929688,186.1649932861328,108603,0.0,0.0
2023-10-26 13:30:00-04:00,186.0800018310547,187.4600067138672,185.8699951171875,186.5850067138672,174312,0.0,0.0
2023-10-26 14:30:00-04:00,186.52000427246094,187.58999633789062,186.30999755859375,186.5500030517578,192026,0.0,0.0
2023-10-26 15:30:00-04:00,186.5,186.57000732421875,185.1699981689453,185.27999877929688,299574,0.0,0.0
2023-10-27 09:30:00-04:00,184.14999389648438,186.77999877929688,184.14999389648438,186.28500366210938,136635,0.0,0.0
2023-10-27 10:30:00-04:00,186.21499633789062,186.5500030517578,185.02000427246094,185.4600067138672,139454,0.0,0.0
2023-10-27 11:30:00-04:00,185.5,185.58999633789062,184.54550170898438,184.72000122070312,97385,0.0,0.0
2023-10-27 12:30:00-04:00,184.7050018310547,185.3300018310547,184.24000549316406,184.9550018310547,107221,0.0,0.0
2023-10-27 13:30:00-04:00,184.8800048828125,184.9550018310547,184.1649932861328,184.24000549316406,98326,0.0,0.0
2023-10-27 14:30:00-04:00,184.08999633789062,184.77000427246094,183.75999450683594,184.55999755859375,134705,0.0,0.0
2023-10-27 15:30:00-04:00,184.55999755859375,184.85000610351562,183.99000549316406,184.6699981689453,278783,0.0,0.0
2023-10-30 09:30:00-04:00,185.47999572753906,186.49000549316406,184.6199951171875,185.97999572753906,145132,0.0,0.0
2023-10-30 10:30:00-04:00,186.1300048828125,187.25,185.61500549316406,186.26150512695312,83999,0.0,0.0
2023-10-30 11:30:00-04:00,186.3699951171875,187.60000610351562,186.3699951171875,187.32000732421875,90398,0.0,0.0
2023-10-30 12:30:00-04:00,187.41000366210938,188.16000366210938,186.9949951171875,188.0449981689453,71240,0.0,0.0
2023-10-30 13:30:00-04:00,188.17999267578125,188.97000122070312,187.7100067138672,188.97000122070312,111154,0.0,0.0
2023-10-30 14:30:00-04:00,189.01499938964844,189.57000732421875,188.65499877929688,189.47000122070312,172659,0.0,0.0
2023-10-30 15:30:00-04:00,189.43089294433594,189.52000427246094,187.52999877929688,187.5399932861328,216788,0.0,0.0
2023-10-31 09:30:00-04:00,188.25999450683594,191.16000366210938,187.75,190.5800018310547,164544,0.0,0.0
2023-10-31 10:30:00-04:00,190.53500366210938,191.67999267578125,190.30999755859375,191.5500030517578,93998,0.0,0.0
2023-10-31 11:30:00-04:00,191.6300048828125,191.9199981689453,190.6999969482422,191.36000061035156,92281,0.0,0.0
2023-10-31 12:30:00-04:00,191.25999450683594,191.47999572753906,190.8699951171875,191.24000549316406,52162,0.0,0.0
2023-10-31 13:30:00-04:00,191.3000030517578,191.74000549316406,190.69000244140625,190.69000244140625,83798,0.0,0.0
2023-10-31 14:30:00-04:00,190.75999450683594,191.1199951171875,190.5749969482422,191.0500030517578,80406,0.0,0.0
2023-10-31 15:30:00-04:00,191.00999450683594,191.0500030517578,190.60499572753906,190.8000030517578,161574,0.0,0.0
2023-11-01 09:30:00-04:00,191.5800018310547,192.74000549316406,191.11000061035156,192.74000549316406,89804,0.0,0.0
2023-11-01 10:30:00-04:00,192.67999267578125,192.80810546875,190.19500732421875,190.49000549316406,125669,0.0,0.0
2023-11-01 11:30:00-04:00,190.44000244140625,190.6699981689453,189.30499267578125,189.875,53369,0.0,0.0
2023-11-01 12:30:00-04:00,189.93499755859375,190.02999877929688,189.0,189.25,78531,0.0,0.0
2023-11-01 13:30:00-04:00,189.25,190.21249389648438,189.0399932861328,189.8000030517578,76003,0.0,0.0
2023-11-01 14:30:00-04:00,189.97999572753906,190.86000061035156,189.0500030517578,190.5749969482422,116497,0.0,0.0
2023-11-01 15:30:00-04:00,190.5,190.91000366210938,189.92999267578125,190.19000244140625,153911,0.0,0.0
2023-11-02 09:30:00-04:00,190.6199951171875,192.27000427246094,190.00999450683594,191.7100067138672,224020,0.0,0.0
2023-11-02 10:30:00-04:00,191.74000549316406,192.17999267578125,190.72000122070312,191.32000732421875,170602,0.0,0.0
2023-11-02 11:30:00-04:00,191.41000366210938,192.1999053955078,191.24009704589844,191.94839477539062,107777,0.0,0.0
2023-11-02 12:30:00-04:00,192.0399932861328,192.7899932861328,191.64999389648438,192.41000366210938,72669,0.0,0.0
2023-11-02 13:30:00-04:00,192.3800048828125,192.97999572753906,191.72500610351562,192.02000427246094,108997,0.0,0.0
2023-11-02 14:30:00-04:00,191.96499633789062,192.5800018310547,191.80999755859375,192.24000549316406,114379,0.0,0.0
2023-11-02 15:30:00-04:00,192.19000244140625,192.47999572753906,191.7100067138672,191.7899932861328,242754,0.0,0.0
2023-11-03 09:30:00-04:00,194.72999572753906,195.81500244140625,193.85000610351562,195.47000122070312,179457,0.0,0.0
2023-11-03 10:30:00-04:00,195.3300018310547,195.47999572753906,194.19000244140625,194.2550048828125,105152,0.0,0.0
2023-11-03 11:30:00-04:00,194.25999450683594,195.11000061035156,194.0,194.26499938964844,64240,0.0,0.0
2023-11-03 12:30:00-04:00,194.1999969482422,194.88999938964844,194.02999877929688,194.5,77779,0.0,0.0
2023-11-03 13:30:00-04:00,194.47500610351562,195.1999969482422,194.3000030517578,194.9600067138672,143042,0.0,0.0
2023-11-03 14:30:00-04:00,195.0,195.3699951171875,194.8699951171875,194.9199981689453,124157,0.0,0.0
2023-11-03 15:30:00-04:00,194.8000030517578,195.0399932861328,194.52999877929688,194.55999755859375,153133,0.0,0.0
2023-11-06 09:30:00-05:00,194.4600067138672,196.02999877929688,192.52999877929688,193.6999969482422,245345,0.0,0.0
2023-11-06 10:30:00-05:00,193.65499877929688,194.3800048828125,193.4149932861328,194.14500427246094,99356,0.0,0.0
2023-11-06 11:30:00-05:00,194.10000610351562,195.0,193.9250030517578,194.7010040283203,197511,0.0,0.0
2023-11-06 12:30:00-05:00,194.6699981689453,195.24000549316406,194.5500030517578,195.0500030517578,209531,0.0,0.0
2023-11-06 13:30:00-05:00,195.00439453125,195.47000122070312,194.5399932861328,194.80999755859375,172746,0.0,0.0
2023-11-06 14:30:00-05:00,194.80999755859375,195.74000549316406,194.58599853515625,195.2899932861328,194179,0.0,0.0
2023-11-06 15:30:00-05:00,195.2899932861328,195.4499969482422,195.00999450683594,195.3300018310547,172682,0.0,0.0
2023-11-07 09:30:00-05:00,194.38999938964844,195.26499938964844,193.5399932861328,194.4600067138672,174840,0.0,0.0
2023-11-07 10:30:00-05:00,194.52499389648438,195.08999633789062,194.52000427246094,195.0,75797,0.0,0.0
2023-11-07 11:30:00-05:00,195.0,195.10000610351562,193.97000122070312,194.03500366210938,87620,0.0,0.0
2023-11-07 12:30:00-05:00,193.89999389648438,193.95750427246094,193.32000732421875,193.8699951171875,59419,0.0,0.0
2023-11-07 13:30:00-05:00,193.83999633789062,194.25,193.0,193.43499755859375,73446,0.0,0.0
2023-11-07 14:30:00-05:00,193.41000366210938,194.19000244140625,193.16000366210938,194.06170654296875,120757,0.0,0.0
2023-11-07 15:30:00-05:00,194.0399932861328,194.5,193.9499969482422,194.39999389648438,317454,0.0,0.0
2023-11-08 09:30:00-05:00,195.52000427246094,195.97999572753906,194.3800048828125,195.86000061035156,143098,0.0,0.0
2023-11-08 10:30:00-05:00,195.7899932861328,195.8350067138672,194.72000122070312,195.22000122070312,112855,0.0,0.0
2023-11-08 11:30:00-05:00,195.0800018310547,195.60000610351562,194.3177947998047,194.52999877929688,216213,0.0,0.0
2023-11-08 12:30:00-05:00,194.41000366210938,194.94000244140625,194.21499633789062,194.50999450683594,197373,0.0,0.0
2023-11-08 13:30:00-05:00,194.51499938964844,194.74000549316406,194.32000732421875,194.5,316576,0.0,0.0
2023-11-08 14:30:00-05:00,194.5,194.97999572753906,194.5,194.82000732421875,93920,0.0,0.0
2023-11-08 15:30:00-05:00,194.74000549316406,195.33999633789062,194.69000244140625,194.89999389648438,200640,0.0,0.0
2023-11-09 09:30:00-05:00,195.66000366210938,196.0,193.7899932861328,194.3300018310547,106466,0.0,0.0
2023-11-09 10:30:00-05:00,194.44000244140625,195.30999755859375,194.1699981689453,194.7949981689453,55243,0.0,0.0
2023-11-09 11:30:00-05:00,194.7899932861328,195.4499969482422,194.66000366210938,195.41000366210938,158950,0.0,0.0
2023-11-09 12:30:00-05:00,195.36000061035156,195.58999633789062,194.35499572753906,194.63999938964844,59516,0.0,0.0
2023-11-09 13:30:00-05:00,194.66000366210938,194.66000366210938,193.26100158691406,193.80999755859375,54059,0.0,0.0
2023-11-09 14:30:00-05:00,193.83999633789062,194.0,193.14999389648438,193.6999969482422,152948,0.0,0.0
2023-11-09 15:30:00-05:00,193.77000427246094,194.05409240722656,193.69000244140625,193.82000732421875,196506,0.0,0.0
2023-11-10 09:30:00-05:00,194.5800018310547,195.1999969482422,193.82000732421875,194.99000549316406,96478,0.0,0.0
2023-11-10 10:30:00-05:00,194.85000610351562,195.48500061035156,194.1199951171875,195.2100067138672,252766,0.0,0.0
2023-11-10 11:30:00-05:00,195.25,195.52999877929688,194.6699981689453,194.9044952392578,80556,0.0,0.0
2023-11-10 12:30:00-05:00,195.02000427246094,196.12460327148438,195.00999450683594,195.82589721679688,115741,0.0,0.0
2023-11-10 13:30:00-05:00,195.64999389648438,196.49000549316406,195.63999938964844,195.89999389648438,88083,0.0,0.0
2023-11-10 14:30:00-05:00,196.0,196.72999572753906,195.57000732421875,196.7100067138672,143569,0.0,0.0
2023-11-10 15:30:00-05:00,196.66000366210938,197.19000244140625,196.61000061035156,196.9499969482422,218068,0.0,0.0
2023-11-13 09:30:00-05:00,195.97000122070312,198.16000366210938,195.75999450683594,196.9199981689453,260278,0.0,0.0
2023-11-13 10:30:00-05:00,196.81500244140625,198.24000549316406,196.74000549316406,197.9600067138672,152859,0.0,0.0
2023-11-13 11:30:00-05:00,198.00999450683594,199.17999267578125,197.80999755859375,199.02000427246094,171489,0.0,0.0
2023-11-13 12:30:00-05:00,198.92999267578125,198.9600067138672,198.32000732421875,198.75999450683594,111501,0.0,0.0
2023-11-13 13:30:00-05:00,198.7100067138672,199.35499572753906,198.47500610351562,198.9149932861328,144374,0.0,0.0
2023-11-13 14:30:00-05:00,198.8800048828125,199.0800018310547,198.4669952392578,198.8699951171875,138545,0.0,0.0
2023-11-13 15:30:00-05:00,198.8699951171875,199.34500122070312,198.82000732421875,199.08999633789062,337792,0.0,0.0
2023-11-14 09:30:00-05:00,201.8000030517578,204.92999267578125,201.44000244140625,204.89999389648438,152899,0.0,0.0
2023-11-14 10:30:00-05:00,204.86000061035156,206.49000549316406,204.80999755859375,206.2100067138672,165648,0.0,0.0
2023-11-14 11:30:00-05:00,206.27999877929688,206.3800048828125,204.4499969482422,204.4499969482422,112590,0.0,0.0
2023-11-14 12:30:00-05:00,204.4550018310547,204.85000610351562,204.27630615234375,204.74000549316406,108313,0.0,0.0
2023-11-14 13:30:00-05:00,204.67999267578125,205.07000732421875,204.47000122070312,204.77000427246094,126291,0.0,0.0
2023-11-14 14:30:00-05:00,204.75,205.2449951171875,204.7100067138672,204.97999572753906,135860,0.0,0.0
2023-11-14 15:30:00-05:00,205.0,205.0399932861328,203.88999938964844,204.25,218545,0.0,0.0
2023-11-15 09:30:00-05:00,204.89999389648438,207.3800048828125,204.89999389648438,207.02999877929688,96334,0.0,0.0
2023-11-15 10:30:00-05:00,207.11000061035156,209.1300048828125,207.11000061035156,208.14999389648438,215625,0.0,0.0
2023-11-15 11:30:00-05:00,208.32000732421875,208.63999938964844,207.61000061035156,208.0500030517578,167501,0.0,0.0
2023-11-15 12:30:00-05:00,208.0800018310547,208.47999572753906,206.97999572753906,207.11000061035156,73140,0.0,0.0
2023-11-15 13:30:00-05:00,207.13999938964844,207.8000030517578,207.0850067138672,207.3000030517578,109170,0.0,0.0
2023-11-15 14:30:00-05:00,207.23500061035156,207.75999450683594,207.19000244140625,207.5,145401,0.0,0.0
2023-11-15 15:30:00-05:00,207.47999572753906,207.47999572753906,206.77999877929688,207.07000732421875,180834,0.0,0.0
2023-11-16 09:30:00-05:00,208.0,208.99000549316406,207.4250030517578,208.28500366210938,246945,0.0,0.0
2023-11-16 10:30:00-05:00,208.27999877929688,208.66000366210938,207.49000549316406,207.6199951171875,158594,0.0,0.0
2023-11-16 11:30:00-05:00,207.59500122070312,207.6300048828125,205.6999969482422,205.80999755859375,81412,0.0,0.0
2023-11-16 12:30:00-05:00,205.76300048828125,207.0800018310547,205.76300048828125,206.66000366210938,90960,0.0,0.0
2023-11-16 13:30:00-05:00,206.66000366210938,207.19000244140625,206.4600067138672,206.99000549316406,87826,0.0,0.0
2023-11-16 14:30:00-05:00,206.99000549316406,208.1999969482422,206.9199981689453,207.9499969482422,112336,0.0,0.0
2023-11-16 15:30:00-05:00,207.97999572753906,208.52000427246094,207.86000061035156,208.33999633789062,203998,0.0,0.0
2023-11-17 09:30:00-05:00,210.0,211.08999633789062,208.22659301757812,210.72500610351562,192744,0.0,0.0
2023-11-17 10:30:00-05:00,210.75999450683594,210.80499267578125,209.9199981689453,209.9199981689453,102708,0.0,0.0
2023-11-17 11:30:00-05:00,209.96229553222656,210.75999450683594,209.8699951171875,210.3925018310547,100042,0.0,0.0
2023-11-17 12:30:00-05:00,210.4199981689453,210.92999267578125,210.4199981689453,210.8300018310547,63437,0.0,0.0
2023-11-17 13:30:00-05:00,210.91000366210938,211.41000366210938,210.89999389648438,211.07000732421875,100507,0.0,0.0
2023-11-17 14:30:00-05:00,211.11000061035156,211.6199951171875,211.08999633789062,211.44500732421875,152066,0.0,0.0
2023-11-17 15:30:00-05:00,211.44500732421875,211.52999877929688,210.66000366210938,211.13999938964844,273863,0.0,0.0
2023-11-20 09:30:00-05:00,210.50999450683594,211.1199951171875,208.61000061035156,210.75,279068,0.0,0.0
2023-11-20 10:30:00-05:00,210.7100067138672,211.25,210.47999572753906,210.75,222407,0.0,0.0
2023-11-20 11:30:00-05:00,210.77000427246094,210.80999755859375,209.77999877929688,210.3249969482422,139957,0.0,0.0
2023-11-20 12:30:00-05:00,210.36000061035156,210.9600067138672,209.97999572753906,210.9600067138672,106446,0.0,0.0
2023-11-20 13:30:00-05:00,210.9199981689453,211.24000549316406,210.68499755859375,210.90609741210938,67215,0.0,0.0
2023-11-20 14:30:00-05:00,210.97000122070312,212.55499267578125,210.97000122070312,212.45399475097656,213420,0.0,0.0
2023-11-20 15:30:00-05:00,212.39999389648438,212.47000122070312,211.83999633789062,212.07000732421875,347477,0.0,0.0
2023-11-21 09:30:00-05:00,211.82000732421875,212.36000061035156,209.55999755859375,212.26499938964844,191202,0.0,0.0
2023-11-21 10:30:00-05:00,212.10000610351562,212.34249877929688,211.24000549316406,211.63999938964844,110090,0.0,0.0
2023-11-21 11:30:00-05:00,211.6199951171875,211.94000244140625,211.1199951171875,211.5399932861328,85283,0.0,0.0
2023-11-21 12:30:00-05:00,211.57000732421875,212.55999755859375,211.52999877929688,212.5,73482,0.0,0.0
2023-11-21 13:30:00-05:00,212.5,213.19000244140625,212.4600067138672,213.19000244140625,102070,0.0,0.0
2023-11-21 14:30:00-05:00,213.19000244140625,213.30999755859375,212.7100067138672,212.8800048828125,128799,0.0,0.0
2023-11-21 15:30:00-05:00,212.8800048828125,213.27999877929688,212.72000122070312,213.0500030517578,277142,0.0,0.0
2023-11-22 09:30:00-05:00,214.17999267578125,214.55999755859375,212.4600067138672,212.9600067138672,198504,0.0,0.0
2023-11-22 10:30:00-05:00,213.1300048828125,213.8300018310547,213.05999755859375,213.60000610351562,75902,0.0,0.0
2023-11-22 11:30:00-05:00,213.6300048828125,213.94439697265625,213.4199981689453,213.47500610351562,88664,0.0,0.0
2023-11-22 12:30:00-05:00,213.47500610351562,213.82000732421875,213.4600067138672,213.7949981689453,89277,0.0,0.0
2023-11-22 13:30:00-05:00,213.8000030517578,213.91000366210938,213.55999755859375,213.91000366210938,75944,0.0,0.0
2023-11-22 14:30:00-05:00,213.9199981689453,214.19000244140625,213.61500549316406,214.0500030517578,116095,0.0,0.0
2023-11-22 15:30:00-05:00,214.02999877929688,214.05999755859375,213.5800018310547,213.89999389648438,140671,0.0,0.0
2023-11-24 09:30:00-05:00,214.2100067138672,215.77699279785156,213.39999389648438,215.2949981689453,168032,0.0,0.0
2023-11-24 10:30:00-05:00,215.2899932861328,216.11000061035156,215.1199951171875,215.8325958251953,120142,0.0,0.0
2023-11-24 11:30:00-05:00,215.8350067138672,215.98500061035156,215.38070678710938,215.50999450683594,88279,0.0,0.0
2023-11-27 09:30:00-05:00,214.61000061035156,214.82000732421875,211.16000366210938,213.8726043701172,208424,0.0,0.0
2023-11-27 10:30:00-05:00,213.8699951171875,213.9550018310547,212.60000610351562,213.05999755859375,130616,0.0,0.0
2023-11-27 11:30:00-05:00,213.00999450683594,213.77499389648438,213.00999450683594,213.28500366210938,158859,0.0,0.0
2023-11-27 12:30:00-05:00,213.2899932861328,213.375,211.55999755859375,211.77000427246094,133669,0.0,0.0
2023-11-27 13:30:00-05:00,211.72000122070312,211.9499969482422,211.1300048828125,211.77999877929688,137184,0.0,0.0
2023-11-27 14:30:00-05:00,211.6300048828125,212.1300048828125,211.41000366210938,212.0500030517578,212989,0.0,0.0
2023-11-27 15:30:00-05:00,212.07000732421875,212.3175048828125,211.375,211.8800048828125,419362,0.0,0.0
2023-11-28 09:30:00-05:00,212.64999389648438,214.80999755859375,212.27999877929688,214.21499633789062,172982,0.0,0.0
2023-11-28 10:30:00-05:00,214.20750427246094,214.7100067138672,213.94000244140625,214.1699981689453,77601,0.0,0.0
2023-11-28 11:30:00-05:00,214.1750030517578,215.11000061035156,213.52000427246094,213.67999267578125,83110,0.0,0.0
2023-11-28 12:30:00-05:00,213.4199981689453,213.52000427246094,212.3300018310547,213.0050048828125,78660,0.0,0.0
2023-11-28 13:30:00-05:00,213.02999877929688,213.35000610351562,212.61000061035156,212.91000366210938,80169,0.0,0.0
2023-11-28 14:30:00-05:00,212.88999938964844,213.47000122070312,212.75,213.35499572753906,118024,0.0,0.0
2023-11-28 15:30:00-05:00,213.35000610351562,213.42999267578125,212.3699951171875,212.39999389648438,227139,0.0,0.0
2023-11-29 09:30:00-05:00,212.92999267578125,215.0749969482422,211.8000030517578,215.0749969482422,96236,0.0,0.0
2023-11-29 10:30:00-05:00,215.03750610351562,215.17999267578125,214.30999755859375,214.77000427246094,95070,0.0,0.0
2023-11-29 11:30:00-05:00,214.72000122070312,214.72999572753906,213.94500732421875,214.47999572753906,60780,0.0,0.0
2023-11-29 12:30:00-05:00,214.38999938964844,214.75,214.25999450683594,214.5749969482422,55524,0.0,0.0
2023-11-29 13:30:00-05:00,214.5749969482422,215.5,214.4127960205078,214.5449981689453,98565,0.0,0.0
2023-11-29 14:30:00-05:00,214.5500030517578,215.02999877929688,214.2100067138672,214.75999450683594,130834,0.0,0.0
2023-11-29 15:30:00-05:00,214.77999877929688,215.2899932861328,214.3699951171875,215.0399932861328,259143,0.0,0.0
2023-11-30 09:30:00-05:00,216.0800018310547,217.1699981689453,214.3217010498047,217.08999633789062,89598,0.0,0.0
2023-11-30 10:30:00-05:00,217.05499267578125,218.0800018310547,216.85000610351562,217.53500366210938,115314,0.0,0.0
2023-11-30 11:30:00-05:00,217.5,217.64999389648438,216.25999450683594,216.39999389648438,102584,0.0,0.0
2023-11-30 12:30:00-05:00,216.49000549316406,217.83999633789062,216.38999938964844,217.83999633789062,109470,0.0,0.0
2023-11-30 13:30:00-05:00,217.84500122070312,217.97999572753906,217.24000549316406,217.6300048828125,99956,0.0,0.0
2023-11-30 14:30:00-05:00,217.5500030517578,217.5500030517578,216.94000244140625,217.25,93960,0.0,0.0
2023-11-30 15:30:00-05:00,217.25,218.47999572753906,217.24000549316406,218.14999389648438,299018,0.0,0.0
2023-12-01 09:30:00-05:00,222.0,223.77499389648438,220.1199951171875,223.5399932861328,251259,0.0,0.0
2023-12-01 10:30:00-05:00,223.50999450683594,225.2100067138672,223.32000732421875,224.27999877929688,174910,0.0,0.0
2023-12-01 11:30:00-05:00,224.22999572753906,225.64500427246094,223.83999633789062,225.27999877929688,113195,0.0,0.0
2023-12-01 12:30:00-05:00,225.16000366210938,226.1699981689453,225.0919952392578,225.40499877929688,117644,0.0,0.0
2023-12-01 13:30:00-05:00,225.30999755859375,225.9499969482422,225.1199951171875,225.7050018310547,154798,0.0,0.0
2023-12-01 14:30:00-05:00,225.72000122070312,226.8800048828125,225.66079711914062,226.54750061035156,171918,0.0,0.0
2023-12-01 15:30:00-05:00,226.44000244140625,226.9542999267578,226.3699951171875,226.4499969482422,219450,0.0,0.0
2023-12-04 09:30:00-05:00,225.69000244140625,229.14999389648438,225.00999450683594,228.97999572753906,295756,0.0,0.0
2023-12-04 10:30:00-05:00,228.83999633789062,229.24000549316406,227.5207061767578,228.09500122070312,132694,0.0,0.0
2023-12-04 11:30:00-05:00,228.02000427246094,228.5,227.8699951171875,228.17999267578125,133095,0.0,0.0
2023-12-04 12:30:00-05:00,228.19000244140625,228.4499969482422,227.55999755859375,227.7082061767578,104045,0.0,0.0
2023-12-04 13:30:00-05:00,227.61000061035156,227.9600067138672,226.64999389648438,227.00999450683594,107242,0.0,0.0
2023-12-04 14:30:00-05:00,227.00999450683594,227.1750030517578,225.8000030517578,226.8300018310547,237409,0.0,0.0
2023-12-04 15:30:00-05:00,226.8800048828125,228.3800048828125,226.52000427246094,227.97000122070312,272513,0.0,0.0
2023-12-05 09:30:00-05:00,226.6300048828125,226.97000122070312,223.66000366210938,224.66000366210938,127933,0.0,0.0
2023-12-05 10:30:00-05:00,224.63499450683594,225.0500030517578,223.5200958251953,224.49000549316406,111545,0.0,0.0
2023-12-05 11:30:00-05:00,224.50599670410156,224.66299438476562,223.50999450683594,224.3321075439453,85278,0.0,0.0
2023-12-05 12:30:00-05:00,224.28500366210938,224.8300018310547,223.9499969482422,224.6999969482422,77333,0.0,0.0
2023-12-05 13:30:00-05:00,224.65499877929688,224.9499969482422,223.91000366210938,224.13499450683594,116024,0.0,0.0
2023-12-05 14:30:00-05:00,224.17999267578125,224.60000610351562,223.91000366210938,224.23399353027344,81253,0.0,0.0
2023-12-05 15:30:00-05:00,224.16000366210938,224.5500030517578,223.89999389648438,223.9199981689453,192578,0.0,0.0
2023-12-06 09:30:00-05:00,225.11000061035156,225.1999969482422,223.8699951171875,224.3800048828125,139037,0.0,0.0
2023-12-06 10:30:00-05:00,224.35000610351562,225.889892578125,224.27999877929688,225.4199981689453,181559,0.0,0.0
2023-12-06 11:30:00-05:00,225.4199981689453,226.05999755859375,225.22999572753906,225.75,152832,0.0,0.0
2023-12-06 12:30:00-05:00,225.72390747070312,227.11000061035156,225.72000122070312,227.01499938964844,243231,0.0,0.0
2023-12-06 13:30:00-05:00,227.02000427246094,228.67999267578125,226.77499389648438,227.77999877929688,307212,0.0,0.0
2023-12-06 14:30:00-05:00,227.82000732421875,228.44000244140625,227.7899932861328,228.22000122070312,298493,0.0,0.0
2023-12-06 15:30:00-05:00,228.16000366210938,228.74000549316406,227.72999572753906,228.11000061035156,334596,0.0,0.0
2023-12-07 09:30:00-05:00,229.0399932861328,229.11000061035156,225.25999450683594,226.55999755859375,102312,0.0,0.0
2023-12-07 10:30:00-05:00,226.77000427246094,227.33999633789062,226.11000061035156,226.1300048828125,80520,0.0,0.0
2023-12-07 11:30:00-05:00,226.02000427246094,226.57000732421875,225.83999633789062,225.91000366210938,74472,0.0,0.0
2023-12-07 12:30:00-05:00,225.97999572753906,226.88229370117188,225.92999267578125,226.60000610351562,93219,0.0,0.0
2023-12-07 13:30:00-05:00,226.63999938964844,227.5399932861328,226.5500030517578,227.5399932861328,81426,0.0,0.0
2023-12-07 14:30:00-05:00,227.53500366210938,227.74000549316406,227.11000061035156,227.24000549316406,90497,0.0,0.0
2023-12-07 15:30:00-05:00,227.2550048828125,227.63999938964844,227.0500030517578,227.35000610351562,185417,0.0,0.0
2023-12-08 09:30:00-05:00,227.4600067138672,227.63999938964844,224.00999450683594,225.71499633789062,204660,0.0,0.0
2023-12-08 10:30:00-05:00,225.69500732421875,225.76499938964844,222.32000732421875,222.58999633789062,216127,0.0,0.0
2023-12-08 11:30:00-05:00,222.53500366210938,223.32000732421875,222.30499267578125,222.4199981689453,136361,0.0,0.0
2023-12-08 12:30:00-05:00,222.42999267578125,222.5500030517578,221.69500732421875,222.13999938964844,103893,0.0,0.0
2023-12-08 13:30:00-05:00,221.99000549316406,222.27999877929688,221.22000122070312,221.22000122070312,128878,0.0,0.0
2023-12-08 14:30:00-05:00,221.24000549316406,222.27000427246094,221.24000549316406,221.7449951171875,111841,0.0,0.0
2023-12-08 15:30:00-05:00,221.6999969482422,222.1300048828125,220.8699951171875,220.96749877929688,279219,0.0,0.0
2023-12-11 09:30:00-05:00,221.94000244140625,222.9600067138672,220.9199981689453,221.39999389648438,172702,0.0,0.0
2023-12-11 10:30:00-05:00,221.47999572753906,222.0500030517578,221.02999877929688,221.92999267578125,148988,0.0,0.0
2023-12-11 11:30:00-05:00,221.9250030517578,222.2100067138672,221.55999755859375,221.80999755859375,150899,0.0,0.0
2023-12-11 12:30:00-05:00,221.7899932861328,221.89500427246094,221.13999938964844,221.77000427246094,75586,0.0,0.0
2023-12-11 13:30:00-05:00,221.77999877929688,222.0050048828125,221.32000732421875,221.39999389648438,78978,0.0,0.0
2023-12-11 14:30:00-05:00,221.4499969482422,221.4600067138672,220.84010314941406,221.2899932861328,115875,0.0,0.0
2023-12-11 15:30:00-05:00,221.27000427246094,221.9600067138672,221.1699981689453,221.77000427246094,142496,0.0,0.0
2023-12-12 09:30:00-05:00,222.0800018310547,223.0850067138672,221.0200958251953,222.67999267578125,104972,0.0,0.0
2023-12-12 10:30:00-05:00,222.64999389648438,223.11000061035156,221.91000366210938,221.94000244140625,69102,0.0,0.0
2023-12-12 11:30:00-05:00,222.05999755859375,222.69000244140625,221.60000610351562,222.5399932861328,82976,0.0,0.0
2023-12-12 12:30:00-05:00,222.58999633789062,222.58999633789062,221.86000061035156,222.31500244140625,58389,0.0,0.0
2023-12-12 13:30:00-05:00,222.34500122070312,222.7100067138672,221.8300018310547,221.97000122070312,107237,0.0,0.0
2023-12-12 14:30:00-05:00,221.97000122070312,223.1199951171875,221.9499969482422,222.88999938964844,119950,0.0,0.0
2023-12-12 15:30:00-05:00,222.8300018310547,222.8300018310547,221.80999755859375,222.36000061035156,251369,0.0,0.0
2023-12-13 09:30:00-05:00,221.72000122070312,222.38499450683594,220.83999633789062,222.27499389648438,68081,0.0,0.0
2023-12-13 10:30:00-05:00,222.21080017089844,222.7899932861328,221.55599975585938,221.64999389648438,77850,0.0,0.0
2023-12-13 11:30:00-05:00,221.69000244140625,221.71499633789062,220.625,221.02499389648438,82059,0.0,0.0
2023-12-13 12:30:00-05:00,221.00999450683594,221.28990173339844,220.25999450683594,220.77999877929688,66143,0.0,0.0
2023-12-13 13:30:00-05:00,220.8300018310547,225.1300048828125,220.8249969482422,225.00999450683594,121506,0.0,0.0
2023-12-13 14:30:00-05:00,225.02499389648438,227.30499267578125,224.58999633789062,226.0449981689453,142023,0.0,0.0
2023-12-13 15:30:00-05:00,226.05999755859375,227.7899932861328,225.9600067138672,227.5800018310547,197988,0.0,0.0
2023-12-14 09:30:00-05:00,227.88999938964844,232.6999969482422,227.0850067138672,232.1699981689453,194763,0.0,0.0
2023-12-14 10:30:00-05:00,232.21499633789062,232.25,231.22000122070312,231.8000030517578,166194,0.0,0.0
2023-12-14 11:30:00-05:00,231.84500122070312,233.88499450683594,231.7100067138672,233.33999633789062,143431,0.0,0.0
2023-12-14 12:30:00-05:00,233.33169555664062,233.63999938964844,232.19000244140625,232.9499969482422,111533,0.0,0.0
2023-12-14 13:30:00-05:00,232.94000244140625,232.94000244140625,231.30999755859375,231.75,101145,0.0,0.0
2023-12-14 14:30:00-05:00,231.72000122070312,233.33999633789062,231.67999267578125,233.27000427246094,206299,0.0,0.0
2023-12-14 15:30:00-05:00,233.27999877929688,233.88999938964844,232.94000244140625,233.80999755859375,328245,0.0,0.0
2023-12-15 09:30:00-05:00,230.64999389648438,234.55999755859375,230.55999755859375,233.80250549316406,372734,0.0,0.0
2023-12-15 10:30:00-05:00,233.94000244140625,234.75,233.27999877929688,233.77000427246094,100437,0.0,0.0
2023-12-15 11:30:00-05:00,233.69000244140625,234.17999267578125,233.41000366210938,233.41000366210938,104193,0.0,0.0
2023-12-15 12:30:00-05:00,233.49000549316406,233.5800018310547,232.34500122070312,232.60000610351562,80036,0.0,0.0
2023-12-15 13:30:00-05:00,232.4499969482422,232.61500549316406,231.65499877929688,231.85000610351562,83891,0.0,0.0
2023-12-15 14:30:00-05:00,231.77999877929688,232.40499877929688,231.67999267578125,232.17999267578125,98480,0.0,0.0
2023-12-15 15:30:00-05:00,232.17999267578125,232.9199981689453,231.75999450683594,232.27999877929688,224548,0.0,0.0
2023-12-18 09:30:00-05:00,233.55999755859375,236.02999877929688,232.75,234.5050048828125,149155,0.0,0.0
2023-12-18 10:30:00-05:00,234.33999633789062,235.63510131835938,233.72000122070312,235.56500244140625,58237,0.0,0.0
2023-12-18 11:30:00-05:00,235.6300048828125,235.6300048828125,234.52000427246094,235.07000732421875,47507,0.0,0.0
2023-12-18 12:30:00-05:00,234.92999267578125,235.25999450683594,234.52999877929688,234.69000244140625,49284,0.0,0.0
2023-12-18 13:30:00-05:00,234.61000061035156,234.61000061035156,232.58880615234375,232.67999267578125,69561,0.0,0.0
2023-12-18 14:30:00-05:00,232.7050018310547,233.0,232.39999389648438,232.41000366210938,81448,0.0,0.0
2023-12-18 15:30:00-05:00,232.4600067138672,232.85000610351562,232.07000732421875,232.11000061035156,172244,0.0,0.0
2023-12-19 09:30:00-05:00,232.44000244140625,233.50999450683594,230.77999877929688,232.11000061035156,100053,0.0,0.0
2023-12-19 10:30:00-05:00,232.08999633789062,233.0399932861328,231.72999572753906,232.72000122070312,70791,0.0,0.0
2023-12-19 11:30:00-05:00,232.5850067138672,232.86500549316406,232.0522003173828,232.58999633789062,54536,0.0,0.0
2023-12-19 12:30:00-05:00,232.52000427246094,233.25,232.4199981689453,232.76499938964844,81383,0.0,0.0
2023-12-19 13:30:00-05:00,232.78500366210938,233.17999267578125,232.44000244140625,232.6199951171875,93936,0.0,0.0
2023-12-19 14:30:00-05:00,232.6199951171875,233.35000610351562,232.47000122070312,232.97500610351562,100434,0.0,0.0
2023-12-19 15:30:00-05:00,233.0,233.88999938964844,232.5,233.61000061035156,211946,0.0,0.0
2023-12-20 09:30:00-05:00,231.4499969482422,235.11500549316406,231.4499969482422,234.68499755859375,87223,0.0,0.0
2023-12-20 10:30:00-05:00,234.8300018310547,235.68499755859375,233.47999572753906,233.57000732421875,80848,0.0,0.0
2023-12-20 11:30:00-05:00,233.625,234.30999755859375,233.1999969482422,234.22500610351562,55067,0.0,0.0
2023-12-20 12:30:00-05:00,234.2949981689453,234.92999267578125,233.97000122070312,234.41000366210938,46199,0.0,0.0
2023-12-20 13:30:00-05:00,234.38999938964844,234.6699981689453,233.7100067138672,233.7100067138672,66433,0.0,0.0
2023-12-20 14:30:00-05:00,233.7899932861328,233.8800048828125,230.77000427246094,230.9499969482422,100455,0.0,0.0
2023-12-20 15:30:00-05:00,230.92999267578125,231.41000366210938,229.52000427246094,229.61000061035156,181336,0.0,0.0
2023-12-21 09:30:00-05:00,229.55999755859375,232.99000549316406,229.55999755859375,231.96499633789062,95025,0.0,0.0
2023-12-21 10:30:00-05:00,231.8251953125,233.1649932861328,231.8251953125,232.98500061035156,62539,0.0,0.0
2023-12-21 11:30:00-05:00,233.10499572753906,233.5500030517578,232.1199951171875,232.31480407714844,75124,0.0,0.0
2023-12-21 12:30:00-05:00,232.32000732421875,232.8800048828125,231.97999572753906,232.85000610351562,50858,0.0,0.0
2023-12-21 13:30:00-05:00,232.89999389648438,233.49000549316406,232.44000244140625,233.49000549316406,51451,0.0,0.0
2023-12-21 14:30:00-05:00,233.47500610351562,234.0,233.0399932861328,234.0,105850,0.0,0.0
2023-12-21 15:30:00-05:00,234.07000732421875,234.66000366210938,233.78500366210938,234.3800048828125,217150,0.0,0.0
2023-12-22 09:30:00-05:00,234.9600067138672,236.57000732421875,234.18809509277344,236.30999755859375,155004,0.0,0.0
2023-12-22 10:30:00-05:00,236.32000732421875,236.41000366210938,234.84500122070312,234.84500122070312,69163,0.0,0.0
2023-12-22 11:30:00-05:00,234.88999938964844,235.03500366210938,234.33999633789062,234.7449951171875,52610,0.0,0.0
2023-12-22 12:30:00-05:00,234.7449951171875,235.31500244140625,234.64500427246094,234.80999755859375,49643,0.0,0.0
2023-12-22 13:30:00-05:00,234.7550048828125,235.24000549316406,233.80999755859375,233.97999572753906,51923,0.0,0.0
2023-12-22 14:30:00-05:00,233.8300018310547,234.86000061035156,233.57000732421875,234.64999389648438,54494,0.0,0.0
2023-12-22 15:30:00-05:00,234.5399932861328,234.5500030517578,233.8249969482422,234.1300048828125,100585,0.0,0.0
2023-12-26 09:30:00-05:00,234.1300048828125,235.72000122070312,234.05999755859375,235.18499755859375,51902,0.0,0.0
2023-12-26 10:30:00-05:00,235.25,235.59500122070312,235.1999969482422,235.23500061035156,64028,0.0,0.0
2023-12-26 11:30:00-05:00,235.33999633789062,236.44000244140625,235.33999633789062,236.1649932861328,47711,0.0,0.0
2023-12-26 12:30:00-05:00,236.1649932861328,236.66000366210938,235.86000061035156,236.38999938964844,88126,0.0,0.0
2023-12-26 13:30:00-05:00,236.4149932861328,237.28500366210938,236.07000732421875,237.0449981689453,88135,0.0,0.0
2023-12-26 14:30:00-05:00,237.0399932861328,237.63999938964844,237.02000427246094,237.24000549316406,96451,0.0,0.0
2023-12-26 15:30:00-05:00,237.22999572753906,237.41000366210938,236.22999572753906,236.44000244140625,132903,0.0,0.0
2023-12-27 09:30:00-05:00,235.17999267578125,236.52999877929688,234.74000549316406,236.4188995361328,39484,0.0,0.0
2023-12-27 10:30:00-05:00,236.10499572753906,236.4600067138672,235.10000610351562,235.26499938964844,46378,0.0,0.0
2023-12-27 11:30:00-05:00,235.25999450683594,236.0653076171875,235.2100067138672,235.88999938964844,35261,0.0,0.0
2023-12-27 12:30:00-05:00,235.9149932861328,236.64999389648438,235.60000610351562,236.00999450683594,55478,0.0,0.0
2023-12-27 13:30:00-05:00,235.9949951171875,235.9949951171875,234.6999969482422,235.33999633789062,65354,0.0,0.0
2023-12-27 14:30:00-05:00,235.41000366210938,235.8000030517578,235.22999572753906,235.27000427246094,39606,0.0,0.0
2023-12-27 15:30:00-05:00,235.3249969482422,235.69500732421875,234.77000427246094,235.67999267578125,106212,0.0,0.0
2023-12-28 09:30:00-05:00,235.9600067138672,236.5,235.41000366210938,235.47000122070312,63044,0.0,0.0
2023-12-28 10:30:00-05:00,235.60000610351562,236.36500549316406,235.44000244140625,236.1199951171875,35603,0.0,0.0
2023-12-28 11:30:00-05:00,236.18499755859375,236.5,235.89199829101562,236.10000610351562,51404,0.0,0.0
2023-12-28 12:30:00-05:00,236.17999267578125,236.42999267578125,235.50999450683594,236.0601043701172,38629,0.0,0.0
2023-12-28 13:30:00-05:00,236.22999572753906,236.48500061035156,235.97000122070312,236.3000030517578,39732,0.0,0.0
2023-12-28 14:30:00-05:00,236.3699951171875,236.5800018310547,235.97500610351562,236.33999633789062,54378,0.0,0.0
2023-12-28 15:30:00-05:00,236.3800048828125,236.9499969482422,236.2100067138672,236.67999267578125,140331,0.0,0.0
2023-12-29 09:30:00-05:00,236.5,237.22999572753906,235.3000030517578,236.75,77291,0.0,0.0
2023-12-29 10:30:00-05:00,236.60899353027344,236.76499938964844,235.63499450683594,235.82000732421875,60877,0.0,0.0
2023-12-29 11:30:00-05:00,235.6999969482422,235.97500610351562,235.1699981689453,235.50999450683594,39178,0.0,0.0
2023-12-29 12:30:00-05:00,235.49000549316406,236.1699981689453,235.4600067138672,235.52999877929688,37549,0.0,0.0
2023-12-29 13:30:00-05:00,235.59500122070312,236.5500030517578,235.59500122070312,236.41000366210938,43806,0.0,0.0
2023-12-29 14:30:00-05:00,236.4199981689453,237.1300048828125,236.27999877929688,237.10000610351562,69455,0.0,0.0
2023-12-29 15:30:00-05:00,237.10499572753906,237.11000061035156,236.11000061035156,236.3800048828125,176488,0.0,0.0
2024-01-02 09:30:00-05:00,235.57000732421875,238.24000549316406,234.23500061035156,237.24000549316406,89870,0.0,0.0
2024-01-02 10:30:00-05:00,236.8800048828125,236.8800048828125,235.67999267578125,236.30499267578125,50363,0.0,0.0
2024-01-02 11:30:00-05:00,236.4600067138672,237.30999755859375,235.6999969482422,235.89149475097656,73020,0.0,0.0
2024-01-02 12:30:00-05:00,235.97000122070312,237.5,235.4600067138672,237.07000732421875,94218,0.0,0.0
2024-01-02 13:30:00-05:00,236.99000549316406,237.1190948486328,235.80499267578125,235.89999389648438,53881,0.0,0.0
2024-01-02 14:30:00-05:00,235.83999633789062,236.10000610351562,234.80999755859375,234.91000366210938,84459,0.0,0.0
2024-01-02 15:30:00-05:00,234.92999267578125,235.67999267578125,234.64999389648438,235.67999267578125,108378,0.0,0.0
2024-01-03 09:30:00-05:00,235.5800018310547,235.5800018310547,233.08999633789062,233.65499877929688,82533,0.0,0.0
2024-01-03 10:30:00-05:00,233.64999389648438,233.7689971923828,232.231201171875,233.10499572753906,63429,0.0,0.0
2024-01-03 11:30:00-05:00,233.10000610351562,233.77999877929688,232.47999572753906,233.77999877929688,83292,0.0,0.0
2024-01-03 12:30:00-05:00,233.68350219726562,234.27999877929688,233.3800048828125,233.47999572753906,49941,0.0,0.0
2024-01-03 13:30:00-05:00,233.50999450683594,234.1199951171875,233.08999633789062,233.9600067138672,77460,0.0,0.0
2024-01-03 14:30:00-05:00,234.14999389648438,234.14999389648438,231.98500061035156,232.22999572753906,88935,0.0,0.0
2024-01-03 15:30:00-05:00,232.3000030517578,233.02000427246094,232.2899932861328,232.85000610351562,169160,0.0,0.0
2024-01-04 09:30:00-05:00,232.77999877929688,233.4134063720703,231.46949768066406,232.30999755859375,99116,0.0,0.0
2024-01-04 10:30:00-05:00,232.25999450683594,233.30499267578125,232.13999938964844,233.11000061035156,54597,0.0,0.0
2024-01-04 11:30:00-05:00,233.27000427246094,233.27000427246094,232.08999633789062,232.47999572753906,50544,0.0,0.0
2024-01-04 12:30:00-05:00,232.39999389648438,232.63999938964844,232.07000732421875,232.14999389648438,36404,0.0,0.0
2024-01-04 13:30:00-05:00,232.1999969482422,232.35000610351562,231.97000122070312,232.20750427246094,54007,0.0,0.0
2024-01-04 14:30:00-05:00,232.05999755859375,232.32000732421875,231.58999633789062,232.13999938964844,74571,0.0,0.0
2024-01-04 15:30:00-05:00,232.18499755859375,232.5800018310547,230.83999633789062,231.1300048828125,261113,0.0,0.0
2024-01-05 09:30:00-05:00,231.0800018310547,231.90989685058594,229.6199951171875,230.52000427246094,128049,0.0,0.0
2024-01-05 10:30:00-05:00,230.50999450683594,230.98899841308594,229.19000244140625,229.3300018310547,119826,0.0,0.0
2024-01-05 11:30:00-05:00,229.32000732421875,229.60000610351562,228.67999267578125,228.89999389648438,84002,0.0,0.0
2024-01-05 12:30:00-05:00,228.89999389648438,229.5800018310547,228.6199951171875,229.4199981689453,75854,0.0,0.0
2024-01-05 13:30:00-05:00,229.63999938964844,230.04429626464844,229.35000610351562,229.6300048828125,115500,0.0,0.0
2024-01-05 14:30:00-05:00,229.6300048828125,229.77000427246094,228.44000244140625,228.77999877929688,167387,0.0,0.0
2024-01-05 15:30:00-05:00,228.77000427246094,229.1300048828125,228.5,228.92999267578125,340475,0.0,0.0
2024-01-08 09:30:00-05:00,228.57000732421875,228.88499450683594,226.0800018310547,228.38999938964844,138697,0.0,0.0
2024-01-08 10:30:00-05:00,228.38999938964844,228.9604034423828,228.2899932861328,228.74000549316406,89893,0.0,0.0
2024-01-08 11:30:00-05:00,228.8699951171875,228.8699951171875,228.2100067138672,228.43499755859375,61083,0.0,0.0
2024-01-08 12:30:00-05:00,228.47000122070312,228.8699951171875,228.44000244140625,228.6699981689453,57392,0.0,0.0
2024-01-08 13:30:00-05:00,228.69000244140625,229.33999633789062,228.50999450683594,229.2008056640625,126979,0.0,0.0
2024-01-08 14:30:00-05:00,229.2899932861328,229.46499633789062,228.64999389648438,228.9250030517578,170532,0.0,0.0
2024-01-08 15:30:00-05:00,228.8699951171875,229.9499969482422,228.7899932861328,229.6300048828125,315124,0.0,0.0
2024-01-09 09:30:00-05:00,227.97999572753906,228.77000427246094,226.8699951171875,227.42990112304688,99206,0.0,0.0
2024-01-09 10:30:00-05:00,227.2100067138672,227.60499572753906,226.2550048828125,226.53500366210938,126705,0.0,0.0
2024-01-09 11:30:00-05:00,226.5500030517578,228.47999572753906,226.5500030517578,228.2100067138672,86454,0.0,0.0
2024-01-09 12:30:00-05:00,228.25,228.25,227.4600067138672,227.50999450683594,46254,0.0,0.0
2024-01-09 13:30:00-05:00,227.56500244140625,227.8444061279297,226.77999877929688,226.94239807128906,76238,0.0,0.0
2024-01-09 14:30:00-05:00,226.9199981689453,227.7100067138672,226.9199981689453,227.5800018310547,113257,0.0,0.0
2024-01-09 15:30:00-05:00,227.63999938964844,228.28500366210938,227.47999572753906,227.5,226353,0.0,0.0
2024-01-10 09:30:00-05:00,227.02000427246094,227.80999755859375,226.27999877929688,226.4499969482422,67122,0.0,0.0
2024-01-10 10:30:00-05:00,226.5449981689453,227.52999877929688,226.4199981689453,226.7949981689453,92408,0.0,0.0
2024-01-10 11:30:00-05:00,226.66000366210938,227.61000061035156,226.4600067138672,227.49000549316406,32839,0.0,0.0
2024-01-10 12:30:00-05:00,227.42999267578125,227.8699951171875,227.1699981689453,227.5,32699,0.0,0.0
2024-01-10 13:30:00-05:00,227.48980712890625,227.68499755859375,227.16000366210938,227.68499755859375,62233,0.0,0.0
2024-01-10 14:30:00-05:00,227.69000244140625,228.36000061035156,227.610107421875,227.8699951171875,51609,0.0,0.0
2024-01-10 15:30:00-05:00,227.77999877929688,228.91000366210938,227.47999572753906,228.86000061035156,166062,0.0,0.0
2024-01-11 09:30:00-05:00,228.0,228.0,224.72999572753906,225.25,85591,0.0,0.0
2024-01-11 10:30:00-05:00,225.25,225.85000610351562,224.4199981689453,225.30999755859375,80369,0.0,0.0
2024-01-11 11:30:00-05:00,225.33999633789062,225.91000366210938,224.89999389648438,225.58999633789062,45201,0.0,0.0
2024-01-11 12:30:00-05:00,225.6125030517578,226.47000122070312,225.3699951171875,226.0050048828125,43361,0.0,0.0
2024-01-11 13:30:00-05:00,226.0050048828125,226.3300018310547,225.8300018310547,226.2899932861328,71109,0.0,0.0
2024-01-11 14:30:00-05:00,226.65249633789062,227.22000122070312,226.27000427246094,226.73500061035156,112768,0.0,0.0
2024-01-11 15:30:00-05:00,226.8300018310547,227.40499877929688,226.50999450683594,226.52000427246094,188819,0.0,0.0
2024-01-12 09:30:00-05:00,227.85000610351562,228.4600067138672,226.25,227.19970703125,81766,0.0,0.0
2024-01-12 10:30:00-05:00,227.14500427246094,227.7100067138672,226.72000122070312,227.7100067138672,101794,0.0,0.0
2024-01-12 11:30:00-05:00,227.7899932861328,227.97000122070312,227.11500549316406,227.56500244140625,34499,0.0,0.0
2024-01-12 12:30:00-05:00,227.72000122070312,228.67999267578125,227.60000610351562,228.52000427246094,43450,0.0,0.0
2024-01-12 13:30:00-05:00,228.57749938964844,229.02000427246094,228.48500061035156,228.7100067138672,42958,0.0,0.0
2024-01-12 14:30:00-05:00,228.69000244140625,229.1999969482422,228.47999572753906,229.1999969482422,81459,0.0,0.0
2024-01-12 15:30:00-05:00,229.14999389648438,229.77000427246094,229.13999938964844,229.50999450683594,128211,0.0,0.0
2024-01-16 09:30:00-05:00,228.50999450683594,229.82000732421875,226.7899932861328,229.73500061035156,95597,0.0,0.0
2024-01-16 10:30:00-05:00,229.77499389648438,230.3300018310547,229.22999572753906,229.6699981689453,88469,0.0,0.0
2024-01-16 11:30:00-05:00,229.77999877929688,229.77999877929688,228.5850067138672,228.6199951171875,32585,0.0,0.0
2024-01-16 12:30:00-05:00,228.6199951171875,229.72999572753906,228.33999633789062,229.6699981689453,73104,0.0,0.0
2024-01-16 13:30:00-05:00,229.6999969482422,229.9550018310547,228.36000061035156,228.57000732421875,95203,0.0,0.0
2024-01-16 14:30:00-05:00,228.5050048828125,228.5050048828125,228.0399932861328,228.1199951171875,93833,0.0,0.0
2024-01-16 15:30:00-05:00,228.14649963378906,229.1999969482422,227.8699951171875,229.16000366210938,198001,0.0,0.0
2024-01-17 09:30:00-05:00,225.1699981689453,228.52999877929688,224.5,226.6999969482422,111618,0.0,0.0
2024-01-17 10:30:00-05:00,226.6699981689453,226.9199981689453,225.42999267578125,226.13999938964844,149516,0.0,0.0
2024-01-17 11:30:00-05:00,226.01499938964844,226.66000366210938,225.1300048828125,225.3249969482422,94995,0.0,0.0
2024-01-17 12:30:00-05:00,225.2899932861328,225.8800048828125,224.92999267578125,225.02000427246094,97033,0.0,0.0
2024-01-17 13:30:00-05:00,225.02000427246094,226.07000732421875,224.8000030517578,225.7899932861328,111624,0.0,0.0
2024-01-17 14:30:00-05:00,225.80999755859375,226.10499572753906,225.47000122070312,225.91000366210938,88023,0.0,0.0
2024-01-17 15:30:00-05:00,225.9149932861328,226.33999633789062,225.85000610351562,226.0800018310547,204147,0.0,0.0
2024-01-18 09:30:00-05:00,226.44000244140625,227.5399932861328,225.1699981689453,227.10000610351562,161630,0.0,0.0
2024-01-18 10:30:00-05:00,227.1750030517578,227.40499877929688,225.72500610351562,226.64999389648438,87228,0.0,0.0
2024-01-18 11:30:00-05:00,226.3800048828125,226.73240661621094,226.14999389648438,226.19000244140625,56071,0.0,0.0
2024-01-18 12:30:00-05:00,226.27499389648438,226.9949951171875,225.83999633789062,226.8800048828125,98657,0.0,0.0
2024-01-18 13:30:00-05:00,226.8699951171875,236.3000030517578,226.8300018310547,234.55999755859375,1611475,0.0,0.0
2024-01-18 14:30:00-05:00,234.58999633789062,234.97999572753906,232.46499633789062,234.1999969482422,308212,0.0,0.0
2024-01-18 15:30:00-05:00,234.2899932861328,234.57000732421875,233.4199981689453,234.25999450683594,327680,0.0,0.0
2024-01-19 09:30:00-05:00,234.72000122070312,235.97500610351562,232.73500061035156,233.7899932861328,210950,0.0,0.0
2024-01-19 10:30:00-05:00,233.7899932861328,234.1300048828125,233.1300048828125,233.44000244140625,103567,0.0,0.0
2024-01-19 11:30:00-05:00,233.42999267578125,233.47999572753906,232.89500427246094,233.28500366210938,98187,0.0,0.0
2024-01-19 12:30:00-05:00,233.32000732421875,234.0,232.6999969482422,233.8800048828125,129956,0.0,0.0
2024-01-19 13:30:00-05:00,234.0,234.88999938964844,233.80999755859375,234.6649932861328,94589,0.0,0.0
2024-01-19 14:30:00-05:00,234.72000122070312,234.77999877929688,233.8300018310547,234.1649932861328,140833,0.0,0.0
2024-01-19 15:30:00-05:00,234.19000244140625,234.3000030517578,233.5850067138672,234.0399932861328,265547,0.0,0.0
2024-01-22 09:30:00-05:00,239.67999267578125,241.9600067138672,237.0850067138672,241.0800018310547,328009,0.0,0.0
2024-01-22 10:30:00-05:00,240.9600067138672,240.9665069580078,239.5948944091797,240.77999877929688,134880,0.0,0.0
2024-01-22 11:30:00-05:00,240.82000732421875,241.14999389648438,240.33999633789062,240.3800048828125,103667,0.0,0.0
2024-01-22 12:30:00-05:00,240.30999755859375,240.9499969482422,239.57699584960938,240.8000030517578,149482,0.0,0.0
2024-01-22 13:30:00-05:00,240.86000061035156,241.4499969482422,240.42999267578125,240.72999572753906,175973,0.0,0.0
2024-01-22 14:30:00-05:00,240.72999572753906,241.1699981689453,240.32000732421875,240.4250030517578,144813,0.0,0.0
2024-01-22 15:30:00-05:00,240.44000244140625,240.75999450683594,239.8699951171875,240.33999633789062,310962,0.0,0.0
2024-01-23 09:30:00-05:00,239.0800018310547,242.66000366210938,239.0800018310547,240.42999267578125,214826,0.0,0.0
2024-01-23 10:30:00-05:00,240.49000549316406,240.5749969482422,239.25999450683594,239.86000061035156,167765,0.0,0.0
2024-01-23 11:30:00-05:00,239.9199981689453,240.1999969482422,239.7100067138672,239.927001953125,131864,0.0,0.0
2024-01-23 12:30:00-05:00,239.99000549316406,241.19000244140625,239.5500030517578,241.06500244140625,133799,0.0,0.0
2024-01-23 13:30:00-05:00,241.06500244140625,241.66000366210938,240.80999755859375,241.25,159461,0.0,0.0
2024-01-23 14:30:00-05:00,241.22999572753906,241.69500732421875,241.1999969482422,241.63499450683594,203900,0.0,0.0
2024-01-23 15:30:00-05:00,241.64999389648438,241.85000610351562,241.0500030517578,241.60000610351562,405808,0.0,0.0
2024-01-24 09:30:00-05:00,242.39999389648438,242.39999389648438,238.42999267578125,239.05999755859375,153926,0.0,0.0
2024-01-24 10:30:00-05:00,238.96499633789062,240.38999938964844,238.82000732421875,240.02000427246094,133454,0.0,0.0
2024-01-24 11:30:00-05:00,239.92999267578125,240.0800018310547,239.24000549316406,239.67999267578125,95805,0.0,0.0
2024-01-24 12:30:00-05:00,239.6999969482422,240.4199981689453,239.17999267578125,239.3249969482422,90710,0.0,0.0
2024-01-24 13:30:00-05:00,239.3699951171875,239.3699951171875,237.6649932861328,238.02499389648438,99194,0.0,0.0
2024-01-24 14:30:00-05:00,238.05999755859375,238.60499572753906,237.30999755859375,237.31350708007812,160206,0.0,0.0
2024-01-24 15:30:00-05:00,237.32000732421875,237.5399932861328,236.5,237.0800018310547,294107,0.0,0.0
2024-01-25 09:30:00-05:00,238.80999755859375,239.85000610351562,236.44000244140625,237.68499755859375,340125,0.0,0.0
2024-01-25 10:30:00-05:00,237.57000732421875,237.58999633789062,235.22999572753906,236.2100067138672,314416,0.0,0.0
2024-01-25 11:30:00-05:00,236.2100067138672,237.30499267578125,235.8800048828125,236.92999267578125,338423,0.0,0.0
2024-01-25 12:30:00-05:00,236.9600067138672,237.7899932861328,236.6649932861328,236.86000061035156,315656,0.0,0.0
2024-01-25 13:30:00-05:00,236.92999267578125,237.16000366210938,236.47000122070312,237.07000732421875,290700,0.0,0.0
2024-01-25 14:30:00-05:00,237.07000732421875,237.5050048828125,236.39500427246094,237.3300018310547,261184,0.0,0.0
2024-01-25 15:30:00-05:00,237.36500549316406,238.3800048828125,237.36000061035156,237.8300018310547,444064,0.0,0.0
2024-01-26 09:30:00-05:00,232.8800048828125,233.17999267578125,227.22000122070312,231.57000732421875,1015877,0.0,0.0
2024-01-26 10:30:00-05:00,231.55999755859375,232.00999450683594,229.69000244140625,230.24000549316406,315479,0.0,0.0
2024-01-26 11:30:00-05:00,230.1999969482422,230.9499969482422,229.7899932861328,230.7899932861328,209594,0.0,0.0
2024-01-26 12:30:00-05:00,230.7899932861328,233.24000549316406,230.7899932861328,233.22000122070312,265840,0.0,0.0
2024-01-26 13:30:00-05:00,233.27000427246094,235.18499755859375,232.94000244140625,234.8300018310547,407473,0.0,0.0
2024-01-26 14:30:00-05:00,234.85499572753906,235.02000427246094,234.4499969482422,234.7100067138672,590472,0.0,0.0
2024-01-26 15:30:00-05:00,234.6750030517578,235.00999450683594,234.13999938964844,234.27000427246094,579953,0.0,0.0
2024-01-29 09:30:00-05:00,231.64999389648438,235.7899932861328,229.3699951171875,234.33999633789062,541175,0.0,0.0
2024-01-29 10:30:00-05:00,234.44000244140625,235.58999633789062,233.94000244140625,234.02999877929688,233294,0.0,0.0
2024-01-29 11:30:00-05:00,234.02999877929688,235.6199951171875,233.86000061035156,235.6199951171875,237868,0.0,0.0
2024-01-29 12:30:00-05:00,235.57000732421875,237.48500061035156,235.50999450683594,237.0,310567,0.0,0.0
2024-01-29 13:30:00-05:00,237.1300048828125,237.6300048828125,236.8699951171875,237.32000732421875,212214,0.0,0.0
2024-01-29 14:30:00-05:00,237.35000610351562,239.22500610351562,237.35000610351562,238.80999755859375,366622,0.0,0.0
2024-01-29 15:30:00-05:00,238.77000427246094,239.10499572753906,238.22500610351562,238.3800048828125,466288,0.0,0.0
2024-01-30 09:30:00-05:00,236.89999389648438,237.77999877929688,234.5,235.3800048828125,182482,0.0,0.0
2024-01-30 10:30:00-05:00,235.30999755859375,238.21499633789062,235.30999755859375,237.5800018310547,192615,0.0,0.0
2024-01-30 11:30:00-05:00,237.61500549316406,238.4600067138672,237.32000732421875,238.2449951171875,102150,0.0,0.0
2024-01-30 12:30:00-05:00,238.13999938964844,238.1699981689453,237.47999572753906,237.5050048828125,111841,0.0,0.0
2024-01-30 13:30:00-05:00,237.50999450683594,238.02999877929688,237.0399932861328,237.8699951171875,213134,0.0,0.0
2024-01-30 14:30:00-05:00,237.91000366210938,238.10499572753906,236.39999389648438,236.39999389648438,338219,0.0,0.0
2024-01-30 15:30:00-05:00,236.5,237.88999938964844,236.47500610351562,236.80999755859375,375670,0.0,0.0
2024-01-31 09:30:00-05:00,237.86000061035156,238.3699951171875,236.35000610351562,237.6999969482422,153359,0.0,0.0
2024-01-31 10:30:00-05:00,237.74000549316406,237.88999938964844,236.6699981689453,236.9250030517578,125514,0.0,0.0
2024-01-31 11:30:00-05:00,236.9550018310547,236.9550018310547,236.1199951171875,236.73500061035156,90707,0.0,0.0
2024-01-31 12:30:00-05:00,236.8249969482422,237.42999267578125,236.47000122070312,237.42999267578125,75053,0.0,0.0
2024-01-31 13:30:00-05:00,237.4499969482422,238.6623992919922,237.27999877929688,237.36000061035156,139159,0.0,0.0
2024-01-31 14:30:00-05:00,237.35000610351562,238.91000366210938,235.74000549316406,236.0,359734,0.0,0.0
2024-01-31 15:30:00-05:00,235.98500061035156,236.19000244140625,235.0500030517578,235.2899932861328,313408,0.0,0.0
2024-02-01 09:30:00-05:00,251.0,251.67999267578125,247.60000610351562,250.8350067138672,1267249,0.0,0.0
2024-02-01 10:30:00-05:00,250.85000610351562,251.42999267578125,247.22500610351562,248.77000427246094,330352,0.0,0.0
2024-02-01 11:30:00-05:00,248.86000061035156,250.10000610351562,248.81500244140625,249.58999633789062,355367,0.0,0.0
2024-02-01 12:30:00-05:00,249.52000427246094,249.86000061035156,248.85000610351562,249.77000427246094,203679,0.0,0.0
2024-02-01 13:30:00-05:00,249.77000427246094,252.74400329589844,249.7100067138672,252.58999633789062,366971,0.0,0.0
2024-02-01 14:30:00-05:00,252.61000061035156,254.0399932861328,251.9600067138672,254.02499389648438,426726,0.0,0.0
2024-02-01 15:30:00-05:00,254.05999755859375,255.8000030517578,253.86500549316406,255.19000244140625,734796,0.0,0.0
2024-02-02 09:30:00-05:00,253.64999389648438,254.00999450683594,248.36000061035156,250.38999938964844,431097,0.0,0.0
2024-02-02 10:30:00-05:00,250.52999877929688,251.52000427246094,249.2050018310547,250.97000122070312,286708,0.0,0.0
2024-02-02 11:30:00-05:00,251.02999877929688,252.4199981689453,250.89999389648438,252.01499938964844,248148,0.0,0.0
2024-02-02 12:30:00-05:00,251.9499969482422,252.64500427246094,250.9600067138672,252.19000244140625,229909,0.0,0.0
2024-02-02 13:30:00-05:00,252.22999572753906,252.36000061035156,251.02999877929688,251.91000366210938,210625,0.0,0.0
2024-02-02 14:30:00-05:00,251.91000366210938,252.9199981689453,251.69000244140625,252.9199981689453,298555,0.0,0.0
2024-02-02 15:30:00-05:00,252.8699951171875,252.9199981689453,250.6199951171875,251.07000732421875,524818,0.0,0.0
2024-02-05 09:30:00-05:00,250.8000030517578,252.8699951171875,249.44000244140625,250.9949951171875,186761,0.0,0.0
2024-02-05 10:30:00-05:00,250.9199981689453,251.6699981689453,250.02999877929688,250.8699951171875,118382,0.0,0.0
2024-02-05 11:30:00-05:00,251.01499938964844,251.01499938964844,250.0399932861328,250.25999450683594,72866,0.0,0.0
2024-02-05 12:30:00-05:00,250.3000030517578,250.88999938964844,249.3300018310547,249.75999450683594,103209,0.0,0.0
2024-02-05 13:30:00-05:00,249.6199951171875,249.8000030517578,248.77999877929688,249.47999572753906,97627,0.0,0.0
2024-02-05 14:30:00-05:00,249.50999450683594,250.1199951171875,249.32000732421875,249.8000030517578,150472,0.0,0.0
2024-02-05 15:30:00-05:00,249.83999633789062,250.0,248.27999877929688,248.3699951171875,241080,0.0,0.0
2024-02-06 09:30:00-05:00,248.49000549316406,251.14999389648438,248.02000427246094,250.9149932861328,202808,0.0,0.0
2024-02-06 10:30:00-05:00,250.93499755859375,252.97000122070312,250.75,252.88999938964844,107720,0.0,0.0
2024-02-06 11:30:00-05:00,252.9600067138672,253.5,251.5800018310547,252.0,137415,0.0,0.0
2024-02-06 12:30:00-05:00,251.85000610351562,252.57000732421875,251.77999877929688,252.10000610351562,57853,0.0,0.0
2024-02-06 13:30:00-05:00,252.17999267578125,252.66000366210938,251.36000061035156,251.5845947265625,76706,0.0,0.0
2024-02-06 14:30:00-05:00,251.57000732421875,251.67999267578125,250.96499633789062,250.96499633789062,97407,0.0,0.0
2024-02-06 15:30:00-05:00,251.02000427246094,251.99000549316406,250.77000427246094,251.85000610351562,141237,0.0,0.0
2024-02-07 09:30:00-05:00,252.44000244140625,253.24000549316406,251.8699951171875,252.75999450683594,132274,0.0,0.0
2024-02-07 10:30:00-05:00,252.75999450683594,252.78500366210938,250.88499450683594,251.9499969482422,159012,0.0,0.0
2024-02-07 11:30:00-05:00,252.13999938964844,252.26499938964844,251.00999450683594,251.00999450683594,89104,0.0,0.0
2024-02-07 12:30:00-05:00,251.125,251.32000732421875,250.30999755859375,250.97999572753906,110309,0.0,0.0
2024-02-07 13:30:00-05:00,250.99000549316406,251.31500244140625,250.4250030517578,250.77999877929688,81870,0.0,0.0
2024-02-07 14:30:00-05:00,250.88999938964844,251.1300048828125,250.08999633789062,250.7899932861328,147832,0.0,0.0
2024-02-07 15:30:00-05:00,250.74000549316406,250.8800048828125,250.33999633789062,250.52999877929688,183041,0.0,0.0
2024-02-08 09:30:00-05:00,250.82000732421875,253.9550018310547,250.82000732421875,252.61000061035156,154061,0.0,0.0
2024-02-08 10:30:00-05:00,252.77499389648438,253.32000732421875,252.50999450683594,252.66000366210938,106235,0.0,0.0
2024-02-08 11:30:00-05:00,252.69000244140625,253.36000061035156,252.4199981689453,253.22000122070312,76370,0.0,0.0
2024-02-08 12:30:00-05:00,253.22000122070312,253.44000244140625,252.68179321289062,253.11500549316406,68399,0.0,0.0
2024-02-08 13:30:00-05:00,253.12750244140625,254.22999572753906,253.05999755859375,254.05999755859375,79988,0.0,0.0
2024-02-08 14:30:00-05:00,254.0800018310547,254.13999938964844,253.43499755859375,253.67999267578125,124827,0.0,0.0
2024-02-08 15:30:00-05:00,253.58999633789062,254.38999938964844,253.35000610351562,254.1199951171875,228482,0.0,0.0
2024-02-09 09:30:00-05:00,254.25,256.3599853515625,254.0399932861328,255.2550048828125,187150,0.0,0.0
2024-02-09 10:30:00-05:00,255.25,255.4600067138672,254.0500030517578,254.3800048828125,102157,0.0,0.0
2024-02-09 11:30:00-05:00,254.30499267578125,254.77000427246094,254.27499389648438,254.38999938964844,69494,0.0,0.0
2024-02-09 12:30:00-05:00,254.38999938964844,254.58900451660156,253.69000244140625,254.44000244140625,77426,0.0,0.0
2024-02-09 13:30:00-05:00,254.42999267578125,254.7100067138672,254.11000061035156,254.6300048828125,62950,0.0,0.0
2024-02-09 14:30:00-05:00,254.5316925048828,254.69000244140625,253.84500122070312,254.0800018310547,104405,0.0,0.0
2024-02-09 15:30:00-05:00,254.05999755859375,255.07000732421875,253.88999938964844,254.75,178809,0.0,0.0
2024-02-12 09:30:00-05:00,254.64999389648438,255.13999938964844,253.2899932861328,253.97000122070312,80621,0.0,0.0
2024-02-12 10:30:00-05:00,253.93319702148438,253.93319702148438,252.61000061035156,253.25,115249,0.0,0.0
2024-02-12 11:30:00-05:00,253.3300018310547,253.5800018310547,252.08999633789062,252.9149932861328,69711,0.0,0.0
2024-02-12 12:30:00-05:00,252.92999267578125,253.89999389648438,252.3000030517578,253.41000366210938,59329,0.0,0.0
2024-02-12 13:30:00-05:00,253.49000549316406,253.86000061035156,253.02000427246094,253.66000366210938,55038,0.0,0.0
2024-02-12 14:30:00-05:00,253.82000732421875,254.10000610351562,253.00999450683594,253.1199951171875,73163,0.0,0.0
2024-02-12 15:30:00-05:00,253.2050018310547,254.19000244140625,253.14500427246094,254.08999633789062,157998,0.0,0.0
2024-02-13 09:30:00-05:00,251.97999572753906,252.3699951171875,249.44500732421875,249.9149932861328,100588,0.0,0.0
2024-02-13 10:30:00-05:00,250.0399932861328,250.9499969482422,249.7899932861328,250.67999267578125,99380,0.0,0.0
2024-02-13 11:30:00-05:00,250.7100067138672,251.30999755859375,250.63169860839844,250.7550048828125,85696,0.0,0.0
2024-02-13 12:30:00-05:00,250.6999969482422,251.13499450683594,250.14999389648438,250.22999572753906,71031,0.0,0.0
2024-02-13 13:30:00-05:00,250.2050018310547,250.27999877929688,249.0399932861328,249.125,95080,0.0,0.0
2024-02-13 14:30:00-05:00,248.97000122070312,249.67999267578125,248.27000427246094,249.58999633789062,107844,0.0,0.0
2024-02-13 15:30:00-05:00,249.62899780273438,250.5399932861328,249.6199951171875,250.14999389648438,252241,0.0,0.0
2024-02-14 09:30:00-05:00,250.9600067138672,252.94000244140625,250.42999267578125,252.61000061035156,101294,0.0,0.0
2024-02-14 10:30:00-05:00,252.60000610351562,253.9199981689453,251.9600067138672,253.8800048828125,136348,0.0,0.0
2024-02-14 11:30:00-05:00,253.77999877929688,254.14999389648438,251.99000549316406,252.02000427246094,143643,0.0,0.0
2024-02-14 12:30:00-05:00,252.02000427246094,252.85499572753906,251.27000427246094,251.5,129022,0.0,0.0
2024-02-14 13:30:00-05:00,251.44369506835938,252.27999877929688,250.4199981689453,251.47000122070312,224800,0.0,0.0
2024-02-14 14:30:00-05:00,251.49000549316406,253.08999633789062,251.1699981689453,252.49000549316406,275012,0.0,0.0
2024-02-14 15:30:00-05:00,252.42999267578125,252.94000244140625,251.8699951171875,252.3699951171875,335132,0.0,0.0
2024-02-15 09:30:00-05:00,253.2100067138672,256.79998779296875,253.2100067138672,255.9600067138672,180533,0.0,0.0
2024-02-15 10:30:00-05:00,255.89999389648438,255.92300415039062,254.9499969482422,255.5850067138672,176717,0.0,0.0
2024-02-15 11:30:00-05:00,255.5800018310547,257.0,255.42999267578125,256.25,184722,0.0,0.0
2024-02-15 12:30:00-05:00,256.19000244140625,256.80999755859375,255.57000732421875,255.89999389648438,145244,0.0,0.0
2024-02-15 13:30:00-05:00,256.0400085449219,256.1650085449219,253.9199981689453,254.86000061035156,232979,0.0,0.0
2024-02-15 14:30:00-05:00,254.86500549316406,255.3153076171875,253.86000061035156,254.5500030517578,194589,0.0,0.0
2024-02-15 15:30:00-05:00,254.5449981689453,254.72000122070312,254.0,254.3699951171875,223780,0.0,0.0
2024-02-16 09:30:00-05:00,253.49000549316406,254.0399932861328,251.22500610351562,253.75999450683594,133972,0.0,0.0
2024-02-16 10:30:00-05:00,253.88999938964844,254.10000610351562,253.08999633789062,253.83839416503906,167319,0.0,0.0
2024-02-16 11:30:00-05:00,253.88999938964844,254.4250030517578,253.52000427246094,253.9199981689453,119208,0.0,0.0
2024-02-16 12:30:00-05:00,253.82000732421875,254.3498992919922,253.38499450683594,253.85499572753906,62139,0.0,0.0
2024-02-16 13:30:00-05:00,253.83999633789062,253.97500610351562,253.36000061035156,253.75999450683594,79160,0.0,0.0
2024-02-16 14:30:00-05:00,253.77999877929688,253.8000030517578,252.2899932861328,252.5500030517578,117946,0.0,0.0
2024-02-16 15:30:00-05:00,252.6199951171875,252.97999572753906,251.77999877929688,252.0500030517578,233485,0.0,0.0
2024-02-20 09:30:00-05:00,255.9199981689453,257.75,251.4600067138672,255.11000061035156,422060,0.0,0.0
2024-02-20 10:30:00-05:00,255.1999969482422,255.41000366210938,254.11000061035156,254.84500122070312,124665,0.0,0.0
2024-02-20 11:30:00-05:00,254.94000244140625,255.36000061035156,254.25,254.75,102922,0.0,0.0
2024-02-20 12:30:00-05:00,254.69000244140625,255.39999389648438,253.99000549316406,254.1199951171875,125558,0.0,0.0
2024-02-20 13:30:00-05:00,254.02999877929688,255.11000061035156,253.86000061035156,254.63999938964844,122233,0.0,0.0
2024-02-20 14:30:00-05:00,254.55999755859375,254.9199981689453,254.17999267578125,254.58999633789062,96499,0.0,0.0
2024-02-20 15:30:00-05:00,254.63999938964844,254.7100067138672,253.3800048828125,253.80999755859375,205545,0.0,0.0
2024-02-21 09:30:00-05:00,261.3599853515625,261.3699951171875,256.614990234375,259.0899963378906,309525,0.0,0.0
2024-02-21 10:30:00-05:00,258.9800109863281,260.0,258.30010986328125,258.9725036621094,139393,0.0,0.0
2024-02-21 11:30:00-05:00,258.9100036621094,259.635009765625,258.0799865722656,259.3299865722656,115972,0.0,0.0
2024-02-21 12:30:00-05:00,259.2850036621094,259.2850036621094,257.82000732421875,258.18499755859375,108031,0.0,0.0
2024-02-21 13:30:00-05:00,258.1600036621094,258.5,257.2099914550781,257.4599914550781,124808,0.0,0.0
2024-02-21 14:30:00-05:00,257.5299987792969,257.6300048828125,255.75,256.3599853515625,127572,0.0,0.0
2024-02-21 15:30:00-05:00,256.3550109863281,258.0199890136719,256.30999755859375,257.6199951171875,213585,0.0,0.0
2024-02-22 09:30:00-05:00,257.54998779296875,258.1499938964844,255.97000122070312,256.6600036621094,174505,0.0,0.0
2024-02-22 10:30:00-05:00,256.7699890136719,258.0199890136719,256.7547912597656,257.55999755859375,78830,0.0,0.0
2024-02-22 11:30:00-05:00,257.55999755859375,257.7699890136719,256.6499938964844,257.2049865722656,152471,0.0,0.0
2024-02-22 12:30:00-05:00,257.2049865722656,257.9700012207031,257.0199890136719,257.55499267578125,75198,0.0,0.0
2024-02-22 13:30:00-05:00,257.55499267578125,257.82501220703125,257.0050048828125,257.5299987792969,131771,0.0,0.0
2024-02-22 14:30:00-05:00,257.6199951171875,257.6199951171875,255.91000366210938,257.5,161281,0.0,0.0
2024-02-22 15:30:00-05:00,257.5050048828125,257.5050048828125,255.86000061035156,256.14898681640625,332992,0.0,0.0
2024-02-23 09:30:00-05:00,256.80999755859375,257.42999267578125,256.0,257.0350036621094,117717,0.0,0.0
2024-02-23 10:30:00-05:00,257.1099853515625,258.2099914550781,257.010009765625,257.9849853515625,142260,0.0,0.0
2024-02-23 11:30:00-05:00,258.0199890136719,258.6400146484375,257.7300109863281,257.8349914550781,123685,0.0,0.0
2024-02-23 12:30:00-05:00,257.8349914550781,258.7799987792969,257.7300109863281,258.5050048828125,80351,0.0,0.0
2024-02-23 13:30:00-05:00,258.4880065917969,259.0799865722656,257.9100036621094,258.1600036621094,89231,0.0,0.0
2024-02-23 14:30:00-05:00,258.1499938964844,258.9200134277344,258.1300048828125,258.3500061035156,166568,0.0,0.0
2024-02-23 15:30:00-05:00,258.3999938964844,259.1600036621094,258.010009765625,258.0299987792969,258523,0.0,0.0
2024-02-26 09:30:00-05:00,256.6600036621094,258.8399963378906,255.2364959716797,255.53500366210938,143948,0.0,0.0
2024-02-26 10:30:00-05:00,255.53500366210938,256.0150146484375,253.60000610351562,253.91000366210938,229953,0.0,0.0
2024-02-26 11:30:00-05:00,253.9499969482422,254.31500244140625,253.48500061035156,253.97999572753906,91810,0.0,0.0
2024-02-26 12:30:00-05:00,253.92999267578125,255.77000427246094,253.72000122070312,255.3000030517578,246097,0.0,0.0
2024-02-26 13:30:00-05:00,255.30499267578125,256.6300048828125,255.07000732421875,255.2100067138672,110007,0.0,0.0
2024-02-26 14:30:00-05:00,255.21499633789062,255.94000244140625,254.6750030517578,255.2550048828125,114335,0.0,0.0
2024-02-26 15:30:00-05:00,255.25999450683594,255.2949981689453,254.5,254.5500030517578,293199,0.0,0.0
2024-02-27 09:30:00-05:00,254.60000610351562,255.97999572753906,253.6999969482422,255.69000244140625,186114,0.0,0.0
2024-02-27 10:30:00-05:00,255.5850067138672,256.0350036621094,254.01499938964844,254.32000732421875,172069,0.0,0.0
2024-02-27 11:30:00-05:00,254.32000732421875,255.05990600585938,254.02000427246094,254.02000427246094,97721,0.0,0.0
2024-02-27 12:30:00-05:00,253.97999572753906,254.3699951171875,253.1199951171875,253.13999938964844,83797,0.0,0.0
2024-02-27 13:30:00-05:00,253.1649932861328,253.33999633789062,252.6999969482422,253.11500549316406,163208,0.0,0.0
2024-02-27 14:30:00-05:00,253.1199951171875,253.3300018310547,252.55999755859375,253.2899932861328,131893,0.0,0.0
2024-02-27 15:30:00-05:00,253.30999755859375,253.41000366210938,252.17999267578125,252.4600067138672,442085,0.0,0.0
2024-02-28 09:30:00-05:00,252.25999450683594,255.22999572753906,251.4199981689453,254.6300048828125,118482,0.0,0.0
2024-02-28 10:30:00-05:00,254.50999450683594,255.22999572753906,253.76499938964844,253.97500610351562,90492,0.0,0.0
2024-02-28 11:30:00-05:00,253.97500610351562,254.25,253.6300048828125,254.02499389648438,86292,0.0,0.0
2024-02-28 12:30:00-05:00,254.02000427246094,254.75140380859375,253.47999572753906,254.6999969482422,204133,0.0,0.0
2024-02-28 13:30:00-05:00,254.77000427246094,254.77000427246094,253.39999389648438,253.4199981689453,125890,0.0,0.0
2024-02-28 14:30:00-05:00,253.4149932861328,254.07000732421875,252.9600067138672,253.13999938964844,88526,0.0,0.0
2024-02-28 15:30:00-05:00,253.07000732421875,253.7100067138672,252.9499969482422,253.5500030517578,186901,0.0,0.0
2024-02-29 09:30:00-05:00,254.27000427246094,255.86000061035156,254.27000427246094,254.64999389648438,72809,0.0,0.0
2024-02-29 10:30:00-05:00,254.57000732421875,254.97500610351562,254.39999389648438,254.8800048828125,62588,0.0,0.0
2024-02-29 11:30:00-05:00,254.78500366210938,255.00999450683594,254.1199951171875,254.1199951171875,67970,0.0,0.0
2024-02-29 12:30:00-05:00,254.1300048828125,254.39999389648438,253.77000427246094,254.17520141601562,41107,0.0,0.0
2024-02-29 13:30:00-05:00,254.2899932861328,254.42999267578125,253.69000244140625,253.72500610351562,59668,0.0,0.0
2024-02-29 14:30:00-05:00,253.67999267578125,253.8699951171875,253.2100067138672,253.6699981689453,75077,0.0,0.0
2024-02-29 15:30:00-05:00,253.6300048828125,253.68499755859375,252.89999389648438,253.33999633789062,243961,0.0,0.0
2024-03-01 09:30:00-05:00,252.89999389648438,256.1400146484375,252.85000610351562,256.1400146484375,221914,0.0,0.0
2024-03-01 10:30:00-05:00,256.1099853515625,256.6600036621094,255.33999633789062,255.33999633789062,89322,0.0,0.0
2024-03-01 11:30:00-05:00,255.4145050048828,256.94000244140625,255.10000610351562,256.94000244140625,61185,0.0,0.0
2024-03-01 12:30:00-05:00,256.92999267578125,257.7900085449219,256.739990234375,257.6000061035156,91248,0.0,0.0
2024-03-01 13:30:00-05:00,257.70001220703125,257.70001220703125,256.25,256.55999755859375,75614,0.0,0.0
2024-03-01 14:30:00-05:00,256.6400146484375,256.9849853515625,256.3800048828125,256.42999267578125,108452,0.0,0.0
2024-03-01 15:30:00-05:00,256.44000244140625,257.8500061035156,256.4320068359375,257.3399963378906,228734,0.0,0.0
2024-03-04 09:30:00-05:00,258.739990234375,260.1199951171875,257.5799865722656,260.07708740234375,113899,0.0,0.0
2024-03-04 10:30:00-05:00,260.05999755859375,260.0899963378906,258.5,258.9800109863281,73726,0.0,0.0
2024-03-04 11:30:00-05:00,258.8974914550781,259.70001220703125,258.8974914550781,259.19500732421875,47591,0.0,0.0
2024-03-04 12:30:00-05:00,259.19000244140625,260.0,259.18499755859375,259.875,80666,0.0,0.0
2024-03-04 13:30:00-05:00,259.989990234375,260.1199951171875,259.32000732421875,260.0199890136719,71677,0.0,0.0
2024-03-04 14:30:00-05:00,259.9800109863281,260.7900085449219,259.8800048828125,260.0350036621094,99259,0.0,0.0
2024-03-04 15:30:00-05:00,260.05999755859375,260.1600036621094,259.0799865722656,259.1199951171875,184414,0.0,0.0
2024-03-05 09:30:00-05:00,259.0199890136719,260.7099914550781,258.57000732421875,260.1600036621094,52001,0.0,0.0
2024-03-05 10:30:00-05:00,260.30499267578125,260.30499267578125,258.56500244140625,258.875,87075,0.0,0.0
2024-03-05 11:30:00-05:00,258.875,259.7799987792969,258.3900146484375,258.3900146484375,56283,0.0,0.0
2024-03-05 12:30:00-05:00,258.1499938964844,258.7300109863281,257.7650146484375,258.3500061035156,57272,0.0,0.0
2024-03-05 13:30:00-05:00,258.3500061035156,258.7099914550781,257.1000061035156,257.2149963378906,72604,0.0,0.0
2024-03-05 14:30:00-05:00,257.1199951171875,257.5899963378906,256.2383117675781,256.6499938964844,92944,0.0,0.0
2024-03-05 15:30:00-05:00,256.5299987792969,257.69500732421875,256.5199890136719,257.3500061035156,159120,0.0,0.0
2024-03-06 09:30:00-05:00,256.8900146484375,258.70001220703125,255.55999755859375,257.92498779296875,82526,0.0,0.0
2024-03-06 10:30:00-05:00,257.98748779296875,258.5,257.2900085449219,258.4599914550781,53204,0.0,0.0
2024-03-06 11:30:00-05:00,258.3900146484375,258.69000244140625,258.0199890136719,258.0799865722656,52496,0.0,0.0
2024-03-06 12:30:00-05:00,258.04998779296875,258.4200134277344,256.8299865722656,257.1700134277344,87239,0.0,0.0
2024-03-06 13:30:00-05:00,257.1199951171875,257.2349853515625,255.75999450683594,255.97999572753906,109924,0.0,0.0
2024-03-06 14:30:00-05:00,256.0400085449219,256.1199951171875,255.10400390625,255.86349487304688,112367,0.0,0.0
2024-03-06 15:30:00-05:00,255.8699951171875,255.94000244140625,254.11000061035156,254.41000366210938,342835,0.0,0.0
2024-03-07 09:30:00-05:00,255.92999267578125,256.94000244140625,255.1699981689453,256.6000061035156,83022,0.0,0.0
2024-03-07 10:30:00-05:00,256.6000061035156,256.67999267578125,255.5800018310547,255.83999633789062,125345,0.0,0.0
2024-03-07 11:30:00-05:00,255.8300018310547,256.5400085449219,255.36000061035156,256.375,61796,0.0,0.0
2024-03-07 12:30:00-05:00,256.3800048828125,256.6499938964844,255.75,255.88999938964844,94399,0.0,0.0
2024-03-07 13:30:00-05:00,255.9199981689453,255.97000122070312,254.89999389648438,254.90499877929688,151026,0.0,0.0
2024-03-07 14:30:00-05:00,254.9199981689453,255.3000030517578,254.4949951171875,254.97000122070312,194572,0.0,0.0
2024-03-07 15:30:00-05:00,254.9600067138672,256.1000061035156,254.9503936767578,255.35000610351562,209540,0.0,0.0
2024-03-08 09:30:00-05:00,255.82000732421875,256.7298889160156,255.82000732421875,256.1700134277344,60982,0.0,0.0
2024-03-08 10:30:00-05:00,256.1700134277344,258.010009765625,256.0400085449219,257.9150085449219,90109,0.0,0.0
2024-03-08 11:30:00-05:00,257.9049987792969,258.57000732421875,257.70001220703125,258.1099853515625,81655,0.0,0.0
2024-03-08 12:30:00-05:00,258.1099853515625,258.56500244140625,257.8299865722656,258.510009765625,126037,0.0,0.0
2024-03-08 13:30:00-05:00,258.4800109863281,259.0,257.8699951171875,258.9100036621094,66594,0.0,0.0
2024-03-08 14:30:00-05:00,258.9295959472656,259.8699951171875,258.6199951171875,259.1199951171875,154221,0.0,0.0
2024-03-08 15:30:00-05:00,259.1050109863281,259.75,258.7099914550781,259.67999267578125,179735,0.0,0.0
2024-03-11 09:30:00-04:00,259.30999755859375,259.7699890136719,256.5,256.8550109863281,84418,0.0,0.0
2024-03-11 10:30:00-04:00,257.010009765625,257.04998779296875,255.9425048828125,255.98500061035156,95828,0.0,0.0
2024-03-11 11:30:00-04:00,255.9149932861328,257.7799987792969,255.77000427246094,257.4901123046875,76124,0.0,0.0
2024-03-11 12:30:00-04:00,257.6050109863281,257.760009765625,257.1499938964844,257.6600036621094,54625,0.0,0.0
2024-03-11 13:30:00-04:00,257.6000061035156,257.6700134277344,256.8599853515625,257.1549987792969,43430,0.0,0.0
2024-03-11 14:30:00-04:00,257.260009765625,258.4200134277344,257.1199951171875,258.3999938964844,104713,0.0,0.0
2024-03-11 15:30:00-04:00,258.3550109863281,258.79998779296875,258.0299987792969,258.260009765625,201054,0.0,0.0
2024-03-12 09:30:00-04:00,257.9100036621094,260.5400085449219,257.4949951171875,260.2799987792969,79471,0.0,0.0
2024-03-12 10:30:00-04:00,260.239990234375,261.4200134277344,260.2149963378906,260.5950012207031,61173,0.0,0.0
2024-03-12 11:30:00-04:00,260.5,260.7300109863281,260.04998779296875,260.1300048828125,45572,0.0,0.0
2024-03-12 12:30:00-04:00,260.139892578125,260.139892578125,259.05999755859375,259.3500061035156,77062,0.0,0.0
2024-03-12 13:30:00-04:00,259.3349914550781,259.760009765625,259.125,259.6700134277344,69660,0.0,0.0
2024-03-12 14:30:00-04:00,259.5849914550781,261.4599914550781,259.5799865722656,261.2200012207031,134083,0.0,0.0
2024-03-12 15:30:00-04:00,261.2300109863281,261.3550109863281,260.58099365234375,260.80999755859375,177770,0.0,0.0
2024-03-13 09:30:00-04:00,259.8500061035156,262.4599914550781,259.17999267578125,262.0299987792969,126240,0.0,0.0
2024-03-13 10:30:00-04:00,262.2200012207031,262.3399963378906,261.2200012207031,262.19000244140625,153288,0.0,0.0
2024-03-13 11:30:00-04:00,262.2300109863281,262.9599914550781,261.9049987792969,261.9549865722656,69087,0.0,0.0
2024-03-13 12:30:00-04:00,262.07000732421875,262.94000244140625,261.94000244140625,262.94000244140625,60428,0.0,0.0
2024-03-13 13:30:00-04:00,262.9800109863281,263.5,262.8299865722656,262.8299865722656,107091,0.0,0.0
2024-03-13 14:30:00-04:00,262.8349914550781,263.5,262.44000244140625,262.7850036621094,183048,0.0,0.0
2024-03-13 15:30:00-04:00,262.8500061035156,263.6600036621094,262.8299865722656,263.2300109863281,218349,0.0,0.0
2024-03-14 09:30:00-04:00,261.44000244140625,262.5,255.0800018310547,255.50999450683594,225391,0.0,0.0
2024-03-14 10:30:00-04:00,255.6999969482422,257.739990234375,255.6999969482422,257.7300109863281,132104,0.0,0.0
2024-03-14 11:30:00-04:00,257.74249267578125,258.82000732421875,257.635009765625,258.80999755859375,100443,0.0,0.0
2024-03-14 12:30:00-04:00,258.5899963378906,259.1600036621094,257.8399963378906,257.94000244140625,90566,0.0,0.0
2024-03-14 13:30:00-04:00,257.739990234375,258.4599914550781,257.5799865722656,257.864990234375,70167,0.0,0.0
2024-03-14 14:30:00-04:00,257.7699890136719,258.6499938964844,256.80999755859375,257.3949890136719,380328,0.0,0.0
2024-03-14 15:30:00-04:00,257.2200012207031,258.67999267578125,256.37091064453125,258.67999267578125,168092,0.0,0.0
2024-03-15 09:30:00-04:00,255.38999938964844,258.6700134277344,255.35000610351562,258.2900085449219,268983,0.0,0.0
2024-03-15 10:30:00-04:00,258.07000732421875,258.364990234375,257.2699890136719,257.6600036621094,42984,0.0,0.0
2024-03-15 11:30:00-04:00,257.54998779296875,257.7300109863281,256.79998779296875,256.79998779296875,53315,0.0,0.0
2024-03-15 12:30:00-04:00,256.79998779296875,257.5400085449219,256.3349914550781,257.42999267578125,79320,0.0,0.0
2024-03-15 13:30:00-04:00,257.44500732421875,257.6300048828125,255.66000366210938,255.8249969482422,66939,0.0,0.0
2024-03-15 14:30:00-04:00,255.97999572753906,256.2699890136719,255.5800018310547,256.1199951171875,57875,0.0,0.0
2024-03-15 15:30:00-04:00,256.0799865722656,257.1400146484375,255.11000061035156,255.77999877929688,236964,0.0,0.0
2024-03-18 09:30:00-04:00,256.2300109863281,257.6300048828125,255.8800048828125,256.42999267578125,78371,0.0,0.0
2024-03-18 10:30:00-04:00,256.4150085449219,256.7799987792969,255.91000366210938,256.3299865722656,36087,0.0,0.0
2024-03-18 11:30:00-04:00,256.4049987792969,256.43499755859375,255.52000427246094,256.0950012207031,93121,0.0,0.0
2024-03-18 12:30:00-04:00,256.04998779296875,256.8699951171875,255.63999938964844,256.6400146484375,40435,0.0,0.0
2024-03-18 13:30:00-04:00,256.67999267578125,256.70599365234375,255.86000061035156,256.2799987792969,81301,0.0,0.0
2024-03-18 14:30:00-04:00,256.32000732421875,256.57501220703125,256.0249938964844,256.3999938964844,61228,0.0,0.0
2024-03-18 15:30:00-04:00,256.43499755859375,256.43499755859375,255.52000427246094,256.2200012207031,153427,0.0,0.0
2024-03-19 09:30:00-04:00,256.67999267578125,258.0473937988281,255.8000030517578,255.8000030517578,52947,0.0,0.0
2024-03-19 10:30:00-04:00,255.92959594726562,256.760009765625,255.78880310058594,256.260009765625,41703,0.0,0.0
2024-03-19 11:30:00-04:00,256.25,256.4150085449219,255.25,255.60000610351562,64058,0.0,0.0
2024-03-19 12:30:00-04:00,255.75999450683594,256.9750061035156,255.51499938964844,256.385009765625,35973,0.0,0.0
2024-03-19 13:30:00-04:00,256.20001220703125,256.6700134277344,255.64999389648438,255.9149932861328,50662,0.0,0.0
2024-03-19 14:30:00-04:00,256.0,256.3500061035156,255.1999969482422,255.9149932861328,78874,0.0,0.0
2024-03-19 15:30:00-04:00,255.91000366210938,256.6000061035156,255.76499938964844,256.6000061035156,137510,0.0,0.0
2024-03-20 09:30:00-04:00,258.0,258.3900146484375,256.135009765625,257.3481140136719,144530,0.0,0.0
2024-03-20 10:30:00-04:00,257.3575134277344,257.70001220703125,256.70001220703125,256.70001220703125,74615,0.0,0.0
2024-03-20 11:30:00-04:00,256.6499938964844,257.510009765625,256.5199890136719,257.5,65475,0.0,0.0
2024-03-20 12:30:00-04:00,257.6300048828125,258.5299987792969,257.3918151855469,258.2699890136719,47578,0.0,0.0
2024-03-20 13:30:00-04:00,258.2699890136719,259.94000244140625,258.0199890136719,258.364990234375,110153,0.0,0.0
2024-03-20 14:30:00-04:00,258.6000061035156,260.2900085449219,257.9599914550781,260.2650146484375,109184,0.0,0.0
2024-03-20 15:30:00-04:00,260.2900085449219,261.57000732421875,259.1700134277344,261.3399963378906,270151,0.0,0.0
2024-03-21 09:30:00-04:00,262.2300109863281,262.8550109863281,260.1400146484375,260.7900085449219,207484,0.0,0.0
2024-03-21 10:30:00-04:00,260.7099914550781,261.1000061035156,258.1600036621094,258.4200134277344,249674,0.0,0.0
2024-03-21 11:30:00-04:00,258.4200134277344,259.739990234375,257.8092041015625,258.8500061035156,240453,0.0,0.0
2024-03-21 12:30:00-04:00,258.92999267578125,259.0799865722656,257.989990234375,258.1050109863281,90788,0.0,0.0
2024-03-21 13:30:00-04:00,258.0450134277344,258.44000244140625,257.5899963378906,258.1600036621094,124300,0.0,0.0
2024-03-21 14:30:00-04:00,258.1600036621094,258.75,257.4800109863281,257.82000732421875,137800,0.0,0.0
2024-03-21 15:30:00-04:00,257.81500244140625,258.8399963378906,257.7799987792969,257.7799987792969,182882,0.0,0.0
2024-03-22 09:30:00-04:00,258.1700134277344,258.8800048828125,256.7701110839844,256.8399963378906,75165,0.0,0.0
2024-03-22 10:30:00-04:00,256.7799987792969,257.0400085449219,256.489990234375,256.8599853515625,62790,0.0,0.0
2024-03-22 11:30:00-04:00,256.8699951171875,257.05999755859375,256.50799560546875,256.7900085449219,52240,0.0,0.0
2024-03-22 12:30:00-04:00,256.7950134277344,256.875,255.5449981689453,256.18499755859375,47066,0.0,0.0
2024-03-22 13:30:00-04:00,256.0801086425781,256.4100036621094,255.67999267578125,256.2049865722656,77163,0.0,0.0
2024-03-22 14:30:00-04:00,256.0400085449219,256.125,254.875,255.0399932861328,94783,0.0,0.0
2024-03-22 15:30:00-04:00,254.96499633789062,255.27999877929688,254.0500030517578,254.11000061035156,292506,0.0,0.0
2024-03-25 09:30:00-04:00,252.50999450683594,253.99000549316406,251.55999755859375,252.02499389648438,150688,0.0,0.0
2024-03-25 10:30:00-04:00,252.0800018310547,252.3699951171875,251.1199951171875,251.44000244140625,161867,0.0,0.0
2024-03-25 11:30:00-04:00,251.5500030517578,251.96499633789062,251.0399932861328,251.1999969482422,175937,0.0,0.0
2024-03-25 12:30:00-04:00,251.1999969482422,251.2899932861328,245.50999450683594,247.98500061035156,456431,0.0,0.0
2024-03-25 13:30:00-04:00,247.95309448242188,248.8000030517578,247.19000244140625,247.8249969482422,325718,0.0,0.0
2024-03-25 14:30:00-04:00,247.8699951171875,248.5800018310547,246.75,247.41000366210938,174416,0.0,0.0
2024-03-25 15:30:00-04:00,247.4149932861328,248.0800018310547,246.4499969482422,248.0,392891,0.0,0.0
2024-03-26 09:30:00-04:00,248.0,251.00999450683594,245.60000610351562,248.63999938964844,284056,0.0,0.0
2024-03-26 10:30:00-04:00,248.67999267578125,249.35499572753906,247.77999877929688,248.6999969482422,145595,0.0,0.0
2024-03-26 11:30:00-04:00,248.6699981689453,248.8699951171875,247.77000427246094,248.2050018310547,83067,0.0,0.0
2024-03-26 12:30:00-04:00,248.14999389648438,248.8800048828125,248.0,248.6999969482422,94817,0.0,0.0
2024-03-26 13:30:00-04:00,248.61000061035156,248.85000610351562,247.50999450683594,247.64999389648438,95720,0.0,0.0
2024-03-26 14:30:00-04:00,247.64500427246094,248.22999572753906,247.14999389648438,248.02999877929688,149002,0.0,0.0
2024-03-26 15:30:00-04:00,248.0399932861328,248.08999633789062,247.22000122070312,247.38999938964844,343673,0.0,0.0
2024-03-27 09:30:00-04:00,248.75,251.1623992919922,247.77999877929688,250.22000122070312,100618,0.0,0.0
2024-03-27 10:30:00-04:00,250.41000366210938,250.55999755859375,248.7100067138672,249.3300018310547,80693,0.0,0.0
2024-03-27 11:30:00-04:00,249.25,249.42019653320312,248.5800018310547,249.3000030517578,60948,0.0,0.0
2024-03-27 12:30:00-04:00,249.22999572753906,249.42999267578125,248.88999938964844,249.27499389648438,51368,0.0,0.0
2024-03-27 13:30:00-04:00,249.1999969482422,250.83999633789062,249.14999389648438,250.83999633789062,92666,0.0,0.0
2024-03-27 14:30:00-04:00,250.89999389648438,251.52000427246094,250.2899932861328,250.6300048828125,116018,0.0,0.0
2024-03-27 15:30:00-04:00,250.69000244140625,251.97000122070312,250.69000244140625,251.9600067138672,235491,0.0,0.0
2024-03-28 09:30:00-04:00,252.57000732421875,253.72000122070312,250.3800048828125,250.6750030517578,84136,0.0,0.0
2024-03-28 10:30:00-04:00,250.6300048828125,253.13999938964844,250.47039794921875,253.13999938964844,160631,0.0,0.0
2024-03-28 11:30:00-04:00,253.0850067138672,255.35499572753906,252.93299865722656,255.05999755859375,81832,0.0,0.0
2024-03-28 12:30:00-04:00,255.05499267578125,255.41000366210938,254.50999450683594,255.22500610351562,80158,0.0,0.0
2024-03-28 13:30:00-04:00,255.17999267578125,255.77000427246094,254.0449981689453,254.13999938964844,86273,0.0,0.0
2024-03-28 14:30:00-04:00,254.13499450683594,255.35499572753906,253.4949951171875,255.31500244140625,78059,0.0,0.0
2024-03-28 15:30:00-04:00,255.28509521484375,255.5399932861328,254.47000122070312,254.5,166879,0.0,0.0
2024-04-01 09:30:00-04:00,254.41000366210938,254.55499267578125,251.9199981689453,252.0500030517578,51660,0.0,0.0
2024-04-01 10:30:00-04:00,252.0399932861328,253.07000732421875,251.5,252.75,62262,0.0,0.0
2024-04-01 11:30:00-04:00,252.6300048828125,252.8000030517578,250.9499969482422,251.35499572753906,67625,0.0,0.0
2024-04-01 12:30:00-04:00,251.37049865722656,252.08999633789062,250.8800048828125,251.14999389648438,58025,0.0,0.0
2024-04-01 13:30:00-04:00,251.14999389648438,252.02000427246094,250.85499572753906,251.0050048828125,62513,0.0,0.0
2024-04-01 14:30:00-04:00,251.0050048828125,251.69500732421875,250.5,251.3699951171875,66800,0.0,0.0
2024-04-01 15:30:00-04:00,251.27000427246094,252.08999633789062,251.17999267578125,251.99000549316406,136919,0.0,0.0
2024-04-02 09:30:00-04:00,250.66000366210938,251.5800018310547,249.5800018310547,250.56500244140625,46822,0.0,0.0
2024-04-02 10:30:00-04:00,250.5800018310547,252.2100067138672,250.44000244140625,251.5399932861328,88229,0.0,0.0
2024-04-02 11:30:00-04:00,251.4250030517578,251.8800048828125,250.89999389648438,251.19500732421875,65649,0.0,0.0
2024-04-02 12:30:00-04:00,251.1999969482422,251.5800018310547,250.64999389648438,250.77499389648438,54033,0.0,0.0
2024-04-02 13:30:00-04:00,250.77499389648438,251.14999389648438,249.8699951171875,249.9499969482422,69267,0.0,0.0
2024-04-02 14:30:00-04:00,250.34500122070312,250.97500610351562,249.88999938964844,250.6699981689453,54252,0.0,0.0
2024-04-02 15:30:00-04:00,250.5399932861328,251.02999877929688,250.16000366210938,250.7899932861328,129697,0.0,0.0
2024-04-03 09:30:00-04:00,251.05999755859375,253.77999877929688,250.5614013671875,253.3800048828125,83878,0.0,0.0
2024-04-03 10:30:00-04:00,253.2100067138672,253.97000122070312,252.68629455566406,253.58999633789062,90866,0.0,0.0
2024-04-03 11:30:00-04:00,253.72000122070312,253.77999877929688,251.97999572753906,252.3000030517578,37459,0.0,0.0
2024-04-03 12:30:00-04:00,252.46499633789062,252.97000122070312,251.9600067138672,252.36000061035156,33846,0.0,0.0
2024-04-03 13:30:00-04:00,252.41900634765625,253.1199951171875,252.19000244140625,252.92999267578125,59673,0.0,0.0
2024-04-03 14:30:00-04:00,252.8000030517578,253.10000610351562,250.92999267578125,251.26499938964844,85065,0.0,0.0
2024-04-03 15:30:00-04:00,251.30999755859375,252.0399932861328,251.27000427246094,251.94000244140625,123377,0.0,0.0
2024-04-04 09:30:00-04:00,253.47000122070312,254.08999633789062,252.07000732421875,254.03500366210938,80246,0.0,0.0
2024-04-04 10:30:00-04:00,253.9149932861328,255.4199981689453,253.52999877929688,253.75999450683594,67209,0.0,0.0
2024-04-04 11:30:00-04:00,253.56500244140625,253.56500244140625,252.26499938964844,252.3699951171875,44045,0.0,0.0
2024-04-04 12:30:00-04:00,252.47000122070312,252.8350067138672,252.2100067138672,252.2100067138672,44501,0.0,0.0
2024-04-04 13:30:00-04:00,252.22999572753906,252.22999572753906,248.83999633789062,248.86000061035156,82857,0.0,0.0
2024-04-04 14:30:00-04:00,248.57000732421875,248.93499755859375,247.19000244140625,247.19000244140625,85946,0.0,0.0
2024-04-04 15:30:00-04:00,247.33999633789062,248.74899291992188,246.97000122070312,248.58999633789062,152770,0.0,0.0
2024-04-05 09:30:00-04:00,249.05999755859375,250.0050048828125,248.1199951171875,248.61000061035156,58768,0.0,0.0
2024-04-05 10:30:00-04:00,248.5399932861328,249.30499267578125,247.86000061035156,248.97000122070312,51265,0.0,0.0
2024-04-05 11:30:00-04:00,248.8699951171875,249.77499389648438,248.51499938964844,249.64500427246094,46289,0.0,0.0
2024-04-05 12:30:00-04:00,249.4949951171875,250.52000427246094,249.1999969482422,250.27499389648438,68063,0.0,0.0
2024-04-05 13:30:00-04:00,250.3699951171875,250.64999389648438,248.78500366210938,249.47000122070312,88104,0.0,0.0
2024-04-05 14:30:00-04:00,249.47000122070312,250.1199951171875,249.35000610351562,250.07000732421875,54505,0.0,0.0
2024-04-05 15:30:00-04:00,249.8699951171875,250.3699951171875,249.8000030517578,249.8000030517578,185539,0.0,0.0
2024-04-08 09:30:00-04:00,250.75,252.2368927001953,250.55999755859375,251.97500610351562,85867,0.0,0.0
2024-04-08 10:30:00-04:00,251.97500610351562,251.97500610351562,250.8699951171875,251.23269653320312,79501,0.0,0.0
2024-04-08 11:30:00-04:00,251.25999450683594,251.406494140625,250.92999267578125,251.17999267578125,51673,0.0,0.0
2024-04-08 12:30:00-04:00,251.3000030517578,251.86000061035156,251.14959716796875,251.25,73063,0.0,0.0
2024-04-08 13:30:00-04:00,251.25,251.68499755859375,250.75999450683594,251.3249969482422,64034,0.0,0.0
2024-04-08 14:30:00-04:00,251.24000549316406,251.35000610351562,250.7100067138672,250.9499969482422,70427,0.0,0.0
2024-04-08 15:30:00-04:00,250.90499877929688,251.0500030517578,249.64999389648438,250.36000061035156,191406,0.0,0.0
2024-04-09 09:30:00-04:00,252.83999633789062,256.44500732421875,249.97999572753906,253.1300048828125,383066,0.0,0.0
2024-04-09 10:30:00-04:00,253.2100067138672,253.33250427246094,251.1199951171875,253.05499267578125,143222,0.0,0.0
2024-04-09 11:30:00-04:00,252.9499969482422,255.0500030517578,252.6300048828125,254.2550048828125,144595,0.0,0.0
2024-04-09 12:30:00-04:00,254.22000122070312,255.0500030517578,253.86000061035156,254.5,95441,0.0,0.0
2024-04-09 13:30:00-04:00,254.47999572753906,254.5399932861328,253.32000732421875,254.1199951171875,84353,0.0,0.0
2024-04-09 14:30:00-04:00,253.9600067138672,254.02000427246094,252.0800018310547,253.5,109748,0.0,0.0
2024-04-09 15:30:00-04:00,253.35000610351562,253.89999389648438,252.8300018310547,253.22999572753906,176598,0.0,0.0
2024-04-10 09:30:00-04:00,246.72999572753906,249.17999267578125,245.33999633789062,248.6699981689453,193468,0.0,0.0
2024-04-10 10:30:00-04:00,248.6699981689453,250.6300048828125,248.6699981689453,250.58999633789062,111688,0.0,0.0
2024-04-10 11:30:00-04:00,250.6199951171875,250.67999267578125,248.6199951171875,248.6699981689453,88669,0.0,0.0
2024-04-10 12:30:00-04:00,248.61000061035156,250.19000244140625,248.3300018310547,249.50999450683594,69349,0.0,0.0
2024-04-10 13:30:00-04:00,249.50999450683594,249.97999572753906,248.02999877929688,248.75,69620,0.0,0.0
2024-04-10 14:30:00-04:00,248.75999450683594,249.75,248.63999938964844,249.39999389648438,104976,0.0,0.0
2024-04-10 15:30:00-04:00,249.36500549316406,250.0,248.55999755859375,249.75,205848,0.0,0.0
2024-04-11 09:30:00-04:00,249.88999938964844,249.88999938964844,246.4499969482422,247.49000549316406,79683,0.0,0.0
2024-04-11 10:30:00-04:00,247.53900146484375,248.36500549316406,247.2899932861328,247.72000122070312,87440,0.0,0.0
2024-04-11 11:30:00-04:00,247.63999938964844,249.2449951171875,247.6199951171875,248.86500549316406,71489,0.0,0.0
2024-04-11 12:30:00-04:00,248.86000061035156,250.0800018310547,248.27000427246094,250.0,65987,0.0,0.0
2024-04-11 13:30:00-04:00,250.0,251.25990295410156,249.52000427246094,251.13999938964844,72212,0.0,0.0
2024-04-11 14:30:00-04:00,251.14999389648438,251.60000610351562,250.26499938964844,250.3350067138672,101124,0.0,0.0
2024-04-11 15:30:00-04:00,250.22000122070312,250.64999389648438,249.5,249.5,118929,0.0,0.0
2024-04-12 09:30:00-04:00,247.1300048828125,248.8699951171875,246.0,246.6300048828125,131886,0.0,0.0
2024-04-12 10:30:00-04:00,246.76499938964844,247.16000366210938,245.99000549316406,246.7899932861328,75417,0.0,0.0
2024-04-12 11:30:00-04:00,246.74000549316406,247.26499938964844,246.2899932861328,246.2899932861328,80701,0.0,0.0
2024-04-12 12:30:00-04:00,246.47999572753906,246.47999572753906,244.91000366210938,244.94000244140625,78993,0.0,0.0
2024-04-12 13:30:00-04:00,244.7899932861328,246.57000732421875,244.3800048828125,245.2899932861328,127116,0.0,0.0
2024-04-12 14:30:00-04:00,245.27999877929688,245.64999389648438,243.97500610351562,244.06500244140625,197356,0.0,0.0
2024-04-12 15:30:00-04:00,244.02999877929688,245.77000427246094,244.02999877929688,245.77000427246094,227230,0.0,0.0
2024-04-15 09:30:00-04:00,251.42999267578125,251.42999267578125,246.66000366210938,246.77999877929688,101093,0.0,0.0
2024-04-15 10:30:00-04:00,246.6199951171875,247.9199981689453,246.14999389648438,246.88499450683594,126372,0.0,0.0
2024-04-15 11:30:00-04:00,246.84500122070312,247.3300018310547,245.7899932861328,246.1199951171875,63091,0.0,0.0
2024-04-15 12:30:00-04:00,245.9149932861328,246.09500122070312,244.60000610351562,244.67999267578125,50971,0.0,0.0
2024-04-15 13:30:00-04:00,244.57000732421875,245.0,243.8000030517578,244.30499267578125,89355,0.0,0.0
2024-04-15 14:30:00-04:00,244.2899932861328,245.11000061035156,244.1300048828125,244.83999633789062,132634,0.0,0.0
2024-04-15 15:30:00-04:00,244.89999389648438,245.8699951171875,244.72000122070312,245.52999877929688,138003,0.0,0.0
2024-04-16 09:30:00-04:00,245.24000549316406,246.0679931640625,243.1439971923828,243.6699981689453,70697,0.0,0.0
2024-04-16 10:30:00-04:00,243.73500061035156,244.13999938964844,242.93499755859375,243.60000610351562,73198,0.0,0.0
2024-04-16 11:30:00-04:00,243.72999572753906,244.41000366210938,243.4300994873047,244.10000610351562,68012,0.0,0.0
2024-04-16 12:30:00-04:00,244.1300048828125,244.1300048828125,242.86000061035156,243.21499633789062,66947,0.0,0.0
2024-04-16 13:30:00-04:00,243.3000030517578,244.22000122070312,242.05999755859375,242.22500610351562,69725,0.0,0.0
2024-04-16 14:30:00-04:00,242.3800048828125,243.6699981689453,242.25999450683594,243.1649932861328,120020,0.0,0.0
2024-04-16 15:30:00-04:00,242.97999572753906,243.24000549316406,242.1699981689453,242.88999938964844,179324,0.0,0.0
2024-04-17 09:30:00-04:00,242.91000366210938,243.27499389648438,239.75,241.99000549316406,150847,0.0,0.0
2024-04-17 10:30:00-04:00,242.17999267578125,242.94000244140625,240.1699981689453,240.66000366210938,97666,0.0,0.0
2024-04-17 11:30:00-04:00,240.66000366210938,241.41419982910156,240.05999755859375,240.375,69256,0.0,0.0
2024-04-17 12:30:00-04:00,240.32000732421875,241.44500732421875,239.5749969482422,240.9600067138672,99532,0.0,0.0
2024-04-17 13:30:00-04:00,240.9250030517578,241.2449951171875,239.61000061035156,239.92999267578125,89438,0.0,0.0
2024-04-17 14:30:00-04:00,239.88499450683594,241.17999267578125,239.5,240.32000732421875,111022,0.0,0.0
2024-04-17 15:30:00-04:00,240.41000366210938,241.0749969482422,239.0800018310547,239.36000061035156,242747,0.0,0.0
2024-04-18 09:30:00-04:00,241.80999755859375,242.57000732421875,239.75999450683594,242.2899932861328,109295,0.0,0.0
2024-04-18 10:30:00-04:00,242.3300018310547,243.8699951171875,242.0,243.5850067138672,61963,0.0,0.0
2024-04-18 11:30:00-04:00,243.4600067138672,244.1199951171875,243.32000732421875,243.7899932861328,77613,0.0,0.0
2024-04-18 12:30:00-04:00,243.92999267578125,243.92999267578125,242.74000549316406,243.32000732421875,105031,0.0,0.0
2024-04-18 13:30:00-04:00,243.27999877929688,243.27999877929688,241.5449981689453,241.5449981689453,109814,0.0,0.0
2024-04-18 14:30:00-04:00,241.66000366210938,241.8699951171875,240.55999755859375,240.8350067138672,146271,0.0,0.0
2024-04-18 15:30:00-04:00,240.8249969482422,241.40499877929688,240.08999633789062,240.11000061035156,177801,0.0,0.0
2024-04-19 09:30:00-04:00,242.57000732421875,244.0,241.85000610351562,242.94000244140625,146564,0.0,0.0
2024-04-19 10:30:00-04:00,243.2100067138672,243.38999938964844,241.51649475097656,241.82000732421875,54352,0.0,0.0
2024-04-19 11:30:00-04:00,241.8000030517578,242.24000549316406,241.4600067138672,241.5500030517578,39735,0.0,0.0
2024-04-19 12:30:00-04:00,241.6199951171875,242.77000427246094,241.5,242.32000732421875,45671,0.0,0.0
2024-04-19 13:30:00-04:00,242.5500030517578,242.8300018310547,241.43499755859375,241.49000549316406,44057,0.0,0.0
2024-04-19 14:30:00-04:00,241.5800018310547,241.74000549316406,240.35000610351562,241.1300048828125,148648,0.0,0.0
2024-04-19 15:30:00-04:00,241.27000427246094,241.89999389648438,241.11000061035156,241.2100067138672,190887,0.0,0.0
2024-04-22 09:30:00-04:00,241.9499969482422,242.35000610351562,239.69000244140625,242.35000610351562,146849,0.0,0.0
2024-04-22 10:30:00-04:00,242.25999450683594,242.8699951171875,241.90499877929688,242.3699951171875,65509,0.0,0.0
2024-04-22 11:30:00-04:00,242.69000244140625,243.6699981689453,242.27999877929688,243.1699981689453,51852,0.0,0.0
2024-04-22 12:30:00-04:00,243.1300048828125,244.16000366210938,242.9199981689453,244.16000366210938,51934,0.0,0.0
2024-04-22 13:30:00-04:00,244.25,246.27999877929688,244.10000610351562,246.14999389648438,158076,0.0,0.0
2024-04-22 14:30:00-04:00,246.08999633789062,246.27000427246094,244.9600067138672,245.16000366210938,111183,0.0,0.0
2024-04-22 15:30:00-04:00,245.2449951171875,245.2449951171875,244.25,244.69000244140625,227271,0.0,0.0
2024-04-23 09:30:00-04:00,245.19000244140625,247.1699981689453,245.19000244140625,245.63999938964844,121231,0.0,0.0
2024-04-23 10:30:00-04:00,245.55999755859375,246.00999450683594,244.1699981689453,245.6199951171875,161973,0.0,0.0
2024-04-23 11:30:00-04:00,245.52999877929688,245.56500244140625,244.52999877929688,244.9250030517578,124317,0.0,0.0
2024-04-23 12:30:00-04:00,245.0,245.52999877929688,244.74000549316406,245.5050048828125,108310,0.0,0.0
2024-04-23 13:30:00-04:00,245.5800018310547,245.8000030517578,244.97000122070312,245.2550048828125,75051,0.0,0.0
2024-04-23 14:30:00-04:00,245.26499938964844,245.5800018310547,244.2100067138672,244.3800048828125,108974,0.0,0.0
2024-04-23 15:30:00-04:00,244.2899932861328,245.0500030517578,243.97999572753906,244.97000122070312,249081,0.0,0.0
2024-04-24 09:30:00-04:00,239.5,241.77499389648438,234.87049865722656,238.60000610351562,754544,0.0,0.0
2024-04-24 10:30:00-04:00,238.65499877929688,238.72000122070312,235.8300018310547,236.0399932861328,237274,0.0,0.0
2024-04-24 11:30:00-04:00,236.0399932861328,236.50999450683594,232.66000366210938,233.85000610351562,225039,0.0,0.0
2024-04-24 12:30:00-04:00,233.86000061035156,235.02999877929688,232.14999389648438,234.91000366210938,196473,0.0,0.0
2024-04-24 13:30:00-04:00,234.9199981689453,236.5,234.4199981689453,235.63499450683594,225692,0.0,0.0
2024-04-24 14:30:00-04:00,235.64889526367188,236.4199981689453,235.0417938232422,236.4199981689453,210393,0.0,0.0
2024-04-24 15:30:00-04:00,236.39500427246094,237.0800018310547,235.97000122070312,236.27999877929688,377752,0.0,0.0
2024-04-25 09:30:00-04:00,237.0,239.55999755859375,233.0399932861328,235.27999877929688,174134,0.0,0.0
2024-04-25 10:30:00-04:00,235.31500244140625,235.58999633789062,233.0500030517578,235.05990600585938,113413,0.0,0.0
2024-04-25 11:30:00-04:00,235.05999755859375,238.4499969482422,234.94000244140625,238.33999633789062,196325,0.0,0.0
2024-04-25 12:30:00-04:00,238.36000061035156,239.61000061035156,237.42999267578125,238.0850067138672,241349,0.0,0.0
2024-04-25 13:30:00-04:00,238.1999969482422,239.8699951171875,238.1999969482422,239.1300048828125,114175,0.0,0.0
2024-04-25 14:30:00-04:00,239.19000244140625,242.375,239.1199951171875,241.92999267578125,252484,0.0,0.0
2024-04-25 15:30:00-04:00,241.88499450683594,242.13499450683594,240.55999755859375,240.69000244140625,421973,0.0,0.0
2024-04-26 09:30:00-04:00,239.08999633789062,242.63839721679688,239.08999633789062,241.11000061035156,211461,0.0,0.0
2024-04-26 10:30:00-04:00,241.05499267578125,241.24000549316406,238.80999755859375,239.16000366210938,167566,0.0,0.0
2024-04-26 11:30:00-04:00,239.22999572753906,239.89999389648438,238.17999267578125,239.0,152419,0.0,0.0
2024-04-26 12:30:00-04:00,239.1999969482422,239.68499755859375,238.625,239.3000030517578,154296,0.0,0.0
2024-04-26 13:30:00-04:00,239.13999938964844,240.49000549316406,238.85000610351562,240.1300048828125,142579,0.0,0.0
2024-04-26 14:30:00-04:00,240.13999938964844,240.72000122070312,239.0399932861328,239.09500122070312,158882,0.0,0.0
2024-04-26 15:30:00-04:00,239.0399932861328,240.2899932861328,238.80999755859375,239.9499969482422,269907,0.0,0.0
2024-04-29 09:30:00-04:00,239.99000549316406,242.72999572753906,239.99000549316406,241.25,179771,0.0,0.0
2024-04-29 10:30:00-04:00,241.21499633789062,242.11000061035156,239.43499755859375,241.86000061035156,221500,0.0,0.0
2024-04-29 11:30:00-04:00,241.8000030517578,241.92999267578125,240.77000427246094,241.7100067138672,98259,0.0,0.0
2024-04-29 12:30:00-04:00,241.69000244140625,241.86500549316406,241.17999267578125,241.19500732421875,81015,0.0,0.0
2024-04-29 13:30:00-04:00,241.13270568847656,241.8300018310547,240.49000549316406,240.65499877929688,132335,0.0,0.0
2024-04-29 14:30:00-04:00,240.61000061035156,240.64500427246094,237.9199981689453,238.89999389648438,166578,0.0,0.0
2024-04-29 15:30:00-04:00,239.0050048828125,241.4499969482422,238.8249969482422,241.44000244140625,302975,0.0,0.0
2024-04-30 09:30:00-04:00,239.99000549316406,243.97000122070312,230.82000732421875,230.99000549316406,992654,0.0,0.0
2024-04-30 10:30:00-04:00,231.0850067138672,233.6999969482422,230.0749969482422,232.7949981689453,584310,0.0,0.0
2024-04-30 11:30:00-04:00,233.0399932861328,234.02000427246094,231.8699951171875,232.99000549316406,199160,0.0,0.0
2024-04-30 12:30:00-04:00,233.05999755859375,233.1699981689453,230.38499450683594,231.0050048828125,383339,0.0,0.0
2024-04-30 13:30:00-04:00,230.97500610351562,232.5800018310547,230.89999389648438,231.2100067138672,253547,0.0,0.0
2024-04-30 14:30:00-04:00,231.40499877929688,231.75,229.2899932861328,229.47500610351562,349154,0.0,0.0
2024-04-30 15:30:00-04:00,229.5399932861328,230.75,229.4499969482422,230.27999877929688,423940,0.0,0.0
2024-05-01 09:30:00-04:00,229.8300018310547,230.17999267578125,228.11000061035156,229.27000427246094,267423,0.0,0.0
2024-05-01 10:30:00-04:00,229.17999267578125,229.8000030517578,228.31500244140625,229.56500244140625,120526,0.0,0.0
2024-05-01 11:30:00-04:00,229.56500244140625,229.66000366210938,228.97000122070312,229.5500030517578,153253,0.0,0.0
2024-05-01 12:30:00-04:00,229.5500030517578,231.22999572753906,229.5500030517578,230.97500610351562,112651,0.0,0.0
2024-05-01 13:30:00-04:00,230.97500610351562,232.72500610351562,230.94000244140625,232.625,193211,0.0,0.0
2024-05-01 14:30:00-04:00,232.625,234.1699981689453,231.2050018310547,233.00100708007812,236693,0.0,0.0
2024-05-01 15:30:00-04:00,233.0,233.0500030517578,230.25,230.35000610351562,348337,0.0,0.0
2024-05-02 09:30:00-04:00,230.7899932861328,231.80999755859375,228.38999938964844,229.47500610351562,322699,0.0,0.0
2024-05-02 10:30:00-04:00,229.58990478515625,231.2899932861328,229.1699981689453,229.74000549316406,125190,0.0,0.0
2024-05-02 11:30:00-04:00,229.9199981689453,230.55999755859375,229.14999389648438,230.35000610351562,127265,0.0,0.0
2024-05-02 12:30:00-04:00,230.375,232.05999755859375,230.19000244140625,232.05999755859375,89309,0.0,0.0
2024-05-02 13:30:00-04:00,232.08999633789062,232.9199981689453,231.6999969482422,232.7899932861328,171557,0.0,0.0
2024-05-02 14:30:00-04:00,232.79620361328125,235.9499969482422,232.7899932861328,234.92999267578125,324083,0.0,0.0
2024-05-02 15:30:00-04:00,234.88999938964844,235.27999877929688,233.22000122070312,233.94000244140625,315902,0.0,0.0
2024-05-03 09:30:00-04:00,237.0,237.5,233.97999572753906,235.68499755859375,197716,0.0,0.0
2024-05-03 10:30:00-04:00,235.8300018310547,236.5500030517578,234.8800048828125,236.27000427246094,116868,0.0,0.0
2024-05-03 11:30:00-04:00,236.24000549316406,236.75999450683594,235.89999389648438,236.1199951171875,62947,0.0,0.0
2024-05-03 12:30:00-04:00,236.34500122070312,236.4149932861328,235.64999389648438,235.75999450683594,75707,0.0,0.0
2024-05-03 13:30:00-04:00,235.75999450683594,236.7100067138672,235.42999267578125,236.02999877929688,64371,0.0,0.0
2024-05-03 14:30:00-04:00,236.02000427246094,236.3800048828125,235.52499389648438,235.58999633789062,106155,0.0,0.0
2024-05-03 15:30:00-04:00,235.5500030517578,235.80999755859375,235.0500030517578,235.52000427246094,187450,0.0,0.0
2024-05-06 09:30:00-04:00,236.8000030517578,236.93499755859375,232.59500122070312,232.75999450683594,144051,0.0,0.0
2024-05-06 10:30:00-04:00,232.77999877929688,233.15989685058594,232.0800018310547,232.1999969482422,206990,0.0,0.0
2024-05-06 11:30:00-04:00,232.1999969482422,232.24000549316406,230.9600067138672,231.4199981689453,172539,0.0,0.0
2024-05-06 12:30:00-04:00,231.24000549316406,231.83999633789062,230.91009521484375,230.97000122070312,155768,0.0,0.0
2024-05-06 13:30:00-04:00,230.9499969482422,231.67999267578125,230.94000244140625,231.3000030517578,156716,0.0,0.0
2024-05-06 14:30:00-04:00,231.38499450683594,231.64999389648438,229.7899932861328,230.07000732421875,245422,0.0,0.0
2024-05-06 15:30:00-04:00,230.0,230.52000427246094,229.22999572753906,230.4600067138672,356399,0.0,0.0
2024-05-07 09:30:00-04:00,232.63999938964844,233.1999969482422,230.47999572753906,230.65499877929688,305191,0.0,0.0
2024-05-07 10:30:00-04:00,230.65499877929688,232.57000732421875,230.6300048828125,232.36000061035156,140953,0.0,0.0
2024-05-07 11:30:00-04:00,232.3300018310547,232.75999450683594,231.39999389648438,232.27000427246094,177725,0.0,0.0
2024-05-07 12:30:00-04:00,232.2949981689453,232.41000366210938,231.3300018310547,231.74000549316406,56479,0.0,0.0
2024-05-07 13:30:00-04:00,231.78500366210938,231.78500366210938,230.5,230.7050018310547,89969,0.0,0.0
2024-05-07 14:30:00-04:00,230.75999450683594,231.0500030517578,230.32000732421875,230.85499572753906,128175,0.0,0.0
2024-05-07 15:30:00-04:00,230.85499572753906,232.39999389648438,230.7899932861328,232.22000122070312,213309,0.0,0.0
2024-05-08 09:30:00-04:00,230.25999450683594,233.4199981689453,230.25999450683594,232.32000732421875,127329,0.0,0.0
2024-05-08 10:30:00-04:00,232.41000366210938,232.64999389648438,231.9499969482422,232.11000061035156,103029,0.0,0.0
2024-05-08 11:30:00-04:00,232.11500549316406,232.3000030517578,231.11000061035156,231.47000122070312,131537,0.0,0.0
2024-05-08 12:30:00-04:00,231.4499969482422,231.4499969482422,230.7100067138672,230.7100067138672,88269,0.0,0.0
2024-05-08 13:30:00-04:00,230.7100067138672,231.75,230.3800048828125,231.6999969482422,111832,0.0,0.0
2024-05-08 14:30:00-04:00,231.6999969482422,232.52000427246094,231.6199951171875,232.18499755859375,148540,0.0,0.0
2024-05-08 15:30:00-04:00,232.14999389648438,232.7899932861328,231.9550018310547,232.10000610351562,281350,0.0,0.0
2024-05-09 09:30:00-04:00,219.97999572753906,226.52999877929688,219.97999572753906,225.27999877929688,1934763,0.0,0.0
2024-05-09 10:30:00-04:00,225.41000366210938,226.0749969482422,223.27000427246094,223.6999969482422,682685,0.0,0.0
2024-05-09 11:30:00-04:00,223.6750030517578,225.9600067138672,223.44000244140625,225.0,289230,0.0,0.0
2024-05-09 12:30:00-04:00,225.0,225.7993927001953,224.47000122070312,225.4499969482422,366463,0.0,0.0
2024-05-09 13:30:00-04:00,225.47999572753906,227.27000427246094,225.0399932861328,226.86500549316406,373938,0.0,0.0
2024-05-09 14:30:00-04:00,226.89500427246094,227.16000366210938,224.8699951171875,225.7899932861328,302749,0.0,0.0
2024-05-09 15:30:00-04:00,225.83999633789062,226.47000122070312,225.0500030517578,226.44000244140625,525376,0.0,0.0
2024-05-10 09:30:00-04:00,227.82000732421875,229.27000427246094,226.36000061035156,228.74000549316406,433211,0.0,0.0
2024-05-10 10:30:00-04:00,228.7550048828125,230.1699981689453,228.69000244140625,229.58999633789062,247003,0.0,0.0
2024-05-10 11:30:00-04:00,229.6199951171875,229.69000244140625,228.02999877929688,228.6699981689453,193351,0.0,0.0
2024-05-10 12:30:00-04:00,228.6750030517578,229.5399932861328,228.5399932861328,229.3000030517578,119207,0.0,0.0
2024-05-10 13:30:00-04:00,229.28500366210938,229.67999267578125,228.89999389648438,229.4199981689453,149582,0.0,0.0
2024-05-10 14:30:00-04:00,229.35000610351562,229.86000061035156,229.1199951171875,229.7100067138672,156608,0.0,0.0
2024-05-10 15:30:00-04:00,229.72999572753906,230.47999572753906,229.1199951171875,230.32000732421875,460561,0.0,0.0
2024-05-13 09:30:00-04:00,230.89999389648438,231.69000244140625,230.50100708007812,231.00999450683594,269438,0.0,0.0
2024-05-13 10:30:00-04:00,230.9550018310547,231.80999755859375,230.82020568847656,231.2100067138672,127875,0.0,0.0
2024-05-13 11:30:00-04:00,230.97999572753906,231.1300048828125,230.27999877929688,230.72000122070312,501715,0.0,0.0
2024-05-13 12:30:00-04:00,230.77000427246094,231.02000427246094,230.27000427246094,230.63499450683594,168658,0.0,0.0
2024-05-13 13:30:00-04:00,230.75,231.19000244140625,230.61000061035156,231.17999267578125,82914,0.0,0.0
2024-05-13 14:30:00-04:00,231.27609252929688,231.4499969482422,230.4499969482422,231.0399932861328,193302,0.0,0.0
2024-05-13 15:30:00-04:00,231.0749969482422,231.10000610351562,230.4199981689453,230.97000122070312,443170,0.0,0.0
2024-05-14 09:30:00-04:00,232.47000122070312,232.47000122070312,229.91000366210938,230.19000244140625,264109,0.0,0.0
2024-05-14 10:30:00-04:00,230.3000030517578,230.3300018310547,227.3699951171875,227.41749572753906,324322,0.0,0.0
2024-05-14 11:30:00-04:00,227.5050048828125,228.23989868164062,227.24000549316406,227.88999938964844,110008,0.0,0.0
2024-05-14 12:30:00-04:00,227.8000030517578,227.86000061035156,226.52999877929688,227.5749969482422,101784,0.0,0.0
2024-05-14 13:30:00-04:00,227.6649932861328,230.1999969482422,227.05999755859375,229.7899932861328,379020,0.0,0.0
2024-05-14 14:30:00-04:00,229.82000732421875,230.0800018310547,229.1699981689453,229.80499267578125,118791,0.0,0.0
2024-05-14 15:30:00-04:00,229.8000030517578,230.72500610351562,229.60000610351562,229.9199981689453,252956,0.0,0.0
2024-05-15 09:30:00-04:00,231.91000366210938,232.25,230.5749969482422,230.9499969482422,215253,0.0,0.0
2024-05-15 10:30:00-04:00,231.05999755859375,231.55999755859375,230.25,231.1999969482422,168249,0.0,0.0
2024-05-15 11:30:00-04:00,231.1649932861328,231.44000244140625,230.63999938964844,230.9600067138672,156588,0.0,0.0
2024-05-15 12:30:00-04:00,230.93499755859375,232.2899932861328,230.75999450683594,231.83999633789062,193073,0.0,0.0
2024-05-15 13:30:00-04:00,231.8979949951172,232.05499267578125,230.8800048828125,231.11000061035156,78587,0.0,0.0
2024-05-15 14:30:00-04:00,231.00999450683594,231.4199981689453,230.9149932861328,231.2100067138672,102811,0.0,0.0
2024-05-15 15:30:00-04:00,231.17999267578125,231.5749969482422,230.3800048828125,231.36000061035156,269443,0.0,0.0
2024-05-16 09:30:00-04:00,231.19000244140625,231.8000030517578,229.08999633789062,229.1699981689453,72283,0.0,0.0
2024-05-16 10:30:00-04:00,229.39999389648438,230.3800048828125,229.1199951171875,230.2550048828125,69234,0.0,0.0
2024-05-16 11:30:00-04:00,230.2006072998047,231.32000732421875,229.97999572753906,230.89999389648438,55844,0.0,0.0
2024-05-16 12:30:00-04:00,230.97000122070312,231.9199981689453,230.63999938964844,231.1699981689453,82328,0.0,0.0
2024-05-16 13:30:00-04:00,231.1699981689453,231.27999877929688,230.3699951171875,231.02000427246094,111444,0.0,0.0
2024-05-16 14:30:00-04:00,230.9403076171875,232.08999633789062,230.94000244140625,231.82000732421875,137501,0.0,0.0
2024-05-16 15:30:00-04:00,231.9499969482422,232.55999755859375,231.52000427246094,232.5399932861328,301676,0.0,0.0
2024-05-17 09:30:00-04:00,233.4199981689453,233.72000122070312,231.02000427246094,232.67999267578125,258223,0.0,0.0
2024-05-17 10:30:00-04:00,232.6300048828125,232.8699951171875,231.3699951171875,231.83999633789062,255829,0.0,0.0
2024-05-17 11:30:00-04:00,231.77999877929688,232.2899932861328,230.8300018310547,231.0,86124,0.0,0.0
2024-05-17 12:30:00-04:00,231.0,231.75999450683594,230.89999389648438,231.39999389648438,107916,0.0,0.0
2024-05-17 13:30:00-04:00,231.47999572753906,231.6999969482422,230.8300018310547,231.14999389648438,64824,0.0,0.0
2024-05-17 14:30:00-04:00,231.05999755859375,232.1750030517578,231.0399932861328,231.6300048828125,139416,0.0,0.0
2024-05-17 15:30:00-04:00,231.61500549316406,231.6699981689453,230.74000549316406,231.4600067138672,219714,0.0,0.0
2024-05-20 09:30:00-04:00,231.1999969482422,231.33990478515625,229.0449981689453,230.57000732421875,173345,0.0,0.0
2024-05-20 10:30:00-04:00,230.52000427246094,231.6300048828125,230.32000732421875,231.05999755859375,94957,0.0,0.0
2024-05-20 11:30:00-04:00,231.07000732421875,231.47000122070312,230.5399932861328,230.64999389648438,84015,0.0,0.0
2024-05-20 12:30:00-04:00,230.64999389648438,231.00999450683594,230.4199981689453,230.91000366210938,44339,0.0,0.0
2024-05-20 13:30:00-04:00,230.72999572753906,230.94000244140625,230.1999969482422,230.5850067138672,51332,0.0,0.0
2024-05-20 14:30:00-04:00,230.5850067138672,230.6999969482422,229.81500244140625,230.27000427246094,72330,0.0,0.0
2024-05-20 15:30:00-04:00,230.27000427246094,230.49000549316406,229.97250366210938,230.4499969482422,204518,0.0,0.0
2024-05-21 09:30:00-04:00,229.07000732421875,230.2050018310547,226.32000732421875,226.64500427246094,107770,0.0,0.0
2024-05-21 10:30:00-04:00,226.6750030517578,227.6199951171875,226.3699951171875,226.41000366210938,71328,0.0,0.0
2024-05-21 11:30:00-04:00,226.4499969482422,226.47999572753906,225.41000366210938,225.85000610351562,65362,0.0,0.0
2024-05-21 12:30:00-04:00,225.91000366210938,226.47999572753906,225.69000244140625,225.92999267578125,45823,0.0,0.0
2024-05-21 13:30:00-04:00,225.88999938964844,226.2449951171875,225.5800018310547,226.0500030517578,69174,0.0,0.0
2024-05-21 14:30:00-04:00,226.00999450683594,226.1999969482422,225.00999450683594,225.30999755859375,116941,0.0,0.0
2024-05-21 15:30:00-04:00,225.3000030517578,225.41000366210938,224.3350067138672,224.75999450683594,259058,0.0,0.0
2024-05-22 09:30:00-04:00,224.2899932861328,231.55999755859375,224.2899932861328,231.0050048828125,406192,0.0,0.0
2024-05-22 10:30:00-04:00,230.97999572753906,232.97000122070312,230.77000427246094,232.33999633789062,224545,0.0,0.0
2024-05-22 11:30:00-04:00,232.32000732421875,233.5800018310547,232.02000427246094,232.6300048828125,200307,0.0,0.0
2024-05-22 12:30:00-04:00,232.5800018310547,233.1699981689453,232.00999450683594,232.2100067138672,88478,0.0,0.0
2024-05-22 13:30:00-04:00,232.2449951171875,232.25,230.9835968017578,231.07000732421875,114570,0.0,0.0
2024-05-22 14:30:00-04:00,231.07000732421875,231.55999755859375,230.8000030517578,231.24000549316406,160273,0.0,0.0
2024-05-22 15:30:00-04:00,231.2449951171875,231.39999389648438,230.44000244140625,230.7100067138672,403665,0.0,0.0
2024-05-23 09:30:00-04:00,232.30999755859375,232.5,228.48500061035156,228.9250030517578,158640,0.0,0.0
2024-05-23 10:30:00-04:00,228.8699951171875,229.25999450683594,227.4149932861328,228.1699981689453,152576,0.0,0.0
2024-05-23 11:30:00-04:00,228.05999755859375,229.13999938964844,227.75999450683594,228.63499450683594,157027,0.0,0.0
2024-05-23 12:30:00-04:00,228.7899932861328,228.82749938964844,226.72000122070312,226.77999877929688,74978,0.0,0.0
2024-05-23 13:30:00-04:00,226.8000030517578,227.07000732421875,225.77499389648438,226.0,73237,0.0,0.0
2024-05-23 14:30:00-04:00,225.80999755859375,226.3699951171875,225.52999877929688,225.89999389648438,97292,0.0,0.0
2024-05-23 15:30:00-04:00,225.90499877929688,226.75,225.90499877929688,226.27000427246094,211789,0.0,0.0
2024-05-24 09:30:00-04:00,226.05999755859375,226.88999938964844,224.58999633789062,225.82749938964844,116261,0.0,0.0
2024-05-24 10:30:00-04:00,225.8350067138672,226.1649932861328,225.22000122070312,225.931396484375,65711,0.0,0.0
2024-05-24 11:30:00-04:00,226.01499938964844,226.55999755859375,225.25,225.97999572753906,65610,0.0,0.0
2024-05-24 12:30:00-04:00,225.89999389648438,226.2899932861328,225.42999267578125,225.52999877929688,57185,0.0,0.0
2024-05-24 13:30:00-04:00,225.47999572753906,225.9499969482422,225.26499938964844,225.77999877929688,84910,0.0,0.0
2024-05-24 14:30:00-04:00,225.72999572753906,226.1199951171875,225.63999938964844,226.11000061035156,90017,0.0,0.0
2024-05-24 15:30:00-04:00,226.0449981689453,226.86000061035156,225.99000549316406,226.72999572753906,163124,0.0,0.0
2024-05-28 09:30:00-04:00,226.52000427246094,226.62930297851562,224.58999633789062,224.73500061035156,67619,0.0,0.0
2024-05-28 10:30:00-04:00,224.47999572753906,225.4499969482422,224.4199981689453,225.11000061035156,67760,0.0,0.0
2024-05-28 11:30:00-04:00,225.02000427246094,225.125,224.61000061035156,224.74000549316406,36634,0.0,0.0
2024-05-28 12:30:00-04:00,224.71499633789062,224.71499633789062,223.65499877929688,223.89999389648438,60679,0.0,0.0
2024-05-28 13:30:00-04:00,223.82000732421875,224.05499267578125,222.6199951171875,222.69000244140625,73089,0.0,0.0
2024-05-28 14:30:00-04:00,222.67999267578125,222.7899932861328,221.9199981689453,222.2550048828125,157540,0.0,0.0
2024-05-28 15:30:00-04:00,222.2550048828125,223.10000610351562,222.08999633789062,222.8000030517578,231044,0.0,0.0
2024-05-29 09:30:00-04:00,221.0,221.0,218.7633056640625,219.5,176600,0.0,0.0
2024-05-29 10:30:00-04:00,219.63999938964844,220.89999389648438,219.52499389648438,220.77999877929688,124731,0.0,0.0
2024-05-29 11:30:00-04:00,220.83999633789062,221.0449981689453,220.2100067138672,220.60000610351562,92096,0.0,0.0
2024-05-29 12:30:00-04:00,220.4561004638672,221.05999755859375,220.17999267578125,220.41000366210938,72762,0.0,0.0
2024-05-29 13:30:00-04:00,220.41000366210938,220.4149932861328,219.28359985351562,219.65499877929688,100914,0.0,0.0
2024-05-29 14:30:00-04:00,219.64999389648438,220.30999755859375,219.57000732421875,220.09500122070312,92618,0.0,0.0
2024-05-29 15:30:00-04:00,220.1649932861328,220.1649932861328,218.6300048828125,219.00999450683594,207676,0.0,0.0
2024-05-30 09:30:00-04:00,219.17999267578125,220.27999877929688,218.41000366210938,219.14999389648438,126720,0.0,0.0
2024-05-30 10:30:00-04:00,219.27000427246094,220.49000549316406,219.19000244140625,220.24000549316406,123508,0.0,0.0
2024-05-30 11:30:00-04:00,220.14999389648438,220.72500610351562,219.5399932861328,220.6699981689453,81472,0.0,0.0
2024-05-30 12:30:00-04:00,220.61199951171875,220.8000030517578,220.16000366210938,220.3000030517578,69026,0.0,0.0
2024-05-30 13:30:00-04:00,220.32000732421875,220.35000610351562,219.4199981689453,219.94000244140625,73209,0.0,0.0
2024-05-30 14:30:00-04:00,219.94000244140625,220.34930419921875,219.58999633789062,220.0399932861328,93611,0.0,0.0
2024-05-30 15:30:00-04:00,220.0,220.8249969482422,219.85000610351562,220.67999267578125,224022,0.0,0.0
2024-05-31 09:30:00-04:00,220.7899932861328,221.80499267578125,219.99000549316406,220.9199981689453,95261,0.0,0.0
2024-05-31 10:30:00-04:00,220.89500427246094,221.88999938964844,220.69000244140625,221.42999267578125,114576,0.0,0.0
2024-05-31 11:30:00-04:00,221.3249969482422,221.82000732421875,220.72999572753906,220.83999633789062,69191,0.0,0.0
2024-05-31 12:30:00-04:00,220.8341064453125,220.89500427246094,220.10000610351562,220.67999267578125,68959,0.0,0.0
2024-05-31 13:30:00-04:00,220.7050018310547,221.66000366210938,220.50999450683594,221.6300048828125,100748,0.0,0.0
2024-05-31 14:30:00-04:00,221.61000061035156,222.4499969482422,221.61000061035156,222.16000366210938,109253,0.0,0.0
2024-05-31 15:30:00-04:00,222.16000366210938,224.94000244140625,222.10000610351562,224.8000030517578,319310,0.0,0.0
2024-06-03 09:30:00-04:00,226.16000366210938,226.2799072265625,222.08999633789062,222.08999633789062,141912,0.0,0.0
2024-06-03 10:30:00-04:00,222.1750030517578,223.5399932861328,221.34500122070312,223.35000610351562,121278,0.0,0.0
2024-06-03 11:30:00-04:00,223.64999389648438,223.99000549316406,221.80999755859375,222.02000427246094,94652,0.0,0.0
2024-06-03 12:30:00-04:00,222.1999053955078,223.22999572753906,221.8625030517578,222.7949981689453,88058,0.0,0.0
2024-06-03 13:30:00-04:00,222.9199981689453,223.4499969482422,222.24000549316406,223.27499389648438,72888,0.0,0.0
2024-06-03 14:30:00-04:00,223.2550048828125,223.9499969482422,223.25,223.60000610351562,84008,0.0,0.0
2024-06-03 15:30:00-04:00,223.5,223.8800048828125,223.01499938964844,223.8800048828125,197411,0.0,0.0
2024-06-04 09:30:00-04:00,224.10000610351562,225.85000610351562,223.4199981689453,224.8000030517578,72280,0.0,0.0
2024-06-04 10:30:00-04:00,224.8800048828125,224.8800048828125,222.7899932861328,222.9149932861328,65334,0.0,0.0
2024-06-04 11:30:00-04:00,222.7899932861328,223.00999450683594,222.19000244140625,222.7949981689453,65444,0.0,0.0
2024-06-04 12:30:00-04:00,222.7949981689453,222.7949981689453,221.77999877929688,221.99000549316406,90696,0.0,0.0
2024-06-04 13:30:00-04:00,221.99000549316406,222.61000061035156,221.50999450683594,222.5500030517578,177352,0.0,0.0
2024-06-04 14:30:00-04:00,222.5500030517578,222.61000061035156,221.47999572753906,221.7899932861328,123927,0.0,0.0
2024-06-04 15:30:00-04:00,221.84500122070312,221.9600067138672,221.52000427246094,221.61000061035156,128681,0.0,0.0
2024-06-05 09:30:00-04:00,223.6699981689453,224.0,220.4199981689453,220.4199981689453,58374,0.0,0.0
2024-06-05 10:30:00-04:00,220.5850067138672,222.07000732421875,220.47000122070312,221.57000732421875,65722,0.0,0.0
2024-06-05 11:30:00-04:00,221.72000122070312,222.11000061035156,221.5,221.50999450683594,43322,0.0,0.0
2024-06-05 12:30:00-04:00,221.6649932861328,222.25999450683594,221.28280639648438,222.25999450683594,38572,0.0,0.0
2024-06-05 13:30:00-04:00,222.35499572753906,223.22500610351562,222.22999572753906,223.10000610351562,45797,0.0,0.0
2024-06-05 14:30:00-04:00,223.13499450683594,223.25,222.55999755859375,222.69000244140625,60213,0.0,0.0
2024-06-05 15:30:00-04:00,222.7899932861328,223.4499969482422,222.55999755859375,223.44000244140625,146484,0.0,0.0
2024-06-06 09:30:00-04:00,223.5500030517578,224.8300018310547,222.4199981689453,223.27999877929688,124581,0.0,0.0
2024-06-06 10:30:00-04:00,223.60000610351562,223.75,222.33999633789062,223.72500610351562,46180,0.0,0.0
2024-06-06 11:30:00-04:00,223.78500366210938,224.0,223.00999450683594,223.4199981689453,72674,0.0,0.0
2024-06-06 12:30:00-04:00,223.39999389648438,223.66969299316406,222.98500061035156,223.6300048828125,58409,0.0,0.0
2024-06-06 13:30:00-04:00,223.55499267578125,224.3300018310547,223.2899932861328,224.27999877929688,70714,0.0,0.0
2024-06-06 14:30:00-04:00,224.32000732421875,225.22000122070312,224.24000549316406,224.49000549316406,120379,0.0,0.0
2024-06-06 15:30:00-04:00,224.47999572753906,224.91000366210938,224.27499389648438,224.6999969482422,154358,0.0,0.0
2024-06-07 09:30:00-04:00,224.4499969482422,226.1300048828125,222.5,226.03860473632812,68372,0.0,0.0
2024-06-07 10:30:00-04:00,226.1699981689453,226.5968017578125,225.22000122070312,225.9199981689453,45666,0.0,0.0
2024-06-07 11:30:00-04:00,225.9949951171875,226.80999755859375,225.68499755859375,226.67999267578125,90455,0.0,0.0
2024-06-07 12:30:00-04:00,226.7899932861328,226.85000610351562,225.99000549316406,225.99000549316406,71184,0.0,0.0
2024-06-07 13:30:00-04:00,225.83999633789062,226.34280395507812,225.07000732421875,225.85000610351562,39676,0.0,0.0
2024-06-07 14:30:00-04:00,225.8300018310547,226.1999969482422,224.83999633789062,225.0500030517578,70968,0.0,0.0
2024-06-07 15:30:00-04:00,225.0500030517578,225.22000122070312,223.94000244140625,224.10000610351562,198746,0.0,0.0
2024-06-10 09:30:00-04:00,223.99000549316406,225.67999267578125,223.55999755859375,225.14999389648438,72619,0.0,0.0
2024-06-10 10:30:00-04:00,225.14999389648438,225.57090759277344,224.22039794921875,224.35499572753906,49008,0.0,0.0
2024-06-10 11:30:00-04:00,224.4600067138672,225.49000549316406,223.9199981689453,224.91000366210938,71957,0.0,0.0
2024-06-10 12:30:00-04:00,224.89999389648438,225.35000610351562,223.85000610351562,224.53579711914062,43189,0.0,0.0
2024-06-10 13:30:00-04:00,224.64999389648438,225.67999267578125,224.6300048828125,224.98500061035156,75012,0.0,0.0
2024-06-10 14:30:00-04:00,225.10000610351562,225.375,224.14999389648438,224.4199981689453,109885,0.0,0.0
2024-06-10 15:30:00-04:00,224.4199981689453,225.3800048828125,223.875,225.2899932861328,217670,0.0,0.0
2024-06-11 09:30:00-04:00,223.32000732421875,225.38999938964844,223.13250732421875,225.24510192871094,130749,0.0,0.0
2024-06-11 10:30:00-04:00,225.0,225.4600067138672,224.4550018310547,224.61000061035156,62426,0.0,0.0
2024-06-11 11:30:00-04:00,224.71499633789062,224.8699951171875,224.02000427246094,224.2899932861328,54020,0.0,0.0
2024-06-11 12:30:00-04:00,224.22500610351562,224.5800018310547,223.3800048828125,223.5,89088,0.0,0.0
2024-06-11 13:30:00-04:00,223.67999267578125,224.47999572753906,223.61000061035156,224.4199981689453,92421,0.0,0.0
2024-06-11 14:30:00-04:00,224.4250030517578,224.8699951171875,224.3300018310547,224.5500030517578,105632,0.0,0.0
2024-06-11 15:30:00-04:00,224.5,225.44000244140625,224.44720458984375,224.99000549316406,224503,0.0,0.0
2024-06-12 09:30:00-04:00,227.36000061035156,229.68499755859375,226.55999755859375,227.97999572753906,177181,0.0,0.0
2024-06-12 10:30:00-04:00,227.97000122070312,228.08999633789062,225.77999877929688,226.24819946289062,135140,0.0,0.0
2024-06-12 11:30:00-04:00,226.3000030517578,226.4199981689453,224.9199981689453,225.05999755859375,125071,0.0,0.0
2024-06-12 12:30:00-04:00,225.0800018310547,225.19500732421875,224.02000427246094,224.22000122070312,79815,0.0,0.0
2024-06-12 13:30:00-04:00,224.19500732421875,225.22999572753906,223.27999877929688,224.69000244140625,77856,0.0,0.0
2024-06-12 14:30:00-04:00,224.72000122070312,224.92999267578125,223.99000549316406,224.25,67785,0.0,0.0
2024-06-12 15:30:00-04:00,224.19000244140625,224.49000549316406,223.75,224.07000732421875,137688,0.0,0.0
2024-06-13 09:30:00-04:00,223.1300048828125,223.1300048828125,220.13999938964844,220.52000427246094,82347,0.0,0.0
2024-06-13 10:30:00-04:00,220.25999450683594,222.2100067138672,220.16000366210938,222.0,79202,0.0,0.0
2024-06-13 11:30:00-04:00,222.03500366210938,222.16000366210938,221.11000061035156,221.24000549316406,53338,0.0,0.0
2024-06-13 12:30:00-04:00,221.10000610351562,222.25999450683594,221.0399932861328,221.80999755859375,63880,0.0,0.0
2024-06-13 13:30:00-04:00,221.6199951171875,222.05999755859375,221.4199981689453,221.58999633789062,50850,0.0,0.0
2024-06-13 14:30:00-04:00,221.5800018310547,222.1300048828125,221.41009521484375,222.07000732421875,63589,0.0,0.0
2024-06-13 15:30:00-04:00,222.00999450683594,222.47000122070312,221.80999755859375,221.83999633789062,152641,0.0,0.0
2024-06-14 09:30:00-04:00,220.0,221.0399932861328,217.0399932861328,217.35499572753906,88917,0.0,0.0
2024-06-14 10:30:00-04:00,217.3350067138672,219.25,216.72439575195312,219.0,151090,0.0,0.0
2024-06-14 11:30:00-04:00,219.0050048828125,219.8699951171875,218.77999877929688,218.97500610351562,120367,0.0,0.0
2024-06-14 12:30:00-04:00,218.9149932861328,219.85499572753906,218.67999267578125,219.52499389648438,72441,0.0,0.0
2024-06-14 13:30:00-04:00,219.4499969482422,219.89500427246094,218.60940551757812,218.75,71020,0.0,0.0
2024-06-14 14:30:00-04:00,218.71499633789062,219.42990112304688,218.39999389648438,219.0850067138672,77480,0.0,0.0
2024-06-14 15:30:00-04:00,219.0800018310547,220.02000427246094,219.0800018310547,220.0,131960,0.0,0.0
2024-06-17 09:30:00-04:00,218.77000427246094,220.5800018310547,218.32000732421875,219.86500549316406,76452,0.0,0.0
2024-06-17 10:30:00-04:00,219.8350067138672,221.0,219.7100067138672,220.94000244140625,52567,0.0,0.0
2024-06-17 11:30:00-04:00,220.8800048828125,221.72999572753906,220.69000244140625,221.72999572753906,71823,0.0,0.0
2024-06-17 12:30:00-04:00,221.58999633789062,221.6699981689453,220.8000030517578,221.3300018310547,53004,0.0,0.0
2024-06-17 13:30:00-04:00,221.2902069091797,221.97999572753906,220.88999938964844,221.39500427246094,71298,0.0,0.0
2024-06-17 14:30:00-04:00,221.33999633789062,221.42999267578125,220.49000549316406,221.35000610351562,68183,0.0,0.0
2024-06-17 15:30:00-04:00,221.26499938964844,221.39999389648438,220.74000549316406,221.10000610351562,154255,0.0,0.0
2024-06-18 09:30:00-04:00,221.52999877929688,222.50999450683594,220.89999389648438,221.38999938964844,70804,0.0,0.0
2024-06-18 10:30:00-04:00,221.38499450683594,221.83999633789062,221.02000427246094,221.5399932861328,62220,0.0,0.0
2024-06-18 11:30:00-04:00,221.4600067138672,222.27999877929688,221.4600067138672,222.0,52972,0.0,0.0
2024-06-18 12:30:00-04:00,221.97999572753906,222.14999389648438,221.1199951171875,221.1199951171875,51550,0.0,0.0
2024-06-18 13:30:00-04:00,221.27999877929688,222.0800018310547,221.02000427246094,222.0800018310547,79951,0.0,0.0
2024-06-18 14:30:00-04:00,222.0800018310547,222.3300018310547,221.1699981689453,221.1699981689453,89057,0.0,0.0
2024-06-18 15:30:00-04:00,221.14999389648438,222.2550048828125,221.14999389648438,222.13999938964844,109632,0.0,0.0
2024-06-20 09:30:00-04:00,220.97000122070312,223.89999389648438,220.8459930419922,223.28660583496094,113300,0.0,0.0
2024-06-20 10:30:00-04:00,222.88999938964844,223.2949981689453,222.64999389648438,223.06500244140625,35086,0.0,0.0
2024-06-20 11:30:00-04:00,223.06500244140625,223.30999755859375,222.3800048828125,223.28500366210938,45962,0.0,0.0
2024-06-20 12:30:00-04:00,223.14999389648438,223.72000122070312,223.0500030517578,223.61000061035156,94058,0.0,0.0
2024-06-20 13:30:00-04:00,223.64340209960938,224.91000366210938,223.32000732421875,224.85000610351562,88294,0.0,0.0
2024-06-20 14:30:00-04:00,224.85000610351562,225.1300048828125,224.3300018310547,225.05499267578125,93246,0.0,0.0
2024-06-20 15:30:00-04:00,224.8800048828125,225.17999267578125,224.49000549316406,224.60000610351562,158285,0.0,0.0
2024-06-21 09:30:00-04:00,225.35000610351562,225.35000610351562,222.37730407714844,224.25379943847656,234041,0.0,0.0
2024-06-21 10:30:00-04:00,224.1699981689453,224.61000061035156,223.9591064453125,224.58999633789062,35840,0.0,0.0
2024-06-21 11:30:00-04:00,224.4250030517578,224.47999572753906,223.84249877929688,224.47000122070312,40197,0.0,0.0
2024-06-21 12:30:00-04:00,224.52000427246094,224.5699005126953,223.94000244140625,224.5699005126953,44770,0.0,0.0
2024-06-21 13:30:00-04:00,224.42999267578125,224.5800018310547,224.13999938964844,224.3800048828125,41810,0.0,0.0
2024-06-21 14:30:00-04:00,224.45359802246094,224.69000244140625,224.27999877929688,224.5500030517578,63803,0.0,0.0
2024-06-21 15:30:00-04:00,224.44000244140625,225.0800018310547,224.33999633789062,224.92999267578125,114477,0.0,0.0
2024-06-24 09:30:00-04:00,225.25999450683594,227.53500366210938,225.09500122070312,227.07000732421875,86666,0.0,0.0
2024-06-24 10:30:00-04:00,227.5500030517578,228.96029663085938,227.41250610351562,227.6300048828125,45832,0.0,0.0
2024-06-24 11:30:00-04:00,227.63999938964844,227.74000549316406,226.4499969482422,227.0500030517578,53757,0.0,0.0
2024-06-24 12:30:00-04:00,226.97999572753906,227.0,226.02000427246094,226.0449981689453,55600,0.0,0.0
2024-06-24 13:30:00-04:00,226.23500061035156,226.25,223.6300048828125,223.89999389648438,226375,0.0,0.0
2024-06-24 14:30:00-04:00,223.77000427246094,223.9600067138672,219.4499969482422,219.61500549316406,466931,0.0,0.0
2024-06-24 15:30:00-04:00,219.6699981689453,220.3000030517578,218.44000244140625,218.60000610351562,610182,0.0,0.0
2024-06-25 09:30:00-04:00,213.19000244140625,215.5,206.7100067138672,208.42999267578125,612142,0.0,0.0
2024-06-25 10:30:00-04:00,208.50999450683594,209.86000061035156,207.8249969482422,208.8000030517578,285916,0.0,0.0
2024-06-25 11:30:00-04:00,208.97500610351562,210.47000122070312,208.7899932861328,210.47000122070312,273208,0.0,0.0
2024-06-25 12:30:00-04:00,210.27999877929688,210.47000122070312,208.0,209.8350067138672,263755,0.0,0.0
2024-06-25 13:30:00-04:00,209.85000610351562,210.75,209.8300018310547,210.52999877929688,174682,0.0,0.0
2024-06-25 14:30:00-04:00,210.55999755859375,212.30999755859375,210.04750061035156,211.93499755859375,244021,0.0,0.0
2024-06-25 15:30:00-04:00,211.94000244140625,214.52999877929688,211.80999755859375,213.3800048828125,565816,0.0,0.0
2024-06-26 09:30:00-04:00,214.97999572753906,214.97999572753906,211.72000122070312,213.2449951171875,187690,0.0,0.0
2024-06-26 10:30:00-04:00,213.22999572753906,213.99000549316406,212.76499938964844,213.72000122070312,132187,0.0,0.0
2024-06-26 11:30:00-04:00,213.77000427246094,214.7100067138672,213.48500061035156,214.30999755859375,99486,0.0,0.0
2024-06-26 12:30:00-04:00,214.10000610351562,214.4600067138672,213.8000030517578,214.25999450683594,61131,0.0,0.0
2024-06-26 13:30:00-04:00,214.22000122070312,214.22000122070312,212.88999938964844,213.07000732421875,123743,0.0,0.0
2024-06-26 14:30:00-04:00,213.0,213.56500244140625,212.1699981689453,213.22000122070312,219795,0.0,0.0
2024-06-26 15:30:00-04:00,213.17999267578125,213.2100067138672,212.39999389648438,212.47000122070312,372066,0.0,0.0
2024-06-27 09:30:00-04:00,212.85000610351562,213.3000030517578,209.72000122070312,210.59500122070312,361053,0.0,0.0
2024-06-27 10:30:00-04:00,210.5,211.11500549316406,209.92999267578125,210.0399932861328,116872,0.0,0.0
2024-06-27 11:30:00-04:00,209.94000244140625,211.24000549316406,209.91000366210938,210.44000244140625,115314,0.0,0.0
2024-06-27 12:30:00-04:00,210.52999877929688,210.52999877929688,209.24000549316406,209.4499969482422,147975,0.0,0.0
2024-06-27 13:30:00-04:00,209.4199981689453,209.9949951171875,208.82000732421875,209.3000030517578,142714,0.0,0.0
2024-06-27 14:30:00-04:00,209.2100067138672,209.88409423828125,208.9499969482422,209.52999877929688,122111,0.0,0.0
2024-06-27 15:30:00-04:00,209.5850067138672,210.3300018310547,209.35000610351562,210.22999572753906,312040,0.0,0.0
2024-06-28 09:30:00-04:00,210.85000610351562,213.7899932861328,210.1750030517578,213.3699951171875,105366,0.0,0.0
2024-06-28 10:30:00-04:00,213.34500122070312,214.0800018310547,212.4499969482422,212.8699951171875,73462,0.0,0.0
2024-06-28 11:30:00-04:00,212.73500061035156,213.66000366210938,212.61000061035156,213.64999389648438,92652,0.0,0.0
2024-06-28 12:30:00-04:00,213.7899932861328,214.27000427246094,213.50999450683594,213.51499938964844,54295,0.0,0.0
2024-06-28 13:30:00-04:00,213.47000122070312,214.08999633789062,213.38999938964844,213.9550018310547,89863,0.0,0.0
2024-06-28 14:30:00-04:00,213.9550018310547,214.24000549316406,213.75,214.16000366210938,143002,0.0,0.0
2024-06-28 15:30:00-04:00,214.24000549316406,215.16000366210938,213.75999450683594,214.64999389648438,311354,0.0,0.0
2024-07-01 09:30:00-04:00,214.89999389648438,216.36000061035156,213.22000122070312,214.77000427246094,140640,0.0,0.0
2024-07-01 10:30:00-04:00,214.89999389648438,215.0800018310547,212.16000366210938,213.13999938964844,101768,0.0,0.0
2024-07-01 11:30:00-04:00,213.14999389648438,214.02000427246094,212.7899932861328,213.67269897460938,70037,0.0,0.0
2024-07-01 12:30:00-04:00,213.4700927734375,213.7899932861328,212.8699951171875,213.2100067138672,64443,0.0,0.0
2024-07-01 13:30:00-04:00,213.13999938964844,213.64999389648438,212.92999267578125,212.9949951171875,41502,0.0,0.0
2024-07-01 14:30:00-04:00,212.9949951171875,213.74000549316406,212.99000549316406,213.30999755859375,83377,0.0,0.0
2024-07-01 15:30:00-04:00,213.2899932861328,214.1999969482422,213.20590209960938,213.97000122070312,132343,0.0,0.0
2024-07-02 09:30:00-04:00,214.0800018310547,215.08999633789062,213.71499633789062,214.85499572753906,445816,0.0,0.0
2024-07-02 10:30:00-04:00,214.81500244140625,215.02000427246094,213.8699951171875,214.08999633789062,53037,0.0,0.0
2024-07-02 11:30:00-04:00,214.07000732421875,214.64999389648438,213.95050048828125,214.18499755859375,53457,0.0,0.0
2024-07-02 12:30:00-04:00,214.10000610351562,214.2899932861328,213.9199981689453,214.11000061035156,44614,0.0,0.0
2024-07-02 13:30:00-04:00,214.13999938964844,214.77000427246094,214.07000732421875,214.55999755859375,50818,0.0,0.0
2024-07-02 14:30:00-04:00,214.4949951171875,214.97000122070312,214.4949951171875,214.94729614257812,64052,0.0,0.0
2024-07-02 15:30:00-04:00,214.92999267578125,215.5800018310547,214.9199981689453,215.47000122070312,113217,0.0,0.0
2024-07-03 09:30:00-04:00,215.22000122070312,217.09500122070312,214.69500732421875,217.09500122070312,100197,0.0,0.0
2024-07-03 10:30:00-04:00,217.0,217.42999267578125,216.15499877929688,216.3800048828125,50951,0.0,0.0
2024-07-03 11:30:00-04:00,216.47500610351562,216.47500610351562,215.8300018310547,216.02999877929688,72822,0.0,0.0
2024-07-05 09:30:00-04:00,216.52999877929688,216.52999877929688,214.0399932861328,214.55999755859375,114378,0.0,0.0
2024-07-05 10:30:00-04:00,214.50999450683594,215.72000122070312,214.38999938964844,215.60000610351562,106700,0.0,0.0
2024-07-05 11:30:00-04:00,215.67999267578125,215.94000244140625,215.33999633789062,215.47500610351562,67575,0.0,0.0
2024-07-05 12:30:00-04:00,215.52999877929688,216.47000122070312,215.50999450683594,216.4600067138672,75469,0.0,0.0
2024-07-05 13:30:00-04:00,216.4600067138672,217.14999389648438,216.36000061035156,216.5124969482422,144116,0.0,0.0
2024-07-05 14:30:00-04:00,216.49600219726562,216.88999938964844,215.99000549316406,216.0,61561,0.0,0.0
2024-07-05 15:30:00-04:00,216.1199951171875,216.57000732421875,215.75,215.92999267578125,228015,0.0,0.0
2024-07-08 09:30:00-04:00,213.13999938964844,214.8300018310547,211.8300018310547,213.8249969482422,192820,0.0,0.0
2024-07-08 10:30:00-04:00,213.6300048828125,214.30999755859375,213.22999572753906,213.75999450683594,110745,0.0,0.0
2024-07-08 11:30:00-04:00,213.77999877929688,214.2550048828125,212.85000610351562,213.7050018310547,134467,0.0,0.0
2024-07-08 12:30:00-04:00,213.6699981689453,215.02999877929688,213.50999450683594,214.41000366210938,114808,0.0,0.0
2024-07-08 13:30:00-04:00,214.36270141601562,214.68499755859375,213.77000427246094,214.00999450683594,66437,0.0,0.0
2024-07-08 14:30:00-04:00,214.14999389648438,214.57000732421875,213.5399932861328,214.57000732421875,87444,0.0,0.0
2024-07-08 15:30:00-04:00,214.5850067138672,215.02000427246094,214.1300048828125,214.2899932861328,222011,0.0,0.0
2024-07-09 09:30:00-04:00,212.75,214.24000549316406,210.88999938964844,211.24000549316406,226948,0.0,0.0
2024-07-09 10:30:00-04:00,211.25999450683594,212.53500366210938,211.22000122070312,212.2899932861328,105178,0.0,0.0
2024-07-09 11:30:00-04:00,212.3000030517578,213.2790069580078,212.3000030517578,213.25,104002,0.0,0.0
2024-07-09 12:30:00-04:00,213.25999450683594,213.82000732421875,213.0402069091797,213.44500732421875,82929,0.0,0.0
2024-07-09 13:30:00-04:00,213.4499969482422,213.61500549316406,213.19009399414062,213.25,87985,0.0,0.0
2024-07-09 14:30:00-04:00,213.25,214.0399932861328,213.25,214.0399932861328,127622,0.0,0.0
2024-07-09 15:30:00-04:00,214.0399932861328,214.3699951171875,213.6300048828125,213.80999755859375,303786,0.0,0.0
2024-07-10 09:30:00-04:00,214.25,215.60000610351562,213.27000427246094,214.4499969482422,102154,0.0,0.0
2024-07-10 10:30:00-04:00,214.5,214.97000122070312,214.36500549316406,214.60000610351562,105219,0.0,0.0
2024-07-10 11:30:00-04:00,214.60000610351562,215.3800048828125,214.30999755859375,215.28500366210938,82512,0.0,0.0
2024-07-10 12:30:00-04:00,215.22000122070312,215.3699951171875,214.35000610351562,214.52999877929688,130487,0.0,0.0
2024-07-10 13:30:00-04:00,214.6699981689453,214.78500366210938,213.42999267578125,214.11500549316406,83939,0.0,0.0
2024-07-10 14:30:00-04:00,214.05999755859375,214.4499969482422,213.6199951171875,213.83999633789062,106207,0.0,0.0
2024-07-10 15:30:00-04:00,213.84500122070312,215.0,213.80499267578125,214.9499969482422,230276,0.0,0.0
2024-07-11 09:30:00-04:00,216.14999389648438,218.14999389648438,215.08999633789062,217.22999572753906,216378,0.0,0.0
2024-07-11 10:30:00-04:00,217.22999572753906,218.73500061035156,217.1300048828125,218.60499572753906,103745,0.0,0.0
2024-07-11 11:30:00-04:00,218.63499450683594,219.25,217.99000549316406,218.13999938964844,58703,0.0,0.0
2024-07-11 12:30:00-04:00,218.1873016357422,218.61000061035156,217.72000122070312,218.1999969482422,70209,0.0,0.0
2024-07-11 13:30:00-04:00,218.0800018310547,220.13999938964844,218.0800018310547,220.00999450683594,126499,0.0,0.0
2024-07-11 14:30:00-04:00,219.9499969482422,220.63999938964844,219.3000030517578,219.6199951171875,106367,0.0,0.0
2024-07-11 15:30:00-04:00,219.50999450683594,221.17999267578125,219.47000122070312,220.83999633789062,277255,0.0,0.0
2024-07-12 09:30:00-04:00,221.6199951171875,223.5,221.3000030517578,223.0449981689453,74989,0.0,0.0
2024-07-12 10:30:00-04:00,223.0399932861328,223.42999267578125,221.49000549316406,221.61000061035156,99143,0.0,0.0
2024-07-12 11:30:00-04:00,221.64999389648438,221.82000732421875,220.94000244140625,221.47500610351562,110955,0.0,0.0
2024-07-12 12:30:00-04:00,221.50999450683594,222.24000549316406,221.0,222.0449981689453,53376,0.0,0.0
2024-07-12 13:30:00-04:00,222.1699981689453,222.55999755859375,220.9199981689453,221.72500610351562,94965,0.0,0.0
2024-07-12 14:30:00-04:00,221.6649932861328,222.5800018310547,221.11000061035156,222.3300018310547,109335,0.0,0.0
2024-07-12 15:30:00-04:00,222.3800048828125,222.61000061035156,221.2528076171875,221.4499969482422,220814,0.0,0.0
2024-07-15 09:30:00-04:00,222.17999267578125,227.4499969482422,221.44000244140625,226.85000610351562,138657,0.0,0.0
2024-07-15 10:30:00-04:00,226.65750122070312,227.55999755859375,226.6199951171875,226.97000122070312,120948,0.0,0.0
2024-07-15 11:30:00-04:00,226.99000549316406,228.75999450683594,226.99000549316406,228.375,59846,0.0,0.0
2024-07-15 12:30:00-04:00,228.36500549316406,229.0,227.8699951171875,228.71499633789062,78584,0.0,0.0
2024-07-15 13:30:00-04:00,228.5800018310547,229.0500030517578,228.25999450683594,228.6699981689453,155269,0.0,0.0
2024-07-15 14:30:00-04:00,228.69000244140625,229.0,227.9600067138672,228.72999572753906,128029,0.0,0.0
2024-07-15 15:30:00-04:00,228.72000122070312,228.88999938964844,227.1199951171875,227.97999572753906,247750,0.0,0.0
2024-07-16 09:30:00-04:00,228.25999450683594,232.6199951171875,228.25999450683594,232.02999877929688,191866,0.0,0.0
2024-07-16 10:30:00-04:00,231.83999633789062,233.11000061035156,231.77999877929688,232.64999389648438,143169,0.0,0.0
2024-07-16 11:30:00-04:00,232.4199981689453,234.67999267578125,232.32000732421875,234.48500061035156,103593,0.0,0.0
2024-07-16 12:30:00-04:00,234.38999938964844,235.1199951171875,234.25999450683594,234.75,89301,0.0,0.0
2024-07-16 13:30:00-04:00,234.69500732421875,235.6199951171875,234.65499877929688,235.42999267578125,123405,0.0,0.0
2024-07-16 14:30:00-04:00,235.50999450683594,235.75999450683594,235.05999755859375,235.55499267578125,109818,0.0,0.0
2024-07-16 15:30:00-04:00,235.55499267578125,235.57000732421875,234.66000366210938,234.92999267578125,227426,0.0,0.0
2024-07-17 09:30:00-04:00,233.9499969482422,235.94000244140625,233.3800048828125,235.44500732421875,154094,0.0,0.0
2024-07-17 10:30:00-04:00,235.4600067138672,236.25,233.47999572753906,233.8300018310547,125307,0.0,0.0
2024-07-17 11:30:00-04:00,233.7949981689453,233.9199981689453,232.94000244140625,233.85000610351562,84572,0.0,0.0
2024-07-17 12:30:00-04:00,233.74000549316406,234.85000610351562,233.5,234.82000732421875,94601,0.0,0.0
2024-07-17 13:30:00-04:00,234.81500244140625,235.08999633789062,234.02999877929688,234.74000549316406,74221,0.0,0.0
2024-07-17 14:30:00-04:00,234.6999969482422,234.9600067138672,233.5399932861328,234.17999267578125,171452,0.0,0.0
2024-07-17 15:30:00-04:00,234.14999389648438,234.9499969482422,234.0500030517578,234.3800048828125,217699,0.0,0.0
2024-07-18 09:30:00-04:00,233.32000732421875,234.44000244140625,231.7899932861328,232.49000549316406,154117,0.0,0.0
2024-07-18 10:30:00-04:00,232.4949951171875,233.97999572753906,232.06500244140625,233.63999938964844,131649,0.0,0.0
2024-07-18 11:30:00-04:00,233.52999877929688,233.76499938964844,232.75999450683594,233.1649932861328,65490,0.0,0.0
2024-07-18 12:30:00-04:00,232.99000549316406,233.0800018310547,232.0,232.10000610351562,39070,0.0,0.0
2024-07-18 13:30:00-04:00,232.11000061035156,232.5449981689453,230.57000732421875,230.75,58504,0.0,0.0
2024-07-18 14:30:00-04:00,230.6649932861328,231.77000427246094,230.19000244140625,231.13999938964844,156341,0.0,0.0
2024-07-18 15:30:00-04:00,231.1300048828125,231.82000732421875,230.3000030517578,230.33999633789062,226642,0.0,0.0
2024-07-19 09:30:00-04:00,231.94000244140625,231.94000244140625,227.0,227.05999755859375,207981,0.0,0.0
2024-07-19 10:30:00-04:00,226.91000366210938,228.0800018310547,226.55999755859375,227.2100067138672,119838,0.0,0.0
2024-07-19 11:30:00-04:00,227.38999938964844,228.72000122070312,226.38999938964844,227.8000030517578,120813,0.0,0.0
2024-07-19 12:30:00-04:00,227.77000427246094,229.16000366210938,227.63999938964844,229.0399932861328,106495,0.0,0.0
2024-07-19 13:30:00-04:00,228.92999267578125,229.77499389648438,228.44000244140625,228.44000244140625,77236,0.0,0.0
2024-07-19 14:30:00-04:00,228.5399932861328,229.41000366210938,228.1699981689453,229.41000366210938,96671,0.0,0.0
2024-07-19 15:30:00-04:00,229.44000244140625,229.5850067138672,227.5500030517578,228.05999755859375,247972,0.0,0.0
2024-07-22 09:30:00-04:00,229.1999969482422,230.47999572753906,225.22999572753906,226.22000122070312,132197,0.0,0.0
2024-07-22 10:30:00-04:00,226.16000366210938,228.77000427246094,226.16000366210938,228.57000732421875,163264,0.0,0.0
2024-07-22 11:30:00-04:00,228.3699951171875,228.39999389648438,227.5800018310547,227.6802978515625,49114,0.0,0.0
2024-07-22 12:30:00-04:00,227.5500030517578,228.02000427246094,227.22999572753906,227.66000366210938,32831,0.0,0.0
2024-07-22 13:30:00-04:00,227.7100067138672,228.0,227.13999938964844,227.64500427246094,70422,0.0,0.0
2024-07-22 14:30:00-04:00,227.60499572753906,228.00999450683594,227.5500030517578,227.72999572753906,78083,0.0,0.0
2024-07-22 15:30:00-04:00,227.75,228.52999877929688,227.75,228.0500030517578,186381,0.0,0.0
2024-07-23 09:30:00-04:00,226.8300018310547,227.49000549316406,225.6300048828125,226.25999450683594,91795,0.0,0.0
2024-07-23 10:30:00-04:00,226.33999633789062,226.94000244140625,226.13999938964844,226.8175048828125,83072,0.0,0.0
2024-07-23 11:30:00-04:00,226.9199981689453,226.9199981689453,225.4199981689453,225.55999755859375,70765,0.0,0.0
2024-07-23 12:30:00-04:00,225.52999877929688,225.69000244140625,224.47999572753906,224.5399932861328,74618,0.0,0.0
2024-07-23 13:30:00-04:00,224.64999389648438,225.25999450683594,224.47999572753906,225.0500030517578,77336,0.0,0.0
2024-07-23 14:30:00-04:00,225.0399932861328,225.2100067138672,224.6999969482422,224.77999877929688,95359,0.0,0.0
2024-07-23 15:30:00-04:00,224.7100067138672,224.7100067138672,223.91000366210938,224.36000061035156,201348,0.0,0.0
2024-07-24 09:30:00-04:00,224.25999450683594,224.5800018310547,221.14999389648438,221.97999572753906,162361,0.0,0.0
2024-07-24 10:30:00-04:00,221.97000122070312,223.7949981689453,221.7949981689453,223.4499969482422,125125,0.0,0.0
2024-07-24 11:30:00-04:00,223.25999450683594,224.19000244140625,223.24000549316406,223.35000610351562,126358,0.0,0.0
2024-07-24 12:30:00-04:00,223.4199981689453,223.94000244140625,222.8800048828125,222.90899658203125,86941,0.0,0.0
2024-07-24 13:30:00-04:00,222.86000061035156,223.13999938964844,222.36000061035156,222.44000244140625,110028,0.0,0.0
2024-07-24 14:30:00-04:00,222.44000244140625,222.61000061035156,221.1300048828125,221.3350067138672,161024,0.0,0.0
2024-07-24 15:30:00-04:00,221.33999633789062,221.91000366210938,220.1199951171875,221.35000610351562,512005,0.0,0.0
2024-07-25 09:30:00-04:00,223.1199951171875,226.7100067138672,220.52499389648438,225.75,434409,0.0,0.0
2024-07-25 10:30:00-04:00,225.71499633789062,226.3249969482422,224.1199951171875,225.90499877929688,170195,0.0,0.0
2024-07-25 11:30:00-04:00,225.86000061035156,227.08999633789062,225.7100067138672,227.0500030517578,169809,0.0,0.0
2024-07-25 12:30:00-04:00,227.1300048828125,229.5399932861328,226.8800048828125,227.8000030517578,155423,0.0,0.0
2024-07-25 13:30:00-04:00,227.90499877929688,228.2100067138672,226.0399932861328,226.0449981689453,140733,0.0,0.0
2024-07-25 14:30:00-04:00,225.97999572753906,226.58999633789062,225.0800018310547,226.51499938964844,197396,0.0,0.0
2024-07-25 15:30:00-04:00,226.51499938964844,226.80999755859375,222.36000061035156,222.77999877929688,578434,0.0,0.0
2024-07-26 09:30:00-04:00,242.0,247.6699981689453,240.60000610351562,246.6300048828125,810813,0.0,0.0
2024-07-26 10:30:00-04:00,246.68499755859375,248.41000366210938,245.22000122070312,248.36000061035156,320513,0.0,0.0
2024-07-26 11:30:00-04:00,248.39500427246094,249.92999267578125,248.30999755859375,249.60000610351562,248224,0.0,0.0
2024-07-26 12:30:00-04:00,249.5800018310547,249.8699951171875,248.27499389648438,249.50999450683594,194236,0.0,0.0
2024-07-26 13:30:00-04:00,249.50999450683594,249.72999572753906,247.4499969482422,247.6824951171875,196058,0.0,0.0
2024-07-26 14:30:00-04:00,247.5399932861328,247.63999938964844,245.74000549316406,246.44000244140625,248013,0.0,0.0
2024-07-26 15:30:00-04:00,246.4199981689453,247.27999877929688,246.02000427246094,247.05999755859375,548687,0.0,0.0
2024-07-29 09:30:00-04:00,247.47999572753906,250.0,245.47000122070312,248.6300048828125,579514,0.0,0.0
2024-07-29 10:30:00-04:00,248.44000244140625,249.00999450683594,247.9199981689453,248.44500732421875,143090,0.0,0.0
2024-07-29 11:30:00-04:00,248.35000610351562,248.80999755859375,247.61000061035156,247.9499969482422,115965,0.0,0.0
2024-07-29 12:30:00-04:00,248.02000427246094,248.07000732421875,247.19000244140625,247.6199951171875,105197,0.0,0.0
2024-07-29 13:30:00-04:00,247.6199951171875,247.82000732421875,247.2899932861328,247.52499389648438,144396,0.0,0.0
2024-07-29 14:30:00-04:00,247.52749633789062,249.91000366210938,247.42999267578125,249.6925048828125,264588,0.0,0.0
2024-07-29 15:30:00-04:00,249.72000122070312,250.0749969482422,247.36000061035156,247.64999389648438,426226,0.0,0.0
2024-07-30 09:30:00-04:00,247.6999969482422,250.7899932861328,247.1699981689453,248.80999755859375,118129,0.0,0.0
2024-07-30 10:30:00-04:00,248.47999572753906,249.30999755859375,247.1199951171875,247.25,90294,0.0,0.0
2024-07-30 11:30:00-04:00,247.13999938964844,247.44000244140625,244.5800018310547,247.13999938964844,171687,0.0,0.0
2024-07-30 12:30:00-04:00,247.14999389648438,249.41000366210938,246.9199981689453,249.02000427246094,84414,0.0,0.0
2024-07-30 13:30:00-04:00,249.02000427246094,249.50999450683594,248.83999633789062,249.25489807128906,77458,0.0,0.0
2024-07-30 14:30:00-04:00,249.17999267578125,249.6649932861328,248.58999633789062,249.52999877929688,132375,0.0,0.0
2024-07-30 15:30:00-04:00,249.63999938964844,251.11000061035156,249.4199981689453,249.6999969482422,313187,0.0,0.0
2024-07-31 09:30:00-04:00,249.02999877929688,250.048095703125,246.94000244140625,249.38999938964844,95686,0.0,0.0
2024-07-31 10:30:00-04:00,249.67999267578125,249.875,248.4199981689453,249.1699981689453,71427,0.0,0.0
2024-07-31 11:30:00-04:00,249.08999633789062,249.47000122070312,248.5,249.44500732421875,52614,0.0,0.0
2024-07-31 12:30:00-04:00,249.5500030517578,249.85000610351562,248.82000732421875,249.1649932861328,50243,0.0,0.0
2024-07-31 13:30:00-04:00,249.0800018310547,250.1199951171875,248.3300018310547,249.86000061035156,72668,0.0,0.0
2024-07-31 14:30:00-04:00,249.8699951171875,252.6199951171875,249.80999755859375,250.55999755859375,149753,0.0,0.0
2024-07-31 15:30:00-04:00,250.52000427246094,250.52000427246094,249.02999877929688,249.55999755859375,188116,0.0,0.0
2024-08-01 09:30:00-04:00,250.35000610351562,251.32940673828125,245.9510955810547,246.47999572753906,125061,0.0,0.0
2024-08-01 10:30:00-04:00,246.5399932861328,246.5399932861328,244.6750030517578,245.22999572753906,94608,0.0,0.0
2024-08-01 11:30:00-04:00,245.27999877929688,246.80999755859375,245.27999877929688,246.80999755859375,111826,0.0,0.0
2024-08-01 12:30:00-04:00,246.92999267578125,247.0,246.22999572753906,246.52999877929688,53587,0.0,0.0
2024-08-01 13:30:00-04:00,246.2899932861328,246.61000061035156,245.99000549316406,246.39999389648438,64104,0.0,0.0
2024-08-01 14:30:00-04:00,246.24000549316406,246.61000061035156,245.52000427246094,245.63999938964844,88611,0.0,0.0
2024-08-01 15:30:00-04:00,245.75,246.47999572753906,244.8699951171875,246.4600067138672,237233,0.0,0.0
2024-08-02 09:30:00-04:00,244.41000366210938,244.41000366210938,238.99000549316406,239.02499389648438,148660,0.0,0.0
2024-08-02 10:30:00-04:00,239.0449981689453,239.66000366210938,237.33999633789062,238.0500030517578,194635,0.0,0.0
2024-08-02 11:30:00-04:00,237.6199951171875,242.60000610351562,237.6199951171875,242.49000549316406,120101,0.0,0.0
2024-08-02 12:30:00-04:00,242.4600067138672,242.80999755859375,241.0800018310547,241.43499755859375,136969,0.0,0.0
2024-08-02 13:30:00-04:00,241.43499755859375,242.07000732421875,240.75,242.07000732421875,88428,0.0,0.0
2024-08-02 14:30:00-04:00,242.0500030517578,243.16000366210938,241.60000610351562,243.11000061035156,103636,0.0,0.0
2024-08-02 15:30:00-04:00,243.13999938964844,243.72999572753906,242.77999877929688,243.3699951171875,246774,0.0,0.0
2024-08-05 09:30:00-04:00,241.77000427246094,241.82000732421875,234.42999267578125,239.67999267578125,463592,0.0,0.0
2024-08-05 10:30:00-04:00,239.74000549316406,240.77000427246094,237.47000122070312,238.14999389648438,164596,0.0,0.0
2024-08-05 11:30:00-04:00,238.10000610351562,240.58999633789062,237.7100067138672,240.3000030517578,138663,0.0,0.0
2024-08-05 12:30:00-04:00,240.27999877929688,241.6699981689453,238.27000427246094,239.02999877929688,114832,0.0,0.0
2024-08-05 13:30:00-04:00,239.0800018310547,240.2899932861328,238.30999755859375,240.22000122070312,135586,0.0,0.0
2024-08-05 14:30:00-04:00,239.97999572753906,240.6199951171875,238.65499877929688,238.72999572753906,151976,0.0,0.0
2024-08-05 15:30:00-04:00,238.80999755859375,239.8300018310547,237.77000427246094,239.80999755859375,270631,0.0,0.0
2024-08-06 09:30:00-04:00,240.2100067138672,246.28500366210938,239.91000366210938,245.2899932861328,110169,0.0,0.0
2024-08-06 10:30:00-04:00,245.22999572753906,246.0,243.94000244140625,244.44000244140625,79404,0.0,0.0
2024-08-06 11:30:00-04:00,244.4250030517578,246.14999389648438,244.2899932861328,245.74000549316406,66720,0.0,0.0
2024-08-06 12:30:00-04:00,245.74000549316406,246.27000427246094,244.86790466308594,246.24000549316406,67159,0.0,0.0
2024-08-06 13:30:00-04:00,246.3000030517578,246.77000427246094,245.5749969482422,246.0800018310547,54956,0.0,0.0
2024-08-06 14:30:00-04:00,246.08999633789062,246.6199951171875,244.40420532226562,245.58999633789062,89790,0.0,0.0
2024-08-06 15:30:00-04:00,245.5500030517578,245.61000061035156,243.08999633789062,243.8300018310547,249302,0.0,0.0
2024-08-07 09:30:00-04:00,243.85000610351562,247.05499267578125,243.85000610351562,244.94000244140625,145696,0.0,0.0
2024-08-07 10:30:00-04:00,245.0399932861328,245.52000427246094,244.0500030517578,245.52000427246094,67844,0.0,0.0
2024-08-07 11:30:00-04:00,245.36000061035156,245.5500030517578,243.77999877929688,244.02520751953125,51820,0.0,0.0
2024-08-07 12:30:00-04:00,244.14999389648438,244.1999969482422,242.14559936523438,243.02499389648438,63428,0.0,0.0
2024-08-07 13:30:00-04:00,243.00999450683594,244.18240356445312,241.25999450683594,241.47999572753906,85698,0.0,0.0
2024-08-07 14:30:00-04:00,241.3800048828125,242.0800018310547,240.90859985351562,241.94000244140625,84312,0.0,0.0
2024-08-07 15:30:00-04:00,241.74000549316406,242.19000244140625,239.6300048828125,240.08999633789062,211176,0.0,0.0
2024-08-08 09:30:00-04:00,240.42999267578125,242.97000122070312,239.5399932861328,242.8699951171875,59493,0.0,0.0
2024-08-08 10:30:00-04:00,242.67999267578125,243.3350067138672,241.91000366210938,243.3000030517578,42582,0.0,0.0
2024-08-08 11:30:00-04:00,243.17999267578125,243.19000244140625,242.19000244140625,242.47999572753906,29675,0.0,0.0
2024-08-08 12:30:00-04:00,242.33999633789062,242.41000366210938,241.4600067138672,242.3350067138672,31106,0.0,0.0
2024-08-08 13:30:00-04:00,242.52000427246094,242.77999877929688,241.8800048828125,241.8800048828125,39417,0.0,0.0
2024-08-08 14:30:00-04:00,242.14999389648438,242.3928985595703,241.60000610351562,241.625,82170,0.0,0.0
2024-08-08 15:30:00-04:00,241.6959991455078,242.1300048828125,240.7449951171875,242.02000427246094,153344,0.0,0.0
2024-08-09 09:30:00-04:00,241.60000610351562,241.85000610351562,237.63999938964844,238.71499633789062,85073,0.0,0.0
2024-08-09 10:30:00-04:00,238.5500030517578,239.61000061035156,238.47999572753906,239.25,45024,0.0,0.0
2024-08-09 11:30:00-04:00,239.21499633789062,239.83999633789062,238.86000061035156,239.36459350585938,33655,0.0,0.0
2024-08-09 12:30:00-04:00,239.375,241.1750030517578,239.34500122070312,241.1750030517578,41514,0.0,0.0
2024-08-09 13:30:00-04:00,241.22500610351562,241.27999877929688,239.94000244140625,240.1300048828125,64842,0.0,0.0
2024-08-09 14:30:00-04:00,240.0800018310547,240.6199951171875,239.99000549316406,240.00999450683594,72809,0.0,0.0
2024-08-09 15:30:00-04:00,240.00999450683594,240.22999572753906,239.16000366210938,239.74000549316406,212550,0.0,0.0
2024-08-12 09:30:00-04:00,240.13999938964844,240.89999389648438,237.2899932861328,238.00999450683594,56723,0.0,0.0
2024-08-12 10:30:00-04:00,238.08999633789062,238.92999267578125,237.52999877929688,237.72000122070312,36961,0.0,0.0
2024-08-12 11:30:00-04:00,237.80999755859375,238.57000732421875,237.60000610351562,237.875,36007,0.0,0.0
2024-08-12 12:30:00-04:00,238.14999389648438,238.14999389648438,236.4600067138672,237.0500030517578,43194,0.0,0.0
2024-08-12 13:30:00-04:00,237.00999450683594,237.0500030517578,236.24000549316406,236.38499450683594,41506,0.0,0.0
2024-08-12 14:30:00-04:00,236.38999938964844,237.27999877929688,236.38999938964844,237.07000732421875,41209,0.0,0.0
2024-08-12 15:30:00-04:00,237.1750030517578,237.4199981689453,236.6199951171875,237.17999267578125,104289,0.0,0.0
2024-08-13 09:30:00-04:00,237.9199981689453,238.40679931640625,235.16000366210938,235.50999450683594,87105,0.0,0.0
2024-08-13 10:30:00-04:00,235.49000549316406,237.3000030517578,235.27000427246094,236.55999755859375,72370,0.0,0.0
2024-08-13 11:30:00-04:00,236.52999877929688,237.2100067138672,236.36000061035156,236.94000244140625,29897,0.0,0.0
2024-08-13 12:30:00-04:00,237.0399932861328,238.22999572753906,236.85000610351562,237.75999450683594,28952,0.0,0.0
2024-08-13 13:30:00-04:00,237.69500732421875,238.47999572753906,237.4600067138672,238.02000427246094,61072,0.0,0.0
2024-08-13 14:30:00-04:00,238.05999755859375,239.16000366210938,238.05999755859375,239.05999755859375,92570,0.0,0.0
2024-08-13 15:30:00-04:00,239.05499267578125,239.5399932861328,238.74000549316406,239.47000122070312,111769,0.0,0.0
2024-08-14 09:30:00-04:00,239.35000610351562,240.2550048828125,237.3800048828125,239.67999267578125,49092,0.0,0.0
2024-08-14 10:30:00-04:00,239.60000610351562,240.22999572753906,238.82000732421875,239.94000244140625,51164,0.0,0.0
2024-08-14 11:30:00-04:00,239.94000244140625,241.75999450683594,239.85000610351562,240.91900634765625,93727,0.0,0.0
2024-08-14 12:30:00-04:00,240.55999755859375,241.33999633789062,240.38999938964844,241.13999938964844,73984,0.0,0.0
2024-08-14 13:30:00-04:00,241.26499938964844,241.99000549316406,241.11000061035156,241.67999267578125,45446,0.0,0.0
2024-08-14 14:30:00-04:00,241.80499267578125,242.7949981689453,241.7899932861328,242.0749969482422,76412,0.0,0.0
2024-08-14 15:30:00-04:00,241.94000244140625,242.11000061035156,241.25,241.875,136672,0.0,0.0
2024-08-15 09:30:00-04:00,244.6199951171875,245.4149932861328,242.11000061035156,242.68499755859375,130563,0.0,0.0
2024-08-15 10:30:00-04:00,242.6999969482422,242.6999969482422,241.5749969482422,241.7100067138672,56664,0.0,0.0
2024-08-15 11:30:00-04:00,241.86000061035156,242.58999633789062,241.7100067138672,242.1999969482422,74548,0.0,0.0
2024-08-15 12:30:00-04:00,242.1999969482422,242.61500549316406,241.60000610351562,242.61500549316406,64750,0.0,0.0
2024-08-15 13:30:00-04:00,242.5399932861328,242.5800018310547,241.5850067138672,241.75999450683594,56151,0.0,0.0
2024-08-15 14:30:00-04:00,241.74000549316406,242.39999389648438,241.63499450683594,242.0050048828125,104371,0.0,0.0
2024-08-15 15:30:00-04:00,242.0050048828125,242.0050048828125,240.5500030517578,240.9600067138672,295028,0.0,0.0
2024-08-16 09:30:00-04:00,240.69000244140625,241.4199981689453,239.14999389648438,239.64999389648438,157709,0.0,0.0
2024-08-16 10:30:00-04:00,239.89500427246094,240.6199951171875,239.19000244140625,240.2899932861328,60102,0.0,0.0
2024-08-16 11:30:00-04:00,240.2899932861328,240.91000366210938,239.8000030517578,240.85499572753906,64146,0.0,0.0
2024-08-16 12:30:00-04:00,240.84500122070312,241.0800018310547,240.35000610351562,240.7050018310547,84336,0.0,0.0
2024-08-16 13:30:00-04:00,240.77499389648438,240.77499389648438,240.1300048828125,240.5500030517578,59109,0.0,0.0
2024-08-16 14:30:00-04:00,240.55999755859375,241.00999450683594,240.4001007080078,240.64999389648438,72292,0.0,0.0
2024-08-16 15:30:00-04:00,240.68499755859375,241.02000427246094,240.25,240.44000244140625,175242,0.0,0.0
2024-08-19 09:30:00-04:00,241.1199951171875,242.10989379882812,240.02000427246094,241.7449951171875,73163,0.0,0.0
2024-08-19 10:30:00-04:00,241.8000030517578,241.9698944091797,240.97999572753906,241.20689392089844,82242,0.0,0.0
2024-08-19 11:30:00-04:00,241.2550048828125,241.67999267578125,241.2550048828125,241.55499267578125,65610,0.0,0.0
2024-08-19 12:30:00-04:00,241.52000427246094,241.8000030517578,241.32000732421875,241.40499877929688,39906,0.0,0.0
2024-08-19 13:30:00-04:00,241.27999877929688,241.53500366210938,240.27000427246094,240.39999389648438,53897,0.0,0.0
2024-08-19 14:30:00-04:00,240.40499877929688,241.56500244140625,240.19500732421875,241.32000732421875,78031,0.0,0.0
2024-08-19 15:30:00-04:00,241.32000732421875,241.42999267578125,240.8000030517578,241.10000610351562,106204,0.0,0.0
2024-08-20 09:30:00-04:00,241.64999389648438,242.4199981689453,240.64010620117188,241.6699981689453,61562,0.0,0.0
2024-08-20 10:30:00-04:00,241.49000549316406,241.73500061035156,240.72000122070312,241.00999450683594,51819,0.0,0.0
2024-08-20 11:30:00-04:00,240.89500427246094,241.68499755859375,240.7899932861328,241.3925018310547,60504,0.0,0.0
2024-08-20 12:30:00-04:00,241.3000030517578,241.4199981689453,240.75999450683594,240.82000732421875,57566,0.0,0.0
2024-08-20 13:30:00-04:00,240.90499877929688,241.0,240.50999450683594,240.69000244140625,65391,0.0,0.0
2024-08-20 14:30:00-04:00,240.69000244140625,241.0,240.22000122070312,240.30999755859375,67508,0.0,0.0
2024-08-20 15:30:00-04:00,240.30999755859375,240.75999450683594,240.2100067138672,240.66000366210938,130572,0.0,0.0
2024-08-21 09:30:00-04:00,241.97999572753906,243.24000549316406,238.8800048828125,242.02000427246094,94351,0.0,0.0
2024-08-21 10:30:00-04:00,242.0800018310547,242.6199951171875,241.44000244140625,241.8800048828125,69111,0.0,0.0
2024-08-21 11:30:00-04:00,241.62010192871094,241.9600067138672,240.8800048828125,241.1199951171875,35928,0.0,0.0
2024-08-21 12:30:00-04:00,241.2449951171875,241.47999572753906,241.0,241.14999389648438,42664,0.0,0.0
2024-08-21 13:30:00-04:00,241.14999389648438,241.35000610351562,240.27999877929688,240.8350067138672,41754,0.0,0.0
2024-08-21 14:30:00-04:00,240.83999633789062,241.3300018310547,240.57000732421875,241.0500030517578,100460,0.0,0.0
2024-08-21 15:30:00-04:00,241.02000427246094,241.58999633789062,240.69000244140625,241.52999877929688,221611,0.0,0.0
2024-08-22 09:30:00-04:00,241.64999389648438,241.94000244140625,237.89999389648438,237.92999267578125,122409,0.0,0.0
2024-08-22 10:30:00-04:00,237.9499969482422,238.72000122070312,237.64999389648438,238.30999755859375,103546,0.0,0.0
2024-08-22 11:30:00-04:00,238.31500244140625,239.0449981689453,237.5399932861328,237.7949981689453,95870,0.0,0.0
2024-08-22 12:30:00-04:00,237.7949981689453,238.11500549316406,236.74000549316406,236.74000549316406,72531,0.0,0.0
2024-08-22 13:30:00-04:00,236.7100067138672,238.02000427246094,236.49000549316406,237.97000122070312,86421,0.0,0.0
2024-08-22 14:30:00-04:00,237.97000122070312,238.10000610351562,237.24000549316406,237.4600067138672,154209,0.0,0.0
2024-08-22 15:30:00-04:00,237.4600067138672,237.61000061035156,236.40499877929688,237.22000122070312,368989,0.0,0.0
2024-08-23 09:30:00-04:00,238.55999755859375,240.16610717773438,237.9149932861328,239.8300018310547,98065,0.0,0.0
2024-08-23 10:30:00-04:00,239.63999938964844,240.30499267578125,238.07000732421875,240.10000610351562,62025,0.0,0.0
2024-08-23 11:30:00-04:00,240.4250030517578,240.82460021972656,239.05999755859375,239.39500427246094,51582,0.0,0.0
2024-08-23 12:30:00-04:00,239.25999450683594,239.9199981689453,238.86000061035156,239.74000549316406,38254,0.0,0.0
2024-08-23 13:30:00-04:00,239.57000732421875,239.86000061035156,239.22999572753906,239.7050018310547,34026,0.0,0.0
2024-08-23 14:30:00-04:00,239.61000061035156,240.35499572753906,239.39999389648438,240.19000244140625,61670,0.0,0.0
2024-08-23 15:30:00-04:00,240.3000030517578,240.8300018310547,239.80999755859375,240.5800018310547,147483,0.0,0.0
2024-08-26 09:30:00-04:00,242.0,243.3699951171875,240.4600067138672,243.3300018310547,85975,0.0,0.0
2024-08-26 10:30:00-04:00,243.23500061035156,243.90499877929688,242.57000732421875,242.57000732421875,105303,0.0,0.0
2024-08-26 11:30:00-04:00,242.56500244140625,243.1999969482422,241.90499877929688,243.1999969482422,46885,0.0,0.0
2024-08-26 12:30:00-04:00,243.1999969482422,243.80499267578125,242.8300018310547,243.36000061035156,56592,0.0,0.0
2024-08-26 13:30:00-04:00,243.40499877929688,243.47000122070312,242.2100067138672,243.0850067138672,49189,0.0,0.0
2024-08-26 14:30:00-04:00,243.08999633789062,243.30999755859375,242.63999938964844,242.97500610351562,125723,0.0,0.0
2024-08-26 15:30:00-04:00,242.9199981689453,243.22000122070312,242.2100067138672,242.39999389648438,193279,0.0,0.0
2024-08-27 09:30:00-04:00,242.10000610351562,242.875,240.91000366210938,241.4600067138672,62029,0.0,0.0
2024-08-27 10:30:00-04:00,241.4149932861328,246.8699951171875,241.36000061035156,246.07000732421875,206415,0.0,0.0
2024-08-27 11:30:00-04:00,246.10499572753906,247.24000549316406,245.75,246.90499877929688,141766,0.0,0.0
2024-08-27 12:30:00-04:00,246.90499877929688,249.5500030517578,246.89500427246094,249.5500030517578,154002,0.0,0.0
2024-08-27 13:30:00-04:00,249.47000122070312,249.7100067138672,248.2100067138672,248.5800018310547,198964,0.0,0.0
2024-08-27 14:30:00-04:00,248.5800018310547,249.3300018310547,248.32000732421875,248.80999755859375,151513,0.0,0.0
2024-08-27 15:30:00-04:00,248.7449951171875,249.7100067138672,248.55999755859375,248.97000122070312,435339,0.0,0.0
2024-08-28 09:30:00-04:00,248.72000122070312,251.42999267578125,248.39999389648438,250.97000122070312,101485,0.0,0.0
2024-08-28 10:30:00-04:00,250.97500610351562,251.52999877929688,250.47000122070312,250.72999572753906,106253,0.0,0.0
2024-08-28 11:30:00-04:00,250.85000610351562,250.85000610351562,249.80999755859375,249.87930297851562,106745,0.0,0.0
2024-08-28 12:30:00-04:00,249.82000732421875,250.0500030517578,249.00999450683594,249.1300048828125,66924,0.0,0.0
2024-08-28 13:30:00-04:00,249.1300048828125,249.25,247.94000244140625,247.9550018310547,80014,0.0,0.0
2024-08-28 14:30:00-04:00,248.00999450683594,249.92999267578125,247.72999572753906,249.8699951171875,189086,0.0,0.0
2024-08-28 15:30:00-04:00,249.7899932861328,250.5,249.50999450683594,250.3000030517578,281306,0.0,0.0
2024-08-29 09:30:00-04:00,252.1300048828125,253.42999267578125,249.28070068359375,253.41000366210938,66947,0.0,0.0
2024-08-29 10:30:00-04:00,253.2949981689453,253.8000030517578,252.8800048828125,252.98500061035156,147355,0.0,0.0
2024-08-29 11:30:00-04:00,253.0399932861328,253.1699981689453,252.1199951171875,252.7303924560547,62002,0.0,0.0
2024-08-29 12:30:00-04:00,252.7949981689453,253.13999938964844,252.66000366210938,252.90499877929688,61142,0.0,0.0
2024-08-29 13:30:00-04:00,252.82000732421875,253.8300018310547,252.82000732421875,253.1699981689453,68145,0.0,0.0
2024-08-29 14:30:00-04:00,253.0800018310547,253.27000427246094,251.57000732421875,252.52000427246094,85013,0.0,0.0
2024-08-29 15:30:00-04:00,252.6199951171875,252.6199951171875,251.19000244140625,252.0500030517578,167553,0.0,0.0
2024-08-30 09:30:00-04:00,252.6199951171875,256.1600036621094,252.02499389648438,255.39999389648438,215922,0.0,0.0
2024-08-30 10:30:00-04:00,255.25999450683594,255.39999389648438,253.9199981689453,254.02999877929688,93928,0.0,0.0
2024-08-30 11:30:00-04:00,254.02000427246094,254.27000427246094,253.3000030517578,253.49000549316406,94859,0.0,0.0
2024-08-30 12:30:00-04:00,253.22000122070312,253.6699981689453,252.75,252.75,81648,0.0,0.0
2024-08-30 13:30:00-04:00,252.7899932861328,254.24000549316406,252.61000061035156,253.97000122070312,106063,0.0,0.0
2024-08-30 14:30:00-04:00,254.02499389648438,254.86000061035156,253.6199951171875,254.7100067138672,122871,0.0,0.0
2024-08-30 15:30:00-04:00,254.74000549316406,256.510009765625,254.67999267578125,256.2799987792969,309215,0.0,0.0
2024-09-03 09:30:00-04:00,254.72999572753906,256.29998779296875,253.74000549316406,254.2100067138672,185215,0.0,0.0
2024-09-03 10:30:00-04:00,254.42999267578125,255.97999572753906,254.07000732421875,255.49000549316406,125336,0.0,0.0
2024-09-03 11:30:00-04:00,255.4600067138672,255.55999755859375,254.5399932861328,255.16000366210938,110001,0.0,0.0
2024-09-03 12:30:00-04:00,255.1300048828125,255.99000549316406,254.36000061035156,255.8699951171875,115961,0.0,0.0
2024-09-03 13:30:00-04:00,255.8699951171875,256.4700012207031,254.91000366210938,254.97999572753906,129526,0.0,0.0
2024-09-03 14:30:00-04:00,254.98500061035156,255.1300048828125,254.30999755859375,254.7050018310547,122675,0.0,0.0
2024-09-03 15:30:00-04:00,254.77999877929688,254.97000122070312,253.3699951171875,254.55999755859375,290598,0.0,0.0
2024-09-04 09:30:00-04:00,255.27000427246094,259.5498962402344,255.19000244140625,257.6000061035156,205796,0.0,0.0
2024-09-04 10:30:00-04:00,257.6400146484375,258.8450012207031,257.1575012207031,257.69000244140625,135398,0.0,0.0
2024-09-04 11:30:00-04:00,257.67999267578125,258.125,256.55999755859375,256.6199951171875,76427,0.0,0.0
2024-09-04 12:30:00-04:00,256.6600036621094,257.25,255.9199981689453,256.0450134277344,55321,0.0,0.0
2024-09-04 13:30:00-04:00,255.97999572753906,258.1099853515625,255.5,257.95001220703125,193333,0.0,0.0
2024-09-04 14:30:00-04:00,257.8399963378906,258.9200134277344,257.42999267578125,258.875,105110,0.0,0.0
2024-09-04 15:30:00-04:00,258.875,259.95001220703125,258.3999938964844,259.5799865722656,316371,0.0,0.0
2024-09-05 09:30:00-04:00,260.25,260.69000244140625,255.5800018310547,255.5800018310547,123928,0.0,0.0
2024-09-05 10:30:00-04:00,255.63999938964844,257.07000732421875,254.2899932861328,254.47372436523438,86615,0.0,0.0
2024-09-05 11:30:00-04:00,254.6300048828125,254.72000122070312,252.27499389648438,253.83999633789062,109450,0.0,0.0
2024-09-05 12:30:00-04:00,253.9199981689453,254.22500610351562,253.42010498046875,253.90499877929688,84355,0.0,0.0
2024-09-05 13:30:00-04:00,253.85000610351562,253.97999572753906,253.1199951171875,253.15499877929688,112178,0.0,0.0
2024-09-05 14:30:00-04:00,253.0500030517578,253.24000549316406,251.69000244140625,252.19500732421875,82850,0.0,0.0
2024-09-05 15:30:00-04:00,252.125,253.72999572753906,252.125,252.75,272400,0.0,0.0
2024-09-06 09:30:00-04:00,252.82000732421875,254.52000427246094,252.26699829101562,252.4250030517578,63103,0.0,0.0
2024-09-06 10:30:00-04:00,252.52499389648438,252.83999633789062,249.72999572753906,249.7926025390625,54556,0.0,0.0
2024-09-06 11:30:00-04:00,250.10000610351562,250.5399932861328,249.3300018310547,249.7050018310547,42858,0.0,0.0
2024-09-06 12:30:00-04:00,249.7100067138672,250.0500030517578,249.16009521484375,249.90330505371094,66074,0.0,0.0
2024-09-06 13:30:00-04:00,249.8000030517578,250.07000732421875,249.30499267578125,249.98500061035156,61518,0.0,0.0
2024-09-06 14:30:00-04:00,250.1199951171875,250.67999267578125,249.44000244140625,250.52999877929688,85086,0.0,0.0
2024-09-06 15:30:00-04:00,250.52999877929688,250.52999877929688,248.97500610351562,250.0500030517578,179019,0.0,0.0
2024-09-09 09:30:00-04:00,250.77000427246094,254.3699951171875,250.5,253.52999877929688,173941,0.0,0.0
2024-09-09 10:30:00-04:00,253.35499572753906,253.82000732421875,251.58999633789062,252.39999389648438,86248,0.0,0.0
2024-09-09 11:30:00-04:00,252.47000122070312,253.58999633789062,252.39999389648438,253.5,53349,0.0,0.0
2024-09-09 12:30:00-04:00,253.5,254.05999755859375,253.3800048828125,253.6199951171875,54494,0.0,0.0
2024-09-09 13:30:00-04:00,253.5850067138672,254.13999938964844,253.14999389648438,254.0399932861328,61550,0.0,0.0
2024-09-09 14:30:00-04:00,254.0399932861328,254.7100067138672,253.31500244140625,253.57000732421875,114039,0.0,0.0
2024-09-09 15:30:00-04:00,253.56500244140625,257.7799987792969,252.55999755859375,256.92999267578125,1008715,0.0,0.0
2024-09-10 09:30:00-04:00,257.6099853515625,258.6499938964844,254.25999450683594,256.05999755859375,188220,0.0,0.0
2024-09-10 10:30:00-04:00,255.9499969482422,258.3500061035156,255.77499389648438,257.30999755859375,169598,0.0,0.0
2024-09-10 11:30:00-04:00,257.1400146484375,257.635009765625,255.8800048828125,255.9499969482422,78534,0.0,0.0
2024-09-10 12:30:00-04:00,255.99000549316406,257.75,255.86000061035156,257.6474914550781,67616,0.0,0.0
2024-09-10 13:30:00-04:00,257.6400146484375,257.9700012207031,256.9700012207031,257.260009765625,72267,0.0,0.0
2024-09-10 14:30:00-04:00,257.3500061035156,258.5,257.30999755859375,258.05999755859375,124962,0.0,0.0
2024-09-10 15:30:00-04:00,258.0799865722656,258.1300048828125,257.0400085449219,257.3699951171875,249462,0.0,0.0
2024-09-11 09:30:00-04:00,255.7899932861328,255.8249969482422,250.8800048828125,251.13999938964844,165478,0.0,0.0
2024-09-11 10:30:00-04:00,251.1999969482422,253.58999633789062,250.92999267578125,253.1300048828125,90314,0.0,0.0
2024-09-11 11:30:00-04:00,253.39999389648438,255.5500030517578,253.07000732421875,255.32000732421875,136368,0.0,0.0
2024-09-11 12:30:00-04:00,255.35000610351562,257.1199951171875,254.8350067138672,256.8599853515625,77563,0.0,0.0
2024-09-11 13:30:00-04:00,256.93499755859375,257.32000732421875,251.30999755859375,251.86000061035156,327815,0.0,0.0
2024-09-11 14:30:00-04:00,251.8249969482422,254.32000732421875,251.8249969482422,254.26499938964844,101883,0.0,0.0
2024-09-11 15:30:00-04:00,254.29750061035156,254.52999877929688,252.3300018310547,253.74000549316406,341757,0.0,0.0
2024-09-12 09:30:00-04:00,251.0,253.32000732421875,249.9149932861328,252.5749969482422,211392,0.0,0.0
2024-09-12 10:30:00-04:00,252.5749969482422,253.75,251.88999938964844,253.15499877929688,189720,0.0,0.0
2024-09-12 11:30:00-04:00,253.125,254.27999877929688,253.125,253.6699981689453,99455,0.0,0.0
2024-09-12 12:30:00-04:00,253.63999938964844,253.97000122070312,251.42999267578125,253.85499572753906,159473,0.0,0.0
2024-09-12 13:30:00-04:00,253.8699951171875,254.02999877929688,252.9199981689453,253.63999938964844,81587,0.0,0.0
2024-09-12 14:30:00-04:00,253.6649932861328,254.6999969482422,253.35000610351562,254.36599731445312,111253,0.0,0.0
2024-09-12 15:30:00-04:00,254.41000366210938,254.86500549316406,253.88999938964844,254.6300048828125,251046,0.0,0.0
2024-09-13 09:30:00-04:00,255.57000732421875,256.8399963378906,254.7899932861328,256.1199951171875,181195,0.0,0.0
2024-09-13 10:30:00-04:00,256.0799865722656,256.260009765625,249.8000030517578,250.0,321049,0.0,0.0
2024-09-13 11:30:00-04:00,249.25999450683594,253.17999267578125,249.11000061035156,251.17999267578125,286886,0.0,0.0
2024-09-13 12:30:00-04:00,251.36500549316406,251.36500549316406,246.22000122070312,246.9550018310547,367202,0.0,0.0
2024-09-13 13:30:00-04:00,247.0800018310547,248.1199951171875,246.35000610351562,246.77000427246094,256748,0.0,0.0
2024-09-13 14:30:00-04:00,246.77999877929688,247.08999633789062,245.83999633789062,246.1999969482422,274018,0.0,0.0
2024-09-13 15:30:00-04:00,246.25,246.5850067138672,245.4499969482422,245.7899932861328,450449,0.0,0.0
2024-09-16 09:30:00-04:00,247.82000732421875,251.77000427246094,247.82000732421875,248.52499389648438,175787,0.0,0.0
2024-09-16 10:30:00-04:00,248.25,248.52000427246094,247.10499572753906,247.10499572753906,65985,0.0,0.0
2024-09-16 11:30:00-04:00,247.14999389648438,247.38499450683594,246.55999755859375,247.17999267578125,94558,0.0,0.0
2024-09-16 12:30:00-04:00,247.33999633789062,247.94000244140625,246.9499969482422,247.8249969482422,50298,0.0,0.0
2024-09-16 13:30:00-04:00,247.8300018310547,248.39990234375,247.00999450683594,247.17999267578125,98312,0.0,0.0
2024-09-16 14:30:00-04:00,247.17999267578125,247.8699951171875,247.1300048828125,247.33999633789062,129423,0.0,0.0
2024-09-16 15:30:00-04:00,247.3350067138672,247.9199981689453,246.8699951171875,247.1300048828125,292677,0.0,0.0
2024-09-17 09:30:00-04:00,248.00999450683594,248.6750030517578,246.91000366210938,248.22999572753906,62618,0.0,0.0
2024-09-17 10:30:00-04:00,248.3300018310547,248.42120361328125,246.33999633789062,246.5800018310547,80631,0.0,0.0
2024-09-17 11:30:00-04:00,246.67999267578125,246.72999572753906,245.1201934814453,246.47999572753906,224503,0.0,0.0
2024-09-17 12:30:00-04:00,246.49000549316406,246.58999633789062,245.3000030517578,246.07000732421875,62802,0.0,0.0
2024-09-17 13:30:00-04:00,245.97000122070312,246.5749969482422,245.64999389648438,246.47000122070312,82504,0.0,0.0
2024-09-17 14:30:00-04:00,246.44590759277344,246.5850067138672,245.6699981689453,246.0449981689453,94906,0.0,0.0
2024-09-17 15:30:00-04:00,246.00999450683594,246.60000610351562,245.7899932861328,246.25,223451,0.0,0.0
2024-09-18 09:30:00-04:00,248.0,248.25,246.4600067138672,247.65499877929688,67040,0.0,0.0
2024-09-18 10:30:00-04:00,247.57000732421875,247.57000732421875,246.5200958251953,246.99000549316406,91623,0.0,0.0
2024-09-18 11:30:00-04:00,246.88600158691406,247.36000061035156,246.52000427246094,247.27999877929688,43822,0.0,0.0
2024-09-18 12:30:00-04:00,247.41000366210938,248.0,246.97999572753906,248.0,57956,0.0,0.0
2024-09-18 13:30:00-04:00,247.94500732421875,251.5399932861328,247.5800018310547,249.5500030517578,88809,0.0,0.0
2024-09-18 14:30:00-04:00,249.75,250.24000549316406,248.1199951171875,249.63999938964844,116559,0.0,0.0
2024-09-18 15:30:00-04:00,249.4499969482422,249.8300018310547,247.69500732421875,249.0399932861328,356376,0.0,0.0
2024-09-19 09:30:00-04:00,251.86000061035156,253.61000061035156,250.13999938964844,252.0,167155,0.0,0.0
2024-09-19 10:30:00-04:00,252.24000549316406,252.8000030517578,250.44000244140625,251.5050048828125,95428,0.0,0.0
2024-09-19 11:30:00-04:00,251.69000244140625,252.50999450683594,250.8300018310547,252.13499450683594,54624,0.0,0.0
2024-09-19 12:30:00-04:00,252.10040283203125,252.8800048828125,251.9741973876953,252.47000122070312,54354,0.0,0.0
2024-09-19 13:30:00-04:00,252.49000549316406,253.30999755859375,252.25,252.8300018310547,67840,0.0,0.0
2024-09-19 14:30:00-04:00,252.8699951171875,253.00999450683594,251.8350067138672,252.00999450683594,114944,0.0,0.0
2024-09-19 15:30:00-04:00,252.08999633789062,252.64999389648438,251.5399932861328,251.86000061035156,195213,0.0,0.0
2024-09-20 09:30:00-04:00,249.88999938964844,249.88999938964844,246.50999450683594,248.0800018310547,258068,0.0,0.0
2024-09-20 10:30:00-04:00,247.61000061035156,248.5,247.29229736328125,247.9600067138672,37623,0.0,0.0
2024-09-20 11:30:00-04:00,247.96499633789062,248.49000549316406,247.5500030517578,247.77999877929688,31868,0.0,0.0
2024-09-20 12:30:00-04:00,247.6300048828125,248.2899932861328,247.52000427246094,247.8000030517578,32162,0.0,0.0
2024-09-20 13:30:00-04:00,247.7111053466797,248.05999755859375,246.7949981689453,246.88999938964844,51190,0.0,0.0
2024-09-20 14:30:00-04:00,246.8699951171875,248.80999755859375,246.78570556640625,248.44500732421875,98303,0.0,0.0
2024-09-20 15:30:00-04:00,248.44000244140625,249.08999633789062,247.41000366210938,247.8800048828125,293046,0.0,0.0
