Datetime,Open,High,Low,Close,Volume,Dividends,Stock Splits
2022-09-22 09:30:00-04:00,37.68000030517578,37.68000030517578,36.279998779296875,36.29999923706055,109352,0.0,0.0
2022-09-22 10:30:00-04:00,36.18000030517578,36.380001068115234,35.83000183105469,35.90999984741211,67728,0.0,0.0
2022-09-22 11:30:00-04:00,35.90999984741211,35.9900016784668,35.47999954223633,35.47999954223633,61774,0.0,0.0
2022-09-22 12:30:00-04:00,35.45500183105469,35.4900016784668,35.040000915527344,35.09000015258789,74011,0.0,0.0
2022-09-22 13:30:00-04:00,35.099998474121094,35.15999984741211,34.54999923706055,34.66999816894531,74037,0.0,0.0
2022-09-22 14:30:00-04:00,34.689998626708984,35.040000915527344,34.55500030517578,34.869998931884766,126815,0.0,0.0
2022-09-22 15:30:00-04:00,34.91999816894531,35.16999816894531,34.91999816894531,35.060001373291016,134341,0.0,0.0
2022-09-23 09:30:00-04:00,34.68000030517578,34.75,33.78499984741211,33.95000076293945,139257,0.0,0.0
2022-09-23 10:30:00-04:00,33.939998626708984,34.18000030517578,33.619998931884766,34.0,85555,0.0,0.0
2022-09-23 11:30:00-04:00,33.970001220703125,34.27000045776367,33.79999923706055,34.150001525878906,81119,0.0,0.0
2022-09-23 12:30:00-04:00,34.15999984741211,34.5099983215332,34.04999923706055,34.16999816894531,101215,0.0,0.0
2022-09-23 13:30:00-04:00,34.11000061035156,34.31999969482422,33.959999084472656,34.29999923706055,57537,0.0,0.0
2022-09-23 14:30:00-04:00,34.279998779296875,34.470001220703125,33.9900016784668,34.470001220703125,65844,0.0,0.0
2022-09-23 15:30:00-04:00,34.470001220703125,34.709999084472656,34.470001220703125,34.68000030517578,77298,0.0,0.0
2022-09-26 09:30:00-04:00,34.720001220703125,35.790000915527344,34.720001220703125,35.529998779296875,100226,0.0,0.0
2022-09-26 10:30:00-04:00,35.529998779296875,35.529998779296875,34.77000045776367,34.86000061035156,57076,0.0,0.0
2022-09-26 11:30:00-04:00,34.86000061035156,34.970001220703125,34.564998626708984,34.619998931884766,43319,0.0,0.0
2022-09-26 12:30:00-04:00,34.59000015258789,34.810001373291016,34.380001068115234,34.709999084472656,49373,0.0,0.0
2022-09-26 13:30:00-04:00,34.72999954223633,34.939998626708984,34.689998626708984,34.900001525878906,53855,0.0,0.0
2022-09-26 14:30:00-04:00,34.869998931884766,35.209999084472656,34.86000061035156,35.07899856567383,95741,0.0,0.0
2022-09-26 15:30:00-04:00,35.060001373291016,35.099998474121094,34.77000045776367,34.79999923706055,162133,0.0,0.0
2022-09-27 09:30:00-04:00,35.41999816894531,36.09000015258789,35.41999816894531,35.97999954223633,39566,0.0,0.0
2022-09-27 10:30:00-04:00,35.97999954223633,36.22999954223633,35.54499816894531,35.54499816894531,29934,0.0,0.0
2022-09-27 11:30:00-04:00,35.56999969482422,35.65999984741211,34.970001220703125,35.04999923706055,39430,0.0,0.0
2022-09-27 12:30:00-04:00,35.04999923706055,35.16999816894531,34.970001220703125,35.08000183105469,33649,0.0,0.0
2022-09-27 13:30:00-04:00,35.06999969482422,35.130001068115234,34.86000061035156,35.130001068115234,74703,0.0,0.0
2022-09-27 14:30:00-04:00,35.130001068115234,35.459999084472656,35.09000015258789,35.290000915527344,53875,0.0,0.0
2022-09-27 15:30:00-04:00,35.290000915527344,35.34000015258789,35.189998626708984,35.22999954223633,77329,0.0,0.0
2022-09-28 09:30:00-04:00,35.439998626708984,35.959999084472656,35.40999984741211,35.79499816894531,36700,0.0,0.0
2022-09-28 10:30:00-04:00,35.86000061035156,36.040000915527344,35.650001525878906,35.93000030517578,62161,0.0,0.0
2022-09-28 11:30:00-04:00,35.93000030517578,36.099998474121094,35.810001373291016,35.810001373291016,49304,0.0,0.0
2022-09-28 12:30:00-04:00,35.810001373291016,36.099998474121094,35.7400016784668,36.02000045776367,48813,0.0,0.0
2022-09-28 13:30:00-04:00,36.029998779296875,36.05500030517578,35.86000061035156,36.02000045776367,46481,0.0,0.0
2022-09-28 14:30:00-04:00,36.04999923706055,36.244998931884766,35.96500015258789,36.22999954223633,71104,0.0,0.0
2022-09-28 15:30:00-04:00,36.22999954223633,36.35499954223633,36.0099983215332,36.0099983215332,112768,0.0,0.0
2022-09-29 09:30:00-04:00,35.279998779296875,35.279998779296875,34.314998626708984,34.540000915527344,43423,0.0,0.0
2022-09-29 10:30:00-04:00,34.38999938964844,34.86000061035156,34.2400016784668,34.779998779296875,88976,0.0,0.0
2022-09-29 11:30:00-04:00,34.790000915527344,35.279998779296875,34.77000045776367,34.94499969482422,28124,0.0,0.0
2022-09-29 12:30:00-04:00,34.959999084472656,34.959999084472656,34.58000183105469,34.70500183105469,31915,0.0,0.0
2022-09-29 13:30:00-04:00,34.66999816894531,34.66999816894531,34.36000061035156,34.459999084472656,37373,0.0,0.0
2022-09-29 14:30:00-04:00,34.459999084472656,34.63999938964844,34.36000061035156,34.63999938964844,93419,0.0,0.0
2022-09-29 15:30:00-04:00,34.630001068115234,34.90999984741211,34.619998931884766,34.84000015258789,130718,0.0,0.0
2022-09-30 09:30:00-04:00,34.72999954223633,35.15999984741211,34.15999984741211,35.029998779296875,34878,0.0,0.0
2022-09-30 10:30:00-04:00,35.04999923706055,35.380001068115234,34.93000030517578,34.959999084472656,86591,0.0,0.0
2022-09-30 11:30:00-04:00,34.970001220703125,35.02000045776367,34.52000045776367,34.540000915527344,66443,0.0,0.0
2022-09-30 12:30:00-04:00,34.540000915527344,35.150001525878906,34.5099983215332,35.060001373291016,262305,0.0,0.0
2022-09-30 13:30:00-04:00,35.064998626708984,35.08000183105469,34.630001068115234,34.66999816894531,57705,0.0,0.0
2022-09-30 14:30:00-04:00,34.68000030517578,34.84000015258789,34.584999084472656,34.61000061035156,66894,0.0,0.0
2022-09-30 15:30:00-04:00,34.63999938964844,34.70000076293945,34.189998626708984,34.2400016784668,96039,0.0,0.0
2022-10-03 09:30:00-04:00,34.66999816894531,35.70000076293945,33.803001403808594,35.63999938964844,92008,0.0,0.0
2022-10-03 10:30:00-04:00,35.70000076293945,36.04999923706055,35.59000015258789,35.93000030517578,51598,0.0,0.0
2022-10-03 11:30:00-04:00,35.91999816894531,35.95000076293945,35.20000076293945,35.2599983215332,48360,0.0,0.0
2022-10-03 12:30:00-04:00,35.25,35.349998474121094,35.0,35.279998779296875,68601,0.0,0.0
2022-10-03 13:30:00-04:00,35.27000045776367,35.540000915527344,35.25,35.5099983215332,41987,0.0,0.0
2022-10-03 14:30:00-04:00,35.5099983215332,35.61000061035156,35.31999969482422,35.61000061035156,75526,0.0,0.0
2022-10-03 15:30:00-04:00,35.599998474121094,35.63999938964844,35.22999954223633,35.22999954223633,164462,0.0,0.0
2022-10-04 09:30:00-04:00,35.959999084472656,37.41999816894531,35.959999084472656,37.2599983215332,60200,0.0,0.0
2022-10-04 10:30:00-04:00,37.290000915527344,37.720001220703125,37.2599983215332,37.685001373291016,29301,0.0,0.0
2022-10-04 11:30:00-04:00,37.689998626708984,37.70000076293945,37.33000183105469,37.400001525878906,36959,0.0,0.0
2022-10-04 12:30:00-04:00,37.41999816894531,37.459999084472656,36.97589874267578,37.130001068115234,41120,0.0,0.0
2022-10-04 13:30:00-04:00,37.125,37.349998474121094,36.900001525878906,37.15999984741211,112711,0.0,0.0
2022-10-04 14:30:00-04:00,37.18000030517578,37.2400016784668,36.90999984741211,36.9900016784668,56870,0.0,0.0
2022-10-04 15:30:00-04:00,36.994998931884766,37.27000045776367,36.959999084472656,37.27000045776367,110639,0.0,0.0
2022-10-05 09:30:00-04:00,36.5,37.095001220703125,36.4900016784668,36.65999984741211,24906,0.0,0.0
2022-10-05 10:30:00-04:00,36.65999984741211,36.75,36.439998626708984,36.63999938964844,21884,0.0,0.0
2022-10-05 11:30:00-04:00,36.650001525878906,36.93000030517578,36.63999938964844,36.86000061035156,17276,0.0,0.0
2022-10-05 12:30:00-04:00,36.86000061035156,37.279998779296875,36.79999923706055,37.099998474121094,29641,0.0,0.0
2022-10-05 13:30:00-04:00,37.09000015258789,37.130001068115234,36.9900016784668,37.060001373291016,22005,0.0,0.0
2022-10-05 14:30:00-04:00,37.08000183105469,37.380001068115234,37.02000045776367,37.33000183105469,25902,0.0,0.0
2022-10-05 15:30:00-04:00,37.33000183105469,37.470001220703125,37.060001373291016,37.119998931884766,109666,0.0,0.0
2022-10-06 09:30:00-04:00,37.08000183105469,37.810001373291016,37.08000183105469,37.09000015258789,88254,0.0,0.0
2022-10-06 10:30:00-04:00,37.09000015258789,37.529998779296875,36.97999954223633,37.4900016784668,29097,0.0,0.0
2022-10-06 11:30:00-04:00,37.5099983215332,37.59000015258789,37.15999984741211,37.42499923706055,32194,0.0,0.0
2022-10-06 12:30:00-04:00,37.40999984741211,37.65999984741211,37.369998931884766,37.65999984741211,50414,0.0,0.0
2022-10-06 13:30:00-04:00,37.650001525878906,37.744998931884766,37.52000045776367,37.59000015258789,54924,0.0,0.0
2022-10-06 14:30:00-04:00,37.56999969482422,37.65999984741211,37.5099983215332,37.619998931884766,69848,0.0,0.0
2022-10-06 15:30:00-04:00,37.64500045776367,37.720001220703125,37.470001220703125,37.599998474121094,126461,0.0,0.0
2022-10-07 09:30:00-04:00,37.0,37.189998626708984,36.16999816894531,36.65999984741211,79774,0.0,0.0
2022-10-07 10:30:00-04:00,36.720001220703125,37.119998931884766,36.540000915527344,36.96500015258789,24035,0.0,0.0
2022-10-07 11:30:00-04:00,36.939998626708984,37.0099983215332,36.689998626708984,36.689998626708984,18930,0.0,0.0
2022-10-07 12:30:00-04:00,36.66999816894531,36.86000061035156,36.599998474121094,36.790000915527344,31001,0.0,0.0
2022-10-07 13:30:00-04:00,36.779998779296875,36.880001068115234,36.689998626708984,36.77000045776367,27847,0.0,0.0
2022-10-07 14:30:00-04:00,36.751800537109375,36.91210174560547,36.7400016784668,36.78499984741211,36439,0.0,0.0
2022-10-07 15:30:00-04:00,36.779998779296875,37.33000183105469,36.744998931884766,37.15999984741211,151162,0.0,0.0
2022-10-10 09:30:00-04:00,37.130001068115234,37.130001068115234,36.369998931884766,36.68000030517578,39423,0.0,0.0
2022-10-10 10:30:00-04:00,36.63999938964844,36.72999954223633,35.90999984741211,36.150001525878906,36456,0.0,0.0
2022-10-10 11:30:00-04:00,36.220001220703125,36.560001373291016,36.09000015258789,36.20000076293945,66604,0.0,0.0
2022-10-10 12:30:00-04:00,36.19499969482422,36.29999923706055,36.08000183105469,36.20500183105469,56152,0.0,0.0
2022-10-10 13:30:00-04:00,36.220001220703125,36.720001220703125,36.220001220703125,36.54999923706055,25835,0.0,0.0
2022-10-10 14:30:00-04:00,36.529998779296875,36.77000045776367,36.47100067138672,36.47100067138672,31570,0.0,0.0
2022-10-10 15:30:00-04:00,36.474998474121094,36.80500030517578,36.459999084472656,36.66999816894531,105576,0.0,0.0
2022-10-11 09:30:00-04:00,36.59000015258789,36.7400016784668,35.7400016784668,35.84000015258789,66657,0.0,0.0
2022-10-11 10:30:00-04:00,35.84000015258789,36.68000030517578,35.7599983215332,36.68000030517578,50628,0.0,0.0
2022-10-11 11:30:00-04:00,36.70000076293945,37.369998931884766,36.70000076293945,37.36000061035156,44952,0.0,0.0
2022-10-11 12:30:00-04:00,37.369998931884766,37.650001525878906,37.36000061035156,37.41999816894531,54772,0.0,0.0
2022-10-11 13:30:00-04:00,37.400001525878906,37.61000061035156,37.220001220703125,37.560001373291016,57685,0.0,0.0
2022-10-11 14:30:00-04:00,37.59000015258789,37.790000915527344,37.18000030517578,37.349998474121094,68682,0.0,0.0
2022-10-11 15:30:00-04:00,37.349998474121094,37.720001220703125,37.275001525878906,37.54999923706055,92860,0.0,0.0
2022-10-12 09:30:00-04:00,37.599998474121094,37.599998474121094,36.79999923706055,36.970001220703125,23365,0.0,0.0
2022-10-12 10:30:00-04:00,37.029998779296875,37.40999984741211,36.689998626708984,37.25,29494,0.0,0.0
2022-10-12 11:30:00-04:00,37.25,37.439998626708984,37.15999984741211,37.34000015258789,17825,0.0,0.0
2022-10-12 12:30:00-04:00,37.310001373291016,37.540000915527344,37.27000045776367,37.540000915527344,15427,0.0,0.0
2022-10-12 13:30:00-04:00,37.54999923706055,37.599998474121094,37.36000061035156,37.599998474121094,24147,0.0,0.0
2022-10-12 14:30:00-04:00,37.630001068115234,37.689998626708984,37.39500045776367,37.59000015258789,25792,0.0,0.0
2022-10-12 15:30:00-04:00,37.54999923706055,37.63999938964844,37.45500183105469,37.459999084472656,47856,0.0,0.0
2022-10-13 09:30:00-04:00,36.81999969482422,37.5,36.0099983215332,37.04999923706055,46437,0.0,0.0
2022-10-13 10:30:00-04:00,37.0,38.349998474121094,36.970001220703125,37.994998931884766,25648,0.0,0.0
2022-10-13 11:30:00-04:00,37.91999816894531,38.459999084472656,37.529998779296875,37.540000915527344,22309,0.0,0.0
2022-10-13 12:30:00-04:00,37.540000915527344,38.36000061035156,37.4900016784668,38.33000183105469,59894,0.0,0.0
2022-10-13 13:30:00-04:00,38.32500076293945,38.369998931884766,37.93000030517578,37.93000030517578,15745,0.0,0.0
2022-10-13 14:30:00-04:00,37.959999084472656,38.209999084472656,37.959999084472656,38.029998779296875,32741,0.0,0.0
2022-10-13 15:30:00-04:00,38.02000045776367,38.02000045776367,37.79499816894531,37.93000030517578,44838,0.0,0.0
2022-10-14 09:30:00-04:00,38.54999923706055,38.880001068115234,37.75,38.029998779296875,26710,0.0,0.0
2022-10-14 10:30:00-04:00,38.0,38.400001525878906,37.91999816894531,38.125,24558,0.0,0.0
2022-10-14 11:30:00-04:00,38.08000183105469,38.08000183105469,37.720001220703125,38.0,24381,0.0,0.0
2022-10-14 12:30:00-04:00,38.04999923706055,38.150001525878906,37.72999954223633,37.790000915527344,25304,0.0,0.0
2022-10-14 13:30:00-04:00,37.85499954223633,37.85499954223633,37.61000061035156,37.75,32721,0.0,0.0
2022-10-14 14:30:00-04:00,37.75,38.04999923706055,37.72999954223633,37.84000015258789,55479,0.0,0.0
2022-10-14 15:30:00-04:00,37.83000183105469,37.83000183105469,37.58000183105469,37.65999984741211,71857,0.0,0.0
2022-10-17 09:30:00-04:00,38.40999984741211,39.39500045776367,38.400001525878906,39.189998626708984,96671,0.0,0.0
2022-10-17 10:30:00-04:00,39.22999954223633,39.41999816894531,39.040000915527344,39.41999816894531,49446,0.0,0.0
2022-10-17 11:30:00-04:00,39.41999816894531,39.52000045776367,39.34000015258789,39.43000030517578,25221,0.0,0.0
2022-10-17 12:30:00-04:00,39.43000030517578,39.45000076293945,39.220001220703125,39.40140151977539,14336,0.0,0.0
2022-10-17 13:30:00-04:00,39.369998931884766,39.470001220703125,39.17499923706055,39.369998931884766,31432,0.0,0.0
2022-10-17 14:30:00-04:00,39.38999938964844,39.41999816894531,39.20000076293945,39.29499816894531,36390,0.0,0.0
2022-10-17 15:30:00-04:00,39.28499984741211,39.56999969482422,39.28499984741211,39.459999084472656,46385,0.0,0.0
2022-10-18 09:30:00-04:00,40.130001068115234,40.869998931884766,40.130001068115234,40.41999816894531,55870,0.0,0.0
2022-10-18 10:30:00-04:00,40.31999969482422,40.58000183105469,40.074100494384766,40.130001068115234,35226,0.0,0.0
2022-10-18 11:30:00-04:00,40.112998962402344,40.14500045776367,39.86000061035156,40.005001068115234,24173,0.0,0.0
2022-10-18 12:30:00-04:00,39.970001220703125,40.09000015258789,39.810001373291016,40.040000915527344,19745,0.0,0.0
2022-10-18 13:30:00-04:00,40.040000915527344,40.18000030517578,39.90999984741211,40.0,20663,0.0,0.0
2022-10-18 14:30:00-04:00,39.939998626708984,39.939998626708984,39.45000076293945,39.599998474121094,48489,0.0,0.0
2022-10-18 15:30:00-04:00,39.619998931884766,39.7400016784668,39.349998474121094,39.54999923706055,113354,0.0,0.0
2022-10-19 09:30:00-04:00,39.04999923706055,39.61000061035156,38.4900016784668,39.119998931884766,32622,0.0,0.0
2022-10-19 10:30:00-04:00,39.11000061035156,39.11000061035156,38.59000015258789,38.619998931884766,62689,0.0,0.0
2022-10-19 11:30:00-04:00,38.70000076293945,38.810001373291016,38.4900016784668,38.540000915527344,24277,0.0,0.0
2022-10-19 12:30:00-04:00,38.5099983215332,38.560001373291016,38.04999923706055,38.130001068115234,31471,0.0,0.0
2022-10-19 13:30:00-04:00,38.18000030517578,38.5,38.119998931884766,38.470001220703125,23759,0.0,0.0
2022-10-19 14:30:00-04:00,38.474998474121094,38.5099983215332,38.15999984741211,38.189998626708984,49184,0.0,0.0
2022-10-19 15:30:00-04:00,38.220001220703125,38.34000015258789,38.119998931884766,38.310001373291016,129344,0.0,0.0
2022-10-20 09:30:00-04:00,38.11000061035156,38.849998474121094,38.11000061035156,38.63999938964844,67052,0.0,0.0
2022-10-20 10:30:00-04:00,38.72999954223633,38.775001525878906,38.18000030517578,38.18000030517578,50287,0.0,0.0
2022-10-20 11:30:00-04:00,38.21500015258789,38.47999954223633,37.68000030517578,37.720001220703125,44271,0.0,0.0
2022-10-20 12:30:00-04:00,37.7400016784668,37.810001373291016,37.58000183105469,37.79999923706055,24408,0.0,0.0
2022-10-20 13:30:00-04:00,37.790000915527344,37.93000030517578,37.77000045776367,37.83000183105469,20333,0.0,0.0
2022-10-20 14:30:00-04:00,37.79999923706055,37.90999984741211,37.66999816894531,37.689998626708984,28527,0.0,0.0
2022-10-20 15:30:00-04:00,37.709999084472656,38.130001068115234,37.65039825439453,38.040000915527344,113689,0.0,0.0
2022-10-21 09:30:00-04:00,37.97999954223633,38.75,37.97999954223633,38.119998931884766,45198,0.0,0.0
2022-10-21 10:30:00-04:00,38.220001220703125,38.29999923706055,37.790000915527344,38.11000061035156,18988,0.0,0.0
2022-10-21 11:30:00-04:00,38.25,38.529998779296875,38.02000045776367,38.459999084472656,20638,0.0,0.0
2022-10-21 12:30:00-04:00,38.400001525878906,38.83000183105469,38.349998474121094,38.619998931884766,17797,0.0,0.0
2022-10-21 13:30:00-04:00,38.63999938964844,38.88999938964844,38.63999938964844,38.790000915527344,23466,0.0,0.0
2022-10-21 14:30:00-04:00,38.80500030517578,38.95000076293945,38.709999084472656,38.93000030517578,32403,0.0,0.0
2022-10-21 15:30:00-04:00,38.93000030517578,39.2400016784668,38.88999938964844,39.11000061035156,98970,0.0,0.0
2022-10-24 09:30:00-04:00,39.27000045776367,39.41999816894531,38.54999923706055,38.650001525878906,45496,0.0,0.0
2022-10-24 10:30:00-04:00,38.630001068115234,38.869998931884766,38.31999969482422,38.810001373291016,36554,0.0,0.0
2022-10-24 11:30:00-04:00,38.7599983215332,39.470001220703125,38.7599983215332,39.34000015258789,35460,0.0,0.0
2022-10-24 12:30:00-04:00,39.31999969482422,39.599998474121094,39.1150016784668,39.125,27924,0.0,0.0
2022-10-24 13:30:00-04:00,39.11000061035156,39.154998779296875,38.95000076293945,39.029998779296875,31880,0.0,0.0
2022-10-24 14:30:00-04:00,39.029998779296875,39.33000183105469,39.0099983215332,39.29999923706055,41433,0.0,0.0
2022-10-24 15:30:00-04:00,39.31999969482422,39.41999816894531,39.08000183105469,39.150001525878906,79879,0.0,0.0
2022-10-25 09:30:00-04:00,38.939998626708984,39.79999923706055,38.939998626708984,39.61000061035156,41613,0.0,0.0
2022-10-25 10:30:00-04:00,39.61000061035156,39.93000030517578,39.525001525878906,39.84000015258789,24985,0.0,0.0
2022-10-25 11:30:00-04:00,39.83000183105469,39.970001220703125,39.755001068115234,39.79999923706055,27748,0.0,0.0
2022-10-25 12:30:00-04:00,39.83000183105469,39.849998474121094,39.310001373291016,39.34000015258789,26394,0.0,0.0
2022-10-25 13:30:00-04:00,39.33000183105469,39.599998474121094,39.22999954223633,39.5,27932,0.0,0.0
2022-10-25 14:30:00-04:00,39.5,39.869998931884766,39.5,39.849998474121094,40441,0.0,0.0
2022-10-25 15:30:00-04:00,39.849998474121094,39.849998474121094,39.540000915527344,39.540000915527344,95183,0.0,0.0
2022-10-26 09:30:00-04:00,39.95000076293945,40.0099983215332,39.04999923706055,39.77000045776367,134094,0.0,0.0
2022-10-26 10:30:00-04:00,39.77000045776367,40.72999954223633,39.630001068115234,40.330101013183594,52668,0.0,0.0
2022-10-26 11:30:00-04:00,40.380001068115234,40.47990036010742,40.029998779296875,40.1349983215332,50067,0.0,0.0
2022-10-26 12:30:00-04:00,40.13999938964844,40.27000045776367,39.439998626708984,39.474998474121094,37037,0.0,0.0
2022-10-26 13:30:00-04:00,39.45000076293945,39.529998779296875,39.25,39.25,34398,0.0,0.0
2022-10-26 14:30:00-04:00,39.2400016784668,39.31999969482422,38.970001220703125,38.9900016784668,40267,0.0,0.0
2022-10-26 15:30:00-04:00,38.9900016784668,39.11000061035156,38.93000030517578,39.029998779296875,110184,0.0,0.0
2022-10-27 09:30:00-04:00,39.220001220703125,39.54999923706055,38.97999954223633,39.470001220703125,46126,0.0,0.0
2022-10-27 10:30:00-04:00,39.45000076293945,39.56999969482422,38.87099838256836,39.130001068115234,52301,0.0,0.0
2022-10-27 11:30:00-04:00,39.1150016784668,39.2599983215332,38.90999984741211,38.91999816894531,34717,0.0,0.0
2022-10-27 12:30:00-04:00,38.939998626708984,39.529998779296875,38.939998626708984,39.39500045776367,33405,0.0,0.0
2022-10-27 13:30:00-04:00,39.40999984741211,39.52000045776367,39.22999954223633,39.3849983215332,28384,0.0,0.0
2022-10-27 14:30:00-04:00,39.372501373291016,39.459999084472656,38.970001220703125,39.0099983215332,39680,0.0,0.0
2022-10-27 15:30:00-04:00,39.029998779296875,39.09000015258789,38.939998626708984,39.09000015258789,73034,0.0,0.0
2022-10-28 09:30:00-04:00,39.880001068115234,40.9900016784668,39.220001220703125,40.0,132264,0.0,0.0
2022-10-28 10:30:00-04:00,40.02000045776367,40.29999923706055,39.720001220703125,39.939998626708984,64516,0.0,0.0
2022-10-28 11:30:00-04:00,39.93000030517578,40.880001068115234,39.869998931884766,40.814998626708984,89919,0.0,0.0
2022-10-28 12:30:00-04:00,40.79499816894531,41.0,40.709999084472656,40.939998626708984,57969,0.0,0.0
2022-10-28 13:30:00-04:00,40.90999984741211,41.33000183105469,40.90999984741211,41.18000030517578,68236,0.0,0.0
2022-10-28 14:30:00-04:00,41.16999816894531,41.41999816894531,40.88999938964844,41.01499938964844,78402,0.0,0.0
2022-10-28 15:30:00-04:00,40.9900016784668,41.20000076293945,40.880001068115234,41.119998931884766,129372,0.0,0.0
2022-10-31 09:30:00-04:00,40.88999938964844,41.5,40.790000915527344,41.09000015258789,59287,0.0,0.0
2022-10-31 10:30:00-04:00,41.04999923706055,41.73500061035156,40.95000076293945,41.474998474121094,53750,0.0,0.0
2022-10-31 11:30:00-04:00,41.5,41.93000030517578,41.47999954223633,41.63999938964844,60703,0.0,0.0
2022-10-31 12:30:00-04:00,41.61000061035156,41.89500045776367,41.400001525878906,41.83000183105469,48557,0.0,0.0
2022-10-31 13:30:00-04:00,41.81999969482422,41.869998931884766,41.650001525878906,41.77000045776367,44821,0.0,0.0
2022-10-31 14:30:00-04:00,41.7599983215332,41.85900115966797,41.540000915527344,41.7400016784668,59638,0.0,0.0
2022-10-31 15:30:00-04:00,41.7400016784668,41.95000076293945,41.65999984741211,41.689998626708984,105740,0.0,0.0
2022-11-01 09:30:00-04:00,42.33000183105469,42.87969970703125,41.224998474121094,41.404998779296875,74315,0.0,0.0
2022-11-01 10:30:00-04:00,41.34000015258789,41.52000045776367,40.70000076293945,41.22999954223633,57545,0.0,0.0
2022-11-01 11:30:00-04:00,41.290000915527344,41.4900016784668,41.040000915527344,41.130001068115234,32267,0.0,0.0
2022-11-01 12:30:00-04:00,41.14500045776367,41.58000183105469,41.14500045776367,41.45000076293945,30805,0.0,0.0
2022-11-01 13:30:00-04:00,41.439998626708984,41.81999969482422,41.34000015258789,41.61000061035156,35081,0.0,0.0
2022-11-01 14:30:00-04:00,41.61000061035156,41.869998931884766,41.5,41.540000915527344,55517,0.0,0.0
2022-11-01 15:30:00-04:00,41.529998779296875,41.61000061035156,41.439998626708984,41.459999084472656,61484,0.0,0.0
2022-11-02 09:30:00-04:00,41.529998779296875,41.54999923706055,41.11000061035156,41.349998474121094,24559,0.0,0.0
2022-11-02 10:30:00-04:00,41.38999938964844,41.599998474121094,41.23500061035156,41.25,22794,0.0,0.0
2022-11-02 11:30:00-04:00,41.279998779296875,41.439998626708984,40.625,40.814998626708984,20869,0.0,0.0
2022-11-02 12:30:00-04:00,40.80500030517578,40.810001373291016,40.65999984741211,40.755001068115234,23337,0.0,0.0
2022-11-02 13:30:00-04:00,40.72999954223633,41.599998474121094,40.709999084472656,41.5099983215332,58717,0.0,0.0
2022-11-02 14:30:00-04:00,41.529998779296875,41.61000061035156,40.2400016784668,40.34000015258789,90118,0.0,0.0
2022-11-02 15:30:00-04:00,40.310001373291016,40.369998931884766,40.0,40.0,91988,0.0,0.0
2022-11-03 09:30:00-04:00,39.630001068115234,39.68000030517578,38.709999084472656,39.619998931884766,43798,0.0,0.0
2022-11-03 10:30:00-04:00,39.630001068115234,39.900001525878906,39.36000061035156,39.79499816894531,43437,0.0,0.0
2022-11-03 11:30:00-04:00,39.83000183105469,39.939998626708984,39.529998779296875,39.77000045776367,30325,0.0,0.0
2022-11-03 12:30:00-04:00,39.79999923706055,40.08000183105469,39.7400016784668,39.86000061035156,36051,0.0,0.0
2022-11-03 13:30:00-04:00,39.86000061035156,40.02000045776367,39.79499816894531,39.91999816894531,23761,0.0,0.0
2022-11-03 14:30:00-04:00,39.92499923706055,40.0099983215332,39.810001373291016,39.935001373291016,29163,0.0,0.0
2022-11-03 15:30:00-04:00,39.939998626708984,39.96500015258789,39.52000045776367,39.529998779296875,54955,0.0,0.0
2022-11-04 09:30:00-04:00,40.310001373291016,40.505001068115234,39.72650146484375,40.494998931884766,27247,0.0,0.0
2022-11-04 10:30:00-04:00,40.47999954223633,40.56999969482422,39.83000183105469,39.86000061035156,46139,0.0,0.0
2022-11-04 11:30:00-04:00,39.834999084472656,39.834999084472656,39.279998779296875,39.43000030517578,37908,0.0,0.0
2022-11-04 12:30:00-04:00,39.40999984741211,39.529998779296875,39.15999984741211,39.27000045776367,43669,0.0,0.0
2022-11-04 13:30:00-04:00,39.27000045776367,39.57500076293945,39.220001220703125,39.57500076293945,24015,0.0,0.0
2022-11-04 14:30:00-04:00,39.58000183105469,39.78499984741211,39.5099983215332,39.70500183105469,45146,0.0,0.0
2022-11-04 15:30:00-04:00,39.689998626708984,40.0,39.65999984741211,39.9900016784668,76011,0.0,0.0
2022-11-07 09:30:00-05:00,40.06999969482422,40.2599983215332,39.529998779296875,39.880001068115234,39599,0.0,0.0
2022-11-07 10:30:00-05:00,39.91999816894531,40.32500076293945,39.689998626708984,40.28499984741211,51353,0.0,0.0
2022-11-07 11:30:00-05:00,40.33000183105469,40.540000915527344,40.04999923706055,40.525001525878906,34874,0.0,0.0
2022-11-07 12:30:00-05:00,40.525001525878906,40.630001068115234,40.310001373291016,40.380001068115234,36609,0.0,0.0
2022-11-07 13:30:00-05:00,40.400001525878906,40.939998626708984,40.290000915527344,40.91999816894531,43434,0.0,0.0
2022-11-07 14:30:00-05:00,40.90999984741211,41.119998931884766,40.779998779296875,41.06999969482422,58732,0.0,0.0
2022-11-07 15:30:00-05:00,41.084999084472656,41.189998626708984,40.97999954223633,41.09000015258789,93916,0.0,0.0
2022-11-08 09:30:00-05:00,41.33000183105469,41.54999923706055,40.55500030517578,41.130001068115234,28559,0.0,0.0
2022-11-08 10:30:00-05:00,41.130001068115234,41.334999084472656,40.880001068115234,41.25,34973,0.0,0.0
2022-11-08 11:30:00-05:00,41.27000045776367,41.459999084472656,41.18000030517578,41.310001373291016,41103,0.0,0.0
2022-11-08 12:30:00-05:00,41.310001373291016,41.61000061035156,41.15999984741211,41.20000076293945,35490,0.0,0.0
2022-11-08 13:30:00-05:00,41.16999816894531,41.470001220703125,41.04499816894531,41.04499816894531,34522,0.0,0.0
2022-11-08 14:30:00-05:00,41.04100036621094,41.4900016784668,41.0,41.4900016784668,40629,0.0,0.0
2022-11-08 15:30:00-05:00,41.4900016784668,41.72999954223633,41.31999969482422,41.36000061035156,61384,0.0,0.0
2022-11-09 09:30:00-05:00,40.869998931884766,41.720001220703125,40.59000015258789,41.435001373291016,25451,0.0,0.0
2022-11-09 10:30:00-05:00,41.369998931884766,41.529998779296875,41.130401611328125,41.404998779296875,16330,0.0,0.0
2022-11-09 11:30:00-05:00,41.33000183105469,41.595001220703125,41.080101013183594,41.220001220703125,15010,0.0,0.0
2022-11-09 12:30:00-05:00,41.20000076293945,41.29999923706055,41.025001525878906,41.06999969482422,35156,0.0,0.0
2022-11-09 13:30:00-05:00,41.06999969482422,41.06999969482422,40.814998626708984,40.97999954223633,18566,0.0,0.0
2022-11-09 14:30:00-05:00,40.959999084472656,40.959999084472656,40.599998474121094,40.790000915527344,26238,0.0,0.0
2022-11-09 15:30:00-05:00,40.790000915527344,40.90999984741211,40.63999938964844,40.650001525878906,40683,0.0,0.0
2022-11-10 09:30:00-05:00,42.58000183105469,43.150001525878906,42.310001373291016,42.880001068115234,28442,0.0,0.0
2022-11-10 10:30:00-05:00,42.90999984741211,42.95000076293945,42.45000076293945,42.85710144042969,84433,0.0,0.0
2022-11-10 11:30:00-05:00,42.83000183105469,42.84000015258789,42.41999816894531,42.61000061035156,97898,0.0,0.0
2022-11-10 12:30:00-05:00,42.560001373291016,42.650001525878906,42.369998931884766,42.415000915527344,33126,0.0,0.0
2022-11-10 13:30:00-05:00,42.439998626708984,42.57500076293945,42.36000061035156,42.42499923706055,31755,0.0,0.0
2022-11-10 14:30:00-05:00,42.41999816894531,42.540000915527344,42.38999938964844,42.38999938964844,58014,0.0,0.0
2022-11-10 15:30:00-05:00,42.400001525878906,42.529998779296875,42.400001525878906,42.459999084472656,70465,0.0,0.0
2022-11-11 09:30:00-05:00,42.970001220703125,43.880001068115234,42.529998779296875,43.880001068115234,47120,0.0,0.0
2022-11-11 10:30:00-05:00,43.88999938964844,43.939998626708984,43.38999938964844,43.470001220703125,61917,0.0,0.0
2022-11-11 11:30:00-05:00,43.4900016784668,43.54999923706055,43.29999923706055,43.39500045776367,56523,0.0,0.0
2022-11-11 12:30:00-05:00,43.36000061035156,43.36000061035156,43.08000183105469,43.25,33528,0.0,0.0
2022-11-11 13:30:00-05:00,43.25,43.439998626708984,43.0099983215332,43.43000030517578,41819,0.0,0.0
2022-11-11 14:30:00-05:00,43.43000030517578,43.439998626708984,42.95000076293945,43.09000015258789,57986,0.0,0.0
2022-11-11 15:30:00-05:00,43.09000015258789,43.15999984741211,42.79999923706055,42.900001525878906,80941,0.0,0.0
2022-11-14 09:30:00-05:00,42.91999816894531,43.380001068115234,42.470001220703125,43.18000030517578,26097,0.0,0.0
2022-11-14 10:30:00-05:00,43.099998474121094,43.689998626708984,43.099998474121094,43.68000030517578,55469,0.0,0.0
2022-11-14 11:30:00-05:00,43.68000030517578,44.150001525878906,43.68000030517578,44.04999923706055,64416,0.0,0.0
2022-11-14 12:30:00-05:00,44.02000045776367,44.86000061035156,44.0099983215332,44.86000061035156,111843,0.0,0.0
2022-11-14 13:30:00-05:00,44.8650016784668,45.02000045776367,44.51499938964844,44.53499984741211,49664,0.0,0.0
2022-11-14 14:30:00-05:00,44.53499984741211,44.685001373291016,44.31999969482422,44.47999954223633,44582,0.0,0.0
2022-11-14 15:30:00-05:00,44.47999954223633,44.540000915527344,43.97999954223633,44.0,95539,0.0,0.0
2022-11-15 09:30:00-05:00,44.810001373291016,45.08000183105469,44.345001220703125,45.08000183105469,30742,0.0,0.0
2022-11-15 10:30:00-05:00,45.20000076293945,45.209999084472656,44.709999084472656,44.9900016784668,29966,0.0,0.0
2022-11-15 11:30:00-05:00,44.96500015258789,45.439998626708984,44.900001525878906,45.38999938964844,39306,0.0,0.0
2022-11-15 12:30:00-05:00,45.3650016784668,45.56999969482422,44.68000030517578,44.72999954223633,57988,0.0,0.0
2022-11-15 13:30:00-05:00,44.709999084472656,45.10499954223633,44.45000076293945,45.04999923706055,39323,0.0,0.0
2022-11-15 14:30:00-05:00,45.005001068115234,45.09000015258789,44.810001373291016,44.904998779296875,54248,0.0,0.0
2022-11-15 15:30:00-05:00,44.86000061035156,44.93000030517578,44.7400016784668,44.900001525878906,47768,0.0,0.0
2022-11-16 09:30:00-05:00,44.540000915527344,44.779998779296875,44.15999984741211,44.290000915527344,58606,0.0,0.0
2022-11-16 10:30:00-05:00,44.185001373291016,44.380001068115234,43.9900016784668,44.33000183105469,12055,0.0,0.0
2022-11-16 11:30:00-05:00,44.34000015258789,44.41999816894531,43.959999084472656,44.154998779296875,19754,0.0,0.0
2022-11-16 12:30:00-05:00,44.2400016784668,44.52000045776367,44.22999954223633,44.40299987792969,15515,0.0,0.0
2022-11-16 13:30:00-05:00,44.380001068115234,44.43000030517578,44.2599983215332,44.34000015258789,22313,0.0,0.0
2022-11-16 14:30:00-05:00,44.34000015258789,44.51499938964844,44.2599983215332,44.38999938964844,32963,0.0,0.0
2022-11-16 15:30:00-05:00,44.400001525878906,44.60499954223633,44.32120132446289,44.400001525878906,78310,0.0,0.0
2022-11-17 09:30:00-05:00,43.529998779296875,43.529998779296875,42.98099899291992,43.5,23833,0.0,0.0
2022-11-17 10:30:00-05:00,43.5,43.5,43.09000015258789,43.16999816894531,21254,0.0,0.0
2022-11-17 11:30:00-05:00,43.15999984741211,43.58000183105469,43.11000061035156,43.33000183105469,24983,0.0,0.0
2022-11-17 12:30:00-05:00,43.35499954223633,43.63999938964844,43.2599983215332,43.505001068115234,20220,0.0,0.0
2022-11-17 13:30:00-05:00,43.4900016784668,43.58000183105469,43.160099029541016,43.2400016784668,30090,0.0,0.0
2022-11-17 14:30:00-05:00,43.23500061035156,43.470001220703125,43.22999954223633,43.31999969482422,24954,0.0,0.0
2022-11-17 15:30:00-05:00,43.334999084472656,43.57500076293945,43.31999969482422,43.470001220703125,80278,0.0,0.0
2022-11-18 09:30:00-05:00,44.56999969482422,44.709999084472656,43.470001220703125,43.70000076293945,46800,0.0,0.0
2022-11-18 10:30:00-05:00,43.75,43.845001220703125,43.43000030517578,43.584999084472656,20364,0.0,0.0
2022-11-18 11:30:00-05:00,43.61000061035156,43.65999984741211,43.099998474121094,43.2400016784668,29526,0.0,0.0
2022-11-18 12:30:00-05:00,43.25,43.310001373291016,43.06999969482422,43.18000030517578,20342,0.0,0.0
2022-11-18 13:30:00-05:00,43.18000030517578,43.47999954223633,43.125,43.45500183105469,21505,0.0,0.0
2022-11-18 14:30:00-05:00,43.43000030517578,43.43000030517578,43.150001525878906,43.29499816894531,24553,0.0,0.0
2022-11-18 15:30:00-05:00,43.27000045776367,43.290000915527344,43.0,43.150001525878906,64006,0.0,0.0
2022-11-21 09:30:00-05:00,43.599998474121094,43.93000030517578,42.150001525878906,42.25,70129,0.0,0.0
2022-11-21 10:30:00-05:00,42.209999084472656,42.599998474121094,41.880001068115234,42.47999954223633,76497,0.0,0.0
2022-11-21 11:30:00-05:00,42.5,42.5099983215332,42.29999923706055,42.45000076293945,68687,0.0,0.0
2022-11-21 12:30:00-05:00,42.459999084472656,42.599998474121094,42.15999984741211,42.45000076293945,255628,0.0,0.0
2022-11-21 13:30:00-05:00,42.4900016784668,42.69499969482422,42.2400016784668,42.400001525878906,39463,0.0,0.0
2022-11-21 14:30:00-05:00,42.400001525878906,42.61000061035156,42.33000183105469,42.404998779296875,49433,0.0,0.0
2022-11-21 15:30:00-05:00,42.54999923706055,42.65999984741211,42.349998474121094,42.45000076293945,146515,0.0,0.0
2022-11-22 09:30:00-05:00,42.52000045776367,44.07500076293945,42.060001373291016,43.724998474121094,53149,0.0,0.0
2022-11-22 10:30:00-05:00,43.77000045776367,43.78499984741211,43.38999938964844,43.59000015258789,78486,0.0,0.0
2022-11-22 11:30:00-05:00,43.630001068115234,43.709999084472656,43.5099983215332,43.560001373291016,25291,0.0,0.0
2022-11-22 12:30:00-05:00,43.540000915527344,44.04999923706055,43.540000915527344,44.040000915527344,39496,0.0,0.0
2022-11-22 13:30:00-05:00,44.05500030517578,44.349998474121094,44.02000045776367,44.2400016784668,56303,0.0,0.0
2022-11-22 14:30:00-05:00,44.220001220703125,44.63999938964844,44.17499923706055,44.54999923706055,93899,0.0,0.0
2022-11-22 15:30:00-05:00,44.55099868774414,44.619998931884766,44.13999938964844,44.56999969482422,131383,0.0,0.0
2022-11-23 09:30:00-05:00,44.380001068115234,44.790000915527344,43.2599983215332,44.68000030517578,19345,0.0,0.0
2022-11-23 10:30:00-05:00,44.68000030517578,44.880001068115234,44.5099983215332,44.720001220703125,43773,0.0,0.0
2022-11-23 11:30:00-05:00,44.720001220703125,44.7400016784668,44.53499984741211,44.619998931884766,32308,0.0,0.0
2022-11-23 12:30:00-05:00,44.630001068115234,44.63999938964844,44.3307991027832,44.40999984741211,30205,0.0,0.0
2022-11-23 13:30:00-05:00,44.470001220703125,44.88999938964844,44.415000915527344,44.790000915527344,25574,0.0,0.0
2022-11-23 14:30:00-05:00,44.7599983215332,44.81999969482422,44.56999969482422,44.65999984741211,40438,0.0,0.0
2022-11-23 15:30:00-05:00,44.650001525878906,44.70000076293945,44.380001068115234,44.5,69337,0.0,0.0
2022-11-25 09:30:00-05:00,44.310001373291016,44.65999984741211,44.279998779296875,44.540000915527344,17812,0.0,0.0
2022-11-25 10:30:00-05:00,44.540000915527344,44.900001525878906,44.47999954223633,44.6349983215332,26142,0.0,0.0
2022-11-25 11:30:00-05:00,44.560001373291016,44.86000061035156,44.560001373291016,44.590999603271484,27479,0.0,0.0
2022-11-28 09:30:00-05:00,44.29999923706055,44.970001220703125,43.77000045776367,44.744998931884766,59673,0.0,0.0
2022-11-28 10:30:00-05:00,44.7400016784668,44.9900016784668,44.56010055541992,44.81999969482422,87644,0.0,0.0
2022-11-28 11:30:00-05:00,44.79999923706055,45.040000915527344,44.713401794433594,45.0,72677,0.0,0.0
2022-11-28 12:30:00-05:00,44.97999954223633,45.275001525878906,44.88999938964844,45.27000045776367,62497,0.0,0.0
2022-11-28 13:30:00-05:00,45.26499938964844,45.529998779296875,45.20000076293945,45.5,86404,0.0,0.0
2022-11-28 14:30:00-05:00,45.519901275634766,45.650001525878906,45.11000061035156,45.13999938964844,53958,0.0,0.0
2022-11-28 15:30:00-05:00,45.11000061035156,45.38999938964844,45.04999923706055,45.2599983215332,121437,0.0,0.0
2022-11-29 09:30:00-05:00,43.81999969482422,44.79999923706055,43.81999969482422,44.3849983215332,39593,0.0,0.0
2022-11-29 10:30:00-05:00,44.41999816894531,44.66999816894531,43.959999084472656,44.474998474121094,136825,0.0,0.0
2022-11-29 11:30:00-05:00,44.46500015258789,44.92499923706055,44.1875,44.85499954223633,54816,0.0,0.0
2022-11-29 12:30:00-05:00,44.85499954223633,45.04999923706055,44.81999969482422,44.88999938964844,38016,0.0,0.0
2022-11-29 13:30:00-05:00,44.88999938964844,45.220001220703125,44.849998474121094,45.13999938964844,30429,0.0,0.0
2022-11-29 14:30:00-05:00,45.150001525878906,45.32500076293945,45.0099983215332,45.29999923706055,35958,0.0,0.0
2022-11-29 15:30:00-05:00,45.29999923706055,45.529998779296875,45.08000183105469,45.09000015258789,99487,0.0,0.0
2022-11-30 09:30:00-05:00,45.27000045776367,45.650001525878906,44.494998931884766,44.58000183105469,17878,0.0,0.0
2022-11-30 10:30:00-05:00,44.56999969482422,44.66999816894531,44.43000030517578,44.66999816894531,21234,0.0,0.0
2022-11-30 11:30:00-05:00,44.744998931884766,44.83000183105469,44.31999969482422,44.43000030517578,14437,0.0,0.0
2022-11-30 12:30:00-05:00,44.41999816894531,44.53499984741211,44.3129997253418,44.400001525878906,23397,0.0,0.0
2022-11-30 13:30:00-05:00,44.400001525878906,45.11000061035156,44.369998931884766,45.0,39580,0.0,0.0
2022-11-30 14:30:00-05:00,45.08000183105469,45.08000183105469,44.810001373291016,44.9900016784668,27693,0.0,0.0
2022-11-30 15:30:00-05:00,45.029998779296875,45.154998779296875,44.91999816894531,45.04999923706055,129558,0.0,0.0
2022-12-01 09:30:00-05:00,45.099998474121094,45.36989974975586,44.5099983215332,44.61000061035156,59360,0.0,0.0
2022-12-01 10:30:00-05:00,44.4900016784668,44.92150115966797,44.43000030517578,44.77000045776367,35425,0.0,0.0
2022-12-01 11:30:00-05:00,44.790000915527344,44.939998626708984,44.59000015258789,44.70500183105469,31327,0.0,0.0
2022-12-01 12:30:00-05:00,44.73500061035156,44.79999923706055,44.45000076293945,44.51499938964844,35505,0.0,0.0
2022-12-01 13:30:00-05:00,44.4900016784668,44.665000915527344,44.470001220703125,44.61000061035156,33293,0.0,0.0
2022-12-01 14:30:00-05:00,44.64500045776367,44.67499923706055,44.380001068115234,44.40999984741211,31894,0.0,0.0
2022-12-01 15:30:00-05:00,44.40999984741211,44.560001373291016,44.369998931884766,44.369998931884766,56640,0.0,0.0
2022-12-02 09:30:00-05:00,43.90999984741211,44.180999755859375,43.54999923706055,43.58000183105469,26996,0.0,0.0
2022-12-02 10:30:00-05:00,43.540000915527344,43.95500183105469,43.540000915527344,43.88999938964844,22350,0.0,0.0
2022-12-02 11:30:00-05:00,43.8849983215332,43.939998626708984,43.7400016784668,43.810001373291016,20415,0.0,0.0
2022-12-02 12:30:00-05:00,43.81999969482422,43.83000183105469,43.439998626708984,43.439998626708984,36668,0.0,0.0
2022-12-02 13:30:00-05:00,43.470001220703125,43.5099983215332,43.35100173950195,43.42499923706055,26670,0.0,0.0
2022-12-02 14:30:00-05:00,43.400001525878906,44.2599983215332,43.380001068115234,44.005001068115234,55826,0.0,0.0
2022-12-02 15:30:00-05:00,43.9900016784668,43.9900016784668,43.6609992980957,43.709999084472656,44923,0.0,0.0
2022-12-05 09:30:00-05:00,43.560001373291016,44.0099983215332,43.11000061035156,43.51499938964844,26444,0.0,0.0
2022-12-05 10:30:00-05:00,43.435001373291016,43.5,43.2599983215332,43.34000015258789,14829,0.0,0.0
2022-12-05 11:30:00-05:00,43.29999923706055,43.31999969482422,43.130001068115234,43.220001220703125,16358,0.0,0.0
2022-12-05 12:30:00-05:00,43.2400016784668,43.25,43.119998931884766,43.14500045776367,12682,0.0,0.0
2022-12-05 13:30:00-05:00,43.14500045776367,43.27000045776367,43.09000015258789,43.095001220703125,18193,0.0,0.0
2022-12-05 14:30:00-05:00,43.09000015258789,43.119998931884766,43.02000045776367,43.04999923706055,21516,0.0,0.0
2022-12-05 15:30:00-05:00,43.060001373291016,43.20500183105469,43.04999923706055,43.06999969482422,39914,0.0,0.0
2022-12-06 09:30:00-05:00,43.099998474121094,44.77000045776367,42.52000045776367,42.630001068115234,22404,0.0,0.0
2022-12-06 10:30:00-05:00,42.66999816894531,42.810001373291016,42.36000061035156,42.36000061035156,36625,0.0,0.0
2022-12-06 11:30:00-05:00,42.400001525878906,42.45000076293945,42.279998779296875,42.40999984741211,86828,0.0,0.0
2022-12-06 12:30:00-05:00,42.41999816894531,42.650001525878906,42.404998779296875,42.40999984741211,30059,0.0,0.0
2022-12-06 13:30:00-05:00,42.43000030517578,42.61000061035156,42.3849983215332,42.54999923706055,26651,0.0,0.0
2022-12-06 14:30:00-05:00,42.52000045776367,42.77000045776367,42.494998931884766,42.72999954223633,44975,0.0,0.0
2022-12-06 15:30:00-05:00,42.724998474121094,43.150001525878906,42.724998474121094,43.150001525878906,46250,0.0,0.0
2022-12-07 09:30:00-05:00,43.08000183105469,43.310001373291016,42.744998931884766,42.84000015258789,14132,0.0,0.0
2022-12-07 10:30:00-05:00,42.939998626708984,43.38999938964844,42.84000015258789,43.08000183105469,13277,0.0,0.0
2022-12-07 11:30:00-05:00,43.119998931884766,43.2599983215332,43.029998779296875,43.099998474121094,17311,0.0,0.0
2022-12-07 12:30:00-05:00,43.09000015258789,43.560001373291016,43.09000015258789,43.560001373291016,18794,0.0,0.0
2022-12-07 13:30:00-05:00,43.529998779296875,43.79999923706055,43.369998931884766,43.369998931884766,34111,0.0,0.0
2022-12-07 14:30:00-05:00,43.33000183105469,43.40999984741211,43.06999969482422,43.09000015258789,16776,0.0,0.0
2022-12-07 15:30:00-05:00,43.08000183105469,43.255001068115234,42.79999923706055,42.95000076293945,54280,0.0,0.0
2022-12-08 09:30:00-05:00,43.380001068115234,43.72999954223633,42.81999969482422,43.56999969482422,16004,0.0,0.0
2022-12-08 10:30:00-05:00,43.47999954223633,44.040000915527344,43.41999816894531,43.47999954223633,33193,0.0,0.0
2022-12-08 11:30:00-05:00,43.45000076293945,43.46500015258789,43.09000015258789,43.125,12950,0.0,0.0
2022-12-08 12:30:00-05:00,43.130001068115234,43.220001220703125,42.97999954223633,43.220001220703125,10694,0.0,0.0
2022-12-08 13:30:00-05:00,43.290000915527344,43.375,43.060001373291016,43.060001373291016,23903,0.0,0.0
2022-12-08 14:30:00-05:00,42.9900016784668,43.14500045776367,42.95000076293945,43.119998931884766,31860,0.0,0.0
2022-12-08 15:30:00-05:00,43.130001068115234,43.279998779296875,43.029998779296875,43.2400016784668,25334,0.0,0.0
2022-12-09 09:30:00-05:00,43.130001068115234,43.29990005493164,42.560001373291016,43.20000076293945,14342,0.0,0.0
2022-12-09 10:30:00-05:00,43.2599983215332,43.33000183105469,42.970001220703125,43.165000915527344,15315,0.0,0.0
2022-12-09 11:30:00-05:00,43.14500045776367,43.290000915527344,43.130001068115234,43.154998779296875,14028,0.0,0.0
2022-12-09 12:30:00-05:00,43.16999816894531,43.27000045776367,43.07500076293945,43.154998779296875,16281,0.0,0.0
2022-12-09 13:30:00-05:00,43.154998779296875,43.18000030517578,42.900001525878906,43.040000915527344,19811,0.0,0.0
2022-12-09 14:30:00-05:00,43.029998779296875,43.314998626708984,43.0099983215332,43.220001220703125,21680,0.0,0.0
2022-12-09 15:30:00-05:00,43.189998626708984,43.23500061035156,42.900001525878906,42.90999984741211,71416,0.0,0.0
2022-12-12 09:30:00-05:00,42.720001220703125,43.86000061035156,42.720001220703125,43.779998779296875,61193,0.0,0.0
2022-12-12 10:30:00-05:00,43.75,44.095001220703125,43.59000015258789,44.060001373291016,42098,0.0,0.0
2022-12-12 11:30:00-05:00,44.060001373291016,44.13999938964844,43.83000183105469,43.849998474121094,36937,0.0,0.0
2022-12-12 12:30:00-05:00,43.869998931884766,44.099998474121094,43.619998931884766,43.619998931884766,25756,0.0,0.0
2022-12-12 13:30:00-05:00,43.659000396728516,43.81999969482422,43.560001373291016,43.72999954223633,26369,0.0,0.0
2022-12-12 14:30:00-05:00,43.709999084472656,44.04999923706055,43.69499969482422,44.0099983215332,24198,0.0,0.0
2022-12-12 15:30:00-05:00,44.040000915527344,44.189998626708984,43.95000076293945,44.099998474121094,74930,0.0,0.0
2022-12-13 09:30:00-05:00,45.09000015258789,45.32500076293945,44.41999816894531,44.5099983215332,52732,0.0,0.0
2022-12-13 10:30:00-05:00,44.44499969482422,44.45000076293945,44.11000061035156,44.349998474121094,26199,0.0,0.0
2022-12-13 11:30:00-05:00,44.43000030517578,44.459999084472656,43.880001068115234,43.93000030517578,23250,0.0,0.0
2022-12-13 12:30:00-05:00,43.900001525878906,44.0,43.77000045776367,43.874000549316406,80729,0.0,0.0
2022-12-13 13:30:00-05:00,43.935001373291016,43.939998626708984,43.720001220703125,43.89500045776367,28976,0.0,0.0
2022-12-13 14:30:00-05:00,43.900001525878906,43.959999084472656,43.68669891357422,43.79999923706055,83237,0.0,0.0
2022-12-13 15:30:00-05:00,43.82500076293945,43.959999084472656,43.75,43.900001525878906,150476,0.0,0.0
2022-12-14 09:30:00-05:00,43.369998931884766,43.560001373291016,43.130001068115234,43.189998626708984,42022,0.0,0.0
2022-12-14 10:30:00-05:00,43.209999084472656,43.310001373291016,43.03499984741211,43.25,57555,0.0,0.0
2022-12-14 11:30:00-05:00,43.2599983215332,43.279998779296875,42.939998626708984,43.119998931884766,60246,0.0,0.0
2022-12-14 12:30:00-05:00,43.11000061035156,43.20500183105469,43.04499816894531,43.16999816894531,32610,0.0,0.0
2022-12-14 13:30:00-05:00,43.16999816894531,43.279998779296875,42.61259841918945,42.88999938964844,52677,0.0,0.0
2022-12-14 14:30:00-05:00,42.880001068115234,43.22999954223633,42.369998931884766,42.68000030517578,70753,0.0,0.0
2022-12-14 15:30:00-05:00,42.63999938964844,43.060001373291016,42.560001373291016,42.9900016784668,62844,0.0,0.0
2022-12-15 09:30:00-05:00,42.9900016784668,43.13999938964844,42.18000030517578,42.654998779296875,74789,0.0,0.0
2022-12-15 10:30:00-05:00,42.709999084472656,42.779998779296875,42.029998779296875,42.060001373291016,34374,0.0,0.0
2022-12-15 11:30:00-05:00,42.060001373291016,42.27000045776367,41.95000076293945,42.16999816894531,28512,0.0,0.0
2022-12-15 12:30:00-05:00,42.20000076293945,42.22999954223633,41.75,41.82500076293945,34103,0.0,0.0
2022-12-15 13:30:00-05:00,41.810001373291016,41.93000030517578,41.709999084472656,41.81999969482422,29677,0.0,0.0
2022-12-15 14:30:00-05:00,41.834999084472656,42.01499938964844,41.72999954223633,42.0,36808,0.0,0.0
2022-12-15 15:30:00-05:00,41.999000549316406,42.04899978637695,41.70000076293945,42.0099983215332,57700,0.0,0.0
2022-12-16 09:30:00-05:00,41.720001220703125,41.97999954223633,41.040000915527344,41.880001068115234,0,0.0,0.0
2022-12-16 10:30:00-05:00,41.95000076293945,42.439998626708984,41.84000015258789,42.314998626708984,43067,0.0,0.0
2022-12-16 11:30:00-05:00,42.36000061035156,42.41999816894531,42.09000015258789,42.15999984741211,32202,0.0,0.0
2022-12-16 12:30:00-05:00,42.165000915527344,42.2400016784668,41.79999923706055,41.8650016784668,32319,0.0,0.0
2022-12-16 13:30:00-05:00,41.810001373291016,42.040000915527344,41.790000915527344,42.02000045776367,35605,0.0,0.0
2022-12-16 14:30:00-05:00,42.02000045776367,42.16999816894531,41.959999084472656,42.119998931884766,40867,0.0,0.0
2022-12-16 15:30:00-05:00,42.15999984741211,42.22999954223633,41.95000076293945,42.0,73782,0.0,0.0
2022-12-19 09:30:00-05:00,42.0,42.2400016784668,41.45000076293945,41.90999984741211,61069,0.0,0.0
2022-12-19 10:30:00-05:00,41.880001068115234,41.959999084472656,41.36000061035156,41.525001525878906,42316,0.0,0.0
2022-12-19 11:30:00-05:00,41.54999923706055,41.619998931884766,41.375,41.41999816894531,35423,0.0,0.0
2022-12-19 12:30:00-05:00,41.349998474121094,41.349998474121094,41.119998931884766,41.2599983215332,26235,0.0,0.0
2022-12-19 13:30:00-05:00,41.244998931884766,41.43000030517578,41.099998474121094,41.38999938964844,54605,0.0,0.0
2022-12-19 14:30:00-05:00,41.380001068115234,41.48500061035156,40.970001220703125,41.15999984741211,57996,0.0,0.0
2022-12-19 15:30:00-05:00,41.18000030517578,41.27000045776367,41.06999969482422,41.09000015258789,42996,0.0,0.0
2022-12-20 09:30:00-05:00,40.9900016784668,41.56999969482422,40.58000183105469,41.560001373291016,21599,0.0,0.0
2022-12-20 10:30:00-05:00,41.564998626708984,41.68000030517578,41.060001373291016,41.150001525878906,26828,0.0,0.0
2022-12-20 11:30:00-05:00,41.16999816894531,41.25,41.09000015258789,41.15999984741211,21934,0.0,0.0
2022-12-20 12:30:00-05:00,41.15999984741211,41.34000015258789,41.02000045776367,41.310001373291016,20621,0.0,0.0
2022-12-20 13:30:00-05:00,41.349998474121094,41.5099983215332,41.349998474121094,41.474998474121094,13890,0.0,0.0
2022-12-20 14:30:00-05:00,41.43000030517578,41.470001220703125,41.310001373291016,41.45000076293945,21186,0.0,0.0
2022-12-20 15:30:00-05:00,41.41999816894531,41.560001373291016,41.400001525878906,41.43000030517578,43643,0.0,0.0
2022-12-21 09:30:00-05:00,41.75,41.84000015258789,40.91999816894531,41.040000915527344,29762,0.0,0.0
2022-12-21 10:30:00-05:00,41.03499984741211,41.34000015258789,40.97999954223633,41.27000045776367,35439,0.0,0.0
2022-12-21 11:30:00-05:00,41.279998779296875,41.38999938964844,41.209999084472656,41.349998474121094,17095,0.0,0.0
2022-12-21 12:30:00-05:00,41.380001068115234,41.72999954223633,41.380001068115234,41.5,19569,0.0,0.0
2022-12-21 13:30:00-05:00,41.45500183105469,41.45500183105469,41.150001525878906,41.150001525878906,25673,0.0,0.0
2022-12-21 14:30:00-05:00,41.130001068115234,41.130001068115234,40.90999984741211,40.90999984741211,29488,0.0,0.0
2022-12-21 15:30:00-05:00,40.91999816894531,40.939998626708984,40.72999954223633,40.7400016784668,99131,0.0,0.0
2022-12-22 09:30:00-05:00,40.5,40.625,39.45000076293945,39.494998931884766,48838,0.0,0.0
2022-12-22 10:30:00-05:00,39.4900016784668,39.4900016784668,39.220001220703125,39.25149917602539,44142,0.0,0.0
2022-12-22 11:30:00-05:00,39.27000045776367,39.27000045776367,38.93000030517578,39.189998626708984,45576,0.0,0.0
2022-12-22 12:30:00-05:00,39.15999984741211,39.279998779296875,38.790000915527344,38.880001068115234,47795,0.0,0.0
2022-12-22 13:30:00-05:00,38.810001373291016,39.13999938964844,38.709999084472656,39.13999938964844,45549,0.0,0.0
2022-12-22 14:30:00-05:00,39.119998931884766,39.525001525878906,39.11000061035156,39.525001525878906,31338,0.0,0.0
2022-12-22 15:30:00-05:00,39.52000045776367,39.540000915527344,39.279998779296875,39.540000915527344,64177,0.0,0.0
2022-12-23 09:30:00-05:00,39.47999954223633,39.659000396728516,38.900001525878906,39.599998474121094,21116,0.0,0.0
2022-12-23 10:30:00-05:00,39.6349983215332,39.78900146484375,39.38999938964844,39.47999954223633,15358,0.0,0.0
2022-12-23 11:30:00-05:00,39.47999954223633,39.630001068115234,39.43000030517578,39.59000015258789,32033,0.0,0.0
2022-12-23 12:30:00-05:00,39.61000061035156,39.790000915527344,39.56999969482422,39.78499984741211,25509,0.0,0.0
2022-12-23 13:30:00-05:00,39.77000045776367,39.849998474121094,39.72999954223633,39.81999969482422,19577,0.0,0.0
2022-12-23 14:30:00-05:00,39.79999923706055,40.040000915527344,39.79999923706055,39.93000030517578,31328,0.0,0.0
2022-12-23 15:30:00-05:00,39.959999084472656,40.08000183105469,39.939998626708984,40.060001373291016,26018,0.0,0.0
2022-12-27 09:30:00-05:00,40.11000061035156,40.720001220703125,39.97999954223633,40.64500045776367,35935,0.0,0.0
2022-12-27 10:30:00-05:00,40.67900085449219,40.790000915527344,40.48500061035156,40.6150016784668,35963,0.0,0.0
2022-12-27 11:30:00-05:00,40.630001068115234,40.630001068115234,40.415000915527344,40.41999816894531,32437,0.0,0.0
2022-12-27 12:30:00-05:00,40.400001525878906,40.470001220703125,40.279998779296875,40.30500030517578,23922,0.0,0.0
2022-12-27 13:30:00-05:00,40.30500030517578,40.439998626708984,40.25,40.26499938964844,27299,0.0,0.0
2022-12-27 14:30:00-05:00,40.279998779296875,40.41999816894531,40.22999954223633,40.32500076293945,35610,0.0,0.0
2022-12-27 15:30:00-05:00,40.3390007019043,40.38999938964844,40.2599983215332,40.34000015258789,53695,0.0,0.0
2022-12-28 09:30:00-05:00,40.290000915527344,40.597801208496094,39.560001373291016,39.7400016784668,28391,0.0,0.0
2022-12-28 10:30:00-05:00,39.79999923706055,39.90999984741211,39.3849983215332,39.41999816894531,38018,0.0,0.0
2022-12-28 11:30:00-05:00,39.41999816894531,39.439998626708984,39.06999969482422,39.20000076293945,53126,0.0,0.0
2022-12-28 12:30:00-05:00,39.21500015258789,39.58000183105469,39.21500015258789,39.29999923706055,37810,0.0,0.0
2022-12-28 13:30:00-05:00,39.279998779296875,39.279998779296875,38.90999984741211,39.125,55773,0.0,0.0
2022-12-28 14:30:00-05:00,39.099998474121094,39.150001525878906,38.86000061035156,38.91999816894531,35036,0.0,0.0
2022-12-28 15:30:00-05:00,38.959999084472656,39.13999938964844,38.959999084472656,38.970001220703125,48085,0.0,0.0
2022-12-29 09:30:00-05:00,39.0,39.77000045776367,38.849998474121094,39.689998626708984,34394,0.0,0.0
2022-12-29 10:30:00-05:00,39.68000030517578,39.90999984741211,39.619998931884766,39.720001220703125,13455,0.0,0.0
2022-12-29 11:30:00-05:00,39.75,40.25,39.75,40.13999938964844,19573,0.0,0.0
2022-12-29 12:30:00-05:00,40.11000061035156,40.27000045776367,40.029998779296875,40.15999984741211,21436,0.0,0.0
2022-12-29 13:30:00-05:00,40.15999984741211,40.29499816894531,40.11000061035156,40.220001220703125,19704,0.0,0.0
2022-12-29 14:30:00-05:00,40.2400016784668,40.334999084472656,39.94499969482422,40.0099983215332,31715,0.0,0.0
2022-12-29 15:30:00-05:00,40.0099983215332,40.13999938964844,39.939998626708984,40.060001373291016,56689,0.0,0.0
2022-12-30 09:30:00-05:00,39.75,40.20500183105469,39.099998474121094,40.20500183105469,26104,0.0,0.0
2022-12-30 10:30:00-05:00,40.189998626708984,40.22999954223633,39.93000030517578,39.95000076293945,31399,0.0,0.0
2022-12-30 11:30:00-05:00,39.92499923706055,40.05500030517578,39.7400016784668,39.7400016784668,22432,0.0,0.0
2022-12-30 12:30:00-05:00,39.779998779296875,39.92499923706055,39.599998474121094,39.69089889526367,14598,0.0,0.0
2022-12-30 13:30:00-05:00,39.70000076293945,39.814998626708984,39.6150016784668,39.619998931884766,22050,0.0,0.0
2022-12-30 14:30:00-05:00,39.63999938964844,39.81999969482422,39.459999084472656,39.724998474121094,32026,0.0,0.0
2022-12-30 15:30:00-05:00,39.720001220703125,40.17499923706055,39.70000076293945,40.0,92277,0.0,0.0
2023-01-03 09:30:00-05:00,40.439998626708984,40.78499984741211,39.95000076293945,40.619998931884766,138071,0.0,0.0
2023-01-03 10:30:00-05:00,40.66999816894531,41.5,40.66999816894531,41.33000183105469,187153,0.0,0.0
2023-01-03 11:30:00-05:00,41.310001373291016,41.34000015258789,40.93000030517578,40.95000076293945,294224,0.0,0.0
2023-01-03 12:30:00-05:00,40.970001220703125,41.290000915527344,40.86000061035156,41.290000915527344,76163,0.0,0.0
2023-01-03 13:30:00-05:00,41.22999954223633,41.290000915527344,40.849998474121094,40.9900016784668,240381,0.0,0.0
2023-01-03 14:30:00-05:00,40.9900016784668,41.29999923706055,40.95000076293945,41.099998474121094,164814,0.0,0.0
2023-01-03 15:30:00-05:00,41.119998931884766,41.209999084472656,40.790000915527344,40.79999923706055,150033,0.0,0.0
2023-01-04 09:30:00-05:00,41.11000061035156,41.68000030517578,40.95000076293945,41.439998626708984,38189,0.0,0.0
2023-01-04 10:30:00-05:00,41.452999114990234,42.209999084472656,41.439998626708984,42.08000183105469,102290,0.0,0.0
2023-01-04 11:30:00-05:00,42.150001525878906,42.75,42.150001525878906,42.70000076293945,42979,0.0,0.0
2023-01-04 12:30:00-05:00,42.71500015258789,42.86000061035156,42.439998626708984,42.720001220703125,36048,0.0,0.0
2023-01-04 13:30:00-05:00,42.72999954223633,43.040000915527344,42.474998474121094,42.4900016784668,53634,0.0,0.0
2023-01-04 14:30:00-05:00,42.4900016784668,42.79999923706055,42.4900016784668,42.66999816894531,54342,0.0,0.0
2023-01-04 15:30:00-05:00,42.650001525878906,42.88999938964844,42.47999954223633,42.880001068115234,67940,0.0,0.0
2023-01-05 09:30:00-05:00,42.61000061035156,43.290000915527344,42.33399963378906,43.27000045776367,27265,0.0,0.0
2023-01-05 10:30:00-05:00,43.279998779296875,43.29499816894531,42.47999954223633,42.560001373291016,31132,0.0,0.0
2023-01-05 11:30:00-05:00,42.58000183105469,42.77000045776367,42.529998779296875,42.6349983215332,20657,0.0,0.0
2023-01-05 12:30:00-05:00,42.63999938964844,42.77000045776367,42.25,42.63999938964844,34588,0.0,0.0
2023-01-05 13:30:00-05:00,42.619998931884766,42.709999084472656,42.439998626708984,42.665000915527344,37424,0.0,0.0
2023-01-05 14:30:00-05:00,42.68000030517578,42.939998626708984,42.68000030517578,42.810001373291016,46985,0.0,0.0
2023-01-05 15:30:00-05:00,42.790000915527344,42.86000061035156,42.67499923706055,42.79999923706055,83082,0.0,0.0
2023-01-06 09:30:00-05:00,43.099998474121094,43.54999923706055,42.81999969482422,43.54999923706055,32381,0.0,0.0
2023-01-06 10:30:00-05:00,43.58000183105469,43.689998626708984,43.44499969482422,43.540000915527344,32485,0.0,0.0
2023-01-06 11:30:00-05:00,43.529998779296875,43.900001525878906,43.529998779296875,43.6150016784668,37602,0.0,0.0
2023-01-06 12:30:00-05:00,43.6150016784668,43.650001525878906,43.459999084472656,43.58000183105469,39808,0.0,0.0
2023-01-06 13:30:00-05:00,43.55500030517578,43.70750045776367,43.55500030517578,43.630001068115234,42746,0.0,0.0
2023-01-06 14:30:00-05:00,43.6150016784668,43.7400016784668,43.36000061035156,43.65999984741211,63195,0.0,0.0
2023-01-06 15:30:00-05:00,43.65999984741211,43.68000030517578,43.38999938964844,43.470001220703125,79245,0.0,0.0
2023-01-09 09:30:00-05:00,43.84000015258789,44.10499954223633,43.5,44.10499954223633,49525,0.0,0.0
2023-01-09 10:30:00-05:00,44.06999969482422,44.130001068115234,43.779998779296875,43.779998779296875,47603,0.0,0.0
2023-01-09 11:30:00-05:00,43.7599983215332,44.040000915527344,43.63999938964844,43.959999084472656,21747,0.0,0.0
2023-01-09 12:30:00-05:00,43.959999084472656,44.04999923706055,43.76499938964844,44.04999923706055,34666,0.0,0.0
2023-01-09 13:30:00-05:00,44.04999923706055,44.04999923706055,43.54999923706055,43.63999938964844,25238,0.0,0.0
2023-01-09 14:30:00-05:00,43.630001068115234,43.630001068115234,43.310001373291016,43.3650016784668,54066,0.0,0.0
2023-01-09 15:30:00-05:00,43.3650016784668,43.3650016784668,43.040000915527344,43.22999954223633,134692,0.0,0.0
2023-01-10 09:30:00-05:00,43.189998626708984,43.38999938964844,42.72999954223633,42.959999084472656,27069,0.0,0.0
2023-01-10 10:30:00-05:00,42.94499969482422,42.94499969482422,42.3849983215332,42.3849983215332,40469,0.0,0.0
2023-01-10 11:30:00-05:00,42.409000396728516,42.77000045776367,42.2400016784668,42.66999816894531,25954,0.0,0.0
2023-01-10 12:30:00-05:00,42.650001525878906,42.689998626708984,42.45000076293945,42.53499984741211,24017,0.0,0.0
2023-01-10 13:30:00-05:00,42.560001373291016,42.814701080322266,42.459999084472656,42.79499816894531,39727,0.0,0.0
2023-01-10 14:30:00-05:00,42.790000915527344,43.0099983215332,42.7599983215332,42.89500045776367,40350,0.0,0.0
2023-01-10 15:30:00-05:00,42.900001525878906,43.2400016784668,42.810001373291016,43.22999954223633,72523,0.0,0.0
2023-01-11 09:30:00-05:00,42.5099983215332,43.4900016784668,42.5099983215332,43.459999084472656,46625,0.0,0.0
2023-01-11 10:30:00-05:00,43.40999984741211,43.40999984741211,43.09000015258789,43.13999938964844,36850,0.0,0.0
2023-01-11 11:30:00-05:00,43.15999984741211,43.279998779296875,43.040000915527344,43.040000915527344,18851,0.0,0.0
2023-01-11 12:30:00-05:00,43.02000045776367,43.310001373291016,42.970001220703125,43.220001220703125,30290,0.0,0.0
2023-01-11 13:30:00-05:00,43.189998626708984,43.22999954223633,42.959999084472656,43.0099983215332,39033,0.0,0.0
2023-01-11 14:30:00-05:00,43.0099983215332,43.119998931884766,42.970001220703125,43.0,45714,0.0,0.0
2023-01-11 15:30:00-05:00,43.005001068115234,43.29999923706055,42.9900016784668,43.279998779296875,85295,0.0,0.0
2023-01-12 09:30:00-05:00,43.349998474121094,43.709999084472656,43.11000061035156,43.474998474121094,23858,0.0,0.0
2023-01-12 10:30:00-05:00,43.470001220703125,43.59000015258789,43.25,43.334999084472656,16492,0.0,0.0
2023-01-12 11:30:00-05:00,43.369998931884766,43.540000915527344,43.310001373291016,43.459999084472656,26379,0.0,0.0
2023-01-12 12:30:00-05:00,43.439998626708984,43.689998626708984,43.34000015258789,43.34000015258789,19894,0.0,0.0
2023-01-12 13:30:00-05:00,43.29999923706055,43.6349983215332,43.209999084472656,43.38999938964844,25639,0.0,0.0
2023-01-12 14:30:00-05:00,43.38999938964844,43.61000061035156,43.25,43.33000183105469,32004,0.0,0.0
2023-01-12 15:30:00-05:00,43.310001373291016,43.40999984741211,43.15999984741211,43.2400016784668,61421,0.0,0.0
2023-01-13 09:30:00-05:00,42.959999084472656,43.290000915527344,42.54999923706055,43.209999084472656,26658,0.0,0.0
2023-01-13 10:30:00-05:00,43.209999084472656,43.209999084472656,42.849998474121094,42.95500183105469,17570,0.0,0.0
2023-01-13 11:30:00-05:00,42.9900016784668,43.20000076293945,42.9900016784668,43.022701263427734,27712,0.0,0.0
2023-01-13 12:30:00-05:00,43.0,43.08000183105469,42.92319869995117,43.02000045776367,13665,0.0,0.0
2023-01-13 13:30:00-05:00,43.0099983215332,43.22999954223633,43.0099983215332,43.150001525878906,20708,0.0,0.0
2023-01-13 14:30:00-05:00,43.16999816894531,43.470001220703125,43.130001068115234,43.459999084472656,20297,0.0,0.0
2023-01-13 15:30:00-05:00,43.48500061035156,43.650001525878906,43.43000030517578,43.54999923706055,57228,0.0,0.0
2023-01-17 09:30:00-05:00,43.540000915527344,44.224998474121094,43.529998779296875,43.83000183105469,15830,0.0,0.0
2023-01-17 10:30:00-05:00,43.810001373291016,43.869998931884766,43.650001525878906,43.81999969482422,16402,0.0,0.0
2023-01-17 11:30:00-05:00,43.8849983215332,43.92499923706055,43.709999084472656,43.77000045776367,13062,0.0,0.0
2023-01-17 12:30:00-05:00,43.77000045776367,43.92499923706055,43.73609924316406,43.81999969482422,21380,0.0,0.0
2023-01-17 13:30:00-05:00,43.86000061035156,43.869998931884766,43.33000183105469,43.34000015258789,18698,0.0,0.0
2023-01-17 14:30:00-05:00,43.349998474121094,43.709999084472656,43.33000183105469,43.65999984741211,26350,0.0,0.0
2023-01-17 15:30:00-05:00,43.665000915527344,43.7599983215332,43.43000030517578,43.650001525878906,51328,0.0,0.0
2023-01-18 09:30:00-05:00,44.08000183105469,44.150001525878906,43.880001068115234,44.064998626708984,19543,0.0,0.0
2023-01-18 10:30:00-05:00,43.959999084472656,44.04999923706055,43.33000183105469,43.43000030517578,32781,0.0,0.0
2023-01-18 11:30:00-05:00,43.43000030517578,43.45000076293945,42.790000915527344,42.970001220703125,32675,0.0,0.0
2023-01-18 12:30:00-05:00,42.96500015258789,43.02000045776367,42.83000183105469,42.970001220703125,23032,0.0,0.0
2023-01-18 13:30:00-05:00,42.9900016784668,43.14500045776367,42.810001373291016,43.0,38740,0.0,0.0
2023-01-18 14:30:00-05:00,43.0,43.005001068115234,42.7400016784668,42.9468994140625,33926,0.0,0.0
2023-01-18 15:30:00-05:00,42.970001220703125,42.970001220703125,42.81999969482422,42.900001525878906,43779,0.0,0.0
2023-01-19 09:30:00-05:00,42.7400016784668,42.814998626708984,42.290000915527344,42.79999923706055,14684,0.0,0.0
2023-01-19 10:30:00-05:00,42.7599983215332,42.86000061035156,42.400001525878906,42.43000030517578,20192,0.0,0.0
2023-01-19 11:30:00-05:00,42.43000030517578,42.75,42.43000030517578,42.59000015258789,20666,0.0,0.0
2023-01-19 12:30:00-05:00,42.56999969482422,42.7400016784668,42.459999084472656,42.68000030517578,16989,0.0,0.0
2023-01-19 13:30:00-05:00,42.77000045776367,42.959999084472656,42.72999954223633,42.900001525878906,17597,0.0,0.0
2023-01-19 14:30:00-05:00,42.97999954223633,43.01499938964844,42.779998779296875,42.84000015258789,24182,0.0,0.0
2023-01-19 15:30:00-05:00,42.84000015258789,42.875,42.755001068115234,42.83000183105469,39144,0.0,0.0
2023-01-20 09:30:00-05:00,43.31999969482422,43.900001525878906,42.83000183105469,43.66999816894531,57375,0.0,0.0
2023-01-20 10:30:00-05:00,43.7599983215332,44.05500030517578,43.7599983215332,43.939998626708984,19548,0.0,0.0
2023-01-20 11:30:00-05:00,44.029998779296875,44.03499984741211,43.7599983215332,43.90999984741211,27721,0.0,0.0
2023-01-20 12:30:00-05:00,43.88999938964844,43.95500183105469,43.59000015258789,43.59000015258789,16841,0.0,0.0
2023-01-20 13:30:00-05:00,43.6150016784668,43.880001068115234,43.584999084472656,43.875,22315,0.0,0.0
2023-01-20 14:30:00-05:00,43.849998474121094,44.119998931884766,43.790000915527344,44.119998931884766,21179,0.0,0.0
2023-01-20 15:30:00-05:00,44.13999938964844,44.3650016784668,44.13999938964844,44.310001373291016,55359,0.0,0.0
2023-01-23 09:30:00-05:00,44.5,44.84000015258789,44.34000015258789,44.349998474121094,31135,0.0,0.0
2023-01-23 10:30:00-05:00,44.31999969482422,44.380001068115234,44.099998474121094,44.119998931884766,20817,0.0,0.0
2023-01-23 11:30:00-05:00,44.130001068115234,44.20000076293945,44.06999969482422,44.18000030517578,15437,0.0,0.0
2023-01-23 12:30:00-05:00,44.209999084472656,44.650001525878906,44.20000076293945,44.63999938964844,12548,0.0,0.0
2023-01-23 13:30:00-05:00,44.63999938964844,44.67499923706055,44.5,44.5099983215332,19500,0.0,0.0
2023-01-23 14:30:00-05:00,44.560001373291016,44.68000030517578,44.38999938964844,44.650001525878906,23576,0.0,0.0
2023-01-23 15:30:00-05:00,44.619998931884766,44.70000076293945,44.5099983215332,44.52000045776367,45497,0.0,0.0
2023-01-24 09:30:00-05:00,44.40999984741211,44.58000183105469,44.21500015258789,44.39500045776367,25850,0.0,0.0
2023-01-24 10:30:00-05:00,44.400001525878906,44.970001220703125,44.400001525878906,44.95000076293945,20428,0.0,0.0
2023-01-24 11:30:00-05:00,44.939998626708984,44.939998626708984,44.650001525878906,44.810001373291016,14579,0.0,0.0
2023-01-24 12:30:00-05:00,44.790000915527344,44.82500076293945,44.6349983215332,44.650001525878906,12286,0.0,0.0
2023-01-24 13:30:00-05:00,44.650001525878906,44.7599983215332,44.619998931884766,44.68000030517578,18403,0.0,0.0
2023-01-24 14:30:00-05:00,44.65999984741211,44.7599983215332,44.54999923706055,44.560001373291016,15213,0.0,0.0
2023-01-24 15:30:00-05:00,44.540000915527344,44.779998779296875,44.5099983215332,44.68000030517578,74023,0.0,0.0
2023-01-25 09:30:00-05:00,44.41999816894531,44.4900016784668,44.16999816894531,44.290000915527344,8765,0.0,0.0
2023-01-25 10:30:00-05:00,44.2599983215332,44.560001373291016,44.16999816894531,44.540000915527344,16189,0.0,0.0
2023-01-25 11:30:00-05:00,44.52000045776367,44.564998626708984,44.380001068115234,44.4900016784668,20323,0.0,0.0
2023-01-25 12:30:00-05:00,44.52000045776367,44.650001525878906,44.2400016784668,44.27000045776367,19944,0.0,0.0
2023-01-25 13:30:00-05:00,44.2599983215332,44.459999084472656,44.08000183105469,44.459999084472656,33351,0.0,0.0
2023-01-25 14:30:00-05:00,44.435001373291016,44.5,44.16999816894531,44.25,45191,0.0,0.0
2023-01-25 15:30:00-05:00,44.27000045776367,44.369998931884766,44.11000061035156,44.29999923706055,98640,0.0,0.0
2023-01-26 09:30:00-05:00,44.720001220703125,44.994998931884766,44.11000061035156,44.47999954223633,20243,0.0,0.0
2023-01-26 10:30:00-05:00,44.47999954223633,44.66999816894531,44.25,44.43000030517578,29167,0.0,0.0
2023-01-26 11:30:00-05:00,44.45000076293945,44.560001373291016,44.31999969482422,44.345001220703125,19781,0.0,0.0
2023-01-26 12:30:00-05:00,44.345001220703125,44.45000076293945,44.2599983215332,44.400001525878906,22656,0.0,0.0
2023-01-26 13:30:00-05:00,44.44499969482422,44.60499954223633,44.41999816894531,44.4900016784668,21945,0.0,0.0
2023-01-26 14:30:00-05:00,44.47700119018555,44.779998779296875,44.474998474121094,44.689998626708984,35625,0.0,0.0
2023-01-26 15:30:00-05:00,44.689998626708984,44.84000015258789,44.685001373291016,44.79999923706055,51886,0.0,0.0
2023-01-27 09:30:00-05:00,44.790000915527344,44.97999954223633,44.56999969482422,44.88999938964844,0,0.0,0.0
2023-01-27 10:30:00-05:00,44.88999938964844,44.88999938964844,44.45000076293945,44.845001220703125,28601,0.0,0.0
2023-01-27 11:30:00-05:00,44.845001220703125,44.91999816894531,44.834999084472656,44.869998931884766,16324,0.0,0.0
2023-01-27 12:30:00-05:00,44.84000015258789,45.11000061035156,44.84000015258789,44.994998931884766,19900,0.0,0.0
2023-01-27 13:30:00-05:00,44.994998931884766,45.09000015258789,44.939998626708984,45.060001373291016,20910,0.0,0.0
2023-01-27 14:30:00-05:00,45.08000183105469,45.21500015258789,45.029998779296875,45.08000183105469,27541,0.0,0.0
2023-01-27 15:30:00-05:00,45.084999084472656,45.119998931884766,44.84000015258789,44.880001068115234,69328,0.0,0.0
2023-01-30 09:30:00-05:00,44.43000030517578,44.939998626708984,44.32500076293945,44.58000183105469,17400,0.0,0.0
2023-01-30 10:30:00-05:00,44.599998474121094,44.630001068115234,44.220001220703125,44.529998779296875,33659,0.0,0.0
2023-01-30 11:30:00-05:00,44.59000015258789,44.60499954223633,44.3849983215332,44.404998779296875,14118,0.0,0.0
2023-01-30 12:30:00-05:00,44.380001068115234,44.56999969482422,44.30670166015625,44.46500015258789,19340,0.0,0.0
2023-01-30 13:30:00-05:00,44.439998626708984,44.470001220703125,44.20000076293945,44.34000015258789,19117,0.0,0.0
2023-01-30 14:30:00-05:00,44.349998474121094,44.349998474121094,44.0,44.0099983215332,32336,0.0,0.0
2023-01-30 15:30:00-05:00,44.0,44.0,43.31999969482422,43.470001220703125,125605,0.0,0.0
2023-01-31 09:30:00-05:00,43.66999816894531,44.13999938964844,43.31999969482422,43.90999984741211,41983,0.0,0.0
2023-01-31 10:30:00-05:00,43.904998779296875,44.61000061035156,43.900001525878906,44.56999969482422,36237,0.0,0.0
2023-01-31 11:30:00-05:00,44.58000183105469,44.86000061035156,44.560001373291016,44.665000915527344,29382,0.0,0.0
2023-01-31 12:30:00-05:00,44.665000915527344,44.84000015258789,44.63999938964844,44.69499969482422,21954,0.0,0.0
2023-01-31 13:30:00-05:00,44.720001220703125,44.88999938964844,44.70000076293945,44.875,26444,0.0,0.0
2023-01-31 14:30:00-05:00,44.875,45.060001373291016,44.689998626708984,44.7400016784668,42653,0.0,0.0
2023-01-31 15:30:00-05:00,44.744998931884766,45.119998931884766,44.720001220703125,45.029998779296875,89084,0.0,0.0
2023-02-01 09:30:00-05:00,44.7400016784668,45.2599983215332,44.70000076293945,45.20000076293945,23266,0.0,0.0
2023-02-01 10:30:00-05:00,45.16999816894531,45.16999816894531,44.81999969482422,45.03499984741211,20667,0.0,0.0
2023-02-01 11:30:00-05:00,45.02000045776367,45.040000915527344,44.79999923706055,44.900001525878906,31822,0.0,0.0
2023-02-01 12:30:00-05:00,44.90999984741211,44.959999084472656,44.7400016784668,44.8650016784668,17812,0.0,0.0
2023-02-01 13:30:00-05:00,44.8650016784668,45.150001525878906,44.689998626708984,45.04999923706055,34743,0.0,0.0
2023-02-01 14:30:00-05:00,45.099998474121094,45.939998626708984,44.880001068115234,45.939998626708984,60281,0.0,0.0
2023-02-01 15:30:00-05:00,45.939998626708984,46.060001373291016,45.685001373291016,45.86000061035156,87754,0.0,0.0
2023-02-02 09:30:00-05:00,46.18000030517578,46.540000915527344,44.66999816894531,45.334999084472656,66477,0.0,0.0
2023-02-02 10:30:00-05:00,45.34000015258789,45.775001525878906,45.310001373291016,45.77000045776367,66450,0.0,0.0
2023-02-02 11:30:00-05:00,45.79999923706055,46.013999938964844,45.7400016784668,45.7400016784668,43547,0.0,0.0
2023-02-02 12:30:00-05:00,45.720001220703125,45.724998474121094,45.525001525878906,45.70500183105469,52729,0.0,0.0
2023-02-02 13:30:00-05:00,45.709999084472656,46.459999084472656,45.70000076293945,45.84000015258789,97081,0.0,0.0
2023-02-02 14:30:00-05:00,45.790000915527344,45.880001068115234,45.439998626708984,45.665000915527344,77596,0.0,0.0
2023-02-02 15:30:00-05:00,45.685001373291016,46.31999969482422,45.63999938964844,46.224998474121094,108830,0.0,0.0
2023-02-03 09:30:00-05:00,45.86000061035156,47.275001525878906,45.22999954223633,47.275001525878906,56645,0.0,0.0
2023-02-03 10:30:00-05:00,47.20000076293945,47.6349983215332,47.20000076293945,47.52000045776367,58809,0.0,0.0
2023-02-03 11:30:00-05:00,47.48500061035156,47.494998931884766,47.14500045776367,47.39500045776367,38871,0.0,0.0
2023-02-03 12:30:00-05:00,47.39500045776367,47.58000183105469,47.02000045776367,47.189998626708984,45480,0.0,0.0
2023-02-03 13:30:00-05:00,47.209999084472656,47.209999084472656,46.779998779296875,46.869998931884766,37971,0.0,0.0
2023-02-03 14:30:00-05:00,46.875,47.2400016784668,46.845001220703125,47.2400016784668,65249,0.0,0.0
2023-02-03 15:30:00-05:00,47.2400016784668,47.380001068115234,47.154998779296875,47.2400016784668,99959,0.0,0.0
2023-02-06 09:30:00-05:00,46.79999923706055,47.439998626708984,46.38999938964844,46.56999969482422,77813,0.0,0.0
2023-02-06 10:30:00-05:00,46.54999923706055,47.08000183105469,46.54499816894531,46.82500076293945,68645,0.0,0.0
2023-02-06 11:30:00-05:00,46.849998474121094,47.14500045776367,46.82500076293945,47.025001525878906,58841,0.0,0.0
2023-02-06 12:30:00-05:00,47.04999923706055,47.209999084472656,46.849998474121094,46.93000030517578,45996,0.0,0.0
2023-02-06 13:30:00-05:00,46.93000030517578,47.130001068115234,46.790000915527344,47.040000915527344,51594,0.0,0.0
2023-02-06 14:30:00-05:00,47.040000915527344,47.06999969482422,46.709999084472656,46.8650016784668,60022,0.0,0.0
2023-02-06 15:30:00-05:00,46.8650016784668,47.130001068115234,46.779998779296875,47.06999969482422,114287,0.0,0.0
2023-02-07 09:30:00-05:00,46.90999984741211,47.459999084472656,46.459999084472656,47.02000045776367,29520,0.0,0.0
2023-02-07 10:30:00-05:00,47.14500045776367,47.560001373291016,47.060001373291016,47.14500045776367,50433,0.0,0.0
2023-02-07 11:30:00-05:00,47.14500045776367,47.7599983215332,47.09000015258789,47.564998626708984,42100,0.0,0.0
2023-02-07 12:30:00-05:00,47.61000061035156,48.18000030517578,47.43000030517578,47.689998626708984,62048,0.0,0.0
2023-02-07 13:30:00-05:00,47.61000061035156,48.119998931884766,47.2599983215332,48.029998779296875,58984,0.0,0.0
2023-02-07 14:30:00-05:00,48.0,48.38999938964844,47.994998931884766,48.32500076293945,82954,0.0,0.0
2023-02-07 15:30:00-05:00,48.32500076293945,48.65999984741211,48.209999084472656,48.47999954223633,187882,0.0,0.0
2023-02-08 09:30:00-05:00,47.5,47.5,45.599998474121094,47.099998474121094,135853,0.0,0.0
2023-02-08 10:30:00-05:00,47.05500030517578,47.707298278808594,46.525001525878906,46.77000045776367,82694,0.0,0.0
2023-02-08 11:30:00-05:00,46.80500030517578,46.84000015258789,46.279998779296875,46.43000030517578,60899,0.0,0.0
2023-02-08 12:30:00-05:00,46.470001220703125,46.7598991394043,46.369998931884766,46.38999938964844,54598,0.0,0.0
2023-02-08 13:30:00-05:00,46.38999938964844,46.41999816894531,46.150001525878906,46.16999816894531,42111,0.0,0.0
2023-02-08 14:30:00-05:00,46.20000076293945,46.709999084472656,46.130001068115234,46.59000015258789,68258,0.0,0.0
2023-02-08 15:30:00-05:00,46.59000015258789,46.87799835205078,46.56999969482422,46.56999969482422,157177,0.0,0.0
2023-02-09 09:30:00-05:00,47.36000061035156,48.47999954223633,47.349998474121094,47.959999084472656,263585,0.0,0.0
2023-02-09 10:30:00-05:00,48.0099983215332,48.279998779296875,47.724998474121094,47.880001068115234,51318,0.0,0.0
2023-02-09 11:30:00-05:00,47.8849983215332,48.040000915527344,47.79999923706055,47.88999938964844,43090,0.0,0.0
2023-02-09 12:30:00-05:00,47.91999816894531,47.96500015258789,47.4900016784668,47.5,32181,0.0,0.0
2023-02-09 13:30:00-05:00,47.5099983215332,47.650001525878906,47.1150016784668,47.27000045776367,108115,0.0,0.0
2023-02-09 14:30:00-05:00,47.2599983215332,47.314998626708984,46.630001068115234,46.724998474121094,163606,0.0,0.0
2023-02-09 15:30:00-05:00,46.70000076293945,47.220001220703125,46.70000076293945,47.15999984741211,148475,0.0,0.0
2023-02-10 09:30:00-05:00,46.970001220703125,47.45500183105469,46.709999084472656,47.45500183105469,33052,0.0,0.0
2023-02-10 10:30:00-05:00,47.4900016784668,47.5,46.869998931884766,47.099998474121094,34691,0.0,0.0
2023-02-10 11:30:00-05:00,47.060001373291016,47.38999938964844,46.92499923706055,47.14500045776367,36192,0.0,0.0
2023-02-10 12:30:00-05:00,47.16999816894531,47.224998474121094,46.939998626708984,47.064998626708984,29626,0.0,0.0
2023-02-10 13:30:00-05:00,47.029998779296875,47.029998779296875,46.69499969482422,46.810001373291016,49245,0.0,0.0
2023-02-10 14:30:00-05:00,46.7599983215332,46.93000030517578,46.7400016784668,46.75,42236,0.0,0.0
2023-02-10 15:30:00-05:00,46.75,47.1150016784668,46.7400016784668,47.11000061035156,84083,0.0,0.0
2023-02-13 09:30:00-05:00,47.34000015258789,47.47999954223633,47.02000045776367,47.21500015258789,11861,0.0,0.0
2023-02-13 10:30:00-05:00,47.220001220703125,47.36000061035156,47.11000061035156,47.25,18749,0.0,0.0
2023-02-13 11:30:00-05:00,47.20000076293945,47.27899932861328,46.900001525878906,46.94499969482422,48133,0.0,0.0
2023-02-13 12:30:00-05:00,46.90999984741211,47.0099983215332,46.790000915527344,46.98500061035156,17276,0.0,0.0
2023-02-13 13:30:00-05:00,47.0,47.040000915527344,46.869998931884766,46.900001525878906,20006,0.0,0.0
2023-02-13 14:30:00-05:00,46.900001525878906,47.092498779296875,46.83000183105469,46.849998474121094,36576,0.0,0.0
2023-02-13 15:30:00-05:00,46.86000061035156,47.2400016784668,46.790000915527344,47.2400016784668,70228,0.0,0.0
2023-02-14 09:30:00-05:00,47.150001525878906,47.56999969482422,46.96500015258789,47.23500061035156,43364,0.0,0.0
2023-02-14 10:30:00-05:00,47.244998931884766,47.27000045776367,46.689998626708984,46.84000015258789,54554,0.0,0.0
2023-02-14 11:30:00-05:00,46.79999923706055,47.08000183105469,46.70009994506836,47.06999969482422,43258,0.0,0.0
2023-02-14 12:30:00-05:00,47.029998779296875,47.369998931884766,47.02000045776367,47.290000915527344,29932,0.0,0.0
2023-02-14 13:30:00-05:00,47.290000915527344,47.29999923706055,47.0099983215332,47.09000015258789,44436,0.0,0.0
2023-02-14 14:30:00-05:00,47.09000015258789,47.290000915527344,47.09000015258789,47.20000076293945,50284,0.0,0.0
2023-02-14 15:30:00-05:00,47.20000076293945,47.459999084472656,47.20000076293945,47.279998779296875,80018,0.0,0.0
2023-02-15 09:30:00-05:00,47.060001373291016,47.5,47.02000045776367,47.255001068115234,54576,0.0,0.0
2023-02-15 10:30:00-05:00,47.23500061035156,47.70000076293945,47.060001373291016,47.560001373291016,39419,0.0,0.0
2023-02-15 11:30:00-05:00,47.60499954223633,47.650001525878906,47.349998474121094,47.349998474121094,29257,0.0,0.0
2023-02-15 12:30:00-05:00,47.38999938964844,47.810001373291016,47.33000183105469,47.810001373291016,28664,0.0,0.0
2023-02-15 13:30:00-05:00,47.779998779296875,47.91999816894531,47.689998626708984,47.86000061035156,33151,0.0,0.0
2023-02-15 14:30:00-05:00,47.85749816894531,47.970001220703125,47.7400016784668,47.77000045776367,34841,0.0,0.0
2023-02-15 15:30:00-05:00,47.755001068115234,47.79999923706055,47.59000015258789,47.720001220703125,120619,0.0,0.0
2023-02-16 09:30:00-05:00,47.22999954223633,47.5,46.96500015258789,46.96500015258789,29233,0.0,0.0
2023-02-16 10:30:00-05:00,46.9900016784668,47.369998931884766,46.959999084472656,47.2599983215332,82819,0.0,0.0
2023-02-16 11:30:00-05:00,47.36000061035156,47.42499923706055,47.119998931884766,47.20000076293945,32017,0.0,0.0
2023-02-16 12:30:00-05:00,47.20000076293945,47.31999969482422,47.0,47.0099983215332,58147,0.0,0.0
2023-02-16 13:30:00-05:00,46.94499969482422,47.150001525878906,46.900001525878906,47.13999938964844,20184,0.0,0.0
2023-02-16 14:30:00-05:00,47.11000061035156,47.16999816894531,46.61000061035156,46.61000061035156,31007,0.0,0.0
2023-02-16 15:30:00-05:00,46.59000015258789,46.59000015258789,46.279998779296875,46.31999969482422,113563,0.0,0.0
2023-02-17 09:30:00-05:00,46.41999816894531,46.709999084472656,45.83000183105469,46.400001525878906,67643,0.0,0.0
2023-02-17 10:30:00-05:00,46.36000061035156,46.52000045776367,45.90999984741211,46.04999923706055,43067,0.0,0.0
2023-02-17 11:30:00-05:00,45.9900016784668,46.13999938964844,45.93000030517578,46.040000915527344,39266,0.0,0.0
2023-02-17 12:30:00-05:00,46.005001068115234,46.189998626708984,45.83000183105469,46.029998779296875,46414,0.0,0.0
2023-02-17 13:30:00-05:00,45.99789810180664,46.20000076293945,45.91999816894531,46.099998474121094,40741,0.0,0.0
2023-02-17 14:30:00-05:00,46.125,46.279998779296875,45.9900016784668,46.04999923706055,62563,0.0,0.0
2023-02-17 15:30:00-05:00,46.099998474121094,46.290000915527344,46.067501068115234,46.2400016784668,114274,0.0,0.0
2023-02-21 09:30:00-05:00,45.650001525878906,46.05500030517578,45.22999954223633,45.54399871826172,43222,0.0,0.0
2023-02-21 10:30:00-05:00,45.5,45.63999938964844,45.43000030517578,45.4900016784668,23240,0.0,0.0
2023-02-21 11:30:00-05:00,45.5099983215332,45.560001373291016,45.380001068115234,45.4900016784668,21477,0.0,0.0
2023-02-21 12:30:00-05:00,45.529998779296875,45.619998931884766,45.349998474121094,45.5098991394043,70662,0.0,0.0
2023-02-21 13:30:00-05:00,45.474998474121094,45.4900016784668,45.25,45.369998931884766,66471,0.0,0.0
2023-02-21 14:30:00-05:00,45.345001220703125,45.61000061035156,45.31999969482422,45.52000045776367,36214,0.0,0.0
2023-02-21 15:30:00-05:00,45.529998779296875,45.625,45.41999816894531,45.5099983215332,64782,0.0,0.0
2023-02-22 09:30:00-05:00,45.349998474121094,45.65999984741211,44.91999816894531,45.0,35802,0.0,0.0
2023-02-22 10:30:00-05:00,44.91999816894531,45.189998626708984,44.63999938964844,45.15999984741211,38126,0.0,0.0
2023-02-22 11:30:00-05:00,45.16999816894531,45.45000076293945,45.16999816894531,45.43899917602539,28727,0.0,0.0
2023-02-22 12:30:00-05:00,45.41999816894531,45.470001220703125,45.18000030517578,45.33000183105469,26032,0.0,0.0
2023-02-22 13:30:00-05:00,45.38999938964844,45.38999938964844,44.95000076293945,45.099998474121094,46909,0.0,0.0
2023-02-22 14:30:00-05:00,45.025001525878906,45.09000015258789,44.790000915527344,44.93000030517578,49124,0.0,0.0
2023-02-22 15:30:00-05:00,44.90999984741211,45.38999938964844,44.88999938964844,45.310001373291016,101503,0.0,0.0
2023-02-23 09:30:00-05:00,45.47999954223633,45.76499938964844,45.095001220703125,45.334999084472656,25528,0.0,0.0
2023-02-23 10:30:00-05:00,45.27000045776367,45.27000045776367,44.83000183105469,45.025001525878906,39321,0.0,0.0
2023-02-23 11:30:00-05:00,45.04999923706055,45.060001373291016,44.33000183105469,44.43000030517578,32766,0.0,0.0
2023-02-23 12:30:00-05:00,44.5,44.709999084472656,44.474998474121094,44.650001525878906,21415,0.0,0.0
2023-02-23 13:30:00-05:00,44.70000076293945,44.869998931884766,44.60499954223633,44.86000061035156,21766,0.0,0.0
2023-02-23 14:30:00-05:00,44.900001525878906,45.15999984741211,44.869998931884766,45.15999984741211,29757,0.0,0.0
2023-02-23 15:30:00-05:00,45.15999984741211,45.2599983215332,44.810001373291016,44.900001525878906,74504,0.0,0.0
2023-02-24 09:30:00-05:00,44.380001068115234,44.58000183105469,43.540000915527344,43.790000915527344,39877,0.0,0.0
2023-02-24 10:30:00-05:00,43.70000076293945,43.880001068115234,43.43000030517578,43.78499984741211,58334,0.0,0.0
2023-02-24 11:30:00-05:00,43.75,43.845001220703125,43.540000915527344,43.71500015258789,44088,0.0,0.0
2023-02-24 12:30:00-05:00,43.70000076293945,43.72999954223633,43.470001220703125,43.584999084472656,38046,0.0,0.0
2023-02-24 13:30:00-05:00,43.584999084472656,43.959999084472656,43.5099983215332,43.7599983215332,48091,0.0,0.0
2023-02-24 14:30:00-05:00,43.7599983215332,43.970001220703125,43.61000061035156,43.87300109863281,38339,0.0,0.0
2023-02-24 15:30:00-05:00,43.83000183105469,43.84000015258789,43.52000045776367,43.779998779296875,80497,0.0,0.0
2023-02-27 09:30:00-05:00,44.31999969482422,44.31999969482422,43.66999816894531,44.150001525878906,33628,0.0,0.0
2023-02-27 10:30:00-05:00,44.130001068115234,44.130001068115234,43.81999969482422,43.974998474121094,28188,0.0,0.0
2023-02-27 11:30:00-05:00,43.95000076293945,44.06999969482422,43.83000183105469,43.94499969482422,30862,0.0,0.0
2023-02-27 12:30:00-05:00,43.935001373291016,44.11000061035156,43.88999938964844,43.915000915527344,18424,0.0,0.0
2023-02-27 13:30:00-05:00,43.915000915527344,43.959999084472656,43.779998779296875,43.814998626708984,27022,0.0,0.0
2023-02-27 14:30:00-05:00,43.84000015258789,43.88999938964844,43.68000030517578,43.810001373291016,41118,0.0,0.0
2023-02-27 15:30:00-05:00,43.79999923706055,43.79999923706055,43.5,43.52000045776367,85739,0.0,0.0
2023-02-28 09:30:00-05:00,43.2599983215332,43.849998474121094,43.2599983215332,43.689998626708984,54062,0.0,0.0
2023-02-28 10:30:00-05:00,43.63999938964844,44.08000183105469,43.40999984741211,44.029998779296875,42736,0.0,0.0
2023-02-28 11:30:00-05:00,43.9900016784668,44.04999923706055,43.689998626708984,43.84000015258789,35007,0.0,0.0
2023-02-28 12:30:00-05:00,43.83000183105469,43.92499923706055,43.650001525878906,43.90999984741211,29207,0.0,0.0
2023-02-28 13:30:00-05:00,43.86000061035156,43.900001525878906,43.70000076293945,43.84000015258789,34326,0.0,0.0
2023-02-28 14:30:00-05:00,43.79999923706055,44.02479934692383,43.79999923706055,43.93000030517578,33917,0.0,0.0
2023-02-28 15:30:00-05:00,43.90999984741211,43.95000076293945,43.560001373291016,43.66999816894531,96885,0.0,0.0
2023-03-01 09:30:00-05:00,43.900001525878906,44.3650016784668,43.7400016784668,43.89500045776367,30361,0.0,0.0
2023-03-01 10:30:00-05:00,43.8849983215332,44.564998626708984,43.83000183105469,44.349998474121094,111578,0.0,0.0
2023-03-01 11:30:00-05:00,44.34000015258789,44.77000045776367,44.34000015258789,44.59000015258789,40834,0.0,0.0
2023-03-01 12:30:00-05:00,44.54999923706055,44.810001373291016,44.42499923706055,44.459999084472656,34999,0.0,0.0
2023-03-01 13:30:00-05:00,44.40999984741211,44.439998626708984,44.20000076293945,44.220001220703125,40879,0.0,0.0
2023-03-01 14:30:00-05:00,44.220001220703125,44.43000030517578,44.19499969482422,44.38999938964844,53548,0.0,0.0
2023-03-01 15:30:00-05:00,44.36000061035156,44.47999954223633,44.2599983215332,44.29999923706055,78916,0.0,0.0
2023-03-02 09:30:00-05:00,44.0,44.27000045776367,43.959999084472656,44.029998779296875,29218,0.0,0.0
2023-03-02 10:30:00-05:00,44.07500076293945,44.130001068115234,43.47999954223633,43.47999954223633,26560,0.0,0.0
2023-03-02 11:30:00-05:00,43.5099983215332,43.58000183105469,43.22999954223633,43.34000015258789,27369,0.0,0.0
2023-03-02 12:30:00-05:00,43.3650016784668,43.43000030517578,43.209999084472656,43.220001220703125,23150,0.0,0.0
2023-03-02 13:30:00-05:00,43.23500061035156,43.68000030517578,43.23500061035156,43.63999938964844,28114,0.0,0.0
2023-03-02 14:30:00-05:00,43.63999938964844,43.79999923706055,43.4900016784668,43.775001525878906,41669,0.0,0.0
2023-03-02 15:30:00-05:00,43.79999923706055,43.93000030517578,43.7599983215332,43.869998931884766,58171,0.0,0.0
2023-03-03 09:30:00-05:00,44.08000183105469,44.08000183105469,43.11000061035156,43.93000030517578,20560,0.0,0.0
2023-03-03 10:30:00-05:00,43.88999938964844,44.150001525878906,43.869998931884766,44.03499984741211,28159,0.0,0.0
2023-03-03 11:30:00-05:00,44.03499984741211,44.290000915527344,44.03499984741211,44.2599983215332,25782,0.0,0.0
2023-03-03 12:30:00-05:00,44.255001068115234,44.40999984741211,44.22999954223633,44.40999984741211,18737,0.0,0.0
2023-03-03 13:30:00-05:00,44.3922004699707,44.47999954223633,44.29999923706055,44.310001373291016,25201,0.0,0.0
2023-03-03 14:30:00-05:00,44.31999969482422,44.58000183105469,44.15999984741211,44.189998626708984,121470,0.0,0.0
2023-03-03 15:30:00-05:00,44.19499969482422,44.310001373291016,44.060001373291016,44.11000061035156,140848,0.0,0.0
2023-03-06 09:30:00-05:00,44.400001525878906,44.459999084472656,43.849998474121094,44.33000183105469,68888,0.0,0.0
2023-03-06 10:30:00-05:00,44.35499954223633,44.35499954223633,43.959999084472656,44.01499938964844,39382,0.0,0.0
2023-03-06 11:30:00-05:00,44.01499938964844,44.060001373291016,43.810001373291016,43.93000030517578,44030,0.0,0.0
2023-03-06 12:30:00-05:00,43.900001525878906,43.91999816894531,43.68000030517578,43.689998626708984,42787,0.0,0.0
2023-03-06 13:30:00-05:00,43.70000076293945,43.90999984741211,43.68000030517578,43.72999954223633,48867,0.0,0.0
2023-03-06 14:30:00-05:00,43.72999954223633,43.869998931884766,43.66999816894531,43.73500061035156,55880,0.0,0.0
2023-03-06 15:30:00-05:00,43.73500061035156,43.90999984741211,43.68000030517578,43.720001220703125,117161,0.0,0.0
2023-03-07 09:30:00-05:00,43.68000030517578,44.380001068115234,43.52000045776367,44.22999954223633,96357,0.0,0.0
2023-03-07 10:30:00-05:00,44.33000183105469,44.650001525878906,44.029998779296875,44.185001373291016,67525,0.0,0.0
2023-03-07 11:30:00-05:00,44.185001373291016,44.939998626708984,44.09000015258789,44.880001068115234,86040,0.0,0.0
2023-03-07 12:30:00-05:00,44.83000183105469,44.970001220703125,44.65999984741211,44.689998626708984,51666,0.0,0.0
2023-03-07 13:30:00-05:00,44.689998626708984,44.77000045776367,44.36000061035156,44.64500045776367,63227,0.0,0.0
2023-03-07 14:30:00-05:00,44.630001068115234,44.665000915527344,44.119998931884766,44.130001068115234,61460,0.0,0.0
2023-03-07 15:30:00-05:00,44.099998474121094,44.2599983215332,43.92499923706055,44.0099983215332,125489,0.0,0.0
2023-03-08 09:30:00-05:00,44.13999938964844,45.20000076293945,43.619998931884766,45.14500045776367,118823,0.0,0.0
2023-03-08 10:30:00-05:00,45.14500045776367,45.470001220703125,44.84000015258789,44.915000915527344,81562,0.0,0.0
2023-03-08 11:30:00-05:00,44.915000915527344,45.189998626708984,44.779998779296875,45.0099983215332,66268,0.0,0.0
2023-03-08 12:30:00-05:00,44.974998474121094,45.119998931884766,44.84000015258789,44.84000015258789,42694,0.0,0.0
2023-03-08 13:30:00-05:00,44.83000183105469,45.119998931884766,44.83000183105469,45.02000045776367,44149,0.0,0.0
2023-03-08 14:30:00-05:00,45.029998779296875,45.06999969482422,44.93000030517578,44.970001220703125,50489,0.0,0.0
2023-03-08 15:30:00-05:00,44.9900016784668,45.439998626708984,44.9900016784668,45.29999923706055,114623,0.0,0.0
2023-03-09 09:30:00-05:00,45.5,45.779998779296875,45.209999084472656,45.59000015258789,92654,0.0,0.0
2023-03-09 10:30:00-05:00,45.619998931884766,46.150001525878906,45.619998931884766,46.099998474121094,71398,0.0,0.0
2023-03-09 11:30:00-05:00,46.080101013183594,46.349998474121094,45.93000030517578,46.10499954223633,104252,0.0,0.0
2023-03-09 12:30:00-05:00,46.13999938964844,46.13999938964844,45.27000045776367,45.380001068115234,49985,0.0,0.0
2023-03-09 13:30:00-05:00,45.36000061035156,45.40999984741211,44.904998779296875,45.06999969482422,50947,0.0,0.0
2023-03-09 14:30:00-05:00,45.060001373291016,45.13999938964844,44.560001373291016,44.599998474121094,66027,0.0,0.0
2023-03-09 15:30:00-05:00,44.599998474121094,44.66999816894531,44.18000030517578,44.189998626708984,112427,0.0,0.0
2023-03-10 09:30:00-05:00,43.939998626708984,44.0,42.65999984741211,43.27000045776367,51092,0.0,0.0
2023-03-10 10:30:00-05:00,43.40999984741211,44.22999954223633,43.400001525878906,44.220001220703125,49610,0.0,0.0
2023-03-10 11:30:00-05:00,44.22999954223633,44.310001373291016,43.810001373291016,44.05500030517578,56339,0.0,0.0
2023-03-10 12:30:00-05:00,44.08000183105469,44.2400016784668,43.43000030517578,43.46310043334961,41746,0.0,0.0
2023-03-10 13:30:00-05:00,43.43000030517578,43.61000061035156,43.16999816894531,43.27000045776367,48184,0.0,0.0
2023-03-10 14:30:00-05:00,43.255001068115234,43.619998931884766,43.130001068115234,43.43000030517578,54421,0.0,0.0
2023-03-10 15:30:00-05:00,43.38999938964844,43.400001525878906,43.040000915527344,43.209999084472656,95088,0.0,0.0
2023-03-13 09:30:00-04:00,42.459999084472656,42.470001220703125,40.59000015258789,40.7599983215332,73002,0.0,0.0
2023-03-13 10:30:00-04:00,40.810001373291016,41.7400016784668,40.52000045776367,41.724998474121094,62801,0.0,0.0
2023-03-13 11:30:00-04:00,41.78499984741211,41.90999984741211,41.45000076293945,41.48500061035156,66686,0.0,0.0
2023-03-13 12:30:00-04:00,41.48500061035156,41.724998474121094,41.38999938964844,41.584999084472656,50030,0.0,0.0
2023-03-13 13:30:00-04:00,41.59000015258789,42.119998931884766,41.5,42.025001525878906,59759,0.0,0.0
2023-03-13 14:30:00-04:00,42.04999923706055,42.189998626708984,41.52000045776367,41.64500045776367,72057,0.0,0.0
2023-03-13 15:30:00-04:00,41.63999938964844,41.959999084472656,41.5,41.59000015258789,119551,0.0,0.0
2023-03-14 09:30:00-04:00,42.349998474121094,43.0,42.18000030517578,42.935001373291016,42714,0.0,0.0
2023-03-14 10:30:00-04:00,42.880001068115234,43.22999954223633,42.779998779296875,43.189998626708984,57079,0.0,0.0
2023-03-14 11:30:00-04:00,43.22999954223633,43.27000045776367,42.91999816894531,42.959999084472656,49773,0.0,0.0
2023-03-14 12:30:00-04:00,42.97999954223633,43.279998779296875,42.619998931884766,42.90999984741211,60666,0.0,0.0
2023-03-14 13:30:00-04:00,42.8849983215332,42.939998626708984,42.459999084472656,42.689998626708984,62772,0.0,0.0
2023-03-14 14:30:00-04:00,42.67499923706055,42.709999084472656,42.21500015258789,42.45000076293945,75466,0.0,0.0
2023-03-14 15:30:00-04:00,42.44499969482422,42.959999084472656,42.44499969482422,42.91999816894531,136790,0.0,0.0
2023-03-15 09:30:00-04:00,41.650001525878906,42.02000045776367,41.275001525878906,41.70000076293945,50451,0.0,0.0
2023-03-15 10:30:00-04:00,41.69499969482422,41.810001373291016,41.16999816894531,41.2599983215332,42136,0.0,0.0
2023-03-15 11:30:00-04:00,41.22999954223633,41.400001525878906,40.709999084472656,40.779998779296875,42138,0.0,0.0
2023-03-15 12:30:00-04:00,40.81999969482422,41.18000030517578,40.650001525878906,41.099998474121094,41008,0.0,0.0
2023-03-15 13:30:00-04:00,41.095001220703125,41.540000915527344,40.7599983215332,41.345001220703125,51954,0.0,0.0
2023-03-15 14:30:00-04:00,41.33000183105469,41.650001525878906,41.279998779296875,41.650001525878906,63518,0.0,0.0
2023-03-15 15:30:00-04:00,41.6349983215332,41.66999816894531,41.36000061035156,41.54999923706055,95090,0.0,0.0
2023-03-16 09:30:00-04:00,41.06999969482422,41.84000015258789,40.77000045776367,41.2400016784668,25480,0.0,0.0
2023-03-16 10:30:00-04:00,41.290000915527344,42.439998626708984,41.290000915527344,42.439998626708984,42488,0.0,0.0
2023-03-16 11:30:00-04:00,42.459999084472656,42.959999084472656,42.369998931884766,42.75,42678,0.0,0.0
2023-03-16 12:30:00-04:00,42.75,43.16999816894531,42.68000030517578,43.029998779296875,44255,0.0,0.0
2023-03-16 13:30:00-04:00,43.029998779296875,43.130001068115234,42.88999938964844,43.10499954223633,47369,0.0,0.0
2023-03-16 14:30:00-04:00,43.130001068115234,43.290000915527344,43.02000045776367,43.23400115966797,59279,0.0,0.0
2023-03-16 15:30:00-04:00,43.2400016784668,43.2400016784668,42.689998626708984,42.7599983215332,93948,0.0,0.0
2023-03-17 09:30:00-04:00,42.38999938964844,43.04999923706055,42.19499969482422,42.70000076293945,103107,0.0,0.0
2023-03-17 10:30:00-04:00,42.69499969482422,42.75,41.79999923706055,41.904998779296875,52362,0.0,0.0
2023-03-17 11:30:00-04:00,41.93000030517578,42.0099983215332,41.68000030517578,41.880001068115234,36730,0.0,0.0
2023-03-17 12:30:00-04:00,41.880001068115234,42.040000915527344,41.65999984741211,41.845001220703125,36868,0.0,0.0
2023-03-17 13:30:00-04:00,41.880001068115234,42.04499816894531,41.779998779296875,41.93000030517578,33862,0.0,0.0
2023-03-17 14:30:00-04:00,41.88999938964844,42.16999816894531,41.880001068115234,42.1150016784668,68442,0.0,0.0
2023-03-17 15:30:00-04:00,42.1150016784668,42.310001373291016,41.90999984741211,42.040000915527344,136978,0.0,0.0
2023-03-20 09:30:00-04:00,42.290000915527344,43.09000015258789,42.025001525878906,42.869998931884766,26109,0.0,0.0
2023-03-20 10:30:00-04:00,42.900001525878906,43.16999816894531,42.66999816894531,43.16999816894531,33269,0.0,0.0
2023-03-20 11:30:00-04:00,43.04999923706055,43.060001373291016,42.2400016784668,42.47999954223633,26808,0.0,0.0
2023-03-20 12:30:00-04:00,42.5,42.709999084472656,42.44499969482422,42.5099983215332,24286,0.0,0.0
2023-03-20 13:30:00-04:00,42.5099983215332,42.529998779296875,42.22999954223633,42.38999938964844,31777,0.0,0.0
2023-03-20 14:30:00-04:00,42.369998931884766,42.439998626708984,42.16999816894531,42.38999938964844,52698,0.0,0.0
2023-03-20 15:30:00-04:00,42.375,42.56999969482422,42.29999923706055,42.33000183105469,81853,0.0,0.0
2023-03-21 09:30:00-04:00,43.2599983215332,43.970001220703125,43.125,43.8849983215332,38080,0.0,0.0
2023-03-21 10:30:00-04:00,43.8650016784668,43.98500061035156,43.64500045776367,43.810001373291016,36237,0.0,0.0
2023-03-21 11:30:00-04:00,43.810001373291016,43.875,43.66999816894531,43.67499923706055,24273,0.0,0.0
2023-03-21 12:30:00-04:00,43.67499923706055,43.67499923706055,43.369998931884766,43.439998626708984,54738,0.0,0.0
2023-03-21 13:30:00-04:00,43.43000030517578,43.459999084472656,43.02000045776367,43.02000045776367,114970,0.0,0.0
2023-03-21 14:30:00-04:00,43.02000045776367,43.189998626708984,42.86000061035156,43.15999984741211,163390,0.0,0.0
2023-03-21 15:30:00-04:00,43.17499923706055,43.415000915527344,43.119998931884766,43.25,297241,0.0,0.0
2023-03-22 09:30:00-04:00,43.290000915527344,43.290000915527344,42.900001525878906,42.96500015258789,28091,0.0,0.0
2023-03-22 10:30:00-04:00,42.96500015258789,43.125,42.810001373291016,42.91999816894531,79586,0.0,0.0
2023-03-22 11:30:00-04:00,42.91999816894531,42.939998626708984,42.56999969482422,42.790000915527344,23770,0.0,0.0
2023-03-22 12:30:00-04:00,42.810001373291016,42.869998931884766,42.70000076293945,42.85499954223633,30311,0.0,0.0
2023-03-22 13:30:00-04:00,42.849998474121094,43.40999984741211,42.849998474121094,43.220001220703125,45883,0.0,0.0
2023-03-22 14:30:00-04:00,43.2400016784668,43.8849983215332,42.959999084472656,43.459999084472656,120267,0.0,0.0
2023-03-22 15:30:00-04:00,43.44499969482422,43.44499969482422,42.630001068115234,42.630001068115234,129202,0.0,0.0
2023-03-23 09:30:00-04:00,42.90999984741211,43.349998474121094,42.81999969482422,42.95500183105469,33742,0.0,0.0
2023-03-23 10:30:00-04:00,42.95500183105469,43.310001373291016,42.869998931884766,42.869998931884766,18476,0.0,0.0
2023-03-23 11:30:00-04:00,42.84000015258789,42.91999816894531,42.47999954223633,42.505001068115234,24567,0.0,0.0
2023-03-23 12:30:00-04:00,42.5099983215332,42.59000015258789,42.060001373291016,42.23500061035156,57665,0.0,0.0
2023-03-23 13:30:00-04:00,42.220001220703125,42.45000076293945,41.83000183105469,41.83000183105469,39091,0.0,0.0
2023-03-23 14:30:00-04:00,41.88999938964844,42.16999816894531,41.454200744628906,41.7400016784668,55311,0.0,0.0
2023-03-23 15:30:00-04:00,41.72999954223633,42.34000015258789,41.72999954223633,41.9900016784668,89959,0.0,0.0
2023-03-24 09:30:00-04:00,41.5,41.5,40.529998779296875,41.404998779296875,61811,0.0,0.0
2023-03-24 10:30:00-04:00,41.404998779296875,41.404998779296875,41.05500030517578,41.36000061035156,19488,0.0,0.0
2023-03-24 11:30:00-04:00,41.38999938964844,41.54999923706055,41.16999816894531,41.494998931884766,36658,0.0,0.0
2023-03-24 12:30:00-04:00,41.560001373291016,41.82500076293945,41.54999923706055,41.77000045776367,20671,0.0,0.0
2023-03-24 13:30:00-04:00,41.72999954223633,42.029998779296875,41.689998626708984,41.9900016784668,30168,0.0,0.0
2023-03-24 14:30:00-04:00,42.01499938964844,42.459999084472656,41.9900016784668,42.400001525878906,43740,0.0,0.0
2023-03-24 15:30:00-04:00,42.40999984741211,42.40999984741211,42.029998779296875,42.2400016784668,62075,0.0,0.0
2023-03-27 09:30:00-04:00,42.849998474121094,42.849998474121094,41.9900016784668,42.279998779296875,46692,0.0,0.0
2023-03-27 10:30:00-04:00,42.290000915527344,42.33000183105469,41.75,41.8849983215332,41887,0.0,0.0
2023-03-27 11:30:00-04:00,41.91999816894531,42.40999984741211,41.810001373291016,42.23500061035156,51347,0.0,0.0
2023-03-27 12:30:00-04:00,42.2400016784668,42.43000030517578,42.130001068115234,42.349998474121094,37910,0.0,0.0
2023-03-27 13:30:00-04:00,42.38999938964844,42.720001220703125,42.36000061035156,42.70000076293945,40762,0.0,0.0
2023-03-27 14:30:00-04:00,42.70000076293945,42.93000030517578,42.70000076293945,42.880001068115234,55117,0.0,0.0
2023-03-27 15:30:00-04:00,42.880001068115234,42.939998626708984,42.65999984741211,42.7400016784668,103776,0.0,0.0
2023-03-28 09:30:00-04:00,42.59000015258789,43.029998779296875,42.56999969482422,42.78499984741211,28286,0.0,0.0
2023-03-28 10:30:00-04:00,42.84000015258789,42.95000076293945,42.68000030517578,42.869998931884766,26927,0.0,0.0
2023-03-28 11:30:00-04:00,42.88999938964844,43.0,42.720001220703125,42.900001525878906,33959,0.0,0.0
2023-03-28 12:30:00-04:00,42.900001525878906,43.08000183105469,42.779998779296875,42.810001373291016,23798,0.0,0.0
2023-03-28 13:30:00-04:00,42.810001373291016,42.90999984741211,42.650001525878906,42.77000045776367,32014,0.0,0.0
2023-03-28 14:30:00-04:00,42.77000045776367,42.91999816894531,42.74509811401367,42.86000061035156,32438,0.0,0.0
2023-03-28 15:30:00-04:00,42.85499954223633,43.029998779296875,42.849998474121094,42.93000030517578,37890,0.0,0.0
2023-03-29 09:30:00-04:00,43.40999984741211,43.58000183105469,43.31999969482422,43.5,21476,0.0,0.0
2023-03-29 10:30:00-04:00,43.5099983215332,43.540000915527344,43.18000030517578,43.35499954223633,34318,0.0,0.0
2023-03-29 11:30:00-04:00,43.31999969482422,43.47999954223633,43.310001373291016,43.439998626708984,27245,0.0,0.0
2023-03-29 12:30:00-04:00,43.439998626708984,43.470001220703125,43.2400016784668,43.459999084472656,28360,0.0,0.0
2023-03-29 13:30:00-04:00,43.439998626708984,43.47999954223633,43.34000015258789,43.41999816894531,37025,0.0,0.0
2023-03-29 14:30:00-04:00,43.42499923706055,43.654998779296875,43.3849983215332,43.61000061035156,98091,0.0,0.0
2023-03-29 15:30:00-04:00,43.60499954223633,43.88999938964844,43.56999969482422,43.86000061035156,69309,0.0,0.0
2023-03-30 09:30:00-04:00,44.0,44.3650016784668,43.79999923706055,44.1150016784668,23290,0.0,0.0
2023-03-30 10:30:00-04:00,44.095001220703125,44.31999969482422,43.97999954223633,43.97999954223633,37975,0.0,0.0
2023-03-30 11:30:00-04:00,43.97999954223633,44.040000915527344,43.84000015258789,44.02000045776367,29934,0.0,0.0
2023-03-30 12:30:00-04:00,44.005001068115234,44.02000045776367,43.849998474121094,43.96500015258789,26496,0.0,0.0
2023-03-30 13:30:00-04:00,43.959999084472656,44.11000061035156,43.88999938964844,44.02000045776367,21681,0.0,0.0
2023-03-30 14:30:00-04:00,44.04999923706055,44.06999969482422,43.689998626708984,43.70500183105469,29107,0.0,0.0
2023-03-30 15:30:00-04:00,43.720001220703125,43.7599983215332,43.45000076293945,43.540000915527344,80044,0.0,0.0
2023-03-31 09:30:00-04:00,43.95000076293945,44.369998931884766,43.709999084472656,44.20500183105469,17838,0.0,0.0
2023-03-31 10:30:00-04:00,44.27000045776367,44.43000030517578,44.01499938964844,44.31999969482422,27209,0.0,0.0
2023-03-31 11:30:00-04:00,44.279998779296875,44.34000015258789,44.150001525878906,44.17070007324219,17716,0.0,0.0
2023-03-31 12:30:00-04:00,44.189998626708984,44.189998626708984,44.0099983215332,44.04999923706055,17983,0.0,0.0
2023-03-31 13:30:00-04:00,44.029998779296875,44.255001068115234,44.02000045776367,44.19499969482422,27558,0.0,0.0
2023-03-31 14:30:00-04:00,44.189998626708984,44.3849983215332,44.150001525878906,44.31999969482422,44396,0.0,0.0
2023-03-31 15:30:00-04:00,44.29999923706055,44.68000030517578,44.21500015258789,44.56999969482422,160318,0.0,0.0
2023-04-03 09:30:00-04:00,44.439998626708984,44.970001220703125,44.2599983215332,44.959999084472656,49263,0.0,0.0
2023-04-03 10:30:00-04:00,44.9900016784668,44.9900016784668,44.29999923706055,44.59000015258789,61410,0.0,0.0
2023-04-03 11:30:00-04:00,44.58000183105469,44.845001220703125,44.470001220703125,44.525001525878906,32549,0.0,0.0
2023-04-03 12:30:00-04:00,44.4900016784668,44.58000183105469,44.2599983215332,44.55500030517578,26980,0.0,0.0
2023-04-03 13:30:00-04:00,44.529998779296875,44.720001220703125,44.38999938964844,44.709999084472656,47410,0.0,0.0
2023-04-03 14:30:00-04:00,44.709999084472656,45.08000183105469,44.70000076293945,45.005001068115234,68933,0.0,0.0
2023-04-03 15:30:00-04:00,45.02000045776367,45.220001220703125,45.02000045776367,45.06999969482422,89753,0.0,0.0
2023-04-04 09:30:00-04:00,45.33000183105469,45.33000183105469,44.564998626708984,44.599998474121094,20395,0.0,0.0
2023-04-04 10:30:00-04:00,44.72999954223633,44.744998931884766,44.15999984741211,44.36000061035156,22541,0.0,0.0
2023-04-04 11:30:00-04:00,44.349998474121094,44.58000183105469,44.290000915527344,44.5099983215332,14172,0.0,0.0
2023-04-04 12:30:00-04:00,44.525001525878906,44.70000076293945,44.38999938964844,44.65999984741211,24078,0.0,0.0
2023-04-04 13:30:00-04:00,44.68000030517578,44.95000076293945,44.474998474121094,44.845001220703125,29989,0.0,0.0
2023-04-04 14:30:00-04:00,44.84000015258789,45.0,44.7401008605957,44.7401008605957,20713,0.0,0.0
2023-04-04 15:30:00-04:00,44.810001373291016,45.11000061035156,44.779998779296875,45.099998474121094,62214,0.0,0.0
2023-04-05 09:30:00-04:00,44.959999084472656,44.959999084472656,43.915000915527344,43.915000915527344,33619,0.0,0.0
2023-04-05 10:30:00-04:00,43.95000076293945,44.15999984741211,43.72999954223633,43.72999954223633,38496,0.0,0.0
2023-04-05 11:30:00-04:00,43.75,43.779998779296875,43.470001220703125,43.529998779296875,24509,0.0,0.0
2023-04-05 12:30:00-04:00,43.5099983215332,43.79999923706055,43.40999984741211,43.724998474121094,18799,0.0,0.0
2023-04-05 13:30:00-04:00,43.72999954223633,43.90999984741211,43.650001525878906,43.790000915527344,24832,0.0,0.0
2023-04-05 14:30:00-04:00,43.755001068115234,43.79999923706055,43.56999969482422,43.6349983215332,30205,0.0,0.0
2023-04-05 15:30:00-04:00,43.630001068115234,43.95000076293945,43.630001068115234,43.81999969482422,73162,0.0,0.0
2023-04-06 09:30:00-04:00,44.0,44.0,43.47999954223633,43.70000076293945,83295,0.0,0.0
2023-04-06 10:30:00-04:00,43.68000030517578,43.79999923706055,43.41999816894531,43.66999816894531,13212,0.0,0.0
2023-04-06 11:30:00-04:00,43.61000061035156,43.84000015258789,43.57099914550781,43.720001220703125,10667,0.0,0.0
2023-04-06 12:30:00-04:00,43.7599983215332,43.939998626708984,43.689998626708984,43.86000061035156,13250,0.0,0.0
2023-04-06 13:30:00-04:00,43.849998474121094,43.86000061035156,43.619998931884766,43.66999816894531,22204,0.0,0.0
2023-04-06 14:30:00-04:00,43.63999938964844,43.709999084472656,43.31999969482422,43.42499923706055,54219,0.0,0.0
2023-04-06 15:30:00-04:00,43.470001220703125,43.630001068115234,43.46099853515625,43.599998474121094,60326,0.0,0.0
2023-04-10 09:30:00-04:00,43.29999923706055,44.22990036010742,43.29999923706055,44.099998474121094,34644,0.0,0.0
2023-04-10 10:30:00-04:00,44.130001068115234,44.272499084472656,43.79999923706055,44.0,47702,0.0,0.0
2023-04-10 11:30:00-04:00,43.994998931884766,44.01499938964844,43.75,43.775001525878906,49993,0.0,0.0
2023-04-10 12:30:00-04:00,43.720001220703125,43.9900016784668,43.68000030517578,43.84000015258789,74824,0.0,0.0
2023-04-10 13:30:00-04:00,43.81999969482422,43.869998931884766,43.68000030517578,43.77000045776367,44028,0.0,0.0
2023-04-10 14:30:00-04:00,43.77000045776367,43.89500045776367,43.720001220703125,43.750999450683594,102762,0.0,0.0
2023-04-10 15:30:00-04:00,43.76499938964844,43.779998779296875,43.43000030517578,43.540000915527344,116042,0.0,0.0
2023-04-11 09:30:00-04:00,43.72999954223633,44.0099983215332,43.5,43.5099983215332,55704,0.0,0.0
2023-04-11 10:30:00-04:00,43.5099983215332,43.61000061035156,43.380001068115234,43.52000045776367,53864,0.0,0.0
2023-04-11 11:30:00-04:00,43.5099983215332,44.040000915527344,43.5,44.025001525878906,155745,0.0,0.0
2023-04-11 12:30:00-04:00,44.040000915527344,44.19499969482422,43.810001373291016,43.900001525878906,40615,0.0,0.0
2023-04-11 13:30:00-04:00,43.900001525878906,44.130001068115234,43.86000061035156,44.04499816894531,58451,0.0,0.0
2023-04-11 14:30:00-04:00,44.06999969482422,44.41999816894531,44.040000915527344,44.29999923706055,70359,0.0,0.0
2023-04-11 15:30:00-04:00,44.279998779296875,44.314998626708984,44.040000915527344,44.08000183105469,70594,0.0,0.0
2023-04-12 09:30:00-04:00,44.380001068115234,44.5099983215332,44.025001525878906,44.09000015258789,23936,0.0,0.0
2023-04-12 10:30:00-04:00,44.13999938964844,44.13999938964844,43.560001373291016,43.650001525878906,11814,0.0,0.0
2023-04-12 11:30:00-04:00,43.72999954223633,43.91999816894531,43.68000030517578,43.810001373291016,12300,0.0,0.0
2023-04-12 12:30:00-04:00,43.81999969482422,43.89500045776367,43.650001525878906,43.814998626708984,10464,0.0,0.0
2023-04-12 13:30:00-04:00,43.80500030517578,43.80500030517578,43.5,43.5,16650,0.0,0.0
2023-04-12 14:30:00-04:00,43.5099983215332,43.52000045776367,43.20000076293945,43.255001068115234,21187,0.0,0.0
2023-04-12 15:30:00-04:00,43.279998779296875,43.47999954223633,43.25,43.310001373291016,36459,0.0,0.0
2023-04-13 09:30:00-04:00,43.45000076293945,43.72999954223633,43.34000015258789,43.625,10977,0.0,0.0
2023-04-13 10:30:00-04:00,43.58000183105469,43.650001525878906,43.45000076293945,43.650001525878906,23225,0.0,0.0
2023-04-13 11:30:00-04:00,43.689998626708984,43.720001220703125,43.560001373291016,43.63999938964844,9299,0.0,0.0
2023-04-13 12:30:00-04:00,43.630001068115234,43.724998474121094,43.60499954223633,43.63999938964844,7920,0.0,0.0
2023-04-13 13:30:00-04:00,43.630001068115234,43.9900016784668,43.630001068115234,43.9900016784668,15784,0.0,0.0
2023-04-13 14:30:00-04:00,43.9900016784668,43.9900016784668,43.80500030517578,43.810001373291016,14676,0.0,0.0
2023-04-13 15:30:00-04:00,43.814998626708984,43.814998626708984,43.709999084472656,43.7400016784668,32771,0.0,0.0
2023-04-14 09:30:00-04:00,43.689998626708984,44.06999969482422,43.369998931884766,43.380001068115234,24645,0.0,0.0
2023-04-14 10:30:00-04:00,43.45000076293945,43.54999923706055,43.220001220703125,43.35499954223633,38701,0.0,0.0
2023-04-14 11:30:00-04:00,43.3650016784668,43.41999816894531,43.16999816894531,43.2400016784668,21761,0.0,0.0
2023-04-14 12:30:00-04:00,43.25,43.29999923706055,43.13999938964844,43.14500045776367,12879,0.0,0.0
2023-04-14 13:30:00-04:00,43.130001068115234,43.43000030517578,43.029998779296875,43.41999816894531,18216,0.0,0.0
2023-04-14 14:30:00-04:00,43.41999816894531,43.439998626708984,43.220001220703125,43.3650016784668,18477,0.0,0.0
2023-04-14 15:30:00-04:00,43.38999938964844,43.56999969482422,43.380001068115234,43.540000915527344,38167,0.0,0.0
2023-04-17 09:30:00-04:00,43.5099983215332,44.0,43.5099983215332,43.58000183105469,46101,0.0,0.0
2023-04-17 10:30:00-04:00,43.540000915527344,43.565799713134766,43.2599983215332,43.400001525878906,24349,0.0,0.0
2023-04-17 11:30:00-04:00,43.33000183105469,43.33000183105469,43.06100082397461,43.11000061035156,24296,0.0,0.0
2023-04-17 12:30:00-04:00,43.13999938964844,43.540000915527344,43.13999938964844,43.45000076293945,24831,0.0,0.0
2023-04-17 13:30:00-04:00,43.46500015258789,43.5,43.29999923706055,43.47999954223633,21664,0.0,0.0
2023-04-17 14:30:00-04:00,43.45500183105469,43.70500183105469,43.43000030517578,43.59000015258789,44331,0.0,0.0
2023-04-17 15:30:00-04:00,43.56999969482422,43.68000030517578,43.41999816894531,43.650001525878906,62886,0.0,0.0
2023-04-18 09:30:00-04:00,44.13999938964844,44.849998474121094,44.06010055541992,44.52000045776367,62493,0.0,0.0
2023-04-18 10:30:00-04:00,44.459999084472656,44.90999984741211,44.459999084472656,44.81999969482422,357803,0.0,0.0
2023-04-18 11:30:00-04:00,44.810001373291016,45.619998931884766,44.63999938964844,45.4900016784668,76351,0.0,0.0
2023-04-18 12:30:00-04:00,45.540000915527344,45.86000061035156,45.40999984741211,45.474998474121094,93115,0.0,0.0
2023-04-18 13:30:00-04:00,45.5,45.790000915527344,45.48500061035156,45.55099868774414,75132,0.0,0.0
2023-04-18 14:30:00-04:00,45.54999923706055,45.83000183105469,45.47999954223633,45.67499923706055,88210,0.0,0.0
2023-04-18 15:30:00-04:00,45.66999816894531,45.689998626708984,45.43000030517578,45.470001220703125,391205,0.0,0.0
2023-04-19 09:30:00-04:00,45.4900016784668,45.720001220703125,45.040000915527344,45.70000076293945,57630,0.0,0.0
2023-04-19 10:30:00-04:00,45.709999084472656,45.95000076293945,45.709999084472656,45.91999816894531,59249,0.0,0.0
2023-04-19 11:30:00-04:00,45.91999816894531,46.08000183105469,45.7599983215332,45.88999938964844,62206,0.0,0.0
2023-04-19 12:30:00-04:00,45.88999938964844,45.93000030517578,45.790000915527344,45.880001068115234,37417,0.0,0.0
2023-04-19 13:30:00-04:00,45.900001525878906,45.95000076293945,45.76499938964844,45.79999923706055,48229,0.0,0.0
2023-04-19 14:30:00-04:00,45.79999923706055,45.81999969482422,45.560001373291016,45.560001373291016,58104,0.0,0.0
2023-04-19 15:30:00-04:00,45.59000015258789,45.595001220703125,45.095001220703125,45.380001068115234,145563,0.0,0.0
2023-04-20 09:30:00-04:00,46.040000915527344,46.97999954223633,45.70000076293945,46.95500183105469,153455,0.0,0.0
2023-04-20 10:30:00-04:00,46.9900016784668,48.11000061035156,46.9900016784668,47.915000915527344,280656,0.0,0.0
2023-04-20 11:30:00-04:00,47.970001220703125,48.22999954223633,47.25,47.349998474121094,187888,0.0,0.0
2023-04-20 12:30:00-04:00,47.32500076293945,47.43000030517578,46.900001525878906,47.0,73642,0.0,0.0
2023-04-20 13:30:00-04:00,46.970001220703125,47.13999938964844,46.15999984741211,46.404998779296875,126111,0.0,0.0
2023-04-20 14:30:00-04:00,46.45000076293945,46.650001525878906,46.36000061035156,46.55229949951172,53962,0.0,0.0
2023-04-20 15:30:00-04:00,46.58000183105469,46.86000061035156,46.56999969482422,46.81999969482422,91475,0.0,0.0
2023-04-21 09:30:00-04:00,46.880001068115234,47.29999923706055,46.709999084472656,47.040000915527344,56799,0.0,0.0
2023-04-21 10:30:00-04:00,47.08000183105469,47.099998474121094,46.7599983215332,47.0,32707,0.0,0.0
2023-04-21 11:30:00-04:00,46.97999954223633,47.375,46.92499923706055,47.244998931884766,35848,0.0,0.0
2023-04-21 12:30:00-04:00,47.244998931884766,47.369998931884766,47.244998931884766,47.31999969482422,44057,0.0,0.0
2023-04-21 13:30:00-04:00,47.34000015258789,47.59000015258789,47.31999969482422,47.470001220703125,47928,0.0,0.0
2023-04-21 14:30:00-04:00,47.494998931884766,47.54999923706055,47.252498626708984,47.275001525878906,50218,0.0,0.0
2023-04-21 15:30:00-04:00,47.26499938964844,47.31999969482422,47.130001068115234,47.29999923706055,65814,0.0,0.0
2023-04-24 09:30:00-04:00,47.13999938964844,47.58420181274414,46.79999923706055,46.875,26983,0.0,0.0
2023-04-24 10:30:00-04:00,46.95000076293945,46.95000076293945,46.31999969482422,46.3849983215332,20686,0.0,0.0
2023-04-24 11:30:00-04:00,46.41999816894531,46.54999923706055,46.33000183105469,46.4900016784668,19886,0.0,0.0
2023-04-24 12:30:00-04:00,46.4900016784668,46.65999984741211,46.36000061035156,46.494998931884766,14211,0.0,0.0
2023-04-24 13:30:00-04:00,46.52000045776367,46.86000061035156,46.44499969482422,46.70000076293945,62898,0.0,0.0
2023-04-24 14:30:00-04:00,46.665000915527344,46.709999084472656,46.505001068115234,46.650001525878906,24990,0.0,0.0
2023-04-24 15:30:00-04:00,46.64500045776367,46.720001220703125,46.56999969482422,46.599998474121094,49441,0.0,0.0
2023-04-25 09:30:00-04:00,46.349998474121094,46.7400016784668,45.67100143432617,46.38999938964844,43205,0.0,0.0
2023-04-25 10:30:00-04:00,46.3650016784668,46.7400016784668,46.250999450683594,46.584999084472656,52332,0.0,0.0
2023-04-25 11:30:00-04:00,46.54999923706055,46.54999923706055,46.13999938964844,46.38999938964844,33086,0.0,0.0
2023-04-25 12:30:00-04:00,46.3650016784668,46.47999954223633,46.119998931884766,46.209999084472656,102072,0.0,0.0
2023-04-25 13:30:00-04:00,46.17689895629883,46.54999923706055,46.17689895629883,46.525001525878906,51183,0.0,0.0
2023-04-25 14:30:00-04:00,46.525001525878906,46.7599983215332,46.5,46.66999816894531,82728,0.0,0.0
2023-04-25 15:30:00-04:00,46.689998626708984,46.75,46.58000183105469,46.70000076293945,252581,0.0,0.0
2023-04-26 09:30:00-04:00,46.5,47.47999954223633,46.10749816894531,47.084999084472656,73522,0.0,0.0
2023-04-26 10:30:00-04:00,47.11000061035156,47.45000076293945,46.939998626708984,47.064998626708984,73320,0.0,0.0
2023-04-26 11:30:00-04:00,47.099998474121094,47.43000030517578,47.0099983215332,47.220001220703125,71167,0.0,0.0
2023-04-26 12:30:00-04:00,47.220001220703125,47.34000015258789,46.915000915527344,46.939998626708984,35234,0.0,0.0
2023-04-26 13:30:00-04:00,46.95000076293945,47.0,46.57500076293945,46.72999954223633,54297,0.0,0.0
2023-04-26 14:30:00-04:00,46.744998931884766,46.744998931884766,46.29499816894531,46.3849983215332,77735,0.0,0.0
2023-04-26 15:30:00-04:00,46.3849983215332,46.3849983215332,45.83000183105469,46.11000061035156,95265,0.0,0.0
2023-04-27 09:30:00-04:00,46.380001068115234,47.11000061035156,46.380001068115234,46.849998474121094,32224,0.0,0.0
2023-04-27 10:30:00-04:00,46.91999816894531,47.0,46.4900016784668,47.0,40788,0.0,0.0
2023-04-27 11:30:00-04:00,46.9900016784668,47.06999969482422,46.75,46.849998474121094,31792,0.0,0.0
2023-04-27 12:30:00-04:00,46.814998626708984,46.959999084472656,46.7599983215332,46.959999084472656,61751,0.0,0.0
2023-04-27 13:30:00-04:00,47.0099983215332,47.334999084472656,46.959999084472656,47.33000183105469,36636,0.0,0.0
2023-04-27 14:30:00-04:00,47.345001220703125,47.81999969482422,47.2599983215332,47.79750061035156,67444,0.0,0.0
2023-04-27 15:30:00-04:00,47.81999969482422,48.060001373291016,47.7599983215332,48.040000915527344,168628,0.0,0.0
2023-04-28 09:30:00-04:00,47.81999969482422,48.58000183105469,47.64189910888672,48.349998474121094,42236,0.0,0.0
2023-04-28 10:30:00-04:00,48.29999923706055,48.345001220703125,47.86000061035156,48.119998931884766,49005,0.0,0.0
2023-04-28 11:30:00-04:00,48.13999938964844,48.31999969482422,48.029998779296875,48.209999084472656,41819,0.0,0.0
2023-04-28 12:30:00-04:00,48.220001220703125,48.46500015258789,48.220001220703125,48.46500015258789,46834,0.0,0.0
2023-04-28 13:30:00-04:00,48.4900016784668,48.79999923706055,48.439998626708984,48.654998779296875,47619,0.0,0.0
2023-04-28 14:30:00-04:00,48.66999816894531,48.90999984741211,48.56999969482422,48.75,55377,0.0,0.0
2023-04-28 15:30:00-04:00,48.7599983215332,48.90999984741211,48.7400016784668,48.810001373291016,117805,0.0,0.0
2023-05-01 09:30:00-04:00,48.900001525878906,49.810001373291016,48.900001525878906,49.11000061035156,59322,0.0,0.0
2023-05-01 10:30:00-04:00,49.119998931884766,49.560001373291016,48.959999084472656,49.11000061035156,39232,0.0,0.0
2023-05-01 11:30:00-04:00,49.11159896850586,49.13999938964844,48.72999954223633,49.06999969482422,35459,0.0,0.0
2023-05-01 12:30:00-04:00,49.029998779296875,49.099998474121094,48.72999954223633,48.72999954223633,27598,0.0,0.0
2023-05-01 13:30:00-04:00,48.720001220703125,48.95000076293945,48.47999954223633,48.529998779296875,41345,0.0,0.0
2023-05-01 14:30:00-04:00,48.52000045776367,48.599998474121094,48.290000915527344,48.59000015258789,60542,0.0,0.0
2023-05-01 15:30:00-04:00,48.560001373291016,48.81999969482422,48.52000045776367,48.70000076293945,83813,0.0,0.0
2023-05-02 09:30:00-04:00,48.41999816894531,48.619998931884766,47.83000183105469,47.88999938964844,40699,0.0,0.0
2023-05-02 10:30:00-04:00,47.89500045776367,47.90999984741211,47.380001068115234,47.650001525878906,43278,0.0,0.0
2023-05-02 11:30:00-04:00,47.650001525878906,48.189998626708984,47.560001373291016,48.060001373291016,49675,0.0,0.0
2023-05-02 12:30:00-04:00,48.060001373291016,48.27000045776367,48.02000045776367,48.18000030517578,26235,0.0,0.0
2023-05-02 13:30:00-04:00,48.20000076293945,48.400001525878906,48.20000076293945,48.23500061035156,24768,0.0,0.0
2023-05-02 14:30:00-04:00,48.2599983215332,48.459999084472656,48.189998626708984,48.41999816894531,34761,0.0,0.0
2023-05-02 15:30:00-04:00,48.40999984741211,48.459999084472656,48.20000076293945,48.369998931884766,56886,0.0,0.0
2023-05-03 09:30:00-04:00,48.34000015258789,48.75,48.154998779296875,48.47999954223633,18969,0.0,0.0
2023-05-03 10:30:00-04:00,48.47999954223633,48.52000045776367,47.97999954223633,48.10499954223633,33980,0.0,0.0
2023-05-03 11:30:00-04:00,48.11000061035156,48.22999954223633,48.02000045776367,48.165000915527344,18155,0.0,0.0
2023-05-03 12:30:00-04:00,48.130001068115234,48.28499984741211,47.97999954223633,48.28499984741211,18230,0.0,0.0
2023-05-03 13:30:00-04:00,48.29999923706055,48.36000061035156,48.029998779296875,48.20000076293945,38207,0.0,0.0
2023-05-03 14:30:00-04:00,48.20500183105469,48.494998931884766,47.60499954223633,47.60499954223633,80623,0.0,0.0
2023-05-03 15:30:00-04:00,47.54999923706055,47.625,47.310001373291016,47.5099983215332,132506,0.0,0.0
2023-05-04 09:30:00-04:00,47.439998626708984,47.87620162963867,46.36000061035156,46.43000030517578,46309,0.0,0.0
2023-05-04 10:30:00-04:00,46.47999954223633,46.65999984741211,45.84000015258789,46.34000015258789,59950,0.0,0.0
2023-05-04 11:30:00-04:00,46.400001525878906,46.540000915527344,46.20000076293945,46.47999954223633,31680,0.0,0.0
2023-05-04 12:30:00-04:00,46.529998779296875,46.95000076293945,46.400001525878906,46.88999938964844,45181,0.0,0.0
2023-05-04 13:30:00-04:00,46.8849983215332,46.95000076293945,46.665000915527344,46.7599983215332,63767,0.0,0.0
2023-05-04 14:30:00-04:00,46.709999084472656,46.814998626708984,46.435001373291016,46.619998931884766,42590,0.0,0.0
2023-05-04 15:30:00-04:00,46.599998474121094,46.65999984741211,46.380001068115234,46.400001525878906,80236,0.0,0.0
2023-05-05 09:30:00-04:00,48.47999954223633,48.709999084472656,46.84980010986328,47.68000030517578,40793,0.0,0.0
2023-05-05 10:30:00-04:00,47.654998779296875,48.099998474121094,47.439998626708984,47.56999969482422,69001,0.0,0.0
2023-05-05 11:30:00-04:00,47.54999923706055,47.93000030517578,47.52000045776367,47.849998474121094,39245,0.0,0.0
2023-05-05 12:30:00-04:00,47.83000183105469,48.334999084472656,47.810001373291016,48.27000045776367,38141,0.0,0.0
2023-05-05 13:30:00-04:00,48.279998779296875,48.61000061035156,48.209999084472656,48.529998779296875,44801,0.0,0.0
2023-05-05 14:30:00-04:00,48.560001373291016,48.93000030517578,48.43000030517578,48.540000915527344,51964,0.0,0.0
2023-05-05 15:30:00-04:00,48.529998779296875,48.529998779296875,48.18000030517578,48.369998931884766,125385,0.0,0.0
2023-05-08 09:30:00-04:00,48.68000030517578,49.04999923706055,47.48749923706055,47.75,41263,0.0,0.0
2023-05-08 10:30:00-04:00,47.755001068115234,47.939998626708984,47.279998779296875,47.290000915527344,50102,0.0,0.0
2023-05-08 11:30:00-04:00,47.25,47.47999954223633,46.84000015258789,47.22999954223633,54394,0.0,0.0
2023-05-08 12:30:00-04:00,47.290000915527344,47.290000915527344,47.06999969482422,47.2400016784668,23761,0.0,0.0
2023-05-08 13:30:00-04:00,47.2400016784668,47.400001525878906,46.86000061035156,47.150001525878906,56735,0.0,0.0
2023-05-08 14:30:00-04:00,47.119998931884766,47.349998474121094,47.06999969482422,47.189998626708984,43922,0.0,0.0
2023-05-08 15:30:00-04:00,47.25,47.380001068115234,47.20000076293945,47.34000015258789,93939,0.0,0.0
2023-05-09 09:30:00-04:00,47.099998474121094,47.900001525878906,46.77000045776367,47.584999084472656,155268,0.0,0.0
2023-05-09 10:30:00-04:00,47.68000030517578,47.85499954223633,47.345001220703125,47.36000061035156,179123,0.0,0.0
2023-05-09 11:30:00-04:00,47.369998931884766,47.630001068115234,47.22999954223633,47.29999923706055,35407,0.0,0.0
2023-05-09 12:30:00-04:00,47.34000015258789,47.4900016784668,47.310001373291016,47.310001373291016,25831,0.0,0.0
2023-05-09 13:30:00-04:00,47.29999923706055,47.52000045776367,47.189998626708984,47.310001373291016,46104,0.0,0.0
2023-05-09 14:30:00-04:00,47.33000183105469,47.3650016784668,47.099998474121094,47.185001373291016,63336,0.0,0.0
2023-05-09 15:30:00-04:00,47.19499969482422,47.40999984741211,46.9900016784668,47.11000061035156,204484,0.0,0.0
2023-05-10 09:30:00-04:00,46.880001068115234,46.935001373291016,45.22999954223633,45.58000183105469,208149,0.0,0.0
2023-05-10 10:30:00-04:00,45.619998931884766,45.70000076293945,44.7400016784668,44.779998779296875,122932,0.0,0.0
2023-05-10 11:30:00-04:00,44.775001525878906,44.88999938964844,44.18000030517578,44.29999923706055,131544,0.0,0.0
2023-05-10 12:30:00-04:00,44.3489990234375,44.79999923706055,44.119998931884766,44.255001068115234,139609,0.0,0.0
2023-05-10 13:30:00-04:00,44.255001068115234,45.20000076293945,44.13999938964844,45.04999923706055,154565,0.0,0.0
2023-05-10 14:30:00-04:00,45.04999923706055,45.630001068115234,45.0,45.60499954223633,128257,0.0,0.0
2023-05-10 15:30:00-04:00,45.619998931884766,45.810001373291016,45.52000045776367,45.560001373291016,206856,0.0,0.0
2023-05-11 09:30:00-04:00,45.279998779296875,45.36000061035156,44.625,44.81999969482422,32452,0.0,0.0
2023-05-11 10:30:00-04:00,44.810001373291016,44.90999984741211,44.58000183105469,44.755001068115234,44684,0.0,0.0
2023-05-11 11:30:00-04:00,44.7599983215332,45.27000045776367,44.7599983215332,44.974998474121094,49656,0.0,0.0
2023-05-11 12:30:00-04:00,44.974998474121094,45.08000183105469,44.79999923706055,45.029998779296875,31913,0.0,0.0
2023-05-11 13:30:00-04:00,45.060001373291016,45.255001068115234,44.959999084472656,45.099998474121094,41497,0.0,0.0
2023-05-11 14:30:00-04:00,45.130001068115234,45.25,45.07279968261719,45.154998779296875,53308,0.0,0.0
2023-05-11 15:30:00-04:00,45.15999984741211,45.16999816894531,44.95000076293945,45.01499938964844,79186,0.0,0.0
2023-05-12 09:30:00-04:00,44.97999954223633,45.65999984741211,44.97999954223633,45.439998626708984,33491,0.0,0.0
2023-05-12 10:30:00-04:00,45.4900016784668,45.525001525878906,45.15999984741211,45.310001373291016,33683,0.0,0.0
2023-05-12 11:30:00-04:00,45.310001373291016,45.52790069580078,45.27000045776367,45.41999816894531,28233,0.0,0.0
2023-05-12 12:30:00-04:00,45.404998779296875,45.61000061035156,45.29059982299805,45.59000015258789,27899,0.0,0.0
2023-05-12 13:30:00-04:00,45.584999084472656,45.79999923706055,45.439998626708984,45.7599983215332,149028,0.0,0.0
2023-05-12 14:30:00-04:00,45.75,46.13999938964844,45.709999084472656,45.935001373291016,98204,0.0,0.0
2023-05-12 15:30:00-04:00,45.974998474121094,46.02000045776367,45.689998626708984,45.91999816894531,253286,0.0,0.0
2023-05-15 09:30:00-04:00,45.97999954223633,46.13999938964844,45.47999954223633,45.810001373291016,83605,0.0,0.0
2023-05-15 10:30:00-04:00,46.040000915527344,46.290000915527344,45.91749954223633,46.25,24332,0.0,0.0
2023-05-15 11:30:00-04:00,46.25,46.459999084472656,46.20500183105469,46.3650016784668,43479,0.0,0.0
2023-05-15 12:30:00-04:00,46.400001525878906,46.7599983215332,46.32080078125,46.57500076293945,31969,0.0,0.0
2023-05-15 13:30:00-04:00,46.5099983215332,46.59000015258789,46.334999084472656,46.45500183105469,31319,0.0,0.0
2023-05-15 14:30:00-04:00,46.45000076293945,46.58000183105469,46.400001525878906,46.54999923706055,42760,0.0,0.0
2023-05-15 15:30:00-04:00,46.529998779296875,46.560001373291016,46.310001373291016,46.380001068115234,63716,0.0,0.0
2023-05-16 09:30:00-04:00,46.13999938964844,46.290000915527344,45.48500061035156,45.54999923706055,26448,0.0,0.0
2023-05-16 10:30:00-04:00,45.599998474121094,45.709999084472656,45.41999816894531,45.52000045776367,18673,0.0,0.0
2023-05-16 11:30:00-04:00,45.56999969482422,46.2599983215332,45.4900016784668,46.130001068115234,54100,0.0,0.0
2023-05-16 12:30:00-04:00,46.13999938964844,46.14899826049805,45.75,45.79999923706055,26952,0.0,0.0
2023-05-16 13:30:00-04:00,45.79999923706055,45.88999938964844,45.619998931884766,45.779998779296875,21872,0.0,0.0
2023-05-16 14:30:00-04:00,45.790000915527344,45.869998931884766,45.56999969482422,45.78499984741211,29493,0.0,0.0
2023-05-16 15:30:00-04:00,45.779998779296875,45.779998779296875,45.56999969482422,45.61000061035156,56636,0.0,0.0
2023-05-17 09:30:00-04:00,45.7400016784668,46.18000030517578,45.7400016784668,45.91999816894531,42759,0.0,0.0
2023-05-17 10:30:00-04:00,45.849998474121094,46.560001373291016,45.849998474121094,46.41999816894531,87241,0.0,0.0
2023-05-17 11:30:00-04:00,46.4900016784668,46.619998931884766,46.09000015258789,46.15999984741211,80185,0.0,0.0
2023-05-17 12:30:00-04:00,46.15999984741211,46.70000076293945,46.14500045776367,46.70000076293945,40705,0.0,0.0
2023-05-17 13:30:00-04:00,46.689998626708984,46.72999954223633,46.40999984741211,46.47999954223633,47963,0.0,0.0
2023-05-17 14:30:00-04:00,46.5099983215332,46.52000045776367,46.130001068115234,46.16999816894531,54726,0.0,0.0
2023-05-17 15:30:00-04:00,46.119998931884766,46.27000045776367,46.0099983215332,46.20000076293945,103199,0.0,0.0
2023-05-18 09:30:00-04:00,46.150001525878906,46.790000915527344,46.150001525878906,46.70000076293945,86037,0.0,0.0
2023-05-18 10:30:00-04:00,46.7400016784668,46.81999969482422,46.654998779296875,46.75,35925,0.0,0.0
2023-05-18 11:30:00-04:00,46.779998779296875,47.0,46.650001525878906,46.70500183105469,33539,0.0,0.0
2023-05-18 12:30:00-04:00,46.709999084472656,46.90999984741211,46.63999938964844,46.70500183105469,27295,0.0,0.0
2023-05-18 13:30:00-04:00,46.68000030517578,46.9900016784668,46.650001525878906,46.95000076293945,43784,0.0,0.0
2023-05-18 14:30:00-04:00,46.904998779296875,47.4900016784668,46.904998779296875,47.45000076293945,44824,0.0,0.0
2023-05-18 15:30:00-04:00,47.470001220703125,47.709999084472656,47.34000015258789,47.5099983215332,106426,0.0,0.0
2023-05-19 09:30:00-04:00,47.81999969482422,47.95000076293945,47.060001373291016,47.119998931884766,39024,0.0,0.0
2023-05-19 10:30:00-04:00,47.16999816894531,47.22999954223633,46.5,46.56999969482422,38864,0.0,0.0
2023-05-19 11:30:00-04:00,46.5099983215332,46.70000076293945,46.34000015258789,46.689998626708984,36699,0.0,0.0
2023-05-19 12:30:00-04:00,46.68000030517578,46.88999938964844,46.61000061035156,46.66999816894531,26109,0.0,0.0
2023-05-19 13:30:00-04:00,46.689998626708984,46.79999923706055,46.599998474121094,46.65999984741211,31610,0.0,0.0
2023-05-19 14:30:00-04:00,46.60499954223633,46.939998626708984,46.599998474121094,46.90999984741211,57222,0.0,0.0
2023-05-19 15:30:00-04:00,46.900001525878906,47.119998931884766,46.88999938964844,47.119998931884766,81186,0.0,0.0
2023-05-22 09:30:00-04:00,47.209999084472656,47.209999084472656,46.63999938964844,46.7400016784668,41703,0.0,0.0
2023-05-22 10:30:00-04:00,46.714500427246094,46.714500427246094,46.32500076293945,46.45000076293945,43211,0.0,0.0
2023-05-22 11:30:00-04:00,46.439998626708984,46.83000183105469,46.380001068115234,46.72999954223633,37523,0.0,0.0
2023-05-22 12:30:00-04:00,46.744998931884766,46.959999084472656,46.70000076293945,46.8650016784668,23801,0.0,0.0
2023-05-22 13:30:00-04:00,46.8650016784668,46.900001525878906,46.65999984741211,46.86000061035156,40028,0.0,0.0
2023-05-22 14:30:00-04:00,46.86000061035156,47.040000915527344,46.720001220703125,46.790000915527344,73931,0.0,0.0
2023-05-22 15:30:00-04:00,46.79999923706055,46.900001525878906,46.77000045776367,46.900001525878906,126655,0.0,0.0
2023-05-23 09:30:00-04:00,46.61000061035156,46.93000030517578,46.11000061035156,46.93000030517578,38709,0.0,0.0
2023-05-23 10:30:00-04:00,46.86000061035156,47.06999969482422,46.56999969482422,46.720001220703125,45362,0.0,0.0
2023-05-23 11:30:00-04:00,46.720001220703125,46.720001220703125,46.34000015258789,46.47999954223633,62626,0.0,0.0
2023-05-23 12:30:00-04:00,46.47999954223633,46.56949996948242,46.29999923706055,46.400001525878906,105255,0.0,0.0
2023-05-23 13:30:00-04:00,46.404998779296875,46.66999816894531,46.244998931884766,46.435001373291016,60687,0.0,0.0
2023-05-23 14:30:00-04:00,46.43000030517578,46.630001068115234,46.34809875488281,46.59000015258789,78106,0.0,0.0
2023-05-23 15:30:00-04:00,46.59000015258789,46.720001220703125,46.494998931884766,46.5099983215332,107778,0.0,0.0
2023-05-24 09:30:00-04:00,46.0,46.41999816894531,45.5099983215332,45.560001373291016,115171,0.0,0.0
2023-05-24 10:30:00-04:00,45.4900016784668,46.029998779296875,45.2400016784668,45.60499954223633,46508,0.0,0.0
2023-05-24 11:30:00-04:00,45.60499954223633,45.70000076293945,45.5,45.70000076293945,85297,0.0,0.0
2023-05-24 12:30:00-04:00,45.689998626708984,46.13999938964844,45.68000030517578,45.98500061035156,28685,0.0,0.0
2023-05-24 13:30:00-04:00,45.974998474121094,46.119998931884766,45.630001068115234,45.630001068115234,38641,0.0,0.0
2023-05-24 14:30:00-04:00,45.720001220703125,46.310001373291016,45.45000076293945,46.29499816894531,302772,0.0,0.0
2023-05-24 15:30:00-04:00,46.279998779296875,46.39899826049805,45.790000915527344,46.029998779296875,175926,0.0,0.0
2023-05-25 09:30:00-04:00,46.04999923706055,46.84000015258789,45.970001220703125,46.13999938964844,44986,0.0,0.0
2023-05-25 10:30:00-04:00,46.08000183105469,46.08000183105469,45.625,45.79999923706055,52886,0.0,0.0
2023-05-25 11:30:00-04:00,45.80500030517578,45.96500015258789,45.709999084472656,45.880001068115234,32591,0.0,0.0
2023-05-25 12:30:00-04:00,45.88999938964844,45.95000076293945,45.779998779296875,45.93000030517578,20127,0.0,0.0
2023-05-25 13:30:00-04:00,45.93000030517578,46.0,45.70000076293945,45.939998626708984,26367,0.0,0.0
2023-05-25 14:30:00-04:00,45.9474983215332,45.9474983215332,45.70000076293945,45.880001068115234,34205,0.0,0.0
2023-05-25 15:30:00-04:00,45.849998474121094,45.869998931884766,45.619998931884766,45.63999938964844,88652,0.0,0.0
2023-05-26 09:30:00-04:00,45.58000183105469,45.88999938964844,45.119998931884766,45.3849983215332,37749,0.0,0.0
2023-05-26 10:30:00-04:00,45.34000015258789,45.68000030517578,45.34000015258789,45.584999084472656,35437,0.0,0.0
2023-05-26 11:30:00-04:00,45.54999923706055,45.904998779296875,45.54999923706055,45.904998779296875,33960,0.0,0.0
2023-05-26 12:30:00-04:00,45.90999984741211,45.91999816894531,45.599998474121094,45.61000061035156,15906,0.0,0.0
2023-05-26 13:30:00-04:00,45.650001525878906,45.66999816894531,45.5,45.52000045776367,16396,0.0,0.0
2023-05-26 14:30:00-04:00,45.5,45.689998626708984,45.470001220703125,45.65999984741211,26844,0.0,0.0
2023-05-26 15:30:00-04:00,45.65999984741211,45.79999923706055,45.599998474121094,45.65999984741211,52696,0.0,0.0
2023-05-30 09:30:00-04:00,45.630001068115234,45.8849983215332,45.22999954223633,45.52000045776367,23666,0.0,0.0
2023-05-30 10:30:00-04:00,45.45000076293945,45.64500045776367,45.279998779296875,45.40999984741211,24310,0.0,0.0
2023-05-30 11:30:00-04:00,45.44499969482422,45.625,45.40999984741211,45.599998474121094,20076,0.0,0.0
2023-05-30 12:30:00-04:00,45.5724983215332,45.650001525878906,45.505001068115234,45.540000915527344,20810,0.0,0.0
2023-05-30 13:30:00-04:00,45.52000045776367,45.869998931884766,45.4900016784668,45.79999923706055,28876,0.0,0.0
2023-05-30 14:30:00-04:00,45.7599983215332,45.935001373291016,45.69499969482422,45.790000915527344,24097,0.0,0.0
2023-05-30 15:30:00-04:00,45.790000915527344,45.810001373291016,45.540000915527344,45.59000015258789,58802,0.0,0.0
2023-05-31 09:30:00-04:00,45.439998626708984,45.650001525878906,44.939998626708984,44.95000076293945,31568,0.0,0.0
2023-05-31 10:30:00-04:00,44.970001220703125,45.150001525878906,44.65999984741211,45.029998779296875,39063,0.0,0.0
2023-05-31 11:30:00-04:00,45.040000915527344,45.11000061035156,44.91999816894531,44.95000076293945,17447,0.0,0.0
2023-05-31 12:30:00-04:00,44.95000076293945,45.220001220703125,44.95000076293945,45.209999084472656,26634,0.0,0.0
2023-05-31 13:30:00-04:00,45.2400016784668,45.5364990234375,45.2400016784668,45.5099983215332,35090,0.0,0.0
2023-05-31 14:30:00-04:00,45.52000045776367,45.630001068115234,45.31999969482422,45.40999984741211,44291,0.0,0.0
2023-05-31 15:30:00-04:00,45.38999938964844,45.720001220703125,45.38999938964844,45.58000183105469,106892,0.0,0.0
2023-06-01 09:30:00-04:00,45.470001220703125,45.54999923706055,45.060001373291016,45.33000183105469,51724,0.0,0.0
2023-06-01 10:30:00-04:00,45.310001373291016,45.900001525878906,45.25,45.900001525878906,32827,0.0,0.0
2023-06-01 11:30:00-04:00,45.900001525878906,46.06999969482422,45.81999969482422,46.029998779296875,36362,0.0,0.0
2023-06-01 12:30:00-04:00,46.02000045776367,46.04499816894531,45.75,45.779998779296875,28710,0.0,0.0
2023-06-01 13:30:00-04:00,45.78499984741211,46.2400016784668,45.78499984741211,46.189998626708984,27403,0.0,0.0
2023-06-01 14:30:00-04:00,46.18000030517578,46.2400016784668,46.02000045776367,46.11000061035156,50673,0.0,0.0
2023-06-01 15:30:00-04:00,46.130001068115234,46.20000076293945,45.970001220703125,46.04999923706055,105329,0.0,0.0
2023-06-02 09:30:00-04:00,46.66999816894531,47.220001220703125,46.61000061035156,46.790000915527344,33515,0.0,0.0
2023-06-02 10:30:00-04:00,46.849998474121094,47.060001373291016,46.689998626708984,46.779998779296875,42062,0.0,0.0
2023-06-02 11:30:00-04:00,46.7400016784668,46.86000061035156,46.400001525878906,46.845001220703125,30523,0.0,0.0
2023-06-02 12:30:00-04:00,46.880001068115234,47.58000183105469,46.83000183105469,47.540000915527344,79756,0.0,0.0
2023-06-02 13:30:00-04:00,47.5,47.56999969482422,47.119998931884766,47.29999923706055,48812,0.0,0.0
2023-06-02 14:30:00-04:00,47.36000061035156,47.47999954223633,47.060001373291016,47.099998474121094,77138,0.0,0.0
2023-06-02 15:30:00-04:00,47.09000015258789,47.2599983215332,47.029998779296875,47.18000030517578,105249,0.0,0.0
2023-06-05 09:30:00-04:00,46.650001525878906,46.900001525878906,46.41999816894531,46.69499969482422,28660,0.0,0.0
2023-06-05 10:30:00-04:00,46.599998474121094,46.810001373291016,46.439998626708984,46.48500061035156,21239,0.0,0.0
2023-06-05 11:30:00-04:00,46.47999954223633,46.78499984741211,46.47999954223633,46.53499984741211,38227,0.0,0.0
2023-06-05 12:30:00-04:00,46.540000915527344,46.779998779296875,46.45000076293945,46.584999084472656,46418,0.0,0.0
2023-06-05 13:30:00-04:00,46.650001525878906,46.650001525878906,46.310001373291016,46.599998474121094,42800,0.0,0.0
2023-06-05 14:30:00-04:00,46.560001373291016,46.72999954223633,46.440101623535156,46.619998931884766,52507,0.0,0.0
2023-06-05 15:30:00-04:00,46.619998931884766,46.86000061035156,46.56999969482422,46.849998474121094,75355,0.0,0.0
2023-06-06 09:30:00-04:00,47.0,47.61750030517578,46.83000183105469,47.505001068115234,27541,0.0,0.0
2023-06-06 10:30:00-04:00,47.54499816894531,48.130001068115234,47.505001068115234,48.04499816894531,42684,0.0,0.0
2023-06-06 11:30:00-04:00,48.04499816894531,48.36000061035156,47.91999816894531,48.060001373291016,56380,0.0,0.0
2023-06-06 12:30:00-04:00,48.099998474121094,48.18000030517578,47.869998931884766,48.01499938964844,45519,0.0,0.0
2023-06-06 13:30:00-04:00,48.005001068115234,48.30500030517578,47.959999084472656,48.19169998168945,44314,0.0,0.0
2023-06-06 14:30:00-04:00,48.16999816894531,48.54999923706055,48.15999984741211,48.494998931884766,223896,0.0,0.0
2023-06-06 15:30:00-04:00,48.470001220703125,48.52000045776367,48.349998474121094,48.369998931884766,167141,0.0,0.0
2023-06-07 09:30:00-04:00,48.439998626708984,48.959999084472656,48.25,48.25,138598,0.0,0.0
2023-06-07 10:30:00-04:00,48.290000915527344,48.41999816894531,47.84000015258789,48.279998779296875,94692,0.0,0.0
2023-06-07 11:30:00-04:00,48.26499938964844,48.380001068115234,47.93000030517578,48.25,105391,0.0,0.0
2023-06-07 12:30:00-04:00,48.22999954223633,48.46989822387695,48.16999816894531,48.345001220703125,44606,0.0,0.0
2023-06-07 13:30:00-04:00,48.279998779296875,48.68000030517578,48.15999984741211,48.68000030517578,44596,0.0,0.0
2023-06-07 14:30:00-04:00,48.619998931884766,48.720001220703125,48.47999954223633,48.529998779296875,57088,0.0,0.0
2023-06-07 15:30:00-04:00,48.55500030517578,48.6349983215332,48.29999923706055,48.560001373291016,125034,0.0,0.0
2023-06-08 09:30:00-04:00,48.43000030517578,48.96500015258789,46.81999969482422,48.92499923706055,34841,0.0,0.0
2023-06-08 10:30:00-04:00,48.939998626708984,49.04999923706055,48.70000076293945,49.04999923706055,25615,0.0,0.0
2023-06-08 11:30:00-04:00,49.04999923706055,49.369998931884766,49.040000915527344,49.369998931884766,20343,0.0,0.0
2023-06-08 12:30:00-04:00,49.33000183105469,49.54999923706055,49.33000183105469,49.52000045776367,26666,0.0,0.0
2023-06-08 13:30:00-04:00,49.529998779296875,49.7400016784668,49.36000061035156,49.68000030517578,25231,0.0,0.0
2023-06-08 14:30:00-04:00,49.68000030517578,49.810001373291016,49.43000030517578,49.689998626708984,52828,0.0,0.0
2023-06-08 15:30:00-04:00,49.66999816894531,49.68000030517578,49.35499954223633,49.43000030517578,103699,0.0,0.0
2023-06-09 09:30:00-04:00,49.34000015258789,49.69499969482422,49.19499969482422,49.69499969482422,19511,0.0,0.0
2023-06-09 10:30:00-04:00,49.67499923706055,49.71989822387695,49.07500076293945,49.20000076293945,30715,0.0,0.0
2023-06-09 11:30:00-04:00,49.119998931884766,49.189998626708984,48.8650016784668,48.8650016784668,21536,0.0,0.0
2023-06-09 12:30:00-04:00,48.900001525878906,49.099998474121094,48.79999923706055,49.0099983215332,23176,0.0,0.0
2023-06-09 13:30:00-04:00,49.0099983215332,49.119998931884766,48.880001068115234,49.029998779296875,28773,0.0,0.0
2023-06-09 14:30:00-04:00,49.029998779296875,49.2599983215332,49.0099983215332,49.125,32070,0.0,0.0
2023-06-09 15:30:00-04:00,49.125,49.130001068115234,48.95000076293945,49.0,44760,0.0,0.0
2023-06-12 09:30:00-04:00,49.189998626708984,49.7599983215332,48.79999923706055,49.380001068115234,30089,0.0,0.0
2023-06-12 10:30:00-04:00,49.400001525878906,49.5,49.25,49.34000015258789,20906,0.0,0.0
2023-06-12 11:30:00-04:00,49.349998474121094,49.54999923706055,49.34000015258789,49.470001220703125,14136,0.0,0.0
2023-06-12 12:30:00-04:00,49.470001220703125,49.58000183105469,49.27000045776367,49.45500183105469,12519,0.0,0.0
2023-06-12 13:30:00-04:00,49.459999084472656,49.630001068115234,49.43000030517578,49.584999084472656,21341,0.0,0.0
2023-06-12 14:30:00-04:00,49.59000015258789,49.75,49.529998779296875,49.73500061035156,25756,0.0,0.0
2023-06-12 15:30:00-04:00,49.73500061035156,49.73500061035156,49.42499923706055,49.5099983215332,53294,0.0,0.0
2023-06-13 09:30:00-04:00,49.720001220703125,50.4900016784668,49.720001220703125,50.16999816894531,126569,0.0,0.0
2023-06-13 10:30:00-04:00,50.2400016784668,50.65999984741211,50.11000061035156,50.47999954223633,56839,0.0,0.0
2023-06-13 11:30:00-04:00,50.540000915527344,50.540000915527344,50.08000183105469,50.2400016784668,28558,0.0,0.0
2023-06-13 12:30:00-04:00,50.150001525878906,50.290000915527344,49.81999969482422,50.0099983215332,88267,0.0,0.0
2023-06-13 13:30:00-04:00,49.970001220703125,49.993099212646484,49.51499938964844,49.51499938964844,31458,0.0,0.0
2023-06-13 14:30:00-04:00,49.505001068115234,49.709999084472656,49.470001220703125,49.56999969482422,45014,0.0,0.0
2023-06-13 15:30:00-04:00,49.58000183105469,49.75,49.4900016784668,49.7400016784668,88796,0.0,0.0
2023-06-14 09:30:00-04:00,49.47999954223633,49.81999969482422,49.119998931884766,49.189998626708984,28827,0.0,0.0
2023-06-14 10:30:00-04:00,49.2599983215332,49.47999954223633,49.11000061035156,49.279998779296875,34048,0.0,0.0
2023-06-14 11:30:00-04:00,49.28499984741211,49.28499984741211,48.90999984741211,49.02000045776367,35275,0.0,0.0
2023-06-14 12:30:00-04:00,49.040000915527344,49.060001373291016,48.84000015258789,48.91999816894531,33765,0.0,0.0
2023-06-14 13:30:00-04:00,48.93000030517578,48.93000030517578,48.36000061035156,48.505001068115234,56898,0.0,0.0
2023-06-14 14:30:00-04:00,48.52000045776367,49.0,48.400001525878906,48.814998626708984,82529,0.0,0.0
2023-06-14 15:30:00-04:00,48.77000045776367,48.83000183105469,48.4900016784668,48.79999923706055,71498,0.0,0.0
2023-06-15 09:30:00-04:00,48.77000045776367,48.959999084472656,48.47999954223633,48.529998779296875,23049,0.0,0.0
2023-06-15 10:30:00-04:00,48.540000915527344,48.59000015258789,48.13999938964844,48.33000183105469,36174,0.0,0.0
2023-06-15 11:30:00-04:00,48.31999969482422,48.36000061035156,47.9900016784668,48.18000030517578,66453,0.0,0.0
2023-06-15 12:30:00-04:00,48.189998626708984,48.25199890136719,47.95000076293945,48.04999923706055,25994,0.0,0.0
2023-06-15 13:30:00-04:00,48.040000915527344,48.349998474121094,48.029998779296875,48.29999923706055,43118,0.0,0.0
2023-06-15 14:30:00-04:00,48.310001373291016,48.560001373291016,48.310001373291016,48.45000076293945,40284,0.0,0.0
2023-06-15 15:30:00-04:00,48.470001220703125,48.560001373291016,48.42499923706055,48.560001373291016,74702,0.0,0.0
2023-06-16 09:30:00-04:00,48.91999816894531,48.91999816894531,48.099998474121094,48.470001220703125,94110,0.0,0.0
2023-06-16 10:30:00-04:00,48.525001525878906,48.525001525878906,48.0,48.130001068115234,153324,0.0,0.0
2023-06-16 11:30:00-04:00,48.21500015258789,48.220001220703125,47.59000015258789,47.775001525878906,46791,0.0,0.0
2023-06-16 12:30:00-04:00,47.85499954223633,47.869998931884766,47.52000045776367,47.59000015258789,41436,0.0,0.0
2023-06-16 13:30:00-04:00,47.560001373291016,47.59000015258789,47.33000183105469,47.38999938964844,44181,0.0,0.0
2023-06-16 14:30:00-04:00,47.36000061035156,47.459999084472656,47.18000030517578,47.2400016784668,59306,0.0,0.0
2023-06-16 15:30:00-04:00,47.255001068115234,47.65999984741211,47.13999938964844,47.31999969482422,115754,0.0,0.0
2023-06-20 09:30:00-04:00,47.11000061035156,47.36000061035156,46.38999938964844,46.439998626708984,38493,0.0,0.0
2023-06-20 10:30:00-04:00,46.540000915527344,46.650001525878906,46.310001373291016,46.41999816894531,34779,0.0,0.0
2023-06-20 11:30:00-04:00,46.45000076293945,46.79999923706055,46.380001068115234,46.79999923706055,22383,0.0,0.0
2023-06-20 12:30:00-04:00,46.755001068115234,46.81999969482422,46.59400177001953,46.70000076293945,24276,0.0,0.0
2023-06-20 13:30:00-04:00,46.70000076293945,46.9900016784668,46.61000061035156,46.930999755859375,32420,0.0,0.0
2023-06-20 14:30:00-04:00,46.93000030517578,46.95000076293945,46.7599983215332,46.869998931884766,63669,0.0,0.0
2023-06-20 15:30:00-04:00,46.875,46.88999938964844,46.68000030517578,46.70000076293945,121738,0.0,0.0
2023-06-21 09:30:00-04:00,46.65999984741211,47.20500183105469,46.5,47.005001068115234,27920,0.0,0.0
2023-06-21 10:30:00-04:00,47.005001068115234,47.01499938964844,46.7400016784668,46.9900016784668,30954,0.0,0.0
2023-06-21 11:30:00-04:00,46.970001220703125,47.18000030517578,46.900001525878906,46.90999984741211,23833,0.0,0.0
2023-06-21 12:30:00-04:00,46.900001525878906,47.165000915527344,46.79999923706055,47.165000915527344,45993,0.0,0.0
2023-06-21 13:30:00-04:00,47.19499969482422,47.33000183105469,47.060001373291016,47.220001220703125,66784,0.0,0.0
2023-06-21 14:30:00-04:00,47.2400016784668,47.279998779296875,46.959999084472656,46.959999084472656,42513,0.0,0.0
2023-06-21 15:30:00-04:00,46.974998474121094,47.07500076293945,46.84000015258789,46.95500183105469,80589,0.0,0.0
2023-06-22 09:30:00-04:00,46.86000061035156,46.86000061035156,46.41999816894531,46.66999816894531,17657,0.0,0.0
2023-06-22 10:30:00-04:00,46.68000030517578,46.7400016784668,46.36000061035156,46.4375,16899,0.0,0.0
2023-06-22 11:30:00-04:00,46.459999084472656,46.63999938964844,46.369998931884766,46.47999954223633,14771,0.0,0.0
2023-06-22 12:30:00-04:00,46.4900016784668,46.619998931884766,46.36000061035156,46.38999938964844,14293,0.0,0.0
2023-06-22 13:30:00-04:00,46.27000045776367,46.47999954223633,46.18000030517578,46.2599983215332,27051,0.0,0.0
2023-06-22 14:30:00-04:00,46.2599983215332,46.279998779296875,45.619998931884766,45.654998779296875,105180,0.0,0.0
2023-06-22 15:30:00-04:00,45.654998779296875,45.73500061035156,45.560001373291016,45.599998474121094,139103,0.0,0.0
2023-06-23 09:30:00-04:00,45.18000030517578,45.43000030517578,44.60499954223633,44.779998779296875,92759,0.0,0.0
2023-06-23 10:30:00-04:00,44.79999923706055,44.814998626708984,44.43000030517578,44.619998931884766,74674,0.0,0.0
2023-06-23 11:30:00-04:00,44.665000915527344,44.779998779296875,44.5,44.709999084472656,58727,0.0,0.0
2023-06-23 12:30:00-04:00,44.72999954223633,44.72999954223633,44.474998474121094,44.529998779296875,67254,0.0,0.0
2023-06-23 13:30:00-04:00,44.529998779296875,44.56999969482422,44.13999938964844,44.2599983215332,191387,0.0,0.0
2023-06-23 14:30:00-04:00,44.22999954223633,44.45000076293945,43.970001220703125,44.040000915527344,126684,0.0,0.0
2023-06-23 15:30:00-04:00,44.029998779296875,44.36000061035156,43.970001220703125,44.31999969482422,219220,0.0,0.0
2023-06-26 09:30:00-04:00,44.18000030517578,44.97999954223633,44.18000030517578,44.584999084472656,20679,0.0,0.0
2023-06-26 10:30:00-04:00,44.60499954223633,44.60499954223633,44.349998474121094,44.43000030517578,29056,0.0,0.0
2023-06-26 11:30:00-04:00,44.439998626708984,44.869998931884766,44.22999954223633,44.849998474121094,41305,0.0,0.0
2023-06-26 12:30:00-04:00,44.83000183105469,44.959999084472656,44.63999938964844,44.88999938964844,36936,0.0,0.0
2023-06-26 13:30:00-04:00,44.904998779296875,44.904998779296875,44.72999954223633,44.77000045776367,38273,0.0,0.0
2023-06-26 14:30:00-04:00,44.810001373291016,44.93000030517578,44.779998779296875,44.86000061035156,39818,0.0,0.0
2023-06-26 15:30:00-04:00,44.83000183105469,44.880001068115234,44.630001068115234,44.63999938964844,78441,0.0,0.0
2023-06-27 09:30:00-04:00,44.91999816894531,45.34000015258789,44.83000183105469,45.20600128173828,35086,0.0,0.0
2023-06-27 10:30:00-04:00,45.2599983215332,45.4900016784668,45.209999084472656,45.46500015258789,31209,0.0,0.0
2023-06-27 11:30:00-04:00,45.529998779296875,45.68000030517578,45.400001525878906,45.619998931884766,19540,0.0,0.0
2023-06-27 12:30:00-04:00,45.595001220703125,46.2599983215332,45.595001220703125,46.185001373291016,310494,0.0,0.0
2023-06-27 13:30:00-04:00,46.18000030517578,46.20209884643555,45.9900016784668,46.08000183105469,32069,0.0,0.0
2023-06-27 14:30:00-04:00,46.08000183105469,46.810001373291016,46.06999969482422,46.625,145771,0.0,0.0
2023-06-27 15:30:00-04:00,46.55500030517578,46.66999816894531,46.34000015258789,46.540000915527344,328746,0.0,0.0
2023-06-28 09:30:00-04:00,46.45000076293945,46.67499923706055,46.029998779296875,46.60499954223633,38131,0.0,0.0
2023-06-28 10:30:00-04:00,46.630001068115234,46.689998626708984,46.27000045776367,46.630001068115234,36753,0.0,0.0
2023-06-28 11:30:00-04:00,46.599998474121094,46.8661003112793,46.220001220703125,46.25,49328,0.0,0.0
2023-06-28 12:30:00-04:00,46.22999954223633,46.2599983215332,45.83000183105469,46.209999084472656,95155,0.0,0.0
2023-06-28 13:30:00-04:00,46.13999938964844,46.16999816894531,46.025001525878906,46.125,38865,0.0,0.0
2023-06-28 14:30:00-04:00,46.130001068115234,46.36000061035156,46.04999923706055,46.189998626708984,51648,0.0,0.0
2023-06-28 15:30:00-04:00,46.19499969482422,46.2599983215332,46.0,46.209999084472656,115545,0.0,0.0
2023-06-29 09:30:00-04:00,46.150001525878906,46.7599983215332,46.150001525878906,46.63999938964844,25683,0.0,0.0
2023-06-29 10:30:00-04:00,46.650001525878906,46.702598571777344,46.439998626708984,46.53499984741211,21217,0.0,0.0
2023-06-29 11:30:00-04:00,46.59000015258789,46.88999938964844,46.5099983215332,46.845001220703125,25463,0.0,0.0
2023-06-29 12:30:00-04:00,46.81999969482422,46.88999938964844,46.529998779296875,46.54999923706055,29063,0.0,0.0
2023-06-29 13:30:00-04:00,46.529998779296875,46.59000015258789,46.220001220703125,46.415000915527344,36480,0.0,0.0
2023-06-29 14:30:00-04:00,46.41999816894531,46.6599006652832,46.38999938964844,46.6349983215332,30972,0.0,0.0
2023-06-29 15:30:00-04:00,46.630001068115234,46.900001525878906,46.560001373291016,46.869998931884766,80183,0.0,0.0
2023-06-30 09:30:00-04:00,47.27000045776367,47.27000045776367,46.68000030517578,46.689998626708984,153987,0.0,0.0
2023-06-30 10:30:00-04:00,46.70500183105469,47.029998779296875,46.58000183105469,46.970001220703125,33335,0.0,0.0
2023-06-30 11:30:00-04:00,46.93000030517578,47.064998626708984,46.84000015258789,47.03499984741211,132934,0.0,0.0
2023-06-30 12:30:00-04:00,47.06999969482422,47.255001068115234,47.040000915527344,47.040000915527344,13210,0.0,0.0
2023-06-30 13:30:00-04:00,47.02000045776367,47.31999969482422,46.91999816894531,47.220001220703125,77672,0.0,0.0
2023-06-30 14:30:00-04:00,47.23500061035156,47.25,47.08000183105469,47.119998931884766,28613,0.0,0.0
2023-06-30 15:30:00-04:00,47.119998931884766,47.119998931884766,46.7599983215332,46.779998779296875,80710,0.0,0.0
2023-07-03 09:30:00-04:00,46.650001525878906,47.04999923706055,46.612998962402344,46.880001068115234,24546,0.0,0.0
2023-07-03 10:30:00-04:00,46.935001373291016,47.1150016784668,46.83000183105469,47.040000915527344,31861,0.0,0.0
2023-07-03 11:30:00-04:00,47.09000015258789,47.119998931884766,46.939998626708984,47.005001068115234,17919,0.0,0.0
2023-07-05 09:30:00-04:00,46.34000015258789,46.369998931884766,45.6349983215332,45.72999954223633,34904,0.0,0.0
2023-07-05 10:30:00-04:00,45.7599983215332,46.189998626708984,45.7599983215332,46.060001373291016,73690,0.0,0.0
2023-07-05 11:30:00-04:00,46.06999969482422,46.119998931884766,45.95000076293945,46.025001525878906,48976,0.0,0.0
2023-07-05 12:30:00-04:00,46.020999908447266,46.03499984741211,45.36000061035156,45.369998931884766,36591,0.0,0.0
2023-07-05 13:30:00-04:00,45.39500045776367,45.6234016418457,45.369998931884766,45.59000015258789,40412,0.0,0.0
2023-07-05 14:30:00-04:00,45.58000183105469,46.005001068115234,45.57500076293945,46.0,58654,0.0,0.0
2023-07-05 15:30:00-04:00,46.0,46.11000061035156,45.76499938964844,45.959999084472656,155199,0.0,0.0
2023-07-06 09:30:00-04:00,45.5099983215332,45.88999938964844,44.88999938964844,44.93000030517578,27217,0.0,0.0
2023-07-06 10:30:00-04:00,44.88999938964844,44.90999984741211,44.625,44.7400016784668,24518,0.0,0.0
2023-07-06 11:30:00-04:00,44.709999084472656,45.0099983215332,44.709999084472656,44.95000076293945,20238,0.0,0.0
2023-07-06 12:30:00-04:00,44.959999084472656,45.209999084472656,44.95000076293945,45.150001525878906,24480,0.0,0.0
2023-07-06 13:30:00-04:00,45.209999084472656,45.209999084472656,45.025001525878906,45.154998779296875,33477,0.0,0.0
2023-07-06 14:30:00-04:00,45.150001525878906,45.2599983215332,45.125,45.125,22565,0.0,0.0
2023-07-06 15:30:00-04:00,45.125,45.75,45.08000183105469,45.560001373291016,147089,0.0,0.0
2023-07-07 09:30:00-04:00,45.7400016784668,46.119998931884766,45.7400016784668,45.97999954223633,17391,0.0,0.0
2023-07-07 10:30:00-04:00,45.97999954223633,46.27000045776367,45.91999816894531,46.18000030517578,24931,0.0,0.0
2023-07-07 11:30:00-04:00,46.18000030517578,46.31999969482422,46.08000183105469,46.310001373291016,15861,0.0,0.0
2023-07-07 12:30:00-04:00,46.369998931884766,46.599998474121094,46.3650016784668,46.599998474121094,14840,0.0,0.0
2023-07-07 13:30:00-04:00,46.59000015258789,46.65999984741211,46.47999954223633,46.65999984741211,19164,0.0,0.0
2023-07-07 14:30:00-04:00,46.65999984741211,46.709999084472656,46.525001525878906,46.58000183105469,24142,0.0,0.0
2023-07-07 15:30:00-04:00,46.60499954223633,46.779998779296875,46.40999984741211,46.75,171344,0.0,0.0
2023-07-10 09:30:00-04:00,46.720001220703125,47.54999923706055,46.709999084472656,47.4900016784668,39925,0.0,0.0
2023-07-10 10:30:00-04:00,47.5,47.89500045776367,47.369998931884766,47.89500045776367,36932,0.0,0.0
2023-07-10 11:30:00-04:00,47.880001068115234,47.9900016784668,47.650001525878906,47.97999954223633,26295,0.0,0.0
2023-07-10 12:30:00-04:00,47.97999954223633,48.2599983215332,47.904998779296875,48.20000076293945,29361,0.0,0.0
2023-07-10 13:30:00-04:00,48.249900817871094,48.54999923706055,48.249900817871094,48.529998779296875,30475,0.0,0.0
2023-07-10 14:30:00-04:00,48.5099983215332,48.54499816894531,48.29999923706055,48.42499923706055,51722,0.0,0.0
2023-07-10 15:30:00-04:00,48.40999984741211,48.459999084472656,48.22999954223633,48.39500045776367,97104,0.0,0.0
2023-07-11 09:30:00-04:00,48.63999938964844,49.25,48.505001068115234,49.15999984741211,29701,0.0,0.0
2023-07-11 10:30:00-04:00,49.08000183105469,49.13999938964844,48.36000061035156,48.4900016784668,50210,0.0,0.0
2023-07-11 11:30:00-04:00,48.4900016784668,48.65999984741211,48.45000076293945,48.54499816894531,23297,0.0,0.0
2023-07-11 12:30:00-04:00,48.560001373291016,48.900001525878906,48.560001373291016,48.81999969482422,24581,0.0,0.0
2023-07-11 13:30:00-04:00,48.79999923706055,48.834999084472656,48.689998626708984,48.83000183105469,22703,0.0,0.0
2023-07-11 14:30:00-04:00,48.810001373291016,48.880001068115234,48.7400016784668,48.7400016784668,35557,0.0,0.0
2023-07-11 15:30:00-04:00,48.7400016784668,48.810001373291016,48.56999969482422,48.630001068115234,81129,0.0,0.0
2023-07-12 09:30:00-04:00,49.33000183105469,49.33000183105469,48.60499954223633,48.81999969482422,29278,0.0,0.0
2023-07-12 10:30:00-04:00,48.88999938964844,48.959999084472656,48.75,48.904998779296875,23040,0.0,0.0
2023-07-12 11:30:00-04:00,48.88999938964844,48.93000030517578,48.68000030517578,48.70000076293945,19590,0.0,0.0
2023-07-12 12:30:00-04:00,48.70500183105469,48.79499816894531,48.66999816894531,48.72999954223633,17581,0.0,0.0
2023-07-12 13:30:00-04:00,48.720001220703125,48.90999984741211,48.709999084472656,48.790000915527344,21157,0.0,0.0
2023-07-12 14:30:00-04:00,48.775001525878906,48.775001525878906,48.584999084472656,48.61000061035156,26626,0.0,0.0
2023-07-12 15:30:00-04:00,48.595001220703125,48.72999954223633,48.459999084472656,48.4900016784668,92825,0.0,0.0
2023-07-13 09:30:00-04:00,48.72999954223633,49.470001220703125,48.65999984741211,49.439998626708984,34314,0.0,0.0
2023-07-13 10:30:00-04:00,49.439998626708984,49.52000045776367,49.025001525878906,49.084999084472656,34825,0.0,0.0
2023-07-13 11:30:00-04:00,49.084999084472656,49.185001373291016,48.845001220703125,49.185001373291016,35665,0.0,0.0
2023-07-13 12:30:00-04:00,49.150001525878906,49.15999984741211,48.775001525878906,48.97999954223633,27213,0.0,0.0
2023-07-13 13:30:00-04:00,48.97999954223633,49.0,48.82500076293945,48.93000030517578,26863,0.0,0.0
2023-07-13 14:30:00-04:00,48.900001525878906,49.09000015258789,48.84000015258789,49.06999969482422,67048,0.0,0.0
2023-07-13 15:30:00-04:00,49.06999969482422,49.11000061035156,48.65999984741211,48.70000076293945,91522,0.0,0.0
2023-07-14 09:30:00-04:00,48.779998779296875,48.779998779296875,48.29999923706055,48.3650016784668,38360,0.0,0.0
2023-07-14 10:30:00-04:00,48.33000183105469,48.3650016784668,48.06999969482422,48.154998779296875,29097,0.0,0.0
2023-07-14 11:30:00-04:00,48.1879997253418,48.59000015258789,48.13999938964844,48.5,25371,0.0,0.0
2023-07-14 12:30:00-04:00,48.5099983215332,48.79999923706055,48.5099983215332,48.650001525878906,28535,0.0,0.0
2023-07-14 13:30:00-04:00,48.654998779296875,48.70500183105469,48.61000061035156,48.61000061035156,19108,0.0,0.0
2023-07-14 14:30:00-04:00,48.59000015258789,49.0,48.540000915527344,48.97999954223633,39645,0.0,0.0
2023-07-14 15:30:00-04:00,49.0099983215332,49.06999969482422,48.970001220703125,49.06999969482422,55743,0.0,0.0
2023-07-17 09:30:00-04:00,48.939998626708984,49.2599983215332,48.849998474121094,49.11000061035156,18412,0.0,0.0
2023-07-17 10:30:00-04:00,49.18000030517578,49.494998931884766,49.12620162963867,49.380001068115234,20308,0.0,0.0
2023-07-17 11:30:00-04:00,49.345001220703125,49.599998474121094,49.345001220703125,49.5,19486,0.0,0.0
2023-07-17 12:30:00-04:00,49.52000045776367,49.52899932861328,49.369998931884766,49.45000076293945,19639,0.0,0.0
2023-07-17 13:30:00-04:00,49.470001220703125,49.4900016784668,49.29140090942383,49.375,21823,0.0,0.0
2023-07-17 14:30:00-04:00,49.36000061035156,49.36000061035156,49.15999984741211,49.183998107910156,22976,0.0,0.0
2023-07-17 15:30:00-04:00,49.18000030517578,49.19499969482422,49.040000915527344,49.130001068115234,41182,0.0,0.0
2023-07-18 09:30:00-04:00,49.2599983215332,50.130001068115234,49.2599983215332,49.95000076293945,65205,0.0,0.0
2023-07-18 10:30:00-04:00,49.810001373291016,50.13999938964844,49.7400016784668,50.130001068115234,58526,0.0,0.0
2023-07-18 11:30:00-04:00,50.11000061035156,50.11000061035156,49.869998931884766,49.970001220703125,46930,0.0,0.0
2023-07-18 12:30:00-04:00,49.97999954223633,50.029998779296875,49.95000076293945,49.959999084472656,23207,0.0,0.0
2023-07-18 13:30:00-04:00,49.97159957885742,50.369998931884766,49.93000030517578,50.369998931884766,61635,0.0,0.0
2023-07-18 14:30:00-04:00,50.369998931884766,50.72999954223633,50.369998931884766,50.709999084472656,46578,0.0,0.0
2023-07-18 15:30:00-04:00,50.69499969482422,50.69499969482422,50.263999938964844,50.47999954223633,100939,0.0,0.0
2023-07-19 09:30:00-04:00,50.47999954223633,50.630001068115234,50.095001220703125,50.505001068115234,20664,0.0,0.0
2023-07-19 10:30:00-04:00,50.560001373291016,50.689998626708984,50.25,50.5,34284,0.0,0.0
2023-07-19 11:30:00-04:00,50.5,50.869998931884766,50.47999954223633,50.81999969482422,32755,0.0,0.0
2023-07-19 12:30:00-04:00,50.79999923706055,50.79999923706055,50.31999969482422,50.439998626708984,29724,0.0,0.0
2023-07-19 13:30:00-04:00,50.400001525878906,50.459999084472656,50.275001525878906,50.369998931884766,17972,0.0,0.0
2023-07-19 14:30:00-04:00,50.369998931884766,50.525001525878906,50.34000015258789,50.5,24045,0.0,0.0
2023-07-19 15:30:00-04:00,50.474998474121094,50.560001373291016,50.40999984741211,50.52000045776367,57283,0.0,0.0
2023-07-20 09:30:00-04:00,50.0,50.290000915527344,49.779998779296875,50.290000915527344,37447,0.0,0.0
2023-07-20 10:30:00-04:00,50.28499984741211,50.51900100708008,50.20000076293945,50.51900100708008,24915,0.0,0.0
2023-07-20 11:30:00-04:00,50.5099983215332,50.5099983215332,50.2599983215332,50.29499816894531,17893,0.0,0.0
2023-07-20 12:30:00-04:00,50.29999923706055,50.39500045776367,50.13999938964844,50.39500045776367,22781,0.0,0.0
2023-07-20 13:30:00-04:00,50.38999938964844,50.459999084472656,50.25,50.29999923706055,29237,0.0,0.0
2023-07-20 14:30:00-04:00,50.34000015258789,50.5,50.29999923706055,50.33000183105469,27897,0.0,0.0
2023-07-20 15:30:00-04:00,50.34000015258789,50.41999816894531,50.27000045776367,50.369998931884766,59165,0.0,0.0
2023-07-21 09:30:00-04:00,50.810001373291016,50.89899826049805,50.380001068115234,50.720001220703125,54294,0.0,0.0
2023-07-21 10:30:00-04:00,50.72999954223633,50.970001220703125,50.72999954223633,50.814998626708984,32283,0.0,0.0
2023-07-21 11:30:00-04:00,50.82500076293945,50.936500549316406,50.54999923706055,50.54999923706055,36270,0.0,0.0
2023-07-21 12:30:00-04:00,50.540000915527344,50.77000045776367,50.41999816894531,50.70000076293945,53683,0.0,0.0
2023-07-21 13:30:00-04:00,50.709999084472656,50.79999923706055,50.59000015258789,50.63999938964844,19920,0.0,0.0
2023-07-21 14:30:00-04:00,50.630001068115234,50.70000076293945,50.42499923706055,50.630001068115234,33508,0.0,0.0
2023-07-21 15:30:00-04:00,50.625,50.70000076293945,50.534000396728516,50.689998626708984,80067,0.0,0.0
2023-07-24 09:30:00-04:00,50.869998931884766,50.869998931884766,50.13010025024414,50.349998474121094,22868,0.0,0.0
2023-07-24 10:30:00-04:00,50.29999923706055,50.310001373291016,50.0,50.119998931884766,24077,0.0,0.0
2023-07-24 11:30:00-04:00,50.150001525878906,50.18000030517578,49.79499816894531,49.849998474121094,19370,0.0,0.0
2023-07-24 12:30:00-04:00,49.834999084472656,49.834999084472656,49.560001373291016,49.68000030517578,23035,0.0,0.0
2023-07-24 13:30:00-04:00,49.68000030517578,49.744998931884766,49.540000915527344,49.56999969482422,20476,0.0,0.0
2023-07-24 14:30:00-04:00,49.540000915527344,50.189998626708984,49.40999984741211,50.08000183105469,103150,0.0,0.0
2023-07-24 15:30:00-04:00,50.06999969482422,50.540000915527344,50.00600051879883,50.5,293905,0.0,0.0
2023-07-25 09:30:00-04:00,50.33000183105469,50.65999984741211,49.84000015258789,50.19499969482422,36133,0.0,0.0
2023-07-25 10:30:00-04:00,50.255001068115234,50.6150016784668,50.189998626708984,50.47999954223633,28348,0.0,0.0
2023-07-25 11:30:00-04:00,50.52000045776367,50.630001068115234,50.33000183105469,50.60499954223633,35495,0.0,0.0
2023-07-25 12:30:00-04:00,50.59000015258789,50.79999923706055,50.560001373291016,50.79999923706055,22886,0.0,0.0
2023-07-25 13:30:00-04:00,50.779998779296875,50.875,50.720001220703125,50.84000015258789,25128,0.0,0.0
2023-07-25 14:30:00-04:00,50.90999984741211,51.040000915527344,50.85749816894531,50.959999084472656,36552,0.0,0.0
2023-07-25 15:30:00-04:00,50.95000076293945,51.04999923706055,50.83000183105469,50.83000183105469,83341,0.0,0.0
2023-07-26 09:30:00-04:00,50.81999969482422,51.35499954223633,50.81999969482422,51.11000061035156,22958,0.0,0.0
2023-07-26 10:30:00-04:00,51.09000015258789,51.10499954223633,50.75,50.7599983215332,22356,0.0,0.0
2023-07-26 11:30:00-04:00,50.77000045776367,50.81999969482422,50.540000915527344,50.540000915527344,18849,0.0,0.0
2023-07-26 12:30:00-04:00,50.560001373291016,50.599998474121094,50.400001525878906,50.47999954223633,23896,0.0,0.0
2023-07-26 13:30:00-04:00,50.43000030517578,50.70000076293945,50.43000030517578,50.630001068115234,19810,0.0,0.0
2023-07-26 14:30:00-04:00,50.584999084472656,50.81999969482422,50.40999984741211,50.599998474121094,35499,0.0,0.0
2023-07-26 15:30:00-04:00,50.604400634765625,50.720001220703125,50.560001373291016,50.689998626708984,47657,0.0,0.0
2023-07-27 09:30:00-04:00,50.79999923706055,50.79999923706055,49.54999923706055,49.66999816894531,37518,0.0,0.0
2023-07-27 10:30:00-04:00,49.72999954223633,50.060001373291016,49.439998626708984,50.029998779296875,136971,0.0,0.0
2023-07-27 11:30:00-04:00,50.04999923706055,50.45000076293945,49.88999938964844,50.290000915527344,74095,0.0,0.0
2023-07-27 12:30:00-04:00,50.349998474121094,50.470001220703125,50.20000076293945,50.20000076293945,33282,0.0,0.0
2023-07-27 13:30:00-04:00,50.18000030517578,50.375,50.08000183105469,50.08000183105469,35921,0.0,0.0
2023-07-27 14:30:00-04:00,50.130001068115234,50.17499923706055,49.720001220703125,49.75,41371,0.0,0.0
2023-07-27 15:30:00-04:00,49.790000915527344,49.83000183105469,49.599998474121094,49.75,88536,0.0,0.0
2023-07-28 09:30:00-04:00,49.84000015258789,50.36830139160156,49.36000061035156,49.52000045776367,46734,0.0,0.0
2023-07-28 10:30:00-04:00,49.560001373291016,49.599998474121094,49.369998931884766,49.4900016784668,43384,0.0,0.0
2023-07-28 11:30:00-04:00,49.4900016784668,49.61000061035156,48.959999084472656,48.97999954223633,63170,0.0,0.0
2023-07-28 12:30:00-04:00,48.97999954223633,49.27000045776367,48.810001373291016,48.92499923706055,159369,0.0,0.0
2023-07-28 13:30:00-04:00,48.93000030517578,48.974998474121094,48.709999084472656,48.76499938964844,53098,0.0,0.0
2023-07-28 14:30:00-04:00,48.77000045776367,48.95000076293945,48.38999938964844,48.560001373291016,228559,0.0,0.0
2023-07-28 15:30:00-04:00,48.4900016784668,48.61000061035156,48.2400016784668,48.27000045776367,118800,0.0,0.0
2023-07-31 09:30:00-04:00,48.220001220703125,48.6150016784668,47.92499923706055,48.54999923706055,47040,0.0,0.0
2023-07-31 10:30:00-04:00,48.54999923706055,48.75,48.14580154418945,48.35499954223633,77848,0.0,0.0
2023-07-31 11:30:00-04:00,48.35499954223633,48.45500183105469,48.060001373291016,48.34000015258789,29126,0.0,0.0
2023-07-31 12:30:00-04:00,48.35499954223633,48.630001068115234,48.189998626708984,48.560001373291016,42263,0.0,0.0
2023-07-31 13:30:00-04:00,48.54499816894531,48.650001525878906,48.29999923706055,48.459999084472656,35682,0.0,0.0
2023-07-31 14:30:00-04:00,48.4900016784668,48.68000030517578,48.400001525878906,48.459999084472656,44027,0.0,0.0
2023-07-31 15:30:00-04:00,48.45500183105469,48.5099983215332,48.279998779296875,48.5099983215332,106423,0.0,0.0
2023-08-01 09:30:00-04:00,48.0099983215332,48.630001068115234,47.470001220703125,47.470001220703125,41126,0.0,0.0
2023-08-01 10:30:00-04:00,47.51499938964844,47.72999954223633,47.25,47.72999954223633,47817,0.0,0.0
2023-08-01 11:30:00-04:00,47.7400016784668,48.06999969482422,47.630001068115234,47.709999084472656,37923,0.0,0.0
2023-08-01 12:30:00-04:00,47.689998626708984,47.83000183105469,47.63999938964844,47.73500061035156,38405,0.0,0.0
2023-08-01 13:30:00-04:00,47.720001220703125,47.849998474121094,47.66999816894531,47.79999923706055,52623,0.0,0.0
2023-08-01 14:30:00-04:00,47.810001373291016,47.900001525878906,47.689998626708984,47.810001373291016,98478,0.0,0.0
2023-08-01 15:30:00-04:00,47.79999923706055,47.93000030517578,47.74100112915039,47.810001373291016,97489,0.0,0.0
2023-08-02 09:30:00-04:00,47.29999923706055,47.89500045776367,46.79999923706055,47.73500061035156,50906,0.0,0.0
2023-08-02 10:30:00-04:00,47.720001220703125,47.810001373291016,47.11000061035156,47.11000061035156,30872,0.0,0.0
2023-08-02 11:30:00-04:00,47.209999084472656,47.540000915527344,47.119998931884766,47.459999084472656,33134,0.0,0.0
2023-08-02 12:30:00-04:00,47.47999954223633,47.65999984741211,47.349998474121094,47.59000015258789,18222,0.0,0.0
2023-08-02 13:30:00-04:00,47.68000030517578,47.77000045776367,47.505001068115234,47.709999084472656,26181,0.0,0.0
2023-08-02 14:30:00-04:00,47.709999084472656,47.7599983215332,47.46620178222656,47.7400016784668,53883,0.0,0.0
2023-08-02 15:30:00-04:00,47.7400016784668,47.94499969482422,47.72999954223633,47.79999923706055,116443,0.0,0.0
2023-08-03 09:30:00-04:00,47.279998779296875,47.369998931884766,46.65999984741211,47.220001220703125,43618,0.0,0.0
2023-08-03 10:30:00-04:00,47.220001220703125,47.30500030517578,46.60499954223633,47.150001525878906,112625,0.0,0.0
2023-08-03 11:30:00-04:00,47.14500045776367,47.31999969482422,47.130001068115234,47.290000915527344,51302,0.0,0.0
2023-08-03 12:30:00-04:00,47.31999969482422,47.40999984741211,47.15999984741211,47.22999954223633,117475,0.0,0.0
2023-08-03 13:30:00-04:00,47.2599983215332,47.2599983215332,46.90999984741211,47.06999969482422,27566,0.0,0.0
2023-08-03 14:30:00-04:00,47.060001373291016,47.310001373291016,47.022499084472656,47.23500061035156,109226,0.0,0.0
2023-08-03 15:30:00-04:00,47.2400016784668,47.31999969482422,47.095001220703125,47.21500015258789,147352,0.0,0.0
2023-08-04 09:30:00-04:00,45.060001373291016,46.75,44.16999816894531,45.939998626708984,314602,0.0,0.0
2023-08-04 10:30:00-04:00,45.95000076293945,46.04999923706055,45.63999938964844,45.80500030517578,136500,0.0,0.0
2023-08-04 11:30:00-04:00,45.79999923706055,45.849998474121094,44.9900016784668,45.25,186706,0.0,0.0
2023-08-04 12:30:00-04:00,45.2599983215332,45.540000915527344,45.17499923706055,45.400001525878906,146202,0.0,0.0
2023-08-04 13:30:00-04:00,45.43000030517578,45.529998779296875,45.0,45.45000076293945,194627,0.0,0.0
2023-08-04 14:30:00-04:00,45.45500183105469,45.5,44.81999969482422,44.93000030517578,218418,0.0,0.0
2023-08-04 15:30:00-04:00,44.970001220703125,45.209999084472656,44.90999984741211,45.20000076293945,348174,0.0,0.0
2023-08-07 09:30:00-04:00,45.59000015258789,46.54999923706055,45.529998779296875,46.380001068115234,62978,0.0,0.0
2023-08-07 10:30:00-04:00,46.35499954223633,46.6150016784668,45.97999954223633,46.025001525878906,89857,0.0,0.0
2023-08-07 11:30:00-04:00,46.04999923706055,46.08000183105469,45.68000030517578,46.040000915527344,55553,0.0,0.0
2023-08-07 12:30:00-04:00,46.040000915527344,46.040000915527344,45.790000915527344,45.79499816894531,47156,0.0,0.0
2023-08-07 13:30:00-04:00,45.77000045776367,45.84000015258789,45.630001068115234,45.650001525878906,41906,0.0,0.0
2023-08-07 14:30:00-04:00,45.60749816894531,45.70000076293945,45.459999084472656,45.47999954223633,71327,0.0,0.0
2023-08-07 15:30:00-04:00,45.474998474121094,45.7599983215332,45.369998931884766,45.689998626708984,171402,0.0,0.0
2023-08-08 09:30:00-04:00,45.349998474121094,45.38999938964844,44.41999816894531,44.68000030517578,63029,0.0,0.0
2023-08-08 10:30:00-04:00,44.689998626708984,44.709999084472656,44.040000915527344,44.220001220703125,76564,0.0,0.0
2023-08-08 11:30:00-04:00,44.224998474121094,44.41999816894531,44.130001068115234,44.279998779296875,51408,0.0,0.0
2023-08-08 12:30:00-04:00,44.28499984741211,44.5,44.28499984741211,44.404998779296875,63785,0.0,0.0
2023-08-08 13:30:00-04:00,44.41999816894531,44.44499969482422,44.33000183105469,44.400001525878906,47822,0.0,0.0
2023-08-08 14:30:00-04:00,44.380001068115234,44.40999984741211,44.0,44.0,70583,0.0,0.0
2023-08-08 15:30:00-04:00,44.01499938964844,44.060001373291016,43.849998474121094,43.959999084472656,136592,0.0,0.0
2023-08-09 09:30:00-04:00,44.2400016784668,44.81999969482422,44.060001373291016,44.81999969482422,126750,0.0,0.0
2023-08-09 10:30:00-04:00,44.81999969482422,45.064998626708984,44.435001373291016,44.59000015258789,79850,0.0,0.0
2023-08-09 11:30:00-04:00,44.56999969482422,44.9900016784668,44.439998626708984,44.974998474121094,64909,0.0,0.0
2023-08-09 12:30:00-04:00,44.959999084472656,45.0,44.70500183105469,44.95500183105469,36752,0.0,0.0
2023-08-09 13:30:00-04:00,44.970001220703125,45.310001373291016,44.93000030517578,45.279998779296875,53867,0.0,0.0
2023-08-09 14:30:00-04:00,45.279998779296875,45.40999984741211,45.02000045776367,45.165000915527344,75500,0.0,0.0
2023-08-09 15:30:00-04:00,45.165000915527344,45.279998779296875,44.994998931884766,45.255001068115234,151871,0.0,0.0
2023-08-10 09:30:00-04:00,45.279998779296875,45.314998626708984,44.7400016784668,44.7400016784668,57264,0.0,0.0
2023-08-10 10:30:00-04:00,44.724998474121094,45.25,44.630001068115234,45.220001220703125,70671,0.0,0.0
2023-08-10 11:30:00-04:00,45.220001220703125,45.36000061035156,45.04499816894531,45.279998779296875,60532,0.0,0.0
2023-08-10 12:30:00-04:00,45.27000045776367,45.38999938964844,45.04999923706055,45.095001220703125,34969,0.0,0.0
2023-08-10 13:30:00-04:00,45.09000015258789,45.09000015258789,44.59000015258789,44.779998779296875,47297,0.0,0.0
2023-08-10 14:30:00-04:00,44.81999969482422,44.85599899291992,44.599998474121094,44.630001068115234,44128,0.0,0.0
2023-08-10 15:30:00-04:00,44.6349983215332,44.91999816894531,44.58000183105469,44.91999816894531,159771,0.0,0.0
2023-08-11 09:30:00-04:00,44.77000045776367,44.91999816894531,44.20000076293945,44.869998931884766,87844,0.0,0.0
2023-08-11 10:30:00-04:00,44.79999923706055,44.79999923706055,44.30500030517578,44.33000183105469,62887,0.0,0.0
2023-08-11 11:30:00-04:00,44.31999969482422,44.529998779296875,44.130001068115234,44.2599983215332,45846,0.0,0.0
2023-08-11 12:30:00-04:00,44.27000045776367,44.36000061035156,44.20000076293945,44.29999923706055,25913,0.0,0.0
2023-08-11 13:30:00-04:00,44.33000183105469,44.33000183105469,44.06999969482422,44.26499938964844,44212,0.0,0.0
2023-08-11 14:30:00-04:00,44.275001525878906,44.34000015258789,44.185001373291016,44.32500076293945,58962,0.0,0.0
2023-08-11 15:30:00-04:00,44.349998474121094,44.40999984741211,44.22999954223633,44.36009979248047,119431,0.0,0.0
2023-08-14 09:30:00-04:00,44.18000030517578,44.18000030517578,43.779998779296875,43.91999816894531,24972,0.0,0.0
2023-08-14 10:30:00-04:00,43.95000076293945,44.130001068115234,43.880001068115234,44.06269836425781,27259,0.0,0.0
2023-08-14 11:30:00-04:00,44.06999969482422,44.1349983215332,43.970001220703125,44.0099983215332,20975,0.0,0.0
2023-08-14 12:30:00-04:00,44.0099983215332,44.33000183105469,43.97999954223633,44.26499938964844,24953,0.0,0.0
2023-08-14 13:30:00-04:00,44.279998779296875,44.42620086669922,44.189998626708984,44.38999938964844,30409,0.0,0.0
2023-08-14 14:30:00-04:00,44.404998779296875,44.5,44.35499954223633,44.41999816894531,32389,0.0,0.0
2023-08-14 15:30:00-04:00,44.400001525878906,44.63999938964844,44.400001525878906,44.630001068115234,79274,0.0,0.0
2023-08-15 09:30:00-04:00,44.279998779296875,44.290000915527344,43.83000183105469,43.87900161743164,40632,0.0,0.0
2023-08-15 10:30:00-04:00,43.93000030517578,43.93000030517578,43.65999984741211,43.7400016784668,35797,0.0,0.0
2023-08-15 11:30:00-04:00,43.709999084472656,43.80500030517578,43.61000061035156,43.61000061035156,20174,0.0,0.0
2023-08-15 12:30:00-04:00,43.57500076293945,43.65999984741211,43.4900016784668,43.4900016784668,27782,0.0,0.0
2023-08-15 13:30:00-04:00,43.415000915527344,43.5099983215332,43.29999923706055,43.45500183105469,39107,0.0,0.0
2023-08-15 14:30:00-04:00,43.470001220703125,43.58000183105469,43.439998626708984,43.52009963989258,53351,0.0,0.0
2023-08-15 15:30:00-04:00,43.529998779296875,43.619998931884766,43.45000076293945,43.529998779296875,99003,0.0,0.0
2023-08-16 09:30:00-04:00,43.40999984741211,43.5099983215332,42.95000076293945,42.95000076293945,31258,0.0,0.0
2023-08-16 10:30:00-04:00,42.915000915527344,43.22999954223633,42.915000915527344,43.17499923706055,35660,0.0,0.0
2023-08-16 11:30:00-04:00,43.13999938964844,43.13999938964844,43.029998779296875,43.1349983215332,33868,0.0,0.0
2023-08-16 12:30:00-04:00,43.119998931884766,43.16999816894531,42.81010055541992,42.90999984741211,30130,0.0,0.0
2023-08-16 13:30:00-04:00,42.8650016784668,43.0099983215332,42.79999923706055,42.959999084472656,34654,0.0,0.0
2023-08-16 14:30:00-04:00,42.959999084472656,42.959999084472656,42.665000915527344,42.83000183105469,54423,0.0,0.0
2023-08-16 15:30:00-04:00,42.810001373291016,42.869998931884766,42.7400016784668,42.81999969482422,151268,0.0,0.0
2023-08-17 09:30:00-04:00,42.779998779296875,42.849998474121094,42.290000915527344,42.369998931884766,32985,0.0,0.0
2023-08-17 10:30:00-04:00,42.36000061035156,42.4900016784668,42.310001373291016,42.3849983215332,42170,0.0,0.0
2023-08-17 11:30:00-04:00,42.372501373291016,42.42499923706055,42.130001068115234,42.375,32121,0.0,0.0
2023-08-17 12:30:00-04:00,42.375,42.459999084472656,42.27000045776367,42.42499923706055,26809,0.0,0.0
2023-08-17 13:30:00-04:00,42.42499923706055,42.5099983215332,42.290000915527344,42.45000076293945,41291,0.0,0.0
2023-08-17 14:30:00-04:00,42.41999816894531,42.45000076293945,42.06999969482422,42.130001068115234,41259,0.0,0.0
2023-08-17 15:30:00-04:00,42.13100051879883,42.13999938964844,41.95000076293945,42.04999923706055,94044,0.0,0.0
2023-08-18 09:30:00-04:00,41.650001525878906,42.310001373291016,41.27000045776367,41.91999816894531,38460,0.0,0.0
2023-08-18 10:30:00-04:00,41.97999954223633,42.26499938964844,41.970001220703125,42.22999954223633,59718,0.0,0.0
2023-08-18 11:30:00-04:00,42.23500061035156,42.40700149536133,42.220001220703125,42.310001373291016,23447,0.0,0.0
2023-08-18 12:30:00-04:00,42.29999923706055,42.33000183105469,42.125,42.189998626708984,18504,0.0,0.0
2023-08-18 13:30:00-04:00,42.25,42.25,42.040000915527344,42.095001220703125,17406,0.0,0.0
2023-08-18 14:30:00-04:00,42.119998931884766,42.150001525878906,42.040000915527344,42.1150016784668,41001,0.0,0.0
2023-08-18 15:30:00-04:00,42.099998474121094,42.18000030517578,42.04499816894531,42.11000061035156,90331,0.0,0.0
2023-08-21 09:30:00-04:00,42.119998931884766,42.150001525878906,41.5,41.650001525878906,27574,0.0,0.0
2023-08-21 10:30:00-04:00,41.619998931884766,41.72999954223633,41.54999923706055,41.55500030517578,28455,0.0,0.0
2023-08-21 11:30:00-04:00,41.599998474121094,41.599998474121094,41.470001220703125,41.56999969482422,22834,0.0,0.0
2023-08-21 12:30:00-04:00,41.564998626708984,41.65999984741211,41.459999084472656,41.64500045776367,24634,0.0,0.0
2023-08-21 13:30:00-04:00,41.63999938964844,41.869998931884766,41.63999938964844,41.845001220703125,37553,0.0,0.0
2023-08-21 14:30:00-04:00,41.845001220703125,42.0099983215332,41.84000015258789,41.98500061035156,40855,0.0,0.0
2023-08-21 15:30:00-04:00,41.98500061035156,42.13999938964844,41.97999954223633,42.11000061035156,122511,0.0,0.0
2023-08-22 09:30:00-04:00,42.29999923706055,42.400001525878906,42.040000915527344,42.279998779296875,42363,0.0,0.0
2023-08-22 10:30:00-04:00,42.27000045776367,42.470001220703125,42.11000061035156,42.470001220703125,38099,0.0,0.0
2023-08-22 11:30:00-04:00,42.44499969482422,42.494998931884766,42.29999923706055,42.435001373291016,46736,0.0,0.0
2023-08-22 12:30:00-04:00,42.435001373291016,42.45000076293945,42.2599983215332,42.380001068115234,34113,0.0,0.0
2023-08-22 13:30:00-04:00,42.369998931884766,42.52000045776367,42.36000061035156,42.4900016784668,34563,0.0,0.0
2023-08-22 14:30:00-04:00,42.4900016784668,42.619998931884766,42.470001220703125,42.564998626708984,45797,0.0,0.0
2023-08-22 15:30:00-04:00,42.560001373291016,42.65999984741211,42.54999923706055,42.61000061035156,107877,0.0,0.0
2023-08-23 09:30:00-04:00,42.65999984741211,42.852500915527344,42.22999954223633,42.689998626708984,24822,0.0,0.0
2023-08-23 10:30:00-04:00,42.689998626708984,42.689998626708984,42.4900016784668,42.65999984741211,32729,0.0,0.0
2023-08-23 11:30:00-04:00,42.68000030517578,42.77000045776367,42.599998474121094,42.75,22745,0.0,0.0
2023-08-23 12:30:00-04:00,42.775001525878906,43.060001373291016,42.775001525878906,43.029998779296875,31138,0.0,0.0
2023-08-23 13:30:00-04:00,43.029998779296875,43.5099983215332,43.029998779296875,43.5099983215332,64187,0.0,0.0
2023-08-23 14:30:00-04:00,43.5,43.64500045776367,43.470001220703125,43.619998931884766,84261,0.0,0.0
2023-08-23 15:30:00-04:00,43.6349983215332,43.6349983215332,43.44499969482422,43.5,116168,0.0,0.0
2023-08-24 09:30:00-04:00,43.119998931884766,43.43000030517578,42.869998931884766,43.34000015258789,31675,0.0,0.0
2023-08-24 10:30:00-04:00,43.29999923706055,43.5,43.28499984741211,43.400001525878906,47661,0.0,0.0
2023-08-24 11:30:00-04:00,43.400001525878906,43.5,43.29999923706055,43.435001373291016,60862,0.0,0.0
2023-08-24 12:30:00-04:00,43.45000076293945,43.4900016784668,43.35499954223633,43.40999984741211,51669,0.0,0.0
2023-08-24 13:30:00-04:00,43.40999984741211,43.41999816894531,43.23500061035156,43.34000015258789,52442,0.0,0.0
2023-08-24 14:30:00-04:00,43.349998474121094,43.470001220703125,43.25,43.400001525878906,82743,0.0,0.0
2023-08-24 15:30:00-04:00,43.404998779296875,43.40999984741211,43.220001220703125,43.310001373291016,120484,0.0,0.0
2023-08-25 09:30:00-04:00,43.310001373291016,43.654998779296875,42.93000030517578,43.0099983215332,53430,0.0,0.0
2023-08-25 10:30:00-04:00,42.97999954223633,43.209999084472656,42.70000076293945,43.20000076293945,60306,0.0,0.0
2023-08-25 11:30:00-04:00,43.25,43.27000045776367,42.994998931884766,43.209999084472656,34598,0.0,0.0
2023-08-25 12:30:00-04:00,43.209999084472656,43.31999969482422,43.18000030517578,43.25,36819,0.0,0.0
2023-08-25 13:30:00-04:00,43.2599983215332,43.369998931884766,43.15999984741211,43.34000015258789,36878,0.0,0.0
2023-08-25 14:30:00-04:00,43.334999084472656,43.45000076293945,43.290000915527344,43.29999923706055,35144,0.0,0.0
2023-08-25 15:30:00-04:00,43.29999923706055,43.29999923706055,42.974998474121094,43.125,106887,0.0,0.0
2023-08-28 09:30:00-04:00,43.209999084472656,43.599998474121094,43.209999084472656,43.279998779296875,27708,0.0,0.0
2023-08-28 10:30:00-04:00,43.2599983215332,43.380001068115234,43.15999984741211,43.16999816894531,39266,0.0,0.0
2023-08-28 11:30:00-04:00,43.16999816894531,43.34000015258789,43.15999984741211,43.27000045776367,39428,0.0,0.0
2023-08-28 12:30:00-04:00,43.290000915527344,43.470001220703125,43.27000045776367,43.40999984741211,40685,0.0,0.0
2023-08-28 13:30:00-04:00,43.459999084472656,43.459999084472656,43.25,43.27000045776367,32764,0.0,0.0
2023-08-28 14:30:00-04:00,43.27000045776367,43.38999938964844,43.25,43.310001373291016,45058,0.0,0.0
2023-08-28 15:30:00-04:00,43.310001373291016,43.529998779296875,43.310001373291016,43.529998779296875,92633,0.0,0.0
2023-08-29 09:30:00-04:00,43.34000015258789,43.630001068115234,43.20000076293945,43.529998779296875,23336,0.0,0.0
2023-08-29 10:30:00-04:00,43.5099983215332,43.65999984741211,43.43000030517578,43.65999984741211,49421,0.0,0.0
2023-08-29 11:30:00-04:00,43.66999816894531,44.11000061035156,43.66999816894531,44.06999969482422,38372,0.0,0.0
2023-08-29 12:30:00-04:00,44.07500076293945,44.13999938964844,43.904998779296875,44.08000183105469,41792,0.0,0.0
2023-08-29 13:30:00-04:00,44.07500076293945,44.099998474121094,43.96500015258789,44.029998779296875,35454,0.0,0.0
2023-08-29 14:30:00-04:00,44.02000045776367,44.09000015258789,43.97999954223633,44.029998779296875,54432,0.0,0.0
2023-08-29 15:30:00-04:00,44.01499938964844,44.099998474121094,43.98500061035156,44.08000183105469,108913,0.0,0.0
2023-08-30 09:30:00-04:00,43.90999984741211,44.33000183105469,43.86000061035156,43.93000030517578,25107,0.0,0.0
2023-08-30 10:30:00-04:00,43.95000076293945,44.029998779296875,43.790000915527344,43.810001373291016,34436,0.0,0.0
2023-08-30 11:30:00-04:00,43.83000183105469,43.92499923706055,43.810001373291016,43.90999984741211,40577,0.0,0.0
2023-08-30 12:30:00-04:00,43.91999816894531,43.91999816894531,43.70000076293945,43.70000076293945,32782,0.0,0.0
2023-08-30 13:30:00-04:00,43.70000076293945,43.790000915527344,43.5,43.5099983215332,39146,0.0,0.0
2023-08-30 14:30:00-04:00,43.5099983215332,43.66999816894531,43.5,43.564998626708984,44754,0.0,0.0
2023-08-30 15:30:00-04:00,43.56999969482422,43.599998474121094,43.470001220703125,43.540000915527344,101655,0.0,0.0
2023-08-31 09:30:00-04:00,43.61000061035156,43.95000076293945,43.41999816894531,43.630001068115234,42182,0.0,0.0
2023-08-31 10:30:00-04:00,43.599998474121094,43.720001220703125,43.4900016784668,43.69499969482422,26676,0.0,0.0
2023-08-31 11:30:00-04:00,43.689998626708984,43.90999984741211,43.66999816894531,43.90999984741211,23209,0.0,0.0
2023-08-31 12:30:00-04:00,43.915000915527344,44.064998626708984,43.86000061035156,43.9900016784668,24939,0.0,0.0
2023-08-31 13:30:00-04:00,43.9900016784668,44.0,43.880001068115234,43.93000030517578,23105,0.0,0.0
2023-08-31 14:30:00-04:00,43.90999984741211,44.09000015258789,43.90999984741211,44.05500030517578,44109,0.0,0.0
2023-08-31 15:30:00-04:00,44.064998626708984,44.08000183105469,43.91999816894531,43.93000030517578,87396,0.0,0.0
2023-09-01 09:30:00-04:00,43.9900016784668,44.290000915527344,43.94499969482422,44.13999938964844,27034,0.0,0.0
2023-09-01 10:30:00-04:00,44.09000015258789,44.31999969482422,43.95000076293945,44.279998779296875,24474,0.0,0.0
2023-09-01 11:30:00-04:00,44.27000045776367,44.29999923706055,44.06999969482422,44.099998474121094,20607,0.0,0.0
2023-09-01 12:30:00-04:00,44.08000183105469,44.2400016784668,44.06999969482422,44.22999954223633,17884,0.0,0.0
2023-09-01 13:30:00-04:00,44.275001525878906,44.41999816894531,44.275001525878906,44.380001068115234,23384,0.0,0.0
2023-09-01 14:30:00-04:00,44.3650016784668,44.4900016784668,44.36000061035156,44.47999954223633,30473,0.0,0.0
2023-09-01 15:30:00-04:00,44.47999954223633,44.6349983215332,44.459999084472656,44.5099983215332,64821,0.0,0.0
2023-09-05 09:30:00-04:00,44.15999984741211,44.189998626708984,43.08000183105469,43.2599983215332,62980,0.0,0.0
2023-09-05 10:30:00-04:00,43.33000183105469,43.54999923706055,43.119998931884766,43.525001525878906,25550,0.0,0.0
2023-09-05 11:30:00-04:00,43.5,43.58000183105469,43.32500076293945,43.400001525878906,30705,0.0,0.0
2023-09-05 12:30:00-04:00,43.400001525878906,43.40999984741211,43.029998779296875,43.15999984741211,26761,0.0,0.0
2023-09-05 13:30:00-04:00,43.22999954223633,43.33000183105469,43.1349983215332,43.1349983215332,21751,0.0,0.0
2023-09-05 14:30:00-04:00,43.1349983215332,43.1349983215332,42.880001068115234,42.88999938964844,37026,0.0,0.0
2023-09-05 15:30:00-04:00,42.880001068115234,42.97999954223633,42.86000061035156,42.95000076293945,74513,0.0,0.0
2023-09-06 09:30:00-04:00,42.95000076293945,43.33000183105469,42.77009963989258,43.25,27978,0.0,0.0
2023-09-06 10:30:00-04:00,43.2400016784668,43.41999816894531,43.16999816894531,43.22990036010742,30604,0.0,0.0
2023-09-06 11:30:00-04:00,43.209999084472656,43.2400016784668,43.11000061035156,43.119998931884766,31705,0.0,0.0
2023-09-06 12:30:00-04:00,43.125,43.275001525878906,43.065799713134766,43.11050033569336,22369,0.0,0.0
2023-09-06 13:30:00-04:00,43.06010055541992,43.220001220703125,43.0099983215332,43.04999923706055,23977,0.0,0.0
2023-09-06 14:30:00-04:00,43.060001373291016,43.2599983215332,43.060001373291016,43.2599983215332,29019,0.0,0.0
2023-09-06 15:30:00-04:00,43.2400016784668,43.36000061035156,43.209999084472656,43.349998474121094,65566,0.0,0.0
2023-09-07 09:30:00-04:00,43.290000915527344,43.5099983215332,42.349998474121094,42.45750045776367,24996,0.0,0.0
2023-09-07 10:30:00-04:00,42.459999084472656,42.630001068115234,42.0,42.0,38264,0.0,0.0
2023-09-07 11:30:00-04:00,42.0099983215332,42.224998474121094,41.989898681640625,42.220001220703125,36820,0.0,0.0
2023-09-07 12:30:00-04:00,42.21500015258789,42.400001525878906,42.08000183105469,42.310001373291016,33635,0.0,0.0
2023-09-07 13:30:00-04:00,42.337501525878906,42.400001525878906,41.97999954223633,41.97999954223633,42933,0.0,0.0
2023-09-07 14:30:00-04:00,41.994998931884766,42.05500030517578,41.86000061035156,41.869998931884766,58060,0.0,0.0
2023-09-07 15:30:00-04:00,41.86000061035156,42.0099983215332,41.76499938964844,41.97999954223633,98321,0.0,0.0
2023-09-08 09:30:00-04:00,42.119998931884766,42.439998626708984,41.880001068115234,42.439998626708984,30627,0.0,0.0
2023-09-08 10:30:00-04:00,42.47999954223633,42.4900016784668,42.279998779296875,42.380001068115234,41360,0.0,0.0
2023-09-08 11:30:00-04:00,42.41999816894531,42.72999954223633,42.41999816894531,42.689998626708984,27994,0.0,0.0
2023-09-08 12:30:00-04:00,42.71500015258789,42.779998779296875,42.59000015258789,42.70000076293945,33190,0.0,0.0
2023-09-08 13:30:00-04:00,42.72999954223633,42.72999954223633,42.5,42.63999938964844,88183,0.0,0.0
2023-09-08 14:30:00-04:00,42.64690017700195,42.83000183105469,42.619998931884766,42.73500061035156,37155,0.0,0.0
2023-09-08 15:30:00-04:00,42.724998474121094,42.849998474121094,42.63999938964844,42.7599983215332,94443,0.0,0.0
2023-09-11 09:30:00-04:00,43.54999923706055,43.63999938964844,43.04100036621094,43.470001220703125,97132,0.0,0.0
2023-09-11 10:30:00-04:00,43.4900016784668,43.77000045776367,43.400001525878906,43.584999084472656,114319,0.0,0.0
2023-09-11 11:30:00-04:00,43.58000183105469,43.59000015258789,43.220001220703125,43.5,82247,0.0,0.0
2023-09-11 12:30:00-04:00,43.51499938964844,43.81999969482422,43.47999954223633,43.7599983215332,40095,0.0,0.0
2023-09-11 13:30:00-04:00,43.76499938964844,43.76499938964844,43.439998626708984,43.599998474121094,48836,0.0,0.0
2023-09-11 14:30:00-04:00,43.59000015258789,43.619998931884766,43.5,43.52000045776367,42478,0.0,0.0
2023-09-11 15:30:00-04:00,43.52000045776367,43.66999816894531,43.52000045776367,43.65999984741211,114669,0.0,0.0
2023-09-12 09:30:00-04:00,43.540000915527344,44.58000183105469,43.5,44.540000915527344,90864,0.0,0.0
2023-09-12 10:30:00-04:00,44.57500076293945,45.06999969482422,44.45500183105469,45.0099983215332,96374,0.0,0.0
2023-09-12 11:30:00-04:00,45.040000915527344,45.099998474121094,44.709999084472656,44.72999954223633,117109,0.0,0.0
2023-09-12 12:30:00-04:00,44.72999954223633,44.88999938964844,44.72999954223633,44.790000915527344,31570,0.0,0.0
2023-09-12 13:30:00-04:00,44.79999923706055,44.845001220703125,44.529998779296875,44.59000015258789,33391,0.0,0.0
2023-09-12 14:30:00-04:00,44.56999969482422,44.56999969482422,44.22999954223633,44.2599983215332,70215,0.0,0.0
2023-09-12 15:30:00-04:00,44.25,44.35499954223633,44.150001525878906,44.20000076293945,89222,0.0,0.0
2023-09-13 09:30:00-04:00,44.209999084472656,44.44129943847656,43.41999816894531,43.689998626708984,27508,0.0,0.0
2023-09-13 10:30:00-04:00,43.74300003051758,43.84000015258789,43.494998931884766,43.560001373291016,58196,0.0,0.0
2023-09-13 11:30:00-04:00,43.54999923706055,43.790000915527344,43.38999938964844,43.790000915527344,42692,0.0,0.0
2023-09-13 12:30:00-04:00,43.77000045776367,43.81999969482422,43.72999954223633,43.790000915527344,19241,0.0,0.0
2023-09-13 13:30:00-04:00,43.7599983215332,43.77000045776367,43.400001525878906,43.529998779296875,34607,0.0,0.0
2023-09-13 14:30:00-04:00,43.5,43.599998474121094,43.41999816894531,43.56999969482422,42409,0.0,0.0
2023-09-13 15:30:00-04:00,43.58000183105469,43.7599983215332,43.58000183105469,43.720001220703125,77193,0.0,0.0
2023-09-14 09:30:00-04:00,43.90999984741211,44.5,42.95000076293945,43.439998626708984,42147,0.0,0.0
2023-09-14 10:30:00-04:00,43.439998626708984,43.56999969482422,43.380001068115234,43.38999938964844,27513,0.0,0.0
2023-09-14 11:30:00-04:00,43.380001068115234,43.79499816894531,43.369998931884766,43.7599983215332,19558,0.0,0.0
2023-09-14 12:30:00-04:00,43.77000045776367,44.09000015258789,43.68000030517578,44.06999969482422,26034,0.0,0.0
2023-09-14 13:30:00-04:00,44.08000183105469,44.15999984741211,44.0,44.150001525878906,21268,0.0,0.0
2023-09-14 14:30:00-04:00,44.130001068115234,44.375,44.11000061035156,44.33000183105469,29869,0.0,0.0
2023-09-14 15:30:00-04:00,44.36000061035156,44.38999938964844,44.2400016784668,44.38999938964844,56928,0.0,0.0
2023-09-15 09:30:00-04:00,44.290000915527344,44.939998626708984,44.040000915527344,44.79999923706055,73329,0.0,0.0
2023-09-15 10:30:00-04:00,44.84600067138672,44.915000915527344,44.52000045776367,44.560001373291016,29266,0.0,0.0
2023-09-15 11:30:00-04:00,44.619998931884766,44.7400016784668,44.47999954223633,44.56999969482422,20274,0.0,0.0
2023-09-15 12:30:00-04:00,44.595001220703125,44.619998931884766,44.34000015258789,44.41999816894531,21024,0.0,0.0
2023-09-15 13:30:00-04:00,44.404998779296875,44.56999969482422,44.380001068115234,44.470001220703125,25101,0.0,0.0
2023-09-15 14:30:00-04:00,44.459999084472656,44.66999816894531,44.439998626708984,44.61000061035156,28773,0.0,0.0
2023-09-15 15:30:00-04:00,44.595001220703125,44.61000061035156,44.25,44.5,90535,0.0,0.0
2023-09-18 09:30:00-04:00,44.369998931884766,44.5,44.0,44.15999984741211,31287,0.0,0.0
2023-09-18 10:30:00-04:00,44.220001220703125,44.22999954223633,43.9900016784668,44.0099983215332,18613,0.0,0.0
2023-09-18 11:30:00-04:00,44.040000915527344,44.10499954223633,43.95000076293945,44.0099983215332,15907,0.0,0.0
2023-09-18 12:30:00-04:00,44.029998779296875,44.08000183105469,43.9900016784668,44.04999923706055,15716,0.0,0.0
2023-09-18 13:30:00-04:00,44.060001373291016,44.20500183105469,44.029998779296875,44.20500183105469,19671,0.0,0.0
2023-09-18 14:30:00-04:00,44.224998474121094,44.224998474121094,44.060001373291016,44.125,21413,0.0,0.0
2023-09-18 15:30:00-04:00,44.119998931884766,44.18000030517578,44.0099983215332,44.01100158691406,49253,0.0,0.0
2023-09-19 09:30:00-04:00,43.93000030517578,44.220001220703125,43.77000045776367,44.060001373291016,120947,0.0,0.0
2023-09-19 10:30:00-04:00,44.04999923706055,44.04999923706055,43.11000061035156,43.22999954223633,98207,0.0,0.0
2023-09-19 11:30:00-04:00,43.25,43.56999969482422,43.15999984741211,43.41999816894531,28584,0.0,0.0
2023-09-19 12:30:00-04:00,43.400001525878906,43.43000030517578,43.290000915527344,43.404998779296875,18101,0.0,0.0
2023-09-19 13:30:00-04:00,43.43000030517578,43.779998779296875,43.400001525878906,43.61000061035156,19303,0.0,0.0
2023-09-19 14:30:00-04:00,43.619998931884766,43.72999954223633,43.45500183105469,43.540000915527344,28277,0.0,0.0
2023-09-19 15:30:00-04:00,43.529998779296875,43.529998779296875,43.279998779296875,43.290000915527344,79757,0.0,0.0
2023-09-20 09:30:00-04:00,43.54999923706055,43.90999984741211,43.47999954223633,43.709999084472656,22868,0.0,0.0
2023-09-20 10:30:00-04:00,43.72999954223633,44.08000183105469,43.630001068115234,43.959999084472656,31885,0.0,0.0
2023-09-20 11:30:00-04:00,43.904998779296875,44.029998779296875,43.880001068115234,43.970001220703125,34469,0.0,0.0
2023-09-20 12:30:00-04:00,43.9900016784668,44.0099983215332,43.70000076293945,43.70100021362305,29456,0.0,0.0
2023-09-20 13:30:00-04:00,43.720001220703125,43.720001220703125,43.470001220703125,43.595001220703125,35837,0.0,0.0
2023-09-20 14:30:00-04:00,43.595001220703125,43.70000076293945,43.209999084472656,43.33000183105469,45221,0.0,0.0
2023-09-20 15:30:00-04:00,43.31999969482422,43.34000015258789,43.11000061035156,43.18000030517578,56851,0.0,0.0
2023-09-21 09:30:00-04:00,43.47999954223633,43.4900016784668,42.375,42.38999938964844,92232,0.0,0.0
2023-09-21 10:30:00-04:00,42.349998474121094,42.77000045776367,42.290000915527344,42.70000076293945,47123,0.0,0.0
2023-09-21 11:30:00-04:00,42.61000061035156,42.9900016784668,42.61000061035156,42.92499923706055,51853,0.0,0.0
2023-09-21 12:30:00-04:00,42.8650016784668,43.06999969482422,42.70000076293945,43.06999969482422,14178,0.0,0.0
2023-09-21 13:30:00-04:00,43.08000183105469,43.13999938964844,42.900001525878906,43.0,22830,0.0,0.0
2023-09-21 14:30:00-04:00,42.994998931884766,43.0099983215332,42.61000061035156,42.63999938964844,27836,0.0,0.0
2023-09-21 15:30:00-04:00,42.650001525878906,42.80500030517578,42.540000915527344,42.560001373291016,53547,0.0,0.0
2023-09-22 09:30:00-04:00,42.63999938964844,42.83000183105469,42.0099983215332,42.220001220703125,13618,0.0,0.0
2023-09-22 10:30:00-04:00,42.22999954223633,42.349998474121094,42.040000915527344,42.150001525878906,22886,0.0,0.0
2023-09-22 11:30:00-04:00,42.150001525878906,42.15999984741211,41.95000076293945,42.08000183105469,11535,0.0,0.0
2023-09-22 12:30:00-04:00,42.119998931884766,42.15999984741211,42.06999969482422,42.06999969482422,11858,0.0,0.0
2023-09-22 13:30:00-04:00,42.099998474121094,42.150001525878906,41.91999816894531,41.939998626708984,13997,0.0,0.0
2023-09-22 14:30:00-04:00,41.939998626708984,42.16999816894531,41.86000061035156,42.08000183105469,19711,0.0,0.0
2023-09-22 15:30:00-04:00,42.09000015258789,42.11000061035156,41.7599983215332,41.810001373291016,47508,0.0,0.0
2023-09-25 09:30:00-04:00,41.47999954223633,41.790000915527344,41.06999969482422,41.08000183105469,37855,0.0,0.0
2023-09-25 10:30:00-04:00,41.09000015258789,41.26499938964844,41.09000015258789,41.22999954223633,28999,0.0,0.0
2023-09-25 11:30:00-04:00,41.22999954223633,41.43000030517578,41.1349983215332,41.25,61831,0.0,0.0
2023-09-25 12:30:00-04:00,41.25,41.351600646972656,41.099998474121094,41.16999816894531,39332,0.0,0.0
2023-09-25 13:30:00-04:00,41.18000030517578,41.189998626708984,40.84000015258789,40.86000061035156,29258,0.0,0.0
2023-09-25 14:30:00-04:00,40.86000061035156,40.880001068115234,40.529998779296875,40.72999954223633,86532,0.0,0.0
2023-09-25 15:30:00-04:00,40.720001220703125,40.84000015258789,40.560001373291016,40.81999969482422,79689,0.0,0.0
2023-09-26 09:30:00-04:00,40.439998626708984,40.79999923706055,40.290000915527344,40.5099983215332,36982,0.0,0.0
2023-09-26 10:30:00-04:00,40.47999954223633,40.540000915527344,40.380001068115234,40.39500045776367,33102,0.0,0.0
2023-09-26 11:30:00-04:00,40.380001068115234,40.58000183105469,40.290000915527344,40.47999954223633,37667,0.0,0.0
2023-09-26 12:30:00-04:00,40.5,40.724998474121094,40.5,40.61000061035156,26435,0.0,0.0
2023-09-26 13:30:00-04:00,40.60499954223633,40.63999938964844,40.36000061035156,40.380001068115234,26730,0.0,0.0
2023-09-26 14:30:00-04:00,40.380001068115234,40.4900016784668,40.369998931884766,40.404998779296875,37551,0.0,0.0
2023-09-26 15:30:00-04:00,40.39500045776367,40.41999816894531,40.209999084472656,40.22999954223633,81642,0.0,0.0
2023-09-27 09:30:00-04:00,40.25,40.650001525878906,39.97999954223633,40.34000015258789,41084,0.0,0.0
2023-09-27 10:30:00-04:00,40.35499954223633,40.599998474121094,40.2599983215332,40.54499816894531,27918,0.0,0.0
2023-09-27 11:30:00-04:00,40.54999923706055,40.59939956665039,40.0,40.029998779296875,34686,0.0,0.0
2023-09-27 12:30:00-04:00,40.06999969482422,40.125,39.75,39.75,63020,0.0,0.0
2023-09-27 13:30:00-04:00,39.78499984741211,40.084999084472656,39.75,40.084999084472656,49371,0.0,0.0
2023-09-27 14:30:00-04:00,40.08000183105469,40.45000076293945,40.03499984741211,40.35499954223633,100977,0.0,0.0
2023-09-27 15:30:00-04:00,40.34000015258789,40.34000015258789,40.06999969482422,40.310001373291016,84368,0.0,0.0
2023-09-28 09:30:00-04:00,40.2599983215332,40.82500076293945,39.869998931884766,40.09000015258789,32316,0.0,0.0
2023-09-28 10:30:00-04:00,40.060001373291016,40.25,39.959999084472656,40.209999084472656,43069,0.0,0.0
2023-09-28 11:30:00-04:00,40.220001220703125,40.61000061035156,40.209999084472656,40.505001068115234,58288,0.0,0.0
2023-09-28 12:30:00-04:00,40.54999923706055,40.54999923706055,40.255001068115234,40.279998779296875,46094,0.0,0.0
2023-09-28 13:30:00-04:00,40.28499984741211,40.45000076293945,40.22999954223633,40.400001525878906,47174,0.0,0.0
2023-09-28 14:30:00-04:00,40.380001068115234,40.56999969482422,40.279998779296875,40.54999923706055,46225,0.0,0.0
2023-09-28 15:30:00-04:00,40.56999969482422,40.56999969482422,40.349998474121094,40.459999084472656,83253,0.0,0.0
2023-09-29 09:30:00-04:00,40.81999969482422,41.02000045776367,40.70309829711914,41.0099983215332,38776,0.0,0.0
2023-09-29 10:30:00-04:00,41.04999923706055,41.38999938964844,41.04999923706055,41.209999084472656,35665,0.0,0.0
2023-09-29 11:30:00-04:00,41.185001373291016,41.38999938964844,41.07500076293945,41.34000015258789,35516,0.0,0.0
2023-09-29 12:30:00-04:00,41.34000015258789,41.34000015258789,40.91999816894531,40.959999084472656,25988,0.0,0.0
2023-09-29 13:30:00-04:00,40.95000076293945,40.970001220703125,40.72999954223633,40.72999954223633,38346,0.0,0.0
2023-09-29 14:30:00-04:00,40.720001220703125,41.0,40.720001220703125,40.915000915527344,57787,0.0,0.0
2023-09-29 15:30:00-04:00,40.915000915527344,41.029998779296875,40.83000183105469,40.9900016784668,177569,0.0,0.0
2023-10-02 09:30:00-04:00,41.439998626708984,42.0099983215332,41.130001068115234,41.54999923706055,74829,0.0,0.0
2023-10-02 10:30:00-04:00,41.45000076293945,41.58000183105469,41.25,41.36000061035156,47194,0.0,0.0
2023-10-02 11:30:00-04:00,41.380001068115234,41.45000076293945,41.04999923706055,41.119998931884766,38887,0.0,0.0
2023-10-02 12:30:00-04:00,41.09000015258789,41.29499816894531,41.06999969482422,41.2599983215332,47151,0.0,0.0
2023-10-02 13:30:00-04:00,41.27000045776367,41.27000045776367,40.869998931884766,40.869998931884766,57425,0.0,0.0
2023-10-02 14:30:00-04:00,40.869998931884766,40.96500015258789,40.77000045776367,40.90999984741211,65457,0.0,0.0
2023-10-02 15:30:00-04:00,40.869998931884766,41.099998474121094,40.7599983215332,41.040000915527344,134999,0.0,0.0
2023-10-03 09:30:00-04:00,40.709999084472656,40.869998931884766,40.06999969482422,40.099998474121094,39127,0.0,0.0
2023-10-03 10:30:00-04:00,40.16999816894531,40.279998779296875,39.9900016784668,40.10499954223633,31496,0.0,0.0
2023-10-03 11:30:00-04:00,40.06999969482422,40.32500076293945,40.0099983215332,40.130001068115234,48114,0.0,0.0
2023-10-03 12:30:00-04:00,40.18989944458008,40.18989944458008,40.029998779296875,40.09000015258789,28008,0.0,0.0
2023-10-03 13:30:00-04:00,40.11000061035156,40.125,39.790000915527344,39.82099914550781,31803,0.0,0.0
2023-10-03 14:30:00-04:00,39.84000015258789,39.86000061035156,39.58000183105469,39.599998474121094,57975,0.0,0.0
2023-10-03 15:30:00-04:00,39.59000015258789,39.875,39.59000015258789,39.86000061035156,74672,0.0,0.0
2023-10-04 09:30:00-04:00,39.97999954223633,40.20000076293945,39.334999084472656,39.334999084472656,22225,0.0,0.0
2023-10-04 10:30:00-04:00,39.380001068115234,39.63999938964844,39.150001525878906,39.63999938964844,26090,0.0,0.0
2023-10-04 11:30:00-04:00,39.619998931884766,39.810001373291016,39.439998626708984,39.7599983215332,22614,0.0,0.0
2023-10-04 12:30:00-04:00,39.779998779296875,40.0099983215332,39.77000045776367,39.95000076293945,108517,0.0,0.0
2023-10-04 13:30:00-04:00,39.970001220703125,40.45000076293945,39.92499923706055,40.41999816894531,208135,0.0,0.0
2023-10-04 14:30:00-04:00,40.40999984741211,40.47999954223633,40.08000183105469,40.20130157470703,40177,0.0,0.0
2023-10-04 15:30:00-04:00,40.209999084472656,40.310001373291016,40.119998931884766,40.14500045776367,82728,0.0,0.0
2023-10-05 09:30:00-04:00,40.04999923706055,40.400001525878906,39.81999969482422,40.185001373291016,25280,0.0,0.0
2023-10-05 10:30:00-04:00,40.27000045776367,40.310001373291016,40.0,40.13999938964844,34386,0.0,0.0
2023-10-05 11:30:00-04:00,40.099998474121094,40.310001373291016,39.95000076293945,40.22999954223633,32173,0.0,0.0
2023-10-05 12:30:00-04:00,40.220001220703125,40.220001220703125,39.709999084472656,39.72999954223633,20368,0.0,0.0
2023-10-05 13:30:00-04:00,39.75,40.04999923706055,39.720001220703125,39.959999084472656,18435,0.0,0.0
2023-10-05 14:30:00-04:00,40.0099983215332,40.11000061035156,39.95399856567383,40.0,24674,0.0,0.0
2023-10-05 15:30:00-04:00,40.0099983215332,40.029998779296875,39.790000915527344,39.81999969482422,59999,0.0,0.0
2023-10-06 09:30:00-04:00,39.4900016784668,39.72999954223633,39.349998474121094,39.68000030517578,39295,0.0,0.0
2023-10-06 10:30:00-04:00,39.72999954223633,39.95000076293945,39.57500076293945,39.91999816894531,20672,0.0,0.0
2023-10-06 11:30:00-04:00,39.90999984741211,40.560001373291016,39.90999984741211,40.470001220703125,18115,0.0,0.0
2023-10-06 12:30:00-04:00,40.38999938964844,40.439998626708984,40.25,40.36000061035156,22217,0.0,0.0
2023-10-06 13:30:00-04:00,40.38999938964844,40.52000045776367,40.369998931884766,40.5099983215332,19271,0.0,0.0
2023-10-06 14:30:00-04:00,40.525001525878906,40.6953010559082,40.45000076293945,40.49489974975586,24847,0.0,0.0
2023-10-06 15:30:00-04:00,40.5,40.50899887084961,40.2599983215332,40.34000015258789,48671,0.0,0.0
2023-10-09 09:30:00-04:00,39.95000076293945,39.95000076293945,39.29999923706055,39.53499984741211,74124,0.0,0.0
2023-10-09 10:30:00-04:00,39.61000061035156,39.95000076293945,39.5099983215332,39.95000076293945,17997,0.0,0.0
2023-10-09 11:30:00-04:00,40.0099983215332,40.2599983215332,39.87080001831055,40.16999816894531,13531,0.0,0.0
2023-10-09 12:30:00-04:00,40.189998626708984,40.275001525878906,40.084999084472656,40.275001525878906,10973,0.0,0.0
2023-10-09 13:30:00-04:00,40.32500076293945,40.540000915527344,40.220001220703125,40.540000915527344,22512,0.0,0.0
2023-10-09 14:30:00-04:00,40.4900016784668,40.70000076293945,40.439998626708984,40.584999084472656,23460,0.0,0.0
2023-10-09 15:30:00-04:00,40.584999084472656,40.665000915527344,40.505001068115234,40.630001068115234,70119,0.0,0.0
2023-10-10 09:30:00-04:00,40.75,41.27000045776367,39.89500045776367,41.22999954223633,22359,0.0,0.0
2023-10-10 10:30:00-04:00,41.22999954223633,41.29999923706055,41.15999984741211,41.22999954223633,28115,0.0,0.0
2023-10-10 11:30:00-04:00,41.27000045776367,41.52000045776367,41.27000045776367,41.47999954223633,28044,0.0,0.0
2023-10-10 12:30:00-04:00,41.5,41.560001373291016,41.209999084472656,41.27000045776367,31512,0.0,0.0
2023-10-10 13:30:00-04:00,41.290000915527344,41.38999938964844,41.26279830932617,41.279998779296875,33485,0.0,0.0
2023-10-10 14:30:00-04:00,41.29999923706055,41.41999816894531,41.2599983215332,41.369998931884766,44918,0.0,0.0
2023-10-10 15:30:00-04:00,41.36000061035156,41.45000076293945,41.310001373291016,41.34000015258789,109108,0.0,0.0
2023-10-11 09:30:00-04:00,41.5,41.84000015258789,41.45000076293945,41.84000015258789,22847,0.0,0.0
2023-10-11 10:30:00-04:00,41.849998474121094,41.88999938964844,41.56999969482422,41.779998779296875,21253,0.0,0.0
2023-10-11 11:30:00-04:00,41.81999969482422,41.90999984741211,41.65999984741211,41.709999084472656,26163,0.0,0.0
2023-10-11 12:30:00-04:00,41.66999816894531,41.75,41.599998474121094,41.71500015258789,31064,0.0,0.0
2023-10-11 13:30:00-04:00,41.7400016784668,41.75,41.439998626708984,41.58000183105469,36328,0.0,0.0
2023-10-11 14:30:00-04:00,41.59000015258789,41.72999954223633,41.470001220703125,41.529998779296875,64761,0.0,0.0
2023-10-11 15:30:00-04:00,41.52000045776367,41.880001068115234,41.4900016784668,41.849998474121094,103486,0.0,0.0
2023-10-12 09:30:00-04:00,41.75,41.86000061035156,41.22999954223633,41.54999923706055,43598,0.0,0.0
2023-10-12 10:30:00-04:00,41.54499816894531,41.599998474121094,40.980499267578125,41.209999084472656,23971,0.0,0.0
2023-10-12 11:30:00-04:00,41.220001220703125,41.47999954223633,41.119998931884766,41.459999084472656,19463,0.0,0.0
2023-10-12 12:30:00-04:00,41.47999954223633,41.47999954223633,41.16999816894531,41.20000076293945,20540,0.0,0.0
2023-10-12 13:30:00-04:00,41.189998626708984,41.25,40.70000076293945,40.845001220703125,57977,0.0,0.0
2023-10-12 14:30:00-04:00,40.81999969482422,41.04999923706055,40.7400016784668,41.0099983215332,42020,0.0,0.0
2023-10-12 15:30:00-04:00,41.005001068115234,41.15999984741211,40.939998626708984,40.9900016784668,125728,0.0,0.0
2023-10-13 09:30:00-04:00,40.959999084472656,41.459999084472656,40.654998779296875,40.7400016784668,35245,0.0,0.0
2023-10-13 10:30:00-04:00,40.779998779296875,40.86000061035156,40.43000030517578,40.56999969482422,30138,0.0,0.0
2023-10-13 11:30:00-04:00,40.59000015258789,40.78499984741211,40.529998779296875,40.599998474121094,20332,0.0,0.0
2023-10-13 12:30:00-04:00,40.56999969482422,40.63999938964844,40.459999084472656,40.525001525878906,17135,0.0,0.0
2023-10-13 13:30:00-04:00,40.540000915527344,40.66999816894531,40.400001525878906,40.58000183105469,19968,0.0,0.0
2023-10-13 14:30:00-04:00,40.58000183105469,40.619998931884766,40.386199951171875,40.38999938964844,31976,0.0,0.0
2023-10-13 15:30:00-04:00,40.3849983215332,40.4900016784668,40.28499984741211,40.4900016784668,66316,0.0,0.0
2023-10-16 09:30:00-04:00,40.959999084472656,41.33000183105469,40.79999923706055,41.09000015258789,27572,0.0,0.0
2023-10-16 10:30:00-04:00,41.099998474121094,41.525001525878906,41.099998474121094,41.36000061035156,22142,0.0,0.0
2023-10-16 11:30:00-04:00,41.369998931884766,41.54999923706055,41.290000915527344,41.4900016784668,26928,0.0,0.0
2023-10-16 12:30:00-04:00,41.48500061035156,42.0,41.47999954223633,42.0,128519,0.0,0.0
2023-10-16 13:30:00-04:00,41.9900016784668,42.060001373291016,41.7400016784668,41.93000030517578,130812,0.0,0.0
2023-10-16 14:30:00-04:00,41.91999816894531,42.084999084472656,41.900001525878906,42.084999084472656,56880,0.0,0.0
2023-10-16 15:30:00-04:00,42.09000015258789,42.22999954223633,41.95000076293945,41.9900016784668,276120,0.0,0.0
2023-10-17 09:30:00-04:00,41.77000045776367,42.5,41.06999969482422,42.46500015258789,72375,0.0,0.0
2023-10-17 10:30:00-04:00,42.46500015258789,42.46500015258789,42.27000045776367,42.459999084472656,21368,0.0,0.0
2023-10-17 11:30:00-04:00,42.470001220703125,42.66999816894531,42.470001220703125,42.56999969482422,48791,0.0,0.0
2023-10-17 12:30:00-04:00,42.5,42.59000015258789,42.470001220703125,42.52000045776367,18145,0.0,0.0
2023-10-17 13:30:00-04:00,42.540000915527344,42.60499954223633,42.47999954223633,42.60499954223633,39225,0.0,0.0
2023-10-17 14:30:00-04:00,42.61000061035156,42.61000061035156,42.2599983215332,42.301998138427734,211175,0.0,0.0
2023-10-17 15:30:00-04:00,42.3849983215332,42.52000045776367,42.22999954223633,42.52000045776367,121105,0.0,0.0
2023-10-18 09:30:00-04:00,41.93000030517578,42.4900016784668,41.67499923706055,42.4900016784668,36019,0.0,0.0
2023-10-18 10:30:00-04:00,42.45000076293945,42.459999084472656,41.9900016784668,42.154998779296875,48905,0.0,0.0
2023-10-18 11:30:00-04:00,42.17499923706055,42.17499923706055,41.5,41.63999938964844,25570,0.0,0.0
2023-10-18 12:30:00-04:00,41.619998931884766,41.78499984741211,41.40999984741211,41.65999984741211,15761,0.0,0.0
2023-10-18 13:30:00-04:00,41.65999984741211,41.869998931884766,41.540000915527344,41.75,17636,0.0,0.0
2023-10-18 14:30:00-04:00,41.779998779296875,41.810001373291016,41.470001220703125,41.470001220703125,35528,0.0,0.0
2023-10-18 15:30:00-04:00,41.46500015258789,41.502498626708984,41.34000015258789,41.349998474121094,70931,0.0,0.0
2023-10-19 09:30:00-04:00,41.540000915527344,41.79999923706055,41.33000183105469,41.41999816894531,84234,0.0,0.0
2023-10-19 10:30:00-04:00,41.34000015258789,41.77000045776367,41.34000015258789,41.77000045776367,37280,0.0,0.0
2023-10-19 11:30:00-04:00,41.779998779296875,42.255001068115234,41.779998779296875,42.255001068115234,31507,0.0,0.0
2023-10-19 12:30:00-04:00,42.084999084472656,42.459999084472656,41.83000183105469,42.439998626708984,14071,0.0,0.0
2023-10-19 13:30:00-04:00,42.470001220703125,42.470001220703125,42.02000045776367,42.12009811401367,98849,0.0,0.0
2023-10-19 14:30:00-04:00,42.13999938964844,42.13999938964844,41.5099983215332,41.630001068115234,39389,0.0,0.0
2023-10-19 15:30:00-04:00,41.64500045776367,41.71500015258789,41.505001068115234,41.58000183105469,58154,0.0,0.0
2023-10-20 09:30:00-04:00,41.599998474121094,41.61000061035156,41.220001220703125,41.349998474121094,42351,0.0,0.0
2023-10-20 10:30:00-04:00,41.375,41.540000915527344,41.209999084472656,41.33000183105469,25272,0.0,0.0
2023-10-20 11:30:00-04:00,41.310001373291016,41.57500076293945,41.13999938964844,41.52000045776367,26378,0.0,0.0
2023-10-20 12:30:00-04:00,41.5099983215332,41.7400016784668,41.5,41.63999938964844,26524,0.0,0.0
2023-10-20 13:30:00-04:00,41.65999984741211,41.70000076293945,41.400001525878906,41.4900016784668,22443,0.0,0.0
2023-10-20 14:30:00-04:00,41.46500015258789,41.54999923706055,41.369998931884766,41.400001525878906,31190,0.0,0.0
2023-10-20 15:30:00-04:00,41.400001525878906,41.560001373291016,41.34000015258789,41.5099983215332,95398,0.0,0.0
2023-10-23 09:30:00-04:00,41.22999954223633,42.04999923706055,41.189998626708984,42.029998779296875,61864,0.0,0.0
2023-10-23 10:30:00-04:00,41.97999954223633,42.310001373291016,41.91999816894531,42.29999923706055,28201,0.0,0.0
2023-10-23 11:30:00-04:00,42.16999816894531,42.334999084472656,42.099998474121094,42.29999923706055,26210,0.0,0.0
2023-10-23 12:30:00-04:00,42.314998626708984,42.58000183105469,42.314998626708984,42.52000045776367,40314,0.0,0.0
2023-10-23 13:30:00-04:00,42.4900016784668,42.650001525878906,42.45000076293945,42.52619934082031,49801,0.0,0.0
2023-10-23 14:30:00-04:00,42.53499984741211,42.53499984741211,42.189998626708984,42.22999954223633,57605,0.0,0.0
2023-10-23 15:30:00-04:00,42.180999755859375,42.29999923706055,41.9900016784668,42.0,103680,0.0,0.0
2023-10-24 09:30:00-04:00,42.38999938964844,42.52000045776367,42.0,42.459999084472656,18072,0.0,0.0
2023-10-24 10:30:00-04:00,42.459999084472656,42.56999969482422,42.209999084472656,42.36000061035156,17712,0.0,0.0
2023-10-24 11:30:00-04:00,42.310001373291016,42.36000061035156,42.18000030517578,42.29999923706055,20450,0.0,0.0
2023-10-24 12:30:00-04:00,42.31999969482422,42.36000061035156,42.185001373291016,42.275001525878906,15058,0.0,0.0
2023-10-24 13:30:00-04:00,42.310001373291016,42.369998931884766,42.220001220703125,42.29999923706055,18143,0.0,0.0
2023-10-24 14:30:00-04:00,42.31999969482422,42.369998931884766,42.22999954223633,42.33000183105469,27832,0.0,0.0
2023-10-24 15:30:00-04:00,42.34000015258789,42.380001068115234,42.08000183105469,42.130001068115234,107863,0.0,0.0
2023-10-25 09:30:00-04:00,41.279998779296875,41.33000183105469,39.459999084472656,40.1973991394043,115718,0.0,0.0
2023-10-25 10:30:00-04:00,40.189998626708984,40.619998931884766,40.08000183105469,40.4900016784668,64191,0.0,0.0
2023-10-25 11:30:00-04:00,40.529998779296875,40.529998779296875,39.63999938964844,39.810001373291016,127455,0.0,0.0
2023-10-25 12:30:00-04:00,39.779998779296875,39.84000015258789,39.40999984741211,39.54999923706055,42593,0.0,0.0
2023-10-25 13:30:00-04:00,39.540000915527344,39.810001373291016,39.36000061035156,39.584999084472656,170429,0.0,0.0
2023-10-25 14:30:00-04:00,39.564998626708984,39.75,39.400001525878906,39.6150016784668,73075,0.0,0.0
2023-10-25 15:30:00-04:00,39.61000061035156,39.7599983215332,39.5099983215332,39.599998474121094,155661,0.0,0.0
2023-10-26 09:30:00-04:00,39.59000015258789,40.25,39.130001068115234,39.40999984741211,110700,0.0,0.0
2023-10-26 10:30:00-04:00,39.40719985961914,39.86000061035156,39.23500061035156,39.689998626708984,48244,0.0,0.0
2023-10-26 11:30:00-04:00,39.630001068115234,39.67599868774414,39.33000183105469,39.439998626708984,70052,0.0,0.0
2023-10-26 12:30:00-04:00,39.470001220703125,39.494998931884766,39.2400016784668,39.27000045776367,41895,0.0,0.0
2023-10-26 13:30:00-04:00,39.2400016784668,39.465999603271484,39.150001525878906,39.40999984741211,44968,0.0,0.0
2023-10-26 14:30:00-04:00,39.43000030517578,39.470001220703125,39.25,39.25,58919,0.0,0.0
2023-10-26 15:30:00-04:00,39.25,39.29499816894531,39.130001068115234,39.130001068115234,113971,0.0,0.0
2023-10-27 09:30:00-04:00,39.31999969482422,39.380001068115234,38.849998474121094,39.18000030517578,63832,0.0,0.0
2023-10-27 10:30:00-04:00,39.189998626708984,39.72999954223633,39.099998474121094,39.540000915527344,115535,0.0,0.0
2023-10-27 11:30:00-04:00,39.459999084472656,39.59000015258789,39.20000076293945,39.20000076293945,41526,0.0,0.0
2023-10-27 12:30:00-04:00,39.15999984741211,39.47999954223633,39.029998779296875,39.064998626708984,137629,0.0,0.0
2023-10-27 13:30:00-04:00,39.02000045776367,39.145999908447266,38.90999984741211,38.970001220703125,31395,0.0,0.0
2023-10-27 14:30:00-04:00,38.959999084472656,39.11000061035156,38.810001373291016,39.10499954223633,40062,0.0,0.0
2023-10-27 15:30:00-04:00,39.1150016784668,39.189998626708984,39.02000045776367,39.13999938964844,122120,0.0,0.0
2023-10-30 09:30:00-04:00,39.529998779296875,39.790000915527344,38.869998931884766,38.900001525878906,38294,0.0,0.0
2023-10-30 10:30:00-04:00,38.97999954223633,39.130001068115234,38.790000915527344,39.130001068115234,19912,0.0,0.0
2023-10-30 11:30:00-04:00,39.130001068115234,39.43000030517578,38.97999954223633,39.38999938964844,28570,0.0,0.0
2023-10-30 12:30:00-04:00,39.400001525878906,39.68000030517578,39.29999923706055,39.68000030517578,23368,0.0,0.0
2023-10-30 13:30:00-04:00,39.72999954223633,39.775001525878906,39.45000076293945,39.564998626708984,31546,0.0,0.0
2023-10-30 14:30:00-04:00,39.630001068115234,40.099998474121094,39.59000015258789,40.06999969482422,46209,0.0,0.0
2023-10-30 15:30:00-04:00,40.04999923706055,40.119998931884766,39.81999969482422,39.900001525878906,79112,0.0,0.0
2023-10-31 09:30:00-04:00,39.95000076293945,40.130001068115234,39.45000076293945,39.65999984741211,45235,0.0,0.0
2023-10-31 10:30:00-04:00,39.599998474121094,39.70000076293945,39.33000183105469,39.41999816894531,45109,0.0,0.0
2023-10-31 11:30:00-04:00,39.43000030517578,39.560001373291016,39.2599983215332,39.5099983215332,22619,0.0,0.0
2023-10-31 12:30:00-04:00,39.54499816894531,39.54499816894531,39.34000015258789,39.369998931884766,16360,0.0,0.0
2023-10-31 13:30:00-04:00,39.38999938964844,39.52000045776367,39.36000061035156,39.400001525878906,17033,0.0,0.0
2023-10-31 14:30:00-04:00,39.38999938964844,39.689998626708984,39.38999938964844,39.59000015258789,21786,0.0,0.0
2023-10-31 15:30:00-04:00,39.54999923706055,39.650001525878906,39.4900016784668,39.540000915527344,53754,0.0,0.0
2023-11-01 09:30:00-04:00,39.869998931884766,39.869998931884766,38.5099983215332,38.5260009765625,45135,0.0,0.0
2023-11-01 10:30:00-04:00,38.54499816894531,38.96500015258789,38.279998779296875,38.31999969482422,67400,0.0,0.0
2023-11-01 11:30:00-04:00,38.31999969482422,38.369998931884766,38.09000015258789,38.209999084472656,36683,0.0,0.0
2023-11-01 12:30:00-04:00,38.27000045776367,38.369998931884766,37.939998626708984,38.060001373291016,72069,0.0,0.0
2023-11-01 13:30:00-04:00,38.060001373291016,38.369998931884766,37.959999084472656,38.16999816894531,64578,0.0,0.0
2023-11-01 14:30:00-04:00,38.189998626708984,38.25,37.81999969482422,38.02000045776367,136650,0.0,0.0
2023-11-01 15:30:00-04:00,38.02000045776367,38.22999954223633,37.90999984741211,38.130001068115234,641423,0.0,0.0
2023-11-02 09:30:00-04:00,39.029998779296875,39.47999954223633,38.81999969482422,38.9900016784668,41726,0.0,0.0
2023-11-02 10:30:00-04:00,38.99300003051758,39.97999954223633,38.83000183105469,39.75,318760,0.0,0.0
2023-11-02 11:30:00-04:00,39.72999954223633,40.11000061035156,39.61000061035156,39.619998931884766,131475,0.0,0.0
2023-11-02 12:30:00-04:00,39.68000030517578,39.90999984741211,39.61000061035156,39.70249938964844,55407,0.0,0.0
2023-11-02 13:30:00-04:00,39.70000076293945,40.060001373291016,39.70000076293945,39.90999984741211,72663,0.0,0.0
2023-11-02 14:30:00-04:00,39.8849983215332,39.93000030517578,39.625,39.70000076293945,74672,0.0,0.0
2023-11-02 15:30:00-04:00,39.720001220703125,40.0,39.66999816894531,40.0,154733,0.0,0.0
2023-11-03 09:30:00-04:00,40.7400016784668,41.65999984741211,40.540000915527344,41.40999984741211,29568,0.0,0.0
2023-11-03 10:30:00-04:00,41.47999954223633,41.970001220703125,41.38999938964844,41.849998474121094,66111,0.0,0.0
2023-11-03 11:30:00-04:00,41.869998931884766,42.209999084472656,41.814998626708984,42.040000915527344,38678,0.0,0.0
2023-11-03 12:30:00-04:00,42.040000915527344,42.45000076293945,42.029998779296875,42.29999923706055,40624,0.0,0.0
2023-11-03 13:30:00-04:00,42.310001373291016,42.459999084472656,42.25,42.459999084472656,34846,0.0,0.0
2023-11-03 14:30:00-04:00,42.47999954223633,42.75,42.41999816894531,42.43000030517578,61647,0.0,0.0
2023-11-03 15:30:00-04:00,42.45000076293945,42.540000915527344,42.13999938964844,42.18000030517578,109933,0.0,0.0
2023-11-06 09:30:00-05:00,42.09000015258789,42.369998931884766,41.7599983215332,41.918701171875,23332,0.0,0.0
2023-11-06 10:30:00-05:00,41.790000915527344,42.01499938964844,41.709999084472656,41.709999084472656,44667,0.0,0.0
2023-11-06 11:30:00-05:00,41.66999816894531,41.79999923706055,41.59000015258789,41.755001068115234,30343,0.0,0.0
2023-11-06 12:30:00-05:00,41.7599983215332,41.790000915527344,41.4900016784668,41.4900016784668,35453,0.0,0.0
2023-11-06 13:30:00-05:00,41.470001220703125,41.63999938964844,41.38999938964844,41.529998779296875,21247,0.0,0.0
2023-11-06 14:30:00-05:00,41.529998779296875,41.83000183105469,41.522499084472656,41.75,47744,0.0,0.0
2023-11-06 15:30:00-05:00,41.75,41.900001525878906,41.689998626708984,41.88999938964844,104648,0.0,0.0
2023-11-07 09:30:00-05:00,41.88999938964844,42.005001068115234,41.46500015258789,41.86000061035156,33200,0.0,0.0
2023-11-07 10:30:00-05:00,41.82500076293945,42.20000076293945,41.79050064086914,41.85499954223633,146920,0.0,0.0
2023-11-07 11:30:00-05:00,41.88999938964844,42.029998779296875,41.7400016784668,41.970001220703125,50643,0.0,0.0
2023-11-07 12:30:00-05:00,41.95000076293945,42.130001068115234,41.83000183105469,41.86000061035156,147825,0.0,0.0
2023-11-07 13:30:00-05:00,41.8650016784668,41.97999954223633,41.65359878540039,41.720001220703125,58884,0.0,0.0
2023-11-07 14:30:00-05:00,41.70000076293945,41.970001220703125,41.63999938964844,41.869998931884766,174257,0.0,0.0
2023-11-07 15:30:00-05:00,41.85499954223633,41.9900016784668,41.68000030517578,41.709999084472656,175401,0.0,0.0
2023-11-08 09:30:00-05:00,40.939998626708984,42.93000030517578,40.63999938964844,42.93000030517578,106751,0.0,0.0
2023-11-08 10:30:00-05:00,42.85499954223633,43.23500061035156,42.27000045776367,42.96500015258789,117978,0.0,0.0
2023-11-08 11:30:00-05:00,42.91999816894531,43.029998779296875,42.15999984741211,42.40999984741211,79748,0.0,0.0
2023-11-08 12:30:00-05:00,42.369998931884766,42.58000183105469,42.04999923706055,42.04999923706055,77661,0.0,0.0
2023-11-08 13:30:00-05:00,42.03499984741211,42.56999969482422,42.03499984741211,42.20000076293945,118127,0.0,0.0
2023-11-08 14:30:00-05:00,42.22999954223633,42.52000045776367,42.150001525878906,42.400001525878906,72791,0.0,0.0
2023-11-08 15:30:00-05:00,42.44900131225586,42.7599983215332,42.40999984741211,42.650001525878906,216405,0.0,0.0
2023-11-09 09:30:00-05:00,42.290000915527344,42.8849983215332,41.619998931884766,41.850101470947266,40994,0.0,0.0
2023-11-09 10:30:00-05:00,42.0099983215332,42.0099983215332,41.56999969482422,41.66999816894531,57755,0.0,0.0
2023-11-09 11:30:00-05:00,41.61000061035156,41.81999969482422,41.5099983215332,41.775001525878906,24168,0.0,0.0
2023-11-09 12:30:00-05:00,41.79999923706055,41.83000183105469,41.44499969482422,41.630001068115234,25259,0.0,0.0
2023-11-09 13:30:00-05:00,41.560001373291016,41.619998931884766,40.93000030517578,41.11000061035156,34436,0.0,0.0
2023-11-09 14:30:00-05:00,41.130001068115234,41.154998779296875,40.86000061035156,41.08000183105469,38535,0.0,0.0
2023-11-09 15:30:00-05:00,41.130001068115234,41.150001525878906,40.900001525878906,41.06999969482422,99209,0.0,0.0
2023-11-10 09:30:00-05:00,41.220001220703125,41.43000030517578,40.880001068115234,41.349998474121094,20219,0.0,0.0
2023-11-10 10:30:00-05:00,41.369998931884766,41.81999969482422,41.29499816894531,41.75,45517,0.0,0.0
2023-11-10 11:30:00-05:00,41.630001068115234,41.84000015258789,41.61000061035156,41.84000015258789,23027,0.0,0.0
2023-11-10 12:30:00-05:00,41.89899826049805,42.15999984741211,41.89500045776367,42.07749938964844,25223,0.0,0.0
2023-11-10 13:30:00-05:00,42.11000061035156,42.308998107910156,42.0099983215332,42.30400085449219,26993,0.0,0.0
2023-11-10 14:30:00-05:00,42.310001373291016,42.45000076293945,42.279998779296875,42.400001525878906,53916,0.0,0.0
2023-11-10 15:30:00-05:00,42.375,42.5099983215332,42.33000183105469,42.45000076293945,88508,0.0,0.0
2023-11-13 09:30:00-05:00,42.18000030517578,42.220001220703125,40.220001220703125,41.81999969482422,16625,0.0,0.0
2023-11-13 10:30:00-05:00,41.810001373291016,41.91999816894531,41.54999923706055,41.560001373291016,51618,0.0,0.0
2023-11-13 11:30:00-05:00,41.52000045776367,41.85879898071289,41.40999984741211,41.79999923706055,278953,0.0,0.0
2023-11-13 12:30:00-05:00,41.75,41.77000045776367,41.619998931884766,41.720001220703125,14442,0.0,0.0
2023-11-13 13:30:00-05:00,41.66999816894531,41.86000061035156,41.52000045776367,41.61000061035156,113064,0.0,0.0
2023-11-13 14:30:00-05:00,41.63999938964844,41.810001373291016,41.63999938964844,41.650001525878906,19994,0.0,0.0
2023-11-13 15:30:00-05:00,41.66999816894531,41.779998779296875,41.59000015258789,41.59000015258789,62074,0.0,0.0
2023-11-14 09:30:00-05:00,42.88999938964844,43.7400016784668,42.79999923706055,43.54499816894531,47392,0.0,0.0
2023-11-14 10:30:00-05:00,43.5,44.52000045776367,43.40999984741211,44.43199920654297,52418,0.0,0.0
2023-11-14 11:30:00-05:00,44.41999816894531,44.56999969482422,43.869998931884766,43.96500015258789,45743,0.0,0.0
2023-11-14 12:30:00-05:00,44.02000045776367,44.119998931884766,43.939998626708984,44.040000915527344,44962,0.0,0.0
2023-11-14 13:30:00-05:00,44.060001373291016,44.39500045776367,44.02000045776367,44.380001068115234,55799,0.0,0.0
2023-11-14 14:30:00-05:00,44.36000061035156,44.43000030517578,44.04999923706055,44.279998779296875,99314,0.0,0.0
2023-11-14 15:30:00-05:00,44.310001373291016,44.369998931884766,44.119998931884766,44.27000045776367,139982,0.0,0.0
2023-11-15 09:30:00-05:00,44.189998626708984,45.29999923706055,44.189998626708984,45.27000045776367,24481,0.0,0.0
2023-11-15 10:30:00-05:00,45.290000915527344,45.39500045776367,44.709999084472656,44.7599983215332,52431,0.0,0.0
2023-11-15 11:30:00-05:00,44.720001220703125,44.720001220703125,44.31999969482422,44.42639923095703,24474,0.0,0.0
2023-11-15 12:30:00-05:00,44.43000030517578,44.45000076293945,44.27000045776367,44.40999984741211,22469,0.0,0.0
2023-11-15 13:30:00-05:00,44.41999816894531,44.650001525878906,44.400001525878906,44.51499938964844,27587,0.0,0.0
2023-11-15 14:30:00-05:00,44.4900016784668,44.693599700927734,44.47999954223633,44.66999816894531,37139,0.0,0.0
2023-11-15 15:30:00-05:00,44.689998626708984,44.77000045776367,44.540000915527344,44.63999938964844,75638,0.0,0.0
2023-11-16 09:30:00-05:00,44.63999938964844,44.66999816894531,44.064998626708984,44.400001525878906,37533,0.0,0.0
2023-11-16 10:30:00-05:00,44.40299987792969,44.560001373291016,43.880001068115234,43.93000030517578,22330,0.0,0.0
2023-11-16 11:30:00-05:00,43.93000030517578,44.04499816894531,43.7400016784668,43.98500061035156,14059,0.0,0.0
2023-11-16 12:30:00-05:00,43.959999084472656,44.04999923706055,43.79890060424805,43.88999938964844,12039,0.0,0.0
2023-11-16 13:30:00-05:00,43.90999984741211,44.05500030517578,43.7599983215332,43.959999084472656,12912,0.0,0.0
2023-11-16 14:30:00-05:00,43.970001220703125,44.15999984741211,43.970001220703125,44.08000183105469,23454,0.0,0.0
2023-11-16 15:30:00-05:00,44.060001373291016,44.20899963378906,44.02000045776367,44.13999938964844,50457,0.0,0.0
2023-11-17 09:30:00-05:00,44.560001373291016,44.560001373291016,44.060001373291016,44.20000076293945,57741,0.0,0.0
2023-11-17 10:30:00-05:00,44.16999816894531,44.400001525878906,44.11000061035156,44.209999084472656,22815,0.0,0.0
2023-11-17 11:30:00-05:00,44.154998779296875,44.15999984741211,44.030799865722656,44.08599853515625,14365,0.0,0.0
2023-11-17 12:30:00-05:00,44.04999923706055,44.560001373291016,44.04999923706055,44.380001068115234,20589,0.0,0.0
2023-11-17 13:30:00-05:00,44.40999984741211,44.47999954223633,44.35499954223633,44.36000061035156,30784,0.0,0.0
2023-11-17 14:30:00-05:00,44.41999816894531,44.584999084472656,44.36000061035156,44.43000030517578,36440,0.0,0.0
2023-11-17 15:30:00-05:00,44.380001068115234,44.630001068115234,44.34000015258789,44.58000183105469,80051,0.0,0.0
2023-11-20 09:30:00-05:00,44.81999969482422,45.06999969482422,43.08000183105469,44.83000183105469,46496,0.0,0.0
2023-11-20 10:30:00-05:00,44.75,45.15999984741211,44.650001525878906,45.11000061035156,38175,0.0,0.0
2023-11-20 11:30:00-05:00,45.13999938964844,45.279998779296875,45.1150016784668,45.20000076293945,31564,0.0,0.0
2023-11-20 12:30:00-05:00,45.20000076293945,45.20000076293945,44.939998626708984,45.08000183105469,34190,0.0,0.0
2023-11-20 13:30:00-05:00,45.09000015258789,45.130001068115234,44.939998626708984,45.0099983215332,41065,0.0,0.0
2023-11-20 14:30:00-05:00,45.06999969482422,45.349998474121094,45.04999923706055,45.15999984741211,33445,0.0,0.0
2023-11-20 15:30:00-05:00,45.15999984741211,45.15999984741211,44.939998626708984,44.970001220703125,52401,0.0,0.0
2023-11-21 09:30:00-05:00,44.630001068115234,44.779998779296875,44.470001220703125,44.70500183105469,16546,0.0,0.0
2023-11-21 10:30:00-05:00,44.665000915527344,44.7400016784668,44.459999084472656,44.56999969482422,39502,0.0,0.0
2023-11-21 11:30:00-05:00,44.61000061035156,44.65999984741211,44.52000045776367,44.560001373291016,19695,0.0,0.0
2023-11-21 12:30:00-05:00,44.599998474121094,44.599998474121094,44.310001373291016,44.45000076293945,17754,0.0,0.0
2023-11-21 13:30:00-05:00,44.45000076293945,44.51499938964844,44.32500076293945,44.41999816894531,24077,0.0,0.0
2023-11-21 14:30:00-05:00,44.470001220703125,44.5099983215332,44.31999969482422,44.494998931884766,39229,0.0,0.0
2023-11-21 15:30:00-05:00,44.47999954223633,44.4900016784668,44.29999923706055,44.349998474121094,61798,0.0,0.0
2023-11-22 09:30:00-05:00,44.900001525878906,45.15999984741211,44.54999923706055,45.09000015258789,32796,0.0,0.0
2023-11-22 10:30:00-05:00,45.12099838256836,45.21500015258789,45.029998779296875,45.150001525878906,21027,0.0,0.0
2023-11-22 11:30:00-05:00,45.21500015258789,45.4900016784668,45.13999938964844,45.349998474121094,34583,0.0,0.0
2023-11-22 12:30:00-05:00,45.349998474121094,45.400001525878906,45.22999954223633,45.22999954223633,17108,0.0,0.0
2023-11-22 13:30:00-05:00,45.2599983215332,45.36000061035156,45.25,45.2599983215332,14301,0.0,0.0
2023-11-22 14:30:00-05:00,45.27000045776367,45.400001525878906,45.20000076293945,45.400001525878906,32216,0.0,0.0
2023-11-22 15:30:00-05:00,45.400001525878906,45.470001220703125,45.349998474121094,45.349998474121094,67778,0.0,0.0
2023-11-24 09:30:00-05:00,45.2400016784668,45.4900016784668,45.099998474121094,45.099998474121094,16015,0.0,0.0
2023-11-24 10:30:00-05:00,45.06999969482422,45.154998779296875,44.81999969482422,44.91999816894531,41302,0.0,0.0
2023-11-24 11:30:00-05:00,44.88999938964844,45.02000045776367,44.86000061035156,44.974998474121094,20753,0.0,0.0
2023-11-27 09:30:00-05:00,44.79999923706055,45.13999938964844,44.470298767089844,45.13999938964844,24823,0.0,0.0
2023-11-27 10:30:00-05:00,45.11000061035156,45.209999084472656,44.98500061035156,45.17499923706055,25772,0.0,0.0
2023-11-27 11:30:00-05:00,45.17499923706055,45.39500045776367,45.11000061035156,45.189998626708984,150439,0.0,0.0
2023-11-27 12:30:00-05:00,45.22999954223633,45.29999923706055,45.16999816894531,45.220001220703125,31679,0.0,0.0
2023-11-27 13:30:00-05:00,45.21500015258789,45.31999969482422,45.150001525878906,45.20000076293945,31664,0.0,0.0
2023-11-27 14:30:00-05:00,45.209999084472656,45.560001373291016,45.20000076293945,45.5099983215332,58608,0.0,0.0
2023-11-27 15:30:00-05:00,45.540000915527344,45.77000045776367,45.5,45.689998626708984,215506,0.0,0.0
2023-11-28 09:30:00-05:00,45.41999816894531,45.41999816894531,45.20000076293945,45.32500076293945,13167,0.0,0.0
2023-11-28 10:30:00-05:00,45.2599983215332,45.45500183105469,45.13999938964844,45.22999954223633,38665,0.0,0.0
2023-11-28 11:30:00-05:00,45.27000045776367,45.415000915527344,45.185001373291016,45.185001373291016,14344,0.0,0.0
2023-11-28 12:30:00-05:00,45.150001525878906,45.40999984741211,45.099998474121094,45.400001525878906,35887,0.0,0.0
2023-11-28 13:30:00-05:00,45.40999984741211,45.720001220703125,45.400001525878906,45.4900016784668,26545,0.0,0.0
2023-11-28 14:30:00-05:00,45.54999923706055,45.7400016784668,45.47999954223633,45.52000045776367,27126,0.0,0.0
2023-11-28 15:30:00-05:00,45.500999450683594,45.630001068115234,45.40999984741211,45.560001373291016,73970,0.0,0.0
2023-11-29 09:30:00-05:00,45.77000045776367,46.470001220703125,45.77000045776367,46.290000915527344,29805,0.0,0.0
2023-11-29 10:30:00-05:00,46.18000030517578,46.20000076293945,45.880001068115234,45.970001220703125,18218,0.0,0.0
2023-11-29 11:30:00-05:00,45.970001220703125,45.9900016784668,45.619998931884766,45.65999984741211,16334,0.0,0.0
2023-11-29 12:30:00-05:00,45.68000030517578,45.689998626708984,45.33000183105469,45.3650016784668,22468,0.0,0.0
2023-11-29 13:30:00-05:00,45.36000061035156,45.41999816894531,45.18000030517578,45.34000015258789,34054,0.0,0.0
2023-11-29 14:30:00-05:00,45.35499954223633,45.36000061035156,44.90999984741211,44.95500183105469,48933,0.0,0.0
2023-11-29 15:30:00-05:00,44.970001220703125,44.9900016784668,44.63999938964844,44.72999954223633,125255,0.0,0.0
2023-11-30 09:30:00-05:00,44.779998779296875,44.81999969482422,44.189998626708984,44.65999984741211,69209,0.0,0.0
2023-11-30 10:30:00-05:00,44.65999984741211,44.880001068115234,44.650001525878906,44.744998931884766,53001,0.0,0.0
2023-11-30 11:30:00-05:00,44.720001220703125,44.810001373291016,44.65999984741211,44.65999984741211,35361,0.0,0.0
2023-11-30 12:30:00-05:00,44.68000030517578,44.7599983215332,44.61000061035156,44.630001068115234,26054,0.0,0.0
2023-11-30 13:30:00-05:00,44.630001068115234,44.779998779296875,44.619998931884766,44.720001220703125,49225,0.0,0.0
2023-11-30 14:30:00-05:00,44.70000076293945,44.810001373291016,44.439998626708984,44.48500061035156,55272,0.0,0.0
2023-11-30 15:30:00-05:00,44.439998626708984,44.529998779296875,44.31999969482422,44.4900016784668,90957,0.0,0.0
2023-12-01 09:30:00-05:00,44.630001068115234,45.060001373291016,44.630001068115234,44.970001220703125,26753,0.0,0.0
2023-12-01 10:30:00-05:00,44.970001220703125,45.689998626708984,44.93000030517578,45.689998626708984,59091,0.0,0.0
2023-12-01 11:30:00-05:00,45.599998474121094,46.0099983215332,45.560001373291016,45.88999938964844,29479,0.0,0.0
2023-12-01 12:30:00-05:00,45.880001068115234,46.0,45.869998931884766,45.959999084472656,25332,0.0,0.0
2023-12-01 13:30:00-05:00,45.95000076293945,45.9900016784668,45.7599983215332,45.88999938964844,30681,0.0,0.0
2023-12-01 14:30:00-05:00,45.93000030517578,46.029998779296875,45.86000061035156,45.98500061035156,39939,0.0,0.0
2023-12-01 15:30:00-05:00,46.0,46.26499938964844,46.0,46.22999954223633,75178,0.0,0.0
2023-12-04 09:30:00-05:00,45.939998626708984,46.869998931884766,45.689998626708984,45.709999084472656,128956,0.0,0.0
2023-12-04 10:30:00-05:00,45.72999954223633,45.7599983215332,45.11330032348633,45.18000030517578,60199,0.0,0.0
2023-12-04 11:30:00-05:00,45.18000030517578,45.560001373291016,45.05500030517578,45.16999816894531,76703,0.0,0.0
2023-12-04 12:30:00-05:00,45.15999984741211,45.220001220703125,44.792999267578125,44.792999267578125,38951,0.0,0.0
2023-12-04 13:30:00-05:00,44.709999084472656,45.09000015258789,44.709999084472656,44.91999816894531,52910,0.0,0.0
2023-12-04 14:30:00-05:00,44.90999984741211,45.0099983215332,44.57500076293945,44.67499923706055,74262,0.0,0.0
2023-12-04 15:30:00-05:00,44.689998626708984,44.88999938964844,44.54999923706055,44.81999969482422,146830,0.0,0.0
2023-12-05 09:30:00-05:00,44.529998779296875,44.625,43.650001525878906,43.810001373291016,61416,0.0,0.0
2023-12-05 10:30:00-05:00,43.849998474121094,43.88999938964844,43.380001068115234,43.665000915527344,59610,0.0,0.0
2023-12-05 11:30:00-05:00,43.65999984741211,43.97999954223633,43.650001525878906,43.65999984741211,32011,0.0,0.0
2023-12-05 12:30:00-05:00,43.630001068115234,44.099998474121094,43.45000076293945,43.9900016784668,99170,0.0,0.0
2023-12-05 13:30:00-05:00,43.96500015258789,44.11000061035156,43.90999984741211,43.994998931884766,43907,0.0,0.0
2023-12-05 14:30:00-05:00,43.9900016784668,43.9900016784668,43.72999954223633,43.84000015258789,47259,0.0,0.0
2023-12-05 15:30:00-05:00,43.84000015258789,43.90999984741211,43.63999938964844,43.900001525878906,152101,0.0,0.0
2023-12-06 09:30:00-05:00,44.4900016784668,45.33000183105469,44.349998474121094,45.2599983215332,94709,0.0,0.0
2023-12-06 10:30:00-05:00,45.25,45.38999938964844,44.7400016784668,44.755001068115234,39014,0.0,0.0
2023-12-06 11:30:00-05:00,44.689998626708984,44.84000015258789,44.58000183105469,44.709999084472656,20447,0.0,0.0
2023-12-06 12:30:00-05:00,44.68000030517578,44.68000030517578,44.380001068115234,44.63999938964844,20818,0.0,0.0
2023-12-06 13:30:00-05:00,44.72999954223633,44.81999969482422,44.560001373291016,44.560001373291016,25113,0.0,0.0
2023-12-06 14:30:00-05:00,44.529998779296875,44.650001525878906,44.380001068115234,44.380001068115234,27927,0.0,0.0
2023-12-06 15:30:00-05:00,44.3849983215332,44.56999969482422,44.20000076293945,44.560001373291016,328602,0.0,0.0
2023-12-07 09:30:00-05:00,44.779998779296875,45.5,44.66999816894531,45.5,61569,0.0,0.0
2023-12-07 10:30:00-05:00,45.505001068115234,45.505001068115234,45.029998779296875,45.09000015258789,14526,0.0,0.0
2023-12-07 11:30:00-05:00,45.060001373291016,45.27000045776367,45.032501220703125,45.224998474121094,22221,0.0,0.0
2023-12-07 12:30:00-05:00,45.21500015258789,45.380001068115234,45.21500015258789,45.25,15470,0.0,0.0
2023-12-07 13:30:00-05:00,45.290000915527344,45.5099983215332,45.290000915527344,45.5099983215332,43043,0.0,0.0
2023-12-07 14:30:00-05:00,45.52000045776367,45.540000915527344,45.220001220703125,45.435001373291016,47843,0.0,0.0
2023-12-07 15:30:00-05:00,45.470001220703125,45.619998931884766,45.33000183105469,45.599998474121094,88686,0.0,0.0
2023-12-08 09:30:00-05:00,45.369998931884766,46.5,45.16709899902344,46.400001525878906,25275,0.0,0.0
2023-12-08 10:30:00-05:00,46.36000061035156,46.5,46.060001373291016,46.154998779296875,29007,0.0,0.0
2023-12-08 11:30:00-05:00,46.20000076293945,46.56999969482422,46.04999923706055,46.56999969482422,30909,0.0,0.0
2023-12-08 12:30:00-05:00,46.58000183105469,46.900001525878906,46.54999923706055,46.88999938964844,41686,0.0,0.0
2023-12-08 13:30:00-05:00,46.900001525878906,46.900001525878906,46.4010009765625,46.560001373291016,37508,0.0,0.0
2023-12-08 14:30:00-05:00,46.56999969482422,46.68000030517578,46.52000045776367,46.58000183105469,29967,0.0,0.0
2023-12-08 15:30:00-05:00,46.56999969482422,46.720001220703125,46.5,46.56999969482422,57923,0.0,0.0
2023-12-11 09:30:00-05:00,46.56999969482422,47.67499923706055,46.2599983215332,47.619998931884766,65402,0.0,0.0
2023-12-11 10:30:00-05:00,47.619998931884766,48.09000015258789,47.56999969482422,48.09000015258789,71462,0.0,0.0
2023-12-11 11:30:00-05:00,48.06999969482422,48.209999084472656,47.84000015258789,47.92499923706055,45629,0.0,0.0
2023-12-11 12:30:00-05:00,47.9900016784668,48.04499816894531,47.475399017333984,47.51499938964844,123400,0.0,0.0
2023-12-11 13:30:00-05:00,47.505001068115234,47.56340026855469,47.26250076293945,47.380001068115234,34756,0.0,0.0
2023-12-11 14:30:00-05:00,47.40999984741211,47.630001068115234,47.40999984741211,47.5,49345,0.0,0.0
2023-12-11 15:30:00-05:00,47.5,47.5,47.11000061035156,47.2400016784668,84586,0.0,0.0
2023-12-12 09:30:00-05:00,47.2599983215332,47.2599983215332,46.61000061035156,46.77000045776367,20853,0.0,0.0
2023-12-12 10:30:00-05:00,46.74599838256836,46.939998626708984,46.56999969482422,46.61000061035156,21564,0.0,0.0
2023-12-12 11:30:00-05:00,46.61000061035156,46.6349983215332,46.435001373291016,46.540000915527344,20570,0.0,0.0
2023-12-12 12:30:00-05:00,46.53499984741211,46.67499923706055,46.43000030517578,46.66999816894531,27575,0.0,0.0
2023-12-12 13:30:00-05:00,46.685001373291016,47.209999084472656,46.630001068115234,47.209999084472656,47098,0.0,0.0
2023-12-12 14:30:00-05:00,47.20500183105469,47.310001373291016,46.970001220703125,47.150001525878906,31710,0.0,0.0
2023-12-12 15:30:00-05:00,47.130001068115234,47.16999816894531,46.97999954223633,47.15999984741211,66311,0.0,0.0
2023-12-13 09:30:00-05:00,47.150001525878906,47.53990173339844,46.66999816894531,46.92250061035156,19762,0.0,0.0
2023-12-13 10:30:00-05:00,46.888999938964844,46.900001525878906,46.77000045776367,46.779998779296875,11468,0.0,0.0
2023-12-13 11:30:00-05:00,46.77000045776367,46.779998779296875,46.540000915527344,46.560001373291016,23408,0.0,0.0
2023-12-13 12:30:00-05:00,46.544700622558594,46.59000015258789,46.34000015258789,46.369998931884766,14135,0.0,0.0
2023-12-13 13:30:00-05:00,46.369998931884766,47.20000076293945,46.189998626708984,47.18000030517578,43845,0.0,0.0
2023-12-13 14:30:00-05:00,47.180301666259766,47.970001220703125,47.18000030517578,47.7400016784668,66208,0.0,0.0
2023-12-13 15:30:00-05:00,47.77000045776367,48.029998779296875,47.7400016784668,47.83000183105469,105665,0.0,0.0
2023-12-14 09:30:00-05:00,48.70000076293945,50.27000045776367,48.27000045776367,49.459999084472656,106527,0.0,0.0
2023-12-14 10:30:00-05:00,49.47999954223633,49.93000030517578,49.23500061035156,49.93000030517578,58345,0.0,0.0
2023-12-14 11:30:00-05:00,49.95000076293945,50.345001220703125,49.82500076293945,50.220001220703125,67777,0.0,0.0
2023-12-14 12:30:00-05:00,50.220001220703125,50.47999954223633,50.02000045776367,50.435001373291016,71650,0.0,0.0
2023-12-14 13:30:00-05:00,50.435001373291016,50.61000061035156,50.20000076293945,50.349998474121094,125843,0.0,0.0
2023-12-14 14:30:00-05:00,50.3650016784668,51.0,50.33000183105469,50.79999923706055,105008,0.0,0.0
2023-12-14 15:30:00-05:00,50.77000045776367,50.77000045776367,50.16999816894531,50.38999938964844,149746,0.0,0.0
2023-12-15 09:30:00-05:00,50.459999084472656,50.559898376464844,49.60499954223633,49.709999084472656,144576,0.0,0.0
2023-12-15 10:30:00-05:00,49.7400016784668,50.150001525878906,49.564998626708984,49.68000030517578,39384,0.0,0.0
2023-12-15 11:30:00-05:00,49.625,49.7599983215332,49.38999938964844,49.689998626708984,32826,0.0,0.0
2023-12-15 12:30:00-05:00,49.66999816894531,49.72999954223633,49.439998626708984,49.592498779296875,27728,0.0,0.0
2023-12-15 13:30:00-05:00,49.61000061035156,49.61000061035156,49.150001525878906,49.400001525878906,24226,0.0,0.0
2023-12-15 14:30:00-05:00,49.41999816894531,49.61000061035156,49.349998474121094,49.560001373291016,29070,0.0,0.0
2023-12-15 15:30:00-05:00,49.56999969482422,49.81999969482422,49.5,49.810001373291016,166546,0.0,0.0
2023-12-18 09:30:00-05:00,49.79999923706055,51.099998474121094,49.709999084472656,50.400001525878906,74190,0.0,0.0
2023-12-18 10:30:00-05:00,50.40999984741211,51.029998779296875,50.40999984741211,51.0099983215332,69320,0.0,0.0
2023-12-18 11:30:00-05:00,51.005001068115234,51.04999923706055,50.72999954223633,51.0099983215332,46466,0.0,0.0
2023-12-18 12:30:00-05:00,51.029998779296875,51.11000061035156,50.849998474121094,50.97999954223633,40764,0.0,0.0
2023-12-18 13:30:00-05:00,50.994998931884766,51.15999984741211,50.83000183105469,50.85499954223633,45538,0.0,0.0
2023-12-18 14:30:00-05:00,50.869998931884766,50.869998931884766,50.540000915527344,50.775001525878906,49435,0.0,0.0
2023-12-18 15:30:00-05:00,50.775001525878906,50.80500030517578,50.58000183105469,50.58000183105469,88622,0.0,0.0
2023-12-19 09:30:00-05:00,50.9900016784668,52.220001220703125,50.70000076293945,52.029998779296875,75316,0.0,0.0
2023-12-19 10:30:00-05:00,52.029998779296875,52.459999084472656,51.904998779296875,52.32500076293945,41092,0.0,0.0
2023-12-19 11:30:00-05:00,52.27000045776367,52.349998474121094,52.08000183105469,52.27000045776367,27448,0.0,0.0
2023-12-19 12:30:00-05:00,52.27000045776367,52.7599983215332,52.27000045776367,52.599998474121094,37531,0.0,0.0
2023-12-19 13:30:00-05:00,52.63999938964844,52.90999984741211,52.61000061035156,52.845001220703125,37975,0.0,0.0
2023-12-19 14:30:00-05:00,52.880001068115234,53.34000015258789,52.84000015258789,53.29050064086914,59060,0.0,0.0
2023-12-19 15:30:00-05:00,53.31999969482422,53.41999816894531,53.16999816894531,53.25,83069,0.0,0.0
2023-12-20 09:30:00-05:00,53.279998779296875,53.380001068115234,52.56999969482422,53.12480163574219,53174,0.0,0.0
2023-12-20 10:30:00-05:00,53.220001220703125,53.59000015258789,53.060001373291016,53.30500030517578,31683,0.0,0.0
2023-12-20 11:30:00-05:00,53.31999969482422,53.369998931884766,53.150001525878906,53.220001220703125,30687,0.0,0.0
2023-12-20 12:30:00-05:00,53.2400016784668,53.27000045776367,52.529998779296875,52.64500045776367,38921,0.0,0.0
2023-12-20 13:30:00-05:00,52.64500045776367,53.02000045776367,52.64500045776367,53.0099983215332,45680,0.0,0.0
2023-12-20 14:30:00-05:00,52.9900016784668,52.9900016784668,52.029998779296875,52.09000015258789,57937,0.0,0.0
2023-12-20 15:30:00-05:00,52.064998626708984,52.26499938964844,51.814998626708984,51.900001525878906,78518,0.0,0.0
2023-12-21 09:30:00-05:00,52.75,53.07500076293945,52.38140106201172,52.439998626708984,38701,0.0,0.0
2023-12-21 10:30:00-05:00,52.540000915527344,52.54999923706055,52.33000183105469,52.439998626708984,23825,0.0,0.0
2023-12-21 11:30:00-05:00,52.400001525878906,52.45000076293945,52.040000915527344,52.220001220703125,28114,0.0,0.0
2023-12-21 12:30:00-05:00,52.220001220703125,52.31999969482422,51.994998931884766,52.255001068115234,28834,0.0,0.0
2023-12-21 13:30:00-05:00,52.26499938964844,52.35499954223633,52.07500076293945,52.10499954223633,28866,0.0,0.0
2023-12-21 14:30:00-05:00,52.040000915527344,52.130001068115234,51.91999816894531,52.130001068115234,36500,0.0,0.0
2023-12-21 15:30:00-05:00,52.16999816894531,52.45000076293945,52.11000061035156,52.38999938964844,72390,0.0,0.0
2023-12-22 09:30:00-05:00,52.63999938964844,52.91999816894531,52.25,52.540000915527344,34768,0.0,0.0
2023-12-22 10:30:00-05:00,52.54499816894531,52.720001220703125,52.42499923706055,52.435001373291016,20827,0.0,0.0
2023-12-22 11:30:00-05:00,52.470001220703125,52.72999954223633,52.38999938964844,52.72999954223633,27083,0.0,0.0
2023-12-22 12:30:00-05:00,52.720001220703125,52.95000076293945,52.650001525878906,52.75,37868,0.0,0.0
2023-12-22 13:30:00-05:00,52.75,53.084999084472656,52.474998474121094,52.474998474121094,26215,0.0,0.0
2023-12-22 14:30:00-05:00,52.45000076293945,52.9900016784668,52.45000076293945,52.88999938964844,43946,0.0,0.0
2023-12-22 15:30:00-05:00,52.89500045776367,53.0099983215332,52.78499984741211,52.849998474121094,76562,0.0,0.0
2023-12-26 09:30:00-05:00,53.08000183105469,53.54999923706055,52.959999084472656,53.310001373291016,27003,0.0,0.0
2023-12-26 10:30:00-05:00,53.290000915527344,53.39500045776367,53.27000045776367,53.279998779296875,22286,0.0,0.0
2023-12-26 11:30:00-05:00,53.279998779296875,53.38999938964844,53.279998779296875,53.29499816894531,14638,0.0,0.0
2023-12-26 12:30:00-05:00,53.290000915527344,53.689998626708984,53.25,53.56999969482422,22390,0.0,0.0
2023-12-26 13:30:00-05:00,53.56999969482422,53.595001220703125,53.25,53.4900016784668,28552,0.0,0.0
2023-12-26 14:30:00-05:00,53.4900016784668,53.66999816894531,53.459999084472656,53.5,26948,0.0,0.0
2023-12-26 15:30:00-05:00,53.4900016784668,53.54999923706055,53.33000183105469,53.400001525878906,59578,0.0,0.0
2023-12-27 09:30:00-05:00,53.349998474121094,53.689998626708984,53.2599983215332,53.41999816894531,29959,0.0,0.0
2023-12-27 10:30:00-05:00,53.439998626708984,53.72999954223633,53.29999923706055,53.72999954223633,26074,0.0,0.0
2023-12-27 11:30:00-05:00,53.63010025024414,54.1150016784668,53.63010025024414,54.099998474121094,24798,0.0,0.0
2023-12-27 12:30:00-05:00,54.099998474121094,54.33000183105469,53.93000030517578,54.209999084472656,26394,0.0,0.0
2023-12-27 13:30:00-05:00,54.16999816894531,54.25,53.84000015258789,54.15999984741211,21979,0.0,0.0
2023-12-27 14:30:00-05:00,54.18000030517578,54.22999954223633,54.02000045776367,54.099998474121094,22639,0.0,0.0
2023-12-27 15:30:00-05:00,54.10499954223633,54.279998779296875,54.025001525878906,54.2599983215332,40424,0.0,0.0
2023-12-28 09:30:00-05:00,54.0099983215332,54.56999969482422,53.85499954223633,54.505001068115234,24634,0.0,0.0
2023-12-28 10:30:00-05:00,54.54999923706055,54.630001068115234,54.11000061035156,54.29999923706055,41670,0.0,0.0
2023-12-28 11:30:00-05:00,54.2400016784668,54.380001068115234,53.91999816894531,53.91999816894531,23931,0.0,0.0
2023-12-28 12:30:00-05:00,53.970001220703125,54.08000183105469,53.73500061035156,53.9900016784668,21155,0.0,0.0
2023-12-28 13:30:00-05:00,54.0,54.040000915527344,53.93000030517578,53.99020004272461,20164,0.0,0.0
2023-12-28 14:30:00-05:00,53.9900016784668,54.02000045776367,53.70000076293945,53.845001220703125,29342,0.0,0.0
2023-12-28 15:30:00-05:00,53.86000061035156,53.91999816894531,53.75,53.849998474121094,48585,0.0,0.0
2023-12-29 09:30:00-05:00,53.79999923706055,54.060001373291016,53.5099983215332,53.625,15609,0.0,0.0
2023-12-29 10:30:00-05:00,53.650001525878906,53.650001525878906,53.099998474121094,53.150001525878906,23801,0.0,0.0
2023-12-29 11:30:00-05:00,53.13999938964844,53.29499816894531,53.13999938964844,53.22999954223633,16496,0.0,0.0
2023-12-29 12:30:00-05:00,53.22999954223633,53.459999084472656,53.20000076293945,53.36000061035156,22727,0.0,0.0
2023-12-29 13:30:00-05:00,53.36000061035156,53.55500030517578,53.36000061035156,53.45000076293945,26489,0.0,0.0
2023-12-29 14:30:00-05:00,53.45000076293945,53.599998474121094,53.34000015258789,53.40999984741211,26517,0.0,0.0
2023-12-29 15:30:00-05:00,53.40999984741211,53.540000915527344,53.2400016784668,53.31999969482422,65099,0.0,0.0
2024-01-02 09:30:00-05:00,52.779998779296875,54.119998931884766,52.70000076293945,53.599998474121094,327605,0.0,0.0
2024-01-02 10:30:00-05:00,53.59000015258789,53.79999923706055,53.47999954223633,53.55500030517578,37486,0.0,0.0
2024-01-02 11:30:00-05:00,53.54999923706055,53.86000061035156,53.529998779296875,53.689998626708984,47122,0.0,0.0
2024-01-02 12:30:00-05:00,53.70000076293945,53.80500030517578,53.63999938964844,53.69499969482422,41794,0.0,0.0
2024-01-02 13:30:00-05:00,53.68000030517578,53.7599983215332,52.9900016784668,53.20000076293945,59640,0.0,0.0
2024-01-02 14:30:00-05:00,53.18000030517578,53.33000183105469,52.994998931884766,53.21500015258789,66919,0.0,0.0
2024-01-02 15:30:00-05:00,53.21500015258789,53.474998474121094,53.130001068115234,53.380001068115234,90075,0.0,0.0
2024-01-03 09:30:00-05:00,52.56999969482422,52.56999969482422,51.400001525878906,51.529998779296875,27029,0.0,0.0
2024-01-03 10:30:00-05:00,51.43000030517578,51.485801696777344,50.70000076293945,50.84000015258789,56908,0.0,0.0
2024-01-03 11:30:00-05:00,50.869998931884766,51.02000045776367,50.47999954223633,50.70000076293945,34953,0.0,0.0
2024-01-03 12:30:00-05:00,50.67499923706055,51.165000915527344,50.63999938964844,51.15999984741211,27989,0.0,0.0
2024-01-03 13:30:00-05:00,51.15999984741211,51.15999984741211,50.5,50.7599983215332,30364,0.0,0.0
2024-01-03 14:30:00-05:00,50.880001068115234,50.93000030517578,50.11000061035156,50.16999816894531,40501,0.0,0.0
2024-01-03 15:30:00-05:00,50.18000030517578,50.45500183105469,50.130001068115234,50.18000030517578,99103,0.0,0.0
2024-01-04 09:30:00-05:00,50.7400016784668,50.7400016784668,50.029998779296875,50.439998626708984,31580,0.0,0.0
2024-01-04 10:30:00-05:00,50.40999984741211,50.560001373291016,50.189998626708984,50.55500030517578,32978,0.0,0.0
2024-01-04 11:30:00-05:00,50.58000183105469,50.689998626708984,50.25,50.41999816894531,34079,0.0,0.0
2024-01-04 12:30:00-05:00,50.41999816894531,50.43000030517578,50.2400016784668,50.415000915527344,20376,0.0,0.0
2024-01-04 13:30:00-05:00,50.400001525878906,50.4900016784668,50.27000045776367,50.41999816894531,47170,0.0,0.0
2024-01-04 14:30:00-05:00,50.40999984741211,50.67499923706055,50.38999938964844,50.47999954223633,39468,0.0,0.0
2024-01-04 15:30:00-05:00,50.529998779296875,50.56999969482422,50.20500183105469,50.2599983215332,79286,0.0,0.0
2024-01-05 09:30:00-05:00,49.72999954223633,50.99250030517578,49.060001373291016,50.95500183105469,16149,0.0,0.0
2024-01-05 10:30:00-05:00,50.90999984741211,51.2400016784668,50.880001068115234,50.935001373291016,31237,0.0,0.0
2024-01-05 11:30:00-05:00,51.02000045776367,51.02000045776367,50.45000076293945,50.560001373291016,11663,0.0,0.0
2024-01-05 12:30:00-05:00,50.540000915527344,50.599998474121094,50.349998474121094,50.4900016784668,9652,0.0,0.0
2024-01-05 13:30:00-05:00,50.5,50.790000915527344,50.5,50.689998626708984,14743,0.0,0.0
2024-01-05 14:30:00-05:00,50.72999954223633,50.7400016784668,50.36000061035156,50.540000915527344,26868,0.0,0.0
2024-01-05 15:30:00-05:00,50.560001373291016,50.65999984741211,50.439998626708984,50.439998626708984,44605,0.0,0.0
2024-01-08 09:30:00-05:00,50.650001525878906,50.849998474121094,50.40999984741211,50.79999923706055,12483,0.0,0.0
2024-01-08 10:30:00-05:00,50.834999084472656,52.0,50.834999084472656,51.806800842285156,30557,0.0,0.0
2024-01-08 11:30:00-05:00,51.779998779296875,52.125999450683594,51.470001220703125,51.53499984741211,69788,0.0,0.0
2024-01-08 12:30:00-05:00,51.4900016784668,51.88999938964844,51.48500061035156,51.79999923706055,38371,0.0,0.0
2024-01-08 13:30:00-05:00,51.80500030517578,52.040000915527344,51.63999938964844,51.93000030517578,24369,0.0,0.0
2024-01-08 14:30:00-05:00,51.970001220703125,52.290000915527344,51.77000045776367,52.189998626708984,64281,0.0,0.0
2024-01-08 15:30:00-05:00,52.18000030517578,52.2599983215332,51.7400016784668,51.86000061035156,200389,0.0,0.0
2024-01-09 09:30:00-05:00,50.77000045776367,50.77000045776367,49.459999084472656,50.189998626708984,139292,0.0,0.0
2024-01-09 10:30:00-05:00,50.31999969482422,50.36000061035156,49.95000076293945,50.34000015258789,48798,0.0,0.0
2024-01-09 11:30:00-05:00,50.36000061035156,50.529998779296875,50.189998626708984,50.45000076293945,36427,0.0,0.0
2024-01-09 12:30:00-05:00,50.5099983215332,50.619998931884766,50.220001220703125,50.40999984741211,29803,0.0,0.0
2024-01-09 13:30:00-05:00,50.3849983215332,50.880001068115234,50.29999923706055,50.39500045776367,60533,0.0,0.0
2024-01-09 14:30:00-05:00,50.39500045776367,50.459999084472656,50.130001068115234,50.279998779296875,49684,0.0,0.0
2024-01-09 15:30:00-05:00,50.279998779296875,50.45000076293945,50.13999938964844,50.45000076293945,149393,0.0,0.0
2024-01-10 09:30:00-05:00,50.130001068115234,50.66999816894531,49.97999954223633,50.369998931884766,25044,0.0,0.0
2024-01-10 10:30:00-05:00,50.35499954223633,50.810001373291016,50.244998931884766,50.650001525878906,45864,0.0,0.0
2024-01-10 11:30:00-05:00,50.68000030517578,50.90999984741211,50.637001037597656,50.75,14461,0.0,0.0
2024-01-10 12:30:00-05:00,50.744998931884766,50.79999923706055,50.540000915527344,50.650001525878906,16230,0.0,0.0
2024-01-10 13:30:00-05:00,50.650001525878906,50.880001068115234,50.599998474121094,50.650001525878906,22183,0.0,0.0
2024-01-10 14:30:00-05:00,50.67499923706055,50.67499923706055,50.400001525878906,50.40999984741211,40231,0.0,0.0
2024-01-10 15:30:00-05:00,50.33000183105469,50.40999984741211,50.2599983215332,50.36000061035156,90380,0.0,0.0
2024-01-11 09:30:00-05:00,50.119998931884766,50.119998931884766,49.31999969482422,49.704498291015625,18825,0.0,0.0
2024-01-11 10:30:00-05:00,49.71500015258789,49.880001068115234,49.38999938964844,49.47999954223633,38311,0.0,0.0
2024-01-11 11:30:00-05:00,49.46500015258789,49.63999938964844,49.29499816894531,49.47999954223633,25024,0.0,0.0
2024-01-11 12:30:00-05:00,49.470001220703125,49.91999816894531,49.439998626708984,49.76499938964844,20767,0.0,0.0
2024-01-11 13:30:00-05:00,49.7400016784668,49.95000076293945,49.66999816894531,49.95000076293945,21628,0.0,0.0
2024-01-11 14:30:00-05:00,49.95000076293945,50.06999969482422,49.709999084472656,50.025001525878906,31092,0.0,0.0
2024-01-11 15:30:00-05:00,49.959999084472656,50.2400016784668,49.95399856567383,50.2400016784668,65214,0.0,0.0
2024-01-12 09:30:00-05:00,50.70000076293945,50.79999923706055,50.04999923706055,50.125,26820,0.0,0.0
2024-01-12 10:30:00-05:00,50.15999984741211,50.15999984741211,49.849998474121094,49.91999816894531,13274,0.0,0.0
2024-01-12 11:30:00-05:00,49.959999084472656,50.040000915527344,49.72999954223633,49.790000915527344,15770,0.0,0.0
2024-01-12 12:30:00-05:00,49.7400016784668,49.78499984741211,49.689998626708984,49.70000076293945,20909,0.0,0.0
2024-01-12 13:30:00-05:00,49.709999084472656,49.904998779296875,49.650001525878906,49.88999938964844,16745,0.0,0.0
2024-01-12 14:30:00-05:00,49.83000183105469,49.869998931884766,49.66999816894531,49.7400016784668,24483,0.0,0.0
2024-01-12 15:30:00-05:00,49.72999954223633,49.81999969482422,49.67300033569336,49.81999969482422,51849,0.0,0.0
2024-01-16 09:30:00-05:00,49.189998626708984,49.55500030517578,49.04999923706055,49.55500030517578,24018,0.0,0.0
2024-01-16 10:30:00-05:00,49.553001403808594,49.97589874267578,49.5099983215332,49.869998931884766,16236,0.0,0.0
2024-01-16 11:30:00-05:00,49.849998474121094,50.06999969482422,49.790000915527344,49.9900016784668,12176,0.0,0.0
2024-01-16 12:30:00-05:00,50.0,50.29999923706055,49.93000030517578,50.25,15969,0.0,0.0
2024-01-16 13:30:00-05:00,50.279998779296875,50.279998779296875,50.084999084472656,50.15999984741211,18906,0.0,0.0
2024-01-16 14:30:00-05:00,50.17499923706055,50.380001068115234,50.17499923706055,50.349998474121094,28213,0.0,0.0
2024-01-16 15:30:00-05:00,50.369998931884766,50.54999923706055,50.279998779296875,50.540000915527344,77879,0.0,0.0
2024-01-17 09:30:00-05:00,49.689998626708984,50.92499923706055,49.66999816894531,50.92499923706055,74861,0.0,0.0
2024-01-17 10:30:00-05:00,50.89500045776367,51.29999923706055,50.81999969482422,51.279998779296875,54129,0.0,0.0
2024-01-17 11:30:00-05:00,51.220001220703125,51.52000045776367,51.220001220703125,51.22999954223633,28923,0.0,0.0
2024-01-17 12:30:00-05:00,51.189998626708984,51.47999954223633,51.150001525878906,51.33000183105469,27770,0.0,0.0
2024-01-17 13:30:00-05:00,51.32500076293945,51.32500076293945,51.099998474121094,51.27000045776367,28482,0.0,0.0
2024-01-17 14:30:00-05:00,51.310001373291016,51.349998474121094,51.16999816894531,51.345001220703125,37560,0.0,0.0
2024-01-17 15:30:00-05:00,51.36000061035156,51.58000183105469,51.34000015258789,51.400001525878906,70633,0.0,0.0
2024-01-18 09:30:00-05:00,52.349998474121094,52.959999084472656,51.904998779296875,52.345001220703125,106014,0.0,0.0
2024-01-18 10:30:00-05:00,52.345001220703125,52.345001220703125,51.029998779296875,51.2599983215332,66702,0.0,0.0
2024-01-18 11:30:00-05:00,51.2400016784668,51.380001068115234,50.98030090332031,51.0,43337,0.0,0.0
2024-01-18 12:30:00-05:00,50.939998626708984,51.209999084472656,50.93000030517578,51.20000076293945,35927,0.0,0.0
2024-01-18 13:30:00-05:00,51.20000076293945,51.79999923706055,51.20000076293945,51.7599983215332,68363,0.0,0.0
2024-01-18 14:30:00-05:00,51.790000915527344,52.16999816894531,51.70000076293945,52.15999984741211,67901,0.0,0.0
2024-01-18 15:30:00-05:00,52.154998779296875,52.154998779296875,51.869998931884766,52.08000183105469,121255,0.0,0.0
2024-01-19 09:30:00-05:00,52.41999816894531,52.5099983215332,51.494998931884766,52.439998626708984,74224,0.0,0.0
2024-01-19 10:30:00-05:00,52.42499923706055,52.720001220703125,52.189998626708984,52.56999969482422,68648,0.0,0.0
2024-01-19 11:30:00-05:00,52.599998474121094,52.91999816894531,52.375,52.900001525878906,49769,0.0,0.0
2024-01-19 12:30:00-05:00,52.88999938964844,53.52000045776367,52.790000915527344,53.52000045776367,83774,0.0,0.0
2024-01-19 13:30:00-05:00,53.5,53.689998626708984,53.290000915527344,53.630001068115234,55949,0.0,0.0
2024-01-19 14:30:00-05:00,53.630001068115234,53.849998474121094,53.54999923706055,53.70000076293945,90373,0.0,0.0
2024-01-19 15:30:00-05:00,53.70000076293945,54.13999938964844,53.70000076293945,54.0,111374,0.0,0.0
2024-01-22 09:30:00-05:00,54.34000015258789,54.650001525878906,53.43000030517578,53.5,106962,0.0,0.0
2024-01-22 10:30:00-05:00,53.40999984741211,53.45000076293945,52.8849983215332,53.189998626708984,89850,0.0,0.0
2024-01-22 11:30:00-05:00,53.18299865722656,53.720001220703125,53.18299865722656,53.619998931884766,24934,0.0,0.0
2024-01-22 12:30:00-05:00,53.66999816894531,53.95000076293945,53.560001373291016,53.7400016784668,30711,0.0,0.0
2024-01-22 13:30:00-05:00,53.70000076293945,53.790000915527344,53.560001373291016,53.6150016784668,30443,0.0,0.0
2024-01-22 14:30:00-05:00,53.63999938964844,53.880001068115234,53.61000061035156,53.8650016784668,48197,0.0,0.0
2024-01-22 15:30:00-05:00,53.869998931884766,53.959999084472656,53.755001068115234,53.81999969482422,94419,0.0,0.0
2024-01-23 09:30:00-05:00,54.5,54.529998779296875,53.935001373291016,53.959999084472656,35821,0.0,0.0
2024-01-23 10:30:00-05:00,53.90999984741211,53.90999984741211,53.189998626708984,53.47999954223633,22973,0.0,0.0
2024-01-23 11:30:00-05:00,53.459999084472656,53.459999084472656,53.22999954223633,53.380001068115234,26701,0.0,0.0
2024-01-23 12:30:00-05:00,53.33000183105469,53.40999984741211,53.17499923706055,53.2599983215332,29549,0.0,0.0
2024-01-23 13:30:00-05:00,53.220001220703125,53.529998779296875,53.13999938964844,53.52000045776367,23637,0.0,0.0
2024-01-23 14:30:00-05:00,53.61000061035156,53.935001373291016,53.5099983215332,53.880001068115234,39911,0.0,0.0
2024-01-23 15:30:00-05:00,53.880001068115234,53.880001068115234,53.619998931884766,53.64500045776367,86474,0.0,0.0
2024-01-24 09:30:00-05:00,54.77000045776367,54.790000915527344,53.744998931884766,53.935001373291016,38957,0.0,0.0
2024-01-24 10:30:00-05:00,53.880001068115234,54.09000015258789,53.665000915527344,53.939998626708984,22644,0.0,0.0
2024-01-24 11:30:00-05:00,53.915000915527344,54.1150016784668,53.810001373291016,54.064998626708984,29439,0.0,0.0
2024-01-24 12:30:00-05:00,54.099998474121094,54.11000061035156,53.744998931884766,53.79499816894531,15279,0.0,0.0
2024-01-24 13:30:00-05:00,53.77000045776367,53.7869987487793,53.41999816894531,53.4900016784668,28562,0.0,0.0
2024-01-24 14:30:00-05:00,53.45500183105469,53.650001525878906,53.16999816894531,53.20000076293945,33844,0.0,0.0
2024-01-24 15:30:00-05:00,53.185001373291016,53.380001068115234,53.125,53.380001068115234,108810,0.0,0.0
2024-01-25 09:30:00-05:00,54.459999084472656,54.599998474121094,53.9900016784668,54.310001373291016,37240,0.0,0.0
2024-01-25 10:30:00-05:00,54.2400016784668,54.2400016784668,53.7599983215332,53.98500061035156,18318,0.0,0.0
2024-01-25 11:30:00-05:00,54.03499984741211,54.04999923706055,53.71500015258789,53.95000076293945,12694,0.0,0.0
2024-01-25 12:30:00-05:00,53.900001525878906,54.0,53.709999084472656,53.880001068115234,12462,0.0,0.0
2024-01-25 13:30:00-05:00,53.8650016784668,53.900001525878906,53.599998474121094,53.83000183105469,19885,0.0,0.0
2024-01-25 14:30:00-05:00,53.8650016784668,53.8849983215332,53.709999084472656,53.7400016784668,19501,0.0,0.0
2024-01-25 15:30:00-05:00,53.689998626708984,54.060001373291016,53.689998626708984,54.04999923706055,37803,0.0,0.0
2024-01-26 09:30:00-05:00,54.34000015258789,54.650001525878906,54.0629997253418,54.41999816894531,15567,0.0,0.0
2024-01-26 10:30:00-05:00,54.41999816894531,54.47999954223633,54.154998779296875,54.154998779296875,9859,0.0,0.0
2024-01-26 11:30:00-05:00,54.189998626708984,54.40999984741211,54.18000030517578,54.345001220703125,14314,0.0,0.0
2024-01-26 12:30:00-05:00,54.25,54.279998779296875,54.0,54.20000076293945,16269,0.0,0.0
2024-01-26 13:30:00-05:00,54.16999816894531,54.2599983215332,54.060001373291016,54.2400016784668,11656,0.0,0.0
2024-01-26 14:30:00-05:00,54.27000045776367,54.29999923706055,54.150001525878906,54.20500183105469,19977,0.0,0.0
2024-01-26 15:30:00-05:00,54.189998626708984,54.349998474121094,54.119998931884766,54.310001373291016,41606,0.0,0.0
2024-01-29 09:30:00-05:00,54.470001220703125,54.77000045776367,54.11000061035156,54.119998931884766,23751,0.0,0.0
2024-01-29 10:30:00-05:00,54.13999938964844,54.33000183105469,54.13999938964844,54.2400016784668,21589,0.0,0.0
2024-01-29 11:30:00-05:00,54.17499923706055,54.540000915527344,54.02000045776367,54.540000915527344,21355,0.0,0.0
2024-01-29 12:30:00-05:00,54.59000015258789,54.7400016784668,54.429500579833984,54.72999954223633,15251,0.0,0.0
2024-01-29 13:30:00-05:00,54.779998779296875,54.9900016784668,54.73500061035156,54.95000076293945,17985,0.0,0.0
2024-01-29 14:30:00-05:00,54.970001220703125,55.540000915527344,54.90999984741211,55.5,116707,0.0,0.0
2024-01-29 15:30:00-05:00,55.5099983215332,55.810001373291016,55.3849983215332,55.810001373291016,119215,0.0,0.0
2024-01-30 09:30:00-05:00,55.20000076293945,55.790000915527344,55.20000076293945,55.4900016784668,18758,0.0,0.0
2024-01-30 10:30:00-05:00,55.54999923706055,55.54999923706055,55.18000030517578,55.18000030517578,29887,0.0,0.0
2024-01-30 11:30:00-05:00,55.189998626708984,55.689998626708984,55.084999084472656,55.54499816894531,25512,0.0,0.0
2024-01-30 12:30:00-05:00,55.51499938964844,55.56999969482422,55.34000015258789,55.38999938964844,24303,0.0,0.0
2024-01-30 13:30:00-05:00,55.3849983215332,55.459999084472656,55.255001068115234,55.459999084472656,17457,0.0,0.0
2024-01-30 14:30:00-05:00,55.470001220703125,55.56999969482422,55.34000015258789,55.47999954223633,27682,0.0,0.0
2024-01-30 15:30:00-05:00,55.47999954223633,55.47999954223633,55.29999923706055,55.33000183105469,77111,0.0,0.0
2024-01-31 09:30:00-05:00,55.04999923706055,55.459999084472656,54.54999923706055,55.439998626708984,14706,0.0,0.0
2024-01-31 10:30:00-05:00,55.52000045776367,55.56999969482422,55.15999984741211,55.36000061035156,19815,0.0,0.0
2024-01-31 11:30:00-05:00,55.369998931884766,55.58000183105469,55.29999923706055,55.58000183105469,20016,0.0,0.0
2024-01-31 12:30:00-05:00,55.58000183105469,55.64500045776367,55.439998626708984,55.53499984741211,32616,0.0,0.0
2024-01-31 13:30:00-05:00,55.56999969482422,55.779998779296875,55.14500045776367,55.27000045776367,46382,0.0,0.0
2024-01-31 14:30:00-05:00,55.33000183105469,56.11000061035156,54.689998626708984,55.2400016784668,65040,0.0,0.0
2024-01-31 15:30:00-05:00,55.189998626708984,55.2599983215332,54.66999816894531,54.68000030517578,93864,0.0,0.0
2024-02-01 09:30:00-05:00,54.849998474121094,55.61000061035156,54.709999084472656,54.939998626708984,40459,0.0,0.0
2024-02-01 10:30:00-05:00,54.939998626708984,54.939998626708984,54.040000915527344,54.18000030517578,30890,0.0,0.0
2024-02-01 11:30:00-05:00,54.209999084472656,54.7400016784668,54.209999084472656,54.619998931884766,23199,0.0,0.0
2024-02-01 12:30:00-05:00,54.630001068115234,55.060001373291016,54.560001373291016,54.81999969482422,27891,0.0,0.0
2024-02-01 13:30:00-05:00,54.86000061035156,55.040000915527344,54.81999969482422,54.97999954223633,27022,0.0,0.0
2024-02-01 14:30:00-05:00,54.93000030517578,55.125,54.869998931884766,54.970001220703125,34889,0.0,0.0
2024-02-01 15:30:00-05:00,55.0,55.18000030517578,54.880001068115234,55.0,70129,0.0,0.0
2024-02-02 09:30:00-05:00,54.5,54.5,54.08000183105469,54.09000015258789,25059,0.0,0.0
2024-02-02 10:30:00-05:00,54.119998931884766,54.86000061035156,54.11000061035156,54.86000061035156,18523,0.0,0.0
2024-02-02 11:30:00-05:00,54.970001220703125,55.095001220703125,54.81999969482422,55.095001220703125,15748,0.0,0.0
2024-02-02 12:30:00-05:00,55.099998474121094,55.349998474121094,54.77000045776367,55.11000061035156,22564,0.0,0.0
2024-02-02 13:30:00-05:00,55.095001220703125,55.4900016784668,55.04999923706055,55.349998474121094,21062,0.0,0.0
2024-02-02 14:30:00-05:00,55.380001068115234,55.599998474121094,55.349998474121094,55.5,29586,0.0,0.0
2024-02-02 15:30:00-05:00,55.5099983215332,55.5099983215332,55.06999969482422,55.06999969482422,65700,0.0,0.0
2024-02-05 09:30:00-05:00,54.45000076293945,54.72999954223633,53.54999923706055,53.599998474121094,46583,0.0,0.0
2024-02-05 10:30:00-05:00,53.689998626708984,54.150001525878906,53.617000579833984,53.959999084472656,20620,0.0,0.0
2024-02-05 11:30:00-05:00,53.88999938964844,54.30500030517578,53.810001373291016,54.2599983215332,30856,0.0,0.0
2024-02-05 12:30:00-05:00,54.310001373291016,54.41999816894531,54.189998626708984,54.33000183105469,16897,0.0,0.0
2024-02-05 13:30:00-05:00,54.345001220703125,54.58000183105469,54.345001220703125,54.560001373291016,19653,0.0,0.0
2024-02-05 14:30:00-05:00,54.560001373291016,54.630001068115234,54.380001068115234,54.52000045776367,31344,0.0,0.0
2024-02-05 15:30:00-05:00,54.50149917602539,54.560001373291016,54.02000045776367,54.084999084472656,65071,0.0,0.0
2024-02-06 09:30:00-05:00,54.22999954223633,54.689998626708984,53.900001525878906,54.34000015258789,21552,0.0,0.0
2024-02-06 10:30:00-05:00,54.5,54.790000915527344,54.47999954223633,54.790000915527344,15806,0.0,0.0
2024-02-06 11:30:00-05:00,54.79999923706055,54.84000015258789,54.619998931884766,54.84000015258789,17889,0.0,0.0
2024-02-06 12:30:00-05:00,54.91999816894531,55.02000045776367,54.790000915527344,54.86000061035156,35918,0.0,0.0
2024-02-06 13:30:00-05:00,54.880001068115234,55.11000061035156,54.86000061035156,54.97999954223633,38719,0.0,0.0
2024-02-06 14:30:00-05:00,54.98500061035156,55.060001373291016,54.77000045776367,54.869998931884766,30365,0.0,0.0
2024-02-06 15:30:00-05:00,54.869998931884766,55.06999969482422,54.779998779296875,55.04999923706055,74567,0.0,0.0
2024-02-07 09:30:00-05:00,54.84000015258789,55.39500045776367,54.51499938964844,55.150001525878906,31400,0.0,0.0
2024-02-07 10:30:00-05:00,55.33000183105469,55.40999984741211,55.07500076293945,55.209999084472656,25354,0.0,0.0
2024-02-07 11:30:00-05:00,55.224998474121094,55.27000045776367,55.05500030517578,55.150001525878906,22854,0.0,0.0
2024-02-07 12:30:00-05:00,55.15999984741211,55.38999938964844,55.130001068115234,55.29999923706055,17841,0.0,0.0
2024-02-07 13:30:00-05:00,55.290000915527344,55.4900016784668,55.130001068115234,55.23500061035156,23046,0.0,0.0
2024-02-07 14:30:00-05:00,55.23500061035156,55.349998474121094,54.97999954223633,55.189998626708984,54589,0.0,0.0
2024-02-07 15:30:00-05:00,55.16999816894531,55.310001373291016,55.11000061035156,55.25,91713,0.0,0.0
2024-02-08 09:30:00-05:00,57.5,59.30739974975586,56.77000045776367,57.23500061035156,156822,0.0,0.0
2024-02-08 10:30:00-05:00,57.11000061035156,59.07500076293945,57.064998626708984,58.650001525878906,159167,0.0,0.0
2024-02-08 11:30:00-05:00,58.71500015258789,59.185001373291016,57.970001220703125,58.150001525878906,230696,0.0,0.0
2024-02-08 12:30:00-05:00,58.150001525878906,58.45000076293945,58.150001525878906,58.29499816894531,640571,0.0,0.0
2024-02-08 13:30:00-05:00,58.29999923706055,58.310001373291016,57.779998779296875,58.04999923706055,345828,0.0,0.0
2024-02-08 14:30:00-05:00,58.099998474121094,58.435001373291016,57.959999084472656,58.18000030517578,313272,0.0,0.0
2024-02-08 15:30:00-05:00,58.15999984741211,58.220001220703125,57.790000915527344,57.869998931884766,264285,0.0,0.0
2024-02-09 09:30:00-05:00,58.86000061035156,58.86000061035156,57.56999969482422,58.44499969482422,67295,0.0,0.0
2024-02-09 10:30:00-05:00,58.45000076293945,58.68000030517578,58.099998474121094,58.18000030517578,75606,0.0,0.0
2024-02-09 11:30:00-05:00,58.185001373291016,58.64500045776367,58.15999984741211,58.630001068115234,61373,0.0,0.0
2024-02-09 12:30:00-05:00,58.56999969482422,58.790000915527344,58.494998931884766,58.7400016784668,131796,0.0,0.0
2024-02-09 13:30:00-05:00,58.744998931884766,58.93000030517578,58.33000183105469,58.470001220703125,79290,0.0,0.0
2024-02-09 14:30:00-05:00,58.459999084472656,58.63999938964844,58.36000061035156,58.584999084472656,80115,0.0,0.0
2024-02-09 15:30:00-05:00,58.58000183105469,58.869998931884766,58.38999938964844,58.86000061035156,194387,0.0,0.0
2024-02-12 09:30:00-05:00,58.720001220703125,59.529998779296875,58.5,59.380001068115234,37977,0.0,0.0
2024-02-12 10:30:00-05:00,59.5,59.6150016784668,59.2400016784668,59.2400016784668,45461,0.0,0.0
2024-02-12 11:30:00-05:00,59.27000045776367,59.31999969482422,58.560001373291016,58.68000030517578,60462,0.0,0.0
2024-02-12 12:30:00-05:00,58.720001220703125,59.08000183105469,58.65999984741211,58.88999938964844,40224,0.0,0.0
2024-02-12 13:30:00-05:00,58.90999984741211,59.119998931884766,58.630001068115234,58.79999923706055,49099,0.0,0.0
2024-02-12 14:30:00-05:00,58.810001373291016,59.35499954223633,58.7599983215332,59.2599983215332,59156,0.0,0.0
2024-02-12 15:30:00-05:00,59.25,59.43000030517578,59.18000030517578,59.27000045776367,115772,0.0,0.0
2024-02-13 09:30:00-05:00,56.744998931884766,57.63999938964844,56.61000061035156,57.5,45425,0.0,0.0
2024-02-13 10:30:00-05:00,57.33000183105469,57.86989974975586,57.029998779296875,57.619998931884766,52360,0.0,0.0
2024-02-13 11:30:00-05:00,57.63999938964844,58.040000915527344,57.45000076293945,57.5099983215332,44732,0.0,0.0
2024-02-13 12:30:00-05:00,57.51499938964844,57.63999938964844,57.33000183105469,57.415000915527344,37429,0.0,0.0
2024-02-13 13:30:00-05:00,57.470001220703125,57.529998779296875,57.04999923706055,57.150001525878906,38701,0.0,0.0
2024-02-13 14:30:00-05:00,57.119998931884766,57.290000915527344,56.59000015258789,56.75,56489,0.0,0.0
2024-02-13 15:30:00-05:00,56.7400016784668,57.11000061035156,56.52000045776367,57.04999923706055,106771,0.0,0.0
2024-02-14 09:30:00-05:00,57.720001220703125,57.72999954223633,56.939998626708984,57.334999084472656,25758,0.0,0.0
2024-02-14 10:30:00-05:00,57.369998931884766,57.400001525878906,57.16999816894531,57.29999923706055,18294,0.0,0.0
2024-02-14 11:30:00-05:00,57.27000045776367,57.400001525878906,56.89500045776367,57.334999084472656,25093,0.0,0.0
2024-02-14 12:30:00-05:00,57.29999923706055,57.54999923706055,57.29999923706055,57.52000045776367,20232,0.0,0.0
2024-02-14 13:30:00-05:00,57.54999923706055,58.119998931884766,57.52000045776367,58.084999084472656,22393,0.0,0.0
2024-02-14 14:30:00-05:00,58.040000915527344,58.25,57.97999954223633,58.22999954223633,29026,0.0,0.0
2024-02-14 15:30:00-05:00,58.22999954223633,58.2400016784668,57.95000076293945,57.959999084472656,64902,0.0,0.0
2024-02-15 09:30:00-05:00,58.20000076293945,58.599998474121094,58.07500076293945,58.07500076293945,51962,0.0,0.0
2024-02-15 10:30:00-05:00,58.20000076293945,58.20000076293945,57.630001068115234,58.01499938964844,30521,0.0,0.0
2024-02-15 11:30:00-05:00,57.93000030517578,58.66999816894531,57.91999816894531,58.66999816894531,36671,0.0,0.0
2024-02-15 12:30:00-05:00,58.650001525878906,58.75,58.275001525878906,58.70000076293945,43883,0.0,0.0
2024-02-15 13:30:00-05:00,58.709999084472656,58.970001220703125,58.470001220703125,58.86000061035156,67896,0.0,0.0
2024-02-15 14:30:00-05:00,58.834999084472656,59.04499816894531,58.744998931884766,58.79999923706055,55030,0.0,0.0
2024-02-15 15:30:00-05:00,58.79999923706055,59.2400016784668,58.779998779296875,59.119998931884766,103984,0.0,0.0
2024-02-16 09:30:00-05:00,58.33000183105469,58.970001220703125,58.130001068115234,58.849998474121094,33194,0.0,0.0
2024-02-16 10:30:00-05:00,58.790000915527344,59.099998474121094,58.70500183105469,58.97999954223633,18542,0.0,0.0
2024-02-16 11:30:00-05:00,58.97999954223633,59.220001220703125,58.79999923706055,58.970001220703125,18771,0.0,0.0
2024-02-16 12:30:00-05:00,58.939998626708984,59.099998474121094,58.83000183105469,59.0099983215332,31269,0.0,0.0
2024-02-16 13:30:00-05:00,59.0099983215332,59.20000076293945,58.93000030517578,59.029998779296875,54957,0.0,0.0
2024-02-16 14:30:00-05:00,59.04499816894531,59.04499816894531,58.4900016784668,58.53499984741211,58951,0.0,0.0
2024-02-16 15:30:00-05:00,58.560001373291016,58.59000015258789,58.400001525878906,58.45000076293945,84625,0.0,0.0
2024-02-20 09:30:00-05:00,58.150001525878906,58.2234001159668,57.400001525878906,57.5099983215332,37096,0.0,0.0
2024-02-20 10:30:00-05:00,57.529998779296875,58.05500030517578,57.400001525878906,58.05500030517578,27643,0.0,0.0
2024-02-20 11:30:00-05:00,57.9900016784668,58.14500045776367,57.875,57.935001373291016,22866,0.0,0.0
2024-02-20 12:30:00-05:00,57.959999084472656,58.037498474121094,57.845001220703125,57.95000076293945,22253,0.0,0.0
2024-02-20 13:30:00-05:00,57.869998931884766,57.970001220703125,57.72999954223633,57.970001220703125,24029,0.0,0.0
2024-02-20 14:30:00-05:00,57.97999954223633,58.119998931884766,57.845001220703125,58.06999969482422,41418,0.0,0.0
2024-02-20 15:30:00-05:00,58.06999969482422,58.099998474121094,57.845001220703125,57.939998626708984,78095,0.0,0.0
2024-02-21 09:30:00-05:00,57.31999969482422,57.915000915527344,56.90999984741211,57.77000045776367,50577,0.0,0.0
2024-02-21 10:30:00-05:00,57.79999923706055,58.0,57.61000061035156,57.79999923706055,29826,0.0,0.0
2024-02-21 11:30:00-05:00,57.709999084472656,57.77000045776367,57.5,57.66999816894531,38481,0.0,0.0
2024-02-21 12:30:00-05:00,57.66999816894531,57.88999938964844,57.650001525878906,57.81999969482422,34172,0.0,0.0
2024-02-21 13:30:00-05:00,57.81999969482422,58.0099983215332,57.599998474121094,57.689998626708984,75793,0.0,0.0
2024-02-21 14:30:00-05:00,57.68000030517578,57.81100082397461,57.279998779296875,57.30329895019531,50956,0.0,0.0
2024-02-21 15:30:00-05:00,57.32500076293945,57.645999908447266,57.32500076293945,57.599998474121094,108476,0.0,0.0
2024-02-22 09:30:00-05:00,57.11000061035156,58.33000183105469,57.11000061035156,57.849998474121094,34854,0.0,0.0
2024-02-22 10:30:00-05:00,57.81999969482422,58.0,57.4900016784668,57.665000915527344,42018,0.0,0.0
2024-02-22 11:30:00-05:00,57.65999984741211,57.66999816894531,57.290000915527344,57.40999984741211,27275,0.0,0.0
2024-02-22 12:30:00-05:00,57.439998626708984,57.56999969482422,57.290000915527344,57.525001525878906,33115,0.0,0.0
2024-02-22 13:30:00-05:00,57.52000045776367,57.70000076293945,57.4900016784668,57.56999969482422,37303,0.0,0.0
2024-02-22 14:30:00-05:00,57.560001373291016,57.560001373291016,57.25,57.38999938964844,31374,0.0,0.0
2024-02-22 15:30:00-05:00,57.400001525878906,57.40999984741211,57.099998474121094,57.11000061035156,106545,0.0,0.0
2024-02-23 09:30:00-05:00,57.040000915527344,57.85499954223633,57.040000915527344,57.779998779296875,45250,0.0,0.0
2024-02-23 10:30:00-05:00,57.78499984741211,58.209999084472656,57.72999954223633,58.05500030517578,48397,0.0,0.0
2024-02-23 11:30:00-05:00,58.04999923706055,58.04999923706055,57.75,57.779998779296875,58529,0.0,0.0
2024-02-23 12:30:00-05:00,57.72999954223633,57.97999954223633,57.689998626708984,57.915000915527344,24708,0.0,0.0
2024-02-23 13:30:00-05:00,57.95000076293945,57.970001220703125,57.400001525878906,57.45000076293945,31556,0.0,0.0
2024-02-23 14:30:00-05:00,57.41999816894531,57.849998474121094,57.36000061035156,57.560001373291016,62569,0.0,0.0
2024-02-23 15:30:00-05:00,57.52000045776367,57.76499938964844,57.4900016784668,57.64500045776367,70675,0.0,0.0
2024-02-26 09:30:00-05:00,57.29999923706055,57.554298400878906,56.709999084472656,56.83000183105469,59688,0.0,0.0
2024-02-26 10:30:00-05:00,56.83000183105469,56.83000183105469,56.290000915527344,56.5724983215332,79381,0.0,0.0
2024-02-26 11:30:00-05:00,56.540000915527344,56.564998626708984,56.244998931884766,56.35499954223633,39688,0.0,0.0
2024-02-26 12:30:00-05:00,56.34000015258789,56.34000015258789,55.75,55.7599983215332,50322,0.0,0.0
2024-02-26 13:30:00-05:00,55.7599983215332,55.95000076293945,55.75,55.939998626708984,38788,0.0,0.0
2024-02-26 14:30:00-05:00,55.970001220703125,56.0099983215332,55.7400016784668,55.849998474121094,51708,0.0,0.0
2024-02-26 15:30:00-05:00,55.849998474121094,55.900001525878906,55.65999984741211,55.68000030517578,86862,0.0,0.0
2024-02-27 09:30:00-05:00,55.849998474121094,56.599998474121094,55.849998474121094,56.290000915527344,33341,0.0,0.0
2024-02-27 10:30:00-05:00,56.332000732421875,56.42499923706055,56.05500030517578,56.34000015258789,39446,0.0,0.0
2024-02-27 11:30:00-05:00,56.349998474121094,56.36000061035156,56.119998931884766,56.209999084472656,28280,0.0,0.0
2024-02-27 12:30:00-05:00,56.185001373291016,56.185001373291016,55.93000030517578,56.064998626708984,35192,0.0,0.0
2024-02-27 13:30:00-05:00,56.040000915527344,56.220001220703125,55.959999084472656,56.0099983215332,33156,0.0,0.0
2024-02-27 14:30:00-05:00,56.0099983215332,56.119998931884766,55.8849983215332,56.11000061035156,51036,0.0,0.0
2024-02-27 15:30:00-05:00,56.11000061035156,56.11000061035156,55.880001068115234,55.959999084472656,91012,0.0,0.0
2024-02-28 09:30:00-05:00,55.310001373291016,56.244998931884766,55.310001373291016,56.209999084472656,15353,0.0,0.0
2024-02-28 10:30:00-05:00,56.21699905395508,56.474998474121094,56.02000045776367,56.2400016784668,22240,0.0,0.0
2024-02-28 11:30:00-05:00,56.290000915527344,56.540000915527344,56.189998626708984,56.5,17714,0.0,0.0
2024-02-28 12:30:00-05:00,56.459999084472656,56.7400016784668,56.459999084472656,56.70000076293945,20131,0.0,0.0
2024-02-28 13:30:00-05:00,56.70000076293945,56.70000076293945,56.4900016784668,56.560001373291016,18207,0.0,0.0
2024-02-28 14:30:00-05:00,56.529998779296875,56.68000030517578,56.459999084472656,56.619998931884766,21234,0.0,0.0
2024-02-28 15:30:00-05:00,56.619998931884766,56.790000915527344,56.36000061035156,56.7400016784668,99988,0.0,0.0
2024-02-29 09:30:00-05:00,57.25,57.58000183105469,57.13999938964844,57.40999984741211,24306,0.0,0.0
2024-02-29 10:30:00-05:00,57.46500015258789,57.46500015258789,57.09000015258789,57.22999954223633,23302,0.0,0.0
2024-02-29 11:30:00-05:00,57.15999984741211,57.38999938964844,56.959999084472656,57.36000061035156,23532,0.0,0.0
2024-02-29 12:30:00-05:00,57.380001068115234,57.849998474121094,57.375,57.744998931884766,37333,0.0,0.0
2024-02-29 13:30:00-05:00,57.77000045776367,58.099998474121094,57.720001220703125,57.814998626708984,52754,0.0,0.0
2024-02-29 14:30:00-05:00,57.83000183105469,58.310001373291016,57.81999969482422,58.095001220703125,84157,0.0,0.0
2024-02-29 15:30:00-05:00,58.10499954223633,58.154998779296875,57.900001525878906,57.900001525878906,77959,0.0,0.0
2024-03-01 09:30:00-05:00,57.80500030517578,57.849998474121094,56.7495002746582,57.720001220703125,20170,0.0,0.0
2024-03-01 10:30:00-05:00,57.779998779296875,58.18000030517578,57.682899475097656,57.9900016784668,45422,0.0,0.0
2024-03-01 11:30:00-05:00,57.970001220703125,58.20000076293945,57.91999816894531,58.08000183105469,42504,0.0,0.0
2024-03-01 12:30:00-05:00,58.06999969482422,58.0890007019043,57.709999084472656,57.709999084472656,31694,0.0,0.0
2024-03-01 13:30:00-05:00,57.71500015258789,58.04999923706055,57.66999816894531,57.94499969482422,20051,0.0,0.0
2024-03-01 14:30:00-05:00,57.95500183105469,58.02000045776367,57.709999084472656,57.845001220703125,36893,0.0,0.0
2024-03-01 15:30:00-05:00,57.869998931884766,57.95000076293945,57.70000076293945,57.84000015258789,65423,0.0,0.0
2024-03-04 09:30:00-05:00,57.96500015258789,58.154998779296875,57.7400016784668,57.8650016784668,14530,0.0,0.0
2024-03-04 10:30:00-05:00,57.880001068115234,58.14500045776367,57.880001068115234,57.93000030517578,29521,0.0,0.0
2024-03-04 11:30:00-05:00,57.959999084472656,58.34000015258789,57.8849983215332,57.9900016784668,56689,0.0,0.0
2024-03-04 12:30:00-05:00,57.9900016784668,58.16999816894531,57.8849983215332,58.09000015258789,13112,0.0,0.0
2024-03-04 13:30:00-05:00,58.09000015258789,58.150001525878906,57.61000061035156,57.84000015258789,18406,0.0,0.0
2024-03-04 14:30:00-05:00,57.86000061035156,57.91999816894531,57.5099983215332,57.5369987487793,15593,0.0,0.0
2024-03-04 15:30:00-05:00,57.540000915527344,57.66699981689453,57.45000076293945,57.61000061035156,109383,0.0,0.0
2024-03-05 09:30:00-05:00,57.13999938964844,57.73500061035156,57.064998626708984,57.27000045776367,24497,0.0,0.0
2024-03-05 10:30:00-05:00,57.29999923706055,57.459999084472656,57.2400016784668,57.31999969482422,28353,0.0,0.0
2024-03-05 11:30:00-05:00,57.310001373291016,57.529998779296875,57.11000061035156,57.435001373291016,10873,0.0,0.0
2024-03-05 12:30:00-05:00,57.459999084472656,57.47999954223633,57.25,57.290000915527344,9696,0.0,0.0
2024-03-05 13:30:00-05:00,57.327999114990234,57.400001525878906,57.060001373291016,57.13999938964844,19456,0.0,0.0
2024-03-05 14:30:00-05:00,57.06999969482422,57.08000183105469,56.540000915527344,56.630001068115234,48448,0.0,0.0
2024-03-05 15:30:00-05:00,56.59000015258789,56.75,56.400001525878906,56.529998779296875,133877,0.0,0.0
2024-03-06 09:30:00-05:00,57.290000915527344,57.36000061035156,56.45000076293945,56.744998931884766,20084,0.0,0.0
2024-03-06 10:30:00-05:00,56.755001068115234,56.79999923706055,56.459999084472656,56.619998931884766,15737,0.0,0.0
2024-03-06 11:30:00-05:00,56.66999816894531,57.09000015258789,56.630001068115234,57.02000045776367,18306,0.0,0.0
2024-03-06 12:30:00-05:00,57.084999084472656,57.2599983215332,56.939998626708984,56.939998626708984,16984,0.0,0.0
2024-03-06 13:30:00-05:00,56.959999084472656,56.959999084472656,56.45000076293945,56.83000183105469,21878,0.0,0.0
2024-03-06 14:30:00-05:00,56.790000915527344,56.790000915527344,56.59000015258789,56.709999084472656,33636,0.0,0.0
2024-03-06 15:30:00-05:00,56.709999084472656,56.900001525878906,56.630001068115234,56.81999969482422,115458,0.0,0.0
2024-03-07 09:30:00-05:00,57.31999969482422,58.0,57.31999969482422,57.53499984741211,24378,0.0,0.0
2024-03-07 10:30:00-05:00,57.58000183105469,57.650001525878906,57.2599983215332,57.2599983215332,25073,0.0,0.0
2024-03-07 11:30:00-05:00,57.2400016784668,57.665000915527344,57.13999938964844,57.4900016784668,21669,0.0,0.0
2024-03-07 12:30:00-05:00,57.47999954223633,57.7400016784668,57.41999816894531,57.630001068115234,13840,0.0,0.0
2024-03-07 13:30:00-05:00,57.630001068115234,57.83000183105469,57.630001068115234,57.72999954223633,12528,0.0,0.0
2024-03-07 14:30:00-05:00,57.724998474121094,57.89500045776367,57.724998474121094,57.810001373291016,17395,0.0,0.0
2024-03-07 15:30:00-05:00,57.775001525878906,58.02000045776367,57.73099899291992,57.970001220703125,60083,0.0,0.0
2024-03-08 09:30:00-05:00,58.150001525878906,58.54999923706055,57.59000015258789,57.595001220703125,28128,0.0,0.0
2024-03-08 10:30:00-05:00,57.54999923706055,57.7599983215332,56.720001220703125,56.720001220703125,35540,0.0,0.0
2024-03-08 11:30:00-05:00,56.810001373291016,56.959999084472656,56.59000015258789,56.939998626708984,33098,0.0,0.0
2024-03-08 12:30:00-05:00,56.88999938964844,56.959999084472656,56.540000915527344,56.70000076293945,18026,0.0,0.0
2024-03-08 13:30:00-05:00,56.63999938964844,56.86000061035156,56.38999938964844,56.86000061035156,20041,0.0,0.0
2024-03-08 14:30:00-05:00,56.93000030517578,57.349998474121094,56.880001068115234,57.20000076293945,31971,0.0,0.0
2024-03-08 15:30:00-05:00,57.16999816894531,57.38999938964844,57.16999816894531,57.209999084472656,39155,0.0,0.0
2024-03-11 09:30:00-04:00,56.709999084472656,57.249900817871094,56.689998626708984,57.0,9750,0.0,0.0
2024-03-11 10:30:00-04:00,57.040000915527344,57.29999923706055,56.790000915527344,57.130001068115234,16220,0.0,0.0
2024-03-11 11:30:00-04:00,57.08000183105469,57.220001220703125,56.939998626708984,57.15999984741211,15359,0.0,0.0
2024-03-11 12:30:00-04:00,57.150001525878906,57.310001373291016,56.95000076293945,57.0359001159668,15940,0.0,0.0
2024-03-11 13:30:00-04:00,57.099998474121094,57.130001068115234,56.880001068115234,57.0099983215332,14020,0.0,0.0
2024-03-11 14:30:00-04:00,56.97999954223633,57.0,56.810001373291016,56.83000183105469,20948,0.0,0.0
2024-03-11 15:30:00-04:00,56.82500076293945,56.88999938964844,56.630001068115234,56.689998626708984,65015,0.0,0.0
2024-03-12 09:30:00-04:00,56.5099983215332,56.82500076293945,56.25,56.2599983215332,29085,0.0,0.0
2024-03-12 10:30:00-04:00,56.22999954223633,56.970001220703125,56.189998626708984,56.900001525878906,23576,0.0,0.0
2024-03-12 11:30:00-04:00,56.93000030517578,56.959999084472656,56.665000915527344,56.8849983215332,19837,0.0,0.0
2024-03-12 12:30:00-04:00,56.970001220703125,57.2599983215332,56.84000015258789,57.2599983215332,27662,0.0,0.0
2024-03-12 13:30:00-04:00,57.209999084472656,57.58000183105469,57.209999084472656,57.58000183105469,18839,0.0,0.0
2024-03-12 14:30:00-04:00,57.60499954223633,57.630001068115234,57.2599983215332,57.38999938964844,20622,0.0,0.0
2024-03-12 15:30:00-04:00,57.439998626708984,57.63999938964844,57.40999984741211,57.5,78387,0.0,0.0
2024-03-13 09:30:00-04:00,57.5099983215332,57.9900016784668,57.349998474121094,57.3849983215332,12953,0.0,0.0
2024-03-13 10:30:00-04:00,57.4900016784668,57.502498626708984,57.20000076293945,57.41999816894531,11345,0.0,0.0
2024-03-13 11:30:00-04:00,57.505001068115234,57.88999938964844,57.459999084472656,57.779998779296875,21742,0.0,0.0
2024-03-13 12:30:00-04:00,57.75,57.93000030517578,57.75,57.7599983215332,10523,0.0,0.0
2024-03-13 13:30:00-04:00,57.83000183105469,57.849998474121094,57.630001068115234,57.709999084472656,15878,0.0,0.0
2024-03-13 14:30:00-04:00,57.689998626708984,57.70000076293945,57.310001373291016,57.38999938964844,19904,0.0,0.0
2024-03-13 15:30:00-04:00,57.3849983215332,57.43000030517578,57.16999816894531,57.290000915527344,36065,0.0,0.0
2024-03-14 09:30:00-04:00,57.310001373291016,57.310001373291016,56.27000045776367,56.279998779296875,12103,0.0,0.0
2024-03-14 10:30:00-04:00,56.41999816894531,56.470001220703125,56.150001525878906,56.19499969482422,14747,0.0,0.0
2024-03-14 11:30:00-04:00,56.2400016784668,56.474998474121094,56.185001373291016,56.29499816894531,17399,0.0,0.0
2024-03-14 12:30:00-04:00,56.2599983215332,56.2599983215332,55.959999084472656,56.06999969482422,23029,0.0,0.0
2024-03-14 13:30:00-04:00,56.04999923706055,56.27000045776367,56.04999923706055,56.09000015258789,21031,0.0,0.0
2024-03-14 14:30:00-04:00,56.025001525878906,56.03499984741211,55.599998474121094,55.68000030517578,22386,0.0,0.0
2024-03-14 15:30:00-04:00,55.630001068115234,55.790000915527344,55.49020004272461,55.72999954223633,46713,0.0,0.0
2024-03-15 09:30:00-04:00,55.400001525878906,55.96500015258789,55.279998779296875,55.834999084472656,106226,0.0,0.0
2024-03-15 10:30:00-04:00,55.875,55.97999954223633,55.540000915527344,55.59000015258789,13366,0.0,0.0
2024-03-15 11:30:00-04:00,55.54499816894531,55.619998931884766,55.310001373291016,55.310001373291016,13680,0.0,0.0
2024-03-15 12:30:00-04:00,55.31999969482422,55.334999084472656,54.869998931884766,55.09000015258789,18550,0.0,0.0
2024-03-15 13:30:00-04:00,55.09000015258789,55.310001373291016,54.939998626708984,55.005001068115234,24004,0.0,0.0
2024-03-15 14:30:00-04:00,55.08000183105469,55.119998931884766,54.82500076293945,54.900001525878906,22699,0.0,0.0
2024-03-15 15:30:00-04:00,54.849998474121094,55.06999969482422,54.65999984741211,55.029998779296875,56310,0.0,0.0
2024-03-18 09:30:00-04:00,54.849998474121094,55.619998931884766,54.849998474121094,55.349998474121094,22198,0.0,0.0
2024-03-18 10:30:00-04:00,55.36000061035156,55.38999938964844,55.060001373291016,55.060001373291016,23868,0.0,0.0
2024-03-18 11:30:00-04:00,55.02000045776367,55.28630065917969,54.84000015258789,55.25,20553,0.0,0.0
2024-03-18 12:30:00-04:00,55.2599983215332,55.30500030517578,55.099998474121094,55.26499938964844,21774,0.0,0.0
2024-03-18 13:30:00-04:00,55.33000183105469,55.75,55.31999969482422,55.40999984741211,24500,0.0,0.0
2024-03-18 14:30:00-04:00,55.40999984741211,55.5,55.130001068115234,55.130001068115234,29596,0.0,0.0
2024-03-18 15:30:00-04:00,55.20000076293945,55.36000061035156,55.11000061035156,55.189998626708984,77654,0.0,0.0
2024-03-19 09:30:00-04:00,55.209999084472656,55.72999954223633,54.845001220703125,54.845001220703125,14325,0.0,0.0
2024-03-19 10:30:00-04:00,54.90800094604492,54.939998626708984,54.61000061035156,54.79999923706055,17625,0.0,0.0
2024-03-19 11:30:00-04:00,54.83000183105469,55.21500015258789,54.630001068115234,55.21500015258789,24897,0.0,0.0
2024-03-19 12:30:00-04:00,55.22999954223633,55.529998779296875,55.08000183105469,55.15999984741211,40030,0.0,0.0
2024-03-19 13:30:00-04:00,55.18000030517578,55.40999984741211,55.18000030517578,55.40999984741211,11207,0.0,0.0
2024-03-19 14:30:00-04:00,55.41999816894531,55.560001373291016,55.06999969482422,55.08000183105469,20103,0.0,0.0
2024-03-19 15:30:00-04:00,55.19300079345703,55.26499938964844,55.04999923706055,55.13999938964844,54281,0.0,0.0
2024-03-20 09:30:00-04:00,54.79999923706055,55.493099212646484,54.79999923706055,55.493099212646484,9432,0.0,0.0
2024-03-20 10:30:00-04:00,55.52000045776367,55.525001525878906,55.279998779296875,55.45500183105469,17156,0.0,0.0
2024-03-20 11:30:00-04:00,55.45500183105469,55.58000183105469,55.3224983215332,55.3224983215332,17800,0.0,0.0
2024-03-20 12:30:00-04:00,55.250099182128906,55.45000076293945,55.16999816894531,55.29999923706055,15410,0.0,0.0
2024-03-20 13:30:00-04:00,55.25,56.029998779296875,55.20000076293945,55.630001068115234,30411,0.0,0.0
2024-03-20 14:30:00-04:00,55.68000030517578,56.654998779296875,55.40999984741211,56.654998779296875,28639,0.0,0.0
2024-03-20 15:30:00-04:00,56.650001525878906,56.68000030517578,56.38999938964844,56.41999816894531,53620,0.0,0.0
2024-03-21 09:30:00-04:00,56.68000030517578,56.68000030517578,56.150001525878906,56.17689895629883,79577,0.0,0.0
2024-03-21 10:30:00-04:00,56.13999938964844,56.21500015258789,55.900001525878906,55.90999984741211,27824,0.0,0.0
2024-03-21 11:30:00-04:00,56.0,56.0,55.63999938964844,55.63999938964844,26427,0.0,0.0
2024-03-21 12:30:00-04:00,55.68000030517578,56.11000061035156,55.41999816894531,56.11000061035156,133679,0.0,0.0
2024-03-21 13:30:00-04:00,56.28499984741211,56.70000076293945,56.27000045776367,56.540000915527344,43624,0.0,0.0
2024-03-21 14:30:00-04:00,56.54999923706055,56.58000183105469,56.369998931884766,56.529998779296875,43111,0.0,0.0
2024-03-21 15:30:00-04:00,56.5,56.75,56.40999984741211,56.56999969482422,98220,0.0,0.0
2024-03-22 09:30:00-04:00,57.0,57.20000076293945,56.415000915527344,56.459999084472656,25895,0.0,0.0
2024-03-22 10:30:00-04:00,56.439998626708984,56.71500015258789,56.375,56.375,51073,0.0,0.0
2024-03-22 11:30:00-04:00,56.4900016784668,56.4900016784668,56.189998626708984,56.301998138427734,18528,0.0,0.0
2024-03-22 12:30:00-04:00,56.279998779296875,56.4900016784668,56.150001525878906,56.4900016784668,12957,0.0,0.0
2024-03-22 13:30:00-04:00,56.400001525878906,56.4900016784668,56.255001068115234,56.36000061035156,17688,0.0,0.0
2024-03-22 14:30:00-04:00,56.33000183105469,56.54999923706055,56.23500061035156,56.34000015258789,34090,0.0,0.0
2024-03-22 15:30:00-04:00,56.314998626708984,56.400001525878906,56.150001525878906,56.29999923706055,69822,0.0,0.0
2024-03-25 09:30:00-04:00,56.529998779296875,56.93000030517578,56.52000045776367,56.63999938964844,25171,0.0,0.0
2024-03-25 10:30:00-04:00,56.560001373291016,56.97999954223633,56.334999084472656,56.959999084472656,21728,0.0,0.0
2024-03-25 11:30:00-04:00,56.91999816894531,57.150001525878906,56.65999984741211,57.150001525878906,23912,0.0,0.0
2024-03-25 12:30:00-04:00,57.08000183105469,57.08000183105469,56.86000061035156,57.02000045776367,25334,0.0,0.0
2024-03-25 13:30:00-04:00,57.025001525878906,57.63999938964844,57.0,57.619998931884766,39182,0.0,0.0
2024-03-25 14:30:00-04:00,57.60499954223633,57.849998474121094,57.599998474121094,57.650001525878906,51842,0.0,0.0
2024-03-25 15:30:00-04:00,57.66999816894531,57.79999923706055,57.189998626708984,57.22999954223633,76997,0.0,0.0
2024-03-26 09:30:00-04:00,57.95000076293945,59.43000030517578,57.59000015258789,59.2400016784668,49552,0.0,0.0
2024-03-26 10:30:00-04:00,59.349998474121094,59.810001373291016,59.209999084472656,59.2400016784668,35183,0.0,0.0
2024-03-26 11:30:00-04:00,59.20000076293945,59.65999984741211,58.900001525878906,59.4900016784668,26392,0.0,0.0
2024-03-26 12:30:00-04:00,59.439998626708984,59.5182991027832,59.185001373291016,59.36000061035156,18285,0.0,0.0
2024-03-26 13:30:00-04:00,59.459999084472656,59.525001525878906,59.224998474121094,59.375,19039,0.0,0.0
2024-03-26 14:30:00-04:00,59.38999938964844,59.7599983215332,59.34000015258789,59.7599983215332,29400,0.0,0.0
2024-03-26 15:30:00-04:00,59.70000076293945,59.888999938964844,59.61000061035156,59.61000061035156,70196,0.0,0.0
2024-03-27 09:30:00-04:00,60.040000915527344,60.31999969482422,59.70000076293945,59.709999084472656,26707,0.0,0.0
2024-03-27 10:30:00-04:00,59.75699996948242,59.77000045776367,59.16999816894531,59.369998931884766,28899,0.0,0.0
2024-03-27 11:30:00-04:00,59.380001068115234,59.67499923706055,59.33000183105469,59.63999938964844,26182,0.0,0.0
2024-03-27 12:30:00-04:00,59.68000030517578,59.974998474121094,59.599998474121094,59.685001373291016,17094,0.0,0.0
2024-03-27 13:30:00-04:00,59.68000030517578,59.79999923706055,59.56999969482422,59.68000030517578,23383,0.0,0.0
2024-03-27 14:30:00-04:00,59.689998626708984,60.0,59.564998626708984,59.744998931884766,46438,0.0,0.0
2024-03-27 15:30:00-04:00,59.75,59.790000915527344,59.650001525878906,59.7599983215332,84542,0.0,0.0
2024-03-28 09:30:00-04:00,60.0,60.34000015258789,59.68000030517578,60.244998931884766,40171,0.0,0.0
2024-03-28 10:30:00-04:00,60.34000015258789,60.59450149536133,60.18000030517578,60.189998626708984,30831,0.0,0.0
2024-03-28 11:30:00-04:00,60.2599983215332,60.290000915527344,59.95000076293945,60.154998779296875,27464,0.0,0.0
2024-03-28 12:30:00-04:00,60.11000061035156,60.33000183105469,60.025001525878906,60.17499923706055,24053,0.0,0.0
2024-03-28 13:30:00-04:00,60.209999084472656,60.345001220703125,60.029998779296875,60.185001373291016,21515,0.0,0.0
2024-03-28 14:30:00-04:00,60.185001373291016,60.35499954223633,59.939998626708984,60.060001373291016,35411,0.0,0.0
2024-03-28 15:30:00-04:00,60.095001220703125,60.209999084472656,59.779998779296875,59.779998779296875,91619,0.0,0.0
2024-04-01 09:30:00-04:00,60.7400016784668,61.79499816894531,60.53150177001953,61.04999923706055,83537,0.0,0.0
2024-04-01 10:30:00-04:00,61.025001525878906,61.779998779296875,61.025001525878906,61.51499938964844,61145,0.0,0.0
2024-04-01 11:30:00-04:00,61.459999084472656,61.75,61.15999984741211,61.720001220703125,43644,0.0,0.0
2024-04-01 12:30:00-04:00,61.72999954223633,61.97999954223633,61.310001373291016,61.3849983215332,100928,0.0,0.0
2024-04-01 13:30:00-04:00,61.470001220703125,61.849998474121094,61.18000030517578,61.54499816894531,62963,0.0,0.0
2024-04-01 14:30:00-04:00,61.51499938964844,61.56999969482422,61.220001220703125,61.4900016784668,101325,0.0,0.0
2024-04-01 15:30:00-04:00,61.474998474121094,61.689998626708984,61.16999816894531,61.25,268079,0.0,0.0
2024-04-02 09:30:00-04:00,60.369998931884766,60.900001525878906,59.81999969482422,60.31999969482422,37393,0.0,0.0
2024-04-02 10:30:00-04:00,60.3849983215332,60.810001373291016,60.369998931884766,60.75,27852,0.0,0.0
2024-04-02 11:30:00-04:00,60.77000045776367,60.880001068115234,60.599998474121094,60.65999984741211,28159,0.0,0.0
2024-04-02 12:30:00-04:00,60.63999938964844,61.09000015258789,60.63999938964844,60.97999954223633,22762,0.0,0.0
2024-04-02 13:30:00-04:00,60.97999954223633,61.2400016784668,60.95000076293945,61.13999938964844,42965,0.0,0.0
2024-04-02 14:30:00-04:00,61.130001068115234,61.28499984741211,61.060001373291016,61.119998931884766,48279,0.0,0.0
2024-04-02 15:30:00-04:00,61.122501373291016,61.630001068115234,61.09000015258789,61.52000045776367,115338,0.0,0.0
2024-04-03 09:30:00-04:00,61.06999969482422,61.720001220703125,61.060001373291016,61.64500045776367,25600,0.0,0.0
2024-04-03 10:30:00-04:00,61.64500045776367,62.165000915527344,61.60499954223633,62.165000915527344,27075,0.0,0.0
2024-04-03 11:30:00-04:00,62.150001525878906,62.209999084472656,61.994998931884766,62.060001373291016,28877,0.0,0.0
2024-04-03 12:30:00-04:00,62.060001373291016,62.130001068115234,61.66999816894531,62.0,24146,0.0,0.0
2024-04-03 13:30:00-04:00,62.06999969482422,62.18000030517578,61.869998931884766,62.15999984741211,25230,0.0,0.0
2024-04-03 14:30:00-04:00,62.13999938964844,62.31999969482422,62.0,62.23500061035156,64445,0.0,0.0
2024-04-03 15:30:00-04:00,62.23500061035156,62.790000915527344,62.15999984741211,62.45000076293945,169094,0.0,0.0
2024-04-04 09:30:00-04:00,62.880001068115234,63.28499984741211,62.040000915527344,62.10499954223633,40065,0.0,0.0
2024-04-04 10:30:00-04:00,62.0,62.119998931884766,61.65999984741211,61.65999984741211,15708,0.0,0.0
2024-04-04 11:30:00-04:00,61.720001220703125,61.96200180053711,61.630001068115234,61.93050003051758,19109,0.0,0.0
2024-04-04 12:30:00-04:00,61.935001373291016,61.96500015258789,61.560001373291016,61.70500183105469,23202,0.0,0.0
2024-04-04 13:30:00-04:00,61.71500015258789,61.939998626708984,60.880001068115234,60.88999938964844,26583,0.0,0.0
2024-04-04 14:30:00-04:00,60.689998626708984,60.869998931884766,60.03499984741211,60.03499984741211,62101,0.0,0.0
2024-04-04 15:30:00-04:00,60.08000183105469,60.11899948120117,59.72999954223633,59.880001068115234,95529,0.0,0.0
2024-04-05 09:30:00-04:00,59.79999923706055,60.72999954223633,59.79999923706055,60.540000915527344,57145,0.0,0.0
2024-04-05 10:30:00-04:00,60.59000015258789,60.91999816894531,60.54999923706055,60.79999923706055,16656,0.0,0.0
2024-04-05 11:30:00-04:00,60.81999969482422,60.880001068115234,60.599998474121094,60.869998931884766,14768,0.0,0.0
2024-04-05 12:30:00-04:00,60.7599983215332,61.4900016784668,60.7599983215332,61.4900016784668,40846,0.0,0.0
2024-04-05 13:30:00-04:00,61.5,61.665000915527344,61.150001525878906,61.22999954223633,53319,0.0,0.0
2024-04-05 14:30:00-04:00,61.13999938964844,61.564998626708984,61.119998931884766,61.459999084472656,54271,0.0,0.0
2024-04-05 15:30:00-04:00,61.5,61.66999816894531,61.279998779296875,61.56999969482422,115957,0.0,0.0
2024-04-08 09:30:00-04:00,62.040000915527344,62.040000915527344,61.29999923706055,61.30500030517578,12593,0.0,0.0
2024-04-08 10:30:00-04:00,61.29499816894531,62.029998779296875,61.29499816894531,62.029998779296875,20993,0.0,0.0
2024-04-08 11:30:00-04:00,61.970001220703125,61.970001220703125,61.6150016784668,61.79999923706055,17171,0.0,0.0
2024-04-08 12:30:00-04:00,61.70500183105469,61.77000045776367,61.279998779296875,61.369998931884766,21157,0.0,0.0
2024-04-08 13:30:00-04:00,61.310001373291016,61.5,61.20000076293945,61.20000076293945,11895,0.0,0.0
2024-04-08 14:30:00-04:00,61.15999984741211,61.47999954223633,61.15999984741211,61.38999938964844,31904,0.0,0.0
2024-04-08 15:30:00-04:00,61.46989822387695,61.59000015258789,61.400001525878906,61.45000076293945,54319,0.0,0.0
2024-04-09 09:30:00-04:00,61.349998474121094,61.95500183105469,61.349998474121094,61.880001068115234,21858,0.0,0.0
2024-04-09 10:30:00-04:00,61.744998931884766,61.79499816894531,61.275001525878906,61.72999954223633,37903,0.0,0.0
2024-04-09 11:30:00-04:00,61.724998474121094,61.92499923706055,61.650001525878906,61.779998779296875,23398,0.0,0.0
2024-04-09 12:30:00-04:00,61.7400016784668,61.91999816894531,61.584999084472656,61.849998474121094,35506,0.0,0.0
2024-04-09 13:30:00-04:00,61.849998474121094,61.900001525878906,61.67499923706055,61.70000076293945,47721,0.0,0.0
2024-04-09 14:30:00-04:00,61.69499969482422,62.099998474121094,61.66999816894531,62.099998474121094,33598,0.0,0.0
2024-04-09 15:30:00-04:00,62.11000061035156,62.244998931884766,61.755001068115234,61.91999816894531,78377,0.0,0.0
2024-04-10 09:30:00-04:00,60.63999938964844,61.060001373291016,60.31999969482422,60.709999084472656,40358,0.0,0.0
2024-04-10 10:30:00-04:00,60.70500183105469,60.84000015258789,60.56999969482422,60.70000076293945,36349,0.0,0.0
2024-04-10 11:30:00-04:00,60.70000076293945,60.70750045776367,60.16999816894531,60.525001525878906,23815,0.0,0.0
2024-04-10 12:30:00-04:00,60.43000030517578,60.54499816894531,60.07500076293945,60.38999938964844,32016,0.0,0.0
2024-04-10 13:30:00-04:00,60.290000915527344,60.45000076293945,60.06999969482422,60.290000915527344,30248,0.0,0.0
2024-04-10 14:30:00-04:00,60.2599983215332,61.869998931884766,60.02000045776367,60.400001525878906,36096,0.0,0.0
2024-04-10 15:30:00-04:00,60.400001525878906,60.560001373291016,60.36000061035156,60.40999984741211,70244,0.0,0.0
2024-04-11 09:30:00-04:00,60.86000061035156,60.86000061035156,60.16740036010742,60.16740036010742,30910,0.0,0.0
2024-04-11 10:30:00-04:00,59.97999954223633,60.33000183105469,59.97999954223633,60.31999969482422,16312,0.0,0.0
2024-04-11 11:30:00-04:00,60.34000015258789,61.52000045776367,60.27000045776367,60.79999923706055,155780,0.0,0.0
2024-04-11 12:30:00-04:00,60.7400016784668,61.37990188598633,60.54999923706055,61.279998779296875,53442,0.0,0.0
2024-04-11 13:30:00-04:00,61.28499984741211,61.650001525878906,61.28499984741211,61.38999938964844,27252,0.0,0.0
2024-04-11 14:30:00-04:00,61.400001525878906,61.709999084472656,61.349998474121094,61.650001525878906,42312,0.0,0.0
2024-04-11 15:30:00-04:00,61.650001525878906,61.68000030517578,61.40999984741211,61.560001373291016,80532,0.0,0.0
2024-04-12 09:30:00-04:00,60.75,61.029998779296875,60.709999084472656,60.959999084472656,26010,0.0,0.0
2024-04-12 10:30:00-04:00,60.97999954223633,61.02000045776367,60.7599983215332,60.880001068115234,22001,0.0,0.0
2024-04-12 11:30:00-04:00,60.93000030517578,60.95500183105469,60.689998626708984,60.7400016784668,23511,0.0,0.0
2024-04-12 12:30:00-04:00,60.76499938964844,60.76499938964844,60.0,60.087501525878906,32151,0.0,0.0
2024-04-12 13:30:00-04:00,60.040000915527344,60.16999816894531,59.790000915527344,59.834999084472656,50427,0.0,0.0
2024-04-12 14:30:00-04:00,59.810001373291016,59.9900016784668,59.68000030517578,59.7400016784668,38735,0.0,0.0
2024-04-12 15:30:00-04:00,59.720001220703125,59.93000030517578,59.630001068115234,59.81999969482422,69211,0.0,0.0
2024-04-15 09:30:00-04:00,60.7599983215332,61.130001068115234,60.67499923706055,60.89500045776367,26314,0.0,0.0
2024-04-15 10:30:00-04:00,60.89500045776367,60.970001220703125,59.9900016784668,60.119998931884766,27897,0.0,0.0
2024-04-15 11:30:00-04:00,60.20000076293945,60.599998474121094,60.13999938964844,60.13999938964844,23576,0.0,0.0
2024-04-15 12:30:00-04:00,60.090599060058594,60.22999954223633,59.6349983215332,59.63999938964844,26908,0.0,0.0
2024-04-15 13:30:00-04:00,59.56999969482422,59.81999969482422,59.45500183105469,59.61000061035156,54885,0.0,0.0
2024-04-15 14:30:00-04:00,59.65999984741211,59.83000183105469,59.380001068115234,59.51499938964844,45852,0.0,0.0
2024-04-15 15:30:00-04:00,59.54999923706055,60.0099983215332,59.52000045776367,59.959999084472656,64869,0.0,0.0
2024-04-16 09:30:00-04:00,59.849998474121094,60.369998931884766,58.90999984741211,59.05500030517578,45400,0.0,0.0
2024-04-16 10:30:00-04:00,58.9900016784668,59.0099983215332,58.724998474121094,58.724998474121094,52154,0.0,0.0
2024-04-16 11:30:00-04:00,58.66999816894531,58.81999969482422,58.290000915527344,58.709999084472656,212336,0.0,0.0
2024-04-16 12:30:00-04:00,58.75,59.11000061035156,58.75,58.935001373291016,66682,0.0,0.0
2024-04-16 13:30:00-04:00,58.90999984741211,59.25,58.630001068115234,58.63999938964844,54486,0.0,0.0
2024-04-16 14:30:00-04:00,58.63999938964844,59.91999816894531,58.599998474121094,59.8650016784668,104346,0.0,0.0
2024-04-16 15:30:00-04:00,59.8650016784668,60.060001373291016,59.529998779296875,59.79999923706055,170166,0.0,0.0
2024-04-17 09:30:00-04:00,60.560001373291016,60.60499954223633,59.9900016784668,60.470001220703125,18012,0.0,0.0
2024-04-17 10:30:00-04:00,60.435001373291016,60.435001373291016,59.5099983215332,59.5099983215332,31603,0.0,0.0
2024-04-17 11:30:00-04:00,59.45000076293945,59.4984016418457,59.09000015258789,59.290000915527344,21254,0.0,0.0
2024-04-17 12:30:00-04:00,59.32500076293945,59.68000030517578,59.220001220703125,59.625,15283,0.0,0.0
2024-04-17 13:30:00-04:00,59.540000915527344,59.6609001159668,59.2599983215332,59.44499969482422,28413,0.0,0.0
2024-04-17 14:30:00-04:00,59.474998474121094,59.970001220703125,58.845001220703125,58.869998931884766,51260,0.0,0.0
2024-04-17 15:30:00-04:00,58.88999938964844,58.95500183105469,58.619998931884766,58.619998931884766,46944,0.0,0.0
2024-04-18 09:30:00-04:00,58.47999954223633,58.9900016784668,58.0099983215332,58.959999084472656,15704,0.0,0.0
2024-04-18 10:30:00-04:00,59.00899887084961,59.130001068115234,58.70500183105469,58.70500183105469,23623,0.0,0.0
2024-04-18 11:30:00-04:00,58.709999084472656,58.81169891357422,58.439998626708984,58.439998626708984,19293,0.0,0.0
2024-04-18 12:30:00-04:00,58.56999969482422,58.58000183105469,57.93000030517578,58.119998931884766,25191,0.0,0.0
2024-04-18 13:30:00-04:00,58.119998931884766,58.16999816894531,57.81999969482422,57.939998626708984,24029,0.0,0.0
2024-04-18 14:30:00-04:00,57.869998931884766,57.97999954223633,57.689998626708984,57.91999816894531,33560,0.0,0.0
2024-04-18 15:30:00-04:00,57.93000030517578,58.06999969482422,57.720001220703125,57.900001525878906,59631,0.0,0.0
2024-04-19 09:30:00-04:00,57.900001525878906,58.52000045776367,57.720001220703125,57.88999938964844,26161,0.0,0.0
2024-04-19 10:30:00-04:00,57.869998931884766,57.9379997253418,57.56999969482422,57.79999923706055,22283,0.0,0.0
2024-04-19 11:30:00-04:00,57.83000183105469,57.92499923706055,57.400001525878906,57.540000915527344,18211,0.0,0.0
2024-04-19 12:30:00-04:00,57.54999923706055,57.880001068115234,57.470001220703125,57.630001068115234,42090,0.0,0.0
2024-04-19 13:30:00-04:00,57.65999984741211,57.7599983215332,57.0099983215332,57.0099983215332,38616,0.0,0.0
2024-04-19 14:30:00-04:00,57.0099983215332,57.099998474121094,56.790000915527344,57.040000915527344,76021,0.0,0.0
2024-04-19 15:30:00-04:00,57.04999923706055,57.47999954223633,57.04999923706055,57.31999969482422,109191,0.0,0.0
2024-04-22 09:30:00-04:00,57.56999969482422,57.88999938964844,57.35499954223633,57.36000061035156,33879,0.0,0.0
2024-04-22 10:30:00-04:00,57.400001525878906,57.595001220703125,56.880001068115234,57.38999938964844,30636,0.0,0.0
2024-04-22 11:30:00-04:00,57.404998779296875,57.66999816894531,57.290000915527344,57.56999969482422,16772,0.0,0.0
2024-04-22 12:30:00-04:00,57.52000045776367,58.189998626708984,57.5099983215332,58.189998626708984,31707,0.0,0.0
2024-04-22 13:30:00-04:00,58.20000076293945,58.2599983215332,58.029998779296875,58.2599983215332,19830,0.0,0.0
2024-04-22 14:30:00-04:00,58.255001068115234,58.43000030517578,58.0099983215332,58.404998779296875,28451,0.0,0.0
2024-04-22 15:30:00-04:00,58.38999938964844,58.40999984741211,57.95000076293945,58.400001525878906,90495,0.0,0.0
2024-04-23 09:30:00-04:00,58.869998931884766,58.869998931884766,58.220001220703125,58.689998626708984,16980,0.0,0.0
2024-04-23 10:30:00-04:00,58.72999954223633,58.7400016784668,58.38999938964844,58.654998779296875,16941,0.0,0.0
2024-04-23 11:30:00-04:00,58.54999923706055,58.959999084472656,58.500099182128906,58.959999084472656,22567,0.0,0.0
2024-04-23 12:30:00-04:00,59.06990051269531,59.17499923706055,58.779998779296875,59.16999816894531,22760,0.0,0.0
2024-04-23 13:30:00-04:00,59.099998474121094,59.33000183105469,59.02000045776367,59.28499984741211,29149,0.0,0.0
2024-04-23 14:30:00-04:00,59.26499938964844,59.439998626708984,59.13999938964844,59.255001068115234,32643,0.0,0.0
2024-04-23 15:30:00-04:00,59.2400016784668,59.290000915527344,58.84000015258789,58.95000076293945,75652,0.0,0.0
2024-04-24 09:30:00-04:00,59.02000045776367,59.470001220703125,58.970001220703125,59.102500915527344,28365,0.0,0.0
2024-04-24 10:30:00-04:00,59.11000061035156,59.220001220703125,58.779998779296875,58.85749816894531,33080,0.0,0.0
2024-04-24 11:30:00-04:00,58.88999938964844,58.974998474121094,58.630001068115234,58.720001220703125,27233,0.0,0.0
2024-04-24 12:30:00-04:00,58.52000045776367,58.724998474121094,58.45000076293945,58.70000076293945,19292,0.0,0.0
2024-04-24 13:30:00-04:00,58.709999084472656,58.9900016784668,58.709999084472656,58.89799880981445,57613,0.0,0.0
2024-04-24 14:30:00-04:00,58.810001373291016,59.310001373291016,58.689998626708984,59.244998931884766,49246,0.0,0.0
2024-04-24 15:30:00-04:00,59.220001220703125,59.869998931884766,59.15999984741211,59.86000061035156,99010,0.0,0.0
2024-04-25 09:30:00-04:00,59.11000061035156,60.34000015258789,58.79999923706055,60.209999084472656,18422,0.0,0.0
2024-04-25 10:30:00-04:00,60.29999923706055,60.415000915527344,59.7599983215332,59.97999954223633,126425,0.0,0.0
2024-04-25 11:30:00-04:00,59.970001220703125,60.01499938964844,59.505001068115234,59.79999923706055,32540,0.0,0.0
2024-04-25 12:30:00-04:00,59.77000045776367,59.84000015258789,59.119998931884766,59.165000915527344,65382,0.0,0.0
2024-04-25 13:30:00-04:00,59.130001068115234,59.869998931884766,59.11750030517578,59.529998779296875,45640,0.0,0.0
2024-04-25 14:30:00-04:00,59.470001220703125,59.93000030517578,59.470001220703125,59.81999969482422,22103,0.0,0.0
2024-04-25 15:30:00-04:00,59.82600021362305,59.83000183105469,59.22999954223633,59.279998779296875,51973,0.0,0.0
2024-04-26 09:30:00-04:00,58.619998931884766,58.63999938964844,54.54999923706055,54.63999938964844,207839,0.0,0.0
2024-04-26 10:30:00-04:00,54.880001068115234,55.08000183105469,54.59000015258789,55.01250076293945,77599,0.0,0.0
2024-04-26 11:30:00-04:00,55.01499938964844,55.01499938964844,54.459999084472656,54.810001373291016,65260,0.0,0.0
2024-04-26 12:30:00-04:00,54.7599983215332,54.810001373291016,54.33000183105469,54.685001373291016,49737,0.0,0.0
2024-04-26 13:30:00-04:00,54.665000915527344,55.18000030517578,54.61000061035156,54.83000183105469,57196,0.0,0.0
2024-04-26 14:30:00-04:00,54.75,54.790000915527344,54.119998931884766,54.279998779296875,120959,0.0,0.0
2024-04-26 15:30:00-04:00,54.2400016784668,54.52000045776367,54.060001373291016,54.08000183105469,199497,0.0,0.0
2024-04-29 09:30:00-04:00,54.75,55.18000030517578,54.63999938964844,54.9900016784668,58133,0.0,0.0
2024-04-29 10:30:00-04:00,54.96500015258789,55.244998931884766,54.56999969482422,54.82500076293945,70478,0.0,0.0
2024-04-29 11:30:00-04:00,54.86000061035156,55.15999984741211,54.720001220703125,55.005001068115234,41521,0.0,0.0
2024-04-29 12:30:00-04:00,55.0,55.01499938964844,54.650001525878906,54.95000076293945,31151,0.0,0.0
2024-04-29 13:30:00-04:00,54.97999954223633,55.060001373291016,54.66999816894531,54.66999816894531,36924,0.0,0.0
2024-04-29 14:30:00-04:00,54.689998626708984,54.8650016784668,54.380001068115234,54.40999984741211,74287,0.0,0.0
2024-04-29 15:30:00-04:00,54.41999816894531,55.130001068115234,54.3849983215332,54.9900016784668,175240,0.0,0.0
2024-04-30 09:30:00-04:00,54.25,54.34000015258789,53.31999969482422,54.17499923706055,64976,0.0,0.0
2024-04-30 10:30:00-04:00,54.099998474121094,54.29499816894531,53.91999816894531,54.08000183105469,49692,0.0,0.0
2024-04-30 11:30:00-04:00,54.04999923706055,54.15999984741211,53.83000183105469,53.9900016784668,22192,0.0,0.0
2024-04-30 12:30:00-04:00,53.959999084472656,53.959999084472656,53.43000030517578,53.57500076293945,40451,0.0,0.0
2024-04-30 13:30:00-04:00,53.57500076293945,53.59000015258789,53.38999938964844,53.5099983215332,51564,0.0,0.0
2024-04-30 14:30:00-04:00,53.5099983215332,53.525001525878906,53.2599983215332,53.34000015258789,36531,0.0,0.0
2024-04-30 15:30:00-04:00,53.36000061035156,53.470001220703125,53.06999969482422,53.099998474121094,80851,0.0,0.0
2024-05-01 09:30:00-04:00,52.849998474121094,53.7599983215332,52.529998779296875,52.97999954223633,132720,0.0,0.0
2024-05-01 10:30:00-04:00,52.97999954223633,53.185001373291016,52.52000045776367,53.06999969482422,49018,0.0,0.0
2024-05-01 11:30:00-04:00,53.040000915527344,53.04999923706055,52.41999816894531,52.59000015258789,42640,0.0,0.0
2024-05-01 12:30:00-04:00,52.650001525878906,53.3849983215332,52.650001525878906,53.349998474121094,55183,0.0,0.0
2024-05-01 13:30:00-04:00,53.33000183105469,53.52000045776367,53.04499816894531,53.33000183105469,50203,0.0,0.0
2024-05-01 14:30:00-04:00,53.33000183105469,54.209999084472656,52.935001373291016,53.78499984741211,112749,0.0,0.0
2024-05-01 15:30:00-04:00,53.7400016784668,53.7400016784668,53.41999816894531,53.41999816894531,146434,0.0,0.0
2024-05-02 09:30:00-04:00,54.619998931884766,54.619998931884766,53.000099182128906,53.459999084472656,262065,0.0,0.0
2024-05-02 10:30:00-04:00,53.45000076293945,53.5,52.7599983215332,52.97999954223633,48803,0.0,0.0
2024-05-02 11:30:00-04:00,52.974998474121094,53.1349983215332,52.84000015258789,53.02000045776367,28201,0.0,0.0
2024-05-02 12:30:00-04:00,53.029998779296875,53.25,53.02000045776367,53.130001068115234,58527,0.0,0.0
2024-05-02 13:30:00-04:00,53.18000030517578,53.599998474121094,53.147499084472656,53.560001373291016,28318,0.0,0.0
2024-05-02 14:30:00-04:00,53.58000183105469,53.650001525878906,53.2400016784668,53.3849983215332,47387,0.0,0.0
2024-05-02 15:30:00-04:00,53.369998931884766,53.560001373291016,53.06999969482422,53.560001373291016,120461,0.0,0.0
2024-05-03 09:30:00-04:00,54.47999954223633,54.97999954223633,54.279998779296875,54.595001220703125,19782,0.0,0.0
2024-05-03 10:30:00-04:00,54.66999816894531,54.720001220703125,54.31999969482422,54.33000183105469,17230,0.0,0.0
2024-05-03 11:30:00-04:00,54.38999938964844,54.4900016784668,54.060001373291016,54.2599983215332,22922,0.0,0.0
2024-05-03 12:30:00-04:00,54.33000183105469,54.33000183105469,53.959999084472656,54.04999923706055,21056,0.0,0.0
2024-05-03 13:30:00-04:00,53.9900016784668,54.279998779296875,53.970001220703125,54.07500076293945,21424,0.0,0.0
2024-05-03 14:30:00-04:00,54.07500076293945,54.209999084472656,53.779998779296875,54.0,39767,0.0,0.0
2024-05-03 15:30:00-04:00,53.974998474121094,54.58000183105469,53.900001525878906,54.310001373291016,110957,0.0,0.0
2024-05-06 09:30:00-04:00,54.7400016784668,55.29999923706055,54.209999084472656,54.869998931884766,42556,0.0,0.0
2024-05-06 10:30:00-04:00,54.8849983215332,55.09000015258789,54.369998931884766,54.88999938964844,38814,0.0,0.0
2024-05-06 11:30:00-04:00,54.939998626708984,55.040000915527344,54.65999984741211,54.85499954223633,48703,0.0,0.0
2024-05-06 12:30:00-04:00,54.84000015258789,54.880001068115234,54.529998779296875,54.7400016784668,45138,0.0,0.0
2024-05-06 13:30:00-04:00,54.69499969482422,54.970001220703125,54.66999816894531,54.84000015258789,65424,0.0,0.0
2024-05-06 14:30:00-04:00,54.849998474121094,54.970001220703125,54.43000030517578,54.52000045776367,64927,0.0,0.0
2024-05-06 15:30:00-04:00,54.529998779296875,54.625,54.189998626708984,54.20000076293945,161913,0.0,0.0
2024-05-07 09:30:00-04:00,54.189998626708984,54.7400016784668,54.154998779296875,54.7400016784668,28695,0.0,0.0
2024-05-07 10:30:00-04:00,54.75,55.005001068115234,54.63999938964844,54.68000030517578,34585,0.0,0.0
2024-05-07 11:30:00-04:00,54.61000061035156,54.849998474121094,54.25,54.25,109060,0.0,0.0
2024-05-07 12:30:00-04:00,54.2599983215332,54.44499969482422,54.11000061035156,54.310001373291016,47081,0.0,0.0
2024-05-07 13:30:00-04:00,54.34000015258789,54.5099983215332,54.17499923706055,54.47999954223633,91175,0.0,0.0
2024-05-07 14:30:00-04:00,54.47999954223633,54.5,54.15999984741211,54.19499969482422,145298,0.0,0.0
2024-05-07 15:30:00-04:00,54.19499969482422,54.38999938964844,54.0099983215332,54.34000015258789,247211,0.0,0.0
2024-05-08 09:30:00-04:00,52.15999984741211,52.5,48.16999816894531,50.20000076293945,440571,0.0,0.0
2024-05-08 10:30:00-04:00,50.20000076293945,51.150001525878906,50.130001068115234,50.88999938964844,142625,0.0,0.0
2024-05-08 11:30:00-04:00,50.88999938964844,51.02000045776367,49.88999938964844,50.03499984741211,320993,0.0,0.0
2024-05-08 12:30:00-04:00,50.0099983215332,50.119998931884766,49.130001068115234,49.6349983215332,330012,0.0,0.0
2024-05-08 13:30:00-04:00,49.58000183105469,50.130001068115234,49.55009841918945,50.04999923706055,171189,0.0,0.0
2024-05-08 14:30:00-04:00,50.04499816894531,50.404998779296875,49.755001068115234,50.084999084472656,267005,0.0,0.0
2024-05-08 15:30:00-04:00,50.09000015258789,50.31999969482422,49.941001892089844,50.27000045776367,327524,0.0,0.0
2024-05-09 09:30:00-04:00,50.56999969482422,51.05270004272461,50.453399658203125,50.86000061035156,60943,0.0,0.0
2024-05-09 10:30:00-04:00,50.79999923706055,51.11000061035156,50.130001068115234,50.150001525878906,93338,0.0,0.0
2024-05-09 11:30:00-04:00,50.119998931884766,50.834999084472656,50.040000915527344,50.560001373291016,180097,0.0,0.0
2024-05-09 12:30:00-04:00,50.595001220703125,51.2599983215332,50.540000915527344,51.11000061035156,77219,0.0,0.0
2024-05-09 13:30:00-04:00,51.084999084472656,51.209999084472656,50.65999984741211,50.81999969482422,46484,0.0,0.0
2024-05-09 14:30:00-04:00,50.779998779296875,50.970001220703125,50.630001068115234,50.720001220703125,74903,0.0,0.0
2024-05-09 15:30:00-04:00,50.720001220703125,51.0099983215332,50.709999084472656,50.97999954223633,162900,0.0,0.0
2024-05-10 09:30:00-04:00,51.279998779296875,51.279998779296875,50.529998779296875,51.180599212646484,61314,0.0,0.0
2024-05-10 10:30:00-04:00,51.09000015258789,51.380001068115234,50.349998474121094,50.810001373291016,92020,0.0,0.0
2024-05-10 11:30:00-04:00,50.77000045776367,50.90999984741211,50.400001525878906,50.47999954223633,37755,0.0,0.0
2024-05-10 12:30:00-04:00,50.529998779296875,50.93000030517578,50.529998779296875,50.65999984741211,28978,0.0,0.0
2024-05-10 13:30:00-04:00,50.718299865722656,50.75,50.25,50.349998474121094,34938,0.0,0.0
2024-05-10 14:30:00-04:00,50.369998931884766,50.369998931884766,50.15999984741211,50.2400016784668,45788,0.0,0.0
2024-05-10 15:30:00-04:00,50.2599983215332,50.41999816894531,50.220001220703125,50.220001220703125,80657,0.0,0.0
2024-05-13 09:30:00-04:00,50.959999084472656,51.13999938964844,50.56999969482422,50.56999969482422,74117,0.0,0.0
2024-05-13 10:30:00-04:00,50.599998474121094,50.810001373291016,50.47999954223633,50.540000915527344,24262,0.0,0.0
2024-05-13 11:30:00-04:00,50.540000915527344,50.619998931884766,50.41999816894531,50.54999923706055,23984,0.0,0.0
2024-05-13 12:30:00-04:00,50.54999923706055,50.55500030517578,50.08000183105469,50.400001525878906,29971,0.0,0.0
2024-05-13 13:30:00-04:00,50.43000030517578,50.560001373291016,50.400001525878906,50.5,33919,0.0,0.0
2024-05-13 14:30:00-04:00,50.505001068115234,50.505001068115234,50.290000915527344,50.32500076293945,24589,0.0,0.0
2024-05-13 15:30:00-04:00,50.32500076293945,50.459999084472656,50.29999923706055,50.34000015258789,90840,0.0,0.0
2024-05-14 09:30:00-04:00,50.88999938964844,51.08000183105469,50.275001525878906,50.28499984741211,41343,0.0,0.0
2024-05-14 10:30:00-04:00,50.29999923706055,50.314998626708984,50.08000183105469,50.2599983215332,46160,0.0,0.0
2024-05-14 11:30:00-04:00,50.27000045776367,50.27000045776367,49.9900016784668,50.04499816894531,40006,0.0,0.0
2024-05-14 12:30:00-04:00,50.0099983215332,50.220001220703125,50.0,50.08000183105469,53610,0.0,0.0
2024-05-14 13:30:00-04:00,50.130001068115234,50.29999923706055,50.0099983215332,50.2400016784668,55070,0.0,0.0
2024-05-14 14:30:00-04:00,50.279998779296875,50.40999984741211,50.220001220703125,50.337501525878906,50563,0.0,0.0
2024-05-14 15:30:00-04:00,50.36000061035156,50.459999084472656,50.189998626708984,50.209999084472656,140428,0.0,0.0
2024-05-15 09:30:00-04:00,50.93000030517578,51.349998474121094,50.58000183105469,51.119998931884766,203298,0.0,0.0
2024-05-15 10:30:00-04:00,51.125,51.650001525878906,50.97999954223633,51.54499816894531,62054,0.0,0.0
2024-05-15 11:30:00-04:00,51.61000061035156,51.939998626708984,51.560001373291016,51.82500076293945,29854,0.0,0.0
2024-05-15 12:30:00-04:00,51.82500076293945,51.900001525878906,51.474998474121094,51.53499984741211,29976,0.0,0.0
2024-05-15 13:30:00-04:00,51.529998779296875,51.77000045776367,51.52000045776367,51.720001220703125,34998,0.0,0.0
2024-05-15 14:30:00-04:00,51.75490188598633,52.0,51.4900016784668,51.9900016784668,57864,0.0,0.0
2024-05-15 15:30:00-04:00,52.0,52.04999923706055,51.77000045776367,52.0099983215332,118982,0.0,0.0
2024-05-16 09:30:00-04:00,52.209999084472656,52.22999954223633,51.38999938964844,52.22999954223633,27585,0.0,0.0
2024-05-16 10:30:00-04:00,52.2400016784668,52.2599983215332,51.9900016784668,52.23500061035156,30165,0.0,0.0
2024-05-16 11:30:00-04:00,52.2599983215332,52.2599983215332,52.04999923706055,52.220001220703125,24038,0.0,0.0
2024-05-16 12:30:00-04:00,52.150001525878906,52.25,51.994998931884766,52.06999969482422,16713,0.0,0.0
2024-05-16 13:30:00-04:00,52.01499938964844,52.11000061035156,51.97990036010742,52.029998779296875,22795,0.0,0.0
2024-05-16 14:30:00-04:00,52.04999923706055,52.18000030517578,51.755001068115234,51.86000061035156,57916,0.0,0.0
2024-05-16 15:30:00-04:00,51.779998779296875,51.810001373291016,51.380001068115234,51.4900016784668,122824,0.0,0.0
2024-05-17 09:30:00-04:00,51.650001525878906,51.767799377441406,51.345001220703125,51.47999954223633,26050,0.0,0.0
2024-05-17 10:30:00-04:00,51.5,51.5,51.16999816894531,51.25,17952,0.0,0.0
2024-05-17 11:30:00-04:00,51.224998474121094,51.310001373291016,51.13999938964844,51.189998626708984,33919,0.0,0.0
2024-05-17 12:30:00-04:00,51.189998626708984,51.2599983215332,51.130001068115234,51.189998626708984,22585,0.0,0.0
2024-05-17 13:30:00-04:00,51.22999954223633,51.290000915527344,51.060001373291016,51.290000915527344,17265,0.0,0.0
2024-05-17 14:30:00-04:00,51.2599983215332,51.35499954223633,51.209999084472656,51.310001373291016,19713,0.0,0.0
2024-05-17 15:30:00-04:00,51.33000183105469,51.34000015258789,51.099998474121094,51.34000015258789,49552,0.0,0.0
2024-05-20 09:30:00-04:00,51.33000183105469,51.654998779296875,51.33000183105469,51.41999816894531,23183,0.0,0.0
2024-05-20 10:30:00-04:00,51.435001373291016,51.84000015258789,51.41999816894531,51.68000030517578,22049,0.0,0.0
2024-05-20 11:30:00-04:00,51.83000183105469,51.93000030517578,51.494998931884766,51.529998779296875,29848,0.0,0.0
2024-05-20 12:30:00-04:00,51.47999954223633,51.630001068115234,51.43000030517578,51.540000915527344,22926,0.0,0.0
2024-05-20 13:30:00-04:00,51.5099983215332,51.625,51.42499923706055,51.56999969482422,25194,0.0,0.0
2024-05-20 14:30:00-04:00,51.57500076293945,51.69499969482422,51.5099983215332,51.584999084472656,50474,0.0,0.0
2024-05-20 15:30:00-04:00,51.595001220703125,51.595001220703125,51.17499923706055,51.2599983215332,100789,0.0,0.0
2024-05-21 09:30:00-04:00,51.08000183105469,51.46500015258789,50.900001525878906,50.90999984741211,19601,0.0,0.0
2024-05-21 10:30:00-04:00,50.900001525878906,50.99169921875,50.689998626708984,50.95000076293945,29761,0.0,0.0
2024-05-21 11:30:00-04:00,50.939998626708984,50.97999954223633,50.630001068115234,50.877498626708984,55401,0.0,0.0
2024-05-21 12:30:00-04:00,50.83000183105469,50.970001220703125,50.7400016784668,50.86000061035156,38281,0.0,0.0
2024-05-21 13:30:00-04:00,50.8849983215332,50.95500183105469,50.70000076293945,50.875,37028,0.0,0.0
2024-05-21 14:30:00-04:00,50.900001525878906,51.119998931884766,50.849998474121094,51.099998474121094,45989,0.0,0.0
2024-05-21 15:30:00-04:00,51.119998931884766,51.29999923706055,51.0,51.15999984741211,87459,0.0,0.0
2024-05-22 09:30:00-04:00,50.959999084472656,50.959999084472656,49.70000076293945,50.1349983215332,57366,0.0,0.0
2024-05-22 10:30:00-04:00,50.220001220703125,50.41999816894531,49.97999954223633,50.099998474121094,56080,0.0,0.0
2024-05-22 11:30:00-04:00,50.08000183105469,50.18000030517578,49.81999969482422,50.095001220703125,48868,0.0,0.0
2024-05-22 12:30:00-04:00,50.099998474121094,50.29999923706055,50.02000045776367,50.1150016784668,43370,0.0,0.0
2024-05-22 13:30:00-04:00,50.09000015258789,50.220001220703125,49.779998779296875,49.849998474121094,58132,0.0,0.0
2024-05-22 14:30:00-04:00,49.7400016784668,49.81999969482422,49.060001373291016,49.095001220703125,91384,0.0,0.0
2024-05-22 15:30:00-04:00,49.119998931884766,49.18000030517578,48.75,48.90999984741211,155585,0.0,0.0
2024-05-23 09:30:00-04:00,49.09000015258789,49.40999984741211,48.0,48.15999984741211,75458,0.0,0.0
2024-05-23 10:30:00-04:00,48.150001525878906,48.470001220703125,48.09000015258789,48.310001373291016,41297,0.0,0.0
2024-05-23 11:30:00-04:00,48.29999923706055,48.85499954223633,48.25,48.83000183105469,39704,0.0,0.0
2024-05-23 12:30:00-04:00,48.7599983215332,48.763301849365234,48.36000061035156,48.40999984741211,31044,0.0,0.0
2024-05-23 13:30:00-04:00,48.400001525878906,48.5099983215332,48.150001525878906,48.150001525878906,68999,0.0,0.0
2024-05-23 14:30:00-04:00,48.150001525878906,48.48500061035156,48.0099983215332,48.02000045776367,68380,0.0,0.0
2024-05-23 15:30:00-04:00,48.06999969482422,48.59000015258789,48.060001373291016,48.59000015258789,324633,0.0,0.0
2024-05-24 09:30:00-04:00,49.040000915527344,49.45500183105469,49.029998779296875,49.44499969482422,37894,0.0,0.0
2024-05-24 10:30:00-04:00,49.44499969482422,49.52000045776367,49.209999084472656,49.49250030517578,45368,0.0,0.0
2024-05-24 11:30:00-04:00,49.48500061035156,49.665000915527344,49.36000061035156,49.52000045776367,116434,0.0,0.0
2024-05-24 12:30:00-04:00,49.52000045776367,49.6349983215332,49.439998626708984,49.6349983215332,31742,0.0,0.0
2024-05-24 13:30:00-04:00,49.595001220703125,49.650001525878906,49.400001525878906,49.4900016784668,60878,0.0,0.0
2024-05-24 14:30:00-04:00,49.4900016784668,49.880001068115234,49.439998626708984,49.73500061035156,61591,0.0,0.0
2024-05-24 15:30:00-04:00,49.7599983215332,49.77000045776367,49.505001068115234,49.7400016784668,118530,0.0,0.0
2024-05-28 09:30:00-04:00,49.72999954223633,49.72999954223633,49.09000015258789,49.099998474121094,45468,0.0,0.0
2024-05-28 10:30:00-04:00,49.22999954223633,49.630001068115234,49.20000076293945,49.38999938964844,27484,0.0,0.0
2024-05-28 11:30:00-04:00,49.459999084472656,49.650001525878906,49.31999969482422,49.4635009765625,46213,0.0,0.0
2024-05-28 12:30:00-04:00,49.474998474121094,49.47999954223633,48.7400016784668,48.810001373291016,53498,0.0,0.0
2024-05-28 13:30:00-04:00,48.80500030517578,48.93000030517578,48.400001525878906,48.435001373291016,34596,0.0,0.0
2024-05-28 14:30:00-04:00,48.369998931884766,48.650001525878906,48.16999816894531,48.6349983215332,89625,0.0,0.0
2024-05-28 15:30:00-04:00,48.650001525878906,48.9900016784668,48.5099983215332,48.72999954223633,177004,0.0,0.0
2024-05-29 09:30:00-04:00,47.72999954223633,48.33000183105469,47.18000030517578,48.11000061035156,95530,0.0,0.0
2024-05-29 10:30:00-04:00,48.064998626708984,48.31999969482422,47.83000183105469,48.2599983215332,66323,0.0,0.0
2024-05-29 11:30:00-04:00,48.279998779296875,48.5,48.18000030517578,48.4900016784668,70979,0.0,0.0
2024-05-29 12:30:00-04:00,48.52000045776367,48.61000061035156,48.07500076293945,48.36000061035156,65538,0.0,0.0
2024-05-29 13:30:00-04:00,48.25,48.529998779296875,48.189998626708984,48.310001373291016,74359,0.0,0.0
2024-05-29 14:30:00-04:00,48.30500030517578,48.599998474121094,48.30500030517578,48.540000915527344,66004,0.0,0.0
2024-05-29 15:30:00-04:00,48.5,48.880001068115234,48.439998626708984,48.880001068115234,151741,0.0,0.0
2024-05-30 09:30:00-04:00,49.119998931884766,49.36000061035156,48.56999969482422,48.81999969482422,36020,0.0,0.0
2024-05-30 10:30:00-04:00,48.709999084472656,49.17499923706055,48.290000915527344,48.540000915527344,51540,0.0,0.0
2024-05-30 11:30:00-04:00,48.54499816894531,48.70000076293945,48.29999923706055,48.41999816894531,245881,0.0,0.0
2024-05-30 12:30:00-04:00,48.41999816894531,48.845001220703125,48.27000045776367,48.834999084472656,108240,0.0,0.0
2024-05-30 13:30:00-04:00,48.869998931884766,49.470001220703125,48.86000061035156,49.470001220703125,67746,0.0,0.0
2024-05-30 14:30:00-04:00,49.43000030517578,49.54999923706055,49.310001373291016,49.439998626708984,146132,0.0,0.0
2024-05-30 15:30:00-04:00,49.439998626708984,49.810001373291016,49.400001525878906,49.709999084472656,166314,0.0,0.0
2024-05-31 09:30:00-04:00,50.08000183105469,50.189998626708984,49.83000183105469,49.84000015258789,27791,0.0,0.0
2024-05-31 10:30:00-04:00,49.755001068115234,50.34000015258789,49.56999969482422,50.02000045776367,29246,0.0,0.0
2024-05-31 11:30:00-04:00,50.08000183105469,50.4900016784668,50.08000183105469,50.40999984741211,39005,0.0,0.0
2024-05-31 12:30:00-04:00,50.40999984741211,51.06999969482422,50.2400016784668,51.040000915527344,65773,0.0,0.0
2024-05-31 13:30:00-04:00,51.099998474121094,51.2599983215332,51.0099983215332,51.189998626708984,39737,0.0,0.0
2024-05-31 14:30:00-04:00,51.209999084472656,51.41999816894531,51.11000061035156,51.310001373291016,50452,0.0,0.0
2024-05-31 15:30:00-04:00,51.26499938964844,51.54999923706055,51.13999938964844,51.279998779296875,110084,0.0,0.0
2024-06-03 09:30:00-04:00,51.79999923706055,51.965999603271484,51.060001373291016,51.1349983215332,276214,0.0,0.0
2024-06-03 10:30:00-04:00,51.119998931884766,51.25,50.38999938964844,51.224998474121094,190378,0.0,0.0
2024-06-03 11:30:00-04:00,51.244998931884766,51.40999984741211,50.86000061035156,50.959999084472656,65360,0.0,0.0
2024-06-03 12:30:00-04:00,50.9900016784668,51.349998474121094,50.880001068115234,51.209999084472656,43766,0.0,0.0
2024-06-03 13:30:00-04:00,51.27000045776367,51.75,51.22999954223633,51.720001220703125,40177,0.0,0.0
2024-06-03 14:30:00-04:00,51.72999954223633,51.790000915527344,51.529998779296875,51.63999938964844,49782,0.0,0.0
2024-06-03 15:30:00-04:00,51.630001068115234,52.1349983215332,51.58000183105469,52.099998474121094,223831,0.0,0.0
2024-06-04 09:30:00-04:00,51.97999954223633,52.040000915527344,51.577999114990234,51.61000061035156,47010,0.0,0.0
2024-06-04 10:30:00-04:00,51.61000061035156,51.86000061035156,51.3849983215332,51.540000915527344,56665,0.0,0.0
2024-06-04 11:30:00-04:00,51.470001220703125,51.47999954223633,51.25,51.41999816894531,26706,0.0,0.0
2024-06-04 12:30:00-04:00,51.40999984741211,51.439998626708984,51.189998626708984,51.439998626708984,19548,0.0,0.0
2024-06-04 13:30:00-04:00,51.415000915527344,51.540000915527344,51.290000915527344,51.37080001831055,31491,0.0,0.0
2024-06-04 14:30:00-04:00,51.349998474121094,51.349998474121094,50.709999084472656,50.720001220703125,66963,0.0,0.0
2024-06-04 15:30:00-04:00,50.70399856567383,51.060001373291016,50.68000030517578,51.0,77791,0.0,0.0
2024-06-05 09:30:00-04:00,51.16999816894531,51.439998626708984,50.65999984741211,51.275001525878906,36642,0.0,0.0
2024-06-05 10:30:00-04:00,51.279998779296875,51.375,50.529998779296875,50.619998931884766,41261,0.0,0.0
2024-06-05 11:30:00-04:00,50.58000183105469,50.72999954223633,50.380001068115234,50.380001068115234,36619,0.0,0.0
2024-06-05 12:30:00-04:00,50.3849983215332,50.70000076293945,50.2400016784668,50.630001068115234,41335,0.0,0.0
2024-06-05 13:30:00-04:00,50.61000061035156,50.720001220703125,50.599998474121094,50.6349983215332,28283,0.0,0.0
2024-06-05 14:30:00-04:00,50.63999938964844,50.88999938964844,50.630001068115234,50.75,44417,0.0,0.0
2024-06-05 15:30:00-04:00,50.744998931884766,51.03499984741211,50.720001220703125,50.95000076293945,100643,0.0,0.0
2024-06-06 09:30:00-04:00,50.810001373291016,50.900001525878906,50.2400016784668,50.59000015258789,43987,0.0,0.0
2024-06-06 10:30:00-04:00,50.5099983215332,50.54999923706055,50.25,50.400001525878906,32238,0.0,0.0
2024-06-06 11:30:00-04:00,50.369998931884766,50.470001220703125,50.2599983215332,50.369998931884766,23909,0.0,0.0
2024-06-06 12:30:00-04:00,50.369998931884766,50.41999816894531,50.185001373291016,50.27000045776367,33281,0.0,0.0
2024-06-06 13:30:00-04:00,50.220001220703125,50.43000030517578,50.029998779296875,50.06999969482422,34723,0.0,0.0
2024-06-06 14:30:00-04:00,50.04999923706055,50.4900016784668,50.04999923706055,50.380001068115234,36406,0.0,0.0
2024-06-06 15:30:00-04:00,50.400001525878906,50.7400016784668,50.18000030517578,50.7400016784668,86197,0.0,0.0
2024-06-07 09:30:00-04:00,50.5,50.59000015258789,50.15999984741211,50.59000015258789,22393,0.0,0.0
2024-06-07 10:30:00-04:00,50.65399932861328,50.81999969482422,50.43000030517578,50.630001068115234,16388,0.0,0.0
2024-06-07 11:30:00-04:00,50.564998626708984,50.59000015258789,50.380001068115234,50.5099983215332,7105,0.0,0.0
2024-06-07 12:30:00-04:00,50.529998779296875,50.58000183105469,50.33000183105469,50.45000076293945,18078,0.0,0.0
2024-06-07 13:30:00-04:00,50.540000915527344,50.59000015258789,50.27000045776367,50.439998626708984,13055,0.0,0.0
2024-06-07 14:30:00-04:00,50.40999984741211,50.595001220703125,50.310001373291016,50.345001220703125,19964,0.0,0.0
2024-06-07 15:30:00-04:00,50.349998474121094,50.52000045776367,50.310001373291016,50.400001525878906,42317,0.0,0.0
2024-06-10 09:30:00-04:00,49.970001220703125,50.099998474121094,49.63999938964844,49.63999938964844,18893,0.0,0.0
2024-06-10 10:30:00-04:00,49.64070129394531,50.099998474121094,49.62300109863281,50.09000015258789,14914,0.0,0.0
2024-06-10 11:30:00-04:00,50.09000015258789,50.40999984741211,50.06999969482422,50.380001068115234,21507,0.0,0.0
2024-06-10 12:30:00-04:00,50.439998626708984,50.54999923706055,50.40999984741211,50.54999923706055,24332,0.0,0.0
2024-06-10 13:30:00-04:00,50.5099983215332,50.7400016784668,50.43000030517578,50.45000076293945,15751,0.0,0.0
2024-06-10 14:30:00-04:00,50.47999954223633,50.70000076293945,50.435001373291016,50.540000915527344,34598,0.0,0.0
2024-06-10 15:30:00-04:00,50.5099983215332,50.709999084472656,50.45000076293945,50.709999084472656,60153,0.0,0.0
2024-06-11 09:30:00-04:00,50.45000076293945,50.45000076293945,49.959999084472656,50.435001373291016,38824,0.0,0.0
2024-06-11 10:30:00-04:00,50.39500045776367,50.63999938964844,50.33000183105469,50.5,14412,0.0,0.0
2024-06-11 11:30:00-04:00,50.5099983215332,50.65999984741211,50.29999923706055,50.65999984741211,19189,0.0,0.0
2024-06-11 12:30:00-04:00,50.66999816894531,50.75,50.43000030517578,50.61000061035156,15037,0.0,0.0
2024-06-11 13:30:00-04:00,50.63999938964844,50.86000061035156,50.619998931884766,50.79999923706055,20615,0.0,0.0
2024-06-11 14:30:00-04:00,50.81999969482422,50.81999969482422,50.66999816894531,50.7400016784668,40710,0.0,0.0
2024-06-11 15:30:00-04:00,50.72999954223633,50.72999954223633,50.459999084472656,50.685001373291016,51737,0.0,0.0
2024-06-12 09:30:00-04:00,51.77000045776367,52.755001068115234,51.77000045776367,52.279998779296875,44841,0.0,0.0
2024-06-12 10:30:00-04:00,52.19599914550781,52.4900016784668,51.95000076293945,51.9900016784668,44567,0.0,0.0
2024-06-12 11:30:00-04:00,52.029998779296875,52.064998626708984,51.869998931884766,51.95000076293945,32318,0.0,0.0
2024-06-12 12:30:00-04:00,51.970001220703125,52.380001068115234,51.93000030517578,52.310001373291016,45596,0.0,0.0
2024-06-12 13:30:00-04:00,52.22999954223633,52.560001373291016,52.17499923706055,52.560001373291016,24292,0.0,0.0
2024-06-12 14:30:00-04:00,52.595001220703125,52.59749984741211,51.77000045776367,51.79999923706055,46483,0.0,0.0
2024-06-12 15:30:00-04:00,51.7599983215332,51.959999084472656,51.59000015258789,51.880001068115234,101379,0.0,0.0
2024-06-13 09:30:00-04:00,51.720001220703125,52.29999923706055,51.61000061035156,51.869998931884766,37112,0.0,0.0
2024-06-13 10:30:00-04:00,51.86000061035156,52.0077018737793,51.59000015258789,51.93000030517578,35054,0.0,0.0
2024-06-13 11:30:00-04:00,51.939998626708984,52.060001373291016,51.869998931884766,51.97999954223633,35602,0.0,0.0
2024-06-13 12:30:00-04:00,52.02000045776367,52.4900016784668,52.02000045776367,52.189998626708984,26103,0.0,0.0
2024-06-13 13:30:00-04:00,52.150001525878906,52.439998626708984,52.13999938964844,52.439998626708984,33715,0.0,0.0
2024-06-13 14:30:00-04:00,52.38999938964844,52.63999938964844,52.369998931884766,52.63999938964844,59471,0.0,0.0
2024-06-13 15:30:00-04:00,52.59000015258789,52.599998474121094,52.38600158691406,52.564998626708984,76314,0.0,0.0
2024-06-14 09:30:00-04:00,51.90999984741211,51.90999984741211,50.834999084472656,51.209999084472656,30173,0.0,0.0
2024-06-14 10:30:00-04:00,51.20500183105469,51.20500183105469,50.90999984741211,50.9900016784668,22443,0.0,0.0
2024-06-14 11:30:00-04:00,50.91999816894531,51.27000045776367,50.78499984741211,51.18000030517578,21803,0.0,0.0
2024-06-14 12:30:00-04:00,51.150001525878906,51.400001525878906,51.07109832763672,51.400001525878906,19106,0.0,0.0
2024-06-14 13:30:00-04:00,51.369998931884766,51.4900016784668,51.04999923706055,51.08000183105469,34006,0.0,0.0
2024-06-14 14:30:00-04:00,51.060001373291016,51.45000076293945,51.060001373291016,51.42499923706055,29684,0.0,0.0
2024-06-14 15:30:00-04:00,51.40999984741211,51.560001373291016,51.22999954223633,51.529998779296875,138234,0.0,0.0
2024-06-17 09:30:00-04:00,51.43000030517578,51.83829879760742,51.165000915527344,51.39500045776367,17347,0.0,0.0
2024-06-17 10:30:00-04:00,51.459999084472656,51.75,51.459999084472656,51.75,14444,0.0,0.0
2024-06-17 11:30:00-04:00,51.755001068115234,52.09000015258789,51.7400016784668,52.09000015258789,17440,0.0,0.0
2024-06-17 12:30:00-04:00,52.02000045776367,52.33000183105469,51.94499969482422,52.244998931884766,27108,0.0,0.0
2024-06-17 13:30:00-04:00,52.20000076293945,52.71500015258789,52.20000076293945,52.58000183105469,30432,0.0,0.0
2024-06-17 14:30:00-04:00,52.564998626708984,52.6599006652832,52.39500045776367,52.54999923706055,38774,0.0,0.0
2024-06-17 15:30:00-04:00,52.599998474121094,52.63999938964844,52.439998626708984,52.4900016784668,63965,0.0,0.0
2024-06-18 09:30:00-04:00,52.45000076293945,52.84000015258789,51.849998474121094,51.915000915527344,20967,0.0,0.0
2024-06-18 10:30:00-04:00,51.9900016784668,52.08000183105469,51.47999954223633,51.974998474121094,24454,0.0,0.0
2024-06-18 11:30:00-04:00,51.96500015258789,52.220001220703125,51.96500015258789,52.209999084472656,18324,0.0,0.0
2024-06-18 12:30:00-04:00,52.18000030517578,52.189998626708984,52.0099983215332,52.0099983215332,15586,0.0,0.0
2024-06-18 13:30:00-04:00,52.040000915527344,52.27000045776367,52.002498626708984,52.08000183105469,22393,0.0,0.0
2024-06-18 14:30:00-04:00,52.060001373291016,52.15999984741211,51.95000076293945,52.04999923706055,31459,0.0,0.0
2024-06-18 15:30:00-04:00,52.060001373291016,52.26499938964844,52.040000915527344,52.189998626708984,59877,0.0,0.0
2024-06-20 09:30:00-04:00,52.119998931884766,52.915000915527344,51.41999816894531,52.44770050048828,22583,0.0,0.0
2024-06-20 10:30:00-04:00,52.380001068115234,52.43000030517578,52.11000061035156,52.15999984741211,35124,0.0,0.0
2024-06-20 11:30:00-04:00,52.220001220703125,52.46500015258789,52.130001068115234,52.130001068115234,18264,0.0,0.0
2024-06-20 12:30:00-04:00,52.119998931884766,52.34000015258789,52.09000015258789,52.220001220703125,17909,0.0,0.0
2024-06-20 13:30:00-04:00,52.209999084472656,52.220001220703125,52.040000915527344,52.099998474121094,21089,0.0,0.0
2024-06-20 14:30:00-04:00,52.13999938964844,52.220001220703125,51.755001068115234,51.900001525878906,41418,0.0,0.0
2024-06-20 15:30:00-04:00,51.91999816894531,51.93000030517578,51.59000015258789,51.72999954223633,73552,0.0,0.0
2024-06-21 09:30:00-04:00,52.0,52.61000061035156,51.75,52.543800354003906,93665,0.0,0.0
2024-06-21 10:30:00-04:00,52.58000183105469,52.65999984741211,52.380001068115234,52.48500061035156,13155,0.0,0.0
2024-06-21 11:30:00-04:00,52.47999954223633,52.47999954223633,52.13999938964844,52.150001525878906,13881,0.0,0.0
2024-06-21 12:30:00-04:00,52.18000030517578,52.2599983215332,52.125,52.15999984741211,15778,0.0,0.0
2024-06-21 13:30:00-04:00,52.209999084472656,52.279998779296875,52.130001068115234,52.279998779296875,10306,0.0,0.0
2024-06-21 14:30:00-04:00,52.349998474121094,52.599998474121094,52.31999969482422,52.459999084472656,41300,0.0,0.0
2024-06-21 15:30:00-04:00,52.459999084472656,52.82500076293945,52.400001525878906,52.810001373291016,56888,0.0,0.0
2024-06-24 09:30:00-04:00,52.630001068115234,53.40999984741211,52.459999084472656,53.185001373291016,40163,0.0,0.0
2024-06-24 10:30:00-04:00,53.224998474121094,53.599998474121094,53.15999984741211,53.4901008605957,41941,0.0,0.0
2024-06-24 11:30:00-04:00,53.53499984741211,53.54999923706055,53.08000183105469,53.28499984741211,78990,0.0,0.0
2024-06-24 12:30:00-04:00,53.28499984741211,53.290000915527344,52.880001068115234,52.939998626708984,30685,0.0,0.0
2024-06-24 13:30:00-04:00,52.91999816894531,52.9900016784668,52.53499984741211,52.630001068115234,54838,0.0,0.0
2024-06-24 14:30:00-04:00,52.56999969482422,53.0099983215332,52.56999969482422,52.709999084472656,61747,0.0,0.0
2024-06-24 15:30:00-04:00,52.720001220703125,52.7599983215332,52.45000076293945,52.45000076293945,82687,0.0,0.0
2024-06-25 09:30:00-04:00,52.34000015258789,52.90999984741211,51.900001525878906,52.849998474121094,39114,0.0,0.0
2024-06-25 10:30:00-04:00,52.599998474121094,52.6349983215332,52.09000015258789,52.150001525878906,26280,0.0,0.0
2024-06-25 11:30:00-04:00,52.16999816894531,52.54999923706055,52.1150016784668,52.189998626708984,38246,0.0,0.0
2024-06-25 12:30:00-04:00,52.16999816894531,52.5099983215332,52.16999816894531,52.4900016784668,19909,0.0,0.0
2024-06-25 13:30:00-04:00,52.459999084472656,52.70500183105469,52.31999969482422,52.70500183105469,25317,0.0,0.0
2024-06-25 14:30:00-04:00,52.69499969482422,52.95000076293945,52.540000915527344,52.89500045776367,56689,0.0,0.0
2024-06-25 15:30:00-04:00,52.88999938964844,52.88999938964844,52.452999114990234,52.65999984741211,84477,0.0,0.0
2024-06-26 09:30:00-04:00,52.54999923706055,52.70000076293945,52.150001525878906,52.224998474121094,40415,0.0,0.0
2024-06-26 10:30:00-04:00,52.09000015258789,53.0099983215332,52.09000015258789,53.0099983215332,43216,0.0,0.0
2024-06-26 11:30:00-04:00,52.880001068115234,53.03499984741211,52.77000045776367,52.900001525878906,13922,0.0,0.0
2024-06-26 12:30:00-04:00,52.88999938964844,53.060001373291016,52.84000015258789,52.939998626708984,10800,0.0,0.0
2024-06-26 13:30:00-04:00,52.900001525878906,53.0,52.82500076293945,52.974998474121094,15712,0.0,0.0
2024-06-26 14:30:00-04:00,52.970001220703125,53.02000045776367,52.810001373291016,52.875,25516,0.0,0.0
2024-06-26 15:30:00-04:00,52.85100173950195,53.02000045776367,52.85100173950195,53.0099983215332,60667,0.0,0.0
2024-06-27 09:30:00-04:00,53.290000915527344,53.650001525878906,52.720001220703125,53.270999908447266,45999,0.0,0.0
2024-06-27 10:30:00-04:00,53.459999084472656,53.59000015258789,53.16999816894531,53.3650016784668,19320,0.0,0.0
2024-06-27 11:30:00-04:00,53.3650016784668,53.880001068115234,53.18000030517578,53.8650016784668,36417,0.0,0.0
2024-06-27 12:30:00-04:00,53.88999938964844,54.439998626708984,53.880001068115234,54.41999816894531,46581,0.0,0.0
2024-06-27 13:30:00-04:00,54.439998626708984,54.619998931884766,54.185001373291016,54.40999984741211,56734,0.0,0.0
2024-06-27 14:30:00-04:00,54.349998474121094,54.599998474121094,54.25,54.56999969482422,67711,0.0,0.0
2024-06-27 15:30:00-04:00,54.56999969482422,54.7599983215332,54.540000915527344,54.72999954223633,96672,0.0,0.0
2024-06-28 09:30:00-04:00,54.97999954223633,55.27000045776367,54.38999938964844,55.0,23151,0.0,0.0
2024-06-28 10:30:00-04:00,55.0,55.63999938964844,55.0,55.16999816894531,29887,0.0,0.0
2024-06-28 11:30:00-04:00,55.13999938964844,55.48500061035156,55.119998931884766,55.189998626708984,56362,0.0,0.0
2024-06-28 12:30:00-04:00,55.18000030517578,55.29999923706055,55.0099983215332,55.189998626708984,39833,0.0,0.0
2024-06-28 13:30:00-04:00,55.189998626708984,55.189998626708984,54.904998779296875,55.08000183105469,31467,0.0,0.0
2024-06-28 14:30:00-04:00,55.04999923706055,55.04999923706055,54.7599983215332,54.880001068115234,33994,0.0,0.0
2024-06-28 15:30:00-04:00,54.84000015258789,55.040000915527344,54.654998779296875,54.939998626708984,85411,0.0,0.0
2024-07-01 09:30:00-04:00,54.86000061035156,55.09000015258789,54.0099983215332,54.06999969482422,38085,0.0,0.0
2024-07-01 10:30:00-04:00,53.97999954223633,54.025001525878906,53.65999984741211,53.83000183105469,25634,0.0,0.0
2024-07-01 11:30:00-04:00,53.89500045776367,53.970001220703125,53.720001220703125,53.720001220703125,26912,0.0,0.0
2024-07-01 12:30:00-04:00,53.720001220703125,53.76499938964844,53.599998474121094,53.66999816894531,20339,0.0,0.0
2024-07-01 13:30:00-04:00,53.61000061035156,53.63999938964844,53.29999923706055,53.33000183105469,29978,0.0,0.0
2024-07-01 14:30:00-04:00,53.314998626708984,53.56999969482422,53.290000915527344,53.459999084472656,38937,0.0,0.0
2024-07-01 15:30:00-04:00,53.44499969482422,53.849998474121094,53.400001525878906,53.849998474121094,89037,0.0,0.0
2024-07-02 09:30:00-04:00,53.81999969482422,54.130001068115234,53.08000183105469,53.290000915527344,67700,0.0,0.0
2024-07-02 10:30:00-04:00,53.20500183105469,53.69499969482422,53.20500183105469,53.69499969482422,34887,0.0,0.0
2024-07-02 11:30:00-04:00,53.665000915527344,53.79999923706055,53.51499938964844,53.7400016784668,23349,0.0,0.0
2024-07-02 12:30:00-04:00,53.7400016784668,53.900001525878906,53.689998626708984,53.86989974975586,21518,0.0,0.0
2024-07-02 13:30:00-04:00,53.810001373291016,53.97999954223633,53.619998931884766,53.91999816894531,16976,0.0,0.0
2024-07-02 14:30:00-04:00,53.90999984741211,53.93000030517578,53.66999816894531,53.744998931884766,23742,0.0,0.0
2024-07-02 15:30:00-04:00,53.77000045776367,53.91999816894531,53.63999938964844,53.849998474121094,67987,0.0,0.0
2024-07-03 09:30:00-04:00,54.189998626708984,55.290000915527344,53.99489974975586,55.25279998779297,28163,0.0,0.0
2024-07-03 10:30:00-04:00,55.18000030517578,55.26499938964844,54.775001525878906,54.86000061035156,23287,0.0,0.0
2024-07-03 11:30:00-04:00,54.77000045776367,54.77000045776367,54.22999954223633,54.2599983215332,15883,0.0,0.0
2024-07-05 09:30:00-04:00,53.959999084472656,54.345001220703125,53.689998626708984,53.709999084472656,0,0.0,0.0
2024-07-05 10:30:00-04:00,53.71699905395508,53.90999984741211,53.65999984741211,53.72999954223633,18859,0.0,0.0
2024-07-05 11:30:00-04:00,53.65999984741211,53.70500183105469,53.42499923706055,53.494998931884766,17616,0.0,0.0
2024-07-05 12:30:00-04:00,53.4900016784668,53.599998474121094,53.43000030517578,53.529998779296875,15419,0.0,0.0
2024-07-05 13:30:00-04:00,53.52000045776367,53.849998474121094,53.470001220703125,53.849998474121094,20908,0.0,0.0
2024-07-05 14:30:00-04:00,53.90999984741211,54.130001068115234,53.7400016784668,53.97999954223633,30947,0.0,0.0
2024-07-05 15:30:00-04:00,54.02000045776367,54.36000061035156,53.9900016784668,54.279998779296875,57950,0.0,0.0
2024-07-08 09:30:00-04:00,55.970001220703125,55.970001220703125,54.682498931884766,54.9900016784668,27846,0.0,0.0
2024-07-08 10:30:00-04:00,54.86000061035156,55.119998931884766,54.71179962158203,54.9900016784668,17614,0.0,0.0
2024-07-08 11:30:00-04:00,54.97999954223633,55.18000030517578,54.900001525878906,55.154998779296875,23484,0.0,0.0
2024-07-08 12:30:00-04:00,55.20000076293945,55.5099983215332,55.18000030517578,55.470001220703125,22628,0.0,0.0
2024-07-08 13:30:00-04:00,55.45000076293945,55.5,55.15999984741211,55.209999084472656,24864,0.0,0.0
2024-07-08 14:30:00-04:00,55.209999084472656,55.34000015258789,55.16999816894531,55.29999923706055,28876,0.0,0.0
2024-07-08 15:30:00-04:00,55.27000045776367,55.58000183105469,55.2599983215332,55.56999969482422,86793,0.0,0.0
2024-07-09 09:30:00-04:00,55.72999954223633,55.72999954223633,55.2599983215332,55.63999938964844,79641,0.0,0.0
2024-07-09 10:30:00-04:00,55.63999938964844,55.93000030517578,55.540000915527344,55.90999984741211,16575,0.0,0.0
2024-07-09 11:30:00-04:00,55.875,56.189998626708984,55.810001373291016,56.14500045776367,31397,0.0,0.0
2024-07-09 12:30:00-04:00,56.099998474121094,56.47999954223633,55.939998626708984,56.380001068115234,19628,0.0,0.0
2024-07-09 13:30:00-04:00,56.38999938964844,56.41999816894531,55.880001068115234,55.904998779296875,25836,0.0,0.0
2024-07-09 14:30:00-04:00,55.8849983215332,55.92499923706055,55.584999084472656,55.92499923706055,30117,0.0,0.0
2024-07-09 15:30:00-04:00,55.92300033569336,55.93000030517578,55.72999954223633,55.779998779296875,61137,0.0,0.0
2024-07-10 09:30:00-04:00,56.209999084472656,56.7400016784668,56.102500915527344,56.7400016784668,38764,0.0,0.0
2024-07-10 10:30:00-04:00,56.75,57.04999923706055,56.625,56.779998779296875,34320,0.0,0.0
2024-07-10 11:30:00-04:00,56.77799987792969,57.095001220703125,56.77799987792969,57.06999969482422,39896,0.0,0.0
2024-07-10 12:30:00-04:00,57.060001373291016,57.13999938964844,56.90999984741211,57.08000183105469,16707,0.0,0.0
2024-07-10 13:30:00-04:00,57.04999923706055,57.15999984741211,56.95000076293945,57.039100646972656,18463,0.0,0.0
2024-07-10 14:30:00-04:00,57.064998626708984,57.380001068115234,57.029998779296875,57.380001068115234,35940,0.0,0.0
2024-07-10 15:30:00-04:00,57.43000030517578,57.459999084472656,56.970001220703125,57.08000183105469,78064,0.0,0.0
2024-07-11 09:30:00-04:00,58.09000015258789,59.0,56.93000030517578,59.0,89737,0.0,0.0
2024-07-11 10:30:00-04:00,59.07500076293945,59.20000076293945,58.540000915527344,59.02000045776367,36020,0.0,0.0
2024-07-11 11:30:00-04:00,58.869998931884766,58.869998931884766,58.220001220703125,58.400001525878906,25820,0.0,0.0
2024-07-11 12:30:00-04:00,58.400001525878906,58.400001525878906,58.040000915527344,58.400001525878906,42294,0.0,0.0
2024-07-11 13:30:00-04:00,58.51499938964844,58.66999816894531,58.09000015258789,58.09000015258789,50066,0.0,0.0
2024-07-11 14:30:00-04:00,58.119998931884766,58.65999984741211,58.09000015258789,58.54499816894531,37394,0.0,0.0
2024-07-11 15:30:00-04:00,58.5348014831543,58.810001373291016,58.400001525878906,58.77000045776367,84523,0.0,0.0
2024-07-12 09:30:00-04:00,59.33000183105469,60.16999816894531,56.720001220703125,60.06999969482422,44047,0.0,0.0
2024-07-12 10:30:00-04:00,60.130001068115234,60.150001525878906,59.56999969482422,59.83000183105469,78549,0.0,0.0
2024-07-12 11:30:00-04:00,59.810001373291016,59.90999984741211,59.18000030517578,59.18000030517578,27498,0.0,0.0
2024-07-12 12:30:00-04:00,59.130001068115234,59.57500076293945,59.130001068115234,59.57500076293945,21119,0.0,0.0
2024-07-12 13:30:00-04:00,59.52000045776367,59.689998626708984,59.290000915527344,59.33000183105469,71115,0.0,0.0
2024-07-12 14:30:00-04:00,59.38999938964844,59.630001068115234,59.25,59.36000061035156,79131,0.0,0.0
2024-07-12 15:30:00-04:00,59.369998931884766,59.45000076293945,58.81999969482422,58.88999938964844,142916,0.0,0.0
2024-07-15 09:30:00-04:00,59.209999084472656,59.3849983215332,58.38639831542969,58.915000915527344,118996,0.0,0.0
2024-07-15 10:30:00-04:00,58.86000061035156,59.290000915527344,58.72999954223633,59.220001220703125,49460,0.0,0.0
2024-07-15 11:30:00-04:00,59.189998626708984,59.31999969482422,58.939998626708984,58.95000076293945,35596,0.0,0.0
2024-07-15 12:30:00-04:00,58.93000030517578,59.154998779296875,58.900001525878906,59.060001373291016,66544,0.0,0.0
2024-07-15 13:30:00-04:00,59.10749816894531,59.7599983215332,58.97999954223633,59.619998931884766,21305,0.0,0.0
2024-07-15 14:30:00-04:00,59.52000045776367,59.900001525878906,59.52000045776367,59.7599983215332,41405,0.0,0.0
2024-07-15 15:30:00-04:00,59.77000045776367,59.970001220703125,59.61000061035156,59.810001373291016,85288,0.0,0.0
2024-07-16 09:30:00-04:00,60.599998474121094,60.72999954223633,59.7400016784668,59.900001525878906,112859,0.0,0.0
2024-07-16 10:30:00-04:00,60.05500030517578,60.584999084472656,59.959999084472656,60.4900016784668,59521,0.0,0.0
2024-07-16 11:30:00-04:00,60.529998779296875,61.130001068115234,60.35499954223633,61.060001373291016,120117,0.0,0.0
2024-07-16 12:30:00-04:00,61.09000015258789,61.209999084472656,60.81999969482422,61.095001220703125,26318,0.0,0.0
2024-07-16 13:30:00-04:00,61.03499984741211,61.165000915527344,60.91999816894531,61.029998779296875,59136,0.0,0.0
2024-07-16 14:30:00-04:00,61.025001525878906,61.619998931884766,61.02000045776367,61.560001373291016,74017,0.0,0.0
2024-07-16 15:30:00-04:00,61.560001373291016,61.72999954223633,61.22999954223633,61.22999954223633,114644,0.0,0.0
2024-07-17 09:30:00-04:00,60.41999816894531,61.3849983215332,60.41999816894531,61.150001525878906,30592,0.0,0.0
2024-07-17 10:30:00-04:00,61.18000030517578,61.369998931884766,60.9900016784668,61.15999984741211,25670,0.0,0.0
2024-07-17 11:30:00-04:00,61.224998474121094,61.290000915527344,60.619998931884766,60.619998931884766,31700,0.0,0.0
2024-07-17 12:30:00-04:00,60.689998626708984,60.91999816894531,60.66999816894531,60.8650016784668,21942,0.0,0.0
2024-07-17 13:30:00-04:00,60.95500183105469,61.06999969482422,60.70000076293945,60.95000076293945,35119,0.0,0.0
2024-07-17 14:30:00-04:00,60.91999816894531,61.130001068115234,60.78499984741211,60.845001220703125,41727,0.0,0.0
2024-07-17 15:30:00-04:00,60.849998474121094,60.970001220703125,60.630001068115234,60.95000076293945,60038,0.0,0.0
2024-07-18 09:30:00-04:00,60.43000030517578,61.150001525878906,60.43000030517578,60.619998931884766,101482,0.0,0.0
2024-07-18 10:30:00-04:00,60.6349983215332,60.6349983215332,59.77750015258789,59.849998474121094,31172,0.0,0.0
2024-07-18 11:30:00-04:00,59.849998474121094,60.02000045776367,59.42100143432617,59.470001220703125,34994,0.0,0.0
2024-07-18 12:30:00-04:00,59.50310134887695,59.70000076293945,59.36000061035156,59.40999984741211,23854,0.0,0.0
2024-07-18 13:30:00-04:00,59.470001220703125,59.65999984741211,59.0099983215332,59.0099983215332,27509,0.0,0.0
2024-07-18 14:30:00-04:00,58.96500015258789,59.0099983215332,58.540000915527344,58.540000915527344,24571,0.0,0.0
2024-07-18 15:30:00-04:00,58.54999923706055,58.84000015258789,58.47999954223633,58.81999969482422,60556,0.0,0.0
2024-07-19 09:30:00-04:00,58.95000076293945,59.244998931884766,56.0,58.81999969482422,38875,0.0,0.0
2024-07-19 10:30:00-04:00,58.900001525878906,59.04999923706055,58.689998626708984,58.7400016784668,22471,0.0,0.0
2024-07-19 11:30:00-04:00,58.724998474121094,59.06999969482422,58.630001068115234,58.915000915527344,9398,0.0,0.0
2024-07-19 12:30:00-04:00,58.97999954223633,59.040000915527344,58.77000045776367,58.77000045776367,13378,0.0,0.0
2024-07-19 13:30:00-04:00,58.7400016784668,58.97999954223633,58.66999816894531,58.790000915527344,19301,0.0,0.0
2024-07-19 14:30:00-04:00,58.84000015258789,59.150001525878906,58.7400016784668,59.03499984741211,33924,0.0,0.0
2024-07-19 15:30:00-04:00,59.060001373291016,59.099998474121094,58.880001068115234,59.040000915527344,63477,0.0,0.0
2024-07-22 09:30:00-04:00,59.4900016784668,59.994998931884766,58.349998474121094,58.75,30186,0.0,0.0
2024-07-22 10:30:00-04:00,58.8650016784668,59.334999084472656,58.84000015258789,59.16999816894531,30493,0.0,0.0
2024-07-22 11:30:00-04:00,59.15999984741211,59.3025016784668,59.0099983215332,59.2400016784668,23528,0.0,0.0
2024-07-22 12:30:00-04:00,59.275001525878906,59.65999984741211,59.130001068115234,59.5,62549,0.0,0.0
2024-07-22 13:30:00-04:00,59.57500076293945,59.61000061035156,59.2400016784668,59.42499923706055,39776,0.0,0.0
2024-07-22 14:30:00-04:00,59.43000030517578,59.5099983215332,59.029998779296875,59.029998779296875,298389,0.0,0.0
2024-07-22 15:30:00-04:00,59.040000915527344,59.10499954223633,58.8849983215332,58.9900016784668,187808,0.0,0.0
2024-07-23 09:30:00-04:00,58.540000915527344,59.34989929199219,58.08000183105469,58.470001220703125,131839,0.0,0.0
2024-07-23 10:30:00-04:00,58.470001220703125,58.70000076293945,58.130001068115234,58.66999816894531,34326,0.0,0.0
2024-07-23 11:30:00-04:00,58.67499923706055,58.88999938964844,58.52000045776367,58.65999984741211,57025,0.0,0.0
2024-07-23 12:30:00-04:00,58.65999984741211,58.912498474121094,58.58000183105469,58.912498474121094,39874,0.0,0.0
2024-07-23 13:30:00-04:00,58.84000015258789,59.400001525878906,58.689998626708984,59.29499816894531,165953,0.0,0.0
2024-07-23 14:30:00-04:00,59.25,60.5,59.209999084472656,60.5,214825,0.0,0.0
2024-07-23 15:30:00-04:00,60.505001068115234,61.06999969482422,60.25,60.84000015258789,236599,0.0,0.0
2024-07-24 09:30:00-04:00,56.04710006713867,58.654998779296875,56.04710006713867,56.77000045776367,226254,0.0,0.0
2024-07-24 10:30:00-04:00,56.68000030517578,58.19499969482422,56.369998931884766,57.09000015258789,153064,0.0,0.0
2024-07-24 11:30:00-04:00,57.11000061035156,58.02000045776367,56.58000183105469,57.869998931884766,96352,0.0,0.0
2024-07-24 12:30:00-04:00,57.93000030517578,58.209999084472656,57.375,58.0,88688,0.0,0.0
2024-07-24 13:30:00-04:00,57.900001525878906,58.06999969482422,57.650001525878906,57.91999816894531,116847,0.0,0.0
2024-07-24 14:30:00-04:00,57.92499923706055,58.08000183105469,57.494998931884766,57.61000061035156,139423,0.0,0.0
2024-07-24 15:30:00-04:00,57.43000030517578,57.474998474121094,56.209999084472656,56.310001373291016,221158,0.0,0.0
2024-07-25 09:30:00-04:00,56.93000030517578,57.22999954223633,55.790000915527344,57.22999954223633,55433,0.0,0.0
2024-07-25 10:30:00-04:00,57.09000015258789,58.060001373291016,57.09000015258789,57.63999938964844,74112,0.0,0.0
2024-07-25 11:30:00-04:00,57.63999938964844,58.15999984741211,57.5,58.095001220703125,34121,0.0,0.0
2024-07-25 12:30:00-04:00,58.029998779296875,58.04999923706055,57.59000015258789,57.61000061035156,49245,0.0,0.0
2024-07-25 13:30:00-04:00,57.619998931884766,57.619998931884766,57.0099983215332,57.084999084472656,66880,0.0,0.0
2024-07-25 14:30:00-04:00,57.064998626708984,57.20000076293945,56.7400016784668,56.90999984741211,75574,0.0,0.0
2024-07-25 15:30:00-04:00,56.91999816894531,57.07500076293945,56.45000076293945,56.47999954223633,150348,0.0,0.0
2024-07-26 09:30:00-04:00,57.86000061035156,58.494998931884766,57.27830123901367,58.380001068115234,39393,0.0,0.0
2024-07-26 10:30:00-04:00,58.13999938964844,58.13999938964844,57.20000076293945,57.2599983215332,35083,0.0,0.0
2024-07-26 11:30:00-04:00,57.2599983215332,57.71189880371094,57.22999954223633,57.560001373291016,32339,0.0,0.0
2024-07-26 12:30:00-04:00,57.54999923706055,57.880001068115234,57.5099983215332,57.540000915527344,23718,0.0,0.0
2024-07-26 13:30:00-04:00,57.61000061035156,57.61000061035156,57.060001373291016,57.439998626708984,28644,0.0,0.0
2024-07-26 14:30:00-04:00,57.45000076293945,57.81999969482422,57.310001373291016,57.459999084472656,51928,0.0,0.0
2024-07-26 15:30:00-04:00,57.38999938964844,57.790000915527344,57.290000915527344,57.779998779296875,110831,0.0,0.0
2024-07-29 09:30:00-04:00,58.04999923706055,58.83000183105469,57.814998626708984,58.307498931884766,64595,0.0,0.0
2024-07-29 10:30:00-04:00,58.22999954223633,58.22999954223633,57.587100982666016,57.587100982666016,74673,0.0,0.0
2024-07-29 11:30:00-04:00,57.69499969482422,58.0,57.5099983215332,57.86000061035156,46514,0.0,0.0
2024-07-29 12:30:00-04:00,57.849998474121094,58.0,57.75,57.779998779296875,39056,0.0,0.0
2024-07-29 13:30:00-04:00,57.650001525878906,58.0,57.52000045776367,57.92499923706055,42265,0.0,0.0
2024-07-29 14:30:00-04:00,57.91999816894531,58.45000076293945,57.84000015258789,58.36000061035156,86901,0.0,0.0
2024-07-29 15:30:00-04:00,58.345001220703125,58.345001220703125,57.81999969482422,58.0099983215332,134992,0.0,0.0
2024-07-30 09:30:00-04:00,58.349998474121094,58.7400016784668,57.70000076293945,57.88999938964844,25988,0.0,0.0
2024-07-30 10:30:00-04:00,57.91999816894531,58.040000915527344,57.58000183105469,57.72999954223633,25980,0.0,0.0
2024-07-30 11:30:00-04:00,57.75,57.75,57.11000061035156,57.54999923706055,33864,0.0,0.0
2024-07-30 12:30:00-04:00,57.54999923706055,57.630001068115234,57.20000076293945,57.369998931884766,20718,0.0,0.0
2024-07-30 13:30:00-04:00,57.279998779296875,57.560001373291016,57.25,57.529998779296875,19110,0.0,0.0
2024-07-30 14:30:00-04:00,57.36000061035156,57.529998779296875,57.275001525878906,57.459999084472656,35124,0.0,0.0
2024-07-30 15:30:00-04:00,57.439998626708984,57.68000030517578,57.220001220703125,57.220001220703125,77172,0.0,0.0
2024-07-31 09:30:00-04:00,57.5099983215332,57.90999984741211,57.029998779296875,57.4900016784668,33005,0.0,0.0
2024-07-31 10:30:00-04:00,57.400001525878906,57.68000030517578,57.16999816894531,57.654998779296875,30360,0.0,0.0
2024-07-31 11:30:00-04:00,57.68000030517578,57.849998474121094,57.540000915527344,57.7400016784668,19158,0.0,0.0
2024-07-31 12:30:00-04:00,57.75,58.18000030517578,57.7400016784668,58.02000045776367,23214,0.0,0.0
2024-07-31 13:30:00-04:00,57.9900016784668,58.01499938964844,57.5099983215332,57.744998931884766,19884,0.0,0.0
2024-07-31 14:30:00-04:00,57.810001373291016,58.47999954223633,57.18000030517578,57.36000061035156,183874,0.0,0.0
2024-07-31 15:30:00-04:00,57.29999923706055,57.529998779296875,56.91999816894531,57.0,101448,0.0,0.0
2024-08-01 09:30:00-04:00,57.279998779296875,57.279998779296875,55.61000061035156,55.61000061035156,38149,0.0,0.0
2024-08-01 10:30:00-04:00,55.70000076293945,55.83000183105469,54.5,54.86000061035156,47375,0.0,0.0
2024-08-01 11:30:00-04:00,54.810001373291016,55.2400016784668,54.810001373291016,54.959999084472656,38235,0.0,0.0
2024-08-01 12:30:00-04:00,55.03499984741211,55.03499984741211,54.40999984741211,54.40999984741211,95147,0.0,0.0
2024-08-01 13:30:00-04:00,54.369998931884766,54.72999954223633,54.099998474121094,54.5,81637,0.0,0.0
2024-08-01 14:30:00-04:00,54.4900016784668,54.54999923706055,54.11000061035156,54.27000045776367,166408,0.0,0.0
2024-08-01 15:30:00-04:00,54.27000045776367,55.130001068115234,54.060001373291016,55.0099983215332,285146,0.0,0.0
2024-08-02 09:30:00-04:00,53.56999969482422,53.56999969482422,51.5,51.5,90832,0.0,0.0
2024-08-02 10:30:00-04:00,51.4900016784668,52.61000061035156,51.40999984741211,51.60499954223633,83928,0.0,0.0
2024-08-02 11:30:00-04:00,51.560001373291016,51.869998931884766,51.459999084472656,51.84000015258789,56222,0.0,0.0
2024-08-02 12:30:00-04:00,51.81999969482422,51.959999084472656,51.380001068115234,51.553001403808594,39531,0.0,0.0
2024-08-02 13:30:00-04:00,51.47999954223633,51.93000030517578,50.904998779296875,51.84000015258789,60090,0.0,0.0
2024-08-02 14:30:00-04:00,51.845001220703125,52.2400016784668,51.779998779296875,51.9900016784668,111577,0.0,0.0
2024-08-02 15:30:00-04:00,51.9900016784668,52.14500045776367,51.41999816894531,51.54999923706055,165509,0.0,0.0
2024-08-05 09:30:00-04:00,48.92499923706055,49.334999084472656,47.29999923706055,48.04499816894531,161890,0.0,0.0
2024-08-05 10:30:00-04:00,47.90999984741211,49.18000030517578,47.81999969482422,49.029998779296875,213659,0.0,0.0
2024-08-05 11:30:00-04:00,49.05500030517578,49.79499816894531,48.83000183105469,49.75,95331,0.0,0.0
2024-08-05 12:30:00-04:00,49.709999084472656,49.709999084472656,48.9900016784668,49.595001220703125,79220,0.0,0.0
2024-08-05 13:30:00-04:00,49.619998931884766,49.68000030517578,49.05500030517578,49.25,48670,0.0,0.0
2024-08-05 14:30:00-04:00,49.31999969482422,49.970001220703125,49.06999969482422,49.880001068115234,139730,0.0,0.0
2024-08-05 15:30:00-04:00,49.96500015258789,50.02000045776367,49.58000183105469,49.630001068115234,253687,0.0,0.0
2024-08-06 09:30:00-04:00,50.75,52.29999923706055,50.5,52.0,86848,0.0,0.0
2024-08-06 10:30:00-04:00,51.95500183105469,52.470001220703125,51.2400016784668,51.2400016784668,156911,0.0,0.0
2024-08-06 11:30:00-04:00,51.310001373291016,51.91999816894531,51.290000915527344,51.77000045776367,26157,0.0,0.0
2024-08-06 12:30:00-04:00,51.744998931884766,52.04499816894531,51.5,52.04499816894531,25729,0.0,0.0
2024-08-06 13:30:00-04:00,52.04999923706055,52.90999984741211,52.04999923706055,52.90999984741211,98862,0.0,0.0
2024-08-06 14:30:00-04:00,52.869998931884766,53.33000183105469,52.599998474121094,53.08000183105469,149994,0.0,0.0
2024-08-06 15:30:00-04:00,53.07500076293945,53.13999938964844,52.599998474121094,52.65999984741211,257746,0.0,0.0
2024-08-07 09:30:00-04:00,53.90999984741211,54.119998931884766,52.915000915527344,53.0099983215332,77686,0.0,0.0
2024-08-07 10:30:00-04:00,52.97999954223633,53.5,52.88999938964844,53.29999923706055,73228,0.0,0.0
2024-08-07 11:30:00-04:00,53.29999923706055,53.36000061035156,52.9900016784668,53.34000015258789,52126,0.0,0.0
2024-08-07 12:30:00-04:00,53.290000915527344,53.45000076293945,53.0099983215332,53.290000915527344,101486,0.0,0.0
2024-08-07 13:30:00-04:00,53.345001220703125,53.540000915527344,53.150001525878906,53.46500015258789,74798,0.0,0.0
2024-08-07 14:30:00-04:00,53.47999954223633,53.790000915527344,53.290000915527344,53.599998474121094,89061,0.0,0.0
2024-08-07 15:30:00-04:00,53.564998626708984,54.08000183105469,53.5,53.689998626708984,232321,0.0,0.0
2024-08-08 09:30:00-04:00,55.54999923706055,55.54999923706055,54.060001373291016,54.625,131669,0.0,0.0
2024-08-08 10:30:00-04:00,54.54999923706055,54.54999923706055,53.724998474121094,53.724998474121094,63482,0.0,0.0
2024-08-08 11:30:00-04:00,53.775001525878906,54.540000915527344,53.68000030517578,54.45000076293945,41550,0.0,0.0
2024-08-08 12:30:00-04:00,54.43000030517578,54.8650016784668,54.310001373291016,54.775001525878906,23000,0.0,0.0
2024-08-08 13:30:00-04:00,54.7400016784668,54.93000030517578,54.64500045776367,54.70000076293945,30110,0.0,0.0
2024-08-08 14:30:00-04:00,54.7599983215332,54.84000015258789,54.2400016784668,54.2400016784668,76877,0.0,0.0
2024-08-08 15:30:00-04:00,54.209999084472656,54.720001220703125,54.150001525878906,54.720001220703125,130458,0.0,0.0
2024-08-09 09:30:00-04:00,54.63999938964844,55.290000915527344,54.11000061035156,54.564998626708984,26025,0.0,0.0
2024-08-09 10:30:00-04:00,54.5,55.310001373291016,54.5,55.09000015258789,22406,0.0,0.0
2024-08-09 11:30:00-04:00,55.0099983215332,55.04999923706055,54.7400016784668,54.90999984741211,43168,0.0,0.0
2024-08-09 12:30:00-04:00,54.900001525878906,55.2400016784668,54.79999923706055,55.189998626708984,13957,0.0,0.0
2024-08-09 13:30:00-04:00,55.16999816894531,55.29999923706055,54.81909942626953,54.82500076293945,32213,0.0,0.0
2024-08-09 14:30:00-04:00,54.779998779296875,55.40999984741211,54.779998779296875,54.970001220703125,78809,0.0,0.0
2024-08-09 15:30:00-04:00,54.91999816894531,55.02000045776367,54.650001525878906,54.91999816894531,100232,0.0,0.0
2024-08-12 09:30:00-04:00,55.0099983215332,55.0099983215332,53.86000061035156,54.185001373291016,65777,0.0,0.0
2024-08-12 10:30:00-04:00,54.040000915527344,54.6150016784668,53.9900016784668,54.189998626708984,42796,0.0,0.0
2024-08-12 11:30:00-04:00,54.150001525878906,54.40999984741211,54.060001373291016,54.18000030517578,26384,0.0,0.0
2024-08-12 12:30:00-04:00,54.22999954223633,54.279998779296875,53.939998626708984,54.13999938964844,22922,0.0,0.0
2024-08-12 13:30:00-04:00,54.15999984741211,54.19499969482422,53.959999084472656,54.099998474121094,18618,0.0,0.0
2024-08-12 14:30:00-04:00,54.04999923706055,54.060001373291016,53.869998931884766,53.9900016784668,35088,0.0,0.0
2024-08-12 15:30:00-04:00,53.970001220703125,54.130001068115234,53.900001525878906,54.11000061035156,74255,0.0,0.0
2024-08-13 09:30:00-04:00,54.20000076293945,54.20000076293945,53.40999984741211,53.56999969482422,43543,0.0,0.0
2024-08-13 10:30:00-04:00,53.56999969482422,53.70500183105469,53.36000061035156,53.380001068115234,65065,0.0,0.0
2024-08-13 11:30:00-04:00,53.43000030517578,53.619998931884766,53.34000015258789,53.529998779296875,28341,0.0,0.0
2024-08-13 12:30:00-04:00,53.5,53.84000015258789,53.4900016784668,53.77000045776367,43088,0.0,0.0
2024-08-13 13:30:00-04:00,53.810001373291016,54.0,53.66999816894531,53.863800048828125,39057,0.0,0.0
2024-08-13 14:30:00-04:00,53.869998931884766,54.04010009765625,53.79999923706055,54.01499938964844,47721,0.0,0.0
2024-08-13 15:30:00-04:00,54.02750015258789,54.189998626708984,53.880001068115234,53.880001068115234,110333,0.0,0.0
2024-08-14 09:30:00-04:00,54.2599983215332,54.55500030517578,53.5099983215332,53.7599983215332,31507,0.0,0.0
2024-08-14 10:30:00-04:00,53.720001220703125,54.16999816894531,53.470001220703125,54.06999969482422,57165,0.0,0.0
2024-08-14 11:30:00-04:00,54.06999969482422,54.20000076293945,53.880001068115234,53.91999816894531,35715,0.0,0.0
2024-08-14 12:30:00-04:00,53.958099365234375,54.380001068115234,53.91999816894531,54.150001525878906,46463,0.0,0.0
2024-08-14 13:30:00-04:00,54.13999938964844,54.33000183105469,54.040000915527344,54.290000915527344,38855,0.0,0.0
2024-08-14 14:30:00-04:00,54.279998779296875,54.71500015258789,54.209999084472656,54.65999984741211,47592,0.0,0.0
2024-08-14 15:30:00-04:00,54.630001068115234,54.79999923706055,54.41999816894531,54.47999954223633,132332,0.0,0.0
2024-08-15 09:30:00-04:00,55.13999938964844,56.470001220703125,54.619998931884766,55.540000915527344,33493,0.0,0.0
2024-08-15 10:30:00-04:00,55.564998626708984,56.08000183105469,55.38999938964844,55.900001525878906,28634,0.0,0.0
2024-08-15 11:30:00-04:00,55.8849983215332,56.0,55.77000045776367,55.959999084472656,46544,0.0,0.0
2024-08-15 12:30:00-04:00,55.90999984741211,56.0,55.790000915527344,55.880001068115234,43590,0.0,0.0
2024-08-15 13:30:00-04:00,55.875,55.939998626708984,55.650001525878906,55.70000076293945,34063,0.0,0.0
2024-08-15 14:30:00-04:00,55.7400016784668,55.93000030517578,55.70000076293945,55.834999084472656,64452,0.0,0.0
2024-08-15 15:30:00-04:00,55.814998626708984,55.84000015258789,55.52000045776367,55.709999084472656,126092,0.0,0.0
2024-08-16 09:30:00-04:00,55.41999816894531,56.040000915527344,55.079898834228516,55.720001220703125,37668,0.0,0.0
2024-08-16 10:30:00-04:00,55.7599983215332,55.95000076293945,55.56999969482422,55.880001068115234,31903,0.0,0.0
2024-08-16 11:30:00-04:00,55.900001525878906,56.10499954223633,55.81999969482422,55.869998931884766,28769,0.0,0.0
2024-08-16 12:30:00-04:00,55.8650016784668,55.9900016784668,55.689998626708984,55.72999954223633,24784,0.0,0.0
2024-08-16 13:30:00-04:00,55.7599983215332,55.790000915527344,55.459999084472656,55.4900016784668,29498,0.0,0.0
2024-08-16 14:30:00-04:00,55.4900016784668,55.79999923706055,55.47999954223633,55.69499969482422,38908,0.0,0.0
2024-08-16 15:30:00-04:00,55.68000030517578,55.7599983215332,55.52000045776367,55.56999969482422,64654,0.0,0.0
2024-08-19 09:30:00-04:00,56.0,56.220001220703125,55.869998931884766,56.01499938964844,9804,0.0,0.0
2024-08-19 10:30:00-04:00,56.099998474121094,56.29999923706055,56.005001068115234,56.19499969482422,20990,0.0,0.0
2024-08-19 11:30:00-04:00,56.19499969482422,56.19499969482422,55.90999984741211,56.150001525878906,15184,0.0,0.0
2024-08-19 12:30:00-04:00,56.11000061035156,56.29499816894531,56.0099983215332,56.099998474121094,14531,0.0,0.0
2024-08-19 13:30:00-04:00,56.099998474121094,56.20500183105469,56.060001373291016,56.09000015258789,18086,0.0,0.0
2024-08-19 14:30:00-04:00,56.1150016784668,56.25,56.06999969482422,56.15999984741211,27032,0.0,0.0
2024-08-19 15:30:00-04:00,56.150001525878906,56.25,55.869998931884766,56.2400016784668,80608,0.0,0.0
2024-08-20 09:30:00-04:00,56.31999969482422,56.40999984741211,55.790000915527344,56.0,22472,0.0,0.0
2024-08-20 10:30:00-04:00,55.970001220703125,56.41999816894531,55.86000061035156,56.380001068115234,13399,0.0,0.0
2024-08-20 11:30:00-04:00,56.38999938964844,56.64500045776367,56.290000915527344,56.349998474121094,19939,0.0,0.0
2024-08-20 12:30:00-04:00,56.34000015258789,56.349998474121094,56.029998779296875,56.029998779296875,18876,0.0,0.0
2024-08-20 13:30:00-04:00,56.05500030517578,56.2400016784668,55.959999084472656,56.20000076293945,21097,0.0,0.0
2024-08-20 14:30:00-04:00,56.16999816894531,56.27899932861328,55.959999084472656,55.959999084472656,29070,0.0,0.0
2024-08-20 15:30:00-04:00,55.93000030517578,56.095001220703125,55.72999954223633,55.84000015258789,56912,0.0,0.0
2024-08-21 09:30:00-04:00,55.90999984741211,56.400001525878906,55.810001373291016,56.040000915527344,9987,0.0,0.0
2024-08-21 10:30:00-04:00,56.13999938964844,56.39500045776367,56.029998779296875,56.20000076293945,16681,0.0,0.0
2024-08-21 11:30:00-04:00,56.2599983215332,56.26499938964844,56.0,56.150001525878906,21500,0.0,0.0
2024-08-21 12:30:00-04:00,56.13999938964844,56.13999938964844,55.88999938964844,55.98500061035156,24295,0.0,0.0
2024-08-21 13:30:00-04:00,55.97999954223633,55.98500061035156,55.68000030517578,55.75,57301,0.0,0.0
2024-08-21 14:30:00-04:00,55.75,55.81999969482422,55.29999923706055,55.41999816894531,83844,0.0,0.0
2024-08-21 15:30:00-04:00,55.400001525878906,55.5099983215332,55.09000015258789,55.40999984741211,146593,0.0,0.0
2024-08-22 09:30:00-04:00,55.599998474121094,56.089900970458984,55.06999969482422,55.11000061035156,19370,0.0,0.0
2024-08-22 10:30:00-04:00,55.06999969482422,55.290000915527344,55.06999969482422,55.154998779296875,41218,0.0,0.0
2024-08-22 11:30:00-04:00,55.130001068115234,55.25,54.88999938964844,55.13999938964844,54963,0.0,0.0
2024-08-22 12:30:00-04:00,55.154998779296875,55.279998779296875,54.91999816894531,54.959999084472656,33132,0.0,0.0
2024-08-22 13:30:00-04:00,54.959999084472656,54.974998474121094,54.65999984741211,54.779998779296875,40059,0.0,0.0
2024-08-22 14:30:00-04:00,54.78499984741211,54.85499954223633,54.560001373291016,54.595001220703125,42334,0.0,0.0
2024-08-22 15:30:00-04:00,54.595001220703125,54.95899963378906,54.595001220703125,54.75,83956,0.0,0.0
2024-08-23 09:30:00-04:00,55.31999969482422,55.880001068115234,55.13999938964844,55.875,19308,0.0,0.0
2024-08-23 10:30:00-04:00,55.935001373291016,56.369998931884766,55.66999816894531,56.279998779296875,29141,0.0,0.0
2024-08-23 11:30:00-04:00,56.35499954223633,56.35499954223633,55.83000183105469,55.88999938964844,27179,0.0,0.0
2024-08-23 12:30:00-04:00,55.92499923706055,56.001399993896484,55.81999969482422,55.875,29507,0.0,0.0
2024-08-23 13:30:00-04:00,55.90999984741211,56.099998474121094,55.900001525878906,56.029998779296875,17418,0.0,0.0
2024-08-23 14:30:00-04:00,56.03499984741211,56.150001525878906,55.95000076293945,56.060001373291016,24346,0.0,0.0
2024-08-23 15:30:00-04:00,56.040000915527344,56.27000045776367,56.0,56.220001220703125,78795,0.0,0.0
2024-08-26 09:30:00-04:00,56.83000183105469,56.959999084472656,56.29999923706055,56.65999984741211,10279,0.0,0.0
2024-08-26 10:30:00-04:00,56.58000183105469,56.65999984741211,56.02000045776367,56.064998626708984,20439,0.0,0.0
2024-08-26 11:30:00-04:00,56.099998474121094,56.25,56.040000915527344,56.11000061035156,19175,0.0,0.0
2024-08-26 12:30:00-04:00,56.09000015258789,56.345001220703125,56.07500076293945,56.16999816894531,20280,0.0,0.0
2024-08-26 13:30:00-04:00,56.130001068115234,56.1349983215332,55.86000061035156,56.029998779296875,25004,0.0,0.0
2024-08-26 14:30:00-04:00,56.064998626708984,56.17959976196289,55.93000030517578,55.93000030517578,23690,0.0,0.0
2024-08-26 15:30:00-04:00,55.93000030517578,56.060001373291016,55.83000183105469,56.04999923706055,48004,0.0,0.0
2024-08-27 09:30:00-04:00,55.81999969482422,55.81999969482422,55.2400016784668,55.744998931884766,9861,0.0,0.0
2024-08-27 10:30:00-04:00,55.779998779296875,56.209999084472656,55.77000045776367,55.959999084472656,10265,0.0,0.0
2024-08-27 11:30:00-04:00,55.939998626708984,56.08000183105469,55.85499954223633,56.02000045776367,9907,0.0,0.0
2024-08-27 12:30:00-04:00,56.02000045776367,56.275001525878906,55.94499969482422,56.275001525878906,14029,0.0,0.0
2024-08-27 13:30:00-04:00,56.31999969482422,56.56999969482422,56.2599983215332,56.45000076293945,23770,0.0,0.0
2024-08-27 14:30:00-04:00,56.400001525878906,56.54999923706055,56.31999969482422,56.45000076293945,32847,0.0,0.0
2024-08-27 15:30:00-04:00,56.43000030517578,56.435001373291016,56.09000015258789,56.11000061035156,65950,0.0,0.0
2024-08-28 09:30:00-04:00,56.150001525878906,56.32500076293945,55.709999084472656,56.2599983215332,20565,0.0,0.0
2024-08-28 10:30:00-04:00,56.349998474121094,56.63999938964844,56.279998779296875,56.529998779296875,30035,0.0,0.0
2024-08-28 11:30:00-04:00,56.599998474121094,56.810001373291016,56.564998626708984,56.810001373291016,26436,0.0,0.0
2024-08-28 12:30:00-04:00,56.79999923706055,57.599998474121094,56.779998779296875,57.54999923706055,60818,0.0,0.0
2024-08-28 13:30:00-04:00,57.540000915527344,57.6150016784668,56.630001068115234,56.630001068115234,47964,0.0,0.0
2024-08-28 14:30:00-04:00,56.630001068115234,57.474998474121094,56.630001068115234,57.39500045776367,97149,0.0,0.0
2024-08-28 15:30:00-04:00,57.38999938964844,57.38999938964844,56.81999969482422,56.9900016784668,101520,0.0,0.0
2024-08-29 09:30:00-04:00,57.400001525878906,57.83000183105469,57.060001373291016,57.7599983215332,21317,0.0,0.0
2024-08-29 10:30:00-04:00,57.7400016784668,57.970001220703125,57.35499954223633,57.849998474121094,19829,0.0,0.0
2024-08-29 11:30:00-04:00,57.869998931884766,58.16999816894531,57.83000183105469,58.130001068115234,20666,0.0,0.0
2024-08-29 12:30:00-04:00,58.06999969482422,58.119998931884766,57.880001068115234,57.90999984741211,13737,0.0,0.0
2024-08-29 13:30:00-04:00,57.915000915527344,58.099998474121094,57.86000061035156,57.88999938964844,21306,0.0,0.0
2024-08-29 14:30:00-04:00,57.810001373291016,57.94499969482422,57.56999969482422,57.810001373291016,26743,0.0,0.0
2024-08-29 15:30:00-04:00,57.84000015258789,57.88999938964844,57.599998474121094,57.779998779296875,70456,0.0,0.0
2024-08-30 09:30:00-04:00,58.0,58.20000076293945,57.54999923706055,57.66999816894531,24621,0.0,0.0
2024-08-30 10:30:00-04:00,57.63999938964844,57.86000061035156,57.45000076293945,57.53499984741211,18613,0.0,0.0
2024-08-30 11:30:00-04:00,57.22999954223633,57.564998626708984,57.209999084472656,57.48500061035156,15281,0.0,0.0
2024-08-30 12:30:00-04:00,57.41999816894531,57.619998931884766,57.29999923706055,57.4900016784668,15427,0.0,0.0
2024-08-30 13:30:00-04:00,57.54999923706055,58.005001068115234,57.54999923706055,57.98500061035156,21618,0.0,0.0
2024-08-30 14:30:00-04:00,57.97909927368164,58.13999938964844,57.875,58.13999938964844,23227,0.0,0.0
2024-08-30 15:30:00-04:00,58.13999938964844,58.380001068115234,58.09000015258789,58.349998474121094,73163,0.0,0.0
2024-09-03 09:30:00-04:00,57.7599983215332,58.599998474121094,57.7599983215332,58.45000076293945,29688,0.0,0.0
2024-09-03 10:30:00-04:00,58.349998474121094,58.54999923706055,57.7599983215332,57.81999969482422,34418,0.0,0.0
2024-09-03 11:30:00-04:00,58.0099983215332,58.16999816894531,57.2599983215332,57.34000015258789,20482,0.0,0.0
2024-09-03 12:30:00-04:00,57.27000045776367,57.36000061035156,57.08000183105469,57.150001525878906,23449,0.0,0.0
2024-09-03 13:30:00-04:00,57.060001373291016,57.060001373291016,56.650001525878906,56.650001525878906,24880,0.0,0.0
2024-09-03 14:30:00-04:00,56.689998626708984,56.9900016784668,56.630001068115234,56.79999923706055,35172,0.0,0.0
2024-09-03 15:30:00-04:00,56.7599983215332,56.84000015258789,56.45000076293945,56.779998779296875,89354,0.0,0.0
2024-09-04 09:30:00-04:00,57.06999969482422,57.845001220703125,57.029998779296875,57.810001373291016,14786,0.0,0.0
2024-09-04 10:30:00-04:00,57.97999954223633,58.29999923706055,57.77009963989258,57.92499923706055,24720,0.0,0.0
2024-09-04 11:30:00-04:00,57.84000015258789,58.029998779296875,57.810001373291016,58.0,11621,0.0,0.0
2024-09-04 12:30:00-04:00,58.1150016784668,58.1150016784668,57.880001068115234,57.95000076293945,8405,0.0,0.0
2024-09-04 13:30:00-04:00,57.81999969482422,57.81999969482422,57.58000183105469,57.66999816894531,11582,0.0,0.0
2024-09-04 14:30:00-04:00,57.65999984741211,57.81999969482422,57.470001220703125,57.81999969482422,18349,0.0,0.0
2024-09-04 15:30:00-04:00,57.779998779296875,57.81999969482422,57.43000030517578,57.61000061035156,59511,0.0,0.0
2024-09-05 09:30:00-04:00,57.83000183105469,57.97999954223633,57.22999954223633,57.41999816894531,13322,0.0,0.0
2024-09-05 10:30:00-04:00,57.38999938964844,57.546600341796875,56.970001220703125,57.202999114990234,10977,0.0,0.0
2024-09-05 11:30:00-04:00,57.09000015258789,57.20000076293945,56.90999984741211,57.084999084472656,11567,0.0,0.0
2024-09-05 12:30:00-04:00,57.08000183105469,57.16999816894531,56.85499954223633,56.880001068115234,15276,0.0,0.0
2024-09-05 13:30:00-04:00,56.86000061035156,57.290000915527344,56.845001220703125,57.20000076293945,12682,0.0,0.0
2024-09-05 14:30:00-04:00,57.17100143432617,57.349998474121094,57.01100158691406,57.13999938964844,17633,0.0,0.0
2024-09-05 15:30:00-04:00,57.15999984741211,57.400001525878906,57.029998779296875,57.400001525878906,46260,0.0,0.0
2024-09-06 09:30:00-04:00,57.5099983215332,57.86000061035156,56.2599983215332,56.279998779296875,32615,0.0,0.0
2024-09-06 10:30:00-04:00,56.27000045776367,56.435001373291016,55.65999984741211,55.65999984741211,56707,0.0,0.0
2024-09-06 11:30:00-04:00,55.65999984741211,55.815101623535156,55.310001373291016,55.31999969482422,31163,0.0,0.0
2024-09-06 12:30:00-04:00,55.369998931884766,55.70000076293945,55.22999954223633,55.41999816894531,81709,0.0,0.0
2024-09-06 13:30:00-04:00,55.474998474121094,55.59000015258789,55.15999984741211,55.30649948120117,42035,0.0,0.0
2024-09-06 14:30:00-04:00,55.27000045776367,55.56999969482422,55.119998931884766,55.5099983215332,51739,0.0,0.0
2024-09-06 15:30:00-04:00,55.5099983215332,55.526798248291016,54.9900016784668,55.06999969482422,79007,0.0,0.0
2024-09-09 09:30:00-04:00,55.2599983215332,55.689998626708984,55.2599983215332,55.619998931884766,20656,0.0,0.0
2024-09-09 10:30:00-04:00,55.58000183105469,55.599998474121094,54.849998474121094,55.154998779296875,26040,0.0,0.0
2024-09-09 11:30:00-04:00,55.22999954223633,55.51499938964844,55.09000015258789,55.45500183105469,14807,0.0,0.0
2024-09-09 12:30:00-04:00,55.4900016784668,55.5,55.27000045776367,55.43349838256836,19027,0.0,0.0
2024-09-09 13:30:00-04:00,55.44599914550781,55.44599914550781,55.02000045776367,55.13999938964844,24062,0.0,0.0
2024-09-09 14:30:00-04:00,55.099998474121094,55.11000061035156,54.900001525878906,55.040000915527344,32600,0.0,0.0
2024-09-09 15:30:00-04:00,55.02000045776367,55.09000015258789,54.650001525878906,54.709999084472656,74281,0.0,0.0
2024-09-10 09:30:00-04:00,54.59000015258789,54.59000015258789,53.369998931884766,53.47999954223633,30195,0.0,0.0
2024-09-10 10:30:00-04:00,53.459999084472656,53.64500045776367,53.275001525878906,53.40999984741211,62804,0.0,0.0
2024-09-10 11:30:00-04:00,53.36000061035156,53.36000061035156,52.52000045776367,52.630001068115234,85682,0.0,0.0
2024-09-10 12:30:00-04:00,52.69499969482422,53.41999816894531,52.69499969482422,53.35499954223633,38254,0.0,0.0
2024-09-10 13:30:00-04:00,53.31999969482422,53.790000915527344,53.31999969482422,53.790000915527344,26483,0.0,0.0
2024-09-10 14:30:00-04:00,53.79999923706055,54.220001220703125,53.77000045776367,54.20500183105469,65750,0.0,0.0
2024-09-10 15:30:00-04:00,54.18000030517578,54.18000030517578,53.77000045776367,53.790000915527344,102329,0.0,0.0
2024-09-11 09:30:00-04:00,53.79999923706055,53.849998474121094,52.64500045776367,53.209999084472656,41690,0.0,0.0
2024-09-11 10:30:00-04:00,53.209999084472656,53.349998474121094,52.84000015258789,53.349998474121094,21476,0.0,0.0
2024-09-11 11:30:00-04:00,53.290000915527344,53.52000045776367,52.8650016784668,53.060001373291016,320771,0.0,0.0
2024-09-11 12:30:00-04:00,53.0,53.47999954223633,52.88999938964844,53.130001068115234,45007,0.0,0.0
2024-09-11 13:30:00-04:00,53.130001068115234,53.290000915527344,53.09000015258789,53.290000915527344,58669,0.0,0.0
2024-09-11 14:30:00-04:00,53.279998779296875,53.54999923706055,53.11000061035156,53.14500045776367,97637,0.0,0.0
2024-09-11 15:30:00-04:00,53.18000030517578,53.58000183105469,53.11000061035156,53.45000076293945,90995,0.0,0.0
2024-09-12 09:30:00-04:00,53.86000061035156,54.095001220703125,53.380001068115234,53.91999816894531,24133,0.0,0.0
2024-09-12 10:30:00-04:00,54.099998474121094,54.13999938964844,53.869998931884766,54.0,25368,0.0,0.0
2024-09-12 11:30:00-04:00,53.959999084472656,53.96500015258789,53.470001220703125,53.474998474121094,21712,0.0,0.0
2024-09-12 12:30:00-04:00,53.470001220703125,53.83000183105469,53.34000015258789,53.7599983215332,41330,0.0,0.0
2024-09-12 13:30:00-04:00,53.775001525878906,53.84000015258789,53.630001068115234,53.66999816894531,24618,0.0,0.0
2024-09-12 14:30:00-04:00,53.64500045776367,53.64500045776367,53.400001525878906,53.54999923706055,27062,0.0,0.0
2024-09-12 15:30:00-04:00,53.529998779296875,53.650001525878906,53.47999954223633,53.63999938964844,82302,0.0,0.0
2024-09-13 09:30:00-04:00,54.18000030517578,55.150001525878906,53.974998474121094,55.150001525878906,59969,0.0,0.0
2024-09-13 10:30:00-04:00,55.060001373291016,55.45000076293945,54.900001525878906,54.900001525878906,55516,0.0,0.0
2024-09-13 11:30:00-04:00,54.900001525878906,55.2400016784668,54.58000183105469,55.09000015258789,57401,0.0,0.0
2024-09-13 12:30:00-04:00,55.08000183105469,55.119998931884766,54.880001068115234,54.9900016784668,26393,0.0,0.0
2024-09-13 13:30:00-04:00,55.029998779296875,55.029998779296875,54.439998626708984,54.439998626708984,83506,0.0,0.0
2024-09-13 14:30:00-04:00,54.380001068115234,54.45500183105469,53.81999969482422,53.97999954223633,378784,0.0,0.0
2024-09-13 15:30:00-04:00,54.0,54.31999969482422,53.94499969482422,54.20000076293945,242367,0.0,0.0
2024-09-16 09:30:00-04:00,54.13999938964844,55.0099983215332,53.56999969482422,53.56999969482422,41454,0.0,0.0
2024-09-16 10:30:00-04:00,53.61000061035156,53.810001373291016,53.3650016784668,53.619998931884766,98173,0.0,0.0
2024-09-16 11:30:00-04:00,53.66999816894531,53.66999816894531,53.02000045776367,53.20500183105469,49573,0.0,0.0
2024-09-16 12:30:00-04:00,53.18000030517578,53.279998779296875,52.98500061035156,53.09000015258789,38083,0.0,0.0
2024-09-16 13:30:00-04:00,53.029998779296875,53.29499816894531,52.650001525878906,52.650001525878906,50536,0.0,0.0
2024-09-16 14:30:00-04:00,52.650001525878906,53.17499923706055,52.125,53.165000915527344,105394,0.0,0.0
2024-09-16 15:30:00-04:00,53.130001068115234,53.33000183105469,52.91999816894531,53.15999984741211,110987,0.0,0.0
2024-09-17 09:30:00-04:00,53.72999954223633,54.974998474121094,53.20000076293945,54.68000030517578,185111,0.0,0.0
2024-09-17 10:30:00-04:00,54.619998931884766,54.619998931884766,54.20000076293945,54.349998474121094,30300,0.0,0.0
2024-09-17 11:30:00-04:00,54.400001525878906,54.43000030517578,53.974998474121094,53.98500061035156,116862,0.0,0.0
2024-09-17 12:30:00-04:00,53.994998931884766,54.029998779296875,53.52000045776367,53.939998626708984,28076,0.0,0.0
2024-09-17 13:30:00-04:00,53.89500045776367,54.15999984741211,53.75,53.83599853515625,88350,0.0,0.0
2024-09-17 14:30:00-04:00,53.845001220703125,53.880001068115234,53.56999969482422,53.7400016784668,70845,0.0,0.0
2024-09-17 15:30:00-04:00,53.790000915527344,53.81999969482422,53.470001220703125,53.63999938964844,113078,0.0,0.0
2024-09-18 09:30:00-04:00,53.72999954223633,54.31999969482422,53.61000061035156,54.09000015258789,23390,0.0,0.0
2024-09-18 10:30:00-04:00,54.040000915527344,54.70000076293945,53.959999084472656,54.400001525878906,34890,0.0,0.0
2024-09-18 11:30:00-04:00,54.31999969482422,54.44499969482422,54.18000030517578,54.18000030517578,22086,0.0,0.0
2024-09-18 12:30:00-04:00,54.290000915527344,54.439998626708984,54.02000045776367,54.439998626708984,27526,0.0,0.0
2024-09-18 13:30:00-04:00,54.54999923706055,55.31999969482422,54.25,54.9900016784668,51667,0.0,0.0
2024-09-18 14:30:00-04:00,55.11000061035156,55.79999923706055,54.224998474121094,54.334999084472656,81616,0.0,0.0
2024-09-18 15:30:00-04:00,54.2599983215332,54.470001220703125,53.7400016784668,53.95000076293945,108373,0.0,0.0
2024-09-19 09:30:00-04:00,55.2400016784668,55.66999816894531,54.58000183105469,55.220001220703125,21698,0.0,0.0
2024-09-19 10:30:00-04:00,55.310001373291016,55.38999938964844,54.600101470947266,54.709999084472656,27504,0.0,0.0
2024-09-19 11:30:00-04:00,54.6349983215332,54.6349983215332,54.349998474121094,54.41999816894531,26123,0.0,0.0
2024-09-19 12:30:00-04:00,54.4900016784668,54.7400016784668,54.43000030517578,54.61000061035156,28686,0.0,0.0
2024-09-19 13:30:00-04:00,54.65999984741211,54.70000076293945,54.25,54.369998931884766,21754,0.0,0.0
2024-09-19 14:30:00-04:00,54.380001068115234,54.380001068115234,54.0099983215332,54.095001220703125,61476,0.0,0.0
2024-09-19 15:30:00-04:00,54.084999084472656,54.290000915527344,53.959999084472656,54.25,111634,0.0,0.0
2024-09-20 09:30:00-04:00,53.41999816894531,53.970001220703125,53.41999816894531,53.6349983215332,124289,0.0,0.0
2024-09-20 10:30:00-04:00,53.58000183105469,53.6349983215332,52.36000061035156,52.45500183105469,41034,0.0,0.0
2024-09-20 11:30:00-04:00,52.462501525878906,53.1349983215332,52.34000015258789,53.119998931884766,25800,0.0,0.0
2024-09-20 12:30:00-04:00,53.05500030517578,53.125,52.88999938964844,52.88999938964844,18877,0.0,0.0
2024-09-20 13:30:00-04:00,52.91999816894531,53.22999954223633,52.8849983215332,53.22999954223633,29187,0.0,0.0
2024-09-20 14:30:00-04:00,53.229000091552734,53.470001220703125,53.209999084472656,53.470001220703125,35859,0.0,0.0
2024-09-20 15:30:00-04:00,53.44499969482422,53.689998626708984,53.349998474121094,53.45000076293945,124320,0.0,0.0
