Datetime,Open,High,Low,Close,Volume,Dividends,Stock Splits
2022-09-22 09:30:00-04:00,47.38999938964844,47.439998626708984,46.43000030517578,46.599998474121094,0,0.0,0.0
2022-09-22 10:30:00-04:00,46.595001220703125,46.68000030517578,46.02000045776367,46.349998474121094,38221,0.0,0.0
2022-09-22 11:30:00-04:00,46.334999084472656,46.5,46.2400016784668,46.3650016784668,33223,0.0,0.0
2022-09-22 12:30:00-04:00,46.31999969482422,46.494998931884766,46.290000915527344,46.470001220703125,17160,0.0,0.0
2022-09-22 13:30:00-04:00,46.4900016784668,46.4900016784668,46.06999969482422,46.13999938964844,36517,0.0,0.0
2022-09-22 14:30:00-04:00,46.119998931884766,46.540000915527344,46.060001373291016,46.439998626708984,46843,0.0,0.0
2022-09-22 15:30:00-04:00,46.470001220703125,46.81999969482422,46.459999084472656,46.619998931884766,86351,0.0,0.0
2022-09-23 09:30:00-04:00,45.970001220703125,46.314998626708984,45.20009994506836,45.5099983215332,108954,0.0,0.0
2022-09-23 10:30:00-04:00,45.540000915527344,45.61000061035156,45.16999816894531,45.439998626708984,58460,0.0,0.0
2022-09-23 11:30:00-04:00,45.46500015258789,45.47999954223633,45.130001068115234,45.18000030517578,47733,0.0,0.0
2022-09-23 12:30:00-04:00,45.15999984741211,45.29999923706055,44.93000030517578,44.95000076293945,86160,0.0,0.0
2022-09-23 13:30:00-04:00,44.970001220703125,45.20000076293945,44.83000183105469,45.0099983215332,45247,0.0,0.0
2022-09-23 14:30:00-04:00,45.040000915527344,45.36000061035156,44.90999984741211,45.279998779296875,54862,0.0,0.0
2022-09-23 15:30:00-04:00,45.29999923706055,45.43000030517578,45.20500183105469,45.345001220703125,67620,0.0,0.0
2022-09-26 09:30:00-04:00,45.0099983215332,46.439998626708984,44.95000076293945,46.2400016784668,52306,0.0,0.0
2022-09-26 10:30:00-04:00,46.150001525878906,46.150001525878906,45.91999816894531,45.95500183105469,26839,0.0,0.0
2022-09-26 11:30:00-04:00,45.93000030517578,46.029998779296875,45.72999954223633,45.72999954223633,38459,0.0,0.0
2022-09-26 12:30:00-04:00,45.709999084472656,45.900001525878906,45.619998931884766,45.70000076293945,57744,0.0,0.0
2022-09-26 13:30:00-04:00,45.709999084472656,45.90999984741211,45.630001068115234,45.689998626708984,61845,0.0,0.0
2022-09-26 14:30:00-04:00,45.65999984741211,45.95000076293945,45.59000015258789,45.88999938964844,64461,0.0,0.0
2022-09-26 15:30:00-04:00,45.84000015258789,45.97999954223633,45.47999954223633,45.58000183105469,89804,0.0,0.0
2022-09-27 09:30:00-04:00,45.93000030517578,46.08000183105469,45.619998931884766,45.779998779296875,48978,0.0,0.0
2022-09-27 10:30:00-04:00,45.779998779296875,46.029998779296875,45.560001373291016,45.560001373291016,27716,0.0,0.0
2022-09-27 11:30:00-04:00,45.60499954223633,45.61000061035156,45.025001525878906,45.060001373291016,21145,0.0,0.0
2022-09-27 12:30:00-04:00,45.11000061035156,45.16999816894531,44.900001525878906,45.10749816894531,21801,0.0,0.0
2022-09-27 13:30:00-04:00,45.029998779296875,45.150001525878906,44.94499969482422,45.14500045776367,23475,0.0,0.0
2022-09-27 14:30:00-04:00,45.1349983215332,45.43000030517578,45.11000061035156,45.3927001953125,26001,0.0,0.0
2022-09-27 15:30:00-04:00,45.369998931884766,45.63999938964844,45.33000183105469,45.625,73056,0.0,0.0
2022-09-28 09:30:00-04:00,45.27000045776367,46.875,44.290000915527344,46.869998931884766,61925,0.0,0.0
2022-09-28 10:30:00-04:00,46.849998474121094,47.34000015258789,46.79999923706055,47.185001373291016,53313,0.0,0.0
2022-09-28 11:30:00-04:00,47.20000076293945,47.810001373291016,47.20000076293945,47.59000015258789,39952,0.0,0.0
2022-09-28 12:30:00-04:00,47.619998931884766,47.875,47.59000015258789,47.599998474121094,45282,0.0,0.0
2022-09-28 13:30:00-04:00,47.60499954223633,47.84000015258789,47.59000015258789,47.810001373291016,40501,0.0,0.0
2022-09-28 14:30:00-04:00,47.84000015258789,48.310001373291016,47.779998779296875,48.279998779296875,54766,0.0,0.0
2022-09-28 15:30:00-04:00,48.29999923706055,48.47999954223633,48.220001220703125,48.25,105106,0.0,0.0
2022-09-29 09:30:00-04:00,47.63999938964844,47.92499923706055,46.22999954223633,46.28499984741211,56464,0.0,0.0
2022-09-29 10:30:00-04:00,46.2599983215332,46.349998474121094,46.029998779296875,46.16999816894531,41365,0.0,0.0
2022-09-29 11:30:00-04:00,46.209999084472656,46.57500076293945,46.13999938964844,46.33000183105469,37204,0.0,0.0
2022-09-29 12:30:00-04:00,46.380001068115234,46.43000030517578,46.150001525878906,46.220001220703125,39423,0.0,0.0
2022-09-29 13:30:00-04:00,46.220001220703125,46.369998931884766,45.90999984741211,46.02000045776367,50218,0.0,0.0
2022-09-29 14:30:00-04:00,46.029998779296875,46.15999984741211,45.91999816894531,46.0099983215332,57486,0.0,0.0
2022-09-29 15:30:00-04:00,46.0099983215332,46.5099983215332,46.0099983215332,46.47999954223633,67590,0.0,0.0
2022-09-30 09:30:00-04:00,46.630001068115234,47.36000061035156,45.959999084472656,47.099998474121094,34175,0.0,0.0
2022-09-30 10:30:00-04:00,47.16999816894531,47.61000061035156,47.119998931884766,47.54999923706055,22255,0.0,0.0
2022-09-30 11:30:00-04:00,47.4900016784668,47.4900016784668,47.099998474121094,47.130001068115234,21081,0.0,0.0
2022-09-30 12:30:00-04:00,47.150001525878906,47.349998474121094,47.09000015258789,47.15999984741211,19180,0.0,0.0
2022-09-30 13:30:00-04:00,47.099998474121094,47.099998474121094,46.65999984741211,46.65999984741211,15762,0.0,0.0
2022-09-30 14:30:00-04:00,46.709999084472656,46.709999084472656,46.33000183105469,46.470001220703125,24825,0.0,0.0
2022-09-30 15:30:00-04:00,46.529998779296875,46.540000915527344,46.0099983215332,46.08000183105469,62166,0.0,0.0
2022-10-03 09:30:00-04:00,46.54999923706055,47.279998779296875,45.83000183105469,47.150001525878906,27608,0.0,0.0
2022-10-03 10:30:00-04:00,47.19380187988281,47.369998931884766,46.93000030517578,47.349998474121094,21220,0.0,0.0
2022-10-03 11:30:00-04:00,47.369998931884766,47.415199279785156,47.09000015258789,47.13999938964844,15460,0.0,0.0
2022-10-03 12:30:00-04:00,47.11000061035156,47.29029846191406,47.029998779296875,47.29029846191406,11701,0.0,0.0
2022-10-03 13:30:00-04:00,47.29499816894531,47.349998474121094,47.13999938964844,47.349998474121094,17515,0.0,0.0
2022-10-03 14:30:00-04:00,47.31999969482422,47.55500030517578,47.310001373291016,47.51499938964844,23889,0.0,0.0
2022-10-03 15:30:00-04:00,47.5,47.5099983215332,47.16999816894531,47.290000915527344,42861,0.0,0.0
2022-10-04 09:30:00-04:00,48.209999084472656,48.70500183105469,48.119998931884766,48.66999816894531,21263,0.0,0.0
2022-10-04 10:30:00-04:00,48.71500015258789,48.9900016784668,48.619998931884766,48.95000076293945,24278,0.0,0.0
2022-10-04 11:30:00-04:00,48.95000076293945,48.9900016784668,48.74399948120117,48.810001373291016,18629,0.0,0.0
2022-10-04 12:30:00-04:00,48.84000015258789,48.84000015258789,48.52000045776367,48.630001068115234,17498,0.0,0.0
2022-10-04 13:30:00-04:00,48.6349983215332,48.810001373291016,48.599998474121094,48.650001525878906,18268,0.0,0.0
2022-10-04 14:30:00-04:00,48.65999984741211,48.84000015258789,48.65999984741211,48.810001373291016,23300,0.0,0.0
2022-10-04 15:30:00-04:00,48.810001373291016,49.189998626708984,48.77000045776367,49.18000030517578,54563,0.0,0.0
2022-10-05 09:30:00-04:00,48.79999923706055,49.040000915527344,48.65999984741211,48.65999984741211,24910,0.0,0.0
2022-10-05 10:30:00-04:00,48.689998626708984,48.91999816894531,48.59000015258789,48.83000183105469,17455,0.0,0.0
2022-10-05 11:30:00-04:00,48.81999969482422,49.0099983215332,48.67499923706055,49.007999420166016,27476,0.0,0.0
2022-10-05 12:30:00-04:00,49.01499938964844,49.290000915527344,48.970001220703125,49.290000915527344,19197,0.0,0.0
2022-10-05 13:30:00-04:00,49.279998779296875,49.40999984741211,49.15999984741211,49.27000045776367,20212,0.0,0.0
2022-10-05 14:30:00-04:00,49.2400016784668,49.630001068115234,49.20000076293945,49.529998779296875,31862,0.0,0.0
2022-10-05 15:30:00-04:00,49.54999923706055,49.720001220703125,49.529998779296875,49.65999984741211,69276,0.0,0.0
2022-10-06 09:30:00-04:00,49.400001525878906,50.185001373291016,49.400001525878906,49.959999084472656,39665,0.0,0.0
2022-10-06 10:30:00-04:00,49.95000076293945,50.52000045776367,49.95000076293945,50.470001220703125,26823,0.0,0.0
2022-10-06 11:30:00-04:00,50.47999954223633,50.540000915527344,50.22480010986328,50.400001525878906,24109,0.0,0.0
2022-10-06 12:30:00-04:00,50.369998931884766,50.54999923706055,50.310001373291016,50.459999084472656,20231,0.0,0.0
2022-10-06 13:30:00-04:00,50.45000076293945,50.5,50.22999954223633,50.29999923706055,26418,0.0,0.0
2022-10-06 14:30:00-04:00,50.310001373291016,50.470001220703125,50.130001068115234,50.43000030517578,42635,0.0,0.0
2022-10-06 15:30:00-04:00,50.41999816894531,50.529998779296875,50.33100128173828,50.439998626708984,65729,0.0,0.0
2022-10-07 09:30:00-04:00,49.720001220703125,49.9900016784668,49.095001220703125,49.54999923706055,31410,0.0,0.0
2022-10-07 10:30:00-04:00,49.60499954223633,50.04999923706055,49.5099983215332,49.849998474121094,41428,0.0,0.0
2022-10-07 11:30:00-04:00,49.849998474121094,49.939998626708984,49.654998779296875,49.779998779296875,22775,0.0,0.0
2022-10-07 12:30:00-04:00,49.7599983215332,49.78950119018555,49.47999954223633,49.63999938964844,25106,0.0,0.0
2022-10-07 13:30:00-04:00,49.619998931884766,49.75,49.56999969482422,49.599998474121094,19737,0.0,0.0
2022-10-07 14:30:00-04:00,49.599998474121094,49.7400016784668,49.470001220703125,49.5099983215332,35390,0.0,0.0
2022-10-07 15:30:00-04:00,49.51499938964844,49.7400016784668,49.404998779296875,49.689998626708984,71950,0.0,0.0
2022-10-10 09:30:00-04:00,50.09000015258789,50.09000015258789,49.33000183105469,49.709999084472656,20942,0.0,0.0
2022-10-10 10:30:00-04:00,49.68000030517578,49.720001220703125,49.16999816894531,49.47999954223633,29806,0.0,0.0
2022-10-10 11:30:00-04:00,49.45000076293945,49.650001525878906,49.16999816894531,49.189998626708984,15034,0.0,0.0
2022-10-10 12:30:00-04:00,49.19499969482422,49.459999084472656,49.16999816894531,49.40999984741211,14905,0.0,0.0
2022-10-10 13:30:00-04:00,49.459999084472656,49.9900016784668,49.459999084472656,49.54999923706055,25324,0.0,0.0
2022-10-10 14:30:00-04:00,49.56999969482422,49.7599983215332,49.41999816894531,49.41999816894531,28786,0.0,0.0
2022-10-10 15:30:00-04:00,49.41999816894531,49.650001525878906,49.380001068115234,49.58000183105469,46644,0.0,0.0
2022-10-11 09:30:00-04:00,49.29999923706055,49.827301025390625,49.11000061035156,49.54999923706055,71991,0.0,0.0
2022-10-11 10:30:00-04:00,49.529998779296875,50.66999816894531,49.52000045776367,50.61000061035156,76543,0.0,0.0
2022-10-11 11:30:00-04:00,50.625,51.0099983215332,50.59000015258789,51.0099983215332,57899,0.0,0.0
2022-10-11 12:30:00-04:00,51.06999969482422,51.310001373291016,50.9900016784668,50.9900016784668,51691,0.0,0.0
2022-10-11 13:30:00-04:00,51.01369857788086,51.01369857788086,50.61000061035156,50.77000045776367,52759,0.0,0.0
2022-10-11 14:30:00-04:00,50.779998779296875,50.880001068115234,49.779998779296875,49.974998474121094,68756,0.0,0.0
2022-10-11 15:30:00-04:00,49.97999954223633,50.279998779296875,49.869998931884766,50.20000076293945,108682,0.0,0.0
2022-10-12 09:30:00-04:00,50.279998779296875,50.279998779296875,49.650001525878906,50.060001373291016,26635,0.0,0.0
2022-10-12 10:30:00-04:00,50.060001373291016,50.130001068115234,49.62080001831055,49.79999923706055,31767,0.0,0.0
2022-10-12 11:30:00-04:00,49.7599983215332,50.099998474121094,49.70000076293945,49.7599983215332,16684,0.0,0.0
2022-10-12 12:30:00-04:00,49.720001220703125,49.83000183105469,49.63999938964844,49.720001220703125,16571,0.0,0.0
2022-10-12 13:30:00-04:00,49.720001220703125,49.779998779296875,49.5,49.7400016784668,30642,0.0,0.0
2022-10-12 14:30:00-04:00,49.7599983215332,49.779998779296875,49.45000076293945,49.5,27508,0.0,0.0
2022-10-12 15:30:00-04:00,49.5,49.619998931884766,49.45000076293945,49.4900016784668,74125,0.0,0.0
2022-10-13 09:30:00-04:00,48.810001373291016,49.7234001159668,48.400001525878906,49.380001068115234,32755,0.0,0.0
2022-10-13 10:30:00-04:00,49.290000915527344,51.137298583984375,49.290000915527344,50.78010177612305,22004,0.0,0.0
2022-10-13 11:30:00-04:00,50.83000183105469,51.34000015258789,50.709999084472656,50.75,36308,0.0,0.0
2022-10-13 12:30:00-04:00,50.75,51.279998779296875,50.75,51.209999084472656,16699,0.0,0.0
2022-10-13 13:30:00-04:00,51.279998779296875,51.43000030517578,51.060001373291016,51.060001373291016,19566,0.0,0.0
2022-10-13 14:30:00-04:00,51.11000061035156,51.630001068115234,51.11000061035156,51.459999084472656,39387,0.0,0.0
2022-10-13 15:30:00-04:00,51.45000076293945,51.70000076293945,51.33000183105469,51.540000915527344,84467,0.0,0.0
2022-10-14 09:30:00-04:00,51.7400016784668,51.84000015258789,50.619998931884766,50.810001373291016,26119,0.0,0.0
2022-10-14 10:30:00-04:00,50.77000045776367,51.099998474121094,50.72999954223633,50.8849983215332,18947,0.0,0.0
2022-10-14 11:30:00-04:00,50.849998474121094,50.88999938964844,50.439998626708984,50.47999954223633,47966,0.0,0.0
2022-10-14 12:30:00-04:00,50.47999954223633,50.574100494384766,50.20000076293945,50.29499816894531,17714,0.0,0.0
2022-10-14 13:30:00-04:00,50.28499984741211,50.61000061035156,50.28499984741211,50.47999954223633,26519,0.0,0.0
2022-10-14 14:30:00-04:00,50.45000076293945,50.599998474121094,50.314998626708984,50.54999923706055,34956,0.0,0.0
2022-10-14 15:30:00-04:00,50.540000915527344,50.59000015258789,50.20000076293945,50.290000915527344,52921,0.0,0.0
2022-10-17 09:30:00-04:00,51.349998474121094,51.939998626708984,51.27000045776367,51.724998474121094,30600,0.0,0.0
2022-10-17 10:30:00-04:00,51.7599983215332,51.7599983215332,50.9900016784668,51.540000915527344,15846,0.0,0.0
2022-10-17 11:30:00-04:00,51.599998474121094,51.66999816894531,51.43000030517578,51.45500183105469,15512,0.0,0.0
2022-10-17 12:30:00-04:00,51.46500015258789,51.5099983215332,51.290000915527344,51.470001220703125,12108,0.0,0.0
2022-10-17 13:30:00-04:00,51.52000045776367,51.58000183105469,51.33000183105469,51.369998931884766,18607,0.0,0.0
2022-10-17 14:30:00-04:00,51.34000015258789,51.470001220703125,51.279998779296875,51.470001220703125,26228,0.0,0.0
2022-10-17 15:30:00-04:00,51.439998626708984,51.79999923706055,51.42539978027344,51.709999084472656,53583,0.0,0.0
2022-10-18 09:30:00-04:00,52.72999954223633,53.4900016784668,52.43000030517578,52.5099983215332,61733,0.0,0.0
2022-10-18 10:30:00-04:00,52.470001220703125,52.720001220703125,52.27000045776367,52.29999923706055,36878,0.0,0.0
2022-10-18 11:30:00-04:00,52.279998779296875,52.775001525878906,52.15999984741211,52.71500015258789,23253,0.0,0.0
2022-10-18 12:30:00-04:00,52.720001220703125,52.970001220703125,52.720001220703125,52.91999816894531,24700,0.0,0.0
2022-10-18 13:30:00-04:00,52.95000076293945,53.06999969482422,52.720001220703125,52.849998474121094,47941,0.0,0.0
2022-10-18 14:30:00-04:00,52.83000183105469,52.83000183105469,52.16999816894531,52.54999923706055,29045,0.0,0.0
2022-10-18 15:30:00-04:00,52.540000915527344,52.849998474121094,52.540000915527344,52.84000015258789,74358,0.0,0.0
2022-10-19 09:30:00-04:00,52.34000015258789,52.9900016784668,52.26499938964844,52.59000015258789,28154,0.0,0.0
2022-10-19 10:30:00-04:00,52.61000061035156,52.720001220703125,52.15999984741211,52.33000183105469,40353,0.0,0.0
2022-10-19 11:30:00-04:00,52.290000915527344,52.41999816894531,52.02000045776367,52.02199935913086,16112,0.0,0.0
2022-10-19 12:30:00-04:00,52.11000061035156,52.16999816894531,51.61000061035156,51.79999923706055,21725,0.0,0.0
2022-10-19 13:30:00-04:00,51.75,51.959999084472656,51.619998931884766,51.845001220703125,23551,0.0,0.0
2022-10-19 14:30:00-04:00,51.83000183105469,52.119998931884766,51.720001220703125,51.97999954223633,35795,0.0,0.0
2022-10-19 15:30:00-04:00,51.959999084472656,52.560001373291016,51.939998626708984,52.540000915527344,64572,0.0,0.0
2022-10-20 09:30:00-04:00,52.779998779296875,53.48500061035156,52.55500030517578,53.407501220703125,23098,0.0,0.0
2022-10-20 10:30:00-04:00,53.4900016784668,53.59000015258789,53.11000061035156,53.150001525878906,13022,0.0,0.0
2022-10-20 11:30:00-04:00,53.16999816894531,53.470001220703125,52.79999923706055,52.79999923706055,11943,0.0,0.0
2022-10-20 12:30:00-04:00,52.91999816894531,52.91999816894531,52.47999954223633,52.630001068115234,14366,0.0,0.0
2022-10-20 13:30:00-04:00,52.63999938964844,52.72209930419922,52.400001525878906,52.400001525878906,22647,0.0,0.0
2022-10-20 14:30:00-04:00,52.43000030517578,53.029998779296875,52.43000030517578,52.86000061035156,29974,0.0,0.0
2022-10-20 15:30:00-04:00,52.86000061035156,52.93000030517578,52.720001220703125,52.75,70561,0.0,0.0
2022-10-21 09:30:00-04:00,53.040000915527344,53.965301513671875,52.72010040283203,53.36000061035156,103832,0.0,0.0
2022-10-21 10:30:00-04:00,53.38999938964844,53.749900817871094,53.209999084472656,53.709999084472656,20367,0.0,0.0
2022-10-21 11:30:00-04:00,53.900001525878906,54.31999969482422,53.810001373291016,54.12120056152344,19591,0.0,0.0
2022-10-21 12:30:00-04:00,54.0,54.529998779296875,53.94499969482422,54.470001220703125,28435,0.0,0.0
2022-10-21 13:30:00-04:00,54.5,54.869998931884766,54.380001068115234,54.81999969482422,22620,0.0,0.0
2022-10-21 14:30:00-04:00,54.83000183105469,55.279998779296875,54.83000183105469,55.220001220703125,33157,0.0,0.0
2022-10-21 15:30:00-04:00,55.2400016784668,55.369998931884766,55.20000076293945,55.34000015258789,64976,0.0,0.0
2022-10-24 09:30:00-04:00,55.560001373291016,55.900001525878906,54.95000076293945,55.18000030517578,33761,0.0,0.0
2022-10-24 10:30:00-04:00,55.21369934082031,55.599998474121094,55.16999816894531,55.38999938964844,19438,0.0,0.0
2022-10-24 11:30:00-04:00,55.400001525878906,55.61000061035156,55.369998931884766,55.560001373291016,22106,0.0,0.0
2022-10-24 12:30:00-04:00,55.44499969482422,55.904998779296875,55.44499969482422,55.904998779296875,27937,0.0,0.0
2022-10-24 13:30:00-04:00,55.915000915527344,56.150001525878906,55.915000915527344,56.1150016784668,30751,0.0,0.0
2022-10-24 14:30:00-04:00,56.06999969482422,56.342899322509766,56.02000045776367,56.27000045776367,34430,0.0,0.0
2022-10-24 15:30:00-04:00,56.29999923706055,56.310001373291016,56.08060073852539,56.20000076293945,77268,0.0,0.0
2022-10-25 09:30:00-04:00,56.15999984741211,57.17499923706055,55.72999954223633,57.130001068115234,88837,0.0,0.0
2022-10-25 10:30:00-04:00,57.1255989074707,57.34870147705078,56.779998779296875,57.22999954223633,47411,0.0,0.0
2022-10-25 11:30:00-04:00,57.2400016784668,57.279998779296875,56.760101318359375,56.790000915527344,50055,0.0,0.0
2022-10-25 12:30:00-04:00,56.76499938964844,56.779998779296875,56.47209930419922,56.54999923706055,45549,0.0,0.0
2022-10-25 13:30:00-04:00,56.599998474121094,56.62990188598633,56.470001220703125,56.57500076293945,19033,0.0,0.0
2022-10-25 14:30:00-04:00,56.599998474121094,56.90999984741211,56.56999969482422,56.90999984741211,32744,0.0,0.0
2022-10-25 15:30:00-04:00,56.900001525878906,57.02000045776367,56.869998931884766,56.95000076293945,82938,0.0,0.0
2022-10-26 09:30:00-04:00,57.0099983215332,57.06999969482422,56.54999923706055,57.0,43647,0.0,0.0
2022-10-26 10:30:00-04:00,56.959999084472656,57.45000076293945,56.93000030517578,57.205299377441406,31703,0.0,0.0
2022-10-26 11:30:00-04:00,57.29999923706055,57.56999969482422,57.290000915527344,57.5,25153,0.0,0.0
2022-10-26 12:30:00-04:00,57.5099983215332,57.540000915527344,56.80500030517578,57.06999969482422,30398,0.0,0.0
2022-10-26 13:30:00-04:00,56.959999084472656,57.21870040893555,56.72999954223633,56.970401763916016,27059,0.0,0.0
2022-10-26 14:30:00-04:00,56.95000076293945,57.119998931884766,56.689998626708984,56.72999954223633,28195,0.0,0.0
2022-10-26 15:30:00-04:00,56.79999923706055,56.79999923706055,56.400001525878906,56.400001525878906,49938,0.0,0.0
2022-10-27 09:30:00-04:00,57.130001068115234,57.2400016784668,56.13010025024414,57.02000045776367,46613,0.0,0.0
2022-10-27 10:30:00-04:00,57.06999969482422,57.06999969482422,56.5099983215332,56.79999923706055,19901,0.0,0.0
2022-10-27 11:30:00-04:00,56.77000045776367,57.18000030517578,56.56999969482422,56.80500030517578,16146,0.0,0.0
2022-10-27 12:30:00-04:00,56.77000045776367,57.060001373291016,56.77000045776367,56.90999984741211,20108,0.0,0.0
2022-10-27 13:30:00-04:00,56.810001373291016,56.849998474121094,56.40999984741211,56.52000045776367,16246,0.0,0.0
2022-10-27 14:30:00-04:00,56.560001373291016,56.560001373291016,56.08000183105469,56.09000015258789,26692,0.0,0.0
2022-10-27 15:30:00-04:00,56.11000061035156,56.38999938964844,56.064998626708984,56.349998474121094,75218,0.0,0.0
2022-10-28 09:30:00-04:00,56.400001525878906,57.04499816894531,56.150001525878906,57.04499816894531,66783,0.0,0.0
2022-10-28 10:30:00-04:00,57.119998931884766,57.290000915527344,56.86000061035156,57.119998931884766,23433,0.0,0.0
2022-10-28 11:30:00-04:00,57.165000915527344,57.54499816894531,57.150001525878906,57.38999938964844,29044,0.0,0.0
2022-10-28 12:30:00-04:00,57.459999084472656,57.61000061035156,57.34000015258789,57.439998626708984,24473,0.0,0.0
2022-10-28 13:30:00-04:00,57.41999816894531,57.5099983215332,57.04999923706055,57.084999084472656,23247,0.0,0.0
2022-10-28 14:30:00-04:00,57.10499954223633,57.33000183105469,57.09000015258789,57.130001068115234,25470,0.0,0.0
2022-10-28 15:30:00-04:00,57.13999938964844,57.29999923706055,57.099998474121094,57.22999954223633,42680,0.0,0.0
2022-10-31 09:30:00-04:00,56.189998626708984,56.6864013671875,56.099998474121094,56.21500015258789,46000,0.0,0.0
2022-10-31 10:30:00-04:00,56.199501037597656,56.310001373291016,55.88999938964844,56.209999084472656,35274,0.0,0.0
2022-10-31 11:30:00-04:00,56.189998626708984,56.4900016784668,56.060001373291016,56.334999084472656,35989,0.0,0.0
2022-10-31 12:30:00-04:00,56.290000915527344,56.540000915527344,56.209999084472656,56.47999954223633,18690,0.0,0.0
2022-10-31 13:30:00-04:00,56.470001220703125,56.56999969482422,56.38130187988281,56.48820114135742,16733,0.0,0.0
2022-10-31 14:30:00-04:00,56.52000045776367,56.630001068115234,56.11000061035156,56.16999816894531,37067,0.0,0.0
2022-10-31 15:30:00-04:00,56.165000915527344,56.43000030517578,55.939998626708984,56.099998474121094,105964,0.0,0.0
2022-11-01 09:30:00-04:00,56.11000061035156,56.5099983215332,55.91999816894531,56.43000030517578,22202,0.0,0.0
2022-11-01 10:30:00-04:00,56.41999816894531,56.599998474121094,56.220001220703125,56.59000015258789,17493,0.0,0.0
2022-11-01 11:30:00-04:00,56.66999816894531,56.98500061035156,56.380001068115234,56.90999984741211,17314,0.0,0.0
2022-11-01 12:30:00-04:00,56.93000030517578,57.279998779296875,56.88999938964844,57.2599983215332,18821,0.0,0.0
2022-11-01 13:30:00-04:00,57.29999923706055,57.400001525878906,57.209999084472656,57.209999084472656,12207,0.0,0.0
2022-11-01 14:30:00-04:00,57.189998626708984,57.244998931884766,57.040000915527344,57.22999954223633,25005,0.0,0.0
2022-11-01 15:30:00-04:00,57.27000045776367,57.4900016784668,57.16999816894531,57.349998474121094,54214,0.0,0.0
2022-11-02 09:30:00-04:00,56.88999938964844,57.369998931884766,56.594600677490234,57.23500061035156,16674,0.0,0.0
2022-11-02 10:30:00-04:00,57.189998626708984,57.189998626708984,56.619998931884766,56.77000045776367,37897,0.0,0.0
2022-11-02 11:30:00-04:00,56.75,56.849998474121094,56.52000045776367,56.58000183105469,18443,0.0,0.0
2022-11-02 12:30:00-04:00,56.685001373291016,56.73500061035156,56.45000076293945,56.5099983215332,20066,0.0,0.0
2022-11-02 13:30:00-04:00,56.47999954223633,57.400001525878906,56.40999984741211,57.310001373291016,47327,0.0,0.0
2022-11-02 14:30:00-04:00,57.369998931884766,57.369998931884766,55.970001220703125,56.09000015258789,78582,0.0,0.0
2022-11-02 15:30:00-04:00,56.04999923706055,56.220001220703125,55.91999816894531,55.97999954223633,90135,0.0,0.0
2022-11-03 09:30:00-04:00,55.36000061035156,55.7599983215332,54.45000076293945,55.619998931884766,42362,0.0,0.0
2022-11-03 10:30:00-04:00,55.630001068115234,56.029998779296875,55.41999816894531,56.0,21717,0.0,0.0
2022-11-03 11:30:00-04:00,55.970001220703125,56.34000015258789,55.875,56.2400016784668,12970,0.0,0.0
2022-11-03 12:30:00-04:00,56.209999084472656,56.66999816894531,56.209999084472656,56.375,21921,0.0,0.0
2022-11-03 13:30:00-04:00,56.369998931884766,56.47999954223633,56.099998474121094,56.209999084472656,15741,0.0,0.0
2022-11-03 14:30:00-04:00,56.209999084472656,56.59000015258789,56.209999084472656,56.47999954223633,39857,0.0,0.0
2022-11-03 15:30:00-04:00,56.47999954223633,56.599998474121094,56.31999969482422,56.31999969482422,47089,0.0,0.0
2022-11-04 09:30:00-04:00,56.9900016784668,58.16999816894531,56.9900016784668,58.09000015258789,33143,0.0,0.0
2022-11-04 10:30:00-04:00,58.119998931884766,58.13999938964844,56.94070053100586,56.95000076293945,20554,0.0,0.0
2022-11-04 11:30:00-04:00,57.0,57.029998779296875,56.15999984741211,56.40999984741211,43904,0.0,0.0
2022-11-04 12:30:00-04:00,56.43000030517578,56.650001525878906,56.220001220703125,56.525001525878906,13592,0.0,0.0
2022-11-04 13:30:00-04:00,56.529998779296875,56.75,56.41999816894531,56.75,15310,0.0,0.0
2022-11-04 14:30:00-04:00,56.7599983215332,57.400001525878906,56.7599983215332,57.22999954223633,22928,0.0,0.0
2022-11-04 15:30:00-04:00,57.19499969482422,57.540000915527344,57.150001525878906,57.529998779296875,54084,0.0,0.0
2022-11-07 09:30:00-05:00,57.65999984741211,58.0099983215332,57.029998779296875,58.0,49093,0.0,0.0
2022-11-07 10:30:00-05:00,57.9900016784668,58.29999923706055,57.41999816894531,58.220001220703125,32945,0.0,0.0
2022-11-07 11:30:00-05:00,58.310001373291016,58.310001373291016,57.959999084472656,58.22999954223633,29029,0.0,0.0
2022-11-07 12:30:00-05:00,58.2599983215332,58.29999923706055,57.97999954223633,57.9900016784668,25572,0.0,0.0
2022-11-07 13:30:00-05:00,58.040000915527344,58.93000030517578,58.040000915527344,58.88999938964844,36820,0.0,0.0
2022-11-07 14:30:00-05:00,58.93000030517578,59.181400299072266,58.83000183105469,58.900001525878906,90081,0.0,0.0
2022-11-07 15:30:00-05:00,58.8849983215332,59.0,58.34000015258789,58.90999984741211,153253,0.0,0.0
2022-11-08 09:30:00-05:00,63.15999984741211,64.9000015258789,62.5099983215332,63.79999923706055,93816,0.0,0.0
2022-11-08 10:30:00-05:00,63.810001373291016,64.69499969482422,63.72999954223633,64.62000274658203,75553,0.0,0.0
2022-11-08 11:30:00-05:00,64.5199966430664,66.44999694824219,64.51000213623047,66.37999725341797,65129,0.0,0.0
2022-11-08 12:30:00-05:00,66.33000183105469,66.52989959716797,65.04000091552734,65.08999633789062,67454,0.0,0.0
2022-11-08 13:30:00-05:00,65.08999633789062,65.11000061035156,63.97999954223633,64.05000305175781,87234,0.0,0.0
2022-11-08 14:30:00-05:00,64.05000305175781,65.12000274658203,64.05000305175781,65.07499694824219,155817,0.0,0.0
2022-11-08 15:30:00-05:00,65.07499694824219,65.59500122070312,65.07499694824219,65.43000030517578,156618,0.0,0.0
2022-11-09 09:30:00-05:00,65.16000366210938,67.23999786376953,64.91999816894531,66.7300033569336,86613,0.0,0.0
2022-11-09 10:30:00-05:00,66.86000061035156,67.31719970703125,66.08999633789062,67.12000274658203,87366,0.0,0.0
2022-11-09 11:30:00-05:00,67.13999938964844,67.45999908447266,66.6500015258789,66.6500015258789,54189,0.0,0.0
2022-11-09 12:30:00-05:00,66.66000366210938,66.69999694824219,66.04000091552734,66.05000305175781,37904,0.0,0.0
2022-11-09 13:30:00-05:00,65.91999816894531,65.99500274658203,65.4000015258789,65.79000091552734,55630,0.0,0.0
2022-11-09 14:30:00-05:00,65.76000213623047,65.76000213623047,64.6500015258789,64.76499938964844,81753,0.0,0.0
2022-11-09 15:30:00-05:00,64.76000213623047,64.76000213623047,64.31999969482422,64.44999694824219,159292,0.0,0.0
2022-11-10 09:30:00-05:00,67.37999725341797,67.9000015258789,66.33999633789062,67.58000183105469,83236,0.0,0.0
2022-11-10 10:30:00-05:00,67.62000274658203,67.9000015258789,67.19999694824219,67.44999694824219,48722,0.0,0.0
2022-11-10 11:30:00-05:00,67.48999786376953,67.91000366210938,67.32499694824219,67.72000122070312,42296,0.0,0.0
2022-11-10 12:30:00-05:00,67.56999969482422,67.83999633789062,67.0,67.61000061035156,71166,0.0,0.0
2022-11-10 13:30:00-05:00,67.65499877929688,68.08999633789062,67.62000274658203,67.97219848632812,44423,0.0,0.0
2022-11-10 14:30:00-05:00,67.93000030517578,68.4000015258789,67.88999938964844,68.36000061035156,56954,0.0,0.0
2022-11-10 15:30:00-05:00,68.4000015258789,68.55000305175781,68.2300033569336,68.4800033569336,110637,0.0,0.0
2022-11-11 09:30:00-05:00,68.27999877929688,69.22260284423828,67.5,68.91000366210938,75342,0.0,0.0
2022-11-11 10:30:00-05:00,68.80999755859375,69.27999877929688,68.44999694824219,68.44999694824219,49444,0.0,0.0
2022-11-11 11:30:00-05:00,68.4000015258789,68.56999969482422,67.95929718017578,67.95999908447266,34729,0.0,0.0
2022-11-11 12:30:00-05:00,67.9800033569336,68.12999725341797,67.33499908447266,68.0999984741211,42786,0.0,0.0
2022-11-11 13:30:00-05:00,68.08499908447266,68.55999755859375,68.0199966430664,68.37000274658203,48602,0.0,0.0
2022-11-11 14:30:00-05:00,68.37000274658203,68.37999725341797,67.69999694824219,67.87000274658203,66824,0.0,0.0
2022-11-11 15:30:00-05:00,67.87000274658203,68.12999725341797,67.55999755859375,67.62000274658203,90196,0.0,0.0
2022-11-14 09:30:00-05:00,66.94999694824219,67.91089630126953,65.33000183105469,67.7699966430664,81294,0.0,0.0
2022-11-14 10:30:00-05:00,67.76000213623047,68.2437973022461,67.57460021972656,67.57460021972656,27098,0.0,0.0
2022-11-14 11:30:00-05:00,67.6500015258789,67.87000274658203,67.33999633789062,67.5250015258789,33690,0.0,0.0
2022-11-14 12:30:00-05:00,67.44999694824219,67.70999908447266,67.20999908447266,67.3550033569336,24686,0.0,0.0
2022-11-14 13:30:00-05:00,67.30000305175781,67.30000305175781,66.72000122070312,66.73500061035156,34599,0.0,0.0
2022-11-14 14:30:00-05:00,66.76000213623047,66.80500030517578,66.01000213623047,66.05000305175781,55501,0.0,0.0
2022-11-14 15:30:00-05:00,66.05999755859375,66.3499984741211,65.70999908447266,65.83000183105469,99537,0.0,0.0
2022-11-15 09:30:00-05:00,66.33999633789062,66.88999938964844,65.79499816894531,66.80500030517578,90694,0.0,0.0
2022-11-15 10:30:00-05:00,66.80000305175781,66.94000244140625,66.04499816894531,66.19999694824219,58784,0.0,0.0
2022-11-15 11:30:00-05:00,66.2699966430664,66.95999908447266,66.2300033569336,66.62999725341797,64123,0.0,0.0
2022-11-15 12:30:00-05:00,66.61000061035156,66.86000061035156,65.68000030517578,65.72000122070312,101816,0.0,0.0
2022-11-15 13:30:00-05:00,65.7300033569336,66.12999725341797,65.4800033569336,66.0199966430664,58839,0.0,0.0
2022-11-15 14:30:00-05:00,66.0199966430664,66.08000183105469,65.83000183105469,65.93000030517578,51966,0.0,0.0
2022-11-15 15:30:00-05:00,65.88999938964844,66.0,65.7300033569336,65.91999816894531,90401,0.0,0.0
2022-11-16 09:30:00-05:00,65.68000030517578,66.15499877929688,65.341796875,66.15499877929688,37346,0.0,0.0
2022-11-16 10:30:00-05:00,66.11499786376953,66.4655990600586,65.82499694824219,66.43000030517578,38739,0.0,0.0
2022-11-16 11:30:00-05:00,66.30999755859375,66.33999633789062,65.79000091552734,65.88999938964844,26699,0.0,0.0
2022-11-16 12:30:00-05:00,66.0,66.20999908447266,65.9800033569336,66.06999969482422,27968,0.0,0.0
2022-11-16 13:30:00-05:00,66.0,66.13999938964844,65.88999938964844,66.06500244140625,47902,0.0,0.0
2022-11-16 14:30:00-05:00,66.06500244140625,66.25,65.69000244140625,66.22000122070312,51053,0.0,0.0
2022-11-16 15:30:00-05:00,66.2249984741211,66.2249984741211,65.8499984741211,65.95999908447266,111228,0.0,0.0
2022-11-17 09:30:00-05:00,64.80999755859375,65.9000015258789,63.25040054321289,65.9000015258789,41155,0.0,0.0
2022-11-17 10:30:00-05:00,65.75,66.12999725341797,65.44960021972656,65.5199966430664,27164,0.0,0.0
2022-11-17 11:30:00-05:00,65.51000213623047,65.9000015258789,65.4000015258789,65.4800033569336,34689,0.0,0.0
2022-11-17 12:30:00-05:00,65.54000091552734,65.7885971069336,65.33000183105469,65.5,55505,0.0,0.0
2022-11-17 13:30:00-05:00,65.43000030517578,65.43000030517578,65.0999984741211,65.18000030517578,17205,0.0,0.0
2022-11-17 14:30:00-05:00,65.20999908447266,65.46160125732422,65.16000366210938,65.36000061035156,34253,0.0,0.0
2022-11-17 15:30:00-05:00,65.36000061035156,65.53500366210938,65.31999969482422,65.47000122070312,112515,0.0,0.0
2022-11-18 09:30:00-05:00,66.4000015258789,66.86000061035156,65.73999786376953,66.0999984741211,98568,0.0,0.0
2022-11-18 10:30:00-05:00,66.0999984741211,66.125,65.73999786376953,65.96499633789062,19722,0.0,0.0
2022-11-18 11:30:00-05:00,65.98999786376953,66.0,65.47000122070312,65.61000061035156,16638,0.0,0.0
2022-11-18 12:30:00-05:00,65.5999984741211,66.0,65.58000183105469,65.93000030517578,15340,0.0,0.0
2022-11-18 13:30:00-05:00,66.0,66.05500030517578,65.75550079345703,66.01000213623047,22291,0.0,0.0
2022-11-18 14:30:00-05:00,66.05000305175781,66.4000015258789,65.96499633789062,66.4000015258789,106914,0.0,0.0
2022-11-18 15:30:00-05:00,66.38999938964844,66.5,66.08999633789062,66.08999633789062,213837,0.0,0.0
2022-11-21 09:30:00-05:00,66.3499984741211,66.58000183105469,65.62000274658203,66.14070129394531,103002,0.0,0.0
2022-11-21 10:30:00-05:00,66.22000122070312,66.2699966430664,65.58999633789062,65.70999908447266,23452,0.0,0.0
2022-11-21 11:30:00-05:00,65.72000122070312,66.32499694824219,65.55000305175781,66.20999908447266,30650,0.0,0.0
2022-11-21 12:30:00-05:00,66.16000366210938,66.29000091552734,66.01000213623047,66.16999816894531,53863,0.0,0.0
2022-11-21 13:30:00-05:00,66.1449966430664,66.23500061035156,65.79000091552734,65.80999755859375,22762,0.0,0.0
2022-11-21 14:30:00-05:00,65.8499984741211,66.11000061035156,65.72000122070312,65.73500061035156,26758,0.0,0.0
2022-11-21 15:30:00-05:00,65.81999969482422,66.0,65.68000030517578,65.98999786376953,57963,0.0,0.0
2022-11-22 09:30:00-05:00,66.25,66.89990234375,66.25,66.41000366210938,33158,0.0,0.0
2022-11-22 10:30:00-05:00,66.50499725341797,66.55999755859375,66.20999908447266,66.41000366210938,25668,0.0,0.0
2022-11-22 11:30:00-05:00,66.375,66.55999755859375,66.32499694824219,66.41999816894531,17986,0.0,0.0
2022-11-22 12:30:00-05:00,66.44499969482422,66.52999877929688,66.30999755859375,66.37999725341797,73761,0.0,0.0
2022-11-22 13:30:00-05:00,66.38999938964844,66.7750015258789,66.33000183105469,66.7750015258789,65705,0.0,0.0
2022-11-22 14:30:00-05:00,66.73999786376953,66.87000274658203,66.54000091552734,66.55999755859375,24515,0.0,0.0
2022-11-22 15:30:00-05:00,66.62000274658203,66.76000213623047,66.55500030517578,66.58999633789062,108498,0.0,0.0
2022-11-23 09:30:00-05:00,66.70999908447266,67.31999969482422,66.22000122070312,66.39140319824219,84054,0.0,0.0
2022-11-23 10:30:00-05:00,66.4000015258789,66.48899841308594,65.94000244140625,65.94000244140625,18796,0.0,0.0
2022-11-23 11:30:00-05:00,65.98500061035156,65.98500061035156,65.31999969482422,65.52999877929688,26548,0.0,0.0
2022-11-23 12:30:00-05:00,65.56999969482422,66.04000091552734,65.30000305175781,66.04000091552734,29590,0.0,0.0
2022-11-23 13:30:00-05:00,66.1500015258789,66.61000061035156,66.05000305175781,66.41999816894531,31326,0.0,0.0
2022-11-23 14:30:00-05:00,66.38999938964844,66.55500030517578,66.30139923095703,66.33999633789062,31719,0.0,0.0
2022-11-23 15:30:00-05:00,66.30000305175781,66.38999938964844,66.08999633789062,66.33999633789062,51388,0.0,0.0
2022-11-25 09:30:00-05:00,66.2300033569336,66.93000030517578,65.91000366210938,66.5,24032,0.0,0.0
2022-11-25 10:30:00-05:00,66.54499816894531,66.61000061035156,66.30999755859375,66.30999755859375,18338,0.0,0.0
2022-11-25 11:30:00-05:00,66.33999633789062,66.68000030517578,66.33999633789062,66.4885025024414,30499,0.0,0.0
2022-11-28 09:30:00-05:00,65.83999633789062,66.5,65.69999694824219,66.33000183105469,15523,0.0,0.0
2022-11-28 10:30:00-05:00,66.36000061035156,66.5,65.94999694824219,66.11000061035156,28754,0.0,0.0
2022-11-28 11:30:00-05:00,66.12999725341797,66.20999908447266,66.0199966430664,66.05999755859375,41489,0.0,0.0
2022-11-28 12:30:00-05:00,66.04000091552734,66.12000274658203,65.86000061035156,65.91000366210938,11707,0.0,0.0
2022-11-28 13:30:00-05:00,65.88880157470703,65.88880157470703,65.4800033569336,65.5,16971,0.0,0.0
2022-11-28 14:30:00-05:00,65.51000213623047,65.51000213623047,65.16000366210938,65.23500061035156,20230,0.0,0.0
2022-11-28 15:30:00-05:00,65.22000122070312,65.47000122070312,65.19000244140625,65.45999908447266,44720,0.0,0.0
2022-11-29 09:30:00-05:00,65.16000366210938,65.76000213623047,65.01000213623047,65.55000305175781,86522,0.0,0.0
2022-11-29 10:30:00-05:00,65.62999725341797,65.77999877929688,65.0999984741211,65.0999984741211,16779,0.0,0.0
2022-11-29 11:30:00-05:00,65.04499816894531,65.44499969482422,65.04499816894531,65.23999786376953,14458,0.0,0.0
2022-11-29 12:30:00-05:00,65.22000122070312,65.4800033569336,65.20500183105469,65.25,14485,0.0,0.0
2022-11-29 13:30:00-05:00,65.20500183105469,65.49500274658203,65.16000366210938,65.16000366210938,16308,0.0,0.0
2022-11-29 14:30:00-05:00,65.14779663085938,65.16000366210938,64.9000015258789,65.02999877929688,18832,0.0,0.0
2022-11-29 15:30:00-05:00,65.0,65.06999969482422,64.83999633789062,64.87000274658203,44760,0.0,0.0
2022-11-30 09:30:00-05:00,64.87000274658203,65.47000122070312,64.14510345458984,64.6500015258789,24129,0.0,0.0
2022-11-30 10:30:00-05:00,64.65540313720703,65.26000213623047,64.65540313720703,65.20999908447266,9791,0.0,0.0
2022-11-30 11:30:00-05:00,65.26000213623047,65.36000061035156,64.98999786376953,65.08999633789062,21548,0.0,0.0
2022-11-30 12:30:00-05:00,65.16000366210938,65.4000015258789,65.08000183105469,65.36000061035156,10549,0.0,0.0
2022-11-30 13:30:00-05:00,65.30999755859375,66.30999755859375,65.30999755859375,66.30999755859375,97301,0.0,0.0
2022-11-30 14:30:00-05:00,66.20999908447266,66.41500091552734,66.04000091552734,66.20999908447266,59935,0.0,0.0
2022-11-30 15:30:00-05:00,66.2300033569336,66.58000183105469,65.79000091552734,66.0999984741211,267954,0.0,0.0
2022-12-01 09:30:00-05:00,66.54000091552734,69.04000091552734,66.19999694824219,66.625,197798,0.0,0.0
2022-12-01 10:30:00-05:00,66.55000305175781,68.0,66.43720245361328,67.91000366210938,64664,0.0,0.0
2022-12-01 11:30:00-05:00,67.95099639892578,68.0199966430664,67.55500030517578,67.81990051269531,28969,0.0,0.0
2022-12-01 12:30:00-05:00,67.82659912109375,68.38999938964844,67.82659912109375,67.94000244140625,37347,0.0,0.0
2022-12-01 13:30:00-05:00,67.91999816894531,68.0999984741211,67.78900146484375,67.87000274658203,31435,0.0,0.0
2022-12-01 14:30:00-05:00,67.87999725341797,68.08000183105469,67.70999908447266,67.73999786376953,50174,0.0,0.0
2022-12-01 15:30:00-05:00,67.76499938964844,67.9000015258789,67.33000183105469,67.36000061035156,74858,0.0,0.0
2022-12-02 09:30:00-05:00,66.45999908447266,68.11000061035156,66.12000274658203,68.01499938964844,86239,0.0,0.0
2022-12-02 10:30:00-05:00,67.97029876708984,68.32499694824219,67.52899932861328,67.6500015258789,69917,0.0,0.0
2022-12-02 11:30:00-05:00,67.6050033569336,68.12000274658203,67.6050033569336,68.08499908447266,53493,0.0,0.0
2022-12-02 12:30:00-05:00,68.05999755859375,68.11000061035156,67.56999969482422,67.6050033569336,45123,0.0,0.0
2022-12-02 13:30:00-05:00,67.63999938964844,67.74019622802734,67.48999786376953,67.48999786376953,25906,0.0,0.0
2022-12-02 14:30:00-05:00,67.48509979248047,67.83000183105469,67.48509979248047,67.66999816894531,50910,0.0,0.0
2022-12-02 15:30:00-05:00,67.68000030517578,67.70500183105469,67.31999969482422,67.41999816894531,95202,0.0,0.0
2022-12-05 09:30:00-05:00,67.66999816894531,68.0,65.8499984741211,65.91999816894531,62589,0.0,0.0
2022-12-05 10:30:00-05:00,65.86000061035156,66.19930267333984,65.69999694824219,65.79000091552734,37535,0.0,0.0
2022-12-05 11:30:00-05:00,65.76000213623047,65.80999755859375,65.25509643554688,65.4800033569336,42763,0.0,0.0
2022-12-05 12:30:00-05:00,65.41000366210938,65.58499908447266,65.29000091552734,65.29000091552734,25459,0.0,0.0
2022-12-05 13:30:00-05:00,65.31999969482422,65.36000061035156,64.43499755859375,64.44000244140625,95584,0.0,0.0
2022-12-05 14:30:00-05:00,64.41000366210938,64.83499908447266,64.19999694824219,64.5250015258789,53194,0.0,0.0
2022-12-05 15:30:00-05:00,64.55000305175781,65.08899688720703,64.5250015258789,65.05000305175781,78933,0.0,0.0
2022-12-06 09:30:00-05:00,65.0,65.44999694824219,64.62000274658203,65.30000305175781,35201,0.0,0.0
2022-12-06 10:30:00-05:00,65.31500244140625,65.31500244140625,64.62010192871094,64.68499755859375,30006,0.0,0.0
2022-12-06 11:30:00-05:00,64.68499755859375,64.87989807128906,64.36000061035156,64.62000274658203,39810,0.0,0.0
2022-12-06 12:30:00-05:00,64.58999633789062,64.86000061035156,64.3499984741211,64.38099670410156,26666,0.0,0.0
2022-12-06 13:30:00-05:00,64.41500091552734,64.66000366210938,64.16000366210938,64.19000244140625,35249,0.0,0.0
2022-12-06 14:30:00-05:00,64.18000030517578,64.36499786376953,63.90999984741211,63.939998626708984,61315,0.0,0.0
2022-12-06 15:30:00-05:00,63.939998626708984,64.30000305175781,63.880001068115234,64.19000244140625,135767,0.0,0.0
2022-12-07 09:30:00-05:00,63.79999923706055,64.20999908447266,62.81949996948242,63.703399658203125,40546,0.0,0.0
2022-12-07 10:30:00-05:00,63.77989959716797,63.86000061035156,63.380001068115234,63.540000915527344,32780,0.0,0.0
2022-12-07 11:30:00-05:00,63.560001373291016,63.97999954223633,63.540000915527344,63.70000076293945,23148,0.0,0.0
2022-12-07 12:30:00-05:00,63.70000076293945,64.06999969482422,63.68000030517578,63.91999816894531,24057,0.0,0.0
2022-12-07 13:30:00-05:00,63.8916015625,64.0250015258789,63.7599983215332,63.939998626708984,25836,0.0,0.0
2022-12-07 14:30:00-05:00,63.92499923706055,64.05999755859375,63.83000183105469,63.900001525878906,47042,0.0,0.0
2022-12-07 15:30:00-05:00,63.88999938964844,63.959999084472656,63.79499816894531,63.900001525878906,78375,0.0,0.0
2022-12-08 09:30:00-05:00,64.05000305175781,64.37000274658203,63.849998474121094,64.16999816894531,161850,0.0,0.0
2022-12-08 10:30:00-05:00,64.19999694824219,64.27999877929688,63.86000061035156,64.0,73261,0.0,0.0
2022-12-08 11:30:00-05:00,64.0,64.27999877929688,63.88999938964844,63.9900016784668,84053,0.0,0.0
2022-12-08 12:30:00-05:00,63.91999816894531,63.974998474121094,63.77000045776367,63.91999816894531,22435,0.0,0.0
2022-12-08 13:30:00-05:00,63.90999984741211,64.20999908447266,63.84000015258789,64.0250015258789,39441,0.0,0.0
2022-12-08 14:30:00-05:00,64.01499938964844,64.02999877929688,63.85499954223633,63.939998626708984,39020,0.0,0.0
2022-12-08 15:30:00-05:00,63.90999984741211,63.90999984741211,63.349998474121094,63.5099983215332,128389,0.0,0.0
2022-12-09 09:30:00-05:00,63.5,63.959999084472656,61.810001373291016,62.220001220703125,70991,0.0,0.0
2022-12-09 10:30:00-05:00,62.2400016784668,62.54499816894531,62.029998779296875,62.41999816894531,46145,0.0,0.0
2022-12-09 11:30:00-05:00,62.400001525878906,62.5,61.810001373291016,61.93000030517578,44429,0.0,0.0
2022-12-09 12:30:00-05:00,61.935001373291016,62.27000045776367,61.935001373291016,62.16999816894531,53386,0.0,0.0
2022-12-09 13:30:00-05:00,62.16999816894531,62.72999954223633,62.16999816894531,62.63999938964844,47950,0.0,0.0
2022-12-09 14:30:00-05:00,62.630001068115234,62.88999938964844,62.56999969482422,62.66999816894531,48256,0.0,0.0
2022-12-09 15:30:00-05:00,62.63999938964844,62.65999984741211,62.349998474121094,62.5,89303,0.0,0.0
2022-12-12 09:30:00-05:00,62.5099983215332,62.5099983215332,61.39500045776367,62.09000015258789,78281,0.0,0.0
2022-12-12 10:30:00-05:00,62.0099983215332,62.2599983215332,61.724998474121094,61.935001373291016,62231,0.0,0.0
2022-12-12 11:30:00-05:00,61.95000076293945,62.400001525878906,61.81999969482422,61.970001220703125,72826,0.0,0.0
2022-12-12 12:30:00-05:00,61.95500183105469,62.15999984741211,61.790000915527344,61.81999969482422,44909,0.0,0.0
2022-12-12 13:30:00-05:00,61.814998626708984,62.189998626708984,61.814998626708984,62.029998779296875,67258,0.0,0.0
2022-12-12 14:30:00-05:00,61.994998931884766,62.720001220703125,61.970001220703125,62.40999984741211,257919,0.0,0.0
2022-12-12 15:30:00-05:00,62.439998626708984,62.689998626708984,62.380001068115234,62.65999984741211,123140,0.0,0.0
2022-12-13 09:30:00-05:00,64.01000213623047,64.48999786376953,62.75,63.30500030517578,64400,0.0,0.0
2022-12-13 10:30:00-05:00,63.16999816894531,63.5,62.59000015258789,62.78499984741211,60118,0.0,0.0
2022-12-13 11:30:00-05:00,62.72999954223633,62.82500076293945,62.040000915527344,62.33000183105469,51651,0.0,0.0
2022-12-13 12:30:00-05:00,62.31999969482422,62.77000045776367,62.119998931884766,62.665000915527344,74002,0.0,0.0
2022-12-13 13:30:00-05:00,62.63999938964844,62.86000061035156,62.505001068115234,62.78499984741211,62630,0.0,0.0
2022-12-13 14:30:00-05:00,62.75,63.04499816894531,62.220001220703125,62.63999938964844,59997,0.0,0.0
2022-12-13 15:30:00-05:00,62.65999984741211,62.724998474121094,62.31999969482422,62.44499969482422,129069,0.0,0.0
2022-12-14 09:30:00-05:00,63.02000045776367,63.02000045776367,62.27000045776367,62.88999938964844,26745,0.0,0.0
2022-12-14 10:30:00-05:00,62.85449981689453,63.47999954223633,62.81999969482422,63.41999816894531,35972,0.0,0.0
2022-12-14 11:30:00-05:00,63.380001068115234,63.400001525878906,62.79999923706055,62.97999954223633,28659,0.0,0.0
2022-12-14 12:30:00-05:00,62.98500061035156,63.029998779296875,62.689998626708984,62.70000076293945,35924,0.0,0.0
2022-12-14 13:30:00-05:00,62.69499969482422,62.880001068115234,61.73500061035156,62.189998626708984,45483,0.0,0.0
2022-12-14 14:30:00-05:00,62.09000015258789,62.790000915527344,61.529998779296875,61.880001068115234,59098,0.0,0.0
2022-12-14 15:30:00-05:00,61.810001373291016,62.31999969482422,61.630001068115234,62.22999954223633,77956,0.0,0.0
2022-12-15 09:30:00-05:00,61.66999816894531,61.66999816894531,60.494998931884766,60.834999084472656,71181,0.0,0.0
2022-12-15 10:30:00-05:00,60.86000061035156,61.494998931884766,60.84000015258789,61.224998474121094,54225,0.0,0.0
2022-12-15 11:30:00-05:00,61.1974983215332,61.1974983215332,60.77000045776367,60.92499923706055,34965,0.0,0.0
2022-12-15 12:30:00-05:00,61.0,61.08000183105469,60.59000015258789,60.59000015258789,30889,0.0,0.0
2022-12-15 13:30:00-05:00,60.529998779296875,60.665000915527344,60.099998474121094,60.45000076293945,27789,0.0,0.0
2022-12-15 14:30:00-05:00,60.38999938964844,60.81999969482422,60.38999938964844,60.75,42191,0.0,0.0
2022-12-15 15:30:00-05:00,60.78499984741211,60.83000183105469,60.209999084472656,60.29999923706055,101092,0.0,0.0
2022-12-16 09:30:00-05:00,59.66999816894531,60.400001525878906,59.09000015258789,59.56999969482422,161279,0.0,0.0
2022-12-16 10:30:00-05:00,59.61000061035156,59.709999084472656,59.32500076293945,59.349998474121094,50577,0.0,0.0
2022-12-16 11:30:00-05:00,59.36000061035156,59.36000061035156,58.939998626708984,59.04999923706055,47706,0.0,0.0
2022-12-16 12:30:00-05:00,59.029998779296875,59.13999938964844,58.59000015258789,58.61000061035156,51260,0.0,0.0
2022-12-16 13:30:00-05:00,58.584999084472656,59.130001068115234,58.54499816894531,59.029998779296875,59578,0.0,0.0
2022-12-16 14:30:00-05:00,58.9900016784668,59.22999954223633,58.970001220703125,59.099998474121094,83453,0.0,0.0
2022-12-16 15:30:00-05:00,59.11000061035156,59.560001373291016,58.73500061035156,59.18000030517578,227284,0.0,0.0
2022-12-19 09:30:00-05:00,59.43000030517578,60.04999923706055,58.33000183105469,58.474998474121094,76389,0.0,0.0
2022-12-19 10:30:00-05:00,58.564998626708984,58.63999938964844,57.880001068115234,58.19499969482422,62203,0.0,0.0
2022-12-19 11:30:00-05:00,58.19499969482422,58.459999084472656,58.125,58.349998474121094,35634,0.0,0.0
2022-12-19 12:30:00-05:00,58.380001068115234,58.54999923706055,58.380001068115234,58.43000030517578,40217,0.0,0.0
2022-12-19 13:30:00-05:00,58.43000030517578,58.810001373291016,58.290000915527344,58.68000030517578,37674,0.0,0.0
2022-12-19 14:30:00-05:00,58.75,59.0,58.494998931884766,58.599998474121094,59752,0.0,0.0
2022-12-19 15:30:00-05:00,58.599998474121094,58.91899871826172,58.564998626708984,58.59000015258789,112465,0.0,0.0
2022-12-20 09:30:00-05:00,58.630001068115234,59.0,58.560001373291016,58.78499984741211,28778,0.0,0.0
2022-12-20 10:30:00-05:00,58.78499984741211,58.959999084472656,58.2599983215332,58.275001525878906,86603,0.0,0.0
2022-12-20 11:30:00-05:00,58.29999923706055,58.63999938964844,58.279998779296875,58.60499954223633,31488,0.0,0.0
2022-12-20 12:30:00-05:00,58.540000915527344,58.91999816894531,58.38999938964844,58.790000915527344,33282,0.0,0.0
2022-12-20 13:30:00-05:00,58.79499816894531,58.97999954223633,58.709999084472656,58.85499954223633,50970,0.0,0.0
2022-12-20 14:30:00-05:00,58.85499954223633,58.869998931884766,58.73500061035156,58.81999969482422,52354,0.0,0.0
2022-12-20 15:30:00-05:00,58.79999923706055,58.849998474121094,58.630001068115234,58.65999984741211,118833,0.0,0.0
2022-12-21 09:30:00-05:00,59.09000015258789,59.599998474121094,58.76499938964844,59.54999923706055,53349,0.0,0.0
2022-12-21 10:30:00-05:00,59.55500030517578,60.25,59.55500030517578,60.04999923706055,59023,0.0,0.0
2022-12-21 11:30:00-05:00,60.1150016784668,60.1150016784668,59.685001373291016,59.689998626708984,36557,0.0,0.0
2022-12-21 12:30:00-05:00,59.689998626708984,60.16749954223633,59.689998626708984,59.88999938964844,25428,0.0,0.0
2022-12-21 13:30:00-05:00,59.83000183105469,60.025001525878906,59.73500061035156,59.779998779296875,43249,0.0,0.0
2022-12-21 14:30:00-05:00,59.779998779296875,60.04999923706055,59.75,59.7599983215332,42566,0.0,0.0
2022-12-21 15:30:00-05:00,59.7599983215332,59.90999984741211,59.47999954223633,59.4900016784668,94456,0.0,0.0
2022-12-22 09:30:00-05:00,59.130001068115234,59.189998626708984,57.959999084472656,58.26499938964844,33507,0.0,0.0
2022-12-22 10:30:00-05:00,58.18000030517578,58.4900016784668,58.130001068115234,58.20500183105469,22730,0.0,0.0
2022-12-22 11:30:00-05:00,58.172000885009766,58.2400016784668,57.880001068115234,57.88999938964844,17991,0.0,0.0
2022-12-22 12:30:00-05:00,57.86000061035156,57.945701599121094,57.45000076293945,57.779998779296875,25809,0.0,0.0
2022-12-22 13:30:00-05:00,57.7599983215332,57.939998626708984,57.650001525878906,57.79999923706055,39601,0.0,0.0
2022-12-22 14:30:00-05:00,57.79999923706055,58.18000030517578,57.77000045776367,58.119998931884766,63818,0.0,0.0
2022-12-22 15:30:00-05:00,58.11000061035156,58.150001525878906,57.939998626708984,58.06999969482422,70171,0.0,0.0
2022-12-23 09:30:00-05:00,58.0099983215332,58.20000076293945,57.68000030517578,58.07500076293945,17661,0.0,0.0
2022-12-23 10:30:00-05:00,58.119998931884766,58.13999938964844,57.810001373291016,57.96849822998047,24832,0.0,0.0
2022-12-23 11:30:00-05:00,57.93000030517578,58.10499954223633,57.93000030517578,58.02000045776367,20845,0.0,0.0
2022-12-23 12:30:00-05:00,58.040000915527344,58.099998474121094,57.910499572753906,58.040000915527344,28387,0.0,0.0
2022-12-23 13:30:00-05:00,58.040000915527344,58.20000076293945,58.040000915527344,58.07500076293945,42584,0.0,0.0
2022-12-23 14:30:00-05:00,58.099998474121094,58.52000045776367,58.06999969482422,58.400001525878906,46419,0.0,0.0
2022-12-23 15:30:00-05:00,58.38999938964844,58.470001220703125,58.310001373291016,58.369998931884766,51814,0.0,0.0
2022-12-27 09:30:00-05:00,58.56999969482422,58.56999969482422,58.02000045776367,58.494998931884766,34933,0.0,0.0
2022-12-27 10:30:00-05:00,58.560001373291016,58.68949890136719,58.42499923706055,58.525001525878906,34961,0.0,0.0
2022-12-27 11:30:00-05:00,58.53499984741211,58.584999084472656,58.334999084472656,58.349998474121094,32096,0.0,0.0
2022-12-27 12:30:00-05:00,58.349998474121094,58.560001373291016,58.334999084472656,58.46500015258789,34937,0.0,0.0
2022-12-27 13:30:00-05:00,58.435001373291016,58.5099983215332,58.22999954223633,58.22999954223633,61289,0.0,0.0
2022-12-27 14:30:00-05:00,58.275001525878906,58.4900016784668,58.22999954223633,58.400001525878906,79504,0.0,0.0
2022-12-27 15:30:00-05:00,58.40999984741211,58.432498931884766,58.18000030517578,58.310001373291016,91729,0.0,0.0
2022-12-28 09:30:00-05:00,58.220001220703125,58.220001220703125,57.56999969482422,57.58000183105469,25174,0.0,0.0
2022-12-28 10:30:00-05:00,57.63999938964844,57.709999084472656,56.720001220703125,56.88999938964844,53055,0.0,0.0
2022-12-28 11:30:00-05:00,56.849998474121094,57.0,56.66999816894531,56.7400016784668,32747,0.0,0.0
2022-12-28 12:30:00-05:00,56.779998779296875,57.040000915527344,56.755001068115234,56.77000045776367,41921,0.0,0.0
2022-12-28 13:30:00-05:00,56.7400016784668,56.959999084472656,56.5099983215332,56.5099983215332,29024,0.0,0.0
2022-12-28 14:30:00-05:00,56.52000045776367,56.83000183105469,56.28499984741211,56.31589889526367,58025,0.0,0.0
2022-12-28 15:30:00-05:00,56.33000183105469,56.38999938964844,56.099998474121094,56.099998474121094,86356,0.0,0.0
2022-12-29 09:30:00-05:00,56.529998779296875,57.209999084472656,56.380001068115234,56.95000076293945,43302,0.0,0.0
2022-12-29 10:30:00-05:00,56.96500015258789,57.11000061035156,56.79999923706055,56.959999084472656,36017,0.0,0.0
2022-12-29 11:30:00-05:00,56.97999954223633,57.63999938964844,56.959999084472656,57.45000076293945,66891,0.0,0.0
2022-12-29 12:30:00-05:00,57.45500183105469,57.810001373291016,57.45500183105469,57.599998474121094,33815,0.0,0.0
2022-12-29 13:30:00-05:00,57.599998474121094,58.150001525878906,57.540000915527344,58.01499938964844,83168,0.0,0.0
2022-12-29 14:30:00-05:00,57.95000076293945,57.95000076293945,57.43000030517578,57.60499954223633,52874,0.0,0.0
2022-12-29 15:30:00-05:00,57.61000061035156,57.880001068115234,57.61000061035156,57.75,85240,0.0,0.0
2022-12-30 09:30:00-05:00,57.4900016784668,58.38999938964844,56.650001525878906,57.040000915527344,34739,0.0,0.0
2022-12-30 10:30:00-05:00,57.06999969482422,57.06999969482422,56.80500030517578,56.80500030517578,24848,0.0,0.0
2022-12-30 11:30:00-05:00,56.779998779296875,56.959999084472656,56.689998626708984,56.720001220703125,54209,0.0,0.0
2022-12-30 12:30:00-05:00,56.70000076293945,56.8650016784668,56.470001220703125,56.54999923706055,46561,0.0,0.0
2022-12-30 13:30:00-05:00,56.54999923706055,56.869998931884766,56.47999954223633,56.790000915527344,59862,0.0,0.0
2022-12-30 14:30:00-05:00,56.79999923706055,57.09000015258789,56.72999954223633,56.9900016784668,37897,0.0,0.0
2022-12-30 15:30:00-05:00,56.970001220703125,57.439998626708984,56.970001220703125,57.290000915527344,78898,0.0,0.0
2023-01-03 09:30:00-05:00,58.02000045776367,58.16999816894531,57.150001525878906,57.400001525878906,100605,0.0,0.0
2023-01-03 10:30:00-05:00,57.400001525878906,57.400001525878906,56.6349983215332,56.720001220703125,288113,0.0,0.0
2023-01-03 11:30:00-05:00,56.75,57.0,56.59000015258789,56.875,286356,0.0,0.0
2023-01-03 12:30:00-05:00,56.880001068115234,57.5,56.7599983215332,57.5,71773,0.0,0.0
2023-01-03 13:30:00-05:00,57.45100021362305,57.540000915527344,56.18600082397461,56.21500015258789,130930,0.0,0.0
2023-01-03 14:30:00-05:00,56.21500015258789,56.61000061035156,55.93000030517578,56.470001220703125,106155,0.0,0.0
2023-01-03 15:30:00-05:00,56.59000015258789,56.95000076293945,56.560001373291016,56.7599983215332,111520,0.0,0.0
2023-01-04 09:30:00-05:00,57.310001373291016,57.7400016784668,56.57500076293945,56.60499954223633,154644,0.0,0.0
2023-01-04 10:30:00-05:00,56.54999923706055,57.040000915527344,56.5,56.93000030517578,149061,0.0,0.0
2023-01-04 11:30:00-05:00,56.959999084472656,57.04999923706055,56.65999984741211,56.68000030517578,57249,0.0,0.0
2023-01-04 12:30:00-05:00,56.68000030517578,56.79999923706055,56.41999816894531,56.61000061035156,54554,0.0,0.0
2023-01-04 13:30:00-05:00,56.625,56.95000076293945,56.15999984741211,56.22999954223633,373380,0.0,0.0
2023-01-04 14:30:00-05:00,56.279998779296875,56.54999923706055,55.97999954223633,56.040000915527344,66705,0.0,0.0
2023-01-04 15:30:00-05:00,56.05500030517578,56.279998779296875,55.80419921875,56.18000030517578,149544,0.0,0.0
2023-01-05 09:30:00-05:00,55.93000030517578,56.33000183105469,55.380001068115234,56.25,69686,0.0,0.0
2023-01-05 10:30:00-05:00,56.16999816894531,56.22999954223633,55.619998931884766,55.93000030517578,59758,0.0,0.0
2023-01-05 11:30:00-05:00,55.93000030517578,55.959999084472656,55.46500015258789,55.59090042114258,36882,0.0,0.0
2023-01-05 12:30:00-05:00,55.599998474121094,55.81999969482422,55.25,55.689998626708984,42824,0.0,0.0
2023-01-05 13:30:00-05:00,55.68000030517578,55.880001068115234,55.439998626708984,55.64250183105469,175859,0.0,0.0
2023-01-05 14:30:00-05:00,55.68000030517578,55.97249984741211,55.33000183105469,55.38999938964844,77956,0.0,0.0
2023-01-05 15:30:00-05:00,55.400001525878906,55.459999084472656,55.279998779296875,55.310001373291016,125298,0.0,0.0
2023-01-06 09:30:00-05:00,55.970001220703125,56.470001220703125,55.360599517822266,56.13999938964844,305105,0.0,0.0
2023-01-06 10:30:00-05:00,56.150001525878906,56.54999923706055,56.099998474121094,56.20000076293945,579344,0.0,0.0
2023-01-06 11:30:00-05:00,56.20000076293945,56.650001525878906,55.97999954223633,56.459999084472656,187653,0.0,0.0
2023-01-06 12:30:00-05:00,56.4900016784668,56.54999923706055,56.27000045776367,56.5099983215332,50580,0.0,0.0
2023-01-06 13:30:00-05:00,56.55500030517578,57.209999084472656,56.55500030517578,57.13999938964844,115831,0.0,0.0
2023-01-06 14:30:00-05:00,57.13090133666992,57.16999816894531,56.779998779296875,56.79999923706055,82218,0.0,0.0
2023-01-06 15:30:00-05:00,56.79999923706055,56.93000030517578,56.59000015258789,56.68000030517578,124392,0.0,0.0
2023-01-09 09:30:00-05:00,57.04999923706055,58.40999984741211,56.95000076293945,58.31999969482422,119895,0.0,0.0
2023-01-09 10:30:00-05:00,58.189998626708984,59.064998626708984,58.189998626708984,58.97999954223633,67864,0.0,0.0
2023-01-09 11:30:00-05:00,59.0099983215332,59.394500732421875,58.95000076293945,59.369998931884766,35336,0.0,0.0
2023-01-09 12:30:00-05:00,59.38999938964844,59.43000030517578,59.15999984741211,59.220001220703125,39392,0.0,0.0
2023-01-09 13:30:00-05:00,59.206298828125,59.31999969482422,58.880001068115234,59.064998626708984,84389,0.0,0.0
2023-01-09 14:30:00-05:00,59.02000045776367,59.08000183105469,58.77009963989258,58.959999084472656,53273,0.0,0.0
2023-01-09 15:30:00-05:00,58.93000030517578,59.11000061035156,58.869998931884766,58.95000076293945,90647,0.0,0.0
2023-01-10 09:30:00-05:00,59.040000915527344,59.040000915527344,58.290000915527344,58.52000045776367,37966,0.0,0.0
2023-01-10 10:30:00-05:00,58.29999923706055,59.150001525878906,58.189998626708984,58.97999954223633,29984,0.0,0.0
2023-01-10 11:30:00-05:00,59.060001373291016,59.19499969482422,58.869998931884766,59.11000061035156,32359,0.0,0.0
2023-01-10 12:30:00-05:00,59.154998779296875,59.220001220703125,58.939998626708984,59.0,25980,0.0,0.0
2023-01-10 13:30:00-05:00,59.0099983215332,59.01499938964844,58.724998474121094,58.90999984741211,39289,0.0,0.0
2023-01-10 14:30:00-05:00,58.93579864501953,58.95000076293945,58.560001373291016,58.63999938964844,37743,0.0,0.0
2023-01-10 15:30:00-05:00,58.63999938964844,58.849998474121094,58.60499954223633,58.79999923706055,68398,0.0,0.0
2023-01-11 09:30:00-05:00,58.790000915527344,59.68000030517578,58.66699981689453,59.57419967651367,32765,0.0,0.0
2023-01-11 10:30:00-05:00,59.630001068115234,59.630001068115234,58.72999954223633,58.755001068115234,42997,0.0,0.0
2023-01-11 11:30:00-05:00,58.744998931884766,59.0,58.310001373291016,58.95000076293945,89867,0.0,0.0
2023-01-11 12:30:00-05:00,58.95000076293945,59.119998931884766,58.790000915527344,59.06999969482422,53116,0.0,0.0
2023-01-11 13:30:00-05:00,59.099998474121094,59.099998474121094,58.7400016784668,58.81999969482422,27122,0.0,0.0
2023-01-11 14:30:00-05:00,58.79999923706055,58.849998474121094,58.599998474121094,58.630001068115234,72991,0.0,0.0
2023-01-11 15:30:00-05:00,58.6349983215332,58.720001220703125,58.400001525878906,58.56999969482422,139730,0.0,0.0
2023-01-12 09:30:00-05:00,58.689998626708984,59.5,58.45719909667969,59.43000030517578,58987,0.0,0.0
2023-01-12 10:30:00-05:00,59.5099983215332,59.880001068115234,59.45000076293945,59.70000076293945,22213,0.0,0.0
2023-01-12 11:30:00-05:00,59.689998626708984,59.8650016784668,59.47999954223633,59.79999923706055,26075,0.0,0.0
2023-01-12 12:30:00-05:00,59.81999969482422,59.93000030517578,59.31999969482422,59.31999969482422,62269,0.0,0.0
2023-01-12 13:30:00-05:00,59.375,60.05500030517578,59.279998779296875,59.57500076293945,55605,0.0,0.0
2023-01-12 14:30:00-05:00,59.57500076293945,59.70000076293945,59.310001373291016,59.36000061035156,66136,0.0,0.0
2023-01-12 15:30:00-05:00,59.33000183105469,59.4900016784668,59.220001220703125,59.36000061035156,122934,0.0,0.0
2023-01-13 09:30:00-05:00,58.779998779296875,59.6150016784668,58.66999816894531,59.54999923706055,25159,0.0,0.0
2023-01-13 10:30:00-05:00,59.540000915527344,60.06999969482422,59.40999984741211,59.939998626708984,36135,0.0,0.0
2023-01-13 11:30:00-05:00,60.02000045776367,60.4900016784668,59.970001220703125,60.48099899291992,29266,0.0,0.0
2023-01-13 12:30:00-05:00,60.4900016784668,60.529998779296875,60.25,60.31999969482422,31863,0.0,0.0
2023-01-13 13:30:00-05:00,60.349998474121094,60.810001373291016,60.349998474121094,60.65999984741211,25434,0.0,0.0
2023-01-13 14:30:00-05:00,60.65999984741211,60.84000015258789,60.52000045776367,60.84000015258789,43285,0.0,0.0
2023-01-13 15:30:00-05:00,60.84000015258789,61.06999969482422,60.79999923706055,60.900001525878906,77852,0.0,0.0
2023-01-17 09:30:00-05:00,61.630001068115234,62.209999084472656,61.23809814453125,61.70000076293945,67551,0.0,0.0
2023-01-17 10:30:00-05:00,61.70000076293945,61.77000045776367,60.8754997253418,61.02000045776367,68167,0.0,0.0
2023-01-17 11:30:00-05:00,60.9833984375,61.130001068115234,60.869998931884766,60.88999938964844,23897,0.0,0.0
2023-01-17 12:30:00-05:00,60.90999984741211,60.987701416015625,60.73500061035156,60.93000030517578,46504,0.0,0.0
2023-01-17 13:30:00-05:00,60.95000076293945,61.19499969482422,60.900001525878906,61.0099983215332,34704,0.0,0.0
2023-01-17 14:30:00-05:00,61.0099983215332,61.18000030517578,60.97999954223633,61.08000183105469,39861,0.0,0.0
2023-01-17 15:30:00-05:00,61.06999969482422,61.22999954223633,60.93000030517578,60.959999084472656,62193,0.0,0.0
2023-01-18 09:30:00-05:00,60.77000045776367,62.07500076293945,60.61000061035156,62.03450012207031,83073,0.0,0.0
2023-01-18 10:30:00-05:00,62.029998779296875,62.029998779296875,60.810001373291016,60.880001068115234,48783,0.0,0.0
2023-01-18 11:30:00-05:00,60.810001373291016,60.845001220703125,59.88999938964844,59.88999938964844,31719,0.0,0.0
2023-01-18 12:30:00-05:00,59.90999984741211,59.90999984741211,59.55500030517578,59.80500030517578,30566,0.0,0.0
2023-01-18 13:30:00-05:00,59.849998474121094,60.150001525878906,59.79999923706055,60.0,28686,0.0,0.0
2023-01-18 14:30:00-05:00,60.01499938964844,60.01499938964844,59.52000045776367,59.779998779296875,39660,0.0,0.0
2023-01-18 15:30:00-05:00,59.77000045776367,59.79499816894531,59.52000045776367,59.58000183105469,69851,0.0,0.0
2023-01-19 09:30:00-05:00,59.209999084472656,59.59000015258789,58.849998474121094,59.290000915527344,43551,0.0,0.0
2023-01-19 10:30:00-05:00,59.369998931884766,59.470001220703125,59.099998474121094,59.185001373291016,14998,0.0,0.0
2023-01-19 11:30:00-05:00,59.20500183105469,59.619998931884766,59.029998779296875,59.38999938964844,21334,0.0,0.0
2023-01-19 12:30:00-05:00,59.38999938964844,59.52000045776367,59.279998779296875,59.459999084472656,16467,0.0,0.0
2023-01-19 13:30:00-05:00,59.52000045776367,60.119998931884766,59.52000045776367,60.060001373291016,33148,0.0,0.0
2023-01-19 14:30:00-05:00,60.005001068115234,60.20000076293945,59.88999938964844,60.005001068115234,43246,0.0,0.0
2023-01-19 15:30:00-05:00,59.9900016784668,60.0,59.650001525878906,59.66999816894531,52987,0.0,0.0
2023-01-20 09:30:00-05:00,60.150001525878906,60.150001525878906,58.92539978027344,59.88999938964844,67983,0.0,0.0
2023-01-20 10:30:00-05:00,59.8385009765625,60.15999984741211,59.4900016784668,60.150001525878906,34669,0.0,0.0
2023-01-20 11:30:00-05:00,60.13999938964844,60.22999954223633,59.96500015258789,60.224998474121094,34103,0.0,0.0
2023-01-20 12:30:00-05:00,60.209999084472656,60.29499816894531,59.95000076293945,60.060001373291016,38378,0.0,0.0
2023-01-20 13:30:00-05:00,60.08000183105469,60.345001220703125,60.060001373291016,60.255001068115234,37400,0.0,0.0
2023-01-20 14:30:00-05:00,60.26499938964844,60.45000076293945,60.14500045776367,60.43000030517578,44743,0.0,0.0
2023-01-20 15:30:00-05:00,60.439998626708984,60.63999938964844,60.34000015258789,60.59000015258789,106368,0.0,0.0
2023-01-23 09:30:00-05:00,60.47999954223633,60.82500076293945,60.41999816894531,60.720001220703125,28820,0.0,0.0
2023-01-23 10:30:00-05:00,60.720001220703125,60.779998779296875,60.45000076293945,60.525001525878906,24576,0.0,0.0
2023-01-23 11:30:00-05:00,60.54999923706055,60.90999984741211,60.5,60.790000915527344,26152,0.0,0.0
2023-01-23 12:30:00-05:00,60.79999923706055,61.18000030517578,60.79999923706055,61.099998474121094,31495,0.0,0.0
2023-01-23 13:30:00-05:00,61.130001068115234,61.13999938964844,60.34000015258789,60.345001220703125,34212,0.0,0.0
2023-01-23 14:30:00-05:00,60.380001068115234,60.400001525878906,59.92409896850586,60.099998474121094,32970,0.0,0.0
2023-01-23 15:30:00-05:00,60.099998474121094,60.29999923706055,60.029998779296875,60.09000015258789,46881,0.0,0.0
2023-01-24 09:30:00-05:00,60.040000915527344,60.40999984741211,59.689998626708984,60.40999984741211,21611,0.0,0.0
2023-01-24 10:30:00-05:00,60.3849983215332,60.779998779296875,60.369998931884766,60.57849884033203,19299,0.0,0.0
2023-01-24 11:30:00-05:00,60.61000061035156,60.880001068115234,60.5099983215332,60.880001068115234,17487,0.0,0.0
2023-01-24 12:30:00-05:00,60.880001068115234,60.94670104980469,60.529998779296875,60.624698638916016,18226,0.0,0.0
2023-01-24 13:30:00-05:00,60.720001220703125,60.720001220703125,60.529998779296875,60.61000061035156,18428,0.0,0.0
2023-01-24 14:30:00-05:00,60.63959884643555,60.88999938964844,60.63959884643555,60.79999923706055,30433,0.0,0.0
2023-01-24 15:30:00-05:00,60.78499984741211,60.93000030517578,60.619998931884766,60.630001068115234,71062,0.0,0.0
2023-01-25 09:30:00-05:00,59.900001525878906,60.20500183105469,59.45000076293945,59.89500045776367,31508,0.0,0.0
2023-01-25 10:30:00-05:00,59.935001373291016,60.10499954223633,59.72999954223633,59.974998474121094,26976,0.0,0.0
2023-01-25 11:30:00-05:00,59.970001220703125,60.29999923706055,59.880001068115234,60.220001220703125,23652,0.0,0.0
2023-01-25 12:30:00-05:00,60.20000076293945,60.2599983215332,59.959999084472656,60.11000061035156,35151,0.0,0.0
2023-01-25 13:30:00-05:00,60.1349983215332,60.529998779296875,60.02000045776367,60.43000030517578,47330,0.0,0.0
2023-01-25 14:30:00-05:00,60.459999084472656,60.939998626708984,60.459999084472656,60.92499923706055,50188,0.0,0.0
2023-01-25 15:30:00-05:00,60.90999984741211,61.209999084472656,60.81999969482422,61.099998474121094,121306,0.0,0.0
2023-01-26 09:30:00-05:00,61.5,61.970001220703125,57.68000030517578,58.130001068115234,0,0.0,0.0
2023-01-26 10:30:00-05:00,58.130001068115234,58.18000030517578,56.63999938964844,56.90999984741211,55630,0.0,0.0
2023-01-26 11:30:00-05:00,56.88999938964844,57.529998779296875,56.84000015258789,57.34000015258789,39045,0.0,0.0
2023-01-26 12:30:00-05:00,57.38999938964844,57.595001220703125,57.040000915527344,57.31999969482422,31872,0.0,0.0
2023-01-26 13:30:00-05:00,57.27000045776367,57.58000183105469,57.20000076293945,57.41999816894531,32199,0.0,0.0
2023-01-26 14:30:00-05:00,57.349998474121094,58.029998779296875,57.2599983215332,57.59000015258789,66019,0.0,0.0
2023-01-26 15:30:00-05:00,57.59000015258789,57.720001220703125,57.23099899291992,57.63999938964844,89564,0.0,0.0
2023-01-27 09:30:00-05:00,57.56999969482422,57.8650016784668,57.119998931884766,57.45199966430664,29406,0.0,0.0
2023-01-27 10:30:00-05:00,57.43000030517578,57.50630187988281,56.52000045776367,56.77000045776367,32187,0.0,0.0
2023-01-27 11:30:00-05:00,56.82500076293945,56.970001220703125,56.54999923706055,56.58000183105469,29486,0.0,0.0
2023-01-27 12:30:00-05:00,56.54999923706055,56.875,56.54999923706055,56.75659942626953,20490,0.0,0.0
2023-01-27 13:30:00-05:00,56.720001220703125,56.88999938964844,56.58000183105469,56.6349983215332,31362,0.0,0.0
2023-01-27 14:30:00-05:00,56.63999938964844,56.763099670410156,56.45899963378906,56.56999969482422,37851,0.0,0.0
2023-01-27 15:30:00-05:00,56.59000015258789,56.61000061035156,56.19499969482422,56.290000915527344,73242,0.0,0.0
2023-01-30 09:30:00-05:00,55.869998931884766,56.845001220703125,55.290000915527344,56.0099983215332,57895,0.0,0.0
2023-01-30 10:30:00-05:00,56.04999923706055,56.51499938964844,55.7599983215332,56.16999816894531,50563,0.0,0.0
2023-01-30 11:30:00-05:00,56.25859832763672,56.25859832763672,55.630001068115234,55.724998474121094,38664,0.0,0.0
2023-01-30 12:30:00-05:00,55.709999084472656,55.86000061035156,55.5099983215332,55.72999954223633,36151,0.0,0.0
2023-01-30 13:30:00-05:00,55.755001068115234,56.0,55.709999084472656,55.72999954223633,33271,0.0,0.0
2023-01-30 14:30:00-05:00,55.72999954223633,55.834999084472656,55.400001525878906,55.4900016784668,59927,0.0,0.0
2023-01-30 15:30:00-05:00,55.505001068115234,55.595001220703125,55.400001525878906,55.540000915527344,118218,0.0,0.0
2023-01-31 09:30:00-05:00,58.79999923706055,60.29999923706055,57.90999984741211,60.189998626708984,233602,0.0,0.0
2023-01-31 10:30:00-05:00,60.189998626708984,60.380001068115234,58.79999923706055,59.77000045776367,120520,0.0,0.0
2023-01-31 11:30:00-05:00,59.70000076293945,60.599998474121094,59.61000061035156,60.41999816894531,75519,0.0,0.0
2023-01-31 12:30:00-05:00,60.43000030517578,60.54999923706055,59.709999084472656,60.08000183105469,59565,0.0,0.0
2023-01-31 13:30:00-05:00,60.08000183105469,60.849998474121094,59.959999084472656,60.83000183105469,74171,0.0,0.0
2023-01-31 14:30:00-05:00,60.77000045776367,61.05500030517578,60.470001220703125,60.59000015258789,108302,0.0,0.0
2023-01-31 15:30:00-05:00,60.59000015258789,61.275001525878906,60.529998779296875,60.91999816894531,212472,0.0,0.0
2023-02-01 09:30:00-05:00,60.25,60.8849983215332,59.5,60.880001068115234,111821,0.0,0.0
2023-02-01 10:30:00-05:00,60.83000183105469,60.93000030517578,60.025001525878906,60.63999938964844,87520,0.0,0.0
2023-02-01 11:30:00-05:00,60.65999984741211,61.2400016784668,60.27009963989258,61.18000030517578,88912,0.0,0.0
2023-02-01 12:30:00-05:00,61.22629928588867,61.25,60.70000076293945,60.72999954223633,105926,0.0,0.0
2023-02-01 13:30:00-05:00,60.790000915527344,61.459999084472656,60.4900016784668,61.20000076293945,73586,0.0,0.0
2023-02-01 14:30:00-05:00,61.25,62.630001068115234,61.18000030517578,62.630001068115234,148763,0.0,0.0
2023-02-01 15:30:00-05:00,62.65999984741211,62.970001220703125,62.45000076293945,62.68000030517578,197026,0.0,0.0
2023-02-02 09:30:00-05:00,63.02009963989258,63.27000045776367,61.83000183105469,62.439998626708984,85457,0.0,0.0
2023-02-02 10:30:00-05:00,62.45000076293945,63.63999938964844,62.45000076293945,63.45989990234375,86449,0.0,0.0
2023-02-02 11:30:00-05:00,63.40999984741211,63.41889953613281,62.33000183105469,62.54499816894531,50330,0.0,0.0
2023-02-02 12:30:00-05:00,62.54499816894531,63.27989959716797,62.54499816894531,63.209999084472656,55088,0.0,0.0
2023-02-02 13:30:00-05:00,63.220001220703125,63.75,63.11000061035156,63.20989990234375,83962,0.0,0.0
2023-02-02 14:30:00-05:00,63.154998779296875,63.41999816894531,62.720001220703125,62.86000061035156,109110,0.0,0.0
2023-02-02 15:30:00-05:00,62.86000061035156,63.599998474121094,62.84000015258789,63.540000915527344,152780,0.0,0.0
2023-02-03 09:30:00-05:00,62.7599983215332,63.5,62.330101013183594,63.15999984741211,40252,0.0,0.0
2023-02-03 10:30:00-05:00,63.314998626708984,63.630001068115234,63.11000061035156,63.29999923706055,53769,0.0,0.0
2023-02-03 11:30:00-05:00,63.32500076293945,63.369998931884766,62.63999938964844,62.77000045776367,22609,0.0,0.0
2023-02-03 12:30:00-05:00,62.70000076293945,62.90999984741211,62.154998779296875,62.29999923706055,29002,0.0,0.0
2023-02-03 13:30:00-05:00,62.34000015258789,62.65999984741211,62.25,62.63999938964844,35104,0.0,0.0
2023-02-03 14:30:00-05:00,62.59000015258789,62.75,62.310001373291016,62.68000030517578,49973,0.0,0.0
2023-02-03 15:30:00-05:00,62.709999084472656,62.915000915527344,62.470001220703125,62.77000045776367,93827,0.0,0.0
2023-02-06 09:30:00-05:00,62.52000045776367,62.98500061035156,61.95000076293945,62.064998626708984,37566,0.0,0.0
2023-02-06 10:30:00-05:00,62.0,62.560001373291016,61.93870162963867,62.5,24339,0.0,0.0
2023-02-06 11:30:00-05:00,62.619998931884766,62.619998931884766,62.27000045776367,62.33000183105469,21359,0.0,0.0
2023-02-06 12:30:00-05:00,62.349998474121094,62.459999084472656,62.29999923706055,62.380001068115234,21412,0.0,0.0
2023-02-06 13:30:00-05:00,62.310001373291016,62.625,62.310001373291016,62.54990005493164,36838,0.0,0.0
2023-02-06 14:30:00-05:00,62.470001220703125,62.52000045776367,62.15999984741211,62.224998474121094,45913,0.0,0.0
2023-02-06 15:30:00-05:00,62.189998626708984,62.810001373291016,62.09000015258789,62.720001220703125,110229,0.0,0.0
2023-02-07 09:30:00-05:00,62.90999984741211,63.16899871826172,61.7401008605957,62.060001373291016,0,0.0,0.0
2023-02-07 10:30:00-05:00,62.0,62.4900016784668,61.94499969482422,62.4900016784668,36156,0.0,0.0
2023-02-07 11:30:00-05:00,62.5,62.650001525878906,62.04999923706055,62.224998474121094,30657,0.0,0.0
2023-02-07 12:30:00-05:00,62.2400016784668,62.79999923706055,62.209999084472656,62.22999954223633,41138,0.0,0.0
2023-02-07 13:30:00-05:00,62.150001525878906,63.0,61.79999923706055,62.94990158081055,58361,0.0,0.0
2023-02-07 14:30:00-05:00,62.994998931884766,63.290000915527344,62.77000045776367,63.07500076293945,64047,0.0,0.0
2023-02-07 15:30:00-05:00,63.05500030517578,63.2400016784668,62.810001373291016,62.91999816894531,101770,0.0,0.0
2023-02-08 09:30:00-05:00,62.45000076293945,62.59000015258789,61.59000015258789,62.43000030517578,41746,0.0,0.0
2023-02-08 10:30:00-05:00,62.34000015258789,62.34000015258789,61.349998474121094,61.619998931884766,30062,0.0,0.0
2023-02-08 11:30:00-05:00,61.55500030517578,61.75,61.28499984741211,61.70500183105469,19421,0.0,0.0
2023-02-08 12:30:00-05:00,61.790000915527344,61.790000915527344,61.47999954223633,61.58000183105469,19203,0.0,0.0
2023-02-08 13:30:00-05:00,61.60499954223633,61.7400016784668,61.369998931884766,61.459999084472656,24750,0.0,0.0
2023-02-08 14:30:00-05:00,61.459999084472656,61.79499816894531,61.43000030517578,61.625,29463,0.0,0.0
2023-02-08 15:30:00-05:00,61.65999984741211,62.08000183105469,61.65999984741211,62.06999969482422,101442,0.0,0.0
2023-02-09 09:30:00-05:00,62.65999984741211,63.22869873046875,61.95000076293945,62.31999969482422,45501,0.0,0.0
2023-02-09 10:30:00-05:00,62.20000076293945,62.70000076293945,62.150001525878906,62.4900016784668,66223,0.0,0.0
2023-02-09 11:30:00-05:00,62.459999084472656,62.4900016784668,61.68000030517578,61.70000076293945,33167,0.0,0.0
2023-02-09 12:30:00-05:00,61.72999954223633,61.7599983215332,61.189998626708984,61.2599983215332,31330,0.0,0.0
2023-02-09 13:30:00-05:00,61.16999816894531,61.220001220703125,60.6349983215332,60.6349983215332,35090,0.0,0.0
2023-02-09 14:30:00-05:00,60.650001525878906,60.77000045776367,60.36000061035156,60.72999954223633,55638,0.0,0.0
2023-02-09 15:30:00-05:00,60.714500427246094,61.060001373291016,60.43000030517578,60.939998626708984,161168,0.0,0.0
2023-02-10 09:30:00-05:00,60.88999938964844,61.68000030517578,60.310001373291016,61.68000030517578,42579,0.0,0.0
2023-02-10 10:30:00-05:00,61.665199279785156,61.929901123046875,61.45500183105469,61.470001220703125,31984,0.0,0.0
2023-02-10 11:30:00-05:00,61.380001068115234,61.72999954223633,61.31999969482422,61.599998474121094,31522,0.0,0.0
2023-02-10 12:30:00-05:00,61.65999984741211,62.310001373291016,61.58000183105469,62.29999923706055,43187,0.0,0.0
2023-02-10 13:30:00-05:00,62.27000045776367,62.54999923706055,62.119998931884766,62.279998779296875,47534,0.0,0.0
2023-02-10 14:30:00-05:00,62.290000915527344,62.58000183105469,62.290000915527344,62.56999969482422,42326,0.0,0.0
2023-02-10 15:30:00-05:00,62.599998474121094,62.65999984741211,62.400001525878906,62.400001525878906,78803,0.0,0.0
2023-02-13 09:30:00-05:00,62.65999984741211,63.150001525878906,61.529998779296875,63.13999938964844,79365,0.0,0.0
2023-02-13 10:30:00-05:00,63.13999938964844,64.44000244140625,62.99190139770508,64.44000244140625,211255,0.0,0.0
2023-02-13 11:30:00-05:00,64.44999694824219,64.87999725341797,64.08000183105469,64.6500015258789,103860,0.0,0.0
2023-02-13 12:30:00-05:00,64.71499633789062,65.25,64.6500015258789,65.0999984741211,109474,0.0,0.0
2023-02-13 13:30:00-05:00,65.1500015258789,65.58000183105469,65.11000061035156,65.30000305175781,76532,0.0,0.0
2023-02-13 14:30:00-05:00,65.33000183105469,65.4000015258789,64.78500366210938,65.0199966430664,79946,0.0,0.0
2023-02-13 15:30:00-05:00,64.98500061035156,65.19999694824219,64.66999816894531,64.83000183105469,143171,0.0,0.0
2023-02-14 09:30:00-05:00,64.29000091552734,65.39990234375,64.2500991821289,64.69999694824219,66675,0.0,0.0
2023-02-14 10:30:00-05:00,64.64209747314453,64.7300033569336,63.75,64.24500274658203,109611,0.0,0.0
2023-02-14 11:30:00-05:00,64.18000030517578,64.41000366210938,63.85110092163086,64.33000183105469,28181,0.0,0.0
2023-02-14 12:30:00-05:00,64.29000091552734,64.95999908447266,64.29000091552734,64.79000091552734,53650,0.0,0.0
2023-02-14 13:30:00-05:00,64.80000305175781,65.19989776611328,64.69999694824219,64.9800033569336,38756,0.0,0.0
2023-02-14 14:30:00-05:00,65.04000091552734,65.16000366210938,64.80000305175781,64.83499908447266,47842,0.0,0.0
2023-02-14 15:30:00-05:00,64.82499694824219,65.01280212402344,64.31999969482422,64.4000015258789,96753,0.0,0.0
2023-02-15 09:30:00-05:00,63.880001068115234,64.4800033569336,63.5099983215332,63.939998626708984,49851,0.0,0.0
2023-02-15 10:30:00-05:00,63.9900016784668,64.66000366210938,63.974998474121094,64.16999816894531,48341,0.0,0.0
2023-02-15 11:30:00-05:00,64.23999786376953,64.30000305175781,63.81999969482422,63.939998626708984,38403,0.0,0.0
2023-02-15 12:30:00-05:00,64.01000213623047,64.41999816894531,64.01000213623047,64.37000274658203,19521,0.0,0.0
2023-02-15 13:30:00-05:00,64.3949966430664,64.86000061035156,64.3499984741211,64.63999938964844,43262,0.0,0.0
2023-02-15 14:30:00-05:00,64.69000244140625,64.9800033569336,64.54010009765625,64.63999938964844,68539,0.0,0.0
2023-02-15 15:30:00-05:00,64.5999984741211,64.71499633789062,64.36000061035156,64.37999725341797,71708,0.0,0.0
2023-02-16 09:30:00-05:00,63.34000015258789,64.16500091552734,63.27000045776367,63.52000045776367,54045,0.0,0.0
2023-02-16 10:30:00-05:00,63.61000061035156,64.12999725341797,63.61000061035156,64.06999969482422,21403,0.0,0.0
2023-02-16 11:30:00-05:00,64.03900146484375,64.16999816894531,63.849998474121094,64.0999984741211,17631,0.0,0.0
2023-02-16 12:30:00-05:00,64.13500213623047,64.29000091552734,64.01499938964844,64.06500244140625,20256,0.0,0.0
2023-02-16 13:30:00-05:00,63.95000076293945,64.38999938964844,63.95000076293945,64.38999938964844,26203,0.0,0.0
2023-02-16 14:30:00-05:00,64.43000030517578,64.43000030517578,63.89950180053711,63.9900016784668,35018,0.0,0.0
2023-02-16 15:30:00-05:00,64.0199966430664,64.20999908447266,63.849998474121094,63.849998474121094,80664,0.0,0.0
2023-02-17 09:30:00-05:00,63.9900016784668,64.80000305175781,63.5,64.44000244140625,76199,0.0,0.0
2023-02-17 10:30:00-05:00,64.49500274658203,64.55000305175781,63.779998779296875,63.959999084472656,61297,0.0,0.0
2023-02-17 11:30:00-05:00,63.959999084472656,64.12000274658203,63.880001068115234,63.98820114135742,21045,0.0,0.0
2023-02-17 12:30:00-05:00,63.95000076293945,64.0,63.36000061035156,63.650001525878906,71670,0.0,0.0
2023-02-17 13:30:00-05:00,63.665000915527344,63.75,63.4900016784668,63.72079849243164,26647,0.0,0.0
2023-02-17 14:30:00-05:00,63.70000076293945,63.97999954223633,63.61000061035156,63.7599983215332,32551,0.0,0.0
2023-02-17 15:30:00-05:00,63.81999969482422,63.97999954223633,63.529998779296875,63.56999969482422,60631,0.0,0.0
2023-02-21 09:30:00-05:00,62.7400016784668,63.7599983215332,62.209999084472656,62.564998626708984,87235,0.0,0.0
2023-02-21 10:30:00-05:00,62.599998474121094,62.65010070800781,61.7400016784668,61.79499816894531,51388,0.0,0.0
2023-02-21 11:30:00-05:00,61.84000015258789,62.040000915527344,61.65999984741211,61.76499938964844,34326,0.0,0.0
2023-02-21 12:30:00-05:00,61.75809860229492,61.95000076293945,61.1619987487793,61.255001068115234,51485,0.0,0.0
2023-02-21 13:30:00-05:00,61.189998626708984,61.619998931884766,60.939998626708984,61.2599983215332,46022,0.0,0.0
2023-02-21 14:30:00-05:00,61.29999923706055,61.55500030517578,61.22999954223633,61.34000015258789,35486,0.0,0.0
2023-02-21 15:30:00-05:00,61.369998931884766,61.44499969482422,61.099998474121094,61.16999816894531,80838,0.0,0.0
2023-02-22 09:30:00-05:00,60.970001220703125,61.54499816894531,60.350101470947266,61.029998779296875,73151,0.0,0.0
2023-02-22 10:30:00-05:00,60.98500061035156,61.5,60.90999984741211,61.32500076293945,29039,0.0,0.0
2023-02-22 11:30:00-05:00,61.369998931884766,61.5099983215332,61.189998626708984,61.5099983215332,21757,0.0,0.0
2023-02-22 12:30:00-05:00,61.483001708984375,61.790000915527344,61.380001068115234,61.790000915527344,18063,0.0,0.0
2023-02-22 13:30:00-05:00,61.790000915527344,61.84000015258789,61.27000045776367,61.459999084472656,26238,0.0,0.0
2023-02-22 14:30:00-05:00,61.369998931884766,61.43000030517578,60.994998931884766,61.08000183105469,24795,0.0,0.0
2023-02-22 15:30:00-05:00,61.04999923706055,61.349998474121094,61.0,61.15999984741211,54780,0.0,0.0
2023-02-23 09:30:00-05:00,61.959999084472656,62.209999084472656,61.560001373291016,61.81999969482422,37017,0.0,0.0
2023-02-23 10:30:00-05:00,61.779998779296875,61.779998779296875,60.83000183105469,61.029998779296875,20897,0.0,0.0
2023-02-23 11:30:00-05:00,60.970001220703125,61.01499938964844,60.47999954223633,60.56999969482422,30473,0.0,0.0
2023-02-23 12:30:00-05:00,60.61000061035156,60.91999816894531,60.61000061035156,60.790000915527344,24306,0.0,0.0
2023-02-23 13:30:00-05:00,60.82500076293945,61.20000076293945,60.7599983215332,61.150001525878906,16680,0.0,0.0
2023-02-23 14:30:00-05:00,61.150001525878906,61.4900016784668,61.150001525878906,61.459999084472656,14350,0.0,0.0
2023-02-23 15:30:00-05:00,61.41999816894531,61.5,61.227298736572266,61.290000915527344,31923,0.0,0.0
2023-02-24 09:30:00-05:00,60.41999816894531,60.86000061035156,59.209999084472656,60.290000915527344,88429,0.0,0.0
2023-02-24 10:30:00-05:00,60.290000915527344,60.71500015258789,59.9900016784668,60.650001525878906,42033,0.0,0.0
2023-02-24 11:30:00-05:00,60.61000061035156,60.90999984741211,60.38999938964844,60.599998474121094,13993,0.0,0.0
2023-02-24 12:30:00-05:00,60.63999938964844,60.75,60.43000030517578,60.709999084472656,18762,0.0,0.0
2023-02-24 13:30:00-05:00,60.66999816894531,60.81999969482422,60.560001373291016,60.790000915527344,17450,0.0,0.0
2023-02-24 14:30:00-05:00,60.75,61.040000915527344,60.7400016784668,60.77000045776367,25744,0.0,0.0
2023-02-24 15:30:00-05:00,60.7400016784668,60.939998626708984,60.47999954223633,60.88999938964844,60045,0.0,0.0
2023-02-27 09:30:00-05:00,61.599998474121094,61.939998626708984,61.029998779296875,61.41889953613281,28788,0.0,0.0
2023-02-27 10:30:00-05:00,61.31999969482422,61.369998931884766,61.06999969482422,61.130001068115234,17684,0.0,0.0
2023-02-27 11:30:00-05:00,61.0,61.0,60.7400016784668,60.84000015258789,13350,0.0,0.0
2023-02-27 12:30:00-05:00,60.880001068115234,61.029998779296875,60.77799987792969,60.974998474121094,9753,0.0,0.0
2023-02-27 13:30:00-05:00,61.04999923706055,61.18000030517578,60.93000030517578,61.0099983215332,20830,0.0,0.0
2023-02-27 14:30:00-05:00,61.060001373291016,61.08000183105469,60.849998474121094,60.88999938964844,22086,0.0,0.0
2023-02-27 15:30:00-05:00,60.880001068115234,61.04999923706055,60.779998779296875,60.90999984741211,29909,0.0,0.0
2023-02-28 09:30:00-05:00,61.040000915527344,61.290000915527344,60.70009994506836,61.119998931884766,28590,0.0,0.0
2023-02-28 10:30:00-05:00,61.16999816894531,61.16999816894531,60.779998779296875,60.779998779296875,9780,0.0,0.0
2023-02-28 11:30:00-05:00,60.77000045776367,60.90999984741211,60.54999923706055,60.86000061035156,23712,0.0,0.0
2023-02-28 12:30:00-05:00,60.81999969482422,60.915000915527344,60.665000915527344,60.81999969482422,11523,0.0,0.0
2023-02-28 13:30:00-05:00,60.849998474121094,60.849998474121094,60.70000076293945,60.7400016784668,12922,0.0,0.0
2023-02-28 14:30:00-05:00,60.75,60.88999938964844,60.709999084472656,60.779998779296875,20285,0.0,0.0
2023-02-28 15:30:00-05:00,60.77000045776367,60.78499984741211,60.41999816894531,60.4900016784668,48349,0.0,0.0
2023-03-01 09:30:00-05:00,60.79999923706055,61.79499816894531,60.79999923706055,61.470001220703125,35774,0.0,0.0
2023-03-01 10:30:00-05:00,61.47999954223633,61.849998474121094,60.779998779296875,60.83000183105469,42831,0.0,0.0
2023-03-01 11:30:00-05:00,60.880001068115234,61.625,60.79999923706055,61.51499938964844,53235,0.0,0.0
2023-03-01 12:30:00-05:00,61.52090072631836,61.61000061035156,61.040000915527344,61.11000061035156,23831,0.0,0.0
2023-03-01 13:30:00-05:00,61.11000061035156,61.11000061035156,60.709999084472656,60.78499984741211,30548,0.0,0.0
2023-03-01 14:30:00-05:00,60.7599983215332,60.95000076293945,60.689998626708984,60.84000015258789,38139,0.0,0.0
2023-03-01 15:30:00-05:00,60.834999084472656,61.040000915527344,60.7400016784668,61.0,67248,0.0,0.0
2023-03-02 09:30:00-05:00,60.470001220703125,60.470001220703125,59.189998626708984,59.77000045776367,50240,0.0,0.0
2023-03-02 10:30:00-05:00,59.68000030517578,59.83089828491211,59.59000015258789,59.63999938964844,17500,0.0,0.0
2023-03-02 11:30:00-05:00,59.66999816894531,59.720001220703125,59.40999984741211,59.53499984741211,17651,0.0,0.0
2023-03-02 12:30:00-05:00,59.560001373291016,59.689998626708984,59.41999816894531,59.57780075073242,24534,0.0,0.0
2023-03-02 13:30:00-05:00,59.619998931884766,60.344600677490234,59.619998931884766,60.344600677490234,22184,0.0,0.0
2023-03-02 14:30:00-05:00,60.34000015258789,60.34000015258789,59.974998474121094,60.09000015258789,25635,0.0,0.0
2023-03-02 15:30:00-05:00,60.119998931884766,60.279998779296875,59.9900016784668,60.029998779296875,39267,0.0,0.0
2023-03-03 09:30:00-05:00,60.2599983215332,60.369998931884766,59.689998626708984,60.20000076293945,21584,0.0,0.0
2023-03-03 10:30:00-05:00,60.209999084472656,60.52000045776367,60.15999984741211,60.39500045776367,21316,0.0,0.0
2023-03-03 11:30:00-05:00,60.43000030517578,60.619998931884766,60.415000915527344,60.435001373291016,16094,0.0,0.0
2023-03-03 12:30:00-05:00,60.404998779296875,60.56999969482422,60.11000061035156,60.20500183105469,18893,0.0,0.0
2023-03-03 13:30:00-05:00,60.21500015258789,60.33000183105469,60.09000015258789,60.275001525878906,24214,0.0,0.0
2023-03-03 14:30:00-05:00,60.275001525878906,60.41999816894531,60.2599983215332,60.32500076293945,33307,0.0,0.0
2023-03-03 15:30:00-05:00,60.34000015258789,60.459999084472656,60.18000030517578,60.38999938964844,62730,0.0,0.0
2023-03-06 09:30:00-05:00,60.25,60.54999923706055,60.02000045776367,60.18000030517578,49664,0.0,0.0
2023-03-06 10:30:00-05:00,60.2599983215332,60.5099983215332,60.22999954223633,60.45000076293945,42898,0.0,0.0
2023-03-06 11:30:00-05:00,60.439998626708984,60.470001220703125,59.97999954223633,60.060001373291016,40808,0.0,0.0
2023-03-06 12:30:00-05:00,60.08000183105469,60.314998626708984,59.97999954223633,60.15999984741211,29182,0.0,0.0
2023-03-06 13:30:00-05:00,60.20000076293945,60.25,59.970001220703125,60.060001373291016,36472,0.0,0.0
2023-03-06 14:30:00-05:00,60.099998474121094,60.279998779296875,59.91999816894531,60.20000076293945,58528,0.0,0.0
2023-03-06 15:30:00-05:00,60.20000076293945,60.41999816894531,60.11000061035156,60.41999816894531,77639,0.0,0.0
2023-03-07 09:30:00-05:00,60.34000015258789,60.869998931884766,60.25,60.43000030517578,20534,0.0,0.0
2023-03-07 10:30:00-05:00,60.415000915527344,60.54999923706055,59.959999084472656,60.150001525878906,24397,0.0,0.0
2023-03-07 11:30:00-05:00,60.16999816894531,60.31999969482422,60.04999923706055,60.20000076293945,16505,0.0,0.0
2023-03-07 12:30:00-05:00,60.220001220703125,60.26070022583008,59.75,59.91999816894531,29169,0.0,0.0
2023-03-07 13:30:00-05:00,59.939998626708984,59.95000076293945,59.23500061035156,59.58000183105469,30843,0.0,0.0
2023-03-07 14:30:00-05:00,59.61000061035156,59.75,59.40399932861328,59.7400016784668,38548,0.0,0.0
2023-03-07 15:30:00-05:00,59.75,60.09000015258789,59.7400016784668,60.0099983215332,43844,0.0,0.0
2023-03-08 09:30:00-05:00,60.119998931884766,60.400001525878906,59.689998626708984,60.161598205566406,33425,0.0,0.0
2023-03-08 10:30:00-05:00,60.22999954223633,60.610801696777344,60.189998626708984,60.34000015258789,17924,0.0,0.0
2023-03-08 11:30:00-05:00,60.290000915527344,60.439998626708984,60.040000915527344,60.27000045776367,36332,0.0,0.0
2023-03-08 12:30:00-05:00,60.27000045776367,60.47999954223633,60.064998626708984,60.15999984741211,32709,0.0,0.0
2023-03-08 13:30:00-05:00,60.15999984741211,60.16999816894531,59.88999938964844,59.90999984741211,14727,0.0,0.0
2023-03-08 14:30:00-05:00,59.939998626708984,60.17499923706055,59.790000915527344,60.15999984741211,24566,0.0,0.0
2023-03-08 15:30:00-05:00,60.130001068115234,60.519901275634766,60.130001068115234,60.41999816894531,46005,0.0,0.0
2023-03-09 09:30:00-05:00,60.52000045776367,60.90999984741211,60.189998626708984,60.2864990234375,43854,0.0,0.0
2023-03-09 10:30:00-05:00,60.25,60.86830139160156,60.209999084472656,60.724998474121094,17894,0.0,0.0
2023-03-09 11:30:00-05:00,60.7400016784668,60.959999084472656,60.51499938964844,60.70000076293945,31423,0.0,0.0
2023-03-09 12:30:00-05:00,60.7599983215332,60.81999969482422,60.439998626708984,60.52000045776367,18197,0.0,0.0
2023-03-09 13:30:00-05:00,60.52000045776367,60.54990005493164,59.97999954223633,60.15999984741211,28539,0.0,0.0
2023-03-09 14:30:00-05:00,60.13999938964844,60.2400016784668,59.540000915527344,59.77000045776367,35102,0.0,0.0
2023-03-09 15:30:00-05:00,59.709999084472656,59.86000061035156,59.5,59.61000061035156,50194,0.0,0.0
2023-03-10 09:30:00-05:00,59.349998474121094,59.439998626708984,58.21500015258789,58.41999816894531,61677,0.0,0.0
2023-03-10 10:30:00-05:00,58.41999816894531,59.060001373291016,58.11009979248047,59.060001373291016,26985,0.0,0.0
2023-03-10 11:30:00-05:00,59.15999984741211,59.31999969482422,58.45000076293945,58.470001220703125,18425,0.0,0.0
2023-03-10 12:30:00-05:00,58.5,58.65999984741211,57.820098876953125,57.93000030517578,22101,0.0,0.0
2023-03-10 13:30:00-05:00,57.79999923706055,58.06999969482422,57.459999084472656,57.83000183105469,23366,0.0,0.0
2023-03-10 14:30:00-05:00,57.86000061035156,58.35499954223633,57.849998474121094,58.150001525878906,76737,0.0,0.0
2023-03-10 15:30:00-05:00,58.119998931884766,58.27000045776367,57.65999984741211,58.209999084472656,106241,0.0,0.0
2023-03-13 09:30:00-04:00,57.27000045776367,58.655399322509766,56.65599822998047,57.90999984741211,55492,0.0,0.0
2023-03-13 10:30:00-04:00,58.02000045776367,58.8650016784668,57.83000183105469,58.4900016784668,49434,0.0,0.0
2023-03-13 11:30:00-04:00,58.59000015258789,58.81999969482422,58.09000015258789,58.43000030517578,34020,0.0,0.0
2023-03-13 12:30:00-04:00,58.5,58.5,57.43000030517578,57.5,38553,0.0,0.0
2023-03-13 13:30:00-04:00,57.459999084472656,57.93000030517578,57.36000061035156,57.75,31546,0.0,0.0
2023-03-13 14:30:00-04:00,57.86000061035156,58.040000915527344,57.150001525878906,57.27000045776367,26241,0.0,0.0
2023-03-13 15:30:00-04:00,57.279998779296875,57.61000061035156,57.189998626708984,57.29999923706055,43413,0.0,0.0
2023-03-14 09:30:00-04:00,58.84000015258789,59.290000915527344,58.68000030517578,59.005001068115234,44368,0.0,0.0
2023-03-14 10:30:00-04:00,59.029998779296875,59.58000183105469,58.8849983215332,59.349998474121094,41879,0.0,0.0
2023-03-14 11:30:00-04:00,59.31999969482422,59.790000915527344,59.279998779296875,59.67499923706055,30341,0.0,0.0
2023-03-14 12:30:00-04:00,59.56999969482422,59.7400016784668,58.98500061035156,59.22669982910156,30570,0.0,0.0
2023-03-14 13:30:00-04:00,59.13999938964844,59.209999084472656,58.59000015258789,58.93000030517578,35057,0.0,0.0
2023-03-14 14:30:00-04:00,59.0,59.040000915527344,58.16999816894531,58.2599983215332,45919,0.0,0.0
2023-03-14 15:30:00-04:00,58.25,58.83000183105469,58.209999084472656,58.79999923706055,63753,0.0,0.0
2023-03-15 09:30:00-04:00,57.2599983215332,58.15999984741211,55.974998474121094,56.1349983215332,43822,0.0,0.0
2023-03-15 10:30:00-04:00,56.13999938964844,56.970001220703125,56.0099983215332,56.775001525878906,29441,0.0,0.0
2023-03-15 11:30:00-04:00,56.70000076293945,56.75,56.06999969482422,56.17499923706055,30366,0.0,0.0
2023-03-15 12:30:00-04:00,56.33000183105469,56.689998626708984,56.029998779296875,56.40999984741211,23240,0.0,0.0
2023-03-15 13:30:00-04:00,56.34000015258789,56.9900016784668,56.11000061035156,56.9474983215332,28738,0.0,0.0
2023-03-15 14:30:00-04:00,56.97999954223633,57.21500015258789,56.7400016784668,57.13999938964844,54949,0.0,0.0
2023-03-15 15:30:00-04:00,57.14500045776367,57.2599983215332,56.810001373291016,57.2599983215332,109186,0.0,0.0
2023-03-16 09:30:00-04:00,56.209999084472656,56.43000030517578,55.52000045776367,55.88999938964844,26143,0.0,0.0
2023-03-16 10:30:00-04:00,56.02000045776367,57.31999969482422,55.970001220703125,56.97999954223633,42957,0.0,0.0
2023-03-16 11:30:00-04:00,57.0099983215332,57.77000045776367,56.939998626708984,57.52000045776367,27305,0.0,0.0
2023-03-16 12:30:00-04:00,57.505001068115234,58.18000030517578,57.439998626708984,57.96500015258789,21480,0.0,0.0
2023-03-16 13:30:00-04:00,57.970001220703125,57.970001220703125,57.459999084472656,57.54999923706055,21859,0.0,0.0
2023-03-16 14:30:00-04:00,57.58000183105469,58.32500076293945,57.42499923706055,58.2599983215332,36464,0.0,0.0
2023-03-16 15:30:00-04:00,58.279998779296875,58.279998779296875,57.709999084472656,57.779998779296875,60722,0.0,0.0
2023-03-17 09:30:00-04:00,57.58000183105469,57.75,57.084999084472656,57.334999084472656,109057,0.0,0.0
2023-03-17 10:30:00-04:00,57.43730163574219,57.43730163574219,56.595001220703125,56.689998626708984,15887,0.0,0.0
2023-03-17 11:30:00-04:00,56.70500183105469,57.04999923706055,56.599998474121094,57.03499984741211,16517,0.0,0.0
2023-03-17 12:30:00-04:00,57.16999816894531,57.220001220703125,56.810001373291016,56.880001068115234,15575,0.0,0.0
2023-03-17 13:30:00-04:00,56.87009811401367,56.98500061035156,56.540000915527344,56.55500030517578,19225,0.0,0.0
2023-03-17 14:30:00-04:00,56.540000915527344,56.810001373291016,56.5099983215332,56.810001373291016,25724,0.0,0.0
2023-03-17 15:30:00-04:00,56.779998779296875,56.900001525878906,56.58000183105469,56.70000076293945,71631,0.0,0.0
2023-03-20 09:30:00-04:00,57.41999816894531,58.529998779296875,57.41999816894531,58.4900016784668,28557,0.0,0.0
2023-03-20 10:30:00-04:00,58.564998626708984,58.95000076293945,58.439998626708984,58.95000076293945,23624,0.0,0.0
2023-03-20 11:30:00-04:00,58.93000030517578,58.93000030517578,58.04999923706055,58.22999954223633,16560,0.0,0.0
2023-03-20 12:30:00-04:00,58.31999969482422,58.6593017578125,58.09000015258789,58.5099983215332,26128,0.0,0.0
2023-03-20 13:30:00-04:00,58.54999923706055,58.599998474121094,58.150001525878906,58.31999969482422,27154,0.0,0.0
2023-03-20 14:30:00-04:00,58.25,58.33000183105469,58.04999923706055,58.15999984741211,30410,0.0,0.0
2023-03-20 15:30:00-04:00,58.25,58.25,57.88999938964844,58.02000045776367,47013,0.0,0.0
2023-03-21 09:30:00-04:00,59.0,59.95000076293945,57.88999938964844,59.11000061035156,42340,0.0,0.0
2023-03-21 10:30:00-04:00,59.06999969482422,59.07500076293945,58.369998931884766,58.40999984741211,19900,0.0,0.0
2023-03-21 11:30:00-04:00,58.400299072265625,58.439998626708984,58.04999923706055,58.099998474121094,24431,0.0,0.0
2023-03-21 12:30:00-04:00,58.16999816894531,58.2760009765625,57.939998626708984,58.099998474121094,17641,0.0,0.0
2023-03-21 13:30:00-04:00,58.14500045776367,58.279998779296875,57.880001068115234,58.11000061035156,26539,0.0,0.0
2023-03-21 14:30:00-04:00,58.06999969482422,58.599998474121094,58.06999969482422,58.314998626708984,32705,0.0,0.0
2023-03-21 15:30:00-04:00,58.34000015258789,58.683799743652344,58.33000183105469,58.54999923706055,90051,0.0,0.0
2023-03-22 09:30:00-04:00,58.470001220703125,59.029998779296875,58.349998474121094,58.88999938964844,11663,0.0,0.0
2023-03-22 10:30:00-04:00,58.915000915527344,58.95000076293945,58.52000045776367,58.540000915527344,14201,0.0,0.0
2023-03-22 11:30:00-04:00,58.5,58.560001373291016,58.41999816894531,58.560001373291016,9597,0.0,0.0
2023-03-22 12:30:00-04:00,58.529998779296875,58.54999923706055,58.290000915527344,58.489898681640625,13721,0.0,0.0
2023-03-22 13:30:00-04:00,58.4900016784668,58.79999923706055,58.29999923706055,58.619998931884766,22618,0.0,0.0
2023-03-22 14:30:00-04:00,58.52000045776367,58.939998626708984,57.80500030517578,58.470001220703125,35401,0.0,0.0
2023-03-22 15:30:00-04:00,58.52000045776367,58.52000045776367,57.33000183105469,57.33000183105469,53373,0.0,0.0
2023-03-23 09:30:00-04:00,57.70000076293945,58.47999954223633,57.70000076293945,58.400001525878906,13664,0.0,0.0
2023-03-23 10:30:00-04:00,58.5,58.84000015258789,58.33000183105469,58.65999984741211,17457,0.0,0.0
2023-03-23 11:30:00-04:00,58.625,58.689998626708984,57.900001525878906,57.970001220703125,25488,0.0,0.0
2023-03-23 12:30:00-04:00,57.95000076293945,57.95000076293945,57.41999816894531,57.470001220703125,21892,0.0,0.0
2023-03-23 13:30:00-04:00,57.5099983215332,57.79499816894531,57.290000915527344,57.29999923706055,16649,0.0,0.0
2023-03-23 14:30:00-04:00,57.209999084472656,57.599998474121094,56.88999938964844,57.20000076293945,29578,0.0,0.0
2023-03-23 15:30:00-04:00,57.20000076293945,57.70000076293945,57.130001068115234,57.310001373291016,50051,0.0,0.0
2023-03-24 09:30:00-04:00,56.79999923706055,57.06999969482422,56.189998626708984,56.822898864746094,25816,0.0,0.0
2023-03-24 10:30:00-04:00,57.18000030517578,57.18000030517578,56.44499969482422,56.6150016784668,15531,0.0,0.0
2023-03-24 11:30:00-04:00,56.625,57.290000915527344,56.61000061035156,57.060001373291016,10872,0.0,0.0
2023-03-24 12:30:00-04:00,57.02750015258789,57.34000015258789,57.025001525878906,57.2400016784668,13420,0.0,0.0
2023-03-24 13:30:00-04:00,57.16999816894531,57.20000076293945,56.86000061035156,57.0099983215332,16124,0.0,0.0
2023-03-24 14:30:00-04:00,57.040000915527344,57.38999938964844,57.02000045776367,57.33000183105469,24636,0.0,0.0
2023-03-24 15:30:00-04:00,57.369998931884766,57.41999816894531,56.97999954223633,57.16999816894531,40533,0.0,0.0
2023-03-27 09:30:00-04:00,57.63999938964844,58.29499816894531,57.63999938964844,58.02000045776367,18110,0.0,0.0
2023-03-27 10:30:00-04:00,57.84000015258789,57.935001373291016,57.67499923706055,57.880001068115234,13532,0.0,0.0
2023-03-27 11:30:00-04:00,57.959999084472656,58.150001525878906,57.900001525878906,58.119998931884766,12031,0.0,0.0
2023-03-27 12:30:00-04:00,58.119998931884766,58.439998626708984,58.119998931884766,58.38999938964844,14450,0.0,0.0
2023-03-27 13:30:00-04:00,58.43000030517578,58.57500076293945,58.415000915527344,58.5,12159,0.0,0.0
2023-03-27 14:30:00-04:00,58.58000183105469,58.66999816894531,58.40999984741211,58.40999984741211,18133,0.0,0.0
2023-03-27 15:30:00-04:00,58.369998931884766,58.38999938964844,58.11000061035156,58.209999084472656,31801,0.0,0.0
2023-03-28 09:30:00-04:00,58.0099983215332,58.08000183105469,57.22999954223633,57.22999954223633,16929,0.0,0.0
2023-03-28 10:30:00-04:00,57.0,57.630001068115234,56.959999084472656,57.61000061035156,31415,0.0,0.0
2023-03-28 11:30:00-04:00,57.630001068115234,57.95000076293945,57.630001068115234,57.8828010559082,22388,0.0,0.0
2023-03-28 12:30:00-04:00,57.92499923706055,58.16999816894531,57.720001220703125,57.75,25755,0.0,0.0
2023-03-28 13:30:00-04:00,57.7599983215332,57.81999969482422,57.58000183105469,57.7599983215332,19573,0.0,0.0
2023-03-28 14:30:00-04:00,57.79999923706055,58.130001068115234,57.79999923706055,57.91999816894531,32826,0.0,0.0
2023-03-28 15:30:00-04:00,57.900001525878906,58.11000061035156,57.81999969482422,58.029998779296875,38936,0.0,0.0
2023-03-29 09:30:00-04:00,58.83000183105469,58.83000183105469,58.279998779296875,58.404998779296875,62715,0.0,0.0
2023-03-29 10:30:00-04:00,58.540000915527344,58.61000061035156,58.029998779296875,58.46500015258789,22583,0.0,0.0
2023-03-29 11:30:00-04:00,58.48189926147461,58.7400016784668,58.40999984741211,58.7400016784668,17358,0.0,0.0
2023-03-29 12:30:00-04:00,58.71500015258789,58.810001373291016,58.47999954223633,58.66999816894531,27129,0.0,0.0
2023-03-29 13:30:00-04:00,58.66999816894531,58.75,58.5099983215332,58.689998626708984,22083,0.0,0.0
2023-03-29 14:30:00-04:00,58.709999084472656,59.09000015258789,58.625,59.09000015258789,28792,0.0,0.0
2023-03-29 15:30:00-04:00,59.064998626708984,59.09000015258789,58.880001068115234,59.040000915527344,39043,0.0,0.0
2023-03-30 09:30:00-04:00,59.36000061035156,59.84000015258789,59.21009826660156,59.68000030517578,13548,0.0,0.0
2023-03-30 10:30:00-04:00,59.59000015258789,59.97999954223633,59.5099983215332,59.7599983215332,21700,0.0,0.0
2023-03-30 11:30:00-04:00,59.72999954223633,59.72999954223633,59.36000061035156,59.45000076293945,12849,0.0,0.0
2023-03-30 12:30:00-04:00,59.43000030517578,59.59000015258789,59.34000015258789,59.470001220703125,15496,0.0,0.0
2023-03-30 13:30:00-04:00,59.470001220703125,59.97999954223633,59.470001220703125,59.849998474121094,39755,0.0,0.0
2023-03-30 14:30:00-04:00,59.880001068115234,59.95500183105469,59.57500076293945,59.57500076293945,27737,0.0,0.0
2023-03-30 15:30:00-04:00,59.56999969482422,59.70000076293945,59.540000915527344,59.650001525878906,35727,0.0,0.0
2023-03-31 09:30:00-04:00,59.900001525878906,60.255001068115234,59.900001525878906,60.25,8867,0.0,0.0
2023-03-31 10:30:00-04:00,60.2599983215332,60.689998626708984,60.099998474121094,60.689998626708984,13026,0.0,0.0
2023-03-31 11:30:00-04:00,60.650001525878906,60.79999923706055,60.439998626708984,60.7400016784668,11743,0.0,0.0
2023-03-31 12:30:00-04:00,60.619998931884766,60.689998626708984,60.43000030517578,60.560001373291016,14627,0.0,0.0
2023-03-31 13:30:00-04:00,60.4900016784668,60.63999938964844,60.34000015258789,60.34000015258789,27082,0.0,0.0
2023-03-31 14:30:00-04:00,60.334999084472656,60.5,60.220001220703125,60.5,20533,0.0,0.0
2023-03-31 15:30:00-04:00,60.560001373291016,61.15999984741211,60.41999816894531,60.9900016784668,90909,0.0,0.0
2023-04-03 09:30:00-04:00,60.810001373291016,61.15999984741211,60.400001525878906,60.59000015258789,25634,0.0,0.0
2023-04-03 10:30:00-04:00,60.5099983215332,60.5099983215332,59.060001373291016,59.209999084472656,33863,0.0,0.0
2023-04-03 11:30:00-04:00,59.22999954223633,59.58000183105469,59.22999954223633,59.54499816894531,16631,0.0,0.0
2023-04-03 12:30:00-04:00,59.439998626708984,59.91999816894531,59.439998626708984,59.69139862060547,12488,0.0,0.0
2023-04-03 13:30:00-04:00,59.599998474121094,59.810001373291016,59.53030014038086,59.630001068115234,18991,0.0,0.0
2023-04-03 14:30:00-04:00,59.619998931884766,59.970001220703125,59.564998626708984,59.90999984741211,24596,0.0,0.0
2023-04-03 15:30:00-04:00,59.935001373291016,60.20000076293945,59.84000015258789,60.0,68214,0.0,0.0
2023-04-04 09:30:00-04:00,60.040000915527344,60.040000915527344,58.68000030517578,58.779998779296875,29466,0.0,0.0
2023-04-04 10:30:00-04:00,58.849998474121094,59.209999084472656,58.599998474121094,59.209999084472656,38145,0.0,0.0
2023-04-04 11:30:00-04:00,59.209999084472656,59.209999084472656,58.709999084472656,58.93000030517578,70982,0.0,0.0
2023-04-04 12:30:00-04:00,58.93000030517578,59.2599983215332,58.852500915527344,59.21500015258789,18115,0.0,0.0
2023-04-04 13:30:00-04:00,59.189998626708984,59.25,58.717498779296875,58.810001373291016,21742,0.0,0.0
2023-04-04 14:30:00-04:00,58.79999923706055,58.970001220703125,58.65999984741211,58.790000915527344,42465,0.0,0.0
2023-04-04 15:30:00-04:00,58.810001373291016,59.29999923706055,58.72999954223633,59.25,79559,0.0,0.0
2023-04-05 09:30:00-04:00,58.650001525878906,58.79090118408203,58.255001068115234,58.56999969482422,18029,0.0,0.0
2023-04-05 10:30:00-04:00,58.45000076293945,58.470001220703125,57.95000076293945,57.97999954223633,25161,0.0,0.0
2023-04-05 11:30:00-04:00,57.910099029541016,58.15999984741211,57.79999923706055,57.810001373291016,16371,0.0,0.0
2023-04-05 12:30:00-04:00,57.762001037597656,57.84000015258789,57.56999969482422,57.776798248291016,13469,0.0,0.0
2023-04-05 13:30:00-04:00,57.814998626708984,58.04999923706055,57.599998474121094,57.939998626708984,14084,0.0,0.0
2023-04-05 14:30:00-04:00,57.939998626708984,58.040000915527344,57.709999084472656,57.849998474121094,20232,0.0,0.0
2023-04-05 15:30:00-04:00,57.88999938964844,58.09000015258789,57.869998931884766,57.970001220703125,57813,0.0,0.0
2023-04-06 09:30:00-04:00,57.689998626708984,57.689998626708984,56.6150016784668,56.6150016784668,46358,0.0,0.0
2023-04-06 10:30:00-04:00,56.63999938964844,56.71179962158203,56.150001525878906,56.52000045776367,35307,0.0,0.0
2023-04-06 11:30:00-04:00,56.52000045776367,56.86000061035156,56.38999938964844,56.66999816894531,29917,0.0,0.0
2023-04-06 12:30:00-04:00,56.63999938964844,56.749900817871094,56.40999984741211,56.540000915527344,32448,0.0,0.0
2023-04-06 13:30:00-04:00,56.56999969482422,56.709999084472656,56.47999954223633,56.619998931884766,34102,0.0,0.0
2023-04-06 14:30:00-04:00,56.619998931884766,56.689998626708984,56.31999969482422,56.383201599121094,40126,0.0,0.0
2023-04-06 15:30:00-04:00,56.380001068115234,56.4900016784668,56.279998779296875,56.31999969482422,63572,0.0,0.0
2023-04-10 09:30:00-04:00,55.779998779296875,57.189998626708984,55.47999954223633,56.744998931884766,37814,0.0,0.0
2023-04-10 10:30:00-04:00,56.7400016784668,57.130001068115234,56.435001373291016,56.63999938964844,36687,0.0,0.0
2023-04-10 11:30:00-04:00,56.73500061035156,56.73500061035156,56.5099983215332,56.56999969482422,18053,0.0,0.0
2023-04-10 12:30:00-04:00,56.654998779296875,57.2400016784668,56.654998779296875,57.04499816894531,28217,0.0,0.0
2023-04-10 13:30:00-04:00,57.060001373291016,57.09000015258789,56.880001068115234,56.939998626708984,22178,0.0,0.0
2023-04-10 14:30:00-04:00,56.97999954223633,57.06999969482422,56.84000015258789,56.91999816894531,34760,0.0,0.0
2023-04-10 15:30:00-04:00,56.904998779296875,57.16999816894531,56.7400016784668,56.779998779296875,102316,0.0,0.0
2023-04-11 09:30:00-04:00,56.900001525878906,57.404998779296875,56.70000076293945,56.810001373291016,21856,0.0,0.0
2023-04-11 10:30:00-04:00,56.84000015258789,56.84000015258789,56.459999084472656,56.525001525878906,16926,0.0,0.0
2023-04-11 11:30:00-04:00,56.5,56.93000030517578,56.470001220703125,56.849998474121094,19741,0.0,0.0
2023-04-11 12:30:00-04:00,56.90999984741211,56.959999084472656,56.68000030517578,56.880001068115234,19522,0.0,0.0
2023-04-11 13:30:00-04:00,56.900001525878906,57.31999969482422,56.900001525878906,57.220001220703125,19291,0.0,0.0
2023-04-11 14:30:00-04:00,57.220001220703125,57.339900970458984,56.959999084472656,56.959999084472656,21051,0.0,0.0
2023-04-11 15:30:00-04:00,56.96500015258789,57.0,56.43000030517578,56.529998779296875,48439,0.0,0.0
2023-04-12 09:30:00-04:00,57.150001525878906,57.25,56.4900016784668,57.11000061035156,16013,0.0,0.0
2023-04-12 10:30:00-04:00,57.11000061035156,57.11000061035156,56.650001525878906,56.79750061035156,14941,0.0,0.0
2023-04-12 11:30:00-04:00,56.79999923706055,57.084800720214844,56.779998779296875,56.939998626708984,9590,0.0,0.0
2023-04-12 12:30:00-04:00,56.959999084472656,57.0,56.869998931884766,56.9900016784668,7663,0.0,0.0
2023-04-12 13:30:00-04:00,57.0,57.064998626708984,56.685001373291016,56.685001373291016,12949,0.0,0.0
2023-04-12 14:30:00-04:00,56.630001068115234,56.630001068115234,56.380001068115234,56.439998626708984,21910,0.0,0.0
2023-04-12 15:30:00-04:00,56.42499923706055,56.65999984741211,56.42499923706055,56.529998779296875,48522,0.0,0.0
2023-04-13 09:30:00-04:00,56.65999984741211,57.03499984741211,56.165000915527344,56.400001525878906,0,0.0,0.0
2023-04-13 10:30:00-04:00,56.59000015258789,56.665000915527344,56.29999923706055,56.630001068115234,19579,0.0,0.0
2023-04-13 11:30:00-04:00,56.625,56.775001525878906,56.4900016784668,56.755001068115234,8810,0.0,0.0
2023-04-13 12:30:00-04:00,56.755001068115234,56.900001525878906,56.72999954223633,56.88999938964844,11920,0.0,0.0
2023-04-13 13:30:00-04:00,56.900001525878906,57.09000015258789,56.875,56.9900016784668,19768,0.0,0.0
2023-04-13 14:30:00-04:00,57.029998779296875,57.13999938964844,56.935001373291016,57.130001068115234,28349,0.0,0.0
2023-04-13 15:30:00-04:00,57.18000030517578,57.20000076293945,56.779998779296875,56.91999816894531,40967,0.0,0.0
2023-04-14 09:30:00-04:00,56.59000015258789,57.44499969482422,56.59000015258789,56.970001220703125,17971,0.0,0.0
2023-04-14 10:30:00-04:00,57.06999969482422,57.15570068359375,56.2599983215332,56.27000045776367,27027,0.0,0.0
2023-04-14 11:30:00-04:00,56.27000045776367,56.400001525878906,56.04999923706055,56.04999923706055,16551,0.0,0.0
2023-04-14 12:30:00-04:00,56.0099983215332,56.06999969482422,55.84000015258789,55.959999084472656,8100,0.0,0.0
2023-04-14 13:30:00-04:00,55.900001525878906,56.16999816894531,55.849998474121094,56.150001525878906,14074,0.0,0.0
2023-04-14 14:30:00-04:00,56.150001525878906,56.20000076293945,55.689998626708984,55.939998626708984,21644,0.0,0.0
2023-04-14 15:30:00-04:00,55.91999816894531,56.31999969482422,55.90999984741211,56.290000915527344,54013,0.0,0.0
2023-04-17 09:30:00-04:00,56.27000045776367,56.44499969482422,56.0,56.25,22612,0.0,0.0
2023-04-17 10:30:00-04:00,56.2599983215332,56.2599983215332,55.900001525878906,56.040000915527344,14882,0.0,0.0
2023-04-17 11:30:00-04:00,56.02000045776367,56.03499984741211,55.810001373291016,55.91999816894531,16399,0.0,0.0
2023-04-17 12:30:00-04:00,55.9900016784668,55.9900016784668,55.790000915527344,55.90359878540039,11375,0.0,0.0
2023-04-17 13:30:00-04:00,55.939998626708984,55.9900016784668,55.790000915527344,55.95000076293945,15049,0.0,0.0
2023-04-17 14:30:00-04:00,56.02000045776367,56.310001373291016,56.0,56.2400016784668,15771,0.0,0.0
2023-04-17 15:30:00-04:00,56.255001068115234,56.27000045776367,56.060001373291016,56.20000076293945,46757,0.0,0.0
2023-04-18 09:30:00-04:00,56.619998931884766,57.2400016784668,56.18159866333008,56.47999954223633,34019,0.0,0.0
2023-04-18 10:30:00-04:00,56.45000076293945,56.47999954223633,56.0099983215332,56.13399887084961,27821,0.0,0.0
2023-04-18 11:30:00-04:00,56.130001068115234,56.13999938964844,55.720001220703125,55.779998779296875,13416,0.0,0.0
2023-04-18 12:30:00-04:00,55.810001373291016,55.83919906616211,55.4900016784668,55.56999969482422,38574,0.0,0.0
2023-04-18 13:30:00-04:00,55.630001068115234,55.7400016784668,55.619998931884766,55.65999984741211,16048,0.0,0.0
2023-04-18 14:30:00-04:00,55.689998626708984,55.720001220703125,55.369998931884766,55.45000076293945,75133,0.0,0.0
2023-04-18 15:30:00-04:00,55.45000076293945,55.79999923706055,55.4119987487793,55.7599983215332,137611,0.0,0.0
2023-04-19 09:30:00-04:00,55.650001525878906,55.70000076293945,54.68000030517578,54.959999084472656,30598,0.0,0.0
2023-04-19 10:30:00-04:00,54.9900016784668,55.099998474121094,54.74100112915039,54.77000045776367,23137,0.0,0.0
2023-04-19 11:30:00-04:00,54.76250076293945,55.060001373291016,54.76250076293945,54.880001068115234,20446,0.0,0.0
2023-04-19 12:30:00-04:00,54.86000061035156,55.130001068115234,54.79999923706055,55.08000183105469,16494,0.0,0.0
2023-04-19 13:30:00-04:00,55.11000061035156,55.27000045776367,55.080101013183594,55.22999954223633,14097,0.0,0.0
2023-04-19 14:30:00-04:00,55.2599983215332,55.270301818847656,55.029998779296875,55.029998779296875,22461,0.0,0.0
2023-04-19 15:30:00-04:00,55.040000915527344,55.060001373291016,54.79999923706055,54.95000076293945,52554,0.0,0.0
2023-04-20 09:30:00-04:00,54.5099983215332,54.97999954223633,54.06999969482422,54.97999954223633,52789,0.0,0.0
2023-04-20 10:30:00-04:00,55.0099983215332,55.08000183105469,54.619998931884766,54.70000076293945,51943,0.0,0.0
2023-04-20 11:30:00-04:00,54.709999084472656,55.06159973144531,54.70000076293945,55.029998779296875,25196,0.0,0.0
2023-04-20 12:30:00-04:00,55.04999923706055,55.13999938964844,54.970001220703125,55.125,18609,0.0,0.0
2023-04-20 13:30:00-04:00,55.09000015258789,55.09000015258789,54.935001373291016,55.02980041503906,31181,0.0,0.0
2023-04-20 14:30:00-04:00,55.0099983215332,55.0099983215332,54.494998931884766,54.529998779296875,88317,0.0,0.0
2023-04-20 15:30:00-04:00,54.54999923706055,54.75,54.29999923706055,54.4900016784668,163822,0.0,0.0
2023-04-21 09:30:00-04:00,54.369998931884766,54.369998931884766,53.810001373291016,54.22999954223633,66499,0.0,0.0
2023-04-21 10:30:00-04:00,54.29999923706055,54.33000183105469,53.61000061035156,54.0099983215332,33486,0.0,0.0
2023-04-21 11:30:00-04:00,54.040000915527344,54.10499954223633,53.772499084472656,53.93000030517578,22532,0.0,0.0
2023-04-21 12:30:00-04:00,53.869998931884766,54.029998779296875,53.77000045776367,53.900001525878906,19153,0.0,0.0
2023-04-21 13:30:00-04:00,53.93000030517578,54.233299255371094,53.90999984741211,54.119998931884766,31094,0.0,0.0
2023-04-21 14:30:00-04:00,54.119998931884766,54.189998626708984,53.860198974609375,53.97999954223633,28059,0.0,0.0
2023-04-21 15:30:00-04:00,53.9900016784668,54.11000061035156,53.92499923706055,53.93000030517578,44402,0.0,0.0
2023-04-24 09:30:00-04:00,53.849998474121094,54.619998931884766,53.849998474121094,54.529998779296875,46327,0.0,0.0
2023-04-24 10:30:00-04:00,54.61000061035156,54.61000061035156,54.029998779296875,54.2599983215332,48132,0.0,0.0
2023-04-24 11:30:00-04:00,54.2599983215332,54.47999954223633,54.2400016784668,54.30500030517578,62502,0.0,0.0
2023-04-24 12:30:00-04:00,54.279998779296875,54.290000915527344,54.11000061035156,54.11000061035156,43323,0.0,0.0
2023-04-24 13:30:00-04:00,54.09000015258789,54.1593017578125,53.849998474121094,53.96500015258789,31753,0.0,0.0
2023-04-24 14:30:00-04:00,54.0093994140625,54.02000045776367,53.68000030517578,53.75,42365,0.0,0.0
2023-04-24 15:30:00-04:00,53.7400016784668,53.77000045776367,53.29999923706055,53.5,197037,0.0,0.0
2023-04-25 09:30:00-04:00,53.0099983215332,53.02000045776367,52.36000061035156,52.47999954223633,73003,0.0,0.0
2023-04-25 10:30:00-04:00,52.43000030517578,52.654998779296875,52.279998779296875,52.400001525878906,56865,0.0,0.0
2023-04-25 11:30:00-04:00,52.400001525878906,52.439998626708984,52.08000183105469,52.10499954223633,90995,0.0,0.0
2023-04-25 12:30:00-04:00,52.06999969482422,52.38999938964844,52.06999969482422,52.15999984741211,38967,0.0,0.0
2023-04-25 13:30:00-04:00,52.182498931884766,52.29999923706055,51.7599983215332,52.13999938964844,88596,0.0,0.0
2023-04-25 14:30:00-04:00,52.165000915527344,52.220001220703125,51.720001220703125,51.778900146484375,107130,0.0,0.0
2023-04-25 15:30:00-04:00,51.790000915527344,51.88999938964844,51.56999969482422,51.63999938964844,96362,0.0,0.0
2023-04-26 09:30:00-04:00,51.54999923706055,52.22999954223633,51.43000030517578,52.029998779296875,32140,0.0,0.0
2023-04-26 10:30:00-04:00,52.04999923706055,52.41999816894531,51.95000076293945,52.14500045776367,80692,0.0,0.0
2023-04-26 11:30:00-04:00,52.099998474121094,52.14500045776367,51.95000076293945,51.9900016784668,31984,0.0,0.0
2023-04-26 12:30:00-04:00,51.97999954223633,52.0099983215332,51.768001556396484,51.79460144042969,48803,0.0,0.0
2023-04-26 13:30:00-04:00,51.77000045776367,51.900001525878906,51.58000183105469,51.7599983215332,34803,0.0,0.0
2023-04-26 14:30:00-04:00,51.744998931884766,51.744998931884766,51.45000076293945,51.654998779296875,44577,0.0,0.0
2023-04-26 15:30:00-04:00,51.650001525878906,51.77000045776367,51.5,51.689998626708984,80129,0.0,0.0
2023-04-27 09:30:00-04:00,51.66999816894531,51.82500076293945,50.18000030517578,50.72999954223633,65201,0.0,0.0
2023-04-27 10:30:00-04:00,50.81999969482422,51.400001525878906,50.7599983215332,51.400001525878906,53690,0.0,0.0
2023-04-27 11:30:00-04:00,51.459999084472656,51.470001220703125,50.849998474121094,51.33000183105469,35307,0.0,0.0
2023-04-27 12:30:00-04:00,51.349998474121094,51.54999923706055,51.16999816894531,51.43000030517578,52921,0.0,0.0
2023-04-27 13:30:00-04:00,51.40999984741211,51.790000915527344,51.40999984741211,51.77000045776367,40523,0.0,0.0
2023-04-27 14:30:00-04:00,51.79999923706055,51.86000061035156,51.63999938964844,51.66999816894531,46333,0.0,0.0
2023-04-27 15:30:00-04:00,51.68000030517578,51.709999084472656,51.459999084472656,51.68000030517578,77728,0.0,0.0
2023-04-28 09:30:00-04:00,51.70000076293945,52.529998779296875,51.70000076293945,52.36000061035156,46967,0.0,0.0
2023-04-28 10:30:00-04:00,52.40999984741211,52.54499816894531,52.099998474121094,52.20000076293945,34386,0.0,0.0
2023-04-28 11:30:00-04:00,52.2400016784668,52.27000045776367,52.040000915527344,52.220001220703125,28045,0.0,0.0
2023-04-28 12:30:00-04:00,52.2400016784668,52.2599983215332,51.9900016784668,52.11000061035156,35986,0.0,0.0
2023-04-28 13:30:00-04:00,52.095001220703125,52.16999816894531,51.915000915527344,51.95000076293945,42440,0.0,0.0
2023-04-28 14:30:00-04:00,51.939998626708984,52.189998626708984,51.900001525878906,52.064998626708984,38852,0.0,0.0
2023-04-28 15:30:00-04:00,52.13999938964844,52.290000915527344,52.02000045776367,52.25,79162,0.0,0.0
2023-05-01 09:30:00-04:00,52.150001525878906,53.5099983215332,52.14500045776367,53.22999954223633,57024,0.0,0.0
2023-05-01 10:30:00-04:00,53.29999923706055,53.79999923706055,52.994998931884766,53.08000183105469,57000,0.0,0.0
2023-05-01 11:30:00-04:00,53.040000915527344,53.060001373291016,52.680301666259766,52.86000061035156,49386,0.0,0.0
2023-05-01 12:30:00-04:00,52.86000061035156,52.939998626708984,52.56999969482422,52.599998474121094,37868,0.0,0.0
2023-05-01 13:30:00-04:00,52.560001373291016,52.59000015258789,52.369998931884766,52.47999954223633,41355,0.0,0.0
2023-05-01 14:30:00-04:00,52.459999084472656,52.5099983215332,52.290000915527344,52.29999923706055,59647,0.0,0.0
2023-05-01 15:30:00-04:00,52.29999923706055,52.310001373291016,52.099998474121094,52.13999938964844,95779,0.0,0.0
2023-05-02 09:30:00-04:00,51.70000076293945,52.189998626708984,51.34000015258789,52.0099983215332,62098,0.0,0.0
2023-05-02 10:30:00-04:00,52.02000045776367,52.099998474121094,51.599998474121094,51.66999816894531,53357,0.0,0.0
2023-05-02 11:30:00-04:00,51.724998474121094,51.935001373291016,51.59000015258789,51.83000183105469,39100,0.0,0.0
2023-05-02 12:30:00-04:00,51.810001373291016,51.959999084472656,51.70000076293945,51.88999938964844,27769,0.0,0.0
2023-05-02 13:30:00-04:00,51.90999984741211,52.13999938964844,51.81999969482422,51.98500061035156,31359,0.0,0.0
2023-05-02 14:30:00-04:00,51.9900016784668,52.290000915527344,51.81999969482422,52.27000045776367,55645,0.0,0.0
2023-05-02 15:30:00-04:00,52.21500015258789,52.290000915527344,52.060001373291016,52.11000061035156,43153,0.0,0.0
2023-05-03 09:30:00-04:00,52.099998474121094,53.34000015258789,52.099998474121094,52.90999984741211,77065,0.0,0.0
2023-05-03 10:30:00-04:00,52.8849983215332,53.0,52.439998626708984,52.5099983215332,59645,0.0,0.0
2023-05-03 11:30:00-04:00,52.47999954223633,52.70000076293945,52.14500045776367,52.47999954223633,60813,0.0,0.0
2023-05-03 12:30:00-04:00,52.5099983215332,52.81990051269531,52.47999954223633,52.81990051269531,41093,0.0,0.0
2023-05-03 13:30:00-04:00,52.79499816894531,53.04999923706055,52.689998626708984,52.959999084472656,63425,0.0,0.0
2023-05-03 14:30:00-04:00,52.959999084472656,53.20000076293945,52.369998931884766,52.459999084472656,109116,0.0,0.0
2023-05-03 15:30:00-04:00,52.38999938964844,52.52000045776367,52.22999954223633,52.369998931884766,149954,0.0,0.0
2023-05-04 09:30:00-04:00,51.959999084472656,52.189998626708984,51.4900016784668,51.939998626708984,29998,0.0,0.0
2023-05-04 10:30:00-04:00,51.82500076293945,52.02000045776367,51.41999816894531,51.584999084472656,30315,0.0,0.0
2023-05-04 11:30:00-04:00,51.560001373291016,51.72999954223633,51.43000030517578,51.69499969482422,40188,0.0,0.0
2023-05-04 12:30:00-04:00,51.70000076293945,51.869998931884766,51.45000076293945,51.7400016784668,27634,0.0,0.0
2023-05-04 13:30:00-04:00,51.790000915527344,51.869998931884766,51.41999816894531,51.44499969482422,33114,0.0,0.0
2023-05-04 14:30:00-04:00,51.435001373291016,51.709999084472656,51.400001525878906,51.65999984741211,72816,0.0,0.0
2023-05-04 15:30:00-04:00,51.650001525878906,51.7400016784668,51.47999954223633,51.56999969482422,56496,0.0,0.0
2023-05-05 09:30:00-04:00,52.18000030517578,52.61000061035156,52.099998474121094,52.20000076293945,30949,0.0,0.0
2023-05-05 10:30:00-04:00,52.220001220703125,52.72999954223633,52.04999923706055,52.72999954223633,26321,0.0,0.0
2023-05-05 11:30:00-04:00,52.70500183105469,52.95000076293945,52.70500183105469,52.814998626708984,36840,0.0,0.0
2023-05-05 12:30:00-04:00,52.849998474121094,52.91999816894531,52.596900939941406,52.70500183105469,27190,0.0,0.0
2023-05-05 13:30:00-04:00,52.689998626708984,52.790000915527344,52.5099983215332,52.790000915527344,22095,0.0,0.0
2023-05-05 14:30:00-04:00,52.80500030517578,53.130001068115234,52.770198822021484,52.779998779296875,32871,0.0,0.0
2023-05-05 15:30:00-04:00,52.83000183105469,52.869998931884766,52.560001373291016,52.65999984741211,77148,0.0,0.0
2023-05-08 09:30:00-04:00,52.709999084472656,53.349998474121094,52.65999984741211,53.209999084472656,40635,0.0,0.0
2023-05-08 10:30:00-04:00,53.25,53.26020050048828,52.83000183105469,52.86000061035156,23246,0.0,0.0
2023-05-08 11:30:00-04:00,52.720001220703125,53.029998779296875,52.68000030517578,52.93000030517578,22256,0.0,0.0
2023-05-08 12:30:00-04:00,52.906700134277344,53.06999969482422,52.900001525878906,53.029998779296875,19775,0.0,0.0
2023-05-08 13:30:00-04:00,53.04999923706055,53.16999816894531,52.900001525878906,53.119998931884766,22255,0.0,0.0
2023-05-08 14:30:00-04:00,53.11000061035156,53.22420120239258,53.0099983215332,53.130001068115234,64283,0.0,0.0
2023-05-08 15:30:00-04:00,53.130001068115234,53.400001525878906,53.130001068115234,53.310001373291016,67757,0.0,0.0
2023-05-09 09:30:00-04:00,53.060001373291016,53.5,52.83000183105469,52.970001220703125,29073,0.0,0.0
2023-05-09 10:30:00-04:00,53.0099983215332,53.2400016784668,52.95000076293945,53.10499954223633,33916,0.0,0.0
2023-05-09 11:30:00-04:00,53.119998931884766,53.189998626708984,52.72999954223633,52.86000061035156,37958,0.0,0.0
2023-05-09 12:30:00-04:00,52.880001068115234,52.935001373291016,52.66999816894531,52.83000183105469,23943,0.0,0.0
2023-05-09 13:30:00-04:00,52.84000015258789,52.94129943847656,52.73500061035156,52.88999938964844,26928,0.0,0.0
2023-05-09 14:30:00-04:00,52.88999938964844,52.959999084472656,52.77000045776367,52.88999938964844,28601,0.0,0.0
2023-05-09 15:30:00-04:00,52.8650016784668,52.98899841308594,52.83000183105469,52.84000015258789,44762,0.0,0.0
2023-05-10 09:30:00-04:00,53.52000045776367,53.54499816894531,52.790000915527344,53.0099983215332,32497,0.0,0.0
2023-05-10 10:30:00-04:00,52.96900177001953,53.15999984741211,52.71500015258789,53.1150016784668,14087,0.0,0.0
2023-05-10 11:30:00-04:00,53.1150016784668,53.220001220703125,52.959999084472656,53.209999084472656,31685,0.0,0.0
2023-05-10 12:30:00-04:00,53.20000076293945,53.2400016784668,52.477901458740234,52.529998779296875,31520,0.0,0.0
2023-05-10 13:30:00-04:00,52.61000061035156,52.959999084472656,52.5,52.90999984741211,20112,0.0,0.0
2023-05-10 14:30:00-04:00,52.93000030517578,53.38999938964844,52.88999938964844,53.25,33177,0.0,0.0
2023-05-10 15:30:00-04:00,53.247798919677734,53.47999954223633,53.247798919677734,53.38999938964844,100841,0.0,0.0
2023-05-11 09:30:00-04:00,52.9900016784668,53.52000045776367,52.95000076293945,53.35499954223633,45060,0.0,0.0
2023-05-11 10:30:00-04:00,53.38999938964844,53.54999923706055,53.189998626708984,53.4900016784668,41595,0.0,0.0
2023-05-11 11:30:00-04:00,53.58000183105469,53.7599983215332,53.35499954223633,53.7599983215332,55473,0.0,0.0
2023-05-11 12:30:00-04:00,53.7599983215332,53.79999923706055,53.400001525878906,53.439998626708984,71403,0.0,0.0
2023-05-11 13:30:00-04:00,53.404998779296875,53.619998931884766,53.29999923706055,53.4900016784668,58319,0.0,0.0
2023-05-11 14:30:00-04:00,53.47999954223633,53.97999954223633,53.439998626708984,53.599998474121094,106676,0.0,0.0
2023-05-11 15:30:00-04:00,53.595001220703125,53.79999923706055,53.5099983215332,53.56999969482422,150964,0.0,0.0
2023-05-12 09:30:00-04:00,54.20000076293945,54.79499816894531,50.0,50.560001373291016,239023,0.0,0.0
2023-05-12 10:30:00-04:00,50.599998474121094,50.810001373291016,49.54999923706055,49.59000015258789,123391,0.0,0.0
2023-05-12 11:30:00-04:00,49.54999923706055,50.079898834228516,49.33000183105469,49.869998931884766,117597,0.0,0.0
2023-05-12 12:30:00-04:00,49.7599983215332,49.79999923706055,49.07149887084961,49.68000030517578,87096,0.0,0.0
2023-05-12 13:30:00-04:00,49.70000076293945,50.45500183105469,49.29999923706055,50.32500076293945,120835,0.0,0.0
2023-05-12 14:30:00-04:00,50.32500076293945,50.61000061035156,49.95000076293945,50.579898834228516,132523,0.0,0.0
2023-05-12 15:30:00-04:00,50.56999969482422,50.61000061035156,50.380001068115234,50.52000045776367,158024,0.0,0.0
2023-05-15 09:30:00-04:00,50.58000183105469,50.70000076293945,49.68000030517578,49.689998626708984,43993,0.0,0.0
2023-05-15 10:30:00-04:00,49.720001220703125,49.994998931884766,49.38999938964844,49.72999954223633,72307,0.0,0.0
2023-05-15 11:30:00-04:00,49.72999954223633,49.72999954223633,49.17499923706055,49.2400016784668,59540,0.0,0.0
2023-05-15 12:30:00-04:00,49.27000045776367,49.63999938964844,49.22999954223633,49.43000030517578,60391,0.0,0.0
2023-05-15 13:30:00-04:00,49.41999816894531,49.529998779296875,49.119998931884766,49.119998931884766,87339,0.0,0.0
2023-05-15 14:30:00-04:00,49.119998931884766,49.61439895629883,49.09000015258789,49.505001068115234,102915,0.0,0.0
2023-05-15 15:30:00-04:00,49.505001068115234,49.72999954223633,49.470001220703125,49.72999954223633,159767,0.0,0.0
2023-05-16 09:30:00-04:00,49.65999984741211,49.94499969482422,49.3129997253418,49.650001525878906,53201,0.0,0.0
2023-05-16 10:30:00-04:00,49.65129852294922,49.880001068115234,49.31999969482422,49.380001068115234,70826,0.0,0.0
2023-05-16 11:30:00-04:00,49.42499923706055,49.97999954223633,49.33000183105469,49.96989822387695,40896,0.0,0.0
2023-05-16 12:30:00-04:00,49.93000030517578,50.0,49.66999816894531,49.72999954223633,23410,0.0,0.0
2023-05-16 13:30:00-04:00,49.75,49.75,49.310001373291016,49.375,43374,0.0,0.0
2023-05-16 14:30:00-04:00,49.369998931884766,49.55500030517578,49.310001373291016,49.540000915527344,35110,0.0,0.0
2023-05-16 15:30:00-04:00,49.56999969482422,49.720001220703125,49.459999084472656,49.459999084472656,92808,0.0,0.0
2023-05-17 09:30:00-04:00,49.650001525878906,49.70000076293945,49.209999084472656,49.47999954223633,27793,0.0,0.0
2023-05-17 10:30:00-04:00,49.4900016784668,49.80500030517578,49.224998474121094,49.7400016784668,33243,0.0,0.0
2023-05-17 11:30:00-04:00,49.689998626708984,50.09000015258789,49.68000030517578,49.939998626708984,27857,0.0,0.0
2023-05-17 12:30:00-04:00,49.97999954223633,51.08000183105469,49.97999954223633,51.029998779296875,50614,0.0,0.0
2023-05-17 13:30:00-04:00,51.060001373291016,51.06999969482422,50.45000076293945,50.45000076293945,38097,0.0,0.0
2023-05-17 14:30:00-04:00,50.45000076293945,50.724998474121094,50.369998931884766,50.65999984741211,39398,0.0,0.0
2023-05-17 15:30:00-04:00,50.66999816894531,50.900001525878906,50.57500076293945,50.86000061035156,87046,0.0,0.0
2023-05-18 09:30:00-04:00,50.849998474121094,51.25,50.59000015258789,51.25,41021,0.0,0.0
2023-05-18 10:30:00-04:00,51.22999954223633,51.375,51.11000061035156,51.13999938964844,40117,0.0,0.0
2023-05-18 11:30:00-04:00,51.13999938964844,51.47999954223633,50.959999084472656,50.97999954223633,20070,0.0,0.0
2023-05-18 12:30:00-04:00,50.959999084472656,51.17399978637695,50.88999938964844,50.90999984741211,19259,0.0,0.0
2023-05-18 13:30:00-04:00,50.994998931884766,51.34000015258789,50.970001220703125,51.279998779296875,23255,0.0,0.0
2023-05-18 14:30:00-04:00,51.34000015258789,51.56999969482422,51.290000915527344,51.36000061035156,40337,0.0,0.0
2023-05-18 15:30:00-04:00,51.380001068115234,51.59000015258789,51.310001373291016,51.470001220703125,61232,0.0,0.0
2023-05-19 09:30:00-04:00,52.11000061035156,52.11000061035156,51.31999969482422,51.459999084472656,52411,0.0,0.0
2023-05-19 10:30:00-04:00,51.46500015258789,51.7400016784668,51.40999984741211,51.41999816894531,35753,0.0,0.0
2023-05-19 11:30:00-04:00,51.40999984741211,51.61000061035156,51.20000076293945,51.479801177978516,26449,0.0,0.0
2023-05-19 12:30:00-04:00,51.439998626708984,51.70000076293945,51.38999938964844,51.650001525878906,26362,0.0,0.0
2023-05-19 13:30:00-04:00,51.650001525878906,51.72999954223633,51.470001220703125,51.5,30117,0.0,0.0
2023-05-19 14:30:00-04:00,51.54499816894531,51.59000015258789,51.38999938964844,51.45000076293945,49472,0.0,0.0
2023-05-19 15:30:00-04:00,51.470001220703125,51.494998931884766,51.119998931884766,51.220001220703125,84377,0.0,0.0
2023-05-22 09:30:00-04:00,51.189998626708984,51.810001373291016,50.90999984741211,51.119998931884766,23966,0.0,0.0
2023-05-22 10:30:00-04:00,51.22999954223633,51.25859832763672,50.7400016784668,51.25859832763672,18321,0.0,0.0
2023-05-22 11:30:00-04:00,51.189998626708984,51.40999984741211,51.029998779296875,51.310001373291016,12372,0.0,0.0
2023-05-22 12:30:00-04:00,51.22999954223633,51.244998931884766,51.005001068115234,51.06719970703125,16002,0.0,0.0
2023-05-22 13:30:00-04:00,51.119998931884766,51.38999938964844,51.119998931884766,51.38999938964844,16428,0.0,0.0
2023-05-22 14:30:00-04:00,51.3849983215332,51.560001373291016,51.3849983215332,51.459999084472656,19795,0.0,0.0
2023-05-22 15:30:00-04:00,51.47999954223633,51.47999954223633,51.22999954223633,51.38999938964844,54103,0.0,0.0
2023-05-23 09:30:00-04:00,51.349998474121094,51.939998626708984,50.9900016784668,51.939998626708984,20680,0.0,0.0
2023-05-23 10:30:00-04:00,51.9900016784668,52.439998626708984,51.915000915527344,52.439998626708984,29575,0.0,0.0
2023-05-23 11:30:00-04:00,52.45000076293945,52.81999969482422,52.32500076293945,52.470001220703125,61524,0.0,0.0
2023-05-23 12:30:00-04:00,52.47999954223633,52.61000061035156,52.27000045776367,52.279998779296875,36450,0.0,0.0
2023-05-23 13:30:00-04:00,52.2400016784668,52.310001373291016,51.63999938964844,51.75,24840,0.0,0.0
2023-05-23 14:30:00-04:00,51.810001373291016,52.04999923706055,51.70000076293945,51.970001220703125,51128,0.0,0.0
2023-05-23 15:30:00-04:00,51.97999954223633,52.09000015258789,51.93000030517578,51.939998626708984,52883,0.0,0.0
2023-05-24 09:30:00-04:00,51.709999084472656,52.29999923706055,51.63999938964844,52.172000885009766,61136,0.0,0.0
2023-05-24 10:30:00-04:00,52.18000030517578,52.5099983215332,52.130001068115234,52.43000030517578,55224,0.0,0.0
2023-05-24 11:30:00-04:00,52.45000076293945,52.92499923706055,52.40999984741211,52.68000030517578,80821,0.0,0.0
2023-05-24 12:30:00-04:00,52.65999984741211,52.9900016784668,52.529998779296875,52.61000061035156,68666,0.0,0.0
2023-05-24 13:30:00-04:00,52.54999923706055,52.83000183105469,52.54999923706055,52.665000915527344,36942,0.0,0.0
2023-05-24 14:30:00-04:00,52.63999938964844,53.06999969482422,52.630001068115234,52.9900016784668,55321,0.0,0.0
2023-05-24 15:30:00-04:00,53.0,53.060001373291016,52.40999984741211,52.45000076293945,113241,0.0,0.0
2023-05-25 09:30:00-04:00,52.439998626708984,53.220001220703125,52.439998626708984,53.119998931884766,33462,0.0,0.0
2023-05-25 10:30:00-04:00,53.09000015258789,53.650001525878906,53.060001373291016,53.56999969482422,46350,0.0,0.0
2023-05-25 11:30:00-04:00,53.560001373291016,53.92499923706055,53.5099983215332,53.83000183105469,40532,0.0,0.0
2023-05-25 12:30:00-04:00,53.83000183105469,54.11000061035156,53.79999923706055,54.09000015258789,34914,0.0,0.0
2023-05-25 13:30:00-04:00,54.119998931884766,54.21310043334961,53.81999969482422,53.869998931884766,24167,0.0,0.0
2023-05-25 14:30:00-04:00,53.86000061035156,53.939998626708984,53.70000076293945,53.720001220703125,36661,0.0,0.0
2023-05-25 15:30:00-04:00,53.720001220703125,53.790000915527344,53.56999969482422,53.7599983215332,107923,0.0,0.0
2023-05-26 09:30:00-04:00,53.97999954223633,55.290000915527344,53.959999084472656,55.290000915527344,43809,0.0,0.0
2023-05-26 10:30:00-04:00,55.380001068115234,55.505001068115234,54.63999938964844,54.72999954223633,49582,0.0,0.0
2023-05-26 11:30:00-04:00,54.744998931884766,55.09000015258789,54.68000030517578,55.0,117308,0.0,0.0
2023-05-26 12:30:00-04:00,54.970001220703125,55.060001373291016,54.70000076293945,54.849998474121094,37945,0.0,0.0
2023-05-26 13:30:00-04:00,54.88999938964844,54.91999816894531,54.540000915527344,54.869998931884766,40604,0.0,0.0
2023-05-26 14:30:00-04:00,54.85499954223633,55.179901123046875,54.81999969482422,55.150001525878906,40642,0.0,0.0
2023-05-26 15:30:00-04:00,55.14500045776367,55.15999984741211,54.709999084472656,54.81999969482422,122970,0.0,0.0
2023-05-30 09:30:00-04:00,55.560001373291016,55.875,54.61000061035156,54.61000061035156,41069,0.0,0.0
2023-05-30 10:30:00-04:00,54.61399841308594,54.720001220703125,54.130001068115234,54.310001373291016,25627,0.0,0.0
2023-05-30 11:30:00-04:00,54.3650016784668,54.650001525878906,54.209999084472656,54.58000183105469,18438,0.0,0.0
2023-05-30 12:30:00-04:00,54.56999969482422,54.720001220703125,54.33000183105469,54.334999084472656,26999,0.0,0.0
2023-05-30 13:30:00-04:00,54.31999969482422,54.31999969482422,54.0,54.29999923706055,23270,0.0,0.0
2023-05-30 14:30:00-04:00,54.314998626708984,54.369998931884766,54.15999984741211,54.279998779296875,26346,0.0,0.0
2023-05-30 15:30:00-04:00,54.279998779296875,54.5,54.220001220703125,54.31999969482422,54418,0.0,0.0
2023-05-31 09:30:00-04:00,53.869998931884766,54.279998779296875,53.04999923706055,53.09000015258789,29726,0.0,0.0
2023-05-31 10:30:00-04:00,53.09000015258789,53.19499969482422,52.849998474121094,52.97999954223633,43089,0.0,0.0
2023-05-31 11:30:00-04:00,52.95650100708008,53.22999954223633,52.95650100708008,53.09000015258789,17483,0.0,0.0
2023-05-31 12:30:00-04:00,53.040000915527344,53.150001525878906,52.97999954223633,53.119998931884766,13773,0.0,0.0
2023-05-31 13:30:00-04:00,53.150001525878906,53.25,53.060001373291016,53.13999938964844,16211,0.0,0.0
2023-05-31 14:30:00-04:00,53.150001525878906,53.150001525878906,52.900001525878906,53.040000915527344,39750,0.0,0.0
2023-05-31 15:30:00-04:00,53.05500030517578,53.31999969482422,52.724998474121094,53.029998779296875,80811,0.0,0.0
2023-06-01 09:30:00-04:00,53.349998474121094,53.650001525878906,52.209999084472656,52.36000061035156,27168,0.0,0.0
2023-06-01 10:30:00-04:00,52.36000061035156,52.90999984741211,52.36000061035156,52.86000061035156,24443,0.0,0.0
2023-06-01 11:30:00-04:00,52.88999938964844,52.90999984741211,52.599998474121094,52.724998474121094,27326,0.0,0.0
2023-06-01 12:30:00-04:00,52.779998779296875,52.849998474121094,52.63999938964844,52.689998626708984,13110,0.0,0.0
2023-06-01 13:30:00-04:00,52.630001068115234,52.84000015258789,52.625,52.7400016784668,20531,0.0,0.0
2023-06-01 14:30:00-04:00,52.70000076293945,52.83000183105469,52.63999938964844,52.72999954223633,19486,0.0,0.0
2023-06-01 15:30:00-04:00,52.720001220703125,52.72999954223633,52.43000030517578,52.45000076293945,47610,0.0,0.0
2023-06-02 09:30:00-04:00,52.91999816894531,53.48500061035156,52.91999816894531,53.31999969482422,30418,0.0,0.0
2023-06-02 10:30:00-04:00,53.369998931884766,53.849998474121094,53.22999954223633,53.7599983215332,21763,0.0,0.0
2023-06-02 11:30:00-04:00,53.79999923706055,53.83000183105469,53.54999923706055,53.810001373291016,24433,0.0,0.0
2023-06-02 12:30:00-04:00,53.79999923706055,53.93000030517578,53.630001068115234,53.92499923706055,14891,0.0,0.0
2023-06-02 13:30:00-04:00,53.970001220703125,54.13999938964844,53.779998779296875,53.810001373291016,33103,0.0,0.0
2023-06-02 14:30:00-04:00,53.7599983215332,54.1150016784668,53.7400016784668,54.095001220703125,23518,0.0,0.0
2023-06-02 15:30:00-04:00,54.04999923706055,54.220001220703125,54.040000915527344,54.20000076293945,52471,0.0,0.0
2023-06-05 09:30:00-04:00,53.7400016784668,53.79999923706055,51.849998474121094,51.92499923706055,40402,0.0,0.0
2023-06-05 10:30:00-04:00,51.935001373291016,53.404998779296875,51.935001373291016,53.404998779296875,36729,0.0,0.0
2023-06-05 11:30:00-04:00,53.439998626708984,53.61000061035156,53.27000045776367,53.584999084472656,24861,0.0,0.0
2023-06-05 12:30:00-04:00,53.63999938964844,53.689998626708984,53.22999954223633,53.22999954223633,27515,0.0,0.0
2023-06-05 13:30:00-04:00,53.255001068115234,53.38999938964844,53.04999923706055,53.10499954223633,23533,0.0,0.0
2023-06-05 14:30:00-04:00,53.10499954223633,53.154998779296875,52.875,53.1150016784668,33976,0.0,0.0
2023-06-05 15:30:00-04:00,53.1150016784668,53.220001220703125,52.94499969482422,53.02000045776367,49678,0.0,0.0
2023-06-06 09:30:00-04:00,52.720001220703125,53.95000076293945,52.58000183105469,53.814998626708984,21495,0.0,0.0
2023-06-06 10:30:00-04:00,53.97999954223633,54.470001220703125,53.8650016784668,54.2599983215332,24254,0.0,0.0
2023-06-06 11:30:00-04:00,54.290000915527344,54.54999923706055,54.189998626708984,54.25,28068,0.0,0.0
2023-06-06 12:30:00-04:00,54.2400016784668,54.279998779296875,53.935001373291016,54.029998779296875,15545,0.0,0.0
2023-06-06 13:30:00-04:00,54.0,54.0,53.66999816894531,54.0,24834,0.0,0.0
2023-06-06 14:30:00-04:00,54.025001525878906,54.18000030517578,54.0,54.16999816894531,26601,0.0,0.0
2023-06-06 15:30:00-04:00,54.154998779296875,54.34000015258789,54.060001373291016,54.060001373291016,56011,0.0,0.0
2023-06-07 09:30:00-04:00,54.470001220703125,55.59000015258789,54.45000076293945,55.279998779296875,28126,0.0,0.0
2023-06-07 10:30:00-04:00,55.349998474121094,55.75,55.25,55.5099983215332,23855,0.0,0.0
2023-06-07 11:30:00-04:00,55.52000045776367,55.650001525878906,55.279998779296875,55.650001525878906,21933,0.0,0.0
2023-06-07 12:30:00-04:00,55.66999816894531,55.869998931884766,55.47999954223633,55.630001068115234,26531,0.0,0.0
2023-06-07 13:30:00-04:00,55.58000183105469,56.0989990234375,55.58000183105469,56.0989990234375,40828,0.0,0.0
2023-06-07 14:30:00-04:00,56.099998474121094,56.400001525878906,56.040000915527344,56.130001068115234,65100,0.0,0.0
2023-06-07 15:30:00-04:00,56.13999938964844,56.310001373291016,56.02000045776367,56.150001525878906,70863,0.0,0.0
2023-06-08 09:30:00-04:00,55.93000030517578,56.36000061035156,55.45000076293945,55.54999923706055,27145,0.0,0.0
2023-06-08 10:30:00-04:00,55.595001220703125,55.79999923706055,55.37950134277344,55.79999923706055,23878,0.0,0.0
2023-06-08 11:30:00-04:00,55.779998779296875,55.834999084472656,55.58000183105469,55.79999923706055,16311,0.0,0.0
2023-06-08 12:30:00-04:00,55.81999969482422,55.86000061035156,55.55500030517578,55.779998779296875,18108,0.0,0.0
2023-06-08 13:30:00-04:00,55.810001373291016,55.810001373291016,55.43000030517578,55.49150085449219,20397,0.0,0.0
2023-06-08 14:30:00-04:00,55.5099983215332,55.720001220703125,55.41999816894531,55.5,32072,0.0,0.0
2023-06-08 15:30:00-04:00,55.5,55.58000183105469,55.20000076293945,55.36000061035156,50712,0.0,0.0
2023-06-09 09:30:00-04:00,55.4900016784668,55.97999954223633,55.310001373291016,55.900001525878906,23984,0.0,0.0
2023-06-09 10:30:00-04:00,55.83000183105469,56.05500030517578,55.380001068115234,55.380001068115234,26128,0.0,0.0
2023-06-09 11:30:00-04:00,55.380001068115234,55.630001068115234,55.130001068115234,55.4989013671875,20260,0.0,0.0
2023-06-09 12:30:00-04:00,55.380001068115234,55.45500183105469,55.23500061035156,55.30500030517578,13908,0.0,0.0
2023-06-09 13:30:00-04:00,55.31999969482422,55.47999954223633,55.20000076293945,55.380001068115234,15556,0.0,0.0
2023-06-09 14:30:00-04:00,55.40810012817383,55.439998626708984,55.189998626708984,55.35499954223633,16283,0.0,0.0
2023-06-09 15:30:00-04:00,55.355098724365234,55.459999084472656,55.27000045776367,55.45000076293945,22089,0.0,0.0
2023-06-12 09:30:00-04:00,55.529998779296875,56.560001373291016,55.38999938964844,56.560001373291016,33049,0.0,0.0
2023-06-12 10:30:00-04:00,56.47999954223633,56.76499938964844,56.45000076293945,56.681800842285156,31322,0.0,0.0
2023-06-12 11:30:00-04:00,56.630001068115234,56.65999984741211,56.47999954223633,56.529998779296875,18026,0.0,0.0
2023-06-12 12:30:00-04:00,56.45000076293945,56.619998931884766,56.310001373291016,56.52000045776367,21639,0.0,0.0
2023-06-12 13:30:00-04:00,56.470001220703125,56.81999969482422,56.459999084472656,56.75,23922,0.0,0.0
2023-06-12 14:30:00-04:00,56.75,56.810001373291016,56.65999984741211,56.78499984741211,27126,0.0,0.0
2023-06-12 15:30:00-04:00,56.81999969482422,56.83000183105469,56.40999984741211,56.5099983215332,65277,0.0,0.0
2023-06-13 09:30:00-04:00,56.810001373291016,57.85499954223633,56.772701263427734,57.77000045776367,45758,0.0,0.0
2023-06-13 10:30:00-04:00,57.7599983215332,57.94499969482422,57.41999816894531,57.79499816894531,40248,0.0,0.0
2023-06-13 11:30:00-04:00,57.84000015258789,57.86000061035156,57.08000183105469,57.38999938964844,34097,0.0,0.0
2023-06-13 12:30:00-04:00,57.33000183105469,57.70000076293945,57.33000183105469,57.41999816894531,25650,0.0,0.0
2023-06-13 13:30:00-04:00,57.380001068115234,57.75,57.30500030517578,57.529998779296875,48422,0.0,0.0
2023-06-13 14:30:00-04:00,57.5099983215332,58.0099983215332,57.45000076293945,57.95000076293945,50416,0.0,0.0
2023-06-13 15:30:00-04:00,57.95000076293945,57.95000076293945,57.36000061035156,57.540000915527344,149138,0.0,0.0
2023-06-14 09:30:00-04:00,57.52000045776367,58.470001220703125,57.52000045776367,58.08000183105469,41045,0.0,0.0
2023-06-14 10:30:00-04:00,58.08000183105469,58.63999938964844,57.96500015258789,58.4900016784668,42140,0.0,0.0
2023-06-14 11:30:00-04:00,58.5099983215332,58.72999954223633,58.39500045776367,58.5099983215332,52008,0.0,0.0
2023-06-14 12:30:00-04:00,58.470001220703125,58.54999923706055,58.24769973754883,58.31999969482422,42182,0.0,0.0
2023-06-14 13:30:00-04:00,58.39500045776367,58.400001525878906,57.86000061035156,58.130001068115234,69284,0.0,0.0
2023-06-14 14:30:00-04:00,58.122501373291016,58.36000061035156,57.91999816894531,58.119998931884766,87996,0.0,0.0
2023-06-14 15:30:00-04:00,58.040000915527344,58.16999816894531,57.525001525878906,58.040000915527344,81077,0.0,0.0
2023-06-15 09:30:00-04:00,57.93000030517578,58.47999954223633,57.86000061035156,58.29999923706055,42726,0.0,0.0
2023-06-15 10:30:00-04:00,58.380001068115234,59.20000076293945,58.10499954223633,59.20000076293945,115367,0.0,0.0
2023-06-15 11:30:00-04:00,59.150001525878906,59.2599983215332,58.709999084472656,58.75,33647,0.0,0.0
2023-06-15 12:30:00-04:00,58.779998779296875,58.810001373291016,58.59000015258789,58.63999938964844,29799,0.0,0.0
2023-06-15 13:30:00-04:00,58.68000030517578,59.09000015258789,58.68000030517578,58.81999969482422,38847,0.0,0.0
2023-06-15 14:30:00-04:00,58.849998474121094,59.34000015258789,58.849998474121094,59.09000015258789,58946,0.0,0.0
2023-06-15 15:30:00-04:00,59.11000061035156,59.529998779296875,59.09000015258789,59.18000030517578,87781,0.0,0.0
2023-06-16 09:30:00-04:00,59.869998931884766,59.869998931884766,58.7400016784668,59.130001068115234,124042,0.0,0.0
2023-06-16 10:30:00-04:00,59.130001068115234,59.150001525878906,58.400001525878906,58.51250076293945,48809,0.0,0.0
2023-06-16 11:30:00-04:00,58.599998474121094,58.709999084472656,58.220001220703125,58.61000061035156,17481,0.0,0.0
2023-06-16 12:30:00-04:00,58.625,58.72999954223633,58.540000915527344,58.63999938964844,22032,0.0,0.0
2023-06-16 13:30:00-04:00,58.599998474121094,58.61000061035156,58.38999938964844,58.47999954223633,24940,0.0,0.0
2023-06-16 14:30:00-04:00,58.52000045776367,58.63999938964844,58.369998931884766,58.5099983215332,43327,0.0,0.0
2023-06-16 15:30:00-04:00,58.5,58.56999969482422,58.28499984741211,58.4900016784668,90763,0.0,0.0
2023-06-20 09:30:00-04:00,58.369998931884766,58.564998626708984,58.08000183105469,58.08000183105469,226968,0.0,0.0
2023-06-20 10:30:00-04:00,58.154998779296875,58.349998474121094,58.10490036010742,58.209999084472656,16693,0.0,0.0
2023-06-20 11:30:00-04:00,58.220001220703125,58.665000915527344,58.220001220703125,58.665000915527344,16330,0.0,0.0
2023-06-20 12:30:00-04:00,58.654998779296875,59.189998626708984,58.61000061035156,58.900001525878906,25659,0.0,0.0
2023-06-20 13:30:00-04:00,58.91999816894531,59.06999969482422,58.83000183105469,58.86000061035156,21779,0.0,0.0
2023-06-20 14:30:00-04:00,58.880001068115234,59.08000183105469,58.81850051879883,59.040000915527344,30549,0.0,0.0
2023-06-20 15:30:00-04:00,59.040000915527344,59.15999984741211,58.93000030517578,58.93000030517578,49319,0.0,0.0
2023-06-21 09:30:00-04:00,58.560001373291016,59.5099983215332,58.0,59.5099983215332,36724,0.0,0.0
2023-06-21 10:30:00-04:00,59.52000045776367,59.52000045776367,58.59000015258789,58.654998779296875,39051,0.0,0.0
2023-06-21 11:30:00-04:00,58.619998931884766,58.68000030517578,58.099998474121094,58.22999954223633,32881,0.0,0.0
2023-06-21 12:30:00-04:00,58.2599983215332,58.52000045776367,58.209999084472656,58.459999084472656,23035,0.0,0.0
2023-06-21 13:30:00-04:00,58.439998626708984,58.79999923706055,58.439998626708984,58.755001068115234,14947,0.0,0.0
2023-06-21 14:30:00-04:00,58.779998779296875,58.880001068115234,58.650001525878906,58.76530075073242,18860,0.0,0.0
2023-06-21 15:30:00-04:00,58.75,58.779998779296875,58.540000915527344,58.6349983215332,48639,0.0,0.0
2023-06-22 09:30:00-04:00,58.47999954223633,58.58000183105469,58.040000915527344,58.56999969482422,20811,0.0,0.0
2023-06-22 10:30:00-04:00,58.64500045776367,58.64500045776367,58.1150016784668,58.2599983215332,21474,0.0,0.0
2023-06-22 11:30:00-04:00,58.27000045776367,58.459999084472656,58.18000030517578,58.22999954223633,17462,0.0,0.0
2023-06-22 12:30:00-04:00,58.209999084472656,58.22999954223633,58.04999923706055,58.22999954223633,13515,0.0,0.0
2023-06-22 13:30:00-04:00,58.15999984741211,58.29999923706055,58.099998474121094,58.29999923706055,13182,0.0,0.0
2023-06-22 14:30:00-04:00,58.29999923706055,58.31449890136719,58.13999938964844,58.13999938964844,17412,0.0,0.0
2023-06-22 15:30:00-04:00,58.07500076293945,58.13999938964844,57.88999938964844,58.005001068115234,49792,0.0,0.0
2023-06-23 09:30:00-04:00,57.380001068115234,57.83000183105469,57.0,57.380001068115234,22144,0.0,0.0
2023-06-23 10:30:00-04:00,57.4286003112793,57.459999084472656,56.65999984741211,56.75,23460,0.0,0.0
2023-06-23 11:30:00-04:00,56.72999954223633,56.85499954223633,56.43000030517578,56.85499954223633,22759,0.0,0.0
2023-06-23 12:30:00-04:00,56.911800384521484,56.911800384521484,56.7400016784668,56.83000183105469,11837,0.0,0.0
2023-06-23 13:30:00-04:00,56.939998626708984,56.95000076293945,56.599998474121094,56.790000915527344,21143,0.0,0.0
2023-06-23 14:30:00-04:00,56.75,56.86000061035156,56.525001525878906,56.72999954223633,59391,0.0,0.0
2023-06-23 15:30:00-04:00,56.75,56.86000061035156,56.68000030517578,56.79999923706055,54398,0.0,0.0
2023-06-26 09:30:00-04:00,56.93000030517578,58.18000030517578,56.93000030517578,57.380001068115234,43107,0.0,0.0
2023-06-26 10:30:00-04:00,57.36000061035156,57.36000061035156,56.779998779296875,56.8400993347168,21465,0.0,0.0
2023-06-26 11:30:00-04:00,56.869998931884766,57.099998474121094,56.84000015258789,56.88999938964844,13356,0.0,0.0
2023-06-26 12:30:00-04:00,56.810001373291016,57.29999923706055,56.73500061035156,57.189998626708984,16976,0.0,0.0
2023-06-26 13:30:00-04:00,57.220001220703125,57.529998779296875,57.185001373291016,57.380001068115234,15785,0.0,0.0
2023-06-26 14:30:00-04:00,57.400001525878906,57.61000061035156,57.367698669433594,57.47999954223633,18503,0.0,0.0
2023-06-26 15:30:00-04:00,57.459999084472656,57.4900016784668,57.185001373291016,57.220001220703125,42263,0.0,0.0
2023-06-27 09:30:00-04:00,57.25,57.67499923706055,56.73210144042969,57.67499923706055,21643,0.0,0.0
2023-06-27 10:30:00-04:00,57.77349853515625,57.959999084472656,57.415000915527344,57.45000076293945,18576,0.0,0.0
2023-06-27 11:30:00-04:00,57.459999084472656,57.7599983215332,57.34000015258789,57.7599983215332,15963,0.0,0.0
2023-06-27 12:30:00-04:00,57.72999954223633,58.2599983215332,57.72999954223633,58.2599983215332,25370,0.0,0.0
2023-06-27 13:30:00-04:00,58.24580001831055,58.369998931884766,58.09000015258789,58.18000030517578,17051,0.0,0.0
2023-06-27 14:30:00-04:00,58.209999084472656,58.2599983215332,58.08000183105469,58.20000076293945,18436,0.0,0.0
2023-06-27 15:30:00-04:00,58.20500183105469,58.220001220703125,58.06999969482422,58.09000015258789,34540,0.0,0.0
2023-06-28 09:30:00-04:00,57.68000030517578,58.369998931884766,57.68000030517578,58.369998931884766,28113,0.0,0.0
2023-06-28 10:30:00-04:00,58.375,58.58000183105469,58.20000076293945,58.2599983215332,29586,0.0,0.0
2023-06-28 11:30:00-04:00,58.290000915527344,58.66999816894531,58.279701232910156,58.5,27485,0.0,0.0
2023-06-28 12:30:00-04:00,58.540000915527344,58.869998931884766,58.50790023803711,58.78499984741211,80367,0.0,0.0
2023-06-28 13:30:00-04:00,58.779998779296875,59.029998779296875,58.7400016784668,59.029998779296875,35219,0.0,0.0
2023-06-28 14:30:00-04:00,58.994998931884766,59.040000915527344,58.439998626708984,58.93000030517578,49309,0.0,0.0
2023-06-28 15:30:00-04:00,58.86000061035156,59.040000915527344,58.630001068115234,58.689998626708984,66940,0.0,0.0
2023-06-29 09:30:00-04:00,59.31999969482422,59.900001525878906,59.31999969482422,59.66999816894531,31384,0.0,0.0
2023-06-29 10:30:00-04:00,59.58000183105469,59.81990051269531,59.07500076293945,59.189998626708984,40891,0.0,0.0
2023-06-29 11:30:00-04:00,59.25,59.630001068115234,59.150001525878906,59.599998474121094,20923,0.0,0.0
2023-06-29 12:30:00-04:00,59.6150016784668,59.79999923706055,59.56999969482422,59.650001525878906,12929,0.0,0.0
2023-06-29 13:30:00-04:00,59.68000030517578,59.779998779296875,59.4900016784668,59.720001220703125,18298,0.0,0.0
2023-06-29 14:30:00-04:00,59.70000076293945,59.83000183105469,59.61000061035156,59.83000183105469,19791,0.0,0.0
2023-06-29 15:30:00-04:00,59.79999923706055,60.04999923706055,59.790000915527344,59.869998931884766,57837,0.0,0.0
2023-06-30 09:30:00-04:00,60.470001220703125,60.79999923706055,60.09000015258789,60.54999923706055,26537,0.0,0.0
2023-06-30 10:30:00-04:00,60.51499938964844,60.83000183105469,60.38999938964844,60.65999984741211,20022,0.0,0.0
2023-06-30 11:30:00-04:00,60.7400016784668,60.970001220703125,60.68069839477539,60.709999084472656,14911,0.0,0.0
2023-06-30 12:30:00-04:00,60.70000076293945,60.939998626708984,60.70000076293945,60.7400016784668,11992,0.0,0.0
2023-06-30 13:30:00-04:00,60.790000915527344,60.83000183105469,60.625,60.68000030517578,13897,0.0,0.0
2023-06-30 14:30:00-04:00,60.709999084472656,60.900001525878906,60.57929992675781,60.59000015258789,18538,0.0,0.0
2023-06-30 15:30:00-04:00,60.59000015258789,60.61000061035156,60.220001220703125,60.2599983215332,25739,0.0,0.0
2023-07-03 09:30:00-04:00,60.16999816894531,60.709999084472656,59.849998474121094,60.060001373291016,36970,0.0,0.0
2023-07-03 10:30:00-04:00,60.025001525878906,60.040000915527344,59.790000915527344,59.79999923706055,12355,0.0,0.0
2023-07-03 11:30:00-04:00,59.79999923706055,59.939998626708984,59.720001220703125,59.89500045776367,13892,0.0,0.0
2023-07-05 09:30:00-04:00,60.119998931884766,60.349998474121094,59.56999969482422,60.11000061035156,33552,0.0,0.0
2023-07-05 10:30:00-04:00,60.209999084472656,60.349998474121094,59.9900016784668,60.099998474121094,19121,0.0,0.0
2023-07-05 11:30:00-04:00,60.130001068115234,60.310001373291016,60.06999969482422,60.290000915527344,23594,0.0,0.0
2023-07-05 12:30:00-04:00,60.220001220703125,60.27000045776367,60.04999923706055,60.209999084472656,69720,0.0,0.0
2023-07-05 13:30:00-04:00,60.13999938964844,60.21329879760742,60.06999969482422,60.189998626708984,28359,0.0,0.0
2023-07-05 14:30:00-04:00,60.150001525878906,60.31999969482422,60.150001525878906,60.220001220703125,26166,0.0,0.0
2023-07-05 15:30:00-04:00,60.209999084472656,60.34000015258789,60.150001525878906,60.150001525878906,55359,0.0,0.0
2023-07-06 09:30:00-04:00,59.5,60.15999984741211,59.260101318359375,59.27000045776367,24117,0.0,0.0
2023-07-06 10:30:00-04:00,59.1349983215332,59.36000061035156,59.130001068115234,59.255001068115234,34169,0.0,0.0
2023-07-06 11:30:00-04:00,59.255001068115234,59.43000030517578,59.20000076293945,59.290000915527344,15187,0.0,0.0
2023-07-06 12:30:00-04:00,59.33000183105469,59.47990036010742,59.310001373291016,59.33000183105469,19422,0.0,0.0
2023-07-06 13:30:00-04:00,59.310001373291016,59.459999084472656,59.279998779296875,59.45000076293945,24765,0.0,0.0
2023-07-06 14:30:00-04:00,59.42499923706055,59.68000030517578,59.41999816894531,59.61000061035156,16404,0.0,0.0
2023-07-06 15:30:00-04:00,59.595001220703125,59.720001220703125,59.560001373291016,59.6150016784668,42300,0.0,0.0
2023-07-07 09:30:00-04:00,59.84000015258789,60.349998474121094,59.83000183105469,60.334999084472656,18395,0.0,0.0
2023-07-07 10:30:00-04:00,60.349998474121094,60.599998474121094,60.2400016784668,60.599998474121094,27646,0.0,0.0
2023-07-07 11:30:00-04:00,60.619998931884766,60.619998931884766,60.31999969482422,60.540000915527344,11085,0.0,0.0
2023-07-07 12:30:00-04:00,60.58000183105469,60.790000915527344,60.58000183105469,60.65999984741211,14044,0.0,0.0
2023-07-07 13:30:00-04:00,60.65999984741211,60.900001525878906,60.65999984741211,60.88999938964844,25609,0.0,0.0
2023-07-07 14:30:00-04:00,60.880001068115234,60.88999938964844,60.744998931884766,60.77000045776367,19094,0.0,0.0
2023-07-07 15:30:00-04:00,60.77000045776367,60.84000015258789,60.470001220703125,60.529998779296875,84137,0.0,0.0
2023-07-10 09:30:00-04:00,60.459999084472656,61.029998779296875,60.45500183105469,60.970001220703125,17587,0.0,0.0
2023-07-10 10:30:00-04:00,60.959999084472656,61.189998626708984,60.79999923706055,61.17399978637695,13898,0.0,0.0
2023-07-10 11:30:00-04:00,61.18000030517578,61.34000015258789,61.09000015258789,61.34000015258789,13954,0.0,0.0
2023-07-10 12:30:00-04:00,61.31999969482422,61.31999969482422,61.150001525878906,61.2400016784668,13934,0.0,0.0
2023-07-10 13:30:00-04:00,61.2327995300293,61.25899887084961,61.10900115966797,61.25899887084961,13477,0.0,0.0
2023-07-10 14:30:00-04:00,61.25,61.38990020751953,61.125,61.349998474121094,17442,0.0,0.0
2023-07-10 15:30:00-04:00,61.31999969482422,61.650001525878906,61.279998779296875,61.650001525878906,28175,0.0,0.0
2023-07-11 09:30:00-04:00,61.7599983215332,62.34000015258789,61.60499954223633,62.099998474121094,28316,0.0,0.0
2023-07-11 10:30:00-04:00,62.09000015258789,62.27000045776367,61.875,61.880001068115234,27992,0.0,0.0
2023-07-11 11:30:00-04:00,61.875,61.91999816894531,61.58000183105469,61.61000061035156,19288,0.0,0.0
2023-07-11 12:30:00-04:00,61.63999938964844,61.81999969482422,61.602500915527344,61.72999954223633,15535,0.0,0.0
2023-07-11 13:30:00-04:00,61.71009826660156,61.86000061035156,61.71009826660156,61.86000061035156,20463,0.0,0.0
2023-07-11 14:30:00-04:00,61.88999938964844,62.209999084472656,61.84000015258789,62.209999084472656,33138,0.0,0.0
2023-07-11 15:30:00-04:00,62.189998626708984,62.380001068115234,62.189998626708984,62.369998931884766,47220,0.0,0.0
2023-07-12 09:30:00-04:00,63.0,63.22999954223633,62.45000076293945,62.880001068115234,41519,0.0,0.0
2023-07-12 10:30:00-04:00,62.970001220703125,63.45000076293945,62.88999938964844,63.349998474121094,28147,0.0,0.0
2023-07-12 11:30:00-04:00,63.310001373291016,63.418701171875,63.060001373291016,63.2599983215332,20260,0.0,0.0
2023-07-12 12:30:00-04:00,63.2599983215332,63.5099983215332,63.2599983215332,63.45000076293945,15177,0.0,0.0
2023-07-12 13:30:00-04:00,63.46500015258789,63.5099983215332,63.228599548339844,63.27000045776367,15539,0.0,0.0
2023-07-12 14:30:00-04:00,63.27000045776367,63.36000061035156,63.220001220703125,63.27000045776367,45908,0.0,0.0
2023-07-12 15:30:00-04:00,63.27000045776367,63.5099983215332,63.10499954223633,63.279998779296875,93328,0.0,0.0
2023-07-13 09:30:00-04:00,63.349998474121094,63.79499816894531,63.290000915527344,63.650001525878906,16064,0.0,0.0
2023-07-13 10:30:00-04:00,63.67499923706055,63.91999816894531,63.63999938964844,63.86000061035156,17228,0.0,0.0
2023-07-13 11:30:00-04:00,63.845001220703125,63.970001220703125,63.779998779296875,63.944000244140625,14475,0.0,0.0
2023-07-13 12:30:00-04:00,63.935001373291016,64.19999694824219,63.869998931884766,64.16000366210938,23034,0.0,0.0
2023-07-13 13:30:00-04:00,64.16999816894531,64.42500305175781,64.1500015258789,64.42500305175781,29339,0.0,0.0
2023-07-13 14:30:00-04:00,64.44999694824219,64.59500122070312,64.31999969482422,64.5199966430664,65566,0.0,0.0
2023-07-13 15:30:00-04:00,64.5199966430664,64.58000183105469,64.30999755859375,64.37999725341797,93863,0.0,0.0
2023-07-14 09:30:00-04:00,63.970001220703125,63.970001220703125,60.779998779296875,61.38999938964844,157490,0.0,0.0
2023-07-14 10:30:00-04:00,61.290000915527344,61.290000915527344,59.56999969482422,60.5,71279,0.0,0.0
2023-07-14 11:30:00-04:00,60.380001068115234,60.380001068115234,59.689998626708984,59.77000045776367,45503,0.0,0.0
2023-07-14 12:30:00-04:00,59.798099517822266,60.849300384521484,59.76499938964844,60.849300384521484,43545,0.0,0.0
2023-07-14 13:30:00-04:00,60.79999923706055,61.05500030517578,60.59000015258789,60.72999954223633,31436,0.0,0.0
2023-07-14 14:30:00-04:00,60.70000076293945,60.79840087890625,60.41999816894531,60.72999954223633,36655,0.0,0.0
2023-07-14 15:30:00-04:00,60.7599983215332,61.040000915527344,60.599998474121094,60.709999084472656,98548,0.0,0.0
2023-07-17 09:30:00-04:00,60.439998626708984,61.279998779296875,60.31999969482422,60.88999938964844,26870,0.0,0.0
2023-07-17 10:30:00-04:00,60.959999084472656,61.06999969482422,60.849998474121094,61.06999969482422,14808,0.0,0.0
2023-07-17 11:30:00-04:00,61.029998779296875,61.34000015258789,61.0099983215332,61.20000076293945,16483,0.0,0.0
2023-07-17 12:30:00-04:00,61.119998931884766,61.275001525878906,61.09000015258789,61.189998626708984,14704,0.0,0.0
2023-07-17 13:30:00-04:00,61.169898986816406,61.2400016784668,61.060001373291016,61.150001525878906,18805,0.0,0.0
2023-07-17 14:30:00-04:00,61.11000061035156,61.15999984741211,60.779998779296875,60.79999923706055,27099,0.0,0.0
2023-07-17 15:30:00-04:00,60.790000915527344,60.790000915527344,60.44499969482422,60.59000015258789,62802,0.0,0.0
2023-07-18 09:30:00-04:00,60.56999969482422,61.189998626708984,60.5099983215332,61.0,33407,0.0,0.0
2023-07-18 10:30:00-04:00,61.005001068115234,61.04999923706055,60.65999984741211,61.04999923706055,23120,0.0,0.0
2023-07-18 11:30:00-04:00,61.02000045776367,61.029998779296875,60.58000183105469,60.66999816894531,21292,0.0,0.0
2023-07-18 12:30:00-04:00,60.70000076293945,60.91999816894531,60.58000183105469,60.90999984741211,9669,0.0,0.0
2023-07-18 13:30:00-04:00,60.8650016784668,61.099998474121094,60.7400016784668,61.099998474121094,13658,0.0,0.0
2023-07-18 14:30:00-04:00,61.09669876098633,61.369998931884766,61.0099983215332,61.31999969482422,17402,0.0,0.0
2023-07-18 15:30:00-04:00,61.310001373291016,61.345001220703125,61.06999969482422,61.15999984741211,80306,0.0,0.0
2023-07-19 09:30:00-04:00,61.36000061035156,61.36000061035156,60.540000915527344,60.540000915527344,31028,0.0,0.0
2023-07-19 10:30:00-04:00,60.47129821777344,60.60499954223633,59.97999954223633,60.20000076293945,35703,0.0,0.0
2023-07-19 11:30:00-04:00,60.210201263427734,60.7599983215332,60.210201263427734,60.630001068115234,22635,0.0,0.0
2023-07-19 12:30:00-04:00,60.61000061035156,60.6349983215332,60.31999969482422,60.459999084472656,20278,0.0,0.0
2023-07-19 13:30:00-04:00,60.41999816894531,60.439998626708984,60.220001220703125,60.27000045776367,12815,0.0,0.0
2023-07-19 14:30:00-04:00,60.33000183105469,60.63999938964844,60.275001525878906,60.63999938964844,27111,0.0,0.0
2023-07-19 15:30:00-04:00,60.59000015258789,60.81999969482422,60.29999923706055,60.33000183105469,67787,0.0,0.0
2023-07-20 09:30:00-04:00,60.189998626708984,60.27000045776367,58.63999938964844,58.66999816894531,51719,0.0,0.0
2023-07-20 10:30:00-04:00,58.709999084472656,58.845001220703125,58.310001373291016,58.459999084472656,59468,0.0,0.0
2023-07-20 11:30:00-04:00,58.439998626708984,59.0281982421875,58.369998931884766,58.474998474121094,64357,0.0,0.0
2023-07-20 12:30:00-04:00,58.459999084472656,58.540000915527344,58.209999084472656,58.380001068115234,52743,0.0,0.0
2023-07-20 13:30:00-04:00,58.36000061035156,58.39500045776367,57.4900016784668,57.964298248291016,95288,0.0,0.0
2023-07-20 14:30:00-04:00,58.03499984741211,58.6349983215332,57.88999938964844,58.119998931884766,59202,0.0,0.0
2023-07-20 15:30:00-04:00,58.11000061035156,58.25,57.93000030517578,58.029998779296875,121956,0.0,0.0
2023-07-21 09:30:00-04:00,58.459999084472656,59.14500045776367,58.459999084472656,58.80500030517578,45199,0.0,0.0
2023-07-21 10:30:00-04:00,58.665000915527344,58.79999923706055,58.380001068115234,58.459999084472656,22357,0.0,0.0
2023-07-21 11:30:00-04:00,58.470001220703125,58.54499816894531,58.119998931884766,58.119998931884766,20226,0.0,0.0
2023-07-21 12:30:00-04:00,58.099998474121094,58.19499969482422,57.84000015258789,58.165000915527344,21445,0.0,0.0
2023-07-21 13:30:00-04:00,58.21900177001953,58.33000183105469,57.9900016784668,58.040000915527344,18592,0.0,0.0
2023-07-21 14:30:00-04:00,58.060001373291016,58.18000030517578,57.8849983215332,58.06999969482422,26131,0.0,0.0
2023-07-21 15:30:00-04:00,58.02000045776367,58.130001068115234,57.630001068115234,57.779998779296875,78045,0.0,0.0
2023-07-24 09:30:00-04:00,57.77000045776367,58.310001373291016,57.540000915527344,57.849998474121094,14329,0.0,0.0
2023-07-24 10:30:00-04:00,57.91999816894531,58.310001373291016,57.72999954223633,58.310001373291016,25328,0.0,0.0
2023-07-24 11:30:00-04:00,58.26499938964844,58.79499816894531,58.26499938964844,58.709999084472656,24644,0.0,0.0
2023-07-24 12:30:00-04:00,58.70000076293945,58.970001220703125,58.63999938964844,58.88999938964844,18547,0.0,0.0
2023-07-24 13:30:00-04:00,58.915000915527344,58.95000076293945,58.790000915527344,58.90999984741211,16526,0.0,0.0
2023-07-24 14:30:00-04:00,58.86000061035156,58.869998931884766,58.66999816894531,58.709999084472656,18808,0.0,0.0
2023-07-24 15:30:00-04:00,58.724998474121094,59.0,58.720001220703125,58.88999938964844,53123,0.0,0.0
2023-07-25 09:30:00-04:00,58.75,59.75,58.55889892578125,59.630001068115234,31986,0.0,0.0
2023-07-25 10:30:00-04:00,59.52000045776367,59.689998626708984,59.13999938964844,59.689998626708984,34850,0.0,0.0
2023-07-25 11:30:00-04:00,59.69499969482422,59.77000045776367,59.5,59.63999938964844,16821,0.0,0.0
2023-07-25 12:30:00-04:00,59.59000015258789,60.060001373291016,59.57500076293945,60.05500030517578,39462,0.0,0.0
2023-07-25 13:30:00-04:00,60.04999923706055,60.314998626708984,60.0,60.154998779296875,35556,0.0,0.0
2023-07-25 14:30:00-04:00,60.154998779296875,60.209999084472656,60.0,60.14899826049805,43610,0.0,0.0
2023-07-25 15:30:00-04:00,60.13999938964844,60.150001525878906,59.810001373291016,59.86000061035156,66021,0.0,0.0
2023-07-26 09:30:00-04:00,59.45000076293945,60.185001373291016,58.790000915527344,59.59000015258789,14883,0.0,0.0
2023-07-26 10:30:00-04:00,59.573299407958984,59.573299407958984,59.0,59.36000061035156,14499,0.0,0.0
2023-07-26 11:30:00-04:00,59.369998931884766,59.52980041503906,59.150001525878906,59.150001525878906,10799,0.0,0.0
2023-07-26 12:30:00-04:00,59.04499816894531,59.400001525878906,59.0,59.34000015258789,11238,0.0,0.0
2023-07-26 13:30:00-04:00,59.310001373291016,59.54999923706055,59.310001373291016,59.43000030517578,10706,0.0,0.0
2023-07-26 14:30:00-04:00,59.459999084472656,59.849998474121094,59.290000915527344,59.40999984741211,16564,0.0,0.0
2023-07-26 15:30:00-04:00,59.400001525878906,59.6349983215332,59.290000915527344,59.48500061035156,41850,0.0,0.0
2023-07-27 09:30:00-04:00,60.2599983215332,60.81999969482422,59.64149856567383,59.849998474121094,47722,0.0,0.0
2023-07-27 10:30:00-04:00,59.869998931884766,60.1349983215332,59.73249816894531,60.09000015258789,23132,0.0,0.0
2023-07-27 11:30:00-04:00,60.119998931884766,60.25,59.880001068115234,60.060001373291016,16874,0.0,0.0
2023-07-27 12:30:00-04:00,60.06999969482422,60.25,59.880001068115234,59.9900016784668,14856,0.0,0.0
2023-07-27 13:30:00-04:00,59.939998626708984,60.150001525878906,59.87670135498047,59.95000076293945,21860,0.0,0.0
2023-07-27 14:30:00-04:00,59.90999984741211,59.91999816894531,59.66999816894531,59.75,27261,0.0,0.0
2023-07-27 15:30:00-04:00,59.779998779296875,59.93000030517578,59.56999969482422,59.880001068115234,56687,0.0,0.0
2023-07-28 09:30:00-04:00,60.33000183105469,60.68000030517578,60.0099983215332,60.310001373291016,29950,0.0,0.0
2023-07-28 10:30:00-04:00,60.310001373291016,60.47999954223633,60.185001373291016,60.349998474121094,31826,0.0,0.0
2023-07-28 11:30:00-04:00,60.380001068115234,60.380001068115234,59.97999954223633,59.9900016784668,21917,0.0,0.0
2023-07-28 12:30:00-04:00,59.93000030517578,60.25,59.84000015258789,59.880001068115234,19795,0.0,0.0
2023-07-28 13:30:00-04:00,59.880001068115234,60.33000183105469,59.73500061035156,60.27000045776367,24594,0.0,0.0
2023-07-28 14:30:00-04:00,60.29499816894531,60.29499816894531,60.0,60.05500030517578,31464,0.0,0.0
2023-07-28 15:30:00-04:00,60.040000915527344,60.130001068115234,59.869998931884766,59.869998931884766,54033,0.0,0.0
2023-07-31 09:30:00-04:00,60.130001068115234,61.439998626708984,60.130001068115234,61.27000045776367,44653,0.0,0.0
2023-07-31 10:30:00-04:00,61.20000076293945,61.560001373291016,60.900001525878906,61.369998931884766,35738,0.0,0.0
2023-07-31 11:30:00-04:00,61.32500076293945,61.849998474121094,61.31999969482422,61.54999923706055,35444,0.0,0.0
2023-07-31 12:30:00-04:00,61.58000183105469,61.59000015258789,61.2400016784668,61.459999084472656,44978,0.0,0.0
2023-07-31 13:30:00-04:00,61.45000076293945,61.709999084472656,61.400001525878906,61.709999084472656,42406,0.0,0.0
2023-07-31 14:30:00-04:00,61.720001220703125,61.91999816894531,61.25,61.41999816894531,70921,0.0,0.0
2023-07-31 15:30:00-04:00,61.43000030517578,61.59000015258789,61.20000076293945,61.5099983215332,114775,0.0,0.0
2023-08-01 09:30:00-04:00,58.939998626708984,59.45000076293945,55.27000045776367,57.16999816894531,209209,0.0,0.0
2023-08-01 10:30:00-04:00,57.130001068115234,57.79990005493164,56.66999816894531,57.59000015258789,114602,0.0,0.0
2023-08-01 11:30:00-04:00,57.58000183105469,58.15999984741211,57.43000030517578,58.02000045776367,121364,0.0,0.0
2023-08-01 12:30:00-04:00,58.005001068115234,58.369998931884766,57.70000076293945,58.31999969482422,94432,0.0,0.0
2023-08-01 13:30:00-04:00,58.290000915527344,58.38999938964844,57.720001220703125,57.72999954223633,100019,0.0,0.0
2023-08-01 14:30:00-04:00,57.7400016784668,57.80220031738281,57.06010055541992,57.63999938964844,122544,0.0,0.0
2023-08-01 15:30:00-04:00,57.63999938964844,57.77000045776367,57.5,57.65999984741211,198640,0.0,0.0
2023-08-02 09:30:00-04:00,57.25,57.25,56.029998779296875,56.560001373291016,84661,0.0,0.0
2023-08-02 10:30:00-04:00,56.40999984741211,56.650001525878906,55.68000030517578,55.94499969482422,53185,0.0,0.0
2023-08-02 11:30:00-04:00,55.875,55.900001525878906,54.90999984741211,55.369998931884766,98514,0.0,0.0
2023-08-02 12:30:00-04:00,55.375,55.880001068115234,55.375,55.650001525878906,37357,0.0,0.0
2023-08-02 13:30:00-04:00,55.65999984741211,56.0099983215332,55.63999938964844,55.959999084472656,38361,0.0,0.0
2023-08-02 14:30:00-04:00,55.959999084472656,56.040000915527344,55.5099983215332,55.5099983215332,86516,0.0,0.0
2023-08-02 15:30:00-04:00,55.47999954223633,55.47999954223633,55.22999954223633,55.22999954223633,82559,0.0,0.0
2023-08-03 09:30:00-04:00,54.77000045776367,55.755001068115234,54.650001525878906,55.459999084472656,43332,0.0,0.0
2023-08-03 10:30:00-04:00,55.44499969482422,55.95000076293945,55.220001220703125,55.79999923706055,52818,0.0,0.0
2023-08-03 11:30:00-04:00,55.81999969482422,55.849998474121094,55.625,55.81999969482422,30303,0.0,0.0
2023-08-03 12:30:00-04:00,55.880001068115234,56.005001068115234,55.27000045776367,55.349998474121094,40253,0.0,0.0
2023-08-03 13:30:00-04:00,55.349998474121094,55.43000030517578,55.19499969482422,55.345001220703125,31376,0.0,0.0
2023-08-03 14:30:00-04:00,55.31999969482422,55.540000915527344,54.97999954223633,55.099998474121094,93467,0.0,0.0
2023-08-03 15:30:00-04:00,55.10499954223633,55.12910079956055,54.7599983215332,54.84000015258789,132635,0.0,0.0
2023-08-04 09:30:00-04:00,54.0,55.09000015258789,54.0,55.06999969482422,35213,0.0,0.0
2023-08-04 10:30:00-04:00,55.08000183105469,55.400001525878906,54.95000076293945,55.20000076293945,27468,0.0,0.0
2023-08-04 11:30:00-04:00,55.22999954223633,55.5099983215332,55.11000061035156,55.5099983215332,32465,0.0,0.0
2023-08-04 12:30:00-04:00,55.52000045776367,55.7400016784668,55.5099983215332,55.54999923706055,26637,0.0,0.0
2023-08-04 13:30:00-04:00,55.54999923706055,55.560001373291016,55.18000030517578,55.20000076293945,28176,0.0,0.0
2023-08-04 14:30:00-04:00,55.220001220703125,55.369998931884766,55.16999816894531,55.23500061035156,34864,0.0,0.0
2023-08-04 15:30:00-04:00,55.25,55.29999923706055,55.11000061035156,55.18000030517578,66270,0.0,0.0
2023-08-07 09:30:00-04:00,55.40999984741211,55.9900016784668,55.310001373291016,55.709999084472656,26959,0.0,0.0
2023-08-07 10:30:00-04:00,55.72999954223633,55.775001525878906,55.20500183105469,55.435001373291016,24059,0.0,0.0
2023-08-07 11:30:00-04:00,55.36000061035156,55.474998474121094,55.20000076293945,55.29999923706055,22383,0.0,0.0
2023-08-07 12:30:00-04:00,55.25,55.40999984741211,55.18000030517578,55.33000183105469,24370,0.0,0.0
2023-08-07 13:30:00-04:00,55.380001068115234,55.5099983215332,55.220001220703125,55.220001220703125,19076,0.0,0.0
2023-08-07 14:30:00-04:00,55.279998779296875,55.31999969482422,55.060001373291016,55.15999984741211,29147,0.0,0.0
2023-08-07 15:30:00-04:00,55.189998626708984,55.31999969482422,55.119998931884766,55.20500183105469,50592,0.0,0.0
2023-08-08 09:30:00-04:00,54.900001525878906,55.0,53.95000076293945,54.2400016784668,23329,0.0,0.0
2023-08-08 10:30:00-04:00,54.189998626708984,54.46500015258789,54.13999938964844,54.41999816894531,20732,0.0,0.0
2023-08-08 11:30:00-04:00,54.55500030517578,54.665000915527344,54.439998626708984,54.601898193359375,13372,0.0,0.0
2023-08-08 12:30:00-04:00,54.584999084472656,54.97999954223633,54.560001373291016,54.921199798583984,20138,0.0,0.0
2023-08-08 13:30:00-04:00,55.0,55.13999938964844,54.90999984741211,55.0,22875,0.0,0.0
2023-08-08 14:30:00-04:00,55.0099983215332,55.060001373291016,54.40999984741211,54.470001220703125,117588,0.0,0.0
2023-08-08 15:30:00-04:00,54.49610137939453,54.959999084472656,54.4900016784668,54.88999938964844,127873,0.0,0.0
2023-08-09 09:30:00-04:00,54.849998474121094,55.369998931884766,54.54999923706055,55.209999084472656,49708,0.0,0.0
2023-08-09 10:30:00-04:00,55.150001525878906,55.7400016784668,55.150001525878906,55.619998931884766,42584,0.0,0.0
2023-08-09 11:30:00-04:00,55.630001068115234,55.72999954223633,55.380001068115234,55.625,32861,0.0,0.0
2023-08-09 12:30:00-04:00,55.619998931884766,55.869998931884766,55.540000915527344,55.75,28235,0.0,0.0
2023-08-09 13:30:00-04:00,55.790000915527344,56.15999984741211,55.599998474121094,56.08000183105469,40812,0.0,0.0
2023-08-09 14:30:00-04:00,56.060001373291016,56.095001220703125,55.79999923706055,55.856998443603516,40318,0.0,0.0
2023-08-09 15:30:00-04:00,55.849998474121094,55.90999984741211,55.33000183105469,55.34000015258789,50367,0.0,0.0
2023-08-10 09:30:00-04:00,55.5099983215332,56.08000183105469,55.11000061035156,55.86000061035156,45570,0.0,0.0
2023-08-10 10:30:00-04:00,55.84000015258789,55.900001525878906,55.47999954223633,55.689998626708984,32501,0.0,0.0
2023-08-10 11:30:00-04:00,55.720001220703125,55.790000915527344,55.400001525878906,55.58000183105469,28145,0.0,0.0
2023-08-10 12:30:00-04:00,55.59000015258789,55.709999084472656,55.255001068115234,55.26499938964844,23738,0.0,0.0
2023-08-10 13:30:00-04:00,55.2599983215332,55.36000061035156,54.939998626708984,55.279998779296875,28109,0.0,0.0
2023-08-10 14:30:00-04:00,55.279998779296875,55.47999954223633,55.20000076293945,55.34000015258789,39854,0.0,0.0
2023-08-10 15:30:00-04:00,55.36000061035156,55.380001068115234,55.099998474121094,55.130001068115234,61299,0.0,0.0
2023-08-11 09:30:00-04:00,55.04999923706055,55.650001525878906,55.04999923706055,55.5099983215332,49113,0.0,0.0
2023-08-11 10:30:00-04:00,55.52000045776367,55.970001220703125,55.4900016784668,55.54499816894531,43605,0.0,0.0
2023-08-11 11:30:00-04:00,55.560001373291016,55.68000030517578,55.422000885009766,55.63999938964844,26106,0.0,0.0
2023-08-11 12:30:00-04:00,55.58000183105469,55.66999816894531,55.380001068115234,55.45500183105469,30096,0.0,0.0
2023-08-11 13:30:00-04:00,55.45000076293945,55.5,55.380001068115234,55.5,21559,0.0,0.0
2023-08-11 14:30:00-04:00,55.5099983215332,55.560001373291016,55.18000030517578,55.415000915527344,45073,0.0,0.0
2023-08-11 15:30:00-04:00,55.40999984741211,55.40999984741211,55.04999923706055,55.119998931884766,56026,0.0,0.0
2023-08-14 09:30:00-04:00,54.90999984741211,55.2400016784668,54.61000061035156,54.93000030517578,37648,0.0,0.0
2023-08-14 10:30:00-04:00,54.939701080322266,55.18000030517578,54.900001525878906,55.029998779296875,27821,0.0,0.0
2023-08-14 11:30:00-04:00,55.060001373291016,55.16999816894531,54.93000030517578,55.0099983215332,20523,0.0,0.0
2023-08-14 12:30:00-04:00,55.0099983215332,55.09000015258789,54.92499923706055,54.92499923706055,20333,0.0,0.0
2023-08-14 13:30:00-04:00,54.96500015258789,55.08000183105469,54.86000061035156,54.9900016784668,29927,0.0,0.0
2023-08-14 14:30:00-04:00,55.0,55.13999938964844,54.93000030517578,55.08000183105469,38528,0.0,0.0
2023-08-14 15:30:00-04:00,55.119998931884766,55.185001373291016,55.025001525878906,55.150001525878906,59031,0.0,0.0
2023-08-15 09:30:00-04:00,54.68000030517578,55.29999923706055,54.68000030517578,54.900001525878906,28515,0.0,0.0
2023-08-15 10:30:00-04:00,54.97999954223633,55.02000045776367,54.775001525878906,54.849998474121094,34825,0.0,0.0
2023-08-15 11:30:00-04:00,54.859798431396484,54.9900016784668,54.72999954223633,54.95000076293945,26689,0.0,0.0
2023-08-15 12:30:00-04:00,54.91999816894531,55.0099983215332,54.650001525878906,55.0099983215332,34270,0.0,0.0
2023-08-15 13:30:00-04:00,54.970001220703125,55.060001373291016,54.86000061035156,54.95500183105469,21883,0.0,0.0
2023-08-15 14:30:00-04:00,54.970001220703125,55.08000183105469,54.970001220703125,55.01499938964844,29589,0.0,0.0
2023-08-15 15:30:00-04:00,54.9900016784668,55.040000915527344,54.86000061035156,54.97999954223633,80897,0.0,0.0
2023-08-16 09:30:00-04:00,54.720001220703125,55.27000045776367,54.537498474121094,54.56999969482422,22178,0.0,0.0
2023-08-16 10:30:00-04:00,54.689998626708984,54.84000015258789,54.58000183105469,54.630001068115234,19501,0.0,0.0
2023-08-16 11:30:00-04:00,54.529998779296875,54.55500030517578,53.97999954223633,54.060001373291016,19454,0.0,0.0
2023-08-16 12:30:00-04:00,54.040000915527344,54.119998931884766,53.63999938964844,53.90999984741211,42967,0.0,0.0
2023-08-16 13:30:00-04:00,53.90999984741211,54.13999938964844,53.88999938964844,54.06999969482422,26109,0.0,0.0
2023-08-16 14:30:00-04:00,54.07500076293945,54.15999984741211,53.900001525878906,54.02000045776367,37385,0.0,0.0
2023-08-16 15:30:00-04:00,54.0099983215332,54.09000015258789,53.77000045776367,53.779998779296875,69813,0.0,0.0
2023-08-17 09:30:00-04:00,54.13999938964844,54.56999969482422,54.11000061035156,54.15999984741211,19069,0.0,0.0
2023-08-17 10:30:00-04:00,54.11000061035156,54.2400016784668,54.0099983215332,54.084999084472656,17770,0.0,0.0
2023-08-17 11:30:00-04:00,54.1150016784668,54.400001525878906,54.06999969482422,54.400001525878906,11124,0.0,0.0
2023-08-17 12:30:00-04:00,54.34000015258789,54.524898529052734,54.279998779296875,54.290000915527344,16589,0.0,0.0
2023-08-17 13:30:00-04:00,54.27000045776367,54.27000045776367,54.0,54.060001373291016,20854,0.0,0.0
2023-08-17 14:30:00-04:00,54.04499816894531,54.09000015258789,53.97999954223633,54.08000183105469,31750,0.0,0.0
2023-08-17 15:30:00-04:00,54.09000015258789,54.33000183105469,54.04999923706055,54.27000045776367,46531,0.0,0.0
2023-08-18 09:30:00-04:00,53.810001373291016,54.459999084472656,53.560001373291016,54.095001220703125,27411,0.0,0.0
2023-08-18 10:30:00-04:00,54.1349983215332,54.150001525878906,53.869998931884766,54.040000915527344,38170,0.0,0.0
2023-08-18 11:30:00-04:00,54.08000183105469,54.18000030517578,53.97999954223633,54.06999969482422,29016,0.0,0.0
2023-08-18 12:30:00-04:00,54.04999923706055,54.2599983215332,54.040000915527344,54.209999084472656,28257,0.0,0.0
2023-08-18 13:30:00-04:00,54.220001220703125,54.40999984741211,54.20000076293945,54.345001220703125,40457,0.0,0.0
2023-08-18 14:30:00-04:00,54.34000015258789,54.459999084472656,54.22999954223633,54.36000061035156,51001,0.0,0.0
2023-08-18 15:30:00-04:00,54.349998474121094,54.45000076293945,53.97999954223633,54.029998779296875,85623,0.0,0.0
2023-08-21 09:30:00-04:00,54.150001525878906,54.59000015258789,53.779998779296875,53.81999969482422,26859,0.0,0.0
2023-08-21 10:30:00-04:00,53.779998779296875,54.10499954223633,53.779998779296875,53.86000061035156,14890,0.0,0.0
2023-08-21 11:30:00-04:00,53.869998931884766,54.15999984741211,53.869998931884766,54.130001068115234,22250,0.0,0.0
2023-08-21 12:30:00-04:00,54.11000061035156,54.11000061035156,53.97999954223633,53.97999954223633,16355,0.0,0.0
2023-08-21 13:30:00-04:00,54.0099983215332,54.119998931884766,53.90999984741211,53.970001220703125,25002,0.0,0.0
2023-08-21 14:30:00-04:00,53.90999984741211,54.25,53.900001525878906,54.2400016784668,19016,0.0,0.0
2023-08-21 15:30:00-04:00,54.23500061035156,54.42499923706055,54.189998626708984,54.27000045776367,47659,0.0,0.0
2023-08-22 09:30:00-04:00,54.709999084472656,55.150001525878906,54.61000061035156,54.97999954223633,25197,0.0,0.0
2023-08-22 10:30:00-04:00,54.95009994506836,55.25,54.83000183105469,55.2400016784668,19167,0.0,0.0
2023-08-22 11:30:00-04:00,55.22999954223633,55.369998931884766,55.060001373291016,55.13999938964844,18166,0.0,0.0
2023-08-22 12:30:00-04:00,55.16999816894531,55.40999984741211,55.119300842285156,55.29999923706055,16484,0.0,0.0
2023-08-22 13:30:00-04:00,55.29309844970703,55.33000183105469,55.15999984741211,55.33000183105469,18250,0.0,0.0
2023-08-22 14:30:00-04:00,55.34000015258789,55.439998626708984,55.27000045776367,55.28499984741211,28911,0.0,0.0
2023-08-22 15:30:00-04:00,55.25,55.38999938964844,55.150001525878906,55.31999969482422,64323,0.0,0.0
2023-08-23 09:30:00-04:00,55.2599983215332,55.470001220703125,54.959999084472656,55.13999938964844,24019,0.0,0.0
2023-08-23 10:30:00-04:00,55.16999816894531,55.29999923706055,55.08000183105469,55.279998779296875,19248,0.0,0.0
2023-08-23 11:30:00-04:00,55.2599983215332,55.81999969482422,55.25,55.720001220703125,25621,0.0,0.0
2023-08-23 12:30:00-04:00,55.72999954223633,55.79999923706055,55.65999984741211,55.720001220703125,14704,0.0,0.0
2023-08-23 13:30:00-04:00,55.720001220703125,55.90999984741211,55.689998626708984,55.849998474121094,14521,0.0,0.0
2023-08-23 14:30:00-04:00,55.81999969482422,55.83000183105469,55.66999816894531,55.7400016784668,14767,0.0,0.0
2023-08-23 15:30:00-04:00,55.73500061035156,55.7400016784668,55.59000015258789,55.66999816894531,32644,0.0,0.0
2023-08-24 09:30:00-04:00,55.650001525878906,56.11709976196289,55.5099983215332,55.5099983215332,20025,0.0,0.0
2023-08-24 10:30:00-04:00,55.439998626708984,55.470001220703125,54.84550094604492,54.95000076293945,19155,0.0,0.0
2023-08-24 11:30:00-04:00,54.95500183105469,54.970001220703125,54.654998779296875,54.70000076293945,11887,0.0,0.0
2023-08-24 12:30:00-04:00,54.70500183105469,54.790000915527344,54.54999923706055,54.61000061035156,11501,0.0,0.0
2023-08-24 13:30:00-04:00,54.6150016784668,54.79999923706055,54.56999969482422,54.70000076293945,17257,0.0,0.0
2023-08-24 14:30:00-04:00,54.7400016784668,54.790000915527344,54.599998474121094,54.630001068115234,17900,0.0,0.0
2023-08-24 15:30:00-04:00,54.65850067138672,54.65850067138672,54.470001220703125,54.4900016784668,34713,0.0,0.0
2023-08-25 09:30:00-04:00,54.779998779296875,54.959999084472656,54.470001220703125,54.59619903564453,15337,0.0,0.0
2023-08-25 10:30:00-04:00,54.52000045776367,54.66999816894531,54.06999969482422,54.400001525878906,19865,0.0,0.0
2023-08-25 11:30:00-04:00,54.43000030517578,54.665000915527344,54.34000015258789,54.63999938964844,10776,0.0,0.0
2023-08-25 12:30:00-04:00,54.7400016784668,54.79499816894531,54.52000045776367,54.58000183105469,9514,0.0,0.0
2023-08-25 13:30:00-04:00,54.59000015258789,55.16999816894531,54.56999969482422,55.16999816894531,15058,0.0,0.0
2023-08-25 14:30:00-04:00,55.209999084472656,55.310001373291016,55.040000915527344,55.29999923706055,16779,0.0,0.0
2023-08-25 15:30:00-04:00,55.29499816894531,55.310001373291016,54.97999954223633,54.9900016784668,25482,0.0,0.0
2023-08-28 09:30:00-04:00,55.439998626708984,56.25,55.439998626708984,56.06999969482422,16144,0.0,0.0
2023-08-28 10:30:00-04:00,56.15999984741211,56.15999984741211,55.720001220703125,55.7599983215332,14093,0.0,0.0
2023-08-28 11:30:00-04:00,55.77000045776367,55.77000045776367,55.6150016784668,55.77000045776367,13091,0.0,0.0
2023-08-28 12:30:00-04:00,55.689998626708984,55.91999816894531,55.689998626708984,55.91999816894531,7159,0.0,0.0
2023-08-28 13:30:00-04:00,55.91999816894531,56.0099983215332,55.79999923706055,55.83000183105469,12611,0.0,0.0
2023-08-28 14:30:00-04:00,55.810001373291016,55.83000183105469,55.68840026855469,55.75,14461,0.0,0.0
2023-08-28 15:30:00-04:00,55.744998931884766,56.09000015258789,55.744998931884766,56.0,32742,0.0,0.0
2023-08-29 09:30:00-04:00,55.970001220703125,56.19029998779297,55.72999954223633,56.13999938964844,13383,0.0,0.0
2023-08-29 10:30:00-04:00,56.16999816894531,56.37120056152344,55.869998931884766,56.310001373291016,16669,0.0,0.0
2023-08-29 11:30:00-04:00,56.33000183105469,56.43000030517578,56.22999954223633,56.310001373291016,14963,0.0,0.0
2023-08-29 12:30:00-04:00,56.310001373291016,56.33000183105469,56.20000076293945,56.27000045776367,12360,0.0,0.0
2023-08-29 13:30:00-04:00,56.2599983215332,56.345001220703125,56.18000030517578,56.189998626708984,15901,0.0,0.0
2023-08-29 14:30:00-04:00,56.22999954223633,56.33449935913086,56.189998626708984,56.31999969482422,17210,0.0,0.0
2023-08-29 15:30:00-04:00,56.310001373291016,56.31999969482422,56.15999984741211,56.18000030517578,30352,0.0,0.0
2023-08-30 09:30:00-04:00,55.97999954223633,56.34000015258789,55.753501892089844,55.85499954223633,13935,0.0,0.0
2023-08-30 10:30:00-04:00,55.9900016784668,56.290000915527344,55.9900016784668,56.189998626708984,15742,0.0,0.0
2023-08-30 11:30:00-04:00,56.18000030517578,56.209999084472656,56.0,56.15999984741211,16990,0.0,0.0
2023-08-30 12:30:00-04:00,56.165000915527344,56.290000915527344,55.95000076293945,55.95000076293945,30671,0.0,0.0
2023-08-30 13:30:00-04:00,55.97999954223633,55.994998931884766,55.77000045776367,55.84000015258789,17689,0.0,0.0
2023-08-30 14:30:00-04:00,55.880001068115234,55.9900016784668,55.709999084472656,55.709999084472656,14394,0.0,0.0
2023-08-30 15:30:00-04:00,55.685699462890625,55.709999084472656,55.45000076293945,55.5099983215332,41349,0.0,0.0
2023-08-31 09:30:00-04:00,55.599998474121094,56.41999816894531,55.5,56.18000030517578,25625,0.0,0.0
2023-08-31 10:30:00-04:00,56.30500030517578,56.35499954223633,56.130001068115234,56.29999923706055,17395,0.0,0.0
2023-08-31 11:30:00-04:00,56.2599983215332,56.309898376464844,55.900001525878906,55.959999084472656,24281,0.0,0.0
2023-08-31 12:30:00-04:00,55.977500915527344,56.31999969482422,55.91999816894531,56.29499816894531,15011,0.0,0.0
2023-08-31 13:30:00-04:00,56.290000915527344,56.334999084472656,56.040000915527344,56.040000915527344,8831,0.0,0.0
2023-08-31 14:30:00-04:00,56.04999923706055,56.08000183105469,55.869998931884766,56.08000183105469,21897,0.0,0.0
2023-08-31 15:30:00-04:00,56.130001068115234,56.130001068115234,55.689998626708984,55.720001220703125,34783,0.0,0.0
2023-09-01 09:30:00-04:00,56.27000045776367,56.470001220703125,55.630001068115234,56.31999969482422,18752,0.0,0.0
2023-09-01 10:30:00-04:00,56.25,56.3849983215332,56.165000915527344,56.189998626708984,10441,0.0,0.0
2023-09-01 11:30:00-04:00,56.06999969482422,56.189998626708984,55.869998931884766,56.16999816894531,9957,0.0,0.0
2023-09-01 12:30:00-04:00,56.130001068115234,56.650001525878906,56.130001068115234,56.47999954223633,24748,0.0,0.0
2023-09-01 13:30:00-04:00,56.45000076293945,56.58000183105469,56.380001068115234,56.380001068115234,12149,0.0,0.0
2023-09-01 14:30:00-04:00,56.31999969482422,56.400001525878906,56.189998626708984,56.21989822387695,21118,0.0,0.0
2023-09-01 15:30:00-04:00,56.192501068115234,56.192501068115234,56.0,56.060001373291016,30841,0.0,0.0
2023-09-05 09:30:00-04:00,55.650001525878906,56.0,53.91999816894531,54.79899978637695,66114,0.0,0.0
2023-09-05 10:30:00-04:00,54.75,55.099998474121094,54.529998779296875,54.95500183105469,49285,0.0,0.0
2023-09-05 11:30:00-04:00,54.91999816894531,55.0,54.614498138427734,54.939998626708984,19321,0.0,0.0
2023-09-05 12:30:00-04:00,54.959999084472656,55.08000183105469,54.71500015258789,54.93000030517578,39342,0.0,0.0
2023-09-05 13:30:00-04:00,54.900001525878906,55.029998779296875,54.51499938964844,54.529998779296875,23274,0.0,0.0
2023-09-05 14:30:00-04:00,54.529998779296875,54.54999923706055,54.310001373291016,54.33000183105469,29700,0.0,0.0
2023-09-05 15:30:00-04:00,54.33000183105469,54.45000076293945,54.119998931884766,54.20000076293945,75634,0.0,0.0
2023-09-06 09:30:00-04:00,54.34000015258789,54.89500045776367,54.0,54.17499923706055,23521,0.0,0.0
2023-09-06 10:30:00-04:00,54.209999084472656,54.209999084472656,53.73500061035156,53.93000030517578,33977,0.0,0.0
2023-09-06 11:30:00-04:00,53.83000183105469,54.1349983215332,53.560001373291016,53.97999954223633,23944,0.0,0.0
2023-09-06 12:30:00-04:00,53.98500061035156,54.165000915527344,53.959999084472656,54.08000183105469,16761,0.0,0.0
2023-09-06 13:30:00-04:00,54.099998474121094,54.11000061035156,53.935001373291016,54.11000061035156,14945,0.0,0.0
2023-09-06 14:30:00-04:00,54.15999984741211,54.15999984741211,54.0099983215332,54.040000915527344,19176,0.0,0.0
2023-09-06 15:30:00-04:00,54.04499816894531,54.2599983215332,54.040000915527344,54.2599983215332,46017,0.0,0.0
2023-09-07 09:30:00-04:00,53.91999816894531,54.14500045776367,52.720001220703125,52.845001220703125,35417,0.0,0.0
2023-09-07 10:30:00-04:00,52.790000915527344,53.040000915527344,52.66999816894531,52.880001068115234,39214,0.0,0.0
2023-09-07 11:30:00-04:00,52.91999816894531,53.119998931884766,52.79999923706055,53.119998931884766,23949,0.0,0.0
2023-09-07 12:30:00-04:00,53.119998931884766,53.22999954223633,52.90999984741211,52.97999954223633,25337,0.0,0.0
2023-09-07 13:30:00-04:00,52.959999084472656,53.119998931884766,52.95000076293945,52.9900016784668,24737,0.0,0.0
2023-09-07 14:30:00-04:00,52.95000076293945,53.099998474121094,52.92499923706055,52.9900016784668,41807,0.0,0.0
2023-09-07 15:30:00-04:00,52.9900016784668,53.20000076293945,52.95000076293945,53.189998626708984,71149,0.0,0.0
2023-09-08 09:30:00-04:00,53.15999984741211,53.25,52.665000915527344,52.95000076293945,28183,0.0,0.0
2023-09-08 10:30:00-04:00,52.869998931884766,53.119998931884766,52.76250076293945,53.0161018371582,29790,0.0,0.0
2023-09-08 11:30:00-04:00,53.04999923706055,53.20500183105469,53.0,53.095001220703125,18235,0.0,0.0
2023-09-08 12:30:00-04:00,53.060001373291016,53.15999984741211,53.0099983215332,53.040000915527344,17430,0.0,0.0
2023-09-08 13:30:00-04:00,53.06999969482422,53.08000183105469,52.91999816894531,53.0099983215332,24303,0.0,0.0
2023-09-08 14:30:00-04:00,53.005001068115234,53.06999969482422,52.91999816894531,53.02000045776367,42062,0.0,0.0
2023-09-08 15:30:00-04:00,53.0099983215332,53.08000183105469,52.83000183105469,52.91999816894531,65900,0.0,0.0
2023-09-11 09:30:00-04:00,53.11000061035156,53.279998779296875,52.69499969482422,52.939998626708984,26963,0.0,0.0
2023-09-11 10:30:00-04:00,52.959999084472656,53.0099983215332,52.81999969482422,52.97999954223633,22605,0.0,0.0
2023-09-11 11:30:00-04:00,52.95000076293945,52.959999084472656,52.68000030517578,52.810001373291016,29588,0.0,0.0
2023-09-11 12:30:00-04:00,52.81999969482422,53.11000061035156,52.810001373291016,53.08000183105469,17119,0.0,0.0
2023-09-11 13:30:00-04:00,53.06999969482422,53.16999816894531,52.95000076293945,52.97999954223633,17004,0.0,0.0
2023-09-11 14:30:00-04:00,53.0099983215332,53.04499816894531,52.939998626708984,53.040000915527344,26378,0.0,0.0
2023-09-11 15:30:00-04:00,53.04999923706055,53.220001220703125,52.98500061035156,53.18000030517578,45255,0.0,0.0
2023-09-12 09:30:00-04:00,53.04999923706055,53.29999923706055,52.66619873046875,52.79999923706055,26088,0.0,0.0
2023-09-12 10:30:00-04:00,52.7400016784668,52.869998931884766,52.58000183105469,52.736698150634766,24551,0.0,0.0
2023-09-12 11:30:00-04:00,52.7599983215332,52.90999984741211,52.57500076293945,52.57500076293945,17029,0.0,0.0
2023-09-12 12:30:00-04:00,52.540000915527344,52.650001525878906,52.45000076293945,52.650001525878906,22760,0.0,0.0
2023-09-12 13:30:00-04:00,52.58000183105469,52.7400016784668,52.560001373291016,52.599998474121094,23071,0.0,0.0
2023-09-12 14:30:00-04:00,52.56999969482422,52.57500076293945,52.25080108642578,52.25080108642578,26622,0.0,0.0
2023-09-12 15:30:00-04:00,52.275001525878906,52.30500030517578,52.119998931884766,52.27000045776367,61396,0.0,0.0
2023-09-13 09:30:00-04:00,52.2599983215332,52.689998626708984,51.9900016784668,52.38999938964844,34192,0.0,0.0
2023-09-13 10:30:00-04:00,52.404998779296875,52.529998779296875,52.209999084472656,52.244998931884766,21622,0.0,0.0
2023-09-13 11:30:00-04:00,52.25,52.290000915527344,52.0,52.18899917602539,22142,0.0,0.0
2023-09-13 12:30:00-04:00,52.20000076293945,52.22999954223633,52.130001068115234,52.130001068115234,16932,0.0,0.0
2023-09-13 13:30:00-04:00,52.119998931884766,52.165000915527344,52.0099983215332,52.060001373291016,17640,0.0,0.0
2023-09-13 14:30:00-04:00,52.060001373291016,52.16999816894531,52.0,52.150001525878906,34854,0.0,0.0
2023-09-13 15:30:00-04:00,52.1349983215332,52.290000915527344,52.06999969482422,52.25,52546,0.0,0.0
2023-09-14 09:30:00-04:00,52.720001220703125,53.08000183105469,52.52949905395508,52.689998626708984,29309,0.0,0.0
2023-09-14 10:30:00-04:00,52.779998779296875,53.05500030517578,52.779998779296875,52.790000915527344,20765,0.0,0.0
2023-09-14 11:30:00-04:00,52.81999969482422,52.875,52.720001220703125,52.810001373291016,16052,0.0,0.0
2023-09-14 12:30:00-04:00,52.81999969482422,52.88999938964844,52.744998931884766,52.744998931884766,21113,0.0,0.0
2023-09-14 13:30:00-04:00,52.7599983215332,52.82500076293945,52.72999954223633,52.7599983215332,23340,0.0,0.0
2023-09-14 14:30:00-04:00,52.709999084472656,52.939998626708984,52.70500183105469,52.939998626708984,31740,0.0,0.0
2023-09-14 15:30:00-04:00,52.915000915527344,53.20000076293945,52.880001068115234,53.189998626708984,54749,0.0,0.0
2023-09-15 09:30:00-04:00,53.11000061035156,53.11000061035156,52.64500045776367,52.68000030517578,79265,0.0,0.0
2023-09-15 10:30:00-04:00,52.68000030517578,52.849998474121094,52.4900016784668,52.525001525878906,29514,0.0,0.0
2023-09-15 11:30:00-04:00,52.5099983215332,52.54999923706055,52.150001525878906,52.150001525878906,20682,0.0,0.0
2023-09-15 12:30:00-04:00,52.15999984741211,52.2599983215332,52.04999923706055,52.18000030517578,20908,0.0,0.0
2023-09-15 13:30:00-04:00,52.13999938964844,52.25,52.119998931884766,52.119998931884766,19614,0.0,0.0
2023-09-15 14:30:00-04:00,52.18000030517578,52.22999954223633,51.959999084472656,52.17499923706055,34030,0.0,0.0
2023-09-15 15:30:00-04:00,52.16999816894531,52.2599983215332,51.93000030517578,52.209999084472656,63038,0.0,0.0
2023-09-18 09:30:00-04:00,52.36000061035156,52.72999954223633,52.32500076293945,52.36000061035156,16141,0.0,0.0
2023-09-18 10:30:00-04:00,52.36000061035156,52.439998626708984,52.30500030517578,52.31999969482422,17074,0.0,0.0
2023-09-18 11:30:00-04:00,52.32500076293945,52.45000076293945,52.29999923706055,52.33000183105469,11768,0.0,0.0
2023-09-18 12:30:00-04:00,52.34000015258789,52.40999984741211,52.27000045776367,52.33000183105469,17772,0.0,0.0
2023-09-18 13:30:00-04:00,52.334999084472656,52.38999938964844,52.15999984741211,52.2599983215332,20585,0.0,0.0
2023-09-18 14:30:00-04:00,52.29999923706055,52.5099983215332,52.2599983215332,52.4900016784668,27239,0.0,0.0
2023-09-18 15:30:00-04:00,52.470001220703125,52.474998474121094,52.220001220703125,52.2599983215332,53045,0.0,0.0
2023-09-19 09:30:00-04:00,52.34000015258789,52.959999084472656,52.34000015258789,52.959999084472656,28053,0.0,0.0
2023-09-19 10:30:00-04:00,52.97999954223633,53.0,52.56999969482422,52.90999984741211,14891,0.0,0.0
2023-09-19 11:30:00-04:00,52.90999984741211,53.06999969482422,52.81999969482422,52.81999969482422,16209,0.0,0.0
2023-09-19 12:30:00-04:00,52.86000061035156,52.86000061035156,52.720001220703125,52.81999969482422,10347,0.0,0.0
2023-09-19 13:30:00-04:00,52.84000015258789,52.96500015258789,52.83000183105469,52.91529846191406,11680,0.0,0.0
2023-09-19 14:30:00-04:00,52.91999816894531,53.099998474121094,52.900001525878906,53.0,20898,0.0,0.0
2023-09-19 15:30:00-04:00,52.95000076293945,53.13999938964844,52.900001525878906,53.04999923706055,47605,0.0,0.0
2023-09-20 09:30:00-04:00,53.0099983215332,53.45000076293945,52.935001373291016,53.36000061035156,49395,0.0,0.0
2023-09-20 10:30:00-04:00,53.380001068115234,53.41999816894531,53.20500183105469,53.40999984741211,21470,0.0,0.0
2023-09-20 11:30:00-04:00,53.404998779296875,53.63999938964844,53.275001525878906,53.63999938964844,16368,0.0,0.0
2023-09-20 12:30:00-04:00,53.65999984741211,53.7599983215332,53.5,53.68000030517578,37309,0.0,0.0
2023-09-20 13:30:00-04:00,53.685001373291016,53.685001373291016,53.28499984741211,53.560001373291016,34060,0.0,0.0
2023-09-20 14:30:00-04:00,53.560001373291016,53.689998626708984,52.91999816894531,52.959999084472656,55860,0.0,0.0
2023-09-20 15:30:00-04:00,52.94499969482422,52.94499969482422,52.599998474121094,52.630001068115234,63172,0.0,0.0
2023-09-21 09:30:00-04:00,52.279998779296875,52.5,51.95000076293945,52.349998474121094,22692,0.0,0.0
2023-09-21 10:30:00-04:00,52.37369918823242,52.76499938964844,52.279998779296875,52.72999954223633,18467,0.0,0.0
2023-09-21 11:30:00-04:00,52.7400016784668,52.939998626708984,52.68000030517578,52.720001220703125,15654,0.0,0.0
2023-09-21 12:30:00-04:00,52.7400016784668,52.970001220703125,52.689998626708984,52.93000030517578,18309,0.0,0.0
2023-09-21 13:30:00-04:00,52.900001525878906,53.07500076293945,52.88999938964844,53.0099983215332,14992,0.0,0.0
2023-09-21 14:30:00-04:00,53.0099983215332,53.15999984741211,53.0,53.150001525878906,26719,0.0,0.0
2023-09-21 15:30:00-04:00,53.165000915527344,53.189998626708984,52.75,52.75,67601,0.0,0.0
2023-09-22 09:30:00-04:00,52.77000045776367,53.18000030517578,52.65999984741211,53.14500045776367,17768,0.0,0.0
2023-09-22 10:30:00-04:00,53.20000076293945,53.349998474121094,52.95000076293945,53.06999969482422,30020,0.0,0.0
2023-09-22 11:30:00-04:00,53.029998779296875,53.03499984741211,52.86000061035156,52.97999954223633,7043,0.0,0.0
2023-09-22 12:30:00-04:00,52.9734001159668,53.040000915527344,52.900001525878906,52.959999084472656,10918,0.0,0.0
2023-09-22 13:30:00-04:00,52.90999984741211,52.90999984741211,52.689998626708984,52.7400016784668,9155,0.0,0.0
2023-09-22 14:30:00-04:00,52.790000915527344,53.029998779296875,52.70000076293945,52.959999084472656,15332,0.0,0.0
2023-09-22 15:30:00-04:00,52.97999954223633,52.97999954223633,52.63999938964844,52.70000076293945,33469,0.0,0.0
2023-09-25 09:30:00-04:00,52.470001220703125,53.53499984741211,52.310001373291016,52.7599983215332,24185,0.0,0.0
2023-09-25 10:30:00-04:00,52.79999923706055,53.334999084472656,52.79999923706055,53.27000045776367,10648,0.0,0.0
2023-09-25 11:30:00-04:00,53.32270050048828,53.380001068115234,53.189998626708984,53.34000015258789,8296,0.0,0.0
2023-09-25 12:30:00-04:00,53.380001068115234,53.43000030517578,53.20000076293945,53.2599983215332,9035,0.0,0.0
2023-09-25 13:30:00-04:00,53.275001525878906,53.310001373291016,53.029998779296875,53.11000061035156,11785,0.0,0.0
2023-09-25 14:30:00-04:00,53.15999984741211,53.165000915527344,52.83580017089844,52.849998474121094,11330,0.0,0.0
2023-09-25 15:30:00-04:00,52.89500045776367,52.979000091552734,52.77000045776367,52.91999816894531,40257,0.0,0.0
2023-09-26 09:30:00-04:00,52.5,52.744998931884766,52.11000061035156,52.150001525878906,13816,0.0,0.0
2023-09-26 10:30:00-04:00,52.22249984741211,52.22999954223633,52.02000045776367,52.084999084472656,9008,0.0,0.0
2023-09-26 11:30:00-04:00,52.060001373291016,52.13999938964844,52.04010009765625,52.09000015258789,7534,0.0,0.0
2023-09-26 12:30:00-04:00,52.099998474121094,52.130001068115234,52.029998779296875,52.040000915527344,10507,0.0,0.0
2023-09-26 13:30:00-04:00,52.02000045776367,52.22999954223633,51.95500183105469,52.09000015258789,17706,0.0,0.0
2023-09-26 14:30:00-04:00,52.099998474121094,52.125,51.900001525878906,52.0099983215332,26505,0.0,0.0
2023-09-26 15:30:00-04:00,52.025001525878906,52.125,51.9900016784668,52.04999923706055,38953,0.0,0.0
2023-09-27 09:30:00-04:00,52.18000030517578,52.90999984741211,52.18000030517578,52.90999984741211,29653,0.0,0.0
2023-09-27 10:30:00-04:00,52.88399887084961,53.0,52.689998626708984,52.88999938964844,10469,0.0,0.0
2023-09-27 11:30:00-04:00,52.939998626708984,52.939998626708984,52.5,52.5,9632,0.0,0.0
2023-09-27 12:30:00-04:00,52.52000045776367,52.75,52.52000045776367,52.54499816894531,11876,0.0,0.0
2023-09-27 13:30:00-04:00,52.55500030517578,52.91999816894531,52.47999954223633,52.91999816894531,13919,0.0,0.0
2023-09-27 14:30:00-04:00,52.97999954223633,53.16999816894531,52.959999084472656,53.11000061035156,17241,0.0,0.0
2023-09-27 15:30:00-04:00,53.11000061035156,53.13610076904297,52.900001525878906,52.959999084472656,19163,0.0,0.0
2023-09-28 09:30:00-04:00,52.97999954223633,54.040000915527344,52.97999954223633,54.040000915527344,20736,0.0,0.0
2023-09-28 10:30:00-04:00,53.90999984741211,54.540000915527344,53.900001525878906,54.540000915527344,19331,0.0,0.0
2023-09-28 11:30:00-04:00,54.595001220703125,54.66999816894531,54.459999084472656,54.64500045776367,12008,0.0,0.0
2023-09-28 12:30:00-04:00,54.650001525878906,54.66999816894531,54.525001525878906,54.59000015258789,13348,0.0,0.0
2023-09-28 13:30:00-04:00,54.5099983215332,54.61000061035156,54.41999816894531,54.61000061035156,12147,0.0,0.0
2023-09-28 14:30:00-04:00,54.63999938964844,55.13999938964844,54.505001068115234,55.064998626708984,33381,0.0,0.0
2023-09-28 15:30:00-04:00,55.04999923706055,55.165000915527344,54.86000061035156,54.939998626708984,75725,0.0,0.0
2023-09-29 09:30:00-04:00,55.11000061035156,55.39229965209961,54.720001220703125,54.720001220703125,20189,0.0,0.0
2023-09-29 10:30:00-04:00,54.810001373291016,54.95000076293945,54.529998779296875,54.72999954223633,15581,0.0,0.0
2023-09-29 11:30:00-04:00,54.709999084472656,54.95000076293945,54.540000915527344,54.88999938964844,13127,0.0,0.0
2023-09-29 12:30:00-04:00,54.849998474121094,54.869998931884766,54.35499954223633,54.459999084472656,12619,0.0,0.0
2023-09-29 13:30:00-04:00,54.41999816894531,54.529998779296875,54.27000045776367,54.349998474121094,13519,0.0,0.0
2023-09-29 14:30:00-04:00,54.290000915527344,54.560001373291016,54.279998779296875,54.34000015258789,19775,0.0,0.0
2023-09-29 15:30:00-04:00,54.31999969482422,54.42499923706055,54.130001068115234,54.27000045776367,54128,0.0,0.0
2023-10-02 09:30:00-04:00,54.04999923706055,54.45500183105469,53.720001220703125,54.060001373291016,23185,0.0,0.0
2023-10-02 10:30:00-04:00,54.04999923706055,54.345001220703125,53.80009841918945,54.345001220703125,20368,0.0,0.0
2023-10-02 11:30:00-04:00,54.38999938964844,54.38999938964844,54.189998626708984,54.31999969482422,16814,0.0,0.0
2023-10-02 12:30:00-04:00,54.27000045776367,54.349998474121094,54.19499969482422,54.279998779296875,18134,0.0,0.0
2023-10-02 13:30:00-04:00,54.2400016784668,54.36000061035156,53.97999954223633,54.01499938964844,17592,0.0,0.0
2023-10-02 14:30:00-04:00,54.01499938964844,54.09000015258789,53.720001220703125,53.845001220703125,27668,0.0,0.0
2023-10-02 15:30:00-04:00,53.845001220703125,54.18000030517578,53.79999923706055,54.18000030517578,70008,0.0,0.0
2023-10-03 09:30:00-04:00,53.90999984741211,54.38999938964844,53.58000183105469,53.92499923706055,33210,0.0,0.0
2023-10-03 10:30:00-04:00,53.86000061035156,53.939998626708984,53.43000030517578,53.5900993347168,22416,0.0,0.0
2023-10-03 11:30:00-04:00,53.63999938964844,53.93000030517578,53.54999923706055,53.88999938964844,13341,0.0,0.0
2023-10-03 12:30:00-04:00,53.900001525878906,53.95000076293945,53.619998931884766,53.650001525878906,15315,0.0,0.0
2023-10-03 13:30:00-04:00,53.720001220703125,53.72999954223633,53.63999938964844,53.72999954223633,17697,0.0,0.0
2023-10-03 14:30:00-04:00,53.7400016784668,53.81999969482422,53.66999816894531,53.720001220703125,25071,0.0,0.0
2023-10-03 15:30:00-04:00,53.685001373291016,53.95000076293945,53.66999816894531,53.83000183105469,43506,0.0,0.0
2023-10-04 09:30:00-04:00,53.79999923706055,53.97999954223633,53.189998626708984,53.21500015258789,25264,0.0,0.0
2023-10-04 10:30:00-04:00,53.209999084472656,53.3650016784668,52.68000030517578,53.130001068115234,39002,0.0,0.0
2023-10-04 11:30:00-04:00,53.154998779296875,53.4900016784668,53.099998474121094,53.42499923706055,13348,0.0,0.0
2023-10-04 12:30:00-04:00,53.39500045776367,53.43000030517578,52.91999816894531,52.97999954223633,21920,0.0,0.0
2023-10-04 13:30:00-04:00,52.97999954223633,53.119998931884766,52.89500045776367,53.04499816894531,22702,0.0,0.0
2023-10-04 14:30:00-04:00,53.060001373291016,53.189998626708984,52.970001220703125,53.06999969482422,34119,0.0,0.0
2023-10-04 15:30:00-04:00,53.08000183105469,53.27000045776367,52.970001220703125,53.0099983215332,53359,0.0,0.0
2023-10-05 09:30:00-04:00,52.84000015258789,53.150001525878906,52.52000045776367,52.68000030517578,15049,0.0,0.0
2023-10-05 10:30:00-04:00,52.67499923706055,52.75,51.994998931884766,52.05500030517578,41010,0.0,0.0
2023-10-05 11:30:00-04:00,52.040000915527344,52.189998626708984,51.959999084472656,52.07500076293945,27267,0.0,0.0
2023-10-05 12:30:00-04:00,52.07500076293945,52.388999938964844,51.970001220703125,52.310001373291016,32502,0.0,0.0
2023-10-05 13:30:00-04:00,52.459999084472656,52.68000030517578,52.38999938964844,52.625,24512,0.0,0.0
2023-10-05 14:30:00-04:00,52.619998931884766,52.709999084472656,52.540000915527344,52.63999938964844,29670,0.0,0.0
2023-10-05 15:30:00-04:00,52.66999816894531,53.0,52.650001525878906,52.86000061035156,71197,0.0,0.0
2023-10-06 09:30:00-04:00,52.75,53.43000030517578,52.61000061035156,53.150001525878906,61547,0.0,0.0
2023-10-06 10:30:00-04:00,53.279998779296875,53.4900016784668,52.93000030517578,53.459999084472656,38322,0.0,0.0
2023-10-06 11:30:00-04:00,53.470001220703125,53.81999969482422,53.40999984741211,53.45000076293945,20413,0.0,0.0
2023-10-06 12:30:00-04:00,53.38999938964844,53.529998779296875,53.2400016784668,53.400001525878906,20748,0.0,0.0
2023-10-06 13:30:00-04:00,53.470001220703125,53.5099983215332,53.279998779296875,53.459999084472656,26550,0.0,0.0
2023-10-06 14:30:00-04:00,53.47999954223633,53.540000915527344,53.2599983215332,53.369998931884766,27002,0.0,0.0
2023-10-06 15:30:00-04:00,53.380001068115234,53.380001068115234,53.099998474121094,53.15999984741211,51577,0.0,0.0
2023-10-09 09:30:00-04:00,52.959999084472656,53.150001525878906,52.56999969482422,52.994998931884766,17371,0.0,0.0
2023-10-09 10:30:00-04:00,53.060001373291016,53.540000915527344,53.060001373291016,53.540000915527344,11100,0.0,0.0
2023-10-09 11:30:00-04:00,53.66999816894531,53.814998626708984,53.59000015258789,53.650001525878906,13286,0.0,0.0
2023-10-09 12:30:00-04:00,53.6349983215332,53.88999938964844,53.599998474121094,53.85499954223633,10739,0.0,0.0
2023-10-09 13:30:00-04:00,53.939998626708984,54.27000045776367,53.90129852294922,54.130001068115234,21367,0.0,0.0
2023-10-09 14:30:00-04:00,54.119998931884766,54.209999084472656,54.060001373291016,54.20000076293945,24932,0.0,0.0
2023-10-09 15:30:00-04:00,54.18000030517578,54.18000030517578,53.900001525878906,53.970001220703125,38931,0.0,0.0
2023-10-10 09:30:00-04:00,54.06999969482422,54.36980056762695,53.63999938964844,54.060001373291016,21678,0.0,0.0
2023-10-10 10:30:00-04:00,54.02000045776367,54.099998474121094,53.880001068115234,54.060001373291016,26349,0.0,0.0
2023-10-10 11:30:00-04:00,54.029998779296875,54.23500061035156,53.96500015258789,54.04999923706055,23257,0.0,0.0
2023-10-10 12:30:00-04:00,54.064998626708984,54.130001068115234,53.790000915527344,53.84000015258789,17800,0.0,0.0
2023-10-10 13:30:00-04:00,53.88930130004883,54.04999923706055,53.88930130004883,53.9900016784668,15695,0.0,0.0
2023-10-10 14:30:00-04:00,54.02000045776367,54.04999923706055,53.869998931884766,53.900001525878906,26185,0.0,0.0
2023-10-10 15:30:00-04:00,53.93000030517578,53.939998626708984,53.689998626708984,53.79999923706055,54344,0.0,0.0
2023-10-11 09:30:00-04:00,53.959999084472656,54.70500183105469,53.959999084472656,54.470001220703125,23915,0.0,0.0
2023-10-11 10:30:00-04:00,54.530799865722656,54.810001373291016,54.4900016784668,54.56999969482422,16425,0.0,0.0
2023-10-11 11:30:00-04:00,54.5,54.630001068115234,54.279998779296875,54.32500076293945,10209,0.0,0.0
2023-10-11 12:30:00-04:00,54.290000915527344,54.290000915527344,54.0099983215332,54.13999938964844,13615,0.0,0.0
2023-10-11 13:30:00-04:00,54.18000030517578,54.369998931884766,54.15999984741211,54.27000045776367,13001,0.0,0.0
2023-10-11 14:30:00-04:00,54.27450180053711,54.40999984741211,54.27450180053711,54.380001068115234,13043,0.0,0.0
2023-10-11 15:30:00-04:00,54.380001068115234,54.56999969482422,54.37329864501953,54.5,36175,0.0,0.0
2023-10-12 09:30:00-04:00,54.720001220703125,54.720001220703125,53.97999954223633,54.16999816894531,20045,0.0,0.0
2023-10-12 10:30:00-04:00,54.130001068115234,54.209999084472656,54.029998779296875,54.08000183105469,12066,0.0,0.0
2023-10-12 11:30:00-04:00,54.040000915527344,54.040000915527344,53.86000061035156,54.025001525878906,8490,0.0,0.0
2023-10-12 12:30:00-04:00,54.01499938964844,54.095001220703125,53.7599983215332,53.7599983215332,15854,0.0,0.0
2023-10-12 13:30:00-04:00,53.7599983215332,53.78900146484375,53.584999084472656,53.77000045776367,17788,0.0,0.0
2023-10-12 14:30:00-04:00,53.75,54.05500030517578,53.75,54.029998779296875,33255,0.0,0.0
2023-10-12 15:30:00-04:00,54.04999923706055,54.15999984741211,54.029998779296875,54.099998474121094,50597,0.0,0.0
2023-10-13 09:30:00-04:00,53.869998931884766,54.040000915527344,53.20000076293945,53.380001068115234,46755,0.0,0.0
2023-10-13 10:30:00-04:00,53.41999816894531,53.650001525878906,53.27000045776367,53.349998474121094,21406,0.0,0.0
2023-10-13 11:30:00-04:00,53.33000183105469,53.43000030517578,53.11000061035156,53.38999938964844,13531,0.0,0.0
2023-10-13 12:30:00-04:00,53.38999938964844,53.47999954223633,52.7400016784668,52.779998779296875,28786,0.0,0.0
2023-10-13 13:30:00-04:00,52.7400016784668,52.970001220703125,52.720001220703125,52.83000183105469,12379,0.0,0.0
2023-10-13 14:30:00-04:00,52.869998931884766,53.130001068115234,52.869998931884766,53.060001373291016,18350,0.0,0.0
2023-10-13 15:30:00-04:00,53.08000183105469,53.13999938964844,52.7400016784668,52.810001373291016,105230,0.0,0.0
2023-10-16 09:30:00-04:00,53.13999938964844,53.92499923706055,53.13999938964844,53.92499923706055,26894,0.0,0.0
2023-10-16 10:30:00-04:00,53.970001220703125,53.970001220703125,53.63010025024414,53.689998626708984,11473,0.0,0.0
2023-10-16 11:30:00-04:00,53.755001068115234,53.76499938964844,53.439998626708984,53.5099983215332,25612,0.0,0.0
2023-10-16 12:30:00-04:00,53.494998931884766,53.68000030517578,53.40999984741211,53.5099983215332,15849,0.0,0.0
2023-10-16 13:30:00-04:00,53.51499938964844,53.61869812011719,53.439998626708984,53.5,15667,0.0,0.0
2023-10-16 14:30:00-04:00,53.43000030517578,53.52000045776367,53.380001068115234,53.40999984741211,18555,0.0,0.0
2023-10-16 15:30:00-04:00,53.439998626708984,53.439998626708984,53.060001373291016,53.209999084472656,72769,0.0,0.0
2023-10-17 09:30:00-04:00,52.65999984741211,53.20000076293945,52.54999923706055,52.97999954223633,21805,0.0,0.0
2023-10-17 10:30:00-04:00,52.970001220703125,53.06999969482422,52.880001068115234,52.90999984741211,35604,0.0,0.0
2023-10-17 11:30:00-04:00,52.93000030517578,53.2400016784668,52.849998474121094,53.2400016784668,38180,0.0,0.0
2023-10-17 12:30:00-04:00,53.23500061035156,53.23500061035156,52.900001525878906,53.06999969482422,24214,0.0,0.0
2023-10-17 13:30:00-04:00,53.06999969482422,53.165000915527344,53.0,53.060001373291016,31212,0.0,0.0
2023-10-17 14:30:00-04:00,53.07500076293945,53.119998931884766,52.779998779296875,52.869998931884766,58884,0.0,0.0
2023-10-17 15:30:00-04:00,52.834999084472656,52.90999984741211,52.560001373291016,52.63999938964844,105184,0.0,0.0
2023-10-18 09:30:00-04:00,52.45000076293945,52.45000076293945,51.5099983215332,51.970001220703125,53686,0.0,0.0
2023-10-18 10:30:00-04:00,52.02000045776367,52.060001373291016,51.689998626708984,51.82500076293945,99338,0.0,0.0
2023-10-18 11:30:00-04:00,51.790000915527344,52.15999984741211,51.790000915527344,51.88999938964844,27200,0.0,0.0
2023-10-18 12:30:00-04:00,51.849998474121094,52.105899810791016,51.849998474121094,52.0099983215332,26308,0.0,0.0
2023-10-18 13:30:00-04:00,51.9900016784668,52.150001525878906,51.81999969482422,52.040000915527344,22984,0.0,0.0
2023-10-18 14:30:00-04:00,52.095001220703125,52.099998474121094,51.959999084472656,52.029998779296875,30286,0.0,0.0
2023-10-18 15:30:00-04:00,52.04999923706055,52.09700012207031,51.99250030517578,52.02000045776367,45047,0.0,0.0
2023-10-19 09:30:00-04:00,52.349998474121094,52.349998474121094,51.75,52.06999969482422,29347,0.0,0.0
2023-10-19 10:30:00-04:00,51.95000076293945,52.08000183105469,51.81999969482422,52.02000045776367,20559,0.0,0.0
2023-10-19 11:30:00-04:00,52.064998626708984,52.279998779296875,51.95000076293945,51.95000076293945,17405,0.0,0.0
2023-10-19 12:30:00-04:00,51.900001525878906,52.20000076293945,51.59000015258789,51.994998931884766,26226,0.0,0.0
2023-10-19 13:30:00-04:00,52.040000915527344,52.04999923706055,51.13999938964844,51.36000061035156,90197,0.0,0.0
2023-10-19 14:30:00-04:00,51.31999969482422,51.34000015258789,50.849998474121094,50.939998626708984,79701,0.0,0.0
2023-10-19 15:30:00-04:00,50.9900016784668,51.209999084472656,50.97999954223633,51.08000183105469,64566,0.0,0.0
2023-10-20 09:30:00-04:00,51.150001525878906,51.78499984741211,50.25,50.25,156847,0.0,0.0
2023-10-20 10:30:00-04:00,50.30059814453125,50.709999084472656,50.30059814453125,50.709999084472656,34145,0.0,0.0
2023-10-20 11:30:00-04:00,50.75,51.16999816894531,50.75,51.11000061035156,25965,0.0,0.0
2023-10-20 12:30:00-04:00,51.06999969482422,51.45000076293945,51.06999969482422,51.36470031738281,15753,0.0,0.0
2023-10-20 13:30:00-04:00,51.375,51.40019989013672,50.95000076293945,51.0099983215332,23565,0.0,0.0
2023-10-20 14:30:00-04:00,50.97999954223633,51.099998474121094,50.650001525878906,50.75,118374,0.0,0.0
2023-10-20 15:30:00-04:00,50.75,50.880001068115234,50.4900016784668,50.5,98992,0.0,0.0
2023-10-23 09:30:00-04:00,50.099998474121094,50.310001373291016,49.560001373291016,50.244998931884766,86864,0.0,0.0
2023-10-23 10:30:00-04:00,50.2400016784668,50.529998779296875,49.970001220703125,50.459999084472656,46837,0.0,0.0
2023-10-23 11:30:00-04:00,50.529998779296875,50.650001525878906,50.27000045776367,50.58000183105469,40327,0.0,0.0
2023-10-23 12:30:00-04:00,50.599998474121094,50.81949996948242,50.599998474121094,50.709999084472656,28785,0.0,0.0
2023-10-23 13:30:00-04:00,50.65999984741211,50.849998474121094,50.630001068115234,50.7599983215332,37579,0.0,0.0
2023-10-23 14:30:00-04:00,50.7599983215332,50.86000061035156,50.4630012512207,50.5,63684,0.0,0.0
2023-10-23 15:30:00-04:00,50.4900016784668,50.58000183105469,50.2599983215332,50.27000045776367,102300,0.0,0.0
2023-10-24 09:30:00-04:00,50.66999816894531,51.08000183105469,50.310001373291016,50.619998931884766,26338,0.0,0.0
2023-10-24 10:30:00-04:00,50.59000015258789,51.04999923706055,50.56999969482422,50.81999969482422,24647,0.0,0.0
2023-10-24 11:30:00-04:00,50.80500030517578,50.849998474121094,50.518699645996094,50.529998779296875,16565,0.0,0.0
2023-10-24 12:30:00-04:00,50.505001068115234,50.66999816894531,50.439998626708984,50.630001068115234,18654,0.0,0.0
2023-10-24 13:30:00-04:00,50.599998474121094,50.81999969482422,50.58000183105469,50.775001525878906,22992,0.0,0.0
2023-10-24 14:30:00-04:00,50.86000061035156,51.11000061035156,50.78499984741211,51.06999969482422,43714,0.0,0.0
2023-10-24 15:30:00-04:00,51.06999969482422,51.209999084472656,51.012001037597656,51.150001525878906,70744,0.0,0.0
2023-10-25 09:30:00-04:00,50.630001068115234,50.71630096435547,49.939998626708984,50.2400016784668,23738,0.0,0.0
2023-10-25 10:30:00-04:00,50.2599983215332,50.529998779296875,50.130001068115234,50.47999954223633,22579,0.0,0.0
2023-10-25 11:30:00-04:00,50.58000183105469,50.58000183105469,50.130001068115234,50.13999938964844,14210,0.0,0.0
2023-10-25 12:30:00-04:00,50.15999984741211,50.18000030517578,49.97999954223633,50.0099983215332,20248,0.0,0.0
2023-10-25 13:30:00-04:00,50.0,50.1349983215332,49.900001525878906,50.1349983215332,24431,0.0,0.0
2023-10-25 14:30:00-04:00,50.13999938964844,50.290000915527344,50.06999969482422,50.290000915527344,38439,0.0,0.0
2023-10-25 15:30:00-04:00,50.290000915527344,50.310001373291016,50.0,50.0,71642,0.0,0.0
2023-10-26 09:30:00-04:00,50.2400016784668,50.86000061035156,50.18000030517578,50.779998779296875,30860,0.0,0.0
2023-10-26 10:30:00-04:00,50.77000045776367,50.9900016784668,50.5099983215332,50.599998474121094,26542,0.0,0.0
2023-10-26 11:30:00-04:00,50.5,50.584999084472656,50.06999969482422,50.09000015258789,20490,0.0,0.0
2023-10-26 12:30:00-04:00,50.14500045776367,50.349998474121094,50.04499816894531,50.119998931884766,30852,0.0,0.0
2023-10-26 13:30:00-04:00,50.119998931884766,50.709999084472656,50.08000183105469,50.709999084472656,24994,0.0,0.0
2023-10-26 14:30:00-04:00,50.720001220703125,51.41999816894531,50.720001220703125,51.130001068115234,61816,0.0,0.0
2023-10-26 15:30:00-04:00,51.099998474121094,51.16999816894531,50.849998474121094,50.900001525878906,81282,0.0,0.0
2023-10-27 09:30:00-04:00,51.04999923706055,51.189998626708984,50.5,51.060001373291016,17637,0.0,0.0
2023-10-27 10:30:00-04:00,51.04999923706055,51.209999084472656,50.897701263427734,51.189998626708984,15583,0.0,0.0
2023-10-27 11:30:00-04:00,51.150001525878906,51.380001068115234,51.130001068115234,51.33000183105469,20481,0.0,0.0
2023-10-27 12:30:00-04:00,51.27000045776367,51.27000045776367,50.34000015258789,50.619998931884766,29935,0.0,0.0
2023-10-27 13:30:00-04:00,50.560001373291016,50.68000030517578,50.34000015258789,50.54999923706055,34514,0.0,0.0
2023-10-27 14:30:00-04:00,50.54999923706055,50.720001220703125,50.37269973754883,50.43000030517578,30379,0.0,0.0
2023-10-27 15:30:00-04:00,50.47999954223633,50.779998779296875,50.38999938964844,50.779998779296875,83548,0.0,0.0
2023-10-30 09:30:00-04:00,51.22999954223633,51.66999816894531,50.625,50.749900817871094,29296,0.0,0.0
2023-10-30 10:30:00-04:00,50.67499923706055,50.67499923706055,49.900001525878906,50.060001373291016,98966,0.0,0.0
2023-10-30 11:30:00-04:00,50.03150177001953,50.25,49.959999084472656,50.099998474121094,38920,0.0,0.0
2023-10-30 12:30:00-04:00,50.064998626708984,50.16999816894531,49.959999084472656,50.130001068115234,35351,0.0,0.0
2023-10-30 13:30:00-04:00,50.21500015258789,50.36000061035156,50.16999816894531,50.29999923706055,25403,0.0,0.0
2023-10-30 14:30:00-04:00,50.27000045776367,50.5099983215332,50.2400016784668,50.435001373291016,43827,0.0,0.0
2023-10-30 15:30:00-04:00,50.435001373291016,50.4900016784668,50.27000045776367,50.29999923706055,77034,0.0,0.0
2023-10-31 09:30:00-04:00,50.36000061035156,50.720001220703125,49.94499969482422,50.38999938964844,23595,0.0,0.0
2023-10-31 10:30:00-04:00,50.400001525878906,50.86000061035156,50.36000061035156,50.790000915527344,92739,0.0,0.0
2023-10-31 11:30:00-04:00,50.72999954223633,50.97999954223633,50.689998626708984,50.79999923706055,12993,0.0,0.0
2023-10-31 12:30:00-04:00,50.79999923706055,50.895999908447266,50.720001220703125,50.86000061035156,14707,0.0,0.0
2023-10-31 13:30:00-04:00,50.880001068115234,51.130001068115234,50.880001068115234,50.939998626708984,16770,0.0,0.0
2023-10-31 14:30:00-04:00,50.91999816894531,51.04999923706055,50.90999984741211,50.97999954223633,24853,0.0,0.0
2023-10-31 15:30:00-04:00,50.95000076293945,51.029998779296875,50.79999923706055,50.86000061035156,48752,0.0,0.0
2023-11-01 09:30:00-04:00,50.40999984741211,50.59000015258789,50.119998931884766,50.25,128704,0.0,0.0
2023-11-01 10:30:00-04:00,50.25,50.78499984741211,50.13999938964844,50.165000915527344,54640,0.0,0.0
2023-11-01 11:30:00-04:00,50.18000030517578,50.5,50.18000030517578,50.25,80531,0.0,0.0
2023-11-01 12:30:00-04:00,50.25,50.54999923706055,50.18000030517578,50.470001220703125,70667,0.0,0.0
2023-11-01 13:30:00-04:00,50.400001525878906,50.68000030517578,50.400001525878906,50.68000030517578,24267,0.0,0.0
2023-11-01 14:30:00-04:00,50.68000030517578,51.09000015258789,50.45000076293945,51.07500076293945,50812,0.0,0.0
2023-11-01 15:30:00-04:00,51.060001373291016,51.40999984741211,51.060001373291016,51.29999923706055,80332,0.0,0.0
2023-11-02 09:30:00-04:00,52.31999969482422,52.44499969482422,51.755001068115234,51.959999084472656,31164,0.0,0.0
2023-11-02 10:30:00-04:00,51.959999084472656,51.959999084472656,51.61000061035156,51.61000061035156,19202,0.0,0.0
2023-11-02 11:30:00-04:00,51.599998474121094,51.689998626708984,51.1150016784668,51.119998931884766,18363,0.0,0.0
2023-11-02 12:30:00-04:00,51.150001525878906,51.560001373291016,51.13999938964844,51.494998931884766,29292,0.0,0.0
2023-11-02 13:30:00-04:00,51.529998779296875,51.70000076293945,51.52000045776367,51.68000030517578,21800,0.0,0.0
2023-11-02 14:30:00-04:00,51.67499923706055,51.90999984741211,51.64500045776367,51.849998474121094,43405,0.0,0.0
2023-11-02 15:30:00-04:00,51.81999969482422,52.18000030517578,51.81999969482422,52.18000030517578,85979,0.0,0.0
2023-11-03 09:30:00-04:00,53.09000015258789,53.494998931884766,53.0099983215332,53.095001220703125,15380,0.0,0.0
2023-11-03 10:30:00-04:00,53.130001068115234,53.189998626708984,52.915000915527344,52.959999084472656,19596,0.0,0.0
2023-11-03 11:30:00-04:00,52.92499923706055,53.21609878540039,52.900001525878906,53.060001373291016,23579,0.0,0.0
2023-11-03 12:30:00-04:00,53.209999084472656,53.2400016784668,52.97999954223633,53.02000045776367,22660,0.0,0.0
2023-11-03 13:30:00-04:00,53.01499938964844,53.18000030517578,53.01499938964844,53.18000030517578,29143,0.0,0.0
2023-11-03 14:30:00-04:00,53.21500015258789,53.65999984741211,53.21500015258789,53.45000076293945,58375,0.0,0.0
2023-11-03 15:30:00-04:00,53.459999084472656,53.5,53.27000045776367,53.380001068115234,92117,0.0,0.0
2023-11-06 09:30:00-05:00,53.36000061035156,53.36000061035156,52.70000076293945,52.709999084472656,43773,0.0,0.0
2023-11-06 10:30:00-05:00,52.75,52.77000045776367,52.5099983215332,52.59000015258789,90666,0.0,0.0
2023-11-06 11:30:00-05:00,52.56999969482422,53.119998931884766,52.54069900512695,53.0,40034,0.0,0.0
2023-11-06 12:30:00-05:00,52.96030044555664,53.0099983215332,52.70000076293945,52.82500076293945,36552,0.0,0.0
2023-11-06 13:30:00-05:00,52.849998474121094,53.029998779296875,52.720001220703125,52.75,36610,0.0,0.0
2023-11-06 14:30:00-05:00,52.75,52.7599983215332,52.599998474121094,52.630001068115234,62346,0.0,0.0
2023-11-06 15:30:00-05:00,52.560001373291016,52.869998931884766,52.4900016784668,52.869998931884766,130497,0.0,0.0
2023-11-07 09:30:00-05:00,46.0,46.81999969482422,43.404998779296875,45.18000030517578,374995,0.0,0.0
2023-11-07 10:30:00-05:00,44.970001220703125,46.349998474121094,44.849998474121094,46.095001220703125,181755,0.0,0.0
2023-11-07 11:30:00-05:00,46.095001220703125,46.290000915527344,45.2599983215332,45.540000915527344,125368,0.0,0.0
2023-11-07 12:30:00-05:00,45.582298278808594,45.650001525878906,45.18000030517578,45.494998931884766,89465,0.0,0.0
2023-11-07 13:30:00-05:00,45.505001068115234,45.505001068115234,45.100101470947266,45.279998779296875,93878,0.0,0.0
2023-11-07 14:30:00-05:00,45.21500015258789,45.599998474121094,45.119998931884766,45.119998931884766,197373,0.0,0.0
2023-11-07 15:30:00-05:00,45.130001068115234,45.334999084472656,45.025001525878906,45.2599983215332,240897,0.0,0.0
2023-11-08 09:30:00-05:00,45.720001220703125,47.439998626708984,45.45000076293945,47.040000915527344,127458,0.0,0.0
2023-11-08 10:30:00-05:00,47.220001220703125,47.2400016784668,46.5,46.599998474121094,88192,0.0,0.0
2023-11-08 11:30:00-05:00,46.75,46.75,46.20000076293945,46.3224983215332,71092,0.0,0.0
2023-11-08 12:30:00-05:00,46.29999923706055,46.47999954223633,46.25,46.44179916381836,64642,0.0,0.0
2023-11-08 13:30:00-05:00,46.439998626708984,46.86000061035156,46.38999938964844,46.83000183105469,55069,0.0,0.0
2023-11-08 14:30:00-05:00,46.83000183105469,46.939998626708984,46.685001373291016,46.81999969482422,81893,0.0,0.0
2023-11-08 15:30:00-05:00,46.81809997558594,47.185001373291016,46.779998779296875,47.11000061035156,177270,0.0,0.0
2023-11-09 09:30:00-05:00,47.689998626708984,47.689998626708984,47.0,47.150001525878906,49007,0.0,0.0
2023-11-09 10:30:00-05:00,47.15999984741211,47.189998626708984,46.869998931884766,46.97999954223633,57615,0.0,0.0
2023-11-09 11:30:00-05:00,46.97999954223633,47.290000915527344,46.900001525878906,47.130001068115234,53005,0.0,0.0
2023-11-09 12:30:00-05:00,47.13999938964844,47.310001373291016,46.86000061035156,47.130001068115234,49818,0.0,0.0
2023-11-09 13:30:00-05:00,47.09000015258789,47.150001525878906,46.63999938964844,46.79999923706055,48014,0.0,0.0
2023-11-09 14:30:00-05:00,46.81999969482422,46.81999969482422,46.459999084472656,46.61000061035156,66924,0.0,0.0
2023-11-09 15:30:00-05:00,46.630001068115234,46.847999572753906,46.619998931884766,46.66999816894531,112707,0.0,0.0
2023-11-10 09:30:00-05:00,46.79999923706055,47.07500076293945,45.95000076293945,45.959999084472656,54012,0.0,0.0
2023-11-10 10:30:00-05:00,45.95000076293945,46.41999816894531,45.79999923706055,46.33000183105469,78474,0.0,0.0
2023-11-10 11:30:00-05:00,46.34000015258789,46.720001220703125,46.34000015258789,46.68000030517578,28086,0.0,0.0
2023-11-10 12:30:00-05:00,46.64500045776367,47.2599983215332,46.64500045776367,47.2400016784668,31322,0.0,0.0
2023-11-10 13:30:00-05:00,47.27069854736328,47.79999923706055,47.2401008605957,47.709999084472656,96082,0.0,0.0
2023-11-10 14:30:00-05:00,47.7400016784668,47.77000045776367,47.540000915527344,47.70800018310547,46792,0.0,0.0
2023-11-10 15:30:00-05:00,47.70000076293945,47.8025016784668,47.619998931884766,47.689998626708984,61176,0.0,0.0
2023-11-13 09:30:00-05:00,47.38999938964844,47.59000015258789,47.029998779296875,47.34000015258789,38140,0.0,0.0
2023-11-13 10:30:00-05:00,47.29999923706055,47.43000030517578,47.11000061035156,47.42499923706055,57348,0.0,0.0
2023-11-13 11:30:00-05:00,47.400001525878906,47.7400016784668,47.36000061035156,47.58000183105469,33484,0.0,0.0
2023-11-13 12:30:00-05:00,47.61970138549805,47.619998931884766,47.400001525878906,47.40999984741211,23108,0.0,0.0
2023-11-13 13:30:00-05:00,47.39500045776367,47.6067008972168,47.369998931884766,47.5,24940,0.0,0.0
2023-11-13 14:30:00-05:00,47.52000045776367,47.630001068115234,47.439998626708984,47.599998474121094,34824,0.0,0.0
2023-11-13 15:30:00-05:00,47.599998474121094,47.790000915527344,47.584999084472656,47.66999816894531,102706,0.0,0.0
2023-11-14 09:30:00-05:00,48.939998626708984,49.31999969482422,48.24290084838867,49.22999954223633,80640,0.0,0.0
2023-11-14 10:30:00-05:00,49.22999954223633,49.70000076293945,49.189998626708984,49.59000015258789,63229,0.0,0.0
2023-11-14 11:30:00-05:00,49.630001068115234,49.72999954223633,49.53499984741211,49.59000015258789,54901,0.0,0.0
2023-11-14 12:30:00-05:00,49.599998474121094,49.95000076293945,49.59000015258789,49.90999984741211,50615,0.0,0.0
2023-11-14 13:30:00-05:00,49.900001525878906,50.040000915527344,49.7599983215332,49.779998779296875,80554,0.0,0.0
2023-11-14 14:30:00-05:00,49.790000915527344,50.084999084472656,49.790000915527344,50.06999969482422,107108,0.0,0.0
2023-11-14 15:30:00-05:00,50.0890007019043,50.11000061035156,49.7400016784668,49.84000015258789,118328,0.0,0.0
2023-11-15 09:30:00-05:00,49.77000045776367,50.83000183105469,49.77000045776367,50.744998931884766,40380,0.0,0.0
2023-11-15 10:30:00-05:00,50.650001525878906,50.83000183105469,50.130001068115234,50.310001373291016,50471,0.0,0.0
2023-11-15 11:30:00-05:00,50.290000915527344,50.290000915527344,49.82500076293945,50.0099983215332,57372,0.0,0.0
2023-11-15 12:30:00-05:00,50.0099983215332,50.11000061035156,49.72999954223633,49.93000030517578,45949,0.0,0.0
2023-11-15 13:30:00-05:00,49.95000076293945,50.09000015258789,49.95000076293945,50.0,30437,0.0,0.0
2023-11-15 14:30:00-05:00,50.0,50.119998931884766,49.95000076293945,50.01750183105469,40924,0.0,0.0
2023-11-15 15:30:00-05:00,50.02000045776367,50.16999816894531,50.0,50.13999938964844,87873,0.0,0.0
2023-11-16 09:30:00-05:00,50.02000045776367,50.29999923706055,49.47999954223633,49.66999816894531,62233,0.0,0.0
2023-11-16 10:30:00-05:00,49.709999084472656,49.7400016784668,49.154998779296875,49.154998779296875,79483,0.0,0.0
2023-11-16 11:30:00-05:00,49.154998779296875,49.310001373291016,48.84000015258789,49.220001220703125,64728,0.0,0.0
2023-11-16 12:30:00-05:00,49.15999984741211,49.15999984741211,48.86000061035156,48.95000076293945,42736,0.0,0.0
2023-11-16 13:30:00-05:00,48.94499969482422,48.95000076293945,48.720001220703125,48.88999938964844,42250,0.0,0.0
2023-11-16 14:30:00-05:00,48.89500045776367,49.029998779296875,48.88999938964844,48.939998626708984,65017,0.0,0.0
2023-11-16 15:30:00-05:00,48.935001373291016,48.935001373291016,48.58000183105469,48.689998626708984,96078,0.0,0.0
2023-11-17 09:30:00-05:00,49.130001068115234,49.91999816894531,48.70000076293945,49.90999984741211,107600,0.0,0.0
2023-11-17 10:30:00-05:00,49.810001373291016,49.99980163574219,49.58000183105469,49.65999984741211,73088,0.0,0.0
2023-11-17 11:30:00-05:00,49.66999816894531,49.72999954223633,49.5,49.560001373291016,52844,0.0,0.0
2023-11-17 12:30:00-05:00,49.560001373291016,49.779998779296875,49.505001068115234,49.7599983215332,48439,0.0,0.0
2023-11-17 13:30:00-05:00,49.78499984741211,49.93000030517578,49.78499984741211,49.83000183105469,47903,0.0,0.0
2023-11-17 14:30:00-05:00,49.83000183105469,49.88999938964844,49.78499984741211,49.8849983215332,62426,0.0,0.0
2023-11-17 15:30:00-05:00,49.869998931884766,49.90999984741211,49.7400016784668,49.790000915527344,96636,0.0,0.0
2023-11-20 09:30:00-05:00,49.709999084472656,50.2400016784668,49.53010177612305,50.119998931884766,58092,0.0,0.0
2023-11-20 10:30:00-05:00,50.13999938964844,50.20000076293945,49.939998626708984,50.09000015258789,26674,0.0,0.0
2023-11-20 11:30:00-05:00,50.11000061035156,50.290000915527344,50.08259963989258,50.27000045776367,25220,0.0,0.0
2023-11-20 12:30:00-05:00,50.2400016784668,50.5099983215332,50.189998626708984,50.41999816894531,27157,0.0,0.0
2023-11-20 13:30:00-05:00,50.40999984741211,50.529998779296875,50.18299865722656,50.220001220703125,28170,0.0,0.0
2023-11-20 14:30:00-05:00,50.22999954223633,50.27000045776367,49.9900016784668,50.04999923706055,39191,0.0,0.0
2023-11-20 15:30:00-05:00,50.040000915527344,50.29999923706055,49.98149871826172,50.189998626708984,95541,0.0,0.0
2023-11-21 09:30:00-05:00,49.869998931884766,50.08000183105469,49.0099983215332,49.70000076293945,64347,0.0,0.0
2023-11-21 10:30:00-05:00,49.71500015258789,49.86000061035156,49.5,49.61000061035156,67874,0.0,0.0
2023-11-21 11:30:00-05:00,49.619998931884766,49.7400016784668,49.43000030517578,49.474998474121094,53045,0.0,0.0
2023-11-21 12:30:00-05:00,49.43000030517578,49.724998474121094,49.41999816894531,49.44070053100586,35797,0.0,0.0
2023-11-21 13:30:00-05:00,49.4900016784668,49.59000015258789,49.40999984741211,49.58000183105469,58978,0.0,0.0
2023-11-21 14:30:00-05:00,49.599998474121094,49.61000061035156,49.380001068115234,49.470001220703125,49619,0.0,0.0
2023-11-21 15:30:00-05:00,49.439998626708984,49.45000076293945,49.22999954223633,49.279998779296875,81574,0.0,0.0
2023-11-22 09:30:00-05:00,49.7599983215332,50.28499984741211,49.20000076293945,49.95000076293945,66226,0.0,0.0
2023-11-22 10:30:00-05:00,49.90999984741211,50.0,49.75,49.900001525878906,66709,0.0,0.0
2023-11-22 11:30:00-05:00,49.90999984741211,50.0,49.70000076293945,49.70500183105469,40423,0.0,0.0
2023-11-22 12:30:00-05:00,49.67649841308594,49.79499816894531,49.560001373291016,49.790000915527344,41000,0.0,0.0
2023-11-22 13:30:00-05:00,49.790000915527344,49.81999969482422,49.630001068115234,49.77920150756836,56842,0.0,0.0
2023-11-22 14:30:00-05:00,49.779998779296875,49.779998779296875,49.5348014831543,49.779998779296875,58727,0.0,0.0
2023-11-22 15:30:00-05:00,49.810001373291016,49.81999969482422,49.65999984741211,49.72999954223633,52780,0.0,0.0
2023-11-24 09:30:00-05:00,49.66999816894531,50.290000915527344,49.66999816894531,50.06999969482422,42448,0.0,0.0
2023-11-24 10:30:00-05:00,50.040000915527344,50.09000015258789,49.880001068115234,50.0099983215332,24859,0.0,0.0
2023-11-24 11:30:00-05:00,50.0099983215332,50.04999923706055,49.90999984741211,50.040000915527344,26526,0.0,0.0
2023-11-27 09:30:00-05:00,49.560001373291016,49.95000076293945,49.36000061035156,49.91310119628906,68340,0.0,0.0
2023-11-27 10:30:00-05:00,49.95500183105469,50.029998779296875,49.81999969482422,50.0099983215332,49594,0.0,0.0
2023-11-27 11:30:00-05:00,50.0099983215332,50.04999923706055,49.90999984741211,49.959999084472656,44771,0.0,0.0
2023-11-27 12:30:00-05:00,49.959999084472656,50.09000015258789,49.86000061035156,50.0,29458,0.0,0.0
2023-11-27 13:30:00-05:00,50.0099983215332,50.02009963989258,49.84000015258789,49.90999984741211,51224,0.0,0.0
2023-11-27 14:30:00-05:00,49.91999816894531,50.04999923706055,49.91999816894531,50.02000045776367,35446,0.0,0.0
2023-11-27 15:30:00-05:00,50.0099983215332,50.04899978637695,49.81999969482422,49.88999938964844,58746,0.0,0.0
2023-11-28 09:30:00-05:00,49.599998474121094,49.75,49.31999969482422,49.720001220703125,81987,0.0,0.0
2023-11-28 10:30:00-05:00,49.70000076293945,50.02000045776367,49.529998779296875,49.959999084472656,64931,0.0,0.0
2023-11-28 11:30:00-05:00,49.97999954223633,50.029998779296875,49.70500183105469,49.70500183105469,44041,0.0,0.0
2023-11-28 12:30:00-05:00,49.709999084472656,49.79999923706055,49.560001373291016,49.63999938964844,53955,0.0,0.0
2023-11-28 13:30:00-05:00,49.63999938964844,49.70000076293945,49.58000183105469,49.65999984741211,55175,0.0,0.0
2023-11-28 14:30:00-05:00,49.650001525878906,49.790000915527344,49.63999938964844,49.779998779296875,72946,0.0,0.0
2023-11-28 15:30:00-05:00,49.779998779296875,49.810001373291016,49.599998474121094,49.63999938964844,112233,0.0,0.0
2023-11-29 09:30:00-05:00,49.88999938964844,50.61000061035156,49.439998626708984,49.58000183105469,75263,0.0,0.0
2023-11-29 10:30:00-05:00,49.58000183105469,49.88999938964844,49.439998626708984,49.47999954223633,64677,0.0,0.0
2023-11-29 11:30:00-05:00,49.47999954223633,49.66999816894531,49.400001525878906,49.66999816894531,48101,0.0,0.0
2023-11-29 12:30:00-05:00,49.66999816894531,49.9900016784668,49.66999816894531,49.9900016784668,43204,0.0,0.0
2023-11-29 13:30:00-05:00,49.97999954223633,50.06999969482422,49.91999816894531,49.950401306152344,48804,0.0,0.0
2023-11-29 14:30:00-05:00,49.95500183105469,49.970001220703125,49.65999984741211,49.75,71173,0.0,0.0
2023-11-29 15:30:00-05:00,49.75,49.93000030517578,49.66999816894531,49.88999938964844,90384,0.0,0.0
2023-11-30 09:30:00-05:00,50.150001525878906,50.15999984741211,49.790000915527344,49.93000030517578,71486,0.0,0.0
2023-11-30 10:30:00-05:00,49.94499969482422,50.15999984741211,49.939998626708984,50.11000061035156,44364,0.0,0.0
2023-11-30 11:30:00-05:00,50.119998931884766,50.154998779296875,49.959999084472656,50.0,36212,0.0,0.0
2023-11-30 12:30:00-05:00,50.02000045776367,50.040000915527344,49.900001525878906,49.959999084472656,38882,0.0,0.0
2023-11-30 13:30:00-05:00,49.95000076293945,50.130001068115234,49.87009811401367,50.11000061035156,48893,0.0,0.0
2023-11-30 14:30:00-05:00,50.09000015258789,50.15999984741211,50.0,50.0099983215332,74126,0.0,0.0
2023-11-30 15:30:00-05:00,50.02000045776367,50.18000030517578,49.959999084472656,50.11000061035156,153240,0.0,0.0
2023-12-01 09:30:00-05:00,50.099998474121094,50.2400016784668,49.02000045776367,50.15999984741211,79895,0.0,0.0
2023-12-01 10:30:00-05:00,50.154998779296875,50.61000061035156,50.150001525878906,50.5099983215332,33675,0.0,0.0
2023-12-01 11:30:00-05:00,50.5,50.564998626708984,50.380001068115234,50.40999984741211,21359,0.0,0.0
2023-12-01 12:30:00-05:00,50.38999938964844,50.65999984741211,50.38999938964844,50.52000045776367,25749,0.0,0.0
2023-12-01 13:30:00-05:00,50.5099983215332,50.61000061035156,50.150001525878906,50.154998779296875,33281,0.0,0.0
2023-12-01 14:30:00-05:00,50.150001525878906,50.400001525878906,50.13999938964844,50.400001525878906,54387,0.0,0.0
2023-12-01 15:30:00-05:00,50.400001525878906,50.43000030517578,50.310001373291016,50.3849983215332,86702,0.0,0.0
2023-12-04 09:30:00-05:00,50.25,50.43000030517578,49.939998626708984,50.20000076293945,39770,0.0,0.0
2023-12-04 10:30:00-05:00,50.150001525878906,50.21229934692383,49.849998474121094,49.91999816894531,36885,0.0,0.0
2023-12-04 11:30:00-05:00,49.900001525878906,50.18000030517578,49.845001220703125,50.119998931884766,26599,0.0,0.0
2023-12-04 12:30:00-05:00,50.099998474121094,50.20000076293945,50.06999969482422,50.084999084472656,28641,0.0,0.0
2023-12-04 13:30:00-05:00,50.08000183105469,50.18000030517578,50.04499816894531,50.11000061035156,51611,0.0,0.0
2023-12-04 14:30:00-05:00,50.095001220703125,50.18000030517578,50.09000015258789,50.130001068115234,61223,0.0,0.0
2023-12-04 15:30:00-05:00,50.119998931884766,50.31999969482422,50.09000015258789,50.290000915527344,57286,0.0,0.0
2023-12-05 09:30:00-05:00,50.16999816894531,50.16999816894531,49.4900016784668,50.029998779296875,99056,0.0,0.0
2023-12-05 10:30:00-05:00,49.9900016784668,50.15999984741211,49.880001068115234,50.040000915527344,52304,0.0,0.0
2023-12-05 11:30:00-05:00,50.064998626708984,50.130001068115234,49.65999984741211,49.77000045776367,44239,0.0,0.0
2023-12-05 12:30:00-05:00,49.779998779296875,49.83000183105469,49.529998779296875,49.630001068115234,60565,0.0,0.0
2023-12-05 13:30:00-05:00,49.599998474121094,49.849998474121094,49.58000183105469,49.790000915527344,60743,0.0,0.0
2023-12-05 14:30:00-05:00,49.79999923706055,49.93000030517578,49.7400016784668,49.91999816894531,75117,0.0,0.0
2023-12-05 15:30:00-05:00,49.91999816894531,49.91999816894531,49.70000076293945,49.77000045776367,85576,0.0,0.0
2023-12-06 09:30:00-05:00,49.97999954223633,50.41059875488281,49.95000076293945,49.9900016784668,46495,0.0,0.0
2023-12-06 10:30:00-05:00,49.91999816894531,50.29999923706055,49.91999816894531,50.06999969482422,116921,0.0,0.0
2023-12-06 11:30:00-05:00,50.06999969482422,50.119998931884766,49.939998626708984,50.0,55787,0.0,0.0
2023-12-06 12:30:00-05:00,49.98500061035156,50.08000183105469,49.689998626708984,49.900001525878906,57081,0.0,0.0
2023-12-06 13:30:00-05:00,49.88999938964844,49.974998474121094,49.7599983215332,49.7599983215332,31334,0.0,0.0
2023-12-06 14:30:00-05:00,49.779998779296875,49.79999923706055,49.23500061035156,49.2599983215332,42063,0.0,0.0
2023-12-06 15:30:00-05:00,49.25,49.25,48.970001220703125,48.9900016784668,93914,0.0,0.0
2023-12-07 09:30:00-05:00,49.22999954223633,49.375,49.02000045776367,49.279998779296875,34601,0.0,0.0
2023-12-07 10:30:00-05:00,49.279998779296875,49.290000915527344,49.029998779296875,49.1349983215332,29962,0.0,0.0
2023-12-07 11:30:00-05:00,49.16999816894531,49.16999816894531,49.02000045776367,49.029998779296875,31220,0.0,0.0
2023-12-07 12:30:00-05:00,49.04499816894531,49.1349983215332,49.02000045776367,49.09000015258789,25352,0.0,0.0
2023-12-07 13:30:00-05:00,49.070098876953125,49.17499923706055,49.029998779296875,49.130001068115234,31754,0.0,0.0
2023-12-07 14:30:00-05:00,49.13999938964844,49.189998626708984,48.97999954223633,49.06999969482422,53808,0.0,0.0
2023-12-07 15:30:00-05:00,49.060001373291016,49.290000915527344,49.029998779296875,49.290000915527344,78641,0.0,0.0
2023-12-08 09:30:00-05:00,49.290000915527344,50.06999969482422,49.290000915527344,49.77000045776367,21773,0.0,0.0
2023-12-08 10:30:00-05:00,49.77000045776367,49.93000030517578,49.40999984741211,49.52000045776367,21801,0.0,0.0
2023-12-08 11:30:00-05:00,49.61000061035156,49.650001525878906,49.43000030517578,49.60499954223633,16047,0.0,0.0
2023-12-08 12:30:00-05:00,49.580501556396484,49.75,49.52000045776367,49.7400016784668,18329,0.0,0.0
2023-12-08 13:30:00-05:00,49.72999954223633,49.849998474121094,49.63999938964844,49.84579849243164,21275,0.0,0.0
2023-12-08 14:30:00-05:00,49.900001525878906,49.93000030517578,49.77000045776367,49.83000183105469,23150,0.0,0.0
2023-12-08 15:30:00-05:00,49.810001373291016,49.93000030517578,49.792999267578125,49.81999969482422,33071,0.0,0.0
2023-12-11 09:30:00-05:00,49.93000030517578,50.470001220703125,49.814998626708984,50.25,35829,0.0,0.0
2023-12-11 10:30:00-05:00,50.25,50.32099914550781,50.154998779296875,50.31999969482422,41480,0.0,0.0
2023-12-11 11:30:00-05:00,50.32500076293945,50.68000030517578,50.22999954223633,50.630001068115234,25838,0.0,0.0
2023-12-11 12:30:00-05:00,50.65999984741211,50.81999969482422,50.650001525878906,50.779998779296875,23525,0.0,0.0
2023-12-11 13:30:00-05:00,50.79999923706055,50.90999984741211,50.7400016784668,50.83000183105469,22244,0.0,0.0
2023-12-11 14:30:00-05:00,50.83000183105469,50.860198974609375,50.59000015258789,50.68000030517578,23680,0.0,0.0
2023-12-11 15:30:00-05:00,50.68000030517578,50.720001220703125,50.54499816894531,50.619998931884766,48611,0.0,0.0
2023-12-12 09:30:00-05:00,50.439998626708984,50.56999969482422,49.81999969482422,50.380001068115234,25663,0.0,0.0
2023-12-12 10:30:00-05:00,50.42599868774414,50.4900016784668,50.130001068115234,50.130001068115234,22058,0.0,0.0
2023-12-12 11:30:00-05:00,50.150001525878906,50.150001525878906,49.939998626708984,49.9900016784668,27206,0.0,0.0
2023-12-12 12:30:00-05:00,50.0,50.16999816894531,49.790000915527344,50.16999816894531,51266,0.0,0.0
2023-12-12 13:30:00-05:00,50.189998626708984,50.25,50.115501403808594,50.149898529052734,26879,0.0,0.0
2023-12-12 14:30:00-05:00,50.130001068115234,50.31100082397461,50.130001068115234,50.290000915527344,40816,0.0,0.0
2023-12-12 15:30:00-05:00,50.279998779296875,50.279998779296875,49.93000030517578,49.970001220703125,58990,0.0,0.0
2023-12-13 09:30:00-05:00,49.93000030517578,50.5,49.880001068115234,50.380001068115234,26602,0.0,0.0
2023-12-13 10:30:00-05:00,50.38999938964844,50.560001373291016,50.34000015258789,50.4900016784668,31960,0.0,0.0
2023-12-13 11:30:00-05:00,50.4900016784668,50.529998779296875,50.28499984741211,50.28499984741211,27533,0.0,0.0
2023-12-13 12:30:00-05:00,50.29999923706055,50.369998931884766,50.119998931884766,50.119998931884766,26140,0.0,0.0
2023-12-13 13:30:00-05:00,50.15999984741211,50.981998443603516,50.11000061035156,50.880001068115234,39435,0.0,0.0
2023-12-13 14:30:00-05:00,50.83000183105469,51.560001373291016,50.810001373291016,50.959999084472656,48690,0.0,0.0
2023-12-13 15:30:00-05:00,50.95000076293945,51.540000915527344,50.91999816894531,51.5,87517,0.0,0.0
2023-12-14 09:30:00-05:00,52.130001068115234,53.290000915527344,51.95000076293945,52.720001220703125,75633,0.0,0.0
2023-12-14 10:30:00-05:00,52.75,53.08000183105469,52.650001525878906,53.08000183105469,35642,0.0,0.0
2023-12-14 11:30:00-05:00,53.08000183105469,53.16999816894531,52.54999923706055,52.584999084472656,37168,0.0,0.0
2023-12-14 12:30:00-05:00,52.599998474121094,52.880001068115234,52.31999969482422,52.31999969482422,23648,0.0,0.0
2023-12-14 13:30:00-05:00,52.33000183105469,52.54999923706055,52.15999984741211,52.36000061035156,28563,0.0,0.0
2023-12-14 14:30:00-05:00,52.36000061035156,52.970001220703125,52.35169982910156,52.93000030517578,44252,0.0,0.0
2023-12-14 15:30:00-05:00,52.935001373291016,53.09000015258789,52.880001068115234,53.0,71391,0.0,0.0
2023-12-15 09:30:00-05:00,53.25,53.3650016784668,51.45000076293945,51.73500061035156,191161,0.0,0.0
2023-12-15 10:30:00-05:00,51.65999984741211,52.12990188598633,51.61000061035156,51.79499816894531,33559,0.0,0.0
2023-12-15 11:30:00-05:00,51.77000045776367,52.25,51.66999816894531,52.13100051879883,30208,0.0,0.0
2023-12-15 12:30:00-05:00,52.16999816894531,52.16999816894531,51.64789962768555,51.84000015258789,25715,0.0,0.0
2023-12-15 13:30:00-05:00,51.83000183105469,51.84000015258789,51.5,51.77000045776367,24432,0.0,0.0
2023-12-15 14:30:00-05:00,51.834999084472656,51.959999084472656,51.63999938964844,51.6609992980957,52635,0.0,0.0
2023-12-15 15:30:00-05:00,51.72999954223633,51.777000427246094,51.380001068115234,51.459999084472656,89125,0.0,0.0
2023-12-18 09:30:00-05:00,51.88999938964844,52.25,51.36000061035156,52.0,44951,0.0,0.0
2023-12-18 10:30:00-05:00,52.01300048828125,52.33000183105469,51.959999084472656,52.310001373291016,48755,0.0,0.0
2023-12-18 11:30:00-05:00,52.29999923706055,52.29999923706055,52.060001373291016,52.099998474121094,37329,0.0,0.0
2023-12-18 12:30:00-05:00,52.14500045776367,52.14500045776367,51.88999938964844,52.09000015258789,28006,0.0,0.0
2023-12-18 13:30:00-05:00,52.07500076293945,52.21500015258789,52.02000045776367,52.150001525878906,27128,0.0,0.0
2023-12-18 14:30:00-05:00,52.13999938964844,52.25,52.099998474121094,52.099998474121094,40229,0.0,0.0
2023-12-18 15:30:00-05:00,52.125,52.189998626708984,52.0,52.060001373291016,66167,0.0,0.0
2023-12-19 09:30:00-05:00,52.400001525878906,53.029998779296875,52.369998931884766,52.38999938964844,26551,0.0,0.0
2023-12-19 10:30:00-05:00,52.380001068115234,52.56999969482422,52.2599983215332,52.349998474121094,20684,0.0,0.0
2023-12-19 11:30:00-05:00,52.29999923706055,52.36000061035156,52.136199951171875,52.349998474121094,19408,0.0,0.0
2023-12-19 12:30:00-05:00,52.41999816894531,52.47999954223633,52.22999954223633,52.279998779296875,12650,0.0,0.0
2023-12-19 13:30:00-05:00,52.26210021972656,52.560001373291016,52.26210021972656,52.5099983215332,25536,0.0,0.0
2023-12-19 14:30:00-05:00,52.51499938964844,52.51499938964844,52.279998779296875,52.40999984741211,31741,0.0,0.0
2023-12-19 15:30:00-05:00,52.39500045776367,52.52000045776367,52.349998474121094,52.400001525878906,56751,0.0,0.0
2023-12-20 09:30:00-05:00,52.47999954223633,52.939998626708984,52.09000015258789,52.939998626708984,25930,0.0,0.0
2023-12-20 10:30:00-05:00,52.939998626708984,53.369998931884766,52.93000030517578,53.27000045776367,30452,0.0,0.0
2023-12-20 11:30:00-05:00,53.2400016784668,53.52000045776367,53.15999984741211,53.52000045776367,25947,0.0,0.0
2023-12-20 12:30:00-05:00,53.529998779296875,53.66999816894531,53.43000030517578,53.52199935913086,30398,0.0,0.0
2023-12-20 13:30:00-05:00,53.540000915527344,53.61000061035156,53.38999938964844,53.38999938964844,34486,0.0,0.0
2023-12-20 14:30:00-05:00,53.32500076293945,53.32500076293945,52.189998626708984,52.25,43239,0.0,0.0
2023-12-20 15:30:00-05:00,52.31999969482422,52.43000030517578,51.83000183105469,51.83000183105469,70302,0.0,0.0
2023-12-21 09:30:00-05:00,52.209999084472656,52.310001373291016,51.775001525878906,51.810001373291016,21068,0.0,0.0
2023-12-21 10:30:00-05:00,51.880001068115234,51.970001220703125,51.56999969482422,51.970001220703125,16555,0.0,0.0
2023-12-21 11:30:00-05:00,51.95000076293945,52.06999969482422,51.66999816894531,51.709999084472656,14136,0.0,0.0
2023-12-21 12:30:00-05:00,51.70500183105469,51.810001373291016,51.595001220703125,51.70000076293945,12847,0.0,0.0
2023-12-21 13:30:00-05:00,51.709999084472656,51.779998779296875,51.59000015258789,51.70000076293945,17525,0.0,0.0
2023-12-21 14:30:00-05:00,51.689998626708984,52.2400016784668,51.65999984741211,52.2400016784668,33785,0.0,0.0
2023-12-21 15:30:00-05:00,52.25,52.25,51.77000045776367,51.90999984741211,129285,0.0,0.0
2023-12-22 09:30:00-05:00,52.369998931884766,52.75,52.22999954223633,52.63999938964844,25038,0.0,0.0
2023-12-22 10:30:00-05:00,52.689998626708984,52.939998626708984,52.55699920654297,52.790000915527344,18967,0.0,0.0
2023-12-22 11:30:00-05:00,52.87620162963867,52.880001068115234,52.70000076293945,52.83000183105469,11216,0.0,0.0
2023-12-22 12:30:00-05:00,52.83000183105469,52.970001220703125,52.790000915527344,52.79999923706055,11272,0.0,0.0
2023-12-22 13:30:00-05:00,52.79999923706055,52.79999923706055,52.40999984741211,52.459999084472656,18666,0.0,0.0
2023-12-22 14:30:00-05:00,52.369998931884766,52.66999816894531,52.349998474121094,52.540000915527344,26825,0.0,0.0
2023-12-22 15:30:00-05:00,52.560001373291016,52.560001373291016,52.3650016784668,52.470001220703125,34775,0.0,0.0
2023-12-26 09:30:00-05:00,52.709999084472656,52.709999084472656,52.119998931884766,52.220001220703125,32814,0.0,0.0
2023-12-26 10:30:00-05:00,52.305999755859375,52.40999984741211,52.20199966430664,52.36000061035156,22640,0.0,0.0
2023-12-26 11:30:00-05:00,52.29999923706055,52.58000183105469,52.2599983215332,52.5099983215332,61656,0.0,0.0
2023-12-26 12:30:00-05:00,52.5099983215332,52.689998626708984,52.400001525878906,52.625,14656,0.0,0.0
2023-12-26 13:30:00-05:00,52.630001068115234,52.77000045776367,52.529998779296875,52.77000045776367,19824,0.0,0.0
2023-12-26 14:30:00-05:00,52.77000045776367,52.959999084472656,52.7400016784668,52.939998626708984,26106,0.0,0.0
2023-12-26 15:30:00-05:00,52.85499954223633,52.93000030517578,52.709999084472656,52.75,27225,0.0,0.0
2023-12-27 09:30:00-05:00,52.90999984741211,52.90999984741211,52.53179931640625,52.709999084472656,11083,0.0,0.0
2023-12-27 10:30:00-05:00,52.64889907836914,52.64889907836914,52.18000030517578,52.38999938964844,13546,0.0,0.0
2023-12-27 11:30:00-05:00,52.38999938964844,52.630001068115234,52.38999938964844,52.47999954223633,13312,0.0,0.0
2023-12-27 12:30:00-05:00,52.4900016784668,52.599998474121094,52.35499954223633,52.47999954223633,14003,0.0,0.0
2023-12-27 13:30:00-05:00,52.41999816894531,52.4900016784668,52.16999816894531,52.3650016784668,14361,0.0,0.0
2023-12-27 14:30:00-05:00,52.29130172729492,52.32500076293945,52.16999816894531,52.185001373291016,15328,0.0,0.0
2023-12-27 15:30:00-05:00,52.2400016784668,52.25,52.04999923706055,52.119998931884766,49683,0.0,0.0
2023-12-28 09:30:00-05:00,51.83000183105469,52.40999984741211,51.83000183105469,52.25,17190,0.0,0.0
2023-12-28 10:30:00-05:00,52.29999923706055,52.29999923706055,52.029998779296875,52.08000183105469,11029,0.0,0.0
2023-12-28 11:30:00-05:00,52.08000183105469,52.21500015258789,52.06999969482422,52.119998931884766,15760,0.0,0.0
2023-12-28 12:30:00-05:00,52.125,52.28499984741211,51.939998626708984,52.209999084472656,20824,0.0,0.0
2023-12-28 13:30:00-05:00,52.20500183105469,52.29999923706055,52.130001068115234,52.209999084472656,21331,0.0,0.0
2023-12-28 14:30:00-05:00,52.185001373291016,52.185001373291016,51.970001220703125,52.119998931884766,57511,0.0,0.0
2023-12-28 15:30:00-05:00,52.1150016784668,52.2400016784668,52.09000015258789,52.2400016784668,44708,0.0,0.0
2023-12-29 09:30:00-05:00,52.25,52.310001373291016,51.334999084472656,51.599998474121094,53689,0.0,0.0
2023-12-29 10:30:00-05:00,51.59000015258789,51.59000015258789,51.0099983215332,51.0099983215332,64684,0.0,0.0
2023-12-29 11:30:00-05:00,51.0,51.356300354003906,50.97999954223633,51.26499938964844,30504,0.0,0.0
2023-12-29 12:30:00-05:00,51.26499938964844,51.5099983215332,51.26499938964844,51.40299987792969,18816,0.0,0.0
2023-12-29 13:30:00-05:00,51.42499923706055,51.599998474121094,51.34000015258789,51.5,27265,0.0,0.0
2023-12-29 14:30:00-05:00,51.47269821166992,51.650001525878906,51.47269821166992,51.58000183105469,18108,0.0,0.0
2023-12-29 15:30:00-05:00,51.54999923706055,51.61000061035156,51.33000183105469,51.34000015258789,49437,0.0,0.0
2024-01-02 09:30:00-05:00,50.90999984741211,51.0099983215332,50.22999954223633,50.45000076293945,58244,0.0,0.0
2024-01-02 10:30:00-05:00,50.41999816894531,50.66490173339844,50.130001068115234,50.40999984741211,45750,0.0,0.0
2024-01-02 11:30:00-05:00,50.369998931884766,50.91999816894531,50.33000183105469,50.7599983215332,56641,0.0,0.0
2024-01-02 12:30:00-05:00,50.790000915527344,50.93000030517578,50.54999923706055,50.599998474121094,34435,0.0,0.0
2024-01-02 13:30:00-05:00,50.59000015258789,50.66999816894531,50.369998931884766,50.540000915527344,32314,0.0,0.0
2024-01-02 14:30:00-05:00,50.52000045776367,50.52000045776367,50.15999984741211,50.209999084472656,52059,0.0,0.0
2024-01-02 15:30:00-05:00,50.2400016784668,50.45000076293945,50.099998474121094,50.43000030517578,79971,0.0,0.0
2024-01-03 09:30:00-05:00,50.13999938964844,50.220001220703125,49.43000030517578,50.18000030517578,52996,0.0,0.0
2024-01-03 10:30:00-05:00,50.15999984741211,50.25,49.810001373291016,50.11000061035156,32906,0.0,0.0
2024-01-03 11:30:00-05:00,50.16999816894531,50.189998626708984,49.994998931884766,50.189998626708984,28168,0.0,0.0
2024-01-03 12:30:00-05:00,50.16999816894531,50.16999816894531,49.790000915527344,49.869998931884766,24773,0.0,0.0
2024-01-03 13:30:00-05:00,49.86000061035156,49.9900016784668,49.60499954223633,49.83000183105469,50616,0.0,0.0
2024-01-03 14:30:00-05:00,49.834999084472656,49.900001525878906,49.26499938964844,49.310001373291016,45949,0.0,0.0
2024-01-03 15:30:00-05:00,49.30500030517578,49.540000915527344,49.29999923706055,49.310001373291016,71510,0.0,0.0
2024-01-04 09:30:00-05:00,49.31999969482422,49.400001525878906,49.02000045776367,49.25,30047,0.0,0.0
2024-01-04 10:30:00-05:00,49.31999969482422,49.61000061035156,49.217098236083984,49.59000015258789,31727,0.0,0.0
2024-01-04 11:30:00-05:00,49.56999969482422,49.71500015258789,49.45000076293945,49.529998779296875,32074,0.0,0.0
2024-01-04 12:30:00-05:00,49.5,49.529998779296875,49.40999984741211,49.470001220703125,18226,0.0,0.0
2024-01-04 13:30:00-05:00,49.4900016784668,49.814998626708984,49.4900016784668,49.66999816894531,44879,0.0,0.0
2024-01-04 14:30:00-05:00,49.65999984741211,49.83000183105469,49.619998931884766,49.790000915527344,39238,0.0,0.0
2024-01-04 15:30:00-05:00,49.810001373291016,49.97999954223633,49.75,49.97999954223633,71918,0.0,0.0
2024-01-05 09:30:00-05:00,49.93000030517578,50.45000076293945,49.72999954223633,50.13999938964844,37827,0.0,0.0
2024-01-05 10:30:00-05:00,50.08000183105469,50.40999984741211,50.029998779296875,50.150001525878906,33308,0.0,0.0
2024-01-05 11:30:00-05:00,50.19499969482422,50.22999954223633,49.97999954223633,50.03499984741211,31424,0.0,0.0
2024-01-05 12:30:00-05:00,50.02000045776367,50.25,49.939998626708984,50.22999954223633,49734,0.0,0.0
2024-01-05 13:30:00-05:00,50.279998779296875,50.349998474121094,50.04999923706055,50.09000015258789,19331,0.0,0.0
2024-01-05 14:30:00-05:00,50.060001373291016,50.13999938964844,49.900001525878906,49.9900016784668,36038,0.0,0.0
2024-01-05 15:30:00-05:00,49.970001220703125,50.18000030517578,49.970001220703125,50.119998931884766,68600,0.0,0.0
2024-01-08 09:30:00-05:00,50.0,50.78499984741211,49.97999954223633,50.672698974609375,33837,0.0,0.0
2024-01-08 10:30:00-05:00,50.718101501464844,51.20000076293945,50.718101501464844,50.7400016784668,44687,0.0,0.0
2024-01-08 11:30:00-05:00,50.7599983215332,50.939998626708984,50.650001525878906,50.79999923706055,25922,0.0,0.0
2024-01-08 12:30:00-05:00,50.800899505615234,50.889198303222656,50.720001220703125,50.76499938964844,20379,0.0,0.0
2024-01-08 13:30:00-05:00,50.75,51.099998474121094,50.75,50.974998474121094,31886,0.0,0.0
2024-01-08 14:30:00-05:00,50.96500015258789,51.04999923706055,50.747100830078125,50.790000915527344,26087,0.0,0.0
2024-01-08 15:30:00-05:00,50.779998779296875,50.959999084472656,50.7599983215332,50.95000076293945,64819,0.0,0.0
2024-01-09 09:30:00-05:00,50.310001373291016,50.310001373291016,49.709999084472656,49.709999084472656,28634,0.0,0.0
2024-01-09 10:30:00-05:00,49.720001220703125,49.94879913330078,49.689998626708984,49.94499969482422,21364,0.0,0.0
2024-01-09 11:30:00-05:00,49.9900016784668,50.130001068115234,49.869998931884766,50.130001068115234,18452,0.0,0.0
2024-01-09 12:30:00-05:00,50.17499923706055,50.17499923706055,49.81999969482422,49.869998931884766,33096,0.0,0.0
2024-01-09 13:30:00-05:00,49.900001525878906,50.09000015258789,49.83000183105469,49.900001525878906,19904,0.0,0.0
2024-01-09 14:30:00-05:00,49.90999984741211,50.027000427246094,49.84000015258789,49.95000076293945,31549,0.0,0.0
2024-01-09 15:30:00-05:00,49.95500183105469,49.970001220703125,49.72999954223633,49.91999816894531,61642,0.0,0.0
2024-01-10 09:30:00-05:00,49.58000183105469,50.06999969482422,49.5005989074707,50.06999969482422,22489,0.0,0.0
2024-01-10 10:30:00-05:00,50.11000061035156,50.11000061035156,49.70000076293945,49.880001068115234,14564,0.0,0.0
2024-01-10 11:30:00-05:00,49.810001373291016,50.040000915527344,49.810001373291016,50.029998779296875,12873,0.0,0.0
2024-01-10 12:30:00-05:00,50.0,50.040000915527344,49.81999969482422,49.939998626708984,16045,0.0,0.0
2024-01-10 13:30:00-05:00,49.95000076293945,50.08000183105469,49.91999816894531,50.060001373291016,16389,0.0,0.0
2024-01-10 14:30:00-05:00,50.057498931884766,50.099998474121094,49.75,49.7599983215332,24748,0.0,0.0
2024-01-10 15:30:00-05:00,49.79999923706055,50.099998474121094,49.775001525878906,50.060001373291016,43345,0.0,0.0
2024-01-11 09:30:00-05:00,50.02000045776367,50.06999969482422,49.58000183105469,49.79999923706055,17982,0.0,0.0
2024-01-11 10:30:00-05:00,49.80500030517578,49.939998626708984,49.68000030517578,49.810001373291016,23055,0.0,0.0
2024-01-11 11:30:00-05:00,49.755001068115234,49.869998931884766,49.52009963989258,49.84000015258789,25989,0.0,0.0
2024-01-11 12:30:00-05:00,49.869998931884766,50.08620071411133,49.790000915527344,50.0099983215332,17411,0.0,0.0
2024-01-11 13:30:00-05:00,50.0,50.22999954223633,49.959999084472656,50.22999954223633,35977,0.0,0.0
2024-01-11 14:30:00-05:00,50.220001220703125,50.33000183105469,50.130001068115234,50.220001220703125,23579,0.0,0.0
2024-01-11 15:30:00-05:00,50.244998931884766,50.369998931884766,50.189998626708984,50.36000061035156,56856,0.0,0.0
2024-01-12 09:30:00-05:00,50.75,51.060001373291016,50.45000076293945,50.689998626708984,26688,0.0,0.0
2024-01-12 10:30:00-05:00,50.69499969482422,50.77000045776367,50.494998931884766,50.709999084472656,28552,0.0,0.0
2024-01-12 11:30:00-05:00,50.66999816894531,50.70000076293945,50.54999923706055,50.61000061035156,27937,0.0,0.0
2024-01-12 12:30:00-05:00,50.60499954223633,50.7400016784668,50.560001373291016,50.7400016784668,27957,0.0,0.0
2024-01-12 13:30:00-05:00,50.7400016784668,50.86000061035156,50.72999954223633,50.79999923706055,30948,0.0,0.0
2024-01-12 14:30:00-05:00,50.79999923706055,50.84000015258789,50.70500183105469,50.81999969482422,58514,0.0,0.0
2024-01-12 15:30:00-05:00,50.81999969482422,50.915000915527344,50.779998779296875,50.869998931884766,97351,0.0,0.0
2024-01-16 09:30:00-05:00,50.52000045776367,50.79499816894531,50.04999923706055,50.5099983215332,48403,0.0,0.0
2024-01-16 10:30:00-05:00,50.46849822998047,50.79999923706055,50.43000030517578,50.71500015258789,33378,0.0,0.0
2024-01-16 11:30:00-05:00,50.75,50.849998474121094,50.459999084472656,50.4900016784668,32070,0.0,0.0
2024-01-16 12:30:00-05:00,50.5,50.5,50.33000183105469,50.3849983215332,25873,0.0,0.0
2024-01-16 13:30:00-05:00,50.41999816894531,50.43000030517578,50.11000061035156,50.220001220703125,33729,0.0,0.0
2024-01-16 14:30:00-05:00,50.220001220703125,50.31999969482422,50.13999938964844,50.279998779296875,43162,0.0,0.0
2024-01-16 15:30:00-05:00,50.2599983215332,50.400001525878906,50.2400016784668,50.349998474121094,121890,0.0,0.0
2024-01-17 09:30:00-05:00,49.369998931884766,49.65999984741211,49.02000045776367,49.08000183105469,47106,0.0,0.0
2024-01-17 10:30:00-05:00,49.11000061035156,49.290000915527344,48.900001525878906,48.9900016784668,56768,0.0,0.0
2024-01-17 11:30:00-05:00,48.9900016784668,49.15999984741211,48.92499923706055,48.92499923706055,33267,0.0,0.0
2024-01-17 12:30:00-05:00,48.935001373291016,49.150001525878906,48.83000183105469,49.040000915527344,40181,0.0,0.0
2024-01-17 13:30:00-05:00,49.029998779296875,49.13999938964844,48.9900016784668,49.10200119018555,30165,0.0,0.0
2024-01-17 14:30:00-05:00,49.119998931884766,49.247501373291016,48.959999084472656,49.11000061035156,92242,0.0,0.0
2024-01-17 15:30:00-05:00,49.095001220703125,49.45000076293945,49.095001220703125,49.400001525878906,62703,0.0,0.0
2024-01-18 09:30:00-05:00,49.880001068115234,50.209999084472656,49.61000061035156,49.71500015258789,33810,0.0,0.0
2024-01-18 10:30:00-05:00,49.66999816894531,49.88999938964844,49.54499816894531,49.88999938964844,15545,0.0,0.0
2024-01-18 11:30:00-05:00,49.939998626708984,50.02000045776367,49.849998474121094,49.9900016784668,17401,0.0,0.0
2024-01-18 12:30:00-05:00,50.01259994506836,50.060001373291016,49.790000915527344,49.88999938964844,16903,0.0,0.0
2024-01-18 13:30:00-05:00,49.869998931884766,50.18000030517578,49.869998931884766,50.1150016784668,21055,0.0,0.0
2024-01-18 14:30:00-05:00,50.15999984741211,50.310001373291016,50.06999969482422,50.2599983215332,24344,0.0,0.0
2024-01-18 15:30:00-05:00,50.255001068115234,50.36000061035156,50.17499923706055,50.36000061035156,45598,0.0,0.0
2024-01-19 09:30:00-05:00,50.70000076293945,50.70000076293945,50.060001373291016,50.34000015258789,31697,0.0,0.0
2024-01-19 10:30:00-05:00,50.279998779296875,50.380001068115234,50.121498107910156,50.290000915527344,17103,0.0,0.0
2024-01-19 11:30:00-05:00,50.380001068115234,50.40999984741211,50.209999084472656,50.40999984741211,13975,0.0,0.0
2024-01-19 12:30:00-05:00,50.41999816894531,50.75,50.349998474121094,50.7400016784668,16034,0.0,0.0
2024-01-19 13:30:00-05:00,50.779998779296875,50.970001220703125,50.689998626708984,50.939998626708984,26682,0.0,0.0
2024-01-19 14:30:00-05:00,50.97999954223633,50.97999954223633,50.77000045776367,50.86000061035156,23923,0.0,0.0
2024-01-19 15:30:00-05:00,50.849998474121094,51.137001037597656,50.790000915527344,51.099998474121094,153357,0.0,0.0
2024-01-22 09:30:00-05:00,51.38999938964844,52.16999816894531,51.38999938964844,51.96500015258789,144283,0.0,0.0
2024-01-22 10:30:00-05:00,51.91999816894531,51.91999816894531,51.564998626708984,51.619998931884766,13402,0.0,0.0
2024-01-22 11:30:00-05:00,51.66999816894531,51.66999816894531,51.42499923706055,51.45000076293945,13452,0.0,0.0
2024-01-22 12:30:00-05:00,51.459999084472656,51.619998931884766,51.45000076293945,51.540000915527344,21781,0.0,0.0
2024-01-22 13:30:00-05:00,51.53710174560547,51.77000045776367,51.5,51.625,15946,0.0,0.0
2024-01-22 14:30:00-05:00,51.625,51.75,51.625,51.744998931884766,25382,0.0,0.0
2024-01-22 15:30:00-05:00,51.7599983215332,51.95000076293945,51.709999084472656,51.709999084472656,107516,0.0,0.0
2024-01-23 09:30:00-05:00,52.36000061035156,52.58000183105469,52.09000015258789,52.31999969482422,32676,0.0,0.0
2024-01-23 10:30:00-05:00,52.29999923706055,52.29999923706055,51.94499969482422,51.94499969482422,19027,0.0,0.0
2024-01-23 11:30:00-05:00,51.90999984741211,52.064998626708984,51.779998779296875,51.849998474121094,16451,0.0,0.0
2024-01-23 12:30:00-05:00,51.84000015258789,51.939998626708984,51.7599983215332,51.77000045776367,22913,0.0,0.0
2024-01-23 13:30:00-05:00,51.7599983215332,52.09000015258789,51.689998626708984,51.96500015258789,25462,0.0,0.0
2024-01-23 14:30:00-05:00,51.97999954223633,52.1150016784668,51.724998474121094,51.779998779296875,32178,0.0,0.0
2024-01-23 15:30:00-05:00,51.77000045776367,51.77000045776367,51.53499984741211,51.56999969482422,77718,0.0,0.0
2024-01-24 09:30:00-05:00,52.060001373291016,52.060001373291016,51.23500061035156,51.66999816894531,20327,0.0,0.0
2024-01-24 10:30:00-05:00,51.65999984741211,52.060001373291016,51.619998931884766,52.040000915527344,19243,0.0,0.0
2024-01-24 11:30:00-05:00,52.04999923706055,52.310001373291016,51.970001220703125,52.08000183105469,39417,0.0,0.0
2024-01-24 12:30:00-05:00,52.11000061035156,52.150001525878906,51.86000061035156,51.880001068115234,20067,0.0,0.0
2024-01-24 13:30:00-05:00,51.79499816894531,51.79999923706055,51.400001525878906,51.4900016784668,31384,0.0,0.0
2024-01-24 14:30:00-05:00,51.560001373291016,51.77000045776367,51.25,51.2599983215332,37236,0.0,0.0
2024-01-24 15:30:00-05:00,51.25,51.7400016784668,51.25,51.72999954223633,175105,0.0,0.0
2024-01-25 09:30:00-05:00,51.95000076293945,52.310001373291016,51.599998474121094,52.26470184326172,47510,0.0,0.0
2024-01-25 10:30:00-05:00,52.17499923706055,52.220001220703125,51.79999923706055,52.062198638916016,25430,0.0,0.0
2024-01-25 11:30:00-05:00,52.029998779296875,52.099998474121094,51.91999816894531,52.040000915527344,36431,0.0,0.0
2024-01-25 12:30:00-05:00,51.9900016784668,52.02000045776367,51.7401008605957,51.775001525878906,27539,0.0,0.0
2024-01-25 13:30:00-05:00,51.7400016784668,51.83000183105469,51.564998626708984,51.68000030517578,36078,0.0,0.0
2024-01-25 14:30:00-05:00,51.68000030517578,51.720001220703125,51.279998779296875,51.279998779296875,70489,0.0,0.0
2024-01-25 15:30:00-05:00,51.27000045776367,51.47600173950195,51.2400016784668,51.29999923706055,82360,0.0,0.0
2024-01-26 09:30:00-05:00,51.349998474121094,51.540000915527344,50.83000183105469,50.9900016784668,36391,0.0,0.0
2024-01-26 10:30:00-05:00,51.03499984741211,51.08000183105469,50.689998626708984,50.7400016784668,62386,0.0,0.0
2024-01-26 11:30:00-05:00,50.7400016784668,50.7599983215332,50.459999084472656,50.5099983215332,60778,0.0,0.0
2024-01-26 12:30:00-05:00,50.459999084472656,50.79999923706055,50.349998474121094,50.75,35721,0.0,0.0
2024-01-26 13:30:00-05:00,50.779998779296875,50.78499984741211,50.5,50.52000045776367,53638,0.0,0.0
2024-01-26 14:30:00-05:00,50.529998779296875,50.560001373291016,50.16999816894531,50.439998626708984,233258,0.0,0.0
2024-01-26 15:30:00-05:00,50.369998931884766,50.529998779296875,50.310001373291016,50.31999969482422,122340,0.0,0.0
2024-01-29 09:30:00-05:00,50.36000061035156,50.36000061035156,49.56999969482422,49.78739929199219,50388,0.0,0.0
2024-01-29 10:30:00-05:00,49.81999969482422,50.2599983215332,49.79999923706055,50.209999084472656,52686,0.0,0.0
2024-01-29 11:30:00-05:00,50.189998626708984,50.369998931884766,50.15999984741211,50.35499954223633,65346,0.0,0.0
2024-01-29 12:30:00-05:00,50.36000061035156,50.459999084472656,50.22999954223633,50.439998626708984,57461,0.0,0.0
2024-01-29 13:30:00-05:00,50.435001373291016,50.73500061035156,50.43000030517578,50.47999954223633,57155,0.0,0.0
2024-01-29 14:30:00-05:00,50.5,50.7599983215332,50.36000061035156,50.63999938964844,93031,0.0,0.0
2024-01-29 15:30:00-05:00,50.63999938964844,50.75,50.560001373291016,50.65999984741211,142493,0.0,0.0
2024-01-30 09:30:00-05:00,60.0,69.69000244140625,59.11000061035156,63.595001220703125,2571218,0.0,0.0
2024-01-30 10:30:00-05:00,63.45000076293945,66.2300033569336,63.150001525878906,65.53199768066406,770167,0.0,0.0
2024-01-30 11:30:00-05:00,65.54000091552734,66.19999694824219,64.19000244140625,65.43000030517578,423401,0.0,0.0
2024-01-30 12:30:00-05:00,65.41500091552734,65.86000061035156,64.58499908447266,65.80999755859375,173843,0.0,0.0
2024-01-30 13:30:00-05:00,65.86000061035156,65.93000030517578,65.05999755859375,65.45500183105469,170792,0.0,0.0
2024-01-30 14:30:00-05:00,65.47000122070312,65.61990356445312,64.62000274658203,64.95999908447266,180785,0.0,0.0
2024-01-30 15:30:00-05:00,64.94999694824219,65.37000274658203,64.76000213623047,64.8499984741211,325410,0.0,0.0
2024-01-31 09:30:00-05:00,64.2699966430664,64.54000091552734,62.08000183105469,63.25,251715,0.0,0.0
2024-01-31 10:30:00-05:00,63.369998931884766,63.380001068115234,61.84000015258789,62.1349983215332,238665,0.0,0.0
2024-01-31 11:30:00-05:00,62.08000183105469,62.290000915527344,61.31999969482422,61.81999969482422,148992,0.0,0.0
2024-01-31 12:30:00-05:00,61.810001373291016,62.15999984741211,61.31999969482422,62.060001373291016,109718,0.0,0.0
2024-01-31 13:30:00-05:00,62.119998931884766,62.56999969482422,60.880001068115234,60.939998626708984,162577,0.0,0.0
2024-01-31 14:30:00-05:00,60.959999084472656,61.992000579833984,60.165000915527344,60.529998779296875,234285,0.0,0.0
2024-01-31 15:30:00-05:00,60.5099983215332,60.560001373291016,59.619998931884766,59.869998931884766,289887,0.0,0.0
2024-02-01 09:30:00-05:00,60.900001525878906,61.720001220703125,59.970001220703125,60.88999938964844,193111,0.0,0.0
2024-02-01 10:30:00-05:00,60.875,60.880001068115234,59.75,59.810001373291016,80139,0.0,0.0
2024-02-01 11:30:00-05:00,59.869998931884766,60.40999984741211,59.86000061035156,60.314998626708984,53658,0.0,0.0
2024-02-01 12:30:00-05:00,60.375,60.375,59.540000915527344,60.078800201416016,48730,0.0,0.0
2024-02-01 13:30:00-05:00,60.06999969482422,60.25,59.959999084472656,60.005001068115234,58334,0.0,0.0
2024-02-01 14:30:00-05:00,59.970001220703125,60.189998626708984,59.76750183105469,59.95000076293945,96116,0.0,0.0
2024-02-01 15:30:00-05:00,59.959999084472656,60.20000076293945,59.880001068115234,60.040000915527344,148558,0.0,0.0
2024-02-02 09:30:00-05:00,59.75,60.599998474121094,59.5099983215332,60.36000061035156,73882,0.0,0.0
2024-02-02 10:30:00-05:00,60.279998779296875,62.52000045776367,60.220001220703125,62.46500015258789,241343,0.0,0.0
2024-02-02 11:30:00-05:00,62.5099983215332,63.91999816894531,62.5099983215332,63.630001068115234,209448,0.0,0.0
2024-02-02 12:30:00-05:00,63.63999938964844,63.970001220703125,62.79010009765625,63.27000045776367,101106,0.0,0.0
2024-02-02 13:30:00-05:00,63.2599983215332,63.29999923706055,62.25,62.5,118746,0.0,0.0
2024-02-02 14:30:00-05:00,62.5,62.5,61.93000030517578,62.130001068115234,104691,0.0,0.0
2024-02-02 15:30:00-05:00,62.119998931884766,62.125,61.13999938964844,61.13999938964844,145694,0.0,0.0
2024-02-05 09:30:00-05:00,60.7599983215332,61.29999923706055,59.54999923706055,59.665000915527344,86340,0.0,0.0
2024-02-05 10:30:00-05:00,59.810001373291016,60.040000915527344,59.20000076293945,59.70000076293945,77673,0.0,0.0
2024-02-05 11:30:00-05:00,59.70000076293945,59.9900016784668,59.58000183105469,59.869998931884766,43365,0.0,0.0
2024-02-05 12:30:00-05:00,59.88999938964844,60.13010025024414,59.65999984741211,59.689998626708984,52452,0.0,0.0
2024-02-05 13:30:00-05:00,59.689998626708984,59.875,59.599998474121094,59.790000915527344,38429,0.0,0.0
2024-02-05 14:30:00-05:00,59.79999923706055,59.880001068115234,59.599998474121094,59.70000076293945,49887,0.0,0.0
2024-02-05 15:30:00-05:00,59.685001373291016,59.78900146484375,59.290000915527344,59.33000183105469,92445,0.0,0.0
2024-02-06 09:30:00-05:00,58.869998931884766,59.29999923706055,58.369998931884766,58.7400016784668,169311,0.0,0.0
2024-02-06 10:30:00-05:00,58.93510055541992,59.35499954223633,58.7400016784668,59.2400016784668,37761,0.0,0.0
2024-02-06 11:30:00-05:00,59.3650016784668,59.439998626708984,58.834999084472656,58.91999816894531,51027,0.0,0.0
2024-02-06 12:30:00-05:00,58.849998474121094,58.939998626708984,58.689998626708984,58.939998626708984,41371,0.0,0.0
2024-02-06 13:30:00-05:00,58.92499923706055,58.92499923706055,58.51499938964844,58.564998626708984,37374,0.0,0.0
2024-02-06 14:30:00-05:00,58.540000915527344,58.849998474121094,58.5099983215332,58.53499984741211,42884,0.0,0.0
2024-02-06 15:30:00-05:00,58.52000045776367,58.52000045776367,58.095001220703125,58.189998626708984,83614,0.0,0.0
2024-02-07 09:30:00-05:00,58.279998779296875,58.68000030517578,57.689998626708984,58.39500045776367,79802,0.0,0.0
2024-02-07 10:30:00-05:00,58.36000061035156,58.380001068115234,57.630001068115234,58.119998931884766,30185,0.0,0.0
2024-02-07 11:30:00-05:00,58.154998779296875,58.16999816894531,57.79999923706055,57.849998474121094,30031,0.0,0.0
2024-02-07 12:30:00-05:00,57.849998474121094,58.13999938964844,57.65999984741211,58.02000045776367,27709,0.0,0.0
2024-02-07 13:30:00-05:00,58.040000915527344,58.11000061035156,57.849998474121094,57.9900016784668,40268,0.0,0.0
2024-02-07 14:30:00-05:00,58.0,58.08000183105469,57.79999923706055,57.80500030517578,69862,0.0,0.0
2024-02-07 15:30:00-05:00,57.81999969482422,57.95000076293945,57.38999938964844,57.5,115272,0.0,0.0
2024-02-08 09:30:00-05:00,57.439998626708984,58.595001220703125,57.28499984741211,58.595001220703125,60855,0.0,0.0
2024-02-08 10:30:00-05:00,58.584999084472656,59.11000061035156,58.584999084472656,58.72999954223633,48136,0.0,0.0
2024-02-08 11:30:00-05:00,58.66999816894531,59.09000015258789,58.58000183105469,59.029998779296875,61520,0.0,0.0
2024-02-08 12:30:00-05:00,59.0099983215332,59.02000045776367,58.68000030517578,58.82500076293945,50468,0.0,0.0
2024-02-08 13:30:00-05:00,58.86000061035156,59.38999938964844,58.81999969482422,59.27000045776367,92940,0.0,0.0
2024-02-08 14:30:00-05:00,59.290000915527344,59.29999923706055,59.0,59.189998626708984,63275,0.0,0.0
2024-02-08 15:30:00-05:00,59.18000030517578,59.31999969482422,59.060001373291016,59.25,129963,0.0,0.0
2024-02-09 09:30:00-05:00,59.310001373291016,59.66999816894531,58.900001525878906,59.54999923706055,100981,0.0,0.0
2024-02-09 10:30:00-05:00,59.48500061035156,59.7599983215332,59.41999816894531,59.70000076293945,38351,0.0,0.0
2024-02-09 11:30:00-05:00,59.685001373291016,60.349998474121094,59.599998474121094,60.349998474121094,63513,0.0,0.0
2024-02-09 12:30:00-05:00,60.33000183105469,60.540000915527344,60.18000030517578,60.52000045776367,34305,0.0,0.0
2024-02-09 13:30:00-05:00,60.48500061035156,60.72999954223633,60.200199127197266,60.61000061035156,34502,0.0,0.0
2024-02-09 14:30:00-05:00,60.599998474121094,61.08000183105469,60.505001068115234,61.060001373291016,67926,0.0,0.0
2024-02-09 15:30:00-05:00,61.04999923706055,61.06999969482422,60.59749984741211,60.869998931884766,131245,0.0,0.0
2024-02-12 09:30:00-05:00,61.06999969482422,61.68000030517578,60.81740188598633,61.612998962402344,49102,0.0,0.0
2024-02-12 10:30:00-05:00,61.70500183105469,62.0,61.61000061035156,61.70000076293945,31314,0.0,0.0
2024-02-12 11:30:00-05:00,61.72999954223633,61.84000015258789,61.54999923706055,61.60559844970703,18102,0.0,0.0
2024-02-12 12:30:00-05:00,61.654998779296875,61.90999984741211,61.61000061035156,61.750099182128906,26053,0.0,0.0
2024-02-12 13:30:00-05:00,61.76129913330078,61.849998474121094,61.40999984741211,61.66999816894531,45167,0.0,0.0
2024-02-12 14:30:00-05:00,61.654998779296875,61.959999084472656,61.650001525878906,61.790000915527344,69529,0.0,0.0
2024-02-12 15:30:00-05:00,61.797000885009766,62.032501220703125,61.76499938964844,61.91999816894531,131244,0.0,0.0
2024-02-13 09:30:00-05:00,59.75,60.47999954223633,58.560001373291016,59.220001220703125,107661,0.0,0.0
2024-02-13 10:30:00-05:00,59.220001220703125,59.77000045776367,59.150001525878906,59.58000183105469,128672,0.0,0.0
2024-02-13 11:30:00-05:00,59.5099983215332,59.97999954223633,59.36000061035156,59.599998474121094,78882,0.0,0.0
2024-02-13 12:30:00-05:00,59.630001068115234,59.900001525878906,59.540000915527344,59.70000076293945,33515,0.0,0.0
2024-02-13 13:30:00-05:00,59.689998626708984,59.70000076293945,59.130001068115234,59.310001373291016,42265,0.0,0.0
2024-02-13 14:30:00-05:00,59.28200149536133,59.369998931884766,58.5099983215332,58.70000076293945,61154,0.0,0.0
2024-02-13 15:30:00-05:00,58.689998626708984,58.869998931884766,58.43000030517578,58.81100082397461,128028,0.0,0.0
2024-02-14 09:30:00-05:00,59.349998474121094,59.564998626708984,59.150001525878906,59.48500061035156,68583,0.0,0.0
2024-02-14 10:30:00-05:00,59.40999984741211,59.505001068115234,59.119998931884766,59.505001068115234,35801,0.0,0.0
2024-02-14 11:30:00-05:00,59.505001068115234,59.65999984741211,59.130001068115234,59.55500030517578,26656,0.0,0.0
2024-02-14 12:30:00-05:00,59.59000015258789,59.720001220703125,59.45000076293945,59.70000076293945,25498,0.0,0.0
2024-02-14 13:30:00-05:00,59.709999084472656,59.9900016784668,59.4900016784668,59.95000076293945,38002,0.0,0.0
2024-02-14 14:30:00-05:00,59.970001220703125,60.345001220703125,59.880001068115234,60.290000915527344,45714,0.0,0.0
2024-02-14 15:30:00-05:00,60.27000045776367,60.52000045776367,60.099998474121094,60.290000915527344,115395,0.0,0.0
2024-02-15 09:30:00-05:00,60.689998626708984,61.185001373291016,60.54999923706055,60.63999938964844,69224,0.0,0.0
2024-02-15 10:30:00-05:00,60.50600051879883,61.040000915527344,60.43000030517578,60.744998931884766,54489,0.0,0.0
2024-02-15 11:30:00-05:00,60.689998626708984,61.02000045776367,60.66999816894531,60.959999084472656,38874,0.0,0.0
2024-02-15 12:30:00-05:00,60.939998626708984,61.189998626708984,60.779998779296875,61.15999984741211,38236,0.0,0.0
2024-02-15 13:30:00-05:00,61.17499923706055,61.5,61.17499923706055,61.470001220703125,41519,0.0,0.0
2024-02-15 14:30:00-05:00,61.599998474121094,61.61000061035156,61.25,61.34000015258789,54951,0.0,0.0
2024-02-15 15:30:00-05:00,61.31999969482422,61.400001525878906,61.154998779296875,61.16999816894531,90009,0.0,0.0
2024-02-16 09:30:00-05:00,60.63999938964844,61.40999984741211,60.470001220703125,60.86000061035156,67443,0.0,0.0
2024-02-16 10:30:00-05:00,60.95000076293945,61.13999938964844,60.810001373291016,61.095001220703125,21598,0.0,0.0
2024-02-16 11:30:00-05:00,61.09000015258789,61.20000076293945,60.970001220703125,61.189998626708984,22366,0.0,0.0
2024-02-16 12:30:00-05:00,61.209999084472656,61.220001220703125,60.880001068115234,60.93000030517578,19838,0.0,0.0
2024-02-16 13:30:00-05:00,60.900001525878906,60.95000076293945,60.7400016784668,60.7400016784668,29934,0.0,0.0
2024-02-16 14:30:00-05:00,60.755001068115234,60.755001068115234,60.29999923706055,60.34000015258789,39049,0.0,0.0
2024-02-16 15:30:00-05:00,60.349998474121094,60.349998474121094,59.87300109863281,59.97999954223633,71208,0.0,0.0
2024-02-20 09:30:00-05:00,59.08000183105469,59.54499816894531,58.970001220703125,59.22999954223633,52042,0.0,0.0
2024-02-20 10:30:00-05:00,59.23500061035156,59.75,59.189998626708984,59.709999084472656,54284,0.0,0.0
2024-02-20 11:30:00-05:00,59.7400016784668,59.7400016784668,59.38999938964844,59.52000045776367,39462,0.0,0.0
2024-02-20 12:30:00-05:00,59.540000915527344,59.79499816894531,59.459999084472656,59.619998931884766,24404,0.0,0.0
2024-02-20 13:30:00-05:00,59.619998931884766,59.790000915527344,59.61000061035156,59.779998779296875,27110,0.0,0.0
2024-02-20 14:30:00-05:00,59.775001525878906,60.099998474121094,59.7400016784668,60.060001373291016,51776,0.0,0.0
2024-02-20 15:30:00-05:00,60.060001373291016,60.060001373291016,59.529998779296875,59.7599983215332,177279,0.0,0.0
2024-02-21 09:30:00-05:00,59.119998931884766,59.34000015258789,58.70000076293945,58.90999984741211,40592,0.0,0.0
2024-02-21 10:30:00-05:00,58.96329879760742,59.09000015258789,58.849998474121094,58.959999084472656,22000,0.0,0.0
2024-02-21 11:30:00-05:00,58.93000030517578,59.01499938964844,58.76499938964844,58.90999984741211,29200,0.0,0.0
2024-02-21 12:30:00-05:00,58.922000885009766,58.97999954223633,58.7400016784668,58.779998779296875,23146,0.0,0.0
2024-02-21 13:30:00-05:00,58.779998779296875,59.029998779296875,58.540000915527344,58.61000061035156,46449,0.0,0.0
2024-02-21 14:30:00-05:00,58.667999267578125,58.667999267578125,58.29999923706055,58.40399932861328,48018,0.0,0.0
2024-02-21 15:30:00-05:00,58.380001068115234,58.65999984741211,58.380001068115234,58.65999984741211,88168,0.0,0.0
2024-02-22 09:30:00-05:00,59.029998779296875,60.57500076293945,59.0099983215332,60.57500076293945,113770,0.0,0.0
2024-02-22 10:30:00-05:00,60.61000061035156,61.1599006652832,60.52000045776367,60.904998779296875,78140,0.0,0.0
2024-02-22 11:30:00-05:00,60.95000076293945,61.4900016784668,60.95000076293945,61.46500015258789,59098,0.0,0.0
2024-02-22 12:30:00-05:00,61.47999954223633,61.625,61.2400016784668,61.525001525878906,55186,0.0,0.0
2024-02-22 13:30:00-05:00,61.540000915527344,61.849998474121094,61.52000045776367,61.619998931884766,46867,0.0,0.0
2024-02-22 14:30:00-05:00,61.625,61.625,61.40999984741211,61.54999923706055,52177,0.0,0.0
2024-02-22 15:30:00-05:00,61.4900016784668,61.4900016784668,61.20000076293945,61.209999084472656,108490,0.0,0.0
2024-02-23 09:30:00-05:00,61.099998474121094,61.15999984741211,60.130001068115234,60.564998626708984,29317,0.0,0.0
2024-02-23 10:30:00-05:00,60.529998779296875,60.775001525878906,60.369998931884766,60.70500183105469,42367,0.0,0.0
2024-02-23 11:30:00-05:00,60.630001068115234,60.8849983215332,60.51499938964844,60.59000015258789,20310,0.0,0.0
2024-02-23 12:30:00-05:00,60.58000183105469,61.040000915527344,60.52000045776367,61.005001068115234,48048,0.0,0.0
2024-02-23 13:30:00-05:00,61.005001068115234,61.349998474121094,61.005001068115234,61.189998626708984,118484,0.0,0.0
2024-02-23 14:30:00-05:00,61.22999954223633,61.75,61.185001373291016,61.34000015258789,68404,0.0,0.0
2024-02-23 15:30:00-05:00,61.310001373291016,61.310001373291016,61.029998779296875,61.220001220703125,58362,0.0,0.0
2024-02-26 09:30:00-05:00,60.939998626708984,61.5099983215332,60.939998626708984,61.189998626708984,20067,0.0,0.0
2024-02-26 10:30:00-05:00,61.189998626708984,61.39500045776367,61.060001373291016,61.1150016784668,14062,0.0,0.0
2024-02-26 11:30:00-05:00,61.09000015258789,61.63999938964844,61.02000045776367,61.63999938964844,24750,0.0,0.0
2024-02-26 12:30:00-05:00,61.68000030517578,62.09000015258789,61.5099983215332,61.6349983215332,73498,0.0,0.0
2024-02-26 13:30:00-05:00,61.61000061035156,62.01499938964844,61.56999969482422,61.810001373291016,47948,0.0,0.0
2024-02-26 14:30:00-05:00,61.83000183105469,61.970001220703125,61.44499969482422,61.529998779296875,49443,0.0,0.0
2024-02-26 15:30:00-05:00,61.529998779296875,61.7400016784668,61.38999938964844,61.58000183105469,82157,0.0,0.0
2024-02-27 09:30:00-05:00,61.72999954223633,62.650001525878906,61.650001525878906,62.6150016784668,54042,0.0,0.0
2024-02-27 10:30:00-05:00,62.6150016784668,62.84000015258789,62.599998474121094,62.70000076293945,56488,0.0,0.0
2024-02-27 11:30:00-05:00,62.66999816894531,62.70000076293945,62.130001068115234,62.20000076293945,28546,0.0,0.0
2024-02-27 12:30:00-05:00,62.17499923706055,62.349998474121094,62.06930160522461,62.29499816894531,22726,0.0,0.0
2024-02-27 13:30:00-05:00,62.275001525878906,62.33000183105469,62.189998626708984,62.20000076293945,20794,0.0,0.0
2024-02-27 14:30:00-05:00,62.15999984741211,62.255001068115234,61.900001525878906,62.040000915527344,33908,0.0,0.0
2024-02-27 15:30:00-05:00,62.02000045776367,62.22480010986328,61.970001220703125,62.0,52871,0.0,0.0
2024-02-28 09:30:00-05:00,61.630001068115234,62.400001525878906,61.213199615478516,62.23400115966797,43410,0.0,0.0
2024-02-28 10:30:00-05:00,62.16999816894531,62.369998931884766,61.80500030517578,61.90999984741211,18833,0.0,0.0
2024-02-28 11:30:00-05:00,61.959999084472656,62.04130172729492,61.83700180053711,61.9900016784668,18130,0.0,0.0
2024-02-28 12:30:00-05:00,62.0,62.65999984741211,62.0,62.65999984741211,39097,0.0,0.0
2024-02-28 13:30:00-05:00,62.66999816894531,62.7599983215332,62.56999969482422,62.73500061035156,59437,0.0,0.0
2024-02-28 14:30:00-05:00,62.689998626708984,62.86000061035156,62.599998474121094,62.68000030517578,28568,0.0,0.0
2024-02-28 15:30:00-05:00,62.70000076293945,62.70800018310547,62.31999969482422,62.369998931884766,58271,0.0,0.0
2024-02-29 09:30:00-05:00,62.71500015258789,63.5,62.439998626708984,63.470001220703125,48800,0.0,0.0
2024-02-29 10:30:00-05:00,63.5,63.689998626708984,63.0,63.0,39390,0.0,0.0
2024-02-29 11:30:00-05:00,62.97999954223633,63.0,62.43000030517578,62.72999954223633,39587,0.0,0.0
2024-02-29 12:30:00-05:00,62.665000915527344,62.900001525878906,62.630001068115234,62.7400016784668,22902,0.0,0.0
2024-02-29 13:30:00-05:00,62.720001220703125,63.0,62.689998626708984,62.86000061035156,31884,0.0,0.0
2024-02-29 14:30:00-05:00,62.88520050048828,63.125,62.86000061035156,62.97999954223633,41998,0.0,0.0
2024-02-29 15:30:00-05:00,62.99800109863281,63.36000061035156,62.97999954223633,63.20000076293945,92017,0.0,0.0
2024-03-01 09:30:00-05:00,63.56999969482422,64.70500183105469,63.25,64.61000061035156,53338,0.0,0.0
2024-03-01 10:30:00-05:00,64.56500244140625,64.72560119628906,64.19920349121094,64.58999633789062,66642,0.0,0.0
2024-03-01 11:30:00-05:00,64.62999725341797,64.94000244140625,64.41000366210938,64.93000030517578,40214,0.0,0.0
2024-03-01 12:30:00-05:00,64.94999694824219,64.98999786376953,64.55560302734375,64.875,37207,0.0,0.0
2024-03-01 13:30:00-05:00,64.875,65.25,64.77999877929688,65.23500061035156,74196,0.0,0.0
2024-03-01 14:30:00-05:00,65.27999877929688,65.35929870605469,65.0,65.2300033569336,59301,0.0,0.0
2024-03-01 15:30:00-05:00,65.20500183105469,65.25,65.05000305175781,65.13999938964844,75427,0.0,0.0
2024-03-04 09:30:00-05:00,65.43000030517578,65.87000274658203,65.0250015258789,65.30000305175781,34607,0.0,0.0
2024-03-04 10:30:00-05:00,65.28500366210938,65.30000305175781,64.84500122070312,64.8499984741211,18802,0.0,0.0
2024-03-04 11:30:00-05:00,64.87999725341797,65.30999755859375,64.80000305175781,65.27999877929688,22491,0.0,0.0
2024-03-04 12:30:00-05:00,65.2699966430664,65.48999786376953,65.25,65.33999633789062,20138,0.0,0.0
2024-03-04 13:30:00-05:00,65.36000061035156,65.6500015258789,65.36000061035156,65.47000122070312,20806,0.0,0.0
2024-03-04 14:30:00-05:00,65.4800033569336,65.54000091552734,65.33000183105469,65.375,29414,0.0,0.0
2024-03-04 15:30:00-05:00,65.36499786376953,65.5999984741211,65.08999633789062,65.58999633789062,157614,0.0,0.0
2024-03-05 09:30:00-05:00,65.0,65.86000061035156,64.93000030517578,65.56999969482422,59135,0.0,0.0
2024-03-05 10:30:00-05:00,65.58000183105469,65.61000061035156,65.22010040283203,65.43499755859375,24550,0.0,0.0
2024-03-05 11:30:00-05:00,65.61000061035156,66.0999984741211,65.53500366210938,65.88999938964844,11634,0.0,0.0
2024-03-05 12:30:00-05:00,65.91000366210938,66.33000183105469,65.87999725341797,66.0199966430664,26468,0.0,0.0
2024-03-05 13:30:00-05:00,66.01000213623047,66.0614013671875,65.4749984741211,65.7699966430664,18020,0.0,0.0
2024-03-05 14:30:00-05:00,65.73999786376953,65.73999786376953,64.66999816894531,64.72000122070312,33499,0.0,0.0
2024-03-05 15:30:00-05:00,64.72000122070312,65.12000274658203,64.72000122070312,65.06999969482422,164784,0.0,0.0
2024-03-06 09:30:00-05:00,66.27999877929688,66.29000091552734,64.9000015258789,65.37999725341797,37310,0.0,0.0
2024-03-06 10:30:00-05:00,65.37000274658203,65.67500305175781,65.34500122070312,65.58499908447266,11172,0.0,0.0
2024-03-06 11:30:00-05:00,65.6449966430664,65.7300033569336,65.41000366210938,65.68000030517578,19178,0.0,0.0
2024-03-06 12:30:00-05:00,65.68000030517578,66.08000183105469,65.47000122070312,66.00499725341797,22734,0.0,0.0
2024-03-06 13:30:00-05:00,66.05000305175781,66.08000183105469,65.45999908447266,65.7750015258789,24332,0.0,0.0
2024-03-06 14:30:00-05:00,65.77999877929688,65.77999877929688,65.37999725341797,65.61499786376953,20654,0.0,0.0
2024-03-06 15:30:00-05:00,65.61499786376953,65.86900329589844,65.43499755859375,65.81999969482422,88577,0.0,0.0
2024-03-07 09:30:00-05:00,65.97000122070312,66.05000305175781,64.0,65.63500213623047,32458,0.0,0.0
2024-03-07 10:30:00-05:00,65.70999908447266,65.70999908447266,65.12000274658203,65.30000305175781,20002,0.0,0.0
2024-03-07 11:30:00-05:00,65.26000213623047,65.36000061035156,65.16500091552734,65.16500091552734,20059,0.0,0.0
2024-03-07 12:30:00-05:00,65.12999725341797,65.2699966430664,65.0199966430664,65.22000122070312,17112,0.0,0.0
2024-03-07 13:30:00-05:00,65.18000030517578,65.18000030517578,64.80000305175781,64.8949966430664,21476,0.0,0.0
2024-03-07 14:30:00-05:00,64.94000244140625,65.04000091552734,64.77999877929688,64.80000305175781,23177,0.0,0.0
2024-03-07 15:30:00-05:00,64.83999633789062,65.06999969482422,64.80999755859375,65.01000213623047,46035,0.0,0.0
2024-03-08 09:30:00-05:00,65.5199966430664,65.86000061035156,65.33000183105469,65.33000183105469,19935,0.0,0.0
2024-03-08 10:30:00-05:00,65.375,65.875,65.11000061035156,65.11000061035156,18900,0.0,0.0
2024-03-08 11:30:00-05:00,65.05000305175781,65.40499877929688,64.92500305175781,65.40499877929688,25241,0.0,0.0
2024-03-08 12:30:00-05:00,65.3949966430664,65.3949966430664,64.91500091552734,65.05999755859375,16308,0.0,0.0
2024-03-08 13:30:00-05:00,65.05999755859375,65.3595962524414,64.99500274658203,65.26000213623047,25997,0.0,0.0
2024-03-08 14:30:00-05:00,65.31999969482422,65.5999984741211,64.88999938964844,64.88999938964844,29348,0.0,0.0
2024-03-08 15:30:00-05:00,64.97000122070312,65.06999969482422,64.76000213623047,64.91000366210938,40545,0.0,0.0
2024-03-11 09:30:00-04:00,64.36000061035156,64.55999755859375,63.474300384521484,64.08000183105469,33345,0.0,0.0
2024-03-11 10:30:00-04:00,64.05000305175781,64.23999786376953,63.83000183105469,64.02999877929688,20769,0.0,0.0
2024-03-11 11:30:00-04:00,64.0199966430664,64.51000213623047,63.95000076293945,64.37169647216797,28589,0.0,0.0
2024-03-11 12:30:00-04:00,64.30999755859375,64.58000183105469,64.30999755859375,64.5199966430664,24662,0.0,0.0
2024-03-11 13:30:00-04:00,64.54499816894531,64.67500305175781,64.31999969482422,64.62000274658203,45651,0.0,0.0
2024-03-11 14:30:00-04:00,64.66999816894531,64.7699966430664,64.4800033569336,64.52999877929688,29513,0.0,0.0
2024-03-11 15:30:00-04:00,64.5,64.76000213623047,64.44499969482422,64.76000213623047,57254,0.0,0.0
2024-03-12 09:30:00-04:00,65.0,65.16999816894531,63.869998931884766,64.06999969482422,18437,0.0,0.0
2024-03-12 10:30:00-04:00,64.09500122070312,64.5199966430664,64.09500122070312,64.5199966430664,21031,0.0,0.0
2024-03-12 11:30:00-04:00,64.44999694824219,64.6500015258789,64.27999877929688,64.57499694824219,16659,0.0,0.0
2024-03-12 12:30:00-04:00,64.55500030517578,64.62000274658203,64.37999725341797,64.5,20499,0.0,0.0
2024-03-12 13:30:00-04:00,64.47000122070312,64.70999908447266,64.47000122070312,64.70999908447266,16006,0.0,0.0
2024-03-12 14:30:00-04:00,64.80000305175781,64.82499694824219,64.58000183105469,64.79000091552734,22129,0.0,0.0
2024-03-12 15:30:00-04:00,64.79000091552734,65.44000244140625,64.72000122070312,65.37999725341797,89563,0.0,0.0
2024-03-13 09:30:00-04:00,65.16999816894531,65.20999908447266,64.53289794921875,65.17500305175781,28966,0.0,0.0
2024-03-13 10:30:00-04:00,65.13999938964844,65.1500015258789,64.68000030517578,64.68000030517578,20636,0.0,0.0
2024-03-13 11:30:00-04:00,64.58000183105469,64.64749908447266,64.22000122070312,64.22000122070312,19735,0.0,0.0
2024-03-13 12:30:00-04:00,64.24500274658203,64.44000244140625,64.1500015258789,64.27999877929688,30191,0.0,0.0
2024-03-13 13:30:00-04:00,64.30999755859375,64.30999755859375,64.11000061035156,64.23999786376953,26488,0.0,0.0
2024-03-13 14:30:00-04:00,64.27999877929688,64.37000274658203,63.939998626708984,64.01499938964844,45156,0.0,0.0
2024-03-13 15:30:00-04:00,64.05000305175781,64.19999694824219,63.91999816894531,64.05000305175781,60702,0.0,0.0
2024-03-14 09:30:00-04:00,63.97999954223633,63.97999954223633,63.119998931884766,63.21500015258789,37215,0.0,0.0
2024-03-14 10:30:00-04:00,63.310001373291016,64.16999816894531,63.29999923706055,63.70100021362305,68613,0.0,0.0
2024-03-14 11:30:00-04:00,63.714599609375,63.880001068115234,63.54999923706055,63.702598571777344,24521,0.0,0.0
2024-03-14 12:30:00-04:00,63.720001220703125,63.75,63.40999984741211,63.474998474121094,17496,0.0,0.0
2024-03-14 13:30:00-04:00,63.45000076293945,63.673301696777344,63.380001068115234,63.380001068115234,24173,0.0,0.0
2024-03-14 14:30:00-04:00,63.369998931884766,63.380001068115234,62.61000061035156,62.689998626708984,48679,0.0,0.0
2024-03-14 15:30:00-04:00,62.689998626708984,63.130001068115234,62.630001068115234,63.130001068115234,63264,0.0,0.0
2024-03-15 09:30:00-04:00,61.81999969482422,62.09000015258789,59.0099983215332,59.290000915527344,218221,0.0,0.0
2024-03-15 10:30:00-04:00,59.279998779296875,60.130001068115234,59.279998779296875,59.83000183105469,112471,0.0,0.0
2024-03-15 11:30:00-04:00,59.810001373291016,59.902000427246094,58.84000015258789,59.005001068115234,51246,0.0,0.0
2024-03-15 12:30:00-04:00,59.005001068115234,59.72200012207031,58.900001525878906,59.470001220703125,39330,0.0,0.0
2024-03-15 13:30:00-04:00,59.47999954223633,59.75,59.31999969482422,59.52000045776367,31260,0.0,0.0
2024-03-15 14:30:00-04:00,59.4900016784668,59.68000030517578,59.400001525878906,59.630001068115234,52326,0.0,0.0
2024-03-15 15:30:00-04:00,59.630001068115234,59.6349983215332,59.2400016784668,59.58000183105469,294935,0.0,0.0
2024-03-18 09:30:00-04:00,60.0099983215332,60.2599983215332,59.3650016784668,59.43000030517578,43089,0.0,0.0
2024-03-18 10:30:00-04:00,59.45000076293945,59.810001373291016,59.27000045776367,59.51499938964844,80988,0.0,0.0
2024-03-18 11:30:00-04:00,59.47999954223633,59.93000030517578,59.40999984741211,59.93000030517578,35493,0.0,0.0
2024-03-18 12:30:00-04:00,59.88999938964844,59.939998626708984,59.540000915527344,59.65999984741211,35686,0.0,0.0
2024-03-18 13:30:00-04:00,59.630001068115234,59.709999084472656,59.470001220703125,59.560001373291016,38757,0.0,0.0
2024-03-18 14:30:00-04:00,59.540000915527344,59.720001220703125,59.279998779296875,59.290000915527344,58598,0.0,0.0
2024-03-18 15:30:00-04:00,59.220001220703125,59.279998779296875,58.775001525878906,58.83000183105469,123633,0.0,0.0
2024-03-19 09:30:00-04:00,58.810001373291016,59.45000076293945,58.810001373291016,59.14500045776367,34958,0.0,0.0
2024-03-19 10:30:00-04:00,59.150001525878906,59.29999923706055,59.060001373291016,59.16999816894531,38663,0.0,0.0
2024-03-19 11:30:00-04:00,59.209999084472656,59.540000915527344,59.150001525878906,59.39500045776367,36949,0.0,0.0
2024-03-19 12:30:00-04:00,59.38999938964844,59.61000061035156,59.2400016784668,59.334999084472656,35410,0.0,0.0
2024-03-19 13:30:00-04:00,59.36000061035156,59.36600112915039,59.150001525878906,59.31019973754883,21134,0.0,0.0
2024-03-19 14:30:00-04:00,59.33000183105469,59.4900016784668,59.220001220703125,59.47999954223633,36042,0.0,0.0
2024-03-19 15:30:00-04:00,59.494998931884766,59.494998931884766,59.15999984741211,59.27000045776367,60659,0.0,0.0
2024-03-20 09:30:00-04:00,58.93000030517578,59.61000061035156,58.91999816894531,59.52000045776367,45490,0.0,0.0
2024-03-20 10:30:00-04:00,59.5099983215332,60.01499938964844,59.189998626708984,59.9900016784668,46531,0.0,0.0
2024-03-20 11:30:00-04:00,59.959999084472656,59.97999954223633,59.220001220703125,59.34000015258789,29371,0.0,0.0
2024-03-20 12:30:00-04:00,59.349998474121094,59.349998474121094,59.06999969482422,59.06999969482422,15937,0.0,0.0
2024-03-20 13:30:00-04:00,59.08000183105469,60.02000045776367,58.994998931884766,59.54999923706055,34181,0.0,0.0
2024-03-20 14:30:00-04:00,59.61000061035156,60.28900146484375,59.14500045776367,60.28300094604492,77488,0.0,0.0
2024-03-20 15:30:00-04:00,60.31999969482422,60.4900016784668,59.90999984741211,60.09000015258789,111400,0.0,0.0
2024-03-21 09:30:00-04:00,60.529998779296875,60.98979949951172,60.52000045776367,60.88999938964844,27839,0.0,0.0
2024-03-21 10:30:00-04:00,60.83000183105469,61.29999923706055,60.81999969482422,61.209999084472656,30851,0.0,0.0
2024-03-21 11:30:00-04:00,61.21500015258789,61.525001525878906,61.21500015258789,61.29999923706055,18515,0.0,0.0
2024-03-21 12:30:00-04:00,61.310001373291016,61.349998474121094,61.150001525878906,61.244998931884766,22104,0.0,0.0
2024-03-21 13:30:00-04:00,61.26499938964844,61.390098571777344,61.26499938964844,61.369998931884766,18648,0.0,0.0
2024-03-21 14:30:00-04:00,61.345001220703125,61.709999084472656,61.11000061035156,61.709999084472656,31759,0.0,0.0
2024-03-21 15:30:00-04:00,61.70000076293945,61.709999084472656,61.279998779296875,61.279998779296875,64565,0.0,0.0
2024-03-22 09:30:00-04:00,61.38999938964844,61.38999938964844,60.720001220703125,60.98500061035156,30594,0.0,0.0
2024-03-22 10:30:00-04:00,60.939998626708984,60.939998626708984,60.45000076293945,60.56999969482422,17856,0.0,0.0
2024-03-22 11:30:00-04:00,60.560001373291016,60.560001373291016,60.22999954223633,60.380001068115234,22859,0.0,0.0
2024-03-22 12:30:00-04:00,60.380001068115234,60.630001068115234,60.34000015258789,60.630001068115234,22516,0.0,0.0
2024-03-22 13:30:00-04:00,60.599998474121094,60.599998474121094,60.459999084472656,60.56999969482422,15297,0.0,0.0
2024-03-22 14:30:00-04:00,60.55500030517578,60.56999969482422,60.380001068115234,60.53499984741211,39529,0.0,0.0
2024-03-22 15:30:00-04:00,60.540000915527344,60.709999084472656,60.47650146484375,60.54999923706055,52746,0.0,0.0
2024-03-25 09:30:00-04:00,60.56999969482422,60.70000076293945,60.25,60.27000045776367,15871,0.0,0.0
2024-03-25 10:30:00-04:00,60.275001525878906,60.70000076293945,60.209999084472656,60.64500045776367,28646,0.0,0.0
2024-03-25 11:30:00-04:00,60.6349983215332,60.68989944458008,60.45000076293945,60.58000183105469,14598,0.0,0.0
2024-03-25 12:30:00-04:00,60.560001373291016,60.68000030517578,60.41999816894531,60.525001525878906,14378,0.0,0.0
2024-03-25 13:30:00-04:00,60.54999923706055,60.689998626708984,60.54999923706055,60.63999938964844,23568,0.0,0.0
2024-03-25 14:30:00-04:00,60.619998931884766,60.619998931884766,60.22999954223633,60.25,16307,0.0,0.0
2024-03-25 15:30:00-04:00,60.20000076293945,60.31999969482422,60.13999938964844,60.13999938964844,36713,0.0,0.0
2024-03-26 09:30:00-04:00,60.61000061035156,61.154998779296875,60.41999816894531,60.51499938964844,20140,0.0,0.0
2024-03-26 10:30:00-04:00,60.459999084472656,60.72999954223633,60.45000076293945,60.5,17285,0.0,0.0
2024-03-26 11:30:00-04:00,60.459999084472656,60.70000076293945,60.40999984741211,60.68000030517578,13296,0.0,0.0
2024-03-26 12:30:00-04:00,60.650001525878906,60.84000015258789,60.650001525878906,60.77619934082031,14002,0.0,0.0
2024-03-26 13:30:00-04:00,60.869998931884766,60.915000915527344,60.650001525878906,60.81999969482422,14562,0.0,0.0
2024-03-26 14:30:00-04:00,60.810001373291016,60.810001373291016,60.5099983215332,60.625,19878,0.0,0.0
2024-03-26 15:30:00-04:00,60.61000061035156,60.70500183105469,60.38999938964844,60.5,57575,0.0,0.0
2024-03-27 09:30:00-04:00,60.959999084472656,61.34000015258789,60.81999969482422,61.34000015258789,18229,0.0,0.0
2024-03-27 10:30:00-04:00,61.41999816894531,62.16999816894531,61.41999816894531,61.970001220703125,28989,0.0,0.0
2024-03-27 11:30:00-04:00,61.94499969482422,61.970001220703125,61.689998626708984,61.79999923706055,17851,0.0,0.0
2024-03-27 12:30:00-04:00,61.849998474121094,61.9900016784668,61.68000030517578,61.80500030517578,12257,0.0,0.0
2024-03-27 13:30:00-04:00,61.829200744628906,62.150001525878906,61.79999923706055,62.14500045776367,17397,0.0,0.0
2024-03-27 14:30:00-04:00,62.099998474121094,62.189998626708984,62.0,62.09000015258789,26160,0.0,0.0
2024-03-27 15:30:00-04:00,62.084999084472656,62.314998626708984,62.04100036621094,62.119998931884766,48199,0.0,0.0
2024-03-28 09:30:00-04:00,62.20000076293945,62.619998931884766,61.850101470947266,61.850101470947266,21771,0.0,0.0
2024-03-28 10:30:00-04:00,61.915000915527344,62.13999938964844,61.85499954223633,62.10749816894531,19014,0.0,0.0
2024-03-28 11:30:00-04:00,62.22999954223633,62.369998931884766,61.92499923706055,62.0,12161,0.0,0.0
2024-03-28 12:30:00-04:00,61.97999954223633,61.97999954223633,61.72999954223633,61.779998779296875,10928,0.0,0.0
2024-03-28 13:30:00-04:00,61.779998779296875,62.029998779296875,61.75,61.97760009765625,20823,0.0,0.0
2024-03-28 14:30:00-04:00,61.94499969482422,62.209999084472656,61.939998626708984,62.189998626708984,20604,0.0,0.0
2024-03-28 15:30:00-04:00,62.220001220703125,62.3650016784668,62.060001373291016,62.13999938964844,38961,0.0,0.0
2024-04-01 09:30:00-04:00,61.9900016784668,62.709999084472656,61.77000045776367,61.77000045776367,25988,0.0,0.0
2024-04-01 10:30:00-04:00,61.66999816894531,62.040000915527344,61.65999984741211,61.96989822387695,11244,0.0,0.0
2024-04-01 11:30:00-04:00,61.970001220703125,62.02000045776367,61.619998931884766,61.959999084472656,20142,0.0,0.0
2024-04-01 12:30:00-04:00,61.91999816894531,61.91999816894531,61.5,61.59000015258789,16091,0.0,0.0
2024-04-01 13:30:00-04:00,61.560001373291016,61.74319839477539,61.54999923706055,61.595001220703125,13910,0.0,0.0
2024-04-01 14:30:00-04:00,61.540000915527344,61.65999984741211,61.459999084472656,61.54999923706055,19764,0.0,0.0
2024-04-01 15:30:00-04:00,61.4900016784668,61.529998779296875,61.290000915527344,61.38999938964844,41805,0.0,0.0
2024-04-02 09:30:00-04:00,60.88999938964844,60.88999938964844,60.150001525878906,60.185001373291016,16909,0.0,0.0
2024-04-02 10:30:00-04:00,60.26750183105469,60.494998931884766,60.2411003112793,60.4900016784668,16222,0.0,0.0
2024-04-02 11:30:00-04:00,60.439998626708984,60.48500061035156,60.220001220703125,60.369998931884766,15513,0.0,0.0
2024-04-02 12:30:00-04:00,60.33000183105469,60.429901123046875,60.279998779296875,60.31999969482422,14627,0.0,0.0
2024-04-02 13:30:00-04:00,60.290000915527344,60.51499938964844,60.22999954223633,60.51499938964844,14488,0.0,0.0
2024-04-02 14:30:00-04:00,60.505001068115234,60.58000183105469,60.380001068115234,60.560001373291016,21685,0.0,0.0
2024-04-02 15:30:00-04:00,60.560001373291016,60.869998931884766,60.52000045776367,60.81999969482422,56323,0.0,0.0
2024-04-03 09:30:00-04:00,60.119998931884766,61.029998779296875,60.11000061035156,60.900001525878906,19018,0.0,0.0
2024-04-03 10:30:00-04:00,61.005001068115234,61.36000061035156,61.005001068115234,61.27000045776367,10761,0.0,0.0
2024-04-03 11:30:00-04:00,61.3849983215332,61.39500045776367,61.13999938964844,61.2599983215332,7796,0.0,0.0
2024-04-03 12:30:00-04:00,61.3650016784668,61.4552001953125,61.17499923706055,61.4552001953125,8172,0.0,0.0
2024-04-03 13:30:00-04:00,61.380001068115234,61.66999816894531,61.36000061035156,61.52000045776367,17097,0.0,0.0
2024-04-03 14:30:00-04:00,61.46500015258789,61.46500015258789,61.130001068115234,61.15999984741211,16261,0.0,0.0
2024-04-03 15:30:00-04:00,61.16999816894531,61.369998931884766,60.939998626708984,60.939998626708984,65654,0.0,0.0
2024-04-04 09:30:00-04:00,61.779998779296875,62.310001373291016,61.36000061035156,61.54999923706055,27332,0.0,0.0
2024-04-04 10:30:00-04:00,61.68000030517578,61.73529815673828,61.1349983215332,61.13750076293945,15207,0.0,0.0
2024-04-04 11:30:00-04:00,61.130001068115234,61.15999984741211,60.90999984741211,61.06999969482422,22027,0.0,0.0
2024-04-04 12:30:00-04:00,61.060001373291016,61.220001220703125,60.880001068115234,61.08000183105469,17947,0.0,0.0
2024-04-04 13:30:00-04:00,61.06999969482422,61.06999969482422,60.48500061035156,60.48500061035156,38988,0.0,0.0
2024-04-04 14:30:00-04:00,60.45000076293945,60.459999084472656,59.439998626708984,59.439998626708984,40031,0.0,0.0
2024-04-04 15:30:00-04:00,59.470001220703125,59.56999969482422,58.810001373291016,59.34000015258789,144536,0.0,0.0
2024-04-05 09:30:00-04:00,59.34000015258789,59.88999938964844,59.150901794433594,59.51499938964844,21773,0.0,0.0
2024-04-05 10:30:00-04:00,59.58000183105469,59.84000015258789,59.5099983215332,59.80500030517578,20754,0.0,0.0
2024-04-05 11:30:00-04:00,59.810001373291016,60.290000915527344,59.79999923706055,60.26499938964844,22065,0.0,0.0
2024-04-05 12:30:00-04:00,60.26499938964844,60.375,59.94499969482422,59.94499969482422,16864,0.0,0.0
2024-04-05 13:30:00-04:00,59.939998626708984,59.95000076293945,59.6150016784668,59.75,17979,0.0,0.0
2024-04-05 14:30:00-04:00,59.71500015258789,59.959999084472656,59.70000076293945,59.95500183105469,21914,0.0,0.0
2024-04-05 15:30:00-04:00,59.959999084472656,60.31999969482422,59.959999084472656,59.970001220703125,73982,0.0,0.0
2024-04-08 09:30:00-04:00,60.5,60.75,60.22999954223633,60.40999984741211,18762,0.0,0.0
2024-04-08 10:30:00-04:00,60.560001373291016,60.77000045776367,60.5,60.5,11588,0.0,0.0
2024-04-08 11:30:00-04:00,60.599300384521484,60.70000076293945,60.45000076293945,60.619998931884766,13689,0.0,0.0
2024-04-08 12:30:00-04:00,60.61000061035156,60.869998931884766,60.540000915527344,60.75,14602,0.0,0.0
2024-04-08 13:30:00-04:00,60.70000076293945,60.75,60.630001068115234,60.65999984741211,11472,0.0,0.0
2024-04-08 14:30:00-04:00,60.61000061035156,60.75,60.529998779296875,60.75,18337,0.0,0.0
2024-04-08 15:30:00-04:00,60.71500015258789,60.7599983215332,60.31999969482422,60.31999969482422,31679,0.0,0.0
2024-04-09 09:30:00-04:00,60.619998931884766,60.6349983215332,60.13999938964844,60.13999938964844,24082,0.0,0.0
2024-04-09 10:30:00-04:00,59.86000061035156,59.86000061035156,59.48500061035156,59.80500030517578,19476,0.0,0.0
2024-04-09 11:30:00-04:00,59.7400016784668,59.91999816894531,59.584999084472656,59.85499954223633,40685,0.0,0.0
2024-04-09 12:30:00-04:00,59.81999969482422,60.044700622558594,59.779998779296875,59.959999084472656,18714,0.0,0.0
2024-04-09 13:30:00-04:00,59.95500183105469,60.04999923706055,59.65999984741211,59.66999816894531,26476,0.0,0.0
2024-04-09 14:30:00-04:00,59.599998474121094,59.6150016784668,59.310001373291016,59.599998474121094,54357,0.0,0.0
2024-04-09 15:30:00-04:00,59.57500076293945,59.65999984741211,59.18000030517578,59.2400016784668,115680,0.0,0.0
2024-04-10 09:30:00-04:00,57.9900016784668,59.15999984741211,57.9900016784668,59.040000915527344,54744,0.0,0.0
2024-04-10 10:30:00-04:00,59.029998779296875,59.11000061035156,58.560001373291016,59.099998474121094,42490,0.0,0.0
2024-04-10 11:30:00-04:00,59.0,59.04499816894531,58.540000915527344,58.72999954223633,55122,0.0,0.0
2024-04-10 12:30:00-04:00,58.63999938964844,58.93000030517578,58.47999954223633,58.77000045776367,48015,0.0,0.0
2024-04-10 13:30:00-04:00,58.65999984741211,58.72999954223633,58.33100128173828,58.459999084472656,42043,0.0,0.0
2024-04-10 14:30:00-04:00,58.40999984741211,59.279998779296875,58.29999923706055,58.63999938964844,70936,0.0,0.0
2024-04-10 15:30:00-04:00,58.48500061035156,58.529998779296875,58.29999923706055,58.439998626708984,58645,0.0,0.0
2024-04-11 09:30:00-04:00,59.029998779296875,59.18989944458008,58.599998474121094,58.599998474121094,37029,0.0,0.0
2024-04-11 10:30:00-04:00,58.625,58.7400016784668,58.5099983215332,58.529998779296875,15828,0.0,0.0
2024-04-11 11:30:00-04:00,58.590599060058594,59.029998779296875,58.590599060058594,58.70000076293945,14855,0.0,0.0
2024-04-11 12:30:00-04:00,58.69499969482422,59.029998779296875,58.65999984741211,58.959999084472656,14237,0.0,0.0
2024-04-11 13:30:00-04:00,58.974700927734375,59.04999923706055,58.72999954223633,58.94499969482422,17287,0.0,0.0
2024-04-11 14:30:00-04:00,58.959999084472656,59.06999969482422,58.90999984741211,59.03499984741211,19796,0.0,0.0
2024-04-11 15:30:00-04:00,59.0,59.220001220703125,58.86000061035156,59.15999984741211,49435,0.0,0.0
2024-04-12 09:30:00-04:00,58.75,59.13999938964844,58.040000915527344,58.23500061035156,21424,0.0,0.0
2024-04-12 10:30:00-04:00,58.25,58.459999084472656,58.20000076293945,58.310001373291016,15446,0.0,0.0
2024-04-12 11:30:00-04:00,58.36000061035156,58.400001525878906,58.189998626708984,58.34939956665039,11291,0.0,0.0
2024-04-12 12:30:00-04:00,58.34000015258789,58.34000015258789,58.040000915527344,58.064998626708984,23361,0.0,0.0
2024-04-12 13:30:00-04:00,58.099998474121094,58.2599983215332,58.029998779296875,58.08000183105469,17822,0.0,0.0
2024-04-12 14:30:00-04:00,58.040000915527344,58.13999938964844,57.95000076293945,58.0099983215332,27804,0.0,0.0
2024-04-12 15:30:00-04:00,58.005001068115234,58.18000030517578,58.0,58.18000030517578,38367,0.0,0.0
2024-04-15 09:30:00-04:00,58.5,59.13999938964844,58.0099983215332,58.08000183105469,18473,0.0,0.0
2024-04-15 10:30:00-04:00,57.95000076293945,58.130001068115234,57.779998779296875,57.90999984741211,18764,0.0,0.0
2024-04-15 11:30:00-04:00,58.01499938964844,58.369998931884766,58.01499938964844,58.099998474121094,24147,0.0,0.0
2024-04-15 12:30:00-04:00,58.125,58.2599983215332,57.849998474121094,57.849998474121094,14206,0.0,0.0
2024-04-15 13:30:00-04:00,57.79499816894531,58.099998474121094,57.75,58.06999969482422,44854,0.0,0.0
2024-04-15 14:30:00-04:00,58.04999923706055,58.13999938964844,57.83000183105469,57.91999816894531,56531,0.0,0.0
2024-04-15 15:30:00-04:00,57.994998931884766,58.369998931884766,57.97999954223633,58.31999969482422,59901,0.0,0.0
2024-04-16 09:30:00-04:00,57.9900016784668,58.130001068115234,57.6349983215332,58.11000061035156,29693,0.0,0.0
2024-04-16 10:30:00-04:00,57.82500076293945,58.25,57.79999923706055,58.185001373291016,22004,0.0,0.0
2024-04-16 11:30:00-04:00,58.209999084472656,58.30080032348633,58.025001525878906,58.21500015258789,17479,0.0,0.0
2024-04-16 12:30:00-04:00,58.21500015258789,58.43000030517578,58.189998626708984,58.255001068115234,17836,0.0,0.0
2024-04-16 13:30:00-04:00,58.08000183105469,58.41999816894531,57.880001068115234,58.029998779296875,18079,0.0,0.0
2024-04-16 14:30:00-04:00,58.022499084472656,58.28499984741211,58.022499084472656,58.22999954223633,18970,0.0,0.0
2024-04-16 15:30:00-04:00,58.099998474121094,58.19499969482422,57.88999938964844,57.90999984741211,49907,0.0,0.0
2024-04-17 09:30:00-04:00,58.54999923706055,58.630001068115234,57.939998626708984,58.630001068115234,37587,0.0,0.0
2024-04-17 10:30:00-04:00,58.459999084472656,58.67499923706055,58.3849983215332,58.54999923706055,26921,0.0,0.0
2024-04-17 11:30:00-04:00,58.560001373291016,58.63999938964844,58.119998931884766,58.334999084472656,26309,0.0,0.0
2024-04-17 12:30:00-04:00,58.334999084472656,58.779998779296875,58.2400016784668,58.779998779296875,37010,0.0,0.0
2024-04-17 13:30:00-04:00,58.84000015258789,58.86000061035156,58.45000076293945,58.54999923706055,29721,0.0,0.0
2024-04-17 14:30:00-04:00,58.51499938964844,58.68000030517578,58.36000061035156,58.36000061035156,40739,0.0,0.0
2024-04-17 15:30:00-04:00,58.38999938964844,58.560001373291016,58.30500030517578,58.39950180053711,56556,0.0,0.0
2024-04-18 09:30:00-04:00,58.61000061035156,58.95000076293945,58.08000183105469,58.89500045776367,27512,0.0,0.0
2024-04-18 10:30:00-04:00,58.935001373291016,59.29999923706055,58.91999816894531,59.064998626708984,24200,0.0,0.0
2024-04-18 11:30:00-04:00,58.97999954223633,58.97999954223633,58.630001068115234,58.79999923706055,14115,0.0,0.0
2024-04-18 12:30:00-04:00,58.79999923706055,58.79999923706055,58.150001525878906,58.23500061035156,19502,0.0,0.0
2024-04-18 13:30:00-04:00,58.20000076293945,58.249000549316406,57.95000076293945,57.98500061035156,17743,0.0,0.0
2024-04-18 14:30:00-04:00,57.91999816894531,58.22999954223633,57.84000015258789,58.22999954223633,20853,0.0,0.0
2024-04-18 15:30:00-04:00,58.2400016784668,58.470001220703125,58.060001373291016,58.2599983215332,70690,0.0,0.0
2024-04-19 09:30:00-04:00,57.939998626708984,58.790000915527344,57.939998626708984,58.73500061035156,38624,0.0,0.0
2024-04-19 10:30:00-04:00,58.744998931884766,58.779998779296875,58.404998779296875,58.525001525878906,27413,0.0,0.0
2024-04-19 11:30:00-04:00,58.525001525878906,58.650001525878906,57.97999954223633,58.04999923706055,27201,0.0,0.0
2024-04-19 12:30:00-04:00,58.04999923706055,58.36000061035156,58.0099983215332,58.07500076293945,25708,0.0,0.0
2024-04-19 13:30:00-04:00,58.060001373291016,58.30500030517578,57.810001373291016,57.810001373291016,33615,0.0,0.0
2024-04-19 14:30:00-04:00,57.88999938964844,58.03499984741211,57.65999984741211,57.97999954223633,66195,0.0,0.0
2024-04-19 15:30:00-04:00,58.0,58.0099983215332,57.689998626708984,57.84000015258789,91440,0.0,0.0
2024-04-22 09:30:00-04:00,58.189998626708984,58.459999084472656,57.724998474121094,58.06999969482422,52724,0.0,0.0
2024-04-22 10:30:00-04:00,58.1349983215332,58.58000183105469,57.790000915527344,58.404998779296875,79179,0.0,0.0
2024-04-22 11:30:00-04:00,58.38999938964844,58.810001373291016,58.22999954223633,58.72999954223633,25916,0.0,0.0
2024-04-22 12:30:00-04:00,58.71500015258789,58.95000076293945,58.709999084472656,58.93000030517578,44089,0.0,0.0
2024-04-22 13:30:00-04:00,58.9900016784668,59.209999084472656,58.880001068115234,59.11000061035156,22730,0.0,0.0
2024-04-22 14:30:00-04:00,59.150001525878906,59.25,58.810001373291016,58.842498779296875,24734,0.0,0.0
2024-04-22 15:30:00-04:00,58.814998626708984,58.83000183105469,58.5,58.7599983215332,76244,0.0,0.0
2024-04-23 09:30:00-04:00,58.5,59.83000183105469,57.790000915527344,59.83000183105469,19518,0.0,0.0
2024-04-23 10:30:00-04:00,59.8849983215332,60.5,59.810001373291016,60.44660186767578,41819,0.0,0.0
2024-04-23 11:30:00-04:00,60.439998626708984,60.5,60.279998779296875,60.5,24275,0.0,0.0
2024-04-23 12:30:00-04:00,60.540000915527344,60.88999938964844,60.470001220703125,60.88999938964844,70905,0.0,0.0
2024-04-23 13:30:00-04:00,60.84000015258789,61.33000183105469,60.790000915527344,61.279998779296875,51063,0.0,0.0
2024-04-23 14:30:00-04:00,61.279998779296875,61.38999938964844,61.060001373291016,61.244998931884766,59206,0.0,0.0
2024-04-23 15:30:00-04:00,61.143001556396484,61.30500030517578,60.970001220703125,60.970001220703125,81509,0.0,0.0
2024-04-24 09:30:00-04:00,60.88999938964844,62.189998626708984,60.88999938964844,61.599998474121094,45509,0.0,0.0
2024-04-24 10:30:00-04:00,61.4900016784668,61.4900016784668,60.93069839477539,61.13999938964844,34484,0.0,0.0
2024-04-24 11:30:00-04:00,61.20000076293945,61.43000030517578,61.0,61.220001220703125,28681,0.0,0.0
2024-04-24 12:30:00-04:00,61.18000030517578,61.66999816894531,61.165000915527344,61.66999816894531,29032,0.0,0.0
2024-04-24 13:30:00-04:00,61.630001068115234,61.83000183105469,61.56999969482422,61.599998474121094,38714,0.0,0.0
2024-04-24 14:30:00-04:00,61.439998626708984,61.47999954223633,61.099998474121094,61.400001525878906,39382,0.0,0.0
2024-04-24 15:30:00-04:00,61.310001373291016,61.70000076293945,61.310001373291016,61.66999816894531,59893,0.0,0.0
2024-04-25 09:30:00-04:00,61.029998779296875,61.97999954223633,60.650001525878906,61.97999954223633,37055,0.0,0.0
2024-04-25 10:30:00-04:00,61.93600082397461,62.31999969482422,61.900001525878906,62.099998474121094,60636,0.0,0.0
2024-04-25 11:30:00-04:00,62.095001220703125,62.165000915527344,61.8849983215332,62.060001373291016,34322,0.0,0.0
2024-04-25 12:30:00-04:00,62.040000915527344,62.32500076293945,61.97999954223633,62.220001220703125,28356,0.0,0.0
2024-04-25 13:30:00-04:00,62.209999084472656,62.4900016784668,62.209999084472656,62.349998474121094,25579,0.0,0.0
2024-04-25 14:30:00-04:00,62.310001373291016,62.7599983215332,62.310001373291016,62.7400016784668,28216,0.0,0.0
2024-04-25 15:30:00-04:00,62.72999954223633,62.84000015258789,62.630001068115234,62.70000076293945,72588,0.0,0.0
2024-04-26 09:30:00-04:00,62.720001220703125,63.380001068115234,62.56269836425781,62.959999084472656,28702,0.0,0.0
2024-04-26 10:30:00-04:00,62.91999816894531,63.439998626708984,62.86000061035156,62.86000061035156,43961,0.0,0.0
2024-04-26 11:30:00-04:00,62.83000183105469,62.904998779296875,62.67499923706055,62.744998931884766,28303,0.0,0.0
2024-04-26 12:30:00-04:00,62.73500061035156,63.25,62.73500061035156,63.20000076293945,29262,0.0,0.0
2024-04-26 13:30:00-04:00,63.13999938964844,63.16999816894531,62.9900016784668,62.9900016784668,19112,0.0,0.0
2024-04-26 14:30:00-04:00,63.0,63.41999816894531,62.91999816894531,63.25,52331,0.0,0.0
2024-04-26 15:30:00-04:00,63.22999954223633,63.34000015258789,62.95000076293945,62.95000076293945,105851,0.0,0.0
2024-04-29 09:30:00-04:00,63.0099983215332,63.880001068115234,63.0099983215332,63.619998931884766,32612,0.0,0.0
2024-04-29 10:30:00-04:00,63.599998474121094,63.81999969482422,63.470001220703125,63.775001525878906,27836,0.0,0.0
2024-04-29 11:30:00-04:00,63.67499923706055,63.720001220703125,63.29999923706055,63.33000183105469,31175,0.0,0.0
2024-04-29 12:30:00-04:00,63.349998474121094,63.900001525878906,63.33000183105469,63.880001068115234,60135,0.0,0.0
2024-04-29 13:30:00-04:00,63.849998474121094,64.20999908447266,63.81999969482422,64.20999908447266,62455,0.0,0.0
2024-04-29 14:30:00-04:00,64.21499633789062,64.33999633789062,63.97999954223633,64.0199966430664,105459,0.0,0.0
2024-04-29 15:30:00-04:00,64.0199966430664,64.16999816894531,63.79999923706055,64.08000183105469,169967,0.0,0.0
2024-04-30 09:30:00-04:00,57.52000045776367,64.69049835205078,57.52000045776367,63.34000015258789,203055,0.0,0.0
2024-04-30 10:30:00-04:00,63.28499984741211,63.439998626708984,61.224998474121094,61.224998474121094,144847,0.0,0.0
2024-04-30 11:30:00-04:00,61.470001220703125,61.630001068115234,60.79999923706055,61.185001373291016,77030,0.0,0.0
2024-04-30 12:30:00-04:00,61.220001220703125,61.560001373291016,60.942501068115234,61.02000045776367,144243,0.0,0.0
2024-04-30 13:30:00-04:00,61.02000045776367,62.08000183105469,60.869998931884766,61.63999938964844,168720,0.0,0.0
2024-04-30 14:30:00-04:00,61.584999084472656,61.83000183105469,60.79999923706055,60.810001373291016,136468,0.0,0.0
2024-04-30 15:30:00-04:00,60.845001220703125,61.16999816894531,60.540000915527344,60.66999816894531,197110,0.0,0.0
2024-05-01 09:30:00-04:00,60.099998474121094,60.959999084472656,59.40999984741211,59.970001220703125,69289,0.0,0.0
2024-05-01 10:30:00-04:00,59.9900016784668,60.2599983215332,59.78499984741211,60.2599983215332,33837,0.0,0.0
2024-05-01 11:30:00-04:00,60.20500183105469,60.709999084472656,59.959999084472656,60.630001068115234,36947,0.0,0.0
2024-05-01 12:30:00-04:00,60.6349983215332,60.810001373291016,60.099998474121094,60.130001068115234,31186,0.0,0.0
2024-05-01 13:30:00-04:00,60.040000915527344,60.779998779296875,59.96500015258789,60.4900016784668,31222,0.0,0.0
2024-05-01 14:30:00-04:00,60.41999816894531,61.84000015258789,60.189998626708984,61.755001068115234,89560,0.0,0.0
2024-05-01 15:30:00-04:00,61.755001068115234,61.755001068115234,60.72999954223633,60.95000076293945,143112,0.0,0.0
2024-05-02 09:30:00-04:00,61.959999084472656,62.150001525878906,60.540000915527344,60.73500061035156,19810,0.0,0.0
2024-05-02 10:30:00-04:00,60.650001525878906,61.33000183105469,60.560001373291016,61.314998626708984,23716,0.0,0.0
2024-05-02 11:30:00-04:00,61.310001373291016,61.3650016784668,61.029998779296875,61.029998779296875,19583,0.0,0.0
2024-05-02 12:30:00-04:00,61.119998931884766,61.119998931884766,60.68000030517578,61.02000045776367,23148,0.0,0.0
2024-05-02 13:30:00-04:00,61.0,61.0,60.58000183105469,60.86000061035156,25083,0.0,0.0
2024-05-02 14:30:00-04:00,60.84000015258789,61.459999084472656,60.79999923706055,61.34000015258789,25154,0.0,0.0
2024-05-02 15:30:00-04:00,61.3849983215332,61.529998779296875,61.130001068115234,61.529998779296875,57192,0.0,0.0
2024-05-03 09:30:00-04:00,62.41999816894531,62.41999816894531,61.5099983215332,61.61000061035156,19957,0.0,0.0
2024-05-03 10:30:00-04:00,61.56999969482422,61.56999969482422,61.224998474121094,61.31999969482422,24853,0.0,0.0
2024-05-03 11:30:00-04:00,61.27000045776367,61.50659942626953,60.96500015258789,61.279998779296875,24993,0.0,0.0
2024-05-03 12:30:00-04:00,61.334999084472656,61.34000015258789,60.73500061035156,60.790000915527344,26383,0.0,0.0
2024-05-03 13:30:00-04:00,60.779998779296875,61.36000061035156,60.709999084472656,61.29999923706055,29054,0.0,0.0
2024-05-03 14:30:00-04:00,61.33000183105469,61.400001525878906,61.13999938964844,61.400001525878906,24330,0.0,0.0
2024-05-03 15:30:00-04:00,61.40999984741211,61.790000915527344,61.31999969482422,61.72999954223633,45929,0.0,0.0
2024-05-06 09:30:00-04:00,62.119998931884766,63.38999938964844,62.119998931884766,63.10499954223633,19884,0.0,0.0
2024-05-06 10:30:00-04:00,63.165000915527344,63.4900016784668,61.7599983215332,63.18000030517578,17263,0.0,0.0
2024-05-06 11:30:00-04:00,63.12070083618164,63.27000045776367,62.849998474121094,62.849998474121094,18048,0.0,0.0
2024-05-06 12:30:00-04:00,62.88999938964844,63.13999938964844,62.720001220703125,63.13999938964844,17862,0.0,0.0
2024-05-06 13:30:00-04:00,63.130001068115234,63.25,62.93000030517578,63.25,26193,0.0,0.0
2024-05-06 14:30:00-04:00,63.290000915527344,63.400001525878906,63.220001220703125,63.33000183105469,26089,0.0,0.0
2024-05-06 15:30:00-04:00,63.31999969482422,63.630001068115234,63.310001373291016,63.54999923706055,49483,0.0,0.0
2024-05-07 09:30:00-04:00,63.5,64.54750061035156,63.4900016784668,64.4800033569336,30519,0.0,0.0
2024-05-07 10:30:00-04:00,64.4000015258789,64.79000091552734,64.30000305175781,64.52999877929688,30548,0.0,0.0
2024-05-07 11:30:00-04:00,64.49500274658203,64.5999984741211,64.34500122070312,64.41000366210938,20733,0.0,0.0
2024-05-07 12:30:00-04:00,64.41000366210938,64.625,64.33000183105469,64.5199966430664,20167,0.0,0.0
2024-05-07 13:30:00-04:00,64.5199966430664,64.63999938964844,64.37000274658203,64.4000015258789,22064,0.0,0.0
2024-05-07 14:30:00-04:00,64.4000015258789,64.52999877929688,64.33999633789062,64.40499877929688,29259,0.0,0.0
2024-05-07 15:30:00-04:00,64.3499984741211,64.41000366210938,64.05999755859375,64.16000366210938,60457,0.0,0.0
2024-05-08 09:30:00-04:00,63.720001220703125,64.69000244140625,63.55500030517578,64.66999816894531,31587,0.0,0.0
2024-05-08 10:30:00-04:00,64.69000244140625,64.83999633789062,64.52999877929688,64.80999755859375,22213,0.0,0.0
2024-05-08 11:30:00-04:00,64.80500030517578,64.94000244140625,64.58000183105469,64.58000183105469,23814,0.0,0.0
2024-05-08 12:30:00-04:00,64.58000183105469,64.66999816894531,64.4800033569336,64.66999816894531,15956,0.0,0.0
2024-05-08 13:30:00-04:00,64.65879821777344,64.69999694824219,64.4000015258789,64.69999694824219,25713,0.0,0.0
2024-05-08 14:30:00-04:00,64.68000030517578,64.80000305175781,64.58999633789062,64.7300033569336,34481,0.0,0.0
2024-05-08 15:30:00-04:00,64.73999786376953,64.79499816894531,64.62000274658203,64.66999816894531,60326,0.0,0.0
2024-05-09 09:30:00-04:00,64.68000030517578,65.27999877929688,64.68000030517578,64.8949966430664,30756,0.0,0.0
2024-05-09 10:30:00-04:00,64.81999969482422,65.29000091552734,64.81999969482422,65.13999938964844,14256,0.0,0.0
2024-05-09 11:30:00-04:00,65.01000213623047,65.07499694824219,64.79000091552734,64.91500091552734,36177,0.0,0.0
2024-05-09 12:30:00-04:00,64.9000015258789,65.04000091552734,64.87000274658203,64.97000122070312,24189,0.0,0.0
2024-05-09 13:30:00-04:00,64.97000122070312,65.01000213623047,64.80999755859375,65.01000213623047,25446,0.0,0.0
2024-05-09 14:30:00-04:00,65.0,65.16000366210938,64.94000244140625,65.12000274658203,13317,0.0,0.0
2024-05-09 15:30:00-04:00,65.08999633789062,65.30000305175781,64.87999725341797,65.06999969482422,51605,0.0,0.0
2024-05-10 09:30:00-04:00,65.11000061035156,65.48999786376953,64.55000305175781,64.78500366210938,49849,0.0,0.0
2024-05-10 10:30:00-04:00,64.78500366210938,65.0250015258789,64.66000366210938,64.66000366210938,27122,0.0,0.0
2024-05-10 11:30:00-04:00,64.72000122070312,64.8499984741211,64.63999938964844,64.6500015258789,23162,0.0,0.0
2024-05-10 12:30:00-04:00,64.5999984741211,64.91999816894531,64.5999984741211,64.76000213623047,24500,0.0,0.0
2024-05-10 13:30:00-04:00,64.80960083007812,64.93000030517578,64.7699966430664,64.8499984741211,17690,0.0,0.0
2024-05-10 14:30:00-04:00,64.83999633789062,64.9000015258789,64.68000030517578,64.8499984741211,22152,0.0,0.0
2024-05-10 15:30:00-04:00,64.87000274658203,65.01499938964844,64.87000274658203,64.87999725341797,34523,0.0,0.0
2024-05-13 09:30:00-04:00,65.47000122070312,65.5,64.20999908447266,65.08999633789062,20862,0.0,0.0
2024-05-13 10:30:00-04:00,65.05000305175781,65.20999908447266,64.7750015258789,64.94999694824219,16710,0.0,0.0
2024-05-13 11:30:00-04:00,64.8499984741211,65.04000091552734,64.79000091552734,64.79000091552734,18880,0.0,0.0
2024-05-13 12:30:00-04:00,64.80999755859375,64.94999694824219,64.52999877929688,64.80000305175781,22920,0.0,0.0
2024-05-13 13:30:00-04:00,64.86000061035156,64.93000030517578,64.62000274658203,64.81999969482422,21305,0.0,0.0
2024-05-13 14:30:00-04:00,64.7750015258789,65.01000213623047,64.7750015258789,64.94999694824219,33007,0.0,0.0
2024-05-13 15:30:00-04:00,64.95999908447266,65.08499908447266,64.75,64.9800033569336,71705,0.0,0.0
2024-05-14 09:30:00-04:00,65.48999786376953,65.71499633789062,65.08499908447266,65.18000030517578,22795,0.0,0.0
2024-05-14 10:30:00-04:00,64.87000274658203,65.23999786376953,64.87000274658203,65.19000244140625,14333,0.0,0.0
2024-05-14 11:30:00-04:00,65.18000030517578,65.19000244140625,65.01499938964844,65.18000030517578,14228,0.0,0.0
2024-05-14 12:30:00-04:00,65.25180053710938,65.5199966430664,65.20999908447266,65.33999633789062,54083,0.0,0.0
2024-05-14 13:30:00-04:00,65.38999938964844,65.56999969482422,65.36499786376953,65.54499816894531,15344,0.0,0.0
2024-05-14 14:30:00-04:00,65.55999755859375,65.7300033569336,65.4124984741211,65.65249633789062,28930,0.0,0.0
2024-05-14 15:30:00-04:00,65.62999725341797,66.0999984741211,65.62999725341797,65.70999908447266,70504,0.0,0.0
2024-05-15 09:30:00-04:00,66.33999633789062,66.37000274658203,65.6500015258789,66.2300033569336,19052,0.0,0.0
2024-05-15 10:30:00-04:00,66.26499938964844,66.5999984741211,66.26499938964844,66.5999984741211,26027,0.0,0.0
2024-05-15 11:30:00-04:00,66.52999877929688,66.58999633789062,66.43000030517578,66.55249786376953,14842,0.0,0.0
2024-05-15 12:30:00-04:00,66.52999877929688,66.72000122070312,66.52999877929688,66.55999755859375,15086,0.0,0.0
2024-05-15 13:30:00-04:00,66.55000305175781,66.68000030517578,66.28250122070312,66.37000274658203,18190,0.0,0.0
2024-05-15 14:30:00-04:00,66.41000366210938,66.62000274658203,66.30999755859375,66.46099853515625,25975,0.0,0.0
2024-05-15 15:30:00-04:00,66.43000030517578,66.44999694824219,65.7699966430664,66.0199966430664,57164,0.0,0.0
2024-05-16 09:30:00-04:00,65.94999694824219,66.125,65.76499938964844,66.08999633789062,22998,0.0,0.0
2024-05-16 10:30:00-04:00,66.20999908447266,66.38999938964844,66.02999877929688,66.05999755859375,24056,0.0,0.0
2024-05-16 11:30:00-04:00,66.13999938964844,66.22869873046875,65.69000244140625,65.94000244140625,20747,0.0,0.0
2024-05-16 12:30:00-04:00,65.93000030517578,66.13999938964844,65.66000366210938,65.66000366210938,24984,0.0,0.0
2024-05-16 13:30:00-04:00,65.68000030517578,65.87999725341797,65.58499908447266,65.79000091552734,20129,0.0,0.0
2024-05-16 14:30:00-04:00,65.80500030517578,66.0199966430664,65.80000305175781,65.81999969482422,35519,0.0,0.0
2024-05-16 15:30:00-04:00,65.83999633789062,65.88999938964844,65.66000366210938,65.75,55222,0.0,0.0
2024-05-17 09:30:00-04:00,65.70999908447266,67.07499694824219,65.70999908447266,67.0199966430664,45698,0.0,0.0
2024-05-17 10:30:00-04:00,67.08499908447266,67.2699966430664,66.49500274658203,66.54000091552734,29394,0.0,0.0
2024-05-17 11:30:00-04:00,66.48999786376953,66.86000061035156,66.4207992553711,66.73500061035156,23468,0.0,0.0
2024-05-17 12:30:00-04:00,66.75,67.1500015258789,66.72000122070312,66.97000122070312,32647,0.0,0.0
2024-05-17 13:30:00-04:00,66.9800033569336,67.02999877929688,66.64009857177734,66.69999694824219,41800,0.0,0.0
2024-05-17 14:30:00-04:00,66.75,66.98500061035156,66.55000305175781,66.83000183105469,39685,0.0,0.0
2024-05-17 15:30:00-04:00,66.7699966430664,67.04000091552734,66.72000122070312,67.04000091552734,51916,0.0,0.0
2024-05-20 09:30:00-04:00,66.95999908447266,68.3499984741211,66.95999908447266,67.94999694824219,51359,0.0,0.0
2024-05-20 10:30:00-04:00,68.06999969482422,68.16999816894531,67.81999969482422,67.91500091552734,24784,0.0,0.0
2024-05-20 11:30:00-04:00,67.97000122070312,68.06999969482422,67.62000274658203,67.62000274658203,31998,0.0,0.0
2024-05-20 12:30:00-04:00,67.5999984741211,67.9000015258789,67.3499984741211,67.3550033569336,29774,0.0,0.0
2024-05-20 13:30:00-04:00,67.34500122070312,67.55000305175781,67.02999877929688,67.16999816894531,40386,0.0,0.0
2024-05-20 14:30:00-04:00,67.20999908447266,67.30999755859375,66.86100006103516,66.86100006103516,56578,0.0,0.0
2024-05-20 15:30:00-04:00,66.88099670410156,67.05000305175781,66.76000213623047,67.05000305175781,89662,0.0,0.0
2024-05-21 09:30:00-04:00,66.69999694824219,67.1500015258789,66.44999694824219,66.55500030517578,37464,0.0,0.0
2024-05-21 10:30:00-04:00,66.51000213623047,66.91000366210938,66.45999908447266,66.86499786376953,77283,0.0,0.0
2024-05-21 11:30:00-04:00,66.80000305175781,67.23999786376953,66.51000213623047,67.09500122070312,23598,0.0,0.0
2024-05-21 12:30:00-04:00,67.11499786376953,67.15499877929688,66.88999938964844,66.90499877929688,29536,0.0,0.0
2024-05-21 13:30:00-04:00,66.93000030517578,67.0,66.7699966430664,66.88999938964844,28998,0.0,0.0
2024-05-21 14:30:00-04:00,66.87999725341797,66.93000030517578,66.76499938964844,66.83999633789062,29716,0.0,0.0
2024-05-21 15:30:00-04:00,66.83999633789062,66.98500061035156,66.81999969482422,66.86000061035156,93802,0.0,0.0
2024-05-22 09:30:00-04:00,66.94999694824219,67.31999969482422,66.77999877929688,66.87000274658203,36927,0.0,0.0
2024-05-22 10:30:00-04:00,66.9000015258789,66.98999786376953,66.83000183105469,66.87000274658203,34126,0.0,0.0
2024-05-22 11:30:00-04:00,66.89569854736328,67.54000091552734,66.89569854736328,67.43499755859375,27842,0.0,0.0
2024-05-22 12:30:00-04:00,67.42500305175781,67.5,67.22000122070312,67.40499877929688,31937,0.0,0.0
2024-05-22 13:30:00-04:00,67.40499877929688,67.6500015258789,67.30999755859375,67.30999755859375,41388,0.0,0.0
2024-05-22 14:30:00-04:00,67.33999633789062,67.81999969482422,67.2300033569336,67.7699966430664,50771,0.0,0.0
2024-05-22 15:30:00-04:00,67.7699966430664,68.1500015258789,67.7699966430664,68.11000061035156,84126,0.0,0.0
2024-05-23 09:30:00-04:00,68.48999786376953,68.58999633789062,67.47000122070312,67.62999725341797,29183,0.0,0.0
2024-05-23 10:30:00-04:00,67.54000091552734,67.99500274658203,67.33000183105469,67.47000122070312,25133,0.0,0.0
2024-05-23 11:30:00-04:00,67.62999725341797,67.93000030517578,67.61000061035156,67.76000213623047,11506,0.0,0.0
2024-05-23 12:30:00-04:00,67.71499633789062,67.87999725341797,67.2249984741211,67.2249984741211,15910,0.0,0.0
2024-05-23 13:30:00-04:00,67.30999755859375,67.30999755859375,66.9186019897461,67.08000183105469,25136,0.0,0.0
2024-05-23 14:30:00-04:00,67.0,67.30000305175781,66.88999938964844,66.93000030517578,53355,0.0,0.0
2024-05-23 15:30:00-04:00,67.0,67.12999725341797,66.71160125732422,66.77999877929688,50528,0.0,0.0
2024-05-24 09:30:00-04:00,67.33000183105469,68.11370086669922,67.01000213623047,67.87000274658203,51315,0.0,0.0
2024-05-24 10:30:00-04:00,67.77999877929688,67.77999877929688,67.55000305175781,67.7300033569336,32425,0.0,0.0
2024-05-24 11:30:00-04:00,67.75,68.23999786376953,67.69000244140625,68.07499694824219,30284,0.0,0.0
2024-05-24 12:30:00-04:00,68.0999984741211,68.22000122070312,67.70999908447266,67.75499725341797,28100,0.0,0.0
2024-05-24 13:30:00-04:00,67.70999908447266,67.86499786376953,67.68000030517578,67.68000030517578,22247,0.0,0.0
2024-05-24 14:30:00-04:00,67.6884994506836,67.83999633789062,67.48999786376953,67.55999755859375,29904,0.0,0.0
2024-05-24 15:30:00-04:00,67.55500030517578,67.66999816894531,67.4800033569336,67.66999816894531,37354,0.0,0.0
2024-05-28 09:30:00-04:00,67.61750030517578,67.71499633789062,67.05999755859375,67.5634994506836,28684,0.0,0.0
2024-05-28 10:30:00-04:00,67.55000305175781,67.76000213623047,67.44999694824219,67.66999816894531,23226,0.0,0.0
2024-05-28 11:30:00-04:00,67.70999908447266,67.96499633789062,67.44000244140625,67.8499984741211,35013,0.0,0.0
2024-05-28 12:30:00-04:00,67.9000015258789,68.2300033569336,67.9000015258789,68.18000030517578,20930,0.0,0.0
2024-05-28 13:30:00-04:00,68.20999908447266,68.22000122070312,67.43000030517578,67.47000122070312,22426,0.0,0.0
2024-05-28 14:30:00-04:00,67.41999816894531,67.78500366210938,67.3499984741211,67.6500015258789,49676,0.0,0.0
2024-05-28 15:30:00-04:00,67.62000274658203,67.79000091552734,67.48500061035156,67.66000366210938,51648,0.0,0.0
2024-05-29 09:30:00-04:00,66.51000213623047,67.5625,66.51000213623047,67.36499786376953,25027,0.0,0.0
2024-05-29 10:30:00-04:00,67.33999633789062,67.58999633789062,67.12999725341797,67.55999755859375,23724,0.0,0.0
2024-05-29 11:30:00-04:00,67.42500305175781,67.6050033569336,67.2699966430664,67.56999969482422,22644,0.0,0.0
2024-05-29 12:30:00-04:00,67.54499816894531,67.66999816894531,67.43000030517578,67.61000061035156,22983,0.0,0.0
2024-05-29 13:30:00-04:00,67.59500122070312,67.69999694824219,67.51000213623047,67.52999877929688,27625,0.0,0.0
2024-05-29 14:30:00-04:00,67.38999938964844,67.44000244140625,67.12000274658203,67.33999633789062,27200,0.0,0.0
2024-05-29 15:30:00-04:00,67.31999969482422,67.3499984741211,66.81999969482422,66.8499984741211,56636,0.0,0.0
2024-05-30 09:30:00-04:00,67.38999938964844,68.20999908447266,67.11499786376953,68.20020294189453,32896,0.0,0.0
2024-05-30 10:30:00-04:00,68.1709976196289,68.45999908447266,68.08499908447266,68.44999694824219,24724,0.0,0.0
2024-05-30 11:30:00-04:00,68.44000244140625,68.45999908447266,68.08000183105469,68.19000244140625,20916,0.0,0.0
2024-05-30 12:30:00-04:00,68.168701171875,68.41000366210938,68.168701171875,68.36499786376953,17493,0.0,0.0
2024-05-30 13:30:00-04:00,68.36499786376953,68.6500015258789,68.36499786376953,68.5,45838,0.0,0.0
2024-05-30 14:30:00-04:00,68.52999877929688,68.58999633789062,68.3219985961914,68.44999694824219,30388,0.0,0.0
2024-05-30 15:30:00-04:00,68.46499633789062,68.77999877929688,68.25499725341797,68.62999725341797,59688,0.0,0.0
2024-05-31 09:30:00-04:00,69.0,69.76000213623047,67.6500015258789,67.69999694824219,49078,0.0,0.0
2024-05-31 10:30:00-04:00,67.68499755859375,68.19499969482422,67.44999694824219,67.75499725341797,57558,0.0,0.0
2024-05-31 11:30:00-04:00,67.68000030517578,67.93000030517578,67.55999755859375,67.76000213623047,19881,0.0,0.0
2024-05-31 12:30:00-04:00,67.77999877929688,68.16000366210938,67.70500183105469,68.12999725341797,10791,0.0,0.0
2024-05-31 13:30:00-04:00,68.13999938964844,68.37680053710938,68.13999938964844,68.2750015258789,21291,0.0,0.0
2024-05-31 14:30:00-04:00,68.2699966430664,68.5199966430664,68.20999908447266,68.37999725341797,23342,0.0,0.0
2024-05-31 15:30:00-04:00,68.3499984741211,68.5999984741211,68.1500015258789,68.55999755859375,62105,0.0,0.0
2024-06-03 09:30:00-04:00,68.7699966430664,68.86000061035156,67.01000213623047,68.0999984741211,24918,0.0,0.0
2024-06-03 10:30:00-04:00,68.04000091552734,68.04000091552734,67.33999633789062,67.48999786376953,21560,0.0,0.0
2024-06-03 11:30:00-04:00,67.5199966430664,67.55999755859375,66.95999908447266,66.96499633789062,37596,0.0,0.0
2024-06-03 12:30:00-04:00,67.0,67.0,66.56999969482422,66.79000091552734,18264,0.0,0.0
2024-06-03 13:30:00-04:00,66.7699966430664,67.25,66.7699966430664,67.25,24108,0.0,0.0
2024-06-03 14:30:00-04:00,67.25499725341797,67.27999877929688,66.95500183105469,66.9800033569336,42676,0.0,0.0
2024-06-03 15:30:00-04:00,66.99500274658203,67.12000274658203,66.68000030517578,66.88999938964844,76829,0.0,0.0
2024-06-04 09:30:00-04:00,66.56999969482422,66.57250213623047,66.19999694824219,66.23500061035156,13371,0.0,0.0
2024-06-04 10:30:00-04:00,66.2125015258789,66.2125015258789,65.68000030517578,65.68000030517578,12898,0.0,0.0
2024-06-04 11:30:00-04:00,65.66000366210938,65.72000122070312,65.43000030517578,65.51000213623047,9383,0.0,0.0
2024-06-04 12:30:00-04:00,65.48500061035156,65.9000015258789,65.41999816894531,65.62000274658203,22535,0.0,0.0
2024-06-04 13:30:00-04:00,65.5999984741211,65.80999755859375,65.40499877929688,65.68000030517578,18814,0.0,0.0
2024-06-04 14:30:00-04:00,65.58999633789062,65.58999633789062,65.11000061035156,65.31099700927734,21618,0.0,0.0
2024-06-04 15:30:00-04:00,65.30999755859375,65.79000091552734,65.30999755859375,65.70999908447266,57845,0.0,0.0
2024-06-05 09:30:00-04:00,66.22000122070312,66.3499984741211,65.36000061035156,66.16000366210938,10641,0.0,0.0
2024-06-05 10:30:00-04:00,66.31749725341797,66.80999755859375,66.02999877929688,66.69499969482422,14764,0.0,0.0
2024-06-05 11:30:00-04:00,66.71499633789062,66.88500213623047,66.71499633789062,66.86000061035156,13685,0.0,0.0
2024-06-05 12:30:00-04:00,66.9000015258789,67.07250213623047,66.87000274658203,66.9000015258789,15409,0.0,0.0
2024-06-05 13:30:00-04:00,66.95999908447266,67.0199966430664,66.8499984741211,66.87999725341797,15044,0.0,0.0
2024-06-05 14:30:00-04:00,66.94000244140625,67.1500015258789,66.88999938964844,66.94000244140625,17714,0.0,0.0
2024-06-05 15:30:00-04:00,66.94999694824219,67.19999694824219,66.81999969482422,67.04000091552734,45364,0.0,0.0
2024-06-06 09:30:00-04:00,66.5999984741211,66.8550033569336,66.55999755859375,66.55999755859375,10774,0.0,0.0
2024-06-06 10:30:00-04:00,66.5,66.62999725341797,66.2218017578125,66.44999694824219,26413,0.0,0.0
2024-06-06 11:30:00-04:00,66.37000274658203,66.37000274658203,66.11000061035156,66.29000091552734,11224,0.0,0.0
2024-06-06 12:30:00-04:00,66.26000213623047,66.51000213623047,66.20999908447266,66.50869750976562,7509,0.0,0.0
2024-06-06 13:30:00-04:00,66.5,66.54499816894531,66.0,66.12000274658203,21623,0.0,0.0
2024-06-06 14:30:00-04:00,66.1500015258789,66.30999755859375,66.04000091552734,66.23999786376953,22212,0.0,0.0
2024-06-06 15:30:00-04:00,66.2249984741211,66.23999786376953,65.78099822998047,65.87100219726562,60255,0.0,0.0
2024-06-07 09:30:00-04:00,65.5,66.18000030517578,65.5,66.08999633789062,34129,0.0,0.0
2024-06-07 10:30:00-04:00,66.09700012207031,66.16000366210938,65.67500305175781,65.93000030517578,26156,0.0,0.0
2024-06-07 11:30:00-04:00,65.86499786376953,66.0999984741211,65.7699966430664,66.07499694824219,11417,0.0,0.0
2024-06-07 12:30:00-04:00,66.07499694824219,66.12999725341797,65.99819946289062,66.06999969482422,16631,0.0,0.0
2024-06-07 13:30:00-04:00,66.02999877929688,66.16999816894531,65.86000061035156,66.05500030517578,25589,0.0,0.0
2024-06-07 14:30:00-04:00,66.02999877929688,66.19000244140625,65.86499786376953,66.04750061035156,75063,0.0,0.0
2024-06-07 15:30:00-04:00,66.04499816894531,66.06999969482422,65.72000122070312,65.7699966430664,58003,0.0,0.0
2024-06-10 09:30:00-04:00,64.94999694824219,65.87999725341797,64.55999755859375,65.56500244140625,75894,0.0,0.0
2024-06-10 10:30:00-04:00,65.54000091552734,66.12000274658203,65.54000091552734,66.01499938964844,21878,0.0,0.0
2024-06-10 11:30:00-04:00,65.96009826660156,66.05000305175781,65.79000091552734,65.98999786376953,17106,0.0,0.0
2024-06-10 12:30:00-04:00,65.94000244140625,66.11000061035156,65.91000366210938,66.05000305175781,15913,0.0,0.0
2024-06-10 13:30:00-04:00,66.04630279541016,66.26000213623047,66.04630279541016,66.16000366210938,18342,0.0,0.0
2024-06-10 14:30:00-04:00,66.22000122070312,66.3499984741211,66.16999816894531,66.27999877929688,22363,0.0,0.0
2024-06-10 15:30:00-04:00,66.25,66.36000061035156,65.98999786376953,66.33999633789062,65819,0.0,0.0
2024-06-11 09:30:00-04:00,65.91999816894531,66.08499908447266,65.61000061035156,66.07250213623047,18511,0.0,0.0
2024-06-11 10:30:00-04:00,66.05000305175781,66.12999725341797,65.97000122070312,66.00499725341797,17139,0.0,0.0
2024-06-11 11:30:00-04:00,66.04000091552734,66.15499877929688,65.92500305175781,66.04000091552734,15751,0.0,0.0
2024-06-11 12:30:00-04:00,66.0250015258789,66.13999938964844,65.88999938964844,65.91999816894531,18590,0.0,0.0
2024-06-11 13:30:00-04:00,66.0,66.16000366210938,66.0,66.11499786376953,18272,0.0,0.0
2024-06-11 14:30:00-04:00,66.13999938964844,66.1500015258789,65.94999694824219,66.08999633789062,27649,0.0,0.0
2024-06-11 15:30:00-04:00,66.08999633789062,66.26000213623047,66.02999877929688,66.16999816894531,62253,0.0,0.0
2024-06-12 09:30:00-04:00,68.0,68.5999984741211,67.55000305175781,68.44999694824219,30567,0.0,0.0
2024-06-12 10:30:00-04:00,68.37999725341797,68.55000305175781,67.91999816894531,68.19000244140625,23588,0.0,0.0
2024-06-12 11:30:00-04:00,68.1500015258789,68.20999908447266,68.04000091552734,68.16000366210938,29995,0.0,0.0
2024-06-12 12:30:00-04:00,68.0999984741211,68.23500061035156,67.94000244140625,67.94000244140625,22964,0.0,0.0
2024-06-12 13:30:00-04:00,67.97000122070312,68.13500213623047,67.36000061035156,67.91000366210938,40456,0.0,0.0
2024-06-12 14:30:00-04:00,67.95999908447266,68.0199966430664,67.30999755859375,67.3499984741211,54774,0.0,0.0
2024-06-12 15:30:00-04:00,67.38500213623047,67.80999755859375,67.33999633789062,67.5999984741211,81478,0.0,0.0
2024-06-13 09:30:00-04:00,67.5199966430664,67.6500015258789,67.19999694824219,67.38999938964844,39145,0.0,0.0
2024-06-13 10:30:00-04:00,67.36000061035156,67.80999755859375,67.13999938964844,67.30999755859375,116616,0.0,0.0
2024-06-13 11:30:00-04:00,67.31999969482422,67.94000244140625,67.31999969482422,67.48999786376953,42999,0.0,0.0
2024-06-13 12:30:00-04:00,67.66999816894531,68.28500366210938,67.57009887695312,68.27999877929688,17876,0.0,0.0
2024-06-13 13:30:00-04:00,68.2699966430664,68.31900024414062,67.75,67.91000366210938,68689,0.0,0.0
2024-06-13 14:30:00-04:00,67.91000366210938,68.01000213623047,67.68000030517578,67.69999694824219,59397,0.0,0.0
2024-06-13 15:30:00-04:00,67.69000244140625,67.83499908447266,67.41000366210938,67.80000305175781,91651,0.0,0.0
2024-06-14 09:30:00-04:00,66.94999694824219,67.01000213623047,66.1449966430664,66.91000366210938,66237,0.0,0.0
2024-06-14 10:30:00-04:00,66.86000061035156,66.87999725341797,66.19000244140625,66.31999969482422,58932,0.0,0.0
2024-06-14 11:30:00-04:00,66.3550033569336,66.54000091552734,66.26000213623047,66.4800033569336,85487,0.0,0.0
2024-06-14 12:30:00-04:00,66.48999786376953,67.02999877929688,66.44000244140625,66.80999755859375,17478,0.0,0.0
2024-06-14 13:30:00-04:00,66.83999633789062,66.86699676513672,66.5,66.73999786376953,17543,0.0,0.0
2024-06-14 14:30:00-04:00,66.69000244140625,66.75499725341797,66.54499816894531,66.69999694824219,18085,0.0,0.0
2024-06-14 15:30:00-04:00,66.68000030517578,66.68000030517578,66.08000183105469,66.18000030517578,45085,0.0,0.0
2024-06-17 09:30:00-04:00,66.0999984741211,66.63999938964844,66.0199966430664,66.11499786376953,20107,0.0,0.0
2024-06-17 10:30:00-04:00,66.08999633789062,66.4000015258789,66.05999755859375,66.4000015258789,15695,0.0,0.0
2024-06-17 11:30:00-04:00,66.36499786376953,66.52999877929688,66.33000183105469,66.52999877929688,15119,0.0,0.0
2024-06-17 12:30:00-04:00,66.7300033569336,66.95099639892578,66.54000091552734,66.87999725341797,13733,0.0,0.0
2024-06-17 13:30:00-04:00,66.87999725341797,67.48500061035156,66.87999725341797,67.42500305175781,17006,0.0,0.0
2024-06-17 14:30:00-04:00,67.41999816894531,67.41999816894531,67.20059967041016,67.41000366210938,26567,0.0,0.0
2024-06-17 15:30:00-04:00,67.37999725341797,67.6050033569336,67.25,67.48999786376953,48226,0.0,0.0
2024-06-18 09:30:00-04:00,67.83000183105469,68.5,67.17500305175781,67.61000061035156,21223,0.0,0.0
2024-06-18 10:30:00-04:00,67.69999694824219,67.81999969482422,67.20999908447266,67.51000213623047,19740,0.0,0.0
2024-06-18 11:30:00-04:00,67.4749984741211,67.61000061035156,67.29000091552734,67.52999877929688,52741,0.0,0.0
2024-06-18 12:30:00-04:00,67.47000122070312,67.5999984741211,67.31999969482422,67.41999816894531,41532,0.0,0.0
2024-06-18 13:30:00-04:00,67.44999694824219,67.56999969482422,67.31500244140625,67.5,23648,0.0,0.0
2024-06-18 14:30:00-04:00,67.50499725341797,67.56999969482422,67.33999633789062,67.4000015258789,29834,0.0,0.0
2024-06-18 15:30:00-04:00,67.38999938964844,67.66000366210938,67.25,67.58999633789062,55655,0.0,0.0
2024-06-20 09:30:00-04:00,67.25,67.5,67.0,67.16999816894531,14617,0.0,0.0
2024-06-20 10:30:00-04:00,67.11499786376953,67.5999984741211,67.11000061035156,67.5250015258789,29083,0.0,0.0
2024-06-20 11:30:00-04:00,67.47000122070312,67.5,66.8550033569336,66.93000030517578,24206,0.0,0.0
2024-06-20 12:30:00-04:00,66.80999755859375,66.80999755859375,66.50499725341797,66.5199966430664,9023,0.0,0.0
2024-06-20 13:30:00-04:00,66.45999908447266,66.63999938964844,66.41500091552734,66.5199966430664,14962,0.0,0.0
2024-06-20 14:30:00-04:00,66.4800033569336,66.54000091552734,66.12000274658203,66.33999633789062,22205,0.0,0.0
2024-06-20 15:30:00-04:00,66.31999969482422,66.52999877929688,66.27999877929688,66.38999938964844,57344,0.0,0.0
2024-06-21 09:30:00-04:00,66.41999816894531,66.66000366210938,66.05999755859375,66.5999984741211,99180,0.0,0.0
2024-06-21 10:30:00-04:00,66.52999877929688,66.83499908447266,66.3499984741211,66.68499755859375,18228,0.0,0.0
2024-06-21 11:30:00-04:00,66.7750015258789,66.98999786376953,66.48999786376953,66.98999786376953,12451,0.0,0.0
2024-06-21 12:30:00-04:00,66.98500061035156,66.98500061035156,66.69000244140625,66.69000244140625,10318,0.0,0.0
2024-06-21 13:30:00-04:00,66.72000122070312,67.02999877929688,66.72000122070312,66.91999816894531,12733,0.0,0.0
2024-06-21 14:30:00-04:00,66.93000030517578,66.93000030517578,66.58000183105469,66.75,21669,0.0,0.0
2024-06-21 15:30:00-04:00,66.75,67.0999984741211,66.6449966430664,66.9800033569336,57783,0.0,0.0
2024-06-24 09:30:00-04:00,67.02999877929688,67.2300033569336,66.80000305175781,66.9749984741211,38255,0.0,0.0
2024-06-24 10:30:00-04:00,66.88999938964844,67.16000366210938,66.75,67.14559936523438,15248,0.0,0.0
2024-06-24 11:30:00-04:00,67.18000030517578,67.18000030517578,66.91000366210938,67.04000091552734,10225,0.0,0.0
2024-06-24 12:30:00-04:00,67.08000183105469,67.08000183105469,66.55000305175781,66.69999694824219,15440,0.0,0.0
2024-06-24 13:30:00-04:00,66.63999938964844,66.73999786376953,66.56999969482422,66.65499877929688,10217,0.0,0.0
2024-06-24 14:30:00-04:00,66.69999694824219,66.76000213623047,66.2300033569336,66.2300033569336,23947,0.0,0.0
2024-06-24 15:30:00-04:00,66.30000305175781,66.56500244140625,66.06999969482422,66.08999633789062,99849,0.0,0.0
2024-06-25 09:30:00-04:00,66.2300033569336,66.2300033569336,65.79000091552734,66.11000061035156,11017,0.0,0.0
2024-06-25 10:30:00-04:00,66.0,66.11000061035156,65.70500183105469,66.01499938964844,15037,0.0,0.0
2024-06-25 11:30:00-04:00,66.11000061035156,66.19000244140625,66.04000091552734,66.13500213623047,7487,0.0,0.0
2024-06-25 12:30:00-04:00,66.08000183105469,66.27999877929688,66.05999755859375,66.20999908447266,8067,0.0,0.0
2024-06-25 13:30:00-04:00,66.22820281982422,66.44999694824219,66.22820281982422,66.44999694824219,7254,0.0,0.0
2024-06-25 14:30:00-04:00,66.48999786376953,66.72000122070312,66.38500213623047,66.69000244140625,16398,0.0,0.0
2024-06-25 15:30:00-04:00,66.6500015258789,66.66999816894531,66.29000091552734,66.54000091552734,58649,0.0,0.0
2024-06-26 09:30:00-04:00,66.01000213623047,66.04000091552734,65.75499725341797,66.02999877929688,8386,0.0,0.0
2024-06-26 10:30:00-04:00,65.94999694824219,66.14990234375,65.74500274658203,66.02999877929688,27000,0.0,0.0
2024-06-26 11:30:00-04:00,66.02999877929688,66.20500183105469,65.97000122070312,66.05000305175781,11978,0.0,0.0
2024-06-26 12:30:00-04:00,66.04000091552734,66.05999755859375,65.80999755859375,65.81500244140625,12506,0.0,0.0
2024-06-26 13:30:00-04:00,65.80999755859375,65.94999694824219,65.41999816894531,65.58000183105469,27875,0.0,0.0
2024-06-26 14:30:00-04:00,65.5250015258789,65.8949966430664,65.5250015258789,65.79000091552734,42396,0.0,0.0
2024-06-26 15:30:00-04:00,65.77999877929688,66.08999633789062,65.75,65.9800033569336,68024,0.0,0.0
2024-06-27 09:30:00-04:00,66.02999877929688,66.02999877929688,64.58999633789062,65.13500213623047,48950,0.0,0.0
2024-06-27 10:30:00-04:00,65.12999725341797,65.57499694824219,64.94000244140625,65.32499694824219,29511,0.0,0.0
2024-06-27 11:30:00-04:00,65.23500061035156,65.43499755859375,64.97000122070312,65.0250015258789,38585,0.0,0.0
2024-06-27 12:30:00-04:00,65.0250015258789,65.0250015258789,64.48999786376953,65.01000213623047,68419,0.0,0.0
2024-06-27 13:30:00-04:00,65.1500015258789,65.36499786376953,65.11000061035156,65.27999877929688,20954,0.0,0.0
2024-06-27 14:30:00-04:00,65.33999633789062,65.48999786376953,65.26000213623047,65.38999938964844,30040,0.0,0.0
2024-06-27 15:30:00-04:00,65.37000274658203,65.58000183105469,65.29000091552734,65.45999908447266,57388,0.0,0.0
2024-06-28 09:30:00-04:00,66.20999908447266,66.52999877929688,65.7699966430664,66.5,22328,0.0,0.0
2024-06-28 10:30:00-04:00,66.55500030517578,66.55500030517578,66.0,66.06999969482422,9947,0.0,0.0
2024-06-28 11:30:00-04:00,66.08999633789062,66.08999633789062,65.60009765625,65.82499694824219,11212,0.0,0.0
2024-06-28 12:30:00-04:00,65.80000305175781,65.91999816894531,65.5999984741211,65.80999755859375,17480,0.0,0.0
2024-06-28 13:30:00-04:00,65.80999755859375,65.83000183105469,65.45500183105469,65.61000061035156,23664,0.0,0.0
2024-06-28 14:30:00-04:00,65.66000366210938,65.83000183105469,65.5199966430664,65.58499908447266,15629,0.0,0.0
2024-06-28 15:30:00-04:00,65.56999969482422,66.4000015258789,65.47000122070312,66.25,144621,0.0,0.0
2024-07-01 09:30:00-04:00,66.2300033569336,66.41999816894531,65.05500030517578,65.2699966430664,33132,0.0,0.0
2024-07-01 10:30:00-04:00,65.26499938964844,65.26499938964844,64.75499725341797,64.75499725341797,39158,0.0,0.0
2024-07-01 11:30:00-04:00,64.83000183105469,65.552001953125,64.75,65.552001953125,41506,0.0,0.0
2024-07-01 12:30:00-04:00,65.5,65.90499877929688,65.45999908447266,65.88999938964844,15130,0.0,0.0
2024-07-01 13:30:00-04:00,65.8499984741211,66.0,65.54000091552734,65.54000091552734,19897,0.0,0.0
2024-07-01 14:30:00-04:00,65.59500122070312,65.75,65.26000213623047,65.31999969482422,27798,0.0,0.0
2024-07-01 15:30:00-04:00,65.36599731445312,65.44999694824219,65.23999786376953,65.27999877929688,58164,0.0,0.0
2024-07-02 09:30:00-04:00,65.36000061035156,66.07499694824219,65.30000305175781,65.56990051269531,19634,0.0,0.0
2024-07-02 10:30:00-04:00,65.51000213623047,65.94000244140625,65.44000244140625,65.80999755859375,13428,0.0,0.0
2024-07-02 11:30:00-04:00,65.63999938964844,65.97000122070312,65.61000061035156,65.9000015258789,11897,0.0,0.0
2024-07-02 12:30:00-04:00,65.91000366210938,66.06500244140625,65.66999816894531,65.72250366210938,13308,0.0,0.0
2024-07-02 13:30:00-04:00,65.7249984741211,65.7699966430664,65.47000122070312,65.63999938964844,17656,0.0,0.0
2024-07-02 14:30:00-04:00,65.70999908447266,65.70999908447266,65.48500061035156,65.70999908447266,27600,0.0,0.0
2024-07-02 15:30:00-04:00,65.66000366210938,65.7750015258789,65.58999633789062,65.66000366210938,50981,0.0,0.0
2024-07-03 09:30:00-04:00,66.0,66.4800033569336,65.73500061035156,66.38999938964844,15725,0.0,0.0
2024-07-03 10:30:00-04:00,66.41000366210938,66.41000366210938,66.06999969482422,66.20999908447266,8256,0.0,0.0
2024-07-03 11:30:00-04:00,66.29000091552734,66.29000091552734,66.0,66.26000213623047,13372,0.0,0.0
2024-07-05 09:30:00-04:00,66.08999633789062,66.22000122070312,65.66000366210938,65.66000366210938,12521,0.0,0.0
2024-07-05 10:30:00-04:00,65.5999984741211,65.9800033569336,65.47250366210938,65.48249816894531,19651,0.0,0.0
2024-07-05 11:30:00-04:00,65.37000274658203,65.55999755859375,65.30000305175781,65.48999786376953,7527,0.0,0.0
2024-07-05 12:30:00-04:00,65.5199966430664,65.6500015258789,65.29000091552734,65.36499786376953,8312,0.0,0.0
2024-07-05 13:30:00-04:00,65.31999969482422,65.55999755859375,65.2699966430664,65.27999877929688,9693,0.0,0.0
2024-07-05 14:30:00-04:00,65.33499908447266,65.49539947509766,65.12000274658203,65.12000274658203,20395,0.0,0.0
2024-07-05 15:30:00-04:00,65.0999984741211,65.26000213623047,64.97000122070312,64.98999786376953,39012,0.0,0.0
2024-07-08 09:30:00-04:00,65.70999908447266,66.4800033569336,65.50499725341797,66.4800033569336,15517,0.0,0.0
2024-07-08 10:30:00-04:00,66.37999725341797,66.47000122070312,66.2300033569336,66.47000122070312,13496,0.0,0.0
2024-07-08 11:30:00-04:00,66.37000274658203,66.52999877929688,66.26000213623047,66.41500091552734,14535,0.0,0.0
2024-07-08 12:30:00-04:00,66.34500122070312,66.7249984741211,66.29499816894531,66.7249984741211,14052,0.0,0.0
2024-07-08 13:30:00-04:00,66.68000030517578,66.76000213623047,66.5,66.51499938964844,14489,0.0,0.0
2024-07-08 14:30:00-04:00,66.55000305175781,66.58999633789062,66.36000061035156,66.48999786376953,23388,0.0,0.0
2024-07-08 15:30:00-04:00,66.4749984741211,66.5999984741211,66.2699966430664,66.5999984741211,46591,0.0,0.0
2024-07-09 09:30:00-04:00,66.45999908447266,66.66999816894531,66.29920196533203,66.41000366210938,17691,0.0,0.0
2024-07-09 10:30:00-04:00,66.43000030517578,66.73999786376953,66.06999969482422,66.22000122070312,15421,0.0,0.0
2024-07-09 11:30:00-04:00,66.2300033569336,66.44999694824219,66.1260986328125,66.29000091552734,8437,0.0,0.0
2024-07-09 12:30:00-04:00,66.19000244140625,66.4198989868164,66.19000244140625,66.19000244140625,7048,0.0,0.0
2024-07-09 13:30:00-04:00,66.18000030517578,66.36499786376953,66.06999969482422,66.16000366210938,11572,0.0,0.0
2024-07-09 14:30:00-04:00,66.12000274658203,66.22000122070312,65.9749984741211,65.9749984741211,16351,0.0,0.0
2024-07-09 15:30:00-04:00,65.9800033569336,65.9800033569336,65.5199966430664,65.58999633789062,35391,0.0,0.0
2024-07-10 09:30:00-04:00,66.12000274658203,66.69000244140625,66.05500030517578,66.69000244140625,6753,0.0,0.0
2024-07-10 10:30:00-04:00,66.69000244140625,66.75,66.23999786376953,66.62999725341797,11415,0.0,0.0
2024-07-10 11:30:00-04:00,66.5385971069336,67.0999984741211,66.5199966430664,67.05999755859375,11714,0.0,0.0
2024-07-10 12:30:00-04:00,66.98999786376953,67.11000061035156,66.91010284423828,67.01000213623047,10727,0.0,0.0
2024-07-10 13:30:00-04:00,66.9800033569336,67.19999694824219,66.93499755859375,67.19000244140625,13859,0.0,0.0
2024-07-10 14:30:00-04:00,67.19000244140625,67.33000183105469,67.16999816894531,67.33000183105469,21472,0.0,0.0
2024-07-10 15:30:00-04:00,67.33000183105469,67.77999877929688,67.26499938964844,67.68000030517578,54154,0.0,0.0
2024-07-11 09:30:00-04:00,68.95999908447266,69.7300033569336,67.86000061035156,69.5999984741211,50261,0.0,0.0
2024-07-11 10:30:00-04:00,69.73999786376953,70.30999755859375,69.71499633789062,70.1500015258789,34619,0.0,0.0
2024-07-11 11:30:00-04:00,70.16000366210938,70.43000030517578,69.70999908447266,70.1500015258789,105611,0.0,0.0
2024-07-11 12:30:00-04:00,70.31999969482422,70.55000305175781,70.22000122070312,70.38999938964844,26173,0.0,0.0
2024-07-11 13:30:00-04:00,70.37999725341797,70.52999877929688,70.21499633789062,70.41999816894531,45367,0.0,0.0
2024-07-11 14:30:00-04:00,70.3949966430664,70.55999755859375,70.19499969482422,70.19999694824219,31070,0.0,0.0
2024-07-11 15:30:00-04:00,70.25,70.56999969482422,70.16999816894531,70.27999877929688,64962,0.0,0.0
2024-07-12 09:30:00-04:00,70.9000015258789,71.3499984741211,70.36000061035156,71.26000213623047,38180,0.0,0.0
2024-07-12 10:30:00-04:00,71.32499694824219,71.41999816894531,71.01750183105469,71.23999786376953,25006,0.0,0.0
2024-07-12 11:30:00-04:00,71.16999816894531,71.33999633789062,70.83499908447266,70.9000015258789,40966,0.0,0.0
2024-07-12 12:30:00-04:00,70.89540100097656,71.26000213623047,70.81999969482422,71.22000122070312,15783,0.0,0.0
2024-07-12 13:30:00-04:00,71.29000091552734,71.41000366210938,71.1449966430664,71.27999877929688,14688,0.0,0.0
2024-07-12 14:30:00-04:00,71.27999877929688,71.41999816894531,71.26000213623047,71.26000213623047,15847,0.0,0.0
2024-07-12 15:30:00-04:00,71.27999877929688,71.30000305175781,70.7300033569336,70.80999755859375,44404,0.0,0.0
2024-07-15 09:30:00-04:00,71.20999908447266,72.5199966430664,71.08999633789062,72.12999725341797,49812,0.0,0.0
2024-07-15 10:30:00-04:00,72.22000122070312,72.73500061035156,72.11499786376953,72.5250015258789,51927,0.0,0.0
2024-07-15 11:30:00-04:00,72.31999969482422,72.71499633789062,72.23500061035156,72.2614974975586,24185,0.0,0.0
2024-07-15 12:30:00-04:00,72.24500274658203,72.31999969482422,71.84500122070312,72.05999755859375,30331,0.0,0.0
2024-07-15 13:30:00-04:00,72.02999877929688,72.13999938964844,71.86000061035156,72.05999755859375,15023,0.0,0.0
2024-07-15 14:30:00-04:00,72.0999984741211,72.41999816894531,72.06999969482422,72.11000061035156,47104,0.0,0.0
2024-07-15 15:30:00-04:00,72.1050033569336,72.11000061035156,71.38999938964844,71.5199966430664,103394,0.0,0.0
2024-07-16 09:30:00-04:00,72.20999908447266,73.20999908447266,71.94499969482422,72.69000244140625,33155,0.0,0.0
2024-07-16 10:30:00-04:00,72.69000244140625,73.41999816894531,72.63999938964844,73.3499984741211,29318,0.0,0.0
2024-07-16 11:30:00-04:00,73.26000213623047,73.63999938964844,73.20500183105469,73.44999694824219,26856,0.0,0.0
2024-07-16 12:30:00-04:00,73.37000274658203,73.55000305175781,73.36000061035156,73.38500213623047,19869,0.0,0.0
2024-07-16 13:30:00-04:00,73.31999969482422,73.56999969482422,73.31999969482422,73.43000030517578,21814,0.0,0.0
2024-07-16 14:30:00-04:00,73.43499755859375,73.94999694824219,73.42500305175781,73.94999694824219,31594,0.0,0.0
2024-07-16 15:30:00-04:00,73.87999725341797,74.13999938964844,73.8499984741211,74.04000091552734,60248,0.0,0.0
2024-07-17 09:30:00-04:00,73.05000305175781,74.37999725341797,72.54000091552734,72.83499908447266,30169,0.0,0.0
2024-07-17 10:30:00-04:00,72.72000122070312,73.5,72.70999908447266,73.46499633789062,36685,0.0,0.0
2024-07-17 11:30:00-04:00,73.5199966430664,73.54000091552734,72.94999694824219,73.13999938964844,28164,0.0,0.0
2024-07-17 12:30:00-04:00,73.16999816894531,73.18000030517578,72.68000030517578,72.97000122070312,19233,0.0,0.0
2024-07-17 13:30:00-04:00,73.05000305175781,73.26499938964844,72.95999908447266,73.26499938964844,20741,0.0,0.0
2024-07-17 14:30:00-04:00,73.26499938964844,73.2750015258789,72.80999755859375,73.00779724121094,40154,0.0,0.0
2024-07-17 15:30:00-04:00,73.06999969482422,73.06999969482422,72.47000122070312,72.58999633789062,72349,0.0,0.0
2024-07-18 09:30:00-04:00,72.91000366210938,73.66000366210938,72.41999816894531,73.4800033569336,35459,0.0,0.0
2024-07-18 10:30:00-04:00,73.27999877929688,73.27999877929688,72.22000122070312,72.37000274658203,32922,0.0,0.0
2024-07-18 11:30:00-04:00,72.2300033569336,72.41999816894531,71.62999725341797,71.79499816894531,44201,0.0,0.0
2024-07-18 12:30:00-04:00,71.94000244140625,72.1500015258789,71.73500061035156,71.77999877929688,16130,0.0,0.0
2024-07-18 13:30:00-04:00,71.91999816894531,72.0,71.23999786376953,71.58999633789062,53022,0.0,0.0
2024-07-18 14:30:00-04:00,71.66000366210938,71.66999816894531,71.1083984375,71.32749938964844,24507,0.0,0.0
2024-07-18 15:30:00-04:00,71.44000244140625,71.8499984741211,71.41999816894531,71.63999938964844,46998,0.0,0.0
2024-07-19 09:30:00-04:00,71.91000366210938,71.91000366210938,70.6500015258789,71.02999877929688,35685,0.0,0.0
2024-07-19 10:30:00-04:00,71.19000244140625,71.22000122070312,69.89749908447266,69.98500061035156,24004,0.0,0.0
2024-07-19 11:30:00-04:00,70.05999755859375,70.58000183105469,69.97000122070312,70.43000030517578,19792,0.0,0.0
2024-07-19 12:30:00-04:00,70.4000015258789,70.87999725341797,70.22000122070312,70.6050033569336,34093,0.0,0.0
2024-07-19 13:30:00-04:00,70.55000305175781,70.77999877929688,70.48999786376953,70.62999725341797,15638,0.0,0.0
2024-07-19 14:30:00-04:00,70.53600311279297,70.9000015258789,70.5,70.81999969482422,20989,0.0,0.0
2024-07-19 15:30:00-04:00,70.71099853515625,70.73999786376953,70.39099884033203,70.58000183105469,50754,0.0,0.0
2024-07-22 09:30:00-04:00,71.23999786376953,71.26000213623047,70.27999877929688,70.87000274658203,15735,0.0,0.0
2024-07-22 10:30:00-04:00,70.87000274658203,71.58000183105469,70.71009826660156,71.33999633789062,19693,0.0,0.0
2024-07-22 11:30:00-04:00,71.28500366210938,71.55999755859375,71.0999984741211,71.125,13329,0.0,0.0
2024-07-22 12:30:00-04:00,70.93000030517578,71.70999908447266,70.91000366210938,71.55999755859375,19060,0.0,0.0
2024-07-22 13:30:00-04:00,71.58000183105469,72.11000061035156,71.58000183105469,72.11000061035156,21344,0.0,0.0
2024-07-22 14:30:00-04:00,72.13999938964844,72.75,72.11499786376953,72.6500015258789,27382,0.0,0.0
2024-07-22 15:30:00-04:00,72.72000122070312,72.9800033569336,72.69999694824219,72.7300033569336,55077,0.0,0.0
2024-07-23 09:30:00-04:00,72.69999694824219,73.55999755859375,72.69999694824219,73.25,22995,0.0,0.0
2024-07-23 10:30:00-04:00,73.54000091552734,73.79000091552734,73.02999877929688,73.37999725341797,41719,0.0,0.0
2024-07-23 11:30:00-04:00,73.3324966430664,73.44999694824219,72.72000122070312,72.76000213623047,21580,0.0,0.0
2024-07-23 12:30:00-04:00,72.76000213623047,72.91000366210938,72.60279846191406,72.9000015258789,14130,0.0,0.0
2024-07-23 13:30:00-04:00,72.87000274658203,73.72000122070312,72.86499786376953,73.6500015258789,48955,0.0,0.0
2024-07-23 14:30:00-04:00,73.67500305175781,73.9000015258789,73.4000015258789,73.86499786376953,32617,0.0,0.0
2024-07-23 15:30:00-04:00,73.75,73.75,73.17500305175781,73.27999877929688,50571,0.0,0.0
2024-07-24 09:30:00-04:00,72.91000366210938,73.62999725341797,72.91000366210938,73.44000244140625,21515,0.0,0.0
2024-07-24 10:30:00-04:00,73.4749984741211,73.69000244140625,73.12000274658203,73.19999694824219,27446,0.0,0.0
2024-07-24 11:30:00-04:00,73.30999755859375,73.72000122070312,73.08999633789062,73.51499938964844,31086,0.0,0.0
2024-07-24 12:30:00-04:00,73.47000122070312,73.58999633789062,72.9000015258789,73.1500015258789,20157,0.0,0.0
2024-07-24 13:30:00-04:00,73.05999755859375,73.23999786376953,72.80000305175781,73.01000213623047,14410,0.0,0.0
2024-07-24 14:30:00-04:00,72.91000366210938,72.91000366210938,72.18000030517578,72.33999633789062,24027,0.0,0.0
2024-07-24 15:30:00-04:00,72.30500030517578,72.76000213623047,72.16999816894531,72.33000183105469,49789,0.0,0.0
2024-07-25 09:30:00-04:00,72.79000091552734,73.30999755859375,71.8499984741211,73.19000244140625,30067,0.0,0.0
2024-07-25 10:30:00-04:00,73.25499725341797,74.12000274658203,72.91000366210938,73.93000030517578,34287,0.0,0.0
2024-07-25 11:30:00-04:00,73.81999969482422,74.38999938964844,73.68000030517578,74.22000122070312,54711,0.0,0.0
2024-07-25 12:30:00-04:00,74.22000122070312,74.56999969482422,74.16000366210938,74.33999633789062,29159,0.0,0.0
2024-07-25 13:30:00-04:00,74.38999938964844,74.61000061035156,74.125,74.19000244140625,58395,0.0,0.0
2024-07-25 14:30:00-04:00,74.1500015258789,74.2300033569336,73.56999969482422,73.88999938964844,53862,0.0,0.0
2024-07-25 15:30:00-04:00,73.94000244140625,74.06999969482422,73.18000030517578,73.18000030517578,95844,0.0,0.0
2024-07-26 09:30:00-04:00,74.47000122070312,75.3499984741211,74.47000122070312,74.7300033569336,34257,0.0,0.0
2024-07-26 10:30:00-04:00,74.72000122070312,74.72000122070312,73.83000183105469,73.97000122070312,20494,0.0,0.0
2024-07-26 11:30:00-04:00,73.9800033569336,74.0999984741211,73.72000122070312,73.97000122070312,15628,0.0,0.0
2024-07-26 12:30:00-04:00,73.99500274658203,74.09500122070312,73.58999633789062,74.06500244140625,40684,0.0,0.0
2024-07-26 13:30:00-04:00,74.0199966430664,74.23999786376953,73.7300033569336,73.9800033569336,30901,0.0,0.0
2024-07-26 14:30:00-04:00,73.84500122070312,74.13999938964844,73.69000244140625,73.97000122070312,18340,0.0,0.0
2024-07-26 15:30:00-04:00,73.94999694824219,74.51000213623047,73.68000030517578,74.33000183105469,55878,0.0,0.0
2024-07-29 09:30:00-04:00,74.75,75.12999725341797,74.3499984741211,74.43000030517578,51358,0.0,0.0
2024-07-29 10:30:00-04:00,74.30000305175781,74.41999816894531,73.87999725341797,74.18000030517578,23534,0.0,0.0
2024-07-29 11:30:00-04:00,74.1050033569336,74.61799621582031,73.80000305175781,74.4800033569336,30198,0.0,0.0
2024-07-29 12:30:00-04:00,74.54000091552734,74.61000061035156,73.9800033569336,73.9800033569336,26673,0.0,0.0
2024-07-29 13:30:00-04:00,73.97250366210938,73.98999786376953,73.73999786376953,73.9800033569336,23895,0.0,0.0
2024-07-29 14:30:00-04:00,73.93499755859375,74.51000213623047,73.88999938964844,74.43499755859375,68068,0.0,0.0
2024-07-29 15:30:00-04:00,74.46399688720703,76.4800033569336,74.30000305175781,75.06999969482422,166948,0.0,0.0
2024-07-30 09:30:00-04:00,67.5,73.36000061035156,67.22000122070312,72.91999816894531,197881,0.0,0.0
2024-07-30 10:30:00-04:00,72.98999786376953,73.91000366210938,71.66500091552734,72.69000244140625,174994,0.0,0.0
2024-07-30 11:30:00-04:00,72.7699966430664,74.55390167236328,72.7699966430664,73.44999694824219,111473,0.0,0.0
2024-07-30 12:30:00-04:00,73.33000183105469,73.68000030517578,72.7699966430664,72.93000030517578,28111,0.0,0.0
2024-07-30 13:30:00-04:00,73.12999725341797,73.73999786376953,72.76000213623047,73.35160064697266,36410,0.0,0.0
2024-07-30 14:30:00-04:00,73.30999755859375,73.62000274658203,72.91500091552734,73.55000305175781,63009,0.0,0.0
2024-07-30 15:30:00-04:00,73.51000213623047,73.6500015258789,73.0,73.5999984741211,165909,0.0,0.0
2024-07-31 09:30:00-04:00,74.41000366210938,74.88999938964844,73.61000061035156,74.49500274658203,77182,0.0,0.0
2024-07-31 10:30:00-04:00,74.58999633789062,75.06999969482422,74.48500061035156,74.76000213623047,37611,0.0,0.0
2024-07-31 11:30:00-04:00,74.77999877929688,75.62000274658203,74.70999908447266,75.55999755859375,27678,0.0,0.0
2024-07-31 12:30:00-04:00,75.55999755859375,75.87999725341797,75.25,75.25,28911,0.0,0.0
2024-07-31 13:30:00-04:00,75.20999908447266,75.44000244140625,74.83000183105469,75.37999725341797,91748,0.0,0.0
2024-07-31 14:30:00-04:00,75.37000274658203,76.83999633789062,75.33499908447266,75.6500015258789,59715,0.0,0.0
2024-07-31 15:30:00-04:00,75.62999725341797,76.05000305175781,75.02999877929688,75.41000366210938,129105,0.0,0.0
2024-08-01 09:30:00-04:00,75.27999877929688,75.79000091552734,73.81999969482422,73.93000030517578,0,0.0,0.0
2024-08-01 10:30:00-04:00,73.78250122070312,74.12999725341797,71.68000030517578,72.87000274658203,119989,0.0,0.0
2024-08-01 11:30:00-04:00,72.77999877929688,73.0199966430664,72.11000061035156,72.37000274658203,90863,0.0,0.0
2024-08-01 12:30:00-04:00,72.37000274658203,72.44000244140625,71.78500366210938,71.94999694824219,23734,0.0,0.0
2024-08-01 13:30:00-04:00,72.00499725341797,72.51000213623047,71.5999984741211,71.76000213623047,110991,0.0,0.0
2024-08-01 14:30:00-04:00,71.70999908447266,71.70999908447266,71.05000305175781,71.49500274658203,48942,0.0,0.0
2024-08-01 15:30:00-04:00,71.52999877929688,72.8499984741211,71.5250015258789,72.7300033569336,209427,0.0,0.0
2024-08-02 09:30:00-04:00,69.33000183105469,69.91000366210938,65.13999938964844,65.58999633789062,179824,0.0,0.0
2024-08-02 10:30:00-04:00,65.81999969482422,65.88500213623047,64.79000091552734,64.91000366210938,55003,0.0,0.0
2024-08-02 11:30:00-04:00,64.91000366210938,65.48999786376953,64.80999755859375,65.30000305175781,55846,0.0,0.0
2024-08-02 12:30:00-04:00,65.30000305175781,65.31999969482422,64.51000213623047,64.69999694824219,38408,0.0,0.0
2024-08-02 13:30:00-04:00,64.68000030517578,64.68000030517578,64.04000091552734,64.59500122070312,51913,0.0,0.0
2024-08-02 14:30:00-04:00,64.5999984741211,65.05000305175781,64.375,64.83000183105469,58563,0.0,0.0
2024-08-02 15:30:00-04:00,64.8499984741211,65.23999786376953,64.37000274658203,65.08999633789062,128973,0.0,0.0
2024-08-05 09:30:00-04:00,62.58000183105469,63.970001220703125,61.66999816894531,63.36000061035156,103863,0.0,0.0
2024-08-05 10:30:00-04:00,63.53499984741211,64.55999755859375,63.53499984741211,64.36000061035156,34704,0.0,0.0
2024-08-05 11:30:00-04:00,64.44000244140625,65.70999908447266,64.33999633789062,65.63999938964844,45513,0.0,0.0
2024-08-05 12:30:00-04:00,65.87999725341797,66.05000305175781,65.33999633789062,65.94000244140625,84381,0.0,0.0
2024-08-05 13:30:00-04:00,65.95999908447266,66.19999694824219,65.73999786376953,65.87999725341797,67269,0.0,0.0
2024-08-05 14:30:00-04:00,65.84500122070312,65.9800033569336,65.32499694824219,65.95999908447266,105241,0.0,0.0
2024-08-05 15:30:00-04:00,65.96499633789062,66.0999984741211,65.30999755859375,65.83999633789062,177674,0.0,0.0
2024-08-06 09:30:00-04:00,65.5199966430664,66.94000244140625,65.31999969482422,66.5999984741211,47115,0.0,0.0
2024-08-06 10:30:00-04:00,66.48500061035156,67.69000244140625,66.30999755859375,66.80999755859375,66279,0.0,0.0
2024-08-06 11:30:00-04:00,66.84500122070312,67.69000244140625,66.81500244140625,67.41999816894531,93646,0.0,0.0
2024-08-06 12:30:00-04:00,67.52999877929688,68.0199966430664,67.3550033569336,67.86000061035156,40646,0.0,0.0
2024-08-06 13:30:00-04:00,67.86000061035156,68.42500305175781,67.86000061035156,68.41999816894531,32858,0.0,0.0
2024-08-06 14:30:00-04:00,68.41000366210938,68.57499694824219,67.81999969482422,68.16000366210938,92317,0.0,0.0
2024-08-06 15:30:00-04:00,68.16000366210938,68.18000030517578,67.48999786376953,67.69999694824219,112056,0.0,0.0
2024-08-07 09:30:00-04:00,69.0,69.91999816894531,68.30999755859375,68.62000274658203,75148,0.0,0.0
2024-08-07 10:30:00-04:00,68.4540023803711,69.06999969482422,68.4540023803711,68.91000366210938,65542,0.0,0.0
2024-08-07 11:30:00-04:00,68.83499908447266,68.91999816894531,68.19999694824219,68.67500305175781,42390,0.0,0.0
2024-08-07 12:30:00-04:00,68.67500305175781,68.75499725341797,67.65499877929688,67.77999877929688,44116,0.0,0.0
2024-08-07 13:30:00-04:00,67.77999877929688,67.80000305175781,66.84500122070312,67.03500366210938,45503,0.0,0.0
2024-08-07 14:30:00-04:00,66.98999786376953,67.68000030517578,66.98999786376953,67.56999969482422,56353,0.0,0.0
2024-08-07 15:30:00-04:00,67.58499908447266,67.83999633789062,67.06500244140625,67.16999816894531,89869,0.0,0.0
2024-08-08 09:30:00-04:00,68.12000274658203,69.43000030517578,67.7750015258789,69.33000183105469,38386,0.0,0.0
2024-08-08 10:30:00-04:00,69.38999938964844,69.48999786376953,69.0199966430664,69.21399688720703,41253,0.0,0.0
2024-08-08 11:30:00-04:00,69.41999816894531,69.72000122070312,69.12999725341797,69.12999725341797,32298,0.0,0.0
2024-08-08 12:30:00-04:00,69.12999725341797,69.58999633789062,68.94999694824219,69.54000091552734,27966,0.0,0.0
2024-08-08 13:30:00-04:00,69.66999816894531,69.8550033569336,69.54000091552734,69.66500091552734,32939,0.0,0.0
2024-08-08 14:30:00-04:00,69.61000061035156,69.80999755859375,69.43000030517578,69.68000030517578,45665,0.0,0.0
2024-08-08 15:30:00-04:00,69.56999969482422,70.26000213623047,69.52999877929688,70.16999816894531,73248,0.0,0.0
2024-08-09 09:30:00-04:00,69.69999694824219,70.58999633789062,69.08000183105469,69.7300033569336,28443,0.0,0.0
2024-08-09 10:30:00-04:00,69.62999725341797,69.98999786376953,69.30999755859375,69.30999755859375,37964,0.0,0.0
2024-08-09 11:30:00-04:00,69.375,69.63999938964844,69.36000061035156,69.44000244140625,31756,0.0,0.0
2024-08-09 12:30:00-04:00,69.47000122070312,70.08999633789062,69.47000122070312,70.08999633789062,36526,0.0,0.0
2024-08-09 13:30:00-04:00,69.9800033569336,70.19999694824219,69.5199966430664,69.73999786376953,72719,0.0,0.0
2024-08-09 14:30:00-04:00,69.62999725341797,69.80999755859375,69.4800033569336,69.63999938964844,66177,0.0,0.0
2024-08-09 15:30:00-04:00,69.63500213623047,69.63500213623047,69.19000244140625,69.48999786376953,109593,0.0,0.0
2024-08-12 09:30:00-04:00,69.62999725341797,70.0,68.91999816894531,68.93000030517578,34266,0.0,0.0
2024-08-12 10:30:00-04:00,68.93000030517578,69.37000274658203,68.05999755859375,68.05999755859375,42138,0.0,0.0
2024-08-12 11:30:00-04:00,68.1500015258789,68.23999786376953,67.71499633789062,67.71499633789062,49446,0.0,0.0
2024-08-12 12:30:00-04:00,67.66000366210938,67.94999694824219,67.41999816894531,67.69000244140625,44998,0.0,0.0
2024-08-12 13:30:00-04:00,67.66000366210938,67.91000366210938,67.62999725341797,67.68000030517578,46501,0.0,0.0
2024-08-12 14:30:00-04:00,67.66000366210938,67.94000244140625,67.58999633789062,67.83000183105469,73837,0.0,0.0
2024-08-12 15:30:00-04:00,67.93000030517578,68.19000244140625,67.66000366210938,68.19000244140625,87479,0.0,0.0
2024-08-13 09:30:00-04:00,69.12000274658203,69.81999969482422,68.97000122070312,69.00499725341797,33809,0.0,0.0
2024-08-13 10:30:00-04:00,68.94000244140625,69.12000274658203,68.51000213623047,68.62999725341797,95675,0.0,0.0
2024-08-13 11:30:00-04:00,68.66000366210938,69.20999908447266,68.63999938964844,69.04750061035156,48403,0.0,0.0
2024-08-13 12:30:00-04:00,69.01000213623047,69.45500183105469,68.75,69.16000366210938,51767,0.0,0.0
2024-08-13 13:30:00-04:00,69.19000244140625,69.2125015258789,68.7699966430664,69.16500091552734,56352,0.0,0.0
2024-08-13 14:30:00-04:00,69.16500091552734,69.19000244140625,68.83000183105469,69.05000305175781,49346,0.0,0.0
2024-08-13 15:30:00-04:00,69.08000183105469,69.12000274658203,68.86000061035156,68.9800033569336,131831,0.0,0.0
2024-08-14 09:30:00-04:00,69.62000274658203,69.70999908447266,68.94000244140625,69.18000030517578,39114,0.0,0.0
2024-08-14 10:30:00-04:00,69.12000274658203,69.14749908447266,68.55000305175781,68.66999816894531,24580,0.0,0.0
2024-08-14 11:30:00-04:00,68.7300033569336,69.06999969482422,68.4000015258789,68.47000122070312,27344,0.0,0.0
2024-08-14 12:30:00-04:00,68.5199966430664,68.80999755859375,68.43000030517578,68.80000305175781,23995,0.0,0.0
2024-08-14 13:30:00-04:00,68.75,68.86000061035156,68.58000183105469,68.63999938964844,17345,0.0,0.0
2024-08-14 14:30:00-04:00,68.68000030517578,68.86000061035156,68.34500122070312,68.58999633789062,44113,0.0,0.0
2024-08-14 15:30:00-04:00,68.55000305175781,68.6500015258789,68.37999725341797,68.4000015258789,53245,0.0,0.0
2024-08-15 09:30:00-04:00,70.16999816894531,70.5,70.0,70.25,17021,0.0,0.0
2024-08-15 10:30:00-04:00,70.31999969482422,70.91000366210938,70.19000244140625,70.55999755859375,30725,0.0,0.0
2024-08-15 11:30:00-04:00,70.70999908447266,71.05570220947266,70.54000091552734,71.05570220947266,73696,0.0,0.0
2024-08-15 12:30:00-04:00,70.94999694824219,71.1500015258789,70.67500305175781,71.1500015258789,33577,0.0,0.0
2024-08-15 13:30:00-04:00,71.18000030517578,71.24250030517578,71.05000305175781,71.20999908447266,24918,0.0,0.0
2024-08-15 14:30:00-04:00,71.17500305175781,71.19000244140625,70.79000091552734,70.94000244140625,36067,0.0,0.0
2024-08-15 15:30:00-04:00,70.94999694824219,70.95999908447266,70.61499786376953,70.83999633789062,53676,0.0,0.0
2024-08-16 09:30:00-04:00,70.6500015258789,71.58999633789062,70.6500015258789,70.99500274658203,24462,0.0,0.0
2024-08-16 10:30:00-04:00,70.87000274658203,70.87000274658203,70.16999816894531,70.30999755859375,34107,0.0,0.0
2024-08-16 11:30:00-04:00,70.2979965209961,70.57499694824219,70.27999877929688,70.57499694824219,18957,0.0,0.0
2024-08-16 12:30:00-04:00,70.55999755859375,70.63990020751953,70.42500305175781,70.42500305175781,28679,0.0,0.0
2024-08-16 13:30:00-04:00,70.43000030517578,70.56999969482422,70.37000274658203,70.44999694824219,24550,0.0,0.0
2024-08-16 14:30:00-04:00,70.45999908447266,70.62000274658203,70.44999694824219,70.5,28122,0.0,0.0
2024-08-16 15:30:00-04:00,70.44999694824219,70.55500030517578,70.05999755859375,70.20999908447266,53630,0.0,0.0
2024-08-19 09:30:00-04:00,70.12000274658203,71.07499694824219,70.12000274658203,71.07499694824219,42410,0.0,0.0
2024-08-19 10:30:00-04:00,71.07499694824219,71.41999816894531,70.97000122070312,71.41999816894531,31129,0.0,0.0
2024-08-19 11:30:00-04:00,71.44000244140625,71.70999908447266,71.31999969482422,71.70999908447266,29190,0.0,0.0
2024-08-19 12:30:00-04:00,71.61499786376953,71.63999938964844,71.43499755859375,71.44999694824219,28971,0.0,0.0
2024-08-19 13:30:00-04:00,71.41500091552734,71.61499786376953,71.41000366210938,71.4800033569336,19216,0.0,0.0
2024-08-19 14:30:00-04:00,71.45999908447266,71.71499633789062,71.44999694824219,71.51000213623047,38840,0.0,0.0
2024-08-19 15:30:00-04:00,71.5199966430664,71.69999694824219,71.34500122070312,71.69000244140625,47434,0.0,0.0
2024-08-20 09:30:00-04:00,71.66000366210938,72.0,71.27999877929688,71.28500366210938,21557,0.0,0.0
2024-08-20 10:30:00-04:00,71.27999877929688,71.27999877929688,70.4800033569336,70.4800033569336,31189,0.0,0.0
2024-08-20 11:30:00-04:00,70.51499938964844,70.5999984741211,70.4000015258789,70.4800033569336,27303,0.0,0.0
2024-08-20 12:30:00-04:00,70.50499725341797,70.54499816894531,70.13999938964844,70.13999938964844,28529,0.0,0.0
2024-08-20 13:30:00-04:00,70.13999938964844,70.13999938964844,69.80000305175781,69.80000305175781,32376,0.0,0.0
2024-08-20 14:30:00-04:00,69.83000183105469,69.90499877929688,69.3499984741211,69.3949966430664,61675,0.0,0.0
2024-08-20 15:30:00-04:00,69.375,69.375,68.73999786376953,69.0,81155,0.0,0.0
2024-08-21 09:30:00-04:00,69.62000274658203,70.2300033569336,69.56500244140625,70.2300033569336,29777,0.0,0.0
2024-08-21 10:30:00-04:00,70.13500213623047,70.44999694824219,69.75,70.06999969482422,32538,0.0,0.0
2024-08-21 11:30:00-04:00,70.04000091552734,70.06999969482422,69.91500091552734,69.97000122070312,24757,0.0,0.0
2024-08-21 12:30:00-04:00,69.91000366210938,70.22000122070312,69.88999938964844,70.21499633789062,32285,0.0,0.0
2024-08-21 13:30:00-04:00,70.27999877929688,70.36000061035156,70.13999938964844,70.28500366210938,22439,0.0,0.0
2024-08-21 14:30:00-04:00,70.29000091552734,70.3550033569336,69.98500061035156,70.0250015258789,38065,0.0,0.0
2024-08-21 15:30:00-04:00,70.01010131835938,70.1500015258789,69.98999786376953,70.0,66381,0.0,0.0
2024-08-22 09:30:00-04:00,70.0,70.76000213623047,69.29000091552734,69.50499725341797,32894,0.0,0.0
2024-08-22 10:30:00-04:00,69.4800033569336,69.66000366210938,69.3499984741211,69.58499908447266,30863,0.0,0.0
2024-08-22 11:30:00-04:00,69.61000061035156,69.6500015258789,69.2699966430664,69.63999938964844,20262,0.0,0.0
2024-08-22 12:30:00-04:00,69.6500015258789,69.66999816894531,68.91999816894531,69.04000091552734,23147,0.0,0.0
2024-08-22 13:30:00-04:00,68.9800033569336,68.9800033569336,68.5,68.59500122070312,23333,0.0,0.0
2024-08-22 14:30:00-04:00,68.58999633789062,68.77999877929688,68.37750244140625,68.4000015258789,32034,0.0,0.0
2024-08-22 15:30:00-04:00,68.4000015258789,68.43000030517578,68.0199966430664,68.33000183105469,51452,0.0,0.0
2024-08-23 09:30:00-04:00,68.56999969482422,70.41000366210938,68.56999969482422,70.36000061035156,35151,0.0,0.0
2024-08-23 10:30:00-04:00,70.44000244140625,71.19499969482422,69.91000366210938,71.16000366210938,32919,0.0,0.0
2024-08-23 11:30:00-04:00,71.08999633789062,71.31999969482422,70.55000305175781,70.7300033569336,42436,0.0,0.0
2024-08-23 12:30:00-04:00,70.77999877929688,70.9749984741211,70.52239990234375,70.94999694824219,26463,0.0,0.0
2024-08-23 13:30:00-04:00,70.91000366210938,70.93000030517578,70.6050033569336,70.6050033569336,25375,0.0,0.0
2024-08-23 14:30:00-04:00,70.56999969482422,70.86000061035156,70.5199966430664,70.83000183105469,36166,0.0,0.0
2024-08-23 15:30:00-04:00,70.81999969482422,70.91000366210938,70.58000183105469,70.76000213623047,84037,0.0,0.0
2024-08-26 09:30:00-04:00,71.25,71.33000183105469,70.47000122070312,71.05500030517578,34954,0.0,0.0
2024-08-26 10:30:00-04:00,70.9000015258789,70.9800033569336,70.0,70.12999725341797,37759,0.0,0.0
2024-08-26 11:30:00-04:00,70.0999984741211,70.19000244140625,69.75,69.87999725341797,36961,0.0,0.0
2024-08-26 12:30:00-04:00,69.91999816894531,70.06749725341797,69.80000305175781,70.05000305175781,32692,0.0,0.0
2024-08-26 13:30:00-04:00,70.02999877929688,70.15499877929688,69.9000015258789,70.05500030517578,22787,0.0,0.0
2024-08-26 14:30:00-04:00,70.06500244140625,70.41000366210938,70.0,70.26000213623047,31445,0.0,0.0
2024-08-26 15:30:00-04:00,70.13999938964844,70.13999938964844,69.19000244140625,69.37000274658203,95500,0.0,0.0
2024-08-27 09:30:00-04:00,69.12000274658203,69.41999816894531,68.87000274658203,69.19999694824219,29306,0.0,0.0
2024-08-27 10:30:00-04:00,69.27999877929688,69.3550033569336,68.83499908447266,68.83499908447266,17940,0.0,0.0
2024-08-27 11:30:00-04:00,68.83999633789062,69.02999877929688,68.7750015258789,69.02999877929688,14637,0.0,0.0
2024-08-27 12:30:00-04:00,68.98999786376953,69.43000030517578,68.83000183105469,69.43000030517578,23128,0.0,0.0
2024-08-27 13:30:00-04:00,69.33999633789062,69.45500183105469,69.2249984741211,69.33000183105469,17110,0.0,0.0
2024-08-27 14:30:00-04:00,69.33000183105469,69.38999938964844,69.08999633789062,69.30999755859375,25433,0.0,0.0
2024-08-27 15:30:00-04:00,69.29000091552734,69.3499984741211,68.90499877929688,68.97000122070312,42419,0.0,0.0
2024-08-28 09:30:00-04:00,68.63999938964844,69.73999786376953,68.56759643554688,69.5999984741211,0,0.0,0.0
2024-08-28 10:30:00-04:00,69.7249984741211,69.94999694824219,68.94999694824219,69.02999877929688,26449,0.0,0.0
2024-08-28 11:30:00-04:00,68.99500274658203,69.20999908447266,68.88999938964844,68.94999694824219,26478,0.0,0.0
2024-08-28 12:30:00-04:00,68.87999725341797,69.2750015258789,68.87999725341797,68.98500061035156,25429,0.0,0.0
2024-08-28 13:30:00-04:00,68.98500061035156,69.05999755859375,68.41210174560547,68.46499633789062,34169,0.0,0.0
2024-08-28 14:30:00-04:00,68.47250366210938,68.95500183105469,68.44000244140625,68.8550033569336,81818,0.0,0.0
2024-08-28 15:30:00-04:00,68.86000061035156,68.875,68.31999969482422,68.44999694824219,80359,0.0,0.0
2024-08-29 09:30:00-04:00,69.02999877929688,69.90869903564453,68.6500015258789,69.72000122070312,50492,0.0,0.0
2024-08-29 10:30:00-04:00,69.76499938964844,70.4749984741211,69.63500213623047,70.4749984741211,58276,0.0,0.0
2024-08-29 11:30:00-04:00,70.4749984741211,70.62000274658203,70.38500213623047,70.44000244140625,22175,0.0,0.0
2024-08-29 12:30:00-04:00,70.375,70.51000213623047,70.21499633789062,70.36000061035156,25268,0.0,0.0
2024-08-29 13:30:00-04:00,70.38999938964844,70.7699966430664,70.3499984741211,70.38999938964844,43233,0.0,0.0
2024-08-29 14:30:00-04:00,70.37000274658203,70.47000122070312,69.8727035522461,70.08000183105469,65678,0.0,0.0
2024-08-29 15:30:00-04:00,70.07499694824219,70.08000183105469,69.45999908447266,69.55000305175781,85199,0.0,0.0
2024-08-30 09:30:00-04:00,69.70999908447266,70.57499694824219,69.69000244140625,70.12000274658203,36625,0.0,0.0
2024-08-30 10:30:00-04:00,70.19000244140625,70.58999633789062,69.83000183105469,69.83000183105469,28482,0.0,0.0
2024-08-30 11:30:00-04:00,69.8499984741211,69.86499786376953,69.41500091552734,69.6500015258789,39555,0.0,0.0
2024-08-30 12:30:00-04:00,69.58999633789062,70.04499816894531,69.5199966430664,69.76000213623047,34442,0.0,0.0
2024-08-30 13:30:00-04:00,69.70999908447266,69.70999908447266,69.2699966430664,69.58999633789062,28340,0.0,0.0
2024-08-30 14:30:00-04:00,69.58999633789062,70.19000244140625,69.48999786376953,69.9800033569336,59012,0.0,0.0
2024-08-30 15:30:00-04:00,69.98500061035156,70.06500244140625,69.33000183105469,69.33000183105469,165823,0.0,0.0
2024-09-03 09:30:00-04:00,68.54000091552734,70.65499877929688,67.3499984741211,67.51000213623047,200977,0.0,0.0
2024-09-03 10:30:00-04:00,67.5,68.03900146484375,66.9800033569336,67.72000122070312,73555,0.0,0.0
2024-09-03 11:30:00-04:00,67.75,67.86000061035156,67.08000183105469,67.3499984741211,49338,0.0,0.0
2024-09-03 12:30:00-04:00,67.37000274658203,67.4000015258789,66.80999755859375,67.36000061035156,56181,0.0,0.0
2024-09-03 13:30:00-04:00,67.2699966430664,67.51499938964844,66.81999969482422,66.83499908447266,54756,0.0,0.0
2024-09-03 14:30:00-04:00,66.8499984741211,67.16999816894531,66.80999755859375,67.05000305175781,49959,0.0,0.0
2024-09-03 15:30:00-04:00,67.08999633789062,67.08999633789062,66.53500366210938,66.68000030517578,91858,0.0,0.0
2024-09-04 09:30:00-04:00,66.16000366210938,66.66570281982422,65.80999755859375,66.27999877929688,28331,0.0,0.0
2024-09-04 10:30:00-04:00,66.3499984741211,66.83999633789062,66.2300033569336,66.2699966430664,15115,0.0,0.0
2024-09-04 11:30:00-04:00,66.26000213623047,66.6500015258789,66.26000213623047,66.55500030517578,15600,0.0,0.0
2024-09-04 12:30:00-04:00,66.56500244140625,66.7750015258789,66.4625015258789,66.59500122070312,19239,0.0,0.0
2024-09-04 13:30:00-04:00,66.61900329589844,66.91000366210938,66.5199966430664,66.76000213623047,21694,0.0,0.0
2024-09-04 14:30:00-04:00,66.88999938964844,66.88999938964844,66.30000305175781,66.62999725341797,27937,0.0,0.0
2024-09-04 15:30:00-04:00,66.52999877929688,66.9800033569336,66.41999816894531,66.9800033569336,88795,0.0,0.0
2024-09-05 09:30:00-04:00,67.04000091552734,67.0999984741211,66.59500122070312,66.7300033569336,13889,0.0,0.0
2024-09-05 10:30:00-04:00,66.70999908447266,66.70999908447266,65.86000061035156,65.86000061035156,14082,0.0,0.0
2024-09-05 11:30:00-04:00,65.95500183105469,65.95500183105469,65.61499786376953,65.91000366210938,17537,0.0,0.0
2024-09-05 12:30:00-04:00,65.98500061035156,66.0,65.71499633789062,65.93000030517578,19310,0.0,0.0
2024-09-05 13:30:00-04:00,65.94000244140625,66.23999786376953,65.94000244140625,66.04000091552734,17293,0.0,0.0
2024-09-05 14:30:00-04:00,66.12000274658203,66.2699966430664,65.61499786376953,65.88999938964844,27643,0.0,0.0
2024-09-05 15:30:00-04:00,65.87000274658203,66.00900268554688,65.27999877929688,65.55999755859375,50878,0.0,0.0
2024-09-06 09:30:00-04:00,65.41000366210938,65.80999755859375,64.51000213623047,64.51000213623047,47332,0.0,0.0
2024-09-06 10:30:00-04:00,64.45999908447266,64.95999908447266,64.25499725341797,64.3499984741211,32966,0.0,0.0
2024-09-06 11:30:00-04:00,64.43000030517578,64.5199966430664,64.2300033569336,64.30999755859375,32139,0.0,0.0
2024-09-06 12:30:00-04:00,64.23999786376953,64.87999725341797,64.23999786376953,64.69000244140625,27203,0.0,0.0
2024-09-06 13:30:00-04:00,64.69000244140625,64.81999969482422,64.29499816894531,64.45999908447266,26432,0.0,0.0
2024-09-06 14:30:00-04:00,64.44000244140625,64.9000015258789,64.26000213623047,64.88999938964844,58170,0.0,0.0
2024-09-06 15:30:00-04:00,64.7699966430664,64.88999938964844,64.19000244140625,64.2300033569336,83595,0.0,0.0
2024-09-09 09:30:00-04:00,64.40499877929688,64.66000366210938,63.20500183105469,64.30000305175781,77228,0.0,0.0
2024-09-09 10:30:00-04:00,64.12999725341797,64.12999725341797,63.88999938964844,64.0999984741211,39052,0.0,0.0
2024-09-09 11:30:00-04:00,64.23999786376953,64.6500015258789,64.22000122070312,64.33000183105469,33754,0.0,0.0
2024-09-09 12:30:00-04:00,64.33999633789062,64.33999633789062,63.86000061035156,63.86000061035156,31196,0.0,0.0
2024-09-09 13:30:00-04:00,63.86199951171875,63.86989974975586,63.13999938964844,63.31999969482422,49018,0.0,0.0
2024-09-09 14:30:00-04:00,63.31999969482422,63.400001525878906,63.11000061035156,63.34000015258789,56301,0.0,0.0
2024-09-09 15:30:00-04:00,63.38999938964844,63.415000915527344,62.92499923706055,62.97999954223633,109505,0.0,0.0
2024-09-10 09:30:00-04:00,62.90999984741211,63.91999816894531,62.7599983215332,63.91999816894531,63657,0.0,0.0
2024-09-10 10:30:00-04:00,63.84000015258789,64.28109741210938,63.717498779296875,64.23999786376953,25054,0.0,0.0
2024-09-10 11:30:00-04:00,64.23999786376953,64.23999786376953,63.47999954223633,63.4900016784668,22475,0.0,0.0
2024-09-10 12:30:00-04:00,63.51499938964844,63.869998931884766,63.470001220703125,63.689998626708984,22704,0.0,0.0
2024-09-10 13:30:00-04:00,63.65999984741211,64.02999877929688,63.630001068115234,64.02999877929688,26421,0.0,0.0
2024-09-10 14:30:00-04:00,64.07499694824219,64.43000030517578,64.04000091552734,64.3499984741211,57393,0.0,0.0
2024-09-10 15:30:00-04:00,64.36000061035156,64.48999786376953,64.16000366210938,64.48999786376953,71086,0.0,0.0
2024-09-11 09:30:00-04:00,64.41000366210938,64.45999908447266,63.20500183105469,63.27000045776367,23683,0.0,0.0
2024-09-11 10:30:00-04:00,63.20000076293945,63.654998779296875,63.029998779296875,63.58000183105469,38483,0.0,0.0
2024-09-11 11:30:00-04:00,63.720001220703125,64.4749984741211,63.720001220703125,64.4749984741211,17769,0.0,0.0
2024-09-11 12:30:00-04:00,64.48500061035156,64.7750015258789,64.4800033569336,64.70999908447266,15437,0.0,0.0
2024-09-11 13:30:00-04:00,64.66999816894531,65.05000305175781,64.66999816894531,65.01000213623047,21958,0.0,0.0
2024-09-11 14:30:00-04:00,65.05000305175781,65.19999694824219,64.80000305175781,65.00499725341797,35403,0.0,0.0
2024-09-11 15:30:00-04:00,65.04000091552734,65.5199966430664,65.04000091552734,65.44999694824219,51389,0.0,0.0
2024-09-12 09:30:00-04:00,65.76000213623047,66.0,65.0,65.79000091552734,22140,0.0,0.0
2024-09-12 10:30:00-04:00,65.77999877929688,66.26000213623047,65.76000213623047,66.13999938964844,26830,0.0,0.0
2024-09-12 11:30:00-04:00,66.20500183105469,66.26000213623047,65.94999694824219,66.05000305175781,13578,0.0,0.0
2024-09-12 12:30:00-04:00,66.05000305175781,66.34500122070312,65.70500183105469,65.95999908447266,21051,0.0,0.0
2024-09-12 13:30:00-04:00,66.01249694824219,66.48999786376953,65.97000122070312,66.12999725341797,23959,0.0,0.0
2024-09-12 14:30:00-04:00,66.0999984741211,66.11000061035156,65.69999694824219,65.72000122070312,30630,0.0,0.0
2024-09-12 15:30:00-04:00,65.79000091552734,65.79000091552734,65.41999816894531,65.77999877929688,67928,0.0,0.0
2024-09-13 09:30:00-04:00,66.75,67.4000015258789,66.45469665527344,66.77999877929688,19697,0.0,0.0
2024-09-13 10:30:00-04:00,66.66000366210938,67.04000091552734,66.58999633789062,66.88999938964844,17749,0.0,0.0
2024-09-13 11:30:00-04:00,66.9000015258789,67.3499984741211,66.8550033569336,67.2300033569336,14187,0.0,0.0
2024-09-13 12:30:00-04:00,67.2300033569336,67.26000213623047,67.09500122070312,67.09500122070312,16805,0.0,0.0
2024-09-13 13:30:00-04:00,67.17500305175781,67.29000091552734,66.72000122070312,66.7750015258789,15911,0.0,0.0
2024-09-13 14:30:00-04:00,66.76499938964844,67.06990051269531,66.62999725341797,66.9800033569336,26161,0.0,0.0
2024-09-13 15:30:00-04:00,67.0,67.12000274658203,66.81999969482422,67.11000061035156,39050,0.0,0.0
2024-09-16 09:30:00-04:00,67.33000183105469,67.66999816894531,66.72000122070312,66.9000015258789,29185,0.0,0.0
2024-09-16 10:30:00-04:00,66.87999725341797,66.87999725341797,66.58999633789062,66.62999725341797,43402,0.0,0.0
2024-09-16 11:30:00-04:00,66.6500015258789,66.99669647216797,66.6500015258789,66.98999786376953,17257,0.0,0.0
2024-09-16 12:30:00-04:00,67.0,67.16000366210938,66.9800033569336,67.125,15456,0.0,0.0
2024-09-16 13:30:00-04:00,67.16000366210938,67.36000061035156,67.16000366210938,67.33499908447266,19289,0.0,0.0
2024-09-16 14:30:00-04:00,67.25,67.61000061035156,67.20500183105469,67.23999786376953,33389,0.0,0.0
2024-09-16 15:30:00-04:00,67.27999877929688,67.6500015258789,67.1050033569336,67.62999725341797,77683,0.0,0.0
2024-09-17 09:30:00-04:00,68.58000183105469,69.09750366210938,68.2300033569336,68.70999908447266,34537,0.0,0.0
2024-09-17 10:30:00-04:00,68.7300033569336,69.25,68.5999984741211,69.1500015258789,27678,0.0,0.0
2024-09-17 11:30:00-04:00,69.05999755859375,69.26000213623047,68.57499694824219,68.6500015258789,17997,0.0,0.0
2024-09-17 12:30:00-04:00,68.68000030517578,68.68000030517578,67.8427963256836,68.15499877929688,15131,0.0,0.0
2024-09-17 13:30:00-04:00,68.2300033569336,68.2300033569336,67.91999816894531,68.08000183105469,18704,0.0,0.0
2024-09-17 14:30:00-04:00,68.0999984741211,68.20999908447266,67.93000030517578,68.1449966430664,28432,0.0,0.0
2024-09-17 15:30:00-04:00,68.12000274658203,68.51000213623047,67.95999908447266,68.5,53140,0.0,0.0
2024-09-18 09:30:00-04:00,68.5,69.16000366210938,68.5,68.7249984741211,25620,0.0,0.0
2024-09-18 10:30:00-04:00,68.69000244140625,68.83999633789062,68.4990005493164,68.80999755859375,28333,0.0,0.0
2024-09-18 11:30:00-04:00,68.7699966430664,68.80500030517578,68.44000244140625,68.56500244140625,18433,0.0,0.0
2024-09-18 12:30:00-04:00,68.5,68.51499938964844,68.2699966430664,68.4749984741211,23330,0.0,0.0
2024-09-18 13:30:00-04:00,68.4749984741211,70.4000015258789,68.4749984741211,69.8499984741211,62296,0.0,0.0
2024-09-18 14:30:00-04:00,69.79499816894531,69.86000061035156,68.56999969482422,68.8550033569336,93063,0.0,0.0
2024-09-18 15:30:00-04:00,68.91000366210938,68.98999786376953,68.01000213623047,68.3499984741211,64717,0.0,0.0
2024-09-19 09:30:00-04:00,70.61000061035156,70.61000061035156,69.4020004272461,69.83999633789062,43644,0.0,0.0
2024-09-19 10:30:00-04:00,69.93000030517578,70.0999984741211,69.06999969482422,69.32499694824219,25745,0.0,0.0
2024-09-19 11:30:00-04:00,69.2300033569336,69.31999969482422,68.87000274658203,69.19999694824219,33685,0.0,0.0
2024-09-19 12:30:00-04:00,69.18000030517578,69.55000305175781,69.18000030517578,69.33000183105469,19754,0.0,0.0
2024-09-19 13:30:00-04:00,69.33000183105469,69.52999877929688,69.18000030517578,69.30999755859375,24813,0.0,0.0
2024-09-19 14:30:00-04:00,69.31999969482422,69.38999938964844,68.97000122070312,69.16000366210938,32413,0.0,0.0
2024-09-19 15:30:00-04:00,69.13999938964844,69.69000244140625,69.13999938964844,69.61000061035156,56245,0.0,0.0
2024-09-20 09:30:00-04:00,69.29000091552734,69.83000183105469,69.0636978149414,69.77999877929688,157860,0.0,0.0
2024-09-20 10:30:00-04:00,69.7300033569336,69.96499633789062,69.16000366210938,69.16000366210938,19074,0.0,0.0
2024-09-20 11:30:00-04:00,69.18000030517578,69.53500366210938,68.93000030517578,69.38999938964844,41406,0.0,0.0
2024-09-20 12:30:00-04:00,69.36000061035156,69.81749725341797,69.36000061035156,69.62000274658203,19009,0.0,0.0
2024-09-20 13:30:00-04:00,69.5999984741211,69.5999984741211,68.87139892578125,68.87139892578125,21048,0.0,0.0
2024-09-20 14:30:00-04:00,68.91999816894531,69.32499694824219,68.81999969482422,69.30999755859375,36562,0.0,0.0
2024-09-20 15:30:00-04:00,69.2699966430664,69.38999938964844,68.72000122070312,69.04000091552734,91722,0.0,0.0
