Datetime,Open,High,Low,Close,Volume,Dividends,Stock Splits
2024-05-15 09:30:00-04:00,8.609999656677246,8.649999618530273,8.475000381469727,8.489999771118164,119112,0.0,0.0
2024-05-15 10:30:00-04:00,8.5,8.625,8.489999771118164,8.619999885559082,81677,0.0,0.0
2024-05-15 11:30:00-04:00,8.630000114440918,8.680000305175781,8.625,8.680000305175781,52601,0.0,0.0
2024-05-15 12:30:00-04:00,8.680000305175781,8.760000228881836,8.670000076293945,8.755000114440918,73139,0.0,0.0
2024-05-15 13:30:00-04:00,8.760000228881836,8.779999732971191,8.739999771118164,8.760000228881836,70876,0.0,0.0
2024-05-15 14:30:00-04:00,8.765000343322754,8.789999961853027,8.760000228881836,8.770000457763672,85010,0.0,0.0
2024-05-15 15:30:00-04:00,8.765000343322754,8.84000015258789,8.755000114440918,8.84000015258789,217970,0.0,0.0
2024-05-16 09:30:00-04:00,8.800000190734863,8.8100004196167,8.6899995803833,8.760000228881836,390260,0.0,0.0
2024-05-16 10:30:00-04:00,8.760000228881836,8.789999961853027,8.75,8.760000228881836,126820,0.0,0.0
2024-05-16 11:30:00-04:00,8.760000228881836,8.770000457763672,8.729999542236328,8.744999885559082,126935,0.0,0.0
2024-05-16 12:30:00-04:00,8.75,8.760000228881836,8.694999694824219,8.704999923706055,140256,0.0,0.0
2024-05-16 13:30:00-04:00,8.704999923706055,8.70989990234375,8.619999885559082,8.649999618530273,167822,0.0,0.0
2024-05-16 14:30:00-04:00,8.649999618530273,8.6899995803833,8.640000343322754,8.675000190734863,123718,0.0,0.0
2024-05-16 15:30:00-04:00,8.670000076293945,8.670000076293945,8.630000114440918,8.640000343322754,316341,0.0,0.0
2024-05-17 09:30:00-04:00,8.640000343322754,8.689900398254395,8.625,8.675000190734863,199637,0.0,0.0
2024-05-17 10:30:00-04:00,8.675000190734863,8.680000305175781,8.609999656677246,8.609999656677246,142740,0.0,0.0
2024-05-17 11:30:00-04:00,8.609999656677246,8.670000076293945,8.59000015258789,8.604999542236328,331528,0.0,0.0
2024-05-17 12:30:00-04:00,8.604999542236328,8.619999885559082,8.59000015258789,8.614999771118164,208811,0.0,0.0
2024-05-17 13:30:00-04:00,8.619999885559082,8.6899995803833,8.609999656677246,8.680000305175781,186907,0.0,0.0
2024-05-17 14:30:00-04:00,8.6899995803833,8.710000038146973,8.670000076293945,8.6850004196167,333841,0.0,0.0
2024-05-17 15:30:00-04:00,8.6850004196167,8.688799858093262,8.649999618530273,8.649999618530273,393499,0.0,0.0
2024-05-20 09:30:00-04:00,8.8100004196167,9.010000228881836,8.770000457763672,9.0,551447,0.0,0.0
2024-05-20 10:30:00-04:00,8.989999771118164,9.015000343322754,8.9399995803833,8.944999694824219,240505,0.0,0.0
2024-05-20 11:30:00-04:00,8.944999694824219,8.949999809265137,8.869999885559082,8.869999885559082,236694,0.0,0.0
2024-05-20 12:30:00-04:00,8.869999885559082,8.879899978637695,8.819999694824219,8.869999885559082,320688,0.0,0.0
2024-05-20 13:30:00-04:00,8.864999771118164,8.890000343322754,8.819999694824219,8.845000267028809,311434,0.0,0.0
2024-05-20 14:30:00-04:00,8.845000267028809,8.869999885559082,8.819999694824219,8.829999923706055,294911,0.0,0.0
2024-05-20 15:30:00-04:00,8.830100059509277,8.84000015258789,8.8100004196167,8.84000015258789,542195,0.0,0.0
2024-05-21 09:30:00-04:00,8.800000190734863,8.800000190734863,8.664999961853027,8.744999885559082,826107,0.0,0.0
2024-05-21 10:30:00-04:00,8.744999885559082,8.8100004196167,8.739999771118164,8.78499984741211,365253,0.0,0.0
2024-05-21 11:30:00-04:00,8.789999961853027,8.800000190734863,8.6899995803833,8.710000038146973,208335,0.0,0.0
2024-05-21 12:30:00-04:00,8.704999923706055,8.739999771118164,8.699999809265137,8.720000267028809,128684,0.0,0.0
2024-05-21 13:30:00-04:00,8.725000381469727,8.746000289916992,8.720000267028809,8.729999542236328,206124,0.0,0.0
2024-05-21 14:30:00-04:00,8.729999542236328,8.75,8.720000267028809,8.739999771118164,189471,0.0,0.0
2024-05-21 15:30:00-04:00,8.744999885559082,8.765000343322754,8.739999771118164,8.75,350645,0.0,0.0
2024-05-22 09:30:00-04:00,8.710000038146973,8.710000038146973,8.425000190734863,8.449999809265137,784909,0.0,0.0
2024-05-22 10:30:00-04:00,8.449999809265137,8.520000457763672,8.449999809265137,8.470000267028809,496552,0.0,0.0
2024-05-22 11:30:00-04:00,8.460000038146973,8.510000228881836,8.45989990234375,8.510000228881836,406448,0.0,0.0
2024-05-22 12:30:00-04:00,8.505000114440918,8.5600004196167,8.45989990234375,8.460000038146973,542496,0.0,0.0
2024-05-22 13:30:00-04:00,8.454999923706055,8.460000038146973,8.369999885559082,8.369999885559082,568204,0.0,0.0
2024-05-22 14:30:00-04:00,8.369999885559082,8.369999885559082,8.305000305175781,8.319999694824219,696198,0.0,0.0
2024-05-22 15:30:00-04:00,8.324999809265137,8.420000076293945,8.319999694824219,8.420000076293945,1031770,0.0,0.0
2024-05-23 09:30:00-04:00,8.489999771118164,8.595000267028809,8.40999984741211,8.425000190734863,717832,0.0,0.0
2024-05-23 10:30:00-04:00,8.425000190734863,8.425000190734863,8.324999809265137,8.354999542236328,607009,0.0,0.0
2024-05-23 11:30:00-04:00,8.354999542236328,8.430000305175781,8.329999923706055,8.430000305175781,334873,0.0,0.0
2024-05-23 12:30:00-04:00,8.430000305175781,8.449999809265137,8.369999885559082,8.40999984741211,562712,0.0,0.0
2024-05-23 13:30:00-04:00,8.40999984741211,8.425000190734863,8.289999961853027,8.305000305175781,578447,0.0,0.0
2024-05-23 14:30:00-04:00,8.300000190734863,8.3100004196167,8.229999542236328,8.239999771118164,555366,0.0,0.0
2024-05-23 15:30:00-04:00,8.239999771118164,8.3100004196167,8.23900032043457,8.300000190734863,567429,0.0,0.0
2024-05-24 09:30:00-04:00,8.369999885559082,8.460000038146973,8.350000381469727,8.430000305175781,597438,0.0,0.0
2024-05-24 10:30:00-04:00,8.430000305175781,8.489999771118164,8.399999618530273,8.479999542236328,534494,0.0,0.0
2024-05-24 11:30:00-04:00,8.479999542236328,8.510000228881836,8.4399995803833,8.449999809265137,322481,0.0,0.0
2024-05-24 12:30:00-04:00,8.460000038146973,8.470000267028809,8.430000305175781,8.449999809265137,410262,0.0,0.0
2024-05-24 13:30:00-04:00,8.449999809265137,8.475000381469727,8.4399995803833,8.444999694824219,359772,0.0,0.0
2024-05-24 14:30:00-04:00,8.449999809265137,8.470000267028809,8.40999984741211,8.414999961853027,375368,0.0,0.0
2024-05-24 15:30:00-04:00,8.414999961853027,8.4399995803833,8.399999618530273,8.404999732971191,404483,0.0,0.0
2024-05-28 09:30:00-04:00,8.510000228881836,8.585000038146973,8.479999542236328,8.529999732971191,559919,0.0,0.0
2024-05-28 10:30:00-04:00,8.529999732971191,8.59000015258789,8.489999771118164,8.574999809265137,376558,0.0,0.0
2024-05-28 11:30:00-04:00,8.579999923706055,8.625,8.550000190734863,8.555000305175781,412258,0.0,0.0
2024-05-28 12:30:00-04:00,8.555000305175781,8.59000015258789,8.555000305175781,8.579999923706055,264751,0.0,0.0
2024-05-28 13:30:00-04:00,8.585000038146973,8.600000381469727,8.550000190734863,8.550000190734863,213595,0.0,0.0
2024-05-28 14:30:00-04:00,8.555000305175781,8.579999923706055,8.529899597167969,8.5600004196167,411219,0.0,0.0
2024-05-28 15:30:00-04:00,8.5600004196167,8.61989974975586,8.550000190734863,8.5649995803833,938817,0.0,0.0
2024-05-29 09:30:00-04:00,8.510000228881836,8.539999961853027,8.449999809265137,8.510000228881836,257765,0.0,0.0
2024-05-29 10:30:00-04:00,8.505000114440918,8.515000343322754,8.4399995803833,8.4399995803833,264665,0.0,0.0
2024-05-29 11:30:00-04:00,8.4399995803833,8.444999694824219,8.390000343322754,8.4350004196167,151185,0.0,0.0
2024-05-29 12:30:00-04:00,8.4399995803833,8.444999694824219,8.399999618530273,8.414999961853027,169076,0.0,0.0
2024-05-29 13:30:00-04:00,8.420000076293945,8.420000076293945,8.375,8.414999961853027,153414,0.0,0.0
2024-05-29 14:30:00-04:00,8.40999984741211,8.430000305175781,8.369999885559082,8.420000076293945,181278,0.0,0.0
2024-05-29 15:30:00-04:00,8.420000076293945,8.4399995803833,8.40999984741211,8.430000305175781,270053,0.0,0.0
2024-05-30 09:30:00-04:00,8.40999984741211,8.569999694824219,8.40999984741211,8.539999961853027,260382,0.0,0.0
2024-05-30 10:30:00-04:00,8.539999961853027,8.5649995803833,8.520000457763672,8.539999961853027,216873,0.0,0.0
2024-05-30 11:30:00-04:00,8.539999961853027,8.545000076293945,8.494999885559082,8.520000457763672,214005,0.0,0.0
2024-05-30 12:30:00-04:00,8.520000457763672,8.5649995803833,8.520000457763672,8.545000076293945,263901,0.0,0.0
2024-05-30 13:30:00-04:00,8.550000190734863,8.550000190734863,8.510000228881836,8.520000457763672,190934,0.0,0.0
2024-05-30 14:30:00-04:00,8.520000457763672,8.545000076293945,8.510000228881836,8.515000343322754,217059,0.0,0.0
2024-05-30 15:30:00-04:00,8.510000228881836,8.524999618530273,8.479999542236328,8.520000457763672,313072,0.0,0.0
2024-05-31 09:30:00-04:00,8.579999923706055,8.630000114440918,8.550000190734863,8.595000267028809,225344,0.0,0.0
2024-05-31 10:30:00-04:00,8.59000015258789,8.609999656677246,8.5600004196167,8.595000267028809,249819,0.0,0.0
2024-05-31 11:30:00-04:00,8.595000267028809,8.614999771118164,8.574999809265137,8.604999542236328,208953,0.0,0.0
2024-05-31 12:30:00-04:00,8.604999542236328,8.625,8.59000015258789,8.614999771118164,131351,0.0,0.0
2024-05-31 13:30:00-04:00,8.614999771118164,8.65999984741211,8.609999656677246,8.649999618530273,209043,0.0,0.0
2024-05-31 14:30:00-04:00,8.649999618530273,8.65999984741211,8.630000114440918,8.649999618530273,182824,0.0,0.0
2024-05-31 15:30:00-04:00,8.649999618530273,8.710000038146973,8.640000343322754,8.699999809265137,497473,0.0,0.0
2024-06-03 09:30:00-04:00,8.710000038146973,8.710000038146973,8.484999656677246,8.494999885559082,413558,0.0,0.0
2024-06-03 10:30:00-04:00,8.470000267028809,8.479999542236328,8.364999771118164,8.404999732971191,265614,0.0,0.0
2024-06-03 11:30:00-04:00,8.338899612426758,8.338899612426758,8.25,8.260000228881836,136864,0.0,0.0
2024-06-03 12:30:00-04:00,8.255000114440918,8.279999732971191,8.191200256347656,8.204999923706055,218396,0.0,0.0
2024-06-03 13:30:00-04:00,8.199999809265137,8.210000038146973,8.109999656677246,8.1850004196167,353909,0.0,0.0
2024-06-03 14:30:00-04:00,8.1850004196167,8.210000038146973,8.149999618530273,8.180000305175781,345374,0.0,0.0
2024-06-03 15:30:00-04:00,8.170000076293945,8.1899995803833,8.140000343322754,8.1899995803833,410893,0.0,0.0
2024-06-04 09:30:00-04:00,8.005000114440918,8.050000190734863,7.800000190734863,7.889999866485596,766632,0.0,0.0
2024-06-04 10:30:00-04:00,7.889999866485596,7.940000057220459,7.824999809265137,7.925000190734863,392600,0.0,0.0
2024-06-04 11:30:00-04:00,7.929999828338623,7.940000057220459,7.849999904632568,7.934999942779541,296721,0.0,0.0
2024-06-04 12:30:00-04:00,7.934999942779541,7.940000057220459,7.820000171661377,7.838799953460693,322366,0.0,0.0
2024-06-04 13:30:00-04:00,7.840000152587891,7.914999961853027,7.829999923706055,7.894999980926514,365004,0.0,0.0
2024-06-04 14:30:00-04:00,7.889999866485596,7.898600101470947,7.824999809265137,7.860000133514404,295241,0.0,0.0
2024-06-04 15:30:00-04:00,7.855000019073486,7.875,7.829999923706055,7.84499979019165,584237,0.0,0.0
2024-06-05 09:30:00-04:00,7.920000076293945,7.949999809265137,7.849899768829346,7.9028000831604,261232,0.0,0.0
2024-06-05 10:30:00-04:00,7.909999847412109,7.960000038146973,7.849999904632568,7.864999771118164,244722,0.0,0.0
2024-06-05 11:30:00-04:00,7.864999771118164,7.889999866485596,7.829999923706055,7.860000133514404,254858,0.0,0.0
2024-06-05 12:30:00-04:00,7.864999771118164,7.889999866485596,7.809999942779541,7.829999923706055,494095,0.0,0.0
2024-06-05 13:30:00-04:00,7.835000038146973,7.860000133514404,7.820000171661377,7.820000171661377,184082,0.0,0.0
2024-06-05 14:30:00-04:00,7.829999923706055,7.864999771118164,7.824999809265137,7.84499979019165,389510,0.0,0.0
2024-06-05 15:30:00-04:00,7.840000152587891,7.855000019073486,7.809999942779541,7.84499979019165,672769,0.0,0.0
2024-06-06 09:30:00-04:00,7.860000133514404,7.949999809265137,7.860000133514404,7.909999847412109,199753,0.0,0.0
2024-06-06 10:30:00-04:00,7.900000095367432,7.909999847412109,7.864999771118164,7.900000095367432,153422,0.0,0.0
2024-06-06 11:30:00-04:00,7.900000095367432,7.929999828338623,7.880000114440918,7.889999866485596,174466,0.0,0.0
2024-06-06 12:30:00-04:00,7.889999866485596,7.927499771118164,7.880000114440918,7.923900127410889,183802,0.0,0.0
2024-06-06 13:30:00-04:00,7.925000190734863,7.989999771118164,7.920000076293945,7.974999904632568,216930,0.0,0.0
2024-06-06 14:30:00-04:00,7.974999904632568,8.0,7.960000038146973,7.989999771118164,149612,0.0,0.0
2024-06-06 15:30:00-04:00,7.989999771118164,7.989999771118164,7.960000038146973,7.960000038146973,284015,0.0,0.0
2024-06-07 09:30:00-04:00,7.980000019073486,7.980000019073486,7.849999904632568,7.949999809265137,207666,0.0,0.0
2024-06-07 10:30:00-04:00,7.954999923706055,7.960000038146973,7.849999904632568,7.855000019073486,242894,0.0,0.0
2024-06-07 11:30:00-04:00,7.855000019073486,7.869999885559082,7.829999923706055,7.869999885559082,123918,0.0,0.0
2024-06-07 12:30:00-04:00,7.864999771118164,7.880000114440918,7.849999904632568,7.875,103397,0.0,0.0
2024-06-07 13:30:00-04:00,7.875,7.900000095367432,7.849999904632568,7.869999885559082,136016,0.0,0.0
2024-06-07 14:30:00-04:00,7.864999771118164,7.869999885559082,7.840000152587891,7.849999904632568,123720,0.0,0.0
2024-06-07 15:30:00-04:00,7.860000133514404,7.860000133514404,7.829999923706055,7.840000152587891,301566,0.0,0.0
2024-06-10 09:30:00-04:00,7.909999847412109,7.940000057220459,7.835000038146973,7.925000190734863,377506,0.0,0.0
2024-06-10 10:30:00-04:00,7.920000076293945,7.96999979019165,7.909999847412109,7.969900131225586,296516,0.0,0.0
2024-06-10 11:30:00-04:00,7.965000152587891,8.0,7.940000057220459,7.980000019073486,563286,0.0,0.0
2024-06-10 12:30:00-04:00,7.980100154876709,8.03499984741211,7.96999979019165,8.010000228881836,630717,0.0,0.0
2024-06-10 13:30:00-04:00,8.010000228881836,8.0600004196167,7.989999771118164,7.994999885559082,169404,0.0,0.0
2024-06-10 14:30:00-04:00,7.994999885559082,8.020000457763672,7.96999979019165,7.985000133514404,164494,0.0,0.0
2024-06-10 15:30:00-04:00,7.985000133514404,8.010000228881836,7.980000019073486,8.0,302340,0.0,0.0
2024-06-11 09:30:00-04:00,7.960000038146973,7.960000038146973,7.820000171661377,7.889999866485596,589593,0.0,0.0
2024-06-11 10:30:00-04:00,7.889999866485596,7.929999828338623,7.869999885559082,7.909999847412109,269610,0.0,0.0
2024-06-11 11:30:00-04:00,7.914999961853027,7.949999809265137,7.880000114440918,7.894999980926514,143240,0.0,0.0
2024-06-11 12:30:00-04:00,7.889999866485596,7.920000076293945,7.880000114440918,7.894999980926514,170847,0.0,0.0
2024-06-11 13:30:00-04:00,7.900000095367432,7.940000057220459,7.889999866485596,7.920000076293945,129981,0.0,0.0
2024-06-11 14:30:00-04:00,7.919899940490723,7.929999828338623,7.880000114440918,7.894999980926514,249749,0.0,0.0
2024-06-11 15:30:00-04:00,7.894999980926514,7.940000057220459,7.880000114440918,7.920000076293945,445512,0.0,0.0
2024-06-12 09:30:00-04:00,8.09000015258789,8.119999885559082,8.045000076293945,8.09000015258789,267139,0.0,0.0
2024-06-12 10:30:00-04:00,8.095000267028809,8.095000267028809,7.900000095367432,7.90500020980835,304996,0.0,0.0
2024-06-12 11:30:00-04:00,7.900000095367432,7.925000190734863,7.869999885559082,7.889999866485596,166654,0.0,0.0
2024-06-12 12:30:00-04:00,7.894999980926514,7.940000057220459,7.894999980926514,7.909999847412109,144830,0.0,0.0
2024-06-12 13:30:00-04:00,7.909999847412109,7.940000057220459,7.860000133514404,7.914999961853027,187300,0.0,0.0
2024-06-12 14:30:00-04:00,7.920000076293945,7.940000057220459,7.855000019073486,7.864999771118164,324537,0.0,0.0
2024-06-12 15:30:00-04:00,7.869999885559082,7.900000095367432,7.860000133514404,7.880000114440918,512047,0.0,0.0
2024-06-13 09:30:00-04:00,7.900000095367432,7.900000095367432,7.619900226593018,7.630000114440918,366148,0.0,0.0
2024-06-13 10:30:00-04:00,7.639900207519531,7.650000095367432,7.579999923706055,7.590000152587891,271901,0.0,0.0
2024-06-13 11:30:00-04:00,7.579999923706055,7.590000152587891,7.525000095367432,7.559999942779541,298922,0.0,0.0
2024-06-13 12:30:00-04:00,7.559999942779541,7.635000228881836,7.559999942779541,7.614999771118164,127243,0.0,0.0
2024-06-13 13:30:00-04:00,7.610000133514404,7.690000057220459,7.599999904632568,7.6793999671936035,149188,0.0,0.0
2024-06-13 14:30:00-04:00,7.679999828338623,7.679999828338623,7.625,7.644999980926514,118595,0.0,0.0
2024-06-13 15:30:00-04:00,7.644999980926514,7.650000095367432,7.610000133514404,7.639999866485596,370719,0.0,0.0
2024-06-14 09:30:00-04:00,7.559999942779541,7.579999923706055,7.380000114440918,7.400000095367432,522005,0.0,0.0
2024-06-14 10:30:00-04:00,7.400000095367432,7.40500020980835,7.360000133514404,7.385000228881836,381216,0.0,0.0
2024-06-14 11:30:00-04:00,7.380000114440918,7.429999828338623,7.360000133514404,7.40500020980835,238752,0.0,0.0
2024-06-14 12:30:00-04:00,7.40500020980835,7.460000038146973,7.402500152587891,7.440000057220459,168555,0.0,0.0
2024-06-14 13:30:00-04:00,7.434999942779541,7.440000057220459,7.400000095367432,7.40500020980835,199115,0.0,0.0
2024-06-14 14:30:00-04:00,7.40500020980835,7.434999942779541,7.400000095367432,7.420000076293945,170106,0.0,0.0
2024-06-14 15:30:00-04:00,7.420000076293945,7.454999923706055,7.409999847412109,7.440000057220459,265201,0.0,0.0
2024-06-17 09:30:00-04:00,7.420000076293945,7.46999979019165,7.34499979019165,7.380000114440918,307020,0.0,0.0
2024-06-17 10:30:00-04:00,7.375,7.389999866485596,7.340000152587891,7.385000228881836,176898,0.0,0.0
2024-06-17 11:30:00-04:00,7.385000228881836,7.409999847412109,7.360000133514404,7.406400203704834,121530,0.0,0.0
2024-06-17 12:30:00-04:00,7.400000095367432,7.465000152587891,7.394999980926514,7.445000171661377,152316,0.0,0.0
2024-06-17 13:30:00-04:00,7.445000171661377,7.480000019073486,7.421299934387207,7.478799819946289,120985,0.0,0.0
2024-06-17 14:30:00-04:00,7.471799850463867,7.485000133514404,7.449999809265137,7.454999923706055,149270,0.0,0.0
2024-06-17 15:30:00-04:00,7.454999923706055,7.460000038146973,7.409999847412109,7.440000057220459,350395,0.0,0.0
2024-06-18 09:30:00-04:00,7.5,7.638800144195557,7.5,7.630000114440918,372080,0.0,0.0
2024-06-18 10:30:00-04:00,7.630000114440918,7.650000095367432,7.585000038146973,7.610000133514404,312342,0.0,0.0
2024-06-18 11:30:00-04:00,7.610000133514404,7.619999885559082,7.570000171661377,7.574999809265137,206632,0.0,0.0
2024-06-18 12:30:00-04:00,7.570000171661377,7.619999885559082,7.539999961853027,7.605000019073486,243247,0.0,0.0
2024-06-18 13:30:00-04:00,7.599999904632568,7.605000019073486,7.570000171661377,7.599999904632568,267975,0.0,0.0
2024-06-18 14:30:00-04:00,7.59499979019165,7.610000133514404,7.559999942779541,7.590000152587891,197466,0.0,0.0
2024-06-18 15:30:00-04:00,7.585000038146973,7.610000133514404,7.579999923706055,7.599999904632568,751762,0.0,0.0
2024-06-20 09:30:00-04:00,7.599999904632568,7.670000076293945,7.559999942779541,7.65500020980835,606126,0.0,0.0
2024-06-20 10:30:00-04:00,7.650000095367432,7.71999979019165,7.605000019073486,7.684999942779541,511942,0.0,0.0
2024-06-20 11:30:00-04:00,7.690000057220459,7.690000057220459,7.619999885559082,7.639999866485596,177154,0.0,0.0
2024-06-20 12:30:00-04:00,7.639999866485596,7.684999942779541,7.639999866485596,7.679999828338623,118209,0.0,0.0
2024-06-20 13:30:00-04:00,7.679999828338623,7.699999809265137,7.65500020980835,7.659999847412109,161990,0.0,0.0
2024-06-20 14:30:00-04:00,7.659999847412109,7.675000190734863,7.619999885559082,7.644999980926514,249687,0.0,0.0
2024-06-20 15:30:00-04:00,7.639999866485596,7.65500020980835,7.610000133514404,7.635000228881836,481291,0.0,0.0
2024-06-21 09:30:00-04:00,7.659999847412109,7.659999847412109,7.53000020980835,7.585000038146973,291439,0.0,0.0
2024-06-21 10:30:00-04:00,7.585000038146973,7.610000133514404,7.525000095367432,7.545000076293945,234708,0.0,0.0
2024-06-21 11:30:00-04:00,7.539999961853027,7.545000076293945,7.489999771118164,7.489999771118164,250025,0.0,0.0
2024-06-21 12:30:00-04:00,7.494999885559082,7.539999961853027,7.489999771118164,7.525000095367432,144770,0.0,0.0
2024-06-21 13:30:00-04:00,7.525000095367432,7.579999923706055,7.519999980926514,7.559999942779541,325807,0.0,0.0
2024-06-21 14:30:00-04:00,7.554999828338623,7.559999942779541,7.53000020980835,7.545000076293945,228208,0.0,0.0
2024-06-21 15:30:00-04:00,7.545000076293945,7.570000171661377,7.5,7.550000190734863,447879,0.0,0.0
2024-06-24 09:30:00-04:00,7.639999866485596,7.775000095367432,7.614999771118164,7.739999771118164,401430,0.0,0.0
2024-06-24 10:30:00-04:00,7.739999771118164,7.789999961853027,7.71999979019165,7.78000020980835,170510,0.0,0.0
2024-06-24 11:30:00-04:00,7.78000020980835,7.820000171661377,7.730000019073486,7.804999828338623,189650,0.0,0.0
2024-06-24 12:30:00-04:00,7.800000190734863,7.829999923706055,7.789999961853027,7.820099830627441,187311,0.0,0.0
2024-06-24 13:30:00-04:00,7.824999809265137,7.875,7.809999942779541,7.860000133514404,199822,0.0,0.0
2024-06-24 14:30:00-04:00,7.864999771118164,7.909999847412109,7.849999904632568,7.90500020980835,260725,0.0,0.0
2024-06-24 15:30:00-04:00,7.90500020980835,7.934999942779541,7.889999866485596,7.894999980926514,371824,0.0,0.0
2024-06-25 09:30:00-04:00,7.929999828338623,7.929999828338623,7.815000057220459,7.875,438120,0.0,0.0
2024-06-25 10:30:00-04:00,7.875,7.929999828338623,7.869999885559082,7.900000095367432,255383,0.0,0.0
2024-06-25 11:30:00-04:00,7.900000095367432,7.920000076293945,7.860000133514404,7.874000072479248,137548,0.0,0.0
2024-06-25 12:30:00-04:00,7.875,7.880000114440918,7.840000152587891,7.864999771118164,104414,0.0,0.0
2024-06-25 13:30:00-04:00,7.860000133514404,7.909999847412109,7.849999904632568,7.894999980926514,137359,0.0,0.0
2024-06-25 14:30:00-04:00,7.894999980926514,7.909999847412109,7.869999885559082,7.889999866485596,167045,0.0,0.0
2024-06-25 15:30:00-04:00,7.889999866485596,7.900000095367432,7.869999885559082,7.869999885559082,356162,0.0,0.0
2024-06-26 09:30:00-04:00,7.889999866485596,7.889999866485596,7.809999942779541,7.885000228881836,334672,0.0,0.0
2024-06-26 10:30:00-04:00,7.880000114440918,7.885000228881836,7.804999828338623,7.804999828338623,263715,0.0,0.0
2024-06-26 11:30:00-04:00,7.800000190734863,7.829999923706055,7.78000020980835,7.824999809265137,130365,0.0,0.0
2024-06-26 12:30:00-04:00,7.829999923706055,7.864999771118164,7.809999942779541,7.849999904632568,183371,0.0,0.0
2024-06-26 13:30:00-04:00,7.849999904632568,7.869999885559082,7.824999809265137,7.829999923706055,151079,0.0,0.0
2024-06-26 14:30:00-04:00,7.829999923706055,7.855000019073486,7.820000171661377,7.829999923706055,128460,0.0,0.0
2024-06-26 15:30:00-04:00,7.835000038146973,7.860000133514404,7.829999923706055,7.849999904632568,318614,0.0,0.0
2024-06-27 09:30:00-04:00,7.900000095367432,7.960000038146973,7.849999904632568,7.864999771118164,351351,0.0,0.0
2024-06-27 10:30:00-04:00,7.869999885559082,7.88730001449585,7.849999904632568,7.860000133514404,196344,0.0,0.0
2024-06-27 11:30:00-04:00,7.869999885559082,7.880000114440918,7.824999809265137,7.849899768829346,115334,0.0,0.0
2024-06-27 12:30:00-04:00,7.84499979019165,7.864999771118164,7.829999923706055,7.84499979019165,104604,0.0,0.0
2024-06-27 13:30:00-04:00,7.840099811553955,7.849999904632568,7.809999942779541,7.849999904632568,131388,0.0,0.0
2024-06-27 14:30:00-04:00,7.84499979019165,7.900000095367432,7.840000152587891,7.894999980926514,203623,0.0,0.0
2024-06-27 15:30:00-04:00,7.894999980926514,7.920000076293945,7.880000114440918,7.909999847412109,485376,0.0,0.0
2024-06-28 09:30:00-04:00,7.949999809265137,8.029999732971191,7.849999904632568,7.869999885559082,336893,0.0,0.0
2024-06-28 10:30:00-04:00,7.880000114440918,7.900000095367432,7.855000019073486,7.880000114440918,151153,0.0,0.0
2024-06-28 11:30:00-04:00,7.880000114440918,7.909999847412109,7.869999885559082,7.90500020980835,163993,0.0,0.0
2024-06-28 12:30:00-04:00,7.90500020980835,7.929999828338623,7.880000114440918,7.909999847412109,136353,0.0,0.0
2024-06-28 13:30:00-04:00,7.909999847412109,7.909999847412109,7.869999885559082,7.879899978637695,161716,0.0,0.0
2024-06-28 14:30:00-04:00,7.869999885559082,7.889999866485596,7.84499979019165,7.875,219622,0.0,0.0
2024-06-28 15:30:00-04:00,7.880000114440918,7.900000095367432,7.855000019073486,7.869999885559082,377748,0.0,0.0
2024-07-01 09:30:00-04:00,7.96999979019165,8.015000343322754,7.815000057220459,7.820000171661377,228875,0.0,0.0
2024-07-01 10:30:00-04:00,7.820000171661377,7.840000152587891,7.789999961853027,7.835000038146973,93535,0.0,0.0
2024-07-01 11:30:00-04:00,7.835000038146973,7.889999866485596,7.829999923706055,7.84499979019165,142688,0.0,0.0
2024-07-01 12:30:00-04:00,7.840000152587891,7.869999885559082,7.829999923706055,7.860000133514404,86161,0.0,0.0
2024-07-01 13:30:00-04:00,7.864999771118164,7.885000228881836,7.835000038146973,7.835000038146973,97305,0.0,0.0
2024-07-01 14:30:00-04:00,7.835000038146973,7.849999904632568,7.829999923706055,7.84499979019165,99583,0.0,0.0
2024-07-01 15:30:00-04:00,7.840000152587891,7.869999885559082,7.840000152587891,7.860000133514404,209497,0.0,0.0
2024-07-02 09:30:00-04:00,7.929999828338623,8.0649995803833,7.909999847412109,8.015000343322754,461737,0.0,0.0
2024-07-02 10:30:00-04:00,8.020000457763672,8.069999694824219,7.989999771118164,8.069999694824219,240279,0.0,0.0
2024-07-02 11:30:00-04:00,8.0649995803833,8.09000015258789,8.020000457763672,8.045000076293945,285020,0.0,0.0
2024-07-02 12:30:00-04:00,8.039999961853027,8.039999961853027,8.0,8.011699676513672,105190,0.0,0.0
2024-07-02 13:30:00-04:00,8.010100364685059,8.039899826049805,8.0,8.024999618530273,216896,0.0,0.0
2024-07-02 14:30:00-04:00,8.024999618530273,8.0600004196167,8.020000457763672,8.0600004196167,168976,0.0,0.0
2024-07-02 15:30:00-04:00,8.0600004196167,8.100000381469727,8.050000190734863,8.100000381469727,413210,0.0,0.0
2024-07-03 09:30:00-04:00,8.140000343322754,8.22700023651123,8.130000114440918,8.194999694824219,379476,0.0,0.0
2024-07-03 10:30:00-04:00,8.199999809265137,8.244999885559082,8.130000114440918,8.149999618530273,295397,0.0,0.0
2024-07-03 11:30:00-04:00,8.149999618530273,8.180000305175781,8.140000343322754,8.15999984741211,266050,0.0,0.0
2024-07-05 09:30:00-04:00,8.170000076293945,8.199999809265137,7.989999771118164,8.005000114440918,542312,0.0,0.0
2024-07-05 10:30:00-04:00,8.010000228881836,8.050000190734863,7.994999885559082,8.039999961853027,236681,0.0,0.0
2024-07-05 11:30:00-04:00,8.039999961853027,8.039999961853027,7.96999979019165,7.96999979019165,279324,0.0,0.0
2024-07-05 12:30:00-04:00,7.96999979019165,7.980000019073486,7.929999828338623,7.945000171661377,149648,0.0,0.0
2024-07-05 13:30:00-04:00,7.945000171661377,7.960000038146973,7.885000228881836,7.885000228881836,232187,0.0,0.0
2024-07-05 14:30:00-04:00,7.889999866485596,7.949999809265137,7.889999866485596,7.894999980926514,178160,0.0,0.0
2024-07-05 15:30:00-04:00,7.890200138092041,7.929999828338623,7.880000114440918,7.909999847412109,527152,0.0,0.0
2024-07-08 09:30:00-04:00,7.900000095367432,7.900000095367432,7.840000152587891,7.849999904632568,321073,0.0,0.0
2024-07-08 10:30:00-04:00,7.84499979019165,7.894999980926514,7.84499979019165,7.849999904632568,169706,0.0,0.0
2024-07-08 11:30:00-04:00,7.849999904632568,7.885000228881836,7.821800231933594,7.885000228881836,109535,0.0,0.0
2024-07-08 12:30:00-04:00,7.889999866485596,7.90500020980835,7.869999885559082,7.880000114440918,111225,0.0,0.0
2024-07-08 13:30:00-04:00,7.880000114440918,7.889999866485596,7.840000152587891,7.849899768829346,95969,0.0,0.0
2024-07-08 14:30:00-04:00,7.840000152587891,7.880000114440918,7.840000152587891,7.875999927520752,104749,0.0,0.0
2024-07-08 15:30:00-04:00,7.875,7.940000057220459,7.870100021362305,7.929999828338623,339165,0.0,0.0
2024-07-09 09:30:00-04:00,7.880000114440918,7.889999866485596,7.760000228881836,7.885000228881836,446728,0.0,0.0
2024-07-09 10:30:00-04:00,7.885000228881836,7.929999828338623,7.809999942779541,7.820000171661377,351969,0.0,0.0
2024-07-09 11:30:00-04:00,7.820000171661377,7.860000133514404,7.809999942779541,7.820000171661377,180756,0.0,0.0
2024-07-09 12:30:00-04:00,7.824999809265137,7.889999866485596,7.804999828338623,7.855999946594238,423792,0.0,0.0
2024-07-09 13:30:00-04:00,7.860000133514404,7.864999771118164,7.789999961853027,7.789999961853027,212511,0.0,0.0
2024-07-09 14:30:00-04:00,7.795000076293945,7.829999923706055,7.769999980926514,7.775000095367432,138490,0.0,0.0
2024-07-09 15:30:00-04:00,7.775000095367432,7.775000095367432,7.71999979019165,7.730000019073486,417667,0.0,0.0
2024-07-10 09:30:00-04:00,7.769999980926514,7.815000057220459,7.724999904632568,7.804999828338623,318228,0.0,0.0
2024-07-10 10:30:00-04:00,7.804999828338623,7.860000133514404,7.789999961853027,7.860000133514404,314368,0.0,0.0
2024-07-10 11:30:00-04:00,7.855000019073486,7.889999866485596,7.849999904632568,7.869999885559082,236469,0.0,0.0
2024-07-10 12:30:00-04:00,7.869999885559082,7.875999927520752,7.829999923706055,7.84499979019165,235445,0.0,0.0
2024-07-10 13:30:00-04:00,7.849999904632568,7.871099948883057,7.840000152587891,7.855000019073486,158033,0.0,0.0
2024-07-10 14:30:00-04:00,7.855000019073486,7.909999847412109,7.855000019073486,7.889999866485596,293298,0.0,0.0
2024-07-10 15:30:00-04:00,7.894999980926514,7.929999828338623,7.889999866485596,7.909999847412109,378796,0.0,0.0
2024-07-11 09:30:00-04:00,7.989999771118164,8.050000190734863,7.900000095367432,8.039999961853027,420504,0.0,0.0
2024-07-11 10:30:00-04:00,8.039999961853027,8.135000228881836,8.029999732971191,8.104999542236328,384478,0.0,0.0
2024-07-11 11:30:00-04:00,8.100000381469727,8.104999542236328,8.029999732971191,8.039999961853027,224017,0.0,0.0
2024-07-11 12:30:00-04:00,8.045000076293945,8.095000267028809,8.03499984741211,8.0649995803833,186455,0.0,0.0
2024-07-11 13:30:00-04:00,8.0649995803833,8.100000381469727,8.050000190734863,8.079999923706055,117241,0.0,0.0
2024-07-11 14:30:00-04:00,8.079999923706055,8.135000228881836,8.079999923706055,8.125,239427,0.0,0.0
2024-07-11 15:30:00-04:00,8.130000114440918,8.140000343322754,8.109999656677246,8.125,389706,0.0,0.0
2024-07-12 09:30:00-04:00,8.1899995803833,8.210000038146973,8.039999961853027,8.100000381469727,418532,0.0,0.0
2024-07-12 10:30:00-04:00,8.100000381469727,8.119999885559082,8.069999694824219,8.104999542236328,369817,0.0,0.0
2024-07-12 11:30:00-04:00,8.104999542236328,8.104999542236328,8.020000457763672,8.050000190734863,182603,0.0,0.0
2024-07-12 12:30:00-04:00,8.050000190734863,8.0649995803833,8.020000457763672,8.024999618530273,230328,0.0,0.0
2024-07-12 13:30:00-04:00,8.024999618530273,8.050000190734863,7.989999771118164,7.991000175476074,195789,0.0,0.0
2024-07-12 14:30:00-04:00,8.0,8.010000228881836,7.970099925994873,8.0,307090,0.0,0.0
2024-07-12 15:30:00-04:00,7.994999885559082,8.010000228881836,7.989999771118164,8.005000114440918,335809,0.0,0.0
2024-07-15 09:30:00-04:00,8.0,8.050000190734863,7.960000038146973,8.024999618530273,388480,0.0,0.0
2024-07-15 10:30:00-04:00,8.020000457763672,8.055000305175781,7.989999771118164,8.010000228881836,380834,0.0,0.0
2024-07-15 11:30:00-04:00,8.005000114440918,8.069999694824219,7.999899864196777,8.015000343322754,277388,0.0,0.0
2024-07-15 12:30:00-04:00,8.010000228881836,8.010000228881836,7.960000038146973,7.960000038146973,213447,0.0,0.0
2024-07-15 13:30:00-04:00,7.960000038146973,7.985000133514404,7.929999828338623,7.980000019073486,89465,0.0,0.0
2024-07-15 14:30:00-04:00,7.980000019073486,8.029999732971191,7.970200061798096,8.0,195806,0.0,0.0
2024-07-15 15:30:00-04:00,8.0,8.010000228881836,7.974999904632568,7.994999885559082,248292,0.0,0.0
2024-07-16 09:30:00-04:00,8.0,8.010000228881836,7.855000019073486,7.929999828338623,574367,0.0,0.0
2024-07-16 10:30:00-04:00,7.929999828338623,7.957099914550781,7.909999847412109,7.91949987411499,298171,0.0,0.0
2024-07-16 11:30:00-04:00,7.909999847412109,7.974999904632568,7.885000228881836,7.965000152587891,328993,0.0,0.0
2024-07-16 12:30:00-04:00,7.965000152587891,7.965000152587891,7.909999847412109,7.940000057220459,205056,0.0,0.0
2024-07-16 13:30:00-04:00,7.940000057220459,7.96999979019165,7.925000190734863,7.930799961090088,323181,0.0,0.0
2024-07-16 14:30:00-04:00,7.929999828338623,7.965000152587891,7.920000076293945,7.95989990234375,176816,0.0,0.0
2024-07-16 15:30:00-04:00,7.949999809265137,7.989999771118164,7.940000057220459,7.985000133514404,340915,0.0,0.0
2024-07-17 09:30:00-04:00,8.010000228881836,8.074999809265137,7.96999979019165,8.050000190734863,448923,0.0,0.0
2024-07-17 10:30:00-04:00,8.050000190734863,8.050000190734863,7.954999923706055,7.989999771118164,499075,0.0,0.0
2024-07-17 11:30:00-04:00,7.994999885559082,8.020000457763672,7.920000076293945,7.920000076293945,680011,0.0,0.0
2024-07-17 12:30:00-04:00,7.920000076293945,7.920000076293945,7.849999904632568,7.860000133514404,176769,0.0,0.0
2024-07-17 13:30:00-04:00,7.860000133514404,7.860000133514404,7.760000228881836,7.78000020980835,507214,0.0,0.0
2024-07-17 14:30:00-04:00,7.78000020980835,7.809999942779541,7.769999980926514,7.769999980926514,290263,0.0,0.0
2024-07-17 15:30:00-04:00,7.775000095367432,7.800000190734863,7.760000228881836,7.775000095367432,449014,0.0,0.0
2024-07-18 09:30:00-04:00,7.860000133514404,7.889999866485596,7.784999847412109,7.885000228881836,349307,0.0,0.0
2024-07-18 10:30:00-04:00,7.880000114440918,7.889999866485596,7.775000095367432,7.829999923706055,266081,0.0,0.0
2024-07-18 11:30:00-04:00,7.820000171661377,7.869999885559082,7.800000190734863,7.864999771118164,163333,0.0,0.0
2024-07-18 12:30:00-04:00,7.860000133514404,7.889999866485596,7.835000038146973,7.875,168105,0.0,0.0
2024-07-18 13:30:00-04:00,7.875,7.875,7.809999942779541,7.824999809265137,244393,0.0,0.0
2024-07-18 14:30:00-04:00,7.824999809265137,7.840000152587891,7.789999961853027,7.804999828338623,216732,0.0,0.0
2024-07-18 15:30:00-04:00,7.800000190734863,7.829999923706055,7.789999961853027,7.829999923706055,399941,0.0,0.0
2024-07-19 09:30:00-04:00,7.849999904632568,7.914999961853027,7.690000057220459,7.829999923706055,334565,0.0,0.0
2024-07-19 10:30:00-04:00,7.829999923706055,7.869999885559082,7.815000057220459,7.829999923706055,220942,0.0,0.0
2024-07-19 11:30:00-04:00,7.824999809265137,7.869999885559082,7.815000057220459,7.824999809265137,162726,0.0,0.0
2024-07-19 12:30:00-04:00,7.824999809265137,7.835000038146973,7.789999961853027,7.810100078582764,124486,0.0,0.0
2024-07-19 13:30:00-04:00,7.809999942779541,7.829999923706055,7.789999961853027,7.789999961853027,135964,0.0,0.0
2024-07-19 14:30:00-04:00,7.789999961853027,7.800000190734863,7.760000228881836,7.769999980926514,114318,0.0,0.0
2024-07-19 15:30:00-04:00,7.760000228881836,7.78000020980835,7.75,7.775000095367432,232039,0.0,0.0
2024-07-22 09:30:00-04:00,7.769999980926514,7.775000095367432,7.670000076293945,7.769999980926514,347431,0.0,0.0
2024-07-22 10:30:00-04:00,7.760000228881836,7.826300144195557,7.739999771118164,7.804999828338623,292397,0.0,0.0
2024-07-22 11:30:00-04:00,7.809999942779541,7.829999923706055,7.789999961853027,7.820000171661377,130080,0.0,0.0
2024-07-22 12:30:00-04:00,7.820000171661377,7.880000114440918,7.809999942779541,7.880000114440918,143580,0.0,0.0
2024-07-22 13:30:00-04:00,7.875,7.885000228881836,7.820000171661377,7.855000019073486,171327,0.0,0.0
2024-07-22 14:30:00-04:00,7.855000019073486,7.864999771118164,7.829999923706055,7.829999923706055,168401,0.0,0.0
2024-07-22 15:30:00-04:00,7.835000038146973,7.840000152587891,7.820000171661377,7.824999809265137,183584,0.0,0.0
2024-07-23 09:30:00-04:00,7.760000228881836,7.820000171661377,7.71999979019165,7.78000020980835,311027,0.0,0.0
2024-07-23 10:30:00-04:00,7.784999847412109,7.829999923706055,7.699999809265137,7.699999809265137,232305,0.0,0.0
2024-07-23 11:30:00-04:00,7.699999809265137,7.744999885559082,7.695000171661377,7.71999979019165,332992,0.0,0.0
2024-07-23 12:30:00-04:00,7.710000038146973,7.739999771118164,7.704999923706055,7.71999979019165,187115,0.0,0.0
2024-07-23 13:30:00-04:00,7.71999979019165,7.75,7.710000038146973,7.715000152587891,218709,0.0,0.0
2024-07-23 14:30:00-04:00,7.71999979019165,7.760000228881836,7.71999979019165,7.760000228881836,160097,0.0,0.0
2024-07-23 15:30:00-04:00,7.760000228881836,7.78000020980835,7.75,7.760000228881836,352060,0.0,0.0
2024-07-24 09:30:00-04:00,7.809999942779541,7.889999866485596,7.659999847412109,7.715000152587891,528111,0.0,0.0
2024-07-24 10:30:00-04:00,7.710000038146973,7.769999980926514,7.690000057220459,7.730000019073486,697300,0.0,0.0
2024-07-24 11:30:00-04:00,7.729899883270264,7.769999980926514,7.710000038146973,7.739999771118164,393667,0.0,0.0
2024-07-24 12:30:00-04:00,7.739999771118164,7.739999771118164,7.690000057220459,7.715000152587891,471099,0.0,0.0
2024-07-24 13:30:00-04:00,7.710100173950195,7.724999904632568,7.650000095367432,7.659999847412109,589017,0.0,0.0
2024-07-24 14:30:00-04:00,7.659999847412109,7.679999828338623,7.619999885559082,7.639999866485596,571166,0.0,0.0
2024-07-24 15:30:00-04:00,7.639999866485596,7.664999961853027,7.599999904632568,7.599999904632568,518504,0.0,0.0
2024-07-25 09:30:00-04:00,7.710000038146973,7.710000038146973,7.324999809265137,7.525000095367432,983929,0.0,0.0
2024-07-25 10:30:00-04:00,7.519999980926514,7.550000190734863,7.440000057220459,7.460000038146973,614540,0.0,0.0
2024-07-25 11:30:00-04:00,7.460000038146973,7.510000228881836,7.375,7.449999809265137,653450,0.0,0.0
2024-07-25 12:30:00-04:00,7.454999923706055,7.454999923706055,7.260000228881836,7.260000228881836,843232,0.0,0.0
2024-07-25 13:30:00-04:00,7.260000228881836,7.449999809265137,7.170000076293945,7.409999847412109,1260416,0.0,0.0
2024-07-25 14:30:00-04:00,7.409999847412109,7.449999809265137,7.389999866485596,7.429999828338623,576833,0.0,0.0
2024-07-25 15:30:00-04:00,7.429999828338623,7.449999809265137,7.369999885559082,7.409999847412109,1410351,0.0,0.0
2024-07-26 09:30:00-04:00,7.480000019073486,7.550000190734863,7.389999866485596,7.434999942779541,1399873,0.0,0.0
2024-07-26 10:30:00-04:00,7.429999828338623,7.449999809265137,7.380000114440918,7.394999980926514,600821,0.0,0.0
2024-07-26 11:30:00-04:00,7.394999980926514,7.539999961853027,7.389999866485596,7.534999847412109,422142,0.0,0.0
2024-07-26 12:30:00-04:00,7.53000020980835,7.565000057220459,7.519999980926514,7.545000076293945,305808,0.0,0.0
2024-07-26 13:30:00-04:00,7.545000076293945,7.559999942779541,7.494999885559082,7.550000190734863,247961,0.0,0.0
2024-07-26 14:30:00-04:00,7.550000190734863,7.574999809265137,7.539999961853027,7.565000057220459,330058,0.0,0.0
2024-07-26 15:30:00-04:00,7.559999942779541,7.565000057220459,7.53000020980835,7.545000076293945,713175,0.0,0.0
2024-07-29 09:30:00-04:00,7.559999942779541,7.614999771118164,7.53000020980835,7.539999961853027,310588,0.0,0.0
2024-07-29 10:30:00-04:00,7.539999961853027,7.539999961853027,7.425000190734863,7.460000038146973,375347,0.0,0.0
2024-07-29 11:30:00-04:00,7.460000038146973,7.474999904632568,7.409999847412109,7.445000171661377,327151,0.0,0.0
2024-07-29 12:30:00-04:00,7.440000057220459,7.454999923706055,7.420000076293945,7.420100212097168,248450,0.0,0.0
2024-07-29 13:30:00-04:00,7.425000190734863,7.465000152587891,7.409999847412109,7.449999809265137,243039,0.0,0.0
2024-07-29 14:30:00-04:00,7.445000171661377,7.46999979019165,7.440000057220459,7.460000038146973,268981,0.0,0.0
2024-07-29 15:30:00-04:00,7.460000038146973,7.489999771118164,7.460000038146973,7.46999979019165,299994,0.0,0.0
2024-07-30 09:30:00-04:00,7.449999809265137,7.519999980926514,7.440000057220459,7.5,328179,0.0,0.0
2024-07-30 10:30:00-04:00,7.5,7.510000228881836,7.434999942779541,7.440000057220459,291679,0.0,0.0
2024-07-30 11:30:00-04:00,7.440000057220459,7.440000057220459,7.389999866485596,7.440000057220459,307341,0.0,0.0
2024-07-30 12:30:00-04:00,7.440000057220459,7.465000152587891,7.429999828338623,7.440000057220459,236308,0.0,0.0
2024-07-30 13:30:00-04:00,7.440000057220459,7.46999979019165,7.429999828338623,7.454999923706055,227150,0.0,0.0
2024-07-30 14:30:00-04:00,7.460000038146973,7.505000114440918,7.440000057220459,7.505000114440918,220671,0.0,0.0
2024-07-30 15:30:00-04:00,7.505000114440918,7.505000114440918,7.480000019073486,7.480000019073486,291422,0.0,0.0
2024-07-31 09:30:00-04:00,7.670000076293945,7.739999771118164,7.630000114440918,7.730000019073486,493215,0.0,0.0
2024-07-31 10:30:00-04:00,7.71999979019165,7.744999885559082,7.679999828338623,7.71999979019165,250702,0.0,0.0
2024-07-31 11:30:00-04:00,7.71999979019165,7.809999942779541,7.7133002281188965,7.800000190734863,290602,0.0,0.0
2024-07-31 12:30:00-04:00,7.800000190734863,7.804999828338623,7.704999923706055,7.708000183105469,233352,0.0,0.0
2024-07-31 13:30:00-04:00,7.704999923706055,7.755000114440918,7.699999809265137,7.739999771118164,189286,0.0,0.0
2024-07-31 14:30:00-04:00,7.739999771118164,7.800000190734863,7.739999771118164,7.769999980926514,294921,0.0,0.0
2024-07-31 15:30:00-04:00,7.764999866485596,7.829999923706055,7.75,7.815000057220459,956024,0.0,0.0
2024-08-01 09:30:00-04:00,7.800000190734863,7.809999942779541,7.525000095367432,7.525000095367432,681781,0.0,0.0
2024-08-01 10:30:00-04:00,7.525000095367432,7.550000190734863,7.400000095367432,7.429999828338623,621881,0.0,0.0
2024-08-01 11:30:00-04:00,7.429999828338623,7.460000038146973,7.389999866485596,7.44379997253418,1419089,0.0,0.0
2024-08-01 12:30:00-04:00,7.440000057220459,7.460000038146973,7.385000228881836,7.414999961853027,1181767,0.0,0.0
2024-08-01 13:30:00-04:00,7.409999847412109,7.409999847412109,7.28000020980835,7.28000020980835,566647,0.0,0.0
2024-08-01 14:30:00-04:00,7.28000020980835,7.369999885559082,7.275000095367432,7.364999771118164,725244,0.0,0.0
2024-08-01 15:30:00-04:00,7.364999771118164,7.400000095367432,7.360000133514404,7.380000114440918,624295,0.0,0.0
2024-08-02 09:30:00-04:00,7.21999979019165,7.230000019073486,7.010000228881836,7.025000095367432,864834,0.0,0.0
2024-08-02 10:30:00-04:00,7.019999980926514,7.03000020980835,6.864999771118164,6.880000114440918,537499,0.0,0.0
2024-08-02 11:30:00-04:00,6.885000228881836,6.949999809265137,6.869999885559082,6.894999980926514,483705,0.0,0.0
2024-08-02 12:30:00-04:00,6.889999866485596,6.925000190734863,6.860000133514404,6.869999885559082,482443,0.0,0.0
2024-08-02 13:30:00-04:00,6.869999885559082,6.920000076293945,6.855000019073486,6.90500020980835,403148,0.0,0.0
2024-08-02 14:30:00-04:00,6.90500020980835,6.920000076293945,6.880000114440918,6.920000076293945,435463,0.0,0.0
2024-08-02 15:30:00-04:00,6.914999961853027,6.929999828338623,6.889999866485596,6.909999847412109,744760,0.0,0.0
2024-08-05 09:30:00-04:00,6.5,6.590000152587891,6.440000057220459,6.554999828338623,560941,0.0,0.0
2024-08-05 10:30:00-04:00,6.554999828338623,6.659999847412109,6.539999961853027,6.65500020980835,270336,0.0,0.0
2024-08-05 11:30:00-04:00,6.65500020980835,6.849999904632568,6.65500020980835,6.84499979019165,253088,0.0,0.0
2024-08-05 12:30:00-04:00,6.840000152587891,6.849999904632568,6.775000095367432,6.820000171661377,167634,0.0,0.0
2024-08-05 13:30:00-04:00,6.828800201416016,6.855000019073486,6.795000076293945,6.855000019073486,695206,0.0,0.0
2024-08-05 14:30:00-04:00,6.855000019073486,6.864999771118164,6.800000190734863,6.829999923706055,246559,0.0,0.0
2024-08-05 15:30:00-04:00,6.824999809265137,6.849999904632568,6.769999980926514,6.835000038146973,397272,0.0,0.0
2024-08-06 09:30:00-04:00,6.860000133514404,6.920000076293945,6.730000019073486,6.900000095367432,752100,0.0,0.0
2024-08-06 10:30:00-04:00,6.894999980926514,6.954999923706055,6.815000057220459,6.820000171661377,412685,0.0,0.0
2024-08-06 11:30:00-04:00,6.829999923706055,6.889900207519531,6.800000190734863,6.835000038146973,445190,0.0,0.0
2024-08-06 12:30:00-04:00,6.840000152587891,6.90500020980835,6.829999923706055,6.894999980926514,343545,0.0,0.0
2024-08-06 13:30:00-04:00,6.900000095367432,6.949999809265137,6.889999866485596,6.941199779510498,231471,0.0,0.0
2024-08-06 14:30:00-04:00,6.940000057220459,6.960000038146973,6.880000114440918,6.914999961853027,302239,0.0,0.0
2024-08-06 15:30:00-04:00,6.914999961853027,6.934999942779541,6.889999866485596,6.889999866485596,422962,0.0,0.0
2024-08-07 09:30:00-04:00,7.03000020980835,7.110000133514404,6.934999942779541,6.974999904632568,652781,0.0,0.0
2024-08-07 10:30:00-04:00,6.980000019073486,7.059999942779541,6.980000019073486,7.059999942779541,449150,0.0,0.0
2024-08-07 11:30:00-04:00,7.059999942779541,7.070000171661377,6.974999904632568,7.005000114440918,358982,0.0,0.0
2024-08-07 12:30:00-04:00,7.005000114440918,7.019999980926514,6.859000205993652,6.859000205993652,527855,0.0,0.0
2024-08-07 13:30:00-04:00,6.860000133514404,6.869900226593018,6.75,6.775000095367432,770002,0.0,0.0
2024-08-07 14:30:00-04:00,6.769999980926514,6.820000171661377,6.744999885559082,6.815000057220459,1196326,0.0,0.0
2024-08-07 15:30:00-04:00,6.809999942779541,6.829999923706055,6.764999866485596,6.78000020980835,759750,0.0,0.0
2024-08-08 09:30:00-04:00,6.829999923706055,6.914999961853027,6.75,6.909999847412109,560147,0.0,0.0
2024-08-08 10:30:00-04:00,6.909999847412109,6.980000019073486,6.90500020980835,6.974999904632568,237050,0.0,0.0
2024-08-08 11:30:00-04:00,6.980000019073486,6.980000019073486,6.910099983215332,6.925000190734863,418517,0.0,0.0
2024-08-08 12:30:00-04:00,6.929999828338623,6.934999942779541,6.900000095367432,6.920000076293945,453623,0.0,0.0
2024-08-08 13:30:00-04:00,6.925000190734863,6.929999828338623,6.90500020980835,6.90500020980835,236340,0.0,0.0
2024-08-08 14:30:00-04:00,6.909999847412109,6.989999771118164,6.889999866485596,6.980000019073486,182379,0.0,0.0
2024-08-08 15:30:00-04:00,6.980000019073486,6.980000019073486,6.920000076293945,6.920000076293945,380952,0.0,0.0
2024-08-09 09:30:00-04:00,6.929999828338623,6.974999904632568,6.864999771118164,6.974999904632568,311224,0.0,0.0
2024-08-09 10:30:00-04:00,6.96999979019165,7.0,6.940000057220459,6.965000152587891,387310,0.0,0.0
2024-08-09 11:30:00-04:00,6.96999979019165,7.0,6.949999809265137,6.980000019073486,119478,0.0,0.0
2024-08-09 12:30:00-04:00,6.985000133514404,7.014999866485596,6.985000133514404,7.005000114440918,168675,0.0,0.0
2024-08-09 13:30:00-04:00,7.010000228881836,7.010000228881836,6.96999979019165,6.994999885559082,157572,0.0,0.0
2024-08-09 14:30:00-04:00,6.989999771118164,7.019999980926514,6.96999979019165,7.005000114440918,171490,0.0,0.0
2024-08-09 15:30:00-04:00,7.005000114440918,7.010000228881836,6.985000133514404,7.010000228881836,228968,0.0,0.0
2024-08-12 09:30:00-04:00,7.050000190734863,7.159999847412109,7.050000190734863,7.144999980926514,229154,0.0,0.0
2024-08-12 10:30:00-04:00,7.150000095367432,7.190000057220459,7.130000114440918,7.150000095367432,235576,0.0,0.0
2024-08-12 11:30:00-04:00,7.150000095367432,7.195000171661377,7.150000095367432,7.175000190734863,145147,0.0,0.0
2024-08-12 12:30:00-04:00,7.175000190734863,7.199999809265137,7.144999980926514,7.179999828338623,215464,0.0,0.0
2024-08-12 13:30:00-04:00,7.179999828338623,7.239999771118164,7.179999828338623,7.215000152587891,339652,0.0,0.0
2024-08-12 14:30:00-04:00,7.210000038146973,7.21999979019165,7.190000057220459,7.215000152587891,205440,0.0,0.0
2024-08-12 15:30:00-04:00,7.215000152587891,7.21999979019165,7.159999847412109,7.175000190734863,400649,0.0,0.0
2024-08-13 09:30:00-04:00,7.130000114440918,7.175000190734863,7.090000152587891,7.090000152587891,374014,0.0,0.0
2024-08-13 10:30:00-04:00,7.090000152587891,7.099999904632568,7.039999961853027,7.045000076293945,449601,0.0,0.0
2024-08-13 11:30:00-04:00,7.050000190734863,7.090000152587891,7.03000020980835,7.085000038146973,142860,0.0,0.0
2024-08-13 12:30:00-04:00,7.085000038146973,7.127099990844727,7.070000171661377,7.09499979019165,246067,0.0,0.0
2024-08-13 13:30:00-04:00,7.099999904632568,7.119999885559082,7.074999809265137,7.099999904632568,256421,0.0,0.0
2024-08-13 14:30:00-04:00,7.105000019073486,7.130000114440918,7.09499979019165,7.110000133514404,155932,0.0,0.0
2024-08-13 15:30:00-04:00,7.110000133514404,7.150000095367432,7.099999904632568,7.144999980926514,378553,0.0,0.0
2024-08-14 09:30:00-04:00,7.139999866485596,7.190000057220459,7.110000133514404,7.170000076293945,291915,0.0,0.0
2024-08-14 10:30:00-04:00,7.159999847412109,7.159999847412109,7.105000019073486,7.128699779510498,146547,0.0,0.0
2024-08-14 11:30:00-04:00,7.120100021362305,7.204999923706055,7.120100021362305,7.15500020980835,161934,0.0,0.0
2024-08-14 12:30:00-04:00,7.15500020980835,7.199999809265137,7.15500020980835,7.179999828338623,83606,0.0,0.0
2024-08-14 13:30:00-04:00,7.179999828338623,7.179999828338623,7.114999771118164,7.15500020980835,131920,0.0,0.0
2024-08-14 14:30:00-04:00,7.150000095367432,7.210000038146973,7.150000095367432,7.190000057220459,133290,0.0,0.0
2024-08-14 15:30:00-04:00,7.184999942779541,7.204999923706055,7.159999847412109,7.195000171661377,320445,0.0,0.0
2024-08-15 09:30:00-04:00,7.269999980926514,7.34499979019165,7.269999980926514,7.309999942779541,212576,0.0,0.0
2024-08-15 10:30:00-04:00,7.309999942779541,7.369999885559082,7.309999942779541,7.369999885559082,189392,0.0,0.0
2024-08-15 11:30:00-04:00,7.369999885559082,7.400000095367432,7.360000133514404,7.394999980926514,225716,0.0,0.0
2024-08-15 12:30:00-04:00,7.400000095367432,7.409999847412109,7.355000019073486,7.385000228881836,215170,0.0,0.0
2024-08-15 13:30:00-04:00,7.385000228881836,7.394999980926514,7.360000133514404,7.389900207519531,169444,0.0,0.0
2024-08-15 14:30:00-04:00,7.385000228881836,7.389999866485596,7.355000019073486,7.375,154644,0.0,0.0
2024-08-15 15:30:00-04:00,7.369999885559082,7.380000114440918,7.349999904632568,7.369999885559082,230787,0.0,0.0
2024-08-16 09:30:00-04:00,7.269999980926514,7.375,7.260000228881836,7.300000190734863,319774,0.0,0.0
2024-08-16 10:30:00-04:00,7.300000190734863,7.309999942779541,7.269999980926514,7.304999828338623,293250,0.0,0.0
2024-08-16 11:30:00-04:00,7.304999828338623,7.309999942779541,7.28000020980835,7.304999828338623,147790,0.0,0.0
2024-08-16 12:30:00-04:00,7.309999942779541,7.369999885559082,7.309999942779541,7.364999771118164,279084,0.0,0.0
2024-08-16 13:30:00-04:00,7.369999885559082,7.380000114440918,7.340000152587891,7.349999904632568,219109,0.0,0.0
2024-08-16 14:30:00-04:00,7.349999904632568,7.360000133514404,7.340000152587891,7.355000019073486,119569,0.0,0.0
2024-08-16 15:30:00-04:00,7.355000019073486,7.369999885559082,7.329999923706055,7.34499979019165,227955,0.0,0.0
2024-08-19 09:30:00-04:00,7.349999904632568,7.465000152587891,7.349999904632568,7.460000038146973,372572,0.0,0.0
2024-08-19 10:30:00-04:00,7.465000152587891,7.514999866485596,7.449999809265137,7.5,245435,0.0,0.0
2024-08-19 11:30:00-04:00,7.5,7.5,7.429999828338623,7.445000171661377,264728,0.0,0.0
2024-08-19 12:30:00-04:00,7.440000057220459,7.445000171661377,7.389999866485596,7.400000095367432,156850,0.0,0.0
2024-08-19 13:30:00-04:00,7.400000095367432,7.409999847412109,7.380000114440918,7.394999980926514,148537,0.0,0.0
2024-08-19 14:30:00-04:00,7.394999980926514,7.409999847412109,7.369999885559082,7.375,180053,0.0,0.0
2024-08-19 15:30:00-04:00,7.375,7.380000114440918,7.349999904632568,7.349999904632568,288846,0.0,0.0
2024-08-20 09:30:00-04:00,7.360000133514404,7.360000133514404,7.224999904632568,7.239999771118164,341340,0.0,0.0
2024-08-20 10:30:00-04:00,7.239999771118164,7.239999771118164,7.15500020980835,7.159999847412109,283523,0.0,0.0
2024-08-20 11:30:00-04:00,7.159999847412109,7.239999771118164,7.139999866485596,7.210000038146973,409625,0.0,0.0
2024-08-20 12:30:00-04:00,7.215000152587891,7.249899864196777,7.204999923706055,7.229899883270264,189118,0.0,0.0
2024-08-20 13:30:00-04:00,7.230000019073486,7.269999980926514,7.215000152587891,7.25,269838,0.0,0.0
2024-08-20 14:30:00-04:00,7.25,7.300000190734863,7.25,7.275000095367432,243864,0.0,0.0
2024-08-20 15:30:00-04:00,7.28000020980835,7.289999961853027,7.25,7.25,186171,0.0,0.0
2024-08-21 09:30:00-04:00,7.309999942779541,7.340000152587891,7.264999866485596,7.309899806976318,322141,0.0,0.0
2024-08-21 10:30:00-04:00,7.304999828338623,7.360000133514404,7.295000076293945,7.319900035858154,336779,0.0,0.0
2024-08-21 11:30:00-04:00,7.315000057220459,7.340000152587891,7.235000133514404,7.264999866485596,206968,0.0,0.0
2024-08-21 12:30:00-04:00,7.260000228881836,7.269999980926514,7.230000019073486,7.244999885559082,209285,0.0,0.0
2024-08-21 13:30:00-04:00,7.25,7.260000228881836,7.210000038146973,7.255000114440918,260018,0.0,0.0
2024-08-21 14:30:00-04:00,7.255000114440918,7.269999980926514,7.21999979019165,7.255000114440918,324257,0.0,0.0
2024-08-21 15:30:00-04:00,7.255000114440918,7.269999980926514,7.25,7.25,202412,0.0,0.0
2024-08-22 09:30:00-04:00,7.260000228881836,7.295000076293945,7.215000152587891,7.244999885559082,212452,0.0,0.0
2024-08-22 10:30:00-04:00,7.244999885559082,7.259799957275391,7.21999979019165,7.239999771118164,212015,0.0,0.0
2024-08-22 11:30:00-04:00,7.239999771118164,7.326000213623047,7.235000133514404,7.309999942779541,296998,0.0,0.0
2024-08-22 12:30:00-04:00,7.309999942779541,7.329999923706055,7.283999919891357,7.289999961853027,193638,0.0,0.0
2024-08-22 13:30:00-04:00,7.295000076293945,7.295000076293945,7.260000228881836,7.260000228881836,218085,0.0,0.0
2024-08-22 14:30:00-04:00,7.260000228881836,7.27839994430542,7.239999771118164,7.255000114440918,151376,0.0,0.0
2024-08-22 15:30:00-04:00,7.258999824523926,7.269999980926514,7.21999979019165,7.239999771118164,196578,0.0,0.0
2024-08-23 09:30:00-04:00,7.309999942779541,7.400000095367432,7.269999980926514,7.389999866485596,286333,0.0,0.0
2024-08-23 10:30:00-04:00,7.385000228881836,7.4278998374938965,7.364999771118164,7.420000076293945,292723,0.0,0.0
2024-08-23 11:30:00-04:00,7.414999961853027,7.420000076293945,7.375,7.389999866485596,238646,0.0,0.0
2024-08-23 12:30:00-04:00,7.394999980926514,7.440000057220459,7.389999866485596,7.429999828338623,192389,0.0,0.0
2024-08-23 13:30:00-04:00,7.429999828338623,7.440000057220459,7.394999980926514,7.40500020980835,180473,0.0,0.0
2024-08-23 14:30:00-04:00,7.409999847412109,7.429999828338623,7.381999969482422,7.399899959564209,171660,0.0,0.0
2024-08-23 15:30:00-04:00,7.400000095367432,7.409999847412109,7.369999885559082,7.394999980926514,248968,0.0,0.0
2024-08-26 09:30:00-04:00,7.550000190734863,7.605000019073486,7.505000114440918,7.525000095367432,282347,0.0,0.0
2024-08-26 10:30:00-04:00,7.521399974822998,7.525000095367432,7.425000190734863,7.425000190734863,162504,0.0,0.0
2024-08-26 11:30:00-04:00,7.429999828338623,7.460000038146973,7.409999847412109,7.460000038146973,138737,0.0,0.0
2024-08-26 12:30:00-04:00,7.465000152587891,7.46999979019165,7.445000171661377,7.465000152587891,81648,0.0,0.0
2024-08-26 13:30:00-04:00,7.460000038146973,7.465000152587891,7.440000057220459,7.449999809265137,139359,0.0,0.0
2024-08-26 14:30:00-04:00,7.449999809265137,7.485099792480469,7.434999942779541,7.485099792480469,135783,0.0,0.0
2024-08-26 15:30:00-04:00,7.480000019073486,7.485000133514404,7.454999923706055,7.465000152587891,265443,0.0,0.0
2024-08-27 09:30:00-04:00,7.46999979019165,7.46999979019165,7.359899997711182,7.375,475065,0.0,0.0
2024-08-27 10:30:00-04:00,7.375,7.380000114440918,7.340000152587891,7.364999771118164,335338,0.0,0.0
2024-08-27 11:30:00-04:00,7.364999771118164,7.369900226593018,7.324999809265137,7.324999809265137,113413,0.0,0.0
2024-08-27 12:30:00-04:00,7.329999923706055,7.329999923706055,7.300000190734863,7.324999809265137,117191,0.0,0.0
2024-08-27 13:30:00-04:00,7.329999923706055,7.339900016784668,7.310100078582764,7.320000171661377,138058,0.0,0.0
2024-08-27 14:30:00-04:00,7.320000171661377,7.34499979019165,7.320000171661377,7.335000038146973,198074,0.0,0.0
2024-08-27 15:30:00-04:00,7.329999923706055,7.340000152587891,7.300000190734863,7.320000171661377,457668,0.0,0.0
2024-08-28 09:30:00-04:00,7.25,7.28000020980835,7.190100193023682,7.199999809265137,143639,0.0,0.0
2024-08-28 10:30:00-04:00,7.199999809265137,7.25,7.190000057220459,7.199999809265137,230913,0.0,0.0
2024-08-28 11:30:00-04:00,7.204999923706055,7.21999979019165,7.168600082397461,7.180600166320801,149739,0.0,0.0
2024-08-28 12:30:00-04:00,7.179999828338623,7.199999809265137,7.172999858856201,7.185999870300293,228323,0.0,0.0
2024-08-28 13:30:00-04:00,7.184999942779541,7.20989990234375,7.175000190734863,7.190499782562256,183032,0.0,0.0
2024-08-28 14:30:00-04:00,7.190000057220459,7.22760009765625,7.182300090789795,7.220099925994873,148860,0.0,0.0
2024-08-28 15:30:00-04:00,7.21999979019165,7.25,7.210000038146973,7.239999771118164,256102,0.0,0.0
2024-08-29 09:30:00-04:00,7.289999961853027,7.324999809265137,7.239999771118164,7.309999942779541,372028,0.0,0.0
2024-08-29 10:30:00-04:00,7.309999942779541,7.3420000076293945,7.269999980926514,7.331399917602539,369421,0.0,0.0
2024-08-29 11:30:00-04:00,7.335000038146973,7.360000133514404,7.300099849700928,7.350100040435791,224970,0.0,0.0
2024-08-29 12:30:00-04:00,7.349999904632568,7.375,7.329999923706055,7.340000152587891,264756,0.0,0.0
2024-08-29 13:30:00-04:00,7.340000152587891,7.355000019073486,7.320000171661377,7.335000038146973,850156,0.0,0.0
2024-08-29 14:30:00-04:00,7.335000038146973,7.369999885559082,7.309999942779541,7.367499828338623,339089,0.0,0.0
2024-08-29 15:30:00-04:00,7.364999771118164,7.378900051116943,7.329999923706055,7.349999904632568,398416,0.0,0.0
2024-08-30 09:30:00-04:00,7.25,7.25,7.119999885559082,7.130000114440918,390087,0.0,0.0
2024-08-30 10:30:00-04:00,7.130000114440918,7.185999870300293,7.093999862670898,7.120100021362305,335313,0.0,0.0
2024-08-30 11:30:00-04:00,7.119999885559082,7.139999866485596,7.090099811553955,7.119999885559082,377833,0.0,0.0
2024-08-30 12:30:00-04:00,7.119999885559082,7.144999980926514,7.099999904632568,7.144999980926514,302330,0.0,0.0
2024-08-30 13:30:00-04:00,7.144999980926514,7.170000076293945,7.139999866485596,7.170000076293945,263788,0.0,0.0
2024-08-30 14:30:00-04:00,7.164999961853027,7.184999942779541,7.150000095367432,7.159999847412109,314560,0.0,0.0
2024-08-30 15:30:00-04:00,7.159999847412109,7.25,7.150000095367432,7.230000019073486,644947,0.0,0.0
2024-09-03 09:30:00-04:00,7.019999980926514,7.03000020980835,6.78000020980835,6.815000057220459,744458,0.0,0.0
2024-09-03 10:30:00-04:00,6.820000171661377,6.864999771118164,6.795000076293945,6.835000038146973,852037,0.0,0.0
2024-09-03 11:30:00-04:00,6.829999923706055,6.849999904632568,6.809999942779541,6.820000171661377,447140,0.0,0.0
2024-09-03 12:30:00-04:00,6.820000171661377,6.829999923706055,6.789999961853027,6.809999942779541,354093,0.0,0.0
2024-09-03 13:30:00-04:00,6.815000057220459,6.820000171661377,6.744999885559082,6.78000020980835,319610,0.0,0.0
2024-09-03 14:30:00-04:00,6.789999961853027,6.809999942779541,6.760000228881836,6.804999828338623,603547,0.0,0.0
2024-09-03 15:30:00-04:00,6.804999828338623,6.820000171661377,6.78000020980835,6.78000020980835,492552,0.0,0.0
2024-09-04 09:30:00-04:00,6.71999979019165,6.840000152587891,6.71999979019165,6.739999771118164,775192,0.0,0.0
2024-09-04 10:30:00-04:00,6.739999771118164,6.829999923706055,6.730000019073486,6.789999961853027,521706,0.0,0.0
2024-09-04 11:30:00-04:00,6.789999961853027,6.795000076293945,6.744999885559082,6.75,425014,0.0,0.0
2024-09-04 12:30:00-04:00,6.75,6.78000020980835,6.75,6.755000114440918,374550,0.0,0.0
2024-09-04 13:30:00-04:00,6.755000114440918,6.760000228881836,6.724999904632568,6.755000114440918,389743,0.0,0.0
2024-09-04 14:30:00-04:00,6.755000114440918,6.760000228881836,6.699999809265137,6.715000152587891,381398,0.0,0.0
2024-09-04 15:30:00-04:00,6.710000038146973,6.710000038146973,6.659999847412109,6.679999828338623,699912,0.0,0.0
2024-09-05 09:30:00-04:00,6.78000020980835,6.789999961853027,6.639999866485596,6.695000171661377,660002,0.0,0.0
2024-09-05 10:30:00-04:00,6.695000171661377,6.739999771118164,6.670000076293945,6.680099964141846,413620,0.0,0.0
2024-09-05 11:30:00-04:00,6.679999828338623,6.699900150299072,6.630000114440918,6.664999961853027,439788,0.0,0.0
2024-09-05 12:30:00-04:00,6.659999847412109,6.670000076293945,6.630000114440918,6.635000228881836,231356,0.0,0.0
2024-09-05 13:30:00-04:00,6.635000228881836,6.6468000411987305,6.610000133514404,6.619999885559082,279395,0.0,0.0
2024-09-05 14:30:00-04:00,6.620100021362305,6.639999866485596,6.590000152587891,6.610000133514404,248236,0.0,0.0
2024-09-05 15:30:00-04:00,6.610000133514404,6.617499828338623,6.570000171661377,6.585000038146973,485441,0.0,0.0
2024-09-06 09:30:00-04:00,6.570000171661377,6.644999980926514,6.485000133514404,6.489999771118164,498513,0.0,0.0
2024-09-06 10:30:00-04:00,6.485000133514404,6.489999771118164,6.375,6.389999866485596,454055,0.0,0.0
2024-09-06 11:30:00-04:00,6.389999866485596,6.429999828338623,6.369999885559082,6.369999885559082,453256,0.0,0.0
2024-09-06 12:30:00-04:00,6.369999885559082,6.440000057220459,6.360099792480469,6.425000190734863,456474,0.0,0.0
2024-09-06 13:30:00-04:00,6.420000076293945,6.420000076293945,6.36299991607666,6.375,318440,0.0,0.0
2024-09-06 14:30:00-04:00,6.375,6.414999961853027,6.360000133514404,6.400000095367432,390761,0.0,0.0
2024-09-06 15:30:00-04:00,6.4045000076293945,6.420000076293945,6.377999782562256,6.409999847412109,437283,0.0,0.0
2024-09-09 09:30:00-04:00,6.420000076293945,6.46999979019165,6.380000114440918,6.409999847412109,625108,0.0,0.0
2024-09-09 10:30:00-04:00,6.409999847412109,6.439899921417236,6.400000095367432,6.420000076293945,436625,0.0,0.0
2024-09-09 11:30:00-04:00,6.420000076293945,6.439899921417236,6.400000095367432,6.425000190734863,566754,0.0,0.0
2024-09-09 12:30:00-04:00,6.425000190734863,6.440000057220459,6.409999847412109,6.409999847412109,231497,0.0,0.0
2024-09-09 13:30:00-04:00,6.409999847412109,6.429999828338623,6.385000228881836,6.385000228881836,493139,0.0,0.0
2024-09-09 14:30:00-04:00,6.385000228881836,6.400000095367432,6.369999885559082,6.369999885559082,503680,0.0,0.0
2024-09-09 15:30:00-04:00,6.369999885559082,6.369999885559082,6.315000057220459,6.335000038146973,672139,0.0,0.0
2024-09-10 09:30:00-04:00,6.349999904632568,6.349999904632568,6.034999847412109,6.045000076293945,1066800,0.0,0.0
2024-09-10 10:30:00-04:00,6.054999828338623,6.145500183105469,6.051700115203857,6.139999866485596,842522,0.0,0.0
2024-09-10 11:30:00-04:00,6.139999866485596,6.150000095367432,6.110000133514404,6.139999866485596,547590,0.0,0.0
2024-09-10 12:30:00-04:00,6.139999866485596,6.159999847412109,6.110000133514404,6.125500202178955,312160,0.0,0.0
2024-09-10 13:30:00-04:00,6.119999885559082,6.149899959564209,6.110000133514404,6.149899959564209,414457,0.0,0.0
2024-09-10 14:30:00-04:00,6.149700164794922,6.215000152587891,6.139999866485596,6.199999809265137,938024,0.0,0.0
2024-09-10 15:30:00-04:00,6.204999923706055,6.28000020980835,6.199999809265137,6.28000020980835,906207,0.0,0.0
2024-09-11 09:30:00-04:00,6.329999923706055,6.364999771118164,6.170000076293945,6.210000038146973,621082,0.0,0.0
2024-09-11 10:30:00-04:00,6.204999923706055,6.208000183105469,6.125,6.184999942779541,837675,0.0,0.0
2024-09-11 11:30:00-04:00,6.184999942779541,6.239999771118164,6.184999942779541,6.199999809265137,512048,0.0,0.0
2024-09-11 12:30:00-04:00,6.199999809265137,6.295000076293945,6.199999809265137,6.264999866485596,460883,0.0,0.0
2024-09-11 13:30:00-04:00,6.269999980926514,6.289999961853027,6.235000133514404,6.264999866485596,297652,0.0,0.0
2024-09-11 14:30:00-04:00,6.260000228881836,6.275000095367432,6.21999979019165,6.239999771118164,331639,0.0,0.0
2024-09-11 15:30:00-04:00,6.244999885559082,6.255000114440918,6.230000019073486,6.25,696987,0.0,0.0
2024-09-12 09:30:00-04:00,6.28000020980835,6.340000152587891,6.235000133514404,6.320000171661377,578273,0.0,0.0
2024-09-12 10:30:00-04:00,6.320000171661377,6.420000076293945,6.300000190734863,6.40500020980835,799661,0.0,0.0
2024-09-12 11:30:00-04:00,6.409999847412109,6.409999847412109,6.349999904632568,6.369999885559082,510950,0.0,0.0
2024-09-12 12:30:00-04:00,6.364999771118164,6.380000114440918,6.349999904632568,6.360000133514404,490380,0.0,0.0
2024-09-12 13:30:00-04:00,6.360000133514404,6.369999885559082,6.331699848175049,6.331699848175049,329641,0.0,0.0
2024-09-12 14:30:00-04:00,6.340000152587891,6.346889972686768,6.295000076293945,6.340000152587891,1395180,0.0,0.0
2024-09-12 15:30:00-04:00,6.335000038146973,6.360000133514404,6.329999923706055,6.349999904632568,630641,0.0,0.0
2024-09-13 09:30:00-04:00,6.349999904632568,6.369999885559082,6.3018999099731445,6.340000152587891,735309,0.0,0.0
2024-09-13 10:30:00-04:00,6.340000152587891,6.349999904632568,6.239999771118164,6.239999771118164,698738,0.0,0.0
2024-09-13 11:30:00-04:00,6.241099834442139,6.284999847412109,6.21999979019165,6.230000019073486,684284,0.0,0.0
2024-09-13 12:30:00-04:00,6.239999771118164,6.260000228881836,6.184999942779541,6.204999923706055,1042407,0.0,0.0
2024-09-13 13:30:00-04:00,6.20550012588501,6.21750020980835,6.170000076293945,6.199999809265137,770433,0.0,0.0
2024-09-13 14:30:00-04:00,6.199999809265137,6.20550012588501,6.190000057220459,6.195000171661377,548339,0.0,0.0
2024-09-13 15:30:00-04:00,6.190000057220459,6.210000038146973,6.190000057220459,6.195000171661377,479613,0.0,0.0
2024-09-16 09:30:00-04:00,6.25,6.289999961853027,6.150000095367432,6.190000057220459,508984,0.0,0.0
2024-09-16 10:30:00-04:00,6.195000171661377,6.199999809265137,6.159999847412109,6.164999961853027,539604,0.0,0.0
2024-09-16 11:30:00-04:00,6.160099983215332,6.21999979019165,6.159999847412109,6.210000038146973,416705,0.0,0.0
2024-09-16 12:30:00-04:00,6.210000038146973,6.215000152587891,6.179999828338623,6.195000171661377,281904,0.0,0.0
2024-09-16 13:30:00-04:00,6.195000171661377,6.249899864196777,6.193999767303467,6.21999979019165,331866,0.0,0.0
2024-09-16 14:30:00-04:00,6.224999904632568,6.260000228881836,6.21999979019165,6.254499912261963,368625,0.0,0.0
2024-09-16 15:30:00-04:00,6.255000114440918,6.28000020980835,6.25,6.275000095367432,654607,0.0,0.0
2024-09-17 09:30:00-04:00,6.320000171661377,6.420000076293945,6.304999828338623,6.393400192260742,870892,0.0,0.0
2024-09-17 10:30:00-04:00,6.394999980926514,6.400000095367432,6.351200103759766,6.380099773406982,554293,0.0,0.0
2024-09-17 11:30:00-04:00,6.380000114440918,6.420000076293945,6.360000133514404,6.364999771118164,465784,0.0,0.0
2024-09-17 12:30:00-04:00,6.364999771118164,6.389900207519531,6.335000038146973,6.34499979019165,524884,0.0,0.0
2024-09-17 13:30:00-04:00,6.349999904632568,6.420000076293945,6.329999923706055,6.409999847412109,582090,0.0,0.0
2024-09-17 14:30:00-04:00,6.409999847412109,6.460000038146973,6.4039998054504395,6.425000190734863,650444,0.0,0.0
2024-09-17 15:30:00-04:00,6.420000076293945,6.460000038146973,6.409999847412109,6.440000057220459,792732,0.0,0.0
2024-09-18 09:30:00-04:00,6.409999847412109,6.46999979019165,6.350200176239014,6.369900226593018,557987,0.0,0.0
2024-09-18 10:30:00-04:00,6.369999885559082,6.460000038146973,6.349999904632568,6.4278998374938965,945260,0.0,0.0
2024-09-18 11:30:00-04:00,6.420000076293945,6.426000118255615,6.369999885559082,6.400000095367432,723841,0.0,0.0
2024-09-18 12:30:00-04:00,6.394999980926514,6.429999828338623,6.393006801605225,6.425000190734863,401991,0.0,0.0
2024-09-18 13:30:00-04:00,6.426400184631348,6.565000057220459,6.420000076293945,6.510000228881836,783920,0.0,0.0
2024-09-18 14:30:00-04:00,6.519999980926514,6.559999942779541,6.414999961853027,6.46999979019165,918052,0.0,0.0
2024-09-18 15:30:00-04:00,6.46999979019165,6.474999904632568,6.400000095367432,6.409999847412109,592069,0.0,0.0
2024-09-19 09:30:00-04:00,6.539999961853027,6.570000171661377,6.445000171661377,6.525000095367432,718263,0.0,0.0
2024-09-19 10:30:00-04:00,6.525000095367432,6.526000022888184,6.454999923706055,6.504000186920166,700273,0.0,0.0
2024-09-19 11:30:00-04:00,6.505000114440918,6.534999847412109,6.494999885559082,6.514999866485596,581363,0.0,0.0
2024-09-19 12:30:00-04:00,6.514999866485596,6.519999980926514,6.5,6.514999866485596,315215,0.0,0.0
2024-09-19 13:30:00-04:00,6.514999866485596,6.525000095367432,6.464000225067139,6.480000019073486,616877,0.0,0.0
2024-09-19 14:30:00-04:00,6.480000019073486,6.5,6.450200080871582,6.460000038146973,499587,0.0,0.0
2024-09-19 15:30:00-04:00,6.460000038146973,6.489999771118164,6.440000057220459,6.474999904632568,1125171,0.0,0.0
2024-09-20 09:30:00-04:00,6.449999809265137,6.480000019073486,6.320000171661377,6.340000152587891,458161,0.0,0.0
2024-09-20 10:30:00-04:00,6.340000152587891,6.389999866485596,6.340000152587891,6.360000133514404,413698,0.0,0.0
2024-09-20 11:30:00-04:00,6.360000133514404,6.409999847412109,6.329999923706055,6.40500020980835,532198,0.0,0.0
2024-09-20 12:30:00-04:00,6.40500020980835,6.480000019073486,6.40500020980835,6.445000171661377,488420,0.0,0.0
2024-09-20 13:30:00-04:00,6.446742057800293,6.460000038146973,6.420100212097168,6.4278998374938965,413755,0.0,0.0
2024-09-20 14:30:00-04:00,6.425000190734863,6.46999979019165,6.420100212097168,6.449999809265137,527550,0.0,0.0
2024-09-20 15:30:00-04:00,6.449999809265137,6.46999979019165,6.409999847412109,6.429999828338623,887640,0.0,0.0
