Datetime,Open,High,Low,Close,Volume,Dividends,Stock Splits
2022-06-30 09:00:00+09:00,3910.0,3925.0,3815.0,3840.0,0,0.0,0.0
2022-06-30 10:00:00+09:00,3840.0,3840.0,3815.0,3830.0,129451,0.0,0.0
2022-06-30 11:00:00+09:00,3830.0,3835.0,3810.0,3815.0,60516,0.0,0.0
2022-06-30 12:00:00+09:00,3815.0,3825.0,3795.0,3810.0,98272,0.0,0.0
2022-06-30 13:00:00+09:00,3805.0,3810.0,3775.0,3780.0,96004,0.0,0.0
2022-06-30 14:00:00+09:00,3780.0,3790.0,3740.0,3755.0,171898,0.0,0.0
2022-07-01 09:00:00+09:00,3710.0,3755.0,3615.0,3680.0,0,0.0,0.0
2022-07-01 10:00:00+09:00,3680.0,3685.0,3575.0,3620.0,217637,0.0,0.0
2022-07-01 11:00:00+09:00,3610.0,3620.0,3560.0,3565.0,125094,0.0,0.0
2022-07-01 12:00:00+09:00,3565.0,3565.0,3495.0,3525.0,287229,0.0,0.0
2022-07-01 13:00:00+09:00,3520.0,3540.0,3485.0,3485.0,175095,0.0,0.0
2022-07-01 14:00:00+09:00,3485.0,3510.0,3440.0,3505.0,248913,0.0,0.0
2022-07-04 09:00:00+09:00,3520.0,3595.0,3440.0,3520.0,0,0.0,0.0
2022-07-04 10:00:00+09:00,3530.0,3545.0,3400.0,3465.0,147561,0.0,0.0
2022-07-04 11:00:00+09:00,3460.0,3490.0,3435.0,3465.0,75339,0.0,0.0
2022-07-04 12:00:00+09:00,3465.0,3465.0,3400.0,3410.0,83478,0.0,0.0
2022-07-04 13:00:00+09:00,3410.0,3430.0,3375.0,3420.0,140528,0.0,0.0
2022-07-04 14:00:00+09:00,3415.0,3450.0,3390.0,3450.0,107514,0.0,0.0
2022-07-05 09:00:00+09:00,3450.0,3555.0,3450.0,3530.0,0,0.0,0.0
2022-07-05 10:00:00+09:00,3525.0,3565.0,3505.0,3550.0,104777,0.0,0.0
2022-07-05 11:00:00+09:00,3555.0,3595.0,3520.0,3535.0,173845,0.0,0.0
2022-07-05 12:00:00+09:00,3535.0,3545.0,3510.0,3540.0,28040,0.0,0.0
2022-07-05 13:00:00+09:00,3535.0,3555.0,3515.0,3540.0,20768,0.0,0.0
2022-07-05 14:00:00+09:00,3545.0,3600.0,3545.0,3590.0,148537,0.0,0.0
2022-07-06 09:00:00+09:00,3590.0,3590.0,3435.0,3495.0,0,0.0,0.0
2022-07-06 10:00:00+09:00,3490.0,3500.0,3470.0,3485.0,64846,0.0,0.0
2022-07-06 11:00:00+09:00,3485.0,3515.0,3480.0,3500.0,60743,0.0,0.0
2022-07-06 12:00:00+09:00,3500.0,3525.0,3475.0,3520.0,57028,0.0,0.0
2022-07-06 13:00:00+09:00,3520.0,3520.0,3485.0,3490.0,42287,0.0,0.0
2022-07-06 14:00:00+09:00,3495.0,3510.0,3480.0,3500.0,61235,0.0,0.0
2022-07-07 09:00:00+09:00,3560.0,3655.0,3510.0,3605.0,159322,0.0,0.0
2022-07-07 10:00:00+09:00,3610.0,3650.0,3555.0,3570.0,383707,0.0,0.0
2022-07-07 11:00:00+09:00,3570.0,3585.0,3560.0,3585.0,41659,0.0,0.0
2022-07-07 12:00:00+09:00,3575.0,3585.0,3565.0,3585.0,36366,0.0,0.0
2022-07-07 13:00:00+09:00,3585.0,3585.0,3560.0,3560.0,47808,0.0,0.0
2022-07-07 14:00:00+09:00,3565.0,3590.0,3555.0,3555.0,70258,0.0,0.0
2022-07-08 09:00:00+09:00,3590.0,3645.0,3560.0,3640.0,0,0.0,0.0
2022-07-08 10:00:00+09:00,3640.0,3655.0,3630.0,3640.0,70822,0.0,0.0
2022-07-08 11:00:00+09:00,3640.0,3685.0,3635.0,3650.0,116063,0.0,0.0
2022-07-08 12:00:00+09:00,3650.0,3670.0,3620.0,3665.0,42859,0.0,0.0
2022-07-08 13:00:00+09:00,3660.0,3745.0,3640.0,3690.0,170110,0.0,0.0
2022-07-08 14:00:00+09:00,3685.0,3690.0,3650.0,3670.0,93512,0.0,0.0
2022-07-11 09:00:00+09:00,3670.0,3710.0,3605.0,3700.0,0,0.0,0.0
2022-07-11 10:00:00+09:00,3695.0,3725.0,3680.0,3725.0,123455,0.0,0.0
2022-07-11 11:00:00+09:00,3725.0,3725.0,3690.0,3710.0,40171,0.0,0.0
2022-07-11 12:00:00+09:00,3710.0,3735.0,3675.0,3715.0,78426,0.0,0.0
2022-07-11 13:00:00+09:00,3710.0,3715.0,3695.0,3705.0,30089,0.0,0.0
2022-07-11 14:00:00+09:00,3705.0,3735.0,3700.0,3725.0,74583,0.0,0.0
2022-07-12 09:00:00+09:00,3705.0,3770.0,3630.0,3650.0,0,0.0,0.0
2022-07-12 10:00:00+09:00,3650.0,3650.0,3610.0,3615.0,74664,0.0,0.0
2022-07-12 11:00:00+09:00,3625.0,3635.0,3595.0,3605.0,83935,0.0,0.0
2022-07-12 12:00:00+09:00,3605.0,3605.0,3565.0,3585.0,74045,0.0,0.0
2022-07-12 13:00:00+09:00,3585.0,3600.0,3535.0,3540.0,96424,0.0,0.0
2022-07-12 14:00:00+09:00,3550.0,3565.0,3530.0,3560.0,54091,0.0,0.0
2022-07-13 09:00:00+09:00,3520.0,3575.0,3465.0,3550.0,0,0.0,0.0
2022-07-13 10:00:00+09:00,3550.0,3565.0,3500.0,3515.0,64150,0.0,0.0
2022-07-13 11:00:00+09:00,3515.0,3560.0,3510.0,3555.0,36241,0.0,0.0
2022-07-13 12:00:00+09:00,3550.0,3560.0,3530.0,3535.0,23862,0.0,0.0
2022-07-13 13:00:00+09:00,3535.0,3590.0,3530.0,3565.0,104621,0.0,0.0
2022-07-13 14:00:00+09:00,3565.0,3570.0,3545.0,3555.0,29038,0.0,0.0
2022-07-14 09:00:00+09:00,3545.0,3565.0,3490.0,3500.0,0,0.0,0.0
2022-07-14 10:00:00+09:00,3500.0,3515.0,3495.0,3495.0,45751,0.0,0.0
2022-07-14 11:00:00+09:00,3495.0,3510.0,3485.0,3495.0,44594,0.0,0.0
2022-07-14 12:00:00+09:00,3495.0,3530.0,3490.0,3510.0,17527,0.0,0.0
2022-07-14 13:00:00+09:00,3515.0,3540.0,3500.0,3515.0,41712,0.0,0.0
2022-07-14 14:00:00+09:00,3515.0,3525.0,3495.0,3505.0,53682,0.0,0.0
2022-07-15 09:00:00+09:00,3500.0,3530.0,3390.0,3410.0,0,0.0,0.0
2022-07-15 10:00:00+09:00,3410.0,3475.0,3380.0,3410.0,198183,0.0,0.0
2022-07-15 11:00:00+09:00,3410.0,3440.0,3400.0,3425.0,77337,0.0,0.0
2022-07-15 12:00:00+09:00,3430.0,3450.0,3425.0,3440.0,55672,0.0,0.0
2022-07-15 13:00:00+09:00,3435.0,3440.0,3425.0,3430.0,42848,0.0,0.0
2022-07-15 14:00:00+09:00,3425.0,3430.0,3405.0,3420.0,58358,0.0,0.0
2022-07-18 09:00:00+09:00,3435.0,3495.0,3420.0,3475.0,0,0.0,0.0
2022-07-18 10:00:00+09:00,3470.0,3510.0,3470.0,3490.0,91846,0.0,0.0
2022-07-18 11:00:00+09:00,3490.0,3500.0,3480.0,3485.0,18777,0.0,0.0
2022-07-18 12:00:00+09:00,3500.0,3520.0,3490.0,3505.0,47113,0.0,0.0
2022-07-18 13:00:00+09:00,3500.0,3520.0,3495.0,3510.0,30877,0.0,0.0
2022-07-18 14:00:00+09:00,3505.0,3520.0,3495.0,3510.0,28860,0.0,0.0
2022-07-19 09:00:00+09:00,3505.0,3525.0,3480.0,3515.0,0,0.0,0.0
2022-07-19 10:00:00+09:00,3515.0,3540.0,3490.0,3530.0,55951,0.0,0.0
2022-07-19 11:00:00+09:00,3530.0,3540.0,3510.0,3530.0,47863,0.0,0.0
2022-07-19 12:00:00+09:00,3535.0,3550.0,3515.0,3525.0,52513,0.0,0.0
2022-07-19 13:00:00+09:00,3525.0,3550.0,3525.0,3540.0,29532,0.0,0.0
2022-07-19 14:00:00+09:00,3540.0,3560.0,3535.0,3555.0,39284,0.0,0.0
2022-07-20 09:00:00+09:00,3600.0,3615.0,3570.0,3610.0,0,0.0,0.0
2022-07-20 10:00:00+09:00,3610.0,3610.0,3565.0,3590.0,138583,0.0,0.0
2022-07-20 11:00:00+09:00,3590.0,3595.0,3555.0,3560.0,115221,0.0,0.0
2022-07-20 12:00:00+09:00,3565.0,3580.0,3530.0,3545.0,105799,0.0,0.0
2022-07-20 13:00:00+09:00,3540.0,3565.0,3520.0,3535.0,123164,0.0,0.0
2022-07-20 14:00:00+09:00,3530.0,3545.0,3520.0,3540.0,40804,0.0,0.0
2022-07-21 09:00:00+09:00,3590.0,3605.0,3545.0,3605.0,0,0.0,0.0
2022-07-21 10:00:00+09:00,3605.0,3605.0,3565.0,3580.0,25083,0.0,0.0
2022-07-21 11:00:00+09:00,3580.0,3590.0,3570.0,3585.0,13728,0.0,0.0
2022-07-21 12:00:00+09:00,3585.0,3585.0,3565.0,3580.0,31700,0.0,0.0
2022-07-21 13:00:00+09:00,3575.0,3580.0,3560.0,3570.0,32209,0.0,0.0
2022-07-21 14:00:00+09:00,3570.0,3600.0,3560.0,3590.0,80156,0.0,0.0
2022-07-22 09:00:00+09:00,3570.0,3575.0,3535.0,3540.0,0,0.0,0.0
2022-07-22 10:00:00+09:00,3540.0,3540.0,3520.0,3530.0,48670,0.0,0.0
2022-07-22 11:00:00+09:00,3535.0,3540.0,3510.0,3515.0,77560,0.0,0.0
2022-07-22 12:00:00+09:00,3510.0,3525.0,3510.0,3525.0,49777,0.0,0.0
2022-07-22 13:00:00+09:00,3520.0,3530.0,3510.0,3525.0,48833,0.0,0.0
2022-07-22 14:00:00+09:00,3525.0,3530.0,3505.0,3510.0,45219,0.0,0.0
2022-07-25 09:00:00+09:00,3505.0,3560.0,3490.0,3530.0,0,0.0,0.0
2022-07-25 10:00:00+09:00,3535.0,3535.0,3495.0,3505.0,57295,0.0,0.0
2022-07-25 11:00:00+09:00,3505.0,3520.0,3500.0,3510.0,15545,0.0,0.0
2022-07-25 12:00:00+09:00,3510.0,3515.0,3505.0,3505.0,9173,0.0,0.0
2022-07-25 13:00:00+09:00,3505.0,3545.0,3505.0,3540.0,38501,0.0,0.0
2022-07-25 14:00:00+09:00,3520.0,3525.0,3510.0,3525.0,25882,0.0,0.0
2022-07-26 09:00:00+09:00,3520.0,3550.0,3520.0,3535.0,0,0.0,0.0
2022-07-26 10:00:00+09:00,3540.0,3540.0,3525.0,3535.0,21008,0.0,0.0
2022-07-26 11:00:00+09:00,3535.0,3550.0,3530.0,3540.0,26331,0.0,0.0
2022-07-26 12:00:00+09:00,3540.0,3835.0,3530.0,3635.0,3060018,0.0,0.0
2022-07-26 13:00:00+09:00,3635.0,3755.0,3585.0,3690.0,1231789,0.0,0.0
2022-07-26 14:00:00+09:00,3685.0,3700.0,3615.0,3630.0,351589,0.0,0.0
2022-07-27 09:00:00+09:00,3610.0,3650.0,3580.0,3635.0,0,0.0,0.0
2022-07-27 10:00:00+09:00,3635.0,3635.0,3605.0,3620.0,67606,0.0,0.0
2022-07-27 11:00:00+09:00,3620.0,3640.0,3610.0,3610.0,55133,0.0,0.0
2022-07-27 12:00:00+09:00,3610.0,3625.0,3610.0,3620.0,24946,0.0,0.0
2022-07-27 13:00:00+09:00,3625.0,3630.0,3615.0,3615.0,34186,0.0,0.0
2022-07-27 14:00:00+09:00,3615.0,3630.0,3605.0,3620.0,64051,0.0,0.0
2022-07-28 09:00:00+09:00,3645.0,3650.0,3615.0,3630.0,0,0.0,0.0
2022-07-28 10:00:00+09:00,3625.0,3635.0,3610.0,3625.0,55744,0.0,0.0
2022-07-28 11:00:00+09:00,3625.0,3635.0,3620.0,3630.0,32492,0.0,0.0
2022-07-28 12:00:00+09:00,3630.0,3640.0,3620.0,3630.0,41563,0.0,0.0
2022-07-28 13:00:00+09:00,3625.0,3630.0,3605.0,3610.0,61098,0.0,0.0
2022-07-28 14:00:00+09:00,3605.0,3610.0,3580.0,3600.0,75759,0.0,0.0
2022-07-29 09:00:00+09:00,3635.0,3655.0,3610.0,3635.0,0,0.0,0.0
2022-07-29 10:00:00+09:00,3635.0,3635.0,3620.0,3625.0,40742,0.0,0.0
2022-07-29 11:00:00+09:00,3625.0,3640.0,3620.0,3635.0,44021,0.0,0.0
2022-07-29 12:00:00+09:00,3630.0,3640.0,3625.0,3635.0,31785,0.0,0.0
2022-07-29 13:00:00+09:00,3635.0,3640.0,3625.0,3630.0,32648,0.0,0.0
2022-07-29 14:00:00+09:00,3625.0,3635.0,3615.0,3630.0,62069,0.0,0.0
2022-08-01 09:00:00+09:00,3660.0,3665.0,3605.0,3605.0,0,0.0,0.0
2022-08-01 10:00:00+09:00,3605.0,3615.0,3585.0,3600.0,86092,0.0,0.0
2022-08-01 11:00:00+09:00,3605.0,3625.0,3605.0,3615.0,24557,0.0,0.0
2022-08-01 12:00:00+09:00,3615.0,3625.0,3610.0,3625.0,20491,0.0,0.0
2022-08-01 13:00:00+09:00,3615.0,3640.0,3615.0,3640.0,43333,0.0,0.0
2022-08-01 14:00:00+09:00,3640.0,3660.0,3630.0,3655.0,76350,0.0,0.0
2022-08-02 09:00:00+09:00,3630.0,3670.0,3630.0,3640.0,0,0.0,0.0
2022-08-02 10:00:00+09:00,3640.0,3655.0,3625.0,3630.0,75847,0.0,0.0
2022-08-02 11:00:00+09:00,3630.0,3635.0,3620.0,3630.0,22622,0.0,0.0
2022-08-02 12:00:00+09:00,3630.0,3640.0,3615.0,3620.0,54828,0.0,0.0
2022-08-02 13:00:00+09:00,3625.0,3630.0,3610.0,3620.0,28315,0.0,0.0
2022-08-02 14:00:00+09:00,3615.0,3620.0,3610.0,3610.0,47129,0.0,0.0
2022-08-03 09:00:00+09:00,3620.0,3690.0,3590.0,3670.0,0,0.0,0.0
2022-08-03 10:00:00+09:00,3670.0,3745.0,3665.0,3705.0,488575,0.0,0.0
2022-08-03 11:00:00+09:00,3700.0,3710.0,3680.0,3700.0,111704,0.0,0.0
2022-08-03 12:00:00+09:00,3705.0,3710.0,3690.0,3695.0,109665,0.0,0.0
2022-08-03 13:00:00+09:00,3700.0,3715.0,3685.0,3695.0,126985,0.0,0.0
2022-08-03 14:00:00+09:00,3705.0,3710.0,3690.0,3705.0,44875,0.0,0.0
2022-08-04 09:00:00+09:00,3720.0,3725.0,3670.0,3675.0,0,0.0,0.0
2022-08-04 10:00:00+09:00,3675.0,3685.0,3670.0,3680.0,39366,0.0,0.0
2022-08-04 11:00:00+09:00,3675.0,3680.0,3665.0,3670.0,75077,0.0,0.0
2022-08-04 12:00:00+09:00,3670.0,3710.0,3670.0,3710.0,54375,0.0,0.0
2022-08-04 13:00:00+09:00,3705.0,3705.0,3695.0,3705.0,32802,0.0,0.0
2022-08-04 14:00:00+09:00,3700.0,3700.0,3680.0,3690.0,47011,0.0,0.0
2022-08-05 09:00:00+09:00,3720.0,3720.0,3650.0,3695.0,0,0.0,0.0
2022-08-05 10:00:00+09:00,3690.0,3710.0,3685.0,3710.0,52936,0.0,0.0
2022-08-05 11:00:00+09:00,3705.0,3710.0,3685.0,3695.0,54490,0.0,0.0
2022-08-05 12:00:00+09:00,3700.0,3710.0,3695.0,3705.0,38835,0.0,0.0
2022-08-05 13:00:00+09:00,3705.0,3715.0,3700.0,3700.0,56829,0.0,0.0
2022-08-05 14:00:00+09:00,3700.0,3705.0,3685.0,3695.0,38711,0.0,0.0
2022-08-08 09:00:00+09:00,3715.0,3715.0,3610.0,3630.0,0,0.0,0.0
2022-08-08 10:00:00+09:00,3630.0,3645.0,3625.0,3635.0,55996,0.0,0.0
2022-08-08 11:00:00+09:00,3635.0,3650.0,3635.0,3635.0,42968,0.0,0.0
2022-08-08 12:00:00+09:00,3640.0,3645.0,3630.0,3645.0,10954,0.0,0.0
2022-08-08 13:00:00+09:00,3645.0,3650.0,3625.0,3645.0,33525,0.0,0.0
2022-08-08 14:00:00+09:00,3645.0,3645.0,3615.0,3635.0,70480,0.0,0.0
2022-08-09 09:00:00+09:00,3630.0,3670.0,3625.0,3630.0,0,0.0,0.0
2022-08-09 10:00:00+09:00,3650.0,3665.0,3635.0,3655.0,48774,0.0,0.0
2022-08-09 11:00:00+09:00,3655.0,3695.0,3645.0,3695.0,57111,0.0,0.0
2022-08-09 12:00:00+09:00,3695.0,3715.0,3695.0,3710.0,94982,0.0,0.0
2022-08-09 13:00:00+09:00,3700.0,3705.0,3690.0,3695.0,33623,0.0,0.0
2022-08-09 14:00:00+09:00,3695.0,3700.0,3685.0,3690.0,36769,0.0,0.0
2022-08-10 09:00:00+09:00,3685.0,3690.0,3630.0,3650.0,0,0.0,0.0
2022-08-10 10:00:00+09:00,3650.0,3660.0,3640.0,3645.0,38253,0.0,0.0
2022-08-10 11:00:00+09:00,3645.0,3650.0,3630.0,3635.0,60484,0.0,0.0
2022-08-10 12:00:00+09:00,3640.0,3645.0,3630.0,3640.0,24654,0.0,0.0
2022-08-10 13:00:00+09:00,3635.0,3650.0,3620.0,3630.0,65278,0.0,0.0
2022-08-10 14:00:00+09:00,3630.0,3640.0,3615.0,3620.0,31253,0.0,0.0
2022-08-11 09:00:00+09:00,3620.0,3670.0,3620.0,3650.0,0,0.0,0.0
2022-08-11 10:00:00+09:00,3650.0,3675.0,3650.0,3675.0,74830,0.0,0.0
2022-08-11 11:00:00+09:00,3670.0,3680.0,3665.0,3675.0,34721,0.0,0.0
2022-08-11 12:00:00+09:00,3670.0,3680.0,3665.0,3680.0,48450,0.0,0.0
2022-08-11 13:00:00+09:00,3680.0,3750.0,3670.0,3745.0,299566,0.0,0.0
2022-08-11 14:00:00+09:00,3740.0,3970.0,3710.0,3755.0,4382377,0.0,0.0
2022-08-12 09:00:00+09:00,3720.0,3755.0,3710.0,3745.0,0,0.0,0.0
2022-08-12 10:00:00+09:00,3740.0,3805.0,3740.0,3770.0,390641,0.0,0.0
2022-08-12 11:00:00+09:00,3760.0,3770.0,3745.0,3745.0,87399,0.0,0.0
2022-08-12 12:00:00+09:00,3760.0,3760.0,3745.0,3755.0,48756,0.0,0.0
2022-08-12 13:00:00+09:00,3745.0,3760.0,3745.0,3755.0,51804,0.0,0.0
2022-08-12 14:00:00+09:00,3750.0,3760.0,3740.0,3750.0,34316,0.0,0.0
2022-08-16 09:00:00+09:00,3760.0,3770.0,3715.0,3745.0,0,0.0,0.0
2022-08-16 10:00:00+09:00,3745.0,3755.0,3735.0,3755.0,43044,0.0,0.0
2022-08-16 11:00:00+09:00,3750.0,3750.0,3735.0,3745.0,17990,0.0,0.0
2022-08-16 12:00:00+09:00,3745.0,3750.0,3735.0,3745.0,32042,0.0,0.0
2022-08-16 13:00:00+09:00,3740.0,3750.0,3735.0,3745.0,16884,0.0,0.0
2022-08-16 14:00:00+09:00,3740.0,3745.0,3730.0,3740.0,43283,0.0,0.0
2022-08-17 09:00:00+09:00,3735.0,3835.0,3735.0,3805.0,323329,0.0,0.0
2022-08-17 10:00:00+09:00,3815.0,3855.0,3790.0,3835.0,575844,0.0,0.0
2022-08-17 11:00:00+09:00,3835.0,3880.0,3795.0,3805.0,575926,0.0,0.0
2022-08-17 12:00:00+09:00,3810.0,3820.0,3790.0,3815.0,57973,0.0,0.0
2022-08-17 13:00:00+09:00,3815.0,3850.0,3810.0,3830.0,158925,0.0,0.0
2022-08-17 14:00:00+09:00,3830.0,3850.0,3795.0,3805.0,168857,0.0,0.0
2022-08-18 09:00:00+09:00,3865.0,3925.0,3835.0,3835.0,960032,0.0,0.0
2022-08-18 10:00:00+09:00,3835.0,3845.0,3810.0,3820.0,114367,0.0,0.0
2022-08-18 11:00:00+09:00,3820.0,3835.0,3810.0,3815.0,82370,0.0,0.0
2022-08-18 12:00:00+09:00,3815.0,3830.0,3805.0,3805.0,69230,0.0,0.0
2022-08-18 13:00:00+09:00,3815.0,3815.0,3800.0,3805.0,59139,0.0,0.0
2022-08-18 14:00:00+09:00,3805.0,3810.0,3790.0,3790.0,79097,0.0,0.0
2022-08-19 09:00:00+09:00,3805.0,3855.0,3785.0,3830.0,0,0.0,0.0
2022-08-19 10:00:00+09:00,3825.0,3855.0,3820.0,3850.0,58639,0.0,0.0
2022-08-19 11:00:00+09:00,3850.0,3850.0,3830.0,3835.0,47228,0.0,0.0
2022-08-19 12:00:00+09:00,3835.0,3840.0,3825.0,3825.0,40699,0.0,0.0
2022-08-19 13:00:00+09:00,3830.0,3835.0,3815.0,3815.0,57544,0.0,0.0
2022-08-19 14:00:00+09:00,3820.0,3830.0,3800.0,3815.0,82575,0.0,0.0
2022-08-22 09:00:00+09:00,3810.0,3915.0,3805.0,3905.0,781453,0.0,0.0
2022-08-22 10:00:00+09:00,3905.0,3925.0,3890.0,3890.0,304777,0.0,0.0
2022-08-22 11:00:00+09:00,3890.0,3900.0,3865.0,3895.0,130277,0.0,0.0
2022-08-22 12:00:00+09:00,3895.0,3950.0,3880.0,3905.0,298850,0.0,0.0
2022-08-22 13:00:00+09:00,3915.0,3930.0,3885.0,3890.0,196784,0.0,0.0
2022-08-22 14:00:00+09:00,3890.0,3900.0,3835.0,3835.0,172145,0.0,0.0
2022-08-23 09:00:00+09:00,3850.0,3925.0,3785.0,3825.0,551616,0.0,0.0
2022-08-23 10:00:00+09:00,3825.0,3860.0,3800.0,3820.0,136511,0.0,0.0
2022-08-23 11:00:00+09:00,3805.0,3820.0,3790.0,3795.0,57996,0.0,0.0
2022-08-23 12:00:00+09:00,3795.0,3810.0,3790.0,3795.0,56268,0.0,0.0
2022-08-23 13:00:00+09:00,3800.0,3800.0,3730.0,3750.0,130619,0.0,0.0
2022-08-23 14:00:00+09:00,3750.0,3750.0,3680.0,3715.0,194835,0.0,0.0
2022-08-24 09:00:00+09:00,3705.0,3725.0,3690.0,3690.0,161019,0.0,0.0
2022-08-24 10:00:00+09:00,3695.0,3695.0,3655.0,3675.0,112640,0.0,0.0
2022-08-24 11:00:00+09:00,3675.0,3685.0,3665.0,3670.0,29103,0.0,0.0
2022-08-24 12:00:00+09:00,3670.0,3675.0,3660.0,3665.0,19686,0.0,0.0
2022-08-24 13:00:00+09:00,3665.0,3675.0,3650.0,3660.0,56768,0.0,0.0
2022-08-24 14:00:00+09:00,3660.0,3670.0,3655.0,3665.0,37831,0.0,0.0
2022-08-25 09:00:00+09:00,3670.0,3745.0,3670.0,3730.0,165562,0.0,0.0
2022-08-25 10:00:00+09:00,3730.0,3735.0,3720.0,3725.0,25342,0.0,0.0
2022-08-25 11:00:00+09:00,3725.0,3735.0,3720.0,3735.0,26616,0.0,0.0
2022-08-25 12:00:00+09:00,3735.0,3740.0,3725.0,3740.0,33134,0.0,0.0
2022-08-25 13:00:00+09:00,3740.0,3745.0,3730.0,3740.0,8906,0.0,0.0
2022-08-25 14:00:00+09:00,3740.0,3750.0,3730.0,3750.0,46452,0.0,0.0
2022-08-26 09:00:00+09:00,3770.0,3835.0,3745.0,3815.0,0,0.0,0.0
2022-08-26 10:00:00+09:00,3805.0,3820.0,3805.0,3810.0,34593,0.0,0.0
2022-08-26 11:00:00+09:00,3810.0,3830.0,3810.0,3820.0,65707,0.0,0.0
2022-08-26 12:00:00+09:00,3810.0,3820.0,3805.0,3815.0,15680,0.0,0.0
2022-08-26 13:00:00+09:00,3815.0,3835.0,3805.0,3815.0,57832,0.0,0.0
2022-08-26 14:00:00+09:00,3810.0,3845.0,3810.0,3835.0,86247,0.0,0.0
2022-08-29 09:00:00+09:00,3755.0,3785.0,3680.0,3690.0,277933,0.0,0.0
2022-08-29 10:00:00+09:00,3690.0,3695.0,3665.0,3680.0,95504,0.0,0.0
2022-08-29 11:00:00+09:00,3680.0,3705.0,3675.0,3695.0,22455,0.0,0.0
2022-08-29 12:00:00+09:00,3695.0,3705.0,3680.0,3685.0,37984,0.0,0.0
2022-08-29 13:00:00+09:00,3685.0,3695.0,3665.0,3685.0,62734,0.0,0.0
2022-08-29 14:00:00+09:00,3685.0,3715.0,3680.0,3685.0,36361,0.0,0.0
2022-08-30 09:00:00+09:00,3685.0,3715.0,3675.0,3715.0,60507,0.0,0.0
2022-08-30 10:00:00+09:00,3710.0,3715.0,3645.0,3645.0,103675,0.0,0.0
2022-08-30 11:00:00+09:00,3645.0,3675.0,3640.0,3660.0,19342,0.0,0.0
2022-08-30 12:00:00+09:00,3660.0,3665.0,3650.0,3660.0,19561,0.0,0.0
2022-08-30 13:00:00+09:00,3660.0,3665.0,3650.0,3665.0,22457,0.0,0.0
2022-08-30 14:00:00+09:00,3665.0,3665.0,3650.0,3660.0,41265,0.0,0.0
2022-08-31 09:00:00+09:00,3655.0,3660.0,3615.0,3650.0,70612,0.0,0.0
2022-08-31 10:00:00+09:00,3645.0,3650.0,3625.0,3645.0,23584,0.0,0.0
2022-08-31 11:00:00+09:00,3645.0,3660.0,3635.0,3660.0,15208,0.0,0.0
2022-08-31 12:00:00+09:00,3660.0,3665.0,3650.0,3660.0,15058,0.0,0.0
2022-08-31 13:00:00+09:00,3665.0,3680.0,3655.0,3665.0,29553,0.0,0.0
2022-08-31 14:00:00+09:00,3665.0,3690.0,3655.0,3680.0,38522,0.0,0.0
2022-09-01 09:00:00+09:00,3650.0,3680.0,3630.0,3640.0,67053,0.0,0.0
2022-09-01 10:00:00+09:00,3640.0,3650.0,3630.0,3640.0,38882,0.0,0.0
2022-09-01 11:00:00+09:00,3650.0,3650.0,3635.0,3645.0,19551,0.0,0.0
2022-09-01 12:00:00+09:00,3645.0,3645.0,3620.0,3620.0,31235,0.0,0.0
2022-09-01 13:00:00+09:00,3630.0,3630.0,3600.0,3615.0,55924,0.0,0.0
2022-09-01 14:00:00+09:00,3605.0,3620.0,3560.0,3575.0,81037,0.0,0.0
2022-09-02 09:00:00+09:00,3555.0,3575.0,3525.0,3535.0,73328,0.0,0.0
2022-09-02 10:00:00+09:00,3540.0,3555.0,3530.0,3545.0,28844,0.0,0.0
2022-09-02 11:00:00+09:00,3545.0,3550.0,3520.0,3520.0,27696,0.0,0.0
2022-09-02 12:00:00+09:00,3525.0,3535.0,3470.0,3485.0,248493,0.0,0.0
2022-09-02 13:00:00+09:00,3490.0,3505.0,3480.0,3505.0,16394,0.0,0.0
2022-09-02 14:00:00+09:00,3500.0,3505.0,3470.0,3495.0,52135,0.0,0.0
2022-09-05 09:00:00+09:00,3450.0,3515.0,3450.0,3485.0,71945,0.0,0.0
2022-09-05 10:00:00+09:00,3485.0,3495.0,3475.0,3475.0,22940,0.0,0.0
2022-09-05 11:00:00+09:00,3470.0,3480.0,3470.0,3480.0,16602,0.0,0.0
2022-09-05 12:00:00+09:00,3480.0,3480.0,3465.0,3470.0,14880,0.0,0.0
2022-09-05 13:00:00+09:00,3465.0,3515.0,3465.0,3490.0,58374,0.0,0.0
2022-09-05 14:00:00+09:00,3485.0,3490.0,3455.0,3455.0,53735,0.0,0.0
2022-09-06 09:00:00+09:00,3450.0,3515.0,3450.0,3505.0,40593,0.0,0.0
2022-09-06 10:00:00+09:00,3505.0,3510.0,3485.0,3485.0,19735,0.0,0.0
2022-09-06 11:00:00+09:00,3485.0,3500.0,3475.0,3495.0,12861,0.0,0.0
2022-09-06 12:00:00+09:00,3495.0,3500.0,3490.0,3500.0,11694,0.0,0.0
2022-09-06 13:00:00+09:00,3500.0,3505.0,3495.0,3500.0,10167,0.0,0.0
2022-09-06 14:00:00+09:00,3500.0,3515.0,3495.0,3515.0,13549,0.0,0.0
2022-09-07 09:00:00+09:00,3485.0,3510.0,3425.0,3445.0,107609,0.0,0.0
2022-09-07 10:00:00+09:00,3445.0,3455.0,3375.0,3425.0,165086,0.0,0.0
2022-09-07 11:00:00+09:00,3425.0,3425.0,3350.0,3350.0,232854,0.0,0.0
2022-09-07 12:00:00+09:00,3360.0,3405.0,3345.0,3385.0,77538,0.0,0.0
2022-09-07 13:00:00+09:00,3385.0,3395.0,3320.0,3365.0,136698,0.0,0.0
2022-09-07 14:00:00+09:00,3360.0,3370.0,3350.0,3365.0,61995,0.0,0.0
2022-09-08 09:00:00+09:00,3365.0,3480.0,3365.0,3450.0,317887,0.0,0.0
2022-09-08 10:00:00+09:00,3445.0,3455.0,3420.0,3430.0,76992,0.0,0.0
2022-09-08 11:00:00+09:00,3430.0,3430.0,3405.0,3415.0,30742,0.0,0.0
2022-09-08 12:00:00+09:00,3415.0,3425.0,3405.0,3415.0,11417,0.0,0.0
2022-09-08 13:00:00+09:00,3420.0,3420.0,3400.0,3410.0,25499,0.0,0.0
2022-09-08 14:00:00+09:00,3410.0,3415.0,3400.0,3400.0,42206,0.0,0.0
2022-09-13 09:00:00+09:00,3420.0,3485.0,3420.0,3455.0,0,0.0,0.0
2022-09-13 10:00:00+09:00,3460.0,3470.0,3455.0,3465.0,25310,0.0,0.0
2022-09-13 11:00:00+09:00,3470.0,3480.0,3455.0,3480.0,41193,0.0,0.0
2022-09-13 12:00:00+09:00,3475.0,3495.0,3465.0,3495.0,51414,0.0,0.0
2022-09-13 13:00:00+09:00,3490.0,3505.0,3490.0,3490.0,33304,0.0,0.0
2022-09-13 14:00:00+09:00,3490.0,3500.0,3485.0,3485.0,15846,0.0,0.0
2022-09-14 09:00:00+09:00,3410.0,3545.0,3380.0,3485.0,321091,0.0,0.0
2022-09-14 10:00:00+09:00,3485.0,3510.0,3465.0,3485.0,51610,0.0,0.0
2022-09-14 11:00:00+09:00,3485.0,3490.0,3475.0,3475.0,14396,0.0,0.0
2022-09-14 12:00:00+09:00,3485.0,3490.0,3475.0,3475.0,8067,0.0,0.0
2022-09-14 13:00:00+09:00,3475.0,3490.0,3470.0,3485.0,15914,0.0,0.0
2022-09-14 14:00:00+09:00,3480.0,3580.0,3480.0,3545.0,86390,0.0,0.0
2022-09-15 09:00:00+09:00,3530.0,3585.0,3500.0,3515.0,182066,0.0,0.0
2022-09-15 10:00:00+09:00,3515.0,3545.0,3500.0,3530.0,49806,0.0,0.0
2022-09-15 11:00:00+09:00,3530.0,3540.0,3525.0,3525.0,14954,0.0,0.0
2022-09-15 12:00:00+09:00,3525.0,3530.0,3520.0,3520.0,26543,0.0,0.0
2022-09-15 13:00:00+09:00,3520.0,3525.0,3500.0,3505.0,29515,0.0,0.0
2022-09-15 14:00:00+09:00,3505.0,3515.0,3475.0,3490.0,39851,0.0,0.0
2022-09-16 09:00:00+09:00,3450.0,3465.0,3410.0,3455.0,50716,0.0,0.0
2022-09-16 10:00:00+09:00,3455.0,3505.0,3435.0,3475.0,21601,0.0,0.0
2022-09-16 11:00:00+09:00,3470.0,3480.0,3450.0,3460.0,14862,0.0,0.0
2022-09-16 12:00:00+09:00,3450.0,3455.0,3425.0,3440.0,29817,0.0,0.0
2022-09-16 13:00:00+09:00,3435.0,3440.0,3405.0,3415.0,54548,0.0,0.0
2022-09-16 14:00:00+09:00,3415.0,3420.0,3405.0,3415.0,41403,0.0,0.0
2022-09-19 09:00:00+09:00,3405.0,3500.0,3405.0,3465.0,271912,0.0,0.0
2022-09-19 10:00:00+09:00,3470.0,3515.0,3460.0,3480.0,184584,0.0,0.0
2022-09-19 11:00:00+09:00,3470.0,3480.0,3410.0,3425.0,95750,0.0,0.0
2022-09-19 12:00:00+09:00,3425.0,3430.0,3395.0,3405.0,40896,0.0,0.0
2022-09-19 13:00:00+09:00,3405.0,3420.0,3365.0,3390.0,57373,0.0,0.0
2022-09-19 14:00:00+09:00,3390.0,3425.0,3370.0,3370.0,81066,0.0,0.0
2022-09-20 09:00:00+09:00,3340.0,3410.0,3340.0,3385.0,118834,0.0,0.0
2022-09-20 10:00:00+09:00,3380.0,3390.0,3350.0,3355.0,54540,0.0,0.0
2022-09-20 11:00:00+09:00,3360.0,3380.0,3355.0,3375.0,4157,0.0,0.0
2022-09-20 12:00:00+09:00,3370.0,3370.0,3350.0,3365.0,23738,0.0,0.0
2022-09-20 13:00:00+09:00,3365.0,3375.0,3365.0,3370.0,15445,0.0,0.0
2022-09-20 14:00:00+09:00,3370.0,3370.0,3360.0,3370.0,26323,0.0,0.0
2022-09-21 09:00:00+09:00,3370.0,3445.0,3365.0,3405.0,192536,0.0,0.0
2022-09-21 10:00:00+09:00,3400.0,3410.0,3375.0,3390.0,83920,0.0,0.0
2022-09-21 11:00:00+09:00,3390.0,3395.0,3370.0,3390.0,56226,0.0,0.0
2022-09-21 12:00:00+09:00,3390.0,3390.0,3365.0,3380.0,34332,0.0,0.0
2022-09-21 13:00:00+09:00,3370.0,3380.0,3350.0,3365.0,28574,0.0,0.0
2022-09-21 14:00:00+09:00,3365.0,3385.0,3350.0,3385.0,30925,0.0,0.0
2022-09-22 09:00:00+09:00,3365.0,3455.0,3340.0,3405.0,324657,0.0,0.0
2022-09-22 10:00:00+09:00,3405.0,3690.0,3395.0,3570.0,1314335,0.0,0.0
2022-09-22 11:00:00+09:00,3575.0,3685.0,3495.0,3530.0,1257862,0.0,0.0
2022-09-22 12:00:00+09:00,3535.0,3610.0,3530.0,3560.0,289190,0.0,0.0
2022-09-22 13:00:00+09:00,3565.0,3585.0,3500.0,3525.0,156065,0.0,0.0
2022-09-22 14:00:00+09:00,3530.0,3580.0,3520.0,3530.0,190659,0.0,0.0
2022-09-23 09:00:00+09:00,3510.0,3580.0,3400.0,3400.0,323152,0.0,0.0
2022-09-23 10:00:00+09:00,3400.0,3410.0,3370.0,3380.0,162460,0.0,0.0
2022-09-23 11:00:00+09:00,3380.0,3395.0,3345.0,3355.0,158631,0.0,0.0
2022-09-23 12:00:00+09:00,3355.0,3365.0,3345.0,3350.0,53937,0.0,0.0
2022-09-23 13:00:00+09:00,3350.0,3350.0,3315.0,3325.0,107639,0.0,0.0
2022-09-23 14:00:00+09:00,3325.0,3345.0,3305.0,3345.0,237878,0.0,0.0
2022-09-26 09:00:00+09:00,3235.0,3310.0,3180.0,3195.0,0,0.0,0.0
2022-09-26 10:00:00+09:00,3200.0,3200.0,3105.0,3165.0,122377,0.0,0.0
2022-09-26 11:00:00+09:00,3165.0,3210.0,3130.0,3190.0,46522,0.0,0.0
2022-09-26 12:00:00+09:00,3195.0,3225.0,3160.0,3160.0,62827,0.0,0.0
2022-09-26 13:00:00+09:00,3170.0,3170.0,3100.0,3100.0,133915,0.0,0.0
2022-09-26 14:00:00+09:00,3105.0,3105.0,3035.0,3070.0,161286,0.0,0.0
2022-09-27 09:00:00+09:00,3015.0,3095.0,2930.0,2995.0,383353,0.0,0.0
2022-09-27 10:00:00+09:00,3000.0,3040.0,2940.0,2950.0,132204,0.0,0.0
2022-09-27 11:00:00+09:00,2950.0,2960.0,2920.0,2955.0,78932,0.0,0.0
2022-09-27 12:00:00+09:00,2955.0,2955.0,2910.0,2910.0,63900,0.0,0.0
2022-09-27 13:00:00+09:00,2910.0,2950.0,2910.0,2925.0,20373,0.0,0.0
2022-09-27 14:00:00+09:00,2935.0,2935.0,2890.0,2910.0,106417,0.0,0.0
2022-09-28 09:00:00+09:00,2950.0,3075.0,2950.0,3040.0,0,0.0,0.0
2022-09-28 10:00:00+09:00,3035.0,3040.0,2950.0,2965.0,498520,0.0,0.0
2022-09-28 11:00:00+09:00,2965.0,2965.0,2870.0,2880.0,98888,0.0,0.0
2022-09-28 12:00:00+09:00,2880.0,2905.0,2835.0,2860.0,120276,0.0,0.0
2022-09-28 13:00:00+09:00,2860.0,2885.0,2820.0,2845.0,145278,0.0,0.0
2022-09-28 14:00:00+09:00,2825.0,2890.0,2815.0,2875.0,103143,0.0,0.0
2022-09-29 09:00:00+09:00,2895.0,3020.0,2895.0,3015.0,338417,0.0,0.0
2022-09-29 10:00:00+09:00,3015.0,3040.0,3010.0,3020.0,77570,0.0,0.0
2022-09-29 11:00:00+09:00,3025.0,3030.0,2955.0,2955.0,67181,0.0,0.0
2022-09-29 12:00:00+09:00,2955.0,2990.0,2950.0,2990.0,33276,0.0,0.0
2022-09-29 13:00:00+09:00,2985.0,3005.0,2985.0,3000.0,33852,0.0,0.0
2022-09-29 14:00:00+09:00,2995.0,3010.0,2985.0,2990.0,29338,0.0,0.0
2022-09-30 09:00:00+09:00,2940.0,2960.0,2820.0,2840.0,361054,0.0,0.0
2022-09-30 10:00:00+09:00,2840.0,2890.0,2835.0,2885.0,56004,0.0,0.0
2022-09-30 11:00:00+09:00,2885.0,2900.0,2860.0,2900.0,38308,0.0,0.0
2022-09-30 12:00:00+09:00,2900.0,2935.0,2890.0,2895.0,34929,0.0,0.0
2022-09-30 13:00:00+09:00,2890.0,2900.0,2880.0,2885.0,17021,0.0,0.0
2022-09-30 14:00:00+09:00,2885.0,2910.0,2875.0,2890.0,62017,0.0,0.0
2022-10-04 09:00:00+09:00,2925.0,2960.0,2895.0,2950.0,98560,0.0,0.0
2022-10-04 10:00:00+09:00,2950.0,2970.0,2940.0,2955.0,53293,0.0,0.0
2022-10-04 11:00:00+09:00,2955.0,2955.0,2925.0,2950.0,28785,0.0,0.0
2022-10-04 12:00:00+09:00,2950.0,2990.0,2950.0,2985.0,62697,0.0,0.0
2022-10-04 13:00:00+09:00,2980.0,3005.0,2975.0,2995.0,33867,0.0,0.0
2022-10-04 14:00:00+09:00,2995.0,3015.0,2985.0,3000.0,35565,0.0,0.0
2022-10-05 09:00:00+09:00,3030.0,3055.0,2980.0,2985.0,113852,0.0,0.0
2022-10-05 10:00:00+09:00,2985.0,3020.0,2965.0,2995.0,79425,0.0,0.0
2022-10-05 11:00:00+09:00,2995.0,3090.0,2995.0,3020.0,96141,0.0,0.0
2022-10-05 12:00:00+09:00,3020.0,3050.0,3005.0,3030.0,44085,0.0,0.0
2022-10-05 13:00:00+09:00,3030.0,3035.0,3005.0,3015.0,14760,0.0,0.0
2022-10-05 14:00:00+09:00,3015.0,3050.0,3005.0,3035.0,78667,0.0,0.0
2022-10-06 09:00:00+09:00,3105.0,3110.0,3050.0,3080.0,246621,0.0,0.0
2022-10-06 10:00:00+09:00,3075.0,3095.0,3075.0,3090.0,47438,0.0,0.0
2022-10-06 11:00:00+09:00,3090.0,3095.0,3070.0,3075.0,51088,0.0,0.0
2022-10-06 12:00:00+09:00,3075.0,3095.0,3075.0,3085.0,30168,0.0,0.0
2022-10-06 13:00:00+09:00,3090.0,3100.0,3090.0,3100.0,24271,0.0,0.0
2022-10-06 14:00:00+09:00,3100.0,3105.0,3085.0,3100.0,55706,0.0,0.0
2022-10-07 09:00:00+09:00,3085.0,3150.0,3060.0,3115.0,118845,0.0,0.0
2022-10-07 10:00:00+09:00,3120.0,3155.0,3120.0,3135.0,104528,0.0,0.0
2022-10-07 11:00:00+09:00,3130.0,3135.0,3125.0,3135.0,21554,0.0,0.0
2022-10-07 12:00:00+09:00,3135.0,3140.0,3110.0,3120.0,46888,0.0,0.0
2022-10-07 13:00:00+09:00,3120.0,3120.0,3085.0,3090.0,56121,0.0,0.0
2022-10-07 14:00:00+09:00,3090.0,3115.0,3090.0,3115.0,32021,0.0,0.0
2022-10-11 09:00:00+09:00,3070.0,3105.0,3020.0,3035.0,197840,0.0,0.0
2022-10-11 10:00:00+09:00,3035.0,3060.0,3015.0,3025.0,65120,0.0,0.0
2022-10-11 11:00:00+09:00,3030.0,3060.0,3015.0,3015.0,64960,0.0,0.0
2022-10-11 12:00:00+09:00,3015.0,3035.0,3005.0,3010.0,34375,0.0,0.0
2022-10-11 13:00:00+09:00,3010.0,3015.0,2980.0,2995.0,29458,0.0,0.0
2022-10-11 14:00:00+09:00,2995.0,3010.0,2985.0,3005.0,27487,0.0,0.0
2022-10-12 09:00:00+09:00,2945.0,2970.0,2925.0,2965.0,0,0.0,0.0
2022-10-12 10:00:00+09:00,2965.0,2970.0,2910.0,2920.0,90010,0.0,0.0
2022-10-12 11:00:00+09:00,2925.0,2930.0,2910.0,2925.0,38257,0.0,0.0
2022-10-12 12:00:00+09:00,2925.0,2945.0,2925.0,2935.0,21083,0.0,0.0
2022-10-12 13:00:00+09:00,2935.0,2970.0,2930.0,2950.0,42026,0.0,0.0
2022-10-12 14:00:00+09:00,2965.0,2975.0,2950.0,2965.0,32676,0.0,0.0
2022-10-13 09:00:00+09:00,2930.0,2930.0,2780.0,2810.0,0,0.0,0.0
2022-10-13 10:00:00+09:00,2805.0,2805.0,2765.0,2780.0,122181,0.0,0.0
2022-10-13 11:00:00+09:00,2780.0,2790.0,2755.0,2770.0,45909,0.0,0.0
2022-10-13 12:00:00+09:00,2770.0,2780.0,2760.0,2775.0,76924,0.0,0.0
2022-10-13 13:00:00+09:00,2765.0,2775.0,2750.0,2760.0,101070,0.0,0.0
2022-10-13 14:00:00+09:00,2760.0,2785.0,2750.0,2760.0,96450,0.0,0.0
2022-10-14 09:00:00+09:00,2785.0,2820.0,2785.0,2800.0,0,0.0,0.0
2022-10-14 10:00:00+09:00,2805.0,2900.0,2800.0,2885.0,165242,0.0,0.0
2022-10-14 11:00:00+09:00,2885.0,2890.0,2870.0,2870.0,56850,0.0,0.0
2022-10-14 12:00:00+09:00,2870.0,2940.0,2870.0,2930.0,155837,0.0,0.0
2022-10-14 13:00:00+09:00,2935.0,2950.0,2910.0,2915.0,40425,0.0,0.0
2022-10-14 14:00:00+09:00,2915.0,2930.0,2895.0,2920.0,27217,0.0,0.0
2022-10-17 09:00:00+09:00,2835.0,2890.0,2835.0,2880.0,0,0.0,0.0
2022-10-17 10:00:00+09:00,2880.0,2925.0,2860.0,2915.0,33780,0.0,0.0
2022-10-17 11:00:00+09:00,2910.0,2935.0,2900.0,2925.0,31101,0.0,0.0
2022-10-17 12:00:00+09:00,2920.0,2935.0,2910.0,2930.0,13881,0.0,0.0
2022-10-17 13:00:00+09:00,2920.0,2920.0,2895.0,2920.0,14720,0.0,0.0
2022-10-17 14:00:00+09:00,2920.0,2930.0,2915.0,2930.0,14013,0.0,0.0
2022-10-18 09:00:00+09:00,2940.0,2965.0,2915.0,2930.0,0,0.0,0.0
2022-10-18 10:00:00+09:00,2930.0,2935.0,2915.0,2925.0,22759,0.0,0.0
2022-10-18 11:00:00+09:00,2925.0,2925.0,2900.0,2905.0,12477,0.0,0.0
2022-10-18 12:00:00+09:00,2910.0,2920.0,2905.0,2920.0,6768,0.0,0.0
2022-10-18 13:00:00+09:00,2925.0,2935.0,2920.0,2930.0,14070,0.0,0.0
2022-10-18 14:00:00+09:00,2925.0,2940.0,2915.0,2930.0,42251,0.0,0.0
2022-10-19 09:00:00+09:00,2940.0,2985.0,2915.0,2955.0,0,0.0,0.0
2022-10-19 10:00:00+09:00,2960.0,2970.0,2955.0,2965.0,14358,0.0,0.0
2022-10-19 11:00:00+09:00,2965.0,2965.0,2945.0,2945.0,21905,0.0,0.0
2022-10-19 12:00:00+09:00,2945.0,2955.0,2930.0,2930.0,21305,0.0,0.0
2022-10-19 13:00:00+09:00,2930.0,2930.0,2900.0,2920.0,23137,0.0,0.0
2022-10-19 14:00:00+09:00,2920.0,2920.0,2890.0,2890.0,29986,0.0,0.0
2022-10-20 09:00:00+09:00,2880.0,2915.0,2840.0,2865.0,0,0.0,0.0
2022-10-20 10:00:00+09:00,2860.0,2860.0,2820.0,2830.0,52553,0.0,0.0
2022-10-20 11:00:00+09:00,2825.0,2840.0,2815.0,2830.0,29266,0.0,0.0
2022-10-20 12:00:00+09:00,2830.0,2840.0,2815.0,2830.0,29728,0.0,0.0
2022-10-20 13:00:00+09:00,2835.0,2850.0,2820.0,2845.0,35781,0.0,0.0
2022-10-20 14:00:00+09:00,2850.0,2855.0,2825.0,2840.0,30245,0.0,0.0
2022-10-21 09:00:00+09:00,2820.0,2820.0,2780.0,2805.0,0,0.0,0.0
2022-10-21 10:00:00+09:00,2805.0,2805.0,2775.0,2775.0,49363,0.0,0.0
2022-10-21 11:00:00+09:00,2785.0,2805.0,2785.0,2805.0,35754,0.0,0.0
2022-10-21 12:00:00+09:00,2805.0,2815.0,2800.0,2815.0,18662,0.0,0.0
2022-10-21 13:00:00+09:00,2805.0,2810.0,2795.0,2805.0,30079,0.0,0.0
2022-10-21 14:00:00+09:00,2805.0,2805.0,2790.0,2800.0,39432,0.0,0.0
2022-10-24 09:00:00+09:00,2815.0,2855.0,2810.0,2850.0,0,0.0,0.0
2022-10-24 10:00:00+09:00,2850.0,2850.0,2825.0,2840.0,17569,0.0,0.0
2022-10-24 11:00:00+09:00,2835.0,2840.0,2825.0,2835.0,8507,0.0,0.0
2022-10-24 12:00:00+09:00,2830.0,2835.0,2815.0,2830.0,25080,0.0,0.0
2022-10-24 13:00:00+09:00,2825.0,2830.0,2815.0,2825.0,9457,0.0,0.0
2022-10-24 14:00:00+09:00,2825.0,2825.0,2800.0,2810.0,29880,0.0,0.0
2022-10-25 09:00:00+09:00,2835.0,2845.0,2815.0,2825.0,0,0.0,0.0
2022-10-25 10:00:00+09:00,2825.0,2830.0,2810.0,2815.0,29554,0.0,0.0
2022-10-25 11:00:00+09:00,2810.0,2815.0,2790.0,2795.0,29830,0.0,0.0
2022-10-25 12:00:00+09:00,2795.0,2800.0,2785.0,2795.0,23702,0.0,0.0
2022-10-25 13:00:00+09:00,2795.0,2800.0,2785.0,2800.0,19670,0.0,0.0
2022-10-25 14:00:00+09:00,2800.0,2820.0,2790.0,2820.0,37318,0.0,0.0
2022-10-26 09:00:00+09:00,2805.0,2830.0,2785.0,2790.0,0,0.0,0.0
2022-10-26 10:00:00+09:00,2805.0,2815.0,2780.0,2815.0,36790,0.0,0.0
2022-10-26 11:00:00+09:00,2810.0,2815.0,2800.0,2810.0,26142,0.0,0.0
2022-10-26 12:00:00+09:00,2810.0,2810.0,2800.0,2805.0,10710,0.0,0.0
2022-10-26 13:00:00+09:00,2805.0,2805.0,2795.0,2800.0,12173,0.0,0.0
2022-10-26 14:00:00+09:00,2800.0,2800.0,2780.0,2790.0,44565,0.0,0.0
2022-10-27 09:00:00+09:00,2770.0,2810.0,2770.0,2805.0,0,0.0,0.0
2022-10-27 10:00:00+09:00,2805.0,2820.0,2805.0,2820.0,17058,0.0,0.0
2022-10-27 11:00:00+09:00,2820.0,2825.0,2815.0,2825.0,12229,0.0,0.0
2022-10-27 12:00:00+09:00,2820.0,2830.0,2815.0,2820.0,8736,0.0,0.0
2022-10-27 13:00:00+09:00,2825.0,2830.0,2815.0,2830.0,11889,0.0,0.0
2022-10-27 14:00:00+09:00,2825.0,2840.0,2820.0,2830.0,11930,0.0,0.0
2022-10-28 09:00:00+09:00,2825.0,2850.0,2785.0,2835.0,0,0.0,0.0
2022-10-28 10:00:00+09:00,2840.0,2860.0,2835.0,2860.0,30093,0.0,0.0
2022-10-28 11:00:00+09:00,2860.0,2865.0,2835.0,2835.0,20401,0.0,0.0
2022-10-28 12:00:00+09:00,2845.0,2845.0,2820.0,2830.0,16905,0.0,0.0
2022-10-28 13:00:00+09:00,2825.0,2845.0,2820.0,2840.0,32899,0.0,0.0
2022-10-28 14:00:00+09:00,2835.0,2840.0,2825.0,2835.0,27002,0.0,0.0
2022-10-31 09:00:00+09:00,2895.0,2970.0,2890.0,2910.0,163131,0.0,0.0
2022-10-31 10:00:00+09:00,2895.0,2915.0,2885.0,2910.0,41135,0.0,0.0
2022-10-31 11:00:00+09:00,2905.0,2910.0,2890.0,2900.0,30825,0.0,0.0
2022-10-31 12:00:00+09:00,2890.0,2900.0,2885.0,2890.0,38136,0.0,0.0
2022-10-31 13:00:00+09:00,2890.0,2895.0,2875.0,2890.0,40410,0.0,0.0
2022-10-31 14:00:00+09:00,2885.0,2900.0,2875.0,2885.0,78282,0.0,0.0
2022-11-01 09:00:00+09:00,2865.0,2920.0,2865.0,2905.0,0,0.0,0.0
2022-11-01 10:00:00+09:00,2905.0,2925.0,2905.0,2915.0,33141,0.0,0.0
2022-11-01 11:00:00+09:00,2920.0,2925.0,2905.0,2915.0,31914,0.0,0.0
2022-11-01 12:00:00+09:00,2910.0,2925.0,2900.0,2920.0,66356,0.0,0.0
2022-11-01 13:00:00+09:00,2910.0,2920.0,2905.0,2920.0,21144,0.0,0.0
2022-11-01 14:00:00+09:00,2905.0,2920.0,2905.0,2920.0,24675,0.0,0.0
2022-11-02 09:00:00+09:00,2915.0,2925.0,2880.0,2920.0,0,0.0,0.0
2022-11-02 10:00:00+09:00,2915.0,2940.0,2910.0,2925.0,41822,0.0,0.0
2022-11-02 11:00:00+09:00,2920.0,2930.0,2915.0,2925.0,49191,0.0,0.0
2022-11-02 12:00:00+09:00,2925.0,2935.0,2915.0,2925.0,27676,0.0,0.0
2022-11-02 13:00:00+09:00,2920.0,2930.0,2905.0,2925.0,55918,0.0,0.0
2022-11-02 14:00:00+09:00,2925.0,2945.0,2920.0,2940.0,89529,0.0,0.0
2022-11-03 09:00:00+09:00,2865.0,2895.0,2820.0,2885.0,0,0.0,0.0
2022-11-03 10:00:00+09:00,2885.0,2905.0,2880.0,2900.0,23855,0.0,0.0
2022-11-03 11:00:00+09:00,2900.0,2905.0,2890.0,2895.0,30118,0.0,0.0
2022-11-03 12:00:00+09:00,2895.0,2895.0,2875.0,2885.0,16720,0.0,0.0
2022-11-03 13:00:00+09:00,2890.0,2895.0,2885.0,2895.0,14973,0.0,0.0
2022-11-03 14:00:00+09:00,2895.0,2900.0,2885.0,2895.0,15780,0.0,0.0
2022-11-04 09:00:00+09:00,2850.0,2880.0,2845.0,2880.0,0,0.0,0.0
2022-11-04 10:00:00+09:00,2880.0,2880.0,2850.0,2875.0,64224,0.0,0.0
2022-11-04 11:00:00+09:00,2875.0,2885.0,2855.0,2860.0,33096,0.0,0.0
2022-11-04 12:00:00+09:00,2865.0,2880.0,2845.0,2880.0,32531,0.0,0.0
2022-11-04 13:00:00+09:00,2880.0,2900.0,2875.0,2895.0,29102,0.0,0.0
2022-11-04 14:00:00+09:00,2895.0,2910.0,2895.0,2905.0,20716,0.0,0.0
2022-11-07 09:00:00+09:00,2900.0,2925.0,2890.0,2920.0,0,0.0,0.0
2022-11-07 10:00:00+09:00,2920.0,2945.0,2910.0,2940.0,37930,0.0,0.0
2022-11-07 11:00:00+09:00,2945.0,2945.0,2920.0,2935.0,20658,0.0,0.0
2022-11-07 12:00:00+09:00,2935.0,2940.0,2925.0,2935.0,24989,0.0,0.0
2022-11-07 13:00:00+09:00,2940.0,2945.0,2935.0,2940.0,27642,0.0,0.0
2022-11-07 14:00:00+09:00,2935.0,2945.0,2930.0,2945.0,15593,0.0,0.0
2022-11-08 09:00:00+09:00,2945.0,2970.0,2940.0,2970.0,0,0.0,0.0
2022-11-08 10:00:00+09:00,2965.0,3030.0,2960.0,3015.0,157105,0.0,0.0
2022-11-08 11:00:00+09:00,3005.0,3010.0,3000.0,3000.0,22051,0.0,0.0
2022-11-08 12:00:00+09:00,3005.0,3025.0,3000.0,3020.0,40114,0.0,0.0
2022-11-08 13:00:00+09:00,3015.0,3020.0,3000.0,3005.0,22830,0.0,0.0
2022-11-08 14:00:00+09:00,3010.0,3030.0,3000.0,3020.0,40950,0.0,0.0
2022-11-09 09:00:00+09:00,3020.0,3060.0,3015.0,3035.0,70550,0.0,0.0
2022-11-09 10:00:00+09:00,3035.0,3045.0,3030.0,3040.0,20395,0.0,0.0
2022-11-09 11:00:00+09:00,3035.0,3050.0,3030.0,3035.0,18111,0.0,0.0
2022-11-09 12:00:00+09:00,3040.0,3045.0,3035.0,3045.0,13635,0.0,0.0
2022-11-09 13:00:00+09:00,3040.0,3045.0,3020.0,3025.0,25376,0.0,0.0
2022-11-09 14:00:00+09:00,3030.0,3045.0,3025.0,3045.0,6056,0.0,0.0
2022-11-10 09:00:00+09:00,3000.0,3045.0,2975.0,3015.0,0,0.0,0.0
2022-11-10 10:00:00+09:00,3020.0,3055.0,3020.0,3030.0,31365,0.0,0.0
2022-11-10 11:00:00+09:00,3030.0,3040.0,3030.0,3040.0,19753,0.0,0.0
2022-11-10 12:00:00+09:00,3035.0,3085.0,3030.0,3060.0,18126,0.0,0.0
2022-11-10 13:00:00+09:00,3060.0,3080.0,3035.0,3055.0,29966,0.0,0.0
2022-11-10 14:00:00+09:00,3050.0,3065.0,3040.0,3065.0,16299,0.0,0.0
2022-11-11 09:00:00+09:00,3130.0,3140.0,3075.0,3080.0,0,0.0,0.0
2022-11-11 10:00:00+09:00,3080.0,3085.0,3060.0,3065.0,55856,0.0,0.0
2022-11-11 11:00:00+09:00,3060.0,3080.0,3060.0,3075.0,17188,0.0,0.0
2022-11-11 12:00:00+09:00,3075.0,3080.0,3065.0,3070.0,25144,0.0,0.0
2022-11-11 13:00:00+09:00,3080.0,3080.0,3060.0,3065.0,24737,0.0,0.0
2022-11-11 14:00:00+09:00,3065.0,3075.0,3055.0,3070.0,32946,0.0,0.0
2022-11-14 09:00:00+09:00,3085.0,3130.0,3065.0,3105.0,0,0.0,0.0
2022-11-14 10:00:00+09:00,3100.0,3130.0,3090.0,3120.0,62239,0.0,0.0
2022-11-14 11:00:00+09:00,3115.0,3125.0,3110.0,3120.0,19067,0.0,0.0
2022-11-14 12:00:00+09:00,3120.0,3135.0,3120.0,3130.0,29104,0.0,0.0
2022-11-14 13:00:00+09:00,3125.0,3140.0,3125.0,3135.0,16120,0.0,0.0
2022-11-14 14:00:00+09:00,3135.0,3135.0,3105.0,3105.0,23478,0.0,0.0
2022-11-15 09:00:00+09:00,3090.0,3120.0,3085.0,3100.0,0,0.0,0.0
2022-11-15 10:00:00+09:00,3100.0,3110.0,3090.0,3105.0,22592,0.0,0.0
2022-11-15 11:00:00+09:00,3105.0,3125.0,3105.0,3125.0,18561,0.0,0.0
2022-11-15 12:00:00+09:00,3125.0,3125.0,3100.0,3110.0,24310,0.0,0.0
2022-11-15 13:00:00+09:00,3110.0,3130.0,3110.0,3130.0,27689,0.0,0.0
2022-11-15 14:00:00+09:00,3130.0,3155.0,3130.0,3150.0,33696,0.0,0.0
2022-11-16 09:00:00+09:00,3160.0,3245.0,3155.0,3230.0,0,0.0,0.0
2022-11-16 10:00:00+09:00,3230.0,3235.0,3170.0,3175.0,114021,0.0,0.0
2022-11-16 11:00:00+09:00,3175.0,3190.0,3165.0,3185.0,44680,0.0,0.0
2022-11-16 12:00:00+09:00,3180.0,3190.0,3180.0,3185.0,13771,0.0,0.0
2022-11-16 13:00:00+09:00,3190.0,3195.0,3170.0,3180.0,35879,0.0,0.0
2022-11-16 14:00:00+09:00,3180.0,3190.0,3170.0,3175.0,35158,0.0,0.0
2022-11-17 10:00:00+09:00,3165.0,3165.0,3110.0,3120.0,81727,0.0,0.0
2022-11-17 11:00:00+09:00,3120.0,3120.0,3075.0,3110.0,66652,0.0,0.0
2022-11-17 12:00:00+09:00,3110.0,3115.0,3090.0,3090.0,35358,0.0,0.0
2022-11-17 13:00:00+09:00,3090.0,3120.0,3090.0,3100.0,28603,0.0,0.0
2022-11-17 14:00:00+09:00,3110.0,3115.0,3100.0,3105.0,15471,0.0,0.0
2022-11-18 09:00:00+09:00,3085.0,3120.0,3085.0,3100.0,0,0.0,0.0
2022-11-18 10:00:00+09:00,3100.0,3115.0,3100.0,3105.0,14915,0.0,0.0
2022-11-18 11:00:00+09:00,3100.0,3110.0,3095.0,3110.0,5826,0.0,0.0
2022-11-18 12:00:00+09:00,3110.0,3125.0,3110.0,3125.0,15941,0.0,0.0
2022-11-18 13:00:00+09:00,3115.0,3120.0,3095.0,3095.0,24396,0.0,0.0
2022-11-18 14:00:00+09:00,3095.0,3110.0,3080.0,3095.0,22350,0.0,0.0
2022-11-21 09:00:00+09:00,3085.0,3100.0,3010.0,3045.0,0,0.0,0.0
2022-11-21 10:00:00+09:00,3035.0,3045.0,3010.0,3035.0,31684,0.0,0.0
2022-11-21 11:00:00+09:00,3030.0,3040.0,3015.0,3025.0,23504,0.0,0.0
2022-11-21 12:00:00+09:00,3020.0,3030.0,3010.0,3020.0,13405,0.0,0.0
2022-11-21 13:00:00+09:00,3020.0,3030.0,3015.0,3020.0,12990,0.0,0.0
2022-11-21 14:00:00+09:00,3025.0,3050.0,3015.0,3030.0,24018,0.0,0.0
2022-11-22 09:00:00+09:00,2990.0,3035.0,2990.0,3025.0,0,0.0,0.0
2022-11-22 10:00:00+09:00,3025.0,3040.0,3015.0,3020.0,16201,0.0,0.0
2022-11-22 11:00:00+09:00,3020.0,3030.0,3010.0,3025.0,9377,0.0,0.0
2022-11-22 12:00:00+09:00,3025.0,3030.0,3015.0,3015.0,3531,0.0,0.0
2022-11-22 13:00:00+09:00,3015.0,3030.0,3010.0,3025.0,8931,0.0,0.0
2022-11-22 14:00:00+09:00,3020.0,3030.0,3015.0,3020.0,7933,0.0,0.0
2022-11-23 09:00:00+09:00,3015.0,3045.0,3015.0,3040.0,0,0.0,0.0
2022-11-23 10:00:00+09:00,3040.0,3050.0,3035.0,3045.0,14115,0.0,0.0
2022-11-23 11:00:00+09:00,3045.0,3050.0,3040.0,3045.0,6072,0.0,0.0
2022-11-23 12:00:00+09:00,3050.0,3050.0,3030.0,3040.0,15610,0.0,0.0
2022-11-23 13:00:00+09:00,3040.0,3045.0,3030.0,3035.0,7705,0.0,0.0
2022-11-23 14:00:00+09:00,3035.0,3045.0,3030.0,3040.0,11214,0.0,0.0
2022-11-24 09:00:00+09:00,3030.0,3060.0,3030.0,3050.0,0,0.0,0.0
2022-11-24 10:00:00+09:00,3050.0,3055.0,3045.0,3050.0,7812,0.0,0.0
2022-11-24 11:00:00+09:00,3050.0,3055.0,3045.0,3055.0,12497,0.0,0.0
2022-11-24 12:00:00+09:00,3050.0,3055.0,3045.0,3055.0,5484,0.0,0.0
2022-11-24 13:00:00+09:00,3055.0,3060.0,3050.0,3050.0,15767,0.0,0.0
2022-11-24 14:00:00+09:00,3055.0,3070.0,3045.0,3050.0,10069,0.0,0.0
2022-11-25 09:00:00+09:00,3060.0,3060.0,3025.0,3040.0,0,0.0,0.0
2022-11-25 10:00:00+09:00,3040.0,3060.0,3040.0,3045.0,9799,0.0,0.0
2022-11-25 11:00:00+09:00,3045.0,3050.0,3040.0,3040.0,16693,0.0,0.0
2022-11-25 12:00:00+09:00,3040.0,3045.0,3040.0,3040.0,4079,0.0,0.0
2022-11-25 13:00:00+09:00,3040.0,3045.0,3035.0,3040.0,11278,0.0,0.0
2022-11-25 14:00:00+09:00,3040.0,3045.0,3035.0,3040.0,7622,0.0,0.0
2022-11-28 09:00:00+09:00,3045.0,3055.0,2995.0,3000.0,0,0.0,0.0
2022-11-28 10:00:00+09:00,3000.0,3005.0,2970.0,2980.0,69533,0.0,0.0
2022-11-28 11:00:00+09:00,2980.0,2985.0,2975.0,2985.0,1840,0.0,0.0
2022-11-28 12:00:00+09:00,2985.0,2985.0,2975.0,2980.0,10741,0.0,0.0
2022-11-28 13:00:00+09:00,2980.0,2990.0,2975.0,2975.0,18981,0.0,0.0
2022-11-28 14:00:00+09:00,2975.0,2985.0,2970.0,2970.0,18366,0.0,0.0
2022-11-29 09:00:00+09:00,2965.0,2985.0,2940.0,2980.0,0,0.0,0.0
2022-11-29 10:00:00+09:00,2980.0,2985.0,2970.0,2980.0,6113,0.0,0.0
2022-11-29 11:00:00+09:00,2980.0,2985.0,2970.0,2985.0,8873,0.0,0.0
2022-11-29 12:00:00+09:00,2985.0,2985.0,2975.0,2980.0,6522,0.0,0.0
2022-11-29 13:00:00+09:00,2980.0,3000.0,2980.0,3000.0,12591,0.0,0.0
2022-11-29 14:00:00+09:00,3000.0,3005.0,2995.0,3000.0,10021,0.0,0.0
2022-11-30 09:00:00+09:00,3005.0,3045.0,3000.0,3040.0,0,0.0,0.0
2022-11-30 10:00:00+09:00,3040.0,3065.0,3030.0,3055.0,34567,0.0,0.0
2022-11-30 11:00:00+09:00,3050.0,3075.0,3045.0,3065.0,24025,0.0,0.0
2022-11-30 12:00:00+09:00,3070.0,3070.0,3055.0,3060.0,10219,0.0,0.0
2022-11-30 13:00:00+09:00,3060.0,3070.0,3060.0,3065.0,9897,0.0,0.0
2022-11-30 14:00:00+09:00,3060.0,3065.0,3055.0,3060.0,8580,0.0,0.0
2022-12-01 09:00:00+09:00,3100.0,3140.0,3100.0,3105.0,0,0.0,0.0
2022-12-01 10:00:00+09:00,3110.0,3115.0,3105.0,3110.0,15149,0.0,0.0
2022-12-01 11:00:00+09:00,3110.0,3110.0,3100.0,3110.0,22942,0.0,0.0
2022-12-01 12:00:00+09:00,3105.0,3120.0,3105.0,3120.0,20872,0.0,0.0
2022-12-01 13:00:00+09:00,3120.0,3145.0,3115.0,3135.0,38171,0.0,0.0
2022-12-01 14:00:00+09:00,3140.0,3140.0,3130.0,3130.0,0,0.0,0.0
2022-12-02 09:00:00+09:00,3145.0,3150.0,3105.0,3140.0,0,0.0,0.0
2022-12-02 10:00:00+09:00,3140.0,3165.0,3135.0,3155.0,35071,0.0,0.0
2022-12-02 11:00:00+09:00,3155.0,3170.0,3145.0,3150.0,20565,0.0,0.0
2022-12-02 12:00:00+09:00,3150.0,3150.0,3140.0,3145.0,8787,0.0,0.0
2022-12-02 13:00:00+09:00,3145.0,3145.0,3135.0,3140.0,7900,0.0,0.0
2022-12-02 14:00:00+09:00,3140.0,3140.0,3130.0,3130.0,16558,0.0,0.0
2022-12-05 09:00:00+09:00,3130.0,3165.0,3120.0,3140.0,0,0.0,0.0
2022-12-05 10:00:00+09:00,3140.0,3175.0,3135.0,3155.0,31940,0.0,0.0
2022-12-05 11:00:00+09:00,3155.0,3170.0,3145.0,3150.0,14142,0.0,0.0
2022-12-05 12:00:00+09:00,3150.0,3150.0,3135.0,3135.0,13353,0.0,0.0
2022-12-05 13:00:00+09:00,3135.0,3140.0,3130.0,3130.0,16136,0.0,0.0
2022-12-05 14:00:00+09:00,3130.0,3155.0,3130.0,3150.0,17477,0.0,0.0
2022-12-06 09:00:00+09:00,3115.0,3140.0,3090.0,3105.0,0,0.0,0.0
2022-12-06 10:00:00+09:00,3105.0,3125.0,3105.0,3125.0,24444,0.0,0.0
2022-12-06 11:00:00+09:00,3125.0,3125.0,3115.0,3120.0,10251,0.0,0.0
2022-12-06 12:00:00+09:00,3120.0,3125.0,3110.0,3115.0,6431,0.0,0.0
2022-12-06 13:00:00+09:00,3115.0,3120.0,3110.0,3115.0,5810,0.0,0.0
2022-12-06 14:00:00+09:00,3115.0,3120.0,3100.0,3105.0,31654,0.0,0.0
2022-12-07 09:00:00+09:00,3075.0,3150.0,3075.0,3120.0,48030,0.0,0.0
2022-12-07 10:00:00+09:00,3115.0,3125.0,3100.0,3120.0,19887,0.0,0.0
2022-12-07 11:00:00+09:00,3120.0,3125.0,3115.0,3125.0,6872,0.0,0.0
2022-12-07 12:00:00+09:00,3125.0,3125.0,3100.0,3110.0,18548,0.0,0.0
2022-12-07 13:00:00+09:00,3105.0,3140.0,3105.0,3140.0,29215,0.0,0.0
2022-12-07 14:00:00+09:00,3135.0,3140.0,3105.0,3120.0,26696,0.0,0.0
2022-12-08 09:00:00+09:00,3090.0,3130.0,3090.0,3105.0,0,0.0,0.0
2022-12-08 10:00:00+09:00,3095.0,3095.0,3040.0,3065.0,59597,0.0,0.0
2022-12-08 11:00:00+09:00,3065.0,3065.0,3050.0,3055.0,16885,0.0,0.0
2022-12-08 12:00:00+09:00,3055.0,3055.0,3035.0,3045.0,20806,0.0,0.0
2022-12-08 13:00:00+09:00,3045.0,3065.0,3045.0,3055.0,11087,0.0,0.0
2022-12-08 14:00:00+09:00,3050.0,3065.0,3050.0,3065.0,8955,0.0,0.0
2022-12-09 09:00:00+09:00,3065.0,3090.0,3045.0,3045.0,0,0.0,0.0
2022-12-09 10:00:00+09:00,3055.0,3080.0,3045.0,3080.0,9668,0.0,0.0
2022-12-09 11:00:00+09:00,3075.0,3080.0,3055.0,3075.0,8326,0.0,0.0
2022-12-09 12:00:00+09:00,3065.0,3080.0,3065.0,3080.0,6345,0.0,0.0
2022-12-09 13:00:00+09:00,3080.0,3080.0,3050.0,3070.0,27316,0.0,0.0
2022-12-09 14:00:00+09:00,3065.0,3070.0,3055.0,3065.0,6311,0.0,0.0
2022-12-12 09:00:00+09:00,3045.0,3045.0,3030.0,3045.0,0,0.0,0.0
2022-12-12 10:00:00+09:00,3045.0,3075.0,3040.0,3070.0,14435,0.0,0.0
2022-12-12 11:00:00+09:00,3065.0,3070.0,3060.0,3060.0,1662,0.0,0.0
2022-12-12 12:00:00+09:00,3065.0,3065.0,3055.0,3055.0,9169,0.0,0.0
2022-12-12 13:00:00+09:00,3055.0,3070.0,3055.0,3070.0,5057,0.0,0.0
2022-12-12 14:00:00+09:00,3065.0,3075.0,3060.0,3070.0,7947,0.0,0.0
2022-12-13 09:00:00+09:00,3070.0,3100.0,3070.0,3095.0,0,0.0,0.0
2022-12-13 10:00:00+09:00,3090.0,3100.0,3080.0,3100.0,76998,0.0,0.0
2022-12-13 11:00:00+09:00,3100.0,3105.0,3090.0,3105.0,12899,0.0,0.0
2022-12-13 12:00:00+09:00,3105.0,3105.0,3090.0,3090.0,9520,0.0,0.0
2022-12-13 13:00:00+09:00,3095.0,3095.0,3085.0,3095.0,15451,0.0,0.0
2022-12-13 14:00:00+09:00,3095.0,3095.0,3080.0,3085.0,14109,0.0,0.0
2022-12-14 09:00:00+09:00,3085.0,3115.0,3085.0,3095.0,0,0.0,0.0
2022-12-14 10:00:00+09:00,3105.0,3105.0,3095.0,3100.0,21330,0.0,0.0
2022-12-14 11:00:00+09:00,3100.0,3130.0,3095.0,3130.0,53574,0.0,0.0
2022-12-14 12:00:00+09:00,3130.0,3135.0,3115.0,3115.0,19079,0.0,0.0
2022-12-14 13:00:00+09:00,3115.0,3135.0,3115.0,3130.0,26400,0.0,0.0
2022-12-14 14:00:00+09:00,3130.0,3140.0,3120.0,3130.0,19712,0.0,0.0
2022-12-15 09:00:00+09:00,3110.0,3125.0,3110.0,3125.0,0,0.0,0.0
2022-12-15 10:00:00+09:00,3125.0,3125.0,3115.0,3115.0,20254,0.0,0.0
2022-12-15 11:00:00+09:00,3120.0,3125.0,3115.0,3120.0,5080,0.0,0.0
2022-12-15 12:00:00+09:00,3115.0,3135.0,3115.0,3130.0,14285,0.0,0.0
2022-12-15 13:00:00+09:00,3125.0,3130.0,3105.0,3120.0,28254,0.0,0.0
2022-12-15 14:00:00+09:00,3115.0,3130.0,3115.0,3120.0,11319,0.0,0.0
2022-12-16 09:00:00+09:00,3055.0,3100.0,3055.0,3075.0,0,0.0,0.0
2022-12-16 10:00:00+09:00,3085.0,3085.0,3070.0,3080.0,16901,0.0,0.0
2022-12-16 11:00:00+09:00,3080.0,3080.0,3055.0,3070.0,30149,0.0,0.0
2022-12-16 12:00:00+09:00,3070.0,3070.0,3065.0,3065.0,9662,0.0,0.0
2022-12-16 13:00:00+09:00,3065.0,3075.0,3065.0,3075.0,8174,0.0,0.0
2022-12-16 14:00:00+09:00,3075.0,3080.0,3065.0,3070.0,19289,0.0,0.0
2022-12-19 09:00:00+09:00,3075.0,3095.0,3055.0,3075.0,37294,0.0,0.0
2022-12-19 10:00:00+09:00,3075.0,3100.0,3075.0,3100.0,39060,0.0,0.0
2022-12-19 11:00:00+09:00,3095.0,3100.0,3090.0,3090.0,13435,0.0,0.0
2022-12-19 12:00:00+09:00,3095.0,3095.0,3085.0,3090.0,4165,0.0,0.0
2022-12-19 13:00:00+09:00,3090.0,3090.0,3085.0,3085.0,6411,0.0,0.0
2022-12-19 14:00:00+09:00,3090.0,3095.0,3085.0,3095.0,15807,0.0,0.0
2022-12-20 09:00:00+09:00,3085.0,3120.0,3055.0,3120.0,0,0.0,0.0
2022-12-20 10:00:00+09:00,3120.0,3125.0,3105.0,3125.0,63152,0.0,0.0
2022-12-20 11:00:00+09:00,3120.0,3125.0,3110.0,3115.0,10227,0.0,0.0
2022-12-20 12:00:00+09:00,3110.0,3115.0,3100.0,3105.0,17423,0.0,0.0
2022-12-20 13:00:00+09:00,3105.0,3105.0,3085.0,3085.0,35700,0.0,0.0
2022-12-20 14:00:00+09:00,3085.0,3115.0,3085.0,3090.0,35676,0.0,0.0
2022-12-21 09:00:00+09:00,3095.0,3120.0,3085.0,3090.0,0,0.0,0.0
2022-12-21 10:00:00+09:00,3085.0,3110.0,3085.0,3110.0,20795,0.0,0.0
2022-12-21 11:00:00+09:00,3110.0,3120.0,3105.0,3115.0,14535,0.0,0.0
2022-12-21 12:00:00+09:00,3110.0,3140.0,3105.0,3130.0,39758,0.0,0.0
2022-12-21 13:00:00+09:00,3125.0,3145.0,3105.0,3140.0,126280,0.0,0.0
2022-12-21 14:00:00+09:00,3140.0,3145.0,3120.0,3120.0,91888,0.0,0.0
2022-12-22 09:00:00+09:00,3150.0,3150.0,3110.0,3135.0,0,0.0,0.0
2022-12-22 10:00:00+09:00,3135.0,3140.0,3125.0,3135.0,38305,0.0,0.0
2022-12-22 11:00:00+09:00,3135.0,3150.0,3130.0,3145.0,13026,0.0,0.0
2022-12-22 12:00:00+09:00,3145.0,3145.0,3130.0,3130.0,8062,0.0,0.0
2022-12-22 13:00:00+09:00,3130.0,3140.0,3130.0,3140.0,10493,0.0,0.0
2022-12-22 14:00:00+09:00,3135.0,3145.0,3125.0,3140.0,24336,0.0,0.0
2022-12-23 09:00:00+09:00,3105.0,3125.0,3065.0,3070.0,11387,0.0,0.0
2022-12-23 10:00:00+09:00,3060.0,3080.0,3055.0,3080.0,30133,0.0,0.0
2022-12-23 11:00:00+09:00,3075.0,3080.0,3055.0,3055.0,29622,0.0,0.0
2022-12-23 12:00:00+09:00,3060.0,3060.0,3045.0,3045.0,24427,0.0,0.0
2022-12-23 13:00:00+09:00,3045.0,3060.0,3040.0,3050.0,25522,0.0,0.0
2022-12-23 14:00:00+09:00,3050.0,3050.0,3010.0,3015.0,63829,0.0,0.0
2022-12-26 09:00:00+09:00,3005.0,3010.0,2945.0,2960.0,0,0.0,0.0
2022-12-26 10:00:00+09:00,2955.0,2955.0,2925.0,2925.0,37205,0.0,0.0
2022-12-26 11:00:00+09:00,2930.0,2945.0,2925.0,2935.0,12669,0.0,0.0
2022-12-26 12:00:00+09:00,2935.0,2945.0,2930.0,2935.0,27633,0.0,0.0
2022-12-26 13:00:00+09:00,2930.0,2940.0,2920.0,2925.0,47735,0.0,0.0
2022-12-26 14:00:00+09:00,2925.0,2935.0,2920.0,2925.0,20358,0.0,0.0
2022-12-27 09:00:00+09:00,2890.0,2940.0,2890.0,2930.0,0,0.0,0.0
2022-12-27 10:00:00+09:00,2930.0,2935.0,2915.0,2915.0,18291,0.0,0.0
2022-12-27 11:00:00+09:00,2920.0,2930.0,2920.0,2925.0,3949,0.0,0.0
2022-12-27 12:00:00+09:00,2925.0,2930.0,2915.0,2920.0,12753,0.0,0.0
2022-12-27 13:00:00+09:00,2925.0,2925.0,2915.0,2920.0,7227,0.0,0.0
2022-12-27 14:00:00+09:00,2925.0,2925.0,2880.0,2910.0,47167,0.0,0.0
2022-12-28 09:00:00+09:00,2865.0,2905.0,2865.0,2885.0,0,0.0,0.0
2022-12-28 10:00:00+09:00,2885.0,2885.0,2865.0,2875.0,26446,0.0,0.0
2022-12-28 11:00:00+09:00,2875.0,2895.0,2875.0,2890.0,8958,0.0,0.0
2022-12-28 12:00:00+09:00,2890.0,2890.0,2880.0,2880.0,2909,0.0,0.0
2022-12-28 13:00:00+09:00,2885.0,2885.0,2875.0,2880.0,2422,0.0,0.0
2022-12-28 14:00:00+09:00,2880.0,2880.0,2875.0,2875.0,6716,0.0,0.0
2022-12-29 09:00:00+09:00,2860.0,2880.0,2840.0,2845.0,0,0.0,0.0
2022-12-29 10:00:00+09:00,2845.0,2875.0,2825.0,2830.0,42288,0.0,0.0
2022-12-29 11:00:00+09:00,2835.0,2835.0,2820.0,2835.0,15815,0.0,0.0
2022-12-29 12:00:00+09:00,2835.0,2850.0,2805.0,2810.0,33025,0.0,0.0
2022-12-29 13:00:00+09:00,2805.0,2815.0,2800.0,2810.0,19831,0.0,0.0
2022-12-29 14:00:00+09:00,2805.0,2810.0,2800.0,2810.0,14460,0.0,0.0
2023-01-02 10:00:00+09:00,2810.0,2840.0,2810.0,2825.0,33536,0.0,0.0
2023-01-02 11:00:00+09:00,2825.0,2825.0,2775.0,2775.0,38212,0.0,0.0
2023-01-02 12:00:00+09:00,2775.0,2775.0,2725.0,2730.0,37524,0.0,0.0
2023-01-02 13:00:00+09:00,2730.0,2750.0,2725.0,2745.0,13617,0.0,0.0
2023-01-02 14:00:00+09:00,2740.0,2745.0,2730.0,2740.0,18910,0.0,0.0
2023-01-03 09:00:00+09:00,2690.0,2745.0,2655.0,2665.0,0,0.0,0.0
2023-01-03 10:00:00+09:00,2660.0,2660.0,2600.0,2630.0,65563,0.0,0.0
2023-01-03 11:00:00+09:00,2635.0,2655.0,2615.0,2650.0,36706,0.0,0.0
2023-01-03 12:00:00+09:00,2650.0,2720.0,2650.0,2705.0,58611,0.0,0.0
2023-01-03 13:00:00+09:00,2705.0,2705.0,2675.0,2685.0,33576,0.0,0.0
2023-01-03 14:00:00+09:00,2685.0,2710.0,2685.0,2705.0,15489,0.0,0.0
2023-01-04 09:00:00+09:00,2690.0,2695.0,2665.0,2690.0,0,0.0,0.0
2023-01-04 10:00:00+09:00,2690.0,2715.0,2690.0,2715.0,21398,0.0,0.0
2023-01-04 11:00:00+09:00,2710.0,2720.0,2695.0,2715.0,13587,0.0,0.0
2023-01-04 12:00:00+09:00,2715.0,2720.0,2700.0,2710.0,17390,0.0,0.0
2023-01-04 13:00:00+09:00,2720.0,2770.0,2720.0,2755.0,38668,0.0,0.0
2023-01-04 14:00:00+09:00,2750.0,2775.0,2750.0,2770.0,12045,0.0,0.0
2023-01-05 09:00:00+09:00,2785.0,2795.0,2740.0,2785.0,0,0.0,0.0
2023-01-05 10:00:00+09:00,2770.0,2780.0,2745.0,2780.0,7159,0.0,0.0
2023-01-05 11:00:00+09:00,2780.0,2780.0,2760.0,2765.0,4334,0.0,0.0
2023-01-05 12:00:00+09:00,2770.0,2770.0,2750.0,2755.0,4309,0.0,0.0
2023-01-05 13:00:00+09:00,2750.0,2760.0,2745.0,2760.0,7746,0.0,0.0
2023-01-05 14:00:00+09:00,2755.0,2760.0,2740.0,2760.0,26988,0.0,0.0
2023-01-06 09:00:00+09:00,2710.0,2760.0,2710.0,2750.0,0,0.0,0.0
2023-01-06 10:00:00+09:00,2745.0,2770.0,2740.0,2765.0,12440,0.0,0.0
2023-01-06 11:00:00+09:00,2765.0,2780.0,2760.0,2780.0,8089,0.0,0.0
2023-01-06 12:00:00+09:00,2780.0,2785.0,2765.0,2780.0,9768,0.0,0.0
2023-01-06 13:00:00+09:00,2780.0,2790.0,2770.0,2790.0,8111,0.0,0.0
2023-01-06 14:00:00+09:00,2790.0,2810.0,2770.0,2780.0,22959,0.0,0.0
2023-01-09 09:00:00+09:00,2765.0,2810.0,2765.0,2800.0,0,0.0,0.0
2023-01-09 10:00:00+09:00,2800.0,2825.0,2790.0,2820.0,37520,0.0,0.0
2023-01-09 11:00:00+09:00,2820.0,2825.0,2815.0,2815.0,8019,0.0,0.0
2023-01-09 12:00:00+09:00,2810.0,2840.0,2790.0,2830.0,71973,0.0,0.0
2023-01-09 13:00:00+09:00,2835.0,2840.0,2825.0,2830.0,8443,0.0,0.0
2023-01-09 14:00:00+09:00,2830.0,2840.0,2825.0,2840.0,15461,0.0,0.0
2023-01-10 09:00:00+09:00,2840.0,2850.0,2820.0,2840.0,0,0.0,0.0
2023-01-10 10:00:00+09:00,2840.0,2855.0,2840.0,2845.0,11969,0.0,0.0
2023-01-10 11:00:00+09:00,2845.0,2855.0,2840.0,2845.0,3998,0.0,0.0
2023-01-10 12:00:00+09:00,2840.0,2845.0,2835.0,2845.0,8516,0.0,0.0
2023-01-10 13:00:00+09:00,2845.0,2850.0,2820.0,2835.0,0,0.0,0.0
2023-01-10 14:00:00+09:00,2830.0,2845.0,2820.0,2845.0,56254,0.0,0.0
2023-01-11 09:00:00+09:00,2835.0,2875.0,2835.0,2875.0,0,0.0,0.0
2023-01-11 10:00:00+09:00,2875.0,2880.0,2865.0,2870.0,7497,0.0,0.0
2023-01-11 11:00:00+09:00,2870.0,2875.0,2865.0,2875.0,11705,0.0,0.0
2023-01-11 12:00:00+09:00,2875.0,2895.0,2875.0,2890.0,8435,0.0,0.0
2023-01-11 13:00:00+09:00,2890.0,2890.0,2875.0,2880.0,7508,0.0,0.0
2023-01-11 14:00:00+09:00,2880.0,2885.0,2865.0,2875.0,7070,0.0,0.0
2023-01-12 09:00:00+09:00,2890.0,2890.0,2860.0,2870.0,0,0.0,0.0
2023-01-12 10:00:00+09:00,2875.0,2880.0,2865.0,2875.0,9171,0.0,0.0
2023-01-12 11:00:00+09:00,2870.0,2890.0,2870.0,2890.0,9622,0.0,0.0
2023-01-12 12:00:00+09:00,2890.0,2900.0,2875.0,2900.0,7121,0.0,0.0
2023-01-12 13:00:00+09:00,2895.0,2905.0,2885.0,2900.0,13451,0.0,0.0
2023-01-12 14:00:00+09:00,2900.0,2900.0,2875.0,2880.0,32197,0.0,0.0
2023-01-13 09:00:00+09:00,2885.0,2900.0,2875.0,2875.0,0,0.0,0.0
2023-01-13 10:00:00+09:00,2885.0,2890.0,2875.0,2885.0,9122,0.0,0.0
2023-01-13 11:00:00+09:00,2885.0,2885.0,2870.0,2880.0,7273,0.0,0.0
2023-01-13 12:00:00+09:00,2880.0,2880.0,2870.0,2870.0,5798,0.0,0.0
2023-01-13 13:00:00+09:00,2875.0,2880.0,2870.0,2880.0,2525,0.0,0.0
2023-01-13 14:00:00+09:00,2880.0,2885.0,2870.0,2885.0,23705,0.0,0.0
2023-01-16 09:00:00+09:00,2895.0,2895.0,2870.0,2890.0,0,0.0,0.0
2023-01-16 10:00:00+09:00,2890.0,2890.0,2880.0,2880.0,10446,0.0,0.0
2023-01-16 11:00:00+09:00,2880.0,2890.0,2880.0,2885.0,2252,0.0,0.0
2023-01-16 12:00:00+09:00,2885.0,2890.0,2880.0,2890.0,4905,0.0,0.0
2023-01-16 13:00:00+09:00,2885.0,2890.0,2880.0,2885.0,1748,0.0,0.0
2023-01-16 14:00:00+09:00,2885.0,2890.0,2880.0,2880.0,6968,0.0,0.0
2023-01-17 09:00:00+09:00,2870.0,2895.0,2860.0,2880.0,0,0.0,0.0
2023-01-17 10:00:00+09:00,2880.0,2890.0,2870.0,2870.0,13434,0.0,0.0
2023-01-17 11:00:00+09:00,2870.0,2875.0,2850.0,2855.0,22491,0.0,0.0
2023-01-17 12:00:00+09:00,2855.0,2860.0,2845.0,2860.0,12887,0.0,0.0
2023-01-17 13:00:00+09:00,2855.0,2860.0,2850.0,2850.0,10814,0.0,0.0
2023-01-17 14:00:00+09:00,2855.0,2860.0,2840.0,2840.0,8340,0.0,0.0
2023-01-18 09:00:00+09:00,2835.0,2850.0,2830.0,2840.0,0,0.0,0.0
2023-01-18 10:00:00+09:00,2840.0,2840.0,2810.0,2815.0,17224,0.0,0.0
2023-01-18 11:00:00+09:00,2810.0,2825.0,2810.0,2810.0,13665,0.0,0.0
2023-01-18 12:00:00+09:00,2820.0,2830.0,2810.0,2815.0,35247,0.0,0.0
2023-01-18 13:00:00+09:00,2815.0,2820.0,2810.0,2820.0,3135,0.0,0.0
2023-01-18 14:00:00+09:00,2815.0,2820.0,2810.0,2820.0,11389,0.0,0.0
2023-01-19 09:00:00+09:00,2805.0,2815.0,2785.0,2795.0,0,0.0,0.0
2023-01-19 10:00:00+09:00,2805.0,2815.0,2795.0,2805.0,44075,0.0,0.0
2023-01-19 11:00:00+09:00,2810.0,2810.0,2800.0,2810.0,4984,0.0,0.0
2023-01-19 12:00:00+09:00,2810.0,2825.0,2810.0,2825.0,4727,0.0,0.0
2023-01-19 13:00:00+09:00,2825.0,2825.0,2810.0,2820.0,3796,0.0,0.0
2023-01-19 14:00:00+09:00,2810.0,2820.0,2810.0,2820.0,7220,0.0,0.0
2023-01-20 09:00:00+09:00,2810.0,2815.0,2805.0,2810.0,0,0.0,0.0
2023-01-20 10:00:00+09:00,2805.0,2815.0,2800.0,2810.0,17694,0.0,0.0
2023-01-20 11:00:00+09:00,2815.0,2815.0,2810.0,2815.0,3872,0.0,0.0
2023-01-20 12:00:00+09:00,2810.0,2820.0,2810.0,2820.0,796,0.0,0.0
2023-01-20 13:00:00+09:00,2815.0,2820.0,2810.0,2810.0,2343,0.0,0.0
2023-01-20 14:00:00+09:00,2815.0,2820.0,2815.0,2815.0,3809,0.0,0.0
2023-01-25 09:00:00+09:00,2845.0,2850.0,2830.0,2845.0,0,0.0,0.0
2023-01-25 10:00:00+09:00,2850.0,2850.0,2840.0,2850.0,15910,0.0,0.0
2023-01-25 11:00:00+09:00,2850.0,2860.0,2845.0,2855.0,6536,0.0,0.0
2023-01-25 12:00:00+09:00,2855.0,2860.0,2855.0,2860.0,5197,0.0,0.0
2023-01-25 13:00:00+09:00,2860.0,2870.0,2860.0,2860.0,9410,0.0,0.0
2023-01-25 14:00:00+09:00,2865.0,2865.0,2855.0,2865.0,10480,0.0,0.0
2023-01-26 09:00:00+09:00,2850.0,2905.0,2850.0,2900.0,35364,0.0,0.0
2023-01-26 10:00:00+09:00,2900.0,2905.0,2895.0,2900.0,11257,0.0,0.0
2023-01-26 11:00:00+09:00,2895.0,2900.0,2890.0,2900.0,9619,0.0,0.0
2023-01-26 12:00:00+09:00,2890.0,2910.0,2890.0,2905.0,11095,0.0,0.0
2023-01-26 13:00:00+09:00,2905.0,2915.0,2900.0,2905.0,15320,0.0,0.0
2023-01-26 14:00:00+09:00,2905.0,2910.0,2895.0,2905.0,12563,0.0,0.0
2023-01-27 09:00:00+09:00,2930.0,2930.0,2900.0,2920.0,39270,0.0,0.0
2023-01-27 10:00:00+09:00,2915.0,2920.0,2910.0,2910.0,25326,0.0,0.0
2023-01-27 11:00:00+09:00,2910.0,2915.0,2905.0,2915.0,4016,0.0,0.0
2023-01-27 12:00:00+09:00,2915.0,2920.0,2910.0,2920.0,2015,0.0,0.0
2023-01-27 13:00:00+09:00,2920.0,2920.0,2905.0,2905.0,14874,0.0,0.0
2023-01-27 14:00:00+09:00,2910.0,2920.0,2905.0,2915.0,6208,0.0,0.0
2023-01-30 09:00:00+09:00,2925.0,2970.0,2920.0,2955.0,0,0.0,0.0
2023-01-30 10:00:00+09:00,2955.0,2965.0,2935.0,2935.0,20728,0.0,0.0
2023-01-30 11:00:00+09:00,2935.0,2945.0,2925.0,2925.0,25386,0.0,0.0
2023-01-30 12:00:00+09:00,2930.0,2935.0,2920.0,2920.0,3252,0.0,0.0
2023-01-30 13:00:00+09:00,2925.0,2930.0,2920.0,2925.0,3148,0.0,0.0
2023-01-30 14:00:00+09:00,2925.0,2930.0,2925.0,2925.0,4262,0.0,0.0
2023-01-31 09:00:00+09:00,2900.0,2920.0,2890.0,2920.0,29730,0.0,0.0
2023-01-31 10:00:00+09:00,2915.0,2915.0,2905.0,2905.0,6564,0.0,0.0
2023-01-31 11:00:00+09:00,2910.0,2910.0,2900.0,2910.0,6519,0.0,0.0
2023-01-31 12:00:00+09:00,2910.0,2910.0,2900.0,2910.0,7766,0.0,0.0
2023-01-31 13:00:00+09:00,2905.0,2910.0,2900.0,2900.0,3746,0.0,0.0
2023-01-31 14:00:00+09:00,2905.0,2910.0,2900.0,2910.0,10201,0.0,0.0
2023-02-01 09:00:00+09:00,2915.0,2930.0,2915.0,2925.0,0,0.0,0.0
2023-02-01 10:00:00+09:00,2920.0,2925.0,2910.0,2910.0,8298,0.0,0.0
2023-02-01 11:00:00+09:00,2915.0,2920.0,2910.0,2915.0,6086,0.0,0.0
2023-02-01 12:00:00+09:00,2920.0,2920.0,2910.0,2910.0,41113,0.0,0.0
2023-02-01 13:00:00+09:00,2920.0,2920.0,2910.0,2920.0,3481,0.0,0.0
2023-02-01 14:00:00+09:00,2920.0,2920.0,2905.0,2915.0,15796,0.0,0.0
2023-02-02 09:00:00+09:00,2945.0,2950.0,2920.0,2950.0,0,0.0,0.0
2023-02-02 10:00:00+09:00,2950.0,2950.0,2935.0,2940.0,20765,0.0,0.0
2023-02-02 11:00:00+09:00,2940.0,2940.0,2930.0,2940.0,9036,0.0,0.0
2023-02-02 12:00:00+09:00,2945.0,2945.0,2930.0,2945.0,13317,0.0,0.0
2023-02-02 13:00:00+09:00,2945.0,2950.0,2940.0,2950.0,20422,0.0,0.0
2023-02-02 14:00:00+09:00,2950.0,2955.0,2940.0,2945.0,7304,0.0,0.0
2023-02-03 09:00:00+09:00,2935.0,2950.0,2915.0,2935.0,62991,0.0,0.0
2023-02-03 10:00:00+09:00,2935.0,2965.0,2930.0,2940.0,26453,0.0,0.0
2023-02-03 11:00:00+09:00,2940.0,2965.0,2940.0,2965.0,32811,0.0,0.0
2023-02-03 12:00:00+09:00,2965.0,2965.0,2955.0,2960.0,5178,0.0,0.0
2023-02-03 13:00:00+09:00,2960.0,2965.0,2955.0,2965.0,4238,0.0,0.0
2023-02-03 14:00:00+09:00,2960.0,2990.0,2960.0,2980.0,16000,0.0,0.0
2023-02-06 09:00:00+09:00,2965.0,2970.0,2950.0,2950.0,0,0.0,0.0
2023-02-06 10:00:00+09:00,2955.0,2965.0,2950.0,2965.0,6946,0.0,0.0
2023-02-06 11:00:00+09:00,2965.0,2965.0,2960.0,2960.0,9371,0.0,0.0
2023-02-06 12:00:00+09:00,2960.0,2980.0,2955.0,2975.0,11483,0.0,0.0
2023-02-06 13:00:00+09:00,2970.0,2970.0,2965.0,2970.0,7292,0.0,0.0
2023-02-06 14:00:00+09:00,2965.0,2975.0,2950.0,2965.0,47842,0.0,0.0
2023-02-07 09:00:00+09:00,2945.0,2960.0,2940.0,2950.0,37082,0.0,0.0
2023-02-07 10:00:00+09:00,2950.0,2955.0,2940.0,2950.0,16767,0.0,0.0
2023-02-07 11:00:00+09:00,2950.0,2955.0,2945.0,2950.0,9273,0.0,0.0
2023-02-07 12:00:00+09:00,2955.0,2960.0,2950.0,2955.0,14578,0.0,0.0
2023-02-07 13:00:00+09:00,2950.0,2965.0,2950.0,2955.0,18198,0.0,0.0
2023-02-07 14:00:00+09:00,2950.0,2955.0,2945.0,2955.0,7355,0.0,0.0
2023-02-08 09:00:00+09:00,2960.0,2975.0,2955.0,2970.0,0,0.0,0.0
2023-02-08 10:00:00+09:00,2970.0,2980.0,2965.0,2980.0,18290,0.0,0.0
2023-02-08 11:00:00+09:00,2980.0,2985.0,2975.0,2980.0,11136,0.0,0.0
2023-02-08 12:00:00+09:00,2980.0,2985.0,2975.0,2985.0,9363,0.0,0.0
2023-02-08 13:00:00+09:00,2980.0,2985.0,2975.0,2985.0,16247,0.0,0.0
2023-02-08 14:00:00+09:00,2985.0,3005.0,2980.0,3000.0,39662,0.0,0.0
2023-02-09 09:00:00+09:00,3000.0,3010.0,2990.0,3005.0,19162,0.0,0.0
2023-02-09 10:00:00+09:00,3005.0,3010.0,3000.0,3005.0,6884,0.0,0.0
2023-02-09 11:00:00+09:00,3005.0,3010.0,3000.0,3010.0,7904,0.0,0.0
2023-02-09 12:00:00+09:00,3005.0,3010.0,3000.0,3005.0,7945,0.0,0.0
2023-02-09 13:00:00+09:00,3010.0,3010.0,2995.0,3005.0,25666,0.0,0.0
2023-02-09 14:00:00+09:00,3005.0,3010.0,2995.0,3010.0,10212,0.0,0.0
2023-02-10 09:00:00+09:00,3040.0,3040.0,2950.0,2950.0,75328,0.0,0.0
2023-02-10 10:00:00+09:00,2950.0,2970.0,2945.0,2955.0,21719,0.0,0.0
2023-02-10 11:00:00+09:00,2955.0,2955.0,2945.0,2950.0,8737,0.0,0.0
2023-02-10 12:00:00+09:00,2950.0,2955.0,2935.0,2940.0,22606,0.0,0.0
2023-02-10 13:00:00+09:00,2935.0,2955.0,2935.0,2955.0,14254,0.0,0.0
2023-02-10 14:00:00+09:00,2955.0,2955.0,2935.0,2950.0,14497,0.0,0.0
2023-02-13 09:00:00+09:00,2985.0,2985.0,2935.0,2960.0,0,0.0,0.0
2023-02-13 10:00:00+09:00,2960.0,2960.0,2945.0,2950.0,10210,0.0,0.0
2023-02-13 11:00:00+09:00,2945.0,2950.0,2940.0,2950.0,6388,0.0,0.0
2023-02-13 12:00:00+09:00,2940.0,2950.0,2940.0,2950.0,1081,0.0,0.0
2023-02-13 13:00:00+09:00,2950.0,2950.0,2940.0,2945.0,8025,0.0,0.0
2023-02-13 14:00:00+09:00,2945.0,2950.0,2935.0,2940.0,12253,0.0,0.0
2023-02-14 09:00:00+09:00,2945.0,2975.0,2945.0,2960.0,34659,0.0,0.0
2023-02-14 10:00:00+09:00,2960.0,2965.0,2945.0,2950.0,9860,0.0,0.0
2023-02-14 11:00:00+09:00,2960.0,2960.0,2945.0,2960.0,4943,0.0,0.0
2023-02-14 12:00:00+09:00,2950.0,2960.0,2945.0,2955.0,18769,0.0,0.0
2023-02-14 13:00:00+09:00,2950.0,2955.0,2945.0,2955.0,4155,0.0,0.0
2023-02-14 14:00:00+09:00,2950.0,2955.0,2945.0,2950.0,7548,0.0,0.0
2023-02-15 09:00:00+09:00,2940.0,2955.0,2925.0,2935.0,36801,0.0,0.0
2023-02-15 10:00:00+09:00,2935.0,2940.0,2920.0,2935.0,12143,0.0,0.0
2023-02-15 11:00:00+09:00,2920.0,2920.0,2910.0,2910.0,45973,0.0,0.0
2023-02-15 12:00:00+09:00,2915.0,2920.0,2910.0,2915.0,20757,0.0,0.0
2023-02-15 13:00:00+09:00,2915.0,2925.0,2910.0,2920.0,15675,0.0,0.0
2023-02-15 14:00:00+09:00,2910.0,2910.0,2865.0,2875.0,70204,0.0,0.0
2023-02-16 09:00:00+09:00,2890.0,2895.0,2870.0,2895.0,22886,0.0,0.0
2023-02-16 10:00:00+09:00,2890.0,2900.0,2880.0,2885.0,7932,0.0,0.0
2023-02-16 11:00:00+09:00,2895.0,2895.0,2880.0,2885.0,9320,0.0,0.0
2023-02-16 12:00:00+09:00,2890.0,2890.0,2875.0,2885.0,9931,0.0,0.0
2023-02-16 13:00:00+09:00,2885.0,2890.0,2875.0,2885.0,16067,0.0,0.0
2023-02-16 14:00:00+09:00,2880.0,2890.0,2880.0,2880.0,24160,0.0,0.0
2023-02-17 09:00:00+09:00,2860.0,2880.0,2855.0,2870.0,23590,0.0,0.0
2023-02-17 10:00:00+09:00,2870.0,2880.0,2855.0,2860.0,18663,0.0,0.0
2023-02-17 11:00:00+09:00,2860.0,2875.0,2855.0,2875.0,10026,0.0,0.0
2023-02-17 12:00:00+09:00,2875.0,2875.0,2865.0,2875.0,1407,0.0,0.0
2023-02-17 13:00:00+09:00,2875.0,2875.0,2860.0,2860.0,5274,0.0,0.0
2023-02-17 14:00:00+09:00,2865.0,2865.0,2855.0,2865.0,8654,0.0,0.0
2023-02-20 09:00:00+09:00,2865.0,2905.0,2865.0,2905.0,0,0.0,0.0
2023-02-20 10:00:00+09:00,2905.0,2915.0,2900.0,2910.0,22731,0.0,0.0
2023-02-20 11:00:00+09:00,2910.0,2935.0,2905.0,2935.0,11030,0.0,0.0
2023-02-20 12:00:00+09:00,2930.0,2930.0,2915.0,2925.0,2995,0.0,0.0
2023-02-20 13:00:00+09:00,2920.0,2935.0,2920.0,2930.0,22257,0.0,0.0
2023-02-20 14:00:00+09:00,2930.0,2935.0,2925.0,2935.0,8637,0.0,0.0
2023-02-21 09:00:00+09:00,2935.0,2950.0,2895.0,2940.0,20831,0.0,0.0
2023-02-21 10:00:00+09:00,2940.0,2950.0,2935.0,2950.0,7275,0.0,0.0
2023-02-21 11:00:00+09:00,2945.0,2950.0,2945.0,2945.0,5671,0.0,0.0
2023-02-21 12:00:00+09:00,2945.0,2960.0,2945.0,2960.0,11486,0.0,0.0
2023-02-21 13:00:00+09:00,2960.0,2970.0,2955.0,2960.0,9087,0.0,0.0
2023-02-21 14:00:00+09:00,2965.0,2970.0,2955.0,2960.0,6176,0.0,0.0
2023-02-22 09:00:00+09:00,2950.0,3040.0,2950.0,3000.0,175382,0.0,0.0
2023-02-22 10:00:00+09:00,3000.0,3000.0,2970.0,2980.0,65921,0.0,0.0
2023-02-22 11:00:00+09:00,2970.0,2980.0,2965.0,2975.0,9958,0.0,0.0
2023-02-22 12:00:00+09:00,2965.0,2975.0,2965.0,2970.0,10815,0.0,0.0
2023-02-22 13:00:00+09:00,2965.0,2970.0,2940.0,2955.0,52652,0.0,0.0
2023-02-22 14:00:00+09:00,2940.0,2970.0,2935.0,2955.0,19527,0.0,0.0
2023-02-23 09:00:00+09:00,2970.0,2985.0,2955.0,2955.0,0,0.0,0.0
2023-02-23 10:00:00+09:00,2960.0,2980.0,2950.0,2970.0,23400,0.0,0.0
2023-02-23 11:00:00+09:00,2970.0,3000.0,2960.0,2995.0,26532,0.0,0.0
2023-02-23 12:00:00+09:00,2995.0,3020.0,2995.0,3005.0,38124,0.0,0.0
2023-02-23 13:00:00+09:00,3010.0,3010.0,2995.0,3005.0,20655,0.0,0.0
2023-02-23 14:00:00+09:00,3005.0,3005.0,2980.0,2995.0,13363,0.0,0.0
2023-02-24 09:00:00+09:00,2985.0,3000.0,2960.0,2970.0,25602,0.0,0.0
2023-02-24 10:00:00+09:00,2980.0,2980.0,2945.0,2950.0,29777,0.0,0.0
2023-02-24 11:00:00+09:00,2950.0,2960.0,2930.0,2935.0,31358,0.0,0.0
2023-02-24 12:00:00+09:00,2935.0,2935.0,2925.0,2930.0,18892,0.0,0.0
2023-02-24 13:00:00+09:00,2930.0,2945.0,2920.0,2925.0,28520,0.0,0.0
2023-02-24 14:00:00+09:00,2930.0,2930.0,2925.0,2930.0,14436,0.0,0.0
2023-02-27 09:00:00+09:00,2920.0,2930.0,2835.0,2850.0,0,0.0,0.0
2023-02-27 10:00:00+09:00,2855.0,2865.0,2850.0,2865.0,14301,0.0,0.0
2023-02-27 11:00:00+09:00,2865.0,2880.0,2860.0,2880.0,14414,0.0,0.0
2023-02-27 12:00:00+09:00,2880.0,2885.0,2860.0,2860.0,10563,0.0,0.0
2023-02-27 13:00:00+09:00,2865.0,2865.0,2855.0,2860.0,24016,0.0,0.0
2023-02-27 14:00:00+09:00,2860.0,2860.0,2835.0,2840.0,25815,0.0,0.0
2023-02-28 09:00:00+09:00,2835.0,2865.0,2835.0,2855.0,14694,0.0,0.0
2023-02-28 10:00:00+09:00,2855.0,2860.0,2840.0,2840.0,26562,0.0,0.0
2023-02-28 11:00:00+09:00,2840.0,2850.0,2835.0,2840.0,11016,0.0,0.0
2023-02-28 12:00:00+09:00,2845.0,2875.0,2845.0,2875.0,17632,0.0,0.0
2023-02-28 13:00:00+09:00,2870.0,2875.0,2865.0,2870.0,8085,0.0,0.0
2023-02-28 14:00:00+09:00,2870.0,2875.0,2860.0,2865.0,4833,0.0,0.0
2023-03-02 09:00:00+09:00,2860.0,2875.0,2855.0,2870.0,0,0.0,0.0
2023-03-02 10:00:00+09:00,2870.0,2880.0,2855.0,2865.0,54506,0.0,0.0
2023-03-02 11:00:00+09:00,2865.0,2865.0,2845.0,2855.0,18322,0.0,0.0
2023-03-02 12:00:00+09:00,2855.0,2865.0,2850.0,2865.0,13058,0.0,0.0
2023-03-02 13:00:00+09:00,2860.0,2865.0,2850.0,2860.0,6539,0.0,0.0
2023-03-02 14:00:00+09:00,2860.0,2860.0,2850.0,2855.0,15470,0.0,0.0
2023-03-03 09:00:00+09:00,2860.0,2875.0,2845.0,2855.0,26485,0.0,0.0
2023-03-03 10:00:00+09:00,2860.0,2870.0,2850.0,2865.0,28943,0.0,0.0
2023-03-03 11:00:00+09:00,2865.0,2895.0,2850.0,2855.0,53245,0.0,0.0
2023-03-03 12:00:00+09:00,2855.0,2865.0,2855.0,2865.0,2538,0.0,0.0
2023-03-03 13:00:00+09:00,2865.0,2880.0,2860.0,2870.0,26879,0.0,0.0
2023-03-03 14:00:00+09:00,2880.0,2880.0,2860.0,2860.0,10273,0.0,0.0
2023-03-06 09:00:00+09:00,2880.0,2890.0,2860.0,2880.0,0,0.0,0.0
2023-03-06 10:00:00+09:00,2870.0,2900.0,2860.0,2895.0,32863,0.0,0.0
2023-03-06 11:00:00+09:00,2895.0,2920.0,2880.0,2920.0,33806,0.0,0.0
2023-03-06 12:00:00+09:00,2915.0,2920.0,2900.0,2920.0,15929,0.0,0.0
2023-03-06 13:00:00+09:00,2915.0,2920.0,2915.0,2920.0,8048,0.0,0.0
2023-03-06 14:00:00+09:00,2920.0,2930.0,2915.0,2930.0,23262,0.0,0.0
2023-03-07 09:00:00+09:00,2915.0,2920.0,2900.0,2915.0,33338,0.0,0.0
2023-03-07 10:00:00+09:00,2910.0,2950.0,2910.0,2945.0,52199,0.0,0.0
2023-03-07 11:00:00+09:00,2945.0,2965.0,2945.0,2955.0,32400,0.0,0.0
2023-03-07 12:00:00+09:00,2955.0,2960.0,2950.0,2960.0,11000,0.0,0.0
2023-03-07 13:00:00+09:00,2950.0,2975.0,2950.0,2970.0,30422,0.0,0.0
2023-03-07 14:00:00+09:00,2970.0,2985.0,2965.0,2970.0,38681,0.0,0.0
2023-03-08 09:00:00+09:00,2985.0,3025.0,2960.0,3010.0,78125,0.0,0.0
2023-03-08 10:00:00+09:00,3010.0,3015.0,2995.0,3000.0,19648,0.0,0.0
2023-03-08 11:00:00+09:00,2995.0,3000.0,2990.0,2995.0,22617,0.0,0.0
2023-03-08 12:00:00+09:00,2990.0,3050.0,2990.0,3040.0,118521,0.0,0.0
2023-03-08 13:00:00+09:00,3035.0,3045.0,3020.0,3030.0,39430,0.0,0.0
2023-03-08 14:00:00+09:00,3030.0,3035.0,3025.0,3030.0,22523,0.0,0.0
2023-03-09 09:00:00+09:00,3030.0,3130.0,3030.0,3120.0,220544,0.0,0.0
2023-03-09 10:00:00+09:00,3105.0,3120.0,3050.0,3075.0,185209,0.0,0.0
2023-03-09 11:00:00+09:00,3075.0,3105.0,3075.0,3095.0,46179,0.0,0.0
2023-03-09 12:00:00+09:00,3090.0,3105.0,3080.0,3100.0,41925,0.0,0.0
2023-03-09 13:00:00+09:00,3100.0,3100.0,3080.0,3090.0,24549,0.0,0.0
2023-03-09 14:00:00+09:00,3085.0,3115.0,3085.0,3105.0,52010,0.0,0.0
2023-03-10 09:00:00+09:00,3085.0,3085.0,3000.0,3005.0,143950,0.0,0.0
2023-03-10 10:00:00+09:00,3005.0,3035.0,2995.0,3030.0,49449,0.0,0.0
2023-03-10 11:00:00+09:00,3030.0,3035.0,3010.0,3010.0,30960,0.0,0.0
2023-03-10 12:00:00+09:00,3020.0,3025.0,3010.0,3020.0,24742,0.0,0.0
2023-03-10 13:00:00+09:00,3025.0,3040.0,3015.0,3030.0,23722,0.0,0.0
2023-03-10 14:00:00+09:00,3025.0,3030.0,3005.0,3020.0,47350,0.0,0.0
2023-03-13 09:00:00+09:00,2960.0,3000.0,2930.0,2955.0,0,0.0,0.0
2023-03-13 10:00:00+09:00,2955.0,2960.0,2915.0,2940.0,30080,0.0,0.0
2023-03-13 11:00:00+09:00,2940.0,2985.0,2930.0,2980.0,23540,0.0,0.0
2023-03-13 12:00:00+09:00,2980.0,3025.0,2965.0,3010.0,29000,0.0,0.0
2023-03-13 13:00:00+09:00,3015.0,3045.0,3010.0,3035.0,53124,0.0,0.0
2023-03-13 14:00:00+09:00,3025.0,3060.0,3020.0,3055.0,57043,0.0,0.0
2023-03-14 09:00:00+09:00,3065.0,3065.0,2945.0,2950.0,129571,0.0,0.0
2023-03-14 10:00:00+09:00,2945.0,2985.0,2920.0,2975.0,65738,0.0,0.0
2023-03-14 11:00:00+09:00,2980.0,3065.0,2970.0,3040.0,55092,0.0,0.0
2023-03-14 12:00:00+09:00,3040.0,3050.0,3025.0,3040.0,13898,0.0,0.0
2023-03-14 13:00:00+09:00,3030.0,3080.0,3025.0,3025.0,47625,0.0,0.0
2023-03-14 14:00:00+09:00,3025.0,3040.0,2975.0,3010.0,47791,0.0,0.0
2023-03-15 09:00:00+09:00,3020.0,3130.0,3020.0,3110.0,199617,0.0,0.0
2023-03-15 10:00:00+09:00,3105.0,3110.0,3080.0,3090.0,38006,0.0,0.0
2023-03-15 11:00:00+09:00,3090.0,3090.0,3070.0,3080.0,14796,0.0,0.0
2023-03-15 12:00:00+09:00,3075.0,3090.0,3070.0,3080.0,16775,0.0,0.0
2023-03-15 13:00:00+09:00,3080.0,3085.0,3065.0,3070.0,18277,0.0,0.0
2023-03-15 14:00:00+09:00,3070.0,3075.0,3045.0,3065.0,34510,0.0,0.0
2023-03-16 09:00:00+09:00,3035.0,3060.0,2970.0,3020.0,62100,0.0,0.0
2023-03-16 10:00:00+09:00,3020.0,3030.0,2995.0,3025.0,16883,0.0,0.0
2023-03-16 11:00:00+09:00,3015.0,3020.0,2995.0,3010.0,29081,0.0,0.0
2023-03-16 12:00:00+09:00,3000.0,3010.0,2960.0,2975.0,33373,0.0,0.0
2023-03-16 13:00:00+09:00,2970.0,2985.0,2960.0,2975.0,22190,0.0,0.0
2023-03-16 14:00:00+09:00,2975.0,3005.0,2970.0,3005.0,23681,0.0,0.0
2023-03-17 09:00:00+09:00,3040.0,3110.0,3020.0,3075.0,90988,0.0,0.0
2023-03-17 10:00:00+09:00,3075.0,3095.0,3070.0,3075.0,29331,0.0,0.0
2023-03-17 11:00:00+09:00,3080.0,3095.0,3070.0,3090.0,20250,0.0,0.0
2023-03-17 12:00:00+09:00,3085.0,3100.0,3085.0,3090.0,12371,0.0,0.0
2023-03-17 13:00:00+09:00,3090.0,3100.0,3085.0,3095.0,13202,0.0,0.0
2023-03-17 14:00:00+09:00,3100.0,3125.0,3090.0,3125.0,57595,0.0,0.0
2023-03-20 09:00:00+09:00,3110.0,3165.0,3095.0,3150.0,0,0.0,0.0
2023-03-20 10:00:00+09:00,3155.0,3155.0,3135.0,3155.0,19512,0.0,0.0
2023-03-20 11:00:00+09:00,3155.0,3160.0,3125.0,3140.0,26116,0.0,0.0
2023-03-20 12:00:00+09:00,3130.0,3140.0,3120.0,3125.0,10705,0.0,0.0
2023-03-20 13:00:00+09:00,3120.0,3125.0,3090.0,3090.0,0,0.0,0.0
2023-03-20 14:00:00+09:00,3085.0,3090.0,3075.0,3090.0,203353,0.0,0.0
2023-03-21 09:00:00+09:00,3100.0,3115.0,3070.0,3070.0,42894,0.0,0.0
2023-03-21 10:00:00+09:00,3070.0,3085.0,3040.0,3050.0,23493,0.0,0.0
2023-03-21 11:00:00+09:00,3050.0,3060.0,3035.0,3050.0,9238,0.0,0.0
2023-03-21 12:00:00+09:00,3050.0,3055.0,3010.0,3025.0,29933,0.0,0.0
2023-03-21 13:00:00+09:00,3030.0,3035.0,3015.0,3015.0,17557,0.0,0.0
2023-03-21 14:00:00+09:00,3010.0,3020.0,2990.0,3000.0,35924,0.0,0.0
2023-03-22 09:00:00+09:00,3020.0,3055.0,2990.0,3000.0,49227,0.0,0.0
2023-03-22 10:00:00+09:00,2990.0,3000.0,2960.0,2975.0,20528,0.0,0.0
2023-03-22 11:00:00+09:00,2975.0,2975.0,2955.0,2970.0,15639,0.0,0.0
2023-03-22 12:00:00+09:00,2960.0,2965.0,2940.0,2950.0,31018,0.0,0.0
2023-03-22 13:00:00+09:00,2950.0,2955.0,2945.0,2950.0,10478,0.0,0.0
2023-03-22 14:00:00+09:00,2940.0,2965.0,2940.0,2960.0,35122,0.0,0.0
2023-03-23 09:00:00+09:00,2950.0,2950.0,2915.0,2920.0,63883,0.0,0.0
2023-03-23 10:00:00+09:00,2915.0,2935.0,2915.0,2925.0,27231,0.0,0.0
2023-03-23 11:00:00+09:00,2930.0,2935.0,2925.0,2935.0,19242,0.0,0.0
2023-03-23 12:00:00+09:00,2935.0,2940.0,2905.0,2905.0,42072,0.0,0.0
2023-03-23 13:00:00+09:00,2905.0,2915.0,2880.0,2900.0,48548,0.0,0.0
2023-03-23 14:00:00+09:00,2905.0,2905.0,2880.0,2900.0,40041,0.0,0.0
2023-03-24 09:00:00+09:00,2900.0,2910.0,2875.0,2905.0,0,0.0,0.0
2023-03-24 10:00:00+09:00,2905.0,2905.0,2875.0,2885.0,20774,0.0,0.0
2023-03-24 11:00:00+09:00,2890.0,2900.0,2880.0,2880.0,17908,0.0,0.0
2023-03-24 12:00:00+09:00,2890.0,2890.0,2880.0,2890.0,19969,0.0,0.0
2023-03-24 13:00:00+09:00,2890.0,2900.0,2890.0,2890.0,12058,0.0,0.0
2023-03-24 14:00:00+09:00,2895.0,2900.0,2880.0,2880.0,29204,0.0,0.0
2023-03-27 09:00:00+09:00,2880.0,2895.0,2820.0,2825.0,0,0.0,0.0
2023-03-27 10:00:00+09:00,2825.0,2835.0,2810.0,2815.0,32083,0.0,0.0
2023-03-27 11:00:00+09:00,2820.0,2840.0,2820.0,2840.0,5424,0.0,0.0
2023-03-27 12:00:00+09:00,2840.0,2860.0,2830.0,2860.0,18994,0.0,0.0
2023-03-27 13:00:00+09:00,2860.0,2870.0,2835.0,2855.0,31718,0.0,0.0
2023-03-27 14:00:00+09:00,2855.0,2865.0,2845.0,2865.0,21730,0.0,0.0
2023-03-28 09:00:00+09:00,2885.0,2945.0,2875.0,2935.0,71113,0.0,0.0
2023-03-28 10:00:00+09:00,2945.0,2965.0,2940.0,2950.0,35021,0.0,0.0
2023-03-28 11:00:00+09:00,2955.0,2960.0,2940.0,2955.0,16447,0.0,0.0
2023-03-28 12:00:00+09:00,2960.0,2970.0,2955.0,2965.0,11072,0.0,0.0
2023-03-28 13:00:00+09:00,2965.0,2965.0,2950.0,2955.0,5977,0.0,0.0
2023-03-28 14:00:00+09:00,2955.0,2960.0,2945.0,2960.0,10844,0.0,0.0
2023-03-29 09:00:00+09:00,2945.0,2980.0,2945.0,2975.0,17796,0.0,0.0
2023-03-29 10:00:00+09:00,2970.0,2975.0,2960.0,2970.0,17512,0.0,0.0
2023-03-29 11:00:00+09:00,2970.0,2970.0,2950.0,2965.0,11883,0.0,0.0
2023-03-29 12:00:00+09:00,2965.0,2965.0,2945.0,2965.0,11239,0.0,0.0
2023-03-29 13:00:00+09:00,2965.0,2965.0,2955.0,2965.0,3640,0.0,0.0
2023-03-29 14:00:00+09:00,2960.0,2970.0,2960.0,2965.0,10291,0.0,0.0
2023-03-30 09:00:00+09:00,2970.0,2985.0,2965.0,2980.0,19343,0.0,0.0
2023-03-30 10:00:00+09:00,2980.0,3045.0,2965.0,3040.0,96885,0.0,0.0
2023-03-30 11:00:00+09:00,3035.0,3070.0,3020.0,3065.0,62974,0.0,0.0
2023-03-30 12:00:00+09:00,3060.0,3075.0,3055.0,3070.0,37987,0.0,0.0
2023-03-30 13:00:00+09:00,3065.0,3075.0,3055.0,3065.0,18333,0.0,0.0
2023-03-30 14:00:00+09:00,3065.0,3085.0,3050.0,3075.0,40678,0.0,0.0
2023-03-31 09:00:00+09:00,3075.0,3075.0,3025.0,3040.0,46055,0.0,0.0
2023-03-31 10:00:00+09:00,3040.0,3060.0,3035.0,3050.0,13223,0.0,0.0
2023-03-31 11:00:00+09:00,3055.0,3085.0,3050.0,3070.0,26904,0.0,0.0
2023-03-31 12:00:00+09:00,3075.0,3100.0,3065.0,3095.0,28068,0.0,0.0
2023-03-31 13:00:00+09:00,3095.0,3115.0,3080.0,3080.0,31764,0.0,0.0
2023-03-31 14:00:00+09:00,3085.0,3095.0,3070.0,3080.0,9666,0.0,0.0
2023-04-03 09:00:00+09:00,3095.0,3125.0,3060.0,3095.0,0,0.0,0.0
2023-04-03 10:00:00+09:00,3095.0,3095.0,3065.0,3070.0,21324,0.0,0.0
2023-04-03 11:00:00+09:00,3080.0,3080.0,3060.0,3070.0,17673,0.0,0.0
2023-04-03 12:00:00+09:00,3070.0,3075.0,3060.0,3065.0,4923,0.0,0.0
2023-04-03 13:00:00+09:00,3065.0,3070.0,3060.0,3070.0,6263,0.0,0.0
2023-04-03 14:00:00+09:00,3070.0,3075.0,3060.0,3065.0,4989,0.0,0.0
2023-04-04 09:00:00+09:00,3050.0,3085.0,3050.0,3060.0,0,0.0,0.0
2023-04-04 10:00:00+09:00,3070.0,3100.0,3055.0,3100.0,36521,0.0,0.0
2023-04-04 11:00:00+09:00,3100.0,3100.0,3075.0,3090.0,15573,0.0,0.0
2023-04-04 12:00:00+09:00,3090.0,3115.0,3085.0,3105.0,37897,0.0,0.0
2023-04-04 13:00:00+09:00,3100.0,3125.0,3100.0,3120.0,27635,0.0,0.0
2023-04-04 14:00:00+09:00,3115.0,3120.0,3095.0,3100.0,28010,0.0,0.0
2023-04-05 09:00:00+09:00,3120.0,3120.0,3080.0,3105.0,0,0.0,0.0
2023-04-05 10:00:00+09:00,3105.0,3110.0,3085.0,3090.0,15131,0.0,0.0
2023-04-05 11:00:00+09:00,3090.0,3090.0,3070.0,3070.0,25591,0.0,0.0
2023-04-05 12:00:00+09:00,3080.0,3090.0,3050.0,3080.0,27830,0.0,0.0
2023-04-05 13:00:00+09:00,3080.0,3090.0,3060.0,3065.0,12241,0.0,0.0
2023-04-05 14:00:00+09:00,3065.0,3070.0,3050.0,3055.0,18305,0.0,0.0
2023-04-06 09:00:00+09:00,3065.0,3065.0,2995.0,3035.0,0,0.0,0.0
2023-04-06 10:00:00+09:00,3035.0,3035.0,3000.0,3010.0,25626,0.0,0.0
2023-04-06 11:00:00+09:00,3005.0,3025.0,2980.0,3010.0,40867,0.0,0.0
2023-04-06 12:00:00+09:00,3010.0,3010.0,2995.0,2995.0,13350,0.0,0.0
2023-04-06 13:00:00+09:00,2995.0,3005.0,2985.0,2995.0,16746,0.0,0.0
2023-04-06 14:00:00+09:00,2995.0,2995.0,2985.0,2990.0,9834,0.0,0.0
2023-04-07 09:00:00+09:00,2980.0,3005.0,2955.0,2970.0,0,0.0,0.0
2023-04-07 10:00:00+09:00,2975.0,3010.0,2975.0,3010.0,14095,0.0,0.0
2023-04-07 11:00:00+09:00,3010.0,3010.0,2985.0,2985.0,6911,0.0,0.0
2023-04-07 12:00:00+09:00,2995.0,3005.0,2970.0,3005.0,28008,0.0,0.0
2023-04-07 13:00:00+09:00,3000.0,3015.0,2985.0,3005.0,10289,0.0,0.0
2023-04-07 14:00:00+09:00,3000.0,3065.0,2990.0,3045.0,43748,0.0,0.0
2023-04-10 09:00:00+09:00,3035.0,3035.0,2970.0,2985.0,0,0.0,0.0
2023-04-10 10:00:00+09:00,2990.0,2995.0,2975.0,2975.0,29234,0.0,0.0
2023-04-10 11:00:00+09:00,2975.0,2995.0,2970.0,2980.0,27800,0.0,0.0
2023-04-10 12:00:00+09:00,2975.0,2980.0,2960.0,2965.0,22375,0.0,0.0
2023-04-10 13:00:00+09:00,2965.0,2970.0,2955.0,2960.0,19288,0.0,0.0
2023-04-10 14:00:00+09:00,2960.0,2970.0,2955.0,2970.0,4822,0.0,0.0
2023-04-11 09:00:00+09:00,2930.0,2950.0,2885.0,2915.0,59527,0.0,0.0
2023-04-11 10:00:00+09:00,2925.0,2990.0,2905.0,2980.0,74676,0.0,0.0
2023-04-11 11:00:00+09:00,2980.0,2985.0,2975.0,2980.0,18235,0.0,0.0
2023-04-11 12:00:00+09:00,2980.0,2985.0,2955.0,2985.0,13221,0.0,0.0
2023-04-11 13:00:00+09:00,2985.0,3000.0,2985.0,2995.0,29236,0.0,0.0
2023-04-11 14:00:00+09:00,2995.0,3010.0,2990.0,3005.0,13957,0.0,0.0
2023-04-12 09:00:00+09:00,2970.0,3065.0,2970.0,3045.0,75277,0.0,0.0
2023-04-12 10:00:00+09:00,3055.0,3075.0,3045.0,3045.0,24904,0.0,0.0
2023-04-12 11:00:00+09:00,3045.0,3065.0,3045.0,3060.0,35943,0.0,0.0
2023-04-12 12:00:00+09:00,3060.0,3070.0,3050.0,3050.0,39688,0.0,0.0
2023-04-12 13:00:00+09:00,3060.0,3085.0,3050.0,3080.0,41603,0.0,0.0
2023-04-12 14:00:00+09:00,3080.0,3080.0,3065.0,3065.0,12584,0.0,0.0
2023-04-13 09:00:00+09:00,3050.0,3085.0,3030.0,3045.0,0,0.0,0.0
2023-04-13 10:00:00+09:00,3040.0,3055.0,3030.0,3055.0,34021,0.0,0.0
2023-04-13 11:00:00+09:00,3050.0,3070.0,3050.0,3070.0,11664,0.0,0.0
2023-04-13 12:00:00+09:00,3060.0,3070.0,3055.0,3070.0,3444,0.0,0.0
2023-04-13 13:00:00+09:00,3070.0,3070.0,3060.0,3065.0,4979,0.0,0.0
2023-04-13 14:00:00+09:00,3065.0,3070.0,3055.0,3060.0,8293,0.0,0.0
2023-04-14 09:00:00+09:00,3065.0,3085.0,3045.0,3065.0,0,0.0,0.0
2023-04-14 10:00:00+09:00,3065.0,3105.0,3065.0,3090.0,72411,0.0,0.0
2023-04-14 11:00:00+09:00,3090.0,3100.0,3085.0,3090.0,10546,0.0,0.0
2023-04-14 12:00:00+09:00,3090.0,3100.0,3075.0,3080.0,15472,0.0,0.0
2023-04-14 13:00:00+09:00,3090.0,3090.0,3075.0,3080.0,10907,0.0,0.0
2023-04-14 14:00:00+09:00,3080.0,3080.0,3065.0,3070.0,18493,0.0,0.0
2023-04-17 09:00:00+09:00,3070.0,3080.0,3050.0,3075.0,0,0.0,0.0
2023-04-17 10:00:00+09:00,3080.0,3145.0,3080.0,3140.0,89378,0.0,0.0
2023-04-17 11:00:00+09:00,3145.0,3145.0,3125.0,3135.0,21604,0.0,0.0
2023-04-17 12:00:00+09:00,3125.0,3135.0,3115.0,3135.0,17555,0.0,0.0
2023-04-17 13:00:00+09:00,3120.0,3130.0,3115.0,3125.0,20430,0.0,0.0
2023-04-17 14:00:00+09:00,3125.0,3135.0,3120.0,3130.0,25224,0.0,0.0
2023-04-18 09:00:00+09:00,3115.0,3145.0,3095.0,3105.0,0,0.0,0.0
2023-04-18 10:00:00+09:00,3095.0,3125.0,3095.0,3120.0,22412,0.0,0.0
2023-04-18 11:00:00+09:00,3120.0,3130.0,3110.0,3130.0,12252,0.0,0.0
2023-04-18 12:00:00+09:00,3130.0,3165.0,3130.0,3160.0,106277,0.0,0.0
2023-04-18 13:00:00+09:00,3165.0,3195.0,3165.0,3175.0,66567,0.0,0.0
2023-04-18 14:00:00+09:00,3170.0,3180.0,3165.0,3170.0,23420,0.0,0.0
2023-04-19 09:00:00+09:00,3170.0,3215.0,3155.0,3170.0,0,0.0,0.0
2023-04-19 10:00:00+09:00,3170.0,3170.0,3140.0,3170.0,37139,0.0,0.0
2023-04-19 11:00:00+09:00,3165.0,3165.0,3150.0,3160.0,7553,0.0,0.0
2023-04-19 12:00:00+09:00,3160.0,3170.0,3155.0,3160.0,4296,0.0,0.0
2023-04-19 13:00:00+09:00,3165.0,3180.0,3160.0,3170.0,19580,0.0,0.0
2023-04-19 14:00:00+09:00,3165.0,3185.0,3160.0,3175.0,23552,0.0,0.0
2023-04-20 09:00:00+09:00,3180.0,3275.0,3140.0,3220.0,207787,0.0,0.0
2023-04-20 10:00:00+09:00,3215.0,3220.0,3185.0,3200.0,45583,0.0,0.0
2023-04-20 11:00:00+09:00,3195.0,3320.0,3185.0,3260.0,379869,0.0,0.0
2023-04-20 12:00:00+09:00,3260.0,3325.0,3230.0,3275.0,412229,0.0,0.0
2023-04-20 13:00:00+09:00,3275.0,3350.0,3245.0,3290.0,519461,0.0,0.0
2023-04-20 14:00:00+09:00,3275.0,3330.0,3275.0,3325.0,312354,0.0,0.0
2023-04-21 09:00:00+09:00,3255.0,3390.0,3205.0,3370.0,802407,0.0,0.0
2023-04-21 10:00:00+09:00,3370.0,3455.0,3245.0,3250.0,1124075,0.0,0.0
2023-04-21 11:00:00+09:00,3250.0,3295.0,3215.0,3235.0,211914,0.0,0.0
2023-04-21 12:00:00+09:00,3235.0,3255.0,3210.0,3220.0,87538,0.0,0.0
2023-04-21 13:00:00+09:00,3220.0,3260.0,3215.0,3245.0,88981,0.0,0.0
2023-04-21 14:00:00+09:00,3245.0,3275.0,3225.0,3240.0,133658,0.0,0.0
2023-04-24 09:00:00+09:00,3330.0,3345.0,3150.0,3190.0,0,0.0,0.0
2023-04-24 10:00:00+09:00,3185.0,3200.0,3165.0,3175.0,61286,0.0,0.0
2023-04-24 11:00:00+09:00,3175.0,3195.0,3150.0,3150.0,63485,0.0,0.0
2023-04-24 12:00:00+09:00,3155.0,3160.0,3085.0,3095.0,168251,0.0,0.0
2023-04-24 13:00:00+09:00,3110.0,3130.0,3075.0,3120.0,124616,0.0,0.0
2023-04-24 14:00:00+09:00,3105.0,3135.0,3095.0,3120.0,71613,0.0,0.0
2023-04-25 09:00:00+09:00,3100.0,3130.0,3085.0,3130.0,0,0.0,0.0
2023-04-25 10:00:00+09:00,3130.0,3130.0,3085.0,3110.0,63973,0.0,0.0
2023-04-25 11:00:00+09:00,3110.0,3115.0,3045.0,3060.0,66324,0.0,0.0
2023-04-25 12:00:00+09:00,3050.0,3060.0,3000.0,3030.0,76031,0.0,0.0
2023-04-25 13:00:00+09:00,3020.0,3020.0,2995.0,3020.0,91473,0.0,0.0
2023-04-25 14:00:00+09:00,3015.0,3040.0,3005.0,3040.0,53420,0.0,0.0
2023-04-26 09:00:00+09:00,3025.0,3140.0,3025.0,3130.0,240463,0.0,0.0
2023-04-26 10:00:00+09:00,3130.0,3180.0,3120.0,3170.0,115521,0.0,0.0
2023-04-26 11:00:00+09:00,3165.0,3180.0,3130.0,3160.0,60875,0.0,0.0
2023-04-26 12:00:00+09:00,3160.0,3175.0,3135.0,3155.0,26516,0.0,0.0
2023-04-26 13:00:00+09:00,3150.0,3170.0,3110.0,3155.0,71535,0.0,0.0
2023-04-26 14:00:00+09:00,3150.0,3265.0,3145.0,3240.0,426586,0.0,0.0
2023-04-27 09:00:00+09:00,3195.0,3245.0,3130.0,3145.0,213272,0.0,0.0
2023-04-27 10:00:00+09:00,3135.0,3165.0,3105.0,3110.0,90577,0.0,0.0
2023-04-27 11:00:00+09:00,3110.0,3115.0,3090.0,3100.0,75377,0.0,0.0
2023-04-27 12:00:00+09:00,3105.0,3115.0,3060.0,3090.0,87696,0.0,0.0
2023-04-27 13:00:00+09:00,3095.0,3100.0,3075.0,3085.0,41415,0.0,0.0
2023-04-27 14:00:00+09:00,3075.0,3080.0,3045.0,3060.0,137443,0.0,0.0
2023-04-28 09:00:00+09:00,3065.0,3065.0,3005.0,3055.0,150658,0.0,0.0
2023-04-28 10:00:00+09:00,3055.0,3070.0,3040.0,3050.0,28662,0.0,0.0
2023-04-28 11:00:00+09:00,3055.0,3060.0,3030.0,3055.0,32959,0.0,0.0
2023-04-28 12:00:00+09:00,3055.0,3065.0,3035.0,3040.0,30279,0.0,0.0
2023-04-28 13:00:00+09:00,3035.0,3050.0,3030.0,3050.0,9474,0.0,0.0
2023-04-28 14:00:00+09:00,3040.0,3295.0,3040.0,3220.0,1690009,0.0,0.0
2023-05-02 09:00:00+09:00,3150.0,3250.0,3145.0,3230.0,0,0.0,0.0
2023-05-02 10:00:00+09:00,3230.0,3230.0,3200.0,3205.0,52677,0.0,0.0
2023-05-02 11:00:00+09:00,3205.0,3220.0,3190.0,3215.0,23782,0.0,0.0
2023-05-02 12:00:00+09:00,3220.0,3240.0,3205.0,3225.0,44780,0.0,0.0
2023-05-02 13:00:00+09:00,3235.0,3255.0,3215.0,3255.0,65910,0.0,0.0
2023-05-02 14:00:00+09:00,3250.0,3255.0,3210.0,3230.0,57454,0.0,0.0
2023-05-03 09:00:00+09:00,3215.0,3315.0,3205.0,3310.0,196260,0.0,0.0
2023-05-03 10:00:00+09:00,3305.0,3310.0,3260.0,3280.0,101685,0.0,0.0
2023-05-03 11:00:00+09:00,3280.0,3285.0,3255.0,3280.0,56323,0.0,0.0
2023-05-03 12:00:00+09:00,3280.0,3290.0,3260.0,3280.0,36091,0.0,0.0
2023-05-03 13:00:00+09:00,3280.0,3285.0,3245.0,3260.0,25465,0.0,0.0
2023-05-03 14:00:00+09:00,3250.0,3275.0,3230.0,3245.0,81376,0.0,0.0
2023-05-04 09:00:00+09:00,3255.0,3295.0,3215.0,3220.0,179568,0.0,0.0
2023-05-04 10:00:00+09:00,3220.0,3225.0,3180.0,3200.0,101133,0.0,0.0
2023-05-04 11:00:00+09:00,3200.0,3215.0,3170.0,3175.0,47059,0.0,0.0
2023-05-04 12:00:00+09:00,3175.0,3265.0,3160.0,3225.0,225748,0.0,0.0
2023-05-04 13:00:00+09:00,3225.0,3305.0,3185.0,3200.0,442910,0.0,0.0
2023-05-04 14:00:00+09:00,3195.0,3230.0,3175.0,3215.0,83792,0.0,0.0
2023-05-08 09:00:00+09:00,3235.0,3380.0,3230.0,3325.0,0,0.0,0.0
2023-05-08 10:00:00+09:00,3325.0,3360.0,3300.0,3355.0,177566,0.0,0.0
2023-05-08 11:00:00+09:00,3355.0,3385.0,3330.0,3385.0,233373,0.0,0.0
2023-05-08 12:00:00+09:00,3385.0,3420.0,3365.0,3390.0,301688,0.0,0.0
2023-05-08 13:00:00+09:00,3380.0,3440.0,3365.0,3415.0,292536,0.0,0.0
2023-05-08 14:00:00+09:00,3405.0,3425.0,3360.0,3370.0,209111,0.0,0.0
2023-05-09 09:00:00+09:00,3425.0,3425.0,3295.0,3320.0,0,0.0,0.0
2023-05-09 10:00:00+09:00,3320.0,3355.0,3320.0,3335.0,63680,0.0,0.0
2023-05-09 11:00:00+09:00,3335.0,3340.0,3310.0,3320.0,49355,0.0,0.0
2023-05-09 12:00:00+09:00,3315.0,3330.0,3235.0,3285.0,99060,0.0,0.0
2023-05-09 13:00:00+09:00,3285.0,3290.0,3250.0,3270.0,58039,0.0,0.0
2023-05-09 14:00:00+09:00,3255.0,3280.0,3225.0,3275.0,73317,0.0,0.0
2023-05-10 09:00:00+09:00,3325.0,3405.0,3235.0,3295.0,305548,0.0,0.0
2023-05-10 10:00:00+09:00,3290.0,3310.0,3280.0,3305.0,31933,0.0,0.0
2023-05-10 11:00:00+09:00,3300.0,3305.0,3265.0,3265.0,54202,0.0,0.0
2023-05-10 12:00:00+09:00,3265.0,3270.0,3255.0,3265.0,17762,0.0,0.0
2023-05-10 13:00:00+09:00,3270.0,3270.0,3255.0,3260.0,21027,0.0,0.0
2023-05-10 14:00:00+09:00,3260.0,3260.0,3205.0,3205.0,122018,0.0,0.0
2023-05-11 09:00:00+09:00,3240.0,3340.0,3235.0,3285.0,0,0.0,0.0
2023-05-11 10:00:00+09:00,3285.0,3285.0,3235.0,3255.0,77405,0.0,0.0
2023-05-11 11:00:00+09:00,3260.0,3265.0,3230.0,3265.0,28258,0.0,0.0
2023-05-11 12:00:00+09:00,3265.0,3265.0,3240.0,3250.0,15464,0.0,0.0
2023-05-11 13:00:00+09:00,3250.0,3255.0,3240.0,3255.0,31601,0.0,0.0
2023-05-11 14:00:00+09:00,3255.0,3260.0,3240.0,3240.0,29300,0.0,0.0
2023-05-12 09:00:00+09:00,3235.0,3245.0,3125.0,3150.0,197200,0.0,0.0
2023-05-12 10:00:00+09:00,3155.0,3155.0,3120.0,3125.0,85493,0.0,0.0
2023-05-12 11:00:00+09:00,3130.0,3145.0,3120.0,3135.0,67515,0.0,0.0
2023-05-12 12:00:00+09:00,3135.0,3140.0,3120.0,3140.0,32837,0.0,0.0
2023-05-12 13:00:00+09:00,3140.0,3140.0,3115.0,3115.0,85534,0.0,0.0
2023-05-12 14:00:00+09:00,3120.0,3135.0,3115.0,3125.0,48765,0.0,0.0
2023-05-15 09:00:00+09:00,3140.0,3180.0,3090.0,3175.0,0,0.0,0.0
2023-05-15 10:00:00+09:00,3175.0,3185.0,3150.0,3155.0,35431,0.0,0.0
2023-05-15 11:00:00+09:00,3150.0,3160.0,3125.0,3125.0,52560,0.0,0.0
2023-05-15 12:00:00+09:00,3125.0,3135.0,3115.0,3130.0,38818,0.0,0.0
2023-05-15 13:00:00+09:00,3120.0,3140.0,3120.0,3140.0,16609,0.0,0.0
2023-05-15 14:00:00+09:00,3135.0,3155.0,3130.0,3145.0,47622,0.0,0.0
2023-05-16 09:00:00+09:00,3190.0,3205.0,3160.0,3175.0,0,0.0,0.0
2023-05-16 10:00:00+09:00,3175.0,3215.0,3160.0,3190.0,77060,0.0,0.0
2023-05-16 11:00:00+09:00,3190.0,3190.0,3175.0,3190.0,16408,0.0,0.0
2023-05-16 12:00:00+09:00,3190.0,3260.0,3190.0,3255.0,198909,0.0,0.0
2023-05-16 13:00:00+09:00,3255.0,3265.0,3215.0,3225.0,42219,0.0,0.0
2023-05-16 14:00:00+09:00,3225.0,3290.0,3215.0,3290.0,99980,0.0,0.0
2023-05-17 09:00:00+09:00,3300.0,3300.0,3190.0,3215.0,182663,0.0,0.0
2023-05-17 10:00:00+09:00,3210.0,3225.0,3205.0,3215.0,25745,0.0,0.0
2023-05-17 11:00:00+09:00,3220.0,3245.0,3210.0,3225.0,48952,0.0,0.0
2023-05-17 12:00:00+09:00,3220.0,3235.0,3215.0,3230.0,28840,0.0,0.0
2023-05-17 13:00:00+09:00,3230.0,3230.0,3205.0,3205.0,49949,0.0,0.0
2023-05-17 14:00:00+09:00,3200.0,3210.0,3190.0,3205.0,57149,0.0,0.0
2023-05-18 09:00:00+09:00,3170.0,3170.0,3130.0,3145.0,171146,0.0,0.0
2023-05-18 10:00:00+09:00,3155.0,3155.0,3140.0,3150.0,56932,0.0,0.0
2023-05-18 11:00:00+09:00,3145.0,3170.0,3145.0,3165.0,16019,0.0,0.0
2023-05-18 12:00:00+09:00,3165.0,3180.0,3160.0,3165.0,33144,0.0,0.0
2023-05-18 13:00:00+09:00,3165.0,3185.0,3160.0,3185.0,28045,0.0,0.0
2023-05-18 14:00:00+09:00,3180.0,3205.0,3165.0,3190.0,42357,0.0,0.0
2023-05-19 09:00:00+09:00,3195.0,3210.0,3185.0,3200.0,29073,0.0,0.0
2023-05-19 10:00:00+09:00,3200.0,3210.0,3190.0,3200.0,24769,0.0,0.0
2023-05-19 11:00:00+09:00,3195.0,3215.0,3190.0,3210.0,27716,0.0,0.0
2023-05-19 12:00:00+09:00,3210.0,3265.0,3210.0,3225.0,82477,0.0,0.0
2023-05-19 13:00:00+09:00,3225.0,3230.0,3210.0,3225.0,18487,0.0,0.0
2023-05-19 14:00:00+09:00,3225.0,3230.0,3215.0,3230.0,17442,0.0,0.0
2023-05-22 09:00:00+09:00,3230.0,3325.0,3220.0,3315.0,10845,0.0,0.0
2023-05-22 10:00:00+09:00,3310.0,3350.0,3300.0,3330.0,148781,0.0,0.0
2023-05-22 11:00:00+09:00,3335.0,3350.0,3325.0,3345.0,90981,0.0,0.0
2023-05-22 12:00:00+09:00,3340.0,3345.0,3325.0,3325.0,57821,0.0,0.0
2023-05-22 13:00:00+09:00,3320.0,3330.0,3305.0,3330.0,35729,0.0,0.0
2023-05-22 14:00:00+09:00,3330.0,3340.0,3320.0,3330.0,65445,0.0,0.0
2023-05-23 09:00:00+09:00,3325.0,3350.0,3285.0,3290.0,0,0.0,0.0
2023-05-23 10:00:00+09:00,3290.0,3325.0,3285.0,3295.0,20507,0.0,0.0
2023-05-23 11:00:00+09:00,3300.0,3330.0,3290.0,3300.0,40366,0.0,0.0
2023-05-23 12:00:00+09:00,3300.0,3325.0,3295.0,3320.0,10483,0.0,0.0
2023-05-23 13:00:00+09:00,3315.0,3320.0,3305.0,3310.0,10414,0.0,0.0
2023-05-23 14:00:00+09:00,3310.0,3310.0,3285.0,3290.0,26251,0.0,0.0
2023-05-24 09:00:00+09:00,3290.0,3365.0,3265.0,3340.0,178911,0.0,0.0
2023-05-24 10:00:00+09:00,3340.0,3350.0,3325.0,3340.0,44351,0.0,0.0
2023-05-24 11:00:00+09:00,3340.0,3440.0,3340.0,3415.0,483983,0.0,0.0
2023-05-24 12:00:00+09:00,3420.0,3470.0,3390.0,3420.0,341201,0.0,0.0
2023-05-24 13:00:00+09:00,3415.0,3430.0,3370.0,3375.0,144755,0.0,0.0
2023-05-24 14:00:00+09:00,3375.0,3395.0,3370.0,3375.0,78880,0.0,0.0
2023-05-25 09:00:00+09:00,3370.0,3445.0,3335.0,3400.0,252859,0.0,0.0
2023-05-25 10:00:00+09:00,3400.0,3400.0,3340.0,3370.0,108215,0.0,0.0
2023-05-25 11:00:00+09:00,3375.0,3410.0,3365.0,3385.0,46143,0.0,0.0
2023-05-25 12:00:00+09:00,3385.0,3395.0,3365.0,3385.0,17651,0.0,0.0
2023-05-25 13:00:00+09:00,3380.0,3395.0,3350.0,3350.0,47132,0.0,0.0
2023-05-25 14:00:00+09:00,3350.0,3370.0,3330.0,3345.0,63381,0.0,0.0
2023-05-26 09:00:00+09:00,3340.0,3340.0,3250.0,3280.0,137236,0.0,0.0
2023-05-26 10:00:00+09:00,3280.0,3295.0,3265.0,3285.0,24300,0.0,0.0
2023-05-26 11:00:00+09:00,3295.0,3295.0,3275.0,3280.0,21595,0.0,0.0
2023-05-26 12:00:00+09:00,3275.0,3285.0,3260.0,3270.0,27559,0.0,0.0
2023-05-26 13:00:00+09:00,3270.0,3280.0,3250.0,3260.0,47974,0.0,0.0
2023-05-26 14:00:00+09:00,3255.0,3285.0,3245.0,3250.0,66820,0.0,0.0
2023-05-30 09:00:00+09:00,3280.0,3285.0,3205.0,3225.0,0,0.0,0.0
2023-05-30 10:00:00+09:00,3230.0,3240.0,3200.0,3240.0,28665,0.0,0.0
2023-05-30 11:00:00+09:00,3235.0,3245.0,3235.0,3240.0,11454,0.0,0.0
2023-05-30 12:00:00+09:00,3240.0,3245.0,3230.0,3240.0,9011,0.0,0.0
2023-05-30 13:00:00+09:00,3235.0,3250.0,3235.0,3250.0,9433,0.0,0.0
2023-05-30 14:00:00+09:00,3240.0,3245.0,3230.0,3230.0,21657,0.0,0.0
2023-05-31 09:00:00+09:00,3185.0,3260.0,3175.0,3245.0,73027,0.0,0.0
2023-05-31 10:00:00+09:00,3250.0,3255.0,3235.0,3245.0,34520,0.0,0.0
2023-05-31 11:00:00+09:00,3235.0,3260.0,3235.0,3245.0,29358,0.0,0.0
2023-05-31 12:00:00+09:00,3250.0,3250.0,3230.0,3235.0,20726,0.0,0.0
2023-05-31 13:00:00+09:00,3235.0,3255.0,3225.0,3230.0,17707,0.0,0.0
2023-05-31 14:00:00+09:00,3225.0,3250.0,3215.0,3220.0,33301,0.0,0.0
2023-06-01 09:00:00+09:00,3225.0,3250.0,3200.0,3210.0,0,0.0,0.0
2023-06-01 10:00:00+09:00,3220.0,3220.0,3200.0,3215.0,23729,0.0,0.0
2023-06-01 11:00:00+09:00,3205.0,3215.0,3200.0,3205.0,18639,0.0,0.0
2023-06-01 12:00:00+09:00,3200.0,3210.0,3195.0,3200.0,17146,0.0,0.0
2023-06-01 13:00:00+09:00,3200.0,3210.0,3185.0,3195.0,36308,0.0,0.0
2023-06-01 14:00:00+09:00,3190.0,3210.0,3180.0,3190.0,31047,0.0,0.0
2023-06-02 09:00:00+09:00,3190.0,3230.0,3190.0,3225.0,0,0.0,0.0
2023-06-02 10:00:00+09:00,3220.0,3235.0,3210.0,3225.0,17581,0.0,0.0
2023-06-02 11:00:00+09:00,3230.0,3240.0,3215.0,3220.0,16425,0.0,0.0
2023-06-02 12:00:00+09:00,3220.0,3235.0,3210.0,3210.0,23641,0.0,0.0
2023-06-02 13:00:00+09:00,3210.0,3230.0,3195.0,3220.0,47853,0.0,0.0
2023-06-02 14:00:00+09:00,3210.0,3225.0,3195.0,3210.0,10561,0.0,0.0
2023-06-05 09:00:00+09:00,3220.0,3260.0,3205.0,3255.0,0,0.0,0.0
2023-06-05 10:00:00+09:00,3255.0,3260.0,3215.0,3245.0,25193,0.0,0.0
2023-06-05 11:00:00+09:00,3245.0,3285.0,3240.0,3280.0,42309,0.0,0.0
2023-06-05 12:00:00+09:00,3275.0,3285.0,3270.0,3275.0,14330,0.0,0.0
2023-06-05 13:00:00+09:00,3275.0,3280.0,3260.0,3270.0,11715,0.0,0.0
2023-06-05 14:00:00+09:00,3255.0,3270.0,3255.0,3265.0,4193,0.0,0.0
2023-06-07 09:00:00+09:00,3265.0,3300.0,3235.0,3290.0,0,0.0,0.0
2023-06-07 10:00:00+09:00,3295.0,3340.0,3265.0,3325.0,86351,0.0,0.0
2023-06-07 11:00:00+09:00,3325.0,3330.0,3305.0,3320.0,48220,0.0,0.0
2023-06-07 12:00:00+09:00,3325.0,3325.0,3270.0,3305.0,86743,0.0,0.0
2023-06-07 13:00:00+09:00,3305.0,3310.0,3280.0,3290.0,21699,0.0,0.0
2023-06-07 14:00:00+09:00,3290.0,3300.0,3270.0,3280.0,98432,0.0,0.0
2023-06-08 09:00:00+09:00,3350.0,3350.0,3290.0,3305.0,178090,0.0,0.0
2023-06-08 10:00:00+09:00,3310.0,3315.0,3290.0,3300.0,38184,0.0,0.0
2023-06-08 11:00:00+09:00,3295.0,3305.0,3295.0,3300.0,25976,0.0,0.0
2023-06-08 12:00:00+09:00,3300.0,3315.0,3300.0,3310.0,15889,0.0,0.0
2023-06-08 13:00:00+09:00,3310.0,3315.0,3290.0,3300.0,13426,0.0,0.0
2023-06-08 14:00:00+09:00,3295.0,3300.0,3290.0,3290.0,19713,0.0,0.0
2023-06-09 09:00:00+09:00,3305.0,3430.0,3300.0,3360.0,347426,0.0,0.0
2023-06-09 10:00:00+09:00,3360.0,3360.0,3335.0,3355.0,41602,0.0,0.0
2023-06-09 11:00:00+09:00,3350.0,3355.0,3335.0,3335.0,35892,0.0,0.0
2023-06-09 12:00:00+09:00,3345.0,3345.0,3300.0,3300.0,75188,0.0,0.0
2023-06-09 13:00:00+09:00,3300.0,3310.0,3295.0,3305.0,42278,0.0,0.0
2023-06-09 14:00:00+09:00,3310.0,3310.0,3280.0,3285.0,43842,0.0,0.0
2023-06-12 09:00:00+09:00,3325.0,3325.0,3245.0,3255.0,0,0.0,0.0
2023-06-12 10:00:00+09:00,3255.0,3315.0,3225.0,3240.0,139019,0.0,0.0
2023-06-12 11:00:00+09:00,3245.0,3260.0,3230.0,3250.0,32773,0.0,0.0
2023-06-12 12:00:00+09:00,3250.0,3250.0,3230.0,3235.0,37777,0.0,0.0
2023-06-12 13:00:00+09:00,3240.0,3245.0,3220.0,3235.0,28471,0.0,0.0
2023-06-12 14:00:00+09:00,3225.0,3250.0,3215.0,3225.0,45372,0.0,0.0
2023-06-13 09:00:00+09:00,3235.0,3245.0,3205.0,3205.0,58523,0.0,0.0
2023-06-13 10:00:00+09:00,3205.0,3265.0,3205.0,3265.0,65432,0.0,0.0
2023-06-13 11:00:00+09:00,3270.0,3290.0,3260.0,3270.0,20946,0.0,0.0
2023-06-13 12:00:00+09:00,3260.0,3275.0,3240.0,3255.0,24489,0.0,0.0
2023-06-13 13:00:00+09:00,3255.0,3265.0,3250.0,3265.0,10232,0.0,0.0
2023-06-13 14:00:00+09:00,3265.0,3265.0,3245.0,3250.0,13805,0.0,0.0
2023-06-14 09:00:00+09:00,3260.0,3270.0,3210.0,3245.0,0,0.0,0.0
2023-06-14 10:00:00+09:00,3220.0,3255.0,3220.0,3235.0,18018,0.0,0.0
2023-06-14 11:00:00+09:00,3235.0,3250.0,3220.0,3220.0,19373,0.0,0.0
2023-06-14 12:00:00+09:00,3220.0,3235.0,3215.0,3230.0,19638,0.0,0.0
2023-06-14 13:00:00+09:00,3235.0,3275.0,3230.0,3245.0,48991,0.0,0.0
2023-06-14 14:00:00+09:00,3240.0,3285.0,3225.0,3270.0,67886,0.0,0.0
2023-06-15 09:00:00+09:00,3275.0,3320.0,3250.0,3300.0,44897,0.0,0.0
2023-06-15 10:00:00+09:00,3300.0,3340.0,3270.0,3325.0,79582,0.0,0.0
2023-06-15 11:00:00+09:00,3330.0,3335.0,3285.0,3290.0,38979,0.0,0.0
2023-06-15 12:00:00+09:00,3300.0,3300.0,3265.0,3275.0,24785,0.0,0.0
2023-06-15 13:00:00+09:00,3275.0,3285.0,3255.0,3260.0,38368,0.0,0.0
2023-06-15 14:00:00+09:00,3255.0,3275.0,3240.0,3260.0,46901,0.0,0.0
2023-06-16 09:00:00+09:00,3250.0,3280.0,3250.0,3275.0,35137,0.0,0.0
2023-06-16 10:00:00+09:00,3265.0,3285.0,3260.0,3285.0,25632,0.0,0.0
2023-06-16 11:00:00+09:00,3285.0,3300.0,3265.0,3290.0,28906,0.0,0.0
2023-06-16 12:00:00+09:00,3290.0,3295.0,3280.0,3290.0,11970,0.0,0.0
2023-06-16 13:00:00+09:00,3290.0,3305.0,3285.0,3290.0,15526,0.0,0.0
2023-06-16 14:00:00+09:00,3290.0,3300.0,3280.0,3290.0,29580,0.0,0.0
2023-06-19 09:00:00+09:00,3325.0,3370.0,3285.0,3300.0,0,0.0,0.0
2023-06-19 10:00:00+09:00,3300.0,3300.0,3280.0,3295.0,25855,0.0,0.0
2023-06-19 11:00:00+09:00,3295.0,3310.0,3280.0,3280.0,29030,0.0,0.0
2023-06-19 12:00:00+09:00,3285.0,3285.0,3275.0,3280.0,22249,0.0,0.0
2023-06-19 13:00:00+09:00,3280.0,3280.0,3265.0,3270.0,50609,0.0,0.0
2023-06-19 14:00:00+09:00,3270.0,3280.0,3265.0,3280.0,22257,0.0,0.0
2023-06-20 09:00:00+09:00,3275.0,3295.0,3265.0,3270.0,0,0.0,0.0
2023-06-20 10:00:00+09:00,3270.0,3275.0,3240.0,3260.0,48248,0.0,0.0
2023-06-20 11:00:00+09:00,3250.0,3260.0,3240.0,3240.0,30717,0.0,0.0
2023-06-20 12:00:00+09:00,3240.0,3245.0,3225.0,3230.0,22411,0.0,0.0
2023-06-20 13:00:00+09:00,3240.0,3245.0,3220.0,3230.0,35364,0.0,0.0
2023-06-20 14:00:00+09:00,3225.0,3235.0,3210.0,3220.0,34207,0.0,0.0
2023-06-21 09:00:00+09:00,3215.0,3220.0,3185.0,3200.0,0,0.0,0.0
2023-06-21 10:00:00+09:00,3200.0,3200.0,3175.0,3190.0,46233,0.0,0.0
2023-06-21 11:00:00+09:00,3190.0,3210.0,3155.0,3195.0,57636,0.0,0.0
2023-06-21 12:00:00+09:00,3190.0,3205.0,3190.0,3205.0,29273,0.0,0.0
2023-06-21 13:00:00+09:00,3205.0,3220.0,3190.0,3195.0,25724,0.0,0.0
2023-06-21 14:00:00+09:00,3195.0,3205.0,3185.0,3200.0,22738,0.0,0.0
2023-06-22 09:00:00+09:00,3190.0,3305.0,3185.0,3260.0,184966,0.0,0.0
2023-06-22 10:00:00+09:00,3270.0,3295.0,3235.0,3235.0,45744,0.0,0.0
2023-06-22 11:00:00+09:00,3240.0,3265.0,3240.0,3255.0,16599,0.0,0.0
2023-06-22 12:00:00+09:00,3260.0,3260.0,3245.0,3260.0,20337,0.0,0.0
2023-06-22 13:00:00+09:00,3260.0,3270.0,3240.0,3240.0,25713,0.0,0.0
2023-06-22 14:00:00+09:00,3240.0,3275.0,3230.0,3230.0,42940,0.0,0.0
2023-06-23 09:00:00+09:00,3280.0,3280.0,3195.0,3195.0,81464,0.0,0.0
2023-06-23 10:00:00+09:00,3195.0,3205.0,3170.0,3170.0,89751,0.0,0.0
2023-06-23 11:00:00+09:00,3170.0,3170.0,3155.0,3160.0,45616,0.0,0.0
2023-06-23 12:00:00+09:00,3160.0,3160.0,3130.0,3135.0,43123,0.0,0.0
2023-06-23 13:00:00+09:00,3130.0,3150.0,3130.0,3140.0,62143,0.0,0.0
2023-06-23 14:00:00+09:00,3140.0,3165.0,3140.0,3160.0,31761,0.0,0.0
2023-06-26 09:00:00+09:00,3155.0,3155.0,3090.0,3125.0,0,0.0,0.0
2023-06-26 10:00:00+09:00,3125.0,3125.0,3095.0,3100.0,36485,0.0,0.0
2023-06-26 11:00:00+09:00,3100.0,3145.0,3100.0,3140.0,33707,0.0,0.0
2023-06-26 12:00:00+09:00,3135.0,3160.0,3125.0,3160.0,19851,0.0,0.0
2023-06-26 13:00:00+09:00,3160.0,3170.0,3155.0,3170.0,31276,0.0,0.0
2023-06-26 14:00:00+09:00,3170.0,3185.0,3160.0,3175.0,35317,0.0,0.0
2023-06-27 09:00:00+09:00,3150.0,3170.0,3130.0,3140.0,0,0.0,0.0
2023-06-27 10:00:00+09:00,3140.0,3165.0,3125.0,3165.0,56342,0.0,0.0
2023-06-27 11:00:00+09:00,3165.0,3170.0,3160.0,3160.0,11528,0.0,0.0
2023-06-27 12:00:00+09:00,3160.0,3180.0,3160.0,3165.0,23502,0.0,0.0
2023-06-27 13:00:00+09:00,3165.0,3185.0,3160.0,3180.0,9574,0.0,0.0
2023-06-27 14:00:00+09:00,3180.0,3190.0,3145.0,3180.0,27367,0.0,0.0
2023-06-28 09:00:00+09:00,3155.0,3175.0,3120.0,3170.0,0,0.0,0.0
2023-06-28 10:00:00+09:00,3170.0,3175.0,3160.0,3170.0,4908,0.0,0.0
2023-06-28 11:00:00+09:00,3175.0,3195.0,3165.0,3190.0,14739,0.0,0.0
2023-06-28 12:00:00+09:00,3180.0,3200.0,3180.0,3190.0,8301,0.0,0.0
2023-06-28 13:00:00+09:00,3190.0,3190.0,3175.0,3190.0,7334,0.0,0.0
2023-06-28 14:00:00+09:00,3185.0,3195.0,3165.0,3170.0,13266,0.0,0.0
2023-06-29 09:00:00+09:00,3180.0,3190.0,3170.0,3180.0,7443,0.0,0.0
2023-06-29 10:00:00+09:00,3180.0,3185.0,3155.0,3155.0,24070,0.0,0.0
2023-06-29 11:00:00+09:00,3155.0,3165.0,3110.0,3135.0,62327,0.0,0.0
2023-06-29 12:00:00+09:00,3135.0,3150.0,3125.0,3145.0,9717,0.0,0.0
2023-06-29 13:00:00+09:00,3150.0,3155.0,3140.0,3150.0,9401,0.0,0.0
2023-06-29 14:00:00+09:00,3145.0,3155.0,3130.0,3155.0,37545,0.0,0.0
2023-06-30 09:00:00+09:00,3150.0,3220.0,3120.0,3180.0,0,0.0,0.0
2023-06-30 10:00:00+09:00,3180.0,3215.0,3180.0,3215.0,31491,0.0,0.0
2023-06-30 11:00:00+09:00,3210.0,3210.0,3195.0,3200.0,5376,0.0,0.0
2023-06-30 12:00:00+09:00,3200.0,3210.0,3195.0,3200.0,4399,0.0,0.0
2023-06-30 13:00:00+09:00,3205.0,3205.0,3195.0,3195.0,7663,0.0,0.0
2023-06-30 14:00:00+09:00,3190.0,3195.0,3180.0,3195.0,12854,0.0,0.0
2023-07-03 09:00:00+09:00,3180.0,3215.0,3180.0,3195.0,0,0.0,0.0
2023-07-03 10:00:00+09:00,3195.0,3200.0,3190.0,3200.0,18699,0.0,0.0
2023-07-03 11:00:00+09:00,3200.0,3220.0,3195.0,3220.0,19712,0.0,0.0
2023-07-03 12:00:00+09:00,3215.0,3225.0,3210.0,3210.0,6566,0.0,0.0
2023-07-03 13:00:00+09:00,3220.0,3220.0,3205.0,3210.0,8862,0.0,0.0
2023-07-03 14:00:00+09:00,3210.0,3215.0,3200.0,3215.0,14066,0.0,0.0
2023-07-04 09:00:00+09:00,3200.0,3215.0,3170.0,3175.0,0,0.0,0.0
2023-07-04 10:00:00+09:00,3175.0,3190.0,3155.0,3180.0,22871,0.0,0.0
2023-07-04 11:00:00+09:00,3180.0,3180.0,3165.0,3165.0,8258,0.0,0.0
2023-07-04 12:00:00+09:00,3170.0,3175.0,3145.0,3160.0,47997,0.0,0.0
2023-07-04 13:00:00+09:00,3160.0,3170.0,3155.0,3165.0,8285,0.0,0.0
2023-07-04 14:00:00+09:00,3165.0,3190.0,3155.0,3175.0,21588,0.0,0.0
2023-07-05 09:00:00+09:00,3155.0,3180.0,3125.0,3125.0,0,0.0,0.0
2023-07-05 10:00:00+09:00,3130.0,3140.0,3115.0,3130.0,43739,0.0,0.0
2023-07-05 11:00:00+09:00,3130.0,3135.0,3125.0,3130.0,15849,0.0,0.0
2023-07-05 12:00:00+09:00,3130.0,3135.0,3120.0,3130.0,17892,0.0,0.0
2023-07-05 13:00:00+09:00,3130.0,3130.0,3120.0,3130.0,15619,0.0,0.0
2023-07-05 14:00:00+09:00,3120.0,3130.0,3110.0,3125.0,21600,0.0,0.0
2023-07-06 09:00:00+09:00,3095.0,3115.0,3005.0,3035.0,99234,0.0,0.0
2023-07-06 10:00:00+09:00,3035.0,3080.0,3035.0,3065.0,52162,0.0,0.0
2023-07-06 11:00:00+09:00,3065.0,3075.0,3040.0,3045.0,76029,0.0,0.0
2023-07-06 12:00:00+09:00,3045.0,3060.0,3040.0,3050.0,21404,0.0,0.0
2023-07-06 13:00:00+09:00,3050.0,3050.0,3035.0,3050.0,34516,0.0,0.0
2023-07-06 14:00:00+09:00,3040.0,3050.0,3030.0,3035.0,16066,0.0,0.0
2023-07-07 09:00:00+09:00,2990.0,3035.0,2990.0,2995.0,0,0.0,0.0
2023-07-07 10:00:00+09:00,2995.0,3015.0,2980.0,2995.0,31487,0.0,0.0
2023-07-07 11:00:00+09:00,3000.0,3020.0,2990.0,3020.0,17563,0.0,0.0
2023-07-07 12:00:00+09:00,3010.0,3035.0,3010.0,3025.0,3487,0.0,0.0
2023-07-07 13:00:00+09:00,3025.0,3030.0,3015.0,3030.0,7872,0.0,0.0
2023-07-07 14:00:00+09:00,3025.0,3045.0,3015.0,3045.0,38762,0.0,0.0
2023-07-10 09:00:00+09:00,3020.0,3030.0,3000.0,3030.0,0,0.0,0.0
2023-07-10 10:00:00+09:00,3045.0,3045.0,3020.0,3035.0,18777,0.0,0.0
2023-07-10 11:00:00+09:00,3040.0,3040.0,3020.0,3025.0,7304,0.0,0.0
2023-07-10 12:00:00+09:00,3025.0,3035.0,3025.0,3025.0,5302,0.0,0.0
2023-07-10 13:00:00+09:00,3025.0,3040.0,3015.0,3035.0,13961,0.0,0.0
2023-07-10 14:00:00+09:00,3025.0,3035.0,3020.0,3035.0,9685,0.0,0.0
2023-07-11 09:00:00+09:00,3025.0,3045.0,3025.0,3040.0,0,0.0,0.0
2023-07-11 10:00:00+09:00,3040.0,3045.0,3000.0,3035.0,68828,0.0,0.0
2023-07-11 11:00:00+09:00,3035.0,3040.0,2970.0,3035.0,111559,0.0,0.0
2023-07-11 12:00:00+09:00,3025.0,3050.0,3025.0,3035.0,15947,0.0,0.0
2023-07-11 13:00:00+09:00,3040.0,3045.0,3030.0,3035.0,13296,0.0,0.0
2023-07-11 14:00:00+09:00,3035.0,3055.0,3035.0,3055.0,16614,0.0,0.0
2023-07-12 09:00:00+09:00,3055.0,3065.0,3030.0,3065.0,0,0.0,0.0
2023-07-12 10:00:00+09:00,3065.0,3075.0,3055.0,3055.0,10906,0.0,0.0
2023-07-12 11:00:00+09:00,3055.0,3075.0,3055.0,3065.0,10409,0.0,0.0
2023-07-12 12:00:00+09:00,3065.0,3070.0,3055.0,3060.0,9837,0.0,0.0
2023-07-12 13:00:00+09:00,3065.0,3075.0,3065.0,3075.0,14212,0.0,0.0
2023-07-12 14:00:00+09:00,3080.0,3085.0,3075.0,3085.0,16146,0.0,0.0
2023-07-13 09:00:00+09:00,3075.0,3105.0,3070.0,3100.0,19953,0.0,0.0
2023-07-13 10:00:00+09:00,3100.0,3120.0,3095.0,3100.0,23414,0.0,0.0
2023-07-13 11:00:00+09:00,3110.0,3110.0,3080.0,3085.0,22717,0.0,0.0
2023-07-13 12:00:00+09:00,3085.0,3105.0,3080.0,3105.0,7879,0.0,0.0
2023-07-13 13:00:00+09:00,3105.0,3110.0,3095.0,3110.0,12699,0.0,0.0
2023-07-13 14:00:00+09:00,3100.0,3110.0,3090.0,3105.0,13291,0.0,0.0
2023-07-14 09:00:00+09:00,3105.0,3120.0,3055.0,3055.0,42630,0.0,0.0
2023-07-14 10:00:00+09:00,3055.0,3075.0,3055.0,3070.0,17539,0.0,0.0
2023-07-14 11:00:00+09:00,3070.0,3090.0,3060.0,3080.0,4799,0.0,0.0
2023-07-14 12:00:00+09:00,3085.0,3085.0,3055.0,3070.0,18371,0.0,0.0
2023-07-14 13:00:00+09:00,3080.0,3100.0,3070.0,3095.0,7649,0.0,0.0
2023-07-14 14:00:00+09:00,3095.0,3115.0,3070.0,3100.0,20957,0.0,0.0
2023-07-17 09:00:00+09:00,3105.0,3115.0,3060.0,3090.0,0,0.0,0.0
2023-07-17 10:00:00+09:00,3095.0,3115.0,3085.0,3090.0,8731,0.0,0.0
2023-07-17 11:00:00+09:00,3090.0,3100.0,3085.0,3085.0,6667,0.0,0.0
2023-07-17 12:00:00+09:00,3090.0,3095.0,3085.0,3085.0,586,0.0,0.0
2023-07-17 13:00:00+09:00,3090.0,3090.0,3085.0,3090.0,6334,0.0,0.0
2023-07-17 14:00:00+09:00,3095.0,3100.0,3090.0,3100.0,7012,0.0,0.0
2023-07-18 09:00:00+09:00,3150.0,3205.0,3115.0,3125.0,92126,0.0,0.0
2023-07-18 10:00:00+09:00,3125.0,3140.0,3095.0,3105.0,40436,0.0,0.0
2023-07-18 11:00:00+09:00,3110.0,3125.0,3095.0,3115.0,11502,0.0,0.0
2023-07-18 12:00:00+09:00,3095.0,3120.0,3090.0,3100.0,14331,0.0,0.0
2023-07-18 13:00:00+09:00,3105.0,3120.0,3090.0,3095.0,10250,0.0,0.0
2023-07-18 14:00:00+09:00,3105.0,3120.0,3065.0,3070.0,31614,0.0,0.0
2023-07-19 09:00:00+09:00,3100.0,3100.0,3030.0,3035.0,45254,0.0,0.0
2023-07-19 10:00:00+09:00,3035.0,3050.0,3035.0,3040.0,11840,0.0,0.0
2023-07-19 11:00:00+09:00,3040.0,3050.0,3035.0,3040.0,8644,0.0,0.0
2023-07-19 12:00:00+09:00,3035.0,3040.0,3030.0,3035.0,10164,0.0,0.0
2023-07-19 13:00:00+09:00,3030.0,3040.0,3020.0,3020.0,27377,0.0,0.0
2023-07-19 14:00:00+09:00,3020.0,3030.0,3010.0,3015.0,24384,0.0,0.0
2023-07-20 09:00:00+09:00,3040.0,3040.0,2995.0,3000.0,34164,0.0,0.0
2023-07-20 10:00:00+09:00,3000.0,3030.0,2995.0,3020.0,13692,0.0,0.0
2023-07-20 11:00:00+09:00,3025.0,3025.0,3010.0,3020.0,4265,0.0,0.0
2023-07-20 12:00:00+09:00,3015.0,3025.0,3015.0,3020.0,12051,0.0,0.0
2023-07-20 13:00:00+09:00,3025.0,3025.0,3010.0,3010.0,3946,0.0,0.0
2023-07-20 14:00:00+09:00,3010.0,3020.0,3000.0,3000.0,18212,0.0,0.0
2023-07-21 09:00:00+09:00,3005.0,3055.0,2990.0,3020.0,68196,0.0,0.0
2023-07-21 10:00:00+09:00,3010.0,3020.0,3005.0,3015.0,5891,0.0,0.0
2023-07-21 11:00:00+09:00,3015.0,3015.0,2990.0,3005.0,30281,0.0,0.0
2023-07-21 12:00:00+09:00,3005.0,3005.0,2990.0,2990.0,20960,0.0,0.0
2023-07-21 13:00:00+09:00,2990.0,3000.0,2985.0,2990.0,18090,0.0,0.0
2023-07-21 14:00:00+09:00,2990.0,2995.0,2985.0,2990.0,10224,0.0,0.0
2023-07-24 09:00:00+09:00,3000.0,3000.0,2905.0,2910.0,0,0.0,0.0
2023-07-24 10:00:00+09:00,2910.0,2925.0,2895.0,2915.0,26459,0.0,0.0
2023-07-24 11:00:00+09:00,2925.0,2930.0,2900.0,2905.0,0,0.0,0.0
2023-07-24 12:00:00+09:00,2910.0,2920.0,2875.0,2910.0,177145,0.0,0.0
2023-07-24 13:00:00+09:00,2900.0,2910.0,2890.0,2900.0,12219,0.0,0.0
2023-07-24 14:00:00+09:00,2900.0,2920.0,2885.0,2895.0,17765,0.0,0.0
2023-07-25 09:00:00+09:00,2870.0,2900.0,2840.0,2880.0,0,0.0,0.0
2023-07-25 10:00:00+09:00,2880.0,2900.0,2880.0,2885.0,18508,0.0,0.0
2023-07-25 11:00:00+09:00,2895.0,2900.0,2870.0,2880.0,18268,0.0,0.0
2023-07-25 12:00:00+09:00,2875.0,2885.0,2870.0,2880.0,11651,0.0,0.0
2023-07-25 13:00:00+09:00,2880.0,2885.0,2870.0,2875.0,9265,0.0,0.0
2023-07-25 14:00:00+09:00,2865.0,2955.0,2865.0,2870.0,98240,0.0,0.0
2023-07-26 09:00:00+09:00,2855.0,2860.0,2720.0,2750.0,131160,0.0,0.0
2023-07-26 10:00:00+09:00,2740.0,2760.0,2660.0,2740.0,123433,0.0,0.0
2023-07-26 11:00:00+09:00,2735.0,2745.0,2695.0,2725.0,15982,0.0,0.0
2023-07-26 12:00:00+09:00,2725.0,2725.0,2680.0,2700.0,33257,0.0,0.0
2023-07-26 13:00:00+09:00,2690.0,2710.0,2675.0,2685.0,85295,0.0,0.0
2023-07-26 14:00:00+09:00,2690.0,2715.0,2670.0,2690.0,44387,0.0,0.0
2023-07-27 09:00:00+09:00,2680.0,2770.0,2680.0,2765.0,0,0.0,0.0
2023-07-27 10:00:00+09:00,2760.0,2790.0,2760.0,2790.0,23420,0.0,0.0
2023-07-27 11:00:00+09:00,2790.0,2800.0,2770.0,2785.0,10439,0.0,0.0
2023-07-27 12:00:00+09:00,2775.0,2785.0,2760.0,2780.0,17426,0.0,0.0
2023-07-27 13:00:00+09:00,2780.0,2785.0,2765.0,2785.0,9289,0.0,0.0
2023-07-27 14:00:00+09:00,2785.0,2790.0,2765.0,2770.0,24285,0.0,0.0
2023-07-28 09:00:00+09:00,2755.0,2790.0,2750.0,2775.0,0,0.0,0.0
2023-07-28 10:00:00+09:00,2770.0,2830.0,2770.0,2815.0,17693,0.0,0.0
2023-07-28 11:00:00+09:00,2815.0,2855.0,2785.0,2835.0,0,0.0,0.0
2023-07-28 12:00:00+09:00,2825.0,2865.0,2825.0,2860.0,74832,0.0,0.0
2023-07-28 13:00:00+09:00,2855.0,2865.0,2820.0,2850.0,21908,0.0,0.0
2023-07-28 14:00:00+09:00,2850.0,2850.0,2825.0,2825.0,10461,0.0,0.0
2023-07-31 09:00:00+09:00,2835.0,2855.0,2825.0,2830.0,0,0.0,0.0
2023-07-31 10:00:00+09:00,2830.0,2855.0,2820.0,2855.0,16262,0.0,0.0
2023-07-31 11:00:00+09:00,2855.0,2870.0,2850.0,2860.0,7893,0.0,0.0
2023-07-31 12:00:00+09:00,2860.0,2860.0,2850.0,2850.0,1330,0.0,0.0
2023-07-31 13:00:00+09:00,2860.0,2860.0,2840.0,2860.0,1965,0.0,0.0
2023-07-31 14:00:00+09:00,2860.0,2860.0,2840.0,2840.0,5784,0.0,0.0
2023-08-01 09:00:00+09:00,2865.0,2875.0,2845.0,2870.0,19514,0.0,0.0
2023-08-01 10:00:00+09:00,2865.0,2870.0,2860.0,2865.0,6517,0.0,0.0
2023-08-01 11:00:00+09:00,2860.0,2870.0,2860.0,2865.0,11483,0.0,0.0
2023-08-01 12:00:00+09:00,2865.0,2870.0,2855.0,2860.0,4647,0.0,0.0
2023-08-01 13:00:00+09:00,2865.0,2875.0,2850.0,2865.0,33439,0.0,0.0
2023-08-01 14:00:00+09:00,2860.0,2880.0,2860.0,2875.0,10246,0.0,0.0
2023-08-02 09:00:00+09:00,2890.0,2890.0,2850.0,2875.0,0,0.0,0.0
2023-08-02 10:00:00+09:00,2875.0,2905.0,2875.0,2900.0,27189,0.0,0.0
2023-08-02 11:00:00+09:00,2890.0,2905.0,2880.0,2895.0,16379,0.0,0.0
2023-08-02 12:00:00+09:00,2895.0,2895.0,2875.0,2890.0,10046,0.0,0.0
2023-08-02 13:00:00+09:00,2890.0,2890.0,2875.0,2890.0,21725,0.0,0.0
2023-08-02 14:00:00+09:00,2885.0,2890.0,2875.0,2890.0,39497,0.0,0.0
2023-08-03 09:00:00+09:00,2890.0,2890.0,2815.0,2850.0,0,0.0,0.0
2023-08-03 10:00:00+09:00,2850.0,2860.0,2815.0,2825.0,34424,0.0,0.0
2023-08-03 11:00:00+09:00,2825.0,2825.0,2805.0,2815.0,9805,0.0,0.0
2023-08-03 12:00:00+09:00,2815.0,2820.0,2800.0,2820.0,17841,0.0,0.0
2023-08-03 13:00:00+09:00,2820.0,2830.0,2815.0,2830.0,13853,0.0,0.0
2023-08-03 14:00:00+09:00,2830.0,2830.0,2820.0,2825.0,2952,0.0,0.0
2023-08-04 09:00:00+09:00,2840.0,2860.0,2825.0,2850.0,0,0.0,0.0
2023-08-04 10:00:00+09:00,2855.0,2865.0,2835.0,2845.0,21180,0.0,0.0
2023-08-04 11:00:00+09:00,2845.0,2845.0,2830.0,2840.0,4920,0.0,0.0
2023-08-04 12:00:00+09:00,2840.0,2845.0,2830.0,2845.0,5218,0.0,0.0
2023-08-04 13:00:00+09:00,2840.0,2845.0,2805.0,2835.0,26797,0.0,0.0
2023-08-04 14:00:00+09:00,2835.0,2835.0,2800.0,2835.0,20430,0.0,0.0
2023-08-07 09:00:00+09:00,2840.0,2840.0,2805.0,2830.0,0,0.0,0.0
2023-08-07 10:00:00+09:00,2825.0,2845.0,2810.0,2825.0,16242,0.0,0.0
2023-08-07 11:00:00+09:00,2825.0,2865.0,2815.0,2860.0,13542,0.0,0.0
2023-08-07 12:00:00+09:00,2860.0,2865.0,2845.0,2845.0,4192,0.0,0.0
2023-08-07 13:00:00+09:00,2845.0,2860.0,2845.0,2855.0,14897,0.0,0.0
2023-08-07 14:00:00+09:00,2855.0,2855.0,2820.0,2845.0,30731,0.0,0.0
2023-08-08 09:00:00+09:00,2850.0,2860.0,2820.0,2845.0,26902,0.0,0.0
2023-08-08 10:00:00+09:00,2845.0,2855.0,2835.0,2845.0,10406,0.0,0.0
2023-08-08 11:00:00+09:00,2845.0,2850.0,2835.0,2850.0,7748,0.0,0.0
2023-08-08 12:00:00+09:00,2850.0,2855.0,2840.0,2845.0,10685,0.0,0.0
2023-08-08 13:00:00+09:00,2840.0,2845.0,2830.0,2840.0,15129,0.0,0.0
2023-08-08 14:00:00+09:00,2840.0,2840.0,2820.0,2830.0,18805,0.0,0.0
2023-08-09 09:00:00+09:00,2830.0,2835.0,2805.0,2830.0,13759,0.0,0.0
2023-08-09 10:00:00+09:00,2830.0,2840.0,2825.0,2830.0,5233,0.0,0.0
2023-08-09 11:00:00+09:00,2835.0,2850.0,2835.0,2850.0,7157,0.0,0.0
2023-08-09 12:00:00+09:00,2845.0,2850.0,2835.0,2850.0,12669,0.0,0.0
2023-08-09 13:00:00+09:00,2845.0,2870.0,2835.0,2840.0,18036,0.0,0.0
2023-08-09 14:00:00+09:00,2860.0,2860.0,2845.0,2850.0,2699,0.0,0.0
2023-08-10 09:00:00+09:00,2850.0,2905.0,2835.0,2880.0,0,0.0,0.0
2023-08-10 10:00:00+09:00,2875.0,2890.0,2870.0,2890.0,8761,0.0,0.0
2023-08-10 11:00:00+09:00,2895.0,2920.0,2895.0,2905.0,11797,0.0,0.0
2023-08-10 12:00:00+09:00,2895.0,2910.0,2895.0,2905.0,927,0.0,0.0
2023-08-10 13:00:00+09:00,2910.0,2925.0,2900.0,2920.0,11987,0.0,0.0
2023-08-10 14:00:00+09:00,2920.0,2935.0,2905.0,2935.0,15086,0.0,0.0
2023-08-11 09:00:00+09:00,2900.0,2960.0,2900.0,2935.0,0,0.0,0.0
2023-08-11 10:00:00+09:00,2935.0,2950.0,2930.0,2935.0,9377,0.0,0.0
2023-08-11 11:00:00+09:00,2935.0,2940.0,2925.0,2930.0,8058,0.0,0.0
2023-08-11 12:00:00+09:00,2930.0,2940.0,2925.0,2935.0,13895,0.0,0.0
2023-08-11 13:00:00+09:00,2935.0,2935.0,2925.0,2935.0,4900,0.0,0.0
2023-08-11 14:00:00+09:00,2930.0,2940.0,2930.0,2940.0,16771,0.0,0.0
2023-08-14 09:00:00+09:00,2955.0,2955.0,2890.0,2905.0,0,0.0,0.0
2023-08-14 10:00:00+09:00,2905.0,2920.0,2900.0,2920.0,15934,0.0,0.0
2023-08-14 11:00:00+09:00,2915.0,2920.0,2905.0,2915.0,7181,0.0,0.0
2023-08-14 12:00:00+09:00,2910.0,2915.0,2900.0,2910.0,5560,0.0,0.0
2023-08-14 13:00:00+09:00,2905.0,2910.0,2895.0,2900.0,8202,0.0,0.0
2023-08-14 14:00:00+09:00,2900.0,2915.0,2895.0,2895.0,14679,0.0,0.0
2023-08-16 09:00:00+09:00,2880.0,2905.0,2850.0,2850.0,0,0.0,0.0
2023-08-16 10:00:00+09:00,2855.0,2880.0,2850.0,2855.0,17298,0.0,0.0
2023-08-16 11:00:00+09:00,2855.0,2865.0,2830.0,2845.0,15507,0.0,0.0
2023-08-16 12:00:00+09:00,2850.0,2865.0,2840.0,2865.0,6927,0.0,0.0
2023-08-16 13:00:00+09:00,2860.0,2870.0,2835.0,2865.0,25024,0.0,0.0
2023-08-16 14:00:00+09:00,2855.0,2875.0,2850.0,2870.0,25546,0.0,0.0
2023-08-17 09:00:00+09:00,2835.0,2840.0,2790.0,2810.0,47670,0.0,0.0
2023-08-17 10:00:00+09:00,2800.0,2810.0,2760.0,2795.0,53584,0.0,0.0
2023-08-17 11:00:00+09:00,2800.0,2830.0,2775.0,2830.0,35170,0.0,0.0
2023-08-17 12:00:00+09:00,2830.0,2830.0,2805.0,2825.0,1654,0.0,0.0
2023-08-17 13:00:00+09:00,2825.0,2830.0,2795.0,2820.0,8420,0.0,0.0
2023-08-17 14:00:00+09:00,2820.0,2830.0,2815.0,2830.0,6988,0.0,0.0
2023-08-18 09:00:00+09:00,2770.0,2830.0,2760.0,2800.0,37546,0.0,0.0
2023-08-18 10:00:00+09:00,2800.0,2825.0,2790.0,2815.0,18148,0.0,0.0
2023-08-18 11:00:00+09:00,2815.0,2835.0,2815.0,2830.0,10560,0.0,0.0
2023-08-18 12:00:00+09:00,2830.0,2830.0,2820.0,2820.0,7076,0.0,0.0
2023-08-18 13:00:00+09:00,2825.0,2830.0,2805.0,2805.0,5400,0.0,0.0
2023-08-18 14:00:00+09:00,2810.0,2810.0,2790.0,2800.0,8484,0.0,0.0
2023-08-21 09:00:00+09:00,2800.0,2835.0,2770.0,2835.0,0,0.0,0.0
2023-08-21 10:00:00+09:00,2830.0,2850.0,2820.0,2850.0,18088,0.0,0.0
2023-08-21 11:00:00+09:00,2845.0,2855.0,2825.0,2855.0,19729,0.0,0.0
2023-08-21 12:00:00+09:00,2850.0,2865.0,2835.0,2855.0,24770,0.0,0.0
2023-08-21 13:00:00+09:00,2855.0,2885.0,2845.0,2865.0,18901,0.0,0.0
2023-08-21 14:00:00+09:00,2865.0,2880.0,2855.0,2865.0,15130,0.0,0.0
2023-08-22 09:00:00+09:00,2865.0,2945.0,2865.0,2940.0,62788,0.0,0.0
2023-08-22 10:00:00+09:00,2940.0,2985.0,2920.0,2970.0,44611,0.0,0.0
2023-08-22 11:00:00+09:00,2980.0,3050.0,2940.0,3005.0,153298,0.0,0.0
2023-08-22 12:00:00+09:00,3005.0,3020.0,2975.0,3015.0,48890,0.0,0.0
2023-08-22 13:00:00+09:00,3020.0,3050.0,2990.0,3000.0,71834,0.0,0.0
2023-08-22 14:00:00+09:00,3000.0,3025.0,2980.0,3000.0,53765,0.0,0.0
2023-08-23 09:00:00+09:00,3000.0,3025.0,2950.0,2985.0,44191,0.0,0.0
2023-08-23 10:00:00+09:00,2985.0,3035.0,2980.0,3020.0,29541,0.0,0.0
2023-08-23 11:00:00+09:00,3010.0,3020.0,2995.0,2995.0,19847,0.0,0.0
2023-08-23 12:00:00+09:00,3005.0,3010.0,2985.0,3000.0,15989,0.0,0.0
2023-08-23 13:00:00+09:00,3005.0,3010.0,2990.0,3005.0,14295,0.0,0.0
2023-08-23 14:00:00+09:00,3005.0,3015.0,3000.0,3000.0,8163,0.0,0.0
2023-08-24 09:00:00+09:00,3050.0,3050.0,2990.0,3000.0,37795,0.0,0.0
2023-08-24 10:00:00+09:00,3000.0,3005.0,2980.0,2990.0,19607,0.0,0.0
2023-08-24 11:00:00+09:00,2990.0,2995.0,2980.0,2995.0,11601,0.0,0.0
2023-08-24 12:00:00+09:00,2985.0,3005.0,2985.0,3005.0,8929,0.0,0.0
2023-08-24 13:00:00+09:00,3005.0,3010.0,2980.0,2995.0,20565,0.0,0.0
2023-08-24 14:00:00+09:00,2985.0,3005.0,2970.0,3005.0,27234,0.0,0.0
2023-08-25 09:00:00+09:00,3035.0,3330.0,3035.0,3100.0,3117312,0.0,0.0
2023-08-25 10:00:00+09:00,3100.0,3110.0,3045.0,3070.0,297902,0.0,0.0
2023-08-25 11:00:00+09:00,3070.0,3155.0,3045.0,3100.0,201231,0.0,0.0
2023-08-25 12:00:00+09:00,3100.0,3120.0,3090.0,3095.0,46625,0.0,0.0
2023-08-25 13:00:00+09:00,3095.0,3110.0,3080.0,3085.0,49485,0.0,0.0
2023-08-25 14:00:00+09:00,3085.0,3135.0,3070.0,3105.0,105251,0.0,0.0
2023-08-28 09:00:00+09:00,3075.0,3140.0,3060.0,3100.0,0,0.0,0.0
2023-08-28 10:00:00+09:00,3100.0,3115.0,3085.0,3105.0,22686,0.0,0.0
2023-08-28 11:00:00+09:00,3090.0,3100.0,3085.0,3095.0,14838,0.0,0.0
2023-08-28 12:00:00+09:00,3095.0,3095.0,3085.0,3090.0,9756,0.0,0.0
2023-08-28 13:00:00+09:00,3090.0,3095.0,3080.0,3095.0,15375,0.0,0.0
2023-08-28 14:00:00+09:00,3090.0,3095.0,3075.0,3080.0,34341,0.0,0.0
2023-08-29 09:00:00+09:00,3080.0,3085.0,3025.0,3060.0,80227,0.0,0.0
2023-08-29 10:00:00+09:00,3070.0,3080.0,3055.0,3070.0,25659,0.0,0.0
2023-08-29 11:00:00+09:00,3070.0,3070.0,3050.0,3065.0,13863,0.0,0.0
2023-08-29 12:00:00+09:00,3070.0,3070.0,3050.0,3055.0,4160,0.0,0.0
2023-08-29 13:00:00+09:00,3060.0,3065.0,3035.0,3035.0,27513,0.0,0.0
2023-08-29 14:00:00+09:00,3040.0,3050.0,3030.0,3035.0,19702,0.0,0.0
2023-08-30 09:00:00+09:00,3040.0,3040.0,3015.0,3025.0,36731,0.0,0.0
2023-08-30 10:00:00+09:00,3025.0,3040.0,3025.0,3035.0,19132,0.0,0.0
2023-08-30 11:00:00+09:00,3035.0,3035.0,3020.0,3025.0,9677,0.0,0.0
2023-08-30 12:00:00+09:00,3035.0,3035.0,3020.0,3030.0,9574,0.0,0.0
2023-08-30 13:00:00+09:00,3025.0,3040.0,3025.0,3035.0,8816,0.0,0.0
2023-08-30 14:00:00+09:00,3025.0,3035.0,3020.0,3030.0,16568,0.0,0.0
2023-08-31 09:00:00+09:00,3035.0,3035.0,2995.0,2995.0,43515,0.0,0.0
2023-08-31 10:00:00+09:00,3000.0,3020.0,2995.0,3000.0,22954,0.0,0.0
2023-08-31 11:00:00+09:00,3000.0,3015.0,2995.0,3010.0,9163,0.0,0.0
2023-08-31 12:00:00+09:00,3010.0,3010.0,2990.0,3000.0,14776,0.0,0.0
2023-08-31 13:00:00+09:00,3000.0,3000.0,2990.0,3000.0,3095,0.0,0.0
2023-08-31 14:00:00+09:00,3000.0,3005.0,2995.0,3000.0,10262,0.0,0.0
2023-09-01 09:00:00+09:00,2990.0,3000.0,2950.0,2970.0,41113,0.0,0.0
2023-09-01 10:00:00+09:00,2970.0,2985.0,2960.0,2965.0,13650,0.0,0.0
2023-09-01 11:00:00+09:00,2965.0,2965.0,2950.0,2960.0,22569,0.0,0.0
2023-09-01 12:00:00+09:00,2955.0,2980.0,2955.0,2965.0,15559,0.0,0.0
2023-09-01 13:00:00+09:00,2960.0,2965.0,2955.0,2965.0,19185,0.0,0.0
2023-09-01 14:00:00+09:00,2965.0,2965.0,2940.0,2965.0,44076,0.0,0.0
2023-09-04 09:00:00+09:00,2955.0,2995.0,2935.0,2960.0,0,0.0,0.0
2023-09-04 10:00:00+09:00,2960.0,2975.0,2950.0,2970.0,7240,0.0,0.0
2023-09-04 11:00:00+09:00,2970.0,2970.0,2945.0,2950.0,20767,0.0,0.0
2023-09-04 12:00:00+09:00,2945.0,2960.0,2940.0,2960.0,12878,0.0,0.0
2023-09-04 13:00:00+09:00,2945.0,2960.0,2945.0,2960.0,5551,0.0,0.0
2023-09-04 14:00:00+09:00,2960.0,2960.0,2945.0,2960.0,1947,0.0,0.0
2023-09-05 09:00:00+09:00,2930.0,2970.0,2925.0,2940.0,9065,0.0,0.0
2023-09-05 10:00:00+09:00,2935.0,2950.0,2930.0,2950.0,4003,0.0,0.0
2023-09-05 11:00:00+09:00,2940.0,2950.0,2935.0,2940.0,3768,0.0,0.0
2023-09-05 12:00:00+09:00,2940.0,2945.0,2930.0,2940.0,10638,0.0,0.0
2023-09-05 13:00:00+09:00,2935.0,2945.0,2935.0,2945.0,2019,0.0,0.0
2023-09-05 14:00:00+09:00,2935.0,2945.0,2930.0,2945.0,24235,0.0,0.0
2023-09-06 09:00:00+09:00,2925.0,2955.0,2920.0,2940.0,13315,0.0,0.0
2023-09-06 10:00:00+09:00,2940.0,2945.0,2915.0,2925.0,15576,0.0,0.0
2023-09-06 11:00:00+09:00,2925.0,2935.0,2915.0,2920.0,9599,0.0,0.0
2023-09-06 12:00:00+09:00,2920.0,2930.0,2910.0,2915.0,6782,0.0,0.0
2023-09-06 13:00:00+09:00,2910.0,2915.0,2900.0,2910.0,19051,0.0,0.0
2023-09-06 14:00:00+09:00,2900.0,2910.0,2885.0,2900.0,12896,0.0,0.0
2023-09-07 09:00:00+09:00,2920.0,2920.0,2865.0,2865.0,26607,0.0,0.0
2023-09-07 10:00:00+09:00,2870.0,2890.0,2855.0,2860.0,20527,0.0,0.0
2023-09-07 11:00:00+09:00,2860.0,2875.0,2860.0,2865.0,9373,0.0,0.0
2023-09-07 12:00:00+09:00,2870.0,2880.0,2860.0,2880.0,8853,0.0,0.0
2023-09-07 13:00:00+09:00,2880.0,2880.0,2865.0,2875.0,2940,0.0,0.0
2023-09-07 14:00:00+09:00,2880.0,2880.0,2855.0,2870.0,47864,0.0,0.0
2023-09-08 09:00:00+09:00,2880.0,2970.0,2880.0,2940.0,213190,0.0,0.0
2023-09-08 10:00:00+09:00,2940.0,2945.0,2900.0,2920.0,11815,0.0,0.0
2023-09-08 11:00:00+09:00,2905.0,2935.0,2905.0,2935.0,2944,0.0,0.0
2023-09-08 12:00:00+09:00,2920.0,2930.0,2905.0,2930.0,6820,0.0,0.0
2023-09-08 13:00:00+09:00,2920.0,2935.0,2905.0,2930.0,9843,0.0,0.0
2023-09-08 14:00:00+09:00,2920.0,2930.0,2910.0,2920.0,3022,0.0,0.0
2023-09-11 09:00:00+09:00,2920.0,2935.0,2900.0,2915.0,0,0.0,0.0
2023-09-11 10:00:00+09:00,2910.0,2915.0,2905.0,2905.0,5757,0.0,0.0
2023-09-11 11:00:00+09:00,2905.0,2915.0,2900.0,2910.0,11445,0.0,0.0
2023-09-11 12:00:00+09:00,2910.0,2910.0,2905.0,2910.0,3529,0.0,0.0
2023-09-11 13:00:00+09:00,2910.0,2910.0,2900.0,2900.0,6109,0.0,0.0
2023-09-11 14:00:00+09:00,2905.0,2905.0,2890.0,2895.0,27814,0.0,0.0
2023-09-12 09:00:00+09:00,2900.0,2925.0,2880.0,2905.0,15822,0.0,0.0
2023-09-12 10:00:00+09:00,2905.0,2905.0,2885.0,2895.0,6059,0.0,0.0
2023-09-12 11:00:00+09:00,2890.0,2900.0,2880.0,2900.0,15844,0.0,0.0
2023-09-12 12:00:00+09:00,2880.0,2900.0,2880.0,2895.0,10583,0.0,0.0
2023-09-12 13:00:00+09:00,2895.0,2905.0,2875.0,2875.0,11113,0.0,0.0
2023-09-12 14:00:00+09:00,2880.0,2880.0,2860.0,2870.0,25485,0.0,0.0
2023-09-13 09:00:00+09:00,2855.0,2885.0,2845.0,2860.0,0,0.0,0.0
2023-09-13 10:00:00+09:00,2860.0,2875.0,2850.0,2860.0,68565,0.0,0.0
2023-09-13 11:00:00+09:00,2855.0,2895.0,2855.0,2890.0,32614,0.0,0.0
2023-09-13 12:00:00+09:00,2890.0,2960.0,2880.0,2940.0,61764,0.0,0.0
2023-09-13 13:00:00+09:00,2935.0,3100.0,2865.0,2915.0,506953,0.0,0.0
2023-09-13 14:00:00+09:00,2915.0,2930.0,2885.0,2915.0,75822,0.0,0.0
2023-09-14 09:00:00+09:00,2875.0,2915.0,2865.0,2880.0,23288,0.0,0.0
2023-09-14 10:00:00+09:00,2880.0,2885.0,2860.0,2865.0,16720,0.0,0.0
2023-09-14 11:00:00+09:00,2870.0,2875.0,2865.0,2865.0,6252,0.0,0.0
2023-09-14 12:00:00+09:00,2865.0,2875.0,2860.0,2870.0,21326,0.0,0.0
2023-09-14 13:00:00+09:00,2870.0,2875.0,2860.0,2875.0,7174,0.0,0.0
2023-09-14 14:00:00+09:00,2875.0,2875.0,2865.0,2875.0,14401,0.0,0.0
2023-09-15 09:00:00+09:00,2880.0,2885.0,2865.0,2870.0,14036,0.0,0.0
2023-09-15 10:00:00+09:00,2870.0,2905.0,2870.0,2895.0,13807,0.0,0.0
2023-09-15 11:00:00+09:00,2895.0,2920.0,2895.0,2905.0,16873,0.0,0.0
2023-09-15 12:00:00+09:00,2905.0,2920.0,2900.0,2915.0,5894,0.0,0.0
2023-09-15 13:00:00+09:00,2915.0,2930.0,2905.0,2910.0,7582,0.0,0.0
2023-09-15 14:00:00+09:00,2905.0,2930.0,2900.0,2920.0,19321,0.0,0.0
2023-09-18 09:00:00+09:00,2900.0,2915.0,2870.0,2880.0,0,0.0,0.0
2023-09-18 10:00:00+09:00,2880.0,2905.0,2875.0,2900.0,7527,0.0,0.0
2023-09-18 11:00:00+09:00,2895.0,2905.0,2890.0,2890.0,13406,0.0,0.0
2023-09-18 12:00:00+09:00,2895.0,2905.0,2885.0,2890.0,1403,0.0,0.0
2023-09-18 13:00:00+09:00,2895.0,2900.0,2890.0,2895.0,4935,0.0,0.0
2023-09-18 14:00:00+09:00,2890.0,2900.0,2890.0,2900.0,4724,0.0,0.0
2023-09-19 09:00:00+09:00,2860.0,2900.0,2860.0,2885.0,21544,0.0,0.0
2023-09-19 10:00:00+09:00,2870.0,2885.0,2865.0,2875.0,2140,0.0,0.0
2023-09-19 11:00:00+09:00,2875.0,2880.0,2865.0,2875.0,1985,0.0,0.0
2023-09-19 12:00:00+09:00,2875.0,2875.0,2865.0,2870.0,11378,0.0,0.0
2023-09-19 13:00:00+09:00,2865.0,2870.0,2855.0,2860.0,12158,0.0,0.0
2023-09-19 14:00:00+09:00,2860.0,2880.0,2860.0,2870.0,2656,0.0,0.0
2023-09-20 09:00:00+09:00,2865.0,2880.0,2855.0,2855.0,13705,0.0,0.0
2023-09-20 10:00:00+09:00,2870.0,2880.0,2850.0,2855.0,15867,0.0,0.0
2023-09-20 11:00:00+09:00,2870.0,2870.0,2850.0,2860.0,7885,0.0,0.0
2023-09-20 12:00:00+09:00,2860.0,2865.0,2850.0,2855.0,4177,0.0,0.0
2023-09-20 13:00:00+09:00,2860.0,2875.0,2850.0,2870.0,14177,0.0,0.0
2023-09-20 14:00:00+09:00,2870.0,2875.0,2850.0,2860.0,16350,0.0,0.0
2023-09-21 09:00:00+09:00,2825.0,2860.0,2810.0,2820.0,27551,0.0,0.0
2023-09-21 10:00:00+09:00,2815.0,2820.0,2800.0,2815.0,19136,0.0,0.0
2023-09-21 11:00:00+09:00,2815.0,2820.0,2810.0,2810.0,11845,0.0,0.0
2023-09-21 12:00:00+09:00,2810.0,2815.0,2795.0,2800.0,20677,0.0,0.0
2023-09-21 13:00:00+09:00,2795.0,2795.0,2780.0,2785.0,23032,0.0,0.0
2023-09-21 14:00:00+09:00,2785.0,2790.0,2770.0,2775.0,27288,0.0,0.0
2023-09-22 09:00:00+09:00,2760.0,2795.0,2750.0,2755.0,42521,0.0,0.0
2023-09-22 10:00:00+09:00,2755.0,2785.0,2750.0,2785.0,28533,0.0,0.0
2023-09-22 11:00:00+09:00,2780.0,2800.0,2780.0,2780.0,5064,0.0,0.0
2023-09-22 12:00:00+09:00,2780.0,2785.0,2775.0,2785.0,7295,0.0,0.0
2023-09-22 13:00:00+09:00,2785.0,2795.0,2785.0,2790.0,9206,0.0,0.0
2023-09-22 14:00:00+09:00,2790.0,2790.0,2765.0,2775.0,8251,0.0,0.0
2023-09-25 09:00:00+09:00,2740.0,2780.0,2740.0,2760.0,0,0.0,0.0
2023-09-25 10:00:00+09:00,2760.0,2775.0,2745.0,2755.0,12606,0.0,0.0
2023-09-25 11:00:00+09:00,2755.0,2770.0,2755.0,2770.0,3655,0.0,0.0
2023-09-25 12:00:00+09:00,2770.0,2775.0,2760.0,2765.0,3987,0.0,0.0
2023-09-25 13:00:00+09:00,2770.0,2770.0,2765.0,2765.0,1332,0.0,0.0
2023-09-25 14:00:00+09:00,2760.0,2765.0,2755.0,2760.0,18600,0.0,0.0
2023-09-26 09:00:00+09:00,2750.0,2770.0,2740.0,2740.0,30821,0.0,0.0
2023-09-26 10:00:00+09:00,2745.0,2750.0,2720.0,2740.0,32222,0.0,0.0
2023-09-26 11:00:00+09:00,2740.0,2740.0,2715.0,2720.0,12222,0.0,0.0
2023-09-26 12:00:00+09:00,2720.0,2735.0,2720.0,2735.0,12694,0.0,0.0
2023-09-26 13:00:00+09:00,2735.0,2740.0,2720.0,2720.0,14226,0.0,0.0
2023-09-26 14:00:00+09:00,2725.0,2725.0,2705.0,2710.0,52850,0.0,0.0
2023-09-27 09:00:00+09:00,2665.0,2765.0,2665.0,2700.0,24192,0.0,0.0
2023-09-27 10:00:00+09:00,2695.0,2710.0,2690.0,2705.0,3383,0.0,0.0
2023-09-27 11:00:00+09:00,2705.0,2710.0,2700.0,2700.0,2162,0.0,0.0
2023-09-27 12:00:00+09:00,2700.0,2705.0,2700.0,2705.0,2498,0.0,0.0
2023-09-27 13:00:00+09:00,2705.0,2715.0,2700.0,2715.0,1808,0.0,0.0
2023-09-27 14:00:00+09:00,2715.0,2715.0,2705.0,2715.0,4048,0.0,0.0
2023-10-04 09:00:00+09:00,2695.0,2695.0,2665.0,2670.0,851,0.0,0.0
2023-10-04 10:00:00+09:00,2670.0,2675.0,2650.0,2660.0,25177,0.0,0.0
2023-10-04 11:00:00+09:00,2660.0,2665.0,2650.0,2655.0,8400,0.0,0.0
2023-10-04 12:00:00+09:00,2660.0,2670.0,2645.0,2645.0,12653,0.0,0.0
2023-10-04 13:00:00+09:00,2645.0,2660.0,2640.0,2660.0,10885,0.0,0.0
2023-10-04 14:00:00+09:00,2660.0,2660.0,2630.0,2640.0,22047,0.0,0.0
2023-10-05 09:00:00+09:00,2645.0,2665.0,2640.0,2655.0,26669,0.0,0.0
2023-10-05 10:00:00+09:00,2655.0,2680.0,2655.0,2680.0,19530,0.0,0.0
2023-10-05 11:00:00+09:00,2680.0,2705.0,2680.0,2690.0,21054,0.0,0.0
2023-10-05 12:00:00+09:00,2690.0,2695.0,2680.0,2695.0,2647,0.0,0.0
2023-10-05 13:00:00+09:00,2695.0,2700.0,2685.0,2700.0,2670,0.0,0.0
2023-10-05 14:00:00+09:00,2695.0,2700.0,2650.0,2660.0,10997,0.0,0.0
2023-10-06 09:00:00+09:00,2640.0,2705.0,2640.0,2700.0,39046,0.0,0.0
2023-10-06 10:00:00+09:00,2700.0,2715.0,2695.0,2705.0,6046,0.0,0.0
2023-10-06 11:00:00+09:00,2705.0,2705.0,2690.0,2690.0,3762,0.0,0.0
2023-10-06 12:00:00+09:00,2705.0,2705.0,2690.0,2705.0,1563,0.0,0.0
2023-10-06 13:00:00+09:00,2705.0,2710.0,2690.0,2705.0,9148,0.0,0.0
2023-10-06 14:00:00+09:00,2705.0,2720.0,2700.0,2710.0,5971,0.0,0.0
2023-10-10 09:00:00+09:00,2720.0,2750.0,2700.0,2725.0,0,0.0,0.0
2023-10-10 10:00:00+09:00,2725.0,2740.0,2725.0,2735.0,2543,0.0,0.0
2023-10-10 11:00:00+09:00,2730.0,2735.0,2725.0,2735.0,4434,0.0,0.0
2023-10-10 12:00:00+09:00,2725.0,2740.0,2715.0,2720.0,9969,0.0,0.0
2023-10-10 13:00:00+09:00,2720.0,2720.0,2705.0,2720.0,6362,0.0,0.0
2023-10-10 14:00:00+09:00,2720.0,2745.0,2710.0,2730.0,37232,0.0,0.0
2023-10-11 09:00:00+09:00,2705.0,2745.0,2705.0,2735.0,20251,0.0,0.0
2023-10-11 10:00:00+09:00,2735.0,2735.0,2725.0,2725.0,5515,0.0,0.0
2023-10-11 11:00:00+09:00,2730.0,2735.0,2725.0,2735.0,3855,0.0,0.0
2023-10-11 12:00:00+09:00,2735.0,2740.0,2730.0,2735.0,4552,0.0,0.0
2023-10-11 13:00:00+09:00,2735.0,2745.0,2735.0,2735.0,3654,0.0,0.0
2023-10-11 14:00:00+09:00,2740.0,2740.0,2735.0,2735.0,9807,0.0,0.0
2023-10-12 09:00:00+09:00,2735.0,2750.0,2730.0,2740.0,18039,0.0,0.0
2023-10-12 10:00:00+09:00,2735.0,2740.0,2730.0,2730.0,6249,0.0,0.0
2023-10-12 11:00:00+09:00,2730.0,2735.0,2730.0,2730.0,6299,0.0,0.0
2023-10-12 12:00:00+09:00,2730.0,2735.0,2715.0,2730.0,9241,0.0,0.0
2023-10-12 13:00:00+09:00,2730.0,2735.0,2720.0,2735.0,1063,0.0,0.0
2023-10-12 14:00:00+09:00,2735.0,2735.0,2720.0,2730.0,4869,0.0,0.0
2023-10-13 09:00:00+09:00,2740.0,2860.0,2730.0,2820.0,236128,0.0,0.0
2023-10-13 10:00:00+09:00,2830.0,2830.0,2800.0,2810.0,24520,0.0,0.0
2023-10-13 11:00:00+09:00,2805.0,2810.0,2785.0,2810.0,8454,0.0,0.0
2023-10-13 12:00:00+09:00,2805.0,2815.0,2770.0,2795.0,36680,0.0,0.0
2023-10-13 13:00:00+09:00,2790.0,2810.0,2775.0,2805.0,12837,0.0,0.0
2023-10-13 14:00:00+09:00,2800.0,2820.0,2775.0,2780.0,33744,0.0,0.0
2023-10-16 09:00:00+09:00,2790.0,2845.0,2775.0,2800.0,0,0.0,0.0
2023-10-16 10:00:00+09:00,2795.0,2815.0,2785.0,2790.0,7849,0.0,0.0
2023-10-16 11:00:00+09:00,2790.0,2805.0,2775.0,2805.0,12236,0.0,0.0
2023-10-16 12:00:00+09:00,2795.0,2810.0,2785.0,2795.0,7320,0.0,0.0
2023-10-16 13:00:00+09:00,2795.0,2800.0,2780.0,2795.0,7066,0.0,0.0
2023-10-16 14:00:00+09:00,2800.0,2800.0,2780.0,2780.0,10002,0.0,0.0
2023-10-17 09:00:00+09:00,2780.0,2810.0,2780.0,2785.0,0,0.0,0.0
2023-10-17 10:00:00+09:00,2785.0,2800.0,2780.0,2785.0,24624,0.0,0.0
2023-10-17 11:00:00+09:00,2785.0,2800.0,2780.0,2785.0,1656,0.0,0.0
2023-10-17 12:00:00+09:00,2780.0,2795.0,2780.0,2795.0,3085,0.0,0.0
2023-10-17 13:00:00+09:00,2790.0,2805.0,2790.0,2805.0,7774,0.0,0.0
2023-10-17 14:00:00+09:00,2805.0,2805.0,2790.0,2795.0,3256,0.0,0.0
2023-10-18 09:00:00+09:00,2780.0,2800.0,2780.0,2790.0,5591,0.0,0.0
2023-10-18 10:00:00+09:00,2780.0,2785.0,2765.0,2765.0,11410,0.0,0.0
2023-10-18 11:00:00+09:00,2765.0,2770.0,2755.0,2755.0,9681,0.0,0.0
2023-10-18 12:00:00+09:00,2765.0,2770.0,2760.0,2765.0,1440,0.0,0.0
2023-10-18 13:00:00+09:00,2765.0,2770.0,2740.0,2755.0,9298,0.0,0.0
2023-10-18 14:00:00+09:00,2760.0,2760.0,2730.0,2735.0,8668,0.0,0.0
2023-10-19 09:00:00+09:00,2725.0,2745.0,2665.0,2690.0,59096,0.0,0.0
2023-10-19 10:00:00+09:00,2690.0,2695.0,2680.0,2685.0,5551,0.0,0.0
2023-10-19 11:00:00+09:00,2690.0,2705.0,2670.0,2680.0,10856,0.0,0.0
2023-10-19 12:00:00+09:00,2675.0,2685.0,2665.0,2670.0,8290,0.0,0.0
2023-10-19 13:00:00+09:00,2675.0,2685.0,2670.0,2680.0,12341,0.0,0.0
2023-10-19 14:00:00+09:00,2680.0,2680.0,2655.0,2665.0,25085,0.0,0.0
2023-10-20 09:00:00+09:00,2630.0,2650.0,2605.0,2620.0,43539,0.0,0.0
2023-10-20 10:00:00+09:00,2605.0,2620.0,2605.0,2610.0,16262,0.0,0.0
2023-10-20 11:00:00+09:00,2610.0,2615.0,2595.0,2605.0,21492,0.0,0.0
2023-10-20 12:00:00+09:00,2610.0,2615.0,2605.0,2610.0,11179,0.0,0.0
2023-10-20 13:00:00+09:00,2610.0,2635.0,2610.0,2630.0,9498,0.0,0.0
2023-10-20 14:00:00+09:00,2630.0,2635.0,2610.0,2620.0,11958,0.0,0.0
2023-10-23 09:00:00+09:00,2595.0,2670.0,2595.0,2650.0,0,0.0,0.0
2023-10-23 10:00:00+09:00,2655.0,2675.0,2650.0,2670.0,7460,0.0,0.0
2023-10-23 11:00:00+09:00,2665.0,2670.0,2645.0,2655.0,4949,0.0,0.0
2023-10-23 12:00:00+09:00,2655.0,2660.0,2645.0,2660.0,8223,0.0,0.0
2023-10-23 13:00:00+09:00,2660.0,2660.0,2645.0,2650.0,3592,0.0,0.0
2023-10-23 14:00:00+09:00,2650.0,2655.0,2635.0,2640.0,19731,0.0,0.0
2023-10-24 09:00:00+09:00,2620.0,2645.0,2615.0,2615.0,41787,0.0,0.0
2023-10-24 10:00:00+09:00,2610.0,2625.0,2545.0,2575.0,32342,0.0,0.0
2023-10-24 11:00:00+09:00,2570.0,2615.0,2550.0,2600.0,30060,0.0,0.0
2023-10-24 12:00:00+09:00,2605.0,2610.0,2595.0,2610.0,4275,0.0,0.0
2023-10-24 13:00:00+09:00,2610.0,2620.0,2600.0,2620.0,9099,0.0,0.0
2023-10-24 14:00:00+09:00,2620.0,2630.0,2605.0,2625.0,15797,0.0,0.0
2023-10-25 09:00:00+09:00,2635.0,2670.0,2625.0,2665.0,33605,0.0,0.0
2023-10-25 10:00:00+09:00,2670.0,2710.0,2655.0,2705.0,40342,0.0,0.0
2023-10-25 11:00:00+09:00,2705.0,2715.0,2690.0,2710.0,8576,0.0,0.0
2023-10-25 12:00:00+09:00,2710.0,2710.0,2690.0,2690.0,3479,0.0,0.0
2023-10-25 13:00:00+09:00,2690.0,2705.0,2690.0,2695.0,8390,0.0,0.0
2023-10-25 14:00:00+09:00,2695.0,2705.0,2660.0,2690.0,15996,0.0,0.0
2023-10-26 09:00:00+09:00,2685.0,2740.0,2635.0,2655.0,69587,0.0,0.0
2023-10-26 10:00:00+09:00,2665.0,2685.0,2640.0,2670.0,5918,0.0,0.0
2023-10-26 11:00:00+09:00,2670.0,2675.0,2640.0,2640.0,12168,0.0,0.0
2023-10-26 12:00:00+09:00,2640.0,2650.0,2635.0,2640.0,5370,0.0,0.0
2023-10-26 13:00:00+09:00,2645.0,2650.0,2625.0,2630.0,10629,0.0,0.0
2023-10-26 14:00:00+09:00,2635.0,2650.0,2630.0,2635.0,13911,0.0,0.0
2023-10-27 09:00:00+09:00,2620.0,2640.0,2590.0,2600.0,14886,0.0,0.0
2023-10-27 10:00:00+09:00,2600.0,2630.0,2580.0,2630.0,25650,0.0,0.0
2023-10-27 11:00:00+09:00,2630.0,2640.0,2620.0,2635.0,4949,0.0,0.0
2023-10-27 12:00:00+09:00,2635.0,2635.0,2615.0,2630.0,6024,0.0,0.0
2023-10-27 13:00:00+09:00,2615.0,2625.0,2595.0,2605.0,9270,0.0,0.0
2023-10-27 14:00:00+09:00,2610.0,2610.0,2595.0,2610.0,15636,0.0,0.0
2023-10-30 09:00:00+09:00,2625.0,2635.0,2590.0,2610.0,0,0.0,0.0
2023-10-30 10:00:00+09:00,2625.0,2625.0,2600.0,2620.0,10282,0.0,0.0
2023-10-30 11:00:00+09:00,2605.0,2620.0,2605.0,2610.0,4526,0.0,0.0
2023-10-30 12:00:00+09:00,2615.0,2620.0,2610.0,2620.0,293,0.0,0.0
2023-10-30 13:00:00+09:00,2620.0,2625.0,2620.0,2625.0,2572,0.0,0.0
2023-10-30 14:00:00+09:00,2625.0,2625.0,2615.0,2620.0,6158,0.0,0.0
2023-10-31 09:00:00+09:00,2620.0,2645.0,2605.0,2605.0,7695,0.0,0.0
2023-10-31 10:00:00+09:00,2605.0,2610.0,2585.0,2595.0,15350,0.0,0.0
2023-10-31 11:00:00+09:00,2605.0,2605.0,2595.0,2605.0,8175,0.0,0.0
2023-10-31 12:00:00+09:00,2605.0,2610.0,2590.0,2605.0,7079,0.0,0.0
2023-10-31 13:00:00+09:00,2605.0,2605.0,2585.0,2595.0,9966,0.0,0.0
2023-10-31 14:00:00+09:00,2595.0,2595.0,2575.0,2585.0,7869,0.0,0.0
2023-11-01 09:00:00+09:00,2575.0,2600.0,2575.0,2595.0,11446,0.0,0.0
2023-11-01 10:00:00+09:00,2595.0,2600.0,2580.0,2595.0,10192,0.0,0.0
2023-11-01 11:00:00+09:00,2595.0,2595.0,2540.0,2540.0,49052,0.0,0.0
2023-11-01 12:00:00+09:00,2545.0,2580.0,2500.0,2580.0,37162,0.0,0.0
2023-11-01 13:00:00+09:00,2580.0,2580.0,2565.0,2570.0,1392,0.0,0.0
2023-11-01 14:00:00+09:00,2570.0,2570.0,2555.0,2565.0,6190,0.0,0.0
2023-11-02 09:00:00+09:00,2525.0,2590.0,2525.0,2580.0,51283,0.0,0.0
2023-11-02 10:00:00+09:00,2590.0,2600.0,2585.0,2600.0,7454,0.0,0.0
2023-11-02 11:00:00+09:00,2600.0,2600.0,2585.0,2595.0,2480,0.0,0.0
2023-11-02 12:00:00+09:00,2595.0,2595.0,2580.0,2595.0,17842,0.0,0.0
2023-11-02 13:00:00+09:00,2595.0,2595.0,2580.0,2590.0,1345,0.0,0.0
2023-11-02 14:00:00+09:00,2585.0,2600.0,2580.0,2600.0,9491,0.0,0.0
2023-11-03 09:00:00+09:00,2620.0,2620.0,2590.0,2600.0,11379,0.0,0.0
2023-11-03 10:00:00+09:00,2600.0,2610.0,2600.0,2610.0,6201,0.0,0.0
2023-11-03 11:00:00+09:00,2610.0,2620.0,2600.0,2600.0,10603,0.0,0.0
2023-11-03 12:00:00+09:00,2620.0,2625.0,2605.0,2620.0,6550,0.0,0.0
2023-11-03 13:00:00+09:00,2615.0,2620.0,2610.0,2620.0,5121,0.0,0.0
2023-11-03 14:00:00+09:00,2625.0,2630.0,2625.0,2625.0,5821,0.0,0.0
2023-11-06 09:00:00+09:00,2645.0,2660.0,2635.0,2655.0,0,0.0,0.0
2023-11-06 10:00:00+09:00,2655.0,2655.0,2640.0,2650.0,18387,0.0,0.0
2023-11-06 11:00:00+09:00,2650.0,2655.0,2640.0,2645.0,7788,0.0,0.0
2023-11-06 12:00:00+09:00,2645.0,2650.0,2640.0,2650.0,13636,0.0,0.0
2023-11-06 13:00:00+09:00,2655.0,2660.0,2650.0,2660.0,3714,0.0,0.0
2023-11-06 14:00:00+09:00,2660.0,2665.0,2655.0,2660.0,3095,0.0,0.0
2023-11-07 09:00:00+09:00,2640.0,2660.0,2635.0,2645.0,19918,0.0,0.0
2023-11-07 10:00:00+09:00,2645.0,2655.0,2640.0,2650.0,2897,0.0,0.0
2023-11-07 11:00:00+09:00,2650.0,2650.0,2635.0,2640.0,8088,0.0,0.0
2023-11-07 12:00:00+09:00,2635.0,2645.0,2625.0,2645.0,12918,0.0,0.0
2023-11-07 13:00:00+09:00,2645.0,2650.0,2630.0,2645.0,10075,0.0,0.0
2023-11-07 14:00:00+09:00,2640.0,2645.0,2615.0,2635.0,21037,0.0,0.0
2023-11-08 09:00:00+09:00,2630.0,2655.0,2630.0,2630.0,5727,0.0,0.0
2023-11-08 10:00:00+09:00,2630.0,2645.0,2630.0,2635.0,3586,0.0,0.0
2023-11-08 11:00:00+09:00,2635.0,2640.0,2625.0,2625.0,6293,0.0,0.0
2023-11-08 12:00:00+09:00,2630.0,2645.0,2630.0,2640.0,1966,0.0,0.0
2023-11-08 13:00:00+09:00,2640.0,2640.0,2630.0,2635.0,2494,0.0,0.0
2023-11-08 14:00:00+09:00,2635.0,2645.0,2635.0,2635.0,14628,0.0,0.0
2023-11-09 09:00:00+09:00,2655.0,2675.0,2635.0,2640.0,62424,0.0,0.0
2023-11-09 10:00:00+09:00,2635.0,2650.0,2605.0,2645.0,40309,0.0,0.0
2023-11-09 11:00:00+09:00,2645.0,2650.0,2640.0,2650.0,5464,0.0,0.0
2023-11-09 12:00:00+09:00,2645.0,2645.0,2640.0,2645.0,3628,0.0,0.0
2023-11-09 13:00:00+09:00,2645.0,2645.0,2640.0,2645.0,2759,0.0,0.0
2023-11-09 14:00:00+09:00,2645.0,2650.0,2640.0,2645.0,4361,0.0,0.0
2023-11-10 09:00:00+09:00,2630.0,2630.0,2595.0,2595.0,32592,0.0,0.0
2023-11-10 10:00:00+09:00,2600.0,2620.0,2600.0,2620.0,6321,0.0,0.0
2023-11-10 11:00:00+09:00,2610.0,2625.0,2610.0,2620.0,5792,0.0,0.0
2023-11-10 12:00:00+09:00,2620.0,2625.0,2615.0,2620.0,1334,0.0,0.0
2023-11-10 13:00:00+09:00,2620.0,2620.0,2610.0,2615.0,1585,0.0,0.0
2023-11-10 14:00:00+09:00,2615.0,2625.0,2610.0,2625.0,4578,0.0,0.0
2023-11-13 09:00:00+09:00,2645.0,2645.0,2615.0,2630.0,0,0.0,0.0
2023-11-13 10:00:00+09:00,2630.0,2635.0,2615.0,2630.0,1977,0.0,0.0
2023-11-13 11:00:00+09:00,2630.0,2630.0,2615.0,2615.0,2666,0.0,0.0
2023-11-13 12:00:00+09:00,2615.0,2635.0,2605.0,2605.0,6402,0.0,0.0
2023-11-13 13:00:00+09:00,2610.0,2625.0,2600.0,2615.0,14226,0.0,0.0
2023-11-13 14:00:00+09:00,2610.0,2615.0,2595.0,2610.0,10585,0.0,0.0
2023-11-14 09:00:00+09:00,2595.0,2620.0,2595.0,2615.0,9566,0.0,0.0
2023-11-14 10:00:00+09:00,2615.0,2625.0,2605.0,2625.0,2440,0.0,0.0
2023-11-14 11:00:00+09:00,2620.0,2630.0,2620.0,2625.0,5917,0.0,0.0
2023-11-14 12:00:00+09:00,2620.0,2625.0,2615.0,2620.0,973,0.0,0.0
2023-11-14 13:00:00+09:00,2620.0,2625.0,2620.0,2620.0,201,0.0,0.0
2023-11-14 14:00:00+09:00,2625.0,2625.0,2605.0,2615.0,1916,0.0,0.0
2023-11-15 09:00:00+09:00,2630.0,2665.0,2630.0,2655.0,30698,0.0,0.0
2023-11-15 10:00:00+09:00,2660.0,2690.0,2660.0,2680.0,42416,0.0,0.0
2023-11-15 11:00:00+09:00,2685.0,2700.0,2685.0,2690.0,19715,0.0,0.0
2023-11-15 12:00:00+09:00,2700.0,2705.0,2685.0,2695.0,6334,0.0,0.0
2023-11-15 13:00:00+09:00,2690.0,2695.0,2680.0,2690.0,6733,0.0,0.0
2023-11-15 14:00:00+09:00,2680.0,2695.0,2680.0,2690.0,5254,0.0,0.0
2023-11-16 10:00:00+09:00,2695.0,2760.0,2680.0,2750.0,76764,0.0,0.0
2023-11-16 11:00:00+09:00,2750.0,2765.0,2745.0,2745.0,26761,0.0,0.0
2023-11-16 12:00:00+09:00,2755.0,2775.0,2750.0,2770.0,25621,0.0,0.0
2023-11-16 13:00:00+09:00,2770.0,2785.0,2755.0,2780.0,29432,0.0,0.0
2023-11-16 14:00:00+09:00,2775.0,2780.0,2765.0,2780.0,11115,0.0,0.0
2023-11-17 09:00:00+09:00,2750.0,2810.0,2745.0,2805.0,49880,0.0,0.0
2023-11-17 10:00:00+09:00,2810.0,2835.0,2795.0,2820.0,48251,0.0,0.0
2023-11-17 11:00:00+09:00,2820.0,2855.0,2815.0,2820.0,43207,0.0,0.0
2023-11-17 12:00:00+09:00,2820.0,2845.0,2815.0,2835.0,18062,0.0,0.0
2023-11-17 13:00:00+09:00,2835.0,2850.0,2830.0,2840.0,33254,0.0,0.0
2023-11-17 14:00:00+09:00,2845.0,2850.0,2830.0,2840.0,26033,0.0,0.0
2023-11-20 09:00:00+09:00,2840.0,2895.0,2815.0,2890.0,0,0.0,0.0
2023-11-20 10:00:00+09:00,2885.0,2905.0,2880.0,2900.0,61036,0.0,0.0
2023-11-20 11:00:00+09:00,2895.0,2900.0,2875.0,2895.0,44768,0.0,0.0
2023-11-20 12:00:00+09:00,2895.0,2895.0,2875.0,2880.0,12858,0.0,0.0
2023-11-20 13:00:00+09:00,2875.0,2895.0,2875.0,2890.0,78842,0.0,0.0
2023-11-20 14:00:00+09:00,2880.0,2895.0,2880.0,2890.0,7989,0.0,0.0
2023-11-21 09:00:00+09:00,2870.0,3010.0,2865.0,3000.0,164574,0.0,0.0
2023-11-21 10:00:00+09:00,3000.0,3005.0,2975.0,2980.0,63113,0.0,0.0
2023-11-21 11:00:00+09:00,2980.0,3025.0,2955.0,3000.0,64667,0.0,0.0
2023-11-21 12:00:00+09:00,3015.0,3020.0,2990.0,3015.0,31560,0.0,0.0
2023-11-21 13:00:00+09:00,3015.0,3015.0,2960.0,2960.0,37648,0.0,0.0
2023-11-21 14:00:00+09:00,2960.0,2980.0,2955.0,2965.0,6951,0.0,0.0
2023-11-22 09:00:00+09:00,2960.0,2990.0,2935.0,2985.0,22021,0.0,0.0
2023-11-22 10:00:00+09:00,2975.0,2995.0,2960.0,2980.0,40026,0.0,0.0
2023-11-22 11:00:00+09:00,2980.0,2990.0,2970.0,2985.0,15357,0.0,0.0
2023-11-22 12:00:00+09:00,2985.0,2995.0,2985.0,2995.0,4321,0.0,0.0
2023-11-22 13:00:00+09:00,2990.0,2995.0,2980.0,2980.0,7695,0.0,0.0
2023-11-22 14:00:00+09:00,2990.0,2990.0,2975.0,2985.0,25581,0.0,0.0
2023-11-23 09:00:00+09:00,2965.0,3005.0,2960.0,3000.0,10102,0.0,0.0
2023-11-23 10:00:00+09:00,2990.0,3015.0,2990.0,3000.0,12972,0.0,0.0
2023-11-23 11:00:00+09:00,3000.0,3010.0,2990.0,3005.0,9127,0.0,0.0
2023-11-23 12:00:00+09:00,3000.0,3005.0,2990.0,2995.0,11540,0.0,0.0
2023-11-23 13:00:00+09:00,2995.0,3010.0,2985.0,3010.0,27732,0.0,0.0
2023-11-23 14:00:00+09:00,3000.0,3015.0,3000.0,3005.0,49873,0.0,0.0
2023-11-24 09:00:00+09:00,3020.0,3030.0,3000.0,3015.0,18425,0.0,0.0
2023-11-24 10:00:00+09:00,3005.0,3030.0,2995.0,3020.0,34537,0.0,0.0
2023-11-24 11:00:00+09:00,3020.0,3030.0,3015.0,3020.0,19604,0.0,0.0
2023-11-24 12:00:00+09:00,3015.0,3025.0,3015.0,3020.0,19442,0.0,0.0
2023-11-24 13:00:00+09:00,3015.0,3015.0,3010.0,3015.0,6936,0.0,0.0
2023-11-24 14:00:00+09:00,3015.0,3020.0,3005.0,3020.0,0,0.0,0.0
2023-11-27 09:00:00+09:00,3030.0,3030.0,2990.0,3020.0,0,0.0,0.0
2023-11-27 10:00:00+09:00,3025.0,3025.0,3015.0,3020.0,7789,0.0,0.0
2023-11-27 11:00:00+09:00,3020.0,3025.0,3010.0,3010.0,7395,0.0,0.0
2023-11-27 12:00:00+09:00,3010.0,3010.0,2990.0,3000.0,18714,0.0,0.0
2023-11-27 13:00:00+09:00,3000.0,3010.0,2995.0,3005.0,5836,0.0,0.0
2023-11-27 14:00:00+09:00,3000.0,3015.0,3000.0,3015.0,15409,0.0,0.0
2023-11-28 09:00:00+09:00,2975.0,3020.0,2975.0,3015.0,25366,0.0,0.0
2023-11-28 10:00:00+09:00,3010.0,3030.0,3010.0,3015.0,8302,0.0,0.0
2023-11-28 11:00:00+09:00,3015.0,3020.0,3010.0,3010.0,4778,0.0,0.0
2023-11-28 12:00:00+09:00,3015.0,3020.0,3000.0,3000.0,18127,0.0,0.0
2023-11-28 13:00:00+09:00,3000.0,3010.0,2990.0,3005.0,15668,0.0,0.0
2023-11-28 14:00:00+09:00,3005.0,3005.0,2985.0,3005.0,9332,0.0,0.0
2023-11-29 09:00:00+09:00,2985.0,3025.0,2985.0,3015.0,27168,0.0,0.0
2023-11-29 10:00:00+09:00,3010.0,3025.0,3010.0,3020.0,7875,0.0,0.0
2023-11-29 11:00:00+09:00,3020.0,3035.0,3015.0,3020.0,17865,0.0,0.0
2023-11-29 12:00:00+09:00,3020.0,3035.0,3020.0,3030.0,18823,0.0,0.0
2023-11-29 13:00:00+09:00,3025.0,3030.0,3020.0,3030.0,6145,0.0,0.0
2023-11-29 14:00:00+09:00,3025.0,3030.0,3015.0,3025.0,18619,0.0,0.0
2023-11-30 09:00:00+09:00,3010.0,3035.0,3000.0,3025.0,70752,0.0,0.0
2023-11-30 10:00:00+09:00,3010.0,3025.0,3005.0,3015.0,11150,0.0,0.0
2023-11-30 11:00:00+09:00,3010.0,3030.0,3005.0,3010.0,13279,0.0,0.0
2023-11-30 12:00:00+09:00,3010.0,3020.0,3005.0,3020.0,9233,0.0,0.0
2023-11-30 13:00:00+09:00,3015.0,3020.0,3010.0,3020.0,4869,0.0,0.0
2023-11-30 14:00:00+09:00,3015.0,3020.0,3010.0,3020.0,16081,0.0,0.0
2023-12-01 09:00:00+09:00,3035.0,3035.0,3015.0,3030.0,52701,0.0,0.0
2023-12-01 10:00:00+09:00,3025.0,3040.0,3025.0,3030.0,10533,0.0,0.0
2023-12-01 11:00:00+09:00,3030.0,3035.0,3025.0,3030.0,9100,0.0,0.0
2023-12-01 12:00:00+09:00,3030.0,3035.0,3025.0,3035.0,4025,0.0,0.0
2023-12-01 13:00:00+09:00,3030.0,3040.0,3030.0,3040.0,10776,0.0,0.0
2023-12-01 14:00:00+09:00,3035.0,3070.0,3035.0,3065.0,56425,0.0,0.0
2023-12-04 09:00:00+09:00,3060.0,3080.0,3045.0,3070.0,0,0.0,0.0
2023-12-04 10:00:00+09:00,3070.0,3105.0,3070.0,3095.0,27501,0.0,0.0
2023-12-04 11:00:00+09:00,3095.0,3105.0,3085.0,3090.0,41395,0.0,0.0
2023-12-04 12:00:00+09:00,3100.0,3105.0,3095.0,3105.0,10636,0.0,0.0
2023-12-04 13:00:00+09:00,3100.0,3105.0,3090.0,3100.0,4873,0.0,0.0
2023-12-04 14:00:00+09:00,3090.0,3100.0,3085.0,3090.0,5664,0.0,0.0
2023-12-05 09:00:00+09:00,3090.0,3140.0,3080.0,3120.0,37800,0.0,0.0
2023-12-05 10:00:00+09:00,3120.0,3120.0,3110.0,3115.0,12530,0.0,0.0
2023-12-05 11:00:00+09:00,3120.0,3125.0,3110.0,3120.0,16188,0.0,0.0
2023-12-05 12:00:00+09:00,3115.0,3165.0,3095.0,3125.0,81079,0.0,0.0
2023-12-05 13:00:00+09:00,3140.0,3145.0,3115.0,3125.0,12165,0.0,0.0
2023-12-05 14:00:00+09:00,3120.0,3125.0,3105.0,3110.0,8648,0.0,0.0
2023-12-06 09:00:00+09:00,3095.0,3150.0,3090.0,3125.0,31181,0.0,0.0
2023-12-06 10:00:00+09:00,3125.0,3155.0,3120.0,3155.0,37159,0.0,0.0
2023-12-06 11:00:00+09:00,3140.0,3150.0,3130.0,3135.0,11396,0.0,0.0
2023-12-06 12:00:00+09:00,3130.0,3140.0,3130.0,3135.0,2761,0.0,0.0
2023-12-06 13:00:00+09:00,3135.0,3135.0,3125.0,3135.0,5289,0.0,0.0
2023-12-06 14:00:00+09:00,3135.0,3160.0,3125.0,3135.0,28941,0.0,0.0
2023-12-07 09:00:00+09:00,3105.0,3145.0,3105.0,3125.0,15821,0.0,0.0
2023-12-07 10:00:00+09:00,3135.0,3145.0,3115.0,3130.0,20980,0.0,0.0
2023-12-07 11:00:00+09:00,3125.0,3140.0,3120.0,3140.0,8467,0.0,0.0
2023-12-07 12:00:00+09:00,3140.0,3145.0,3125.0,3130.0,4763,0.0,0.0
2023-12-07 13:00:00+09:00,3140.0,3150.0,3125.0,3150.0,16030,0.0,0.0
2023-12-07 14:00:00+09:00,3150.0,3170.0,3130.0,3155.0,33020,0.0,0.0
2023-12-08 09:00:00+09:00,3165.0,3165.0,3135.0,3155.0,18237,0.0,0.0
2023-12-08 10:00:00+09:00,3155.0,3165.0,3135.0,3160.0,31075,0.0,0.0
2023-12-08 11:00:00+09:00,3140.0,3160.0,3135.0,3140.0,11694,0.0,0.0
2023-12-08 12:00:00+09:00,3145.0,3160.0,3130.0,3150.0,21706,0.0,0.0
2023-12-08 13:00:00+09:00,3155.0,3155.0,3145.0,3155.0,6080,0.0,0.0
2023-12-08 14:00:00+09:00,3150.0,3155.0,3140.0,3150.0,2240,0.0,0.0
2023-12-11 09:00:00+09:00,3150.0,3180.0,3130.0,3175.0,0,0.0,0.0
2023-12-11 10:00:00+09:00,3175.0,3175.0,3150.0,3150.0,35356,0.0,0.0
2023-12-11 11:00:00+09:00,3155.0,3180.0,3150.0,3180.0,19102,0.0,0.0
2023-12-11 12:00:00+09:00,3175.0,3180.0,3155.0,3180.0,21022,0.0,0.0
2023-12-11 13:00:00+09:00,3175.0,3195.0,3175.0,3180.0,16186,0.0,0.0
2023-12-11 14:00:00+09:00,3190.0,3200.0,3175.0,3180.0,28576,0.0,0.0
2023-12-12 09:00:00+09:00,3170.0,3210.0,3170.0,3195.0,73779,0.0,0.0
2023-12-12 10:00:00+09:00,3195.0,3225.0,3185.0,3200.0,83825,0.0,0.0
2023-12-12 11:00:00+09:00,3200.0,3210.0,3200.0,3205.0,4768,0.0,0.0
2023-12-12 12:00:00+09:00,3205.0,3215.0,3205.0,3215.0,11603,0.0,0.0
2023-12-12 13:00:00+09:00,3210.0,3215.0,3190.0,3190.0,7359,0.0,0.0
2023-12-12 14:00:00+09:00,3190.0,3200.0,3185.0,3200.0,10615,0.0,0.0
2023-12-13 09:00:00+09:00,3160.0,3250.0,3160.0,3210.0,73884,0.0,0.0
2023-12-13 10:00:00+09:00,3220.0,3220.0,3195.0,3195.0,26173,0.0,0.0
2023-12-13 11:00:00+09:00,3210.0,3240.0,3195.0,3225.0,29099,0.0,0.0
2023-12-13 12:00:00+09:00,3225.0,3225.0,3205.0,3220.0,14116,0.0,0.0
2023-12-13 13:00:00+09:00,3210.0,3215.0,3190.0,3200.0,8351,0.0,0.0
2023-12-13 14:00:00+09:00,3195.0,3210.0,3155.0,3200.0,38492,0.0,0.0
2023-12-14 09:00:00+09:00,3210.0,3250.0,3160.0,3250.0,81068,0.0,0.0
2023-12-14 10:00:00+09:00,3245.0,3245.0,3185.0,3205.0,9890,0.0,0.0
2023-12-14 11:00:00+09:00,3205.0,3240.0,3200.0,3205.0,22482,0.0,0.0
2023-12-14 12:00:00+09:00,3210.0,3210.0,3205.0,3205.0,3419,0.0,0.0
2023-12-14 13:00:00+09:00,3210.0,3210.0,3175.0,3190.0,22595,0.0,0.0
2023-12-14 14:00:00+09:00,3180.0,3195.0,3175.0,3195.0,12904,0.0,0.0
2023-12-15 09:00:00+09:00,3180.0,3210.0,3160.0,3200.0,29272,0.0,0.0
2023-12-15 10:00:00+09:00,3185.0,3195.0,3170.0,3190.0,25580,0.0,0.0
2023-12-15 11:00:00+09:00,3185.0,3185.0,3170.0,3175.0,5601,0.0,0.0
2023-12-15 12:00:00+09:00,3170.0,3170.0,3115.0,3125.0,51231,0.0,0.0
2023-12-15 13:00:00+09:00,3125.0,3135.0,3105.0,3105.0,26167,0.0,0.0
2023-12-15 14:00:00+09:00,3105.0,3115.0,3085.0,3100.0,27563,0.0,0.0
2023-12-18 09:00:00+09:00,3110.0,3150.0,3100.0,3140.0,0,0.0,0.0
2023-12-18 10:00:00+09:00,3130.0,3140.0,3120.0,3135.0,10067,0.0,0.0
2023-12-18 11:00:00+09:00,3130.0,3135.0,3095.0,3120.0,14133,0.0,0.0
2023-12-18 12:00:00+09:00,3125.0,3135.0,3125.0,3135.0,11710,0.0,0.0
2023-12-18 13:00:00+09:00,3135.0,3135.0,3120.0,3130.0,2575,0.0,0.0
2023-12-18 14:00:00+09:00,3130.0,3130.0,3125.0,3130.0,1233,0.0,0.0
2023-12-19 09:00:00+09:00,3105.0,3160.0,3105.0,3160.0,27369,0.0,0.0
2023-12-19 10:00:00+09:00,3140.0,3170.0,3140.0,3160.0,19368,0.0,0.0
2023-12-19 11:00:00+09:00,3160.0,3160.0,3140.0,3140.0,2606,0.0,0.0
2023-12-19 12:00:00+09:00,3140.0,3160.0,3135.0,3135.0,3773,0.0,0.0
2023-12-19 13:00:00+09:00,3135.0,3155.0,3135.0,3155.0,3557,0.0,0.0
2023-12-19 14:00:00+09:00,3150.0,3155.0,3145.0,3150.0,2280,0.0,0.0
2023-12-20 09:00:00+09:00,3165.0,3195.0,3155.0,3190.0,37482,0.0,0.0
2023-12-20 10:00:00+09:00,3190.0,3190.0,3175.0,3185.0,4871,0.0,0.0
2023-12-20 11:00:00+09:00,3175.0,3185.0,3170.0,3185.0,64077,0.0,0.0
2023-12-20 12:00:00+09:00,3185.0,3190.0,3175.0,3185.0,1479,0.0,0.0
2023-12-20 13:00:00+09:00,3175.0,3185.0,3175.0,3180.0,1434,0.0,0.0
2023-12-20 14:00:00+09:00,3180.0,3180.0,3160.0,3170.0,8773,0.0,0.0
2023-12-21 09:00:00+09:00,3170.0,3200.0,3155.0,3175.0,17529,0.0,0.0
2023-12-21 10:00:00+09:00,3170.0,3170.0,3150.0,3160.0,17215,0.0,0.0
2023-12-21 11:00:00+09:00,3160.0,3175.0,3155.0,3175.0,10859,0.0,0.0
2023-12-21 12:00:00+09:00,3175.0,3190.0,3170.0,3190.0,12377,0.0,0.0
2023-12-21 13:00:00+09:00,3190.0,3190.0,3170.0,3190.0,5327,0.0,0.0
2023-12-21 14:00:00+09:00,3190.0,3190.0,3160.0,3180.0,11237,0.0,0.0
2023-12-22 09:00:00+09:00,3175.0,3185.0,3160.0,3180.0,18355,0.0,0.0
2023-12-22 10:00:00+09:00,3170.0,3190.0,3170.0,3190.0,6909,0.0,0.0
2023-12-22 11:00:00+09:00,3190.0,3195.0,3175.0,3195.0,14135,0.0,0.0
2023-12-22 12:00:00+09:00,3185.0,3195.0,3180.0,3190.0,5006,0.0,0.0
2023-12-22 13:00:00+09:00,3190.0,3190.0,3175.0,3190.0,8844,0.0,0.0
2023-12-22 14:00:00+09:00,3195.0,3195.0,3180.0,3185.0,5009,0.0,0.0
2023-12-26 09:00:00+09:00,3195.0,3200.0,3165.0,3170.0,0,0.0,0.0
2023-12-26 10:00:00+09:00,3170.0,3185.0,3160.0,3185.0,8733,0.0,0.0
2023-12-26 11:00:00+09:00,3185.0,3200.0,3180.0,3185.0,15818,0.0,0.0
2023-12-26 12:00:00+09:00,3180.0,3200.0,3170.0,3200.0,16753,0.0,0.0
2023-12-26 13:00:00+09:00,3200.0,3215.0,3190.0,3200.0,17332,0.0,0.0
2023-12-26 14:00:00+09:00,3205.0,3205.0,3180.0,3185.0,9230,0.0,0.0
2023-12-27 09:00:00+09:00,3175.0,3180.0,3130.0,3135.0,61139,0.0,0.0
2023-12-27 10:00:00+09:00,3155.0,3165.0,3145.0,3160.0,5595,0.0,0.0
2023-12-27 11:00:00+09:00,3165.0,3185.0,3160.0,3185.0,16639,0.0,0.0
2023-12-27 12:00:00+09:00,3170.0,3190.0,3170.0,3185.0,21430,0.0,0.0
2023-12-27 13:00:00+09:00,3180.0,3185.0,3175.0,3185.0,7275,0.0,0.0
2023-12-27 14:00:00+09:00,3180.0,3180.0,3160.0,3175.0,12252,0.0,0.0
2023-12-28 09:00:00+09:00,3175.0,3180.0,3160.0,3170.0,15461,0.0,0.0
2023-12-28 10:00:00+09:00,3175.0,3175.0,3145.0,3175.0,20335,0.0,0.0
2023-12-28 11:00:00+09:00,3170.0,3175.0,3165.0,3175.0,1544,0.0,0.0
2023-12-28 12:00:00+09:00,3170.0,3180.0,3160.0,3170.0,20718,0.0,0.0
2023-12-28 13:00:00+09:00,3170.0,3180.0,3165.0,3180.0,17715,0.0,0.0
2023-12-28 14:00:00+09:00,3185.0,3185.0,3170.0,3175.0,6923,0.0,0.0
2024-01-02 10:00:00+09:00,3160.0,3165.0,3065.0,3085.0,44234,0.0,0.0
2024-01-02 11:00:00+09:00,3085.0,3115.0,3085.0,3100.0,13344,0.0,0.0
2024-01-02 12:00:00+09:00,3100.0,3115.0,3095.0,3105.0,16632,0.0,0.0
2024-01-02 13:00:00+09:00,3115.0,3120.0,3095.0,3100.0,24682,0.0,0.0
2024-01-02 14:00:00+09:00,3100.0,3120.0,3090.0,3100.0,10942,0.0,0.0
2024-01-03 09:00:00+09:00,3105.0,3135.0,3090.0,3115.0,35455,0.0,0.0
2024-01-03 10:00:00+09:00,3110.0,3135.0,3110.0,3115.0,14882,0.0,0.0
2024-01-03 11:00:00+09:00,3110.0,3135.0,3110.0,3135.0,12190,0.0,0.0
2024-01-03 12:00:00+09:00,3135.0,3145.0,3130.0,3140.0,5898,0.0,0.0
2024-01-03 13:00:00+09:00,3145.0,3145.0,3125.0,3140.0,2246,0.0,0.0
2024-01-03 14:00:00+09:00,3140.0,3140.0,3125.0,3130.0,11291,0.0,0.0
2024-01-04 09:00:00+09:00,3145.0,3160.0,3125.0,3140.0,6496,0.0,0.0
2024-01-04 10:00:00+09:00,3140.0,3160.0,3140.0,3140.0,9646,0.0,0.0
2024-01-04 11:00:00+09:00,3135.0,3165.0,3130.0,3155.0,8086,0.0,0.0
2024-01-04 12:00:00+09:00,3155.0,3160.0,3140.0,3160.0,6573,0.0,0.0
2024-01-04 13:00:00+09:00,3155.0,3155.0,3135.0,3145.0,20132,0.0,0.0
2024-01-04 14:00:00+09:00,3150.0,3160.0,3140.0,3160.0,14018,0.0,0.0
2024-01-05 09:00:00+09:00,3140.0,3165.0,3140.0,3150.0,11252,0.0,0.0
2024-01-05 10:00:00+09:00,3150.0,3165.0,3150.0,3155.0,10925,0.0,0.0
2024-01-05 11:00:00+09:00,3165.0,3185.0,3165.0,3180.0,7578,0.0,0.0
2024-01-05 12:00:00+09:00,3175.0,3185.0,3170.0,3185.0,11038,0.0,0.0
2024-01-05 13:00:00+09:00,3185.0,3200.0,3170.0,3200.0,35364,0.0,0.0
2024-01-05 14:00:00+09:00,3190.0,3195.0,3170.0,3180.0,1875,0.0,0.0
2024-01-08 09:00:00+09:00,3165.0,3190.0,3155.0,3190.0,0,0.0,0.0
2024-01-08 10:00:00+09:00,3175.0,3195.0,3175.0,3185.0,19045,0.0,0.0
2024-01-08 11:00:00+09:00,3185.0,3195.0,3185.0,3190.0,4521,0.0,0.0
2024-01-08 12:00:00+09:00,3190.0,3200.0,3180.0,3200.0,33594,0.0,0.0
2024-01-08 13:00:00+09:00,3195.0,3200.0,3185.0,3195.0,2639,0.0,0.0
2024-01-08 14:00:00+09:00,3195.0,3205.0,3195.0,3205.0,10267,0.0,0.0
2024-01-09 09:00:00+09:00,3200.0,3205.0,3145.0,3180.0,39905,0.0,0.0
2024-01-09 10:00:00+09:00,3180.0,3180.0,3100.0,3145.0,42863,0.0,0.0
2024-01-09 11:00:00+09:00,3150.0,3150.0,3135.0,3145.0,8126,0.0,0.0
2024-01-09 12:00:00+09:00,3145.0,3170.0,3140.0,3170.0,13366,0.0,0.0
2024-01-09 13:00:00+09:00,3170.0,3170.0,3145.0,3160.0,8924,0.0,0.0
2024-01-09 14:00:00+09:00,3150.0,3160.0,3140.0,3150.0,9891,0.0,0.0
2024-01-10 09:00:00+09:00,3145.0,3160.0,3135.0,3150.0,12397,0.0,0.0
2024-01-10 10:00:00+09:00,3140.0,3145.0,3135.0,3140.0,4060,0.0,0.0
2024-01-10 11:00:00+09:00,3140.0,3140.0,3120.0,3135.0,21464,0.0,0.0
2024-01-10 12:00:00+09:00,3130.0,3135.0,3120.0,3135.0,12427,0.0,0.0
2024-01-10 13:00:00+09:00,3135.0,3135.0,3125.0,3135.0,4059,0.0,0.0
2024-01-10 14:00:00+09:00,3130.0,3140.0,3115.0,3130.0,20817,0.0,0.0
2024-01-11 09:00:00+09:00,3125.0,3140.0,3105.0,3120.0,12373,0.0,0.0
2024-01-11 10:00:00+09:00,3120.0,3130.0,3095.0,3110.0,16009,0.0,0.0
2024-01-11 11:00:00+09:00,3110.0,3125.0,3100.0,3120.0,4429,0.0,0.0
2024-01-11 12:00:00+09:00,3120.0,3120.0,3100.0,3115.0,9710,0.0,0.0
2024-01-11 13:00:00+09:00,3100.0,3115.0,3095.0,3105.0,4789,0.0,0.0
2024-01-11 14:00:00+09:00,3105.0,3110.0,3095.0,3105.0,5993,0.0,0.0
2024-01-12 09:00:00+09:00,3110.0,3110.0,3055.0,3065.0,32939,0.0,0.0
2024-01-12 10:00:00+09:00,3060.0,3095.0,3060.0,3090.0,7982,0.0,0.0
2024-01-12 11:00:00+09:00,3100.0,3100.0,3090.0,3095.0,5007,0.0,0.0
2024-01-12 12:00:00+09:00,3095.0,3095.0,3065.0,3080.0,8650,0.0,0.0
2024-01-12 13:00:00+09:00,3075.0,3090.0,3070.0,3090.0,11075,0.0,0.0
2024-01-12 14:00:00+09:00,3085.0,3125.0,3070.0,3105.0,29820,0.0,0.0
2024-01-15 09:00:00+09:00,3100.0,3100.0,3085.0,3095.0,0,0.0,0.0
2024-01-15 10:00:00+09:00,3095.0,3115.0,3090.0,3105.0,6350,0.0,0.0
2024-01-15 11:00:00+09:00,3100.0,3105.0,3095.0,3100.0,3069,0.0,0.0
2024-01-15 12:00:00+09:00,3095.0,3105.0,3090.0,3105.0,4187,0.0,0.0
2024-01-15 13:00:00+09:00,3105.0,3105.0,3085.0,3095.0,6527,0.0,0.0
2024-01-15 14:00:00+09:00,3095.0,3100.0,3090.0,3100.0,3588,0.0,0.0
2024-01-16 09:00:00+09:00,3100.0,3105.0,3080.0,3085.0,11546,0.0,0.0
2024-01-16 10:00:00+09:00,3080.0,3095.0,3080.0,3080.0,8949,0.0,0.0
2024-01-16 11:00:00+09:00,3095.0,3100.0,3090.0,3090.0,3510,0.0,0.0
2024-01-16 12:00:00+09:00,3090.0,3090.0,3080.0,3090.0,4657,0.0,0.0
2024-01-16 13:00:00+09:00,3085.0,3090.0,3065.0,3070.0,3393,0.0,0.0
2024-01-16 14:00:00+09:00,3070.0,3085.0,3055.0,3070.0,5736,0.0,0.0
2024-01-17 09:00:00+09:00,3050.0,3080.0,3000.0,3035.0,30143,0.0,0.0
2024-01-17 10:00:00+09:00,3035.0,3035.0,2990.0,3000.0,9813,0.0,0.0
2024-01-17 11:00:00+09:00,3000.0,3000.0,2970.0,2990.0,9210,0.0,0.0
2024-01-17 12:00:00+09:00,2990.0,2990.0,2955.0,2965.0,15783,0.0,0.0
2024-01-17 13:00:00+09:00,2965.0,2980.0,2940.0,2960.0,9270,0.0,0.0
2024-01-17 14:00:00+09:00,2980.0,2990.0,2930.0,2975.0,17424,0.0,0.0
2024-01-18 09:00:00+09:00,3015.0,3150.0,3005.0,3025.0,84576,0.0,0.0
2024-01-18 10:00:00+09:00,3025.0,3030.0,3010.0,3025.0,18156,0.0,0.0
2024-01-18 11:00:00+09:00,3015.0,3020.0,3005.0,3005.0,4265,0.0,0.0
2024-01-18 12:00:00+09:00,3005.0,3010.0,3000.0,3000.0,2805,0.0,0.0
2024-01-18 13:00:00+09:00,3005.0,3010.0,2990.0,3000.0,14737,0.0,0.0
2024-01-18 14:00:00+09:00,3000.0,3000.0,2985.0,2995.0,5836,0.0,0.0
2024-01-19 09:00:00+09:00,2980.0,3040.0,2980.0,3025.0,10796,0.0,0.0
2024-01-19 10:00:00+09:00,3030.0,3030.0,3000.0,3025.0,6550,0.0,0.0
2024-01-19 11:00:00+09:00,3010.0,3025.0,3010.0,3010.0,4996,0.0,0.0
2024-01-19 12:00:00+09:00,3010.0,3015.0,3005.0,3010.0,3349,0.0,0.0
2024-01-19 13:00:00+09:00,3005.0,3010.0,3000.0,3010.0,6578,0.0,0.0
2024-01-19 14:00:00+09:00,3005.0,3015.0,2995.0,3010.0,8755,0.0,0.0
2024-01-22 09:00:00+09:00,3040.0,3040.0,2975.0,2995.0,0,0.0,0.0
2024-01-22 10:00:00+09:00,3000.0,3000.0,2975.0,2980.0,10383,0.0,0.0
2024-01-22 11:00:00+09:00,2980.0,2980.0,2975.0,2980.0,4736,0.0,0.0
2024-01-22 12:00:00+09:00,2980.0,2985.0,2975.0,2980.0,8339,0.0,0.0
2024-01-22 13:00:00+09:00,2985.0,2995.0,2980.0,2985.0,4215,0.0,0.0
2024-01-22 14:00:00+09:00,2980.0,2990.0,2980.0,2980.0,8176,0.0,0.0
2024-01-23 09:00:00+09:00,2975.0,2995.0,2950.0,2965.0,5263,0.0,0.0
2024-01-23 10:00:00+09:00,2965.0,2980.0,2960.0,2965.0,2493,0.0,0.0
2024-01-23 11:00:00+09:00,2965.0,2980.0,2960.0,2980.0,6794,0.0,0.0
2024-01-23 12:00:00+09:00,2975.0,2980.0,2965.0,2970.0,1161,0.0,0.0
2024-01-23 13:00:00+09:00,2970.0,2970.0,2950.0,2960.0,7514,0.0,0.0
2024-01-23 14:00:00+09:00,2960.0,2960.0,2950.0,2950.0,10396,0.0,0.0
2024-01-24 09:00:00+09:00,2970.0,2970.0,2900.0,2920.0,18024,0.0,0.0
2024-01-24 10:00:00+09:00,2915.0,2915.0,2900.0,2910.0,5223,0.0,0.0
2024-01-24 11:00:00+09:00,2910.0,2910.0,2900.0,2910.0,5604,0.0,0.0
2024-01-24 12:00:00+09:00,2910.0,2920.0,2905.0,2915.0,856,0.0,0.0
2024-01-24 13:00:00+09:00,2910.0,2915.0,2905.0,2910.0,7367,0.0,0.0
2024-01-24 14:00:00+09:00,2910.0,2930.0,2910.0,2925.0,4537,0.0,0.0
2024-01-25 09:00:00+09:00,2935.0,2935.0,2895.0,2900.0,10580,0.0,0.0
2024-01-25 10:00:00+09:00,2895.0,2900.0,2850.0,2895.0,45732,0.0,0.0
2024-01-25 11:00:00+09:00,2895.0,2895.0,2880.0,2895.0,7507,0.0,0.0
2024-01-25 12:00:00+09:00,2895.0,2895.0,2875.0,2895.0,10791,0.0,0.0
2024-01-25 13:00:00+09:00,2895.0,2895.0,2880.0,2895.0,3754,0.0,0.0
2024-01-25 14:00:00+09:00,2895.0,2895.0,2870.0,2890.0,8844,0.0,0.0
2024-01-26 09:00:00+09:00,2895.0,2915.0,2895.0,2915.0,6920,0.0,0.0
2024-01-26 10:00:00+09:00,2920.0,2920.0,2915.0,2915.0,69,0.0,0.0
2024-01-26 11:00:00+09:00,2915.0,2920.0,2910.0,2915.0,1182,0.0,0.0
2024-01-26 12:00:00+09:00,2920.0,2920.0,2900.0,2910.0,6715,0.0,0.0
2024-01-26 13:00:00+09:00,2905.0,2915.0,2900.0,2915.0,6395,0.0,0.0
2024-01-26 14:00:00+09:00,2905.0,2915.0,2900.0,2905.0,2251,0.0,0.0
2024-01-29 09:00:00+09:00,2895.0,2925.0,2865.0,2885.0,0,0.0,0.0
2024-01-29 10:00:00+09:00,2885.0,2905.0,2885.0,2905.0,15952,0.0,0.0
2024-01-29 11:00:00+09:00,2915.0,2915.0,2870.0,2880.0,17026,0.0,0.0
2024-01-29 12:00:00+09:00,2885.0,2890.0,2865.0,2890.0,18932,0.0,0.0
2024-01-29 13:00:00+09:00,2890.0,2890.0,2835.0,2870.0,24973,0.0,0.0
2024-01-29 14:00:00+09:00,2875.0,2875.0,2860.0,2870.0,5899,0.0,0.0
2024-01-30 09:00:00+09:00,2870.0,2920.0,2870.0,2910.0,12508,0.0,0.0
2024-01-30 10:00:00+09:00,2915.0,2915.0,2905.0,2905.0,8421,0.0,0.0
2024-01-30 11:00:00+09:00,2915.0,2915.0,2900.0,2900.0,5734,0.0,0.0
2024-01-30 12:00:00+09:00,2900.0,2900.0,2875.0,2880.0,18549,0.0,0.0
2024-01-30 13:00:00+09:00,2880.0,2900.0,2880.0,2900.0,2815,0.0,0.0
2024-01-30 14:00:00+09:00,2895.0,2900.0,2895.0,2895.0,1451,0.0,0.0
2024-01-31 09:00:00+09:00,2880.0,2905.0,2880.0,2890.0,6059,0.0,0.0
2024-01-31 10:00:00+09:00,2885.0,2900.0,2880.0,2885.0,2493,0.0,0.0
2024-01-31 11:00:00+09:00,2885.0,2895.0,2885.0,2890.0,53,0.0,0.0
2024-01-31 12:00:00+09:00,2885.0,2885.0,2800.0,2860.0,37483,0.0,0.0
2024-01-31 13:00:00+09:00,2865.0,2875.0,2860.0,2870.0,3082,0.0,0.0
2024-01-31 14:00:00+09:00,2870.0,2870.0,2835.0,2855.0,20469,0.0,0.0
2024-02-01 09:00:00+09:00,2860.0,2930.0,2850.0,2930.0,36583,0.0,0.0
2024-02-01 10:00:00+09:00,2925.0,2960.0,2920.0,2935.0,40780,0.0,0.0
2024-02-01 11:00:00+09:00,2930.0,2965.0,2920.0,2950.0,26874,0.0,0.0
2024-02-01 12:00:00+09:00,2950.0,2960.0,2940.0,2955.0,3870,0.0,0.0
2024-02-01 13:00:00+09:00,2960.0,2960.0,2945.0,2960.0,1330,0.0,0.0
2024-02-01 14:00:00+09:00,2960.0,2965.0,2950.0,2965.0,7143,0.0,0.0
2024-02-02 09:00:00+09:00,2970.0,2995.0,2960.0,2975.0,13405,0.0,0.0
2024-02-02 10:00:00+09:00,2975.0,3000.0,2970.0,2980.0,12707,0.0,0.0
2024-02-02 11:00:00+09:00,2985.0,3010.0,2985.0,3005.0,12131,0.0,0.0
2024-02-02 12:00:00+09:00,3005.0,3005.0,2990.0,2990.0,2111,0.0,0.0
2024-02-02 13:00:00+09:00,2995.0,2995.0,2975.0,2995.0,17908,0.0,0.0
2024-02-02 14:00:00+09:00,2995.0,3000.0,2985.0,3000.0,14740,0.0,0.0
2024-02-05 09:00:00+09:00,3005.0,3005.0,2955.0,2990.0,0,0.0,0.0
2024-02-05 10:00:00+09:00,2995.0,3005.0,2985.0,2995.0,6213,0.0,0.0
2024-02-05 11:00:00+09:00,2995.0,3000.0,2995.0,3000.0,5647,0.0,0.0
2024-02-05 12:00:00+09:00,3000.0,3025.0,3000.0,3020.0,11530,0.0,0.0
2024-02-05 13:00:00+09:00,3015.0,3080.0,3005.0,3080.0,41816,0.0,0.0
2024-02-05 14:00:00+09:00,3080.0,3085.0,3070.0,3075.0,21059,0.0,0.0
2024-02-06 09:00:00+09:00,3095.0,3105.0,3050.0,3065.0,31983,0.0,0.0
2024-02-06 10:00:00+09:00,3065.0,3080.0,3055.0,3055.0,3839,0.0,0.0
2024-02-06 11:00:00+09:00,3055.0,3065.0,3050.0,3050.0,10150,0.0,0.0
2024-02-06 12:00:00+09:00,3050.0,3065.0,3040.0,3055.0,11285,0.0,0.0
2024-02-06 13:00:00+09:00,3055.0,3055.0,3040.0,3050.0,16500,0.0,0.0
2024-02-06 14:00:00+09:00,3045.0,3045.0,2990.0,3030.0,40187,0.0,0.0
2024-02-07 09:00:00+09:00,3025.0,3055.0,3005.0,3010.0,23971,0.0,0.0
2024-02-07 10:00:00+09:00,3020.0,3025.0,3010.0,3025.0,3812,0.0,0.0
2024-02-07 11:00:00+09:00,3025.0,3045.0,3020.0,3045.0,11612,0.0,0.0
2024-02-07 12:00:00+09:00,3045.0,3060.0,3020.0,3050.0,13383,0.0,0.0
2024-02-07 13:00:00+09:00,3035.0,3045.0,3035.0,3040.0,1729,0.0,0.0
2024-02-07 14:00:00+09:00,3035.0,3050.0,3010.0,3050.0,43813,0.0,0.0
2024-02-08 09:00:00+09:00,3100.0,3160.0,3065.0,3115.0,156548,0.0,0.0
2024-02-08 10:00:00+09:00,3120.0,3130.0,3115.0,3125.0,8722,0.0,0.0
2024-02-08 11:00:00+09:00,3115.0,3125.0,3100.0,3110.0,16743,0.0,0.0
2024-02-08 12:00:00+09:00,3110.0,3120.0,3090.0,3090.0,5205,0.0,0.0
2024-02-08 13:00:00+09:00,3090.0,3100.0,3085.0,3100.0,8290,0.0,0.0
2024-02-08 14:00:00+09:00,3085.0,3100.0,3075.0,3085.0,21864,0.0,0.0
2024-02-13 09:00:00+09:00,3085.0,3100.0,3055.0,3060.0,0,0.0,0.0
2024-02-13 10:00:00+09:00,3065.0,3075.0,3060.0,3065.0,17240,0.0,0.0
2024-02-13 11:00:00+09:00,3065.0,3070.0,3055.0,3060.0,12954,0.0,0.0
2024-02-13 12:00:00+09:00,3060.0,3075.0,3060.0,3070.0,8470,0.0,0.0
2024-02-13 13:00:00+09:00,3070.0,3075.0,3065.0,3065.0,4284,0.0,0.0
2024-02-13 14:00:00+09:00,3065.0,3070.0,3060.0,3065.0,2934,0.0,0.0
2024-02-14 09:00:00+09:00,3065.0,3075.0,3030.0,3035.0,17621,0.0,0.0
2024-02-14 10:00:00+09:00,3035.0,3075.0,3030.0,3075.0,16565,0.0,0.0
2024-02-14 11:00:00+09:00,3075.0,3075.0,3060.0,3075.0,8159,0.0,0.0
2024-02-14 12:00:00+09:00,3075.0,3085.0,3070.0,3080.0,6757,0.0,0.0
2024-02-14 13:00:00+09:00,3080.0,3085.0,3075.0,3080.0,9097,0.0,0.0
2024-02-14 14:00:00+09:00,3085.0,3085.0,3070.0,3075.0,11306,0.0,0.0
2024-02-15 09:00:00+09:00,3080.0,3105.0,3070.0,3105.0,26497,0.0,0.0
2024-02-15 10:00:00+09:00,3105.0,3125.0,3100.0,3120.0,22250,0.0,0.0
2024-02-15 11:00:00+09:00,3120.0,3135.0,3110.0,3130.0,14276,0.0,0.0
2024-02-15 12:00:00+09:00,3130.0,3130.0,3110.0,3120.0,11527,0.0,0.0
2024-02-15 13:00:00+09:00,3120.0,3120.0,3110.0,3120.0,10011,0.0,0.0
2024-02-15 14:00:00+09:00,3120.0,3125.0,3080.0,3105.0,64740,0.0,0.0
2024-02-16 09:00:00+09:00,3115.0,3115.0,3070.0,3100.0,54693,0.0,0.0
2024-02-16 10:00:00+09:00,3100.0,3100.0,3080.0,3095.0,3387,0.0,0.0
2024-02-16 11:00:00+09:00,3090.0,3095.0,3080.0,3085.0,1798,0.0,0.0
2024-02-16 12:00:00+09:00,3085.0,3095.0,3080.0,3080.0,4169,0.0,0.0
2024-02-16 13:00:00+09:00,3090.0,3090.0,3080.0,3090.0,1301,0.0,0.0
2024-02-16 14:00:00+09:00,3090.0,3090.0,3070.0,3080.0,26271,0.0,0.0
2024-02-19 09:00:00+09:00,3080.0,3095.0,3065.0,3080.0,0,0.0,0.0
2024-02-19 10:00:00+09:00,3085.0,3090.0,3075.0,3085.0,1838,0.0,0.0
2024-02-19 11:00:00+09:00,3085.0,3085.0,3075.0,3080.0,3820,0.0,0.0
2024-02-19 12:00:00+09:00,3080.0,3085.0,3075.0,3085.0,2373,0.0,0.0
2024-02-19 13:00:00+09:00,3080.0,3085.0,3075.0,3075.0,10284,0.0,0.0
2024-02-19 14:00:00+09:00,3075.0,3105.0,3075.0,3105.0,21835,0.0,0.0
2024-02-20 09:00:00+09:00,3095.0,3110.0,3080.0,3080.0,31881,0.0,0.0
2024-02-20 10:00:00+09:00,3090.0,3100.0,3085.0,3095.0,6543,0.0,0.0
2024-02-20 11:00:00+09:00,3095.0,3095.0,3090.0,3090.0,2899,0.0,0.0
2024-02-20 12:00:00+09:00,3090.0,3095.0,3085.0,3085.0,7156,0.0,0.0
2024-02-20 13:00:00+09:00,3090.0,3090.0,3075.0,3080.0,15314,0.0,0.0
2024-02-20 14:00:00+09:00,3070.0,3080.0,3070.0,3080.0,10764,0.0,0.0
2024-02-21 09:00:00+09:00,3075.0,3090.0,3055.0,3060.0,34816,0.0,0.0
2024-02-21 10:00:00+09:00,3070.0,3075.0,3060.0,3060.0,4672,0.0,0.0
2024-02-21 11:00:00+09:00,3060.0,3060.0,3040.0,3055.0,23543,0.0,0.0
2024-02-21 12:00:00+09:00,3055.0,3055.0,3045.0,3050.0,11741,0.0,0.0
2024-02-21 13:00:00+09:00,3050.0,3060.0,3045.0,3055.0,4570,0.0,0.0
2024-02-21 14:00:00+09:00,3060.0,3060.0,3035.0,3040.0,15462,0.0,0.0
2024-02-22 09:00:00+09:00,3050.0,3060.0,3030.0,3045.0,9631,0.0,0.0
2024-02-22 10:00:00+09:00,3045.0,3045.0,3030.0,3030.0,6595,0.0,0.0
2024-02-22 11:00:00+09:00,3030.0,3035.0,3015.0,3030.0,11481,0.0,0.0
2024-02-22 12:00:00+09:00,3025.0,3035.0,3020.0,3025.0,1032,0.0,0.0
2024-02-22 13:00:00+09:00,3020.0,3045.0,3020.0,3035.0,7497,0.0,0.0
2024-02-22 14:00:00+09:00,3030.0,3040.0,3030.0,3040.0,2966,0.0,0.0
2024-02-23 09:00:00+09:00,3030.0,3055.0,3005.0,3020.0,21562,0.0,0.0
2024-02-23 10:00:00+09:00,3020.0,3020.0,3005.0,3010.0,2913,0.0,0.0
2024-02-23 11:00:00+09:00,3005.0,3020.0,3005.0,3015.0,1867,0.0,0.0
2024-02-23 12:00:00+09:00,3010.0,3015.0,2990.0,3000.0,16183,0.0,0.0
2024-02-23 13:00:00+09:00,2995.0,3010.0,2995.0,3000.0,6690,0.0,0.0
2024-02-23 14:00:00+09:00,3000.0,3005.0,3000.0,3005.0,2015,0.0,0.0
2024-02-26 09:00:00+09:00,3000.0,3015.0,2965.0,2965.0,0,0.0,0.0
2024-02-26 10:00:00+09:00,2970.0,2980.0,2955.0,2980.0,15464,0.0,0.0
2024-02-26 11:00:00+09:00,2980.0,2980.0,2965.0,2975.0,4254,0.0,0.0
2024-02-26 12:00:00+09:00,2975.0,2980.0,2965.0,2970.0,10228,0.0,0.0
2024-02-26 13:00:00+09:00,2970.0,2975.0,2965.0,2975.0,2082,0.0,0.0
2024-02-26 14:00:00+09:00,2970.0,3000.0,2960.0,2965.0,34998,0.0,0.0
2024-02-27 09:00:00+09:00,2985.0,2990.0,2940.0,2960.0,37214,0.0,0.0
2024-02-27 10:00:00+09:00,2960.0,2970.0,2950.0,2950.0,6031,0.0,0.0
2024-02-27 11:00:00+09:00,2955.0,2960.0,2930.0,2950.0,16494,0.0,0.0
2024-02-27 12:00:00+09:00,2950.0,2950.0,2940.0,2945.0,4597,0.0,0.0
2024-02-27 13:00:00+09:00,2940.0,2940.0,2920.0,2930.0,14840,0.0,0.0
2024-02-27 14:00:00+09:00,2930.0,2940.0,2925.0,2935.0,13366,0.0,0.0
2024-02-28 09:00:00+09:00,2925.0,2955.0,2920.0,2950.0,24963,0.0,0.0
2024-02-28 10:00:00+09:00,2940.0,2955.0,2930.0,2940.0,8377,0.0,0.0
2024-02-28 11:00:00+09:00,2955.0,2955.0,2940.0,2940.0,1923,0.0,0.0
2024-02-28 12:00:00+09:00,2940.0,2950.0,2935.0,2950.0,2233,0.0,0.0
2024-02-28 13:00:00+09:00,2950.0,2965.0,2945.0,2955.0,2732,0.0,0.0
2024-02-28 14:00:00+09:00,2960.0,2965.0,2950.0,2965.0,3455,0.0,0.0
2024-02-29 09:00:00+09:00,2960.0,3000.0,2950.0,2985.0,43205,0.0,0.0
2024-02-29 10:00:00+09:00,2985.0,3000.0,2985.0,2995.0,5367,0.0,0.0
2024-02-29 11:00:00+09:00,2995.0,2995.0,2985.0,2990.0,4345,0.0,0.0
2024-02-29 12:00:00+09:00,2985.0,2995.0,2960.0,2975.0,15223,0.0,0.0
2024-02-29 13:00:00+09:00,2970.0,2970.0,2960.0,2965.0,12366,0.0,0.0
2024-02-29 14:00:00+09:00,2960.0,2965.0,2945.0,2955.0,12870,0.0,0.0
2024-03-04 09:00:00+09:00,2970.0,2970.0,2940.0,2945.0,0,0.0,0.0
2024-03-04 10:00:00+09:00,2940.0,2945.0,2935.0,2935.0,9473,0.0,0.0
2024-03-04 11:00:00+09:00,2935.0,2940.0,2935.0,2940.0,2731,0.0,0.0
2024-03-04 12:00:00+09:00,2940.0,2940.0,2930.0,2940.0,9363,0.0,0.0
2024-03-04 13:00:00+09:00,2930.0,2940.0,2925.0,2935.0,13730,0.0,0.0
2024-03-04 14:00:00+09:00,2935.0,2940.0,2930.0,2930.0,2023,0.0,0.0
2024-03-05 09:00:00+09:00,2955.0,2955.0,2880.0,2905.0,42901,0.0,0.0
2024-03-05 10:00:00+09:00,2905.0,2910.0,2900.0,2900.0,8321,0.0,0.0
2024-03-05 11:00:00+09:00,2900.0,2910.0,2895.0,2900.0,4912,0.0,0.0
2024-03-05 12:00:00+09:00,2900.0,2905.0,2895.0,2900.0,5836,0.0,0.0
2024-03-05 13:00:00+09:00,2900.0,2905.0,2885.0,2885.0,16222,0.0,0.0
2024-03-05 14:00:00+09:00,2885.0,2895.0,2885.0,2895.0,9970,0.0,0.0
2024-03-06 09:00:00+09:00,2880.0,2890.0,2875.0,2880.0,6418,0.0,0.0
2024-03-06 10:00:00+09:00,2890.0,2900.0,2885.0,2885.0,7493,0.0,0.0
2024-03-06 11:00:00+09:00,2885.0,2895.0,2880.0,2890.0,16124,0.0,0.0
2024-03-06 12:00:00+09:00,2880.0,2890.0,2880.0,2880.0,9451,0.0,0.0
2024-03-06 13:00:00+09:00,2880.0,2890.0,2875.0,2875.0,9374,0.0,0.0
2024-03-06 14:00:00+09:00,2875.0,2880.0,2860.0,2880.0,7418,0.0,0.0
2024-03-07 09:00:00+09:00,2880.0,2910.0,2865.0,2870.0,12473,0.0,0.0
2024-03-07 10:00:00+09:00,2880.0,2890.0,2865.0,2885.0,4464,0.0,0.0
2024-03-07 11:00:00+09:00,2890.0,2895.0,2885.0,2885.0,3223,0.0,0.0
2024-03-07 12:00:00+09:00,2890.0,2890.0,2880.0,2885.0,1989,0.0,0.0
2024-03-07 13:00:00+09:00,2880.0,2885.0,2875.0,2885.0,6976,0.0,0.0
2024-03-07 14:00:00+09:00,2885.0,2890.0,2885.0,2890.0,9995,0.0,0.0
2024-03-08 09:00:00+09:00,2885.0,2890.0,2860.0,2870.0,10745,0.0,0.0
2024-03-08 10:00:00+09:00,2875.0,2900.0,2870.0,2895.0,9431,0.0,0.0
2024-03-08 11:00:00+09:00,2890.0,2900.0,2880.0,2885.0,4454,0.0,0.0
2024-03-08 12:00:00+09:00,2885.0,2890.0,2880.0,2890.0,5081,0.0,0.0
2024-03-08 13:00:00+09:00,2890.0,2905.0,2890.0,2895.0,7843,0.0,0.0
2024-03-08 14:00:00+09:00,2900.0,2900.0,2880.0,2900.0,5006,0.0,0.0
2024-03-11 09:00:00+09:00,2900.0,2965.0,2875.0,2965.0,0,0.0,0.0
2024-03-11 10:00:00+09:00,2965.0,2980.0,2960.0,2980.0,16269,0.0,0.0
2024-03-11 11:00:00+09:00,2980.0,3025.0,2980.0,3010.0,49466,0.0,0.0
2024-03-11 12:00:00+09:00,3015.0,3040.0,3005.0,3040.0,24295,0.0,0.0
2024-03-11 13:00:00+09:00,3035.0,3040.0,3015.0,3035.0,13997,0.0,0.0
2024-03-11 14:00:00+09:00,3030.0,3060.0,3025.0,3050.0,32804,0.0,0.0
2024-03-12 09:00:00+09:00,3065.0,3065.0,3035.0,3050.0,18113,0.0,0.0
2024-03-12 10:00:00+09:00,3045.0,3050.0,3020.0,3040.0,24698,0.0,0.0
2024-03-12 11:00:00+09:00,3040.0,3040.0,3015.0,3020.0,13719,0.0,0.0
2024-03-12 12:00:00+09:00,3025.0,3025.0,3010.0,3015.0,18181,0.0,0.0
2024-03-12 13:00:00+09:00,3015.0,3015.0,3010.0,3015.0,9456,0.0,0.0
2024-03-12 14:00:00+09:00,3015.0,3030.0,3000.0,3005.0,10431,0.0,0.0
2024-03-13 09:00:00+09:00,2990.0,3035.0,2980.0,3005.0,14451,0.0,0.0
2024-03-13 10:00:00+09:00,3005.0,3005.0,2980.0,2995.0,7150,0.0,0.0
2024-03-13 11:00:00+09:00,2995.0,3000.0,2990.0,2990.0,3201,0.0,0.0
2024-03-13 12:00:00+09:00,2990.0,2995.0,2975.0,2980.0,7561,0.0,0.0
2024-03-13 13:00:00+09:00,2980.0,2990.0,2970.0,2980.0,10623,0.0,0.0
2024-03-13 14:00:00+09:00,2980.0,2985.0,2975.0,2985.0,6131,0.0,0.0
2024-03-14 09:00:00+09:00,3005.0,3005.0,2950.0,2970.0,19196,0.0,0.0
2024-03-14 10:00:00+09:00,2965.0,2975.0,2960.0,2975.0,3047,0.0,0.0
2024-03-14 11:00:00+09:00,2965.0,2970.0,2955.0,2970.0,7168,0.0,0.0
2024-03-14 12:00:00+09:00,2970.0,2970.0,2960.0,2965.0,1535,0.0,0.0
2024-03-14 13:00:00+09:00,2970.0,2975.0,2960.0,2970.0,11215,0.0,0.0
2024-03-14 14:00:00+09:00,2965.0,2990.0,2955.0,2985.0,25927,0.0,0.0
2024-03-15 09:00:00+09:00,2985.0,3065.0,2985.0,3050.0,141138,0.0,0.0
2024-03-15 10:00:00+09:00,3050.0,3055.0,3035.0,3045.0,11228,0.0,0.0
2024-03-15 11:00:00+09:00,3050.0,3050.0,3035.0,3045.0,6270,0.0,0.0
2024-03-15 12:00:00+09:00,3040.0,3050.0,3035.0,3040.0,9220,0.0,0.0
2024-03-15 13:00:00+09:00,3040.0,3045.0,3030.0,3035.0,16446,0.0,0.0
2024-03-15 14:00:00+09:00,3040.0,3045.0,3035.0,3040.0,8638,0.0,0.0
2024-03-18 09:00:00+09:00,2960.0,2965.0,2930.0,2940.0,0,0.0,0.0
2024-03-18 10:00:00+09:00,2945.0,2945.0,2930.0,2940.0,19577,0.0,0.0
2024-03-18 11:00:00+09:00,2940.0,2955.0,2935.0,2940.0,3054,0.0,0.0
2024-03-18 12:00:00+09:00,2945.0,2945.0,2935.0,2935.0,6667,0.0,0.0
2024-03-18 13:00:00+09:00,2935.0,2945.0,2930.0,2930.0,2896,0.0,0.0
2024-03-18 14:00:00+09:00,2940.0,2940.0,2925.0,2930.0,11495,0.0,0.0
2024-03-19 09:00:00+09:00,2915.0,2950.0,2915.0,2945.0,30439,0.0,0.0
2024-03-19 10:00:00+09:00,2945.0,2950.0,2935.0,2945.0,26886,0.0,0.0
2024-03-19 11:00:00+09:00,2945.0,2955.0,2945.0,2955.0,5496,0.0,0.0
2024-03-19 12:00:00+09:00,2955.0,2955.0,2905.0,2950.0,15858,0.0,0.0
2024-03-19 13:00:00+09:00,2950.0,2950.0,2930.0,2940.0,26219,0.0,0.0
2024-03-19 14:00:00+09:00,2940.0,2955.0,2935.0,2950.0,28965,0.0,0.0
2024-03-20 09:00:00+09:00,2940.0,3030.0,2940.0,3030.0,74623,0.0,0.0
2024-03-20 10:00:00+09:00,3025.0,3060.0,3025.0,3035.0,75715,0.0,0.0
2024-03-20 11:00:00+09:00,3040.0,3050.0,3030.0,3040.0,15238,0.0,0.0
2024-03-20 12:00:00+09:00,3040.0,3055.0,3035.0,3055.0,10279,0.0,0.0
2024-03-20 13:00:00+09:00,3050.0,3060.0,3045.0,3060.0,15294,0.0,0.0
2024-03-20 14:00:00+09:00,3055.0,3070.0,3055.0,3065.0,33786,0.0,0.0
2024-03-21 09:00:00+09:00,3075.0,3125.0,3075.0,3110.0,55601,0.0,0.0
2024-03-21 10:00:00+09:00,3115.0,3135.0,3105.0,3120.0,36305,0.0,0.0
2024-03-21 11:00:00+09:00,3125.0,3130.0,3115.0,3125.0,16246,0.0,0.0
2024-03-21 12:00:00+09:00,3120.0,3125.0,3120.0,3120.0,5933,0.0,0.0
2024-03-21 13:00:00+09:00,3120.0,3140.0,3120.0,3135.0,34875,0.0,0.0
2024-03-21 14:00:00+09:00,3130.0,3140.0,3125.0,3130.0,8608,0.0,0.0
2024-03-22 09:00:00+09:00,3125.0,3165.0,3115.0,3155.0,34812,0.0,0.0
2024-03-22 10:00:00+09:00,3155.0,3175.0,3145.0,3175.0,27093,0.0,0.0
2024-03-22 11:00:00+09:00,3175.0,3215.0,3170.0,3205.0,79914,0.0,0.0
2024-03-22 12:00:00+09:00,3210.0,3215.0,3200.0,3205.0,21245,0.0,0.0
2024-03-22 13:00:00+09:00,3205.0,3210.0,3200.0,3205.0,11682,0.0,0.0
2024-03-22 14:00:00+09:00,3200.0,3205.0,3195.0,3195.0,16315,0.0,0.0
2024-03-25 09:00:00+09:00,3220.0,3225.0,3160.0,3210.0,0,0.0,0.0
2024-03-25 10:00:00+09:00,3210.0,3235.0,3210.0,3225.0,53611,0.0,0.0
2024-03-25 11:00:00+09:00,3225.0,3240.0,3220.0,3225.0,25230,0.0,0.0
2024-03-25 12:00:00+09:00,3230.0,3235.0,3220.0,3230.0,14254,0.0,0.0
2024-03-25 13:00:00+09:00,3230.0,3240.0,3215.0,3220.0,21876,0.0,0.0
2024-03-25 14:00:00+09:00,3230.0,3235.0,3220.0,3220.0,13095,0.0,0.0
2024-03-26 09:00:00+09:00,3210.0,3250.0,3210.0,3230.0,26958,0.0,0.0
2024-03-26 10:00:00+09:00,3230.0,3240.0,3230.0,3230.0,11647,0.0,0.0
2024-03-26 11:00:00+09:00,3240.0,3240.0,3225.0,3230.0,20763,0.0,0.0
2024-03-26 12:00:00+09:00,3230.0,3240.0,3225.0,3230.0,6535,0.0,0.0
2024-03-26 13:00:00+09:00,3225.0,3230.0,3210.0,3230.0,14580,0.0,0.0
2024-03-26 14:00:00+09:00,3230.0,3235.0,3220.0,3235.0,20441,0.0,0.0
2024-03-27 09:00:00+09:00,3235.0,3245.0,3215.0,3235.0,12826,0.0,0.0
2024-03-27 10:00:00+09:00,3230.0,3255.0,3230.0,3255.0,32246,0.0,0.0
2024-03-27 11:00:00+09:00,3255.0,3270.0,3250.0,3260.0,39535,0.0,0.0
2024-03-27 12:00:00+09:00,3260.0,3275.0,3260.0,3265.0,33003,0.0,0.0
2024-03-27 13:00:00+09:00,3260.0,3270.0,3260.0,3265.0,35813,0.0,0.0
2024-03-27 14:00:00+09:00,3265.0,3300.0,3260.0,3295.0,61319,0.0,0.0
2024-03-28 09:00:00+09:00,3300.0,3335.0,3290.0,3315.0,78223,0.0,0.0
2024-03-28 10:00:00+09:00,3320.0,3355.0,3315.0,3340.0,67967,0.0,0.0
2024-03-28 11:00:00+09:00,3340.0,3350.0,3315.0,3320.0,31721,0.0,0.0
2024-03-28 12:00:00+09:00,3320.0,3330.0,3315.0,3330.0,11752,0.0,0.0
2024-03-28 13:00:00+09:00,3330.0,3350.0,3320.0,3345.0,24796,0.0,0.0
2024-03-28 14:00:00+09:00,3345.0,3345.0,3315.0,3335.0,19718,0.0,0.0
2024-03-29 09:00:00+09:00,3340.0,3340.0,3250.0,3265.0,118812,0.0,0.0
2024-03-29 10:00:00+09:00,3265.0,3265.0,3225.0,3230.0,50396,0.0,0.0
2024-03-29 11:00:00+09:00,3230.0,3240.0,3205.0,3210.0,24261,0.0,0.0
2024-03-29 12:00:00+09:00,3210.0,3225.0,3210.0,3215.0,15700,0.0,0.0
2024-03-29 13:00:00+09:00,3220.0,3225.0,3200.0,3205.0,23223,0.0,0.0
2024-03-29 14:00:00+09:00,3200.0,3215.0,3200.0,3210.0,9224,0.0,0.0
2024-04-01 09:00:00+09:00,3225.0,3230.0,3170.0,3225.0,0,0.0,0.0
2024-04-01 10:00:00+09:00,3215.0,3220.0,3200.0,3220.0,10094,0.0,0.0
2024-04-01 11:00:00+09:00,3225.0,3250.0,3225.0,3240.0,17071,0.0,0.0
2024-04-01 12:00:00+09:00,3245.0,3250.0,3235.0,3235.0,3961,0.0,0.0
2024-04-01 13:00:00+09:00,3235.0,3265.0,3235.0,3260.0,29409,0.0,0.0
2024-04-01 14:00:00+09:00,3260.0,3280.0,3260.0,3270.0,45992,0.0,0.0
2024-04-02 09:00:00+09:00,3260.0,3285.0,3260.0,3280.0,13518,0.0,0.0
2024-04-02 10:00:00+09:00,3265.0,3340.0,3265.0,3325.0,81269,0.0,0.0
2024-04-02 11:00:00+09:00,3330.0,3345.0,3325.0,3325.0,34702,0.0,0.0
2024-04-02 12:00:00+09:00,3325.0,3325.0,3310.0,3320.0,13920,0.0,0.0
2024-04-02 13:00:00+09:00,3320.0,3320.0,3310.0,3320.0,11466,0.0,0.0
2024-04-02 14:00:00+09:00,3320.0,3320.0,3305.0,3315.0,12658,0.0,0.0
2024-04-03 09:00:00+09:00,3310.0,3330.0,3300.0,3320.0,31489,0.0,0.0
2024-04-03 10:00:00+09:00,3315.0,3340.0,3300.0,3300.0,83958,0.0,0.0
2024-04-03 11:00:00+09:00,3300.0,3310.0,3285.0,3300.0,16306,0.0,0.0
2024-04-03 12:00:00+09:00,3290.0,3310.0,3285.0,3290.0,7116,0.0,0.0
2024-04-03 13:00:00+09:00,3305.0,3305.0,3280.0,3280.0,17715,0.0,0.0
2024-04-03 14:00:00+09:00,3275.0,3285.0,3245.0,3270.0,31572,0.0,0.0
2024-04-04 09:00:00+09:00,3255.0,3260.0,3215.0,3245.0,34064,0.0,0.0
2024-04-04 10:00:00+09:00,3245.0,3265.0,3240.0,3245.0,12054,0.0,0.0
2024-04-04 11:00:00+09:00,3245.0,3265.0,3245.0,3250.0,25307,0.0,0.0
2024-04-04 12:00:00+09:00,3245.0,3255.0,3240.0,3245.0,9686,0.0,0.0
2024-04-04 13:00:00+09:00,3245.0,3260.0,3240.0,3245.0,28812,0.0,0.0
2024-04-04 14:00:00+09:00,3240.0,3260.0,3240.0,3245.0,9197,0.0,0.0
2024-04-05 09:00:00+09:00,3195.0,3235.0,3195.0,3230.0,10265,0.0,0.0
2024-04-05 10:00:00+09:00,3230.0,3230.0,3195.0,3195.0,12188,0.0,0.0
2024-04-05 11:00:00+09:00,3195.0,3205.0,3195.0,3200.0,2168,0.0,0.0
2024-04-05 12:00:00+09:00,3195.0,3210.0,3195.0,3200.0,5796,0.0,0.0
2024-04-05 13:00:00+09:00,3200.0,3210.0,3200.0,3205.0,3199,0.0,0.0
2024-04-05 14:00:00+09:00,3200.0,3200.0,3185.0,3195.0,16370,0.0,0.0
2024-04-08 09:00:00+09:00,3180.0,3180.0,3115.0,3130.0,0,0.0,0.0
2024-04-08 10:00:00+09:00,3130.0,3140.0,3115.0,3125.0,14720,0.0,0.0
2024-04-08 11:00:00+09:00,3115.0,3120.0,3100.0,3115.0,20616,0.0,0.0
2024-04-08 12:00:00+09:00,3115.0,3145.0,3110.0,3130.0,29441,0.0,0.0
2024-04-08 13:00:00+09:00,3125.0,3135.0,3100.0,3105.0,35510,0.0,0.0
2024-04-08 14:00:00+09:00,3105.0,3110.0,3065.0,3095.0,87076,0.0,0.0
2024-04-09 09:00:00+09:00,3095.0,3135.0,3095.0,3135.0,11181,0.0,0.0
2024-04-09 10:00:00+09:00,3135.0,3135.0,3105.0,3115.0,4747,0.0,0.0
2024-04-09 11:00:00+09:00,3110.0,3115.0,3095.0,3100.0,8813,0.0,0.0
2024-04-09 12:00:00+09:00,3105.0,3105.0,3095.0,3100.0,4627,0.0,0.0
2024-04-09 13:00:00+09:00,3095.0,3105.0,3080.0,3095.0,17205,0.0,0.0
2024-04-09 14:00:00+09:00,3085.0,3090.0,3065.0,3080.0,20492,0.0,0.0
2024-04-11 09:00:00+09:00,3060.0,3060.0,3015.0,3055.0,0,0.0,0.0
2024-04-11 10:00:00+09:00,3055.0,3055.0,3035.0,3045.0,1458,0.0,0.0
2024-04-11 11:00:00+09:00,3040.0,3040.0,3025.0,3035.0,4230,0.0,0.0
2024-04-11 12:00:00+09:00,3035.0,3075.0,3020.0,3070.0,22491,0.0,0.0
2024-04-11 13:00:00+09:00,3070.0,3085.0,3065.0,3065.0,16582,0.0,0.0
2024-04-11 14:00:00+09:00,3065.0,3075.0,3065.0,3075.0,5192,0.0,0.0
2024-04-12 09:00:00+09:00,3075.0,3080.0,3045.0,3075.0,8384,0.0,0.0
2024-04-12 10:00:00+09:00,3075.0,3075.0,3030.0,3045.0,8943,0.0,0.0
2024-04-12 11:00:00+09:00,3045.0,3045.0,3040.0,3045.0,2026,0.0,0.0
2024-04-12 12:00:00+09:00,3050.0,3070.0,3045.0,3045.0,11161,0.0,0.0
2024-04-12 13:00:00+09:00,3045.0,3055.0,3035.0,3040.0,8537,0.0,0.0
2024-04-12 14:00:00+09:00,3050.0,3050.0,3020.0,3040.0,19436,0.0,0.0
2024-04-15 09:00:00+09:00,3020.0,3025.0,2970.0,3025.0,0,0.0,0.0
2024-04-15 10:00:00+09:00,3025.0,3025.0,2975.0,3015.0,10007,0.0,0.0
2024-04-15 11:00:00+09:00,3015.0,3015.0,2985.0,2990.0,14319,0.0,0.0
2024-04-15 12:00:00+09:00,3000.0,3010.0,2995.0,3005.0,5307,0.0,0.0
2024-04-15 13:00:00+09:00,3005.0,3030.0,2990.0,3020.0,15550,0.0,0.0
2024-04-15 14:00:00+09:00,3010.0,3045.0,3010.0,3040.0,19386,0.0,0.0
2024-04-16 09:00:00+09:00,3050.0,3050.0,2980.0,3020.0,15988,0.0,0.0
2024-04-16 10:00:00+09:00,3020.0,3020.0,2960.0,2965.0,38845,0.0,0.0
2024-04-16 11:00:00+09:00,2970.0,3000.0,2965.0,3000.0,9975,0.0,0.0
2024-04-16 12:00:00+09:00,3000.0,3000.0,2970.0,2975.0,12557,0.0,0.0
2024-04-16 13:00:00+09:00,2980.0,3015.0,2975.0,2995.0,25370,0.0,0.0
2024-04-16 14:00:00+09:00,2995.0,3000.0,2965.0,2975.0,15672,0.0,0.0
2024-04-17 09:00:00+09:00,2975.0,3015.0,2975.0,3015.0,14589,0.0,0.0
2024-04-17 10:00:00+09:00,3015.0,3015.0,2990.0,3005.0,5380,0.0,0.0
2024-04-17 11:00:00+09:00,2995.0,3005.0,2995.0,2995.0,1667,0.0,0.0
2024-04-17 12:00:00+09:00,3000.0,3005.0,2990.0,3000.0,4911,0.0,0.0
2024-04-17 13:00:00+09:00,3000.0,3010.0,2990.0,3010.0,4590,0.0,0.0
2024-04-17 14:00:00+09:00,3005.0,3030.0,3005.0,3025.0,11278,0.0,0.0
2024-04-18 09:00:00+09:00,3035.0,3070.0,3030.0,3060.0,12036,0.0,0.0
2024-04-18 10:00:00+09:00,3060.0,3075.0,3060.0,3070.0,14388,0.0,0.0
2024-04-18 11:00:00+09:00,3075.0,3105.0,3070.0,3105.0,14111,0.0,0.0
2024-04-18 12:00:00+09:00,3105.0,3140.0,3095.0,3135.0,48894,0.0,0.0
2024-04-18 13:00:00+09:00,3135.0,3155.0,3130.0,3130.0,54585,0.0,0.0
2024-04-18 14:00:00+09:00,3130.0,3150.0,3130.0,3140.0,30778,0.0,0.0
2024-04-19 09:00:00+09:00,3130.0,3140.0,3095.0,3115.0,7522,0.0,0.0
2024-04-19 10:00:00+09:00,3115.0,3115.0,3085.0,3105.0,12409,0.0,0.0
2024-04-19 11:00:00+09:00,3095.0,3095.0,3045.0,3065.0,27079,0.0,0.0
2024-04-19 12:00:00+09:00,3065.0,3080.0,3060.0,3080.0,11180,0.0,0.0
2024-04-19 13:00:00+09:00,3080.0,3085.0,3075.0,3075.0,2383,0.0,0.0
2024-04-19 14:00:00+09:00,3085.0,3110.0,3080.0,3110.0,14451,0.0,0.0
2024-04-22 09:00:00+09:00,3115.0,3165.0,3105.0,3150.0,0,0.0,0.0
2024-04-22 10:00:00+09:00,3145.0,3155.0,3140.0,3150.0,2867,0.0,0.0
2024-04-22 11:00:00+09:00,3150.0,3165.0,3140.0,3155.0,13310,0.0,0.0
2024-04-22 12:00:00+09:00,3165.0,3180.0,3155.0,3175.0,7935,0.0,0.0
2024-04-22 13:00:00+09:00,3175.0,3185.0,3165.0,3165.0,1768,0.0,0.0
2024-04-22 14:00:00+09:00,3165.0,3170.0,3155.0,3160.0,2171,0.0,0.0
2024-04-23 09:00:00+09:00,3150.0,3260.0,3135.0,3200.0,47532,0.0,0.0
2024-04-23 10:00:00+09:00,3200.0,3215.0,3175.0,3180.0,41829,0.0,0.0
2024-04-23 11:00:00+09:00,3185.0,3200.0,3180.0,3195.0,3745,0.0,0.0
2024-04-23 12:00:00+09:00,3195.0,3195.0,3165.0,3165.0,18128,0.0,0.0
2024-04-23 13:00:00+09:00,3170.0,3190.0,3160.0,3165.0,13982,0.0,0.0
2024-04-23 14:00:00+09:00,3160.0,3180.0,3160.0,3175.0,7654,0.0,0.0
2024-04-24 09:00:00+09:00,3165.0,3205.0,3165.0,3175.0,7556,0.0,0.0
2024-04-24 10:00:00+09:00,3175.0,3175.0,3160.0,3165.0,5655,0.0,0.0
2024-04-24 11:00:00+09:00,3160.0,3180.0,3160.0,3180.0,12760,0.0,0.0
2024-04-24 12:00:00+09:00,3180.0,3210.0,3180.0,3205.0,14503,0.0,0.0
2024-04-24 13:00:00+09:00,3210.0,3215.0,3185.0,3200.0,1923,0.0,0.0
2024-04-24 14:00:00+09:00,3210.0,3210.0,3195.0,3210.0,5781,0.0,0.0
2024-04-25 09:00:00+09:00,3190.0,3220.0,3170.0,3220.0,5034,0.0,0.0
2024-04-25 10:00:00+09:00,3215.0,3220.0,3205.0,3215.0,8235,0.0,0.0
2024-04-25 11:00:00+09:00,3215.0,3225.0,3210.0,3220.0,8538,0.0,0.0
2024-04-25 12:00:00+09:00,3220.0,3245.0,3220.0,3220.0,19758,0.0,0.0
2024-04-25 13:00:00+09:00,3225.0,3230.0,3215.0,3220.0,4863,0.0,0.0
2024-04-25 14:00:00+09:00,3220.0,3240.0,3215.0,3235.0,32265,0.0,0.0
2024-04-26 09:00:00+09:00,3210.0,3235.0,3210.0,3225.0,5422,0.0,0.0
2024-04-26 10:00:00+09:00,3215.0,3230.0,3200.0,3200.0,25921,0.0,0.0
2024-04-26 11:00:00+09:00,3200.0,3215.0,3200.0,3205.0,8137,0.0,0.0
2024-04-26 12:00:00+09:00,3200.0,3210.0,3200.0,3210.0,8004,0.0,0.0
2024-04-26 13:00:00+09:00,3200.0,3215.0,3200.0,3215.0,4702,0.0,0.0
2024-04-26 14:00:00+09:00,3205.0,3220.0,3205.0,3220.0,4145,0.0,0.0
2024-04-29 09:00:00+09:00,3205.0,3230.0,3180.0,3205.0,0,0.0,0.0
2024-04-29 10:00:00+09:00,3205.0,3215.0,3190.0,3215.0,7777,0.0,0.0
2024-04-29 11:00:00+09:00,3205.0,3230.0,3205.0,3220.0,5946,0.0,0.0
2024-04-29 12:00:00+09:00,3230.0,3230.0,3225.0,3225.0,3971,0.0,0.0
2024-04-29 13:00:00+09:00,3220.0,3245.0,3220.0,3240.0,16988,0.0,0.0
2024-04-29 14:00:00+09:00,3235.0,3255.0,3235.0,3250.0,25318,0.0,0.0
2024-04-30 09:00:00+09:00,3250.0,3260.0,3220.0,3260.0,7334,0.0,0.0
2024-04-30 10:00:00+09:00,3260.0,3280.0,3255.0,3275.0,32281,0.0,0.0
2024-04-30 11:00:00+09:00,3275.0,3280.0,3270.0,3280.0,13254,0.0,0.0
2024-04-30 12:00:00+09:00,3280.0,3280.0,3265.0,3270.0,4973,0.0,0.0
2024-04-30 13:00:00+09:00,3270.0,3280.0,3270.0,3280.0,8495,0.0,0.0
2024-04-30 14:00:00+09:00,3280.0,3285.0,3275.0,3285.0,9725,0.0,0.0
2024-05-02 09:00:00+09:00,3280.0,3280.0,3235.0,3265.0,0,0.0,0.0
2024-05-02 10:00:00+09:00,3270.0,3285.0,3260.0,3285.0,8919,0.0,0.0
2024-05-02 11:00:00+09:00,3285.0,3285.0,3265.0,3275.0,2806,0.0,0.0
2024-05-02 12:00:00+09:00,3265.0,3275.0,3260.0,3265.0,5663,0.0,0.0
2024-05-02 13:00:00+09:00,3270.0,3275.0,3265.0,3265.0,936,0.0,0.0
2024-05-02 14:00:00+09:00,3270.0,3275.0,3265.0,3270.0,3511,0.0,0.0
2024-05-03 09:00:00+09:00,3270.0,3280.0,3245.0,3255.0,20058,0.0,0.0
2024-05-03 10:00:00+09:00,3255.0,3255.0,3235.0,3240.0,14436,0.0,0.0
2024-05-03 11:00:00+09:00,3240.0,3245.0,3235.0,3240.0,5979,0.0,0.0
2024-05-03 12:00:00+09:00,3230.0,3240.0,3220.0,3230.0,17132,0.0,0.0
2024-05-03 13:00:00+09:00,3225.0,3235.0,3225.0,3225.0,4982,0.0,0.0
2024-05-03 14:00:00+09:00,3230.0,3235.0,3220.0,3235.0,6433,0.0,0.0
2024-05-07 09:00:00+09:00,3230.0,3250.0,3220.0,3235.0,0,0.0,0.0
2024-05-07 10:00:00+09:00,3235.0,3235.0,3200.0,3220.0,9635,0.0,0.0
2024-05-07 11:00:00+09:00,3210.0,3220.0,3205.0,3210.0,2983,0.0,0.0
2024-05-07 12:00:00+09:00,3210.0,3210.0,3185.0,3205.0,9455,0.0,0.0
2024-05-07 13:00:00+09:00,3205.0,3215.0,3200.0,3215.0,2201,0.0,0.0
2024-05-07 14:00:00+09:00,3215.0,3215.0,3205.0,3210.0,1188,0.0,0.0
2024-05-08 09:00:00+09:00,3245.0,3260.0,3220.0,3255.0,27241,0.0,0.0
2024-05-08 10:00:00+09:00,3250.0,3255.0,3240.0,3250.0,3452,0.0,0.0
2024-05-08 11:00:00+09:00,3245.0,3255.0,3240.0,3250.0,8530,0.0,0.0
2024-05-08 12:00:00+09:00,3250.0,3250.0,3240.0,3240.0,8721,0.0,0.0
2024-05-08 13:00:00+09:00,3235.0,3240.0,3200.0,3230.0,39906,0.0,0.0
2024-05-08 14:00:00+09:00,3230.0,3230.0,3195.0,3225.0,33138,0.0,0.0
2024-05-09 09:00:00+09:00,3225.0,3230.0,3205.0,3205.0,5033,0.0,0.0
2024-05-09 10:00:00+09:00,3205.0,3220.0,3180.0,3180.0,6157,0.0,0.0
2024-05-09 11:00:00+09:00,3180.0,3195.0,3180.0,3190.0,4144,0.0,0.0
2024-05-09 12:00:00+09:00,3190.0,3190.0,3140.0,3155.0,38286,0.0,0.0
2024-05-09 13:00:00+09:00,3155.0,3190.0,3150.0,3190.0,9012,0.0,0.0
2024-05-09 14:00:00+09:00,3185.0,3190.0,3175.0,3185.0,1503,0.0,0.0
2024-05-10 09:00:00+09:00,3200.0,3255.0,3200.0,3230.0,69564,0.0,0.0
2024-05-10 10:00:00+09:00,3225.0,3230.0,3200.0,3220.0,18321,0.0,0.0
2024-05-10 11:00:00+09:00,3220.0,3220.0,3195.0,3195.0,9713,0.0,0.0
2024-05-10 12:00:00+09:00,3210.0,3210.0,3200.0,3210.0,13320,0.0,0.0
2024-05-10 13:00:00+09:00,3210.0,3225.0,3210.0,3220.0,606,0.0,0.0
2024-05-10 14:00:00+09:00,3225.0,3225.0,3215.0,3220.0,4644,0.0,0.0
2024-05-13 09:00:00+09:00,3205.0,3235.0,3205.0,3215.0,0,0.0,0.0
2024-05-13 10:00:00+09:00,3215.0,3220.0,3190.0,3195.0,44199,0.0,0.0
2024-05-13 11:00:00+09:00,3205.0,3205.0,3190.0,3205.0,13993,0.0,0.0
2024-05-13 12:00:00+09:00,3200.0,3200.0,3190.0,3200.0,2203,0.0,0.0
2024-05-13 13:00:00+09:00,3200.0,3200.0,3160.0,3190.0,10690,0.0,0.0
2024-05-13 14:00:00+09:00,3190.0,3200.0,3165.0,3200.0,8751,0.0,0.0
2024-05-14 09:00:00+09:00,3190.0,3235.0,3190.0,3225.0,12432,0.0,0.0
2024-05-14 10:00:00+09:00,3225.0,3225.0,3200.0,3210.0,16639,0.0,0.0
2024-05-14 11:00:00+09:00,3200.0,3225.0,3200.0,3225.0,6137,0.0,0.0
2024-05-14 12:00:00+09:00,3225.0,3255.0,3220.0,3250.0,39849,0.0,0.0
2024-05-14 13:00:00+09:00,3250.0,3250.0,3225.0,3245.0,9563,0.0,0.0
2024-05-14 14:00:00+09:00,3240.0,3250.0,3235.0,3245.0,8036,0.0,0.0
2024-05-16 09:00:00+09:00,3245.0,3260.0,3230.0,3240.0,0,0.0,0.0
2024-05-16 10:00:00+09:00,3240.0,3240.0,3200.0,3210.0,15647,0.0,0.0
2024-05-16 11:00:00+09:00,3210.0,3225.0,3200.0,3220.0,8065,0.0,0.0
2024-05-16 12:00:00+09:00,3210.0,3220.0,3205.0,3210.0,5431,0.0,0.0
2024-05-16 13:00:00+09:00,3210.0,3215.0,3205.0,3215.0,7066,0.0,0.0
2024-05-16 14:00:00+09:00,3215.0,3220.0,3210.0,3220.0,7715,0.0,0.0
2024-05-17 09:00:00+09:00,3230.0,3265.0,3205.0,3265.0,34880,0.0,0.0
2024-05-17 10:00:00+09:00,3265.0,3270.0,3245.0,3260.0,36318,0.0,0.0
2024-05-17 11:00:00+09:00,3260.0,3270.0,3250.0,3255.0,14209,0.0,0.0
2024-05-17 12:00:00+09:00,3255.0,3260.0,3245.0,3245.0,9439,0.0,0.0
2024-05-17 13:00:00+09:00,3240.0,3250.0,3235.0,3250.0,10148,0.0,0.0
2024-05-17 14:00:00+09:00,3245.0,3250.0,3235.0,3240.0,8428,0.0,0.0
2024-05-20 09:00:00+09:00,3255.0,3255.0,3230.0,3245.0,0,0.0,0.0
2024-05-20 10:00:00+09:00,3245.0,3245.0,3220.0,3240.0,20139,0.0,0.0
2024-05-20 11:00:00+09:00,3220.0,3240.0,3205.0,3225.0,22634,0.0,0.0
2024-05-20 12:00:00+09:00,3205.0,3205.0,3170.0,3190.0,16131,0.0,0.0
2024-05-20 13:00:00+09:00,3190.0,3205.0,3190.0,3200.0,12840,0.0,0.0
2024-05-20 14:00:00+09:00,3205.0,3210.0,3195.0,3205.0,12070,0.0,0.0
2024-05-21 09:00:00+09:00,3230.0,3255.0,3200.0,3240.0,39078,0.0,0.0
2024-05-21 10:00:00+09:00,3245.0,3245.0,3230.0,3235.0,29811,0.0,0.0
2024-05-21 11:00:00+09:00,3230.0,3240.0,3225.0,3225.0,7543,0.0,0.0
2024-05-21 12:00:00+09:00,3225.0,3250.0,3225.0,3240.0,39557,0.0,0.0
2024-05-21 13:00:00+09:00,3250.0,3285.0,3240.0,3280.0,77991,0.0,0.0
2024-05-21 14:00:00+09:00,3280.0,3315.0,3270.0,3300.0,103628,0.0,0.0
2024-05-22 09:00:00+09:00,3305.0,3345.0,3280.0,3335.0,68854,0.0,0.0
2024-05-22 10:00:00+09:00,3340.0,3345.0,3315.0,3335.0,45041,0.0,0.0
2024-05-22 11:00:00+09:00,3340.0,3340.0,3320.0,3330.0,25384,0.0,0.0
2024-05-22 12:00:00+09:00,3330.0,3350.0,3325.0,3340.0,42289,0.0,0.0
2024-05-22 13:00:00+09:00,3340.0,3345.0,3335.0,3340.0,25354,0.0,0.0
2024-05-22 14:00:00+09:00,3340.0,3340.0,3310.0,3310.0,40157,0.0,0.0
2024-05-23 09:00:00+09:00,3325.0,3325.0,3290.0,3315.0,29331,0.0,0.0
2024-05-23 10:00:00+09:00,3315.0,3345.0,3305.0,3335.0,28477,0.0,0.0
2024-05-23 11:00:00+09:00,3335.0,3365.0,3335.0,3360.0,55866,0.0,0.0
2024-05-23 12:00:00+09:00,3360.0,3360.0,3325.0,3335.0,15947,0.0,0.0
2024-05-23 13:00:00+09:00,3340.0,3345.0,3325.0,3335.0,7033,0.0,0.0
2024-05-23 14:00:00+09:00,3335.0,3335.0,3315.0,3320.0,11701,0.0,0.0
2024-05-24 09:00:00+09:00,3320.0,3350.0,3270.0,3345.0,53667,0.0,0.0
2024-05-24 10:00:00+09:00,3350.0,3400.0,3345.0,3370.0,154459,0.0,0.0
2024-05-24 11:00:00+09:00,3370.0,3395.0,3355.0,3390.0,49610,0.0,0.0
2024-05-24 12:00:00+09:00,3390.0,3400.0,3380.0,3390.0,29433,0.0,0.0
2024-05-24 13:00:00+09:00,3385.0,3390.0,3360.0,3380.0,22429,0.0,0.0
2024-05-24 14:00:00+09:00,3380.0,3385.0,3355.0,3385.0,91713,0.0,0.0
2024-05-27 09:00:00+09:00,3370.0,3380.0,3315.0,3340.0,0,0.0,0.0
2024-05-27 10:00:00+09:00,3340.0,3340.0,3285.0,3290.0,33187,0.0,0.0
2024-05-27 11:00:00+09:00,3290.0,3305.0,3250.0,3260.0,98696,0.0,0.0
2024-05-27 12:00:00+09:00,3260.0,3310.0,3225.0,3245.0,38515,0.0,0.0
2024-05-27 13:00:00+09:00,3240.0,3240.0,3170.0,3185.0,104410,0.0,0.0
2024-05-27 14:00:00+09:00,3180.0,3205.0,3155.0,3170.0,54442,0.0,0.0
2024-05-28 09:00:00+09:00,3195.0,3215.0,3175.0,3180.0,13361,0.0,0.0
2024-05-28 10:00:00+09:00,3180.0,3195.0,3175.0,3195.0,4213,0.0,0.0
2024-05-28 11:00:00+09:00,3195.0,3215.0,3180.0,3195.0,18125,0.0,0.0
2024-05-28 12:00:00+09:00,3195.0,3195.0,3170.0,3185.0,5028,0.0,0.0
2024-05-28 13:00:00+09:00,3175.0,3185.0,3170.0,3180.0,2720,0.0,0.0
2024-05-28 14:00:00+09:00,3180.0,3190.0,3150.0,3165.0,20367,0.0,0.0
2024-05-29 09:00:00+09:00,3160.0,3190.0,3150.0,3175.0,20409,0.0,0.0
2024-05-29 10:00:00+09:00,3175.0,3190.0,3160.0,3190.0,6381,0.0,0.0
2024-05-29 11:00:00+09:00,3185.0,3240.0,3170.0,3235.0,52555,0.0,0.0
2024-05-29 12:00:00+09:00,3235.0,3250.0,3210.0,3210.0,51518,0.0,0.0
2024-05-29 13:00:00+09:00,3205.0,3215.0,3200.0,3210.0,8677,0.0,0.0
2024-05-29 14:00:00+09:00,3215.0,3215.0,3200.0,3210.0,11534,0.0,0.0
2024-05-30 09:00:00+09:00,3190.0,3200.0,3130.0,3175.0,27830,0.0,0.0
2024-05-30 10:00:00+09:00,3175.0,3180.0,3150.0,3165.0,4059,0.0,0.0
2024-05-30 11:00:00+09:00,3180.0,3180.0,3150.0,3150.0,2960,0.0,0.0
2024-05-30 12:00:00+09:00,3155.0,3160.0,3150.0,3160.0,5133,0.0,0.0
2024-05-30 13:00:00+09:00,3160.0,3160.0,3125.0,3125.0,26794,0.0,0.0
2024-05-30 14:00:00+09:00,3135.0,3150.0,3135.0,3150.0,3342,0.0,0.0
2024-05-31 09:00:00+09:00,3120.0,3180.0,3120.0,3160.0,20204,0.0,0.0
2024-05-31 10:00:00+09:00,3160.0,3160.0,3150.0,3150.0,7484,0.0,0.0
2024-05-31 11:00:00+09:00,3145.0,3145.0,3135.0,3145.0,19986,0.0,0.0
2024-05-31 12:00:00+09:00,3150.0,3155.0,3145.0,3145.0,1636,0.0,0.0
2024-05-31 13:00:00+09:00,3145.0,3150.0,3140.0,3140.0,8225,0.0,0.0
2024-05-31 14:00:00+09:00,3150.0,3150.0,3140.0,3150.0,3981,0.0,0.0
2024-06-03 09:00:00+09:00,3130.0,3180.0,3120.0,3175.0,0,0.0,0.0
2024-06-03 10:00:00+09:00,3175.0,3180.0,3160.0,3165.0,4936,0.0,0.0
2024-06-03 11:00:00+09:00,3165.0,3195.0,3160.0,3195.0,31479,0.0,0.0
2024-06-03 12:00:00+09:00,3190.0,3195.0,3125.0,3165.0,110207,0.0,0.0
2024-06-03 13:00:00+09:00,3165.0,3175.0,3150.0,3170.0,28015,0.0,0.0
2024-06-03 14:00:00+09:00,3170.0,3200.0,3165.0,3165.0,45373,0.0,0.0
2024-06-04 09:00:00+09:00,3195.0,3205.0,3135.0,3145.0,28399,0.0,0.0
2024-06-04 10:00:00+09:00,3140.0,3145.0,3105.0,3125.0,28666,0.0,0.0
2024-06-04 11:00:00+09:00,3120.0,3125.0,3105.0,3125.0,12807,0.0,0.0
2024-06-04 12:00:00+09:00,3130.0,3130.0,3110.0,3125.0,6981,0.0,0.0
2024-06-04 13:00:00+09:00,3125.0,3130.0,3105.0,3110.0,23672,0.0,0.0
2024-06-04 14:00:00+09:00,3110.0,3115.0,3100.0,3110.0,16925,0.0,0.0
2024-06-05 09:00:00+09:00,3115.0,3135.0,3100.0,3120.0,15412,0.0,0.0
2024-06-05 10:00:00+09:00,3120.0,3135.0,3115.0,3125.0,15383,0.0,0.0
2024-06-05 11:00:00+09:00,3125.0,3125.0,3115.0,3120.0,6148,0.0,0.0
2024-06-05 12:00:00+09:00,3120.0,3135.0,3120.0,3130.0,2675,0.0,0.0
2024-06-05 13:00:00+09:00,3135.0,3135.0,3125.0,3130.0,2231,0.0,0.0
2024-06-05 14:00:00+09:00,3125.0,3140.0,3125.0,3135.0,3623,0.0,0.0
2024-06-07 09:00:00+09:00,3130.0,3190.0,3130.0,3180.0,0,0.0,0.0
2024-06-07 10:00:00+09:00,3180.0,3180.0,3160.0,3175.0,11916,0.0,0.0
2024-06-07 11:00:00+09:00,3180.0,3190.0,3170.0,3180.0,7688,0.0,0.0
2024-06-07 12:00:00+09:00,3180.0,3195.0,3180.0,3180.0,11588,0.0,0.0
2024-06-07 13:00:00+09:00,3190.0,3195.0,3185.0,3185.0,24199,0.0,0.0
2024-06-07 14:00:00+09:00,3185.0,3190.0,3170.0,3185.0,5523,0.0,0.0
2024-06-10 09:00:00+09:00,3160.0,3225.0,3155.0,3225.0,0,0.0,0.0
2024-06-10 10:00:00+09:00,3225.0,3235.0,3190.0,3235.0,63509,0.0,0.0
2024-06-10 11:00:00+09:00,3235.0,3255.0,3215.0,3235.0,29908,0.0,0.0
2024-06-10 12:00:00+09:00,3225.0,3235.0,3215.0,3225.0,6198,0.0,0.0
2024-06-10 13:00:00+09:00,3225.0,3230.0,3225.0,3230.0,1240,0.0,0.0
2024-06-10 14:00:00+09:00,3220.0,3230.0,3215.0,3230.0,22873,0.0,0.0
2024-06-11 09:00:00+09:00,3235.0,3265.0,3230.0,3230.0,45934,0.0,0.0
2024-06-11 10:00:00+09:00,3235.0,3245.0,3215.0,3225.0,9461,0.0,0.0
2024-06-11 11:00:00+09:00,3225.0,3225.0,3210.0,3225.0,15028,0.0,0.0
2024-06-11 12:00:00+09:00,3225.0,3235.0,3215.0,3230.0,5596,0.0,0.0
2024-06-11 13:00:00+09:00,3225.0,3225.0,3190.0,3200.0,22535,0.0,0.0
2024-06-11 14:00:00+09:00,3200.0,3200.0,3180.0,3190.0,26042,0.0,0.0
2024-06-12 09:00:00+09:00,3195.0,3225.0,3190.0,3195.0,3774,0.0,0.0
2024-06-12 10:00:00+09:00,3195.0,3235.0,3190.0,3235.0,19389,0.0,0.0
2024-06-12 11:00:00+09:00,3235.0,3300.0,3220.0,3280.0,93556,0.0,0.0
2024-06-12 12:00:00+09:00,3280.0,3290.0,3250.0,3250.0,39598,0.0,0.0
2024-06-12 13:00:00+09:00,3255.0,3265.0,3245.0,3250.0,17296,0.0,0.0
2024-06-12 14:00:00+09:00,3255.0,3275.0,3255.0,3270.0,15265,0.0,0.0
2024-06-13 09:00:00+09:00,3275.0,3285.0,3230.0,3250.0,16630,0.0,0.0
2024-06-13 10:00:00+09:00,3240.0,3240.0,3225.0,3235.0,13762,0.0,0.0
2024-06-13 11:00:00+09:00,3230.0,3250.0,3230.0,3250.0,9990,0.0,0.0
2024-06-13 12:00:00+09:00,3250.0,3250.0,3230.0,3235.0,12469,0.0,0.0
2024-06-13 13:00:00+09:00,3240.0,3240.0,3215.0,3230.0,39186,0.0,0.0
2024-06-13 14:00:00+09:00,3230.0,3230.0,3215.0,3230.0,13306,0.0,0.0
2024-06-14 09:00:00+09:00,3220.0,3280.0,3215.0,3260.0,33608,0.0,0.0
2024-06-14 10:00:00+09:00,3255.0,3330.0,3250.0,3320.0,104057,0.0,0.0
2024-06-14 11:00:00+09:00,3315.0,3320.0,3290.0,3305.0,24347,0.0,0.0
2024-06-14 12:00:00+09:00,3305.0,3315.0,3260.0,3315.0,64618,0.0,0.0
2024-06-14 13:00:00+09:00,3315.0,3315.0,3290.0,3305.0,9184,0.0,0.0
2024-06-14 14:00:00+09:00,3295.0,3300.0,3280.0,3280.0,11747,0.0,0.0
2024-06-17 09:00:00+09:00,3310.0,3320.0,3215.0,3240.0,0,0.0,0.0
2024-06-17 10:00:00+09:00,3250.0,3265.0,3250.0,3260.0,12059,0.0,0.0
2024-06-17 11:00:00+09:00,3260.0,3265.0,3240.0,3255.0,12247,0.0,0.0
2024-06-17 12:00:00+09:00,3255.0,3270.0,3255.0,3260.0,17860,0.0,0.0
2024-06-17 13:00:00+09:00,3260.0,3275.0,3255.0,3255.0,9181,0.0,0.0
2024-06-17 14:00:00+09:00,3255.0,3265.0,3250.0,3260.0,3985,0.0,0.0
2024-06-18 09:00:00+09:00,3275.0,3290.0,3240.0,3250.0,58175,0.0,0.0
2024-06-18 10:00:00+09:00,3250.0,3255.0,3210.0,3240.0,19218,0.0,0.0
2024-06-18 11:00:00+09:00,3235.0,3240.0,3215.0,3235.0,11579,0.0,0.0
2024-06-18 12:00:00+09:00,3235.0,3240.0,3210.0,3225.0,14351,0.0,0.0
2024-06-18 13:00:00+09:00,3215.0,3230.0,3210.0,3215.0,6726,0.0,0.0
2024-06-18 14:00:00+09:00,3230.0,3235.0,3210.0,3235.0,19548,0.0,0.0
2024-06-19 09:00:00+09:00,3240.0,3270.0,3210.0,3230.0,13187,0.0,0.0
2024-06-19 10:00:00+09:00,3220.0,3230.0,3180.0,3190.0,18539,0.0,0.0
2024-06-19 11:00:00+09:00,3190.0,3190.0,3165.0,3180.0,48111,0.0,0.0
2024-06-19 12:00:00+09:00,3180.0,3180.0,3160.0,3175.0,20621,0.0,0.0
2024-06-19 13:00:00+09:00,3165.0,3175.0,3145.0,3155.0,0,0.0,0.0
2024-06-19 14:00:00+09:00,3160.0,3165.0,3145.0,3165.0,141756,0.0,0.0
2024-06-20 09:00:00+09:00,3145.0,3185.0,3135.0,3155.0,17518,0.0,0.0
2024-06-20 10:00:00+09:00,3160.0,3165.0,3140.0,3145.0,6100,0.0,0.0
2024-06-20 11:00:00+09:00,3145.0,3150.0,3130.0,3135.0,17514,0.0,0.0
2024-06-20 12:00:00+09:00,3130.0,3140.0,3125.0,3135.0,9999,0.0,0.0
2024-06-20 13:00:00+09:00,3140.0,3150.0,3135.0,3145.0,8179,0.0,0.0
2024-06-20 14:00:00+09:00,3140.0,3150.0,3135.0,3145.0,21668,0.0,0.0
2024-06-21 09:00:00+09:00,3160.0,3160.0,3120.0,3140.0,19065,0.0,0.0
2024-06-21 10:00:00+09:00,3140.0,3150.0,3125.0,3150.0,8702,0.0,0.0
2024-06-21 11:00:00+09:00,3150.0,3150.0,3145.0,3145.0,3555,0.0,0.0
2024-06-21 12:00:00+09:00,3145.0,3145.0,3140.0,3140.0,2988,0.0,0.0
2024-06-21 13:00:00+09:00,3140.0,3150.0,3130.0,3150.0,11717,0.0,0.0
2024-06-21 14:00:00+09:00,3140.0,3150.0,3135.0,3140.0,2062,0.0,0.0
2024-06-24 09:00:00+09:00,3145.0,3165.0,3130.0,3140.0,0,0.0,0.0
2024-06-24 10:00:00+09:00,3140.0,3150.0,3125.0,3130.0,18272,0.0,0.0
2024-06-24 11:00:00+09:00,3135.0,3145.0,3130.0,3140.0,27589,0.0,0.0
2024-06-24 12:00:00+09:00,3130.0,3135.0,3130.0,3135.0,10530,0.0,0.0
2024-06-24 13:00:00+09:00,3135.0,3135.0,3115.0,3130.0,15978,0.0,0.0
2024-06-24 14:00:00+09:00,3130.0,3135.0,3120.0,3130.0,6080,0.0,0.0
2024-06-25 09:00:00+09:00,3135.0,3140.0,3110.0,3115.0,7028,0.0,0.0
2024-06-25 10:00:00+09:00,3120.0,3130.0,3120.0,3130.0,3130,0.0,0.0
2024-06-25 11:00:00+09:00,3125.0,3135.0,3115.0,3125.0,1633,0.0,0.0
2024-06-25 12:00:00+09:00,3125.0,3125.0,3115.0,3125.0,3606,0.0,0.0
2024-06-25 13:00:00+09:00,3110.0,3125.0,3110.0,3125.0,3633,0.0,0.0
2024-06-25 14:00:00+09:00,3120.0,3125.0,3120.0,3125.0,4243,0.0,0.0
2024-06-26 09:00:00+09:00,3130.0,3145.0,3120.0,3130.0,8537,0.0,0.0
2024-06-26 10:00:00+09:00,3130.0,3130.0,3120.0,3130.0,9681,0.0,0.0
2024-06-26 11:00:00+09:00,3130.0,3150.0,3130.0,3150.0,9937,0.0,0.0
2024-06-26 12:00:00+09:00,3140.0,3145.0,3125.0,3130.0,12138,0.0,0.0
2024-06-26 13:00:00+09:00,3130.0,3140.0,3115.0,3140.0,31827,0.0,0.0
2024-06-26 14:00:00+09:00,3120.0,3135.0,3115.0,3135.0,3877,0.0,0.0
2024-06-27 09:00:00+09:00,3110.0,3155.0,3110.0,3140.0,10738,0.0,0.0
2024-06-27 10:00:00+09:00,3120.0,3140.0,3120.0,3125.0,2067,0.0,0.0
2024-06-27 11:00:00+09:00,3120.0,3130.0,3110.0,3120.0,10273,0.0,0.0
2024-06-27 12:00:00+09:00,3115.0,3120.0,3110.0,3115.0,703,0.0,0.0
2024-06-27 13:00:00+09:00,3115.0,3120.0,3100.0,3120.0,17265,0.0,0.0
2024-06-27 14:00:00+09:00,3115.0,3115.0,3095.0,3115.0,5316,0.0,0.0
2024-06-28 09:00:00+09:00,3105.0,3105.0,3030.0,3070.0,59356,0.0,0.0
2024-06-28 10:00:00+09:00,3070.0,3080.0,3065.0,3080.0,5249,0.0,0.0
2024-06-28 11:00:00+09:00,3080.0,3090.0,3070.0,3085.0,5785,0.0,0.0
2024-06-28 12:00:00+09:00,3080.0,3085.0,3065.0,3070.0,3130,0.0,0.0
2024-06-28 13:00:00+09:00,3065.0,3080.0,3065.0,3080.0,3642,0.0,0.0
2024-06-28 14:00:00+09:00,3080.0,3095.0,3080.0,3085.0,14164,0.0,0.0
