Datetime,Open,High,Low,Close,Volume,Dividends,Stock Splits
2022-10-06 09:00:00+09:00,1362.0,1362.0,1360.0,1360.0,400,0.0,0.0
2022-10-06 10:00:00+09:00,1360.0,1360.0,1360.0,1360.0,200,0.0,0.0
2022-10-06 11:00:00+09:00,1362.0,1362.0,1362.0,1362.0,0,0.0,0.0
2022-10-06 12:00:00+09:00,1361.0,1361.0,1361.0,1361.0,1000,0.0,0.0
2022-10-06 13:00:00+09:00,1361.0,1361.0,1361.0,1361.0,100,0.0,0.0
2022-10-06 14:00:00+09:00,1361.0,1363.0,1361.0,1363.0,400,0.0,0.0
2022-10-07 09:00:00+09:00,1365.0,1367.0,1362.0,1362.0,700,0.0,0.0
2022-10-07 10:00:00+09:00,1361.0,1361.0,1360.0,1360.0,500,0.0,0.0
2022-10-07 11:00:00+09:00,1360.0,1360.0,1360.0,1360.0,0,0.0,0.0
2022-10-07 12:00:00+09:00,1367.0,1367.0,1367.0,1367.0,1500,0.0,0.0
2022-10-07 13:00:00+09:00,1367.0,1367.0,1361.0,1361.0,300,0.0,0.0
2022-10-07 14:00:00+09:00,1366.0,1366.0,1362.0,1362.0,200,0.0,0.0
2022-10-11 09:00:00+09:00,1375.0,1375.0,1364.0,1372.0,900,0.0,0.0
2022-10-11 10:00:00+09:00,1371.0,1371.0,1364.0,1364.0,300,0.0,0.0
2022-10-11 11:00:00+09:00,1364.0,1364.0,1364.0,1364.0,0,0.0,0.0
2022-10-11 12:00:00+09:00,1364.0,1364.0,1362.0,1362.0,1500,0.0,0.0
2022-10-11 14:00:00+09:00,1362.0,1362.0,1362.0,1362.0,300,0.0,0.0
2022-10-12 09:00:00+09:00,1361.0,1362.0,1361.0,1362.0,400,0.0,0.0
2022-10-12 11:00:00+09:00,1362.0,1362.0,1362.0,1362.0,0,0.0,0.0
2022-10-12 12:00:00+09:00,1367.0,1367.0,1367.0,1367.0,500,0.0,0.0
2022-10-12 14:00:00+09:00,1361.0,1361.0,1361.0,1361.0,100,0.0,0.0
2022-10-13 09:00:00+09:00,1361.0,1361.0,1361.0,1361.0,200,0.0,0.0
2022-10-13 10:00:00+09:00,1361.0,1361.0,1361.0,1361.0,200,0.0,0.0
2022-10-13 11:00:00+09:00,1361.0,1361.0,1361.0,1361.0,0,0.0,0.0
2022-10-13 14:00:00+09:00,1361.0,1361.0,1361.0,1361.0,500,0.0,0.0
2022-10-14 09:00:00+09:00,1362.0,1363.0,1360.0,1360.0,1000,0.0,0.0
2022-10-14 11:00:00+09:00,1360.0,1360.0,1360.0,1360.0,0,0.0,0.0
2022-10-14 12:00:00+09:00,1360.0,1360.0,1360.0,1360.0,1400,0.0,0.0
2022-10-14 13:00:00+09:00,1362.0,1363.0,1361.0,1361.0,300,0.0,0.0
2022-10-14 14:00:00+09:00,1360.0,1360.0,1360.0,1360.0,700,0.0,0.0
2022-10-17 09:00:00+09:00,1360.0,1364.0,1359.0,1359.0,900,0.0,0.0
2022-10-17 10:00:00+09:00,1359.0,1361.0,1359.0,1361.0,300,0.0,0.0
2022-10-17 11:00:00+09:00,1361.0,1361.0,1361.0,1361.0,0,0.0,0.0
2022-10-17 12:00:00+09:00,1360.0,1360.0,1360.0,1360.0,1400,0.0,0.0
2022-10-17 13:00:00+09:00,1360.0,1360.0,1360.0,1360.0,200,0.0,0.0
2022-10-17 14:00:00+09:00,1360.0,1360.0,1360.0,1360.0,100,0.0,0.0
2022-10-18 09:00:00+09:00,1358.0,1360.0,1358.0,1360.0,300,0.0,0.0
2022-10-18 10:00:00+09:00,1358.0,1358.0,1358.0,1358.0,0,0.0,0.0
2022-10-18 11:00:00+09:00,1360.0,1360.0,1360.0,1360.0,0,0.0,0.0
2022-10-18 12:00:00+09:00,1362.0,1364.0,1362.0,1362.0,800,0.0,0.0
2022-10-18 13:00:00+09:00,1361.0,1361.0,1361.0,1361.0,100,0.0,0.0
2022-10-18 14:00:00+09:00,1360.0,1360.0,1360.0,1360.0,200,0.0,0.0
2022-10-19 09:00:00+09:00,1360.0,1365.0,1360.0,1365.0,200,0.0,0.0
2022-10-19 11:00:00+09:00,1364.0,1369.0,1361.0,1369.0,0,0.0,0.0
2022-10-19 14:00:00+09:00,1368.0,1368.0,1368.0,1368.0,1500,0.0,0.0
2022-10-20 09:00:00+09:00,1369.0,1369.0,1367.0,1367.0,300,0.0,0.0
2022-10-20 10:00:00+09:00,1363.0,1363.0,1362.0,1362.0,200,0.0,0.0
2022-10-20 11:00:00+09:00,1362.0,1362.0,1362.0,1362.0,0,0.0,0.0
2022-10-20 12:00:00+09:00,1367.0,1367.0,1367.0,1367.0,600,0.0,0.0
2022-10-20 13:00:00+09:00,1367.0,1367.0,1367.0,1367.0,100,0.0,0.0
2022-10-20 14:00:00+09:00,1367.0,1370.0,1363.0,1363.0,400,0.0,0.0
2022-10-21 09:00:00+09:00,1369.0,1369.0,1362.0,1362.0,800,0.0,0.0
2022-10-21 11:00:00+09:00,1362.0,1362.0,1362.0,1362.0,0,0.0,0.0
2022-10-21 12:00:00+09:00,1362.0,1365.0,1361.0,1361.0,1300,0.0,0.0
2022-10-21 13:00:00+09:00,1364.0,1364.0,1364.0,1364.0,100,0.0,0.0
2022-10-21 14:00:00+09:00,1367.0,1367.0,1361.0,1361.0,800,0.0,0.0
2022-10-24 09:00:00+09:00,1361.0,1361.0,1361.0,1361.0,300,0.0,0.0
2022-10-24 11:00:00+09:00,1361.0,1361.0,1361.0,1361.0,0,0.0,0.0
2022-10-24 12:00:00+09:00,1362.0,1362.0,1360.0,1360.0,700,0.0,0.0
2022-10-24 13:00:00+09:00,1364.0,1364.0,1364.0,1364.0,100,0.0,0.0
2022-10-24 14:00:00+09:00,1364.0,1364.0,1361.0,1361.0,200,0.0,0.0
2022-10-25 09:00:00+09:00,1370.0,1370.0,1362.0,1362.0,1200,0.0,0.0
2022-10-25 10:00:00+09:00,1365.0,1365.0,1365.0,1365.0,200,0.0,0.0
2022-10-25 11:00:00+09:00,1365.0,1365.0,1365.0,1365.0,0,0.0,0.0
2022-10-26 09:00:00+09:00,1369.0,1369.0,1362.0,1369.0,300,0.0,0.0
2022-10-26 10:00:00+09:00,1369.0,1370.0,1363.0,1363.0,600,0.0,0.0
2022-10-26 11:00:00+09:00,1363.0,1363.0,1361.0,1361.0,0,0.0,0.0
2022-10-26 12:00:00+09:00,1361.0,1361.0,1360.0,1360.0,2500,0.0,0.0
2022-10-26 13:00:00+09:00,1360.0,1360.0,1360.0,1360.0,200,0.0,0.0
2022-10-27 09:00:00+09:00,1367.0,1367.0,1361.0,1361.0,500,0.0,0.0
2022-10-27 10:00:00+09:00,1361.0,1361.0,1361.0,1361.0,100,0.0,0.0
2022-10-27 11:00:00+09:00,1365.0,1365.0,1365.0,1365.0,0,0.0,0.0
2022-10-27 12:00:00+09:00,1365.0,1367.0,1361.0,1367.0,1100,0.0,0.0
2022-10-27 13:00:00+09:00,1367.0,1367.0,1367.0,1367.0,200,0.0,0.0
2022-10-28 09:00:00+09:00,1366.0,1366.0,1362.0,1362.0,200,0.0,0.0
2022-10-28 10:00:00+09:00,1366.0,1366.0,1365.0,1365.0,200,0.0,0.0
2022-10-28 11:00:00+09:00,1362.0,1362.0,1361.0,1361.0,0,0.0,0.0
2022-10-28 12:00:00+09:00,1365.0,1365.0,1365.0,1365.0,700,0.0,0.0
2022-10-28 14:00:00+09:00,1364.0,1364.0,1364.0,1364.0,100,0.0,0.0
2022-10-31 09:00:00+09:00,1365.0,1365.0,1365.0,1365.0,400,0.0,0.0
2022-10-31 10:00:00+09:00,1367.0,1367.0,1367.0,1367.0,100,0.0,0.0
2022-10-31 11:00:00+09:00,1367.0,1367.0,1367.0,1367.0,0,0.0,0.0
2022-10-31 12:00:00+09:00,1367.0,1367.0,1366.0,1366.0,700,0.0,0.0
2022-10-31 13:00:00+09:00,1366.0,1366.0,1366.0,1366.0,100,0.0,0.0
2022-11-01 09:00:00+09:00,1365.0,1365.0,1365.0,1365.0,100,0.0,0.0
2022-11-01 10:00:00+09:00,1364.0,1364.0,1364.0,1364.0,100,0.0,0.0
2022-11-01 11:00:00+09:00,1363.0,1363.0,1363.0,1363.0,0,0.0,0.0
2022-11-01 13:00:00+09:00,1363.0,1363.0,1362.0,1362.0,500,0.0,0.0
2022-11-02 09:00:00+09:00,1362.0,1364.0,1362.0,1364.0,300,0.0,0.0
2022-11-02 10:00:00+09:00,1362.0,1362.0,1362.0,1362.0,100,0.0,0.0
2022-11-02 11:00:00+09:00,1362.0,1362.0,1362.0,1362.0,0,0.0,0.0
2022-11-02 12:00:00+09:00,1361.0,1361.0,1361.0,1361.0,1200,0.0,0.0
2022-11-02 13:00:00+09:00,1364.0,1365.0,1364.0,1365.0,200,0.0,0.0
2022-11-02 14:00:00+09:00,1362.0,1362.0,1361.0,1361.0,400,0.0,0.0
2022-11-04 09:00:00+09:00,1374.0,1376.0,1374.0,1375.0,2200,0.0,0.0
2022-11-04 10:00:00+09:00,1363.0,1363.0,1361.0,1361.0,400,0.0,0.0
2022-11-04 11:00:00+09:00,1370.0,1370.0,1370.0,1370.0,0,0.0,0.0
2022-11-04 12:00:00+09:00,1361.0,1361.0,1361.0,1361.0,2800,0.0,0.0
2022-11-04 13:00:00+09:00,1370.0,1370.0,1370.0,1370.0,100,0.0,0.0
2022-11-04 14:00:00+09:00,1362.0,1369.0,1361.0,1369.0,300,0.0,0.0
2022-11-07 09:00:00+09:00,1373.0,1373.0,1369.0,1369.0,600,0.0,0.0
2022-11-07 10:00:00+09:00,1366.0,1366.0,1366.0,1366.0,200,0.0,0.0
2022-11-07 11:00:00+09:00,1366.0,1366.0,1366.0,1366.0,0,0.0,0.0
2022-11-07 12:00:00+09:00,1366.0,1366.0,1365.0,1365.0,0,0.0,0.0
2022-11-07 13:00:00+09:00,1365.0,1369.0,1365.0,1369.0,1300,0.0,0.0
2022-11-07 14:00:00+09:00,1370.0,1373.0,1365.0,1373.0,600,0.0,0.0
2022-11-08 09:00:00+09:00,1375.0,1375.0,1373.0,1373.0,400,0.0,0.0
2022-11-08 11:00:00+09:00,1375.0,1375.0,1375.0,1375.0,0,0.0,0.0
2022-11-08 12:00:00+09:00,1366.0,1366.0,1366.0,1366.0,1200,0.0,0.0
2022-11-08 13:00:00+09:00,1366.0,1366.0,1363.0,1363.0,1100,0.0,0.0
2022-11-08 14:00:00+09:00,1374.0,1374.0,1372.0,1372.0,0,0.0,0.0
2022-11-09 09:00:00+09:00,1375.0,1375.0,1366.0,1373.0,900,0.0,0.0
2022-11-09 10:00:00+09:00,1372.0,1372.0,1364.0,1364.0,200,0.0,0.0
2022-11-09 11:00:00+09:00,1364.0,1364.0,1364.0,1364.0,0,0.0,0.0
2022-11-09 12:00:00+09:00,1364.0,1364.0,1364.0,1364.0,1200,0.0,0.0
2022-11-09 13:00:00+09:00,1369.0,1369.0,1369.0,1369.0,100,0.0,0.0
2022-11-09 14:00:00+09:00,1373.0,1373.0,1373.0,1373.0,200,0.0,0.0
2022-11-10 09:00:00+09:00,1370.0,1370.0,1370.0,1370.0,0,0.0,0.0
2022-11-10 11:00:00+09:00,1370.0,1370.0,1370.0,1370.0,0,0.0,0.0
2022-11-11 09:00:00+09:00,1360.0,1372.0,1360.0,1372.0,2600,0.0,0.0
2022-11-11 10:00:00+09:00,1370.0,1370.0,1370.0,1370.0,100,0.0,0.0
2022-11-11 11:00:00+09:00,1372.0,1372.0,1365.0,1365.0,0,0.0,0.0
2022-11-11 13:00:00+09:00,1365.0,1365.0,1362.0,1362.0,3100,0.0,0.0
2022-11-11 14:00:00+09:00,1363.0,1370.0,1363.0,1370.0,400,0.0,0.0
2022-11-14 09:00:00+09:00,1370.0,1370.0,1369.0,1369.0,1100,0.0,0.0
2022-11-14 10:00:00+09:00,1368.0,1368.0,1367.0,1367.0,300,0.0,0.0
2022-11-14 11:00:00+09:00,1366.0,1366.0,1366.0,1366.0,0,0.0,0.0
2022-11-14 12:00:00+09:00,1366.0,1366.0,1366.0,1366.0,1600,0.0,0.0
2022-11-14 14:00:00+09:00,1366.0,1366.0,1366.0,1366.0,100,0.0,0.0
2022-11-15 09:00:00+09:00,1369.0,1369.0,1366.0,1366.0,300,0.0,0.0
2022-11-15 10:00:00+09:00,1366.0,1366.0,1366.0,1366.0,200,0.0,0.0
2022-11-15 11:00:00+09:00,1366.0,1366.0,1366.0,1366.0,0,0.0,0.0
2022-11-15 13:00:00+09:00,1369.0,1369.0,1365.0,1365.0,1000,0.0,0.0
2022-11-15 14:00:00+09:00,1365.0,1368.0,1365.0,1368.0,300,0.0,0.0
2022-11-16 09:00:00+09:00,1369.0,1370.0,1369.0,1370.0,600,0.0,0.0
2022-11-16 10:00:00+09:00,1371.0,1371.0,1371.0,1371.0,300,0.0,0.0
2022-11-16 11:00:00+09:00,1371.0,1371.0,1371.0,1371.0,0,0.0,0.0
2022-11-16 13:00:00+09:00,1370.0,1370.0,1369.0,1369.0,1600,0.0,0.0
2022-11-16 14:00:00+09:00,1368.0,1369.0,1368.0,1369.0,200,0.0,0.0
2022-11-17 09:00:00+09:00,1365.0,1366.0,1365.0,1365.0,800,0.0,0.0
2022-11-17 11:00:00+09:00,1365.0,1365.0,1365.0,1365.0,0,0.0,0.0
2022-11-17 12:00:00+09:00,1368.0,1369.0,1366.0,1366.0,1600,0.0,0.0
2022-11-17 14:00:00+09:00,1370.0,1371.0,1370.0,1371.0,200,0.0,0.0
2022-11-18 13:00:00+09:00,1367.0,1371.0,1367.0,1371.0,400,0.0,0.0
2022-11-21 09:00:00+09:00,1370.0,1370.0,1366.0,1366.0,400,0.0,0.0
2022-11-21 10:00:00+09:00,1367.0,1367.0,1366.0,1366.0,200,0.0,0.0
2022-11-21 11:00:00+09:00,1366.0,1366.0,1366.0,1366.0,0,0.0,0.0
2022-11-21 13:00:00+09:00,1367.0,1367.0,1367.0,1367.0,700,0.0,0.0
2022-11-21 14:00:00+09:00,1367.0,1367.0,1367.0,1367.0,100,0.0,0.0
2022-11-22 09:00:00+09:00,1371.0,1371.0,1366.0,1366.0,0,0.0,0.0
2022-11-22 10:00:00+09:00,1366.0,1369.0,1366.0,1369.0,700,0.0,0.0
2022-11-22 11:00:00+09:00,1369.0,1369.0,1369.0,1369.0,0,0.0,0.0
2022-11-22 12:00:00+09:00,1369.0,1369.0,1369.0,1369.0,800,0.0,0.0
2022-11-22 14:00:00+09:00,1370.0,1373.0,1368.0,1373.0,900,0.0,0.0
2022-11-24 09:00:00+09:00,1371.0,1375.0,1371.0,1371.0,0,0.0,0.0
2022-11-24 10:00:00+09:00,1371.0,1371.0,1371.0,1371.0,1000,0.0,0.0
2022-11-24 11:00:00+09:00,1370.0,1370.0,1370.0,1370.0,0,0.0,0.0
2022-11-24 12:00:00+09:00,1370.0,1370.0,1370.0,1370.0,1300,0.0,0.0
2022-11-24 14:00:00+09:00,1371.0,1371.0,1371.0,1371.0,100,0.0,0.0
2022-11-25 09:00:00+09:00,1376.0,1376.0,1372.0,1372.0,1100,0.0,0.0
2022-11-25 10:00:00+09:00,1371.0,1371.0,1370.0,1370.0,200,0.0,0.0
2022-11-25 11:00:00+09:00,1370.0,1370.0,1370.0,1370.0,0,0.0,0.0
2022-11-25 12:00:00+09:00,1372.0,1372.0,1372.0,1372.0,1400,0.0,0.0
2022-11-25 13:00:00+09:00,1371.0,1371.0,1371.0,1371.0,100,0.0,0.0
2022-11-25 14:00:00+09:00,1372.0,1372.0,1372.0,1372.0,300,0.0,0.0
2022-11-28 09:00:00+09:00,1375.0,1375.0,1372.0,1374.0,900,0.0,0.0
2022-11-28 11:00:00+09:00,1374.0,1374.0,1374.0,1374.0,0,0.0,0.0
2022-11-28 12:00:00+09:00,1371.0,1371.0,1371.0,1371.0,1100,0.0,0.0
2022-11-28 14:00:00+09:00,1374.0,1374.0,1373.0,1373.0,300,0.0,0.0
2022-11-29 09:00:00+09:00,1377.0,1377.0,1375.0,1375.0,400,0.0,0.0
2022-11-29 10:00:00+09:00,1372.0,1372.0,1372.0,1372.0,100,0.0,0.0
2022-11-29 11:00:00+09:00,1372.0,1372.0,1372.0,1372.0,0,0.0,0.0
2022-11-29 14:00:00+09:00,1370.0,1370.0,1370.0,1370.0,600,0.0,0.0
2022-11-30 09:00:00+09:00,1374.0,1374.0,1370.0,1370.0,200,0.0,0.0
2022-11-30 10:00:00+09:00,1370.0,1370.0,1370.0,1370.0,100,0.0,0.0
2022-11-30 11:00:00+09:00,1370.0,1370.0,1370.0,1370.0,0,0.0,0.0
2022-11-30 12:00:00+09:00,1370.0,1370.0,1370.0,1370.0,400,0.0,0.0
2022-11-30 13:00:00+09:00,1370.0,1375.0,1370.0,1375.0,400,0.0,0.0
2022-11-30 14:00:00+09:00,1373.0,1373.0,1370.0,1370.0,200,0.0,0.0
2022-12-01 09:00:00+09:00,1370.0,1373.0,1370.0,1373.0,400,0.0,0.0
2022-12-01 10:00:00+09:00,1373.0,1373.0,1373.0,1373.0,100,0.0,0.0
2022-12-01 11:00:00+09:00,1373.0,1373.0,1373.0,1373.0,0,0.0,0.0
2022-12-01 12:00:00+09:00,1373.0,1373.0,1370.0,1373.0,800,0.0,0.0
2022-12-01 13:00:00+09:00,1370.0,1370.0,1370.0,1370.0,100,0.0,0.0
2022-12-01 14:00:00+09:00,1373.0,1373.0,1371.0,1371.0,0,0.0,0.0
2022-12-02 09:00:00+09:00,1375.0,1375.0,1375.0,1375.0,100,0.0,0.0
2022-12-02 10:00:00+09:00,1374.0,1374.0,1372.0,1372.0,200,0.0,0.0
2022-12-02 11:00:00+09:00,1371.0,1371.0,1371.0,1371.0,0,0.0,0.0
2022-12-02 12:00:00+09:00,1371.0,1371.0,1371.0,1371.0,800,0.0,0.0
2022-12-02 13:00:00+09:00,1371.0,1371.0,1369.0,1369.0,600,0.0,0.0
2022-12-02 14:00:00+09:00,1369.0,1369.0,1369.0,1369.0,100,0.0,0.0
2022-12-05 09:00:00+09:00,1372.0,1372.0,1370.0,1370.0,500,0.0,0.0
2022-12-05 10:00:00+09:00,1369.0,1369.0,1369.0,1369.0,100,0.0,0.0
2022-12-05 11:00:00+09:00,1369.0,1369.0,1369.0,1369.0,0,0.0,0.0
2022-12-05 12:00:00+09:00,1369.0,1369.0,1367.0,1367.0,1100,0.0,0.0
2022-12-05 13:00:00+09:00,1372.0,1372.0,1372.0,1372.0,100,0.0,0.0
2022-12-05 14:00:00+09:00,1372.0,1372.0,1372.0,1372.0,100,0.0,0.0
2022-12-06 09:00:00+09:00,1378.0,1378.0,1369.0,1370.0,2300,0.0,0.0
2022-12-06 10:00:00+09:00,1370.0,1370.0,1370.0,1370.0,100,0.0,0.0
2022-12-06 11:00:00+09:00,1370.0,1370.0,1370.0,1370.0,0,0.0,0.0
2022-12-06 12:00:00+09:00,1371.0,1371.0,1371.0,1371.0,2500,0.0,0.0
2022-12-06 14:00:00+09:00,1370.0,1370.0,1367.0,1367.0,1100,0.0,0.0
2022-12-07 09:00:00+09:00,1367.0,1367.0,1367.0,1367.0,0,0.0,0.0
2022-12-07 11:00:00+09:00,1367.0,1367.0,1367.0,1367.0,0,0.0,0.0
2022-12-07 12:00:00+09:00,1365.0,1365.0,1365.0,1365.0,1400,0.0,0.0
2022-12-07 13:00:00+09:00,1366.0,1366.0,1365.0,1365.0,0,0.0,0.0
2022-12-07 14:00:00+09:00,1366.0,1370.0,1366.0,1366.0,2200,0.0,0.0
2022-12-08 09:00:00+09:00,1366.0,1366.0,1363.0,1364.0,1300,0.0,0.0
2022-12-08 10:00:00+09:00,1366.0,1366.0,1366.0,1366.0,100,0.0,0.0
2022-12-08 11:00:00+09:00,1366.0,1366.0,1366.0,1366.0,0,0.0,0.0
2022-12-08 12:00:00+09:00,1363.0,1363.0,1363.0,1363.0,1500,0.0,0.0
2022-12-08 13:00:00+09:00,1363.0,1363.0,1363.0,1363.0,100,0.0,0.0
2022-12-08 14:00:00+09:00,1365.0,1365.0,1365.0,1365.0,100,0.0,0.0
2022-12-09 09:00:00+09:00,1365.0,1365.0,1364.0,1364.0,600,0.0,0.0
2022-12-09 10:00:00+09:00,1364.0,1364.0,1363.0,1363.0,200,0.0,0.0
2022-12-09 11:00:00+09:00,1363.0,1363.0,1363.0,1363.0,0,0.0,0.0
2022-12-09 12:00:00+09:00,1366.0,1366.0,1366.0,1366.0,900,0.0,0.0
2022-12-09 13:00:00+09:00,1366.0,1368.0,1364.0,1364.0,600,0.0,0.0
2022-12-09 14:00:00+09:00,1363.0,1363.0,1363.0,1363.0,100,0.0,0.0
2022-12-12 09:00:00+09:00,1363.0,1366.0,1363.0,1366.0,0,0.0,0.0
2022-12-12 10:00:00+09:00,1365.0,1365.0,1365.0,1365.0,100,0.0,0.0
2022-12-12 11:00:00+09:00,1365.0,1365.0,1365.0,1365.0,0,0.0,0.0
2022-12-12 12:00:00+09:00,1368.0,1368.0,1368.0,1368.0,800,0.0,0.0
2022-12-12 13:00:00+09:00,1369.0,1369.0,1369.0,1369.0,200,0.0,0.0
2022-12-12 14:00:00+09:00,1367.0,1368.0,1367.0,1367.0,300,0.0,0.0
2022-12-13 09:00:00+09:00,1370.0,1370.0,1370.0,1370.0,400,0.0,0.0
2022-12-13 10:00:00+09:00,1369.0,1369.0,1369.0,1369.0,100,0.0,0.0
2022-12-13 11:00:00+09:00,1369.0,1369.0,1369.0,1369.0,0,0.0,0.0
2022-12-13 12:00:00+09:00,1365.0,1365.0,1365.0,1365.0,1100,0.0,0.0
2022-12-13 13:00:00+09:00,1365.0,1365.0,1364.0,1365.0,0,0.0,0.0
2022-12-13 14:00:00+09:00,1364.0,1364.0,1364.0,1364.0,1800,0.0,0.0
2022-12-14 09:00:00+09:00,1364.0,1364.0,1364.0,1364.0,600,0.0,0.0
2022-12-14 10:00:00+09:00,1368.0,1368.0,1366.0,1366.0,400,0.0,0.0
2022-12-14 11:00:00+09:00,1368.0,1368.0,1368.0,1368.0,0,0.0,0.0
2022-12-14 12:00:00+09:00,1366.0,1366.0,1365.0,1365.0,1500,0.0,0.0
2022-12-14 14:00:00+09:00,1369.0,1369.0,1364.0,1364.0,1000,0.0,0.0
2022-12-15 09:00:00+09:00,1374.0,1374.0,1369.0,1369.0,2700,0.0,0.0
2022-12-15 10:00:00+09:00,1366.0,1366.0,1366.0,1366.0,100,0.0,0.0
2022-12-15 11:00:00+09:00,1366.0,1366.0,1366.0,1366.0,0,0.0,0.0
2022-12-15 12:00:00+09:00,1366.0,1366.0,1366.0,1366.0,2900,0.0,0.0
2022-12-15 13:00:00+09:00,1367.0,1367.0,1366.0,1366.0,300,0.0,0.0
2022-12-15 14:00:00+09:00,1366.0,1366.0,1366.0,1366.0,100,0.0,0.0
2022-12-16 09:00:00+09:00,1367.0,1369.0,1364.0,1369.0,800,0.0,0.0
2022-12-16 10:00:00+09:00,1364.0,1364.0,1364.0,1364.0,300,0.0,0.0
2022-12-16 11:00:00+09:00,1364.0,1364.0,1364.0,1364.0,0,0.0,0.0
2022-12-16 12:00:00+09:00,1364.0,1364.0,1364.0,1364.0,1300,0.0,0.0
2022-12-16 13:00:00+09:00,1368.0,1368.0,1368.0,1368.0,200,0.0,0.0
2022-12-16 14:00:00+09:00,1369.0,1369.0,1369.0,1369.0,100,0.0,0.0
2022-12-19 09:00:00+09:00,1369.0,1373.0,1369.0,1373.0,800,0.0,0.0
2022-12-19 10:00:00+09:00,1369.0,1369.0,1369.0,1369.0,100,0.0,0.0
2022-12-19 11:00:00+09:00,1368.0,1368.0,1364.0,1364.0,0,0.0,0.0
2022-12-19 12:00:00+09:00,1364.0,1364.0,1364.0,1364.0,1700,0.0,0.0
2022-12-20 09:00:00+09:00,1366.0,1370.0,1366.0,1367.0,700,0.0,0.0
2022-12-20 10:00:00+09:00,1365.0,1368.0,1364.0,1364.0,800,0.0,0.0
2022-12-20 11:00:00+09:00,1364.0,1364.0,1364.0,1364.0,0,0.0,0.0
2022-12-20 12:00:00+09:00,1364.0,1364.0,1364.0,1364.0,1700,0.0,0.0
2022-12-20 13:00:00+09:00,1364.0,1364.0,1363.0,1363.0,500,0.0,0.0
2022-12-20 14:00:00+09:00,1363.0,1363.0,1363.0,1363.0,400,0.0,0.0
2022-12-21 09:00:00+09:00,1368.0,1368.0,1365.0,1365.0,200,0.0,0.0
2022-12-21 10:00:00+09:00,1368.0,1368.0,1368.0,1368.0,100,0.0,0.0
2022-12-21 11:00:00+09:00,1368.0,1368.0,1365.0,1365.0,0,0.0,0.0
2022-12-21 12:00:00+09:00,1366.0,1366.0,1366.0,1366.0,700,0.0,0.0
2022-12-21 13:00:00+09:00,1368.0,1368.0,1368.0,1368.0,0,0.0,0.0
2022-12-21 14:00:00+09:00,1366.0,1368.0,1366.0,1367.0,1300,0.0,0.0
2022-12-22 09:00:00+09:00,1370.0,1371.0,1367.0,1367.0,600,0.0,0.0
2022-12-22 10:00:00+09:00,1367.0,1375.0,1367.0,1373.0,1200,0.0,0.0
2022-12-22 11:00:00+09:00,1373.0,1373.0,1373.0,1373.0,0,0.0,0.0
2022-12-22 12:00:00+09:00,1373.0,1373.0,1373.0,1373.0,1900,0.0,0.0
2022-12-22 13:00:00+09:00,1370.0,1370.0,1370.0,1370.0,100,0.0,0.0
2022-12-22 14:00:00+09:00,1369.0,1369.0,1368.0,1368.0,300,0.0,0.0
2022-12-23 09:00:00+09:00,1366.0,1370.0,1366.0,1367.0,700,0.0,0.0
2022-12-23 11:00:00+09:00,1367.0,1367.0,1367.0,1367.0,0,0.0,0.0
2022-12-23 12:00:00+09:00,1368.0,1368.0,1368.0,1368.0,900,0.0,0.0
2022-12-23 13:00:00+09:00,1368.0,1368.0,1368.0,1368.0,100,0.0,0.0
2022-12-23 14:00:00+09:00,1370.0,1372.0,1368.0,1368.0,600,0.0,0.0
2022-12-26 09:00:00+09:00,1374.0,1374.0,1370.0,1370.0,0,0.0,0.0
2022-12-26 11:00:00+09:00,1370.0,1370.0,1370.0,1370.0,0,0.0,0.0
2022-12-26 12:00:00+09:00,1370.0,1370.0,1370.0,1370.0,1800,0.0,0.0
2022-12-26 13:00:00+09:00,1371.0,1371.0,1370.0,1370.0,200,0.0,0.0
2022-12-26 14:00:00+09:00,1370.0,1370.0,1370.0,1370.0,300,0.0,0.0
2022-12-27 09:00:00+09:00,1370.0,1370.0,1366.0,1370.0,1100,0.0,0.0
2022-12-27 10:00:00+09:00,1367.0,1367.0,1367.0,1367.0,100,0.0,0.0
2022-12-27 11:00:00+09:00,1367.0,1367.0,1367.0,1367.0,0,0.0,0.0
2022-12-27 12:00:00+09:00,1367.0,1370.0,1367.0,1370.0,1700,0.0,0.0
2022-12-27 13:00:00+09:00,1367.0,1367.0,1367.0,1367.0,200,0.0,0.0
2022-12-27 14:00:00+09:00,1367.0,1367.0,1366.0,1366.0,500,0.0,0.0
2022-12-28 09:00:00+09:00,1366.0,1368.0,1366.0,1366.0,400,0.0,0.0
2022-12-28 10:00:00+09:00,1367.0,1367.0,1367.0,1367.0,0,0.0,0.0
2022-12-28 11:00:00+09:00,1367.0,1367.0,1366.0,1366.0,0,0.0,0.0
2022-12-28 12:00:00+09:00,1368.0,1369.0,1368.0,1369.0,1300,0.0,0.0
2022-12-28 13:00:00+09:00,1370.0,1370.0,1366.0,1369.0,400,0.0,0.0
2022-12-28 14:00:00+09:00,1366.0,1366.0,1366.0,1366.0,100,0.0,0.0
2022-12-29 09:00:00+09:00,1365.0,1365.0,1365.0,1365.0,1300,0.0,0.0
2022-12-29 11:00:00+09:00,1365.0,1365.0,1365.0,1365.0,0,0.0,0.0
2022-12-29 12:00:00+09:00,1369.0,1369.0,1369.0,1369.0,1400,0.0,0.0
2022-12-29 13:00:00+09:00,1366.0,1366.0,1366.0,1366.0,200,0.0,0.0
2022-12-29 14:00:00+09:00,1365.0,1365.0,1365.0,1365.0,100,0.0,0.0
2022-12-30 09:00:00+09:00,1365.0,1365.0,1365.0,1365.0,500,0.0,0.0
2022-12-30 11:00:00+09:00,1366.0,1366.0,1366.0,1366.0,0,0.0,0.0
2022-12-30 13:00:00+09:00,1370.0,1370.0,1370.0,1370.0,0,0.0,0.0
2022-12-30 14:00:00+09:00,1370.0,1370.0,1368.0,1368.0,1100,0.0,0.0
2023-01-04 09:00:00+09:00,1371.0,1371.0,1368.0,1368.0,0,0.0,0.0
2023-01-04 10:00:00+09:00,1370.0,1370.0,1367.0,1367.0,600,0.0,0.0
2023-01-04 11:00:00+09:00,1367.0,1367.0,1366.0,1366.0,0,0.0,0.0
2023-01-04 12:00:00+09:00,1374.0,1374.0,1367.0,1367.0,2000,0.0,0.0
2023-01-04 13:00:00+09:00,1367.0,1367.0,1367.0,1367.0,100,0.0,0.0
2023-01-04 14:00:00+09:00,1367.0,1367.0,1367.0,1367.0,100,0.0,0.0
2023-01-05 09:00:00+09:00,1366.0,1366.0,1365.0,1365.0,800,0.0,0.0
2023-01-05 11:00:00+09:00,1365.0,1365.0,1365.0,1365.0,0,0.0,0.0
2023-01-05 12:00:00+09:00,1366.0,1366.0,1366.0,1366.0,1000,0.0,0.0
2023-01-05 13:00:00+09:00,1369.0,1369.0,1368.0,1368.0,200,0.0,0.0
2023-01-05 14:00:00+09:00,1368.0,1368.0,1367.0,1367.0,200,0.0,0.0
2023-01-06 09:00:00+09:00,1367.0,1369.0,1365.0,1365.0,0,0.0,0.0
2023-01-06 11:00:00+09:00,1369.0,1370.0,1367.0,1367.0,0,0.0,0.0
2023-01-06 12:00:00+09:00,1370.0,1370.0,1370.0,1370.0,1600,0.0,0.0
2023-01-06 13:00:00+09:00,1370.0,1370.0,1368.0,1368.0,400,0.0,0.0
2023-01-06 14:00:00+09:00,1371.0,1371.0,1369.0,1369.0,400,0.0,0.0
2023-01-10 09:00:00+09:00,1374.0,1374.0,1370.0,1370.0,0,0.0,0.0
2023-01-10 10:00:00+09:00,1373.0,1373.0,1373.0,1373.0,200,0.0,0.0
2023-01-10 11:00:00+09:00,1371.0,1371.0,1371.0,1371.0,0,0.0,0.0
2023-01-10 12:00:00+09:00,1371.0,1371.0,1371.0,1371.0,1700,0.0,0.0
2023-01-10 13:00:00+09:00,1370.0,1374.0,1369.0,1374.0,500,0.0,0.0
2023-01-10 14:00:00+09:00,1373.0,1374.0,1369.0,1369.0,1200,0.0,0.0
2023-01-11 09:00:00+09:00,1369.0,1374.0,1369.0,1373.0,400,0.0,0.0
2023-01-11 10:00:00+09:00,1375.0,1375.0,1375.0,1375.0,600,0.0,0.0
2023-01-11 11:00:00+09:00,1372.0,1372.0,1372.0,1372.0,0,0.0,0.0
2023-01-11 12:00:00+09:00,1371.0,1376.0,1371.0,1376.0,1500,0.0,0.0
2023-01-11 13:00:00+09:00,1372.0,1372.0,1372.0,1372.0,100,0.0,0.0
2023-01-11 14:00:00+09:00,1375.0,1375.0,1374.0,1374.0,200,0.0,0.0
2023-01-12 09:00:00+09:00,1374.0,1374.0,1374.0,1374.0,100,0.0,0.0
2023-01-12 10:00:00+09:00,1370.0,1370.0,1370.0,1370.0,100,0.0,0.0
2023-01-12 11:00:00+09:00,1370.0,1370.0,1370.0,1370.0,0,0.0,0.0
2023-01-12 12:00:00+09:00,1371.0,1371.0,1371.0,1371.0,300,0.0,0.0
2023-01-12 13:00:00+09:00,1371.0,1371.0,1371.0,1371.0,100,0.0,0.0
2023-01-12 14:00:00+09:00,1373.0,1373.0,1371.0,1371.0,400,0.0,0.0
2023-01-13 09:00:00+09:00,1370.0,1370.0,1370.0,1370.0,700,0.0,0.0
2023-01-13 10:00:00+09:00,1371.0,1371.0,1371.0,1371.0,100,0.0,0.0
2023-01-13 11:00:00+09:00,1371.0,1371.0,1371.0,1371.0,0,0.0,0.0
2023-01-13 13:00:00+09:00,1370.0,1371.0,1368.0,1368.0,1600,0.0,0.0
2023-01-13 14:00:00+09:00,1368.0,1368.0,1368.0,1368.0,200,0.0,0.0
2023-01-16 09:00:00+09:00,1368.0,1368.0,1366.0,1366.0,800,0.0,0.0
2023-01-16 10:00:00+09:00,1370.0,1370.0,1370.0,1370.0,100,0.0,0.0
2023-01-16 11:00:00+09:00,1368.0,1368.0,1368.0,1368.0,0,0.0,0.0
2023-01-16 13:00:00+09:00,1367.0,1367.0,1367.0,1367.0,1100,0.0,0.0
2023-01-16 14:00:00+09:00,1373.0,1373.0,1373.0,1373.0,100,0.0,0.0
2023-01-17 09:00:00+09:00,1374.0,1375.0,1370.0,1370.0,600,0.0,0.0
2023-01-17 10:00:00+09:00,1371.0,1374.0,1371.0,1374.0,200,0.0,0.0
2023-01-17 11:00:00+09:00,1374.0,1374.0,1374.0,1374.0,0,0.0,0.0
2023-01-17 12:00:00+09:00,1375.0,1375.0,1375.0,1375.0,900,0.0,0.0
2023-01-17 13:00:00+09:00,1370.0,1370.0,1370.0,1370.0,100,0.0,0.0
2023-01-17 14:00:00+09:00,1374.0,1374.0,1370.0,1370.0,200,0.0,0.0
2023-01-18 09:00:00+09:00,1378.0,1378.0,1371.0,1376.0,1200,0.0,0.0
2023-01-18 10:00:00+09:00,1376.0,1377.0,1376.0,1377.0,200,0.0,0.0
2023-01-18 11:00:00+09:00,1377.0,1377.0,1377.0,1377.0,0,0.0,0.0
2023-01-18 12:00:00+09:00,1375.0,1375.0,1375.0,1375.0,1500,0.0,0.0
2023-01-18 13:00:00+09:00,1374.0,1375.0,1372.0,1375.0,400,0.0,0.0
2023-01-18 14:00:00+09:00,1371.0,1371.0,1371.0,1371.0,200,0.0,0.0
2023-01-19 09:00:00+09:00,1371.0,1371.0,1371.0,1371.0,100,0.0,0.0
2023-01-19 11:00:00+09:00,1376.0,1376.0,1376.0,1376.0,0,0.0,0.0
2023-01-19 13:00:00+09:00,1373.0,1373.0,1373.0,1373.0,300,0.0,0.0
2023-01-19 14:00:00+09:00,1372.0,1372.0,1372.0,1372.0,100,0.0,0.0
2023-01-20 09:00:00+09:00,1375.0,1377.0,1375.0,1377.0,500,0.0,0.0
2023-01-20 10:00:00+09:00,1377.0,1377.0,1376.0,1376.0,200,0.0,0.0
2023-01-20 11:00:00+09:00,1375.0,1375.0,1375.0,1375.0,0,0.0,0.0
2023-01-20 12:00:00+09:00,1376.0,1376.0,1376.0,1376.0,900,0.0,0.0
2023-01-20 13:00:00+09:00,1375.0,1375.0,1373.0,1373.0,200,0.0,0.0
2023-01-20 14:00:00+09:00,1375.0,1375.0,1375.0,1375.0,100,0.0,0.0
2023-01-23 09:00:00+09:00,1375.0,1375.0,1371.0,1371.0,400,0.0,0.0
2023-01-23 11:00:00+09:00,1371.0,1371.0,1371.0,1371.0,0,0.0,0.0
2023-01-23 12:00:00+09:00,1377.0,1377.0,1377.0,1377.0,500,0.0,0.0
2023-01-23 13:00:00+09:00,1377.0,1377.0,1372.0,1372.0,600,0.0,0.0
2023-01-23 14:00:00+09:00,1372.0,1372.0,1372.0,1372.0,100,0.0,0.0
2023-01-24 09:00:00+09:00,1378.0,1378.0,1378.0,1378.0,500,0.0,0.0
2023-01-24 10:00:00+09:00,1378.0,1378.0,1378.0,1378.0,200,0.0,0.0
2023-01-24 11:00:00+09:00,1378.0,1378.0,1378.0,1378.0,0,0.0,0.0
2023-01-24 13:00:00+09:00,1375.0,1375.0,1373.0,1373.0,1200,0.0,0.0
2023-01-24 14:00:00+09:00,1377.0,1377.0,1377.0,1377.0,300,0.0,0.0
2023-01-25 09:00:00+09:00,1380.0,1380.0,1375.0,1379.0,1200,0.0,0.0
2023-01-25 10:00:00+09:00,1379.0,1379.0,1379.0,1379.0,100,0.0,0.0
2023-01-25 11:00:00+09:00,1379.0,1379.0,1379.0,1379.0,0,0.0,0.0
2023-01-25 12:00:00+09:00,1379.0,1379.0,1377.0,1377.0,1500,0.0,0.0
2023-01-25 13:00:00+09:00,1376.0,1376.0,1376.0,1376.0,100,0.0,0.0
2023-01-25 14:00:00+09:00,1375.0,1377.0,1375.0,1376.0,500,0.0,0.0
2023-01-26 09:00:00+09:00,1375.0,1375.0,1375.0,1375.0,400,0.0,0.0
2023-01-26 10:00:00+09:00,1376.0,1376.0,1375.0,1375.0,200,0.0,0.0
2023-01-26 11:00:00+09:00,1375.0,1377.0,1374.0,1374.0,0,0.0,0.0
2023-01-26 12:00:00+09:00,1379.0,1379.0,1375.0,1375.0,1100,0.0,0.0
2023-01-26 13:00:00+09:00,1374.0,1374.0,1374.0,1374.0,100,0.0,0.0
2023-01-26 14:00:00+09:00,1379.0,1379.0,1379.0,1379.0,100,0.0,0.0
2023-01-27 09:00:00+09:00,1376.0,1376.0,1376.0,1376.0,200,0.0,0.0
2023-01-27 11:00:00+09:00,1376.0,1376.0,1376.0,1376.0,0,0.0,0.0
2023-01-27 12:00:00+09:00,1376.0,1376.0,1376.0,1376.0,400,0.0,0.0
2023-01-27 13:00:00+09:00,1376.0,1376.0,1376.0,1376.0,100,0.0,0.0
2023-01-30 09:00:00+09:00,1374.0,1376.0,1374.0,1376.0,1100,0.0,0.0
2023-01-30 10:00:00+09:00,1375.0,1375.0,1375.0,1375.0,100,0.0,0.0
2023-01-30 11:00:00+09:00,1376.0,1376.0,1376.0,1376.0,0,0.0,0.0
2023-01-30 12:00:00+09:00,1374.0,1374.0,1374.0,1374.0,1900,0.0,0.0
2023-01-30 13:00:00+09:00,1375.0,1377.0,1374.0,1377.0,300,0.0,0.0
2023-01-30 14:00:00+09:00,1378.0,1380.0,1375.0,1375.0,900,0.0,0.0
2023-01-31 09:00:00+09:00,1379.0,1379.0,1377.0,1377.0,500,0.0,0.0
2023-01-31 10:00:00+09:00,1377.0,1377.0,1376.0,1376.0,200,0.0,0.0
2023-01-31 11:00:00+09:00,1376.0,1376.0,1376.0,1376.0,0,0.0,0.0
2023-01-31 12:00:00+09:00,1376.0,1376.0,1376.0,1376.0,800,0.0,0.0
2023-01-31 13:00:00+09:00,1376.0,1376.0,1376.0,1376.0,100,0.0,0.0
2023-01-31 14:00:00+09:00,1376.0,1376.0,1375.0,1375.0,300,0.0,0.0
2023-02-01 09:00:00+09:00,1379.0,1380.0,1375.0,1375.0,1300,0.0,0.0
2023-02-01 10:00:00+09:00,1376.0,1376.0,1376.0,1376.0,100,0.0,0.0
2023-02-01 11:00:00+09:00,1376.0,1376.0,1376.0,1376.0,0,0.0,0.0
2023-02-01 12:00:00+09:00,1376.0,1376.0,1376.0,1376.0,1700,0.0,0.0
2023-02-01 14:00:00+09:00,1376.0,1378.0,1376.0,1377.0,400,0.0,0.0
2023-02-02 09:00:00+09:00,1378.0,1378.0,1377.0,1377.0,800,0.0,0.0
2023-02-02 10:00:00+09:00,1379.0,1379.0,1376.0,1376.0,400,0.0,0.0
2023-02-02 11:00:00+09:00,1376.0,1376.0,1376.0,1376.0,0,0.0,0.0
2023-02-02 12:00:00+09:00,1377.0,1377.0,1377.0,1377.0,1300,0.0,0.0
2023-02-02 14:00:00+09:00,1377.0,1377.0,1377.0,1377.0,100,0.0,0.0
2023-02-03 09:00:00+09:00,1377.0,1379.0,1377.0,1379.0,400,0.0,0.0
2023-02-03 10:00:00+09:00,1379.0,1379.0,1379.0,1379.0,200,0.0,0.0
2023-02-03 11:00:00+09:00,1379.0,1379.0,1379.0,1379.0,0,0.0,0.0
2023-02-03 12:00:00+09:00,1380.0,1380.0,1380.0,1380.0,700,0.0,0.0
2023-02-03 13:00:00+09:00,1379.0,1379.0,1378.0,1378.0,500,0.0,0.0
2023-02-03 14:00:00+09:00,1379.0,1380.0,1379.0,1380.0,300,0.0,0.0
2023-02-06 09:00:00+09:00,1380.0,1380.0,1378.0,1378.0,1100,0.0,0.0
2023-02-06 10:00:00+09:00,1380.0,1380.0,1378.0,1378.0,300,0.0,0.0
2023-02-06 11:00:00+09:00,1379.0,1379.0,1378.0,1378.0,0,0.0,0.0
2023-02-06 13:00:00+09:00,1378.0,1380.0,1378.0,1378.0,2100,0.0,0.0
2023-02-06 14:00:00+09:00,1379.0,1379.0,1377.0,1377.0,700,0.0,0.0
2023-02-07 09:00:00+09:00,1383.0,1383.0,1377.0,1380.0,1300,0.0,0.0
2023-02-07 10:00:00+09:00,1379.0,1379.0,1378.0,1378.0,200,0.0,0.0
2023-02-07 11:00:00+09:00,1378.0,1378.0,1376.0,1376.0,0,0.0,0.0
2023-02-07 12:00:00+09:00,1376.0,1376.0,1376.0,1376.0,3300,0.0,0.0
2023-02-07 13:00:00+09:00,1378.0,1379.0,1377.0,1379.0,500,0.0,0.0
2023-02-07 14:00:00+09:00,1378.0,1378.0,1376.0,1376.0,500,0.0,0.0
2023-02-08 09:00:00+09:00,1376.0,1381.0,1376.0,1377.0,1200,0.0,0.0
2023-02-08 10:00:00+09:00,1377.0,1377.0,1374.0,1375.0,1900,0.0,0.0
2023-02-08 11:00:00+09:00,1378.0,1378.0,1378.0,1378.0,0,0.0,0.0
2023-02-08 12:00:00+09:00,1376.0,1376.0,1376.0,1376.0,3400,0.0,0.0
2023-02-08 13:00:00+09:00,1375.0,1375.0,1375.0,1375.0,200,0.0,0.0
2023-02-08 14:00:00+09:00,1376.0,1376.0,1375.0,1376.0,500,0.0,0.0
2023-02-09 09:00:00+09:00,1375.0,1377.0,1375.0,1376.0,500,0.0,0.0
2023-02-09 10:00:00+09:00,1376.0,1376.0,1376.0,1376.0,100,0.0,0.0
2023-02-09 11:00:00+09:00,1375.0,1375.0,1375.0,1375.0,0,0.0,0.0
2023-02-09 12:00:00+09:00,1375.0,1375.0,1374.0,1374.0,1200,0.0,0.0
2023-02-09 13:00:00+09:00,1374.0,1374.0,1374.0,1374.0,100,0.0,0.0
2023-02-09 14:00:00+09:00,1376.0,1376.0,1374.0,1374.0,200,0.0,0.0
2023-02-10 09:00:00+09:00,1378.0,1379.0,1377.0,1379.0,600,0.0,0.0
2023-02-10 10:00:00+09:00,1375.0,1375.0,1375.0,1375.0,100,0.0,0.0
2023-02-10 11:00:00+09:00,1375.0,1375.0,1375.0,1375.0,0,0.0,0.0
2023-02-10 12:00:00+09:00,1375.0,1379.0,1375.0,1379.0,1100,0.0,0.0
2023-02-10 13:00:00+09:00,1376.0,1376.0,1376.0,1376.0,200,0.0,0.0
2023-02-10 14:00:00+09:00,1375.0,1376.0,1375.0,1376.0,400,0.0,0.0
2023-02-13 09:00:00+09:00,1380.0,1380.0,1380.0,1380.0,700,0.0,0.0
2023-02-13 10:00:00+09:00,1378.0,1378.0,1377.0,1377.0,300,0.0,0.0
2023-02-13 11:00:00+09:00,1377.0,1377.0,1377.0,1377.0,0,0.0,0.0
2023-02-13 12:00:00+09:00,1380.0,1380.0,1377.0,1377.0,1300,0.0,0.0
2023-02-13 14:00:00+09:00,1377.0,1380.0,1377.0,1378.0,400,0.0,0.0
2023-02-14 09:00:00+09:00,1379.0,1379.0,1379.0,1379.0,400,0.0,0.0
2023-02-14 11:00:00+09:00,1380.0,1380.0,1379.0,1379.0,0,0.0,0.0
2023-02-14 12:00:00+09:00,1380.0,1380.0,1380.0,1380.0,900,0.0,0.0
2023-02-14 13:00:00+09:00,1379.0,1379.0,1379.0,1379.0,300,0.0,0.0
2023-02-14 14:00:00+09:00,1380.0,1380.0,1379.0,1379.0,400,0.0,0.0
2023-02-15 09:00:00+09:00,1377.0,1380.0,1377.0,1380.0,200,0.0,0.0
2023-02-15 10:00:00+09:00,1380.0,1380.0,1380.0,1380.0,100,0.0,0.0
2023-02-15 11:00:00+09:00,1380.0,1380.0,1380.0,1380.0,0,0.0,0.0
2023-02-15 12:00:00+09:00,1379.0,1379.0,1379.0,1379.0,600,0.0,0.0
2023-02-15 14:00:00+09:00,1380.0,1380.0,1379.0,1379.0,300,0.0,0.0
2023-02-16 09:00:00+09:00,1380.0,1380.0,1380.0,1380.0,400,0.0,0.0
2023-02-16 10:00:00+09:00,1380.0,1382.0,1380.0,1381.0,500,0.0,0.0
2023-02-16 11:00:00+09:00,1380.0,1380.0,1380.0,1380.0,0,0.0,0.0
2023-02-16 13:00:00+09:00,1380.0,1382.0,1380.0,1382.0,1300,0.0,0.0
2023-02-16 14:00:00+09:00,1382.0,1382.0,1380.0,1380.0,200,0.0,0.0
2023-02-17 09:00:00+09:00,1380.0,1383.0,1380.0,1383.0,0,0.0,0.0
2023-02-17 11:00:00+09:00,1383.0,1383.0,1383.0,1383.0,0,0.0,0.0
2023-02-17 12:00:00+09:00,1382.0,1382.0,1382.0,1382.0,0,0.0,0.0
2023-02-17 13:00:00+09:00,1382.0,1382.0,1382.0,1382.0,1100,0.0,0.0
2023-02-17 14:00:00+09:00,1381.0,1382.0,1381.0,1382.0,200,0.0,0.0
2023-02-20 09:00:00+09:00,1383.0,1384.0,1383.0,1383.0,0,0.0,0.0
2023-02-20 10:00:00+09:00,1384.0,1384.0,1384.0,1384.0,500,0.0,0.0
2023-02-20 11:00:00+09:00,1384.0,1384.0,1384.0,1384.0,0,0.0,0.0
2023-02-20 12:00:00+09:00,1384.0,1384.0,1383.0,1383.0,1100,0.0,0.0
2023-02-20 13:00:00+09:00,1384.0,1386.0,1384.0,1385.0,1700,0.0,0.0
2023-02-20 14:00:00+09:00,1387.0,1387.0,1387.0,1387.0,100,0.0,0.0
2023-02-21 09:00:00+09:00,1387.0,1387.0,1387.0,1387.0,0,0.0,0.0
2023-02-21 10:00:00+09:00,1386.0,1386.0,1386.0,1386.0,400,0.0,0.0
2023-02-21 11:00:00+09:00,1386.0,1386.0,1386.0,1386.0,0,0.0,0.0
2023-02-21 12:00:00+09:00,1385.0,1385.0,1385.0,1385.0,600,0.0,0.0
2023-02-21 13:00:00+09:00,1385.0,1386.0,1385.0,1385.0,500,0.0,0.0
2023-02-21 14:00:00+09:00,1384.0,1385.0,1384.0,1385.0,200,0.0,0.0
2023-02-22 09:00:00+09:00,1389.0,1389.0,1389.0,1389.0,700,0.0,0.0
2023-02-22 11:00:00+09:00,1389.0,1389.0,1389.0,1389.0,0,0.0,0.0
2023-02-22 12:00:00+09:00,1387.0,1388.0,1385.0,1385.0,1100,0.0,0.0
2023-02-22 13:00:00+09:00,1388.0,1388.0,1388.0,1388.0,100,0.0,0.0
2023-02-22 14:00:00+09:00,1385.0,1388.0,1385.0,1388.0,300,0.0,0.0
2023-02-24 09:00:00+09:00,1388.0,1388.0,1388.0,1388.0,0,0.0,0.0
2023-02-24 11:00:00+09:00,1388.0,1388.0,1388.0,1388.0,0,0.0,0.0
2023-02-24 12:00:00+09:00,1388.0,1388.0,1388.0,1388.0,1200,0.0,0.0
2023-02-24 13:00:00+09:00,1388.0,1388.0,1387.0,1387.0,200,0.0,0.0
2023-02-24 14:00:00+09:00,1386.0,1387.0,1386.0,1387.0,500,0.0,0.0
2023-02-27 09:00:00+09:00,1389.0,1389.0,1380.0,1385.0,700,0.0,0.0
2023-02-27 10:00:00+09:00,1380.0,1385.0,1380.0,1385.0,200,0.0,0.0
2023-02-27 11:00:00+09:00,1385.0,1385.0,1385.0,1385.0,0,0.0,0.0
2023-02-27 12:00:00+09:00,1388.0,1389.0,1381.0,1389.0,3400,0.0,0.0
2023-02-27 13:00:00+09:00,1387.0,1387.0,1387.0,1387.0,200,0.0,0.0
2023-02-27 14:00:00+09:00,1386.0,1389.0,1382.0,1382.0,600,0.0,0.0
2023-02-28 09:00:00+09:00,1382.0,1390.0,1382.0,1390.0,1400,0.0,0.0
2023-02-28 10:00:00+09:00,1390.0,1390.0,1385.0,1385.0,200,0.0,0.0
2023-02-28 11:00:00+09:00,1383.0,1383.0,1383.0,1383.0,0,0.0,0.0
2023-02-28 12:00:00+09:00,1383.0,1387.0,1383.0,1387.0,2300,0.0,0.0
2023-02-28 13:00:00+09:00,1385.0,1385.0,1385.0,1385.0,100,0.0,0.0
2023-02-28 14:00:00+09:00,1388.0,1390.0,1388.0,1390.0,400,0.0,0.0
2023-03-01 09:00:00+09:00,1385.0,1389.0,1384.0,1388.0,500,0.0,0.0
2023-03-01 10:00:00+09:00,1388.0,1389.0,1388.0,1389.0,400,0.0,0.0
2023-03-01 11:00:00+09:00,1389.0,1389.0,1389.0,1389.0,0,0.0,0.0
2023-03-01 12:00:00+09:00,1389.0,1389.0,1386.0,1386.0,1300,0.0,0.0
2023-03-01 13:00:00+09:00,1385.0,1388.0,1385.0,1388.0,300,0.0,0.0
2023-03-01 14:00:00+09:00,1388.0,1389.0,1388.0,1389.0,400,0.0,0.0
2023-03-02 09:00:00+09:00,1389.0,1389.0,1389.0,1389.0,100,0.0,0.0
2023-03-02 10:00:00+09:00,1389.0,1389.0,1389.0,1389.0,200,0.0,0.0
2023-03-02 11:00:00+09:00,1389.0,1389.0,1388.0,1388.0,0,0.0,0.0
2023-03-02 12:00:00+09:00,1388.0,1388.0,1387.0,1387.0,700,0.0,0.0
2023-03-02 14:00:00+09:00,1388.0,1388.0,1385.0,1385.0,1200,0.0,0.0
2023-03-03 09:00:00+09:00,1388.0,1388.0,1385.0,1385.0,900,0.0,0.0
2023-03-03 10:00:00+09:00,1385.0,1385.0,1385.0,1385.0,200,0.0,0.0
2023-03-03 11:00:00+09:00,1385.0,1385.0,1385.0,1385.0,0,0.0,0.0
2023-03-03 12:00:00+09:00,1385.0,1385.0,1385.0,1385.0,1700,0.0,0.0
2023-03-03 13:00:00+09:00,1389.0,1389.0,1389.0,1389.0,0,0.0,0.0
2023-03-03 14:00:00+09:00,1385.0,1385.0,1385.0,1385.0,2200,0.0,0.0
2023-03-06 09:00:00+09:00,1389.0,1389.0,1385.0,1385.0,0,0.0,0.0
2023-03-06 10:00:00+09:00,1389.0,1389.0,1389.0,1389.0,100,0.0,0.0
2023-03-06 11:00:00+09:00,1389.0,1389.0,1389.0,1389.0,0,0.0,0.0
2023-03-06 12:00:00+09:00,1389.0,1389.0,1388.0,1388.0,2800,0.0,0.0
2023-03-06 13:00:00+09:00,1387.0,1387.0,1387.0,1387.0,200,0.0,0.0
2023-03-06 14:00:00+09:00,1385.0,1388.0,1384.0,1386.0,900,0.0,0.0
2023-03-07 09:00:00+09:00,1386.0,1387.0,1386.0,1387.0,600,0.0,0.0
2023-03-07 10:00:00+09:00,1389.0,1389.0,1389.0,1389.0,200,0.0,0.0
2023-03-07 11:00:00+09:00,1387.0,1387.0,1387.0,1387.0,0,0.0,0.0
2023-03-07 12:00:00+09:00,1387.0,1388.0,1387.0,1388.0,1300,0.0,0.0
2023-03-07 13:00:00+09:00,1387.0,1387.0,1386.0,1386.0,200,0.0,0.0
2023-03-07 14:00:00+09:00,1388.0,1389.0,1386.0,1386.0,700,0.0,0.0
2023-03-08 09:00:00+09:00,1387.0,1387.0,1386.0,1386.0,1400,0.0,0.0
2023-03-08 11:00:00+09:00,1386.0,1386.0,1386.0,1386.0,0,0.0,0.0
2023-03-08 13:00:00+09:00,1389.0,1389.0,1386.0,1386.0,2200,0.0,0.0
2023-03-08 14:00:00+09:00,1389.0,1389.0,1389.0,1389.0,100,0.0,0.0
2023-03-09 09:00:00+09:00,1390.0,1390.0,1389.0,1389.0,300,0.0,0.0
2023-03-09 10:00:00+09:00,1389.0,1390.0,1389.0,1390.0,300,0.0,0.0
2023-03-09 11:00:00+09:00,1390.0,1390.0,1390.0,1390.0,0,0.0,0.0
2023-03-09 12:00:00+09:00,1390.0,1390.0,1389.0,1389.0,1000,0.0,0.0
2023-03-09 13:00:00+09:00,1389.0,1389.0,1389.0,1389.0,100,0.0,0.0
2023-03-09 14:00:00+09:00,1390.0,1392.0,1390.0,1392.0,600,0.0,0.0
2023-03-10 09:00:00+09:00,1390.0,1390.0,1389.0,1389.0,1300,0.0,0.0
2023-03-10 10:00:00+09:00,1390.0,1394.0,1390.0,1394.0,600,0.0,0.0
2023-03-10 11:00:00+09:00,1395.0,1398.0,1390.0,1392.0,0,0.0,0.0
2023-03-10 12:00:00+09:00,1392.0,1392.0,1392.0,1392.0,3500,0.0,0.0
2023-03-10 13:00:00+09:00,1390.0,1397.0,1390.0,1397.0,200,0.0,0.0
2023-03-10 14:00:00+09:00,1397.0,1397.0,1397.0,1397.0,200,0.0,0.0
2023-03-13 09:00:00+09:00,1398.0,1398.0,1390.0,1393.0,0,0.0,0.0
2023-03-13 11:00:00+09:00,1393.0,1393.0,1393.0,1393.0,0,0.0,0.0
2023-03-13 12:00:00+09:00,1390.0,1390.0,1390.0,1390.0,900,0.0,0.0
2023-03-13 13:00:00+09:00,1395.0,1395.0,1390.0,1390.0,200,0.0,0.0
2023-03-13 14:00:00+09:00,1394.0,1396.0,1394.0,1396.0,300,0.0,0.0
2023-03-14 09:00:00+09:00,1396.0,1396.0,1390.0,1390.0,1200,0.0,0.0
2023-03-14 10:00:00+09:00,1390.0,1391.0,1390.0,1391.0,500,0.0,0.0
2023-03-14 11:00:00+09:00,1390.0,1390.0,1388.0,1388.0,0,0.0,0.0
2023-03-14 12:00:00+09:00,1392.0,1392.0,1392.0,1392.0,2700,0.0,0.0
2023-03-14 13:00:00+09:00,1393.0,1393.0,1388.0,1393.0,800,0.0,0.0
2023-03-15 09:00:00+09:00,1393.0,1393.0,1389.0,1390.0,600,0.0,0.0
2023-03-15 10:00:00+09:00,1394.0,1395.0,1394.0,1395.0,500,0.0,0.0
2023-03-15 11:00:00+09:00,1390.0,1390.0,1388.0,1388.0,0,0.0,0.0
2023-03-15 12:00:00+09:00,1399.0,1399.0,1395.0,1395.0,2500,0.0,0.0
2023-03-15 13:00:00+09:00,1390.0,1397.0,1390.0,1397.0,200,0.0,0.0
2023-03-15 14:00:00+09:00,1395.0,1395.0,1388.0,1388.0,900,0.0,0.0
2023-03-16 09:00:00+09:00,1386.0,1392.0,1386.0,1392.0,1200,0.0,0.0
2023-03-16 10:00:00+09:00,1388.0,1388.0,1388.0,1388.0,200,0.0,0.0
2023-03-16 11:00:00+09:00,1388.0,1388.0,1388.0,1388.0,0,0.0,0.0
2023-03-16 13:00:00+09:00,1388.0,1388.0,1388.0,1388.0,1700,0.0,0.0
2023-03-16 14:00:00+09:00,1394.0,1394.0,1389.0,1389.0,200,0.0,0.0
2023-03-17 09:00:00+09:00,1394.0,1394.0,1390.0,1393.0,400,0.0,0.0
2023-03-17 11:00:00+09:00,1392.0,1392.0,1392.0,1392.0,0,0.0,0.0
2023-03-17 12:00:00+09:00,1394.0,1394.0,1394.0,1394.0,800,0.0,0.0
2023-03-17 13:00:00+09:00,1394.0,1394.0,1393.0,1393.0,300,0.0,0.0
2023-03-17 14:00:00+09:00,1393.0,1393.0,1393.0,1393.0,100,0.0,0.0
2023-03-20 09:00:00+09:00,1393.0,1393.0,1391.0,1391.0,3900,0.0,0.0
2023-03-20 11:00:00+09:00,1391.0,1391.0,1390.0,1390.0,0,0.0,0.0
2023-03-20 12:00:00+09:00,1391.0,1391.0,1387.0,1391.0,6400,0.0,0.0
2023-03-20 13:00:00+09:00,1386.0,1386.0,1385.0,1385.0,200,0.0,0.0
2023-03-20 14:00:00+09:00,1385.0,1385.0,1385.0,1385.0,200,0.0,0.0
2023-03-22 09:00:00+09:00,1393.0,1394.0,1385.0,1386.0,0,0.0,0.0
2023-03-22 10:00:00+09:00,1387.0,1387.0,1387.0,1387.0,100,0.0,0.0
2023-03-22 11:00:00+09:00,1390.0,1390.0,1390.0,1390.0,0,0.0,0.0
2023-03-22 12:00:00+09:00,1392.0,1392.0,1390.0,1392.0,3200,0.0,0.0
2023-03-22 14:00:00+09:00,1394.0,1394.0,1394.0,1394.0,300,0.0,0.0
2023-03-23 09:00:00+09:00,1396.0,1398.0,1396.0,1398.0,700,0.0,0.0
2023-03-23 10:00:00+09:00,1394.0,1394.0,1393.0,1394.0,300,0.0,0.0
2023-03-23 11:00:00+09:00,1394.0,1394.0,1394.0,1394.0,0,0.0,0.0
2023-03-23 12:00:00+09:00,1394.0,1394.0,1394.0,1394.0,1200,0.0,0.0
2023-03-23 13:00:00+09:00,1391.0,1391.0,1390.0,1390.0,300,0.0,0.0
2023-03-23 14:00:00+09:00,1394.0,1398.0,1391.0,1398.0,300,0.0,0.0
2023-03-24 09:00:00+09:00,1397.0,1397.0,1391.0,1391.0,1100,0.0,0.0
2023-03-24 10:00:00+09:00,1395.0,1395.0,1391.0,1391.0,200,0.0,0.0
2023-03-24 11:00:00+09:00,1396.0,1396.0,1396.0,1396.0,0,0.0,0.0
2023-03-24 12:00:00+09:00,1392.0,1397.0,1392.0,1397.0,1600,0.0,0.0
2023-03-24 13:00:00+09:00,1397.0,1397.0,1397.0,1397.0,200,0.0,0.0
2023-03-24 14:00:00+09:00,1397.0,1397.0,1391.0,1391.0,500,0.0,0.0
2023-03-27 09:00:00+09:00,1400.0,1400.0,1398.0,1400.0,3500,0.0,0.0
2023-03-27 10:00:00+09:00,1400.0,1400.0,1398.0,1398.0,900,0.0,0.0
2023-03-27 11:00:00+09:00,1397.0,1398.0,1392.0,1398.0,0,0.0,0.0
2023-03-27 12:00:00+09:00,1398.0,1398.0,1398.0,1398.0,5900,0.0,0.0
2023-03-27 13:00:00+09:00,1398.0,1398.0,1396.0,1396.0,300,0.0,0.0
2023-03-27 14:00:00+09:00,1395.0,1395.0,1395.0,1395.0,100,0.0,0.0
2023-03-28 09:00:00+09:00,1399.0,1399.0,1395.0,1395.0,1100,0.0,0.0
2023-03-28 10:00:00+09:00,1395.0,1399.0,1391.0,1399.0,1000,0.0,0.0
2023-03-28 11:00:00+09:00,1393.0,1399.0,1393.0,1399.0,0,0.0,0.0
2023-03-28 12:00:00+09:00,1399.0,1399.0,1396.0,1396.0,3000,0.0,0.0
2023-03-28 13:00:00+09:00,1397.0,1399.0,1397.0,1399.0,200,0.0,0.0
2023-03-28 14:00:00+09:00,1398.0,1398.0,1395.0,1395.0,300,0.0,0.0
2023-03-29 09:00:00+09:00,1386.0,1394.0,1386.0,1390.0,9800,0.0,0.0
2023-03-29 10:00:00+09:00,1391.0,1399.0,1390.0,1399.0,1500,0.0,0.0
2023-03-29 11:00:00+09:00,1396.0,1399.0,1395.0,1399.0,0,0.0,0.0
2023-03-29 12:00:00+09:00,1399.0,1400.0,1395.0,1400.0,15500,0.0,0.0
2023-03-29 13:00:00+09:00,1397.0,1400.0,1394.0,1400.0,900,0.0,0.0
2023-03-29 14:00:00+09:00,1399.0,1401.0,1398.0,1400.0,2000,0.0,0.0
2023-03-30 09:00:00+09:00,1353.0,1379.0,1353.0,1375.0,7600,0.0,0.0
2023-03-30 10:00:00+09:00,1375.0,1375.0,1365.0,1366.0,1100,0.0,0.0
2023-03-30 11:00:00+09:00,1374.0,1374.0,1369.0,1369.0,0,0.0,0.0
2023-03-30 12:00:00+09:00,1369.0,1370.0,1369.0,1370.0,9300,0.0,0.0
2023-03-30 13:00:00+09:00,1370.0,1370.0,1369.0,1370.0,400,0.0,0.0
2023-03-30 14:00:00+09:00,1371.0,1371.0,1370.0,1370.0,400,0.0,0.0
2023-03-31 09:00:00+09:00,1368.0,1370.0,1368.0,1368.0,1400,0.0,0.0
2023-03-31 11:00:00+09:00,1370.0,1370.0,1368.0,1368.0,0,0.0,0.0
2023-03-31 12:00:00+09:00,1368.0,1369.0,1368.0,1369.0,2600,0.0,0.0
2023-03-31 13:00:00+09:00,1368.0,1369.0,1368.0,1368.0,400,0.0,0.0
2023-03-31 14:00:00+09:00,1369.0,1370.0,1369.0,1369.0,500,0.0,0.0
2023-04-03 09:00:00+09:00,1369.0,1369.0,1366.0,1366.0,1600,0.0,0.0
2023-04-03 10:00:00+09:00,1365.0,1365.0,1365.0,1365.0,400,0.0,0.0
2023-04-03 11:00:00+09:00,1366.0,1366.0,1365.0,1365.0,0,0.0,0.0
2023-04-03 12:00:00+09:00,1365.0,1367.0,1365.0,1367.0,3200,0.0,0.0
2023-04-03 13:00:00+09:00,1368.0,1368.0,1365.0,1368.0,600,0.0,0.0
2023-04-03 14:00:00+09:00,1369.0,1369.0,1369.0,1369.0,1100,0.0,0.0
2023-04-04 09:00:00+09:00,1366.0,1369.0,1366.0,1366.0,1800,0.0,0.0
2023-04-04 10:00:00+09:00,1368.0,1368.0,1368.0,1368.0,100,0.0,0.0
2023-04-04 11:00:00+09:00,1370.0,1370.0,1370.0,1370.0,0,0.0,0.0
2023-04-04 12:00:00+09:00,1370.0,1370.0,1370.0,1370.0,2700,0.0,0.0
2023-04-04 13:00:00+09:00,1370.0,1370.0,1368.0,1368.0,200,0.0,0.0
2023-04-04 14:00:00+09:00,1371.0,1371.0,1371.0,1371.0,100,0.0,0.0
2023-04-05 09:00:00+09:00,1374.0,1380.0,1374.0,1378.0,1000,0.0,0.0
2023-04-05 10:00:00+09:00,1375.0,1378.0,1373.0,1373.0,400,0.0,0.0
2023-04-05 11:00:00+09:00,1372.0,1372.0,1372.0,1372.0,0,0.0,0.0
2023-04-05 12:00:00+09:00,1376.0,1376.0,1376.0,1376.0,1600,0.0,0.0
2023-04-05 13:00:00+09:00,1376.0,1377.0,1376.0,1377.0,400,0.0,0.0
2023-04-05 14:00:00+09:00,1377.0,1377.0,1376.0,1376.0,800,0.0,0.0
2023-04-06 09:00:00+09:00,1378.0,1378.0,1375.0,1377.0,1100,0.0,0.0
2023-04-06 10:00:00+09:00,1378.0,1378.0,1376.0,1376.0,200,0.0,0.0
2023-04-06 11:00:00+09:00,1376.0,1376.0,1376.0,1376.0,0,0.0,0.0
2023-04-06 12:00:00+09:00,1374.0,1374.0,1373.0,1373.0,1800,0.0,0.0
2023-04-06 13:00:00+09:00,1372.0,1373.0,1372.0,1373.0,300,0.0,0.0
2023-04-06 14:00:00+09:00,1372.0,1372.0,1372.0,1372.0,100,0.0,0.0
2023-04-07 09:00:00+09:00,1372.0,1372.0,1372.0,1372.0,200,0.0,0.0
2023-04-07 10:00:00+09:00,1372.0,1372.0,1371.0,1371.0,200,0.0,0.0
2023-04-07 11:00:00+09:00,1371.0,1371.0,1371.0,1371.0,0,0.0,0.0
2023-04-07 12:00:00+09:00,1374.0,1374.0,1374.0,1374.0,900,0.0,0.0
2023-04-07 13:00:00+09:00,1374.0,1374.0,1374.0,1374.0,100,0.0,0.0
2023-04-07 14:00:00+09:00,1372.0,1372.0,1371.0,1371.0,200,0.0,0.0
2023-04-10 09:00:00+09:00,1371.0,1371.0,1371.0,1371.0,0,0.0,0.0
2023-04-10 10:00:00+09:00,1371.0,1371.0,1371.0,1371.0,100,0.0,0.0
2023-04-10 11:00:00+09:00,1371.0,1371.0,1371.0,1371.0,0,0.0,0.0
2023-04-10 13:00:00+09:00,1371.0,1371.0,1371.0,1371.0,300,0.0,0.0
2023-04-10 14:00:00+09:00,1371.0,1374.0,1370.0,1374.0,1400,0.0,0.0
2023-04-11 09:00:00+09:00,1374.0,1374.0,1370.0,1370.0,300,0.0,0.0
2023-04-11 10:00:00+09:00,1371.0,1371.0,1371.0,1371.0,100,0.0,0.0
2023-04-11 11:00:00+09:00,1371.0,1371.0,1371.0,1371.0,0,0.0,0.0
2023-04-11 12:00:00+09:00,1374.0,1374.0,1370.0,1370.0,1000,0.0,0.0
2023-04-11 13:00:00+09:00,1372.0,1372.0,1370.0,1370.0,200,0.0,0.0
2023-04-11 14:00:00+09:00,1371.0,1371.0,1371.0,1371.0,200,0.0,0.0
2023-04-12 09:00:00+09:00,1374.0,1374.0,1374.0,1374.0,100,0.0,0.0
2023-04-12 11:00:00+09:00,1374.0,1374.0,1374.0,1374.0,0,0.0,0.0
2023-04-12 13:00:00+09:00,1370.0,1370.0,1369.0,1369.0,600,0.0,0.0
2023-04-12 14:00:00+09:00,1369.0,1369.0,1368.0,1368.0,200,0.0,0.0
2023-04-13 09:00:00+09:00,1371.0,1375.0,1371.0,1375.0,1400,0.0,0.0
2023-04-13 10:00:00+09:00,1368.0,1370.0,1368.0,1370.0,600,0.0,0.0
2023-04-13 11:00:00+09:00,1370.0,1370.0,1370.0,1370.0,0,0.0,0.0
2023-04-13 13:00:00+09:00,1370.0,1370.0,1370.0,1370.0,2300,0.0,0.0
2023-04-13 14:00:00+09:00,1370.0,1370.0,1370.0,1370.0,100,0.0,0.0
2023-04-14 09:00:00+09:00,1369.0,1369.0,1368.0,1368.0,400,0.0,0.0
2023-04-14 10:00:00+09:00,1370.0,1372.0,1368.0,1372.0,1000,0.0,0.0
2023-04-14 11:00:00+09:00,1374.0,1374.0,1374.0,1374.0,0,0.0,0.0
2023-04-14 12:00:00+09:00,1374.0,1374.0,1369.0,1369.0,1700,0.0,0.0
2023-04-17 09:00:00+09:00,1376.0,1376.0,1376.0,1376.0,500,0.0,0.0
2023-04-17 10:00:00+09:00,1376.0,1380.0,1371.0,1371.0,700,0.0,0.0
2023-04-17 11:00:00+09:00,1371.0,1371.0,1371.0,1371.0,0,0.0,0.0
2023-04-17 12:00:00+09:00,1372.0,1372.0,1372.0,1372.0,1300,0.0,0.0
2023-04-17 13:00:00+09:00,1371.0,1379.0,1371.0,1379.0,200,0.0,0.0
2023-04-18 09:00:00+09:00,1379.0,1379.0,1378.0,1378.0,400,0.0,0.0
2023-04-18 10:00:00+09:00,1375.0,1375.0,1375.0,1375.0,100,0.0,0.0
2023-04-18 11:00:00+09:00,1375.0,1375.0,1375.0,1375.0,0,0.0,0.0
2023-04-18 12:00:00+09:00,1372.0,1378.0,1372.0,1378.0,1200,0.0,0.0
2023-04-18 13:00:00+09:00,1379.0,1379.0,1376.0,1378.0,400,0.0,0.0
2023-04-18 14:00:00+09:00,1375.0,1375.0,1374.0,1374.0,300,0.0,0.0
2023-04-19 09:00:00+09:00,1370.0,1370.0,1370.0,1370.0,500,0.0,0.0
2023-04-19 10:00:00+09:00,1372.0,1374.0,1372.0,1374.0,300,0.0,0.0
2023-04-19 11:00:00+09:00,1374.0,1374.0,1374.0,1374.0,0,0.0,0.0
2023-04-19 12:00:00+09:00,1374.0,1374.0,1374.0,1374.0,900,0.0,0.0
2023-04-19 13:00:00+09:00,1374.0,1374.0,1374.0,1374.0,100,0.0,0.0
2023-04-19 14:00:00+09:00,1374.0,1374.0,1374.0,1374.0,100,0.0,0.0
2023-04-20 09:00:00+09:00,1374.0,1374.0,1372.0,1372.0,300,0.0,0.0
2023-04-20 10:00:00+09:00,1375.0,1375.0,1375.0,1375.0,0,0.0,0.0
2023-04-20 11:00:00+09:00,1376.0,1376.0,1376.0,1376.0,0,0.0,0.0
2023-04-20 13:00:00+09:00,1376.0,1376.0,1376.0,1376.0,700,0.0,0.0
2023-04-20 14:00:00+09:00,1377.0,1378.0,1375.0,1375.0,300,0.0,0.0
2023-04-21 09:00:00+09:00,1372.0,1378.0,1372.0,1378.0,0,0.0,0.0
2023-04-21 10:00:00+09:00,1376.0,1377.0,1376.0,1377.0,800,0.0,0.0
2023-04-21 11:00:00+09:00,1377.0,1377.0,1377.0,1377.0,0,0.0,0.0
2023-04-21 12:00:00+09:00,1379.0,1379.0,1375.0,1375.0,1000,0.0,0.0
2023-04-21 14:00:00+09:00,1376.0,1376.0,1375.0,1375.0,200,0.0,0.0
2023-04-24 09:00:00+09:00,1380.0,1380.0,1375.0,1375.0,1000,0.0,0.0
2023-04-24 10:00:00+09:00,1379.0,1379.0,1379.0,1379.0,100,0.0,0.0
2023-04-24 11:00:00+09:00,1379.0,1379.0,1379.0,1379.0,0,0.0,0.0
2023-04-24 12:00:00+09:00,1379.0,1379.0,1379.0,1379.0,1200,0.0,0.0
2023-04-24 13:00:00+09:00,1378.0,1378.0,1378.0,1378.0,200,0.0,0.0
2023-04-24 14:00:00+09:00,1379.0,1379.0,1379.0,1379.0,100,0.0,0.0
2023-04-25 09:00:00+09:00,1379.0,1379.0,1377.0,1377.0,1400,0.0,0.0
2023-04-25 11:00:00+09:00,1377.0,1377.0,1377.0,1377.0,0,0.0,0.0
2023-04-25 12:00:00+09:00,1377.0,1377.0,1377.0,1377.0,0,0.0,0.0
2023-04-25 13:00:00+09:00,1377.0,1377.0,1377.0,1377.0,2000,0.0,0.0
2023-04-25 14:00:00+09:00,1379.0,1379.0,1376.0,1376.0,200,0.0,0.0
2023-04-26 09:00:00+09:00,1377.0,1377.0,1377.0,1377.0,200,0.0,0.0
2023-04-26 10:00:00+09:00,1376.0,1376.0,1376.0,1376.0,100,0.0,0.0
2023-04-26 11:00:00+09:00,1375.0,1375.0,1375.0,1375.0,0,0.0,0.0
2023-04-26 12:00:00+09:00,1375.0,1375.0,1375.0,1375.0,700,0.0,0.0
2023-04-26 14:00:00+09:00,1377.0,1377.0,1377.0,1377.0,300,0.0,0.0
2023-04-27 09:00:00+09:00,1378.0,1378.0,1376.0,1376.0,400,0.0,0.0
2023-04-27 10:00:00+09:00,1378.0,1378.0,1378.0,1378.0,100,0.0,0.0
2023-04-27 11:00:00+09:00,1378.0,1378.0,1378.0,1378.0,0,0.0,0.0
2023-04-27 12:00:00+09:00,1378.0,1378.0,1378.0,1378.0,600,0.0,0.0
2023-04-27 14:00:00+09:00,1378.0,1379.0,1377.0,1377.0,500,0.0,0.0
2023-04-28 09:00:00+09:00,1380.0,1380.0,1376.0,1379.0,800,0.0,0.0
2023-04-28 10:00:00+09:00,1375.0,1376.0,1375.0,1376.0,200,0.0,0.0
2023-04-28 11:00:00+09:00,1376.0,1376.0,1376.0,1376.0,0,0.0,0.0
2023-04-28 13:00:00+09:00,1375.0,1379.0,1374.0,1375.0,0,0.0,0.0
2023-05-01 09:00:00+09:00,1378.0,1381.0,1378.0,1381.0,400,0.0,0.0
2023-05-01 10:00:00+09:00,1379.0,1379.0,1378.0,1379.0,400,0.0,0.0
2023-05-01 11:00:00+09:00,1379.0,1379.0,1379.0,1379.0,0,0.0,0.0
2023-05-01 12:00:00+09:00,1378.0,1378.0,1378.0,1378.0,1100,0.0,0.0
2023-05-01 13:00:00+09:00,1379.0,1379.0,1378.0,1378.0,700,0.0,0.0
2023-05-01 14:00:00+09:00,1378.0,1378.0,1378.0,1378.0,200,0.0,0.0
2023-05-02 09:00:00+09:00,1381.0,1381.0,1376.0,1376.0,500,0.0,0.0
2023-05-02 11:00:00+09:00,1376.0,1376.0,1376.0,1376.0,0,0.0,0.0
2023-05-02 12:00:00+09:00,1378.0,1378.0,1378.0,1378.0,600,0.0,0.0
2023-05-02 13:00:00+09:00,1379.0,1380.0,1379.0,1380.0,300,0.0,0.0
2023-05-02 14:00:00+09:00,1377.0,1377.0,1377.0,1377.0,100,0.0,0.0
2023-05-08 09:00:00+09:00,1377.0,1380.0,1377.0,1378.0,0,0.0,0.0
2023-05-08 11:00:00+09:00,1380.0,1380.0,1380.0,1380.0,0,0.0,0.0
2023-05-08 12:00:00+09:00,1380.0,1380.0,1380.0,1380.0,1000,0.0,0.0
2023-05-08 13:00:00+09:00,1379.0,1379.0,1379.0,1379.0,100,0.0,0.0
2023-05-09 09:00:00+09:00,1384.0,1384.0,1382.0,1383.0,1300,0.0,0.0
2023-05-09 11:00:00+09:00,1383.0,1383.0,1383.0,1383.0,0,0.0,0.0
2023-05-09 12:00:00+09:00,1383.0,1383.0,1378.0,1378.0,1700,0.0,0.0
2023-05-09 13:00:00+09:00,1378.0,1381.0,1378.0,1381.0,400,0.0,0.0
2023-05-09 14:00:00+09:00,1379.0,1379.0,1379.0,1379.0,100,0.0,0.0
2023-05-10 09:00:00+09:00,1380.0,1380.0,1380.0,1380.0,200,0.0,0.0
2023-05-10 10:00:00+09:00,1381.0,1384.0,1381.0,1384.0,300,0.0,0.0
2023-05-10 11:00:00+09:00,1381.0,1381.0,1381.0,1381.0,0,0.0,0.0
2023-05-10 12:00:00+09:00,1384.0,1384.0,1384.0,1384.0,800,0.0,0.0
2023-05-10 13:00:00+09:00,1383.0,1383.0,1383.0,1383.0,200,0.0,0.0
2023-05-11 09:00:00+09:00,1385.0,1386.0,1385.0,1386.0,200,0.0,0.0
2023-05-11 10:00:00+09:00,1386.0,1386.0,1384.0,1384.0,200,0.0,0.0
2023-05-11 11:00:00+09:00,1384.0,1384.0,1384.0,1384.0,0,0.0,0.0
2023-05-11 12:00:00+09:00,1384.0,1384.0,1384.0,1384.0,0,0.0,0.0
2023-05-11 14:00:00+09:00,1381.0,1381.0,1381.0,1381.0,600,0.0,0.0
2023-05-12 09:00:00+09:00,1382.0,1386.0,1382.0,1386.0,900,0.0,0.0
2023-05-12 10:00:00+09:00,1384.0,1384.0,1383.0,1383.0,200,0.0,0.0
2023-05-12 11:00:00+09:00,1386.0,1386.0,1382.0,1382.0,0,0.0,0.0
2023-05-12 12:00:00+09:00,1382.0,1382.0,1382.0,1382.0,2200,0.0,0.0
2023-05-12 13:00:00+09:00,1385.0,1387.0,1385.0,1387.0,700,0.0,0.0
2023-05-15 09:00:00+09:00,1387.0,1387.0,1387.0,1387.0,0,0.0,0.0
2023-05-15 10:00:00+09:00,1386.0,1386.0,1383.0,1383.0,800,0.0,0.0
2023-05-15 11:00:00+09:00,1383.0,1383.0,1383.0,1383.0,0,0.0,0.0
2023-05-15 12:00:00+09:00,1383.0,1383.0,1383.0,1383.0,1700,0.0,0.0
2023-05-15 13:00:00+09:00,1383.0,1386.0,1383.0,1386.0,300,0.0,0.0
2023-05-15 14:00:00+09:00,1386.0,1387.0,1383.0,1383.0,600,0.0,0.0
2023-05-16 09:00:00+09:00,1386.0,1387.0,1385.0,1385.0,2200,0.0,0.0
2023-05-16 10:00:00+09:00,1383.0,1383.0,1381.0,1381.0,800,0.0,0.0
2023-05-16 11:00:00+09:00,1381.0,1381.0,1381.0,1381.0,0,0.0,0.0
2023-05-16 12:00:00+09:00,1381.0,1381.0,1380.0,1380.0,3900,0.0,0.0
2023-05-16 13:00:00+09:00,1382.0,1382.0,1381.0,1381.0,200,0.0,0.0
2023-05-16 14:00:00+09:00,1382.0,1385.0,1382.0,1385.0,500,0.0,0.0
2023-05-17 09:00:00+09:00,1384.0,1384.0,1384.0,1384.0,300,0.0,0.0
2023-05-17 10:00:00+09:00,1383.0,1385.0,1382.0,1385.0,400,0.0,0.0
2023-05-17 11:00:00+09:00,1383.0,1383.0,1383.0,1383.0,0,0.0,0.0
2023-05-17 12:00:00+09:00,1387.0,1387.0,1387.0,1387.0,900,0.0,0.0
2023-05-17 13:00:00+09:00,1385.0,1386.0,1385.0,1386.0,200,0.0,0.0
2023-05-17 14:00:00+09:00,1385.0,1385.0,1385.0,1385.0,100,0.0,0.0
2023-05-18 09:00:00+09:00,1383.0,1383.0,1382.0,1382.0,400,0.0,0.0
2023-05-18 10:00:00+09:00,1382.0,1382.0,1381.0,1381.0,200,0.0,0.0
2023-05-18 11:00:00+09:00,1381.0,1381.0,1381.0,1381.0,0,0.0,0.0
2023-05-18 12:00:00+09:00,1385.0,1385.0,1385.0,1385.0,0,0.0,0.0
2023-05-18 13:00:00+09:00,1383.0,1383.0,1381.0,1381.0,1200,0.0,0.0
2023-05-18 14:00:00+09:00,1381.0,1381.0,1381.0,1381.0,200,0.0,0.0
2023-05-19 09:00:00+09:00,1380.0,1381.0,1380.0,1381.0,1000,0.0,0.0
2023-05-19 10:00:00+09:00,1384.0,1384.0,1384.0,1384.0,100,0.0,0.0
2023-05-19 11:00:00+09:00,1384.0,1384.0,1384.0,1384.0,0,0.0,0.0
2023-05-19 13:00:00+09:00,1384.0,1384.0,1382.0,1382.0,1400,0.0,0.0
2023-05-19 14:00:00+09:00,1382.0,1382.0,1382.0,1382.0,300,0.0,0.0
2023-05-22 09:00:00+09:00,1382.0,1385.0,1382.0,1385.0,600,0.0,0.0
2023-05-22 10:00:00+09:00,1385.0,1385.0,1385.0,1385.0,100,0.0,0.0
2023-05-22 11:00:00+09:00,1387.0,1387.0,1387.0,1387.0,0,0.0,0.0
2023-05-22 12:00:00+09:00,1382.0,1382.0,1382.0,1382.0,900,0.0,0.0
2023-05-22 13:00:00+09:00,1382.0,1382.0,1377.0,1377.0,2000,0.0,0.0
2023-05-22 14:00:00+09:00,1384.0,1384.0,1384.0,1384.0,100,0.0,0.0
2023-05-23 09:00:00+09:00,1384.0,1384.0,1379.0,1379.0,0,0.0,0.0
2023-05-23 10:00:00+09:00,1379.0,1381.0,1379.0,1381.0,500,0.0,0.0
2023-05-23 11:00:00+09:00,1381.0,1381.0,1381.0,1381.0,0,0.0,0.0
2023-05-23 13:00:00+09:00,1381.0,1381.0,1380.0,1380.0,800,0.0,0.0
2023-05-24 09:00:00+09:00,1378.0,1378.0,1378.0,1378.0,400,0.0,0.0
2023-05-24 10:00:00+09:00,1378.0,1378.0,1378.0,1378.0,100,0.0,0.0
2023-05-24 11:00:00+09:00,1378.0,1378.0,1378.0,1378.0,0,0.0,0.0
2023-05-24 12:00:00+09:00,1380.0,1380.0,1380.0,1380.0,600,0.0,0.0
2023-05-24 13:00:00+09:00,1379.0,1379.0,1378.0,1378.0,300,0.0,0.0
2023-05-24 14:00:00+09:00,1378.0,1378.0,1378.0,1378.0,100,0.0,0.0
2023-05-25 09:00:00+09:00,1387.0,1387.0,1387.0,1387.0,1300,0.0,0.0
2023-05-25 10:00:00+09:00,1380.0,1384.0,1380.0,1384.0,300,0.0,0.0
2023-05-25 11:00:00+09:00,1384.0,1384.0,1384.0,1384.0,0,0.0,0.0
2023-05-25 12:00:00+09:00,1384.0,1384.0,1384.0,1384.0,1700,0.0,0.0
2023-05-25 14:00:00+09:00,1381.0,1381.0,1380.0,1380.0,200,0.0,0.0
2023-05-26 09:00:00+09:00,1385.0,1385.0,1381.0,1381.0,400,0.0,0.0
2023-05-26 10:00:00+09:00,1383.0,1383.0,1383.0,1383.0,100,0.0,0.0
2023-05-26 11:00:00+09:00,1383.0,1383.0,1383.0,1383.0,0,0.0,0.0
2023-05-26 12:00:00+09:00,1384.0,1384.0,1384.0,1384.0,600,0.0,0.0
2023-05-26 14:00:00+09:00,1384.0,1384.0,1384.0,1384.0,100,0.0,0.0
2023-05-29 09:00:00+09:00,1385.0,1387.0,1384.0,1384.0,400,0.0,0.0
2023-05-29 11:00:00+09:00,1384.0,1384.0,1384.0,1384.0,0,0.0,0.0
2023-05-29 12:00:00+09:00,1384.0,1384.0,1384.0,1384.0,500,0.0,0.0
2023-05-29 13:00:00+09:00,1381.0,1381.0,1381.0,1381.0,100,0.0,0.0
2023-05-29 14:00:00+09:00,1384.0,1385.0,1384.0,1385.0,200,0.0,0.0
2023-05-30 09:00:00+09:00,1381.0,1383.0,1381.0,1383.0,300,0.0,0.0
2023-05-30 10:00:00+09:00,1383.0,1383.0,1382.0,1382.0,200,0.0,0.0
2023-05-30 11:00:00+09:00,1382.0,1382.0,1382.0,1382.0,0,0.0,0.0
2023-05-30 14:00:00+09:00,1384.0,1384.0,1384.0,1384.0,700,0.0,0.0
2023-05-31 09:00:00+09:00,1382.0,1382.0,1382.0,1382.0,100,0.0,0.0
2023-05-31 10:00:00+09:00,1382.0,1384.0,1382.0,1384.0,200,0.0,0.0
2023-05-31 11:00:00+09:00,1384.0,1384.0,1384.0,1384.0,0,0.0,0.0
2023-05-31 12:00:00+09:00,1384.0,1384.0,1384.0,1384.0,400,0.0,0.0
2023-05-31 14:00:00+09:00,1384.0,1384.0,1384.0,1384.0,100,0.0,0.0
2023-06-01 09:00:00+09:00,1384.0,1384.0,1383.0,1383.0,0,0.0,0.0
2023-06-01 11:00:00+09:00,1383.0,1383.0,1383.0,1383.0,0,0.0,0.0
2023-06-01 12:00:00+09:00,1385.0,1385.0,1383.0,1383.0,900,0.0,0.0
2023-06-01 13:00:00+09:00,1384.0,1384.0,1384.0,1384.0,100,0.0,0.0
2023-06-01 14:00:00+09:00,1382.0,1382.0,1382.0,1382.0,100,0.0,0.0
2023-06-02 09:00:00+09:00,1382.0,1382.0,1382.0,1382.0,800,0.0,0.0
2023-06-02 10:00:00+09:00,1384.0,1384.0,1383.0,1383.0,0,0.0,0.0
2023-06-02 11:00:00+09:00,1383.0,1383.0,1383.0,1383.0,0,0.0,0.0
2023-06-02 12:00:00+09:00,1383.0,1384.0,1383.0,1384.0,1300,0.0,0.0
2023-06-02 13:00:00+09:00,1384.0,1384.0,1383.0,1383.0,300,0.0,0.0
2023-06-02 14:00:00+09:00,1382.0,1383.0,1382.0,1383.0,200,0.0,0.0
2023-06-05 09:00:00+09:00,1383.0,1385.0,1383.0,1385.0,600,0.0,0.0
2023-06-05 11:00:00+09:00,1385.0,1385.0,1385.0,1385.0,0,0.0,0.0
2023-06-05 12:00:00+09:00,1381.0,1381.0,1381.0,1381.0,1300,0.0,0.0
2023-06-05 14:00:00+09:00,1381.0,1381.0,1381.0,1381.0,300,0.0,0.0
2023-06-06 09:00:00+09:00,1383.0,1383.0,1381.0,1381.0,1000,0.0,0.0
2023-06-06 10:00:00+09:00,1380.0,1381.0,1380.0,1381.0,700,0.0,0.0
2023-06-06 11:00:00+09:00,1381.0,1381.0,1381.0,1381.0,0,0.0,0.0
2023-06-06 12:00:00+09:00,1380.0,1381.0,1380.0,1380.0,2700,0.0,0.0
2023-06-06 13:00:00+09:00,1380.0,1382.0,1380.0,1382.0,300,0.0,0.0
2023-06-07 09:00:00+09:00,1382.0,1388.0,1381.0,1381.0,1900,0.0,0.0
2023-06-07 11:00:00+09:00,1381.0,1381.0,1381.0,1381.0,0,0.0,0.0
2023-06-07 12:00:00+09:00,1386.0,1386.0,1386.0,1386.0,2200,0.0,0.0
2023-06-07 13:00:00+09:00,1382.0,1382.0,1382.0,1382.0,100,0.0,0.0
2023-06-07 14:00:00+09:00,1382.0,1384.0,1382.0,1384.0,300,0.0,0.0
2023-06-08 09:00:00+09:00,1381.0,1384.0,1381.0,1384.0,200,0.0,0.0
2023-06-08 10:00:00+09:00,1383.0,1386.0,1383.0,1386.0,200,0.0,0.0
2023-06-08 11:00:00+09:00,1386.0,1386.0,1386.0,1386.0,0,0.0,0.0
2023-06-08 12:00:00+09:00,1387.0,1387.0,1381.0,1381.0,2300,0.0,0.0
2023-06-08 13:00:00+09:00,1382.0,1382.0,1382.0,1382.0,100,0.0,0.0
2023-06-09 09:00:00+09:00,1386.0,1386.0,1382.0,1382.0,500,0.0,0.0
2023-06-09 10:00:00+09:00,1383.0,1385.0,1383.0,1385.0,0,0.0,0.0
2023-06-09 11:00:00+09:00,1385.0,1385.0,1385.0,1385.0,0,0.0,0.0
2023-06-09 12:00:00+09:00,1382.0,1382.0,1382.0,1382.0,900,0.0,0.0
2023-06-09 14:00:00+09:00,1383.0,1383.0,1383.0,1383.0,100,0.0,0.0
2023-06-12 09:00:00+09:00,1382.0,1383.0,1382.0,1383.0,900,0.0,0.0
2023-06-12 10:00:00+09:00,1382.0,1384.0,1382.0,1384.0,200,0.0,0.0
2023-06-12 11:00:00+09:00,1384.0,1384.0,1384.0,1384.0,0,0.0,0.0
2023-06-12 12:00:00+09:00,1380.0,1380.0,1380.0,1380.0,2200,0.0,0.0
2023-06-12 14:00:00+09:00,1380.0,1384.0,1380.0,1384.0,200,0.0,0.0
2023-06-13 09:00:00+09:00,1384.0,1384.0,1381.0,1381.0,300,0.0,0.0
2023-06-13 10:00:00+09:00,1384.0,1384.0,1384.0,1384.0,100,0.0,0.0
2023-06-13 11:00:00+09:00,1384.0,1384.0,1384.0,1384.0,0,0.0,0.0
2023-06-13 12:00:00+09:00,1385.0,1385.0,1384.0,1384.0,800,0.0,0.0
2023-06-13 13:00:00+09:00,1385.0,1385.0,1384.0,1384.0,200,0.0,0.0
2023-06-13 14:00:00+09:00,1384.0,1384.0,1384.0,1384.0,100,0.0,0.0
2023-06-14 09:00:00+09:00,1384.0,1384.0,1383.0,1383.0,400,0.0,0.0
2023-06-14 10:00:00+09:00,1383.0,1385.0,1383.0,1385.0,200,0.0,0.0
2023-06-14 11:00:00+09:00,1385.0,1385.0,1385.0,1385.0,0,0.0,0.0
2023-06-14 12:00:00+09:00,1385.0,1385.0,1385.0,1385.0,800,0.0,0.0
2023-06-14 13:00:00+09:00,1385.0,1385.0,1385.0,1385.0,200,0.0,0.0
2023-06-14 14:00:00+09:00,1385.0,1385.0,1385.0,1385.0,400,0.0,0.0
2023-06-15 09:00:00+09:00,1390.0,1390.0,1387.0,1388.0,2100,0.0,0.0
2023-06-15 10:00:00+09:00,1386.0,1386.0,1385.0,1385.0,200,0.0,0.0
2023-06-15 11:00:00+09:00,1385.0,1385.0,1385.0,1385.0,0,0.0,0.0
2023-06-15 12:00:00+09:00,1385.0,1385.0,1381.0,1381.0,3400,0.0,0.0
2023-06-15 13:00:00+09:00,1382.0,1386.0,1382.0,1386.0,300,0.0,0.0
2023-06-15 14:00:00+09:00,1386.0,1386.0,1382.0,1382.0,200,0.0,0.0
2023-06-16 09:00:00+09:00,1388.0,1388.0,1383.0,1383.0,1300,0.0,0.0
2023-06-16 11:00:00+09:00,1383.0,1383.0,1383.0,1383.0,0,0.0,0.0
2023-06-16 12:00:00+09:00,1383.0,1383.0,1383.0,1383.0,1600,0.0,0.0
2023-06-16 13:00:00+09:00,1382.0,1382.0,1382.0,1382.0,100,0.0,0.0
2023-06-16 14:00:00+09:00,1383.0,1383.0,1383.0,1383.0,200,0.0,0.0
2023-06-19 09:00:00+09:00,1388.0,1388.0,1379.0,1380.0,2600,0.0,0.0
2023-06-19 11:00:00+09:00,1382.0,1382.0,1382.0,1382.0,0,0.0,0.0
2023-06-19 12:00:00+09:00,1381.0,1381.0,1381.0,1381.0,2800,0.0,0.0
2023-06-19 13:00:00+09:00,1382.0,1382.0,1382.0,1382.0,100,0.0,0.0
2023-06-19 14:00:00+09:00,1382.0,1382.0,1382.0,1382.0,500,0.0,0.0
2023-06-20 09:00:00+09:00,1382.0,1382.0,1381.0,1381.0,300,0.0,0.0
2023-06-20 10:00:00+09:00,1384.0,1384.0,1381.0,1381.0,300,0.0,0.0
2023-06-20 11:00:00+09:00,1381.0,1381.0,1381.0,1381.0,0,0.0,0.0
2023-06-20 12:00:00+09:00,1381.0,1381.0,1381.0,1381.0,800,0.0,0.0
2023-06-21 09:00:00+09:00,1381.0,1381.0,1381.0,1381.0,500,0.0,0.0
2023-06-21 10:00:00+09:00,1381.0,1381.0,1381.0,1381.0,100,0.0,0.0
2023-06-21 11:00:00+09:00,1384.0,1384.0,1382.0,1382.0,0,0.0,0.0
2023-06-21 12:00:00+09:00,1384.0,1384.0,1384.0,1384.0,900,0.0,0.0
2023-06-21 13:00:00+09:00,1382.0,1382.0,1382.0,1382.0,100,0.0,0.0
2023-06-21 14:00:00+09:00,1382.0,1382.0,1382.0,1382.0,100,0.0,0.0
2023-06-22 09:00:00+09:00,1383.0,1386.0,1383.0,1386.0,600,0.0,0.0
2023-06-22 10:00:00+09:00,1383.0,1383.0,1383.0,1383.0,100,0.0,0.0
2023-06-22 11:00:00+09:00,1382.0,1383.0,1382.0,1383.0,0,0.0,0.0
2023-06-22 12:00:00+09:00,1383.0,1383.0,1381.0,1381.0,1600,0.0,0.0
2023-06-22 13:00:00+09:00,1382.0,1382.0,1381.0,1381.0,200,0.0,0.0
2023-06-23 09:00:00+09:00,1381.0,1381.0,1381.0,1381.0,500,0.0,0.0
2023-06-23 10:00:00+09:00,1381.0,1384.0,1381.0,1384.0,300,0.0,0.0
2023-06-23 11:00:00+09:00,1384.0,1384.0,1384.0,1384.0,0,0.0,0.0
2023-06-23 12:00:00+09:00,1384.0,1384.0,1384.0,1384.0,1100,0.0,0.0
2023-06-23 13:00:00+09:00,1385.0,1385.0,1385.0,1385.0,100,0.0,0.0
2023-06-26 09:00:00+09:00,1386.0,1386.0,1384.0,1385.0,500,0.0,0.0
2023-06-26 10:00:00+09:00,1384.0,1384.0,1384.0,1384.0,100,0.0,0.0
2023-06-26 11:00:00+09:00,1384.0,1384.0,1384.0,1384.0,0,0.0,0.0
2023-06-26 12:00:00+09:00,1384.0,1384.0,1384.0,1384.0,2100,0.0,0.0
2023-06-26 13:00:00+09:00,1384.0,1384.0,1384.0,1384.0,100,0.0,0.0
2023-06-26 14:00:00+09:00,1383.0,1384.0,1383.0,1383.0,300,0.0,0.0
2023-06-27 09:00:00+09:00,1385.0,1385.0,1385.0,1385.0,700,0.0,0.0
2023-06-27 10:00:00+09:00,1383.0,1383.0,1383.0,1383.0,100,0.0,0.0
2023-06-27 11:00:00+09:00,1383.0,1383.0,1382.0,1382.0,0,0.0,0.0
2023-06-27 12:00:00+09:00,1385.0,1385.0,1385.0,1385.0,1200,0.0,0.0
2023-06-27 13:00:00+09:00,1381.0,1385.0,1381.0,1385.0,300,0.0,0.0
2023-06-27 14:00:00+09:00,1384.0,1384.0,1384.0,1384.0,100,0.0,0.0
2023-06-28 09:00:00+09:00,1384.0,1384.0,1384.0,1384.0,300,0.0,0.0
2023-06-28 10:00:00+09:00,1384.0,1384.0,1384.0,1384.0,100,0.0,0.0
2023-06-28 11:00:00+09:00,1384.0,1384.0,1384.0,1384.0,0,0.0,0.0
2023-06-28 12:00:00+09:00,1384.0,1384.0,1384.0,1384.0,1300,0.0,0.0
2023-06-28 13:00:00+09:00,1384.0,1384.0,1383.0,1383.0,700,0.0,0.0
2023-06-28 14:00:00+09:00,1385.0,1385.0,1385.0,1385.0,400,0.0,0.0
2023-06-29 09:00:00+09:00,1386.0,1388.0,1385.0,1388.0,900,0.0,0.0
2023-06-29 10:00:00+09:00,1388.0,1389.0,1385.0,1385.0,300,0.0,0.0
2023-06-29 11:00:00+09:00,1386.0,1386.0,1386.0,1386.0,0,0.0,0.0
2023-06-29 12:00:00+09:00,1388.0,1388.0,1388.0,1388.0,1400,0.0,0.0
2023-06-29 13:00:00+09:00,1388.0,1388.0,1388.0,1388.0,200,0.0,0.0
2023-06-29 14:00:00+09:00,1388.0,1388.0,1388.0,1388.0,200,0.0,0.0
2023-06-30 09:00:00+09:00,1388.0,1388.0,1386.0,1386.0,400,0.0,0.0
2023-06-30 10:00:00+09:00,1388.0,1388.0,1388.0,1388.0,400,0.0,0.0
2023-06-30 11:00:00+09:00,1386.0,1386.0,1386.0,1386.0,0,0.0,0.0
2023-06-30 12:00:00+09:00,1386.0,1386.0,1386.0,1386.0,1100,0.0,0.0
2023-06-30 13:00:00+09:00,1388.0,1388.0,1388.0,1388.0,100,0.0,0.0
2023-06-30 14:00:00+09:00,1388.0,1388.0,1388.0,1388.0,300,0.0,0.0
2023-07-03 09:00:00+09:00,1388.0,1388.0,1385.0,1385.0,100,0.0,0.0
2023-07-03 10:00:00+09:00,1385.0,1386.0,1383.0,1386.0,600,0.0,0.0
2023-07-03 11:00:00+09:00,1386.0,1388.0,1384.0,1384.0,0,0.0,0.0
2023-07-03 12:00:00+09:00,1384.0,1385.0,1384.0,1385.0,3000,0.0,0.0
2023-07-03 13:00:00+09:00,1385.0,1387.0,1385.0,1387.0,200,0.0,0.0
2023-07-03 14:00:00+09:00,1387.0,1387.0,1387.0,1387.0,100,0.0,0.0
2023-07-04 09:00:00+09:00,1387.0,1387.0,1387.0,1387.0,400,0.0,0.0
2023-07-04 10:00:00+09:00,1387.0,1387.0,1387.0,1387.0,0,0.0,0.0
2023-07-04 11:00:00+09:00,1386.0,1386.0,1386.0,1386.0,0,0.0,0.0
2023-07-04 12:00:00+09:00,1386.0,1386.0,1386.0,1386.0,1000,0.0,0.0
2023-07-04 13:00:00+09:00,1386.0,1387.0,1386.0,1387.0,500,0.0,0.0
2023-07-04 14:00:00+09:00,1385.0,1386.0,1385.0,1386.0,300,0.0,0.0
2023-07-05 09:00:00+09:00,1389.0,1389.0,1388.0,1388.0,700,0.0,0.0
2023-07-05 10:00:00+09:00,1387.0,1387.0,1386.0,1386.0,300,0.0,0.0
2023-07-05 11:00:00+09:00,1385.0,1385.0,1385.0,1385.0,0,0.0,0.0
2023-07-05 12:00:00+09:00,1385.0,1386.0,1385.0,1386.0,1600,0.0,0.0
2023-07-05 13:00:00+09:00,1385.0,1387.0,1385.0,1387.0,300,0.0,0.0
2023-07-05 14:00:00+09:00,1388.0,1388.0,1388.0,1388.0,100,0.0,0.0
2023-07-06 09:00:00+09:00,1388.0,1388.0,1385.0,1388.0,700,0.0,0.0
2023-07-06 11:00:00+09:00,1385.0,1385.0,1385.0,1385.0,0,0.0,0.0
2023-07-06 12:00:00+09:00,1388.0,1388.0,1386.0,1386.0,1100,0.0,0.0
2023-07-06 14:00:00+09:00,1386.0,1388.0,1386.0,1388.0,300,0.0,0.0
2023-07-07 09:00:00+09:00,1390.0,1390.0,1390.0,1390.0,1500,0.0,0.0
2023-07-07 10:00:00+09:00,1389.0,1389.0,1389.0,1389.0,100,0.0,0.0
2023-07-07 11:00:00+09:00,1389.0,1389.0,1388.0,1388.0,0,0.0,0.0
2023-07-07 12:00:00+09:00,1389.0,1389.0,1389.0,1389.0,1900,0.0,0.0
2023-07-07 13:00:00+09:00,1390.0,1390.0,1390.0,1390.0,100,0.0,0.0
2023-07-07 14:00:00+09:00,1390.0,1390.0,1386.0,1386.0,500,0.0,0.0
2023-07-10 09:00:00+09:00,1390.0,1390.0,1386.0,1386.0,800,0.0,0.0
2023-07-10 10:00:00+09:00,1387.0,1387.0,1386.0,1386.0,200,0.0,0.0
2023-07-10 11:00:00+09:00,1386.0,1386.0,1386.0,1386.0,0,0.0,0.0
2023-07-10 13:00:00+09:00,1390.0,1390.0,1390.0,1390.0,1400,0.0,0.0
2023-07-11 09:00:00+09:00,1391.0,1391.0,1390.0,1391.0,300,0.0,0.0
2023-07-11 10:00:00+09:00,1387.0,1387.0,1387.0,1387.0,100,0.0,0.0
2023-07-11 11:00:00+09:00,1391.0,1391.0,1388.0,1388.0,0,0.0,0.0
2023-07-11 12:00:00+09:00,1391.0,1391.0,1391.0,1391.0,700,0.0,0.0
2023-07-11 13:00:00+09:00,1391.0,1391.0,1391.0,1391.0,300,0.0,0.0
2023-07-12 09:00:00+09:00,1392.0,1393.0,1391.0,1391.0,900,0.0,0.0
2023-07-12 10:00:00+09:00,1390.0,1392.0,1390.0,1392.0,300,0.0,0.0
2023-07-12 11:00:00+09:00,1392.0,1393.0,1391.0,1391.0,0,0.0,0.0
2023-07-12 12:00:00+09:00,1390.0,1390.0,1390.0,1390.0,1700,0.0,0.0
2023-07-12 13:00:00+09:00,1390.0,1390.0,1390.0,1390.0,100,0.0,0.0
2023-07-12 14:00:00+09:00,1393.0,1393.0,1389.0,1389.0,300,0.0,0.0
2023-07-13 09:00:00+09:00,1394.0,1394.0,1392.0,1394.0,500,0.0,0.0
2023-07-13 10:00:00+09:00,1394.0,1394.0,1391.0,1393.0,600,0.0,0.0
2023-07-13 11:00:00+09:00,1390.0,1390.0,1390.0,1390.0,0,0.0,0.0
2023-07-13 12:00:00+09:00,1390.0,1391.0,1390.0,1391.0,1700,0.0,0.0
2023-07-13 13:00:00+09:00,1390.0,1390.0,1390.0,1390.0,0,0.0,0.0
2023-07-14 09:00:00+09:00,1390.0,1390.0,1390.0,1390.0,0,0.0,0.0
2023-07-14 10:00:00+09:00,1389.0,1389.0,1389.0,1389.0,400,0.0,0.0
2023-07-14 11:00:00+09:00,1387.0,1387.0,1387.0,1387.0,0,0.0,0.0
2023-07-14 12:00:00+09:00,1387.0,1387.0,1387.0,1387.0,700,0.0,0.0
2023-07-14 13:00:00+09:00,1387.0,1387.0,1387.0,1387.0,0,0.0,0.0
2023-07-14 14:00:00+09:00,1388.0,1388.0,1388.0,1388.0,1000,0.0,0.0
2023-07-18 09:00:00+09:00,1388.0,1390.0,1388.0,1389.0,700,0.0,0.0
2023-07-18 10:00:00+09:00,1391.0,1393.0,1389.0,1390.0,400,0.0,0.0
2023-07-18 11:00:00+09:00,1389.0,1389.0,1389.0,1389.0,0,0.0,0.0
2023-07-18 12:00:00+09:00,1388.0,1388.0,1388.0,1388.0,1600,0.0,0.0
2023-07-18 13:00:00+09:00,1388.0,1390.0,1388.0,1390.0,200,0.0,0.0
2023-07-18 14:00:00+09:00,1390.0,1390.0,1390.0,1390.0,400,0.0,0.0
2023-07-19 09:00:00+09:00,1394.0,1394.0,1389.0,1389.0,700,0.0,0.0
2023-07-19 10:00:00+09:00,1392.0,1394.0,1389.0,1389.0,300,0.0,0.0
2023-07-19 11:00:00+09:00,1389.0,1389.0,1389.0,1389.0,0,0.0,0.0
2023-07-19 12:00:00+09:00,1394.0,1394.0,1390.0,1390.0,1500,0.0,0.0
2023-07-19 13:00:00+09:00,1392.0,1392.0,1392.0,1392.0,100,0.0,0.0
2023-07-20 09:00:00+09:00,1392.0,1393.0,1390.0,1393.0,800,0.0,0.0
2023-07-20 10:00:00+09:00,1392.0,1392.0,1390.0,1390.0,600,0.0,0.0
2023-07-20 11:00:00+09:00,1390.0,1390.0,1390.0,1390.0,0,0.0,0.0
2023-07-20 13:00:00+09:00,1392.0,1392.0,1392.0,1392.0,1600,0.0,0.0
2023-07-20 14:00:00+09:00,1393.0,1393.0,1393.0,1393.0,300,0.0,0.0
2023-07-21 09:00:00+09:00,1393.0,1393.0,1393.0,1393.0,100,0.0,0.0
2023-07-21 10:00:00+09:00,1393.0,1393.0,1392.0,1392.0,200,0.0,0.0
2023-07-21 11:00:00+09:00,1393.0,1393.0,1393.0,1393.0,0,0.0,0.0
2023-07-21 12:00:00+09:00,1391.0,1392.0,1390.0,1390.0,700,0.0,0.0
2023-07-21 13:00:00+09:00,1390.0,1390.0,1390.0,1390.0,600,0.0,0.0
2023-07-21 14:00:00+09:00,1392.0,1392.0,1392.0,1392.0,100,0.0,0.0
2023-07-24 09:00:00+09:00,1394.0,1394.0,1394.0,1394.0,1100,0.0,0.0
2023-07-24 10:00:00+09:00,1393.0,1393.0,1393.0,1393.0,100,0.0,0.0
2023-07-24 11:00:00+09:00,1393.0,1393.0,1393.0,1393.0,0,0.0,0.0
2023-07-24 12:00:00+09:00,1393.0,1395.0,1391.0,1395.0,2100,0.0,0.0
2023-07-24 13:00:00+09:00,1392.0,1392.0,1392.0,1392.0,100,0.0,0.0
2023-07-25 09:00:00+09:00,1395.0,1395.0,1395.0,1395.0,1000,0.0,0.0
2023-07-25 10:00:00+09:00,1394.0,1395.0,1394.0,1394.0,700,0.0,0.0
2023-07-25 11:00:00+09:00,1393.0,1393.0,1392.0,1392.0,0,0.0,0.0
2023-07-25 14:00:00+09:00,1393.0,1394.0,1393.0,1394.0,2200,0.0,0.0
2023-07-26 09:00:00+09:00,1396.0,1396.0,1395.0,1395.0,0,0.0,0.0
2023-07-26 10:00:00+09:00,1394.0,1394.0,1394.0,1394.0,1300,0.0,0.0
2023-07-26 11:00:00+09:00,1394.0,1394.0,1391.0,1393.0,0,0.0,0.0
2023-07-26 12:00:00+09:00,1393.0,1393.0,1391.0,1391.0,2200,0.0,0.0
2023-07-26 13:00:00+09:00,1393.0,1393.0,1393.0,1393.0,100,0.0,0.0
2023-07-26 14:00:00+09:00,1394.0,1394.0,1394.0,1394.0,100,0.0,0.0
2023-07-27 09:00:00+09:00,1390.0,1390.0,1390.0,1390.0,200,0.0,0.0
2023-07-27 11:00:00+09:00,1390.0,1390.0,1390.0,1390.0,0,0.0,0.0
2023-07-27 12:00:00+09:00,1391.0,1395.0,1391.0,1395.0,600,0.0,0.0
2023-07-27 13:00:00+09:00,1393.0,1393.0,1393.0,1393.0,0,0.0,0.0
2023-07-27 14:00:00+09:00,1392.0,1392.0,1392.0,1392.0,800,0.0,0.0
2023-07-28 09:00:00+09:00,1395.0,1395.0,1395.0,1395.0,100,0.0,0.0
2023-07-28 10:00:00+09:00,1395.0,1395.0,1395.0,1395.0,100,0.0,0.0
2023-07-28 11:00:00+09:00,1393.0,1393.0,1393.0,1393.0,0,0.0,0.0
2023-07-28 13:00:00+09:00,1392.0,1395.0,1391.0,1395.0,0,0.0,0.0
2023-07-28 14:00:00+09:00,1394.0,1394.0,1394.0,1394.0,800,0.0,0.0
2023-07-31 09:00:00+09:00,1396.0,1397.0,1395.0,1396.0,700,0.0,0.0
2023-07-31 10:00:00+09:00,1396.0,1397.0,1396.0,1396.0,300,0.0,0.0
2023-07-31 11:00:00+09:00,1396.0,1396.0,1396.0,1396.0,0,0.0,0.0
2023-07-31 12:00:00+09:00,1396.0,1396.0,1396.0,1396.0,1200,0.0,0.0
2023-07-31 13:00:00+09:00,1397.0,1397.0,1396.0,1396.0,200,0.0,0.0
2023-07-31 14:00:00+09:00,1397.0,1397.0,1396.0,1396.0,200,0.0,0.0
2023-08-01 09:00:00+09:00,1398.0,1398.0,1396.0,1397.0,0,0.0,0.0
2023-08-01 10:00:00+09:00,1396.0,1398.0,1396.0,1398.0,1600,0.0,0.0
2023-08-01 11:00:00+09:00,1398.0,1398.0,1398.0,1398.0,0,0.0,0.0
2023-08-01 12:00:00+09:00,1398.0,1398.0,1398.0,1398.0,2300,0.0,0.0
2023-08-01 13:00:00+09:00,1397.0,1397.0,1397.0,1397.0,200,0.0,0.0
2023-08-01 14:00:00+09:00,1396.0,1396.0,1396.0,1396.0,100,0.0,0.0
2023-08-02 09:00:00+09:00,1399.0,1399.0,1398.0,1398.0,800,0.0,0.0
2023-08-02 10:00:00+09:00,1399.0,1399.0,1398.0,1398.0,300,0.0,0.0
2023-08-02 11:00:00+09:00,1396.0,1396.0,1396.0,1396.0,0,0.0,0.0
2023-08-02 12:00:00+09:00,1399.0,1399.0,1397.0,1397.0,1500,0.0,0.0
2023-08-02 14:00:00+09:00,1398.0,1398.0,1398.0,1398.0,300,0.0,0.0
2023-08-03 09:00:00+09:00,1399.0,1399.0,1399.0,1399.0,500,0.0,0.0
2023-08-03 10:00:00+09:00,1399.0,1399.0,1399.0,1399.0,200,0.0,0.0
2023-08-03 11:00:00+09:00,1399.0,1400.0,1399.0,1399.0,0,0.0,0.0
2023-08-03 12:00:00+09:00,1400.0,1400.0,1400.0,1400.0,1700,0.0,0.0
2023-08-03 13:00:00+09:00,1399.0,1400.0,1399.0,1400.0,800,0.0,0.0
2023-08-03 14:00:00+09:00,1400.0,1400.0,1398.0,1398.0,2800,0.0,0.0
2023-08-04 09:00:00+09:00,1405.0,1405.0,1391.0,1402.0,5200,0.0,0.0
2023-08-04 10:00:00+09:00,1392.0,1392.0,1391.0,1391.0,300,0.0,0.0
2023-08-04 11:00:00+09:00,1392.0,1392.0,1392.0,1392.0,0,0.0,0.0
2023-08-04 12:00:00+09:00,1395.0,1395.0,1391.0,1391.0,6700,0.0,0.0
2023-08-04 13:00:00+09:00,1392.0,1394.0,1392.0,1394.0,400,0.0,0.0
2023-08-04 14:00:00+09:00,1395.0,1395.0,1395.0,1395.0,100,0.0,0.0
2023-08-07 09:00:00+09:00,1396.0,1396.0,1396.0,1396.0,500,0.0,0.0
2023-08-07 10:00:00+09:00,1396.0,1396.0,1396.0,1396.0,100,0.0,0.0
2023-08-07 11:00:00+09:00,1396.0,1396.0,1396.0,1396.0,0,0.0,0.0
2023-08-07 14:00:00+09:00,1399.0,1399.0,1397.0,1397.0,900,0.0,0.0
2023-08-08 09:00:00+09:00,1400.0,1400.0,1397.0,1397.0,900,0.0,0.0
2023-08-08 11:00:00+09:00,1400.0,1400.0,1400.0,1400.0,0,0.0,0.0
2023-08-08 12:00:00+09:00,1400.0,1400.0,1399.0,1399.0,1200,0.0,0.0
2023-08-08 14:00:00+09:00,1397.0,1399.0,1397.0,1399.0,200,0.0,0.0
2023-08-09 09:00:00+09:00,1400.0,1401.0,1399.0,1401.0,1000,0.0,0.0
2023-08-09 10:00:00+09:00,1402.0,1403.0,1402.0,1403.0,1100,0.0,0.0
2023-08-09 11:00:00+09:00,1403.0,1403.0,1403.0,1403.0,0,0.0,0.0
2023-08-09 12:00:00+09:00,1400.0,1400.0,1400.0,1400.0,2200,0.0,0.0
2023-08-09 13:00:00+09:00,1401.0,1403.0,1401.0,1403.0,500,0.0,0.0
2023-08-09 14:00:00+09:00,1402.0,1404.0,1400.0,1404.0,600,0.0,0.0
2023-08-10 09:00:00+09:00,1404.0,1404.0,1400.0,1400.0,400,0.0,0.0
2023-08-10 10:00:00+09:00,1399.0,1403.0,1399.0,1403.0,300,0.0,0.0
2023-08-10 11:00:00+09:00,1404.0,1404.0,1402.0,1404.0,0,0.0,0.0
2023-08-10 12:00:00+09:00,1402.0,1402.0,1400.0,1400.0,1200,0.0,0.0
2023-08-10 13:00:00+09:00,1400.0,1400.0,1400.0,1400.0,200,0.0,0.0
2023-08-10 14:00:00+09:00,1400.0,1400.0,1400.0,1400.0,200,0.0,0.0
2023-08-14 09:00:00+09:00,1400.0,1404.0,1400.0,1403.0,1200,0.0,0.0
2023-08-14 10:00:00+09:00,1404.0,1404.0,1404.0,1404.0,300,0.0,0.0
2023-08-14 11:00:00+09:00,1402.0,1402.0,1402.0,1402.0,0,0.0,0.0
2023-08-14 12:00:00+09:00,1404.0,1405.0,1404.0,1405.0,1800,0.0,0.0
2023-08-14 13:00:00+09:00,1403.0,1404.0,1403.0,1404.0,200,0.0,0.0
2023-08-14 14:00:00+09:00,1403.0,1404.0,1401.0,1404.0,300,0.0,0.0
2023-08-15 09:00:00+09:00,1405.0,1405.0,1404.0,1404.0,800,0.0,0.0
2023-08-15 10:00:00+09:00,1404.0,1405.0,1404.0,1404.0,300,0.0,0.0
2023-08-15 11:00:00+09:00,1402.0,1402.0,1402.0,1402.0,0,0.0,0.0
2023-08-15 12:00:00+09:00,1402.0,1402.0,1402.0,1402.0,1300,0.0,0.0
2023-08-15 13:00:00+09:00,1402.0,1402.0,1402.0,1402.0,100,0.0,0.0
2023-08-15 14:00:00+09:00,1404.0,1404.0,1402.0,1402.0,200,0.0,0.0
2023-08-16 09:00:00+09:00,1401.0,1401.0,1401.0,1401.0,1000,0.0,0.0
2023-08-16 10:00:00+09:00,1401.0,1404.0,1401.0,1404.0,300,0.0,0.0
2023-08-16 11:00:00+09:00,1404.0,1404.0,1404.0,1404.0,0,0.0,0.0
2023-08-16 12:00:00+09:00,1404.0,1404.0,1404.0,1404.0,1400,0.0,0.0
2023-08-16 13:00:00+09:00,1402.0,1404.0,1402.0,1404.0,500,0.0,0.0
2023-08-16 14:00:00+09:00,1404.0,1405.0,1404.0,1405.0,300,0.0,0.0
2023-08-17 09:00:00+09:00,1408.0,1408.0,1402.0,1402.0,1600,0.0,0.0
2023-08-17 10:00:00+09:00,1404.0,1404.0,1404.0,1404.0,100,0.0,0.0
2023-08-17 11:00:00+09:00,1404.0,1405.0,1404.0,1405.0,0,0.0,0.0
2023-08-17 12:00:00+09:00,1406.0,1406.0,1406.0,1406.0,0,0.0,0.0
2023-08-17 13:00:00+09:00,1402.0,1406.0,1402.0,1406.0,2500,0.0,0.0
2023-08-18 09:00:00+09:00,1406.0,1407.0,1403.0,1403.0,700,0.0,0.0
2023-08-18 10:00:00+09:00,1403.0,1403.0,1403.0,1403.0,400,0.0,0.0
2023-08-18 11:00:00+09:00,1403.0,1403.0,1403.0,1403.0,0,0.0,0.0
2023-08-18 12:00:00+09:00,1402.0,1402.0,1402.0,1402.0,0,0.0,0.0
2023-08-18 13:00:00+09:00,1402.0,1402.0,1402.0,1402.0,1400,0.0,0.0
2023-08-18 14:00:00+09:00,1403.0,1405.0,1402.0,1402.0,400,0.0,0.0
2023-08-21 09:00:00+09:00,1402.0,1402.0,1401.0,1401.0,1100,0.0,0.0
2023-08-21 11:00:00+09:00,1402.0,1405.0,1402.0,1404.0,0,0.0,0.0
2023-08-21 12:00:00+09:00,1404.0,1404.0,1404.0,1404.0,1700,0.0,0.0
2023-08-21 14:00:00+09:00,1401.0,1401.0,1400.0,1400.0,1000,0.0,0.0
2023-08-22 09:00:00+09:00,1409.0,1409.0,1403.0,1408.0,1100,0.0,0.0
2023-08-22 10:00:00+09:00,1407.0,1407.0,1402.0,1402.0,400,0.0,0.0
2023-08-22 11:00:00+09:00,1404.0,1404.0,1404.0,1404.0,0,0.0,0.0
2023-08-22 13:00:00+09:00,1401.0,1405.0,1400.0,1400.0,2900,0.0,0.0
2023-08-23 09:00:00+09:00,1400.0,1406.0,1400.0,1400.0,600,0.0,0.0
2023-08-23 10:00:00+09:00,1400.0,1405.0,1400.0,1405.0,300,0.0,0.0
2023-08-23 11:00:00+09:00,1405.0,1405.0,1405.0,1405.0,0,0.0,0.0
2023-08-23 12:00:00+09:00,1405.0,1405.0,1402.0,1402.0,1100,0.0,0.0
2023-08-23 13:00:00+09:00,1400.0,1401.0,1400.0,1401.0,200,0.0,0.0
2023-08-23 14:00:00+09:00,1401.0,1401.0,1401.0,1401.0,100,0.0,0.0
2023-08-24 09:00:00+09:00,1403.0,1403.0,1402.0,1402.0,900,0.0,0.0
2023-08-24 10:00:00+09:00,1402.0,1402.0,1402.0,1402.0,100,0.0,0.0
2023-08-24 11:00:00+09:00,1402.0,1402.0,1402.0,1402.0,0,0.0,0.0
2023-08-24 12:00:00+09:00,1402.0,1402.0,1402.0,1402.0,1100,0.0,0.0
2023-08-25 09:00:00+09:00,1408.0,1408.0,1404.0,1405.0,1600,0.0,0.0
2023-08-25 10:00:00+09:00,1408.0,1408.0,1408.0,1408.0,100,0.0,0.0
2023-08-25 11:00:00+09:00,1408.0,1408.0,1408.0,1408.0,0,0.0,0.0
2023-08-25 12:00:00+09:00,1408.0,1410.0,1408.0,1410.0,0,0.0,0.0
2023-08-25 13:00:00+09:00,1410.0,1410.0,1406.0,1406.0,4400,0.0,0.0
2023-08-25 14:00:00+09:00,1408.0,1408.0,1406.0,1406.0,300,0.0,0.0
2023-08-28 09:00:00+09:00,1408.0,1408.0,1404.0,1405.0,1100,0.0,0.0
2023-08-28 10:00:00+09:00,1408.0,1408.0,1408.0,1408.0,100,0.0,0.0
2023-08-28 11:00:00+09:00,1406.0,1409.0,1406.0,1409.0,0,0.0,0.0
2023-08-28 12:00:00+09:00,1409.0,1409.0,1409.0,1409.0,1700,0.0,0.0
2023-08-28 13:00:00+09:00,1408.0,1408.0,1408.0,1408.0,200,0.0,0.0
2023-08-28 14:00:00+09:00,1409.0,1409.0,1407.0,1407.0,400,0.0,0.0
2023-08-29 09:00:00+09:00,1408.0,1409.0,1408.0,1409.0,0,0.0,0.0
2023-08-29 10:00:00+09:00,1410.0,1410.0,1408.0,1408.0,1100,0.0,0.0
2023-08-29 11:00:00+09:00,1408.0,1408.0,1408.0,1408.0,0,0.0,0.0
2023-08-29 12:00:00+09:00,1408.0,1409.0,1408.0,1409.0,0,0.0,0.0
2023-08-29 13:00:00+09:00,1408.0,1408.0,1408.0,1408.0,1900,0.0,0.0
2023-08-29 14:00:00+09:00,1407.0,1407.0,1406.0,1407.0,1000,0.0,0.0
2023-08-30 09:00:00+09:00,1407.0,1410.0,1404.0,1409.0,1900,0.0,0.0
2023-08-30 10:00:00+09:00,1410.0,1411.0,1407.0,1407.0,700,0.0,0.0
2023-08-30 11:00:00+09:00,1407.0,1409.0,1406.0,1407.0,0,0.0,0.0
2023-08-30 12:00:00+09:00,1410.0,1412.0,1410.0,1412.0,3400,0.0,0.0
2023-08-30 13:00:00+09:00,1412.0,1412.0,1412.0,1412.0,300,0.0,0.0
2023-08-30 14:00:00+09:00,1412.0,1412.0,1410.0,1410.0,200,0.0,0.0
2023-08-31 09:00:00+09:00,1412.0,1412.0,1406.0,1411.0,1300,0.0,0.0
2023-08-31 10:00:00+09:00,1412.0,1412.0,1410.0,1410.0,200,0.0,0.0
2023-08-31 11:00:00+09:00,1411.0,1412.0,1409.0,1409.0,0,0.0,0.0
2023-08-31 12:00:00+09:00,1412.0,1413.0,1412.0,1413.0,2600,0.0,0.0
2023-08-31 13:00:00+09:00,1413.0,1413.0,1413.0,1413.0,500,0.0,0.0
2023-08-31 14:00:00+09:00,1413.0,1413.0,1411.0,1411.0,400,0.0,0.0
2023-09-01 09:00:00+09:00,1413.0,1413.0,1410.0,1410.0,900,0.0,0.0
2023-09-01 10:00:00+09:00,1414.0,1414.0,1414.0,1414.0,200,0.0,0.0
2023-09-01 11:00:00+09:00,1410.0,1410.0,1410.0,1410.0,0,0.0,0.0
2023-09-01 12:00:00+09:00,1410.0,1410.0,1410.0,1410.0,1300,0.0,0.0
2023-09-01 13:00:00+09:00,1414.0,1414.0,1410.0,1410.0,300,0.0,0.0
2023-09-01 14:00:00+09:00,1414.0,1414.0,1413.0,1414.0,400,0.0,0.0
2023-09-04 09:00:00+09:00,1413.0,1416.0,1413.0,1416.0,2200,0.0,0.0
2023-09-04 10:00:00+09:00,1417.0,1450.0,1416.0,1417.0,5700,0.0,0.0
2023-09-04 11:00:00+09:00,1417.0,1420.0,1417.0,1420.0,0,0.0,0.0
2023-09-04 12:00:00+09:00,1420.0,1442.0,1420.0,1434.0,10800,0.0,0.0
2023-09-04 13:00:00+09:00,1431.0,1432.0,1422.0,1432.0,1100,0.0,0.0
2023-09-04 14:00:00+09:00,1433.0,1434.0,1433.0,1433.0,400,0.0,0.0
2023-09-05 09:00:00+09:00,1425.0,1431.0,1425.0,1430.0,2500,0.0,0.0
2023-09-05 10:00:00+09:00,1431.0,1434.0,1431.0,1431.0,400,0.0,0.0
2023-09-05 11:00:00+09:00,1431.0,1431.0,1431.0,1431.0,0,0.0,0.0
2023-09-05 12:00:00+09:00,1430.0,1432.0,1429.0,1432.0,3600,0.0,0.0
2023-09-05 13:00:00+09:00,1432.0,1432.0,1430.0,1430.0,0,0.0,0.0
2023-09-05 14:00:00+09:00,1433.0,1435.0,1433.0,1435.0,4800,0.0,0.0
2023-09-06 09:00:00+09:00,1430.0,1431.0,1426.0,1431.0,1200,0.0,0.0
2023-09-06 10:00:00+09:00,1433.0,1440.0,1433.0,1440.0,800,0.0,0.0
2023-09-06 11:00:00+09:00,1433.0,1433.0,1432.0,1432.0,0,0.0,0.0
2023-09-06 12:00:00+09:00,1438.0,1439.0,1433.0,1439.0,2900,0.0,0.0
2023-09-06 13:00:00+09:00,1440.0,1440.0,1436.0,1436.0,300,0.0,0.0
2023-09-06 14:00:00+09:00,1440.0,1443.0,1437.0,1443.0,1000,0.0,0.0
2023-09-07 09:00:00+09:00,1440.0,1440.0,1420.0,1423.0,3300,0.0,0.0
2023-09-07 10:00:00+09:00,1430.0,1434.0,1430.0,1434.0,300,0.0,0.0
2023-09-07 11:00:00+09:00,1435.0,1435.0,1433.0,1433.0,0,0.0,0.0
2023-09-07 12:00:00+09:00,1433.0,1439.0,1433.0,1439.0,4100,0.0,0.0
2023-09-07 13:00:00+09:00,1440.0,1440.0,1434.0,1439.0,700,0.0,0.0
2023-09-07 14:00:00+09:00,1433.0,1435.0,1433.0,1435.0,400,0.0,0.0
2023-09-08 09:00:00+09:00,1440.0,1440.0,1430.0,1438.0,2000,0.0,0.0
2023-09-08 10:00:00+09:00,1433.0,1433.0,1433.0,1433.0,200,0.0,0.0
2023-09-08 11:00:00+09:00,1433.0,1433.0,1433.0,1433.0,0,0.0,0.0
2023-09-08 12:00:00+09:00,1433.0,1435.0,1433.0,1435.0,2500,0.0,0.0
2023-09-08 13:00:00+09:00,1437.0,1440.0,1437.0,1438.0,400,0.0,0.0
2023-09-08 14:00:00+09:00,1438.0,1440.0,1437.0,1440.0,800,0.0,0.0
2023-09-11 09:00:00+09:00,1440.0,1444.0,1440.0,1443.0,1600,0.0,0.0
2023-09-11 10:00:00+09:00,1444.0,1444.0,1438.0,1444.0,600,0.0,0.0
2023-09-11 11:00:00+09:00,1438.0,1444.0,1438.0,1444.0,0,0.0,0.0
2023-09-11 12:00:00+09:00,1444.0,1444.0,1439.0,1443.0,3100,0.0,0.0
2023-09-11 13:00:00+09:00,1442.0,1442.0,1441.0,1441.0,200,0.0,0.0
2023-09-11 14:00:00+09:00,1441.0,1443.0,1440.0,1443.0,400,0.0,0.0
2023-09-12 09:00:00+09:00,1443.0,1443.0,1440.0,1440.0,1300,0.0,0.0
2023-09-12 10:00:00+09:00,1440.0,1443.0,1440.0,1443.0,400,0.0,0.0
2023-09-12 11:00:00+09:00,1443.0,1445.0,1443.0,1445.0,0,0.0,0.0
2023-09-12 12:00:00+09:00,1445.0,1445.0,1444.0,1444.0,3600,0.0,0.0
2023-09-12 13:00:00+09:00,1445.0,1446.0,1444.0,1446.0,700,0.0,0.0
2023-09-12 14:00:00+09:00,1446.0,1446.0,1443.0,1443.0,400,0.0,0.0
2023-09-13 09:00:00+09:00,1443.0,1444.0,1440.0,1444.0,1700,0.0,0.0
2023-09-13 10:00:00+09:00,1444.0,1445.0,1444.0,1445.0,300,0.0,0.0
2023-09-13 11:00:00+09:00,1445.0,1445.0,1445.0,1445.0,0,0.0,0.0
2023-09-13 12:00:00+09:00,1445.0,1446.0,1444.0,1445.0,2800,0.0,0.0
2023-09-13 13:00:00+09:00,1445.0,1445.0,1445.0,1445.0,200,0.0,0.0
2023-09-13 14:00:00+09:00,1445.0,1446.0,1445.0,1446.0,300,0.0,0.0
2023-09-14 09:00:00+09:00,1440.0,1446.0,1420.0,1429.0,7800,0.0,0.0
2023-09-14 10:00:00+09:00,1441.0,1448.0,1429.0,1448.0,1600,0.0,0.0
2023-09-14 11:00:00+09:00,1440.0,1440.0,1430.0,1430.0,0,0.0,0.0
2023-09-14 12:00:00+09:00,1432.0,1444.0,1432.0,1444.0,0,0.0,0.0
2023-09-14 13:00:00+09:00,1433.0,1445.0,1432.0,1433.0,10800,0.0,0.0
2023-09-14 14:00:00+09:00,1447.0,1449.0,1436.0,1437.0,1700,0.0,0.0
2023-09-15 09:00:00+09:00,1435.0,1442.0,1435.0,1442.0,1500,0.0,0.0
2023-09-15 10:00:00+09:00,1439.0,1449.0,1432.0,1448.0,3500,0.0,0.0
2023-09-15 11:00:00+09:00,1433.0,1450.0,1433.0,1450.0,0,0.0,0.0
2023-09-15 13:00:00+09:00,1435.0,1436.0,1433.0,1433.0,6500,0.0,0.0
2023-09-15 14:00:00+09:00,1434.0,1441.0,1434.0,1441.0,400,0.0,0.0
2023-09-19 09:00:00+09:00,1441.0,1445.0,1440.0,1445.0,0,0.0,0.0
2023-09-19 10:00:00+09:00,1445.0,1445.0,1444.0,1445.0,2400,0.0,0.0
2023-09-19 11:00:00+09:00,1446.0,1446.0,1446.0,1446.0,0,0.0,0.0
2023-09-19 12:00:00+09:00,1446.0,1446.0,1446.0,1446.0,2600,0.0,0.0
2023-09-19 13:00:00+09:00,1443.0,1446.0,1443.0,1446.0,0,0.0,0.0
2023-09-19 14:00:00+09:00,1444.0,1449.0,1440.0,1449.0,4500,0.0,0.0
2023-09-20 09:00:00+09:00,1443.0,1449.0,1443.0,1449.0,1400,0.0,0.0
2023-09-20 10:00:00+09:00,1446.0,1447.0,1446.0,1447.0,300,0.0,0.0
2023-09-20 11:00:00+09:00,1447.0,1447.0,1447.0,1447.0,0,0.0,0.0
2023-09-20 12:00:00+09:00,1445.0,1448.0,1445.0,1448.0,2200,0.0,0.0
2023-09-20 13:00:00+09:00,1447.0,1447.0,1447.0,1447.0,100,0.0,0.0
2023-09-20 14:00:00+09:00,1448.0,1449.0,1445.0,1445.0,600,0.0,0.0
2023-09-21 09:00:00+09:00,1447.0,1447.0,1444.0,1444.0,2400,0.0,0.0
2023-09-21 10:00:00+09:00,1445.0,1449.0,1445.0,1449.0,300,0.0,0.0
2023-09-21 11:00:00+09:00,1449.0,1449.0,1449.0,1449.0,0,0.0,0.0
2023-09-21 12:00:00+09:00,1449.0,1449.0,1448.0,1448.0,3000,0.0,0.0
2023-09-21 13:00:00+09:00,1449.0,1449.0,1449.0,1449.0,200,0.0,0.0
2023-09-21 14:00:00+09:00,1449.0,1450.0,1449.0,1450.0,600,0.0,0.0
2023-09-22 09:00:00+09:00,1450.0,1450.0,1441.0,1441.0,4900,0.0,0.0
2023-09-22 10:00:00+09:00,1442.0,1442.0,1442.0,1442.0,100,0.0,0.0
2023-09-22 11:00:00+09:00,1442.0,1442.0,1442.0,1442.0,0,0.0,0.0
2023-09-22 12:00:00+09:00,1450.0,1450.0,1446.0,1446.0,5800,0.0,0.0
2023-09-22 13:00:00+09:00,1449.0,1450.0,1449.0,1450.0,1000,0.0,0.0
2023-09-22 14:00:00+09:00,1449.0,1450.0,1449.0,1450.0,400,0.0,0.0
2023-09-25 09:00:00+09:00,1450.0,1450.0,1447.0,1448.0,4000,0.0,0.0
2023-09-25 10:00:00+09:00,1448.0,1450.0,1447.0,1450.0,0,0.0,0.0
2023-09-25 11:00:00+09:00,1450.0,1451.0,1447.0,1451.0,0,0.0,0.0
2023-09-25 12:00:00+09:00,1451.0,1451.0,1448.0,1449.0,7700,0.0,0.0
2023-09-25 13:00:00+09:00,1451.0,1452.0,1451.0,1452.0,900,0.0,0.0
2023-09-25 14:00:00+09:00,1452.0,1455.0,1451.0,1451.0,1000,0.0,0.0
2023-09-26 09:00:00+09:00,1450.0,1454.0,1450.0,1454.0,2800,0.0,0.0
2023-09-26 10:00:00+09:00,1454.0,1454.0,1454.0,1454.0,600,0.0,0.0
2023-09-26 11:00:00+09:00,1454.0,1454.0,1453.0,1454.0,0,0.0,0.0
2023-09-26 12:00:00+09:00,1454.0,1454.0,1452.0,1454.0,5600,0.0,0.0
2023-09-26 13:00:00+09:00,1454.0,1454.0,1453.0,1453.0,900,0.0,0.0
2023-09-26 14:00:00+09:00,1453.0,1455.0,1451.0,1454.0,1600,0.0,0.0
2023-09-27 09:00:00+09:00,1449.0,1454.0,1448.0,1448.0,18400,0.0,0.0
2023-09-27 10:00:00+09:00,1450.0,1454.0,1448.0,1450.0,1600,0.0,0.0
2023-09-27 11:00:00+09:00,1449.0,1451.0,1449.0,1451.0,0,0.0,0.0
2023-09-27 12:00:00+09:00,1451.0,1454.0,1450.0,1452.0,25400,0.0,0.0
2023-09-27 13:00:00+09:00,1454.0,1454.0,1451.0,1452.0,1600,0.0,0.0
2023-09-27 14:00:00+09:00,1452.0,1454.0,1451.0,1454.0,4400,0.0,0.0
2023-09-28 09:00:00+09:00,1437.0,1442.0,1411.0,1440.0,13600,0.0,0.0
2023-09-28 10:00:00+09:00,1425.0,1425.0,1421.0,1421.0,300,0.0,0.0
2023-09-28 11:00:00+09:00,1421.0,1423.0,1420.0,1423.0,0,0.0,0.0
2023-09-28 12:00:00+09:00,1425.0,1425.0,1420.0,1420.0,15700,0.0,0.0
2023-09-28 13:00:00+09:00,1419.0,1420.0,1418.0,1420.0,400,0.0,0.0
2023-09-28 14:00:00+09:00,1420.0,1424.0,1420.0,1421.0,800,0.0,0.0
2023-09-29 09:00:00+09:00,1420.0,1421.0,1419.0,1419.0,1800,0.0,0.0
2023-09-29 10:00:00+09:00,1419.0,1419.0,1419.0,1419.0,200,0.0,0.0
2023-09-29 11:00:00+09:00,1418.0,1418.0,1418.0,1418.0,0,0.0,0.0
2023-09-29 12:00:00+09:00,1415.0,1415.0,1415.0,1415.0,3100,0.0,0.0
2023-09-29 13:00:00+09:00,1415.0,1417.0,1414.0,1417.0,400,0.0,0.0
2023-09-29 14:00:00+09:00,1417.0,1418.0,1417.0,1418.0,300,0.0,0.0
2023-10-02 09:00:00+09:00,1413.0,1413.0,1404.0,1405.0,3900,0.0,0.0
2023-10-02 10:00:00+09:00,1405.0,1410.0,1405.0,1406.0,300,0.0,0.0
2023-10-02 11:00:00+09:00,1406.0,1407.0,1405.0,1405.0,0,0.0,0.0
2023-10-02 12:00:00+09:00,1405.0,1405.0,1405.0,1405.0,5100,0.0,0.0
2023-10-02 13:00:00+09:00,1404.0,1404.0,1404.0,1404.0,300,0.0,0.0
2023-10-02 14:00:00+09:00,1404.0,1405.0,1404.0,1405.0,800,0.0,0.0
2023-10-03 09:00:00+09:00,1410.0,1410.0,1405.0,1405.0,1300,0.0,0.0
2023-10-03 10:00:00+09:00,1405.0,1405.0,1405.0,1405.0,200,0.0,0.0
2023-10-03 11:00:00+09:00,1406.0,1406.0,1406.0,1406.0,0,0.0,0.0
2023-10-03 12:00:00+09:00,1405.0,1405.0,1405.0,1405.0,2100,0.0,0.0
2023-10-03 13:00:00+09:00,1405.0,1405.0,1403.0,1403.0,900,0.0,0.0
2023-10-03 14:00:00+09:00,1403.0,1403.0,1400.0,1401.0,2500,0.0,0.0
2023-10-04 09:00:00+09:00,1405.0,1405.0,1400.0,1401.0,1700,0.0,0.0
2023-10-04 10:00:00+09:00,1400.0,1400.0,1400.0,1400.0,300,0.0,0.0
2023-10-04 11:00:00+09:00,1400.0,1400.0,1400.0,1400.0,0,0.0,0.0
2023-10-04 12:00:00+09:00,1400.0,1402.0,1395.0,1395.0,5200,0.0,0.0
2023-10-04 13:00:00+09:00,1394.0,1395.0,1394.0,1395.0,300,0.0,0.0
2023-10-04 14:00:00+09:00,1395.0,1399.0,1395.0,1399.0,400,0.0,0.0
2023-10-05 09:00:00+09:00,1405.0,1405.0,1403.0,1403.0,700,0.0,0.0
2023-10-05 10:00:00+09:00,1403.0,1405.0,1403.0,1405.0,200,0.0,0.0
2023-10-05 11:00:00+09:00,1405.0,1405.0,1405.0,1405.0,0,0.0,0.0
2023-10-05 12:00:00+09:00,1406.0,1407.0,1405.0,1406.0,1700,0.0,0.0
2023-10-05 13:00:00+09:00,1405.0,1408.0,1405.0,1408.0,300,0.0,0.0
2023-10-05 14:00:00+09:00,1408.0,1408.0,1408.0,1408.0,100,0.0,0.0
2023-10-06 09:00:00+09:00,1412.0,1415.0,1412.0,1414.0,1500,0.0,0.0
2023-10-06 10:00:00+09:00,1413.0,1413.0,1413.0,1413.0,300,0.0,0.0
2023-10-06 11:00:00+09:00,1413.0,1413.0,1413.0,1413.0,0,0.0,0.0
2023-10-06 12:00:00+09:00,1416.0,1416.0,1416.0,1416.0,2300,0.0,0.0
2023-10-06 13:00:00+09:00,1416.0,1416.0,1415.0,1415.0,300,0.0,0.0
2023-10-06 14:00:00+09:00,1415.0,1416.0,1415.0,1416.0,300,0.0,0.0
2023-10-10 09:00:00+09:00,1420.0,1420.0,1418.0,1418.0,1300,0.0,0.0
2023-10-10 10:00:00+09:00,1418.0,1421.0,1418.0,1420.0,1000,0.0,0.0
2023-10-10 11:00:00+09:00,1420.0,1420.0,1420.0,1420.0,0,0.0,0.0
2023-10-10 12:00:00+09:00,1420.0,1420.0,1420.0,1420.0,2500,0.0,0.0
2023-10-10 13:00:00+09:00,1420.0,1420.0,1420.0,1420.0,100,0.0,0.0
2023-10-11 09:00:00+09:00,1420.0,1421.0,1418.0,1418.0,2500,0.0,0.0
2023-10-11 10:00:00+09:00,1416.0,1416.0,1416.0,1416.0,200,0.0,0.0
2023-10-11 11:00:00+09:00,1416.0,1416.0,1416.0,1416.0,0,0.0,0.0
2023-10-11 13:00:00+09:00,1416.0,1416.0,1415.0,1415.0,3100,0.0,0.0
2023-10-12 09:00:00+09:00,1415.0,1415.0,1415.0,1415.0,100,0.0,0.0
2023-10-12 10:00:00+09:00,1415.0,1415.0,1415.0,1415.0,100,0.0,0.0
2023-10-12 11:00:00+09:00,1414.0,1414.0,1414.0,1414.0,0,0.0,0.0
2023-10-12 12:00:00+09:00,1415.0,1415.0,1415.0,1415.0,500,0.0,0.0
2023-10-12 13:00:00+09:00,1411.0,1411.0,1400.0,1402.0,2100,0.0,0.0
2023-10-12 14:00:00+09:00,1412.0,1415.0,1411.0,1415.0,400,0.0,0.0
2023-10-13 09:00:00+09:00,1415.0,1415.0,1415.0,1415.0,500,0.0,0.0
2023-10-13 10:00:00+09:00,1418.0,1419.0,1418.0,1419.0,500,0.0,0.0
2023-10-13 11:00:00+09:00,1419.0,1419.0,1419.0,1419.0,0,0.0,0.0
2023-10-13 12:00:00+09:00,1415.0,1415.0,1407.0,1407.0,1400,0.0,0.0
2023-10-13 13:00:00+09:00,1406.0,1406.0,1404.0,1404.0,400,0.0,0.0
2023-10-13 14:00:00+09:00,1405.0,1407.0,1405.0,1405.0,300,0.0,0.0
2023-10-16 09:00:00+09:00,1417.0,1417.0,1408.0,1408.0,1800,0.0,0.0
2023-10-16 10:00:00+09:00,1408.0,1408.0,1407.0,1407.0,300,0.0,0.0
2023-10-16 11:00:00+09:00,1407.0,1407.0,1407.0,1407.0,0,0.0,0.0
2023-10-16 12:00:00+09:00,1407.0,1407.0,1407.0,1407.0,2400,0.0,0.0
2023-10-16 13:00:00+09:00,1401.0,1401.0,1401.0,1401.0,0,0.0,0.0
2023-10-17 09:00:00+09:00,1417.0,1417.0,1411.0,1414.0,1100,0.0,0.0
2023-10-17 10:00:00+09:00,1416.0,1416.0,1410.0,1410.0,300,0.0,0.0
2023-10-17 11:00:00+09:00,1416.0,1416.0,1416.0,1416.0,0,0.0,0.0
2023-10-17 12:00:00+09:00,1416.0,1416.0,1416.0,1416.0,1600,0.0,0.0
2023-10-17 13:00:00+09:00,1411.0,1411.0,1411.0,1411.0,100,0.0,0.0
2023-10-17 14:00:00+09:00,1410.0,1410.0,1410.0,1410.0,100,0.0,0.0
2023-10-18 09:00:00+09:00,1410.0,1410.0,1410.0,1410.0,100,0.0,0.0
2023-10-18 10:00:00+09:00,1407.0,1407.0,1407.0,1407.0,100,0.0,0.0
2023-10-18 11:00:00+09:00,1406.0,1406.0,1405.0,1405.0,0,0.0,0.0
2023-10-18 12:00:00+09:00,1405.0,1405.0,1405.0,1405.0,500,0.0,0.0
2023-10-18 13:00:00+09:00,1407.0,1407.0,1406.0,1406.0,200,0.0,0.0
2023-10-18 14:00:00+09:00,1406.0,1406.0,1404.0,1406.0,700,0.0,0.0
2023-10-19 09:00:00+09:00,1403.0,1405.0,1403.0,1405.0,700,0.0,0.0
2023-10-19 11:00:00+09:00,1405.0,1405.0,1405.0,1405.0,0,0.0,0.0
2023-10-19 13:00:00+09:00,1402.0,1402.0,1402.0,1402.0,800,0.0,0.0
2023-10-19 14:00:00+09:00,1402.0,1402.0,1402.0,1402.0,100,0.0,0.0
2023-10-20 09:00:00+09:00,1405.0,1405.0,1400.0,1403.0,1300,0.0,0.0
2023-10-20 10:00:00+09:00,1402.0,1402.0,1401.0,1401.0,400,0.0,0.0
2023-10-20 11:00:00+09:00,1401.0,1401.0,1400.0,1400.0,0,0.0,0.0
2023-10-20 13:00:00+09:00,1396.0,1396.0,1396.0,1396.0,3700,0.0,0.0
2023-10-20 14:00:00+09:00,1396.0,1403.0,1395.0,1395.0,300,0.0,0.0
2023-10-23 09:00:00+09:00,1393.0,1393.0,1393.0,1393.0,500,0.0,0.0
2023-10-23 10:00:00+09:00,1391.0,1391.0,1391.0,1391.0,200,0.0,0.0
2023-10-23 11:00:00+09:00,1391.0,1391.0,1391.0,1391.0,0,0.0,0.0
2023-10-23 12:00:00+09:00,1394.0,1395.0,1394.0,1395.0,900,0.0,0.0
2023-10-23 14:00:00+09:00,1393.0,1396.0,1393.0,1396.0,200,0.0,0.0
2023-10-24 09:00:00+09:00,1391.0,1400.0,1391.0,1399.0,1100,0.0,0.0
2023-10-24 10:00:00+09:00,1400.0,1400.0,1391.0,1391.0,200,0.0,0.0
2023-10-24 11:00:00+09:00,1391.0,1395.0,1391.0,1395.0,0,0.0,0.0
2023-10-24 12:00:00+09:00,1391.0,1391.0,1391.0,1391.0,1700,0.0,0.0
2023-10-24 14:00:00+09:00,1394.0,1394.0,1394.0,1394.0,100,0.0,0.0
2023-10-25 09:00:00+09:00,1406.0,1406.0,1400.0,1400.0,1100,0.0,0.0
2023-10-25 11:00:00+09:00,1400.0,1400.0,1400.0,1400.0,0,0.0,0.0
2023-10-25 13:00:00+09:00,1400.0,1400.0,1400.0,1400.0,1500,0.0,0.0
2023-10-26 09:00:00+09:00,1402.0,1402.0,1402.0,1402.0,200,0.0,0.0
2023-10-26 11:00:00+09:00,1402.0,1450.0,1402.0,1438.0,0,0.0,0.0
2023-10-26 12:00:00+09:00,1435.0,1435.0,1422.0,1422.0,16400,0.0,0.0
2023-10-26 13:00:00+09:00,1420.0,1420.0,1413.0,1413.0,700,0.0,0.0
2023-10-26 14:00:00+09:00,1413.0,1413.0,1413.0,1413.0,100,0.0,0.0
2023-10-27 09:00:00+09:00,1419.0,1419.0,1403.0,1403.0,1800,0.0,0.0
2023-10-27 11:00:00+09:00,1403.0,1403.0,1403.0,1403.0,0,0.0,0.0
2023-10-27 12:00:00+09:00,1411.0,1411.0,1411.0,1411.0,1900,0.0,0.0
2023-10-27 13:00:00+09:00,1410.0,1411.0,1410.0,1411.0,500,0.0,0.0
2023-10-27 14:00:00+09:00,1410.0,1410.0,1407.0,1407.0,400,0.0,0.0
2023-10-30 09:00:00+09:00,1407.0,1408.0,1407.0,1408.0,1100,0.0,0.0
2023-10-30 10:00:00+09:00,1403.0,1403.0,1401.0,1402.0,800,0.0,0.0
2023-10-30 11:00:00+09:00,1402.0,1402.0,1402.0,1402.0,0,0.0,0.0
2023-10-30 12:00:00+09:00,1401.0,1401.0,1401.0,1401.0,0,0.0,0.0
2023-10-30 13:00:00+09:00,1401.0,1401.0,1401.0,1401.0,2200,0.0,0.0
2023-10-30 14:00:00+09:00,1405.0,1419.0,1405.0,1405.0,1200,0.0,0.0
2023-10-31 09:00:00+09:00,1410.0,1428.0,1410.0,1420.0,1000,0.0,0.0
2023-10-31 10:00:00+09:00,1413.0,1413.0,1413.0,1413.0,100,0.0,0.0
2023-10-31 11:00:00+09:00,1414.0,1415.0,1414.0,1415.0,0,0.0,0.0
2023-10-31 12:00:00+09:00,1416.0,1417.0,1410.0,1410.0,1700,0.0,0.0
2023-10-31 13:00:00+09:00,1413.0,1413.0,1410.0,1410.0,300,0.0,0.0
2023-10-31 14:00:00+09:00,1410.0,1410.0,1410.0,1410.0,100,0.0,0.0
2023-11-01 09:00:00+09:00,1417.0,1418.0,1417.0,1417.0,300,0.0,0.0
2023-11-01 11:00:00+09:00,1417.0,1417.0,1417.0,1417.0,0,0.0,0.0
2023-11-01 12:00:00+09:00,1417.0,1424.0,1417.0,1421.0,1500,0.0,0.0
2023-11-01 13:00:00+09:00,1420.0,1420.0,1415.0,1415.0,700,0.0,0.0
2023-11-01 14:00:00+09:00,1416.0,1416.0,1408.0,1416.0,1300,0.0,0.0
2023-11-02 09:00:00+09:00,1418.0,1423.0,1418.0,1423.0,800,0.0,0.0
2023-11-02 10:00:00+09:00,1422.0,1422.0,1420.0,1420.0,300,0.0,0.0
2023-11-02 11:00:00+09:00,1421.0,1421.0,1421.0,1421.0,0,0.0,0.0
2023-11-02 12:00:00+09:00,1415.0,1424.0,1415.0,1424.0,2800,0.0,0.0
2023-11-02 13:00:00+09:00,1423.0,1427.0,1423.0,1427.0,1200,0.0,0.0
2023-11-02 14:00:00+09:00,1425.0,1426.0,1414.0,1426.0,2000,0.0,0.0
2023-11-06 09:00:00+09:00,1413.0,1414.0,1401.0,1410.0,3500,0.0,0.0
2023-11-06 10:00:00+09:00,1407.0,1407.0,1404.0,1407.0,900,0.0,0.0
2023-11-06 11:00:00+09:00,1405.0,1408.0,1405.0,1408.0,0,0.0,0.0
2023-11-06 12:00:00+09:00,1409.0,1410.0,1406.0,1406.0,5200,0.0,0.0
2023-11-06 13:00:00+09:00,1410.0,1413.0,1410.0,1413.0,300,0.0,0.0
2023-11-06 14:00:00+09:00,1409.0,1413.0,1402.0,1413.0,1800,0.0,0.0
2023-11-07 09:00:00+09:00,1410.0,1410.0,1410.0,1410.0,900,0.0,0.0
2023-11-07 10:00:00+09:00,1411.0,1413.0,1411.0,1413.0,400,0.0,0.0
2023-11-07 11:00:00+09:00,1410.0,1410.0,1410.0,1410.0,0,0.0,0.0
2023-11-07 14:00:00+09:00,1413.0,1413.0,1413.0,1413.0,1500,0.0,0.0
2023-11-08 09:00:00+09:00,1415.0,1415.0,1402.0,1402.0,1500,0.0,0.0
2023-11-08 11:00:00+09:00,1410.0,1415.0,1406.0,1406.0,0,0.0,0.0
2023-11-08 13:00:00+09:00,1406.0,1406.0,1406.0,1406.0,2400,0.0,0.0
2023-11-09 09:00:00+09:00,1406.0,1417.0,1405.0,1415.0,1300,0.0,0.0
2023-11-09 10:00:00+09:00,1415.0,1415.0,1407.0,1407.0,200,0.0,0.0
2023-11-09 11:00:00+09:00,1415.0,1415.0,1415.0,1415.0,0,0.0,0.0
2023-11-09 12:00:00+09:00,1415.0,1415.0,1406.0,1406.0,1900,0.0,0.0
2023-11-09 14:00:00+09:00,1408.0,1412.0,1407.0,1408.0,900,0.0,0.0
2023-11-10 09:00:00+09:00,1410.0,1410.0,1410.0,1410.0,500,0.0,0.0
2023-11-10 11:00:00+09:00,1410.0,1410.0,1410.0,1410.0,0,0.0,0.0
2023-11-10 12:00:00+09:00,1407.0,1410.0,1405.0,1410.0,900,0.0,0.0
2023-11-10 13:00:00+09:00,1410.0,1410.0,1410.0,1410.0,100,0.0,0.0
2023-11-13 09:00:00+09:00,1410.0,1410.0,1408.0,1408.0,500,0.0,0.0
2023-11-13 11:00:00+09:00,1408.0,1408.0,1408.0,1408.0,0,0.0,0.0
2023-11-13 12:00:00+09:00,1408.0,1410.0,1408.0,1410.0,700,0.0,0.0
2023-11-13 13:00:00+09:00,1410.0,1410.0,1403.0,1403.0,400,0.0,0.0
2023-11-13 14:00:00+09:00,1404.0,1409.0,1404.0,1404.0,300,0.0,0.0
2023-11-14 09:00:00+09:00,1406.0,1406.0,1404.0,1406.0,400,0.0,0.0
2023-11-14 10:00:00+09:00,1409.0,1409.0,1409.0,1409.0,100,0.0,0.0
2023-11-14 11:00:00+09:00,1409.0,1410.0,1409.0,1410.0,0,0.0,0.0
2023-11-14 12:00:00+09:00,1410.0,1410.0,1410.0,1410.0,900,0.0,0.0
2023-11-14 13:00:00+09:00,1407.0,1409.0,1407.0,1409.0,200,0.0,0.0
2023-11-14 14:00:00+09:00,1406.0,1406.0,1406.0,1406.0,100,0.0,0.0
2023-11-15 09:00:00+09:00,1412.0,1412.0,1407.0,1407.0,800,0.0,0.0
2023-11-15 11:00:00+09:00,1407.0,1407.0,1407.0,1407.0,0,0.0,0.0
2023-11-15 12:00:00+09:00,1408.0,1408.0,1408.0,1408.0,1000,0.0,0.0
2023-11-15 14:00:00+09:00,1408.0,1408.0,1402.0,1407.0,1600,0.0,0.0
2023-11-16 09:00:00+09:00,1407.0,1407.0,1405.0,1405.0,200,0.0,0.0
2023-11-16 11:00:00+09:00,1405.0,1405.0,1405.0,1405.0,0,0.0,0.0
2023-11-16 13:00:00+09:00,1407.0,1407.0,1407.0,1407.0,400,0.0,0.0
2023-11-16 14:00:00+09:00,1408.0,1408.0,1408.0,1408.0,100,0.0,0.0
2023-11-17 09:00:00+09:00,1403.0,1403.0,1402.0,1403.0,1100,0.0,0.0
2023-11-17 10:00:00+09:00,1404.0,1405.0,1404.0,1405.0,200,0.0,0.0
2023-11-17 11:00:00+09:00,1407.0,1407.0,1407.0,1407.0,0,0.0,0.0
2023-11-17 12:00:00+09:00,1405.0,1405.0,1405.0,1405.0,1600,0.0,0.0
2023-11-17 13:00:00+09:00,1407.0,1407.0,1407.0,1407.0,300,0.0,0.0
2023-11-17 14:00:00+09:00,1405.0,1406.0,1405.0,1406.0,200,0.0,0.0
2023-11-20 09:00:00+09:00,1405.0,1407.0,1404.0,1406.0,1200,0.0,0.0
2023-11-20 10:00:00+09:00,1409.0,1409.0,1409.0,1409.0,100,0.0,0.0
2023-11-20 11:00:00+09:00,1409.0,1409.0,1409.0,1409.0,0,0.0,0.0
2023-11-20 12:00:00+09:00,1409.0,1409.0,1409.0,1409.0,1400,0.0,0.0
2023-11-20 14:00:00+09:00,1409.0,1409.0,1406.0,1406.0,200,0.0,0.0
2023-11-21 09:00:00+09:00,1408.0,1408.0,1408.0,1408.0,200,0.0,0.0
2023-11-21 10:00:00+09:00,1408.0,1410.0,1408.0,1410.0,500,0.0,0.0
2023-11-21 11:00:00+09:00,1410.0,1410.0,1410.0,1410.0,0,0.0,0.0
2023-11-21 12:00:00+09:00,1410.0,1410.0,1407.0,1407.0,1000,0.0,0.0
2023-11-21 14:00:00+09:00,1410.0,1410.0,1410.0,1410.0,200,0.0,0.0
2023-11-22 09:00:00+09:00,1412.0,1413.0,1410.0,1411.0,800,0.0,0.0
2023-11-22 11:00:00+09:00,1411.0,1411.0,1411.0,1411.0,0,0.0,0.0
2023-11-22 12:00:00+09:00,1410.0,1410.0,1410.0,1410.0,1100,0.0,0.0
2023-11-22 14:00:00+09:00,1408.0,1410.0,1408.0,1410.0,200,0.0,0.0
2023-11-24 09:00:00+09:00,1410.0,1410.0,1409.0,1409.0,700,0.0,0.0
2023-11-24 11:00:00+09:00,1412.0,1412.0,1410.0,1410.0,0,0.0,0.0
2023-11-24 12:00:00+09:00,1413.0,1413.0,1410.0,1410.0,1200,0.0,0.0
2023-11-24 13:00:00+09:00,1410.0,1410.0,1410.0,1410.0,300,0.0,0.0
2023-11-24 14:00:00+09:00,1412.0,1413.0,1412.0,1413.0,300,0.0,0.0
2023-11-27 09:00:00+09:00,1415.0,1416.0,1412.0,1416.0,1400,0.0,0.0
2023-11-27 11:00:00+09:00,1411.0,1411.0,1410.0,1410.0,0,0.0,0.0
2023-11-27 12:00:00+09:00,1415.0,1415.0,1415.0,1415.0,1700,0.0,0.0
2023-11-27 13:00:00+09:00,1415.0,1415.0,1415.0,1415.0,100,0.0,0.0
2023-11-27 14:00:00+09:00,1413.0,1413.0,1413.0,1413.0,200,0.0,0.0
2023-11-28 09:00:00+09:00,1414.0,1414.0,1412.0,1412.0,900,0.0,0.0
2023-11-28 11:00:00+09:00,1412.0,1412.0,1412.0,1412.0,0,0.0,0.0
2023-11-28 12:00:00+09:00,1412.0,1412.0,1412.0,1412.0,1000,0.0,0.0
2023-11-28 13:00:00+09:00,1411.0,1411.0,1411.0,1411.0,100,0.0,0.0
2023-11-28 14:00:00+09:00,1410.0,1413.0,1410.0,1413.0,500,0.0,0.0
2023-11-29 09:00:00+09:00,1409.0,1409.0,1404.0,1407.0,2200,0.0,0.0
2023-11-29 10:00:00+09:00,1409.0,1409.0,1409.0,1409.0,100,0.0,0.0
2023-11-29 11:00:00+09:00,1409.0,1409.0,1409.0,1409.0,0,0.0,0.0
2023-11-29 13:00:00+09:00,1409.0,1409.0,1405.0,1405.0,2500,0.0,0.0
2023-11-29 14:00:00+09:00,1408.0,1410.0,1408.0,1410.0,500,0.0,0.0
2023-11-30 09:00:00+09:00,1410.0,1412.0,1410.0,1410.0,500,0.0,0.0
2023-11-30 10:00:00+09:00,1410.0,1413.0,1410.0,1413.0,600,0.0,0.0
2023-11-30 11:00:00+09:00,1413.0,1413.0,1413.0,1413.0,0,0.0,0.0
2023-11-30 12:00:00+09:00,1413.0,1413.0,1413.0,1413.0,1200,0.0,0.0
2023-11-30 13:00:00+09:00,1410.0,1410.0,1410.0,1410.0,100,0.0,0.0
2023-11-30 14:00:00+09:00,1412.0,1412.0,1412.0,1412.0,100,0.0,0.0
2023-12-01 09:00:00+09:00,1412.0,1412.0,1410.0,1410.0,0,0.0,0.0
2023-12-01 11:00:00+09:00,1412.0,1412.0,1412.0,1412.0,0,0.0,0.0
2023-12-01 12:00:00+09:00,1412.0,1413.0,1409.0,1409.0,1000,0.0,0.0
2023-12-01 13:00:00+09:00,1414.0,1414.0,1414.0,1414.0,100,0.0,0.0
2023-12-01 14:00:00+09:00,1410.0,1410.0,1407.0,1407.0,700,0.0,0.0
2023-12-04 09:00:00+09:00,1406.0,1407.0,1403.0,1407.0,2000,0.0,0.0
2023-12-04 10:00:00+09:00,1406.0,1406.0,1406.0,1406.0,800,0.0,0.0
2023-12-04 11:00:00+09:00,1406.0,1406.0,1406.0,1406.0,0,0.0,0.0
2023-12-04 12:00:00+09:00,1406.0,1406.0,1404.0,1404.0,3800,0.0,0.0
2023-12-04 13:00:00+09:00,1406.0,1406.0,1405.0,1405.0,300,0.0,0.0
2023-12-05 09:00:00+09:00,1405.0,1407.0,1403.0,1407.0,2100,0.0,0.0
2023-12-05 11:00:00+09:00,1406.0,1406.0,1405.0,1405.0,0,0.0,0.0
2023-12-05 12:00:00+09:00,1404.0,1404.0,1404.0,1404.0,2600,0.0,0.0
2023-12-06 09:00:00+09:00,1405.0,1405.0,1404.0,1405.0,2000,0.0,0.0
2023-12-06 10:00:00+09:00,1405.0,1406.0,1405.0,1406.0,0,0.0,0.0
2023-12-06 11:00:00+09:00,1406.0,1406.0,1406.0,1406.0,0,0.0,0.0
2023-12-06 12:00:00+09:00,1405.0,1405.0,1404.0,1404.0,2500,0.0,0.0
2023-12-06 13:00:00+09:00,1404.0,1406.0,1403.0,1403.0,1400,0.0,0.0
2023-12-06 14:00:00+09:00,1403.0,1403.0,1403.0,1403.0,100,0.0,0.0
2023-12-07 09:00:00+09:00,1402.0,1406.0,1402.0,1402.0,1700,0.0,0.0
2023-12-07 10:00:00+09:00,1403.0,1403.0,1403.0,1403.0,100,0.0,0.0
2023-12-07 11:00:00+09:00,1403.0,1403.0,1403.0,1403.0,0,0.0,0.0
2023-12-07 12:00:00+09:00,1402.0,1402.0,1402.0,1402.0,1900,0.0,0.0
2023-12-07 13:00:00+09:00,1402.0,1402.0,1402.0,1402.0,100,0.0,0.0
2023-12-07 14:00:00+09:00,1403.0,1403.0,1403.0,1403.0,100,0.0,0.0
2023-12-08 09:00:00+09:00,1403.0,1403.0,1403.0,1403.0,600,0.0,0.0
2023-12-08 10:00:00+09:00,1403.0,1403.0,1403.0,1403.0,100,0.0,0.0
2023-12-08 11:00:00+09:00,1402.0,1402.0,1402.0,1402.0,0,0.0,0.0
2023-12-08 12:00:00+09:00,1404.0,1404.0,1404.0,1404.0,1000,0.0,0.0
2023-12-08 13:00:00+09:00,1404.0,1404.0,1404.0,1404.0,100,0.0,0.0
2023-12-08 14:00:00+09:00,1403.0,1403.0,1403.0,1403.0,100,0.0,0.0
2023-12-11 09:00:00+09:00,1403.0,1405.0,1403.0,1404.0,1200,0.0,0.0
2023-12-11 10:00:00+09:00,1404.0,1404.0,1404.0,1404.0,100,0.0,0.0
2023-12-11 11:00:00+09:00,1404.0,1404.0,1404.0,1404.0,0,0.0,0.0
2023-12-11 12:00:00+09:00,1404.0,1404.0,1403.0,1403.0,1500,0.0,0.0
2023-12-11 14:00:00+09:00,1405.0,1405.0,1405.0,1405.0,200,0.0,0.0
2023-12-12 09:00:00+09:00,1405.0,1406.0,1404.0,1406.0,600,0.0,0.0
2023-12-12 11:00:00+09:00,1407.0,1407.0,1407.0,1407.0,0,0.0,0.0
2023-12-12 12:00:00+09:00,1406.0,1406.0,1406.0,1406.0,1000,0.0,0.0
2023-12-12 13:00:00+09:00,1406.0,1406.0,1406.0,1406.0,100,0.0,0.0
2023-12-12 14:00:00+09:00,1406.0,1406.0,1406.0,1406.0,100,0.0,0.0
2023-12-13 09:00:00+09:00,1405.0,1405.0,1405.0,1405.0,500,0.0,0.0
2023-12-13 10:00:00+09:00,1405.0,1405.0,1402.0,1402.0,1000,0.0,0.0
2023-12-13 11:00:00+09:00,1403.0,1403.0,1402.0,1402.0,0,0.0,0.0
2023-12-13 12:00:00+09:00,1402.0,1403.0,1402.0,1403.0,2300,0.0,0.0
2023-12-13 13:00:00+09:00,1402.0,1402.0,1402.0,1402.0,100,0.0,0.0
2023-12-13 14:00:00+09:00,1402.0,1403.0,1402.0,1403.0,200,0.0,0.0
2023-12-14 09:00:00+09:00,1405.0,1405.0,1402.0,1405.0,1000,0.0,0.0
2023-12-14 10:00:00+09:00,1403.0,1405.0,1403.0,1405.0,400,0.0,0.0
2023-12-14 11:00:00+09:00,1405.0,1405.0,1405.0,1405.0,0,0.0,0.0
2023-12-14 12:00:00+09:00,1403.0,1405.0,1403.0,1405.0,1700,0.0,0.0
2023-12-14 14:00:00+09:00,1402.0,1405.0,1402.0,1402.0,800,0.0,0.0
2023-12-15 09:00:00+09:00,1410.0,1410.0,1405.0,1405.0,2100,0.0,0.0
2023-12-15 10:00:00+09:00,1404.0,1404.0,1404.0,1404.0,100,0.0,0.0
2023-12-15 11:00:00+09:00,1405.0,1405.0,1405.0,1405.0,0,0.0,0.0
2023-12-15 12:00:00+09:00,1405.0,1406.0,1405.0,1405.0,2800,0.0,0.0
2023-12-15 13:00:00+09:00,1403.0,1403.0,1403.0,1403.0,300,0.0,0.0
2023-12-15 14:00:00+09:00,1403.0,1403.0,1403.0,1403.0,300,0.0,0.0
2023-12-18 09:00:00+09:00,1403.0,1403.0,1403.0,1403.0,0,0.0,0.0
2023-12-18 10:00:00+09:00,1403.0,1403.0,1403.0,1403.0,100,0.0,0.0
2023-12-18 11:00:00+09:00,1403.0,1403.0,1403.0,1403.0,0,0.0,0.0
2023-12-18 12:00:00+09:00,1403.0,1403.0,1403.0,1403.0,1900,0.0,0.0
2023-12-18 13:00:00+09:00,1403.0,1403.0,1403.0,1403.0,400,0.0,0.0
2023-12-18 14:00:00+09:00,1405.0,1405.0,1405.0,1405.0,200,0.0,0.0
2023-12-19 09:00:00+09:00,1405.0,1405.0,1404.0,1404.0,300,0.0,0.0
2023-12-19 10:00:00+09:00,1404.0,1404.0,1404.0,1404.0,100,0.0,0.0
2023-12-19 11:00:00+09:00,1404.0,1404.0,1404.0,1404.0,0,0.0,0.0
2023-12-19 12:00:00+09:00,1404.0,1404.0,1404.0,1404.0,600,0.0,0.0
2023-12-19 13:00:00+09:00,1404.0,1404.0,1404.0,1404.0,500,0.0,0.0
2023-12-19 14:00:00+09:00,1403.0,1403.0,1403.0,1403.0,400,0.0,0.0
2023-12-20 09:00:00+09:00,1405.0,1405.0,1402.0,1402.0,1600,0.0,0.0
2023-12-20 10:00:00+09:00,1402.0,1403.0,1402.0,1403.0,200,0.0,0.0
2023-12-20 11:00:00+09:00,1403.0,1403.0,1400.0,1400.0,0,0.0,0.0
2023-12-20 12:00:00+09:00,1401.0,1401.0,1401.0,1401.0,4900,0.0,0.0
2023-12-20 13:00:00+09:00,1400.0,1400.0,1400.0,1400.0,400,0.0,0.0
2023-12-20 14:00:00+09:00,1401.0,1401.0,1400.0,1401.0,500,0.0,0.0
2023-12-21 09:00:00+09:00,1400.0,1401.0,1400.0,1401.0,600,0.0,0.0
2023-12-21 10:00:00+09:00,1401.0,1401.0,1401.0,1401.0,100,0.0,0.0
2023-12-21 11:00:00+09:00,1400.0,1400.0,1400.0,1400.0,0,0.0,0.0
2023-12-21 12:00:00+09:00,1403.0,1403.0,1403.0,1403.0,1200,0.0,0.0
2023-12-21 13:00:00+09:00,1403.0,1403.0,1400.0,1400.0,400,0.0,0.0
2023-12-21 14:00:00+09:00,1400.0,1403.0,1400.0,1401.0,300,0.0,0.0
2023-12-22 09:00:00+09:00,1403.0,1403.0,1401.0,1401.0,600,0.0,0.0
2023-12-22 10:00:00+09:00,1401.0,1401.0,1401.0,1401.0,100,0.0,0.0
2023-12-22 11:00:00+09:00,1401.0,1401.0,1401.0,1401.0,0,0.0,0.0
2023-12-22 12:00:00+09:00,1401.0,1401.0,1401.0,1401.0,800,0.0,0.0
2023-12-22 13:00:00+09:00,1401.0,1401.0,1400.0,1400.0,2800,0.0,0.0
2023-12-22 14:00:00+09:00,1402.0,1402.0,1402.0,1402.0,100,0.0,0.0
2023-12-25 09:00:00+09:00,1402.0,1402.0,1400.0,1402.0,1700,0.0,0.0
2023-12-25 10:00:00+09:00,1400.0,1400.0,1400.0,1400.0,1300,0.0,0.0
2023-12-25 11:00:00+09:00,1403.0,1403.0,1403.0,1403.0,0,0.0,0.0
2023-12-25 12:00:00+09:00,1403.0,1403.0,1400.0,1400.0,3600,0.0,0.0
2023-12-25 13:00:00+09:00,1401.0,1402.0,1400.0,1402.0,300,0.0,0.0
2023-12-25 14:00:00+09:00,1402.0,1402.0,1400.0,1400.0,300,0.0,0.0
2023-12-26 09:00:00+09:00,1402.0,1402.0,1400.0,1400.0,500,0.0,0.0
2023-12-26 10:00:00+09:00,1400.0,1400.0,1400.0,1400.0,200,0.0,0.0
2023-12-26 11:00:00+09:00,1400.0,1400.0,1400.0,1400.0,0,0.0,0.0
2023-12-26 12:00:00+09:00,1401.0,1401.0,1401.0,1401.0,800,0.0,0.0
2023-12-26 13:00:00+09:00,1402.0,1402.0,1400.0,1400.0,400,0.0,0.0
2023-12-26 14:00:00+09:00,1402.0,1402.0,1400.0,1402.0,400,0.0,0.0
2023-12-27 09:00:00+09:00,1402.0,1402.0,1400.0,1400.0,1300,0.0,0.0
2023-12-27 10:00:00+09:00,1400.0,1402.0,1400.0,1402.0,700,0.0,0.0
2023-12-27 11:00:00+09:00,1401.0,1401.0,1401.0,1401.0,0,0.0,0.0
2023-12-27 12:00:00+09:00,1401.0,1403.0,1401.0,1403.0,3000,0.0,0.0
2023-12-27 13:00:00+09:00,1402.0,1402.0,1402.0,1402.0,100,0.0,0.0
2023-12-27 14:00:00+09:00,1402.0,1404.0,1402.0,1404.0,1200,0.0,0.0
2023-12-28 09:00:00+09:00,1405.0,1405.0,1402.0,1404.0,0,0.0,0.0
2023-12-28 10:00:00+09:00,1404.0,1405.0,1402.0,1402.0,1500,0.0,0.0
2023-12-28 11:00:00+09:00,1403.0,1403.0,1403.0,1403.0,0,0.0,0.0
2023-12-28 12:00:00+09:00,1403.0,1403.0,1403.0,1403.0,1900,0.0,0.0
2023-12-28 14:00:00+09:00,1404.0,1404.0,1404.0,1404.0,300,0.0,0.0
2023-12-29 09:00:00+09:00,1403.0,1404.0,1403.0,1403.0,400,0.0,0.0
2023-12-29 10:00:00+09:00,1405.0,1406.0,1405.0,1406.0,700,0.0,0.0
2023-12-29 11:00:00+09:00,1405.0,1405.0,1405.0,1405.0,0,0.0,0.0
2023-12-29 12:00:00+09:00,1405.0,1405.0,1405.0,1405.0,1400,0.0,0.0
2023-12-29 13:00:00+09:00,1405.0,1405.0,1405.0,1405.0,200,0.0,0.0
2023-12-29 14:00:00+09:00,1405.0,1405.0,1405.0,1405.0,300,0.0,0.0
2024-01-04 09:00:00+09:00,1405.0,1405.0,1403.0,1404.0,2400,0.0,0.0
2024-01-04 10:00:00+09:00,1404.0,1405.0,1404.0,1405.0,500,0.0,0.0
2024-01-04 11:00:00+09:00,1405.0,1405.0,1405.0,1405.0,0,0.0,0.0
2024-01-04 12:00:00+09:00,1405.0,1405.0,1404.0,1404.0,3300,0.0,0.0
2024-01-04 13:00:00+09:00,1404.0,1404.0,1404.0,1404.0,100,0.0,0.0
2024-01-04 14:00:00+09:00,1405.0,1405.0,1405.0,1405.0,300,0.0,0.0
2024-01-05 09:00:00+09:00,1406.0,1408.0,1406.0,1408.0,600,0.0,0.0
2024-01-05 10:00:00+09:00,1407.0,1407.0,1406.0,1407.0,400,0.0,0.0
2024-01-05 11:00:00+09:00,1406.0,1407.0,1406.0,1407.0,0,0.0,0.0
2024-01-05 12:00:00+09:00,1407.0,1407.0,1405.0,1405.0,1600,0.0,0.0
2024-01-05 13:00:00+09:00,1407.0,1407.0,1407.0,1407.0,200,0.0,0.0
2024-01-05 14:00:00+09:00,1407.0,1407.0,1406.0,1406.0,300,0.0,0.0
2024-01-09 09:00:00+09:00,1407.0,1408.0,1407.0,1408.0,2000,0.0,0.0
2024-01-09 10:00:00+09:00,1408.0,1409.0,1408.0,1409.0,500,0.0,0.0
2024-01-09 11:00:00+09:00,1408.0,1408.0,1408.0,1408.0,0,0.0,0.0
2024-01-09 12:00:00+09:00,1408.0,1409.0,1408.0,1409.0,2900,0.0,0.0
2024-01-09 13:00:00+09:00,1408.0,1409.0,1407.0,1408.0,1600,0.0,0.0
2024-01-09 14:00:00+09:00,1408.0,1408.0,1407.0,1407.0,1300,0.0,0.0
2024-01-10 09:00:00+09:00,1410.0,1410.0,1410.0,1410.0,1600,0.0,0.0
2024-01-10 10:00:00+09:00,1410.0,1410.0,1409.0,1410.0,400,0.0,0.0
2024-01-10 11:00:00+09:00,1409.0,1410.0,1409.0,1410.0,0,0.0,0.0
2024-01-10 12:00:00+09:00,1410.0,1410.0,1409.0,1410.0,2900,0.0,0.0
2024-01-10 13:00:00+09:00,1410.0,1410.0,1409.0,1410.0,600,0.0,0.0
2024-01-10 14:00:00+09:00,1410.0,1410.0,1408.0,1410.0,600,0.0,0.0
2024-01-11 09:00:00+09:00,1412.0,1412.0,1409.0,1409.0,2400,0.0,0.0
2024-01-11 10:00:00+09:00,1409.0,1411.0,1409.0,1411.0,300,0.0,0.0
2024-01-11 11:00:00+09:00,1411.0,1411.0,1411.0,1411.0,0,0.0,0.0
2024-01-11 12:00:00+09:00,1411.0,1411.0,1410.0,1410.0,3200,0.0,0.0
2024-01-11 13:00:00+09:00,1410.0,1410.0,1410.0,1410.0,200,0.0,0.0
2024-01-11 14:00:00+09:00,1411.0,1411.0,1411.0,1411.0,400,0.0,0.0
2024-01-12 09:00:00+09:00,1411.0,1411.0,1410.0,1410.0,0,0.0,0.0
2024-01-12 10:00:00+09:00,1410.0,1410.0,1410.0,1410.0,300,0.0,0.0
2024-01-12 11:00:00+09:00,1410.0,1410.0,1410.0,1410.0,0,0.0,0.0
2024-01-12 12:00:00+09:00,1410.0,1411.0,1410.0,1410.0,1700,0.0,0.0
2024-01-12 13:00:00+09:00,1411.0,1411.0,1410.0,1410.0,300,0.0,0.0
2024-01-12 14:00:00+09:00,1411.0,1411.0,1410.0,1410.0,400,0.0,0.0
2024-01-15 09:00:00+09:00,1411.0,1412.0,1410.0,1411.0,0,0.0,0.0
2024-01-15 10:00:00+09:00,1413.0,1413.0,1410.0,1411.0,2000,0.0,0.0
2024-01-15 11:00:00+09:00,1413.0,1413.0,1413.0,1413.0,0,0.0,0.0
2024-01-15 12:00:00+09:00,1413.0,1413.0,1412.0,1412.0,2400,0.0,0.0
2024-01-15 13:00:00+09:00,1412.0,1412.0,1411.0,1411.0,300,0.0,0.0
2024-01-15 14:00:00+09:00,1411.0,1411.0,1411.0,1411.0,300,0.0,0.0
2024-01-16 09:00:00+09:00,1413.0,1415.0,1412.0,1413.0,1200,0.0,0.0
2024-01-16 10:00:00+09:00,1413.0,1415.0,1412.0,1413.0,500,0.0,0.0
2024-01-16 11:00:00+09:00,1413.0,1413.0,1413.0,1413.0,0,0.0,0.0
2024-01-16 12:00:00+09:00,1415.0,1415.0,1415.0,1415.0,1800,0.0,0.0
2024-01-16 13:00:00+09:00,1414.0,1414.0,1414.0,1414.0,100,0.0,0.0
2024-01-16 14:00:00+09:00,1414.0,1415.0,1414.0,1415.0,400,0.0,0.0
2024-01-17 09:00:00+09:00,1415.0,1417.0,1415.0,1417.0,1200,0.0,0.0
2024-01-17 10:00:00+09:00,1416.0,1416.0,1415.0,1415.0,200,0.0,0.0
2024-01-17 11:00:00+09:00,1417.0,1417.0,1417.0,1417.0,0,0.0,0.0
2024-01-17 12:00:00+09:00,1418.0,1418.0,1416.0,1418.0,2000,0.0,0.0
2024-01-17 13:00:00+09:00,1419.0,1421.0,1417.0,1417.0,2300,0.0,0.0
2024-01-18 09:00:00+09:00,1419.0,1420.0,1419.0,1420.0,800,0.0,0.0
2024-01-18 10:00:00+09:00,1419.0,1420.0,1419.0,1420.0,200,0.0,0.0
2024-01-18 11:00:00+09:00,1420.0,1420.0,1420.0,1420.0,0,0.0,0.0
2024-01-18 12:00:00+09:00,1420.0,1420.0,1420.0,1420.0,1500,0.0,0.0
2024-01-18 13:00:00+09:00,1419.0,1419.0,1419.0,1419.0,300,0.0,0.0
2024-01-18 14:00:00+09:00,1419.0,1419.0,1416.0,1416.0,300,0.0,0.0
2024-01-19 09:00:00+09:00,1418.0,1419.0,1417.0,1417.0,1400,0.0,0.0
2024-01-19 10:00:00+09:00,1416.0,1417.0,1416.0,1416.0,500,0.0,0.0
2024-01-19 11:00:00+09:00,1415.0,1415.0,1415.0,1415.0,0,0.0,0.0
2024-01-19 12:00:00+09:00,1415.0,1418.0,1415.0,1418.0,3100,0.0,0.0
2024-01-22 09:00:00+09:00,1420.0,1420.0,1415.0,1415.0,1700,0.0,0.0
2024-01-22 10:00:00+09:00,1416.0,1416.0,1416.0,1416.0,200,0.0,0.0
2024-01-22 11:00:00+09:00,1416.0,1416.0,1415.0,1415.0,0,0.0,0.0
2024-01-22 12:00:00+09:00,1415.0,1415.0,1414.0,1414.0,4200,0.0,0.0
2024-01-22 14:00:00+09:00,1415.0,1415.0,1414.0,1414.0,700,0.0,0.0
2024-01-23 09:00:00+09:00,1418.0,1418.0,1415.0,1415.0,1100,0.0,0.0
2024-01-23 11:00:00+09:00,1418.0,1418.0,1418.0,1418.0,0,0.0,0.0
2024-01-23 12:00:00+09:00,1416.0,1416.0,1415.0,1415.0,1400,0.0,0.0
2024-01-23 13:00:00+09:00,1416.0,1416.0,1414.0,1414.0,800,0.0,0.0
2024-01-23 14:00:00+09:00,1413.0,1413.0,1413.0,1413.0,800,0.0,0.0
2024-01-24 09:00:00+09:00,1413.0,1413.0,1413.0,1413.0,200,0.0,0.0
2024-01-24 10:00:00+09:00,1414.0,1414.0,1413.0,1414.0,300,0.0,0.0
2024-01-24 11:00:00+09:00,1413.0,1413.0,1413.0,1413.0,0,0.0,0.0
2024-01-24 12:00:00+09:00,1413.0,1413.0,1413.0,1413.0,800,0.0,0.0
2024-01-24 13:00:00+09:00,1415.0,1415.0,1415.0,1415.0,200,0.0,0.0
2024-01-25 09:00:00+09:00,1419.0,1419.0,1419.0,1419.0,1200,0.0,0.0
2024-01-25 10:00:00+09:00,1417.0,1417.0,1417.0,1417.0,400,0.0,0.0
2024-01-25 11:00:00+09:00,1417.0,1417.0,1417.0,1417.0,0,0.0,0.0
2024-01-25 12:00:00+09:00,1417.0,1418.0,1417.0,1417.0,1900,0.0,0.0
2024-01-25 13:00:00+09:00,1416.0,1418.0,1416.0,1418.0,200,0.0,0.0
2024-01-25 14:00:00+09:00,1418.0,1419.0,1418.0,1419.0,200,0.0,0.0
2024-01-26 09:00:00+09:00,1419.0,1420.0,1419.0,1420.0,300,0.0,0.0
2024-01-26 10:00:00+09:00,1417.0,1418.0,1417.0,1418.0,200,0.0,0.0
2024-01-26 11:00:00+09:00,1418.0,1418.0,1418.0,1418.0,0,0.0,0.0
2024-01-26 12:00:00+09:00,1418.0,1420.0,1417.0,1420.0,1000,0.0,0.0
2024-01-26 13:00:00+09:00,1420.0,1420.0,1419.0,1419.0,200,0.0,0.0
2024-01-29 09:00:00+09:00,1419.0,1419.0,1416.0,1416.0,600,0.0,0.0
2024-01-29 10:00:00+09:00,1419.0,1419.0,1417.0,1418.0,300,0.0,0.0
2024-01-29 11:00:00+09:00,1418.0,1418.0,1418.0,1418.0,0,0.0,0.0
2024-01-29 12:00:00+09:00,1418.0,1418.0,1418.0,1418.0,1400,0.0,0.0
2024-01-29 13:00:00+09:00,1419.0,1420.0,1419.0,1420.0,200,0.0,0.0
2024-01-29 14:00:00+09:00,1420.0,1420.0,1418.0,1420.0,400,0.0,0.0
2024-01-30 09:00:00+09:00,1420.0,1420.0,1417.0,1417.0,500,0.0,0.0
2024-01-30 10:00:00+09:00,1417.0,1417.0,1417.0,1417.0,100,0.0,0.0
2024-01-30 11:00:00+09:00,1417.0,1417.0,1417.0,1417.0,0,0.0,0.0
2024-01-30 12:00:00+09:00,1420.0,1420.0,1420.0,1420.0,700,0.0,0.0
2024-01-30 14:00:00+09:00,1420.0,1420.0,1420.0,1420.0,100,0.0,0.0
2024-01-31 09:00:00+09:00,1420.0,1424.0,1420.0,1423.0,2000,0.0,0.0
2024-01-31 10:00:00+09:00,1422.0,1423.0,1422.0,1423.0,200,0.0,0.0
2024-01-31 11:00:00+09:00,1423.0,1423.0,1422.0,1422.0,0,0.0,0.0
2024-01-31 12:00:00+09:00,1423.0,1428.0,1423.0,1425.0,4400,0.0,0.0
2024-01-31 13:00:00+09:00,1426.0,1426.0,1426.0,1426.0,100,0.0,0.0
2024-01-31 14:00:00+09:00,1426.0,1426.0,1426.0,1426.0,100,0.0,0.0
2024-02-01 09:00:00+09:00,1430.0,1430.0,1429.0,1429.0,2400,0.0,0.0
2024-02-01 10:00:00+09:00,1425.0,1425.0,1425.0,1425.0,100,0.0,0.0
2024-02-01 11:00:00+09:00,1425.0,1425.0,1425.0,1425.0,0,0.0,0.0
2024-02-01 12:00:00+09:00,1426.0,1428.0,1426.0,1428.0,2700,0.0,0.0
2024-02-01 13:00:00+09:00,1429.0,1433.0,1429.0,1433.0,1700,0.0,0.0
2024-02-01 14:00:00+09:00,1435.0,1445.0,1435.0,1442.0,2000,0.0,0.0
2024-02-02 09:00:00+09:00,1450.0,1450.0,1438.0,1438.0,4100,0.0,0.0
2024-02-02 10:00:00+09:00,1438.0,1438.0,1426.0,1437.0,1500,0.0,0.0
2024-02-02 11:00:00+09:00,1433.0,1438.0,1433.0,1438.0,0,0.0,0.0
2024-02-02 12:00:00+09:00,1444.0,1444.0,1444.0,1444.0,6300,0.0,0.0
2024-02-02 13:00:00+09:00,1436.0,1437.0,1436.0,1437.0,300,0.0,0.0
2024-02-02 14:00:00+09:00,1435.0,1443.0,1426.0,1427.0,2400,0.0,0.0
2024-02-05 09:00:00+09:00,1427.0,1429.0,1425.0,1425.0,3500,0.0,0.0
2024-02-05 10:00:00+09:00,1427.0,1432.0,1425.0,1432.0,1800,0.0,0.0
2024-02-05 11:00:00+09:00,1431.0,1437.0,1431.0,1435.0,0,0.0,0.0
2024-02-05 12:00:00+09:00,1430.0,1435.0,1430.0,1435.0,7700,0.0,0.0
2024-02-05 13:00:00+09:00,1437.0,1440.0,1437.0,1440.0,300,0.0,0.0
2024-02-05 14:00:00+09:00,1438.0,1439.0,1435.0,1439.0,1100,0.0,0.0
2024-02-06 09:00:00+09:00,1442.0,1445.0,1438.0,1438.0,1300,0.0,0.0
2024-02-06 10:00:00+09:00,1435.0,1435.0,1433.0,1433.0,400,0.0,0.0
2024-02-06 11:00:00+09:00,1433.0,1433.0,1433.0,1433.0,0,0.0,0.0
2024-02-06 12:00:00+09:00,1433.0,1433.0,1430.0,1431.0,2800,0.0,0.0
2024-02-07 09:00:00+09:00,1449.0,1449.0,1424.0,1440.0,2900,0.0,0.0
2024-02-07 10:00:00+09:00,1440.0,1442.0,1440.0,1442.0,500,0.0,0.0
2024-02-07 11:00:00+09:00,1442.0,1442.0,1442.0,1442.0,0,0.0,0.0
2024-02-07 12:00:00+09:00,1436.0,1436.0,1436.0,1436.0,3900,0.0,0.0
2024-02-07 13:00:00+09:00,1436.0,1436.0,1436.0,1436.0,100,0.0,0.0
2024-02-07 14:00:00+09:00,1438.0,1439.0,1438.0,1439.0,200,0.0,0.0
2024-02-08 09:00:00+09:00,1435.0,1435.0,1429.0,1429.0,2200,0.0,0.0
2024-02-08 10:00:00+09:00,1430.0,1430.0,1426.0,1426.0,700,0.0,0.0
2024-02-08 11:00:00+09:00,1427.0,1429.0,1427.0,1429.0,0,0.0,0.0
2024-02-08 12:00:00+09:00,1429.0,1429.0,1429.0,1429.0,3700,0.0,0.0
2024-02-08 13:00:00+09:00,1429.0,1430.0,1429.0,1430.0,200,0.0,0.0
2024-02-09 09:00:00+09:00,1430.0,1438.0,1430.0,1431.0,500,0.0,0.0
2024-02-09 11:00:00+09:00,1432.0,1433.0,1430.0,1433.0,0,0.0,0.0
2024-02-09 12:00:00+09:00,1432.0,1432.0,1431.0,1432.0,2000,0.0,0.0
2024-02-09 13:00:00+09:00,1433.0,1433.0,1431.0,1431.0,400,0.0,0.0
2024-02-09 14:00:00+09:00,1431.0,1431.0,1431.0,1431.0,100,0.0,0.0
2024-02-13 09:00:00+09:00,1436.0,1436.0,1430.0,1430.0,0,0.0,0.0
2024-02-13 11:00:00+09:00,1435.0,1435.0,1435.0,1435.0,0,0.0,0.0
2024-02-13 12:00:00+09:00,1436.0,1436.0,1430.0,1430.0,3000,0.0,0.0
2024-02-13 13:00:00+09:00,1428.0,1428.0,1428.0,1428.0,100,0.0,0.0
2024-02-13 14:00:00+09:00,1428.0,1428.0,1428.0,1428.0,100,0.0,0.0
2024-02-14 09:00:00+09:00,1434.0,1434.0,1434.0,1434.0,300,0.0,0.0
2024-02-14 10:00:00+09:00,1434.0,1434.0,1434.0,1434.0,200,0.0,0.0
2024-02-14 11:00:00+09:00,1434.0,1434.0,1434.0,1434.0,0,0.0,0.0
2024-02-14 12:00:00+09:00,1432.0,1432.0,1432.0,1432.0,600,0.0,0.0
2024-02-14 13:00:00+09:00,1434.0,1440.0,1430.0,1435.0,1500,0.0,0.0
2024-02-14 14:00:00+09:00,1435.0,1435.0,1435.0,1435.0,100,0.0,0.0
2024-02-15 09:00:00+09:00,1432.0,1434.0,1431.0,1431.0,400,0.0,0.0
2024-02-15 10:00:00+09:00,1431.0,1431.0,1431.0,1431.0,300,0.0,0.0
2024-02-15 11:00:00+09:00,1431.0,1431.0,1421.0,1421.0,0,0.0,0.0
2024-02-15 12:00:00+09:00,1421.0,1422.0,1421.0,1421.0,4500,0.0,0.0
2024-02-15 13:00:00+09:00,1420.0,1420.0,1420.0,1420.0,300,0.0,0.0
2024-02-15 14:00:00+09:00,1420.0,1420.0,1420.0,1420.0,500,0.0,0.0
2024-02-16 09:00:00+09:00,1421.0,1421.0,1416.0,1416.0,1300,0.0,0.0
2024-02-16 10:00:00+09:00,1425.0,1425.0,1425.0,1425.0,300,0.0,0.0
2024-02-16 11:00:00+09:00,1424.0,1424.0,1423.0,1423.0,0,0.0,0.0
2024-02-16 12:00:00+09:00,1420.0,1421.0,1420.0,1421.0,2000,0.0,0.0
2024-02-16 13:00:00+09:00,1421.0,1421.0,1420.0,1420.0,400,0.0,0.0
2024-02-16 14:00:00+09:00,1421.0,1425.0,1420.0,1425.0,700,0.0,0.0
2024-02-19 09:00:00+09:00,1420.0,1422.0,1420.0,1422.0,0,0.0,0.0
2024-02-19 10:00:00+09:00,1427.0,1427.0,1426.0,1426.0,200,0.0,0.0
2024-02-19 11:00:00+09:00,1426.0,1430.0,1426.0,1430.0,0,0.0,0.0
2024-02-19 12:00:00+09:00,1430.0,1430.0,1430.0,1430.0,1800,0.0,0.0
2024-02-19 13:00:00+09:00,1434.0,1440.0,1434.0,1438.0,500,0.0,0.0
2024-02-19 14:00:00+09:00,1436.0,1436.0,1436.0,1436.0,200,0.0,0.0
2024-02-20 09:00:00+09:00,1432.0,1440.0,1430.0,1440.0,900,0.0,0.0
2024-02-20 10:00:00+09:00,1440.0,1440.0,1430.0,1430.0,300,0.0,0.0
2024-02-20 11:00:00+09:00,1430.0,1430.0,1430.0,1430.0,0,0.0,0.0
2024-02-20 13:00:00+09:00,1436.0,1436.0,1436.0,1436.0,1300,0.0,0.0
2024-02-20 14:00:00+09:00,1434.0,1439.0,1434.0,1439.0,400,0.0,0.0
2024-02-21 09:00:00+09:00,1439.0,1439.0,1435.0,1435.0,400,0.0,0.0
2024-02-21 10:00:00+09:00,1439.0,1439.0,1435.0,1435.0,500,0.0,0.0
2024-02-21 11:00:00+09:00,1435.0,1435.0,1435.0,1435.0,0,0.0,0.0
2024-02-21 12:00:00+09:00,1438.0,1438.0,1438.0,1438.0,1000,0.0,0.0
2024-02-21 13:00:00+09:00,1435.0,1435.0,1435.0,1435.0,200,0.0,0.0
2024-02-21 14:00:00+09:00,1435.0,1440.0,1435.0,1440.0,1100,0.0,0.0
2024-02-22 09:00:00+09:00,1442.0,1442.0,1440.0,1440.0,900,0.0,0.0
2024-02-22 11:00:00+09:00,1440.0,1440.0,1440.0,1440.0,0,0.0,0.0
2024-02-22 12:00:00+09:00,1438.0,1438.0,1437.0,1437.0,1500,0.0,0.0
2024-02-22 13:00:00+09:00,1438.0,1438.0,1438.0,1438.0,100,0.0,0.0
2024-02-22 14:00:00+09:00,1437.0,1440.0,1437.0,1440.0,400,0.0,0.0
2024-02-26 09:00:00+09:00,1444.0,1444.0,1442.0,1443.0,1900,0.0,0.0
2024-02-26 10:00:00+09:00,1443.0,1443.0,1440.0,1440.0,500,0.0,0.0
2024-02-26 11:00:00+09:00,1440.0,1440.0,1439.0,1439.0,0,0.0,0.0
2024-02-26 12:00:00+09:00,1440.0,1440.0,1439.0,1439.0,3700,0.0,0.0
2024-02-26 13:00:00+09:00,1438.0,1440.0,1438.0,1440.0,800,0.0,0.0
2024-02-26 14:00:00+09:00,1440.0,1440.0,1437.0,1437.0,300,0.0,0.0
2024-02-27 09:00:00+09:00,1440.0,1440.0,1432.0,1432.0,2000,0.0,0.0
2024-02-27 10:00:00+09:00,1438.0,1438.0,1438.0,1438.0,400,0.0,0.0
2024-02-27 11:00:00+09:00,1435.0,1435.0,1435.0,1435.0,0,0.0,0.0
2024-02-27 12:00:00+09:00,1434.0,1434.0,1434.0,1434.0,2900,0.0,0.0
2024-02-27 13:00:00+09:00,1434.0,1435.0,1434.0,1435.0,300,0.0,0.0
2024-02-27 14:00:00+09:00,1434.0,1434.0,1432.0,1432.0,600,0.0,0.0
2024-02-28 09:00:00+09:00,1435.0,1440.0,1435.0,1437.0,1200,0.0,0.0
2024-02-28 10:00:00+09:00,1432.0,1435.0,1431.0,1435.0,600,0.0,0.0
2024-02-28 11:00:00+09:00,1436.0,1436.0,1436.0,1436.0,0,0.0,0.0
2024-02-28 12:00:00+09:00,1432.0,1433.0,1432.0,1433.0,2100,0.0,0.0
2024-02-28 14:00:00+09:00,1433.0,1437.0,1433.0,1437.0,400,0.0,0.0
2024-02-29 09:00:00+09:00,1442.0,1442.0,1433.0,1433.0,400,0.0,0.0
2024-02-29 10:00:00+09:00,1438.0,1438.0,1438.0,1438.0,100,0.0,0.0
2024-02-29 11:00:00+09:00,1440.0,1440.0,1440.0,1440.0,0,0.0,0.0
2024-02-29 12:00:00+09:00,1438.0,1439.0,1438.0,1439.0,900,0.0,0.0
2024-02-29 14:00:00+09:00,1439.0,1439.0,1439.0,1439.0,100,0.0,0.0
2024-03-01 09:00:00+09:00,1440.0,1440.0,1440.0,1440.0,400,0.0,0.0
2024-03-01 10:00:00+09:00,1436.0,1436.0,1435.0,1435.0,400,0.0,0.0
2024-03-01 11:00:00+09:00,1435.0,1435.0,1435.0,1435.0,0,0.0,0.0
2024-03-01 12:00:00+09:00,1436.0,1438.0,1436.0,1438.0,1000,0.0,0.0
2024-03-01 13:00:00+09:00,1439.0,1442.0,1438.0,1438.0,800,0.0,0.0
2024-03-01 14:00:00+09:00,1441.0,1441.0,1440.0,1440.0,200,0.0,0.0
2024-03-04 09:00:00+09:00,1440.0,1445.0,1437.0,1444.0,2500,0.0,0.0
2024-03-04 10:00:00+09:00,1442.0,1442.0,1440.0,1440.0,400,0.0,0.0
2024-03-04 11:00:00+09:00,1440.0,1440.0,1440.0,1440.0,0,0.0,0.0
2024-03-04 12:00:00+09:00,1440.0,1440.0,1440.0,1440.0,3100,0.0,0.0
2024-03-04 13:00:00+09:00,1439.0,1439.0,1439.0,1439.0,200,0.0,0.0
2024-03-04 14:00:00+09:00,1437.0,1437.0,1437.0,1437.0,100,0.0,0.0
2024-03-05 09:00:00+09:00,1437.0,1445.0,1431.0,1431.0,3900,0.0,0.0
2024-03-05 10:00:00+09:00,1441.0,1441.0,1441.0,1441.0,100,0.0,0.0
2024-03-05 11:00:00+09:00,1437.0,1437.0,1437.0,1437.0,0,0.0,0.0
2024-03-05 13:00:00+09:00,1437.0,1440.0,1436.0,1440.0,4500,0.0,0.0
2024-03-05 14:00:00+09:00,1440.0,1440.0,1440.0,1440.0,100,0.0,0.0
2024-03-06 09:00:00+09:00,1443.0,1444.0,1437.0,1440.0,1200,0.0,0.0
2024-03-06 10:00:00+09:00,1436.0,1444.0,1436.0,1443.0,400,0.0,0.0
2024-03-06 11:00:00+09:00,1443.0,1443.0,1443.0,1443.0,0,0.0,0.0
2024-03-06 12:00:00+09:00,1444.0,1444.0,1444.0,1444.0,0,0.0,0.0
2024-03-06 13:00:00+09:00,1444.0,1444.0,1442.0,1442.0,1900,0.0,0.0
2024-03-06 14:00:00+09:00,1440.0,1440.0,1440.0,1440.0,400,0.0,0.0
2024-03-07 09:00:00+09:00,1444.0,1444.0,1440.0,1440.0,1300,0.0,0.0
2024-03-07 10:00:00+09:00,1444.0,1444.0,1444.0,1444.0,300,0.0,0.0
2024-03-07 11:00:00+09:00,1440.0,1444.0,1440.0,1444.0,0,0.0,0.0
2024-03-07 12:00:00+09:00,1440.0,1440.0,1440.0,1440.0,2200,0.0,0.0
2024-03-07 13:00:00+09:00,1444.0,1444.0,1444.0,1444.0,100,0.0,0.0
2024-03-07 14:00:00+09:00,1443.0,1443.0,1443.0,1443.0,100,0.0,0.0
2024-03-08 09:00:00+09:00,1444.0,1444.0,1444.0,1444.0,400,0.0,0.0
2024-03-08 10:00:00+09:00,1443.0,1445.0,1443.0,1445.0,200,0.0,0.0
2024-03-08 11:00:00+09:00,1445.0,1445.0,1445.0,1445.0,0,0.0,0.0
2024-03-08 12:00:00+09:00,1444.0,1444.0,1443.0,1443.0,800,0.0,0.0
2024-03-08 13:00:00+09:00,1445.0,1445.0,1445.0,1445.0,300,0.0,0.0
2024-03-08 14:00:00+09:00,1444.0,1445.0,1444.0,1444.0,500,0.0,0.0
2024-03-11 09:00:00+09:00,1445.0,1445.0,1444.0,1444.0,1300,0.0,0.0
2024-03-11 10:00:00+09:00,1443.0,1445.0,1443.0,1443.0,300,0.0,0.0
2024-03-11 11:00:00+09:00,1443.0,1443.0,1443.0,1443.0,0,0.0,0.0
2024-03-11 12:00:00+09:00,1445.0,1445.0,1442.0,1442.0,2300,0.0,0.0
2024-03-11 13:00:00+09:00,1441.0,1441.0,1441.0,1441.0,100,0.0,0.0
2024-03-12 09:00:00+09:00,1441.0,1442.0,1441.0,1442.0,600,0.0,0.0
2024-03-12 10:00:00+09:00,1443.0,1443.0,1440.0,1440.0,500,0.0,0.0
2024-03-12 11:00:00+09:00,1440.0,1440.0,1440.0,1440.0,0,0.0,0.0
2024-03-12 12:00:00+09:00,1441.0,1442.0,1441.0,1442.0,1400,0.0,0.0
2024-03-12 13:00:00+09:00,1443.0,1443.0,1443.0,1443.0,500,0.0,0.0
2024-03-12 14:00:00+09:00,1443.0,1444.0,1443.0,1444.0,500,0.0,0.0
2024-03-13 09:00:00+09:00,1440.0,1442.0,1440.0,1442.0,1000,0.0,0.0
2024-03-13 10:00:00+09:00,1443.0,1443.0,1443.0,1443.0,100,0.0,0.0
2024-03-13 11:00:00+09:00,1443.0,1443.0,1443.0,1443.0,0,0.0,0.0
2024-03-13 12:00:00+09:00,1443.0,1443.0,1443.0,1443.0,1200,0.0,0.0
2024-03-13 13:00:00+09:00,1443.0,1443.0,1443.0,1443.0,200,0.0,0.0
2024-03-13 14:00:00+09:00,1443.0,1443.0,1443.0,1443.0,100,0.0,0.0
2024-03-14 09:00:00+09:00,1443.0,1443.0,1443.0,1443.0,700,0.0,0.0
2024-03-14 10:00:00+09:00,1442.0,1442.0,1442.0,1442.0,1000,0.0,0.0
2024-03-14 11:00:00+09:00,1442.0,1444.0,1442.0,1444.0,0,0.0,0.0
2024-03-14 12:00:00+09:00,1444.0,1445.0,1444.0,1445.0,4300,0.0,0.0
2024-03-14 13:00:00+09:00,1446.0,1446.0,1446.0,1446.0,100,0.0,0.0
2024-03-14 14:00:00+09:00,1446.0,1446.0,1444.0,1444.0,500,0.0,0.0
2024-03-15 09:00:00+09:00,1445.0,1446.0,1443.0,1446.0,2100,0.0,0.0
2024-03-15 10:00:00+09:00,1447.0,1447.0,1445.0,1445.0,300,0.0,0.0
2024-03-15 11:00:00+09:00,1448.0,1448.0,1448.0,1448.0,0,0.0,0.0
2024-03-15 12:00:00+09:00,1448.0,1448.0,1448.0,1448.0,2900,0.0,0.0
2024-03-15 13:00:00+09:00,1448.0,1448.0,1448.0,1448.0,300,0.0,0.0
2024-03-15 14:00:00+09:00,1446.0,1448.0,1445.0,1448.0,600,0.0,0.0
2024-03-18 09:00:00+09:00,1448.0,1450.0,1447.0,1448.0,1700,0.0,0.0
2024-03-18 10:00:00+09:00,1448.0,1450.0,1448.0,1450.0,300,0.0,0.0
2024-03-18 11:00:00+09:00,1450.0,1450.0,1450.0,1450.0,0,0.0,0.0
2024-03-18 12:00:00+09:00,1450.0,1450.0,1449.0,1450.0,2700,0.0,0.0
2024-03-18 13:00:00+09:00,1450.0,1450.0,1447.0,1447.0,2100,0.0,0.0
2024-03-18 14:00:00+09:00,1450.0,1450.0,1450.0,1450.0,300,0.0,0.0
2024-03-19 09:00:00+09:00,1447.0,1448.0,1446.0,1448.0,1300,0.0,0.0
2024-03-19 10:00:00+09:00,1449.0,1449.0,1448.0,1448.0,200,0.0,0.0
2024-03-19 11:00:00+09:00,1450.0,1451.0,1449.0,1451.0,0,0.0,0.0
2024-03-19 12:00:00+09:00,1451.0,1451.0,1451.0,1451.0,2400,0.0,0.0
2024-03-19 13:00:00+09:00,1451.0,1451.0,1448.0,1451.0,600,0.0,0.0
2024-03-19 14:00:00+09:00,1451.0,1451.0,1451.0,1451.0,100,0.0,0.0
2024-03-21 09:00:00+09:00,1453.0,1455.0,1453.0,1455.0,4200,0.0,0.0
2024-03-21 10:00:00+09:00,1455.0,1455.0,1454.0,1455.0,400,0.0,0.0
2024-03-21 11:00:00+09:00,1455.0,1455.0,1454.0,1454.0,0,0.0,0.0
2024-03-21 12:00:00+09:00,1453.0,1454.0,1453.0,1453.0,5500,0.0,0.0
2024-03-21 13:00:00+09:00,1453.0,1453.0,1452.0,1452.0,300,0.0,0.0
2024-03-21 14:00:00+09:00,1454.0,1455.0,1454.0,1454.0,600,0.0,0.0
2024-03-22 09:00:00+09:00,1450.0,1453.0,1450.0,1451.0,3400,0.0,0.0
2024-03-22 10:00:00+09:00,1452.0,1453.0,1451.0,1453.0,1200,0.0,0.0
2024-03-22 11:00:00+09:00,1453.0,1453.0,1453.0,1453.0,0,0.0,0.0
2024-03-22 12:00:00+09:00,1454.0,1454.0,1452.0,1452.0,5400,0.0,0.0
2024-03-22 13:00:00+09:00,1452.0,1452.0,1451.0,1452.0,300,0.0,0.0
2024-03-22 14:00:00+09:00,1453.0,1453.0,1450.0,1453.0,1800,0.0,0.0
2024-03-25 09:00:00+09:00,1455.0,1462.0,1455.0,1462.0,5300,0.0,0.0
2024-03-25 10:00:00+09:00,1462.0,1465.0,1462.0,1462.0,800,0.0,0.0
2024-03-25 11:00:00+09:00,1461.0,1461.0,1460.0,1461.0,0,0.0,0.0
2024-03-25 12:00:00+09:00,1458.0,1460.0,1458.0,1460.0,7300,0.0,0.0
2024-03-25 13:00:00+09:00,1458.0,1460.0,1456.0,1460.0,400,0.0,0.0
2024-03-25 14:00:00+09:00,1461.0,1463.0,1460.0,1463.0,900,0.0,0.0
2024-03-26 09:00:00+09:00,1467.0,1468.0,1464.0,1464.0,2700,0.0,0.0
2024-03-26 10:00:00+09:00,1464.0,1465.0,1463.0,1463.0,300,0.0,0.0
2024-03-26 11:00:00+09:00,1463.0,1467.0,1463.0,1465.0,0,0.0,0.0
2024-03-26 12:00:00+09:00,1468.0,1470.0,1468.0,1470.0,5100,0.0,0.0
2024-03-26 13:00:00+09:00,1470.0,1470.0,1466.0,1466.0,600,0.0,0.0
2024-03-26 14:00:00+09:00,1469.0,1470.0,1466.0,1466.0,600,0.0,0.0
2024-03-27 09:00:00+09:00,1451.0,1465.0,1451.0,1464.0,15700,0.0,0.0
2024-03-27 10:00:00+09:00,1464.0,1466.0,1461.0,1466.0,2600,0.0,0.0
2024-03-27 11:00:00+09:00,1463.0,1468.0,1460.0,1467.0,0,0.0,0.0
2024-03-27 12:00:00+09:00,1463.0,1463.0,1458.0,1462.0,22500,0.0,0.0
2024-03-27 13:00:00+09:00,1461.0,1462.0,1458.0,1458.0,2000,0.0,0.0
2024-03-27 14:00:00+09:00,1460.0,1468.0,1455.0,1459.0,4600,0.0,0.0
2024-03-28 09:00:00+09:00,1445.0,1448.0,1426.0,1433.0,0,0.0,0.0
2024-03-28 10:00:00+09:00,1435.0,1440.0,1435.0,1438.0,13000,0.0,0.0
2024-03-28 11:00:00+09:00,1430.0,1430.0,1430.0,1430.0,0,0.0,0.0
2024-03-28 12:00:00+09:00,1434.0,1434.0,1430.0,1434.0,15100,0.0,0.0
2024-03-28 13:00:00+09:00,1434.0,1434.0,1430.0,1434.0,900,0.0,0.0
2024-03-28 14:00:00+09:00,1434.0,1434.0,1430.0,1433.0,900,0.0,0.0
2024-03-29 09:00:00+09:00,1435.0,1437.0,1434.0,1437.0,1800,0.0,0.0
2024-03-29 10:00:00+09:00,1435.0,1435.0,1435.0,1435.0,200,0.0,0.0
2024-03-29 11:00:00+09:00,1435.0,1435.0,1434.0,1434.0,0,0.0,0.0
2024-03-29 12:00:00+09:00,1434.0,1437.0,1433.0,1437.0,4400,0.0,0.0
2024-03-29 13:00:00+09:00,1437.0,1440.0,1437.0,1439.0,1200,0.0,0.0
2024-03-29 14:00:00+09:00,1438.0,1439.0,1438.0,1439.0,400,0.0,0.0
2024-04-01 09:00:00+09:00,1440.0,1441.0,1440.0,1440.0,1400,0.0,0.0
2024-04-01 10:00:00+09:00,1440.0,1440.0,1440.0,1440.0,800,0.0,0.0
2024-04-01 11:00:00+09:00,1440.0,1440.0,1439.0,1439.0,0,0.0,0.0
2024-04-01 12:00:00+09:00,1439.0,1439.0,1439.0,1439.0,3500,0.0,0.0
2024-04-01 13:00:00+09:00,1439.0,1440.0,1439.0,1439.0,600,0.0,0.0
2024-04-01 14:00:00+09:00,1440.0,1440.0,1439.0,1439.0,200,0.0,0.0
2024-04-02 09:00:00+09:00,1440.0,1440.0,1440.0,1440.0,900,0.0,0.0
2024-04-02 10:00:00+09:00,1440.0,1441.0,1438.0,1441.0,700,0.0,0.0
2024-04-02 11:00:00+09:00,1441.0,1441.0,1441.0,1441.0,0,0.0,0.0
2024-04-02 12:00:00+09:00,1439.0,1440.0,1437.0,1440.0,3000,0.0,0.0
2024-04-02 14:00:00+09:00,1439.0,1439.0,1438.0,1438.0,200,0.0,0.0
2024-04-03 09:00:00+09:00,1438.0,1438.0,1437.0,1437.0,700,0.0,0.0
2024-04-03 10:00:00+09:00,1436.0,1438.0,1436.0,1438.0,500,0.0,0.0
2024-04-03 11:00:00+09:00,1438.0,1438.0,1438.0,1438.0,0,0.0,0.0
2024-04-03 12:00:00+09:00,1437.0,1437.0,1437.0,1437.0,1600,0.0,0.0
2024-04-03 13:00:00+09:00,1435.0,1435.0,1435.0,1435.0,100,0.0,0.0
2024-04-03 14:00:00+09:00,1435.0,1435.0,1435.0,1435.0,100,0.0,0.0
2024-04-04 09:00:00+09:00,1436.0,1436.0,1435.0,1435.0,600,0.0,0.0
2024-04-04 10:00:00+09:00,1435.0,1435.0,1435.0,1435.0,100,0.0,0.0
2024-04-04 11:00:00+09:00,1436.0,1436.0,1436.0,1436.0,0,0.0,0.0
2024-04-04 12:00:00+09:00,1435.0,1436.0,1435.0,1436.0,1000,0.0,0.0
2024-04-04 13:00:00+09:00,1435.0,1435.0,1435.0,1435.0,100,0.0,0.0
2024-04-04 14:00:00+09:00,1435.0,1435.0,1434.0,1434.0,600,0.0,0.0
2024-04-05 09:00:00+09:00,1434.0,1436.0,1434.0,1436.0,1200,0.0,0.0
2024-04-05 10:00:00+09:00,1434.0,1434.0,1434.0,1434.0,300,0.0,0.0
2024-04-05 11:00:00+09:00,1433.0,1433.0,1433.0,1433.0,0,0.0,0.0
2024-04-05 12:00:00+09:00,1433.0,1433.0,1433.0,1433.0,1800,0.0,0.0
2024-04-05 13:00:00+09:00,1433.0,1433.0,1431.0,1431.0,500,0.0,0.0
2024-04-05 14:00:00+09:00,1433.0,1433.0,1433.0,1433.0,100,0.0,0.0
2024-04-08 09:00:00+09:00,1434.0,1434.0,1434.0,1434.0,300,0.0,0.0
2024-04-08 10:00:00+09:00,1434.0,1434.0,1434.0,1434.0,300,0.0,0.0
2024-04-08 11:00:00+09:00,1435.0,1436.0,1432.0,1432.0,0,0.0,0.0
2024-04-08 12:00:00+09:00,1432.0,1432.0,1432.0,1432.0,1300,0.0,0.0
2024-04-08 13:00:00+09:00,1432.0,1432.0,1431.0,1431.0,300,0.0,0.0
2024-04-09 09:00:00+09:00,1435.0,1435.0,1431.0,1431.0,500,0.0,0.0
2024-04-09 10:00:00+09:00,1431.0,1431.0,1431.0,1431.0,100,0.0,0.0
2024-04-09 11:00:00+09:00,1431.0,1431.0,1431.0,1431.0,0,0.0,0.0
2024-04-09 12:00:00+09:00,1435.0,1435.0,1435.0,1435.0,800,0.0,0.0
2024-04-09 14:00:00+09:00,1433.0,1433.0,1433.0,1433.0,200,0.0,0.0
2024-04-10 09:00:00+09:00,1433.0,1433.0,1433.0,1433.0,400,0.0,0.0
2024-04-10 10:00:00+09:00,1434.0,1434.0,1434.0,1434.0,100,0.0,0.0
2024-04-10 11:00:00+09:00,1434.0,1434.0,1434.0,1434.0,0,0.0,0.0
2024-04-10 13:00:00+09:00,1433.0,1433.0,1432.0,1432.0,1000,0.0,0.0
2024-04-10 14:00:00+09:00,1434.0,1435.0,1434.0,1435.0,600,0.0,0.0
2024-04-11 09:00:00+09:00,1431.0,1436.0,1431.0,1431.0,700,0.0,0.0
2024-04-11 10:00:00+09:00,1434.0,1434.0,1431.0,1431.0,200,0.0,0.0
2024-04-11 11:00:00+09:00,1431.0,1431.0,1431.0,1431.0,0,0.0,0.0
2024-04-11 12:00:00+09:00,1431.0,1434.0,1431.0,1434.0,1200,0.0,0.0
2024-04-11 13:00:00+09:00,1434.0,1434.0,1434.0,1434.0,100,0.0,0.0
2024-04-12 09:00:00+09:00,1434.0,1436.0,1431.0,1431.0,900,0.0,0.0
2024-04-12 10:00:00+09:00,1431.0,1433.0,1430.0,1430.0,400,0.0,0.0
2024-04-12 11:00:00+09:00,1430.0,1430.0,1430.0,1430.0,0,0.0,0.0
2024-04-12 12:00:00+09:00,1432.0,1432.0,1431.0,1431.0,1800,0.0,0.0
2024-04-12 13:00:00+09:00,1433.0,1434.0,1430.0,1434.0,300,0.0,0.0
2024-04-15 09:00:00+09:00,1434.0,1434.0,1431.0,1431.0,900,0.0,0.0
2024-04-15 10:00:00+09:00,1431.0,1431.0,1431.0,1431.0,100,0.0,0.0
2024-04-15 11:00:00+09:00,1431.0,1431.0,1431.0,1431.0,0,0.0,0.0
2024-04-15 12:00:00+09:00,1433.0,1433.0,1433.0,1433.0,1500,0.0,0.0
2024-04-16 09:00:00+09:00,1433.0,1434.0,1432.0,1432.0,1800,0.0,0.0
2024-04-16 10:00:00+09:00,1433.0,1433.0,1433.0,1433.0,100,0.0,0.0
2024-04-16 11:00:00+09:00,1433.0,1433.0,1433.0,1433.0,0,0.0,0.0
2024-04-16 12:00:00+09:00,1433.0,1434.0,1433.0,1433.0,2400,0.0,0.0
2024-04-16 13:00:00+09:00,1432.0,1433.0,1432.0,1433.0,300,0.0,0.0
2024-04-16 14:00:00+09:00,1433.0,1435.0,1432.0,1435.0,300,0.0,0.0
2024-04-17 09:00:00+09:00,1435.0,1435.0,1433.0,1433.0,400,0.0,0.0
2024-04-17 10:00:00+09:00,1432.0,1432.0,1432.0,1432.0,100,0.0,0.0
2024-04-17 11:00:00+09:00,1435.0,1435.0,1435.0,1435.0,0,0.0,0.0
2024-04-17 12:00:00+09:00,1433.0,1435.0,1433.0,1435.0,800,0.0,0.0
2024-04-18 09:00:00+09:00,1436.0,1436.0,1435.0,1435.0,400,0.0,0.0
2024-04-18 10:00:00+09:00,1432.0,1432.0,1432.0,1432.0,100,0.0,0.0
2024-04-18 11:00:00+09:00,1434.0,1434.0,1430.0,1430.0,0,0.0,0.0
2024-04-18 12:00:00+09:00,1431.0,1431.0,1431.0,1431.0,1800,0.0,0.0
2024-04-18 14:00:00+09:00,1432.0,1432.0,1432.0,1432.0,300,0.0,0.0
2024-04-19 09:00:00+09:00,1431.0,1431.0,1431.0,1431.0,300,0.0,0.0
2024-04-19 10:00:00+09:00,1431.0,1431.0,1430.0,1430.0,300,0.0,0.0
2024-04-19 11:00:00+09:00,1430.0,1430.0,1429.0,1429.0,0,0.0,0.0
2024-04-19 12:00:00+09:00,1429.0,1429.0,1429.0,1429.0,1900,0.0,0.0
2024-04-19 13:00:00+09:00,1431.0,1431.0,1427.0,1427.0,300,0.0,0.0
2024-04-19 14:00:00+09:00,1427.0,1427.0,1425.0,1425.0,800,0.0,0.0
2024-04-22 09:00:00+09:00,1428.0,1428.0,1428.0,1428.0,400,0.0,0.0
2024-04-22 10:00:00+09:00,1428.0,1428.0,1428.0,1428.0,100,0.0,0.0
2024-04-22 11:00:00+09:00,1428.0,1428.0,1428.0,1428.0,0,0.0,0.0
2024-04-23 09:00:00+09:00,1426.0,1426.0,1426.0,1426.0,700,0.0,0.0
2024-04-23 10:00:00+09:00,1427.0,1427.0,1427.0,1427.0,100,0.0,0.0
2024-04-23 11:00:00+09:00,1427.0,1427.0,1427.0,1427.0,0,0.0,0.0
2024-04-23 12:00:00+09:00,1429.0,1430.0,1429.0,1430.0,1100,0.0,0.0
2024-04-23 13:00:00+09:00,1427.0,1427.0,1427.0,1427.0,100,0.0,0.0
2024-04-23 14:00:00+09:00,1427.0,1430.0,1426.0,1430.0,400,0.0,0.0
2024-04-24 09:00:00+09:00,1430.0,1432.0,1430.0,1432.0,500,0.0,0.0
2024-04-24 11:00:00+09:00,1432.0,1432.0,1432.0,1432.0,0,0.0,0.0
2024-04-24 13:00:00+09:00,1429.0,1429.0,1429.0,1429.0,700,0.0,0.0
2024-04-24 14:00:00+09:00,1427.0,1427.0,1421.0,1422.0,1100,0.0,0.0
2024-04-25 09:00:00+09:00,1430.0,1430.0,1430.0,1430.0,1300,0.0,0.0
2024-04-25 10:00:00+09:00,1425.0,1425.0,1420.0,1425.0,1100,0.0,0.0
2024-04-25 11:00:00+09:00,1422.0,1422.0,1422.0,1422.0,0,0.0,0.0
2024-04-25 12:00:00+09:00,1427.0,1427.0,1427.0,1427.0,2700,0.0,0.0
2024-04-25 14:00:00+09:00,1426.0,1426.0,1426.0,1426.0,100,0.0,0.0
2024-04-26 09:00:00+09:00,1427.0,1429.0,1420.0,1429.0,1300,0.0,0.0
2024-04-26 10:00:00+09:00,1421.0,1422.0,1421.0,1422.0,200,0.0,0.0
2024-04-26 11:00:00+09:00,1422.0,1422.0,1422.0,1422.0,0,0.0,0.0
2024-04-26 12:00:00+09:00,1425.0,1428.0,1425.0,1428.0,1700,0.0,0.0
2024-04-26 13:00:00+09:00,1428.0,1428.0,1428.0,1428.0,100,0.0,0.0
2024-04-26 14:00:00+09:00,1421.0,1421.0,1421.0,1421.0,300,0.0,0.0
2024-04-30 09:00:00+09:00,1422.0,1422.0,1422.0,1422.0,1400,0.0,0.0
2024-04-30 10:00:00+09:00,1421.0,1421.0,1421.0,1421.0,100,0.0,0.0
2024-04-30 11:00:00+09:00,1421.0,1421.0,1421.0,1421.0,0,0.0,0.0
2024-04-30 12:00:00+09:00,1425.0,1425.0,1423.0,1423.0,1800,0.0,0.0
2024-04-30 13:00:00+09:00,1423.0,1423.0,1423.0,1423.0,100,0.0,0.0
2024-04-30 14:00:00+09:00,1422.0,1422.0,1422.0,1422.0,100,0.0,0.0
2024-05-01 09:00:00+09:00,1427.0,1427.0,1423.0,1425.0,600,0.0,0.0
2024-05-01 10:00:00+09:00,1424.0,1424.0,1422.0,1424.0,400,0.0,0.0
2024-05-01 11:00:00+09:00,1424.0,1424.0,1424.0,1424.0,0,0.0,0.0
2024-05-01 12:00:00+09:00,1424.0,1425.0,1422.0,1422.0,1800,0.0,0.0
2024-05-01 13:00:00+09:00,1425.0,1425.0,1423.0,1423.0,200,0.0,0.0
2024-05-01 14:00:00+09:00,1423.0,1423.0,1423.0,1423.0,300,0.0,0.0
2024-05-02 09:00:00+09:00,1426.0,1427.0,1426.0,1427.0,700,0.0,0.0
2024-05-02 10:00:00+09:00,1427.0,1427.0,1424.0,1424.0,500,0.0,0.0
2024-05-02 11:00:00+09:00,1424.0,1424.0,1424.0,1424.0,0,0.0,0.0
2024-05-02 14:00:00+09:00,1423.0,1423.0,1417.0,1417.0,3900,0.0,0.0
2024-05-07 09:00:00+09:00,1417.0,1420.0,1417.0,1420.0,400,0.0,0.0
2024-05-07 10:00:00+09:00,1420.0,1420.0,1417.0,1417.0,400,0.0,0.0
2024-05-07 11:00:00+09:00,1417.0,1417.0,1416.0,1416.0,0,0.0,0.0
2024-05-07 12:00:00+09:00,1416.0,1416.0,1416.0,1416.0,1300,0.0,0.0
2024-05-07 13:00:00+09:00,1418.0,1418.0,1415.0,1415.0,1100,0.0,0.0
2024-05-07 14:00:00+09:00,1417.0,1417.0,1417.0,1417.0,100,0.0,0.0
2024-05-08 09:00:00+09:00,1415.0,1415.0,1415.0,1415.0,100,0.0,0.0
2024-05-08 11:00:00+09:00,1415.0,1415.0,1415.0,1415.0,0,0.0,0.0
2024-05-08 12:00:00+09:00,1413.0,1414.0,1413.0,1414.0,1400,0.0,0.0
2024-05-08 13:00:00+09:00,1415.0,1415.0,1415.0,1415.0,100,0.0,0.0
2024-05-08 14:00:00+09:00,1412.0,1412.0,1412.0,1412.0,100,0.0,0.0
2024-05-09 09:00:00+09:00,1415.0,1419.0,1413.0,1414.0,500,0.0,0.0
2024-05-09 10:00:00+09:00,1417.0,1417.0,1414.0,1414.0,500,0.0,0.0
2024-05-09 11:00:00+09:00,1417.0,1417.0,1414.0,1414.0,0,0.0,0.0
2024-05-09 12:00:00+09:00,1418.0,1418.0,1418.0,1418.0,1400,0.0,0.0
2024-05-09 14:00:00+09:00,1417.0,1420.0,1415.0,1415.0,600,0.0,0.0
2024-05-10 09:00:00+09:00,1421.0,1421.0,1416.0,1416.0,400,0.0,0.0
2024-05-10 10:00:00+09:00,1416.0,1420.0,1415.0,1420.0,400,0.0,0.0
2024-05-10 11:00:00+09:00,1420.0,1420.0,1420.0,1420.0,0,0.0,0.0
2024-05-10 12:00:00+09:00,1421.0,1421.0,1420.0,1420.0,1000,0.0,0.0
2024-05-10 14:00:00+09:00,1420.0,1425.0,1417.0,1417.0,1000,0.0,0.0
2024-05-13 09:00:00+09:00,1425.0,1435.0,1425.0,1428.0,3000,0.0,0.0
2024-05-13 10:00:00+09:00,1426.0,1434.0,1426.0,1433.0,500,0.0,0.0
2024-05-13 11:00:00+09:00,1434.0,1434.0,1434.0,1434.0,0,0.0,0.0
2024-05-13 12:00:00+09:00,1429.0,1430.0,1429.0,1430.0,6000,0.0,0.0
2024-05-13 13:00:00+09:00,1430.0,1430.0,1429.0,1429.0,300,0.0,0.0
2024-05-13 14:00:00+09:00,1429.0,1434.0,1429.0,1433.0,700,0.0,0.0
2024-05-14 09:00:00+09:00,1415.0,1415.0,1410.0,1410.0,5100,0.0,0.0
2024-05-14 10:00:00+09:00,1411.0,1412.0,1410.0,1412.0,300,0.0,0.0
2024-05-14 11:00:00+09:00,1415.0,1416.0,1415.0,1416.0,0,0.0,0.0
2024-05-14 12:00:00+09:00,1419.0,1419.0,1413.0,1413.0,6200,0.0,0.0
2024-05-14 13:00:00+09:00,1414.0,1414.0,1414.0,1414.0,100,0.0,0.0
2024-05-14 14:00:00+09:00,1420.0,1420.0,1420.0,1420.0,400,0.0,0.0
2024-05-15 09:00:00+09:00,1420.0,1420.0,1420.0,1420.0,400,0.0,0.0
2024-05-15 10:00:00+09:00,1420.0,1420.0,1415.0,1415.0,700,0.0,0.0
2024-05-15 11:00:00+09:00,1417.0,1420.0,1417.0,1420.0,0,0.0,0.0
2024-05-15 12:00:00+09:00,1420.0,1420.0,1415.0,1415.0,1600,0.0,0.0
2024-05-15 14:00:00+09:00,1416.0,1435.0,1416.0,1417.0,1200,0.0,0.0
2024-05-16 09:00:00+09:00,1434.0,1434.0,1420.0,1420.0,2100,0.0,0.0
2024-05-16 10:00:00+09:00,1421.0,1421.0,1420.0,1420.0,400,0.0,0.0
2024-05-16 11:00:00+09:00,1420.0,1420.0,1420.0,1420.0,0,0.0,0.0
2024-05-16 12:00:00+09:00,1419.0,1420.0,1419.0,1420.0,2700,0.0,0.0
2024-05-16 13:00:00+09:00,1419.0,1419.0,1419.0,1419.0,100,0.0,0.0
2024-05-16 14:00:00+09:00,1419.0,1420.0,1419.0,1420.0,200,0.0,0.0
2024-05-17 09:00:00+09:00,1420.0,1423.0,1420.0,1422.0,500,0.0,0.0
2024-05-17 10:00:00+09:00,1422.0,1422.0,1422.0,1422.0,100,0.0,0.0
2024-05-17 11:00:00+09:00,1420.0,1420.0,1420.0,1420.0,0,0.0,0.0
2024-05-17 12:00:00+09:00,1421.0,1424.0,1420.0,1424.0,1300,0.0,0.0
2024-05-17 13:00:00+09:00,1425.0,1425.0,1424.0,1424.0,200,0.0,0.0
2024-05-17 14:00:00+09:00,1424.0,1425.0,1424.0,1425.0,200,0.0,0.0
2024-05-20 09:00:00+09:00,1421.0,1421.0,1421.0,1421.0,300,0.0,0.0
2024-05-20 11:00:00+09:00,1421.0,1421.0,1421.0,1421.0,0,0.0,0.0
2024-05-20 12:00:00+09:00,1421.0,1421.0,1421.0,1421.0,500,0.0,0.0
2024-05-20 13:00:00+09:00,1423.0,1423.0,1422.0,1422.0,200,0.0,0.0
2024-05-20 14:00:00+09:00,1424.0,1424.0,1424.0,1424.0,200,0.0,0.0
2024-05-21 09:00:00+09:00,1423.0,1423.0,1423.0,1423.0,200,0.0,0.0
2024-05-21 11:00:00+09:00,1423.0,1425.0,1423.0,1425.0,0,0.0,0.0
2024-05-21 12:00:00+09:00,1425.0,1425.0,1424.0,1424.0,800,0.0,0.0
2024-05-21 13:00:00+09:00,1424.0,1426.0,1424.0,1426.0,200,0.0,0.0
2024-05-21 14:00:00+09:00,1424.0,1424.0,1424.0,1424.0,100,0.0,0.0
2024-05-22 09:00:00+09:00,1424.0,1424.0,1424.0,1424.0,400,0.0,0.0
2024-05-22 10:00:00+09:00,1423.0,1423.0,1421.0,1421.0,600,0.0,0.0
2024-05-22 11:00:00+09:00,1421.0,1421.0,1421.0,1421.0,0,0.0,0.0
2024-05-22 12:00:00+09:00,1422.0,1422.0,1422.0,1422.0,1100,0.0,0.0
2024-05-22 13:00:00+09:00,1422.0,1422.0,1420.0,1420.0,1100,0.0,0.0
2024-05-22 14:00:00+09:00,1424.0,1424.0,1424.0,1424.0,100,0.0,0.0
2024-05-23 09:00:00+09:00,1424.0,1424.0,1424.0,1424.0,400,0.0,0.0
2024-05-23 10:00:00+09:00,1421.0,1421.0,1421.0,1421.0,100,0.0,0.0
2024-05-23 11:00:00+09:00,1421.0,1421.0,1421.0,1421.0,0,0.0,0.0
2024-05-23 12:00:00+09:00,1421.0,1421.0,1421.0,1421.0,700,0.0,0.0
2024-05-24 09:00:00+09:00,1420.0,1420.0,1420.0,1420.0,400,0.0,0.0
2024-05-24 10:00:00+09:00,1423.0,1423.0,1423.0,1423.0,100,0.0,0.0
2024-05-24 11:00:00+09:00,1421.0,1421.0,1421.0,1421.0,0,0.0,0.0
2024-05-24 14:00:00+09:00,1424.0,1424.0,1424.0,1424.0,700,0.0,0.0
2024-05-27 09:00:00+09:00,1427.0,1428.0,1427.0,1428.0,1300,0.0,0.0
2024-05-27 10:00:00+09:00,1428.0,1428.0,1428.0,1428.0,100,0.0,0.0
2024-05-27 11:00:00+09:00,1426.0,1426.0,1426.0,1426.0,0,0.0,0.0
2024-05-27 12:00:00+09:00,1425.0,1425.0,1422.0,1422.0,1700,0.0,0.0
2024-05-28 09:00:00+09:00,1422.0,1422.0,1422.0,1422.0,500,0.0,0.0
2024-05-28 10:00:00+09:00,1422.0,1422.0,1422.0,1422.0,100,0.0,0.0
2024-05-28 11:00:00+09:00,1422.0,1422.0,1421.0,1421.0,0,0.0,0.0
2024-05-28 12:00:00+09:00,1422.0,1422.0,1422.0,1422.0,900,0.0,0.0
2024-05-29 09:00:00+09:00,1423.0,1423.0,1422.0,1422.0,800,0.0,0.0
2024-05-29 10:00:00+09:00,1422.0,1423.0,1421.0,1421.0,0,0.0,0.0
2024-05-29 11:00:00+09:00,1421.0,1421.0,1421.0,1421.0,0,0.0,0.0
2024-05-29 12:00:00+09:00,1422.0,1422.0,1422.0,1422.0,1400,0.0,0.0
2024-05-29 13:00:00+09:00,1422.0,1422.0,1422.0,1422.0,100,0.0,0.0
2024-05-29 14:00:00+09:00,1422.0,1423.0,1422.0,1423.0,200,0.0,0.0
2024-05-30 09:00:00+09:00,1423.0,1424.0,1423.0,1424.0,600,0.0,0.0
2024-05-30 11:00:00+09:00,1423.0,1423.0,1423.0,1423.0,0,0.0,0.0
2024-05-30 12:00:00+09:00,1424.0,1424.0,1424.0,1424.0,900,0.0,0.0
2024-05-30 14:00:00+09:00,1423.0,1423.0,1423.0,1423.0,100,0.0,0.0
2024-05-31 09:00:00+09:00,1420.0,1420.0,1420.0,1420.0,600,0.0,0.0
2024-05-31 10:00:00+09:00,1423.0,1423.0,1423.0,1423.0,100,0.0,0.0
2024-05-31 11:00:00+09:00,1423.0,1423.0,1423.0,1423.0,0,0.0,0.0
2024-05-31 12:00:00+09:00,1420.0,1423.0,1420.0,1420.0,800,0.0,0.0
2024-05-31 14:00:00+09:00,1423.0,1423.0,1420.0,1420.0,400,0.0,0.0
2024-06-03 09:00:00+09:00,1425.0,1425.0,1421.0,1421.0,800,0.0,0.0
2024-06-03 10:00:00+09:00,1421.0,1422.0,1420.0,1422.0,0,0.0,0.0
2024-06-03 11:00:00+09:00,1422.0,1422.0,1422.0,1422.0,0,0.0,0.0
2024-06-03 12:00:00+09:00,1422.0,1422.0,1422.0,1422.0,1200,0.0,0.0
2024-06-03 13:00:00+09:00,1421.0,1421.0,1421.0,1421.0,100,0.0,0.0
2024-06-04 09:00:00+09:00,1422.0,1422.0,1422.0,1422.0,300,0.0,0.0
2024-06-04 11:00:00+09:00,1422.0,1422.0,1422.0,1422.0,0,0.0,0.0
2024-06-04 13:00:00+09:00,1422.0,1422.0,1422.0,1422.0,600,0.0,0.0
2024-06-04 14:00:00+09:00,1423.0,1423.0,1423.0,1423.0,200,0.0,0.0
2024-06-05 09:00:00+09:00,1423.0,1423.0,1422.0,1422.0,600,0.0,0.0
2024-06-05 10:00:00+09:00,1422.0,1422.0,1422.0,1422.0,100,0.0,0.0
2024-06-05 11:00:00+09:00,1422.0,1422.0,1422.0,1422.0,0,0.0,0.0
2024-06-05 12:00:00+09:00,1421.0,1421.0,1421.0,1421.0,900,0.0,0.0
2024-06-05 13:00:00+09:00,1421.0,1421.0,1421.0,1421.0,100,0.0,0.0
2024-06-06 09:00:00+09:00,1421.0,1421.0,1421.0,1421.0,100,0.0,0.0
2024-06-06 10:00:00+09:00,1422.0,1422.0,1421.0,1421.0,300,0.0,0.0
2024-06-06 11:00:00+09:00,1421.0,1421.0,1421.0,1421.0,0,0.0,0.0
2024-06-06 12:00:00+09:00,1421.0,1421.0,1421.0,1421.0,600,0.0,0.0
2024-06-06 13:00:00+09:00,1422.0,1422.0,1421.0,1421.0,200,0.0,0.0
2024-06-06 14:00:00+09:00,1422.0,1422.0,1422.0,1422.0,100,0.0,0.0
2024-06-07 09:00:00+09:00,1423.0,1423.0,1423.0,1423.0,400,0.0,0.0
2024-06-07 11:00:00+09:00,1423.0,1423.0,1423.0,1423.0,0,0.0,0.0
2024-06-07 13:00:00+09:00,1423.0,1423.0,1422.0,1422.0,600,0.0,0.0
2024-06-07 14:00:00+09:00,1423.0,1440.0,1423.0,1440.0,2000,0.0,0.0
2024-06-10 09:00:00+09:00,1438.0,1438.0,1438.0,1438.0,0,0.0,0.0
2024-06-10 10:00:00+09:00,1436.0,1436.0,1436.0,1436.0,200,0.0,0.0
2024-06-10 11:00:00+09:00,1430.0,1431.0,1430.0,1431.0,0,0.0,0.0
2024-06-10 12:00:00+09:00,1431.0,1431.0,1431.0,1431.0,0,0.0,0.0
2024-06-10 13:00:00+09:00,1432.0,1432.0,1425.0,1425.0,2200,0.0,0.0
2024-06-10 14:00:00+09:00,1425.0,1431.0,1420.0,1430.0,1300,0.0,0.0
2024-06-11 09:00:00+09:00,1434.0,1434.0,1430.0,1430.0,600,0.0,0.0
2024-06-11 10:00:00+09:00,1434.0,1435.0,1434.0,1435.0,600,0.0,0.0
2024-06-11 11:00:00+09:00,1435.0,1435.0,1435.0,1435.0,0,0.0,0.0
2024-06-11 12:00:00+09:00,1430.0,1430.0,1430.0,1430.0,1400,0.0,0.0
2024-06-11 14:00:00+09:00,1430.0,1430.0,1426.0,1426.0,200,0.0,0.0
2024-06-12 09:00:00+09:00,1430.0,1434.0,1427.0,1434.0,300,0.0,0.0
2024-06-12 10:00:00+09:00,1426.0,1426.0,1426.0,1426.0,100,0.0,0.0
2024-06-12 11:00:00+09:00,1432.0,1432.0,1432.0,1432.0,0,0.0,0.0
2024-06-12 13:00:00+09:00,1433.0,1433.0,1433.0,1433.0,700,0.0,0.0
2024-06-12 14:00:00+09:00,1430.0,1433.0,1430.0,1433.0,300,0.0,0.0
2024-06-13 09:00:00+09:00,1436.0,1436.0,1433.0,1433.0,600,0.0,0.0
2024-06-13 11:00:00+09:00,1433.0,1433.0,1433.0,1433.0,0,0.0,0.0
2024-06-13 12:00:00+09:00,1432.0,1432.0,1432.0,1432.0,800,0.0,0.0
2024-06-13 13:00:00+09:00,1430.0,1430.0,1429.0,1429.0,200,0.0,0.0
2024-06-14 09:00:00+09:00,1432.0,1432.0,1430.0,1430.0,300,0.0,0.0
2024-06-14 10:00:00+09:00,1432.0,1432.0,1432.0,1432.0,100,0.0,0.0
2024-06-14 11:00:00+09:00,1432.0,1432.0,1432.0,1432.0,0,0.0,0.0
2024-06-14 12:00:00+09:00,1431.0,1431.0,1431.0,1431.0,0,0.0,0.0
2024-06-14 13:00:00+09:00,1429.0,1430.0,1429.0,1429.0,800,0.0,0.0
2024-06-14 14:00:00+09:00,1429.0,1429.0,1426.0,1426.0,300,0.0,0.0
2024-06-17 09:00:00+09:00,1442.0,1442.0,1432.0,1432.0,2500,0.0,0.0
2024-06-17 11:00:00+09:00,1439.0,1439.0,1439.0,1439.0,0,0.0,0.0
2024-06-17 12:00:00+09:00,1439.0,1439.0,1439.0,1439.0,2900,0.0,0.0
2024-06-17 13:00:00+09:00,1434.0,1434.0,1434.0,1434.0,200,0.0,0.0
2024-06-17 14:00:00+09:00,1435.0,1435.0,1435.0,1435.0,100,0.0,0.0
2024-06-18 09:00:00+09:00,1439.0,1439.0,1439.0,1439.0,300,0.0,0.0
2024-06-18 11:00:00+09:00,1439.0,1439.0,1439.0,1439.0,0,0.0,0.0
2024-06-18 12:00:00+09:00,1433.0,1433.0,1433.0,1433.0,600,0.0,0.0
2024-06-18 13:00:00+09:00,1433.0,1438.0,1433.0,1438.0,200,0.0,0.0
2024-06-18 14:00:00+09:00,1437.0,1437.0,1437.0,1437.0,100,0.0,0.0
2024-06-19 09:00:00+09:00,1437.0,1437.0,1436.0,1436.0,400,0.0,0.0
2024-06-19 10:00:00+09:00,1435.0,1436.0,1435.0,1436.0,400,0.0,0.0
2024-06-19 11:00:00+09:00,1434.0,1434.0,1434.0,1434.0,0,0.0,0.0
2024-06-19 13:00:00+09:00,1433.0,1433.0,1433.0,1433.0,1100,0.0,0.0
2024-06-19 14:00:00+09:00,1432.0,1435.0,1432.0,1434.0,300,0.0,0.0
2024-06-20 10:00:00+09:00,1431.0,1431.0,1431.0,1431.0,100,0.0,0.0
2024-06-20 11:00:00+09:00,1431.0,1431.0,1431.0,1431.0,0,0.0,0.0
2024-06-20 12:00:00+09:00,1432.0,1432.0,1432.0,1432.0,200,0.0,0.0
2024-06-20 13:00:00+09:00,1437.0,1437.0,1433.0,1433.0,200,0.0,0.0
2024-06-21 09:00:00+09:00,1438.0,1438.0,1438.0,1438.0,300,0.0,0.0
2024-06-21 10:00:00+09:00,1437.0,1437.0,1436.0,1436.0,200,0.0,0.0
2024-06-21 11:00:00+09:00,1435.0,1435.0,1435.0,1435.0,0,0.0,0.0
2024-06-21 12:00:00+09:00,1434.0,1434.0,1433.0,1433.0,900,0.0,0.0
2024-06-21 13:00:00+09:00,1433.0,1433.0,1433.0,1433.0,200,0.0,0.0
2024-06-21 14:00:00+09:00,1434.0,1434.0,1433.0,1433.0,300,0.0,0.0
2024-06-24 09:00:00+09:00,1435.0,1436.0,1435.0,1435.0,100,0.0,0.0
2024-06-24 10:00:00+09:00,1435.0,1435.0,1433.0,1433.0,300,0.0,0.0
2024-06-24 11:00:00+09:00,1433.0,1433.0,1433.0,1433.0,0,0.0,0.0
2024-06-24 12:00:00+09:00,1430.0,1438.0,1430.0,1438.0,3800,0.0,0.0
2024-06-24 13:00:00+09:00,1438.0,1438.0,1431.0,1431.0,300,0.0,0.0
2024-06-24 14:00:00+09:00,1430.0,1431.0,1430.0,1430.0,400,0.0,0.0
2024-06-25 09:00:00+09:00,1434.0,1434.0,1434.0,1434.0,1000,0.0,0.0
2024-06-25 10:00:00+09:00,1430.0,1430.0,1427.0,1428.0,300,0.0,0.0
2024-06-25 11:00:00+09:00,1428.0,1428.0,1428.0,1428.0,0,0.0,0.0
2024-06-25 12:00:00+09:00,1428.0,1428.0,1427.0,1427.0,3100,0.0,0.0
2024-06-25 13:00:00+09:00,1427.0,1427.0,1427.0,1427.0,300,0.0,0.0
2024-06-25 14:00:00+09:00,1427.0,1427.0,1425.0,1425.0,1100,0.0,0.0
2024-06-26 09:00:00+09:00,1426.0,1426.0,1426.0,1426.0,500,0.0,0.0
2024-06-26 10:00:00+09:00,1426.0,1427.0,1421.0,1427.0,0,0.0,0.0
2024-06-26 11:00:00+09:00,1427.0,1427.0,1427.0,1427.0,0,0.0,0.0
2024-06-26 12:00:00+09:00,1423.0,1425.0,1423.0,1425.0,3100,0.0,0.0
2024-06-26 13:00:00+09:00,1425.0,1426.0,1422.0,1426.0,700,0.0,0.0
2024-06-26 14:00:00+09:00,1426.0,1427.0,1426.0,1427.0,400,0.0,0.0
2024-06-27 09:00:00+09:00,1429.0,1432.0,1429.0,1432.0,800,0.0,0.0
2024-06-27 10:00:00+09:00,1430.0,1430.0,1427.0,1427.0,0,0.0,0.0
2024-06-27 11:00:00+09:00,1427.0,1427.0,1427.0,1427.0,0,0.0,0.0
2024-06-27 12:00:00+09:00,1431.0,1431.0,1431.0,1431.0,1300,0.0,0.0
2024-06-27 13:00:00+09:00,1426.0,1426.0,1426.0,1426.0,100,0.0,0.0
2024-06-27 14:00:00+09:00,1427.0,1427.0,1427.0,1427.0,100,0.0,0.0
2024-06-28 09:00:00+09:00,1427.0,1432.0,1427.0,1432.0,800,0.0,0.0
2024-06-28 11:00:00+09:00,1432.0,1432.0,1432.0,1432.0,0,0.0,0.0
2024-06-28 12:00:00+09:00,1431.0,1431.0,1431.0,1431.0,900,0.0,0.0
2024-06-28 13:00:00+09:00,1428.0,1428.0,1428.0,1428.0,100,0.0,0.0
2024-06-28 14:00:00+09:00,1426.0,1426.0,1426.0,1426.0,100,0.0,0.0
2024-07-01 09:00:00+09:00,1425.0,1428.0,1425.0,1425.0,400,0.0,0.0
2024-07-01 10:00:00+09:00,1428.0,1428.0,1425.0,1426.0,600,0.0,0.0
2024-07-01 11:00:00+09:00,1426.0,1428.0,1426.0,1428.0,0,0.0,0.0
2024-07-01 12:00:00+09:00,1428.0,1428.0,1428.0,1428.0,2700,0.0,0.0
2024-07-01 13:00:00+09:00,1427.0,1427.0,1427.0,1427.0,100,0.0,0.0
2024-07-01 14:00:00+09:00,1428.0,1428.0,1427.0,1427.0,200,0.0,0.0
2024-07-02 09:00:00+09:00,1428.0,1429.0,1426.0,1427.0,1100,0.0,0.0
2024-07-02 10:00:00+09:00,1427.0,1427.0,1426.0,1426.0,200,0.0,0.0
2024-07-02 11:00:00+09:00,1427.0,1427.0,1425.0,1425.0,0,0.0,0.0
2024-07-02 12:00:00+09:00,1426.0,1426.0,1426.0,1426.0,1700,0.0,0.0
2024-07-02 13:00:00+09:00,1426.0,1426.0,1426.0,1426.0,100,0.0,0.0
2024-07-02 14:00:00+09:00,1427.0,1427.0,1427.0,1427.0,300,0.0,0.0
2024-07-03 09:00:00+09:00,1424.0,1426.0,1424.0,1426.0,700,0.0,0.0
2024-07-03 10:00:00+09:00,1425.0,1425.0,1424.0,1424.0,500,0.0,0.0
2024-07-03 11:00:00+09:00,1424.0,1424.0,1424.0,1424.0,0,0.0,0.0
2024-07-03 12:00:00+09:00,1423.0,1423.0,1423.0,1423.0,1600,0.0,0.0
2024-07-03 13:00:00+09:00,1424.0,1426.0,1424.0,1425.0,400,0.0,0.0
2024-07-03 14:00:00+09:00,1426.0,1426.0,1424.0,1424.0,500,0.0,0.0
2024-07-04 09:00:00+09:00,1423.0,1423.0,1423.0,1423.0,400,0.0,0.0
2024-07-04 10:00:00+09:00,1424.0,1424.0,1424.0,1424.0,200,0.0,0.0
2024-07-04 11:00:00+09:00,1424.0,1424.0,1424.0,1424.0,0,0.0,0.0
2024-07-04 12:00:00+09:00,1424.0,1424.0,1424.0,1424.0,1100,0.0,0.0
2024-07-04 13:00:00+09:00,1424.0,1424.0,1424.0,1424.0,100,0.0,0.0
2024-07-04 14:00:00+09:00,1423.0,1423.0,1423.0,1423.0,300,0.0,0.0
2024-07-05 09:00:00+09:00,1427.0,1427.0,1427.0,1427.0,1800,0.0,0.0
2024-07-05 10:00:00+09:00,1424.0,1424.0,1424.0,1424.0,100,0.0,0.0
2024-07-05 11:00:00+09:00,1424.0,1424.0,1424.0,1424.0,0,0.0,0.0
2024-07-05 12:00:00+09:00,1424.0,1424.0,1423.0,1423.0,2200,0.0,0.0
2024-07-05 13:00:00+09:00,1423.0,1423.0,1423.0,1423.0,300,0.0,0.0
2024-07-05 14:00:00+09:00,1423.0,1423.0,1422.0,1422.0,1400,0.0,0.0
2024-07-08 09:00:00+09:00,1422.0,1424.0,1422.0,1424.0,1000,0.0,0.0
2024-07-08 10:00:00+09:00,1423.0,1423.0,1423.0,1423.0,800,0.0,0.0
2024-07-08 11:00:00+09:00,1422.0,1422.0,1422.0,1422.0,0,0.0,0.0
2024-07-08 12:00:00+09:00,1422.0,1423.0,1422.0,1423.0,2300,0.0,0.0
2024-07-08 13:00:00+09:00,1423.0,1423.0,1422.0,1422.0,200,0.0,0.0
2024-07-09 09:00:00+09:00,1424.0,1424.0,1422.0,1422.0,600,0.0,0.0
2024-07-09 11:00:00+09:00,1422.0,1422.0,1422.0,1422.0,0,0.0,0.0
2024-07-09 13:00:00+09:00,1422.0,1424.0,1422.0,1422.0,0,0.0,0.0
2024-07-09 14:00:00+09:00,1423.0,1423.0,1422.0,1422.0,1300,0.0,0.0
2024-07-10 09:00:00+09:00,1422.0,1422.0,1422.0,1422.0,100,0.0,0.0
2024-07-10 10:00:00+09:00,1423.0,1423.0,1423.0,1423.0,300,0.0,0.0
2024-07-10 11:00:00+09:00,1423.0,1424.0,1423.0,1424.0,0,0.0,0.0
2024-07-10 12:00:00+09:00,1425.0,1425.0,1424.0,1424.0,1000,0.0,0.0
2024-07-10 13:00:00+09:00,1423.0,1423.0,1423.0,1423.0,200,0.0,0.0
2024-07-10 14:00:00+09:00,1422.0,1423.0,1422.0,1422.0,1400,0.0,0.0
2024-07-11 09:00:00+09:00,1424.0,1424.0,1422.0,1422.0,400,0.0,0.0
2024-07-11 10:00:00+09:00,1423.0,1424.0,1423.0,1424.0,200,0.0,0.0
2024-07-11 11:00:00+09:00,1424.0,1425.0,1424.0,1425.0,0,0.0,0.0
2024-07-11 12:00:00+09:00,1425.0,1425.0,1422.0,1422.0,1200,0.0,0.0
2024-07-11 13:00:00+09:00,1423.0,1425.0,1423.0,1425.0,700,0.0,0.0
2024-07-11 14:00:00+09:00,1425.0,1425.0,1422.0,1425.0,400,0.0,0.0
2024-07-12 09:00:00+09:00,1426.0,1426.0,1423.0,1424.0,800,0.0,0.0
2024-07-12 10:00:00+09:00,1425.0,1427.0,1422.0,1423.0,1600,0.0,0.0
2024-07-12 11:00:00+09:00,1424.0,1424.0,1424.0,1424.0,0,0.0,0.0
2024-07-12 13:00:00+09:00,1424.0,1424.0,1422.0,1422.0,3400,0.0,0.0
2024-07-12 14:00:00+09:00,1424.0,1424.0,1422.0,1422.0,200,0.0,0.0
2024-07-16 09:00:00+09:00,1427.0,1429.0,1421.0,1428.0,3300,0.0,0.0
2024-07-16 11:00:00+09:00,1425.0,1425.0,1423.0,1423.0,0,0.0,0.0
2024-07-16 12:00:00+09:00,1422.0,1426.0,1422.0,1426.0,4700,0.0,0.0
2024-07-16 13:00:00+09:00,1426.0,1426.0,1426.0,1426.0,200,0.0,0.0
2024-07-16 14:00:00+09:00,1426.0,1429.0,1423.0,1423.0,1500,0.0,0.0
2024-07-17 09:00:00+09:00,1423.0,1427.0,1423.0,1425.0,500,0.0,0.0
2024-07-17 10:00:00+09:00,1425.0,1427.0,1425.0,1427.0,300,0.0,0.0
2024-07-17 11:00:00+09:00,1427.0,1427.0,1427.0,1427.0,0,0.0,0.0
2024-07-17 12:00:00+09:00,1427.0,1427.0,1425.0,1425.0,1000,0.0,0.0
2024-07-17 14:00:00+09:00,1424.0,1426.0,1424.0,1426.0,300,0.0,0.0
2024-07-18 09:00:00+09:00,1426.0,1427.0,1424.0,1424.0,600,0.0,0.0
2024-07-18 11:00:00+09:00,1424.0,1424.0,1423.0,1423.0,0,0.0,0.0
2024-07-18 12:00:00+09:00,1426.0,1426.0,1423.0,1423.0,2000,0.0,0.0
2024-07-18 13:00:00+09:00,1423.0,1425.0,1423.0,1424.0,300,0.0,0.0
2024-07-18 14:00:00+09:00,1425.0,1426.0,1425.0,1426.0,300,0.0,0.0
2024-07-19 09:00:00+09:00,1427.0,1427.0,1425.0,1425.0,600,0.0,0.0
2024-07-19 10:00:00+09:00,1426.0,1426.0,1424.0,1424.0,400,0.0,0.0
2024-07-19 11:00:00+09:00,1424.0,1424.0,1422.0,1423.0,0,0.0,0.0
2024-07-19 13:00:00+09:00,1425.0,1425.0,1425.0,1425.0,2200,0.0,0.0
2024-07-22 09:00:00+09:00,1425.0,1425.0,1422.0,1425.0,1200,0.0,0.0
2024-07-22 10:00:00+09:00,1424.0,1424.0,1420.0,1420.0,4200,0.0,0.0
2024-07-22 11:00:00+09:00,1420.0,1420.0,1420.0,1420.0,0,0.0,0.0
2024-07-22 12:00:00+09:00,1420.0,1420.0,1420.0,1420.0,5700,0.0,0.0
2024-07-22 13:00:00+09:00,1423.0,1423.0,1420.0,1422.0,500,0.0,0.0
2024-07-22 14:00:00+09:00,1422.0,1422.0,1421.0,1421.0,200,0.0,0.0
2024-07-23 09:00:00+09:00,1422.0,1422.0,1422.0,1422.0,300,0.0,0.0
2024-07-23 11:00:00+09:00,1421.0,1421.0,1421.0,1421.0,0,0.0,0.0
2024-07-23 12:00:00+09:00,1421.0,1421.0,1421.0,1421.0,0,0.0,0.0
2024-07-23 14:00:00+09:00,1421.0,1421.0,1421.0,1421.0,0,0.0,0.0
2024-07-24 09:00:00+09:00,1421.0,1421.0,1421.0,1421.0,300,0.0,0.0
2024-07-24 10:00:00+09:00,1421.0,1421.0,1421.0,1421.0,200,0.0,0.0
2024-07-24 11:00:00+09:00,1421.0,1421.0,1421.0,1421.0,0,0.0,0.0
2024-07-24 12:00:00+09:00,1421.0,1423.0,1421.0,1423.0,800,0.0,0.0
2024-07-24 13:00:00+09:00,1421.0,1421.0,1420.0,1420.0,1600,0.0,0.0
2024-07-24 14:00:00+09:00,1420.0,1422.0,1420.0,1422.0,200,0.0,0.0
2024-07-25 09:00:00+09:00,1426.0,1426.0,1420.0,1420.0,1600,0.0,0.0
2024-07-25 10:00:00+09:00,1420.0,1422.0,1420.0,1421.0,300,0.0,0.0
2024-07-25 11:00:00+09:00,1421.0,1421.0,1421.0,1421.0,0,0.0,0.0
2024-07-25 12:00:00+09:00,1421.0,1421.0,1420.0,1420.0,2100,0.0,0.0
2024-07-25 13:00:00+09:00,1420.0,1420.0,1420.0,1420.0,100,0.0,0.0
2024-07-26 09:00:00+09:00,1421.0,1421.0,1420.0,1420.0,1200,0.0,0.0
2024-07-26 11:00:00+09:00,1420.0,1420.0,1420.0,1420.0,0,0.0,0.0
2024-07-26 13:00:00+09:00,1421.0,1421.0,1420.0,1420.0,1400,0.0,0.0
2024-07-26 14:00:00+09:00,1421.0,1421.0,1421.0,1421.0,100,0.0,0.0
2024-07-29 09:00:00+09:00,1421.0,1422.0,1421.0,1422.0,300,0.0,0.0
2024-07-29 10:00:00+09:00,1421.0,1421.0,1421.0,1421.0,300,0.0,0.0
2024-07-29 11:00:00+09:00,1421.0,1421.0,1421.0,1421.0,0,0.0,0.0
2024-07-29 12:00:00+09:00,1422.0,1422.0,1421.0,1421.0,800,0.0,0.0
2024-07-29 13:00:00+09:00,1424.0,1424.0,1423.0,1423.0,300,0.0,0.0
2024-07-29 14:00:00+09:00,1423.0,1423.0,1422.0,1422.0,200,0.0,0.0
2024-07-30 09:00:00+09:00,1427.0,1427.0,1424.0,1424.0,700,0.0,0.0
2024-07-30 10:00:00+09:00,1426.0,1426.0,1426.0,1426.0,100,0.0,0.0
2024-07-30 11:00:00+09:00,1426.0,1426.0,1426.0,1426.0,0,0.0,0.0
2024-07-30 13:00:00+09:00,1423.0,1426.0,1423.0,1426.0,1100,0.0,0.0
2024-07-31 09:00:00+09:00,1422.0,1422.0,1422.0,1422.0,500,0.0,0.0
2024-07-31 10:00:00+09:00,1425.0,1425.0,1425.0,1425.0,100,0.0,0.0
2024-07-31 11:00:00+09:00,1422.0,1422.0,1422.0,1422.0,0,0.0,0.0
2024-07-31 12:00:00+09:00,1422.0,1422.0,1422.0,1422.0,800,0.0,0.0
2024-07-31 13:00:00+09:00,1423.0,1423.0,1422.0,1422.0,200,0.0,0.0
2024-07-31 14:00:00+09:00,1424.0,1425.0,1423.0,1425.0,900,0.0,0.0
2024-08-01 09:00:00+09:00,1425.0,1426.0,1425.0,1425.0,400,0.0,0.0
2024-08-01 10:00:00+09:00,1424.0,1424.0,1422.0,1423.0,500,0.0,0.0
2024-08-01 11:00:00+09:00,1423.0,1423.0,1423.0,1423.0,0,0.0,0.0
2024-08-01 12:00:00+09:00,1422.0,1422.0,1422.0,1422.0,1000,0.0,0.0
2024-08-01 13:00:00+09:00,1424.0,1425.0,1422.0,1422.0,600,0.0,0.0
2024-08-01 14:00:00+09:00,1422.0,1422.0,1421.0,1421.0,400,0.0,0.0
2024-08-02 09:00:00+09:00,1420.0,1421.0,1419.0,1421.0,3600,0.0,0.0
2024-08-02 10:00:00+09:00,1419.0,1419.0,1416.0,1417.0,1100,0.0,0.0
2024-08-02 11:00:00+09:00,1417.0,1417.0,1417.0,1417.0,0,0.0,0.0
2024-08-02 12:00:00+09:00,1418.0,1418.0,1417.0,1417.0,5000,0.0,0.0
2024-08-02 13:00:00+09:00,1416.0,1416.0,1415.0,1416.0,400,0.0,0.0
2024-08-02 14:00:00+09:00,1417.0,1421.0,1416.0,1417.0,700,0.0,0.0
2024-08-05 09:00:00+09:00,1411.0,1412.0,1410.0,1410.0,4200,0.0,0.0
2024-08-05 10:00:00+09:00,1410.0,1410.0,1400.0,1400.0,2400,0.0,0.0
2024-08-05 11:00:00+09:00,1401.0,1401.0,1400.0,1400.0,0,0.0,0.0
2024-08-05 12:00:00+09:00,1400.0,1404.0,1400.0,1404.0,7600,0.0,0.0
2024-08-05 13:00:00+09:00,1401.0,1405.0,1400.0,1400.0,1000,0.0,0.0
2024-08-05 14:00:00+09:00,1401.0,1401.0,1400.0,1401.0,2900,0.0,0.0
2024-08-06 09:00:00+09:00,1400.0,1413.0,1400.0,1413.0,3000,0.0,0.0
2024-08-06 10:00:00+09:00,1413.0,1419.0,1410.0,1410.0,700,0.0,0.0
2024-08-06 11:00:00+09:00,1417.0,1417.0,1417.0,1417.0,0,0.0,0.0
2024-08-06 12:00:00+09:00,1401.0,1403.0,1401.0,1403.0,4500,0.0,0.0
2024-08-06 13:00:00+09:00,1406.0,1407.0,1405.0,1407.0,600,0.0,0.0
2024-08-06 14:00:00+09:00,1405.0,1407.0,1402.0,1407.0,400,0.0,0.0
2024-08-07 09:00:00+09:00,1408.0,1409.0,1408.0,1409.0,200,0.0,0.0
2024-08-07 10:00:00+09:00,1409.0,1417.0,1409.0,1417.0,400,0.0,0.0
2024-08-07 11:00:00+09:00,1410.0,1419.0,1408.0,1419.0,0,0.0,0.0
2024-08-07 12:00:00+09:00,1420.0,1420.0,1411.0,1411.0,1900,0.0,0.0
2024-08-07 13:00:00+09:00,1410.0,1411.0,1408.0,1411.0,500,0.0,0.0
2024-08-07 14:00:00+09:00,1411.0,1416.0,1408.0,1416.0,500,0.0,0.0
2024-08-08 09:00:00+09:00,1408.0,1409.0,1406.0,1409.0,1300,0.0,0.0
2024-08-08 11:00:00+09:00,1410.0,1410.0,1410.0,1410.0,0,0.0,0.0
2024-08-08 12:00:00+09:00,1410.0,1410.0,1410.0,1410.0,1600,0.0,0.0
2024-08-08 13:00:00+09:00,1409.0,1414.0,1409.0,1414.0,400,0.0,0.0
2024-08-08 14:00:00+09:00,1415.0,1416.0,1411.0,1411.0,300,0.0,0.0
2024-08-09 09:00:00+09:00,1409.0,1409.0,1409.0,1409.0,800,0.0,0.0
2024-08-09 10:00:00+09:00,1411.0,1414.0,1411.0,1414.0,600,0.0,0.0
2024-08-09 11:00:00+09:00,1414.0,1414.0,1406.0,1406.0,0,0.0,0.0
2024-08-09 12:00:00+09:00,1405.0,1405.0,1401.0,1401.0,5000,0.0,0.0
2024-08-09 13:00:00+09:00,1401.0,1401.0,1401.0,1401.0,100,0.0,0.0
2024-08-09 14:00:00+09:00,1402.0,1406.0,1402.0,1406.0,300,0.0,0.0
2024-08-13 09:00:00+09:00,1416.0,1416.0,1414.0,1414.0,800,0.0,0.0
2024-08-13 10:00:00+09:00,1410.0,1414.0,1408.0,1414.0,300,0.0,0.0
2024-08-13 11:00:00+09:00,1414.0,1414.0,1414.0,1414.0,0,0.0,0.0
2024-08-13 12:00:00+09:00,1414.0,1414.0,1414.0,1414.0,1500,0.0,0.0
2024-08-13 13:00:00+09:00,1409.0,1409.0,1409.0,1409.0,100,0.0,0.0
2024-08-13 14:00:00+09:00,1410.0,1410.0,1410.0,1410.0,100,0.0,0.0
2024-08-14 09:00:00+09:00,1412.0,1412.0,1410.0,1412.0,400,0.0,0.0
2024-08-14 10:00:00+09:00,1413.0,1413.0,1413.0,1413.0,100,0.0,0.0
2024-08-14 11:00:00+09:00,1412.0,1412.0,1412.0,1412.0,0,0.0,0.0
2024-08-14 12:00:00+09:00,1413.0,1413.0,1413.0,1413.0,700,0.0,0.0
2024-08-14 13:00:00+09:00,1414.0,1414.0,1414.0,1414.0,100,0.0,0.0
2024-08-14 14:00:00+09:00,1412.0,1415.0,1411.0,1415.0,500,0.0,0.0
2024-08-15 09:00:00+09:00,1415.0,1415.0,1412.0,1415.0,600,0.0,0.0
2024-08-15 10:00:00+09:00,1415.0,1415.0,1415.0,1415.0,100,0.0,0.0
2024-08-15 11:00:00+09:00,1415.0,1415.0,1415.0,1415.0,0,0.0,0.0
2024-08-15 12:00:00+09:00,1415.0,1416.0,1414.0,1416.0,1300,0.0,0.0
2024-08-15 14:00:00+09:00,1416.0,1416.0,1415.0,1416.0,300,0.0,0.0
2024-08-16 09:00:00+09:00,1417.0,1417.0,1417.0,1417.0,200,0.0,0.0
2024-08-16 10:00:00+09:00,1417.0,1418.0,1416.0,1418.0,500,0.0,0.0
2024-08-16 11:00:00+09:00,1418.0,1418.0,1418.0,1418.0,0,0.0,0.0
2024-08-16 12:00:00+09:00,1418.0,1418.0,1418.0,1418.0,900,0.0,0.0
2024-08-16 13:00:00+09:00,1416.0,1419.0,1415.0,1417.0,500,0.0,0.0
2024-08-16 14:00:00+09:00,1419.0,1419.0,1419.0,1419.0,100,0.0,0.0
2024-08-19 09:00:00+09:00,1418.0,1419.0,1417.0,1417.0,1300,0.0,0.0
2024-08-19 10:00:00+09:00,1418.0,1423.0,1418.0,1423.0,300,0.0,0.0
2024-08-19 11:00:00+09:00,1423.0,1423.0,1423.0,1423.0,0,0.0,0.0
2024-08-19 12:00:00+09:00,1419.0,1419.0,1419.0,1419.0,1700,0.0,0.0
2024-08-19 13:00:00+09:00,1417.0,1417.0,1417.0,1417.0,100,0.0,0.0
2024-08-19 14:00:00+09:00,1417.0,1417.0,1417.0,1417.0,200,0.0,0.0
2024-08-20 09:00:00+09:00,1421.0,1423.0,1419.0,1420.0,500,0.0,0.0
2024-08-20 10:00:00+09:00,1424.0,1424.0,1424.0,1424.0,100,0.0,0.0
2024-08-20 11:00:00+09:00,1422.0,1422.0,1422.0,1422.0,0,0.0,0.0
2024-08-20 12:00:00+09:00,1423.0,1423.0,1423.0,1423.0,800,0.0,0.0
2024-08-20 14:00:00+09:00,1421.0,1423.0,1420.0,1423.0,500,0.0,0.0
2024-08-21 09:00:00+09:00,1424.0,1425.0,1424.0,1425.0,300,0.0,0.0
2024-08-21 10:00:00+09:00,1425.0,1425.0,1425.0,1425.0,100,0.0,0.0
2024-08-21 11:00:00+09:00,1424.0,1424.0,1424.0,1424.0,0,0.0,0.0
2024-08-21 12:00:00+09:00,1420.0,1420.0,1420.0,1420.0,600,0.0,0.0
2024-08-21 13:00:00+09:00,1419.0,1419.0,1418.0,1418.0,600,0.0,0.0
2024-08-22 09:00:00+09:00,1423.0,1423.0,1423.0,1423.0,500,0.0,0.0
2024-08-22 10:00:00+09:00,1423.0,1423.0,1423.0,1423.0,100,0.0,0.0
2024-08-22 11:00:00+09:00,1425.0,1425.0,1425.0,1425.0,0,0.0,0.0
2024-08-22 12:00:00+09:00,1426.0,1427.0,1426.0,1427.0,1900,0.0,0.0
2024-08-22 13:00:00+09:00,1427.0,1427.0,1425.0,1425.0,300,0.0,0.0
2024-08-22 14:00:00+09:00,1423.0,1423.0,1422.0,1422.0,200,0.0,0.0
2024-08-23 09:00:00+09:00,1422.0,1422.0,1422.0,1422.0,400,0.0,0.0
2024-08-23 10:00:00+09:00,1423.0,1423.0,1423.0,1423.0,100,0.0,0.0
2024-08-23 11:00:00+09:00,1423.0,1423.0,1423.0,1423.0,0,0.0,0.0
2024-08-23 12:00:00+09:00,1423.0,1428.0,1422.0,1422.0,800,0.0,0.0
2024-08-23 13:00:00+09:00,1421.0,1421.0,1421.0,1421.0,200,0.0,0.0
2024-08-23 14:00:00+09:00,1421.0,1422.0,1421.0,1422.0,400,0.0,0.0
2024-08-26 09:00:00+09:00,1430.0,1430.0,1423.0,1423.0,2700,0.0,0.0
2024-08-26 10:00:00+09:00,1422.0,1422.0,1422.0,1422.0,200,0.0,0.0
2024-08-26 11:00:00+09:00,1422.0,1422.0,1422.0,1422.0,0,0.0,0.0
2024-08-26 12:00:00+09:00,1422.0,1422.0,1422.0,1422.0,3000,0.0,0.0
2024-08-26 13:00:00+09:00,1422.0,1422.0,1422.0,1422.0,100,0.0,0.0
2024-08-26 14:00:00+09:00,1422.0,1422.0,1422.0,1422.0,600,0.0,0.0
2024-08-27 09:00:00+09:00,1424.0,1428.0,1421.0,1428.0,1200,0.0,0.0
2024-08-27 11:00:00+09:00,1423.0,1423.0,1422.0,1422.0,0,0.0,0.0
2024-08-27 12:00:00+09:00,1427.0,1428.0,1427.0,1428.0,1700,0.0,0.0
2024-08-27 14:00:00+09:00,1428.0,1428.0,1422.0,1422.0,600,0.0,0.0
2024-08-28 09:00:00+09:00,1423.0,1423.0,1423.0,1423.0,1300,0.0,0.0
2024-08-28 11:00:00+09:00,1424.0,1425.0,1424.0,1425.0,0,0.0,0.0
2024-08-28 12:00:00+09:00,1425.0,1425.0,1425.0,1425.0,1600,0.0,0.0
2024-08-28 13:00:00+09:00,1422.0,1422.0,1422.0,1422.0,300,0.0,0.0
2024-08-28 14:00:00+09:00,1425.0,1425.0,1425.0,1425.0,100,0.0,0.0
2024-08-29 09:00:00+09:00,1425.0,1430.0,1425.0,1426.0,1400,0.0,0.0
2024-08-29 10:00:00+09:00,1427.0,1427.0,1425.0,1427.0,1400,0.0,0.0
2024-08-29 11:00:00+09:00,1426.0,1426.0,1426.0,1426.0,0,0.0,0.0
2024-08-29 12:00:00+09:00,1430.0,1430.0,1430.0,1430.0,3000,0.0,0.0
2024-08-29 13:00:00+09:00,1430.0,1430.0,1429.0,1429.0,200,0.0,0.0
2024-08-29 14:00:00+09:00,1429.0,1429.0,1426.0,1426.0,0,0.0,0.0
2024-08-30 09:00:00+09:00,1425.0,1425.0,1425.0,1425.0,400,0.0,0.0
2024-08-30 10:00:00+09:00,1428.0,1429.0,1428.0,1429.0,400,0.0,0.0
2024-08-30 11:00:00+09:00,1429.0,1429.0,1429.0,1429.0,0,0.0,0.0
2024-08-30 12:00:00+09:00,1428.0,1428.0,1428.0,1428.0,1200,0.0,0.0
2024-08-30 13:00:00+09:00,1428.0,1428.0,1428.0,1428.0,200,0.0,0.0
2024-08-30 14:00:00+09:00,1427.0,1429.0,1427.0,1429.0,200,0.0,0.0
2024-09-02 09:00:00+09:00,1435.0,1435.0,1431.0,1431.0,1700,0.0,0.0
2024-09-02 10:00:00+09:00,1434.0,1434.0,1434.0,1434.0,100,0.0,0.0
2024-09-02 11:00:00+09:00,1435.0,1435.0,1435.0,1435.0,0,0.0,0.0
2024-09-02 12:00:00+09:00,1435.0,1435.0,1435.0,1435.0,2300,0.0,0.0
2024-09-02 13:00:00+09:00,1434.0,1434.0,1434.0,1434.0,100,0.0,0.0
2024-09-02 14:00:00+09:00,1434.0,1434.0,1434.0,1434.0,100,0.0,0.0
2024-09-03 09:00:00+09:00,1434.0,1434.0,1434.0,1434.0,600,0.0,0.0
2024-09-03 10:00:00+09:00,1434.0,1435.0,1434.0,1434.0,600,0.0,0.0
2024-09-03 11:00:00+09:00,1435.0,1435.0,1435.0,1435.0,0,0.0,0.0
2024-09-03 12:00:00+09:00,1435.0,1435.0,1432.0,1432.0,1600,0.0,0.0
2024-09-03 13:00:00+09:00,1435.0,1435.0,1435.0,1435.0,100,0.0,0.0
2024-09-03 14:00:00+09:00,1435.0,1436.0,1435.0,1436.0,300,0.0,0.0
2024-09-04 09:00:00+09:00,1432.0,1436.0,1425.0,1425.0,2100,0.0,0.0
2024-09-04 11:00:00+09:00,1425.0,1425.0,1425.0,1425.0,0,0.0,0.0
2024-09-04 12:00:00+09:00,1428.0,1432.0,1427.0,1432.0,2800,0.0,0.0
2024-09-04 13:00:00+09:00,1432.0,1432.0,1432.0,1432.0,300,0.0,0.0
2024-09-04 14:00:00+09:00,1432.0,1435.0,1432.0,1435.0,400,0.0,0.0
2024-09-05 09:00:00+09:00,1436.0,1436.0,1433.0,1434.0,700,0.0,0.0
2024-09-05 10:00:00+09:00,1435.0,1435.0,1435.0,1435.0,100,0.0,0.0
2024-09-05 11:00:00+09:00,1435.0,1435.0,1435.0,1435.0,0,0.0,0.0
2024-09-05 12:00:00+09:00,1435.0,1436.0,1435.0,1435.0,1100,0.0,0.0
2024-09-05 13:00:00+09:00,1436.0,1436.0,1436.0,1436.0,100,0.0,0.0
2024-09-05 14:00:00+09:00,1436.0,1436.0,1436.0,1436.0,200,0.0,0.0
2024-09-06 09:00:00+09:00,1436.0,1436.0,1436.0,1436.0,300,0.0,0.0
2024-09-06 10:00:00+09:00,1436.0,1436.0,1432.0,1432.0,1100,0.0,0.0
2024-09-06 11:00:00+09:00,1435.0,1436.0,1435.0,1436.0,0,0.0,0.0
2024-09-06 12:00:00+09:00,1437.0,1437.0,1437.0,1437.0,2200,0.0,0.0
2024-09-06 13:00:00+09:00,1437.0,1437.0,1437.0,1437.0,300,0.0,0.0
2024-09-06 14:00:00+09:00,1437.0,1437.0,1437.0,1437.0,200,0.0,0.0
2024-09-09 09:00:00+09:00,1438.0,1438.0,1434.0,1437.0,1900,0.0,0.0
2024-09-09 10:00:00+09:00,1433.0,1438.0,1431.0,1438.0,600,0.0,0.0
2024-09-09 11:00:00+09:00,1438.0,1438.0,1438.0,1438.0,0,0.0,0.0
2024-09-09 12:00:00+09:00,1438.0,1438.0,1438.0,1438.0,2900,0.0,0.0
2024-09-09 13:00:00+09:00,1436.0,1436.0,1436.0,1436.0,100,0.0,0.0
2024-09-09 14:00:00+09:00,1437.0,1439.0,1437.0,1439.0,700,0.0,0.0
2024-09-10 09:00:00+09:00,1440.0,1440.0,1439.0,1439.0,2300,0.0,0.0
2024-09-10 11:00:00+09:00,1439.0,1439.0,1439.0,1439.0,0,0.0,0.0
2024-09-10 12:00:00+09:00,1439.0,1439.0,1438.0,1438.0,3000,0.0,0.0
2024-09-11 09:00:00+09:00,1436.0,1436.0,1435.0,1435.0,500,0.0,0.0
2024-09-11 10:00:00+09:00,1435.0,1435.0,1434.0,1434.0,900,0.0,0.0
2024-09-11 11:00:00+09:00,1433.0,1433.0,1433.0,1433.0,0,0.0,0.0
2024-09-11 12:00:00+09:00,1435.0,1438.0,1435.0,1438.0,1800,0.0,0.0
2024-09-11 13:00:00+09:00,1438.0,1438.0,1438.0,1438.0,100,0.0,0.0
2024-09-11 14:00:00+09:00,1435.0,1438.0,1434.0,1438.0,300,0.0,0.0
2024-09-12 09:00:00+09:00,1438.0,1438.0,1438.0,1438.0,700,0.0,0.0
2024-09-12 10:00:00+09:00,1435.0,1435.0,1435.0,1435.0,100,0.0,0.0
2024-09-12 11:00:00+09:00,1435.0,1435.0,1435.0,1435.0,0,0.0,0.0
2024-09-12 12:00:00+09:00,1436.0,1436.0,1436.0,1436.0,900,0.0,0.0
2024-09-12 13:00:00+09:00,1435.0,1438.0,1435.0,1438.0,500,0.0,0.0
2024-09-12 14:00:00+09:00,1437.0,1438.0,1437.0,1438.0,200,0.0,0.0
2024-09-13 09:00:00+09:00,1435.0,1436.0,1433.0,1436.0,600,0.0,0.0
2024-09-13 10:00:00+09:00,1436.0,1436.0,1433.0,1433.0,600,0.0,0.0
2024-09-13 11:00:00+09:00,1433.0,1433.0,1433.0,1433.0,0,0.0,0.0
2024-09-13 12:00:00+09:00,1437.0,1437.0,1437.0,1437.0,1400,0.0,0.0
2024-09-13 13:00:00+09:00,1437.0,1440.0,1437.0,1440.0,600,0.0,0.0
2024-09-13 14:00:00+09:00,1433.0,1433.0,1433.0,1433.0,300,0.0,0.0
2024-09-17 09:00:00+09:00,1433.0,1434.0,1433.0,1434.0,500,0.0,0.0
2024-09-17 10:00:00+09:00,1435.0,1435.0,1434.0,1434.0,300,0.0,0.0
2024-09-17 11:00:00+09:00,1435.0,1435.0,1435.0,1435.0,0,0.0,0.0
2024-09-17 12:00:00+09:00,1435.0,1435.0,1435.0,1435.0,1500,0.0,0.0
2024-09-17 13:00:00+09:00,1435.0,1435.0,1431.0,1431.0,2700,0.0,0.0
2024-09-17 14:00:00+09:00,1431.0,1431.0,1431.0,1431.0,100,0.0,0.0
2024-09-18 09:00:00+09:00,1430.0,1433.0,1430.0,1431.0,900,0.0,0.0
2024-09-18 11:00:00+09:00,1432.0,1432.0,1430.0,1430.0,0,0.0,0.0
2024-09-18 12:00:00+09:00,1432.0,1432.0,1430.0,1432.0,2900,0.0,0.0
2024-09-18 13:00:00+09:00,1430.0,1430.0,1430.0,1430.0,100,0.0,0.0
2024-09-18 14:00:00+09:00,1429.0,1431.0,1429.0,1431.0,300,0.0,0.0
2024-09-19 09:00:00+09:00,1430.0,1430.0,1429.0,1429.0,1100,0.0,0.0
2024-09-19 10:00:00+09:00,1429.0,1430.0,1429.0,1430.0,600,0.0,0.0
2024-09-19 11:00:00+09:00,1430.0,1430.0,1430.0,1430.0,0,0.0,0.0
2024-09-19 12:00:00+09:00,1432.0,1432.0,1432.0,1432.0,1900,0.0,0.0
2024-09-19 13:00:00+09:00,1433.0,1433.0,1432.0,1432.0,400,0.0,0.0
2024-09-19 14:00:00+09:00,1432.0,1432.0,1432.0,1432.0,100,0.0,0.0
2024-09-20 09:00:00+09:00,1430.0,1432.0,1430.0,1431.0,2000,0.0,0.0
2024-09-20 10:00:00+09:00,1432.0,1433.0,1432.0,1433.0,900,0.0,0.0
2024-09-20 11:00:00+09:00,1433.0,1433.0,1433.0,1433.0,0,0.0,0.0
2024-09-20 12:00:00+09:00,1433.0,1433.0,1433.0,1433.0,3500,0.0,0.0
2024-09-20 13:00:00+09:00,1434.0,1435.0,1434.0,1435.0,500,0.0,0.0
2024-09-20 14:00:00+09:00,1435.0,1435.0,1430.0,1434.0,1200,0.0,0.0
2024-09-24 09:00:00+09:00,1430.0,1432.0,1429.0,1432.0,4700,0.0,0.0
2024-09-24 10:00:00+09:00,1432.0,1432.0,1431.0,1432.0,300,0.0,0.0
2024-09-24 11:00:00+09:00,1431.0,1431.0,1430.0,1430.0,0,0.0,0.0
2024-09-24 12:00:00+09:00,1431.0,1431.0,1431.0,1431.0,5800,0.0,0.0
2024-09-24 13:00:00+09:00,1431.0,1432.0,1430.0,1432.0,700,0.0,0.0
2024-09-24 14:00:00+09:00,1430.0,1430.0,1429.0,1430.0,1400,0.0,0.0
2024-09-25 09:00:00+09:00,1430.0,1431.0,1430.0,1431.0,3900,0.0,0.0
2024-09-25 10:00:00+09:00,1431.0,1431.0,1431.0,1431.0,400,0.0,0.0
2024-09-25 11:00:00+09:00,1431.0,1432.0,1431.0,1432.0,0,0.0,0.0
2024-09-25 12:00:00+09:00,1432.0,1434.0,1431.0,1434.0,6400,0.0,0.0
2024-09-25 13:00:00+09:00,1434.0,1435.0,1430.0,1435.0,1500,0.0,0.0
2024-09-25 14:00:00+09:00,1431.0,1434.0,1430.0,1434.0,1100,0.0,0.0
2024-09-26 09:00:00+09:00,1432.0,1435.0,1430.0,1433.0,18500,0.0,0.0
2024-09-26 10:00:00+09:00,1434.0,1435.0,1434.0,1434.0,600,0.0,0.0
2024-09-26 11:00:00+09:00,1434.0,1435.0,1434.0,1434.0,0,0.0,0.0
2024-09-26 12:00:00+09:00,1434.0,1435.0,1434.0,1435.0,24100,0.0,0.0
2024-09-26 13:00:00+09:00,1435.0,1437.0,1435.0,1436.0,1800,0.0,0.0
2024-09-26 14:00:00+09:00,1435.0,1438.0,1435.0,1436.0,4100,0.0,0.0
2024-09-27 09:00:00+09:00,1425.0,1425.0,1415.0,1415.0,11500,0.0,0.0
2024-09-27 10:00:00+09:00,1418.0,1426.0,1413.0,1426.0,2900,0.0,0.0
2024-09-27 11:00:00+09:00,1426.0,1426.0,1425.0,1425.0,0,0.0,0.0
2024-09-27 12:00:00+09:00,1420.0,1420.0,1412.0,1414.0,15300,0.0,0.0
2024-09-27 13:00:00+09:00,1414.0,1417.0,1414.0,1417.0,500,0.0,0.0
2024-09-27 14:00:00+09:00,1418.0,1418.0,1416.0,1416.0,300,0.0,0.0
2024-09-30 09:00:00+09:00,1412.0,1417.0,1406.0,1409.0,3800,0.0,0.0
2024-09-30 10:00:00+09:00,1415.0,1419.0,1415.0,1416.0,1200,0.0,0.0
2024-09-30 11:00:00+09:00,1415.0,1415.0,1415.0,1415.0,0,0.0,0.0
2024-09-30 12:00:00+09:00,1415.0,1415.0,1414.0,1414.0,5500,0.0,0.0
2024-09-30 13:00:00+09:00,1414.0,1417.0,1410.0,1417.0,400,0.0,0.0
2024-09-30 14:00:00+09:00,1411.0,1417.0,1411.0,1417.0,300,0.0,0.0
2024-10-01 09:00:00+09:00,1412.0,1415.0,1412.0,1415.0,900,0.0,0.0
2024-10-01 10:00:00+09:00,1414.0,1414.0,1412.0,1412.0,300,0.0,0.0
2024-10-01 11:00:00+09:00,1412.0,1412.0,1412.0,1412.0,0,0.0,0.0
2024-10-01 12:00:00+09:00,1415.0,1416.0,1415.0,1416.0,1600,0.0,0.0
2024-10-01 13:00:00+09:00,1414.0,1414.0,1412.0,1412.0,700,0.0,0.0
2024-10-01 14:00:00+09:00,1412.0,1412.0,1412.0,1412.0,100,0.0,0.0
2024-10-02 09:00:00+09:00,1419.0,1419.0,1416.0,1416.0,1200,0.0,0.0
2024-10-02 10:00:00+09:00,1416.0,1417.0,1416.0,1417.0,200,0.0,0.0
2024-10-02 11:00:00+09:00,1416.0,1416.0,1416.0,1416.0,0,0.0,0.0
2024-10-02 12:00:00+09:00,1416.0,1416.0,1416.0,1416.0,1700,0.0,0.0
2024-10-02 14:00:00+09:00,1417.0,1417.0,1417.0,1417.0,100,0.0,0.0
2024-10-03 09:00:00+09:00,1420.0,1420.0,1417.0,1418.0,1300,0.0,0.0
2024-10-03 10:00:00+09:00,1417.0,1417.0,1411.0,1411.0,1000,0.0,0.0
2024-10-03 11:00:00+09:00,1411.0,1411.0,1411.0,1411.0,0,0.0,0.0
2024-10-03 12:00:00+09:00,1416.0,1416.0,1415.0,1415.0,3000,0.0,0.0
2024-10-03 14:00:00+09:00,1412.0,1412.0,1412.0,1412.0,500,0.0,0.0
2024-10-04 09:00:00+09:00,1413.0,1413.0,1412.0,1413.0,600,0.0,0.0
2024-10-04 10:00:00+09:00,1415.0,1417.0,1413.0,1413.0,0,0.0,0.0
2024-10-04 11:00:00+09:00,1413.0,1413.0,1413.0,1413.0,0,0.0,0.0
2024-10-04 12:00:00+09:00,1414.0,1414.0,1413.0,1413.0,2400,0.0,0.0
2024-10-04 13:00:00+09:00,1413.0,1413.0,1413.0,1413.0,100,0.0,0.0
2024-10-04 14:00:00+09:00,1414.0,1414.0,1411.0,1411.0,1700,0.0,0.0
