Datetime,Open,High,Low,Close,Volume,Dividends,Stock Splits
2022-10-06 09:00:00+09:00,2995.0,3020.0,2986.0,3015.0,25300,0.0,0.0
2022-10-06 10:00:00+09:00,3020.0,3030.0,3020.0,3030.0,7200,0.0,0.0
2022-10-06 11:00:00+09:00,3030.0,3035.0,3020.0,3030.0,0,0.0,0.0
2022-10-06 12:00:00+09:00,3040.0,3045.0,3035.0,3035.0,43400,0.0,0.0
2022-10-06 13:00:00+09:00,3035.0,3035.0,3030.0,3035.0,4800,0.0,0.0
2022-10-06 14:00:00+09:00,3040.0,3040.0,3015.0,3020.0,22400,0.0,0.0
2022-10-07 09:00:00+09:00,3015.0,3070.0,2997.0,3065.0,19300,0.0,0.0
2022-10-07 10:00:00+09:00,3065.0,3100.0,3065.0,3100.0,17700,0.0,0.0
2022-10-07 11:00:00+09:00,3100.0,3110.0,3090.0,3105.0,0,0.0,0.0
2022-10-07 12:00:00+09:00,3105.0,3105.0,3080.0,3095.0,76800,0.0,0.0
2022-10-07 13:00:00+09:00,3095.0,3120.0,3090.0,3095.0,27600,0.0,0.0
2022-10-07 14:00:00+09:00,3095.0,3100.0,3080.0,3095.0,19900,0.0,0.0
2022-10-11 09:00:00+09:00,3065.0,3105.0,3055.0,3070.0,27600,0.0,0.0
2022-10-11 10:00:00+09:00,3070.0,3070.0,3030.0,3040.0,13900,0.0,0.0
2022-10-11 11:00:00+09:00,3040.0,3040.0,3030.0,3030.0,0,0.0,0.0
2022-10-11 12:00:00+09:00,3030.0,3035.0,3020.0,3020.0,52800,0.0,0.0
2022-10-11 13:00:00+09:00,3020.0,3035.0,3015.0,3015.0,14300,0.0,0.0
2022-10-11 14:00:00+09:00,3010.0,3025.0,3010.0,3015.0,11300,0.0,0.0
2022-10-12 09:00:00+09:00,3010.0,3015.0,2978.0,3005.0,25200,0.0,0.0
2022-10-12 10:00:00+09:00,3005.0,3005.0,2982.0,2993.0,9800,0.0,0.0
2022-10-12 11:00:00+09:00,2989.0,2992.0,2984.0,2987.0,0,0.0,0.0
2022-10-12 12:00:00+09:00,2999.0,2999.0,2991.0,2995.0,40800,0.0,0.0
2022-10-12 13:00:00+09:00,2997.0,3015.0,2997.0,3000.0,9000,0.0,0.0
2022-10-12 14:00:00+09:00,3005.0,3015.0,3000.0,3005.0,12700,0.0,0.0
2022-10-13 09:00:00+09:00,2996.0,3010.0,2981.0,3010.0,13400,0.0,0.0
2022-10-13 10:00:00+09:00,3015.0,3020.0,3000.0,3010.0,10000,0.0,0.0
2022-10-13 11:00:00+09:00,3010.0,3015.0,3010.0,3015.0,0,0.0,0.0
2022-10-13 12:00:00+09:00,3015.0,3035.0,3010.0,3025.0,37800,0.0,0.0
2022-10-13 13:00:00+09:00,3020.0,3020.0,2989.0,3000.0,12200,0.0,0.0
2022-10-13 14:00:00+09:00,3000.0,3000.0,2981.0,2981.0,17200,0.0,0.0
2022-10-14 09:00:00+09:00,3035.0,3055.0,3015.0,3045.0,12900,0.0,0.0
2022-10-14 10:00:00+09:00,3040.0,3060.0,3040.0,3055.0,7000,0.0,0.0
2022-10-14 11:00:00+09:00,3055.0,3060.0,3055.0,3060.0,0,0.0,0.0
2022-10-14 12:00:00+09:00,3050.0,3065.0,3050.0,3060.0,26700,0.0,0.0
2022-10-14 13:00:00+09:00,3060.0,3065.0,3055.0,3055.0,3900,0.0,0.0
2022-10-14 14:00:00+09:00,3055.0,3060.0,3040.0,3045.0,8700,0.0,0.0
2022-10-17 09:00:00+09:00,3010.0,3015.0,2996.0,2996.0,12300,0.0,0.0
2022-10-17 10:00:00+09:00,2995.0,3015.0,2992.0,3005.0,12000,0.0,0.0
2022-10-17 11:00:00+09:00,3005.0,3005.0,2994.0,2998.0,0,0.0,0.0
2022-10-17 12:00:00+09:00,3000.0,3005.0,2997.0,2997.0,31700,0.0,0.0
2022-10-17 13:00:00+09:00,2998.0,3015.0,2995.0,3015.0,8000,0.0,0.0
2022-10-17 14:00:00+09:00,3010.0,3020.0,3005.0,3010.0,11800,0.0,0.0
2022-10-18 09:00:00+09:00,3075.0,3105.0,3065.0,3105.0,21200,0.0,0.0
2022-10-18 10:00:00+09:00,3105.0,3105.0,3090.0,3100.0,11200,0.0,0.0
2022-10-18 11:00:00+09:00,3100.0,3110.0,3100.0,3110.0,0,0.0,0.0
2022-10-18 12:00:00+09:00,3100.0,3115.0,3100.0,3115.0,56900,0.0,0.0
2022-10-18 13:00:00+09:00,3115.0,3120.0,3105.0,3120.0,8500,0.0,0.0
2022-10-18 14:00:00+09:00,3120.0,3125.0,3105.0,3105.0,17000,0.0,0.0
2022-10-19 09:00:00+09:00,3095.0,3100.0,3065.0,3090.0,0,0.0,0.0
2022-10-19 10:00:00+09:00,3080.0,3090.0,3075.0,3085.0,18200,0.0,0.0
2022-10-19 11:00:00+09:00,3085.0,3095.0,3085.0,3085.0,0,0.0,0.0
2022-10-19 12:00:00+09:00,3085.0,3105.0,3085.0,3100.0,26400,0.0,0.0
2022-10-19 13:00:00+09:00,3100.0,3110.0,3095.0,3100.0,4700,0.0,0.0
2022-10-19 14:00:00+09:00,3100.0,3105.0,3085.0,3095.0,9600,0.0,0.0
2022-10-20 09:00:00+09:00,3095.0,3095.0,3060.0,3060.0,9600,0.0,0.0
2022-10-20 10:00:00+09:00,3060.0,3075.0,3055.0,3075.0,4000,0.0,0.0
2022-10-20 11:00:00+09:00,3075.0,3075.0,3065.0,3070.0,0,0.0,0.0
2022-10-20 12:00:00+09:00,3060.0,3060.0,3055.0,3060.0,19200,0.0,0.0
2022-10-20 13:00:00+09:00,3055.0,3080.0,3030.0,3055.0,26600,0.0,0.0
2022-10-20 14:00:00+09:00,3055.0,3085.0,3055.0,3080.0,12900,0.0,0.0
2022-10-21 09:00:00+09:00,3080.0,3165.0,3080.0,3155.0,29000,0.0,0.0
2022-10-21 10:00:00+09:00,3155.0,3155.0,3135.0,3150.0,8500,0.0,0.0
2022-10-21 11:00:00+09:00,3145.0,3155.0,3140.0,3155.0,0,0.0,0.0
2022-10-21 12:00:00+09:00,3150.0,3150.0,3135.0,3135.0,47000,0.0,0.0
2022-10-21 13:00:00+09:00,3135.0,3135.0,3120.0,3120.0,5700,0.0,0.0
2022-10-21 14:00:00+09:00,3120.0,3120.0,3105.0,3105.0,9800,0.0,0.0
2022-10-24 09:00:00+09:00,3150.0,3165.0,3120.0,3145.0,32700,0.0,0.0
2022-10-24 10:00:00+09:00,3150.0,3150.0,3120.0,3130.0,13300,0.0,0.0
2022-10-24 11:00:00+09:00,3125.0,3140.0,3125.0,3140.0,0,0.0,0.0
2022-10-24 12:00:00+09:00,3120.0,3140.0,3120.0,3140.0,56800,0.0,0.0
2022-10-24 13:00:00+09:00,3140.0,3140.0,3130.0,3135.0,4200,0.0,0.0
2022-10-24 14:00:00+09:00,3135.0,3135.0,3115.0,3120.0,13500,0.0,0.0
2022-10-25 09:00:00+09:00,3155.0,3175.0,3140.0,3155.0,20300,0.0,0.0
2022-10-25 10:00:00+09:00,3160.0,3165.0,3150.0,3165.0,9500,0.0,0.0
2022-10-25 11:00:00+09:00,3165.0,3175.0,3165.0,3175.0,0,0.0,0.0
2022-10-25 12:00:00+09:00,3175.0,3190.0,3175.0,3185.0,41300,0.0,0.0
2022-10-25 13:00:00+09:00,3190.0,3190.0,3175.0,3175.0,7200,0.0,0.0
2022-10-25 14:00:00+09:00,3170.0,3175.0,3165.0,3170.0,11100,0.0,0.0
2022-10-26 09:00:00+09:00,3200.0,3220.0,3170.0,3175.0,24400,0.0,0.0
2022-10-26 10:00:00+09:00,3170.0,3175.0,3140.0,3150.0,29400,0.0,0.0
2022-10-26 11:00:00+09:00,3150.0,3150.0,3140.0,3150.0,0,0.0,0.0
2022-10-26 12:00:00+09:00,3140.0,3140.0,3120.0,3125.0,66800,0.0,0.0
2022-10-26 13:00:00+09:00,3125.0,3130.0,3120.0,3125.0,2800,0.0,0.0
2022-10-26 14:00:00+09:00,3120.0,3125.0,3090.0,3095.0,20200,0.0,0.0
2022-10-27 09:00:00+09:00,3100.0,3130.0,3100.0,3105.0,9200,0.0,0.0
2022-10-27 10:00:00+09:00,3105.0,3130.0,3105.0,3130.0,7600,0.0,0.0
2022-10-27 11:00:00+09:00,3130.0,3130.0,3130.0,3130.0,0,0.0,0.0
2022-10-27 12:00:00+09:00,3115.0,3115.0,3105.0,3110.0,22200,0.0,0.0
2022-10-27 13:00:00+09:00,3115.0,3125.0,3110.0,3110.0,5800,0.0,0.0
2022-10-27 14:00:00+09:00,3115.0,3115.0,3100.0,3105.0,8100,0.0,0.0
2022-10-28 09:00:00+09:00,3070.0,3095.0,3045.0,3070.0,20600,0.0,0.0
2022-10-28 10:00:00+09:00,3075.0,3110.0,3075.0,3100.0,10300,0.0,0.0
2022-10-28 11:00:00+09:00,3100.0,3105.0,3095.0,3100.0,0,0.0,0.0
2022-10-28 12:00:00+09:00,3110.0,3110.0,3095.0,3095.0,43600,0.0,0.0
2022-10-28 13:00:00+09:00,3095.0,3105.0,3085.0,3095.0,15300,0.0,0.0
2022-10-28 14:00:00+09:00,3090.0,3090.0,3065.0,3080.0,23300,0.0,0.0
2022-10-31 09:00:00+09:00,3120.0,3145.0,3110.0,3135.0,11600,0.0,0.0
2022-10-31 10:00:00+09:00,3140.0,3165.0,3130.0,3140.0,14200,0.0,0.0
2022-10-31 11:00:00+09:00,3150.0,3155.0,3150.0,3150.0,0,0.0,0.0
2022-10-31 12:00:00+09:00,3170.0,3185.0,3155.0,3185.0,40900,0.0,0.0
2022-10-31 13:00:00+09:00,3185.0,3195.0,3180.0,3180.0,9700,0.0,0.0
2022-10-31 14:00:00+09:00,3180.0,3190.0,3175.0,3185.0,22700,0.0,0.0
2022-11-01 09:00:00+09:00,3190.0,3215.0,3170.0,3180.0,0,0.0,0.0
2022-11-01 10:00:00+09:00,3185.0,3215.0,3180.0,3215.0,37200,0.0,0.0
2022-11-01 11:00:00+09:00,3215.0,3220.0,3215.0,3220.0,0,0.0,0.0
2022-11-01 12:00:00+09:00,3220.0,3225.0,3215.0,3220.0,46600,0.0,0.0
2022-11-01 13:00:00+09:00,3220.0,3225.0,3210.0,3220.0,4300,0.0,0.0
2022-11-01 14:00:00+09:00,3215.0,3220.0,3200.0,3205.0,9200,0.0,0.0
2022-11-02 09:00:00+09:00,3220.0,3245.0,3215.0,3240.0,16900,0.0,0.0
2022-11-02 10:00:00+09:00,3240.0,3255.0,3230.0,3255.0,17400,0.0,0.0
2022-11-02 11:00:00+09:00,3250.0,3260.0,3245.0,3255.0,0,0.0,0.0
2022-11-02 12:00:00+09:00,3260.0,3260.0,3235.0,3235.0,44900,0.0,0.0
2022-11-02 13:00:00+09:00,3235.0,3240.0,3230.0,3235.0,8300,0.0,0.0
2022-11-02 14:00:00+09:00,3235.0,3250.0,3220.0,3250.0,20900,0.0,0.0
2022-11-04 09:00:00+09:00,3180.0,3225.0,3180.0,3205.0,17100,0.0,0.0
2022-11-04 10:00:00+09:00,3205.0,3205.0,3190.0,3200.0,9700,0.0,0.0
2022-11-04 11:00:00+09:00,3200.0,3200.0,3160.0,3160.0,0,0.0,0.0
2022-11-04 12:00:00+09:00,3160.0,3180.0,3160.0,3170.0,51600,0.0,0.0
2022-11-04 13:00:00+09:00,3170.0,3180.0,3165.0,3175.0,12800,0.0,0.0
2022-11-04 14:00:00+09:00,3175.0,3185.0,3170.0,3180.0,19400,0.0,0.0
2022-11-07 09:00:00+09:00,3205.0,3210.0,2922.0,2979.0,207900,0.0,0.0
2022-11-07 10:00:00+09:00,2977.0,3005.0,2947.0,2993.0,67800,0.0,0.0
2022-11-07 11:00:00+09:00,2990.0,2998.0,2970.0,2976.0,0,0.0,0.0
2022-11-07 12:00:00+09:00,2992.0,3010.0,2990.0,3000.0,330800,0.0,0.0
2022-11-07 13:00:00+09:00,3000.0,3025.0,2981.0,3010.0,29700,0.0,0.0
2022-11-07 14:00:00+09:00,3010.0,3020.0,3005.0,3010.0,37200,0.0,0.0
2022-11-08 09:00:00+09:00,3010.0,3025.0,2992.0,3005.0,56600,0.0,0.0
2022-11-08 10:00:00+09:00,3005.0,3020.0,3000.0,3020.0,15600,0.0,0.0
2022-11-08 11:00:00+09:00,3015.0,3015.0,3000.0,3000.0,0,0.0,0.0
2022-11-08 12:00:00+09:00,3005.0,3015.0,3005.0,3005.0,94900,0.0,0.0
2022-11-08 13:00:00+09:00,3005.0,3010.0,2985.0,2988.0,25000,0.0,0.0
2022-11-08 14:00:00+09:00,2988.0,2994.0,2982.0,2990.0,25100,0.0,0.0
2022-11-09 09:00:00+09:00,3020.0,3045.0,3010.0,3020.0,30700,0.0,0.0
2022-11-09 10:00:00+09:00,3015.0,3015.0,3005.0,3010.0,4900,0.0,0.0
2022-11-09 11:00:00+09:00,3005.0,3020.0,3005.0,3020.0,0,0.0,0.0
2022-11-09 12:00:00+09:00,3020.0,3020.0,3005.0,3005.0,46500,0.0,0.0
2022-11-09 13:00:00+09:00,3005.0,3005.0,2997.0,3000.0,10900,0.0,0.0
2022-11-09 14:00:00+09:00,3005.0,3005.0,2993.0,2997.0,10200,0.0,0.0
2022-11-10 09:00:00+09:00,3020.0,3060.0,2995.0,3060.0,66400,0.0,0.0
2022-11-10 10:00:00+09:00,3060.0,3100.0,3060.0,3095.0,19800,0.0,0.0
2022-11-10 11:00:00+09:00,3090.0,3095.0,3090.0,3095.0,0,0.0,0.0
2022-11-10 12:00:00+09:00,3090.0,3105.0,3070.0,3070.0,106800,0.0,0.0
2022-11-10 13:00:00+09:00,3070.0,3090.0,3065.0,3085.0,16800,0.0,0.0
2022-11-10 14:00:00+09:00,3085.0,3100.0,3080.0,3095.0,21900,0.0,0.0
2022-11-11 09:00:00+09:00,3160.0,3160.0,3055.0,3070.0,30900,0.0,0.0
2022-11-11 10:00:00+09:00,3075.0,3085.0,3050.0,3060.0,12300,0.0,0.0
2022-11-11 11:00:00+09:00,3060.0,3075.0,3060.0,3070.0,0,0.0,0.0
2022-11-11 12:00:00+09:00,3055.0,3060.0,3040.0,3050.0,60700,0.0,0.0
2022-11-11 13:00:00+09:00,3045.0,3070.0,3045.0,3065.0,11300,0.0,0.0
2022-11-11 14:00:00+09:00,3070.0,3075.0,3060.0,3070.0,16500,0.0,0.0
2022-11-14 09:00:00+09:00,3040.0,3055.0,3000.0,3010.0,23300,0.0,0.0
2022-11-14 10:00:00+09:00,3015.0,3015.0,3000.0,3005.0,12100,0.0,0.0
2022-11-14 11:00:00+09:00,3005.0,3010.0,3000.0,3000.0,0,0.0,0.0
2022-11-14 12:00:00+09:00,3010.0,3015.0,2999.0,3005.0,47200,0.0,0.0
2022-11-14 13:00:00+09:00,3000.0,3010.0,2997.0,3000.0,12800,0.0,0.0
2022-11-14 14:00:00+09:00,3005.0,3005.0,2985.0,2985.0,27100,0.0,0.0
2022-11-15 09:00:00+09:00,2990.0,3010.0,2978.0,3005.0,27000,0.0,0.0
2022-11-15 10:00:00+09:00,3000.0,3025.0,3000.0,3020.0,11900,0.0,0.0
2022-11-15 11:00:00+09:00,3020.0,3030.0,3015.0,3020.0,0,0.0,0.0
2022-11-15 12:00:00+09:00,3030.0,3035.0,3020.0,3030.0,53800,0.0,0.0
2022-11-15 13:00:00+09:00,3020.0,3040.0,3020.0,3035.0,8500,0.0,0.0
2022-11-15 14:00:00+09:00,3035.0,3045.0,3010.0,3010.0,15900,0.0,0.0
2022-11-16 09:00:00+09:00,3015.0,3020.0,2995.0,3015.0,0,0.0,0.0
2022-11-16 10:00:00+09:00,3015.0,3025.0,3005.0,3025.0,34700,0.0,0.0
2022-11-16 11:00:00+09:00,3020.0,3030.0,3020.0,3030.0,0,0.0,0.0
2022-11-16 12:00:00+09:00,3025.0,3030.0,3020.0,3025.0,44100,0.0,0.0
2022-11-16 13:00:00+09:00,3025.0,3030.0,3015.0,3025.0,9200,0.0,0.0
2022-11-16 14:00:00+09:00,3025.0,3030.0,3015.0,3020.0,21500,0.0,0.0
2022-11-17 09:00:00+09:00,3030.0,3060.0,3020.0,3025.0,27300,0.0,0.0
2022-11-17 10:00:00+09:00,3025.0,3045.0,3025.0,3045.0,8800,0.0,0.0
2022-11-17 11:00:00+09:00,3050.0,3050.0,3030.0,3035.0,0,0.0,0.0
2022-11-17 12:00:00+09:00,3035.0,3050.0,3035.0,3050.0,49200,0.0,0.0
2022-11-17 13:00:00+09:00,3050.0,3055.0,3040.0,3045.0,11600,0.0,0.0
2022-11-17 14:00:00+09:00,3050.0,3055.0,3045.0,3050.0,12800,0.0,0.0
2022-11-18 09:00:00+09:00,3085.0,3110.0,3060.0,3105.0,24700,0.0,0.0
2022-11-18 10:00:00+09:00,3105.0,3120.0,3100.0,3120.0,10900,0.0,0.0
2022-11-18 11:00:00+09:00,3120.0,3125.0,3120.0,3120.0,0,0.0,0.0
2022-11-18 12:00:00+09:00,3110.0,3110.0,3100.0,3105.0,42400,0.0,0.0
2022-11-18 13:00:00+09:00,3100.0,3100.0,3090.0,3095.0,4800,0.0,0.0
2022-11-18 14:00:00+09:00,3095.0,3095.0,3085.0,3095.0,7500,0.0,0.0
2022-11-21 09:00:00+09:00,3160.0,3175.0,3130.0,3135.0,18900,0.0,0.0
2022-11-21 10:00:00+09:00,3135.0,3150.0,3125.0,3125.0,8300,0.0,0.0
2022-11-21 11:00:00+09:00,3125.0,3140.0,3125.0,3140.0,0,0.0,0.0
2022-11-21 12:00:00+09:00,3140.0,3155.0,3135.0,3155.0,32600,0.0,0.0
2022-11-21 13:00:00+09:00,3160.0,3160.0,3140.0,3150.0,8500,0.0,0.0
2022-11-21 14:00:00+09:00,3155.0,3160.0,3150.0,3160.0,7400,0.0,0.0
2022-11-22 09:00:00+09:00,3155.0,3210.0,3155.0,3195.0,47600,0.0,0.0
2022-11-22 10:00:00+09:00,3200.0,3215.0,3190.0,3210.0,0,0.0,0.0
2022-11-22 11:00:00+09:00,3210.0,3210.0,3195.0,3195.0,0,0.0,0.0
2022-11-22 12:00:00+09:00,3205.0,3210.0,3200.0,3210.0,83600,0.0,0.0
2022-11-22 13:00:00+09:00,3205.0,3225.0,3205.0,3220.0,16200,0.0,0.0
2022-11-22 14:00:00+09:00,3225.0,3230.0,3220.0,3230.0,17700,0.0,0.0
2022-11-24 09:00:00+09:00,3255.0,3275.0,3245.0,3260.0,48500,0.0,0.0
2022-11-24 10:00:00+09:00,3265.0,3270.0,3265.0,3270.0,10000,0.0,0.0
2022-11-24 11:00:00+09:00,3270.0,3280.0,3270.0,3280.0,0,0.0,0.0
2022-11-24 12:00:00+09:00,3280.0,3290.0,3280.0,3290.0,67600,0.0,0.0
2022-11-24 13:00:00+09:00,3290.0,3305.0,3290.0,3295.0,19700,0.0,0.0
2022-11-24 14:00:00+09:00,3290.0,3305.0,3285.0,3300.0,11700,0.0,0.0
2022-11-25 09:00:00+09:00,3320.0,3325.0,3290.0,3315.0,16000,0.0,0.0
2022-11-25 10:00:00+09:00,3320.0,3320.0,3305.0,3310.0,4900,0.0,0.0
2022-11-25 11:00:00+09:00,3305.0,3305.0,3295.0,3295.0,0,0.0,0.0
2022-11-25 12:00:00+09:00,3290.0,3295.0,3280.0,3290.0,30600,0.0,0.0
2022-11-25 13:00:00+09:00,3290.0,3290.0,3285.0,3285.0,3200,0.0,0.0
2022-11-25 14:00:00+09:00,3280.0,3285.0,3275.0,3280.0,4900,0.0,0.0
2022-11-28 09:00:00+09:00,3270.0,3285.0,3250.0,3270.0,19000,0.0,0.0
2022-11-28 10:00:00+09:00,3270.0,3275.0,3255.0,3260.0,4200,0.0,0.0
2022-11-28 11:00:00+09:00,3260.0,3260.0,3250.0,3250.0,0,0.0,0.0
2022-11-28 12:00:00+09:00,3250.0,3265.0,3250.0,3265.0,28200,0.0,0.0
2022-11-28 13:00:00+09:00,3265.0,3265.0,3255.0,3255.0,2400,0.0,0.0
2022-11-28 14:00:00+09:00,3255.0,3265.0,3250.0,3260.0,7600,0.0,0.0
2022-11-29 09:00:00+09:00,3270.0,3270.0,3220.0,3245.0,22700,0.0,0.0
2022-11-29 10:00:00+09:00,3245.0,3260.0,3245.0,3260.0,0,0.0,0.0
2022-11-29 11:00:00+09:00,3260.0,3260.0,3245.0,3245.0,0,0.0,0.0
2022-11-29 12:00:00+09:00,3235.0,3240.0,3225.0,3225.0,40100,0.0,0.0
2022-11-29 13:00:00+09:00,3225.0,3230.0,3215.0,3230.0,4300,0.0,0.0
2022-11-29 14:00:00+09:00,3235.0,3240.0,3215.0,3220.0,7700,0.0,0.0
2022-11-30 09:00:00+09:00,3210.0,3245.0,3205.0,3240.0,11300,0.0,0.0
2022-11-30 10:00:00+09:00,3240.0,3255.0,3230.0,3240.0,8400,0.0,0.0
2022-11-30 11:00:00+09:00,3240.0,3240.0,3235.0,3235.0,0,0.0,0.0
2022-11-30 12:00:00+09:00,3230.0,3240.0,3230.0,3230.0,23800,0.0,0.0
2022-11-30 13:00:00+09:00,3230.0,3240.0,3230.0,3235.0,4400,0.0,0.0
2022-11-30 14:00:00+09:00,3235.0,3270.0,3235.0,3265.0,25700,0.0,0.0
2022-12-01 09:00:00+09:00,3295.0,3315.0,3280.0,3295.0,37300,0.0,0.0
2022-12-01 10:00:00+09:00,3295.0,3295.0,3285.0,3290.0,5400,0.0,0.0
2022-12-01 11:00:00+09:00,3290.0,3305.0,3290.0,3300.0,0,0.0,0.0
2022-12-01 12:00:00+09:00,3290.0,3295.0,3280.0,3295.0,54300,0.0,0.0
2022-12-01 13:00:00+09:00,3290.0,3300.0,3290.0,3295.0,4600,0.0,0.0
2022-12-01 14:00:00+09:00,3290.0,3300.0,3285.0,3290.0,17900,0.0,0.0
2022-12-02 09:00:00+09:00,3270.0,3275.0,3195.0,3210.0,0,0.0,0.0
2022-12-02 10:00:00+09:00,3210.0,3225.0,3200.0,3200.0,54900,0.0,0.0
2022-12-02 11:00:00+09:00,3200.0,3220.0,3200.0,3215.0,0,0.0,0.0
2022-12-02 12:00:00+09:00,3240.0,3240.0,3235.0,3235.0,64600,0.0,0.0
2022-12-02 13:00:00+09:00,3240.0,3270.0,3240.0,3265.0,12900,0.0,0.0
2022-12-02 14:00:00+09:00,3260.0,3260.0,3235.0,3235.0,21600,0.0,0.0
2022-12-05 09:00:00+09:00,3215.0,3215.0,3170.0,3215.0,20300,0.0,0.0
2022-12-05 10:00:00+09:00,3220.0,3225.0,3200.0,3205.0,7900,0.0,0.0
2022-12-05 11:00:00+09:00,3205.0,3215.0,3200.0,3200.0,0,0.0,0.0
2022-12-05 12:00:00+09:00,3195.0,3205.0,3190.0,3205.0,41200,0.0,0.0
2022-12-05 13:00:00+09:00,3205.0,3230.0,3200.0,3225.0,8600,0.0,0.0
2022-12-05 14:00:00+09:00,3220.0,3235.0,3210.0,3235.0,12100,0.0,0.0
2022-12-06 09:00:00+09:00,3200.0,3215.0,3190.0,3200.0,10100,0.0,0.0
2022-12-06 10:00:00+09:00,3200.0,3210.0,3195.0,3195.0,3700,0.0,0.0
2022-12-06 11:00:00+09:00,3195.0,3200.0,3195.0,3195.0,0,0.0,0.0
2022-12-06 12:00:00+09:00,3195.0,3195.0,3190.0,3190.0,17900,0.0,0.0
2022-12-06 13:00:00+09:00,3190.0,3190.0,3175.0,3180.0,3300,0.0,0.0
2022-12-06 14:00:00+09:00,3175.0,3180.0,3165.0,3165.0,8800,0.0,0.0
2022-12-07 09:00:00+09:00,3170.0,3225.0,3170.0,3215.0,14600,0.0,0.0
2022-12-07 10:00:00+09:00,3220.0,3245.0,3215.0,3245.0,6500,0.0,0.0
2022-12-07 11:00:00+09:00,3240.0,3255.0,3240.0,3255.0,0,0.0,0.0
2022-12-07 12:00:00+09:00,3255.0,3255.0,3240.0,3240.0,30900,0.0,0.0
2022-12-07 13:00:00+09:00,3240.0,3245.0,3230.0,3240.0,5400,0.0,0.0
2022-12-07 14:00:00+09:00,3240.0,3240.0,3225.0,3225.0,6300,0.0,0.0
2022-12-08 09:00:00+09:00,3210.0,3210.0,3135.0,3140.0,18000,0.0,0.0
2022-12-08 10:00:00+09:00,3140.0,3150.0,3135.0,3135.0,8300,0.0,0.0
2022-12-08 11:00:00+09:00,3130.0,3135.0,3125.0,3125.0,0,0.0,0.0
2022-12-08 12:00:00+09:00,3135.0,3135.0,3125.0,3125.0,37000,0.0,0.0
2022-12-08 13:00:00+09:00,3125.0,3130.0,3120.0,3120.0,4500,0.0,0.0
2022-12-08 14:00:00+09:00,3120.0,3125.0,3110.0,3125.0,20700,0.0,0.0
2022-12-09 09:00:00+09:00,3145.0,3160.0,3140.0,3160.0,12700,0.0,0.0
2022-12-09 10:00:00+09:00,3155.0,3155.0,3140.0,3140.0,2700,0.0,0.0
2022-12-09 11:00:00+09:00,3145.0,3145.0,3140.0,3145.0,0,0.0,0.0
2022-12-09 12:00:00+09:00,3155.0,3155.0,3140.0,3155.0,18800,0.0,0.0
2022-12-09 13:00:00+09:00,3155.0,3160.0,3150.0,3160.0,3200,0.0,0.0
2022-12-09 14:00:00+09:00,3155.0,3165.0,3155.0,3160.0,4100,0.0,0.0
2022-12-12 09:00:00+09:00,3130.0,3130.0,3100.0,3120.0,17400,0.0,0.0
2022-12-12 10:00:00+09:00,3120.0,3130.0,3115.0,3130.0,5700,0.0,0.0
2022-12-12 11:00:00+09:00,3130.0,3135.0,3130.0,3135.0,0,0.0,0.0
2022-12-12 12:00:00+09:00,3135.0,3140.0,3135.0,3135.0,27900,0.0,0.0
2022-12-12 13:00:00+09:00,3135.0,3135.0,3130.0,3135.0,3700,0.0,0.0
2022-12-12 14:00:00+09:00,3135.0,3145.0,3135.0,3140.0,6900,0.0,0.0
2022-12-13 09:00:00+09:00,3195.0,3220.0,3170.0,3190.0,16000,0.0,0.0
2022-12-13 10:00:00+09:00,3195.0,3230.0,3195.0,3215.0,11000,0.0,0.0
2022-12-13 11:00:00+09:00,3215.0,3230.0,3215.0,3230.0,0,0.0,0.0
2022-12-13 12:00:00+09:00,3230.0,3255.0,3230.0,3255.0,38500,0.0,0.0
2022-12-13 13:00:00+09:00,3250.0,3250.0,3220.0,3235.0,15500,0.0,0.0
2022-12-13 14:00:00+09:00,3240.0,3255.0,3240.0,3245.0,14400,0.0,0.0
2022-12-14 09:00:00+09:00,3240.0,3240.0,3215.0,3215.0,13500,0.0,0.0
2022-12-14 10:00:00+09:00,3215.0,3250.0,3215.0,3240.0,11500,0.0,0.0
2022-12-14 11:00:00+09:00,3240.0,3245.0,3235.0,3245.0,0,0.0,0.0
2022-12-14 12:00:00+09:00,3240.0,3245.0,3235.0,3240.0,31600,0.0,0.0
2022-12-14 13:00:00+09:00,3245.0,3250.0,3225.0,3225.0,5400,0.0,0.0
2022-12-14 14:00:00+09:00,3225.0,3230.0,3210.0,3215.0,8200,0.0,0.0
2022-12-15 09:00:00+09:00,3195.0,3240.0,3180.0,3240.0,12100,0.0,0.0
2022-12-15 10:00:00+09:00,3240.0,3240.0,3210.0,3215.0,8100,0.0,0.0
2022-12-15 11:00:00+09:00,3220.0,3230.0,3220.0,3225.0,0,0.0,0.0
2022-12-15 12:00:00+09:00,3210.0,3230.0,3210.0,3225.0,27800,0.0,0.0
2022-12-15 13:00:00+09:00,3225.0,3225.0,3215.0,3220.0,3300,0.0,0.0
2022-12-15 14:00:00+09:00,3215.0,3220.0,3205.0,3215.0,12300,0.0,0.0
2022-12-16 09:00:00+09:00,3190.0,3205.0,3160.0,3200.0,24200,0.0,0.0
2022-12-16 10:00:00+09:00,3200.0,3205.0,3185.0,3185.0,10000,0.0,0.0
2022-12-16 11:00:00+09:00,3185.0,3195.0,3185.0,3190.0,0,0.0,0.0
2022-12-16 12:00:00+09:00,3180.0,3190.0,3180.0,3185.0,43300,0.0,0.0
2022-12-16 13:00:00+09:00,3185.0,3185.0,3165.0,3165.0,10200,0.0,0.0
2022-12-16 14:00:00+09:00,3165.0,3185.0,3155.0,3185.0,22400,0.0,0.0
2022-12-19 09:00:00+09:00,3165.0,3190.0,3160.0,3175.0,20200,0.0,0.0
2022-12-19 10:00:00+09:00,3185.0,3195.0,3185.0,3195.0,5300,0.0,0.0
2022-12-19 11:00:00+09:00,3190.0,3205.0,3190.0,3205.0,0,0.0,0.0
2022-12-19 12:00:00+09:00,3200.0,3200.0,3190.0,3195.0,33400,0.0,0.0
2022-12-19 13:00:00+09:00,3195.0,3195.0,3175.0,3180.0,6200,0.0,0.0
2022-12-19 14:00:00+09:00,3175.0,3180.0,3165.0,3175.0,11900,0.0,0.0
2022-12-20 09:00:00+09:00,3195.0,3205.0,3180.0,3200.0,0,0.0,0.0
2022-12-20 10:00:00+09:00,3200.0,3210.0,3190.0,3195.0,26500,0.0,0.0
2022-12-20 11:00:00+09:00,3195.0,3195.0,3195.0,3195.0,0,0.0,0.0
2022-12-20 12:00:00+09:00,3145.0,3150.0,3100.0,3100.0,60900,0.0,0.0
2022-12-20 13:00:00+09:00,3095.0,3095.0,3060.0,3080.0,20100,0.0,0.0
2022-12-20 14:00:00+09:00,3075.0,3090.0,3060.0,3085.0,25900,0.0,0.0
2022-12-21 09:00:00+09:00,3050.0,3075.0,2949.0,2962.0,61200,0.0,0.0
2022-12-21 10:00:00+09:00,2960.0,3025.0,2960.0,3015.0,28100,0.0,0.0
2022-12-21 11:00:00+09:00,3020.0,3020.0,3000.0,3000.0,0,0.0,0.0
2022-12-21 12:00:00+09:00,3000.0,3005.0,2959.0,2961.0,114000,0.0,0.0
2022-12-21 13:00:00+09:00,2961.0,2964.0,2944.0,2956.0,19300,0.0,0.0
2022-12-21 14:00:00+09:00,2955.0,2971.0,2955.0,2957.0,18800,0.0,0.0
2022-12-22 09:00:00+09:00,2995.0,3015.0,2986.0,3010.0,0,0.0,0.0
2022-12-22 10:00:00+09:00,3005.0,3005.0,2969.0,2971.0,54100,0.0,0.0
2022-12-22 11:00:00+09:00,2972.0,2983.0,2972.0,2979.0,0,0.0,0.0
2022-12-22 12:00:00+09:00,2978.0,2978.0,2955.0,2966.0,81600,0.0,0.0
2022-12-22 13:00:00+09:00,2970.0,2988.0,2970.0,2988.0,8400,0.0,0.0
2022-12-22 14:00:00+09:00,2989.0,2997.0,2980.0,2997.0,17400,0.0,0.0
2022-12-23 09:00:00+09:00,2969.0,2969.0,2894.0,2897.0,39000,0.0,0.0
2022-12-23 10:00:00+09:00,2897.0,2913.0,2893.0,2904.0,14100,0.0,0.0
2022-12-23 11:00:00+09:00,2905.0,2909.0,2903.0,2903.0,0,0.0,0.0
2022-12-23 12:00:00+09:00,2901.0,2919.0,2899.0,2914.0,65500,0.0,0.0
2022-12-23 13:00:00+09:00,2912.0,2913.0,2904.0,2909.0,9100,0.0,0.0
2022-12-23 14:00:00+09:00,2908.0,2908.0,2899.0,2903.0,20000,0.0,0.0
2022-12-26 09:00:00+09:00,2912.0,2930.0,2898.0,2900.0,18700,0.0,0.0
2022-12-26 10:00:00+09:00,2900.0,2912.0,2889.0,2910.0,13100,0.0,0.0
2022-12-26 11:00:00+09:00,2912.0,2924.0,2912.0,2923.0,0,0.0,0.0
2022-12-26 12:00:00+09:00,2930.0,2940.0,2925.0,2935.0,41300,0.0,0.0
2022-12-26 13:00:00+09:00,2935.0,2940.0,2930.0,2939.0,5000,0.0,0.0
2022-12-26 14:00:00+09:00,2938.0,2942.0,2921.0,2929.0,24200,0.0,0.0
2022-12-27 09:00:00+09:00,2972.0,2988.0,2955.0,2955.0,20000,0.0,0.0
2022-12-27 10:00:00+09:00,2958.0,2981.0,2958.0,2972.0,9900,0.0,0.0
2022-12-27 11:00:00+09:00,2967.0,2967.0,2959.0,2963.0,0,0.0,0.0
2022-12-27 12:00:00+09:00,2968.0,2968.0,2952.0,2952.0,38800,0.0,0.0
2022-12-27 13:00:00+09:00,2955.0,2955.0,2943.0,2943.0,13600,0.0,0.0
2022-12-27 14:00:00+09:00,2944.0,2973.0,2941.0,2973.0,14700,0.0,0.0
2022-12-28 09:00:00+09:00,2956.0,2956.0,2908.0,2910.0,22200,0.0,0.0
2022-12-28 10:00:00+09:00,2909.0,2920.0,2904.0,2910.0,7900,0.0,0.0
2022-12-28 11:00:00+09:00,2910.0,2915.0,2909.0,2913.0,0,0.0,0.0
2022-12-28 12:00:00+09:00,2913.0,2913.0,2907.0,2908.0,34600,0.0,0.0
2022-12-28 13:00:00+09:00,2910.0,2918.0,2905.0,2918.0,5700,0.0,0.0
2022-12-28 14:00:00+09:00,2916.0,2921.0,2909.0,2918.0,12400,0.0,0.0
2022-12-29 09:00:00+09:00,2872.0,2873.0,2825.0,2855.0,32400,0.0,0.0
2022-12-29 10:00:00+09:00,2859.0,2869.0,2855.0,2855.0,8200,0.0,0.0
2022-12-29 11:00:00+09:00,2855.0,2864.0,2849.0,2864.0,0,0.0,0.0
2022-12-29 12:00:00+09:00,2866.0,2898.0,2866.0,2898.0,56000,0.0,0.0
2022-12-29 13:00:00+09:00,2899.0,2908.0,2899.0,2907.0,5000,0.0,0.0
2022-12-29 14:00:00+09:00,2905.0,2917.0,2902.0,2912.0,13000,0.0,0.0
2022-12-30 09:00:00+09:00,2935.0,2950.0,2925.0,2925.0,14400,0.0,0.0
2022-12-30 10:00:00+09:00,2927.0,2937.0,2920.0,2932.0,5200,0.0,0.0
2022-12-30 11:00:00+09:00,2929.0,2936.0,2929.0,2934.0,0,0.0,0.0
2022-12-30 12:00:00+09:00,2934.0,2947.0,2933.0,2942.0,24500,0.0,0.0
2022-12-30 13:00:00+09:00,2942.0,2955.0,2941.0,2951.0,8200,0.0,0.0
2022-12-30 14:00:00+09:00,2950.0,2951.0,2920.0,2924.0,16200,0.0,0.0
2023-01-04 09:00:00+09:00,2920.0,2920.0,2831.0,2852.0,18500,0.0,0.0
2023-01-04 10:00:00+09:00,2853.0,2855.0,2810.0,2814.0,33500,0.0,0.0
2023-01-04 11:00:00+09:00,2814.0,2817.0,2811.0,2813.0,0,0.0,0.0
2023-01-04 12:00:00+09:00,2812.0,2812.0,2801.0,2804.0,70600,0.0,0.0
2023-01-04 13:00:00+09:00,2805.0,2808.0,2794.0,2796.0,15200,0.0,0.0
2023-01-04 14:00:00+09:00,2797.0,2798.0,2789.0,2789.0,20400,0.0,0.0
2023-01-05 09:00:00+09:00,2797.0,2818.0,2790.0,2805.0,20900,0.0,0.0
2023-01-05 10:00:00+09:00,2802.0,2830.0,2801.0,2812.0,16000,0.0,0.0
2023-01-05 11:00:00+09:00,2810.0,2815.0,2801.0,2815.0,0,0.0,0.0
2023-01-05 12:00:00+09:00,2820.0,2828.0,2814.0,2820.0,53600,0.0,0.0
2023-01-05 13:00:00+09:00,2821.0,2822.0,2813.0,2821.0,6900,0.0,0.0
2023-01-05 14:00:00+09:00,2822.0,2826.0,2813.0,2813.0,8900,0.0,0.0
2023-01-06 09:00:00+09:00,2780.0,2804.0,2766.0,2768.0,0,0.0,0.0
2023-01-06 10:00:00+09:00,2769.0,2791.0,2766.0,2790.0,32200,0.0,0.0
2023-01-06 11:00:00+09:00,2792.0,2799.0,2786.0,2792.0,0,0.0,0.0
2023-01-06 12:00:00+09:00,2790.0,2805.0,2790.0,2796.0,51200,0.0,0.0
2023-01-06 13:00:00+09:00,2796.0,2803.0,2793.0,2803.0,10400,0.0,0.0
2023-01-06 14:00:00+09:00,2803.0,2812.0,2796.0,2812.0,19000,0.0,0.0
2023-01-10 09:00:00+09:00,2837.0,2849.0,2808.0,2817.0,40200,0.0,0.0
2023-01-10 10:00:00+09:00,2819.0,2819.0,2807.0,2819.0,12000,0.0,0.0
2023-01-10 11:00:00+09:00,2819.0,2821.0,2817.0,2817.0,0,0.0,0.0
2023-01-10 12:00:00+09:00,2810.0,2813.0,2803.0,2811.0,65600,0.0,0.0
2023-01-10 13:00:00+09:00,2811.0,2816.0,2796.0,2800.0,18100,0.0,0.0
2023-01-10 14:00:00+09:00,2801.0,2806.0,2797.0,2801.0,14300,0.0,0.0
2023-01-11 09:00:00+09:00,2850.0,2890.0,2835.0,2886.0,26400,0.0,0.0
2023-01-11 10:00:00+09:00,2890.0,2899.0,2888.0,2892.0,10600,0.0,0.0
2023-01-11 11:00:00+09:00,2894.0,2904.0,2894.0,2903.0,0,0.0,0.0
2023-01-11 12:00:00+09:00,2908.0,2918.0,2907.0,2918.0,51900,0.0,0.0
2023-01-11 13:00:00+09:00,2917.0,2918.0,2907.0,2917.0,11700,0.0,0.0
2023-01-11 14:00:00+09:00,2916.0,2921.0,2912.0,2914.0,12600,0.0,0.0
2023-01-12 09:00:00+09:00,2923.0,2959.0,2912.0,2947.0,18600,0.0,0.0
2023-01-12 10:00:00+09:00,2948.0,2963.0,2945.0,2951.0,8600,0.0,0.0
2023-01-12 11:00:00+09:00,2948.0,2948.0,2944.0,2946.0,0,0.0,0.0
2023-01-12 12:00:00+09:00,2946.0,2951.0,2945.0,2950.0,34000,0.0,0.0
2023-01-12 13:00:00+09:00,2950.0,2950.0,2934.0,2936.0,9000,0.0,0.0
2023-01-12 14:00:00+09:00,2934.0,2939.0,2928.0,2928.0,12600,0.0,0.0
2023-01-13 09:00:00+09:00,2910.0,2967.0,2910.0,2963.0,16400,0.0,0.0
2023-01-13 10:00:00+09:00,2960.0,2960.0,2924.0,2943.0,13700,0.0,0.0
2023-01-13 11:00:00+09:00,2942.0,2945.0,2939.0,2941.0,0,0.0,0.0
2023-01-13 12:00:00+09:00,2938.0,2938.0,2925.0,2932.0,38000,0.0,0.0
2023-01-13 13:00:00+09:00,2923.0,2927.0,2917.0,2917.0,4500,0.0,0.0
2023-01-13 14:00:00+09:00,2918.0,2918.0,2905.0,2916.0,16900,0.0,0.0
2023-01-16 09:00:00+09:00,2901.0,2941.0,2874.0,2922.0,27100,0.0,0.0
2023-01-16 10:00:00+09:00,2925.0,2929.0,2904.0,2915.0,15100,0.0,0.0
2023-01-16 11:00:00+09:00,2911.0,2911.0,2903.0,2904.0,0,0.0,0.0
2023-01-16 12:00:00+09:00,2910.0,2910.0,2895.0,2897.0,48400,0.0,0.0
2023-01-16 13:00:00+09:00,2898.0,2903.0,2895.0,2900.0,5000,0.0,0.0
2023-01-16 14:00:00+09:00,2899.0,2905.0,2896.0,2905.0,11500,0.0,0.0
2023-01-17 09:00:00+09:00,2910.0,2920.0,2907.0,2908.0,15500,0.0,0.0
2023-01-17 10:00:00+09:00,2912.0,2926.0,2912.0,2919.0,2800,0.0,0.0
2023-01-17 11:00:00+09:00,2923.0,2928.0,2917.0,2917.0,0,0.0,0.0
2023-01-17 12:00:00+09:00,2914.0,2931.0,2914.0,2931.0,22000,0.0,0.0
2023-01-17 13:00:00+09:00,2932.0,2932.0,2926.0,2927.0,1900,0.0,0.0
2023-01-17 14:00:00+09:00,2928.0,2929.0,2915.0,2918.0,15800,0.0,0.0
2023-01-18 09:00:00+09:00,2939.0,2959.0,2938.0,2938.0,13900,0.0,0.0
2023-01-18 10:00:00+09:00,2938.0,2957.0,2938.0,2942.0,6000,0.0,0.0
2023-01-18 11:00:00+09:00,2944.0,2944.0,2939.0,2941.0,0,0.0,0.0
2023-01-18 12:00:00+09:00,2979.0,2997.0,2960.0,2972.0,39700,0.0,0.0
2023-01-18 13:00:00+09:00,2972.0,2987.0,2961.0,2980.0,17500,0.0,0.0
2023-01-18 14:00:00+09:00,2981.0,2987.0,2967.0,2976.0,15800,0.0,0.0
2023-01-19 09:00:00+09:00,2973.0,2973.0,2914.0,2916.0,34400,0.0,0.0
2023-01-19 10:00:00+09:00,2918.0,2933.0,2918.0,2931.0,10000,0.0,0.0
2023-01-19 11:00:00+09:00,2933.0,2933.0,2926.0,2928.0,0,0.0,0.0
2023-01-19 12:00:00+09:00,2928.0,2939.0,2927.0,2934.0,54500,0.0,0.0
2023-01-19 13:00:00+09:00,2934.0,2943.0,2929.0,2941.0,6400,0.0,0.0
2023-01-19 14:00:00+09:00,2940.0,2944.0,2933.0,2933.0,8200,0.0,0.0
2023-01-20 09:00:00+09:00,2935.0,2944.0,2925.0,2937.0,5000,0.0,0.0
2023-01-20 10:00:00+09:00,2941.0,2956.0,2940.0,2951.0,5200,0.0,0.0
2023-01-20 11:00:00+09:00,2950.0,2950.0,2940.0,2941.0,0,0.0,0.0
2023-01-20 12:00:00+09:00,2942.0,2947.0,2942.0,2945.0,14000,0.0,0.0
2023-01-20 13:00:00+09:00,2945.0,2947.0,2941.0,2944.0,2300,0.0,0.0
2023-01-20 14:00:00+09:00,2947.0,2952.0,2945.0,2947.0,7500,0.0,0.0
2023-01-23 09:00:00+09:00,2985.0,3005.0,2972.0,3000.0,32600,0.0,0.0
2023-01-23 10:00:00+09:00,3000.0,3025.0,2999.0,3015.0,14300,0.0,0.0
2023-01-23 11:00:00+09:00,3010.0,3010.0,3005.0,3005.0,0,0.0,0.0
2023-01-23 12:00:00+09:00,3005.0,3015.0,3005.0,3015.0,50400,0.0,0.0
2023-01-23 13:00:00+09:00,3015.0,3015.0,3005.0,3015.0,5900,0.0,0.0
2023-01-23 14:00:00+09:00,3015.0,3030.0,3010.0,3020.0,18300,0.0,0.0
2023-01-24 09:00:00+09:00,3095.0,3095.0,3070.0,3090.0,32700,0.0,0.0
2023-01-24 10:00:00+09:00,3085.0,3100.0,3080.0,3100.0,18800,0.0,0.0
2023-01-24 11:00:00+09:00,3100.0,3105.0,3100.0,3105.0,0,0.0,0.0
2023-01-24 12:00:00+09:00,3100.0,3110.0,3095.0,3100.0,62800,0.0,0.0
2023-01-24 13:00:00+09:00,3100.0,3105.0,3095.0,3100.0,8000,0.0,0.0
2023-01-24 14:00:00+09:00,3100.0,3115.0,3095.0,3095.0,19900,0.0,0.0
2023-01-25 09:00:00+09:00,3065.0,3085.0,3055.0,3080.0,13300,0.0,0.0
2023-01-25 10:00:00+09:00,3080.0,3100.0,3080.0,3100.0,6000,0.0,0.0
2023-01-25 11:00:00+09:00,3100.0,3105.0,3100.0,3105.0,0,0.0,0.0
2023-01-25 12:00:00+09:00,3105.0,3110.0,3100.0,3105.0,23700,0.0,0.0
2023-01-25 13:00:00+09:00,3105.0,3105.0,3080.0,3080.0,6200,0.0,0.0
2023-01-25 14:00:00+09:00,3085.0,3095.0,3085.0,3090.0,7800,0.0,0.0
2023-01-26 09:00:00+09:00,3065.0,3090.0,3065.0,3075.0,9600,0.0,0.0
2023-01-26 10:00:00+09:00,3070.0,3075.0,3055.0,3070.0,13200,0.0,0.0
2023-01-26 11:00:00+09:00,3070.0,3070.0,3070.0,3070.0,0,0.0,0.0
2023-01-26 12:00:00+09:00,3060.0,3065.0,3060.0,3065.0,28100,0.0,0.0
2023-01-26 13:00:00+09:00,3065.0,3065.0,3050.0,3060.0,4400,0.0,0.0
2023-01-26 14:00:00+09:00,3060.0,3075.0,3055.0,3065.0,12400,0.0,0.0
2023-01-27 09:00:00+09:00,3060.0,3065.0,3045.0,3055.0,15100,0.0,0.0
2023-01-27 10:00:00+09:00,3055.0,3055.0,3040.0,3045.0,7200,0.0,0.0
2023-01-27 11:00:00+09:00,3040.0,3050.0,3040.0,3050.0,0,0.0,0.0
2023-01-27 12:00:00+09:00,3050.0,3050.0,3035.0,3035.0,30200,0.0,0.0
2023-01-27 13:00:00+09:00,3040.0,3045.0,3040.0,3040.0,2400,0.0,0.0
2023-01-27 14:00:00+09:00,3040.0,3050.0,3040.0,3045.0,8400,0.0,0.0
2023-01-30 09:00:00+09:00,3035.0,3055.0,3025.0,3035.0,13200,0.0,0.0
2023-01-30 10:00:00+09:00,3035.0,3040.0,3025.0,3035.0,11500,0.0,0.0
2023-01-30 11:00:00+09:00,3035.0,3040.0,3035.0,3040.0,0,0.0,0.0
2023-01-30 12:00:00+09:00,3035.0,3040.0,3035.0,3040.0,31700,0.0,0.0
2023-01-30 13:00:00+09:00,3040.0,3040.0,3015.0,3025.0,9900,0.0,0.0
2023-01-30 14:00:00+09:00,3025.0,3035.0,3020.0,3030.0,7500,0.0,0.0
2023-01-31 09:00:00+09:00,3020.0,3075.0,3015.0,3060.0,23200,0.0,0.0
2023-01-31 10:00:00+09:00,3055.0,3070.0,3055.0,3065.0,12200,0.0,0.0
2023-01-31 11:00:00+09:00,3065.0,3070.0,3065.0,3070.0,0,0.0,0.0
2023-01-31 12:00:00+09:00,3065.0,3065.0,3060.0,3060.0,41200,0.0,0.0
2023-01-31 13:00:00+09:00,3060.0,3070.0,3060.0,3065.0,5400,0.0,0.0
2023-01-31 14:00:00+09:00,3065.0,3085.0,3065.0,3075.0,20700,0.0,0.0
2023-02-01 09:00:00+09:00,3095.0,3115.0,3090.0,3090.0,19900,0.0,0.0
2023-02-01 10:00:00+09:00,3095.0,3100.0,3080.0,3085.0,6000,0.0,0.0
2023-02-01 11:00:00+09:00,3085.0,3085.0,3075.0,3075.0,0,0.0,0.0
2023-02-01 12:00:00+09:00,3060.0,3065.0,3050.0,3055.0,33400,0.0,0.0
2023-02-01 13:00:00+09:00,3055.0,3055.0,3045.0,3050.0,4000,0.0,0.0
2023-02-01 14:00:00+09:00,3045.0,3050.0,3040.0,3045.0,8800,0.0,0.0
2023-02-02 09:00:00+09:00,3055.0,3065.0,3015.0,3035.0,29100,0.0,0.0
2023-02-02 10:00:00+09:00,3035.0,3035.0,3020.0,3025.0,11600,0.0,0.0
2023-02-02 11:00:00+09:00,3030.0,3030.0,3010.0,3020.0,0,0.0,0.0
2023-02-02 12:00:00+09:00,3005.0,3015.0,3005.0,3015.0,52800,0.0,0.0
2023-02-02 13:00:00+09:00,3010.0,3020.0,3005.0,3020.0,8200,0.0,0.0
2023-02-02 14:00:00+09:00,3025.0,3025.0,3010.0,3025.0,13800,0.0,0.0
2023-02-03 09:00:00+09:00,3025.0,3035.0,3000.0,3030.0,37300,0.0,0.0
2023-02-03 10:00:00+09:00,3025.0,3035.0,3025.0,3030.0,7000,0.0,0.0
2023-02-03 11:00:00+09:00,3035.0,3045.0,3035.0,3045.0,0,0.0,0.0
2023-02-03 12:00:00+09:00,3035.0,3050.0,3030.0,3035.0,59800,0.0,0.0
2023-02-03 13:00:00+09:00,3035.0,3045.0,3030.0,3040.0,10200,0.0,0.0
2023-02-03 14:00:00+09:00,3040.0,3045.0,3030.0,3040.0,23800,0.0,0.0
2023-02-06 09:00:00+09:00,2935.0,3010.0,2911.0,2925.0,130900,0.0,0.0
2023-02-06 10:00:00+09:00,2926.0,2952.0,2921.0,2952.0,35500,0.0,0.0
2023-02-06 11:00:00+09:00,2951.0,2979.0,2948.0,2979.0,0,0.0,0.0
2023-02-06 12:00:00+09:00,2977.0,2977.0,2954.0,2968.0,207500,0.0,0.0
2023-02-06 13:00:00+09:00,2970.0,2972.0,2927.0,2932.0,32300,0.0,0.0
2023-02-06 14:00:00+09:00,2932.0,2939.0,2928.0,2935.0,48600,0.0,0.0
2023-02-07 09:00:00+09:00,2984.0,3065.0,2984.0,3025.0,53500,0.0,0.0
2023-02-07 10:00:00+09:00,3030.0,3040.0,3010.0,3040.0,18600,0.0,0.0
2023-02-07 11:00:00+09:00,3040.0,3070.0,3040.0,3065.0,0,0.0,0.0
2023-02-07 12:00:00+09:00,3060.0,3085.0,3060.0,3075.0,115200,0.0,0.0
2023-02-07 13:00:00+09:00,3070.0,3085.0,3065.0,3080.0,15200,0.0,0.0
2023-02-07 14:00:00+09:00,3085.0,3115.0,3075.0,3105.0,62300,0.0,0.0
2023-02-08 09:00:00+09:00,3110.0,3115.0,3050.0,3060.0,21600,0.0,0.0
2023-02-08 10:00:00+09:00,3060.0,3070.0,3055.0,3065.0,6900,0.0,0.0
2023-02-08 11:00:00+09:00,3060.0,3065.0,3055.0,3060.0,0,0.0,0.0
2023-02-08 12:00:00+09:00,3055.0,3085.0,3055.0,3070.0,37400,0.0,0.0
2023-02-08 13:00:00+09:00,3075.0,3090.0,3075.0,3075.0,6400,0.0,0.0
2023-02-08 14:00:00+09:00,3075.0,3085.0,3075.0,3080.0,5300,0.0,0.0
2023-02-09 09:00:00+09:00,3050.0,3070.0,3025.0,3045.0,13000,0.0,0.0
2023-02-09 10:00:00+09:00,3040.0,3055.0,3040.0,3055.0,4700,0.0,0.0
2023-02-09 11:00:00+09:00,3060.0,3065.0,3055.0,3065.0,0,0.0,0.0
2023-02-09 12:00:00+09:00,3075.0,3080.0,3070.0,3075.0,23200,0.0,0.0
2023-02-09 13:00:00+09:00,3075.0,3100.0,3075.0,3095.0,4300,0.0,0.0
2023-02-09 14:00:00+09:00,3100.0,3100.0,3075.0,3080.0,15300,0.0,0.0
2023-02-10 09:00:00+09:00,3070.0,3105.0,3060.0,3105.0,17700,0.0,0.0
2023-02-10 10:00:00+09:00,3105.0,3115.0,3105.0,3110.0,9800,0.0,0.0
2023-02-10 11:00:00+09:00,3110.0,3110.0,3085.0,3100.0,0,0.0,0.0
2023-02-10 12:00:00+09:00,3105.0,3110.0,3095.0,3110.0,38400,0.0,0.0
2023-02-10 13:00:00+09:00,3105.0,3120.0,3090.0,3110.0,28300,0.0,0.0
2023-02-10 14:00:00+09:00,3105.0,3110.0,3095.0,3110.0,13400,0.0,0.0
2023-02-13 09:00:00+09:00,3120.0,3150.0,3100.0,3145.0,19400,0.0,0.0
2023-02-13 10:00:00+09:00,3145.0,3155.0,3105.0,3155.0,29800,0.0,0.0
2023-02-13 11:00:00+09:00,3155.0,3165.0,3150.0,3165.0,0,0.0,0.0
2023-02-13 12:00:00+09:00,3150.0,3160.0,3145.0,3150.0,64100,0.0,0.0
2023-02-13 13:00:00+09:00,3150.0,3150.0,3140.0,3145.0,8700,0.0,0.0
2023-02-13 14:00:00+09:00,3145.0,3155.0,3140.0,3145.0,10100,0.0,0.0
2023-02-14 09:00:00+09:00,3180.0,3220.0,3170.0,3215.0,38500,0.0,0.0
2023-02-14 10:00:00+09:00,3210.0,3215.0,3195.0,3195.0,6100,0.0,0.0
2023-02-14 11:00:00+09:00,3195.0,3195.0,3185.0,3195.0,0,0.0,0.0
2023-02-14 12:00:00+09:00,3200.0,3225.0,3190.0,3225.0,67400,0.0,0.0
2023-02-14 13:00:00+09:00,3225.0,3230.0,3210.0,3225.0,6000,0.0,0.0
2023-02-14 14:00:00+09:00,3225.0,3230.0,3215.0,3220.0,10400,0.0,0.0
2023-02-15 09:00:00+09:00,3245.0,3250.0,3225.0,3240.0,0,0.0,0.0
2023-02-15 10:00:00+09:00,3240.0,3240.0,3220.0,3230.0,19700,0.0,0.0
2023-02-15 11:00:00+09:00,3230.0,3235.0,3225.0,3230.0,0,0.0,0.0
2023-02-15 12:00:00+09:00,3220.0,3235.0,3210.0,3235.0,31300,0.0,0.0
2023-02-15 13:00:00+09:00,3235.0,3235.0,3225.0,3230.0,3900,0.0,0.0
2023-02-15 14:00:00+09:00,3230.0,3235.0,3210.0,3210.0,12000,0.0,0.0
2023-02-16 09:00:00+09:00,3260.0,3295.0,3260.0,3295.0,33000,0.0,0.0
2023-02-16 10:00:00+09:00,3300.0,3305.0,3285.0,3290.0,29500,0.0,0.0
2023-02-16 11:00:00+09:00,3285.0,3290.0,3285.0,3290.0,0,0.0,0.0
2023-02-16 12:00:00+09:00,3275.0,3290.0,3275.0,3285.0,73900,0.0,0.0
2023-02-16 13:00:00+09:00,3285.0,3295.0,3285.0,3285.0,13100,0.0,0.0
2023-02-16 14:00:00+09:00,3290.0,3300.0,3285.0,3295.0,8200,0.0,0.0
2023-02-17 09:00:00+09:00,3260.0,3290.0,3240.0,3275.0,16400,0.0,0.0
2023-02-17 10:00:00+09:00,3275.0,3280.0,3260.0,3280.0,11900,0.0,0.0
2023-02-17 11:00:00+09:00,3275.0,3280.0,3270.0,3280.0,0,0.0,0.0
2023-02-17 12:00:00+09:00,3270.0,3300.0,3270.0,3290.0,42200,0.0,0.0
2023-02-17 13:00:00+09:00,3295.0,3300.0,3280.0,3295.0,12800,0.0,0.0
2023-02-17 14:00:00+09:00,3300.0,3305.0,3280.0,3280.0,14200,0.0,0.0
2023-02-20 09:00:00+09:00,3280.0,3330.0,3275.0,3325.0,33700,0.0,0.0
2023-02-20 10:00:00+09:00,3330.0,3340.0,3330.0,3330.0,8400,0.0,0.0
2023-02-20 11:00:00+09:00,3325.0,3325.0,3305.0,3305.0,0,0.0,0.0
2023-02-20 12:00:00+09:00,3300.0,3320.0,3300.0,3310.0,50000,0.0,0.0
2023-02-20 13:00:00+09:00,3310.0,3310.0,3295.0,3295.0,4700,0.0,0.0
2023-02-20 14:00:00+09:00,3295.0,3295.0,3265.0,3275.0,20300,0.0,0.0
2023-02-21 09:00:00+09:00,3300.0,3320.0,3285.0,3300.0,19000,0.0,0.0
2023-02-21 10:00:00+09:00,3295.0,3310.0,3295.0,3305.0,2800,0.0,0.0
2023-02-21 11:00:00+09:00,3305.0,3320.0,3300.0,3320.0,0,0.0,0.0
2023-02-21 12:00:00+09:00,3310.0,3325.0,3310.0,3325.0,29600,0.0,0.0
2023-02-21 13:00:00+09:00,3320.0,3325.0,3315.0,3320.0,5000,0.0,0.0
2023-02-21 14:00:00+09:00,3320.0,3325.0,3310.0,3310.0,11300,0.0,0.0
2023-02-22 09:00:00+09:00,3280.0,3280.0,3220.0,3240.0,42200,0.0,0.0
2023-02-22 10:00:00+09:00,3240.0,3240.0,3200.0,3205.0,45500,0.0,0.0
2023-02-22 11:00:00+09:00,3210.0,3220.0,3210.0,3220.0,0,0.0,0.0
2023-02-22 12:00:00+09:00,3220.0,3235.0,3220.0,3235.0,96100,0.0,0.0
2023-02-22 13:00:00+09:00,3230.0,3240.0,3230.0,3235.0,3100,0.0,0.0
2023-02-22 14:00:00+09:00,3235.0,3235.0,3220.0,3225.0,25300,0.0,0.0
2023-02-24 09:00:00+09:00,3255.0,3255.0,3240.0,3250.0,0,0.0,0.0
2023-02-24 10:00:00+09:00,3255.0,3275.0,3255.0,3260.0,13900,0.0,0.0
2023-02-24 11:00:00+09:00,3260.0,3260.0,3250.0,3250.0,0,0.0,0.0
2023-02-24 12:00:00+09:00,3255.0,3255.0,3250.0,3250.0,17500,0.0,0.0
2023-02-24 13:00:00+09:00,3255.0,3255.0,3240.0,3250.0,3700,0.0,0.0
2023-02-24 14:00:00+09:00,3250.0,3250.0,3235.0,3245.0,7000,0.0,0.0
2023-02-27 09:00:00+09:00,3225.0,3275.0,3225.0,3270.0,22500,0.0,0.0
2023-02-27 10:00:00+09:00,3270.0,3310.0,3270.0,3310.0,8600,0.0,0.0
2023-02-27 11:00:00+09:00,3310.0,3310.0,3300.0,3310.0,0,0.0,0.0
2023-02-27 12:00:00+09:00,3310.0,3310.0,3300.0,3305.0,42300,0.0,0.0
2023-02-27 13:00:00+09:00,3305.0,3305.0,3295.0,3300.0,5500,0.0,0.0
2023-02-27 14:00:00+09:00,3295.0,3315.0,3290.0,3315.0,25000,0.0,0.0
2023-02-28 09:00:00+09:00,3310.0,3330.0,3310.0,3310.0,8700,0.0,0.0
2023-02-28 10:00:00+09:00,3305.0,3305.0,3290.0,3295.0,2900,0.0,0.0
2023-02-28 11:00:00+09:00,3295.0,3295.0,3285.0,3290.0,0,0.0,0.0
2023-02-28 12:00:00+09:00,3290.0,3290.0,3275.0,3275.0,17700,0.0,0.0
2023-02-28 13:00:00+09:00,3275.0,3280.0,3265.0,3280.0,9700,0.0,0.0
2023-02-28 14:00:00+09:00,3280.0,3285.0,3265.0,3265.0,10300,0.0,0.0
2023-03-01 09:00:00+09:00,3265.0,3290.0,3265.0,3280.0,13200,0.0,0.0
2023-03-01 10:00:00+09:00,3275.0,3300.0,3270.0,3300.0,8700,0.0,0.0
2023-03-01 11:00:00+09:00,3305.0,3310.0,3295.0,3305.0,0,0.0,0.0
2023-03-01 12:00:00+09:00,3310.0,3320.0,3310.0,3315.0,29900,0.0,0.0
2023-03-01 13:00:00+09:00,3315.0,3315.0,3305.0,3315.0,4300,0.0,0.0
2023-03-01 14:00:00+09:00,3310.0,3340.0,3305.0,3335.0,21700,0.0,0.0
2023-03-02 09:00:00+09:00,3350.0,3385.0,3345.0,3365.0,22400,0.0,0.0
2023-03-02 10:00:00+09:00,3365.0,3365.0,3345.0,3350.0,6400,0.0,0.0
2023-03-02 11:00:00+09:00,3360.0,3365.0,3355.0,3365.0,0,0.0,0.0
2023-03-02 12:00:00+09:00,3365.0,3365.0,3330.0,3330.0,35200,0.0,0.0
2023-03-02 13:00:00+09:00,3320.0,3325.0,3310.0,3315.0,8300,0.0,0.0
2023-03-02 14:00:00+09:00,3315.0,3325.0,3305.0,3315.0,7700,0.0,0.0
2023-03-03 09:00:00+09:00,3355.0,3360.0,3335.0,3360.0,7200,0.0,0.0
2023-03-03 10:00:00+09:00,3360.0,3375.0,3360.0,3370.0,8300,0.0,0.0
2023-03-03 11:00:00+09:00,3370.0,3375.0,3360.0,3375.0,0,0.0,0.0
2023-03-03 12:00:00+09:00,3365.0,3375.0,3365.0,3370.0,22900,0.0,0.0
2023-03-03 13:00:00+09:00,3370.0,3380.0,3365.0,3370.0,5900,0.0,0.0
2023-03-03 14:00:00+09:00,3365.0,3375.0,3360.0,3365.0,11900,0.0,0.0
2023-03-06 09:00:00+09:00,3400.0,3405.0,3375.0,3390.0,0,0.0,0.0
2023-03-06 10:00:00+09:00,3395.0,3400.0,3385.0,3385.0,20600,0.0,0.0
2023-03-06 11:00:00+09:00,3390.0,3410.0,3385.0,3410.0,0,0.0,0.0
2023-03-06 12:00:00+09:00,3410.0,3445.0,3400.0,3440.0,44900,0.0,0.0
2023-03-06 13:00:00+09:00,3445.0,3445.0,3430.0,3435.0,9600,0.0,0.0
2023-03-06 14:00:00+09:00,3435.0,3450.0,3430.0,3450.0,26400,0.0,0.0
2023-03-07 09:00:00+09:00,3455.0,3465.0,3435.0,3450.0,23000,0.0,0.0
2023-03-07 10:00:00+09:00,3445.0,3460.0,3430.0,3430.0,10800,0.0,0.0
2023-03-07 11:00:00+09:00,3430.0,3435.0,3415.0,3425.0,0,0.0,0.0
2023-03-07 12:00:00+09:00,3425.0,3430.0,3420.0,3430.0,42900,0.0,0.0
2023-03-07 13:00:00+09:00,3430.0,3435.0,3425.0,3425.0,9300,0.0,0.0
2023-03-07 14:00:00+09:00,3425.0,3455.0,3425.0,3450.0,14900,0.0,0.0
2023-03-08 09:00:00+09:00,3430.0,3500.0,3415.0,3485.0,28500,0.0,0.0
2023-03-08 10:00:00+09:00,3490.0,3495.0,3485.0,3495.0,6700,0.0,0.0
2023-03-08 11:00:00+09:00,3495.0,3500.0,3490.0,3490.0,0,0.0,0.0
2023-03-08 12:00:00+09:00,3490.0,3505.0,3490.0,3505.0,59300,0.0,0.0
2023-03-08 13:00:00+09:00,3505.0,3530.0,3505.0,3515.0,11000,0.0,0.0
2023-03-08 14:00:00+09:00,3520.0,3535.0,3520.0,3535.0,14700,0.0,0.0
2023-03-09 09:00:00+09:00,3580.0,3600.0,3555.0,3560.0,34800,0.0,0.0
2023-03-09 10:00:00+09:00,3560.0,3585.0,3550.0,3575.0,13500,0.0,0.0
2023-03-09 11:00:00+09:00,3580.0,3600.0,3580.0,3600.0,0,0.0,0.0
2023-03-09 12:00:00+09:00,3600.0,3630.0,3600.0,3625.0,85100,0.0,0.0
2023-03-09 13:00:00+09:00,3625.0,3630.0,3605.0,3605.0,12400,0.0,0.0
2023-03-09 14:00:00+09:00,3605.0,3620.0,3600.0,3605.0,16700,0.0,0.0
2023-03-10 09:00:00+09:00,3535.0,3580.0,3535.0,3535.0,57000,0.0,0.0
2023-03-10 10:00:00+09:00,3535.0,3545.0,3515.0,3530.0,12100,0.0,0.0
2023-03-10 11:00:00+09:00,3530.0,3545.0,3530.0,3535.0,0,0.0,0.0
2023-03-10 12:00:00+09:00,3550.0,3580.0,3545.0,3560.0,90000,0.0,0.0
2023-03-10 13:00:00+09:00,3560.0,3575.0,3550.0,3565.0,13700,0.0,0.0
2023-03-10 14:00:00+09:00,3570.0,3585.0,3570.0,3570.0,25800,0.0,0.0
2023-03-13 09:00:00+09:00,3495.0,3500.0,3425.0,3440.0,64200,0.0,0.0
2023-03-13 10:00:00+09:00,3435.0,3455.0,3435.0,3440.0,11700,0.0,0.0
2023-03-13 11:00:00+09:00,3440.0,3440.0,3425.0,3430.0,0,0.0,0.0
2023-03-13 12:00:00+09:00,3425.0,3450.0,3425.0,3440.0,88500,0.0,0.0
2023-03-13 13:00:00+09:00,3440.0,3440.0,3415.0,3430.0,13300,0.0,0.0
2023-03-13 14:00:00+09:00,3435.0,3455.0,3435.0,3440.0,15700,0.0,0.0
2023-03-14 09:00:00+09:00,3385.0,3395.0,3265.0,3270.0,42700,0.0,0.0
2023-03-14 10:00:00+09:00,3270.0,3280.0,3255.0,3280.0,14800,0.0,0.0
2023-03-14 11:00:00+09:00,3280.0,3305.0,3280.0,3295.0,0,0.0,0.0
2023-03-14 12:00:00+09:00,3290.0,3300.0,3280.0,3280.0,72100,0.0,0.0
2023-03-14 13:00:00+09:00,3280.0,3295.0,3270.0,3280.0,11500,0.0,0.0
2023-03-14 14:00:00+09:00,3280.0,3290.0,3270.0,3285.0,15600,0.0,0.0
2023-03-15 09:00:00+09:00,3345.0,3375.0,3310.0,3325.0,29800,0.0,0.0
2023-03-15 10:00:00+09:00,3325.0,3360.0,3325.0,3360.0,6300,0.0,0.0
2023-03-15 11:00:00+09:00,3360.0,3395.0,3350.0,3385.0,0,0.0,0.0
2023-03-15 12:00:00+09:00,3390.0,3390.0,3370.0,3385.0,50000,0.0,0.0
2023-03-15 13:00:00+09:00,3385.0,3385.0,3380.0,3380.0,3900,0.0,0.0
2023-03-15 14:00:00+09:00,3380.0,3380.0,3360.0,3370.0,9500,0.0,0.0
2023-03-16 09:00:00+09:00,3250.0,3250.0,3195.0,3230.0,38300,0.0,0.0
2023-03-16 10:00:00+09:00,3235.0,3260.0,3225.0,3245.0,13200,0.0,0.0
2023-03-16 11:00:00+09:00,3245.0,3265.0,3245.0,3265.0,0,0.0,0.0
2023-03-16 12:00:00+09:00,3270.0,3275.0,3260.0,3275.0,64600,0.0,0.0
2023-03-16 13:00:00+09:00,3275.0,3295.0,3275.0,3295.0,11200,0.0,0.0
2023-03-16 14:00:00+09:00,3295.0,3295.0,3285.0,3285.0,11800,0.0,0.0
2023-03-17 09:00:00+09:00,3315.0,3345.0,3260.0,3265.0,15300,0.0,0.0
2023-03-17 10:00:00+09:00,3265.0,3285.0,3260.0,3270.0,8800,0.0,0.0
2023-03-17 11:00:00+09:00,3270.0,3280.0,3265.0,3270.0,0,0.0,0.0
2023-03-17 12:00:00+09:00,3285.0,3300.0,3285.0,3295.0,36300,0.0,0.0
2023-03-17 13:00:00+09:00,3300.0,3315.0,3300.0,3305.0,4600,0.0,0.0
2023-03-17 14:00:00+09:00,3305.0,3305.0,3295.0,3300.0,7400,0.0,0.0
2023-03-20 09:00:00+09:00,3255.0,3275.0,3240.0,3275.0,9100,0.0,0.0
2023-03-20 10:00:00+09:00,3270.0,3270.0,3245.0,3245.0,6300,0.0,0.0
2023-03-20 11:00:00+09:00,3250.0,3260.0,3250.0,3260.0,0,0.0,0.0
2023-03-20 12:00:00+09:00,3245.0,3245.0,3220.0,3235.0,26000,0.0,0.0
2023-03-20 13:00:00+09:00,3235.0,3240.0,3215.0,3225.0,9900,0.0,0.0
2023-03-20 14:00:00+09:00,3230.0,3240.0,3220.0,3225.0,15500,0.0,0.0
2023-03-22 09:00:00+09:00,3350.0,3355.0,3305.0,3325.0,0,0.0,0.0
2023-03-22 10:00:00+09:00,3325.0,3330.0,3305.0,3325.0,22900,0.0,0.0
2023-03-22 11:00:00+09:00,3325.0,3325.0,3310.0,3310.0,0,0.0,0.0
2023-03-22 12:00:00+09:00,3310.0,3315.0,3300.0,3315.0,27100,0.0,0.0
2023-03-22 13:00:00+09:00,3315.0,3320.0,3315.0,3320.0,4400,0.0,0.0
2023-03-22 14:00:00+09:00,3320.0,3320.0,3305.0,3315.0,7500,0.0,0.0
2023-03-23 09:00:00+09:00,3260.0,3285.0,3250.0,3280.0,10300,0.0,0.0
2023-03-23 10:00:00+09:00,3275.0,3285.0,3265.0,3275.0,3500,0.0,0.0
2023-03-23 11:00:00+09:00,3280.0,3300.0,3280.0,3300.0,0,0.0,0.0
2023-03-23 12:00:00+09:00,3300.0,3300.0,3295.0,3295.0,16400,0.0,0.0
2023-03-23 13:00:00+09:00,3295.0,3295.0,3285.0,3285.0,2900,0.0,0.0
2023-03-23 14:00:00+09:00,3285.0,3310.0,3285.0,3305.0,6900,0.0,0.0
2023-03-24 09:00:00+09:00,3295.0,3320.0,3280.0,3315.0,10100,0.0,0.0
2023-03-24 10:00:00+09:00,3310.0,3325.0,3295.0,3325.0,4700,0.0,0.0
2023-03-24 11:00:00+09:00,3325.0,3325.0,3320.0,3325.0,0,0.0,0.0
2023-03-24 12:00:00+09:00,3330.0,3345.0,3330.0,3340.0,21200,0.0,0.0
2023-03-24 13:00:00+09:00,3340.0,3350.0,3335.0,3345.0,4500,0.0,0.0
2023-03-24 14:00:00+09:00,3340.0,3355.0,3335.0,3350.0,12300,0.0,0.0
2023-03-27 09:00:00+09:00,3390.0,3390.0,3330.0,3330.0,9300,0.0,0.0
2023-03-27 10:00:00+09:00,3335.0,3340.0,3320.0,3335.0,6100,0.0,0.0
2023-03-27 11:00:00+09:00,3340.0,3340.0,3335.0,3335.0,0,0.0,0.0
2023-03-27 12:00:00+09:00,3345.0,3345.0,3340.0,3340.0,21000,0.0,0.0
2023-03-27 13:00:00+09:00,3335.0,3340.0,3335.0,3335.0,2000,0.0,0.0
2023-03-27 14:00:00+09:00,3330.0,3365.0,3330.0,3360.0,11400,0.0,0.0
2023-03-28 09:00:00+09:00,3385.0,3385.0,3350.0,3355.0,26800,0.0,0.0
2023-03-28 10:00:00+09:00,3355.0,3360.0,3335.0,3340.0,9400,0.0,0.0
2023-03-28 11:00:00+09:00,3335.0,3340.0,3325.0,3340.0,0,0.0,0.0
2023-03-28 12:00:00+09:00,3330.0,3340.0,3325.0,3330.0,44200,0.0,0.0
2023-03-28 13:00:00+09:00,3325.0,3335.0,3320.0,3335.0,7300,0.0,0.0
2023-03-28 14:00:00+09:00,3335.0,3345.0,3330.0,3340.0,7600,0.0,0.0
2023-03-29 09:00:00+09:00,3350.0,3395.0,3350.0,3390.0,13300,0.0,0.0
2023-03-29 10:00:00+09:00,3395.0,3425.0,3390.0,3420.0,19900,0.0,0.0
2023-03-29 11:00:00+09:00,3415.0,3415.0,3410.0,3415.0,0,0.0,0.0
2023-03-29 12:00:00+09:00,3415.0,3435.0,3415.0,3425.0,43800,0.0,0.0
2023-03-29 13:00:00+09:00,3430.0,3435.0,3425.0,3430.0,6300,0.0,0.0
2023-03-29 14:00:00+09:00,3425.0,3450.0,3425.0,3445.0,17800,0.0,0.0
2023-03-30 09:00:00+09:00,3430.0,3440.0,3385.0,3390.0,12500,0.0,0.0
2023-03-30 10:00:00+09:00,3395.0,3400.0,3385.0,3385.0,0,0.0,0.0
2023-03-30 11:00:00+09:00,3385.0,3385.0,3375.0,3375.0,0,0.0,0.0
2023-03-30 12:00:00+09:00,3370.0,3375.0,3365.0,3365.0,20500,0.0,0.0
2023-03-30 13:00:00+09:00,3365.0,3365.0,3360.0,3365.0,3500,0.0,0.0
2023-03-30 14:00:00+09:00,3365.0,3405.0,3365.0,3405.0,8500,0.0,0.0
2023-03-31 09:00:00+09:00,3420.0,3470.0,3420.0,3450.0,18400,0.0,0.0
2023-03-31 10:00:00+09:00,3440.0,3450.0,3425.0,3440.0,11900,0.0,0.0
2023-03-31 11:00:00+09:00,3440.0,3440.0,3425.0,3435.0,0,0.0,0.0
2023-03-31 12:00:00+09:00,3420.0,3445.0,3420.0,3440.0,35900,0.0,0.0
2023-03-31 13:00:00+09:00,3440.0,3450.0,3440.0,3445.0,3400,0.0,0.0
2023-03-31 14:00:00+09:00,3445.0,3450.0,3425.0,3440.0,12600,0.0,0.0
2023-04-03 09:00:00+09:00,3505.0,3505.0,3460.0,3485.0,22200,0.0,0.0
2023-04-03 10:00:00+09:00,3490.0,3495.0,3465.0,3485.0,10200,0.0,0.0
2023-04-03 11:00:00+09:00,3480.0,3485.0,3465.0,3470.0,0,0.0,0.0
2023-04-03 12:00:00+09:00,3475.0,3480.0,3460.0,3460.0,39500,0.0,0.0
2023-04-03 13:00:00+09:00,3465.0,3470.0,3465.0,3465.0,3800,0.0,0.0
2023-04-03 14:00:00+09:00,3465.0,3490.0,3465.0,3480.0,11500,0.0,0.0
2023-04-04 09:00:00+09:00,3470.0,3470.0,3440.0,3445.0,10700,0.0,0.0
2023-04-04 10:00:00+09:00,3445.0,3465.0,3440.0,3445.0,8100,0.0,0.0
2023-04-04 11:00:00+09:00,3445.0,3445.0,3435.0,3435.0,0,0.0,0.0
2023-04-04 12:00:00+09:00,3435.0,3450.0,3430.0,3435.0,24700,0.0,0.0
2023-04-04 13:00:00+09:00,3435.0,3440.0,3425.0,3425.0,5900,0.0,0.0
2023-04-04 14:00:00+09:00,3425.0,3435.0,3420.0,3430.0,13300,0.0,0.0
2023-04-05 09:00:00+09:00,3375.0,3380.0,3360.0,3365.0,16700,0.0,0.0
2023-04-05 10:00:00+09:00,3360.0,3360.0,3335.0,3350.0,8800,0.0,0.0
2023-04-05 11:00:00+09:00,3350.0,3360.0,3350.0,3360.0,0,0.0,0.0
2023-04-05 12:00:00+09:00,3360.0,3360.0,3335.0,3345.0,36800,0.0,0.0
2023-04-05 13:00:00+09:00,3340.0,3340.0,3330.0,3335.0,4100,0.0,0.0
2023-04-05 14:00:00+09:00,3330.0,3340.0,3325.0,3335.0,10400,0.0,0.0
2023-04-06 09:00:00+09:00,3295.0,3295.0,3225.0,3240.0,25600,0.0,0.0
2023-04-06 10:00:00+09:00,3245.0,3245.0,3230.0,3240.0,10500,0.0,0.0
2023-04-06 11:00:00+09:00,3235.0,3235.0,3225.0,3235.0,0,0.0,0.0
2023-04-06 12:00:00+09:00,3225.0,3225.0,3205.0,3205.0,49400,0.0,0.0
2023-04-06 13:00:00+09:00,3210.0,3215.0,3205.0,3210.0,6200,0.0,0.0
2023-04-06 14:00:00+09:00,3210.0,3220.0,3200.0,3205.0,20000,0.0,0.0
2023-04-07 09:00:00+09:00,3215.0,3245.0,3200.0,3235.0,13500,0.0,0.0
2023-04-07 10:00:00+09:00,3235.0,3250.0,3230.0,3235.0,7700,0.0,0.0
2023-04-07 11:00:00+09:00,3235.0,3250.0,3235.0,3250.0,0,0.0,0.0
2023-04-07 12:00:00+09:00,3250.0,3250.0,3240.0,3245.0,30400,0.0,0.0
2023-04-07 13:00:00+09:00,3245.0,3255.0,3245.0,3245.0,6200,0.0,0.0
2023-04-07 14:00:00+09:00,3245.0,3245.0,3230.0,3235.0,9900,0.0,0.0
2023-04-10 09:00:00+09:00,3260.0,3270.0,3210.0,3220.0,13200,0.0,0.0
2023-04-10 10:00:00+09:00,3220.0,3235.0,3215.0,3235.0,9600,0.0,0.0
2023-04-10 11:00:00+09:00,3235.0,3235.0,3230.0,3235.0,0,0.0,0.0
2023-04-10 12:00:00+09:00,3225.0,3245.0,3225.0,3240.0,32200,0.0,0.0
2023-04-10 13:00:00+09:00,3240.0,3260.0,3235.0,3250.0,6300,0.0,0.0
2023-04-10 14:00:00+09:00,3255.0,3265.0,3250.0,3265.0,9900,0.0,0.0
2023-04-11 09:00:00+09:00,3305.0,3315.0,3250.0,3250.0,11000,0.0,0.0
2023-04-11 10:00:00+09:00,3250.0,3260.0,3245.0,3260.0,9100,0.0,0.0
2023-04-11 11:00:00+09:00,3260.0,3275.0,3255.0,3255.0,0,0.0,0.0
2023-04-11 12:00:00+09:00,3260.0,3260.0,3245.0,3250.0,31900,0.0,0.0
2023-04-11 13:00:00+09:00,3250.0,3260.0,3250.0,3250.0,4000,0.0,0.0
2023-04-11 14:00:00+09:00,3250.0,3265.0,3250.0,3265.0,9800,0.0,0.0
2023-04-12 09:00:00+09:00,3240.0,3260.0,3230.0,3240.0,7000,0.0,0.0
2023-04-12 10:00:00+09:00,3240.0,3240.0,3230.0,3235.0,1900,0.0,0.0
2023-04-12 11:00:00+09:00,3235.0,3240.0,3235.0,3240.0,0,0.0,0.0
2023-04-12 12:00:00+09:00,3240.0,3245.0,3230.0,3245.0,15800,0.0,0.0
2023-04-12 13:00:00+09:00,3245.0,3260.0,3240.0,3260.0,4300,0.0,0.0
2023-04-12 14:00:00+09:00,3260.0,3265.0,3255.0,3265.0,7100,0.0,0.0
2023-04-13 09:00:00+09:00,3260.0,3275.0,3240.0,3270.0,0,0.0,0.0
2023-04-13 10:00:00+09:00,3265.0,3280.0,3265.0,3280.0,10900,0.0,0.0
2023-04-13 11:00:00+09:00,3285.0,3285.0,3275.0,3285.0,0,0.0,0.0
2023-04-13 12:00:00+09:00,3285.0,3290.0,3275.0,3285.0,19500,0.0,0.0
2023-04-13 13:00:00+09:00,3280.0,3280.0,3270.0,3280.0,2700,0.0,0.0
2023-04-13 14:00:00+09:00,3280.0,3280.0,3265.0,3275.0,5100,0.0,0.0
2023-04-14 09:00:00+09:00,3275.0,3295.0,3270.0,3295.0,11100,0.0,0.0
2023-04-14 10:00:00+09:00,3290.0,3290.0,3275.0,3275.0,6500,0.0,0.0
2023-04-14 11:00:00+09:00,3280.0,3280.0,3265.0,3265.0,0,0.0,0.0
2023-04-14 12:00:00+09:00,3265.0,3280.0,3265.0,3275.0,22700,0.0,0.0
2023-04-14 13:00:00+09:00,3280.0,3290.0,3280.0,3280.0,4400,0.0,0.0
2023-04-14 14:00:00+09:00,3285.0,3295.0,3285.0,3295.0,9400,0.0,0.0
2023-04-17 09:00:00+09:00,3300.0,3315.0,3260.0,3265.0,6300,0.0,0.0
2023-04-17 10:00:00+09:00,3265.0,3270.0,3260.0,3265.0,5000,0.0,0.0
2023-04-17 11:00:00+09:00,3260.0,3260.0,3255.0,3255.0,0,0.0,0.0
2023-04-17 12:00:00+09:00,3255.0,3265.0,3255.0,3255.0,14100,0.0,0.0
2023-04-17 13:00:00+09:00,3260.0,3265.0,3255.0,3260.0,3000,0.0,0.0
2023-04-17 14:00:00+09:00,3260.0,3270.0,3255.0,3260.0,8500,0.0,0.0
2023-04-18 09:00:00+09:00,3255.0,3270.0,3250.0,3270.0,6900,0.0,0.0
2023-04-18 10:00:00+09:00,3270.0,3270.0,3245.0,3255.0,6000,0.0,0.0
2023-04-18 11:00:00+09:00,3250.0,3255.0,3250.0,3255.0,0,0.0,0.0
2023-04-18 12:00:00+09:00,3265.0,3265.0,3245.0,3245.0,15300,0.0,0.0
2023-04-18 13:00:00+09:00,3245.0,3245.0,3230.0,3230.0,4200,0.0,0.0
2023-04-18 14:00:00+09:00,3235.0,3240.0,3225.0,3235.0,6900,0.0,0.0
2023-04-19 09:00:00+09:00,3200.0,3220.0,3185.0,3190.0,16600,0.0,0.0
2023-04-19 10:00:00+09:00,3185.0,3185.0,3175.0,3175.0,5300,0.0,0.0
2023-04-19 11:00:00+09:00,3175.0,3185.0,3175.0,3185.0,0,0.0,0.0
2023-04-19 12:00:00+09:00,3185.0,3185.0,3180.0,3180.0,27500,0.0,0.0
2023-04-19 13:00:00+09:00,3180.0,3200.0,3175.0,3200.0,6500,0.0,0.0
2023-04-19 14:00:00+09:00,3200.0,3205.0,3190.0,3195.0,7200,0.0,0.0
2023-04-20 09:00:00+09:00,3170.0,3210.0,3160.0,3200.0,18300,0.0,0.0
2023-04-20 10:00:00+09:00,3200.0,3215.0,3195.0,3210.0,5800,0.0,0.0
2023-04-20 11:00:00+09:00,3210.0,3220.0,3210.0,3215.0,0,0.0,0.0
2023-04-20 12:00:00+09:00,3210.0,3215.0,3205.0,3205.0,29500,0.0,0.0
2023-04-20 13:00:00+09:00,3205.0,3210.0,3205.0,3205.0,4000,0.0,0.0
2023-04-20 14:00:00+09:00,3205.0,3215.0,3205.0,3210.0,3800,0.0,0.0
2023-04-21 09:00:00+09:00,3210.0,3250.0,3195.0,3250.0,0,0.0,0.0
2023-04-21 10:00:00+09:00,3250.0,3250.0,3225.0,3235.0,23500,0.0,0.0
2023-04-21 11:00:00+09:00,3235.0,3255.0,3235.0,3250.0,0,0.0,0.0
2023-04-21 12:00:00+09:00,3250.0,3250.0,3235.0,3235.0,32200,0.0,0.0
2023-04-21 13:00:00+09:00,3235.0,3235.0,3220.0,3220.0,4300,0.0,0.0
2023-04-21 14:00:00+09:00,3220.0,3225.0,3215.0,3225.0,6800,0.0,0.0
2023-04-24 09:00:00+09:00,3250.0,3255.0,3230.0,3255.0,5700,0.0,0.0
2023-04-24 10:00:00+09:00,3255.0,3270.0,3250.0,3270.0,8400,0.0,0.0
2023-04-24 11:00:00+09:00,3270.0,3270.0,3265.0,3270.0,0,0.0,0.0
2023-04-24 12:00:00+09:00,3275.0,3275.0,3260.0,3265.0,18800,0.0,0.0
2023-04-24 13:00:00+09:00,3260.0,3265.0,3250.0,3260.0,5100,0.0,0.0
2023-04-24 14:00:00+09:00,3265.0,3270.0,3250.0,3265.0,6400,0.0,0.0
2023-04-25 09:00:00+09:00,3280.0,3290.0,3275.0,3275.0,12500,0.0,0.0
2023-04-25 10:00:00+09:00,3275.0,3300.0,3275.0,3300.0,9400,0.0,0.0
2023-04-25 11:00:00+09:00,3295.0,3295.0,3285.0,3295.0,0,0.0,0.0
2023-04-25 12:00:00+09:00,3285.0,3295.0,3275.0,3275.0,35000,0.0,0.0
2023-04-25 13:00:00+09:00,3275.0,3280.0,3270.0,3270.0,7100,0.0,0.0
2023-04-25 14:00:00+09:00,3270.0,3275.0,3255.0,3270.0,12800,0.0,0.0
2023-04-26 09:00:00+09:00,3225.0,3235.0,3185.0,3215.0,14200,0.0,0.0
2023-04-26 10:00:00+09:00,3215.0,3215.0,3190.0,3190.0,7900,0.0,0.0
2023-04-26 11:00:00+09:00,3190.0,3205.0,3190.0,3200.0,0,0.0,0.0
2023-04-26 12:00:00+09:00,3190.0,3190.0,3170.0,3170.0,35400,0.0,0.0
2023-04-26 13:00:00+09:00,3170.0,3180.0,3165.0,3175.0,5900,0.0,0.0
2023-04-26 14:00:00+09:00,3180.0,3195.0,3180.0,3185.0,17300,0.0,0.0
2023-04-27 09:00:00+09:00,3210.0,3225.0,3195.0,3220.0,0,0.0,0.0
2023-04-27 10:00:00+09:00,3215.0,3215.0,3195.0,3200.0,15100,0.0,0.0
2023-04-27 11:00:00+09:00,3205.0,3205.0,3200.0,3200.0,0,0.0,0.0
2023-04-27 12:00:00+09:00,3205.0,3205.0,3185.0,3190.0,25000,0.0,0.0
2023-04-27 13:00:00+09:00,3195.0,3215.0,3195.0,3210.0,7200,0.0,0.0
2023-04-27 14:00:00+09:00,3210.0,3230.0,3205.0,3220.0,13900,0.0,0.0
2023-04-28 09:00:00+09:00,3280.0,3325.0,3275.0,3290.0,31500,0.0,0.0
2023-04-28 10:00:00+09:00,3290.0,3290.0,3270.0,3290.0,6900,0.0,0.0
2023-04-28 11:00:00+09:00,3290.0,3295.0,3290.0,3290.0,0,0.0,0.0
2023-04-28 12:00:00+09:00,3290.0,3305.0,3285.0,3285.0,48900,0.0,0.0
2023-04-28 13:00:00+09:00,3280.0,3315.0,3280.0,3295.0,6600,0.0,0.0
2023-04-28 14:00:00+09:00,3300.0,3310.0,3300.0,3310.0,9700,0.0,0.0
2023-05-01 09:00:00+09:00,3350.0,3385.0,3350.0,3355.0,19000,0.0,0.0
2023-05-01 10:00:00+09:00,3355.0,3355.0,3335.0,3340.0,7400,0.0,0.0
2023-05-01 11:00:00+09:00,3340.0,3345.0,3340.0,3340.0,0,0.0,0.0
2023-05-01 12:00:00+09:00,3350.0,3360.0,3340.0,3360.0,35500,0.0,0.0
2023-05-01 13:00:00+09:00,3360.0,3365.0,3355.0,3360.0,7600,0.0,0.0
2023-05-01 14:00:00+09:00,3360.0,3385.0,3360.0,3385.0,15400,0.0,0.0
2023-05-02 09:00:00+09:00,3395.0,3440.0,3395.0,3425.0,28100,0.0,0.0
2023-05-02 10:00:00+09:00,3430.0,3480.0,3430.0,3475.0,25400,0.0,0.0
2023-05-02 11:00:00+09:00,3475.0,3475.0,3470.0,3470.0,0,0.0,0.0
2023-05-02 12:00:00+09:00,3465.0,3465.0,3435.0,3455.0,78100,0.0,0.0
2023-05-02 13:00:00+09:00,3460.0,3465.0,3450.0,3455.0,10400,0.0,0.0
2023-05-02 14:00:00+09:00,3450.0,3465.0,3445.0,3455.0,16000,0.0,0.0
2023-05-08 09:00:00+09:00,3425.0,3500.0,3425.0,3470.0,40800,0.0,0.0
2023-05-08 10:00:00+09:00,3475.0,3480.0,3460.0,3465.0,12700,0.0,0.0
2023-05-08 11:00:00+09:00,3460.0,3460.0,3440.0,3440.0,0,0.0,0.0
2023-05-08 12:00:00+09:00,3435.0,3455.0,3435.0,3435.0,63000,0.0,0.0
2023-05-08 13:00:00+09:00,3435.0,3445.0,3430.0,3430.0,7100,0.0,0.0
2023-05-08 14:00:00+09:00,3435.0,3450.0,3435.0,3440.0,12800,0.0,0.0
2023-05-09 09:00:00+09:00,3460.0,3485.0,3455.0,3470.0,16200,0.0,0.0
2023-05-09 10:00:00+09:00,3470.0,3480.0,3465.0,3480.0,10200,0.0,0.0
2023-05-09 11:00:00+09:00,3480.0,3485.0,3470.0,3480.0,0,0.0,0.0
2023-05-09 12:00:00+09:00,3485.0,3500.0,3480.0,3490.0,41400,0.0,0.0
2023-05-09 13:00:00+09:00,3490.0,3495.0,3480.0,3485.0,11100,0.0,0.0
2023-05-09 14:00:00+09:00,3485.0,3485.0,3470.0,3480.0,19000,0.0,0.0
2023-05-10 09:00:00+09:00,3485.0,3485.0,3460.0,3465.0,13400,0.0,0.0
2023-05-10 10:00:00+09:00,3460.0,3470.0,3455.0,3465.0,4100,0.0,0.0
2023-05-10 11:00:00+09:00,3465.0,3475.0,3465.0,3465.0,0,0.0,0.0
2023-05-10 12:00:00+09:00,3460.0,3465.0,3460.0,3465.0,22600,0.0,0.0
2023-05-10 13:00:00+09:00,3465.0,3465.0,3445.0,3455.0,14600,0.0,0.0
2023-05-10 14:00:00+09:00,3455.0,3465.0,3450.0,3460.0,12000,0.0,0.0
2023-05-11 09:00:00+09:00,3445.0,3445.0,3400.0,3410.0,0,0.0,0.0
2023-05-11 10:00:00+09:00,3410.0,3410.0,3375.0,3385.0,27400,0.0,0.0
2023-05-11 11:00:00+09:00,3385.0,3390.0,3380.0,3385.0,0,0.0,0.0
2023-05-11 12:00:00+09:00,3385.0,3410.0,3385.0,3400.0,38100,0.0,0.0
2023-05-11 13:00:00+09:00,3400.0,3410.0,3400.0,3405.0,8100,0.0,0.0
2023-05-11 14:00:00+09:00,3405.0,3410.0,3395.0,3405.0,14400,0.0,0.0
2023-05-12 09:00:00+09:00,3410.0,3430.0,3355.0,3380.0,29800,0.0,0.0
2023-05-12 10:00:00+09:00,3380.0,3405.0,3380.0,3380.0,10400,0.0,0.0
2023-05-12 11:00:00+09:00,3375.0,3380.0,3375.0,3380.0,0,0.0,0.0
2023-05-12 12:00:00+09:00,3365.0,3370.0,3350.0,3360.0,57900,0.0,0.0
2023-05-12 13:00:00+09:00,3360.0,3375.0,3355.0,3370.0,15100,0.0,0.0
2023-05-12 14:00:00+09:00,3370.0,3380.0,3360.0,3380.0,21600,0.0,0.0
2023-05-15 09:00:00+09:00,3215.0,3280.0,3185.0,3265.0,81700,0.0,0.0
2023-05-15 10:00:00+09:00,3265.0,3295.0,3265.0,3285.0,23900,0.0,0.0
2023-05-15 11:00:00+09:00,3285.0,3285.0,3250.0,3255.0,0,0.0,0.0
2023-05-15 12:00:00+09:00,3250.0,3255.0,3230.0,3235.0,137800,0.0,0.0
2023-05-15 13:00:00+09:00,3235.0,3245.0,3220.0,3240.0,24600,0.0,0.0
2023-05-15 14:00:00+09:00,3240.0,3240.0,3225.0,3235.0,32500,0.0,0.0
2023-05-16 09:00:00+09:00,3280.0,3280.0,3195.0,3230.0,51800,0.0,0.0
2023-05-16 10:00:00+09:00,3230.0,3245.0,3220.0,3225.0,18100,0.0,0.0
2023-05-16 11:00:00+09:00,3225.0,3240.0,3225.0,3240.0,0,0.0,0.0
2023-05-16 12:00:00+09:00,3250.0,3255.0,3235.0,3250.0,94100,0.0,0.0
2023-05-16 13:00:00+09:00,3250.0,3255.0,3235.0,3250.0,13700,0.0,0.0
2023-05-16 14:00:00+09:00,3250.0,3265.0,3245.0,3265.0,27000,0.0,0.0
2023-05-17 09:00:00+09:00,3270.0,3290.0,3245.0,3265.0,22500,0.0,0.0
2023-05-17 10:00:00+09:00,3270.0,3285.0,3270.0,3280.0,11800,0.0,0.0
2023-05-17 11:00:00+09:00,3280.0,3280.0,3260.0,3270.0,0,0.0,0.0
2023-05-17 12:00:00+09:00,3275.0,3275.0,3255.0,3260.0,51800,0.0,0.0
2023-05-17 13:00:00+09:00,3265.0,3265.0,3250.0,3250.0,7900,0.0,0.0
2023-05-17 14:00:00+09:00,3250.0,3250.0,3215.0,3225.0,20400,0.0,0.0
2023-05-18 09:00:00+09:00,3295.0,3335.0,3275.0,3290.0,33300,0.0,0.0
2023-05-18 10:00:00+09:00,3290.0,3310.0,3285.0,3300.0,13600,0.0,0.0
2023-05-18 11:00:00+09:00,3300.0,3310.0,3290.0,3305.0,0,0.0,0.0
2023-05-18 12:00:00+09:00,3305.0,3310.0,3290.0,3290.0,71100,0.0,0.0
2023-05-18 13:00:00+09:00,3295.0,3310.0,3295.0,3305.0,11900,0.0,0.0
2023-05-18 14:00:00+09:00,3305.0,3345.0,3305.0,3340.0,25400,0.0,0.0
2023-05-19 09:00:00+09:00,3365.0,3385.0,3300.0,3305.0,26900,0.0,0.0
2023-05-19 10:00:00+09:00,3310.0,3335.0,3300.0,3325.0,14400,0.0,0.0
2023-05-19 11:00:00+09:00,3335.0,3340.0,3335.0,3340.0,0,0.0,0.0
2023-05-19 12:00:00+09:00,3330.0,3345.0,3320.0,3320.0,56500,0.0,0.0
2023-05-19 13:00:00+09:00,3320.0,3325.0,3305.0,3315.0,14500,0.0,0.0
2023-05-19 14:00:00+09:00,3315.0,3330.0,3310.0,3325.0,25700,0.0,0.0
2023-05-22 09:00:00+09:00,3300.0,3300.0,3235.0,3245.0,21200,0.0,0.0
2023-05-22 10:00:00+09:00,3245.0,3255.0,3240.0,3240.0,12700,0.0,0.0
2023-05-22 11:00:00+09:00,3245.0,3250.0,3240.0,3250.0,0,0.0,0.0
2023-05-22 12:00:00+09:00,3255.0,3275.0,3255.0,3265.0,48400,0.0,0.0
2023-05-22 13:00:00+09:00,3270.0,3305.0,3270.0,3300.0,11400,0.0,0.0
2023-05-22 14:00:00+09:00,3300.0,3305.0,3285.0,3295.0,15400,0.0,0.0
2023-05-23 09:00:00+09:00,3300.0,3305.0,3270.0,3290.0,14600,0.0,0.0
2023-05-23 10:00:00+09:00,3280.0,3280.0,3265.0,3270.0,8100,0.0,0.0
2023-05-23 11:00:00+09:00,3265.0,3270.0,3260.0,3270.0,0,0.0,0.0
2023-05-23 12:00:00+09:00,3270.0,3285.0,3255.0,3265.0,55300,0.0,0.0
2023-05-23 13:00:00+09:00,3265.0,3265.0,3240.0,3255.0,12100,0.0,0.0
2023-05-23 14:00:00+09:00,3255.0,3260.0,3245.0,3250.0,12000,0.0,0.0
2023-05-24 09:00:00+09:00,3240.0,3245.0,3205.0,3215.0,11500,0.0,0.0
2023-05-24 10:00:00+09:00,3215.0,3215.0,3195.0,3200.0,16300,0.0,0.0
2023-05-24 11:00:00+09:00,3200.0,3200.0,3190.0,3190.0,0,0.0,0.0
2023-05-24 12:00:00+09:00,3190.0,3200.0,3190.0,3190.0,43800,0.0,0.0
2023-05-24 13:00:00+09:00,3190.0,3205.0,3185.0,3205.0,15000,0.0,0.0
2023-05-24 14:00:00+09:00,3200.0,3210.0,3195.0,3200.0,18800,0.0,0.0
2023-05-25 09:00:00+09:00,3195.0,3220.0,3195.0,3210.0,12000,0.0,0.0
2023-05-25 10:00:00+09:00,3210.0,3215.0,3205.0,3210.0,6800,0.0,0.0
2023-05-25 11:00:00+09:00,3215.0,3235.0,3215.0,3235.0,0,0.0,0.0
2023-05-25 12:00:00+09:00,3235.0,3265.0,3235.0,3260.0,34800,0.0,0.0
2023-05-25 13:00:00+09:00,3260.0,3260.0,3245.0,3250.0,11100,0.0,0.0
2023-05-25 14:00:00+09:00,3245.0,3260.0,3240.0,3250.0,15400,0.0,0.0
2023-05-26 09:00:00+09:00,3275.0,3290.0,3260.0,3265.0,17100,0.0,0.0
2023-05-26 10:00:00+09:00,3270.0,3275.0,3260.0,3270.0,7900,0.0,0.0
2023-05-26 11:00:00+09:00,3270.0,3270.0,3265.0,3265.0,0,0.0,0.0
2023-05-26 12:00:00+09:00,3265.0,3280.0,3265.0,3275.0,33300,0.0,0.0
2023-05-26 13:00:00+09:00,3275.0,3280.0,3260.0,3265.0,10200,0.0,0.0
2023-05-26 14:00:00+09:00,3265.0,3275.0,3240.0,3240.0,15400,0.0,0.0
2023-05-29 09:00:00+09:00,3340.0,3340.0,3275.0,3275.0,15700,0.0,0.0
2023-05-29 10:00:00+09:00,3275.0,3280.0,3250.0,3255.0,11400,0.0,0.0
2023-05-29 11:00:00+09:00,3260.0,3260.0,3245.0,3245.0,0,0.0,0.0
2023-05-29 12:00:00+09:00,3245.0,3245.0,3210.0,3215.0,38000,0.0,0.0
2023-05-29 13:00:00+09:00,3215.0,3220.0,3210.0,3215.0,7500,0.0,0.0
2023-05-29 14:00:00+09:00,3210.0,3215.0,3195.0,3195.0,24300,0.0,0.0
2023-05-30 09:00:00+09:00,3195.0,3235.0,3190.0,3200.0,23900,0.0,0.0
2023-05-30 10:00:00+09:00,3210.0,3210.0,3190.0,3200.0,6900,0.0,0.0
2023-05-30 11:00:00+09:00,3200.0,3200.0,3180.0,3190.0,0,0.0,0.0
2023-05-30 12:00:00+09:00,3190.0,3190.0,3180.0,3190.0,49400,0.0,0.0
2023-05-30 13:00:00+09:00,3195.0,3215.0,3190.0,3195.0,13300,0.0,0.0
2023-05-30 14:00:00+09:00,3190.0,3200.0,3180.0,3190.0,16800,0.0,0.0
2023-05-31 09:00:00+09:00,3170.0,3185.0,3120.0,3150.0,23600,0.0,0.0
2023-05-31 10:00:00+09:00,3150.0,3155.0,3130.0,3140.0,8500,0.0,0.0
2023-05-31 11:00:00+09:00,3135.0,3135.0,3120.0,3125.0,0,0.0,0.0
2023-05-31 12:00:00+09:00,3125.0,3130.0,3120.0,3120.0,46400,0.0,0.0
2023-05-31 13:00:00+09:00,3120.0,3120.0,3090.0,3095.0,23100,0.0,0.0
2023-05-31 14:00:00+09:00,3090.0,3090.0,3065.0,3070.0,28400,0.0,0.0
2023-06-01 09:00:00+09:00,3105.0,3130.0,3065.0,3075.0,32500,0.0,0.0
2023-06-01 10:00:00+09:00,3075.0,3095.0,3070.0,3075.0,0,0.0,0.0
2023-06-01 11:00:00+09:00,3080.0,3085.0,3065.0,3075.0,0,0.0,0.0
2023-06-01 12:00:00+09:00,3070.0,3085.0,3070.0,3080.0,63100,0.0,0.0
2023-06-01 13:00:00+09:00,3080.0,3080.0,3065.0,3075.0,7600,0.0,0.0
2023-06-01 14:00:00+09:00,3075.0,3085.0,3065.0,3065.0,13800,0.0,0.0
2023-06-02 09:00:00+09:00,3100.0,3160.0,3080.0,3145.0,36900,0.0,0.0
2023-06-02 10:00:00+09:00,3150.0,3170.0,3150.0,3170.0,19500,0.0,0.0
2023-06-02 11:00:00+09:00,3170.0,3175.0,3165.0,3165.0,0,0.0,0.0
2023-06-02 12:00:00+09:00,3175.0,3210.0,3170.0,3195.0,80300,0.0,0.0
2023-06-02 13:00:00+09:00,3195.0,3205.0,3190.0,3200.0,8600,0.0,0.0
2023-06-02 14:00:00+09:00,3200.0,3205.0,3195.0,3205.0,14000,0.0,0.0
2023-06-05 09:00:00+09:00,3325.0,3325.0,3260.0,3285.0,47000,0.0,0.0
2023-06-05 10:00:00+09:00,3280.0,3300.0,3280.0,3295.0,16000,0.0,0.0
2023-06-05 11:00:00+09:00,3295.0,3295.0,3280.0,3285.0,0,0.0,0.0
2023-06-05 12:00:00+09:00,3295.0,3295.0,3265.0,3270.0,78800,0.0,0.0
2023-06-05 13:00:00+09:00,3270.0,3280.0,3260.0,3275.0,8200,0.0,0.0
2023-06-05 14:00:00+09:00,3275.0,3280.0,3255.0,3260.0,12200,0.0,0.0
2023-06-06 09:00:00+09:00,3195.0,3195.0,3145.0,3175.0,27000,0.0,0.0
2023-06-06 10:00:00+09:00,3175.0,3190.0,3175.0,3180.0,12100,0.0,0.0
2023-06-06 11:00:00+09:00,3175.0,3205.0,3175.0,3205.0,0,0.0,0.0
2023-06-06 12:00:00+09:00,3195.0,3215.0,3180.0,3215.0,61600,0.0,0.0
2023-06-06 13:00:00+09:00,3210.0,3215.0,3200.0,3205.0,14800,0.0,0.0
2023-06-06 14:00:00+09:00,3210.0,3230.0,3210.0,3225.0,20900,0.0,0.0
2023-06-07 09:00:00+09:00,3260.0,3270.0,3205.0,3205.0,13900,0.0,0.0
2023-06-07 10:00:00+09:00,3210.0,3220.0,3180.0,3215.0,8900,0.0,0.0
2023-06-07 11:00:00+09:00,3210.0,3210.0,3175.0,3190.0,0,0.0,0.0
2023-06-07 12:00:00+09:00,3190.0,3190.0,3180.0,3190.0,37800,0.0,0.0
2023-06-07 13:00:00+09:00,3190.0,3190.0,3155.0,3180.0,24700,0.0,0.0
2023-06-07 14:00:00+09:00,3185.0,3185.0,3165.0,3165.0,19000,0.0,0.0
2023-06-08 09:00:00+09:00,3180.0,3180.0,3130.0,3150.0,22600,0.0,0.0
2023-06-08 10:00:00+09:00,3145.0,3170.0,3145.0,3155.0,7500,0.0,0.0
2023-06-08 11:00:00+09:00,3160.0,3160.0,3150.0,3155.0,0,0.0,0.0
2023-06-08 12:00:00+09:00,3160.0,3160.0,3135.0,3140.0,40600,0.0,0.0
2023-06-08 13:00:00+09:00,3135.0,3145.0,3130.0,3135.0,5800,0.0,0.0
2023-06-08 14:00:00+09:00,3135.0,3155.0,3135.0,3150.0,10000,0.0,0.0
2023-06-09 09:00:00+09:00,3150.0,3160.0,3135.0,3145.0,42700,0.0,0.0
2023-06-09 10:00:00+09:00,3150.0,3165.0,3145.0,3160.0,9700,0.0,0.0
2023-06-09 11:00:00+09:00,3160.0,3160.0,3135.0,3150.0,0,0.0,0.0
2023-06-09 12:00:00+09:00,3155.0,3175.0,3150.0,3165.0,66900,0.0,0.0
2023-06-09 13:00:00+09:00,3165.0,3170.0,3155.0,3165.0,6800,0.0,0.0
2023-06-09 14:00:00+09:00,3165.0,3175.0,3150.0,3160.0,15300,0.0,0.0
2023-06-12 09:00:00+09:00,3190.0,3200.0,3180.0,3195.0,8900,0.0,0.0
2023-06-12 10:00:00+09:00,3195.0,3200.0,3170.0,3175.0,11800,0.0,0.0
2023-06-12 11:00:00+09:00,3170.0,3180.0,3170.0,3175.0,0,0.0,0.0
2023-06-12 12:00:00+09:00,3180.0,3180.0,3160.0,3175.0,39900,0.0,0.0
2023-06-12 13:00:00+09:00,3170.0,3175.0,3165.0,3170.0,11800,0.0,0.0
2023-06-12 14:00:00+09:00,3175.0,3190.0,3170.0,3185.0,12500,0.0,0.0
2023-06-13 09:00:00+09:00,3220.0,3220.0,3185.0,3185.0,9400,0.0,0.0
2023-06-13 10:00:00+09:00,3190.0,3200.0,3180.0,3190.0,10300,0.0,0.0
2023-06-13 11:00:00+09:00,3195.0,3195.0,3180.0,3190.0,0,0.0,0.0
2023-06-13 12:00:00+09:00,3200.0,3220.0,3195.0,3215.0,35600,0.0,0.0
2023-06-13 13:00:00+09:00,3210.0,3210.0,3205.0,3205.0,8400,0.0,0.0
2023-06-13 14:00:00+09:00,3205.0,3210.0,3190.0,3190.0,11000,0.0,0.0
2023-06-14 09:00:00+09:00,3225.0,3225.0,3190.0,3190.0,12400,0.0,0.0
2023-06-14 10:00:00+09:00,3195.0,3200.0,3185.0,3195.0,6900,0.0,0.0
2023-06-14 11:00:00+09:00,3190.0,3195.0,3185.0,3190.0,0,0.0,0.0
2023-06-14 12:00:00+09:00,3200.0,3210.0,3190.0,3210.0,27900,0.0,0.0
2023-06-14 13:00:00+09:00,3205.0,3210.0,3195.0,3205.0,10000,0.0,0.0
2023-06-14 14:00:00+09:00,3210.0,3215.0,3195.0,3205.0,18200,0.0,0.0
2023-06-15 09:00:00+09:00,3215.0,3230.0,3200.0,3215.0,9900,0.0,0.0
2023-06-15 10:00:00+09:00,3220.0,3235.0,3205.0,3235.0,12700,0.0,0.0
2023-06-15 11:00:00+09:00,3230.0,3265.0,3230.0,3255.0,0,0.0,0.0
2023-06-15 12:00:00+09:00,3255.0,3275.0,3255.0,3270.0,47700,0.0,0.0
2023-06-15 13:00:00+09:00,3270.0,3270.0,3255.0,3260.0,6700,0.0,0.0
2023-06-15 14:00:00+09:00,3255.0,3265.0,3250.0,3250.0,15200,0.0,0.0
2023-06-16 09:00:00+09:00,3220.0,3225.0,3195.0,3205.0,7900,0.0,0.0
2023-06-16 10:00:00+09:00,3205.0,3205.0,3180.0,3180.0,10500,0.0,0.0
2023-06-16 11:00:00+09:00,3185.0,3185.0,3180.0,3180.0,0,0.0,0.0
2023-06-16 12:00:00+09:00,3205.0,3210.0,3195.0,3195.0,32900,0.0,0.0
2023-06-16 13:00:00+09:00,3195.0,3210.0,3195.0,3205.0,11800,0.0,0.0
2023-06-16 14:00:00+09:00,3200.0,3240.0,3200.0,3235.0,43200,0.0,0.0
2023-06-19 09:00:00+09:00,3255.0,3275.0,3220.0,3275.0,15100,0.0,0.0
2023-06-19 10:00:00+09:00,3275.0,3280.0,3260.0,3275.0,8000,0.0,0.0
2023-06-19 11:00:00+09:00,3275.0,3285.0,3275.0,3280.0,0,0.0,0.0
2023-06-19 12:00:00+09:00,3285.0,3290.0,3260.0,3265.0,36400,0.0,0.0
2023-06-19 13:00:00+09:00,3265.0,3275.0,3255.0,3260.0,14100,0.0,0.0
2023-06-19 14:00:00+09:00,3260.0,3265.0,3245.0,3265.0,19100,0.0,0.0
2023-06-20 09:00:00+09:00,3255.0,3265.0,3240.0,3240.0,11400,0.0,0.0
2023-06-20 10:00:00+09:00,3240.0,3285.0,3240.0,3270.0,11400,0.0,0.0
2023-06-20 11:00:00+09:00,3275.0,3290.0,3275.0,3290.0,0,0.0,0.0
2023-06-20 12:00:00+09:00,3290.0,3330.0,3280.0,3320.0,47900,0.0,0.0
2023-06-20 13:00:00+09:00,3320.0,3320.0,3300.0,3310.0,11300,0.0,0.0
2023-06-20 14:00:00+09:00,3310.0,3330.0,3305.0,3325.0,30700,0.0,0.0
2023-06-21 09:00:00+09:00,3320.0,3320.0,3295.0,3295.0,15600,0.0,0.0
2023-06-21 10:00:00+09:00,3295.0,3295.0,3285.0,3295.0,11600,0.0,0.0
2023-06-21 11:00:00+09:00,3290.0,3290.0,3280.0,3290.0,0,0.0,0.0
2023-06-21 12:00:00+09:00,3290.0,3290.0,3270.0,3285.0,48700,0.0,0.0
2023-06-21 13:00:00+09:00,3280.0,3305.0,3280.0,3305.0,7900,0.0,0.0
2023-06-21 14:00:00+09:00,3305.0,3305.0,3280.0,3285.0,16200,0.0,0.0
2023-06-22 09:00:00+09:00,3300.0,3315.0,3275.0,3275.0,15200,0.0,0.0
2023-06-22 10:00:00+09:00,3275.0,3280.0,3270.0,3280.0,9500,0.0,0.0
2023-06-22 11:00:00+09:00,3280.0,3285.0,3275.0,3285.0,0,0.0,0.0
2023-06-22 12:00:00+09:00,3280.0,3295.0,3280.0,3295.0,34100,0.0,0.0
2023-06-22 13:00:00+09:00,3295.0,3295.0,3280.0,3290.0,17400,0.0,0.0
2023-06-22 14:00:00+09:00,3290.0,3290.0,3260.0,3265.0,17200,0.0,0.0
2023-06-23 09:00:00+09:00,3270.0,3300.0,3255.0,3290.0,30300,0.0,0.0
2023-06-23 10:00:00+09:00,3285.0,3285.0,3225.0,3245.0,24900,0.0,0.0
2023-06-23 11:00:00+09:00,3245.0,3250.0,3230.0,3230.0,0,0.0,0.0
2023-06-23 12:00:00+09:00,3230.0,3240.0,3215.0,3235.0,75700,0.0,0.0
2023-06-23 13:00:00+09:00,3235.0,3235.0,3220.0,3230.0,8900,0.0,0.0
2023-06-23 14:00:00+09:00,3225.0,3240.0,3225.0,3240.0,15800,0.0,0.0
2023-06-26 09:00:00+09:00,3220.0,3255.0,3185.0,3235.0,20500,0.0,0.0
2023-06-26 10:00:00+09:00,3230.0,3245.0,3220.0,3235.0,14100,0.0,0.0
2023-06-26 11:00:00+09:00,3240.0,3245.0,3235.0,3235.0,0,0.0,0.0
2023-06-26 12:00:00+09:00,3245.0,3245.0,3230.0,3235.0,51300,0.0,0.0
2023-06-26 13:00:00+09:00,3235.0,3255.0,3235.0,3245.0,11000,0.0,0.0
2023-06-26 14:00:00+09:00,3245.0,3250.0,3225.0,3235.0,24100,0.0,0.0
2023-06-27 09:00:00+09:00,3220.0,3240.0,3195.0,3230.0,16400,0.0,0.0
2023-06-27 10:00:00+09:00,3220.0,3230.0,3215.0,3230.0,4100,0.0,0.0
2023-06-27 11:00:00+09:00,3230.0,3230.0,3220.0,3225.0,0,0.0,0.0
2023-06-27 12:00:00+09:00,3210.0,3225.0,3210.0,3220.0,29300,0.0,0.0
2023-06-27 13:00:00+09:00,3220.0,3250.0,3220.0,3245.0,11900,0.0,0.0
2023-06-27 14:00:00+09:00,3245.0,3255.0,3240.0,3240.0,16100,0.0,0.0
2023-06-28 09:00:00+09:00,3275.0,3290.0,3260.0,3265.0,14100,0.0,0.0
2023-06-28 10:00:00+09:00,3270.0,3275.0,3255.0,3265.0,7500,0.0,0.0
2023-06-28 11:00:00+09:00,3260.0,3275.0,3260.0,3275.0,0,0.0,0.0
2023-06-28 12:00:00+09:00,3280.0,3305.0,3280.0,3305.0,36000,0.0,0.0
2023-06-28 13:00:00+09:00,3305.0,3325.0,3305.0,3320.0,23500,0.0,0.0
2023-06-28 14:00:00+09:00,3315.0,3330.0,3315.0,3330.0,19500,0.0,0.0
2023-06-29 09:00:00+09:00,3345.0,3380.0,3335.0,3370.0,18700,0.0,0.0
2023-06-29 10:00:00+09:00,3365.0,3380.0,3340.0,3375.0,13300,0.0,0.0
2023-06-29 11:00:00+09:00,3370.0,3380.0,3360.0,3370.0,0,0.0,0.0
2023-06-29 12:00:00+09:00,3355.0,3380.0,3350.0,3350.0,49100,0.0,0.0
2023-06-29 13:00:00+09:00,3355.0,3360.0,3340.0,3350.0,9500,0.0,0.0
2023-06-29 14:00:00+09:00,3340.0,3350.0,3335.0,3350.0,18300,0.0,0.0
2023-06-30 09:00:00+09:00,3305.0,3320.0,3275.0,3305.0,24500,0.0,0.0
2023-06-30 10:00:00+09:00,3300.0,3300.0,3285.0,3290.0,10500,0.0,0.0
2023-06-30 11:00:00+09:00,3290.0,3290.0,3275.0,3285.0,0,0.0,0.0
2023-06-30 12:00:00+09:00,3285.0,3290.0,3280.0,3285.0,46900,0.0,0.0
2023-06-30 13:00:00+09:00,3285.0,3285.0,3270.0,3275.0,9400,0.0,0.0
2023-06-30 14:00:00+09:00,3280.0,3295.0,3280.0,3295.0,22100,0.0,0.0
2023-07-03 09:00:00+09:00,3320.0,3355.0,3320.0,3345.0,35400,0.0,0.0
2023-07-03 10:00:00+09:00,3340.0,3345.0,3335.0,3335.0,9700,0.0,0.0
2023-07-03 11:00:00+09:00,3330.0,3340.0,3330.0,3335.0,0,0.0,0.0
2023-07-03 12:00:00+09:00,3340.0,3340.0,3330.0,3335.0,54400,0.0,0.0
2023-07-03 13:00:00+09:00,3335.0,3335.0,3325.0,3335.0,6200,0.0,0.0
2023-07-03 14:00:00+09:00,3335.0,3335.0,3325.0,3330.0,10700,0.0,0.0
2023-07-04 09:00:00+09:00,3310.0,3320.0,3280.0,3290.0,16300,0.0,0.0
2023-07-04 10:00:00+09:00,3290.0,3295.0,3285.0,3285.0,7000,0.0,0.0
2023-07-04 11:00:00+09:00,3280.0,3295.0,3280.0,3295.0,0,0.0,0.0
2023-07-04 12:00:00+09:00,3285.0,3300.0,3285.0,3290.0,32800,0.0,0.0
2023-07-04 13:00:00+09:00,3290.0,3290.0,3260.0,3265.0,12800,0.0,0.0
2023-07-04 14:00:00+09:00,3265.0,3270.0,3260.0,3265.0,4300,0.0,0.0
2023-07-05 09:00:00+09:00,3235.0,3240.0,3210.0,3230.0,29700,0.0,0.0
2023-07-05 10:00:00+09:00,3230.0,3265.0,3230.0,3265.0,17100,0.0,0.0
2023-07-05 11:00:00+09:00,3265.0,3270.0,3255.0,3270.0,0,0.0,0.0
2023-07-05 12:00:00+09:00,3270.0,3275.0,3260.0,3265.0,61600,0.0,0.0
2023-07-05 13:00:00+09:00,3265.0,3265.0,3250.0,3250.0,8900,0.0,0.0
2023-07-05 14:00:00+09:00,3250.0,3255.0,3245.0,3255.0,9300,0.0,0.0
2023-07-06 09:00:00+09:00,3215.0,3250.0,3205.0,3235.0,22600,0.0,0.0
2023-07-06 10:00:00+09:00,3235.0,3250.0,3230.0,3235.0,9100,0.0,0.0
2023-07-06 11:00:00+09:00,3230.0,3235.0,3220.0,3225.0,0,0.0,0.0
2023-07-06 12:00:00+09:00,3210.0,3210.0,3205.0,3205.0,44900,0.0,0.0
2023-07-06 13:00:00+09:00,3205.0,3210.0,3200.0,3210.0,7300,0.0,0.0
2023-07-06 14:00:00+09:00,3205.0,3205.0,3195.0,3200.0,17400,0.0,0.0
2023-07-07 09:00:00+09:00,3170.0,3170.0,3125.0,3170.0,29800,0.0,0.0
2023-07-07 10:00:00+09:00,3165.0,3180.0,3160.0,3165.0,14200,0.0,0.0
2023-07-07 11:00:00+09:00,3160.0,3165.0,3160.0,3165.0,0,0.0,0.0
2023-07-07 12:00:00+09:00,3170.0,3175.0,3160.0,3160.0,57200,0.0,0.0
2023-07-07 13:00:00+09:00,3165.0,3165.0,3155.0,3155.0,6800,0.0,0.0
2023-07-07 14:00:00+09:00,3155.0,3160.0,3145.0,3150.0,9800,0.0,0.0
2023-07-10 09:00:00+09:00,3150.0,3170.0,3145.0,3165.0,17900,0.0,0.0
2023-07-10 10:00:00+09:00,3165.0,3165.0,3140.0,3150.0,9300,0.0,0.0
2023-07-10 11:00:00+09:00,3155.0,3155.0,3150.0,3150.0,0,0.0,0.0
2023-07-10 12:00:00+09:00,3160.0,3160.0,3140.0,3140.0,33800,0.0,0.0
2023-07-10 13:00:00+09:00,3140.0,3160.0,3140.0,3155.0,11200,0.0,0.0
2023-07-10 14:00:00+09:00,3155.0,3155.0,3135.0,3150.0,13500,0.0,0.0
2023-07-11 09:00:00+09:00,3170.0,3175.0,3155.0,3160.0,13800,0.0,0.0
2023-07-11 10:00:00+09:00,3155.0,3155.0,3150.0,3155.0,6400,0.0,0.0
2023-07-11 11:00:00+09:00,3155.0,3165.0,3155.0,3165.0,0,0.0,0.0
2023-07-11 12:00:00+09:00,3160.0,3165.0,3150.0,3150.0,31600,0.0,0.0
2023-07-11 13:00:00+09:00,3150.0,3155.0,3140.0,3150.0,8700,0.0,0.0
2023-07-11 14:00:00+09:00,3150.0,3155.0,3140.0,3150.0,13500,0.0,0.0
2023-07-12 09:00:00+09:00,3165.0,3165.0,3090.0,3100.0,18100,0.0,0.0
2023-07-12 10:00:00+09:00,3100.0,3105.0,3085.0,3095.0,10700,0.0,0.0
2023-07-12 11:00:00+09:00,3095.0,3100.0,3090.0,3095.0,0,0.0,0.0
2023-07-12 12:00:00+09:00,3095.0,3105.0,3095.0,3095.0,37900,0.0,0.0
2023-07-12 13:00:00+09:00,3095.0,3095.0,3080.0,3080.0,9400,0.0,0.0
2023-07-12 14:00:00+09:00,3075.0,3080.0,3065.0,3065.0,11300,0.0,0.0
2023-07-13 09:00:00+09:00,3055.0,3060.0,3030.0,3055.0,18200,0.0,0.0
2023-07-13 10:00:00+09:00,3055.0,3070.0,3055.0,3065.0,8900,0.0,0.0
2023-07-13 11:00:00+09:00,3065.0,3070.0,3060.0,3060.0,0,0.0,0.0
2023-07-13 12:00:00+09:00,3060.0,3065.0,3055.0,3065.0,45300,0.0,0.0
2023-07-13 13:00:00+09:00,3065.0,3065.0,3045.0,3055.0,19200,0.0,0.0
2023-07-13 14:00:00+09:00,3055.0,3065.0,3045.0,3065.0,14200,0.0,0.0
2023-07-14 09:00:00+09:00,3045.0,3065.0,3015.0,3025.0,33700,0.0,0.0
2023-07-14 10:00:00+09:00,3025.0,3030.0,3020.0,3025.0,10900,0.0,0.0
2023-07-14 11:00:00+09:00,3025.0,3030.0,3025.0,3030.0,0,0.0,0.0
2023-07-14 12:00:00+09:00,3030.0,3040.0,3030.0,3035.0,57500,0.0,0.0
2023-07-14 13:00:00+09:00,3030.0,3035.0,3025.0,3025.0,11500,0.0,0.0
2023-07-14 14:00:00+09:00,3030.0,3045.0,3025.0,3045.0,14200,0.0,0.0
2023-07-18 09:00:00+09:00,3080.0,3090.0,3060.0,3090.0,14400,0.0,0.0
2023-07-18 10:00:00+09:00,3085.0,3105.0,3080.0,3090.0,11500,0.0,0.0
2023-07-18 11:00:00+09:00,3090.0,3095.0,3085.0,3095.0,0,0.0,0.0
2023-07-18 12:00:00+09:00,3100.0,3100.0,3085.0,3090.0,32200,0.0,0.0
2023-07-18 13:00:00+09:00,3085.0,3085.0,3075.0,3080.0,6100,0.0,0.0
2023-07-18 14:00:00+09:00,3075.0,3085.0,3070.0,3085.0,7700,0.0,0.0
2023-07-19 09:00:00+09:00,3110.0,3120.0,3085.0,3085.0,10900,0.0,0.0
2023-07-19 10:00:00+09:00,3085.0,3090.0,3080.0,3090.0,10000,0.0,0.0
2023-07-19 11:00:00+09:00,3090.0,3090.0,3085.0,3090.0,0,0.0,0.0
2023-07-19 12:00:00+09:00,3075.0,3080.0,3055.0,3060.0,39600,0.0,0.0
2023-07-19 13:00:00+09:00,3055.0,3065.0,3055.0,3065.0,7400,0.0,0.0
2023-07-19 14:00:00+09:00,3065.0,3070.0,3050.0,3070.0,19200,0.0,0.0
2023-07-20 09:00:00+09:00,3085.0,3085.0,3070.0,3080.0,13100,0.0,0.0
2023-07-20 10:00:00+09:00,3075.0,3085.0,3070.0,3075.0,10000,0.0,0.0
2023-07-20 11:00:00+09:00,3075.0,3075.0,3050.0,3060.0,0,0.0,0.0
2023-07-20 12:00:00+09:00,3060.0,3060.0,3045.0,3050.0,42200,0.0,0.0
2023-07-20 13:00:00+09:00,3050.0,3055.0,3040.0,3045.0,7300,0.0,0.0
2023-07-20 14:00:00+09:00,3045.0,3055.0,3045.0,3050.0,17100,0.0,0.0
2023-07-21 09:00:00+09:00,3035.0,3050.0,3005.0,3040.0,24600,0.0,0.0
2023-07-21 10:00:00+09:00,3035.0,3045.0,3035.0,3035.0,7300,0.0,0.0
2023-07-21 11:00:00+09:00,3030.0,3035.0,3030.0,3030.0,0,0.0,0.0
2023-07-21 12:00:00+09:00,3035.0,3040.0,3025.0,3030.0,44200,0.0,0.0
2023-07-21 13:00:00+09:00,3030.0,3030.0,3020.0,3030.0,8200,0.0,0.0
2023-07-21 14:00:00+09:00,3030.0,3030.0,3025.0,3025.0,8400,0.0,0.0
2023-07-24 09:00:00+09:00,3060.0,3060.0,3025.0,3035.0,10500,0.0,0.0
2023-07-24 10:00:00+09:00,3035.0,3040.0,3025.0,3030.0,10900,0.0,0.0
2023-07-24 11:00:00+09:00,3035.0,3040.0,3030.0,3040.0,0,0.0,0.0
2023-07-24 12:00:00+09:00,3040.0,3045.0,3035.0,3035.0,33800,0.0,0.0
2023-07-24 13:00:00+09:00,3035.0,3035.0,3035.0,3035.0,3000,0.0,0.0
2023-07-24 14:00:00+09:00,3040.0,3045.0,3025.0,3035.0,21100,0.0,0.0
2023-07-25 09:00:00+09:00,3050.0,3050.0,3020.0,3035.0,27600,0.0,0.0
2023-07-25 10:00:00+09:00,3035.0,3040.0,3030.0,3040.0,7300,0.0,0.0
2023-07-25 11:00:00+09:00,3035.0,3040.0,3030.0,3040.0,0,0.0,0.0
2023-07-25 12:00:00+09:00,3040.0,3040.0,3025.0,3035.0,45800,0.0,0.0
2023-07-25 13:00:00+09:00,3030.0,3040.0,3030.0,3035.0,3800,0.0,0.0
2023-07-25 14:00:00+09:00,3035.0,3045.0,3030.0,3045.0,9600,0.0,0.0
2023-07-26 09:00:00+09:00,3050.0,3065.0,3005.0,3015.0,33600,0.0,0.0
2023-07-26 10:00:00+09:00,3010.0,3015.0,3010.0,3015.0,6600,0.0,0.0
2023-07-26 11:00:00+09:00,3015.0,3015.0,3005.0,3010.0,0,0.0,0.0
2023-07-26 12:00:00+09:00,3010.0,3015.0,3005.0,3010.0,54400,0.0,0.0
2023-07-26 13:00:00+09:00,3010.0,3015.0,3005.0,3005.0,9900,0.0,0.0
2023-07-26 14:00:00+09:00,3010.0,3015.0,3005.0,3005.0,8400,0.0,0.0
2023-07-27 09:00:00+09:00,3005.0,3005.0,2981.0,2985.0,33500,0.0,0.0
2023-07-27 10:00:00+09:00,2985.0,2988.0,2971.0,2971.0,22500,0.0,0.0
2023-07-27 11:00:00+09:00,2974.0,2978.0,2971.0,2974.0,0,0.0,0.0
2023-07-27 12:00:00+09:00,2974.0,2986.0,2970.0,2981.0,77800,0.0,0.0
2023-07-27 13:00:00+09:00,2982.0,2987.0,2977.0,2985.0,17300,0.0,0.0
2023-07-27 14:00:00+09:00,2985.0,2996.0,2983.0,2995.0,21500,0.0,0.0
2023-07-28 09:00:00+09:00,2985.0,3005.0,2967.0,2978.0,22700,0.0,0.0
2023-07-28 10:00:00+09:00,2979.0,2985.0,2973.0,2984.0,9700,0.0,0.0
2023-07-28 11:00:00+09:00,2982.0,2982.0,2972.0,2973.0,0,0.0,0.0
2023-07-28 12:00:00+09:00,2971.0,3000.0,2969.0,2974.0,57400,0.0,0.0
2023-07-28 13:00:00+09:00,2976.0,2978.0,2955.0,2969.0,21000,0.0,0.0
2023-07-28 14:00:00+09:00,2967.0,3005.0,2963.0,3000.0,24400,0.0,0.0
2023-07-31 09:00:00+09:00,3040.0,3040.0,3000.0,3010.0,31100,0.0,0.0
2023-07-31 10:00:00+09:00,3005.0,3010.0,2997.0,3000.0,16900,0.0,0.0
2023-07-31 11:00:00+09:00,3005.0,3005.0,2999.0,3005.0,0,0.0,0.0
2023-07-31 12:00:00+09:00,3000.0,3005.0,2997.0,3000.0,60400,0.0,0.0
2023-07-31 13:00:00+09:00,3005.0,3005.0,2999.0,3000.0,7700,0.0,0.0
2023-07-31 14:00:00+09:00,2999.0,3020.0,2999.0,3015.0,17000,0.0,0.0
2023-08-01 09:00:00+09:00,3035.0,3070.0,3030.0,3045.0,32900,0.0,0.0
2023-08-01 10:00:00+09:00,3045.0,3050.0,3030.0,3030.0,15900,0.0,0.0
2023-08-01 11:00:00+09:00,3030.0,3030.0,3025.0,3030.0,0,0.0,0.0
2023-08-01 12:00:00+09:00,3025.0,3030.0,3020.0,3020.0,57300,0.0,0.0
2023-08-01 13:00:00+09:00,3025.0,3025.0,3015.0,3020.0,10300,0.0,0.0
2023-08-01 14:00:00+09:00,3025.0,3030.0,3020.0,3025.0,16700,0.0,0.0
2023-08-02 09:00:00+09:00,3005.0,3010.0,2996.0,3010.0,16900,0.0,0.0
2023-08-02 10:00:00+09:00,3000.0,3015.0,2999.0,3005.0,11200,0.0,0.0
2023-08-02 11:00:00+09:00,3005.0,3020.0,3005.0,3010.0,0,0.0,0.0
2023-08-02 12:00:00+09:00,3000.0,3010.0,2998.0,3000.0,45600,0.0,0.0
2023-08-02 13:00:00+09:00,3000.0,3010.0,2991.0,2993.0,15700,0.0,0.0
2023-08-02 14:00:00+09:00,2993.0,3000.0,2986.0,2991.0,17500,0.0,0.0
2023-08-03 09:00:00+09:00,2960.0,2964.0,2891.0,2894.0,71500,0.0,0.0
2023-08-03 10:00:00+09:00,2894.0,2926.0,2878.0,2912.0,35600,0.0,0.0
2023-08-03 11:00:00+09:00,2911.0,2921.0,2909.0,2909.0,0,0.0,0.0
2023-08-03 12:00:00+09:00,2909.0,2922.0,2909.0,2922.0,133700,0.0,0.0
2023-08-03 13:00:00+09:00,2923.0,2923.0,2908.0,2914.0,25100,0.0,0.0
2023-08-03 14:00:00+09:00,2914.0,2917.0,2890.0,2898.0,113600,0.0,0.0
2023-08-04 09:00:00+09:00,3000.0,3025.0,2953.0,2992.0,115000,0.0,0.0
2023-08-04 10:00:00+09:00,2993.0,3025.0,2973.0,2986.0,46300,0.0,0.0
2023-08-04 11:00:00+09:00,2984.0,3005.0,2976.0,2996.0,0,0.0,0.0
2023-08-04 12:00:00+09:00,3005.0,3010.0,2981.0,2996.0,210200,0.0,0.0
2023-08-04 13:00:00+09:00,2995.0,3005.0,2992.0,2993.0,33700,0.0,0.0
2023-08-04 14:00:00+09:00,2992.0,2992.0,2971.0,2975.0,34700,0.0,0.0
2023-08-07 09:00:00+09:00,2947.0,2986.0,2934.0,2984.0,26400,0.0,0.0
2023-08-07 10:00:00+09:00,2980.0,2996.0,2977.0,2992.0,13900,0.0,0.0
2023-08-07 11:00:00+09:00,2991.0,2997.0,2987.0,2987.0,0,0.0,0.0
2023-08-07 12:00:00+09:00,2990.0,3010.0,2985.0,3005.0,67600,0.0,0.0
2023-08-07 13:00:00+09:00,3005.0,3035.0,3000.0,3015.0,20600,0.0,0.0
2023-08-07 14:00:00+09:00,3015.0,3030.0,3010.0,3030.0,26400,0.0,0.0
2023-08-08 09:00:00+09:00,3030.0,3040.0,2993.0,3005.0,51800,0.0,0.0
2023-08-08 10:00:00+09:00,3000.0,3010.0,2982.0,2983.0,19000,0.0,0.0
2023-08-08 11:00:00+09:00,2982.0,2995.0,2978.0,2995.0,0,0.0,0.0
2023-08-08 12:00:00+09:00,2995.0,2995.0,2986.0,2989.0,84600,0.0,0.0
2023-08-08 13:00:00+09:00,2988.0,2991.0,2983.0,2986.0,12800,0.0,0.0
2023-08-08 14:00:00+09:00,2985.0,2995.0,2984.0,2986.0,15800,0.0,0.0
2023-08-09 09:00:00+09:00,2980.0,3020.0,2964.0,3010.0,30200,0.0,0.0
2023-08-09 10:00:00+09:00,3015.0,3020.0,3005.0,3005.0,8000,0.0,0.0
2023-08-09 11:00:00+09:00,3010.0,3010.0,2998.0,3000.0,0,0.0,0.0
2023-08-09 12:00:00+09:00,2998.0,3005.0,2995.0,3000.0,49300,0.0,0.0
2023-08-09 13:00:00+09:00,3005.0,3005.0,2998.0,3005.0,5500,0.0,0.0
2023-08-09 14:00:00+09:00,3005.0,3010.0,3000.0,3010.0,6000,0.0,0.0
2023-08-10 09:00:00+09:00,2981.0,3025.0,2972.0,3025.0,29900,0.0,0.0
2023-08-10 10:00:00+09:00,3020.0,3025.0,3010.0,3015.0,13000,0.0,0.0
2023-08-10 11:00:00+09:00,3020.0,3030.0,3015.0,3030.0,0,0.0,0.0
2023-08-10 12:00:00+09:00,3035.0,3040.0,3030.0,3030.0,62400,0.0,0.0
2023-08-10 13:00:00+09:00,3030.0,3040.0,3030.0,3030.0,19300,0.0,0.0
2023-08-10 14:00:00+09:00,3035.0,3045.0,3030.0,3045.0,22200,0.0,0.0
2023-08-14 09:00:00+09:00,3050.0,3060.0,3015.0,3030.0,0,0.0,0.0
2023-08-14 10:00:00+09:00,3025.0,3045.0,3025.0,3040.0,34300,0.0,0.0
2023-08-14 11:00:00+09:00,3040.0,3040.0,3025.0,3025.0,0,0.0,0.0
2023-08-14 12:00:00+09:00,3035.0,3040.0,3025.0,3025.0,43800,0.0,0.0
2023-08-14 13:00:00+09:00,3025.0,3035.0,3020.0,3030.0,8800,0.0,0.0
2023-08-14 14:00:00+09:00,3035.0,3040.0,3025.0,3040.0,18400,0.0,0.0
2023-08-15 09:00:00+09:00,3055.0,3070.0,3045.0,3060.0,20600,0.0,0.0
2023-08-15 10:00:00+09:00,3065.0,3085.0,3065.0,3065.0,19200,0.0,0.0
2023-08-15 11:00:00+09:00,3065.0,3065.0,3060.0,3065.0,0,0.0,0.0
2023-08-15 12:00:00+09:00,3065.0,3070.0,3055.0,3065.0,47300,0.0,0.0
2023-08-15 13:00:00+09:00,3070.0,3085.0,3065.0,3075.0,13100,0.0,0.0
2023-08-15 14:00:00+09:00,3075.0,3080.0,3065.0,3070.0,9400,0.0,0.0
2023-08-16 09:00:00+09:00,3045.0,3045.0,3025.0,3025.0,17500,0.0,0.0
2023-08-16 10:00:00+09:00,3030.0,3045.0,3030.0,3035.0,14300,0.0,0.0
2023-08-16 11:00:00+09:00,3035.0,3040.0,3030.0,3030.0,0,0.0,0.0
2023-08-16 12:00:00+09:00,3035.0,3055.0,3035.0,3050.0,43300,0.0,0.0
2023-08-16 13:00:00+09:00,3045.0,3055.0,3040.0,3045.0,10900,0.0,0.0
2023-08-16 14:00:00+09:00,3045.0,3045.0,3030.0,3030.0,30000,0.0,0.0
2023-08-17 09:00:00+09:00,3010.0,3025.0,2977.0,2982.0,46100,0.0,0.0
2023-08-17 10:00:00+09:00,2983.0,2988.0,2970.0,2976.0,16100,0.0,0.0
2023-08-17 11:00:00+09:00,2975.0,2983.0,2972.0,2972.0,0,0.0,0.0
2023-08-17 12:00:00+09:00,2988.0,3000.0,2984.0,2994.0,87200,0.0,0.0
2023-08-17 13:00:00+09:00,2995.0,3000.0,2988.0,2992.0,18800,0.0,0.0
2023-08-17 14:00:00+09:00,2993.0,3010.0,2990.0,3010.0,26700,0.0,0.0
2023-08-18 09:00:00+09:00,2963.0,2979.0,2951.0,2951.0,23600,0.0,0.0
2023-08-18 10:00:00+09:00,2951.0,2988.0,2946.0,2988.0,11200,0.0,0.0
2023-08-18 11:00:00+09:00,2990.0,2999.0,2982.0,2982.0,0,0.0,0.0
2023-08-18 12:00:00+09:00,2980.0,2985.0,2970.0,2977.0,48200,0.0,0.0
2023-08-18 13:00:00+09:00,2979.0,2983.0,2962.0,2966.0,11500,0.0,0.0
2023-08-18 14:00:00+09:00,2965.0,2965.0,2946.0,2954.0,21000,0.0,0.0
2023-08-21 09:00:00+09:00,2959.0,2980.0,2950.0,2954.0,19300,0.0,0.0
2023-08-21 10:00:00+09:00,2954.0,2956.0,2942.0,2954.0,11900,0.0,0.0
2023-08-21 11:00:00+09:00,2954.0,2961.0,2954.0,2955.0,0,0.0,0.0
2023-08-21 12:00:00+09:00,2955.0,2960.0,2954.0,2957.0,43700,0.0,0.0
2023-08-21 13:00:00+09:00,2958.0,2962.0,2955.0,2956.0,8800,0.0,0.0
2023-08-21 14:00:00+09:00,2956.0,2959.0,2941.0,2944.0,18200,0.0,0.0
2023-08-22 09:00:00+09:00,2955.0,2967.0,2943.0,2950.0,26900,0.0,0.0
2023-08-22 10:00:00+09:00,2948.0,2948.0,2937.0,2942.0,26200,0.0,0.0
2023-08-22 11:00:00+09:00,2942.0,2943.0,2937.0,2938.0,0,0.0,0.0
2023-08-22 12:00:00+09:00,2938.0,2949.0,2938.0,2946.0,91400,0.0,0.0
2023-08-22 13:00:00+09:00,2946.0,2946.0,2941.0,2944.0,15400,0.0,0.0
2023-08-22 14:00:00+09:00,2941.0,2965.0,2941.0,2961.0,24000,0.0,0.0
2023-08-23 09:00:00+09:00,2941.0,2948.0,2937.0,2943.0,16800,0.0,0.0
2023-08-23 10:00:00+09:00,2942.0,2965.0,2941.0,2956.0,23400,0.0,0.0
2023-08-23 11:00:00+09:00,2960.0,2960.0,2950.0,2953.0,0,0.0,0.0
2023-08-23 12:00:00+09:00,2945.0,2955.0,2944.0,2949.0,57300,0.0,0.0
2023-08-23 13:00:00+09:00,2949.0,2951.0,2945.0,2951.0,6200,0.0,0.0
2023-08-23 14:00:00+09:00,2951.0,2967.0,2950.0,2962.0,37000,0.0,0.0
2023-08-24 09:00:00+09:00,2999.0,3015.0,2995.0,2996.0,23500,0.0,0.0
2023-08-24 10:00:00+09:00,2995.0,3005.0,2986.0,2997.0,7600,0.0,0.0
2023-08-24 11:00:00+09:00,2998.0,2999.0,2995.0,2999.0,0,0.0,0.0
2023-08-24 12:00:00+09:00,3005.0,3005.0,2999.0,2999.0,37700,0.0,0.0
2023-08-24 13:00:00+09:00,3005.0,3005.0,2997.0,3005.0,7000,0.0,0.0
2023-08-24 14:00:00+09:00,3005.0,3010.0,3000.0,3000.0,8400,0.0,0.0
2023-08-25 09:00:00+09:00,2955.0,2985.0,2951.0,2976.0,25000,0.0,0.0
2023-08-25 10:00:00+09:00,2976.0,2993.0,2976.0,2984.0,7600,0.0,0.0
2023-08-25 11:00:00+09:00,2986.0,2987.0,2982.0,2983.0,0,0.0,0.0
2023-08-25 12:00:00+09:00,2987.0,2987.0,2980.0,2982.0,40200,0.0,0.0
2023-08-25 13:00:00+09:00,2983.0,2983.0,2971.0,2971.0,8000,0.0,0.0
2023-08-25 14:00:00+09:00,2974.0,2982.0,2971.0,2976.0,12300,0.0,0.0
2023-08-28 09:00:00+09:00,2988.0,3025.0,2988.0,3025.0,18000,0.0,0.0
2023-08-28 10:00:00+09:00,3030.0,3030.0,3015.0,3025.0,13100,0.0,0.0
2023-08-28 11:00:00+09:00,3025.0,3025.0,3020.0,3025.0,0,0.0,0.0
2023-08-28 12:00:00+09:00,3025.0,3025.0,3010.0,3020.0,44800,0.0,0.0
2023-08-28 13:00:00+09:00,3020.0,3025.0,3015.0,3025.0,11300,0.0,0.0
2023-08-28 14:00:00+09:00,3030.0,3030.0,3025.0,3030.0,18300,0.0,0.0
2023-08-29 09:00:00+09:00,3045.0,3045.0,3025.0,3040.0,23700,0.0,0.0
2023-08-29 10:00:00+09:00,3040.0,3040.0,3030.0,3035.0,15800,0.0,0.0
2023-08-29 11:00:00+09:00,3035.0,3045.0,3035.0,3045.0,0,0.0,0.0
2023-08-29 12:00:00+09:00,3040.0,3045.0,3030.0,3030.0,54100,0.0,0.0
2023-08-29 13:00:00+09:00,3035.0,3035.0,3020.0,3030.0,12900,0.0,0.0
2023-08-29 14:00:00+09:00,3030.0,3030.0,3010.0,3015.0,27200,0.0,0.0
2023-08-30 09:00:00+09:00,3045.0,3055.0,3035.0,3035.0,23500,0.0,0.0
2023-08-30 10:00:00+09:00,3040.0,3055.0,3040.0,3055.0,14000,0.0,0.0
2023-08-30 11:00:00+09:00,3055.0,3055.0,3045.0,3050.0,0,0.0,0.0
2023-08-30 12:00:00+09:00,3045.0,3045.0,3025.0,3030.0,54500,0.0,0.0
2023-08-30 13:00:00+09:00,3030.0,3040.0,3030.0,3030.0,9500,0.0,0.0
2023-08-30 14:00:00+09:00,3030.0,3035.0,3025.0,3030.0,28600,0.0,0.0
2023-08-31 09:00:00+09:00,3050.0,3055.0,3035.0,3045.0,21100,0.0,0.0
2023-08-31 10:00:00+09:00,3045.0,3055.0,3040.0,3055.0,12200,0.0,0.0
2023-08-31 11:00:00+09:00,3060.0,3060.0,3050.0,3050.0,0,0.0,0.0
2023-08-31 12:00:00+09:00,3060.0,3065.0,3055.0,3065.0,47800,0.0,0.0
2023-08-31 13:00:00+09:00,3060.0,3070.0,3060.0,3065.0,15900,0.0,0.0
2023-08-31 14:00:00+09:00,3070.0,3070.0,3045.0,3045.0,31700,0.0,0.0
2023-09-01 09:00:00+09:00,3045.0,3090.0,3045.0,3085.0,23300,0.0,0.0
2023-09-01 10:00:00+09:00,3085.0,3095.0,3075.0,3090.0,33800,0.0,0.0
2023-09-01 11:00:00+09:00,3090.0,3100.0,3090.0,3100.0,0,0.0,0.0
2023-09-01 12:00:00+09:00,3105.0,3105.0,3095.0,3100.0,79900,0.0,0.0
2023-09-01 13:00:00+09:00,3095.0,3100.0,3090.0,3095.0,9400,0.0,0.0
2023-09-01 14:00:00+09:00,3095.0,3105.0,3095.0,3100.0,13900,0.0,0.0
2023-09-04 09:00:00+09:00,3115.0,3125.0,3090.0,3110.0,28700,0.0,0.0
2023-09-04 10:00:00+09:00,3110.0,3125.0,3105.0,3115.0,17000,0.0,0.0
2023-09-04 11:00:00+09:00,3120.0,3125.0,3115.0,3125.0,0,0.0,0.0
2023-09-04 12:00:00+09:00,3125.0,3125.0,3115.0,3120.0,51700,0.0,0.0
2023-09-04 13:00:00+09:00,3120.0,3120.0,3110.0,3110.0,4700,0.0,0.0
2023-09-04 14:00:00+09:00,3115.0,3115.0,3100.0,3105.0,14900,0.0,0.0
2023-09-05 09:00:00+09:00,3120.0,3140.0,3120.0,3130.0,14700,0.0,0.0
2023-09-05 10:00:00+09:00,3130.0,3155.0,3125.0,3150.0,19600,0.0,0.0
2023-09-05 11:00:00+09:00,3150.0,3155.0,3150.0,3155.0,0,0.0,0.0
2023-09-05 12:00:00+09:00,3150.0,3160.0,3140.0,3145.0,44600,0.0,0.0
2023-09-05 13:00:00+09:00,3145.0,3155.0,3145.0,3150.0,13500,0.0,0.0
2023-09-05 14:00:00+09:00,3150.0,3175.0,3150.0,3175.0,16000,0.0,0.0
2023-09-06 09:00:00+09:00,3185.0,3185.0,3170.0,3170.0,17400,0.0,0.0
2023-09-06 10:00:00+09:00,3175.0,3180.0,3170.0,3180.0,11300,0.0,0.0
2023-09-06 11:00:00+09:00,3180.0,3195.0,3180.0,3195.0,0,0.0,0.0
2023-09-06 12:00:00+09:00,3190.0,3190.0,3185.0,3185.0,40300,0.0,0.0
2023-09-06 13:00:00+09:00,3190.0,3190.0,3175.0,3180.0,6800,0.0,0.0
2023-09-06 14:00:00+09:00,3175.0,3190.0,3175.0,3180.0,13700,0.0,0.0
2023-09-07 09:00:00+09:00,3160.0,3180.0,3145.0,3180.0,20800,0.0,0.0
2023-09-07 10:00:00+09:00,3180.0,3195.0,3175.0,3195.0,19200,0.0,0.0
2023-09-07 11:00:00+09:00,3195.0,3200.0,3190.0,3200.0,0,0.0,0.0
2023-09-07 12:00:00+09:00,3190.0,3195.0,3180.0,3180.0,58500,0.0,0.0
2023-09-07 13:00:00+09:00,3180.0,3180.0,3160.0,3160.0,11900,0.0,0.0
2023-09-07 14:00:00+09:00,3160.0,3170.0,3155.0,3165.0,23500,0.0,0.0
2023-09-08 09:00:00+09:00,3145.0,3170.0,3140.0,3150.0,42000,0.0,0.0
2023-09-08 10:00:00+09:00,3150.0,3155.0,3135.0,3140.0,14100,0.0,0.0
2023-09-08 11:00:00+09:00,3140.0,3155.0,3140.0,3145.0,0,0.0,0.0
2023-09-08 12:00:00+09:00,3145.0,3145.0,3125.0,3135.0,71600,0.0,0.0
2023-09-08 13:00:00+09:00,3125.0,3140.0,3120.0,3135.0,14700,0.0,0.0
2023-09-08 14:00:00+09:00,3130.0,3140.0,3130.0,3130.0,13100,0.0,0.0
2023-09-11 09:00:00+09:00,3145.0,3165.0,3135.0,3135.0,0,0.0,0.0
2023-09-11 10:00:00+09:00,3135.0,3140.0,3120.0,3130.0,35100,0.0,0.0
2023-09-11 11:00:00+09:00,3130.0,3135.0,3125.0,3130.0,0,0.0,0.0
2023-09-11 12:00:00+09:00,3130.0,3130.0,3115.0,3120.0,45900,0.0,0.0
2023-09-11 13:00:00+09:00,3115.0,3125.0,3110.0,3120.0,9700,0.0,0.0
2023-09-11 14:00:00+09:00,3120.0,3125.0,3120.0,3125.0,13100,0.0,0.0
2023-09-12 09:00:00+09:00,3130.0,3170.0,3125.0,3125.0,17100,0.0,0.0
2023-09-12 10:00:00+09:00,3130.0,3130.0,3105.0,3115.0,8100,0.0,0.0
2023-09-12 11:00:00+09:00,3110.0,3115.0,3105.0,3110.0,0,0.0,0.0
2023-09-12 12:00:00+09:00,3125.0,3125.0,3115.0,3120.0,33900,0.0,0.0
2023-09-12 13:00:00+09:00,3120.0,3130.0,3115.0,3125.0,8000,0.0,0.0
2023-09-12 14:00:00+09:00,3120.0,3120.0,3105.0,3120.0,29800,0.0,0.0
2023-09-13 09:00:00+09:00,3110.0,3130.0,3105.0,3130.0,17500,0.0,0.0
2023-09-13 10:00:00+09:00,3125.0,3125.0,3110.0,3115.0,8400,0.0,0.0
2023-09-13 11:00:00+09:00,3115.0,3120.0,3105.0,3105.0,0,0.0,0.0
2023-09-13 12:00:00+09:00,3105.0,3115.0,3100.0,3105.0,45100,0.0,0.0
2023-09-13 13:00:00+09:00,3105.0,3120.0,3105.0,3110.0,0,0.0,0.0
2023-09-13 14:00:00+09:00,3110.0,3110.0,3100.0,3105.0,68900,0.0,0.0
2023-09-14 09:00:00+09:00,3100.0,3110.0,3085.0,3095.0,16700,0.0,0.0
2023-09-14 10:00:00+09:00,3095.0,3095.0,3085.0,3090.0,4100,0.0,0.0
2023-09-14 11:00:00+09:00,3095.0,3105.0,3090.0,3100.0,0,0.0,0.0
2023-09-14 12:00:00+09:00,3105.0,3110.0,3100.0,3105.0,33400,0.0,0.0
2023-09-14 13:00:00+09:00,3110.0,3125.0,3110.0,3120.0,9000,0.0,0.0
2023-09-14 14:00:00+09:00,3115.0,3125.0,3115.0,3120.0,12400,0.0,0.0
2023-09-15 09:00:00+09:00,3120.0,3120.0,3080.0,3100.0,25700,0.0,0.0
2023-09-15 10:00:00+09:00,3105.0,3110.0,3090.0,3095.0,9800,0.0,0.0
2023-09-15 11:00:00+09:00,3095.0,3100.0,3095.0,3095.0,0,0.0,0.0
2023-09-15 12:00:00+09:00,3095.0,3100.0,3085.0,3090.0,47500,0.0,0.0
2023-09-15 13:00:00+09:00,3090.0,3100.0,3085.0,3095.0,9900,0.0,0.0
2023-09-15 14:00:00+09:00,3100.0,3100.0,3090.0,3095.0,18600,0.0,0.0
2023-09-19 09:00:00+09:00,3080.0,3085.0,3050.0,3075.0,31500,0.0,0.0
2023-09-19 10:00:00+09:00,3075.0,3080.0,3070.0,3070.0,8500,0.0,0.0
2023-09-19 11:00:00+09:00,3070.0,3070.0,3065.0,3065.0,0,0.0,0.0
2023-09-19 12:00:00+09:00,3080.0,3080.0,3065.0,3070.0,55400,0.0,0.0
2023-09-19 13:00:00+09:00,3070.0,3075.0,3065.0,3070.0,4000,0.0,0.0
2023-09-19 14:00:00+09:00,3075.0,3095.0,3070.0,3090.0,10900,0.0,0.0
2023-09-20 09:00:00+09:00,3070.0,3080.0,3040.0,3045.0,43700,0.0,0.0
2023-09-20 10:00:00+09:00,3045.0,3055.0,3040.0,3050.0,12100,0.0,0.0
2023-09-20 11:00:00+09:00,3050.0,3050.0,3040.0,3040.0,0,0.0,0.0
2023-09-20 12:00:00+09:00,3040.0,3040.0,3030.0,3040.0,79600,0.0,0.0
2023-09-20 13:00:00+09:00,3040.0,3040.0,3030.0,3030.0,9400,0.0,0.0
2023-09-20 14:00:00+09:00,3035.0,3040.0,3030.0,3030.0,38800,0.0,0.0
2023-09-21 09:00:00+09:00,3030.0,3045.0,3030.0,3035.0,17900,0.0,0.0
2023-09-21 10:00:00+09:00,3035.0,3035.0,3020.0,3020.0,9000,0.0,0.0
2023-09-21 11:00:00+09:00,3020.0,3020.0,3015.0,3015.0,0,0.0,0.0
2023-09-21 12:00:00+09:00,3015.0,3020.0,3010.0,3010.0,45500,0.0,0.0
2023-09-21 13:00:00+09:00,3010.0,3015.0,3005.0,3005.0,6900,0.0,0.0
2023-09-21 14:00:00+09:00,3005.0,3010.0,3000.0,3000.0,23000,0.0,0.0
2023-09-22 09:00:00+09:00,2986.0,3005.0,2969.0,3005.0,39500,0.0,0.0
2023-09-22 10:00:00+09:00,3000.0,3005.0,2995.0,3005.0,5200,0.0,0.0
2023-09-22 11:00:00+09:00,3000.0,3015.0,3000.0,3000.0,0,0.0,0.0
2023-09-22 12:00:00+09:00,3020.0,3030.0,3010.0,3015.0,64000,0.0,0.0
2023-09-22 13:00:00+09:00,3015.0,3020.0,3005.0,3015.0,14800,0.0,0.0
2023-09-22 14:00:00+09:00,3015.0,3030.0,3015.0,3020.0,13200,0.0,0.0
2023-09-25 09:00:00+09:00,3030.0,3045.0,3010.0,3045.0,24400,0.0,0.0
2023-09-25 10:00:00+09:00,3045.0,3055.0,3045.0,3050.0,6100,0.0,0.0
2023-09-25 11:00:00+09:00,3050.0,3055.0,3045.0,3045.0,0,0.0,0.0
2023-09-25 12:00:00+09:00,3055.0,3060.0,3050.0,3050.0,40200,0.0,0.0
2023-09-25 13:00:00+09:00,3050.0,3055.0,3045.0,3055.0,6400,0.0,0.0
2023-09-25 14:00:00+09:00,3055.0,3070.0,3055.0,3065.0,8400,0.0,0.0
2023-09-26 09:00:00+09:00,3065.0,3065.0,3035.0,3035.0,21900,0.0,0.0
2023-09-26 10:00:00+09:00,3040.0,3050.0,3040.0,3045.0,5600,0.0,0.0
2023-09-26 11:00:00+09:00,3050.0,3060.0,3045.0,3055.0,0,0.0,0.0
2023-09-26 12:00:00+09:00,3055.0,3065.0,3055.0,3060.0,44700,0.0,0.0
2023-09-26 13:00:00+09:00,3060.0,3065.0,3055.0,3065.0,7400,0.0,0.0
2023-09-26 14:00:00+09:00,3065.0,3075.0,3065.0,3065.0,18600,0.0,0.0
2023-09-27 09:00:00+09:00,3055.0,3065.0,3030.0,3060.0,27300,0.0,0.0
2023-09-27 10:00:00+09:00,3055.0,3060.0,3050.0,3055.0,9300,0.0,0.0
2023-09-27 11:00:00+09:00,3060.0,3070.0,3060.0,3060.0,0,0.0,0.0
2023-09-27 12:00:00+09:00,3070.0,3075.0,3065.0,3070.0,53900,0.0,0.0
2023-09-27 13:00:00+09:00,3075.0,3080.0,3060.0,3075.0,12400,0.0,0.0
2023-09-27 14:00:00+09:00,3075.0,3110.0,3075.0,3110.0,56500,0.0,0.0
2023-09-28 09:00:00+09:00,3040.0,3040.0,3010.0,3020.0,24400,0.0,0.0
2023-09-28 10:00:00+09:00,3020.0,3040.0,3020.0,3035.0,12700,0.0,0.0
2023-09-28 11:00:00+09:00,3040.0,3040.0,3020.0,3020.0,0,0.0,0.0
2023-09-28 12:00:00+09:00,3015.0,3020.0,2998.0,3005.0,58500,0.0,0.0
2023-09-28 13:00:00+09:00,3010.0,3015.0,3005.0,3010.0,9500,0.0,0.0
2023-09-28 14:00:00+09:00,3010.0,3030.0,3010.0,3020.0,14900,0.0,0.0
2023-09-29 09:00:00+09:00,3040.0,3040.0,3000.0,3000.0,12700,0.0,0.0
2023-09-29 10:00:00+09:00,3010.0,3010.0,3000.0,3005.0,12300,0.0,0.0
2023-09-29 11:00:00+09:00,3000.0,3005.0,2999.0,3000.0,0,0.0,0.0
2023-09-29 12:00:00+09:00,3000.0,3005.0,2995.0,2995.0,44500,0.0,0.0
2023-09-29 13:00:00+09:00,2995.0,2997.0,2967.0,2967.0,14700,0.0,0.0
2023-09-29 14:00:00+09:00,2967.0,2973.0,2950.0,2959.0,30500,0.0,0.0
2023-10-02 09:00:00+09:00,2970.0,3005.0,2970.0,2985.0,23800,0.0,0.0
2023-10-02 10:00:00+09:00,2985.0,2987.0,2978.0,2978.0,7400,0.0,0.0
2023-10-02 11:00:00+09:00,2977.0,2978.0,2974.0,2974.0,0,0.0,0.0
2023-10-02 12:00:00+09:00,2973.0,2973.0,2956.0,2956.0,45900,0.0,0.0
2023-10-02 13:00:00+09:00,2958.0,2962.0,2933.0,2939.0,16800,0.0,0.0
2023-10-02 14:00:00+09:00,2941.0,2942.0,2917.0,2917.0,21700,0.0,0.0
2023-10-03 09:00:00+09:00,2916.0,2916.0,2864.0,2882.0,36000,0.0,0.0
2023-10-03 10:00:00+09:00,2880.0,2887.0,2875.0,2876.0,11800,0.0,0.0
2023-10-03 11:00:00+09:00,2874.0,2875.0,2870.0,2871.0,0,0.0,0.0
2023-10-03 12:00:00+09:00,2869.0,2874.0,2861.0,2863.0,61800,0.0,0.0
2023-10-03 13:00:00+09:00,2861.0,2863.0,2847.0,2848.0,15900,0.0,0.0
2023-10-03 14:00:00+09:00,2846.0,2851.0,2836.0,2836.0,23300,0.0,0.0
2023-10-04 09:00:00+09:00,2797.0,2819.0,2778.0,2813.0,34700,0.0,0.0
2023-10-04 10:00:00+09:00,2812.0,2821.0,2801.0,2802.0,8400,0.0,0.0
2023-10-04 11:00:00+09:00,2801.0,2802.0,2793.0,2793.0,0,0.0,0.0
2023-10-04 12:00:00+09:00,2804.0,2810.0,2770.0,2772.0,69300,0.0,0.0
2023-10-04 13:00:00+09:00,2772.0,2801.0,2765.0,2791.0,16200,0.0,0.0
2023-10-04 14:00:00+09:00,2789.0,2796.0,2775.0,2777.0,18900,0.0,0.0
2023-10-05 09:00:00+09:00,2798.0,2818.0,2778.0,2779.0,33800,0.0,0.0
2023-10-05 10:00:00+09:00,2782.0,2789.0,2772.0,2780.0,18200,0.0,0.0
2023-10-05 11:00:00+09:00,2782.0,2792.0,2776.0,2792.0,0,0.0,0.0
2023-10-05 12:00:00+09:00,2792.0,2792.0,2778.0,2790.0,76300,0.0,0.0
2023-10-05 13:00:00+09:00,2791.0,2801.0,2791.0,2794.0,14700,0.0,0.0
2023-10-05 14:00:00+09:00,2794.0,2796.0,2781.0,2788.0,36200,0.0,0.0
2023-10-06 09:00:00+09:00,2802.0,2817.0,2793.0,2805.0,21700,0.0,0.0
2023-10-06 10:00:00+09:00,2803.0,2816.0,2803.0,2812.0,15600,0.0,0.0
2023-10-06 11:00:00+09:00,2814.0,2814.0,2807.0,2809.0,0,0.0,0.0
2023-10-06 12:00:00+09:00,2808.0,2812.0,2800.0,2800.0,62800,0.0,0.0
2023-10-06 13:00:00+09:00,2800.0,2808.0,2795.0,2795.0,14300,0.0,0.0
2023-10-06 14:00:00+09:00,2797.0,2797.0,2780.0,2784.0,26000,0.0,0.0
2023-10-10 09:00:00+09:00,2810.0,2858.0,2810.0,2858.0,21500,0.0,0.0
2023-10-10 10:00:00+09:00,2859.0,2867.0,2854.0,2860.0,11100,0.0,0.0
2023-10-10 11:00:00+09:00,2860.0,2870.0,2859.0,2870.0,0,0.0,0.0
2023-10-10 12:00:00+09:00,2859.0,2859.0,2849.0,2854.0,45000,0.0,0.0
2023-10-10 13:00:00+09:00,2854.0,2861.0,2851.0,2851.0,9500,0.0,0.0
2023-10-10 14:00:00+09:00,2852.0,2866.0,2851.0,2859.0,15200,0.0,0.0
2023-10-11 09:00:00+09:00,2857.0,2857.0,2835.0,2842.0,12800,0.0,0.0
2023-10-11 10:00:00+09:00,2844.0,2844.0,2834.0,2837.0,4900,0.0,0.0
2023-10-11 11:00:00+09:00,2834.0,2835.0,2828.0,2831.0,0,0.0,0.0
2023-10-11 12:00:00+09:00,2839.0,2844.0,2833.0,2840.0,25900,0.0,0.0
2023-10-11 13:00:00+09:00,2840.0,2846.0,2834.0,2840.0,7100,0.0,0.0
2023-10-11 14:00:00+09:00,2838.0,2844.0,2830.0,2832.0,10400,0.0,0.0
2023-10-12 09:00:00+09:00,2846.0,2858.0,2830.0,2851.0,0,0.0,0.0
2023-10-12 10:00:00+09:00,2855.0,2858.0,2847.0,2852.0,24400,0.0,0.0
2023-10-12 11:00:00+09:00,2850.0,2858.0,2850.0,2857.0,0,0.0,0.0
2023-10-12 12:00:00+09:00,2860.0,2878.0,2859.0,2874.0,35100,0.0,0.0
2023-10-12 13:00:00+09:00,2874.0,2874.0,2868.0,2872.0,5500,0.0,0.0
2023-10-12 14:00:00+09:00,2872.0,2878.0,2866.0,2873.0,11300,0.0,0.0
2023-10-13 09:00:00+09:00,2861.0,2870.0,2840.0,2840.0,19200,0.0,0.0
2023-10-13 10:00:00+09:00,2841.0,2843.0,2828.0,2828.0,6800,0.0,0.0
2023-10-13 11:00:00+09:00,2828.0,2838.0,2823.0,2826.0,0,0.0,0.0
2023-10-13 12:00:00+09:00,2826.0,2826.0,2808.0,2809.0,37000,0.0,0.0
2023-10-13 13:00:00+09:00,2809.0,2809.0,2798.0,2800.0,11500,0.0,0.0
2023-10-13 14:00:00+09:00,2798.0,2806.0,2797.0,2806.0,12900,0.0,0.0
2023-10-16 09:00:00+09:00,2780.0,2785.0,2755.0,2756.0,29400,0.0,0.0
2023-10-16 10:00:00+09:00,2756.0,2759.0,2748.0,2749.0,11500,0.0,0.0
2023-10-16 11:00:00+09:00,2748.0,2751.0,2744.0,2750.0,0,0.0,0.0
2023-10-16 12:00:00+09:00,2750.0,2751.0,2743.0,2744.0,56600,0.0,0.0
2023-10-16 13:00:00+09:00,2744.0,2748.0,2742.0,2748.0,5300,0.0,0.0
2023-10-16 14:00:00+09:00,2746.0,2747.0,2733.0,2743.0,16900,0.0,0.0
2023-10-17 09:00:00+09:00,2775.0,2830.0,2775.0,2817.0,20300,0.0,0.0
2023-10-17 10:00:00+09:00,2820.0,2822.0,2794.0,2794.0,11700,0.0,0.0
2023-10-17 11:00:00+09:00,2789.0,2792.0,2785.0,2791.0,0,0.0,0.0
2023-10-17 12:00:00+09:00,2797.0,2801.0,2791.0,2796.0,46200,0.0,0.0
2023-10-17 13:00:00+09:00,2798.0,2805.0,2796.0,2797.0,7700,0.0,0.0
2023-10-17 14:00:00+09:00,2795.0,2815.0,2792.0,2812.0,12900,0.0,0.0
2023-10-18 09:00:00+09:00,2824.0,2828.0,2802.0,2804.0,17900,0.0,0.0
2023-10-18 10:00:00+09:00,2807.0,2808.0,2798.0,2808.0,5100,0.0,0.0
2023-10-18 11:00:00+09:00,2809.0,2822.0,2809.0,2821.0,0,0.0,0.0
2023-10-18 12:00:00+09:00,2809.0,2817.0,2802.0,2817.0,34800,0.0,0.0
2023-10-18 13:00:00+09:00,2818.0,2826.0,2815.0,2821.0,5500,0.0,0.0
2023-10-18 14:00:00+09:00,2816.0,2837.0,2814.0,2834.0,16900,0.0,0.0
2023-10-19 09:00:00+09:00,2800.0,2818.0,2785.0,2818.0,14400,0.0,0.0
2023-10-19 10:00:00+09:00,2823.0,2826.0,2807.0,2810.0,3000,0.0,0.0
2023-10-19 11:00:00+09:00,2810.0,2812.0,2803.0,2803.0,0,0.0,0.0
2023-10-19 12:00:00+09:00,2801.0,2806.0,2798.0,2804.0,23200,0.0,0.0
2023-10-19 13:00:00+09:00,2801.0,2817.0,2799.0,2816.0,5400,0.0,0.0
2023-10-19 14:00:00+09:00,2816.0,2823.0,2805.0,2805.0,9700,0.0,0.0
2023-10-20 09:00:00+09:00,2790.0,2798.0,2770.0,2792.0,15000,0.0,0.0
2023-10-20 10:00:00+09:00,2791.0,2796.0,2777.0,2789.0,7900,0.0,0.0
2023-10-20 11:00:00+09:00,2790.0,2797.0,2790.0,2795.0,0,0.0,0.0
2023-10-20 12:00:00+09:00,2792.0,2798.0,2788.0,2790.0,35300,0.0,0.0
2023-10-20 13:00:00+09:00,2791.0,2797.0,2789.0,2789.0,8700,0.0,0.0
2023-10-20 14:00:00+09:00,2791.0,2805.0,2791.0,2793.0,18700,0.0,0.0
2023-10-23 09:00:00+09:00,2790.0,2790.0,2762.0,2764.0,11300,0.0,0.0
2023-10-23 10:00:00+09:00,2763.0,2766.0,2737.0,2750.0,16300,0.0,0.0
2023-10-23 11:00:00+09:00,2750.0,2750.0,2736.0,2736.0,0,0.0,0.0
2023-10-23 12:00:00+09:00,2732.0,2737.0,2728.0,2732.0,48800,0.0,0.0
2023-10-23 13:00:00+09:00,2731.0,2732.0,2715.0,2728.0,14200,0.0,0.0
2023-10-23 14:00:00+09:00,2727.0,2736.0,2716.0,2716.0,19100,0.0,0.0
2023-10-24 09:00:00+09:00,2715.0,2727.0,2665.0,2671.0,0,0.0,0.0
2023-10-24 10:00:00+09:00,2672.0,2682.0,2652.0,2677.0,62700,0.0,0.0
2023-10-24 11:00:00+09:00,2677.0,2710.0,2674.0,2707.0,0,0.0,0.0
2023-10-24 12:00:00+09:00,2703.0,2713.0,2693.0,2701.0,74800,0.0,0.0
2023-10-24 13:00:00+09:00,2700.0,2721.0,2700.0,2721.0,0,0.0,0.0
2023-10-24 14:00:00+09:00,2722.0,2751.0,2722.0,2740.0,109100,0.0,0.0
2023-10-25 09:00:00+09:00,2771.0,2771.0,2741.0,2755.0,0,0.0,0.0
2023-10-25 10:00:00+09:00,2753.0,2771.0,2752.0,2763.0,26600,0.0,0.0
2023-10-25 11:00:00+09:00,2762.0,2769.0,2762.0,2769.0,0,0.0,0.0
2023-10-25 12:00:00+09:00,2755.0,2761.0,2747.0,2747.0,37300,0.0,0.0
2023-10-25 13:00:00+09:00,2748.0,2753.0,2742.0,2745.0,9100,0.0,0.0
2023-10-25 14:00:00+09:00,2746.0,2748.0,2719.0,2728.0,20600,0.0,0.0
2023-10-26 09:00:00+09:00,2716.0,2733.0,2703.0,2703.0,13900,0.0,0.0
2023-10-26 10:00:00+09:00,2701.0,2707.0,2685.0,2690.0,15800,0.0,0.0
2023-10-26 11:00:00+09:00,2693.0,2693.0,2674.0,2674.0,0,0.0,0.0
2023-10-26 12:00:00+09:00,2677.0,2686.0,2674.0,2676.0,52600,0.0,0.0
2023-10-26 13:00:00+09:00,2680.0,2684.0,2668.0,2673.0,10400,0.0,0.0
2023-10-26 14:00:00+09:00,2673.0,2679.0,2660.0,2664.0,17400,0.0,0.0
2023-10-27 09:00:00+09:00,2710.0,2719.0,2691.0,2716.0,22300,0.0,0.0
2023-10-27 10:00:00+09:00,2715.0,2730.0,2715.0,2726.0,9900,0.0,0.0
2023-10-27 11:00:00+09:00,2726.0,2734.0,2726.0,2733.0,0,0.0,0.0
2023-10-27 12:00:00+09:00,2729.0,2732.0,2717.0,2721.0,43000,0.0,0.0
2023-10-27 13:00:00+09:00,2722.0,2726.0,2715.0,2724.0,8800,0.0,0.0
2023-10-27 14:00:00+09:00,2723.0,2739.0,2718.0,2739.0,16800,0.0,0.0
2023-10-30 09:00:00+09:00,2720.0,2720.0,2691.0,2699.0,18900,0.0,0.0
2023-10-30 10:00:00+09:00,2699.0,2702.0,2687.0,2696.0,11000,0.0,0.0
2023-10-30 11:00:00+09:00,2695.0,2699.0,2680.0,2685.0,0,0.0,0.0
2023-10-30 12:00:00+09:00,2684.0,2690.0,2673.0,2675.0,48200,0.0,0.0
2023-10-30 13:00:00+09:00,2677.0,2679.0,2657.0,2663.0,18500,0.0,0.0
2023-10-30 14:00:00+09:00,2664.0,2684.0,2664.0,2682.0,26500,0.0,0.0
2023-10-31 09:00:00+09:00,2679.0,2690.0,2667.0,2683.0,15600,0.0,0.0
2023-10-31 10:00:00+09:00,2679.0,2679.0,2646.0,2651.0,17000,0.0,0.0
2023-10-31 11:00:00+09:00,2652.0,2657.0,2636.0,2644.0,0,0.0,0.0
2023-10-31 12:00:00+09:00,2659.0,2669.0,2645.0,2669.0,54600,0.0,0.0
2023-10-31 13:00:00+09:00,2667.0,2683.0,2651.0,2659.0,21900,0.0,0.0
2023-10-31 14:00:00+09:00,2657.0,2679.0,2649.0,2679.0,38100,0.0,0.0
2023-11-01 09:00:00+09:00,2732.0,2739.0,2706.0,2722.0,35500,0.0,0.0
2023-11-01 10:00:00+09:00,2724.0,2730.0,2712.0,2716.0,19600,0.0,0.0
2023-11-01 11:00:00+09:00,2718.0,2721.0,2710.0,2717.0,0,0.0,0.0
2023-11-01 12:00:00+09:00,2726.0,2726.0,2716.0,2719.0,73300,0.0,0.0
2023-11-01 13:00:00+09:00,2721.0,2725.0,2706.0,2724.0,0,0.0,0.0
2023-11-01 14:00:00+09:00,2725.0,2730.0,2718.0,2725.0,119200,0.0,0.0
2023-11-02 09:00:00+09:00,2709.0,2739.0,2705.0,2714.0,32500,0.0,0.0
2023-11-02 10:00:00+09:00,2714.0,2725.0,2703.0,2725.0,20100,0.0,0.0
2023-11-02 11:00:00+09:00,2721.0,2724.0,2710.0,2710.0,0,0.0,0.0
2023-11-02 12:00:00+09:00,2735.0,2735.0,2716.0,2727.0,72400,0.0,0.0
2023-11-02 13:00:00+09:00,2725.0,2735.0,2723.0,2727.0,30000,0.0,0.0
2023-11-02 14:00:00+09:00,2727.0,2741.0,2723.0,2735.0,30900,0.0,0.0
2023-11-06 09:00:00+09:00,2790.0,2893.0,2787.0,2887.0,122000,0.0,0.0
2023-11-06 10:00:00+09:00,2887.0,2904.0,2886.0,2887.0,31600,0.0,0.0
2023-11-06 11:00:00+09:00,2890.0,2902.0,2889.0,2894.0,0,0.0,0.0
2023-11-06 12:00:00+09:00,2889.0,2899.0,2876.0,2886.0,196200,0.0,0.0
2023-11-06 13:00:00+09:00,2885.0,2898.0,2876.0,2893.0,24400,0.0,0.0
2023-11-06 14:00:00+09:00,2893.0,2900.0,2888.0,2895.0,27700,0.0,0.0
2023-11-07 09:00:00+09:00,2900.0,2932.0,2876.0,2899.0,57400,0.0,0.0
2023-11-07 10:00:00+09:00,2901.0,2912.0,2886.0,2905.0,20800,0.0,0.0
2023-11-07 11:00:00+09:00,2906.0,2906.0,2896.0,2897.0,0,0.0,0.0
2023-11-07 12:00:00+09:00,2890.0,2895.0,2883.0,2885.0,99900,0.0,0.0
2023-11-07 13:00:00+09:00,2884.0,2887.0,2872.0,2877.0,19500,0.0,0.0
2023-11-07 14:00:00+09:00,2877.0,2890.0,2873.0,2882.0,25400,0.0,0.0
2023-11-08 09:00:00+09:00,2870.0,2905.0,2851.0,2853.0,24300,0.0,0.0
2023-11-08 10:00:00+09:00,2852.0,2852.0,2824.0,2837.0,17100,0.0,0.0
2023-11-08 11:00:00+09:00,2835.0,2841.0,2832.0,2832.0,0,0.0,0.0
2023-11-08 12:00:00+09:00,2827.0,2839.0,2800.0,2806.0,62900,0.0,0.0
2023-11-08 13:00:00+09:00,2807.0,2830.0,2803.0,2825.0,15300,0.0,0.0
2023-11-08 14:00:00+09:00,2823.0,2839.0,2822.0,2835.0,28000,0.0,0.0
2023-11-09 09:00:00+09:00,2836.0,2872.0,2836.0,2865.0,13500,0.0,0.0
2023-11-09 10:00:00+09:00,2865.0,2888.0,2865.0,2871.0,12900,0.0,0.0
2023-11-09 11:00:00+09:00,2870.0,2875.0,2866.0,2871.0,0,0.0,0.0
2023-11-09 12:00:00+09:00,2878.0,2883.0,2874.0,2882.0,39300,0.0,0.0
2023-11-09 13:00:00+09:00,2883.0,2891.0,2877.0,2891.0,13400,0.0,0.0
2023-11-09 14:00:00+09:00,2889.0,2906.0,2887.0,2894.0,21600,0.0,0.0
2023-11-10 09:00:00+09:00,2874.0,2881.0,2826.0,2836.0,46200,0.0,0.0
2023-11-10 10:00:00+09:00,2837.0,2841.0,2817.0,2820.0,20300,0.0,0.0
2023-11-10 11:00:00+09:00,2818.0,2833.0,2811.0,2826.0,0,0.0,0.0
2023-11-10 12:00:00+09:00,2829.0,2835.0,2821.0,2827.0,83500,0.0,0.0
2023-11-10 13:00:00+09:00,2828.0,2840.0,2828.0,2840.0,17400,0.0,0.0
2023-11-10 14:00:00+09:00,2842.0,2854.0,2837.0,2845.0,31500,0.0,0.0
2023-11-13 09:00:00+09:00,2856.0,2857.0,2820.0,2827.0,20900,0.0,0.0
2023-11-13 10:00:00+09:00,2824.0,2827.0,2804.0,2806.0,13300,0.0,0.0
2023-11-13 11:00:00+09:00,2808.0,2819.0,2808.0,2812.0,0,0.0,0.0
2023-11-13 12:00:00+09:00,2803.0,2813.0,2801.0,2802.0,52700,0.0,0.0
2023-11-13 13:00:00+09:00,2802.0,2805.0,2797.0,2805.0,14400,0.0,0.0
2023-11-13 14:00:00+09:00,2805.0,2807.0,2794.0,2803.0,21800,0.0,0.0
2023-11-14 09:00:00+09:00,2813.0,2814.0,2774.0,2774.0,15500,0.0,0.0
2023-11-14 10:00:00+09:00,2773.0,2784.0,2766.0,2780.0,14100,0.0,0.0
2023-11-14 11:00:00+09:00,2780.0,2780.0,2759.0,2763.0,0,0.0,0.0
2023-11-14 12:00:00+09:00,2763.0,2781.0,2760.0,2780.0,56900,0.0,0.0
2023-11-14 13:00:00+09:00,2784.0,2803.0,2780.0,2803.0,11500,0.0,0.0
2023-11-14 14:00:00+09:00,2802.0,2807.0,2796.0,2797.0,17500,0.0,0.0
2023-11-15 09:00:00+09:00,2850.0,2857.0,2820.0,2829.0,22700,0.0,0.0
2023-11-15 10:00:00+09:00,2829.0,2829.0,2817.0,2819.0,6300,0.0,0.0
2023-11-15 11:00:00+09:00,2818.0,2820.0,2815.0,2820.0,0,0.0,0.0
2023-11-15 12:00:00+09:00,2820.0,2840.0,2820.0,2840.0,38600,0.0,0.0
2023-11-15 13:00:00+09:00,2840.0,2843.0,2834.0,2840.0,11700,0.0,0.0
2023-11-15 14:00:00+09:00,2843.0,2859.0,2843.0,2854.0,20900,0.0,0.0
2023-11-16 09:00:00+09:00,2843.0,2872.0,2833.0,2838.0,0,0.0,0.0
2023-11-16 10:00:00+09:00,2839.0,2843.0,2817.0,2817.0,16200,0.0,0.0
2023-11-16 11:00:00+09:00,2815.0,2826.0,2810.0,2824.0,0,0.0,0.0
2023-11-16 12:00:00+09:00,2826.0,2826.0,2812.0,2818.0,24100,0.0,0.0
2023-11-16 13:00:00+09:00,2816.0,2846.0,2814.0,2845.0,9400,0.0,0.0
2023-11-16 14:00:00+09:00,2845.0,2853.0,2843.0,2844.0,16900,0.0,0.0
2023-11-17 09:00:00+09:00,2841.0,2841.0,2813.0,2821.0,11600,0.0,0.0
2023-11-17 10:00:00+09:00,2821.0,2823.0,2805.0,2822.0,18100,0.0,0.0
2023-11-17 11:00:00+09:00,2826.0,2836.0,2826.0,2835.0,0,0.0,0.0
2023-11-17 12:00:00+09:00,2835.0,2836.0,2819.0,2825.0,42200,0.0,0.0
2023-11-17 13:00:00+09:00,2827.0,2832.0,2820.0,2828.0,10900,0.0,0.0
2023-11-17 14:00:00+09:00,2827.0,2840.0,2826.0,2840.0,19800,0.0,0.0
2023-11-20 09:00:00+09:00,2849.0,2879.0,2849.0,2853.0,16200,0.0,0.0
2023-11-20 10:00:00+09:00,2853.0,2853.0,2835.0,2843.0,10200,0.0,0.0
2023-11-20 11:00:00+09:00,2843.0,2845.0,2835.0,2835.0,0,0.0,0.0
2023-11-20 12:00:00+09:00,2841.0,2843.0,2832.0,2833.0,33500,0.0,0.0
2023-11-20 13:00:00+09:00,2832.0,2838.0,2829.0,2836.0,7900,0.0,0.0
2023-11-20 14:00:00+09:00,2835.0,2843.0,2827.0,2827.0,10900,0.0,0.0
2023-11-21 09:00:00+09:00,2840.0,2858.0,2838.0,2840.0,12600,0.0,0.0
2023-11-21 10:00:00+09:00,2838.0,2865.0,2837.0,2863.0,17400,0.0,0.0
2023-11-21 11:00:00+09:00,2863.0,2868.0,2861.0,2861.0,0,0.0,0.0
2023-11-21 12:00:00+09:00,2874.0,2874.0,2862.0,2873.0,47200,0.0,0.0
2023-11-21 13:00:00+09:00,2874.0,2891.0,2874.0,2884.0,16600,0.0,0.0
2023-11-21 14:00:00+09:00,2884.0,2898.0,2884.0,2893.0,20000,0.0,0.0
2023-11-22 09:00:00+09:00,2914.0,2940.0,2913.0,2920.0,22400,0.0,0.0
2023-11-22 10:00:00+09:00,2920.0,2926.0,2919.0,2922.0,10000,0.0,0.0
2023-11-22 11:00:00+09:00,2921.0,2921.0,2903.0,2903.0,0,0.0,0.0
2023-11-22 12:00:00+09:00,2895.0,2898.0,2891.0,2893.0,40900,0.0,0.0
2023-11-22 13:00:00+09:00,2890.0,2894.0,2884.0,2894.0,7300,0.0,0.0
2023-11-22 14:00:00+09:00,2895.0,2900.0,2888.0,2891.0,10400,0.0,0.0
2023-11-24 09:00:00+09:00,2877.0,2900.0,2877.0,2893.0,16600,0.0,0.0
2023-11-24 10:00:00+09:00,2892.0,2897.0,2881.0,2895.0,9300,0.0,0.0
2023-11-24 11:00:00+09:00,2892.0,2896.0,2888.0,2889.0,0,0.0,0.0
2023-11-24 12:00:00+09:00,2882.0,2892.0,2882.0,2885.0,35400,0.0,0.0
2023-11-24 13:00:00+09:00,2888.0,2890.0,2879.0,2879.0,8500,0.0,0.0
2023-11-24 14:00:00+09:00,2882.0,2882.0,2868.0,2872.0,16000,0.0,0.0
2023-11-27 09:00:00+09:00,2860.0,2873.0,2847.0,2847.0,15800,0.0,0.0
2023-11-27 10:00:00+09:00,2848.0,2861.0,2845.0,2851.0,13900,0.0,0.0
2023-11-27 11:00:00+09:00,2845.0,2846.0,2837.0,2838.0,0,0.0,0.0
2023-11-27 12:00:00+09:00,2830.0,2834.0,2820.0,2832.0,49100,0.0,0.0
2023-11-27 13:00:00+09:00,2831.0,2837.0,2828.0,2833.0,8700,0.0,0.0
2023-11-27 14:00:00+09:00,2835.0,2845.0,2831.0,2842.0,17300,0.0,0.0
2023-11-28 09:00:00+09:00,2805.0,2811.0,2787.0,2795.0,21200,0.0,0.0
2023-11-28 10:00:00+09:00,2793.0,2806.0,2791.0,2796.0,7600,0.0,0.0
2023-11-28 11:00:00+09:00,2797.0,2800.0,2791.0,2791.0,0,0.0,0.0
2023-11-28 12:00:00+09:00,2797.0,2806.0,2797.0,2802.0,38000,0.0,0.0
2023-11-28 13:00:00+09:00,2804.0,2822.0,2802.0,2819.0,11400,0.0,0.0
2023-11-28 14:00:00+09:00,2819.0,2825.0,2810.0,2819.0,17500,0.0,0.0
2023-11-29 09:00:00+09:00,2820.0,2831.0,2811.0,2814.0,18500,0.0,0.0
2023-11-29 10:00:00+09:00,2814.0,2827.0,2814.0,2825.0,7100,0.0,0.0
2023-11-29 11:00:00+09:00,2827.0,2831.0,2821.0,2828.0,0,0.0,0.0
2023-11-29 12:00:00+09:00,2833.0,2838.0,2828.0,2832.0,37600,0.0,0.0
2023-11-29 13:00:00+09:00,2831.0,2831.0,2821.0,2822.0,8200,0.0,0.0
2023-11-29 14:00:00+09:00,2820.0,2821.0,2812.0,2816.0,12200,0.0,0.0
2023-11-30 09:00:00+09:00,2816.0,2837.0,2808.0,2813.0,12900,0.0,0.0
2023-11-30 10:00:00+09:00,2812.0,2817.0,2810.0,2810.0,6400,0.0,0.0
2023-11-30 11:00:00+09:00,2814.0,2827.0,2814.0,2820.0,0,0.0,0.0
2023-11-30 12:00:00+09:00,2820.0,2828.0,2820.0,2826.0,27900,0.0,0.0
2023-11-30 13:00:00+09:00,2827.0,2832.0,2820.0,2827.0,7800,0.0,0.0
2023-11-30 14:00:00+09:00,2830.0,2833.0,2821.0,2825.0,23900,0.0,0.0
2023-12-01 09:00:00+09:00,2820.0,2824.0,2808.0,2813.0,0,0.0,0.0
2023-12-01 10:00:00+09:00,2815.0,2862.0,2815.0,2847.0,69300,0.0,0.0
2023-12-01 11:00:00+09:00,2847.0,2860.0,2839.0,2843.0,0,0.0,0.0
2023-12-01 12:00:00+09:00,2849.0,2849.0,2820.0,2828.0,101300,0.0,0.0
2023-12-01 13:00:00+09:00,2828.0,2833.0,2819.0,2821.0,11200,0.0,0.0
2023-12-01 14:00:00+09:00,2820.0,2822.0,2814.0,2817.0,19600,0.0,0.0
2023-12-04 09:00:00+09:00,2780.0,2813.0,2763.0,2785.0,32300,0.0,0.0
2023-12-04 10:00:00+09:00,2787.0,2798.0,2782.0,2789.0,25200,0.0,0.0
2023-12-04 11:00:00+09:00,2788.0,2788.0,2780.0,2785.0,0,0.0,0.0
2023-12-04 12:00:00+09:00,2784.0,2784.0,2776.0,2779.0,68900,0.0,0.0
2023-12-04 13:00:00+09:00,2778.0,2794.0,2777.0,2793.0,10000,0.0,0.0
2023-12-04 14:00:00+09:00,2792.0,2794.0,2775.0,2777.0,23700,0.0,0.0
2023-12-05 09:00:00+09:00,2736.0,2765.0,2731.0,2751.0,23900,0.0,0.0
2023-12-05 10:00:00+09:00,2751.0,2755.0,2737.0,2742.0,16200,0.0,0.0
2023-12-05 11:00:00+09:00,2742.0,2743.0,2734.0,2740.0,0,0.0,0.0
2023-12-05 12:00:00+09:00,2740.0,2748.0,2738.0,2745.0,57700,0.0,0.0
2023-12-05 13:00:00+09:00,2745.0,2757.0,2740.0,2741.0,14100,0.0,0.0
2023-12-05 14:00:00+09:00,2742.0,2747.0,2735.0,2735.0,20800,0.0,0.0
2023-12-06 09:00:00+09:00,2743.0,2765.0,2743.0,2763.0,20400,0.0,0.0
2023-12-06 10:00:00+09:00,2764.0,2764.0,2753.0,2753.0,10500,0.0,0.0
2023-12-06 11:00:00+09:00,2756.0,2762.0,2755.0,2762.0,0,0.0,0.0
2023-12-06 12:00:00+09:00,2762.0,2764.0,2759.0,2761.0,39400,0.0,0.0
2023-12-06 13:00:00+09:00,2761.0,2781.0,2760.0,2779.0,22900,0.0,0.0
2023-12-06 14:00:00+09:00,2779.0,2793.0,2775.0,2787.0,31900,0.0,0.0
2023-12-07 09:00:00+09:00,2761.0,2761.0,2728.0,2729.0,37700,0.0,0.0
2023-12-07 10:00:00+09:00,2729.0,2734.0,2721.0,2723.0,18900,0.0,0.0
2023-12-07 11:00:00+09:00,2723.0,2723.0,2710.0,2713.0,0,0.0,0.0
2023-12-07 12:00:00+09:00,2716.0,2716.0,2698.0,2704.0,93200,0.0,0.0
2023-12-07 13:00:00+09:00,2705.0,2709.0,2698.0,2700.0,21800,0.0,0.0
2023-12-07 14:00:00+09:00,2700.0,2715.0,2698.0,2711.0,40700,0.0,0.0
2023-12-08 09:00:00+09:00,2706.0,2712.0,2657.0,2681.0,90800,0.0,0.0
2023-12-08 10:00:00+09:00,2682.0,2706.0,2680.0,2704.0,16400,0.0,0.0
2023-12-08 11:00:00+09:00,2704.0,2704.0,2697.0,2697.0,0,0.0,0.0
2023-12-08 12:00:00+09:00,2699.0,2705.0,2695.0,2702.0,127300,0.0,0.0
2023-12-08 13:00:00+09:00,2702.0,2706.0,2691.0,2691.0,13600,0.0,0.0
2023-12-08 14:00:00+09:00,2692.0,2701.0,2684.0,2701.0,28600,0.0,0.0
2023-12-11 09:00:00+09:00,2744.0,2763.0,2736.0,2746.0,43200,0.0,0.0
2023-12-11 10:00:00+09:00,2746.0,2755.0,2735.0,2738.0,41000,0.0,0.0
2023-12-11 11:00:00+09:00,2739.0,2745.0,2732.0,2732.0,0,0.0,0.0
2023-12-11 12:00:00+09:00,2725.0,2740.0,2722.0,2740.0,108300,0.0,0.0
2023-12-11 13:00:00+09:00,2740.0,2747.0,2738.0,2740.0,13300,0.0,0.0
2023-12-11 14:00:00+09:00,2741.0,2751.0,2738.0,2744.0,24600,0.0,0.0
2023-12-12 09:00:00+09:00,2750.0,2767.0,2750.0,2767.0,0,0.0,0.0
2023-12-12 10:00:00+09:00,2766.0,2769.0,2756.0,2766.0,39100,0.0,0.0
2023-12-12 11:00:00+09:00,2765.0,2774.0,2763.0,2773.0,0,0.0,0.0
2023-12-12 12:00:00+09:00,2770.0,2778.0,2759.0,2761.0,56200,0.0,0.0
2023-12-12 13:00:00+09:00,2760.0,2760.0,2751.0,2751.0,6400,0.0,0.0
2023-12-12 14:00:00+09:00,2751.0,2776.0,2747.0,2773.0,13700,0.0,0.0
2023-12-13 09:00:00+09:00,2777.0,2786.0,2747.0,2757.0,0,0.0,0.0
2023-12-13 10:00:00+09:00,2754.0,2770.0,2740.0,2768.0,17800,0.0,0.0
2023-12-13 11:00:00+09:00,2767.0,2777.0,2767.0,2777.0,0,0.0,0.0
2023-12-13 12:00:00+09:00,2780.0,2798.0,2776.0,2797.0,59900,0.0,0.0
2023-12-13 13:00:00+09:00,2794.0,2795.0,2780.0,2791.0,6800,0.0,0.0
2023-12-13 14:00:00+09:00,2790.0,2808.0,2790.0,2792.0,32200,0.0,0.0
2023-12-14 09:00:00+09:00,2814.0,2828.0,2800.0,2811.0,32700,0.0,0.0
2023-12-14 10:00:00+09:00,2806.0,2807.0,2774.0,2778.0,12100,0.0,0.0
2023-12-14 11:00:00+09:00,2780.0,2788.0,2780.0,2780.0,0,0.0,0.0
2023-12-14 12:00:00+09:00,2771.0,2806.0,2771.0,2796.0,69300,0.0,0.0
2023-12-14 13:00:00+09:00,2796.0,2803.0,2763.0,2766.0,20400,0.0,0.0
2023-12-14 14:00:00+09:00,2768.0,2771.0,2750.0,2750.0,18700,0.0,0.0
2023-12-15 09:00:00+09:00,2765.0,2775.0,2752.0,2768.0,18600,0.0,0.0
2023-12-15 10:00:00+09:00,2769.0,2791.0,2765.0,2789.0,11600,0.0,0.0
2023-12-15 11:00:00+09:00,2786.0,2796.0,2785.0,2792.0,0,0.0,0.0
2023-12-15 12:00:00+09:00,2787.0,2795.0,2779.0,2795.0,43500,0.0,0.0
2023-12-15 13:00:00+09:00,2794.0,2807.0,2794.0,2801.0,14500,0.0,0.0
2023-12-15 14:00:00+09:00,2803.0,2813.0,2797.0,2807.0,37000,0.0,0.0
2023-12-18 09:00:00+09:00,2760.0,2760.0,2708.0,2719.0,0,0.0,0.0
2023-12-18 10:00:00+09:00,2720.0,2723.0,2705.0,2723.0,64000,0.0,0.0
2023-12-18 11:00:00+09:00,2723.0,2731.0,2718.0,2731.0,0,0.0,0.0
2023-12-18 12:00:00+09:00,2727.0,2734.0,2726.0,2732.0,83900,0.0,0.0
2023-12-18 13:00:00+09:00,2733.0,2744.0,2729.0,2744.0,10300,0.0,0.0
2023-12-18 14:00:00+09:00,2746.0,2765.0,2746.0,2758.0,24200,0.0,0.0
2023-12-19 09:00:00+09:00,2765.0,2771.0,2753.0,2768.0,14800,0.0,0.0
2023-12-19 10:00:00+09:00,2767.0,2769.0,2748.0,2751.0,4600,0.0,0.0
2023-12-19 11:00:00+09:00,2751.0,2762.0,2751.0,2760.0,0,0.0,0.0
2023-12-19 12:00:00+09:00,2775.0,2794.0,2772.0,2781.0,37100,0.0,0.0
2023-12-19 13:00:00+09:00,2782.0,2785.0,2774.0,2785.0,9100,0.0,0.0
2023-12-19 14:00:00+09:00,2785.0,2788.0,2778.0,2781.0,24400,0.0,0.0
2023-12-20 09:00:00+09:00,2795.0,2815.0,2784.0,2797.0,23800,0.0,0.0
2023-12-20 10:00:00+09:00,2796.0,2799.0,2784.0,2784.0,10200,0.0,0.0
2023-12-20 11:00:00+09:00,2785.0,2789.0,2779.0,2782.0,0,0.0,0.0
2023-12-20 12:00:00+09:00,2785.0,2800.0,2785.0,2793.0,56800,0.0,0.0
2023-12-20 13:00:00+09:00,2793.0,2798.0,2788.0,2797.0,10000,0.0,0.0
2023-12-20 14:00:00+09:00,2797.0,2802.0,2785.0,2788.0,27600,0.0,0.0
2023-12-21 09:00:00+09:00,2759.0,2767.0,2745.0,2762.0,17700,0.0,0.0
2023-12-21 10:00:00+09:00,2763.0,2795.0,2762.0,2787.0,26600,0.0,0.0
2023-12-21 11:00:00+09:00,2787.0,2789.0,2782.0,2789.0,0,0.0,0.0
2023-12-21 12:00:00+09:00,2786.0,2795.0,2781.0,2795.0,56800,0.0,0.0
2023-12-21 13:00:00+09:00,2793.0,2811.0,2791.0,2811.0,18300,0.0,0.0
2023-12-21 14:00:00+09:00,2811.0,2817.0,2810.0,2814.0,27900,0.0,0.0
2023-12-22 09:00:00+09:00,2817.0,2818.0,2797.0,2797.0,16200,0.0,0.0
2023-12-22 10:00:00+09:00,2800.0,2808.0,2794.0,2806.0,9100,0.0,0.0
2023-12-22 11:00:00+09:00,2805.0,2829.0,2804.0,2822.0,0,0.0,0.0
2023-12-22 12:00:00+09:00,2825.0,2826.0,2816.0,2817.0,55100,0.0,0.0
2023-12-22 13:00:00+09:00,2818.0,2818.0,2804.0,2805.0,8000,0.0,0.0
2023-12-22 14:00:00+09:00,2803.0,2814.0,2799.0,2812.0,25400,0.0,0.0
2023-12-25 09:00:00+09:00,2842.0,2842.0,2788.0,2790.0,25300,0.0,0.0
2023-12-25 10:00:00+09:00,2792.0,2793.0,2775.0,2780.0,9700,0.0,0.0
2023-12-25 11:00:00+09:00,2785.0,2789.0,2780.0,2780.0,0,0.0,0.0
2023-12-25 12:00:00+09:00,2779.0,2780.0,2757.0,2759.0,59600,0.0,0.0
2023-12-25 13:00:00+09:00,2758.0,2759.0,2745.0,2745.0,7300,0.0,0.0
2023-12-25 14:00:00+09:00,2746.0,2765.0,2746.0,2761.0,40100,0.0,0.0
2023-12-26 09:00:00+09:00,2755.0,2796.0,2755.0,2796.0,19100,0.0,0.0
2023-12-26 10:00:00+09:00,2794.0,2804.0,2785.0,2785.0,5900,0.0,0.0
2023-12-26 11:00:00+09:00,2787.0,2787.0,2782.0,2783.0,0,0.0,0.0
2023-12-26 12:00:00+09:00,2791.0,2799.0,2788.0,2792.0,31300,0.0,0.0
2023-12-26 13:00:00+09:00,2790.0,2797.0,2782.0,2795.0,9200,0.0,0.0
2023-12-26 14:00:00+09:00,2794.0,2794.0,2789.0,2790.0,7200,0.0,0.0
2023-12-27 09:00:00+09:00,2810.0,2817.0,2798.0,2814.0,14900,0.0,0.0
2023-12-27 10:00:00+09:00,2815.0,2824.0,2815.0,2824.0,5600,0.0,0.0
2023-12-27 11:00:00+09:00,2824.0,2829.0,2824.0,2828.0,0,0.0,0.0
2023-12-27 12:00:00+09:00,2828.0,2833.0,2822.0,2833.0,30200,0.0,0.0
2023-12-27 13:00:00+09:00,2833.0,2833.0,2824.0,2828.0,6000,0.0,0.0
2023-12-27 14:00:00+09:00,2829.0,2830.0,2821.0,2826.0,11200,0.0,0.0
2023-12-28 09:00:00+09:00,2808.0,2827.0,2806.0,2825.0,0,0.0,0.0
2023-12-28 10:00:00+09:00,2827.0,2835.0,2826.0,2832.0,8800,0.0,0.0
2023-12-28 11:00:00+09:00,2829.0,2834.0,2826.0,2834.0,0,0.0,0.0
2023-12-28 12:00:00+09:00,2835.0,2848.0,2835.0,2842.0,15100,0.0,0.0
2023-12-28 13:00:00+09:00,2840.0,2847.0,2837.0,2847.0,5300,0.0,0.0
2023-12-28 14:00:00+09:00,2847.0,2850.0,2841.0,2842.0,6000,0.0,0.0
2023-12-29 09:00:00+09:00,2876.0,2885.0,2852.0,2852.0,9400,0.0,0.0
2023-12-29 10:00:00+09:00,2852.0,2872.0,2850.0,2871.0,14600,0.0,0.0
2023-12-29 11:00:00+09:00,2872.0,2873.0,2869.0,2871.0,0,0.0,0.0
2023-12-29 12:00:00+09:00,2871.0,2871.0,2858.0,2859.0,29100,0.0,0.0
2023-12-29 13:00:00+09:00,2858.0,2861.0,2849.0,2850.0,7800,0.0,0.0
2023-12-29 14:00:00+09:00,2848.0,2865.0,2847.0,2864.0,25600,0.0,0.0
2024-01-04 09:00:00+09:00,2863.0,2877.0,2826.0,2874.0,19800,0.0,0.0
2024-01-04 10:00:00+09:00,2874.0,2921.0,2873.0,2914.0,46300,0.0,0.0
2024-01-04 11:00:00+09:00,2911.0,2917.0,2907.0,2915.0,0,0.0,0.0
2024-01-04 12:00:00+09:00,2919.0,2919.0,2909.0,2910.0,84600,0.0,0.0
2024-01-04 13:00:00+09:00,2911.0,2918.0,2911.0,2913.0,10000,0.0,0.0
2024-01-04 14:00:00+09:00,2913.0,2918.0,2912.0,2916.0,19700,0.0,0.0
2024-01-05 09:00:00+09:00,2919.0,2940.0,2907.0,2914.0,25800,0.0,0.0
2024-01-05 10:00:00+09:00,2916.0,2916.0,2903.0,2909.0,10500,0.0,0.0
2024-01-05 11:00:00+09:00,2907.0,2907.0,2902.0,2904.0,0,0.0,0.0
2024-01-05 12:00:00+09:00,2906.0,2918.0,2902.0,2902.0,58100,0.0,0.0
2024-01-05 13:00:00+09:00,2904.0,2904.0,2887.0,2894.0,19700,0.0,0.0
2024-01-05 14:00:00+09:00,2894.0,2898.0,2884.0,2884.0,19900,0.0,0.0
2024-01-09 09:00:00+09:00,2916.0,2965.0,2916.0,2959.0,53000,0.0,0.0
2024-01-09 10:00:00+09:00,2960.0,2987.0,2960.0,2966.0,27700,0.0,0.0
2024-01-09 11:00:00+09:00,2966.0,2975.0,2960.0,2975.0,0,0.0,0.0
2024-01-09 12:00:00+09:00,2975.0,2975.0,2957.0,2961.0,103900,0.0,0.0
2024-01-09 13:00:00+09:00,2962.0,2964.0,2940.0,2964.0,21100,0.0,0.0
2024-01-09 14:00:00+09:00,2962.0,2973.0,2955.0,2969.0,27300,0.0,0.0
2024-01-10 09:00:00+09:00,2950.0,3000.0,2950.0,3000.0,23800,0.0,0.0
2024-01-10 10:00:00+09:00,3000.0,3020.0,3000.0,3020.0,21800,0.0,0.0
2024-01-10 11:00:00+09:00,3020.0,3025.0,3020.0,3020.0,0,0.0,0.0
2024-01-10 12:00:00+09:00,3025.0,3035.0,3020.0,3035.0,76500,0.0,0.0
2024-01-10 13:00:00+09:00,3035.0,3045.0,3025.0,3035.0,15900,0.0,0.0
2024-01-10 14:00:00+09:00,3040.0,3050.0,3035.0,3040.0,41600,0.0,0.0
2024-01-11 09:00:00+09:00,3065.0,3080.0,3045.0,3045.0,29400,0.0,0.0
2024-01-11 10:00:00+09:00,3045.0,3055.0,3040.0,3050.0,18800,0.0,0.0
2024-01-11 11:00:00+09:00,3050.0,3050.0,3035.0,3040.0,0,0.0,0.0
2024-01-11 12:00:00+09:00,3030.0,3045.0,3030.0,3040.0,70000,0.0,0.0
2024-01-11 13:00:00+09:00,3035.0,3035.0,3025.0,3035.0,13000,0.0,0.0
2024-01-11 14:00:00+09:00,3030.0,3045.0,3030.0,3030.0,20900,0.0,0.0
2024-01-12 09:00:00+09:00,3060.0,3090.0,3045.0,3070.0,0,0.0,0.0
2024-01-12 10:00:00+09:00,3070.0,3075.0,3025.0,3025.0,12600,0.0,0.0
2024-01-12 11:00:00+09:00,3030.0,3030.0,3010.0,3010.0,0,0.0,0.0
2024-01-12 12:00:00+09:00,3000.0,3020.0,3000.0,3020.0,64700,0.0,0.0
2024-01-12 13:00:00+09:00,3015.0,3020.0,3015.0,3020.0,5200,0.0,0.0
2024-01-12 14:00:00+09:00,3020.0,3040.0,3020.0,3035.0,16400,0.0,0.0
2024-01-15 09:00:00+09:00,3020.0,3040.0,3010.0,3040.0,0,0.0,0.0
2024-01-15 10:00:00+09:00,3035.0,3040.0,3030.0,3030.0,8900,0.0,0.0
2024-01-15 11:00:00+09:00,3030.0,3065.0,3030.0,3060.0,0,0.0,0.0
2024-01-15 12:00:00+09:00,3065.0,3065.0,3055.0,3065.0,22900,0.0,0.0
2024-01-15 13:00:00+09:00,3065.0,3075.0,3060.0,3070.0,7900,0.0,0.0
2024-01-15 14:00:00+09:00,3065.0,3070.0,3055.0,3060.0,9600,0.0,0.0
2024-01-16 09:00:00+09:00,3055.0,3060.0,3030.0,3040.0,18600,0.0,0.0
2024-01-16 10:00:00+09:00,3045.0,3050.0,3030.0,3035.0,14800,0.0,0.0
2024-01-16 11:00:00+09:00,3035.0,3040.0,3035.0,3040.0,0,0.0,0.0
2024-01-16 12:00:00+09:00,3035.0,3035.0,3025.0,3030.0,42600,0.0,0.0
2024-01-16 13:00:00+09:00,3035.0,3045.0,3035.0,3035.0,6300,0.0,0.0
2024-01-16 14:00:00+09:00,3035.0,3045.0,3015.0,3020.0,23300,0.0,0.0
2024-01-17 09:00:00+09:00,3050.0,3075.0,3045.0,3060.0,12200,0.0,0.0
2024-01-17 10:00:00+09:00,3060.0,3080.0,3055.0,3065.0,11300,0.0,0.0
2024-01-17 11:00:00+09:00,3070.0,3080.0,3060.0,3080.0,0,0.0,0.0
2024-01-17 12:00:00+09:00,3070.0,3080.0,3040.0,3040.0,46400,0.0,0.0
2024-01-17 13:00:00+09:00,3045.0,3050.0,3040.0,3045.0,8600,0.0,0.0
2024-01-17 14:00:00+09:00,3040.0,3040.0,3005.0,3005.0,25100,0.0,0.0
2024-01-18 09:00:00+09:00,3010.0,3040.0,3005.0,3040.0,10500,0.0,0.0
2024-01-18 10:00:00+09:00,3035.0,3050.0,3025.0,3045.0,6000,0.0,0.0
2024-01-18 11:00:00+09:00,3045.0,3050.0,3045.0,3045.0,0,0.0,0.0
2024-01-18 12:00:00+09:00,3050.0,3050.0,3045.0,3050.0,19800,0.0,0.0
2024-01-18 13:00:00+09:00,3045.0,3050.0,3030.0,3035.0,4700,0.0,0.0
2024-01-18 14:00:00+09:00,3040.0,3045.0,3035.0,3040.0,8500,0.0,0.0
2024-01-19 09:00:00+09:00,3060.0,3060.0,3025.0,3030.0,13500,0.0,0.0
2024-01-19 10:00:00+09:00,3030.0,3060.0,3020.0,3050.0,15000,0.0,0.0
2024-01-19 11:00:00+09:00,3055.0,3060.0,3050.0,3055.0,0,0.0,0.0
2024-01-19 12:00:00+09:00,3045.0,3055.0,3030.0,3030.0,38300,0.0,0.0
2024-01-19 13:00:00+09:00,3030.0,3030.0,3020.0,3020.0,6200,0.0,0.0
2024-01-19 14:00:00+09:00,3025.0,3040.0,3020.0,3030.0,22200,0.0,0.0
2024-01-22 09:00:00+09:00,3050.0,3060.0,3045.0,3055.0,5900,0.0,0.0
2024-01-22 10:00:00+09:00,3055.0,3055.0,3040.0,3040.0,2700,0.0,0.0
2024-01-22 11:00:00+09:00,3040.0,3050.0,3035.0,3050.0,0,0.0,0.0
2024-01-22 12:00:00+09:00,3045.0,3055.0,3045.0,3055.0,14700,0.0,0.0
2024-01-22 13:00:00+09:00,3055.0,3070.0,3055.0,3070.0,5100,0.0,0.0
2024-01-22 14:00:00+09:00,3070.0,3080.0,3065.0,3070.0,18500,0.0,0.0
2024-01-23 09:00:00+09:00,3060.0,3085.0,3060.0,3070.0,9000,0.0,0.0
2024-01-23 10:00:00+09:00,3070.0,3085.0,3065.0,3085.0,6800,0.0,0.0
2024-01-23 11:00:00+09:00,3080.0,3080.0,3075.0,3080.0,0,0.0,0.0
2024-01-23 12:00:00+09:00,3080.0,3080.0,3045.0,3045.0,27000,0.0,0.0
2024-01-23 13:00:00+09:00,3050.0,3065.0,3050.0,3060.0,6700,0.0,0.0
2024-01-23 14:00:00+09:00,3060.0,3065.0,3045.0,3055.0,18500,0.0,0.0
2024-01-24 09:00:00+09:00,3060.0,3060.0,3015.0,3020.0,14600,0.0,0.0
2024-01-24 10:00:00+09:00,3020.0,3020.0,3015.0,3020.0,4400,0.0,0.0
2024-01-24 11:00:00+09:00,3015.0,3015.0,3010.0,3010.0,0,0.0,0.0
2024-01-24 12:00:00+09:00,3010.0,3020.0,3010.0,3015.0,29300,0.0,0.0
2024-01-24 13:00:00+09:00,3015.0,3020.0,3010.0,3015.0,3400,0.0,0.0
2024-01-24 14:00:00+09:00,3015.0,3030.0,3015.0,3020.0,11700,0.0,0.0
2024-01-25 09:00:00+09:00,3010.0,3025.0,3010.0,3025.0,10100,0.0,0.0
2024-01-25 10:00:00+09:00,3020.0,3025.0,3010.0,3015.0,5500,0.0,0.0
2024-01-25 11:00:00+09:00,3015.0,3025.0,3015.0,3025.0,0,0.0,0.0
2024-01-25 12:00:00+09:00,3025.0,3025.0,3020.0,3020.0,23200,0.0,0.0
2024-01-25 13:00:00+09:00,3025.0,3045.0,3025.0,3040.0,6100,0.0,0.0
2024-01-25 14:00:00+09:00,3040.0,3050.0,3040.0,3040.0,7900,0.0,0.0
2024-01-26 09:00:00+09:00,3025.0,3030.0,3010.0,3015.0,21300,0.0,0.0
2024-01-26 10:00:00+09:00,3010.0,3030.0,3010.0,3025.0,7800,0.0,0.0
2024-01-26 11:00:00+09:00,3025.0,3025.0,3020.0,3020.0,0,0.0,0.0
2024-01-26 12:00:00+09:00,3015.0,3025.0,3010.0,3015.0,41800,0.0,0.0
2024-01-26 13:00:00+09:00,3010.0,3010.0,2997.0,2997.0,18700,0.0,0.0
2024-01-26 14:00:00+09:00,2996.0,3010.0,2994.0,2994.0,14200,0.0,0.0
2024-01-29 09:00:00+09:00,3015.0,3015.0,2994.0,2999.0,15100,0.0,0.0
2024-01-29 10:00:00+09:00,2997.0,3000.0,2993.0,2998.0,7800,0.0,0.0
2024-01-29 11:00:00+09:00,3000.0,3000.0,2997.0,2998.0,0,0.0,0.0
2024-01-29 12:00:00+09:00,3005.0,3005.0,2997.0,3005.0,33500,0.0,0.0
2024-01-29 13:00:00+09:00,3005.0,3010.0,2997.0,2998.0,12200,0.0,0.0
2024-01-29 14:00:00+09:00,2999.0,2999.0,2992.0,2999.0,14600,0.0,0.0
2024-01-30 09:00:00+09:00,3010.0,3015.0,2992.0,3000.0,11400,0.0,0.0
2024-01-30 10:00:00+09:00,3005.0,3005.0,2990.0,2994.0,12200,0.0,0.0
2024-01-30 11:00:00+09:00,2991.0,2991.0,2987.0,2991.0,0,0.0,0.0
2024-01-30 12:00:00+09:00,2991.0,2994.0,2990.0,2991.0,33900,0.0,0.0
2024-01-30 13:00:00+09:00,2990.0,3010.0,2990.0,3010.0,7300,0.0,0.0
2024-01-30 14:00:00+09:00,3005.0,3010.0,2983.0,2983.0,16400,0.0,0.0
2024-01-31 09:00:00+09:00,2975.0,2988.0,2958.0,2959.0,18100,0.0,0.0
2024-01-31 10:00:00+09:00,2959.0,2964.0,2950.0,2959.0,14000,0.0,0.0
2024-01-31 11:00:00+09:00,2959.0,2961.0,2957.0,2958.0,0,0.0,0.0
2024-01-31 12:00:00+09:00,2955.0,2964.0,2955.0,2961.0,44800,0.0,0.0
2024-01-31 13:00:00+09:00,2962.0,2975.0,2958.0,2968.0,10200,0.0,0.0
2024-01-31 14:00:00+09:00,2968.0,2975.0,2966.0,2975.0,17700,0.0,0.0
2024-02-01 09:00:00+09:00,2939.0,2962.0,2919.0,2919.0,31600,0.0,0.0
2024-02-01 10:00:00+09:00,2917.0,2939.0,2917.0,2930.0,12800,0.0,0.0
2024-02-01 11:00:00+09:00,2930.0,2933.0,2924.0,2925.0,0,0.0,0.0
2024-02-01 12:00:00+09:00,2917.0,2925.0,2917.0,2924.0,61600,0.0,0.0
2024-02-01 13:00:00+09:00,2923.0,2925.0,2915.0,2919.0,12200,0.0,0.0
2024-02-01 14:00:00+09:00,2919.0,2920.0,2912.0,2918.0,21500,0.0,0.0
2024-02-02 09:00:00+09:00,2922.0,2925.0,2884.0,2893.0,40900,0.0,0.0
2024-02-02 10:00:00+09:00,2894.0,2908.0,2888.0,2905.0,32700,0.0,0.0
2024-02-02 11:00:00+09:00,2904.0,2905.0,2896.0,2903.0,0,0.0,0.0
2024-02-02 12:00:00+09:00,2900.0,2907.0,2892.0,2895.0,109200,0.0,0.0
2024-02-02 13:00:00+09:00,2894.0,2898.0,2879.0,2896.0,33000,0.0,0.0
2024-02-02 14:00:00+09:00,2897.0,2911.0,2895.0,2898.0,43800,0.0,0.0
2024-02-05 09:00:00+09:00,2798.0,2847.0,2775.0,2796.0,121900,0.0,0.0
2024-02-05 10:00:00+09:00,2796.0,2811.0,2792.0,2801.0,28800,0.0,0.0
2024-02-05 11:00:00+09:00,2801.0,2818.0,2799.0,2818.0,0,0.0,0.0
2024-02-05 12:00:00+09:00,2814.0,2830.0,2805.0,2810.0,204300,0.0,0.0
2024-02-05 13:00:00+09:00,2809.0,2828.0,2808.0,2816.0,21700,0.0,0.0
2024-02-05 14:00:00+09:00,2815.0,2825.0,2807.0,2812.0,59300,0.0,0.0
2024-02-06 09:00:00+09:00,2859.0,2860.0,2816.0,2831.0,49000,0.0,0.0
2024-02-06 10:00:00+09:00,2831.0,2878.0,2830.0,2872.0,18200,0.0,0.0
2024-02-06 11:00:00+09:00,2873.0,2874.0,2851.0,2851.0,0,0.0,0.0
2024-02-06 12:00:00+09:00,2856.0,2865.0,2852.0,2863.0,88000,0.0,0.0
2024-02-06 13:00:00+09:00,2863.0,2881.0,2853.0,2880.0,35900,0.0,0.0
2024-02-06 14:00:00+09:00,2877.0,2877.0,2855.0,2855.0,36500,0.0,0.0
2024-02-07 09:00:00+09:00,2837.0,2852.0,2814.0,2832.0,37700,0.0,0.0
2024-02-07 10:00:00+09:00,2831.0,2833.0,2812.0,2813.0,20100,0.0,0.0
2024-02-07 11:00:00+09:00,2813.0,2819.0,2809.0,2816.0,0,0.0,0.0
2024-02-07 12:00:00+09:00,2806.0,2812.0,2780.0,2784.0,99000,0.0,0.0
2024-02-07 13:00:00+09:00,2787.0,2804.0,2786.0,2803.0,19900,0.0,0.0
2024-02-07 14:00:00+09:00,2802.0,2802.0,2783.0,2783.0,51900,0.0,0.0
2024-02-08 09:00:00+09:00,2790.0,2803.0,2774.0,2787.0,29600,0.0,0.0
2024-02-08 10:00:00+09:00,2789.0,2804.0,2786.0,2804.0,12100,0.0,0.0
2024-02-08 11:00:00+09:00,2803.0,2812.0,2800.0,2811.0,0,0.0,0.0
2024-02-08 12:00:00+09:00,2821.0,2834.0,2812.0,2824.0,64900,0.0,0.0
2024-02-08 13:00:00+09:00,2823.0,2834.0,2823.0,2833.0,18200,0.0,0.0
2024-02-08 14:00:00+09:00,2834.0,2840.0,2824.0,2827.0,23400,0.0,0.0
2024-02-09 09:00:00+09:00,2837.0,2877.0,2816.0,2877.0,32900,0.0,0.0
2024-02-09 10:00:00+09:00,2877.0,2898.0,2877.0,2884.0,21500,0.0,0.0
2024-02-09 11:00:00+09:00,2885.0,2888.0,2872.0,2888.0,0,0.0,0.0
2024-02-09 12:00:00+09:00,2888.0,2891.0,2872.0,2890.0,72800,0.0,0.0
2024-02-09 13:00:00+09:00,2891.0,2892.0,2871.0,2875.0,17300,0.0,0.0
2024-02-09 14:00:00+09:00,2875.0,2890.0,2870.0,2877.0,23200,0.0,0.0
2024-02-13 09:00:00+09:00,2910.0,2925.0,2897.0,2899.0,27100,0.0,0.0
2024-02-13 10:00:00+09:00,2898.0,2910.0,2892.0,2900.0,11900,0.0,0.0
2024-02-13 11:00:00+09:00,2901.0,2909.0,2900.0,2909.0,0,0.0,0.0
2024-02-13 12:00:00+09:00,2910.0,2912.0,2903.0,2909.0,53000,0.0,0.0
2024-02-13 13:00:00+09:00,2909.0,2910.0,2900.0,2904.0,9300,0.0,0.0
2024-02-13 14:00:00+09:00,2903.0,2917.0,2903.0,2911.0,19600,0.0,0.0
2024-02-14 09:00:00+09:00,2898.0,2898.0,2862.0,2866.0,22600,0.0,0.0
2024-02-14 10:00:00+09:00,2863.0,2868.0,2851.0,2855.0,14200,0.0,0.0
2024-02-14 11:00:00+09:00,2853.0,2853.0,2838.0,2838.0,0,0.0,0.0
2024-02-14 12:00:00+09:00,2843.0,2848.0,2835.0,2839.0,51500,0.0,0.0
2024-02-14 13:00:00+09:00,2840.0,2842.0,2826.0,2840.0,15700,0.0,0.0
2024-02-14 14:00:00+09:00,2842.0,2850.0,2837.0,2840.0,20500,0.0,0.0
2024-02-15 09:00:00+09:00,2852.0,2861.0,2809.0,2815.0,14200,0.0,0.0
2024-02-15 10:00:00+09:00,2815.0,2824.0,2807.0,2813.0,10500,0.0,0.0
2024-02-15 11:00:00+09:00,2814.0,2815.0,2810.0,2813.0,0,0.0,0.0
2024-02-15 12:00:00+09:00,2813.0,2817.0,2810.0,2810.0,41300,0.0,0.0
2024-02-15 13:00:00+09:00,2810.0,2820.0,2803.0,2806.0,20100,0.0,0.0
2024-02-15 14:00:00+09:00,2807.0,2817.0,2805.0,2812.0,20300,0.0,0.0
2024-02-16 09:00:00+09:00,2833.0,2848.0,2815.0,2830.0,16700,0.0,0.0
2024-02-16 10:00:00+09:00,2830.0,2841.0,2812.0,2815.0,12600,0.0,0.0
2024-02-16 11:00:00+09:00,2815.0,2822.0,2813.0,2822.0,0,0.0,0.0
2024-02-16 12:00:00+09:00,2822.0,2830.0,2822.0,2829.0,44200,0.0,0.0
2024-02-16 13:00:00+09:00,2828.0,2832.0,2813.0,2815.0,9300,0.0,0.0
2024-02-16 14:00:00+09:00,2815.0,2819.0,2803.0,2807.0,27000,0.0,0.0
2024-02-19 09:00:00+09:00,2800.0,2814.0,2788.0,2804.0,0,0.0,0.0
2024-02-19 10:00:00+09:00,2802.0,2803.0,2790.0,2796.0,55800,0.0,0.0
2024-02-19 11:00:00+09:00,2796.0,2797.0,2786.0,2788.0,0,0.0,0.0
2024-02-19 12:00:00+09:00,2790.0,2794.0,2778.0,2782.0,88600,0.0,0.0
2024-02-19 13:00:00+09:00,2782.0,2800.0,2782.0,2800.0,15300,0.0,0.0
2024-02-19 14:00:00+09:00,2798.0,2809.0,2796.0,2805.0,24300,0.0,0.0
2024-02-20 09:00:00+09:00,2826.0,2880.0,2821.0,2871.0,45200,0.0,0.0
2024-02-20 10:00:00+09:00,2872.0,2874.0,2850.0,2860.0,16200,0.0,0.0
2024-02-20 11:00:00+09:00,2862.0,2867.0,2858.0,2867.0,0,0.0,0.0
2024-02-20 12:00:00+09:00,2868.0,2868.0,2858.0,2863.0,76700,0.0,0.0
2024-02-20 13:00:00+09:00,2862.0,2868.0,2861.0,2862.0,11900,0.0,0.0
2024-02-20 14:00:00+09:00,2863.0,2875.0,2860.0,2869.0,26400,0.0,0.0
2024-02-21 09:00:00+09:00,2848.0,2872.0,2833.0,2836.0,23400,0.0,0.0
2024-02-21 10:00:00+09:00,2834.0,2845.0,2834.0,2836.0,9300,0.0,0.0
2024-02-21 11:00:00+09:00,2835.0,2837.0,2826.0,2827.0,0,0.0,0.0
2024-02-21 12:00:00+09:00,2822.0,2828.0,2809.0,2814.0,53400,0.0,0.0
2024-02-21 13:00:00+09:00,2814.0,2832.0,2814.0,2823.0,18100,0.0,0.0
2024-02-21 14:00:00+09:00,2825.0,2829.0,2817.0,2823.0,24700,0.0,0.0
2024-02-22 09:00:00+09:00,2837.0,2838.0,2780.0,2780.0,67400,0.0,0.0
2024-02-22 10:00:00+09:00,2779.0,2785.0,2774.0,2775.0,32700,0.0,0.0
2024-02-22 11:00:00+09:00,2775.0,2782.0,2771.0,2782.0,0,0.0,0.0
2024-02-22 12:00:00+09:00,2783.0,2785.0,2766.0,2774.0,144000,0.0,0.0
2024-02-22 13:00:00+09:00,2774.0,2774.0,2760.0,2760.0,35600,0.0,0.0
2024-02-22 14:00:00+09:00,2760.0,2779.0,2758.0,2774.0,41300,0.0,0.0
2024-02-26 09:00:00+09:00,2782.0,2814.0,2782.0,2813.0,31100,0.0,0.0
2024-02-26 10:00:00+09:00,2812.0,2813.0,2805.0,2810.0,8700,0.0,0.0
2024-02-26 11:00:00+09:00,2811.0,2812.0,2806.0,2812.0,0,0.0,0.0
2024-02-26 12:00:00+09:00,2814.0,2830.0,2811.0,2827.0,62000,0.0,0.0
2024-02-26 13:00:00+09:00,2827.0,2827.0,2814.0,2820.0,13100,0.0,0.0
2024-02-26 14:00:00+09:00,2820.0,2824.0,2810.0,2817.0,25400,0.0,0.0
2024-02-27 09:00:00+09:00,2811.0,2861.0,2811.0,2856.0,33300,0.0,0.0
2024-02-27 10:00:00+09:00,2856.0,2869.0,2853.0,2864.0,15100,0.0,0.0
2024-02-27 11:00:00+09:00,2864.0,2872.0,2858.0,2869.0,0,0.0,0.0
2024-02-27 12:00:00+09:00,2871.0,2871.0,2862.0,2869.0,73500,0.0,0.0
2024-02-27 13:00:00+09:00,2869.0,2882.0,2869.0,2878.0,23800,0.0,0.0
2024-02-27 14:00:00+09:00,2878.0,2884.0,2875.0,2879.0,25700,0.0,0.0
2024-02-28 09:00:00+09:00,2848.0,2848.0,2820.0,2831.0,37500,0.0,0.0
2024-02-28 10:00:00+09:00,2831.0,2831.0,2818.0,2824.0,20900,0.0,0.0
2024-02-28 11:00:00+09:00,2825.0,2841.0,2825.0,2837.0,0,0.0,0.0
2024-02-28 12:00:00+09:00,2840.0,2840.0,2824.0,2824.0,77100,0.0,0.0
2024-02-28 13:00:00+09:00,2824.0,2825.0,2817.0,2824.0,24800,0.0,0.0
2024-02-28 14:00:00+09:00,2824.0,2830.0,2820.0,2827.0,22500,0.0,0.0
2024-02-29 09:00:00+09:00,2840.0,2848.0,2825.0,2845.0,33100,0.0,0.0
2024-02-29 10:00:00+09:00,2842.0,2843.0,2825.0,2827.0,15400,0.0,0.0
2024-02-29 11:00:00+09:00,2828.0,2830.0,2822.0,2827.0,0,0.0,0.0
2024-02-29 12:00:00+09:00,2827.0,2833.0,2822.0,2831.0,67600,0.0,0.0
2024-02-29 13:00:00+09:00,2835.0,2846.0,2830.0,2846.0,11800,0.0,0.0
2024-02-29 14:00:00+09:00,2846.0,2853.0,2839.0,2848.0,25700,0.0,0.0
2024-03-01 09:00:00+09:00,2831.0,2868.0,2826.0,2857.0,25400,0.0,0.0
2024-03-01 10:00:00+09:00,2855.0,2855.0,2837.0,2855.0,10600,0.0,0.0
2024-03-01 11:00:00+09:00,2854.0,2857.0,2850.0,2851.0,0,0.0,0.0
2024-03-01 12:00:00+09:00,2859.0,2865.0,2853.0,2860.0,50900,0.0,0.0
2024-03-01 13:00:00+09:00,2862.0,2866.0,2855.0,2862.0,15000,0.0,0.0
2024-03-01 14:00:00+09:00,2861.0,2870.0,2859.0,2866.0,20400,0.0,0.0
2024-03-04 09:00:00+09:00,2863.0,2864.0,2793.0,2815.0,80200,0.0,0.0
2024-03-04 10:00:00+09:00,2813.0,2816.0,2792.0,2793.0,29300,0.0,0.0
2024-03-04 11:00:00+09:00,2792.0,2793.0,2785.0,2788.0,0,0.0,0.0
2024-03-04 12:00:00+09:00,2790.0,2800.0,2786.0,2800.0,152300,0.0,0.0
2024-03-04 13:00:00+09:00,2799.0,2804.0,2792.0,2796.0,14000,0.0,0.0
2024-03-04 14:00:00+09:00,2797.0,2803.0,2788.0,2798.0,24400,0.0,0.0
2024-03-05 09:00:00+09:00,2791.0,2791.0,2761.0,2774.0,43400,0.0,0.0
2024-03-05 10:00:00+09:00,2774.0,2799.0,2774.0,2797.0,10200,0.0,0.0
2024-03-05 11:00:00+09:00,2797.0,2804.0,2791.0,2803.0,0,0.0,0.0
2024-03-05 12:00:00+09:00,2805.0,2809.0,2800.0,2806.0,71400,0.0,0.0
2024-03-05 13:00:00+09:00,2805.0,2807.0,2801.0,2804.0,10300,0.0,0.0
2024-03-05 14:00:00+09:00,2805.0,2809.0,2794.0,2794.0,35600,0.0,0.0
2024-03-06 09:00:00+09:00,2772.0,2805.0,2753.0,2796.0,64700,0.0,0.0
2024-03-06 10:00:00+09:00,2795.0,2799.0,2775.0,2785.0,21200,0.0,0.0
2024-03-06 11:00:00+09:00,2786.0,2787.0,2779.0,2783.0,0,0.0,0.0
2024-03-06 12:00:00+09:00,2783.0,2789.0,2779.0,2787.0,114400,0.0,0.0
2024-03-06 13:00:00+09:00,2787.0,2803.0,2784.0,2803.0,38700,0.0,0.0
2024-03-06 14:00:00+09:00,2803.0,2808.0,2796.0,2800.0,27300,0.0,0.0
2024-03-07 09:00:00+09:00,2811.0,2812.0,2778.0,2778.0,28400,0.0,0.0
2024-03-07 10:00:00+09:00,2777.0,2779.0,2769.0,2770.0,27200,0.0,0.0
2024-03-07 11:00:00+09:00,2769.0,2769.0,2762.0,2764.0,0,0.0,0.0
2024-03-07 12:00:00+09:00,2762.0,2767.0,2745.0,2753.0,115500,0.0,0.0
2024-03-07 13:00:00+09:00,2752.0,2757.0,2746.0,2747.0,25500,0.0,0.0
2024-03-07 14:00:00+09:00,2749.0,2752.0,2728.0,2745.0,48900,0.0,0.0
2024-03-08 09:00:00+09:00,2721.0,2778.0,2715.0,2772.0,59600,0.0,0.0
2024-03-08 10:00:00+09:00,2770.0,2771.0,2761.0,2766.0,8200,0.0,0.0
2024-03-08 11:00:00+09:00,2767.0,2768.0,2762.0,2767.0,0,0.0,0.0
2024-03-08 12:00:00+09:00,2773.0,2782.0,2766.0,2781.0,88700,0.0,0.0
2024-03-08 13:00:00+09:00,2780.0,2786.0,2768.0,2772.0,17400,0.0,0.0
2024-03-08 14:00:00+09:00,2771.0,2787.0,2763.0,2784.0,36000,0.0,0.0
2024-03-11 09:00:00+09:00,2746.0,2764.0,2738.0,2741.0,0,0.0,0.0
2024-03-11 10:00:00+09:00,2742.0,2743.0,2734.0,2735.0,42100,0.0,0.0
2024-03-11 11:00:00+09:00,2733.0,2737.0,2730.0,2732.0,0,0.0,0.0
2024-03-11 12:00:00+09:00,2742.0,2743.0,2732.0,2736.0,54600,0.0,0.0
2024-03-11 13:00:00+09:00,2736.0,2736.0,2724.0,2729.0,17800,0.0,0.0
2024-03-11 14:00:00+09:00,2730.0,2737.0,2724.0,2734.0,25900,0.0,0.0
2024-03-12 09:00:00+09:00,2720.0,2722.0,2653.0,2670.0,98900,0.0,0.0
2024-03-12 10:00:00+09:00,2670.0,2674.0,2654.0,2662.0,31000,0.0,0.0
2024-03-12 11:00:00+09:00,2662.0,2681.0,2659.0,2681.0,0,0.0,0.0
2024-03-12 12:00:00+09:00,2695.0,2730.0,2691.0,2726.0,153800,0.0,0.0
2024-03-12 13:00:00+09:00,2725.0,2728.0,2718.0,2723.0,12000,0.0,0.0
2024-03-12 14:00:00+09:00,2722.0,2737.0,2722.0,2737.0,20600,0.0,0.0
2024-03-13 09:00:00+09:00,2758.0,2775.0,2738.0,2738.0,22300,0.0,0.0
2024-03-13 10:00:00+09:00,2735.0,2735.0,2709.0,2723.0,12700,0.0,0.0
2024-03-13 11:00:00+09:00,2722.0,2729.0,2719.0,2722.0,0,0.0,0.0
2024-03-13 12:00:00+09:00,2722.0,2727.0,2709.0,2713.0,51000,0.0,0.0
2024-03-13 13:00:00+09:00,2715.0,2724.0,2713.0,2721.0,6800,0.0,0.0
2024-03-13 14:00:00+09:00,2722.0,2726.0,2715.0,2720.0,13900,0.0,0.0
2024-03-14 09:00:00+09:00,2704.0,2709.0,2680.0,2699.0,0,0.0,0.0
2024-03-14 10:00:00+09:00,2697.0,2710.0,2697.0,2709.0,44800,0.0,0.0
2024-03-14 11:00:00+09:00,2710.0,2710.0,2701.0,2702.0,0,0.0,0.0
2024-03-14 12:00:00+09:00,2707.0,2709.0,2697.0,2701.0,54700,0.0,0.0
2024-03-14 13:00:00+09:00,2699.0,2710.0,2695.0,2709.0,10200,0.0,0.0
2024-03-14 14:00:00+09:00,2709.0,2715.0,2702.0,2710.0,13900,0.0,0.0
2024-03-15 09:00:00+09:00,2738.0,2738.0,2720.0,2726.0,16800,0.0,0.0
2024-03-15 10:00:00+09:00,2724.0,2730.0,2711.0,2723.0,15000,0.0,0.0
2024-03-15 11:00:00+09:00,2725.0,2733.0,2724.0,2733.0,0,0.0,0.0
2024-03-15 12:00:00+09:00,2735.0,2740.0,2730.0,2732.0,44800,0.0,0.0
2024-03-15 13:00:00+09:00,2731.0,2735.0,2718.0,2718.0,9300,0.0,0.0
2024-03-15 14:00:00+09:00,2717.0,2729.0,2717.0,2721.0,22500,0.0,0.0
2024-03-18 09:00:00+09:00,2741.0,2748.0,2728.0,2735.0,21500,0.0,0.0
2024-03-18 10:00:00+09:00,2736.0,2740.0,2727.0,2727.0,20900,0.0,0.0
2024-03-18 11:00:00+09:00,2728.0,2731.0,2726.0,2727.0,0,0.0,0.0
2024-03-18 12:00:00+09:00,2725.0,2729.0,2719.0,2729.0,70000,0.0,0.0
2024-03-18 13:00:00+09:00,2729.0,2734.0,2727.0,2729.0,15800,0.0,0.0
2024-03-18 14:00:00+09:00,2728.0,2733.0,2724.0,2729.0,18900,0.0,0.0
2024-03-19 09:00:00+09:00,2727.0,2730.0,2706.0,2729.0,34000,0.0,0.0
2024-03-19 10:00:00+09:00,2729.0,2731.0,2722.0,2723.0,12400,0.0,0.0
2024-03-19 11:00:00+09:00,2724.0,2726.0,2723.0,2726.0,0,0.0,0.0
2024-03-19 12:00:00+09:00,2731.0,2748.0,2725.0,2745.0,65700,0.0,0.0
2024-03-19 13:00:00+09:00,2748.0,2753.0,2728.0,2734.0,11200,0.0,0.0
2024-03-19 14:00:00+09:00,2735.0,2738.0,2732.0,2733.0,18100,0.0,0.0
2024-03-21 09:00:00+09:00,2776.0,2776.0,2740.0,2745.0,33400,0.0,0.0
2024-03-21 10:00:00+09:00,2746.0,2750.0,2739.0,2746.0,17300,0.0,0.0
2024-03-21 11:00:00+09:00,2747.0,2754.0,2745.0,2754.0,0,0.0,0.0
2024-03-21 12:00:00+09:00,2754.0,2754.0,2741.0,2744.0,63400,0.0,0.0
2024-03-21 13:00:00+09:00,2743.0,2749.0,2740.0,2749.0,32500,0.0,0.0
2024-03-21 14:00:00+09:00,2748.0,2748.0,2733.0,2736.0,44200,0.0,0.0
2024-03-22 09:00:00+09:00,2754.0,2772.0,2737.0,2772.0,29300,0.0,0.0
2024-03-22 10:00:00+09:00,2770.0,2776.0,2768.0,2770.0,21500,0.0,0.0
2024-03-22 11:00:00+09:00,2769.0,2770.0,2761.0,2766.0,0,0.0,0.0
2024-03-22 12:00:00+09:00,2767.0,2770.0,2754.0,2762.0,65400,0.0,0.0
2024-03-22 13:00:00+09:00,2759.0,2771.0,2758.0,2766.0,10000,0.0,0.0
2024-03-22 14:00:00+09:00,2766.0,2782.0,2765.0,2778.0,32800,0.0,0.0
2024-03-25 09:00:00+09:00,2770.0,2822.0,2762.0,2811.0,105400,0.0,0.0
2024-03-25 10:00:00+09:00,2814.0,2842.0,2811.0,2828.0,59400,0.0,0.0
2024-03-25 11:00:00+09:00,2826.0,2826.0,2813.0,2814.0,0,0.0,0.0
2024-03-25 12:00:00+09:00,2814.0,2816.0,2798.0,2806.0,188400,0.0,0.0
2024-03-25 13:00:00+09:00,2807.0,2812.0,2803.0,2809.0,23100,0.0,0.0
2024-03-25 14:00:00+09:00,2808.0,2812.0,2800.0,2805.0,33700,0.0,0.0
2024-03-26 09:00:00+09:00,2803.0,2829.0,2794.0,2804.0,33800,0.0,0.0
2024-03-26 10:00:00+09:00,2805.0,2838.0,2805.0,2834.0,18200,0.0,0.0
2024-03-26 11:00:00+09:00,2833.0,2836.0,2828.0,2832.0,0,0.0,0.0
2024-03-26 12:00:00+09:00,2827.0,2827.0,2815.0,2819.0,66400,0.0,0.0
2024-03-26 13:00:00+09:00,2820.0,2829.0,2812.0,2823.0,12800,0.0,0.0
2024-03-26 14:00:00+09:00,2823.0,2831.0,2820.0,2826.0,21600,0.0,0.0
2024-03-27 09:00:00+09:00,2821.0,2824.0,2780.0,2810.0,48700,0.0,0.0
2024-03-27 10:00:00+09:00,2810.0,2813.0,2801.0,2812.0,13100,0.0,0.0
2024-03-27 11:00:00+09:00,2811.0,2811.0,2801.0,2805.0,0,0.0,0.0
2024-03-27 12:00:00+09:00,2805.0,2820.0,2802.0,2818.0,87600,0.0,0.0
2024-03-27 13:00:00+09:00,2818.0,2822.0,2815.0,2817.0,22300,0.0,0.0
2024-03-27 14:00:00+09:00,2818.0,2820.0,2800.0,2803.0,36200,0.0,0.0
2024-03-28 09:00:00+09:00,2721.0,2739.0,2693.0,2698.0,65900,0.0,0.0
2024-03-28 10:00:00+09:00,2698.0,2702.0,2688.0,2693.0,28300,0.0,0.0
2024-03-28 11:00:00+09:00,2694.0,2701.0,2694.0,2696.0,0,0.0,0.0
2024-03-28 12:00:00+09:00,2692.0,2694.0,2684.0,2691.0,121900,0.0,0.0
2024-03-28 13:00:00+09:00,2691.0,2693.0,2685.0,2692.0,21100,0.0,0.0
2024-03-28 14:00:00+09:00,2691.0,2691.0,2665.0,2665.0,42800,0.0,0.0
2024-03-29 09:00:00+09:00,2678.0,2680.0,2659.0,2665.0,32800,0.0,0.0
2024-03-29 10:00:00+09:00,2665.0,2679.0,2662.0,2674.0,11800,0.0,0.0
2024-03-29 11:00:00+09:00,2676.0,2690.0,2676.0,2689.0,0,0.0,0.0
2024-03-29 12:00:00+09:00,2690.0,2694.0,2684.0,2692.0,62400,0.0,0.0
2024-03-29 13:00:00+09:00,2692.0,2702.0,2691.0,2697.0,15100,0.0,0.0
2024-03-29 14:00:00+09:00,2697.0,2706.0,2697.0,2702.0,18100,0.0,0.0
2024-04-01 09:00:00+09:00,2702.0,2725.0,2702.0,2724.0,31600,0.0,0.0
2024-04-01 10:00:00+09:00,2724.0,2725.0,2694.0,2698.0,20900,0.0,0.0
2024-04-01 11:00:00+09:00,2694.0,2694.0,2686.0,2690.0,0,0.0,0.0
2024-04-01 12:00:00+09:00,2687.0,2702.0,2685.0,2699.0,70800,0.0,0.0
2024-04-01 13:00:00+09:00,2699.0,2702.0,2694.0,2701.0,11500,0.0,0.0
2024-04-01 14:00:00+09:00,2701.0,2701.0,2690.0,2690.0,21800,0.0,0.0
2024-04-02 09:00:00+09:00,2685.0,2685.0,2645.0,2657.0,53000,0.0,0.0
2024-04-02 10:00:00+09:00,2655.0,2668.0,2652.0,2656.0,14400,0.0,0.0
2024-04-02 11:00:00+09:00,2655.0,2661.0,2651.0,2652.0,0,0.0,0.0
2024-04-02 12:00:00+09:00,2663.0,2666.0,2651.0,2664.0,97700,0.0,0.0
2024-04-02 13:00:00+09:00,2662.0,2664.0,2653.0,2653.0,17000,0.0,0.0
2024-04-02 14:00:00+09:00,2652.0,2652.0,2643.0,2645.0,25800,0.0,0.0
2024-04-03 09:00:00+09:00,2624.0,2626.0,2596.0,2626.0,80700,0.0,0.0
2024-04-03 10:00:00+09:00,2624.0,2624.0,2605.0,2605.0,17900,0.0,0.0
2024-04-03 11:00:00+09:00,2604.0,2610.0,2599.0,2610.0,0,0.0,0.0
2024-04-03 12:00:00+09:00,2608.0,2619.0,2605.0,2610.0,128700,0.0,0.0
2024-04-03 13:00:00+09:00,2610.0,2613.0,2602.0,2612.0,30700,0.0,0.0
2024-04-03 14:00:00+09:00,2611.0,2611.0,2596.0,2599.0,31400,0.0,0.0
2024-04-04 09:00:00+09:00,2600.0,2612.0,2586.0,2604.0,42500,0.0,0.0
2024-04-04 10:00:00+09:00,2604.0,2619.0,2604.0,2614.0,16300,0.0,0.0
2024-04-04 11:00:00+09:00,2614.0,2619.0,2610.0,2615.0,0,0.0,0.0
2024-04-04 12:00:00+09:00,2609.0,2618.0,2609.0,2615.0,81100,0.0,0.0
2024-04-04 13:00:00+09:00,2614.0,2616.0,2606.0,2608.0,15700,0.0,0.0
2024-04-04 14:00:00+09:00,2608.0,2613.0,2606.0,2611.0,23300,0.0,0.0
2024-04-05 09:00:00+09:00,2596.0,2616.0,2588.0,2592.0,35000,0.0,0.0
2024-04-05 10:00:00+09:00,2591.0,2592.0,2565.0,2566.0,29000,0.0,0.0
2024-04-05 11:00:00+09:00,2568.0,2573.0,2562.0,2564.0,0,0.0,0.0
2024-04-05 12:00:00+09:00,2573.0,2602.0,2565.0,2598.0,82600,0.0,0.0
2024-04-05 13:00:00+09:00,2598.0,2603.0,2589.0,2589.0,13000,0.0,0.0
2024-04-05 14:00:00+09:00,2588.0,2596.0,2587.0,2595.0,18000,0.0,0.0
2024-04-08 09:00:00+09:00,2593.0,2603.0,2579.0,2597.0,35900,0.0,0.0
2024-04-08 10:00:00+09:00,2597.0,2610.0,2595.0,2599.0,16300,0.0,0.0
2024-04-08 11:00:00+09:00,2600.0,2603.0,2598.0,2599.0,0,0.0,0.0
2024-04-08 12:00:00+09:00,2590.0,2599.0,2578.0,2585.0,71200,0.0,0.0
2024-04-08 13:00:00+09:00,2585.0,2600.0,2584.0,2600.0,11400,0.0,0.0
2024-04-08 14:00:00+09:00,2598.0,2602.0,2595.0,2597.0,20300,0.0,0.0
2024-04-09 09:00:00+09:00,2620.0,2645.0,2613.0,2640.0,0,0.0,0.0
2024-04-09 10:00:00+09:00,2642.0,2642.0,2631.0,2635.0,32400,0.0,0.0
2024-04-09 11:00:00+09:00,2635.0,2645.0,2633.0,2642.0,0,0.0,0.0
2024-04-09 12:00:00+09:00,2642.0,2648.0,2639.0,2648.0,44100,0.0,0.0
2024-04-09 13:00:00+09:00,2647.0,2654.0,2644.0,2652.0,11000,0.0,0.0
2024-04-09 14:00:00+09:00,2651.0,2664.0,2650.0,2657.0,28700,0.0,0.0
2024-04-10 09:00:00+09:00,2659.0,2674.0,2652.0,2652.0,15700,0.0,0.0
2024-04-10 10:00:00+09:00,2653.0,2658.0,2648.0,2652.0,7900,0.0,0.0
2024-04-10 11:00:00+09:00,2653.0,2655.0,2651.0,2655.0,0,0.0,0.0
2024-04-10 12:00:00+09:00,2655.0,2656.0,2650.0,2656.0,31900,0.0,0.0
2024-04-10 13:00:00+09:00,2653.0,2659.0,2651.0,2654.0,9000,0.0,0.0
2024-04-10 14:00:00+09:00,2655.0,2658.0,2647.0,2648.0,11900,0.0,0.0
2024-04-11 09:00:00+09:00,2619.0,2648.0,2619.0,2647.0,14800,0.0,0.0
2024-04-11 10:00:00+09:00,2647.0,2654.0,2645.0,2650.0,6900,0.0,0.0
2024-04-11 11:00:00+09:00,2648.0,2660.0,2648.0,2660.0,0,0.0,0.0
2024-04-11 12:00:00+09:00,2665.0,2667.0,2659.0,2662.0,30600,0.0,0.0
2024-04-11 13:00:00+09:00,2662.0,2666.0,2655.0,2658.0,5400,0.0,0.0
2024-04-11 14:00:00+09:00,2658.0,2660.0,2649.0,2652.0,10800,0.0,0.0
2024-04-12 09:00:00+09:00,2677.0,2684.0,2666.0,2666.0,23100,0.0,0.0
2024-04-12 10:00:00+09:00,2673.0,2677.0,2664.0,2675.0,4700,0.0,0.0
2024-04-12 11:00:00+09:00,2677.0,2677.0,2671.0,2671.0,0,0.0,0.0
2024-04-12 12:00:00+09:00,2677.0,2677.0,2670.0,2672.0,37200,0.0,0.0
2024-04-12 13:00:00+09:00,2672.0,2674.0,2669.0,2672.0,7400,0.0,0.0
2024-04-12 14:00:00+09:00,2671.0,2682.0,2670.0,2675.0,24300,0.0,0.0
2024-04-15 09:00:00+09:00,2650.0,2660.0,2639.0,2653.0,25400,0.0,0.0
2024-04-15 10:00:00+09:00,2655.0,2664.0,2652.0,2660.0,9600,0.0,0.0
2024-04-15 11:00:00+09:00,2661.0,2662.0,2658.0,2659.0,0,0.0,0.0
2024-04-15 12:00:00+09:00,2659.0,2668.0,2659.0,2663.0,42200,0.0,0.0
2024-04-15 13:00:00+09:00,2664.0,2674.0,2664.0,2674.0,6200,0.0,0.0
2024-04-15 14:00:00+09:00,2674.0,2680.0,2669.0,2677.0,11800,0.0,0.0
2024-04-16 09:00:00+09:00,2664.0,2667.0,2644.0,2653.0,19100,0.0,0.0
2024-04-16 10:00:00+09:00,2654.0,2654.0,2641.0,2648.0,7500,0.0,0.0
2024-04-16 11:00:00+09:00,2651.0,2652.0,2643.0,2644.0,0,0.0,0.0
2024-04-16 12:00:00+09:00,2640.0,2643.0,2629.0,2633.0,40700,0.0,0.0
2024-04-16 13:00:00+09:00,2636.0,2645.0,2631.0,2645.0,7100,0.0,0.0
2024-04-16 14:00:00+09:00,2645.0,2649.0,2640.0,2644.0,16300,0.0,0.0
2024-04-17 09:00:00+09:00,2640.0,2645.0,2589.0,2600.0,43000,0.0,0.0
2024-04-17 10:00:00+09:00,2599.0,2600.0,2590.0,2593.0,15400,0.0,0.0
2024-04-17 11:00:00+09:00,2594.0,2603.0,2594.0,2599.0,0,0.0,0.0
2024-04-17 12:00:00+09:00,2598.0,2602.0,2591.0,2596.0,77900,0.0,0.0
2024-04-17 13:00:00+09:00,2598.0,2600.0,2590.0,2596.0,16100,0.0,0.0
2024-04-17 14:00:00+09:00,2594.0,2596.0,2581.0,2585.0,33900,0.0,0.0
2024-04-18 09:00:00+09:00,2580.0,2610.0,2570.0,2610.0,31500,0.0,0.0
2024-04-18 10:00:00+09:00,2610.0,2620.0,2608.0,2614.0,15900,0.0,0.0
2024-04-18 11:00:00+09:00,2615.0,2620.0,2613.0,2620.0,0,0.0,0.0
2024-04-18 12:00:00+09:00,2620.0,2629.0,2618.0,2623.0,61700,0.0,0.0
2024-04-18 13:00:00+09:00,2624.0,2632.0,2618.0,2624.0,14600,0.0,0.0
2024-04-18 14:00:00+09:00,2625.0,2630.0,2615.0,2620.0,26000,0.0,0.0
2024-04-19 09:00:00+09:00,2600.0,2605.0,2568.0,2571.0,19900,0.0,0.0
2024-04-19 10:00:00+09:00,2570.0,2572.0,2540.0,2548.0,33500,0.0,0.0
2024-04-19 11:00:00+09:00,2549.0,2549.0,2535.0,2536.0,0,0.0,0.0
2024-04-19 12:00:00+09:00,2554.0,2559.0,2540.0,2554.0,70300,0.0,0.0
2024-04-19 13:00:00+09:00,2556.0,2565.0,2552.0,2560.0,11600,0.0,0.0
2024-04-19 14:00:00+09:00,2559.0,2571.0,2555.0,2559.0,19500,0.0,0.0
2024-04-22 09:00:00+09:00,2615.0,2633.0,2601.0,2625.0,58100,0.0,0.0
2024-04-22 10:00:00+09:00,2625.0,2635.0,2616.0,2629.0,18300,0.0,0.0
2024-04-22 11:00:00+09:00,2629.0,2642.0,2629.0,2642.0,0,0.0,0.0
2024-04-22 12:00:00+09:00,2642.0,2645.0,2632.0,2636.0,93000,0.0,0.0
2024-04-22 13:00:00+09:00,2636.0,2653.0,2633.0,2649.0,16500,0.0,0.0
2024-04-22 14:00:00+09:00,2650.0,2655.0,2643.0,2651.0,30900,0.0,0.0
2024-04-23 09:00:00+09:00,2666.0,2674.0,2651.0,2654.0,17700,0.0,0.0
2024-04-23 10:00:00+09:00,2654.0,2659.0,2637.0,2642.0,8800,0.0,0.0
2024-04-23 11:00:00+09:00,2642.0,2650.0,2637.0,2650.0,0,0.0,0.0
2024-04-23 12:00:00+09:00,2650.0,2650.0,2641.0,2643.0,36000,0.0,0.0
2024-04-23 13:00:00+09:00,2643.0,2646.0,2630.0,2632.0,16800,0.0,0.0
2024-04-23 14:00:00+09:00,2632.0,2634.0,2621.0,2625.0,48600,0.0,0.0
2024-04-24 09:00:00+09:00,2655.0,2666.0,2642.0,2653.0,22700,0.0,0.0
2024-04-24 10:00:00+09:00,2650.0,2657.0,2645.0,2657.0,9500,0.0,0.0
2024-04-24 11:00:00+09:00,2655.0,2664.0,2652.0,2663.0,0,0.0,0.0
2024-04-24 12:00:00+09:00,2668.0,2676.0,2665.0,2665.0,45100,0.0,0.0
2024-04-24 13:00:00+09:00,2666.0,2673.0,2666.0,2669.0,6500,0.0,0.0
2024-04-24 14:00:00+09:00,2670.0,2672.0,2663.0,2670.0,16300,0.0,0.0
2024-04-25 09:00:00+09:00,2656.0,2694.0,2655.0,2694.0,31700,0.0,0.0
2024-04-25 10:00:00+09:00,2692.0,2704.0,2685.0,2693.0,11700,0.0,0.0
2024-04-25 11:00:00+09:00,2691.0,2697.0,2689.0,2697.0,0,0.0,0.0
2024-04-25 12:00:00+09:00,2697.0,2700.0,2694.0,2698.0,56400,0.0,0.0
2024-04-25 13:00:00+09:00,2698.0,2702.0,2692.0,2696.0,8600,0.0,0.0
2024-04-25 14:00:00+09:00,2695.0,2698.0,2687.0,2688.0,14300,0.0,0.0
2024-04-26 09:00:00+09:00,2691.0,2692.0,2679.0,2689.0,12000,0.0,0.0
2024-04-26 10:00:00+09:00,2688.0,2696.0,2686.0,2693.0,6000,0.0,0.0
2024-04-26 11:00:00+09:00,2697.0,2704.0,2697.0,2704.0,0,0.0,0.0
2024-04-26 12:00:00+09:00,2705.0,2731.0,2703.0,2726.0,51500,0.0,0.0
2024-04-26 13:00:00+09:00,2725.0,2743.0,2724.0,2737.0,19700,0.0,0.0
2024-04-26 14:00:00+09:00,2737.0,2737.0,2725.0,2727.0,15000,0.0,0.0
2024-04-30 09:00:00+09:00,2770.0,2777.0,2748.0,2772.0,29500,0.0,0.0
2024-04-30 10:00:00+09:00,2769.0,2792.0,2767.0,2788.0,28200,0.0,0.0
2024-04-30 11:00:00+09:00,2788.0,2791.0,2778.0,2788.0,0,0.0,0.0
2024-04-30 12:00:00+09:00,2788.0,2788.0,2778.0,2787.0,75600,0.0,0.0
2024-04-30 13:00:00+09:00,2787.0,2795.0,2783.0,2792.0,27100,0.0,0.0
2024-04-30 14:00:00+09:00,2790.0,2795.0,2783.0,2795.0,19900,0.0,0.0
2024-05-01 09:00:00+09:00,2784.0,2799.0,2778.0,2789.0,15700,0.0,0.0
2024-05-01 10:00:00+09:00,2787.0,2788.0,2772.0,2778.0,6300,0.0,0.0
2024-05-01 11:00:00+09:00,2778.0,2787.0,2777.0,2787.0,0,0.0,0.0
2024-05-01 12:00:00+09:00,2787.0,2797.0,2782.0,2793.0,43900,0.0,0.0
2024-05-01 13:00:00+09:00,2791.0,2796.0,2786.0,2793.0,11200,0.0,0.0
2024-05-01 14:00:00+09:00,2794.0,2795.0,2787.0,2789.0,14700,0.0,0.0
2024-05-02 09:00:00+09:00,2798.0,2798.0,2757.0,2757.0,0,0.0,0.0
2024-05-02 10:00:00+09:00,2756.0,2767.0,2752.0,2764.0,16600,0.0,0.0
2024-05-02 11:00:00+09:00,2761.0,2772.0,2761.0,2766.0,0,0.0,0.0
2024-05-02 12:00:00+09:00,2779.0,2779.0,2774.0,2774.0,22400,0.0,0.0
2024-05-02 13:00:00+09:00,2775.0,2788.0,2775.0,2785.0,5300,0.0,0.0
2024-05-02 14:00:00+09:00,2784.0,2786.0,2773.0,2775.0,8000,0.0,0.0
2024-05-07 09:00:00+09:00,2790.0,2790.0,2749.0,2752.0,19400,0.0,0.0
2024-05-07 10:00:00+09:00,2751.0,2756.0,2743.0,2752.0,12600,0.0,0.0
2024-05-07 11:00:00+09:00,2752.0,2756.0,2748.0,2756.0,0,0.0,0.0
2024-05-07 12:00:00+09:00,2748.0,2760.0,2748.0,2760.0,43100,0.0,0.0
2024-05-07 13:00:00+09:00,2757.0,2761.0,2755.0,2756.0,7900,0.0,0.0
2024-05-07 14:00:00+09:00,2756.0,2762.0,2752.0,2757.0,16000,0.0,0.0
2024-05-08 09:00:00+09:00,2756.0,2791.0,2748.0,2789.0,22700,0.0,0.0
2024-05-08 10:00:00+09:00,2791.0,2796.0,2776.0,2776.0,11500,0.0,0.0
2024-05-08 11:00:00+09:00,2777.0,2777.0,2767.0,2769.0,0,0.0,0.0
2024-05-08 12:00:00+09:00,2769.0,2778.0,2769.0,2771.0,42000,0.0,0.0
2024-05-08 13:00:00+09:00,2770.0,2774.0,2766.0,2769.0,9300,0.0,0.0
2024-05-08 14:00:00+09:00,2771.0,2773.0,2764.0,2764.0,14200,0.0,0.0
2024-05-09 09:00:00+09:00,2797.0,2820.0,2793.0,2803.0,47100,0.0,0.0
2024-05-09 10:00:00+09:00,2806.0,2809.0,2780.0,2805.0,45400,0.0,0.0
2024-05-09 11:00:00+09:00,2804.0,2815.0,2801.0,2815.0,0,0.0,0.0
2024-05-09 12:00:00+09:00,2816.0,2824.0,2813.0,2821.0,182200,0.0,0.0
2024-05-09 13:00:00+09:00,2819.0,2820.0,2801.0,2810.0,17600,0.0,0.0
2024-05-09 14:00:00+09:00,2807.0,2817.0,2805.0,2817.0,25900,0.0,0.0
2024-05-10 09:00:00+09:00,2823.0,2857.0,2815.0,2839.0,177700,0.0,0.0
2024-05-10 10:00:00+09:00,2840.0,2845.0,2820.0,2834.0,26200,0.0,0.0
2024-05-10 11:00:00+09:00,2834.0,2836.0,2829.0,2836.0,0,0.0,0.0
2024-05-10 12:00:00+09:00,2838.0,2838.0,2821.0,2836.0,224700,0.0,0.0
2024-05-10 13:00:00+09:00,2835.0,2835.0,2825.0,2828.0,0,0.0,0.0
2024-05-10 14:00:00+09:00,2827.0,2833.0,2811.0,2820.0,273300,0.0,0.0
2024-05-13 09:00:00+09:00,2810.0,2811.0,2691.0,2700.0,86300,0.0,0.0
2024-05-13 10:00:00+09:00,2695.0,2717.0,2683.0,2701.0,31500,0.0,0.0
2024-05-13 11:00:00+09:00,2696.0,2699.0,2686.0,2688.0,0,0.0,0.0
2024-05-13 12:00:00+09:00,2701.0,2701.0,2667.0,2670.0,150600,0.0,0.0
2024-05-13 13:00:00+09:00,2671.0,2684.0,2658.0,2670.0,0,0.0,0.0
2024-05-13 14:00:00+09:00,2671.0,2685.0,2669.0,2684.0,205200,0.0,0.0
2024-05-14 09:00:00+09:00,2699.0,2738.0,2695.0,2719.0,0,0.0,0.0
2024-05-14 10:00:00+09:00,2721.0,2743.0,2712.0,2728.0,54700,0.0,0.0
2024-05-14 11:00:00+09:00,2729.0,2738.0,2720.0,2721.0,0,0.0,0.0
2024-05-14 12:00:00+09:00,2730.0,2748.0,2716.0,2748.0,79100,0.0,0.0
2024-05-14 13:00:00+09:00,2747.0,2747.0,2734.0,2739.0,16200,0.0,0.0
2024-05-14 14:00:00+09:00,2738.0,2743.0,2731.0,2731.0,13800,0.0,0.0
2024-05-15 09:00:00+09:00,2750.0,2758.0,2732.0,2733.0,23700,0.0,0.0
2024-05-15 10:00:00+09:00,2729.0,2733.0,2722.0,2722.0,7800,0.0,0.0
2024-05-15 11:00:00+09:00,2723.0,2727.0,2700.0,2706.0,0,0.0,0.0
2024-05-15 12:00:00+09:00,2714.0,2734.0,2709.0,2732.0,55600,0.0,0.0
2024-05-15 13:00:00+09:00,2732.0,2747.0,2729.0,2734.0,21000,0.0,0.0
2024-05-15 14:00:00+09:00,2733.0,2734.0,2722.0,2724.0,30800,0.0,0.0
2024-05-16 09:00:00+09:00,2724.0,2734.0,2684.0,2707.0,27300,0.0,0.0
2024-05-16 10:00:00+09:00,2706.0,2711.0,2696.0,2697.0,7100,0.0,0.0
2024-05-16 11:00:00+09:00,2695.0,2695.0,2687.0,2692.0,0,0.0,0.0
2024-05-16 12:00:00+09:00,2703.0,2714.0,2692.0,2711.0,48200,0.0,0.0
2024-05-16 13:00:00+09:00,2712.0,2714.0,2703.0,2705.0,7500,0.0,0.0
2024-05-16 14:00:00+09:00,2704.0,2711.0,2701.0,2707.0,18200,0.0,0.0
2024-05-17 09:00:00+09:00,2703.0,2719.0,2678.0,2711.0,11500,0.0,0.0
2024-05-17 10:00:00+09:00,2710.0,2723.0,2708.0,2719.0,6400,0.0,0.0
2024-05-17 11:00:00+09:00,2724.0,2730.0,2720.0,2723.0,0,0.0,0.0
2024-05-17 12:00:00+09:00,2723.0,2731.0,2723.0,2727.0,25400,0.0,0.0
2024-05-17 13:00:00+09:00,2724.0,2724.0,2719.0,2720.0,4000,0.0,0.0
2024-05-17 14:00:00+09:00,2721.0,2721.0,2709.0,2716.0,9900,0.0,0.0
2024-05-20 09:00:00+09:00,2725.0,2734.0,2709.0,2722.0,12700,0.0,0.0
2024-05-20 10:00:00+09:00,2726.0,2727.0,2712.0,2725.0,16300,0.0,0.0
2024-05-20 11:00:00+09:00,2726.0,2731.0,2726.0,2728.0,0,0.0,0.0
2024-05-20 12:00:00+09:00,2728.0,2732.0,2719.0,2722.0,38200,0.0,0.0
2024-05-20 13:00:00+09:00,2720.0,2720.0,2703.0,2708.0,9700,0.0,0.0
2024-05-20 14:00:00+09:00,2710.0,2711.0,2698.0,2711.0,18900,0.0,0.0
2024-05-21 09:00:00+09:00,2719.0,2730.0,2717.0,2730.0,9900,0.0,0.0
2024-05-21 10:00:00+09:00,2730.0,2740.0,2723.0,2728.0,17500,0.0,0.0
2024-05-21 11:00:00+09:00,2728.0,2729.0,2718.0,2719.0,0,0.0,0.0
2024-05-21 12:00:00+09:00,2727.0,2732.0,2721.0,2724.0,37700,0.0,0.0
2024-05-21 13:00:00+09:00,2724.0,2724.0,2701.0,2707.0,9700,0.0,0.0
2024-05-21 14:00:00+09:00,2707.0,2711.0,2696.0,2697.0,17500,0.0,0.0
2024-05-22 09:00:00+09:00,2700.0,2700.0,2672.0,2672.0,16900,0.0,0.0
2024-05-22 10:00:00+09:00,2670.0,2683.0,2669.0,2680.0,10000,0.0,0.0
2024-05-22 11:00:00+09:00,2680.0,2684.0,2677.0,2684.0,0,0.0,0.0
2024-05-22 12:00:00+09:00,2690.0,2696.0,2684.0,2696.0,36300,0.0,0.0
2024-05-22 13:00:00+09:00,2697.0,2697.0,2688.0,2689.0,6300,0.0,0.0
2024-05-22 14:00:00+09:00,2688.0,2691.0,2680.0,2680.0,11500,0.0,0.0
2024-05-23 09:00:00+09:00,2683.0,2707.0,2681.0,2706.0,11000,0.0,0.0
2024-05-23 10:00:00+09:00,2706.0,2723.0,2703.0,2718.0,7800,0.0,0.0
2024-05-23 11:00:00+09:00,2720.0,2730.0,2716.0,2720.0,0,0.0,0.0
2024-05-23 12:00:00+09:00,2739.0,2739.0,2726.0,2730.0,40800,0.0,0.0
2024-05-23 13:00:00+09:00,2732.0,2732.0,2718.0,2725.0,6800,0.0,0.0
2024-05-23 14:00:00+09:00,2726.0,2727.0,2715.0,2718.0,12400,0.0,0.0
2024-05-24 09:00:00+09:00,2683.0,2726.0,2678.0,2717.0,19200,0.0,0.0
2024-05-24 10:00:00+09:00,2719.0,2724.0,2714.0,2721.0,7400,0.0,0.0
2024-05-24 11:00:00+09:00,2727.0,2727.0,2711.0,2725.0,0,0.0,0.0
2024-05-24 12:00:00+09:00,2726.0,2727.0,2718.0,2724.0,40800,0.0,0.0
2024-05-24 13:00:00+09:00,2725.0,2727.0,2718.0,2719.0,0,0.0,0.0
2024-05-24 14:00:00+09:00,2719.0,2723.0,2716.0,2719.0,72800,0.0,0.0
2024-05-27 09:00:00+09:00,2720.0,2729.0,2710.0,2725.0,0,0.0,0.0
2024-05-27 10:00:00+09:00,2720.0,2723.0,2709.0,2715.0,25300,0.0,0.0
2024-05-27 11:00:00+09:00,2716.0,2722.0,2712.0,2722.0,0,0.0,0.0
2024-05-27 12:00:00+09:00,2728.0,2729.0,2717.0,2721.0,39300,0.0,0.0
2024-05-27 13:00:00+09:00,2719.0,2734.0,2717.0,2730.0,8300,0.0,0.0
2024-05-27 14:00:00+09:00,2731.0,2742.0,2729.0,2741.0,25600,0.0,0.0
2024-05-28 09:00:00+09:00,2742.0,2751.0,2729.0,2747.0,12800,0.0,0.0
2024-05-28 10:00:00+09:00,2747.0,2747.0,2737.0,2739.0,6100,0.0,0.0
2024-05-28 11:00:00+09:00,2737.0,2737.0,2722.0,2722.0,0,0.0,0.0
2024-05-28 12:00:00+09:00,2720.0,2730.0,2720.0,2724.0,27400,0.0,0.0
2024-05-28 13:00:00+09:00,2723.0,2727.0,2722.0,2724.0,6000,0.0,0.0
2024-05-28 14:00:00+09:00,2724.0,2725.0,2712.0,2717.0,16400,0.0,0.0
2024-05-29 09:00:00+09:00,2712.0,2714.0,2701.0,2706.0,10800,0.0,0.0
2024-05-29 10:00:00+09:00,2707.0,2710.0,2687.0,2693.0,8600,0.0,0.0
2024-05-29 11:00:00+09:00,2693.0,2695.0,2690.0,2692.0,0,0.0,0.0
2024-05-29 12:00:00+09:00,2696.0,2696.0,2691.0,2693.0,27000,0.0,0.0
2024-05-29 13:00:00+09:00,2693.0,2695.0,2672.0,2672.0,13000,0.0,0.0
2024-05-29 14:00:00+09:00,2673.0,2675.0,2663.0,2668.0,11600,0.0,0.0
2024-05-30 09:00:00+09:00,2652.0,2663.0,2640.0,2649.0,23200,0.0,0.0
2024-05-30 10:00:00+09:00,2650.0,2685.0,2650.0,2684.0,8300,0.0,0.0
2024-05-30 11:00:00+09:00,2684.0,2685.0,2672.0,2685.0,0,0.0,0.0
2024-05-30 12:00:00+09:00,2697.0,2707.0,2681.0,2707.0,50500,0.0,0.0
2024-05-30 13:00:00+09:00,2701.0,2707.0,2695.0,2705.0,20300,0.0,0.0
2024-05-30 14:00:00+09:00,2707.0,2715.0,2688.0,2704.0,27600,0.0,0.0
2024-05-31 09:00:00+09:00,2750.0,2760.0,2728.0,2746.0,25600,0.0,0.0
2024-05-31 10:00:00+09:00,2745.0,2748.0,2729.0,2730.0,6800,0.0,0.0
2024-05-31 11:00:00+09:00,2729.0,2731.0,2722.0,2731.0,0,0.0,0.0
2024-05-31 12:00:00+09:00,2731.0,2745.0,2730.0,2744.0,43500,0.0,0.0
2024-05-31 13:00:00+09:00,2744.0,2751.0,2731.0,2747.0,14700,0.0,0.0
2024-05-31 14:00:00+09:00,2747.0,2764.0,2736.0,2764.0,44000,0.0,0.0
2024-06-03 09:00:00+09:00,2810.0,2865.0,2803.0,2865.0,112400,0.0,0.0
2024-06-03 10:00:00+09:00,2866.0,2869.0,2848.0,2851.0,26100,0.0,0.0
2024-06-03 11:00:00+09:00,2850.0,2863.0,2850.0,2856.0,0,0.0,0.0
2024-06-03 12:00:00+09:00,2862.0,2869.0,2855.0,2866.0,168900,0.0,0.0
2024-06-03 13:00:00+09:00,2866.0,2866.0,2853.0,2858.0,17100,0.0,0.0
2024-06-03 14:00:00+09:00,2858.0,2862.0,2853.0,2862.0,28500,0.0,0.0
2024-06-04 09:00:00+09:00,2865.0,2900.0,2864.0,2885.0,70200,0.0,0.0
2024-06-04 10:00:00+09:00,2885.0,2892.0,2873.0,2891.0,30500,0.0,0.0
2024-06-04 11:00:00+09:00,2891.0,2899.0,2877.0,2898.0,0,0.0,0.0
2024-06-04 12:00:00+09:00,2899.0,2917.0,2893.0,2912.0,162100,0.0,0.0
2024-06-04 13:00:00+09:00,2912.0,2925.0,2905.0,2914.0,48300,0.0,0.0
2024-06-04 14:00:00+09:00,2914.0,2915.0,2901.0,2915.0,22600,0.0,0.0
2024-06-05 09:00:00+09:00,2919.0,2949.0,2877.0,2899.0,49100,0.0,0.0
2024-06-05 10:00:00+09:00,2901.0,2915.0,2901.0,2905.0,11800,0.0,0.0
2024-06-05 11:00:00+09:00,2906.0,2913.0,2902.0,2909.0,0,0.0,0.0
2024-06-05 12:00:00+09:00,2909.0,2912.0,2903.0,2908.0,81000,0.0,0.0
2024-06-05 13:00:00+09:00,2908.0,2912.0,2900.0,2904.0,15100,0.0,0.0
2024-06-05 14:00:00+09:00,2903.0,2911.0,2900.0,2905.0,22600,0.0,0.0
2024-06-06 09:00:00+09:00,2925.0,2950.0,2922.0,2928.0,54300,0.0,0.0
2024-06-06 10:00:00+09:00,2928.0,2936.0,2921.0,2935.0,23000,0.0,0.0
2024-06-06 11:00:00+09:00,2934.0,2939.0,2931.0,2939.0,0,0.0,0.0
2024-06-06 12:00:00+09:00,2927.0,2934.0,2919.0,2923.0,97600,0.0,0.0
2024-06-06 13:00:00+09:00,2927.0,2930.0,2918.0,2922.0,13900,0.0,0.0
2024-06-06 14:00:00+09:00,2923.0,2933.0,2922.0,2929.0,27500,0.0,0.0
2024-06-07 09:00:00+09:00,2898.0,2902.0,2850.0,2852.0,22700,0.0,0.0
2024-06-07 10:00:00+09:00,2850.0,2860.0,2848.0,2854.0,13100,0.0,0.0
2024-06-07 11:00:00+09:00,2851.0,2858.0,2851.0,2856.0,0,0.0,0.0
2024-06-07 12:00:00+09:00,2855.0,2860.0,2851.0,2855.0,46200,0.0,0.0
2024-06-07 13:00:00+09:00,2855.0,2855.0,2846.0,2852.0,13000,0.0,0.0
2024-06-07 14:00:00+09:00,2852.0,2853.0,2846.0,2853.0,16700,0.0,0.0
2024-06-10 09:00:00+09:00,2850.0,2892.0,2850.0,2883.0,22700,0.0,0.0
2024-06-10 10:00:00+09:00,2882.0,2888.0,2879.0,2883.0,5800,0.0,0.0
2024-06-10 11:00:00+09:00,2883.0,2897.0,2883.0,2896.0,0,0.0,0.0
2024-06-10 12:00:00+09:00,2900.0,2907.0,2895.0,2901.0,44800,0.0,0.0
2024-06-10 13:00:00+09:00,2904.0,2904.0,2890.0,2899.0,11000,0.0,0.0
2024-06-10 14:00:00+09:00,2899.0,2910.0,2898.0,2909.0,21300,0.0,0.0
2024-06-11 09:00:00+09:00,2907.0,2909.0,2896.0,2907.0,11600,0.0,0.0
2024-06-11 10:00:00+09:00,2909.0,2909.0,2884.0,2886.0,6600,0.0,0.0
2024-06-11 11:00:00+09:00,2888.0,2890.0,2881.0,2888.0,0,0.0,0.0
2024-06-11 12:00:00+09:00,2896.0,2900.0,2888.0,2898.0,28000,0.0,0.0
2024-06-11 13:00:00+09:00,2898.0,2898.0,2880.0,2883.0,7500,0.0,0.0
2024-06-11 14:00:00+09:00,2884.0,2891.0,2880.0,2886.0,17700,0.0,0.0
2024-06-12 09:00:00+09:00,2850.0,2898.0,2850.0,2896.0,10200,0.0,0.0
2024-06-12 10:00:00+09:00,2897.0,2898.0,2891.0,2897.0,4000,0.0,0.0
2024-06-12 11:00:00+09:00,2897.0,2898.0,2891.0,2894.0,0,0.0,0.0
2024-06-12 12:00:00+09:00,2894.0,2896.0,2890.0,2891.0,19600,0.0,0.0
2024-06-12 13:00:00+09:00,2891.0,2894.0,2887.0,2890.0,5200,0.0,0.0
2024-06-12 14:00:00+09:00,2889.0,2897.0,2888.0,2890.0,7600,0.0,0.0
2024-06-13 09:00:00+09:00,2915.0,2915.0,2854.0,2871.0,16500,0.0,0.0
2024-06-13 10:00:00+09:00,2872.0,2872.0,2850.0,2850.0,3900,0.0,0.0
2024-06-13 11:00:00+09:00,2851.0,2871.0,2851.0,2858.0,0,0.0,0.0
2024-06-13 12:00:00+09:00,2858.0,2861.0,2857.0,2861.0,32100,0.0,0.0
2024-06-13 13:00:00+09:00,2861.0,2861.0,2851.0,2860.0,9300,0.0,0.0
2024-06-13 14:00:00+09:00,2860.0,2861.0,2851.0,2856.0,17300,0.0,0.0
2024-06-14 09:00:00+09:00,2842.0,2899.0,2820.0,2897.0,42600,0.0,0.0
2024-06-14 10:00:00+09:00,2895.0,2905.0,2894.0,2905.0,9000,0.0,0.0
2024-06-14 11:00:00+09:00,2904.0,2910.0,2903.0,2910.0,0,0.0,0.0
2024-06-14 12:00:00+09:00,2912.0,2916.0,2908.0,2915.0,67400,0.0,0.0
2024-06-14 13:00:00+09:00,2916.0,2917.0,2904.0,2906.0,9300,0.0,0.0
2024-06-14 14:00:00+09:00,2907.0,2909.0,2903.0,2906.0,15200,0.0,0.0
2024-06-17 09:00:00+09:00,2911.0,2911.0,2878.0,2897.0,21400,0.0,0.0
2024-06-17 10:00:00+09:00,2896.0,2904.0,2893.0,2897.0,9500,0.0,0.0
2024-06-17 11:00:00+09:00,2899.0,2909.0,2899.0,2908.0,0,0.0,0.0
2024-06-17 12:00:00+09:00,2911.0,2911.0,2899.0,2902.0,39700,0.0,0.0
2024-06-17 13:00:00+09:00,2902.0,2903.0,2892.0,2892.0,8700,0.0,0.0
2024-06-17 14:00:00+09:00,2892.0,2902.0,2892.0,2894.0,12000,0.0,0.0
2024-06-18 09:00:00+09:00,2915.0,2915.0,2894.0,2897.0,0,0.0,0.0
2024-06-18 10:00:00+09:00,2900.0,2911.0,2900.0,2907.0,10900,0.0,0.0
2024-06-18 11:00:00+09:00,2910.0,2916.0,2908.0,2916.0,0,0.0,0.0
2024-06-18 12:00:00+09:00,2901.0,2911.0,2892.0,2911.0,20300,0.0,0.0
2024-06-18 13:00:00+09:00,2910.0,2913.0,2905.0,2907.0,8100,0.0,0.0
2024-06-18 14:00:00+09:00,2907.0,2909.0,2890.0,2894.0,15600,0.0,0.0
2024-06-19 09:00:00+09:00,2910.0,2928.0,2908.0,2926.0,18400,0.0,0.0
2024-06-19 10:00:00+09:00,2926.0,2926.0,2915.0,2915.0,3000,0.0,0.0
2024-06-19 11:00:00+09:00,2915.0,2915.0,2909.0,2914.0,0,0.0,0.0
2024-06-19 12:00:00+09:00,2901.0,2911.0,2901.0,2907.0,29800,0.0,0.0
2024-06-19 13:00:00+09:00,2908.0,2913.0,2905.0,2910.0,4900,0.0,0.0
2024-06-19 14:00:00+09:00,2912.0,2917.0,2911.0,2915.0,10200,0.0,0.0
2024-06-20 09:00:00+09:00,2911.0,2932.0,2901.0,2928.0,8900,0.0,0.0
2024-06-20 10:00:00+09:00,2923.0,2929.0,2914.0,2929.0,3600,0.0,0.0
2024-06-20 11:00:00+09:00,2930.0,2934.0,2930.0,2933.0,0,0.0,0.0
2024-06-20 12:00:00+09:00,2938.0,2957.0,2937.0,2957.0,46200,0.0,0.0
2024-06-20 13:00:00+09:00,2958.0,2972.0,2953.0,2971.0,18000,0.0,0.0
2024-06-20 14:00:00+09:00,2969.0,2986.0,2969.0,2986.0,20900,0.0,0.0
2024-06-21 09:00:00+09:00,2973.0,3010.0,2963.0,2987.0,48900,0.0,0.0
2024-06-21 10:00:00+09:00,2987.0,2997.0,2960.0,2961.0,13800,0.0,0.0
2024-06-21 11:00:00+09:00,2962.0,2971.0,2962.0,2967.0,0,0.0,0.0
2024-06-21 12:00:00+09:00,2962.0,2968.0,2956.0,2967.0,80700,0.0,0.0
2024-06-21 13:00:00+09:00,2969.0,2984.0,2964.0,2984.0,16300,0.0,0.0
2024-06-21 14:00:00+09:00,2982.0,2982.0,2952.0,2958.0,23900,0.0,0.0
2024-06-24 09:00:00+09:00,2950.0,2967.0,2943.0,2956.0,28100,0.0,0.0
2024-06-24 10:00:00+09:00,2957.0,2969.0,2946.0,2965.0,9000,0.0,0.0
2024-06-24 11:00:00+09:00,2967.0,2970.0,2960.0,2965.0,0,0.0,0.0
2024-06-24 12:00:00+09:00,2974.0,2974.0,2955.0,2959.0,49400,0.0,0.0
2024-06-24 13:00:00+09:00,2959.0,2973.0,2959.0,2971.0,10200,0.0,0.0
2024-06-24 14:00:00+09:00,2971.0,2972.0,2952.0,2952.0,19400,0.0,0.0
2024-06-25 09:00:00+09:00,2951.0,2974.0,2940.0,2947.0,20400,0.0,0.0
2024-06-25 10:00:00+09:00,2946.0,2968.0,2942.0,2962.0,5600,0.0,0.0
2024-06-25 11:00:00+09:00,2962.0,2964.0,2957.0,2957.0,0,0.0,0.0
2024-06-25 12:00:00+09:00,2953.0,2954.0,2937.0,2942.0,34100,0.0,0.0
2024-06-25 13:00:00+09:00,2940.0,2940.0,2924.0,2924.0,14400,0.0,0.0
2024-06-25 14:00:00+09:00,2925.0,2932.0,2917.0,2932.0,25100,0.0,0.0
2024-06-26 09:00:00+09:00,2945.0,2945.0,2889.0,2920.0,14700,0.0,0.0
2024-06-26 10:00:00+09:00,2918.0,2939.0,2917.0,2938.0,5000,0.0,0.0
2024-06-26 11:00:00+09:00,2937.0,2942.0,2937.0,2941.0,0,0.0,0.0
2024-06-26 12:00:00+09:00,2942.0,2947.0,2934.0,2942.0,30400,0.0,0.0
2024-06-26 13:00:00+09:00,2940.0,2940.0,2930.0,2930.0,7800,0.0,0.0
2024-06-26 14:00:00+09:00,2928.0,2931.0,2924.0,2929.0,14200,0.0,0.0
2024-06-27 09:00:00+09:00,2917.0,2980.0,2917.0,2975.0,10700,0.0,0.0
2024-06-27 10:00:00+09:00,2976.0,2978.0,2970.0,2978.0,6900,0.0,0.0
2024-06-27 11:00:00+09:00,2979.0,2981.0,2973.0,2978.0,0,0.0,0.0
2024-06-27 12:00:00+09:00,2971.0,2983.0,2971.0,2983.0,32000,0.0,0.0
2024-06-27 13:00:00+09:00,2981.0,2983.0,2977.0,2978.0,8000,0.0,0.0
2024-06-27 14:00:00+09:00,2978.0,2985.0,2970.0,2985.0,15100,0.0,0.0
2024-06-28 09:00:00+09:00,2984.0,3005.0,2961.0,2976.0,17000,0.0,0.0
2024-06-28 10:00:00+09:00,2972.0,2973.0,2956.0,2962.0,7800,0.0,0.0
2024-06-28 11:00:00+09:00,2960.0,2962.0,2960.0,2961.0,0,0.0,0.0
2024-06-28 12:00:00+09:00,2956.0,2966.0,2956.0,2966.0,32300,0.0,0.0
2024-06-28 13:00:00+09:00,2964.0,2965.0,2960.0,2965.0,5200,0.0,0.0
2024-06-28 14:00:00+09:00,2964.0,2964.0,2950.0,2953.0,12800,0.0,0.0
2024-07-01 09:00:00+09:00,2985.0,2990.0,2964.0,2979.0,16600,0.0,0.0
2024-07-01 10:00:00+09:00,2982.0,2986.0,2975.0,2981.0,5400,0.0,0.0
2024-07-01 11:00:00+09:00,2981.0,2986.0,2978.0,2980.0,0,0.0,0.0
2024-07-01 12:00:00+09:00,2980.0,2980.0,2967.0,2967.0,28400,0.0,0.0
2024-07-01 13:00:00+09:00,2967.0,2967.0,2953.0,2960.0,6000,0.0,0.0
2024-07-01 14:00:00+09:00,2958.0,2967.0,2956.0,2967.0,12600,0.0,0.0
2024-07-02 09:00:00+09:00,2951.0,2963.0,2915.0,2930.0,14200,0.0,0.0
2024-07-02 10:00:00+09:00,2933.0,2956.0,2933.0,2950.0,4400,0.0,0.0
2024-07-02 11:00:00+09:00,2946.0,2946.0,2942.0,2942.0,0,0.0,0.0
2024-07-02 12:00:00+09:00,2942.0,2945.0,2935.0,2942.0,23500,0.0,0.0
2024-07-02 13:00:00+09:00,2944.0,2957.0,2944.0,2950.0,6800,0.0,0.0
2024-07-02 14:00:00+09:00,2949.0,2957.0,2940.0,2952.0,9800,0.0,0.0
2024-07-03 09:00:00+09:00,2949.0,2977.0,2940.0,2955.0,13000,0.0,0.0
2024-07-03 10:00:00+09:00,2956.0,2971.0,2955.0,2970.0,8300,0.0,0.0
2024-07-03 11:00:00+09:00,2971.0,2971.0,2964.0,2968.0,0,0.0,0.0
2024-07-03 12:00:00+09:00,2972.0,2990.0,2972.0,2984.0,41000,0.0,0.0
2024-07-03 13:00:00+09:00,2983.0,3005.0,2981.0,3000.0,19200,0.0,0.0
2024-07-03 14:00:00+09:00,3000.0,3010.0,2998.0,3000.0,22000,0.0,0.0
2024-07-04 09:00:00+09:00,3010.0,3010.0,2980.0,2997.0,18400,0.0,0.0
2024-07-04 10:00:00+09:00,3000.0,3000.0,2985.0,2994.0,10400,0.0,0.0
2024-07-04 11:00:00+09:00,2994.0,2994.0,2985.0,2985.0,0,0.0,0.0
2024-07-04 12:00:00+09:00,2992.0,2996.0,2984.0,2993.0,38400,0.0,0.0
2024-07-04 13:00:00+09:00,2992.0,2995.0,2987.0,2989.0,15200,0.0,0.0
2024-07-04 14:00:00+09:00,2991.0,3015.0,2988.0,3010.0,13800,0.0,0.0
2024-07-05 09:00:00+09:00,3010.0,3010.0,2966.0,2979.0,13900,0.0,0.0
2024-07-05 10:00:00+09:00,2979.0,2989.0,2976.0,2982.0,4600,0.0,0.0
2024-07-05 11:00:00+09:00,2979.0,2986.0,2977.0,2986.0,0,0.0,0.0
2024-07-05 12:00:00+09:00,2980.0,2995.0,2970.0,2989.0,31800,0.0,0.0
2024-07-05 13:00:00+09:00,2988.0,3000.0,2986.0,2998.0,13500,0.0,0.0
2024-07-05 14:00:00+09:00,2999.0,2999.0,2979.0,2980.0,18000,0.0,0.0
2024-07-08 09:00:00+09:00,2977.0,2984.0,2967.0,2975.0,7900,0.0,0.0
2024-07-08 10:00:00+09:00,2975.0,2999.0,2975.0,2980.0,10400,0.0,0.0
2024-07-08 11:00:00+09:00,2975.0,2975.0,2967.0,2975.0,0,0.0,0.0
2024-07-08 12:00:00+09:00,2971.0,2977.0,2965.0,2973.0,31400,0.0,0.0
2024-07-08 13:00:00+09:00,2973.0,2973.0,2943.0,2950.0,14800,0.0,0.0
2024-07-08 14:00:00+09:00,2950.0,2959.0,2934.0,2947.0,32100,0.0,0.0
2024-07-09 09:00:00+09:00,3010.0,3025.0,2987.0,2996.0,44300,0.0,0.0
2024-07-09 10:00:00+09:00,2993.0,2997.0,2992.0,2995.0,10600,0.0,0.0
2024-07-09 11:00:00+09:00,2994.0,3005.0,2994.0,3005.0,0,0.0,0.0
2024-07-09 12:00:00+09:00,3020.0,3030.0,3015.0,3020.0,76600,0.0,0.0
2024-07-09 13:00:00+09:00,3020.0,3035.0,3015.0,3025.0,23800,0.0,0.0
2024-07-09 14:00:00+09:00,3020.0,3030.0,3010.0,3010.0,26000,0.0,0.0
2024-07-10 09:00:00+09:00,3035.0,3040.0,3015.0,3025.0,24600,0.0,0.0
2024-07-10 10:00:00+09:00,3030.0,3040.0,3020.0,3040.0,7500,0.0,0.0
2024-07-10 11:00:00+09:00,3040.0,3040.0,3025.0,3030.0,0,0.0,0.0
2024-07-10 12:00:00+09:00,3030.0,3035.0,3030.0,3035.0,43500,0.0,0.0
2024-07-10 13:00:00+09:00,3035.0,3040.0,3030.0,3035.0,11900,0.0,0.0
2024-07-10 14:00:00+09:00,3040.0,3050.0,3030.0,3050.0,21800,0.0,0.0
2024-07-11 09:00:00+09:00,3055.0,3060.0,3025.0,3055.0,42100,0.0,0.0
2024-07-11 10:00:00+09:00,3050.0,3070.0,3050.0,3065.0,12000,0.0,0.0
2024-07-11 11:00:00+09:00,3065.0,3065.0,3060.0,3065.0,0,0.0,0.0
2024-07-11 12:00:00+09:00,3070.0,3080.0,3060.0,3070.0,78500,0.0,0.0
2024-07-11 13:00:00+09:00,3070.0,3070.0,3055.0,3060.0,6100,0.0,0.0
2024-07-11 14:00:00+09:00,3055.0,3065.0,3050.0,3050.0,12800,0.0,0.0
2024-07-12 09:00:00+09:00,3050.0,3055.0,3035.0,3050.0,23200,0.0,0.0
2024-07-12 10:00:00+09:00,3050.0,3060.0,3050.0,3050.0,7900,0.0,0.0
2024-07-12 11:00:00+09:00,3050.0,3050.0,3035.0,3040.0,0,0.0,0.0
2024-07-12 12:00:00+09:00,3040.0,3040.0,3025.0,3030.0,44900,0.0,0.0
2024-07-12 13:00:00+09:00,3030.0,3035.0,3025.0,3035.0,9600,0.0,0.0
2024-07-12 14:00:00+09:00,3035.0,3035.0,3020.0,3035.0,7600,0.0,0.0
2024-07-16 09:00:00+09:00,3030.0,3040.0,3030.0,3035.0,7400,0.0,0.0
2024-07-16 10:00:00+09:00,3030.0,3035.0,3025.0,3025.0,3300,0.0,0.0
2024-07-16 11:00:00+09:00,3020.0,3020.0,3015.0,3020.0,0,0.0,0.0
2024-07-16 12:00:00+09:00,3015.0,3020.0,3015.0,3020.0,12800,0.0,0.0
2024-07-16 13:00:00+09:00,3020.0,3025.0,3020.0,3020.0,1100,0.0,0.0
2024-07-16 14:00:00+09:00,3020.0,3030.0,3015.0,3030.0,4800,0.0,0.0
2024-07-17 09:00:00+09:00,3055.0,3080.0,3045.0,3075.0,17200,0.0,0.0
2024-07-17 10:00:00+09:00,3075.0,3075.0,3070.0,3075.0,3400,0.0,0.0
2024-07-17 11:00:00+09:00,3075.0,3085.0,3065.0,3070.0,0,0.0,0.0
2024-07-17 12:00:00+09:00,3075.0,3075.0,3060.0,3070.0,34800,0.0,0.0
2024-07-17 13:00:00+09:00,3070.0,3070.0,3060.0,3060.0,8100,0.0,0.0
2024-07-17 14:00:00+09:00,3060.0,3070.0,3055.0,3055.0,8700,0.0,0.0
2024-07-18 09:00:00+09:00,3000.0,3010.0,2987.0,3000.0,22400,0.0,0.0
2024-07-18 10:00:00+09:00,3005.0,3030.0,3000.0,3015.0,8800,0.0,0.0
2024-07-18 11:00:00+09:00,3015.0,3015.0,3005.0,3010.0,0,0.0,0.0
2024-07-18 12:00:00+09:00,3000.0,3015.0,3000.0,3015.0,43800,0.0,0.0
2024-07-18 13:00:00+09:00,3010.0,3015.0,3005.0,3005.0,4400,0.0,0.0
2024-07-18 14:00:00+09:00,3010.0,3010.0,2989.0,2990.0,16300,0.0,0.0
2024-07-19 09:00:00+09:00,2992.0,3005.0,2985.0,2998.0,8700,0.0,0.0
2024-07-19 10:00:00+09:00,2998.0,3000.0,2990.0,2993.0,4200,0.0,0.0
2024-07-19 11:00:00+09:00,2995.0,2998.0,2993.0,2994.0,0,0.0,0.0
2024-07-19 12:00:00+09:00,3030.0,3030.0,2987.0,3000.0,18600,0.0,0.0
2024-07-19 13:00:00+09:00,2999.0,2999.0,2989.0,2997.0,0,0.0,0.0
2024-07-19 14:00:00+09:00,2998.0,3015.0,2997.0,3010.0,32800,0.0,0.0
2024-07-22 09:00:00+09:00,2983.0,2990.0,2952.0,2958.0,17300,0.0,0.0
2024-07-22 10:00:00+09:00,2959.0,2963.0,2953.0,2953.0,5400,0.0,0.0
2024-07-22 11:00:00+09:00,2952.0,2958.0,2952.0,2958.0,0,0.0,0.0
2024-07-22 12:00:00+09:00,2967.0,2967.0,2946.0,2950.0,32200,0.0,0.0
2024-07-22 13:00:00+09:00,2949.0,2953.0,2939.0,2946.0,7600,0.0,0.0
2024-07-22 14:00:00+09:00,2946.0,2950.0,2941.0,2941.0,8300,0.0,0.0
2024-07-23 09:00:00+09:00,2950.0,2968.0,2950.0,2958.0,11100,0.0,0.0
2024-07-23 10:00:00+09:00,2962.0,2966.0,2956.0,2960.0,5000,0.0,0.0
2024-07-23 11:00:00+09:00,2958.0,2958.0,2946.0,2951.0,0,0.0,0.0
2024-07-23 12:00:00+09:00,2935.0,2952.0,2925.0,2932.0,27600,0.0,0.0
2024-07-23 13:00:00+09:00,2931.0,2939.0,2927.0,2936.0,7200,0.0,0.0
2024-07-23 14:00:00+09:00,2937.0,2940.0,2933.0,2940.0,10300,0.0,0.0
2024-07-24 09:00:00+09:00,2917.0,2951.0,2917.0,2938.0,8600,0.0,0.0
2024-07-24 10:00:00+09:00,2933.0,2933.0,2920.0,2920.0,5000,0.0,0.0
2024-07-24 11:00:00+09:00,2918.0,2918.0,2907.0,2907.0,0,0.0,0.0
2024-07-24 12:00:00+09:00,2906.0,2912.0,2889.0,2901.0,29300,0.0,0.0
2024-07-24 13:00:00+09:00,2898.0,2898.0,2887.0,2889.0,5600,0.0,0.0
2024-07-24 14:00:00+09:00,2888.0,2898.0,2888.0,2889.0,7700,0.0,0.0
2024-07-25 09:00:00+09:00,2889.0,2941.0,2872.0,2926.0,45900,0.0,0.0
2024-07-25 10:00:00+09:00,2924.0,2924.0,2877.0,2896.0,19900,0.0,0.0
2024-07-25 11:00:00+09:00,2897.0,2901.0,2884.0,2901.0,0,0.0,0.0
2024-07-25 12:00:00+09:00,2901.0,2903.0,2888.0,2902.0,87100,0.0,0.0
2024-07-25 13:00:00+09:00,2903.0,2918.0,2903.0,2911.0,16900,0.0,0.0
2024-07-25 14:00:00+09:00,2909.0,2910.0,2890.0,2901.0,26000,0.0,0.0
2024-07-26 09:00:00+09:00,2916.0,2959.0,2909.0,2948.0,39500,0.0,0.0
2024-07-26 10:00:00+09:00,2951.0,2957.0,2939.0,2942.0,21100,0.0,0.0
2024-07-26 11:00:00+09:00,2944.0,2968.0,2944.0,2966.0,0,0.0,0.0
2024-07-26 12:00:00+09:00,2973.0,2996.0,2968.0,2993.0,93700,0.0,0.0
2024-07-26 13:00:00+09:00,2993.0,2997.0,2974.0,2976.0,24700,0.0,0.0
2024-07-26 14:00:00+09:00,2974.0,2990.0,2957.0,2966.0,29700,0.0,0.0
2024-07-29 09:00:00+09:00,2977.0,3025.0,2977.0,3010.0,28000,0.0,0.0
2024-07-29 10:00:00+09:00,3005.0,3005.0,2995.0,3005.0,11100,0.0,0.0
2024-07-29 11:00:00+09:00,3010.0,3010.0,3000.0,3005.0,0,0.0,0.0
2024-07-29 12:00:00+09:00,3015.0,3015.0,3005.0,3010.0,50700,0.0,0.0
2024-07-29 13:00:00+09:00,3005.0,3015.0,3005.0,3005.0,7300,0.0,0.0
2024-07-29 14:00:00+09:00,3000.0,3015.0,3000.0,3015.0,17100,0.0,0.0
2024-07-30 09:00:00+09:00,3015.0,3030.0,3010.0,3025.0,16300,0.0,0.0
2024-07-30 10:00:00+09:00,3025.0,3030.0,3005.0,3010.0,9100,0.0,0.0
2024-07-30 11:00:00+09:00,3010.0,3015.0,3010.0,3015.0,0,0.0,0.0
2024-07-30 12:00:00+09:00,3015.0,3030.0,3015.0,3020.0,35200,0.0,0.0
2024-07-30 13:00:00+09:00,3025.0,3045.0,3025.0,3045.0,8200,0.0,0.0
2024-07-30 14:00:00+09:00,3040.0,3060.0,3040.0,3050.0,20000,0.0,0.0
2024-07-31 09:00:00+09:00,3040.0,3060.0,3040.0,3060.0,22900,0.0,0.0
2024-07-31 10:00:00+09:00,3060.0,3065.0,3045.0,3045.0,8500,0.0,0.0
2024-07-31 11:00:00+09:00,3045.0,3065.0,3045.0,3065.0,0,0.0,0.0
2024-07-31 12:00:00+09:00,3065.0,3085.0,3060.0,3075.0,60200,0.0,0.0
2024-07-31 13:00:00+09:00,3075.0,3085.0,3060.0,3075.0,13400,0.0,0.0
2024-07-31 14:00:00+09:00,3080.0,3110.0,3070.0,3100.0,47900,0.0,0.0
2024-08-01 09:00:00+09:00,3030.0,3040.0,2965.0,2972.0,36400,0.0,0.0
2024-08-01 10:00:00+09:00,2968.0,2968.0,2924.0,2930.0,18100,0.0,0.0
2024-08-01 11:00:00+09:00,2926.0,2938.0,2916.0,2938.0,0,0.0,0.0
2024-08-01 12:00:00+09:00,2925.0,2930.0,2904.0,2919.0,71700,0.0,0.0
2024-08-01 13:00:00+09:00,2920.0,2920.0,2897.0,2904.0,12000,0.0,0.0
2024-08-01 14:00:00+09:00,2903.0,2918.0,2900.0,2914.0,22800,0.0,0.0
2024-08-02 09:00:00+09:00,2820.0,2822.0,2740.0,2780.0,49200,0.0,0.0
2024-08-02 10:00:00+09:00,2790.0,2824.0,2789.0,2816.0,13400,0.0,0.0
2024-08-02 11:00:00+09:00,2818.0,2819.0,2795.0,2795.0,0,0.0,0.0
2024-08-02 12:00:00+09:00,2810.0,2825.0,2797.0,2816.0,82500,0.0,0.0
2024-08-02 13:00:00+09:00,2816.0,2816.0,2795.0,2801.0,23600,0.0,0.0
2024-08-02 14:00:00+09:00,2802.0,2804.0,2758.0,2758.0,49300,0.0,0.0
2024-08-05 09:00:00+09:00,2258.0,2393.0,2258.0,2348.0,80900,0.0,0.0
2024-08-05 10:00:00+09:00,2349.0,2391.0,2338.0,2391.0,38400,0.0,0.0
2024-08-05 11:00:00+09:00,2391.0,2400.0,2377.0,2377.0,0,0.0,0.0
2024-08-05 12:00:00+09:00,2389.0,2389.0,2321.0,2321.0,186400,0.0,0.0
2024-08-05 13:00:00+09:00,2321.0,2322.0,2262.0,2263.0,48200,0.0,0.0
2024-08-05 14:00:00+09:00,2262.0,2263.0,2258.0,2263.0,82200,0.0,0.0
2024-08-06 09:00:00+09:00,2572.0,2600.0,2525.0,2564.0,75200,0.0,0.0
2024-08-06 10:00:00+09:00,2564.0,2565.0,2422.0,2461.0,22200,0.0,0.0
2024-08-06 11:00:00+09:00,2465.0,2475.0,2437.0,2474.0,0,0.0,0.0
2024-08-06 12:00:00+09:00,2474.0,2483.0,2468.0,2481.0,122800,0.0,0.0
2024-08-06 13:00:00+09:00,2477.0,2480.0,2419.0,2425.0,22000,0.0,0.0
2024-08-06 14:00:00+09:00,2425.0,2466.0,2417.0,2462.0,38600,0.0,0.0
2024-08-07 09:00:00+09:00,2438.0,2498.0,2425.0,2479.0,23900,0.0,0.0
2024-08-07 10:00:00+09:00,2474.0,2564.0,2433.0,2551.0,15200,0.0,0.0
2024-08-07 11:00:00+09:00,2560.0,2565.0,2536.0,2549.0,0,0.0,0.0
2024-08-07 12:00:00+09:00,2519.0,2555.0,2519.0,2536.0,66900,0.0,0.0
2024-08-07 13:00:00+09:00,2542.0,2570.0,2536.0,2565.0,12400,0.0,0.0
2024-08-07 14:00:00+09:00,2560.0,2577.0,2508.0,2530.0,25800,0.0,0.0
2024-08-08 09:00:00+09:00,2488.0,2510.0,2470.0,2502.0,25600,0.0,0.0
2024-08-08 10:00:00+09:00,2499.0,2544.0,2497.0,2535.0,13200,0.0,0.0
2024-08-08 11:00:00+09:00,2535.0,2547.0,2526.0,2543.0,0,0.0,0.0
2024-08-08 12:00:00+09:00,2537.0,2555.0,2537.0,2543.0,46700,0.0,0.0
2024-08-08 13:00:00+09:00,2539.0,2539.0,2518.0,2525.0,0,0.0,0.0
2024-08-08 14:00:00+09:00,2524.0,2537.0,2512.0,2514.0,60600,0.0,0.0
2024-08-09 09:00:00+09:00,2563.0,2579.0,2500.0,2514.0,40400,0.0,0.0
2024-08-09 10:00:00+09:00,2516.0,2529.0,2488.0,2511.0,13800,0.0,0.0
2024-08-09 11:00:00+09:00,2507.0,2510.0,2501.0,2501.0,0,0.0,0.0
2024-08-09 12:00:00+09:00,2500.0,2510.0,2500.0,2502.0,62500,0.0,0.0
2024-08-09 13:00:00+09:00,2502.0,2502.0,2466.0,2466.0,19200,0.0,0.0
2024-08-09 14:00:00+09:00,2464.0,2518.0,2458.0,2508.0,17600,0.0,0.0
2024-08-13 09:00:00+09:00,2541.0,2565.0,2527.0,2548.0,13900,0.0,0.0
2024-08-13 10:00:00+09:00,2547.0,2568.0,2540.0,2563.0,5600,0.0,0.0
2024-08-13 11:00:00+09:00,2562.0,2584.0,2562.0,2579.0,0,0.0,0.0
2024-08-13 12:00:00+09:00,2591.0,2597.0,2586.0,2586.0,28900,0.0,0.0
2024-08-13 13:00:00+09:00,2586.0,2601.0,2579.0,2601.0,6000,0.0,0.0
2024-08-13 14:00:00+09:00,2597.0,2629.0,2591.0,2618.0,21500,0.0,0.0
2024-08-14 09:00:00+09:00,2623.0,2638.0,2605.0,2624.0,7800,0.0,0.0
2024-08-14 10:00:00+09:00,2620.0,2651.0,2619.0,2651.0,6100,0.0,0.0
2024-08-14 11:00:00+09:00,2654.0,2666.0,2629.0,2633.0,0,0.0,0.0
2024-08-14 12:00:00+09:00,2633.0,2642.0,2633.0,2635.0,21400,0.0,0.0
2024-08-14 13:00:00+09:00,2633.0,2647.0,2624.0,2647.0,4600,0.0,0.0
2024-08-14 14:00:00+09:00,2645.0,2665.0,2638.0,2660.0,8800,0.0,0.0
2024-08-15 09:00:00+09:00,2652.0,2674.0,2652.0,2667.0,4100,0.0,0.0
2024-08-15 10:00:00+09:00,2668.0,2680.0,2664.0,2664.0,4900,0.0,0.0
2024-08-15 11:00:00+09:00,2669.0,2671.0,2663.0,2671.0,0,0.0,0.0
2024-08-15 12:00:00+09:00,2667.0,2684.0,2667.0,2684.0,12100,0.0,0.0
2024-08-15 13:00:00+09:00,2682.0,2685.0,2665.0,2665.0,1200,0.0,0.0
2024-08-15 14:00:00+09:00,2663.0,2673.0,2655.0,2663.0,4300,0.0,0.0
2024-08-16 09:00:00+09:00,2722.0,2728.0,2696.0,2702.0,9600,0.0,0.0
2024-08-16 10:00:00+09:00,2702.0,2723.0,2702.0,2723.0,4000,0.0,0.0
2024-08-16 11:00:00+09:00,2725.0,2725.0,2719.0,2719.0,0,0.0,0.0
2024-08-16 12:00:00+09:00,2710.0,2732.0,2710.0,2722.0,17900,0.0,0.0
2024-08-16 13:00:00+09:00,2726.0,2728.0,2718.0,2723.0,2800,0.0,0.0
2024-08-16 14:00:00+09:00,2722.0,2738.0,2712.0,2718.0,16000,0.0,0.0
2024-08-19 09:00:00+09:00,2703.0,2725.0,2695.0,2712.0,5700,0.0,0.0
2024-08-19 10:00:00+09:00,2711.0,2711.0,2692.0,2698.0,4700,0.0,0.0
2024-08-19 11:00:00+09:00,2693.0,2693.0,2690.0,2690.0,0,0.0,0.0
2024-08-19 12:00:00+09:00,2687.0,2687.0,2661.0,2661.0,16900,0.0,0.0
2024-08-19 13:00:00+09:00,2666.0,2682.0,2658.0,2666.0,6000,0.0,0.0
2024-08-19 14:00:00+09:00,2666.0,2670.0,2647.0,2647.0,10800,0.0,0.0
2024-08-20 09:00:00+09:00,2671.0,2695.0,2669.0,2678.0,8800,0.0,0.0
2024-08-20 10:00:00+09:00,2670.0,2680.0,2668.0,2680.0,2800,0.0,0.0
2024-08-20 11:00:00+09:00,2680.0,2686.0,2680.0,2684.0,0,0.0,0.0
2024-08-20 12:00:00+09:00,2690.0,2727.0,2685.0,2727.0,30000,0.0,0.0
2024-08-20 13:00:00+09:00,2727.0,2729.0,2715.0,2724.0,7800,0.0,0.0
2024-08-20 14:00:00+09:00,2725.0,2734.0,2715.0,2718.0,14400,0.0,0.0
2024-08-21 09:00:00+09:00,2679.0,2698.0,2673.0,2692.0,9400,0.0,0.0
2024-08-21 10:00:00+09:00,2692.0,2692.0,2676.0,2682.0,3400,0.0,0.0
2024-08-21 11:00:00+09:00,2678.0,2685.0,2676.0,2685.0,0,0.0,0.0
2024-08-21 12:00:00+09:00,2680.0,2690.0,2675.0,2684.0,21000,0.0,0.0
2024-08-21 13:00:00+09:00,2683.0,2684.0,2673.0,2677.0,7200,0.0,0.0
2024-08-21 14:00:00+09:00,2678.0,2678.0,2660.0,2660.0,9800,0.0,0.0
2024-08-22 09:00:00+09:00,2670.0,2685.0,2665.0,2670.0,8800,0.0,0.0
2024-08-22 10:00:00+09:00,2671.0,2680.0,2663.0,2663.0,3000,0.0,0.0
2024-08-22 11:00:00+09:00,2667.0,2673.0,2657.0,2657.0,0,0.0,0.0
2024-08-22 12:00:00+09:00,2650.0,2650.0,2647.0,2648.0,14500,0.0,0.0
2024-08-22 13:00:00+09:00,2652.0,2661.0,2652.0,2660.0,2600,0.0,0.0
2024-08-22 14:00:00+09:00,2667.0,2677.0,2643.0,2650.0,16700,0.0,0.0
2024-08-23 09:00:00+09:00,2649.0,2654.0,2636.0,2654.0,8500,0.0,0.0
2024-08-23 10:00:00+09:00,2640.0,2640.0,2628.0,2628.0,3000,0.0,0.0
2024-08-23 11:00:00+09:00,2626.0,2629.0,2626.0,2626.0,0,0.0,0.0
2024-08-23 12:00:00+09:00,2641.0,2643.0,2636.0,2643.0,13200,0.0,0.0
2024-08-23 13:00:00+09:00,2643.0,2651.0,2641.0,2646.0,1700,0.0,0.0
2024-08-23 14:00:00+09:00,2650.0,2657.0,2650.0,2652.0,4600,0.0,0.0
2024-08-26 09:00:00+09:00,2649.0,2649.0,2619.0,2631.0,7300,0.0,0.0
2024-08-26 10:00:00+09:00,2632.0,2638.0,2622.0,2624.0,1300,0.0,0.0
2024-08-26 11:00:00+09:00,2624.0,2625.0,2624.0,2625.0,0,0.0,0.0
2024-08-26 12:00:00+09:00,2631.0,2631.0,2620.0,2620.0,11400,0.0,0.0
2024-08-26 13:00:00+09:00,2629.0,2632.0,2611.0,2619.0,2500,0.0,0.0
2024-08-26 14:00:00+09:00,2615.0,2630.0,2615.0,2617.0,7700,0.0,0.0
2024-08-27 09:00:00+09:00,2640.0,2678.0,2629.0,2655.0,12800,0.0,0.0
2024-08-27 10:00:00+09:00,2653.0,2655.0,2633.0,2638.0,3000,0.0,0.0
2024-08-27 11:00:00+09:00,2638.0,2638.0,2622.0,2622.0,0,0.0,0.0
2024-08-27 12:00:00+09:00,2621.0,2650.0,2621.0,2650.0,27600,0.0,0.0
2024-08-27 13:00:00+09:00,2650.0,2671.0,2643.0,2662.0,12300,0.0,0.0
2024-08-27 14:00:00+09:00,2664.0,2702.0,2662.0,2688.0,31400,0.0,0.0
2024-08-28 09:00:00+09:00,2697.0,2703.0,2652.0,2652.0,9700,0.0,0.0
2024-08-28 10:00:00+09:00,2652.0,2662.0,2645.0,2657.0,3500,0.0,0.0
2024-08-28 11:00:00+09:00,2656.0,2659.0,2655.0,2656.0,0,0.0,0.0
2024-08-28 12:00:00+09:00,2664.0,2691.0,2664.0,2687.0,24000,0.0,0.0
2024-08-28 13:00:00+09:00,2689.0,2691.0,2680.0,2686.0,5700,0.0,0.0
2024-08-28 14:00:00+09:00,2685.0,2693.0,2672.0,2690.0,17400,0.0,0.0
2024-08-29 09:00:00+09:00,2690.0,2705.0,2684.0,2693.0,5400,0.0,0.0
2024-08-29 10:00:00+09:00,2701.0,2702.0,2690.0,2702.0,1800,0.0,0.0
2024-08-29 11:00:00+09:00,2697.0,2697.0,2694.0,2697.0,0,0.0,0.0
2024-08-29 12:00:00+09:00,2699.0,2710.0,2691.0,2706.0,14800,0.0,0.0
2024-08-29 13:00:00+09:00,2708.0,2711.0,2698.0,2703.0,7000,0.0,0.0
2024-08-29 14:00:00+09:00,2703.0,2718.0,2702.0,2706.0,12900,0.0,0.0
2024-08-30 09:00:00+09:00,2721.0,2732.0,2712.0,2728.0,4800,0.0,0.0
2024-08-30 10:00:00+09:00,2727.0,2737.0,2723.0,2723.0,2200,0.0,0.0
2024-08-30 11:00:00+09:00,2721.0,2721.0,2718.0,2718.0,0,0.0,0.0
2024-08-30 12:00:00+09:00,2711.0,2712.0,2699.0,2703.0,12300,0.0,0.0
2024-08-30 13:00:00+09:00,2704.0,2705.0,2692.0,2703.0,8000,0.0,0.0
2024-08-30 14:00:00+09:00,2703.0,2704.0,2669.0,2670.0,31700,0.0,0.0
2024-09-02 09:00:00+09:00,2718.0,2723.0,2676.0,2691.0,17300,0.0,0.0
2024-09-02 10:00:00+09:00,2685.0,2693.0,2670.0,2670.0,8500,0.0,0.0
2024-09-02 11:00:00+09:00,2669.0,2672.0,2662.0,2667.0,0,0.0,0.0
2024-09-02 12:00:00+09:00,2667.0,2673.0,2656.0,2669.0,37500,0.0,0.0
2024-09-02 13:00:00+09:00,2673.0,2678.0,2669.0,2675.0,10300,0.0,0.0
2024-09-02 14:00:00+09:00,2677.0,2685.0,2674.0,2679.0,18700,0.0,0.0
2024-09-03 09:00:00+09:00,2680.0,2688.0,2644.0,2664.0,16700,0.0,0.0
2024-09-03 10:00:00+09:00,2660.0,2663.0,2650.0,2654.0,9900,0.0,0.0
2024-09-03 11:00:00+09:00,2657.0,2661.0,2656.0,2661.0,0,0.0,0.0
2024-09-03 12:00:00+09:00,2656.0,2656.0,2637.0,2647.0,40300,0.0,0.0
2024-09-03 13:00:00+09:00,2649.0,2651.0,2643.0,2645.0,10700,0.0,0.0
2024-09-03 14:00:00+09:00,2646.0,2651.0,2643.0,2650.0,9200,0.0,0.0
2024-09-04 09:00:00+09:00,2600.0,2617.0,2585.0,2600.0,38300,0.0,0.0
2024-09-04 10:00:00+09:00,2599.0,2620.0,2587.0,2605.0,16400,0.0,0.0
2024-09-04 11:00:00+09:00,2605.0,2605.0,2593.0,2599.0,0,0.0,0.0
2024-09-04 12:00:00+09:00,2599.0,2599.0,2583.0,2583.0,70100,0.0,0.0
2024-09-04 13:00:00+09:00,2584.0,2602.0,2582.0,2589.0,8100,0.0,0.0
2024-09-04 14:00:00+09:00,2588.0,2593.0,2578.0,2578.0,24000,0.0,0.0
2024-09-05 09:00:00+09:00,2563.0,2607.0,2553.0,2599.0,8500,0.0,0.0
2024-09-05 10:00:00+09:00,2597.0,2619.0,2595.0,2602.0,7400,0.0,0.0
2024-09-05 11:00:00+09:00,2598.0,2600.0,2593.0,2597.0,0,0.0,0.0
2024-09-05 12:00:00+09:00,2599.0,2599.0,2571.0,2571.0,32100,0.0,0.0
2024-09-05 13:00:00+09:00,2570.0,2570.0,2538.0,2553.0,15300,0.0,0.0
2024-09-05 14:00:00+09:00,2548.0,2567.0,2542.0,2554.0,16300,0.0,0.0
2024-09-06 09:00:00+09:00,2546.0,2561.0,2524.0,2534.0,14400,0.0,0.0
2024-09-06 10:00:00+09:00,2536.0,2552.0,2523.0,2543.0,4900,0.0,0.0
2024-09-06 11:00:00+09:00,2544.0,2553.0,2538.0,2538.0,0,0.0,0.0
2024-09-06 12:00:00+09:00,2540.0,2540.0,2535.0,2537.0,24400,0.0,0.0
2024-09-06 13:00:00+09:00,2537.0,2537.0,2526.0,2534.0,3700,0.0,0.0
2024-09-06 14:00:00+09:00,2534.0,2548.0,2530.0,2548.0,10400,0.0,0.0
2024-09-09 09:00:00+09:00,2488.0,2493.0,2471.0,2489.0,11200,0.0,0.0
2024-09-09 10:00:00+09:00,2491.0,2518.0,2490.0,2512.0,3200,0.0,0.0
2024-09-09 11:00:00+09:00,2510.0,2510.0,2500.0,2502.0,0,0.0,0.0
2024-09-09 12:00:00+09:00,2516.0,2516.0,2502.0,2511.0,18700,0.0,0.0
2024-09-09 13:00:00+09:00,2509.0,2536.0,2506.0,2528.0,9500,0.0,0.0
2024-09-09 14:00:00+09:00,2529.0,2529.0,2519.0,2521.0,9900,0.0,0.0
2024-09-10 09:00:00+09:00,2535.0,2536.0,2515.0,2527.0,7800,0.0,0.0
2024-09-10 10:00:00+09:00,2528.0,2534.0,2520.0,2528.0,9100,0.0,0.0
2024-09-10 11:00:00+09:00,2524.0,2526.0,2520.0,2521.0,0,0.0,0.0
2024-09-10 12:00:00+09:00,2529.0,2529.0,2518.0,2524.0,22700,0.0,0.0
2024-09-10 13:00:00+09:00,2521.0,2522.0,2510.0,2514.0,2000,0.0,0.0
2024-09-10 14:00:00+09:00,2513.0,2530.0,2510.0,2512.0,7700,0.0,0.0
2024-09-11 09:00:00+09:00,2500.0,2502.0,2491.0,2497.0,5800,0.0,0.0
2024-09-11 10:00:00+09:00,2501.0,2510.0,2494.0,2506.0,3800,0.0,0.0
2024-09-11 11:00:00+09:00,2500.0,2500.0,2496.0,2496.0,0,0.0,0.0
2024-09-11 12:00:00+09:00,2496.0,2508.0,2495.0,2502.0,16200,0.0,0.0
2024-09-11 13:00:00+09:00,2501.0,2506.0,2482.0,2483.0,10400,0.0,0.0
2024-09-11 14:00:00+09:00,2483.0,2492.0,2469.0,2480.0,16200,0.0,0.0
2024-09-12 09:00:00+09:00,2528.0,2575.0,2520.0,2552.0,9600,0.0,0.0
2024-09-12 10:00:00+09:00,2546.0,2554.0,2524.0,2543.0,4400,0.0,0.0
2024-09-12 11:00:00+09:00,2540.0,2542.0,2532.0,2539.0,0,0.0,0.0
2024-09-12 12:00:00+09:00,2542.0,2552.0,2533.0,2552.0,21700,0.0,0.0
2024-09-12 13:00:00+09:00,2554.0,2557.0,2548.0,2548.0,5000,0.0,0.0
2024-09-12 14:00:00+09:00,2548.0,2561.0,2548.0,2551.0,13100,0.0,0.0
2024-09-13 09:00:00+09:00,2531.0,2537.0,2519.0,2520.0,25400,0.0,0.0
2024-09-13 10:00:00+09:00,2520.0,2528.0,2515.0,2523.0,2500,0.0,0.0
2024-09-13 11:00:00+09:00,2523.0,2523.0,2513.0,2519.0,0,0.0,0.0
2024-09-13 12:00:00+09:00,2519.0,2520.0,2508.0,2520.0,30700,0.0,0.0
2024-09-13 13:00:00+09:00,2520.0,2523.0,2509.0,2515.0,2500,0.0,0.0
2024-09-13 14:00:00+09:00,2517.0,2527.0,2517.0,2520.0,6400,0.0,0.0
2024-09-17 09:00:00+09:00,2546.0,2546.0,2506.0,2507.0,7200,0.0,0.0
2024-09-17 10:00:00+09:00,2508.0,2523.0,2499.0,2521.0,5000,0.0,0.0
2024-09-17 11:00:00+09:00,2523.0,2527.0,2522.0,2522.0,0,0.0,0.0
2024-09-17 12:00:00+09:00,2531.0,2531.0,2507.0,2514.0,19700,0.0,0.0
2024-09-17 13:00:00+09:00,2518.0,2533.0,2516.0,2519.0,3500,0.0,0.0
2024-09-17 14:00:00+09:00,2521.0,2549.0,2516.0,2538.0,9800,0.0,0.0
2024-09-18 09:00:00+09:00,2562.0,2562.0,2535.0,2538.0,6000,0.0,0.0
2024-09-18 10:00:00+09:00,2531.0,2540.0,2529.0,2533.0,2500,0.0,0.0
2024-09-18 11:00:00+09:00,2535.0,2541.0,2532.0,2541.0,0,0.0,0.0
2024-09-18 12:00:00+09:00,2529.0,2530.0,2517.0,2530.0,12100,0.0,0.0
2024-09-18 13:00:00+09:00,2521.0,2524.0,2518.0,2523.0,2100,0.0,0.0
2024-09-18 14:00:00+09:00,2522.0,2536.0,2520.0,2530.0,8700,0.0,0.0
2024-09-19 09:00:00+09:00,2596.0,2600.0,2571.0,2581.0,16700,0.0,0.0
2024-09-19 10:00:00+09:00,2585.0,2590.0,2579.0,2587.0,4600,0.0,0.0
2024-09-19 11:00:00+09:00,2585.0,2588.0,2581.0,2581.0,0,0.0,0.0
2024-09-19 12:00:00+09:00,2587.0,2588.0,2576.0,2577.0,30300,0.0,0.0
2024-09-19 13:00:00+09:00,2576.0,2595.0,2576.0,2586.0,12500,0.0,0.0
2024-09-19 14:00:00+09:00,2593.0,2593.0,2572.0,2575.0,9200,0.0,0.0
2024-09-20 09:00:00+09:00,2588.0,2603.0,2578.0,2587.0,5800,0.0,0.0
2024-09-20 10:00:00+09:00,2587.0,2605.0,2587.0,2605.0,2000,0.0,0.0
2024-09-20 11:00:00+09:00,2601.0,2616.0,2601.0,2614.0,0,0.0,0.0
2024-09-20 12:00:00+09:00,2619.0,2619.0,2609.0,2611.0,17800,0.0,0.0
2024-09-20 13:00:00+09:00,2614.0,2617.0,2610.0,2615.0,1400,0.0,0.0
2024-09-20 14:00:00+09:00,2614.0,2614.0,2592.0,2601.0,8000,0.0,0.0
2024-09-24 09:00:00+09:00,2605.0,2605.0,2584.0,2589.0,9800,0.0,0.0
2024-09-24 10:00:00+09:00,2591.0,2594.0,2578.0,2580.0,7900,0.0,0.0
2024-09-24 11:00:00+09:00,2577.0,2579.0,2571.0,2579.0,0,0.0,0.0
2024-09-24 12:00:00+09:00,2574.0,2577.0,2567.0,2575.0,27500,0.0,0.0
2024-09-24 13:00:00+09:00,2575.0,2587.0,2573.0,2580.0,10200,0.0,0.0
2024-09-24 14:00:00+09:00,2584.0,2588.0,2576.0,2576.0,11200,0.0,0.0
2024-09-25 09:00:00+09:00,2574.0,2574.0,2545.0,2573.0,13000,0.0,0.0
2024-09-25 10:00:00+09:00,2578.0,2587.0,2578.0,2581.0,3400,0.0,0.0
2024-09-25 11:00:00+09:00,2581.0,2603.0,2581.0,2603.0,0,0.0,0.0
2024-09-25 12:00:00+09:00,2601.0,2602.0,2583.0,2588.0,26900,0.0,0.0
2024-09-25 13:00:00+09:00,2590.0,2594.0,2585.0,2586.0,3100,0.0,0.0
2024-09-25 14:00:00+09:00,2590.0,2592.0,2582.0,2589.0,10700,0.0,0.0
2024-09-26 09:00:00+09:00,2620.0,2620.0,2573.0,2579.0,36600,0.0,0.0
2024-09-26 10:00:00+09:00,2580.0,2603.0,2580.0,2593.0,9000,0.0,0.0
2024-09-26 11:00:00+09:00,2594.0,2603.0,2594.0,2603.0,0,0.0,0.0
2024-09-26 12:00:00+09:00,2606.0,2615.0,2602.0,2606.0,67100,0.0,0.0
2024-09-26 13:00:00+09:00,2606.0,2606.0,2598.0,2598.0,9600,0.0,0.0
2024-09-26 14:00:00+09:00,2600.0,2642.0,2599.0,2635.0,25000,0.0,0.0
2024-09-27 09:00:00+09:00,2591.0,2625.0,2591.0,2611.0,15800,0.0,0.0
2024-09-27 10:00:00+09:00,2608.0,2622.0,2602.0,2602.0,5000,0.0,0.0
2024-09-27 11:00:00+09:00,2602.0,2611.0,2598.0,2611.0,0,0.0,0.0
2024-09-27 12:00:00+09:00,2607.0,2612.0,2602.0,2606.0,28200,0.0,0.0
2024-09-27 13:00:00+09:00,2606.0,2615.0,2597.0,2615.0,4500,0.0,0.0
2024-09-27 14:00:00+09:00,2611.0,2616.0,2591.0,2591.0,11500,0.0,0.0
2024-09-30 09:00:00+09:00,2504.0,2547.0,2504.0,2521.0,13500,0.0,0.0
2024-09-30 10:00:00+09:00,2518.0,2528.0,2518.0,2528.0,5400,0.0,0.0
2024-09-30 11:00:00+09:00,2526.0,2536.0,2521.0,2532.0,0,0.0,0.0
2024-09-30 12:00:00+09:00,2538.0,2540.0,2528.0,2540.0,25500,0.0,0.0
2024-09-30 13:00:00+09:00,2539.0,2545.0,2528.0,2533.0,7200,0.0,0.0
2024-09-30 14:00:00+09:00,2533.0,2548.0,2533.0,2546.0,32100,0.0,0.0
2024-10-01 09:00:00+09:00,2574.0,2574.0,2512.0,2525.0,27700,0.0,0.0
2024-10-01 10:00:00+09:00,2527.0,2537.0,2524.0,2525.0,6500,0.0,0.0
2024-10-01 11:00:00+09:00,2527.0,2528.0,2520.0,2521.0,0,0.0,0.0
2024-10-01 12:00:00+09:00,2521.0,2538.0,2521.0,2538.0,41700,0.0,0.0
2024-10-01 13:00:00+09:00,2536.0,2546.0,2530.0,2530.0,9400,0.0,0.0
2024-10-01 14:00:00+09:00,2531.0,2532.0,2523.0,2531.0,15600,0.0,0.0
2024-10-02 09:00:00+09:00,2527.0,2541.0,2523.0,2530.0,13000,0.0,0.0
2024-10-02 10:00:00+09:00,2526.0,2528.0,2515.0,2528.0,7000,0.0,0.0
2024-10-02 11:00:00+09:00,2527.0,2545.0,2527.0,2545.0,0,0.0,0.0
2024-10-02 12:00:00+09:00,2545.0,2555.0,2539.0,2554.0,29000,0.0,0.0
2024-10-02 13:00:00+09:00,2553.0,2556.0,2528.0,2530.0,8800,0.0,0.0
2024-10-02 14:00:00+09:00,2527.0,2533.0,2515.0,2526.0,18200,0.0,0.0
2024-10-03 09:00:00+09:00,2583.0,2591.0,2564.0,2576.0,0,0.0,0.0
2024-10-03 10:00:00+09:00,2586.0,2592.0,2577.0,2581.0,17700,0.0,0.0
2024-10-03 11:00:00+09:00,2578.0,2587.0,2578.0,2587.0,0,0.0,0.0
2024-10-03 12:00:00+09:00,2588.0,2590.0,2570.0,2573.0,23200,0.0,0.0
2024-10-03 13:00:00+09:00,2574.0,2580.0,2573.0,2576.0,6800,0.0,0.0
2024-10-03 14:00:00+09:00,2573.0,2584.0,2566.0,2584.0,8700,0.0,0.0
2024-10-04 09:00:00+09:00,2584.0,2584.0,2538.0,2561.0,8300,0.0,0.0
2024-10-04 10:00:00+09:00,2559.0,2585.0,2555.0,2577.0,3800,0.0,0.0
2024-10-04 11:00:00+09:00,2575.0,2582.0,2575.0,2579.0,0,0.0,0.0
2024-10-04 12:00:00+09:00,2579.0,2586.0,2572.0,2584.0,18600,0.0,0.0
2024-10-04 13:00:00+09:00,2578.0,2590.0,2571.0,2579.0,8100,0.0,0.0
2024-10-04 14:00:00+09:00,2581.0,2589.0,2574.0,2580.0,20800,0.0,0.0
