Datetime,Open,High,Low,Close,Volume,Dividends,Stock Splits
2022-10-06 13:00:00+09:00,2912.0,2912.0,2912.0,2912.0,0,0.0,0.0
2022-10-17 12:00:00+09:00,2920.0,2920.0,2920.0,2920.0,100,0.0,0.0
2022-10-18 12:00:00+09:00,2932.0,2932.0,2932.0,2932.0,100,0.0,0.0
2022-10-20 09:00:00+09:00,2999.0,2999.0,2970.0,2970.0,200,0.0,0.0
2022-10-20 11:00:00+09:00,2970.0,2970.0,2970.0,2970.0,0,0.0,0.0
2022-10-21 09:00:00+09:00,3000.0,3000.0,3000.0,3000.0,800,0.0,0.0
2022-10-21 11:00:00+09:00,3000.0,3000.0,3000.0,3000.0,0,0.0,0.0
2022-10-25 09:00:00+09:00,3050.0,3050.0,3050.0,3050.0,200,0.0,0.0
2022-10-25 11:00:00+09:00,3050.0,3050.0,3050.0,3050.0,0,0.0,0.0
2022-10-26 09:00:00+09:00,3050.0,3050.0,3050.0,3050.0,100,0.0,0.0
2022-10-26 11:00:00+09:00,3050.0,3050.0,3050.0,3050.0,0,0.0,0.0
2022-10-26 14:00:00+09:00,3010.0,3010.0,3010.0,3010.0,200,0.0,0.0
2022-10-27 14:00:00+09:00,3040.0,3040.0,3040.0,3040.0,100,0.0,0.0
2022-10-28 09:00:00+09:00,3050.0,3060.0,3050.0,3060.0,400,0.0,0.0
2022-10-28 10:00:00+09:00,3100.0,3110.0,3100.0,3110.0,400,0.0,0.0
2022-10-28 11:00:00+09:00,3110.0,3110.0,3110.0,3110.0,0,0.0,0.0
2022-10-28 12:00:00+09:00,3060.0,3060.0,3060.0,3060.0,1000,0.0,0.0
2022-10-28 14:00:00+09:00,3070.0,3070.0,3070.0,3070.0,100,0.0,0.0
2022-10-31 09:00:00+09:00,3085.0,3090.0,3085.0,3090.0,0,0.0,0.0
2022-10-31 11:00:00+09:00,3090.0,3090.0,3090.0,3090.0,0,0.0,0.0
2022-11-01 09:00:00+09:00,3025.0,3025.0,3025.0,3025.0,200,0.0,0.0
2022-11-01 11:00:00+09:00,3025.0,3025.0,3025.0,3025.0,0,0.0,0.0
2022-11-08 09:00:00+09:00,3025.0,3025.0,3025.0,3025.0,100,0.0,0.0
2022-11-08 11:00:00+09:00,3025.0,3025.0,3025.0,3025.0,0,0.0,0.0
2022-11-08 12:00:00+09:00,3000.0,3000.0,3000.0,3000.0,200,0.0,0.0
2022-11-11 11:00:00+09:00,3000.0,3000.0,3000.0,3000.0,100,0.0,0.0
2022-11-14 09:00:00+09:00,2954.0,2954.0,2929.0,2929.0,200,0.0,0.0
2022-11-14 11:00:00+09:00,2929.0,2929.0,2929.0,2929.0,0,0.0,0.0
2022-11-15 12:00:00+09:00,2997.0,2997.0,2997.0,2997.0,100,0.0,0.0
2022-11-17 14:00:00+09:00,3015.0,3015.0,3015.0,3015.0,100,0.0,0.0
2022-11-18 10:00:00+09:00,3015.0,3015.0,3015.0,3015.0,100,0.0,0.0
2022-11-18 11:00:00+09:00,3010.0,3010.0,3010.0,3010.0,0,0.0,0.0
2022-11-18 13:00:00+09:00,3005.0,3005.0,3005.0,3005.0,300,0.0,0.0
2022-11-21 09:00:00+09:00,3005.0,3005.0,3005.0,3005.0,0,0.0,0.0
2022-11-21 11:00:00+09:00,3005.0,3005.0,3005.0,3005.0,0,0.0,0.0
2022-11-21 14:00:00+09:00,3005.0,3010.0,3005.0,3010.0,400,0.0,0.0
2022-11-22 09:00:00+09:00,3025.0,3025.0,3025.0,3025.0,900,0.0,0.0
2022-11-22 11:00:00+09:00,3025.0,3025.0,3025.0,3025.0,0,0.0,0.0
2022-11-25 09:00:00+09:00,3045.0,3045.0,3040.0,3040.0,400,0.0,0.0
2022-11-25 10:00:00+09:00,3045.0,3045.0,3030.0,3030.0,300,0.0,0.0
2022-11-25 11:00:00+09:00,3030.0,3030.0,3030.0,3030.0,0,0.0,0.0
2022-11-29 09:00:00+09:00,3065.0,3090.0,3065.0,3090.0,500,0.0,0.0
2022-11-29 10:00:00+09:00,3095.0,3100.0,3095.0,3100.0,200,0.0,0.0
2022-11-29 11:00:00+09:00,3100.0,3100.0,3100.0,3100.0,0,0.0,0.0
2022-11-29 13:00:00+09:00,3115.0,3120.0,3115.0,3120.0,900,0.0,0.0
2022-11-29 14:00:00+09:00,3130.0,3130.0,3130.0,3130.0,100,0.0,0.0
2022-11-30 09:00:00+09:00,3120.0,3130.0,3120.0,3130.0,1200,0.0,0.0
2022-11-30 11:00:00+09:00,3130.0,3130.0,3130.0,3130.0,0,0.0,0.0
2022-12-01 09:00:00+09:00,3135.0,3135.0,3135.0,3135.0,200,0.0,0.0
2022-12-01 11:00:00+09:00,3135.0,3135.0,3135.0,3135.0,0,0.0,0.0
2022-12-02 09:00:00+09:00,3105.0,3105.0,3105.0,3105.0,100,0.0,0.0
2022-12-02 11:00:00+09:00,3105.0,3105.0,3105.0,3105.0,0,0.0,0.0
2022-12-05 10:00:00+09:00,3065.0,3065.0,3065.0,3065.0,100,0.0,0.0
2022-12-05 11:00:00+09:00,3065.0,3065.0,3065.0,3065.0,0,0.0,0.0
2022-12-06 09:00:00+09:00,3050.0,3050.0,3050.0,3050.0,100,0.0,0.0
2022-12-06 11:00:00+09:00,3055.0,3055.0,3055.0,3055.0,0,0.0,0.0
2022-12-07 09:00:00+09:00,3020.0,3020.0,3020.0,3020.0,0,0.0,0.0
2022-12-07 11:00:00+09:00,3020.0,3020.0,3020.0,3020.0,0,0.0,0.0
2022-12-08 11:00:00+09:00,3005.0,3005.0,3005.0,3005.0,200,0.0,0.0
2022-12-09 13:00:00+09:00,3005.0,3005.0,3005.0,3005.0,100,0.0,0.0
2022-12-12 09:00:00+09:00,2990.0,2990.0,2990.0,2990.0,0,0.0,0.0
2022-12-12 11:00:00+09:00,2990.0,2990.0,2990.0,2990.0,0,0.0,0.0
2022-12-13 10:00:00+09:00,2990.0,2990.0,2990.0,2990.0,300,0.0,0.0
2022-12-13 11:00:00+09:00,2990.0,2990.0,2990.0,2990.0,0,0.0,0.0
2022-12-16 09:00:00+09:00,2990.0,2990.0,2990.0,2990.0,900,0.0,0.0
2022-12-16 11:00:00+09:00,2990.0,2990.0,2990.0,2990.0,0,0.0,0.0
2022-12-19 11:00:00+09:00,2931.0,2931.0,2931.0,2931.0,1400,0.0,0.0
2022-12-19 13:00:00+09:00,2950.0,2950.0,2950.0,2950.0,1500,0.0,0.0
2022-12-20 14:00:00+09:00,2980.0,2980.0,2980.0,2980.0,100,0.0,0.0
2022-12-21 13:00:00+09:00,3000.0,3000.0,3000.0,3000.0,100,0.0,0.0
2022-12-22 09:00:00+09:00,3000.0,3000.0,3000.0,3000.0,100,0.0,0.0
2022-12-22 11:00:00+09:00,3000.0,3000.0,3000.0,3000.0,0,0.0,0.0
2022-12-22 14:00:00+09:00,3015.0,3015.0,3015.0,3015.0,200,0.0,0.0
2022-12-23 09:00:00+09:00,3000.0,3000.0,2952.0,2952.0,1200,0.0,0.0
2022-12-23 11:00:00+09:00,2952.0,2952.0,2952.0,2952.0,0,0.0,0.0
2022-12-26 09:00:00+09:00,2999.0,3040.0,2999.0,3040.0,2100,0.0,0.0
2022-12-26 11:00:00+09:00,3040.0,3040.0,3040.0,3040.0,0,0.0,0.0
2022-12-26 12:00:00+09:00,3050.0,3050.0,3050.0,3050.0,2400,0.0,0.0
2022-12-26 14:00:00+09:00,3055.0,3055.0,3055.0,3055.0,100,0.0,0.0
2022-12-27 09:00:00+09:00,3080.0,3080.0,3080.0,3080.0,100,0.0,0.0
2022-12-27 10:00:00+09:00,3095.0,3095.0,3095.0,3095.0,100,0.0,0.0
2022-12-27 11:00:00+09:00,3095.0,3095.0,3095.0,3095.0,0,0.0,0.0
2022-12-27 13:00:00+09:00,3090.0,3100.0,3090.0,3100.0,1000,0.0,0.0
2022-12-28 09:00:00+09:00,3100.0,3110.0,3090.0,3090.0,0,0.0,0.0
2022-12-28 10:00:00+09:00,3085.0,3085.0,3085.0,3085.0,1400,0.0,0.0
2022-12-28 11:00:00+09:00,3085.0,3085.0,3085.0,3085.0,0,0.0,0.0
2022-12-29 09:00:00+09:00,3115.0,3115.0,3115.0,3115.0,100,0.0,0.0
2022-12-29 10:00:00+09:00,3110.0,3150.0,3110.0,3150.0,500,0.0,0.0
2022-12-29 11:00:00+09:00,3150.0,3150.0,3150.0,3150.0,0,0.0,0.0
2022-12-29 13:00:00+09:00,3140.0,3140.0,3115.0,3115.0,1000,0.0,0.0
2022-12-29 14:00:00+09:00,3140.0,3150.0,3140.0,3150.0,500,0.0,0.0
2022-12-30 09:00:00+09:00,3110.0,3110.0,3100.0,3100.0,3300,0.0,0.0
2022-12-30 11:00:00+09:00,3100.0,3100.0,3100.0,3100.0,0,0.0,0.0
2022-12-30 14:00:00+09:00,3095.0,3095.0,3090.0,3090.0,3500,0.0,0.0
2023-01-11 12:00:00+09:00,3155.0,3155.0,3155.0,3155.0,0,0.0,0.0
2023-01-13 14:00:00+09:00,3045.0,3045.0,2940.0,2940.0,700,0.0,0.0
2023-01-19 09:00:00+09:00,3100.0,3145.0,3100.0,3145.0,0,0.0,0.0
2023-01-19 10:00:00+09:00,3100.0,3100.0,3090.0,3090.0,200,0.0,0.0
2023-01-19 11:00:00+09:00,3090.0,3090.0,3090.0,3090.0,0,0.0,0.0
2023-01-19 14:00:00+09:00,3090.0,3090.0,3090.0,3090.0,600,0.0,0.0
2023-01-20 09:00:00+09:00,3090.0,3090.0,3090.0,3090.0,100,0.0,0.0
2023-01-20 11:00:00+09:00,3090.0,3090.0,3090.0,3090.0,0,0.0,0.0
2023-01-23 09:00:00+09:00,3160.0,3160.0,3160.0,3160.0,800,0.0,0.0
2023-01-23 11:00:00+09:00,3090.0,3110.0,3090.0,3110.0,0,0.0,0.0
2023-01-24 09:00:00+09:00,3090.0,3090.0,3090.0,3090.0,100,0.0,0.0
2023-01-24 10:00:00+09:00,3070.0,3070.0,3070.0,3070.0,100,0.0,0.0
2023-01-24 11:00:00+09:00,3070.0,3070.0,3070.0,3070.0,0,0.0,0.0
2023-01-25 09:00:00+09:00,3120.0,3120.0,3040.0,3040.0,300,0.0,0.0
2023-01-25 11:00:00+09:00,3040.0,3040.0,3040.0,3040.0,0,0.0,0.0
2023-01-25 14:00:00+09:00,3110.0,3110.0,3110.0,3110.0,400,0.0,0.0
2023-01-27 09:00:00+09:00,3130.0,3130.0,3130.0,3130.0,100,0.0,0.0
2023-01-27 10:00:00+09:00,3080.0,3080.0,3080.0,3080.0,100,0.0,0.0
2023-01-27 11:00:00+09:00,3080.0,3080.0,3080.0,3080.0,0,0.0,0.0
2023-01-30 09:00:00+09:00,3135.0,3135.0,3135.0,3135.0,100,0.0,0.0
2023-01-30 11:00:00+09:00,3135.0,3135.0,3135.0,3135.0,0,0.0,0.0
2023-01-30 14:00:00+09:00,3115.0,3115.0,3115.0,3115.0,200,0.0,0.0
2023-01-31 09:00:00+09:00,3240.0,3240.0,3200.0,3200.0,1200,0.0,0.0
2023-01-31 11:00:00+09:00,3200.0,3200.0,3200.0,3200.0,0,0.0,0.0
2023-02-01 09:00:00+09:00,3200.0,3200.0,3200.0,3200.0,400,0.0,0.0
2023-02-01 11:00:00+09:00,3200.0,3200.0,3200.0,3200.0,0,0.0,0.0
2023-02-02 14:00:00+09:00,3125.0,3125.0,3125.0,3125.0,100,0.0,0.0
2023-02-07 09:00:00+09:00,3055.0,3055.0,3055.0,3055.0,100,0.0,0.0
2023-02-07 11:00:00+09:00,3055.0,3055.0,3055.0,3055.0,0,0.0,0.0
2023-02-07 13:00:00+09:00,3060.0,3060.0,3060.0,3060.0,200,0.0,0.0
2023-02-08 09:00:00+09:00,3050.0,3050.0,3050.0,3050.0,100,0.0,0.0
2023-02-08 11:00:00+09:00,3050.0,3050.0,3050.0,3050.0,0,0.0,0.0
2023-02-13 11:00:00+09:00,3125.0,3125.0,3125.0,3125.0,100,0.0,0.0
2023-02-14 12:00:00+09:00,3140.0,3140.0,3140.0,3140.0,100,0.0,0.0
2023-02-15 13:00:00+09:00,3130.0,3130.0,3130.0,3130.0,100,0.0,0.0
2023-02-17 13:00:00+09:00,3125.0,3125.0,3125.0,3125.0,100,0.0,0.0
2023-02-17 14:00:00+09:00,3125.0,3125.0,3125.0,3125.0,100,0.0,0.0
2023-02-20 09:00:00+09:00,3130.0,3130.0,3130.0,3130.0,100,0.0,0.0
2023-02-20 11:00:00+09:00,3130.0,3130.0,3130.0,3130.0,0,0.0,0.0
2023-02-21 09:00:00+09:00,3140.0,3140.0,3140.0,3140.0,1800,0.0,0.0
2023-02-21 11:00:00+09:00,3140.0,3140.0,3140.0,3140.0,0,0.0,0.0
2023-02-21 12:00:00+09:00,3180.0,3180.0,3180.0,3180.0,1900,0.0,0.0
2023-02-21 14:00:00+09:00,3165.0,3165.0,3135.0,3135.0,400,0.0,0.0
2023-02-22 09:00:00+09:00,3265.0,3265.0,3265.0,3265.0,800,0.0,0.0
2023-02-22 11:00:00+09:00,3265.0,3265.0,3265.0,3265.0,0,0.0,0.0
2023-02-24 09:00:00+09:00,3260.0,3260.0,3260.0,3260.0,200,0.0,0.0
2023-02-24 11:00:00+09:00,3260.0,3260.0,3260.0,3260.0,0,0.0,0.0
2023-02-24 12:00:00+09:00,3240.0,3240.0,3240.0,3240.0,400,0.0,0.0
2023-02-27 09:00:00+09:00,3260.0,3260.0,3260.0,3260.0,0,0.0,0.0
2023-02-27 10:00:00+09:00,3275.0,3290.0,3275.0,3290.0,300,0.0,0.0
2023-02-27 11:00:00+09:00,3290.0,3290.0,3290.0,3290.0,0,0.0,0.0
2023-02-27 12:00:00+09:00,3320.0,3320.0,3320.0,3320.0,500,0.0,0.0
2023-02-27 13:00:00+09:00,3330.0,3330.0,3330.0,3330.0,300,0.0,0.0
2023-02-27 14:00:00+09:00,3335.0,3375.0,3320.0,3320.0,500,0.0,0.0
2023-02-28 09:00:00+09:00,3375.0,3375.0,3375.0,3375.0,1000,0.0,0.0
2023-02-28 10:00:00+09:00,3380.0,3380.0,3380.0,3380.0,100,0.0,0.0
2023-02-28 11:00:00+09:00,3380.0,3380.0,3380.0,3380.0,0,0.0,0.0
2023-02-28 12:00:00+09:00,3320.0,3320.0,3320.0,3320.0,1200,0.0,0.0
2023-03-01 09:00:00+09:00,3315.0,3315.0,3300.0,3300.0,300,0.0,0.0
2023-03-01 11:00:00+09:00,3300.0,3300.0,3300.0,3300.0,0,0.0,0.0
2023-03-01 12:00:00+09:00,3250.0,3250.0,3250.0,3250.0,400,0.0,0.0
2023-03-09 14:00:00+09:00,3255.0,3255.0,3255.0,3255.0,100,0.0,0.0
2023-03-14 13:00:00+09:00,3250.0,3250.0,3250.0,3250.0,100,0.0,0.0
2023-03-17 09:00:00+09:00,3280.0,3280.0,3280.0,3280.0,200,0.0,0.0
2023-03-17 11:00:00+09:00,3280.0,3280.0,3280.0,3280.0,0,0.0,0.0
2023-03-17 14:00:00+09:00,3340.0,3340.0,3340.0,3340.0,300,0.0,0.0
2023-03-22 14:00:00+09:00,3400.0,3410.0,3400.0,3410.0,200,0.0,0.0
2023-03-23 09:00:00+09:00,3760.0,3760.0,3450.0,3450.0,1100,0.0,0.0
2023-03-23 11:00:00+09:00,3450.0,3450.0,3450.0,3450.0,0,0.0,0.0
2023-03-23 13:00:00+09:00,3310.0,3340.0,3310.0,3340.0,1300,0.0,0.0
2023-03-24 09:00:00+09:00,3460.0,3550.0,3460.0,3550.0,1000,0.0,0.0
2023-03-24 10:00:00+09:00,3540.0,3550.0,3540.0,3550.0,200,0.0,0.0
2023-03-24 11:00:00+09:00,3550.0,3550.0,3550.0,3550.0,0,0.0,0.0
2023-03-24 14:00:00+09:00,3450.0,3550.0,3450.0,3550.0,1600,0.0,0.0
2023-03-27 09:00:00+09:00,3550.0,3550.0,3550.0,3550.0,100,0.0,0.0
2023-03-27 11:00:00+09:00,3550.0,3550.0,3550.0,3550.0,0,0.0,0.0
2023-03-27 14:00:00+09:00,3550.0,3550.0,3550.0,3550.0,300,0.0,0.0
2023-03-28 11:00:00+09:00,3600.0,3600.0,3600.0,3600.0,200,0.0,0.0
2023-03-28 12:00:00+09:00,3530.0,3670.0,3530.0,3670.0,500,0.0,0.0
2023-03-28 13:00:00+09:00,3670.0,3700.0,3670.0,3670.0,500,0.0,0.0
2023-03-29 09:00:00+09:00,3670.0,3670.0,3670.0,3670.0,100,0.0,0.0
2023-03-29 11:00:00+09:00,3670.0,3670.0,3670.0,3670.0,0,0.0,0.0
2023-03-30 14:00:00+09:00,3700.0,3710.0,3700.0,3700.0,700,0.0,0.0
2023-03-31 09:00:00+09:00,3700.0,3700.0,3700.0,3700.0,900,0.0,0.0
2023-03-31 11:00:00+09:00,3700.0,3700.0,3700.0,3700.0,0,0.0,0.0
2023-04-03 11:00:00+09:00,3655.0,3655.0,3655.0,3655.0,300,0.0,0.0
2023-04-03 12:00:00+09:00,3655.0,3655.0,3655.0,3655.0,400,0.0,0.0
2023-04-05 09:00:00+09:00,3635.0,3635.0,3635.0,3635.0,100,0.0,0.0
2023-04-05 11:00:00+09:00,3635.0,3635.0,3635.0,3635.0,0,0.0,0.0
2023-04-05 12:00:00+09:00,3635.0,3635.0,3635.0,3635.0,200,0.0,0.0
2023-04-06 10:00:00+09:00,3560.0,3560.0,3560.0,3560.0,100,0.0,0.0
2023-04-06 11:00:00+09:00,3560.0,3560.0,3560.0,3560.0,0,0.0,0.0
2023-04-10 09:00:00+09:00,3560.0,3560.0,3560.0,3560.0,100,0.0,0.0
2023-04-10 11:00:00+09:00,3560.0,3560.0,3560.0,3560.0,0,0.0,0.0
2023-04-11 12:00:00+09:00,3505.0,3505.0,3505.0,3505.0,100,0.0,0.0
2023-04-13 11:00:00+09:00,3490.0,3490.0,3490.0,3490.0,100,0.0,0.0
2023-04-13 12:00:00+09:00,3490.0,3490.0,3490.0,3490.0,200,0.0,0.0
2023-04-14 09:00:00+09:00,3490.0,3490.0,3490.0,3490.0,100,0.0,0.0
2023-04-14 10:00:00+09:00,3490.0,3490.0,3490.0,3490.0,100,0.0,0.0
2023-04-14 11:00:00+09:00,3490.0,3490.0,3490.0,3490.0,0,0.0,0.0
2023-04-14 14:00:00+09:00,3445.0,3445.0,3445.0,3445.0,300,0.0,0.0
2023-04-19 09:00:00+09:00,3420.0,3420.0,3420.0,3420.0,100,0.0,0.0
2023-04-19 11:00:00+09:00,3420.0,3420.0,3420.0,3420.0,0,0.0,0.0
2023-04-20 14:00:00+09:00,3490.0,3490.0,3490.0,3490.0,200,0.0,0.0
2023-04-21 09:00:00+09:00,3515.0,3515.0,3515.0,3515.0,0,0.0,0.0
2023-04-21 11:00:00+09:00,3545.0,3550.0,3545.0,3550.0,0,0.0,0.0
2023-04-24 11:00:00+09:00,3595.0,3595.0,3595.0,3595.0,100,0.0,0.0
2023-04-25 09:00:00+09:00,3595.0,3600.0,3595.0,3600.0,500,0.0,0.0
2023-04-25 10:00:00+09:00,3560.0,3560.0,3555.0,3555.0,200,0.0,0.0
2023-04-25 11:00:00+09:00,3555.0,3555.0,3555.0,3555.0,0,0.0,0.0
2023-04-25 12:00:00+09:00,3555.0,3555.0,3555.0,3555.0,800,0.0,0.0
2023-04-26 11:00:00+09:00,3580.0,3580.0,3580.0,3580.0,100,0.0,0.0
2023-04-27 13:00:00+09:00,3610.0,3610.0,3610.0,3610.0,200,0.0,0.0
2023-04-27 14:00:00+09:00,3610.0,3610.0,3600.0,3605.0,300,0.0,0.0
2023-04-28 09:00:00+09:00,3645.0,3645.0,3645.0,3645.0,0,0.0,0.0
2023-04-28 11:00:00+09:00,3645.0,3645.0,3645.0,3645.0,0,0.0,0.0
2023-05-01 09:00:00+09:00,3670.0,3670.0,3670.0,3670.0,100,0.0,0.0
2023-05-01 11:00:00+09:00,3670.0,3670.0,3670.0,3670.0,0,0.0,0.0
2023-05-01 13:00:00+09:00,3655.0,3655.0,3655.0,3655.0,300,0.0,0.0
2023-05-08 09:00:00+09:00,3675.0,3675.0,3675.0,3675.0,100,0.0,0.0
2023-05-08 11:00:00+09:00,3675.0,3675.0,3675.0,3675.0,0,0.0,0.0
2023-05-09 09:00:00+09:00,3675.0,3675.0,3660.0,3660.0,200,0.0,0.0
2023-05-09 11:00:00+09:00,3660.0,3660.0,3660.0,3660.0,0,0.0,0.0
2023-05-10 12:00:00+09:00,3680.0,3680.0,3680.0,3680.0,400,0.0,0.0
2023-05-10 14:00:00+09:00,3670.0,3680.0,3670.0,3680.0,200,0.0,0.0
2023-05-15 12:00:00+09:00,3680.0,3680.0,3680.0,3680.0,100,0.0,0.0
2023-05-16 10:00:00+09:00,3620.0,3620.0,3620.0,3620.0,200,0.0,0.0
2023-05-16 11:00:00+09:00,3675.0,3675.0,3675.0,3675.0,0,0.0,0.0
2023-05-17 09:00:00+09:00,3535.0,3550.0,3535.0,3550.0,800,0.0,0.0
2023-05-17 11:00:00+09:00,3485.0,3485.0,3475.0,3475.0,0,0.0,0.0
2023-05-17 12:00:00+09:00,3475.0,3475.0,3475.0,3475.0,1200,0.0,0.0
2023-05-17 14:00:00+09:00,3495.0,3495.0,3480.0,3480.0,300,0.0,0.0
2023-05-18 09:00:00+09:00,3480.0,3500.0,3480.0,3500.0,300,0.0,0.0
2023-05-18 10:00:00+09:00,3470.0,3470.0,3460.0,3460.0,300,0.0,0.0
2023-05-18 11:00:00+09:00,3460.0,3460.0,3460.0,3460.0,0,0.0,0.0
2023-05-18 13:00:00+09:00,3500.0,3500.0,3500.0,3500.0,800,0.0,0.0
2023-05-22 11:00:00+09:00,3540.0,3540.0,3540.0,3540.0,200,0.0,0.0
2023-05-23 09:00:00+09:00,3540.0,3540.0,3540.0,3540.0,700,0.0,0.0
2023-05-23 10:00:00+09:00,3490.0,3490.0,3490.0,3490.0,100,0.0,0.0
2023-05-23 11:00:00+09:00,3490.0,3490.0,3490.0,3490.0,0,0.0,0.0
2023-05-23 13:00:00+09:00,3440.0,3440.0,3440.0,3440.0,1000,0.0,0.0
2023-05-23 14:00:00+09:00,3410.0,3410.0,3405.0,3405.0,200,0.0,0.0
2023-05-25 09:00:00+09:00,3475.0,3475.0,3475.0,3475.0,200,0.0,0.0
2023-05-25 11:00:00+09:00,3475.0,3475.0,3475.0,3475.0,0,0.0,0.0
2023-05-26 10:00:00+09:00,3535.0,3540.0,3535.0,3540.0,400,0.0,0.0
2023-05-26 11:00:00+09:00,3540.0,3540.0,3540.0,3540.0,0,0.0,0.0
2023-05-29 09:00:00+09:00,3595.0,3595.0,3595.0,3595.0,200,0.0,0.0
2023-05-29 11:00:00+09:00,3595.0,3595.0,3595.0,3595.0,0,0.0,0.0
2023-05-30 14:00:00+09:00,3595.0,3600.0,3595.0,3600.0,300,0.0,0.0
2023-05-31 09:00:00+09:00,3635.0,3635.0,3635.0,3635.0,900,0.0,0.0
2023-05-31 11:00:00+09:00,3635.0,3635.0,3635.0,3635.0,0,0.0,0.0
2023-06-02 09:00:00+09:00,3635.0,3635.0,3635.0,3635.0,0,0.0,0.0
2023-06-02 11:00:00+09:00,3635.0,3635.0,3635.0,3635.0,0,0.0,0.0
2023-06-06 09:00:00+09:00,3600.0,3600.0,3600.0,3600.0,200,0.0,0.0
2023-06-06 11:00:00+09:00,3600.0,3600.0,3600.0,3600.0,0,0.0,0.0
2023-06-08 10:00:00+09:00,3650.0,3650.0,3650.0,3650.0,100,0.0,0.0
2023-06-08 11:00:00+09:00,3650.0,3650.0,3650.0,3650.0,0,0.0,0.0
2023-06-13 09:00:00+09:00,3650.0,3650.0,3650.0,3650.0,100,0.0,0.0
2023-06-13 11:00:00+09:00,3650.0,3650.0,3650.0,3650.0,0,0.0,0.0
2023-06-13 13:00:00+09:00,3590.0,3590.0,3590.0,3590.0,200,0.0,0.0
2023-06-19 11:00:00+09:00,3640.0,3640.0,3640.0,3640.0,200,0.0,0.0
2023-06-19 13:00:00+09:00,3650.0,3650.0,3650.0,3650.0,600,0.0,0.0
2023-06-20 09:00:00+09:00,3650.0,3650.0,3650.0,3650.0,300,0.0,0.0
2023-06-20 11:00:00+09:00,3650.0,3650.0,3650.0,3650.0,0,0.0,0.0
2023-06-20 14:00:00+09:00,3690.0,3700.0,3690.0,3700.0,2200,0.0,0.0
2023-06-21 09:00:00+09:00,3740.0,3740.0,3740.0,3740.0,400,0.0,0.0
2023-06-21 11:00:00+09:00,3740.0,3740.0,3740.0,3740.0,0,0.0,0.0
2023-06-22 09:00:00+09:00,3795.0,3795.0,3795.0,3795.0,100,0.0,0.0
2023-06-22 11:00:00+09:00,3795.0,3795.0,3795.0,3795.0,0,0.0,0.0
2023-06-22 14:00:00+09:00,3820.0,3820.0,3820.0,3820.0,200,0.0,0.0
2023-06-23 09:00:00+09:00,3840.0,3870.0,3840.0,3870.0,1100,0.0,0.0
2023-06-23 10:00:00+09:00,3820.0,3820.0,3820.0,3820.0,100,0.0,0.0
2023-06-23 11:00:00+09:00,3820.0,3820.0,3820.0,3820.0,0,0.0,0.0
2023-06-26 09:00:00+09:00,3820.0,3820.0,3820.0,3820.0,100,0.0,0.0
2023-06-26 11:00:00+09:00,3820.0,3820.0,3820.0,3820.0,0,0.0,0.0
2023-06-26 12:00:00+09:00,3890.0,3890.0,3890.0,3890.0,300,0.0,0.0
2023-06-27 09:00:00+09:00,3900.0,3900.0,3900.0,3900.0,200,0.0,0.0
2023-06-27 11:00:00+09:00,3900.0,3900.0,3900.0,3900.0,0,0.0,0.0
2023-06-27 13:00:00+09:00,3945.0,3960.0,3945.0,3960.0,500,0.0,0.0
2023-06-28 12:00:00+09:00,4000.0,4000.0,4000.0,4000.0,200,0.0,0.0
2023-06-29 09:00:00+09:00,4050.0,4050.0,4050.0,4050.0,100,0.0,0.0
2023-06-29 11:00:00+09:00,4050.0,4050.0,4050.0,4050.0,0,0.0,0.0
2023-06-29 12:00:00+09:00,4055.0,4060.0,4055.0,4060.0,300,0.0,0.0
2023-06-29 13:00:00+09:00,4055.0,4055.0,4055.0,4055.0,100,0.0,0.0
2023-06-29 14:00:00+09:00,4060.0,4100.0,4060.0,4100.0,300,0.0,0.0
2023-06-30 09:00:00+09:00,4125.0,4125.0,4125.0,4125.0,2200,0.0,0.0
2023-06-30 11:00:00+09:00,4125.0,4125.0,4125.0,4125.0,0,0.0,0.0
2023-07-04 10:00:00+09:00,4100.0,4100.0,4030.0,4030.0,600,0.0,0.0
2023-07-04 11:00:00+09:00,4030.0,4030.0,4030.0,4030.0,0,0.0,0.0
2023-07-05 11:00:00+09:00,4010.0,4010.0,4010.0,4010.0,100,0.0,0.0
2023-07-06 13:00:00+09:00,4010.0,4010.0,4010.0,4010.0,100,0.0,0.0
2023-07-07 09:00:00+09:00,4005.0,4005.0,3990.0,3990.0,300,0.0,0.0
2023-07-07 11:00:00+09:00,3990.0,3990.0,3990.0,3990.0,0,0.0,0.0
2023-07-07 12:00:00+09:00,4010.0,4010.0,4010.0,4010.0,0,0.0,0.0
2023-07-10 10:00:00+09:00,4020.0,4020.0,4020.0,4020.0,200,0.0,0.0
2023-07-10 11:00:00+09:00,4020.0,4020.0,4020.0,4020.0,0,0.0,0.0
2023-07-10 13:00:00+09:00,3960.0,3960.0,3960.0,3960.0,400,0.0,0.0
2023-07-11 09:00:00+09:00,4040.0,4040.0,4040.0,4040.0,200,0.0,0.0
2023-07-11 10:00:00+09:00,4035.0,4040.0,4035.0,4040.0,300,0.0,0.0
2023-07-11 11:00:00+09:00,4040.0,4040.0,4040.0,4040.0,0,0.0,0.0
2023-07-11 14:00:00+09:00,4050.0,4050.0,4050.0,4050.0,600,0.0,0.0
2023-07-12 12:00:00+09:00,4095.0,4100.0,4095.0,4100.0,200,0.0,0.0
2023-07-13 09:00:00+09:00,4110.0,4150.0,4110.0,4110.0,900,0.0,0.0
2023-07-13 10:00:00+09:00,4150.0,4150.0,4150.0,4150.0,100,0.0,0.0
2023-07-13 11:00:00+09:00,4150.0,4150.0,4150.0,4150.0,0,0.0,0.0
2023-07-13 13:00:00+09:00,4150.0,4150.0,4150.0,4150.0,0,0.0,0.0
2023-07-14 09:00:00+09:00,4150.0,4150.0,4150.0,4150.0,100,0.0,0.0
2023-07-14 10:00:00+09:00,4140.0,4150.0,4120.0,4120.0,300,0.0,0.0
2023-07-14 11:00:00+09:00,4120.0,4120.0,4120.0,4120.0,0,0.0,0.0
2023-07-14 12:00:00+09:00,4150.0,4150.0,4150.0,4150.0,500,0.0,0.0
2023-07-14 14:00:00+09:00,4150.0,4150.0,4150.0,4150.0,100,0.0,0.0
2023-07-18 09:00:00+09:00,4135.0,4135.0,4135.0,4135.0,100,0.0,0.0
2023-07-18 10:00:00+09:00,4085.0,4085.0,4040.0,4075.0,500,0.0,0.0
2023-07-18 11:00:00+09:00,4075.0,4075.0,4075.0,4075.0,0,0.0,0.0
2023-07-18 14:00:00+09:00,4080.0,4130.0,4060.0,4110.0,1100,0.0,0.0
2023-07-19 09:00:00+09:00,4200.0,4200.0,4180.0,4180.0,800,0.0,0.0
2023-07-19 11:00:00+09:00,4225.0,4230.0,4225.0,4230.0,0,0.0,0.0
2023-07-19 12:00:00+09:00,4250.0,4250.0,4250.0,4250.0,1200,0.0,0.0
2023-07-19 13:00:00+09:00,4235.0,4235.0,4225.0,4225.0,200,0.0,0.0
2023-07-19 14:00:00+09:00,4275.0,4275.0,4275.0,4275.0,100,0.0,0.0
2023-07-20 09:00:00+09:00,4305.0,4305.0,4305.0,4305.0,800,0.0,0.0
2023-07-20 11:00:00+09:00,4305.0,4305.0,4305.0,4305.0,0,0.0,0.0
2023-07-20 13:00:00+09:00,4350.0,4375.0,4350.0,4375.0,1000,0.0,0.0
2023-07-20 14:00:00+09:00,4385.0,4385.0,4380.0,4380.0,300,0.0,0.0
2023-07-21 09:00:00+09:00,4350.0,4350.0,4315.0,4315.0,5800,0.0,0.0
2023-07-21 11:00:00+09:00,4315.0,4315.0,4315.0,4315.0,0,0.0,0.0
2023-07-24 10:00:00+09:00,4325.0,4325.0,4325.0,4325.0,200,0.0,0.0
2023-07-24 11:00:00+09:00,4325.0,4325.0,4325.0,4325.0,0,0.0,0.0
2023-07-24 13:00:00+09:00,4325.0,4325.0,4325.0,4325.0,300,0.0,0.0
2023-07-24 14:00:00+09:00,4320.0,4320.0,4320.0,4320.0,100,0.0,0.0
2023-07-25 09:00:00+09:00,4320.0,4320.0,4320.0,4320.0,300,0.0,0.0
2023-07-25 11:00:00+09:00,4320.0,4320.0,4320.0,4320.0,0,0.0,0.0
2023-07-26 09:00:00+09:00,4400.0,4400.0,4400.0,4400.0,0,0.0,0.0
2023-07-26 10:00:00+09:00,4400.0,4400.0,4400.0,4400.0,600,0.0,0.0
2023-07-26 11:00:00+09:00,4400.0,4400.0,4400.0,4400.0,0,0.0,0.0
2023-07-26 13:00:00+09:00,4400.0,4400.0,4400.0,4400.0,700,0.0,0.0
2023-07-27 09:00:00+09:00,4400.0,4400.0,4400.0,4400.0,300,0.0,0.0
2023-07-27 10:00:00+09:00,4350.0,4350.0,4350.0,4350.0,200,0.0,0.0
2023-07-27 11:00:00+09:00,4350.0,4350.0,4350.0,4350.0,0,0.0,0.0
2023-07-27 13:00:00+09:00,4380.0,4380.0,4380.0,4380.0,700,0.0,0.0
2023-07-27 14:00:00+09:00,4380.0,4420.0,4380.0,4420.0,400,0.0,0.0
2023-07-28 09:00:00+09:00,4420.0,4420.0,4420.0,4420.0,100,0.0,0.0
2023-07-28 10:00:00+09:00,4450.0,4450.0,4450.0,4450.0,200,0.0,0.0
2023-07-28 11:00:00+09:00,4450.0,4450.0,4450.0,4450.0,0,0.0,0.0
2023-07-28 12:00:00+09:00,4455.0,4455.0,4455.0,4455.0,400,0.0,0.0
2023-07-28 13:00:00+09:00,4480.0,4500.0,4480.0,4500.0,0,0.0,0.0
2023-07-28 14:00:00+09:00,4500.0,4550.0,4500.0,4550.0,1200,0.0,0.0
2023-07-31 09:00:00+09:00,4445.0,4445.0,4380.0,4380.0,3600,0.0,0.0
2023-07-31 10:00:00+09:00,4395.0,4395.0,4380.0,4380.0,400,0.0,0.0
2023-07-31 11:00:00+09:00,4380.0,4380.0,4380.0,4380.0,0,0.0,0.0
2023-07-31 12:00:00+09:00,4355.0,4355.0,4305.0,4305.0,4200,0.0,0.0
2023-07-31 13:00:00+09:00,4240.0,4240.0,4130.0,4130.0,500,0.0,0.0
2023-07-31 14:00:00+09:00,4115.0,4175.0,4105.0,4175.0,300,0.0,0.0
2023-08-01 09:00:00+09:00,4220.0,4220.0,4220.0,4220.0,400,0.0,0.0
2023-08-01 10:00:00+09:00,4270.0,4270.0,4270.0,4270.0,100,0.0,0.0
2023-08-01 11:00:00+09:00,4285.0,4285.0,4285.0,4285.0,0,0.0,0.0
2023-08-04 09:00:00+09:00,4145.0,4145.0,4145.0,4145.0,100,0.0,0.0
2023-08-04 11:00:00+09:00,4185.0,4185.0,4185.0,4185.0,0,0.0,0.0
2023-08-07 12:00:00+09:00,4045.0,4045.0,4045.0,4045.0,100,0.0,0.0
2023-08-09 09:00:00+09:00,3910.0,3910.0,3910.0,3910.0,200,0.0,0.0
2023-08-09 11:00:00+09:00,3890.0,3890.0,3890.0,3890.0,0,0.0,0.0
2023-08-10 09:00:00+09:00,3880.0,3880.0,3880.0,3880.0,100,0.0,0.0
2023-08-10 11:00:00+09:00,3880.0,3880.0,3880.0,3880.0,0,0.0,0.0
2023-08-15 09:00:00+09:00,3810.0,3810.0,3810.0,3810.0,100,0.0,0.0
2023-08-15 11:00:00+09:00,3810.0,3810.0,3810.0,3810.0,0,0.0,0.0
2023-08-16 14:00:00+09:00,3790.0,3800.0,3780.0,3780.0,300,0.0,0.0
2023-08-17 09:00:00+09:00,3780.0,3780.0,3710.0,3710.0,2000,0.0,0.0
2023-08-17 10:00:00+09:00,3750.0,3750.0,3750.0,3750.0,100,0.0,0.0
2023-08-17 11:00:00+09:00,3750.0,3750.0,3750.0,3750.0,0,0.0,0.0
2023-08-18 09:00:00+09:00,3720.0,3720.0,3720.0,3720.0,0,0.0,0.0
2023-08-18 11:00:00+09:00,3720.0,3720.0,3720.0,3720.0,0,0.0,0.0
2023-08-21 09:00:00+09:00,3775.0,3775.0,3775.0,3775.0,0,0.0,0.0
2023-08-21 11:00:00+09:00,3775.0,3775.0,3775.0,3775.0,0,0.0,0.0
2023-08-23 09:00:00+09:00,3895.0,3895.0,3895.0,3895.0,600,0.0,0.0
2023-08-23 11:00:00+09:00,3895.0,3895.0,3895.0,3895.0,0,0.0,0.0
2023-08-24 09:00:00+09:00,3820.0,3820.0,3820.0,3820.0,0,0.0,0.0
2023-08-24 11:00:00+09:00,3820.0,3820.0,3820.0,3820.0,0,0.0,0.0
2023-08-25 09:00:00+09:00,3960.0,3960.0,3960.0,3960.0,100,0.0,0.0
2023-08-25 11:00:00+09:00,3960.0,3960.0,3960.0,3960.0,0,0.0,0.0
2023-08-25 12:00:00+09:00,4035.0,4035.0,4035.0,4035.0,200,0.0,0.0
2023-08-25 14:00:00+09:00,4160.0,4160.0,4160.0,4160.0,100,0.0,0.0
2023-08-28 09:00:00+09:00,4160.0,4160.0,3980.0,3980.0,500,0.0,0.0
2023-08-28 11:00:00+09:00,3980.0,3980.0,3980.0,3980.0,0,0.0,0.0
2023-08-28 14:00:00+09:00,4030.0,4030.0,4030.0,4030.0,600,0.0,0.0
2023-08-30 09:00:00+09:00,3970.0,3970.0,3970.0,3970.0,100,0.0,0.0
2023-08-30 11:00:00+09:00,3970.0,3970.0,3970.0,3970.0,0,0.0,0.0
2023-08-30 12:00:00+09:00,3980.0,3980.0,3980.0,3980.0,200,0.0,0.0
2023-08-31 09:00:00+09:00,3980.0,3980.0,3980.0,3980.0,800,0.0,0.0
2023-08-31 11:00:00+09:00,3980.0,3980.0,3980.0,3980.0,0,0.0,0.0
2023-09-01 09:00:00+09:00,3860.0,3860.0,3860.0,3860.0,300,0.0,0.0
2023-09-01 10:00:00+09:00,3860.0,3860.0,3800.0,3800.0,1000,0.0,0.0
2023-09-01 11:00:00+09:00,3800.0,3800.0,3800.0,3800.0,0,0.0,0.0
2023-09-01 12:00:00+09:00,3850.0,3850.0,3850.0,3850.0,1400,0.0,0.0
2023-09-06 09:00:00+09:00,3900.0,3900.0,3900.0,3900.0,100,0.0,0.0
2023-09-06 11:00:00+09:00,3900.0,3900.0,3900.0,3900.0,0,0.0,0.0
2023-09-08 10:00:00+09:00,3900.0,3900.0,3900.0,3900.0,100,0.0,0.0
2023-09-08 11:00:00+09:00,3900.0,3900.0,3900.0,3900.0,0,0.0,0.0
2023-09-14 09:00:00+09:00,3900.0,3900.0,3900.0,3900.0,600,0.0,0.0
2023-09-14 11:00:00+09:00,3900.0,3900.0,3900.0,3900.0,0,0.0,0.0
2023-09-19 12:00:00+09:00,3965.0,3965.0,3965.0,3965.0,100,0.0,0.0
2023-09-19 13:00:00+09:00,3970.0,3970.0,3970.0,3970.0,100,0.0,0.0
2023-09-21 14:00:00+09:00,4000.0,4000.0,4000.0,4000.0,700,0.0,0.0
2023-09-22 09:00:00+09:00,4100.0,4100.0,4100.0,4100.0,600,0.0,0.0
2023-09-22 11:00:00+09:00,4100.0,4100.0,4100.0,4100.0,0,0.0,0.0
2023-09-25 09:00:00+09:00,4170.0,4230.0,4170.0,4230.0,400,0.0,0.0
2023-09-25 11:00:00+09:00,4230.0,4280.0,4230.0,4280.0,0,0.0,0.0
2023-09-26 09:00:00+09:00,4270.0,4300.0,4250.0,4250.0,400,0.0,0.0
2023-09-26 11:00:00+09:00,4250.0,4250.0,4250.0,4250.0,0,0.0,0.0
2023-09-27 14:00:00+09:00,4245.0,4245.0,4245.0,4245.0,100,0.0,0.0
2023-09-28 09:00:00+09:00,4300.0,4300.0,4255.0,4255.0,400,0.0,0.0
2023-09-28 11:00:00+09:00,4255.0,4255.0,4255.0,4255.0,0,0.0,0.0
2023-09-29 09:00:00+09:00,4325.0,4325.0,4325.0,4325.0,600,0.0,0.0
2023-09-29 10:00:00+09:00,4265.0,4265.0,4265.0,4265.0,200,0.0,0.0
2023-09-29 11:00:00+09:00,4265.0,4265.0,4265.0,4265.0,0,0.0,0.0
2023-09-29 12:00:00+09:00,4165.0,4165.0,4165.0,4165.0,900,0.0,0.0
2023-10-02 12:00:00+09:00,4025.0,4070.0,4025.0,4070.0,700,0.0,0.0
2023-10-02 13:00:00+09:00,4030.0,4030.0,4030.0,4030.0,100,0.0,0.0
2023-10-03 09:00:00+09:00,3980.0,3980.0,3975.0,3975.0,300,0.0,0.0
2023-10-03 11:00:00+09:00,3975.0,3975.0,3975.0,3975.0,0,0.0,0.0
2023-10-03 13:00:00+09:00,3905.0,3905.0,3905.0,3905.0,400,0.0,0.0
2023-10-05 09:00:00+09:00,3870.0,3870.0,3870.0,3870.0,100,0.0,0.0
2023-10-05 11:00:00+09:00,3870.0,3870.0,3870.0,3870.0,0,0.0,0.0
2023-10-10 10:00:00+09:00,3880.0,3880.0,3880.0,3880.0,100,0.0,0.0
2023-10-10 11:00:00+09:00,3880.0,3880.0,3880.0,3880.0,0,0.0,0.0
2023-10-12 09:00:00+09:00,3880.0,3880.0,3880.0,3880.0,100,0.0,0.0
2023-10-12 11:00:00+09:00,3880.0,3880.0,3880.0,3880.0,0,0.0,0.0
2023-10-13 09:00:00+09:00,3950.0,3950.0,3950.0,3950.0,100,0.0,0.0
2023-10-13 11:00:00+09:00,3985.0,3985.0,3985.0,3985.0,0,0.0,0.0
2023-10-16 11:00:00+09:00,3980.0,4020.0,3980.0,4020.0,200,0.0,0.0
2023-10-16 12:00:00+09:00,3965.0,3965.0,3965.0,3965.0,0,0.0,0.0
2023-10-16 13:00:00+09:00,4030.0,4030.0,4030.0,4030.0,500,0.0,0.0
2023-10-16 14:00:00+09:00,4005.0,4005.0,3985.0,3985.0,300,0.0,0.0
2023-10-17 10:00:00+09:00,4055.0,4055.0,4055.0,4055.0,100,0.0,0.0
2023-10-17 11:00:00+09:00,4055.0,4055.0,4055.0,4055.0,0,0.0,0.0
2023-10-19 09:00:00+09:00,4100.0,4100.0,4100.0,4100.0,200,0.0,0.0
2023-10-19 11:00:00+09:00,4100.0,4100.0,4100.0,4100.0,0,0.0,0.0
2023-10-20 14:00:00+09:00,4100.0,4110.0,4100.0,4110.0,300,0.0,0.0
2023-10-23 09:00:00+09:00,4165.0,4165.0,4165.0,4165.0,600,0.0,0.0
2023-10-23 10:00:00+09:00,4025.0,4025.0,4025.0,4025.0,100,0.0,0.0
2023-10-23 11:00:00+09:00,4025.0,4025.0,4025.0,4025.0,0,0.0,0.0
2023-10-24 11:00:00+09:00,4025.0,4025.0,4025.0,4025.0,100,0.0,0.0
2023-10-25 09:00:00+09:00,4165.0,4165.0,4165.0,4165.0,100,0.0,0.0
2023-10-25 11:00:00+09:00,4165.0,4165.0,4165.0,4165.0,0,0.0,0.0
2023-10-25 13:00:00+09:00,4220.0,4220.0,4220.0,4220.0,200,0.0,0.0
2023-10-26 11:00:00+09:00,4235.0,4235.0,4235.0,4235.0,100,0.0,0.0
2023-10-26 13:00:00+09:00,4210.0,4210.0,4210.0,4210.0,200,0.0,0.0
2023-10-27 09:00:00+09:00,4210.0,4210.0,4210.0,4210.0,100,0.0,0.0
2023-10-27 11:00:00+09:00,4210.0,4210.0,4210.0,4210.0,0,0.0,0.0
2023-10-30 09:00:00+09:00,4220.0,4220.0,4220.0,4220.0,200,0.0,0.0
2023-10-30 11:00:00+09:00,4220.0,4220.0,4220.0,4220.0,0,0.0,0.0
2023-10-30 12:00:00+09:00,4230.0,4230.0,4210.0,4210.0,400,0.0,0.0
2023-10-30 14:00:00+09:00,4250.0,4250.0,4250.0,4250.0,100,0.0,0.0
2023-10-31 09:00:00+09:00,4180.0,4180.0,4180.0,4180.0,800,0.0,0.0
2023-10-31 11:00:00+09:00,4180.0,4180.0,4180.0,4180.0,0,0.0,0.0
2023-11-02 09:00:00+09:00,4180.0,4180.0,4180.0,4180.0,100,0.0,0.0
2023-11-02 11:00:00+09:00,4180.0,4180.0,4180.0,4180.0,0,0.0,0.0
2023-11-08 12:00:00+09:00,4090.0,4090.0,4090.0,4090.0,100,0.0,0.0
2023-11-09 11:00:00+09:00,4095.0,4095.0,4095.0,4095.0,100,0.0,0.0
2023-11-09 12:00:00+09:00,4090.0,4090.0,4090.0,4090.0,200,0.0,0.0
2023-11-13 09:00:00+09:00,4085.0,4085.0,4085.0,4085.0,100,0.0,0.0
2023-11-13 11:00:00+09:00,4085.0,4085.0,4085.0,4085.0,0,0.0,0.0
2023-11-13 12:00:00+09:00,4000.0,4000.0,4000.0,4000.0,200,0.0,0.0
2023-11-14 09:00:00+09:00,4000.0,4000.0,4000.0,4000.0,100,0.0,0.0
2023-11-14 11:00:00+09:00,4000.0,4000.0,4000.0,4000.0,0,0.0,0.0
2023-11-16 09:00:00+09:00,4000.0,4000.0,4000.0,4000.0,100,0.0,0.0
2023-11-16 11:00:00+09:00,4000.0,4000.0,4000.0,4000.0,0,0.0,0.0
2023-11-17 09:00:00+09:00,4000.0,4000.0,4000.0,4000.0,800,0.0,0.0
2023-11-17 10:00:00+09:00,4000.0,4000.0,4000.0,4000.0,100,0.0,0.0
2023-11-17 11:00:00+09:00,4000.0,4000.0,4000.0,4000.0,0,0.0,0.0
2023-11-17 14:00:00+09:00,4090.0,4090.0,4090.0,4090.0,1100,0.0,0.0
2023-11-21 09:00:00+09:00,4135.0,4135.0,4135.0,4135.0,200,0.0,0.0
2023-11-21 11:00:00+09:00,4135.0,4135.0,4135.0,4135.0,0,0.0,0.0
2023-11-21 12:00:00+09:00,4140.0,4140.0,4140.0,4140.0,300,0.0,0.0
2023-11-21 14:00:00+09:00,4160.0,4160.0,4160.0,4160.0,100,0.0,0.0
2023-11-22 09:00:00+09:00,4195.0,4195.0,4195.0,4195.0,600,0.0,0.0
2023-11-22 11:00:00+09:00,4195.0,4195.0,4195.0,4195.0,0,0.0,0.0
2023-11-22 14:00:00+09:00,4170.0,4170.0,4170.0,4170.0,700,0.0,0.0
2023-11-24 09:00:00+09:00,4190.0,4190.0,4190.0,4190.0,100,0.0,0.0
2023-11-24 11:00:00+09:00,4190.0,4190.0,4190.0,4190.0,0,0.0,0.0
2023-11-27 09:00:00+09:00,4180.0,4180.0,4180.0,4180.0,100,0.0,0.0
2023-11-27 11:00:00+09:00,4180.0,4180.0,4180.0,4180.0,0,0.0,0.0
2023-11-27 14:00:00+09:00,4170.0,4170.0,4170.0,4170.0,200,0.0,0.0
2023-11-28 09:00:00+09:00,4180.0,4200.0,4180.0,4200.0,500,0.0,0.0
2023-11-28 11:00:00+09:00,4200.0,4200.0,4200.0,4200.0,0,0.0,0.0
2023-11-29 14:00:00+09:00,4200.0,4230.0,4200.0,4230.0,400,0.0,0.0
2023-11-30 09:00:00+09:00,4180.0,4180.0,4180.0,4180.0,800,0.0,0.0
2023-11-30 11:00:00+09:00,4215.0,4230.0,4215.0,4230.0,0,0.0,0.0
2023-11-30 13:00:00+09:00,4255.0,4255.0,4255.0,4255.0,1300,0.0,0.0
2023-11-30 14:00:00+09:00,4255.0,4365.0,4255.0,4365.0,500,0.0,0.0
2023-12-01 09:00:00+09:00,4340.0,4340.0,4340.0,4340.0,100,0.0,0.0
2023-12-01 11:00:00+09:00,4340.0,4340.0,4340.0,4340.0,0,0.0,0.0
2023-12-04 09:00:00+09:00,4395.0,4400.0,4395.0,4400.0,600,0.0,0.0
2023-12-04 11:00:00+09:00,4400.0,4400.0,4400.0,4400.0,0,0.0,0.0
2023-12-06 11:00:00+09:00,4395.0,4395.0,4350.0,4350.0,500,0.0,0.0
2023-12-08 14:00:00+09:00,4210.0,4275.0,4210.0,4220.0,700,0.0,0.0
2023-12-12 09:00:00+09:00,4200.0,4200.0,4200.0,4200.0,200,0.0,0.0
2023-12-12 11:00:00+09:00,4200.0,4200.0,4200.0,4200.0,0,0.0,0.0
2023-12-13 09:00:00+09:00,4200.0,4200.0,4200.0,4200.0,200,0.0,0.0
2023-12-13 11:00:00+09:00,4190.0,4190.0,4190.0,4190.0,0,0.0,0.0
2023-12-13 13:00:00+09:00,4265.0,4265.0,4265.0,4265.0,400,0.0,0.0
2023-12-15 14:00:00+09:00,4260.0,4260.0,4255.0,4255.0,200,0.0,0.0
2023-12-19 12:00:00+09:00,4350.0,4350.0,4350.0,4350.0,100,0.0,0.0
2023-12-19 13:00:00+09:00,4315.0,4315.0,4315.0,4315.0,100,0.0,0.0
2023-12-20 09:00:00+09:00,4325.0,4325.0,4325.0,4325.0,100,0.0,0.0
2023-12-20 11:00:00+09:00,4325.0,4325.0,4325.0,4325.0,0,0.0,0.0
2023-12-21 09:00:00+09:00,4350.0,4360.0,4305.0,4310.0,1000,0.0,0.0
2023-12-21 11:00:00+09:00,4310.0,4310.0,4310.0,4310.0,0,0.0,0.0
2023-12-21 12:00:00+09:00,4350.0,4350.0,4350.0,4350.0,1100,0.0,0.0
2023-12-22 09:00:00+09:00,4410.0,4410.0,4410.0,4410.0,500,0.0,0.0
2023-12-22 10:00:00+09:00,4420.0,4420.0,4420.0,4420.0,200,0.0,0.0
2023-12-22 11:00:00+09:00,4420.0,4420.0,4420.0,4420.0,0,0.0,0.0
2023-12-25 09:00:00+09:00,4560.0,4650.0,4560.0,4650.0,1700,0.0,0.0
2023-12-25 10:00:00+09:00,4630.0,4630.0,4630.0,4630.0,100,0.0,0.0
2023-12-25 11:00:00+09:00,4630.0,4630.0,4630.0,4630.0,0,0.0,0.0
2023-12-25 12:00:00+09:00,4575.0,4630.0,4545.0,4630.0,2600,0.0,0.0
2023-12-25 13:00:00+09:00,4580.0,4580.0,4580.0,4580.0,100,0.0,0.0
2023-12-25 14:00:00+09:00,4580.0,4580.0,4580.0,4580.0,100,0.0,0.0
2023-12-26 09:00:00+09:00,4600.0,4600.0,4600.0,4600.0,100,0.0,0.0
2023-12-26 10:00:00+09:00,4720.0,4720.0,4720.0,4720.0,100,0.0,0.0
2023-12-26 11:00:00+09:00,4650.0,4650.0,4530.0,4590.0,0,0.0,0.0
2023-12-27 09:00:00+09:00,4660.0,4700.0,4660.0,4700.0,300,0.0,0.0
2023-12-27 11:00:00+09:00,4700.0,4700.0,4700.0,4700.0,0,0.0,0.0
2023-12-27 13:00:00+09:00,4700.0,4700.0,4700.0,4700.0,600,0.0,0.0
2023-12-27 14:00:00+09:00,4720.0,4720.0,4720.0,4720.0,100,0.0,0.0
2023-12-28 09:00:00+09:00,4750.0,4800.0,4735.0,4735.0,400,0.0,0.0
2023-12-28 11:00:00+09:00,4735.0,4735.0,4735.0,4735.0,0,0.0,0.0
2023-12-28 12:00:00+09:00,4780.0,4780.0,4780.0,4780.0,600,0.0,0.0
2023-12-28 13:00:00+09:00,4790.0,4790.0,4790.0,4790.0,200,0.0,0.0
2023-12-29 09:00:00+09:00,4900.0,4900.0,4730.0,4730.0,2200,0.0,0.0
2023-12-29 10:00:00+09:00,4730.0,4730.0,4730.0,4730.0,100,0.0,0.0
2023-12-29 11:00:00+09:00,4730.0,4730.0,4730.0,4730.0,0,0.0,0.0
2023-12-29 12:00:00+09:00,4900.0,4900.0,4900.0,4900.0,2400,0.0,0.0
2023-12-29 14:00:00+09:00,4940.0,4940.0,4940.0,4940.0,300,0.0,0.0
2024-01-04 12:00:00+09:00,4800.0,4800.0,4800.0,4800.0,100,0.0,0.0
2024-01-09 12:00:00+09:00,4895.0,4895.0,4830.0,4830.0,200,0.0,0.0
2024-01-10 09:00:00+09:00,4770.0,4770.0,4700.0,4700.0,400,0.0,0.0
2024-01-10 11:00:00+09:00,4700.0,4700.0,4700.0,4700.0,0,0.0,0.0
2024-01-11 12:00:00+09:00,4560.0,4560.0,4560.0,4560.0,100,0.0,0.0
2024-01-11 14:00:00+09:00,4560.0,4560.0,4560.0,4560.0,100,0.0,0.0
2024-01-12 09:00:00+09:00,4700.0,4700.0,4700.0,4700.0,0,0.0,0.0
2024-01-12 11:00:00+09:00,4700.0,4700.0,4700.0,4700.0,0,0.0,0.0
2024-01-15 09:00:00+09:00,4770.0,4770.0,4700.0,4700.0,200,0.0,0.0
2024-01-15 10:00:00+09:00,4755.0,4755.0,4690.0,4690.0,200,0.0,0.0
2024-01-15 11:00:00+09:00,4690.0,4690.0,4690.0,4690.0,0,0.0,0.0
2024-01-15 14:00:00+09:00,4690.0,4690.0,4690.0,4690.0,500,0.0,0.0
2024-01-16 09:00:00+09:00,4720.0,4720.0,4720.0,4720.0,200,0.0,0.0
2024-01-16 11:00:00+09:00,4720.0,4720.0,4720.0,4720.0,0,0.0,0.0
2024-01-16 14:00:00+09:00,4665.0,4665.0,4665.0,4665.0,300,0.0,0.0
2024-01-17 10:00:00+09:00,4685.0,4685.0,4685.0,4685.0,200,0.0,0.0
2024-01-17 11:00:00+09:00,4685.0,4685.0,4685.0,4685.0,0,0.0,0.0
2024-01-17 14:00:00+09:00,4725.0,4725.0,4725.0,4725.0,300,0.0,0.0
2024-01-18 10:00:00+09:00,4730.0,4730.0,4730.0,4730.0,100,0.0,0.0
2024-01-18 11:00:00+09:00,4730.0,4730.0,4730.0,4730.0,0,0.0,0.0
2024-01-18 12:00:00+09:00,4735.0,4735.0,4735.0,4735.0,300,0.0,0.0
2024-01-18 13:00:00+09:00,4730.0,4730.0,4730.0,4730.0,100,0.0,0.0
2024-01-19 09:00:00+09:00,4775.0,4775.0,4670.0,4670.0,300,0.0,0.0
2024-01-19 11:00:00+09:00,4740.0,4740.0,4740.0,4740.0,0,0.0,0.0
2024-01-19 12:00:00+09:00,4800.0,4805.0,4800.0,4800.0,700,0.0,0.0
2024-01-22 09:00:00+09:00,4870.0,4870.0,4870.0,4870.0,100,0.0,0.0
2024-01-22 11:00:00+09:00,4870.0,4870.0,4870.0,4870.0,0,0.0,0.0
2024-01-23 09:00:00+09:00,4870.0,4870.0,4870.0,4870.0,800,0.0,0.0
2024-01-23 11:00:00+09:00,4870.0,4870.0,4870.0,4870.0,0,0.0,0.0
2024-01-23 12:00:00+09:00,4870.0,4870.0,4870.0,4870.0,1000,0.0,0.0
2024-01-25 09:00:00+09:00,4940.0,4940.0,4835.0,4835.0,200,0.0,0.0
2024-01-25 11:00:00+09:00,4835.0,4835.0,4835.0,4835.0,0,0.0,0.0
2024-01-26 13:00:00+09:00,4880.0,4880.0,4880.0,4880.0,300,0.0,0.0
2024-01-26 14:00:00+09:00,4905.0,4905.0,4905.0,4905.0,100,0.0,0.0
2024-01-29 10:00:00+09:00,4905.0,4905.0,4905.0,4905.0,100,0.0,0.0
2024-01-29 11:00:00+09:00,4905.0,4905.0,4905.0,4905.0,0,0.0,0.0
2024-01-29 12:00:00+09:00,4905.0,4905.0,4905.0,4905.0,200,0.0,0.0
2024-01-29 13:00:00+09:00,4925.0,4925.0,4925.0,4925.0,100,0.0,0.0
2024-01-30 09:00:00+09:00,4975.0,4985.0,4975.0,4985.0,200,0.0,0.0
2024-01-30 11:00:00+09:00,4985.0,4985.0,4985.0,4985.0,0,0.0,0.0
2024-01-30 12:00:00+09:00,4945.0,4945.0,4945.0,4945.0,300,0.0,0.0
2024-01-30 13:00:00+09:00,4975.0,4975.0,4975.0,4975.0,100,0.0,0.0
2024-01-30 14:00:00+09:00,4960.0,4980.0,4960.0,4980.0,200,0.0,0.0
2024-01-31 09:00:00+09:00,4980.0,4980.0,4980.0,4980.0,700,0.0,0.0
2024-01-31 11:00:00+09:00,4980.0,4980.0,4980.0,4980.0,0,0.0,0.0
2024-02-01 11:00:00+09:00,4850.0,4850.0,4850.0,4850.0,100,0.0,0.0
2024-02-01 12:00:00+09:00,4790.0,4790.0,4730.0,4730.0,400,0.0,0.0
2024-02-01 14:00:00+09:00,4770.0,4790.0,4770.0,4790.0,1200,0.0,0.0
2024-02-02 10:00:00+09:00,4780.0,4800.0,4780.0,4800.0,200,0.0,0.0
2024-02-02 11:00:00+09:00,4800.0,4800.0,4800.0,4800.0,0,0.0,0.0
2024-02-02 14:00:00+09:00,4955.0,4955.0,4955.0,4955.0,300,0.0,0.0
2024-02-05 09:00:00+09:00,4990.0,4990.0,4990.0,4990.0,100,0.0,0.0
2024-02-05 10:00:00+09:00,5050.0,5050.0,5050.0,5050.0,200,0.0,0.0
2024-02-05 11:00:00+09:00,5050.0,5050.0,5050.0,5050.0,0,0.0,0.0
2024-02-05 12:00:00+09:00,5000.0,5000.0,5000.0,5000.0,400,0.0,0.0
2024-02-06 09:00:00+09:00,5000.0,5000.0,5000.0,5000.0,100,0.0,0.0
2024-02-06 10:00:00+09:00,5000.0,5000.0,5000.0,5000.0,100,0.0,0.0
2024-02-06 11:00:00+09:00,4900.0,4900.0,4900.0,4900.0,0,0.0,0.0
2024-02-06 13:00:00+09:00,4800.0,4800.0,4800.0,4800.0,400,0.0,0.0
2024-02-06 14:00:00+09:00,4870.0,4930.0,4870.0,4920.0,400,0.0,0.0
2024-02-08 12:00:00+09:00,4850.0,4865.0,4850.0,4865.0,200,0.0,0.0
2024-02-09 09:00:00+09:00,5030.0,5030.0,4920.0,4920.0,1000,0.0,0.0
2024-02-09 11:00:00+09:00,4920.0,4920.0,4920.0,4920.0,0,0.0,0.0
2024-02-09 12:00:00+09:00,4990.0,4990.0,4990.0,4990.0,0,0.0,0.0
2024-02-13 09:00:00+09:00,4990.0,4990.0,4990.0,4990.0,100,0.0,0.0
2024-02-13 11:00:00+09:00,4920.0,4920.0,4920.0,4920.0,0,0.0,0.0
2024-02-14 09:00:00+09:00,4900.0,4960.0,4900.0,4960.0,200,0.0,0.0
2024-02-14 11:00:00+09:00,4960.0,4960.0,4960.0,4960.0,0,0.0,0.0
2024-02-14 12:00:00+09:00,4915.0,4915.0,4915.0,4915.0,300,0.0,0.0
2024-02-14 14:00:00+09:00,4955.0,4955.0,4955.0,4955.0,200,0.0,0.0
2024-02-15 09:00:00+09:00,4960.0,4965.0,4960.0,4965.0,1900,0.0,0.0
2024-02-15 10:00:00+09:00,4965.0,4965.0,4910.0,4910.0,300,0.0,0.0
2024-02-15 11:00:00+09:00,4910.0,4910.0,4910.0,4910.0,0,0.0,0.0
2024-02-19 12:00:00+09:00,4925.0,4925.0,4925.0,4925.0,200,0.0,0.0
2024-02-20 09:00:00+09:00,5020.0,5020.0,5020.0,5020.0,400,0.0,0.0
2024-02-20 11:00:00+09:00,5020.0,5020.0,5020.0,5020.0,0,0.0,0.0
2024-02-21 09:00:00+09:00,4995.0,4995.0,4995.0,4995.0,400,0.0,0.0
2024-02-21 11:00:00+09:00,4995.0,4995.0,4995.0,4995.0,0,0.0,0.0
2024-02-21 12:00:00+09:00,4995.0,5000.0,4995.0,5000.0,600,0.0,0.0
2024-02-21 14:00:00+09:00,5020.0,5020.0,5010.0,5010.0,200,0.0,0.0
2024-02-22 09:00:00+09:00,4995.0,5100.0,4995.0,5100.0,2200,0.0,0.0
2024-02-22 11:00:00+09:00,5100.0,5100.0,5100.0,5100.0,0,0.0,0.0
2024-02-26 10:00:00+09:00,5100.0,5100.0,5100.0,5100.0,100,0.0,0.0
2024-02-26 11:00:00+09:00,5100.0,5100.0,5100.0,5100.0,0,0.0,0.0
2024-02-27 09:00:00+09:00,5130.0,5130.0,5130.0,5130.0,100,0.0,0.0
2024-02-27 11:00:00+09:00,5060.0,5060.0,5060.0,5060.0,0,0.0,0.0
2024-02-27 12:00:00+09:00,5110.0,5110.0,5110.0,5110.0,300,0.0,0.0
2024-02-28 09:00:00+09:00,5080.0,5080.0,5080.0,5080.0,100,0.0,0.0
2024-02-28 11:00:00+09:00,5100.0,5100.0,5100.0,5100.0,0,0.0,0.0
2024-02-28 13:00:00+09:00,5100.0,5100.0,5100.0,5100.0,400,0.0,0.0
2024-02-29 09:00:00+09:00,5050.0,5050.0,5050.0,5050.0,600,0.0,0.0
2024-02-29 11:00:00+09:00,4980.0,4980.0,4980.0,4980.0,0,0.0,0.0
2024-03-06 11:00:00+09:00,4980.0,4980.0,4980.0,4980.0,600,0.0,0.0
2024-03-06 12:00:00+09:00,5030.0,5030.0,5030.0,5030.0,700,0.0,0.0
2024-03-07 11:00:00+09:00,4820.0,4900.0,4820.0,4900.0,100,0.0,0.0
2024-03-07 14:00:00+09:00,4905.0,4935.0,4905.0,4935.0,700,0.0,0.0
2024-03-15 09:00:00+09:00,5000.0,5000.0,4980.0,4990.0,300,0.0,0.0
2024-03-15 11:00:00+09:00,4990.0,4990.0,4990.0,4990.0,0,0.0,0.0
2024-03-18 09:00:00+09:00,4920.0,4960.0,4920.0,4960.0,500,0.0,0.0
2024-03-18 11:00:00+09:00,4960.0,4960.0,4960.0,4960.0,0,0.0,0.0
2024-03-18 12:00:00+09:00,4890.0,4890.0,4865.0,4865.0,700,0.0,0.0
2024-03-18 14:00:00+09:00,4935.0,4935.0,4935.0,4935.0,100,0.0,0.0
2024-03-21 11:00:00+09:00,4950.0,4950.0,4950.0,4950.0,100,0.0,0.0
2024-03-21 12:00:00+09:00,4970.0,4970.0,4950.0,4950.0,500,0.0,0.0
2024-03-22 09:00:00+09:00,4955.0,4955.0,4900.0,4900.0,900,0.0,0.0
2024-03-22 11:00:00+09:00,4850.0,4850.0,4850.0,4850.0,0,0.0,0.0
2024-03-22 12:00:00+09:00,4920.0,4920.0,4920.0,4920.0,1200,0.0,0.0
2024-03-22 14:00:00+09:00,4920.0,4920.0,4920.0,4920.0,100,0.0,0.0
2024-03-25 09:00:00+09:00,4900.0,4905.0,4900.0,4905.0,0,0.0,0.0
2024-03-25 11:00:00+09:00,4905.0,4905.0,4905.0,4905.0,0,0.0,0.0
2024-03-25 12:00:00+09:00,5030.0,5030.0,5030.0,5030.0,500,0.0,0.0
2024-03-25 13:00:00+09:00,4930.0,4930.0,4930.0,4930.0,300,0.0,0.0
2024-03-25 14:00:00+09:00,4955.0,4955.0,4955.0,4955.0,100,0.0,0.0
2024-03-26 09:00:00+09:00,4955.0,4955.0,4955.0,4955.0,100,0.0,0.0
2024-03-26 11:00:00+09:00,4935.0,4935.0,4900.0,4900.0,0,0.0,0.0
2024-03-27 09:00:00+09:00,4960.0,4960.0,4960.0,4960.0,100,0.0,0.0
2024-03-27 11:00:00+09:00,4960.0,4960.0,4960.0,4960.0,0,0.0,0.0
2024-03-27 13:00:00+09:00,4820.0,4820.0,4800.0,4800.0,700,0.0,0.0
2024-03-27 14:00:00+09:00,4830.0,4830.0,4805.0,4810.0,400,0.0,0.0
2024-03-28 09:00:00+09:00,4855.0,4855.0,4855.0,4855.0,200,0.0,0.0
2024-03-28 11:00:00+09:00,4855.0,4855.0,4855.0,4855.0,0,0.0,0.0
2024-03-28 12:00:00+09:00,4800.0,4800.0,4800.0,4800.0,300,0.0,0.0
2024-03-28 13:00:00+09:00,4830.0,4830.0,4830.0,4830.0,100,0.0,0.0
2024-03-28 14:00:00+09:00,4850.0,4860.0,4850.0,4860.0,400,0.0,0.0
2024-03-29 09:00:00+09:00,4790.0,4800.0,4790.0,4800.0,1200,0.0,0.0
2024-03-29 11:00:00+09:00,4800.0,4800.0,4800.0,4800.0,0,0.0,0.0
2024-04-01 10:00:00+09:00,4795.0,4795.0,4795.0,4795.0,100,0.0,0.0
2024-04-01 11:00:00+09:00,4795.0,4795.0,4795.0,4795.0,0,0.0,0.0
2024-04-01 12:00:00+09:00,4795.0,4795.0,4795.0,4795.0,200,0.0,0.0
2024-04-01 14:00:00+09:00,4800.0,4800.0,4800.0,4800.0,100,0.0,0.0
2024-04-02 12:00:00+09:00,4730.0,4730.0,4730.0,4730.0,100,0.0,0.0
2024-04-02 14:00:00+09:00,4710.0,4710.0,4710.0,4710.0,200,0.0,0.0
2024-04-03 09:00:00+09:00,4705.0,4710.0,4700.0,4700.0,400,0.0,0.0
2024-04-03 11:00:00+09:00,4700.0,4700.0,4700.0,4700.0,0,0.0,0.0
2024-04-03 12:00:00+09:00,4695.0,4695.0,4695.0,4695.0,500,0.0,0.0
2024-04-04 09:00:00+09:00,4700.0,4700.0,4700.0,4700.0,200,0.0,0.0
2024-04-04 11:00:00+09:00,4700.0,4700.0,4700.0,4700.0,0,0.0,0.0
2024-04-04 12:00:00+09:00,4700.0,4700.0,4700.0,4700.0,400,0.0,0.0
2024-04-04 13:00:00+09:00,4700.0,4700.0,4700.0,4700.0,100,0.0,0.0
2024-04-04 14:00:00+09:00,4700.0,4700.0,4700.0,4700.0,200,0.0,0.0
2024-04-05 11:00:00+09:00,4700.0,4700.0,4700.0,4700.0,100,0.0,0.0
2024-04-05 14:00:00+09:00,4700.0,4700.0,4700.0,4700.0,200,0.0,0.0
2024-04-08 09:00:00+09:00,4700.0,4700.0,4700.0,4700.0,100,0.0,0.0
2024-04-08 10:00:00+09:00,4700.0,4700.0,4700.0,4700.0,100,0.0,0.0
2024-04-08 11:00:00+09:00,4700.0,4700.0,4700.0,4700.0,0,0.0,0.0
2024-04-09 09:00:00+09:00,4685.0,4685.0,4685.0,4685.0,100,0.0,0.0
2024-04-09 10:00:00+09:00,4680.0,4680.0,4680.0,4680.0,100,0.0,0.0
2024-04-09 11:00:00+09:00,4680.0,4680.0,4680.0,4680.0,0,0.0,0.0
2024-04-09 14:00:00+09:00,4680.0,4685.0,4680.0,4685.0,400,0.0,0.0
2024-04-10 12:00:00+09:00,4700.0,4700.0,4700.0,4700.0,100,0.0,0.0
2024-04-11 12:00:00+09:00,4650.0,4650.0,4650.0,4650.0,100,0.0,0.0
2024-04-12 12:00:00+09:00,4630.0,4630.0,4630.0,4630.0,100,0.0,0.0
2024-04-12 13:00:00+09:00,4630.0,4630.0,4600.0,4600.0,600,0.0,0.0
2024-04-15 10:00:00+09:00,4670.0,4670.0,4670.0,4670.0,100,0.0,0.0
2024-04-15 11:00:00+09:00,4690.0,4690.0,4675.0,4675.0,0,0.0,0.0
2024-04-16 09:00:00+09:00,4640.0,4640.0,4640.0,4640.0,100,0.0,0.0
2024-04-16 11:00:00+09:00,4640.0,4640.0,4640.0,4640.0,0,0.0,0.0
2024-04-16 12:00:00+09:00,4665.0,4665.0,4665.0,4665.0,200,0.0,0.0
2024-04-17 10:00:00+09:00,4700.0,4700.0,4700.0,4700.0,100,0.0,0.0
2024-04-17 11:00:00+09:00,4700.0,4700.0,4700.0,4700.0,0,0.0,0.0
2024-04-17 13:00:00+09:00,4690.0,4690.0,4690.0,4690.0,200,0.0,0.0
2024-04-18 09:00:00+09:00,4690.0,4690.0,4690.0,4690.0,100,0.0,0.0
2024-04-18 10:00:00+09:00,4620.0,4620.0,4580.0,4580.0,200,0.0,0.0
2024-04-18 11:00:00+09:00,4580.0,4580.0,4580.0,4580.0,0,0.0,0.0
2024-04-18 12:00:00+09:00,4620.0,4620.0,4620.0,4620.0,400,0.0,0.0
2024-04-19 09:00:00+09:00,4620.0,4620.0,4620.0,4620.0,100,0.0,0.0
2024-04-19 10:00:00+09:00,4620.0,4620.0,4580.0,4580.0,400,0.0,0.0
2024-04-19 11:00:00+09:00,4580.0,4580.0,4580.0,4580.0,0,0.0,0.0
2024-04-19 14:00:00+09:00,4585.0,4585.0,4585.0,4585.0,600,0.0,0.0
2024-04-22 12:00:00+09:00,4670.0,4670.0,4670.0,4670.0,0,0.0,0.0
2024-04-22 13:00:00+09:00,4660.0,4660.0,4605.0,4605.0,400,0.0,0.0
2024-04-22 14:00:00+09:00,4610.0,4610.0,4610.0,4610.0,100,0.0,0.0
2024-04-23 09:00:00+09:00,4695.0,4695.0,4695.0,4695.0,600,0.0,0.0
2024-04-23 10:00:00+09:00,4635.0,4635.0,4635.0,4635.0,100,0.0,0.0
2024-04-23 11:00:00+09:00,4635.0,4635.0,4635.0,4635.0,0,0.0,0.0
2024-04-24 09:00:00+09:00,4635.0,4635.0,4635.0,4635.0,100,0.0,0.0
2024-04-24 10:00:00+09:00,4635.0,4635.0,4635.0,4635.0,100,0.0,0.0
2024-04-24 11:00:00+09:00,4635.0,4635.0,4635.0,4635.0,0,0.0,0.0
2024-04-25 09:00:00+09:00,4690.0,4690.0,4690.0,4690.0,200,0.0,0.0
2024-04-25 11:00:00+09:00,4690.0,4690.0,4690.0,4690.0,0,0.0,0.0
2024-04-25 13:00:00+09:00,4700.0,4720.0,4700.0,4720.0,900,0.0,0.0
2024-04-26 09:00:00+09:00,4690.0,4690.0,4690.0,4690.0,200,0.0,0.0
2024-04-26 11:00:00+09:00,4690.0,4690.0,4690.0,4690.0,0,0.0,0.0
2024-04-26 12:00:00+09:00,4720.0,4720.0,4720.0,4720.0,300,0.0,0.0
2024-04-26 14:00:00+09:00,4720.0,4720.0,4720.0,4720.0,100,0.0,0.0
2024-04-30 09:00:00+09:00,4775.0,4775.0,4775.0,4775.0,800,0.0,0.0
2024-04-30 10:00:00+09:00,4720.0,4720.0,4720.0,4720.0,100,0.0,0.0
2024-04-30 11:00:00+09:00,4720.0,4720.0,4720.0,4720.0,0,0.0,0.0
2024-05-01 09:00:00+09:00,4750.0,4750.0,4750.0,4750.0,200,0.0,0.0
2024-05-01 11:00:00+09:00,4750.0,4750.0,4750.0,4750.0,0,0.0,0.0
2024-05-02 10:00:00+09:00,4735.0,4735.0,4735.0,4735.0,100,0.0,0.0
2024-05-02 11:00:00+09:00,4735.0,4735.0,4735.0,4735.0,0,0.0,0.0
2024-05-07 10:00:00+09:00,4790.0,4790.0,4790.0,4790.0,100,0.0,0.0
2024-05-07 11:00:00+09:00,4790.0,4790.0,4790.0,4790.0,0,0.0,0.0
2024-05-08 14:00:00+09:00,4790.0,4790.0,4790.0,4790.0,100,0.0,0.0
2024-05-09 12:00:00+09:00,4795.0,4800.0,4795.0,4800.0,200,0.0,0.0
2024-05-09 14:00:00+09:00,4800.0,4800.0,4800.0,4800.0,100,0.0,0.0
2024-05-10 09:00:00+09:00,4825.0,4825.0,4825.0,4825.0,100,0.0,0.0
2024-05-10 11:00:00+09:00,4825.0,4825.0,4825.0,4825.0,0,0.0,0.0
2024-05-13 09:00:00+09:00,4820.0,4820.0,4695.0,4695.0,700,0.0,0.0
2024-05-13 11:00:00+09:00,4800.0,4800.0,4800.0,4800.0,0,0.0,0.0
2024-05-14 09:00:00+09:00,4800.0,4800.0,4800.0,4800.0,100,0.0,0.0
2024-05-14 11:00:00+09:00,4800.0,4800.0,4800.0,4800.0,0,0.0,0.0
2024-05-15 13:00:00+09:00,4795.0,4800.0,4795.0,4800.0,300,0.0,0.0
2024-05-16 10:00:00+09:00,4795.0,4795.0,4795.0,4795.0,100,0.0,0.0
2024-05-16 11:00:00+09:00,4795.0,4795.0,4795.0,4795.0,0,0.0,0.0
2024-05-16 14:00:00+09:00,4795.0,4795.0,4795.0,4795.0,200,0.0,0.0
2024-05-17 12:00:00+09:00,4800.0,4800.0,4800.0,4800.0,400,0.0,0.0
2024-05-20 09:00:00+09:00,4800.0,4800.0,4800.0,4800.0,300,0.0,0.0
2024-05-20 11:00:00+09:00,4800.0,4800.0,4800.0,4800.0,0,0.0,0.0
2024-05-20 12:00:00+09:00,4800.0,4800.0,4800.0,4800.0,700,0.0,0.0
2024-05-21 09:00:00+09:00,4800.0,4800.0,4800.0,4800.0,100,0.0,0.0
2024-05-21 11:00:00+09:00,4800.0,4800.0,4800.0,4800.0,0,0.0,0.0
2024-05-22 09:00:00+09:00,4800.0,4800.0,4800.0,4800.0,700,0.0,0.0
2024-05-22 10:00:00+09:00,4800.0,4800.0,4800.0,4800.0,500,0.0,0.0
2024-05-22 11:00:00+09:00,4830.0,4830.0,4830.0,4830.0,0,0.0,0.0
2024-05-22 12:00:00+09:00,4810.0,4850.0,4810.0,4810.0,4000,0.0,0.0
2024-05-22 14:00:00+09:00,4815.0,4815.0,4810.0,4810.0,300,0.0,0.0
2024-05-23 09:00:00+09:00,4800.0,4810.0,4795.0,4810.0,1500,0.0,0.0
2024-05-23 11:00:00+09:00,4810.0,4810.0,4810.0,4810.0,0,0.0,0.0
2024-05-24 09:00:00+09:00,4810.0,4810.0,4810.0,4810.0,1100,0.0,0.0
2024-05-24 10:00:00+09:00,4850.0,4850.0,4850.0,4850.0,200,0.0,0.0
2024-05-24 11:00:00+09:00,4850.0,4850.0,4850.0,4850.0,0,0.0,0.0
2024-05-24 12:00:00+09:00,4850.0,4850.0,4850.0,4850.0,2300,0.0,0.0
2024-05-24 14:00:00+09:00,4850.0,4850.0,4850.0,4850.0,500,0.0,0.0
2024-05-27 09:00:00+09:00,4845.0,4850.0,4845.0,4850.0,2600,0.0,0.0
2024-05-27 11:00:00+09:00,4850.0,4850.0,4850.0,4850.0,0,0.0,0.0
2024-05-28 09:00:00+09:00,4860.0,4860.0,4860.0,4860.0,100,0.0,0.0
2024-05-28 10:00:00+09:00,4930.0,4930.0,4930.0,4930.0,300,0.0,0.0
2024-05-28 11:00:00+09:00,4930.0,4930.0,4930.0,4930.0,0,0.0,0.0
2024-05-28 13:00:00+09:00,4950.0,4950.0,4950.0,4950.0,700,0.0,0.0
2024-05-28 14:00:00+09:00,4950.0,4950.0,4950.0,4950.0,300,0.0,0.0
2024-05-29 11:00:00+09:00,5000.0,5000.0,4985.0,4985.0,100,0.0,0.0
2024-05-29 14:00:00+09:00,4980.0,4980.0,4980.0,4980.0,500,0.0,0.0
2024-05-30 09:00:00+09:00,4895.0,4895.0,4815.0,4865.0,700,0.0,0.0
2024-05-30 11:00:00+09:00,4865.0,4865.0,4865.0,4865.0,0,0.0,0.0
2024-05-30 13:00:00+09:00,4885.0,4885.0,4885.0,4885.0,900,0.0,0.0
2024-05-30 14:00:00+09:00,4880.0,4880.0,4880.0,4880.0,200,0.0,0.0
2024-05-31 09:00:00+09:00,4895.0,4925.0,4895.0,4925.0,800,0.0,0.0
2024-05-31 11:00:00+09:00,4925.0,4925.0,4925.0,4925.0,0,0.0,0.0
2024-06-03 09:00:00+09:00,4900.0,4965.0,4895.0,4895.0,400,0.0,0.0
2024-06-03 11:00:00+09:00,4895.0,4895.0,4895.0,4895.0,0,0.0,0.0
2024-06-05 10:00:00+09:00,4895.0,4895.0,4895.0,4895.0,100,0.0,0.0
2024-06-05 11:00:00+09:00,4895.0,4895.0,4895.0,4895.0,0,0.0,0.0
2024-06-05 14:00:00+09:00,4895.0,4895.0,4895.0,4895.0,200,0.0,0.0
2024-06-06 14:00:00+09:00,4895.0,4895.0,4895.0,4895.0,100,0.0,0.0
2024-06-07 14:00:00+09:00,4895.0,4895.0,4875.0,4875.0,300,0.0,0.0
2024-06-10 09:00:00+09:00,4895.0,4895.0,4895.0,4895.0,100,0.0,0.0
2024-06-10 10:00:00+09:00,4890.0,4890.0,4890.0,4890.0,100,0.0,0.0
2024-06-10 11:00:00+09:00,4890.0,4890.0,4890.0,4890.0,0,0.0,0.0
2024-06-11 09:00:00+09:00,4890.0,4890.0,4890.0,4890.0,100,0.0,0.0
2024-06-11 11:00:00+09:00,4890.0,4890.0,4890.0,4890.0,0,0.0,0.0
2024-06-11 12:00:00+09:00,4890.0,4890.0,4890.0,4890.0,1700,0.0,0.0
2024-06-12 11:00:00+09:00,4885.0,4885.0,4885.0,4885.0,100,0.0,0.0
2024-06-13 10:00:00+09:00,4855.0,4855.0,4850.0,4850.0,200,0.0,0.0
2024-06-13 11:00:00+09:00,4850.0,4850.0,4850.0,4850.0,0,0.0,0.0
2024-06-18 09:00:00+09:00,4905.0,4935.0,4905.0,4935.0,200,0.0,0.0
2024-06-18 10:00:00+09:00,4955.0,4955.0,4900.0,4900.0,300,0.0,0.0
2024-06-18 11:00:00+09:00,4900.0,4900.0,4900.0,4900.0,0,0.0,0.0
2024-06-18 12:00:00+09:00,4955.0,4955.0,4955.0,4955.0,700,0.0,0.0
2024-06-18 14:00:00+09:00,4930.0,4930.0,4925.0,4925.0,200,0.0,0.0
2024-06-19 09:00:00+09:00,4940.0,4940.0,4940.0,4940.0,200,0.0,0.0
2024-06-19 11:00:00+09:00,4940.0,4940.0,4940.0,4940.0,0,0.0,0.0
2024-06-19 13:00:00+09:00,4950.0,4950.0,4950.0,4950.0,400,0.0,0.0
2024-06-20 09:00:00+09:00,4965.0,5000.0,4965.0,5000.0,300,0.0,0.0
2024-06-20 11:00:00+09:00,5000.0,5000.0,5000.0,5000.0,0,0.0,0.0
2024-06-20 14:00:00+09:00,5090.0,5100.0,5090.0,5100.0,600,0.0,0.0
2024-06-21 09:00:00+09:00,5100.0,5100.0,5090.0,5090.0,600,0.0,0.0
2024-06-21 11:00:00+09:00,5090.0,5090.0,5090.0,5090.0,0,0.0,0.0
2024-06-21 12:00:00+09:00,5090.0,5090.0,5090.0,5090.0,700,0.0,0.0
2024-06-24 09:00:00+09:00,5090.0,5090.0,5090.0,5090.0,100,0.0,0.0
2024-06-24 11:00:00+09:00,5090.0,5090.0,5090.0,5090.0,0,0.0,0.0
2024-06-25 09:00:00+09:00,5090.0,5090.0,5080.0,5080.0,0,0.0,0.0
2024-06-25 10:00:00+09:00,5090.0,5090.0,5090.0,5090.0,400,0.0,0.0
2024-06-25 11:00:00+09:00,5090.0,5090.0,5090.0,5090.0,0,0.0,0.0
2024-06-26 09:00:00+09:00,5090.0,5090.0,5090.0,5090.0,600,0.0,0.0
2024-06-26 10:00:00+09:00,5090.0,5110.0,5090.0,5110.0,0,0.0,0.0
2024-06-26 11:00:00+09:00,5110.0,5110.0,5110.0,5110.0,0,0.0,0.0
2024-06-26 12:00:00+09:00,5140.0,5140.0,5140.0,5140.0,1000,0.0,0.0
2024-06-26 14:00:00+09:00,5130.0,5150.0,5110.0,5150.0,300,0.0,0.0
2024-06-27 09:00:00+09:00,5150.0,5150.0,5150.0,5150.0,100,0.0,0.0
2024-06-27 11:00:00+09:00,5150.0,5150.0,5150.0,5150.0,0,0.0,0.0
2024-06-27 12:00:00+09:00,5180.0,5180.0,5180.0,5180.0,200,0.0,0.0
2024-06-27 13:00:00+09:00,5240.0,5240.0,5240.0,5240.0,100,0.0,0.0
2024-06-27 14:00:00+09:00,5200.0,5200.0,5150.0,5150.0,600,0.0,0.0
2024-06-28 09:00:00+09:00,5150.0,5190.0,5150.0,5190.0,1800,0.0,0.0
2024-06-28 11:00:00+09:00,5190.0,5190.0,5190.0,5190.0,0,0.0,0.0
2024-06-28 14:00:00+09:00,5090.0,5110.0,5030.0,5110.0,2200,0.0,0.0
2024-07-01 14:00:00+09:00,5090.0,5100.0,5090.0,5100.0,300,0.0,0.0
2024-07-02 09:00:00+09:00,5110.0,5130.0,5110.0,5130.0,200,0.0,0.0
2024-07-02 11:00:00+09:00,5130.0,5130.0,5130.0,5130.0,0,0.0,0.0
2024-07-02 12:00:00+09:00,5200.0,5200.0,5200.0,5200.0,400,0.0,0.0
2024-07-02 13:00:00+09:00,5200.0,5200.0,5200.0,5200.0,100,0.0,0.0
2024-07-03 09:00:00+09:00,5230.0,5290.0,5200.0,5290.0,1000,0.0,0.0
2024-07-03 11:00:00+09:00,5290.0,5290.0,5290.0,5290.0,0,0.0,0.0
2024-07-04 09:00:00+09:00,5240.0,5240.0,5240.0,5240.0,100,0.0,0.0
2024-07-04 10:00:00+09:00,5260.0,5260.0,5260.0,5260.0,100,0.0,0.0
2024-07-04 11:00:00+09:00,5260.0,5260.0,5260.0,5260.0,0,0.0,0.0
2024-07-04 12:00:00+09:00,5250.0,5250.0,5250.0,5250.0,300,0.0,0.0
2024-07-04 14:00:00+09:00,5240.0,5250.0,5240.0,5250.0,200,0.0,0.0
2024-07-05 11:00:00+09:00,5250.0,5250.0,5250.0,5250.0,200,0.0,0.0
2024-07-09 11:00:00+09:00,5250.0,5250.0,5250.0,5250.0,400,0.0,0.0
2024-07-09 14:00:00+09:00,5170.0,5170.0,5170.0,5170.0,600,0.0,0.0
2024-07-10 10:00:00+09:00,5150.0,5150.0,5150.0,5150.0,0,0.0,0.0
2024-07-10 11:00:00+09:00,5150.0,5150.0,5150.0,5150.0,0,0.0,0.0
2024-07-10 12:00:00+09:00,5060.0,5060.0,5060.0,5060.0,300,0.0,0.0
2024-07-10 14:00:00+09:00,5110.0,5110.0,5110.0,5110.0,100,0.0,0.0
2024-07-11 12:00:00+09:00,5120.0,5120.0,5120.0,5120.0,100,0.0,0.0
2024-07-11 14:00:00+09:00,5180.0,5250.0,5180.0,5230.0,1000,0.0,0.0
2024-07-12 09:00:00+09:00,5210.0,5210.0,5200.0,5200.0,200,0.0,0.0
2024-07-12 11:00:00+09:00,5200.0,5200.0,5200.0,5200.0,0,0.0,0.0
2024-07-12 14:00:00+09:00,5160.0,5160.0,5160.0,5160.0,300,0.0,0.0
2024-07-16 09:00:00+09:00,5230.0,5230.0,5190.0,5200.0,900,0.0,0.0
2024-07-16 10:00:00+09:00,5210.0,5210.0,5200.0,5200.0,400,0.0,0.0
2024-07-16 11:00:00+09:00,5200.0,5200.0,5200.0,5200.0,0,0.0,0.0
2024-07-17 09:00:00+09:00,5210.0,5210.0,5210.0,5210.0,100,0.0,0.0
2024-07-17 11:00:00+09:00,5210.0,5210.0,5210.0,5210.0,0,0.0,0.0
2024-07-17 14:00:00+09:00,5210.0,5210.0,5210.0,5210.0,200,0.0,0.0
2024-07-18 11:00:00+09:00,5150.0,5150.0,5150.0,5150.0,400,0.0,0.0
2024-07-19 09:00:00+09:00,5190.0,5190.0,5170.0,5180.0,1000,0.0,0.0
2024-07-19 11:00:00+09:00,5180.0,5180.0,5180.0,5180.0,0,0.0,0.0
2024-07-19 12:00:00+09:00,5200.0,5200.0,5200.0,5200.0,1100,0.0,0.0
2024-07-19 14:00:00+09:00,5230.0,5230.0,5230.0,5230.0,200,0.0,0.0
2024-07-22 09:00:00+09:00,5240.0,5470.0,5240.0,5470.0,1400,0.0,0.0
2024-07-22 10:00:00+09:00,5370.0,5370.0,5370.0,5370.0,300,0.0,0.0
2024-07-22 11:00:00+09:00,5460.0,5540.0,5440.0,5440.0,0,0.0,0.0
2024-07-22 12:00:00+09:00,5390.0,5390.0,5390.0,5390.0,2700,0.0,0.0
2024-07-22 13:00:00+09:00,5380.0,5380.0,5300.0,5350.0,700,0.0,0.0
2024-07-22 14:00:00+09:00,5350.0,5350.0,5340.0,5340.0,300,0.0,0.0
2024-07-23 09:00:00+09:00,5320.0,5340.0,5320.0,5340.0,4800,0.0,0.0
2024-07-23 11:00:00+09:00,5340.0,5340.0,5340.0,5340.0,0,0.0,0.0
2024-07-23 12:00:00+09:00,5340.0,5340.0,5340.0,5340.0,4900,0.0,0.0
2024-07-24 14:00:00+09:00,5270.0,5270.0,5200.0,5200.0,700,0.0,0.0
2024-07-25 09:00:00+09:00,5200.0,5200.0,5140.0,5140.0,200,0.0,0.0
2024-07-25 11:00:00+09:00,5190.0,5190.0,5190.0,5190.0,0,0.0,0.0
2024-07-25 14:00:00+09:00,5090.0,5090.0,5090.0,5090.0,400,0.0,0.0
2024-07-26 11:00:00+09:00,5200.0,5200.0,5200.0,5200.0,100,0.0,0.0
2024-07-29 09:00:00+09:00,5300.0,5300.0,5300.0,5300.0,200,0.0,0.0
2024-07-29 10:00:00+09:00,5310.0,5310.0,5220.0,5250.0,600,0.0,0.0
2024-07-29 11:00:00+09:00,5250.0,5250.0,5250.0,5250.0,0,0.0,0.0
2024-07-30 09:00:00+09:00,5300.0,5300.0,5250.0,5250.0,600,0.0,0.0
2024-07-30 10:00:00+09:00,5220.0,5220.0,5220.0,5220.0,100,0.0,0.0
2024-07-30 11:00:00+09:00,5220.0,5220.0,5220.0,5220.0,0,0.0,0.0
2024-07-30 12:00:00+09:00,5210.0,5240.0,5210.0,5240.0,1100,0.0,0.0
2024-07-30 13:00:00+09:00,5300.0,5300.0,5300.0,5300.0,100,0.0,0.0
2024-07-30 14:00:00+09:00,5280.0,5350.0,5280.0,5330.0,300,0.0,0.0
2024-07-31 09:00:00+09:00,5440.0,5440.0,5370.0,5370.0,2500,0.0,0.0
2024-07-31 11:00:00+09:00,5370.0,5370.0,5370.0,5370.0,0,0.0,0.0
2024-07-31 14:00:00+09:00,5370.0,5370.0,5370.0,5370.0,2700,0.0,0.0
2024-08-01 09:00:00+09:00,5340.0,5340.0,5340.0,5340.0,100,0.0,0.0
2024-08-01 11:00:00+09:00,5340.0,5340.0,5340.0,5340.0,0,0.0,0.0
2024-08-01 12:00:00+09:00,5330.0,5330.0,5330.0,5330.0,200,0.0,0.0
2024-08-01 13:00:00+09:00,5250.0,5250.0,5050.0,5050.0,500,0.0,0.0
2024-08-01 14:00:00+09:00,5100.0,5160.0,5100.0,5100.0,300,0.0,0.0
2024-08-02 09:00:00+09:00,5010.0,5010.0,4985.0,4985.0,300,0.0,0.0
2024-08-02 10:00:00+09:00,4985.0,5110.0,4985.0,5110.0,300,0.0,0.0
2024-08-02 11:00:00+09:00,5110.0,5110.0,5110.0,5110.0,0,0.0,0.0
2024-08-02 14:00:00+09:00,5060.0,5060.0,5060.0,5060.0,700,0.0,0.0
2024-08-05 09:00:00+09:00,4680.0,4680.0,4680.0,4680.0,300,0.0,0.0
2024-08-05 11:00:00+09:00,4680.0,4680.0,4680.0,4680.0,0,0.0,0.0
2024-08-05 12:00:00+09:00,4680.0,4680.0,4680.0,4680.0,400,0.0,0.0
2024-08-05 14:00:00+09:00,4670.0,4670.0,4665.0,4665.0,200,0.0,0.0
2024-08-06 09:00:00+09:00,4665.0,4665.0,4665.0,4665.0,100,0.0,0.0
2024-08-06 10:00:00+09:00,5220.0,5220.0,5220.0,5220.0,100,0.0,0.0
2024-08-06 11:00:00+09:00,5120.0,5120.0,5120.0,5120.0,0,0.0,0.0
2024-08-06 14:00:00+09:00,4920.0,4920.0,4920.0,4920.0,400,0.0,0.0
2024-08-07 09:00:00+09:00,4920.0,4920.0,4920.0,4920.0,100,0.0,0.0
2024-08-07 11:00:00+09:00,4920.0,4920.0,4920.0,4920.0,0,0.0,0.0
2024-08-07 13:00:00+09:00,4920.0,4920.0,4920.0,4920.0,400,0.0,0.0
2024-08-08 09:00:00+09:00,4895.0,4895.0,4895.0,4895.0,100,0.0,0.0
2024-08-08 11:00:00+09:00,4895.0,4895.0,4895.0,4895.0,0,0.0,0.0
2024-08-08 12:00:00+09:00,4895.0,4895.0,4895.0,4895.0,200,0.0,0.0
2024-08-09 12:00:00+09:00,4895.0,4895.0,4895.0,4895.0,100,0.0,0.0
2024-08-09 13:00:00+09:00,4850.0,4850.0,4850.0,4850.0,200,0.0,0.0
2024-08-13 09:00:00+09:00,4975.0,4980.0,4975.0,4980.0,200,0.0,0.0
2024-08-13 11:00:00+09:00,4980.0,4980.0,4980.0,4980.0,0,0.0,0.0
2024-08-13 13:00:00+09:00,5010.0,5010.0,5010.0,5010.0,0,0.0,0.0
2024-08-14 09:00:00+09:00,5010.0,5010.0,5010.0,5010.0,1800,0.0,0.0
2024-08-14 11:00:00+09:00,5010.0,5010.0,5010.0,5010.0,0,0.0,0.0
2024-08-14 12:00:00+09:00,5010.0,5010.0,5010.0,5010.0,1900,0.0,0.0
2024-08-14 14:00:00+09:00,5010.0,5010.0,5010.0,5010.0,100,0.0,0.0
2024-08-19 09:00:00+09:00,5090.0,5090.0,4990.0,4990.0,200,0.0,0.0
2024-08-19 10:00:00+09:00,5090.0,5090.0,5090.0,5090.0,100,0.0,0.0
2024-08-19 11:00:00+09:00,5100.0,5100.0,5100.0,5100.0,0,0.0,0.0
2024-08-19 12:00:00+09:00,5130.0,5130.0,5130.0,5130.0,700,0.0,0.0
2024-08-19 14:00:00+09:00,5050.0,5050.0,5000.0,5000.0,600,0.0,0.0
2024-08-20 12:00:00+09:00,5100.0,5100.0,5100.0,5100.0,100,0.0,0.0
2024-08-21 09:00:00+09:00,5200.0,5200.0,5200.0,5200.0,100,0.0,0.0
2024-08-21 11:00:00+09:00,5200.0,5200.0,5200.0,5200.0,0,0.0,0.0
2024-08-21 13:00:00+09:00,5120.0,5120.0,5120.0,5120.0,200,0.0,0.0
2024-08-21 14:00:00+09:00,5110.0,5110.0,5110.0,5110.0,200,0.0,0.0
2024-08-22 09:00:00+09:00,5190.0,5190.0,5190.0,5190.0,0,0.0,0.0
2024-08-22 11:00:00+09:00,5190.0,5190.0,5190.0,5190.0,0,0.0,0.0
2024-08-23 09:00:00+09:00,5200.0,5200.0,5090.0,5090.0,800,0.0,0.0
2024-08-23 11:00:00+09:00,5090.0,5090.0,5090.0,5090.0,0,0.0,0.0
2024-08-26 09:00:00+09:00,5170.0,5170.0,5110.0,5110.0,500,0.0,0.0
2024-08-26 10:00:00+09:00,5120.0,5150.0,5120.0,5150.0,200,0.0,0.0
2024-08-26 11:00:00+09:00,5180.0,5180.0,5180.0,5180.0,0,0.0,0.0
2024-08-26 12:00:00+09:00,5180.0,5180.0,5180.0,5180.0,1000,0.0,0.0
2024-08-26 14:00:00+09:00,5190.0,5190.0,5190.0,5190.0,500,0.0,0.0
2024-08-27 11:00:00+09:00,5150.0,5150.0,5150.0,5150.0,100,0.0,0.0
2024-08-27 14:00:00+09:00,5150.0,5150.0,5150.0,5150.0,200,0.0,0.0
2024-08-28 09:00:00+09:00,5140.0,5140.0,5140.0,5140.0,100,0.0,0.0
2024-08-28 11:00:00+09:00,5140.0,5140.0,5140.0,5140.0,0,0.0,0.0
2024-08-29 09:00:00+09:00,5150.0,5150.0,5150.0,5150.0,100,0.0,0.0
2024-08-29 11:00:00+09:00,5150.0,5150.0,5150.0,5150.0,0,0.0,0.0
2024-08-29 13:00:00+09:00,5170.0,5170.0,5170.0,5170.0,300,0.0,0.0
2024-08-29 14:00:00+09:00,5170.0,5170.0,5170.0,5170.0,100,0.0,0.0
2024-08-30 09:00:00+09:00,5170.0,5170.0,5170.0,5170.0,800,0.0,0.0
2024-08-30 11:00:00+09:00,5170.0,5170.0,5170.0,5170.0,0,0.0,0.0
2024-08-30 12:00:00+09:00,5150.0,5150.0,5150.0,5150.0,1000,0.0,0.0
2024-09-02 09:00:00+09:00,5180.0,5200.0,5180.0,5200.0,1000,0.0,0.0
2024-09-02 11:00:00+09:00,5200.0,5200.0,5200.0,5200.0,0,0.0,0.0
2024-09-02 12:00:00+09:00,5170.0,5170.0,5170.0,5170.0,1200,0.0,0.0
2024-09-02 14:00:00+09:00,5200.0,5220.0,5200.0,5220.0,200,0.0,0.0
2024-09-03 09:00:00+09:00,5130.0,5130.0,5120.0,5120.0,400,0.0,0.0
2024-09-03 11:00:00+09:00,5120.0,5120.0,5120.0,5120.0,0,0.0,0.0
2024-09-03 13:00:00+09:00,5100.0,5100.0,5100.0,5100.0,500,0.0,0.0
2024-09-05 13:00:00+09:00,5020.0,5020.0,5020.0,5020.0,100,0.0,0.0
2024-09-06 09:00:00+09:00,4995.0,4995.0,4995.0,4995.0,600,0.0,0.0
2024-09-06 11:00:00+09:00,4995.0,4995.0,4995.0,4995.0,0,0.0,0.0
2024-09-06 14:00:00+09:00,4995.0,4995.0,4995.0,4995.0,700,0.0,0.0
2024-09-09 12:00:00+09:00,4930.0,4930.0,4930.0,4930.0,100,0.0,0.0
2024-09-10 12:00:00+09:00,5000.0,5000.0,5000.0,5000.0,100,0.0,0.0
2024-09-11 12:00:00+09:00,4900.0,4900.0,4900.0,4900.0,100,0.0,0.0
2024-09-11 14:00:00+09:00,4890.0,4890.0,4800.0,4800.0,300,0.0,0.0
2024-09-12 12:00:00+09:00,4960.0,4960.0,4960.0,4960.0,100,0.0,0.0
2024-09-13 09:00:00+09:00,4970.0,4970.0,4925.0,4925.0,200,0.0,0.0
2024-09-13 10:00:00+09:00,4930.0,4930.0,4930.0,4930.0,100,0.0,0.0
2024-09-13 11:00:00+09:00,4930.0,4930.0,4930.0,4930.0,0,0.0,0.0
2024-09-13 14:00:00+09:00,4975.0,4975.0,4975.0,4975.0,400,0.0,0.0
2024-09-17 09:00:00+09:00,4975.0,4975.0,4975.0,4975.0,100,0.0,0.0
2024-09-17 11:00:00+09:00,4970.0,4970.0,4970.0,4970.0,0,0.0,0.0
2024-09-18 09:00:00+09:00,4900.0,4900.0,4900.0,4900.0,100,0.0,0.0
2024-09-18 11:00:00+09:00,4900.0,4900.0,4900.0,4900.0,0,0.0,0.0
2024-09-18 13:00:00+09:00,4830.0,4830.0,4830.0,4830.0,200,0.0,0.0
2024-09-19 12:00:00+09:00,4975.0,4975.0,4975.0,4975.0,100,0.0,0.0
2024-09-19 13:00:00+09:00,5010.0,5010.0,5010.0,5010.0,100,0.0,0.0
2024-09-20 09:00:00+09:00,5040.0,5040.0,5040.0,5040.0,600,0.0,0.0
2024-09-20 11:00:00+09:00,5040.0,5040.0,5040.0,5040.0,0,0.0,0.0
2024-09-24 13:00:00+09:00,4950.0,4950.0,4950.0,4950.0,200,0.0,0.0
2024-09-25 09:00:00+09:00,4965.0,4965.0,4965.0,4965.0,200,0.0,0.0
2024-09-25 11:00:00+09:00,4965.0,4965.0,4965.0,4965.0,0,0.0,0.0
2024-09-26 13:00:00+09:00,4995.0,4995.0,4995.0,4995.0,100,0.0,0.0
2024-09-27 09:00:00+09:00,4990.0,4990.0,4990.0,4990.0,100,0.0,0.0
2024-09-27 11:00:00+09:00,4990.0,4990.0,4990.0,4990.0,0,0.0,0.0
2024-09-27 14:00:00+09:00,5040.0,5040.0,5040.0,5040.0,200,0.0,0.0
2024-09-30 09:00:00+09:00,5230.0,5230.0,5130.0,5130.0,800,0.0,0.0
2024-09-30 11:00:00+09:00,5130.0,5130.0,5130.0,5130.0,0,0.0,0.0
2024-10-01 09:00:00+09:00,5220.0,5220.0,5220.0,5220.0,100,0.0,0.0
2024-10-01 11:00:00+09:00,5220.0,5220.0,5220.0,5220.0,0,0.0,0.0
2024-10-01 13:00:00+09:00,5120.0,5120.0,5120.0,5120.0,300,0.0,0.0
2024-10-02 12:00:00+09:00,5030.0,5030.0,5030.0,5030.0,100,0.0,0.0
2024-10-03 09:00:00+09:00,5080.0,5100.0,5080.0,5100.0,200,0.0,0.0
2024-10-03 10:00:00+09:00,5110.0,5120.0,5110.0,5120.0,300,0.0,0.0
2024-10-03 11:00:00+09:00,5120.0,5120.0,5120.0,5120.0,0,0.0,0.0
2024-10-03 14:00:00+09:00,5090.0,5090.0,5090.0,5090.0,700,0.0,0.0
