Datetime,Open,High,Low,Close,Volume,Dividends,Stock Splits
2024-08-05 09:00:00+09:00,2490.0,2565.0,2455.0,2465.0,0,0.0,0.0
2024-08-05 09:01:00+09:00,2470.0,2470.0,2470.0,2470.0,0,0.0,0.0
2024-08-05 09:02:00+09:00,2470.0,2470.0,2465.0,2465.0,0,0.0,0.0
2024-08-05 09:03:00+09:00,2465.0,2465.0,2450.0,2450.0,1774,0.0,0.0
2024-08-05 09:04:00+09:00,2440.0,2440.0,2405.0,2405.0,4307,0.0,0.0
2024-08-05 09:05:00+09:00,2425.0,2425.0,2425.0,2425.0,89,0.0,0.0
2024-08-05 09:06:00+09:00,2410.0,2420.0,2395.0,2420.0,5929,0.0,0.0
2024-08-05 09:07:00+09:00,2395.0,2395.0,2395.0,2395.0,1410,0.0,0.0
2024-08-05 09:08:00+09:00,2395.0,2395.0,2380.0,2380.0,4327,0.0,0.0
2024-08-05 09:09:00+09:00,2385.0,2385.0,2385.0,2385.0,0,0.0,0.0
2024-08-05 09:10:00+09:00,2385.0,2395.0,2380.0,2380.0,1114,0.0,0.0
2024-08-05 09:11:00+09:00,2385.0,2400.0,2385.0,2400.0,0,0.0,0.0
2024-08-05 09:12:00+09:00,2390.0,2390.0,2390.0,2390.0,599,0.0,0.0
2024-08-05 09:13:00+09:00,2400.0,2400.0,2400.0,2400.0,700,0.0,0.0
2024-08-05 09:14:00+09:00,2405.0,2405.0,2390.0,2390.0,19,0.0,0.0
2024-08-05 09:15:00+09:00,2400.0,2400.0,2400.0,2400.0,0,0.0,0.0
2024-08-05 09:17:00+09:00,2395.0,2395.0,2395.0,2395.0,0,0.0,0.0
2024-08-05 09:18:00+09:00,2395.0,2400.0,2395.0,2400.0,27,0.0,0.0
2024-08-05 09:20:00+09:00,2390.0,2390.0,2390.0,2390.0,94,0.0,0.0
2024-08-05 09:21:00+09:00,2390.0,2390.0,2375.0,2390.0,1972,0.0,0.0
2024-08-05 09:22:00+09:00,2390.0,2390.0,2390.0,2390.0,249,0.0,0.0
2024-08-05 09:23:00+09:00,2375.0,2380.0,2375.0,2380.0,938,0.0,0.0
2024-08-05 09:24:00+09:00,2380.0,2380.0,2330.0,2360.0,6301,0.0,0.0
2024-08-05 09:25:00+09:00,2360.0,2360.0,2360.0,2360.0,275,0.0,0.0
2024-08-05 09:26:00+09:00,2355.0,2385.0,2355.0,2385.0,1465,0.0,0.0
2024-08-05 09:27:00+09:00,2385.0,2405.0,2385.0,2405.0,2326,0.0,0.0
2024-08-05 09:28:00+09:00,2415.0,2415.0,2415.0,2415.0,0,0.0,0.0
2024-08-05 09:30:00+09:00,2405.0,2405.0,2405.0,2405.0,5,0.0,0.0
2024-08-05 09:31:00+09:00,2405.0,2410.0,2385.0,2410.0,1491,0.0,0.0
2024-08-05 09:32:00+09:00,2380.0,2380.0,2370.0,2370.0,1792,0.0,0.0
2024-08-05 09:33:00+09:00,2365.0,2380.0,2365.0,2380.0,534,0.0,0.0
2024-08-05 09:34:00+09:00,2385.0,2385.0,2385.0,2385.0,422,0.0,0.0
2024-08-05 09:35:00+09:00,2385.0,2385.0,2385.0,2385.0,79,0.0,0.0
2024-08-05 09:36:00+09:00,2395.0,2395.0,2375.0,2375.0,1790,0.0,0.0
2024-08-05 09:37:00+09:00,2375.0,2375.0,2375.0,2375.0,8,0.0,0.0
2024-08-05 09:38:00+09:00,2375.0,2375.0,2375.0,2375.0,88,0.0,0.0
2024-08-05 09:39:00+09:00,2370.0,2400.0,2370.0,2400.0,120,0.0,0.0
2024-08-05 09:40:00+09:00,2375.0,2375.0,2370.0,2370.0,379,0.0,0.0
2024-08-05 09:41:00+09:00,2370.0,2370.0,2370.0,2370.0,500,0.0,0.0
2024-08-05 09:42:00+09:00,2375.0,2375.0,2370.0,2370.0,786,0.0,0.0
2024-08-05 09:43:00+09:00,2370.0,2370.0,2370.0,2370.0,77,0.0,0.0
2024-08-05 09:45:00+09:00,2375.0,2375.0,2365.0,2365.0,184,0.0,0.0
2024-08-05 09:46:00+09:00,2370.0,2370.0,2365.0,2365.0,47,0.0,0.0
2024-08-05 09:47:00+09:00,2365.0,2365.0,2365.0,2365.0,277,0.0,0.0
2024-08-05 09:48:00+09:00,2365.0,2370.0,2365.0,2370.0,1056,0.0,0.0
2024-08-05 09:49:00+09:00,2370.0,2370.0,2365.0,2365.0,148,0.0,0.0
2024-08-05 09:50:00+09:00,2365.0,2365.0,2365.0,2365.0,0,0.0,0.0
2024-08-05 09:51:00+09:00,2375.0,2375.0,2375.0,2375.0,100,0.0,0.0
2024-08-05 09:52:00+09:00,2365.0,2375.0,2365.0,2370.0,255,0.0,0.0
2024-08-05 09:53:00+09:00,2370.0,2370.0,2370.0,2370.0,0,0.0,0.0
2024-08-05 09:54:00+09:00,2370.0,2370.0,2370.0,2370.0,2,0.0,0.0
2024-08-05 09:55:00+09:00,2370.0,2370.0,2370.0,2370.0,183,0.0,0.0
2024-08-05 09:56:00+09:00,2370.0,2370.0,2370.0,2370.0,0,0.0,0.0
2024-08-05 09:58:00+09:00,2380.0,2380.0,2380.0,2380.0,5,0.0,0.0
2024-08-05 10:01:00+09:00,2380.0,2380.0,2380.0,2380.0,147,0.0,0.0
2024-08-05 10:03:00+09:00,2380.0,2380.0,2380.0,2380.0,157,0.0,0.0
2024-08-05 10:04:00+09:00,2385.0,2385.0,2380.0,2380.0,100,0.0,0.0
2024-08-05 10:05:00+09:00,2380.0,2380.0,2375.0,2380.0,531,0.0,0.0
2024-08-05 10:06:00+09:00,2380.0,2385.0,2380.0,2385.0,247,0.0,0.0
2024-08-05 10:07:00+09:00,2400.0,2400.0,2400.0,2400.0,80,0.0,0.0
2024-08-05 10:08:00+09:00,2385.0,2400.0,2385.0,2400.0,432,0.0,0.0
2024-08-05 10:09:00+09:00,2400.0,2405.0,2400.0,2405.0,338,0.0,0.0
2024-08-05 10:10:00+09:00,2400.0,2400.0,2370.0,2400.0,892,0.0,0.0
2024-08-05 10:11:00+09:00,2400.0,2400.0,2365.0,2365.0,1088,0.0,0.0
2024-08-05 10:13:00+09:00,2365.0,2365.0,2365.0,2365.0,26,0.0,0.0
2024-08-05 10:14:00+09:00,2365.0,2365.0,2365.0,2365.0,374,0.0,0.0
2024-08-05 10:15:00+09:00,2375.0,2375.0,2375.0,2375.0,0,0.0,0.0
2024-08-05 10:16:00+09:00,2380.0,2380.0,2365.0,2365.0,1307,0.0,0.0
2024-08-05 10:17:00+09:00,2380.0,2380.0,2365.0,2365.0,0,0.0,0.0
2024-08-05 10:18:00+09:00,2380.0,2380.0,2375.0,2375.0,113,0.0,0.0
2024-08-05 10:19:00+09:00,2375.0,2375.0,2375.0,2375.0,504,0.0,0.0
2024-08-05 10:20:00+09:00,2375.0,2375.0,2375.0,2375.0,0,0.0,0.0
2024-08-05 10:21:00+09:00,2375.0,2375.0,2375.0,2375.0,25,0.0,0.0
2024-08-05 10:22:00+09:00,2375.0,2375.0,2375.0,2375.0,401,0.0,0.0
2024-08-05 10:23:00+09:00,2380.0,2380.0,2375.0,2375.0,143,0.0,0.0
2024-08-05 10:25:00+09:00,2375.0,2375.0,2375.0,2375.0,115,0.0,0.0
2024-08-05 10:26:00+09:00,2370.0,2380.0,2365.0,2365.0,2654,0.0,0.0
2024-08-05 10:28:00+09:00,2370.0,2375.0,2370.0,2375.0,0,0.0,0.0
2024-08-05 10:29:00+09:00,2370.0,2370.0,2370.0,2370.0,299,0.0,0.0
2024-08-05 10:30:00+09:00,2365.0,2370.0,2360.0,2360.0,3482,0.0,0.0
2024-08-05 10:31:00+09:00,2360.0,2360.0,2360.0,2360.0,48,0.0,0.0
2024-08-05 10:32:00+09:00,2360.0,2360.0,2355.0,2355.0,258,0.0,0.0
2024-08-05 10:33:00+09:00,2360.0,2360.0,2355.0,2355.0,2466,0.0,0.0
2024-08-05 10:34:00+09:00,2350.0,2355.0,2350.0,2355.0,1219,0.0,0.0
2024-08-05 10:35:00+09:00,2355.0,2360.0,2355.0,2360.0,0,0.0,0.0
2024-08-05 10:36:00+09:00,2360.0,2360.0,2360.0,2360.0,0,0.0,0.0
2024-08-05 10:37:00+09:00,2360.0,2360.0,2360.0,2360.0,542,0.0,0.0
2024-08-05 10:39:00+09:00,2370.0,2370.0,2370.0,2370.0,0,0.0,0.0
2024-08-05 10:41:00+09:00,2370.0,2370.0,2370.0,2370.0,25,0.0,0.0
2024-08-05 10:42:00+09:00,2370.0,2370.0,2370.0,2370.0,0,0.0,0.0
2024-08-05 10:43:00+09:00,2365.0,2365.0,2360.0,2360.0,186,0.0,0.0
2024-08-05 10:45:00+09:00,2365.0,2365.0,2365.0,2365.0,0,0.0,0.0
2024-08-05 10:47:00+09:00,2365.0,2370.0,2365.0,2370.0,1197,0.0,0.0
2024-08-05 10:53:00+09:00,2355.0,2355.0,2355.0,2355.0,0,0.0,0.0
2024-08-05 10:55:00+09:00,2355.0,2355.0,2350.0,2355.0,1227,0.0,0.0
2024-08-05 10:56:00+09:00,2355.0,2355.0,2355.0,2355.0,200,0.0,0.0
2024-08-05 10:57:00+09:00,2355.0,2355.0,2355.0,2355.0,3736,0.0,0.0
2024-08-05 11:01:00+09:00,2355.0,2355.0,2355.0,2355.0,0,0.0,0.0
2024-08-05 11:02:00+09:00,2355.0,2355.0,2355.0,2355.0,0,0.0,0.0
2024-08-05 11:04:00+09:00,2355.0,2355.0,2350.0,2350.0,95,0.0,0.0
2024-08-05 11:05:00+09:00,2350.0,2350.0,2340.0,2340.0,732,0.0,0.0
2024-08-05 11:06:00+09:00,2345.0,2345.0,2345.0,2345.0,819,0.0,0.0
2024-08-05 11:07:00+09:00,2340.0,2340.0,2340.0,2340.0,106,0.0,0.0
2024-08-05 11:08:00+09:00,2340.0,2340.0,2340.0,2340.0,70,0.0,0.0
2024-08-05 11:10:00+09:00,2335.0,2335.0,2330.0,2330.0,1203,0.0,0.0
2024-08-05 11:11:00+09:00,2330.0,2330.0,2325.0,2325.0,1501,0.0,0.0
2024-08-05 11:12:00+09:00,2325.0,2325.0,2315.0,2315.0,1730,0.0,0.0
2024-08-05 11:13:00+09:00,2315.0,2315.0,2315.0,2315.0,85,0.0,0.0
2024-08-05 11:16:00+09:00,2320.0,2320.0,2315.0,2315.0,0,0.0,0.0
2024-08-05 11:19:00+09:00,2315.0,2315.0,2315.0,2315.0,299,0.0,0.0
2024-08-05 11:23:00+09:00,2325.0,2325.0,2325.0,2325.0,374,0.0,0.0
2024-08-05 11:24:00+09:00,2325.0,2325.0,2325.0,2325.0,1380,0.0,0.0
2024-08-05 11:25:00+09:00,2315.0,2315.0,2310.0,2310.0,205,0.0,0.0
2024-08-05 11:26:00+09:00,2325.0,2325.0,2325.0,2325.0,0,0.0,0.0
2024-08-05 11:28:00+09:00,2330.0,2330.0,2330.0,2330.0,1,0.0,0.0
2024-08-05 11:34:00+09:00,2330.0,2330.0,2330.0,2330.0,33,0.0,0.0
2024-08-05 11:40:00+09:00,2325.0,2325.0,2325.0,2325.0,224,0.0,0.0
2024-08-05 11:42:00+09:00,2325.0,2325.0,2325.0,2325.0,0,0.0,0.0
2024-08-05 11:44:00+09:00,2320.0,2320.0,2320.0,2320.0,300,0.0,0.0
2024-08-05 11:45:00+09:00,2320.0,2320.0,2320.0,2320.0,1312,0.0,0.0
2024-08-05 11:46:00+09:00,2315.0,2315.0,2315.0,2315.0,339,0.0,0.0
2024-08-05 11:47:00+09:00,2310.0,2310.0,2310.0,2310.0,0,0.0,0.0
2024-08-05 11:48:00+09:00,2310.0,2310.0,2310.0,2310.0,443,0.0,0.0
2024-08-05 11:49:00+09:00,2310.0,2310.0,2305.0,2305.0,900,0.0,0.0
2024-08-05 11:51:00+09:00,2300.0,2300.0,2300.0,2300.0,2000,0.0,0.0
2024-08-05 11:52:00+09:00,2300.0,2300.0,2300.0,2300.0,200,0.0,0.0
2024-08-05 11:55:00+09:00,2300.0,2300.0,2300.0,2300.0,0,0.0,0.0
2024-08-05 11:56:00+09:00,2300.0,2315.0,2300.0,2315.0,2,0.0,0.0
2024-08-05 11:57:00+09:00,2305.0,2305.0,2305.0,2305.0,117,0.0,0.0
2024-08-05 11:58:00+09:00,2305.0,2305.0,2305.0,2305.0,544,0.0,0.0
2024-08-05 12:04:00+09:00,2305.0,2305.0,2305.0,2305.0,0,0.0,0.0
2024-08-05 12:05:00+09:00,2305.0,2305.0,2305.0,2305.0,92,0.0,0.0
2024-08-05 12:08:00+09:00,2300.0,2300.0,2300.0,2300.0,0,0.0,0.0
2024-08-05 12:09:00+09:00,2300.0,2320.0,2300.0,2320.0,687,0.0,0.0
2024-08-05 12:11:00+09:00,2300.0,2300.0,2300.0,2300.0,1146,0.0,0.0
2024-08-05 12:12:00+09:00,2300.0,2300.0,2300.0,2300.0,0,0.0,0.0
2024-08-05 12:28:00+09:00,2320.0,2320.0,2320.0,2320.0,246,0.0,0.0
2024-08-05 12:29:00+09:00,2310.0,2310.0,2310.0,2310.0,0,0.0,0.0
2024-08-05 12:32:00+09:00,2310.0,2310.0,2310.0,2310.0,19,0.0,0.0
2024-08-05 12:33:00+09:00,2310.0,2310.0,2305.0,2305.0,1160,0.0,0.0
2024-08-05 12:34:00+09:00,2305.0,2305.0,2300.0,2300.0,14515,0.0,0.0
2024-08-05 12:35:00+09:00,2300.0,2300.0,2300.0,2300.0,0,0.0,0.0
2024-08-05 12:38:00+09:00,2300.0,2315.0,2300.0,2315.0,170,0.0,0.0
2024-08-05 12:40:00+09:00,2295.0,2295.0,2295.0,2295.0,303,0.0,0.0
2024-08-05 12:41:00+09:00,2295.0,2295.0,2295.0,2295.0,568,0.0,0.0
2024-08-05 12:42:00+09:00,2295.0,2295.0,2295.0,2295.0,109,0.0,0.0
2024-08-05 12:43:00+09:00,2295.0,2295.0,2295.0,2295.0,1229,0.0,0.0
2024-08-05 12:46:00+09:00,2295.0,2310.0,2295.0,2310.0,0,0.0,0.0
2024-08-05 12:47:00+09:00,2295.0,2295.0,2295.0,2295.0,104,0.0,0.0
2024-08-05 12:51:00+09:00,2295.0,2295.0,2295.0,2295.0,79,0.0,0.0
2024-08-05 12:52:00+09:00,2295.0,2295.0,2295.0,2295.0,758,0.0,0.0
2024-08-05 12:58:00+09:00,2295.0,2295.0,2295.0,2295.0,1080,0.0,0.0
2024-08-05 13:00:00+09:00,2295.0,2295.0,2295.0,2295.0,0,0.0,0.0
2024-08-05 13:01:00+09:00,2310.0,2310.0,2310.0,2310.0,0,0.0,0.0
2024-08-05 13:02:00+09:00,2300.0,2300.0,2300.0,2300.0,1077,0.0,0.0
2024-08-05 13:05:00+09:00,2295.0,2300.0,2295.0,2300.0,36,0.0,0.0
2024-08-05 13:06:00+09:00,2290.0,2290.0,2260.0,2265.0,3639,0.0,0.0
2024-08-05 13:07:00+09:00,2265.0,2300.0,2260.0,2300.0,69,0.0,0.0
2024-08-05 13:10:00+09:00,2265.0,2265.0,2265.0,2265.0,96,0.0,0.0
2024-08-05 13:11:00+09:00,2260.0,2260.0,2260.0,2260.0,316,0.0,0.0
2024-08-05 13:12:00+09:00,2260.0,2260.0,2260.0,2260.0,0,0.0,0.0
2024-08-05 13:13:00+09:00,2260.0,2260.0,2260.0,2260.0,52,0.0,0.0
2024-08-05 13:14:00+09:00,2260.0,2260.0,2260.0,2260.0,170,0.0,0.0
2024-08-05 13:15:00+09:00,2270.0,2270.0,2270.0,2270.0,1410,0.0,0.0
2024-08-05 13:16:00+09:00,2275.0,2275.0,2275.0,2275.0,0,0.0,0.0
2024-08-05 13:17:00+09:00,2290.0,2290.0,2290.0,2290.0,121,0.0,0.0
2024-08-05 13:18:00+09:00,2290.0,2290.0,2290.0,2290.0,0,0.0,0.0
2024-08-05 13:20:00+09:00,2280.0,2280.0,2280.0,2280.0,0,0.0,0.0
2024-08-05 13:21:00+09:00,2275.0,2275.0,2275.0,2275.0,109,0.0,0.0
2024-08-05 13:25:00+09:00,2270.0,2270.0,2270.0,2270.0,2,0.0,0.0
2024-08-05 13:26:00+09:00,2270.0,2270.0,2265.0,2265.0,2777,0.0,0.0
2024-08-05 13:27:00+09:00,2265.0,2265.0,2260.0,2265.0,1034,0.0,0.0
2024-08-05 13:28:00+09:00,2275.0,2275.0,2275.0,2275.0,0,0.0,0.0
2024-08-05 13:29:00+09:00,2260.0,2260.0,2260.0,2260.0,103,0.0,0.0
2024-08-05 13:31:00+09:00,2260.0,2260.0,2260.0,2260.0,949,0.0,0.0
2024-08-05 13:32:00+09:00,2260.0,2260.0,2260.0,2260.0,0,0.0,0.0
2024-08-05 13:34:00+09:00,2275.0,2275.0,2275.0,2275.0,475,0.0,0.0
2024-08-05 13:36:00+09:00,2260.0,2260.0,2255.0,2255.0,104,0.0,0.0
2024-08-05 13:37:00+09:00,2255.0,2255.0,2255.0,2255.0,83,0.0,0.0
2024-08-05 13:38:00+09:00,2250.0,2250.0,2250.0,2250.0,596,0.0,0.0
2024-08-05 13:40:00+09:00,2255.0,2255.0,2245.0,2245.0,392,0.0,0.0
2024-08-05 13:43:00+09:00,2250.0,2250.0,2245.0,2245.0,308,0.0,0.0
2024-08-05 13:45:00+09:00,2250.0,2250.0,2250.0,2250.0,0,0.0,0.0
2024-08-05 13:46:00+09:00,2250.0,2250.0,2245.0,2245.0,454,0.0,0.0
2024-08-05 13:48:00+09:00,2240.0,2240.0,2240.0,2240.0,0,0.0,0.0
2024-08-05 13:49:00+09:00,2245.0,2245.0,2245.0,2245.0,53,0.0,0.0
2024-08-05 13:50:00+09:00,2240.0,2240.0,2235.0,2235.0,260,0.0,0.0
2024-08-05 13:51:00+09:00,2235.0,2240.0,2235.0,2240.0,48,0.0,0.0
2024-08-05 13:52:00+09:00,2235.0,2235.0,2115.0,2225.0,1653,0.0,0.0
2024-08-05 13:53:00+09:00,2220.0,2220.0,2220.0,2220.0,269,0.0,0.0
2024-08-05 13:54:00+09:00,2175.0,2205.0,2175.0,2205.0,752,0.0,0.0
2024-08-05 14:26:00+09:00,2175.0,2175.0,2175.0,2175.0,2738,0.0,0.0
2024-08-05 14:27:00+09:00,2170.0,2170.0,2160.0,2160.0,1043,0.0,0.0
2024-08-05 14:28:00+09:00,2180.0,2185.0,2180.0,2185.0,0,0.0,0.0
2024-08-05 14:29:00+09:00,2175.0,2175.0,2175.0,2175.0,106,0.0,0.0
2024-08-05 14:30:00+09:00,2175.0,2175.0,2175.0,2175.0,105,0.0,0.0
2024-08-05 14:31:00+09:00,2150.0,2150.0,2150.0,2150.0,0,0.0,0.0
2024-08-05 14:32:00+09:00,2150.0,2150.0,2120.0,2120.0,4077,0.0,0.0
2024-08-05 14:33:00+09:00,2155.0,2155.0,2155.0,2155.0,0,0.0,0.0
2024-08-05 14:34:00+09:00,2125.0,2150.0,2110.0,2150.0,1882,0.0,0.0
2024-08-05 14:35:00+09:00,2155.0,2155.0,2120.0,2120.0,1292,0.0,0.0
2024-08-05 14:36:00+09:00,2120.0,2120.0,2110.0,2110.0,7099,0.0,0.0
2024-08-05 14:37:00+09:00,2115.0,2150.0,2115.0,2120.0,0,0.0,0.0
2024-08-05 14:38:00+09:00,2150.0,2150.0,2150.0,2150.0,0,0.0,0.0
2024-08-05 14:40:00+09:00,2135.0,2140.0,2135.0,2140.0,451,0.0,0.0
2024-08-05 14:41:00+09:00,2140.0,2140.0,2125.0,2140.0,622,0.0,0.0
2024-08-05 14:42:00+09:00,2140.0,2140.0,2140.0,2140.0,171,0.0,0.0
2024-08-05 14:43:00+09:00,2170.0,2170.0,2170.0,2170.0,0,0.0,0.0
2024-08-05 14:45:00+09:00,2130.0,2130.0,2125.0,2130.0,1168,0.0,0.0
2024-08-05 14:46:00+09:00,2130.0,2150.0,2130.0,2150.0,7573,0.0,0.0
2024-08-05 14:48:00+09:00,2140.0,2140.0,2130.0,2130.0,812,0.0,0.0
2024-08-05 14:49:00+09:00,2130.0,2130.0,2125.0,2125.0,639,0.0,0.0
2024-08-05 14:50:00+09:00,2125.0,2125.0,2105.0,2105.0,9660,0.0,0.0
2024-08-05 14:51:00+09:00,2105.0,2105.0,2090.0,2100.0,3895,0.0,0.0
2024-08-05 14:52:00+09:00,2090.0,2105.0,2025.0,2090.0,603,0.0,0.0
2024-08-05 14:53:00+09:00,2090.0,2090.0,2030.0,2030.0,600,0.0,0.0
2024-08-05 14:54:00+09:00,2025.0,2075.0,2000.0,2075.0,2314,0.0,0.0
2024-08-05 14:55:00+09:00,2005.0,2005.0,2000.0,2000.0,2150,0.0,0.0
2024-08-05 14:56:00+09:00,2000.0,2000.0,2000.0,2000.0,264,0.0,0.0
2024-08-05 14:57:00+09:00,2010.0,2010.0,2010.0,2010.0,118,0.0,0.0
2024-08-05 14:58:00+09:00,2010.0,2075.0,2000.0,2075.0,6029,0.0,0.0
2024-08-05 14:59:00+09:00,2050.0,2080.0,2050.0,2080.0,2310,0.0,0.0
2024-08-06 09:00:00+09:00,2200.0,2200.0,2200.0,2200.0,8048,0.0,0.0
2024-08-06 09:01:00+09:00,2200.0,2200.0,2195.0,2200.0,0,0.0,0.0
2024-08-06 09:02:00+09:00,2190.0,2190.0,2190.0,2190.0,161,0.0,0.0
2024-08-06 09:03:00+09:00,2190.0,2190.0,2190.0,2190.0,131,0.0,0.0
2024-08-06 09:04:00+09:00,2160.0,2200.0,2160.0,2180.0,1796,0.0,0.0
2024-08-06 09:05:00+09:00,2180.0,2185.0,2180.0,2180.0,96,0.0,0.0
2024-08-06 09:06:00+09:00,2180.0,2180.0,2180.0,2180.0,1506,0.0,0.0
2024-08-06 09:07:00+09:00,2180.0,2180.0,2180.0,2180.0,1036,0.0,0.0
2024-08-06 09:08:00+09:00,2175.0,2175.0,2160.0,2160.0,2095,0.0,0.0
2024-08-06 09:09:00+09:00,2155.0,2155.0,2110.0,2115.0,2252,0.0,0.0
2024-08-06 09:10:00+09:00,2115.0,2115.0,2115.0,2115.0,370,0.0,0.0
2024-08-06 09:11:00+09:00,2115.0,2160.0,2115.0,2160.0,1075,0.0,0.0
2024-08-06 09:12:00+09:00,2180.0,2195.0,2180.0,2195.0,0,0.0,0.0
2024-08-06 09:13:00+09:00,2195.0,2195.0,2195.0,2195.0,959,0.0,0.0
2024-08-06 09:14:00+09:00,2170.0,2170.0,2150.0,2160.0,621,0.0,0.0
2024-08-06 09:15:00+09:00,2200.0,2200.0,2160.0,2200.0,453,0.0,0.0
2024-08-06 09:16:00+09:00,2160.0,2160.0,2160.0,2160.0,147,0.0,0.0
2024-08-06 09:17:00+09:00,2160.0,2165.0,2160.0,2165.0,270,0.0,0.0
2024-08-06 09:18:00+09:00,2180.0,2195.0,2180.0,2195.0,2402,0.0,0.0
2024-08-06 09:19:00+09:00,2190.0,2200.0,2150.0,2200.0,1583,0.0,0.0
2024-08-06 09:20:00+09:00,2205.0,2205.0,2205.0,2205.0,1156,0.0,0.0
2024-08-06 09:21:00+09:00,2205.0,2215.0,2205.0,2215.0,32,0.0,0.0
2024-08-06 09:22:00+09:00,2210.0,2210.0,2185.0,2185.0,251,0.0,0.0
2024-08-06 09:23:00+09:00,2195.0,2195.0,2195.0,2195.0,176,0.0,0.0
2024-08-06 09:24:00+09:00,2205.0,2205.0,2190.0,2190.0,350,0.0,0.0
2024-08-06 09:25:00+09:00,2190.0,2200.0,2190.0,2190.0,754,0.0,0.0
2024-08-06 09:26:00+09:00,2195.0,2195.0,2190.0,2190.0,195,0.0,0.0
2024-08-06 09:27:00+09:00,2195.0,2195.0,2195.0,2195.0,0,0.0,0.0
2024-08-06 09:28:00+09:00,2200.0,2200.0,2200.0,2200.0,133,0.0,0.0
2024-08-06 09:29:00+09:00,2200.0,2205.0,2200.0,2205.0,0,0.0,0.0
2024-08-06 09:30:00+09:00,2205.0,2205.0,2205.0,2205.0,592,0.0,0.0
2024-08-06 09:32:00+09:00,2205.0,2210.0,2205.0,2210.0,53,0.0,0.0
2024-08-06 09:33:00+09:00,2210.0,2210.0,2210.0,2210.0,432,0.0,0.0
2024-08-06 09:34:00+09:00,2215.0,2235.0,2215.0,2235.0,1247,0.0,0.0
2024-08-06 09:35:00+09:00,2235.0,2240.0,2235.0,2235.0,299,0.0,0.0
2024-08-06 09:36:00+09:00,2235.0,2235.0,2230.0,2235.0,87,0.0,0.0
2024-08-06 09:37:00+09:00,2225.0,2225.0,2200.0,2200.0,423,0.0,0.0
2024-08-06 09:38:00+09:00,2200.0,2200.0,2200.0,2200.0,18,0.0,0.0
2024-08-06 09:39:00+09:00,2200.0,2210.0,2200.0,2210.0,77,0.0,0.0
2024-08-06 09:41:00+09:00,2210.0,2210.0,2210.0,2210.0,148,0.0,0.0
2024-08-06 09:42:00+09:00,2220.0,2220.0,2220.0,2220.0,0,0.0,0.0
2024-08-06 09:43:00+09:00,2220.0,2220.0,2205.0,2205.0,382,0.0,0.0
2024-08-06 09:44:00+09:00,2205.0,2205.0,2200.0,2200.0,0,0.0,0.0
2024-08-06 09:45:00+09:00,2210.0,2210.0,2210.0,2210.0,470,0.0,0.0
2024-08-06 09:47:00+09:00,2225.0,2225.0,2225.0,2225.0,0,0.0,0.0
2024-08-06 09:48:00+09:00,2210.0,2210.0,2210.0,2210.0,132,0.0,0.0
2024-08-06 09:49:00+09:00,2225.0,2225.0,2225.0,2225.0,0,0.0,0.0
2024-08-06 09:50:00+09:00,2225.0,2225.0,2225.0,2225.0,99,0.0,0.0
2024-08-06 09:53:00+09:00,2200.0,2200.0,2200.0,2200.0,0,0.0,0.0
2024-08-06 09:54:00+09:00,2200.0,2220.0,2200.0,2220.0,131,0.0,0.0
2024-08-06 09:55:00+09:00,2220.0,2220.0,2220.0,2220.0,457,0.0,0.0
2024-08-06 09:56:00+09:00,2220.0,2225.0,2220.0,2225.0,3210,0.0,0.0
2024-08-06 09:57:00+09:00,2230.0,2235.0,2230.0,2235.0,1442,0.0,0.0
2024-08-06 09:58:00+09:00,2235.0,2235.0,2235.0,2235.0,3,0.0,0.0
2024-08-06 09:59:00+09:00,2235.0,2235.0,2235.0,2235.0,96,0.0,0.0
2024-08-06 10:00:00+09:00,2235.0,2240.0,2235.0,2240.0,700,0.0,0.0
2024-08-06 10:01:00+09:00,2240.0,2240.0,2240.0,2240.0,35,0.0,0.0
2024-08-06 10:02:00+09:00,2240.0,2240.0,2240.0,2240.0,552,0.0,0.0
2024-08-06 10:03:00+09:00,2240.0,2240.0,2240.0,2240.0,718,0.0,0.0
2024-08-06 10:04:00+09:00,2245.0,2250.0,2245.0,2250.0,2801,0.0,0.0
2024-08-06 10:05:00+09:00,2260.0,2260.0,2260.0,2260.0,588,0.0,0.0
2024-08-06 10:06:00+09:00,2250.0,2260.0,2250.0,2260.0,94,0.0,0.0
2024-08-06 10:07:00+09:00,2250.0,2265.0,2250.0,2265.0,526,0.0,0.0
2024-08-06 10:08:00+09:00,2250.0,2250.0,2245.0,2245.0,983,0.0,0.0
2024-08-06 10:09:00+09:00,2240.0,2240.0,2235.0,2235.0,837,0.0,0.0
2024-08-06 10:13:00+09:00,2240.0,2240.0,2240.0,2240.0,0,0.0,0.0
2024-08-06 10:14:00+09:00,2240.0,2240.0,2230.0,2230.0,239,0.0,0.0
2024-08-06 10:15:00+09:00,2230.0,2230.0,2225.0,2225.0,1017,0.0,0.0
2024-08-06 10:16:00+09:00,2230.0,2230.0,2220.0,2220.0,628,0.0,0.0
2024-08-06 10:18:00+09:00,2230.0,2230.0,2230.0,2230.0,0,0.0,0.0
2024-08-06 10:19:00+09:00,2225.0,2225.0,2225.0,2225.0,123,0.0,0.0
2024-08-06 10:20:00+09:00,2230.0,2230.0,2220.0,2230.0,9,0.0,0.0
2024-08-06 10:21:00+09:00,2230.0,2230.0,2220.0,2220.0,1084,0.0,0.0
2024-08-06 10:22:00+09:00,2220.0,2220.0,2215.0,2220.0,1093,0.0,0.0
2024-08-06 10:25:00+09:00,2220.0,2220.0,2210.0,2210.0,1005,0.0,0.0
2024-08-06 10:26:00+09:00,2210.0,2210.0,2210.0,2210.0,0,0.0,0.0
2024-08-06 10:28:00+09:00,2210.0,2215.0,2205.0,2205.0,471,0.0,0.0
2024-08-06 10:29:00+09:00,2210.0,2210.0,2200.0,2200.0,709,0.0,0.0
2024-08-06 10:30:00+09:00,2195.0,2200.0,2195.0,2200.0,872,0.0,0.0
2024-08-06 10:31:00+09:00,2200.0,2200.0,2200.0,2200.0,2702,0.0,0.0
2024-08-06 10:36:00+09:00,2195.0,2195.0,2195.0,2195.0,0,0.0,0.0
2024-08-06 10:38:00+09:00,2195.0,2195.0,2195.0,2195.0,65,0.0,0.0
2024-08-06 10:39:00+09:00,2190.0,2190.0,2180.0,2180.0,1785,0.0,0.0
2024-08-06 10:40:00+09:00,2180.0,2180.0,2180.0,2180.0,3,0.0,0.0
2024-08-06 10:41:00+09:00,2160.0,2160.0,2155.0,2155.0,3848,0.0,0.0
2024-08-06 10:42:00+09:00,2165.0,2165.0,2165.0,2165.0,0,0.0,0.0
2024-08-06 10:43:00+09:00,2150.0,2150.0,2130.0,2150.0,445,0.0,0.0
2024-08-06 10:44:00+09:00,2150.0,2165.0,2150.0,2165.0,2009,0.0,0.0
2024-08-06 10:45:00+09:00,2165.0,2165.0,2165.0,2165.0,233,0.0,0.0
2024-08-06 10:46:00+09:00,2160.0,2160.0,2160.0,2160.0,113,0.0,0.0
2024-08-06 10:49:00+09:00,2180.0,2185.0,2165.0,2165.0,1204,0.0,0.0
2024-08-06 10:52:00+09:00,2165.0,2165.0,2165.0,2165.0,0,0.0,0.0
2024-08-06 10:56:00+09:00,2165.0,2165.0,2165.0,2165.0,200,0.0,0.0
2024-08-06 10:59:00+09:00,2180.0,2180.0,2180.0,2180.0,0,0.0,0.0
2024-08-06 11:03:00+09:00,2175.0,2180.0,2165.0,2165.0,324,0.0,0.0
2024-08-06 11:04:00+09:00,2165.0,2180.0,2165.0,2180.0,0,0.0,0.0
2024-08-06 11:07:00+09:00,2175.0,2175.0,2165.0,2165.0,51,0.0,0.0
2024-08-06 11:08:00+09:00,2165.0,2165.0,2165.0,2165.0,1426,0.0,0.0
2024-08-06 11:09:00+09:00,2160.0,2160.0,2160.0,2160.0,0,0.0,0.0
2024-08-06 11:10:00+09:00,2160.0,2160.0,2160.0,2160.0,1,0.0,0.0
2024-08-06 11:11:00+09:00,2160.0,2160.0,2160.0,2160.0,155,0.0,0.0
2024-08-06 11:13:00+09:00,2160.0,2160.0,2160.0,2160.0,15,0.0,0.0
2024-08-06 11:15:00+09:00,2180.0,2180.0,2180.0,2180.0,0,0.0,0.0
2024-08-06 11:18:00+09:00,2180.0,2185.0,2180.0,2185.0,1187,0.0,0.0
2024-08-06 11:19:00+09:00,2185.0,2185.0,2185.0,2185.0,1,0.0,0.0
2024-08-06 11:21:00+09:00,2185.0,2185.0,2185.0,2185.0,3,0.0,0.0
2024-08-06 11:22:00+09:00,2185.0,2185.0,2180.0,2180.0,572,0.0,0.0
2024-08-06 11:25:00+09:00,2180.0,2180.0,2180.0,2180.0,56,0.0,0.0
2024-08-06 11:29:00+09:00,2185.0,2185.0,2185.0,2185.0,764,0.0,0.0
2024-08-06 11:31:00+09:00,2185.0,2185.0,2185.0,2185.0,0,0.0,0.0
2024-08-06 11:33:00+09:00,2185.0,2185.0,2185.0,2185.0,0,0.0,0.0
2024-08-06 11:35:00+09:00,2180.0,2180.0,2160.0,2160.0,1283,0.0,0.0
2024-08-06 11:36:00+09:00,2160.0,2160.0,2150.0,2150.0,28,0.0,0.0
2024-08-06 11:37:00+09:00,2150.0,2160.0,2150.0,2160.0,337,0.0,0.0
2024-08-06 11:38:00+09:00,2165.0,2165.0,2165.0,2165.0,43,0.0,0.0
2024-08-06 11:39:00+09:00,2180.0,2180.0,2180.0,2180.0,3,0.0,0.0
2024-08-06 11:40:00+09:00,2180.0,2180.0,2180.0,2180.0,40,0.0,0.0
2024-08-06 11:48:00+09:00,2165.0,2180.0,2165.0,2180.0,2,0.0,0.0
2024-08-06 11:49:00+09:00,2180.0,2180.0,2180.0,2180.0,1,0.0,0.0
2024-08-06 11:50:00+09:00,2180.0,2180.0,2180.0,2180.0,147,0.0,0.0
2024-08-06 11:54:00+09:00,2180.0,2180.0,2180.0,2180.0,0,0.0,0.0
2024-08-06 11:56:00+09:00,2180.0,2180.0,2180.0,2180.0,172,0.0,0.0
2024-08-06 11:57:00+09:00,2180.0,2180.0,2180.0,2180.0,608,0.0,0.0
2024-08-06 11:58:00+09:00,2185.0,2185.0,2185.0,2185.0,0,0.0,0.0
2024-08-06 12:00:00+09:00,2180.0,2180.0,2180.0,2180.0,989,0.0,0.0
2024-08-06 12:01:00+09:00,2185.0,2190.0,2185.0,2190.0,264,0.0,0.0
2024-08-06 12:03:00+09:00,2190.0,2190.0,2190.0,2190.0,0,0.0,0.0
2024-08-06 12:06:00+09:00,2190.0,2190.0,2170.0,2170.0,4,0.0,0.0
2024-08-06 12:07:00+09:00,2170.0,2170.0,2170.0,2170.0,4,0.0,0.0
2024-08-06 12:08:00+09:00,2170.0,2190.0,2170.0,2190.0,510,0.0,0.0
2024-08-06 12:10:00+09:00,2190.0,2190.0,2190.0,2190.0,133,0.0,0.0
2024-08-06 12:14:00+09:00,2190.0,2190.0,2190.0,2190.0,459,0.0,0.0
2024-08-06 12:18:00+09:00,2190.0,2220.0,2190.0,2220.0,11625,0.0,0.0
2024-08-06 12:20:00+09:00,2220.0,2220.0,2220.0,2220.0,1366,0.0,0.0
2024-08-06 12:21:00+09:00,2220.0,2220.0,2220.0,2220.0,50,0.0,0.0
2024-08-06 12:24:00+09:00,2220.0,2220.0,2220.0,2220.0,1184,0.0,0.0
2024-08-06 12:27:00+09:00,2205.0,2205.0,2190.0,2190.0,0,0.0,0.0
2024-08-06 12:28:00+09:00,2210.0,2210.0,2195.0,2195.0,35,0.0,0.0
2024-08-06 12:29:00+09:00,2195.0,2195.0,2195.0,2195.0,387,0.0,0.0
2024-08-06 12:31:00+09:00,2215.0,2215.0,2215.0,2215.0,0,0.0,0.0
2024-08-06 12:35:00+09:00,2215.0,2215.0,2215.0,2215.0,1,0.0,0.0
2024-08-06 12:45:00+09:00,2210.0,2210.0,2210.0,2210.0,5,0.0,0.0
2024-08-06 12:46:00+09:00,2195.0,2195.0,2195.0,2195.0,197,0.0,0.0
2024-08-06 12:47:00+09:00,2210.0,2210.0,2210.0,2210.0,100,0.0,0.0
2024-08-06 12:48:00+09:00,2195.0,2195.0,2195.0,2195.0,100,0.0,0.0
2024-08-06 12:51:00+09:00,2210.0,2210.0,2210.0,2210.0,1354,0.0,0.0
2024-08-06 12:55:00+09:00,2215.0,2215.0,2215.0,2215.0,0,0.0,0.0
2024-08-06 12:57:00+09:00,2215.0,2215.0,2215.0,2215.0,9,0.0,0.0
2024-08-06 13:02:00+09:00,2215.0,2215.0,2215.0,2215.0,0,0.0,0.0
2024-08-06 13:07:00+09:00,2200.0,2200.0,2200.0,2200.0,27,0.0,0.0
2024-08-06 13:09:00+09:00,2215.0,2215.0,2215.0,2215.0,200,0.0,0.0
2024-08-06 13:10:00+09:00,2215.0,2215.0,2215.0,2215.0,0,0.0,0.0
2024-08-06 13:12:00+09:00,2200.0,2200.0,2200.0,2200.0,6,0.0,0.0
2024-08-06 13:13:00+09:00,2200.0,2200.0,2200.0,2200.0,196,0.0,0.0
2024-08-06 13:15:00+09:00,2200.0,2200.0,2200.0,2200.0,0,0.0,0.0
2024-08-06 13:21:00+09:00,2205.0,2205.0,2205.0,2205.0,90,0.0,0.0
2024-08-06 13:22:00+09:00,2215.0,2215.0,2215.0,2215.0,1,0.0,0.0
2024-08-06 13:24:00+09:00,2215.0,2215.0,2215.0,2215.0,200,0.0,0.0
2024-08-06 13:28:00+09:00,2210.0,2210.0,2210.0,2210.0,300,0.0,0.0
2024-08-06 13:29:00+09:00,2205.0,2205.0,2205.0,2205.0,384,0.0,0.0
2024-08-06 13:33:00+09:00,2200.0,2200.0,2195.0,2195.0,1019,0.0,0.0
2024-08-06 13:36:00+09:00,2190.0,2190.0,2190.0,2190.0,106,0.0,0.0
2024-08-06 13:37:00+09:00,2185.0,2185.0,2185.0,2185.0,143,0.0,0.0
2024-08-06 13:38:00+09:00,2195.0,2195.0,2195.0,2195.0,2,0.0,0.0
2024-08-06 13:40:00+09:00,2195.0,2195.0,2195.0,2195.0,19,0.0,0.0
2024-08-06 13:49:00+09:00,2180.0,2195.0,2180.0,2195.0,51,0.0,0.0
2024-08-06 13:52:00+09:00,2180.0,2180.0,2180.0,2180.0,100,0.0,0.0
2024-08-06 13:53:00+09:00,2180.0,2180.0,2170.0,2170.0,134,0.0,0.0
2024-08-06 13:55:00+09:00,2170.0,2170.0,2170.0,2170.0,705,0.0,0.0
2024-08-06 13:58:00+09:00,2170.0,2170.0,2170.0,2170.0,36,0.0,0.0
2024-08-06 13:59:00+09:00,2165.0,2165.0,2165.0,2165.0,0,0.0,0.0
2024-08-06 14:01:00+09:00,2165.0,2165.0,2150.0,2150.0,87381,0.0,0.0
2024-08-06 14:05:00+09:00,2155.0,2155.0,2145.0,2145.0,1096,0.0,0.0
2024-08-06 14:06:00+09:00,2170.0,2170.0,2170.0,2170.0,0,0.0,0.0
2024-08-06 14:07:00+09:00,2145.0,2145.0,2145.0,2145.0,50,0.0,0.0
2024-08-06 14:08:00+09:00,2160.0,2165.0,2160.0,2165.0,102,0.0,0.0
2024-08-06 14:10:00+09:00,2165.0,2165.0,2165.0,2165.0,1275,0.0,0.0
2024-08-06 14:12:00+09:00,2165.0,2165.0,2165.0,2165.0,0,0.0,0.0
2024-08-06 14:15:00+09:00,2175.0,2175.0,2175.0,2175.0,581,0.0,0.0
2024-08-06 14:16:00+09:00,2180.0,2180.0,2180.0,2180.0,0,0.0,0.0
2024-08-06 14:21:00+09:00,2175.0,2180.0,2175.0,2180.0,56,0.0,0.0
2024-08-06 14:25:00+09:00,2185.0,2185.0,2185.0,2185.0,8,0.0,0.0
2024-08-06 14:26:00+09:00,2190.0,2195.0,2190.0,2195.0,669,0.0,0.0
2024-08-06 14:27:00+09:00,2200.0,2200.0,2200.0,2200.0,21,0.0,0.0
2024-08-06 14:28:00+09:00,2205.0,2205.0,2205.0,2205.0,0,0.0,0.0
2024-08-06 14:29:00+09:00,2200.0,2200.0,2200.0,2200.0,198,0.0,0.0
2024-08-06 14:30:00+09:00,2205.0,2205.0,2205.0,2205.0,272,0.0,0.0
2024-08-06 14:31:00+09:00,2205.0,2205.0,2205.0,2205.0,0,0.0,0.0
2024-08-06 14:33:00+09:00,2205.0,2205.0,2205.0,2205.0,1,0.0,0.0
2024-08-06 14:34:00+09:00,2205.0,2215.0,2205.0,2215.0,0,0.0,0.0
2024-08-06 14:39:00+09:00,2215.0,2220.0,2215.0,2220.0,2840,0.0,0.0
2024-08-06 14:40:00+09:00,2205.0,2205.0,2205.0,2205.0,92,0.0,0.0
2024-08-06 14:44:00+09:00,2210.0,2210.0,2210.0,2210.0,110,0.0,0.0
2024-08-06 14:48:00+09:00,2225.0,2225.0,2225.0,2225.0,0,0.0,0.0
2024-08-06 14:52:00+09:00,2220.0,2225.0,2220.0,2220.0,923,0.0,0.0
2024-08-06 14:53:00+09:00,2225.0,2225.0,2225.0,2225.0,1,0.0,0.0
2024-08-06 14:56:00+09:00,2220.0,2220.0,2220.0,2220.0,99,0.0,0.0
2024-08-07 09:00:00+09:00,2205.0,2245.0,2205.0,2225.0,8723,0.0,0.0
2024-08-07 09:01:00+09:00,2315.0,2315.0,2315.0,2315.0,1,0.0,0.0
2024-08-07 09:02:00+09:00,2300.0,2300.0,2300.0,2300.0,1,0.0,0.0
2024-08-07 09:03:00+09:00,2295.0,2295.0,2295.0,2295.0,193,0.0,0.0
2024-08-07 09:06:00+09:00,2230.0,2245.0,2205.0,2245.0,1233,0.0,0.0
2024-08-07 09:07:00+09:00,2240.0,2240.0,2240.0,2240.0,210,0.0,0.0
2024-08-07 09:08:00+09:00,2215.0,2240.0,2120.0,2160.0,3035,0.0,0.0
2024-08-07 09:09:00+09:00,2210.0,2210.0,2210.0,2210.0,2,0.0,0.0
2024-08-07 09:10:00+09:00,2210.0,2210.0,2210.0,2210.0,45,0.0,0.0
2024-08-07 09:11:00+09:00,2210.0,2210.0,2210.0,2210.0,10,0.0,0.0
2024-08-07 09:12:00+09:00,2210.0,2225.0,2210.0,2225.0,1872,0.0,0.0
2024-08-07 09:13:00+09:00,2225.0,2230.0,2215.0,2215.0,1656,0.0,0.0
2024-08-07 09:14:00+09:00,2240.0,2240.0,2225.0,2225.0,0,0.0,0.0
2024-08-07 09:16:00+09:00,2220.0,2225.0,2200.0,2225.0,3452,0.0,0.0
2024-08-07 09:17:00+09:00,2215.0,2225.0,2215.0,2225.0,0,0.0,0.0
2024-08-07 09:18:00+09:00,2225.0,2225.0,2225.0,2225.0,99,0.0,0.0
2024-08-07 09:22:00+09:00,2215.0,2240.0,2215.0,2240.0,1119,0.0,0.0
2024-08-07 09:27:00+09:00,2230.0,2230.0,2220.0,2225.0,31,0.0,0.0
2024-08-07 09:28:00+09:00,2225.0,2230.0,2225.0,2230.0,8,0.0,0.0
2024-08-07 09:30:00+09:00,2230.0,2230.0,2210.0,2210.0,1673,0.0,0.0
2024-08-07 09:31:00+09:00,2235.0,2235.0,2235.0,2235.0,0,0.0,0.0
2024-08-07 09:40:00+09:00,2230.0,2230.0,2230.0,2230.0,48,0.0,0.0
2024-08-07 09:41:00+09:00,2215.0,2215.0,2215.0,2215.0,0,0.0,0.0
2024-08-07 09:43:00+09:00,2235.0,2235.0,2235.0,2235.0,0,0.0,0.0
2024-08-07 09:46:00+09:00,2235.0,2235.0,2220.0,2220.0,22225,0.0,0.0
2024-08-07 09:47:00+09:00,2215.0,2215.0,2215.0,2215.0,25,0.0,0.0
2024-08-07 09:48:00+09:00,2220.0,2220.0,2220.0,2220.0,0,0.0,0.0
2024-08-07 09:49:00+09:00,2230.0,2235.0,2230.0,2235.0,1,0.0,0.0
2024-08-07 09:51:00+09:00,2235.0,2235.0,2235.0,2235.0,737,0.0,0.0
2024-08-07 09:52:00+09:00,2240.0,2240.0,2240.0,2240.0,1,0.0,0.0
2024-08-07 09:53:00+09:00,2235.0,2235.0,2230.0,2230.0,625,0.0,0.0
2024-08-07 09:54:00+09:00,2240.0,2240.0,2240.0,2240.0,0,0.0,0.0
2024-08-07 09:55:00+09:00,2240.0,2240.0,2220.0,2240.0,704,0.0,0.0
2024-08-07 09:56:00+09:00,2240.0,2240.0,2240.0,2240.0,6,0.0,0.0
2024-08-07 09:57:00+09:00,2240.0,2240.0,2225.0,2225.0,0,0.0,0.0
2024-08-07 09:58:00+09:00,2235.0,2235.0,2235.0,2235.0,52,0.0,0.0
2024-08-07 09:59:00+09:00,2235.0,2235.0,2235.0,2235.0,80,0.0,0.0
2024-08-07 10:01:00+09:00,2220.0,2220.0,2220.0,2220.0,543,0.0,0.0
2024-08-07 10:02:00+09:00,2215.0,2215.0,2215.0,2215.0,247,0.0,0.0
2024-08-07 10:03:00+09:00,2210.0,2210.0,2210.0,2210.0,296,0.0,0.0
2024-08-07 10:04:00+09:00,2215.0,2215.0,2210.0,2215.0,520,0.0,0.0
2024-08-07 10:05:00+09:00,2215.0,2230.0,2205.0,2230.0,44,0.0,0.0
2024-08-07 10:06:00+09:00,2220.0,2220.0,2220.0,2220.0,11,0.0,0.0
2024-08-07 10:09:00+09:00,2220.0,2220.0,2220.0,2220.0,512,0.0,0.0
2024-08-07 10:10:00+09:00,2220.0,2220.0,2220.0,2220.0,991,0.0,0.0
2024-08-07 10:11:00+09:00,2220.0,2225.0,2220.0,2225.0,0,0.0,0.0
2024-08-07 10:12:00+09:00,2225.0,2225.0,2225.0,2225.0,129,0.0,0.0
2024-08-07 10:13:00+09:00,2225.0,2225.0,2225.0,2225.0,268,0.0,0.0
2024-08-07 10:14:00+09:00,2225.0,2225.0,2225.0,2225.0,51,0.0,0.0
2024-08-07 10:18:00+09:00,2225.0,2230.0,2225.0,2230.0,0,0.0,0.0
2024-08-07 10:19:00+09:00,2225.0,2230.0,2225.0,2230.0,473,0.0,0.0
2024-08-07 10:21:00+09:00,2230.0,2230.0,2215.0,2215.0,404,0.0,0.0
2024-08-07 10:24:00+09:00,2220.0,2220.0,2220.0,2220.0,3,0.0,0.0
2024-08-07 10:27:00+09:00,2225.0,2225.0,2225.0,2225.0,5,0.0,0.0
2024-08-07 10:29:00+09:00,2225.0,2225.0,2225.0,2225.0,596,0.0,0.0
2024-08-07 10:31:00+09:00,2235.0,2235.0,2235.0,2235.0,0,0.0,0.0
2024-08-07 10:37:00+09:00,2235.0,2235.0,2235.0,2235.0,2,0.0,0.0
2024-08-07 10:38:00+09:00,2220.0,2220.0,2220.0,2220.0,1,0.0,0.0
2024-08-07 10:39:00+09:00,2235.0,2235.0,2235.0,2235.0,654,0.0,0.0
2024-08-07 10:41:00+09:00,2240.0,2250.0,2240.0,2250.0,189,0.0,0.0
2024-08-07 10:42:00+09:00,2240.0,2240.0,2235.0,2235.0,1213,0.0,0.0
2024-08-07 10:43:00+09:00,2235.0,2235.0,2235.0,2235.0,67,0.0,0.0
2024-08-07 10:46:00+09:00,2250.0,2250.0,2250.0,2250.0,0,0.0,0.0
2024-08-07 10:50:00+09:00,2245.0,2245.0,2245.0,2245.0,45,0.0,0.0
2024-08-07 10:53:00+09:00,2245.0,2250.0,2245.0,2250.0,575,0.0,0.0
2024-08-07 10:57:00+09:00,2255.0,2255.0,2245.0,2245.0,123,0.0,0.0
2024-08-07 10:58:00+09:00,2255.0,2255.0,2255.0,2255.0,39,0.0,0.0
2024-08-07 10:59:00+09:00,2255.0,2255.0,2255.0,2255.0,0,0.0,0.0
2024-08-07 11:01:00+09:00,2250.0,2250.0,2245.0,2245.0,88,0.0,0.0
2024-08-07 11:02:00+09:00,2245.0,2245.0,2240.0,2240.0,605,0.0,0.0
2024-08-07 11:04:00+09:00,2235.0,2240.0,2235.0,2240.0,20,0.0,0.0
2024-08-07 11:10:00+09:00,2240.0,2240.0,2240.0,2240.0,0,0.0,0.0
2024-08-07 11:11:00+09:00,2250.0,2250.0,2250.0,2250.0,1,0.0,0.0
2024-08-07 11:12:00+09:00,2250.0,2250.0,2250.0,2250.0,1,0.0,0.0
2024-08-07 11:13:00+09:00,2250.0,2250.0,2240.0,2240.0,1835,0.0,0.0
2024-08-07 11:14:00+09:00,2250.0,2255.0,2250.0,2255.0,741,0.0,0.0
2024-08-07 11:15:00+09:00,2260.0,2260.0,2260.0,2260.0,440,0.0,0.0
2024-08-07 11:16:00+09:00,2265.0,2265.0,2265.0,2265.0,0,0.0,0.0
2024-08-07 11:19:00+09:00,2265.0,2265.0,2265.0,2265.0,3,0.0,0.0
2024-08-07 11:24:00+09:00,2265.0,2265.0,2265.0,2265.0,120,0.0,0.0
2024-08-07 11:25:00+09:00,2270.0,2270.0,2265.0,2265.0,1883,0.0,0.0
2024-08-07 11:26:00+09:00,2270.0,2275.0,2270.0,2275.0,0,0.0,0.0
2024-08-07 11:29:00+09:00,2275.0,2275.0,2275.0,2275.0,5,0.0,0.0
2024-08-07 11:32:00+09:00,2275.0,2275.0,2275.0,2275.0,0,0.0,0.0
2024-08-07 11:33:00+09:00,2275.0,2275.0,2275.0,2275.0,212,0.0,0.0
2024-08-07 11:34:00+09:00,2255.0,2255.0,2255.0,2255.0,0,0.0,0.0
2024-08-07 11:35:00+09:00,2255.0,2255.0,2255.0,2255.0,682,0.0,0.0
2024-08-07 11:39:00+09:00,2270.0,2270.0,2270.0,2270.0,0,0.0,0.0
2024-08-07 11:41:00+09:00,2250.0,2250.0,2250.0,2250.0,1,0.0,0.0
2024-08-07 11:42:00+09:00,2260.0,2260.0,2250.0,2250.0,1979,0.0,0.0
2024-08-07 11:45:00+09:00,2270.0,2270.0,2270.0,2270.0,0,0.0,0.0
2024-08-07 11:49:00+09:00,2270.0,2270.0,2250.0,2250.0,46,0.0,0.0
2024-08-07 11:53:00+09:00,2250.0,2250.0,2250.0,2250.0,0,0.0,0.0
2024-08-07 11:58:00+09:00,2255.0,2255.0,2240.0,2240.0,3935,0.0,0.0
2024-08-07 12:01:00+09:00,2270.0,2270.0,2270.0,2270.0,0,0.0,0.0
2024-08-07 12:04:00+09:00,2270.0,2270.0,2270.0,2270.0,399,0.0,0.0
2024-08-07 12:06:00+09:00,2270.0,2270.0,2270.0,2270.0,0,0.0,0.0
2024-08-07 12:07:00+09:00,2270.0,2275.0,2270.0,2275.0,100,0.0,0.0
2024-08-07 12:08:00+09:00,2275.0,2275.0,2275.0,2275.0,200,0.0,0.0
2024-08-07 12:14:00+09:00,2245.0,2245.0,2245.0,2245.0,0,0.0,0.0
2024-08-07 12:15:00+09:00,2265.0,2265.0,2265.0,2265.0,79,0.0,0.0
2024-08-07 12:18:00+09:00,2260.0,2265.0,2260.0,2265.0,0,0.0,0.0
2024-08-07 12:19:00+09:00,2260.0,2265.0,2260.0,2265.0,8,0.0,0.0
2024-08-07 12:23:00+09:00,2250.0,2250.0,2250.0,2250.0,168,0.0,0.0
2024-08-07 12:28:00+09:00,2260.0,2265.0,2260.0,2265.0,0,0.0,0.0
2024-08-07 12:29:00+09:00,2265.0,2265.0,2265.0,2265.0,59,0.0,0.0
2024-08-07 12:35:00+09:00,2265.0,2265.0,2265.0,2265.0,63,0.0,0.0
2024-08-07 12:37:00+09:00,2265.0,2265.0,2265.0,2265.0,1,0.0,0.0
2024-08-07 12:47:00+09:00,2265.0,2265.0,2265.0,2265.0,20,0.0,0.0
2024-08-07 12:49:00+09:00,2265.0,2265.0,2265.0,2265.0,0,0.0,0.0
2024-08-07 13:04:00+09:00,2265.0,2265.0,2260.0,2260.0,27,0.0,0.0
2024-08-07 13:05:00+09:00,2255.0,2260.0,2255.0,2260.0,8,0.0,0.0
2024-08-07 13:17:00+09:00,2265.0,2265.0,2265.0,2265.0,0,0.0,0.0
2024-08-07 13:20:00+09:00,2250.0,2250.0,2245.0,2250.0,464,0.0,0.0
2024-08-07 13:21:00+09:00,2250.0,2250.0,2250.0,2250.0,34,0.0,0.0
2024-08-07 13:23:00+09:00,2250.0,2265.0,2250.0,2265.0,2217,0.0,0.0
2024-08-07 13:24:00+09:00,2245.0,2245.0,2245.0,2245.0,0,0.0,0.0
2024-08-07 13:25:00+09:00,2245.0,2245.0,2245.0,2245.0,1799,0.0,0.0
2024-08-07 13:26:00+09:00,2245.0,2245.0,2240.0,2245.0,2023,0.0,0.0
2024-08-07 13:27:00+09:00,2235.0,2235.0,2235.0,2235.0,0,0.0,0.0
2024-08-07 13:31:00+09:00,2235.0,2235.0,2235.0,2235.0,1493,0.0,0.0
2024-08-07 13:35:00+09:00,2240.0,2240.0,2240.0,2240.0,0,0.0,0.0
2024-08-07 13:37:00+09:00,2240.0,2240.0,2235.0,2235.0,14,0.0,0.0
2024-08-07 13:44:00+09:00,2240.0,2240.0,2240.0,2240.0,246,0.0,0.0
2024-08-07 13:45:00+09:00,2240.0,2240.0,2240.0,2240.0,77,0.0,0.0
2024-08-07 13:46:00+09:00,2240.0,2240.0,2240.0,2240.0,1191,0.0,0.0
2024-08-07 13:49:00+09:00,2240.0,2240.0,2110.0,2110.0,11099,0.0,0.0
2024-08-07 13:52:00+09:00,2245.0,2245.0,2190.0,2225.0,7524,0.0,0.0
2024-08-07 13:53:00+09:00,2225.0,2225.0,2210.0,2210.0,511,0.0,0.0
2024-08-07 13:54:00+09:00,2210.0,2210.0,2210.0,2210.0,0,0.0,0.0
2024-08-07 13:56:00+09:00,2225.0,2225.0,2225.0,2225.0,0,0.0,0.0
2024-08-07 13:58:00+09:00,2210.0,2225.0,2210.0,2225.0,71178,0.0,0.0
2024-08-07 13:59:00+09:00,2225.0,2235.0,2225.0,2235.0,102,0.0,0.0
2024-08-07 14:00:00+09:00,2235.0,2240.0,2235.0,2240.0,2558,0.0,0.0
2024-08-07 14:02:00+09:00,2240.0,2240.0,2240.0,2240.0,0,0.0,0.0
2024-08-07 14:06:00+09:00,2230.0,2230.0,2230.0,2230.0,20,0.0,0.0
2024-08-07 14:07:00+09:00,2220.0,2230.0,2220.0,2230.0,2,0.0,0.0
2024-08-07 14:08:00+09:00,2220.0,2220.0,2220.0,2220.0,290,0.0,0.0
2024-08-07 14:09:00+09:00,2220.0,2220.0,2220.0,2220.0,417,0.0,0.0
2024-08-07 14:11:00+09:00,2230.0,2245.0,2230.0,2230.0,5225,0.0,0.0
2024-08-07 14:16:00+09:00,2245.0,2245.0,2245.0,2245.0,83,0.0,0.0
2024-08-07 14:20:00+09:00,2250.0,2250.0,2230.0,2230.0,1744,0.0,0.0
2024-08-07 14:21:00+09:00,2235.0,2235.0,2235.0,2235.0,0,0.0,0.0
2024-08-07 14:24:00+09:00,2250.0,2250.0,2250.0,2250.0,5,0.0,0.0
2024-08-07 14:26:00+09:00,2235.0,2235.0,2230.0,2230.0,585,0.0,0.0
2024-08-07 14:33:00+09:00,2245.0,2245.0,2245.0,2245.0,0,0.0,0.0
2024-08-07 14:37:00+09:00,2245.0,2245.0,2240.0,2240.0,20,0.0,0.0
2024-08-07 14:39:00+09:00,2230.0,2230.0,2230.0,2230.0,60,0.0,0.0
2024-08-07 14:45:00+09:00,2230.0,2230.0,2230.0,2230.0,848,0.0,0.0
2024-08-07 14:46:00+09:00,2240.0,2240.0,2240.0,2240.0,0,0.0,0.0
2024-08-07 14:52:00+09:00,2235.0,2235.0,2235.0,2235.0,54,0.0,0.0
2024-08-07 14:55:00+09:00,2230.0,2230.0,2225.0,2225.0,836,0.0,0.0
2024-08-07 14:57:00+09:00,2230.0,2230.0,2230.0,2230.0,0,0.0,0.0
2024-08-08 09:00:00+09:00,2225.0,2225.0,2225.0,2225.0,1067,0.0,0.0
2024-08-08 09:03:00+09:00,2175.0,2175.0,2175.0,2175.0,0,0.0,0.0
2024-08-08 09:04:00+09:00,2170.0,2170.0,2170.0,2170.0,410,0.0,0.0
2024-08-08 09:07:00+09:00,2205.0,2225.0,2205.0,2225.0,1,0.0,0.0
2024-08-08 09:08:00+09:00,2200.0,2225.0,2200.0,2225.0,50,0.0,0.0
2024-08-08 09:13:00+09:00,2200.0,2225.0,2200.0,2225.0,958,0.0,0.0
2024-08-08 09:14:00+09:00,2225.0,2225.0,2225.0,2225.0,0,0.0,0.0
2024-08-08 09:17:00+09:00,2200.0,2200.0,2185.0,2185.0,56,0.0,0.0
2024-08-08 09:18:00+09:00,2205.0,2205.0,2205.0,2205.0,0,0.0,0.0
2024-08-08 09:19:00+09:00,2220.0,2220.0,2220.0,2220.0,1,0.0,0.0
2024-08-08 09:21:00+09:00,2220.0,2220.0,2220.0,2220.0,13,0.0,0.0
2024-08-08 09:22:00+09:00,2220.0,2220.0,2220.0,2220.0,3,0.0,0.0
2024-08-08 09:23:00+09:00,2200.0,2200.0,2195.0,2195.0,234,0.0,0.0
2024-08-08 09:24:00+09:00,2195.0,2195.0,2195.0,2195.0,0,0.0,0.0
2024-08-08 09:25:00+09:00,2195.0,2195.0,2195.0,2195.0,9,0.0,0.0
2024-08-08 09:26:00+09:00,2195.0,2195.0,2180.0,2190.0,67,0.0,0.0
2024-08-08 09:29:00+09:00,2180.0,2180.0,2180.0,2180.0,101,0.0,0.0
2024-08-08 09:30:00+09:00,2180.0,2180.0,2180.0,2180.0,211,0.0,0.0
2024-08-08 09:33:00+09:00,2175.0,2175.0,2175.0,2175.0,869,0.0,0.0
2024-08-08 09:34:00+09:00,2175.0,2175.0,2160.0,2160.0,370,0.0,0.0
2024-08-08 09:35:00+09:00,2160.0,2160.0,2160.0,2160.0,141,0.0,0.0
2024-08-08 09:36:00+09:00,2155.0,2180.0,2155.0,2160.0,1042,0.0,0.0
2024-08-08 09:37:00+09:00,2160.0,2160.0,2150.0,2150.0,572,0.0,0.0
2024-08-08 09:38:00+09:00,2160.0,2160.0,2160.0,2160.0,0,0.0,0.0
2024-08-08 09:41:00+09:00,2150.0,2150.0,2150.0,2150.0,247,0.0,0.0
2024-08-08 09:42:00+09:00,2150.0,2150.0,2150.0,2150.0,271,0.0,0.0
2024-08-08 09:43:00+09:00,2165.0,2165.0,2150.0,2150.0,0,0.0,0.0
2024-08-08 09:44:00+09:00,2145.0,2150.0,2140.0,2150.0,672,0.0,0.0
2024-08-08 09:45:00+09:00,2145.0,2145.0,2135.0,2135.0,1539,0.0,0.0
2024-08-08 09:46:00+09:00,2135.0,2135.0,2135.0,2135.0,532,0.0,0.0
2024-08-08 09:47:00+09:00,2130.0,2130.0,2125.0,2125.0,598,0.0,0.0
2024-08-08 09:48:00+09:00,2120.0,2120.0,2110.0,2110.0,2305,0.0,0.0
2024-08-08 09:49:00+09:00,2115.0,2115.0,2115.0,2115.0,389,0.0,0.0
2024-08-08 09:51:00+09:00,2135.0,2135.0,2135.0,2135.0,1908,0.0,0.0
2024-08-08 09:53:00+09:00,2150.0,2150.0,2150.0,2150.0,0,0.0,0.0
2024-08-08 09:54:00+09:00,2150.0,2150.0,2130.0,2150.0,57,0.0,0.0
2024-08-08 09:55:00+09:00,2150.0,2150.0,2150.0,2150.0,99,0.0,0.0
2024-08-08 09:56:00+09:00,2150.0,2170.0,2150.0,2170.0,30,0.0,0.0
2024-08-08 09:57:00+09:00,2170.0,2170.0,2170.0,2170.0,0,0.0,0.0
2024-08-08 09:58:00+09:00,2130.0,2165.0,2130.0,2165.0,13807,0.0,0.0
2024-08-08 10:02:00+09:00,2140.0,2140.0,2140.0,2140.0,231,0.0,0.0
2024-08-08 10:03:00+09:00,2170.0,2170.0,2170.0,2170.0,0,0.0,0.0
2024-08-08 10:04:00+09:00,2170.0,2170.0,2170.0,2170.0,16,0.0,0.0
2024-08-08 10:11:00+09:00,2165.0,2165.0,2165.0,2165.0,0,0.0,0.0
2024-08-08 10:13:00+09:00,2165.0,2165.0,2165.0,2165.0,13,0.0,0.0
2024-08-08 10:14:00+09:00,2165.0,2165.0,2165.0,2165.0,13,0.0,0.0
2024-08-08 10:15:00+09:00,2165.0,2165.0,2165.0,2165.0,344,0.0,0.0
2024-08-08 10:21:00+09:00,2170.0,2170.0,2170.0,2170.0,0,0.0,0.0
2024-08-08 10:23:00+09:00,2170.0,2170.0,2170.0,2170.0,10,0.0,0.0
2024-08-08 10:24:00+09:00,2170.0,2170.0,2170.0,2170.0,28,0.0,0.0
2024-08-08 10:25:00+09:00,2170.0,2170.0,2170.0,2170.0,2327,0.0,0.0
2024-08-08 10:26:00+09:00,2170.0,2170.0,2170.0,2170.0,0,0.0,0.0
2024-08-08 10:27:00+09:00,2195.0,2195.0,2195.0,2195.0,0,0.0,0.0
2024-08-08 10:29:00+09:00,2205.0,2205.0,2205.0,2205.0,2,0.0,0.0
2024-08-08 10:33:00+09:00,2175.0,2175.0,2175.0,2175.0,7,0.0,0.0
2024-08-08 10:34:00+09:00,2175.0,2190.0,2175.0,2175.0,299,0.0,0.0
2024-08-08 10:40:00+09:00,2155.0,2155.0,2155.0,2155.0,13,0.0,0.0
2024-08-08 10:46:00+09:00,2170.0,2170.0,2155.0,2155.0,265,0.0,0.0
2024-08-08 10:50:00+09:00,2155.0,2155.0,2155.0,2155.0,0,0.0,0.0
2024-08-08 10:52:00+09:00,2170.0,2170.0,2170.0,2170.0,0,0.0,0.0
2024-08-08 11:00:00+09:00,2170.0,2170.0,2170.0,2170.0,19,0.0,0.0
2024-08-08 11:02:00+09:00,2165.0,2175.0,2165.0,2175.0,380,0.0,0.0
2024-08-08 11:03:00+09:00,2165.0,2165.0,2165.0,2165.0,99,0.0,0.0
2024-08-08 11:06:00+09:00,2165.0,2175.0,2165.0,2165.0,22,0.0,0.0
2024-08-08 11:07:00+09:00,2165.0,2165.0,2165.0,2165.0,5,0.0,0.0
2024-08-08 11:09:00+09:00,2180.0,2180.0,2180.0,2180.0,28,0.0,0.0
2024-08-08 11:11:00+09:00,2175.0,2175.0,2175.0,2175.0,86,0.0,0.0
2024-08-08 11:14:00+09:00,2175.0,2175.0,2175.0,2175.0,0,0.0,0.0
2024-08-08 11:18:00+09:00,2180.0,2180.0,2180.0,2180.0,0,0.0,0.0
2024-08-08 11:24:00+09:00,2175.0,2180.0,2175.0,2180.0,117,0.0,0.0
2024-08-08 11:26:00+09:00,2180.0,2180.0,2180.0,2180.0,41,0.0,0.0
2024-08-08 11:29:00+09:00,2180.0,2180.0,2180.0,2180.0,51,0.0,0.0
2024-08-08 11:30:00+09:00,2180.0,2180.0,2180.0,2180.0,0,0.0,0.0
2024-08-08 11:34:00+09:00,2175.0,2175.0,2175.0,2175.0,159,0.0,0.0
2024-08-08 11:40:00+09:00,2180.0,2180.0,2180.0,2180.0,0,0.0,0.0
2024-08-08 11:42:00+09:00,2190.0,2190.0,2180.0,2190.0,0,0.0,0.0
2024-08-08 11:45:00+09:00,2180.0,2180.0,2180.0,2180.0,29,0.0,0.0
2024-08-08 11:46:00+09:00,2180.0,2180.0,2180.0,2180.0,155,0.0,0.0
2024-08-08 11:49:00+09:00,2180.0,2180.0,2180.0,2180.0,0,0.0,0.0
2024-08-08 11:50:00+09:00,2180.0,2180.0,2180.0,2180.0,93,0.0,0.0
2024-08-08 11:57:00+09:00,2180.0,2180.0,2175.0,2175.0,204,0.0,0.0
2024-08-08 11:59:00+09:00,2180.0,2180.0,2180.0,2180.0,158,0.0,0.0
2024-08-08 12:01:00+09:00,2180.0,2180.0,2170.0,2170.0,971,0.0,0.0
2024-08-08 12:02:00+09:00,2170.0,2170.0,2165.0,2165.0,1469,0.0,0.0
2024-08-08 12:06:00+09:00,2165.0,2165.0,2165.0,2165.0,0,0.0,0.0
2024-08-08 12:09:00+09:00,2170.0,2170.0,2170.0,2170.0,17,0.0,0.0
2024-08-08 12:13:00+09:00,2185.0,2185.0,2185.0,2185.0,0,0.0,0.0
2024-08-08 12:14:00+09:00,2185.0,2185.0,2185.0,2185.0,19,0.0,0.0
2024-08-08 12:20:00+09:00,2185.0,2185.0,2185.0,2185.0,10,0.0,0.0
2024-08-08 12:24:00+09:00,2185.0,2185.0,2185.0,2185.0,56,0.0,0.0
2024-08-08 12:39:00+09:00,2185.0,2185.0,2185.0,2185.0,1162,0.0,0.0
2024-08-08 12:41:00+09:00,2165.0,2165.0,2165.0,2165.0,47,0.0,0.0
2024-08-08 12:42:00+09:00,2185.0,2190.0,2170.0,2190.0,290,0.0,0.0
2024-08-08 12:48:00+09:00,2175.0,2190.0,2175.0,2190.0,51,0.0,0.0
2024-08-08 12:51:00+09:00,2190.0,2190.0,2190.0,2190.0,19,0.0,0.0
2024-08-08 12:55:00+09:00,2190.0,2190.0,2190.0,2190.0,0,0.0,0.0
2024-08-08 12:57:00+09:00,2185.0,2185.0,2175.0,2175.0,214,0.0,0.0
2024-08-08 12:58:00+09:00,2185.0,2185.0,2185.0,2185.0,0,0.0,0.0
2024-08-08 12:59:00+09:00,2185.0,2185.0,2185.0,2185.0,19,0.0,0.0
2024-08-08 13:00:00+09:00,2185.0,2185.0,2185.0,2185.0,20,0.0,0.0
2024-08-08 13:01:00+09:00,2185.0,2185.0,2185.0,2185.0,0,0.0,0.0
2024-08-08 13:07:00+09:00,2170.0,2170.0,2170.0,2170.0,7,0.0,0.0
2024-08-08 13:13:00+09:00,2180.0,2190.0,2180.0,2190.0,160,0.0,0.0
2024-08-08 13:15:00+09:00,2185.0,2185.0,2185.0,2185.0,0,0.0,0.0
2024-08-08 13:20:00+09:00,2180.0,2180.0,2175.0,2175.0,8,0.0,0.0
2024-08-08 13:23:00+09:00,2175.0,2175.0,2175.0,2175.0,293,0.0,0.0
2024-08-08 13:25:00+09:00,2175.0,2175.0,2175.0,2175.0,0,0.0,0.0
2024-08-08 13:26:00+09:00,2175.0,2175.0,2175.0,2175.0,1,0.0,0.0
2024-08-08 13:29:00+09:00,2175.0,2175.0,2175.0,2175.0,139,0.0,0.0
2024-08-08 13:32:00+09:00,2175.0,2175.0,2175.0,2175.0,84,0.0,0.0
2024-08-08 13:35:00+09:00,2190.0,2190.0,2190.0,2190.0,0,0.0,0.0
2024-08-08 13:37:00+09:00,2175.0,2175.0,2175.0,2175.0,153,0.0,0.0
2024-08-08 13:38:00+09:00,2190.0,2190.0,2190.0,2190.0,150,0.0,0.0
2024-08-08 13:40:00+09:00,2190.0,2190.0,2190.0,2190.0,0,0.0,0.0
2024-08-08 13:46:00+09:00,2180.0,2180.0,2180.0,2180.0,17,0.0,0.0
2024-08-08 13:55:00+09:00,2180.0,2180.0,2180.0,2180.0,394,0.0,0.0
2024-08-08 14:00:00+09:00,2175.0,2175.0,2175.0,2175.0,0,0.0,0.0
2024-08-08 14:04:00+09:00,2180.0,2180.0,2180.0,2180.0,0,0.0,0.0
2024-08-08 14:05:00+09:00,2180.0,2180.0,2180.0,2180.0,14,0.0,0.0
2024-08-08 14:14:00+09:00,2180.0,2180.0,2170.0,2170.0,216,0.0,0.0
2024-08-08 14:15:00+09:00,2165.0,2165.0,2160.0,2160.0,1003,0.0,0.0
2024-08-08 14:16:00+09:00,2155.0,2160.0,2155.0,2160.0,456,0.0,0.0
2024-08-08 14:17:00+09:00,2165.0,2165.0,2165.0,2165.0,0,0.0,0.0
2024-08-08 14:18:00+09:00,2155.0,2155.0,2155.0,2155.0,1,0.0,0.0
2024-08-08 14:20:00+09:00,2155.0,2155.0,2145.0,2145.0,3653,0.0,0.0
2024-08-08 14:23:00+09:00,2145.0,2155.0,2145.0,2155.0,0,0.0,0.0
2024-08-08 14:24:00+09:00,2155.0,2155.0,2155.0,2155.0,74,0.0,0.0
2024-08-08 14:27:00+09:00,2155.0,2155.0,2155.0,2155.0,224,0.0,0.0
2024-08-08 14:31:00+09:00,2155.0,2155.0,2155.0,2155.0,361,0.0,0.0
2024-08-08 14:32:00+09:00,2160.0,2160.0,2160.0,2160.0,153,0.0,0.0
2024-08-08 14:36:00+09:00,2160.0,2160.0,2160.0,2160.0,0,0.0,0.0
2024-08-08 14:41:00+09:00,2160.0,2160.0,2160.0,2160.0,970,0.0,0.0
2024-08-08 14:44:00+09:00,2160.0,2160.0,2155.0,2155.0,0,0.0,0.0
2024-08-08 14:45:00+09:00,2160.0,2160.0,2160.0,2160.0,0,0.0,0.0
2024-08-08 14:47:00+09:00,2155.0,2155.0,2155.0,2155.0,1,0.0,0.0
2024-08-08 14:49:00+09:00,2150.0,2150.0,2150.0,2150.0,399,0.0,0.0
2024-08-08 14:54:00+09:00,2150.0,2150.0,2150.0,2150.0,0,0.0,0.0
2024-08-08 14:57:00+09:00,2160.0,2160.0,2160.0,2160.0,1,0.0,0.0
2024-08-09 09:00:00+09:00,2125.0,2125.0,2125.0,2125.0,5386,0.0,0.0
2024-08-09 09:01:00+09:00,2185.0,2185.0,2185.0,2185.0,0,0.0,0.0
2024-08-09 09:05:00+09:00,2180.0,2185.0,2160.0,2185.0,13240,0.0,0.0
2024-08-09 09:06:00+09:00,2185.0,2190.0,2185.0,2190.0,684,0.0,0.0
2024-08-09 09:07:00+09:00,2165.0,2165.0,2165.0,2165.0,0,0.0,0.0
2024-08-09 09:08:00+09:00,2165.0,2190.0,2160.0,2190.0,230,0.0,0.0
2024-08-09 09:09:00+09:00,2195.0,2195.0,2195.0,2195.0,44,0.0,0.0
2024-08-09 09:11:00+09:00,2195.0,2195.0,2170.0,2170.0,109,0.0,0.0
2024-08-09 09:12:00+09:00,2190.0,2190.0,2190.0,2190.0,0,0.0,0.0
2024-08-09 09:13:00+09:00,2190.0,2195.0,2190.0,2195.0,55,0.0,0.0
2024-08-09 09:14:00+09:00,2200.0,2215.0,2200.0,2215.0,790,0.0,0.0
2024-08-09 09:15:00+09:00,2215.0,2215.0,2195.0,2195.0,0,0.0,0.0
2024-08-09 09:16:00+09:00,2215.0,2220.0,2215.0,2220.0,148,0.0,0.0
2024-08-09 09:17:00+09:00,2220.0,2230.0,2220.0,2230.0,1923,0.0,0.0
2024-08-09 09:18:00+09:00,2230.0,2245.0,2230.0,2245.0,2731,0.0,0.0
2024-08-09 09:19:00+09:00,2245.0,2320.0,2245.0,2320.0,2136,0.0,0.0
2024-08-09 09:20:00+09:00,2320.0,2320.0,2300.0,2300.0,355,0.0,0.0
2024-08-09 09:21:00+09:00,2300.0,2305.0,2300.0,2305.0,373,0.0,0.0
2024-08-09 09:22:00+09:00,2285.0,2290.0,2270.0,2280.0,386,0.0,0.0
2024-08-09 09:23:00+09:00,2280.0,2280.0,2270.0,2280.0,69,0.0,0.0
2024-08-09 09:24:00+09:00,2275.0,2290.0,2275.0,2280.0,955,0.0,0.0
2024-08-09 09:25:00+09:00,2280.0,2280.0,2280.0,2280.0,10,0.0,0.0
2024-08-09 09:26:00+09:00,2270.0,2270.0,2260.0,2260.0,218,0.0,0.0
2024-08-09 09:27:00+09:00,2245.0,2245.0,2240.0,2240.0,14,0.0,0.0
2024-08-09 09:28:00+09:00,2245.0,2280.0,2245.0,2280.0,2364,0.0,0.0
2024-08-09 09:29:00+09:00,2270.0,2270.0,2270.0,2270.0,878,0.0,0.0
2024-08-09 09:30:00+09:00,2250.0,2250.0,2245.0,2245.0,0,0.0,0.0
2024-08-09 09:31:00+09:00,2265.0,2265.0,2265.0,2265.0,9,0.0,0.0
2024-08-09 09:32:00+09:00,2265.0,2265.0,2265.0,2265.0,81,0.0,0.0
2024-08-09 09:36:00+09:00,2245.0,2260.0,2230.0,2260.0,601,0.0,0.0
2024-08-09 09:38:00+09:00,2250.0,2250.0,2250.0,2250.0,0,0.0,0.0
2024-08-09 09:39:00+09:00,2265.0,2265.0,2250.0,2250.0,539,0.0,0.0
2024-08-09 09:40:00+09:00,2250.0,2250.0,2250.0,2250.0,0,0.0,0.0
2024-08-09 09:41:00+09:00,2250.0,2250.0,2250.0,2250.0,37,0.0,0.0
2024-08-09 09:42:00+09:00,2260.0,2260.0,2260.0,2260.0,58,0.0,0.0
2024-08-09 09:44:00+09:00,2245.0,2245.0,2245.0,2245.0,112,0.0,0.0
2024-08-09 09:46:00+09:00,2255.0,2255.0,2230.0,2230.0,1333,0.0,0.0
2024-08-09 09:47:00+09:00,2245.0,2245.0,2245.0,2245.0,322,0.0,0.0
2024-08-09 09:48:00+09:00,2245.0,2250.0,2245.0,2250.0,0,0.0,0.0
2024-08-09 09:49:00+09:00,2255.0,2270.0,2255.0,2270.0,459,0.0,0.0
2024-08-09 09:50:00+09:00,2270.0,2270.0,2270.0,2270.0,202,0.0,0.0
2024-08-09 09:53:00+09:00,2270.0,2270.0,2270.0,2270.0,0,0.0,0.0
2024-08-09 09:54:00+09:00,2260.0,2260.0,2260.0,2260.0,100,0.0,0.0
2024-08-09 09:55:00+09:00,2260.0,2270.0,2260.0,2260.0,25,0.0,0.0
2024-08-09 09:56:00+09:00,2270.0,2270.0,2270.0,2270.0,0,0.0,0.0
2024-08-09 09:57:00+09:00,2270.0,2270.0,2270.0,2270.0,433,0.0,0.0
2024-08-09 09:58:00+09:00,2270.0,2270.0,2270.0,2270.0,0,0.0,0.0
2024-08-09 09:59:00+09:00,2265.0,2270.0,2265.0,2270.0,204,0.0,0.0
2024-08-09 10:00:00+09:00,2270.0,2270.0,2270.0,2270.0,0,0.0,0.0
2024-08-09 10:01:00+09:00,2270.0,2275.0,2270.0,2275.0,2042,0.0,0.0
2024-08-09 10:02:00+09:00,2275.0,2275.0,2275.0,2275.0,0,0.0,0.0
2024-08-09 10:03:00+09:00,2275.0,2275.0,2275.0,2275.0,19,0.0,0.0
2024-08-09 10:04:00+09:00,2270.0,2275.0,2270.0,2275.0,1213,0.0,0.0
2024-08-09 10:06:00+09:00,2275.0,2280.0,2265.0,2265.0,371,0.0,0.0
2024-08-09 10:07:00+09:00,2280.0,2280.0,2280.0,2280.0,8,0.0,0.0
2024-08-09 10:09:00+09:00,2270.0,2270.0,2270.0,2270.0,246,0.0,0.0
2024-08-09 10:11:00+09:00,2265.0,2265.0,2260.0,2260.0,883,0.0,0.0
2024-08-09 10:12:00+09:00,2260.0,2260.0,2245.0,2245.0,632,0.0,0.0
2024-08-09 10:13:00+09:00,2245.0,2245.0,2245.0,2245.0,41,0.0,0.0
2024-08-09 10:14:00+09:00,2245.0,2250.0,2245.0,2250.0,10,0.0,0.0
2024-08-09 10:15:00+09:00,2245.0,2245.0,2245.0,2245.0,642,0.0,0.0
2024-08-09 10:16:00+09:00,2245.0,2245.0,2245.0,2245.0,0,0.0,0.0
2024-08-09 10:18:00+09:00,2240.0,2240.0,2225.0,2225.0,531,0.0,0.0
2024-08-09 10:22:00+09:00,2240.0,2240.0,2240.0,2240.0,266,0.0,0.0
2024-08-09 10:23:00+09:00,2245.0,2255.0,2245.0,2255.0,1267,0.0,0.0
2024-08-09 10:24:00+09:00,2260.0,2260.0,2260.0,2260.0,52,0.0,0.0
2024-08-09 10:25:00+09:00,2245.0,2265.0,2245.0,2265.0,57,0.0,0.0
2024-08-09 10:27:00+09:00,2265.0,2265.0,2265.0,2265.0,2,0.0,0.0
2024-08-09 10:32:00+09:00,2265.0,2265.0,2265.0,2265.0,131,0.0,0.0
2024-08-09 10:34:00+09:00,2260.0,2260.0,2260.0,2260.0,0,0.0,0.0
2024-08-09 10:43:00+09:00,2260.0,2260.0,2260.0,2260.0,21,0.0,0.0
2024-08-09 10:48:00+09:00,2260.0,2260.0,2260.0,2260.0,0,0.0,0.0
2024-08-09 10:49:00+09:00,2250.0,2250.0,2250.0,2250.0,358,0.0,0.0
2024-08-09 10:50:00+09:00,2250.0,2250.0,2250.0,2250.0,472,0.0,0.0
2024-08-09 10:51:00+09:00,2250.0,2250.0,2250.0,2250.0,0,0.0,0.0
2024-08-09 10:58:00+09:00,2250.0,2260.0,2250.0,2260.0,24,0.0,0.0
2024-08-09 11:03:00+09:00,2250.0,2250.0,2250.0,2250.0,5,0.0,0.0
2024-08-09 11:05:00+09:00,2260.0,2260.0,2260.0,2260.0,197,0.0,0.0
2024-08-09 11:10:00+09:00,2260.0,2260.0,2260.0,2260.0,356,0.0,0.0
2024-08-09 11:11:00+09:00,2260.0,2260.0,2260.0,2260.0,0,0.0,0.0
2024-08-09 11:14:00+09:00,2260.0,2260.0,2260.0,2260.0,0,0.0,0.0
2024-08-09 11:18:00+09:00,2260.0,2260.0,2250.0,2260.0,62,0.0,0.0
2024-08-09 11:19:00+09:00,2250.0,2250.0,2250.0,2250.0,0,0.0,0.0
2024-08-09 11:21:00+09:00,2250.0,2250.0,2250.0,2250.0,499,0.0,0.0
2024-08-09 11:22:00+09:00,2250.0,2250.0,2250.0,2250.0,3,0.0,0.0
2024-08-09 11:23:00+09:00,2260.0,2260.0,2260.0,2260.0,2,0.0,0.0
2024-08-09 11:25:00+09:00,2260.0,2260.0,2260.0,2260.0,272,0.0,0.0
2024-08-09 11:26:00+09:00,2260.0,2260.0,2260.0,2260.0,0,0.0,0.0
2024-08-09 11:27:00+09:00,2260.0,2260.0,2260.0,2260.0,1,0.0,0.0
2024-08-09 11:30:00+09:00,2250.0,2250.0,2250.0,2250.0,31,0.0,0.0
2024-08-09 11:36:00+09:00,2250.0,2250.0,2250.0,2250.0,0,0.0,0.0
2024-08-09 11:37:00+09:00,2245.0,2245.0,2245.0,2245.0,149,0.0,0.0
2024-08-09 11:39:00+09:00,2245.0,2245.0,2245.0,2245.0,14,0.0,0.0
2024-08-09 11:40:00+09:00,2245.0,2245.0,2230.0,2230.0,1120,0.0,0.0
2024-08-09 11:47:00+09:00,2230.0,2230.0,2230.0,2230.0,293,0.0,0.0
2024-08-09 11:51:00+09:00,2230.0,2230.0,2230.0,2230.0,348,0.0,0.0
2024-08-09 11:57:00+09:00,2230.0,2230.0,2230.0,2230.0,0,0.0,0.0
2024-08-09 12:02:00+09:00,2230.0,2230.0,2230.0,2230.0,163,0.0,0.0
2024-08-09 12:13:00+09:00,2230.0,2250.0,2230.0,2230.0,519,0.0,0.0
2024-08-09 12:15:00+09:00,2250.0,2250.0,2250.0,2250.0,0,0.0,0.0
2024-08-09 12:17:00+09:00,2225.0,2240.0,2220.0,2240.0,201,0.0,0.0
2024-08-09 12:18:00+09:00,2240.0,2240.0,2240.0,2240.0,1,0.0,0.0
2024-08-09 12:19:00+09:00,2240.0,2240.0,2240.0,2240.0,5,0.0,0.0
2024-08-09 12:20:00+09:00,2220.0,2220.0,2205.0,2205.0,2795,0.0,0.0
2024-08-09 12:22:00+09:00,2230.0,2230.0,2230.0,2230.0,1,0.0,0.0
2024-08-09 12:26:00+09:00,2225.0,2235.0,2225.0,2235.0,13,0.0,0.0
2024-08-09 12:38:00+09:00,2225.0,2235.0,2225.0,2235.0,10,0.0,0.0
2024-08-09 12:41:00+09:00,2225.0,2225.0,2225.0,2225.0,11,0.0,0.0
2024-08-09 12:49:00+09:00,2220.0,2230.0,2220.0,2230.0,135,0.0,0.0
2024-08-09 12:51:00+09:00,2225.0,2225.0,2225.0,2225.0,31,0.0,0.0
2024-08-09 12:52:00+09:00,2220.0,2220.0,2220.0,2220.0,4,0.0,0.0
2024-08-09 12:53:00+09:00,2220.0,2220.0,2220.0,2220.0,52,0.0,0.0
2024-08-09 12:57:00+09:00,2220.0,2220.0,2220.0,2220.0,124,0.0,0.0
2024-08-09 13:00:00+09:00,2230.0,2230.0,2220.0,2220.0,237,0.0,0.0
2024-08-09 13:01:00+09:00,2220.0,2220.0,2220.0,2220.0,0,0.0,0.0
2024-08-09 13:02:00+09:00,2220.0,2220.0,2220.0,2220.0,171,0.0,0.0
2024-08-09 13:11:00+09:00,2220.0,2220.0,2220.0,2220.0,74,0.0,0.0
2024-08-09 13:15:00+09:00,2220.0,2220.0,2220.0,2220.0,61,0.0,0.0
2024-08-09 13:19:00+09:00,2220.0,2225.0,2220.0,2225.0,2366,0.0,0.0
2024-08-09 13:23:00+09:00,2225.0,2225.0,2225.0,2225.0,0,0.0,0.0
2024-08-09 13:25:00+09:00,2220.0,2220.0,2220.0,2220.0,5,0.0,0.0
2024-08-09 13:26:00+09:00,2220.0,2225.0,2220.0,2225.0,119,0.0,0.0
2024-08-09 13:27:00+09:00,2225.0,2225.0,2225.0,2225.0,5,0.0,0.0
2024-08-09 13:30:00+09:00,2235.0,2235.0,2220.0,2220.0,828,0.0,0.0
2024-08-09 13:34:00+09:00,2220.0,2220.0,2220.0,2220.0,0,0.0,0.0
2024-08-09 13:36:00+09:00,2215.0,2215.0,2215.0,2215.0,50,0.0,0.0
2024-08-09 13:44:00+09:00,2210.0,2210.0,2210.0,2210.0,1150,0.0,0.0
2024-08-09 13:45:00+09:00,2205.0,2205.0,2205.0,2205.0,970,0.0,0.0
2024-08-09 13:48:00+09:00,2205.0,2205.0,2175.0,2180.0,921,0.0,0.0
2024-08-09 13:49:00+09:00,2190.0,2190.0,2185.0,2185.0,594,0.0,0.0
2024-08-09 13:55:00+09:00,2195.0,2195.0,2195.0,2195.0,108,0.0,0.0
2024-08-09 13:56:00+09:00,2200.0,2205.0,2200.0,2205.0,35,0.0,0.0
2024-08-09 13:57:00+09:00,2205.0,2205.0,2190.0,2190.0,788,0.0,0.0
2024-08-09 13:58:00+09:00,2205.0,2205.0,2205.0,2205.0,0,0.0,0.0
2024-08-09 14:00:00+09:00,2205.0,2205.0,2205.0,2205.0,160,0.0,0.0
2024-08-09 14:03:00+09:00,2195.0,2195.0,2195.0,2195.0,0,0.0,0.0
2024-08-09 14:04:00+09:00,2205.0,2205.0,2205.0,2205.0,0,0.0,0.0
2024-08-09 14:05:00+09:00,2205.0,2205.0,2205.0,2205.0,3,0.0,0.0
2024-08-09 14:06:00+09:00,2205.0,2205.0,2205.0,2205.0,1295,0.0,0.0
2024-08-09 14:08:00+09:00,2210.0,2210.0,2210.0,2210.0,616,0.0,0.0
2024-08-09 14:09:00+09:00,2210.0,2210.0,2210.0,2210.0,450,0.0,0.0
2024-08-09 14:10:00+09:00,2215.0,2215.0,2215.0,2215.0,0,0.0,0.0
2024-08-09 14:12:00+09:00,2215.0,2215.0,2215.0,2215.0,179,0.0,0.0
2024-08-09 14:14:00+09:00,2215.0,2215.0,2215.0,2215.0,32,0.0,0.0
2024-08-09 14:23:00+09:00,2215.0,2215.0,2215.0,2215.0,427,0.0,0.0
2024-08-09 14:25:00+09:00,2220.0,2235.0,2220.0,2235.0,2045,0.0,0.0
2024-08-09 14:26:00+09:00,2230.0,2230.0,2230.0,2230.0,168,0.0,0.0
2024-08-09 14:29:00+09:00,2230.0,2230.0,2230.0,2230.0,2,0.0,0.0
2024-08-09 14:45:00+09:00,2240.0,2240.0,2235.0,2240.0,130,0.0,0.0
2024-08-09 14:46:00+09:00,2235.0,2235.0,2235.0,2235.0,38,0.0,0.0
2024-08-09 14:51:00+09:00,2235.0,2235.0,2235.0,2235.0,0,0.0,0.0
2024-08-09 14:52:00+09:00,2230.0,2230.0,2230.0,2230.0,121,0.0,0.0
2024-08-09 14:57:00+09:00,2215.0,2215.0,2215.0,2215.0,200,0.0,0.0
2024-08-09 14:58:00+09:00,2215.0,2230.0,2215.0,2230.0,336,0.0,0.0
