Datetime,Open,High,Low,Close,Volume,Dividends,Stock Splits
2024-08-05 09:30:00-04:00,166.86000061035156,166.86000061035156,166.82000732421875,166.82000732421875,1260,0.0,0.0
2024-08-05 09:37:00-04:00,165.6199951171875,165.6199951171875,165.6199951171875,165.6199951171875,101,0.0,0.0
2024-08-05 09:38:00-04:00,166.1999969482422,166.1999969482422,166.1999969482422,166.1999969482422,122,0.0,0.0
2024-08-05 09:39:00-04:00,166.89999389648438,166.89999389648438,166.35000610351562,166.6699981689453,646,0.0,0.0
2024-08-05 09:41:00-04:00,165.19000244140625,165.19000244140625,165.19000244140625,165.19000244140625,238,0.0,0.0
2024-08-05 09:42:00-04:00,166.31500244140625,166.31500244140625,166.31500244140625,166.31500244140625,241,0.0,0.0
2024-08-05 09:44:00-04:00,165.08999633789062,165.08999633789062,165.08999633789062,165.08999633789062,858,0.0,0.0
2024-08-05 09:48:00-04:00,164.3800048828125,166.5,164.3800048828125,164.84500122070312,4041,0.0,0.0
2024-08-05 09:49:00-04:00,164.63999938964844,164.63999938964844,164.63999938964844,164.63999938964844,502,0.0,0.0
2024-08-05 09:52:00-04:00,165.0,165.39999389648438,165.0,165.0,6080,0.0,0.0
2024-08-05 09:53:00-04:00,165.14999389648438,165.14999389648438,165.07000732421875,165.07000732421875,1615,0.0,0.0
2024-08-05 09:54:00-04:00,165.07000732421875,165.07000732421875,165.0,165.0,1678,0.0,0.0
2024-08-05 09:55:00-04:00,165.51409912109375,165.63999938964844,165.0,165.0,2385,0.0,0.0
2024-08-05 09:56:00-04:00,165.27000427246094,165.63999938964844,165.1750030517578,165.2100067138672,1046,0.0,0.0
2024-08-05 09:57:00-04:00,166.2198944091797,166.2198944091797,166.2198944091797,166.2198944091797,203,0.0,0.0
2024-08-05 10:00:00-04:00,166.10000610351562,166.10000610351562,166.10000610351562,166.10000610351562,703,0.0,0.0
2024-08-05 10:01:00-04:00,168.5399932861328,168.72999572753906,168.5399932861328,168.72999572753906,416,0.0,0.0
2024-08-05 10:04:00-04:00,169.41000366210938,169.41000366210938,169.41000366210938,169.41000366210938,652,0.0,0.0
2024-08-05 10:09:00-04:00,168.3800048828125,168.3800048828125,167.07000732421875,167.75999450683594,3685,0.0,0.0
2024-08-05 10:11:00-04:00,167.69000244140625,167.69000244140625,167.69000244140625,167.69000244140625,322,0.0,0.0
2024-08-05 10:13:00-04:00,167.47500610351562,167.47500610351562,167.47500610351562,167.47500610351562,268,0.0,0.0
2024-08-05 10:15:00-04:00,168.22999572753906,168.22999572753906,168.22000122070312,168.22000122070312,512,0.0,0.0
2024-08-05 10:17:00-04:00,167.86000061035156,167.86000061035156,167.72000122070312,167.72000122070312,2000,0.0,0.0
2024-08-05 10:26:00-04:00,168.22000122070312,168.22000122070312,168.22000122070312,168.22000122070312,202,0.0,0.0
2024-08-05 10:28:00-04:00,167.64999389648438,167.64999389648438,167.64999389648438,167.64999389648438,333,0.0,0.0
2024-08-05 10:30:00-04:00,167.4250030517578,167.4250030517578,167.4250030517578,167.4250030517578,421,0.0,0.0
2024-08-05 10:34:00-04:00,168.77000427246094,168.88999938964844,168.77000427246094,168.88999938964844,441,0.0,0.0
2024-08-05 10:37:00-04:00,167.86000061035156,167.86000061035156,167.86000061035156,167.86000061035156,971,0.0,0.0
2024-08-05 10:52:00-04:00,167.86000061035156,168.10000610351562,167.86000061035156,168.10000610351562,643,0.0,0.0
2024-08-05 10:53:00-04:00,168.41000366210938,168.41000366210938,168.41000366210938,168.41000366210938,305,0.0,0.0
2024-08-05 10:54:00-04:00,168.67999267578125,169.07000732421875,168.67999267578125,169.07000732421875,428,0.0,0.0
2024-08-05 10:55:00-04:00,168.40499877929688,168.40499877929688,168.40499877929688,168.40499877929688,353,0.0,0.0
2024-08-05 10:57:00-04:00,167.83999633789062,167.83999633789062,167.83999633789062,167.83999633789062,257,0.0,0.0
2024-08-05 10:58:00-04:00,167.6300048828125,167.86000061035156,167.6300048828125,167.86000061035156,410,0.0,0.0
2024-08-05 11:00:00-04:00,168.01499938964844,168.01499938964844,168.01499938964844,168.01499938964844,106,0.0,0.0
2024-08-05 11:03:00-04:00,168.3699951171875,168.3699951171875,168.3699951171875,168.3699951171875,113,0.0,0.0
2024-08-05 11:05:00-04:00,167.88999938964844,167.88999938964844,167.6199951171875,167.6199951171875,1232,0.0,0.0
2024-08-05 11:06:00-04:00,168.36000061035156,168.36000061035156,168.36000061035156,168.36000061035156,1226,0.0,0.0
2024-08-05 11:24:00-04:00,169.11500549316406,169.11500549316406,169.11500549316406,169.11500549316406,607,0.0,0.0
2024-08-05 11:28:00-04:00,169.31500244140625,169.31500244140625,169.31500244140625,169.31500244140625,178,0.0,0.0
2024-08-05 11:31:00-04:00,169.25,169.3249969482422,169.25,169.3249969482422,265,0.0,0.0
2024-08-05 11:34:00-04:00,169.65499877929688,169.65499877929688,169.65499877929688,169.65499877929688,427,0.0,0.0
2024-08-05 11:36:00-04:00,169.88999938964844,169.88999938964844,169.88999938964844,169.88999938964844,400,0.0,0.0
2024-08-05 11:38:00-04:00,171.11000061035156,171.11000061035156,171.11000061035156,171.11000061035156,296,0.0,0.0
2024-08-05 11:49:00-04:00,170.25999450683594,170.25999450683594,170.25999450683594,170.25999450683594,632,0.0,0.0
2024-08-05 11:50:00-04:00,169.6300048828125,169.6300048828125,169.6300048828125,169.6300048828125,892,0.0,0.0
2024-08-05 11:53:00-04:00,169.36500549316406,169.36500549316406,169.36500549316406,169.36500549316406,164,0.0,0.0
2024-08-05 11:55:00-04:00,169.14500427246094,169.14500427246094,169.14500427246094,169.14500427246094,316,0.0,0.0
2024-08-05 11:57:00-04:00,169.33999633789062,169.35000610351562,169.33999633789062,169.35000610351562,486,0.0,0.0
2024-08-05 12:00:00-04:00,169.86000061035156,169.86000061035156,169.86000061035156,169.86000061035156,314,0.0,0.0
2024-08-05 12:01:00-04:00,169.63999938964844,169.63999938964844,169.63999938964844,169.63999938964844,820,0.0,0.0
2024-08-05 12:12:00-04:00,169.83999633789062,169.83999633789062,169.83999633789062,169.83999633789062,213,0.0,0.0
2024-08-05 12:15:00-04:00,169.83999633789062,169.86000061035156,169.83999633789062,169.86000061035156,625,0.0,0.0
2024-08-05 12:17:00-04:00,170.13999938964844,170.13999938964844,169.97000122070312,169.97000122070312,840,0.0,0.0
2024-08-05 12:22:00-04:00,170.11500549316406,170.11500549316406,170.11500549316406,170.11500549316406,103,0.0,0.0
2024-08-05 12:23:00-04:00,170.11500549316406,170.11500549316406,170.11500549316406,170.11500549316406,207,0.0,0.0
2024-08-05 12:24:00-04:00,170.11500549316406,170.11500549316406,170.11500549316406,170.11500549316406,1011,0.0,0.0
2024-08-05 12:29:00-04:00,170.3249969482422,170.3249969482422,170.3249969482422,170.3249969482422,325,0.0,0.0
2024-08-05 12:30:00-04:00,169.9600067138672,170.30250549316406,169.9600067138672,170.30250549316406,2069,0.0,0.0
2024-08-05 12:31:00-04:00,170.32000732421875,170.32000732421875,170.32000732421875,170.32000732421875,864,0.0,0.0
2024-08-05 12:33:00-04:00,170.8800048828125,170.88999938964844,170.8800048828125,170.8800048828125,873,0.0,0.0
2024-08-05 12:36:00-04:00,171.47000122070312,171.47000122070312,171.47000122070312,171.47000122070312,424,0.0,0.0
2024-08-05 12:40:00-04:00,171.22500610351562,171.22500610351562,170.77000427246094,170.77999877929688,1447,0.0,0.0
2024-08-05 12:45:00-04:00,170.33999633789062,170.33999633789062,170.19000244140625,170.19000244140625,628,0.0,0.0
2024-08-05 12:51:00-04:00,169.5,169.5,169.41000366210938,169.41000366210938,469,0.0,0.0
2024-08-05 12:59:00-04:00,169.86000061035156,169.86000061035156,169.86000061035156,169.86000061035156,101,0.0,0.0
2024-08-05 13:00:00-04:00,168.97000122070312,168.97000122070312,168.97000122070312,168.97000122070312,497,0.0,0.0
2024-08-05 13:07:00-04:00,168.5399932861328,168.5399932861328,168.5399932861328,168.5399932861328,213,0.0,0.0
2024-08-05 13:08:00-04:00,168.9199981689453,168.9199981689453,168.9199981689453,168.9199981689453,413,0.0,0.0
2024-08-05 13:12:00-04:00,169.10000610351562,169.10000610351562,169.10000610351562,169.10000610351562,136,0.0,0.0
2024-08-05 13:16:00-04:00,169.3000030517578,169.3000030517578,169.3000030517578,169.3000030517578,375,0.0,0.0
2024-08-05 13:19:00-04:00,169.19000244140625,169.19000244140625,169.19000244140625,169.19000244140625,243,0.0,0.0
2024-08-05 13:24:00-04:00,169.19500732421875,169.19500732421875,168.8000030517578,168.80999755859375,754,0.0,0.0
2024-08-05 13:26:00-04:00,169.19000244140625,169.19000244140625,169.17999267578125,169.17999267578125,509,0.0,0.0
2024-08-05 13:27:00-04:00,169.17999267578125,169.17999267578125,169.17999267578125,169.17999267578125,1429,0.0,0.0
2024-08-05 13:28:00-04:00,169.1750030517578,169.1750030517578,169.1750030517578,169.1750030517578,346,0.0,0.0
2024-08-05 13:29:00-04:00,169.1750030517578,169.58999633789062,169.1750030517578,169.58999633789062,1015,0.0,0.0
2024-08-05 13:32:00-04:00,169.8800048828125,169.88999938964844,169.8800048828125,169.88999938964844,1004,0.0,0.0
2024-08-05 13:34:00-04:00,169.6999969482422,169.6999969482422,169.6999969482422,169.6999969482422,948,0.0,0.0
2024-08-05 13:40:00-04:00,170.3000030517578,170.4199981689453,170.3000030517578,170.4199981689453,1665,0.0,0.0
2024-08-05 13:43:00-04:00,170.30999755859375,170.30999755859375,170.30999755859375,170.30999755859375,105,0.0,0.0
2024-08-05 13:44:00-04:00,170.1699981689453,170.1699981689453,170.1699981689453,170.1699981689453,276,0.0,0.0
2024-08-05 13:45:00-04:00,170.4499969482422,170.52999877929688,170.4499969482422,170.52999877929688,1134,0.0,0.0
2024-08-05 13:50:00-04:00,170.27000427246094,170.27000427246094,170.27000427246094,170.27000427246094,125,0.0,0.0
2024-08-05 13:51:00-04:00,170.27000427246094,170.27000427246094,170.27000427246094,170.27000427246094,349,0.0,0.0
2024-08-05 13:55:00-04:00,170.83999633789062,170.83999633789062,170.83999633789062,170.83999633789062,351,0.0,0.0
2024-08-05 14:00:00-04:00,170.24000549316406,170.67999267578125,169.8300018310547,170.3350067138672,6378,0.0,0.0
2024-08-05 14:01:00-04:00,170.83999633789062,170.83999633789062,170.83999633789062,170.83999633789062,767,0.0,0.0
2024-08-05 14:02:00-04:00,171.0,171.0,171.0,171.0,331,0.0,0.0
2024-08-05 14:04:00-04:00,171.1999969482422,171.1999969482422,170.9199981689453,170.9199981689453,659,0.0,0.0
2024-08-05 14:09:00-04:00,171.1300048828125,171.1300048828125,171.1300048828125,171.1300048828125,514,0.0,0.0
2024-08-05 14:12:00-04:00,171.02000427246094,171.02000427246094,170.97999572753906,170.97999572753906,262,0.0,0.0
2024-08-05 14:13:00-04:00,170.72000122070312,170.8800048828125,170.72000122070312,170.8699951171875,2287,0.0,0.0
2024-08-05 14:14:00-04:00,170.6300048828125,170.8800048828125,170.6300048828125,170.8800048828125,659,0.0,0.0
2024-08-05 14:15:00-04:00,170.63999938964844,170.7899932861328,170.63999938964844,170.75,429,0.0,0.0
2024-08-05 14:17:00-04:00,170.94000244140625,170.94000244140625,170.94000244140625,170.94000244140625,816,0.0,0.0
2024-08-05 14:22:00-04:00,171.32000732421875,171.32000732421875,171.32000732421875,171.32000732421875,306,0.0,0.0
2024-08-05 14:24:00-04:00,171.72000122070312,171.72000122070312,171.72000122070312,171.72000122070312,433,0.0,0.0
2024-08-05 14:30:00-04:00,171.41000366210938,171.41000366210938,171.41000366210938,171.41000366210938,262,0.0,0.0
2024-08-05 14:32:00-04:00,171.47500610351562,171.47500610351562,171.47500610351562,171.47500610351562,992,0.0,0.0
2024-08-05 14:34:00-04:00,171.11000061035156,171.11000061035156,171.00999450683594,171.00999450683594,249,0.0,0.0
2024-08-05 14:35:00-04:00,171.00999450683594,171.00999450683594,171.00999450683594,171.00999450683594,265,0.0,0.0
2024-08-05 14:40:00-04:00,170.98500061035156,170.98500061035156,170.98500061035156,170.98500061035156,332,0.0,0.0
2024-08-05 14:41:00-04:00,171.30999755859375,171.30999755859375,171.30999755859375,171.30999755859375,830,0.0,0.0
2024-08-05 14:49:00-04:00,171.1699981689453,171.1699981689453,171.1699981689453,171.1699981689453,453,0.0,0.0
2024-08-05 14:51:00-04:00,171.36000061035156,171.36000061035156,171.36000061035156,171.36000061035156,754,0.0,0.0
2024-08-05 14:58:00-04:00,171.6199951171875,171.6199951171875,171.6199951171875,171.6199951171875,607,0.0,0.0
2024-08-05 15:02:00-04:00,171.2550048828125,171.25999450683594,171.2550048828125,171.25999450683594,311,0.0,0.0
2024-08-05 15:03:00-04:00,170.92999267578125,171.27000427246094,170.9199981689453,171.25999450683594,2695,0.0,0.0
2024-08-05 15:06:00-04:00,170.7100067138672,170.9499969482422,170.7100067138672,170.9499969482422,878,0.0,0.0
2024-08-05 15:13:00-04:00,170.44500732421875,170.58999633789062,170.44500732421875,170.58999633789062,616,0.0,0.0
2024-08-05 15:14:00-04:00,170.6999969482422,170.7100067138672,170.69000244140625,170.6999969482422,1592,0.0,0.0
2024-08-05 15:21:00-04:00,170.99000549316406,170.99000549316406,170.99000549316406,170.99000549316406,1740,0.0,0.0
2024-08-05 15:23:00-04:00,171.60499572753906,171.60499572753906,171.4499969482422,171.4499969482422,778,0.0,0.0
2024-08-05 15:25:00-04:00,171.44000244140625,171.7899932861328,171.44000244140625,171.5749969482422,2736,0.0,0.0
2024-08-05 15:27:00-04:00,172.08999633789062,172.08999633789062,172.08999633789062,172.08999633789062,351,0.0,0.0
2024-08-05 15:28:00-04:00,171.72000122070312,172.0,171.72000122070312,172.0,647,0.0,0.0
2024-08-05 15:31:00-04:00,171.77000427246094,172.0,171.75999450683594,172.0,2856,0.0,0.0
2024-08-05 15:32:00-04:00,172.35000610351562,172.3699951171875,172.35000610351562,172.3699951171875,328,0.0,0.0
2024-08-05 15:34:00-04:00,171.89999389648438,172.0,171.8300018310547,172.0,3002,0.0,0.0
2024-08-05 15:35:00-04:00,171.97000122070312,172.0,171.82000732421875,171.97999572753906,2730,0.0,0.0
2024-08-05 15:36:00-04:00,171.89500427246094,172.02999877929688,171.89500427246094,171.9499969482422,895,0.0,0.0
2024-08-05 15:37:00-04:00,172.0,172.0,172.0,172.0,394,0.0,0.0
2024-08-05 15:38:00-04:00,171.80999755859375,171.86000061035156,171.64999389648438,171.7949981689453,4419,0.0,0.0
2024-08-05 15:39:00-04:00,171.88499450683594,172.00999450683594,171.86000061035156,172.0,2122,0.0,0.0
2024-08-05 15:40:00-04:00,171.89999389648438,172.0,171.89999389648438,172.0,1471,0.0,0.0
2024-08-05 15:41:00-04:00,171.9499969482422,171.97000122070312,171.89999389648438,171.96499633789062,1070,0.0,0.0
2024-08-05 15:42:00-04:00,171.7899932861328,171.9499969482422,171.75999450683594,171.8000030517578,1741,0.0,0.0
2024-08-05 15:43:00-04:00,171.92999267578125,172.0,171.92999267578125,172.0,660,0.0,0.0
2024-08-05 15:44:00-04:00,172.0399932861328,172.0399932861328,171.9149932861328,171.9149932861328,219,0.0,0.0
2024-08-05 15:45:00-04:00,171.97999572753906,171.97999572753906,171.97999572753906,171.97999572753906,203,0.0,0.0
2024-08-05 15:47:00-04:00,172.0,172.0,171.89999389648438,172.0,2734,0.0,0.0
2024-08-05 15:48:00-04:00,171.9499969482422,172.02000427246094,171.9499969482422,172.02000427246094,1255,0.0,0.0
2024-08-05 15:49:00-04:00,172.00999450683594,172.00999450683594,172.00999450683594,172.00999450683594,523,0.0,0.0
2024-08-05 15:50:00-04:00,172.08999633789062,172.42999267578125,172.08999633789062,172.42999267578125,1448,0.0,0.0
2024-08-05 15:52:00-04:00,172.64999389648438,172.64999389648438,172.64999389648438,172.64999389648438,688,0.0,0.0
2024-08-05 15:53:00-04:00,172.57000732421875,172.75,172.1699981689453,172.1699981689453,2387,0.0,0.0
2024-08-05 15:54:00-04:00,172.0500030517578,172.47000122070312,172.0500030517578,172.47000122070312,3052,0.0,0.0
2024-08-05 15:55:00-04:00,172.72999572753906,172.75999450683594,172.6999969482422,172.75999450683594,1239,0.0,0.0
2024-08-05 15:56:00-04:00,172.86500549316406,172.86500549316406,172.86500549316406,172.86500549316406,532,0.0,0.0
2024-08-05 15:57:00-04:00,172.5500030517578,172.74000549316406,172.5500030517578,172.74000549316406,1481,0.0,0.0
2024-08-05 15:58:00-04:00,172.74000549316406,172.74000549316406,172.57000732421875,172.57000732421875,769,0.0,0.0
2024-08-05 15:59:00-04:00,172.57000732421875,173.2100067138672,172.57000732421875,173.1999969482422,4407,0.0,0.0
2024-08-06 09:30:00-04:00,172.3699951171875,172.3699951171875,172.3699951171875,172.3699951171875,600,0.0,0.0
2024-08-06 09:33:00-04:00,172.9499969482422,172.9499969482422,172.9499969482422,172.9499969482422,397,0.0,0.0
2024-08-06 09:35:00-04:00,171.35000610351562,171.35000610351562,171.35000610351562,171.35000610351562,111,0.0,0.0
2024-08-06 09:38:00-04:00,171.35000610351562,171.35000610351562,171.35000610351562,171.35000610351562,156,0.0,0.0
2024-08-06 09:39:00-04:00,171.3800048828125,171.3800048828125,171.3800048828125,171.3800048828125,101,0.0,0.0
2024-08-06 09:41:00-04:00,171.28500366210938,171.28500366210938,171.28500366210938,171.28500366210938,101,0.0,0.0
2024-08-06 09:44:00-04:00,171.28500366210938,171.28500366210938,171.28500366210938,171.28500366210938,110,0.0,0.0
2024-08-06 09:46:00-04:00,171.30499267578125,171.30499267578125,171.30499267578125,171.30499267578125,170,0.0,0.0
2024-08-06 09:47:00-04:00,172.10499572753906,172.10499572753906,172.10499572753906,172.10499572753906,235,0.0,0.0
2024-08-06 09:49:00-04:00,171.7050018310547,171.7050018310547,171.7050018310547,171.7050018310547,854,0.0,0.0
2024-08-06 09:51:00-04:00,171.86000061035156,171.86000061035156,171.69000244140625,171.69000244140625,881,0.0,0.0
2024-08-06 09:52:00-04:00,171.7050018310547,171.72999572753906,171.69000244140625,171.72999572753906,536,0.0,0.0
2024-08-06 09:53:00-04:00,171.67999267578125,171.67999267578125,171.32000732421875,171.32000732421875,580,0.0,0.0
2024-08-06 09:56:00-04:00,171.10499572753906,171.10499572753906,171.10499572753906,171.10499572753906,179,0.0,0.0
2024-08-06 09:59:00-04:00,171.07000732421875,171.07000732421875,170.92999267578125,170.92999267578125,596,0.0,0.0
2024-08-06 10:00:00-04:00,170.375,170.89999389648438,170.375,170.57000732421875,1965,0.0,0.0
2024-08-06 10:04:00-04:00,170.5500030517578,170.5500030517578,170.5500030517578,170.5500030517578,766,0.0,0.0
2024-08-06 10:06:00-04:00,170.5500030517578,170.5500030517578,170.5500030517578,170.5500030517578,325,0.0,0.0
2024-08-06 10:11:00-04:00,171.68499755859375,172.24000549316406,171.3300018310547,172.24000549316406,1477,0.0,0.0
2024-08-06 10:27:00-04:00,171.38499450683594,171.38499450683594,171.38499450683594,171.38499450683594,308,0.0,0.0
2024-08-06 10:29:00-04:00,171.47000122070312,171.47000122070312,171.4499969482422,171.4499969482422,224,0.0,0.0
2024-08-06 10:30:00-04:00,171.47500610351562,171.47500610351562,171.47500610351562,171.47500610351562,104,0.0,0.0
2024-08-06 10:31:00-04:00,171.34500122070312,171.34500122070312,171.34500122070312,171.34500122070312,108,0.0,0.0
2024-08-06 10:32:00-04:00,171.6699981689453,171.8800048828125,171.6699981689453,171.7449951171875,796,0.0,0.0
2024-08-06 10:33:00-04:00,171.94500732421875,171.94500732421875,171.94500732421875,171.94500732421875,222,0.0,0.0
2024-08-06 10:40:00-04:00,172.38499450683594,172.38499450683594,172.38499450683594,172.38499450683594,540,0.0,0.0
2024-08-06 10:46:00-04:00,173.27999877929688,173.75,173.27999877929688,173.75,262,0.0,0.0
2024-08-06 10:47:00-04:00,173.27999877929688,173.27999877929688,173.27999877929688,173.27999877929688,191,0.0,0.0
2024-08-06 10:52:00-04:00,173.77999877929688,173.77999877929688,173.77999877929688,173.77999877929688,431,0.0,0.0
2024-08-06 10:55:00-04:00,174.69000244140625,174.69000244140625,174.08999633789062,174.08999633789062,316,0.0,0.0
2024-08-06 10:56:00-04:00,174.08999633789062,174.10499572753906,174.08999633789062,174.10499572753906,335,0.0,0.0
2024-08-06 10:57:00-04:00,173.85000610351562,173.85000610351562,173.8000030517578,173.85000610351562,308,0.0,0.0
2024-08-06 10:58:00-04:00,173.85000610351562,174.25999450683594,173.85000610351562,174.25999450683594,1471,0.0,0.0
2024-08-06 11:04:00-04:00,174.13499450683594,174.13499450683594,174.13499450683594,174.13499450683594,126,0.0,0.0
2024-08-06 11:06:00-04:00,174.1300048828125,174.1300048828125,174.1300048828125,174.1300048828125,128,0.0,0.0
2024-08-06 11:07:00-04:00,174.72889709472656,174.72889709472656,174.72889709472656,174.72889709472656,426,0.0,0.0
2024-08-06 11:08:00-04:00,174.1300048828125,174.1300048828125,174.1300048828125,174.1300048828125,332,0.0,0.0
2024-08-06 11:10:00-04:00,174.08999633789062,174.08999633789062,173.88999938964844,173.99000549316406,509,0.0,0.0
2024-08-06 11:11:00-04:00,173.86000061035156,173.86000061035156,173.84500122070312,173.84500122070312,339,0.0,0.0
2024-08-06 11:15:00-04:00,173.8300018310547,173.8300018310547,173.8300018310547,173.8300018310547,293,0.0,0.0
2024-08-06 11:20:00-04:00,172.7100067138672,172.7100067138672,172.7100067138672,172.7100067138672,310,0.0,0.0
2024-08-06 11:23:00-04:00,172.0399932861328,172.0399932861328,172.03500366210938,172.03500366210938,272,0.0,0.0
2024-08-06 11:25:00-04:00,170.99000549316406,170.99000549316406,170.99000549316406,170.99000549316406,161,0.0,0.0
2024-08-06 11:27:00-04:00,171.00250244140625,171.00250244140625,171.00250244140625,171.00250244140625,167,0.0,0.0
2024-08-06 11:30:00-04:00,170.43499755859375,170.43499755859375,170.43499755859375,170.43499755859375,104,0.0,0.0
2024-08-06 11:32:00-04:00,170.26499938964844,170.97000122070312,170.26499938964844,170.72999572753906,909,0.0,0.0
2024-08-06 11:34:00-04:00,170.58999633789062,170.58999633789062,170.58999633789062,170.58999633789062,100,0.0,0.0
2024-08-06 11:35:00-04:00,170.65499877929688,170.65499877929688,170.65499877929688,170.65499877929688,501,0.0,0.0
2024-08-06 11:36:00-04:00,170.72500610351562,171.35499572753906,170.72500610351562,171.35499572753906,697,0.0,0.0
2024-08-06 11:38:00-04:00,171.6999969482422,171.6999969482422,171.6999969482422,171.6999969482422,295,0.0,0.0
2024-08-06 11:40:00-04:00,171.9499969482422,171.9499969482422,171.9499969482422,171.9499969482422,176,0.0,0.0
2024-08-06 11:43:00-04:00,171.61500549316406,172.0,171.61500549316406,172.0,1135,0.0,0.0
2024-08-06 11:44:00-04:00,171.85000610351562,172.0399932861328,171.85000610351562,172.0399932861328,497,0.0,0.0
2024-08-06 11:45:00-04:00,172.10000610351562,172.36000061035156,171.86000061035156,172.0800018310547,2264,0.0,0.0
2024-08-06 11:46:00-04:00,171.6999969482422,171.99000549316406,171.3000030517578,171.99000549316406,4564,0.0,0.0
2024-08-06 11:47:00-04:00,171.8800048828125,172.00999450683594,171.6999969482422,172.00999450683594,2466,0.0,0.0
2024-08-06 11:48:00-04:00,172.14999389648438,172.25,172.14999389648438,172.14999389648438,463,0.0,0.0
2024-08-06 11:49:00-04:00,172.3000030517578,172.3000030517578,172.3000030517578,172.3000030517578,100,0.0,0.0
2024-08-06 11:50:00-04:00,172.5,172.5,172.3000030517578,172.43499755859375,1171,0.0,0.0
2024-08-06 11:51:00-04:00,172.42999267578125,172.42999267578125,172.42999267578125,172.42999267578125,461,0.0,0.0
2024-08-06 11:52:00-04:00,172.11500549316406,172.72500610351562,172.11500549316406,172.72500610351562,2778,0.0,0.0
2024-08-06 11:54:00-04:00,172.39999389648438,172.64999389648438,172.2050018310547,172.30499267578125,1774,0.0,0.0
2024-08-06 11:55:00-04:00,172.46499633789062,172.63499450683594,172.11500549316406,172.63499450683594,1566,0.0,0.0
2024-08-06 11:56:00-04:00,172.4499969482422,172.4499969482422,172.4499969482422,172.4499969482422,114,0.0,0.0
2024-08-06 11:58:00-04:00,172.4499969482422,172.51499938964844,172.4499969482422,172.50999450683594,424,0.0,0.0
2024-08-06 11:59:00-04:00,172.6199951171875,172.67999267578125,172.6199951171875,172.67999267578125,878,0.0,0.0
2024-08-06 12:00:00-04:00,173.00999450683594,173.00999450683594,173.00999450683594,173.00999450683594,308,0.0,0.0
2024-08-06 12:05:00-04:00,173.0500030517578,173.0500030517578,173.0500030517578,173.0500030517578,729,0.0,0.0
2024-08-06 12:17:00-04:00,173.2949981689453,173.2949981689453,172.6999969482422,172.6999969482422,1266,0.0,0.0
2024-08-06 12:19:00-04:00,172.1649932861328,172.1649932861328,172.1649932861328,172.1649932861328,133,0.0,0.0
2024-08-06 12:22:00-04:00,172.0500030517578,172.0500030517578,172.0500030517578,172.0500030517578,214,0.0,0.0
2024-08-06 12:30:00-04:00,171.9550018310547,172.2100067138672,171.9550018310547,172.19000244140625,1476,0.0,0.0
2024-08-06 12:40:00-04:00,172.125,172.125,172.125,172.125,246,0.0,0.0
2024-08-06 12:45:00-04:00,172.03500366210938,172.03500366210938,172.03500366210938,172.03500366210938,101,0.0,0.0
2024-08-06 12:46:00-04:00,172.1300048828125,172.1300048828125,172.1300048828125,172.1300048828125,303,0.0,0.0
2024-08-06 12:47:00-04:00,172.35000610351562,172.35000610351562,172.35000610351562,172.35000610351562,472,0.0,0.0
2024-08-06 12:50:00-04:00,172.35000610351562,172.35000610351562,172.35000610351562,172.35000610351562,100,0.0,0.0
2024-08-06 12:52:00-04:00,172.33999633789062,172.33999633789062,172.33999633789062,172.33999633789062,153,0.0,0.0
2024-08-06 12:58:00-04:00,172.19000244140625,172.19000244140625,172.19000244140625,172.19000244140625,109,0.0,0.0
2024-08-06 12:59:00-04:00,172.49000549316406,172.49000549316406,172.49000549316406,172.49000549316406,481,0.0,0.0
2024-08-06 13:04:00-04:00,172.14500427246094,172.14500427246094,172.14500427246094,172.14500427246094,113,0.0,0.0
2024-08-06 13:08:00-04:00,172.5399932861328,172.5399932861328,172.5399932861328,172.5399932861328,139,0.0,0.0
2024-08-06 13:13:00-04:00,172.5399932861328,172.5399932861328,172.1649932861328,172.1649932861328,549,0.0,0.0
2024-08-06 13:15:00-04:00,172.10000610351562,172.10000610351562,172.10000610351562,172.10000610351562,192,0.0,0.0
2024-08-06 13:22:00-04:00,172.00999450683594,172.00999450683594,172.00999450683594,172.00999450683594,127,0.0,0.0
2024-08-06 13:23:00-04:00,172.1199951171875,172.1199951171875,172.1199951171875,172.1199951171875,1168,0.0,0.0
2024-08-06 13:30:00-04:00,172.13999938964844,172.13999938964844,172.13999938964844,172.13999938964844,422,0.0,0.0
2024-08-06 13:43:00-04:00,172.17999267578125,172.17999267578125,171.61500549316406,171.61500549316406,1291,0.0,0.0
2024-08-06 13:45:00-04:00,171.4600067138672,171.4600067138672,171.4600067138672,171.4600067138672,119,0.0,0.0
2024-08-06 13:46:00-04:00,171.44500732421875,171.58999633789062,171.39999389648438,171.39999389648438,1155,0.0,0.0
2024-08-06 13:47:00-04:00,171.6199951171875,171.6199951171875,171.6199951171875,171.6199951171875,672,0.0,0.0
2024-08-06 14:05:00-04:00,171.875,171.875,171.875,171.875,108,0.0,0.0
2024-08-06 14:07:00-04:00,171.9340057373047,171.9340057373047,171.9340057373047,171.9340057373047,390,0.0,0.0
2024-08-06 14:08:00-04:00,171.9499969482422,171.99000549316406,171.78500366210938,171.875,1788,0.0,0.0
2024-08-06 14:09:00-04:00,172.0500030517578,172.0841064453125,172.0500030517578,172.0841064453125,258,0.0,0.0
2024-08-06 14:10:00-04:00,172.1699981689453,172.1699981689453,172.1699981689453,172.1699981689453,524,0.0,0.0
2024-08-06 14:16:00-04:00,172.4199981689453,172.49000549316406,172.4199981689453,172.49000549316406,717,0.0,0.0
2024-08-06 14:23:00-04:00,172.94000244140625,172.94000244140625,172.94000244140625,172.94000244140625,407,0.0,0.0
2024-08-06 14:28:00-04:00,172.8699951171875,172.8699951171875,172.8699951171875,172.8699951171875,161,0.0,0.0
2024-08-06 14:30:00-04:00,172.89999389648438,172.89999389648438,172.60000610351562,172.60000610351562,654,0.0,0.0
2024-08-06 14:34:00-04:00,172.2550048828125,172.2550048828125,172.2550048828125,172.2550048828125,103,0.0,0.0
2024-08-06 14:36:00-04:00,172.5800018310547,172.5800018310547,172.5800018310547,172.5800018310547,516,0.0,0.0
2024-08-06 14:40:00-04:00,172.82000732421875,172.82000732421875,172.82000732421875,172.82000732421875,249,0.0,0.0
2024-08-06 14:45:00-04:00,172.72999572753906,172.72999572753906,172.72999572753906,172.72999572753906,278,0.0,0.0
2024-08-06 14:47:00-04:00,172.72999572753906,172.72999572753906,172.72999572753906,172.72999572753906,233,0.0,0.0
2024-08-06 14:53:00-04:00,172.6699981689453,172.86000061035156,172.6699981689453,172.86000061035156,596,0.0,0.0
2024-08-06 14:56:00-04:00,172.11000061035156,172.11000061035156,172.11000061035156,172.11000061035156,165,0.0,0.0
2024-08-06 14:58:00-04:00,171.9499969482422,171.9499969482422,171.8800048828125,171.8800048828125,401,0.0,0.0
2024-08-06 14:59:00-04:00,171.9499969482422,171.9499969482422,171.9499969482422,171.9499969482422,105,0.0,0.0
2024-08-06 15:00:00-04:00,171.82000732421875,171.82000732421875,171.77000427246094,171.77000427246094,343,0.0,0.0
2024-08-06 15:02:00-04:00,171.5050048828125,171.5050048828125,171.5050048828125,171.5050048828125,248,0.0,0.0
2024-08-06 15:04:00-04:00,171.75,171.94000244140625,171.75,171.89999389648438,655,0.0,0.0
2024-08-06 15:06:00-04:00,171.94000244140625,171.9499969482422,171.94000244140625,171.9499969482422,759,0.0,0.0
2024-08-06 15:07:00-04:00,172.0,172.0,172.0,172.0,196,0.0,0.0
2024-08-06 15:11:00-04:00,171.29469299316406,171.29469299316406,171.29469299316406,171.29469299316406,560,0.0,0.0
2024-08-06 15:16:00-04:00,171.5399932861328,171.5399932861328,171.5399932861328,171.5399932861328,136,0.0,0.0
2024-08-06 15:17:00-04:00,171.48500061035156,171.48500061035156,171.48500061035156,171.48500061035156,145,0.0,0.0
2024-08-06 15:21:00-04:00,172.0500030517578,172.0500030517578,172.0500030517578,172.0500030517578,976,0.0,0.0
2024-08-06 15:23:00-04:00,172.52000427246094,172.52000427246094,172.52000427246094,172.52000427246094,231,0.0,0.0
2024-08-06 15:24:00-04:00,172.58999633789062,172.58999633789062,172.58999633789062,172.58999633789062,114,0.0,0.0
2024-08-06 15:25:00-04:00,172.64999389648438,172.64999389648438,172.64999389648438,172.64999389648438,732,0.0,0.0
2024-08-06 15:31:00-04:00,172.36500549316406,172.36500549316406,172.36500549316406,172.36500549316406,119,0.0,0.0
2024-08-06 15:32:00-04:00,172.13999938964844,172.13999938964844,172.0399932861328,172.0399932861328,435,0.0,0.0
2024-08-06 15:33:00-04:00,171.84500122070312,171.84500122070312,171.84500122070312,171.84500122070312,212,0.0,0.0
2024-08-06 15:35:00-04:00,171.47000122070312,171.47000122070312,171.47000122070312,171.47000122070312,252,0.0,0.0
2024-08-06 15:37:00-04:00,170.9949951171875,170.9949951171875,170.9949951171875,170.9949951171875,187,0.0,0.0
2024-08-06 15:38:00-04:00,171.46499633789062,171.46499633789062,171.46499633789062,171.46499633789062,274,0.0,0.0
2024-08-06 15:42:00-04:00,171.36500549316406,171.36500549316406,171.36500549316406,171.36500549316406,572,0.0,0.0
2024-08-06 15:44:00-04:00,171.11000061035156,171.11000061035156,171.11000061035156,171.11000061035156,369,0.0,0.0
2024-08-06 15:45:00-04:00,171.0800018310547,171.0800018310547,170.6699981689453,170.6699981689453,569,0.0,0.0
2024-08-06 15:47:00-04:00,170.42999267578125,170.42999267578125,170.42999267578125,170.42999267578125,463,0.0,0.0
2024-08-06 15:48:00-04:00,170.27499389648438,170.27499389648438,170.25999450683594,170.25999450683594,331,0.0,0.0
2024-08-06 15:49:00-04:00,170.27499389648438,170.5800018310547,170.27499389648438,170.5800018310547,680,0.0,0.0
2024-08-06 15:50:00-04:00,170.67999267578125,170.67999267578125,170.67999267578125,170.67999267578125,216,0.0,0.0
2024-08-06 15:51:00-04:00,170.77000427246094,170.77000427246094,170.7550048828125,170.7550048828125,1121,0.0,0.0
2024-08-06 15:52:00-04:00,170.52999877929688,170.52999877929688,170.52999877929688,170.52999877929688,615,0.0,0.0
2024-08-06 15:53:00-04:00,170.6199951171875,170.6199951171875,170.4550018310547,170.4550018310547,438,0.0,0.0
2024-08-06 15:54:00-04:00,170.66000366210938,170.66000366210938,170.66000366210938,170.66000366210938,203,0.0,0.0
2024-08-06 15:55:00-04:00,170.28500366210938,170.61000061035156,170.28500366210938,170.61000061035156,971,0.0,0.0
2024-08-06 15:56:00-04:00,170.8300018310547,171.38999938964844,170.8300018310547,171.38999938964844,4067,0.0,0.0
2024-08-06 15:57:00-04:00,171.10000610351562,171.22000122070312,171.07000732421875,171.22000122070312,1270,0.0,0.0
2024-08-06 15:58:00-04:00,171.19500732421875,171.19500732421875,171.19500732421875,171.19500732421875,426,0.0,0.0
2024-08-06 15:59:00-04:00,171.30999755859375,171.75999450683594,171.19500732421875,171.75999450683594,2840,0.0,0.0
2024-08-07 09:30:00-04:00,174.4600067138672,174.4600067138672,174.4600067138672,174.4600067138672,455,0.0,0.0
2024-08-07 09:47:00-04:00,173.99000549316406,173.99000549316406,173.99000549316406,173.99000549316406,240,0.0,0.0
2024-08-07 10:01:00-04:00,173.8699951171875,173.8699951171875,173.8699951171875,173.8699951171875,944,0.0,0.0
2024-08-07 10:17:00-04:00,171.82000732421875,171.82000732421875,171.82000732421875,171.82000732421875,311,0.0,0.0
2024-08-07 10:20:00-04:00,171.65040588378906,171.65040588378906,171.65040588378906,171.65040588378906,206,0.0,0.0
2024-08-07 10:24:00-04:00,171.5500030517578,171.5500030517578,171.5500030517578,171.5500030517578,139,0.0,0.0
2024-08-07 10:26:00-04:00,170.92999267578125,170.92999267578125,170.92999267578125,170.92999267578125,606,0.0,0.0
2024-08-07 10:44:00-04:00,170.5800018310547,170.60000610351562,170.5449981689453,170.5449981689453,1153,0.0,0.0
2024-08-07 10:52:00-04:00,171.42999267578125,171.42999267578125,171.42999267578125,171.42999267578125,967,0.0,0.0
2024-08-07 11:09:00-04:00,171.27499389648438,171.27499389648438,171.27499389648438,171.27499389648438,146,0.0,0.0
2024-08-07 11:12:00-04:00,171.4759979248047,171.4759979248047,171.4759979248047,171.4759979248047,1485,0.0,0.0
2024-08-07 11:42:00-04:00,170.2899932861328,170.2899932861328,170.2899932861328,170.2899932861328,974,0.0,0.0
2024-08-07 11:48:00-04:00,169.35000610351562,169.625,169.30999755859375,169.30999755859375,1439,0.0,0.0
2024-08-07 11:49:00-04:00,169.69000244140625,169.8699951171875,169.30999755859375,169.5,1107,0.0,0.0
2024-08-07 11:55:00-04:00,170.05499267578125,170.05499267578125,170.05499267578125,170.05499267578125,134,0.0,0.0
2024-08-07 11:56:00-04:00,170.3800048828125,170.38999938964844,170.33999633789062,170.38999938964844,1108,0.0,0.0
2024-08-07 11:57:00-04:00,170.77999877929688,171.00999450683594,170.77999877929688,170.91000366210938,744,0.0,0.0
2024-08-07 11:59:00-04:00,170.69000244140625,170.9499969482422,170.64999389648438,170.9499969482422,772,0.0,0.0
2024-08-07 12:00:00-04:00,170.96499633789062,170.96499633789062,170.96499633789062,170.96499633789062,103,0.0,0.0
2024-08-07 12:03:00-04:00,170.97000122070312,170.98500061035156,170.9499969482422,170.98500061035156,1126,0.0,0.0
2024-08-07 12:10:00-04:00,170.86000061035156,170.86000061035156,170.86000061035156,170.86000061035156,349,0.0,0.0
2024-08-07 12:13:00-04:00,171.0500030517578,171.0500030517578,170.98500061035156,170.98500061035156,301,0.0,0.0
2024-08-07 12:14:00-04:00,171.0449981689453,171.0449981689453,171.0449981689453,171.0449981689453,146,0.0,0.0
2024-08-07 12:21:00-04:00,171.22909545898438,171.22909545898438,171.22909545898438,171.22909545898438,261,0.0,0.0
2024-08-07 12:24:00-04:00,171.0,171.0,171.0,171.0,416,0.0,0.0
2024-08-07 12:25:00-04:00,171.0,171.0,171.0,171.0,139,0.0,0.0
2024-08-07 12:28:00-04:00,171.3988037109375,171.3988037109375,171.3988037109375,171.3988037109375,123,0.0,0.0
2024-08-07 12:31:00-04:00,171.0,171.0,171.0,171.0,154,0.0,0.0
2024-08-07 12:33:00-04:00,170.74000549316406,170.74000549316406,170.74000549316406,170.74000549316406,240,0.0,0.0
2024-08-07 12:34:00-04:00,171.0800018310547,171.0800018310547,171.0800018310547,171.0800018310547,313,0.0,0.0
2024-08-07 12:48:00-04:00,170.58999633789062,170.58999633789062,170.58999633789062,170.58999633789062,110,0.0,0.0
2024-08-07 12:49:00-04:00,170.5850067138672,170.67999267578125,170.4199981689453,170.67999267578125,722,0.0,0.0
2024-08-07 12:50:00-04:00,170.8699951171875,170.8699951171875,170.8699951171875,170.8699951171875,251,0.0,0.0
2024-08-07 12:52:00-04:00,170.75999450683594,170.8249969482422,170.6199951171875,170.8249969482422,979,0.0,0.0
2024-08-07 12:53:00-04:00,170.6999969482422,170.6999969482422,170.40499877929688,170.40499877929688,857,0.0,0.0
2024-08-07 12:54:00-04:00,170.64999389648438,170.68499755859375,170.64999389648438,170.68499755859375,431,0.0,0.0
2024-08-07 12:55:00-04:00,170.6999969482422,170.73500061035156,170.5399932861328,170.73500061035156,1638,0.0,0.0
2024-08-07 12:56:00-04:00,170.8249969482422,170.89999389648438,170.80499267578125,170.89999389648438,715,0.0,0.0
2024-08-07 12:57:00-04:00,170.7550048828125,170.9600067138672,170.7550048828125,170.9600067138672,785,0.0,0.0
2024-08-07 12:59:00-04:00,170.97000122070312,170.97000122070312,170.85000610351562,170.9149932861328,668,0.0,0.0
2024-08-07 13:00:00-04:00,170.64500427246094,170.64500427246094,170.64500427246094,170.64500427246094,106,0.0,0.0
2024-08-07 13:01:00-04:00,170.64500427246094,170.8000030517578,170.64500427246094,170.77999877929688,968,0.0,0.0
2024-08-07 13:03:00-04:00,171.0,171.0,170.65499877929688,170.65499877929688,426,0.0,0.0
2024-08-07 13:08:00-04:00,171.0,171.0,170.60000610351562,170.60000610351562,644,0.0,0.0
2024-08-07 13:09:00-04:00,170.6999969482422,170.6999969482422,170.61500549316406,170.61500549316406,201,0.0,0.0
2024-08-07 13:10:00-04:00,170.86000061035156,170.86000061035156,170.86000061035156,170.86000061035156,483,0.0,0.0
2024-08-07 13:11:00-04:00,170.67999267578125,170.8000030517578,170.5,170.8000030517578,798,0.0,0.0
2024-08-07 13:12:00-04:00,170.8000030517578,170.85000610351562,170.5,170.5,2300,0.0,0.0
2024-08-07 13:18:00-04:00,169.5399932861328,169.5399932861328,169.5399932861328,169.5399932861328,102,0.0,0.0
2024-08-07 13:21:00-04:00,169.4199981689453,169.4199981689453,169.4199981689453,169.4199981689453,142,0.0,0.0
2024-08-07 13:23:00-04:00,169.0500030517578,169.0500030517578,169.0500030517578,169.0500030517578,100,0.0,0.0
2024-08-07 13:24:00-04:00,169.22000122070312,169.22000122070312,169.22000122070312,169.22000122070312,647,0.0,0.0
2024-08-07 13:27:00-04:00,169.5800018310547,169.5800018310547,169.5800018310547,169.5800018310547,197,0.0,0.0
2024-08-07 13:28:00-04:00,169.35000610351562,169.4600067138672,169.35000610351562,169.4600067138672,673,0.0,0.0
2024-08-07 13:30:00-04:00,169.39999389648438,169.39999389648438,169.39999389648438,169.39999389648438,102,0.0,0.0
2024-08-07 13:32:00-04:00,169.58999633789062,169.58999633789062,169.58999633789062,169.58999633789062,100,0.0,0.0
2024-08-07 13:33:00-04:00,169.5800018310547,170.1199951171875,169.5800018310547,169.77499389648438,1204,0.0,0.0
2024-08-07 13:34:00-04:00,169.9499969482422,169.9499969482422,169.77499389648438,169.77499389648438,625,0.0,0.0
2024-08-07 13:36:00-04:00,170.24000549316406,170.25999450683594,170.24000549316406,170.25999450683594,305,0.0,0.0
2024-08-07 13:40:00-04:00,170.27000427246094,170.27000427246094,170.27000427246094,170.27000427246094,0,0.0,0.0
2024-08-07 13:43:00-04:00,170.32000732421875,170.3350067138672,170.25,170.3350067138672,35460,0.0,0.0
2024-08-07 13:45:00-04:00,170.49000549316406,170.49000549316406,170.49000549316406,170.49000549316406,377,0.0,0.0
2024-08-07 13:46:00-04:00,170.36000061035156,170.60000610351562,170.35000610351562,170.60000610351562,1098,0.0,0.0
2024-08-07 13:47:00-04:00,171.0,171.0,170.3000030517578,170.6750030517578,881,0.0,0.0
2024-08-07 13:51:00-04:00,170.44580078125,170.44580078125,170.44580078125,170.44580078125,213,0.0,0.0
2024-08-07 13:52:00-04:00,170.39500427246094,170.97000122070312,170.1999969482422,170.4949951171875,2649,0.0,0.0
2024-08-07 13:53:00-04:00,170.5500030517578,170.5500030517578,170.5500030517578,170.5500030517578,345,0.0,0.0
2024-08-07 13:54:00-04:00,170.49000549316406,170.49000549316406,170.4149932861328,170.4149932861328,969,0.0,0.0
2024-08-07 13:56:00-04:00,170.86000061035156,170.9499969482422,170.25,170.6699981689453,1632,0.0,0.0
2024-08-07 13:57:00-04:00,170.6699981689453,170.6699981689453,170.5050048828125,170.63999938964844,834,0.0,0.0
2024-08-07 13:58:00-04:00,170.4499969482422,170.8699951171875,170.1999969482422,170.25,2984,0.0,0.0
2024-08-07 13:59:00-04:00,170.56500244140625,170.74000549316406,170.5,170.74000549316406,2551,0.0,0.0
2024-08-07 14:00:00-04:00,170.61000061035156,170.61000061035156,170.57000732421875,170.61000061035156,631,0.0,0.0
2024-08-07 14:07:00-04:00,170.22000122070312,170.22000122070312,170.22000122070312,170.22000122070312,622,0.0,0.0
2024-08-07 14:09:00-04:00,170.1199951171875,170.1199951171875,170.1199951171875,170.1199951171875,365,0.0,0.0
2024-08-07 14:12:00-04:00,168.9499969482422,168.9499969482422,168.9499969482422,168.9499969482422,596,0.0,0.0
2024-08-07 14:21:00-04:00,168.9199981689453,168.9199981689453,168.9199981689453,168.9199981689453,513,0.0,0.0
2024-08-07 14:22:00-04:00,169.1300048828125,169.1300048828125,169.1300048828125,169.1300048828125,454,0.0,0.0
2024-08-07 14:31:00-04:00,168.70750427246094,168.70750427246094,168.70750427246094,168.70750427246094,609,0.0,0.0
2024-08-07 14:42:00-04:00,168.5500030517578,168.5500030517578,168.5500030517578,168.5500030517578,395,0.0,0.0
2024-08-07 14:46:00-04:00,168.82000732421875,168.82000732421875,168.82000732421875,168.82000732421875,184,0.0,0.0
2024-08-07 14:47:00-04:00,168.69500732421875,168.69500732421875,168.69500732421875,168.69500732421875,356,0.0,0.0
2024-08-07 14:49:00-04:00,168.97000122070312,168.99000549316406,168.97000122070312,168.99000549316406,356,0.0,0.0
2024-08-07 14:50:00-04:00,169.22000122070312,169.22999572753906,169.22000122070312,169.22999572753906,1077,0.0,0.0
2024-08-07 15:06:00-04:00,170.27000427246094,170.3000030517578,170.27000427246094,170.3000030517578,476,0.0,0.0
2024-08-07 15:12:00-04:00,170.24000549316406,170.24000549316406,170.24000549316406,170.24000549316406,194,0.0,0.0
2024-08-07 15:14:00-04:00,169.97000122070312,169.97000122070312,169.97000122070312,169.97000122070312,207,0.0,0.0
2024-08-07 15:18:00-04:00,170.0449981689453,170.0449981689453,170.0449981689453,170.0449981689453,492,0.0,0.0
2024-08-07 15:27:00-04:00,169.75,169.75,169.75,169.75,164,0.0,0.0
2024-08-07 15:28:00-04:00,170.02000427246094,170.02000427246094,170.00999450683594,170.00999450683594,1990,0.0,0.0
2024-08-07 15:37:00-04:00,170.08999633789062,170.14999389648438,170.08999633789062,170.14999389648438,805,0.0,0.0
2024-08-07 15:40:00-04:00,170.38499450683594,170.38499450683594,170.38499450683594,170.38499450683594,236,0.0,0.0
2024-08-07 15:41:00-04:00,170.1300048828125,170.1300048828125,170.1300048828125,170.1300048828125,227,0.0,0.0
2024-08-07 15:44:00-04:00,170.10000610351562,170.10000610351562,170.10000610351562,170.10000610351562,134,0.0,0.0
2024-08-07 15:56:00-04:00,169.3000030517578,169.3000030517578,169.3000030517578,169.3000030517578,3067,0.0,0.0
2024-08-07 15:59:00-04:00,169.63999938964844,170.0,169.0399932861328,170.0,10093,0.0,0.0
2024-08-08 09:30:00-04:00,172.08999633789062,172.08999633789062,172.08999633789062,172.08999633789062,355,0.0,0.0
2024-08-08 09:53:00-04:00,171.67999267578125,171.67999267578125,170.7100067138672,170.7100067138672,455,0.0,0.0
2024-08-08 10:02:00-04:00,171.24000549316406,171.24000549316406,171.24000549316406,171.24000549316406,377,0.0,0.0
2024-08-08 10:07:00-04:00,171.16000366210938,171.16000366210938,171.14999389648438,171.16000366210938,383,0.0,0.0
2024-08-08 10:11:00-04:00,171.52000427246094,171.52000427246094,171.52000427246094,171.52000427246094,111,0.0,0.0
2024-08-08 10:20:00-04:00,171.47000122070312,171.47000122070312,171.47000122070312,171.47000122070312,281,0.0,0.0
2024-08-08 10:26:00-04:00,171.74000549316406,171.74000549316406,171.74000549316406,171.74000549316406,255,0.0,0.0
2024-08-08 10:43:00-04:00,171.2100067138672,171.2100067138672,171.1999969482422,171.1999969482422,645,0.0,0.0
2024-08-08 10:44:00-04:00,171.49000549316406,171.49000549316406,171.49000549316406,171.49000549316406,1064,0.0,0.0
2024-08-08 11:33:00-04:00,172.19000244140625,172.39999389648438,172.19000244140625,172.39999389648438,913,0.0,0.0
2024-08-08 11:36:00-04:00,172.30999755859375,172.39999389648438,172.30999755859375,172.39999389648438,714,0.0,0.0
2024-08-08 11:42:00-04:00,172.08999633789062,172.08999633789062,172.08999633789062,172.08999633789062,100,0.0,0.0
2024-08-08 11:43:00-04:00,172.08999633789062,172.33999633789062,172.08999633789062,172.33999633789062,1261,0.0,0.0
2024-08-08 12:05:00-04:00,172.88999938964844,172.88999938964844,172.88999938964844,172.88999938964844,1381,0.0,0.0
2024-08-08 12:11:00-04:00,172.4600067138672,172.75999450683594,172.4600067138672,172.75999450683594,924,0.0,0.0
2024-08-08 12:14:00-04:00,172.58999633789062,172.82000732421875,172.4250030517578,172.82000732421875,1332,0.0,0.0
2024-08-08 12:17:00-04:00,172.8000030517578,172.89999389648438,172.10000610351562,172.89999389648438,1852,0.0,0.0
2024-08-08 12:19:00-04:00,172.91000366210938,172.91000366210938,172.89999389648438,172.89999389648438,1260,0.0,0.0
2024-08-08 12:21:00-04:00,172.94000244140625,172.94000244140625,172.94000244140625,172.94000244140625,387,0.0,0.0
2024-08-08 12:23:00-04:00,172.9600067138672,172.9600067138672,172.9600067138672,172.9600067138672,500,0.0,0.0
2024-08-08 12:25:00-04:00,173.14999389648438,173.14999389648438,173.14999389648438,173.14999389648438,102,0.0,0.0
2024-08-08 12:27:00-04:00,173.16000366210938,173.2100067138672,173.16000366210938,173.2100067138672,933,0.0,0.0
2024-08-08 12:31:00-04:00,173.49000549316406,173.49000549316406,173.49000549316406,173.49000549316406,403,0.0,0.0
2024-08-08 12:35:00-04:00,172.94000244140625,173.44000244140625,172.94000244140625,173.27000427246094,1027,0.0,0.0
2024-08-08 12:36:00-04:00,173.50999450683594,173.69000244140625,173.3300018310547,173.52000427246094,4554,0.0,0.0
2024-08-08 12:37:00-04:00,173.3000030517578,173.5,172.96499633789062,172.96499633789062,1266,0.0,0.0
2024-08-08 12:38:00-04:00,173.32000732421875,173.72999572753906,173.2100067138672,173.35000610351562,5669,0.0,0.0
2024-08-08 12:39:00-04:00,173.25,173.94000244140625,173.25,173.89999389648438,5408,0.0,0.0
2024-08-08 12:40:00-04:00,173.625,174.16000366210938,173.625,173.99000549316406,1740,0.0,0.0
2024-08-08 12:41:00-04:00,173.80999755859375,173.91000366210938,173.8000030517578,173.91000366210938,1731,0.0,0.0
2024-08-08 12:43:00-04:00,173.89999389648438,174.02999877929688,173.36000061035156,173.6999969482422,1442,0.0,0.0
2024-08-08 12:45:00-04:00,173.89999389648438,173.89999389648438,173.89999389648438,173.89999389648438,248,0.0,0.0
2024-08-08 12:52:00-04:00,174.08999633789062,174.08999633789062,174.08999633789062,174.08999633789062,744,0.0,0.0
2024-08-08 13:06:00-04:00,173.3800048828125,173.5,173.3800048828125,173.5,732,0.0,0.0
2024-08-08 13:07:00-04:00,173.6300048828125,173.63499450683594,173.39999389648438,173.39999389648438,1762,0.0,0.0
2024-08-08 13:13:00-04:00,173.89999389648438,173.89999389648438,173.66000366210938,173.75999450683594,767,0.0,0.0
2024-08-08 13:19:00-04:00,173.7899932861328,173.79989624023438,173.7899932861328,173.79989624023438,390,0.0,0.0
2024-08-08 13:23:00-04:00,173.47000122070312,173.47000122070312,173.47000122070312,173.47000122070312,365,0.0,0.0
2024-08-08 13:29:00-04:00,174.0500030517578,174.0500030517578,174.0500030517578,174.0500030517578,195,0.0,0.0
2024-08-08 13:30:00-04:00,174.0800018310547,174.0800018310547,174.0800018310547,174.0800018310547,192,0.0,0.0
2024-08-08 13:31:00-04:00,173.94500732421875,173.94500732421875,173.94500732421875,173.94500732421875,332,0.0,0.0
2024-08-08 13:42:00-04:00,174.33099365234375,174.33099365234375,174.33099365234375,174.33099365234375,862,0.0,0.0
2024-08-08 13:52:00-04:00,174.3699951171875,174.3699951171875,174.3699951171875,174.3699951171875,383,0.0,0.0
2024-08-08 14:02:00-04:00,174.25999450683594,174.25999450683594,174.25999450683594,174.25999450683594,950,0.0,0.0
2024-08-08 14:07:00-04:00,174.25,174.25,174.25,174.25,654,0.0,0.0
2024-08-08 14:15:00-04:00,174.60000610351562,174.60000610351562,174.60000610351562,174.60000610351562,713,0.0,0.0
2024-08-08 14:19:00-04:00,174.77000427246094,174.99000549316406,174.77000427246094,174.99000549316406,330,0.0,0.0
2024-08-08 14:27:00-04:00,174.5,174.5,174.22500610351562,174.25,1003,0.0,0.0
2024-08-08 14:30:00-04:00,174.6699981689453,174.86000061035156,174.6699981689453,174.86000061035156,584,0.0,0.0
2024-08-08 14:33:00-04:00,174.3699951171875,174.3699951171875,174.3699951171875,174.3699951171875,277,0.0,0.0
2024-08-08 14:35:00-04:00,174.68080139160156,174.68080139160156,174.68080139160156,174.68080139160156,343,0.0,0.0
2024-08-08 14:39:00-04:00,174.64999389648438,174.64999389648438,174.64999389648438,174.64999389648438,197,0.0,0.0
2024-08-08 14:42:00-04:00,174.92999267578125,174.92999267578125,174.92999267578125,174.92999267578125,323,0.0,0.0
2024-08-08 14:43:00-04:00,174.9199981689453,174.9199981689453,174.9199981689453,174.9199981689453,766,0.0,0.0
2024-08-08 14:52:00-04:00,174.80999755859375,174.80999755859375,174.80999755859375,174.80999755859375,134,0.0,0.0
2024-08-08 14:55:00-04:00,174.82000732421875,174.82000732421875,174.82000732421875,174.82000732421875,279,0.0,0.0
2024-08-08 14:57:00-04:00,174.6199951171875,174.6199951171875,174.6199951171875,174.6199951171875,508,0.0,0.0
2024-08-08 15:06:00-04:00,174.1649932861328,174.1649932861328,174.1649932861328,174.1649932861328,790,0.0,0.0
2024-08-08 15:20:00-04:00,174.24000549316406,174.39999389648438,174.24000549316406,174.39999389648438,991,0.0,0.0
2024-08-08 15:22:00-04:00,174.64999389648438,174.64999389648438,174.64999389648438,174.64999389648438,147,0.0,0.0
2024-08-08 15:24:00-04:00,174.5399932861328,174.5399932861328,174.5399932861328,174.5399932861328,646,0.0,0.0
2024-08-08 15:32:00-04:00,174.1300048828125,174.1300048828125,174.1300048828125,174.1300048828125,456,0.0,0.0
2024-08-08 15:36:00-04:00,173.67999267578125,173.67999267578125,173.67999267578125,173.67999267578125,535,0.0,0.0
2024-08-08 15:43:00-04:00,173.77999877929688,173.7899932861328,173.77999877929688,173.7899932861328,929,0.0,0.0
2024-08-08 15:45:00-04:00,173.94000244140625,173.97000122070312,173.94000244140625,173.97000122070312,295,0.0,0.0
2024-08-08 15:48:00-04:00,174.07000732421875,174.2550048828125,174.07000732421875,174.2550048828125,795,0.0,0.0
2024-08-08 15:50:00-04:00,174.16000366210938,174.16000366210938,174.16000366210938,174.16000366210938,277,0.0,0.0
2024-08-08 15:51:00-04:00,174.07000732421875,174.07000732421875,174.07000732421875,174.07000732421875,519,0.0,0.0
2024-08-08 15:52:00-04:00,174.0749969482422,174.0749969482422,174.0749969482422,174.0749969482422,245,0.0,0.0
2024-08-08 15:53:00-04:00,174.32000732421875,174.32000732421875,174.32000732421875,174.32000732421875,512,0.0,0.0
2024-08-08 15:54:00-04:00,174.5850067138672,174.5850067138672,174.5850067138672,174.5850067138672,184,0.0,0.0
2024-08-08 15:55:00-04:00,174.3699951171875,174.3699951171875,174.3699951171875,174.3699951171875,177,0.0,0.0
2024-08-08 15:57:00-04:00,174.4600067138672,174.4600067138672,174.4600067138672,174.4600067138672,755,0.0,0.0
2024-08-08 15:58:00-04:00,174.5,174.6999969482422,174.5,174.6999969482422,559,0.0,0.0
2024-08-08 15:59:00-04:00,174.72000122070312,175.19000244140625,174.72000122070312,175.13999938964844,3339,0.0,0.0
2024-08-09 09:30:00-04:00,175.5500030517578,175.5500030517578,175.5500030517578,175.5500030517578,622,0.0,0.0
2024-08-09 09:44:00-04:00,172.89999389648438,173.09500122070312,172.89999389648438,173.09500122070312,669,0.0,0.0
2024-08-09 09:45:00-04:00,173.05499267578125,173.47000122070312,173.05499267578125,173.4199981689453,1241,0.0,0.0
2024-08-09 10:07:00-04:00,172.64999389648438,172.64999389648438,172.64999389648438,172.64999389648438,370,0.0,0.0
2024-08-09 10:12:00-04:00,171.80999755859375,171.80999755859375,171.80999755859375,171.80999755859375,368,0.0,0.0
2024-08-09 10:13:00-04:00,172.17999267578125,172.17999267578125,172.17999267578125,172.17999267578125,472,0.0,0.0
2024-08-09 10:15:00-04:00,171.80999755859375,171.80999755859375,171.80999755859375,171.80999755859375,150,0.0,0.0
2024-08-09 10:18:00-04:00,171.13999938964844,171.13999938964844,171.13999938964844,171.13999938964844,1163,0.0,0.0
2024-08-09 10:58:00-04:00,171.1199951171875,171.75,171.1199951171875,171.75,1525,0.0,0.0
2024-08-09 10:59:00-04:00,171.05999755859375,171.05999755859375,171.05999755859375,171.05999755859375,457,0.0,0.0
2024-08-09 11:08:00-04:00,171.79249572753906,171.79249572753906,171.79249572753906,171.79249572753906,113,0.0,0.0
2024-08-09 11:09:00-04:00,171.27999877929688,171.27999877929688,171.27999877929688,171.27999877929688,2068,0.0,0.0
2024-08-09 11:31:00-04:00,170.64999389648438,170.64999389648438,170.64999389648438,170.64999389648438,477,0.0,0.0
2024-08-09 11:38:00-04:00,170.2100067138672,170.2100067138672,170.2100067138672,170.2100067138672,310,0.0,0.0
2024-08-09 11:47:00-04:00,170.8300018310547,170.8300018310547,170.8300018310547,170.8300018310547,407,0.0,0.0
2024-08-09 11:56:00-04:00,170.0800018310547,170.0800018310547,170.07000732421875,170.07000732421875,432,0.0,0.0
2024-08-09 11:57:00-04:00,170.1300048828125,170.1300048828125,170.1300048828125,170.1300048828125,434,0.0,0.0
2024-08-09 12:09:00-04:00,170.14999389648438,170.14999389648438,170.02999877929688,170.02999877929688,622,0.0,0.0
2024-08-09 12:18:00-04:00,169.57000732421875,169.57000732421875,169.57000732421875,169.57000732421875,530,0.0,0.0
2024-08-09 12:25:00-04:00,169.74000549316406,169.74000549316406,169.74000549316406,169.74000549316406,2335,0.0,0.0
2024-08-09 12:56:00-04:00,169.96499633789062,169.96499633789062,169.96499633789062,169.96499633789062,726,0.0,0.0
2024-08-09 13:10:00-04:00,170.62210083007812,170.62210083007812,170.62210083007812,170.62210083007812,718,0.0,0.0
2024-08-09 13:24:00-04:00,171.0399932861328,171.0399932861328,171.0399932861328,171.0399932861328,1399,0.0,0.0
2024-08-09 13:51:00-04:00,170.39999389648438,170.39999389648438,170.39999389648438,170.39999389648438,437,0.0,0.0
2024-08-09 13:55:00-04:00,170.0,170.0,170.0,170.0,265,0.0,0.0
2024-08-09 14:04:00-04:00,169.9550018310547,169.9550018310547,169.9550018310547,169.9550018310547,1212,0.0,0.0
2024-08-09 14:11:00-04:00,170.39999389648438,170.41000366210938,170.39999389648438,170.41000366210938,402,0.0,0.0
2024-08-09 14:12:00-04:00,170.4149932861328,170.4149932861328,170.4149932861328,170.4149932861328,289,0.0,0.0
2024-08-09 14:18:00-04:00,170.83999633789062,170.8800048828125,170.83999633789062,170.8800048828125,1209,0.0,0.0
2024-08-09 14:28:00-04:00,170.83999633789062,170.97999572753906,170.8300018310547,170.97999572753906,444,0.0,0.0
2024-08-09 14:30:00-04:00,171.1699981689453,171.1699981689453,171.1699981689453,171.1699981689453,490,0.0,0.0
2024-08-09 14:34:00-04:00,171.14500427246094,171.14500427246094,170.94000244140625,170.94000244140625,788,0.0,0.0
2024-08-09 14:50:00-04:00,171.2899932861328,171.2899932861328,171.2899932861328,171.2899932861328,179,0.0,0.0
2024-08-09 14:52:00-04:00,171.52999877929688,171.52999877929688,171.52999877929688,171.52999877929688,440,0.0,0.0
2024-08-09 14:56:00-04:00,171.36500549316406,171.36500549316406,171.36500549316406,171.36500549316406,530,0.0,0.0
2024-08-09 15:02:00-04:00,171.50999450683594,171.69000244140625,171.50999450683594,171.69000244140625,253,0.0,0.0
2024-08-09 15:07:00-04:00,171.57000732421875,171.57000732421875,171.57000732421875,171.57000732421875,321,0.0,0.0
2024-08-09 15:08:00-04:00,171.5449981689453,171.5449981689453,171.5449981689453,171.5449981689453,1018,0.0,0.0
2024-08-09 15:21:00-04:00,171.3300018310547,171.3300018310547,171.3300018310547,171.3300018310547,284,0.0,0.0
2024-08-09 15:24:00-04:00,171.2100067138672,171.2100067138672,171.2100067138672,171.2100067138672,599,0.0,0.0
2024-08-09 15:27:00-04:00,171.02999877929688,171.02999877929688,171.02999877929688,171.02999877929688,715,0.0,0.0
2024-08-09 15:33:00-04:00,171.55999755859375,171.55999755859375,171.55999755859375,171.55999755859375,274,0.0,0.0
2024-08-09 15:34:00-04:00,171.42999267578125,171.42999267578125,171.42999267578125,171.42999267578125,598,0.0,0.0
2024-08-09 15:37:00-04:00,171.1199951171875,171.1199951171875,171.1199951171875,171.1199951171875,265,0.0,0.0
2024-08-09 15:38:00-04:00,170.99000549316406,171.0,170.99000549316406,171.0,457,0.0,0.0
2024-08-09 15:40:00-04:00,171.08999633789062,171.08999633789062,170.94500732421875,170.94500732421875,676,0.0,0.0
2024-08-09 15:46:00-04:00,170.99099731445312,170.99099731445312,170.99099731445312,170.99099731445312,292,0.0,0.0
2024-08-09 15:47:00-04:00,171.1300048828125,171.1300048828125,171.1300048828125,171.1300048828125,492,0.0,0.0
2024-08-09 15:48:00-04:00,171.14999389648438,171.52999877929688,171.14999389648438,171.52999877929688,1036,0.0,0.0
2024-08-09 15:49:00-04:00,171.58999633789062,171.6199951171875,171.58999633789062,171.6199951171875,656,0.0,0.0
2024-08-09 15:51:00-04:00,172.0500030517578,172.0500030517578,172.0500030517578,172.0500030517578,1478,0.0,0.0
2024-08-09 15:52:00-04:00,171.7899932861328,171.7899932861328,171.5800018310547,171.7270050048828,1438,0.0,0.0
2024-08-09 15:53:00-04:00,171.72999572753906,171.72999572753906,171.6999969482422,171.6999969482422,409,0.0,0.0
2024-08-09 15:54:00-04:00,171.50999450683594,171.50999450683594,171.50999450683594,171.50999450683594,309,0.0,0.0
2024-08-09 15:55:00-04:00,171.5399932861328,171.5399932861328,171.5399932861328,171.5399932861328,927,0.0,0.0
2024-08-09 15:56:00-04:00,171.5800018310547,171.77000427246094,171.5800018310547,171.7449951171875,1006,0.0,0.0
2024-08-09 15:58:00-04:00,171.97000122070312,171.97000122070312,171.97000122070312,171.97000122070312,1152,0.0,0.0
2024-08-09 15:59:00-04:00,171.75,172.4499969482422,171.75,172.42999267578125,5688,0.0,0.0
