Datetime,Open,High,Low,Close,Volume,Dividends,Stock Splits
2024-08-05 09:30:00-04:00,91.81999969482422,92.0999984741211,90.94000244140625,91.02999877929688,80400,0.0,0.0
2024-08-05 09:31:00-04:00,91.54499816894531,92.0,90.8499984741211,91.2300033569336,25764,0.0,0.0
2024-08-05 09:32:00-04:00,91.30500030517578,91.5999984741211,91.1050033569336,91.54859924316406,3941,0.0,0.0
2024-08-05 09:33:00-04:00,91.36000061035156,92.39990234375,91.16999816894531,92.11000061035156,21774,0.0,0.0
2024-08-05 09:34:00-04:00,92.23999786376953,93.56999969482422,92.19000244140625,93.56999969482422,34780,0.0,0.0
2024-08-05 09:35:00-04:00,93.37999725341797,94.1050033569336,93.19999694824219,94.1050033569336,5717,0.0,0.0
2024-08-05 09:36:00-04:00,93.86000061035156,94.33999633789062,93.86000061035156,94.23999786376953,9312,0.0,0.0
2024-08-05 09:37:00-04:00,94.25,94.6500015258789,94.25,94.55500030517578,2926,0.0,0.0
2024-08-05 09:38:00-04:00,94.625,94.73999786376953,94.05999755859375,94.22000122070312,10750,0.0,0.0
2024-08-05 09:39:00-04:00,94.33999633789062,94.37999725341797,94.12000274658203,94.12000274658203,4299,0.0,0.0
2024-08-05 09:40:00-04:00,93.66999816894531,93.66999816894531,92.77999877929688,92.77999877929688,11752,0.0,0.0
2024-08-05 09:41:00-04:00,93.0999984741211,93.33999633789062,92.94499969482422,93.12999725341797,9604,0.0,0.0
2024-08-05 09:42:00-04:00,93.34719848632812,93.34719848632812,92.97000122070312,92.97000122070312,10249,0.0,0.0
2024-08-05 09:43:00-04:00,93.16999816894531,93.2750015258789,93.05000305175781,93.2750015258789,5205,0.0,0.0
2024-08-05 09:44:00-04:00,93.2750015258789,93.62000274658203,93.08000183105469,93.48500061035156,12172,0.0,0.0
2024-08-05 09:45:00-04:00,93.81999969482422,93.81999969482422,93.81999969482422,93.81999969482422,1353,0.0,0.0
2024-08-05 09:46:00-04:00,93.77999877929688,94.16000366210938,93.77999877929688,94.16000366210938,2169,0.0,0.0
2024-08-05 09:47:00-04:00,94.02999877929688,94.51000213623047,94.01000213623047,94.48999786376953,4359,0.0,0.0
2024-08-05 09:48:00-04:00,94.48999786376953,94.66999816894531,94.3499984741211,94.56500244140625,7712,0.0,0.0
2024-08-05 09:49:00-04:00,94.52749633789062,94.7699966430664,94.52749633789062,94.62999725341797,15958,0.0,0.0
2024-08-05 09:50:00-04:00,94.56999969482422,94.58999633789062,94.33260345458984,94.54000091552734,6085,0.0,0.0
2024-08-05 09:51:00-04:00,94.55000305175781,94.69000244140625,94.16999816894531,94.33000183105469,6040,0.0,0.0
2024-08-05 09:52:00-04:00,94.29000091552734,94.93000030517578,94.29000091552734,94.93000030517578,1163,0.0,0.0
2024-08-05 09:53:00-04:00,94.69000244140625,94.69000244140625,94.19000244140625,94.30999755859375,3230,0.0,0.0
2024-08-05 09:54:00-04:00,94.27189636230469,94.41000366210938,94.2300033569336,94.37999725341797,3085,0.0,0.0
2024-08-05 09:55:00-04:00,94.55999755859375,94.62000274658203,94.44000244140625,94.5199966430664,9027,0.0,0.0
2024-08-05 09:56:00-04:00,94.44000244140625,94.63999938964844,94.38500213623047,94.38500213623047,13542,0.0,0.0
2024-08-05 09:57:00-04:00,94.54000091552734,94.54000091552734,94.54000091552734,94.54000091552734,698,0.0,0.0
2024-08-05 09:58:00-04:00,94.5,94.67400360107422,94.4800033569336,94.67400360107422,4677,0.0,0.0
2024-08-05 09:59:00-04:00,94.7699966430664,94.83000183105469,94.68000030517578,94.69000244140625,4658,0.0,0.0
2024-08-05 10:00:00-04:00,94.77999877929688,95.43499755859375,94.77999877929688,95.43499755859375,11031,0.0,0.0
2024-08-05 10:01:00-04:00,95.33499908447266,96.02999877929688,95.33499908447266,96.02999877929688,16330,0.0,0.0
2024-08-05 10:02:00-04:00,95.9800033569336,96.06999969482422,95.87000274658203,95.95999908447266,10928,0.0,0.0
2024-08-05 10:03:00-04:00,95.9749984741211,96.12999725341797,95.86969757080078,95.9000015258789,950,0.0,0.0
2024-08-05 10:04:00-04:00,96.00499725341797,96.01000213623047,95.55000305175781,95.55000305175781,5178,0.0,0.0
2024-08-05 10:05:00-04:00,95.45999908447266,95.66000366210938,95.4000015258789,95.52999877929688,7775,0.0,0.0
2024-08-05 10:06:00-04:00,95.41000366210938,95.5999984741211,95.37000274658203,95.54000091552734,5394,0.0,0.0
2024-08-05 10:07:00-04:00,95.54000091552734,95.54000091552734,95.41999816894531,95.45999908447266,3812,0.0,0.0
2024-08-05 10:08:00-04:00,95.47000122070312,95.55000305175781,95.04000091552734,95.1500015258789,31329,0.0,0.0
2024-08-05 10:09:00-04:00,95.05999755859375,95.13999938964844,95.0,95.11499786376953,2519,0.0,0.0
2024-08-05 10:10:00-04:00,95.33000183105469,95.33000183105469,95.18000030517578,95.29000091552734,3134,0.0,0.0
2024-08-05 10:11:00-04:00,95.4800033569336,95.4800033569336,95.36000061035156,95.36499786376953,1636,0.0,0.0
2024-08-05 10:12:00-04:00,95.2699966430664,95.2699966430664,94.99500274658203,94.99500274658203,4477,0.0,0.0
2024-08-05 10:13:00-04:00,95.26000213623047,95.44999694824219,95.26000213623047,95.44999694824219,2427,0.0,0.0
2024-08-05 10:14:00-04:00,95.2699966430664,96.0,95.2699966430664,95.9800033569336,18186,0.0,0.0
2024-08-05 10:15:00-04:00,95.9000015258789,95.93000030517578,95.7699966430664,95.77999877929688,4222,0.0,0.0
2024-08-05 10:16:00-04:00,95.91000366210938,96.05999755859375,95.88999938964844,96.05999755859375,1278,0.0,0.0
2024-08-05 10:17:00-04:00,95.94999694824219,95.97540283203125,95.80000305175781,95.8499984741211,4867,0.0,0.0
2024-08-05 10:18:00-04:00,95.8550033569336,96.125,95.8550033569336,96.125,3561,0.0,0.0
2024-08-05 10:19:00-04:00,96.02999877929688,96.02999877929688,95.7699966430664,96.0,3745,0.0,0.0
2024-08-05 10:20:00-04:00,95.9000015258789,95.97000122070312,95.86000061035156,95.97000122070312,1290,0.0,0.0
2024-08-05 10:21:00-04:00,96.0,96.0999984741211,95.98500061035156,96.03500366210938,1799,0.0,0.0
2024-08-05 10:22:00-04:00,96.03500366210938,96.12000274658203,95.9000015258789,95.98500061035156,10743,0.0,0.0
2024-08-05 10:23:00-04:00,95.88999938964844,95.95999908447266,95.71499633789062,95.77999877929688,11084,0.0,0.0
2024-08-05 10:24:00-04:00,95.84500122070312,95.95999908447266,95.79000091552734,95.81999969482422,2571,0.0,0.0
2024-08-05 10:25:00-04:00,95.9800033569336,95.9800033569336,95.7699966430664,95.77999877929688,4327,0.0,0.0
2024-08-05 10:26:00-04:00,95.79499816894531,95.88500213623047,95.69999694824219,95.69999694824219,3220,0.0,0.0
2024-08-05 10:27:00-04:00,95.63999938964844,95.63999938964844,95.47000122070312,95.47000122070312,976,0.0,0.0
2024-08-05 10:28:00-04:00,95.55500030517578,95.61000061035156,95.37000274658203,95.37999725341797,3048,0.0,0.0
2024-08-05 10:29:00-04:00,95.47000122070312,95.47000122070312,95.3499984741211,95.3499984741211,1781,0.0,0.0
2024-08-05 10:30:00-04:00,95.38999938964844,95.45999908447266,95.30500030517578,95.30500030517578,2525,0.0,0.0
2024-08-05 10:31:00-04:00,95.38249969482422,95.79000091552734,95.38249969482422,95.55000305175781,2544,0.0,0.0
2024-08-05 10:32:00-04:00,95.62999725341797,95.63500213623047,95.41000366210938,95.44000244140625,3987,0.0,0.0
2024-08-05 10:33:00-04:00,95.55000305175781,95.58000183105469,95.55000305175781,95.58000183105469,442,0.0,0.0
2024-08-05 10:34:00-04:00,95.88999938964844,96.23249816894531,95.8550033569336,96.15499877929688,4270,0.0,0.0
2024-08-05 10:35:00-04:00,96.15499877929688,96.38999938964844,96.13999938964844,96.29000091552734,4381,0.0,0.0
2024-08-05 10:36:00-04:00,96.25,96.2699966430664,96.25,96.2699966430664,1354,0.0,0.0
2024-08-05 10:37:00-04:00,96.16999816894531,96.16999816894531,95.94999694824219,96.0250015258789,4224,0.0,0.0
2024-08-05 10:38:00-04:00,96.03500366210938,96.16999816894531,96.0,96.05000305175781,11225,0.0,0.0
2024-08-05 10:39:00-04:00,96.08999633789062,96.20999908447266,96.04000091552734,96.16999816894531,1778,0.0,0.0
2024-08-05 10:40:00-04:00,96.22000122070312,96.23999786376953,96.05999755859375,96.0999984741211,5668,0.0,0.0
2024-08-05 10:41:00-04:00,96.18000030517578,96.3499984741211,96.18000030517578,96.25,2636,0.0,0.0
2024-08-05 10:42:00-04:00,96.12999725341797,96.24500274658203,96.12999725341797,96.24500274658203,2626,0.0,0.0
2024-08-05 10:43:00-04:00,96.51000213623047,96.51000213623047,96.16999816894531,96.16999816894531,15629,0.0,0.0
2024-08-05 10:44:00-04:00,96.12000274658203,96.17250061035156,95.97000122070312,95.97000122070312,3939,0.0,0.0
2024-08-05 10:45:00-04:00,96.01000213623047,96.26000213623047,96.0,96.2300033569336,3759,0.0,0.0
2024-08-05 10:46:00-04:00,96.23999786376953,96.29000091552734,96.1500015258789,96.20402526855469,1813,0.0,0.0
2024-08-05 10:47:00-04:00,96.18000030517578,96.26499938964844,96.12999725341797,96.26499938964844,3543,0.0,0.0
2024-08-05 10:48:00-04:00,96.12000274658203,96.19999694824219,95.86000061035156,96.11499786376953,6180,0.0,0.0
2024-08-05 10:49:00-04:00,96.04000091552734,96.11499786376953,95.9800033569336,95.9800033569336,2569,0.0,0.0
2024-08-05 10:50:00-04:00,96.05500030517578,96.05500030517578,95.86000061035156,95.86000061035156,1498,0.0,0.0
2024-08-05 10:51:00-04:00,95.77999877929688,95.83499908447266,95.75,95.83499908447266,1606,0.0,0.0
2024-08-05 10:52:00-04:00,95.95999908447266,96.0,95.88999938964844,95.97000122070312,3668,0.0,0.0
2024-08-05 10:53:00-04:00,95.97000122070312,96.01499938964844,95.9000015258789,95.9000015258789,1257,0.0,0.0
2024-08-05 10:54:00-04:00,96.05999755859375,96.13999938964844,95.95999908447266,95.95999908447266,4155,0.0,0.0
2024-08-05 10:55:00-04:00,95.9801025390625,96.06500244140625,95.69999694824219,95.77999877929688,11009,0.0,0.0
2024-08-05 10:56:00-04:00,95.8499984741211,95.94499969482422,95.77999877929688,95.83999633789062,2750,0.0,0.0
2024-08-05 10:57:00-04:00,95.98500061035156,95.98500061035156,95.87000274658203,95.87000274658203,2393,0.0,0.0
2024-08-05 10:58:00-04:00,95.87999725341797,96.05999755859375,95.80000305175781,95.94499969482422,17267,0.0,0.0
2024-08-05 10:59:00-04:00,95.94999694824219,96.08000183105469,95.83999633789062,95.83999633789062,1347,0.0,0.0
2024-08-05 11:00:00-04:00,95.94499969482422,96.1050033569336,95.80999755859375,95.9800033569336,7863,0.0,0.0
2024-08-05 11:01:00-04:00,95.9800033569336,96.05500030517578,95.94000244140625,95.94999694824219,9042,0.0,0.0
2024-08-05 11:02:00-04:00,95.95999908447266,95.98999786376953,95.86000061035156,95.86000061035156,6582,0.0,0.0
2024-08-05 11:03:00-04:00,95.83999633789062,96.1500015258789,95.83999633789062,95.98999786376953,19430,0.0,0.0
2024-08-05 11:04:00-04:00,95.9800033569336,96.06999969482422,95.91000366210938,95.91999816894531,6835,0.0,0.0
2024-08-05 11:05:00-04:00,95.8499984741211,95.94000244140625,95.8375015258789,95.94000244140625,2631,0.0,0.0
2024-08-05 11:06:00-04:00,95.86000061035156,95.98999786376953,95.8499984741211,95.98999786376953,2580,0.0,0.0
2024-08-05 11:07:00-04:00,96.08999633789062,96.31500244140625,96.05000305175781,96.31500244140625,9180,0.0,0.0
2024-08-05 11:08:00-04:00,96.38999938964844,96.5999984741211,96.32250213623047,96.56999969482422,4992,0.0,0.0
2024-08-05 11:09:00-04:00,96.55500030517578,96.55500030517578,96.41000366210938,96.44999694824219,3683,0.0,0.0
2024-08-05 11:10:00-04:00,96.44999694824219,96.52999877929688,96.33000183105469,96.41500091552734,9909,0.0,0.0
2024-08-05 11:11:00-04:00,96.41999816894531,96.72000122070312,96.41999816894531,96.68499755859375,9658,0.0,0.0
2024-08-05 11:12:00-04:00,96.66000366210938,96.73999786376953,96.5,96.5,9509,0.0,0.0
2024-08-05 11:13:00-04:00,96.47000122070312,96.47000122070312,96.22000122070312,96.30999755859375,3776,0.0,0.0
2024-08-05 11:14:00-04:00,96.31500244140625,96.61000061035156,96.31500244140625,96.61000061035156,5876,0.0,0.0
2024-08-05 11:15:00-04:00,96.61000061035156,96.70500183105469,96.55999755859375,96.5999984741211,4907,0.0,0.0
2024-08-05 11:16:00-04:00,96.54000091552734,96.58000183105469,96.5,96.58000183105469,3324,0.0,0.0
2024-08-05 11:17:00-04:00,96.5999984741211,96.9000015258789,96.5999984741211,96.7405014038086,2305,0.0,0.0
2024-08-05 11:18:00-04:00,96.87999725341797,96.87999725341797,96.74030303955078,96.74030303955078,824,0.0,0.0
2024-08-05 11:19:00-04:00,96.79000091552734,96.83999633789062,96.72000122070312,96.83999633789062,1809,0.0,0.0
2024-08-05 11:20:00-04:00,96.81999969482422,96.83999633789062,96.80999755859375,96.80999755859375,435,0.0,0.0
2024-08-05 11:21:00-04:00,96.86000061035156,96.9800033569336,96.83070373535156,96.90499877929688,1411,0.0,0.0
2024-08-05 11:22:00-04:00,96.90499877929688,96.91000366210938,96.69999694824219,96.91000366210938,3597,0.0,0.0
2024-08-05 11:23:00-04:00,96.95999908447266,97.05000305175781,96.94000244140625,97.01000213623047,5493,0.0,0.0
2024-08-05 11:24:00-04:00,96.99150085449219,96.99150085449219,96.99150085449219,96.99150085449219,391,0.0,0.0
2024-08-05 11:25:00-04:00,97.06999969482422,97.06999969482422,96.91000366210938,96.91000366210938,1569,0.0,0.0
2024-08-05 11:26:00-04:00,97.06999969482422,97.0999984741211,97.0199966430664,97.0199966430664,885,0.0,0.0
2024-08-05 11:27:00-04:00,97.0199966430664,97.0199966430664,96.77999877929688,96.93000030517578,1846,0.0,0.0
2024-08-05 11:28:00-04:00,96.72000122070312,96.72000122070312,96.62000274658203,96.6500015258789,3787,0.0,0.0
2024-08-05 11:29:00-04:00,96.55000305175781,96.56999969482422,96.37000274658203,96.46410369873047,4948,0.0,0.0
2024-08-05 11:30:00-04:00,96.4749984741211,96.63999938964844,96.4749984741211,96.63999938964844,1852,0.0,0.0
2024-08-05 11:31:00-04:00,96.63500213623047,96.63500213623047,96.5199966430664,96.5999984741211,1950,0.0,0.0
2024-08-05 11:32:00-04:00,96.5999984741211,96.72000122070312,96.5999984741211,96.69499969482422,1447,0.0,0.0
2024-08-05 11:33:00-04:00,96.69499969482422,96.77999877929688,96.6364974975586,96.77999877929688,1269,0.0,0.0
2024-08-05 11:34:00-04:00,96.79499816894531,96.79499816894531,96.72000122070312,96.72000122070312,879,0.0,0.0
2024-08-05 11:35:00-04:00,96.8499984741211,96.87000274658203,96.8499984741211,96.87000274658203,502,0.0,0.0
2024-08-05 11:36:00-04:00,96.76000213623047,97.01000213623047,96.76000213623047,97.01000213623047,2165,0.0,0.0
2024-08-05 11:37:00-04:00,96.98500061035156,97.11000061035156,96.98500061035156,97.11000061035156,1127,0.0,0.0
2024-08-05 11:38:00-04:00,97.20999908447266,97.20999908447266,97.1552963256836,97.1552963256836,391,0.0,0.0
2024-08-05 11:39:00-04:00,97.25499725341797,97.26499938964844,97.25499725341797,97.26499938964844,626,0.0,0.0
2024-08-05 11:40:00-04:00,97.28500366210938,97.36000061035156,97.18000030517578,97.36000061035156,3020,0.0,0.0
2024-08-05 11:41:00-04:00,97.16999816894531,97.16999816894531,97.16999816894531,97.16999816894531,262,0.0,0.0
2024-08-05 11:42:00-04:00,97.36000061035156,97.36000061035156,97.30000305175781,97.33999633789062,893,0.0,0.0
2024-08-05 11:43:00-04:00,97.34500122070312,97.34500122070312,97.1500015258789,97.1500015258789,2417,0.0,0.0
2024-08-05 11:44:00-04:00,97.1500015258789,97.16500091552734,96.95999908447266,96.95999908447266,4891,0.0,0.0
2024-08-05 11:45:00-04:00,96.8949966430664,97.01000213623047,96.8949966430664,96.91999816894531,929,0.0,0.0
2024-08-05 11:46:00-04:00,97.0250015258789,97.09500122070312,97.0250015258789,97.08999633789062,1202,0.0,0.0
2024-08-05 11:47:00-04:00,97.0999984741211,97.19999694824219,97.0999984741211,97.12000274658203,4047,0.0,0.0
2024-08-05 11:49:00-04:00,97.08000183105469,97.09500122070312,96.9000015258789,96.98999786376953,8535,0.0,0.0
2024-08-05 11:50:00-04:00,96.87999725341797,96.93000030517578,96.87000274658203,96.93000030517578,2423,0.0,0.0
2024-08-05 11:51:00-04:00,96.94000244140625,97.25,96.93000030517578,97.23680114746094,9612,0.0,0.0
2024-08-05 11:52:00-04:00,97.20999908447266,97.36000061035156,97.20999908447266,97.3550033569336,3813,0.0,0.0
2024-08-05 11:53:00-04:00,97.32250213623047,97.32250213623047,97.32250213623047,97.32250213623047,295,0.0,0.0
2024-08-05 11:54:00-04:00,97.33000183105469,97.44000244140625,97.33000183105469,97.4000015258789,1125,0.0,0.0
2024-08-05 11:55:00-04:00,97.44499969482422,97.44499969482422,97.29499816894531,97.4000015258789,2938,0.0,0.0
2024-08-05 11:56:00-04:00,97.37000274658203,97.37000274658203,97.05999755859375,97.13999938964844,2567,0.0,0.0
2024-08-05 11:58:00-04:00,97.22000122070312,97.2300033569336,97.04000091552734,97.04000091552734,3125,0.0,0.0
2024-08-05 11:59:00-04:00,97.12000274658203,97.19999694824219,97.12000274658203,97.1500015258789,2208,0.0,0.0
2024-08-05 12:00:00-04:00,97.12000274658203,97.17500305175781,97.12000274658203,97.12000274658203,982,0.0,0.0
2024-08-05 12:01:00-04:00,97.12750244140625,97.1500015258789,97.12750244140625,97.1500015258789,222,0.0,0.0
2024-08-05 12:02:00-04:00,97.37000274658203,97.37000274658203,97.29000091552734,97.29000091552734,2001,0.0,0.0
2024-08-05 12:03:00-04:00,97.43000030517578,97.51000213623047,97.43000030517578,97.51000213623047,1042,0.0,0.0
2024-08-05 12:04:00-04:00,97.50499725341797,97.51499938964844,97.50499725341797,97.51499938964844,459,0.0,0.0
2024-08-05 12:05:00-04:00,97.55000305175781,97.6500015258789,97.27999877929688,97.27999877929688,4812,0.0,0.0
2024-08-05 12:06:00-04:00,97.19000244140625,97.33000183105469,97.19000244140625,97.26000213623047,703,0.0,0.0
2024-08-05 12:07:00-04:00,97.30000305175781,97.30000305175781,97.30000305175781,97.30000305175781,480,0.0,0.0
2024-08-05 12:08:00-04:00,97.12999725341797,97.2249984741211,97.12999725341797,97.2249984741211,971,0.0,0.0
2024-08-05 12:10:00-04:00,97.2249984741211,97.23999786376953,97.2249984741211,97.23999786376953,1238,0.0,0.0
2024-08-05 12:12:00-04:00,97.13999938964844,97.20500183105469,97.12000274658203,97.20500183105469,1449,0.0,0.0
2024-08-05 12:13:00-04:00,97.19999694824219,97.41000366210938,97.19999694824219,97.41000366210938,2326,0.0,0.0
2024-08-05 12:14:00-04:00,97.37999725341797,97.37999725341797,97.30999755859375,97.36000061035156,3416,0.0,0.0
2024-08-05 12:15:00-04:00,97.36499786376953,97.36499786376953,97.36499786376953,97.36499786376953,434,0.0,0.0
2024-08-05 12:16:00-04:00,97.44999694824219,97.44999694824219,97.33999633789062,97.33999633789062,568,0.0,0.0
2024-08-05 12:17:00-04:00,97.44000244140625,97.58000183105469,97.375,97.50420379638672,1536,0.0,0.0
2024-08-05 12:18:00-04:00,97.55000305175781,97.55000305175781,97.4800033569336,97.4800033569336,2310,0.0,0.0
2024-08-05 12:20:00-04:00,97.55999755859375,97.55999755859375,97.43000030517578,97.43000030517578,3470,0.0,0.0
2024-08-05 12:21:00-04:00,97.4800033569336,97.48999786376953,97.4800033569336,97.48999786376953,1136,0.0,0.0
2024-08-05 12:23:00-04:00,97.48500061035156,97.6500015258789,97.48500061035156,97.56999969482422,1006,0.0,0.0
2024-08-05 12:24:00-04:00,97.57499694824219,97.67500305175781,97.57250213623047,97.67500305175781,8860,0.0,0.0
2024-08-05 12:25:00-04:00,97.66999816894531,97.75,97.66999816894531,97.70500183105469,1215,0.0,0.0
2024-08-05 12:26:00-04:00,97.73999786376953,97.77999877929688,97.69999694824219,97.77999877929688,1087,0.0,0.0
2024-08-05 12:27:00-04:00,97.80999755859375,97.93000030517578,97.80999755859375,97.82749938964844,2205,0.0,0.0
2024-08-05 12:28:00-04:00,97.80999755859375,97.80999755859375,97.80999755859375,97.80999755859375,698,0.0,0.0
2024-08-05 12:29:00-04:00,97.87000274658203,97.87000274658203,97.8499984741211,97.8499984741211,847,0.0,0.0
2024-08-05 12:30:00-04:00,97.88999938964844,97.9800033569336,97.75,97.79499816894531,13901,0.0,0.0
2024-08-05 12:31:00-04:00,97.70999908447266,97.7300033569336,97.48500061035156,97.62000274658203,7914,0.0,0.0
2024-08-05 12:32:00-04:00,97.48999786376953,97.7300033569336,97.48999786376953,97.7300033569336,3663,0.0,0.0
2024-08-05 12:33:00-04:00,97.58000183105469,97.62000274658203,97.43399810791016,97.62000274658203,18531,0.0,0.0
2024-08-05 12:34:00-04:00,97.60160064697266,97.70999908447266,97.5,97.70999908447266,16916,0.0,0.0
2024-08-05 12:35:00-04:00,97.68000030517578,97.7699966430664,97.5199966430664,97.58999633789062,14904,0.0,0.0
2024-08-05 12:36:00-04:00,97.61000061035156,97.75,97.61000061035156,97.75,4850,0.0,0.0
2024-08-05 12:37:00-04:00,97.68499755859375,97.68499755859375,97.58999633789062,97.62999725341797,3042,0.0,0.0
2024-08-05 12:38:00-04:00,97.55000305175781,97.56999969482422,97.51000213623047,97.54000091552734,4005,0.0,0.0
2024-08-05 12:39:00-04:00,97.55500030517578,97.55500030517578,97.55500030517578,97.55500030517578,780,0.0,0.0
2024-08-05 12:40:00-04:00,97.66999816894531,97.66999816894531,97.66000366210938,97.66000366210938,845,0.0,0.0
2024-08-05 12:41:00-04:00,97.5199966430664,97.68000030517578,97.5199966430664,97.66000366210938,1759,0.0,0.0
2024-08-05 12:42:00-04:00,97.66000366210938,97.7300033569336,97.66000366210938,97.7300033569336,818,0.0,0.0
2024-08-05 12:43:00-04:00,97.69000244140625,97.69000244140625,97.5199966430664,97.55999755859375,11412,0.0,0.0
2024-08-05 12:44:00-04:00,97.58000183105469,97.58000183105469,97.5,97.55000305175781,8128,0.0,0.0
2024-08-05 12:45:00-04:00,97.55000305175781,97.66000366210938,97.48999786376953,97.66000366210938,4415,0.0,0.0
2024-08-05 12:46:00-04:00,97.6500015258789,97.6500015258789,97.54000091552734,97.54000091552734,5784,0.0,0.0
2024-08-05 12:47:00-04:00,97.5,97.54000091552734,97.47000122070312,97.48999786376953,2219,0.0,0.0
2024-08-05 12:48:00-04:00,97.54000091552734,97.5999984741211,97.4800033569336,97.4800033569336,7992,0.0,0.0
2024-08-05 12:49:00-04:00,97.44000244140625,97.44000244140625,97.44000244140625,97.44000244140625,934,0.0,0.0
2024-08-05 12:50:00-04:00,97.30000305175781,97.40499877929688,97.30000305175781,97.30999755859375,925,0.0,0.0
2024-08-05 12:51:00-04:00,97.23999786376953,97.36000061035156,97.19000244140625,97.21499633789062,4879,0.0,0.0
2024-08-05 12:52:00-04:00,97.30000305175781,97.30000305175781,97.2249984741211,97.2249984741211,2324,0.0,0.0
2024-08-05 12:53:00-04:00,97.30000305175781,97.30000305175781,97.27999877929688,97.27999877929688,1009,0.0,0.0
2024-08-05 12:54:00-04:00,97.22000122070312,97.22000122070312,97.16000366210938,97.16000366210938,2157,0.0,0.0
2024-08-05 12:55:00-04:00,97.1500015258789,97.18000030517578,97.12000274658203,97.12000274658203,1916,0.0,0.0
2024-08-05 12:56:00-04:00,97.19000244140625,97.19000244140625,97.19000244140625,97.19000244140625,716,0.0,0.0
2024-08-05 12:57:00-04:00,97.13500213623047,97.1449966430664,97.13500213623047,97.1449966430664,1407,0.0,0.0
2024-08-05 12:59:00-04:00,97.15499877929688,97.23999786376953,97.02999877929688,97.04000091552734,13530,0.0,0.0
2024-08-05 13:00:00-04:00,97.01000213623047,97.0999984741211,97.0,97.04000091552734,7074,0.0,0.0
2024-08-05 13:01:00-04:00,97.02999877929688,97.06999969482422,96.91000366210938,96.91000366210938,10178,0.0,0.0
2024-08-05 13:02:00-04:00,97.0,97.0,96.98999786376953,97.0,795,0.0,0.0
2024-08-05 13:03:00-04:00,96.91000366210938,96.93000030517578,96.8499984741211,96.93000030517578,2946,0.0,0.0
2024-08-05 13:05:00-04:00,96.83000183105469,96.83000183105469,96.7300033569336,96.79000091552734,1506,0.0,0.0
2024-08-05 13:06:00-04:00,96.69000244140625,96.72000122070312,96.66999816894531,96.72000122070312,1570,0.0,0.0
2024-08-05 13:07:00-04:00,96.75,96.81999969482422,96.70999908447266,96.81999969482422,905,0.0,0.0
2024-08-05 13:08:00-04:00,96.80000305175781,96.98999786376953,96.80000305175781,96.98999786376953,1026,0.0,0.0
2024-08-05 13:09:00-04:00,96.98999786376953,96.98999786376953,96.88999938964844,96.94999694824219,2634,0.0,0.0
2024-08-05 13:10:00-04:00,96.97000122070312,97.08000183105469,96.97000122070312,97.08000183105469,1141,0.0,0.0
2024-08-05 13:11:00-04:00,97.05999755859375,97.12000274658203,97.05999755859375,97.12000274658203,604,0.0,0.0
2024-08-05 13:12:00-04:00,97.11000061035156,97.11000061035156,97.11000061035156,97.11000061035156,206,0.0,0.0
2024-08-05 13:13:00-04:00,97.12999725341797,97.12999725341797,97.12999725341797,97.12999725341797,835,0.0,0.0
2024-08-05 13:14:00-04:00,97.1500015258789,97.26000213623047,97.1500015258789,97.2300033569336,981,0.0,0.0
2024-08-05 13:15:00-04:00,97.30999755859375,97.37999725341797,97.30999755859375,97.37999725341797,1004,0.0,0.0
2024-08-05 13:16:00-04:00,97.36000061035156,97.36000061035156,97.36000061035156,97.36000061035156,426,0.0,0.0
2024-08-05 13:17:00-04:00,97.5,97.5,97.4000015258789,97.4000015258789,352,0.0,0.0
2024-08-05 13:18:00-04:00,97.4000015258789,97.4000015258789,97.4000015258789,97.4000015258789,337,0.0,0.0
2024-08-05 13:19:00-04:00,97.41000366210938,97.41000366210938,97.2699966430664,97.29499816894531,1922,0.0,0.0
2024-08-05 13:20:00-04:00,97.23999786376953,97.23999786376953,97.23999786376953,97.23999786376953,1761,0.0,0.0
2024-08-05 13:23:00-04:00,97.2500991821289,97.31999969482422,97.2500991821289,97.31999969482422,2652,0.0,0.0
2024-08-05 13:24:00-04:00,97.33399963378906,97.33399963378906,97.22000122070312,97.2699966430664,2242,0.0,0.0
2024-08-05 13:25:00-04:00,97.37000274658203,97.37000274658203,97.37000274658203,97.37000274658203,387,0.0,0.0
2024-08-05 13:27:00-04:00,97.37000274658203,97.37000274658203,97.29000091552734,97.32499694824219,2310,0.0,0.0
2024-08-05 13:28:00-04:00,97.23999786376953,97.23999786376953,97.20999908447266,97.22000122070312,1432,0.0,0.0
2024-08-05 13:29:00-04:00,97.19999694824219,97.20999908447266,97.06999969482422,97.12000274658203,3024,0.0,0.0
2024-08-05 13:30:00-04:00,97.12000274658203,97.1500015258789,97.12000274658203,97.1500015258789,1601,0.0,0.0
2024-08-05 13:31:00-04:00,97.13500213623047,97.30000305175781,97.13500213623047,97.29000091552734,4577,0.0,0.0
2024-08-05 13:32:00-04:00,97.27999877929688,97.2970962524414,97.26000213623047,97.26000213623047,1669,0.0,0.0
2024-08-05 13:34:00-04:00,97.38999938964844,97.5,97.38999938964844,97.44210052490234,978,0.0,0.0
2024-08-05 13:35:00-04:00,97.44000244140625,97.44000244140625,97.29000091552734,97.29000091552734,8751,0.0,0.0
2024-08-05 13:36:00-04:00,97.33999633789062,97.34500122070312,97.27999877929688,97.27999877929688,1189,0.0,0.0
2024-08-05 13:37:00-04:00,97.44000244140625,97.48989868164062,97.3499984741211,97.375,1856,0.0,0.0
2024-08-05 13:38:00-04:00,97.41999816894531,97.43000030517578,97.36499786376953,97.36499786376953,454,0.0,0.0
2024-08-05 13:39:00-04:00,97.37000274658203,97.37000274658203,97.30000305175781,97.30000305175781,3532,0.0,0.0
2024-08-05 13:40:00-04:00,97.35749816894531,97.48999786376953,97.3550033569336,97.48999786376953,3168,0.0,0.0
2024-08-05 13:41:00-04:00,97.4749984741211,97.4749984741211,97.4749984741211,97.4749984741211,853,0.0,0.0
2024-08-05 13:43:00-04:00,97.41000366210938,97.41000366210938,97.36000061035156,97.36000061035156,1995,0.0,0.0
2024-08-05 13:44:00-04:00,97.29000091552734,97.30000305175781,97.2699966430664,97.30000305175781,1598,0.0,0.0
2024-08-05 13:45:00-04:00,97.44999694824219,97.44999694824219,97.375,97.375,1580,0.0,0.0
2024-08-05 13:46:00-04:00,97.37999725341797,97.37999725341797,97.30000305175781,97.31999969482422,1905,0.0,0.0
2024-08-05 13:47:00-04:00,97.33999633789062,97.33999633789062,97.33000183105469,97.33000183105469,1018,0.0,0.0
2024-08-05 13:50:00-04:00,97.33000183105469,97.33000183105469,97.33000183105469,97.33000183105469,184,0.0,0.0
2024-08-05 13:51:00-04:00,97.27999877929688,97.27999877929688,97.23999786376953,97.23999786376953,1538,0.0,0.0
2024-08-05 13:52:00-04:00,97.2417984008789,97.3499984741211,97.2417984008789,97.30000305175781,2042,0.0,0.0
2024-08-05 13:53:00-04:00,97.25,97.25,97.19000244140625,97.21499633789062,4150,0.0,0.0
2024-08-05 13:54:00-04:00,97.16000366210938,97.16999816894531,97.0999984741211,97.16999816894531,1723,0.0,0.0
2024-08-05 13:55:00-04:00,97.08999633789062,97.23400115966797,97.08999633789062,97.16999816894531,6940,0.0,0.0
2024-08-05 13:56:00-04:00,97.12000274658203,97.12999725341797,97.0999984741211,97.0999984741211,409,0.0,0.0
2024-08-05 13:57:00-04:00,97.0999984741211,97.16000366210938,97.0999984741211,97.16000366210938,1815,0.0,0.0
2024-08-05 13:58:00-04:00,97.1449966430664,97.19000244140625,97.08999633789062,97.15499877929688,2085,0.0,0.0
2024-08-05 13:59:00-04:00,97.20999908447266,97.29000091552734,97.20999908447266,97.29000091552734,1616,0.0,0.0
2024-08-05 14:00:00-04:00,97.24500274658203,97.25,97.125,97.125,1804,0.0,0.0
2024-08-05 14:01:00-04:00,97.125,97.125,97.04000091552734,97.05500030517578,2024,0.0,0.0
2024-08-05 14:02:00-04:00,97.12000274658203,97.12000274658203,97.11499786376953,97.12000274658203,921,0.0,0.0
2024-08-05 14:03:00-04:00,97.1449966430664,97.1449966430664,97.1449966430664,97.1449966430664,277,0.0,0.0
2024-08-05 14:05:00-04:00,97.0510025024414,97.15499877929688,97.0510025024414,97.15499877929688,343,0.0,0.0
2024-08-05 14:06:00-04:00,97.19999694824219,97.33000183105469,97.19999694824219,97.33000183105469,1563,0.0,0.0
2024-08-05 14:07:00-04:00,97.30500030517578,97.30500030517578,97.30500030517578,97.30500030517578,232,0.0,0.0
2024-08-05 14:08:00-04:00,97.36000061035156,97.41000366210938,97.3499984741211,97.41000366210938,906,0.0,0.0
2024-08-05 14:09:00-04:00,97.41999816894531,97.41999816894531,97.41999816894531,97.41999816894531,164,0.0,0.0
2024-08-05 14:10:00-04:00,97.40740203857422,97.42500305175781,97.40740203857422,97.42500305175781,1818,0.0,0.0
2024-08-05 14:11:00-04:00,97.43000030517578,97.45999908447266,97.38999938964844,97.41000366210938,2392,0.0,0.0
2024-08-05 14:12:00-04:00,97.41000366210938,97.44999694824219,97.37999725341797,97.37999725341797,2595,0.0,0.0
2024-08-05 14:13:00-04:00,97.33999633789062,97.3499984741211,97.293701171875,97.34500122070312,2203,0.0,0.0
2024-08-05 14:14:00-04:00,97.29000091552734,97.29000091552734,97.25,97.25,875,0.0,0.0
2024-08-05 14:15:00-04:00,97.29000091552734,97.29000091552734,97.29000091552734,97.29000091552734,1770,0.0,0.0
2024-08-05 14:16:00-04:00,97.30500030517578,97.33999633789062,97.30500030517578,97.31999969482422,702,0.0,0.0
2024-08-05 14:17:00-04:00,97.4000015258789,97.49500274658203,97.38999938964844,97.48999786376953,2324,0.0,0.0
2024-08-05 14:18:00-04:00,97.55000305175781,97.57499694824219,97.55000305175781,97.57499694824219,1145,0.0,0.0
2024-08-05 14:19:00-04:00,97.51000213623047,97.51000213623047,97.44000244140625,97.4800033569336,4030,0.0,0.0
2024-08-05 14:21:00-04:00,97.55999755859375,97.56999969482422,97.51000213623047,97.51000213623047,1380,0.0,0.0
2024-08-05 14:22:00-04:00,97.52999877929688,97.52999877929688,97.44000244140625,97.44000244140625,1172,0.0,0.0
2024-08-05 14:23:00-04:00,97.44000244140625,97.44000244140625,97.44000244140625,97.44000244140625,354,0.0,0.0
2024-08-05 14:24:00-04:00,97.52999877929688,97.52999877929688,97.41999816894531,97.41999816894531,2179,0.0,0.0
2024-08-05 14:25:00-04:00,97.41999816894531,97.48999786376953,97.41000366210938,97.48999786376953,2111,0.0,0.0
2024-08-05 14:26:00-04:00,97.4800033569336,97.50499725341797,97.43000030517578,97.43000030517578,1114,0.0,0.0
2024-08-05 14:27:00-04:00,97.48999786376953,97.54000091552734,97.48500061035156,97.51000213623047,7347,0.0,0.0
2024-08-05 14:28:00-04:00,97.44999694824219,97.48999786376953,97.44999694824219,97.48999786376953,1913,0.0,0.0
2024-08-05 14:29:00-04:00,97.51499938964844,97.51499938964844,97.51499938964844,97.51499938964844,146,0.0,0.0
2024-08-05 14:30:00-04:00,97.4800033569336,97.66000366210938,97.47000122070312,97.66000366210938,4389,0.0,0.0
2024-08-05 14:31:00-04:00,97.62999725341797,97.62999725341797,97.58999633789062,97.61000061035156,3564,0.0,0.0
2024-08-05 14:32:00-04:00,97.66000366210938,97.66000366210938,97.61499786376953,97.61499786376953,604,0.0,0.0
2024-08-05 14:33:00-04:00,97.55999755859375,97.55999755859375,97.45999908447266,97.50499725341797,4192,0.0,0.0
2024-08-05 14:34:00-04:00,97.54100036621094,97.54100036621094,97.54100036621094,97.54100036621094,495,0.0,0.0
2024-08-05 14:35:00-04:00,97.5,97.5,97.43009948730469,97.5,917,0.0,0.0
2024-08-05 14:37:00-04:00,97.43000030517578,97.4749984741211,97.41000366210938,97.41649627685547,1843,0.0,0.0
2024-08-05 14:38:00-04:00,97.47000122070312,97.47000122070312,97.37999725341797,97.42500305175781,2462,0.0,0.0
2024-08-05 14:40:00-04:00,97.36000061035156,97.38999938964844,97.27999877929688,97.33000183105469,5583,0.0,0.0
2024-08-05 14:41:00-04:00,97.36000061035156,97.41000366210938,97.31500244140625,97.41000366210938,1978,0.0,0.0
2024-08-05 14:43:00-04:00,97.29000091552734,97.29000091552734,97.29000091552734,97.29000091552734,2100,0.0,0.0
2024-08-05 14:44:00-04:00,97.2300033569336,97.30999755859375,97.22000122070312,97.27999877929688,3297,0.0,0.0
2024-08-05 14:45:00-04:00,97.27870178222656,97.27870178222656,97.27870178222656,97.27870178222656,204,0.0,0.0
2024-08-05 14:46:00-04:00,97.23999786376953,97.23999786376953,97.11000061035156,97.12000274658203,3693,0.0,0.0
2024-08-05 14:47:00-04:00,97.06999969482422,97.20999908447266,97.06999969482422,97.18499755859375,3020,0.0,0.0
2024-08-05 14:48:00-04:00,97.12999725341797,97.1449966430664,97.11000061035156,97.11000061035156,1560,0.0,0.0
2024-08-05 14:49:00-04:00,97.16999816894531,97.19999694824219,97.16999816894531,97.18499755859375,2846,0.0,0.0
2024-08-05 14:50:00-04:00,97.18499755859375,97.1875,97.05000305175781,97.05000305175781,3341,0.0,0.0
2024-08-05 14:51:00-04:00,97.0999984741211,97.18000030517578,97.0999984741211,97.12000274658203,4945,0.0,0.0
2024-08-05 14:52:00-04:00,97.18000030517578,97.26000213623047,97.125,97.26000213623047,12878,0.0,0.0
2024-08-05 14:53:00-04:00,97.21379852294922,97.21379852294922,97.08000183105469,97.15499877929688,4502,0.0,0.0
2024-08-05 14:54:00-04:00,97.19000244140625,97.19000244140625,97.12999725341797,97.15499877929688,1249,0.0,0.0
2024-08-05 14:56:00-04:00,97.13999938964844,97.19999694824219,97.13999938964844,97.17500305175781,2265,0.0,0.0
2024-08-05 14:57:00-04:00,97.17500305175781,97.25,97.17500305175781,97.25,2039,0.0,0.0
2024-08-05 14:58:00-04:00,97.2249984741211,97.2249984741211,97.13999938964844,97.18499755859375,5948,0.0,0.0
2024-08-05 14:59:00-04:00,97.13999938964844,97.13999938964844,97.08999633789062,97.08999633789062,3509,0.0,0.0
2024-08-05 15:00:00-04:00,97.11000061035156,97.19499969482422,97.11000061035156,97.19499969482422,3068,0.0,0.0
2024-08-05 15:01:00-04:00,97.19499969482422,97.19499969482422,97.18499755859375,97.18499755859375,710,0.0,0.0
2024-08-05 15:02:00-04:00,97.2249984741211,97.27999877929688,97.19000244140625,97.26499938964844,5948,0.0,0.0
2024-08-05 15:03:00-04:00,97.30999755859375,97.30999755859375,97.20999908447266,97.20999908447266,3361,0.0,0.0
2024-08-05 15:04:00-04:00,97.26000213623047,97.30999755859375,97.26000213623047,97.26499938964844,2395,0.0,0.0
2024-08-05 15:05:00-04:00,97.2300033569336,97.25,97.19000244140625,97.19999694824219,5427,0.0,0.0
2024-08-05 15:06:00-04:00,97.18000030517578,97.19999694824219,97.12999725341797,97.16000366210938,3174,0.0,0.0
2024-08-05 15:07:00-04:00,97.11000061035156,97.11000061035156,97.04000091552734,97.04000091552734,1155,0.0,0.0
2024-08-05 15:08:00-04:00,97.08999633789062,97.11000061035156,97.08499908447266,97.0999984741211,3541,0.0,0.0
2024-08-05 15:09:00-04:00,97.12999725341797,97.1449966430664,97.11000061035156,97.1449966430664,1014,0.0,0.0
2024-08-05 15:10:00-04:00,97.16999816894531,97.19999694824219,97.16999816894531,97.19999694824219,2565,0.0,0.0
2024-08-05 15:11:00-04:00,97.20999908447266,97.30999755859375,97.20999908447266,97.30999755859375,2479,0.0,0.0
2024-08-05 15:12:00-04:00,97.31999969482422,97.33000183105469,97.2300033569336,97.2750015258789,3237,0.0,0.0
2024-08-05 15:13:00-04:00,97.2300033569336,97.23999786376953,97.2300033569336,97.2300033569336,875,0.0,0.0
2024-08-05 15:14:00-04:00,97.25,97.25,97.24230194091797,97.24230194091797,600,0.0,0.0
2024-08-05 15:15:00-04:00,97.25,97.30999755859375,97.23999786376953,97.23999786376953,3847,0.0,0.0
2024-08-05 15:16:00-04:00,97.27999877929688,97.27999877929688,97.16999816894531,97.19000244140625,9226,0.0,0.0
2024-08-05 15:17:00-04:00,97.19999694824219,97.20999908447266,97.168701171875,97.19999694824219,3444,0.0,0.0
2024-08-05 15:18:00-04:00,97.20780181884766,97.20780181884766,97.20780181884766,97.20780181884766,852,0.0,0.0
2024-08-05 15:19:00-04:00,97.20999908447266,97.25,97.20999908447266,97.2249984741211,693,0.0,0.0
2024-08-05 15:20:00-04:00,97.2249984741211,97.31999969482422,97.2249984741211,97.31999969482422,5033,0.0,0.0
2024-08-05 15:21:00-04:00,97.33000183105469,97.37999725341797,97.29000091552734,97.29000091552734,5045,0.0,0.0
2024-08-05 15:22:00-04:00,97.27999877929688,97.27999877929688,97.23999786376953,97.23999786376953,2261,0.0,0.0
2024-08-05 15:23:00-04:00,97.25,97.26000213623047,97.24500274658203,97.26000213623047,1298,0.0,0.0
2024-08-05 15:24:00-04:00,97.20999908447266,97.29000091552734,97.19999694824219,97.27999877929688,2704,0.0,0.0
2024-08-05 15:25:00-04:00,97.26499938964844,97.26499938964844,97.13999938964844,97.15499877929688,2569,0.0,0.0
2024-08-05 15:26:00-04:00,97.12999725341797,97.2300033569336,97.12000274658203,97.2300033569336,4048,0.0,0.0
2024-08-05 15:27:00-04:00,97.2699966430664,97.27999877929688,97.2699966430664,97.27999877929688,1986,0.0,0.0
2024-08-05 15:28:00-04:00,97.23999786376953,97.23999786376953,97.18000030517578,97.18499755859375,4202,0.0,0.0
2024-08-05 15:29:00-04:00,97.22000122070312,97.25,97.22000122070312,97.23750305175781,2316,0.0,0.0
2024-08-05 15:30:00-04:00,97.26499938964844,97.33000183105469,97.26000213623047,97.32499694824219,3501,0.0,0.0
2024-08-05 15:31:00-04:00,97.3052978515625,97.3052978515625,97.19999694824219,97.2300033569336,4176,0.0,0.0
2024-08-05 15:32:00-04:00,97.2699966430664,97.2699966430664,97.19999694824219,97.19999694824219,1249,0.0,0.0
2024-08-05 15:33:00-04:00,97.19000244140625,97.22000122070312,97.16999816894531,97.22000122070312,2743,0.0,0.0
2024-08-05 15:34:00-04:00,97.20500183105469,97.30000305175781,97.18879699707031,97.2750015258789,4950,0.0,0.0
2024-08-05 15:35:00-04:00,97.2750015258789,97.30999755859375,97.20999908447266,97.29499816894531,4359,0.0,0.0
2024-08-05 15:36:00-04:00,97.30999755859375,97.34249877929688,97.25,97.30999755859375,3951,0.0,0.0
2024-08-05 15:37:00-04:00,97.33499908447266,97.3375015258789,97.32499694824219,97.33000183105469,1608,0.0,0.0
2024-08-05 15:38:00-04:00,97.31999969482422,97.33000183105469,97.12999725341797,97.17749786376953,7637,0.0,0.0
2024-08-05 15:39:00-04:00,97.1500015258789,97.1500015258789,97.08999633789062,97.12999725341797,5722,0.0,0.0
2024-08-05 15:40:00-04:00,97.08999633789062,97.18000030517578,97.05999755859375,97.18000030517578,4835,0.0,0.0
2024-08-05 15:41:00-04:00,97.0999984741211,97.125,97.05000305175781,97.08499908447266,3645,0.0,0.0
2024-08-05 15:42:00-04:00,97.0875015258789,97.16000366210938,97.05999755859375,97.1500015258789,2677,0.0,0.0
2024-08-05 15:43:00-04:00,97.0999984741211,97.13999938964844,97.0999984741211,97.11499786376953,1909,0.0,0.0
2024-08-05 15:44:00-04:00,97.08999633789062,97.12000274658203,97.08000183105469,97.12000274658203,2575,0.0,0.0
2024-08-05 15:45:00-04:00,97.12999725341797,97.2020034790039,97.12000274658203,97.2020034790039,3471,0.0,0.0
2024-08-05 15:46:00-04:00,97.19499969482422,97.2750015258789,97.19000244140625,97.20500183105469,6279,0.0,0.0
2024-08-05 15:47:00-04:00,97.20500183105469,97.20999908447266,97.16999816894531,97.18499755859375,6057,0.0,0.0
2024-08-05 15:48:00-04:00,97.18499755859375,97.26000213623047,97.16000366210938,97.26000213623047,8847,0.0,0.0
2024-08-05 15:49:00-04:00,97.27999877929688,97.40499877929688,97.27999877929688,97.375,6368,0.0,0.0
2024-08-05 15:50:00-04:00,97.3499984741211,97.5,97.33999633789062,97.47000122070312,12395,0.0,0.0
2024-08-05 15:51:00-04:00,97.48999786376953,97.58499908447266,97.45999908447266,97.47000122070312,6650,0.0,0.0
2024-08-05 15:52:00-04:00,97.44999694824219,97.52999877929688,97.43000030517578,97.52999877929688,7188,0.0,0.0
2024-08-05 15:53:00-04:00,97.5199966430664,97.625,97.51000213623047,97.52999877929688,15483,0.0,0.0
2024-08-05 15:54:00-04:00,97.50499725341797,97.5999984741211,97.50499725341797,97.5999984741211,8756,0.0,0.0
2024-08-05 15:55:00-04:00,97.67500305175781,97.68499755859375,97.61000061035156,97.62799835205078,11274,0.0,0.0
2024-08-05 15:56:00-04:00,97.625,97.67500305175781,97.58999633789062,97.66999816894531,12038,0.0,0.0
2024-08-05 15:57:00-04:00,97.66999816894531,97.68000030517578,97.55000305175781,97.61000061035156,27393,0.0,0.0
2024-08-05 15:58:00-04:00,97.5999984741211,97.62000274658203,97.48999786376953,97.51000213623047,34464,0.0,0.0
2024-08-05 15:59:00-04:00,97.5,97.62000274658203,97.45999908447266,97.45999908447266,53372,0.0,0.0
2024-08-06 09:30:00-04:00,96.98999786376953,96.98999786376953,96.37999725341797,96.51499938964844,16836,0.0,0.0
2024-08-06 09:31:00-04:00,96.51499938964844,97.13999938964844,96.51000213623047,97.13999938964844,5052,0.0,0.0
2024-08-06 09:32:00-04:00,96.97000122070312,97.16000366210938,96.80999755859375,96.80999755859375,1418,0.0,0.0
2024-08-06 09:33:00-04:00,96.98999786376953,96.98999786376953,96.7300033569336,96.97000122070312,2269,0.0,0.0
2024-08-06 09:35:00-04:00,96.52999877929688,96.9800033569336,96.48999786376953,96.9800033569336,9033,0.0,0.0
2024-08-06 09:36:00-04:00,96.87999725341797,97.0999984741211,96.87999725341797,96.8949966430664,1843,0.0,0.0
2024-08-06 09:37:00-04:00,97.06999969482422,97.0999984741211,97.06999969482422,97.0999984741211,816,0.0,0.0
2024-08-06 09:38:00-04:00,96.97000122070312,96.97000122070312,96.97000122070312,96.97000122070312,477,0.0,0.0
2024-08-06 09:39:00-04:00,97.16500091552734,97.18000030517578,97.16500091552734,97.18000030517578,1114,0.0,0.0
2024-08-06 09:40:00-04:00,97.30000305175781,97.6500015258789,97.30000305175781,97.6500015258789,2955,0.0,0.0
2024-08-06 09:41:00-04:00,97.6500015258789,97.75,97.625,97.625,2503,0.0,0.0
2024-08-06 09:42:00-04:00,97.70999908447266,97.76000213623047,97.47000122070312,97.48500061035156,5736,0.0,0.0
2024-08-06 09:43:00-04:00,97.66999816894531,97.69000244140625,97.59549713134766,97.62000274658203,1132,0.0,0.0
2024-08-06 09:44:00-04:00,97.63999938964844,98.0,97.63999938964844,98.0,5318,0.0,0.0
2024-08-06 09:46:00-04:00,97.9000015258789,98.08000183105469,97.81999969482422,98.08000183105469,4432,0.0,0.0
2024-08-06 09:47:00-04:00,98.09500122070312,98.26000213623047,98.09500122070312,98.26000213623047,457,0.0,0.0
2024-08-06 09:48:00-04:00,98.52999877929688,98.6500015258789,98.52999877929688,98.6500015258789,429,0.0,0.0
2024-08-06 09:49:00-04:00,98.62000274658203,98.62000274658203,98.62000274658203,98.62000274658203,1549,0.0,0.0
2024-08-06 09:50:00-04:00,98.45999908447266,98.68000030517578,98.43000030517578,98.68000030517578,2497,0.0,0.0
2024-08-06 09:51:00-04:00,98.4800033569336,98.50499725341797,98.4800033569336,98.50499725341797,836,0.0,0.0
2024-08-06 09:52:00-04:00,98.38500213623047,98.6500015258789,98.38500213623047,98.54000091552734,1661,0.0,0.0
2024-08-06 09:53:00-04:00,98.52010345458984,98.66000366210938,98.52010345458984,98.63500213623047,7857,0.0,0.0
2024-08-06 09:54:00-04:00,98.76000213623047,98.8499984741211,98.76000213623047,98.80000305175781,1437,0.0,0.0
2024-08-06 09:55:00-04:00,98.75,98.90989685058594,98.70999908447266,98.70999908447266,2129,0.0,0.0
2024-08-06 09:56:00-04:00,98.75,98.77999877929688,98.69000244140625,98.77999877929688,3298,0.0,0.0
2024-08-06 09:57:00-04:00,98.80999755859375,98.86000061035156,98.68000030517578,98.83499908447266,1830,0.0,0.0
2024-08-06 09:58:00-04:00,98.75,98.7699966430664,98.75,98.7699966430664,2719,0.0,0.0
2024-08-06 09:59:00-04:00,98.87999725341797,98.9000015258789,98.74500274658203,98.80500030517578,2437,0.0,0.0
2024-08-06 10:00:00-04:00,98.80000305175781,98.80000305175781,98.41999816894531,98.62000274658203,8678,0.0,0.0
2024-08-06 10:01:00-04:00,98.80000305175781,98.93000030517578,98.79000091552734,98.9000015258789,4827,0.0,0.0
2024-08-06 10:02:00-04:00,98.8499984741211,99.0199966430664,98.8499984741211,99.0199966430664,1610,0.0,0.0
2024-08-06 10:03:00-04:00,98.91000366210938,98.91000366210938,98.69999694824219,98.69999694824219,1460,0.0,0.0
2024-08-06 10:04:00-04:00,98.62000274658203,98.86000061035156,98.62000274658203,98.86000061035156,510,0.0,0.0
2024-08-06 10:05:00-04:00,98.73729705810547,98.7699966430664,98.73729705810547,98.7699966430664,745,0.0,0.0
2024-08-06 10:06:00-04:00,98.75499725341797,98.91000366210938,98.75499725341797,98.77999877929688,978,0.0,0.0
2024-08-06 10:07:00-04:00,98.7699966430664,98.87000274658203,98.73999786376953,98.87000274658203,5268,0.0,0.0
2024-08-06 10:08:00-04:00,98.79499816894531,98.91999816894531,98.79499816894531,98.8949966430664,2874,0.0,0.0
2024-08-06 10:09:00-04:00,98.8499984741211,99.0790023803711,98.83999633789062,98.95999908447266,13875,0.0,0.0
2024-08-06 10:10:00-04:00,99.11990356445312,99.11990356445312,99.11990356445312,99.11990356445312,2257,0.0,0.0
2024-08-06 10:11:00-04:00,98.9800033569336,99.12999725341797,98.95999908447266,99.05500030517578,5058,0.0,0.0
2024-08-06 10:12:00-04:00,98.97000122070312,98.9800033569336,98.80000305175781,98.93000030517578,12554,0.0,0.0
2024-08-06 10:13:00-04:00,98.87999725341797,99.05000305175781,98.87999725341797,99.05000305175781,6749,0.0,0.0
2024-08-06 10:14:00-04:00,99.1500015258789,99.1500015258789,98.83000183105469,98.83000183105469,2895,0.0,0.0
2024-08-06 10:15:00-04:00,98.81999969482422,98.81999969482422,98.51000213623047,98.51000213623047,5888,0.0,0.0
2024-08-06 10:16:00-04:00,98.5999984741211,98.5999984741211,98.5999984741211,98.5999984741211,288,0.0,0.0
2024-08-06 10:17:00-04:00,98.80999755859375,98.8499984741211,98.58000183105469,98.58000183105469,3849,0.0,0.0
2024-08-06 10:18:00-04:00,98.61499786376953,98.84500122070312,98.61499786376953,98.84500122070312,5718,0.0,0.0
2024-08-06 10:19:00-04:00,98.91999816894531,98.94000244140625,98.8499984741211,98.94000244140625,1669,0.0,0.0
2024-08-06 10:20:00-04:00,98.94000244140625,99.0,98.91000366210938,98.93499755859375,3598,0.0,0.0
2024-08-06 10:21:00-04:00,99.04000091552734,99.19999694824219,99.02999877929688,99.09500122070312,5541,0.0,0.0
2024-08-06 10:22:00-04:00,99.09500122070312,99.2699966430664,99.09500122070312,99.2699966430664,2909,0.0,0.0
2024-08-06 10:23:00-04:00,99.12999725341797,99.22000122070312,98.99500274658203,99.07499694824219,5319,0.0,0.0
2024-08-06 10:24:00-04:00,99.07499694824219,99.07499694824219,98.9800033569336,98.9800033569336,601,0.0,0.0
2024-08-06 10:25:00-04:00,98.91999816894531,99.12000274658203,98.9000015258789,98.9800033569336,4622,0.0,0.0
2024-08-06 10:26:00-04:00,98.86000061035156,98.86000061035156,98.81500244140625,98.81500244140625,1465,0.0,0.0
2024-08-06 10:28:00-04:00,98.82499694824219,98.82499694824219,98.82499694824219,98.82499694824219,499,0.0,0.0
2024-08-06 10:29:00-04:00,98.93000030517578,98.94000244140625,98.75,98.88999938964844,4215,0.0,0.0
2024-08-06 10:30:00-04:00,98.76000213623047,98.76000213623047,98.58000183105469,98.5999984741211,7241,0.0,0.0
2024-08-06 10:31:00-04:00,98.52999877929688,98.52999877929688,98.44499969482422,98.44499969482422,908,0.0,0.0
2024-08-06 10:32:00-04:00,98.54000091552734,98.54000091552734,98.47000122070312,98.4800033569336,513,0.0,0.0
2024-08-06 10:33:00-04:00,98.48999786376953,98.61000061035156,98.48999786376953,98.60299682617188,4493,0.0,0.0
2024-08-06 10:34:00-04:00,98.66999816894531,98.66999816894531,98.61000061035156,98.61000061035156,1134,0.0,0.0
2024-08-06 10:35:00-04:00,98.69999694824219,98.8499984741211,98.69999694824219,98.7750015258789,3694,0.0,0.0
2024-08-06 10:36:00-04:00,98.77999877929688,98.77999877929688,98.70999908447266,98.76499938964844,1322,0.0,0.0
2024-08-06 10:37:00-04:00,98.76000213623047,98.94499969482422,98.75,98.94499969482422,6274,0.0,0.0
2024-08-06 10:38:00-04:00,99.0,99.08999633789062,99.0,99.08999633789062,597,0.0,0.0
2024-08-06 10:39:00-04:00,99.08999633789062,99.16999816894531,99.01000213623047,99.06999969482422,1782,0.0,0.0
2024-08-06 10:41:00-04:00,99.08000183105469,99.18000030517578,99.08000183105469,99.18000030517578,6135,0.0,0.0
2024-08-06 10:42:00-04:00,99.2750015258789,99.44000244140625,99.2750015258789,99.44000244140625,508,0.0,0.0
2024-08-06 10:43:00-04:00,99.38999938964844,99.58000183105469,99.38999938964844,99.58000183105469,2293,0.0,0.0
2024-08-06 10:44:00-04:00,99.6050033569336,99.6050033569336,99.5,99.5,2111,0.0,0.0
2024-08-06 10:45:00-04:00,99.55999755859375,99.55999755859375,99.55999755859375,99.55999755859375,461,0.0,0.0
2024-08-06 10:46:00-04:00,99.68000030517578,99.7699966430664,99.68000030517578,99.7249984741211,1277,0.0,0.0
2024-08-06 10:48:00-04:00,99.88999938964844,99.88999938964844,99.7300033569336,99.7300033569336,2167,0.0,0.0
2024-08-06 10:49:00-04:00,99.68000030517578,99.7020034790039,99.56999969482422,99.58000183105469,2017,0.0,0.0
2024-08-06 10:50:00-04:00,99.55000305175781,99.56500244140625,99.45999908447266,99.45999908447266,1429,0.0,0.0
2024-08-06 10:51:00-04:00,99.58999633789062,99.63999938964844,99.55249786376953,99.63999938964844,1589,0.0,0.0
2024-08-06 10:52:00-04:00,99.69000244140625,99.69000244140625,99.65499877929688,99.65499877929688,402,0.0,0.0
2024-08-06 10:53:00-04:00,99.55999755859375,99.55999755859375,99.55999755859375,99.55999755859375,2146,0.0,0.0
2024-08-06 10:54:00-04:00,99.6500015258789,99.66000366210938,99.58999633789062,99.58999633789062,910,0.0,0.0
2024-08-06 10:55:00-04:00,99.5,99.5,99.48999786376953,99.48999786376953,1101,0.0,0.0
2024-08-06 10:56:00-04:00,99.4749984741211,99.49500274658203,99.41000366210938,99.43000030517578,1959,0.0,0.0
2024-08-06 10:57:00-04:00,99.4800033569336,99.51000213623047,99.44000244140625,99.48500061035156,2890,0.0,0.0
2024-08-06 10:58:00-04:00,99.55000305175781,99.58000183105469,99.4000015258789,99.41500091552734,3101,0.0,0.0
2024-08-06 10:59:00-04:00,99.5,99.5,99.5,99.5,331,0.0,0.0
2024-08-06 11:00:00-04:00,99.43000030517578,99.43000030517578,99.43000030517578,99.43000030517578,381,0.0,0.0
2024-08-06 11:01:00-04:00,99.43000030517578,99.62000274658203,99.43000030517578,99.62000274658203,3451,0.0,0.0
2024-08-06 11:02:00-04:00,99.55999755859375,99.56999969482422,99.4749984741211,99.4749984741211,1325,0.0,0.0
2024-08-06 11:03:00-04:00,99.44499969482422,99.44499969482422,99.4000015258789,99.4000015258789,845,0.0,0.0
2024-08-06 11:04:00-04:00,99.48999786376953,99.48999786376953,99.4000015258789,99.4000015258789,854,0.0,0.0
2024-08-06 11:05:00-04:00,99.4749984741211,99.5999984741211,99.4749984741211,99.5250015258789,2530,0.0,0.0
2024-08-06 11:06:00-04:00,99.5199966430664,99.5999984741211,99.5199966430664,99.5999984741211,485,0.0,0.0
2024-08-06 11:08:00-04:00,99.54900360107422,99.62000274658203,99.54000091552734,99.5999984741211,1069,0.0,0.0
2024-08-06 11:09:00-04:00,99.52999877929688,99.52999877929688,99.52999877929688,99.52999877929688,200,0.0,0.0
2024-08-06 11:10:00-04:00,99.44999694824219,99.54000091552734,99.3499984741211,99.38999938964844,4089,0.0,0.0
2024-08-06 11:11:00-04:00,99.30000305175781,99.30000305175781,99.24500274658203,99.24500274658203,715,0.0,0.0
2024-08-06 11:12:00-04:00,99.16000366210938,99.44000244140625,99.16000366210938,99.44000244140625,3656,0.0,0.0
2024-08-06 11:13:00-04:00,99.45999908447266,99.45999908447266,99.45999908447266,99.45999908447266,1059,0.0,0.0
2024-08-06 11:14:00-04:00,99.375,99.45999908447266,99.375,99.45999908447266,577,0.0,0.0
2024-08-06 11:15:00-04:00,99.45999908447266,99.45999908447266,99.27999877929688,99.33999633789062,2432,0.0,0.0
2024-08-06 11:16:00-04:00,99.33000183105469,99.33000183105469,99.23999786376953,99.29000091552734,1517,0.0,0.0
2024-08-06 11:17:00-04:00,99.33999633789062,99.42500305175781,99.33999633789062,99.36000061035156,2432,0.0,0.0
2024-08-06 11:18:00-04:00,99.38999938964844,99.5199966430664,99.2300033569336,99.5199966430664,6427,0.0,0.0
2024-08-06 11:19:00-04:00,99.5199966430664,99.52999877929688,99.5199966430664,99.5250015258789,658,0.0,0.0
2024-08-06 11:20:00-04:00,99.42400360107422,99.5250015258789,99.4000015258789,99.4000015258789,1877,0.0,0.0
2024-08-06 11:21:00-04:00,99.3949966430664,99.3949966430664,99.3949966430664,99.3949966430664,319,0.0,0.0
2024-08-06 11:22:00-04:00,99.2699966430664,99.44000244140625,99.2699966430664,99.41999816894531,4293,0.0,0.0
2024-08-06 11:23:00-04:00,99.44999694824219,99.61000061035156,99.44999694824219,99.50499725341797,2812,0.0,0.0
2024-08-06 11:24:00-04:00,99.58499908447266,99.58499908447266,99.48999786376953,99.48999786376953,971,0.0,0.0
2024-08-06 11:25:00-04:00,99.4000015258789,99.48999786376953,99.37999725341797,99.47000122070312,2211,0.0,0.0
2024-08-06 11:26:00-04:00,99.52999877929688,99.6050033569336,99.51000213623047,99.5999984741211,1711,0.0,0.0
2024-08-06 11:27:00-04:00,99.61000061035156,99.61000061035156,99.47000122070312,99.55500030517578,2919,0.0,0.0
2024-08-06 11:28:00-04:00,99.55500030517578,99.55500030517578,99.31999969482422,99.31999969482422,3017,0.0,0.0
2024-08-06 11:29:00-04:00,99.26000213623047,99.31500244140625,99.13500213623047,99.13500213623047,2857,0.0,0.0
2024-08-06 11:30:00-04:00,99.20999908447266,99.30999755859375,99.16000366210938,99.30999755859375,979,0.0,0.0
2024-08-06 11:31:00-04:00,99.23999786376953,99.36000061035156,99.23999786376953,99.3499984741211,2959,0.0,0.0
2024-08-06 11:32:00-04:00,99.30999755859375,99.5999984741211,99.30999755859375,99.55999755859375,4297,0.0,0.0
2024-08-06 11:33:00-04:00,99.55999755859375,99.77999877929688,99.55999755859375,99.73999786376953,2753,0.0,0.0
2024-08-06 11:34:00-04:00,99.73999786376953,99.75,99.66999816894531,99.66999816894531,1654,0.0,0.0
2024-08-06 11:35:00-04:00,99.74500274658203,99.75,99.58000183105469,99.62000274658203,3322,0.0,0.0
2024-08-06 11:36:00-04:00,99.58000183105469,99.80999755859375,99.58000183105469,99.7699966430664,1812,0.0,0.0
2024-08-06 11:37:00-04:00,99.87000274658203,99.87000274658203,99.66999816894531,99.66999816894531,2746,0.0,0.0
2024-08-06 11:38:00-04:00,99.75,99.75,99.66999816894531,99.69999694824219,712,0.0,0.0
2024-08-06 11:39:00-04:00,99.54000091552734,99.63999938964844,99.51000213623047,99.51000213623047,1816,0.0,0.0
2024-08-06 11:40:00-04:00,99.63999938964844,99.76000213623047,99.52999877929688,99.75,3507,0.0,0.0
2024-08-06 11:41:00-04:00,99.83999633789062,99.83999633789062,99.75499725341797,99.75499725341797,655,0.0,0.0
2024-08-06 11:42:00-04:00,99.75,99.83000183105469,99.68000030517578,99.73500061035156,1474,0.0,0.0
2024-08-06 11:43:00-04:00,99.66999816894531,99.79499816894531,99.52999877929688,99.52999877929688,3772,0.0,0.0
2024-08-06 11:44:00-04:00,99.66999816894531,99.79000091552734,99.66999816894531,99.79000091552734,2377,0.0,0.0
2024-08-06 11:45:00-04:00,99.87999725341797,99.91999816894531,99.80500030517578,99.87000274658203,1038,0.0,0.0
2024-08-06 11:46:00-04:00,99.77999877929688,99.80000305175781,99.58999633789062,99.66999816894531,3850,0.0,0.0
2024-08-06 11:47:00-04:00,99.54000091552734,99.54000091552734,99.54000091552734,99.54000091552734,329,0.0,0.0
2024-08-06 11:48:00-04:00,99.66500091552734,99.7699966430664,99.66000366210938,99.71499633789062,1347,0.0,0.0
2024-08-06 11:49:00-04:00,99.71499633789062,99.71499633789062,99.71499633789062,99.71499633789062,260,0.0,0.0
2024-08-06 11:50:00-04:00,99.7249984741211,99.7249984741211,99.62000274658203,99.62000274658203,689,0.0,0.0
2024-08-06 11:51:00-04:00,99.69499969482422,99.69499969482422,99.69499969482422,99.69499969482422,278,0.0,0.0
2024-08-06 11:52:00-04:00,99.69499969482422,99.69499969482422,99.62000274658203,99.69000244140625,1043,0.0,0.0
2024-08-06 11:53:00-04:00,99.5999984741211,99.75,99.5999984741211,99.75,3053,0.0,0.0
2024-08-06 11:54:00-04:00,99.75,99.79499816894531,99.69000244140625,99.69000244140625,1422,0.0,0.0
2024-08-06 11:55:00-04:00,99.73999786376953,99.79000091552734,99.73999786376953,99.74500274658203,1882,0.0,0.0
2024-08-06 11:56:00-04:00,99.83999633789062,99.83999633789062,99.7699966430664,99.7750015258789,406,0.0,0.0
2024-08-06 11:57:00-04:00,99.8499984741211,99.8499984741211,99.7750015258789,99.7750015258789,473,0.0,0.0
2024-08-06 11:58:00-04:00,99.75,99.79000091552734,99.70999908447266,99.79000091552734,949,0.0,0.0
2024-08-06 11:59:00-04:00,99.87999725341797,99.87999725341797,99.87999725341797,99.87999725341797,1013,0.0,0.0
2024-08-06 12:00:00-04:00,99.9000015258789,99.91000366210938,99.9000015258789,99.9000015258789,952,0.0,0.0
2024-08-06 12:01:00-04:00,99.94999694824219,99.94999694824219,99.8499984741211,99.94999694824219,1512,0.0,0.0
2024-08-06 12:02:00-04:00,99.9000015258789,99.93000030517578,99.86000061035156,99.86000061035156,915,0.0,0.0
2024-08-06 12:03:00-04:00,99.86000061035156,100.0199966430664,99.86000061035156,99.91999816894531,4116,0.0,0.0
2024-08-06 12:04:00-04:00,99.87999725341797,99.9000015258789,99.87999725341797,99.8949966430664,620,0.0,0.0
2024-08-06 12:05:00-04:00,100.05000305175781,100.05999755859375,99.99500274658203,100.01000213623047,2056,0.0,0.0
2024-08-06 12:06:00-04:00,100.01000213623047,100.0250015258789,99.9800033569336,99.9800033569336,1473,0.0,0.0
2024-08-06 12:07:00-04:00,100.01799774169922,100.01799774169922,99.93000030517578,99.98999786376953,1202,0.0,0.0
2024-08-06 12:08:00-04:00,99.9175033569336,99.98999786376953,99.87999725341797,99.87999725341797,1485,0.0,0.0
2024-08-06 12:09:00-04:00,99.94000244140625,99.98999786376953,99.9000015258789,99.94999694824219,2100,0.0,0.0
2024-08-06 12:10:00-04:00,99.95500183105469,100.01000213623047,99.95500183105469,100.01000213623047,981,0.0,0.0
2024-08-06 12:12:00-04:00,99.98999786376953,99.98999786376953,99.98999786376953,99.98999786376953,0,0.0,0.0
2024-08-06 12:13:00-04:00,100.01499938964844,100.06999969482422,100.01499938964844,100.06999969482422,399112,0.0,0.0
2024-08-06 12:14:00-04:00,100.06500244140625,100.0999984741211,100.06500244140625,100.0999984741211,758,0.0,0.0
2024-08-06 12:15:00-04:00,100.11000061035156,100.36000061035156,100.11000061035156,100.36000061035156,1120,0.0,0.0
2024-08-06 12:16:00-04:00,100.32499694824219,100.38999938964844,100.30500030517578,100.38999938964844,1012,0.0,0.0
2024-08-06 12:17:00-04:00,100.3550033569336,100.41999816894531,100.27999877929688,100.41999816894531,1526,0.0,0.0
2024-08-06 12:18:00-04:00,100.375,100.41999816894531,100.33000183105469,100.36499786376953,6745,0.0,0.0
2024-08-06 12:19:00-04:00,100.37000274658203,100.375,100.37000274658203,100.375,841,0.0,0.0
2024-08-06 12:20:00-04:00,100.41999816894531,100.44499969482422,100.37999725341797,100.3949966430664,2605,0.0,0.0
2024-08-06 12:21:00-04:00,100.3949966430664,100.3949966430664,100.23999786376953,100.23999786376953,4832,0.0,0.0
2024-08-06 12:22:00-04:00,100.26000213623047,100.3499984741211,100.26000213623047,100.28500366210938,1579,0.0,0.0
2024-08-06 12:23:00-04:00,100.28500366210938,100.28500366210938,100.20999908447266,100.26000213623047,2707,0.0,0.0
2024-08-06 12:24:00-04:00,100.26000213623047,100.33000183105469,100.26000213623047,100.33000183105469,1178,0.0,0.0
2024-08-06 12:25:00-04:00,100.25499725341797,100.25499725341797,100.25499725341797,100.25499725341797,300,0.0,0.0
2024-08-06 12:26:00-04:00,100.31999969482422,100.31999969482422,100.1500015258789,100.1500015258789,3559,0.0,0.0
2024-08-06 12:27:00-04:00,100.18000030517578,100.19999694824219,100.12000274658203,100.18000030517578,3525,0.0,0.0
2024-08-06 12:28:00-04:00,100.18000030517578,100.18000030517578,100.18000030517578,100.18000030517578,317,0.0,0.0
2024-08-06 12:29:00-04:00,100.16999816894531,100.19499969482422,100.16999816894531,100.19499969482422,423,0.0,0.0
2024-08-06 12:30:00-04:00,100.25,100.2699966430664,99.94999694824219,99.94999694824219,3979,0.0,0.0
2024-08-06 12:31:00-04:00,99.95999908447266,100.01000213623047,99.95500183105469,100.01000213623047,994,0.0,0.0
2024-08-06 12:32:00-04:00,99.94329833984375,99.95999908447266,99.87000274658203,99.87000274658203,3122,0.0,0.0
2024-08-06 12:33:00-04:00,99.91500091552734,99.91500091552734,99.91500091552734,99.91500091552734,1116,0.0,0.0
2024-08-06 12:34:00-04:00,99.91000366210938,99.95500183105469,99.83000183105469,99.83000183105469,1008,0.0,0.0
2024-08-06 12:35:00-04:00,99.91999816894531,99.91999816894531,99.9000015258789,99.9000015258789,691,0.0,0.0
2024-08-06 12:36:00-04:00,99.91999816894531,99.91999816894531,99.83999633789062,99.83999633789062,1106,0.0,0.0
2024-08-06 12:37:00-04:00,99.83499908447266,100.0,99.83499908447266,99.94999694824219,7249,0.0,0.0
2024-08-06 12:38:00-04:00,100.04000091552734,100.04000091552734,100.01000213623047,100.01000213623047,1447,0.0,0.0
2024-08-06 12:39:00-04:00,99.98500061035156,100.01000213623047,99.98500061035156,100.01000213623047,1132,0.0,0.0
2024-08-06 12:40:00-04:00,100.02999877929688,100.02999877929688,100.02999877929688,100.02999877929688,499,0.0,0.0
2024-08-06 12:41:00-04:00,100.04000091552734,100.08999633789062,100.01750183105469,100.08999633789062,2199,0.0,0.0
2024-08-06 12:42:00-04:00,100.05999755859375,100.1500015258789,100.02999877929688,100.02999877929688,2568,0.0,0.0
2024-08-06 12:44:00-04:00,100.08000183105469,100.08000183105469,100.0199966430664,100.06999969482422,968,0.0,0.0
2024-08-06 12:45:00-04:00,99.98999786376953,100.05500030517578,99.9800033569336,100.05500030517578,946,0.0,0.0
2024-08-06 12:46:00-04:00,100.0999984741211,100.16999816894531,100.0999984741211,100.15499877929688,3143,0.0,0.0
2024-08-06 12:47:00-04:00,100.1675033569336,100.1675033569336,100.1675033569336,100.1675033569336,225,0.0,0.0
2024-08-06 12:48:00-04:00,100.15499877929688,100.22000122070312,100.15499877929688,100.19999694824219,1994,0.0,0.0
2024-08-06 12:49:00-04:00,100.0999984741211,100.15499877929688,100.01000213623047,100.01000213623047,2805,0.0,0.0
2024-08-06 12:50:00-04:00,100.06999969482422,100.1500015258789,100.06999969482422,100.08000183105469,1994,0.0,0.0
2024-08-06 12:51:00-04:00,99.9800033569336,99.9800033569336,99.97000122070312,99.97000122070312,1039,0.0,0.0
2024-08-06 12:52:00-04:00,99.94999694824219,100.06500244140625,99.93000030517578,100.06500244140625,2175,0.0,0.0
2024-08-06 12:53:00-04:00,100.12999725341797,100.12999725341797,100.08999633789062,100.08999633789062,340,0.0,0.0
2024-08-06 12:54:00-04:00,100.19999694824219,100.23999786376953,100.19999694824219,100.23999786376953,1003,0.0,0.0
2024-08-06 12:55:00-04:00,100.19000244140625,100.20500183105469,100.18000030517578,100.20500183105469,894,0.0,0.0
2024-08-06 12:56:00-04:00,100.16999816894531,100.22000122070312,100.16999816894531,100.22000122070312,872,0.0,0.0
2024-08-06 12:57:00-04:00,100.22000122070312,100.22000122070312,100.22000122070312,100.22000122070312,432,0.0,0.0
2024-08-06 12:58:00-04:00,100.1500015258789,100.1500015258789,100.1500015258789,100.1500015258789,973,0.0,0.0
2024-08-06 12:59:00-04:00,100.17500305175781,100.2300033569336,100.0999984741211,100.13999938964844,1374,0.0,0.0
2024-08-06 13:00:00-04:00,100.11000061035156,100.11000061035156,100.0551986694336,100.0551986694336,261,0.0,0.0
2024-08-06 13:01:00-04:00,100.13999938964844,100.16999816894531,100.13999938964844,100.16999816894531,757,0.0,0.0
2024-08-06 13:02:00-04:00,100.1500015258789,100.15499877929688,100.1500015258789,100.15499877929688,1281,0.0,0.0
2024-08-06 13:03:00-04:00,100.08000183105469,100.15499877929688,100.08000183105469,100.08000183105469,913,0.0,0.0
2024-08-06 13:04:00-04:00,100.08000183105469,100.0999984741211,100.04000091552734,100.05000305175781,3490,0.0,0.0
2024-08-06 13:05:00-04:00,100.02999877929688,100.02999877929688,99.96499633789062,99.98500061035156,2032,0.0,0.0
2024-08-06 13:06:00-04:00,99.98249816894531,100.07499694824219,99.98249816894531,100.0199966430664,2760,0.0,0.0
2024-08-06 13:07:00-04:00,100.0199966430664,100.0199966430664,99.97000122070312,99.97000122070312,2030,0.0,0.0
2024-08-06 13:10:00-04:00,100.02999877929688,100.06999969482422,99.98500061035156,99.98500061035156,5357,0.0,0.0
2024-08-06 13:12:00-04:00,99.91999816894531,99.9800033569336,99.91999816894531,99.9800033569336,1203,0.0,0.0
2024-08-06 13:15:00-04:00,99.93000030517578,100.05999755859375,99.87999725341797,100.05000305175781,4918,0.0,0.0
2024-08-06 13:16:00-04:00,100.05999755859375,100.05999755859375,100.05999755859375,100.05999755859375,543,0.0,0.0
2024-08-06 13:17:00-04:00,100.05999755859375,100.05999755859375,100.05999755859375,100.05999755859375,1182,0.0,0.0
2024-08-06 13:19:00-04:00,100.05000305175781,100.0999984741211,100.05000305175781,100.09500122070312,2152,0.0,0.0
2024-08-06 13:20:00-04:00,100.09500122070312,100.18000030517578,100.09500122070312,100.12000274658203,2791,0.0,0.0
2024-08-06 13:21:00-04:00,100.06999969482422,100.11000061035156,99.87999725341797,99.87999725341797,4438,0.0,0.0
2024-08-06 13:22:00-04:00,99.97000122070312,99.97000122070312,99.97000122070312,99.97000122070312,368,0.0,0.0
2024-08-06 13:23:00-04:00,99.96749877929688,99.97250366210938,99.875,99.8949966430664,4562,0.0,0.0
2024-08-06 13:24:00-04:00,99.8949966430664,99.8949966430664,99.80000305175781,99.8949966430664,516,0.0,0.0
2024-08-06 13:25:00-04:00,99.88999938964844,99.91500091552734,99.87000274658203,99.875,4445,0.0,0.0
2024-08-06 13:26:00-04:00,99.875,99.87999725341797,99.77999877929688,99.83999633789062,9841,0.0,0.0
2024-08-06 13:27:00-04:00,99.8499984741211,99.88500213623047,99.8407974243164,99.88500213623047,3864,0.0,0.0
2024-08-06 13:28:00-04:00,99.9000015258789,99.93000030517578,99.83999633789062,99.9000015258789,8313,0.0,0.0
2024-08-06 13:29:00-04:00,99.91999816894531,99.93000030517578,99.88999938964844,99.91999816894531,6117,0.0,0.0
2024-08-06 13:30:00-04:00,99.91999816894531,99.97000122070312,99.91000366210938,99.91999816894531,2959,0.0,0.0
2024-08-06 13:31:00-04:00,99.91999816894531,99.95999908447266,99.91999816894531,99.95999908447266,538,0.0,0.0
2024-08-06 13:32:00-04:00,99.95999908447266,99.95999908447266,99.91999816894531,99.93000030517578,819,0.0,0.0
2024-08-06 13:33:00-04:00,99.93000030517578,99.95500183105469,99.83999633789062,99.87000274658203,3919,0.0,0.0
2024-08-06 13:34:00-04:00,99.875,99.875,99.875,99.875,133,0.0,0.0
2024-08-06 13:35:00-04:00,99.80000305175781,99.80000305175781,99.80000305175781,99.80000305175781,472,0.0,0.0
2024-08-06 13:36:00-04:00,99.83999633789062,99.94000244140625,99.83999633789062,99.94000244140625,2290,0.0,0.0
2024-08-06 13:37:00-04:00,99.95999908447266,100.01000213623047,99.94499969482422,100.01000213623047,1606,0.0,0.0
2024-08-06 13:38:00-04:00,100.05500030517578,100.06500244140625,100.05500030517578,100.06500244140625,686,0.0,0.0
2024-08-06 13:39:00-04:00,100.04000091552734,100.04000091552734,100.04000091552734,100.04000091552734,733,0.0,0.0
2024-08-06 13:40:00-04:00,100.07499694824219,100.07499694824219,99.98999786376953,99.98999786376953,1894,0.0,0.0
2024-08-06 13:42:00-04:00,100.08499908447266,100.08499908447266,100.08499908447266,100.08499908447266,211,0.0,0.0
2024-08-06 13:43:00-04:00,100.0199966430664,100.02999877929688,99.87999725341797,99.87999725341797,2213,0.0,0.0
2024-08-06 13:44:00-04:00,100.0199966430664,100.14990234375,100.01000213623047,100.14990234375,4753,0.0,0.0
2024-08-06 13:45:00-04:00,100.08999633789062,100.08999633789062,100.08999633789062,100.08999633789062,592,0.0,0.0
2024-08-06 13:46:00-04:00,100.16999816894531,100.20999908447266,100.16999816894531,100.20999908447266,665,0.0,0.0
2024-08-06 13:47:00-04:00,100.12000274658203,100.1500015258789,100.08000183105469,100.08000183105469,1628,0.0,0.0
2024-08-06 13:48:00-04:00,100.16999816894531,100.26000213623047,100.16999816894531,100.20999908447266,798,0.0,0.0
2024-08-06 13:49:00-04:00,100.29000091552734,100.29000091552734,100.29000091552734,100.29000091552734,989,0.0,0.0
2024-08-06 13:51:00-04:00,100.23999786376953,100.23999786376953,100.23999786376953,100.23999786376953,246,0.0,0.0
2024-08-06 13:52:00-04:00,100.2699966430664,100.28500366210938,100.2699966430664,100.28500366210938,289,0.0,0.0
2024-08-06 13:53:00-04:00,100.25,100.25,100.25,100.25,300,0.0,0.0
2024-08-06 13:54:00-04:00,100.26000213623047,100.2699966430664,100.23999786376953,100.23999786376953,640,0.0,0.0
2024-08-06 13:55:00-04:00,100.23999786376953,100.27999877929688,100.23999786376953,100.23999786376953,1273,0.0,0.0
2024-08-06 13:56:00-04:00,100.31999969482422,100.44999694824219,100.30500030517578,100.44999694824219,5494,0.0,0.0
2024-08-06 13:57:00-04:00,100.43499755859375,100.51000213623047,100.38999938964844,100.51000213623047,1791,0.0,0.0
2024-08-06 13:58:00-04:00,100.52999877929688,100.52999877929688,100.33999633789062,100.38500213623047,2826,0.0,0.0
2024-08-06 13:59:00-04:00,100.38999938964844,100.38999938964844,100.31999969482422,100.31999969482422,802,0.0,0.0
2024-08-06 14:00:00-04:00,100.37000274658203,100.37000274658203,100.37000274658203,100.37000274658203,1060,0.0,0.0
2024-08-06 14:01:00-04:00,100.37629699707031,100.44940185546875,100.37629699707031,100.44940185546875,693,0.0,0.0
2024-08-06 14:02:00-04:00,100.44999694824219,100.7699966430664,100.44999694824219,100.7699966430664,8171,0.0,0.0
2024-08-06 14:03:00-04:00,100.79000091552734,100.9000015258789,100.68499755859375,100.68499755859375,4016,0.0,0.0
2024-08-06 14:04:00-04:00,100.70500183105469,100.7699966430664,100.68000030517578,100.70690155029297,1191,0.0,0.0
2024-08-06 14:05:00-04:00,100.77999877929688,100.87000274658203,100.75,100.84500122070312,4479,0.0,0.0
2024-08-06 14:06:00-04:00,100.82499694824219,100.84500122070312,100.76499938964844,100.76499938964844,910,0.0,0.0
2024-08-06 14:07:00-04:00,100.84500122070312,100.84500122070312,100.82499694824219,100.82499694824219,972,0.0,0.0
2024-08-06 14:08:00-04:00,100.8499984741211,100.91000366210938,100.8499984741211,100.91000366210938,2870,0.0,0.0
2024-08-06 14:09:00-04:00,100.91000366210938,100.94999694824219,100.81999969482422,100.82499694824219,4404,0.0,0.0
2024-08-06 14:10:00-04:00,100.82499694824219,100.94999694824219,100.82499694824219,100.94999694824219,4067,0.0,0.0
2024-08-06 14:11:00-04:00,100.81999969482422,100.95999908447266,100.81999969482422,100.93000030517578,1394,0.0,0.0
2024-08-06 14:12:00-04:00,100.95999908447266,100.99500274658203,100.91999816894531,100.99500274658203,2729,0.0,0.0
2024-08-06 14:13:00-04:00,100.93499755859375,100.93499755859375,100.93499755859375,100.93499755859375,462,0.0,0.0
2024-08-06 14:14:00-04:00,100.91500091552734,100.94999694824219,100.91500091552734,100.94999694824219,1242,0.0,0.0
2024-08-06 14:15:00-04:00,100.95999908447266,101.01000213623047,100.94999694824219,101.01000213623047,4380,0.0,0.0
2024-08-06 14:16:00-04:00,101.01499938964844,101.01499938964844,100.96499633789062,101.0,3120,0.0,0.0
2024-08-06 14:18:00-04:00,100.9800033569336,101.01499938964844,100.9800033569336,100.9800033569336,753,0.0,0.0
2024-08-06 14:19:00-04:00,100.98500061035156,101.01499938964844,100.9800033569336,101.0,1357,0.0,0.0
2024-08-06 14:20:00-04:00,100.9800033569336,101.0199966430664,100.9800033569336,100.98999786376953,3224,0.0,0.0
2024-08-06 14:21:00-04:00,100.97000122070312,101.33999633789062,100.97000122070312,101.30999755859375,12713,0.0,0.0
2024-08-06 14:22:00-04:00,101.33999633789062,101.33999633789062,101.26000213623047,101.30999755859375,753,0.0,0.0
2024-08-06 14:23:00-04:00,101.30999755859375,101.33999633789062,101.30999755859375,101.33999633789062,682,0.0,0.0
2024-08-06 14:24:00-04:00,101.33499908447266,101.3949966430664,101.33000183105469,101.3949966430664,1279,0.0,0.0
2024-08-06 14:25:00-04:00,101.26000213623047,101.4000015258789,101.26000213623047,101.33499908447266,1572,0.0,0.0
2024-08-06 14:26:00-04:00,101.33000183105469,101.5199966430664,101.31999969482422,101.41000366210938,4753,0.0,0.0
2024-08-06 14:27:00-04:00,101.44000244140625,101.45999908447266,101.4000015258789,101.43000030517578,2075,0.0,0.0
2024-08-06 14:28:00-04:00,101.43000030517578,101.43000030517578,101.38999938964844,101.38999938964844,1852,0.0,0.0
2024-08-06 14:30:00-04:00,101.37999725341797,101.4800033569336,101.33000183105469,101.37999725341797,14354,0.0,0.0
2024-08-06 14:31:00-04:00,101.47000122070312,101.47000122070312,101.41000366210938,101.41000366210938,1813,0.0,0.0
2024-08-06 14:32:00-04:00,101.41000366210938,101.41999816894531,101.4000015258789,101.4000015258789,642,0.0,0.0
2024-08-06 14:33:00-04:00,101.40769958496094,101.53500366210938,101.40769958496094,101.5199966430664,3625,0.0,0.0
2024-08-06 14:34:00-04:00,101.52999877929688,101.54000091552734,101.45999908447266,101.52999877929688,5261,0.0,0.0
2024-08-06 14:35:00-04:00,101.5199966430664,101.5199966430664,101.44999694824219,101.44999694824219,1177,0.0,0.0
2024-08-06 14:36:00-04:00,101.5,101.5,101.44999694824219,101.4749984741211,2834,0.0,0.0
2024-08-06 14:37:00-04:00,101.48999786376953,101.48999786376953,101.48999786376953,101.48999786376953,248,0.0,0.0
2024-08-06 14:38:00-04:00,101.41999816894531,101.45999908447266,101.41000366210938,101.41999816894531,2192,0.0,0.0
2024-08-06 14:39:00-04:00,101.38999938964844,101.43000030517578,101.38999938964844,101.4000015258789,2780,0.0,0.0
2024-08-06 14:40:00-04:00,101.4000015258789,101.4000015258789,101.3949966430664,101.3949966430664,432,0.0,0.0
2024-08-06 14:41:00-04:00,101.3949966430664,101.3949966430664,101.3949966430664,101.3949966430664,1185,0.0,0.0
2024-08-06 14:42:00-04:00,101.36000061035156,101.41999816894531,101.36000061035156,101.41999816894531,2226,0.0,0.0
2024-08-06 14:43:00-04:00,101.41999816894531,101.41999816894531,101.27999877929688,101.27999877929688,3348,0.0,0.0
2024-08-06 14:44:00-04:00,101.27999877929688,101.27999877929688,101.27999877929688,101.27999877929688,756,0.0,0.0
2024-08-06 14:46:00-04:00,101.31999969482422,101.33999633789062,101.21790313720703,101.21790313720703,5899,0.0,0.0
2024-08-06 14:47:00-04:00,101.2249984741211,101.22989654541016,101.13999938964844,101.13999938964844,1202,0.0,0.0
2024-08-06 14:48:00-04:00,101.19000244140625,101.19000244140625,101.12999725341797,101.18000030517578,980,0.0,0.0
2024-08-06 14:49:00-04:00,101.18000030517578,101.23500061035156,101.18000030517578,101.23500061035156,1938,0.0,0.0
2024-08-06 14:50:00-04:00,101.19999694824219,101.20500183105469,101.18000030517578,101.18000030517578,1179,0.0,0.0
2024-08-06 14:51:00-04:00,101.19999694824219,101.2300033569336,101.09500122070312,101.09500122070312,1899,0.0,0.0
2024-08-06 14:52:00-04:00,101.12999725341797,101.13999938964844,101.02999877929688,101.02999877929688,2370,0.0,0.0
2024-08-06 14:53:00-04:00,101.04499816894531,101.04499816894531,101.04499816894531,101.04499816894531,403,0.0,0.0
2024-08-06 14:54:00-04:00,100.98999786376953,101.01499938964844,100.98999786376953,101.01000213623047,1593,0.0,0.0
2024-08-06 14:55:00-04:00,101.01000213623047,101.01000213623047,101.0,101.0,541,0.0,0.0
2024-08-06 14:56:00-04:00,101.0,101.0,100.91999816894531,101.0,6262,0.0,0.0
2024-08-06 14:57:00-04:00,100.91999816894531,100.91999816894531,100.86499786376953,100.86499786376953,4287,0.0,0.0
2024-08-06 14:58:00-04:00,100.8499984741211,100.86499786376953,100.77999877929688,100.77999877929688,2806,0.0,0.0
2024-08-06 14:59:00-04:00,100.77999877929688,100.77999877929688,100.4800033569336,100.5,7331,0.0,0.0
2024-08-06 15:00:00-04:00,100.50499725341797,100.50499725341797,100.40499877929688,100.5,1624,0.0,0.0
2024-08-06 15:01:00-04:00,100.43000030517578,100.43000030517578,100.43000030517578,100.43000030517578,1212,0.0,0.0
2024-08-06 15:02:00-04:00,100.42500305175781,100.42500305175781,100.33999633789062,100.36000061035156,3218,0.0,0.0
2024-08-06 15:03:00-04:00,100.33260345458984,100.42500305175781,100.31999969482422,100.31999969482422,6176,0.0,0.0
2024-08-06 15:04:00-04:00,100.27999877929688,100.27999877929688,100.20999908447266,100.20999908447266,1427,0.0,0.0
2024-08-06 15:05:00-04:00,100.20999908447266,100.2699966430664,99.97000122070312,99.97000122070312,3667,0.0,0.0
2024-08-06 15:06:00-04:00,100.02999877929688,100.02999877929688,100.02999877929688,100.02999877929688,707,0.0,0.0
2024-08-06 15:07:00-04:00,99.93000030517578,99.94000244140625,99.80000305175781,99.87999725341797,2871,0.0,0.0
2024-08-06 15:08:00-04:00,99.80999755859375,99.95999908447266,99.80999755859375,99.91000366210938,3533,0.0,0.0
2024-08-06 15:09:00-04:00,100.01000213623047,100.0199966430664,99.98999786376953,99.98999786376953,1863,0.0,0.0
2024-08-06 15:10:00-04:00,99.98999786376953,100.06999969482422,99.97000122070312,99.9800033569336,4603,0.0,0.0
2024-08-06 15:11:00-04:00,99.97000122070312,99.97000122070312,99.88999938964844,99.94000244140625,5417,0.0,0.0
2024-08-06 15:12:00-04:00,99.97000122070312,100.18000030517578,99.95500183105469,100.18000030517578,4226,0.0,0.0
2024-08-06 15:13:00-04:00,100.22000122070312,100.22000122070312,100.08999633789062,100.08999633789062,1748,0.0,0.0
2024-08-06 15:14:00-04:00,100.11499786376953,100.12000274658203,100.05999755859375,100.08499908447266,1782,0.0,0.0
2024-08-06 15:15:00-04:00,100.04000091552734,100.04000091552734,99.94999694824219,99.94999694824219,1891,0.0,0.0
2024-08-06 15:16:00-04:00,99.94999694824219,99.94999694824219,99.87999725341797,99.9000015258789,1472,0.0,0.0
2024-08-06 15:17:00-04:00,99.83000183105469,99.83999633789062,99.82499694824219,99.83999633789062,2621,0.0,0.0
2024-08-06 15:18:00-04:00,99.79000091552734,99.79000091552734,99.68000030517578,99.68000030517578,4983,0.0,0.0
2024-08-06 15:19:00-04:00,99.72000122070312,99.80000305175781,99.72000122070312,99.73999786376953,3911,0.0,0.0
2024-08-06 15:20:00-04:00,99.73999786376953,99.87000274658203,99.72000122070312,99.87000274658203,5379,0.0,0.0
2024-08-06 15:21:00-04:00,99.91999816894531,99.94999694824219,99.86000061035156,99.93499755859375,1244,0.0,0.0
2024-08-06 15:22:00-04:00,99.95999908447266,100.1906967163086,99.95999908447266,100.1906967163086,2558,0.0,0.0
2024-08-06 15:23:00-04:00,100.20500183105469,100.20500183105469,100.20500183105469,100.20500183105469,225,0.0,0.0
2024-08-06 15:24:00-04:00,100.21499633789062,100.27999877929688,100.21499633789062,100.22000122070312,1627,0.0,0.0
2024-08-06 15:25:00-04:00,100.20999908447266,100.2300033569336,100.19999694824219,100.19999694824219,1980,0.0,0.0
2024-08-06 15:26:00-04:00,100.19999694824219,100.2300033569336,100.19999694824219,100.2249984741211,1320,0.0,0.0
2024-08-06 15:27:00-04:00,100.18000030517578,100.21499633789062,100.12999725341797,100.16999816894531,3038,0.0,0.0
2024-08-06 15:28:00-04:00,100.11000061035156,100.19999694824219,100.04000091552734,100.19999694824219,3166,0.0,0.0
2024-08-06 15:29:00-04:00,100.19000244140625,100.19999694824219,100.01000213623047,100.01000213623047,2356,0.0,0.0
2024-08-06 15:30:00-04:00,100.0199966430664,100.16999816894531,100.0199966430664,100.16999816894531,2139,0.0,0.0
2024-08-06 15:31:00-04:00,100.15499877929688,100.15499877929688,100.11000061035156,100.11000061035156,541,0.0,0.0
2024-08-06 15:32:00-04:00,100.11000061035156,100.11000061035156,99.9800033569336,100.06999969482422,4944,0.0,0.0
2024-08-06 15:33:00-04:00,100.05999755859375,100.20500183105469,100.05999755859375,100.20500183105469,2507,0.0,0.0
2024-08-06 15:34:00-04:00,100.20999908447266,100.21499633789062,100.12999725341797,100.1500015258789,3032,0.0,0.0
2024-08-06 15:35:00-04:00,100.13999938964844,100.22000122070312,100.12000274658203,100.16999816894531,3396,0.0,0.0
2024-08-06 15:36:00-04:00,100.19999694824219,100.2699966430664,100.19499969482422,100.23999786376953,2248,0.0,0.0
2024-08-06 15:37:00-04:00,100.23999786376953,100.31999969482422,100.23500061035156,100.29000091552734,3875,0.0,0.0
2024-08-06 15:38:00-04:00,100.29499816894531,100.31999969482422,100.25,100.2699966430664,2654,0.0,0.0
2024-08-06 15:39:00-04:00,100.2300033569336,100.23999786376953,100.11499786376953,100.13999938964844,5138,0.0,0.0
2024-08-06 15:40:00-04:00,100.07099914550781,100.16999816894531,100.07099914550781,100.16999816894531,6823,0.0,0.0
2024-08-06 15:41:00-04:00,100.16000366210938,100.16000366210938,100.01000213623047,100.04499816894531,2604,0.0,0.0
2024-08-06 15:42:00-04:00,100.08999633789062,100.12000274658203,99.97000122070312,99.97000122070312,2863,0.0,0.0
2024-08-06 15:43:00-04:00,99.93009948730469,99.98999786376953,99.91000366210938,99.94750213623047,3165,0.0,0.0
2024-08-06 15:44:00-04:00,99.94999694824219,99.98989868164062,99.87999725341797,99.87999725341797,7636,0.0,0.0
2024-08-06 15:45:00-04:00,99.8499984741211,99.98999786376953,99.80999755859375,99.98999786376953,11248,0.0,0.0
2024-08-06 15:46:00-04:00,99.9999008178711,99.9999008178711,99.83999633789062,99.83999633789062,4953,0.0,0.0
2024-08-06 15:47:00-04:00,99.83000183105469,99.83999633789062,99.73999786376953,99.75,3468,0.0,0.0
2024-08-06 15:48:00-04:00,99.7300033569336,99.79000091552734,99.7300033569336,99.76000213623047,4180,0.0,0.0
2024-08-06 15:49:00-04:00,99.7300033569336,99.7699966430664,99.61000061035156,99.61000061035156,9351,0.0,0.0
2024-08-06 15:50:00-04:00,99.58999633789062,99.6500015258789,99.48999786376953,99.62999725341797,11379,0.0,0.0
2024-08-06 15:51:00-04:00,99.63500213623047,99.63500213623047,99.41000366210938,99.41000366210938,10333,0.0,0.0
2024-08-06 15:52:00-04:00,99.4000015258789,99.41000366210938,99.30000305175781,99.30000305175781,11630,0.0,0.0
2024-08-06 15:53:00-04:00,99.30999755859375,99.37000274658203,99.27999877929688,99.31999969482422,15357,0.0,0.0
2024-08-06 15:54:00-04:00,99.31999969482422,99.3499984741211,99.19000244140625,99.19000244140625,14982,0.0,0.0
2024-08-06 15:55:00-04:00,99.19000244140625,99.26000213623047,99.13500213623047,99.13999938964844,16665,0.0,0.0
2024-08-06 15:56:00-04:00,99.16999816894531,99.25,99.16000366210938,99.19999694824219,21592,0.0,0.0
2024-08-06 15:57:00-04:00,99.18000030517578,99.19000244140625,99.08000183105469,99.16999816894531,22714,0.0,0.0
2024-08-06 15:58:00-04:00,99.18000030517578,99.21499633789062,99.12999725341797,99.13999938964844,30264,0.0,0.0
2024-08-06 15:59:00-04:00,99.1449966430664,99.23999786376953,99.05000305175781,99.19999694824219,66737,0.0,0.0
2024-08-07 09:30:00-04:00,100.30000305175781,100.66000366210938,100.05500030517578,100.41500091552734,27223,0.0,0.0
2024-08-07 09:31:00-04:00,100.38999938964844,100.38999938964844,100.375,100.375,910,0.0,0.0
2024-08-07 09:32:00-04:00,100.44000244140625,100.44000244140625,100.22200012207031,100.22200012207031,505,0.0,0.0
2024-08-07 09:34:00-04:00,100.38999938964844,100.62999725341797,100.38999938964844,100.62999725341797,1474,0.0,0.0
2024-08-07 09:35:00-04:00,100.38500213623047,100.3949966430664,99.31500244140625,99.31500244140625,8633,0.0,0.0
2024-08-07 09:36:00-04:00,99.72000122070312,99.76000213623047,99.52999877929688,99.69999694824219,1490,0.0,0.0
2024-08-07 09:37:00-04:00,99.76000213623047,99.81999969482422,99.5999984741211,99.5999984741211,7104,0.0,0.0
2024-08-07 09:38:00-04:00,99.83999633789062,99.91999816894531,99.66000366210938,99.75,4569,0.0,0.0
2024-08-07 09:39:00-04:00,99.75,100.12999725341797,99.73999786376953,100.12999725341797,2829,0.0,0.0
2024-08-07 09:40:00-04:00,99.94000244140625,99.94000244140625,99.61000061035156,99.61000061035156,1437,0.0,0.0
2024-08-07 09:41:00-04:00,99.68000030517578,99.87999725341797,99.68000030517578,99.73999786376953,986,0.0,0.0
2024-08-07 09:42:00-04:00,99.73999786376953,99.73999786376953,99.73999786376953,99.73999786376953,351,0.0,0.0
2024-08-07 09:43:00-04:00,99.86000061035156,99.86000061035156,99.86000061035156,99.86000061035156,231,0.0,0.0
2024-08-07 09:44:00-04:00,99.91999816894531,100.04499816894531,99.91999816894531,99.94999694824219,1200,0.0,0.0
2024-08-07 09:45:00-04:00,99.9749984741211,100.05999755859375,99.9749984741211,99.9749984741211,581,0.0,0.0
2024-08-07 09:46:00-04:00,100.16999816894531,100.68000030517578,99.9749984741211,100.68000030517578,4033,0.0,0.0
2024-08-07 09:47:00-04:00,100.25050354003906,100.62000274658203,100.25,100.25,1321,0.0,0.0
2024-08-07 09:48:00-04:00,100.25499725341797,100.44000244140625,100.25499725341797,100.44000244140625,3313,0.0,0.0
2024-08-07 09:49:00-04:00,100.42500305175781,100.43000030517578,100.42500305175781,100.43000030517578,508,0.0,0.0
2024-08-07 09:50:00-04:00,100.41000366210938,100.43000030517578,100.25,100.25,1649,0.0,0.0
2024-08-07 09:51:00-04:00,100.0999984741211,100.0999984741211,99.81999969482422,99.81999969482422,1129,0.0,0.0
2024-08-07 09:52:00-04:00,99.95500183105469,99.95500183105469,99.95500183105469,99.95500183105469,1251,0.0,0.0
2024-08-07 09:54:00-04:00,99.88289642333984,99.88289642333984,99.75920104980469,99.75920104980469,645,0.0,0.0
2024-08-07 09:55:00-04:00,99.79000091552734,99.86499786376953,99.73999786376953,99.76000213623047,3581,0.0,0.0
2024-08-07 09:56:00-04:00,99.91000366210938,99.9800033569336,99.8499984741211,99.8499984741211,4433,0.0,0.0
2024-08-07 09:57:00-04:00,100.12000274658203,100.12000274658203,100.01000213623047,100.11000061035156,2026,0.0,0.0
2024-08-07 09:58:00-04:00,99.98999786376953,99.98999786376953,99.9000015258789,99.9000015258789,1231,0.0,0.0
2024-08-07 10:00:00-04:00,99.94409942626953,100.02999877929688,99.8499984741211,99.8949966430664,3167,0.0,0.0
2024-08-07 10:01:00-04:00,99.91999816894531,99.97000122070312,99.87000274658203,99.87000274658203,625,0.0,0.0
2024-08-07 10:02:00-04:00,99.94999694824219,99.9791030883789,99.94999694824219,99.9791030883789,538,0.0,0.0
2024-08-07 10:03:00-04:00,99.73999786376953,99.73999786376953,99.58999633789062,99.58999633789062,1959,0.0,0.0
2024-08-07 10:04:00-04:00,99.66500091552734,99.66500091552734,99.5,99.53500366210938,1540,0.0,0.0
2024-08-07 10:05:00-04:00,99.27999877929688,99.4800033569336,99.27999877929688,99.4800033569336,709,0.0,0.0
2024-08-07 10:06:00-04:00,99.54000091552734,99.62999725341797,99.43000030517578,99.55000305175781,3018,0.0,0.0
2024-08-07 10:07:00-04:00,99.4000015258789,99.41999816894531,99.30999755859375,99.375,1234,0.0,0.0
2024-08-07 10:09:00-04:00,99.19999694824219,99.33499908447266,99.19999694824219,99.27999877929688,433,0.0,0.0
2024-08-07 10:10:00-04:00,99.38500213623047,99.5,99.36000061035156,99.43000030517578,1387,0.0,0.0
2024-08-07 10:11:00-04:00,99.36000061035156,99.36000061035156,99.31999969482422,99.31999969482422,872,0.0,0.0
2024-08-07 10:13:00-04:00,99.33999633789062,99.37000274658203,99.2300033569336,99.2300033569336,700,0.0,0.0
2024-08-07 10:14:00-04:00,99.19999694824219,99.21499633789062,98.9800033569336,98.9800033569336,1481,0.0,0.0
2024-08-07 10:15:00-04:00,98.9000015258789,99.1500015258789,98.9000015258789,99.11000061035156,970,0.0,0.0
2024-08-07 10:16:00-04:00,99.01000213623047,99.16000366210938,99.01000213623047,99.1050033569336,493,0.0,0.0
2024-08-07 10:17:00-04:00,99.05000305175781,99.12000274658203,98.88999938964844,98.88999938964844,697,0.0,0.0
2024-08-07 10:18:00-04:00,99.0250015258789,99.1500015258789,99.0,99.0,1943,0.0,0.0
2024-08-07 10:19:00-04:00,98.88999938964844,99.01000213623047,98.88999938964844,99.01000213623047,339,0.0,0.0
2024-08-07 10:20:00-04:00,98.99500274658203,99.27999877929688,98.97000122070312,99.27999877929688,10183,0.0,0.0
2024-08-07 10:21:00-04:00,99.36499786376953,99.36499786376953,99.36499786376953,99.36499786376953,204,0.0,0.0
2024-08-07 10:22:00-04:00,99.33999633789062,99.55999755859375,99.33999633789062,99.49500274658203,2121,0.0,0.0
2024-08-07 10:23:00-04:00,99.55999755859375,99.55999755859375,99.33999633789062,99.34500122070312,1991,0.0,0.0
2024-08-07 10:24:00-04:00,99.33000183105469,99.44000244140625,99.28500366210938,99.4000015258789,3788,0.0,0.0
2024-08-07 10:25:00-04:00,99.2699966430664,99.33999633789062,99.26000213623047,99.27999877929688,2006,0.0,0.0
2024-08-07 10:26:00-04:00,99.27999877929688,99.27999877929688,98.95999908447266,98.98999786376953,6721,0.0,0.0
2024-08-07 10:27:00-04:00,99.0,99.0199966430664,98.80000305175781,98.91500091552734,6184,0.0,0.0
2024-08-07 10:28:00-04:00,98.81999969482422,98.9000015258789,98.7699966430664,98.9000015258789,5685,0.0,0.0
2024-08-07 10:29:00-04:00,98.84500122070312,98.97000122070312,98.66999816894531,98.70999908447266,3082,0.0,0.0
2024-08-07 10:30:00-04:00,98.5999984741211,98.73999786376953,98.5999984741211,98.61000061035156,2078,0.0,0.0
2024-08-07 10:31:00-04:00,98.8499984741211,98.86000061035156,98.7300033569336,98.77999877929688,2564,0.0,0.0
2024-08-07 10:32:00-04:00,98.86000061035156,99.0199966430664,98.78500366210938,98.98999786376953,2936,0.0,0.0
2024-08-07 10:33:00-04:00,99.06999969482422,99.06999969482422,99.06999969482422,99.06999969482422,119,0.0,0.0
2024-08-07 10:34:00-04:00,99.00499725341797,99.00499725341797,99.00499725341797,99.00499725341797,1217,0.0,0.0
2024-08-07 10:35:00-04:00,98.9749984741211,98.9749984741211,98.9749984741211,98.9749984741211,281,0.0,0.0
2024-08-07 10:36:00-04:00,98.9800033569336,98.9800033569336,98.97000122070312,98.97000122070312,662,0.0,0.0
2024-08-07 10:37:00-04:00,99.04000091552734,99.0999984741211,98.95999908447266,99.0250015258789,4150,0.0,0.0
2024-08-07 10:38:00-04:00,98.93000030517578,99.11000061035156,98.91999816894531,99.02999877929688,4413,0.0,0.0
2024-08-07 10:39:00-04:00,99.11000061035156,99.11000061035156,99.0250015258789,99.0250015258789,619,0.0,0.0
2024-08-07 10:40:00-04:00,99.11000061035156,99.125,99.0199966430664,99.125,1802,0.0,0.0
2024-08-07 10:41:00-04:00,99.12999725341797,99.12999725341797,99.12999725341797,99.12999725341797,150,0.0,0.0
2024-08-07 10:42:00-04:00,99.12999725341797,99.37000274658203,99.12999725341797,99.37000274658203,1725,0.0,0.0
2024-08-07 10:43:00-04:00,99.16999816894531,99.16999816894531,99.11000061035156,99.11000061035156,1932,0.0,0.0
2024-08-07 10:44:00-04:00,99.2300033569336,99.2300033569336,99.13999938964844,99.1449966430664,754,0.0,0.0
2024-08-07 10:45:00-04:00,99.23999786376953,99.51000213623047,99.23999786376953,99.51000213623047,9037,0.0,0.0
2024-08-07 10:46:00-04:00,99.55999755859375,99.57499694824219,99.55999755859375,99.57499694824219,1987,0.0,0.0
2024-08-07 10:47:00-04:00,99.5875015258789,100.11000061035156,99.5875015258789,100.06999969482422,18099,0.0,0.0
2024-08-07 10:49:00-04:00,100.12000274658203,100.12000274658203,99.9000015258789,99.95500183105469,1467,0.0,0.0
2024-08-07 10:50:00-04:00,99.95999908447266,99.9800033569336,99.87010192871094,99.9749984741211,1070,0.0,0.0
2024-08-07 10:51:00-04:00,99.9800033569336,99.98500061035156,99.9800033569336,99.98500061035156,206,0.0,0.0
2024-08-07 10:52:00-04:00,99.98999786376953,99.98999786376953,99.79000091552734,99.81999969482422,3644,0.0,0.0
2024-08-07 10:53:00-04:00,99.87999725341797,99.87999725341797,99.7300033569336,99.7300033569336,1423,0.0,0.0
2024-08-07 10:54:00-04:00,99.79000091552734,99.79000091552734,99.63999938964844,99.6500015258789,1319,0.0,0.0
2024-08-07 10:55:00-04:00,99.6500015258789,99.72000122070312,99.6449966430664,99.72000122070312,1412,0.0,0.0
2024-08-07 10:58:00-04:00,99.75,99.79000091552734,99.69000244140625,99.71499633789062,1853,0.0,0.0
2024-08-07 10:59:00-04:00,99.74230194091797,99.74230194091797,99.56999969482422,99.69000244140625,1897,0.0,0.0
2024-08-07 11:00:00-04:00,99.70999908447266,99.70999908447266,99.70999908447266,99.70999908447266,577,0.0,0.0
2024-08-07 11:02:00-04:00,99.56999969482422,99.56999969482422,99.56999969482422,99.56999969482422,552,0.0,0.0
2024-08-07 11:03:00-04:00,99.59500122070312,99.73999786376953,99.59500122070312,99.72000122070312,1115,0.0,0.0
2024-08-07 11:04:00-04:00,99.6449966430664,99.80999755859375,99.6449966430664,99.80999755859375,991,0.0,0.0
2024-08-07 11:05:00-04:00,99.84500122070312,99.84500122070312,99.84500122070312,99.84500122070312,266,0.0,0.0
2024-08-07 11:07:00-04:00,99.7300033569336,99.7300033569336,99.7300033569336,99.7300033569336,689,0.0,0.0
2024-08-07 11:08:00-04:00,99.81500244140625,99.81500244140625,99.81500244140625,99.81500244140625,136,0.0,0.0
2024-08-07 11:09:00-04:00,99.75,99.80000305175781,99.71499633789062,99.80000305175781,2829,0.0,0.0
2024-08-07 11:10:00-04:00,99.80000305175781,99.80000305175781,99.7300033569336,99.7300033569336,665,0.0,0.0
2024-08-07 11:11:00-04:00,99.72000122070312,99.72000122070312,99.55000305175781,99.58000183105469,1743,0.0,0.0
2024-08-07 11:12:00-04:00,99.57499694824219,99.6500015258789,99.57499694824219,99.58999633789062,879,0.0,0.0
2024-08-07 11:13:00-04:00,99.63999938964844,99.63999938964844,99.56500244140625,99.56500244140625,836,0.0,0.0
2024-08-07 11:14:00-04:00,99.47000122070312,99.49500274658203,99.4000015258789,99.49500274658203,1265,0.0,0.0
2024-08-07 11:16:00-04:00,99.45500183105469,99.4800033569336,99.37999725341797,99.37999725341797,1755,0.0,0.0
2024-08-07 11:17:00-04:00,99.37799835205078,99.44000244140625,99.33000183105469,99.33000183105469,1611,0.0,0.0
2024-08-07 11:18:00-04:00,99.22000122070312,99.22000122070312,99.22000122070312,99.22000122070312,362,0.0,0.0
2024-08-07 11:19:00-04:00,99.36000061035156,99.44999694824219,99.33999633789062,99.38999938964844,1838,0.0,0.0
2024-08-07 11:20:00-04:00,99.45999908447266,99.5199966430664,99.45999908447266,99.5199966430664,2276,0.0,0.0
2024-08-07 11:21:00-04:00,99.48999786376953,99.48999786376953,99.48999786376953,99.48999786376953,314,0.0,0.0
2024-08-07 11:22:00-04:00,99.4800033569336,99.56500244140625,99.4800033569336,99.5199966430664,2268,0.0,0.0
2024-08-07 11:23:00-04:00,99.51000213623047,99.51000213623047,99.41000366210938,99.4800033569336,1894,0.0,0.0
2024-08-07 11:24:00-04:00,99.4000015258789,99.4000015258789,99.4000015258789,99.4000015258789,693,0.0,0.0
2024-08-07 11:25:00-04:00,99.05999755859375,99.05999755859375,99.05999755859375,99.05999755859375,196,0.0,0.0
2024-08-07 11:26:00-04:00,99.16000366210938,99.26000213623047,99.16000366210938,99.16500091552734,993,0.0,0.0
2024-08-07 11:27:00-04:00,99.23999786376953,99.43000030517578,99.15499877929688,99.33499908447266,5917,0.0,0.0
2024-08-07 11:31:00-04:00,99.2300033569336,99.2300033569336,99.2300033569336,99.2300033569336,1359,0.0,0.0
2024-08-07 11:32:00-04:00,99.33000183105469,99.33000183105469,99.33000183105469,99.33000183105469,793,0.0,0.0
2024-08-07 11:35:00-04:00,99.38999938964844,99.38999938964844,99.31500244140625,99.31500244140625,200,0.0,0.0
2024-08-07 11:36:00-04:00,99.33000183105469,99.4000015258789,99.2301025390625,99.4000015258789,703,0.0,0.0
2024-08-07 11:37:00-04:00,99.31500244140625,99.31500244140625,99.31500244140625,99.31500244140625,222,0.0,0.0
2024-08-07 11:38:00-04:00,99.38999938964844,99.38999938964844,99.38999938964844,99.38999938964844,7125,0.0,0.0
2024-08-07 11:39:00-04:00,99.4000015258789,99.4000015258789,99.4000015258789,99.4000015258789,617,0.0,0.0
2024-08-07 11:40:00-04:00,99.18000030517578,99.24500274658203,99.18000030517578,99.24500274658203,419,0.0,0.0
2024-08-07 11:41:00-04:00,99.2249984741211,99.27999877929688,99.2249984741211,99.27999877929688,301,0.0,0.0
2024-08-07 11:42:00-04:00,99.30999755859375,99.41999816894531,99.30999755859375,99.37999725341797,1994,0.0,0.0
2024-08-07 11:43:00-04:00,99.30999755859375,99.30999755859375,99.26000213623047,99.26000213623047,723,0.0,0.0
2024-08-07 11:44:00-04:00,99.31999969482422,99.36000061035156,99.12999725341797,99.12999725341797,952,0.0,0.0
2024-08-07 11:45:00-04:00,99.06999969482422,99.08999633789062,99.0199966430664,99.0199966430664,1026,0.0,0.0
2024-08-07 11:46:00-04:00,99.01000213623047,99.0999984741211,99.0,99.04000091552734,1829,0.0,0.0
2024-08-07 11:47:00-04:00,98.9800033569336,99.05000305175781,98.9749984741211,98.9800033569336,1479,0.0,0.0
2024-08-07 11:48:00-04:00,98.98500061035156,98.98500061035156,98.98500061035156,98.98500061035156,206,0.0,0.0
2024-08-07 11:49:00-04:00,98.93000030517578,98.93000030517578,98.93000030517578,98.93000030517578,211,0.0,0.0
2024-08-07 11:50:00-04:00,98.91999816894531,98.91999816894531,98.91999816894531,98.91999816894531,207,0.0,0.0
2024-08-07 11:51:00-04:00,98.87999725341797,98.94000244140625,98.87999725341797,98.94000244140625,387,0.0,0.0
2024-08-07 11:52:00-04:00,98.9800033569336,99.0,98.87000274658203,98.98999786376953,2614,0.0,0.0
2024-08-07 11:53:00-04:00,98.95500183105469,99.0999984741211,98.95500183105469,98.9800033569336,2624,0.0,0.0
2024-08-07 11:55:00-04:00,98.9000015258789,98.9000015258789,98.81999969482422,98.86000061035156,2048,0.0,0.0
2024-08-07 11:56:00-04:00,98.79000091552734,98.93000030517578,98.79000091552734,98.87000274658203,3039,0.0,0.0
2024-08-07 11:57:00-04:00,98.95999908447266,98.95999908447266,98.91500091552734,98.92919921875,1548,0.0,0.0
2024-08-07 11:58:00-04:00,99.01000213623047,99.01000213623047,98.94999694824219,98.95500183105469,1522,0.0,0.0
2024-08-07 11:59:00-04:00,98.95999908447266,98.95999908447266,98.91000366210938,98.91000366210938,468,0.0,0.0
2024-08-07 12:00:00-04:00,98.8499984741211,98.8499984741211,98.75,98.79000091552734,1173,0.0,0.0
2024-08-07 12:01:00-04:00,98.75,98.79000091552734,98.75,98.79000091552734,595,0.0,0.0
2024-08-07 12:02:00-04:00,98.69999694824219,98.69999694824219,98.58999633789062,98.625,2797,0.0,0.0
2024-08-07 12:03:00-04:00,98.51000213623047,98.51000213623047,98.51000213623047,98.51000213623047,360,0.0,0.0
2024-08-07 12:04:00-04:00,98.51000213623047,98.51000213623047,98.4000015258789,98.4000015258789,758,0.0,0.0
2024-08-07 12:05:00-04:00,98.44000244140625,98.54000091552734,98.3499984741211,98.54000091552734,1126,0.0,0.0
2024-08-07 12:06:00-04:00,98.48500061035156,98.56999969482422,98.48500061035156,98.50499725341797,1043,0.0,0.0
2024-08-07 12:07:00-04:00,98.50499725341797,98.58999633789062,98.50499725341797,98.58999633789062,214,0.0,0.0
2024-08-07 12:08:00-04:00,98.41999816894531,98.41999816894531,98.41999816894531,98.41999816894531,613,0.0,0.0
2024-08-07 12:09:00-04:00,98.56999969482422,98.56999969482422,98.56999969482422,98.56999969482422,765,0.0,0.0
2024-08-07 12:10:00-04:00,98.51000213623047,98.58999633789062,98.51000213623047,98.58999633789062,812,0.0,0.0
2024-08-07 12:11:00-04:00,98.5999984741211,98.62999725341797,98.52999877929688,98.52999877929688,461,0.0,0.0
2024-08-07 12:12:00-04:00,98.52999877929688,98.52999877929688,98.41000366210938,98.41000366210938,599,0.0,0.0
2024-08-07 12:14:00-04:00,98.6500015258789,98.77999877929688,98.62000274658203,98.68000030517578,2647,0.0,0.0
2024-08-07 12:15:00-04:00,98.68000030517578,98.68499755859375,98.62000274658203,98.6500015258789,1001,0.0,0.0
2024-08-07 12:16:00-04:00,98.69999694824219,98.72000122070312,98.66500091552734,98.68499755859375,1091,0.0,0.0
2024-08-07 12:17:00-04:00,98.58000183105469,98.62000274658203,98.55999755859375,98.62000274658203,974,0.0,0.0
2024-08-07 12:18:00-04:00,98.59500122070312,98.59500122070312,98.59500122070312,98.59500122070312,553,0.0,0.0
2024-08-07 12:19:00-04:00,98.58999633789062,98.58999633789062,98.58999633789062,98.58999633789062,319,0.0,0.0
2024-08-07 12:20:00-04:00,98.66999816894531,98.69999694824219,98.62000274658203,98.69999694824219,1466,0.0,0.0
2024-08-07 12:21:00-04:00,98.72000122070312,98.72000122070312,98.68499755859375,98.68499755859375,598,0.0,0.0
2024-08-07 12:22:00-04:00,98.68499755859375,98.75,98.68499755859375,98.72000122070312,705,0.0,0.0
2024-08-07 12:23:00-04:00,98.77999877929688,98.81999969482422,98.71019744873047,98.81999969482422,2100,0.0,0.0
2024-08-07 12:24:00-04:00,98.82499694824219,98.87999725341797,98.82499694824219,98.87999725341797,786,0.0,0.0
2024-08-07 12:25:00-04:00,98.9000015258789,98.91000366210938,98.87000274658203,98.875,576,0.0,0.0
2024-08-07 12:26:00-04:00,98.80000305175781,98.80999755859375,98.75,98.80999755859375,2211,0.0,0.0
2024-08-07 12:27:00-04:00,98.7300033569336,98.81999969482422,98.7300033569336,98.80999755859375,1284,0.0,0.0
2024-08-07 12:28:00-04:00,98.80000305175781,98.87000274658203,98.80000305175781,98.81999969482422,1210,0.0,0.0
2024-08-07 12:30:00-04:00,98.7300033569336,98.7300033569336,98.7300033569336,98.7300033569336,287,0.0,0.0
2024-08-07 12:31:00-04:00,98.7300033569336,98.7300033569336,98.69000244140625,98.72000122070312,1084,0.0,0.0
2024-08-07 12:32:00-04:00,98.70999908447266,98.70999908447266,98.70999908447266,98.70999908447266,234,0.0,0.0
2024-08-07 12:33:00-04:00,98.7300033569336,98.7699966430664,98.65499877929688,98.7699966430664,1764,0.0,0.0
2024-08-07 12:34:00-04:00,98.7249984741211,98.81999969482422,98.7249984741211,98.81999969482422,983,0.0,0.0
2024-08-07 12:35:00-04:00,98.80000305175781,98.80000305175781,98.80000305175781,98.80000305175781,285,0.0,0.0
2024-08-07 12:37:00-04:00,98.84339904785156,98.84339904785156,98.72000122070312,98.72000122070312,1413,0.0,0.0
2024-08-07 12:38:00-04:00,98.66999816894531,98.81999969482422,98.66999816894531,98.81500244140625,1704,0.0,0.0
2024-08-07 12:39:00-04:00,98.86000061035156,98.93499755859375,98.83999633789062,98.93499755859375,850,0.0,0.0
2024-08-07 12:40:00-04:00,98.88999938964844,98.88999938964844,98.88999938964844,98.88999938964844,117,0.0,0.0
2024-08-07 12:41:00-04:00,98.94000244140625,98.94000244140625,98.94000244140625,98.94000244140625,218,0.0,0.0
2024-08-07 12:42:00-04:00,98.8499984741211,98.8499984741211,98.80000305175781,98.80000305175781,1501,0.0,0.0
2024-08-07 12:43:00-04:00,98.75,98.86000061035156,98.7300033569336,98.86000061035156,2112,0.0,0.0
2024-08-07 12:44:00-04:00,98.7699966430664,98.7699966430664,98.73999786376953,98.73999786376953,359,0.0,0.0
2024-08-07 12:45:00-04:00,98.80500030517578,98.80999755859375,98.80500030517578,98.80999755859375,251,0.0,0.0
2024-08-07 12:46:00-04:00,98.80999755859375,98.80999755859375,98.7301025390625,98.7301025390625,455,0.0,0.0
2024-08-07 12:47:00-04:00,98.69999694824219,98.72000122070312,98.69999694824219,98.72000122070312,474,0.0,0.0
2024-08-07 12:48:00-04:00,98.68000030517578,98.68000030517578,98.6500015258789,98.6500015258789,430,0.0,0.0
2024-08-07 12:49:00-04:00,98.72000122070312,98.72000122070312,98.6500015258789,98.68000030517578,320,0.0,0.0
2024-08-07 12:50:00-04:00,98.61000061035156,98.6500015258789,98.52999877929688,98.52999877929688,1237,0.0,0.0
2024-08-07 12:51:00-04:00,98.53820037841797,98.61000061035156,98.5199966430664,98.61000061035156,1846,0.0,0.0
2024-08-07 12:52:00-04:00,98.61000061035156,98.62999725341797,98.61000061035156,98.62999725341797,865,0.0,0.0
2024-08-07 12:53:00-04:00,98.5250015258789,98.62999725341797,98.5250015258789,98.58499908447266,659,0.0,0.0
2024-08-07 12:54:00-04:00,98.58999633789062,98.58999633789062,98.58999633789062,98.58999633789062,323,0.0,0.0
2024-08-07 12:55:00-04:00,98.66000366210938,98.66999816894531,98.65499877929688,98.65499877929688,1344,0.0,0.0
2024-08-07 12:56:00-04:00,98.68000030517578,98.71499633789062,98.68000030517578,98.71379852294922,1395,0.0,0.0
2024-08-07 12:57:00-04:00,98.72000122070312,98.72000122070312,98.72000122070312,98.72000122070312,414,0.0,0.0
2024-08-07 12:58:00-04:00,98.77999877929688,98.77999877929688,98.5999984741211,98.5999984741211,1369,0.0,0.0
2024-08-07 12:59:00-04:00,98.69999694824219,98.72000122070312,98.69999694824219,98.72000122070312,587,0.0,0.0
2024-08-07 13:01:00-04:00,98.69999694824219,98.69999694824219,98.58999633789062,98.5999984741211,1609,0.0,0.0
2024-08-07 13:02:00-04:00,98.55999755859375,98.56999969482422,98.38999938964844,98.38999938964844,1396,0.0,0.0
2024-08-07 13:03:00-04:00,98.41999816894531,98.45999908447266,98.41999816894531,98.42500305175781,1505,0.0,0.0
2024-08-07 13:04:00-04:00,98.38999938964844,98.38999938964844,98.38999938964844,98.38999938964844,140,0.0,0.0
2024-08-07 13:05:00-04:00,98.36499786376953,98.44999694824219,98.36499786376953,98.44999694824219,699,0.0,0.0
2024-08-07 13:06:00-04:00,98.4219970703125,98.4219970703125,98.4219970703125,98.4219970703125,304,0.0,0.0
2024-08-07 13:07:00-04:00,98.40070343017578,98.40070343017578,98.40070343017578,98.40070343017578,279,0.0,0.0
2024-08-07 13:08:00-04:00,98.41500091552734,98.41500091552734,98.33999633789062,98.33999633789062,269,0.0,0.0
2024-08-07 13:09:00-04:00,98.29000091552734,98.29000091552734,98.20500183105469,98.20500183105469,1319,0.0,0.0
2024-08-07 13:10:00-04:00,98.11000061035156,98.15499877929688,98.11000061035156,98.15499877929688,393,0.0,0.0
2024-08-07 13:11:00-04:00,98.06999969482422,98.08000183105469,98.01000213623047,98.08000183105469,1546,0.0,0.0
2024-08-07 13:12:00-04:00,98.05999755859375,98.05999755859375,97.87000274658203,97.93000030517578,6453,0.0,0.0
2024-08-07 13:13:00-04:00,97.93499755859375,98.16000366210938,97.93499755859375,98.06500244140625,3894,0.0,0.0
2024-08-07 13:14:00-04:00,98.16000366210938,98.16000366210938,98.13999938964844,98.13999938964844,1026,0.0,0.0
2024-08-07 13:15:00-04:00,98.0999984741211,98.0999984741211,98.01000213623047,98.01000213623047,1560,0.0,0.0
2024-08-07 13:16:00-04:00,98.04000091552734,98.04000091552734,98.01000213623047,98.01000213623047,353,0.0,0.0
2024-08-07 13:17:00-04:00,97.94000244140625,97.94000244140625,97.94000244140625,97.94000244140625,601,0.0,0.0
2024-08-07 13:18:00-04:00,97.8499984741211,97.8499984741211,97.8499984741211,97.8499984741211,692,0.0,0.0
2024-08-07 13:19:00-04:00,97.80000305175781,97.93000030517578,97.80000305175781,97.91000366210938,1906,0.0,0.0
2024-08-07 13:20:00-04:00,97.95999908447266,97.98999786376953,97.91000366210938,97.98999786376953,1529,0.0,0.0
2024-08-07 13:21:00-04:00,97.91000366210938,97.98999786376953,97.91000366210938,97.98999786376953,375,0.0,0.0
2024-08-07 13:22:00-04:00,98.00499725341797,98.04000091552734,98.00499725341797,98.04000091552734,290,0.0,0.0
2024-08-07 13:23:00-04:00,97.94000244140625,97.9800033569336,97.94000244140625,97.9800033569336,312,0.0,0.0
2024-08-07 13:24:00-04:00,97.98999786376953,98.06500244140625,97.9800033569336,98.06500244140625,1216,0.0,0.0
2024-08-07 13:25:00-04:00,98.06999969482422,98.25,98.06999969482422,98.23999786376953,2958,0.0,0.0
2024-08-07 13:26:00-04:00,98.27490234375,98.27490234375,98.27490234375,98.27490234375,338,0.0,0.0
2024-08-07 13:27:00-04:00,98.2750015258789,98.2750015258789,98.12999725341797,98.12999725341797,3080,0.0,0.0
2024-08-07 13:28:00-04:00,98.16000366210938,98.16000366210938,98.05999755859375,98.05999755859375,2115,0.0,0.0
2024-08-07 13:29:00-04:00,97.94999694824219,98.01000213623047,97.91999816894531,97.91999816894531,1983,0.0,0.0
2024-08-07 13:30:00-04:00,97.94000244140625,98.02999877929688,97.94000244140625,98.02999877929688,318,0.0,0.0
2024-08-07 13:31:00-04:00,97.98999786376953,97.98999786376953,97.9800033569336,97.9800033569336,358,0.0,0.0
2024-08-07 13:32:00-04:00,97.93000030517578,97.95999908447266,97.93000030517578,97.95999908447266,273,0.0,0.0
2024-08-07 13:33:00-04:00,97.93000030517578,98.01000213623047,97.87999725341797,97.98999786376953,996,0.0,0.0
2024-08-07 13:34:00-04:00,97.95590209960938,97.95590209960938,97.86000061035156,97.86000061035156,1052,0.0,0.0
2024-08-07 13:35:00-04:00,98.0199966430664,98.04000091552734,97.98500061035156,98.0,1626,0.0,0.0
2024-08-07 13:36:00-04:00,97.94999694824219,98.0199966430664,97.88999938964844,98.0199966430664,2844,0.0,0.0
2024-08-07 13:37:00-04:00,98.04000091552734,98.13999938964844,98.02999877929688,98.12000274658203,1781,0.0,0.0
2024-08-07 13:38:00-04:00,98.125,98.19000244140625,98.125,98.16500091552734,1811,0.0,0.0
2024-08-07 13:39:00-04:00,98.0999984741211,98.0999984741211,98.05000305175781,98.05000305175781,1032,0.0,0.0
2024-08-07 13:40:00-04:00,98.05000305175781,98.1500015258789,98.05000305175781,98.1500015258789,1134,0.0,0.0
2024-08-07 13:41:00-04:00,97.93000030517578,97.93000030517578,97.87999725341797,97.87999725341797,1605,0.0,0.0
2024-08-07 13:42:00-04:00,97.87999725341797,97.87999725341797,97.87000274658203,97.87000274658203,827,0.0,0.0
2024-08-07 13:43:00-04:00,97.83000183105469,97.93000030517578,97.81999969482422,97.87999725341797,2566,0.0,0.0
2024-08-07 13:44:00-04:00,97.94000244140625,97.94000244140625,97.87000274658203,97.87000274658203,714,0.0,0.0
2024-08-07 13:45:00-04:00,97.88999938964844,97.88999938964844,97.88999938964844,97.88999938964844,199,0.0,0.0
2024-08-07 13:46:00-04:00,97.83000183105469,97.83000183105469,97.77999877929688,97.81999969482422,2367,0.0,0.0
2024-08-07 13:47:00-04:00,97.8499984741211,97.8499984741211,97.74500274658203,97.74500274658203,2073,0.0,0.0
2024-08-07 13:50:00-04:00,97.55000305175781,97.5999984741211,97.49500274658203,97.52999877929688,1647,0.0,0.0
2024-08-07 13:51:00-04:00,97.55000305175781,97.68000030517578,97.51499938964844,97.68000030517578,3412,0.0,0.0
2024-08-07 13:53:00-04:00,97.4800033569336,97.4800033569336,97.44999694824219,97.44999694824219,784,0.0,0.0
2024-08-07 13:54:00-04:00,97.45999908447266,97.45999908447266,97.45999908447266,97.45999908447266,179,0.0,0.0
2024-08-07 13:55:00-04:00,97.44999694824219,97.44999694824219,97.33000183105469,97.41500091552734,754,0.0,0.0
2024-08-07 13:56:00-04:00,97.27999877929688,97.31999969482422,97.27999877929688,97.31999969482422,596,0.0,0.0
2024-08-07 13:57:00-04:00,97.37999725341797,97.4000015258789,97.33000183105469,97.33000183105469,1256,0.0,0.0
2024-08-07 13:58:00-04:00,97.2699966430664,97.27999877929688,97.2699966430664,97.27999877929688,478,0.0,0.0
2024-08-07 13:59:00-04:00,97.37999725341797,97.4000015258789,97.31500244140625,97.4000015258789,1576,0.0,0.0
2024-08-07 14:00:00-04:00,97.33000183105469,97.33000183105469,97.33000183105469,97.33000183105469,100,0.0,0.0
2024-08-07 14:01:00-04:00,97.26000213623047,97.27999877929688,97.26000213623047,97.2699966430664,812,0.0,0.0
2024-08-07 14:02:00-04:00,97.27999877929688,97.30000305175781,97.2300033569336,97.26000213623047,3744,0.0,0.0
2024-08-07 14:03:00-04:00,97.19000244140625,97.26000213623047,97.12999725341797,97.12999725341797,1057,0.0,0.0
2024-08-07 14:04:00-04:00,97.0999984741211,97.26000213623047,97.0999984741211,97.2249984741211,1674,0.0,0.0
2024-08-07 14:05:00-04:00,97.2249984741211,97.2249984741211,97.2249984741211,97.2249984741211,343,0.0,0.0
2024-08-07 14:06:00-04:00,97.11000061035156,97.22000122070312,97.08000183105469,97.13999938964844,2057,0.0,0.0
2024-08-07 14:07:00-04:00,97.1449966430664,97.1449966430664,97.0,97.02999877929688,1917,0.0,0.0
2024-08-07 14:08:00-04:00,96.95999908447266,97.08000183105469,96.95999908447266,97.06999969482422,2358,0.0,0.0
2024-08-07 14:09:00-04:00,97.06999969482422,97.06999969482422,96.97000122070312,96.98999786376953,1480,0.0,0.0
2024-08-07 14:10:00-04:00,97.03500366210938,97.08000183105469,97.03500366210938,97.08000183105469,847,0.0,0.0
2024-08-07 14:11:00-04:00,96.95999908447266,97.01000213623047,96.95999908447266,97.01000213623047,444,0.0,0.0
2024-08-07 14:12:00-04:00,97.01000213623047,97.06999969482422,96.94999694824219,96.9800033569336,2549,0.0,0.0
2024-08-07 14:13:00-04:00,96.94999694824219,96.96499633789062,96.94999694824219,96.95999908447266,1311,0.0,0.0
2024-08-07 14:14:00-04:00,96.95500183105469,96.95500183105469,96.87999725341797,96.87999725341797,408,0.0,0.0
2024-08-07 14:15:00-04:00,96.97000122070312,96.9800033569336,96.93000030517578,96.97000122070312,3144,0.0,0.0
2024-08-07 14:16:00-04:00,96.97000122070312,97.0,96.90499877929688,96.90499877929688,2000,0.0,0.0
2024-08-07 14:17:00-04:00,96.94999694824219,97.12000274658203,96.93000030517578,97.0999984741211,4250,0.0,0.0
2024-08-07 14:18:00-04:00,97.06500244140625,97.0999984741211,96.95999908447266,97.0999984741211,4068,0.0,0.0
2024-08-07 14:19:00-04:00,96.93000030517578,96.93000030517578,96.92500305175781,96.93000030517578,779,0.0,0.0
2024-08-07 14:20:00-04:00,96.93000030517578,97.0999984741211,96.91999816894531,97.03500366210938,2356,0.0,0.0
2024-08-07 14:21:00-04:00,97.06999969482422,97.16999816894531,97.06999969482422,97.16999816894531,1331,0.0,0.0
2024-08-07 14:22:00-04:00,97.16999816894531,97.16999816894531,97.11000061035156,97.11000061035156,345,0.0,0.0
2024-08-07 14:23:00-04:00,97.13999938964844,97.33999633789062,97.12640380859375,97.33999633789062,3631,0.0,0.0
2024-08-07 14:24:00-04:00,97.25,97.31999969482422,97.25,97.31999969482422,562,0.0,0.0
2024-08-07 14:25:00-04:00,97.30000305175781,97.38999938964844,97.24500274658203,97.33000183105469,2029,0.0,0.0
2024-08-07 14:26:00-04:00,97.33000183105469,97.48999786376953,97.33000183105469,97.48999786376953,1681,0.0,0.0
2024-08-07 14:27:00-04:00,97.48999786376953,97.48999786376953,97.3499984741211,97.3499984741211,1564,0.0,0.0
2024-08-07 14:28:00-04:00,97.30999755859375,97.30999755859375,97.29010009765625,97.29010009765625,667,0.0,0.0
2024-08-07 14:29:00-04:00,97.36000061035156,97.37000274658203,97.3550033569336,97.3550033569336,500,0.0,0.0
2024-08-07 14:30:00-04:00,97.29000091552734,97.30000305175781,97.21749877929688,97.21749877929688,1988,0.0,0.0
2024-08-07 14:31:00-04:00,97.18000030517578,97.27999877929688,97.1500015258789,97.1500015258789,2311,0.0,0.0
2024-08-07 14:32:00-04:00,97.08999633789062,97.08999633789062,96.9800033569336,97.0,1661,0.0,0.0
2024-08-07 14:33:00-04:00,97.0,97.12999725341797,97.0,97.12999725341797,1603,0.0,0.0
2024-08-07 14:34:00-04:00,97.09500122070312,97.09500122070312,97.08999633789062,97.08999633789062,410,0.0,0.0
2024-08-07 14:35:00-04:00,97.1500015258789,97.18000030517578,97.12999725341797,97.13999938964844,2065,0.0,0.0
2024-08-07 14:36:00-04:00,97.13999938964844,97.2925033569336,97.13999938964844,97.13999938964844,2876,0.0,0.0
2024-08-07 14:37:00-04:00,97.08999633789062,97.08999633789062,97.04499816894531,97.05500030517578,2192,0.0,0.0
2024-08-07 14:38:00-04:00,97.11000061035156,97.11000061035156,97.09500122070312,97.09500122070312,521,0.0,0.0
2024-08-07 14:39:00-04:00,97.02999877929688,97.02999877929688,97.02999877929688,97.02999877929688,139,0.0,0.0
2024-08-07 14:40:00-04:00,97.1500015258789,97.19999694824219,97.1500015258789,97.19999694824219,1754,0.0,0.0
2024-08-07 14:41:00-04:00,97.16000366210938,97.24500274658203,97.16000366210938,97.18499755859375,2534,0.0,0.0
2024-08-07 14:42:00-04:00,97.18000030517578,97.19999694824219,97.0999984741211,97.0999984741211,1089,0.0,0.0
2024-08-07 14:43:00-04:00,97.19000244140625,97.19000244140625,97.0999984741211,97.0999984741211,1909,0.0,0.0
2024-08-07 14:44:00-04:00,97.09500122070312,97.09500122070312,97.05000305175781,97.08499908447266,955,0.0,0.0
2024-08-07 14:45:00-04:00,97.12999725341797,97.20999908447266,97.12999725341797,97.20999908447266,1733,0.0,0.0
2024-08-07 14:47:00-04:00,97.08000183105469,97.08000183105469,97.0,97.08000183105469,1467,0.0,0.0
2024-08-07 14:48:00-04:00,96.98999786376953,96.98999786376953,96.87000274658203,96.91999816894531,707,0.0,0.0
2024-08-07 14:49:00-04:00,97.0,97.08000183105469,96.95500183105469,97.04000091552734,2779,0.0,0.0
2024-08-07 14:50:00-04:00,97.0199966430664,97.08999633789062,97.0199966430664,97.08999633789062,3417,0.0,0.0
2024-08-07 14:51:00-04:00,97.0999984741211,97.13999938964844,97.0999984741211,97.0999984741211,1078,0.0,0.0
2024-08-07 14:52:00-04:00,97.1050033569336,97.1050033569336,97.0999984741211,97.0999984741211,265,0.0,0.0
2024-08-07 14:53:00-04:00,97.0999984741211,97.20500183105469,97.08999633789062,97.20500183105469,2210,0.0,0.0
2024-08-07 14:54:00-04:00,97.1500015258789,97.17500305175781,97.0999984741211,97.0999984741211,429,0.0,0.0
2024-08-07 14:55:00-04:00,97.0999984741211,97.31999969482422,97.0999984741211,97.31999969482422,4362,0.0,0.0
2024-08-07 14:56:00-04:00,97.30500030517578,97.30500030517578,97.11000061035156,97.24500274658203,3338,0.0,0.0
2024-08-07 14:57:00-04:00,97.27999877929688,97.29000091552734,97.1500015258789,97.23999786376953,3639,0.0,0.0
2024-08-07 14:58:00-04:00,97.22000122070312,97.22000122070312,97.20999908447266,97.20999908447266,562,0.0,0.0
2024-08-07 14:59:00-04:00,97.2249984741211,97.27999877929688,97.11000061035156,97.11000061035156,3426,0.0,0.0
2024-08-07 15:00:00-04:00,97.20999908447266,97.25499725341797,97.18000030517578,97.18000030517578,2174,0.0,0.0
2024-08-07 15:01:00-04:00,97.2249984741211,97.27999877929688,97.2249984741211,97.2699966430664,1007,0.0,0.0
2024-08-07 15:02:00-04:00,97.30999755859375,97.44499969482422,97.27999877929688,97.44499969482422,1835,0.0,0.0
2024-08-07 15:03:00-04:00,97.48999786376953,97.54000091552734,97.4657974243164,97.54000091552734,1228,0.0,0.0
2024-08-07 15:04:00-04:00,97.54000091552734,97.67500305175781,97.54000091552734,97.67500305175781,2443,0.0,0.0
2024-08-07 15:05:00-04:00,97.66999816894531,97.72000122070312,97.62999725341797,97.67500305175781,2466,0.0,0.0
2024-08-07 15:06:00-04:00,97.66999816894531,97.84500122070312,97.66999816894531,97.83499908447266,4112,0.0,0.0
2024-08-07 15:07:00-04:00,97.79000091552734,97.80000305175781,97.65499877929688,97.66999816894531,3552,0.0,0.0
2024-08-07 15:08:00-04:00,97.66000366210938,97.71499633789062,97.66000366210938,97.71499633789062,1181,0.0,0.0
2024-08-07 15:10:00-04:00,97.66999816894531,97.7699966430664,97.66999816894531,97.69499969482422,1824,0.0,0.0
2024-08-07 15:11:00-04:00,97.76000213623047,97.83000183105469,97.76000213623047,97.79499816894531,1879,0.0,0.0
2024-08-07 15:12:00-04:00,97.75,97.76000213623047,97.73999786376953,97.73999786376953,1168,0.0,0.0
2024-08-07 15:13:00-04:00,97.69999694824219,97.69999694824219,97.55500030517578,97.55999755859375,2273,0.0,0.0
2024-08-07 15:14:00-04:00,97.5,97.5,97.4800033569336,97.4800033569336,1943,0.0,0.0
2024-08-07 15:15:00-04:00,97.54000091552734,97.5999984741211,97.49500274658203,97.56800079345703,3741,0.0,0.0
2024-08-07 15:16:00-04:00,97.58000183105469,97.66000366210938,97.58000183105469,97.62999725341797,2209,0.0,0.0
2024-08-07 15:17:00-04:00,97.6500015258789,97.6500015258789,97.61100006103516,97.61100006103516,550,0.0,0.0
2024-08-07 15:18:00-04:00,97.66999816894531,97.73999786376953,97.66999816894531,97.72000122070312,1535,0.0,0.0
2024-08-07 15:20:00-04:00,97.75,97.79000091552734,97.7300033569336,97.77999877929688,2138,0.0,0.0
2024-08-07 15:21:00-04:00,97.76000213623047,97.76000213623047,97.63500213623047,97.63500213623047,2677,0.0,0.0
2024-08-07 15:22:00-04:00,97.69000244140625,97.69499969482422,97.58999633789062,97.58999633789062,1093,0.0,0.0
2024-08-07 15:23:00-04:00,97.58000183105469,97.58000183105469,97.51010131835938,97.5199966430664,1103,0.0,0.0
2024-08-07 15:24:00-04:00,97.5999984741211,97.66000366210938,97.59500122070312,97.63500213623047,3193,0.0,0.0
2024-08-07 15:25:00-04:00,97.63999938964844,97.6449966430664,97.61000061035156,97.61000061035156,1647,0.0,0.0
2024-08-07 15:26:00-04:00,97.58000183105469,97.58999633789062,97.5199966430664,97.55999755859375,2380,0.0,0.0
2024-08-07 15:27:00-04:00,97.58000183105469,97.58000183105469,97.47750091552734,97.5199966430664,1732,0.0,0.0
2024-08-07 15:28:00-04:00,97.54000091552734,97.61000061035156,97.52999877929688,97.61000061035156,2324,0.0,0.0
2024-08-07 15:29:00-04:00,97.61000061035156,97.61000061035156,97.61000061035156,97.61000061035156,1772,0.0,0.0
2024-08-07 15:30:00-04:00,97.55000305175781,97.55999755859375,97.52999877929688,97.54000091552734,1392,0.0,0.0
2024-08-07 15:31:00-04:00,97.53500366210938,97.58000183105469,97.52999877929688,97.58000183105469,3491,0.0,0.0
2024-08-07 15:32:00-04:00,97.5999984741211,97.69999694824219,97.5999984741211,97.69999694824219,3177,0.0,0.0
2024-08-07 15:33:00-04:00,97.69000244140625,97.73999786376953,97.66500091552734,97.68000030517578,2287,0.0,0.0
2024-08-07 15:34:00-04:00,97.67500305175781,97.68000030517578,97.54000091552734,97.54000091552734,2929,0.0,0.0
2024-08-07 15:35:00-04:00,97.54000091552734,97.58000183105469,97.5199966430664,97.54499816894531,6200,0.0,0.0
2024-08-07 15:36:00-04:00,97.5105972290039,97.62999725341797,97.5105972290039,97.55999755859375,4894,0.0,0.0
2024-08-07 15:37:00-04:00,97.55000305175781,97.6989974975586,97.55000305175781,97.62999725341797,6402,0.0,0.0
2024-08-07 15:38:00-04:00,97.6449966430664,97.68000030517578,97.62999725341797,97.62999725341797,1889,0.0,0.0
2024-08-07 15:39:00-04:00,97.6500015258789,97.68000030517578,97.61000061035156,97.66999816894531,6067,0.0,0.0
2024-08-07 15:40:00-04:00,97.69999694824219,97.72000122070312,97.5999984741211,97.5999984741211,3825,0.0,0.0
2024-08-07 15:41:00-04:00,97.58000183105469,97.65899658203125,97.55999755859375,97.62999725341797,3420,0.0,0.0
2024-08-07 15:42:00-04:00,97.62000274658203,97.62000274658203,97.50499725341797,97.50749969482422,1497,0.0,0.0
2024-08-07 15:43:00-04:00,97.45999908447266,97.45999908447266,97.37999725341797,97.41999816894531,2538,0.0,0.0
2024-08-07 15:44:00-04:00,97.41899871826172,97.41899871826172,97.31999969482422,97.38400268554688,2922,0.0,0.0
2024-08-07 15:45:00-04:00,97.38999938964844,97.5199966430664,97.38999938964844,97.5199966430664,4259,0.0,0.0
2024-08-07 15:46:00-04:00,97.54499816894531,97.69999694824219,97.54000091552734,97.69499969482422,9551,0.0,0.0
2024-08-07 15:47:00-04:00,97.69499969482422,97.72000122070312,97.63500213623047,97.66500091552734,4009,0.0,0.0
2024-08-07 15:48:00-04:00,97.68000030517578,97.69999694824219,97.61499786376953,97.6500015258789,5397,0.0,0.0
2024-08-07 15:49:00-04:00,97.65499877929688,97.68000030517578,97.52999877929688,97.54000091552734,6465,0.0,0.0
2024-08-07 15:50:00-04:00,97.5,97.61900329589844,97.44999694824219,97.45999908447266,12320,0.0,0.0
2024-08-07 15:51:00-04:00,97.47000122070312,97.47000122070312,97.3550033569336,97.38999938964844,9083,0.0,0.0
2024-08-07 15:52:00-04:00,97.37000274658203,97.41999816894531,97.36000061035156,97.4000015258789,8895,0.0,0.0
2024-08-07 15:53:00-04:00,97.41999816894531,97.44000244140625,97.32499694824219,97.32499694824219,11573,0.0,0.0
2024-08-07 15:54:00-04:00,97.18000030517578,97.18000030517578,97.13999938964844,97.13999938964844,12444,0.0,0.0
2024-08-07 15:55:00-04:00,97.16999816894531,97.18000030517578,97.0,97.05999755859375,14285,0.0,0.0
2024-08-07 15:56:00-04:00,97.04499816894531,97.04499816894531,96.88999938964844,96.93000030517578,15373,0.0,0.0
2024-08-07 15:57:00-04:00,96.91000366210938,97.0,96.87999725341797,97.0,19973,0.0,0.0
2024-08-07 15:58:00-04:00,97.0,97.1050033569336,97.0,97.03500366210938,30123,0.0,0.0
2024-08-07 15:59:00-04:00,97.03500366210938,97.08000183105469,96.95999908447266,97.02999877929688,24683,0.0,0.0
2024-08-08 09:30:00-04:00,98.41000366210938,98.5,98.41000366210938,98.44000244140625,8457,0.0,0.0
2024-08-08 09:31:00-04:00,98.22429656982422,98.48999786376953,98.22429656982422,98.48999786376953,682,0.0,0.0
2024-08-08 09:32:00-04:00,98.12999725341797,98.12999725341797,98.12999725341797,98.12999725341797,275,0.0,0.0
2024-08-08 09:33:00-04:00,98.16999816894531,98.2699966430664,97.98500061035156,98.1449966430664,1195,0.0,0.0
2024-08-08 09:34:00-04:00,98.5,98.87000274658203,98.5,98.66999816894531,1466,0.0,0.0
2024-08-08 09:35:00-04:00,98.66999816894531,98.79000091552734,98.62999725341797,98.62999725341797,2007,0.0,0.0
2024-08-08 09:36:00-04:00,99.0,99.08999633789062,98.83000183105469,98.83000183105469,9826,0.0,0.0
2024-08-08 09:37:00-04:00,98.66999816894531,98.67500305175781,98.47000122070312,98.67500305175781,862,0.0,0.0
2024-08-08 09:38:00-04:00,98.2500991821289,98.26000213623047,98.2300033569336,98.26000213623047,1121,0.0,0.0
2024-08-08 09:39:00-04:00,98.18000030517578,98.36000061035156,98.16999816894531,98.36000061035156,2141,0.0,0.0
2024-08-08 09:40:00-04:00,98.0999984741211,98.33000183105469,98.0999984741211,98.2300033569336,1365,0.0,0.0
2024-08-08 09:41:00-04:00,98.31999969482422,98.31999969482422,98.26000213623047,98.26000213623047,724,0.0,0.0
2024-08-08 09:43:00-04:00,98.48999786376953,98.62000274658203,98.41500091552734,98.54499816894531,2600,0.0,0.0
2024-08-08 09:44:00-04:00,98.36000061035156,98.36000061035156,98.36000061035156,98.36000061035156,233,0.0,0.0
2024-08-08 09:45:00-04:00,98.20999908447266,98.20999908447266,98.20999908447266,98.20999908447266,273,0.0,0.0
2024-08-08 09:46:00-04:00,98.37999725341797,98.37999725341797,98.37999725341797,98.37999725341797,6415,0.0,0.0
2024-08-08 09:47:00-04:00,98.37000274658203,98.37000274658203,98.16000366210938,98.19499969482422,2026,0.0,0.0
2024-08-08 09:48:00-04:00,98.12999725341797,98.19999694824219,98.08000183105469,98.08000183105469,1059,0.0,0.0
2024-08-08 09:49:00-04:00,98.02999877929688,98.08999633789062,97.97000122070312,98.08999633789062,1118,0.0,0.0
2024-08-08 09:50:00-04:00,98.08000183105469,98.0999984741211,97.95999908447266,97.95999908447266,2516,0.0,0.0
2024-08-08 09:51:00-04:00,97.91999816894531,98.1675033569336,97.9000015258789,98.1675033569336,3387,0.0,0.0
2024-08-08 09:52:00-04:00,98.25,98.34500122070312,98.25,98.34500122070312,593,0.0,0.0
2024-08-08 09:53:00-04:00,98.44000244140625,98.44000244140625,98.44000244140625,98.44000244140625,398,0.0,0.0
2024-08-08 09:54:00-04:00,98.30000305175781,98.3499984741211,98.30000305175781,98.3499984741211,990,0.0,0.0
2024-08-08 09:55:00-04:00,98.38999938964844,98.62000274658203,98.37000274658203,98.50499725341797,3300,0.0,0.0
2024-08-08 09:56:00-04:00,98.37999725341797,98.6500015258789,98.37999725341797,98.44000244140625,2534,0.0,0.0
2024-08-08 09:57:00-04:00,98.5999984741211,98.5999984741211,98.45999908447266,98.45999908447266,452,0.0,0.0
2024-08-08 09:58:00-04:00,98.51000213623047,98.58499908447266,98.4800033569336,98.4800033569336,1750,0.0,0.0
2024-08-08 09:59:00-04:00,98.69999694824219,98.69999694824219,98.43000030517578,98.66000366210938,2309,0.0,0.0
2024-08-08 10:00:00-04:00,98.76000213623047,98.7750015258789,98.44999694824219,98.55500030517578,3927,0.0,0.0
2024-08-08 10:01:00-04:00,98.5,98.55000305175781,98.5,98.55000305175781,1584,0.0,0.0
2024-08-08 10:02:00-04:00,98.58000183105469,98.77999877929688,98.58000183105469,98.7750015258789,1183,0.0,0.0
2024-08-08 10:03:00-04:00,98.80500030517578,98.81500244140625,98.80500030517578,98.80500030517578,508,0.0,0.0
2024-08-08 10:04:00-04:00,98.81999969482422,98.81999969482422,98.81999969482422,98.81999969482422,399,0.0,0.0
2024-08-08 10:05:00-04:00,98.83999633789062,98.83999633789062,98.62999725341797,98.62999725341797,3050,0.0,0.0
2024-08-08 10:07:00-04:00,98.55000305175781,98.56500244140625,98.44999694824219,98.5250015258789,2730,0.0,0.0
2024-08-08 10:08:00-04:00,98.75,98.91999816894531,98.75,98.9000015258789,5845,0.0,0.0
2024-08-08 10:09:00-04:00,98.88999938964844,98.9000015258789,98.88999938964844,98.9000015258789,837,0.0,0.0
2024-08-08 10:10:00-04:00,98.9000015258789,99.06500244140625,98.9000015258789,99.06500244140625,756,0.0,0.0
2024-08-08 10:11:00-04:00,99.0999984741211,99.16000366210938,98.91999816894531,98.91999816894531,1265,0.0,0.0
2024-08-08 10:12:00-04:00,98.9749984741211,98.9749984741211,98.95999908447266,98.95999908447266,866,0.0,0.0
2024-08-08 10:14:00-04:00,99.09500122070312,99.09500122070312,99.09500122070312,99.09500122070312,157,0.0,0.0
2024-08-08 10:15:00-04:00,99.0199966430664,99.05500030517578,99.0,99.0,1051,0.0,0.0
2024-08-08 10:16:00-04:00,99.18000030517578,99.28500366210938,99.18000030517578,99.24500274658203,990,0.0,0.0
2024-08-08 10:17:00-04:00,99.2699966430664,99.2699966430664,99.17500305175781,99.23999786376953,1306,0.0,0.0
2024-08-08 10:18:00-04:00,99.26000213623047,99.26000213623047,99.07499694824219,99.07499694824219,1482,0.0,0.0
2024-08-08 10:19:00-04:00,99.06999969482422,99.08000183105469,99.00499725341797,99.00499725341797,1077,0.0,0.0
2024-08-08 10:20:00-04:00,99.0,99.0,98.94999694824219,98.94999694824219,1037,0.0,0.0
2024-08-08 10:21:00-04:00,98.875,98.875,98.875,98.875,246,0.0,0.0
2024-08-08 10:22:00-04:00,98.84500122070312,98.9800033569336,98.73999786376953,98.93499755859375,14470,0.0,0.0
2024-08-08 10:23:00-04:00,99.0199966430664,99.0199966430664,98.79000091552734,98.79000091552734,1930,0.0,0.0
2024-08-08 10:24:00-04:00,98.83499908447266,98.9800033569336,98.83499908447266,98.9800033569336,5763,0.0,0.0
2024-08-08 10:25:00-04:00,99.01000213623047,99.1500015258789,99.01000213623047,99.13500213623047,9270,0.0,0.0
2024-08-08 10:26:00-04:00,99.25,99.26000213623047,99.1500015258789,99.26000213623047,2980,0.0,0.0
2024-08-08 10:27:00-04:00,99.23999786376953,99.23999786376953,99.23999786376953,99.23999786376953,147,0.0,0.0
2024-08-08 10:28:00-04:00,99.2699966430664,99.41000366210938,99.20600128173828,99.41000366210938,4478,0.0,0.0
2024-08-08 10:29:00-04:00,99.3949966430664,99.41999816894531,99.30000305175781,99.41999816894531,2442,0.0,0.0
2024-08-08 10:30:00-04:00,99.44000244140625,99.55999755859375,99.44000244140625,99.55999755859375,2644,0.0,0.0
2024-08-08 10:31:00-04:00,99.56500244140625,99.87000274658203,99.56500244140625,99.79000091552734,4266,0.0,0.0
2024-08-08 10:32:00-04:00,99.75499725341797,99.75499725341797,99.63999938964844,99.74500274658203,2221,0.0,0.0
2024-08-08 10:33:00-04:00,99.81999969482422,99.81999969482422,99.75,99.81939697265625,1686,0.0,0.0
2024-08-08 10:34:00-04:00,99.81999969482422,99.83000183105469,99.78900146484375,99.78900146484375,845,0.0,0.0
2024-08-08 10:35:00-04:00,99.7750015258789,99.86000061035156,99.7300033569336,99.75499725341797,1585,0.0,0.0
2024-08-08 10:36:00-04:00,99.77249908447266,99.94000244140625,99.77249908447266,99.87000274658203,5303,0.0,0.0
2024-08-08 10:37:00-04:00,99.8499984741211,99.8499984741211,99.8499984741211,99.8499984741211,362,0.0,0.0
2024-08-08 10:38:00-04:00,99.83000183105469,99.83000183105469,99.76000213623047,99.7750015258789,1551,0.0,0.0
2024-08-08 10:39:00-04:00,99.80000305175781,99.8499984741211,99.75,99.8499984741211,2755,0.0,0.0
2024-08-08 10:40:00-04:00,99.63999938964844,99.63999938964844,99.5999984741211,99.6050033569336,1504,0.0,0.0
2024-08-08 10:41:00-04:00,99.65969848632812,99.7699966430664,99.63600158691406,99.73999786376953,4375,0.0,0.0
2024-08-08 10:42:00-04:00,99.61000061035156,99.72000122070312,99.52999877929688,99.54000091552734,2525,0.0,0.0
2024-08-08 10:43:00-04:00,99.54000091552734,99.66000366210938,99.54000091552734,99.59500122070312,1580,0.0,0.0
2024-08-08 10:45:00-04:00,99.51000213623047,99.58999633789062,99.44999694824219,99.44999694824219,1355,0.0,0.0
2024-08-08 10:46:00-04:00,99.37999725341797,99.4000015258789,99.2750015258789,99.32250213623047,2099,0.0,0.0
2024-08-08 10:47:00-04:00,99.3499984741211,99.37000274658203,99.27999877929688,99.30999755859375,2163,0.0,0.0
2024-08-08 10:48:00-04:00,99.3499984741211,99.3499984741211,99.3499984741211,99.3499984741211,322,0.0,0.0
2024-08-08 10:49:00-04:00,99.33000183105469,99.33000183105469,99.33000183105469,99.33000183105469,512,0.0,0.0
2024-08-08 10:51:00-04:00,99.3499984741211,99.3499984741211,99.3499984741211,99.3499984741211,1600,0.0,0.0
2024-08-08 10:52:00-04:00,99.28500366210938,99.28500366210938,99.28500366210938,99.28500366210938,531,0.0,0.0
2024-08-08 10:53:00-04:00,99.3499984741211,99.3499984741211,99.33999633789062,99.34500122070312,1421,0.0,0.0
2024-08-08 10:54:00-04:00,99.36000061035156,99.36000061035156,99.33999633789062,99.33999633789062,622,0.0,0.0
2024-08-08 10:55:00-04:00,99.36599731445312,99.47000122070312,99.36599731445312,99.47000122070312,1004,0.0,0.0
2024-08-08 10:56:00-04:00,99.45999908447266,99.54000091552734,99.45999908447266,99.51000213623047,1880,0.0,0.0
2024-08-08 10:57:00-04:00,99.54000091552734,99.5999984741211,99.5199966430664,99.58999633789062,9106,0.0,0.0
2024-08-08 10:58:00-04:00,99.5999984741211,99.67500305175781,99.5999984741211,99.67500305175781,1093,0.0,0.0
2024-08-08 10:59:00-04:00,99.62999725341797,99.87999725341797,99.62999725341797,99.87000274658203,2020,0.0,0.0
2024-08-08 11:00:00-04:00,99.94000244140625,99.94000244140625,99.88999938964844,99.88999938964844,834,0.0,0.0
2024-08-08 11:01:00-04:00,100.0,100.05000305175781,99.87999725341797,99.93499755859375,2204,0.0,0.0
2024-08-08 11:02:00-04:00,99.98999786376953,100.02999877929688,99.93499755859375,99.93499755859375,1007,0.0,0.0
2024-08-08 11:03:00-04:00,99.93499755859375,99.93499755859375,99.93499755859375,99.93499755859375,2784,0.0,0.0
2024-08-08 11:04:00-04:00,99.83999633789062,99.89990234375,99.83000183105469,99.83000183105469,2055,0.0,0.0
2024-08-08 11:05:00-04:00,99.87000274658203,99.87999725341797,99.87000274658203,99.87999725341797,452,0.0,0.0
2024-08-08 11:06:00-04:00,99.9000015258789,99.9000015258789,99.87000274658203,99.88500213623047,840,0.0,0.0
2024-08-08 11:08:00-04:00,99.91000366210938,99.91000366210938,99.90499877929688,99.90499877929688,276,0.0,0.0
2024-08-08 11:09:00-04:00,99.80999755859375,99.80999755859375,99.80000305175781,99.80000305175781,783,0.0,0.0
2024-08-08 11:10:00-04:00,99.8550033569336,99.8550033569336,99.77999877929688,99.77999877929688,562,0.0,0.0
2024-08-08 11:11:00-04:00,99.75,99.75,99.62000274658203,99.62000274658203,2614,0.0,0.0
2024-08-08 11:12:00-04:00,99.5199966430664,99.5199966430664,99.5199966430664,99.5199966430664,453,0.0,0.0
2024-08-08 11:13:00-04:00,99.5199966430664,99.5199966430664,99.4301986694336,99.4301986694336,1931,0.0,0.0
2024-08-08 11:14:00-04:00,99.5199966430664,99.5250015258789,99.43000030517578,99.4800033569336,1537,0.0,0.0
2024-08-08 11:16:00-04:00,99.58999633789062,99.58999633789062,99.51000213623047,99.51000213623047,1480,0.0,0.0
2024-08-08 11:17:00-04:00,99.5,99.5,99.5,99.5,356,0.0,0.0
2024-08-08 11:19:00-04:00,99.58000183105469,99.61000061035156,99.5199966430664,99.5199966430664,2732,0.0,0.0
2024-08-08 11:20:00-04:00,99.55999755859375,99.66999816894531,99.55999755859375,99.66999816894531,4009,0.0,0.0
2024-08-08 11:21:00-04:00,99.58999633789062,99.58999633789062,99.5199966430664,99.5199966430664,1171,0.0,0.0
2024-08-08 11:22:00-04:00,99.52999877929688,99.58000183105469,99.5199966430664,99.5199966430664,869,0.0,0.0
2024-08-08 11:23:00-04:00,99.58999633789062,99.58999633789062,99.58999633789062,99.58999633789062,475,0.0,0.0
2024-08-08 11:24:00-04:00,99.69000244140625,99.7699966430664,99.67500305175781,99.73999786376953,1496,0.0,0.0
2024-08-08 11:25:00-04:00,99.88700103759766,99.88999938964844,99.83000183105469,99.83000183105469,1796,0.0,0.0
2024-08-08 11:26:00-04:00,99.83000183105469,99.9749984741211,99.81999969482422,99.9749984741211,1817,0.0,0.0
2024-08-08 11:27:00-04:00,99.9000015258789,99.9000015258789,99.80000305175781,99.81999969482422,1162,0.0,0.0
2024-08-08 11:28:00-04:00,99.86000061035156,99.86000061035156,99.86000061035156,99.86000061035156,409,0.0,0.0
2024-08-08 11:29:00-04:00,99.80000305175781,99.85600280761719,99.80000305175781,99.85600280761719,382,0.0,0.0
2024-08-08 11:30:00-04:00,99.7842025756836,99.7842025756836,99.7842025756836,99.7842025756836,269,0.0,0.0
2024-08-08 11:31:00-04:00,99.83999633789062,99.83999633789062,99.83999633789062,99.83999633789062,326,0.0,0.0
2024-08-08 11:33:00-04:00,99.86000061035156,99.86000061035156,99.86000061035156,99.86000061035156,510,0.0,0.0
2024-08-08 11:34:00-04:00,99.76000213623047,99.81999969482422,99.76000213623047,99.81999969482422,794,0.0,0.0
2024-08-08 11:35:00-04:00,99.73999786376953,99.76000213623047,99.73999786376953,99.76000213623047,1236,0.0,0.0
2024-08-08 11:37:00-04:00,99.77999877929688,99.77999877929688,99.70999908447266,99.70999908447266,976,0.0,0.0
2024-08-08 11:38:00-04:00,99.72000122070312,99.75,99.72000122070312,99.75,936,0.0,0.0
2024-08-08 11:39:00-04:00,99.76000213623047,99.76000213623047,99.76000213623047,99.76000213623047,1795,0.0,0.0
2024-08-08 11:40:00-04:00,99.75,99.76000213623047,99.67500305175781,99.67500305175781,2037,0.0,0.0
2024-08-08 11:41:00-04:00,99.6500015258789,99.67400360107422,99.62000274658203,99.66500091552734,2703,0.0,0.0
2024-08-08 11:42:00-04:00,99.72000122070312,99.79000091552734,99.72000122070312,99.79000091552734,845,0.0,0.0
2024-08-08 11:43:00-04:00,99.73190307617188,99.83499908447266,99.73190307617188,99.83499908447266,363,0.0,0.0
2024-08-08 11:44:00-04:00,99.7699966430664,99.78500366210938,99.7699966430664,99.78500366210938,326,0.0,0.0
2024-08-08 11:45:00-04:00,99.73999786376953,99.73999786376953,99.73999786376953,99.73999786376953,535,0.0,0.0
2024-08-08 11:46:00-04:00,99.6500015258789,99.6500015258789,99.63999938964844,99.63999938964844,420,0.0,0.0
2024-08-08 11:47:00-04:00,99.65499877929688,99.65499877929688,99.65499877929688,99.65499877929688,418,0.0,0.0
2024-08-08 11:48:00-04:00,99.62000274658203,99.62000274658203,99.59500122070312,99.59500122070312,989,0.0,0.0
2024-08-08 11:49:00-04:00,99.62000274658203,99.62000274658203,99.62000274658203,99.62000274658203,151,0.0,0.0
2024-08-08 11:50:00-04:00,99.5999984741211,99.71499633789062,99.5199966430664,99.71499633789062,4599,0.0,0.0
2024-08-08 11:51:00-04:00,99.66999816894531,99.67389678955078,99.66999816894531,99.67389678955078,585,0.0,0.0
2024-08-08 11:52:00-04:00,99.67500305175781,99.67500305175781,99.66999816894531,99.66999816894531,380,0.0,0.0
2024-08-08 11:53:00-04:00,99.67500305175781,99.7699966430664,99.67500305175781,99.76000213623047,3363,0.0,0.0
2024-08-08 11:54:00-04:00,99.7925033569336,99.7925033569336,99.6500015258789,99.6500015258789,1283,0.0,0.0
2024-08-08 11:55:00-04:00,99.6500015258789,99.68000030517578,99.61499786376953,99.66000366210938,2423,0.0,0.0
2024-08-08 11:56:00-04:00,99.73999786376953,99.73999786376953,99.73999786376953,99.73999786376953,341,0.0,0.0
2024-08-08 11:57:00-04:00,99.66999816894531,99.7750015258789,99.66999816894531,99.7750015258789,454,0.0,0.0
2024-08-08 11:58:00-04:00,99.69000244140625,99.69000244140625,99.69000244140625,99.69000244140625,443,0.0,0.0
2024-08-08 11:59:00-04:00,99.6500015258789,99.6500015258789,99.6500015258789,99.6500015258789,396,0.0,0.0
2024-08-08 12:00:00-04:00,99.70500183105469,99.70500183105469,99.5999984741211,99.5999984741211,469,0.0,0.0
2024-08-08 12:01:00-04:00,99.61000061035156,99.61000061035156,99.61000061035156,99.61000061035156,389,0.0,0.0
2024-08-08 12:02:00-04:00,99.67500305175781,99.67500305175781,99.67500305175781,99.67500305175781,126,0.0,0.0
2024-08-08 12:03:00-04:00,99.7699966430664,99.7699966430664,99.66500091552734,99.70999908447266,1230,0.0,0.0
2024-08-08 12:05:00-04:00,99.79499816894531,99.8499984741211,99.79499816894531,99.8499984741211,3734,0.0,0.0
2024-08-08 12:07:00-04:00,99.73999786376953,99.79000091552734,99.68000030517578,99.79000091552734,1476,0.0,0.0
2024-08-08 12:08:00-04:00,99.7699966430664,99.7699966430664,99.7699966430664,99.7699966430664,302,0.0,0.0
2024-08-08 12:09:00-04:00,99.68000030517578,99.68000030517578,99.68000030517578,99.68000030517578,650,0.0,0.0
2024-08-08 12:10:00-04:00,99.73500061035156,99.73500061035156,99.73500061035156,99.73500061035156,226,0.0,0.0
2024-08-08 12:12:00-04:00,99.70999908447266,99.75189971923828,99.66000366210938,99.66000366210938,1275,0.0,0.0
2024-08-08 12:15:00-04:00,99.79000091552734,99.79000091552734,99.7249984741211,99.7249984741211,529,0.0,0.0
2024-08-08 12:16:00-04:00,99.71980285644531,99.72000122070312,99.71980285644531,99.72000122070312,486,0.0,0.0
2024-08-08 12:17:00-04:00,99.6500015258789,99.66999816894531,99.63999938964844,99.66999816894531,746,0.0,0.0
2024-08-08 12:18:00-04:00,99.67500305175781,99.67500305175781,99.67500305175781,99.67500305175781,467,0.0,0.0
2024-08-08 12:20:00-04:00,99.75,99.92990112304688,99.72000122070312,99.92990112304688,3256,0.0,0.0
2024-08-08 12:22:00-04:00,99.80999755859375,99.80999755859375,99.80999755859375,99.80999755859375,326,0.0,0.0
2024-08-08 12:23:00-04:00,99.7699966430664,99.7699966430664,99.7699966430664,99.7699966430664,240,0.0,0.0
2024-08-08 12:24:00-04:00,99.86000061035156,99.86000061035156,99.86000061035156,99.86000061035156,510,0.0,0.0
2024-08-08 12:26:00-04:00,99.8550033569336,99.8550033569336,99.76499938964844,99.76499938964844,2286,0.0,0.0
2024-08-08 12:27:00-04:00,99.80999755859375,99.80999755859375,99.80999755859375,99.80999755859375,628,0.0,0.0
2024-08-08 12:29:00-04:00,99.7699966430664,99.77999877929688,99.76000213623047,99.76000213623047,703,0.0,0.0
2024-08-08 12:30:00-04:00,99.72000122070312,99.78500366210938,99.69000244140625,99.72000122070312,752,0.0,0.0
2024-08-08 12:31:00-04:00,99.61000061035156,99.61000061035156,99.56500244140625,99.56500244140625,964,0.0,0.0
2024-08-08 12:33:00-04:00,99.52999877929688,99.52999877929688,99.52999877929688,99.52999877929688,282,0.0,0.0
2024-08-08 12:34:00-04:00,99.62999725341797,99.62999725341797,99.62999725341797,99.62999725341797,101,0.0,0.0
2024-08-08 12:35:00-04:00,99.54499816894531,99.54499816894531,99.54499816894531,99.54499816894531,447,0.0,0.0
2024-08-08 12:37:00-04:00,99.45999908447266,99.49500274658203,99.45999908447266,99.49500274658203,633,0.0,0.0
2024-08-08 12:38:00-04:00,99.42500305175781,99.42500305175781,99.36000061035156,99.4000015258789,337,0.0,0.0
2024-08-08 12:39:00-04:00,99.36000061035156,99.40499877929688,99.36000061035156,99.40499877929688,211,0.0,0.0
2024-08-08 12:40:00-04:00,99.44999694824219,99.51000213623047,99.41000366210938,99.51000213623047,3362,0.0,0.0
2024-08-08 12:41:00-04:00,99.41000366210938,99.41999816894531,99.36000061035156,99.36000061035156,964,0.0,0.0
2024-08-08 12:42:00-04:00,99.36000061035156,99.41999816894531,99.3499984741211,99.375,1343,0.0,0.0
2024-08-08 12:43:00-04:00,99.44999694824219,99.4800033569336,99.43000030517578,99.43499755859375,1822,0.0,0.0
2024-08-08 12:44:00-04:00,99.44000244140625,99.51000213623047,99.44000244140625,99.51000213623047,497,0.0,0.0
2024-08-08 12:45:00-04:00,99.45999908447266,99.62999725341797,99.45999908447266,99.62999725341797,1531,0.0,0.0
2024-08-08 12:46:00-04:00,99.62999725341797,99.66000366210938,99.581298828125,99.63999938964844,1162,0.0,0.0
2024-08-08 12:48:00-04:00,99.77999877929688,99.79000091552734,99.77999877929688,99.79000091552734,589,0.0,0.0
2024-08-08 12:49:00-04:00,99.79499816894531,99.91000366210938,99.7925033569336,99.91000366210938,953,0.0,0.0
2024-08-08 12:50:00-04:00,99.91000366210938,99.98999786376953,99.91000366210938,99.98999786376953,854,0.0,0.0
2024-08-08 12:51:00-04:00,99.98999786376953,99.98999786376953,99.98999786376953,99.98999786376953,508,0.0,0.0
2024-08-08 12:52:00-04:00,99.98500061035156,99.98500061035156,99.98500061035156,99.98500061035156,629,0.0,0.0
2024-08-08 12:54:00-04:00,100.07499694824219,100.11000061035156,99.98999786376953,100.09500122070312,1962,0.0,0.0
2024-08-08 12:55:00-04:00,100.08399963378906,100.16999816894531,100.08399963378906,100.12000274658203,1288,0.0,0.0
2024-08-08 12:56:00-04:00,100.04000091552734,100.08999633789062,99.99500274658203,99.99500274658203,2442,0.0,0.0
2024-08-08 12:57:00-04:00,99.9800033569336,99.9800033569336,99.94000244140625,99.94000244140625,899,0.0,0.0
2024-08-08 12:58:00-04:00,99.91999816894531,99.91999816894531,99.81999969482422,99.81999969482422,1884,0.0,0.0
2024-08-08 13:00:00-04:00,99.81999969482422,99.87000274658203,99.81999969482422,99.87000274658203,798,0.0,0.0
2024-08-08 13:02:00-04:00,99.91999816894531,100.04000091552734,99.7699966430664,99.94000244140625,8675,0.0,0.0
2024-08-08 13:03:00-04:00,99.88500213623047,99.88500213623047,99.88500213623047,99.88500213623047,1210,0.0,0.0
2024-08-08 13:06:00-04:00,99.69000244140625,99.69000244140625,99.69000244140625,99.69000244140625,490,0.0,0.0
2024-08-08 13:07:00-04:00,99.7300033569336,99.7300033569336,99.66000366210938,99.7300033569336,710,0.0,0.0
2024-08-08 13:08:00-04:00,99.80999755859375,99.85990142822266,99.7249984741211,99.85990142822266,761,0.0,0.0
2024-08-08 13:09:00-04:00,99.73500061035156,99.73500061035156,99.73500061035156,99.73500061035156,101,0.0,0.0
2024-08-08 13:10:00-04:00,99.8499984741211,99.88500213623047,99.8499984741211,99.88500213623047,1201,0.0,0.0
2024-08-08 13:11:00-04:00,100.0,100.0,100.0,100.0,354,0.0,0.0
2024-08-08 13:12:00-04:00,99.98999786376953,100.0250015258789,99.98999786376953,100.0250015258789,496,0.0,0.0
2024-08-08 13:13:00-04:00,100.0,100.06999969482422,100.0,100.06999969482422,967,0.0,0.0
2024-08-08 13:14:00-04:00,100.06999969482422,100.0999984741211,100.06999969482422,100.0999984741211,352,0.0,0.0
2024-08-08 13:15:00-04:00,100.11000061035156,100.1500015258789,100.11000061035156,100.1500015258789,331,0.0,0.0
2024-08-08 13:16:00-04:00,100.12000274658203,100.12000274658203,100.12000274658203,100.12000274658203,969,0.0,0.0
2024-08-08 13:19:00-04:00,100.16000366210938,100.26000213623047,100.16000366210938,100.23999786376953,3864,0.0,0.0
2024-08-08 13:20:00-04:00,100.26000213623047,100.26000213623047,100.26000213623047,100.26000213623047,632,0.0,0.0
2024-08-08 13:21:00-04:00,100.36000061035156,100.41999816894531,100.36000061035156,100.41999816894531,2490,0.0,0.0
2024-08-08 13:22:00-04:00,100.44000244140625,100.44000244140625,100.44000244140625,100.44000244140625,946,0.0,0.0
2024-08-08 13:23:00-04:00,100.38999938964844,100.46990203857422,100.37999725341797,100.45999908447266,4616,0.0,0.0
2024-08-08 13:24:00-04:00,100.47000122070312,100.47000122070312,100.47000122070312,100.47000122070312,844,0.0,0.0
2024-08-08 13:25:00-04:00,100.4800033569336,100.4800033569336,100.47000122070312,100.4800033569336,996,0.0,0.0
2024-08-08 13:26:00-04:00,100.48500061035156,100.57499694824219,100.48500061035156,100.57499694824219,2103,0.0,0.0
2024-08-08 13:27:00-04:00,100.56999969482422,100.56999969482422,100.5199966430664,100.5250015258789,1250,0.0,0.0
2024-08-08 13:28:00-04:00,100.45999908447266,100.45999908447266,100.41000366210938,100.45999908447266,2099,0.0,0.0
2024-08-08 13:29:00-04:00,100.5199966430664,100.54000091552734,100.5199966430664,100.54000091552734,1035,0.0,0.0
2024-08-08 13:30:00-04:00,100.4800033569336,100.5,100.44999694824219,100.5,1038,0.0,0.0
2024-08-08 13:31:00-04:00,100.4000015258789,100.5,100.4000015258789,100.48500061035156,2868,0.0,0.0
2024-08-08 13:33:00-04:00,100.4000015258789,100.4000015258789,100.4000015258789,100.4000015258789,716,0.0,0.0
2024-08-08 13:34:00-04:00,100.43000030517578,100.43000030517578,100.43000030517578,100.43000030517578,163,0.0,0.0
2024-08-08 13:35:00-04:00,100.38999938964844,100.38999938964844,100.31999969482422,100.31999969482422,1282,0.0,0.0
2024-08-08 13:37:00-04:00,100.33000183105469,100.4800033569336,100.33000183105469,100.4800033569336,3516,0.0,0.0
2024-08-08 13:38:00-04:00,100.41999816894531,100.41999816894531,100.41999816894531,100.41999816894531,905,0.0,0.0
2024-08-08 13:40:00-04:00,100.39520263671875,100.52999877929688,100.39520263671875,100.48999786376953,1333,0.0,0.0
2024-08-08 13:42:00-04:00,100.48999786376953,100.48999786376953,100.48999786376953,100.48999786376953,219,0.0,0.0
2024-08-08 13:43:00-04:00,100.51000213623047,100.53500366210938,100.5,100.5,1164,0.0,0.0
2024-08-08 13:44:00-04:00,100.48999786376953,100.48999786376953,100.4800033569336,100.4800033569336,699,0.0,0.0
2024-08-08 13:47:00-04:00,100.44999694824219,100.44999694824219,100.41999816894531,100.41999816894531,888,0.0,0.0
2024-08-08 13:48:00-04:00,100.5,100.51499938964844,100.5,100.51499938964844,2070,0.0,0.0
2024-08-08 13:52:00-04:00,100.47000122070312,100.47000122070312,100.47000122070312,100.47000122070312,700,0.0,0.0
2024-08-08 13:53:00-04:00,100.5199966430664,100.58000183105469,100.5199966430664,100.58000183105469,1646,0.0,0.0
2024-08-08 13:55:00-04:00,100.55000305175781,100.57499694824219,100.46499633789062,100.52999877929688,2128,0.0,0.0
2024-08-08 13:57:00-04:00,100.4751968383789,100.4751968383789,100.4751968383789,100.4751968383789,409,0.0,0.0
2024-08-08 13:59:00-04:00,100.46499633789062,100.4800033569336,100.46499633789062,100.4800033569336,752,0.0,0.0
2024-08-08 14:01:00-04:00,100.52999877929688,100.55000305175781,100.52999877929688,100.55000305175781,1261,0.0,0.0
2024-08-08 14:02:00-04:00,100.57499694824219,100.57499694824219,100.57499694824219,100.57499694824219,463,0.0,0.0
2024-08-08 14:04:00-04:00,100.62000274658203,100.66999816894531,100.62000274658203,100.66999816894531,708,0.0,0.0
2024-08-08 14:05:00-04:00,100.6050033569336,100.60749816894531,100.55000305175781,100.55000305175781,1709,0.0,0.0
2024-08-08 14:06:00-04:00,100.66999816894531,100.69999694824219,100.66999816894531,100.69999694824219,523,0.0,0.0
2024-08-08 14:07:00-04:00,100.62000274658203,100.7699966430664,100.62000274658203,100.75,1957,0.0,0.0
2024-08-08 14:08:00-04:00,100.75,100.75,100.68000030517578,100.7300033569336,1901,0.0,0.0
2024-08-08 14:10:00-04:00,100.69000244140625,100.69999694824219,100.66999816894531,100.69999694824219,770,0.0,0.0
2024-08-08 14:11:00-04:00,100.7300033569336,100.7699966430664,100.7300033569336,100.73999786376953,2410,0.0,0.0
2024-08-08 14:12:00-04:00,100.72000122070312,100.7300033569336,100.69000244140625,100.7300033569336,1827,0.0,0.0
2024-08-08 14:14:00-04:00,100.7699966430664,100.81999969482422,100.7699966430664,100.80999755859375,1060,0.0,0.0
2024-08-08 14:15:00-04:00,100.83499908447266,100.83499908447266,100.83499908447266,100.83499908447266,258,0.0,0.0
2024-08-08 14:17:00-04:00,100.7699966430664,100.7699966430664,100.69999694824219,100.69999694824219,2080,0.0,0.0
2024-08-08 14:18:00-04:00,100.69999694824219,100.71499633789062,100.69000244140625,100.69000244140625,1813,0.0,0.0
2024-08-08 14:19:00-04:00,100.69499969482422,100.7300033569336,100.66999816894531,100.7300033569336,2068,0.0,0.0
2024-08-08 14:20:00-04:00,100.73999786376953,100.73999786376953,100.73999786376953,100.73999786376953,226,0.0,0.0
2024-08-08 14:21:00-04:00,100.68000030517578,100.7499008178711,100.67500305175781,100.7499008178711,2505,0.0,0.0
2024-08-08 14:22:00-04:00,100.75,100.75,100.75,100.75,447,0.0,0.0
2024-08-08 14:23:00-04:00,100.7699966430664,100.91000366210938,100.7699966430664,100.87000274658203,2051,0.0,0.0
2024-08-08 14:25:00-04:00,100.86499786376953,100.86499786376953,100.86499786376953,100.86499786376953,409,0.0,0.0
2024-08-08 14:26:00-04:00,100.86499786376953,100.86499786376953,100.86499786376953,100.86499786376953,578,0.0,0.0
2024-08-08 14:27:00-04:00,100.875,100.875,100.75,100.7699966430664,4819,0.0,0.0
2024-08-08 14:28:00-04:00,100.7699966430664,100.87000274658203,100.7699966430664,100.86000061035156,1338,0.0,0.0
2024-08-08 14:29:00-04:00,100.91999816894531,100.94499969482422,100.91999816894531,100.91999816894531,1319,0.0,0.0
2024-08-08 14:30:00-04:00,100.91999816894531,100.95099639892578,100.91999816894531,100.95099639892578,1004,0.0,0.0
2024-08-08 14:32:00-04:00,100.94750213623047,101.0,100.93000030517578,100.94999694824219,3082,0.0,0.0
2024-08-08 14:33:00-04:00,100.91999816894531,100.91999816894531,100.88500213623047,100.88500213623047,619,0.0,0.0
2024-08-08 14:34:00-04:00,100.8499984741211,100.94000244140625,100.8499984741211,100.94000244140625,1337,0.0,0.0
2024-08-08 14:35:00-04:00,100.9000015258789,100.9000015258789,100.9000015258789,100.9000015258789,562,0.0,0.0
2024-08-08 14:36:00-04:00,100.87000274658203,100.89330291748047,100.87000274658203,100.89330291748047,1257,0.0,0.0
2024-08-08 14:37:00-04:00,100.91000366210938,100.91000366210938,100.88999938964844,100.88999938964844,679,0.0,0.0
2024-08-08 14:38:00-04:00,100.9000015258789,100.96499633789062,100.8949966430664,100.91000366210938,2198,0.0,0.0
2024-08-08 14:39:00-04:00,100.93000030517578,100.94999694824219,100.81999969482422,100.81999969482422,2273,0.0,0.0
2024-08-08 14:40:00-04:00,100.79000091552734,100.79000091552734,100.75,100.78500366210938,2276,0.0,0.0
2024-08-08 14:42:00-04:00,100.73999786376953,100.73999786376953,100.7249984741211,100.7249984741211,1476,0.0,0.0
2024-08-08 14:43:00-04:00,100.7699966430664,100.7699966430664,100.6500015258789,100.68499755859375,2751,0.0,0.0
2024-08-08 14:44:00-04:00,100.7699966430664,100.80000305175781,100.7699966430664,100.77999877929688,1497,0.0,0.0
2024-08-08 14:45:00-04:00,100.7300033569336,100.7300033569336,100.7249984741211,100.7249984741211,1441,0.0,0.0
2024-08-08 14:46:00-04:00,100.69999694824219,100.8499984741211,100.69999694824219,100.7511978149414,784,0.0,0.0
2024-08-08 14:47:00-04:00,100.68879699707031,100.87000274658203,100.68879699707031,100.77999877929688,1160,0.0,0.0
2024-08-08 14:48:00-04:00,100.69000244140625,100.87000274658203,100.69000244140625,100.87000274658203,2040,0.0,0.0
2024-08-08 14:49:00-04:00,100.83999633789062,100.91000366210938,100.83999633789062,100.86499786376953,885,0.0,0.0
2024-08-08 14:50:00-04:00,100.92890167236328,100.92890167236328,100.83999633789062,100.83999633789062,3145,0.0,0.0
2024-08-08 14:51:00-04:00,100.87079620361328,100.87999725341797,100.80999755859375,100.80999755859375,2966,0.0,0.0
2024-08-08 14:52:00-04:00,100.80999755859375,100.80999755859375,100.80000305175781,100.80000305175781,626,0.0,0.0
2024-08-08 14:53:00-04:00,100.79499816894531,100.79499816894531,100.79499816894531,100.79499816894531,618,0.0,0.0
2024-08-08 14:55:00-04:00,100.88999938964844,100.91999816894531,100.8499984741211,100.91999816894531,4562,0.0,0.0
2024-08-08 14:56:00-04:00,100.94499969482422,100.94499969482422,100.94499969482422,100.94499969482422,239,0.0,0.0
2024-08-08 14:57:00-04:00,100.94000244140625,100.94000244140625,100.87000274658203,100.8949966430664,1398,0.0,0.0
2024-08-08 14:58:00-04:00,100.86000061035156,100.9000015258789,100.86000061035156,100.88809967041016,873,0.0,0.0
2024-08-08 14:59:00-04:00,100.91000366210938,100.94499969482422,100.87999725341797,100.87999725341797,3235,0.0,0.0
2024-08-08 15:00:00-04:00,100.87000274658203,100.88500213623047,100.80999755859375,100.80999755859375,4000,0.0,0.0
2024-08-08 15:01:00-04:00,100.76000213623047,100.80000305175781,100.75499725341797,100.79499816894531,2616,0.0,0.0
2024-08-08 15:02:00-04:00,100.75,100.75,100.69999694824219,100.69999694824219,1413,0.0,0.0
2024-08-08 15:03:00-04:00,100.66000366210938,100.72000122070312,100.58999633789062,100.61499786376953,2543,0.0,0.0
2024-08-08 15:04:00-04:00,100.69999694824219,100.69999694824219,100.69999694824219,100.69999694824219,405,0.0,0.0
2024-08-08 15:05:00-04:00,100.5999984741211,100.69000244140625,100.5999984741211,100.69000244140625,547,0.0,0.0
2024-08-08 15:06:00-04:00,100.69999694824219,100.72000122070312,100.69000244140625,100.70500183105469,1665,0.0,0.0
2024-08-08 15:07:00-04:00,100.77999877929688,100.80249786376953,100.77999877929688,100.80249786376953,545,0.0,0.0
2024-08-08 15:08:00-04:00,100.80999755859375,100.80999755859375,100.80999755859375,100.80999755859375,227,0.0,0.0
2024-08-08 15:09:00-04:00,100.95999908447266,101.08999633789062,100.95999908447266,101.08999633789062,778,0.0,0.0
2024-08-08 15:10:00-04:00,101.03500366210938,101.12000274658203,101.03500366210938,101.12000274658203,2027,0.0,0.0
2024-08-08 15:11:00-04:00,101.13999938964844,101.13999938964844,101.01000213623047,101.01000213623047,3018,0.0,0.0
2024-08-08 15:12:00-04:00,101.04000091552734,101.0999984741211,101.04000091552734,101.0999984741211,456,0.0,0.0
2024-08-08 15:13:00-04:00,101.05999755859375,101.08000183105469,101.05999755859375,101.08000183105469,783,0.0,0.0
2024-08-08 15:14:00-04:00,101.05500030517578,101.06500244140625,101.0385971069336,101.0385971069336,643,0.0,0.0
2024-08-08 15:15:00-04:00,101.01000213623047,101.05999755859375,100.98500061035156,101.05999755859375,2470,0.0,0.0
2024-08-08 15:16:00-04:00,101.01000213623047,101.0199966430664,100.97000122070312,101.0199966430664,1695,0.0,0.0
2024-08-08 15:17:00-04:00,101.0199966430664,101.0199966430664,101.0199966430664,101.0199966430664,395,0.0,0.0
2024-08-08 15:19:00-04:00,101.0199966430664,101.0199966430664,100.98999786376953,100.98999786376953,876,0.0,0.0
2024-08-08 15:20:00-04:00,101.05000305175781,101.125,100.98999786376953,101.04499816894531,8250,0.0,0.0
2024-08-08 15:22:00-04:00,101.11000061035156,101.12000274658203,101.08999633789062,101.12000274658203,1732,0.0,0.0
2024-08-08 15:23:00-04:00,101.20999908447266,101.20999908447266,101.16999816894531,101.16999816894531,889,0.0,0.0
2024-08-08 15:24:00-04:00,101.16999816894531,101.16999816894531,101.02999877929688,101.02999877929688,2177,0.0,0.0
2024-08-08 15:25:00-04:00,101.02999877929688,101.06999969482422,101.02999877929688,101.06999969482422,1712,0.0,0.0
2024-08-08 15:26:00-04:00,101.06500244140625,101.06500244140625,101.06500244140625,101.06500244140625,477,0.0,0.0
2024-08-08 15:27:00-04:00,101.0199966430664,101.11000061035156,101.0199966430664,101.11000061035156,1720,0.0,0.0
2024-08-08 15:28:00-04:00,101.1500015258789,101.16999816894531,100.98999786376953,101.05999755859375,5274,0.0,0.0
2024-08-08 15:29:00-04:00,100.98999786376953,101.01499938964844,100.9800033569336,100.9800033569336,1347,0.0,0.0
2024-08-08 15:30:00-04:00,100.9000015258789,101.01000213623047,100.9000015258789,101.01000213623047,1663,0.0,0.0
2024-08-08 15:31:00-04:00,100.94000244140625,100.94499969482422,100.8499984741211,100.91000366210938,2010,0.0,0.0
2024-08-08 15:32:00-04:00,100.91000366210938,100.94000244140625,100.87999725341797,100.94000244140625,4534,0.0,0.0
2024-08-08 15:33:00-04:00,100.91500091552734,100.93000030517578,100.87000274658203,100.87000274658203,2071,0.0,0.0
2024-08-08 15:34:00-04:00,100.83000183105469,100.94999694824219,100.80000305175781,100.94999694824219,3155,0.0,0.0
2024-08-08 15:35:00-04:00,100.92500305175781,100.93000030517578,100.86000061035156,100.87000274658203,1997,0.0,0.0
2024-08-08 15:36:00-04:00,100.8499984741211,100.8499984741211,100.80000305175781,100.80500030517578,3648,0.0,0.0
2024-08-08 15:37:00-04:00,100.80999755859375,100.88999938964844,100.79000091552734,100.88999938964844,5110,0.0,0.0
2024-08-08 15:38:00-04:00,100.83999633789062,100.93000030517578,100.83999633789062,100.90499877929688,1565,0.0,0.0
2024-08-08 15:39:00-04:00,100.91000366210938,100.91000366210938,100.83499908447266,100.87000274658203,5852,0.0,0.0
2024-08-08 15:40:00-04:00,100.83000183105469,100.875,100.76499938964844,100.79499816894531,4705,0.0,0.0
2024-08-08 15:41:00-04:00,100.83000183105469,100.8499984741211,100.80999755859375,100.83999633789062,4021,0.0,0.0
2024-08-08 15:42:00-04:00,100.8499984741211,100.8499984741211,100.82499694824219,100.82499694824219,1826,0.0,0.0
2024-08-08 15:43:00-04:00,100.87000274658203,100.91999816894531,100.84500122070312,100.91999816894531,1689,0.0,0.0
2024-08-08 15:44:00-04:00,100.9000015258789,101.0199966430664,100.9000015258789,101.0199966430664,3345,0.0,0.0
2024-08-08 15:45:00-04:00,101.0199966430664,101.0199966430664,100.95500183105469,100.98999786376953,3513,0.0,0.0
2024-08-08 15:46:00-04:00,100.97000122070312,101.01000213623047,100.97000122070312,100.97000122070312,803,0.0,0.0
2024-08-08 15:47:00-04:00,100.97000122070312,100.9749984741211,100.91999816894531,100.93000030517578,2818,0.0,0.0
2024-08-08 15:48:00-04:00,100.91000366210938,100.97000122070312,100.91000366210938,100.91000366210938,4245,0.0,0.0
2024-08-08 15:49:00-04:00,100.9000015258789,100.9000015258789,100.7699966430664,100.7699966430664,4943,0.0,0.0
2024-08-08 15:50:00-04:00,100.7750015258789,100.87999725341797,100.7699966430664,100.80999755859375,10200,0.0,0.0
2024-08-08 15:51:00-04:00,100.81500244140625,100.81500244140625,100.75,100.7699966430664,4922,0.0,0.0
2024-08-08 15:52:00-04:00,100.73999786376953,100.80999755859375,100.70999908447266,100.80000305175781,7724,0.0,0.0
2024-08-08 15:53:00-04:00,100.79750061035156,100.8499984741211,100.75,100.77999877929688,7723,0.0,0.0
2024-08-08 15:54:00-04:00,100.75,102.01000213623047,100.5199966430664,100.54000091552734,29149,0.0,0.0
2024-08-08 15:55:00-04:00,100.58000183105469,100.6500015258789,100.55500030517578,100.6050033569336,7371,0.0,0.0
2024-08-08 15:56:00-04:00,100.62000274658203,100.63999938964844,100.42500305175781,100.42500305175781,12642,0.0,0.0
2024-08-08 15:57:00-04:00,100.44999694824219,100.5,100.42749786376953,100.44999694824219,11150,0.0,0.0
2024-08-08 15:58:00-04:00,100.45500183105469,100.48500061035156,100.37000274658203,100.40499877929688,17677,0.0,0.0
2024-08-08 15:59:00-04:00,100.40499877929688,100.55999755859375,100.40499877929688,100.41999816894531,33451,0.0,0.0
2024-08-09 09:30:00-04:00,100.5,100.5,100.01000213623047,100.01000213623047,15687,0.0,0.0
2024-08-09 09:33:00-04:00,100.0,100.0,99.95999908447266,99.95999908447266,345,0.0,0.0
2024-08-09 09:34:00-04:00,99.7699966430664,99.7699966430664,99.7699966430664,99.7699966430664,241,0.0,0.0
2024-08-09 09:35:00-04:00,99.91000366210938,100.19999694824219,99.83000183105469,100.11000061035156,2215,0.0,0.0
2024-08-09 09:36:00-04:00,100.08000183105469,100.0999984741211,100.08000183105469,100.08000183105469,899,0.0,0.0
2024-08-09 09:37:00-04:00,99.8499984741211,99.86000061035156,99.56500244140625,99.63999938964844,5835,0.0,0.0
2024-08-09 09:38:00-04:00,99.51000213623047,99.51000213623047,99.48999786376953,99.48999786376953,746,0.0,0.0
2024-08-09 09:39:00-04:00,99.62000274658203,99.62000274658203,99.62000274658203,99.62000274658203,322,0.0,0.0
2024-08-09 09:40:00-04:00,99.61000061035156,99.79000091552734,99.44000244140625,99.44000244140625,1122,0.0,0.0
2024-08-09 09:41:00-04:00,99.43000030517578,99.43000030517578,99.22000122070312,99.30419921875,1636,0.0,0.0
2024-08-09 09:42:00-04:00,99.0625991821289,99.0625991821289,99.0625991821289,99.0625991821289,1645,0.0,0.0
2024-08-09 09:43:00-04:00,98.99500274658203,98.99500274658203,98.62000274658203,98.62000274658203,894,0.0,0.0
2024-08-09 09:44:00-04:00,98.7300033569336,98.8550033569336,98.7249984741211,98.8550033569336,2904,0.0,0.0
2024-08-09 09:45:00-04:00,98.98999786376953,99.0999984741211,98.94999694824219,99.0999984741211,1691,0.0,0.0
2024-08-09 09:46:00-04:00,98.7699966430664,98.7699966430664,98.66000366210938,98.66999816894531,2400,0.0,0.0
2024-08-09 09:47:00-04:00,98.66000366210938,98.73500061035156,98.66000366210938,98.70999908447266,1243,0.0,0.0
2024-08-09 09:48:00-04:00,98.66000366210938,98.66000366210938,98.54000091552734,98.58999633789062,2661,0.0,0.0
2024-08-09 09:49:00-04:00,98.37000274658203,98.5,98.30999755859375,98.43000030517578,2252,0.0,0.0
2024-08-09 09:50:00-04:00,98.41999816894531,98.6500015258789,98.41999816894531,98.62999725341797,4597,0.0,0.0
2024-08-09 09:51:00-04:00,98.44000244140625,98.44000244140625,98.30000305175781,98.30000305175781,2184,0.0,0.0
2024-08-09 09:52:00-04:00,98.44999694824219,98.69499969482422,98.44999694824219,98.69499969482422,5338,0.0,0.0
2024-08-09 09:53:00-04:00,98.69999694824219,98.69999694824219,98.62999725341797,98.66999816894531,900,0.0,0.0
2024-08-09 09:54:00-04:00,98.7300033569336,98.7300033569336,98.63999938964844,98.69000244140625,2410,0.0,0.0
2024-08-09 09:55:00-04:00,98.70999908447266,98.70999908447266,98.55999755859375,98.55999755859375,445,0.0,0.0
2024-08-09 09:56:00-04:00,98.61000061035156,98.61000061035156,98.55999755859375,98.55999755859375,1001,0.0,0.0
2024-08-09 09:57:00-04:00,98.36000061035156,98.54000091552734,98.36000061035156,98.44819641113281,544,0.0,0.0
2024-08-09 09:58:00-04:00,98.56999969482422,98.80000305175781,98.5199966430664,98.79000091552734,4339,0.0,0.0
2024-08-09 09:59:00-04:00,98.74500274658203,98.87000274658203,98.74500274658203,98.81500244140625,1654,0.0,0.0
2024-08-09 10:00:00-04:00,98.62000274658203,98.62999725341797,98.59500122070312,98.5999984741211,1523,0.0,0.0
2024-08-09 10:01:00-04:00,98.58499908447266,98.93000030517578,98.58499908447266,98.83999633789062,7995,0.0,0.0
2024-08-09 10:02:00-04:00,98.83999633789062,98.9749984741211,98.83999633789062,98.9749984741211,1656,0.0,0.0
2024-08-09 10:03:00-04:00,98.9800033569336,99.1500015258789,98.9800033569336,99.02999877929688,3834,0.0,0.0
2024-08-09 10:04:00-04:00,99.12999725341797,99.12999725341797,99.12999725341797,99.12999725341797,164,0.0,0.0
2024-08-09 10:05:00-04:00,99.04000091552734,99.12999725341797,99.04000091552734,99.12999725341797,596,0.0,0.0
2024-08-09 10:06:00-04:00,99.22000122070312,99.37999725341797,99.13500213623047,99.31999969482422,4970,0.0,0.0
2024-08-09 10:07:00-04:00,99.26000213623047,99.26000213623047,99.26000213623047,99.26000213623047,878,0.0,0.0
2024-08-09 10:08:00-04:00,99.05999755859375,99.05999755859375,99.05999755859375,99.05999755859375,594,0.0,0.0
2024-08-09 10:09:00-04:00,99.05000305175781,99.05000305175781,98.86000061035156,98.86000061035156,1602,0.0,0.0
2024-08-09 10:11:00-04:00,98.81999969482422,99.19999694824219,98.81999969482422,99.11499786376953,452,0.0,0.0
2024-08-09 10:12:00-04:00,99.11499786376953,99.36000061035156,99.11499786376953,99.36000061035156,3022,0.0,0.0
2024-08-09 10:13:00-04:00,99.5,99.51499938964844,99.3499984741211,99.51499938964844,1459,0.0,0.0
2024-08-09 10:14:00-04:00,99.38999938964844,99.38999938964844,99.19999694824219,99.19999694824219,672,0.0,0.0
2024-08-09 10:16:00-04:00,99.375,99.375,99.19999694824219,99.20999908447266,875,0.0,0.0
2024-08-09 10:17:00-04:00,99.21800231933594,99.21800231933594,99.21800231933594,99.21800231933594,184,0.0,0.0
2024-08-09 10:18:00-04:00,99.30999755859375,99.30999755859375,99.19999694824219,99.19999694824219,407,0.0,0.0
2024-08-09 10:19:00-04:00,99.20999908447266,99.25,99.16000366210938,99.25,2396,0.0,0.0
2024-08-09 10:20:00-04:00,99.16999816894531,99.29000091552734,99.16999816894531,99.26499938964844,2319,0.0,0.0
2024-08-09 10:21:00-04:00,99.2699966430664,99.38999938964844,99.2699966430664,99.375,2312,0.0,0.0
2024-08-09 10:22:00-04:00,99.375,99.375,99.2300033569336,99.36000061035156,3263,0.0,0.0
2024-08-09 10:23:00-04:00,99.29000091552734,99.29000091552734,99.20999908447266,99.23999786376953,1650,0.0,0.0
2024-08-09 10:24:00-04:00,99.19000244140625,99.19000244140625,99.19000244140625,99.19000244140625,356,0.0,0.0
2024-08-09 10:25:00-04:00,99.2750015258789,99.3499984741211,99.2750015258789,99.2750015258789,997,0.0,0.0
2024-08-09 10:26:00-04:00,99.19000244140625,99.19000244140625,99.1500015258789,99.19000244140625,830,0.0,0.0
2024-08-09 10:27:00-04:00,99.12999725341797,99.12999725341797,99.12999725341797,99.12999725341797,278,0.0,0.0
2024-08-09 10:28:00-04:00,99.2699966430664,99.4800033569336,99.22000122070312,99.30000305175781,5266,0.0,0.0
2024-08-09 10:29:00-04:00,99.30999755859375,99.33499908447266,99.30999755859375,99.33499908447266,520,0.0,0.0
2024-08-09 10:30:00-04:00,99.30000305175781,99.54000091552734,99.30000305175781,99.54000091552734,1847,0.0,0.0
2024-08-09 10:31:00-04:00,99.30000305175781,99.41999816894531,99.30000305175781,99.41999816894531,1522,0.0,0.0
2024-08-09 10:32:00-04:00,99.41999816894531,99.41999816894531,99.40499877929688,99.40499877929688,501,0.0,0.0
2024-08-09 10:33:00-04:00,99.33999633789062,99.43000030517578,99.33999633789062,99.38990020751953,1234,0.0,0.0
2024-08-09 10:34:00-04:00,99.4000015258789,99.4000015258789,99.36000061035156,99.37999725341797,1436,0.0,0.0
2024-08-09 10:35:00-04:00,99.24500274658203,99.28500366210938,99.19999694824219,99.21009826660156,3213,0.0,0.0
2024-08-09 10:36:00-04:00,99.41000366210938,99.45999908447266,99.29000091552734,99.45999908447266,1670,0.0,0.0
2024-08-09 10:37:00-04:00,99.33999633789062,99.33999633789062,99.33999633789062,99.33999633789062,191,0.0,0.0
2024-08-09 10:38:00-04:00,99.33999633789062,99.33999633789062,99.12999725341797,99.25499725341797,2616,0.0,0.0
2024-08-09 10:39:00-04:00,99.30000305175781,99.30000305175781,99.16999816894531,99.26000213623047,838,0.0,0.0
2024-08-09 10:40:00-04:00,99.22000122070312,99.22000122070312,99.13999938964844,99.1500015258789,858,0.0,0.0
2024-08-09 10:41:00-04:00,99.24500274658203,99.375,99.19000244140625,99.36000061035156,7640,0.0,0.0
2024-08-09 10:42:00-04:00,99.38500213623047,99.38500213623047,99.38500213623047,99.38500213623047,702,0.0,0.0
2024-08-09 10:43:00-04:00,99.36000061035156,99.4800033569336,99.36000061035156,99.36000061035156,6696,0.0,0.0
2024-08-09 10:44:00-04:00,99.37000274658203,99.4800033569336,99.29000091552734,99.4000015258789,3472,0.0,0.0
2024-08-09 10:45:00-04:00,99.47000122070312,99.47000122070312,99.44000244140625,99.44000244140625,679,0.0,0.0
2024-08-09 10:46:00-04:00,99.49500274658203,99.68000030517578,99.48999786376953,99.61499786376953,13093,0.0,0.0
2024-08-09 10:47:00-04:00,99.52999877929688,99.52999877929688,99.33000183105469,99.33000183105469,2227,0.0,0.0
2024-08-09 10:48:00-04:00,99.40499877929688,99.40499877929688,99.30000305175781,99.30000305175781,835,0.0,0.0
2024-08-09 10:49:00-04:00,99.19999694824219,99.19999694824219,99.0999984741211,99.1500015258789,1481,0.0,0.0
2024-08-09 10:50:00-04:00,99.05999755859375,99.20999908447266,99.05999755859375,99.05999755859375,822,0.0,0.0
2024-08-09 10:51:00-04:00,99.05999755859375,99.33999633789062,99.05999755859375,99.21499633789062,8560,0.0,0.0
2024-08-09 10:53:00-04:00,99.2300033569336,99.2750015258789,99.2300033569336,99.2750015258789,1704,0.0,0.0
2024-08-09 10:54:00-04:00,99.18000030517578,99.18000030517578,99.18000030517578,99.18000030517578,166,0.0,0.0
2024-08-09 10:55:00-04:00,99.26499938964844,99.37000274658203,99.2300033569336,99.32499694824219,5221,0.0,0.0
2024-08-09 10:56:00-04:00,99.33000183105469,99.44999694824219,99.30999755859375,99.43000030517578,2232,0.0,0.0
2024-08-09 10:57:00-04:00,99.33999633789062,99.3499984741211,99.30999755859375,99.3499984741211,1097,0.0,0.0
2024-08-09 10:58:00-04:00,99.37999725341797,99.37999725341797,99.2300033569336,99.2300033569336,1267,0.0,0.0
2024-08-09 10:59:00-04:00,99.1500015258789,99.2249984741211,99.05999755859375,99.19499969482422,903,0.0,0.0
2024-08-09 11:00:00-04:00,99.19499969482422,99.19499969482422,99.19499969482422,99.19499969482422,199,0.0,0.0
2024-08-09 11:03:00-04:00,99.25,99.2750015258789,99.25,99.2750015258789,434,0.0,0.0
2024-08-09 11:04:00-04:00,99.25630187988281,99.25630187988281,99.19000244140625,99.24500274658203,1901,0.0,0.0
2024-08-09 11:05:00-04:00,99.37000274658203,99.43000030517578,99.33000183105469,99.33000183105469,2510,0.0,0.0
2024-08-09 11:06:00-04:00,99.38500213623047,99.41000366210938,99.31999969482422,99.41000366210938,1392,0.0,0.0
2024-08-09 11:07:00-04:00,99.47000122070312,99.5199966430664,99.43000030517578,99.43000030517578,745,0.0,0.0
2024-08-09 11:08:00-04:00,99.55000305175781,99.58999633789062,99.5199966430664,99.58999633789062,569,0.0,0.0
2024-08-09 11:09:00-04:00,99.56500244140625,99.5999984741211,99.5199966430664,99.5199966430664,1835,0.0,0.0
2024-08-09 11:10:00-04:00,99.47000122070312,99.58999633789062,99.47000122070312,99.58000183105469,5664,0.0,0.0
2024-08-09 11:11:00-04:00,99.50499725341797,99.62999725341797,99.50499725341797,99.52999877929688,2584,0.0,0.0
2024-08-09 11:12:00-04:00,99.45999908447266,99.45999908447266,99.44000244140625,99.44000244140625,1517,0.0,0.0
2024-08-09 11:15:00-04:00,99.37999725341797,99.37999725341797,99.33000183105469,99.33000183105469,663,0.0,0.0
2024-08-09 11:16:00-04:00,99.4800033569336,99.4800033569336,99.4749984741211,99.4749984741211,711,0.0,0.0
2024-08-09 11:18:00-04:00,99.52999877929688,99.52999877929688,99.52999877929688,99.52999877929688,189,0.0,0.0
2024-08-09 11:19:00-04:00,99.48999786376953,99.48999786376953,99.44000244140625,99.44000244140625,351,0.0,0.0
2024-08-09 11:20:00-04:00,99.48999786376953,99.49500274658203,99.48999786376953,99.49500274658203,376,0.0,0.0
2024-08-09 11:21:00-04:00,99.51499938964844,99.51499938964844,99.51499938964844,99.51499938964844,388,0.0,0.0
2024-08-09 11:22:00-04:00,99.51499938964844,99.51499938964844,99.44999694824219,99.48500061035156,781,0.0,0.0
2024-08-09 11:23:00-04:00,99.58999633789062,99.62999725341797,99.5199966430664,99.5199966430664,1891,0.0,0.0
2024-08-09 11:24:00-04:00,99.6050033569336,99.69000244140625,99.52999877929688,99.61000061035156,1830,0.0,0.0
2024-08-09 11:25:00-04:00,99.68000030517578,99.80000305175781,99.68000030517578,99.80000305175781,2883,0.0,0.0
2024-08-09 11:26:00-04:00,99.7300033569336,99.75,99.69999694824219,99.73999786376953,1470,0.0,0.0
2024-08-09 11:27:00-04:00,99.69999694824219,99.77999877929688,99.66999816894531,99.77999877929688,3404,0.0,0.0
2024-08-09 11:28:00-04:00,99.81999969482422,99.81999969482422,99.69999694824219,99.7300033569336,774,0.0,0.0
2024-08-09 11:29:00-04:00,99.66999816894531,99.66999816894531,99.43000030517578,99.43000030517578,2120,0.0,0.0
2024-08-09 11:30:00-04:00,99.3499984741211,99.36000061035156,99.30000305175781,99.30000305175781,955,0.0,0.0
2024-08-09 11:31:00-04:00,99.29000091552734,99.33999633789062,99.2874984741211,99.33999633789062,1350,0.0,0.0
2024-08-09 11:32:00-04:00,99.37999725341797,99.37999725341797,99.37999725341797,99.37999725341797,1057,0.0,0.0
2024-08-09 11:33:00-04:00,99.41999816894531,99.41999816894531,99.41999816894531,99.41999816894531,240,0.0,0.0
2024-08-09 11:34:00-04:00,99.45999908447266,99.58000183105469,99.44999694824219,99.50499725341797,6684,0.0,0.0
2024-08-09 11:35:00-04:00,99.48999786376953,99.54000091552734,99.37999725341797,99.37999725341797,1921,0.0,0.0
2024-08-09 11:37:00-04:00,99.38999938964844,99.38999938964844,99.37999725341797,99.37999725341797,409,0.0,0.0
2024-08-09 11:38:00-04:00,99.36499786376953,99.36499786376953,99.36499786376953,99.36499786376953,121,0.0,0.0
2024-08-09 11:39:00-04:00,99.37000274658203,99.51000213623047,99.30999755859375,99.51000213623047,2179,0.0,0.0
2024-08-09 11:40:00-04:00,99.54000091552734,99.55000305175781,99.54000091552734,99.55000305175781,265,0.0,0.0
2024-08-09 11:41:00-04:00,99.51000213623047,99.51000213623047,99.51000213623047,99.51000213623047,236,0.0,0.0
2024-08-09 11:42:00-04:00,99.48999786376953,99.53500366210938,99.44999694824219,99.44999694824219,725,0.0,0.0
2024-08-09 11:43:00-04:00,99.44999694824219,99.61000061035156,99.44999694824219,99.61000061035156,854,0.0,0.0
2024-08-09 11:44:00-04:00,99.62000274658203,99.69999694824219,99.61000061035156,99.69999694824219,1549,0.0,0.0
2024-08-09 11:45:00-04:00,99.69999694824219,99.69999694824219,99.61750030517578,99.61750030517578,981,0.0,0.0
2024-08-09 11:46:00-04:00,99.6449966430664,99.6449966430664,99.58999633789062,99.6449966430664,1314,0.0,0.0
2024-08-09 11:47:00-04:00,99.63999938964844,99.63999938964844,99.5,99.5,410,0.0,0.0
2024-08-09 11:48:00-04:00,99.58999633789062,99.58999633789062,99.58999633789062,99.58999633789062,740,0.0,0.0
2024-08-09 11:49:00-04:00,99.68000030517578,99.73999786376953,99.68000030517578,99.72000122070312,1613,0.0,0.0
2024-08-09 11:50:00-04:00,99.71499633789062,99.71499633789062,99.71499633789062,99.71499633789062,617,0.0,0.0
2024-08-09 11:52:00-04:00,99.6500015258789,99.71499633789062,99.6500015258789,99.71499633789062,643,0.0,0.0
2024-08-09 11:54:00-04:00,99.7300033569336,99.7300033569336,99.7300033569336,99.7300033569336,698,0.0,0.0
2024-08-09 11:55:00-04:00,99.68000030517578,99.69000244140625,99.45999908447266,99.47000122070312,5528,0.0,0.0
2024-08-09 11:56:00-04:00,99.29499816894531,99.29499816894531,99.27999877929688,99.27999877929688,609,0.0,0.0
2024-08-09 11:57:00-04:00,99.11000061035156,99.2249984741211,99.0999984741211,99.0999984741211,631,0.0,0.0
2024-08-09 11:59:00-04:00,99.01000213623047,99.01000213623047,98.88999938964844,98.88999938964844,1506,0.0,0.0
2024-08-09 12:01:00-04:00,98.99500274658203,99.05999755859375,98.93000030517578,99.05000305175781,1053,0.0,0.0
2024-08-09 12:03:00-04:00,98.91999816894531,98.91999816894531,98.91999816894531,98.91999816894531,127,0.0,0.0
2024-08-09 12:04:00-04:00,98.86000061035156,99.0199966430664,98.86000061035156,99.0199966430664,893,0.0,0.0
2024-08-09 12:05:00-04:00,98.99500274658203,98.99500274658203,98.99500274658203,98.99500274658203,291,0.0,0.0
2024-08-09 12:06:00-04:00,98.9635009765625,98.9635009765625,98.9635009765625,98.9635009765625,154,0.0,0.0
2024-08-09 12:07:00-04:00,98.87000274658203,98.87000274658203,98.87000274658203,98.87000274658203,360,0.0,0.0
2024-08-09 12:10:00-04:00,98.9000015258789,99.04000091552734,98.9000015258789,99.04000091552734,230,0.0,0.0
2024-08-09 12:11:00-04:00,99.05000305175781,99.05000305175781,99.05000305175781,99.05000305175781,213,0.0,0.0
2024-08-09 12:12:00-04:00,98.9749984741211,98.9749984741211,98.93000030517578,98.9749984741211,968,0.0,0.0
2024-08-09 12:13:00-04:00,98.9749984741211,98.9749984741211,98.80999755859375,98.80999755859375,2130,0.0,0.0
2024-08-09 12:14:00-04:00,98.80999755859375,98.80999755859375,98.80999755859375,98.80999755859375,2304,0.0,0.0
2024-08-09 12:15:00-04:00,98.75,98.75,98.58999633789062,98.68000030517578,2253,0.0,0.0
2024-08-09 12:16:00-04:00,98.62999725341797,98.62999725341797,98.62999725341797,98.62999725341797,105,0.0,0.0
2024-08-09 12:17:00-04:00,98.72000122070312,98.77999877929688,98.72000122070312,98.77999877929688,1525,0.0,0.0
2024-08-09 12:18:00-04:00,98.77999877929688,98.79000091552734,98.75499725341797,98.75499725341797,1805,0.0,0.0
2024-08-09 12:19:00-04:00,98.81999969482422,98.81999969482422,98.80000305175781,98.80000305175781,640,0.0,0.0
2024-08-09 12:20:00-04:00,98.83999633789062,98.8499984741211,98.69000244140625,98.69000244140625,4403,0.0,0.0
2024-08-09 12:22:00-04:00,98.69000244140625,98.69000244140625,98.66000366210938,98.66500091552734,1088,0.0,0.0
2024-08-09 12:23:00-04:00,98.44999694824219,98.44999694824219,98.44999694824219,98.44999694824219,750,0.0,0.0
2024-08-09 12:25:00-04:00,98.54499816894531,98.61000061035156,98.54499816894531,98.61000061035156,892,0.0,0.0
2024-08-09 12:26:00-04:00,98.5199966430664,98.5199966430664,98.5199966430664,98.5199966430664,272,0.0,0.0
2024-08-09 12:28:00-04:00,98.5199966430664,98.55999755859375,98.5199966430664,98.55999755859375,792,0.0,0.0
2024-08-09 12:29:00-04:00,98.61000061035156,98.63999938964844,98.5999984741211,98.5999984741211,1279,0.0,0.0
2024-08-09 12:30:00-04:00,98.63999938964844,98.68000030517578,98.63999938964844,98.66000366210938,827,0.0,0.0
2024-08-09 12:32:00-04:00,98.58000183105469,98.58000183105469,98.58000183105469,98.58000183105469,187,0.0,0.0
2024-08-09 12:34:00-04:00,98.63999938964844,98.63999938964844,98.5199966430664,98.5199966430664,6021,0.0,0.0
2024-08-09 12:35:00-04:00,98.54000091552734,98.55449676513672,98.5,98.55449676513672,735,0.0,0.0
2024-08-09 12:36:00-04:00,98.54000091552734,98.54000091552734,98.5199966430664,98.5199966430664,365,0.0,0.0
2024-08-09 12:38:00-04:00,98.61000061035156,98.73500061035156,98.61000061035156,98.73500061035156,2450,0.0,0.0
2024-08-09 12:39:00-04:00,98.7020034790039,98.7020034790039,98.7020034790039,98.7020034790039,187,0.0,0.0
2024-08-09 12:40:00-04:00,98.75,98.75,98.75,98.75,108,0.0,0.0
2024-08-09 12:41:00-04:00,98.76000213623047,98.76000213623047,98.68000030517578,98.76000213623047,304,0.0,0.0
2024-08-09 12:42:00-04:00,98.69999694824219,98.70999908447266,98.62999725341797,98.62999725341797,2125,0.0,0.0
2024-08-09 12:43:00-04:00,98.6500015258789,98.67500305175781,98.63999938964844,98.63999938964844,705,0.0,0.0
2024-08-09 12:44:00-04:00,98.66000366210938,98.66000366210938,98.63999938964844,98.63999938964844,1081,0.0,0.0
2024-08-09 12:45:00-04:00,98.63999938964844,98.63999938964844,98.63999938964844,98.63999938964844,256,0.0,0.0
2024-08-09 12:46:00-04:00,98.61000061035156,98.61000061035156,98.61000061035156,98.61000061035156,437,0.0,0.0
2024-08-09 12:47:00-04:00,98.61000061035156,98.61000061035156,98.58000183105469,98.58000183105469,957,0.0,0.0
2024-08-09 12:49:00-04:00,98.5999984741211,98.68000030517578,98.5999984741211,98.68000030517578,1768,0.0,0.0
2024-08-09 12:50:00-04:00,98.6500015258789,98.70999908447266,98.6500015258789,98.66999816894531,1045,0.0,0.0
2024-08-09 12:52:00-04:00,98.63999938964844,98.63999938964844,98.63999938964844,98.63999938964844,622,0.0,0.0
2024-08-09 12:53:00-04:00,98.5999984741211,98.5999984741211,98.58999633789062,98.5999984741211,479,0.0,0.0
2024-08-09 12:54:00-04:00,98.58000183105469,98.58000183105469,98.47000122070312,98.47000122070312,1330,0.0,0.0
2024-08-09 12:55:00-04:00,98.58499908447266,98.58499908447266,98.52999877929688,98.54000091552734,799,0.0,0.0
2024-08-09 12:56:00-04:00,98.62000274658203,98.6500015258789,98.59500122070312,98.6500015258789,2303,0.0,0.0
2024-08-09 12:57:00-04:00,98.56999969482422,98.56999969482422,98.56999969482422,98.56999969482422,222,0.0,0.0
2024-08-09 12:58:00-04:00,98.62999725341797,98.62999725341797,98.62999725341797,98.62999725341797,300,0.0,0.0
2024-08-09 12:59:00-04:00,98.69000244140625,98.73999786376953,98.69000244140625,98.70249938964844,1711,0.0,0.0
2024-08-09 13:00:00-04:00,98.73999786376953,98.73999786376953,98.66000366210938,98.66000366210938,770,0.0,0.0
2024-08-09 13:01:00-04:00,98.76000213623047,98.83000183105469,98.76000213623047,98.83000183105469,1246,0.0,0.0
2024-08-09 13:02:00-04:00,98.83999633789062,98.94000244140625,98.83999633789062,98.94000244140625,647,0.0,0.0
2024-08-09 13:03:00-04:00,98.93000030517578,98.96099853515625,98.86000061035156,98.86000061035156,1032,0.0,0.0
2024-08-09 13:04:00-04:00,98.8499984741211,98.8499984741211,98.75,98.79000091552734,1081,0.0,0.0
2024-08-09 13:05:00-04:00,98.7300033569336,98.7300033569336,98.7300033569336,98.7300033569336,178,0.0,0.0
2024-08-09 13:06:00-04:00,98.66000366210938,98.66000366210938,98.66000366210938,98.66000366210938,263,0.0,0.0
2024-08-09 13:07:00-04:00,98.66999816894531,98.73999786376953,98.66999816894531,98.73999786376953,991,0.0,0.0
2024-08-09 13:09:00-04:00,98.76499938964844,98.83499908447266,98.76499938964844,98.80999755859375,878,0.0,0.0
2024-08-09 13:10:00-04:00,98.87000274658203,98.87000274658203,98.80999755859375,98.80999755859375,260,0.0,0.0
2024-08-09 13:11:00-04:00,98.81999969482422,98.81999969482422,98.81999969482422,98.81999969482422,582,0.0,0.0
2024-08-09 13:12:00-04:00,98.80000305175781,98.80000305175781,98.80000305175781,98.80000305175781,717,0.0,0.0
2024-08-09 13:13:00-04:00,98.87000274658203,98.87000274658203,98.80000305175781,98.80000305175781,617,0.0,0.0
2024-08-09 13:14:00-04:00,98.73999786376953,98.73999786376953,98.73999786376953,98.73999786376953,155,0.0,0.0
2024-08-09 13:15:00-04:00,98.88999938964844,98.93000030517578,98.88999938964844,98.91000366210938,2767,0.0,0.0
2024-08-09 13:16:00-04:00,98.88999938964844,98.88999938964844,98.87999725341797,98.87999725341797,818,0.0,0.0
2024-08-09 13:17:00-04:00,98.87000274658203,98.87000274658203,98.87000274658203,98.87000274658203,124,0.0,0.0
2024-08-09 13:18:00-04:00,98.9000015258789,98.91999816894531,98.9000015258789,98.91999816894531,1022,0.0,0.0
2024-08-09 13:19:00-04:00,99.0,99.0,98.98999786376953,99.0,1378,0.0,0.0
2024-08-09 13:20:00-04:00,99.02999877929688,99.08999633789062,99.02999877929688,99.08999633789062,928,0.0,0.0
2024-08-09 13:21:00-04:00,99.1050033569336,99.1050033569336,99.07250213623047,99.07250213623047,779,0.0,0.0
2024-08-09 13:22:00-04:00,99.1500015258789,99.17500305175781,99.13999938964844,99.17500305175781,1397,0.0,0.0
2024-08-09 13:24:00-04:00,99.09500122070312,99.09500122070312,99.09500122070312,99.09500122070312,116,0.0,0.0
2024-08-09 13:25:00-04:00,99.09500122070312,99.09500122070312,99.09500122070312,99.09500122070312,147,0.0,0.0
2024-08-09 13:26:00-04:00,99.19000244140625,99.19999694824219,99.09500122070312,99.19999694824219,1486,0.0,0.0
2024-08-09 13:27:00-04:00,99.22000122070312,99.25,99.22000122070312,99.25,481,0.0,0.0
2024-08-09 13:28:00-04:00,99.26000213623047,99.27999877929688,99.26000213623047,99.27999877929688,445,0.0,0.0
2024-08-09 13:29:00-04:00,99.31880187988281,99.31880187988281,99.2300033569336,99.29000091552734,7257,0.0,0.0
2024-08-09 13:30:00-04:00,99.37999725341797,99.41000366210938,99.37999725341797,99.41000366210938,891,0.0,0.0
2024-08-09 13:33:00-04:00,99.43659973144531,99.5199966430664,99.43659973144531,99.5,1514,0.0,0.0
2024-08-09 13:34:00-04:00,99.63999938964844,99.70999908447266,99.63999938964844,99.70999908447266,973,0.0,0.0
2024-08-09 13:35:00-04:00,99.76000213623047,99.7699966430664,99.7074966430664,99.7074966430664,710,0.0,0.0
2024-08-09 13:36:00-04:00,99.6449966430664,99.6449966430664,99.6449966430664,99.6449966430664,405,0.0,0.0
2024-08-09 13:37:00-04:00,99.6449966430664,99.6449966430664,99.6449966430664,99.6449966430664,341,0.0,0.0
2024-08-09 13:38:00-04:00,99.62000274658203,99.62000274658203,99.62000274658203,99.62000274658203,105,0.0,0.0
2024-08-09 13:39:00-04:00,99.62000274658203,99.62000274658203,99.62000274658203,99.62000274658203,309,0.0,0.0
2024-08-09 13:41:00-04:00,99.62000274658203,99.62000274658203,99.41999816894531,99.45999908447266,2812,0.0,0.0
2024-08-09 13:43:00-04:00,99.30000305175781,99.41000366210938,99.30000305175781,99.375,655,0.0,0.0
2024-08-09 13:44:00-04:00,99.30999755859375,99.38200378417969,99.30999755859375,99.38200378417969,1722,0.0,0.0
2024-08-09 13:45:00-04:00,99.30999755859375,99.30999755859375,99.30999755859375,99.30999755859375,261,0.0,0.0
2024-08-09 13:46:00-04:00,99.41999816894531,99.41999816894531,99.41999816894531,99.41999816894531,413,0.0,0.0
2024-08-09 13:49:00-04:00,99.45999908447266,99.4800033569336,99.41500091552734,99.45999908447266,914,0.0,0.0
2024-08-09 13:50:00-04:00,99.37000274658203,99.41999816894531,99.27999877929688,99.30000305175781,2053,0.0,0.0
2024-08-09 13:51:00-04:00,99.30750274658203,99.30750274658203,99.25,99.25,1428,0.0,0.0
2024-08-09 13:52:00-04:00,99.30000305175781,99.33000183105469,99.20999908447266,99.20999908447266,3241,0.0,0.0
2024-08-09 13:53:00-04:00,99.33000183105469,99.33000183105469,99.28269958496094,99.28269958496094,3338,0.0,0.0
2024-08-09 13:54:00-04:00,99.20999908447266,99.20999908447266,99.08999633789062,99.08999633789062,1188,0.0,0.0
2024-08-09 13:55:00-04:00,99.01000213623047,99.01000213623047,99.01000213623047,99.01000213623047,140,0.0,0.0
2024-08-09 13:56:00-04:00,99.05999755859375,99.05999755859375,99.01000213623047,99.01000213623047,298,0.0,0.0
2024-08-09 13:57:00-04:00,99.02999877929688,99.02999877929688,99.02999877929688,99.02999877929688,252,0.0,0.0
2024-08-09 13:58:00-04:00,99.13500213623047,99.26000213623047,99.01000213623047,99.26000213623047,522,0.0,0.0
2024-08-09 14:00:00-04:00,99.05999755859375,99.13999938964844,99.02999877929688,99.13999938964844,358,0.0,0.0
2024-08-09 14:01:00-04:00,99.15499877929688,99.15499877929688,99.15499877929688,99.15499877929688,100,0.0,0.0
2024-08-09 14:02:00-04:00,99.05999755859375,99.05999755859375,99.05999755859375,99.05999755859375,372,0.0,0.0
2024-08-09 14:03:00-04:00,99.1449966430664,99.1449966430664,99.1449966430664,99.1449966430664,108,0.0,0.0
2024-08-09 14:04:00-04:00,99.13500213623047,99.13500213623047,99.0999984741211,99.13500213623047,927,0.0,0.0
2024-08-09 14:05:00-04:00,99.05000305175781,99.18000030517578,99.05000305175781,99.13500213623047,595,0.0,0.0
2024-08-09 14:06:00-04:00,99.08100128173828,99.25,99.08100128173828,99.25,3902,0.0,0.0
2024-08-09 14:07:00-04:00,99.19999694824219,99.26000213623047,99.19999694824219,99.25,782,0.0,0.0
2024-08-09 14:08:00-04:00,99.20999908447266,99.20999908447266,99.20999908447266,99.20999908447266,135,0.0,0.0
2024-08-09 14:09:00-04:00,99.2300033569336,99.30000305175781,99.22000122070312,99.2699966430664,3122,0.0,0.0
2024-08-09 14:10:00-04:00,99.22000122070312,99.24500274658203,99.0999984741211,99.12999725341797,2077,0.0,0.0
2024-08-09 14:11:00-04:00,99.18000030517578,99.18000030517578,99.0,99.0,1373,0.0,0.0
2024-08-09 14:13:00-04:00,99.04499816894531,99.04499816894531,98.9800033569336,98.9800033569336,681,0.0,0.0
2024-08-09 14:15:00-04:00,99.04000091552734,99.16000366210938,99.04000091552734,99.16000366210938,1406,0.0,0.0
2024-08-09 14:17:00-04:00,99.02999877929688,99.12999725341797,99.02999877929688,99.12999725341797,529,0.0,0.0
2024-08-09 14:20:00-04:00,99.04000091552734,99.125,99.04000091552734,99.04000091552734,356,0.0,0.0
2024-08-09 14:21:00-04:00,99.125,99.125,99.125,99.125,230,0.0,0.0
2024-08-09 14:22:00-04:00,99.05000305175781,99.05000305175781,99.05000305175781,99.05000305175781,446,0.0,0.0
2024-08-09 14:23:00-04:00,99.12999725341797,99.19999694824219,99.02999877929688,99.02999877929688,600,0.0,0.0
2024-08-09 14:25:00-04:00,99.02999877929688,99.02999877929688,99.02999877929688,99.02999877929688,237,0.0,0.0
2024-08-09 14:26:00-04:00,99.12999725341797,99.12999725341797,99.02999877929688,99.02999877929688,213,0.0,0.0
2024-08-09 14:27:00-04:00,99.2300033569336,99.2300033569336,99.2300033569336,99.2300033569336,200,0.0,0.0
2024-08-09 14:28:00-04:00,99.06999969482422,99.22000122070312,99.06999969482422,99.12999725341797,794,0.0,0.0
2024-08-09 14:30:00-04:00,99.19999694824219,99.2300033569336,99.1500015258789,99.20500183105469,3216,0.0,0.0
2024-08-09 14:31:00-04:00,99.19999694824219,99.19999694824219,99.19999694824219,99.19999694824219,307,0.0,0.0
2024-08-09 14:32:00-04:00,99.16999816894531,99.16999816894531,99.12999725341797,99.12999725341797,359,0.0,0.0
2024-08-09 14:33:00-04:00,99.12999725341797,99.12999725341797,99.08999633789062,99.0999984741211,1218,0.0,0.0
2024-08-09 14:34:00-04:00,99.05000305175781,99.05000305175781,99.0199966430664,99.0199966430664,1349,0.0,0.0
2024-08-09 14:35:00-04:00,98.97000122070312,98.97000122070312,98.95999908447266,98.95999908447266,243,0.0,0.0
2024-08-09 14:36:00-04:00,98.9800033569336,98.9800033569336,98.9800033569336,98.9800033569336,992,0.0,0.0
2024-08-09 14:38:00-04:00,99.02999877929688,99.05000305175781,98.94999694824219,98.94999694824219,2581,0.0,0.0
2024-08-09 14:39:00-04:00,99.08000183105469,99.12999725341797,99.08000183105469,99.12999725341797,1324,0.0,0.0
2024-08-09 14:41:00-04:00,99.08999633789062,99.2300033569336,99.08999633789062,99.2300033569336,958,0.0,0.0
2024-08-09 14:42:00-04:00,99.1449966430664,99.18000030517578,99.11000061035156,99.13500213623047,670,0.0,0.0
2024-08-09 14:43:00-04:00,99.20999908447266,99.20999908447266,99.12000274658203,99.12000274658203,1067,0.0,0.0
2024-08-09 14:44:00-04:00,99.15499877929688,99.15499877929688,99.1500015258789,99.1500015258789,386,0.0,0.0
2024-08-09 14:45:00-04:00,99.2300033569336,99.23999786376953,99.2300033569336,99.23999786376953,1225,0.0,0.0
2024-08-09 14:46:00-04:00,99.2699966430664,99.2699966430664,99.26000213623047,99.26000213623047,681,0.0,0.0
2024-08-09 14:47:00-04:00,99.16999816894531,99.2300033569336,99.16999816894531,99.2300033569336,204,0.0,0.0
2024-08-09 14:48:00-04:00,99.2300033569336,99.2300033569336,99.2300033569336,99.2300033569336,295,0.0,0.0
2024-08-09 14:49:00-04:00,99.23500061035156,99.23500061035156,99.23500061035156,99.23500061035156,362,0.0,0.0
2024-08-09 14:50:00-04:00,99.18000030517578,99.23500061035156,99.0999984741211,99.12000274658203,3314,0.0,0.0
2024-08-09 14:51:00-04:00,99.13999938964844,99.16999816894531,99.125,99.16999816894531,840,0.0,0.0
2024-08-09 14:52:00-04:00,99.19999694824219,99.19999694824219,99.19999694824219,99.19999694824219,332,0.0,0.0
2024-08-09 14:53:00-04:00,99.1449966430664,99.1449966430664,99.01000213623047,99.01000213623047,1501,0.0,0.0
2024-08-09 14:54:00-04:00,98.91999816894531,99.0199966430664,98.91999816894531,98.94000244140625,1059,0.0,0.0
2024-08-09 14:56:00-04:00,98.94000244140625,99.0199966430664,98.94000244140625,99.0199966430664,511,0.0,0.0
2024-08-09 14:57:00-04:00,98.94999694824219,99.19000244140625,98.94999694824219,99.19000244140625,2517,0.0,0.0
2024-08-09 14:59:00-04:00,99.12999725341797,99.19000244140625,99.12999725341797,99.19000244140625,818,0.0,0.0
2024-08-09 15:00:00-04:00,99.19499969482422,99.26000213623047,99.19499969482422,99.26000213623047,529,0.0,0.0
2024-08-09 15:01:00-04:00,99.19499969482422,99.19499969482422,99.19499969482422,99.19499969482422,464,0.0,0.0
2024-08-09 15:02:00-04:00,99.12000274658203,99.19499969482422,99.12000274658203,99.12999725341797,1615,0.0,0.0
2024-08-09 15:04:00-04:00,99.16000366210938,99.19999694824219,99.16000366210938,99.19999694824219,1213,0.0,0.0
2024-08-09 15:05:00-04:00,99.17500305175781,99.17500305175781,99.17500305175781,99.17500305175781,206,0.0,0.0
2024-08-09 15:06:00-04:00,99.18000030517578,99.18000030517578,99.11000061035156,99.11000061035156,740,0.0,0.0
2024-08-09 15:07:00-04:00,99.18000030517578,99.18499755859375,99.0999984741211,99.0999984741211,2139,0.0,0.0
2024-08-09 15:08:00-04:00,99.16000366210938,99.23999786376953,99.16000366210938,99.19750213623047,1904,0.0,0.0
2024-08-09 15:09:00-04:00,99.19499969482422,99.19499969482422,99.12000274658203,99.12000274658203,552,0.0,0.0
2024-08-09 15:10:00-04:00,99.19000244140625,99.19000244140625,99.19000244140625,99.19000244140625,290,0.0,0.0
2024-08-09 15:11:00-04:00,99.17500305175781,99.17500305175781,99.17500305175781,99.17500305175781,1005,0.0,0.0
2024-08-09 15:12:00-04:00,99.12000274658203,99.12000274658203,99.12000274658203,99.12000274658203,421,0.0,0.0
2024-08-09 15:13:00-04:00,99.16999816894531,99.18000030517578,99.16999816894531,99.16999816894531,2205,0.0,0.0
2024-08-09 15:14:00-04:00,99.16999816894531,99.20549774169922,99.16500091552734,99.20549774169922,1602,0.0,0.0
2024-08-09 15:15:00-04:00,99.20999908447266,99.26000213623047,99.19999694824219,99.24500274658203,2885,0.0,0.0
2024-08-09 15:16:00-04:00,99.29000091552734,99.29000091552734,99.29000091552734,99.29000091552734,216,0.0,0.0
2024-08-09 15:17:00-04:00,99.23500061035156,99.29000091552734,99.12000274658203,99.16000366210938,1997,0.0,0.0
2024-08-09 15:18:00-04:00,99.1449966430664,99.1449966430664,99.1449966430664,99.1449966430664,606,0.0,0.0
2024-08-09 15:19:00-04:00,99.2300033569336,99.23999786376953,99.16999816894531,99.2300033569336,1480,0.0,0.0
2024-08-09 15:20:00-04:00,99.2300033569336,99.25,99.2300033569336,99.25,1233,0.0,0.0
2024-08-09 15:21:00-04:00,99.20500183105469,99.20500183105469,99.12999725341797,99.12999725341797,1700,0.0,0.0
2024-08-09 15:22:00-04:00,99.1500015258789,99.27999877929688,99.1500015258789,99.27999877929688,2591,0.0,0.0
2024-08-09 15:23:00-04:00,99.28150177001953,99.29000091552734,99.28150177001953,99.29000091552734,545,0.0,0.0
2024-08-09 15:24:00-04:00,99.29000091552734,99.29000091552734,99.20999908447266,99.20999908447266,421,0.0,0.0
2024-08-09 15:25:00-04:00,99.26000213623047,99.27999877929688,99.26000213623047,99.27999877929688,485,0.0,0.0
2024-08-09 15:26:00-04:00,99.23999786376953,99.30999755859375,99.23999786376953,99.29000091552734,3353,0.0,0.0
2024-08-09 15:27:00-04:00,99.29499816894531,99.29499816894531,99.29499816894531,99.29499816894531,200,0.0,0.0
2024-08-09 15:28:00-04:00,99.30500030517578,99.33000183105469,99.27999877929688,99.30999755859375,860,0.0,0.0
2024-08-09 15:29:00-04:00,99.29000091552734,99.29000091552734,99.25,99.25,2843,0.0,0.0
2024-08-09 15:30:00-04:00,99.25,99.25,99.2125015258789,99.2249984741211,1678,0.0,0.0
2024-08-09 15:31:00-04:00,99.22000122070312,99.23500061035156,99.18000030517578,99.19999694824219,2371,0.0,0.0
2024-08-09 15:32:00-04:00,99.23500061035156,99.23500061035156,99.19999694824219,99.19999694824219,919,0.0,0.0
2024-08-09 15:33:00-04:00,99.19999694824219,99.23500061035156,99.19999694824219,99.19999694824219,1468,0.0,0.0
2024-08-09 15:34:00-04:00,99.26000213623047,99.29000091552734,99.25,99.25499725341797,2972,0.0,0.0
2024-08-09 15:35:00-04:00,99.29000091552734,99.30999755859375,99.25499725341797,99.30999755859375,2630,0.0,0.0
2024-08-09 15:36:00-04:00,99.23999786376953,99.25,99.20999908447266,99.20999908447266,1003,0.0,0.0
2024-08-09 15:37:00-04:00,99.25,99.25,99.16000366210938,99.16000366210938,2066,0.0,0.0
2024-08-09 15:38:00-04:00,99.16000366210938,99.16000366210938,99.11000061035156,99.1500015258789,742,0.0,0.0
2024-08-09 15:39:00-04:00,99.19999694824219,99.2300033569336,99.17500305175781,99.19000244140625,3055,0.0,0.0
2024-08-09 15:40:00-04:00,99.16000366210938,99.26000213623047,99.16000366210938,99.22000122070312,3173,0.0,0.0
2024-08-09 15:41:00-04:00,99.23500061035156,99.23500061035156,99.23500061035156,99.23500061035156,427,0.0,0.0
2024-08-09 15:42:00-04:00,99.23999786376953,99.23999786376953,99.16000366210938,99.22000122070312,1111,0.0,0.0
2024-08-09 15:43:00-04:00,99.16999816894531,99.22000122070312,99.13999938964844,99.13999938964844,7021,0.0,0.0
2024-08-09 15:44:00-04:00,99.23999786376953,99.26000213623047,99.20500183105469,99.26000213623047,2674,0.0,0.0
2024-08-09 15:45:00-04:00,99.16999816894531,99.27999877929688,99.16999816894531,99.27999877929688,2130,0.0,0.0
2024-08-09 15:46:00-04:00,99.27999877929688,99.30999755859375,99.19999694824219,99.2300033569336,3674,0.0,0.0
2024-08-09 15:47:00-04:00,99.2300033569336,99.26000213623047,99.16999816894531,99.26000213623047,4187,0.0,0.0
2024-08-09 15:48:00-04:00,99.26000213623047,99.26000213623047,99.23500061035156,99.26000213623047,720,0.0,0.0
2024-08-09 15:49:00-04:00,99.2300033569336,99.23999786376953,99.18499755859375,99.23999786376953,4474,0.0,0.0
2024-08-09 15:50:00-04:00,99.23999786376953,99.31999969482422,99.22000122070312,99.22000122070312,3143,0.0,0.0
2024-08-09 15:51:00-04:00,99.19000244140625,99.19000244140625,99.11000061035156,99.16000366210938,4034,0.0,0.0
2024-08-09 15:52:00-04:00,99.18000030517578,99.23999786376953,99.16999816894531,99.16999816894531,5122,0.0,0.0
2024-08-09 15:53:00-04:00,99.16000366210938,99.16000366210938,99.02999877929688,99.02999877929688,2853,0.0,0.0
2024-08-09 15:54:00-04:00,99.0,99.0,98.93000030517578,98.95999908447266,3499,0.0,0.0
2024-08-09 15:55:00-04:00,98.95999908447266,99.01000213623047,98.95500183105469,99.0,8929,0.0,0.0
2024-08-09 15:56:00-04:00,98.95999908447266,99.08000183105469,98.95999908447266,99.05999755859375,17985,0.0,0.0
2024-08-09 15:57:00-04:00,99.05999755859375,99.1500015258789,99.05999755859375,99.1500015258789,11386,0.0,0.0
2024-08-09 15:58:00-04:00,99.1500015258789,99.1500015258789,99.08000183105469,99.0999984741211,14600,0.0,0.0
2024-08-09 15:59:00-04:00,99.12000274658203,99.26000213623047,99.05000305175781,99.05999755859375,22456,0.0,0.0
